01/01/2020,STS,CA,AWP,WE,Towers with Radar,22,3,12,0,37,0,19,59,0,78,22,22,71,0,115,64,0,64,179
01/02/2020,STS,CA,AWP,WE,Towers with Radar,20,8,14,0,42,0,8,108,0,116,20,16,122,0,158,120,0,120,278
01/03/2020,STS,CA,AWP,WE,Towers with Radar,22,9,12,4,47,0,14,90,1,105,22,23,102,5,152,48,0,48,200
01/04/2020,STS,CA,AWP,WE,Towers with Radar,25,1,16,0,42,0,7,99,0,106,25,8,115,0,148,80,0,80,228
01/05/2020,STS,CA,AWP,WE,Towers with Radar,22,4,16,0,42,0,8,101,0,109,22,12,117,0,151,118,0,118,269
01/06/2020,STS,CA,AWP,WE,Towers with Radar,21,6,10,0,37,0,6,100,0,106,21,12,110,0,143,118,0,118,261
01/07/2020,STS,CA,AWP,WE,Towers with Radar,17,9,15,0,41,0,8,107,6,121,17,17,122,6,162,72,0,72,234
01/08/2020,STS,CA,AWP,WE,Towers with Radar,18,11,22,0,51,0,5,8,0,13,18,16,30,0,64,22,0,22,86
01/09/2020,STS,CA,AWP,WE,Towers with Radar,17,7,14,0,38,0,15,69,0,84,17,22,83,0,122,108,0,108,230
01/10/2020,STS,CA,AWP,WE,Towers with Radar,15,12,17,0,44,0,7,106,0,113,15,19,123,0,157,52,0,52,209
01/11/2020,STS,CA,AWP,WE,Towers with Radar,16,5,8,0,29,0,7,76,2,85,16,12,84,2,114,90,0,90,204
01/12/2020,STS,CA,AWP,WE,Towers with Radar,18,14,18,0,50,0,4,54,0,58,18,18,72,0,108,96,0,96,204
01/13/2020,STS,CA,AWP,WE,Towers with Radar,17,0,31,4,52,0,6,68,2,76,17,6,99,6,128,42,0,42,170
01/14/2020,STS,CA,AWP,WE,Towers with Radar,16,2,17,0,35,0,8,67,0,75,16,10,84,0,110,158,0,158,268
01/15/2020,STS,CA,AWP,WE,Towers with Radar,18,7,11,2,38,0,6,43,6,55,18,13,54,8,93,18,0,18,111
01/16/2020,STS,CA,AWP,WE,Towers with Radar,18,11,30,0,59,0,4,13,0,17,18,15,43,0,76,24,0,24,100
01/17/2020,STS,CA,AWP,WE,Towers with Radar,17,2,24,0,43,0,12,73,0,85,17,14,97,0,128,24,0,24,152
01/18/2020,STS,CA,AWP,WE,Towers with Radar,17,0,9,0,26,0,10,138,0,148,17,10,147,0,174,108,0,108,282
01/19/2020,STS,CA,AWP,WE,Towers with Radar,17,1,18,0,36,0,4,88,0,92,17,5,106,0,128,118,0,118,246
01/20/2020,STS,CA,AWP,WE,Towers with Radar,17,7,20,0,44,0,8,81,0,89,17,15,101,0,133,86,0,86,219
01/21/2020,STS,CA,AWP,WE,Towers with Radar,18,12,27,0,57,0,0,0,0,0,18,12,27,0,57,0,0,0,57
01/22/2020,STS,CA,AWP,WE,Towers with Radar,17,4,19,0,40,0,7,80,0,87,17,11,99,0,127,84,0,84,211
01/23/2020,STS,CA,AWP,WE,Towers with Radar,17,9,20,0,46,3,13,93,1,110,20,22,113,1,156,108,0,108,264
01/24/2020,STS,CA,AWP,WE,Towers with Radar,17,11,31,0,59,0,6,40,0,46,17,17,71,0,105,60,0,60,165
01/25/2020,STS,CA,AWP,WE,Towers with Radar,20,4,21,0,45,0,2,18,0,20,20,6,39,0,65,88,0,88,153
01/26/2020,STS,CA,AWP,WE,Towers with Radar,18,8,12,0,38,0,5,93,2,100,18,13,105,2,138,132,0,132,270
01/27/2020,STS,CA,AWP,WE,Towers with Radar,19,9,16,0,44,0,4,24,0,28,19,13,40,0,72,50,0,50,122
01/28/2020,STS,CA,AWP,WE,Towers with Radar,15,2,20,2,39,0,2,23,2,27,15,4,43,4,66,82,16,98,164
01/29/2020,STS,CA,AWP,WE,Towers with Radar,17,8,22,0,47,0,15,55,0,70,17,23,77,0,117,56,0,56,173
01/30/2020,STS,CA,AWP,WE,Towers with Radar,18,10,13,1,42,0,10,138,3,151,18,20,151,4,193,40,0,40,233
01/31/2020,STS,CA,AWP,WE,Towers with Radar,17,3,22,0,42,0,10,120,6,136,17,13,142,6,178,124,0,124,302
02/01/2020,STS,CA,AWP,WE,Towers with Radar,16,3,7,1,27,0,10,149,1,160,16,13,156,2,187,72,0,72,259
02/02/2020,STS,CA,AWP,WE,Towers with Radar,17,1,12,0,30,0,10,25,0,35,17,11,37,0,65,62,0,62,127
02/03/2020,STS,CA,AWP,WE,Towers with Radar,19,6,17,0,42,0,11,57,0,68,19,17,74,0,110,80,0,80,190
02/04/2020,STS,CA,AWP,WE,Towers with Radar,19,6,10,0,35,0,3,87,0,90,19,9,97,0,125,46,0,46,171
02/05/2020,STS,CA,AWP,WE,Towers with Radar,17,7,9,1,34,0,9,87,2,98,17,16,96,3,132,62,0,62,194
02/06/2020,STS,CA,AWP,WE,Towers with Radar,18,11,10,0,39,0,11,119,0,130,18,22,129,0,169,76,0,76,245
02/07/2020,STS,CA,AWP,WE,Towers with Radar,15,12,14,0,41,0,9,129,0,138,15,21,143,0,179,110,0,110,289
02/08/2020,STS,CA,AWP,WE,Towers with Radar,16,9,11,0,36,0,7,140,2,149,16,16,151,2,185,78,0,78,263
02/09/2020,STS,CA,AWP,WE,Towers with Radar,17,6,9,0,32,0,3,18,0,21,17,9,27,0,53,16,0,16,69
02/10/2020,STS,CA,AWP,WE,Towers with Radar,17,9,19,0,45,0,11,55,5,71,17,20,74,5,116,62,10,72,188
02/11/2020,STS,CA,AWP,WE,Towers with Radar,18,2,12,0,32,0,7,88,6,101,18,9,100,6,133,48,0,48,181
02/12/2020,STS,CA,AWP,WE,Towers with Radar,16,3,20,0,39,0,14,97,0,111,16,17,117,0,150,133,0,133,283
02/13/2020,STS,CA,AWP,WE,Towers with Radar,20,15,25,2,62,0,3,43,0,46,20,18,68,2,108,14,0,14,122
02/14/2020,STS,CA,AWP,WE,Towers with Radar,21,13,18,0,52,0,5,104,2,111,21,18,122,2,163,152,0,152,315
02/15/2020,STS,CA,AWP,WE,Towers with Radar,19,4,9,0,32,0,8,121,0,129,19,12,130,0,161,78,0,78,239
02/16/2020,STS,CA,AWP,WE,Towers with Radar,19,1,8,0,28,0,13,114,0,127,19,14,122,0,155,44,0,44,199
02/17/2020,STS,CA,AWP,WE,Towers with Radar,20,6,20,0,46,0,10,119,2,131,20,16,139,2,177,98,16,114,291
02/18/2020,STS,CA,AWP,WE,Towers with Radar,19,5,10,0,34,0,15,86,9,110,19,20,96,9,144,74,10,84,228
02/19/2020,STS,CA,AWP,WE,Towers with Radar,19,12,9,0,40,0,9,93,0,102,19,21,102,0,142,130,0,130,272
02/20/2020,STS,CA,AWP,WE,Towers with Radar,19,6,16,1,42,0,7,74,1,82,19,13,90,2,124,40,0,40,164
02/21/2020,STS,CA,AWP,WE,Towers with Radar,19,12,24,0,55,0,6,105,6,117,19,18,129,6,172,76,0,76,248
02/22/2020,STS,CA,AWP,WE,Towers with Radar,16,6,12,0,34,0,12,201,6,219,16,18,213,6,253,72,0,72,325
02/23/2020,STS,CA,AWP,WE,Towers with Radar,19,5,15,0,39,0,7,116,0,123,19,12,131,0,162,48,0,48,210
02/24/2020,STS,CA,AWP,WE,Towers with Radar,19,7,15,0,41,0,11,100,0,111,19,18,115,0,152,92,0,92,244
02/25/2020,STS,CA,AWP,WE,Towers with Radar,21,6,13,0,40,0,7,65,0,72,21,13,78,0,112,98,0,98,210
02/26/2020,STS,CA,AWP,WE,Towers with Radar,19,7,24,4,54,0,14,105,1,120,19,21,129,5,174,98,0,98,272
02/27/2020,STS,CA,AWP,WE,Towers with Radar,20,13,16,2,51,0,13,131,0,144,20,26,147,2,195,52,0,52,247
02/28/2020,STS,CA,AWP,WE,Towers with Radar,19,7,8,1,35,0,16,132,4,152,19,23,140,5,187,154,0,154,341
02/29/2020,STS,CA,AWP,WE,Towers with Radar,19,10,10,0,39,0,4,102,0,106,19,14,112,0,145,76,0,76,221
03/01/2020,STS,CA,AWP,WE,Towers with Radar,19,6,9,0,34,0,3,67,0,70,19,9,76,0,104,92,0,92,196
03/02/2020,STS,CA,AWP,WE,Towers with Radar,19,5,7,0,31,0,4,58,0,62,19,9,65,0,93,36,0,36,129
03/03/2020,STS,CA,AWP,WE,Towers with Radar,19,5,12,0,36,0,11,119,1,131,19,16,131,1,167,148,0,148,315
03/04/2020,STS,CA,AWP,WE,Towers with Radar,20,5,10,0,35,0,7,106,0,113,20,12,116,0,148,148,0,148,296
03/05/2020,STS,CA,AWP,WE,Towers with Radar,19,8,31,0,58,0,5,39,0,44,19,13,70,0,102,166,0,166,268
03/06/2020,STS,CA,AWP,WE,Towers with Radar,19,25,31,0,75,0,9,16,5,30,19,34,47,5,105,26,0,26,131
03/07/2020,STS,CA,AWP,WE,Towers with Radar,18,6,11,0,35,0,13,36,0,49,18,19,47,0,84,38,0,38,122
03/08/2020,STS,CA,AWP,WE,Towers with Radar,19,13,21,0,53,0,4,70,0,74,19,17,91,0,127,118,0,118,245
03/09/2020,STS,CA,AWP,WE,Towers with Radar,19,9,7,1,36,0,4,107,3,114,19,13,114,4,150,122,12,134,284
03/10/2020,STS,CA,AWP,WE,Towers with Radar,18,3,19,0,40,0,6,67,0,73,18,9,86,0,113,54,0,54,167
03/11/2020,STS,CA,AWP,WE,Towers with Radar,18,7,13,0,38,0,7,125,0,132,18,14,138,0,170,132,0,132,302
03/12/2020,STS,CA,AWP,WE,Towers with Radar,18,9,10,0,37,0,2,92,0,94,18,11,102,0,131,62,0,62,193
03/13/2020,STS,CA,AWP,WE,Towers with Radar,17,12,41,0,70,0,5,30,0,35,17,17,71,0,105,74,0,74,179
03/14/2020,STS,CA,AWP,WE,Towers with Radar,19,3,12,0,34,0,8,24,0,32,19,11,36,0,66,58,0,58,124
03/15/2020,STS,CA,AWP,WE,Towers with Radar,19,9,13,0,41,0,8,27,0,35,19,17,40,0,76,56,0,56,132
03/16/2020,STS,CA,AWP,WE,Towers with Radar,17,14,14,0,45,0,9,38,0,47,17,23,52,0,92,118,0,118,210
03/17/2020,STS,CA,AWP,WE,Towers with Radar,19,9,11,0,39,0,6,56,0,62,19,15,67,0,101,134,0,134,235
03/18/2020,STS,CA,AWP,WE,Towers with Radar,19,7,14,0,40,0,5,9,0,14,19,12,23,0,54,36,0,36,90
03/19/2020,STS,CA,AWP,WE,Towers with Radar,17,5,12,0,34,0,8,64,0,72,17,13,76,0,106,58,0,58,164
03/20/2020,STS,CA,AWP,WE,Towers with Radar,22,4,5,0,31,0,15,72,0,87,22,19,77,0,118,74,0,74,192
03/21/2020,STS,CA,AWP,WE,Towers with Radar,17,3,5,0,25,0,9,102,0,111,17,12,107,0,136,126,0,126,262
03/22/2020,STS,CA,AWP,WE,Towers with Radar,18,0,2,0,20,0,5,59,5,69,18,5,61,5,89,106,0,106,195
03/23/2020,STS,CA,AWP,WE,Towers with Radar,18,1,15,0,34,0,3,23,1,27,18,4,38,1,61,108,10,118,179
03/24/2020,STS,CA,AWP,WE,Towers with Radar,18,0,3,0,21,0,5,5,0,10,18,5,8,0,31,48,0,48,79
03/25/2020,STS,CA,AWP,WE,Towers with Radar,20,1,9,0,30,0,5,24,0,29,20,6,33,0,59,26,0,26,85
03/26/2020,STS,CA,AWP,WE,Towers with Radar,20,2,7,2,31,0,8,59,0,67,20,10,66,2,98,66,0,66,164
03/27/2020,STS,CA,AWP,WE,Towers with Radar,19,2,3,0,24,0,10,71,0,81,19,12,74,0,105,78,0,78,183
03/28/2020,STS,CA,AWP,WE,Towers with Radar,13,0,8,0,21,0,2,4,0,6,13,2,12,0,27,22,0,22,49
03/29/2020,STS,CA,AWP,WE,Towers with Radar,13,1,11,0,25,0,6,7,0,13,13,7,18,0,38,20,0,20,58
03/30/2020,STS,CA,AWP,WE,Towers with Radar,19,3,20,0,42,0,4,2,0,6,19,7,22,0,48,10,0,10,58
03/31/2020,STS,CA,AWP,WE,Towers with Radar,10,1,8,0,19,0,2,40,0,42,10,3,48,0,61,16,2,18,79
04/01/2020,STS,CA,AWP,WE,Towers with Radar,6,3,10,0,19,0,8,55,0,63,6,11,65,0,82,46,0,46,128
04/02/2020,STS,CA,AWP,WE,Towers with Radar,8,3,10,0,21,0,9,64,2,75,8,12,74,2,96,92,2,94,190
04/03/2020,STS,CA,AWP,WE,Towers with Radar,6,4,3,0,13,0,10,80,0,90,6,14,83,0,103,72,0,72,175
04/04/2020,STS,CA,AWP,WE,Towers with Radar,8,2,8,0,18,0,3,5,0,8,8,5,13,0,26,14,0,14,40
04/05/2020,STS,CA,AWP,WE,Towers with Radar,5,0,1,0,6,0,2,11,0,13,5,2,12,0,19,6,0,6,25
04/06/2020,STS,CA,AWP,WE,Towers with Radar,8,0,5,0,13,0,4,19,0,23,8,4,24,0,36,28,10,38,74
04/07/2020,STS,CA,AWP,WE,Towers with Radar,11,5,2,2,20,0,5,36,3,44,11,10,38,5,64,52,0,52,116
04/08/2020,STS,CA,AWP,WE,Towers with Radar,11,0,6,0,17,0,8,53,10,71,11,8,59,10,88,58,0,58,146
04/09/2020,STS,CA,AWP,WE,Towers with Radar,9,4,7,0,20,0,5,27,0,32,9,9,34,0,52,62,0,62,114
04/10/2020,STS,CA,AWP,WE,Towers with Radar,6,1,8,0,15,0,6,56,0,62,6,7,64,0,77,60,0,60,137
04/11/2020,STS,CA,AWP,WE,Towers with Radar,7,1,22,0,30,0,2,11,0,13,7,3,33,0,43,0,0,0,43
04/12/2020,STS,CA,AWP,WE,Towers with Radar,6,0,34,0,40,0,3,29,0,32,6,3,63,0,72,74,0,74,146
04/13/2020,STS,CA,AWP,WE,Towers with Radar,12,2,12,0,26,0,6,78,0,84,12,8,90,0,110,50,0,50,160
04/14/2020,STS,CA,AWP,WE,Towers with Radar,4,0,5,0,9,0,2,87,0,89,4,2,92,0,98,100,0,100,198
04/15/2020,STS,CA,AWP,WE,Towers with Radar,6,4,10,1,21,0,10,73,0,83,6,14,83,1,104,78,0,78,182
04/16/2020,STS,CA,AWP,WE,Towers with Radar,4,3,8,0,15,0,10,53,0,63,4,13,61,0,78,54,0,54,132
04/17/2020,STS,CA,AWP,WE,Towers with Radar,6,3,6,0,15,0,13,8,0,21,6,16,14,0,36,14,0,14,50
04/18/2020,STS,CA,AWP,WE,Towers with Radar,3,1,20,0,24,0,13,39,0,52,3,14,59,0,76,54,0,54,130
04/19/2020,STS,CA,AWP,WE,Towers with Radar,7,2,6,0,15,0,8,36,0,44,7,10,42,0,59,50,0,50,109
04/20/2020,STS,CA,AWP,WE,Towers with Radar,4,3,11,0,18,0,6,18,0,24,4,9,29,0,42,12,0,12,54
04/21/2020,STS,CA,AWP,WE,Towers with Radar,6,0,9,0,15,0,8,93,0,101,6,8,102,0,116,48,0,48,164
04/22/2020,STS,CA,AWP,WE,Towers with Radar,4,0,2,0,6,0,3,84,0,87,4,3,86,0,93,28,0,28,121
04/23/2020,STS,CA,AWP,WE,Towers with Radar,4,6,10,1,21,0,11,72,1,84,4,17,82,2,105,24,0,24,129
04/24/2020,STS,CA,AWP,WE,Towers with Radar,4,0,12,0,16,0,7,67,0,74,4,7,79,0,90,24,0,24,114
04/25/2020,STS,CA,AWP,WE,Towers with Radar,4,3,4,0,11,0,8,61,0,69,4,11,65,0,80,46,0,46,126
04/26/2020,STS,CA,AWP,WE,Towers with Radar,4,2,6,0,12,0,2,97,0,99,4,4,103,0,111,41,0,41,152
04/27/2020,STS,CA,AWP,WE,Towers with Radar,4,3,7,0,14,0,9,49,0,58,4,12,56,0,72,14,0,14,86
04/28/2020,STS,CA,AWP,WE,Towers with Radar,4,3,5,2,14,0,5,67,0,72,4,8,72,2,86,40,0,40,126
04/29/2020,STS,CA,AWP,WE,Towers with Radar,4,7,11,0,22,0,8,35,0,43,4,15,46,0,65,56,0,56,121
04/30/2020,STS,CA,AWP,WE,Towers with Radar,3,2,14,0,19,0,12,66,0,78,3,14,80,0,97,30,0,30,127
05/01/2020,STS,CA,AWP,WE,Towers with Radar,3,7,5,0,15,0,3,72,4,79,3,10,77,4,94,24,4,28,122
05/02/2020,STS,CA,AWP,WE,Towers with Radar,3,0,17,0,20,0,1,35,0,36,3,1,52,0,56,88,0,88,144
05/03/2020,STS,CA,AWP,WE,Towers with Radar,2,1,4,0,7,0,2,74,0,76,2,3,78,0,83,22,0,22,105
05/04/2020,STS,CA,AWP,WE,Towers with Radar,4,0,2,0,6,0,9,29,2,40,4,9,31,2,46,32,0,32,78
05/05/2020,STS,CA,AWP,WE,Towers with Radar,3,2,3,0,8,0,5,48,1,54,3,7,51,1,62,130,0,130,192
05/06/2020,STS,CA,AWP,WE,Towers with Radar,4,8,5,0,17,0,3,52,0,55,4,11,57,0,72,90,0,90,162
05/07/2020,STS,CA,AWP,WE,Towers with Radar,2,1,5,0,8,0,8,59,0,67,2,9,64,0,75,54,0,54,129
05/08/2020,STS,CA,AWP,WE,Towers with Radar,4,0,13,0,17,0,3,57,0,60,4,3,70,0,77,108,0,108,185
05/09/2020,STS,CA,AWP,WE,Towers with Radar,0,1,10,0,11,0,0,48,0,48,0,1,58,0,59,96,0,96,155
05/10/2020,STS,CA,AWP,WE,Towers with Radar,2,5,12,2,21,0,0,25,0,25,2,5,37,2,46,14,0,14,60
05/11/2020,STS,CA,AWP,WE,Towers with Radar,6,8,15,0,29,0,2,7,0,9,6,10,22,0,38,14,0,14,52
05/12/2020,STS,CA,AWP,WE,Towers with Radar,0,2,13,0,15,0,1,18,0,19,0,3,31,0,34,50,0,50,84
05/13/2020,STS,CA,AWP,WE,Towers with Radar,5,1,11,0,17,0,1,0,0,1,5,2,11,0,18,0,0,0,18
05/14/2020,STS,CA,AWP,WE,Towers with Radar,2,2,6,0,10,0,0,11,0,11,2,2,17,0,21,38,0,38,59
05/15/2020,STS,CA,AWP,WE,Towers with Radar,5,5,9,0,19,0,7,107,0,114,5,12,116,0,133,48,10,58,191
05/16/2020,STS,CA,AWP,WE,Towers with Radar,0,5,15,0,20,0,3,63,0,66,0,8,78,0,86,70,0,70,156
05/17/2020,STS,CA,AWP,WE,Towers with Radar,3,5,11,0,19,0,1,9,0,10,3,6,20,0,29,2,0,2,31
05/18/2020,STS,CA,AWP,WE,Towers with Radar,6,2,11,0,19,0,0,6,3,9,6,2,17,3,28,32,0,32,60
05/19/2020,STS,CA,AWP,WE,Towers with Radar,1,6,7,0,14,0,5,52,0,57,1,11,59,0,71,30,0,30,101
05/20/2020,STS,CA,AWP,WE,Towers with Radar,11,7,3,0,21,0,3,46,1,50,11,10,49,1,71,40,0,40,111
05/21/2020,STS,CA,AWP,WE,Towers with Radar,3,4,8,0,15,0,10,51,0,61,3,14,59,0,76,44,0,44,120
05/22/2020,STS,CA,AWP,WE,Towers with Radar,8,5,8,0,21,0,3,100,0,103,8,8,108,0,124,110,0,110,234
05/23/2020,STS,CA,AWP,WE,Towers with Radar,1,2,8,0,11,0,6,101,0,107,1,8,109,0,118,42,0,42,160
05/24/2020,STS,CA,AWP,WE,Towers with Radar,7,1,5,0,13,0,5,72,0,77,7,6,77,0,90,82,0,82,172
05/25/2020,STS,CA,AWP,WE,Towers with Radar,8,5,5,0,18,0,1,89,0,90,8,6,94,0,108,104,0,104,212
05/26/2020,STS,CA,AWP,WE,Towers with Radar,3,1,12,0,16,0,1,58,0,59,3,2,70,0,75,82,0,82,157
05/27/2020,STS,CA,AWP,WE,Towers with Radar,5,7,6,0,18,0,2,71,2,75,5,9,77,2,93,38,0,38,131
05/28/2020,STS,CA,AWP,WE,Towers with Radar,3,5,5,0,13,0,13,87,0,100,3,18,92,0,113,30,0,30,143
05/29/2020,STS,CA,AWP,WE,Towers with Radar,8,6,14,1,29,0,3,55,0,58,8,9,69,1,87,76,0,76,163
05/30/2020,STS,CA,AWP,WE,Towers with Radar,0,6,8,0,14,0,1,20,0,21,0,7,28,0,35,42,0,42,77
05/31/2020,STS,CA,AWP,WE,Towers with Radar,6,10,12,0,28,0,2,44,0,46,6,12,56,0,74,24,0,24,98
06/01/2020,STS,CA,AWP,WE,Towers with Radar,9,7,19,2,37,0,8,64,0,72,9,15,83,2,109,64,0,64,173
06/02/2020,STS,CA,AWP,WE,Towers with Radar,5,2,11,0,18,0,15,74,0,89,5,17,85,0,107,76,0,76,183
06/03/2020,STS,CA,AWP,WE,Towers with Radar,9,5,18,0,32,0,8,86,0,94,9,13,104,0,126,76,0,76,202
06/04/2020,STS,CA,AWP,WE,Towers with Radar,5,3,15,0,23,0,8,83,0,91,5,11,98,0,114,58,0,58,172
06/05/2020,STS,CA,AWP,WE,Towers with Radar,7,8,11,0,26,0,8,77,0,85,7,16,88,0,111,46,0,46,157
06/06/2020,STS,CA,AWP,WE,Towers with Radar,6,5,5,0,16,0,8,51,1,60,6,13,56,1,76,56,0,56,132
06/07/2020,STS,CA,AWP,WE,Towers with Radar,7,8,12,0,27,0,4,62,0,66,7,12,74,0,93,42,0,42,135
06/08/2020,STS,CA,AWP,WE,Towers with Radar,6,4,6,0,16,0,16,40,0,56,6,20,46,0,72,20,0,20,92
06/09/2020,STS,CA,AWP,WE,Towers with Radar,7,5,5,0,17,0,37,92,0,129,7,42,97,0,146,26,0,26,172
06/10/2020,STS,CA,AWP,WE,Towers with Radar,7,3,6,0,16,0,19,64,0,83,7,22,70,0,99,56,0,56,155
06/11/2020,STS,CA,AWP,WE,Towers with Radar,7,3,11,0,21,0,14,72,0,86,7,17,83,0,107,72,0,72,179
06/12/2020,STS,CA,AWP,WE,Towers with Radar,8,7,18,2,35,0,4,68,0,72,8,11,86,2,107,62,0,62,169
06/13/2020,STS,CA,AWP,WE,Towers with Radar,6,6,11,0,23,0,19,56,0,75,6,25,67,0,98,96,0,96,194
06/14/2020,STS,CA,AWP,WE,Towers with Radar,7,12,10,0,29,0,5,81,0,86,7,17,91,0,115,106,0,106,221
06/15/2020,STS,CA,AWP,WE,Towers with Radar,8,5,10,0,23,0,2,79,0,81,8,7,89,0,104,82,0,82,186
06/16/2020,STS,CA,AWP,WE,Towers with Radar,7,12,8,0,27,0,15,64,0,79,7,27,72,0,106,60,0,60,166
06/17/2020,STS,CA,AWP,WE,Towers with Radar,8,2,9,0,19,0,31,88,0,119,8,33,97,0,138,102,0,102,240
06/18/2020,STS,CA,AWP,WE,Towers with Radar,7,8,10,0,25,0,9,70,0,79,7,17,80,0,104,54,0,54,158
06/19/2020,STS,CA,AWP,WE,Towers with Radar,6,13,9,0,28,0,6,90,0,96,6,19,99,0,124,103,0,103,227
06/20/2020,STS,CA,AWP,WE,Towers with Radar,7,8,28,0,43,0,18,62,0,80,7,26,90,0,123,4,0,4,127
06/21/2020,STS,CA,AWP,WE,Towers with Radar,7,4,9,0,20,0,9,82,0,91,7,13,91,0,111,54,0,54,165
06/22/2020,STS,CA,AWP,WE,Towers with Radar,6,4,13,0,23,0,14,83,0,97,6,18,96,0,120,42,0,42,162
06/23/2020,STS,CA,AWP,WE,Towers with Radar,6,10,18,0,34,0,8,91,4,103,6,18,109,4,137,84,0,84,221
06/24/2020,STS,CA,AWP,WE,Towers with Radar,6,10,18,0,34,0,5,67,1,73,6,15,85,1,107,22,0,22,129
06/25/2020,STS,CA,AWP,WE,Towers with Radar,7,7,16,1,31,0,8,62,3,73,7,15,78,4,104,110,0,110,214
06/26/2020,STS,CA,AWP,WE,Towers with Radar,8,10,15,0,33,0,18,72,0,90,8,28,87,0,123,90,0,90,213
06/27/2020,STS,CA,AWP,WE,Towers with Radar,7,6,20,0,33,0,8,46,0,54,7,14,66,0,87,40,0,40,127
06/28/2020,STS,CA,AWP,WE,Towers with Radar,7,7,18,0,32,0,14,68,0,82,7,21,86,0,114,114,0,114,228
06/29/2020,STS,CA,AWP,WE,Towers with Radar,7,9,15,0,31,0,4,82,0,86,7,13,97,0,117,136,0,136,253
06/30/2020,STS,CA,AWP,WE,Towers with Radar,6,10,14,0,30,0,10,83,2,95,6,20,97,2,125,132,0,132,257
07/01/2020,STS,CA,AWP,WE,Towers with Radar,10,6,10,0,26,0,5,83,4,92,10,11,93,4,118,54,0,54,172
07/02/2020,STS,CA,AWP,WE,Towers with Radar,9,9,10,0,28,0,10,53,0,63,9,19,63,0,91,80,0,80,171
07/03/2020,STS,CA,AWP,WE,Towers with Radar,10,7,17,0,34,0,7,62,1,70,10,14,79,1,104,42,0,42,146
07/04/2020,STS,CA,AWP,WE,Towers with Radar,9,10,3,0,22,0,12,61,0,73,9,22,64,0,95,18,0,18,113
07/05/2020,STS,CA,AWP,WE,Towers with Radar,11,11,15,0,37,0,14,71,0,85,11,25,86,0,122,74,0,74,196
07/06/2020,STS,CA,AWP,WE,Towers with Radar,9,6,11,0,26,0,18,72,0,90,9,24,83,0,116,44,0,44,160
07/07/2020,STS,CA,AWP,WE,Towers with Radar,11,7,9,0,27,0,17,84,0,101,11,24,93,0,128,50,0,50,178
07/08/2020,STS,CA,AWP,WE,Towers with Radar,12,4,8,0,24,0,11,90,0,101,12,15,98,0,125,134,0,134,259
07/09/2020,STS,CA,AWP,WE,Towers with Radar,11,7,16,0,34,0,11,98,4,113,11,18,114,4,147,68,0,68,215
07/10/2020,STS,CA,AWP,WE,Towers with Radar,11,4,7,8,30,0,9,75,5,89,11,13,82,13,119,64,0,64,183
07/11/2020,STS,CA,AWP,WE,Towers with Radar,11,9,6,0,26,0,4,105,0,109,11,13,111,0,135,158,0,158,293
07/12/2020,STS,CA,AWP,WE,Towers with Radar,12,10,11,0,33,0,11,88,2,101,12,21,99,2,134,100,0,100,234
07/13/2020,STS,CA,AWP,WE,Towers with Radar,12,9,8,0,29,0,7,66,1,74,12,16,74,1,103,62,0,62,165
07/14/2020,STS,CA,AWP,WE,Towers with Radar,10,1,14,0,25,0,13,76,4,93,10,14,90,4,118,56,0,56,174
07/15/2020,STS,CA,AWP,WE,Towers with Radar,13,7,12,0,32,0,11,50,10,71,13,18,62,10,103,48,12,60,163
07/16/2020,STS,CA,AWP,WE,Towers with Radar,12,9,29,1,51,0,2,71,2,75,12,11,100,3,126,44,0,44,170
07/17/2020,STS,CA,AWP,WE,Towers with Radar,11,3,21,0,35,0,12,57,1,70,11,15,78,1,105,54,0,54,159
07/18/2020,STS,CA,AWP,WE,Towers with Radar,11,3,14,0,28,0,3,62,0,65,11,6,76,0,93,42,0,42,135
07/19/2020,STS,CA,AWP,WE,Towers with Radar,12,11,18,0,41,0,7,66,0,73,12,18,84,0,114,88,0,88,202
07/20/2020,STS,CA,AWP,WE,Towers with Radar,12,7,23,0,42,0,1,75,3,79,12,8,98,3,121,18,0,18,139
07/21/2020,STS,CA,AWP,WE,Towers with Radar,12,3,23,0,38,0,4,71,2,77,12,7,94,2,115,82,0,82,197
07/22/2020,STS,CA,AWP,WE,Towers with Radar,15,4,19,0,38,0,9,64,0,73,15,13,83,0,111,114,0,114,225
07/23/2020,STS,CA,AWP,WE,Towers with Radar,11,11,17,0,39,0,7,74,0,81,11,18,91,0,120,96,0,96,216
07/24/2020,STS,CA,AWP,WE,Towers with Radar,11,9,16,2,38,0,9,73,1,83,11,18,89,3,121,56,0,56,177
07/25/2020,STS,CA,AWP,WE,Towers with Radar,13,13,17,0,43,0,11,68,0,79,13,24,85,0,122,66,0,66,188
07/26/2020,STS,CA,AWP,WE,Towers with Radar,13,8,29,0,50,0,7,77,0,84,13,15,106,0,134,50,0,50,184
07/27/2020,STS,CA,AWP,WE,Towers with Radar,12,7,23,2,44,0,11,61,0,72,12,18,84,2,116,48,0,48,164
07/28/2020,STS,CA,AWP,WE,Towers with Radar,9,4,18,0,31,0,17,68,0,85,9,21,86,0,116,32,0,32,148
07/29/2020,STS,CA,AWP,WE,Towers with Radar,12,11,12,1,36,0,8,73,5,86,12,19,85,6,122,46,0,46,168
07/30/2020,STS,CA,AWP,WE,Towers with Radar,9,10,13,1,33,0,3,66,2,71,9,13,79,3,104,38,0,38,142
07/31/2020,STS,CA,AWP,WE,Towers with Radar,11,6,19,0,36,0,2,74,0,76,11,8,93,0,112,58,0,58,170
08/01/2020,STS,CA,AWP,WE,Towers with Radar,8,8,14,0,30,0,3,95,0,98,8,11,109,0,128,92,0,92,220
08/02/2020,STS,CA,AWP,WE,Towers with Radar,9,5,13,0,27,0,5,73,0,78,9,10,86,0,105,36,0,36,141
08/03/2020,STS,CA,AWP,WE,Towers with Radar,9,6,16,0,31,0,13,82,3,98,9,19,98,3,129,28,4,32,161
08/04/2020,STS,CA,AWP,WE,Towers with Radar,9,2,14,0,25,0,7,42,0,49,9,9,56,0,74,43,0,43,117
08/05/2020,STS,CA,AWP,WE,Towers with Radar,8,7,20,0,35,0,6,59,0,65,8,13,79,0,100,34,0,34,134
08/06/2020,STS,CA,AWP,WE,Towers with Radar,8,11,16,0,35,0,7,53,0,60,8,18,69,0,95,66,0,66,161
08/07/2020,STS,CA,AWP,WE,Towers with Radar,7,5,16,0,28,0,7,93,0,100,7,12,109,0,128,66,0,66,194
08/08/2020,STS,CA,AWP,WE,Towers with Radar,8,5,17,0,30,0,18,81,0,99,8,23,98,0,129,52,0,52,181
08/09/2020,STS,CA,AWP,WE,Towers with Radar,9,6,9,0,24,0,10,80,0,90,9,16,89,0,114,62,0,62,176
08/10/2020,STS,CA,AWP,WE,Towers with Radar,9,4,12,0,25,0,6,65,0,71,9,10,77,0,96,34,0,34,130
08/11/2020,STS,CA,AWP,WE,Towers with Radar,8,15,23,0,46,0,6,48,0,54,8,21,71,0,100,20,0,20,120
08/12/2020,STS,CA,AWP,WE,Towers with Radar,9,5,19,0,33,0,5,61,0,66,9,10,80,0,99,100,0,100,199
08/13/2020,STS,CA,AWP,WE,Towers with Radar,8,9,9,0,26,0,17,90,3,110,8,26,99,3,136,160,0,160,296
08/14/2020,STS,CA,AWP,WE,Towers with Radar,7,5,9,0,21,0,4,73,2,79,7,9,82,2,100,80,0,80,180
08/15/2020,STS,CA,AWP,WE,Towers with Radar,8,14,9,0,31,0,9,69,0,78,8,23,78,0,109,66,0,66,175
08/16/2020,STS,CA,AWP,WE,Towers with Radar,9,10,15,0,34,0,13,43,2,58,9,23,58,2,92,26,0,26,118
08/17/2020,STS,CA,AWP,WE,Towers with Radar,7,6,13,0,26,0,54,34,0,88,7,60,47,0,114,2,0,2,116
08/18/2020,STS,CA,AWP,WE,Towers with Radar,5,7,17,0,29,0,46,57,1,104,5,53,74,1,133,38,0,38,171
08/19/2020,STS,CA,AWP,WE,Towers with Radar,10,12,22,1,45,0,58,51,12,121,10,70,73,13,166,24,10,34,200
08/20/2020,STS,CA,AWP,WE,Towers with Radar,7,7,11,0,25,0,74,23,6,103,7,81,34,6,128,12,0,12,140
08/21/2020,STS,CA,AWP,WE,Towers with Radar,12,7,15,1,35,0,154,52,6,212,12,161,67,7,247,36,0,36,283
08/22/2020,STS,CA,AWP,WE,Towers with Radar,7,12,14,1,34,0,68,44,2,114,7,80,58,3,148,52,0,52,200
08/23/2020,STS,CA,AWP,WE,Towers with Radar,12,11,21,4,48,0,21,22,5,48,12,32,43,9,96,6,0,6,102
08/24/2020,STS,CA,AWP,WE,Towers with Radar,11,11,13,4,39,0,36,16,0,52,11,47,29,4,91,4,0,4,95
08/25/2020,STS,CA,AWP,WE,Towers with Radar,15,19,10,0,44,0,44,36,0,80,15,63,46,0,124,46,0,46,170
08/26/2020,STS,CA,AWP,WE,Towers with Radar,15,14,21,0,50,0,25,26,0,51,15,39,47,0,101,110,0,110,211
08/27/2020,STS,CA,AWP,WE,Towers with Radar,14,13,23,0,50,0,32,59,0,91,14,45,82,0,141,72,0,72,213
08/28/2020,STS,CA,AWP,WE,Towers with Radar,15,8,24,0,47,0,12,48,0,60,15,20,72,0,107,38,0,38,145
08/29/2020,STS,CA,AWP,WE,Towers with Radar,11,8,28,0,47,0,12,57,0,69,11,20,85,0,116,42,0,42,158
08/30/2020,STS,CA,AWP,WE,Towers with Radar,15,7,21,0,43,0,6,28,0,34,15,13,49,0,77,24,0,24,101
08/31/2020,STS,CA,AWP,WE,Towers with Radar,13,9,10,0,32,0,4,49,0,53,13,13,59,0,85,70,0,70,155
09/01/2020,STS,CA,AWP,WE,Towers with Radar,11,2,16,0,29,0,12,36,0,48,11,14,52,0,77,108,0,108,185
09/02/2020,STS,CA,AWP,WE,Towers with Radar,12,6,17,0,35,0,6,44,0,50,12,12,61,0,85,80,0,80,165
09/03/2020,STS,CA,AWP,WE,Towers with Radar,11,5,16,0,32,0,4,46,0,50,11,9,62,0,82,42,0,42,124
09/04/2020,STS,CA,AWP,WE,Towers with Radar,14,10,17,0,41,0,12,69,0,81,14,22,86,0,122,36,0,36,158
09/05/2020,STS,CA,AWP,WE,Towers with Radar,15,6,10,0,31,0,11,76,0,87,15,17,86,0,118,70,0,70,188
09/06/2020,STS,CA,AWP,WE,Towers with Radar,12,5,7,0,24,0,15,52,0,67,12,20,59,0,91,66,0,66,157
09/07/2020,STS,CA,AWP,WE,Towers with Radar,15,8,14,0,37,0,18,39,0,57,15,26,53,0,94,32,0,32,126
09/08/2020,STS,CA,AWP,WE,Towers with Radar,13,11,18,0,42,0,3,17,0,20,13,14,35,0,62,58,0,58,120
09/09/2020,STS,CA,AWP,WE,Towers with Radar,14,13,18,0,45,0,2,1,0,3,14,15,19,0,48,0,0,0,48
09/10/2020,STS,CA,AWP,WE,Towers with Radar,13,15,26,0,54,0,0,0,0,0,13,15,26,0,54,0,0,0,54
09/11/2020,STS,CA,AWP,WE,Towers with Radar,14,17,11,0,42,0,0,0,0,0,14,17,11,0,42,0,0,0,42
09/12/2020,STS,CA,AWP,WE,Towers with Radar,14,18,28,0,60,0,0,0,0,0,14,18,28,0,60,0,0,0,60
09/13/2020,STS,CA,AWP,WE,Towers with Radar,13,15,20,0,48,0,6,0,0,6,13,21,20,0,54,0,0,0,54
09/14/2020,STS,CA,AWP,WE,Towers with Radar,12,10,28,0,50,0,11,6,0,17,12,21,34,0,67,2,0,2,69
09/15/2020,STS,CA,AWP,WE,Towers with Radar,9,6,18,0,33,0,4,59,0,63,9,10,77,0,96,46,0,46,142
09/16/2020,STS,CA,AWP,WE,Towers with Radar,12,11,28,0,51,0,16,74,0,90,12,27,102,0,141,64,0,64,205
09/17/2020,STS,CA,AWP,WE,Towers with Radar,12,9,25,0,46,0,28,105,0,133,12,37,130,0,179,98,0,98,277
09/18/2020,STS,CA,AWP,WE,Towers with Radar,13,13,20,0,46,0,5,75,0,80,13,18,95,0,126,18,0,18,144
09/19/2020,STS,CA,AWP,WE,Towers with Radar,14,10,13,0,37,1,29,80,0,110,15,39,93,0,147,78,0,78,225
09/20/2020,STS,CA,AWP,WE,Towers with Radar,12,13,10,0,35,0,7,63,0,70,12,20,73,0,105,80,0,80,185
09/21/2020,STS,CA,AWP,WE,Towers with Radar,14,18,19,0,51,0,8,55,0,63,14,26,74,0,114,84,0,84,198
09/22/2020,STS,CA,AWP,WE,Towers with Radar,14,13,4,0,31,0,13,96,0,109,14,26,100,0,140,116,0,116,256
09/23/2020,STS,CA,AWP,WE,Towers with Radar,14,8,13,0,35,0,30,91,0,121,14,38,104,0,156,84,0,84,240
09/24/2020,STS,CA,AWP,WE,Towers with Radar,13,4,24,1,42,0,16,117,0,133,13,20,141,1,175,114,0,114,289
09/25/2020,STS,CA,AWP,WE,Towers with Radar,14,7,12,0,33,0,18,103,2,123,14,25,115,2,156,66,0,66,222
09/26/2020,STS,CA,AWP,WE,Towers with Radar,14,12,12,0,38,0,7,106,9,122,14,19,118,9,160,126,0,126,286
09/27/2020,STS,CA,AWP,WE,Towers with Radar,15,13,20,0,48,0,181,61,0,242,15,194,81,0,290,14,0,14,304
09/28/2020,STS,CA,AWP,WE,Towers with Radar,17,16,17,0,50,0,89,13,0,102,17,105,30,0,152,0,0,0,152
09/29/2020,STS,CA,AWP,WE,Towers with Radar,15,10,8,1,34,0,6,37,1,44,15,16,45,2,78,34,0,34,112
09/30/2020,STS,CA,AWP,WE,Towers with Radar,14,9,19,0,42,0,10,42,0,52,14,19,61,0,94,80,0,80,174
10/01/2020,STS,CA,AWP,WE,Towers with Radar,14,19,32,0,65,0,2,2,0,4,14,21,34,0,69,16,0,16,85
10/02/2020,STS,CA,AWP,WE,Towers with Radar,13,16,20,0,49,0,0,0,0,0,13,16,20,0,49,4,0,4,53
10/03/2020,STS,CA,AWP,WE,Towers with Radar,15,11,14,0,40,0,132,45,0,177,15,143,59,0,217,52,0,52,269
10/04/2020,STS,CA,AWP,WE,Towers with Radar,14,8,12,0,34,0,84,66,0,150,14,92,78,0,184,72,0,72,256
10/05/2020,STS,CA,AWP,WE,Towers with Radar,13,5,15,0,33,0,27,78,0,105,13,32,93,0,138,116,0,116,254
10/06/2020,STS,CA,AWP,WE,Towers with Radar,16,6,16,0,38,0,26,87,0,113,16,32,103,0,151,90,0,90,241
10/07/2020,STS,CA,AWP,WE,Towers with Radar,16,11,23,1,51,0,9,71,17,97,16,20,94,18,148,66,0,66,214
10/08/2020,STS,CA,AWP,WE,Towers with Radar,16,22,31,0,69,0,14,40,0,54,16,36,71,0,123,100,0,100,223
10/09/2020,STS,CA,AWP,WE,Towers with Radar,15,13,24,0,52,0,8,85,0,93,15,21,109,0,145,140,0,140,285
10/10/2020,STS,CA,AWP,WE,Towers with Radar,16,8,23,0,47,0,10,3,0,13,16,18,26,0,60,0,0,0,60
10/11/2020,STS,CA,AWP,WE,Towers with Radar,16,17,8,0,41,0,11,110,0,121,16,28,118,0,162,130,0,130,292
10/12/2020,STS,CA,AWP,WE,Towers with Radar,16,6,25,0,47,0,14,75,0,89,16,20,100,0,136,78,0,78,214
10/13/2020,STS,CA,AWP,WE,Towers with Radar,18,1,8,0,27,0,15,110,0,125,18,16,118,0,152,120,0,120,272
10/14/2020,STS,CA,AWP,WE,Towers with Radar,15,3,20,0,38,0,22,124,0,146,15,25,144,0,184,188,0,188,372
10/15/2020,STS,CA,AWP,WE,Towers with Radar,15,13,12,1,41,0,12,98,13,123,15,25,110,14,164,86,10,96,260
10/16/2020,STS,CA,AWP,WE,Towers with Radar,15,15,16,0,46,0,25,115,0,140,15,40,131,0,186,56,0,56,242
10/17/2020,STS,CA,AWP,WE,Towers with Radar,16,7,9,0,32,0,14,105,0,119,16,21,114,0,151,82,0,82,233
10/18/2020,STS,CA,AWP,WE,Towers with Radar,15,10,18,0,43,0,3,127,0,130,15,13,145,0,173,62,0,62,235
10/19/2020,STS,CA,AWP,WE,Towers with Radar,17,13,11,0,41,0,11,95,2,108,17,24,106,2,149,50,0,50,199
10/20/2020,STS,CA,AWP,WE,Towers with Radar,15,12,12,0,39,0,16,102,0,118,15,28,114,0,157,142,0,142,299
10/21/2020,STS,CA,AWP,WE,Towers with Radar,16,10,14,0,40,0,4,112,1,117,16,14,126,1,157,140,0,140,297
10/22/2020,STS,CA,AWP,WE,Towers with Radar,16,11,22,0,49,0,13,82,0,95,16,24,104,0,144,72,0,72,216
10/23/2020,STS,CA,AWP,WE,Towers with Radar,15,9,24,1,49,18,102,41,0,161,33,111,65,1,210,74,0,74,284
10/24/2020,STS,CA,AWP,WE,Towers with Radar,16,3,24,0,43,0,9,65,1,75,16,12,89,1,118,80,0,80,198
10/25/2020,STS,CA,AWP,WE,Towers with Radar,16,16,24,0,56,0,5,107,0,112,16,21,131,0,168,98,0,98,266
10/26/2020,STS,CA,AWP,WE,Towers with Radar,15,3,20,0,38,0,16,64,1,81,15,19,84,1,119,86,0,86,205
10/27/2020,STS,CA,AWP,WE,Towers with Radar,16,6,13,0,35,0,8,142,0,150,16,14,155,0,185,130,0,130,315
10/28/2020,STS,CA,AWP,WE,Towers with Radar,15,5,17,0,37,0,7,122,0,129,15,12,139,0,166,122,0,122,288
10/29/2020,STS,CA,AWP,WE,Towers with Radar,16,18,13,0,47,0,5,99,0,104,16,23,112,0,151,84,0,84,235
10/30/2020,STS,CA,AWP,WE,Towers with Radar,17,13,17,0,47,0,7,109,2,118,17,20,126,2,165,86,0,86,251
10/31/2020,STS,CA,AWP,WE,Towers with Radar,16,3,9,0,28,0,10,104,3,117,16,13,113,3,145,32,4,36,181
11/01/2020,STS,CA,AWP,WE,Towers with Radar,17,8,12,0,37,0,17,70,0,87,17,25,82,0,124,108,0,108,232
11/02/2020,STS,CA,AWP,WE,Towers with Radar,16,11,9,0,36,0,10,121,0,131,16,21,130,0,167,126,0,126,293
11/03/2020,STS,CA,AWP,WE,Towers with Radar,16,5,23,0,44,0,8,101,0,109,16,13,124,0,153,68,0,68,221
11/04/2020,STS,CA,AWP,WE,Towers with Radar,15,14,20,0,49,0,23,90,0,113,15,37,110,0,162,62,0,62,224
11/05/2020,STS,CA,AWP,WE,Towers with Radar,15,11,24,0,50,0,20,120,0,140,15,31,144,0,190,82,0,82,272
11/06/2020,STS,CA,AWP,WE,Towers with Radar,16,7,28,0,51,0,6,40,0,46,16,13,68,0,97,42,0,42,139
11/07/2020,STS,CA,AWP,WE,Towers with Radar,16,5,10,1,32,0,17,110,0,127,16,22,120,1,159,130,0,130,289
11/08/2020,STS,CA,AWP,WE,Towers with Radar,15,11,21,0,47,0,16,27,0,43,15,27,48,0,90,22,0,22,112
11/09/2020,STS,CA,AWP,WE,Towers with Radar,16,14,19,0,49,0,9,86,0,95,16,23,105,0,144,98,0,98,242
11/10/2020,STS,CA,AWP,WE,Towers with Radar,16,12,13,2,43,0,14,85,2,101,16,26,98,4,144,154,0,154,298
11/11/2020,STS,CA,AWP,WE,Towers with Radar,16,9,31,2,58,0,30,117,0,147,16,39,148,2,205,80,0,80,285
11/12/2020,STS,CA,AWP,WE,Towers with Radar,16,6,4,0,26,0,13,107,0,120,16,19,111,0,146,131,0,131,277
11/13/2020,STS,CA,AWP,WE,Towers with Radar,16,13,35,1,65,0,6,2,0,8,16,19,37,1,73,0,0,0,73
11/14/2020,STS,CA,AWP,WE,Towers with Radar,15,13,11,0,39,0,11,99,5,115,15,24,110,5,154,110,0,110,264
11/15/2020,STS,CA,AWP,WE,Towers with Radar,16,11,11,0,38,0,9,116,2,127,16,20,127,2,165,134,0,134,299
11/16/2020,STS,CA,AWP,WE,Towers with Radar,17,22,15,4,58,0,10,90,5,105,17,32,105,9,163,68,0,68,231
11/17/2020,STS,CA,AWP,WE,Towers with Radar,17,12,30,0,59,0,0,0,0,0,17,12,30,0,59,2,0,2,61
11/18/2020,STS,CA,AWP,WE,Towers with Radar,16,18,33,2,69,0,5,24,4,33,16,23,57,6,102,104,0,104,206
11/19/2020,STS,CA,AWP,WE,Towers with Radar,16,7,20,0,43,0,7,62,2,71,16,14,82,2,114,74,2,76,190
11/20/2020,STS,CA,AWP,WE,Towers with Radar,18,7,14,0,39,0,7,129,2,138,18,14,143,2,177,112,0,112,289
11/21/2020,STS,CA,AWP,WE,Towers with Radar,18,17,10,0,45,0,8,140,0,148,18,25,150,0,193,90,0,90,283
11/22/2020,STS,CA,AWP,WE,Towers with Radar,18,15,19,0,52,0,10,101,0,111,18,25,120,0,163,88,0,88,251
11/23/2020,STS,CA,AWP,WE,Towers with Radar,15,12,25,0,52,0,10,74,0,84,15,22,99,0,136,84,0,84,220
11/24/2020,STS,CA,AWP,WE,Towers with Radar,16,16,12,1,45,0,2,83,0,85,16,18,95,1,130,100,8,108,238
11/25/2020,STS,CA,AWP,WE,Towers with Radar,18,11,19,0,48,0,9,69,0,78,18,20,88,0,126,44,0,44,170
11/26/2020,STS,CA,AWP,WE,Towers with Radar,9,2,6,0,17,0,8,24,0,32,9,10,30,0,49,0,0,0,49
11/27/2020,STS,CA,AWP,WE,Towers with Radar,16,5,13,0,34,0,6,91,0,97,16,11,104,0,131,72,0,72,203
11/28/2020,STS,CA,AWP,WE,Towers with Radar,20,8,12,0,40,0,6,115,2,123,20,14,127,2,163,90,0,90,253
11/29/2020,STS,CA,AWP,WE,Towers with Radar,19,16,9,0,44,0,15,102,0,117,19,31,111,0,161,98,0,98,259
11/30/2020,STS,CA,AWP,WE,Towers with Radar,18,5,13,0,36,0,10,99,1,110,18,15,112,1,146,104,0,104,250
12/01/2020,STS,CA,AWP,WE,Towers with Radar,14,7,7,2,30,0,9,86,8,103,14,16,93,10,133,66,4,70,203
12/02/2020,STS,CA,AWP,WE,Towers with Radar,16,6,18,0,40,0,7,75,0,82,16,13,93,0,122,98,0,98,220
12/03/2020,STS,CA,AWP,WE,Towers with Radar,14,7,7,0,28,0,5,79,2,86,14,12,86,2,114,122,4,126,240
12/04/2020,STS,CA,AWP,WE,Towers with Radar,14,7,11,0,32,0,5,111,0,116,14,12,122,0,148,118,0,118,266
12/05/2020,STS,CA,AWP,WE,Towers with Radar,16,7,5,0,28,0,4,90,0,94,16,11,95,0,122,76,0,76,198
12/06/2020,STS,CA,AWP,WE,Towers with Radar,14,11,9,0,34,0,8,81,0,89,14,19,90,0,123,114,0,114,237
12/07/2020,STS,CA,AWP,WE,Towers with Radar,14,8,6,1,29,0,10,48,2,60,14,18,54,3,89,46,18,64,153
12/08/2020,STS,CA,AWP,WE,Towers with Radar,14,2,12,3,31,0,4,85,5,94,14,6,97,8,125,104,0,104,229
12/09/2020,STS,CA,AWP,WE,Towers with Radar,14,6,7,0,27,0,15,89,3,107,14,21,96,3,134,86,0,86,220
12/10/2020,STS,CA,AWP,WE,Towers with Radar,14,11,11,0,36,0,5,130,0,135,14,16,141,0,171,64,0,64,235
12/11/2020,STS,CA,AWP,WE,Towers with Radar,14,6,26,0,46,0,5,39,0,44,14,11,65,0,90,76,0,76,166
12/12/2020,STS,CA,AWP,WE,Towers with Radar,15,10,18,2,45,0,6,20,0,26,15,16,38,2,71,24,0,24,95
12/13/2020,STS,CA,AWP,WE,Towers with Radar,14,12,32,0,58,0,6,0,0,6,14,18,32,0,64,0,0,0,64
12/14/2020,STS,CA,AWP,WE,Towers with Radar,14,7,15,0,36,0,10,106,0,116,14,17,121,0,152,92,0,92,244
12/15/2020,STS,CA,AWP,WE,Towers with Radar,13,8,19,3,43,0,7,53,0,60,13,15,72,3,103,92,2,94,197
12/16/2020,STS,CA,AWP,WE,Towers with Radar,14,17,25,0,56,0,5,7,0,12,14,22,32,0,68,6,0,6,74
12/17/2020,STS,CA,AWP,WE,Towers with Radar,16,2,13,0,31,0,11,61,0,72,16,13,74,0,103,104,0,104,207
12/18/2020,STS,CA,AWP,WE,Towers with Radar,16,5,18,0,39,0,6,115,2,123,16,11,133,2,162,136,2,138,300
12/19/2020,STS,CA,AWP,WE,Towers with Radar,16,7,17,0,40,0,9,104,0,113,16,16,121,0,153,86,0,86,239
12/20/2020,STS,CA,AWP,WE,Towers with Radar,14,14,9,0,37,0,8,79,0,87,14,22,88,0,124,72,0,72,196
12/21/2020,STS,CA,AWP,WE,Towers with Radar,15,6,12,0,33,0,20,50,0,70,15,26,62,0,103,26,0,26,129
12/22/2020,STS,CA,AWP,WE,Towers with Radar,14,2,21,0,37,0,14,69,0,83,14,16,90,0,120,64,0,64,184
12/23/2020,STS,CA,AWP,WE,Towers with Radar,17,8,20,0,45,0,10,86,0,96,17,18,106,0,141,58,0,58,199
12/24/2020,STS,CA,AWP,WE,Towers with Radar,12,1,8,0,21,0,4,46,0,50,12,5,54,0,71,18,0,18,89
12/25/2020,STS,CA,AWP,WE,Towers with Radar,16,0,8,0,24,0,0,3,0,3,16,0,11,0,27,2,0,2,29
12/26/2020,STS,CA,AWP,WE,Towers with Radar,14,9,19,0,42,0,4,42,2,48,14,13,61,2,90,76,0,76,166
12/27/2020,STS,CA,AWP,WE,Towers with Radar,16,9,17,0,42,0,4,63,0,67,16,13,80,0,109,52,0,52,161
12/28/2020,STS,CA,AWP,WE,Towers with Radar,16,8,14,0,38,0,9,64,0,73,16,17,78,0,111,62,0,62,173
12/29/2020,STS,CA,AWP,WE,Towers with Radar,16,9,12,0,37,0,10,102,0,112,16,19,114,0,149,84,0,84,233
12/30/2020,STS,CA,AWP,WE,Towers with Radar,16,7,19,0,42,0,5,76,0,81,16,12,95,0,123,136,0,136,259
12/31/2020,STS,CA,AWP,WE,Towers with Radar,11,2,11,0,24,0,10,80,0,90,11,12,91,0,114,48,0,48,162
01/01/2021,STS,CA,AWP,WE,Towers with Radar,16,3,1,0,20,0,11,70,0,81,16,14,71,0,101,44,0,44,145
01/02/2021,STS,CA,AWP,WE,Towers with Radar,18,13,34,0,65,0,0,1,0,1,18,13,35,0,66,0,0,0,66
01/03/2021,STS,CA,AWP,WE,Towers with Radar,17,16,22,0,55,0,3,19,0,22,17,19,41,0,77,12,0,12,89
01/04/2021,STS,CA,AWP,WE,Towers with Radar,13,7,9,0,29,0,4,2,0,6,13,11,11,0,35,0,0,0,35
01/05/2021,STS,CA,AWP,WE,Towers with Radar,8,3,15,0,26,0,8,111,0,119,8,11,126,0,145,156,0,156,301
01/06/2021,STS,CA,AWP,WE,Towers with Radar,11,3,9,0,23,0,2,6,0,8,11,5,15,0,31,44,0,44,75
01/07/2021,STS,CA,AWP,WE,Towers with Radar,9,6,16,0,31,0,2,4,0,6,9,8,20,0,37,92,0,92,129
01/08/2021,STS,CA,AWP,WE,Towers with Radar,10,6,20,0,36,0,5,55,0,60,10,11,75,0,96,14,0,14,110
01/09/2021,STS,CA,AWP,WE,Towers with Radar,11,2,8,0,21,0,5,160,0,165,11,7,168,0,186,60,0,60,246
01/10/2021,STS,CA,AWP,WE,Towers with Radar,10,10,33,1,54,0,2,4,0,6,10,12,37,1,60,2,0,2,62
01/11/2021,STS,CA,AWP,WE,Towers with Radar,10,12,14,0,36,0,5,60,0,65,10,17,74,0,101,80,0,80,181
01/12/2021,STS,CA,AWP,WE,Towers with Radar,8,11,23,0,42,0,6,38,0,44,8,17,61,0,86,44,0,44,130
01/13/2021,STS,CA,AWP,WE,Towers with Radar,8,9,22,0,39,0,8,25,0,33,8,17,47,0,72,72,0,72,144
01/14/2021,STS,CA,AWP,WE,Towers with Radar,7,9,22,0,38,0,8,76,1,85,7,17,98,1,123,78,0,78,201
01/15/2021,STS,CA,AWP,WE,Towers with Radar,10,7,17,0,34,0,8,121,0,129,10,15,138,0,163,134,0,134,297
01/16/2021,STS,CA,AWP,WE,Towers with Radar,10,6,14,0,30,0,11,111,0,122,10,17,125,0,152,142,0,142,294
01/17/2021,STS,CA,AWP,WE,Towers with Radar,10,7,9,0,26,0,9,126,0,135,10,16,135,0,161,68,0,68,229
01/18/2021,STS,CA,AWP,WE,Towers with Radar,10,4,12,0,26,0,4,33,0,37,10,8,45,0,63,8,0,8,71
01/19/2021,STS,CA,AWP,WE,Towers with Radar,7,11,3,0,21,0,0,14,0,14,7,11,17,0,35,46,0,46,81
01/20/2021,STS,CA,AWP,WE,Towers with Radar,7,10,12,0,29,0,6,104,2,112,7,16,116,2,141,124,0,124,265
01/21/2021,STS,CA,AWP,WE,Towers with Radar,8,3,16,0,27,0,19,105,1,125,8,22,121,1,152,92,0,92,244
01/22/2021,STS,CA,AWP,WE,Towers with Radar,10,11,20,0,41,0,7,32,0,39,10,18,52,0,80,82,0,82,162
01/23/2021,STS,CA,AWP,WE,Towers with Radar,9,4,9,0,22,0,12,123,0,135,9,16,132,0,157,126,0,126,283
01/24/2021,STS,CA,AWP,WE,Towers with Radar,9,9,23,0,41,0,3,4,0,7,9,12,27,0,48,28,0,28,76
01/25/2021,STS,CA,AWP,WE,Towers with Radar,10,5,12,0,27,0,9,41,1,51,10,14,53,1,78,96,0,96,174
01/26/2021,STS,CA,AWP,WE,Towers with Radar,8,7,8,0,23,0,3,37,0,40,8,10,45,0,63,60,0,60,123
01/27/2021,STS,CA,AWP,WE,Towers with Radar,7,8,14,0,29,0,2,11,0,13,7,10,25,0,42,14,0,14,56
01/28/2021,STS,CA,AWP,WE,Towers with Radar,8,11,8,0,27,0,3,8,0,11,8,14,16,0,38,30,0,30,68
01/29/2021,STS,CA,AWP,WE,Towers with Radar,8,8,22,0,38,0,8,54,5,67,8,16,76,5,105,70,0,70,175
01/30/2021,STS,CA,AWP,WE,Towers with Radar,9,2,20,0,31,0,10,59,2,71,9,12,79,2,102,82,0,82,184
01/31/2021,STS,CA,AWP,WE,Towers with Radar,6,8,15,0,29,0,4,50,0,54,6,12,65,0,83,72,0,72,155
02/01/2021,STS,CA,AWP,WE,Towers with Radar,6,6,17,0,29,0,3,21,0,24,6,9,38,0,53,28,0,28,81
02/02/2021,STS,CA,AWP,WE,Towers with Radar,6,10,17,0,33,0,7,61,0,68,6,17,78,0,101,148,0,148,249
02/03/2021,STS,CA,AWP,WE,Towers with Radar,6,7,21,0,34,0,8,48,0,56,6,15,69,0,90,122,0,122,212
02/04/2021,STS,CA,AWP,WE,Towers with Radar,6,8,16,0,30,0,12,108,0,120,6,20,124,0,150,90,0,90,240
02/05/2021,STS,CA,AWP,WE,Towers with Radar,6,4,12,0,22,0,13,132,0,145,6,17,144,0,167,110,0,110,277
02/06/2021,STS,CA,AWP,WE,Towers with Radar,6,7,12,0,25,0,5,125,0,130,6,12,137,0,155,124,0,124,279
02/07/2021,STS,CA,AWP,WE,Towers with Radar,6,2,11,0,19,0,9,97,0,106,6,11,108,0,125,62,0,62,187
02/08/2021,STS,CA,AWP,WE,Towers with Radar,4,8,13,0,25,0,7,79,0,86,4,15,92,0,111,120,0,120,231
02/09/2021,STS,CA,AWP,WE,Towers with Radar,7,7,13,1,28,0,7,95,1,103,7,14,108,2,131,116,0,116,247
02/10/2021,STS,CA,AWP,WE,Towers with Radar,6,10,15,0,31,0,11,112,1,124,6,21,127,1,155,142,0,142,297
02/11/2021,STS,CA,AWP,WE,Towers with Radar,8,13,32,0,53,0,3,3,0,6,8,16,35,0,59,16,0,16,75
02/12/2021,STS,CA,AWP,WE,Towers with Radar,11,5,28,4,48,0,11,108,4,123,11,16,136,8,171,194,0,194,365
02/13/2021,STS,CA,AWP,WE,Towers with Radar,3,10,19,0,32,0,6,48,0,54,3,16,67,0,86,36,0,36,122
02/14/2021,STS,CA,AWP,WE,Towers with Radar,5,12,23,0,40,0,2,45,4,51,5,14,68,4,91,60,0,60,151
02/15/2021,STS,CA,AWP,WE,Towers with Radar,7,13,37,0,57,0,7,43,0,50,7,20,80,0,107,184,0,184,291
02/16/2021,STS,CA,AWP,WE,Towers with Radar,8,9,24,0,41,0,10,132,0,142,8,19,156,0,183,118,0,118,301
02/17/2021,STS,CA,AWP,WE,Towers with Radar,6,7,21,2,36,0,7,117,0,124,6,14,138,2,160,154,0,154,314
02/18/2021,STS,CA,AWP,WE,Towers with Radar,8,5,16,0,29,0,11,98,0,109,8,16,114,0,138,102,0,102,240
02/19/2021,STS,CA,AWP,WE,Towers with Radar,10,11,28,1,50,0,9,41,0,50,10,20,69,1,100,80,0,80,180
02/20/2021,STS,CA,AWP,WE,Towers with Radar,7,14,14,0,35,0,14,83,0,97,7,28,97,0,132,120,0,120,252
02/21/2021,STS,CA,AWP,WE,Towers with Radar,10,9,11,0,30,0,14,158,0,172,10,23,169,0,202,122,0,122,324
02/22/2021,STS,CA,AWP,WE,Towers with Radar,8,8,20,0,36,0,5,117,0,122,8,13,137,0,158,194,0,194,352
02/23/2021,STS,CA,AWP,WE,Towers with Radar,8,3,15,1,27,0,10,78,3,91,8,13,93,4,118,98,0,98,216
02/24/2021,STS,CA,AWP,WE,Towers with Radar,5,12,17,0,34,0,15,94,0,109,5,27,111,0,143,92,0,92,235
02/25/2021,STS,CA,AWP,WE,Towers with Radar,8,11,8,0,27,0,9,126,0,135,8,20,134,0,162,171,0,171,333
02/26/2021,STS,CA,AWP,WE,Towers with Radar,10,14,15,2,41,0,10,91,0,101,10,24,106,2,142,48,0,48,190
02/27/2021,STS,CA,AWP,WE,Towers with Radar,6,7,10,0,23,0,9,103,0,112,6,16,113,0,135,78,0,78,213
02/28/2021,STS,CA,AWP,WE,Towers with Radar,10,17,12,0,39,0,6,143,0,149,10,23,155,0,188,146,0,146,334
03/01/2021,STS,CA,AWP,WE,Towers with Radar,10,9,19,0,38,0,7,82,0,89,10,16,101,0,127,182,0,182,309
03/02/2021,STS,CA,AWP,WE,Towers with Radar,7,8,15,1,31,0,4,131,1,136,7,12,146,2,167,84,0,84,251
03/03/2021,STS,CA,AWP,WE,Towers with Radar,6,11,21,0,38,0,8,117,2,127,6,19,138,2,165,138,0,138,303
03/04/2021,STS,CA,AWP,WE,Towers with Radar,7,17,27,0,51,0,2,78,0,80,7,19,105,0,131,140,0,140,271
03/05/2021,STS,CA,AWP,WE,Towers with Radar,9,10,44,0,63,0,6,70,2,78,9,16,114,2,141,86,0,86,227
03/06/2021,STS,CA,AWP,WE,Towers with Radar,6,13,9,0,28,0,5,84,0,89,6,18,93,0,117,94,0,94,211
03/07/2021,STS,CA,AWP,WE,Towers with Radar,11,10,31,0,52,0,14,143,0,157,11,24,174,0,209,144,0,144,353
03/08/2021,STS,CA,AWP,WE,Towers with Radar,10,8,15,0,33,0,7,26,0,33,10,15,41,0,66,90,0,90,156
03/09/2021,STS,CA,AWP,WE,Towers with Radar,8,10,14,0,32,0,5,6,0,11,8,15,20,0,43,6,0,6,49
03/10/2021,STS,CA,AWP,WE,Towers with Radar,6,6,21,0,33,0,7,12,0,19,6,13,33,0,52,0,0,0,52
03/11/2021,STS,CA,AWP,WE,Towers with Radar,8,18,27,2,55,0,6,110,0,116,8,24,137,2,171,154,0,154,325
03/12/2021,STS,CA,AWP,WE,Towers with Radar,10,11,23,3,47,0,12,176,0,188,10,23,199,3,235,144,0,144,379
03/13/2021,STS,CA,AWP,WE,Towers with Radar,8,13,28,1,50,0,11,118,0,129,8,24,146,1,179,92,0,92,271
03/14/2021,STS,CA,AWP,WE,Towers with Radar,9,12,36,0,57,0,3,15,0,18,9,15,51,0,75,20,0,20,95
03/15/2021,STS,CA,AWP,WE,Towers with Radar,11,5,23,0,39,0,11,58,0,69,11,16,81,0,108,76,0,76,184
03/16/2021,STS,CA,AWP,WE,Towers with Radar,8,8,17,0,33,0,6,126,0,132,8,14,143,0,165,124,0,124,289
03/17/2021,STS,CA,AWP,WE,Towers with Radar,5,12,16,0,33,0,8,88,0,96,5,20,104,0,129,80,0,80,209
03/18/2021,STS,CA,AWP,WE,Towers with Radar,14,6,35,0,55,0,0,0,0,0,14,6,35,0,55,0,0,0,55
03/19/2021,STS,CA,AWP,WE,Towers with Radar,14,10,19,0,43,0,9,62,0,71,14,19,81,0,114,82,0,82,196
03/20/2021,STS,CA,AWP,WE,Towers with Radar,12,7,14,0,33,0,8,144,0,152,12,15,158,0,185,102,0,102,287
03/21/2021,STS,CA,AWP,WE,Towers with Radar,13,12,27,0,52,0,14,179,0,193,13,26,206,0,245,94,0,94,339
03/22/2021,STS,CA,AWP,WE,Towers with Radar,14,11,11,0,36,0,6,94,0,100,14,17,105,0,136,42,0,42,178
03/23/2021,STS,CA,AWP,WE,Towers with Radar,14,9,13,0,36,0,8,86,0,94,14,17,99,0,130,70,0,70,200
03/24/2021,STS,CA,AWP,WE,Towers with Radar,14,8,24,1,47,0,13,123,0,136,14,21,147,1,183,122,0,122,305
03/25/2021,STS,CA,AWP,WE,Towers with Radar,14,15,25,0,54,0,11,84,0,95,14,26,109,0,149,90,0,90,239
03/26/2021,STS,CA,AWP,WE,Towers with Radar,14,16,12,0,42,0,11,164,0,175,14,27,176,0,217,78,0,78,295
03/27/2021,STS,CA,AWP,WE,Towers with Radar,14,15,6,0,35,0,8,149,0,157,14,23,155,0,192,78,0,78,270
03/28/2021,STS,CA,AWP,WE,Towers with Radar,14,24,32,0,70,0,4,142,0,146,14,28,174,0,216,120,0,120,336
03/29/2021,STS,CA,AWP,WE,Towers with Radar,14,17,16,0,47,0,4,84,0,88,14,21,100,0,135,106,0,106,241
03/30/2021,STS,CA,AWP,WE,Towers with Radar,15,9,9,2,35,0,12,74,0,86,15,21,83,2,121,68,0,68,189
03/31/2021,STS,CA,AWP,WE,Towers with Radar,14,11,20,0,45,0,13,115,0,128,14,24,135,0,173,106,0,106,279
04/01/2021,STS,CA,AWP,WE,Towers with Radar,15,11,14,2,42,0,8,120,1,129,15,19,134,3,171,114,0,114,285
04/02/2021,STS,CA,AWP,WE,Towers with Radar,16,14,36,2,68,0,8,89,0,97,16,22,125,2,165,46,0,46,211
04/03/2021,STS,CA,AWP,WE,Towers with Radar,15,17,17,0,49,0,17,102,0,119,15,34,119,0,168,152,0,152,320
04/04/2021,STS,CA,AWP,WE,Towers with Radar,18,9,18,0,45,0,2,67,0,69,18,11,85,0,114,106,0,106,220
04/05/2021,STS,CA,AWP,WE,Towers with Radar,18,16,23,0,57,0,5,54,2,61,18,21,77,2,118,128,0,128,246
04/06/2021,STS,CA,AWP,WE,Towers with Radar,17,20,37,0,74,0,3,57,0,60,17,23,94,0,134,120,0,120,254
04/07/2021,STS,CA,AWP,WE,Towers with Radar,18,13,20,0,51,0,10,85,0,95,18,23,105,0,146,154,0,154,300
04/08/2021,STS,CA,AWP,WE,Towers with Radar,18,14,26,0,58,0,9,119,0,128,18,23,145,0,186,114,0,114,300
04/09/2021,STS,CA,AWP,WE,Towers with Radar,18,9,26,0,53,0,9,126,0,135,18,18,152,0,188,192,0,192,380
04/10/2021,STS,CA,AWP,WE,Towers with Radar,20,16,16,0,52,0,11,141,0,152,20,27,157,0,204,102,0,102,306
04/11/2021,STS,CA,AWP,WE,Towers with Radar,17,8,25,0,50,0,6,101,0,107,17,14,126,0,157,56,0,56,213
04/12/2021,STS,CA,AWP,WE,Towers with Radar,18,9,22,1,50,0,7,117,0,124,18,16,139,1,174,140,0,140,314
04/13/2021,STS,CA,AWP,WE,Towers with Radar,18,13,14,2,47,0,9,72,0,81,18,22,86,2,128,120,0,120,248
04/14/2021,STS,CA,AWP,WE,Towers with Radar,19,8,16,5,48,0,15,121,0,136,19,23,137,5,184,124,0,124,308
04/15/2021,STS,CA,AWP,WE,Towers with Radar,18,13,31,2,64,0,7,108,0,115,18,20,139,2,179,150,0,150,329
04/16/2021,STS,CA,AWP,WE,Towers with Radar,18,24,36,0,78,0,6,113,0,119,18,30,149,0,197,95,0,95,292
04/17/2021,STS,CA,AWP,WE,Towers with Radar,18,6,17,0,41,0,9,90,2,101,18,15,107,2,142,118,0,118,260
04/18/2021,STS,CA,AWP,WE,Towers with Radar,21,26,23,0,70,0,13,136,0,149,21,39,159,0,219,60,0,60,279
04/19/2021,STS,CA,AWP,WE,Towers with Radar,18,10,23,0,51,0,5,79,0,84,18,15,102,0,135,128,0,128,263
04/20/2021,STS,CA,AWP,WE,Towers with Radar,18,5,16,0,39,0,12,100,0,112,18,17,116,0,151,104,0,104,255
04/21/2021,STS,CA,AWP,WE,Towers with Radar,18,10,24,0,52,0,14,115,4,133,18,24,139,4,185,144,0,144,329
04/22/2021,STS,CA,AWP,WE,Towers with Radar,21,20,44,0,85,0,16,39,0,55,21,36,83,0,140,64,0,64,204
04/23/2021,STS,CA,AWP,WE,Towers with Radar,18,14,20,0,52,0,5,105,0,110,18,19,125,0,162,142,0,142,304
04/24/2021,STS,CA,AWP,WE,Towers with Radar,18,11,21,0,50,0,6,46,0,52,18,17,67,0,102,104,0,104,206
04/25/2021,STS,CA,AWP,WE,Towers with Radar,17,14,27,0,58,0,5,22,0,27,17,19,49,0,85,32,0,32,117
04/26/2021,STS,CA,AWP,WE,Towers with Radar,20,13,20,0,53,0,6,96,0,102,20,19,116,0,155,52,0,52,207
04/27/2021,STS,CA,AWP,WE,Towers with Radar,18,8,12,0,38,0,8,138,0,146,18,16,150,0,184,150,0,150,334
04/28/2021,STS,CA,AWP,WE,Towers with Radar,20,8,27,0,55,0,15,128,0,143,20,23,155,0,198,134,0,134,332
04/29/2021,STS,CA,AWP,WE,Towers with Radar,20,9,14,0,43,0,11,134,0,145,20,20,148,0,188,130,0,130,318
04/30/2021,STS,CA,AWP,WE,Towers with Radar,19,10,14,0,43,0,12,136,6,154,19,22,150,6,197,156,0,156,353
05/01/2021,STS,CA,AWP,WE,Towers with Radar,20,6,20,0,46,0,23,82,0,105,20,29,102,0,151,68,0,68,219
05/02/2021,STS,CA,AWP,WE,Towers with Radar,19,11,29,0,59,0,7,98,0,105,19,18,127,0,164,68,0,68,232
05/03/2021,STS,CA,AWP,WE,Towers with Radar,20,7,27,0,54,0,13,97,2,112,20,20,124,2,166,106,0,106,272
05/04/2021,STS,CA,AWP,WE,Towers with Radar,21,12,10,0,43,0,22,135,0,157,21,34,145,0,200,128,0,128,328
05/05/2021,STS,CA,AWP,WE,Towers with Radar,20,19,14,0,53,0,7,120,0,127,20,26,134,0,180,186,0,186,366
05/06/2021,STS,CA,AWP,WE,Towers with Radar,18,14,36,0,68,0,11,113,0,124,18,25,149,0,192,144,0,144,336
05/07/2021,STS,CA,AWP,WE,Towers with Radar,20,27,9,0,56,0,13,135,1,149,20,40,144,1,205,168,0,168,373
05/08/2021,STS,CA,AWP,WE,Towers with Radar,20,4,18,0,42,0,14,95,0,109,20,18,113,0,151,114,0,114,265
05/09/2021,STS,CA,AWP,WE,Towers with Radar,20,11,11,0,42,0,11,109,0,120,20,22,120,0,162,62,0,62,224
05/10/2021,STS,CA,AWP,WE,Towers with Radar,20,17,23,0,60,0,7,116,0,123,20,24,139,0,183,98,0,98,281
05/11/2021,STS,CA,AWP,WE,Towers with Radar,20,12,22,0,54,0,7,144,0,151,20,19,166,0,205,100,0,100,305
05/12/2021,STS,CA,AWP,WE,Towers with Radar,20,17,28,0,65,0,22,124,3,149,20,39,152,3,214,200,6,206,420
05/13/2021,STS,CA,AWP,WE,Towers with Radar,20,20,45,0,85,0,13,115,1,129,20,33,160,1,214,86,0,86,300
05/14/2021,STS,CA,AWP,WE,Towers with Radar,20,12,38,0,70,0,4,85,0,89,20,16,123,0,159,126,0,126,285
05/15/2021,STS,CA,AWP,WE,Towers with Radar,16,14,28,0,58,0,6,128,0,134,16,20,156,0,192,62,0,62,254
05/16/2021,STS,CA,AWP,WE,Towers with Radar,20,24,36,0,80,0,5,65,0,70,20,29,101,0,150,42,0,42,192
05/17/2021,STS,CA,AWP,WE,Towers with Radar,19,16,29,0,64,0,1,90,0,91,19,17,119,0,155,70,0,70,225
05/18/2021,STS,CA,AWP,WE,Towers with Radar,20,9,14,1,44,0,8,116,6,130,20,17,130,7,174,40,0,40,214
05/19/2021,STS,CA,AWP,WE,Towers with Radar,20,13,17,0,50,0,19,101,0,120,20,32,118,0,170,56,0,56,226
05/20/2021,STS,CA,AWP,WE,Towers with Radar,20,14,24,0,58,0,8,80,2,90,20,22,104,2,148,52,0,52,200
05/21/2021,STS,CA,AWP,WE,Towers with Radar,20,15,34,0,69,0,10,103,0,113,20,25,137,0,182,88,0,88,270
05/22/2021,STS,CA,AWP,WE,Towers with Radar,20,10,17,0,47,0,4,142,0,146,20,14,159,0,193,76,0,76,269
05/23/2021,STS,CA,AWP,WE,Towers with Radar,20,25,33,0,78,0,7,118,0,125,20,32,151,0,203,122,0,122,325
05/24/2021,STS,CA,AWP,WE,Towers with Radar,19,13,30,0,62,0,11,120,0,131,19,24,150,0,193,104,0,104,297
05/25/2021,STS,CA,AWP,WE,Towers with Radar,20,14,13,0,47,0,4,120,0,124,20,18,133,0,171,102,0,102,273
05/26/2021,STS,CA,AWP,WE,Towers with Radar,20,7,15,0,42,0,17,181,1,199,20,24,196,1,241,110,0,110,351
05/27/2021,STS,CA,AWP,WE,Towers with Radar,20,15,25,0,60,0,19,130,0,149,20,34,155,0,209,140,0,140,349
05/28/2021,STS,CA,AWP,WE,Towers with Radar,20,20,32,0,72,0,8,136,1,145,20,28,168,1,217,104,0,104,321
05/29/2021,STS,CA,AWP,WE,Towers with Radar,20,17,20,0,57,0,9,118,1,128,20,26,138,1,185,70,0,70,255
05/30/2021,STS,CA,AWP,WE,Towers with Radar,18,9,8,0,35,0,5,114,2,121,18,14,122,2,156,104,0,104,260
05/31/2021,STS,CA,AWP,WE,Towers with Radar,20,20,30,0,70,6,9,112,0,127,26,29,142,0,197,134,0,134,331
06/01/2021,STS,CA,AWP,WE,Towers with Radar,21,22,16,0,59,0,29,121,0,150,21,51,137,0,209,128,0,128,337
06/02/2021,STS,CA,AWP,WE,Towers with Radar,21,8,34,0,63,0,9,103,0,112,21,17,137,0,175,150,0,150,325
06/03/2021,STS,CA,AWP,WE,Towers with Radar,22,16,25,0,63,0,12,140,1,153,22,28,165,1,216,84,0,84,300
06/04/2021,STS,CA,AWP,WE,Towers with Radar,22,5,30,1,58,0,18,99,2,119,22,23,129,3,177,98,0,98,275
06/05/2021,STS,CA,AWP,WE,Towers with Radar,23,19,18,0,60,0,10,112,3,125,23,29,130,3,185,66,0,66,251
06/06/2021,STS,CA,AWP,WE,Towers with Radar,22,21,37,0,80,0,10,109,0,119,22,31,146,0,199,72,0,72,271
06/07/2021,STS,CA,AWP,WE,Towers with Radar,22,15,29,0,66,0,11,74,2,87,22,26,103,2,153,98,0,98,251
06/08/2021,STS,CA,AWP,WE,Towers with Radar,22,13,22,0,57,0,12,89,0,101,22,25,111,0,158,72,0,72,230
06/09/2021,STS,CA,AWP,WE,Towers with Radar,22,12,22,0,56,0,6,74,3,83,22,18,96,3,139,92,0,92,231
06/10/2021,STS,CA,AWP,WE,Towers with Radar,22,17,18,0,57,0,6,127,3,136,22,23,145,3,193,144,0,144,337
06/11/2021,STS,CA,AWP,WE,Towers with Radar,22,11,34,0,67,0,20,122,0,142,22,31,156,0,209,156,0,156,365
06/12/2021,STS,CA,AWP,WE,Towers with Radar,24,13,20,0,57,0,18,95,0,113,24,31,115,0,170,130,0,130,300
06/13/2021,STS,CA,AWP,WE,Towers with Radar,21,19,22,0,62,0,21,105,0,126,21,40,127,0,188,82,0,82,270
06/14/2021,STS,CA,AWP,WE,Towers with Radar,22,17,17,0,56,0,22,60,0,82,22,39,77,0,138,62,0,62,200
06/15/2021,STS,CA,AWP,WE,Towers with Radar,21,20,18,2,61,0,12,98,0,110,21,32,116,2,171,88,0,88,259
06/16/2021,STS,CA,AWP,WE,Towers with Radar,24,16,16,0,56,0,18,106,0,124,24,34,122,0,180,70,0,70,250
06/17/2021,STS,CA,AWP,WE,Towers with Radar,20,9,34,2,65,0,13,84,12,109,20,22,118,14,174,80,0,80,254
06/18/2021,STS,CA,AWP,WE,Towers with Radar,21,5,36,0,62,0,13,85,0,98,21,18,121,0,160,166,0,166,326
06/19/2021,STS,CA,AWP,WE,Towers with Radar,23,12,20,0,55,0,18,104,0,122,23,30,124,0,177,112,0,112,289
06/20/2021,STS,CA,AWP,WE,Towers with Radar,21,12,18,0,51,0,12,98,0,110,21,24,116,0,161,86,0,86,247
06/21/2021,STS,CA,AWP,WE,Towers with Radar,20,17,31,0,68,0,28,93,1,122,20,45,124,1,190,150,0,150,340
06/22/2021,STS,CA,AWP,WE,Towers with Radar,21,11,38,2,72,0,8,62,1,71,21,19,100,3,143,136,0,136,279
06/23/2021,STS,CA,AWP,WE,Towers with Radar,21,13,28,0,62,0,21,89,1,111,21,34,117,1,173,74,0,74,247
06/24/2021,STS,CA,AWP,WE,Towers with Radar,22,20,25,1,68,0,8,94,2,104,22,28,119,3,172,126,0,126,298
06/25/2021,STS,CA,AWP,WE,Towers with Radar,21,10,34,0,65,0,25,84,0,109,21,35,118,0,174,68,0,68,242
06/26/2021,STS,CA,AWP,WE,Towers with Radar,23,6,15,0,44,0,8,99,0,107,23,14,114,0,151,114,0,114,265
06/27/2021,STS,CA,AWP,WE,Towers with Radar,18,14,29,0,61,0,21,98,0,119,18,35,127,0,180,122,0,122,302
06/28/2021,STS,CA,AWP,WE,Towers with Radar,20,18,21,1,60,0,4,100,1,105,20,22,121,2,165,110,0,110,275
06/29/2021,STS,CA,AWP,WE,Towers with Radar,22,14,21,0,57,0,14,106,0,120,22,28,127,0,177,192,0,192,369
06/30/2021,STS,CA,AWP,WE,Towers with Radar,21,11,27,0,59,0,13,101,0,114,21,24,128,0,173,130,0,130,303
07/01/2021,STS,CA,AWP,WE,Towers with Radar,21,24,26,0,71,0,8,82,0,90,21,32,108,0,161,72,0,72,233
07/02/2021,STS,CA,AWP,WE,Towers with Radar,20,17,28,0,65,0,17,119,0,136,20,34,147,0,201,146,0,146,347
07/03/2021,STS,CA,AWP,WE,Towers with Radar,20,7,24,0,51,0,10,75,0,85,20,17,99,0,136,116,0,116,252
07/04/2021,STS,CA,AWP,WE,Towers with Radar,22,5,17,0,44,0,25,80,0,105,22,30,97,0,149,24,0,24,173
07/05/2021,STS,CA,AWP,WE,Towers with Radar,22,11,26,0,59,0,15,106,0,121,22,26,132,0,180,100,0,100,280
07/06/2021,STS,CA,AWP,WE,Towers with Radar,22,21,33,0,76,0,5,72,0,77,22,26,105,0,153,124,0,124,277
07/07/2021,STS,CA,AWP,WE,Towers with Radar,21,12,30,0,63,0,22,89,2,113,21,34,119,2,176,90,0,90,266
07/08/2021,STS,CA,AWP,WE,Towers with Radar,21,24,35,0,80,0,11,124,0,135,21,35,159,0,215,136,0,136,351
07/09/2021,STS,CA,AWP,WE,Towers with Radar,19,22,19,0,60,0,26,140,0,166,19,48,159,0,226,152,0,152,378
07/10/2021,STS,CA,AWP,WE,Towers with Radar,22,7,18,0,47,3,10,100,0,113,25,17,118,0,160,142,0,142,302
07/11/2021,STS,CA,AWP,WE,Towers with Radar,22,26,40,0,88,0,16,122,0,138,22,42,162,0,226,92,0,92,318
07/12/2021,STS,CA,AWP,WE,Towers with Radar,22,21,37,0,80,0,6,71,0,77,22,27,108,0,157,110,0,110,267
07/13/2021,STS,CA,AWP,WE,Towers with Radar,19,21,22,0,62,0,14,110,0,124,19,35,132,0,186,96,0,96,282
07/14/2021,STS,CA,AWP,WE,Towers with Radar,19,15,43,0,77,0,26,98,1,125,19,41,141,1,202,76,0,76,278
07/15/2021,STS,CA,AWP,WE,Towers with Radar,22,22,30,0,74,0,17,101,2,120,22,39,131,2,194,148,0,148,342
07/16/2021,STS,CA,AWP,WE,Towers with Radar,21,22,27,4,74,0,14,102,2,118,21,36,129,6,192,156,0,156,348
07/17/2021,STS,CA,AWP,WE,Towers with Radar,19,8,17,0,44,0,15,137,0,152,19,23,154,0,196,156,0,156,352
07/18/2021,STS,CA,AWP,WE,Towers with Radar,21,30,41,0,92,0,35,126,0,161,21,65,167,0,253,54,0,54,307
07/19/2021,STS,CA,AWP,WE,Towers with Radar,21,22,23,0,66,0,11,103,4,118,21,33,126,4,184,72,0,72,256
07/20/2021,STS,CA,AWP,WE,Towers with Radar,21,14,20,0,55,0,22,96,0,118,21,36,116,0,173,110,0,110,283
07/21/2021,STS,CA,AWP,WE,Towers with Radar,19,22,33,0,74,0,21,121,0,142,19,43,154,0,216,82,0,82,298
07/22/2021,STS,CA,AWP,WE,Towers with Radar,20,36,41,0,97,0,9,115,0,124,20,45,156,0,221,94,2,96,317
07/23/2021,STS,CA,AWP,WE,Towers with Radar,23,27,21,0,71,0,25,159,0,184,23,52,180,0,255,90,0,90,345
07/24/2021,STS,CA,AWP,WE,Towers with Radar,20,21,13,0,54,0,14,116,0,130,20,35,129,0,184,100,0,100,284
07/25/2021,STS,CA,AWP,WE,Towers with Radar,22,33,45,0,100,0,10,122,0,132,22,43,167,0,232,68,0,68,300
07/26/2021,STS,CA,AWP,WE,Towers with Radar,19,23,32,0,74,0,8,99,0,107,19,31,131,0,181,120,0,120,301
07/27/2021,STS,CA,AWP,WE,Towers with Radar,19,14,22,2,57,0,17,103,0,120,19,31,125,2,177,96,0,96,273
07/28/2021,STS,CA,AWP,WE,Towers with Radar,19,22,38,1,80,0,13,110,1,124,19,35,148,2,204,62,0,62,266
07/29/2021,STS,CA,AWP,WE,Towers with Radar,20,28,29,0,77,0,19,99,3,121,20,47,128,3,198,96,0,96,294
07/30/2021,STS,CA,AWP,WE,Towers with Radar,21,19,41,0,81,0,36,86,4,126,21,55,127,4,207,100,0,100,307
07/31/2021,STS,CA,AWP,WE,Towers with Radar,34,23,22,1,80,0,13,135,3,151,34,36,157,4,231,72,0,72,303
08/01/2021,STS,CA,AWP,WE,Towers with Radar,22,33,42,0,97,0,25,109,0,134,22,58,151,0,231,104,0,104,335
08/02/2021,STS,CA,AWP,WE,Towers with Radar,23,15,27,0,65,0,5,117,0,122,23,20,144,0,187,106,0,106,293
08/03/2021,STS,CA,AWP,WE,Towers with Radar,21,11,23,0,55,0,19,89,0,108,21,30,112,0,163,78,0,78,241
08/04/2021,STS,CA,AWP,WE,Towers with Radar,20,18,37,2,77,0,15,61,0,76,20,33,98,2,153,62,0,62,215
08/05/2021,STS,CA,AWP,WE,Towers with Radar,23,28,33,2,86,0,17,56,0,73,23,45,89,2,159,62,0,62,221
08/06/2021,STS,CA,AWP,WE,Towers with Radar,22,26,43,0,91,0,8,47,2,57,22,34,90,2,148,88,0,88,236
08/07/2021,STS,CA,AWP,WE,Towers with Radar,23,19,36,3,81,0,21,69,0,90,23,40,105,3,171,118,0,118,289
08/08/2021,STS,CA,AWP,WE,Towers with Radar,23,24,26,0,73,0,10,93,0,103,23,34,119,0,176,126,0,126,302
08/09/2021,STS,CA,AWP,WE,Towers with Radar,23,11,17,0,51,0,20,125,0,145,23,31,142,0,196,56,0,56,252
08/10/2021,STS,CA,AWP,WE,Towers with Radar,21,12,22,1,56,0,22,96,1,119,21,34,118,2,175,68,0,68,243
08/11/2021,STS,CA,AWP,WE,Towers with Radar,22,20,19,0,61,0,24,111,0,135,22,44,130,0,196,108,0,108,304
08/12/2021,STS,CA,AWP,WE,Towers with Radar,23,8,36,0,67,0,8,72,0,80,23,16,108,0,147,124,0,124,271
08/13/2021,STS,CA,AWP,WE,Towers with Radar,26,16,26,0,68,0,42,115,0,157,26,58,141,0,225,110,0,110,335
08/14/2021,STS,CA,AWP,WE,Towers with Radar,23,14,28,0,65,0,17,89,0,106,23,31,117,0,171,132,0,132,303
08/15/2021,STS,CA,AWP,WE,Towers with Radar,23,12,25,0,60,0,18,86,0,104,23,30,111,0,164,46,0,46,210
08/16/2021,STS,CA,AWP,WE,Towers with Radar,22,7,22,0,51,0,10,84,0,94,22,17,106,0,145,94,0,94,239
08/17/2021,STS,CA,AWP,WE,Towers with Radar,20,9,22,0,51,0,6,109,0,115,20,15,131,0,166,178,0,178,344
08/18/2021,STS,CA,AWP,WE,Towers with Radar,23,13,41,0,77,0,56,79,0,135,23,69,120,0,212,62,0,62,274
08/19/2021,STS,CA,AWP,WE,Towers with Radar,23,24,43,0,90,0,6,91,3,100,23,30,134,3,190,96,8,104,294
08/20/2021,STS,CA,AWP,WE,Towers with Radar,23,14,40,0,77,0,8,54,0,62,23,22,94,0,139,128,0,128,267
08/21/2021,STS,CA,AWP,WE,Towers with Radar,22,20,43,0,85,0,1,37,0,38,22,21,80,0,123,78,0,78,201
08/22/2021,STS,CA,AWP,WE,Towers with Radar,23,18,29,0,70,0,4,57,0,61,23,22,86,0,131,106,0,106,237
08/23/2021,STS,CA,AWP,WE,Towers with Radar,23,21,30,0,74,0,3,73,0,76,23,24,103,0,150,46,0,46,196
08/24/2021,STS,CA,AWP,WE,Towers with Radar,20,16,28,0,64,0,8,104,0,112,20,24,132,0,176,72,0,72,248
08/25/2021,STS,CA,AWP,WE,Towers with Radar,21,17,32,0,70,0,7,99,2,108,21,24,131,2,178,74,0,74,252
08/26/2021,STS,CA,AWP,WE,Towers with Radar,23,23,18,0,64,0,13,97,1,111,23,36,115,1,175,108,0,108,283
08/27/2021,STS,CA,AWP,WE,Towers with Radar,25,12,31,0,68,0,17,89,4,110,25,29,120,4,178,126,0,126,304
08/28/2021,STS,CA,AWP,WE,Towers with Radar,21,18,9,0,48,0,17,61,0,78,21,35,70,0,126,96,0,96,222
08/29/2021,STS,CA,AWP,WE,Towers with Radar,23,24,33,0,80,0,8,68,0,76,23,32,101,0,156,66,0,66,222
08/30/2021,STS,CA,AWP,WE,Towers with Radar,23,9,38,0,70,0,6,74,0,80,23,15,112,0,150,44,26,70,220
08/31/2021,STS,CA,AWP,WE,Towers with Radar,25,19,16,0,60,0,27,129,0,156,25,46,145,0,216,84,0,84,300
09/01/2021,STS,CA,AWP,WE,Towers with Radar,18,18,41,0,77,0,13,81,0,94,18,31,122,0,171,68,0,68,239
09/02/2021,STS,CA,AWP,WE,Towers with Radar,23,11,28,0,62,0,18,86,4,108,23,29,114,4,170,70,0,70,240
09/03/2021,STS,CA,AWP,WE,Towers with Radar,22,22,36,0,80,0,15,83,0,98,22,37,119,0,178,34,0,34,212
09/04/2021,STS,CA,AWP,WE,Towers with Radar,25,10,17,0,52,0,18,76,0,94,25,28,93,0,146,120,0,120,266
09/05/2021,STS,CA,AWP,WE,Towers with Radar,22,14,16,0,52,0,16,91,2,109,22,30,107,2,161,60,0,60,221
09/06/2021,STS,CA,AWP,WE,Towers with Radar,22,20,22,0,64,0,15,116,0,131,22,35,138,0,195,48,0,48,243
09/07/2021,STS,CA,AWP,WE,Towers with Radar,20,16,24,0,60,0,9,83,0,92,20,25,107,0,152,66,0,66,218
09/08/2021,STS,CA,AWP,WE,Towers with Radar,17,12,18,0,47,0,18,87,0,105,17,30,105,0,152,80,0,80,232
09/09/2021,STS,CA,AWP,WE,Towers with Radar,30,16,20,0,66,0,9,104,3,116,30,25,124,3,182,70,8,78,260
09/10/2021,STS,CA,AWP,WE,Towers with Radar,26,12,49,0,87,0,15,100,0,115,26,27,149,0,202,82,0,82,284
09/11/2021,STS,CA,AWP,WE,Towers with Radar,19,10,22,0,51,0,13,120,0,133,19,23,142,0,184,34,0,34,218
09/12/2021,STS,CA,AWP,WE,Towers with Radar,27,20,24,0,71,0,22,109,0,131,27,42,133,0,202,46,0,46,248
09/13/2021,STS,CA,AWP,WE,Towers with Radar,26,12,30,0,68,0,23,104,0,127,26,35,134,0,195,152,0,152,347
09/14/2021,STS,CA,AWP,WE,Towers with Radar,0,0,0,0,0,0,0,0,0,0,0,0,0,0,0,0,0,0,0
09/15/2021,STS,CA,AWP,WE,Towers with Radar,0,0,0,0,0,0,0,0,0,0,0,0,0,0,0,0,0,0,0
09/16/2021,STS,CA,AWP,WE,Towers with Radar,30,19,41,0,90,0,7,83,0,90,30,26,124,0,180,52,0,52,232
09/17/2021,STS,CA,AWP,WE,Towers with Radar,31,26,41,0,98,0,8,78,0,86,31,34,119,0,184,138,0,138,322
09/18/2021,STS,CA,AWP,WE,Towers with Radar,20,16,55,0,91,0,0,1,0,1,20,16,56,0,92,0,0,0,92
09/19/2021,STS,CA,AWP,WE,Towers with Radar,30,27,33,0,90,0,7,106,0,113,30,34,139,0,203,50,0,50,253
09/20/2021,STS,CA,AWP,WE,Towers with Radar,28,5,27,0,60,0,10,124,3,137,28,15,151,3,197,68,0,68,265
09/21/2021,STS,CA,AWP,WE,Towers with Radar,20,16,16,1,53,0,30,97,6,133,20,46,113,7,186,64,4,68,254
09/22/2021,STS,CA,AWP,WE,Towers with Radar,17,24,24,0,65,0,17,128,0,145,17,41,152,0,210,100,0,100,310
09/23/2021,STS,CA,AWP,WE,Towers with Radar,29,19,49,0,97,0,8,86,0,94,29,27,135,0,191,90,0,90,281
09/24/2021,STS,CA,AWP,WE,Towers with Radar,28,16,21,4,69,0,12,152,0,164,28,28,173,4,233,122,0,122,355
09/25/2021,STS,CA,AWP,WE,Towers with Radar,19,17,30,2,68,0,13,102,0,115,19,30,132,2,183,88,0,88,271
09/26/2021,STS,CA,AWP,WE,Towers with Radar,30,17,29,0,76,0,10,113,0,123,30,27,142,0,199,28,0,28,227
09/27/2021,STS,CA,AWP,WE,Towers with Radar,30,20,47,3,100,0,2,30,1,33,30,22,77,4,133,108,0,108,241
09/28/2021,STS,CA,AWP,WE,Towers with Radar,17,15,18,1,51,0,6,137,0,143,17,21,155,1,194,136,0,136,330
09/29/2021,STS,CA,AWP,WE,Towers with Radar,17,11,22,0,50,0,6,130,0,136,17,17,152,0,186,104,0,104,290
09/30/2021,STS,CA,AWP,WE,Towers with Radar,29,14,26,1,70,0,15,127,2,144,29,29,153,3,214,70,0,70,284
10/01/2021,STS,CA,AWP,WE,Towers with Radar,31,21,24,0,76,0,12,154,0,166,31,33,178,0,242,136,0,136,378
10/02/2021,STS,CA,AWP,WE,Towers with Radar,21,11,15,0,47,0,17,123,0,140,21,28,138,0,187,92,0,92,279
10/03/2021,STS,CA,AWP,WE,Towers with Radar,30,22,22,0,74,0,10,115,0,125,30,32,137,0,199,82,0,82,281
10/04/2021,STS,CA,AWP,WE,Towers with Radar,32,15,22,0,69,0,20,95,0,115,32,35,117,0,184,144,0,144,328
10/05/2021,STS,CA,AWP,WE,Towers with Radar,17,13,32,0,62,0,10,103,0,113,17,23,135,0,175,96,0,96,271
10/06/2021,STS,CA,AWP,WE,Towers with Radar,18,22,37,0,77,0,8,93,2,103,18,30,130,2,180,128,0,128,308
10/07/2021,STS,CA,AWP,WE,Towers with Radar,27,24,46,0,97,0,11,92,0,103,27,35,138,0,200,126,0,126,326
10/08/2021,STS,CA,AWP,WE,Towers with Radar,28,18,51,0,97,0,9,99,0,108,28,27,150,0,205,116,0,116,321
10/09/2021,STS,CA,AWP,WE,Towers with Radar,15,15,15,0,45,0,9,129,0,138,15,24,144,0,183,116,0,116,299
10/10/2021,STS,CA,AWP,WE,Towers with Radar,28,25,27,0,80,0,7,119,0,126,28,32,146,0,206,96,0,96,302
10/11/2021,STS,CA,AWP,WE,Towers with Radar,31,17,21,2,71,0,14,56,0,70,31,31,77,2,141,62,0,62,203
10/12/2021,STS,CA,AWP,WE,Towers with Radar,18,20,15,0,53,0,18,92,0,110,18,38,107,0,163,46,0,46,209
10/13/2021,STS,CA,AWP,WE,Towers with Radar,17,23,30,0,70,0,6,87,0,93,17,29,117,0,163,124,0,124,287
10/14/2021,STS,CA,AWP,WE,Towers with Radar,26,18,40,2,86,0,11,113,0,124,26,29,153,2,210,62,0,62,272
10/15/2021,STS,CA,AWP,WE,Towers with Radar,32,24,21,0,77,0,15,116,0,131,32,39,137,0,208,160,0,160,368
10/16/2021,STS,CA,AWP,WE,Towers with Radar,15,16,13,2,46,0,9,148,0,157,15,25,161,2,203,62,0,62,265
10/17/2021,STS,CA,AWP,WE,Towers with Radar,27,30,40,0,97,0,5,31,0,36,27,35,71,0,133,26,0,26,159
10/18/2021,STS,CA,AWP,WE,Towers with Radar,26,19,29,0,74,0,4,80,0,84,26,23,109,0,158,124,0,124,282
10/19/2021,STS,CA,AWP,WE,Towers with Radar,18,12,20,0,50,0,2,60,0,62,18,14,80,0,112,132,0,132,244
10/20/2021,STS,CA,AWP,WE,Towers with Radar,25,30,34,0,89,0,0,0,0,0,25,30,34,0,89,0,0,0,89
10/21/2021,STS,CA,AWP,WE,Towers with Radar,22,23,43,0,88,0,0,0,0,0,22,23,43,0,88,0,0,0,88
10/22/2021,STS,CA,AWP,WE,Towers with Radar,25,26,35,8,94,0,10,60,6,76,25,36,95,14,170,146,0,146,316
10/23/2021,STS,CA,AWP,WE,Towers with Radar,17,14,44,0,75,0,3,1,0,4,17,17,45,0,79,4,0,4,83
10/24/2021,STS,CA,AWP,WE,Towers with Radar,13,10,12,0,35,0,0,0,0,0,13,10,12,0,35,0,0,0,35
10/25/2021,STS,CA,AWP,WE,Towers with Radar,32,20,22,0,74,0,6,34,0,40,32,26,56,0,114,88,0,88,202
10/26/2021,STS,CA,AWP,WE,Towers with Radar,17,15,47,0,79,0,0,0,0,0,17,15,47,0,79,4,0,4,83
10/27/2021,STS,CA,AWP,WE,Towers with Radar,17,22,38,0,77,0,7,72,0,79,17,29,110,0,156,82,0,82,238
10/28/2021,STS,CA,AWP,WE,Towers with Radar,27,9,29,0,65,0,7,120,0,127,27,16,149,0,192,144,0,144,336
10/29/2021,STS,CA,AWP,WE,Towers with Radar,32,14,24,0,70,0,13,151,0,164,32,27,175,0,234,196,0,196,430
10/30/2021,STS,CA,AWP,WE,Towers with Radar,15,21,32,0,68,0,5,5,0,10,15,26,37,0,78,0,0,0,78
10/31/2021,STS,CA,AWP,WE,Towers with Radar,26,11,33,0,70,0,2,8,0,10,26,13,41,0,80,6,0,6,86
11/01/2021,STS,CA,AWP,WE,Towers with Radar,29,16,35,0,80,0,1,1,0,2,29,17,36,0,82,4,0,4,86
11/02/2021,STS,CA,AWP,WE,Towers with Radar,15,16,32,0,63,0,8,64,0,72,15,24,96,0,135,128,0,128,263
11/03/2021,STS,CA,AWP,WE,Towers with Radar,16,9,16,0,41,0,8,119,2,129,16,17,135,2,170,148,0,148,318
11/04/2021,STS,CA,AWP,WE,Towers with Radar,28,11,30,0,69,0,7,85,3,95,28,18,115,3,164,272,0,272,436
11/05/2021,STS,CA,AWP,WE,Towers with Radar,29,17,25,0,71,0,9,114,0,123,29,26,139,0,194,138,0,138,332
11/06/2021,STS,CA,AWP,WE,Towers with Radar,18,12,18,0,48,0,12,68,4,84,18,24,86,4,132,172,0,172,304
11/07/2021,STS,CA,AWP,WE,Towers with Radar,25,22,26,0,73,0,14,199,0,213,25,36,225,0,286,110,0,110,396
11/08/2021,STS,CA,AWP,WE,Towers with Radar,26,15,32,0,73,0,4,69,0,73,26,19,101,0,146,68,0,68,214
11/09/2021,STS,CA,AWP,WE,Towers with Radar,17,16,37,0,70,0,1,0,0,1,17,17,37,0,71,0,0,0,71
11/10/2021,STS,CA,AWP,WE,Towers with Radar,16,14,41,0,71,0,5,75,0,80,16,19,116,0,151,86,0,86,237
11/11/2021,STS,CA,AWP,WE,Towers with Radar,27,30,28,0,85,0,13,157,0,170,27,43,185,0,255,134,0,134,389
11/12/2021,STS,CA,AWP,WE,Towers with Radar,31,8,37,0,76,0,8,85,0,93,31,16,122,0,169,198,0,198,367
11/13/2021,STS,CA,AWP,WE,Towers with Radar,16,14,22,0,52,0,5,128,0,133,16,19,150,0,185,42,0,42,227
11/14/2021,STS,CA,AWP,WE,Towers with Radar,25,34,36,0,95,0,8,50,0,58,25,42,86,0,153,122,0,122,275
11/15/2021,STS,CA,AWP,WE,Towers with Radar,26,17,38,0,81,0,0,10,0,10,26,17,48,0,91,14,0,14,105
11/16/2021,STS,CA,AWP,WE,Towers with Radar,16,11,33,0,60,0,7,109,0,116,16,18,142,0,176,94,0,94,270
11/17/2021,STS,CA,AWP,WE,Towers with Radar,14,10,18,0,42,0,5,108,0,113,14,15,126,0,155,120,0,120,275
11/18/2021,STS,CA,AWP,WE,Towers with Radar,26,7,31,0,64,0,12,80,0,92,26,19,111,0,156,154,0,154,310
11/19/2021,STS,CA,AWP,WE,Towers with Radar,22,41,48,4,115,0,2,6,0,8,22,43,54,4,123,2,0,2,125
11/20/2021,STS,CA,AWP,WE,Towers with Radar,16,23,20,1,60,0,21,122,0,143,16,44,142,1,203,85,0,85,288
11/21/2021,STS,CA,AWP,WE,Towers with Radar,22,8,21,0,51,0,13,142,0,155,22,21,163,0,206,98,0,98,304
11/22/2021,STS,CA,AWP,WE,Towers with Radar,21,11,9,5,46,0,22,147,6,175,21,33,156,11,221,116,4,120,341
11/23/2021,STS,CA,AWP,WE,Towers with Radar,16,21,23,2,62,0,14,131,0,145,16,35,154,2,207,106,0,106,313
11/24/2021,STS,CA,AWP,WE,Towers with Radar,17,18,38,0,73,1,13,104,0,118,18,31,142,0,191,64,0,64,255
11/25/2021,STS,CA,AWP,WE,Towers with Radar,17,3,4,0,24,0,2,36,0,38,17,5,40,0,62,32,0,32,94
11/26/2021,STS,CA,AWP,WE,Towers with Radar,22,6,11,0,39,0,15,135,0,150,22,21,146,0,189,130,0,130,319
11/27/2021,STS,CA,AWP,WE,Towers with Radar,20,16,39,0,75,0,8,123,0,131,20,24,162,0,206,80,0,80,286
11/28/2021,STS,CA,AWP,WE,Towers with Radar,23,26,25,0,74,0,46,112,0,158,23,72,137,0,232,78,0,78,310
11/29/2021,STS,CA,AWP,WE,Towers with Radar,22,14,15,2,53,0,10,123,6,139,22,24,138,8,192,164,0,164,356
11/30/2021,STS,CA,AWP,WE,Towers with Radar,17,10,22,0,49,0,7,141,0,148,17,17,163,0,197,68,0,68,265
12/01/2021,STS,CA,AWP,WE,Towers with Radar,18,11,18,0,47,0,10,120,0,130,18,21,138,0,177,186,0,186,363
12/02/2021,STS,CA,AWP,WE,Towers with Radar,20,11,23,0,54,0,6,116,4,126,20,17,139,4,180,138,0,138,318
12/03/2021,STS,CA,AWP,WE,Towers with Radar,20,13,36,2,71,0,0,2,0,2,20,13,38,2,73,0,0,0,73
12/04/2021,STS,CA,AWP,WE,Towers with Radar,16,9,28,0,53,0,0,0,0,0,16,9,28,0,53,12,0,12,65
12/05/2021,STS,CA,AWP,WE,Towers with Radar,25,12,23,0,60,0,9,110,0,119,25,21,133,0,179,112,0,112,291
12/06/2021,STS,CA,AWP,WE,Towers with Radar,22,13,31,0,66,0,0,0,0,0,22,13,31,0,66,0,0,0,66
12/07/2021,STS,CA,AWP,WE,Towers with Radar,22,20,34,6,82,0,6,69,0,75,22,26,103,6,157,64,0,64,221
12/08/2021,STS,CA,AWP,WE,Towers with Radar,16,15,33,1,65,0,0,7,0,7,16,15,40,1,72,10,0,10,82
12/09/2021,STS,CA,AWP,WE,Towers with Radar,23,16,28,2,69,0,8,118,1,127,23,24,146,3,196,146,16,162,358
12/10/2021,STS,CA,AWP,WE,Towers with Radar,20,15,26,0,61,0,13,163,2,178,20,28,189,2,239,242,0,242,481
12/11/2021,STS,CA,AWP,WE,Towers with Radar,16,11,12,0,39,0,1,126,0,127,16,12,138,0,166,164,0,164,330
12/12/2021,STS,CA,AWP,WE,Towers with Radar,25,16,25,0,66,0,0,0,0,0,25,16,25,0,66,0,0,0,66
12/13/2021,STS,CA,AWP,WE,Towers with Radar,19,6,20,0,45,0,1,0,0,1,19,7,20,0,46,0,0,0,46
12/14/2021,STS,CA,AWP,WE,Towers with Radar,22,6,25,0,53,0,5,87,0,92,22,11,112,0,145,158,0,158,303
12/15/2021,STS,CA,AWP,WE,Towers with Radar,16,14,28,2,60,0,1,2,0,3,16,15,30,2,63,2,0,2,65
12/16/2021,STS,CA,AWP,WE,Towers with Radar,20,13,25,1,59,0,3,82,2,87,20,16,107,3,146,100,0,100,246
12/17/2021,STS,CA,AWP,WE,Towers with Radar,21,23,28,0,72,0,13,132,0,145,21,36,160,0,217,162,0,162,379
12/18/2021,STS,CA,AWP,WE,Towers with Radar,25,27,21,0,73,0,5,85,0,90,25,32,106,0,163,96,0,96,259
12/19/2021,STS,CA,AWP,WE,Towers with Radar,17,25,46,0,88,0,4,30,0,34,17,29,76,0,122,88,0,88,210
12/20/2021,STS,CA,AWP,WE,Towers with Radar,21,24,24,0,69,0,2,39,0,41,21,26,63,0,110,102,0,102,212
12/21/2021,STS,CA,AWP,WE,Towers with Radar,14,11,17,0,42,0,3,24,0,27,14,14,41,0,69,10,0,10,79
12/22/2021,STS,CA,AWP,WE,Towers with Radar,14,10,31,0,55,0,0,0,0,0,14,10,31,0,55,0,0,0,55
12/23/2021,STS,CA,AWP,WE,Towers with Radar,23,24,17,0,64,0,1,4,0,5,23,25,21,0,69,10,0,10,79
12/24/2021,STS,CA,AWP,WE,Towers with Radar,20,8,7,0,35,0,6,58,4,68,20,14,65,4,103,46,0,46,149
12/25/2021,STS,CA,AWP,WE,Towers with Radar,16,9,3,0,28,0,0,4,0,4,16,9,7,0,32,0,0,0,32
12/26/2021,STS,CA,AWP,WE,Towers with Radar,15,16,16,0,47,0,1,8,0,9,15,17,24,0,56,4,0,4,60
12/27/2021,STS,CA,AWP,WE,Towers with Radar,17,13,20,0,50,0,2,31,0,33,17,15,51,0,83,56,0,56,139
12/28/2021,STS,CA,AWP,WE,Towers with Radar,11,16,26,0,53,0,2,6,0,8,11,18,32,0,61,14,0,14,75
12/29/2021,STS,CA,AWP,WE,Towers with Radar,13,5,25,0,43,0,1,30,0,31,13,6,55,0,74,90,0,90,164
12/30/2021,STS,CA,AWP,WE,Towers with Radar,21,18,26,0,65,0,7,94,1,102,21,25,120,1,167,114,0,114,281
12/31/2021,STS,CA,AWP,WE,Towers with Radar,18,10,18,0,46,0,13,132,0,145,18,23,150,0,191,122,0,122,313
01/01/2022,STS,CA,AWP,WE,Towers with Radar,17,13,9,0,39,1,9,141,0,151,18,22,150,0,190,76,0,76,266
01/02/2022,STS,CA,AWP,WE,Towers with Radar,15,11,42,0,68,0,8,125,0,133,15,19,167,0,201,142,0,142,343
01/03/2022,STS,CA,AWP,WE,Towers with Radar,20,11,29,0,60,0,0,0,0,0,20,11,29,0,60,2,0,2,62
01/04/2022,STS,CA,AWP,WE,Towers with Radar,20,25,26,0,71,0,3,9,0,12,20,28,35,0,83,56,0,56,139
01/05/2022,STS,CA,AWP,WE,Towers with Radar,19,13,18,0,50,0,4,20,0,24,19,17,38,0,74,44,0,44,118
01/06/2022,STS,CA,AWP,WE,Towers with Radar,22,7,39,1,69,0,0,0,0,0,22,7,39,1,69,4,0,4,73
01/07/2022,STS,CA,AWP,WE,Towers with Radar,25,15,28,0,68,0,6,21,0,27,25,21,49,0,95,106,0,106,201
01/08/2022,STS,CA,AWP,WE,Towers with Radar,18,10,17,0,45,0,8,145,11,164,18,18,162,11,209,144,0,144,353
01/09/2022,STS,CA,AWP,WE,Towers with Radar,12,15,22,0,49,0,5,111,0,116,12,20,133,0,165,132,0,132,297
01/10/2022,STS,CA,AWP,WE,Towers with Radar,20,7,16,0,43,0,1,100,0,101,20,8,116,0,144,80,0,80,224
01/11/2022,STS,CA,AWP,WE,Towers with Radar,19,9,15,0,43,0,7,109,2,118,19,16,124,2,161,178,0,178,339
01/12/2022,STS,CA,AWP,WE,Towers with Radar,19,8,18,1,46,0,9,105,4,118,19,17,123,5,164,154,0,154,318
01/13/2022,STS,CA,AWP,WE,Towers with Radar,24,5,26,0,55,0,12,83,0,95,24,17,109,0,150,116,0,116,266
01/14/2022,STS,CA,AWP,WE,Towers with Radar,21,15,28,0,64,0,21,123,0,144,21,36,151,0,208,104,0,104,312
01/15/2022,STS,CA,AWP,WE,Towers with Radar,15,11,21,0,47,0,9,147,0,156,15,20,168,0,203,90,0,90,293
01/16/2022,STS,CA,AWP,WE,Towers with Radar,21,3,17,0,41,0,13,125,0,138,21,16,142,0,179,46,0,46,225
01/17/2022,STS,CA,AWP,WE,Towers with Radar,21,16,24,0,61,0,8,116,0,124,21,24,140,0,185,92,0,92,277
01/18/2022,STS,CA,AWP,WE,Towers with Radar,24,12,21,0,57,0,2,54,1,57,24,14,75,1,114,90,0,90,204
01/19/2022,STS,CA,AWP,WE,Towers with Radar,16,11,13,0,40,0,10,96,4,110,16,21,109,4,150,170,0,170,320
01/20/2022,STS,CA,AWP,WE,Towers with Radar,21,13,28,2,64,0,7,97,1,105,21,20,125,3,169,92,0,92,261
01/21/2022,STS,CA,AWP,WE,Towers with Radar,22,14,13,0,49,0,21,78,0,99,22,35,91,0,148,104,0,104,252
01/22/2022,STS,CA,AWP,WE,Towers with Radar,17,8,21,1,47,0,2,64,0,66,17,10,85,1,113,142,0,142,255
01/23/2022,STS,CA,AWP,WE,Towers with Radar,22,22,21,0,65,0,2,145,0,147,22,24,166,0,212,86,0,86,298
01/24/2022,STS,CA,AWP,WE,Towers with Radar,19,10,21,0,50,0,7,97,0,104,19,17,118,0,154,78,0,78,232
01/25/2022,STS,CA,AWP,WE,Towers with Radar,24,8,19,1,52,0,5,100,1,106,24,13,119,2,158,180,0,180,338
01/26/2022,STS,CA,AWP,WE,Towers with Radar,15,13,27,0,55,0,13,93,0,106,15,26,120,0,161,158,0,158,319
01/27/2022,STS,CA,AWP,WE,Towers with Radar,11,4,13,0,28,0,5,66,0,71,11,9,79,0,99,86,0,86,185
01/28/2022,STS,CA,AWP,WE,Towers with Radar,21,9,17,1,48,0,12,94,0,106,21,21,111,1,154,102,0,102,256
01/29/2022,STS,CA,AWP,WE,Towers with Radar,18,6,18,0,42,0,9,136,0,145,18,15,154,0,187,112,0,112,299
01/30/2022,STS,CA,AWP,WE,Towers with Radar,26,8,19,0,53,0,15,114,0,129,26,23,133,0,182,100,0,100,282
01/31/2022,STS,CA,AWP,WE,Towers with Radar,22,9,12,0,43,0,5,76,0,81,22,14,88,0,124,78,0,78,202
02/01/2022,STS,CA,AWP,WE,Towers with Radar,24,10,15,0,49,0,7,39,0,46,24,17,54,0,95,36,0,36,131
02/02/2022,STS,CA,AWP,WE,Towers with Radar,16,12,10,1,39,0,7,39,3,49,16,19,49,4,88,22,4,26,114
02/03/2022,STS,CA,AWP,WE,Towers with Radar,21,13,20,1,55,0,9,121,2,132,21,22,141,3,187,168,0,168,355
02/04/2022,STS,CA,AWP,WE,Towers with Radar,18,10,24,1,53,0,14,165,0,179,18,24,189,1,232,120,0,120,352
02/05/2022,STS,CA,AWP,WE,Towers with Radar,15,9,15,0,39,0,7,122,0,129,15,16,137,0,168,82,0,82,250
02/06/2022,STS,CA,AWP,WE,Towers with Radar,22,17,23,0,62,0,4,164,0,168,22,21,187,0,230,60,0,60,290
02/07/2022,STS,CA,AWP,WE,Towers with Radar,18,5,26,0,49,0,5,103,0,108,18,10,129,0,157,136,0,136,293
02/08/2022,STS,CA,AWP,WE,Towers with Radar,25,5,12,0,42,0,5,98,0,103,25,10,110,0,145,126,0,126,271
02/09/2022,STS,CA,AWP,WE,Towers with Radar,20,13,9,0,42,0,6,101,0,107,20,19,110,0,149,58,0,58,207
02/10/2022,STS,CA,AWP,WE,Towers with Radar,21,12,22,1,56,0,9,139,1,149,21,21,161,2,205,84,0,84,289
02/11/2022,STS,CA,AWP,WE,Towers with Radar,19,13,23,0,55,0,12,130,0,142,19,25,153,0,197,124,0,124,321
02/12/2022,STS,CA,AWP,WE,Towers with Radar,13,13,14,2,42,0,10,144,0,154,13,23,158,2,196,80,0,80,276
02/13/2022,STS,CA,AWP,WE,Towers with Radar,21,4,13,0,38,0,17,146,0,163,21,21,159,0,201,68,0,68,269
02/14/2022,STS,CA,AWP,WE,Towers with Radar,22,15,29,1,67,0,10,40,1,51,22,25,69,2,118,124,0,124,242
02/15/2022,STS,CA,AWP,WE,Towers with Radar,16,10,17,0,43,0,3,53,0,56,16,13,70,0,99,84,0,84,183
02/16/2022,STS,CA,AWP,WE,Towers with Radar,15,8,14,0,37,0,11,105,0,116,15,19,119,0,153,30,0,30,183
02/17/2022,STS,CA,AWP,WE,Towers with Radar,20,14,27,0,61,0,10,136,2,148,20,24,163,2,209,106,0,106,315
02/18/2022,STS,CA,AWP,WE,Towers with Radar,19,11,19,0,49,0,11,146,1,158,19,22,165,1,207,114,0,114,321
02/19/2022,STS,CA,AWP,WE,Towers with Radar,14,17,17,0,48,0,10,170,0,180,14,27,187,0,228,138,0,138,366
02/20/2022,STS,CA,AWP,WE,Towers with Radar,20,18,32,0,70,0,3,79,0,82,20,21,111,0,152,48,0,48,200
02/21/2022,STS,CA,AWP,WE,Towers with Radar,22,21,16,0,59,0,11,39,0,50,22,32,55,0,109,44,0,44,153
02/22/2022,STS,CA,AWP,WE,Towers with Radar,14,22,23,0,59,0,5,89,2,96,14,27,112,2,155,106,0,106,261
02/23/2022,STS,CA,AWP,WE,Towers with Radar,17,13,18,0,48,0,9,114,0,123,17,22,132,0,171,138,0,138,309
02/24/2022,STS,CA,AWP,WE,Towers with Radar,20,11,27,0,58,0,11,120,2,133,20,22,147,2,191,136,0,136,327
02/25/2022,STS,CA,AWP,WE,Towers with Radar,24,17,16,0,57,0,27,109,1,137,24,44,125,1,194,164,0,164,358
02/26/2022,STS,CA,AWP,WE,Towers with Radar,15,6,23,0,44,0,12,117,0,129,15,18,140,0,173,64,0,64,237
02/27/2022,STS,CA,AWP,WE,Towers with Radar,19,13,17,0,49,0,15,106,0,121,19,28,123,0,170,82,0,82,252
02/28/2022,STS,CA,AWP,WE,Towers with Radar,21,15,11,1,48,0,5,140,4,149,21,20,151,5,197,88,0,88,285
03/01/2022,STS,CA,AWP,WE,Towers with Radar,15,6,10,1,32,0,12,93,3,108,15,18,103,4,140,110,0,110,250
03/02/2022,STS,CA,AWP,WE,Towers with Radar,14,8,24,1,47,0,13,96,0,109,14,21,120,1,156,172,0,172,328
03/03/2022,STS,CA,AWP,WE,Towers with Radar,15,23,39,0,77,0,4,17,0,21,15,27,56,0,98,36,0,36,134
03/04/2022,STS,CA,AWP,WE,Towers with Radar,22,10,22,0,54,0,12,55,2,69,22,22,77,2,123,42,0,42,165
03/05/2022,STS,CA,AWP,WE,Towers with Radar,16,11,12,0,39,0,14,115,0,129,16,25,127,0,168,68,0,68,236
03/06/2022,STS,CA,AWP,WE,Towers with Radar,19,25,25,0,69,0,4,144,1,149,19,29,169,1,218,106,0,106,324
03/07/2022,STS,CA,AWP,WE,Towers with Radar,21,14,19,1,55,0,4,108,1,113,21,18,127,2,168,124,0,124,292
03/08/2022,STS,CA,AWP,WE,Towers with Radar,15,7,17,2,41,0,10,120,0,130,15,17,137,2,171,126,0,126,297
03/09/2022,STS,CA,AWP,WE,Towers with Radar,15,13,20,2,50,0,5,105,2,112,15,18,125,4,162,50,0,50,212
03/10/2022,STS,CA,AWP,WE,Towers with Radar,20,12,16,1,49,0,7,104,0,111,20,19,120,1,160,130,0,130,290
03/11/2022,STS,CA,AWP,WE,Towers with Radar,21,15,16,0,52,0,12,136,0,148,21,27,152,0,200,142,0,142,342
03/12/2022,STS,CA,AWP,WE,Towers with Radar,17,11,19,0,47,0,10,101,0,111,17,21,120,0,158,140,0,140,298
03/13/2022,STS,CA,AWP,WE,Towers with Radar,19,11,25,0,55,0,9,95,0,104,19,20,120,0,159,58,0,58,217
03/14/2022,STS,CA,AWP,WE,Towers with Radar,23,9,24,0,56,0,14,106,1,121,23,23,130,1,177,150,0,150,327
03/15/2022,STS,CA,AWP,WE,Towers with Radar,18,11,39,0,68,0,7,17,0,24,18,18,56,0,92,80,0,80,172
03/16/2022,STS,CA,AWP,WE,Towers with Radar,16,13,21,0,50,0,12,88,0,100,16,25,109,0,150,132,0,132,282
03/17/2022,STS,CA,AWP,WE,Towers with Radar,24,20,18,0,62,0,12,83,0,95,24,32,101,0,157,170,0,170,327
03/18/2022,STS,CA,AWP,WE,Towers with Radar,26,10,22,0,58,0,13,107,0,120,26,23,129,0,178,156,0,156,334
03/19/2022,STS,CA,AWP,WE,Towers with Radar,20,8,24,2,54,0,4,35,0,39,20,12,59,2,93,42,0,42,135
03/20/2022,STS,CA,AWP,WE,Towers with Radar,23,11,26,0,60,0,17,112,0,129,23,28,138,0,189,154,0,154,343
03/21/2022,STS,CA,AWP,WE,Towers with Radar,25,21,19,4,69,0,6,102,0,108,25,27,121,4,177,174,0,174,351
03/22/2022,STS,CA,AWP,WE,Towers with Radar,21,23,24,0,68,0,11,127,0,138,21,34,151,0,206,144,0,144,350
03/23/2022,STS,CA,AWP,WE,Towers with Radar,19,14,26,0,59,0,8,94,0,102,19,22,120,0,161,80,0,80,241
03/24/2022,STS,CA,AWP,WE,Towers with Radar,24,15,23,0,62,0,12,105,0,117,24,27,128,0,179,40,0,40,219
03/25/2022,STS,CA,AWP,WE,Towers with Radar,26,14,14,0,54,0,9,96,0,105,26,23,110,0,159,74,0,74,233
03/26/2022,STS,CA,AWP,WE,Towers with Radar,21,12,24,0,57,0,8,135,0,143,21,20,159,0,200,98,0,98,298
03/27/2022,STS,CA,AWP,WE,Towers with Radar,24,7,37,0,68,0,4,27,0,31,24,11,64,0,99,74,0,74,173
03/28/2022,STS,CA,AWP,WE,Towers with Radar,28,14,41,0,83,0,6,13,0,19,28,20,54,0,102,58,0,58,160
03/29/2022,STS,CA,AWP,WE,Towers with Radar,23,9,24,1,57,0,2,71,0,73,23,11,95,1,130,110,0,110,240
03/30/2022,STS,CA,AWP,WE,Towers with Radar,20,12,19,2,53,0,4,80,1,85,20,16,99,3,138,130,0,130,268
03/31/2022,STS,CA,AWP,WE,Towers with Radar,24,14,23,0,61,0,14,99,0,113,24,28,122,0,174,78,0,78,252
04/01/2022,STS,CA,AWP,WE,Towers with Radar,26,14,16,1,57,0,12,123,0,135,26,26,139,1,192,92,0,92,284
04/02/2022,STS,CA,AWP,WE,Towers with Radar,20,5,14,1,40,0,7,123,0,130,20,12,137,1,170,62,0,62,232
04/03/2022,STS,CA,AWP,WE,Towers with Radar,23,14,23,0,60,0,4,93,0,97,23,18,116,0,157,82,0,82,239
04/04/2022,STS,CA,AWP,WE,Towers with Radar,25,13,24,2,64,0,3,53,0,56,25,16,77,2,120,100,0,100,220
04/05/2022,STS,CA,AWP,WE,Towers with Radar,19,10,23,0,52,0,7,116,0,123,19,17,139,0,175,186,0,186,361
04/06/2022,STS,CA,AWP,WE,Towers with Radar,20,25,13,0,58,0,9,123,0,132,20,34,136,0,190,96,0,96,286
04/07/2022,STS,CA,AWP,WE,Towers with Radar,25,30,22,0,77,0,15,134,2,151,25,45,156,2,228,142,0,142,370
04/08/2022,STS,CA,AWP,WE,Towers with Radar,28,20,19,0,67,0,12,117,0,129,28,32,136,0,196,16,0,16,212
04/09/2022,STS,CA,AWP,WE,Towers with Radar,20,11,13,0,44,0,15,73,0,88,20,26,86,0,132,76,0,76,208
04/10/2022,STS,CA,AWP,WE,Towers with Radar,24,20,16,0,60,0,11,66,0,77,24,31,82,0,137,36,1,37,174
04/11/2022,STS,CA,AWP,WE,Towers with Radar,26,29,20,0,75,0,13,15,0,28,26,42,35,0,103,2,0,2,105
04/12/2022,STS,CA,AWP,WE,Towers with Radar,22,19,26,0,67,0,11,80,0,91,22,30,106,0,158,88,0,88,246
04/13/2022,STS,CA,AWP,WE,Towers with Radar,20,10,27,0,57,0,10,42,2,54,20,20,69,2,111,132,0,132,243
04/14/2022,STS,CA,AWP,WE,Towers with Radar,26,18,39,0,83,0,3,6,0,9,26,21,45,0,92,0,0,0,92
04/15/2022,STS,CA,AWP,WE,Towers with Radar,28,19,23,0,70,0,21,101,1,123,28,40,124,1,193,166,0,166,359
04/16/2022,STS,CA,AWP,WE,Towers with Radar,20,12,26,4,62,0,4,43,0,47,20,16,69,4,109,96,0,96,205
04/17/2022,STS,CA,AWP,WE,Towers with Radar,25,20,29,0,74,0,5,101,0,106,25,25,130,0,180,72,0,72,252
04/18/2022,STS,CA,AWP,WE,Towers with Radar,24,16,23,0,63,0,4,32,0,36,24,20,55,0,99,34,0,34,133
04/19/2022,STS,CA,AWP,WE,Towers with Radar,18,11,25,0,54,0,4,53,0,57,18,15,78,0,111,140,0,140,251
04/20/2022,STS,CA,AWP,WE,Towers with Radar,16,11,36,0,63,0,3,10,0,13,16,14,46,0,76,8,0,8,84
04/21/2022,STS,CA,AWP,WE,Towers with Radar,24,13,23,0,60,0,11,20,0,31,24,24,43,0,91,54,0,54,145
04/22/2022,STS,CA,AWP,WE,Towers with Radar,27,19,38,0,84,0,13,72,2,87,27,32,110,2,171,130,0,130,301
04/23/2022,STS,CA,AWP,WE,Towers with Radar,19,7,17,0,43,0,18,190,0,208,19,25,207,0,251,78,0,78,329
04/24/2022,STS,CA,AWP,WE,Towers with Radar,26,26,30,0,82,0,17,142,0,159,26,43,172,0,241,120,0,120,361
04/25/2022,STS,CA,AWP,WE,Towers with Radar,27,10,17,0,54,0,6,136,0,142,27,16,153,0,196,168,0,168,364
04/26/2022,STS,CA,AWP,WE,Towers with Radar,19,10,21,1,51,0,6,81,1,88,19,16,102,2,139,152,0,152,291
04/27/2022,STS,CA,AWP,WE,Towers with Radar,12,16,19,0,47,0,6,94,0,100,12,22,113,0,147,122,0,122,269
04/28/2022,STS,CA,AWP,WE,Towers with Radar,24,10,20,0,54,0,11,85,0,96,24,21,105,0,150,102,0,102,252
04/29/2022,STS,CA,AWP,WE,Towers with Radar,31,14,31,0,76,0,10,125,0,135,31,24,156,0,211,104,0,104,315
04/30/2022,STS,CA,AWP,WE,Towers with Radar,20,7,16,0,43,0,12,107,0,119,20,19,123,0,162,94,0,94,256
05/01/2022,STS,CA,AWP,WE,Towers with Radar,24,16,18,0,58,0,35,115,0,150,24,51,133,0,208,78,0,78,286
05/02/2022,STS,CA,AWP,WE,Towers with Radar,9,11,25,0,45,0,9,50,0,59,9,20,75,0,104,28,0,28,132
05/03/2022,STS,CA,AWP,WE,Towers with Radar,23,6,12,0,41,0,5,106,2,113,23,11,118,2,154,130,0,130,284
05/04/2022,STS,CA,AWP,WE,Towers with Radar,20,11,18,0,49,0,8,116,0,124,20,19,134,0,173,134,0,134,307
05/05/2022,STS,CA,AWP,WE,Towers with Radar,24,8,29,0,61,0,13,104,0,117,24,21,133,0,178,170,0,170,348
05/06/2022,STS,CA,AWP,WE,Towers with Radar,24,21,45,0,90,0,7,12,0,19,24,28,57,0,109,28,0,28,137
05/07/2022,STS,CA,AWP,WE,Towers with Radar,18,6,16,0,40,0,15,83,0,98,18,21,99,0,138,58,0,58,196
05/08/2022,STS,CA,AWP,WE,Towers with Radar,23,24,26,0,73,0,12,15,0,27,23,36,41,0,100,4,0,4,104
05/09/2022,STS,CA,AWP,WE,Towers with Radar,22,10,31,0,63,0,6,71,0,77,22,16,102,0,140,88,0,88,228
05/10/2022,STS,CA,AWP,WE,Towers with Radar,24,14,31,0,69,0,15,76,0,91,24,29,107,0,160,192,0,192,352
05/11/2022,STS,CA,AWP,WE,Towers with Radar,17,12,18,0,47,0,8,121,6,135,17,20,139,6,182,174,0,174,356
05/12/2022,STS,CA,AWP,WE,Towers with Radar,24,14,20,0,58,0,7,108,3,118,24,21,128,3,176,227,0,227,403
05/13/2022,STS,CA,AWP,WE,Towers with Radar,22,13,21,0,56,0,9,136,0,145,22,22,157,0,201,154,0,154,355
05/14/2022,STS,CA,AWP,WE,Towers with Radar,17,12,12,0,41,0,12,114,0,126,17,24,126,0,167,96,0,96,263
05/15/2022,STS,CA,AWP,WE,Towers with Radar,23,24,24,0,71,0,24,142,0,166,23,48,166,0,237,150,0,150,387
05/16/2022,STS,CA,AWP,WE,Towers with Radar,22,17,16,0,55,0,10,100,17,127,22,27,116,17,182,172,8,180,362
05/17/2022,STS,CA,AWP,WE,Towers with Radar,22,6,10,0,38,0,12,115,0,127,22,18,125,0,165,270,0,270,435
05/18/2022,STS,CA,AWP,WE,Towers with Radar,15,18,23,1,57,0,18,100,6,124,15,36,123,7,181,190,0,190,371
05/19/2022,STS,CA,AWP,WE,Towers with Radar,23,14,21,0,58,0,20,79,0,99,23,34,100,0,157,65,0,65,222
05/20/2022,STS,CA,AWP,WE,Towers with Radar,21,17,14,0,52,0,13,58,0,71,21,30,72,0,123,96,0,96,219
05/21/2022,STS,CA,AWP,WE,Towers with Radar,21,11,15,0,47,0,5,171,0,176,21,16,186,0,223,66,0,66,289
05/22/2022,STS,CA,AWP,WE,Towers with Radar,22,12,25,0,59,0,9,101,0,110,22,21,126,0,169,54,0,54,223
05/23/2022,STS,CA,AWP,WE,Towers with Radar,21,5,17,0,43,0,25,120,0,145,21,30,137,0,188,66,0,66,254
05/24/2022,STS,CA,AWP,WE,Towers with Radar,22,14,28,0,64,0,16,98,0,114,22,30,126,0,178,134,0,134,312
05/25/2022,STS,CA,AWP,WE,Towers with Radar,17,11,31,2,61,0,15,87,0,102,17,26,118,2,163,276,0,276,439
05/26/2022,STS,CA,AWP,WE,Towers with Radar,23,10,31,0,64,0,14,43,2,59,23,24,74,2,123,110,0,110,233
05/27/2022,STS,CA,AWP,WE,Towers with Radar,27,15,50,0,92,0,15,41,0,56,27,30,91,0,148,72,0,72,220
05/28/2022,STS,CA,AWP,WE,Towers with Radar,22,10,11,0,43,0,27,40,0,67,22,37,51,0,110,98,0,98,208
05/29/2022,STS,CA,AWP,WE,Towers with Radar,23,10,8,0,41,0,8,67,0,75,23,18,75,0,116,80,0,80,196
05/30/2022,STS,CA,AWP,WE,Towers with Radar,25,12,30,0,67,0,16,105,0,121,25,28,135,0,188,98,0,98,286
05/31/2022,STS,CA,AWP,WE,Towers with Radar,21,7,19,0,47,0,65,133,0,198,21,72,152,0,245,86,0,86,331
06/01/2022,STS,CA,AWP,WE,Towers with Radar,17,10,26,0,53,0,25,121,0,146,17,35,147,0,199,158,0,158,357
06/02/2022,STS,CA,AWP,WE,Towers with Radar,22,14,38,2,76,0,13,111,0,124,22,27,149,2,200,78,0,78,278
06/03/2022,STS,CA,AWP,WE,Towers with Radar,25,14,14,0,53,0,13,94,0,107,25,27,108,0,160,166,0,166,326
06/04/2022,STS,CA,AWP,WE,Towers with Radar,20,19,17,0,56,0,8,100,0,108,20,27,117,0,164,128,0,128,292
06/05/2022,STS,CA,AWP,WE,Towers with Radar,23,24,34,0,81,0,6,14,0,20,23,30,48,0,101,44,0,44,145
06/06/2022,STS,CA,AWP,WE,Towers with Radar,27,14,29,0,70,0,19,85,0,104,27,33,114,0,174,108,0,108,282
06/07/2022,STS,CA,AWP,WE,Towers with Radar,18,4,19,1,42,0,11,123,0,134,18,15,142,1,176,162,0,162,338
06/08/2022,STS,CA,AWP,WE,Towers with Radar,20,8,26,4,58,0,14,118,0,132,20,22,144,4,190,138,0,138,328
06/09/2022,STS,CA,AWP,WE,Towers with Radar,24,33,29,0,86,0,27,77,1,105,24,60,106,1,191,80,0,80,271
06/10/2022,STS,CA,AWP,WE,Towers with Radar,26,24,27,0,77,0,12,89,0,101,26,36,116,0,178,92,0,92,270
06/11/2022,STS,CA,AWP,WE,Towers with Radar,20,15,12,0,47,0,23,159,4,186,20,38,171,4,233,48,0,48,281
06/12/2022,STS,CA,AWP,WE,Towers with Radar,27,42,59,0,128,0,18,49,0,67,27,60,108,0,195,86,0,86,281
06/13/2022,STS,CA,AWP,WE,Towers with Radar,26,5,15,0,46,0,37,101,0,138,26,42,116,0,184,72,0,72,256
06/14/2022,STS,CA,AWP,WE,Towers with Radar,19,6,37,2,64,0,21,112,1,134,19,27,149,3,198,54,0,54,252
06/15/2022,STS,CA,AWP,WE,Towers with Radar,20,20,24,2,66,0,9,110,0,119,20,29,134,2,185,126,0,126,311
06/16/2022,STS,CA,AWP,WE,Towers with Radar,26,23,31,1,81,0,27,105,3,135,26,50,136,4,216,148,12,160,376
06/17/2022,STS,CA,AWP,WE,Towers with Radar,26,10,12,3,51,0,30,63,0,93,26,40,75,3,144,82,0,82,226
06/18/2022,STS,CA,AWP,WE,Towers with Radar,21,3,22,0,46,0,22,142,0,164,21,25,164,0,210,84,0,84,294
06/19/2022,STS,CA,AWP,WE,Towers with Radar,26,14,13,0,53,0,22,100,0,122,26,36,113,0,175,96,0,96,271
06/20/2022,STS,CA,AWP,WE,Towers with Radar,25,27,21,0,73,0,18,115,0,133,25,45,136,0,206,56,0,56,262
06/21/2022,STS,CA,AWP,WE,Towers with Radar,20,17,10,2,49,0,28,79,0,107,20,45,89,2,156,116,0,116,272
06/22/2022,STS,CA,AWP,WE,Towers with Radar,22,14,16,0,52,0,28,119,0,147,22,42,135,0,199,114,0,114,313
06/23/2022,STS,CA,AWP,WE,Towers with Radar,25,9,21,2,57,0,35,110,0,145,25,44,131,2,202,133,0,133,335
06/24/2022,STS,CA,AWP,WE,Towers with Radar,29,19,18,1,67,0,36,118,0,154,29,55,136,1,221,132,0,132,353
06/25/2022,STS,CA,AWP,WE,Towers with Radar,24,12,31,0,67,0,16,113,0,129,24,28,144,0,196,50,0,50,246
06/26/2022,STS,CA,AWP,WE,Towers with Radar,27,27,32,0,86,0,19,78,0,97,27,46,110,0,183,88,0,88,271
06/27/2022,STS,CA,AWP,WE,Towers with Radar,29,20,21,0,70,0,46,80,0,126,29,66,101,0,196,96,0,96,292
06/28/2022,STS,CA,AWP,WE,Towers with Radar,19,26,10,0,55,0,15,119,0,134,19,41,129,0,189,102,0,102,291
06/29/2022,STS,CA,AWP,WE,Towers with Radar,21,16,14,0,51,0,12,103,3,118,21,28,117,3,169,98,0,98,267
06/30/2022,STS,CA,AWP,WE,Towers with Radar,26,13,30,0,69,0,15,78,0,93,26,28,108,0,162,104,0,104,266
07/01/2022,STS,CA,AWP,WE,Towers with Radar,27,15,39,0,81,0,15,108,0,123,27,30,147,0,204,73,0,73,277
07/02/2022,STS,CA,AWP,WE,Towers with Radar,21,8,39,0,68,0,14,79,0,93,21,22,118,0,161,62,0,62,223
07/03/2022,STS,CA,AWP,WE,Towers with Radar,24,11,19,1,55,0,11,63,0,74,24,22,82,1,129,112,0,112,241
07/04/2022,STS,CA,AWP,WE,Towers with Radar,27,7,16,0,50,0,9,33,0,42,27,16,49,0,92,69,0,69,161
07/05/2022,STS,CA,AWP,WE,Towers with Radar,21,12,33,0,66,0,20,49,2,71,21,32,82,2,137,82,0,82,219
07/06/2022,STS,CA,AWP,WE,Towers with Radar,20,14,27,0,61,0,22,81,0,103,20,36,108,0,164,112,0,112,276
07/07/2022,STS,CA,AWP,WE,Towers with Radar,27,10,24,0,61,0,19,100,0,119,27,29,124,0,180,76,0,76,256
07/08/2022,STS,CA,AWP,WE,Towers with Radar,26,10,7,0,43,0,39,116,4,159,26,49,123,4,202,126,0,126,328
07/09/2022,STS,CA,AWP,WE,Towers with Radar,22,18,18,0,58,0,15,84,0,99,22,33,102,0,157,116,0,116,273
07/10/2022,STS,CA,AWP,WE,Towers with Radar,25,12,18,0,55,0,5,98,0,103,25,17,116,0,158,118,0,118,276
07/11/2022,STS,CA,AWP,WE,Towers with Radar,27,10,16,0,53,0,10,108,0,118,27,20,124,0,171,94,0,94,265
07/12/2022,STS,CA,AWP,WE,Towers with Radar,19,23,27,2,71,0,18,86,0,104,19,41,113,2,175,102,0,102,277
07/13/2022,STS,CA,AWP,WE,Towers with Radar,21,29,43,0,93,0,31,120,0,151,21,60,163,0,244,118,0,118,362
07/14/2022,STS,CA,AWP,WE,Towers with Radar,26,24,51,0,101,0,6,83,0,89,26,30,134,0,190,84,0,84,274
07/15/2022,STS,CA,AWP,WE,Towers with Radar,26,21,20,0,67,0,13,91,0,104,26,34,111,0,171,42,0,42,213
07/16/2022,STS,CA,AWP,WE,Towers with Radar,20,14,21,0,55,0,21,100,0,121,20,35,121,0,176,46,0,46,222
07/17/2022,STS,CA,AWP,WE,Towers with Radar,28,46,51,0,125,0,18,106,0,124,28,64,157,0,249,56,0,56,305
07/18/2022,STS,CA,AWP,WE,Towers with Radar,28,7,28,2,65,0,26,93,0,119,28,33,121,2,184,40,0,40,224
07/19/2022,STS,CA,AWP,WE,Towers with Radar,19,12,36,0,67,0,22,91,0,113,19,34,127,0,180,48,0,48,228
07/20/2022,STS,CA,AWP,WE,Towers with Radar,21,14,32,0,67,0,17,122,0,139,21,31,154,0,206,40,0,40,246
07/21/2022,STS,CA,AWP,WE,Towers with Radar,27,40,69,0,136,0,17,81,0,98,27,57,150,0,234,66,0,66,300
07/22/2022,STS,CA,AWP,WE,Towers with Radar,28,16,33,0,77,0,24,90,1,115,28,40,123,1,192,96,0,96,288
07/23/2022,STS,CA,AWP,WE,Towers with Radar,21,19,21,0,61,0,12,88,1,101,21,31,109,1,162,34,0,34,196
07/24/2022,STS,CA,AWP,WE,Towers with Radar,27,52,76,0,155,0,17,61,0,78,27,69,137,0,233,38,0,38,271
07/25/2022,STS,CA,AWP,WE,Towers with Radar,25,26,35,0,86,0,23,71,0,94,25,49,106,0,180,66,0,66,246
07/26/2022,STS,CA,AWP,WE,Towers with Radar,19,6,33,0,58,0,17,88,0,105,19,23,121,0,163,51,0,51,214
07/27/2022,STS,CA,AWP,WE,Towers with Radar,23,17,23,4,67,0,20,89,6,115,23,37,112,10,182,80,0,80,262
07/28/2022,STS,CA,AWP,WE,Towers with Radar,27,26,48,0,101,0,9,79,0,88,27,35,127,0,189,134,0,134,323
07/29/2022,STS,CA,AWP,WE,Towers with Radar,29,26,15,0,70,0,18,82,0,100,29,44,97,0,170,80,0,80,250
07/30/2022,STS,CA,AWP,WE,Towers with Radar,24,13,27,0,64,0,12,72,0,84,24,25,99,0,148,110,0,110,258
07/31/2022,STS,CA,AWP,WE,Towers with Radar,28,32,35,0,95,0,8,81,0,89,28,40,116,0,184,64,0,64,248
08/01/2022,STS,CA,AWP,WE,Towers with Radar,28,18,19,0,65,0,11,56,3,70,28,29,75,3,135,50,0,50,185
08/02/2022,STS,CA,AWP,WE,Towers with Radar,20,13,9,2,44,0,20,106,0,126,20,33,115,2,170,96,0,96,266
08/03/2022,STS,CA,AWP,WE,Towers with Radar,21,9,18,0,48,0,15,84,0,99,21,24,102,0,147,86,0,86,233
08/04/2022,STS,CA,AWP,WE,Towers with Radar,31,10,19,0,60,0,32,118,0,150,31,42,137,0,210,98,0,98,308
08/05/2022,STS,CA,AWP,WE,Towers with Radar,29,25,33,0,87,0,12,92,2,106,29,37,125,2,193,162,0,162,355
08/06/2022,STS,CA,AWP,WE,Towers with Radar,20,16,15,0,51,0,17,97,0,114,20,33,112,0,165,166,0,166,331
08/07/2022,STS,CA,AWP,WE,Towers with Radar,26,18,15,0,59,0,10,73,0,83,26,28,88,0,142,82,0,82,224
08/08/2022,STS,CA,AWP,WE,Towers with Radar,26,12,31,0,69,1,23,85,0,109,27,35,116,0,178,58,0,58,236
08/09/2022,STS,CA,AWP,WE,Towers with Radar,18,13,17,4,52,0,20,91,7,118,18,33,108,11,170,104,0,104,274
08/10/2022,STS,CA,AWP,WE,Towers with Radar,20,19,13,2,54,0,14,86,0,100,20,33,99,2,154,142,0,142,296
08/11/2022,STS,CA,AWP,WE,Towers with Radar,29,13,22,3,67,0,12,112,1,125,29,25,134,4,192,84,0,84,276
08/12/2022,STS,CA,AWP,WE,Towers with Radar,26,13,24,0,63,0,8,92,2,102,26,21,116,2,165,128,0,128,293
08/13/2022,STS,CA,AWP,WE,Towers with Radar,19,9,8,0,36,0,17,118,0,135,19,26,126,0,171,26,0,26,197
08/14/2022,STS,CA,AWP,WE,Towers with Radar,26,14,21,0,61,0,19,86,0,105,26,33,107,0,166,94,0,94,260
08/15/2022,STS,CA,AWP,WE,Towers with Radar,26,19,20,2,67,0,35,81,0,116,26,54,101,2,183,46,0,46,229
08/16/2022,STS,CA,AWP,WE,Towers with Radar,18,11,23,1,53,0,19,92,0,111,18,30,115,1,164,104,0,104,268
08/17/2022,STS,CA,AWP,WE,Towers with Radar,20,11,19,0,50,0,17,82,7,106,20,28,101,7,156,101,0,101,257
08/18/2022,STS,CA,AWP,WE,Towers with Radar,27,5,23,0,55,0,14,85,0,99,27,19,108,0,154,98,0,98,252
08/19/2022,STS,CA,AWP,WE,Towers with Radar,26,18,24,0,68,0,20,102,0,122,26,38,126,0,190,102,0,102,292
08/20/2022,STS,CA,AWP,WE,Towers with Radar,18,11,20,0,49,0,25,114,0,139,18,36,134,0,188,102,0,102,290
08/21/2022,STS,CA,AWP,WE,Towers with Radar,28,16,24,0,68,0,9,111,0,120,28,25,135,0,188,114,0,114,302
08/22/2022,STS,CA,AWP,WE,Towers with Radar,23,13,28,2,66,0,12,81,0,93,23,25,109,2,159,48,0,48,207
08/23/2022,STS,CA,AWP,WE,Towers with Radar,19,8,17,2,46,0,10,67,0,77,19,18,84,2,123,86,0,86,209
08/24/2022,STS,CA,AWP,WE,Towers with Radar,20,8,16,0,44,0,14,92,0,106,20,22,108,0,150,102,0,102,252
08/25/2022,STS,CA,AWP,WE,Towers with Radar,22,17,28,0,67,0,7,65,0,72,22,24,93,0,139,96,0,96,235
08/26/2022,STS,CA,AWP,WE,Towers with Radar,26,17,25,0,68,0,10,89,1,100,26,27,114,1,168,86,0,86,254
08/27/2022,STS,CA,AWP,WE,Towers with Radar,18,12,11,2,43,0,19,83,2,104,18,31,94,4,147,74,0,74,221
08/28/2022,STS,CA,AWP,WE,Towers with Radar,26,21,36,0,83,0,11,80,0,91,26,32,116,0,174,124,0,124,298
08/29/2022,STS,CA,AWP,WE,Towers with Radar,24,12,32,1,69,0,18,94,1,113,24,30,126,2,182,114,0,114,296
08/30/2022,STS,CA,AWP,WE,Towers with Radar,18,11,13,0,42,0,21,46,6,73,18,32,59,6,115,142,0,142,257
08/31/2022,STS,CA,AWP,WE,Towers with Radar,22,16,31,2,71,0,17,84,0,101,22,33,115,2,172,122,0,122,294
09/01/2022,STS,CA,AWP,WE,Towers with Radar,26,13,13,0,52,0,17,90,0,107,26,30,103,0,159,96,0,96,255
09/02/2022,STS,CA,AWP,WE,Towers with Radar,26,14,27,0,67,0,25,84,0,109,26,39,111,0,176,102,0,102,278
09/03/2022,STS,CA,AWP,WE,Towers with Radar,19,5,16,0,40,0,16,102,0,118,19,21,118,0,158,98,0,98,256
09/04/2022,STS,CA,AWP,WE,Towers with Radar,25,13,13,1,52,0,14,64,0,78,25,27,77,1,130,91,0,91,221
09/05/2022,STS,CA,AWP,WE,Towers with Radar,26,12,21,0,59,0,24,77,0,101,26,36,98,0,160,70,0,70,230
09/06/2022,STS,CA,AWP,WE,Towers with Radar,19,8,10,0,37,0,15,48,0,63,19,23,58,0,100,60,0,60,160
09/07/2022,STS,CA,AWP,WE,Towers with Radar,28,8,10,0,46,0,11,65,3,79,28,19,75,3,125,40,0,40,165
09/08/2022,STS,CA,AWP,WE,Towers with Radar,27,21,14,0,62,0,25,62,0,87,27,46,76,0,149,46,0,46,195
09/09/2022,STS,CA,AWP,WE,Towers with Radar,30,17,22,0,69,0,7,74,0,81,30,24,96,0,150,90,0,90,240
09/10/2022,STS,CA,AWP,WE,Towers with Radar,24,15,22,0,61,0,13,56,0,69,24,28,78,0,130,56,0,56,186
09/11/2022,STS,CA,AWP,WE,Towers with Radar,31,19,27,0,77,0,17,90,0,107,31,36,117,0,184,81,0,81,265
09/12/2022,STS,CA,AWP,WE,Towers with Radar,29,14,19,1,63,1,7,78,1,87,30,21,97,2,150,46,0,46,196
09/13/2022,STS,CA,AWP,WE,Towers with Radar,22,14,17,0,53,0,6,87,0,93,22,20,104,0,146,94,0,94,240
09/14/2022,STS,CA,AWP,WE,Towers with Radar,21,15,12,0,48,0,11,84,0,95,21,26,96,0,143,42,0,42,185
09/15/2022,STS,CA,AWP,WE,Towers with Radar,30,21,31,2,84,0,6,69,8,83,30,27,100,10,167,53,0,53,220
09/16/2022,STS,CA,AWP,WE,Towers with Radar,29,17,13,0,59,0,19,102,0,121,29,36,115,0,180,73,0,73,253
09/17/2022,STS,CA,AWP,WE,Towers with Radar,27,18,22,0,67,0,48,96,0,144,27,66,118,0,211,40,0,40,251
09/18/2022,STS,CA,AWP,WE,Towers with Radar,30,23,22,0,75,0,2,2,0,4,30,25,24,0,79,0,0,0,79
09/19/2022,STS,CA,AWP,WE,Towers with Radar,29,17,19,0,65,0,9,28,0,37,29,26,47,0,102,100,0,100,202
09/20/2022,STS,CA,AWP,WE,Towers with Radar,29,8,35,0,72,0,5,65,0,70,29,13,100,0,142,78,0,78,220
09/21/2022,STS,CA,AWP,WE,Towers with Radar,24,8,25,0,57,0,28,87,0,115,24,36,112,0,172,150,0,150,322
09/22/2022,STS,CA,AWP,WE,Towers with Radar,30,15,27,2,74,0,21,117,3,141,30,36,144,5,215,112,0,112,327
09/23/2022,STS,CA,AWP,WE,Towers with Radar,31,18,23,1,73,0,28,162,1,191,31,46,185,2,264,116,0,116,380
09/24/2022,STS,CA,AWP,WE,Towers with Radar,23,10,7,0,40,1,9,220,0,230,24,19,227,0,270,44,0,44,314
09/25/2022,STS,CA,AWP,WE,Towers with Radar,32,10,22,0,64,0,11,96,0,107,32,21,118,0,171,96,0,96,267
09/26/2022,STS,CA,AWP,WE,Towers with Radar,31,22,30,0,83,0,18,80,0,98,31,40,110,0,181,70,0,70,251
09/27/2022,STS,CA,AWP,WE,Towers with Radar,23,11,32,0,66,0,6,68,0,74,23,17,100,0,140,54,0,54,194
09/28/2022,STS,CA,AWP,WE,Towers with Radar,24,21,15,1,61,0,8,92,0,100,24,29,107,1,161,78,0,78,239
09/29/2022,STS,CA,AWP,WE,Towers with Radar,29,14,16,2,61,0,21,110,0,131,29,35,126,2,192,111,0,111,303
09/30/2022,STS,CA,AWP,WE,Towers with Radar,30,13,26,0,69,0,17,112,1,130,30,30,138,1,199,150,0,150,349
10/01/2022,STS,CA,AWP,WE,Towers with Radar,25,12,21,1,59,0,8,34,1,43,25,20,55,2,102,42,0,42,144
10/02/2022,STS,CA,AWP,WE,Towers with Radar,33,21,18,0,72,0,13,56,0,69,33,34,74,0,141,74,0,74,215
10/03/2022,STS,CA,AWP,WE,Towers with Radar,30,14,24,0,68,0,15,81,2,98,30,29,105,2,166,44,0,44,210
10/04/2022,STS,CA,AWP,WE,Towers with Radar,26,21,24,0,71,0,8,60,0,68,26,29,84,0,139,108,0,108,247
10/05/2022,STS,CA,AWP,WE,Towers with Radar,26,7,18,0,51,0,9,85,0,94,26,16,103,0,145,104,0,104,249
10/06/2022,STS,CA,AWP,WE,Towers with Radar,27,14,26,0,67,0,24,80,2,106,27,38,106,2,173,88,0,88,261
10/07/2022,STS,CA,AWP,WE,Towers with Radar,30,19,22,0,71,0,16,89,0,105,30,35,111,0,176,132,0,132,308
10/08/2022,STS,CA,AWP,WE,Towers with Radar,20,1,20,1,42,0,15,95,0,110,20,16,115,1,152,102,0,102,254
10/09/2022,STS,CA,AWP,WE,Towers with Radar,27,19,27,0,73,0,18,64,0,82,27,37,91,0,155,94,0,94,249
10/10/2022,STS,CA,AWP,WE,Towers with Radar,27,15,30,0,72,0,19,82,0,101,27,34,112,0,173,46,0,46,219
10/11/2022,STS,CA,AWP,WE,Towers with Radar,21,20,20,0,61,0,10,66,0,76,21,30,86,0,137,96,0,96,233
10/12/2022,STS,CA,AWP,WE,Towers with Radar,22,17,42,2,83,0,15,73,0,88,22,32,115,2,171,67,0,67,238
10/13/2022,STS,CA,AWP,WE,Towers with Radar,26,22,43,0,91,0,16,62,0,78,26,38,105,0,169,50,0,50,219
10/14/2022,STS,CA,AWP,WE,Towers with Radar,28,26,38,1,93,0,20,73,3,96,28,46,111,4,189,72,0,72,261
10/15/2022,STS,CA,AWP,WE,Towers with Radar,18,26,36,0,80,0,12,17,0,29,18,38,53,0,109,26,0,26,135
10/16/2022,STS,CA,AWP,WE,Towers with Radar,25,15,43,0,83,0,14,34,0,48,25,29,77,0,131,48,0,48,179
10/17/2022,STS,CA,AWP,WE,Towers with Radar,28,16,27,0,71,0,16,91,0,107,28,32,118,0,178,28,0,28,206
10/18/2022,STS,CA,AWP,WE,Towers with Radar,20,14,28,0,62,0,17,80,0,97,20,31,108,0,159,74,0,74,233
10/19/2022,STS,CA,AWP,WE,Towers with Radar,22,15,25,3,65,0,13,118,1,132,22,28,143,4,197,70,0,70,267
10/20/2022,STS,CA,AWP,WE,Towers with Radar,28,31,22,0,81,0,16,90,1,107,28,47,112,1,188,28,0,28,216
10/21/2022,STS,CA,AWP,WE,Towers with Radar,28,16,31,2,77,0,11,85,0,96,28,27,116,2,173,78,0,78,251
10/22/2022,STS,CA,AWP,WE,Towers with Radar,21,9,13,0,43,0,10,43,0,53,21,19,56,0,96,0,0,0,96
10/23/2022,STS,CA,AWP,WE,Towers with Radar,27,18,28,0,73,0,9,105,0,114,27,27,133,0,187,56,0,56,243
10/24/2022,STS,CA,AWP,WE,Towers with Radar,28,20,21,1,70,0,15,111,1,127,28,35,132,2,197,64,0,64,261
10/25/2022,STS,CA,AWP,WE,Towers with Radar,21,11,17,1,50,0,9,106,1,116,21,20,123,2,166,70,0,70,236
10/26/2022,STS,CA,AWP,WE,Towers with Radar,22,12,30,0,64,0,20,95,0,115,22,32,125,0,179,116,0,116,295
10/27/2022,STS,CA,AWP,WE,Towers with Radar,27,23,19,0,69,0,11,101,0,112,27,34,120,0,181,166,0,166,347
10/28/2022,STS,CA,AWP,WE,Towers with Radar,31,14,11,1,57,0,13,105,0,118,31,27,116,1,175,110,0,110,285
10/29/2022,STS,CA,AWP,WE,Towers with Radar,20,4,15,3,42,0,8,115,2,125,20,12,130,5,167,114,0,114,281
10/30/2022,STS,CA,AWP,WE,Towers with Radar,26,14,18,0,58,0,12,74,0,86,26,26,92,0,144,86,0,86,230
10/31/2022,STS,CA,AWP,WE,Towers with Radar,28,11,17,2,58,0,21,49,2,72,28,32,66,4,130,122,0,122,252
11/01/2022,STS,CA,AWP,WE,Towers with Radar,19,11,32,2,64,0,3,26,0,29,19,14,58,2,93,46,0,46,139
11/02/2022,STS,CA,AWP,WE,Towers with Radar,21,10,13,2,46,0,8,57,0,65,21,18,70,2,111,88,0,88,199
11/03/2022,STS,CA,AWP,WE,Towers with Radar,24,17,32,0,73,0,12,107,1,120,24,29,139,1,193,115,0,115,308
11/04/2022,STS,CA,AWP,WE,Towers with Radar,27,21,26,0,74,0,2,115,0,117,27,23,141,0,191,104,0,104,295
11/05/2022,STS,CA,AWP,WE,Towers with Radar,17,22,42,0,81,0,4,1,0,5,17,26,43,0,86,40,0,40,126
11/06/2022,STS,CA,AWP,WE,Towers with Radar,25,22,36,0,83,0,12,70,0,82,25,34,106,0,165,84,0,84,249
11/07/2022,STS,CA,AWP,WE,Towers with Radar,25,10,26,0,61,0,6,6,0,12,25,16,32,0,73,10,0,10,83
11/08/2022,STS,CA,AWP,WE,Towers with Radar,16,6,17,0,39,0,1,2,0,3,16,7,19,0,42,22,0,22,64
11/09/2022,STS,CA,AWP,WE,Towers with Radar,19,16,26,0,61,0,15,71,0,86,19,31,97,0,147,60,0,60,207
11/10/2022,STS,CA,AWP,WE,Towers with Radar,24,9,23,0,56,0,8,100,0,108,24,17,123,0,164,88,0,88,252
11/11/2022,STS,CA,AWP,WE,Towers with Radar,27,11,26,0,64,0,16,110,0,126,27,27,136,0,190,143,0,143,333
11/12/2022,STS,CA,AWP,WE,Towers with Radar,17,8,14,0,39,0,7,75,0,82,17,15,89,0,121,88,0,88,209
11/13/2022,STS,CA,AWP,WE,Towers with Radar,24,12,31,0,67,0,15,106,0,121,24,27,137,0,188,50,0,50,238
11/14/2022,STS,CA,AWP,WE,Towers with Radar,28,28,18,0,74,0,7,78,0,85,28,35,96,0,159,122,0,122,281
11/15/2022,STS,CA,AWP,WE,Towers with Radar,21,20,20,1,62,0,7,96,0,103,21,27,116,1,165,74,0,74,239
11/16/2022,STS,CA,AWP,WE,Towers with Radar,20,28,19,0,67,0,12,86,1,99,20,40,105,1,166,42,0,42,208
11/17/2022,STS,CA,AWP,WE,Towers with Radar,25,38,21,0,84,0,14,70,0,84,25,52,91,0,168,104,0,104,272
11/18/2022,STS,CA,AWP,WE,Towers with Radar,26,23,32,0,81,0,13,74,0,87,26,36,106,0,168,50,0,50,218
11/19/2022,STS,CA,AWP,WE,Towers with Radar,22,22,19,0,63,0,15,100,0,115,22,37,119,0,178,96,0,96,274
11/20/2022,STS,CA,AWP,WE,Towers with Radar,26,16,37,0,79,0,10,116,0,126,26,26,153,0,205,100,0,100,305
11/21/2022,STS,CA,AWP,WE,Towers with Radar,26,11,18,0,55,0,11,77,0,88,26,22,95,0,143,118,0,118,261
11/22/2022,STS,CA,AWP,WE,Towers with Radar,23,12,25,0,60,0,16,99,4,119,23,28,124,4,179,84,2,86,265
11/23/2022,STS,CA,AWP,WE,Towers with Radar,19,17,30,2,68,0,10,81,0,91,19,27,111,2,159,102,0,102,261
11/24/2022,STS,CA,AWP,WE,Towers with Radar,14,3,9,0,26,0,14,32,0,46,14,17,41,0,72,4,0,4,76
11/25/2022,STS,CA,AWP,WE,Towers with Radar,24,7,15,0,46,0,20,59,0,79,24,27,74,0,125,126,0,126,251
11/26/2022,STS,CA,AWP,WE,Towers with Radar,19,13,19,0,51,0,5,95,0,100,19,18,114,0,151,94,0,94,245
11/27/2022,STS,CA,AWP,WE,Towers with Radar,24,15,29,0,68,0,12,86,0,98,24,27,115,0,166,52,0,52,218
11/28/2022,STS,CA,AWP,WE,Towers with Radar,26,13,17,1,57,0,13,48,0,61,26,26,65,1,118,36,0,36,154
11/29/2022,STS,CA,AWP,WE,Towers with Radar,23,14,10,4,51,0,10,124,0,134,23,24,134,4,185,86,0,86,271
11/30/2022,STS,CA,AWP,WE,Towers with Radar,10,5,33,0,48,0,10,65,2,77,10,15,98,2,125,143,0,143,268
12/01/2022,STS,CA,AWP,WE,Towers with Radar,18,15,33,0,66,0,4,15,0,19,18,19,48,0,85,28,0,28,113
12/02/2022,STS,CA,AWP,WE,Towers with Radar,19,7,17,2,45,0,10,106,2,118,19,17,123,4,163,166,0,166,329
12/03/2022,STS,CA,AWP,WE,Towers with Radar,14,11,25,0,50,0,0,0,0,0,14,11,25,0,50,0,0,0,50
12/04/2022,STS,CA,AWP,WE,Towers with Radar,17,10,24,0,51,0,4,17,0,21,17,14,41,0,72,38,0,38,110
12/05/2022,STS,CA,AWP,WE,Towers with Radar,18,13,17,0,48,0,11,20,0,31,18,24,37,0,79,60,0,60,139
12/06/2022,STS,CA,AWP,WE,Towers with Radar,16,13,15,2,46,0,3,43,0,46,16,16,58,2,92,156,0,156,248
12/07/2022,STS,CA,AWP,WE,Towers with Radar,10,7,30,0,47,0,8,97,0,105,10,15,127,0,152,120,0,120,272
12/08/2022,STS,CA,AWP,WE,Towers with Radar,20,18,25,0,63,0,0,3,0,3,20,18,28,0,66,8,0,8,74
12/09/2022,STS,CA,AWP,WE,Towers with Radar,19,15,34,0,68,0,1,35,0,36,19,16,69,0,104,70,0,70,174
12/10/2022,STS,CA,AWP,WE,Towers with Radar,7,4,14,0,25,0,0,0,0,0,7,4,14,0,25,0,0,0,25
12/11/2022,STS,CA,AWP,WE,Towers with Radar,18,6,15,0,39,0,2,18,0,20,18,8,33,0,59,44,0,44,103
12/12/2022,STS,CA,AWP,WE,Towers with Radar,19,11,28,2,60,0,11,93,0,104,19,22,121,2,164,68,0,68,232
12/13/2022,STS,CA,AWP,WE,Towers with Radar,14,9,13,0,36,0,26,97,0,123,14,35,110,0,159,104,0,104,263
12/14/2022,STS,CA,AWP,WE,Towers with Radar,11,18,18,4,51,0,4,67,0,71,11,22,85,4,122,69,0,69,191
12/15/2022,STS,CA,AWP,WE,Towers with Radar,21,24,18,0,63,0,8,78,0,86,21,32,96,0,149,96,0,96,245
12/16/2022,STS,CA,AWP,WE,Towers with Radar,25,4,17,0,46,0,14,86,0,100,25,18,103,0,146,138,0,138,284
12/17/2022,STS,CA,AWP,WE,Towers with Radar,16,4,27,0,47,0,7,101,0,108,16,11,128,0,155,172,0,172,327
12/18/2022,STS,CA,AWP,WE,Towers with Radar,22,20,26,0,68,0,10,78,0,88,22,30,104,0,156,92,0,92,248
12/19/2022,STS,CA,AWP,WE,Towers with Radar,22,24,24,0,70,0,0,6,0,6,22,24,30,0,76,90,0,90,166
12/20/2022,STS,CA,AWP,WE,Towers with Radar,22,4,16,0,42,0,6,47,0,53,22,10,63,0,95,164,0,164,259
12/21/2022,STS,CA,AWP,WE,Towers with Radar,14,12,44,1,71,0,6,63,0,69,14,18,107,1,140,94,0,94,234
12/22/2022,STS,CA,AWP,WE,Towers with Radar,21,13,25,0,59,0,2,19,0,21,21,15,44,0,80,36,0,36,116
12/23/2022,STS,CA,AWP,WE,Towers with Radar,21,15,40,0,76,0,4,12,0,16,21,19,52,0,92,76,0,76,168
12/24/2022,STS,CA,AWP,WE,Towers with Radar,11,2,11,0,24,0,5,51,0,56,11,7,62,0,80,62,0,62,142
12/25/2022,STS,CA,AWP,WE,Towers with Radar,17,4,4,0,25,0,4,14,0,18,17,8,18,0,43,22,0,22,65
12/26/2022,STS,CA,AWP,WE,Towers with Radar,23,17,24,0,64,0,1,10,0,11,23,18,34,0,75,44,0,44,119
12/27/2022,STS,CA,AWP,WE,Towers with Radar,20,12,34,0,66,0,5,15,2,22,20,17,49,2,88,52,0,52,140
12/28/2022,STS,CA,AWP,WE,Towers with Radar,17,8,20,0,45,0,5,70,0,75,17,13,90,0,120,74,0,74,194
12/29/2022,STS,CA,AWP,WE,Towers with Radar,21,13,27,0,61,0,0,0,0,0,21,13,27,0,61,0,0,0,61
12/30/2022,STS,CA,AWP,WE,Towers with Radar,28,6,15,0,49,0,0,0,0,0,28,6,15,0,49,0,0,0,49
12/31/2022,STS,CA,AWP,WE,Towers with Radar,11,2,11,0,24,0,0,2,0,2,11,2,13,0,26,6,0,6,32
01/01/2023,STS,CA,AWP,WE,Towers with Radar,20,5,15,0,40,0,4,125,0,129,20,9,140,0,169,56,0,56,225
01/02/2023,STS,CA,AWP,WE,Towers with Radar,24,11,24,0,59,0,1,18,0,19,24,12,42,0,78,40,0,40,118
01/03/2023,STS,CA,AWP,WE,Towers with Radar,22,15,21,0,58,0,3,11,1,15,22,18,32,1,73,40,18,58,131
01/04/2023,STS,CA,AWP,WE,Towers with Radar,20,5,10,0,35,0,0,0,0,0,20,5,10,0,35,0,0,0,35
01/05/2023,STS,CA,AWP,WE,Towers with Radar,21,10,10,0,41,0,2,3,0,5,21,12,13,0,46,4,0,4,50
01/06/2023,STS,CA,AWP,WE,Towers with Radar,24,14,21,0,59,0,5,11,0,16,24,19,32,0,75,88,0,88,163
01/07/2023,STS,CA,AWP,WE,Towers with Radar,16,3,8,0,27,0,3,5,0,8,16,6,13,0,35,24,0,24,59
01/08/2023,STS,CA,AWP,WE,Towers with Radar,23,9,14,0,46,0,9,35,0,44,23,18,49,0,90,74,0,74,164
01/09/2023,STS,CA,AWP,WE,Towers with Radar,21,10,25,0,56,0,9,27,4,40,21,19,52,4,96,55,0,55,151
01/10/2023,STS,CA,AWP,WE,Towers with Radar,11,5,10,0,26,0,5,1,0,6,11,10,11,0,32,0,0,0,32
01/11/2023,STS,CA,AWP,WE,Towers with Radar,14,10,7,0,31,0,0,0,0,0,14,10,7,0,31,0,0,0,31
01/12/2023,STS,CA,AWP,WE,Towers with Radar,19,11,33,0,63,0,11,80,0,91,19,22,113,0,154,108,0,108,262
01/13/2023,STS,CA,AWP,WE,Towers with Radar,20,23,15,0,58,1,2,0,0,3,21,25,15,0,61,0,0,0,61
01/14/2023,STS,CA,AWP,WE,Towers with Radar,9,8,19,0,36,0,0,0,0,0,9,8,19,0,36,0,0,0,36
01/15/2023,STS,CA,AWP,WE,Towers with Radar,18,10,6,0,34,0,1,3,0,4,18,11,9,0,38,12,0,12,50
01/16/2023,STS,CA,AWP,WE,Towers with Radar,19,10,17,0,46,0,20,41,0,61,19,30,58,0,107,104,0,104,211
01/17/2023,STS,CA,AWP,WE,Towers with Radar,14,12,18,2,46,0,23,91,2,116,14,35,109,4,162,86,10,96,258
01/18/2023,STS,CA,AWP,WE,Towers with Radar,12,7,17,0,36,0,7,24,0,31,12,14,41,0,67,76,0,76,143
01/19/2023,STS,CA,AWP,WE,Towers with Radar,17,23,29,0,69,0,8,76,4,88,17,31,105,4,157,128,0,128,285
01/20/2023,STS,CA,AWP,WE,Towers with Radar,22,9,25,1,57,0,17,122,0,139,22,26,147,1,196,134,0,134,330
01/21/2023,STS,CA,AWP,WE,Towers with Radar,9,14,16,2,41,0,15,141,3,159,9,29,157,5,200,102,0,102,302
01/22/2023,STS,CA,AWP,WE,Towers with Radar,19,12,19,0,50,0,13,91,1,105,19,25,110,1,155,100,0,100,255
01/23/2023,STS,CA,AWP,WE,Towers with Radar,19,16,24,4,63,0,5,57,5,67,19,21,81,9,130,83,0,83,213
01/24/2023,STS,CA,AWP,WE,Towers with Radar,12,5,26,0,43,0,13,91,1,105,12,18,117,1,148,124,0,124,272
01/25/2023,STS,CA,AWP,WE,Towers with Radar,12,10,24,0,46,0,14,75,0,89,12,24,99,0,135,125,0,125,260
01/26/2023,STS,CA,AWP,WE,Towers with Radar,20,10,33,0,63,0,13,87,1,101,20,23,120,1,164,131,0,131,295
01/27/2023,STS,CA,AWP,WE,Towers with Radar,19,6,18,0,43,0,17,82,0,99,19,23,100,0,142,110,0,110,252
01/28/2023,STS,CA,AWP,WE,Towers with Radar,10,13,25,0,48,0,6,140,0,146,10,19,165,0,194,116,0,116,310
01/29/2023,STS,CA,AWP,WE,Towers with Radar,18,16,17,0,51,0,5,23,0,28,18,21,40,0,79,26,0,26,105
01/30/2023,STS,CA,AWP,WE,Towers with Radar,18,9,32,2,61,0,12,76,0,88,18,21,108,2,149,94,0,94,243
01/31/2023,STS,CA,AWP,WE,Towers with Radar,12,5,20,0,37,0,8,114,0,122,12,13,134,0,159,176,0,176,335
02/01/2023,STS,CA,AWP,WE,Towers with Radar,10,10,26,0,46,0,14,94,0,108,10,24,120,0,154,128,0,128,282
02/02/2023,STS,CA,AWP,WE,Towers with Radar,19,10,11,0,40,0,12,62,2,76,19,22,73,2,116,112,0,112,228
02/03/2023,STS,CA,AWP,WE,Towers with Radar,21,9,28,0,58,0,10,18,0,28,21,19,46,0,86,78,0,78,164
02/04/2023,STS,CA,AWP,WE,Towers with Radar,16,6,27,0,49,0,0,8,0,8,16,6,35,0,57,58,0,58,115
02/05/2023,STS,CA,AWP,WE,Towers with Radar,22,13,9,0,44,0,7,9,0,16,22,20,18,0,60,6,0,6,66
02/06/2023,STS,CA,AWP,WE,Towers with Radar,23,2,27,1,53,0,7,88,9,104,23,9,115,10,157,140,2,142,299
02/07/2023,STS,CA,AWP,WE,Towers with Radar,17,15,27,0,59,0,7,99,0,106,17,22,126,0,165,162,0,162,327
02/08/2023,STS,CA,AWP,WE,Towers with Radar,13,9,35,1,58,0,13,92,2,107,13,22,127,3,165,126,0,126,291
02/09/2023,STS,CA,AWP,WE,Towers with Radar,21,6,17,0,44,0,18,102,0,120,21,24,119,0,164,88,0,88,252
02/10/2023,STS,CA,AWP,WE,Towers with Radar,23,15,30,0,68,0,10,71,0,81,23,25,101,0,149,112,0,112,261
02/11/2023,STS,CA,AWP,WE,Towers with Radar,13,4,26,0,43,0,7,99,0,106,13,11,125,0,149,120,0,120,269
02/12/2023,STS,CA,AWP,WE,Towers with Radar,21,8,23,0,52,0,11,118,0,129,21,19,141,0,181,113,0,113,294
02/13/2023,STS,CA,AWP,WE,Towers with Radar,23,19,20,1,63,0,13,51,0,64,23,32,71,1,127,22,0,22,149
02/14/2023,STS,CA,AWP,WE,Towers with Radar,16,9,11,0,36,0,7,29,0,36,16,16,40,0,72,60,0,60,132
02/15/2023,STS,CA,AWP,WE,Towers with Radar,13,17,45,0,75,0,18,114,0,132,13,35,159,0,207,74,0,74,281
02/16/2023,STS,CA,AWP,WE,Towers with Radar,23,13,16,0,52,0,17,79,0,96,23,30,95,0,148,104,0,104,252
02/17/2023,STS,CA,AWP,WE,Towers with Radar,25,11,29,0,65,0,9,92,0,101,25,20,121,0,166,198,0,198,364
02/18/2023,STS,CA,AWP,WE,Towers with Radar,17,18,17,0,52,0,8,95,0,103,17,26,112,0,155,118,0,118,273
02/19/2023,STS,CA,AWP,WE,Towers with Radar,22,5,16,0,43,0,7,128,0,135,22,12,144,0,178,108,0,108,286
02/20/2023,STS,CA,AWP,WE,Towers with Radar,24,5,26,0,55,0,9,94,0,103,24,14,120,0,158,132,0,132,290
02/21/2023,STS,CA,AWP,WE,Towers with Radar,17,11,15,0,43,0,5,28,0,33,17,16,43,0,76,20,0,20,96
02/22/2023,STS,CA,AWP,WE,Towers with Radar,17,14,11,0,42,0,18,31,0,49,17,32,42,0,91,20,10,30,121
02/23/2023,STS,CA,AWP,WE,Towers with Radar,20,11,21,0,52,0,8,8,0,16,20,19,29,0,68,4,0,4,72
02/24/2023,STS,CA,AWP,WE,Towers with Radar,24,8,15,0,47,0,8,14,0,22,24,16,29,0,69,24,0,24,93
02/25/2023,STS,CA,AWP,WE,Towers with Radar,20,15,12,0,47,0,8,30,1,39,20,23,42,1,86,78,0,78,164
02/26/2023,STS,CA,AWP,WE,Towers with Radar,24,18,16,0,58,0,3,16,0,19,24,21,32,0,77,14,0,14,91
02/27/2023,STS,CA,AWP,WE,Towers with Radar,24,15,18,0,57,0,2,4,0,6,24,17,22,0,63,0,0,0,63
02/28/2023,STS,CA,AWP,WE,Towers with Radar,17,2,20,0,39,0,4,11,0,15,17,6,31,0,54,8,0,8,62
03/01/2023,STS,CA,AWP,WE,Towers with Radar,15,11,11,0,37,0,13,75,0,88,15,24,86,0,125,32,0,32,157
03/02/2023,STS,CA,AWP,WE,Towers with Radar,22,17,32,1,72,0,7,113,0,120,22,24,145,1,192,100,0,100,292
03/03/2023,STS,CA,AWP,WE,Towers with Radar,24,15,37,0,76,0,10,119,0,129,24,25,156,0,205,150,0,150,355
03/04/2023,STS,CA,AWP,WE,Towers with Radar,15,19,26,0,60,0,5,6,0,11,15,24,32,0,71,14,0,14,85
03/05/2023,STS,CA,AWP,WE,Towers with Radar,19,14,22,0,55,0,3,22,0,25,19,17,44,0,80,22,0,22,102
03/06/2023,STS,CA,AWP,WE,Towers with Radar,23,14,12,0,49,0,2,20,0,22,23,16,32,0,71,42,0,42,113
03/07/2023,STS,CA,AWP,WE,Towers with Radar,15,9,23,0,47,0,2,27,0,29,15,11,50,0,76,34,0,34,110
03/08/2023,STS,CA,AWP,WE,Towers with Radar,14,4,23,5,46,0,7,121,6,134,14,11,144,11,180,140,0,140,320
03/09/2023,STS,CA,AWP,WE,Towers with Radar,21,13,20,0,54,0,3,2,1,6,21,16,22,1,60,14,0,14,74
03/10/2023,STS,CA,AWP,WE,Towers with Radar,21,16,26,0,63,0,12,36,1,49,21,28,62,1,112,70,0,70,182
03/11/2023,STS,CA,AWP,WE,Towers with Radar,18,11,25,4,58,0,0,10,0,10,18,11,35,4,68,24,0,24,92
03/12/2023,STS,CA,AWP,WE,Towers with Radar,19,14,24,0,57,0,0,0,0,0,19,14,24,0,57,0,0,0,57
03/13/2023,STS,CA,AWP,WE,Towers with Radar,27,17,18,0,62,0,0,0,0,0,27,17,18,0,62,0,0,0,62
03/14/2023,STS,CA,AWP,WE,Towers with Radar,15,5,9,0,29,0,5,8,0,13,15,10,17,0,42,16,0,16,58
03/15/2023,STS,CA,AWP,WE,Towers with Radar,16,13,30,0,59,0,15,115,0,130,16,28,145,0,189,142,0,142,331
03/16/2023,STS,CA,AWP,WE,Towers with Radar,22,22,32,0,76,0,10,120,0,130,22,32,152,0,206,80,0,80,286
03/17/2023,STS,CA,AWP,WE,Towers with Radar,25,12,30,0,67,0,16,78,0,94,25,28,108,0,161,218,0,218,379
03/18/2023,STS,CA,AWP,WE,Towers with Radar,15,6,17,2,40,0,3,92,0,95,15,9,109,2,135,92,0,92,227
03/19/2023,STS,CA,AWP,WE,Towers with Radar,26,13,28,2,69,0,0,0,0,0,26,13,28,2,69,0,0,0,69
03/20/2023,STS,CA,AWP,WE,Towers with Radar,24,14,14,0,52,0,9,73,0,82,24,23,87,0,134,40,0,40,174
03/21/2023,STS,CA,AWP,WE,Towers with Radar,17,8,12,1,38,0,0,1,0,1,17,8,13,1,39,0,6,6,45
03/22/2023,STS,CA,AWP,WE,Towers with Radar,14,15,16,0,45,0,10,38,0,48,14,25,54,0,93,162,0,162,255
03/23/2023,STS,CA,AWP,WE,Towers with Radar,21,9,27,0,57,0,12,59,0,71,21,21,86,0,128,136,0,136,264
03/24/2023,STS,CA,AWP,WE,Towers with Radar,25,17,25,0,67,0,14,67,0,81,25,31,92,0,148,52,0,52,200
03/25/2023,STS,CA,AWP,WE,Towers with Radar,15,11,17,0,43,0,9,87,0,96,15,20,104,0,139,68,0,68,207
03/26/2023,STS,CA,AWP,WE,Towers with Radar,20,6,47,0,73,0,8,121,0,129,20,14,168,0,202,82,0,82,284
03/27/2023,STS,CA,AWP,WE,Towers with Radar,23,10,11,0,44,0,15,72,0,87,23,25,83,0,131,124,0,124,255
03/28/2023,STS,CA,AWP,WE,Towers with Radar,17,8,17,0,42,0,8,3,0,11,17,16,20,0,53,2,0,2,55
03/29/2023,STS,CA,AWP,WE,Towers with Radar,14,17,15,0,46,0,6,7,0,13,14,23,22,0,59,16,0,16,75
03/30/2023,STS,CA,AWP,WE,Towers with Radar,21,25,23,0,69,2,25,64,0,91,23,50,87,0,160,74,0,74,234
03/31/2023,STS,CA,AWP,WE,Towers with Radar,24,21,19,2,66,0,8,88,0,96,24,29,107,2,162,122,0,122,284
04/01/2023,STS,CA,AWP,WE,Towers with Radar,15,13,16,1,45,0,11,49,0,60,15,24,65,1,105,118,0,118,223
04/02/2023,STS,CA,AWP,WE,Towers with Radar,22,21,25,0,68,0,10,69,0,79,22,31,94,0,147,40,0,40,187
04/03/2023,STS,CA,AWP,WE,Towers with Radar,23,15,16,0,54,0,7,28,0,35,23,22,44,0,89,10,0,10,99
04/04/2023,STS,CA,AWP,WE,Towers with Radar,21,21,17,0,59,0,10,86,0,96,21,31,103,0,155,76,0,76,231
04/05/2023,STS,CA,AWP,WE,Towers with Radar,18,9,22,0,49,0,11,109,0,120,18,20,131,0,169,118,0,118,287
04/06/2023,STS,CA,AWP,WE,Towers with Radar,24,11,20,4,59,0,8,82,0,90,24,19,102,4,149,46,0,46,195
04/07/2023,STS,CA,AWP,WE,Towers with Radar,26,12,21,4,63,0,9,15,0,24,26,21,36,4,87,14,0,14,101
04/08/2023,STS,CA,AWP,WE,Towers with Radar,17,4,23,0,44,0,9,75,0,84,17,13,98,0,128,80,0,80,208
04/09/2023,STS,CA,AWP,WE,Towers with Radar,23,15,13,0,51,0,12,80,0,92,23,27,93,0,143,58,0,58,201
04/10/2023,STS,CA,AWP,WE,Towers with Radar,25,6,14,0,45,0,14,64,0,78,25,20,78,0,123,48,0,48,171
04/11/2023,STS,CA,AWP,WE,Towers with Radar,21,6,20,0,47,0,8,80,0,88,21,14,100,0,135,148,0,148,283
04/12/2023,STS,CA,AWP,WE,Towers with Radar,17,15,19,0,51,0,5,68,0,73,17,20,87,0,124,42,0,42,166
04/13/2023,STS,CA,AWP,WE,Towers with Radar,20,17,37,1,75,0,16,102,0,118,20,33,139,1,193,118,0,118,311
04/14/2023,STS,CA,AWP,WE,Towers with Radar,24,15,20,0,59,0,13,109,0,122,24,28,129,0,181,86,0,86,267
04/15/2023,STS,CA,AWP,WE,Towers with Radar,18,4,22,0,44,0,6,86,0,92,18,10,108,0,136,152,0,152,288
04/16/2023,STS,CA,AWP,WE,Towers with Radar,24,18,21,0,63,0,5,83,0,88,24,23,104,0,151,130,0,130,281
04/17/2023,STS,CA,AWP,WE,Towers with Radar,23,20,31,0,74,0,5,67,0,72,23,25,98,0,146,52,0,52,198
04/18/2023,STS,CA,AWP,WE,Towers with Radar,22,14,12,1,49,0,11,67,0,78,22,25,79,1,127,40,0,40,167
04/19/2023,STS,CA,AWP,WE,Towers with Radar,19,12,21,0,52,0,13,102,0,115,19,25,123,0,167,76,0,76,243
04/20/2023,STS,CA,AWP,WE,Towers with Radar,26,20,29,0,75,0,12,129,0,141,26,32,158,0,216,40,0,40,256
04/21/2023,STS,CA,AWP,WE,Towers with Radar,26,20,22,0,68,0,17,127,1,145,26,37,149,1,213,112,0,112,325
04/22/2023,STS,CA,AWP,WE,Towers with Radar,21,15,20,0,56,0,12,118,0,130,21,27,138,0,186,112,0,112,298
04/23/2023,STS,CA,AWP,WE,Towers with Radar,26,27,33,0,86,0,14,83,0,97,26,41,116,0,183,68,0,68,251
04/24/2023,STS,CA,AWP,WE,Towers with Radar,27,11,19,0,57,0,6,86,0,92,27,17,105,0,149,98,0,98,247
04/25/2023,STS,CA,AWP,WE,Towers with Radar,21,12,23,0,56,0,6,82,2,90,21,18,105,2,146,122,0,122,268
04/26/2023,STS,CA,AWP,WE,Towers with Radar,18,13,31,0,62,0,12,95,0,107,18,25,126,0,169,66,0,66,235
04/27/2023,STS,CA,AWP,WE,Towers with Radar,29,10,46,0,85,0,13,104,2,119,29,23,150,2,204,112,0,112,316
04/28/2023,STS,CA,AWP,WE,Towers with Radar,28,22,25,2,77,0,11,102,0,113,28,33,127,2,190,130,0,130,320
04/29/2023,STS,CA,AWP,WE,Towers with Radar,19,5,28,0,52,0,14,148,0,162,19,19,176,0,214,62,0,62,276
04/30/2023,STS,CA,AWP,WE,Towers with Radar,27,12,25,0,64,0,10,79,0,89,27,22,104,0,153,36,0,36,189
05/01/2023,STS,CA,AWP,WE,Towers with Radar,28,18,33,0,79,0,2,44,0,46,28,20,77,0,125,78,0,78,203
05/02/2023,STS,CA,AWP,WE,Towers with Radar,19,15,21,1,56,0,12,26,1,39,19,27,47,2,95,68,0,68,163
05/03/2023,STS,CA,AWP,WE,Towers with Radar,19,9,13,0,41,0,9,42,0,51,19,18,55,0,92,89,0,89,181
05/04/2023,STS,CA,AWP,WE,Towers with Radar,26,18,41,0,85,0,6,31,0,37,26,24,72,0,122,38,0,38,160
05/05/2023,STS,CA,AWP,WE,Towers with Radar,25,21,40,2,88,0,4,39,0,43,25,25,79,2,131,74,0,74,205
05/06/2023,STS,CA,AWP,WE,Towers with Radar,20,5,30,0,55,0,6,30,0,36,20,11,60,0,91,76,0,76,167
05/07/2023,STS,CA,AWP,WE,Towers with Radar,24,11,36,0,71,0,10,94,0,104,24,21,130,0,175,92,0,92,267
05/08/2023,STS,CA,AWP,WE,Towers with Radar,25,12,18,0,55,0,10,49,0,59,25,22,67,0,114,84,0,84,198
05/09/2023,STS,CA,AWP,WE,Towers with Radar,17,10,20,0,47,0,7,89,0,96,17,17,109,0,143,126,0,126,269
05/10/2023,STS,CA,AWP,WE,Towers with Radar,17,11,36,0,64,0,17,88,0,105,17,28,124,0,169,140,0,140,309
05/11/2023,STS,CA,AWP,WE,Towers with Radar,25,17,31,0,73,0,5,97,4,106,25,22,128,4,179,130,0,130,309
05/12/2023,STS,CA,AWP,WE,Towers with Radar,25,10,32,0,67,0,11,105,0,116,25,21,137,0,183,124,0,124,307
05/13/2023,STS,CA,AWP,WE,Towers with Radar,22,8,20,0,50,0,16,135,0,151,22,24,155,0,201,150,0,150,351
05/14/2023,STS,CA,AWP,WE,Towers with Radar,25,17,28,0,70,0,13,79,0,92,25,30,107,0,162,90,0,90,252
05/15/2023,STS,CA,AWP,WE,Towers with Radar,25,8,20,1,54,0,17,103,1,121,25,25,123,2,175,60,0,60,235
05/16/2023,STS,CA,AWP,WE,Towers with Radar,16,11,23,2,52,0,18,82,0,100,16,29,105,2,152,70,0,70,222
05/17/2023,STS,CA,AWP,WE,Towers with Radar,17,12,34,0,63,0,9,68,0,77,17,21,102,0,140,76,0,76,216
05/18/2023,STS,CA,AWP,WE,Towers with Radar,26,15,31,0,72,0,14,84,0,98,26,29,115,0,170,166,0,166,336
05/19/2023,STS,CA,AWP,WE,Towers with Radar,24,22,35,0,81,0,13,92,0,105,24,35,127,0,186,164,0,164,350
05/20/2023,STS,CA,AWP,WE,Towers with Radar,19,9,26,0,54,0,3,187,0,190,19,12,213,0,244,12,0,12,256
05/21/2023,STS,CA,AWP,WE,Towers with Radar,24,24,27,0,75,0,15,97,1,113,24,39,124,1,188,100,0,100,288
05/22/2023,STS,CA,AWP,WE,Towers with Radar,25,20,26,0,71,0,18,57,0,75,25,38,83,0,146,112,0,112,258
05/23/2023,STS,CA,AWP,WE,Towers with Radar,23,18,26,2,69,0,10,61,0,71,23,28,87,2,140,86,0,86,226
05/24/2023,STS,CA,AWP,WE,Towers with Radar,18,20,48,0,86,1,8,60,0,69,19,28,108,0,155,82,0,82,237
05/25/2023,STS,CA,AWP,WE,Towers with Radar,25,34,39,1,99,0,16,46,0,62,25,50,85,1,161,100,0,100,261
05/26/2023,STS,CA,AWP,WE,Towers with Radar,25,20,63,0,108,0,5,33,2,40,25,25,96,2,148,94,0,94,242
05/27/2023,STS,CA,AWP,WE,Towers with Radar,20,10,38,0,68,0,1,53,0,54,20,11,91,0,122,62,0,62,184
05/28/2023,STS,CA,AWP,WE,Towers with Radar,25,8,15,0,48,0,10,55,0,65,25,18,70,0,113,26,0,26,139
05/29/2023,STS,CA,AWP,WE,Towers with Radar,25,29,43,0,97,0,11,26,0,37,25,40,69,0,134,44,0,44,178
05/30/2023,STS,CA,AWP,WE,Towers with Radar,18,13,37,0,68,0,13,38,0,51,18,26,75,0,119,114,0,114,233
05/31/2023,STS,CA,AWP,WE,Towers with Radar,19,10,29,0,58,0,7,72,6,85,19,17,101,6,143,70,4,74,217
06/01/2023,STS,CA,AWP,WE,Towers with Radar,27,14,32,3,76,0,7,91,2,100,27,21,123,5,176,82,0,82,258
06/02/2023,STS,CA,AWP,WE,Towers with Radar,26,17,22,1,66,0,11,108,0,119,26,28,130,1,185,107,0,107,292
06/03/2023,STS,CA,AWP,WE,Towers with Radar,20,18,18,0,56,0,5,114,0,119,20,23,132,0,175,74,0,74,249
06/04/2023,STS,CA,AWP,WE,Towers with Radar,27,12,21,0,60,0,15,99,0,114,27,27,120,0,174,62,0,62,236
06/05/2023,STS,CA,AWP,WE,Towers with Radar,26,12,40,0,78,0,12,47,0,59,26,24,87,0,137,12,0,12,149
06/06/2023,STS,CA,AWP,WE,Towers with Radar,17,18,18,0,53,0,12,19,0,31,17,30,37,0,84,26,0,26,110
06/07/2023,STS,CA,AWP,WE,Towers with Radar,15,25,36,0,76,0,1,34,0,35,15,26,70,0,111,164,0,164,275
06/08/2023,STS,CA,AWP,WE,Towers with Radar,25,45,71,0,141,0,7,63,0,70,25,52,134,0,211,48,0,48,259
06/09/2023,STS,CA,AWP,WE,Towers with Radar,26,15,43,0,84,0,12,48,0,60,26,27,91,0,144,140,0,140,284
06/10/2023,STS,CA,AWP,WE,Towers with Radar,19,15,48,0,82,0,4,75,0,79,19,19,123,0,161,44,0,44,205
06/11/2023,STS,CA,AWP,WE,Towers with Radar,26,40,70,0,136,0,11,81,0,92,26,51,151,0,228,56,0,56,284
06/12/2023,STS,CA,AWP,WE,Towers with Radar,28,15,27,1,71,0,4,56,1,61,28,19,83,2,132,116,0,116,248
06/13/2023,STS,CA,AWP,WE,Towers with Radar,18,9,30,0,57,0,7,71,0,78,18,16,101,0,135,108,0,108,243
06/14/2023,STS,CA,AWP,WE,Towers with Radar,18,8,30,0,56,0,12,75,0,87,18,20,105,0,143,88,0,88,231
06/15/2023,STS,CA,AWP,WE,Towers with Radar,25,21,30,2,78,0,16,106,0,122,25,37,136,2,200,62,0,62,262
06/16/2023,STS,CA,AWP,WE,Towers with Radar,25,12,43,2,82,0,42,93,0,135,25,54,136,2,217,100,0,100,317
06/17/2023,STS,CA,AWP,WE,Towers with Radar,18,17,25,0,60,1,14,78,0,93,19,31,103,0,153,110,0,110,263
06/18/2023,STS,CA,AWP,WE,Towers with Radar,24,11,31,1,67,0,9,92,0,101,24,20,123,1,168,16,0,16,184
06/19/2023,STS,CA,AWP,WE,Towers with Radar,25,9,21,0,55,0,8,58,0,66,25,17,79,0,121,16,0,16,137
06/20/2023,STS,CA,AWP,WE,Towers with Radar,17,13,23,0,53,0,22,76,0,98,17,35,99,0,151,114,0,114,265
06/21/2023,STS,CA,AWP,WE,Towers with Radar,16,10,20,0,46,0,19,90,0,109,16,29,110,0,155,94,0,94,249
06/22/2023,STS,CA,AWP,WE,Towers with Radar,26,13,46,2,87,0,19,47,3,69,26,32,93,5,156,112,0,112,268
06/23/2023,STS,CA,AWP,WE,Towers with Radar,24,24,43,0,91,0,16,80,0,96,24,40,123,0,187,144,0,144,331
06/24/2023,STS,CA,AWP,WE,Towers with Radar,16,16,30,0,62,0,17,68,0,85,16,33,98,0,147,88,0,88,235
06/25/2023,STS,CA,AWP,WE,Towers with Radar,24,26,56,0,106,0,9,36,0,45,24,35,92,0,151,40,0,40,191
06/26/2023,STS,CA,AWP,WE,Towers with Radar,25,14,35,0,74,0,14,73,0,87,25,28,108,0,161,66,0,66,227
06/27/2023,STS,CA,AWP,WE,Towers with Radar,17,7,30,0,54,0,8,83,0,91,17,15,113,0,145,104,0,104,249
06/28/2023,STS,CA,AWP,WE,Towers with Radar,18,17,27,0,62,0,8,97,0,105,18,25,124,0,167,182,0,182,349
06/29/2023,STS,CA,AWP,WE,Towers with Radar,28,17,29,2,76,0,13,116,0,129,28,30,145,2,205,94,6,100,305
06/30/2023,STS,CA,AWP,WE,Towers with Radar,24,9,32,0,65,0,22,114,0,136,24,31,146,0,201,162,0,162,363
07/01/2023,STS,CA,AWP,WE,Towers with Radar,15,11,23,0,49,0,25,107,0,132,15,36,130,0,181,72,0,72,253
07/02/2023,STS,CA,AWP,WE,Towers with Radar,24,8,21,0,53,0,27,87,0,114,24,35,108,0,167,26,0,26,193
07/03/2023,STS,CA,AWP,WE,Towers with Radar,25,10,16,1,52,0,21,82,0,103,25,31,98,1,155,80,0,80,235
07/04/2023,STS,CA,AWP,WE,Towers with Radar,13,7,18,0,38,0,15,58,0,73,13,22,76,0,111,52,0,52,163
07/05/2023,STS,CA,AWP,WE,Towers with Radar,14,14,34,0,62,0,24,80,0,104,14,38,114,0,166,48,0,48,214
07/06/2023,STS,CA,AWP,WE,Towers with Radar,24,23,41,1,89,0,12,75,0,87,24,35,116,1,176,166,0,166,342
07/07/2023,STS,CA,AWP,WE,Towers with Radar,23,16,20,1,60,0,10,76,3,89,23,26,96,4,149,134,0,134,283
07/08/2023,STS,CA,AWP,WE,Towers with Radar,15,24,18,0,57,0,6,108,2,116,15,30,126,2,173,82,0,82,255
07/09/2023,STS,CA,AWP,WE,Towers with Radar,24,11,32,0,67,0,14,81,0,95,24,25,113,0,162,92,0,92,254
07/10/2023,STS,CA,AWP,WE,Towers with Radar,25,17,27,0,69,0,9,89,1,99,25,26,116,1,168,106,0,106,274
07/11/2023,STS,CA,AWP,WE,Towers with Radar,13,4,27,0,44,0,35,100,2,137,13,39,127,2,181,184,0,184,365
07/12/2023,STS,CA,AWP,WE,Towers with Radar,13,16,34,1,64,0,16,91,1,108,13,32,125,2,172,154,0,154,326
07/13/2023,STS,CA,AWP,WE,Towers with Radar,24,34,62,0,120,0,15,87,0,102,24,49,149,0,222,88,0,88,310
07/14/2023,STS,CA,AWP,WE,Towers with Radar,23,31,38,1,93,0,16,107,0,123,23,47,145,1,216,40,0,40,256
07/15/2023,STS,CA,AWP,WE,Towers with Radar,16,22,26,0,64,0,24,86,0,110,16,46,112,0,174,108,0,108,282
07/16/2023,STS,CA,AWP,WE,Towers with Radar,24,37,52,0,113,0,19,86,1,106,24,56,138,1,219,56,0,56,275
07/17/2023,STS,CA,AWP,WE,Towers with Radar,25,13,32,2,72,0,10,82,2,94,25,23,114,4,166,62,0,62,228
07/18/2023,STS,CA,AWP,WE,Towers with Radar,15,15,32,0,62,0,10,104,0,114,15,25,136,0,176,70,0,70,246
07/19/2023,STS,CA,AWP,WE,Towers with Radar,16,21,44,0,81,0,17,93,0,110,16,38,137,0,191,48,0,48,239
07/20/2023,STS,CA,AWP,WE,Towers with Radar,24,53,75,0,152,0,19,99,0,118,24,72,174,0,270,42,0,42,312
07/21/2023,STS,CA,AWP,WE,Towers with Radar,25,18,25,0,68,0,19,121,0,140,25,37,146,0,208,92,0,92,300
07/22/2023,STS,CA,AWP,WE,Towers with Radar,16,29,27,0,72,0,11,86,0,97,16,40,113,0,169,44,0,44,213
07/23/2023,STS,CA,AWP,WE,Towers with Radar,24,59,68,0,151,0,12,85,0,97,24,71,153,0,248,56,0,56,304
07/24/2023,STS,CA,AWP,WE,Towers with Radar,25,23,27,0,75,0,17,79,0,96,25,40,106,0,171,72,0,72,243
07/25/2023,STS,CA,AWP,WE,Towers with Radar,16,23,21,0,60,0,17,89,0,106,16,40,110,0,166,86,0,86,252
07/26/2023,STS,CA,AWP,WE,Towers with Radar,16,14,32,0,62,0,10,79,2,91,16,24,111,2,153,94,0,94,247
07/27/2023,STS,CA,AWP,WE,Towers with Radar,26,21,37,2,86,0,26,93,0,119,26,47,130,2,205,46,0,46,251
07/28/2023,STS,CA,AWP,WE,Towers with Radar,25,14,25,0,64,0,30,85,0,115,25,44,110,0,179,84,0,84,263
07/29/2023,STS,CA,AWP,WE,Towers with Radar,16,18,26,0,60,0,17,103,0,120,16,35,129,0,180,94,0,94,274
07/30/2023,STS,CA,AWP,WE,Towers with Radar,25,34,51,0,110,0,13,101,0,114,25,47,152,0,224,98,0,98,322
07/31/2023,STS,CA,AWP,WE,Towers with Radar,25,19,23,1,68,0,23,90,0,113,25,42,113,1,181,78,0,78,259
08/01/2023,STS,CA,AWP,WE,Towers with Radar,17,7,25,1,50,0,20,81,0,101,17,27,106,1,151,80,0,80,231
08/02/2023,STS,CA,AWP,WE,Towers with Radar,17,17,26,0,60,0,5,97,1,103,17,22,123,1,163,92,0,92,255
08/03/2023,STS,CA,AWP,WE,Towers with Radar,24,7,29,4,64,0,14,74,0,88,24,21,103,4,152,114,0,114,266
08/04/2023,STS,CA,AWP,WE,Towers with Radar,23,14,39,0,76,0,17,92,0,109,23,31,131,0,185,156,0,156,341
08/05/2023,STS,CA,AWP,WE,Towers with Radar,16,15,7,0,38,0,17,93,0,110,16,32,100,0,148,94,0,94,242
08/06/2023,STS,CA,AWP,WE,Towers with Radar,24,22,21,0,67,0,14,117,0,131,24,36,138,0,198,118,0,118,316
08/07/2023,STS,CA,AWP,WE,Towers with Radar,25,15,8,0,48,0,16,77,1,94,25,31,85,1,142,94,0,94,236
08/08/2023,STS,CA,AWP,WE,Towers with Radar,17,17,25,1,60,0,13,93,1,107,17,30,118,2,167,150,0,150,317
08/09/2023,STS,CA,AWP,WE,Towers with Radar,17,23,26,0,66,0,7,104,1,112,17,30,130,1,178,118,0,118,296
08/10/2023,STS,CA,AWP,WE,Towers with Radar,27,13,25,1,66,0,10,111,5,126,27,23,136,6,192,96,0,96,288
08/11/2023,STS,CA,AWP,WE,Towers with Radar,25,14,27,0,66,0,14,74,0,88,25,28,101,0,154,118,0,118,272
08/12/2023,STS,CA,AWP,WE,Towers with Radar,16,8,27,1,52,0,12,110,0,122,16,20,137,1,174,101,0,101,275
08/13/2023,STS,CA,AWP,WE,Towers with Radar,26,23,21,2,72,0,16,120,0,136,26,39,141,2,208,116,0,116,324
08/14/2023,STS,CA,AWP,WE,Towers with Radar,25,17,19,2,63,0,16,102,0,118,25,33,121,2,181,162,0,162,343
08/15/2023,STS,CA,AWP,WE,Towers with Radar,19,13,16,0,48,0,21,93,0,114,19,34,109,0,162,108,0,108,270
08/16/2023,STS,CA,AWP,WE,Towers with Radar,19,8,27,2,56,0,33,93,1,127,19,41,120,3,183,108,0,108,291
08/17/2023,STS,CA,AWP,WE,Towers with Radar,27,8,40,0,75,0,8,114,0,122,27,16,154,0,197,136,0,136,333
08/18/2023,STS,CA,AWP,WE,Towers with Radar,27,13,31,0,71,0,12,52,0,64,27,25,83,0,135,88,0,88,223
08/19/2023,STS,CA,AWP,WE,Towers with Radar,17,19,29,0,65,0,24,143,1,168,17,43,172,1,233,46,0,46,279
08/20/2023,STS,CA,AWP,WE,Towers with Radar,27,14,23,0,64,0,9,98,1,108,27,23,121,1,172,88,0,88,260
08/21/2023,STS,CA,AWP,WE,Towers with Radar,30,24,42,0,96,0,11,23,0,34,30,35,65,0,130,28,0,28,158
08/22/2023,STS,CA,AWP,WE,Towers with Radar,19,31,20,2,72,0,21,75,0,96,19,52,95,2,168,120,0,120,288
08/23/2023,STS,CA,AWP,WE,Towers with Radar,18,10,24,0,52,0,14,91,0,105,18,24,115,0,157,140,0,140,297
08/24/2023,STS,CA,AWP,WE,Towers with Radar,27,15,26,0,68,0,22,120,0,142,27,37,146,0,210,84,0,84,294
08/25/2023,STS,CA,AWP,WE,Towers with Radar,28,11,37,0,76,0,9,110,3,122,28,20,147,3,198,98,0,98,296
08/26/2023,STS,CA,AWP,WE,Towers with Radar,18,8,25,0,51,0,6,93,0,99,18,14,118,0,150,40,0,40,190
08/27/2023,STS,CA,AWP,WE,Towers with Radar,28,7,23,0,58,0,17,112,0,129,28,24,135,0,187,96,0,96,283
08/28/2023,STS,CA,AWP,WE,Towers with Radar,27,13,24,0,64,0,25,72,1,98,27,38,96,1,162,86,0,86,248
08/29/2023,STS,CA,AWP,WE,Towers with Radar,18,9,19,0,46,0,14,110,0,124,18,23,129,0,170,94,0,94,264
08/30/2023,STS,CA,AWP,WE,Towers with Radar,19,10,14,0,43,0,10,72,0,82,19,20,86,0,125,136,0,136,261
08/31/2023,STS,CA,AWP,WE,Towers with Radar,28,16,24,0,68,0,25,106,0,131,28,41,130,0,199,92,0,92,291
01/01/2020,STS,CA,AWP,WE,Towers with Radar,22,3,12,0,37,0,19,59,0,78,22,22,71,0,115,64,0,64,179
01/02/2020,STS,CA,AWP,WE,Towers with Radar,20,8,14,0,42,0,8,108,0,116,20,16,122,0,158,120,0,120,278
01/03/2020,STS,CA,AWP,WE,Towers with Radar,22,9,12,4,47,0,14,90,1,105,22,23,102,5,152,48,0,48,200
01/04/2020,STS,CA,AWP,WE,Towers with Radar,25,1,16,0,42,0,7,99,0,106,25,8,115,0,148,80,0,80,228
01/05/2020,STS,CA,AWP,WE,Towers with Radar,22,4,16,0,42,0,8,101,0,109,22,12,117,0,151,118,0,118,269
01/06/2020,STS,CA,AWP,WE,Towers with Radar,21,6,10,0,37,0,6,100,0,106,21,12,110,0,143,118,0,118,261
01/07/2020,STS,CA,AWP,WE,Towers with Radar,17,9,15,0,41,0,8,107,6,121,17,17,122,6,162,72,0,72,234
01/08/2020,STS,CA,AWP,WE,Towers with Radar,18,11,22,0,51,0,5,8,0,13,18,16,30,0,64,22,0,22,86
01/09/2020,STS,CA,AWP,WE,Towers with Radar,17,7,14,0,38,0,15,69,0,84,17,22,83,0,122,108,0,108,230
01/10/2020,STS,CA,AWP,WE,Towers with Radar,15,12,17,0,44,0,7,106,0,113,15,19,123,0,157,52,0,52,209
01/11/2020,STS,CA,AWP,WE,Towers with Radar,16,5,8,0,29,0,7,76,2,85,16,12,84,2,114,90,0,90,204
01/12/2020,STS,CA,AWP,WE,Towers with Radar,18,14,18,0,50,0,4,54,0,58,18,18,72,0,108,96,0,96,204
01/13/2020,STS,CA,AWP,WE,Towers with Radar,17,0,31,4,52,0,6,68,2,76,17,6,99,6,128,42,0,42,170
01/14/2020,STS,CA,AWP,WE,Towers with Radar,16,2,17,0,35,0,8,67,0,75,16,10,84,0,110,158,0,158,268
01/15/2020,STS,CA,AWP,WE,Towers with Radar,18,7,11,2,38,0,6,43,6,55,18,13,54,8,93,18,0,18,111
01/16/2020,STS,CA,AWP,WE,Towers with Radar,18,11,30,0,59,0,4,13,0,17,18,15,43,0,76,24,0,24,100
01/17/2020,STS,CA,AWP,WE,Towers with Radar,17,2,24,0,43,0,12,73,0,85,17,14,97,0,128,24,0,24,152
01/18/2020,STS,CA,AWP,WE,Towers with Radar,17,0,9,0,26,0,10,138,0,148,17,10,147,0,174,108,0,108,282
01/19/2020,STS,CA,AWP,WE,Towers with Radar,17,1,18,0,36,0,4,88,0,92,17,5,106,0,128,118,0,118,246
01/20/2020,STS,CA,AWP,WE,Towers with Radar,17,7,20,0,44,0,8,81,0,89,17,15,101,0,133,86,0,86,219
01/21/2020,STS,CA,AWP,WE,Towers with Radar,18,12,27,0,57,0,0,0,0,0,18,12,27,0,57,0,0,0,57
01/22/2020,STS,CA,AWP,WE,Towers with Radar,17,4,19,0,40,0,7,80,0,87,17,11,99,0,127,84,0,84,211
01/23/2020,STS,CA,AWP,WE,Towers with Radar,17,9,20,0,46,3,13,93,1,110,20,22,113,1,156,108,0,108,264
01/24/2020,STS,CA,AWP,WE,Towers with Radar,17,11,31,0,59,0,6,40,0,46,17,17,71,0,105,60,0,60,165
01/25/2020,STS,CA,AWP,WE,Towers with Radar,20,4,21,0,45,0,2,18,0,20,20,6,39,0,65,88,0,88,153
01/26/2020,STS,CA,AWP,WE,Towers with Radar,18,8,12,0,38,0,5,93,2,100,18,13,105,2,138,132,0,132,270
01/27/2020,STS,CA,AWP,WE,Towers with Radar,19,9,16,0,44,0,4,24,0,28,19,13,40,0,72,50,0,50,122
01/28/2020,STS,CA,AWP,WE,Towers with Radar,15,2,20,2,39,0,2,23,2,27,15,4,43,4,66,82,16,98,164
01/29/2020,STS,CA,AWP,WE,Towers with Radar,17,8,22,0,47,0,15,55,0,70,17,23,77,0,117,56,0,56,173
01/30/2020,STS,CA,AWP,WE,Towers with Radar,18,10,13,1,42,0,10,138,3,151,18,20,151,4,193,40,0,40,233
01/31/2020,STS,CA,AWP,WE,Towers with Radar,17,3,22,0,42,0,10,120,6,136,17,13,142,6,178,124,0,124,302
02/01/2020,STS,CA,AWP,WE,Towers with Radar,16,3,7,1,27,0,10,149,1,160,16,13,156,2,187,72,0,72,259
02/02/2020,STS,CA,AWP,WE,Towers with Radar,17,1,12,0,30,0,10,25,0,35,17,11,37,0,65,62,0,62,127
02/03/2020,STS,CA,AWP,WE,Towers with Radar,19,6,17,0,42,0,11,57,0,68,19,17,74,0,110,80,0,80,190
02/04/2020,STS,CA,AWP,WE,Towers with Radar,19,6,10,0,35,0,3,87,0,90,19,9,97,0,125,46,0,46,171
02/05/2020,STS,CA,AWP,WE,Towers with Radar,17,7,9,1,34,0,9,87,2,98,17,16,96,3,132,62,0,62,194
02/06/2020,STS,CA,AWP,WE,Towers with Radar,18,11,10,0,39,0,11,119,0,130,18,22,129,0,169,76,0,76,245
02/07/2020,STS,CA,AWP,WE,Towers with Radar,15,12,14,0,41,0,9,129,0,138,15,21,143,0,179,110,0,110,289
02/08/2020,STS,CA,AWP,WE,Towers with Radar,16,9,11,0,36,0,7,140,2,149,16,16,151,2,185,78,0,78,263
02/09/2020,STS,CA,AWP,WE,Towers with Radar,17,6,9,0,32,0,3,18,0,21,17,9,27,0,53,16,0,16,69
02/10/2020,STS,CA,AWP,WE,Towers with Radar,17,9,19,0,45,0,11,55,5,71,17,20,74,5,116,62,10,72,188
02/11/2020,STS,CA,AWP,WE,Towers with Radar,18,2,12,0,32,0,7,88,6,101,18,9,100,6,133,48,0,48,181
02/12/2020,STS,CA,AWP,WE,Towers with Radar,16,3,20,0,39,0,14,97,0,111,16,17,117,0,150,133,0,133,283
02/13/2020,STS,CA,AWP,WE,Towers with Radar,20,15,25,2,62,0,3,43,0,46,20,18,68,2,108,14,0,14,122
02/14/2020,STS,CA,AWP,WE,Towers with Radar,21,13,18,0,52,0,5,104,2,111,21,18,122,2,163,152,0,152,315
02/15/2020,STS,CA,AWP,WE,Towers with Radar,19,4,9,0,32,0,8,121,0,129,19,12,130,0,161,78,0,78,239
02/16/2020,STS,CA,AWP,WE,Towers with Radar,19,1,8,0,28,0,13,114,0,127,19,14,122,0,155,44,0,44,199
02/17/2020,STS,CA,AWP,WE,Towers with Radar,20,6,20,0,46,0,10,119,2,131,20,16,139,2,177,98,16,114,291
02/18/2020,STS,CA,AWP,WE,Towers with Radar,19,5,10,0,34,0,15,86,9,110,19,20,96,9,144,74,10,84,228
02/19/2020,STS,CA,AWP,WE,Towers with Radar,19,12,9,0,40,0,9,93,0,102,19,21,102,0,142,130,0,130,272
02/20/2020,STS,CA,AWP,WE,Towers with Radar,19,6,16,1,42,0,7,74,1,82,19,13,90,2,124,40,0,40,164
02/21/2020,STS,CA,AWP,WE,Towers with Radar,19,12,24,0,55,0,6,105,6,117,19,18,129,6,172,76,0,76,248
02/22/2020,STS,CA,AWP,WE,Towers with Radar,16,6,12,0,34,0,12,201,6,219,16,18,213,6,253,72,0,72,325
02/23/2020,STS,CA,AWP,WE,Towers with Radar,19,5,15,0,39,0,7,116,0,123,19,12,131,0,162,48,0,48,210
02/24/2020,STS,CA,AWP,WE,Towers with Radar,19,7,15,0,41,0,11,100,0,111,19,18,115,0,152,92,0,92,244
02/25/2020,STS,CA,AWP,WE,Towers with Radar,21,6,13,0,40,0,7,65,0,72,21,13,78,0,112,98,0,98,210
02/26/2020,STS,CA,AWP,WE,Towers with Radar,19,7,24,4,54,0,14,105,1,120,19,21,129,5,174,98,0,98,272
02/27/2020,STS,CA,AWP,WE,Towers with Radar,20,13,16,2,51,0,13,131,0,144,20,26,147,2,195,52,0,52,247
02/28/2020,STS,CA,AWP,WE,Towers with Radar,19,7,8,1,35,0,16,132,4,152,19,23,140,5,187,154,0,154,341
02/29/2020,STS,CA,AWP,WE,Towers with Radar,19,10,10,0,39,0,4,102,0,106,19,14,112,0,145,76,0,76,221
03/01/2020,STS,CA,AWP,WE,Towers with Radar,19,6,9,0,34,0,3,67,0,70,19,9,76,0,104,92,0,92,196
03/02/2020,STS,CA,AWP,WE,Towers with Radar,19,5,7,0,31,0,4,58,0,62,19,9,65,0,93,36,0,36,129
03/03/2020,STS,CA,AWP,WE,Towers with Radar,19,5,12,0,36,0,11,119,1,131,19,16,131,1,167,148,0,148,315
03/04/2020,STS,CA,AWP,WE,Towers with Radar,20,5,10,0,35,0,7,106,0,113,20,12,116,0,148,148,0,148,296
03/05/2020,STS,CA,AWP,WE,Towers with Radar,19,8,31,0,58,0,5,39,0,44,19,13,70,0,102,166,0,166,268
03/06/2020,STS,CA,AWP,WE,Towers with Radar,19,25,31,0,75,0,9,16,5,30,19,34,47,5,105,26,0,26,131
03/07/2020,STS,CA,AWP,WE,Towers with Radar,18,6,11,0,35,0,13,36,0,49,18,19,47,0,84,38,0,38,122
03/08/2020,STS,CA,AWP,WE,Towers with Radar,19,13,21,0,53,0,4,70,0,74,19,17,91,0,127,118,0,118,245
03/09/2020,STS,CA,AWP,WE,Towers with Radar,19,9,7,1,36,0,4,107,3,114,19,13,114,4,150,122,12,134,284
03/10/2020,STS,CA,AWP,WE,Towers with Radar,18,3,19,0,40,0,6,67,0,73,18,9,86,0,113,54,0,54,167
03/11/2020,STS,CA,AWP,WE,Towers with Radar,18,7,13,0,38,0,7,125,0,132,18,14,138,0,170,132,0,132,302
03/12/2020,STS,CA,AWP,WE,Towers with Radar,18,9,10,0,37,0,2,92,0,94,18,11,102,0,131,62,0,62,193
03/13/2020,STS,CA,AWP,WE,Towers with Radar,17,12,41,0,70,0,5,30,0,35,17,17,71,0,105,74,0,74,179
03/14/2020,STS,CA,AWP,WE,Towers with Radar,19,3,12,0,34,0,8,24,0,32,19,11,36,0,66,58,0,58,124
03/15/2020,STS,CA,AWP,WE,Towers with Radar,19,9,13,0,41,0,8,27,0,35,19,17,40,0,76,56,0,56,132
03/16/2020,STS,CA,AWP,WE,Towers with Radar,17,14,14,0,45,0,9,38,0,47,17,23,52,0,92,118,0,118,210
03/17/2020,STS,CA,AWP,WE,Towers with Radar,19,9,11,0,39,0,6,56,0,62,19,15,67,0,101,134,0,134,235
03/18/2020,STS,CA,AWP,WE,Towers with Radar,19,7,14,0,40,0,5,9,0,14,19,12,23,0,54,36,0,36,90
03/19/2020,STS,CA,AWP,WE,Towers with Radar,17,5,12,0,34,0,8,64,0,72,17,13,76,0,106,58,0,58,164
03/20/2020,STS,CA,AWP,WE,Towers with Radar,22,4,5,0,31,0,15,72,0,87,22,19,77,0,118,74,0,74,192
03/21/2020,STS,CA,AWP,WE,Towers with Radar,17,3,5,0,25,0,9,102,0,111,17,12,107,0,136,126,0,126,262
03/22/2020,STS,CA,AWP,WE,Towers with Radar,18,0,2,0,20,0,5,59,5,69,18,5,61,5,89,106,0,106,195
03/23/2020,STS,CA,AWP,WE,Towers with Radar,18,1,15,0,34,0,3,23,1,27,18,4,38,1,61,108,10,118,179
03/24/2020,STS,CA,AWP,WE,Towers with Radar,18,0,3,0,21,0,5,5,0,10,18,5,8,0,31,48,0,48,79
03/25/2020,STS,CA,AWP,WE,Towers with Radar,20,1,9,0,30,0,5,24,0,29,20,6,33,0,59,26,0,26,85
03/26/2020,STS,CA,AWP,WE,Towers with Radar,20,2,7,2,31,0,8,59,0,67,20,10,66,2,98,66,0,66,164
03/27/2020,STS,CA,AWP,WE,Towers with Radar,19,2,3,0,24,0,10,71,0,81,19,12,74,0,105,78,0,78,183
03/28/2020,STS,CA,AWP,WE,Towers with Radar,13,0,8,0,21,0,2,4,0,6,13,2,12,0,27,22,0,22,49
03/29/2020,STS,CA,AWP,WE,Towers with Radar,13,1,11,0,25,0,6,7,0,13,13,7,18,0,38,20,0,20,58
03/30/2020,STS,CA,AWP,WE,Towers with Radar,19,3,20,0,42,0,4,2,0,6,19,7,22,0,48,10,0,10,58
03/31/2020,STS,CA,AWP,WE,Towers with Radar,10,1,8,0,19,0,2,40,0,42,10,3,48,0,61,16,2,18,79
04/01/2020,STS,CA,AWP,WE,Towers with Radar,6,3,10,0,19,0,8,55,0,63,6,11,65,0,82,46,0,46,128
04/02/2020,STS,CA,AWP,WE,Towers with Radar,8,3,10,0,21,0,9,64,2,75,8,12,74,2,96,92,2,94,190
04/03/2020,STS,CA,AWP,WE,Towers with Radar,6,4,3,0,13,0,10,80,0,90,6,14,83,0,103,72,0,72,175
04/04/2020,STS,CA,AWP,WE,Towers with Radar,8,2,8,0,18,0,3,5,0,8,8,5,13,0,26,14,0,14,40
04/05/2020,STS,CA,AWP,WE,Towers with Radar,5,0,1,0,6,0,2,11,0,13,5,2,12,0,19,6,0,6,25
04/06/2020,STS,CA,AWP,WE,Towers with Radar,8,0,5,0,13,0,4,19,0,23,8,4,24,0,36,28,10,38,74
04/07/2020,STS,CA,AWP,WE,Towers with Radar,11,5,2,2,20,0,5,36,3,44,11,10,38,5,64,52,0,52,116
04/08/2020,STS,CA,AWP,WE,Towers with Radar,11,0,6,0,17,0,8,53,10,71,11,8,59,10,88,58,0,58,146
04/09/2020,STS,CA,AWP,WE,Towers with Radar,9,4,7,0,20,0,5,27,0,32,9,9,34,0,52,62,0,62,114
04/10/2020,STS,CA,AWP,WE,Towers with Radar,6,1,8,0,15,0,6,56,0,62,6,7,64,0,77,60,0,60,137
04/11/2020,STS,CA,AWP,WE,Towers with Radar,7,1,22,0,30,0,2,11,0,13,7,3,33,0,43,0,0,0,43
04/12/2020,STS,CA,AWP,WE,Towers with Radar,6,0,34,0,40,0,3,29,0,32,6,3,63,0,72,74,0,74,146
04/13/2020,STS,CA,AWP,WE,Towers with Radar,12,2,12,0,26,0,6,78,0,84,12,8,90,0,110,50,0,50,160
04/14/2020,STS,CA,AWP,WE,Towers with Radar,4,0,5,0,9,0,2,87,0,89,4,2,92,0,98,100,0,100,198
04/15/2020,STS,CA,AWP,WE,Towers with Radar,6,4,10,1,21,0,10,73,0,83,6,14,83,1,104,78,0,78,182
04/16/2020,STS,CA,AWP,WE,Towers with Radar,4,3,8,0,15,0,10,53,0,63,4,13,61,0,78,54,0,54,132
04/17/2020,STS,CA,AWP,WE,Towers with Radar,6,3,6,0,15,0,13,8,0,21,6,16,14,0,36,14,0,14,50
04/18/2020,STS,CA,AWP,WE,Towers with Radar,3,1,20,0,24,0,13,39,0,52,3,14,59,0,76,54,0,54,130
04/19/2020,STS,CA,AWP,WE,Towers with Radar,7,2,6,0,15,0,8,36,0,44,7,10,42,0,59,50,0,50,109
04/20/2020,STS,CA,AWP,WE,Towers with Radar,4,3,11,0,18,0,6,18,0,24,4,9,29,0,42,12,0,12,54
04/21/2020,STS,CA,AWP,WE,Towers with Radar,6,0,9,0,15,0,8,93,0,101,6,8,102,0,116,48,0,48,164
04/22/2020,STS,CA,AWP,WE,Towers with Radar,4,0,2,0,6,0,3,84,0,87,4,3,86,0,93,28,0,28,121
04/23/2020,STS,CA,AWP,WE,Towers with Radar,4,6,10,1,21,0,11,72,1,84,4,17,82,2,105,24,0,24,129
04/24/2020,STS,CA,AWP,WE,Towers with Radar,4,0,12,0,16,0,7,67,0,74,4,7,79,0,90,24,0,24,114
04/25/2020,STS,CA,AWP,WE,Towers with Radar,4,3,4,0,11,0,8,61,0,69,4,11,65,0,80,46,0,46,126
04/26/2020,STS,CA,AWP,WE,Towers with Radar,4,2,6,0,12,0,2,97,0,99,4,4,103,0,111,41,0,41,152
04/27/2020,STS,CA,AWP,WE,Towers with Radar,4,3,7,0,14,0,9,49,0,58,4,12,56,0,72,14,0,14,86
04/28/2020,STS,CA,AWP,WE,Towers with Radar,4,3,5,2,14,0,5,67,0,72,4,8,72,2,86,40,0,40,126
04/29/2020,STS,CA,AWP,WE,Towers with Radar,4,7,11,0,22,0,8,35,0,43,4,15,46,0,65,56,0,56,121
04/30/2020,STS,CA,AWP,WE,Towers with Radar,3,2,14,0,19,0,12,66,0,78,3,14,80,0,97,30,0,30,127
05/01/2020,STS,CA,AWP,WE,Towers with Radar,3,7,5,0,15,0,3,72,4,79,3,10,77,4,94,24,4,28,122
05/02/2020,STS,CA,AWP,WE,Towers with Radar,3,0,17,0,20,0,1,35,0,36,3,1,52,0,56,88,0,88,144
05/03/2020,STS,CA,AWP,WE,Towers with Radar,2,1,4,0,7,0,2,74,0,76,2,3,78,0,83,22,0,22,105
05/04/2020,STS,CA,AWP,WE,Towers with Radar,4,0,2,0,6,0,9,29,2,40,4,9,31,2,46,32,0,32,78
05/05/2020,STS,CA,AWP,WE,Towers with Radar,3,2,3,0,8,0,5,48,1,54,3,7,51,1,62,130,0,130,192
05/06/2020,STS,CA,AWP,WE,Towers with Radar,4,8,5,0,17,0,3,52,0,55,4,11,57,0,72,90,0,90,162
05/07/2020,STS,CA,AWP,WE,Towers with Radar,2,1,5,0,8,0,8,59,0,67,2,9,64,0,75,54,0,54,129
05/08/2020,STS,CA,AWP,WE,Towers with Radar,4,0,13,0,17,0,3,57,0,60,4,3,70,0,77,108,0,108,185
05/09/2020,STS,CA,AWP,WE,Towers with Radar,0,1,10,0,11,0,0,48,0,48,0,1,58,0,59,96,0,96,155
05/10/2020,STS,CA,AWP,WE,Towers with Radar,2,5,12,2,21,0,0,25,0,25,2,5,37,2,46,14,0,14,60
05/11/2020,STS,CA,AWP,WE,Towers with Radar,6,8,15,0,29,0,2,7,0,9,6,10,22,0,38,14,0,14,52
05/12/2020,STS,CA,AWP,WE,Towers with Radar,0,2,13,0,15,0,1,18,0,19,0,3,31,0,34,50,0,50,84
05/13/2020,STS,CA,AWP,WE,Towers with Radar,5,1,11,0,17,0,1,0,0,1,5,2,11,0,18,0,0,0,18
05/14/2020,STS,CA,AWP,WE,Towers with Radar,2,2,6,0,10,0,0,11,0,11,2,2,17,0,21,38,0,38,59
05/15/2020,STS,CA,AWP,WE,Towers with Radar,5,5,9,0,19,0,7,107,0,114,5,12,116,0,133,48,10,58,191
05/16/2020,STS,CA,AWP,WE,Towers with Radar,0,5,15,0,20,0,3,63,0,66,0,8,78,0,86,70,0,70,156
05/17/2020,STS,CA,AWP,WE,Towers with Radar,3,5,11,0,19,0,1,9,0,10,3,6,20,0,29,2,0,2,31
05/18/2020,STS,CA,AWP,WE,Towers with Radar,6,2,11,0,19,0,0,6,3,9,6,2,17,3,28,32,0,32,60
05/19/2020,STS,CA,AWP,WE,Towers with Radar,1,6,7,0,14,0,5,52,0,57,1,11,59,0,71,30,0,30,101
05/20/2020,STS,CA,AWP,WE,Towers with Radar,11,7,3,0,21,0,3,46,1,50,11,10,49,1,71,40,0,40,111
05/21/2020,STS,CA,AWP,WE,Towers with Radar,3,4,8,0,15,0,10,51,0,61,3,14,59,0,76,44,0,44,120
05/22/2020,STS,CA,AWP,WE,Towers with Radar,8,5,8,0,21,0,3,100,0,103,8,8,108,0,124,110,0,110,234
05/23/2020,STS,CA,AWP,WE,Towers with Radar,1,2,8,0,11,0,6,101,0,107,1,8,109,0,118,42,0,42,160
05/24/2020,STS,CA,AWP,WE,Towers with Radar,7,1,5,0,13,0,5,72,0,77,7,6,77,0,90,82,0,82,172
05/25/2020,STS,CA,AWP,WE,Towers with Radar,8,5,5,0,18,0,1,89,0,90,8,6,94,0,108,104,0,104,212
05/26/2020,STS,CA,AWP,WE,Towers with Radar,3,1,12,0,16,0,1,58,0,59,3,2,70,0,75,82,0,82,157
05/27/2020,STS,CA,AWP,WE,Towers with Radar,5,7,6,0,18,0,2,71,2,75,5,9,77,2,93,38,0,38,131
05/28/2020,STS,CA,AWP,WE,Towers with Radar,3,5,5,0,13,0,13,87,0,100,3,18,92,0,113,30,0,30,143
05/29/2020,STS,CA,AWP,WE,Towers with Radar,8,6,14,1,29,0,3,55,0,58,8,9,69,1,87,76,0,76,163
05/30/2020,STS,CA,AWP,WE,Towers with Radar,0,6,8,0,14,0,1,20,0,21,0,7,28,0,35,42,0,42,77
05/31/2020,STS,CA,AWP,WE,Towers with Radar,6,10,12,0,28,0,2,44,0,46,6,12,56,0,74,24,0,24,98
06/01/2020,STS,CA,AWP,WE,Towers with Radar,9,7,19,2,37,0,8,64,0,72,9,15,83,2,109,64,0,64,173
06/02/2020,STS,CA,AWP,WE,Towers with Radar,5,2,11,0,18,0,15,74,0,89,5,17,85,0,107,76,0,76,183
06/03/2020,STS,CA,AWP,WE,Towers with Radar,9,5,18,0,32,0,8,86,0,94,9,13,104,0,126,76,0,76,202
06/04/2020,STS,CA,AWP,WE,Towers with Radar,5,3,15,0,23,0,8,83,0,91,5,11,98,0,114,58,0,58,172
06/05/2020,STS,CA,AWP,WE,Towers with Radar,7,8,11,0,26,0,8,77,0,85,7,16,88,0,111,46,0,46,157
06/06/2020,STS,CA,AWP,WE,Towers with Radar,6,5,5,0,16,0,8,51,1,60,6,13,56,1,76,56,0,56,132
06/07/2020,STS,CA,AWP,WE,Towers with Radar,7,8,12,0,27,0,4,62,0,66,7,12,74,0,93,42,0,42,135
06/08/2020,STS,CA,AWP,WE,Towers with Radar,6,4,6,0,16,0,16,40,0,56,6,20,46,0,72,20,0,20,92
06/09/2020,STS,CA,AWP,WE,Towers with Radar,7,5,5,0,17,0,37,92,0,129,7,42,97,0,146,26,0,26,172
06/10/2020,STS,CA,AWP,WE,Towers with Radar,7,3,6,0,16,0,19,64,0,83,7,22,70,0,99,56,0,56,155
06/11/2020,STS,CA,AWP,WE,Towers with Radar,7,3,11,0,21,0,14,72,0,86,7,17,83,0,107,72,0,72,179
06/12/2020,STS,CA,AWP,WE,Towers with Radar,8,7,18,2,35,0,4,68,0,72,8,11,86,2,107,62,0,62,169
06/13/2020,STS,CA,AWP,WE,Towers with Radar,6,6,11,0,23,0,19,56,0,75,6,25,67,0,98,96,0,96,194
06/14/2020,STS,CA,AWP,WE,Towers with Radar,7,12,10,0,29,0,5,81,0,86,7,17,91,0,115,106,0,106,221
06/15/2020,STS,CA,AWP,WE,Towers with Radar,8,5,10,0,23,0,2,79,0,81,8,7,89,0,104,82,0,82,186
06/16/2020,STS,CA,AWP,WE,Towers with Radar,7,12,8,0,27,0,15,64,0,79,7,27,72,0,106,60,0,60,166
06/17/2020,STS,CA,AWP,WE,Towers with Radar,8,2,9,0,19,0,31,88,0,119,8,33,97,0,138,102,0,102,240
06/18/2020,STS,CA,AWP,WE,Towers with Radar,7,8,10,0,25,0,9,70,0,79,7,17,80,0,104,54,0,54,158
06/19/2020,STS,CA,AWP,WE,Towers with Radar,6,13,9,0,28,0,6,90,0,96,6,19,99,0,124,103,0,103,227
06/20/2020,STS,CA,AWP,WE,Towers with Radar,7,8,28,0,43,0,18,62,0,80,7,26,90,0,123,4,0,4,127
06/21/2020,STS,CA,AWP,WE,Towers with Radar,7,4,9,0,20,0,9,82,0,91,7,13,91,0,111,54,0,54,165
06/22/2020,STS,CA,AWP,WE,Towers with Radar,6,4,13,0,23,0,14,83,0,97,6,18,96,0,120,42,0,42,162
06/23/2020,STS,CA,AWP,WE,Towers with Radar,6,10,18,0,34,0,8,91,4,103,6,18,109,4,137,84,0,84,221
06/24/2020,STS,CA,AWP,WE,Towers with Radar,6,10,18,0,34,0,5,67,1,73,6,15,85,1,107,22,0,22,129
06/25/2020,STS,CA,AWP,WE,Towers with Radar,7,7,16,1,31,0,8,62,3,73,7,15,78,4,104,110,0,110,214
06/26/2020,STS,CA,AWP,WE,Towers with Radar,8,10,15,0,33,0,18,72,0,90,8,28,87,0,123,90,0,90,213
06/27/2020,STS,CA,AWP,WE,Towers with Radar,7,6,20,0,33,0,8,46,0,54,7,14,66,0,87,40,0,40,127
06/28/2020,STS,CA,AWP,WE,Towers with Radar,7,7,18,0,32,0,14,68,0,82,7,21,86,0,114,114,0,114,228
06/29/2020,STS,CA,AWP,WE,Towers with Radar,7,9,15,0,31,0,4,82,0,86,7,13,97,0,117,136,0,136,253
06/30/2020,STS,CA,AWP,WE,Towers with Radar,6,10,14,0,30,0,10,83,2,95,6,20,97,2,125,132,0,132,257
07/01/2020,STS,CA,AWP,WE,Towers with Radar,10,6,10,0,26,0,5,83,4,92,10,11,93,4,118,54,0,54,172
07/02/2020,STS,CA,AWP,WE,Towers with Radar,9,9,10,0,28,0,10,53,0,63,9,19,63,0,91,80,0,80,171
07/03/2020,STS,CA,AWP,WE,Towers with Radar,10,7,17,0,34,0,7,62,1,70,10,14,79,1,104,42,0,42,146
07/04/2020,STS,CA,AWP,WE,Towers with Radar,9,10,3,0,22,0,12,61,0,73,9,22,64,0,95,18,0,18,113
07/05/2020,STS,CA,AWP,WE,Towers with Radar,11,11,15,0,37,0,14,71,0,85,11,25,86,0,122,74,0,74,196
07/06/2020,STS,CA,AWP,WE,Towers with Radar,9,6,11,0,26,0,18,72,0,90,9,24,83,0,116,44,0,44,160
07/07/2020,STS,CA,AWP,WE,Towers with Radar,11,7,9,0,27,0,17,84,0,101,11,24,93,0,128,50,0,50,178
07/08/2020,STS,CA,AWP,WE,Towers with Radar,12,4,8,0,24,0,11,90,0,101,12,15,98,0,125,134,0,134,259
07/09/2020,STS,CA,AWP,WE,Towers with Radar,11,7,16,0,34,0,11,98,4,113,11,18,114,4,147,68,0,68,215
07/10/2020,STS,CA,AWP,WE,Towers with Radar,11,4,7,8,30,0,9,75,5,89,11,13,82,13,119,64,0,64,183
07/11/2020,STS,CA,AWP,WE,Towers with Radar,11,9,6,0,26,0,4,105,0,109,11,13,111,0,135,158,0,158,293
07/12/2020,STS,CA,AWP,WE,Towers with Radar,12,10,11,0,33,0,11,88,2,101,12,21,99,2,134,100,0,100,234
07/13/2020,STS,CA,AWP,WE,Towers with Radar,12,9,8,0,29,0,7,66,1,74,12,16,74,1,103,62,0,62,165
07/14/2020,STS,CA,AWP,WE,Towers with Radar,10,1,14,0,25,0,13,76,4,93,10,14,90,4,118,56,0,56,174
07/15/2020,STS,CA,AWP,WE,Towers with Radar,13,7,12,0,32,0,11,50,10,71,13,18,62,10,103,48,12,60,163
07/16/2020,STS,CA,AWP,WE,Towers with Radar,12,9,29,1,51,0,2,71,2,75,12,11,100,3,126,44,0,44,170
07/17/2020,STS,CA,AWP,WE,Towers with Radar,11,3,21,0,35,0,12,57,1,70,11,15,78,1,105,54,0,54,159
07/18/2020,STS,CA,AWP,WE,Towers with Radar,11,3,14,0,28,0,3,62,0,65,11,6,76,0,93,42,0,42,135
07/19/2020,STS,CA,AWP,WE,Towers with Radar,12,11,18,0,41,0,7,66,0,73,12,18,84,0,114,88,0,88,202
07/20/2020,STS,CA,AWP,WE,Towers with Radar,12,7,23,0,42,0,1,75,3,79,12,8,98,3,121,18,0,18,139
07/21/2020,STS,CA,AWP,WE,Towers with Radar,12,3,23,0,38,0,4,71,2,77,12,7,94,2,115,82,0,82,197
07/22/2020,STS,CA,AWP,WE,Towers with Radar,15,4,19,0,38,0,9,64,0,73,15,13,83,0,111,114,0,114,225
07/23/2020,STS,CA,AWP,WE,Towers with Radar,11,11,17,0,39,0,7,74,0,81,11,18,91,0,120,96,0,96,216
07/24/2020,STS,CA,AWP,WE,Towers with Radar,11,9,16,2,38,0,9,73,1,83,11,18,89,3,121,56,0,56,177
07/25/2020,STS,CA,AWP,WE,Towers with Radar,13,13,17,0,43,0,11,68,0,79,13,24,85,0,122,66,0,66,188
07/26/2020,STS,CA,AWP,WE,Towers with Radar,13,8,29,0,50,0,7,77,0,84,13,15,106,0,134,50,0,50,184
07/27/2020,STS,CA,AWP,WE,Towers with Radar,12,7,23,2,44,0,11,61,0,72,12,18,84,2,116,48,0,48,164
07/28/2020,STS,CA,AWP,WE,Towers with Radar,9,4,18,0,31,0,17,68,0,85,9,21,86,0,116,32,0,32,148
07/29/2020,STS,CA,AWP,WE,Towers with Radar,12,11,12,1,36,0,8,73,5,86,12,19,85,6,122,46,0,46,168
07/30/2020,STS,CA,AWP,WE,Towers with Radar,9,10,13,1,33,0,3,66,2,71,9,13,79,3,104,38,0,38,142
07/31/2020,STS,CA,AWP,WE,Towers with Radar,11,6,19,0,36,0,2,74,0,76,11,8,93,0,112,58,0,58,170
08/01/2020,STS,CA,AWP,WE,Towers with Radar,8,8,14,0,30,0,3,95,0,98,8,11,109,0,128,92,0,92,220
08/02/2020,STS,CA,AWP,WE,Towers with Radar,9,5,13,0,27,0,5,73,0,78,9,10,86,0,105,36,0,36,141
08/03/2020,STS,CA,AWP,WE,Towers with Radar,9,6,16,0,31,0,13,82,3,98,9,19,98,3,129,28,4,32,161
08/04/2020,STS,CA,AWP,WE,Towers with Radar,9,2,14,0,25,0,7,42,0,49,9,9,56,0,74,43,0,43,117
08/05/2020,STS,CA,AWP,WE,Towers with Radar,8,7,20,0,35,0,6,59,0,65,8,13,79,0,100,34,0,34,134
08/06/2020,STS,CA,AWP,WE,Towers with Radar,8,11,16,0,35,0,7,53,0,60,8,18,69,0,95,66,0,66,161
08/07/2020,STS,CA,AWP,WE,Towers with Radar,7,5,16,0,28,0,7,93,0,100,7,12,109,0,128,66,0,66,194
08/08/2020,STS,CA,AWP,WE,Towers with Radar,8,5,17,0,30,0,18,81,0,99,8,23,98,0,129,52,0,52,181
08/09/2020,STS,CA,AWP,WE,Towers with Radar,9,6,9,0,24,0,10,80,0,90,9,16,89,0,114,62,0,62,176
08/10/2020,STS,CA,AWP,WE,Towers with Radar,9,4,12,0,25,0,6,65,0,71,9,10,77,0,96,34,0,34,130
08/11/2020,STS,CA,AWP,WE,Towers with Radar,8,15,23,0,46,0,6,48,0,54,8,21,71,0,100,20,0,20,120
08/12/2020,STS,CA,AWP,WE,Towers with Radar,9,5,19,0,33,0,5,61,0,66,9,10,80,0,99,100,0,100,199
08/13/2020,STS,CA,AWP,WE,Towers with Radar,8,9,9,0,26,0,17,90,3,110,8,26,99,3,136,160,0,160,296
08/14/2020,STS,CA,AWP,WE,Towers with Radar,7,5,9,0,21,0,4,73,2,79,7,9,82,2,100,80,0,80,180
08/15/2020,STS,CA,AWP,WE,Towers with Radar,8,14,9,0,31,0,9,69,0,78,8,23,78,0,109,66,0,66,175
08/16/2020,STS,CA,AWP,WE,Towers with Radar,9,10,15,0,34,0,13,43,2,58,9,23,58,2,92,26,0,26,118
08/17/2020,STS,CA,AWP,WE,Towers with Radar,7,6,13,0,26,0,54,34,0,88,7,60,47,0,114,2,0,2,116
08/18/2020,STS,CA,AWP,WE,Towers with Radar,5,7,17,0,29,0,46,57,1,104,5,53,74,1,133,38,0,38,171
08/19/2020,STS,CA,AWP,WE,Towers with Radar,10,12,22,1,45,0,58,51,12,121,10,70,73,13,166,24,10,34,200
08/20/2020,STS,CA,AWP,WE,Towers with Radar,7,7,11,0,25,0,74,23,6,103,7,81,34,6,128,12,0,12,140
08/21/2020,STS,CA,AWP,WE,Towers with Radar,12,7,15,1,35,0,154,52,6,212,12,161,67,7,247,36,0,36,283
08/22/2020,STS,CA,AWP,WE,Towers with Radar,7,12,14,1,34,0,68,44,2,114,7,80,58,3,148,52,0,52,200
08/23/2020,STS,CA,AWP,WE,Towers with Radar,12,11,21,4,48,0,21,22,5,48,12,32,43,9,96,6,0,6,102
08/24/2020,STS,CA,AWP,WE,Towers with Radar,11,11,13,4,39,0,36,16,0,52,11,47,29,4,91,4,0,4,95
08/25/2020,STS,CA,AWP,WE,Towers with Radar,15,19,10,0,44,0,44,36,0,80,15,63,46,0,124,46,0,46,170
08/26/2020,STS,CA,AWP,WE,Towers with Radar,15,14,21,0,50,0,25,26,0,51,15,39,47,0,101,110,0,110,211
08/27/2020,STS,CA,AWP,WE,Towers with Radar,14,13,23,0,50,0,32,59,0,91,14,45,82,0,141,72,0,72,213
08/28/2020,STS,CA,AWP,WE,Towers with Radar,15,8,24,0,47,0,12,48,0,60,15,20,72,0,107,38,0,38,145
08/29/2020,STS,CA,AWP,WE,Towers with Radar,11,8,28,0,47,0,12,57,0,69,11,20,85,0,116,42,0,42,158
08/30/2020,STS,CA,AWP,WE,Towers with Radar,15,7,21,0,43,0,6,28,0,34,15,13,49,0,77,24,0,24,101
08/31/2020,STS,CA,AWP,WE,Towers with Radar,13,9,10,0,32,0,4,49,0,53,13,13,59,0,85,70,0,70,155
09/01/2020,STS,CA,AWP,WE,Towers with Radar,11,2,16,0,29,0,12,36,0,48,11,14,52,0,77,108,0,108,185
09/02/2020,STS,CA,AWP,WE,Towers with Radar,12,6,17,0,35,0,6,44,0,50,12,12,61,0,85,80,0,80,165
09/03/2020,STS,CA,AWP,WE,Towers with Radar,11,5,16,0,32,0,4,46,0,50,11,9,62,0,82,42,0,42,124
09/04/2020,STS,CA,AWP,WE,Towers with Radar,14,10,17,0,41,0,12,69,0,81,14,22,86,0,122,36,0,36,158
09/05/2020,STS,CA,AWP,WE,Towers with Radar,15,6,10,0,31,0,11,76,0,87,15,17,86,0,118,70,0,70,188
09/06/2020,STS,CA,AWP,WE,Towers with Radar,12,5,7,0,24,0,15,52,0,67,12,20,59,0,91,66,0,66,157
09/07/2020,STS,CA,AWP,WE,Towers with Radar,15,8,14,0,37,0,18,39,0,57,15,26,53,0,94,32,0,32,126
09/08/2020,STS,CA,AWP,WE,Towers with Radar,13,11,18,0,42,0,3,17,0,20,13,14,35,0,62,58,0,58,120
09/09/2020,STS,CA,AWP,WE,Towers with Radar,14,13,18,0,45,0,2,1,0,3,14,15,19,0,48,0,0,0,48
09/10/2020,STS,CA,AWP,WE,Towers with Radar,13,15,26,0,54,0,0,0,0,0,13,15,26,0,54,0,0,0,54
09/11/2020,STS,CA,AWP,WE,Towers with Radar,14,17,11,0,42,0,0,0,0,0,14,17,11,0,42,0,0,0,42
09/12/2020,STS,CA,AWP,WE,Towers with Radar,14,18,28,0,60,0,0,0,0,0,14,18,28,0,60,0,0,0,60
09/13/2020,STS,CA,AWP,WE,Towers with Radar,13,15,20,0,48,0,6,0,0,6,13,21,20,0,54,0,0,0,54
09/14/2020,STS,CA,AWP,WE,Towers with Radar,12,10,28,0,50,0,11,6,0,17,12,21,34,0,67,2,0,2,69
09/15/2020,STS,CA,AWP,WE,Towers with Radar,9,6,18,0,33,0,4,59,0,63,9,10,77,0,96,46,0,46,142
09/16/2020,STS,CA,AWP,WE,Towers with Radar,12,11,28,0,51,0,16,74,0,90,12,27,102,0,141,64,0,64,205
09/17/2020,STS,CA,AWP,WE,Towers with Radar,12,9,25,0,46,0,28,105,0,133,12,37,130,0,179,98,0,98,277
09/18/2020,STS,CA,AWP,WE,Towers with Radar,13,13,20,0,46,0,5,75,0,80,13,18,95,0,126,18,0,18,144
09/19/2020,STS,CA,AWP,WE,Towers with Radar,14,10,13,0,37,1,29,80,0,110,15,39,93,0,147,78,0,78,225
09/20/2020,STS,CA,AWP,WE,Towers with Radar,12,13,10,0,35,0,7,63,0,70,12,20,73,0,105,80,0,80,185
09/21/2020,STS,CA,AWP,WE,Towers with Radar,14,18,19,0,51,0,8,55,0,63,14,26,74,0,114,84,0,84,198
09/22/2020,STS,CA,AWP,WE,Towers with Radar,14,13,4,0,31,0,13,96,0,109,14,26,100,0,140,116,0,116,256
09/23/2020,STS,CA,AWP,WE,Towers with Radar,14,8,13,0,35,0,30,91,0,121,14,38,104,0,156,84,0,84,240
09/24/2020,STS,CA,AWP,WE,Towers with Radar,13,4,24,1,42,0,16,117,0,133,13,20,141,1,175,114,0,114,289
09/25/2020,STS,CA,AWP,WE,Towers with Radar,14,7,12,0,33,0,18,103,2,123,14,25,115,2,156,66,0,66,222
09/26/2020,STS,CA,AWP,WE,Towers with Radar,14,12,12,0,38,0,7,106,9,122,14,19,118,9,160,126,0,126,286
09/27/2020,STS,CA,AWP,WE,Towers with Radar,15,13,20,0,48,0,181,61,0,242,15,194,81,0,290,14,0,14,304
09/28/2020,STS,CA,AWP,WE,Towers with Radar,17,16,17,0,50,0,89,13,0,102,17,105,30,0,152,0,0,0,152
09/29/2020,STS,CA,AWP,WE,Towers with Radar,15,10,8,1,34,0,6,37,1,44,15,16,45,2,78,34,0,34,112
09/30/2020,STS,CA,AWP,WE,Towers with Radar,14,9,19,0,42,0,10,42,0,52,14,19,61,0,94,80,0,80,174
10/01/2020,STS,CA,AWP,WE,Towers with Radar,14,19,32,0,65,0,2,2,0,4,14,21,34,0,69,16,0,16,85
10/02/2020,STS,CA,AWP,WE,Towers with Radar,13,16,20,0,49,0,0,0,0,0,13,16,20,0,49,4,0,4,53
10/03/2020,STS,CA,AWP,WE,Towers with Radar,15,11,14,0,40,0,132,45,0,177,15,143,59,0,217,52,0,52,269
10/04/2020,STS,CA,AWP,WE,Towers with Radar,14,8,12,0,34,0,84,66,0,150,14,92,78,0,184,72,0,72,256
10/05/2020,STS,CA,AWP,WE,Towers with Radar,13,5,15,0,33,0,27,78,0,105,13,32,93,0,138,116,0,116,254
10/06/2020,STS,CA,AWP,WE,Towers with Radar,16,6,16,0,38,0,26,87,0,113,16,32,103,0,151,90,0,90,241
10/07/2020,STS,CA,AWP,WE,Towers with Radar,16,11,23,1,51,0,9,71,17,97,16,20,94,18,148,66,0,66,214
10/08/2020,STS,CA,AWP,WE,Towers with Radar,16,22,31,0,69,0,14,40,0,54,16,36,71,0,123,100,0,100,223
10/09/2020,STS,CA,AWP,WE,Towers with Radar,15,13,24,0,52,0,8,85,0,93,15,21,109,0,145,140,0,140,285
10/10/2020,STS,CA,AWP,WE,Towers with Radar,16,8,23,0,47,0,10,3,0,13,16,18,26,0,60,0,0,0,60
10/11/2020,STS,CA,AWP,WE,Towers with Radar,16,17,8,0,41,0,11,110,0,121,16,28,118,0,162,130,0,130,292
10/12/2020,STS,CA,AWP,WE,Towers with Radar,16,6,25,0,47,0,14,75,0,89,16,20,100,0,136,78,0,78,214
10/13/2020,STS,CA,AWP,WE,Towers with Radar,18,1,8,0,27,0,15,110,0,125,18,16,118,0,152,120,0,120,272
10/14/2020,STS,CA,AWP,WE,Towers with Radar,15,3,20,0,38,0,22,124,0,146,15,25,144,0,184,188,0,188,372
10/15/2020,STS,CA,AWP,WE,Towers with Radar,15,13,12,1,41,0,12,98,13,123,15,25,110,14,164,86,10,96,260
10/16/2020,STS,CA,AWP,WE,Towers with Radar,15,15,16,0,46,0,25,115,0,140,15,40,131,0,186,56,0,56,242
10/17/2020,STS,CA,AWP,WE,Towers with Radar,16,7,9,0,32,0,14,105,0,119,16,21,114,0,151,82,0,82,233
10/18/2020,STS,CA,AWP,WE,Towers with Radar,15,10,18,0,43,0,3,127,0,130,15,13,145,0,173,62,0,62,235
10/19/2020,STS,CA,AWP,WE,Towers with Radar,17,13,11,0,41,0,11,95,2,108,17,24,106,2,149,50,0,50,199
10/20/2020,STS,CA,AWP,WE,Towers with Radar,15,12,12,0,39,0,16,102,0,118,15,28,114,0,157,142,0,142,299
10/21/2020,STS,CA,AWP,WE,Towers with Radar,16,10,14,0,40,0,4,112,1,117,16,14,126,1,157,140,0,140,297
10/22/2020,STS,CA,AWP,WE,Towers with Radar,16,11,22,0,49,0,13,82,0,95,16,24,104,0,144,72,0,72,216
10/23/2020,STS,CA,AWP,WE,Towers with Radar,15,9,24,1,49,18,102,41,0,161,33,111,65,1,210,74,0,74,284
10/24/2020,STS,CA,AWP,WE,Towers with Radar,16,3,24,0,43,0,9,65,1,75,16,12,89,1,118,80,0,80,198
10/25/2020,STS,CA,AWP,WE,Towers with Radar,16,16,24,0,56,0,5,107,0,112,16,21,131,0,168,98,0,98,266
10/26/2020,STS,CA,AWP,WE,Towers with Radar,15,3,20,0,38,0,16,64,1,81,15,19,84,1,119,86,0,86,205
10/27/2020,STS,CA,AWP,WE,Towers with Radar,16,6,13,0,35,0,8,142,0,150,16,14,155,0,185,130,0,130,315
10/28/2020,STS,CA,AWP,WE,Towers with Radar,15,5,17,0,37,0,7,122,0,129,15,12,139,0,166,122,0,122,288
10/29/2020,STS,CA,AWP,WE,Towers with Radar,16,18,13,0,47,0,5,99,0,104,16,23,112,0,151,84,0,84,235
10/30/2020,STS,CA,AWP,WE,Towers with Radar,17,13,17,0,47,0,7,109,2,118,17,20,126,2,165,86,0,86,251
10/31/2020,STS,CA,AWP,WE,Towers with Radar,16,3,9,0,28,0,10,104,3,117,16,13,113,3,145,32,4,36,181
11/01/2020,STS,CA,AWP,WE,Towers with Radar,17,8,12,0,37,0,17,70,0,87,17,25,82,0,124,108,0,108,232
11/02/2020,STS,CA,AWP,WE,Towers with Radar,16,11,9,0,36,0,10,121,0,131,16,21,130,0,167,126,0,126,293
11/03/2020,STS,CA,AWP,WE,Towers with Radar,16,5,23,0,44,0,8,101,0,109,16,13,124,0,153,68,0,68,221
11/04/2020,STS,CA,AWP,WE,Towers with Radar,15,14,20,0,49,0,23,90,0,113,15,37,110,0,162,62,0,62,224
11/05/2020,STS,CA,AWP,WE,Towers with Radar,15,11,24,0,50,0,20,120,0,140,15,31,144,0,190,82,0,82,272
11/06/2020,STS,CA,AWP,WE,Towers with Radar,16,7,28,0,51,0,6,40,0,46,16,13,68,0,97,42,0,42,139
11/07/2020,STS,CA,AWP,WE,Towers with Radar,16,5,10,1,32,0,17,110,0,127,16,22,120,1,159,130,0,130,289
11/08/2020,STS,CA,AWP,WE,Towers with Radar,15,11,21,0,47,0,16,27,0,43,15,27,48,0,90,22,0,22,112
11/09/2020,STS,CA,AWP,WE,Towers with Radar,16,14,19,0,49,0,9,86,0,95,16,23,105,0,144,98,0,98,242
11/10/2020,STS,CA,AWP,WE,Towers with Radar,16,12,13,2,43,0,14,85,2,101,16,26,98,4,144,154,0,154,298
11/11/2020,STS,CA,AWP,WE,Towers with Radar,16,9,31,2,58,0,30,117,0,147,16,39,148,2,205,80,0,80,285
11/12/2020,STS,CA,AWP,WE,Towers with Radar,16,6,4,0,26,0,13,107,0,120,16,19,111,0,146,131,0,131,277
11/13/2020,STS,CA,AWP,WE,Towers with Radar,16,13,35,1,65,0,6,2,0,8,16,19,37,1,73,0,0,0,73
11/14/2020,STS,CA,AWP,WE,Towers with Radar,15,13,11,0,39,0,11,99,5,115,15,24,110,5,154,110,0,110,264
11/15/2020,STS,CA,AWP,WE,Towers with Radar,16,11,11,0,38,0,9,116,2,127,16,20,127,2,165,134,0,134,299
11/16/2020,STS,CA,AWP,WE,Towers with Radar,17,22,15,4,58,0,10,90,5,105,17,32,105,9,163,68,0,68,231
11/17/2020,STS,CA,AWP,WE,Towers with Radar,17,12,30,0,59,0,0,0,0,0,17,12,30,0,59,2,0,2,61
11/18/2020,STS,CA,AWP,WE,Towers with Radar,16,18,33,2,69,0,5,24,4,33,16,23,57,6,102,104,0,104,206
11/19/2020,STS,CA,AWP,WE,Towers with Radar,16,7,20,0,43,0,7,62,2,71,16,14,82,2,114,74,2,76,190
11/20/2020,STS,CA,AWP,WE,Towers with Radar,18,7,14,0,39,0,7,129,2,138,18,14,143,2,177,112,0,112,289
11/21/2020,STS,CA,AWP,WE,Towers with Radar,18,17,10,0,45,0,8,140,0,148,18,25,150,0,193,90,0,90,283
11/22/2020,STS,CA,AWP,WE,Towers with Radar,18,15,19,0,52,0,10,101,0,111,18,25,120,0,163,88,0,88,251
11/23/2020,STS,CA,AWP,WE,Towers with Radar,15,12,25,0,52,0,10,74,0,84,15,22,99,0,136,84,0,84,220
11/24/2020,STS,CA,AWP,WE,Towers with Radar,16,16,12,1,45,0,2,83,0,85,16,18,95,1,130,100,8,108,238
11/25/2020,STS,CA,AWP,WE,Towers with Radar,18,11,19,0,48,0,9,69,0,78,18,20,88,0,126,44,0,44,170
11/26/2020,STS,CA,AWP,WE,Towers with Radar,9,2,6,0,17,0,8,24,0,32,9,10,30,0,49,0,0,0,49
11/27/2020,STS,CA,AWP,WE,Towers with Radar,16,5,13,0,34,0,6,91,0,97,16,11,104,0,131,72,0,72,203
11/28/2020,STS,CA,AWP,WE,Towers with Radar,20,8,12,0,40,0,6,115,2,123,20,14,127,2,163,90,0,90,253
11/29/2020,STS,CA,AWP,WE,Towers with Radar,19,16,9,0,44,0,15,102,0,117,19,31,111,0,161,98,0,98,259
11/30/2020,STS,CA,AWP,WE,Towers with Radar,18,5,13,0,36,0,10,99,1,110,18,15,112,1,146,104,0,104,250
12/01/2020,STS,CA,AWP,WE,Towers with Radar,14,7,7,2,30,0,9,86,8,103,14,16,93,10,133,66,4,70,203
12/02/2020,STS,CA,AWP,WE,Towers with Radar,16,6,18,0,40,0,7,75,0,82,16,13,93,0,122,98,0,98,220
12/03/2020,STS,CA,AWP,WE,Towers with Radar,14,7,7,0,28,0,5,79,2,86,14,12,86,2,114,122,4,126,240
12/04/2020,STS,CA,AWP,WE,Towers with Radar,14,7,11,0,32,0,5,111,0,116,14,12,122,0,148,118,0,118,266
12/05/2020,STS,CA,AWP,WE,Towers with Radar,16,7,5,0,28,0,4,90,0,94,16,11,95,0,122,76,0,76,198
12/06/2020,STS,CA,AWP,WE,Towers with Radar,14,11,9,0,34,0,8,81,0,89,14,19,90,0,123,114,0,114,237
12/07/2020,STS,CA,AWP,WE,Towers with Radar,14,8,6,1,29,0,10,48,2,60,14,18,54,3,89,46,18,64,153
12/08/2020,STS,CA,AWP,WE,Towers with Radar,14,2,12,3,31,0,4,85,5,94,14,6,97,8,125,104,0,104,229
12/09/2020,STS,CA,AWP,WE,Towers with Radar,14,6,7,0,27,0,15,89,3,107,14,21,96,3,134,86,0,86,220
12/10/2020,STS,CA,AWP,WE,Towers with Radar,14,11,11,0,36,0,5,130,0,135,14,16,141,0,171,64,0,64,235
12/11/2020,STS,CA,AWP,WE,Towers with Radar,14,6,26,0,46,0,5,39,0,44,14,11,65,0,90,76,0,76,166
12/12/2020,STS,CA,AWP,WE,Towers with Radar,15,10,18,2,45,0,6,20,0,26,15,16,38,2,71,24,0,24,95
12/13/2020,STS,CA,AWP,WE,Towers with Radar,14,12,32,0,58,0,6,0,0,6,14,18,32,0,64,0,0,0,64
12/14/2020,STS,CA,AWP,WE,Towers with Radar,14,7,15,0,36,0,10,106,0,116,14,17,121,0,152,92,0,92,244
12/15/2020,STS,CA,AWP,WE,Towers with Radar,13,8,19,3,43,0,7,53,0,60,13,15,72,3,103,92,2,94,197
12/16/2020,STS,CA,AWP,WE,Towers with Radar,14,17,25,0,56,0,5,7,0,12,14,22,32,0,68,6,0,6,74
12/17/2020,STS,CA,AWP,WE,Towers with Radar,16,2,13,0,31,0,11,61,0,72,16,13,74,0,103,104,0,104,207
12/18/2020,STS,CA,AWP,WE,Towers with Radar,16,5,18,0,39,0,6,115,2,123,16,11,133,2,162,136,2,138,300
12/19/2020,STS,CA,AWP,WE,Towers with Radar,16,7,17,0,40,0,9,104,0,113,16,16,121,0,153,86,0,86,239
12/20/2020,STS,CA,AWP,WE,Towers with Radar,14,14,9,0,37,0,8,79,0,87,14,22,88,0,124,72,0,72,196
12/21/2020,STS,CA,AWP,WE,Towers with Radar,15,6,12,0,33,0,20,50,0,70,15,26,62,0,103,26,0,26,129
12/22/2020,STS,CA,AWP,WE,Towers with Radar,14,2,21,0,37,0,14,69,0,83,14,16,90,0,120,64,0,64,184
12/23/2020,STS,CA,AWP,WE,Towers with Radar,17,8,20,0,45,0,10,86,0,96,17,18,106,0,141,58,0,58,199
12/24/2020,STS,CA,AWP,WE,Towers with Radar,12,1,8,0,21,0,4,46,0,50,12,5,54,0,71,18,0,18,89
12/25/2020,STS,CA,AWP,WE,Towers with Radar,16,0,8,0,24,0,0,3,0,3,16,0,11,0,27,2,0,2,29
12/26/2020,STS,CA,AWP,WE,Towers with Radar,14,9,19,0,42,0,4,42,2,48,14,13,61,2,90,76,0,76,166
12/27/2020,STS,CA,AWP,WE,Towers with Radar,16,9,17,0,42,0,4,63,0,67,16,13,80,0,109,52,0,52,161
12/28/2020,STS,CA,AWP,WE,Towers with Radar,16,8,14,0,38,0,9,64,0,73,16,17,78,0,111,62,0,62,173
12/29/2020,STS,CA,AWP,WE,Towers with Radar,16,9,12,0,37,0,10,102,0,112,16,19,114,0,149,84,0,84,233
12/30/2020,STS,CA,AWP,WE,Towers with Radar,16,7,19,0,42,0,5,76,0,81,16,12,95,0,123,136,0,136,259
12/31/2020,STS,CA,AWP,WE,Towers with Radar,11,2,11,0,24,0,10,80,0,90,11,12,91,0,114,48,0,48,162
01/01/2021,STS,CA,AWP,WE,Towers with Radar,16,3,1,0,20,0,11,70,0,81,16,14,71,0,101,44,0,44,145
01/02/2021,STS,CA,AWP,WE,Towers with Radar,18,13,34,0,65,0,0,1,0,1,18,13,35,0,66,0,0,0,66
01/03/2021,STS,CA,AWP,WE,Towers with Radar,17,16,22,0,55,0,3,19,0,22,17,19,41,0,77,12,0,12,89
01/04/2021,STS,CA,AWP,WE,Towers with Radar,13,7,9,0,29,0,4,2,0,6,13,11,11,0,35,0,0,0,35
01/05/2021,STS,CA,AWP,WE,Towers with Radar,8,3,15,0,26,0,8,111,0,119,8,11,126,0,145,156,0,156,301
01/06/2021,STS,CA,AWP,WE,Towers with Radar,11,3,9,0,23,0,2,6,0,8,11,5,15,0,31,44,0,44,75
01/07/2021,STS,CA,AWP,WE,Towers with Radar,9,6,16,0,31,0,2,4,0,6,9,8,20,0,37,92,0,92,129
01/08/2021,STS,CA,AWP,WE,Towers with Radar,10,6,20,0,36,0,5,55,0,60,10,11,75,0,96,14,0,14,110
01/09/2021,STS,CA,AWP,WE,Towers with Radar,11,2,8,0,21,0,5,160,0,165,11,7,168,0,186,60,0,60,246
01/10/2021,STS,CA,AWP,WE,Towers with Radar,10,10,33,1,54,0,2,4,0,6,10,12,37,1,60,2,0,2,62
01/11/2021,STS,CA,AWP,WE,Towers with Radar,10,12,14,0,36,0,5,60,0,65,10,17,74,0,101,80,0,80,181
01/12/2021,STS,CA,AWP,WE,Towers with Radar,8,11,23,0,42,0,6,38,0,44,8,17,61,0,86,44,0,44,130
01/13/2021,STS,CA,AWP,WE,Towers with Radar,8,9,22,0,39,0,8,25,0,33,8,17,47,0,72,72,0,72,144
01/14/2021,STS,CA,AWP,WE,Towers with Radar,7,9,22,0,38,0,8,76,1,85,7,17,98,1,123,78,0,78,201
01/15/2021,STS,CA,AWP,WE,Towers with Radar,10,7,17,0,34,0,8,121,0,129,10,15,138,0,163,134,0,134,297
01/16/2021,STS,CA,AWP,WE,Towers with Radar,10,6,14,0,30,0,11,111,0,122,10,17,125,0,152,142,0,142,294
01/17/2021,STS,CA,AWP,WE,Towers with Radar,10,7,9,0,26,0,9,126,0,135,10,16,135,0,161,68,0,68,229
01/18/2021,STS,CA,AWP,WE,Towers with Radar,10,4,12,0,26,0,4,33,0,37,10,8,45,0,63,8,0,8,71
01/19/2021,STS,CA,AWP,WE,Towers with Radar,7,11,3,0,21,0,0,14,0,14,7,11,17,0,35,46,0,46,81
01/20/2021,STS,CA,AWP,WE,Towers with Radar,7,10,12,0,29,0,6,104,2,112,7,16,116,2,141,124,0,124,265
01/21/2021,STS,CA,AWP,WE,Towers with Radar,8,3,16,0,27,0,19,105,1,125,8,22,121,1,152,92,0,92,244
01/22/2021,STS,CA,AWP,WE,Towers with Radar,10,11,20,0,41,0,7,32,0,39,10,18,52,0,80,82,0,82,162
01/23/2021,STS,CA,AWP,WE,Towers with Radar,9,4,9,0,22,0,12,123,0,135,9,16,132,0,157,126,0,126,283
01/24/2021,STS,CA,AWP,WE,Towers with Radar,9,9,23,0,41,0,3,4,0,7,9,12,27,0,48,28,0,28,76
01/25/2021,STS,CA,AWP,WE,Towers with Radar,10,5,12,0,27,0,9,41,1,51,10,14,53,1,78,96,0,96,174
01/26/2021,STS,CA,AWP,WE,Towers with Radar,8,7,8,0,23,0,3,37,0,40,8,10,45,0,63,60,0,60,123
01/27/2021,STS,CA,AWP,WE,Towers with Radar,7,8,14,0,29,0,2,11,0,13,7,10,25,0,42,14,0,14,56
01/28/2021,STS,CA,AWP,WE,Towers with Radar,8,11,8,0,27,0,3,8,0,11,8,14,16,0,38,30,0,30,68
01/29/2021,STS,CA,AWP,WE,Towers with Radar,8,8,22,0,38,0,8,54,5,67,8,16,76,5,105,70,0,70,175
01/30/2021,STS,CA,AWP,WE,Towers with Radar,9,2,20,0,31,0,10,59,2,71,9,12,79,2,102,82,0,82,184
01/31/2021,STS,CA,AWP,WE,Towers with Radar,6,8,15,0,29,0,4,50,0,54,6,12,65,0,83,72,0,72,155
02/01/2021,STS,CA,AWP,WE,Towers with Radar,6,6,17,0,29,0,3,21,0,24,6,9,38,0,53,28,0,28,81
02/02/2021,STS,CA,AWP,WE,Towers with Radar,6,10,17,0,33,0,7,61,0,68,6,17,78,0,101,148,0,148,249
02/03/2021,STS,CA,AWP,WE,Towers with Radar,6,7,21,0,34,0,8,48,0,56,6,15,69,0,90,122,0,122,212
02/04/2021,STS,CA,AWP,WE,Towers with Radar,6,8,16,0,30,0,12,108,0,120,6,20,124,0,150,90,0,90,240
02/05/2021,STS,CA,AWP,WE,Towers with Radar,6,4,12,0,22,0,13,132,0,145,6,17,144,0,167,110,0,110,277
02/06/2021,STS,CA,AWP,WE,Towers with Radar,6,7,12,0,25,0,5,125,0,130,6,12,137,0,155,124,0,124,279
02/07/2021,STS,CA,AWP,WE,Towers with Radar,6,2,11,0,19,0,9,97,0,106,6,11,108,0,125,62,0,62,187
02/08/2021,STS,CA,AWP,WE,Towers with Radar,4,8,13,0,25,0,7,79,0,86,4,15,92,0,111,120,0,120,231
02/09/2021,STS,CA,AWP,WE,Towers with Radar,7,7,13,1,28,0,7,95,1,103,7,14,108,2,131,116,0,116,247
02/10/2021,STS,CA,AWP,WE,Towers with Radar,6,10,15,0,31,0,11,112,1,124,6,21,127,1,155,142,0,142,297
02/11/2021,STS,CA,AWP,WE,Towers with Radar,8,13,32,0,53,0,3,3,0,6,8,16,35,0,59,16,0,16,75
02/12/2021,STS,CA,AWP,WE,Towers with Radar,11,5,28,4,48,0,11,108,4,123,11,16,136,8,171,194,0,194,365
02/13/2021,STS,CA,AWP,WE,Towers with Radar,3,10,19,0,32,0,6,48,0,54,3,16,67,0,86,36,0,36,122
02/14/2021,STS,CA,AWP,WE,Towers with Radar,5,12,23,0,40,0,2,45,4,51,5,14,68,4,91,60,0,60,151
02/15/2021,STS,CA,AWP,WE,Towers with Radar,7,13,37,0,57,0,7,43,0,50,7,20,80,0,107,184,0,184,291
02/16/2021,STS,CA,AWP,WE,Towers with Radar,8,9,24,0,41,0,10,132,0,142,8,19,156,0,183,118,0,118,301
02/17/2021,STS,CA,AWP,WE,Towers with Radar,6,7,21,2,36,0,7,117,0,124,6,14,138,2,160,154,0,154,314
02/18/2021,STS,CA,AWP,WE,Towers with Radar,8,5,16,0,29,0,11,98,0,109,8,16,114,0,138,102,0,102,240
02/19/2021,STS,CA,AWP,WE,Towers with Radar,10,11,28,1,50,0,9,41,0,50,10,20,69,1,100,80,0,80,180
02/20/2021,STS,CA,AWP,WE,Towers with Radar,7,14,14,0,35,0,14,83,0,97,7,28,97,0,132,120,0,120,252
02/21/2021,STS,CA,AWP,WE,Towers with Radar,10,9,11,0,30,0,14,158,0,172,10,23,169,0,202,122,0,122,324
02/22/2021,STS,CA,AWP,WE,Towers with Radar,8,8,20,0,36,0,5,117,0,122,8,13,137,0,158,194,0,194,352
02/23/2021,STS,CA,AWP,WE,Towers with Radar,8,3,15,1,27,0,10,78,3,91,8,13,93,4,118,98,0,98,216
02/24/2021,STS,CA,AWP,WE,Towers with Radar,5,12,17,0,34,0,15,94,0,109,5,27,111,0,143,92,0,92,235
02/25/2021,STS,CA,AWP,WE,Towers with Radar,8,11,8,0,27,0,9,126,0,135,8,20,134,0,162,171,0,171,333
02/26/2021,STS,CA,AWP,WE,Towers with Radar,10,14,15,2,41,0,10,91,0,101,10,24,106,2,142,48,0,48,190
02/27/2021,STS,CA,AWP,WE,Towers with Radar,6,7,10,0,23,0,9,103,0,112,6,16,113,0,135,78,0,78,213
02/28/2021,STS,CA,AWP,WE,Towers with Radar,10,17,12,0,39,0,6,143,0,149,10,23,155,0,188,146,0,146,334
03/01/2021,STS,CA,AWP,WE,Towers with Radar,10,9,19,0,38,0,7,82,0,89,10,16,101,0,127,182,0,182,309
03/02/2021,STS,CA,AWP,WE,Towers with Radar,7,8,15,1,31,0,4,131,1,136,7,12,146,2,167,84,0,84,251
03/03/2021,STS,CA,AWP,WE,Towers with Radar,6,11,21,0,38,0,8,117,2,127,6,19,138,2,165,138,0,138,303
03/04/2021,STS,CA,AWP,WE,Towers with Radar,7,17,27,0,51,0,2,78,0,80,7,19,105,0,131,140,0,140,271
03/05/2021,STS,CA,AWP,WE,Towers with Radar,9,10,44,0,63,0,6,70,2,78,9,16,114,2,141,86,0,86,227
03/06/2021,STS,CA,AWP,WE,Towers with Radar,6,13,9,0,28,0,5,84,0,89,6,18,93,0,117,94,0,94,211
03/07/2021,STS,CA,AWP,WE,Towers with Radar,11,10,31,0,52,0,14,143,0,157,11,24,174,0,209,144,0,144,353
03/08/2021,STS,CA,AWP,WE,Towers with Radar,10,8,15,0,33,0,7,26,0,33,10,15,41,0,66,90,0,90,156
03/09/2021,STS,CA,AWP,WE,Towers with Radar,8,10,14,0,32,0,5,6,0,11,8,15,20,0,43,6,0,6,49
03/10/2021,STS,CA,AWP,WE,Towers with Radar,6,6,21,0,33,0,7,12,0,19,6,13,33,0,52,0,0,0,52
03/11/2021,STS,CA,AWP,WE,Towers with Radar,8,18,27,2,55,0,6,110,0,116,8,24,137,2,171,154,0,154,325
03/12/2021,STS,CA,AWP,WE,Towers with Radar,10,11,23,3,47,0,12,176,0,188,10,23,199,3,235,144,0,144,379
03/13/2021,STS,CA,AWP,WE,Towers with Radar,8,13,28,1,50,0,11,118,0,129,8,24,146,1,179,92,0,92,271
03/14/2021,STS,CA,AWP,WE,Towers with Radar,9,12,36,0,57,0,3,15,0,18,9,15,51,0,75,20,0,20,95
03/15/2021,STS,CA,AWP,WE,Towers with Radar,11,5,23,0,39,0,11,58,0,69,11,16,81,0,108,76,0,76,184
03/16/2021,STS,CA,AWP,WE,Towers with Radar,8,8,17,0,33,0,6,126,0,132,8,14,143,0,165,124,0,124,289
03/17/2021,STS,CA,AWP,WE,Towers with Radar,5,12,16,0,33,0,8,88,0,96,5,20,104,0,129,80,0,80,209
03/18/2021,STS,CA,AWP,WE,Towers with Radar,14,6,35,0,55,0,0,0,0,0,14,6,35,0,55,0,0,0,55
03/19/2021,STS,CA,AWP,WE,Towers with Radar,14,10,19,0,43,0,9,62,0,71,14,19,81,0,114,82,0,82,196
03/20/2021,STS,CA,AWP,WE,Towers with Radar,12,7,14,0,33,0,8,144,0,152,12,15,158,0,185,102,0,102,287
03/21/2021,STS,CA,AWP,WE,Towers with Radar,13,12,27,0,52,0,14,179,0,193,13,26,206,0,245,94,0,94,339
03/22/2021,STS,CA,AWP,WE,Towers with Radar,14,11,11,0,36,0,6,94,0,100,14,17,105,0,136,42,0,42,178
03/23/2021,STS,CA,AWP,WE,Towers with Radar,14,9,13,0,36,0,8,86,0,94,14,17,99,0,130,70,0,70,200
03/24/2021,STS,CA,AWP,WE,Towers with Radar,14,8,24,1,47,0,13,123,0,136,14,21,147,1,183,122,0,122,305
03/25/2021,STS,CA,AWP,WE,Towers with Radar,14,15,25,0,54,0,11,84,0,95,14,26,109,0,149,90,0,90,239
03/26/2021,STS,CA,AWP,WE,Towers with Radar,14,16,12,0,42,0,11,164,0,175,14,27,176,0,217,78,0,78,295
03/27/2021,STS,CA,AWP,WE,Towers with Radar,14,15,6,0,35,0,8,149,0,157,14,23,155,0,192,78,0,78,270
03/28/2021,STS,CA,AWP,WE,Towers with Radar,14,24,32,0,70,0,4,142,0,146,14,28,174,0,216,120,0,120,336
03/29/2021,STS,CA,AWP,WE,Towers with Radar,14,17,16,0,47,0,4,84,0,88,14,21,100,0,135,106,0,106,241
03/30/2021,STS,CA,AWP,WE,Towers with Radar,15,9,9,2,35,0,12,74,0,86,15,21,83,2,121,68,0,68,189
03/31/2021,STS,CA,AWP,WE,Towers with Radar,14,11,20,0,45,0,13,115,0,128,14,24,135,0,173,106,0,106,279
04/01/2021,STS,CA,AWP,WE,Towers with Radar,15,11,14,2,42,0,8,120,1,129,15,19,134,3,171,114,0,114,285
04/02/2021,STS,CA,AWP,WE,Towers with Radar,16,14,36,2,68,0,8,89,0,97,16,22,125,2,165,46,0,46,211
04/03/2021,STS,CA,AWP,WE,Towers with Radar,15,17,17,0,49,0,17,102,0,119,15,34,119,0,168,152,0,152,320
04/04/2021,STS,CA,AWP,WE,Towers with Radar,18,9,18,0,45,0,2,67,0,69,18,11,85,0,114,106,0,106,220
04/05/2021,STS,CA,AWP,WE,Towers with Radar,18,16,23,0,57,0,5,54,2,61,18,21,77,2,118,128,0,128,246
04/06/2021,STS,CA,AWP,WE,Towers with Radar,17,20,37,0,74,0,3,57,0,60,17,23,94,0,134,120,0,120,254
04/07/2021,STS,CA,AWP,WE,Towers with Radar,18,13,20,0,51,0,10,85,0,95,18,23,105,0,146,154,0,154,300
04/08/2021,STS,CA,AWP,WE,Towers with Radar,18,14,26,0,58,0,9,119,0,128,18,23,145,0,186,114,0,114,300
04/09/2021,STS,CA,AWP,WE,Towers with Radar,18,9,26,0,53,0,9,126,0,135,18,18,152,0,188,192,0,192,380
04/10/2021,STS,CA,AWP,WE,Towers with Radar,20,16,16,0,52,0,11,141,0,152,20,27,157,0,204,102,0,102,306
04/11/2021,STS,CA,AWP,WE,Towers with Radar,17,8,25,0,50,0,6,101,0,107,17,14,126,0,157,56,0,56,213
04/12/2021,STS,CA,AWP,WE,Towers with Radar,18,9,22,1,50,0,7,117,0,124,18,16,139,1,174,140,0,140,314
04/13/2021,STS,CA,AWP,WE,Towers with Radar,18,13,14,2,47,0,9,72,0,81,18,22,86,2,128,120,0,120,248
04/14/2021,STS,CA,AWP,WE,Towers with Radar,19,8,16,5,48,0,15,121,0,136,19,23,137,5,184,124,0,124,308
04/15/2021,STS,CA,AWP,WE,Towers with Radar,18,13,31,2,64,0,7,108,0,115,18,20,139,2,179,150,0,150,329
04/16/2021,STS,CA,AWP,WE,Towers with Radar,18,24,36,0,78,0,6,113,0,119,18,30,149,0,197,95,0,95,292
04/17/2021,STS,CA,AWP,WE,Towers with Radar,18,6,17,0,41,0,9,90,2,101,18,15,107,2,142,118,0,118,260
04/18/2021,STS,CA,AWP,WE,Towers with Radar,21,26,23,0,70,0,13,136,0,149,21,39,159,0,219,60,0,60,279
04/19/2021,STS,CA,AWP,WE,Towers with Radar,18,10,23,0,51,0,5,79,0,84,18,15,102,0,135,128,0,128,263
04/20/2021,STS,CA,AWP,WE,Towers with Radar,18,5,16,0,39,0,12,100,0,112,18,17,116,0,151,104,0,104,255
04/21/2021,STS,CA,AWP,WE,Towers with Radar,18,10,24,0,52,0,14,115,4,133,18,24,139,4,185,144,0,144,329
04/22/2021,STS,CA,AWP,WE,Towers with Radar,21,20,44,0,85,0,16,39,0,55,21,36,83,0,140,64,0,64,204
04/23/2021,STS,CA,AWP,WE,Towers with Radar,18,14,20,0,52,0,5,105,0,110,18,19,125,0,162,142,0,142,304
04/24/2021,STS,CA,AWP,WE,Towers with Radar,18,11,21,0,50,0,6,46,0,52,18,17,67,0,102,104,0,104,206
04/25/2021,STS,CA,AWP,WE,Towers with Radar,17,14,27,0,58,0,5,22,0,27,17,19,49,0,85,32,0,32,117
04/26/2021,STS,CA,AWP,WE,Towers with Radar,20,13,20,0,53,0,6,96,0,102,20,19,116,0,155,52,0,52,207
04/27/2021,STS,CA,AWP,WE,Towers with Radar,18,8,12,0,38,0,8,138,0,146,18,16,150,0,184,150,0,150,334
04/28/2021,STS,CA,AWP,WE,Towers with Radar,20,8,27,0,55,0,15,128,0,143,20,23,155,0,198,134,0,134,332
04/29/2021,STS,CA,AWP,WE,Towers with Radar,20,9,14,0,43,0,11,134,0,145,20,20,148,0,188,130,0,130,318
04/30/2021,STS,CA,AWP,WE,Towers with Radar,19,10,14,0,43,0,12,136,6,154,19,22,150,6,197,156,0,156,353
05/01/2021,STS,CA,AWP,WE,Towers with Radar,20,6,20,0,46,0,23,82,0,105,20,29,102,0,151,68,0,68,219
05/02/2021,STS,CA,AWP,WE,Towers with Radar,19,11,29,0,59,0,7,98,0,105,19,18,127,0,164,68,0,68,232
05/03/2021,STS,CA,AWP,WE,Towers with Radar,20,7,27,0,54,0,13,97,2,112,20,20,124,2,166,106,0,106,272
05/04/2021,STS,CA,AWP,WE,Towers with Radar,21,12,10,0,43,0,22,135,0,157,21,34,145,0,200,128,0,128,328
05/05/2021,STS,CA,AWP,WE,Towers with Radar,20,19,14,0,53,0,7,120,0,127,20,26,134,0,180,186,0,186,366
05/06/2021,STS,CA,AWP,WE,Towers with Radar,18,14,36,0,68,0,11,113,0,124,18,25,149,0,192,144,0,144,336
05/07/2021,STS,CA,AWP,WE,Towers with Radar,20,27,9,0,56,0,13,135,1,149,20,40,144,1,205,168,0,168,373
05/08/2021,STS,CA,AWP,WE,Towers with Radar,20,4,18,0,42,0,14,95,0,109,20,18,113,0,151,114,0,114,265
05/09/2021,STS,CA,AWP,WE,Towers with Radar,20,11,11,0,42,0,11,109,0,120,20,22,120,0,162,62,0,62,224
05/10/2021,STS,CA,AWP,WE,Towers with Radar,20,17,23,0,60,0,7,116,0,123,20,24,139,0,183,98,0,98,281
05/11/2021,STS,CA,AWP,WE,Towers with Radar,20,12,22,0,54,0,7,144,0,151,20,19,166,0,205,100,0,100,305
05/12/2021,STS,CA,AWP,WE,Towers with Radar,20,17,28,0,65,0,22,124,3,149,20,39,152,3,214,200,6,206,420
05/13/2021,STS,CA,AWP,WE,Towers with Radar,20,20,45,0,85,0,13,115,1,129,20,33,160,1,214,86,0,86,300
05/14/2021,STS,CA,AWP,WE,Towers with Radar,20,12,38,0,70,0,4,85,0,89,20,16,123,0,159,126,0,126,285
05/15/2021,STS,CA,AWP,WE,Towers with Radar,16,14,28,0,58,0,6,128,0,134,16,20,156,0,192,62,0,62,254
05/16/2021,STS,CA,AWP,WE,Towers with Radar,20,24,36,0,80,0,5,65,0,70,20,29,101,0,150,42,0,42,192
05/17/2021,STS,CA,AWP,WE,Towers with Radar,19,16,29,0,64,0,1,90,0,91,19,17,119,0,155,70,0,70,225
05/18/2021,STS,CA,AWP,WE,Towers with Radar,20,9,14,1,44,0,8,116,6,130,20,17,130,7,174,40,0,40,214
05/19/2021,STS,CA,AWP,WE,Towers with Radar,20,13,17,0,50,0,19,101,0,120,20,32,118,0,170,56,0,56,226
05/20/2021,STS,CA,AWP,WE,Towers with Radar,20,14,24,0,58,0,8,80,2,90,20,22,104,2,148,52,0,52,200
05/21/2021,STS,CA,AWP,WE,Towers with Radar,20,15,34,0,69,0,10,103,0,113,20,25,137,0,182,88,0,88,270
05/22/2021,STS,CA,AWP,WE,Towers with Radar,20,10,17,0,47,0,4,142,0,146,20,14,159,0,193,76,0,76,269
05/23/2021,STS,CA,AWP,WE,Towers with Radar,20,25,33,0,78,0,7,118,0,125,20,32,151,0,203,122,0,122,325
05/24/2021,STS,CA,AWP,WE,Towers with Radar,19,13,30,0,62,0,11,120,0,131,19,24,150,0,193,104,0,104,297
05/25/2021,STS,CA,AWP,WE,Towers with Radar,20,14,13,0,47,0,4,120,0,124,20,18,133,0,171,102,0,102,273
05/26/2021,STS,CA,AWP,WE,Towers with Radar,20,7,15,0,42,0,17,181,1,199,20,24,196,1,241,110,0,110,351
05/27/2021,STS,CA,AWP,WE,Towers with Radar,20,15,25,0,60,0,19,130,0,149,20,34,155,0,209,140,0,140,349
05/28/2021,STS,CA,AWP,WE,Towers with Radar,20,20,32,0,72,0,8,136,1,145,20,28,168,1,217,104,0,104,321
05/29/2021,STS,CA,AWP,WE,Towers with Radar,20,17,20,0,57,0,9,118,1,128,20,26,138,1,185,70,0,70,255
05/30/2021,STS,CA,AWP,WE,Towers with Radar,18,9,8,0,35,0,5,114,2,121,18,14,122,2,156,104,0,104,260
05/31/2021,STS,CA,AWP,WE,Towers with Radar,20,20,30,0,70,6,9,112,0,127,26,29,142,0,197,134,0,134,331
06/01/2021,STS,CA,AWP,WE,Towers with Radar,21,22,16,0,59,0,29,121,0,150,21,51,137,0,209,128,0,128,337
06/02/2021,STS,CA,AWP,WE,Towers with Radar,21,8,34,0,63,0,9,103,0,112,21,17,137,0,175,150,0,150,325
06/03/2021,STS,CA,AWP,WE,Towers with Radar,22,16,25,0,63,0,12,140,1,153,22,28,165,1,216,84,0,84,300
06/04/2021,STS,CA,AWP,WE,Towers with Radar,22,5,30,1,58,0,18,99,2,119,22,23,129,3,177,98,0,98,275
06/05/2021,STS,CA,AWP,WE,Towers with Radar,23,19,18,0,60,0,10,112,3,125,23,29,130,3,185,66,0,66,251
06/06/2021,STS,CA,AWP,WE,Towers with Radar,22,21,37,0,80,0,10,109,0,119,22,31,146,0,199,72,0,72,271
06/07/2021,STS,CA,AWP,WE,Towers with Radar,22,15,29,0,66,0,11,74,2,87,22,26,103,2,153,98,0,98,251
06/08/2021,STS,CA,AWP,WE,Towers with Radar,22,13,22,0,57,0,12,89,0,101,22,25,111,0,158,72,0,72,230
06/09/2021,STS,CA,AWP,WE,Towers with Radar,22,12,22,0,56,0,6,74,3,83,22,18,96,3,139,92,0,92,231
06/10/2021,STS,CA,AWP,WE,Towers with Radar,22,17,18,0,57,0,6,127,3,136,22,23,145,3,193,144,0,144,337
06/11/2021,STS,CA,AWP,WE,Towers with Radar,22,11,34,0,67,0,20,122,0,142,22,31,156,0,209,156,0,156,365
06/12/2021,STS,CA,AWP,WE,Towers with Radar,24,13,20,0,57,0,18,95,0,113,24,31,115,0,170,130,0,130,300
06/13/2021,STS,CA,AWP,WE,Towers with Radar,21,19,22,0,62,0,21,105,0,126,21,40,127,0,188,82,0,82,270
06/14/2021,STS,CA,AWP,WE,Towers with Radar,22,17,17,0,56,0,22,60,0,82,22,39,77,0,138,62,0,62,200
06/15/2021,STS,CA,AWP,WE,Towers with Radar,21,20,18,2,61,0,12,98,0,110,21,32,116,2,171,88,0,88,259
06/16/2021,STS,CA,AWP,WE,Towers with Radar,24,16,16,0,56,0,18,106,0,124,24,34,122,0,180,70,0,70,250
06/17/2021,STS,CA,AWP,WE,Towers with Radar,20,9,34,2,65,0,13,84,12,109,20,22,118,14,174,80,0,80,254
06/18/2021,STS,CA,AWP,WE,Towers with Radar,21,5,36,0,62,0,13,85,0,98,21,18,121,0,160,166,0,166,326
06/19/2021,STS,CA,AWP,WE,Towers with Radar,23,12,20,0,55,0,18,104,0,122,23,30,124,0,177,112,0,112,289
06/20/2021,STS,CA,AWP,WE,Towers with Radar,21,12,18,0,51,0,12,98,0,110,21,24,116,0,161,86,0,86,247
06/21/2021,STS,CA,AWP,WE,Towers with Radar,20,17,31,0,68,0,28,93,1,122,20,45,124,1,190,150,0,150,340
06/22/2021,STS,CA,AWP,WE,Towers with Radar,21,11,38,2,72,0,8,62,1,71,21,19,100,3,143,136,0,136,279
06/23/2021,STS,CA,AWP,WE,Towers with Radar,21,13,28,0,62,0,21,89,1,111,21,34,117,1,173,74,0,74,247
06/24/2021,STS,CA,AWP,WE,Towers with Radar,22,20,25,1,68,0,8,94,2,104,22,28,119,3,172,126,0,126,298
06/25/2021,STS,CA,AWP,WE,Towers with Radar,21,10,34,0,65,0,25,84,0,109,21,35,118,0,174,68,0,68,242
06/26/2021,STS,CA,AWP,WE,Towers with Radar,23,6,15,0,44,0,8,99,0,107,23,14,114,0,151,114,0,114,265
06/27/2021,STS,CA,AWP,WE,Towers with Radar,18,14,29,0,61,0,21,98,0,119,18,35,127,0,180,122,0,122,302
06/28/2021,STS,CA,AWP,WE,Towers with Radar,20,18,21,1,60,0,4,100,1,105,20,22,121,2,165,110,0,110,275
06/29/2021,STS,CA,AWP,WE,Towers with Radar,22,14,21,0,57,0,14,106,0,120,22,28,127,0,177,192,0,192,369
06/30/2021,STS,CA,AWP,WE,Towers with Radar,21,11,27,0,59,0,13,101,0,114,21,24,128,0,173,130,0,130,303
07/01/2021,STS,CA,AWP,WE,Towers with Radar,21,24,26,0,71,0,8,82,0,90,21,32,108,0,161,72,0,72,233
07/02/2021,STS,CA,AWP,WE,Towers with Radar,20,17,28,0,65,0,17,119,0,136,20,34,147,0,201,146,0,146,347
07/03/2021,STS,CA,AWP,WE,Towers with Radar,20,7,24,0,51,0,10,75,0,85,20,17,99,0,136,116,0,116,252
07/04/2021,STS,CA,AWP,WE,Towers with Radar,22,5,17,0,44,0,25,80,0,105,22,30,97,0,149,24,0,24,173
07/05/2021,STS,CA,AWP,WE,Towers with Radar,22,11,26,0,59,0,15,106,0,121,22,26,132,0,180,100,0,100,280
07/06/2021,STS,CA,AWP,WE,Towers with Radar,22,21,33,0,76,0,5,72,0,77,22,26,105,0,153,124,0,124,277
07/07/2021,STS,CA,AWP,WE,Towers with Radar,21,12,30,0,63,0,22,89,2,113,21,34,119,2,176,90,0,90,266
07/08/2021,STS,CA,AWP,WE,Towers with Radar,21,24,35,0,80,0,11,124,0,135,21,35,159,0,215,136,0,136,351
07/09/2021,STS,CA,AWP,WE,Towers with Radar,19,22,19,0,60,0,26,140,0,166,19,48,159,0,226,152,0,152,378
07/10/2021,STS,CA,AWP,WE,Towers with Radar,22,7,18,0,47,3,10,100,0,113,25,17,118,0,160,142,0,142,302
07/11/2021,STS,CA,AWP,WE,Towers with Radar,22,26,40,0,88,0,16,122,0,138,22,42,162,0,226,92,0,92,318
07/12/2021,STS,CA,AWP,WE,Towers with Radar,22,21,37,0,80,0,6,71,0,77,22,27,108,0,157,110,0,110,267
07/13/2021,STS,CA,AWP,WE,Towers with Radar,19,21,22,0,62,0,14,110,0,124,19,35,132,0,186,96,0,96,282
07/14/2021,STS,CA,AWP,WE,Towers with Radar,19,15,43,0,77,0,26,98,1,125,19,41,141,1,202,76,0,76,278
07/15/2021,STS,CA,AWP,WE,Towers with Radar,22,22,30,0,74,0,17,101,2,120,22,39,131,2,194,148,0,148,342
07/16/2021,STS,CA,AWP,WE,Towers with Radar,21,22,27,4,74,0,14,102,2,118,21,36,129,6,192,156,0,156,348
07/17/2021,STS,CA,AWP,WE,Towers with Radar,19,8,17,0,44,0,15,137,0,152,19,23,154,0,196,156,0,156,352
07/18/2021,STS,CA,AWP,WE,Towers with Radar,21,30,41,0,92,0,35,126,0,161,21,65,167,0,253,54,0,54,307
07/19/2021,STS,CA,AWP,WE,Towers with Radar,21,22,23,0,66,0,11,103,4,118,21,33,126,4,184,72,0,72,256
07/20/2021,STS,CA,AWP,WE,Towers with Radar,21,14,20,0,55,0,22,96,0,118,21,36,116,0,173,110,0,110,283
07/21/2021,STS,CA,AWP,WE,Towers with Radar,19,22,33,0,74,0,21,121,0,142,19,43,154,0,216,82,0,82,298
07/22/2021,STS,CA,AWP,WE,Towers with Radar,20,36,41,0,97,0,9,115,0,124,20,45,156,0,221,94,2,96,317
07/23/2021,STS,CA,AWP,WE,Towers with Radar,23,27,21,0,71,0,25,159,0,184,23,52,180,0,255,90,0,90,345
07/24/2021,STS,CA,AWP,WE,Towers with Radar,20,21,13,0,54,0,14,116,0,130,20,35,129,0,184,100,0,100,284
07/25/2021,STS,CA,AWP,WE,Towers with Radar,22,33,45,0,100,0,10,122,0,132,22,43,167,0,232,68,0,68,300
07/26/2021,STS,CA,AWP,WE,Towers with Radar,19,23,32,0,74,0,8,99,0,107,19,31,131,0,181,120,0,120,301
07/27/2021,STS,CA,AWP,WE,Towers with Radar,19,14,22,2,57,0,17,103,0,120,19,31,125,2,177,96,0,96,273
07/28/2021,STS,CA,AWP,WE,Towers with Radar,19,22,38,1,80,0,13,110,1,124,19,35,148,2,204,62,0,62,266
07/29/2021,STS,CA,AWP,WE,Towers with Radar,20,28,29,0,77,0,19,99,3,121,20,47,128,3,198,96,0,96,294
07/30/2021,STS,CA,AWP,WE,Towers with Radar,21,19,41,0,81,0,36,86,4,126,21,55,127,4,207,100,0,100,307
07/31/2021,STS,CA,AWP,WE,Towers with Radar,34,23,22,1,80,0,13,135,3,151,34,36,157,4,231,72,0,72,303
08/01/2021,STS,CA,AWP,WE,Towers with Radar,22,33,42,0,97,0,25,109,0,134,22,58,151,0,231,104,0,104,335
08/02/2021,STS,CA,AWP,WE,Towers with Radar,23,15,27,0,65,0,5,117,0,122,23,20,144,0,187,106,0,106,293
08/03/2021,STS,CA,AWP,WE,Towers with Radar,21,11,23,0,55,0,19,89,0,108,21,30,112,0,163,78,0,78,241
08/04/2021,STS,CA,AWP,WE,Towers with Radar,20,18,37,2,77,0,15,61,0,76,20,33,98,2,153,62,0,62,215
08/05/2021,STS,CA,AWP,WE,Towers with Radar,23,28,33,2,86,0,17,56,0,73,23,45,89,2,159,62,0,62,221
08/06/2021,STS,CA,AWP,WE,Towers with Radar,22,26,43,0,91,0,8,47,2,57,22,34,90,2,148,88,0,88,236
08/07/2021,STS,CA,AWP,WE,Towers with Radar,23,19,36,3,81,0,21,69,0,90,23,40,105,3,171,118,0,118,289
08/08/2021,STS,CA,AWP,WE,Towers with Radar,23,24,26,0,73,0,10,93,0,103,23,34,119,0,176,126,0,126,302
08/09/2021,STS,CA,AWP,WE,Towers with Radar,23,11,17,0,51,0,20,125,0,145,23,31,142,0,196,56,0,56,252
08/10/2021,STS,CA,AWP,WE,Towers with Radar,21,12,22,1,56,0,22,96,1,119,21,34,118,2,175,68,0,68,243
08/11/2021,STS,CA,AWP,WE,Towers with Radar,22,20,19,0,61,0,24,111,0,135,22,44,130,0,196,108,0,108,304
08/12/2021,STS,CA,AWP,WE,Towers with Radar,23,8,36,0,67,0,8,72,0,80,23,16,108,0,147,124,0,124,271
08/13/2021,STS,CA,AWP,WE,Towers with Radar,26,16,26,0,68,0,42,115,0,157,26,58,141,0,225,110,0,110,335
08/14/2021,STS,CA,AWP,WE,Towers with Radar,23,14,28,0,65,0,17,89,0,106,23,31,117,0,171,132,0,132,303
08/15/2021,STS,CA,AWP,WE,Towers with Radar,23,12,25,0,60,0,18,86,0,104,23,30,111,0,164,46,0,46,210
08/16/2021,STS,CA,AWP,WE,Towers with Radar,22,7,22,0,51,0,10,84,0,94,22,17,106,0,145,94,0,94,239
08/17/2021,STS,CA,AWP,WE,Towers with Radar,20,9,22,0,51,0,6,109,0,115,20,15,131,0,166,178,0,178,344
08/18/2021,STS,CA,AWP,WE,Towers with Radar,23,13,41,0,77,0,56,79,0,135,23,69,120,0,212,62,0,62,274
08/19/2021,STS,CA,AWP,WE,Towers with Radar,23,24,43,0,90,0,6,91,3,100,23,30,134,3,190,96,8,104,294
08/20/2021,STS,CA,AWP,WE,Towers with Radar,23,14,40,0,77,0,8,54,0,62,23,22,94,0,139,128,0,128,267
08/21/2021,STS,CA,AWP,WE,Towers with Radar,22,20,43,0,85,0,1,37,0,38,22,21,80,0,123,78,0,78,201
08/22/2021,STS,CA,AWP,WE,Towers with Radar,23,18,29,0,70,0,4,57,0,61,23,22,86,0,131,106,0,106,237
08/23/2021,STS,CA,AWP,WE,Towers with Radar,23,21,30,0,74,0,3,73,0,76,23,24,103,0,150,46,0,46,196
08/24/2021,STS,CA,AWP,WE,Towers with Radar,20,16,28,0,64,0,8,104,0,112,20,24,132,0,176,72,0,72,248
08/25/2021,STS,CA,AWP,WE,Towers with Radar,21,17,32,0,70,0,7,99,2,108,21,24,131,2,178,74,0,74,252
08/26/2021,STS,CA,AWP,WE,Towers with Radar,23,23,18,0,64,0,13,97,1,111,23,36,115,1,175,108,0,108,283
08/27/2021,STS,CA,AWP,WE,Towers with Radar,25,12,31,0,68,0,17,89,4,110,25,29,120,4,178,126,0,126,304
08/28/2021,STS,CA,AWP,WE,Towers with Radar,21,18,9,0,48,0,17,61,0,78,21,35,70,0,126,96,0,96,222
08/29/2021,STS,CA,AWP,WE,Towers with Radar,23,24,33,0,80,0,8,68,0,76,23,32,101,0,156,66,0,66,222
08/30/2021,STS,CA,AWP,WE,Towers with Radar,23,9,38,0,70,0,6,74,0,80,23,15,112,0,150,44,26,70,220
08/31/2021,STS,CA,AWP,WE,Towers with Radar,25,19,16,0,60,0,27,129,0,156,25,46,145,0,216,84,0,84,300
09/01/2021,STS,CA,AWP,WE,Towers with Radar,18,18,41,0,77,0,13,81,0,94,18,31,122,0,171,68,0,68,239
09/02/2021,STS,CA,AWP,WE,Towers with Radar,23,11,28,0,62,0,18,86,4,108,23,29,114,4,170,70,0,70,240
09/03/2021,STS,CA,AWP,WE,Towers with Radar,22,22,36,0,80,0,15,83,0,98,22,37,119,0,178,34,0,34,212
09/04/2021,STS,CA,AWP,WE,Towers with Radar,25,10,17,0,52,0,18,76,0,94,25,28,93,0,146,120,0,120,266
09/05/2021,STS,CA,AWP,WE,Towers with Radar,22,14,16,0,52,0,16,91,2,109,22,30,107,2,161,60,0,60,221
09/06/2021,STS,CA,AWP,WE,Towers with Radar,22,20,22,0,64,0,15,116,0,131,22,35,138,0,195,48,0,48,243
09/07/2021,STS,CA,AWP,WE,Towers with Radar,20,16,24,0,60,0,9,83,0,92,20,25,107,0,152,66,0,66,218
09/08/2021,STS,CA,AWP,WE,Towers with Radar,17,12,18,0,47,0,18,87,0,105,17,30,105,0,152,80,0,80,232
09/09/2021,STS,CA,AWP,WE,Towers with Radar,30,16,20,0,66,0,9,104,3,116,30,25,124,3,182,70,8,78,260
09/10/2021,STS,CA,AWP,WE,Towers with Radar,26,12,49,0,87,0,15,100,0,115,26,27,149,0,202,82,0,82,284
09/11/2021,STS,CA,AWP,WE,Towers with Radar,19,10,22,0,51,0,13,120,0,133,19,23,142,0,184,34,0,34,218
09/12/2021,STS,CA,AWP,WE,Towers with Radar,27,20,24,0,71,0,22,109,0,131,27,42,133,0,202,46,0,46,248
09/13/2021,STS,CA,AWP,WE,Towers with Radar,26,12,30,0,68,0,23,104,0,127,26,35,134,0,195,152,0,152,347
09/14/2021,STS,CA,AWP,WE,Towers with Radar,0,0,0,0,0,0,0,0,0,0,0,0,0,0,0,0,0,0,0
09/15/2021,STS,CA,AWP,WE,Towers with Radar,0,0,0,0,0,0,0,0,0,0,0,0,0,0,0,0,0,0,0
09/16/2021,STS,CA,AWP,WE,Towers with Radar,30,19,41,0,90,0,7,83,0,90,30,26,124,0,180,52,0,52,232
09/17/2021,STS,CA,AWP,WE,Towers with Radar,31,26,41,0,98,0,8,78,0,86,31,34,119,0,184,138,0,138,322
09/18/2021,STS,CA,AWP,WE,Towers with Radar,20,16,55,0,91,0,0,1,0,1,20,16,56,0,92,0,0,0,92
09/19/2021,STS,CA,AWP,WE,Towers with Radar,30,27,33,0,90,0,7,106,0,113,30,34,139,0,203,50,0,50,253
09/20/2021,STS,CA,AWP,WE,Towers with Radar,28,5,27,0,60,0,10,124,3,137,28,15,151,3,197,68,0,68,265
09/21/2021,STS,CA,AWP,WE,Towers with Radar,20,16,16,1,53,0,30,97,6,133,20,46,113,7,186,64,4,68,254
09/22/2021,STS,CA,AWP,WE,Towers with Radar,17,24,24,0,65,0,17,128,0,145,17,41,152,0,210,100,0,100,310
09/23/2021,STS,CA,AWP,WE,Towers with Radar,29,19,49,0,97,0,8,86,0,94,29,27,135,0,191,90,0,90,281
09/24/2021,STS,CA,AWP,WE,Towers with Radar,28,16,21,4,69,0,12,152,0,164,28,28,173,4,233,122,0,122,355
09/25/2021,STS,CA,AWP,WE,Towers with Radar,19,17,30,2,68,0,13,102,0,115,19,30,132,2,183,88,0,88,271
09/26/2021,STS,CA,AWP,WE,Towers with Radar,30,17,29,0,76,0,10,113,0,123,30,27,142,0,199,28,0,28,227
09/27/2021,STS,CA,AWP,WE,Towers with Radar,30,20,47,3,100,0,2,30,1,33,30,22,77,4,133,108,0,108,241
09/28/2021,STS,CA,AWP,WE,Towers with Radar,17,15,18,1,51,0,6,137,0,143,17,21,155,1,194,136,0,136,330
09/29/2021,STS,CA,AWP,WE,Towers with Radar,17,11,22,0,50,0,6,130,0,136,17,17,152,0,186,104,0,104,290
09/30/2021,STS,CA,AWP,WE,Towers with Radar,29,14,26,1,70,0,15,127,2,144,29,29,153,3,214,70,0,70,284
10/01/2021,STS,CA,AWP,WE,Towers with Radar,31,21,24,0,76,0,12,154,0,166,31,33,178,0,242,136,0,136,378
10/02/2021,STS,CA,AWP,WE,Towers with Radar,21,11,15,0,47,0,17,123,0,140,21,28,138,0,187,92,0,92,279
10/03/2021,STS,CA,AWP,WE,Towers with Radar,30,22,22,0,74,0,10,115,0,125,30,32,137,0,199,82,0,82,281
10/04/2021,STS,CA,AWP,WE,Towers with Radar,32,15,22,0,69,0,20,95,0,115,32,35,117,0,184,144,0,144,328
10/05/2021,STS,CA,AWP,WE,Towers with Radar,17,13,32,0,62,0,10,103,0,113,17,23,135,0,175,96,0,96,271
10/06/2021,STS,CA,AWP,WE,Towers with Radar,18,22,37,0,77,0,8,93,2,103,18,30,130,2,180,128,0,128,308
10/07/2021,STS,CA,AWP,WE,Towers with Radar,27,24,46,0,97,0,11,92,0,103,27,35,138,0,200,126,0,126,326
10/08/2021,STS,CA,AWP,WE,Towers with Radar,28,18,51,0,97,0,9,99,0,108,28,27,150,0,205,116,0,116,321
10/09/2021,STS,CA,AWP,WE,Towers with Radar,15,15,15,0,45,0,9,129,0,138,15,24,144,0,183,116,0,116,299
10/10/2021,STS,CA,AWP,WE,Towers with Radar,28,25,27,0,80,0,7,119,0,126,28,32,146,0,206,96,0,96,302
10/11/2021,STS,CA,AWP,WE,Towers with Radar,31,17,21,2,71,0,14,56,0,70,31,31,77,2,141,62,0,62,203
10/12/2021,STS,CA,AWP,WE,Towers with Radar,18,20,15,0,53,0,18,92,0,110,18,38,107,0,163,46,0,46,209
10/13/2021,STS,CA,AWP,WE,Towers with Radar,17,23,30,0,70,0,6,87,0,93,17,29,117,0,163,124,0,124,287
10/14/2021,STS,CA,AWP,WE,Towers with Radar,26,18,40,2,86,0,11,113,0,124,26,29,153,2,210,62,0,62,272
10/15/2021,STS,CA,AWP,WE,Towers with Radar,32,24,21,0,77,0,15,116,0,131,32,39,137,0,208,160,0,160,368
10/16/2021,STS,CA,AWP,WE,Towers with Radar,15,16,13,2,46,0,9,148,0,157,15,25,161,2,203,62,0,62,265
10/17/2021,STS,CA,AWP,WE,Towers with Radar,27,30,40,0,97,0,5,31,0,36,27,35,71,0,133,26,0,26,159
10/18/2021,STS,CA,AWP,WE,Towers with Radar,26,19,29,0,74,0,4,80,0,84,26,23,109,0,158,124,0,124,282
10/19/2021,STS,CA,AWP,WE,Towers with Radar,18,12,20,0,50,0,2,60,0,62,18,14,80,0,112,132,0,132,244
10/20/2021,STS,CA,AWP,WE,Towers with Radar,25,30,34,0,89,0,0,0,0,0,25,30,34,0,89,0,0,0,89
10/21/2021,STS,CA,AWP,WE,Towers with Radar,22,23,43,0,88,0,0,0,0,0,22,23,43,0,88,0,0,0,88
10/22/2021,STS,CA,AWP,WE,Towers with Radar,25,26,35,8,94,0,10,60,6,76,25,36,95,14,170,146,0,146,316
10/23/2021,STS,CA,AWP,WE,Towers with Radar,17,14,44,0,75,0,3,1,0,4,17,17,45,0,79,4,0,4,83
10/24/2021,STS,CA,AWP,WE,Towers with Radar,13,10,12,0,35,0,0,0,0,0,13,10,12,0,35,0,0,0,35
10/25/2021,STS,CA,AWP,WE,Towers with Radar,32,20,22,0,74,0,6,34,0,40,32,26,56,0,114,88,0,88,202
10/26/2021,STS,CA,AWP,WE,Towers with Radar,17,15,47,0,79,0,0,0,0,0,17,15,47,0,79,4,0,4,83
10/27/2021,STS,CA,AWP,WE,Towers with Radar,17,22,38,0,77,0,7,72,0,79,17,29,110,0,156,82,0,82,238
10/28/2021,STS,CA,AWP,WE,Towers with Radar,27,9,29,0,65,0,7,120,0,127,27,16,149,0,192,144,0,144,336
10/29/2021,STS,CA,AWP,WE,Towers with Radar,32,14,24,0,70,0,13,151,0,164,32,27,175,0,234,196,0,196,430
10/30/2021,STS,CA,AWP,WE,Towers with Radar,15,21,32,0,68,0,5,5,0,10,15,26,37,0,78,0,0,0,78
10/31/2021,STS,CA,AWP,WE,Towers with Radar,26,11,33,0,70,0,2,8,0,10,26,13,41,0,80,6,0,6,86
11/01/2021,STS,CA,AWP,WE,Towers with Radar,29,16,35,0,80,0,1,1,0,2,29,17,36,0,82,4,0,4,86
11/02/2021,STS,CA,AWP,WE,Towers with Radar,15,16,32,0,63,0,8,64,0,72,15,24,96,0,135,128,0,128,263
11/03/2021,STS,CA,AWP,WE,Towers with Radar,16,9,16,0,41,0,8,119,2,129,16,17,135,2,170,148,0,148,318
11/04/2021,STS,CA,AWP,WE,Towers with Radar,28,11,30,0,69,0,7,85,3,95,28,18,115,3,164,272,0,272,436
11/05/2021,STS,CA,AWP,WE,Towers with Radar,29,17,25,0,71,0,9,114,0,123,29,26,139,0,194,138,0,138,332
11/06/2021,STS,CA,AWP,WE,Towers with Radar,18,12,18,0,48,0,12,68,4,84,18,24,86,4,132,172,0,172,304
11/07/2021,STS,CA,AWP,WE,Towers with Radar,25,22,26,0,73,0,14,199,0,213,25,36,225,0,286,110,0,110,396
11/08/2021,STS,CA,AWP,WE,Towers with Radar,26,15,32,0,73,0,4,69,0,73,26,19,101,0,146,68,0,68,214
11/09/2021,STS,CA,AWP,WE,Towers with Radar,17,16,37,0,70,0,1,0,0,1,17,17,37,0,71,0,0,0,71
11/10/2021,STS,CA,AWP,WE,Towers with Radar,16,14,41,0,71,0,5,75,0,80,16,19,116,0,151,86,0,86,237
11/11/2021,STS,CA,AWP,WE,Towers with Radar,27,30,28,0,85,0,13,157,0,170,27,43,185,0,255,134,0,134,389
11/12/2021,STS,CA,AWP,WE,Towers with Radar,31,8,37,0,76,0,8,85,0,93,31,16,122,0,169,198,0,198,367
11/13/2021,STS,CA,AWP,WE,Towers with Radar,16,14,22,0,52,0,5,128,0,133,16,19,150,0,185,42,0,42,227
11/14/2021,STS,CA,AWP,WE,Towers with Radar,25,34,36,0,95,0,8,50,0,58,25,42,86,0,153,122,0,122,275
11/15/2021,STS,CA,AWP,WE,Towers with Radar,26,17,38,0,81,0,0,10,0,10,26,17,48,0,91,14,0,14,105
11/16/2021,STS,CA,AWP,WE,Towers with Radar,16,11,33,0,60,0,7,109,0,116,16,18,142,0,176,94,0,94,270
11/17/2021,STS,CA,AWP,WE,Towers with Radar,14,10,18,0,42,0,5,108,0,113,14,15,126,0,155,120,0,120,275
11/18/2021,STS,CA,AWP,WE,Towers with Radar,26,7,31,0,64,0,12,80,0,92,26,19,111,0,156,154,0,154,310
11/19/2021,STS,CA,AWP,WE,Towers with Radar,22,41,48,4,115,0,2,6,0,8,22,43,54,4,123,2,0,2,125
11/20/2021,STS,CA,AWP,WE,Towers with Radar,16,23,20,1,60,0,21,122,0,143,16,44,142,1,203,85,0,85,288
11/21/2021,STS,CA,AWP,WE,Towers with Radar,22,8,21,0,51,0,13,142,0,155,22,21,163,0,206,98,0,98,304
11/22/2021,STS,CA,AWP,WE,Towers with Radar,21,11,9,5,46,0,22,147,6,175,21,33,156,11,221,116,4,120,341
11/23/2021,STS,CA,AWP,WE,Towers with Radar,16,21,23,2,62,0,14,131,0,145,16,35,154,2,207,106,0,106,313
11/24/2021,STS,CA,AWP,WE,Towers with Radar,17,18,38,0,73,1,13,104,0,118,18,31,142,0,191,64,0,64,255
11/25/2021,STS,CA,AWP,WE,Towers with Radar,17,3,4,0,24,0,2,36,0,38,17,5,40,0,62,32,0,32,94
11/26/2021,STS,CA,AWP,WE,Towers with Radar,22,6,11,0,39,0,15,135,0,150,22,21,146,0,189,130,0,130,319
11/27/2021,STS,CA,AWP,WE,Towers with Radar,20,16,39,0,75,0,8,123,0,131,20,24,162,0,206,80,0,80,286
11/28/2021,STS,CA,AWP,WE,Towers with Radar,23,26,25,0,74,0,46,112,0,158,23,72,137,0,232,78,0,78,310
11/29/2021,STS,CA,AWP,WE,Towers with Radar,22,14,15,2,53,0,10,123,6,139,22,24,138,8,192,164,0,164,356
11/30/2021,STS,CA,AWP,WE,Towers with Radar,17,10,22,0,49,0,7,141,0,148,17,17,163,0,197,68,0,68,265
12/01/2021,STS,CA,AWP,WE,Towers with Radar,18,11,18,0,47,0,10,120,0,130,18,21,138,0,177,186,0,186,363
12/02/2021,STS,CA,AWP,WE,Towers with Radar,20,11,23,0,54,0,6,116,4,126,20,17,139,4,180,138,0,138,318
12/03/2021,STS,CA,AWP,WE,Towers with Radar,20,13,36,2,71,0,0,2,0,2,20,13,38,2,73,0,0,0,73
12/04/2021,STS,CA,AWP,WE,Towers with Radar,16,9,28,0,53,0,0,0,0,0,16,9,28,0,53,12,0,12,65
12/05/2021,STS,CA,AWP,WE,Towers with Radar,25,12,23,0,60,0,9,110,0,119,25,21,133,0,179,112,0,112,291
12/06/2021,STS,CA,AWP,WE,Towers with Radar,22,13,31,0,66,0,0,0,0,0,22,13,31,0,66,0,0,0,66
12/07/2021,STS,CA,AWP,WE,Towers with Radar,22,20,34,6,82,0,6,69,0,75,22,26,103,6,157,64,0,64,221
12/08/2021,STS,CA,AWP,WE,Towers with Radar,16,15,33,1,65,0,0,7,0,7,16,15,40,1,72,10,0,10,82
12/09/2021,STS,CA,AWP,WE,Towers with Radar,23,16,28,2,69,0,8,118,1,127,23,24,146,3,196,146,16,162,358
12/10/2021,STS,CA,AWP,WE,Towers with Radar,20,15,26,0,61,0,13,163,2,178,20,28,189,2,239,242,0,242,481
12/11/2021,STS,CA,AWP,WE,Towers with Radar,16,11,12,0,39,0,1,126,0,127,16,12,138,0,166,164,0,164,330
12/12/2021,STS,CA,AWP,WE,Towers with Radar,25,16,25,0,66,0,0,0,0,0,25,16,25,0,66,0,0,0,66
12/13/2021,STS,CA,AWP,WE,Towers with Radar,19,6,20,0,45,0,1,0,0,1,19,7,20,0,46,0,0,0,46
12/14/2021,STS,CA,AWP,WE,Towers with Radar,22,6,25,0,53,0,5,87,0,92,22,11,112,0,145,158,0,158,303
12/15/2021,STS,CA,AWP,WE,Towers with Radar,16,14,28,2,60,0,1,2,0,3,16,15,30,2,63,2,0,2,65
12/16/2021,STS,CA,AWP,WE,Towers with Radar,20,13,25,1,59,0,3,82,2,87,20,16,107,3,146,100,0,100,246
12/17/2021,STS,CA,AWP,WE,Towers with Radar,21,23,28,0,72,0,13,132,0,145,21,36,160,0,217,162,0,162,379
12/18/2021,STS,CA,AWP,WE,Towers with Radar,25,27,21,0,73,0,5,85,0,90,25,32,106,0,163,96,0,96,259
12/19/2021,STS,CA,AWP,WE,Towers with Radar,17,25,46,0,88,0,4,30,0,34,17,29,76,0,122,88,0,88,210
12/20/2021,STS,CA,AWP,WE,Towers with Radar,21,24,24,0,69,0,2,39,0,41,21,26,63,0,110,102,0,102,212
12/21/2021,STS,CA,AWP,WE,Towers with Radar,14,11,17,0,42,0,3,24,0,27,14,14,41,0,69,10,0,10,79
12/22/2021,STS,CA,AWP,WE,Towers with Radar,14,10,31,0,55,0,0,0,0,0,14,10,31,0,55,0,0,0,55
12/23/2021,STS,CA,AWP,WE,Towers with Radar,23,24,17,0,64,0,1,4,0,5,23,25,21,0,69,10,0,10,79
12/24/2021,STS,CA,AWP,WE,Towers with Radar,20,8,7,0,35,0,6,58,4,68,20,14,65,4,103,46,0,46,149
12/25/2021,STS,CA,AWP,WE,Towers with Radar,16,9,3,0,28,0,0,4,0,4,16,9,7,0,32,0,0,0,32
12/26/2021,STS,CA,AWP,WE,Towers with Radar,15,16,16,0,47,0,1,8,0,9,15,17,24,0,56,4,0,4,60
12/27/2021,STS,CA,AWP,WE,Towers with Radar,17,13,20,0,50,0,2,31,0,33,17,15,51,0,83,56,0,56,139
12/28/2021,STS,CA,AWP,WE,Towers with Radar,11,16,26,0,53,0,2,6,0,8,11,18,32,0,61,14,0,14,75
12/29/2021,STS,CA,AWP,WE,Towers with Radar,13,5,25,0,43,0,1,30,0,31,13,6,55,0,74,90,0,90,164
12/30/2021,STS,CA,AWP,WE,Towers with Radar,21,18,26,0,65,0,7,94,1,102,21,25,120,1,167,114,0,114,281
12/31/2021,STS,CA,AWP,WE,Towers with Radar,18,10,18,0,46,0,13,132,0,145,18,23,150,0,191,122,0,122,313
01/01/2022,STS,CA,AWP,WE,Towers with Radar,17,13,9,0,39,1,9,141,0,151,18,22,150,0,190,76,0,76,266
01/02/2022,STS,CA,AWP,WE,Towers with Radar,15,11,42,0,68,0,8,125,0,133,15,19,167,0,201,142,0,142,343
01/03/2022,STS,CA,AWP,WE,Towers with Radar,20,11,29,0,60,0,0,0,0,0,20,11,29,0,60,2,0,2,62
01/04/2022,STS,CA,AWP,WE,Towers with Radar,20,25,26,0,71,0,3,9,0,12,20,28,35,0,83,56,0,56,139
01/05/2022,STS,CA,AWP,WE,Towers with Radar,19,13,18,0,50,0,4,20,0,24,19,17,38,0,74,44,0,44,118
01/06/2022,STS,CA,AWP,WE,Towers with Radar,22,7,39,1,69,0,0,0,0,0,22,7,39,1,69,4,0,4,73
01/07/2022,STS,CA,AWP,WE,Towers with Radar,25,15,28,0,68,0,6,21,0,27,25,21,49,0,95,106,0,106,201
01/08/2022,STS,CA,AWP,WE,Towers with Radar,18,10,17,0,45,0,8,145,11,164,18,18,162,11,209,144,0,144,353
01/09/2022,STS,CA,AWP,WE,Towers with Radar,12,15,22,0,49,0,5,111,0,116,12,20,133,0,165,132,0,132,297
01/10/2022,STS,CA,AWP,WE,Towers with Radar,20,7,16,0,43,0,1,100,0,101,20,8,116,0,144,80,0,80,224
01/11/2022,STS,CA,AWP,WE,Towers with Radar,19,9,15,0,43,0,7,109,2,118,19,16,124,2,161,178,0,178,339
01/12/2022,STS,CA,AWP,WE,Towers with Radar,19,8,18,1,46,0,9,105,4,118,19,17,123,5,164,154,0,154,318
01/13/2022,STS,CA,AWP,WE,Towers with Radar,24,5,26,0,55,0,12,83,0,95,24,17,109,0,150,116,0,116,266
01/14/2022,STS,CA,AWP,WE,Towers with Radar,21,15,28,0,64,0,21,123,0,144,21,36,151,0,208,104,0,104,312
01/15/2022,STS,CA,AWP,WE,Towers with Radar,15,11,21,0,47,0,9,147,0,156,15,20,168,0,203,90,0,90,293
01/16/2022,STS,CA,AWP,WE,Towers with Radar,21,3,17,0,41,0,13,125,0,138,21,16,142,0,179,46,0,46,225
01/17/2022,STS,CA,AWP,WE,Towers with Radar,21,16,24,0,61,0,8,116,0,124,21,24,140,0,185,92,0,92,277
01/18/2022,STS,CA,AWP,WE,Towers with Radar,24,12,21,0,57,0,2,54,1,57,24,14,75,1,114,90,0,90,204
01/19/2022,STS,CA,AWP,WE,Towers with Radar,16,11,13,0,40,0,10,96,4,110,16,21,109,4,150,170,0,170,320
01/20/2022,STS,CA,AWP,WE,Towers with Radar,21,13,28,2,64,0,7,97,1,105,21,20,125,3,169,92,0,92,261
01/21/2022,STS,CA,AWP,WE,Towers with Radar,22,14,13,0,49,0,21,78,0,99,22,35,91,0,148,104,0,104,252
01/22/2022,STS,CA,AWP,WE,Towers with Radar,17,8,21,1,47,0,2,64,0,66,17,10,85,1,113,142,0,142,255
01/23/2022,STS,CA,AWP,WE,Towers with Radar,22,22,21,0,65,0,2,145,0,147,22,24,166,0,212,86,0,86,298
01/24/2022,STS,CA,AWP,WE,Towers with Radar,19,10,21,0,50,0,7,97,0,104,19,17,118,0,154,78,0,78,232
01/25/2022,STS,CA,AWP,WE,Towers with Radar,24,8,19,1,52,0,5,100,1,106,24,13,119,2,158,180,0,180,338
01/26/2022,STS,CA,AWP,WE,Towers with Radar,15,13,27,0,55,0,13,93,0,106,15,26,120,0,161,158,0,158,319
01/27/2022,STS,CA,AWP,WE,Towers with Radar,11,4,13,0,28,0,5,66,0,71,11,9,79,0,99,86,0,86,185
01/28/2022,STS,CA,AWP,WE,Towers with Radar,21,9,17,1,48,0,12,94,0,106,21,21,111,1,154,102,0,102,256
01/29/2022,STS,CA,AWP,WE,Towers with Radar,18,6,18,0,42,0,9,136,0,145,18,15,154,0,187,112,0,112,299
01/30/2022,STS,CA,AWP,WE,Towers with Radar,26,8,19,0,53,0,15,114,0,129,26,23,133,0,182,100,0,100,282
01/31/2022,STS,CA,AWP,WE,Towers with Radar,22,9,12,0,43,0,5,76,0,81,22,14,88,0,124,78,0,78,202
02/01/2022,STS,CA,AWP,WE,Towers with Radar,24,10,15,0,49,0,7,39,0,46,24,17,54,0,95,36,0,36,131
02/02/2022,STS,CA,AWP,WE,Towers with Radar,16,12,10,1,39,0,7,39,3,49,16,19,49,4,88,22,4,26,114
02/03/2022,STS,CA,AWP,WE,Towers with Radar,21,13,20,1,55,0,9,121,2,132,21,22,141,3,187,168,0,168,355
02/04/2022,STS,CA,AWP,WE,Towers with Radar,18,10,24,1,53,0,14,165,0,179,18,24,189,1,232,120,0,120,352
02/05/2022,STS,CA,AWP,WE,Towers with Radar,15,9,15,0,39,0,7,122,0,129,15,16,137,0,168,82,0,82,250
02/06/2022,STS,CA,AWP,WE,Towers with Radar,22,17,23,0,62,0,4,164,0,168,22,21,187,0,230,60,0,60,290
02/07/2022,STS,CA,AWP,WE,Towers with Radar,18,5,26,0,49,0,5,103,0,108,18,10,129,0,157,136,0,136,293
02/08/2022,STS,CA,AWP,WE,Towers with Radar,25,5,12,0,42,0,5,98,0,103,25,10,110,0,145,126,0,126,271
02/09/2022,STS,CA,AWP,WE,Towers with Radar,20,13,9,0,42,0,6,101,0,107,20,19,110,0,149,58,0,58,207
02/10/2022,STS,CA,AWP,WE,Towers with Radar,21,12,22,1,56,0,9,139,1,149,21,21,161,2,205,84,0,84,289
02/11/2022,STS,CA,AWP,WE,Towers with Radar,19,13,23,0,55,0,12,130,0,142,19,25,153,0,197,124,0,124,321
02/12/2022,STS,CA,AWP,WE,Towers with Radar,13,13,14,2,42,0,10,144,0,154,13,23,158,2,196,80,0,80,276
02/13/2022,STS,CA,AWP,WE,Towers with Radar,21,4,13,0,38,0,17,146,0,163,21,21,159,0,201,68,0,68,269
02/14/2022,STS,CA,AWP,WE,Towers with Radar,22,15,29,1,67,0,10,40,1,51,22,25,69,2,118,124,0,124,242
02/15/2022,STS,CA,AWP,WE,Towers with Radar,16,10,17,0,43,0,3,53,0,56,16,13,70,0,99,84,0,84,183
02/16/2022,STS,CA,AWP,WE,Towers with Radar,15,8,14,0,37,0,11,105,0,116,15,19,119,0,153,30,0,30,183
02/17/2022,STS,CA,AWP,WE,Towers with Radar,20,14,27,0,61,0,10,136,2,148,20,24,163,2,209,106,0,106,315
02/18/2022,STS,CA,AWP,WE,Towers with Radar,19,11,19,0,49,0,11,146,1,158,19,22,165,1,207,114,0,114,321
02/19/2022,STS,CA,AWP,WE,Towers with Radar,14,17,17,0,48,0,10,170,0,180,14,27,187,0,228,138,0,138,366
02/20/2022,STS,CA,AWP,WE,Towers with Radar,20,18,32,0,70,0,3,79,0,82,20,21,111,0,152,48,0,48,200
02/21/2022,STS,CA,AWP,WE,Towers with Radar,22,21,16,0,59,0,11,39,0,50,22,32,55,0,109,44,0,44,153
02/22/2022,STS,CA,AWP,WE,Towers with Radar,14,22,23,0,59,0,5,89,2,96,14,27,112,2,155,106,0,106,261
02/23/2022,STS,CA,AWP,WE,Towers with Radar,17,13,18,0,48,0,9,114,0,123,17,22,132,0,171,138,0,138,309
02/24/2022,STS,CA,AWP,WE,Towers with Radar,20,11,27,0,58,0,11,120,2,133,20,22,147,2,191,136,0,136,327
02/25/2022,STS,CA,AWP,WE,Towers with Radar,24,17,16,0,57,0,27,109,1,137,24,44,125,1,194,164,0,164,358
02/26/2022,STS,CA,AWP,WE,Towers with Radar,15,6,23,0,44,0,12,117,0,129,15,18,140,0,173,64,0,64,237
02/27/2022,STS,CA,AWP,WE,Towers with Radar,19,13,17,0,49,0,15,106,0,121,19,28,123,0,170,82,0,82,252
02/28/2022,STS,CA,AWP,WE,Towers with Radar,21,15,11,1,48,0,5,140,4,149,21,20,151,5,197,88,0,88,285
03/01/2022,STS,CA,AWP,WE,Towers with Radar,15,6,10,1,32,0,12,93,3,108,15,18,103,4,140,110,0,110,250
03/02/2022,STS,CA,AWP,WE,Towers with Radar,14,8,24,1,47,0,13,96,0,109,14,21,120,1,156,172,0,172,328
03/03/2022,STS,CA,AWP,WE,Towers with Radar,15,23,39,0,77,0,4,17,0,21,15,27,56,0,98,36,0,36,134
03/04/2022,STS,CA,AWP,WE,Towers with Radar,22,10,22,0,54,0,12,55,2,69,22,22,77,2,123,42,0,42,165
03/05/2022,STS,CA,AWP,WE,Towers with Radar,16,11,12,0,39,0,14,115,0,129,16,25,127,0,168,68,0,68,236
03/06/2022,STS,CA,AWP,WE,Towers with Radar,19,25,25,0,69,0,4,144,1,149,19,29,169,1,218,106,0,106,324
03/07/2022,STS,CA,AWP,WE,Towers with Radar,21,14,19,1,55,0,4,108,1,113,21,18,127,2,168,124,0,124,292
03/08/2022,STS,CA,AWP,WE,Towers with Radar,15,7,17,2,41,0,10,120,0,130,15,17,137,2,171,126,0,126,297
03/09/2022,STS,CA,AWP,WE,Towers with Radar,15,13,20,2,50,0,5,105,2,112,15,18,125,4,162,50,0,50,212
03/10/2022,STS,CA,AWP,WE,Towers with Radar,20,12,16,1,49,0,7,104,0,111,20,19,120,1,160,130,0,130,290
03/11/2022,STS,CA,AWP,WE,Towers with Radar,21,15,16,0,52,0,12,136,0,148,21,27,152,0,200,142,0,142,342
03/12/2022,STS,CA,AWP,WE,Towers with Radar,17,11,19,0,47,0,10,101,0,111,17,21,120,0,158,140,0,140,298
03/13/2022,STS,CA,AWP,WE,Towers with Radar,19,11,25,0,55,0,9,95,0,104,19,20,120,0,159,58,0,58,217
03/14/2022,STS,CA,AWP,WE,Towers with Radar,23,9,24,0,56,0,14,106,1,121,23,23,130,1,177,150,0,150,327
03/15/2022,STS,CA,AWP,WE,Towers with Radar,18,11,39,0,68,0,7,17,0,24,18,18,56,0,92,80,0,80,172
03/16/2022,STS,CA,AWP,WE,Towers with Radar,16,13,21,0,50,0,12,88,0,100,16,25,109,0,150,132,0,132,282
03/17/2022,STS,CA,AWP,WE,Towers with Radar,24,20,18,0,62,0,12,83,0,95,24,32,101,0,157,170,0,170,327
03/18/2022,STS,CA,AWP,WE,Towers with Radar,26,10,22,0,58,0,13,107,0,120,26,23,129,0,178,156,0,156,334
03/19/2022,STS,CA,AWP,WE,Towers with Radar,20,8,24,2,54,0,4,35,0,39,20,12,59,2,93,42,0,42,135
03/20/2022,STS,CA,AWP,WE,Towers with Radar,23,11,26,0,60,0,17,112,0,129,23,28,138,0,189,154,0,154,343
03/21/2022,STS,CA,AWP,WE,Towers with Radar,25,21,19,4,69,0,6,102,0,108,25,27,121,4,177,174,0,174,351
03/22/2022,STS,CA,AWP,WE,Towers with Radar,21,23,24,0,68,0,11,127,0,138,21,34,151,0,206,144,0,144,350
03/23/2022,STS,CA,AWP,WE,Towers with Radar,19,14,26,0,59,0,8,94,0,102,19,22,120,0,161,80,0,80,241
03/24/2022,STS,CA,AWP,WE,Towers with Radar,24,15,23,0,62,0,12,105,0,117,24,27,128,0,179,40,0,40,219
03/25/2022,STS,CA,AWP,WE,Towers with Radar,26,14,14,0,54,0,9,96,0,105,26,23,110,0,159,74,0,74,233
03/26/2022,STS,CA,AWP,WE,Towers with Radar,21,12,24,0,57,0,8,135,0,143,21,20,159,0,200,98,0,98,298
03/27/2022,STS,CA,AWP,WE,Towers with Radar,24,7,37,0,68,0,4,27,0,31,24,11,64,0,99,74,0,74,173
03/28/2022,STS,CA,AWP,WE,Towers with Radar,28,14,41,0,83,0,6,13,0,19,28,20,54,0,102,58,0,58,160
03/29/2022,STS,CA,AWP,WE,Towers with Radar,23,9,24,1,57,0,2,71,0,73,23,11,95,1,130,110,0,110,240
03/30/2022,STS,CA,AWP,WE,Towers with Radar,20,12,19,2,53,0,4,80,1,85,20,16,99,3,138,130,0,130,268
03/31/2022,STS,CA,AWP,WE,Towers with Radar,24,14,23,0,61,0,14,99,0,113,24,28,122,0,174,78,0,78,252
04/01/2022,STS,CA,AWP,WE,Towers with Radar,26,14,16,1,57,0,12,123,0,135,26,26,139,1,192,92,0,92,284
04/02/2022,STS,CA,AWP,WE,Towers with Radar,20,5,14,1,40,0,7,123,0,130,20,12,137,1,170,62,0,62,232
04/03/2022,STS,CA,AWP,WE,Towers with Radar,23,14,23,0,60,0,4,93,0,97,23,18,116,0,157,82,0,82,239
04/04/2022,STS,CA,AWP,WE,Towers with Radar,25,13,24,2,64,0,3,53,0,56,25,16,77,2,120,100,0,100,220
04/05/2022,STS,CA,AWP,WE,Towers with Radar,19,10,23,0,52,0,7,116,0,123,19,17,139,0,175,186,0,186,361
04/06/2022,STS,CA,AWP,WE,Towers with Radar,20,25,13,0,58,0,9,123,0,132,20,34,136,0,190,96,0,96,286
04/07/2022,STS,CA,AWP,WE,Towers with Radar,25,30,22,0,77,0,15,134,2,151,25,45,156,2,228,142,0,142,370
04/08/2022,STS,CA,AWP,WE,Towers with Radar,28,20,19,0,67,0,12,117,0,129,28,32,136,0,196,16,0,16,212
04/09/2022,STS,CA,AWP,WE,Towers with Radar,20,11,13,0,44,0,15,73,0,88,20,26,86,0,132,76,0,76,208
04/10/2022,STS,CA,AWP,WE,Towers with Radar,24,20,16,0,60,0,11,66,0,77,24,31,82,0,137,36,1,37,174
04/11/2022,STS,CA,AWP,WE,Towers with Radar,26,29,20,0,75,0,13,15,0,28,26,42,35,0,103,2,0,2,105
04/12/2022,STS,CA,AWP,WE,Towers with Radar,22,19,26,0,67,0,11,80,0,91,22,30,106,0,158,88,0,88,246
04/13/2022,STS,CA,AWP,WE,Towers with Radar,20,10,27,0,57,0,10,42,2,54,20,20,69,2,111,132,0,132,243
04/14/2022,STS,CA,AWP,WE,Towers with Radar,26,18,39,0,83,0,3,6,0,9,26,21,45,0,92,0,0,0,92
04/15/2022,STS,CA,AWP,WE,Towers with Radar,28,19,23,0,70,0,21,101,1,123,28,40,124,1,193,166,0,166,359
04/16/2022,STS,CA,AWP,WE,Towers with Radar,20,12,26,4,62,0,4,43,0,47,20,16,69,4,109,96,0,96,205
04/17/2022,STS,CA,AWP,WE,Towers with Radar,25,20,29,0,74,0,5,101,0,106,25,25,130,0,180,72,0,72,252
04/18/2022,STS,CA,AWP,WE,Towers with Radar,24,16,23,0,63,0,4,32,0,36,24,20,55,0,99,34,0,34,133
04/19/2022,STS,CA,AWP,WE,Towers with Radar,18,11,25,0,54,0,4,53,0,57,18,15,78,0,111,140,0,140,251
04/20/2022,STS,CA,AWP,WE,Towers with Radar,16,11,36,0,63,0,3,10,0,13,16,14,46,0,76,8,0,8,84
04/21/2022,STS,CA,AWP,WE,Towers with Radar,24,13,23,0,60,0,11,20,0,31,24,24,43,0,91,54,0,54,145
04/22/2022,STS,CA,AWP,WE,Towers with Radar,27,19,38,0,84,0,13,72,2,87,27,32,110,2,171,130,0,130,301
04/23/2022,STS,CA,AWP,WE,Towers with Radar,19,7,17,0,43,0,18,190,0,208,19,25,207,0,251,78,0,78,329
04/24/2022,STS,CA,AWP,WE,Towers with Radar,26,26,30,0,82,0,17,142,0,159,26,43,172,0,241,120,0,120,361
04/25/2022,STS,CA,AWP,WE,Towers with Radar,27,10,17,0,54,0,6,136,0,142,27,16,153,0,196,168,0,168,364
04/26/2022,STS,CA,AWP,WE,Towers with Radar,19,10,21,1,51,0,6,81,1,88,19,16,102,2,139,152,0,152,291
04/27/2022,STS,CA,AWP,WE,Towers with Radar,12,16,19,0,47,0,6,94,0,100,12,22,113,0,147,122,0,122,269
04/28/2022,STS,CA,AWP,WE,Towers with Radar,24,10,20,0,54,0,11,85,0,96,24,21,105,0,150,102,0,102,252
04/29/2022,STS,CA,AWP,WE,Towers with Radar,31,14,31,0,76,0,10,125,0,135,31,24,156,0,211,104,0,104,315
04/30/2022,STS,CA,AWP,WE,Towers with Radar,20,7,16,0,43,0,12,107,0,119,20,19,123,0,162,94,0,94,256
05/01/2022,STS,CA,AWP,WE,Towers with Radar,24,16,18,0,58,0,35,115,0,150,24,51,133,0,208,78,0,78,286
05/02/2022,STS,CA,AWP,WE,Towers with Radar,9,11,25,0,45,0,9,50,0,59,9,20,75,0,104,28,0,28,132
05/03/2022,STS,CA,AWP,WE,Towers with Radar,23,6,12,0,41,0,5,106,2,113,23,11,118,2,154,130,0,130,284
05/04/2022,STS,CA,AWP,WE,Towers with Radar,20,11,18,0,49,0,8,116,0,124,20,19,134,0,173,134,0,134,307
05/05/2022,STS,CA,AWP,WE,Towers with Radar,24,8,29,0,61,0,13,104,0,117,24,21,133,0,178,170,0,170,348
05/06/2022,STS,CA,AWP,WE,Towers with Radar,24,21,45,0,90,0,7,12,0,19,24,28,57,0,109,28,0,28,137
05/07/2022,STS,CA,AWP,WE,Towers with Radar,18,6,16,0,40,0,15,83,0,98,18,21,99,0,138,58,0,58,196
05/08/2022,STS,CA,AWP,WE,Towers with Radar,23,24,26,0,73,0,12,15,0,27,23,36,41,0,100,4,0,4,104
05/09/2022,STS,CA,AWP,WE,Towers with Radar,22,10,31,0,63,0,6,71,0,77,22,16,102,0,140,88,0,88,228
05/10/2022,STS,CA,AWP,WE,Towers with Radar,24,14,31,0,69,0,15,76,0,91,24,29,107,0,160,192,0,192,352
05/11/2022,STS,CA,AWP,WE,Towers with Radar,17,12,18,0,47,0,8,121,6,135,17,20,139,6,182,174,0,174,356
05/12/2022,STS,CA,AWP,WE,Towers with Radar,24,14,20,0,58,0,7,108,3,118,24,21,128,3,176,227,0,227,403
05/13/2022,STS,CA,AWP,WE,Towers with Radar,22,13,21,0,56,0,9,136,0,145,22,22,157,0,201,154,0,154,355
05/14/2022,STS,CA,AWP,WE,Towers with Radar,17,12,12,0,41,0,12,114,0,126,17,24,126,0,167,96,0,96,263
05/15/2022,STS,CA,AWP,WE,Towers with Radar,23,24,24,0,71,0,24,142,0,166,23,48,166,0,237,150,0,150,387
05/16/2022,STS,CA,AWP,WE,Towers with Radar,22,17,16,0,55,0,10,100,17,127,22,27,116,17,182,172,8,180,362
05/17/2022,STS,CA,AWP,WE,Towers with Radar,22,6,10,0,38,0,12,115,0,127,22,18,125,0,165,270,0,270,435
05/18/2022,STS,CA,AWP,WE,Towers with Radar,15,18,23,1,57,0,18,100,6,124,15,36,123,7,181,190,0,190,371
05/19/2022,STS,CA,AWP,WE,Towers with Radar,23,14,21,0,58,0,20,79,0,99,23,34,100,0,157,65,0,65,222
05/20/2022,STS,CA,AWP,WE,Towers with Radar,21,17,14,0,52,0,13,58,0,71,21,30,72,0,123,96,0,96,219
05/21/2022,STS,CA,AWP,WE,Towers with Radar,21,11,15,0,47,0,5,171,0,176,21,16,186,0,223,66,0,66,289
05/22/2022,STS,CA,AWP,WE,Towers with Radar,22,12,25,0,59,0,9,101,0,110,22,21,126,0,169,54,0,54,223
05/23/2022,STS,CA,AWP,WE,Towers with Radar,21,5,17,0,43,0,25,120,0,145,21,30,137,0,188,66,0,66,254
05/24/2022,STS,CA,AWP,WE,Towers with Radar,22,14,28,0,64,0,16,98,0,114,22,30,126,0,178,134,0,134,312
05/25/2022,STS,CA,AWP,WE,Towers with Radar,17,11,31,2,61,0,15,87,0,102,17,26,118,2,163,276,0,276,439
05/26/2022,STS,CA,AWP,WE,Towers with Radar,23,10,31,0,64,0,14,43,2,59,23,24,74,2,123,110,0,110,233
05/27/2022,STS,CA,AWP,WE,Towers with Radar,27,15,50,0,92,0,15,41,0,56,27,30,91,0,148,72,0,72,220
05/28/2022,STS,CA,AWP,WE,Towers with Radar,22,10,11,0,43,0,27,40,0,67,22,37,51,0,110,98,0,98,208
05/29/2022,STS,CA,AWP,WE,Towers with Radar,23,10,8,0,41,0,8,67,0,75,23,18,75,0,116,80,0,80,196
05/30/2022,STS,CA,AWP,WE,Towers with Radar,25,12,30,0,67,0,16,105,0,121,25,28,135,0,188,98,0,98,286
05/31/2022,STS,CA,AWP,WE,Towers with Radar,21,7,19,0,47,0,65,133,0,198,21,72,152,0,245,86,0,86,331
06/01/2022,STS,CA,AWP,WE,Towers with Radar,17,10,26,0,53,0,25,121,0,146,17,35,147,0,199,158,0,158,357
06/02/2022,STS,CA,AWP,WE,Towers with Radar,22,14,38,2,76,0,13,111,0,124,22,27,149,2,200,78,0,78,278
06/03/2022,STS,CA,AWP,WE,Towers with Radar,25,14,14,0,53,0,13,94,0,107,25,27,108,0,160,166,0,166,326
06/04/2022,STS,CA,AWP,WE,Towers with Radar,20,19,17,0,56,0,8,100,0,108,20,27,117,0,164,128,0,128,292
06/05/2022,STS,CA,AWP,WE,Towers with Radar,23,24,34,0,81,0,6,14,0,20,23,30,48,0,101,44,0,44,145
06/06/2022,STS,CA,AWP,WE,Towers with Radar,27,14,29,0,70,0,19,85,0,104,27,33,114,0,174,108,0,108,282
06/07/2022,STS,CA,AWP,WE,Towers with Radar,18,4,19,1,42,0,11,123,0,134,18,15,142,1,176,162,0,162,338
06/08/2022,STS,CA,AWP,WE,Towers with Radar,20,8,26,4,58,0,14,118,0,132,20,22,144,4,190,138,0,138,328
06/09/2022,STS,CA,AWP,WE,Towers with Radar,24,33,29,0,86,0,27,77,1,105,24,60,106,1,191,80,0,80,271
06/10/2022,STS,CA,AWP,WE,Towers with Radar,26,24,27,0,77,0,12,89,0,101,26,36,116,0,178,92,0,92,270
06/11/2022,STS,CA,AWP,WE,Towers with Radar,20,15,12,0,47,0,23,159,4,186,20,38,171,4,233,48,0,48,281
06/12/2022,STS,CA,AWP,WE,Towers with Radar,27,42,59,0,128,0,18,49,0,67,27,60,108,0,195,86,0,86,281
06/13/2022,STS,CA,AWP,WE,Towers with Radar,26,5,15,0,46,0,37,101,0,138,26,42,116,0,184,72,0,72,256
06/14/2022,STS,CA,AWP,WE,Towers with Radar,19,6,37,2,64,0,21,112,1,134,19,27,149,3,198,54,0,54,252
06/15/2022,STS,CA,AWP,WE,Towers with Radar,20,20,24,2,66,0,9,110,0,119,20,29,134,2,185,126,0,126,311
06/16/2022,STS,CA,AWP,WE,Towers with Radar,26,23,31,1,81,0,27,105,3,135,26,50,136,4,216,148,12,160,376
06/17/2022,STS,CA,AWP,WE,Towers with Radar,26,10,12,3,51,0,30,63,0,93,26,40,75,3,144,82,0,82,226
06/18/2022,STS,CA,AWP,WE,Towers with Radar,21,3,22,0,46,0,22,142,0,164,21,25,164,0,210,84,0,84,294
06/19/2022,STS,CA,AWP,WE,Towers with Radar,26,14,13,0,53,0,22,100,0,122,26,36,113,0,175,96,0,96,271
06/20/2022,STS,CA,AWP,WE,Towers with Radar,25,27,21,0,73,0,18,115,0,133,25,45,136,0,206,56,0,56,262
06/21/2022,STS,CA,AWP,WE,Towers with Radar,20,17,10,2,49,0,28,79,0,107,20,45,89,2,156,116,0,116,272
06/22/2022,STS,CA,AWP,WE,Towers with Radar,22,14,16,0,52,0,28,119,0,147,22,42,135,0,199,114,0,114,313
06/23/2022,STS,CA,AWP,WE,Towers with Radar,25,9,21,2,57,0,35,110,0,145,25,44,131,2,202,133,0,133,335
06/24/2022,STS,CA,AWP,WE,Towers with Radar,29,19,18,1,67,0,36,118,0,154,29,55,136,1,221,132,0,132,353
06/25/2022,STS,CA,AWP,WE,Towers with Radar,24,12,31,0,67,0,16,113,0,129,24,28,144,0,196,50,0,50,246
06/26/2022,STS,CA,AWP,WE,Towers with Radar,27,27,32,0,86,0,19,78,0,97,27,46,110,0,183,88,0,88,271
06/27/2022,STS,CA,AWP,WE,Towers with Radar,29,20,21,0,70,0,46,80,0,126,29,66,101,0,196,96,0,96,292
06/28/2022,STS,CA,AWP,WE,Towers with Radar,19,26,10,0,55,0,15,119,0,134,19,41,129,0,189,102,0,102,291
06/29/2022,STS,CA,AWP,WE,Towers with Radar,21,16,14,0,51,0,12,103,3,118,21,28,117,3,169,98,0,98,267
06/30/2022,STS,CA,AWP,WE,Towers with Radar,26,13,30,0,69,0,15,78,0,93,26,28,108,0,162,104,0,104,266
07/01/2022,STS,CA,AWP,WE,Towers with Radar,27,15,39,0,81,0,15,108,0,123,27,30,147,0,204,73,0,73,277
07/02/2022,STS,CA,AWP,WE,Towers with Radar,21,8,39,0,68,0,14,79,0,93,21,22,118,0,161,62,0,62,223
07/03/2022,STS,CA,AWP,WE,Towers with Radar,24,11,19,1,55,0,11,63,0,74,24,22,82,1,129,112,0,112,241
07/04/2022,STS,CA,AWP,WE,Towers with Radar,27,7,16,0,50,0,9,33,0,42,27,16,49,0,92,69,0,69,161
07/05/2022,STS,CA,AWP,WE,Towers with Radar,21,12,33,0,66,0,20,49,2,71,21,32,82,2,137,82,0,82,219
07/06/2022,STS,CA,AWP,WE,Towers with Radar,20,14,27,0,61,0,22,81,0,103,20,36,108,0,164,112,0,112,276
07/07/2022,STS,CA,AWP,WE,Towers with Radar,27,10,24,0,61,0,19,100,0,119,27,29,124,0,180,76,0,76,256
07/08/2022,STS,CA,AWP,WE,Towers with Radar,26,10,7,0,43,0,39,116,4,159,26,49,123,4,202,126,0,126,328
07/09/2022,STS,CA,AWP,WE,Towers with Radar,22,18,18,0,58,0,15,84,0,99,22,33,102,0,157,116,0,116,273
07/10/2022,STS,CA,AWP,WE,Towers with Radar,25,12,18,0,55,0,5,98,0,103,25,17,116,0,158,118,0,118,276
07/11/2022,STS,CA,AWP,WE,Towers with Radar,27,10,16,0,53,0,10,108,0,118,27,20,124,0,171,94,0,94,265
07/12/2022,STS,CA,AWP,WE,Towers with Radar,19,23,27,2,71,0,18,86,0,104,19,41,113,2,175,102,0,102,277
07/13/2022,STS,CA,AWP,WE,Towers with Radar,21,29,43,0,93,0,31,120,0,151,21,60,163,0,244,118,0,118,362
07/14/2022,STS,CA,AWP,WE,Towers with Radar,26,24,51,0,101,0,6,83,0,89,26,30,134,0,190,84,0,84,274
07/15/2022,STS,CA,AWP,WE,Towers with Radar,26,21,20,0,67,0,13,91,0,104,26,34,111,0,171,42,0,42,213
07/16/2022,STS,CA,AWP,WE,Towers with Radar,20,14,21,0,55,0,21,100,0,121,20,35,121,0,176,46,0,46,222
07/17/2022,STS,CA,AWP,WE,Towers with Radar,28,46,51,0,125,0,18,106,0,124,28,64,157,0,249,56,0,56,305
07/18/2022,STS,CA,AWP,WE,Towers with Radar,28,7,28,2,65,0,26,93,0,119,28,33,121,2,184,40,0,40,224
07/19/2022,STS,CA,AWP,WE,Towers with Radar,19,12,36,0,67,0,22,91,0,113,19,34,127,0,180,48,0,48,228
07/20/2022,STS,CA,AWP,WE,Towers with Radar,21,14,32,0,67,0,17,122,0,139,21,31,154,0,206,40,0,40,246
07/21/2022,STS,CA,AWP,WE,Towers with Radar,27,40,69,0,136,0,17,81,0,98,27,57,150,0,234,66,0,66,300
07/22/2022,STS,CA,AWP,WE,Towers with Radar,28,16,33,0,77,0,24,90,1,115,28,40,123,1,192,96,0,96,288
07/23/2022,STS,CA,AWP,WE,Towers with Radar,21,19,21,0,61,0,12,88,1,101,21,31,109,1,162,34,0,34,196
07/24/2022,STS,CA,AWP,WE,Towers with Radar,27,52,76,0,155,0,17,61,0,78,27,69,137,0,233,38,0,38,271
07/25/2022,STS,CA,AWP,WE,Towers with Radar,25,26,35,0,86,0,23,71,0,94,25,49,106,0,180,66,0,66,246
07/26/2022,STS,CA,AWP,WE,Towers with Radar,19,6,33,0,58,0,17,88,0,105,19,23,121,0,163,51,0,51,214
07/27/2022,STS,CA,AWP,WE,Towers with Radar,23,17,23,4,67,0,20,89,6,115,23,37,112,10,182,80,0,80,262
07/28/2022,STS,CA,AWP,WE,Towers with Radar,27,26,48,0,101,0,9,79,0,88,27,35,127,0,189,134,0,134,323
07/29/2022,STS,CA,AWP,WE,Towers with Radar,29,26,15,0,70,0,18,82,0,100,29,44,97,0,170,80,0,80,250
07/30/2022,STS,CA,AWP,WE,Towers with Radar,24,13,27,0,64,0,12,72,0,84,24,25,99,0,148,110,0,110,258
07/31/2022,STS,CA,AWP,WE,Towers with Radar,28,32,35,0,95,0,8,81,0,89,28,40,116,0,184,64,0,64,248
08/01/2022,STS,CA,AWP,WE,Towers with Radar,28,18,19,0,65,0,11,56,3,70,28,29,75,3,135,50,0,50,185
08/02/2022,STS,CA,AWP,WE,Towers with Radar,20,13,9,2,44,0,20,106,0,126,20,33,115,2,170,96,0,96,266
08/03/2022,STS,CA,AWP,WE,Towers with Radar,21,9,18,0,48,0,15,84,0,99,21,24,102,0,147,86,0,86,233
08/04/2022,STS,CA,AWP,WE,Towers with Radar,31,10,19,0,60,0,32,118,0,150,31,42,137,0,210,98,0,98,308
08/05/2022,STS,CA,AWP,WE,Towers with Radar,29,25,33,0,87,0,12,92,2,106,29,37,125,2,193,162,0,162,355
08/06/2022,STS,CA,AWP,WE,Towers with Radar,20,16,15,0,51,0,17,97,0,114,20,33,112,0,165,166,0,166,331
08/07/2022,STS,CA,AWP,WE,Towers with Radar,26,18,15,0,59,0,10,73,0,83,26,28,88,0,142,82,0,82,224
08/08/2022,STS,CA,AWP,WE,Towers with Radar,26,12,31,0,69,1,23,85,0,109,27,35,116,0,178,58,0,58,236
08/09/2022,STS,CA,AWP,WE,Towers with Radar,18,13,17,4,52,0,20,91,7,118,18,33,108,11,170,104,0,104,274
08/10/2022,STS,CA,AWP,WE,Towers with Radar,20,19,13,2,54,0,14,86,0,100,20,33,99,2,154,142,0,142,296
08/11/2022,STS,CA,AWP,WE,Towers with Radar,29,13,22,3,67,0,12,112,1,125,29,25,134,4,192,84,0,84,276
08/12/2022,STS,CA,AWP,WE,Towers with Radar,26,13,24,0,63,0,8,92,2,102,26,21,116,2,165,128,0,128,293
08/13/2022,STS,CA,AWP,WE,Towers with Radar,19,9,8,0,36,0,17,118,0,135,19,26,126,0,171,26,0,26,197
08/14/2022,STS,CA,AWP,WE,Towers with Radar,26,14,21,0,61,0,19,86,0,105,26,33,107,0,166,94,0,94,260
08/15/2022,STS,CA,AWP,WE,Towers with Radar,26,19,20,2,67,0,35,81,0,116,26,54,101,2,183,46,0,46,229
08/16/2022,STS,CA,AWP,WE,Towers with Radar,18,11,23,1,53,0,19,92,0,111,18,30,115,1,164,104,0,104,268
08/17/2022,STS,CA,AWP,WE,Towers with Radar,20,11,19,0,50,0,17,82,7,106,20,28,101,7,156,101,0,101,257
08/18/2022,STS,CA,AWP,WE,Towers with Radar,27,5,23,0,55,0,14,85,0,99,27,19,108,0,154,98,0,98,252
08/19/2022,STS,CA,AWP,WE,Towers with Radar,26,18,24,0,68,0,20,102,0,122,26,38,126,0,190,102,0,102,292
08/20/2022,STS,CA,AWP,WE,Towers with Radar,18,11,20,0,49,0,25,114,0,139,18,36,134,0,188,102,0,102,290
08/21/2022,STS,CA,AWP,WE,Towers with Radar,28,16,24,0,68,0,9,111,0,120,28,25,135,0,188,114,0,114,302
08/22/2022,STS,CA,AWP,WE,Towers with Radar,23,13,28,2,66,0,12,81,0,93,23,25,109,2,159,48,0,48,207
08/23/2022,STS,CA,AWP,WE,Towers with Radar,19,8,17,2,46,0,10,67,0,77,19,18,84,2,123,86,0,86,209
08/24/2022,STS,CA,AWP,WE,Towers with Radar,20,8,16,0,44,0,14,92,0,106,20,22,108,0,150,102,0,102,252
08/25/2022,STS,CA,AWP,WE,Towers with Radar,22,17,28,0,67,0,7,65,0,72,22,24,93,0,139,96,0,96,235
08/26/2022,STS,CA,AWP,WE,Towers with Radar,26,17,25,0,68,0,10,89,1,100,26,27,114,1,168,86,0,86,254
08/27/2022,STS,CA,AWP,WE,Towers with Radar,18,12,11,2,43,0,19,83,2,104,18,31,94,4,147,74,0,74,221
08/28/2022,STS,CA,AWP,WE,Towers with Radar,26,21,36,0,83,0,11,80,0,91,26,32,116,0,174,124,0,124,298
08/29/2022,STS,CA,AWP,WE,Towers with Radar,24,12,32,1,69,0,18,94,1,113,24,30,126,2,182,114,0,114,296
08/30/2022,STS,CA,AWP,WE,Towers with Radar,18,11,13,0,42,0,21,46,6,73,18,32,59,6,115,142,0,142,257
08/31/2022,STS,CA,AWP,WE,Towers with Radar,22,16,31,2,71,0,17,84,0,101,22,33,115,2,172,122,0,122,294
09/01/2022,STS,CA,AWP,WE,Towers with Radar,26,13,13,0,52,0,17,90,0,107,26,30,103,0,159,96,0,96,255
09/02/2022,STS,CA,AWP,WE,Towers with Radar,26,14,27,0,67,0,25,84,0,109,26,39,111,0,176,102,0,102,278
09/03/2022,STS,CA,AWP,WE,Towers with Radar,19,5,16,0,40,0,16,102,0,118,19,21,118,0,158,98,0,98,256
09/04/2022,STS,CA,AWP,WE,Towers with Radar,25,13,13,1,52,0,14,64,0,78,25,27,77,1,130,91,0,91,221
09/05/2022,STS,CA,AWP,WE,Towers with Radar,26,12,21,0,59,0,24,77,0,101,26,36,98,0,160,70,0,70,230
09/06/2022,STS,CA,AWP,WE,Towers with Radar,19,8,10,0,37,0,15,48,0,63,19,23,58,0,100,60,0,60,160
09/07/2022,STS,CA,AWP,WE,Towers with Radar,28,8,10,0,46,0,11,65,3,79,28,19,75,3,125,40,0,40,165
09/08/2022,STS,CA,AWP,WE,Towers with Radar,27,21,14,0,62,0,25,62,0,87,27,46,76,0,149,46,0,46,195
09/09/2022,STS,CA,AWP,WE,Towers with Radar,30,17,22,0,69,0,7,74,0,81,30,24,96,0,150,90,0,90,240
09/10/2022,STS,CA,AWP,WE,Towers with Radar,24,15,22,0,61,0,13,56,0,69,24,28,78,0,130,56,0,56,186
09/11/2022,STS,CA,AWP,WE,Towers with Radar,31,19,27,0,77,0,17,90,0,107,31,36,117,0,184,81,0,81,265
09/12/2022,STS,CA,AWP,WE,Towers with Radar,29,14,19,1,63,1,7,78,1,87,30,21,97,2,150,46,0,46,196
09/13/2022,STS,CA,AWP,WE,Towers with Radar,22,14,17,0,53,0,6,87,0,93,22,20,104,0,146,94,0,94,240
09/14/2022,STS,CA,AWP,WE,Towers with Radar,21,15,12,0,48,0,11,84,0,95,21,26,96,0,143,42,0,42,185
09/15/2022,STS,CA,AWP,WE,Towers with Radar,30,21,31,2,84,0,6,69,8,83,30,27,100,10,167,53,0,53,220
09/16/2022,STS,CA,AWP,WE,Towers with Radar,29,17,13,0,59,0,19,102,0,121,29,36,115,0,180,73,0,73,253
09/17/2022,STS,CA,AWP,WE,Towers with Radar,27,18,22,0,67,0,48,96,0,144,27,66,118,0,211,40,0,40,251
09/18/2022,STS,CA,AWP,WE,Towers with Radar,30,23,22,0,75,0,2,2,0,4,30,25,24,0,79,0,0,0,79
09/19/2022,STS,CA,AWP,WE,Towers with Radar,29,17,19,0,65,0,9,28,0,37,29,26,47,0,102,100,0,100,202
09/20/2022,STS,CA,AWP,WE,Towers with Radar,29,8,35,0,72,0,5,65,0,70,29,13,100,0,142,78,0,78,220
09/21/2022,STS,CA,AWP,WE,Towers with Radar,24,8,25,0,57,0,28,87,0,115,24,36,112,0,172,150,0,150,322
09/22/2022,STS,CA,AWP,WE,Towers with Radar,30,15,27,2,74,0,21,117,3,141,30,36,144,5,215,112,0,112,327
09/23/2022,STS,CA,AWP,WE,Towers with Radar,31,18,23,1,73,0,28,162,1,191,31,46,185,2,264,116,0,116,380
09/24/2022,STS,CA,AWP,WE,Towers with Radar,23,10,7,0,40,1,9,220,0,230,24,19,227,0,270,44,0,44,314
09/25/2022,STS,CA,AWP,WE,Towers with Radar,32,10,22,0,64,0,11,96,0,107,32,21,118,0,171,96,0,96,267
09/26/2022,STS,CA,AWP,WE,Towers with Radar,31,22,30,0,83,0,18,80,0,98,31,40,110,0,181,70,0,70,251
09/27/2022,STS,CA,AWP,WE,Towers with Radar,23,11,32,0,66,0,6,68,0,74,23,17,100,0,140,54,0,54,194
09/28/2022,STS,CA,AWP,WE,Towers with Radar,24,21,15,1,61,0,8,92,0,100,24,29,107,1,161,78,0,78,239
09/29/2022,STS,CA,AWP,WE,Towers with Radar,29,14,16,2,61,0,21,110,0,131,29,35,126,2,192,111,0,111,303
09/30/2022,STS,CA,AWP,WE,Towers with Radar,30,13,26,0,69,0,17,112,1,130,30,30,138,1,199,150,0,150,349
10/01/2022,STS,CA,AWP,WE,Towers with Radar,25,12,21,1,59,0,8,34,1,43,25,20,55,2,102,42,0,42,144
10/02/2022,STS,CA,AWP,WE,Towers with Radar,33,21,18,0,72,0,13,56,0,69,33,34,74,0,141,74,0,74,215
10/03/2022,STS,CA,AWP,WE,Towers with Radar,30,14,24,0,68,0,15,81,2,98,30,29,105,2,166,44,0,44,210
10/04/2022,STS,CA,AWP,WE,Towers with Radar,26,21,24,0,71,0,8,60,0,68,26,29,84,0,139,108,0,108,247
10/05/2022,STS,CA,AWP,WE,Towers with Radar,26,7,18,0,51,0,9,85,0,94,26,16,103,0,145,104,0,104,249
10/06/2022,STS,CA,AWP,WE,Towers with Radar,27,14,26,0,67,0,24,80,2,106,27,38,106,2,173,88,0,88,261
10/07/2022,STS,CA,AWP,WE,Towers with Radar,30,19,22,0,71,0,16,89,0,105,30,35,111,0,176,132,0,132,308
10/08/2022,STS,CA,AWP,WE,Towers with Radar,20,1,20,1,42,0,15,95,0,110,20,16,115,1,152,102,0,102,254
10/09/2022,STS,CA,AWP,WE,Towers with Radar,27,19,27,0,73,0,18,64,0,82,27,37,91,0,155,94,0,94,249
10/10/2022,STS,CA,AWP,WE,Towers with Radar,27,15,30,0,72,0,19,82,0,101,27,34,112,0,173,46,0,46,219
10/11/2022,STS,CA,AWP,WE,Towers with Radar,21,20,20,0,61,0,10,66,0,76,21,30,86,0,137,96,0,96,233
10/12/2022,STS,CA,AWP,WE,Towers with Radar,22,17,42,2,83,0,15,73,0,88,22,32,115,2,171,67,0,67,238
10/13/2022,STS,CA,AWP,WE,Towers with Radar,26,22,43,0,91,0,16,62,0,78,26,38,105,0,169,50,0,50,219
10/14/2022,STS,CA,AWP,WE,Towers with Radar,28,26,38,1,93,0,20,73,3,96,28,46,111,4,189,72,0,72,261
10/15/2022,STS,CA,AWP,WE,Towers with Radar,18,26,36,0,80,0,12,17,0,29,18,38,53,0,109,26,0,26,135
10/16/2022,STS,CA,AWP,WE,Towers with Radar,25,15,43,0,83,0,14,34,0,48,25,29,77,0,131,48,0,48,179
10/17/2022,STS,CA,AWP,WE,Towers with Radar,28,16,27,0,71,0,16,91,0,107,28,32,118,0,178,28,0,28,206
10/18/2022,STS,CA,AWP,WE,Towers with Radar,20,14,28,0,62,0,17,80,0,97,20,31,108,0,159,74,0,74,233
10/19/2022,STS,CA,AWP,WE,Towers with Radar,22,15,25,3,65,0,13,118,1,132,22,28,143,4,197,70,0,70,267
10/20/2022,STS,CA,AWP,WE,Towers with Radar,28,31,22,0,81,0,16,90,1,107,28,47,112,1,188,28,0,28,216
10/21/2022,STS,CA,AWP,WE,Towers with Radar,28,16,31,2,77,0,11,85,0,96,28,27,116,2,173,78,0,78,251
10/22/2022,STS,CA,AWP,WE,Towers with Radar,21,9,13,0,43,0,10,43,0,53,21,19,56,0,96,0,0,0,96
10/23/2022,STS,CA,AWP,WE,Towers with Radar,27,18,28,0,73,0,9,105,0,114,27,27,133,0,187,56,0,56,243
10/24/2022,STS,CA,AWP,WE,Towers with Radar,28,20,21,1,70,0,15,111,1,127,28,35,132,2,197,64,0,64,261
10/25/2022,STS,CA,AWP,WE,Towers with Radar,21,11,17,1,50,0,9,106,1,116,21,20,123,2,166,70,0,70,236
10/26/2022,STS,CA,AWP,WE,Towers with Radar,22,12,30,0,64,0,20,95,0,115,22,32,125,0,179,116,0,116,295
10/27/2022,STS,CA,AWP,WE,Towers with Radar,27,23,19,0,69,0,11,101,0,112,27,34,120,0,181,166,0,166,347
10/28/2022,STS,CA,AWP,WE,Towers with Radar,31,14,11,1,57,0,13,105,0,118,31,27,116,1,175,110,0,110,285
10/29/2022,STS,CA,AWP,WE,Towers with Radar,20,4,15,3,42,0,8,115,2,125,20,12,130,5,167,114,0,114,281
10/30/2022,STS,CA,AWP,WE,Towers with Radar,26,14,18,0,58,0,12,74,0,86,26,26,92,0,144,86,0,86,230
10/31/2022,STS,CA,AWP,WE,Towers with Radar,28,11,17,2,58,0,21,49,2,72,28,32,66,4,130,122,0,122,252
11/01/2022,STS,CA,AWP,WE,Towers with Radar,19,11,32,2,64,0,3,26,0,29,19,14,58,2,93,46,0,46,139
11/02/2022,STS,CA,AWP,WE,Towers with Radar,21,10,13,2,46,0,8,57,0,65,21,18,70,2,111,88,0,88,199
11/03/2022,STS,CA,AWP,WE,Towers with Radar,24,17,32,0,73,0,12,107,1,120,24,29,139,1,193,115,0,115,308
11/04/2022,STS,CA,AWP,WE,Towers with Radar,27,21,26,0,74,0,2,115,0,117,27,23,141,0,191,104,0,104,295
11/05/2022,STS,CA,AWP,WE,Towers with Radar,17,22,42,0,81,0,4,1,0,5,17,26,43,0,86,40,0,40,126
11/06/2022,STS,CA,AWP,WE,Towers with Radar,25,22,36,0,83,0,12,70,0,82,25,34,106,0,165,84,0,84,249
11/07/2022,STS,CA,AWP,WE,Towers with Radar,25,10,26,0,61,0,6,6,0,12,25,16,32,0,73,10,0,10,83
11/08/2022,STS,CA,AWP,WE,Towers with Radar,16,6,17,0,39,0,1,2,0,3,16,7,19,0,42,22,0,22,64
11/09/2022,STS,CA,AWP,WE,Towers with Radar,19,16,26,0,61,0,15,71,0,86,19,31,97,0,147,60,0,60,207
11/10/2022,STS,CA,AWP,WE,Towers with Radar,24,9,23,0,56,0,8,100,0,108,24,17,123,0,164,88,0,88,252
11/11/2022,STS,CA,AWP,WE,Towers with Radar,27,11,26,0,64,0,16,110,0,126,27,27,136,0,190,143,0,143,333
11/12/2022,STS,CA,AWP,WE,Towers with Radar,17,8,14,0,39,0,7,75,0,82,17,15,89,0,121,88,0,88,209
11/13/2022,STS,CA,AWP,WE,Towers with Radar,24,12,31,0,67,0,15,106,0,121,24,27,137,0,188,50,0,50,238
11/14/2022,STS,CA,AWP,WE,Towers with Radar,28,28,18,0,74,0,7,78,0,85,28,35,96,0,159,122,0,122,281
11/15/2022,STS,CA,AWP,WE,Towers with Radar,21,20,20,1,62,0,7,96,0,103,21,27,116,1,165,74,0,74,239
11/16/2022,STS,CA,AWP,WE,Towers with Radar,20,28,19,0,67,0,12,86,1,99,20,40,105,1,166,42,0,42,208
11/17/2022,STS,CA,AWP,WE,Towers with Radar,25,38,21,0,84,0,14,70,0,84,25,52,91,0,168,104,0,104,272
11/18/2022,STS,CA,AWP,WE,Towers with Radar,26,23,32,0,81,0,13,74,0,87,26,36,106,0,168,50,0,50,218
11/19/2022,STS,CA,AWP,WE,Towers with Radar,22,22,19,0,63,0,15,100,0,115,22,37,119,0,178,96,0,96,274
11/20/2022,STS,CA,AWP,WE,Towers with Radar,26,16,37,0,79,0,10,116,0,126,26,26,153,0,205,100,0,100,305
11/21/2022,STS,CA,AWP,WE,Towers with Radar,26,11,18,0,55,0,11,77,0,88,26,22,95,0,143,118,0,118,261
11/22/2022,STS,CA,AWP,WE,Towers with Radar,23,12,25,0,60,0,16,99,4,119,23,28,124,4,179,84,2,86,265
11/23/2022,STS,CA,AWP,WE,Towers with Radar,19,17,30,2,68,0,10,81,0,91,19,27,111,2,159,102,0,102,261
11/24/2022,STS,CA,AWP,WE,Towers with Radar,14,3,9,0,26,0,14,32,0,46,14,17,41,0,72,4,0,4,76
11/25/2022,STS,CA,AWP,WE,Towers with Radar,24,7,15,0,46,0,20,59,0,79,24,27,74,0,125,126,0,126,251
11/26/2022,STS,CA,AWP,WE,Towers with Radar,19,13,19,0,51,0,5,95,0,100,19,18,114,0,151,94,0,94,245
11/27/2022,STS,CA,AWP,WE,Towers with Radar,24,15,29,0,68,0,12,86,0,98,24,27,115,0,166,52,0,52,218
11/28/2022,STS,CA,AWP,WE,Towers with Radar,26,13,17,1,57,0,13,48,0,61,26,26,65,1,118,36,0,36,154
11/29/2022,STS,CA,AWP,WE,Towers with Radar,23,14,10,4,51,0,10,124,0,134,23,24,134,4,185,86,0,86,271
11/30/2022,STS,CA,AWP,WE,Towers with Radar,10,5,33,0,48,0,10,65,2,77,10,15,98,2,125,143,0,143,268
12/01/2022,STS,CA,AWP,WE,Towers with Radar,18,15,33,0,66,0,4,15,0,19,18,19,48,0,85,28,0,28,113
12/02/2022,STS,CA,AWP,WE,Towers with Radar,19,7,17,2,45,0,10,106,2,118,19,17,123,4,163,166,0,166,329
12/03/2022,STS,CA,AWP,WE,Towers with Radar,14,11,25,0,50,0,0,0,0,0,14,11,25,0,50,0,0,0,50
12/04/2022,STS,CA,AWP,WE,Towers with Radar,17,10,24,0,51,0,4,17,0,21,17,14,41,0,72,38,0,38,110
12/05/2022,STS,CA,AWP,WE,Towers with Radar,18,13,17,0,48,0,11,20,0,31,18,24,37,0,79,60,0,60,139
12/06/2022,STS,CA,AWP,WE,Towers with Radar,16,13,15,2,46,0,3,43,0,46,16,16,58,2,92,156,0,156,248
12/07/2022,STS,CA,AWP,WE,Towers with Radar,10,7,30,0,47,0,8,97,0,105,10,15,127,0,152,120,0,120,272
12/08/2022,STS,CA,AWP,WE,Towers with Radar,20,18,25,0,63,0,0,3,0,3,20,18,28,0,66,8,0,8,74
12/09/2022,STS,CA,AWP,WE,Towers with Radar,19,15,34,0,68,0,1,35,0,36,19,16,69,0,104,70,0,70,174
12/10/2022,STS,CA,AWP,WE,Towers with Radar,7,4,14,0,25,0,0,0,0,0,7,4,14,0,25,0,0,0,25
12/11/2022,STS,CA,AWP,WE,Towers with Radar,18,6,15,0,39,0,2,18,0,20,18,8,33,0,59,44,0,44,103
12/12/2022,STS,CA,AWP,WE,Towers with Radar,19,11,28,2,60,0,11,93,0,104,19,22,121,2,164,68,0,68,232
12/13/2022,STS,CA,AWP,WE,Towers with Radar,14,9,13,0,36,0,26,97,0,123,14,35,110,0,159,104,0,104,263
12/14/2022,STS,CA,AWP,WE,Towers with Radar,11,18,18,4,51,0,4,67,0,71,11,22,85,4,122,69,0,69,191
12/15/2022,STS,CA,AWP,WE,Towers with Radar,21,24,18,0,63,0,8,78,0,86,21,32,96,0,149,96,0,96,245
12/16/2022,STS,CA,AWP,WE,Towers with Radar,25,4,17,0,46,0,14,86,0,100,25,18,103,0,146,138,0,138,284
12/17/2022,STS,CA,AWP,WE,Towers with Radar,16,4,27,0,47,0,7,101,0,108,16,11,128,0,155,172,0,172,327
12/18/2022,STS,CA,AWP,WE,Towers with Radar,22,20,26,0,68,0,10,78,0,88,22,30,104,0,156,92,0,92,248
12/19/2022,STS,CA,AWP,WE,Towers with Radar,22,24,24,0,70,0,0,6,0,6,22,24,30,0,76,90,0,90,166
12/20/2022,STS,CA,AWP,WE,Towers with Radar,22,4,16,0,42,0,6,47,0,53,22,10,63,0,95,164,0,164,259
12/21/2022,STS,CA,AWP,WE,Towers with Radar,14,12,44,1,71,0,6,63,0,69,14,18,107,1,140,94,0,94,234
12/22/2022,STS,CA,AWP,WE,Towers with Radar,21,13,25,0,59,0,2,19,0,21,21,15,44,0,80,36,0,36,116
12/23/2022,STS,CA,AWP,WE,Towers with Radar,21,15,40,0,76,0,4,12,0,16,21,19,52,0,92,76,0,76,168
12/24/2022,STS,CA,AWP,WE,Towers with Radar,11,2,11,0,24,0,5,51,0,56,11,7,62,0,80,62,0,62,142
12/25/2022,STS,CA,AWP,WE,Towers with Radar,17,4,4,0,25,0,4,14,0,18,17,8,18,0,43,22,0,22,65
12/26/2022,STS,CA,AWP,WE,Towers with Radar,23,17,24,0,64,0,1,10,0,11,23,18,34,0,75,44,0,44,119
12/27/2022,STS,CA,AWP,WE,Towers with Radar,20,12,34,0,66,0,5,15,2,22,20,17,49,2,88,52,0,52,140
12/28/2022,STS,CA,AWP,WE,Towers with Radar,17,8,20,0,45,0,5,70,0,75,17,13,90,0,120,74,0,74,194
12/29/2022,STS,CA,AWP,WE,Towers with Radar,21,13,27,0,61,0,0,0,0,0,21,13,27,0,61,0,0,0,61
12/30/2022,STS,CA,AWP,WE,Towers with Radar,28,6,15,0,49,0,0,0,0,0,28,6,15,0,49,0,0,0,49
12/31/2022,STS,CA,AWP,WE,Towers with Radar,11,2,11,0,24,0,0,2,0,2,11,2,13,0,26,6,0,6,32
01/01/2023,STS,CA,AWP,WE,Towers with Radar,20,5,15,0,40,0,4,125,0,129,20,9,140,0,169,56,0,56,225
01/02/2023,STS,CA,AWP,WE,Towers with Radar,24,11,24,0,59,0,1,18,0,19,24,12,42,0,78,40,0,40,118
01/03/2023,STS,CA,AWP,WE,Towers with Radar,22,15,21,0,58,0,3,11,1,15,22,18,32,1,73,40,18,58,131
01/04/2023,STS,CA,AWP,WE,Towers with Radar,20,5,10,0,35,0,0,0,0,0,20,5,10,0,35,0,0,0,35
01/05/2023,STS,CA,AWP,WE,Towers with Radar,21,10,10,0,41,0,2,3,0,5,21,12,13,0,46,4,0,4,50
01/06/2023,STS,CA,AWP,WE,Towers with Radar,24,14,21,0,59,0,5,11,0,16,24,19,32,0,75,88,0,88,163
01/07/2023,STS,CA,AWP,WE,Towers with Radar,16,3,8,0,27,0,3,5,0,8,16,6,13,0,35,24,0,24,59
01/08/2023,STS,CA,AWP,WE,Towers with Radar,23,9,14,0,46,0,9,35,0,44,23,18,49,0,90,74,0,74,164
01/09/2023,STS,CA,AWP,WE,Towers with Radar,21,10,25,0,56,0,9,27,4,40,21,19,52,4,96,55,0,55,151
01/10/2023,STS,CA,AWP,WE,Towers with Radar,11,5,10,0,26,0,5,1,0,6,11,10,11,0,32,0,0,0,32
01/11/2023,STS,CA,AWP,WE,Towers with Radar,14,10,7,0,31,0,0,0,0,0,14,10,7,0,31,0,0,0,31
01/12/2023,STS,CA,AWP,WE,Towers with Radar,19,11,33,0,63,0,11,80,0,91,19,22,113,0,154,108,0,108,262
01/13/2023,STS,CA,AWP,WE,Towers with Radar,20,23,15,0,58,1,2,0,0,3,21,25,15,0,61,0,0,0,61
01/14/2023,STS,CA,AWP,WE,Towers with Radar,9,8,19,0,36,0,0,0,0,0,9,8,19,0,36,0,0,0,36
01/15/2023,STS,CA,AWP,WE,Towers with Radar,18,10,6,0,34,0,1,3,0,4,18,11,9,0,38,12,0,12,50
01/16/2023,STS,CA,AWP,WE,Towers with Radar,19,10,17,0,46,0,20,41,0,61,19,30,58,0,107,104,0,104,211
01/17/2023,STS,CA,AWP,WE,Towers with Radar,14,12,18,2,46,0,23,91,2,116,14,35,109,4,162,86,10,96,258
01/18/2023,STS,CA,AWP,WE,Towers with Radar,12,7,17,0,36,0,7,24,0,31,12,14,41,0,67,76,0,76,143
01/19/2023,STS,CA,AWP,WE,Towers with Radar,17,23,29,0,69,0,8,76,4,88,17,31,105,4,157,128,0,128,285
01/20/2023,STS,CA,AWP,WE,Towers with Radar,22,9,25,1,57,0,17,122,0,139,22,26,147,1,196,134,0,134,330
01/21/2023,STS,CA,AWP,WE,Towers with Radar,9,14,16,2,41,0,15,141,3,159,9,29,157,5,200,102,0,102,302
01/22/2023,STS,CA,AWP,WE,Towers with Radar,19,12,19,0,50,0,13,91,1,105,19,25,110,1,155,100,0,100,255
01/23/2023,STS,CA,AWP,WE,Towers with Radar,19,16,24,4,63,0,5,57,5,67,19,21,81,9,130,83,0,83,213
01/24/2023,STS,CA,AWP,WE,Towers with Radar,12,5,26,0,43,0,13,91,1,105,12,18,117,1,148,124,0,124,272
01/25/2023,STS,CA,AWP,WE,Towers with Radar,12,10,24,0,46,0,14,75,0,89,12,24,99,0,135,125,0,125,260
01/26/2023,STS,CA,AWP,WE,Towers with Radar,20,10,33,0,63,0,13,87,1,101,20,23,120,1,164,131,0,131,295
01/27/2023,STS,CA,AWP,WE,Towers with Radar,19,6,18,0,43,0,17,82,0,99,19,23,100,0,142,110,0,110,252
01/28/2023,STS,CA,AWP,WE,Towers with Radar,10,13,25,0,48,0,6,140,0,146,10,19,165,0,194,116,0,116,310
01/29/2023,STS,CA,AWP,WE,Towers with Radar,18,16,17,0,51,0,5,23,0,28,18,21,40,0,79,26,0,26,105
01/30/2023,STS,CA,AWP,WE,Towers with Radar,18,9,32,2,61,0,12,76,0,88,18,21,108,2,149,94,0,94,243
01/31/2023,STS,CA,AWP,WE,Towers with Radar,12,5,20,0,37,0,8,114,0,122,12,13,134,0,159,176,0,176,335
02/01/2023,STS,CA,AWP,WE,Towers with Radar,10,10,26,0,46,0,14,94,0,108,10,24,120,0,154,128,0,128,282
02/02/2023,STS,CA,AWP,WE,Towers with Radar,19,10,11,0,40,0,12,62,2,76,19,22,73,2,116,112,0,112,228
02/03/2023,STS,CA,AWP,WE,Towers with Radar,21,9,28,0,58,0,10,18,0,28,21,19,46,0,86,78,0,78,164
02/04/2023,STS,CA,AWP,WE,Towers with Radar,16,6,27,0,49,0,0,8,0,8,16,6,35,0,57,58,0,58,115
02/05/2023,STS,CA,AWP,WE,Towers with Radar,22,13,9,0,44,0,7,9,0,16,22,20,18,0,60,6,0,6,66
02/06/2023,STS,CA,AWP,WE,Towers with Radar,23,2,27,1,53,0,7,88,9,104,23,9,115,10,157,140,2,142,299
02/07/2023,STS,CA,AWP,WE,Towers with Radar,17,15,27,0,59,0,7,99,0,106,17,22,126,0,165,162,0,162,327
02/08/2023,STS,CA,AWP,WE,Towers with Radar,13,9,35,1,58,0,13,92,2,107,13,22,127,3,165,126,0,126,291
02/09/2023,STS,CA,AWP,WE,Towers with Radar,21,6,17,0,44,0,18,102,0,120,21,24,119,0,164,88,0,88,252
02/10/2023,STS,CA,AWP,WE,Towers with Radar,23,15,30,0,68,0,10,71,0,81,23,25,101,0,149,112,0,112,261
02/11/2023,STS,CA,AWP,WE,Towers with Radar,13,4,26,0,43,0,7,99,0,106,13,11,125,0,149,120,0,120,269
02/12/2023,STS,CA,AWP,WE,Towers with Radar,21,8,23,0,52,0,11,118,0,129,21,19,141,0,181,113,0,113,294
02/13/2023,STS,CA,AWP,WE,Towers with Radar,23,19,20,1,63,0,13,51,0,64,23,32,71,1,127,22,0,22,149
02/14/2023,STS,CA,AWP,WE,Towers with Radar,16,9,11,0,36,0,7,29,0,36,16,16,40,0,72,60,0,60,132
02/15/2023,STS,CA,AWP,WE,Towers with Radar,13,17,45,0,75,0,18,114,0,132,13,35,159,0,207,74,0,74,281
02/16/2023,STS,CA,AWP,WE,Towers with Radar,23,13,16,0,52,0,17,79,0,96,23,30,95,0,148,104,0,104,252
02/17/2023,STS,CA,AWP,WE,Towers with Radar,25,11,29,0,65,0,9,92,0,101,25,20,121,0,166,198,0,198,364
02/18/2023,STS,CA,AWP,WE,Towers with Radar,17,18,17,0,52,0,8,95,0,103,17,26,112,0,155,118,0,118,273
02/19/2023,STS,CA,AWP,WE,Towers with Radar,22,5,16,0,43,0,7,128,0,135,22,12,144,0,178,108,0,108,286
02/20/2023,STS,CA,AWP,WE,Towers with Radar,24,5,26,0,55,0,9,94,0,103,24,14,120,0,158,132,0,132,290
02/21/2023,STS,CA,AWP,WE,Towers with Radar,17,11,15,0,43,0,5,28,0,33,17,16,43,0,76,20,0,20,96
02/22/2023,STS,CA,AWP,WE,Towers with Radar,17,14,11,0,42,0,18,31,0,49,17,32,42,0,91,20,10,30,121
02/23/2023,STS,CA,AWP,WE,Towers with Radar,20,11,21,0,52,0,8,8,0,16,20,19,29,0,68,4,0,4,72
02/24/2023,STS,CA,AWP,WE,Towers with Radar,24,8,15,0,47,0,8,14,0,22,24,16,29,0,69,24,0,24,93
02/25/2023,STS,CA,AWP,WE,Towers with Radar,20,15,12,0,47,0,8,30,1,39,20,23,42,1,86,78,0,78,164
02/26/2023,STS,CA,AWP,WE,Towers with Radar,24,18,16,0,58,0,3,16,0,19,24,21,32,0,77,14,0,14,91
02/27/2023,STS,CA,AWP,WE,Towers with Radar,24,15,18,0,57,0,2,4,0,6,24,17,22,0,63,0,0,0,63
02/28/2023,STS,CA,AWP,WE,Towers with Radar,17,2,20,0,39,0,4,11,0,15,17,6,31,0,54,8,0,8,62
03/01/2023,STS,CA,AWP,WE,Towers with Radar,15,11,11,0,37,0,13,75,0,88,15,24,86,0,125,32,0,32,157
03/02/2023,STS,CA,AWP,WE,Towers with Radar,22,17,32,1,72,0,7,113,0,120,22,24,145,1,192,100,0,100,292
03/03/2023,STS,CA,AWP,WE,Towers with Radar,24,15,37,0,76,0,10,119,0,129,24,25,156,0,205,150,0,150,355
03/04/2023,STS,CA,AWP,WE,Towers with Radar,15,19,26,0,60,0,5,6,0,11,15,24,32,0,71,14,0,14,85
03/05/2023,STS,CA,AWP,WE,Towers with Radar,19,14,22,0,55,0,3,22,0,25,19,17,44,0,80,22,0,22,102
03/06/2023,STS,CA,AWP,WE,Towers with Radar,23,14,12,0,49,0,2,20,0,22,23,16,32,0,71,42,0,42,113
03/07/2023,STS,CA,AWP,WE,Towers with Radar,15,9,23,0,47,0,2,27,0,29,15,11,50,0,76,34,0,34,110
03/08/2023,STS,CA,AWP,WE,Towers with Radar,14,4,23,5,46,0,7,121,6,134,14,11,144,11,180,140,0,140,320
03/09/2023,STS,CA,AWP,WE,Towers with Radar,21,13,20,0,54,0,3,2,1,6,21,16,22,1,60,14,0,14,74
03/10/2023,STS,CA,AWP,WE,Towers with Radar,21,16,26,0,63,0,12,36,1,49,21,28,62,1,112,70,0,70,182
03/11/2023,STS,CA,AWP,WE,Towers with Radar,18,11,25,4,58,0,0,10,0,10,18,11,35,4,68,24,0,24,92
03/12/2023,STS,CA,AWP,WE,Towers with Radar,19,14,24,0,57,0,0,0,0,0,19,14,24,0,57,0,0,0,57
03/13/2023,STS,CA,AWP,WE,Towers with Radar,27,17,18,0,62,0,0,0,0,0,27,17,18,0,62,0,0,0,62
03/14/2023,STS,CA,AWP,WE,Towers with Radar,15,5,9,0,29,0,5,8,0,13,15,10,17,0,42,16,0,16,58
03/15/2023,STS,CA,AWP,WE,Towers with Radar,16,13,30,0,59,0,15,115,0,130,16,28,145,0,189,142,0,142,331
03/16/2023,STS,CA,AWP,WE,Towers with Radar,22,22,32,0,76,0,10,120,0,130,22,32,152,0,206,80,0,80,286
03/17/2023,STS,CA,AWP,WE,Towers with Radar,25,12,30,0,67,0,16,78,0,94,25,28,108,0,161,218,0,218,379
03/18/2023,STS,CA,AWP,WE,Towers with Radar,15,6,17,2,40,0,3,92,0,95,15,9,109,2,135,92,0,92,227
03/19/2023,STS,CA,AWP,WE,Towers with Radar,26,13,28,2,69,0,0,0,0,0,26,13,28,2,69,0,0,0,69
03/20/2023,STS,CA,AWP,WE,Towers with Radar,24,14,14,0,52,0,9,73,0,82,24,23,87,0,134,40,0,40,174
03/21/2023,STS,CA,AWP,WE,Towers with Radar,17,8,12,1,38,0,0,1,0,1,17,8,13,1,39,0,6,6,45
03/22/2023,STS,CA,AWP,WE,Towers with Radar,14,15,16,0,45,0,10,38,0,48,14,25,54,0,93,162,0,162,255
03/23/2023,STS,CA,AWP,WE,Towers with Radar,21,9,27,0,57,0,12,59,0,71,21,21,86,0,128,136,0,136,264
03/24/2023,STS,CA,AWP,WE,Towers with Radar,25,17,25,0,67,0,14,67,0,81,25,31,92,0,148,52,0,52,200
03/25/2023,STS,CA,AWP,WE,Towers with Radar,15,11,17,0,43,0,9,87,0,96,15,20,104,0,139,68,0,68,207
03/26/2023,STS,CA,AWP,WE,Towers with Radar,20,6,47,0,73,0,8,121,0,129,20,14,168,0,202,82,0,82,284
03/27/2023,STS,CA,AWP,WE,Towers with Radar,23,10,11,0,44,0,15,72,0,87,23,25,83,0,131,124,0,124,255
03/28/2023,STS,CA,AWP,WE,Towers with Radar,17,8,17,0,42,0,8,3,0,11,17,16,20,0,53,2,0,2,55
03/29/2023,STS,CA,AWP,WE,Towers with Radar,14,17,15,0,46,0,6,7,0,13,14,23,22,0,59,16,0,16,75
03/30/2023,STS,CA,AWP,WE,Towers with Radar,21,25,23,0,69,2,25,64,0,91,23,50,87,0,160,74,0,74,234
03/31/2023,STS,CA,AWP,WE,Towers with Radar,24,21,19,2,66,0,8,88,0,96,24,29,107,2,162,122,0,122,284
04/01/2023,STS,CA,AWP,WE,Towers with Radar,15,13,16,1,45,0,11,49,0,60,15,24,65,1,105,118,0,118,223
04/02/2023,STS,CA,AWP,WE,Towers with Radar,22,21,25,0,68,0,10,69,0,79,22,31,94,0,147,40,0,40,187
04/03/2023,STS,CA,AWP,WE,Towers with Radar,23,15,16,0,54,0,7,28,0,35,23,22,44,0,89,10,0,10,99
04/04/2023,STS,CA,AWP,WE,Towers with Radar,21,21,17,0,59,0,10,86,0,96,21,31,103,0,155,76,0,76,231
04/05/2023,STS,CA,AWP,WE,Towers with Radar,18,9,22,0,49,0,11,109,0,120,18,20,131,0,169,118,0,118,287
04/06/2023,STS,CA,AWP,WE,Towers with Radar,24,11,20,4,59,0,8,82,0,90,24,19,102,4,149,46,0,46,195
04/07/2023,STS,CA,AWP,WE,Towers with Radar,26,12,21,4,63,0,9,15,0,24,26,21,36,4,87,14,0,14,101
04/08/2023,STS,CA,AWP,WE,Towers with Radar,17,4,23,0,44,0,9,75,0,84,17,13,98,0,128,80,0,80,208
04/09/2023,STS,CA,AWP,WE,Towers with Radar,23,15,13,0,51,0,12,80,0,92,23,27,93,0,143,58,0,58,201
04/10/2023,STS,CA,AWP,WE,Towers with Radar,25,6,14,0,45,0,14,64,0,78,25,20,78,0,123,48,0,48,171
04/11/2023,STS,CA,AWP,WE,Towers with Radar,21,6,20,0,47,0,8,80,0,88,21,14,100,0,135,148,0,148,283
04/12/2023,STS,CA,AWP,WE,Towers with Radar,17,15,19,0,51,0,5,68,0,73,17,20,87,0,124,42,0,42,166
04/13/2023,STS,CA,AWP,WE,Towers with Radar,20,17,37,1,75,0,16,102,0,118,20,33,139,1,193,118,0,118,311
04/14/2023,STS,CA,AWP,WE,Towers with Radar,24,15,20,0,59,0,13,109,0,122,24,28,129,0,181,86,0,86,267
04/15/2023,STS,CA,AWP,WE,Towers with Radar,18,4,22,0,44,0,6,86,0,92,18,10,108,0,136,152,0,152,288
04/16/2023,STS,CA,AWP,WE,Towers with Radar,24,18,21,0,63,0,5,83,0,88,24,23,104,0,151,130,0,130,281
04/17/2023,STS,CA,AWP,WE,Towers with Radar,23,20,31,0,74,0,5,67,0,72,23,25,98,0,146,52,0,52,198
04/18/2023,STS,CA,AWP,WE,Towers with Radar,22,14,12,1,49,0,11,67,0,78,22,25,79,1,127,40,0,40,167
04/19/2023,STS,CA,AWP,WE,Towers with Radar,19,12,21,0,52,0,13,102,0,115,19,25,123,0,167,76,0,76,243
04/20/2023,STS,CA,AWP,WE,Towers with Radar,26,20,29,0,75,0,12,129,0,141,26,32,158,0,216,40,0,40,256
04/21/2023,STS,CA,AWP,WE,Towers with Radar,26,20,22,0,68,0,17,127,1,145,26,37,149,1,213,112,0,112,325
04/22/2023,STS,CA,AWP,WE,Towers with Radar,21,15,20,0,56,0,12,118,0,130,21,27,138,0,186,112,0,112,298
04/23/2023,STS,CA,AWP,WE,Towers with Radar,26,27,33,0,86,0,14,83,0,97,26,41,116,0,183,68,0,68,251
04/24/2023,STS,CA,AWP,WE,Towers with Radar,27,11,19,0,57,0,6,86,0,92,27,17,105,0,149,98,0,98,247
04/25/2023,STS,CA,AWP,WE,Towers with Radar,21,12,23,0,56,0,6,82,2,90,21,18,105,2,146,122,0,122,268
04/26/2023,STS,CA,AWP,WE,Towers with Radar,18,13,31,0,62,0,12,95,0,107,18,25,126,0,169,66,0,66,235
04/27/2023,STS,CA,AWP,WE,Towers with Radar,29,10,46,0,85,0,13,104,2,119,29,23,150,2,204,112,0,112,316
04/28/2023,STS,CA,AWP,WE,Towers with Radar,28,22,25,2,77,0,11,102,0,113,28,33,127,2,190,130,0,130,320
04/29/2023,STS,CA,AWP,WE,Towers with Radar,19,5,28,0,52,0,14,148,0,162,19,19,176,0,214,62,0,62,276
04/30/2023,STS,CA,AWP,WE,Towers with Radar,27,12,25,0,64,0,10,79,0,89,27,22,104,0,153,36,0,36,189
05/01/2023,STS,CA,AWP,WE,Towers with Radar,28,18,33,0,79,0,2,44,0,46,28,20,77,0,125,78,0,78,203
05/02/2023,STS,CA,AWP,WE,Towers with Radar,19,15,21,1,56,0,12,26,1,39,19,27,47,2,95,68,0,68,163
05/03/2023,STS,CA,AWP,WE,Towers with Radar,19,9,13,0,41,0,9,42,0,51,19,18,55,0,92,89,0,89,181
05/04/2023,STS,CA,AWP,WE,Towers with Radar,26,18,41,0,85,0,6,31,0,37,26,24,72,0,122,38,0,38,160
05/05/2023,STS,CA,AWP,WE,Towers with Radar,25,21,40,2,88,0,4,39,0,43,25,25,79,2,131,74,0,74,205
05/06/2023,STS,CA,AWP,WE,Towers with Radar,20,5,30,0,55,0,6,30,0,36,20,11,60,0,91,76,0,76,167
05/07/2023,STS,CA,AWP,WE,Towers with Radar,24,11,36,0,71,0,10,94,0,104,24,21,130,0,175,92,0,92,267
05/08/2023,STS,CA,AWP,WE,Towers with Radar,25,12,18,0,55,0,10,49,0,59,25,22,67,0,114,84,0,84,198
05/09/2023,STS,CA,AWP,WE,Towers with Radar,17,10,20,0,47,0,7,89,0,96,17,17,109,0,143,126,0,126,269
05/10/2023,STS,CA,AWP,WE,Towers with Radar,17,11,36,0,64,0,17,88,0,105,17,28,124,0,169,140,0,140,309
05/11/2023,STS,CA,AWP,WE,Towers with Radar,25,17,31,0,73,0,5,97,4,106,25,22,128,4,179,130,0,130,309
05/12/2023,STS,CA,AWP,WE,Towers with Radar,25,10,32,0,67,0,11,105,0,116,25,21,137,0,183,124,0,124,307
05/13/2023,STS,CA,AWP,WE,Towers with Radar,22,8,20,0,50,0,16,135,0,151,22,24,155,0,201,150,0,150,351
05/14/2023,STS,CA,AWP,WE,Towers with Radar,25,17,28,0,70,0,13,79,0,92,25,30,107,0,162,90,0,90,252
05/15/2023,STS,CA,AWP,WE,Towers with Radar,25,8,20,1,54,0,17,103,1,121,25,25,123,2,175,60,0,60,235
05/16/2023,STS,CA,AWP,WE,Towers with Radar,16,11,23,2,52,0,18,82,0,100,16,29,105,2,152,70,0,70,222
05/17/2023,STS,CA,AWP,WE,Towers with Radar,17,12,34,0,63,0,9,68,0,77,17,21,102,0,140,76,0,76,216
05/18/2023,STS,CA,AWP,WE,Towers with Radar,26,15,31,0,72,0,14,84,0,98,26,29,115,0,170,166,0,166,336
05/19/2023,STS,CA,AWP,WE,Towers with Radar,24,22,35,0,81,0,13,92,0,105,24,35,127,0,186,164,0,164,350
05/20/2023,STS,CA,AWP,WE,Towers with Radar,19,9,26,0,54,0,3,187,0,190,19,12,213,0,244,12,0,12,256
05/21/2023,STS,CA,AWP,WE,Towers with Radar,24,24,27,0,75,0,15,97,1,113,24,39,124,1,188,100,0,100,288
05/22/2023,STS,CA,AWP,WE,Towers with Radar,25,20,26,0,71,0,18,57,0,75,25,38,83,0,146,112,0,112,258
05/23/2023,STS,CA,AWP,WE,Towers with Radar,23,18,26,2,69,0,10,61,0,71,23,28,87,2,140,86,0,86,226
05/24/2023,STS,CA,AWP,WE,Towers with Radar,18,20,48,0,86,1,8,60,0,69,19,28,108,0,155,82,0,82,237
05/25/2023,STS,CA,AWP,WE,Towers with Radar,25,34,39,1,99,0,16,46,0,62,25,50,85,1,161,100,0,100,261
05/26/2023,STS,CA,AWP,WE,Towers with Radar,25,20,63,0,108,0,5,33,2,40,25,25,96,2,148,94,0,94,242
05/27/2023,STS,CA,AWP,WE,Towers with Radar,20,10,38,0,68,0,1,53,0,54,20,11,91,0,122,62,0,62,184
05/28/2023,STS,CA,AWP,WE,Towers with Radar,25,8,15,0,48,0,10,55,0,65,25,18,70,0,113,26,0,26,139
05/29/2023,STS,CA,AWP,WE,Towers with Radar,25,29,43,0,97,0,11,26,0,37,25,40,69,0,134,44,0,44,178
05/30/2023,STS,CA,AWP,WE,Towers with Radar,18,13,37,0,68,0,13,38,0,51,18,26,75,0,119,114,0,114,233
05/31/2023,STS,CA,AWP,WE,Towers with Radar,19,10,29,0,58,0,7,72,6,85,19,17,101,6,143,70,4,74,217
06/01/2023,STS,CA,AWP,WE,Towers with Radar,27,14,32,3,76,0,7,91,2,100,27,21,123,5,176,82,0,82,258
06/02/2023,STS,CA,AWP,WE,Towers with Radar,26,17,22,1,66,0,11,108,0,119,26,28,130,1,185,107,0,107,292
06/03/2023,STS,CA,AWP,WE,Towers with Radar,20,18,18,0,56,0,5,114,0,119,20,23,132,0,175,74,0,74,249
06/04/2023,STS,CA,AWP,WE,Towers with Radar,27,12,21,0,60,0,15,99,0,114,27,27,120,0,174,62,0,62,236
06/05/2023,STS,CA,AWP,WE,Towers with Radar,26,12,40,0,78,0,12,47,0,59,26,24,87,0,137,12,0,12,149
06/06/2023,STS,CA,AWP,WE,Towers with Radar,17,18,18,0,53,0,12,19,0,31,17,30,37,0,84,26,0,26,110
06/07/2023,STS,CA,AWP,WE,Towers with Radar,15,25,36,0,76,0,1,34,0,35,15,26,70,0,111,164,0,164,275
06/08/2023,STS,CA,AWP,WE,Towers with Radar,25,45,71,0,141,0,7,63,0,70,25,52,134,0,211,48,0,48,259
06/09/2023,STS,CA,AWP,WE,Towers with Radar,26,15,43,0,84,0,12,48,0,60,26,27,91,0,144,140,0,140,284
06/10/2023,STS,CA,AWP,WE,Towers with Radar,19,15,48,0,82,0,4,75,0,79,19,19,123,0,161,44,0,44,205
06/11/2023,STS,CA,AWP,WE,Towers with Radar,26,40,70,0,136,0,11,81,0,92,26,51,151,0,228,56,0,56,284
06/12/2023,STS,CA,AWP,WE,Towers with Radar,28,15,27,1,71,0,4,56,1,61,28,19,83,2,132,116,0,116,248
06/13/2023,STS,CA,AWP,WE,Towers with Radar,18,9,30,0,57,0,7,71,0,78,18,16,101,0,135,108,0,108,243
06/14/2023,STS,CA,AWP,WE,Towers with Radar,18,8,30,0,56,0,12,75,0,87,18,20,105,0,143,88,0,88,231
06/15/2023,STS,CA,AWP,WE,Towers with Radar,25,21,30,2,78,0,16,106,0,122,25,37,136,2,200,62,0,62,262
06/16/2023,STS,CA,AWP,WE,Towers with Radar,25,12,43,2,82,0,42,93,0,135,25,54,136,2,217,100,0,100,317
06/17/2023,STS,CA,AWP,WE,Towers with Radar,18,17,25,0,60,1,14,78,0,93,19,31,103,0,153,110,0,110,263
06/18/2023,STS,CA,AWP,WE,Towers with Radar,24,11,31,1,67,0,9,92,0,101,24,20,123,1,168,16,0,16,184
06/19/2023,STS,CA,AWP,WE,Towers with Radar,25,9,21,0,55,0,8,58,0,66,25,17,79,0,121,16,0,16,137
06/20/2023,STS,CA,AWP,WE,Towers with Radar,17,13,23,0,53,0,22,76,0,98,17,35,99,0,151,114,0,114,265
06/21/2023,STS,CA,AWP,WE,Towers with Radar,16,10,20,0,46,0,19,90,0,109,16,29,110,0,155,94,0,94,249
06/22/2023,STS,CA,AWP,WE,Towers with Radar,26,13,46,2,87,0,19,47,3,69,26,32,93,5,156,112,0,112,268
06/23/2023,STS,CA,AWP,WE,Towers with Radar,24,24,43,0,91,0,16,80,0,96,24,40,123,0,187,144,0,144,331
06/24/2023,STS,CA,AWP,WE,Towers with Radar,16,16,30,0,62,0,17,68,0,85,16,33,98,0,147,88,0,88,235
06/25/2023,STS,CA,AWP,WE,Towers with Radar,24,26,56,0,106,0,9,36,0,45,24,35,92,0,151,40,0,40,191
06/26/2023,STS,CA,AWP,WE,Towers with Radar,25,14,35,0,74,0,14,73,0,87,25,28,108,0,161,66,0,66,227
06/27/2023,STS,CA,AWP,WE,Towers with Radar,17,7,30,0,54,0,8,83,0,91,17,15,113,0,145,104,0,104,249
06/28/2023,STS,CA,AWP,WE,Towers with Radar,18,17,27,0,62,0,8,97,0,105,18,25,124,0,167,182,0,182,349
06/29/2023,STS,CA,AWP,WE,Towers with Radar,28,17,29,2,76,0,13,116,0,129,28,30,145,2,205,94,6,100,305
06/30/2023,STS,CA,AWP,WE,Towers with Radar,24,9,32,0,65,0,22,114,0,136,24,31,146,0,201,162,0,162,363
07/01/2023,STS,CA,AWP,WE,Towers with Radar,15,11,23,0,49,0,25,107,0,132,15,36,130,0,181,72,0,72,253
07/02/2023,STS,CA,AWP,WE,Towers with Radar,24,8,21,0,53,0,27,87,0,114,24,35,108,0,167,26,0,26,193
07/03/2023,STS,CA,AWP,WE,Towers with Radar,25,10,16,1,52,0,21,82,0,103,25,31,98,1,155,80,0,80,235
07/04/2023,STS,CA,AWP,WE,Towers with Radar,13,7,18,0,38,0,15,58,0,73,13,22,76,0,111,52,0,52,163
07/05/2023,STS,CA,AWP,WE,Towers with Radar,14,14,34,0,62,0,24,80,0,104,14,38,114,0,166,48,0,48,214
07/06/2023,STS,CA,AWP,WE,Towers with Radar,24,23,41,1,89,0,12,75,0,87,24,35,116,1,176,166,0,166,342
07/07/2023,STS,CA,AWP,WE,Towers with Radar,23,16,20,1,60,0,10,76,3,89,23,26,96,4,149,134,0,134,283
07/08/2023,STS,CA,AWP,WE,Towers with Radar,15,24,18,0,57,0,6,108,2,116,15,30,126,2,173,82,0,82,255
07/09/2023,STS,CA,AWP,WE,Towers with Radar,24,11,32,0,67,0,14,81,0,95,24,25,113,0,162,92,0,92,254
07/10/2023,STS,CA,AWP,WE,Towers with Radar,25,17,27,0,69,0,9,89,1,99,25,26,116,1,168,106,0,106,274
07/11/2023,STS,CA,AWP,WE,Towers with Radar,13,4,27,0,44,0,35,100,2,137,13,39,127,2,181,184,0,184,365
07/12/2023,STS,CA,AWP,WE,Towers with Radar,13,16,34,1,64,0,16,91,1,108,13,32,125,2,172,154,0,154,326
07/13/2023,STS,CA,AWP,WE,Towers with Radar,24,34,62,0,120,0,15,87,0,102,24,49,149,0,222,88,0,88,310
07/14/2023,STS,CA,AWP,WE,Towers with Radar,23,31,38,1,93,0,16,107,0,123,23,47,145,1,216,40,0,40,256
07/15/2023,STS,CA,AWP,WE,Towers with Radar,16,22,26,0,64,0,24,86,0,110,16,46,112,0,174,108,0,108,282
07/16/2023,STS,CA,AWP,WE,Towers with Radar,24,37,52,0,113,0,19,86,1,106,24,56,138,1,219,56,0,56,275
07/17/2023,STS,CA,AWP,WE,Towers with Radar,25,13,32,2,72,0,10,82,2,94,25,23,114,4,166,62,0,62,228
07/18/2023,STS,CA,AWP,WE,Towers with Radar,15,15,32,0,62,0,10,104,0,114,15,25,136,0,176,70,0,70,246
07/19/2023,STS,CA,AWP,WE,Towers with Radar,16,21,44,0,81,0,17,93,0,110,16,38,137,0,191,48,0,48,239
07/20/2023,STS,CA,AWP,WE,Towers with Radar,24,53,75,0,152,0,19,99,0,118,24,72,174,0,270,42,0,42,312
07/21/2023,STS,CA,AWP,WE,Towers with Radar,25,18,25,0,68,0,19,121,0,140,25,37,146,0,208,92,0,92,300
07/22/2023,STS,CA,AWP,WE,Towers with Radar,16,29,27,0,72,0,11,86,0,97,16,40,113,0,169,44,0,44,213
07/23/2023,STS,CA,AWP,WE,Towers with Radar,24,59,68,0,151,0,12,85,0,97,24,71,153,0,248,56,0,56,304
07/24/2023,STS,CA,AWP,WE,Towers with Radar,25,23,27,0,75,0,17,79,0,96,25,40,106,0,171,72,0,72,243
07/25/2023,STS,CA,AWP,WE,Towers with Radar,16,23,21,0,60,0,17,89,0,106,16,40,110,0,166,86,0,86,252
07/26/2023,STS,CA,AWP,WE,Towers with Radar,16,14,32,0,62,0,10,79,2,91,16,24,111,2,153,94,0,94,247
07/27/2023,STS,CA,AWP,WE,Towers with Radar,26,21,37,2,86,0,26,93,0,119,26,47,130,2,205,46,0,46,251
07/28/2023,STS,CA,AWP,WE,Towers with Radar,25,14,25,0,64,0,30,85,0,115,25,44,110,0,179,84,0,84,263
07/29/2023,STS,CA,AWP,WE,Towers with Radar,16,18,26,0,60,0,17,103,0,120,16,35,129,0,180,94,0,94,274
07/30/2023,STS,CA,AWP,WE,Towers with Radar,25,34,51,0,110,0,13,101,0,114,25,47,152,0,224,98,0,98,322
07/31/2023,STS,CA,AWP,WE,Towers with Radar,25,19,23,1,68,0,23,90,0,113,25,42,113,1,181,78,0,78,259
08/01/2023,STS,CA,AWP,WE,Towers with Radar,17,7,25,1,50,0,20,81,0,101,17,27,106,1,151,80,0,80,231
08/02/2023,STS,CA,AWP,WE,Towers with Radar,17,17,26,0,60,0,5,97,1,103,17,22,123,1,163,92,0,92,255
08/03/2023,STS,CA,AWP,WE,Towers with Radar,24,7,29,4,64,0,14,74,0,88,24,21,103,4,152,114,0,114,266
08/04/2023,STS,CA,AWP,WE,Towers with Radar,23,14,39,0,76,0,17,92,0,109,23,31,131,0,185,156,0,156,341
08/05/2023,STS,CA,AWP,WE,Towers with Radar,16,15,7,0,38,0,17,93,0,110,16,32,100,0,148,94,0,94,242
08/06/2023,STS,CA,AWP,WE,Towers with Radar,24,22,21,0,67,0,14,117,0,131,24,36,138,0,198,118,0,118,316
08/07/2023,STS,CA,AWP,WE,Towers with Radar,25,15,8,0,48,0,16,77,1,94,25,31,85,1,142,94,0,94,236
08/08/2023,STS,CA,AWP,WE,Towers with Radar,17,17,25,1,60,0,13,93,1,107,17,30,118,2,167,150,0,150,317
08/09/2023,STS,CA,AWP,WE,Towers with Radar,17,23,26,0,66,0,7,104,1,112,17,30,130,1,178,118,0,118,296
08/10/2023,STS,CA,AWP,WE,Towers with Radar,27,13,25,1,66,0,10,111,5,126,27,23,136,6,192,96,0,96,288
08/11/2023,STS,CA,AWP,WE,Towers with Radar,25,14,27,0,66,0,14,74,0,88,25,28,101,0,154,118,0,118,272
08/12/2023,STS,CA,AWP,WE,Towers with Radar,16,8,27,1,52,0,12,110,0,122,16,20,137,1,174,101,0,101,275
08/13/2023,STS,CA,AWP,WE,Towers with Radar,26,23,21,2,72,0,16,120,0,136,26,39,141,2,208,116,0,116,324
08/14/2023,STS,CA,AWP,WE,Towers with Radar,25,17,19,2,63,0,16,102,0,118,25,33,121,2,181,162,0,162,343
08/15/2023,STS,CA,AWP,WE,Towers with Radar,19,13,16,0,48,0,21,93,0,114,19,34,109,0,162,108,0,108,270
08/16/2023,STS,CA,AWP,WE,Towers with Radar,19,8,27,2,56,0,33,93,1,127,19,41,120,3,183,108,0,108,291
08/17/2023,STS,CA,AWP,WE,Towers with Radar,27,8,40,0,75,0,8,114,0,122,27,16,154,0,197,136,0,136,333
08/18/2023,STS,CA,AWP,WE,Towers with Radar,27,13,31,0,71,0,12,52,0,64,27,25,83,0,135,88,0,88,223
08/19/2023,STS,CA,AWP,WE,Towers with Radar,17,19,29,0,65,0,24,143,1,168,17,43,172,1,233,46,0,46,279
08/20/2023,STS,CA,AWP,WE,Towers with Radar,27,14,23,0,64,0,9,98,1,108,27,23,121,1,172,88,0,88,260
08/21/2023,STS,CA,AWP,WE,Towers with Radar,30,24,42,0,96,0,11,23,0,34,30,35,65,0,130,28,0,28,158
08/22/2023,STS,CA,AWP,WE,Towers with Radar,19,31,20,2,72,0,21,75,0,96,19,52,95,2,168,120,0,120,288
08/23/2023,STS,CA,AWP,WE,Towers with Radar,18,10,24,0,52,0,14,91,0,105,18,24,115,0,157,140,0,140,297
08/24/2023,STS,CA,AWP,WE,Towers with Radar,27,15,26,0,68,0,22,120,0,142,27,37,146,0,210,84,0,84,294
08/25/2023,STS,CA,AWP,WE,Towers with Radar,28,11,37,0,76,0,9,110,3,122,28,20,147,3,198,98,0,98,296
08/26/2023,STS,CA,AWP,WE,Towers with Radar,18,8,25,0,51,0,6,93,0,99,18,14,118,0,150,40,0,40,190
08/27/2023,STS,CA,AWP,WE,Towers with Radar,28,7,23,0,58,0,17,112,0,129,28,24,135,0,187,96,0,96,283
08/28/2023,STS,CA,AWP,WE,Towers with Radar,27,13,24,0,64,0,25,72,1,98,27,38,96,1,162,86,0,86,248
08/29/2023,STS,CA,AWP,WE,Towers with Radar,18,9,19,0,46,0,14,110,0,124,18,23,129,0,170,94,0,94,264
08/30/2023,STS,CA,AWP,WE,Towers with Radar,19,10,14,0,43,0,10,72,0,82,19,20,86,0,125,136,0,136,261
08/31/2023,STS,CA,AWP,WE,Towers with Radar,28,16,24,0,68,0,25,106,0,131,28,41,130,0,199,92,0,92,291
