01/01/2020,STT,VI,ASO,ES,Towers with Radar,26,20,11,0,57,0,42,18,0,60,26,62,29,0,117,0,0,0,117
01/02/2020,STT,VI,ASO,ES,Towers with Radar,28,27,13,0,68,0,60,42,4,106,28,87,55,4,174,0,0,0,174
01/03/2020,STT,VI,ASO,ES,Towers with Radar,27,42,10,0,79,0,69,37,0,106,27,111,47,0,185,0,0,0,185
01/04/2020,STT,VI,ASO,ES,Towers with Radar,37,28,21,0,86,0,57,60,0,117,37,85,81,0,203,14,0,14,217
01/05/2020,STT,VI,ASO,ES,Towers with Radar,28,19,23,0,70,0,51,47,0,98,28,70,70,0,168,0,0,0,168
01/06/2020,STT,VI,ASO,ES,Towers with Radar,26,26,8,0,60,0,66,42,0,108,26,92,50,0,168,0,0,0,168
01/07/2020,STT,VI,ASO,ES,Towers with Radar,22,21,9,0,52,0,62,28,0,90,22,83,37,0,142,0,0,0,142
01/08/2020,STT,VI,ASO,ES,Towers with Radar,22,23,5,0,50,0,57,20,2,79,22,80,25,2,129,0,0,0,129
01/09/2020,STT,VI,ASO,ES,Towers with Radar,29,26,7,0,62,0,41,47,0,88,29,67,54,0,150,26,0,26,176
01/10/2020,STT,VI,ASO,ES,Towers with Radar,27,30,3,0,60,0,64,29,0,93,27,94,32,0,153,0,0,0,153
01/11/2020,STT,VI,ASO,ES,Towers with Radar,40,18,4,0,62,0,51,33,0,84,40,69,37,0,146,0,0,0,146
01/12/2020,STT,VI,ASO,ES,Towers with Radar,28,21,5,0,54,0,57,32,0,89,28,78,37,0,143,0,0,0,143
01/13/2020,STT,VI,ASO,ES,Towers with Radar,29,25,11,0,65,0,53,35,0,88,29,78,46,0,153,0,0,0,153
01/14/2020,STT,VI,ASO,ES,Towers with Radar,22,23,6,0,51,0,61,27,0,88,22,84,33,0,139,14,0,14,153
01/15/2020,STT,VI,ASO,ES,Towers with Radar,22,28,3,0,53,0,56,23,3,82,22,84,26,3,135,22,0,22,157
01/16/2020,STT,VI,ASO,ES,Towers with Radar,30,26,4,0,60,0,57,95,0,152,30,83,99,0,212,0,0,0,212
01/17/2020,STT,VI,ASO,ES,Towers with Radar,26,35,16,0,77,0,71,66,1,138,26,106,82,1,215,44,0,44,259
01/18/2020,STT,VI,ASO,ES,Towers with Radar,38,14,7,0,59,0,75,39,0,114,38,89,46,0,173,24,0,24,197
01/19/2020,STT,VI,ASO,ES,Towers with Radar,28,16,9,0,53,0,62,29,0,91,28,78,38,0,144,0,0,0,144
01/20/2020,STT,VI,ASO,ES,Towers with Radar,30,25,11,0,66,0,63,51,0,114,30,88,62,0,180,0,0,0,180
01/21/2020,STT,VI,ASO,ES,Towers with Radar,23,24,5,0,52,0,71,17,0,88,23,95,22,0,140,26,0,26,166
01/22/2020,STT,VI,ASO,ES,Towers with Radar,22,18,11,0,51,0,73,21,0,94,22,91,32,0,145,22,0,22,167
01/23/2020,STT,VI,ASO,ES,Towers with Radar,30,22,7,0,59,0,64,33,0,97,30,86,40,0,156,0,0,0,156
01/24/2020,STT,VI,ASO,ES,Towers with Radar,27,45,13,0,85,0,66,47,0,113,27,111,60,0,198,0,0,0,198
01/25/2020,STT,VI,ASO,ES,Towers with Radar,33,15,9,0,57,0,50,53,0,103,33,65,62,0,160,0,0,0,160
01/26/2020,STT,VI,ASO,ES,Towers with Radar,29,14,7,0,50,0,44,21,0,65,29,58,28,0,115,0,0,0,115
01/27/2020,STT,VI,ASO,ES,Towers with Radar,27,33,4,0,64,0,72,16,1,89,27,105,20,1,153,0,0,0,153
01/28/2020,STT,VI,ASO,ES,Towers with Radar,23,28,7,0,58,0,62,27,0,89,23,90,34,0,147,0,0,0,147
01/29/2020,STT,VI,ASO,ES,Towers with Radar,22,25,5,1,53,0,62,30,0,92,22,87,35,1,145,0,6,6,151
01/30/2020,STT,VI,ASO,ES,Towers with Radar,30,30,11,0,71,0,57,28,1,86,30,87,39,1,157,2,0,2,159
01/31/2020,STT,VI,ASO,ES,Towers with Radar,28,22,6,0,56,0,68,26,0,94,28,90,32,0,150,16,0,16,166
02/01/2020,STT,VI,ASO,ES,Towers with Radar,38,16,9,0,63,0,47,44,0,91,38,63,53,0,154,26,0,26,180
02/02/2020,STT,VI,ASO,ES,Towers with Radar,28,8,6,0,42,0,51,33,1,85,28,59,39,1,127,0,0,0,127
02/03/2020,STT,VI,ASO,ES,Towers with Radar,27,24,11,0,62,0,62,31,2,95,27,86,42,2,157,56,0,56,213
02/04/2020,STT,VI,ASO,ES,Towers with Radar,22,22,5,0,49,0,48,35,0,83,22,70,40,0,132,54,0,54,186
02/05/2020,STT,VI,ASO,ES,Towers with Radar,22,27,6,1,56,0,50,37,1,88,22,77,43,2,144,1,0,1,145
02/06/2020,STT,VI,ASO,ES,Towers with Radar,28,25,11,0,64,0,55,30,0,85,28,80,41,0,149,0,0,0,149
02/07/2020,STT,VI,ASO,ES,Towers with Radar,27,35,13,0,75,0,66,41,0,107,27,101,54,0,182,0,0,0,182
02/08/2020,STT,VI,ASO,ES,Towers with Radar,38,20,6,0,64,0,47,35,0,82,38,67,41,0,146,0,0,0,146
02/09/2020,STT,VI,ASO,ES,Towers with Radar,28,15,4,0,47,0,65,37,0,102,28,80,41,0,149,4,0,4,153
02/10/2020,STT,VI,ASO,ES,Towers with Radar,44,28,8,1,81,0,87,44,1,132,44,115,52,2,213,24,0,24,237
02/11/2020,STT,VI,ASO,ES,Towers with Radar,23,19,0,0,42,0,48,26,1,75,23,67,26,1,117,0,0,0,117
02/12/2020,STT,VI,ASO,ES,Towers with Radar,22,22,5,1,50,0,57,29,0,86,22,79,34,1,136,0,2,2,138
02/13/2020,STT,VI,ASO,ES,Towers with Radar,32,25,1,0,58,0,64,26,2,92,32,89,27,2,150,12,0,12,162
02/14/2020,STT,VI,ASO,ES,Towers with Radar,29,26,12,0,67,0,86,42,0,128,29,112,54,0,195,18,0,18,213
02/15/2020,STT,VI,ASO,ES,Towers with Radar,42,17,8,0,67,0,53,28,0,81,42,70,36,0,148,12,0,12,160
02/16/2020,STT,VI,ASO,ES,Towers with Radar,29,12,5,0,46,0,52,30,0,82,29,64,35,0,128,8,0,8,136
02/17/2020,STT,VI,ASO,ES,Towers with Radar,29,23,3,0,55,0,75,38,0,113,29,98,41,0,168,12,0,12,180
02/18/2020,STT,VI,ASO,ES,Towers with Radar,27,27,12,0,66,0,79,28,0,107,27,106,40,0,173,10,0,10,183
02/19/2020,STT,VI,ASO,ES,Towers with Radar,23,24,6,0,53,0,60,30,5,95,23,84,36,5,148,0,0,0,148
02/20/2020,STT,VI,ASO,ES,Towers with Radar,33,24,7,0,64,0,73,40,3,116,33,97,47,3,180,6,0,6,186
02/21/2020,STT,VI,ASO,ES,Towers with Radar,29,31,7,0,67,0,55,33,0,88,29,86,40,0,155,42,0,42,197
02/22/2020,STT,VI,ASO,ES,Towers with Radar,39,18,14,0,71,0,49,32,0,81,39,67,46,0,152,20,0,20,172
02/23/2020,STT,VI,ASO,ES,Towers with Radar,30,11,13,0,54,0,44,32,0,76,30,55,45,0,130,2,0,2,132
02/24/2020,STT,VI,ASO,ES,Towers with Radar,29,32,9,0,70,0,69,39,2,110,29,101,48,2,180,2,0,2,182
02/25/2020,STT,VI,ASO,ES,Towers with Radar,27,38,11,1,77,0,63,17,0,80,27,101,28,1,157,6,0,6,163
02/26/2020,STT,VI,ASO,ES,Towers with Radar,26,31,4,0,61,0,51,29,0,80,26,82,33,0,141,22,0,22,163
02/27/2020,STT,VI,ASO,ES,Towers with Radar,34,26,16,0,76,0,67,37,0,104,34,93,53,0,180,0,0,0,180
02/28/2020,STT,VI,ASO,ES,Towers with Radar,28,30,10,0,68,0,69,37,2,108,28,99,47,2,176,0,0,0,176
02/29/2020,STT,VI,ASO,ES,Towers with Radar,41,18,7,0,66,0,60,29,2,91,41,78,36,2,157,2,0,2,159
03/01/2020,STT,VI,ASO,ES,Towers with Radar,30,11,9,0,50,0,60,24,0,84,30,71,33,0,134,32,0,32,166
03/02/2020,STT,VI,ASO,ES,Towers with Radar,29,24,11,0,64,0,62,22,0,84,29,86,33,0,148,16,0,16,164
03/03/2020,STT,VI,ASO,ES,Towers with Radar,28,21,5,0,54,0,52,31,0,83,28,73,36,0,137,12,0,12,149
03/04/2020,STT,VI,ASO,ES,Towers with Radar,26,25,6,0,57,0,62,30,0,92,26,87,36,0,149,8,0,8,157
03/05/2020,STT,VI,ASO,ES,Towers with Radar,30,30,7,0,67,0,61,36,0,97,30,91,43,0,164,0,0,0,164
03/06/2020,STT,VI,ASO,ES,Towers with Radar,28,28,9,0,65,0,59,25,0,84,28,87,34,0,149,0,0,0,149
03/07/2020,STT,VI,ASO,ES,Towers with Radar,40,18,3,0,61,0,52,37,0,89,40,70,40,0,150,0,0,0,150
03/08/2020,STT,VI,ASO,ES,Towers with Radar,30,18,13,0,61,0,43,33,0,76,30,61,46,0,137,18,0,18,155
03/09/2020,STT,VI,ASO,ES,Towers with Radar,30,43,4,0,77,0,54,22,0,76,30,97,26,0,153,2,0,2,155
03/10/2020,STT,VI,ASO,ES,Towers with Radar,26,26,4,0,56,0,53,20,0,73,26,79,24,0,129,0,0,0,129
03/11/2020,STT,VI,ASO,ES,Towers with Radar,27,26,8,0,61,0,62,33,0,95,27,88,41,0,156,2,0,2,158
03/12/2020,STT,VI,ASO,ES,Towers with Radar,30,26,5,0,61,0,57,35,0,92,30,83,40,0,153,0,0,0,153
03/13/2020,STT,VI,ASO,ES,Towers with Radar,27,43,7,0,77,0,76,35,0,111,27,119,42,0,188,6,0,6,194
03/14/2020,STT,VI,ASO,ES,Towers with Radar,38,28,16,0,82,0,43,37,0,80,38,71,53,0,162,2,0,2,164
03/15/2020,STT,VI,ASO,ES,Towers with Radar,30,21,6,0,57,0,61,27,0,88,30,82,33,0,145,0,0,0,145
03/16/2020,STT,VI,ASO,ES,Towers with Radar,28,31,12,0,71,0,61,26,0,87,28,92,38,0,158,0,0,0,158
03/17/2020,STT,VI,ASO,ES,Towers with Radar,30,34,9,0,73,0,42,21,0,63,30,76,30,0,136,0,0,0,136
03/18/2020,STT,VI,ASO,ES,Towers with Radar,30,26,8,0,64,0,35,22,0,57,30,61,30,0,121,0,0,0,121
03/19/2020,STT,VI,ASO,ES,Towers with Radar,34,26,11,0,71,0,40,24,0,64,34,66,35,0,135,0,0,0,135
03/20/2020,STT,VI,ASO,ES,Towers with Radar,30,37,5,0,72,0,52,17,0,69,30,89,22,0,141,0,0,0,141
03/21/2020,STT,VI,ASO,ES,Towers with Radar,38,21,9,0,68,0,32,8,0,40,38,53,17,0,108,0,0,0,108
03/22/2020,STT,VI,ASO,ES,Towers with Radar,30,14,4,0,48,0,16,14,0,30,30,30,18,0,78,0,0,0,78
03/23/2020,STT,VI,ASO,ES,Towers with Radar,24,27,3,0,54,0,16,12,0,28,24,43,15,0,82,4,0,4,86
03/24/2020,STT,VI,ASO,ES,Towers with Radar,23,28,9,0,60,0,17,9,0,26,23,45,18,0,86,0,0,0,86
03/25/2020,STT,VI,ASO,ES,Towers with Radar,12,17,1,0,30,0,28,9,0,37,12,45,10,0,67,0,0,0,67
03/26/2020,STT,VI,ASO,ES,Towers with Radar,14,22,3,0,39,0,24,19,0,43,14,46,22,0,82,8,0,8,90
03/27/2020,STT,VI,ASO,ES,Towers with Radar,10,23,2,0,35,0,24,12,0,36,10,47,14,0,71,6,0,6,77
03/28/2020,STT,VI,ASO,ES,Towers with Radar,10,10,3,0,23,0,9,7,0,16,10,19,10,0,39,0,0,0,39
03/29/2020,STT,VI,ASO,ES,Towers with Radar,10,6,0,0,16,0,15,4,0,19,10,21,4,0,35,0,0,0,35
03/30/2020,STT,VI,ASO,ES,Towers with Radar,8,16,2,0,26,0,15,5,0,20,8,31,7,0,46,0,0,0,46
03/31/2020,STT,VI,ASO,ES,Towers with Radar,8,16,4,0,28,0,21,8,0,29,8,37,12,0,57,0,0,0,57
04/01/2020,STT,VI,ASO,ES,Towers with Radar,10,13,0,0,23,0,21,13,0,34,10,34,13,0,57,2,0,2,59
04/02/2020,STT,VI,ASO,ES,Towers with Radar,10,15,4,0,29,0,20,11,0,31,10,35,15,0,60,2,0,2,62
04/03/2020,STT,VI,ASO,ES,Towers with Radar,10,16,0,0,26,0,26,14,0,40,10,42,14,0,66,0,2,2,68
04/04/2020,STT,VI,ASO,ES,Towers with Radar,8,6,3,0,17,1,12,4,0,17,9,18,7,0,34,0,0,0,34
04/05/2020,STT,VI,ASO,ES,Towers with Radar,11,8,3,0,22,0,8,3,0,11,11,16,6,0,33,12,0,12,45
04/06/2020,STT,VI,ASO,ES,Towers with Radar,6,18,0,0,24,0,13,8,0,21,6,31,8,0,45,12,0,12,57
04/07/2020,STT,VI,ASO,ES,Towers with Radar,8,21,2,0,31,0,30,17,0,47,8,51,19,0,78,12,0,12,90
04/08/2020,STT,VI,ASO,ES,Towers with Radar,6,22,1,0,29,0,18,6,0,24,6,40,7,0,53,0,0,0,53
04/09/2020,STT,VI,ASO,ES,Towers with Radar,4,15,0,0,19,0,24,12,0,36,4,39,12,0,55,22,0,22,77
04/10/2020,STT,VI,ASO,ES,Towers with Radar,6,5,0,0,11,0,12,8,0,20,6,17,8,0,31,0,0,0,31
04/11/2020,STT,VI,ASO,ES,Towers with Radar,8,2,0,0,10,0,17,0,0,17,8,19,0,0,27,0,0,0,27
04/12/2020,STT,VI,ASO,ES,Towers with Radar,8,3,1,0,12,0,10,4,0,14,8,13,5,0,26,6,0,6,32
04/13/2020,STT,VI,ASO,ES,Towers with Radar,4,15,7,0,26,0,15,4,0,19,4,30,11,0,45,0,0,0,45
04/14/2020,STT,VI,ASO,ES,Towers with Radar,4,6,0,0,10,0,16,15,0,31,4,22,15,0,41,12,0,12,53
04/15/2020,STT,VI,ASO,ES,Towers with Radar,4,9,1,0,14,0,20,8,0,28,4,29,9,0,42,0,0,0,42
04/16/2020,STT,VI,ASO,ES,Towers with Radar,4,11,1,0,16,0,22,8,0,30,4,33,9,0,46,10,0,10,56
04/17/2020,STT,VI,ASO,ES,Towers with Radar,2,10,3,0,15,0,30,18,0,48,2,40,21,0,63,22,0,22,85
04/18/2020,STT,VI,ASO,ES,Towers with Radar,4,5,5,0,14,0,11,4,0,15,4,16,9,0,29,18,0,18,47
04/19/2020,STT,VI,ASO,ES,Towers with Radar,4,5,5,0,14,0,12,8,0,20,4,17,13,0,34,0,0,0,34
04/20/2020,STT,VI,ASO,ES,Towers with Radar,4,13,0,0,17,0,19,14,0,33,4,32,14,0,50,9,0,9,59
04/21/2020,STT,VI,ASO,ES,Towers with Radar,2,10,0,0,12,0,17,20,0,37,2,27,20,0,49,40,0,40,89
04/22/2020,STT,VI,ASO,ES,Towers with Radar,4,10,2,0,16,0,15,16,1,32,4,25,18,1,48,12,0,12,60
04/23/2020,STT,VI,ASO,ES,Towers with Radar,4,14,1,0,19,0,17,10,2,29,4,31,11,2,48,34,0,34,82
04/24/2020,STT,VI,ASO,ES,Towers with Radar,4,13,3,0,20,0,20,17,0,37,4,33,20,0,57,18,0,18,75
04/25/2020,STT,VI,ASO,ES,Towers with Radar,6,7,2,0,15,0,12,8,0,20,6,19,10,0,35,2,0,2,37
04/26/2020,STT,VI,ASO,ES,Towers with Radar,6,2,1,0,9,0,16,4,0,20,6,18,5,0,29,0,0,0,29
04/27/2020,STT,VI,ASO,ES,Towers with Radar,2,12,2,0,16,0,17,10,0,27,2,29,12,0,43,8,0,8,51
04/28/2020,STT,VI,ASO,ES,Towers with Radar,4,9,2,0,15,0,21,9,4,34,4,30,11,4,49,0,0,0,49
04/29/2020,STT,VI,ASO,ES,Towers with Radar,4,10,7,0,21,0,20,20,0,40,4,30,27,0,61,14,0,14,75
04/30/2020,STT,VI,ASO,ES,Towers with Radar,4,15,0,0,19,0,25,14,0,39,4,40,14,0,58,28,0,28,86
05/01/2020,STT,VI,ASO,ES,Towers with Radar,4,10,6,0,20,0,23,14,2,39,4,33,20,2,59,22,0,22,81
05/02/2020,STT,VI,ASO,ES,Towers with Radar,8,4,5,0,17,0,16,11,0,27,8,20,16,0,44,10,0,10,54
05/03/2020,STT,VI,ASO,ES,Towers with Radar,4,1,0,0,5,0,21,9,0,30,4,22,9,0,35,14,0,14,49
05/04/2020,STT,VI,ASO,ES,Towers with Radar,6,15,6,0,27,0,16,17,0,33,6,31,23,0,60,34,0,34,94
05/05/2020,STT,VI,ASO,ES,Towers with Radar,3,13,2,0,18,0,21,21,4,46,3,34,23,4,64,7,0,7,71
05/06/2020,STT,VI,ASO,ES,Towers with Radar,0,17,2,0,19,0,21,22,0,43,0,38,24,0,62,26,0,26,88
05/07/2020,STT,VI,ASO,ES,Towers with Radar,5,21,12,1,39,0,18,8,0,26,5,39,20,1,65,0,0,0,65
05/08/2020,STT,VI,ASO,ES,Towers with Radar,8,19,2,0,29,0,24,12,0,36,8,43,14,0,65,6,0,6,71
05/09/2020,STT,VI,ASO,ES,Towers with Radar,13,4,0,0,17,0,15,17,0,32,13,19,17,0,49,0,0,0,49
05/10/2020,STT,VI,ASO,ES,Towers with Radar,8,3,3,0,14,0,19,0,0,19,8,22,3,0,33,0,0,0,33
05/11/2020,STT,VI,ASO,ES,Towers with Radar,6,18,3,0,27,0,16,20,0,36,6,34,23,0,63,4,0,4,67
05/12/2020,STT,VI,ASO,ES,Towers with Radar,2,14,7,0,23,0,27,20,0,47,2,41,27,0,70,12,0,12,82
05/13/2020,STT,VI,ASO,ES,Towers with Radar,2,13,3,0,18,0,24,12,0,36,2,37,15,0,54,0,0,0,54
05/14/2020,STT,VI,ASO,ES,Towers with Radar,4,19,2,0,25,0,21,16,0,37,4,40,18,0,62,0,0,0,62
05/15/2020,STT,VI,ASO,ES,Towers with Radar,8,19,3,0,30,0,23,14,0,37,8,42,17,0,67,2,0,2,69
05/16/2020,STT,VI,ASO,ES,Towers with Radar,13,4,4,0,21,0,16,14,0,30,13,20,18,0,51,16,0,16,67
05/17/2020,STT,VI,ASO,ES,Towers with Radar,8,3,2,0,13,0,17,10,1,28,8,20,12,1,41,2,0,2,43
05/18/2020,STT,VI,ASO,ES,Towers with Radar,6,15,2,0,23,0,16,22,0,38,6,31,24,0,61,0,0,0,61
05/19/2020,STT,VI,ASO,ES,Towers with Radar,2,16,4,0,22,0,25,19,0,44,2,41,23,0,66,28,0,28,94
05/20/2020,STT,VI,ASO,ES,Towers with Radar,2,17,4,0,23,0,29,15,0,44,2,46,19,0,67,46,0,46,113
05/21/2020,STT,VI,ASO,ES,Towers with Radar,3,22,4,0,29,0,21,13,0,34,3,43,17,0,63,26,0,26,89
05/22/2020,STT,VI,ASO,ES,Towers with Radar,8,22,2,0,32,0,32,10,0,42,8,54,12,0,74,0,0,0,74
05/23/2020,STT,VI,ASO,ES,Towers with Radar,12,5,6,0,23,0,27,17,0,44,12,32,23,0,67,16,0,16,83
05/24/2020,STT,VI,ASO,ES,Towers with Radar,8,6,7,0,21,0,18,10,0,28,8,24,17,0,49,22,0,22,71
05/25/2020,STT,VI,ASO,ES,Towers with Radar,6,8,2,0,16,0,21,18,0,39,6,29,20,0,55,24,0,24,79
05/26/2020,STT,VI,ASO,ES,Towers with Radar,2,13,5,0,20,0,41,26,0,67,2,54,31,0,87,6,0,6,93
05/27/2020,STT,VI,ASO,ES,Towers with Radar,2,17,6,0,25,0,35,12,0,47,2,52,18,0,72,20,0,20,92
05/28/2020,STT,VI,ASO,ES,Towers with Radar,4,25,10,0,39,0,27,9,0,36,4,52,19,0,75,0,0,0,75
05/29/2020,STT,VI,ASO,ES,Towers with Radar,8,16,2,0,26,0,36,17,0,53,8,52,19,0,79,24,0,24,103
05/30/2020,STT,VI,ASO,ES,Towers with Radar,13,6,13,0,32,0,29,8,0,37,13,35,21,0,69,14,0,14,83
05/31/2020,STT,VI,ASO,ES,Towers with Radar,8,8,10,0,26,0,32,12,0,44,8,40,22,0,70,4,0,4,74
06/01/2020,STT,VI,ASO,ES,Towers with Radar,8,17,8,0,33,0,27,14,0,41,8,44,22,0,74,32,0,32,106
06/02/2020,STT,VI,ASO,ES,Towers with Radar,2,23,8,0,33,0,43,20,0,63,2,66,28,0,96,34,0,34,130
06/03/2020,STT,VI,ASO,ES,Towers with Radar,4,16,5,0,25,0,53,25,0,78,4,69,30,0,103,48,0,48,151
06/04/2020,STT,VI,ASO,ES,Towers with Radar,6,22,8,2,38,0,48,32,0,80,6,70,40,2,118,8,0,8,126
06/05/2020,STT,VI,ASO,ES,Towers with Radar,14,19,4,0,37,0,44,28,0,72,14,63,32,0,109,24,0,24,133
06/06/2020,STT,VI,ASO,ES,Towers with Radar,16,13,7,0,36,0,40,29,0,69,16,53,36,0,105,19,0,19,124
06/07/2020,STT,VI,ASO,ES,Towers with Radar,12,5,13,0,30,0,25,17,0,42,12,30,30,0,72,0,0,0,72
06/08/2020,STT,VI,ASO,ES,Towers with Radar,10,14,4,0,28,0,35,28,0,63,10,49,32,0,91,88,0,88,179
06/09/2020,STT,VI,ASO,ES,Towers with Radar,6,15,7,0,28,0,36,27,0,63,6,51,34,0,91,64,0,64,155
06/10/2020,STT,VI,ASO,ES,Towers with Radar,5,16,4,0,25,0,55,18,0,73,5,71,22,0,98,56,2,58,156
06/11/2020,STT,VI,ASO,ES,Towers with Radar,6,23,5,0,34,0,39,19,0,58,6,62,24,0,92,16,0,16,108
06/12/2020,STT,VI,ASO,ES,Towers with Radar,10,20,4,0,34,0,46,23,0,69,10,66,27,0,103,38,0,38,141
06/13/2020,STT,VI,ASO,ES,Towers with Radar,18,8,11,0,37,0,46,16,0,62,18,54,27,0,99,24,0,24,123
06/14/2020,STT,VI,ASO,ES,Towers with Radar,10,4,10,0,24,0,51,11,0,62,10,55,21,0,86,0,0,0,86
06/15/2020,STT,VI,ASO,ES,Towers with Radar,8,17,12,0,37,0,41,21,0,62,8,58,33,0,99,10,0,10,109
06/16/2020,STT,VI,ASO,ES,Towers with Radar,5,13,5,0,23,0,48,20,0,68,5,61,25,0,91,30,0,30,121
06/17/2020,STT,VI,ASO,ES,Towers with Radar,4,13,3,1,21,0,56,22,0,78,4,69,25,1,99,14,2,16,115
06/18/2020,STT,VI,ASO,ES,Towers with Radar,6,18,7,1,32,0,64,40,1,105,6,82,47,2,137,20,2,22,159
06/19/2020,STT,VI,ASO,ES,Towers with Radar,10,18,14,0,42,0,75,21,0,96,10,93,35,0,138,66,0,66,204
06/20/2020,STT,VI,ASO,ES,Towers with Radar,18,6,10,0,34,0,51,23,0,74,18,57,33,0,108,22,0,22,130
06/21/2020,STT,VI,ASO,ES,Towers with Radar,10,9,11,0,30,0,50,25,0,75,10,59,36,0,105,18,0,18,123
06/22/2020,STT,VI,ASO,ES,Towers with Radar,8,26,13,0,47,0,52,28,0,80,8,78,41,0,127,4,0,4,131
06/23/2020,STT,VI,ASO,ES,Towers with Radar,6,34,18,0,58,0,21,5,0,26,6,55,23,0,84,0,0,0,84
06/24/2020,STT,VI,ASO,ES,Towers with Radar,4,20,5,0,29,0,40,17,0,57,4,60,22,0,86,0,0,0,86
06/25/2020,STT,VI,ASO,ES,Towers with Radar,6,17,6,0,29,0,52,33,0,85,6,69,39,0,114,32,0,32,146
06/26/2020,STT,VI,ASO,ES,Towers with Radar,12,20,9,0,41,0,63,21,0,84,12,83,30,0,125,51,0,51,176
06/27/2020,STT,VI,ASO,ES,Towers with Radar,18,9,9,0,36,0,44,11,0,55,18,53,20,0,91,10,0,10,101
06/28/2020,STT,VI,ASO,ES,Towers with Radar,12,5,4,0,21,0,50,19,0,69,12,55,23,0,90,28,0,28,118
06/29/2020,STT,VI,ASO,ES,Towers with Radar,8,17,19,0,44,0,45,23,0,68,8,62,42,0,112,32,0,32,144
06/30/2020,STT,VI,ASO,ES,Towers with Radar,5,13,10,0,28,0,42,21,2,65,5,55,31,2,93,4,0,4,97
07/01/2020,STT,VI,ASO,ES,Towers with Radar,14,11,13,0,38,0,51,26,0,77,14,62,39,0,115,0,0,0,115
07/02/2020,STT,VI,ASO,ES,Towers with Radar,19,20,13,0,52,0,50,34,0,84,19,70,47,0,136,50,0,50,186
07/03/2020,STT,VI,ASO,ES,Towers with Radar,24,11,9,0,44,0,46,32,0,78,24,57,41,0,122,48,0,48,170
07/04/2020,STT,VI,ASO,ES,Towers with Radar,22,4,3,0,29,0,42,13,0,55,22,46,16,0,84,12,0,12,96
07/05/2020,STT,VI,ASO,ES,Towers with Radar,22,3,9,0,34,0,40,16,0,56,22,43,25,0,90,30,0,30,120
07/06/2020,STT,VI,ASO,ES,Towers with Radar,16,16,16,1,49,0,48,13,0,61,16,64,29,1,110,26,0,26,136
07/07/2020,STT,VI,ASO,ES,Towers with Radar,16,23,15,0,54,0,45,13,0,58,16,68,28,0,112,2,0,2,114
07/08/2020,STT,VI,ASO,ES,Towers with Radar,15,15,5,0,35,0,48,15,0,63,15,63,20,0,98,0,0,0,98
07/09/2020,STT,VI,ASO,ES,Towers with Radar,18,18,8,0,44,0,44,25,0,69,18,62,33,0,113,16,0,16,129
07/10/2020,STT,VI,ASO,ES,Towers with Radar,22,18,11,0,51,0,50,21,0,71,22,68,32,0,122,44,0,44,166
07/11/2020,STT,VI,ASO,ES,Towers with Radar,24,7,10,0,41,0,48,21,0,69,24,55,31,0,110,0,0,0,110
07/12/2020,STT,VI,ASO,ES,Towers with Radar,24,7,4,0,35,0,42,10,0,52,24,49,14,0,87,12,0,12,99
07/13/2020,STT,VI,ASO,ES,Towers with Radar,22,16,7,0,45,0,47,15,0,62,22,63,22,0,107,2,0,2,109
07/14/2020,STT,VI,ASO,ES,Towers with Radar,17,17,3,0,37,0,40,17,0,57,17,57,20,0,94,0,0,0,94
07/15/2020,STT,VI,ASO,ES,Towers with Radar,16,17,3,0,36,0,42,26,0,68,16,59,29,0,104,6,0,6,110
07/16/2020,STT,VI,ASO,ES,Towers with Radar,19,23,11,0,53,0,45,23,0,68,19,68,34,0,121,20,0,20,141
07/17/2020,STT,VI,ASO,ES,Towers with Radar,25,19,3,0,47,0,70,27,0,97,25,89,30,0,144,10,0,10,154
07/18/2020,STT,VI,ASO,ES,Towers with Radar,26,10,3,0,39,0,43,18,0,61,26,53,21,0,100,0,0,0,100
07/19/2020,STT,VI,ASO,ES,Towers with Radar,24,4,4,0,32,0,47,14,0,61,24,51,18,0,93,26,0,26,119
07/20/2020,STT,VI,ASO,ES,Towers with Radar,22,17,4,0,43,0,47,18,0,65,22,64,22,0,108,6,0,6,114
07/21/2020,STT,VI,ASO,ES,Towers with Radar,16,18,3,0,37,0,46,27,0,73,16,64,30,0,110,0,0,0,110
07/22/2020,STT,VI,ASO,ES,Towers with Radar,18,20,6,0,44,0,40,21,0,61,18,60,27,0,105,8,0,8,113
07/23/2020,STT,VI,ASO,ES,Towers with Radar,18,26,20,0,64,0,38,16,0,54,18,64,36,0,118,18,0,18,136
07/24/2020,STT,VI,ASO,ES,Towers with Radar,24,22,9,0,55,0,47,21,2,70,24,69,30,2,125,4,0,4,129
07/25/2020,STT,VI,ASO,ES,Towers with Radar,24,14,3,0,41,0,39,15,0,54,24,53,18,0,95,0,0,0,95
07/26/2020,STT,VI,ASO,ES,Towers with Radar,24,7,3,0,34,0,33,14,0,47,24,40,17,0,81,0,0,0,81
07/27/2020,STT,VI,ASO,ES,Towers with Radar,22,20,7,0,49,0,50,16,1,67,22,70,23,1,116,0,0,0,116
07/28/2020,STT,VI,ASO,ES,Towers with Radar,17,15,9,0,41,0,45,18,0,63,17,60,27,0,104,0,0,0,104
07/29/2020,STT,VI,ASO,ES,Towers with Radar,14,2,1,0,17,0,9,8,0,17,14,11,9,0,34,0,0,0,34
07/30/2020,STT,VI,ASO,ES,Towers with Radar,20,23,5,0,48,0,22,6,0,28,20,45,11,0,76,0,0,0,76
07/31/2020,STT,VI,ASO,ES,Towers with Radar,24,25,5,0,54,0,49,28,0,77,24,74,33,0,131,0,0,0,131
08/01/2020,STT,VI,ASO,ES,Towers with Radar,28,13,10,0,51,0,39,21,0,60,28,52,31,0,111,6,0,6,117
08/02/2020,STT,VI,ASO,ES,Towers with Radar,26,1,12,0,39,0,43,3,0,46,26,44,15,0,85,0,0,0,85
08/03/2020,STT,VI,ASO,ES,Towers with Radar,26,23,11,0,60,0,45,25,0,70,26,68,36,0,130,19,0,19,149
08/04/2020,STT,VI,ASO,ES,Towers with Radar,21,17,4,0,42,0,41,26,3,70,21,58,30,3,112,5,0,5,117
08/05/2020,STT,VI,ASO,ES,Towers with Radar,20,22,10,0,52,0,52,26,0,78,20,74,36,0,130,8,0,8,138
08/06/2020,STT,VI,ASO,ES,Towers with Radar,24,15,7,0,46,0,61,64,0,125,24,76,71,0,171,0,0,0,171
08/07/2020,STT,VI,ASO,ES,Towers with Radar,24,19,1,0,44,0,59,30,0,89,24,78,31,0,133,10,0,10,143
08/08/2020,STT,VI,ASO,ES,Towers with Radar,28,11,8,0,47,0,45,19,0,64,28,56,27,0,111,0,0,0,111
08/09/2020,STT,VI,ASO,ES,Towers with Radar,25,8,7,0,40,0,42,15,0,57,25,50,22,0,97,0,0,0,97
08/10/2020,STT,VI,ASO,ES,Towers with Radar,24,15,6,0,45,0,59,14,0,73,24,74,20,0,118,0,0,0,118
08/11/2020,STT,VI,ASO,ES,Towers with Radar,23,17,3,0,43,0,47,16,0,63,23,64,19,0,106,18,0,18,124
08/12/2020,STT,VI,ASO,ES,Towers with Radar,20,13,4,0,37,0,55,7,2,64,20,68,11,2,101,0,0,0,101
08/13/2020,STT,VI,ASO,ES,Towers with Radar,22,16,13,0,51,0,49,18,0,67,22,65,31,0,118,42,0,42,160
08/14/2020,STT,VI,ASO,ES,Towers with Radar,23,21,4,0,48,0,54,26,2,82,23,75,30,2,130,18,0,18,148
08/15/2020,STT,VI,ASO,ES,Towers with Radar,27,11,9,0,47,0,42,9,0,51,27,53,18,0,98,0,0,0,98
08/16/2020,STT,VI,ASO,ES,Towers with Radar,25,17,6,0,48,0,37,15,0,52,25,54,21,0,100,0,0,0,100
08/17/2020,STT,VI,ASO,ES,Towers with Radar,24,22,6,0,52,0,46,12,0,58,24,68,18,0,110,0,0,0,110
08/18/2020,STT,VI,ASO,ES,Towers with Radar,19,13,2,0,34,0,38,19,0,57,19,51,21,0,91,0,0,0,91
08/19/2020,STT,VI,ASO,ES,Towers with Radar,17,12,0,2,31,0,41,5,0,46,17,53,5,2,77,20,0,20,97
08/20/2020,STT,VI,ASO,ES,Towers with Radar,20,21,3,0,44,0,55,7,1,63,20,76,10,1,107,0,0,0,107
08/21/2020,STT,VI,ASO,ES,Towers with Radar,20,20,7,0,47,0,44,12,0,56,20,64,19,0,103,0,0,0,103
08/22/2020,STT,VI,ASO,ES,Towers with Radar,20,1,1,0,22,0,0,0,0,0,20,1,1,0,22,0,0,0,22
08/23/2020,STT,VI,ASO,ES,Towers with Radar,18,7,2,0,27,0,40,5,0,45,18,47,7,0,72,0,0,0,72
08/24/2020,STT,VI,ASO,ES,Towers with Radar,16,27,5,0,48,0,36,16,0,52,16,63,21,0,100,4,0,4,104
08/25/2020,STT,VI,ASO,ES,Towers with Radar,16,14,3,0,33,0,31,27,0,58,16,45,30,0,91,4,0,4,95
08/26/2020,STT,VI,ASO,ES,Towers with Radar,11,13,7,0,31,0,36,13,0,49,11,49,20,0,80,4,0,4,84
08/27/2020,STT,VI,ASO,ES,Towers with Radar,16,23,8,0,47,0,34,12,0,46,16,57,20,0,93,8,0,8,101
08/28/2020,STT,VI,ASO,ES,Towers with Radar,16,21,6,0,43,0,47,19,0,66,16,68,25,0,109,4,0,4,113
08/29/2020,STT,VI,ASO,ES,Towers with Radar,18,6,2,0,26,0,24,12,0,36,18,30,14,0,62,12,0,12,74
08/30/2020,STT,VI,ASO,ES,Towers with Radar,18,8,11,0,37,0,21,4,0,25,18,29,15,0,62,0,0,0,62
08/31/2020,STT,VI,ASO,ES,Towers with Radar,14,19,1,0,34,0,37,7,0,44,14,56,8,0,78,16,0,16,94
09/01/2020,STT,VI,ASO,ES,Towers with Radar,10,21,1,0,32,0,28,6,2,36,10,49,7,2,68,18,0,18,86
09/02/2020,STT,VI,ASO,ES,Towers with Radar,9,18,5,0,32,0,38,20,0,58,9,56,25,0,90,25,0,25,115
09/03/2020,STT,VI,ASO,ES,Towers with Radar,15,17,1,0,33,0,46,11,0,57,15,63,12,0,90,22,0,22,112
09/04/2020,STT,VI,ASO,ES,Towers with Radar,12,16,4,0,32,0,44,15,0,59,12,60,19,0,91,26,0,26,117
09/05/2020,STT,VI,ASO,ES,Towers with Radar,14,10,1,0,25,0,30,23,0,53,14,40,24,0,78,36,0,36,114
09/06/2020,STT,VI,ASO,ES,Towers with Radar,13,3,2,0,18,0,36,7,0,43,13,39,9,0,61,0,0,0,61
09/07/2020,STT,VI,ASO,ES,Towers with Radar,8,9,3,0,20,0,33,13,0,46,8,42,16,0,66,12,0,12,78
09/08/2020,STT,VI,ASO,ES,Towers with Radar,6,14,6,0,26,0,33,14,0,47,6,47,20,0,73,22,0,22,95
09/09/2020,STT,VI,ASO,ES,Towers with Radar,8,14,2,4,28,0,40,13,0,53,8,54,15,4,81,18,4,22,103
09/10/2020,STT,VI,ASO,ES,Towers with Radar,14,19,6,0,39,0,37,16,0,53,14,56,22,0,92,0,0,0,92
09/11/2020,STT,VI,ASO,ES,Towers with Radar,8,20,0,0,28,0,36,0,0,36,8,56,0,0,64,8,4,12,76
09/12/2020,STT,VI,ASO,ES,Towers with Radar,12,6,1,0,19,0,25,9,0,34,12,31,10,0,53,20,0,20,73
09/13/2020,STT,VI,ASO,ES,Towers with Radar,12,4,1,0,17,0,36,5,0,41,12,40,6,0,58,6,0,6,64
09/14/2020,STT,VI,ASO,ES,Towers with Radar,12,15,4,0,31,0,34,17,0,51,12,49,21,0,82,0,0,0,82
09/15/2020,STT,VI,ASO,ES,Towers with Radar,8,18,0,0,26,0,31,15,0,46,8,49,15,0,72,21,0,21,93
09/16/2020,STT,VI,ASO,ES,Towers with Radar,9,16,2,4,31,0,42,12,0,54,9,58,14,4,85,0,0,0,85
09/17/2020,STT,VI,ASO,ES,Towers with Radar,12,16,0,0,28,0,43,0,0,43,12,59,0,0,71,8,0,8,79
09/18/2020,STT,VI,ASO,ES,Towers with Radar,8,20,0,0,28,0,42,0,0,42,8,62,0,0,70,16,0,16,86
09/19/2020,STT,VI,ASO,ES,Towers with Radar,12,6,3,0,21,0,34,4,0,38,12,40,7,0,59,0,0,0,59
09/20/2020,STT,VI,ASO,ES,Towers with Radar,12,0,4,0,16,0,36,12,0,48,12,36,16,0,64,0,2,2,66
09/21/2020,STT,VI,ASO,ES,Towers with Radar,12,15,3,0,30,0,34,17,0,51,12,49,20,0,81,30,0,30,111
09/22/2020,STT,VI,ASO,ES,Towers with Radar,7,18,2,0,27,0,27,10,0,37,7,45,12,0,64,12,0,12,76
09/23/2020,STT,VI,ASO,ES,Towers with Radar,8,19,5,0,32,0,36,15,0,51,8,55,20,0,83,0,0,0,83
09/24/2020,STT,VI,ASO,ES,Towers with Radar,12,20,1,0,33,0,37,15,0,52,12,57,16,0,85,8,0,8,93
09/25/2020,STT,VI,ASO,ES,Towers with Radar,9,19,1,0,29,0,39,25,1,65,9,58,26,1,94,28,0,28,122
09/26/2020,STT,VI,ASO,ES,Towers with Radar,12,7,1,0,20,0,26,14,0,40,12,33,15,0,60,18,0,18,78
09/27/2020,STT,VI,ASO,ES,Towers with Radar,12,2,3,0,17,0,27,15,0,42,12,29,18,0,59,6,0,6,65
09/28/2020,STT,VI,ASO,ES,Towers with Radar,12,20,1,0,33,0,35,19,0,54,12,55,20,0,87,56,0,56,143
09/29/2020,STT,VI,ASO,ES,Towers with Radar,6,12,2,0,20,0,42,18,0,60,6,54,20,0,80,6,0,6,86
09/30/2020,STT,VI,ASO,ES,Towers with Radar,8,15,0,0,23,0,41,0,0,41,8,56,0,0,64,22,0,22,86
10/01/2020,STT,VI,ASO,ES,Towers with Radar,22,25,5,0,52,0,42,25,0,67,22,67,30,0,119,0,0,0,119
10/02/2020,STT,VI,ASO,ES,Towers with Radar,16,24,7,0,47,0,50,17,0,67,16,74,24,0,114,0,0,0,114
10/03/2020,STT,VI,ASO,ES,Towers with Radar,21,8,4,0,33,0,32,16,0,48,21,40,20,0,81,0,0,0,81
10/04/2020,STT,VI,ASO,ES,Towers with Radar,20,10,5,0,35,0,34,6,0,40,20,44,11,0,75,0,0,0,75
10/05/2020,STT,VI,ASO,ES,Towers with Radar,14,19,0,0,33,0,40,15,0,55,14,59,15,0,88,7,0,7,95
10/06/2020,STT,VI,ASO,ES,Towers with Radar,11,17,5,0,33,0,41,14,0,55,11,58,19,0,88,7,0,7,95
10/07/2020,STT,VI,ASO,ES,Towers with Radar,12,15,2,0,29,0,46,9,0,55,12,61,11,0,84,0,0,0,84
10/08/2020,STT,VI,ASO,ES,Towers with Radar,24,16,7,0,47,0,50,25,0,75,24,66,32,0,122,12,0,12,134
10/09/2020,STT,VI,ASO,ES,Towers with Radar,20,15,3,0,38,0,61,3,2,66,20,76,6,2,104,4,0,4,108
10/10/2020,STT,VI,ASO,ES,Towers with Radar,22,14,4,0,40,0,36,5,0,41,22,50,9,0,81,20,0,20,101
10/11/2020,STT,VI,ASO,ES,Towers with Radar,24,7,1,0,32,0,36,13,0,49,24,43,14,0,81,0,0,0,81
10/12/2020,STT,VI,ASO,ES,Towers with Radar,16,12,11,0,39,0,44,7,0,51,16,56,18,0,90,18,0,18,108
10/13/2020,STT,VI,ASO,ES,Towers with Radar,12,18,7,0,37,0,39,20,0,59,12,57,27,0,96,30,0,30,126
10/14/2020,STT,VI,ASO,ES,Towers with Radar,14,17,5,0,36,0,44,8,2,54,14,61,13,2,90,0,0,0,90
10/15/2020,STT,VI,ASO,ES,Towers with Radar,25,19,6,0,50,0,47,24,0,71,25,66,30,0,121,0,0,0,121
10/16/2020,STT,VI,ASO,ES,Towers with Radar,18,26,13,0,57,0,37,12,0,49,18,63,25,0,106,0,0,0,106
10/17/2020,STT,VI,ASO,ES,Towers with Radar,23,7,0,0,30,0,42,0,0,42,23,49,0,0,72,0,0,0,72
10/18/2020,STT,VI,ASO,ES,Towers with Radar,24,12,7,0,43,0,34,12,0,46,24,46,19,0,89,4,0,4,93
10/19/2020,STT,VI,ASO,ES,Towers with Radar,14,20,1,0,35,0,50,11,0,61,14,70,12,0,96,4,0,4,100
10/20/2020,STT,VI,ASO,ES,Towers with Radar,11,15,3,0,29,0,48,11,0,59,11,63,14,0,88,0,0,0,88
10/21/2020,STT,VI,ASO,ES,Towers with Radar,12,17,5,0,34,0,51,15,0,66,12,68,20,0,100,2,0,2,102
10/22/2020,STT,VI,ASO,ES,Towers with Radar,22,18,4,0,44,0,44,24,0,68,22,62,28,0,112,28,0,28,140
10/23/2020,STT,VI,ASO,ES,Towers with Radar,19,18,3,0,40,0,53,27,0,80,19,71,30,0,120,0,0,0,120
10/24/2020,STT,VI,ASO,ES,Towers with Radar,21,11,3,0,35,0,43,11,0,54,21,54,14,0,89,0,0,0,89
10/25/2020,STT,VI,ASO,ES,Towers with Radar,25,5,5,0,35,0,43,11,0,54,25,48,16,0,89,6,0,6,95
10/26/2020,STT,VI,ASO,ES,Towers with Radar,13,19,3,0,35,0,48,14,0,62,13,67,17,0,97,0,0,0,97
10/27/2020,STT,VI,ASO,ES,Towers with Radar,9,20,2,0,31,0,36,12,0,48,9,56,14,0,79,2,0,2,81
10/28/2020,STT,VI,ASO,ES,Towers with Radar,13,22,3,0,38,0,44,12,0,56,13,66,15,0,94,18,0,18,112
10/29/2020,STT,VI,ASO,ES,Towers with Radar,22,30,2,0,54,0,36,14,0,50,22,66,16,0,104,0,0,0,104
10/30/2020,STT,VI,ASO,ES,Towers with Radar,18,25,3,0,46,0,51,20,2,73,18,76,23,2,119,18,0,18,137
10/31/2020,STT,VI,ASO,ES,Towers with Radar,20,10,7,0,37,0,41,18,0,59,20,51,25,0,96,8,0,8,104
11/01/2020,STT,VI,ASO,ES,Towers with Radar,22,6,5,0,33,0,39,13,0,52,22,45,18,0,85,0,0,0,85
11/02/2020,STT,VI,ASO,ES,Towers with Radar,15,19,1,0,35,0,49,12,2,63,15,68,13,2,98,26,0,26,124
11/03/2020,STT,VI,ASO,ES,Towers with Radar,14,24,4,0,42,0,34,16,0,50,14,58,20,0,92,6,0,6,98
11/04/2020,STT,VI,ASO,ES,Towers with Radar,15,20,9,1,45,0,53,13,1,67,15,73,22,2,112,13,0,13,125
11/05/2020,STT,VI,ASO,ES,Towers with Radar,26,23,4,0,53,0,44,13,1,58,26,67,17,1,111,22,0,22,133
11/06/2020,STT,VI,ASO,ES,Towers with Radar,22,27,3,0,52,0,43,26,0,69,22,70,29,0,121,0,0,0,121
11/07/2020,STT,VI,ASO,ES,Towers with Radar,38,9,8,0,55,0,38,19,0,57,38,47,27,0,112,24,0,24,136
11/08/2020,STT,VI,ASO,ES,Towers with Radar,28,11,7,0,46,0,34,19,0,53,28,45,26,0,99,28,0,28,127
11/09/2020,STT,VI,ASO,ES,Towers with Radar,22,20,7,2,51,0,47,15,4,66,22,67,22,6,117,16,0,16,133
11/10/2020,STT,VI,ASO,ES,Towers with Radar,13,51,10,0,74,0,15,3,0,18,13,66,13,0,92,0,0,0,92
11/11/2020,STT,VI,ASO,ES,Towers with Radar,16,39,11,3,69,0,16,3,0,19,16,55,14,3,88,0,0,0,88
11/12/2020,STT,VI,ASO,ES,Towers with Radar,26,27,6,0,59,0,58,23,0,81,26,85,29,0,140,0,0,0,140
11/13/2020,STT,VI,ASO,ES,Towers with Radar,22,27,3,0,52,0,43,30,0,73,22,70,33,0,125,0,0,0,125
11/14/2020,STT,VI,ASO,ES,Towers with Radar,36,14,11,0,61,0,37,20,0,57,36,51,31,0,118,18,0,18,136
11/15/2020,STT,VI,ASO,ES,Towers with Radar,27,8,2,0,37,0,42,17,0,59,27,50,19,0,96,2,0,2,98
11/16/2020,STT,VI,ASO,ES,Towers with Radar,22,16,5,0,43,0,52,26,2,80,22,68,31,2,123,14,0,14,137
11/17/2020,STT,VI,ASO,ES,Towers with Radar,14,20,7,0,41,0,47,13,0,60,14,67,20,0,101,20,0,20,121
11/18/2020,STT,VI,ASO,ES,Towers with Radar,20,18,4,0,42,0,49,11,0,60,20,67,15,0,102,24,0,24,126
11/19/2020,STT,VI,ASO,ES,Towers with Radar,26,25,6,0,57,0,41,29,0,70,26,66,35,0,127,24,0,24,151
11/20/2020,STT,VI,ASO,ES,Towers with Radar,26,24,7,0,57,0,61,19,2,82,26,85,26,2,139,6,0,6,145
11/21/2020,STT,VI,ASO,ES,Towers with Radar,36,14,13,0,63,0,39,12,0,51,36,53,25,0,114,19,0,19,133
11/22/2020,STT,VI,ASO,ES,Towers with Radar,34,15,8,0,57,0,32,13,7,52,34,47,21,7,109,0,0,0,109
11/23/2020,STT,VI,ASO,ES,Towers with Radar,20,17,6,0,43,0,56,12,0,68,20,73,18,0,111,24,0,24,135
11/24/2020,STT,VI,ASO,ES,Towers with Radar,26,22,2,0,50,0,50,19,0,69,26,72,21,0,119,32,0,32,151
11/25/2020,STT,VI,ASO,ES,Towers with Radar,28,20,6,0,54,0,57,13,0,70,28,77,19,0,124,4,0,4,128
11/26/2020,STT,VI,ASO,ES,Towers with Radar,14,6,0,0,20,0,35,12,0,47,14,41,12,0,67,0,0,0,67
11/27/2020,STT,VI,ASO,ES,Towers with Radar,21,12,4,0,37,0,52,26,0,78,21,64,30,0,115,12,0,12,127
11/28/2020,STT,VI,ASO,ES,Towers with Radar,36,11,6,0,53,0,46,13,0,59,36,57,19,0,112,6,0,6,118
11/29/2020,STT,VI,ASO,ES,Towers with Radar,34,11,11,0,56,0,50,12,0,62,34,61,23,0,118,22,0,22,140
11/30/2020,STT,VI,ASO,ES,Towers with Radar,28,21,6,0,55,0,64,23,0,87,28,85,29,0,142,10,0,10,152
12/01/2020,STT,VI,ASO,ES,Towers with Radar,22,13,8,0,43,0,45,36,0,81,22,58,44,0,124,34,0,34,158
12/02/2020,STT,VI,ASO,ES,Towers with Radar,21,13,11,0,45,0,43,32,0,75,21,56,43,0,120,18,0,18,138
12/03/2020,STT,VI,ASO,ES,Towers with Radar,26,19,5,0,50,0,46,27,0,73,26,65,32,0,123,2,0,2,125
12/04/2020,STT,VI,ASO,ES,Towers with Radar,25,20,5,0,50,0,49,29,0,78,25,69,34,0,128,10,0,10,138
12/05/2020,STT,VI,ASO,ES,Towers with Radar,35,19,7,0,61,0,32,20,0,52,35,51,27,0,113,0,0,0,113
12/06/2020,STT,VI,ASO,ES,Towers with Radar,28,36,10,0,74,0,29,9,0,38,28,65,19,0,112,4,0,4,116
12/07/2020,STT,VI,ASO,ES,Towers with Radar,24,25,9,0,58,0,43,21,0,64,24,68,30,0,122,26,0,26,148
12/08/2020,STT,VI,ASO,ES,Towers with Radar,18,23,11,0,52,0,46,21,0,67,18,69,32,0,119,20,0,20,139
12/09/2020,STT,VI,ASO,ES,Towers with Radar,18,20,8,0,46,0,49,17,0,66,18,69,25,0,112,10,0,10,122
12/10/2020,STT,VI,ASO,ES,Towers with Radar,25,28,12,0,65,0,56,37,0,93,25,84,49,0,158,22,0,22,180
12/11/2020,STT,VI,ASO,ES,Towers with Radar,24,17,18,0,59,0,57,30,1,88,24,74,48,1,147,10,0,10,157
12/12/2020,STT,VI,ASO,ES,Towers with Radar,33,6,26,8,73,0,34,24,0,58,33,40,50,8,131,0,0,0,131
12/13/2020,STT,VI,ASO,ES,Towers with Radar,29,13,11,0,53,0,33,17,0,50,29,46,28,0,103,0,0,0,103
12/14/2020,STT,VI,ASO,ES,Towers with Radar,24,21,11,0,56,0,55,21,0,76,24,76,32,0,132,0,0,0,132
12/15/2020,STT,VI,ASO,ES,Towers with Radar,16,23,10,0,49,0,45,30,0,75,16,68,40,0,124,8,0,8,132
12/16/2020,STT,VI,ASO,ES,Towers with Radar,19,22,9,0,50,0,42,23,0,65,19,64,32,0,115,14,0,14,129
12/17/2020,STT,VI,ASO,ES,Towers with Radar,29,26,12,0,67,0,50,20,1,71,29,76,32,1,138,0,0,0,138
12/18/2020,STT,VI,ASO,ES,Towers with Radar,34,27,16,0,77,1,67,41,1,110,35,94,57,1,187,30,0,30,217
12/19/2020,STT,VI,ASO,ES,Towers with Radar,42,16,31,0,89,0,42,34,0,76,42,58,65,0,165,6,0,6,171
12/20/2020,STT,VI,ASO,ES,Towers with Radar,40,14,13,0,67,0,47,15,0,62,40,61,28,0,129,0,0,0,129
12/21/2020,STT,VI,ASO,ES,Towers with Radar,32,21,7,0,60,0,42,23,0,65,32,63,30,0,125,0,0,0,125
12/22/2020,STT,VI,ASO,ES,Towers with Radar,36,26,5,8,75,0,64,24,3,91,36,90,29,11,166,2,0,2,168
12/23/2020,STT,VI,ASO,ES,Towers with Radar,36,25,7,0,68,0,52,29,0,81,36,77,36,0,149,0,0,0,149
12/24/2020,STT,VI,ASO,ES,Towers with Radar,28,24,10,0,62,0,42,11,0,53,28,66,21,0,115,0,0,0,115
12/25/2020,STT,VI,ASO,ES,Towers with Radar,24,3,1,0,28,0,31,6,0,37,24,34,7,0,65,0,0,0,65
12/26/2020,STT,VI,ASO,ES,Towers with Radar,44,7,33,0,84,0,62,21,0,83,44,69,54,0,167,0,0,0,167
12/27/2020,STT,VI,ASO,ES,Towers with Radar,36,11,31,0,78,0,61,17,0,78,36,72,48,0,156,0,0,0,156
12/28/2020,STT,VI,ASO,ES,Towers with Radar,34,21,36,0,91,0,52,14,0,66,34,73,50,0,157,2,0,2,159
12/29/2020,STT,VI,ASO,ES,Towers with Radar,39,25,23,0,87,0,34,21,0,55,39,59,44,0,142,0,0,0,142
12/30/2020,STT,VI,ASO,ES,Towers with Radar,34,18,17,0,69,0,53,29,0,82,34,71,46,0,151,4,0,4,155
12/31/2020,STT,VI,ASO,ES,Towers with Radar,29,24,9,0,62,0,54,12,0,66,29,78,21,0,128,0,0,0,128
01/01/2021,STT,VI,ASO,ES,Towers with Radar,25,9,11,0,45,0,37,9,0,46,25,46,20,0,91,0,0,0,91
01/02/2021,STT,VI,ASO,ES,Towers with Radar,44,17,28,0,89,0,46,22,0,68,44,63,50,0,157,0,0,0,157
01/03/2021,STT,VI,ASO,ES,Towers with Radar,38,22,23,0,83,0,45,26,0,71,38,67,49,0,154,6,0,6,160
01/04/2021,STT,VI,ASO,ES,Towers with Radar,34,30,21,0,85,0,50,25,0,75,34,80,46,0,160,0,0,0,160
01/05/2021,STT,VI,ASO,ES,Towers with Radar,26,32,9,0,67,0,39,9,0,48,26,71,18,0,115,10,0,10,125
01/06/2021,STT,VI,ASO,ES,Towers with Radar,24,12,15,0,51,0,49,10,2,61,24,61,25,2,112,54,0,54,166
01/07/2021,STT,VI,ASO,ES,Towers with Radar,32,20,11,0,63,0,57,24,0,81,32,77,35,0,144,40,0,40,184
01/08/2021,STT,VI,ASO,ES,Towers with Radar,28,28,21,0,77,0,50,31,1,82,28,78,52,1,159,22,0,22,181
01/09/2021,STT,VI,ASO,ES,Towers with Radar,45,7,10,0,62,0,32,31,0,63,45,39,41,0,125,22,0,22,147
01/10/2021,STT,VI,ASO,ES,Towers with Radar,31,10,18,2,61,0,49,13,2,64,31,59,31,4,125,12,0,12,137
01/11/2021,STT,VI,ASO,ES,Towers with Radar,27,20,7,0,54,0,69,32,2,103,27,89,39,2,157,6,0,6,163
01/12/2021,STT,VI,ASO,ES,Towers with Radar,26,24,7,0,57,0,58,19,0,77,26,82,26,0,134,0,0,0,134
01/13/2021,STT,VI,ASO,ES,Towers with Radar,26,13,15,0,54,0,52,23,0,75,26,65,38,0,129,6,0,6,135
01/14/2021,STT,VI,ASO,ES,Towers with Radar,32,24,2,0,58,0,44,33,0,77,32,68,35,0,135,0,0,0,135
01/15/2021,STT,VI,ASO,ES,Towers with Radar,28,21,18,0,67,0,55,31,2,88,28,76,49,2,155,16,0,16,171
01/16/2021,STT,VI,ASO,ES,Towers with Radar,44,14,13,2,73,0,33,30,0,63,44,47,43,2,136,0,0,0,136
01/17/2021,STT,VI,ASO,ES,Towers with Radar,30,16,10,0,56,0,30,18,0,48,30,46,28,0,104,0,0,0,104
01/18/2021,STT,VI,ASO,ES,Towers with Radar,29,10,9,0,48,0,45,13,0,58,29,55,22,0,106,10,0,10,116
01/19/2021,STT,VI,ASO,ES,Towers with Radar,26,22,5,0,53,0,40,26,0,66,26,62,31,0,119,2,0,2,121
01/20/2021,STT,VI,ASO,ES,Towers with Radar,26,17,14,0,57,0,37,16,0,53,26,54,30,0,110,0,0,0,110
01/21/2021,STT,VI,ASO,ES,Towers with Radar,32,16,9,0,57,0,52,30,0,82,32,68,39,0,139,0,0,0,139
01/22/2021,STT,VI,ASO,ES,Towers with Radar,28,22,14,0,64,0,40,41,0,81,28,62,55,0,145,10,0,10,155
01/23/2021,STT,VI,ASO,ES,Towers with Radar,45,20,19,0,84,0,28,40,0,68,45,48,59,0,152,4,0,4,156
01/24/2021,STT,VI,ASO,ES,Towers with Radar,32,12,16,0,60,0,32,14,0,46,32,44,30,0,106,0,0,0,106
01/25/2021,STT,VI,ASO,ES,Towers with Radar,28,20,15,1,64,0,56,18,1,75,28,76,33,2,139,6,0,6,145
01/26/2021,STT,VI,ASO,ES,Towers with Radar,26,18,8,1,53,0,43,30,1,74,26,61,38,2,127,0,0,0,127
01/27/2021,STT,VI,ASO,ES,Towers with Radar,26,12,5,1,44,0,51,32,1,84,26,63,37,2,128,6,0,6,134
01/28/2021,STT,VI,ASO,ES,Towers with Radar,29,25,10,0,64,0,49,29,2,80,29,74,39,2,144,0,0,0,144
01/29/2021,STT,VI,ASO,ES,Towers with Radar,28,20,11,0,59,0,55,21,0,76,28,75,32,0,135,0,0,0,135
01/30/2021,STT,VI,ASO,ES,Towers with Radar,46,36,9,0,91,0,16,23,0,39,46,52,32,0,130,0,0,0,130
01/31/2021,STT,VI,ASO,ES,Towers with Radar,30,22,14,0,66,0,24,12,0,36,30,46,26,0,102,0,0,0,102
02/01/2021,STT,VI,ASO,ES,Towers with Radar,24,16,7,0,47,0,62,23,0,85,24,78,30,0,132,0,0,0,132
02/02/2021,STT,VI,ASO,ES,Towers with Radar,23,22,8,0,53,0,42,24,0,66,23,64,32,0,119,0,0,0,119
02/03/2021,STT,VI,ASO,ES,Towers with Radar,22,21,16,0,59,0,42,21,0,63,22,63,37,0,122,40,0,40,162
02/04/2021,STT,VI,ASO,ES,Towers with Radar,30,26,7,0,63,0,43,32,0,75,30,69,39,0,138,22,0,22,160
02/05/2021,STT,VI,ASO,ES,Towers with Radar,28,15,15,0,58,0,57,20,0,77,28,72,35,0,135,18,0,18,153
02/06/2021,STT,VI,ASO,ES,Towers with Radar,43,11,9,0,63,0,35,22,0,57,43,46,31,0,120,10,0,10,130
02/07/2021,STT,VI,ASO,ES,Towers with Radar,32,6,15,0,53,0,32,30,0,62,32,38,45,0,115,0,0,0,115
02/08/2021,STT,VI,ASO,ES,Towers with Radar,28,16,16,0,60,0,46,37,0,83,28,62,53,0,143,4,0,4,147
02/09/2021,STT,VI,ASO,ES,Towers with Radar,24,24,7,0,55,0,45,15,0,60,24,69,22,0,115,0,0,0,115
02/10/2021,STT,VI,ASO,ES,Towers with Radar,26,18,25,0,69,0,41,18,0,59,26,59,43,0,128,0,0,0,128
02/11/2021,STT,VI,ASO,ES,Towers with Radar,34,21,20,0,75,0,46,38,0,84,34,67,58,0,159,0,0,0,159
02/12/2021,STT,VI,ASO,ES,Towers with Radar,37,27,27,0,91,0,62,35,1,98,37,89,62,1,189,12,1,13,202
02/13/2021,STT,VI,ASO,ES,Towers with Radar,46,14,22,0,82,0,34,26,2,62,46,48,48,2,144,0,0,0,144
02/14/2021,STT,VI,ASO,ES,Towers with Radar,40,10,8,0,58,0,39,19,0,58,40,49,27,0,116,0,0,0,116
02/15/2021,STT,VI,ASO,ES,Towers with Radar,38,12,8,0,58,0,59,24,0,83,38,71,32,0,141,0,0,0,141
02/16/2021,STT,VI,ASO,ES,Towers with Radar,26,19,12,1,58,0,46,35,2,83,26,65,47,3,141,34,0,34,175
02/17/2021,STT,VI,ASO,ES,Towers with Radar,28,21,20,0,69,0,48,12,0,60,28,69,32,0,129,0,0,0,129
02/18/2021,STT,VI,ASO,ES,Towers with Radar,35,24,7,0,66,0,49,12,0,61,35,73,19,0,127,0,0,0,127
02/19/2021,STT,VI,ASO,ES,Towers with Radar,39,17,10,0,66,0,49,41,0,90,39,66,51,0,156,0,0,0,156
02/20/2021,STT,VI,ASO,ES,Towers with Radar,46,22,18,0,86,0,39,29,0,68,46,61,47,0,154,2,0,2,156
02/21/2021,STT,VI,ASO,ES,Towers with Radar,39,11,18,0,68,0,26,23,4,53,39,37,41,4,121,0,0,0,121
02/22/2021,STT,VI,ASO,ES,Towers with Radar,37,32,10,0,79,0,43,27,0,70,37,75,37,0,149,0,0,0,149
02/23/2021,STT,VI,ASO,ES,Towers with Radar,28,21,13,1,63,0,47,38,4,89,28,68,51,5,152,6,0,6,158
02/24/2021,STT,VI,ASO,ES,Towers with Radar,30,17,5,0,52,0,53,24,1,78,30,70,29,1,130,6,0,6,136
02/25/2021,STT,VI,ASO,ES,Towers with Radar,36,20,14,0,70,0,46,27,0,73,36,66,41,0,143,12,0,12,155
02/26/2021,STT,VI,ASO,ES,Towers with Radar,38,19,24,0,81,1,53,43,0,97,39,72,67,0,178,0,0,0,178
02/27/2021,STT,VI,ASO,ES,Towers with Radar,46,22,25,0,93,0,34,19,0,53,46,56,44,0,146,2,0,2,148
02/28/2021,STT,VI,ASO,ES,Towers with Radar,40,6,21,0,67,0,35,9,0,44,40,41,30,0,111,0,0,0,111
03/01/2021,STT,VI,ASO,ES,Towers with Radar,37,18,11,0,66,0,63,15,0,78,37,81,26,0,144,0,0,0,144
03/02/2021,STT,VI,ASO,ES,Towers with Radar,34,22,7,0,63,0,40,15,0,55,34,62,22,0,118,28,0,28,146
03/03/2021,STT,VI,ASO,ES,Towers with Radar,37,17,17,0,71,0,49,33,0,82,37,66,50,0,153,14,0,14,167
03/04/2021,STT,VI,ASO,ES,Towers with Radar,40,28,11,0,79,0,55,27,0,82,40,83,38,0,161,42,0,42,203
03/05/2021,STT,VI,ASO,ES,Towers with Radar,45,12,12,1,70,0,82,25,1,108,45,94,37,2,178,28,0,28,206
03/06/2021,STT,VI,ASO,ES,Towers with Radar,50,14,22,0,86,0,37,22,0,59,50,51,44,0,145,0,0,0,145
03/07/2021,STT,VI,ASO,ES,Towers with Radar,50,11,6,0,67,0,42,18,0,60,50,53,24,0,127,6,0,6,133
03/08/2021,STT,VI,ASO,ES,Towers with Radar,44,16,11,0,71,0,53,27,2,82,44,69,38,2,153,18,0,18,171
03/09/2021,STT,VI,ASO,ES,Towers with Radar,44,27,5,0,76,0,41,23,2,66,44,68,28,2,142,26,0,26,168
03/10/2021,STT,VI,ASO,ES,Towers with Radar,40,35,18,0,93,0,60,31,3,94,40,95,49,3,187,20,0,20,207
03/11/2021,STT,VI,ASO,ES,Towers with Radar,41,26,12,0,79,0,62,29,0,91,41,88,41,0,170,38,0,38,208
03/12/2021,STT,VI,ASO,ES,Towers with Radar,46,25,25,0,96,0,81,38,2,121,46,106,63,2,217,20,0,20,237
03/13/2021,STT,VI,ASO,ES,Towers with Radar,57,33,16,0,106,0,35,13,0,48,57,68,29,0,154,0,0,0,154
03/14/2021,STT,VI,ASO,ES,Towers with Radar,53,14,13,0,80,0,41,17,0,58,53,55,30,0,138,0,0,0,138
03/15/2021,STT,VI,ASO,ES,Towers with Radar,41,32,17,0,90,0,48,22,0,70,41,80,39,0,160,0,0,0,160
03/16/2021,STT,VI,ASO,ES,Towers with Radar,40,17,10,0,67,0,50,38,0,88,40,67,48,0,155,6,0,6,161
03/17/2021,STT,VI,ASO,ES,Towers with Radar,42,25,26,0,93,0,49,15,0,64,42,74,41,0,157,2,0,2,159
03/18/2021,STT,VI,ASO,ES,Towers with Radar,44,25,8,2,79,0,46,27,0,73,44,71,35,2,152,8,0,8,160
03/19/2021,STT,VI,ASO,ES,Towers with Radar,45,21,24,0,90,0,72,37,0,109,45,93,61,0,199,4,0,4,203
03/20/2021,STT,VI,ASO,ES,Towers with Radar,55,36,24,0,115,0,50,29,0,79,55,86,53,0,194,22,0,22,216
03/21/2021,STT,VI,ASO,ES,Towers with Radar,50,9,43,0,102,0,44,27,0,71,50,53,70,0,173,36,0,36,209
03/22/2021,STT,VI,ASO,ES,Towers with Radar,44,21,19,0,84,0,68,20,0,88,44,89,39,0,172,17,0,17,189
03/23/2021,STT,VI,ASO,ES,Towers with Radar,41,19,8,0,68,0,72,26,0,98,41,91,34,0,166,44,0,44,210
03/24/2021,STT,VI,ASO,ES,Towers with Radar,42,22,23,0,87,0,82,20,0,102,42,104,43,0,189,22,0,22,211
03/25/2021,STT,VI,ASO,ES,Towers with Radar,43,28,8,0,79,0,64,28,0,92,43,92,36,0,171,8,0,8,179
03/26/2021,STT,VI,ASO,ES,Towers with Radar,46,21,7,0,74,0,70,39,0,109,46,91,46,0,183,40,0,40,223
03/27/2021,STT,VI,ASO,ES,Towers with Radar,56,22,21,0,99,0,47,29,0,76,56,69,50,0,175,36,0,36,211
03/28/2021,STT,VI,ASO,ES,Towers with Radar,50,15,16,0,81,0,51,31,2,84,50,66,47,2,165,0,0,0,165
03/29/2021,STT,VI,ASO,ES,Towers with Radar,46,18,5,0,69,0,56,24,2,82,46,74,29,2,151,6,0,6,157
03/30/2021,STT,VI,ASO,ES,Towers with Radar,42,21,14,0,77,0,52,36,0,88,42,73,50,0,165,0,0,0,165
03/31/2021,STT,VI,ASO,ES,Towers with Radar,42,25,9,0,76,0,62,18,0,80,42,87,27,0,156,0,0,0,156
04/01/2021,STT,VI,ASO,ES,Towers with Radar,38,26,10,0,74,0,69,34,0,103,38,95,44,0,177,0,0,0,177
04/02/2021,STT,VI,ASO,ES,Towers with Radar,47,25,18,0,90,0,48,27,0,75,47,73,45,0,165,46,0,46,211
04/03/2021,STT,VI,ASO,ES,Towers with Radar,53,17,19,0,89,0,35,33,2,70,53,52,52,2,159,18,0,18,177
04/04/2021,STT,VI,ASO,ES,Towers with Radar,50,14,13,0,77,0,42,22,1,65,50,56,35,1,142,4,0,4,146
04/05/2021,STT,VI,ASO,ES,Towers with Radar,48,30,9,0,87,0,51,31,1,83,48,81,40,1,170,2,0,2,172
04/06/2021,STT,VI,ASO,ES,Towers with Radar,42,22,4,0,68,0,59,16,2,77,42,81,20,2,145,0,0,0,145
04/07/2021,STT,VI,ASO,ES,Towers with Radar,39,20,8,0,67,0,42,16,0,58,39,62,24,0,125,0,0,0,125
04/08/2021,STT,VI,ASO,ES,Towers with Radar,45,20,9,0,74,0,52,35,2,89,45,72,44,2,163,6,0,6,169
04/09/2021,STT,VI,ASO,ES,Towers with Radar,49,18,14,0,81,0,69,22,0,91,49,87,36,0,172,0,0,0,172
04/10/2021,STT,VI,ASO,ES,Towers with Radar,56,13,17,0,86,0,49,25,0,74,56,62,42,0,160,22,0,22,182
04/11/2021,STT,VI,ASO,ES,Towers with Radar,51,10,15,5,81,0,42,25,6,73,51,52,40,11,154,8,0,8,162
04/12/2021,STT,VI,ASO,ES,Towers with Radar,44,20,5,2,71,0,58,24,0,82,44,78,29,2,153,0,0,0,153
04/13/2021,STT,VI,ASO,ES,Towers with Radar,36,22,6,0,64,0,46,27,0,73,36,68,33,0,137,0,0,0,137
04/14/2021,STT,VI,ASO,ES,Towers with Radar,38,16,12,0,66,0,61,19,4,84,38,77,31,4,150,6,0,6,156
04/15/2021,STT,VI,ASO,ES,Towers with Radar,42,22,9,0,73,0,60,28,2,90,42,82,37,2,163,6,0,6,169
04/16/2021,STT,VI,ASO,ES,Towers with Radar,47,25,6,0,78,0,63,27,3,93,47,88,33,3,171,0,2,2,173
04/17/2021,STT,VI,ASO,ES,Towers with Radar,52,14,20,0,86,0,34,15,0,49,52,48,35,0,135,8,0,8,143
04/18/2021,STT,VI,ASO,ES,Towers with Radar,42,14,14,0,70,0,40,23,2,65,42,54,37,2,135,16,0,16,151
04/19/2021,STT,VI,ASO,ES,Towers with Radar,48,18,8,0,74,0,53,24,0,77,48,71,32,0,151,10,0,10,161
04/20/2021,STT,VI,ASO,ES,Towers with Radar,40,24,6,0,70,0,46,27,3,76,40,70,33,3,146,44,0,44,190
04/21/2021,STT,VI,ASO,ES,Towers with Radar,39,31,12,0,82,0,39,24,3,66,39,70,36,3,148,16,0,16,164
04/22/2021,STT,VI,ASO,ES,Towers with Radar,43,27,6,0,76,0,50,37,2,89,43,77,43,2,165,31,0,31,196
04/23/2021,STT,VI,ASO,ES,Towers with Radar,46,21,7,0,74,0,68,29,5,102,46,89,36,5,176,0,0,0,176
04/24/2021,STT,VI,ASO,ES,Towers with Radar,51,12,8,0,71,0,35,25,0,60,51,47,33,0,131,10,0,10,141
04/25/2021,STT,VI,ASO,ES,Towers with Radar,46,17,8,0,71,0,37,25,0,62,46,54,33,0,133,20,0,20,153
04/26/2021,STT,VI,ASO,ES,Towers with Radar,46,21,9,0,76,0,46,18,0,64,46,67,27,0,140,8,0,8,148
04/27/2021,STT,VI,ASO,ES,Towers with Radar,38,25,8,0,71,0,41,28,3,72,38,66,36,3,143,24,0,24,167
04/28/2021,STT,VI,ASO,ES,Towers with Radar,34,45,11,0,90,0,30,13,0,43,34,75,24,0,133,14,0,14,147
04/29/2021,STT,VI,ASO,ES,Towers with Radar,37,28,6,0,71,0,48,31,0,79,37,76,37,0,150,15,0,15,165
04/30/2021,STT,VI,ASO,ES,Towers with Radar,43,17,8,0,68,0,70,44,0,114,43,87,52,0,182,16,0,16,198
05/01/2021,STT,VI,ASO,ES,Towers with Radar,46,9,13,0,68,0,41,27,0,68,46,50,40,0,136,4,0,4,140
05/02/2021,STT,VI,ASO,ES,Towers with Radar,46,13,5,0,64,0,40,11,1,52,46,53,16,1,116,4,1,5,121
05/03/2021,STT,VI,ASO,ES,Towers with Radar,43,23,6,0,72,0,48,18,0,66,43,71,24,0,138,22,0,22,160
05/04/2021,STT,VI,ASO,ES,Towers with Radar,38,20,2,0,60,0,55,26,0,81,38,75,28,0,141,0,0,0,141
05/05/2021,STT,VI,ASO,ES,Towers with Radar,36,19,5,0,60,0,50,15,0,65,36,69,20,0,125,41,0,41,166
05/06/2021,STT,VI,ASO,ES,Towers with Radar,42,24,5,0,71,0,51,19,0,70,42,75,24,0,141,2,0,2,143
05/07/2021,STT,VI,ASO,ES,Towers with Radar,46,21,3,0,70,0,66,23,1,90,46,87,26,1,160,13,0,13,173
05/08/2021,STT,VI,ASO,ES,Towers with Radar,44,11,12,0,67,0,36,27,0,63,44,47,39,0,130,2,0,2,132
05/09/2021,STT,VI,ASO,ES,Towers with Radar,46,10,3,0,59,0,37,23,0,60,46,47,26,0,119,10,2,12,131
05/10/2021,STT,VI,ASO,ES,Towers with Radar,46,15,9,0,70,0,58,17,0,75,46,73,26,0,145,12,0,12,157
05/11/2021,STT,VI,ASO,ES,Towers with Radar,45,22,6,0,73,0,45,28,0,73,45,67,34,0,146,6,0,6,152
05/12/2021,STT,VI,ASO,ES,Towers with Radar,44,19,3,0,66,0,52,22,1,75,44,71,25,1,141,36,3,39,180
05/13/2021,STT,VI,ASO,ES,Towers with Radar,48,20,9,0,77,0,58,22,0,80,48,78,31,0,157,71,0,71,228
05/14/2021,STT,VI,ASO,ES,Towers with Radar,46,16,5,1,68,0,68,26,0,94,46,84,31,1,162,0,0,0,162
05/15/2021,STT,VI,ASO,ES,Towers with Radar,41,16,5,0,62,0,43,27,0,70,41,59,32,0,132,8,0,8,140
05/16/2021,STT,VI,ASO,ES,Towers with Radar,48,8,3,0,59,0,39,38,0,77,48,47,41,0,136,36,0,36,172
05/17/2021,STT,VI,ASO,ES,Towers with Radar,47,16,4,0,67,0,52,34,0,86,47,68,38,0,153,28,0,28,181
05/18/2021,STT,VI,ASO,ES,Towers with Radar,44,18,9,0,71,0,47,20,0,67,44,65,29,0,138,30,0,30,168
05/19/2021,STT,VI,ASO,ES,Towers with Radar,44,22,5,0,71,0,46,16,1,63,44,68,21,1,134,34,0,34,168
05/20/2021,STT,VI,ASO,ES,Towers with Radar,47,17,3,0,67,0,61,22,0,83,47,78,25,0,150,22,0,22,172
05/21/2021,STT,VI,ASO,ES,Towers with Radar,45,26,2,0,73,0,61,34,1,96,45,87,36,1,169,18,0,18,187
05/22/2021,STT,VI,ASO,ES,Towers with Radar,49,11,21,0,81,0,45,27,0,72,49,56,48,0,153,0,0,0,153
05/23/2021,STT,VI,ASO,ES,Towers with Radar,47,21,7,0,75,0,21,8,0,29,47,42,15,0,104,0,0,0,104
05/24/2021,STT,VI,ASO,ES,Towers with Radar,46,20,9,0,75,0,50,31,2,83,46,70,40,2,158,20,0,20,178
05/25/2021,STT,VI,ASO,ES,Towers with Radar,44,20,10,0,74,0,57,31,0,88,44,77,41,0,162,10,0,10,172
05/26/2021,STT,VI,ASO,ES,Towers with Radar,43,13,7,0,63,0,62,26,0,88,43,75,33,0,151,37,0,37,188
05/27/2021,STT,VI,ASO,ES,Towers with Radar,46,20,9,0,75,0,56,45,0,101,46,76,54,0,176,0,0,0,176
05/28/2021,STT,VI,ASO,ES,Towers with Radar,46,33,13,0,92,0,66,42,1,109,46,99,55,1,201,0,0,0,201
05/29/2021,STT,VI,ASO,ES,Towers with Radar,50,10,15,0,75,0,47,20,0,67,50,57,35,0,142,8,0,8,150
05/30/2021,STT,VI,ASO,ES,Towers with Radar,45,6,7,0,58,0,36,28,0,64,45,42,35,0,122,0,0,0,122
05/31/2021,STT,VI,ASO,ES,Towers with Radar,45,12,3,0,60,0,44,27,0,71,45,56,30,0,131,0,0,0,131
06/01/2021,STT,VI,ASO,ES,Towers with Radar,45,23,9,0,77,0,60,28,0,88,45,83,37,0,165,4,2,6,171
06/02/2021,STT,VI,ASO,ES,Towers with Radar,44,21,3,0,68,0,56,15,1,72,44,77,18,1,140,12,0,12,152
06/03/2021,STT,VI,ASO,ES,Towers with Radar,48,18,7,0,73,0,46,30,0,76,48,64,37,0,149,0,0,0,149
06/04/2021,STT,VI,ASO,ES,Towers with Radar,49,18,8,0,75,0,58,30,0,88,49,76,38,0,163,12,0,12,175
06/05/2021,STT,VI,ASO,ES,Towers with Radar,53,13,17,0,83,0,44,23,2,69,53,57,40,2,152,0,1,1,153
06/06/2021,STT,VI,ASO,ES,Towers with Radar,46,11,4,0,61,0,47,20,0,67,46,58,24,0,128,0,0,0,128
06/07/2021,STT,VI,ASO,ES,Towers with Radar,44,25,8,0,77,0,44,11,1,56,44,69,19,1,133,16,2,18,151
06/08/2021,STT,VI,ASO,ES,Towers with Radar,40,25,4,0,69,0,54,21,0,75,40,79,25,0,144,40,0,40,184
06/09/2021,STT,VI,ASO,ES,Towers with Radar,46,21,12,0,79,0,44,25,0,69,46,65,37,0,148,12,0,12,160
06/10/2021,STT,VI,ASO,ES,Towers with Radar,43,30,8,0,81,0,47,24,0,71,43,77,32,0,152,2,0,2,154
06/11/2021,STT,VI,ASO,ES,Towers with Radar,42,22,12,0,76,0,64,26,0,90,42,86,38,0,166,0,0,0,166
06/12/2021,STT,VI,ASO,ES,Towers with Radar,54,16,7,0,77,0,56,39,0,95,54,72,46,0,172,8,0,8,180
06/13/2021,STT,VI,ASO,ES,Towers with Radar,46,9,5,0,60,0,43,32,0,75,46,52,37,0,135,12,0,12,147
06/14/2021,STT,VI,ASO,ES,Towers with Radar,48,19,3,0,70,0,59,26,0,85,48,78,29,0,155,26,0,26,181
06/15/2021,STT,VI,ASO,ES,Towers with Radar,44,20,2,0,66,0,57,40,0,97,44,77,42,0,163,20,0,20,183
06/16/2021,STT,VI,ASO,ES,Towers with Radar,44,19,8,0,71,0,60,20,0,80,44,79,28,0,151,0,0,0,151
06/17/2021,STT,VI,ASO,ES,Towers with Radar,42,28,5,0,75,0,52,23,1,76,42,80,28,1,151,12,0,12,163
06/18/2021,STT,VI,ASO,ES,Towers with Radar,47,18,6,0,71,0,78,35,0,113,47,96,41,0,184,0,0,0,184
06/19/2021,STT,VI,ASO,ES,Towers with Radar,55,16,13,0,84,0,50,32,0,82,55,66,45,0,166,0,0,0,166
06/20/2021,STT,VI,ASO,ES,Towers with Radar,46,6,3,0,55,0,48,24,0,72,46,54,27,0,127,0,0,0,127
06/21/2021,STT,VI,ASO,ES,Towers with Radar,47,15,8,0,70,0,69,29,0,98,47,84,37,0,168,24,0,24,192
06/22/2021,STT,VI,ASO,ES,Towers with Radar,45,22,3,0,70,0,66,21,0,87,45,88,24,0,157,2,0,2,159
06/23/2021,STT,VI,ASO,ES,Towers with Radar,44,17,6,0,67,0,58,33,0,91,44,75,39,0,158,28,0,28,186
06/24/2021,STT,VI,ASO,ES,Towers with Radar,44,23,8,0,75,0,61,36,0,97,44,84,44,0,172,2,0,2,174
06/25/2021,STT,VI,ASO,ES,Towers with Radar,45,24,8,0,77,0,74,27,3,104,45,98,35,3,181,23,0,23,204
06/26/2021,STT,VI,ASO,ES,Towers with Radar,54,11,11,0,76,0,34,14,1,49,54,45,25,1,125,0,0,0,125
06/27/2021,STT,VI,ASO,ES,Towers with Radar,48,9,5,0,62,0,58,19,0,77,48,67,24,0,139,6,0,6,145
06/28/2021,STT,VI,ASO,ES,Towers with Radar,45,21,9,0,75,0,60,21,0,81,45,81,30,0,156,30,0,30,186
06/29/2021,STT,VI,ASO,ES,Towers with Radar,44,24,8,0,76,0,54,33,1,88,44,78,41,1,164,6,0,6,170
06/30/2021,STT,VI,ASO,ES,Towers with Radar,45,26,7,0,78,0,59,27,1,87,45,85,34,1,165,8,0,8,173
07/01/2021,STT,VI,ASO,ES,Towers with Radar,45,27,12,0,84,0,71,22,0,93,45,98,34,0,177,12,0,12,189
07/02/2021,STT,VI,ASO,ES,Towers with Radar,42,30,6,0,78,0,71,34,0,105,42,101,40,0,183,4,0,4,187
07/03/2021,STT,VI,ASO,ES,Towers with Radar,58,10,6,0,74,0,52,15,0,67,58,62,21,0,141,0,0,0,141
07/04/2021,STT,VI,ASO,ES,Towers with Radar,46,5,5,0,56,0,49,19,0,68,46,54,24,0,124,0,0,0,124
07/05/2021,STT,VI,ASO,ES,Towers with Radar,46,11,12,0,69,0,56,22,0,78,46,67,34,0,147,8,0,8,155
07/06/2021,STT,VI,ASO,ES,Towers with Radar,48,19,5,0,72,0,65,28,0,93,48,84,33,0,165,6,0,6,171
07/07/2021,STT,VI,ASO,ES,Towers with Radar,37,20,16,0,73,0,56,21,4,81,37,76,37,4,154,8,0,8,162
07/08/2021,STT,VI,ASO,ES,Towers with Radar,46,23,4,0,73,0,58,31,0,89,46,81,35,0,162,30,0,30,192
07/09/2021,STT,VI,ASO,ES,Towers with Radar,46,23,10,0,79,0,61,39,0,100,46,84,49,0,179,24,2,26,205
07/10/2021,STT,VI,ASO,ES,Towers with Radar,55,11,11,0,77,0,36,21,0,57,55,47,32,0,134,6,1,7,141
07/11/2021,STT,VI,ASO,ES,Towers with Radar,50,9,6,0,65,0,43,15,0,58,50,52,21,0,123,28,0,28,151
07/12/2021,STT,VI,ASO,ES,Towers with Radar,44,23,5,0,72,0,59,26,0,85,44,82,31,0,157,14,0,14,171
07/13/2021,STT,VI,ASO,ES,Towers with Radar,47,18,9,0,74,0,63,26,0,89,47,81,35,0,163,20,0,20,183
07/14/2021,STT,VI,ASO,ES,Towers with Radar,45,17,10,0,72,0,68,20,5,93,45,85,30,5,165,26,0,26,191
07/15/2021,STT,VI,ASO,ES,Towers with Radar,47,16,2,0,65,0,65,35,0,100,47,81,37,0,165,62,0,62,227
07/16/2021,STT,VI,ASO,ES,Towers with Radar,44,17,5,0,66,0,68,31,5,104,44,85,36,5,170,13,0,13,183
07/17/2021,STT,VI,ASO,ES,Towers with Radar,53,9,6,0,68,0,45,36,0,81,53,54,42,0,149,14,0,14,163
07/18/2021,STT,VI,ASO,ES,Towers with Radar,53,7,6,0,66,0,47,16,3,66,53,54,22,3,132,27,0,27,159
07/19/2021,STT,VI,ASO,ES,Towers with Radar,46,18,8,0,72,0,65,28,2,95,46,83,36,2,167,36,0,36,203
07/20/2021,STT,VI,ASO,ES,Towers with Radar,45,23,4,0,72,0,70,20,0,90,45,93,24,0,162,18,0,18,180
07/21/2021,STT,VI,ASO,ES,Towers with Radar,43,15,7,0,65,0,63,28,0,91,43,78,35,0,156,38,0,38,194
07/22/2021,STT,VI,ASO,ES,Towers with Radar,44,16,4,0,64,0,54,28,3,85,44,70,32,3,149,29,0,29,178
07/23/2021,STT,VI,ASO,ES,Towers with Radar,42,23,7,0,72,0,68,47,0,115,42,91,54,0,187,16,0,16,203
07/24/2021,STT,VI,ASO,ES,Towers with Radar,55,4,27,0,86,0,29,12,2,43,55,33,39,2,129,0,0,0,129
07/25/2021,STT,VI,ASO,ES,Towers with Radar,48,10,3,0,61,0,43,17,0,60,48,53,20,0,121,0,0,0,121
07/26/2021,STT,VI,ASO,ES,Towers with Radar,44,21,7,0,72,0,65,30,0,95,44,86,37,0,167,24,0,24,191
07/27/2021,STT,VI,ASO,ES,Towers with Radar,45,18,12,0,75,0,54,19,0,73,45,72,31,0,148,0,0,0,148
07/28/2021,STT,VI,ASO,ES,Towers with Radar,42,19,8,0,69,0,60,21,1,82,42,79,29,1,151,34,0,34,185
07/29/2021,STT,VI,ASO,ES,Towers with Radar,50,19,3,0,72,0,47,15,0,62,50,66,18,0,134,34,0,34,168
07/30/2021,STT,VI,ASO,ES,Towers with Radar,44,19,6,0,69,0,82,31,0,113,44,101,37,0,182,10,0,10,192
07/31/2021,STT,VI,ASO,ES,Towers with Radar,53,11,7,0,71,0,43,22,0,65,53,54,29,0,136,20,0,20,156
08/01/2021,STT,VI,ASO,ES,Towers with Radar,43,10,7,0,60,0,44,23,0,67,43,54,30,0,127,0,0,0,127
08/02/2021,STT,VI,ASO,ES,Towers with Radar,40,23,8,0,71,0,63,20,0,83,40,86,28,0,154,16,0,16,170
08/03/2021,STT,VI,ASO,ES,Towers with Radar,42,19,2,0,63,0,59,18,4,81,42,78,20,4,144,0,0,0,144
08/04/2021,STT,VI,ASO,ES,Towers with Radar,40,25,5,0,70,0,56,29,0,85,40,81,34,0,155,40,0,40,195
08/05/2021,STT,VI,ASO,ES,Towers with Radar,48,17,2,0,67,0,53,25,0,78,48,70,27,0,145,30,0,30,175
08/06/2021,STT,VI,ASO,ES,Towers with Radar,46,19,3,0,68,0,65,21,0,86,46,84,24,0,154,24,0,24,178
08/07/2021,STT,VI,ASO,ES,Towers with Radar,54,11,13,0,78,0,45,22,0,67,54,56,35,0,145,0,0,0,145
08/08/2021,STT,VI,ASO,ES,Towers with Radar,47,18,1,0,66,0,32,11,0,43,47,50,12,0,109,0,0,0,109
08/09/2021,STT,VI,ASO,ES,Towers with Radar,42,18,5,0,65,0,58,25,2,85,42,76,30,2,150,0,0,0,150
08/10/2021,STT,VI,ASO,ES,Towers with Radar,46,12,5,0,63,0,33,10,0,43,46,45,15,0,106,0,0,0,106
08/11/2021,STT,VI,ASO,ES,Towers with Radar,44,20,6,0,70,0,48,15,4,67,44,68,21,4,137,0,0,0,137
08/12/2021,STT,VI,ASO,ES,Towers with Radar,48,17,1,0,66,0,51,24,0,75,48,68,25,0,141,16,0,16,157
08/13/2021,STT,VI,ASO,ES,Towers with Radar,42,17,2,0,61,0,61,16,0,77,42,78,18,0,138,18,0,18,156
08/14/2021,STT,VI,ASO,ES,Towers with Radar,53,15,8,0,76,0,41,18,2,61,53,56,26,2,137,22,0,22,159
08/15/2021,STT,VI,ASO,ES,Towers with Radar,34,8,2,0,44,0,0,0,0,0,34,8,2,0,44,0,0,0,44
08/16/2021,STT,VI,ASO,ES,Towers with Radar,50,28,5,0,83,0,48,17,0,65,50,76,22,0,148,0,0,0,148
08/17/2021,STT,VI,ASO,ES,Towers with Radar,21,21,2,0,44,0,59,24,0,83,21,80,26,0,127,4,0,4,131
08/18/2021,STT,VI,ASO,ES,Towers with Radar,21,19,3,0,43,0,54,15,0,69,21,73,18,0,112,14,0,14,126
08/19/2021,STT,VI,ASO,ES,Towers with Radar,27,18,4,0,49,0,50,29,1,80,27,68,33,1,129,2,0,2,131
08/20/2021,STT,VI,ASO,ES,Towers with Radar,30,19,8,0,57,0,60,21,0,81,30,79,29,0,138,6,0,6,144
08/21/2021,STT,VI,ASO,ES,Towers with Radar,40,9,5,0,54,0,42,16,0,58,40,51,21,0,112,10,0,10,122
08/22/2021,STT,VI,ASO,ES,Towers with Radar,34,9,8,0,51,0,35,11,0,46,34,44,19,0,97,0,0,0,97
08/23/2021,STT,VI,ASO,ES,Towers with Radar,33,16,4,0,53,0,61,9,0,70,33,77,13,0,123,6,0,6,129
08/24/2021,STT,VI,ASO,ES,Towers with Radar,17,25,10,0,52,0,61,8,0,69,17,86,18,0,121,0,0,0,121
08/25/2021,STT,VI,ASO,ES,Towers with Radar,22,21,4,0,47,0,57,11,1,69,22,78,15,1,116,12,0,12,128
08/26/2021,STT,VI,ASO,ES,Towers with Radar,25,19,3,0,47,0,55,7,0,62,25,74,10,0,109,18,0,18,127
08/27/2021,STT,VI,ASO,ES,Towers with Radar,31,16,5,0,52,0,61,14,3,78,31,77,19,3,130,6,0,6,136
08/28/2021,STT,VI,ASO,ES,Towers with Radar,41,9,5,0,55,0,37,14,0,51,41,46,19,0,106,0,0,0,106
08/29/2021,STT,VI,ASO,ES,Towers with Radar,31,8,3,0,42,0,39,10,0,49,31,47,13,0,91,0,0,0,91
08/30/2021,STT,VI,ASO,ES,Towers with Radar,33,26,2,0,61,0,49,12,0,61,33,75,14,0,122,0,0,0,122
08/31/2021,STT,VI,ASO,ES,Towers with Radar,21,23,8,0,52,0,51,7,2,60,21,74,15,2,112,12,0,12,124
09/01/2021,STT,VI,ASO,ES,Towers with Radar,24,13,11,0,48,0,67,23,0,90,24,80,34,0,138,34,0,34,172
09/02/2021,STT,VI,ASO,ES,Towers with Radar,20,17,0,1,38,0,56,20,0,76,20,73,20,1,114,28,0,28,142
09/03/2021,STT,VI,ASO,ES,Towers with Radar,27,19,5,1,52,0,59,27,0,86,27,78,32,1,138,10,0,10,148
09/04/2021,STT,VI,ASO,ES,Towers with Radar,41,10,4,0,55,0,36,28,0,64,41,46,32,0,119,6,0,6,125
09/05/2021,STT,VI,ASO,ES,Towers with Radar,29,5,3,0,37,0,36,11,0,47,29,41,14,0,84,0,0,0,84
09/06/2021,STT,VI,ASO,ES,Towers with Radar,31,20,4,0,55,0,41,23,0,64,31,61,27,0,119,0,0,0,119
09/07/2021,STT,VI,ASO,ES,Towers with Radar,20,14,2,0,36,0,57,20,0,77,20,71,22,0,113,10,0,10,123
09/08/2021,STT,VI,ASO,ES,Towers with Radar,16,15,1,0,32,0,47,12,2,61,16,62,13,2,93,12,0,12,105
09/09/2021,STT,VI,ASO,ES,Towers with Radar,19,19,4,0,42,0,46,25,0,71,19,65,29,0,113,0,0,0,113
09/10/2021,STT,VI,ASO,ES,Towers with Radar,21,20,1,0,42,0,54,10,0,64,21,74,11,0,106,0,0,0,106
09/11/2021,STT,VI,ASO,ES,Towers with Radar,37,9,2,0,48,0,31,12,0,43,37,40,14,0,91,18,0,18,109
09/12/2021,STT,VI,ASO,ES,Towers with Radar,25,6,5,0,36,0,35,7,0,42,25,41,12,0,78,6,0,6,84
09/13/2021,STT,VI,ASO,ES,Towers with Radar,18,19,3,0,40,0,41,33,0,74,18,60,36,0,114,24,0,24,138
09/14/2021,STT,VI,ASO,ES,Towers with Radar,18,17,7,0,42,0,44,25,0,69,18,61,32,0,111,16,0,16,127
09/15/2021,STT,VI,ASO,ES,Towers with Radar,14,17,3,0,34,0,38,21,0,59,14,55,24,0,93,52,0,52,145
09/16/2021,STT,VI,ASO,ES,Towers with Radar,17,16,4,0,37,0,43,42,4,89,17,59,46,4,126,4,2,6,132
09/17/2021,STT,VI,ASO,ES,Towers with Radar,20,23,1,0,44,0,55,26,0,81,20,78,27,0,125,52,0,52,177
09/18/2021,STT,VI,ASO,ES,Towers with Radar,37,10,4,0,51,0,33,22,0,55,37,43,26,0,106,12,0,12,118
09/19/2021,STT,VI,ASO,ES,Towers with Radar,22,5,2,0,29,0,39,14,0,53,22,44,16,0,82,2,0,2,84
09/20/2021,STT,VI,ASO,ES,Towers with Radar,18,18,3,0,39,0,42,23,0,65,18,60,26,0,104,10,0,10,114
09/21/2021,STT,VI,ASO,ES,Towers with Radar,16,23,5,0,44,0,49,21,0,70,16,72,26,0,114,26,0,26,140
09/22/2021,STT,VI,ASO,ES,Towers with Radar,14,17,5,0,36,0,55,11,0,66,14,72,16,0,102,43,0,43,145
09/23/2021,STT,VI,ASO,ES,Towers with Radar,18,28,1,0,47,0,51,29,0,80,18,79,30,0,127,14,0,14,141
09/24/2021,STT,VI,ASO,ES,Towers with Radar,20,13,1,0,34,0,55,21,0,76,20,68,22,0,110,34,0,34,144
09/25/2021,STT,VI,ASO,ES,Towers with Radar,37,8,2,0,47,0,37,22,0,59,37,45,24,0,106,12,0,12,118
09/26/2021,STT,VI,ASO,ES,Towers with Radar,22,5,1,0,28,0,34,13,0,47,22,39,14,0,75,0,0,0,75
09/27/2021,STT,VI,ASO,ES,Towers with Radar,18,18,1,0,37,0,45,21,0,66,18,63,22,0,103,52,0,52,155
09/28/2021,STT,VI,ASO,ES,Towers with Radar,15,9,2,0,26,0,52,25,0,77,15,61,27,0,103,44,0,44,147
09/29/2021,STT,VI,ASO,ES,Towers with Radar,15,16,4,0,35,0,52,12,0,64,15,68,16,0,99,72,0,72,171
09/30/2021,STT,VI,ASO,ES,Towers with Radar,20,19,4,0,43,0,43,18,2,63,20,62,22,2,106,16,0,16,122
10/01/2021,STT,VI,ASO,ES,Towers with Radar,20,19,2,0,41,0,53,24,0,77,20,72,26,0,118,6,0,6,124
10/02/2021,STT,VI,ASO,ES,Towers with Radar,37,10,2,0,49,0,49,23,0,72,37,59,25,0,121,14,0,14,135
10/03/2021,STT,VI,ASO,ES,Towers with Radar,24,9,5,0,38,0,35,13,0,48,24,44,18,0,86,0,0,0,86
10/04/2021,STT,VI,ASO,ES,Towers with Radar,18,19,4,0,41,0,46,22,0,68,18,65,26,0,109,2,0,2,111
10/05/2021,STT,VI,ASO,ES,Towers with Radar,15,17,5,0,37,0,49,20,0,69,15,66,25,0,106,16,0,16,122
10/06/2021,STT,VI,ASO,ES,Towers with Radar,14,22,6,0,42,0,51,18,0,69,14,73,24,0,111,0,0,0,111
10/07/2021,STT,VI,ASO,ES,Towers with Radar,20,20,3,0,43,0,49,22,0,71,20,69,25,0,114,23,0,23,137
10/08/2021,STT,VI,ASO,ES,Towers with Radar,26,30,5,0,61,0,47,24,0,71,26,77,29,0,132,22,0,22,154
10/09/2021,STT,VI,ASO,ES,Towers with Radar,45,13,4,0,62,0,34,20,0,54,45,47,24,0,116,0,0,0,116
10/10/2021,STT,VI,ASO,ES,Towers with Radar,26,8,9,0,43,0,41,11,0,52,26,49,20,0,95,0,0,0,95
10/11/2021,STT,VI,ASO,ES,Towers with Radar,20,14,0,0,34,0,43,13,0,56,20,57,13,0,90,0,0,0,90
10/12/2021,STT,VI,ASO,ES,Towers with Radar,19,23,6,0,48,0,50,11,2,63,19,73,17,2,111,0,0,0,111
10/13/2021,STT,VI,ASO,ES,Towers with Radar,18,19,6,0,43,0,36,23,0,59,18,55,29,0,102,0,0,0,102
10/14/2021,STT,VI,ASO,ES,Towers with Radar,21,18,5,0,44,0,51,16,0,67,21,69,21,0,111,0,0,0,111
10/15/2021,STT,VI,ASO,ES,Towers with Radar,21,21,8,0,50,0,61,22,0,83,21,82,30,0,133,0,0,0,133
10/16/2021,STT,VI,ASO,ES,Towers with Radar,41,9,1,0,51,0,42,18,0,60,41,51,19,0,111,12,0,12,123
10/17/2021,STT,VI,ASO,ES,Towers with Radar,26,8,5,0,39,0,36,28,0,64,26,44,33,0,103,26,0,26,129
10/18/2021,STT,VI,ASO,ES,Towers with Radar,20,18,3,2,43,0,52,10,1,63,20,70,13,3,106,8,0,8,114
10/19/2021,STT,VI,ASO,ES,Towers with Radar,21,18,6,0,45,0,42,29,0,71,21,60,35,0,116,32,0,32,148
10/20/2021,STT,VI,ASO,ES,Towers with Radar,16,19,7,0,42,0,48,20,0,68,16,67,27,0,110,16,0,16,126
10/21/2021,STT,VI,ASO,ES,Towers with Radar,21,21,6,0,48,0,51,11,1,63,21,72,17,1,111,0,0,0,111
10/22/2021,STT,VI,ASO,ES,Towers with Radar,23,15,8,0,46,0,55,27,0,82,23,70,35,0,128,0,0,0,128
10/23/2021,STT,VI,ASO,ES,Towers with Radar,43,11,3,0,57,0,33,32,0,65,43,44,35,0,122,14,0,14,136
10/24/2021,STT,VI,ASO,ES,Towers with Radar,26,10,4,0,40,0,44,14,0,58,26,54,18,0,98,24,0,24,122
10/25/2021,STT,VI,ASO,ES,Towers with Radar,22,19,3,0,44,0,43,11,1,55,22,62,14,1,99,6,0,6,105
10/26/2021,STT,VI,ASO,ES,Towers with Radar,21,17,9,0,47,0,61,13,0,74,21,78,22,0,121,0,0,0,121
10/27/2021,STT,VI,ASO,ES,Towers with Radar,17,17,17,0,51,0,59,28,0,87,17,76,45,0,138,30,0,30,168
10/28/2021,STT,VI,ASO,ES,Towers with Radar,19,22,5,0,46,0,52,29,0,81,19,74,34,0,127,16,0,16,143
10/29/2021,STT,VI,ASO,ES,Towers with Radar,21,22,6,0,49,0,57,28,0,85,21,79,34,0,134,14,0,14,148
10/30/2021,STT,VI,ASO,ES,Towers with Radar,39,11,10,0,60,0,43,33,0,76,39,54,43,0,136,2,0,2,138
10/31/2021,STT,VI,ASO,ES,Towers with Radar,28,10,12,0,50,0,41,9,0,50,28,51,21,0,100,4,0,4,104
11/01/2021,STT,VI,ASO,ES,Towers with Radar,20,24,16,0,60,0,56,27,0,83,20,80,43,0,143,21,0,21,164
11/02/2021,STT,VI,ASO,ES,Towers with Radar,20,22,10,0,52,0,50,33,0,83,20,72,43,0,135,24,0,24,159
11/03/2021,STT,VI,ASO,ES,Towers with Radar,24,19,4,0,47,0,45,19,0,64,24,64,23,0,111,26,0,26,137
11/04/2021,STT,VI,ASO,ES,Towers with Radar,29,16,5,0,50,0,54,34,3,91,29,70,39,3,141,7,0,7,148
11/05/2021,STT,VI,ASO,ES,Towers with Radar,27,22,8,0,57,0,58,31,0,89,27,80,39,0,146,6,0,6,152
11/06/2021,STT,VI,ASO,ES,Towers with Radar,42,14,9,0,65,0,38,31,0,69,42,52,40,0,134,47,0,47,181
11/07/2021,STT,VI,ASO,ES,Towers with Radar,32,11,6,0,49,0,43,19,0,62,32,54,25,0,111,4,0,4,115
11/08/2021,STT,VI,ASO,ES,Towers with Radar,23,18,5,0,46,0,53,24,1,78,23,71,29,1,124,4,2,6,130
11/09/2021,STT,VI,ASO,ES,Towers with Radar,22,22,9,0,53,0,55,30,0,85,22,77,39,0,138,0,0,0,138
11/10/2021,STT,VI,ASO,ES,Towers with Radar,26,17,7,0,50,0,61,34,0,95,26,78,41,0,145,50,0,50,195
11/11/2021,STT,VI,ASO,ES,Towers with Radar,28,12,6,0,46,0,42,37,0,79,28,54,43,0,125,36,0,36,161
11/12/2021,STT,VI,ASO,ES,Towers with Radar,26,26,9,0,61,0,62,30,0,92,26,88,39,0,153,30,0,30,183
11/13/2021,STT,VI,ASO,ES,Towers with Radar,43,14,6,0,63,0,37,21,0,58,43,51,27,0,121,0,0,0,121
11/14/2021,STT,VI,ASO,ES,Towers with Radar,35,12,9,0,56,0,43,25,0,68,35,55,34,0,124,30,0,30,154
11/15/2021,STT,VI,ASO,ES,Towers with Radar,22,24,7,0,53,0,45,26,0,71,22,69,33,0,124,30,0,30,154
11/16/2021,STT,VI,ASO,ES,Towers with Radar,20,26,10,0,56,0,50,44,0,94,20,76,54,0,150,14,0,14,164
11/17/2021,STT,VI,ASO,ES,Towers with Radar,28,25,6,0,59,0,48,28,1,77,28,73,34,1,136,38,1,39,175
11/18/2021,STT,VI,ASO,ES,Towers with Radar,34,30,10,0,74,0,53,30,0,83,34,83,40,0,157,0,0,0,157
11/19/2021,STT,VI,ASO,ES,Towers with Radar,30,26,18,0,74,0,61,43,0,104,30,87,61,0,178,46,0,46,224
11/20/2021,STT,VI,ASO,ES,Towers with Radar,49,20,17,0,86,0,36,24,0,60,49,56,41,0,146,0,0,0,146
11/21/2021,STT,VI,ASO,ES,Towers with Radar,34,15,4,0,53,0,45,27,0,72,34,60,31,0,125,28,0,28,153
11/22/2021,STT,VI,ASO,ES,Towers with Radar,23,19,7,0,49,0,48,24,0,72,23,67,31,0,121,10,0,10,131
11/23/2021,STT,VI,ASO,ES,Towers with Radar,31,32,9,1,73,0,56,35,1,92,31,88,44,2,165,26,0,26,191
11/24/2021,STT,VI,ASO,ES,Towers with Radar,30,24,9,0,63,0,65,34,0,99,30,89,43,0,162,6,0,6,168
11/25/2021,STT,VI,ASO,ES,Towers with Radar,23,19,3,0,45,0,27,8,0,35,23,46,11,0,80,2,0,2,82
11/26/2021,STT,VI,ASO,ES,Towers with Radar,28,18,3,0,49,0,55,7,0,62,28,73,10,0,111,0,0,0,111
11/27/2021,STT,VI,ASO,ES,Towers with Radar,51,18,9,0,78,0,43,27,0,70,51,61,36,0,148,0,0,0,148
11/28/2021,STT,VI,ASO,ES,Towers with Radar,37,25,12,0,74,0,53,19,0,72,37,78,31,0,146,0,0,0,146
11/29/2021,STT,VI,ASO,ES,Towers with Radar,28,21,14,0,63,0,72,10,0,82,28,93,24,0,145,0,0,0,145
11/30/2021,STT,VI,ASO,ES,Towers with Radar,28,25,6,0,59,0,50,26,0,76,28,75,32,0,135,14,0,14,149
12/01/2021,STT,VI,ASO,ES,Towers with Radar,27,34,11,0,72,0,43,29,0,72,27,77,40,0,144,15,0,15,159
12/02/2021,STT,VI,ASO,ES,Towers with Radar,28,32,14,0,74,0,44,34,4,82,28,76,48,4,156,24,0,24,180
12/03/2021,STT,VI,ASO,ES,Towers with Radar,26,28,7,0,61,0,58,25,1,84,26,86,32,1,145,30,0,30,175
12/04/2021,STT,VI,ASO,ES,Towers with Radar,47,15,3,0,65,0,45,14,0,59,47,60,17,0,124,3,0,3,127
12/05/2021,STT,VI,ASO,ES,Towers with Radar,36,16,6,0,58,0,43,18,0,61,36,59,24,0,119,0,0,0,119
12/06/2021,STT,VI,ASO,ES,Towers with Radar,23,17,11,0,51,0,60,26,0,86,23,77,37,0,137,12,0,12,149
12/07/2021,STT,VI,ASO,ES,Towers with Radar,23,23,8,0,54,0,54,27,0,81,23,77,35,0,135,16,0,16,151
12/08/2021,STT,VI,ASO,ES,Towers with Radar,26,21,12,0,59,0,53,34,4,91,26,74,46,4,150,4,0,4,154
12/09/2021,STT,VI,ASO,ES,Towers with Radar,27,23,12,0,62,0,56,39,0,95,27,79,51,0,157,4,0,4,161
12/10/2021,STT,VI,ASO,ES,Towers with Radar,27,26,7,0,60,0,61,36,0,97,27,87,43,0,157,4,0,4,161
12/11/2021,STT,VI,ASO,ES,Towers with Radar,47,9,6,0,62,0,41,14,2,57,47,50,20,2,119,0,0,0,119
12/12/2021,STT,VI,ASO,ES,Towers with Radar,32,13,7,0,52,0,42,39,0,81,32,55,46,0,133,9,0,9,142
12/13/2021,STT,VI,ASO,ES,Towers with Radar,25,29,8,0,62,0,57,20,0,77,25,86,28,0,139,0,0,0,139
12/14/2021,STT,VI,ASO,ES,Towers with Radar,27,22,3,0,52,0,56,42,0,98,27,78,45,0,150,0,0,0,150
12/15/2021,STT,VI,ASO,ES,Towers with Radar,26,30,15,0,71,0,46,35,1,82,26,76,50,1,153,16,0,16,169
12/16/2021,STT,VI,ASO,ES,Towers with Radar,35,28,9,0,72,0,61,49,0,110,35,89,58,0,182,22,0,22,204
12/17/2021,STT,VI,ASO,ES,Towers with Radar,33,28,15,0,76,0,64,60,0,124,33,92,75,0,200,0,0,0,200
12/18/2021,STT,VI,ASO,ES,Towers with Radar,55,22,25,0,102,0,48,27,0,75,55,70,52,0,177,0,0,0,177
12/19/2021,STT,VI,ASO,ES,Towers with Radar,38,20,19,0,77,0,37,28,0,65,38,57,47,0,142,12,0,12,154
12/20/2021,STT,VI,ASO,ES,Towers with Radar,34,25,16,0,75,0,58,37,0,95,34,83,53,0,170,0,0,0,170
12/21/2021,STT,VI,ASO,ES,Towers with Radar,38,37,15,0,90,0,48,33,0,81,38,85,48,0,171,0,0,0,171
12/22/2021,STT,VI,ASO,ES,Towers with Radar,42,31,17,0,90,0,61,47,0,108,42,92,64,0,198,28,0,28,226
12/23/2021,STT,VI,ASO,ES,Towers with Radar,40,26,12,0,78,0,58,45,0,103,40,84,57,0,181,28,0,28,209
12/24/2021,STT,VI,ASO,ES,Towers with Radar,36,17,12,0,65,0,55,29,0,84,36,72,41,0,149,6,0,6,155
12/25/2021,STT,VI,ASO,ES,Towers with Radar,54,6,4,0,64,0,42,7,0,49,54,48,11,0,113,0,0,0,113
12/26/2021,STT,VI,ASO,ES,Towers with Radar,42,22,46,0,110,0,37,27,0,64,42,59,73,0,174,0,0,0,174
12/27/2021,STT,VI,ASO,ES,Towers with Radar,36,23,21,0,80,0,57,40,0,97,36,80,61,0,177,16,0,16,193
12/28/2021,STT,VI,ASO,ES,Towers with Radar,39,30,15,0,84,0,58,32,0,90,39,88,47,0,174,0,0,0,174
12/29/2021,STT,VI,ASO,ES,Towers with Radar,40,24,11,0,75,0,55,20,0,75,40,79,31,0,150,10,0,10,160
12/30/2021,STT,VI,ASO,ES,Towers with Radar,38,30,10,0,78,0,63,41,0,104,38,93,51,0,182,0,0,0,182
12/31/2021,STT,VI,ASO,ES,Towers with Radar,37,26,13,0,76,0,49,17,0,66,37,75,30,0,142,0,0,0,142
01/01/2022,STT,VI,ASO,ES,Towers with Radar,50,13,17,0,80,0,51,10,0,61,50,64,27,0,141,6,0,6,147
01/02/2022,STT,VI,ASO,ES,Towers with Radar,44,27,26,0,97,0,41,33,0,74,44,68,59,0,171,18,0,18,189
01/03/2022,STT,VI,ASO,ES,Towers with Radar,36,25,20,0,81,0,55,23,0,78,36,80,43,0,159,6,0,6,165
01/04/2022,STT,VI,ASO,ES,Towers with Radar,39,30,17,0,86,0,43,26,0,69,39,73,43,0,155,6,0,6,161
01/05/2022,STT,VI,ASO,ES,Towers with Radar,30,25,9,0,64,0,45,29,0,74,30,70,38,0,138,4,0,4,142
01/06/2022,STT,VI,ASO,ES,Towers with Radar,32,23,5,0,60,0,42,24,0,66,32,65,29,0,126,20,0,20,146
01/07/2022,STT,VI,ASO,ES,Towers with Radar,29,27,8,0,64,0,55,28,0,83,29,82,36,0,147,8,0,8,155
01/08/2022,STT,VI,ASO,ES,Towers with Radar,47,11,13,0,71,0,48,35,0,83,47,59,48,0,154,8,0,8,162
01/09/2022,STT,VI,ASO,ES,Towers with Radar,35,15,12,0,62,0,38,23,0,61,35,53,35,0,123,0,0,0,123
01/10/2022,STT,VI,ASO,ES,Towers with Radar,30,23,8,0,61,0,54,25,0,79,30,77,33,0,140,0,0,0,140
01/11/2022,STT,VI,ASO,ES,Towers with Radar,32,25,10,0,67,0,46,26,0,72,32,71,36,0,139,8,0,8,147
01/12/2022,STT,VI,ASO,ES,Towers with Radar,30,30,7,2,69,0,47,23,0,70,30,77,30,2,139,8,0,8,147
01/13/2022,STT,VI,ASO,ES,Towers with Radar,33,38,9,0,80,0,46,20,0,66,33,84,29,0,146,0,0,0,146
01/14/2022,STT,VI,ASO,ES,Towers with Radar,28,32,16,0,76,0,55,32,0,87,28,87,48,0,163,0,0,0,163
01/15/2022,STT,VI,ASO,ES,Towers with Radar,46,18,9,0,73,0,45,35,0,80,46,63,44,0,153,8,0,8,161
01/16/2022,STT,VI,ASO,ES,Towers with Radar,24,5,6,0,35,0,10,7,0,17,24,15,13,0,52,0,0,0,52
01/17/2022,STT,VI,ASO,ES,Towers with Radar,29,26,9,0,64,0,49,27,0,76,29,75,36,0,140,26,0,26,166
01/18/2022,STT,VI,ASO,ES,Towers with Radar,30,30,13,0,73,0,49,23,2,74,30,79,36,2,147,22,0,22,169
01/19/2022,STT,VI,ASO,ES,Towers with Radar,29,19,9,0,57,0,47,18,0,65,29,66,27,0,122,26,0,26,148
01/20/2022,STT,VI,ASO,ES,Towers with Radar,31,29,11,1,72,0,54,33,0,87,31,83,44,1,159,17,2,19,178
01/21/2022,STT,VI,ASO,ES,Towers with Radar,30,24,9,0,63,0,53,24,0,77,30,77,33,0,140,6,0,6,146
01/22/2022,STT,VI,ASO,ES,Towers with Radar,49,17,9,0,75,0,46,23,0,69,49,63,32,0,144,12,0,12,156
01/23/2022,STT,VI,ASO,ES,Towers with Radar,34,14,9,0,57,0,37,24,0,61,34,51,33,0,118,10,0,10,128
01/24/2022,STT,VI,ASO,ES,Towers with Radar,26,9,2,0,37,0,17,9,0,26,26,26,11,0,63,0,0,0,63
01/25/2022,STT,VI,ASO,ES,Towers with Radar,30,29,9,0,68,0,45,26,0,71,30,74,35,0,139,21,0,21,160
01/26/2022,STT,VI,ASO,ES,Towers with Radar,31,18,17,0,66,0,60,35,0,95,31,78,52,0,161,36,2,38,199
01/27/2022,STT,VI,ASO,ES,Towers with Radar,29,18,11,0,58,0,51,39,0,90,29,69,50,0,148,36,0,36,184
01/28/2022,STT,VI,ASO,ES,Towers with Radar,27,23,9,0,59,0,56,30,0,86,27,79,39,0,145,43,0,43,188
01/29/2022,STT,VI,ASO,ES,Towers with Radar,32,17,20,0,69,0,38,33,0,71,32,55,53,0,140,10,0,10,150
01/30/2022,STT,VI,ASO,ES,Towers with Radar,29,28,14,0,71,0,23,26,0,49,29,51,40,0,120,18,0,18,138
01/31/2022,STT,VI,ASO,ES,Towers with Radar,27,22,13,0,62,0,51,24,0,75,27,73,37,0,137,4,0,4,141
02/01/2022,STT,VI,ASO,ES,Towers with Radar,30,24,6,0,60,0,48,30,0,78,30,72,36,0,138,6,0,6,144
02/02/2022,STT,VI,ASO,ES,Towers with Radar,30,20,12,0,62,0,52,31,0,83,30,72,43,0,145,44,0,44,189
02/03/2022,STT,VI,ASO,ES,Towers with Radar,30,25,15,0,70,0,51,23,2,76,30,76,38,2,146,20,0,20,166
02/04/2022,STT,VI,ASO,ES,Towers with Radar,27,32,8,0,67,0,46,23,0,69,27,78,31,0,136,0,0,0,136
02/05/2022,STT,VI,ASO,ES,Towers with Radar,43,20,12,0,75,0,29,15,0,44,43,49,27,0,119,0,0,0,119
02/06/2022,STT,VI,ASO,ES,Towers with Radar,36,23,12,0,71,0,23,9,0,32,36,46,21,0,103,2,0,2,105
02/07/2022,STT,VI,ASO,ES,Towers with Radar,29,25,7,1,62,0,42,34,1,77,29,67,41,2,139,0,0,0,139
02/08/2022,STT,VI,ASO,ES,Towers with Radar,27,23,5,0,55,0,52,43,0,95,27,75,48,0,150,0,0,0,150
02/09/2022,STT,VI,ASO,ES,Towers with Radar,30,23,10,0,63,0,46,27,2,75,30,69,37,2,138,6,0,6,144
02/10/2022,STT,VI,ASO,ES,Towers with Radar,31,26,10,0,67,0,56,22,0,78,31,82,32,0,145,16,0,16,161
02/11/2022,STT,VI,ASO,ES,Towers with Radar,32,22,4,0,58,0,69,32,0,101,32,91,36,0,159,0,0,0,159
02/12/2022,STT,VI,ASO,ES,Towers with Radar,49,17,21,0,87,0,27,33,0,60,49,44,54,0,147,13,0,13,160
02/13/2022,STT,VI,ASO,ES,Towers with Radar,33,18,20,0,71,0,28,22,0,50,33,46,42,0,121,0,0,0,121
02/14/2022,STT,VI,ASO,ES,Towers with Radar,28,25,14,0,67,0,50,26,0,76,28,75,40,0,143,0,0,0,143
02/15/2022,STT,VI,ASO,ES,Towers with Radar,26,27,9,0,62,0,40,54,0,94,26,67,63,0,156,30,0,30,186
02/16/2022,STT,VI,ASO,ES,Towers with Radar,28,29,10,0,67,0,51,25,0,76,28,80,35,0,143,52,0,52,195
02/17/2022,STT,VI,ASO,ES,Towers with Radar,32,21,13,1,67,0,72,17,2,91,32,93,30,3,158,10,0,10,168
02/18/2022,STT,VI,ASO,ES,Towers with Radar,33,24,19,0,76,0,61,30,0,91,33,85,49,0,167,8,0,8,175
02/19/2022,STT,VI,ASO,ES,Towers with Radar,50,15,15,0,80,0,30,26,0,56,50,45,41,0,136,0,0,0,136
02/20/2022,STT,VI,ASO,ES,Towers with Radar,38,14,21,4,77,0,42,38,0,80,38,56,59,4,157,8,0,8,165
02/21/2022,STT,VI,ASO,ES,Towers with Radar,34,10,9,0,53,0,56,30,1,87,34,66,39,1,140,8,0,8,148
02/22/2022,STT,VI,ASO,ES,Towers with Radar,32,24,12,0,68,0,42,20,0,62,32,66,32,0,130,22,0,22,152
02/23/2022,STT,VI,ASO,ES,Towers with Radar,33,33,21,0,87,0,50,33,0,83,33,83,54,0,170,15,0,15,185
02/24/2022,STT,VI,ASO,ES,Towers with Radar,35,25,12,0,72,0,73,26,0,99,35,98,38,0,171,16,0,16,187
02/25/2022,STT,VI,ASO,ES,Towers with Radar,31,19,9,0,59,0,66,45,0,111,31,85,54,0,170,24,0,24,194
02/26/2022,STT,VI,ASO,ES,Towers with Radar,51,18,8,0,77,0,44,45,0,89,51,62,53,0,166,28,0,28,194
02/27/2022,STT,VI,ASO,ES,Towers with Radar,37,11,15,0,63,0,31,35,0,66,37,42,50,0,129,2,0,2,131
02/28/2022,STT,VI,ASO,ES,Towers with Radar,34,23,10,0,67,0,42,36,2,80,34,65,46,2,147,10,0,10,157
03/01/2022,STT,VI,ASO,ES,Towers with Radar,31,24,10,0,65,0,54,52,0,106,31,78,62,0,171,8,0,8,179
03/02/2022,STT,VI,ASO,ES,Towers with Radar,24,19,6,0,49,0,61,29,0,90,24,80,35,0,139,36,0,36,175
03/03/2022,STT,VI,ASO,ES,Towers with Radar,31,43,10,0,84,0,46,40,0,86,31,89,50,0,170,14,0,14,184
03/04/2022,STT,VI,ASO,ES,Towers with Radar,33,20,14,0,67,0,71,44,0,115,33,91,58,0,182,12,0,12,194
03/05/2022,STT,VI,ASO,ES,Towers with Radar,55,18,11,0,84,0,29,33,2,64,55,47,44,2,148,18,0,18,166
03/06/2022,STT,VI,ASO,ES,Towers with Radar,40,14,10,0,64,0,35,34,0,69,40,49,44,0,133,2,0,2,135
03/07/2022,STT,VI,ASO,ES,Towers with Radar,36,21,5,0,62,0,48,48,0,96,36,69,53,0,158,44,0,44,202
03/08/2022,STT,VI,ASO,ES,Towers with Radar,34,25,13,0,72,0,56,32,1,89,34,81,45,1,161,12,0,12,173
03/09/2022,STT,VI,ASO,ES,Towers with Radar,37,19,8,0,64,0,54,25,0,79,37,73,33,0,143,28,0,28,171
03/10/2022,STT,VI,ASO,ES,Towers with Radar,36,33,13,0,82,0,44,41,1,86,36,77,54,1,168,24,0,24,192
03/11/2022,STT,VI,ASO,ES,Towers with Radar,36,25,29,0,90,0,52,57,0,109,36,77,86,0,199,6,0,6,205
03/12/2022,STT,VI,ASO,ES,Towers with Radar,51,19,27,2,99,0,34,38,0,72,51,53,65,2,171,2,0,2,173
03/13/2022,STT,VI,ASO,ES,Towers with Radar,38,15,18,0,71,0,38,36,0,74,38,53,54,0,145,4,0,4,149
03/14/2022,STT,VI,ASO,ES,Towers with Radar,39,29,7,0,75,0,60,35,1,96,39,89,42,1,171,22,0,22,193
03/15/2022,STT,VI,ASO,ES,Towers with Radar,35,17,3,0,55,0,72,30,6,108,35,89,33,6,163,32,0,32,195
03/16/2022,STT,VI,ASO,ES,Towers with Radar,36,22,8,2,68,0,46,30,3,79,36,68,38,5,147,16,0,16,163
03/17/2022,STT,VI,ASO,ES,Towers with Radar,36,28,18,0,82,0,47,29,0,76,36,75,47,0,158,32,0,32,190
03/18/2022,STT,VI,ASO,ES,Towers with Radar,36,27,15,0,78,0,70,30,0,100,36,97,45,0,178,13,0,13,191
03/19/2022,STT,VI,ASO,ES,Towers with Radar,52,33,29,0,114,0,56,29,0,85,52,89,58,0,199,22,0,22,221
03/20/2022,STT,VI,ASO,ES,Towers with Radar,40,14,20,0,74,0,47,39,0,86,40,61,59,0,160,8,0,8,168
03/21/2022,STT,VI,ASO,ES,Towers with Radar,40,35,10,0,85,0,46,28,0,74,40,81,38,0,159,52,0,52,211
03/22/2022,STT,VI,ASO,ES,Towers with Radar,34,22,3,0,59,0,48,26,0,74,34,70,29,0,133,12,0,12,145
03/23/2022,STT,VI,ASO,ES,Towers with Radar,34,22,8,2,66,0,56,27,0,83,34,78,35,2,149,64,0,64,213
03/24/2022,STT,VI,ASO,ES,Towers with Radar,38,33,13,0,84,0,56,28,0,84,38,89,41,0,168,12,0,12,180
03/25/2022,STT,VI,ASO,ES,Towers with Radar,34,25,12,0,71,0,57,46,0,103,34,82,58,0,174,57,0,57,231
03/26/2022,STT,VI,ASO,ES,Towers with Radar,52,23,19,0,94,0,30,43,0,73,52,53,62,0,167,20,0,20,187
03/27/2022,STT,VI,ASO,ES,Towers with Radar,40,11,9,0,60,0,33,35,0,68,40,44,44,0,128,30,0,30,158
03/28/2022,STT,VI,ASO,ES,Towers with Radar,36,17,11,0,64,0,46,28,0,74,36,63,39,0,138,50,0,50,188
03/29/2022,STT,VI,ASO,ES,Towers with Radar,34,24,14,0,72,0,54,31,0,85,34,78,45,0,157,42,0,42,199
03/30/2022,STT,VI,ASO,ES,Towers with Radar,34,17,2,0,53,0,56,27,0,83,34,73,29,0,136,0,0,0,136
03/31/2022,STT,VI,ASO,ES,Towers with Radar,35,25,7,0,67,0,54,18,1,73,35,79,25,1,140,10,0,10,150
04/01/2022,STT,VI,ASO,ES,Towers with Radar,34,19,10,0,63,0,70,33,0,103,34,89,43,0,166,6,0,6,172
04/02/2022,STT,VI,ASO,ES,Towers with Radar,49,20,21,0,90,0,42,35,0,77,49,62,56,0,167,0,0,0,167
04/03/2022,STT,VI,ASO,ES,Towers with Radar,38,13,8,0,59,0,35,38,0,73,38,48,46,0,132,0,0,0,132
04/04/2022,STT,VI,ASO,ES,Towers with Radar,34,19,6,0,59,0,58,24,2,84,34,77,30,2,143,32,0,32,175
04/05/2022,STT,VI,ASO,ES,Towers with Radar,30,22,5,0,57,0,50,30,0,80,30,72,35,0,137,22,0,22,159
04/06/2022,STT,VI,ASO,ES,Towers with Radar,34,23,8,0,65,0,42,22,0,64,34,65,30,0,129,0,0,0,129
04/07/2022,STT,VI,ASO,ES,Towers with Radar,29,19,12,0,60,0,53,18,0,71,29,72,30,0,131,0,0,0,131
04/08/2022,STT,VI,ASO,ES,Towers with Radar,32,20,12,0,64,0,62,38,0,100,32,82,50,0,164,16,0,16,180
04/09/2022,STT,VI,ASO,ES,Towers with Radar,50,12,11,0,73,0,48,44,2,94,50,60,55,2,167,16,0,16,183
04/10/2022,STT,VI,ASO,ES,Towers with Radar,32,14,15,2,63,0,28,27,0,55,32,42,42,2,118,0,0,0,118
04/11/2022,STT,VI,ASO,ES,Towers with Radar,36,21,11,0,68,0,46,46,0,92,36,67,57,0,160,24,0,24,184
04/12/2022,STT,VI,ASO,ES,Towers with Radar,25,20,10,0,55,5,46,40,0,91,30,66,50,0,146,60,0,60,206
04/13/2022,STT,VI,ASO,ES,Towers with Radar,36,22,7,0,65,0,54,39,2,95,36,76,46,2,160,32,0,32,192
04/14/2022,STT,VI,ASO,ES,Towers with Radar,32,24,15,0,71,0,69,32,2,103,32,93,47,2,174,27,0,27,201
04/15/2022,STT,VI,ASO,ES,Towers with Radar,35,9,15,0,59,0,49,32,0,81,35,58,47,0,140,0,0,0,140
04/16/2022,STT,VI,ASO,ES,Towers with Radar,48,12,15,0,75,0,40,28,0,68,48,52,43,0,143,0,0,0,143
04/17/2022,STT,VI,ASO,ES,Towers with Radar,37,10,8,0,55,0,42,20,0,62,37,52,28,0,117,0,0,0,117
04/18/2022,STT,VI,ASO,ES,Towers with Radar,34,25,7,0,66,0,64,27,0,91,34,89,34,0,157,12,0,12,169
04/19/2022,STT,VI,ASO,ES,Towers with Radar,28,25,7,0,60,0,59,26,4,89,28,84,33,4,149,0,0,0,149
04/20/2022,STT,VI,ASO,ES,Towers with Radar,30,25,19,2,76,0,42,38,0,80,30,67,57,2,156,10,0,10,166
04/21/2022,STT,VI,ASO,ES,Towers with Radar,34,16,5,0,55,0,55,41,0,96,34,71,46,0,151,34,0,34,185
04/22/2022,STT,VI,ASO,ES,Towers with Radar,33,24,6,0,63,0,75,42,2,119,33,99,48,2,182,47,0,47,229
04/23/2022,STT,VI,ASO,ES,Towers with Radar,46,19,13,0,78,0,40,43,0,83,46,59,56,0,161,20,0,20,181
04/24/2022,STT,VI,ASO,ES,Towers with Radar,37,11,8,0,56,0,40,44,0,84,37,51,52,0,140,0,0,0,140
04/25/2022,STT,VI,ASO,ES,Towers with Radar,33,23,15,0,71,0,45,31,0,76,33,68,46,0,147,6,1,7,154
04/26/2022,STT,VI,ASO,ES,Towers with Radar,28,21,11,0,60,0,64,32,0,96,28,85,43,0,156,28,0,28,184
04/27/2022,STT,VI,ASO,ES,Towers with Radar,30,18,3,0,51,0,65,67,1,133,30,83,70,1,184,60,0,60,244
04/28/2022,STT,VI,ASO,ES,Towers with Radar,31,24,2,0,57,0,52,28,1,81,31,76,30,1,138,4,0,4,142
04/29/2022,STT,VI,ASO,ES,Towers with Radar,33,7,8,0,48,0,49,44,1,94,33,56,52,1,142,0,0,0,142
04/30/2022,STT,VI,ASO,ES,Towers with Radar,48,20,10,0,78,0,17,4,1,22,48,37,14,1,100,0,0,0,100
05/01/2022,STT,VI,ASO,ES,Towers with Radar,35,30,13,0,78,0,26,20,0,46,35,56,33,0,124,0,0,0,124
05/02/2022,STT,VI,ASO,ES,Towers with Radar,34,20,13,0,67,0,52,38,2,92,34,72,51,2,159,18,0,18,177
05/03/2022,STT,VI,ASO,ES,Towers with Radar,25,19,11,0,55,0,54,27,0,81,25,73,38,0,136,62,0,62,198
05/04/2022,STT,VI,ASO,ES,Towers with Radar,30,28,8,0,66,0,45,32,0,77,30,73,40,0,143,66,0,66,209
05/05/2022,STT,VI,ASO,ES,Towers with Radar,28,14,6,0,48,0,47,25,0,72,28,61,31,0,120,30,0,30,150
05/06/2022,STT,VI,ASO,ES,Towers with Radar,31,18,9,0,58,0,45,31,0,76,31,63,40,0,134,31,0,31,165
05/07/2022,STT,VI,ASO,ES,Towers with Radar,43,15,13,0,71,0,27,15,0,42,43,42,28,0,113,0,0,0,113
05/08/2022,STT,VI,ASO,ES,Towers with Radar,29,15,6,0,50,0,36,10,0,46,29,51,16,0,96,2,0,2,98
05/09/2022,STT,VI,ASO,ES,Towers with Radar,32,15,8,0,55,0,39,29,0,68,32,54,37,0,123,0,0,0,123
05/10/2022,STT,VI,ASO,ES,Towers with Radar,28,19,9,0,56,0,32,50,0,82,28,51,59,0,138,18,0,18,156
05/11/2022,STT,VI,ASO,ES,Towers with Radar,33,23,7,0,63,0,35,60,0,95,33,58,67,0,158,42,0,42,200
05/12/2022,STT,VI,ASO,ES,Towers with Radar,29,27,9,0,65,0,46,25,0,71,29,73,34,0,136,0,0,0,136
05/13/2022,STT,VI,ASO,ES,Towers with Radar,31,26,6,2,65,0,33,40,0,73,31,59,46,2,138,22,0,22,160
05/14/2022,STT,VI,ASO,ES,Towers with Radar,42,14,21,0,77,0,23,21,0,44,42,37,42,0,121,24,0,24,145
05/15/2022,STT,VI,ASO,ES,Towers with Radar,31,12,7,0,50,0,23,23,0,46,31,35,30,0,96,0,0,0,96
05/16/2022,STT,VI,ASO,ES,Towers with Radar,31,25,6,0,62,0,31,23,0,54,31,56,29,0,116,0,0,0,116
05/17/2022,STT,VI,ASO,ES,Towers with Radar,28,24,15,0,67,0,59,35,1,95,28,83,50,1,162,16,0,16,178
05/18/2022,STT,VI,ASO,ES,Towers with Radar,32,20,13,0,65,0,46,41,1,88,32,66,54,1,153,16,0,16,169
05/19/2022,STT,VI,ASO,ES,Towers with Radar,27,21,7,0,55,0,36,33,0,69,27,57,40,0,124,18,0,18,142
05/20/2022,STT,VI,ASO,ES,Towers with Radar,30,18,12,0,60,0,55,47,6,108,30,73,59,6,168,70,0,70,238
05/21/2022,STT,VI,ASO,ES,Towers with Radar,43,9,12,0,64,0,31,22,0,53,43,40,34,0,117,20,0,20,137
05/22/2022,STT,VI,ASO,ES,Towers with Radar,30,11,12,0,53,0,27,17,0,44,30,38,29,0,97,0,0,0,97
05/23/2022,STT,VI,ASO,ES,Towers with Radar,32,20,7,0,59,0,41,24,2,67,32,61,31,2,126,0,0,0,126
05/24/2022,STT,VI,ASO,ES,Towers with Radar,28,22,5,0,55,0,42,27,0,69,28,64,32,0,124,12,0,12,136
05/25/2022,STT,VI,ASO,ES,Towers with Radar,29,21,6,0,56,0,41,25,0,66,29,62,31,0,122,36,0,36,158
05/26/2022,STT,VI,ASO,ES,Towers with Radar,27,24,13,0,64,0,41,13,0,54,27,65,26,0,118,54,0,54,172
05/27/2022,STT,VI,ASO,ES,Towers with Radar,31,19,3,0,53,0,62,62,2,126,31,81,65,2,179,44,0,44,223
05/28/2022,STT,VI,ASO,ES,Towers with Radar,43,9,6,0,58,0,49,28,0,77,43,58,34,0,135,27,0,27,162
05/29/2022,STT,VI,ASO,ES,Towers with Radar,30,15,5,0,50,0,32,21,0,53,30,47,26,0,103,10,0,10,113
05/30/2022,STT,VI,ASO,ES,Towers with Radar,32,15,8,0,55,0,46,22,0,68,32,61,30,0,123,0,0,0,123
05/31/2022,STT,VI,ASO,ES,Towers with Radar,28,24,7,0,59,0,59,21,2,82,28,83,28,2,141,14,0,14,155
06/01/2022,STT,VI,ASO,ES,Towers with Radar,32,17,5,2,56,0,44,26,3,73,32,61,31,5,129,40,0,40,169
06/02/2022,STT,VI,ASO,ES,Towers with Radar,26,20,8,0,54,0,39,31,0,70,26,59,39,0,124,8,0,8,132
06/03/2022,STT,VI,ASO,ES,Towers with Radar,34,22,5,0,61,0,69,60,0,129,34,91,65,0,190,48,0,48,238
06/04/2022,STT,VI,ASO,ES,Towers with Radar,43,15,5,0,63,0,18,39,0,57,43,33,44,0,120,4,0,4,124
06/05/2022,STT,VI,ASO,ES,Towers with Radar,33,10,4,0,47,0,29,17,0,46,33,39,21,0,93,0,0,0,93
06/06/2022,STT,VI,ASO,ES,Towers with Radar,34,19,8,0,61,0,33,26,0,59,34,52,34,0,120,32,0,32,152
06/07/2022,STT,VI,ASO,ES,Towers with Radar,31,15,3,0,49,0,29,43,0,72,31,44,46,0,121,22,0,22,143
06/08/2022,STT,VI,ASO,ES,Towers with Radar,34,18,8,0,60,0,38,40,4,82,34,56,48,4,142,8,0,8,150
06/09/2022,STT,VI,ASO,ES,Towers with Radar,28,15,5,0,48,0,38,22,0,60,28,53,27,0,108,48,0,48,156
06/10/2022,STT,VI,ASO,ES,Towers with Radar,35,13,5,0,53,0,45,45,0,90,35,58,50,0,143,0,0,0,143
06/11/2022,STT,VI,ASO,ES,Towers with Radar,42,7,12,0,61,0,23,20,0,43,42,30,32,0,104,0,0,0,104
06/12/2022,STT,VI,ASO,ES,Towers with Radar,36,9,7,0,52,0,21,26,0,47,36,30,33,0,99,0,0,0,99
06/13/2022,STT,VI,ASO,ES,Towers with Radar,36,22,12,0,70,0,26,24,0,50,36,48,36,0,120,32,0,32,152
06/14/2022,STT,VI,ASO,ES,Towers with Radar,30,19,4,0,53,0,20,26,0,46,30,39,30,0,99,20,0,20,119
06/15/2022,STT,VI,ASO,ES,Towers with Radar,36,22,6,0,64,0,36,25,0,61,36,58,31,0,125,18,0,18,143
06/16/2022,STT,VI,ASO,ES,Towers with Radar,32,19,10,0,61,0,40,26,0,66,32,59,36,0,127,16,0,16,143
06/17/2022,STT,VI,ASO,ES,Towers with Radar,32,25,12,0,69,0,55,47,0,102,32,80,59,0,171,18,0,18,189
06/18/2022,STT,VI,ASO,ES,Towers with Radar,44,18,20,0,82,0,19,11,2,32,44,37,31,2,114,22,0,22,136
06/19/2022,STT,VI,ASO,ES,Towers with Radar,32,17,5,0,54,0,21,33,0,54,32,38,38,0,108,0,0,0,108
06/20/2022,STT,VI,ASO,ES,Towers with Radar,36,9,5,0,50,0,28,30,0,58,36,37,35,0,108,20,0,20,128
06/21/2022,STT,VI,ASO,ES,Towers with Radar,32,13,2,0,47,0,30,45,0,75,32,43,47,0,122,42,0,42,164
06/22/2022,STT,VI,ASO,ES,Towers with Radar,36,18,8,0,62,0,31,54,0,85,36,49,62,0,147,0,0,0,147
06/23/2022,STT,VI,ASO,ES,Towers with Radar,30,22,4,0,56,0,39,41,0,80,30,61,45,0,136,16,0,16,152
06/24/2022,STT,VI,ASO,ES,Towers with Radar,34,17,3,0,54,0,42,24,0,66,34,59,27,0,120,0,0,0,120
06/25/2022,STT,VI,ASO,ES,Towers with Radar,44,13,10,0,67,0,22,15,0,37,44,35,25,0,104,14,0,14,118
06/26/2022,STT,VI,ASO,ES,Towers with Radar,34,11,6,0,51,0,21,19,0,40,34,32,25,0,91,0,0,0,91
06/27/2022,STT,VI,ASO,ES,Towers with Radar,34,17,10,0,61,0,30,40,0,70,34,47,50,0,131,0,0,0,131
06/28/2022,STT,VI,ASO,ES,Towers with Radar,37,19,4,0,60,0,26,22,0,48,37,45,26,0,108,30,0,30,138
06/29/2022,STT,VI,ASO,ES,Towers with Radar,36,17,5,0,58,0,42,42,0,84,36,59,47,0,142,26,0,26,168
06/30/2022,STT,VI,ASO,ES,Towers with Radar,32,16,10,0,58,0,48,29,3,80,32,64,39,3,138,8,0,8,146
07/01/2022,STT,VI,ASO,ES,Towers with Radar,32,25,13,0,70,0,51,51,1,103,32,76,64,1,173,6,0,6,179
07/02/2022,STT,VI,ASO,ES,Towers with Radar,44,19,13,6,82,3,8,10,0,21,47,27,23,6,103,0,0,0,103
07/03/2022,STT,VI,ASO,ES,Towers with Radar,30,9,3,0,42,0,19,13,0,32,30,28,16,0,74,0,0,0,74
07/04/2022,STT,VI,ASO,ES,Towers with Radar,34,9,1,0,44,0,28,17,0,45,34,37,18,0,89,0,0,0,89
07/05/2022,STT,VI,ASO,ES,Towers with Radar,30,20,6,0,56,0,41,42,0,83,30,61,48,0,139,20,0,20,159
07/06/2022,STT,VI,ASO,ES,Towers with Radar,32,18,5,0,55,0,41,17,2,60,32,59,22,2,115,36,0,36,151
07/07/2022,STT,VI,ASO,ES,Towers with Radar,30,19,4,0,53,0,33,32,2,67,30,52,36,2,120,34,0,34,154
07/08/2022,STT,VI,ASO,ES,Towers with Radar,32,18,12,0,62,0,42,43,0,85,32,60,55,0,147,22,0,22,169
07/09/2022,STT,VI,ASO,ES,Towers with Radar,44,16,12,0,72,0,34,30,0,64,44,50,42,0,136,6,0,6,142
07/10/2022,STT,VI,ASO,ES,Towers with Radar,33,7,3,0,43,0,32,23,0,55,33,39,26,0,98,4,0,4,102
07/11/2022,STT,VI,ASO,ES,Towers with Radar,34,20,7,0,61,0,29,20,0,49,34,49,27,0,110,6,0,6,116
07/12/2022,STT,VI,ASO,ES,Towers with Radar,29,16,11,0,56,0,32,33,0,65,29,48,44,0,121,16,0,16,137
07/13/2022,STT,VI,ASO,ES,Towers with Radar,30,20,8,0,58,0,34,21,0,55,30,54,29,0,113,0,0,0,113
07/14/2022,STT,VI,ASO,ES,Towers with Radar,33,20,10,0,63,0,37,38,0,75,33,57,48,0,138,4,0,4,142
07/15/2022,STT,VI,ASO,ES,Towers with Radar,32,17,12,0,61,0,72,54,0,126,32,89,66,0,187,0,0,0,187
07/16/2022,STT,VI,ASO,ES,Towers with Radar,46,5,6,0,57,0,22,21,0,43,46,27,27,0,100,22,0,22,122
07/17/2022,STT,VI,ASO,ES,Towers with Radar,31,8,11,0,50,0,25,22,0,47,31,33,33,0,97,12,0,12,109
07/18/2022,STT,VI,ASO,ES,Towers with Radar,34,22,9,0,65,0,31,33,0,64,34,53,42,0,129,18,0,18,147
07/19/2022,STT,VI,ASO,ES,Towers with Radar,29,21,3,0,53,0,21,31,1,53,29,42,34,1,106,44,0,44,150
07/20/2022,STT,VI,ASO,ES,Towers with Radar,35,14,4,1,54,0,38,37,0,75,35,52,41,1,129,16,0,16,145
07/21/2022,STT,VI,ASO,ES,Towers with Radar,30,30,6,0,66,0,18,18,0,36,30,48,24,0,102,0,0,0,102
07/22/2022,STT,VI,ASO,ES,Towers with Radar,32,13,1,0,46,0,46,55,0,101,32,59,56,0,147,0,0,0,147
07/23/2022,STT,VI,ASO,ES,Towers with Radar,40,13,7,0,60,0,29,33,1,63,40,42,40,1,123,12,0,12,135
07/24/2022,STT,VI,ASO,ES,Towers with Radar,31,11,8,0,50,0,11,17,0,28,31,22,25,0,78,0,0,0,78
07/25/2022,STT,VI,ASO,ES,Towers with Radar,34,19,3,0,56,0,26,26,0,52,34,45,29,0,108,4,0,4,112
07/26/2022,STT,VI,ASO,ES,Towers with Radar,36,18,7,0,61,0,27,27,0,54,36,45,34,0,115,0,0,0,115
07/27/2022,STT,VI,ASO,ES,Towers with Radar,32,24,8,0,64,0,35,30,0,65,32,59,38,0,129,18,0,18,147
07/28/2022,STT,VI,ASO,ES,Towers with Radar,28,18,6,0,52,0,41,23,1,65,28,59,29,1,117,0,0,0,117
07/29/2022,STT,VI,ASO,ES,Towers with Radar,32,25,4,0,61,0,42,40,1,83,32,67,44,1,144,0,0,0,144
07/30/2022,STT,VI,ASO,ES,Towers with Radar,44,11,15,0,70,0,21,26,0,47,44,32,41,0,117,0,0,0,117
07/31/2022,STT,VI,ASO,ES,Towers with Radar,33,7,5,0,45,0,15,24,0,39,33,22,29,0,84,14,0,14,98
08/01/2022,STT,VI,ASO,ES,Towers with Radar,34,14,8,0,56,0,29,27,2,58,34,43,35,2,114,4,0,4,118
08/02/2022,STT,VI,ASO,ES,Towers with Radar,30,15,7,0,52,0,33,20,1,54,30,48,27,1,106,0,0,0,106
08/03/2022,STT,VI,ASO,ES,Towers with Radar,32,22,4,0,58,0,34,15,1,50,32,56,19,1,108,0,4,4,112
08/04/2022,STT,VI,ASO,ES,Towers with Radar,30,19,8,0,57,0,34,16,0,50,30,53,24,0,107,0,0,0,107
08/05/2022,STT,VI,ASO,ES,Towers with Radar,31,17,5,0,53,0,38,40,0,78,31,55,45,0,131,0,0,0,131
08/06/2022,STT,VI,ASO,ES,Towers with Radar,47,7,7,0,61,0,24,29,0,53,47,31,36,0,114,6,0,6,120
08/07/2022,STT,VI,ASO,ES,Towers with Radar,32,14,5,0,51,0,25,32,0,57,32,39,37,0,108,2,0,2,110
08/08/2022,STT,VI,ASO,ES,Towers with Radar,34,14,5,0,53,0,41,39,0,80,34,55,44,0,133,6,0,6,139
08/09/2022,STT,VI,ASO,ES,Towers with Radar,33,26,5,0,64,0,28,20,0,48,33,54,25,0,112,14,0,14,126
08/10/2022,STT,VI,ASO,ES,Towers with Radar,35,18,5,0,58,0,41,28,0,69,35,59,33,0,127,24,0,24,151
08/11/2022,STT,VI,ASO,ES,Towers with Radar,29,21,9,0,59,0,35,33,4,72,29,56,42,4,131,22,0,22,153
08/12/2022,STT,VI,ASO,ES,Towers with Radar,33,16,15,0,64,0,42,34,1,77,33,58,49,1,141,16,0,16,157
08/13/2022,STT,VI,ASO,ES,Towers with Radar,44,10,5,0,59,0,22,33,0,55,44,32,38,0,114,18,0,18,132
08/14/2022,STT,VI,ASO,ES,Towers with Radar,29,10,0,0,39,0,28,22,0,50,29,38,22,0,89,10,0,10,99
08/15/2022,STT,VI,ASO,ES,Towers with Radar,31,14,4,0,49,0,28,29,0,57,31,42,33,0,106,10,0,10,116
08/16/2022,STT,VI,ASO,ES,Towers with Radar,22,15,6,0,43,0,34,35,3,72,22,49,41,3,115,0,0,0,115
08/17/2022,STT,VI,ASO,ES,Towers with Radar,24,19,3,0,46,0,37,12,1,50,24,56,15,1,96,4,0,4,100
08/18/2022,STT,VI,ASO,ES,Towers with Radar,20,27,12,0,59,0,32,33,0,65,20,59,45,0,124,0,0,0,124
08/19/2022,STT,VI,ASO,ES,Towers with Radar,25,18,9,0,52,0,53,39,0,92,25,71,48,0,144,8,0,8,152
08/20/2022,STT,VI,ASO,ES,Towers with Radar,32,9,6,0,47,0,17,18,0,35,32,26,24,0,82,14,0,14,96
08/21/2022,STT,VI,ASO,ES,Towers with Radar,28,12,4,0,44,0,11,17,1,29,28,23,21,1,73,0,0,0,73
08/22/2022,STT,VI,ASO,ES,Towers with Radar,24,16,6,0,46,0,26,24,0,50,24,42,30,0,96,0,0,0,96
08/23/2022,STT,VI,ASO,ES,Towers with Radar,22,17,2,0,41,0,30,15,0,45,22,47,17,0,86,6,0,6,92
08/24/2022,STT,VI,ASO,ES,Towers with Radar,24,17,9,0,50,0,31,34,2,67,24,48,43,2,117,20,0,20,137
08/25/2022,STT,VI,ASO,ES,Towers with Radar,20,16,2,0,38,0,33,15,0,48,20,49,17,0,86,40,0,40,126
08/26/2022,STT,VI,ASO,ES,Towers with Radar,24,20,6,4,54,0,34,34,0,68,24,54,40,4,122,26,0,26,148
08/27/2022,STT,VI,ASO,ES,Towers with Radar,37,13,7,0,57,0,23,29,0,52,37,36,36,0,109,0,0,0,109
08/28/2022,STT,VI,ASO,ES,Towers with Radar,25,10,5,2,42,0,23,35,0,58,25,33,40,2,100,0,0,0,100
08/29/2022,STT,VI,ASO,ES,Towers with Radar,24,13,2,0,39,0,35,22,3,60,24,48,24,3,99,0,0,0,99
08/30/2022,STT,VI,ASO,ES,Towers with Radar,22,20,6,0,48,0,31,28,3,62,22,51,34,3,110,8,0,8,118
08/31/2022,STT,VI,ASO,ES,Towers with Radar,26,16,19,0,61,0,36,24,0,60,26,52,43,0,121,24,0,24,145
09/01/2022,STT,VI,ASO,ES,Towers with Radar,19,22,4,0,45,0,35,36,0,71,19,57,40,0,116,58,0,58,174
09/02/2022,STT,VI,ASO,ES,Towers with Radar,26,13,3,0,42,0,43,33,0,76,26,56,36,0,118,0,0,0,118
09/03/2022,STT,VI,ASO,ES,Towers with Radar,32,12,4,0,48,0,26,23,0,49,32,38,27,0,97,0,0,0,97
09/04/2022,STT,VI,ASO,ES,Towers with Radar,5,6,2,0,13,0,8,14,2,24,5,14,16,2,37,0,0,0,37
09/05/2022,STT,VI,ASO,ES,Towers with Radar,23,21,9,0,53,0,8,34,0,42,23,29,43,0,95,0,0,0,95
09/06/2022,STT,VI,ASO,ES,Towers with Radar,27,14,1,0,42,0,24,29,0,53,27,38,30,0,95,0,0,0,95
09/07/2022,STT,VI,ASO,ES,Towers with Radar,12,18,0,0,30,0,29,24,0,53,12,47,24,0,83,4,0,4,87
09/08/2022,STT,VI,ASO,ES,Towers with Radar,14,18,7,1,40,0,28,23,4,55,14,46,30,5,95,24,0,24,119
09/09/2022,STT,VI,ASO,ES,Towers with Radar,16,16,5,0,37,0,37,39,0,76,16,53,44,0,113,0,0,0,113
09/10/2022,STT,VI,ASO,ES,Towers with Radar,22,8,3,0,33,0,18,18,0,36,22,26,21,0,69,11,0,11,80
09/11/2022,STT,VI,ASO,ES,Towers with Radar,20,5,8,0,33,0,22,5,0,27,20,27,13,0,60,8,0,8,68
09/12/2022,STT,VI,ASO,ES,Towers with Radar,14,14,0,0,28,0,32,31,0,63,14,46,31,0,91,0,0,0,91
09/13/2022,STT,VI,ASO,ES,Towers with Radar,12,15,3,0,30,0,28,47,0,75,12,43,50,0,105,14,0,14,119
09/14/2022,STT,VI,ASO,ES,Towers with Radar,12,18,4,0,34,0,28,21,0,49,12,46,25,0,83,8,0,8,91
09/15/2022,STT,VI,ASO,ES,Towers with Radar,14,24,11,0,49,0,25,22,3,50,14,49,33,3,99,0,0,0,99
09/16/2022,STT,VI,ASO,ES,Towers with Radar,16,14,8,0,38,0,37,7,2,46,16,51,15,2,84,0,0,0,84
09/17/2022,STT,VI,ASO,ES,Towers with Radar,10,0,0,0,10,0,0,0,0,0,10,0,0,0,10,0,0,0,10
09/18/2022,STT,VI,ASO,ES,Towers with Radar,0,0,0,0,0,0,0,0,0,0,0,0,0,0,0,0,0,0,0
09/19/2022,STT,VI,ASO,ES,Towers with Radar,16,10,0,0,26,0,9,9,0,18,16,19,9,0,44,0,0,0,44
09/20/2022,STT,VI,ASO,ES,Towers with Radar,12,18,6,0,36,0,29,24,6,59,12,47,30,6,95,0,0,0,95
09/21/2022,STT,VI,ASO,ES,Towers with Radar,12,21,9,0,42,7,29,32,1,69,19,50,41,1,111,7,0,7,118
09/22/2022,STT,VI,ASO,ES,Towers with Radar,14,18,4,0,36,0,36,25,2,63,14,54,29,2,99,28,0,28,127
09/23/2022,STT,VI,ASO,ES,Towers with Radar,20,16,6,0,42,0,36,22,2,60,20,52,28,2,102,0,0,0,102
09/24/2022,STT,VI,ASO,ES,Towers with Radar,21,6,5,0,32,0,21,13,0,34,21,27,18,0,66,6,0,6,72
09/25/2022,STT,VI,ASO,ES,Towers with Radar,17,7,4,2,30,0,19,34,0,53,17,26,38,2,83,12,0,12,95
09/26/2022,STT,VI,ASO,ES,Towers with Radar,16,16,2,0,34,0,40,25,0,65,16,56,27,0,99,14,0,14,113
09/27/2022,STT,VI,ASO,ES,Towers with Radar,14,16,11,0,41,0,36,43,0,79,14,52,54,0,120,24,0,24,144
09/28/2022,STT,VI,ASO,ES,Towers with Radar,12,11,10,0,33,0,31,22,0,53,12,42,32,0,86,22,0,22,108
09/29/2022,STT,VI,ASO,ES,Towers with Radar,11,18,7,0,36,0,36,15,0,51,11,54,22,0,87,24,0,24,111
09/30/2022,STT,VI,ASO,ES,Towers with Radar,16,14,0,0,30,0,41,27,2,70,16,55,27,2,100,18,0,18,118
10/01/2022,STT,VI,ASO,ES,Towers with Radar,22,9,7,0,38,0,22,16,0,38,22,31,23,0,76,0,0,0,76
10/02/2022,STT,VI,ASO,ES,Towers with Radar,18,8,6,0,32,0,19,18,0,37,18,27,24,0,69,0,0,0,69
10/03/2022,STT,VI,ASO,ES,Towers with Radar,14,20,1,0,35,0,31,14,2,47,14,51,15,2,82,12,0,12,94
10/04/2022,STT,VI,ASO,ES,Towers with Radar,12,16,3,0,31,0,20,23,0,43,12,36,26,0,74,28,0,28,102
10/05/2022,STT,VI,ASO,ES,Towers with Radar,12,21,3,0,36,0,36,20,0,56,12,57,23,0,92,14,0,14,106
10/06/2022,STT,VI,ASO,ES,Towers with Radar,14,20,0,0,34,0,40,23,1,64,14,60,23,1,98,4,0,4,102
10/07/2022,STT,VI,ASO,ES,Towers with Radar,20,16,11,0,47,0,52,26,0,78,20,68,37,0,125,0,0,0,125
10/08/2022,STT,VI,ASO,ES,Towers with Radar,31,7,4,0,42,0,27,13,0,40,31,34,17,0,82,0,0,0,82
10/09/2022,STT,VI,ASO,ES,Towers with Radar,19,10,11,0,40,0,19,22,0,41,19,29,33,0,81,12,0,12,93
10/10/2022,STT,VI,ASO,ES,Towers with Radar,16,9,5,0,30,0,46,26,0,72,16,55,31,0,102,14,0,14,116
10/11/2022,STT,VI,ASO,ES,Towers with Radar,12,19,3,0,34,0,38,34,2,74,12,57,37,2,108,44,0,44,152
10/12/2022,STT,VI,ASO,ES,Towers with Radar,13,18,3,0,34,0,31,26,0,57,13,49,29,0,91,22,0,22,113
10/13/2022,STT,VI,ASO,ES,Towers with Radar,14,27,6,0,47,0,33,25,2,60,14,60,31,2,107,38,0,38,145
10/14/2022,STT,VI,ASO,ES,Towers with Radar,16,19,11,0,46,0,35,24,2,61,16,54,35,2,107,0,0,0,107
10/15/2022,STT,VI,ASO,ES,Towers with Radar,31,7,8,3,49,0,29,13,1,43,31,36,21,4,92,0,0,0,92
10/16/2022,STT,VI,ASO,ES,Towers with Radar,18,13,4,0,35,0,20,13,0,33,18,33,17,0,68,4,0,4,72
10/17/2022,STT,VI,ASO,ES,Towers with Radar,15,16,1,0,32,0,36,16,0,52,15,52,17,0,84,18,0,18,102
10/18/2022,STT,VI,ASO,ES,Towers with Radar,14,17,7,0,38,0,35,30,0,65,14,52,37,0,103,20,0,20,123
10/19/2022,STT,VI,ASO,ES,Towers with Radar,12,19,4,2,37,0,33,19,2,54,12,52,23,4,91,4,0,4,95
10/20/2022,STT,VI,ASO,ES,Towers with Radar,14,21,2,2,39,0,48,22,0,70,14,69,24,2,109,0,0,0,109
10/21/2022,STT,VI,ASO,ES,Towers with Radar,18,19,8,0,45,0,40,24,1,65,18,59,32,1,110,20,0,20,130
10/22/2022,STT,VI,ASO,ES,Towers with Radar,31,7,2,0,40,0,20,28,0,48,31,27,30,0,88,15,0,15,103
10/23/2022,STT,VI,ASO,ES,Towers with Radar,19,6,5,0,30,0,28,20,0,48,19,34,25,0,78,0,0,0,78
10/24/2022,STT,VI,ASO,ES,Towers with Radar,16,13,3,6,38,0,37,18,0,55,16,50,21,6,93,0,0,0,93
10/25/2022,STT,VI,ASO,ES,Towers with Radar,13,25,1,0,39,0,33,26,0,59,13,58,27,0,98,6,0,6,104
10/26/2022,STT,VI,ASO,ES,Towers with Radar,12,38,7,0,57,0,14,8,0,22,12,52,15,0,79,0,0,0,79
10/27/2022,STT,VI,ASO,ES,Towers with Radar,14,28,3,0,45,0,33,13,0,46,14,61,16,0,91,26,0,26,117
10/28/2022,STT,VI,ASO,ES,Towers with Radar,17,20,9,0,46,0,46,35,2,83,17,66,44,2,129,14,0,14,143
10/29/2022,STT,VI,ASO,ES,Towers with Radar,30,12,5,0,47,0,20,19,0,39,30,32,24,0,86,22,0,22,108
10/30/2022,STT,VI,ASO,ES,Towers with Radar,19,16,4,0,39,0,23,12,0,35,19,39,16,0,74,0,0,0,74
10/31/2022,STT,VI,ASO,ES,Towers with Radar,17,20,5,0,42,0,43,16,0,59,17,63,21,0,101,0,0,0,101
11/01/2022,STT,VI,ASO,ES,Towers with Radar,16,21,9,2,48,0,31,21,0,52,16,52,30,2,100,16,0,16,116
11/02/2022,STT,VI,ASO,ES,Towers with Radar,16,22,6,0,44,0,35,16,3,54,16,57,22,3,98,8,0,8,106
11/03/2022,STT,VI,ASO,ES,Towers with Radar,21,19,18,0,58,0,39,19,5,63,21,58,37,5,121,0,6,6,127
11/04/2022,STT,VI,ASO,ES,Towers with Radar,22,18,11,0,51,0,43,12,0,55,22,61,23,0,106,0,0,0,106
11/05/2022,STT,VI,ASO,ES,Towers with Radar,43,12,17,0,72,0,9,5,0,14,43,21,22,0,86,0,0,0,86
11/06/2022,STT,VI,ASO,ES,Towers with Radar,22,8,3,0,33,0,25,19,0,44,22,33,22,0,77,0,0,0,77
11/07/2022,STT,VI,ASO,ES,Towers with Radar,21,17,9,0,47,0,41,20,0,61,21,58,29,0,108,4,0,4,112
11/08/2022,STT,VI,ASO,ES,Towers with Radar,23,19,7,2,51,0,30,22,0,52,23,49,29,2,103,0,0,0,103
11/09/2022,STT,VI,ASO,ES,Towers with Radar,19,16,12,0,47,0,34,23,0,57,19,50,35,0,104,4,0,4,108
11/10/2022,STT,VI,ASO,ES,Towers with Radar,20,17,4,0,41,0,39,23,1,63,20,56,27,1,104,0,0,0,104
11/11/2022,STT,VI,ASO,ES,Towers with Radar,20,12,8,0,40,0,43,30,0,73,20,55,38,0,113,0,0,0,113
11/12/2022,STT,VI,ASO,ES,Towers with Radar,40,14,15,0,69,0,26,18,0,44,40,40,33,0,113,0,0,0,113
11/13/2022,STT,VI,ASO,ES,Towers with Radar,22,13,6,0,41,0,26,14,0,40,22,39,20,0,81,0,0,0,81
11/14/2022,STT,VI,ASO,ES,Towers with Radar,22,17,9,0,48,0,46,17,0,63,22,63,26,0,111,16,0,16,127
11/15/2022,STT,VI,ASO,ES,Towers with Radar,22,18,11,0,51,0,34,43,0,77,22,52,54,0,128,0,0,0,128
11/16/2022,STT,VI,ASO,ES,Towers with Radar,22,16,13,0,51,0,38,62,0,100,22,54,75,0,151,14,0,14,165
11/17/2022,STT,VI,ASO,ES,Towers with Radar,23,17,6,0,46,0,52,31,0,83,23,69,37,0,129,20,0,20,149
11/18/2022,STT,VI,ASO,ES,Towers with Radar,22,15,10,0,47,0,43,25,0,68,22,58,35,0,115,0,0,0,115
11/19/2022,STT,VI,ASO,ES,Towers with Radar,43,17,17,1,78,0,23,33,0,56,43,40,50,1,134,18,0,18,152
11/20/2022,STT,VI,ASO,ES,Towers with Radar,22,10,13,1,46,0,18,19,4,41,22,28,32,5,87,25,0,25,112
11/21/2022,STT,VI,ASO,ES,Towers with Radar,23,26,15,1,65,0,37,10,4,51,23,63,25,5,116,0,0,0,116
11/22/2022,STT,VI,ASO,ES,Towers with Radar,21,25,14,2,62,0,35,16,0,51,21,60,30,2,113,0,0,0,113
11/23/2022,STT,VI,ASO,ES,Towers with Radar,23,23,5,0,51,0,54,25,2,81,23,77,30,2,132,0,0,0,132
11/24/2022,STT,VI,ASO,ES,Towers with Radar,17,12,2,0,31,0,31,13,0,44,17,43,15,0,75,0,0,0,75
11/25/2022,STT,VI,ASO,ES,Towers with Radar,22,21,4,0,47,0,38,22,0,60,22,59,26,0,107,0,0,0,107
11/26/2022,STT,VI,ASO,ES,Towers with Radar,42,17,9,0,68,0,18,26,0,44,42,35,35,0,112,0,0,0,112
11/27/2022,STT,VI,ASO,ES,Towers with Radar,26,19,16,0,61,0,39,32,0,71,26,58,48,0,132,0,0,0,132
11/28/2022,STT,VI,ASO,ES,Towers with Radar,22,20,18,1,61,0,40,32,0,72,22,60,50,1,133,4,0,4,137
11/29/2022,STT,VI,ASO,ES,Towers with Radar,23,20,12,0,55,0,35,24,0,59,23,55,36,0,114,0,0,0,114
11/30/2022,STT,VI,ASO,ES,Towers with Radar,24,23,10,0,57,0,36,36,3,75,24,59,46,3,132,9,0,9,141
12/01/2022,STT,VI,ASO,ES,Towers with Radar,24,22,8,0,54,0,37,31,0,68,24,59,39,0,122,0,0,0,122
12/02/2022,STT,VI,ASO,ES,Towers with Radar,24,19,13,0,56,0,38,20,0,58,24,57,33,0,114,0,0,0,114
12/03/2022,STT,VI,ASO,ES,Towers with Radar,39,12,4,0,55,0,26,9,0,35,39,38,13,0,90,0,0,0,90
12/04/2022,STT,VI,ASO,ES,Towers with Radar,25,11,2,0,38,0,20,12,0,32,25,31,14,0,70,5,0,5,75
12/05/2022,STT,VI,ASO,ES,Towers with Radar,24,25,7,0,56,0,39,22,0,61,24,64,29,0,117,0,0,0,117
12/06/2022,STT,VI,ASO,ES,Towers with Radar,24,27,3,0,54,0,21,30,0,51,24,48,33,0,105,0,0,0,105
12/07/2022,STT,VI,ASO,ES,Towers with Radar,24,23,11,0,58,0,34,31,2,67,24,57,42,2,125,2,0,2,127
12/08/2022,STT,VI,ASO,ES,Towers with Radar,24,27,9,0,60,0,38,41,0,79,24,65,50,0,139,2,0,2,141
12/09/2022,STT,VI,ASO,ES,Towers with Radar,25,21,13,0,59,0,47,42,0,89,25,68,55,0,148,18,0,18,166
12/10/2022,STT,VI,ASO,ES,Towers with Radar,38,16,4,0,58,0,38,26,0,64,38,54,30,0,122,18,0,18,140
12/11/2022,STT,VI,ASO,ES,Towers with Radar,24,12,7,0,43,0,30,17,0,47,24,42,24,0,90,14,0,14,104
12/12/2022,STT,VI,ASO,ES,Towers with Radar,24,21,5,0,50,0,43,34,0,77,24,64,39,0,127,14,0,14,141
12/13/2022,STT,VI,ASO,ES,Towers with Radar,24,22,10,3,59,0,45,38,0,83,24,67,48,3,142,0,0,0,142
12/14/2022,STT,VI,ASO,ES,Towers with Radar,24,22,10,0,56,0,45,23,0,68,24,67,33,0,124,0,0,0,124
12/15/2022,STT,VI,ASO,ES,Towers with Radar,28,21,7,0,56,0,52,50,0,102,28,73,57,0,158,12,0,12,170
12/16/2022,STT,VI,ASO,ES,Towers with Radar,28,18,7,2,55,0,50,25,0,75,28,68,32,2,130,0,0,0,130
12/17/2022,STT,VI,ASO,ES,Towers with Radar,46,17,11,2,76,0,28,22,0,50,46,45,33,2,126,0,0,0,126
12/18/2022,STT,VI,ASO,ES,Towers with Radar,36,20,6,0,62,0,25,36,0,61,36,45,42,0,123,0,0,0,123
12/19/2022,STT,VI,ASO,ES,Towers with Radar,35,24,9,0,68,0,43,29,0,72,35,67,38,0,140,0,0,0,140
12/20/2022,STT,VI,ASO,ES,Towers with Radar,34,17,5,0,56,0,39,34,5,78,34,56,39,5,134,22,0,22,156
12/21/2022,STT,VI,ASO,ES,Towers with Radar,33,24,0,0,57,0,30,29,1,60,33,54,29,1,117,17,0,17,134
12/22/2022,STT,VI,ASO,ES,Towers with Radar,32,29,8,0,69,0,44,14,0,58,32,73,22,0,127,0,0,0,127
12/23/2022,STT,VI,ASO,ES,Towers with Radar,33,26,17,0,76,0,45,39,0,84,33,71,56,0,160,0,0,0,160
12/24/2022,STT,VI,ASO,ES,Towers with Radar,41,8,6,0,55,0,22,24,0,46,41,30,30,0,101,0,0,0,101
12/25/2022,STT,VI,ASO,ES,Towers with Radar,32,7,2,0,41,0,14,21,0,35,32,21,23,0,76,4,0,4,80
12/26/2022,STT,VI,ASO,ES,Towers with Radar,37,17,43,2,99,0,41,28,0,69,37,58,71,2,168,0,0,0,168
12/27/2022,STT,VI,ASO,ES,Towers with Radar,38,35,20,0,93,0,43,22,0,65,38,78,42,0,158,2,0,2,160
12/28/2022,STT,VI,ASO,ES,Towers with Radar,35,45,18,0,98,0,30,22,0,52,35,75,40,0,150,0,0,0,150
12/29/2022,STT,VI,ASO,ES,Towers with Radar,34,48,7,0,89,0,24,17,0,41,34,72,24,0,130,0,0,0,130
12/30/2022,STT,VI,ASO,ES,Towers with Radar,34,42,11,0,87,0,36,25,0,61,34,78,36,0,148,0,0,0,148
12/31/2022,STT,VI,ASO,ES,Towers with Radar,40,28,7,0,75,0,32,11,0,43,40,60,18,0,118,0,0,0,118
01/01/2023,STT,VI,ASO,ES,Towers with Radar,37,29,12,0,78,0,24,15,0,39,37,53,27,0,117,16,0,16,133
01/02/2023,STT,VI,ASO,ES,Towers with Radar,38,43,29,0,110,0,32,36,0,68,38,75,65,0,178,16,0,16,194
01/03/2023,STT,VI,ASO,ES,Towers with Radar,35,27,22,0,84,0,47,42,2,91,35,74,64,2,175,8,0,8,183
01/04/2023,STT,VI,ASO,ES,Towers with Radar,34,32,11,0,77,0,46,48,0,94,34,78,59,0,171,0,0,0,171
01/05/2023,STT,VI,ASO,ES,Towers with Radar,30,27,11,0,68,0,54,50,0,104,30,81,61,0,172,24,0,24,196
01/06/2023,STT,VI,ASO,ES,Towers with Radar,30,13,5,0,48,0,43,21,0,64,30,56,26,0,112,13,0,13,125
01/07/2023,STT,VI,ASO,ES,Towers with Radar,43,19,20,0,82,0,38,19,0,57,43,57,39,0,139,5,0,5,144
01/08/2023,STT,VI,ASO,ES,Towers with Radar,35,16,9,0,60,0,46,48,0,94,35,62,57,0,154,0,0,0,154
01/09/2023,STT,VI,ASO,ES,Towers with Radar,31,24,8,0,63,0,53,46,0,99,31,77,54,0,162,0,0,0,162
01/10/2023,STT,VI,ASO,ES,Towers with Radar,29,22,9,0,60,0,40,41,0,81,29,62,50,0,141,22,0,22,163
01/11/2023,STT,VI,ASO,ES,Towers with Radar,29,22,8,0,59,0,32,33,0,65,29,54,41,0,124,30,0,30,154
01/12/2023,STT,VI,ASO,ES,Towers with Radar,29,21,16,0,66,0,37,36,0,73,29,58,52,0,139,8,0,8,147
01/13/2023,STT,VI,ASO,ES,Towers with Radar,30,19,16,0,65,0,37,15,0,52,30,56,31,0,117,0,0,0,117
01/14/2023,STT,VI,ASO,ES,Towers with Radar,43,19,11,2,75,0,21,15,0,36,43,40,26,2,111,0,0,0,111
01/15/2023,STT,VI,ASO,ES,Towers with Radar,32,14,8,0,54,0,15,25,0,40,32,29,33,0,94,0,0,0,94
01/16/2023,STT,VI,ASO,ES,Towers with Radar,28,29,18,0,75,0,27,26,0,53,28,56,44,0,128,0,0,0,128
01/17/2023,STT,VI,ASO,ES,Towers with Radar,30,22,5,4,61,0,37,57,0,94,30,59,62,4,155,0,0,0,155
01/18/2023,STT,VI,ASO,ES,Towers with Radar,28,20,7,0,55,0,28,17,1,46,28,48,24,1,101,0,0,0,101
01/19/2023,STT,VI,ASO,ES,Towers with Radar,28,22,7,0,57,0,32,22,1,55,28,54,29,1,112,20,0,20,132
01/20/2023,STT,VI,ASO,ES,Towers with Radar,30,15,16,0,61,0,25,28,0,53,30,40,44,0,114,0,0,0,114
01/21/2023,STT,VI,ASO,ES,Towers with Radar,41,9,17,0,67,0,14,19,0,33,41,23,36,0,100,0,0,0,100
01/22/2023,STT,VI,ASO,ES,Towers with Radar,32,12,11,0,55,0,23,9,0,32,32,35,20,0,87,40,0,40,127
01/23/2023,STT,VI,ASO,ES,Towers with Radar,27,22,4,0,53,0,38,20,1,59,27,60,24,1,112,22,0,22,134
01/24/2023,STT,VI,ASO,ES,Towers with Radar,30,22,13,5,70,0,31,35,0,66,30,53,48,5,136,30,0,30,166
01/25/2023,STT,VI,ASO,ES,Towers with Radar,27,20,4,0,51,0,36,29,0,65,27,56,33,0,116,0,0,0,116
01/26/2023,STT,VI,ASO,ES,Towers with Radar,28,23,9,0,60,0,30,38,0,68,28,53,47,0,128,20,0,20,148
01/27/2023,STT,VI,ASO,ES,Towers with Radar,30,18,11,0,59,0,36,23,0,59,30,54,34,0,118,0,0,0,118
01/28/2023,STT,VI,ASO,ES,Towers with Radar,46,10,11,0,67,0,22,27,0,49,46,32,38,0,116,6,0,6,122
01/29/2023,STT,VI,ASO,ES,Towers with Radar,33,10,11,0,54,0,18,17,0,35,33,28,28,0,89,0,0,0,89
01/30/2023,STT,VI,ASO,ES,Towers with Radar,33,16,11,0,60,0,39,17,0,56,33,55,28,0,116,24,0,24,140
01/31/2023,STT,VI,ASO,ES,Towers with Radar,30,19,6,2,57,0,31,38,0,69,30,50,44,2,126,0,0,0,126
02/01/2023,STT,VI,ASO,ES,Towers with Radar,29,17,11,0,57,0,36,32,0,68,29,53,43,0,125,18,0,18,143
02/02/2023,STT,VI,ASO,ES,Towers with Radar,28,23,14,1,66,0,38,28,2,68,28,61,42,3,134,4,0,4,138
02/03/2023,STT,VI,ASO,ES,Towers with Radar,32,19,14,0,65,0,30,21,1,52,32,49,35,1,117,4,0,4,121
02/04/2023,STT,VI,ASO,ES,Towers with Radar,43,12,23,0,78,0,24,20,0,44,43,36,43,0,122,0,0,0,122
02/05/2023,STT,VI,ASO,ES,Towers with Radar,36,13,11,0,60,0,17,8,0,25,36,30,19,0,85,0,0,0,85
02/06/2023,STT,VI,ASO,ES,Towers with Radar,30,12,8,0,50,0,41,21,0,62,30,53,29,0,112,0,0,0,112
02/07/2023,STT,VI,ASO,ES,Towers with Radar,33,24,3,0,60,0,29,15,0,44,33,53,18,0,104,0,0,0,104
02/08/2023,STT,VI,ASO,ES,Towers with Radar,31,23,8,0,62,0,34,24,0,58,31,57,32,0,120,4,0,4,124
02/09/2023,STT,VI,ASO,ES,Towers with Radar,30,23,12,0,65,0,45,23,0,68,30,68,35,0,133,0,0,0,133
02/10/2023,STT,VI,ASO,ES,Towers with Radar,32,20,9,0,61,0,42,18,0,60,32,62,27,0,121,4,0,4,125
02/11/2023,STT,VI,ASO,ES,Towers with Radar,45,13,11,0,69,0,27,23,0,50,45,40,34,0,119,0,0,0,119
02/12/2023,STT,VI,ASO,ES,Towers with Radar,34,15,8,1,58,0,37,16,0,53,34,52,24,1,111,0,0,0,111
02/13/2023,STT,VI,ASO,ES,Towers with Radar,31,17,3,0,51,0,43,23,0,66,31,60,26,0,117,0,0,0,117
02/14/2023,STT,VI,ASO,ES,Towers with Radar,34,27,2,0,63,0,31,28,0,59,34,58,30,0,122,7,0,7,129
02/15/2023,STT,VI,ASO,ES,Towers with Radar,30,24,12,0,66,0,44,31,0,75,30,68,43,0,141,13,0,13,154
02/16/2023,STT,VI,ASO,ES,Towers with Radar,28,20,7,0,55,0,35,28,2,65,28,55,35,2,120,5,0,5,125
02/17/2023,STT,VI,ASO,ES,Towers with Radar,31,20,7,0,58,0,73,43,1,117,31,93,50,1,175,0,0,0,175
02/18/2023,STT,VI,ASO,ES,Towers with Radar,43,14,9,0,66,0,31,45,0,76,43,45,54,0,142,0,0,0,142
02/19/2023,STT,VI,ASO,ES,Towers with Radar,39,16,8,0,63,0,34,17,0,51,39,50,25,0,114,10,0,10,124
02/20/2023,STT,VI,ASO,ES,Towers with Radar,29,13,13,0,55,0,46,40,0,86,29,59,53,0,141,6,0,6,147
02/21/2023,STT,VI,ASO,ES,Towers with Radar,31,24,10,0,65,0,48,48,0,96,31,72,58,0,161,18,0,18,179
02/22/2023,STT,VI,ASO,ES,Towers with Radar,28,18,4,0,50,0,35,17,0,52,28,53,21,0,102,0,0,0,102
02/23/2023,STT,VI,ASO,ES,Towers with Radar,28,23,10,0,61,0,54,19,0,73,28,77,29,0,134,0,0,0,134
02/24/2023,STT,VI,ASO,ES,Towers with Radar,32,19,6,0,57,0,49,22,0,71,32,68,28,0,128,0,0,0,128
02/25/2023,STT,VI,ASO,ES,Towers with Radar,42,17,19,0,78,0,45,20,0,65,42,62,39,0,143,0,0,0,143
02/26/2023,STT,VI,ASO,ES,Towers with Radar,37,12,14,0,63,0,30,23,0,53,37,42,37,0,116,0,0,0,116
02/27/2023,STT,VI,ASO,ES,Towers with Radar,28,24,6,0,58,0,46,29,1,76,28,70,35,1,134,12,0,12,146
02/28/2023,STT,VI,ASO,ES,Towers with Radar,30,26,9,0,65,0,32,34,0,66,30,58,43,0,131,18,0,18,149
03/01/2023,STT,VI,ASO,ES,Towers with Radar,28,25,1,0,54,0,30,27,0,57,28,55,28,0,111,6,0,6,117
03/02/2023,STT,VI,ASO,ES,Towers with Radar,28,19,13,0,60,0,49,24,1,74,28,68,37,1,134,44,0,44,178
03/03/2023,STT,VI,ASO,ES,Towers with Radar,32,20,19,0,71,0,44,32,0,76,32,64,51,0,147,22,0,22,169
03/04/2023,STT,VI,ASO,ES,Towers with Radar,42,17,16,0,75,0,31,13,0,44,42,48,29,0,119,0,0,0,119
03/05/2023,STT,VI,ASO,ES,Towers with Radar,37,17,10,0,64,0,36,19,0,55,37,53,29,0,119,0,0,0,119
03/06/2023,STT,VI,ASO,ES,Towers with Radar,28,21,2,0,51,0,38,26,0,64,28,59,28,0,115,16,0,16,131
03/07/2023,STT,VI,ASO,ES,Towers with Radar,30,19,7,0,56,0,40,19,0,59,30,59,26,0,115,8,0,8,123
03/08/2023,STT,VI,ASO,ES,Towers with Radar,29,16,16,6,67,0,28,26,0,54,29,44,42,6,121,14,0,14,135
03/09/2023,STT,VI,ASO,ES,Towers with Radar,32,23,5,0,60,0,38,33,2,73,32,61,38,2,133,24,0,24,157
03/10/2023,STT,VI,ASO,ES,Towers with Radar,33,35,7,0,75,0,57,21,4,82,33,92,28,4,157,2,0,2,159
03/11/2023,STT,VI,ASO,ES,Towers with Radar,44,29,30,0,103,0,36,43,0,79,44,65,73,0,182,0,0,0,182
03/12/2023,STT,VI,ASO,ES,Towers with Radar,34,13,11,0,58,0,39,38,0,77,34,52,49,0,135,0,0,0,135
03/13/2023,STT,VI,ASO,ES,Towers with Radar,32,20,8,0,60,0,34,32,0,66,32,54,40,0,126,10,0,10,136
03/14/2023,STT,VI,ASO,ES,Towers with Radar,30,22,2,0,54,0,33,29,0,62,30,55,31,0,116,4,0,4,120
03/15/2023,STT,VI,ASO,ES,Towers with Radar,30,20,9,0,59,0,34,38,0,72,30,54,47,0,131,4,0,4,135
03/16/2023,STT,VI,ASO,ES,Towers with Radar,30,26,10,0,66,0,41,26,2,69,30,67,36,2,135,0,6,6,141
03/17/2023,STT,VI,ASO,ES,Towers with Radar,33,22,13,0,68,0,41,30,1,72,33,63,43,1,140,0,0,0,140
03/18/2023,STT,VI,ASO,ES,Towers with Radar,42,15,35,0,92,0,38,21,0,59,42,53,56,0,151,0,0,0,151
03/19/2023,STT,VI,ASO,ES,Towers with Radar,36,12,23,0,71,0,32,26,2,60,36,44,49,2,131,8,0,8,139
03/20/2023,STT,VI,ASO,ES,Towers with Radar,30,20,8,0,58,0,39,25,0,64,30,59,33,0,122,8,0,8,130
03/21/2023,STT,VI,ASO,ES,Towers with Radar,30,29,9,0,68,0,32,50,0,82,30,61,59,0,150,24,0,24,174
03/22/2023,STT,VI,ASO,ES,Towers with Radar,29,29,19,0,77,0,33,24,4,61,29,62,43,4,138,16,0,16,154
03/23/2023,STT,VI,ASO,ES,Towers with Radar,29,21,19,0,69,0,31,24,0,55,29,52,43,0,124,20,0,20,144
03/24/2023,STT,VI,ASO,ES,Towers with Radar,32,26,14,0,72,0,37,36,0,73,32,63,50,0,145,17,0,17,162
03/25/2023,STT,VI,ASO,ES,Towers with Radar,42,21,13,0,76,0,28,25,0,53,42,49,38,0,129,14,0,14,143
03/26/2023,STT,VI,ASO,ES,Towers with Radar,32,22,6,0,60,0,35,41,0,76,32,57,47,0,136,0,0,0,136
03/27/2023,STT,VI,ASO,ES,Towers with Radar,32,20,8,0,60,0,38,27,0,65,32,58,35,0,125,10,0,10,135
03/28/2023,STT,VI,ASO,ES,Towers with Radar,31,23,14,0,68,0,33,47,0,80,31,56,61,0,148,22,0,22,170
03/29/2023,STT,VI,ASO,ES,Towers with Radar,29,24,8,0,61,0,21,43,0,64,29,45,51,0,125,0,0,0,125
03/30/2023,STT,VI,ASO,ES,Towers with Radar,31,18,7,0,56,0,41,40,0,81,31,59,47,0,137,6,0,6,143
03/31/2023,STT,VI,ASO,ES,Towers with Radar,32,23,14,0,69,0,43,30,0,73,32,66,44,0,142,0,0,0,142
04/01/2023,STT,VI,ASO,ES,Towers with Radar,40,14,24,0,78,0,38,27,0,65,40,52,51,0,143,0,0,0,143
04/02/2023,STT,VI,ASO,ES,Towers with Radar,35,10,10,0,55,0,33,32,0,65,35,43,42,0,120,0,0,0,120
04/03/2023,STT,VI,ASO,ES,Towers with Radar,34,22,5,0,61,0,33,9,0,42,34,55,14,0,103,0,0,0,103
04/04/2023,STT,VI,ASO,ES,Towers with Radar,28,24,4,2,58,0,32,20,1,53,28,56,24,3,111,0,0,0,111
04/05/2023,STT,VI,ASO,ES,Towers with Radar,26,28,10,0,64,0,34,33,0,67,26,62,43,0,131,0,0,0,131
04/06/2023,STT,VI,ASO,ES,Towers with Radar,26,23,22,0,71,0,25,25,0,50,26,48,47,0,121,6,0,6,127
04/07/2023,STT,VI,ASO,ES,Towers with Radar,27,15,11,0,53,0,32,20,0,52,27,47,31,0,105,14,0,14,119
04/08/2023,STT,VI,ASO,ES,Towers with Radar,36,26,10,0,72,0,25,13,0,38,36,51,23,0,110,6,0,6,116
04/09/2023,STT,VI,ASO,ES,Towers with Radar,34,10,10,0,54,0,27,14,0,41,34,37,24,0,95,0,0,0,95
04/10/2023,STT,VI,ASO,ES,Towers with Radar,27,23,18,0,68,0,34,27,0,61,27,57,45,0,129,8,0,8,137
04/11/2023,STT,VI,ASO,ES,Towers with Radar,26,31,8,0,65,0,28,28,3,59,26,59,36,3,124,4,0,4,128
04/12/2023,STT,VI,ASO,ES,Towers with Radar,24,20,1,0,45,0,37,31,0,68,24,57,32,0,113,10,0,10,123
04/13/2023,STT,VI,ASO,ES,Towers with Radar,24,25,8,0,57,0,38,21,0,59,24,63,29,0,116,0,0,0,116
04/14/2023,STT,VI,ASO,ES,Towers with Radar,29,16,10,0,55,0,48,31,0,79,29,64,41,0,134,7,0,7,141
04/15/2023,STT,VI,ASO,ES,Towers with Radar,36,13,21,0,70,0,41,17,0,58,36,54,38,0,128,4,0,4,132
04/16/2023,STT,VI,ASO,ES,Towers with Radar,31,10,5,0,46,0,26,25,2,53,31,36,30,2,99,28,0,28,127
04/17/2023,STT,VI,ASO,ES,Towers with Radar,29,22,5,1,57,0,40,22,0,62,29,62,27,1,119,6,0,6,125
04/18/2023,STT,VI,ASO,ES,Towers with Radar,30,22,12,0,64,0,38,20,2,60,30,60,32,2,124,0,0,0,124
04/19/2023,STT,VI,ASO,ES,Towers with Radar,26,23,6,0,55,0,31,29,0,60,26,54,35,0,115,0,0,0,115
04/20/2023,STT,VI,ASO,ES,Towers with Radar,28,20,9,0,57,0,35,32,0,67,28,55,41,0,124,8,0,8,132
04/21/2023,STT,VI,ASO,ES,Towers with Radar,30,18,6,0,54,0,49,26,5,80,30,67,32,5,134,7,0,7,141
04/22/2023,STT,VI,ASO,ES,Towers with Radar,42,15,17,0,74,0,34,19,0,53,42,49,36,0,127,12,0,12,139
04/23/2023,STT,VI,ASO,ES,Towers with Radar,28,11,13,0,52,0,31,18,0,49,28,42,31,0,101,0,0,0,101
04/24/2023,STT,VI,ASO,ES,Towers with Radar,28,20,3,0,51,0,38,36,0,74,28,58,39,0,125,0,0,0,125
04/25/2023,STT,VI,ASO,ES,Towers with Radar,26,22,8,2,58,0,48,51,0,99,26,70,59,2,157,2,0,2,159
04/26/2023,STT,VI,ASO,ES,Towers with Radar,25,23,2,0,50,0,47,34,2,83,25,70,36,2,133,8,0,8,141
04/27/2023,STT,VI,ASO,ES,Towers with Radar,26,13,7,0,46,0,42,25,0,67,26,55,32,0,113,0,0,0,113
04/28/2023,STT,VI,ASO,ES,Towers with Radar,28,9,6,0,43,0,35,34,0,69,28,44,40,0,112,0,0,0,112
04/29/2023,STT,VI,ASO,ES,Towers with Radar,37,18,8,0,63,0,31,40,0,71,37,49,48,0,134,10,4,14,148
04/30/2023,STT,VI,ASO,ES,Towers with Radar,29,9,6,5,49,0,39,40,0,79,29,48,46,5,128,0,0,0,128
05/01/2023,STT,VI,ASO,ES,Towers with Radar,22,23,12,0,57,0,40,35,0,75,22,63,47,0,132,0,0,0,132
05/02/2023,STT,VI,ASO,ES,Towers with Radar,30,22,8,0,60,0,40,37,1,78,30,62,45,1,138,6,0,6,144
05/03/2023,STT,VI,ASO,ES,Towers with Radar,25,24,11,0,60,0,32,40,0,72,25,56,51,0,132,0,0,0,132
05/04/2023,STT,VI,ASO,ES,Towers with Radar,27,22,6,4,59,0,57,31,3,91,27,79,37,7,150,0,0,0,150
05/05/2023,STT,VI,ASO,ES,Towers with Radar,22,17,11,1,51,0,33,41,0,74,22,50,52,1,125,4,0,4,129
05/06/2023,STT,VI,ASO,ES,Towers with Radar,33,12,5,0,50,0,33,27,0,60,33,45,32,0,110,6,0,6,116
05/07/2023,STT,VI,ASO,ES,Towers with Radar,26,17,11,0,54,0,37,38,2,77,26,54,49,2,131,6,0,6,137
05/08/2023,STT,VI,ASO,ES,Towers with Radar,19,24,4,0,47,0,34,36,0,70,19,58,40,0,117,0,0,0,117
05/09/2023,STT,VI,ASO,ES,Towers with Radar,20,27,5,0,52,0,40,57,0,97,20,67,62,0,149,0,0,0,149
05/10/2023,STT,VI,ASO,ES,Towers with Radar,20,23,6,2,51,0,26,43,2,71,20,49,49,4,122,4,0,4,126
05/11/2023,STT,VI,ASO,ES,Towers with Radar,23,19,19,0,61,0,37,43,0,80,23,56,62,0,141,4,0,4,145
05/12/2023,STT,VI,ASO,ES,Towers with Radar,21,17,4,0,42,0,34,38,0,72,21,51,42,0,114,2,0,2,116
05/13/2023,STT,VI,ASO,ES,Towers with Radar,35,8,7,0,50,0,30,35,0,65,35,38,42,0,115,8,0,8,123
05/14/2023,STT,VI,ASO,ES,Towers with Radar,27,8,5,0,40,0,33,30,0,63,27,41,35,0,103,14,0,14,117
05/15/2023,STT,VI,ASO,ES,Towers with Radar,21,22,6,3,52,0,35,33,0,68,21,57,39,3,120,8,0,8,128
05/16/2023,STT,VI,ASO,ES,Towers with Radar,24,21,2,0,47,0,28,36,0,64,24,49,38,0,111,10,0,10,121
05/17/2023,STT,VI,ASO,ES,Towers with Radar,21,27,6,0,54,0,18,41,0,59,21,45,47,0,113,28,0,28,141
05/18/2023,STT,VI,ASO,ES,Towers with Radar,20,21,7,0,48,0,34,31,0,65,20,55,38,0,113,10,0,10,123
05/19/2023,STT,VI,ASO,ES,Towers with Radar,22,18,7,0,47,0,36,42,0,78,22,54,49,0,125,16,0,16,141
05/20/2023,STT,VI,ASO,ES,Towers with Radar,34,10,5,0,49,0,35,49,0,84,34,45,54,0,133,24,0,24,157
05/21/2023,STT,VI,ASO,ES,Towers with Radar,26,12,4,0,42,0,32,36,0,68,26,44,40,0,110,10,0,10,120
05/22/2023,STT,VI,ASO,ES,Towers with Radar,24,23,8,0,55,0,31,34,0,65,24,54,42,0,120,6,0,6,126
05/23/2023,STT,VI,ASO,ES,Towers with Radar,25,23,4,0,52,0,29,43,0,72,25,52,47,0,124,0,0,0,124
05/24/2023,STT,VI,ASO,ES,Towers with Radar,18,24,8,0,50,0,33,41,0,74,18,57,49,0,124,2,0,2,126
05/25/2023,STT,VI,ASO,ES,Towers with Radar,20,23,10,0,53,0,38,44,2,84,20,61,54,2,137,8,0,8,145
05/26/2023,STT,VI,ASO,ES,Towers with Radar,25,15,11,0,51,0,51,59,1,111,25,66,70,1,162,0,0,0,162
05/27/2023,STT,VI,ASO,ES,Towers with Radar,34,9,16,0,59,0,32,53,0,85,34,41,69,0,144,20,0,20,164
05/28/2023,STT,VI,ASO,ES,Towers with Radar,24,11,8,0,43,0,25,29,0,54,24,36,37,0,97,24,0,24,121
05/29/2023,STT,VI,ASO,ES,Towers with Radar,21,13,12,0,46,0,28,40,0,68,21,41,52,0,114,14,0,14,128
05/30/2023,STT,VI,ASO,ES,Towers with Radar,24,22,4,0,50,0,42,38,0,80,24,64,42,0,130,10,0,10,140
05/31/2023,STT,VI,ASO,ES,Towers with Radar,18,27,15,0,60,0,33,44,0,77,18,60,59,0,137,8,0,8,145
06/01/2023,STT,VI,ASO,ES,Towers with Radar,21,18,8,0,47,0,32,41,0,73,21,50,49,0,120,0,0,0,120
06/02/2023,STT,VI,ASO,ES,Towers with Radar,25,20,8,0,53,0,44,39,0,83,25,64,47,0,136,0,0,0,136
06/03/2023,STT,VI,ASO,ES,Towers with Radar,37,13,9,0,59,0,31,34,0,65,37,44,43,0,124,6,0,6,130
06/04/2023,STT,VI,ASO,ES,Towers with Radar,28,11,7,0,46,0,29,27,0,56,28,40,34,0,102,0,0,0,102
06/05/2023,STT,VI,ASO,ES,Towers with Radar,25,22,15,6,68,0,31,25,2,58,25,53,40,8,126,32,0,32,158
06/06/2023,STT,VI,ASO,ES,Towers with Radar,27,24,4,0,55,0,28,35,0,63,27,52,39,0,118,6,0,6,124
06/07/2023,STT,VI,ASO,ES,Towers with Radar,22,29,4,0,55,0,32,34,0,66,22,61,38,0,121,16,0,16,137
06/08/2023,STT,VI,ASO,ES,Towers with Radar,24,26,3,0,53,0,28,53,0,81,24,54,56,0,134,0,0,0,134
06/09/2023,STT,VI,ASO,ES,Towers with Radar,22,23,3,0,48,0,47,45,0,92,22,70,48,0,140,4,0,4,144
06/10/2023,STT,VI,ASO,ES,Towers with Radar,37,9,10,0,56,0,33,36,0,69,37,42,46,0,125,0,0,0,125
06/11/2023,STT,VI,ASO,ES,Towers with Radar,29,12,7,0,48,0,34,30,0,64,29,46,37,0,112,0,0,0,112
06/12/2023,STT,VI,ASO,ES,Towers with Radar,28,26,17,3,74,0,28,28,0,56,28,54,45,3,130,40,0,40,170
06/13/2023,STT,VI,ASO,ES,Towers with Radar,29,26,9,2,66,0,30,37,0,67,29,56,46,2,133,4,0,4,137
06/14/2023,STT,VI,ASO,ES,Towers with Radar,24,24,4,0,52,0,35,38,0,73,24,59,42,0,125,14,0,14,139
06/15/2023,STT,VI,ASO,ES,Towers with Radar,26,25,12,0,63,0,40,45,0,85,26,65,57,0,148,6,0,6,154
06/16/2023,STT,VI,ASO,ES,Towers with Radar,26,20,7,0,53,0,50,53,0,103,26,70,60,0,156,0,0,0,156
06/17/2023,STT,VI,ASO,ES,Towers with Radar,39,12,7,0,58,0,29,30,0,59,39,41,37,0,117,10,0,10,127
06/18/2023,STT,VI,ASO,ES,Towers with Radar,29,11,9,0,49,0,23,40,0,63,29,34,49,0,112,10,0,10,122
06/19/2023,STT,VI,ASO,ES,Towers with Radar,26,7,9,0,42,0,37,56,0,93,26,44,65,0,135,0,0,0,135
06/20/2023,STT,VI,ASO,ES,Towers with Radar,25,16,7,0,48,0,44,50,1,95,25,60,57,1,143,10,0,10,153
06/21/2023,STT,VI,ASO,ES,Towers with Radar,23,17,3,0,43,0,29,41,0,70,23,46,44,0,113,4,0,4,117
06/22/2023,STT,VI,ASO,ES,Towers with Radar,30,15,8,0,53,0,35,36,1,72,30,50,44,1,125,2,0,2,127
06/23/2023,STT,VI,ASO,ES,Towers with Radar,26,17,10,0,53,0,28,31,0,59,26,45,41,0,112,0,0,0,112
06/24/2023,STT,VI,ASO,ES,Towers with Radar,39,8,11,0,58,0,26,34,0,60,39,34,45,0,118,0,0,0,118
06/25/2023,STT,VI,ASO,ES,Towers with Radar,31,7,5,0,43,0,30,44,0,74,31,37,49,0,117,4,0,4,121
06/26/2023,STT,VI,ASO,ES,Towers with Radar,29,20,4,0,53,0,36,38,0,74,29,56,42,0,127,0,0,0,127
06/27/2023,STT,VI,ASO,ES,Towers with Radar,0,0,0,0,0,0,0,0,0,0,0,0,0,0,0,0,0,0,0
06/28/2023,STT,VI,ASO,ES,Towers with Radar,22,23,3,0,48,0,35,49,0,84,22,58,52,0,132,12,0,12,144
06/29/2023,STT,VI,ASO,ES,Towers with Radar,26,28,12,0,66,0,19,37,2,58,26,47,49,2,124,68,0,68,192
06/30/2023,STT,VI,ASO,ES,Towers with Radar,26,21,13,0,60,0,42,67,0,109,26,63,80,0,169,6,0,6,175
07/01/2023,STT,VI,ASO,ES,Towers with Radar,38,15,5,0,58,0,29,44,0,73,38,44,49,0,131,28,0,28,159
07/02/2023,STT,VI,ASO,ES,Towers with Radar,33,10,4,0,47,0,39,30,0,69,33,49,34,0,116,36,0,36,152
07/03/2023,STT,VI,ASO,ES,Towers with Radar,25,20,4,0,49,0,32,38,0,70,25,52,42,0,119,0,0,0,119
07/04/2023,STT,VI,ASO,ES,Towers with Radar,28,12,2,0,42,0,20,33,0,53,28,32,35,0,95,0,0,0,95
07/05/2023,STT,VI,ASO,ES,Towers with Radar,22,26,0,0,48,0,30,44,2,76,22,56,44,2,124,34,0,34,158
07/06/2023,STT,VI,ASO,ES,Towers with Radar,26,29,1,0,56,0,32,49,0,81,26,61,50,0,137,10,0,10,147
07/07/2023,STT,VI,ASO,ES,Towers with Radar,28,18,10,0,56,0,36,42,0,78,28,54,52,0,134,2,0,2,136
07/08/2023,STT,VI,ASO,ES,Towers with Radar,38,10,9,0,57,0,26,18,0,44,38,36,27,0,101,0,0,0,101
07/09/2023,STT,VI,ASO,ES,Towers with Radar,32,10,7,0,49,0,28,42,0,70,32,38,49,0,119,28,0,28,147
07/10/2023,STT,VI,ASO,ES,Towers with Radar,28,25,5,0,58,0,25,37,0,62,28,50,42,0,120,0,0,0,120
07/11/2023,STT,VI,ASO,ES,Towers with Radar,31,23,1,0,55,0,26,31,0,57,31,49,32,0,112,14,0,14,126
07/12/2023,STT,VI,ASO,ES,Towers with Radar,22,25,1,0,48,0,27,33,0,60,22,52,34,0,108,0,0,0,108
07/13/2023,STT,VI,ASO,ES,Towers with Radar,28,30,7,0,65,0,41,33,4,78,28,71,40,4,143,0,0,0,143
07/14/2023,STT,VI,ASO,ES,Towers with Radar,26,19,4,0,49,0,39,48,0,87,26,58,52,0,136,4,0,4,140
07/15/2023,STT,VI,ASO,ES,Towers with Radar,38,11,3,0,52,0,33,45,0,78,38,44,48,0,130,48,0,48,178
07/16/2023,STT,VI,ASO,ES,Towers with Radar,25,13,5,0,43,0,27,38,0,65,25,40,43,0,108,20,0,20,128
07/17/2023,STT,VI,ASO,ES,Towers with Radar,28,28,6,0,62,0,33,35,0,68,28,61,41,0,130,2,0,2,132
07/18/2023,STT,VI,ASO,ES,Towers with Radar,26,23,2,0,51,0,33,44,0,77,26,56,46,0,128,3,0,3,131
07/19/2023,STT,VI,ASO,ES,Towers with Radar,22,21,10,0,53,0,36,36,0,72,22,57,46,0,125,6,0,6,131
07/20/2023,STT,VI,ASO,ES,Towers with Radar,26,26,6,0,58,0,35,38,0,73,26,61,44,0,131,16,0,16,147
07/21/2023,STT,VI,ASO,ES,Towers with Radar,29,16,8,0,53,0,36,49,0,85,29,52,57,0,138,52,0,52,190
07/22/2023,STT,VI,ASO,ES,Towers with Radar,39,15,11,0,65,0,22,44,0,66,39,37,55,0,131,4,0,4,135
07/23/2023,STT,VI,ASO,ES,Towers with Radar,32,12,3,0,47,0,16,33,0,49,32,28,36,0,96,0,0,0,96
07/24/2023,STT,VI,ASO,ES,Towers with Radar,25,28,7,0,60,0,24,33,0,57,25,52,40,0,117,0,0,0,117
07/25/2023,STT,VI,ASO,ES,Towers with Radar,24,29,2,0,55,0,28,25,0,53,24,57,27,0,108,0,0,0,108
07/26/2023,STT,VI,ASO,ES,Towers with Radar,22,21,7,0,50,0,31,40,0,71,22,52,47,0,121,10,0,10,131
07/27/2023,STT,VI,ASO,ES,Towers with Radar,26,24,3,0,53,0,31,33,0,64,26,55,36,0,117,38,0,38,155
07/28/2023,STT,VI,ASO,ES,Towers with Radar,24,20,9,0,53,0,36,51,0,87,24,56,60,0,140,33,0,33,173
07/29/2023,STT,VI,ASO,ES,Towers with Radar,37,11,10,0,58,0,24,41,0,65,37,35,51,0,123,22,0,22,145
07/30/2023,STT,VI,ASO,ES,Towers with Radar,32,11,6,0,49,0,19,30,0,49,32,30,36,0,98,0,0,0,98
07/31/2023,STT,VI,ASO,ES,Towers with Radar,27,29,2,0,58,0,34,40,0,74,27,63,42,0,132,0,0,0,132
08/01/2023,STT,VI,ASO,ES,Towers with Radar,30,24,7,0,61,0,29,46,2,77,30,53,53,2,138,0,0,0,138
08/02/2023,STT,VI,ASO,ES,Towers with Radar,22,23,4,8,57,0,27,40,0,67,22,50,44,8,124,0,0,0,124
08/03/2023,STT,VI,ASO,ES,Towers with Radar,29,23,3,0,55,0,34,58,3,95,29,57,61,3,150,20,0,20,170
08/04/2023,STT,VI,ASO,ES,Towers with Radar,26,22,7,0,55,0,37,57,0,94,26,59,64,0,149,0,0,0,149
08/05/2023,STT,VI,ASO,ES,Towers with Radar,38,14,12,1,65,0,19,39,0,58,38,33,51,1,123,16,2,18,141
08/06/2023,STT,VI,ASO,ES,Towers with Radar,33,7,4,0,44,0,33,29,0,62,33,40,33,0,106,4,0,4,110
08/07/2023,STT,VI,ASO,ES,Towers with Radar,28,28,2,0,58,0,54,29,0,83,28,82,31,0,141,6,0,6,147
08/08/2023,STT,VI,ASO,ES,Towers with Radar,26,25,5,0,56,0,49,43,0,92,26,74,48,0,148,20,0,20,168
08/09/2023,STT,VI,ASO,ES,Towers with Radar,21,25,8,0,54,0,51,36,1,88,21,76,44,1,142,0,0,0,142
08/10/2023,STT,VI,ASO,ES,Towers with Radar,21,20,6,0,47,0,52,49,0,101,21,72,55,0,148,0,0,0,148
08/11/2023,STT,VI,ASO,ES,Towers with Radar,25,17,8,0,50,0,64,34,0,98,25,81,42,0,148,12,0,12,160
08/12/2023,STT,VI,ASO,ES,Towers with Radar,39,8,8,0,55,0,43,39,0,82,39,51,47,0,137,4,0,4,141
08/13/2023,STT,VI,ASO,ES,Towers with Radar,28,9,5,0,42,0,45,37,0,82,28,54,42,0,124,4,0,4,128
08/14/2023,STT,VI,ASO,ES,Towers with Radar,20,20,7,0,47,0,57,57,0,114,20,77,64,0,161,6,0,6,167
08/15/2023,STT,VI,ASO,ES,Towers with Radar,22,23,6,0,51,0,59,46,2,107,22,82,52,2,158,4,0,4,162
08/16/2023,STT,VI,ASO,ES,Towers with Radar,14,20,1,7,42,0,57,32,0,89,14,77,33,7,131,20,0,20,151
08/17/2023,STT,VI,ASO,ES,Towers with Radar,16,24,4,0,44,0,50,43,0,93,16,74,47,0,137,10,0,10,147
08/18/2023,STT,VI,ASO,ES,Towers with Radar,14,22,3,0,39,0,68,42,0,110,14,90,45,0,149,6,0,6,155
08/19/2023,STT,VI,ASO,ES,Towers with Radar,32,9,0,0,41,0,48,34,0,82,32,57,34,0,123,0,0,0,123
08/20/2023,STT,VI,ASO,ES,Towers with Radar,25,7,1,0,33,0,37,16,0,53,25,44,17,0,86,0,0,0,86
08/21/2023,STT,VI,ASO,ES,Towers with Radar,27,23,6,0,56,1,47,41,0,89,28,70,47,0,145,12,0,12,157
08/22/2023,STT,VI,ASO,ES,Towers with Radar,19,28,6,0,53,0,43,24,0,67,19,71,30,0,120,8,0,8,128
08/23/2023,STT,VI,ASO,ES,Towers with Radar,17,28,5,0,50,0,44,60,0,104,17,72,65,0,154,0,0,0,154
08/24/2023,STT,VI,ASO,ES,Towers with Radar,16,29,4,0,49,0,49,52,0,101,16,78,56,0,150,26,0,26,176
08/25/2023,STT,VI,ASO,ES,Towers with Radar,18,21,6,0,45,0,57,46,0,103,18,78,52,0,148,4,0,4,152
08/26/2023,STT,VI,ASO,ES,Towers with Radar,27,10,4,0,41,0,29,21,0,50,27,39,25,0,91,0,0,0,91
08/27/2023,STT,VI,ASO,ES,Towers with Radar,29,12,3,0,44,0,39,32,0,71,29,51,35,0,115,16,0,16,131
08/28/2023,STT,VI,ASO,ES,Towers with Radar,18,19,8,0,45,0,55,43,0,98,18,74,51,0,143,0,0,0,143
08/29/2023,STT,VI,ASO,ES,Towers with Radar,21,20,0,1,42,0,50,36,0,86,21,70,36,1,128,6,2,8,136
08/30/2023,STT,VI,ASO,ES,Towers with Radar,14,25,5,4,48,0,45,56,0,101,14,70,61,4,149,0,0,0,149
08/31/2023,STT,VI,ASO,ES,Towers with Radar,18,18,5,2,43,0,48,40,0,88,18,66,45,2,131,2,0,2,133
01/01/2020,STT,VI,ASO,ES,Towers with Radar,26,20,11,0,57,0,42,18,0,60,26,62,29,0,117,0,0,0,117
01/02/2020,STT,VI,ASO,ES,Towers with Radar,28,27,13,0,68,0,60,42,4,106,28,87,55,4,174,0,0,0,174
01/03/2020,STT,VI,ASO,ES,Towers with Radar,27,42,10,0,79,0,69,37,0,106,27,111,47,0,185,0,0,0,185
01/04/2020,STT,VI,ASO,ES,Towers with Radar,37,28,21,0,86,0,57,60,0,117,37,85,81,0,203,14,0,14,217
01/05/2020,STT,VI,ASO,ES,Towers with Radar,28,19,23,0,70,0,51,47,0,98,28,70,70,0,168,0,0,0,168
01/06/2020,STT,VI,ASO,ES,Towers with Radar,26,26,8,0,60,0,66,42,0,108,26,92,50,0,168,0,0,0,168
01/07/2020,STT,VI,ASO,ES,Towers with Radar,22,21,9,0,52,0,62,28,0,90,22,83,37,0,142,0,0,0,142
01/08/2020,STT,VI,ASO,ES,Towers with Radar,22,23,5,0,50,0,57,20,2,79,22,80,25,2,129,0,0,0,129
01/09/2020,STT,VI,ASO,ES,Towers with Radar,29,26,7,0,62,0,41,47,0,88,29,67,54,0,150,26,0,26,176
01/10/2020,STT,VI,ASO,ES,Towers with Radar,27,30,3,0,60,0,64,29,0,93,27,94,32,0,153,0,0,0,153
01/11/2020,STT,VI,ASO,ES,Towers with Radar,40,18,4,0,62,0,51,33,0,84,40,69,37,0,146,0,0,0,146
01/12/2020,STT,VI,ASO,ES,Towers with Radar,28,21,5,0,54,0,57,32,0,89,28,78,37,0,143,0,0,0,143
01/13/2020,STT,VI,ASO,ES,Towers with Radar,29,25,11,0,65,0,53,35,0,88,29,78,46,0,153,0,0,0,153
01/14/2020,STT,VI,ASO,ES,Towers with Radar,22,23,6,0,51,0,61,27,0,88,22,84,33,0,139,14,0,14,153
01/15/2020,STT,VI,ASO,ES,Towers with Radar,22,28,3,0,53,0,56,23,3,82,22,84,26,3,135,22,0,22,157
01/16/2020,STT,VI,ASO,ES,Towers with Radar,30,26,4,0,60,0,57,95,0,152,30,83,99,0,212,0,0,0,212
01/17/2020,STT,VI,ASO,ES,Towers with Radar,26,35,16,0,77,0,71,66,1,138,26,106,82,1,215,44,0,44,259
01/18/2020,STT,VI,ASO,ES,Towers with Radar,38,14,7,0,59,0,75,39,0,114,38,89,46,0,173,24,0,24,197
01/19/2020,STT,VI,ASO,ES,Towers with Radar,28,16,9,0,53,0,62,29,0,91,28,78,38,0,144,0,0,0,144
01/20/2020,STT,VI,ASO,ES,Towers with Radar,30,25,11,0,66,0,63,51,0,114,30,88,62,0,180,0,0,0,180
01/21/2020,STT,VI,ASO,ES,Towers with Radar,23,24,5,0,52,0,71,17,0,88,23,95,22,0,140,26,0,26,166
01/22/2020,STT,VI,ASO,ES,Towers with Radar,22,18,11,0,51,0,73,21,0,94,22,91,32,0,145,22,0,22,167
01/23/2020,STT,VI,ASO,ES,Towers with Radar,30,22,7,0,59,0,64,33,0,97,30,86,40,0,156,0,0,0,156
01/24/2020,STT,VI,ASO,ES,Towers with Radar,27,45,13,0,85,0,66,47,0,113,27,111,60,0,198,0,0,0,198
01/25/2020,STT,VI,ASO,ES,Towers with Radar,33,15,9,0,57,0,50,53,0,103,33,65,62,0,160,0,0,0,160
01/26/2020,STT,VI,ASO,ES,Towers with Radar,29,14,7,0,50,0,44,21,0,65,29,58,28,0,115,0,0,0,115
01/27/2020,STT,VI,ASO,ES,Towers with Radar,27,33,4,0,64,0,72,16,1,89,27,105,20,1,153,0,0,0,153
01/28/2020,STT,VI,ASO,ES,Towers with Radar,23,28,7,0,58,0,62,27,0,89,23,90,34,0,147,0,0,0,147
01/29/2020,STT,VI,ASO,ES,Towers with Radar,22,25,5,1,53,0,62,30,0,92,22,87,35,1,145,0,6,6,151
01/30/2020,STT,VI,ASO,ES,Towers with Radar,30,30,11,0,71,0,57,28,1,86,30,87,39,1,157,2,0,2,159
01/31/2020,STT,VI,ASO,ES,Towers with Radar,28,22,6,0,56,0,68,26,0,94,28,90,32,0,150,16,0,16,166
02/01/2020,STT,VI,ASO,ES,Towers with Radar,38,16,9,0,63,0,47,44,0,91,38,63,53,0,154,26,0,26,180
02/02/2020,STT,VI,ASO,ES,Towers with Radar,28,8,6,0,42,0,51,33,1,85,28,59,39,1,127,0,0,0,127
02/03/2020,STT,VI,ASO,ES,Towers with Radar,27,24,11,0,62,0,62,31,2,95,27,86,42,2,157,56,0,56,213
02/04/2020,STT,VI,ASO,ES,Towers with Radar,22,22,5,0,49,0,48,35,0,83,22,70,40,0,132,54,0,54,186
02/05/2020,STT,VI,ASO,ES,Towers with Radar,22,27,6,1,56,0,50,37,1,88,22,77,43,2,144,1,0,1,145
02/06/2020,STT,VI,ASO,ES,Towers with Radar,28,25,11,0,64,0,55,30,0,85,28,80,41,0,149,0,0,0,149
02/07/2020,STT,VI,ASO,ES,Towers with Radar,27,35,13,0,75,0,66,41,0,107,27,101,54,0,182,0,0,0,182
02/08/2020,STT,VI,ASO,ES,Towers with Radar,38,20,6,0,64,0,47,35,0,82,38,67,41,0,146,0,0,0,146
02/09/2020,STT,VI,ASO,ES,Towers with Radar,28,15,4,0,47,0,65,37,0,102,28,80,41,0,149,4,0,4,153
02/10/2020,STT,VI,ASO,ES,Towers with Radar,44,28,8,1,81,0,87,44,1,132,44,115,52,2,213,24,0,24,237
02/11/2020,STT,VI,ASO,ES,Towers with Radar,23,19,0,0,42,0,48,26,1,75,23,67,26,1,117,0,0,0,117
02/12/2020,STT,VI,ASO,ES,Towers with Radar,22,22,5,1,50,0,57,29,0,86,22,79,34,1,136,0,2,2,138
02/13/2020,STT,VI,ASO,ES,Towers with Radar,32,25,1,0,58,0,64,26,2,92,32,89,27,2,150,12,0,12,162
02/14/2020,STT,VI,ASO,ES,Towers with Radar,29,26,12,0,67,0,86,42,0,128,29,112,54,0,195,18,0,18,213
02/15/2020,STT,VI,ASO,ES,Towers with Radar,42,17,8,0,67,0,53,28,0,81,42,70,36,0,148,12,0,12,160
02/16/2020,STT,VI,ASO,ES,Towers with Radar,29,12,5,0,46,0,52,30,0,82,29,64,35,0,128,8,0,8,136
02/17/2020,STT,VI,ASO,ES,Towers with Radar,29,23,3,0,55,0,75,38,0,113,29,98,41,0,168,12,0,12,180
02/18/2020,STT,VI,ASO,ES,Towers with Radar,27,27,12,0,66,0,79,28,0,107,27,106,40,0,173,10,0,10,183
02/19/2020,STT,VI,ASO,ES,Towers with Radar,23,24,6,0,53,0,60,30,5,95,23,84,36,5,148,0,0,0,148
02/20/2020,STT,VI,ASO,ES,Towers with Radar,33,24,7,0,64,0,73,40,3,116,33,97,47,3,180,6,0,6,186
02/21/2020,STT,VI,ASO,ES,Towers with Radar,29,31,7,0,67,0,55,33,0,88,29,86,40,0,155,42,0,42,197
02/22/2020,STT,VI,ASO,ES,Towers with Radar,39,18,14,0,71,0,49,32,0,81,39,67,46,0,152,20,0,20,172
02/23/2020,STT,VI,ASO,ES,Towers with Radar,30,11,13,0,54,0,44,32,0,76,30,55,45,0,130,2,0,2,132
02/24/2020,STT,VI,ASO,ES,Towers with Radar,29,32,9,0,70,0,69,39,2,110,29,101,48,2,180,2,0,2,182
02/25/2020,STT,VI,ASO,ES,Towers with Radar,27,38,11,1,77,0,63,17,0,80,27,101,28,1,157,6,0,6,163
02/26/2020,STT,VI,ASO,ES,Towers with Radar,26,31,4,0,61,0,51,29,0,80,26,82,33,0,141,22,0,22,163
02/27/2020,STT,VI,ASO,ES,Towers with Radar,34,26,16,0,76,0,67,37,0,104,34,93,53,0,180,0,0,0,180
02/28/2020,STT,VI,ASO,ES,Towers with Radar,28,30,10,0,68,0,69,37,2,108,28,99,47,2,176,0,0,0,176
02/29/2020,STT,VI,ASO,ES,Towers with Radar,41,18,7,0,66,0,60,29,2,91,41,78,36,2,157,2,0,2,159
03/01/2020,STT,VI,ASO,ES,Towers with Radar,30,11,9,0,50,0,60,24,0,84,30,71,33,0,134,32,0,32,166
03/02/2020,STT,VI,ASO,ES,Towers with Radar,29,24,11,0,64,0,62,22,0,84,29,86,33,0,148,16,0,16,164
03/03/2020,STT,VI,ASO,ES,Towers with Radar,28,21,5,0,54,0,52,31,0,83,28,73,36,0,137,12,0,12,149
03/04/2020,STT,VI,ASO,ES,Towers with Radar,26,25,6,0,57,0,62,30,0,92,26,87,36,0,149,8,0,8,157
03/05/2020,STT,VI,ASO,ES,Towers with Radar,30,30,7,0,67,0,61,36,0,97,30,91,43,0,164,0,0,0,164
03/06/2020,STT,VI,ASO,ES,Towers with Radar,28,28,9,0,65,0,59,25,0,84,28,87,34,0,149,0,0,0,149
03/07/2020,STT,VI,ASO,ES,Towers with Radar,40,18,3,0,61,0,52,37,0,89,40,70,40,0,150,0,0,0,150
03/08/2020,STT,VI,ASO,ES,Towers with Radar,30,18,13,0,61,0,43,33,0,76,30,61,46,0,137,18,0,18,155
03/09/2020,STT,VI,ASO,ES,Towers with Radar,30,43,4,0,77,0,54,22,0,76,30,97,26,0,153,2,0,2,155
03/10/2020,STT,VI,ASO,ES,Towers with Radar,26,26,4,0,56,0,53,20,0,73,26,79,24,0,129,0,0,0,129
03/11/2020,STT,VI,ASO,ES,Towers with Radar,27,26,8,0,61,0,62,33,0,95,27,88,41,0,156,2,0,2,158
03/12/2020,STT,VI,ASO,ES,Towers with Radar,30,26,5,0,61,0,57,35,0,92,30,83,40,0,153,0,0,0,153
03/13/2020,STT,VI,ASO,ES,Towers with Radar,27,43,7,0,77,0,76,35,0,111,27,119,42,0,188,6,0,6,194
03/14/2020,STT,VI,ASO,ES,Towers with Radar,38,28,16,0,82,0,43,37,0,80,38,71,53,0,162,2,0,2,164
03/15/2020,STT,VI,ASO,ES,Towers with Radar,30,21,6,0,57,0,61,27,0,88,30,82,33,0,145,0,0,0,145
03/16/2020,STT,VI,ASO,ES,Towers with Radar,28,31,12,0,71,0,61,26,0,87,28,92,38,0,158,0,0,0,158
03/17/2020,STT,VI,ASO,ES,Towers with Radar,30,34,9,0,73,0,42,21,0,63,30,76,30,0,136,0,0,0,136
03/18/2020,STT,VI,ASO,ES,Towers with Radar,30,26,8,0,64,0,35,22,0,57,30,61,30,0,121,0,0,0,121
03/19/2020,STT,VI,ASO,ES,Towers with Radar,34,26,11,0,71,0,40,24,0,64,34,66,35,0,135,0,0,0,135
03/20/2020,STT,VI,ASO,ES,Towers with Radar,30,37,5,0,72,0,52,17,0,69,30,89,22,0,141,0,0,0,141
03/21/2020,STT,VI,ASO,ES,Towers with Radar,38,21,9,0,68,0,32,8,0,40,38,53,17,0,108,0,0,0,108
03/22/2020,STT,VI,ASO,ES,Towers with Radar,30,14,4,0,48,0,16,14,0,30,30,30,18,0,78,0,0,0,78
03/23/2020,STT,VI,ASO,ES,Towers with Radar,24,27,3,0,54,0,16,12,0,28,24,43,15,0,82,4,0,4,86
03/24/2020,STT,VI,ASO,ES,Towers with Radar,23,28,9,0,60,0,17,9,0,26,23,45,18,0,86,0,0,0,86
03/25/2020,STT,VI,ASO,ES,Towers with Radar,12,17,1,0,30,0,28,9,0,37,12,45,10,0,67,0,0,0,67
03/26/2020,STT,VI,ASO,ES,Towers with Radar,14,22,3,0,39,0,24,19,0,43,14,46,22,0,82,8,0,8,90
03/27/2020,STT,VI,ASO,ES,Towers with Radar,10,23,2,0,35,0,24,12,0,36,10,47,14,0,71,6,0,6,77
03/28/2020,STT,VI,ASO,ES,Towers with Radar,10,10,3,0,23,0,9,7,0,16,10,19,10,0,39,0,0,0,39
03/29/2020,STT,VI,ASO,ES,Towers with Radar,10,6,0,0,16,0,15,4,0,19,10,21,4,0,35,0,0,0,35
03/30/2020,STT,VI,ASO,ES,Towers with Radar,8,16,2,0,26,0,15,5,0,20,8,31,7,0,46,0,0,0,46
03/31/2020,STT,VI,ASO,ES,Towers with Radar,8,16,4,0,28,0,21,8,0,29,8,37,12,0,57,0,0,0,57
04/01/2020,STT,VI,ASO,ES,Towers with Radar,10,13,0,0,23,0,21,13,0,34,10,34,13,0,57,2,0,2,59
04/02/2020,STT,VI,ASO,ES,Towers with Radar,10,15,4,0,29,0,20,11,0,31,10,35,15,0,60,2,0,2,62
04/03/2020,STT,VI,ASO,ES,Towers with Radar,10,16,0,0,26,0,26,14,0,40,10,42,14,0,66,0,2,2,68
04/04/2020,STT,VI,ASO,ES,Towers with Radar,8,6,3,0,17,1,12,4,0,17,9,18,7,0,34,0,0,0,34
04/05/2020,STT,VI,ASO,ES,Towers with Radar,11,8,3,0,22,0,8,3,0,11,11,16,6,0,33,12,0,12,45
04/06/2020,STT,VI,ASO,ES,Towers with Radar,6,18,0,0,24,0,13,8,0,21,6,31,8,0,45,12,0,12,57
04/07/2020,STT,VI,ASO,ES,Towers with Radar,8,21,2,0,31,0,30,17,0,47,8,51,19,0,78,12,0,12,90
04/08/2020,STT,VI,ASO,ES,Towers with Radar,6,22,1,0,29,0,18,6,0,24,6,40,7,0,53,0,0,0,53
04/09/2020,STT,VI,ASO,ES,Towers with Radar,4,15,0,0,19,0,24,12,0,36,4,39,12,0,55,22,0,22,77
04/10/2020,STT,VI,ASO,ES,Towers with Radar,6,5,0,0,11,0,12,8,0,20,6,17,8,0,31,0,0,0,31
04/11/2020,STT,VI,ASO,ES,Towers with Radar,8,2,0,0,10,0,17,0,0,17,8,19,0,0,27,0,0,0,27
04/12/2020,STT,VI,ASO,ES,Towers with Radar,8,3,1,0,12,0,10,4,0,14,8,13,5,0,26,6,0,6,32
04/13/2020,STT,VI,ASO,ES,Towers with Radar,4,15,7,0,26,0,15,4,0,19,4,30,11,0,45,0,0,0,45
04/14/2020,STT,VI,ASO,ES,Towers with Radar,4,6,0,0,10,0,16,15,0,31,4,22,15,0,41,12,0,12,53
04/15/2020,STT,VI,ASO,ES,Towers with Radar,4,9,1,0,14,0,20,8,0,28,4,29,9,0,42,0,0,0,42
04/16/2020,STT,VI,ASO,ES,Towers with Radar,4,11,1,0,16,0,22,8,0,30,4,33,9,0,46,10,0,10,56
04/17/2020,STT,VI,ASO,ES,Towers with Radar,2,10,3,0,15,0,30,18,0,48,2,40,21,0,63,22,0,22,85
04/18/2020,STT,VI,ASO,ES,Towers with Radar,4,5,5,0,14,0,11,4,0,15,4,16,9,0,29,18,0,18,47
04/19/2020,STT,VI,ASO,ES,Towers with Radar,4,5,5,0,14,0,12,8,0,20,4,17,13,0,34,0,0,0,34
04/20/2020,STT,VI,ASO,ES,Towers with Radar,4,13,0,0,17,0,19,14,0,33,4,32,14,0,50,9,0,9,59
04/21/2020,STT,VI,ASO,ES,Towers with Radar,2,10,0,0,12,0,17,20,0,37,2,27,20,0,49,40,0,40,89
04/22/2020,STT,VI,ASO,ES,Towers with Radar,4,10,2,0,16,0,15,16,1,32,4,25,18,1,48,12,0,12,60
04/23/2020,STT,VI,ASO,ES,Towers with Radar,4,14,1,0,19,0,17,10,2,29,4,31,11,2,48,34,0,34,82
04/24/2020,STT,VI,ASO,ES,Towers with Radar,4,13,3,0,20,0,20,17,0,37,4,33,20,0,57,18,0,18,75
04/25/2020,STT,VI,ASO,ES,Towers with Radar,6,7,2,0,15,0,12,8,0,20,6,19,10,0,35,2,0,2,37
04/26/2020,STT,VI,ASO,ES,Towers with Radar,6,2,1,0,9,0,16,4,0,20,6,18,5,0,29,0,0,0,29
04/27/2020,STT,VI,ASO,ES,Towers with Radar,2,12,2,0,16,0,17,10,0,27,2,29,12,0,43,8,0,8,51
04/28/2020,STT,VI,ASO,ES,Towers with Radar,4,9,2,0,15,0,21,9,4,34,4,30,11,4,49,0,0,0,49
04/29/2020,STT,VI,ASO,ES,Towers with Radar,4,10,7,0,21,0,20,20,0,40,4,30,27,0,61,14,0,14,75
04/30/2020,STT,VI,ASO,ES,Towers with Radar,4,15,0,0,19,0,25,14,0,39,4,40,14,0,58,28,0,28,86
05/01/2020,STT,VI,ASO,ES,Towers with Radar,4,10,6,0,20,0,23,14,2,39,4,33,20,2,59,22,0,22,81
05/02/2020,STT,VI,ASO,ES,Towers with Radar,8,4,5,0,17,0,16,11,0,27,8,20,16,0,44,10,0,10,54
05/03/2020,STT,VI,ASO,ES,Towers with Radar,4,1,0,0,5,0,21,9,0,30,4,22,9,0,35,14,0,14,49
05/04/2020,STT,VI,ASO,ES,Towers with Radar,6,15,6,0,27,0,16,17,0,33,6,31,23,0,60,34,0,34,94
05/05/2020,STT,VI,ASO,ES,Towers with Radar,3,13,2,0,18,0,21,21,4,46,3,34,23,4,64,7,0,7,71
05/06/2020,STT,VI,ASO,ES,Towers with Radar,0,17,2,0,19,0,21,22,0,43,0,38,24,0,62,26,0,26,88
05/07/2020,STT,VI,ASO,ES,Towers with Radar,5,21,12,1,39,0,18,8,0,26,5,39,20,1,65,0,0,0,65
05/08/2020,STT,VI,ASO,ES,Towers with Radar,8,19,2,0,29,0,24,12,0,36,8,43,14,0,65,6,0,6,71
05/09/2020,STT,VI,ASO,ES,Towers with Radar,13,4,0,0,17,0,15,17,0,32,13,19,17,0,49,0,0,0,49
05/10/2020,STT,VI,ASO,ES,Towers with Radar,8,3,3,0,14,0,19,0,0,19,8,22,3,0,33,0,0,0,33
05/11/2020,STT,VI,ASO,ES,Towers with Radar,6,18,3,0,27,0,16,20,0,36,6,34,23,0,63,4,0,4,67
05/12/2020,STT,VI,ASO,ES,Towers with Radar,2,14,7,0,23,0,27,20,0,47,2,41,27,0,70,12,0,12,82
05/13/2020,STT,VI,ASO,ES,Towers with Radar,2,13,3,0,18,0,24,12,0,36,2,37,15,0,54,0,0,0,54
05/14/2020,STT,VI,ASO,ES,Towers with Radar,4,19,2,0,25,0,21,16,0,37,4,40,18,0,62,0,0,0,62
05/15/2020,STT,VI,ASO,ES,Towers with Radar,8,19,3,0,30,0,23,14,0,37,8,42,17,0,67,2,0,2,69
05/16/2020,STT,VI,ASO,ES,Towers with Radar,13,4,4,0,21,0,16,14,0,30,13,20,18,0,51,16,0,16,67
05/17/2020,STT,VI,ASO,ES,Towers with Radar,8,3,2,0,13,0,17,10,1,28,8,20,12,1,41,2,0,2,43
05/18/2020,STT,VI,ASO,ES,Towers with Radar,6,15,2,0,23,0,16,22,0,38,6,31,24,0,61,0,0,0,61
05/19/2020,STT,VI,ASO,ES,Towers with Radar,2,16,4,0,22,0,25,19,0,44,2,41,23,0,66,28,0,28,94
05/20/2020,STT,VI,ASO,ES,Towers with Radar,2,17,4,0,23,0,29,15,0,44,2,46,19,0,67,46,0,46,113
05/21/2020,STT,VI,ASO,ES,Towers with Radar,3,22,4,0,29,0,21,13,0,34,3,43,17,0,63,26,0,26,89
05/22/2020,STT,VI,ASO,ES,Towers with Radar,8,22,2,0,32,0,32,10,0,42,8,54,12,0,74,0,0,0,74
05/23/2020,STT,VI,ASO,ES,Towers with Radar,12,5,6,0,23,0,27,17,0,44,12,32,23,0,67,16,0,16,83
05/24/2020,STT,VI,ASO,ES,Towers with Radar,8,6,7,0,21,0,18,10,0,28,8,24,17,0,49,22,0,22,71
05/25/2020,STT,VI,ASO,ES,Towers with Radar,6,8,2,0,16,0,21,18,0,39,6,29,20,0,55,24,0,24,79
05/26/2020,STT,VI,ASO,ES,Towers with Radar,2,13,5,0,20,0,41,26,0,67,2,54,31,0,87,6,0,6,93
05/27/2020,STT,VI,ASO,ES,Towers with Radar,2,17,6,0,25,0,35,12,0,47,2,52,18,0,72,20,0,20,92
05/28/2020,STT,VI,ASO,ES,Towers with Radar,4,25,10,0,39,0,27,9,0,36,4,52,19,0,75,0,0,0,75
05/29/2020,STT,VI,ASO,ES,Towers with Radar,8,16,2,0,26,0,36,17,0,53,8,52,19,0,79,24,0,24,103
05/30/2020,STT,VI,ASO,ES,Towers with Radar,13,6,13,0,32,0,29,8,0,37,13,35,21,0,69,14,0,14,83
05/31/2020,STT,VI,ASO,ES,Towers with Radar,8,8,10,0,26,0,32,12,0,44,8,40,22,0,70,4,0,4,74
06/01/2020,STT,VI,ASO,ES,Towers with Radar,8,17,8,0,33,0,27,14,0,41,8,44,22,0,74,32,0,32,106
06/02/2020,STT,VI,ASO,ES,Towers with Radar,2,23,8,0,33,0,43,20,0,63,2,66,28,0,96,34,0,34,130
06/03/2020,STT,VI,ASO,ES,Towers with Radar,4,16,5,0,25,0,53,25,0,78,4,69,30,0,103,48,0,48,151
06/04/2020,STT,VI,ASO,ES,Towers with Radar,6,22,8,2,38,0,48,32,0,80,6,70,40,2,118,8,0,8,126
06/05/2020,STT,VI,ASO,ES,Towers with Radar,14,19,4,0,37,0,44,28,0,72,14,63,32,0,109,24,0,24,133
06/06/2020,STT,VI,ASO,ES,Towers with Radar,16,13,7,0,36,0,40,29,0,69,16,53,36,0,105,19,0,19,124
06/07/2020,STT,VI,ASO,ES,Towers with Radar,12,5,13,0,30,0,25,17,0,42,12,30,30,0,72,0,0,0,72
06/08/2020,STT,VI,ASO,ES,Towers with Radar,10,14,4,0,28,0,35,28,0,63,10,49,32,0,91,88,0,88,179
06/09/2020,STT,VI,ASO,ES,Towers with Radar,6,15,7,0,28,0,36,27,0,63,6,51,34,0,91,64,0,64,155
06/10/2020,STT,VI,ASO,ES,Towers with Radar,5,16,4,0,25,0,55,18,0,73,5,71,22,0,98,56,2,58,156
06/11/2020,STT,VI,ASO,ES,Towers with Radar,6,23,5,0,34,0,39,19,0,58,6,62,24,0,92,16,0,16,108
06/12/2020,STT,VI,ASO,ES,Towers with Radar,10,20,4,0,34,0,46,23,0,69,10,66,27,0,103,38,0,38,141
06/13/2020,STT,VI,ASO,ES,Towers with Radar,18,8,11,0,37,0,46,16,0,62,18,54,27,0,99,24,0,24,123
06/14/2020,STT,VI,ASO,ES,Towers with Radar,10,4,10,0,24,0,51,11,0,62,10,55,21,0,86,0,0,0,86
06/15/2020,STT,VI,ASO,ES,Towers with Radar,8,17,12,0,37,0,41,21,0,62,8,58,33,0,99,10,0,10,109
06/16/2020,STT,VI,ASO,ES,Towers with Radar,5,13,5,0,23,0,48,20,0,68,5,61,25,0,91,30,0,30,121
06/17/2020,STT,VI,ASO,ES,Towers with Radar,4,13,3,1,21,0,56,22,0,78,4,69,25,1,99,14,2,16,115
06/18/2020,STT,VI,ASO,ES,Towers with Radar,6,18,7,1,32,0,64,40,1,105,6,82,47,2,137,20,2,22,159
06/19/2020,STT,VI,ASO,ES,Towers with Radar,10,18,14,0,42,0,75,21,0,96,10,93,35,0,138,66,0,66,204
06/20/2020,STT,VI,ASO,ES,Towers with Radar,18,6,10,0,34,0,51,23,0,74,18,57,33,0,108,22,0,22,130
06/21/2020,STT,VI,ASO,ES,Towers with Radar,10,9,11,0,30,0,50,25,0,75,10,59,36,0,105,18,0,18,123
06/22/2020,STT,VI,ASO,ES,Towers with Radar,8,26,13,0,47,0,52,28,0,80,8,78,41,0,127,4,0,4,131
06/23/2020,STT,VI,ASO,ES,Towers with Radar,6,34,18,0,58,0,21,5,0,26,6,55,23,0,84,0,0,0,84
06/24/2020,STT,VI,ASO,ES,Towers with Radar,4,20,5,0,29,0,40,17,0,57,4,60,22,0,86,0,0,0,86
06/25/2020,STT,VI,ASO,ES,Towers with Radar,6,17,6,0,29,0,52,33,0,85,6,69,39,0,114,32,0,32,146
06/26/2020,STT,VI,ASO,ES,Towers with Radar,12,20,9,0,41,0,63,21,0,84,12,83,30,0,125,51,0,51,176
06/27/2020,STT,VI,ASO,ES,Towers with Radar,18,9,9,0,36,0,44,11,0,55,18,53,20,0,91,10,0,10,101
06/28/2020,STT,VI,ASO,ES,Towers with Radar,12,5,4,0,21,0,50,19,0,69,12,55,23,0,90,28,0,28,118
06/29/2020,STT,VI,ASO,ES,Towers with Radar,8,17,19,0,44,0,45,23,0,68,8,62,42,0,112,32,0,32,144
06/30/2020,STT,VI,ASO,ES,Towers with Radar,5,13,10,0,28,0,42,21,2,65,5,55,31,2,93,4,0,4,97
07/01/2020,STT,VI,ASO,ES,Towers with Radar,14,11,13,0,38,0,51,26,0,77,14,62,39,0,115,0,0,0,115
07/02/2020,STT,VI,ASO,ES,Towers with Radar,19,20,13,0,52,0,50,34,0,84,19,70,47,0,136,50,0,50,186
07/03/2020,STT,VI,ASO,ES,Towers with Radar,24,11,9,0,44,0,46,32,0,78,24,57,41,0,122,48,0,48,170
07/04/2020,STT,VI,ASO,ES,Towers with Radar,22,4,3,0,29,0,42,13,0,55,22,46,16,0,84,12,0,12,96
07/05/2020,STT,VI,ASO,ES,Towers with Radar,22,3,9,0,34,0,40,16,0,56,22,43,25,0,90,30,0,30,120
07/06/2020,STT,VI,ASO,ES,Towers with Radar,16,16,16,1,49,0,48,13,0,61,16,64,29,1,110,26,0,26,136
07/07/2020,STT,VI,ASO,ES,Towers with Radar,16,23,15,0,54,0,45,13,0,58,16,68,28,0,112,2,0,2,114
07/08/2020,STT,VI,ASO,ES,Towers with Radar,15,15,5,0,35,0,48,15,0,63,15,63,20,0,98,0,0,0,98
07/09/2020,STT,VI,ASO,ES,Towers with Radar,18,18,8,0,44,0,44,25,0,69,18,62,33,0,113,16,0,16,129
07/10/2020,STT,VI,ASO,ES,Towers with Radar,22,18,11,0,51,0,50,21,0,71,22,68,32,0,122,44,0,44,166
07/11/2020,STT,VI,ASO,ES,Towers with Radar,24,7,10,0,41,0,48,21,0,69,24,55,31,0,110,0,0,0,110
07/12/2020,STT,VI,ASO,ES,Towers with Radar,24,7,4,0,35,0,42,10,0,52,24,49,14,0,87,12,0,12,99
07/13/2020,STT,VI,ASO,ES,Towers with Radar,22,16,7,0,45,0,47,15,0,62,22,63,22,0,107,2,0,2,109
07/14/2020,STT,VI,ASO,ES,Towers with Radar,17,17,3,0,37,0,40,17,0,57,17,57,20,0,94,0,0,0,94
07/15/2020,STT,VI,ASO,ES,Towers with Radar,16,17,3,0,36,0,42,26,0,68,16,59,29,0,104,6,0,6,110
07/16/2020,STT,VI,ASO,ES,Towers with Radar,19,23,11,0,53,0,45,23,0,68,19,68,34,0,121,20,0,20,141
07/17/2020,STT,VI,ASO,ES,Towers with Radar,25,19,3,0,47,0,70,27,0,97,25,89,30,0,144,10,0,10,154
07/18/2020,STT,VI,ASO,ES,Towers with Radar,26,10,3,0,39,0,43,18,0,61,26,53,21,0,100,0,0,0,100
07/19/2020,STT,VI,ASO,ES,Towers with Radar,24,4,4,0,32,0,47,14,0,61,24,51,18,0,93,26,0,26,119
07/20/2020,STT,VI,ASO,ES,Towers with Radar,22,17,4,0,43,0,47,18,0,65,22,64,22,0,108,6,0,6,114
07/21/2020,STT,VI,ASO,ES,Towers with Radar,16,18,3,0,37,0,46,27,0,73,16,64,30,0,110,0,0,0,110
07/22/2020,STT,VI,ASO,ES,Towers with Radar,18,20,6,0,44,0,40,21,0,61,18,60,27,0,105,8,0,8,113
07/23/2020,STT,VI,ASO,ES,Towers with Radar,18,26,20,0,64,0,38,16,0,54,18,64,36,0,118,18,0,18,136
07/24/2020,STT,VI,ASO,ES,Towers with Radar,24,22,9,0,55,0,47,21,2,70,24,69,30,2,125,4,0,4,129
07/25/2020,STT,VI,ASO,ES,Towers with Radar,24,14,3,0,41,0,39,15,0,54,24,53,18,0,95,0,0,0,95
07/26/2020,STT,VI,ASO,ES,Towers with Radar,24,7,3,0,34,0,33,14,0,47,24,40,17,0,81,0,0,0,81
07/27/2020,STT,VI,ASO,ES,Towers with Radar,22,20,7,0,49,0,50,16,1,67,22,70,23,1,116,0,0,0,116
07/28/2020,STT,VI,ASO,ES,Towers with Radar,17,15,9,0,41,0,45,18,0,63,17,60,27,0,104,0,0,0,104
07/29/2020,STT,VI,ASO,ES,Towers with Radar,14,2,1,0,17,0,9,8,0,17,14,11,9,0,34,0,0,0,34
07/30/2020,STT,VI,ASO,ES,Towers with Radar,20,23,5,0,48,0,22,6,0,28,20,45,11,0,76,0,0,0,76
07/31/2020,STT,VI,ASO,ES,Towers with Radar,24,25,5,0,54,0,49,28,0,77,24,74,33,0,131,0,0,0,131
08/01/2020,STT,VI,ASO,ES,Towers with Radar,28,13,10,0,51,0,39,21,0,60,28,52,31,0,111,6,0,6,117
08/02/2020,STT,VI,ASO,ES,Towers with Radar,26,1,12,0,39,0,43,3,0,46,26,44,15,0,85,0,0,0,85
08/03/2020,STT,VI,ASO,ES,Towers with Radar,26,23,11,0,60,0,45,25,0,70,26,68,36,0,130,19,0,19,149
08/04/2020,STT,VI,ASO,ES,Towers with Radar,21,17,4,0,42,0,41,26,3,70,21,58,30,3,112,5,0,5,117
08/05/2020,STT,VI,ASO,ES,Towers with Radar,20,22,10,0,52,0,52,26,0,78,20,74,36,0,130,8,0,8,138
08/06/2020,STT,VI,ASO,ES,Towers with Radar,24,15,7,0,46,0,61,64,0,125,24,76,71,0,171,0,0,0,171
08/07/2020,STT,VI,ASO,ES,Towers with Radar,24,19,1,0,44,0,59,30,0,89,24,78,31,0,133,10,0,10,143
08/08/2020,STT,VI,ASO,ES,Towers with Radar,28,11,8,0,47,0,45,19,0,64,28,56,27,0,111,0,0,0,111
08/09/2020,STT,VI,ASO,ES,Towers with Radar,25,8,7,0,40,0,42,15,0,57,25,50,22,0,97,0,0,0,97
08/10/2020,STT,VI,ASO,ES,Towers with Radar,24,15,6,0,45,0,59,14,0,73,24,74,20,0,118,0,0,0,118
08/11/2020,STT,VI,ASO,ES,Towers with Radar,23,17,3,0,43,0,47,16,0,63,23,64,19,0,106,18,0,18,124
08/12/2020,STT,VI,ASO,ES,Towers with Radar,20,13,4,0,37,0,55,7,2,64,20,68,11,2,101,0,0,0,101
08/13/2020,STT,VI,ASO,ES,Towers with Radar,22,16,13,0,51,0,49,18,0,67,22,65,31,0,118,42,0,42,160
08/14/2020,STT,VI,ASO,ES,Towers with Radar,23,21,4,0,48,0,54,26,2,82,23,75,30,2,130,18,0,18,148
08/15/2020,STT,VI,ASO,ES,Towers with Radar,27,11,9,0,47,0,42,9,0,51,27,53,18,0,98,0,0,0,98
08/16/2020,STT,VI,ASO,ES,Towers with Radar,25,17,6,0,48,0,37,15,0,52,25,54,21,0,100,0,0,0,100
08/17/2020,STT,VI,ASO,ES,Towers with Radar,24,22,6,0,52,0,46,12,0,58,24,68,18,0,110,0,0,0,110
08/18/2020,STT,VI,ASO,ES,Towers with Radar,19,13,2,0,34,0,38,19,0,57,19,51,21,0,91,0,0,0,91
08/19/2020,STT,VI,ASO,ES,Towers with Radar,17,12,0,2,31,0,41,5,0,46,17,53,5,2,77,20,0,20,97
08/20/2020,STT,VI,ASO,ES,Towers with Radar,20,21,3,0,44,0,55,7,1,63,20,76,10,1,107,0,0,0,107
08/21/2020,STT,VI,ASO,ES,Towers with Radar,20,20,7,0,47,0,44,12,0,56,20,64,19,0,103,0,0,0,103
08/22/2020,STT,VI,ASO,ES,Towers with Radar,20,1,1,0,22,0,0,0,0,0,20,1,1,0,22,0,0,0,22
08/23/2020,STT,VI,ASO,ES,Towers with Radar,18,7,2,0,27,0,40,5,0,45,18,47,7,0,72,0,0,0,72
08/24/2020,STT,VI,ASO,ES,Towers with Radar,16,27,5,0,48,0,36,16,0,52,16,63,21,0,100,4,0,4,104
08/25/2020,STT,VI,ASO,ES,Towers with Radar,16,14,3,0,33,0,31,27,0,58,16,45,30,0,91,4,0,4,95
08/26/2020,STT,VI,ASO,ES,Towers with Radar,11,13,7,0,31,0,36,13,0,49,11,49,20,0,80,4,0,4,84
08/27/2020,STT,VI,ASO,ES,Towers with Radar,16,23,8,0,47,0,34,12,0,46,16,57,20,0,93,8,0,8,101
08/28/2020,STT,VI,ASO,ES,Towers with Radar,16,21,6,0,43,0,47,19,0,66,16,68,25,0,109,4,0,4,113
08/29/2020,STT,VI,ASO,ES,Towers with Radar,18,6,2,0,26,0,24,12,0,36,18,30,14,0,62,12,0,12,74
08/30/2020,STT,VI,ASO,ES,Towers with Radar,18,8,11,0,37,0,21,4,0,25,18,29,15,0,62,0,0,0,62
08/31/2020,STT,VI,ASO,ES,Towers with Radar,14,19,1,0,34,0,37,7,0,44,14,56,8,0,78,16,0,16,94
09/01/2020,STT,VI,ASO,ES,Towers with Radar,10,21,1,0,32,0,28,6,2,36,10,49,7,2,68,18,0,18,86
09/02/2020,STT,VI,ASO,ES,Towers with Radar,9,18,5,0,32,0,38,20,0,58,9,56,25,0,90,25,0,25,115
09/03/2020,STT,VI,ASO,ES,Towers with Radar,15,17,1,0,33,0,46,11,0,57,15,63,12,0,90,22,0,22,112
09/04/2020,STT,VI,ASO,ES,Towers with Radar,12,16,4,0,32,0,44,15,0,59,12,60,19,0,91,26,0,26,117
09/05/2020,STT,VI,ASO,ES,Towers with Radar,14,10,1,0,25,0,30,23,0,53,14,40,24,0,78,36,0,36,114
09/06/2020,STT,VI,ASO,ES,Towers with Radar,13,3,2,0,18,0,36,7,0,43,13,39,9,0,61,0,0,0,61
09/07/2020,STT,VI,ASO,ES,Towers with Radar,8,9,3,0,20,0,33,13,0,46,8,42,16,0,66,12,0,12,78
09/08/2020,STT,VI,ASO,ES,Towers with Radar,6,14,6,0,26,0,33,14,0,47,6,47,20,0,73,22,0,22,95
09/09/2020,STT,VI,ASO,ES,Towers with Radar,8,14,2,4,28,0,40,13,0,53,8,54,15,4,81,18,4,22,103
09/10/2020,STT,VI,ASO,ES,Towers with Radar,14,19,6,0,39,0,37,16,0,53,14,56,22,0,92,0,0,0,92
09/11/2020,STT,VI,ASO,ES,Towers with Radar,8,20,0,0,28,0,36,0,0,36,8,56,0,0,64,8,4,12,76
09/12/2020,STT,VI,ASO,ES,Towers with Radar,12,6,1,0,19,0,25,9,0,34,12,31,10,0,53,20,0,20,73
09/13/2020,STT,VI,ASO,ES,Towers with Radar,12,4,1,0,17,0,36,5,0,41,12,40,6,0,58,6,0,6,64
09/14/2020,STT,VI,ASO,ES,Towers with Radar,12,15,4,0,31,0,34,17,0,51,12,49,21,0,82,0,0,0,82
09/15/2020,STT,VI,ASO,ES,Towers with Radar,8,18,0,0,26,0,31,15,0,46,8,49,15,0,72,21,0,21,93
09/16/2020,STT,VI,ASO,ES,Towers with Radar,9,16,2,4,31,0,42,12,0,54,9,58,14,4,85,0,0,0,85
09/17/2020,STT,VI,ASO,ES,Towers with Radar,12,16,0,0,28,0,43,0,0,43,12,59,0,0,71,8,0,8,79
09/18/2020,STT,VI,ASO,ES,Towers with Radar,8,20,0,0,28,0,42,0,0,42,8,62,0,0,70,16,0,16,86
09/19/2020,STT,VI,ASO,ES,Towers with Radar,12,6,3,0,21,0,34,4,0,38,12,40,7,0,59,0,0,0,59
09/20/2020,STT,VI,ASO,ES,Towers with Radar,12,0,4,0,16,0,36,12,0,48,12,36,16,0,64,0,2,2,66
09/21/2020,STT,VI,ASO,ES,Towers with Radar,12,15,3,0,30,0,34,17,0,51,12,49,20,0,81,30,0,30,111
09/22/2020,STT,VI,ASO,ES,Towers with Radar,7,18,2,0,27,0,27,10,0,37,7,45,12,0,64,12,0,12,76
09/23/2020,STT,VI,ASO,ES,Towers with Radar,8,19,5,0,32,0,36,15,0,51,8,55,20,0,83,0,0,0,83
09/24/2020,STT,VI,ASO,ES,Towers with Radar,12,20,1,0,33,0,37,15,0,52,12,57,16,0,85,8,0,8,93
09/25/2020,STT,VI,ASO,ES,Towers with Radar,9,19,1,0,29,0,39,25,1,65,9,58,26,1,94,28,0,28,122
09/26/2020,STT,VI,ASO,ES,Towers with Radar,12,7,1,0,20,0,26,14,0,40,12,33,15,0,60,18,0,18,78
09/27/2020,STT,VI,ASO,ES,Towers with Radar,12,2,3,0,17,0,27,15,0,42,12,29,18,0,59,6,0,6,65
09/28/2020,STT,VI,ASO,ES,Towers with Radar,12,20,1,0,33,0,35,19,0,54,12,55,20,0,87,56,0,56,143
09/29/2020,STT,VI,ASO,ES,Towers with Radar,6,12,2,0,20,0,42,18,0,60,6,54,20,0,80,6,0,6,86
09/30/2020,STT,VI,ASO,ES,Towers with Radar,8,15,0,0,23,0,41,0,0,41,8,56,0,0,64,22,0,22,86
10/01/2020,STT,VI,ASO,ES,Towers with Radar,22,25,5,0,52,0,42,25,0,67,22,67,30,0,119,0,0,0,119
10/02/2020,STT,VI,ASO,ES,Towers with Radar,16,24,7,0,47,0,50,17,0,67,16,74,24,0,114,0,0,0,114
10/03/2020,STT,VI,ASO,ES,Towers with Radar,21,8,4,0,33,0,32,16,0,48,21,40,20,0,81,0,0,0,81
10/04/2020,STT,VI,ASO,ES,Towers with Radar,20,10,5,0,35,0,34,6,0,40,20,44,11,0,75,0,0,0,75
10/05/2020,STT,VI,ASO,ES,Towers with Radar,14,19,0,0,33,0,40,15,0,55,14,59,15,0,88,7,0,7,95
10/06/2020,STT,VI,ASO,ES,Towers with Radar,11,17,5,0,33,0,41,14,0,55,11,58,19,0,88,7,0,7,95
10/07/2020,STT,VI,ASO,ES,Towers with Radar,12,15,2,0,29,0,46,9,0,55,12,61,11,0,84,0,0,0,84
10/08/2020,STT,VI,ASO,ES,Towers with Radar,24,16,7,0,47,0,50,25,0,75,24,66,32,0,122,12,0,12,134
10/09/2020,STT,VI,ASO,ES,Towers with Radar,20,15,3,0,38,0,61,3,2,66,20,76,6,2,104,4,0,4,108
10/10/2020,STT,VI,ASO,ES,Towers with Radar,22,14,4,0,40,0,36,5,0,41,22,50,9,0,81,20,0,20,101
10/11/2020,STT,VI,ASO,ES,Towers with Radar,24,7,1,0,32,0,36,13,0,49,24,43,14,0,81,0,0,0,81
10/12/2020,STT,VI,ASO,ES,Towers with Radar,16,12,11,0,39,0,44,7,0,51,16,56,18,0,90,18,0,18,108
10/13/2020,STT,VI,ASO,ES,Towers with Radar,12,18,7,0,37,0,39,20,0,59,12,57,27,0,96,30,0,30,126
10/14/2020,STT,VI,ASO,ES,Towers with Radar,14,17,5,0,36,0,44,8,2,54,14,61,13,2,90,0,0,0,90
10/15/2020,STT,VI,ASO,ES,Towers with Radar,25,19,6,0,50,0,47,24,0,71,25,66,30,0,121,0,0,0,121
10/16/2020,STT,VI,ASO,ES,Towers with Radar,18,26,13,0,57,0,37,12,0,49,18,63,25,0,106,0,0,0,106
10/17/2020,STT,VI,ASO,ES,Towers with Radar,23,7,0,0,30,0,42,0,0,42,23,49,0,0,72,0,0,0,72
10/18/2020,STT,VI,ASO,ES,Towers with Radar,24,12,7,0,43,0,34,12,0,46,24,46,19,0,89,4,0,4,93
10/19/2020,STT,VI,ASO,ES,Towers with Radar,14,20,1,0,35,0,50,11,0,61,14,70,12,0,96,4,0,4,100
10/20/2020,STT,VI,ASO,ES,Towers with Radar,11,15,3,0,29,0,48,11,0,59,11,63,14,0,88,0,0,0,88
10/21/2020,STT,VI,ASO,ES,Towers with Radar,12,17,5,0,34,0,51,15,0,66,12,68,20,0,100,2,0,2,102
10/22/2020,STT,VI,ASO,ES,Towers with Radar,22,18,4,0,44,0,44,24,0,68,22,62,28,0,112,28,0,28,140
10/23/2020,STT,VI,ASO,ES,Towers with Radar,19,18,3,0,40,0,53,27,0,80,19,71,30,0,120,0,0,0,120
10/24/2020,STT,VI,ASO,ES,Towers with Radar,21,11,3,0,35,0,43,11,0,54,21,54,14,0,89,0,0,0,89
10/25/2020,STT,VI,ASO,ES,Towers with Radar,25,5,5,0,35,0,43,11,0,54,25,48,16,0,89,6,0,6,95
10/26/2020,STT,VI,ASO,ES,Towers with Radar,13,19,3,0,35,0,48,14,0,62,13,67,17,0,97,0,0,0,97
10/27/2020,STT,VI,ASO,ES,Towers with Radar,9,20,2,0,31,0,36,12,0,48,9,56,14,0,79,2,0,2,81
10/28/2020,STT,VI,ASO,ES,Towers with Radar,13,22,3,0,38,0,44,12,0,56,13,66,15,0,94,18,0,18,112
10/29/2020,STT,VI,ASO,ES,Towers with Radar,22,30,2,0,54,0,36,14,0,50,22,66,16,0,104,0,0,0,104
10/30/2020,STT,VI,ASO,ES,Towers with Radar,18,25,3,0,46,0,51,20,2,73,18,76,23,2,119,18,0,18,137
10/31/2020,STT,VI,ASO,ES,Towers with Radar,20,10,7,0,37,0,41,18,0,59,20,51,25,0,96,8,0,8,104
11/01/2020,STT,VI,ASO,ES,Towers with Radar,22,6,5,0,33,0,39,13,0,52,22,45,18,0,85,0,0,0,85
11/02/2020,STT,VI,ASO,ES,Towers with Radar,15,19,1,0,35,0,49,12,2,63,15,68,13,2,98,26,0,26,124
11/03/2020,STT,VI,ASO,ES,Towers with Radar,14,24,4,0,42,0,34,16,0,50,14,58,20,0,92,6,0,6,98
11/04/2020,STT,VI,ASO,ES,Towers with Radar,15,20,9,1,45,0,53,13,1,67,15,73,22,2,112,13,0,13,125
11/05/2020,STT,VI,ASO,ES,Towers with Radar,26,23,4,0,53,0,44,13,1,58,26,67,17,1,111,22,0,22,133
11/06/2020,STT,VI,ASO,ES,Towers with Radar,22,27,3,0,52,0,43,26,0,69,22,70,29,0,121,0,0,0,121
11/07/2020,STT,VI,ASO,ES,Towers with Radar,38,9,8,0,55,0,38,19,0,57,38,47,27,0,112,24,0,24,136
11/08/2020,STT,VI,ASO,ES,Towers with Radar,28,11,7,0,46,0,34,19,0,53,28,45,26,0,99,28,0,28,127
11/09/2020,STT,VI,ASO,ES,Towers with Radar,22,20,7,2,51,0,47,15,4,66,22,67,22,6,117,16,0,16,133
11/10/2020,STT,VI,ASO,ES,Towers with Radar,13,51,10,0,74,0,15,3,0,18,13,66,13,0,92,0,0,0,92
11/11/2020,STT,VI,ASO,ES,Towers with Radar,16,39,11,3,69,0,16,3,0,19,16,55,14,3,88,0,0,0,88
11/12/2020,STT,VI,ASO,ES,Towers with Radar,26,27,6,0,59,0,58,23,0,81,26,85,29,0,140,0,0,0,140
11/13/2020,STT,VI,ASO,ES,Towers with Radar,22,27,3,0,52,0,43,30,0,73,22,70,33,0,125,0,0,0,125
11/14/2020,STT,VI,ASO,ES,Towers with Radar,36,14,11,0,61,0,37,20,0,57,36,51,31,0,118,18,0,18,136
11/15/2020,STT,VI,ASO,ES,Towers with Radar,27,8,2,0,37,0,42,17,0,59,27,50,19,0,96,2,0,2,98
11/16/2020,STT,VI,ASO,ES,Towers with Radar,22,16,5,0,43,0,52,26,2,80,22,68,31,2,123,14,0,14,137
11/17/2020,STT,VI,ASO,ES,Towers with Radar,14,20,7,0,41,0,47,13,0,60,14,67,20,0,101,20,0,20,121
11/18/2020,STT,VI,ASO,ES,Towers with Radar,20,18,4,0,42,0,49,11,0,60,20,67,15,0,102,24,0,24,126
11/19/2020,STT,VI,ASO,ES,Towers with Radar,26,25,6,0,57,0,41,29,0,70,26,66,35,0,127,24,0,24,151
11/20/2020,STT,VI,ASO,ES,Towers with Radar,26,24,7,0,57,0,61,19,2,82,26,85,26,2,139,6,0,6,145
11/21/2020,STT,VI,ASO,ES,Towers with Radar,36,14,13,0,63,0,39,12,0,51,36,53,25,0,114,19,0,19,133
11/22/2020,STT,VI,ASO,ES,Towers with Radar,34,15,8,0,57,0,32,13,7,52,34,47,21,7,109,0,0,0,109
11/23/2020,STT,VI,ASO,ES,Towers with Radar,20,17,6,0,43,0,56,12,0,68,20,73,18,0,111,24,0,24,135
11/24/2020,STT,VI,ASO,ES,Towers with Radar,26,22,2,0,50,0,50,19,0,69,26,72,21,0,119,32,0,32,151
11/25/2020,STT,VI,ASO,ES,Towers with Radar,28,20,6,0,54,0,57,13,0,70,28,77,19,0,124,4,0,4,128
11/26/2020,STT,VI,ASO,ES,Towers with Radar,14,6,0,0,20,0,35,12,0,47,14,41,12,0,67,0,0,0,67
11/27/2020,STT,VI,ASO,ES,Towers with Radar,21,12,4,0,37,0,52,26,0,78,21,64,30,0,115,12,0,12,127
11/28/2020,STT,VI,ASO,ES,Towers with Radar,36,11,6,0,53,0,46,13,0,59,36,57,19,0,112,6,0,6,118
11/29/2020,STT,VI,ASO,ES,Towers with Radar,34,11,11,0,56,0,50,12,0,62,34,61,23,0,118,22,0,22,140
11/30/2020,STT,VI,ASO,ES,Towers with Radar,28,21,6,0,55,0,64,23,0,87,28,85,29,0,142,10,0,10,152
12/01/2020,STT,VI,ASO,ES,Towers with Radar,22,13,8,0,43,0,45,36,0,81,22,58,44,0,124,34,0,34,158
12/02/2020,STT,VI,ASO,ES,Towers with Radar,21,13,11,0,45,0,43,32,0,75,21,56,43,0,120,18,0,18,138
12/03/2020,STT,VI,ASO,ES,Towers with Radar,26,19,5,0,50,0,46,27,0,73,26,65,32,0,123,2,0,2,125
12/04/2020,STT,VI,ASO,ES,Towers with Radar,25,20,5,0,50,0,49,29,0,78,25,69,34,0,128,10,0,10,138
12/05/2020,STT,VI,ASO,ES,Towers with Radar,35,19,7,0,61,0,32,20,0,52,35,51,27,0,113,0,0,0,113
12/06/2020,STT,VI,ASO,ES,Towers with Radar,28,36,10,0,74,0,29,9,0,38,28,65,19,0,112,4,0,4,116
12/07/2020,STT,VI,ASO,ES,Towers with Radar,24,25,9,0,58,0,43,21,0,64,24,68,30,0,122,26,0,26,148
12/08/2020,STT,VI,ASO,ES,Towers with Radar,18,23,11,0,52,0,46,21,0,67,18,69,32,0,119,20,0,20,139
12/09/2020,STT,VI,ASO,ES,Towers with Radar,18,20,8,0,46,0,49,17,0,66,18,69,25,0,112,10,0,10,122
12/10/2020,STT,VI,ASO,ES,Towers with Radar,25,28,12,0,65,0,56,37,0,93,25,84,49,0,158,22,0,22,180
12/11/2020,STT,VI,ASO,ES,Towers with Radar,24,17,18,0,59,0,57,30,1,88,24,74,48,1,147,10,0,10,157
12/12/2020,STT,VI,ASO,ES,Towers with Radar,33,6,26,8,73,0,34,24,0,58,33,40,50,8,131,0,0,0,131
12/13/2020,STT,VI,ASO,ES,Towers with Radar,29,13,11,0,53,0,33,17,0,50,29,46,28,0,103,0,0,0,103
12/14/2020,STT,VI,ASO,ES,Towers with Radar,24,21,11,0,56,0,55,21,0,76,24,76,32,0,132,0,0,0,132
12/15/2020,STT,VI,ASO,ES,Towers with Radar,16,23,10,0,49,0,45,30,0,75,16,68,40,0,124,8,0,8,132
12/16/2020,STT,VI,ASO,ES,Towers with Radar,19,22,9,0,50,0,42,23,0,65,19,64,32,0,115,14,0,14,129
12/17/2020,STT,VI,ASO,ES,Towers with Radar,29,26,12,0,67,0,50,20,1,71,29,76,32,1,138,0,0,0,138
12/18/2020,STT,VI,ASO,ES,Towers with Radar,34,27,16,0,77,1,67,41,1,110,35,94,57,1,187,30,0,30,217
12/19/2020,STT,VI,ASO,ES,Towers with Radar,42,16,31,0,89,0,42,34,0,76,42,58,65,0,165,6,0,6,171
12/20/2020,STT,VI,ASO,ES,Towers with Radar,40,14,13,0,67,0,47,15,0,62,40,61,28,0,129,0,0,0,129
12/21/2020,STT,VI,ASO,ES,Towers with Radar,32,21,7,0,60,0,42,23,0,65,32,63,30,0,125,0,0,0,125
12/22/2020,STT,VI,ASO,ES,Towers with Radar,36,26,5,8,75,0,64,24,3,91,36,90,29,11,166,2,0,2,168
12/23/2020,STT,VI,ASO,ES,Towers with Radar,36,25,7,0,68,0,52,29,0,81,36,77,36,0,149,0,0,0,149
12/24/2020,STT,VI,ASO,ES,Towers with Radar,28,24,10,0,62,0,42,11,0,53,28,66,21,0,115,0,0,0,115
12/25/2020,STT,VI,ASO,ES,Towers with Radar,24,3,1,0,28,0,31,6,0,37,24,34,7,0,65,0,0,0,65
12/26/2020,STT,VI,ASO,ES,Towers with Radar,44,7,33,0,84,0,62,21,0,83,44,69,54,0,167,0,0,0,167
12/27/2020,STT,VI,ASO,ES,Towers with Radar,36,11,31,0,78,0,61,17,0,78,36,72,48,0,156,0,0,0,156
12/28/2020,STT,VI,ASO,ES,Towers with Radar,34,21,36,0,91,0,52,14,0,66,34,73,50,0,157,2,0,2,159
12/29/2020,STT,VI,ASO,ES,Towers with Radar,39,25,23,0,87,0,34,21,0,55,39,59,44,0,142,0,0,0,142
12/30/2020,STT,VI,ASO,ES,Towers with Radar,34,18,17,0,69,0,53,29,0,82,34,71,46,0,151,4,0,4,155
12/31/2020,STT,VI,ASO,ES,Towers with Radar,29,24,9,0,62,0,54,12,0,66,29,78,21,0,128,0,0,0,128
01/01/2021,STT,VI,ASO,ES,Towers with Radar,25,9,11,0,45,0,37,9,0,46,25,46,20,0,91,0,0,0,91
01/02/2021,STT,VI,ASO,ES,Towers with Radar,44,17,28,0,89,0,46,22,0,68,44,63,50,0,157,0,0,0,157
01/03/2021,STT,VI,ASO,ES,Towers with Radar,38,22,23,0,83,0,45,26,0,71,38,67,49,0,154,6,0,6,160
01/04/2021,STT,VI,ASO,ES,Towers with Radar,34,30,21,0,85,0,50,25,0,75,34,80,46,0,160,0,0,0,160
01/05/2021,STT,VI,ASO,ES,Towers with Radar,26,32,9,0,67,0,39,9,0,48,26,71,18,0,115,10,0,10,125
01/06/2021,STT,VI,ASO,ES,Towers with Radar,24,12,15,0,51,0,49,10,2,61,24,61,25,2,112,54,0,54,166
01/07/2021,STT,VI,ASO,ES,Towers with Radar,32,20,11,0,63,0,57,24,0,81,32,77,35,0,144,40,0,40,184
01/08/2021,STT,VI,ASO,ES,Towers with Radar,28,28,21,0,77,0,50,31,1,82,28,78,52,1,159,22,0,22,181
01/09/2021,STT,VI,ASO,ES,Towers with Radar,45,7,10,0,62,0,32,31,0,63,45,39,41,0,125,22,0,22,147
01/10/2021,STT,VI,ASO,ES,Towers with Radar,31,10,18,2,61,0,49,13,2,64,31,59,31,4,125,12,0,12,137
01/11/2021,STT,VI,ASO,ES,Towers with Radar,27,20,7,0,54,0,69,32,2,103,27,89,39,2,157,6,0,6,163
01/12/2021,STT,VI,ASO,ES,Towers with Radar,26,24,7,0,57,0,58,19,0,77,26,82,26,0,134,0,0,0,134
01/13/2021,STT,VI,ASO,ES,Towers with Radar,26,13,15,0,54,0,52,23,0,75,26,65,38,0,129,6,0,6,135
01/14/2021,STT,VI,ASO,ES,Towers with Radar,32,24,2,0,58,0,44,33,0,77,32,68,35,0,135,0,0,0,135
01/15/2021,STT,VI,ASO,ES,Towers with Radar,28,21,18,0,67,0,55,31,2,88,28,76,49,2,155,16,0,16,171
01/16/2021,STT,VI,ASO,ES,Towers with Radar,44,14,13,2,73,0,33,30,0,63,44,47,43,2,136,0,0,0,136
01/17/2021,STT,VI,ASO,ES,Towers with Radar,30,16,10,0,56,0,30,18,0,48,30,46,28,0,104,0,0,0,104
01/18/2021,STT,VI,ASO,ES,Towers with Radar,29,10,9,0,48,0,45,13,0,58,29,55,22,0,106,10,0,10,116
01/19/2021,STT,VI,ASO,ES,Towers with Radar,26,22,5,0,53,0,40,26,0,66,26,62,31,0,119,2,0,2,121
01/20/2021,STT,VI,ASO,ES,Towers with Radar,26,17,14,0,57,0,37,16,0,53,26,54,30,0,110,0,0,0,110
01/21/2021,STT,VI,ASO,ES,Towers with Radar,32,16,9,0,57,0,52,30,0,82,32,68,39,0,139,0,0,0,139
01/22/2021,STT,VI,ASO,ES,Towers with Radar,28,22,14,0,64,0,40,41,0,81,28,62,55,0,145,10,0,10,155
01/23/2021,STT,VI,ASO,ES,Towers with Radar,45,20,19,0,84,0,28,40,0,68,45,48,59,0,152,4,0,4,156
01/24/2021,STT,VI,ASO,ES,Towers with Radar,32,12,16,0,60,0,32,14,0,46,32,44,30,0,106,0,0,0,106
01/25/2021,STT,VI,ASO,ES,Towers with Radar,28,20,15,1,64,0,56,18,1,75,28,76,33,2,139,6,0,6,145
01/26/2021,STT,VI,ASO,ES,Towers with Radar,26,18,8,1,53,0,43,30,1,74,26,61,38,2,127,0,0,0,127
01/27/2021,STT,VI,ASO,ES,Towers with Radar,26,12,5,1,44,0,51,32,1,84,26,63,37,2,128,6,0,6,134
01/28/2021,STT,VI,ASO,ES,Towers with Radar,29,25,10,0,64,0,49,29,2,80,29,74,39,2,144,0,0,0,144
01/29/2021,STT,VI,ASO,ES,Towers with Radar,28,20,11,0,59,0,55,21,0,76,28,75,32,0,135,0,0,0,135
01/30/2021,STT,VI,ASO,ES,Towers with Radar,46,36,9,0,91,0,16,23,0,39,46,52,32,0,130,0,0,0,130
01/31/2021,STT,VI,ASO,ES,Towers with Radar,30,22,14,0,66,0,24,12,0,36,30,46,26,0,102,0,0,0,102
02/01/2021,STT,VI,ASO,ES,Towers with Radar,24,16,7,0,47,0,62,23,0,85,24,78,30,0,132,0,0,0,132
02/02/2021,STT,VI,ASO,ES,Towers with Radar,23,22,8,0,53,0,42,24,0,66,23,64,32,0,119,0,0,0,119
02/03/2021,STT,VI,ASO,ES,Towers with Radar,22,21,16,0,59,0,42,21,0,63,22,63,37,0,122,40,0,40,162
02/04/2021,STT,VI,ASO,ES,Towers with Radar,30,26,7,0,63,0,43,32,0,75,30,69,39,0,138,22,0,22,160
02/05/2021,STT,VI,ASO,ES,Towers with Radar,28,15,15,0,58,0,57,20,0,77,28,72,35,0,135,18,0,18,153
02/06/2021,STT,VI,ASO,ES,Towers with Radar,43,11,9,0,63,0,35,22,0,57,43,46,31,0,120,10,0,10,130
02/07/2021,STT,VI,ASO,ES,Towers with Radar,32,6,15,0,53,0,32,30,0,62,32,38,45,0,115,0,0,0,115
02/08/2021,STT,VI,ASO,ES,Towers with Radar,28,16,16,0,60,0,46,37,0,83,28,62,53,0,143,4,0,4,147
02/09/2021,STT,VI,ASO,ES,Towers with Radar,24,24,7,0,55,0,45,15,0,60,24,69,22,0,115,0,0,0,115
02/10/2021,STT,VI,ASO,ES,Towers with Radar,26,18,25,0,69,0,41,18,0,59,26,59,43,0,128,0,0,0,128
02/11/2021,STT,VI,ASO,ES,Towers with Radar,34,21,20,0,75,0,46,38,0,84,34,67,58,0,159,0,0,0,159
02/12/2021,STT,VI,ASO,ES,Towers with Radar,37,27,27,0,91,0,62,35,1,98,37,89,62,1,189,12,1,13,202
02/13/2021,STT,VI,ASO,ES,Towers with Radar,46,14,22,0,82,0,34,26,2,62,46,48,48,2,144,0,0,0,144
02/14/2021,STT,VI,ASO,ES,Towers with Radar,40,10,8,0,58,0,39,19,0,58,40,49,27,0,116,0,0,0,116
02/15/2021,STT,VI,ASO,ES,Towers with Radar,38,12,8,0,58,0,59,24,0,83,38,71,32,0,141,0,0,0,141
02/16/2021,STT,VI,ASO,ES,Towers with Radar,26,19,12,1,58,0,46,35,2,83,26,65,47,3,141,34,0,34,175
02/17/2021,STT,VI,ASO,ES,Towers with Radar,28,21,20,0,69,0,48,12,0,60,28,69,32,0,129,0,0,0,129
02/18/2021,STT,VI,ASO,ES,Towers with Radar,35,24,7,0,66,0,49,12,0,61,35,73,19,0,127,0,0,0,127
02/19/2021,STT,VI,ASO,ES,Towers with Radar,39,17,10,0,66,0,49,41,0,90,39,66,51,0,156,0,0,0,156
02/20/2021,STT,VI,ASO,ES,Towers with Radar,46,22,18,0,86,0,39,29,0,68,46,61,47,0,154,2,0,2,156
02/21/2021,STT,VI,ASO,ES,Towers with Radar,39,11,18,0,68,0,26,23,4,53,39,37,41,4,121,0,0,0,121
02/22/2021,STT,VI,ASO,ES,Towers with Radar,37,32,10,0,79,0,43,27,0,70,37,75,37,0,149,0,0,0,149
02/23/2021,STT,VI,ASO,ES,Towers with Radar,28,21,13,1,63,0,47,38,4,89,28,68,51,5,152,6,0,6,158
02/24/2021,STT,VI,ASO,ES,Towers with Radar,30,17,5,0,52,0,53,24,1,78,30,70,29,1,130,6,0,6,136
02/25/2021,STT,VI,ASO,ES,Towers with Radar,36,20,14,0,70,0,46,27,0,73,36,66,41,0,143,12,0,12,155
02/26/2021,STT,VI,ASO,ES,Towers with Radar,38,19,24,0,81,1,53,43,0,97,39,72,67,0,178,0,0,0,178
02/27/2021,STT,VI,ASO,ES,Towers with Radar,46,22,25,0,93,0,34,19,0,53,46,56,44,0,146,2,0,2,148
02/28/2021,STT,VI,ASO,ES,Towers with Radar,40,6,21,0,67,0,35,9,0,44,40,41,30,0,111,0,0,0,111
03/01/2021,STT,VI,ASO,ES,Towers with Radar,37,18,11,0,66,0,63,15,0,78,37,81,26,0,144,0,0,0,144
03/02/2021,STT,VI,ASO,ES,Towers with Radar,34,22,7,0,63,0,40,15,0,55,34,62,22,0,118,28,0,28,146
03/03/2021,STT,VI,ASO,ES,Towers with Radar,37,17,17,0,71,0,49,33,0,82,37,66,50,0,153,14,0,14,167
03/04/2021,STT,VI,ASO,ES,Towers with Radar,40,28,11,0,79,0,55,27,0,82,40,83,38,0,161,42,0,42,203
03/05/2021,STT,VI,ASO,ES,Towers with Radar,45,12,12,1,70,0,82,25,1,108,45,94,37,2,178,28,0,28,206
03/06/2021,STT,VI,ASO,ES,Towers with Radar,50,14,22,0,86,0,37,22,0,59,50,51,44,0,145,0,0,0,145
03/07/2021,STT,VI,ASO,ES,Towers with Radar,50,11,6,0,67,0,42,18,0,60,50,53,24,0,127,6,0,6,133
03/08/2021,STT,VI,ASO,ES,Towers with Radar,44,16,11,0,71,0,53,27,2,82,44,69,38,2,153,18,0,18,171
03/09/2021,STT,VI,ASO,ES,Towers with Radar,44,27,5,0,76,0,41,23,2,66,44,68,28,2,142,26,0,26,168
03/10/2021,STT,VI,ASO,ES,Towers with Radar,40,35,18,0,93,0,60,31,3,94,40,95,49,3,187,20,0,20,207
03/11/2021,STT,VI,ASO,ES,Towers with Radar,41,26,12,0,79,0,62,29,0,91,41,88,41,0,170,38,0,38,208
03/12/2021,STT,VI,ASO,ES,Towers with Radar,46,25,25,0,96,0,81,38,2,121,46,106,63,2,217,20,0,20,237
03/13/2021,STT,VI,ASO,ES,Towers with Radar,57,33,16,0,106,0,35,13,0,48,57,68,29,0,154,0,0,0,154
03/14/2021,STT,VI,ASO,ES,Towers with Radar,53,14,13,0,80,0,41,17,0,58,53,55,30,0,138,0,0,0,138
03/15/2021,STT,VI,ASO,ES,Towers with Radar,41,32,17,0,90,0,48,22,0,70,41,80,39,0,160,0,0,0,160
03/16/2021,STT,VI,ASO,ES,Towers with Radar,40,17,10,0,67,0,50,38,0,88,40,67,48,0,155,6,0,6,161
03/17/2021,STT,VI,ASO,ES,Towers with Radar,42,25,26,0,93,0,49,15,0,64,42,74,41,0,157,2,0,2,159
03/18/2021,STT,VI,ASO,ES,Towers with Radar,44,25,8,2,79,0,46,27,0,73,44,71,35,2,152,8,0,8,160
03/19/2021,STT,VI,ASO,ES,Towers with Radar,45,21,24,0,90,0,72,37,0,109,45,93,61,0,199,4,0,4,203
03/20/2021,STT,VI,ASO,ES,Towers with Radar,55,36,24,0,115,0,50,29,0,79,55,86,53,0,194,22,0,22,216
03/21/2021,STT,VI,ASO,ES,Towers with Radar,50,9,43,0,102,0,44,27,0,71,50,53,70,0,173,36,0,36,209
03/22/2021,STT,VI,ASO,ES,Towers with Radar,44,21,19,0,84,0,68,20,0,88,44,89,39,0,172,17,0,17,189
03/23/2021,STT,VI,ASO,ES,Towers with Radar,41,19,8,0,68,0,72,26,0,98,41,91,34,0,166,44,0,44,210
03/24/2021,STT,VI,ASO,ES,Towers with Radar,42,22,23,0,87,0,82,20,0,102,42,104,43,0,189,22,0,22,211
03/25/2021,STT,VI,ASO,ES,Towers with Radar,43,28,8,0,79,0,64,28,0,92,43,92,36,0,171,8,0,8,179
03/26/2021,STT,VI,ASO,ES,Towers with Radar,46,21,7,0,74,0,70,39,0,109,46,91,46,0,183,40,0,40,223
03/27/2021,STT,VI,ASO,ES,Towers with Radar,56,22,21,0,99,0,47,29,0,76,56,69,50,0,175,36,0,36,211
03/28/2021,STT,VI,ASO,ES,Towers with Radar,50,15,16,0,81,0,51,31,2,84,50,66,47,2,165,0,0,0,165
03/29/2021,STT,VI,ASO,ES,Towers with Radar,46,18,5,0,69,0,56,24,2,82,46,74,29,2,151,6,0,6,157
03/30/2021,STT,VI,ASO,ES,Towers with Radar,42,21,14,0,77,0,52,36,0,88,42,73,50,0,165,0,0,0,165
03/31/2021,STT,VI,ASO,ES,Towers with Radar,42,25,9,0,76,0,62,18,0,80,42,87,27,0,156,0,0,0,156
04/01/2021,STT,VI,ASO,ES,Towers with Radar,38,26,10,0,74,0,69,34,0,103,38,95,44,0,177,0,0,0,177
04/02/2021,STT,VI,ASO,ES,Towers with Radar,47,25,18,0,90,0,48,27,0,75,47,73,45,0,165,46,0,46,211
04/03/2021,STT,VI,ASO,ES,Towers with Radar,53,17,19,0,89,0,35,33,2,70,53,52,52,2,159,18,0,18,177
04/04/2021,STT,VI,ASO,ES,Towers with Radar,50,14,13,0,77,0,42,22,1,65,50,56,35,1,142,4,0,4,146
04/05/2021,STT,VI,ASO,ES,Towers with Radar,48,30,9,0,87,0,51,31,1,83,48,81,40,1,170,2,0,2,172
04/06/2021,STT,VI,ASO,ES,Towers with Radar,42,22,4,0,68,0,59,16,2,77,42,81,20,2,145,0,0,0,145
04/07/2021,STT,VI,ASO,ES,Towers with Radar,39,20,8,0,67,0,42,16,0,58,39,62,24,0,125,0,0,0,125
04/08/2021,STT,VI,ASO,ES,Towers with Radar,45,20,9,0,74,0,52,35,2,89,45,72,44,2,163,6,0,6,169
04/09/2021,STT,VI,ASO,ES,Towers with Radar,49,18,14,0,81,0,69,22,0,91,49,87,36,0,172,0,0,0,172
04/10/2021,STT,VI,ASO,ES,Towers with Radar,56,13,17,0,86,0,49,25,0,74,56,62,42,0,160,22,0,22,182
04/11/2021,STT,VI,ASO,ES,Towers with Radar,51,10,15,5,81,0,42,25,6,73,51,52,40,11,154,8,0,8,162
04/12/2021,STT,VI,ASO,ES,Towers with Radar,44,20,5,2,71,0,58,24,0,82,44,78,29,2,153,0,0,0,153
04/13/2021,STT,VI,ASO,ES,Towers with Radar,36,22,6,0,64,0,46,27,0,73,36,68,33,0,137,0,0,0,137
04/14/2021,STT,VI,ASO,ES,Towers with Radar,38,16,12,0,66,0,61,19,4,84,38,77,31,4,150,6,0,6,156
04/15/2021,STT,VI,ASO,ES,Towers with Radar,42,22,9,0,73,0,60,28,2,90,42,82,37,2,163,6,0,6,169
04/16/2021,STT,VI,ASO,ES,Towers with Radar,47,25,6,0,78,0,63,27,3,93,47,88,33,3,171,0,2,2,173
04/17/2021,STT,VI,ASO,ES,Towers with Radar,52,14,20,0,86,0,34,15,0,49,52,48,35,0,135,8,0,8,143
04/18/2021,STT,VI,ASO,ES,Towers with Radar,42,14,14,0,70,0,40,23,2,65,42,54,37,2,135,16,0,16,151
04/19/2021,STT,VI,ASO,ES,Towers with Radar,48,18,8,0,74,0,53,24,0,77,48,71,32,0,151,10,0,10,161
04/20/2021,STT,VI,ASO,ES,Towers with Radar,40,24,6,0,70,0,46,27,3,76,40,70,33,3,146,44,0,44,190
04/21/2021,STT,VI,ASO,ES,Towers with Radar,39,31,12,0,82,0,39,24,3,66,39,70,36,3,148,16,0,16,164
04/22/2021,STT,VI,ASO,ES,Towers with Radar,43,27,6,0,76,0,50,37,2,89,43,77,43,2,165,31,0,31,196
04/23/2021,STT,VI,ASO,ES,Towers with Radar,46,21,7,0,74,0,68,29,5,102,46,89,36,5,176,0,0,0,176
04/24/2021,STT,VI,ASO,ES,Towers with Radar,51,12,8,0,71,0,35,25,0,60,51,47,33,0,131,10,0,10,141
04/25/2021,STT,VI,ASO,ES,Towers with Radar,46,17,8,0,71,0,37,25,0,62,46,54,33,0,133,20,0,20,153
04/26/2021,STT,VI,ASO,ES,Towers with Radar,46,21,9,0,76,0,46,18,0,64,46,67,27,0,140,8,0,8,148
04/27/2021,STT,VI,ASO,ES,Towers with Radar,38,25,8,0,71,0,41,28,3,72,38,66,36,3,143,24,0,24,167
04/28/2021,STT,VI,ASO,ES,Towers with Radar,34,45,11,0,90,0,30,13,0,43,34,75,24,0,133,14,0,14,147
04/29/2021,STT,VI,ASO,ES,Towers with Radar,37,28,6,0,71,0,48,31,0,79,37,76,37,0,150,15,0,15,165
04/30/2021,STT,VI,ASO,ES,Towers with Radar,43,17,8,0,68,0,70,44,0,114,43,87,52,0,182,16,0,16,198
05/01/2021,STT,VI,ASO,ES,Towers with Radar,46,9,13,0,68,0,41,27,0,68,46,50,40,0,136,4,0,4,140
05/02/2021,STT,VI,ASO,ES,Towers with Radar,46,13,5,0,64,0,40,11,1,52,46,53,16,1,116,4,1,5,121
05/03/2021,STT,VI,ASO,ES,Towers with Radar,43,23,6,0,72,0,48,18,0,66,43,71,24,0,138,22,0,22,160
05/04/2021,STT,VI,ASO,ES,Towers with Radar,38,20,2,0,60,0,55,26,0,81,38,75,28,0,141,0,0,0,141
05/05/2021,STT,VI,ASO,ES,Towers with Radar,36,19,5,0,60,0,50,15,0,65,36,69,20,0,125,41,0,41,166
05/06/2021,STT,VI,ASO,ES,Towers with Radar,42,24,5,0,71,0,51,19,0,70,42,75,24,0,141,2,0,2,143
05/07/2021,STT,VI,ASO,ES,Towers with Radar,46,21,3,0,70,0,66,23,1,90,46,87,26,1,160,13,0,13,173
05/08/2021,STT,VI,ASO,ES,Towers with Radar,44,11,12,0,67,0,36,27,0,63,44,47,39,0,130,2,0,2,132
05/09/2021,STT,VI,ASO,ES,Towers with Radar,46,10,3,0,59,0,37,23,0,60,46,47,26,0,119,10,2,12,131
05/10/2021,STT,VI,ASO,ES,Towers with Radar,46,15,9,0,70,0,58,17,0,75,46,73,26,0,145,12,0,12,157
05/11/2021,STT,VI,ASO,ES,Towers with Radar,45,22,6,0,73,0,45,28,0,73,45,67,34,0,146,6,0,6,152
05/12/2021,STT,VI,ASO,ES,Towers with Radar,44,19,3,0,66,0,52,22,1,75,44,71,25,1,141,36,3,39,180
05/13/2021,STT,VI,ASO,ES,Towers with Radar,48,20,9,0,77,0,58,22,0,80,48,78,31,0,157,71,0,71,228
05/14/2021,STT,VI,ASO,ES,Towers with Radar,46,16,5,1,68,0,68,26,0,94,46,84,31,1,162,0,0,0,162
05/15/2021,STT,VI,ASO,ES,Towers with Radar,41,16,5,0,62,0,43,27,0,70,41,59,32,0,132,8,0,8,140
05/16/2021,STT,VI,ASO,ES,Towers with Radar,48,8,3,0,59,0,39,38,0,77,48,47,41,0,136,36,0,36,172
05/17/2021,STT,VI,ASO,ES,Towers with Radar,47,16,4,0,67,0,52,34,0,86,47,68,38,0,153,28,0,28,181
05/18/2021,STT,VI,ASO,ES,Towers with Radar,44,18,9,0,71,0,47,20,0,67,44,65,29,0,138,30,0,30,168
05/19/2021,STT,VI,ASO,ES,Towers with Radar,44,22,5,0,71,0,46,16,1,63,44,68,21,1,134,34,0,34,168
05/20/2021,STT,VI,ASO,ES,Towers with Radar,47,17,3,0,67,0,61,22,0,83,47,78,25,0,150,22,0,22,172
05/21/2021,STT,VI,ASO,ES,Towers with Radar,45,26,2,0,73,0,61,34,1,96,45,87,36,1,169,18,0,18,187
05/22/2021,STT,VI,ASO,ES,Towers with Radar,49,11,21,0,81,0,45,27,0,72,49,56,48,0,153,0,0,0,153
05/23/2021,STT,VI,ASO,ES,Towers with Radar,47,21,7,0,75,0,21,8,0,29,47,42,15,0,104,0,0,0,104
05/24/2021,STT,VI,ASO,ES,Towers with Radar,46,20,9,0,75,0,50,31,2,83,46,70,40,2,158,20,0,20,178
05/25/2021,STT,VI,ASO,ES,Towers with Radar,44,20,10,0,74,0,57,31,0,88,44,77,41,0,162,10,0,10,172
05/26/2021,STT,VI,ASO,ES,Towers with Radar,43,13,7,0,63,0,62,26,0,88,43,75,33,0,151,37,0,37,188
05/27/2021,STT,VI,ASO,ES,Towers with Radar,46,20,9,0,75,0,56,45,0,101,46,76,54,0,176,0,0,0,176
05/28/2021,STT,VI,ASO,ES,Towers with Radar,46,33,13,0,92,0,66,42,1,109,46,99,55,1,201,0,0,0,201
05/29/2021,STT,VI,ASO,ES,Towers with Radar,50,10,15,0,75,0,47,20,0,67,50,57,35,0,142,8,0,8,150
05/30/2021,STT,VI,ASO,ES,Towers with Radar,45,6,7,0,58,0,36,28,0,64,45,42,35,0,122,0,0,0,122
05/31/2021,STT,VI,ASO,ES,Towers with Radar,45,12,3,0,60,0,44,27,0,71,45,56,30,0,131,0,0,0,131
06/01/2021,STT,VI,ASO,ES,Towers with Radar,45,23,9,0,77,0,60,28,0,88,45,83,37,0,165,4,2,6,171
06/02/2021,STT,VI,ASO,ES,Towers with Radar,44,21,3,0,68,0,56,15,1,72,44,77,18,1,140,12,0,12,152
06/03/2021,STT,VI,ASO,ES,Towers with Radar,48,18,7,0,73,0,46,30,0,76,48,64,37,0,149,0,0,0,149
06/04/2021,STT,VI,ASO,ES,Towers with Radar,49,18,8,0,75,0,58,30,0,88,49,76,38,0,163,12,0,12,175
06/05/2021,STT,VI,ASO,ES,Towers with Radar,53,13,17,0,83,0,44,23,2,69,53,57,40,2,152,0,1,1,153
06/06/2021,STT,VI,ASO,ES,Towers with Radar,46,11,4,0,61,0,47,20,0,67,46,58,24,0,128,0,0,0,128
06/07/2021,STT,VI,ASO,ES,Towers with Radar,44,25,8,0,77,0,44,11,1,56,44,69,19,1,133,16,2,18,151
06/08/2021,STT,VI,ASO,ES,Towers with Radar,40,25,4,0,69,0,54,21,0,75,40,79,25,0,144,40,0,40,184
06/09/2021,STT,VI,ASO,ES,Towers with Radar,46,21,12,0,79,0,44,25,0,69,46,65,37,0,148,12,0,12,160
06/10/2021,STT,VI,ASO,ES,Towers with Radar,43,30,8,0,81,0,47,24,0,71,43,77,32,0,152,2,0,2,154
06/11/2021,STT,VI,ASO,ES,Towers with Radar,42,22,12,0,76,0,64,26,0,90,42,86,38,0,166,0,0,0,166
06/12/2021,STT,VI,ASO,ES,Towers with Radar,54,16,7,0,77,0,56,39,0,95,54,72,46,0,172,8,0,8,180
06/13/2021,STT,VI,ASO,ES,Towers with Radar,46,9,5,0,60,0,43,32,0,75,46,52,37,0,135,12,0,12,147
06/14/2021,STT,VI,ASO,ES,Towers with Radar,48,19,3,0,70,0,59,26,0,85,48,78,29,0,155,26,0,26,181
06/15/2021,STT,VI,ASO,ES,Towers with Radar,44,20,2,0,66,0,57,40,0,97,44,77,42,0,163,20,0,20,183
06/16/2021,STT,VI,ASO,ES,Towers with Radar,44,19,8,0,71,0,60,20,0,80,44,79,28,0,151,0,0,0,151
06/17/2021,STT,VI,ASO,ES,Towers with Radar,42,28,5,0,75,0,52,23,1,76,42,80,28,1,151,12,0,12,163
06/18/2021,STT,VI,ASO,ES,Towers with Radar,47,18,6,0,71,0,78,35,0,113,47,96,41,0,184,0,0,0,184
06/19/2021,STT,VI,ASO,ES,Towers with Radar,55,16,13,0,84,0,50,32,0,82,55,66,45,0,166,0,0,0,166
06/20/2021,STT,VI,ASO,ES,Towers with Radar,46,6,3,0,55,0,48,24,0,72,46,54,27,0,127,0,0,0,127
06/21/2021,STT,VI,ASO,ES,Towers with Radar,47,15,8,0,70,0,69,29,0,98,47,84,37,0,168,24,0,24,192
06/22/2021,STT,VI,ASO,ES,Towers with Radar,45,22,3,0,70,0,66,21,0,87,45,88,24,0,157,2,0,2,159
06/23/2021,STT,VI,ASO,ES,Towers with Radar,44,17,6,0,67,0,58,33,0,91,44,75,39,0,158,28,0,28,186
06/24/2021,STT,VI,ASO,ES,Towers with Radar,44,23,8,0,75,0,61,36,0,97,44,84,44,0,172,2,0,2,174
06/25/2021,STT,VI,ASO,ES,Towers with Radar,45,24,8,0,77,0,74,27,3,104,45,98,35,3,181,23,0,23,204
06/26/2021,STT,VI,ASO,ES,Towers with Radar,54,11,11,0,76,0,34,14,1,49,54,45,25,1,125,0,0,0,125
06/27/2021,STT,VI,ASO,ES,Towers with Radar,48,9,5,0,62,0,58,19,0,77,48,67,24,0,139,6,0,6,145
06/28/2021,STT,VI,ASO,ES,Towers with Radar,45,21,9,0,75,0,60,21,0,81,45,81,30,0,156,30,0,30,186
06/29/2021,STT,VI,ASO,ES,Towers with Radar,44,24,8,0,76,0,54,33,1,88,44,78,41,1,164,6,0,6,170
06/30/2021,STT,VI,ASO,ES,Towers with Radar,45,26,7,0,78,0,59,27,1,87,45,85,34,1,165,8,0,8,173
07/01/2021,STT,VI,ASO,ES,Towers with Radar,45,27,12,0,84,0,71,22,0,93,45,98,34,0,177,12,0,12,189
07/02/2021,STT,VI,ASO,ES,Towers with Radar,42,30,6,0,78,0,71,34,0,105,42,101,40,0,183,4,0,4,187
07/03/2021,STT,VI,ASO,ES,Towers with Radar,58,10,6,0,74,0,52,15,0,67,58,62,21,0,141,0,0,0,141
07/04/2021,STT,VI,ASO,ES,Towers with Radar,46,5,5,0,56,0,49,19,0,68,46,54,24,0,124,0,0,0,124
07/05/2021,STT,VI,ASO,ES,Towers with Radar,46,11,12,0,69,0,56,22,0,78,46,67,34,0,147,8,0,8,155
07/06/2021,STT,VI,ASO,ES,Towers with Radar,48,19,5,0,72,0,65,28,0,93,48,84,33,0,165,6,0,6,171
07/07/2021,STT,VI,ASO,ES,Towers with Radar,37,20,16,0,73,0,56,21,4,81,37,76,37,4,154,8,0,8,162
07/08/2021,STT,VI,ASO,ES,Towers with Radar,46,23,4,0,73,0,58,31,0,89,46,81,35,0,162,30,0,30,192
07/09/2021,STT,VI,ASO,ES,Towers with Radar,46,23,10,0,79,0,61,39,0,100,46,84,49,0,179,24,2,26,205
07/10/2021,STT,VI,ASO,ES,Towers with Radar,55,11,11,0,77,0,36,21,0,57,55,47,32,0,134,6,1,7,141
07/11/2021,STT,VI,ASO,ES,Towers with Radar,50,9,6,0,65,0,43,15,0,58,50,52,21,0,123,28,0,28,151
07/12/2021,STT,VI,ASO,ES,Towers with Radar,44,23,5,0,72,0,59,26,0,85,44,82,31,0,157,14,0,14,171
07/13/2021,STT,VI,ASO,ES,Towers with Radar,47,18,9,0,74,0,63,26,0,89,47,81,35,0,163,20,0,20,183
07/14/2021,STT,VI,ASO,ES,Towers with Radar,45,17,10,0,72,0,68,20,5,93,45,85,30,5,165,26,0,26,191
07/15/2021,STT,VI,ASO,ES,Towers with Radar,47,16,2,0,65,0,65,35,0,100,47,81,37,0,165,62,0,62,227
07/16/2021,STT,VI,ASO,ES,Towers with Radar,44,17,5,0,66,0,68,31,5,104,44,85,36,5,170,13,0,13,183
07/17/2021,STT,VI,ASO,ES,Towers with Radar,53,9,6,0,68,0,45,36,0,81,53,54,42,0,149,14,0,14,163
07/18/2021,STT,VI,ASO,ES,Towers with Radar,53,7,6,0,66,0,47,16,3,66,53,54,22,3,132,27,0,27,159
07/19/2021,STT,VI,ASO,ES,Towers with Radar,46,18,8,0,72,0,65,28,2,95,46,83,36,2,167,36,0,36,203
07/20/2021,STT,VI,ASO,ES,Towers with Radar,45,23,4,0,72,0,70,20,0,90,45,93,24,0,162,18,0,18,180
07/21/2021,STT,VI,ASO,ES,Towers with Radar,43,15,7,0,65,0,63,28,0,91,43,78,35,0,156,38,0,38,194
07/22/2021,STT,VI,ASO,ES,Towers with Radar,44,16,4,0,64,0,54,28,3,85,44,70,32,3,149,29,0,29,178
07/23/2021,STT,VI,ASO,ES,Towers with Radar,42,23,7,0,72,0,68,47,0,115,42,91,54,0,187,16,0,16,203
07/24/2021,STT,VI,ASO,ES,Towers with Radar,55,4,27,0,86,0,29,12,2,43,55,33,39,2,129,0,0,0,129
07/25/2021,STT,VI,ASO,ES,Towers with Radar,48,10,3,0,61,0,43,17,0,60,48,53,20,0,121,0,0,0,121
07/26/2021,STT,VI,ASO,ES,Towers with Radar,44,21,7,0,72,0,65,30,0,95,44,86,37,0,167,24,0,24,191
07/27/2021,STT,VI,ASO,ES,Towers with Radar,45,18,12,0,75,0,54,19,0,73,45,72,31,0,148,0,0,0,148
07/28/2021,STT,VI,ASO,ES,Towers with Radar,42,19,8,0,69,0,60,21,1,82,42,79,29,1,151,34,0,34,185
07/29/2021,STT,VI,ASO,ES,Towers with Radar,50,19,3,0,72,0,47,15,0,62,50,66,18,0,134,34,0,34,168
07/30/2021,STT,VI,ASO,ES,Towers with Radar,44,19,6,0,69,0,82,31,0,113,44,101,37,0,182,10,0,10,192
07/31/2021,STT,VI,ASO,ES,Towers with Radar,53,11,7,0,71,0,43,22,0,65,53,54,29,0,136,20,0,20,156
08/01/2021,STT,VI,ASO,ES,Towers with Radar,43,10,7,0,60,0,44,23,0,67,43,54,30,0,127,0,0,0,127
08/02/2021,STT,VI,ASO,ES,Towers with Radar,40,23,8,0,71,0,63,20,0,83,40,86,28,0,154,16,0,16,170
08/03/2021,STT,VI,ASO,ES,Towers with Radar,42,19,2,0,63,0,59,18,4,81,42,78,20,4,144,0,0,0,144
08/04/2021,STT,VI,ASO,ES,Towers with Radar,40,25,5,0,70,0,56,29,0,85,40,81,34,0,155,40,0,40,195
08/05/2021,STT,VI,ASO,ES,Towers with Radar,48,17,2,0,67,0,53,25,0,78,48,70,27,0,145,30,0,30,175
08/06/2021,STT,VI,ASO,ES,Towers with Radar,46,19,3,0,68,0,65,21,0,86,46,84,24,0,154,24,0,24,178
08/07/2021,STT,VI,ASO,ES,Towers with Radar,54,11,13,0,78,0,45,22,0,67,54,56,35,0,145,0,0,0,145
08/08/2021,STT,VI,ASO,ES,Towers with Radar,47,18,1,0,66,0,32,11,0,43,47,50,12,0,109,0,0,0,109
08/09/2021,STT,VI,ASO,ES,Towers with Radar,42,18,5,0,65,0,58,25,2,85,42,76,30,2,150,0,0,0,150
08/10/2021,STT,VI,ASO,ES,Towers with Radar,46,12,5,0,63,0,33,10,0,43,46,45,15,0,106,0,0,0,106
08/11/2021,STT,VI,ASO,ES,Towers with Radar,44,20,6,0,70,0,48,15,4,67,44,68,21,4,137,0,0,0,137
08/12/2021,STT,VI,ASO,ES,Towers with Radar,48,17,1,0,66,0,51,24,0,75,48,68,25,0,141,16,0,16,157
08/13/2021,STT,VI,ASO,ES,Towers with Radar,42,17,2,0,61,0,61,16,0,77,42,78,18,0,138,18,0,18,156
08/14/2021,STT,VI,ASO,ES,Towers with Radar,53,15,8,0,76,0,41,18,2,61,53,56,26,2,137,22,0,22,159
08/15/2021,STT,VI,ASO,ES,Towers with Radar,34,8,2,0,44,0,0,0,0,0,34,8,2,0,44,0,0,0,44
08/16/2021,STT,VI,ASO,ES,Towers with Radar,50,28,5,0,83,0,48,17,0,65,50,76,22,0,148,0,0,0,148
08/17/2021,STT,VI,ASO,ES,Towers with Radar,21,21,2,0,44,0,59,24,0,83,21,80,26,0,127,4,0,4,131
08/18/2021,STT,VI,ASO,ES,Towers with Radar,21,19,3,0,43,0,54,15,0,69,21,73,18,0,112,14,0,14,126
08/19/2021,STT,VI,ASO,ES,Towers with Radar,27,18,4,0,49,0,50,29,1,80,27,68,33,1,129,2,0,2,131
08/20/2021,STT,VI,ASO,ES,Towers with Radar,30,19,8,0,57,0,60,21,0,81,30,79,29,0,138,6,0,6,144
08/21/2021,STT,VI,ASO,ES,Towers with Radar,40,9,5,0,54,0,42,16,0,58,40,51,21,0,112,10,0,10,122
08/22/2021,STT,VI,ASO,ES,Towers with Radar,34,9,8,0,51,0,35,11,0,46,34,44,19,0,97,0,0,0,97
08/23/2021,STT,VI,ASO,ES,Towers with Radar,33,16,4,0,53,0,61,9,0,70,33,77,13,0,123,6,0,6,129
08/24/2021,STT,VI,ASO,ES,Towers with Radar,17,25,10,0,52,0,61,8,0,69,17,86,18,0,121,0,0,0,121
08/25/2021,STT,VI,ASO,ES,Towers with Radar,22,21,4,0,47,0,57,11,1,69,22,78,15,1,116,12,0,12,128
08/26/2021,STT,VI,ASO,ES,Towers with Radar,25,19,3,0,47,0,55,7,0,62,25,74,10,0,109,18,0,18,127
08/27/2021,STT,VI,ASO,ES,Towers with Radar,31,16,5,0,52,0,61,14,3,78,31,77,19,3,130,6,0,6,136
08/28/2021,STT,VI,ASO,ES,Towers with Radar,41,9,5,0,55,0,37,14,0,51,41,46,19,0,106,0,0,0,106
08/29/2021,STT,VI,ASO,ES,Towers with Radar,31,8,3,0,42,0,39,10,0,49,31,47,13,0,91,0,0,0,91
08/30/2021,STT,VI,ASO,ES,Towers with Radar,33,26,2,0,61,0,49,12,0,61,33,75,14,0,122,0,0,0,122
08/31/2021,STT,VI,ASO,ES,Towers with Radar,21,23,8,0,52,0,51,7,2,60,21,74,15,2,112,12,0,12,124
09/01/2021,STT,VI,ASO,ES,Towers with Radar,24,13,11,0,48,0,67,23,0,90,24,80,34,0,138,34,0,34,172
09/02/2021,STT,VI,ASO,ES,Towers with Radar,20,17,0,1,38,0,56,20,0,76,20,73,20,1,114,28,0,28,142
09/03/2021,STT,VI,ASO,ES,Towers with Radar,27,19,5,1,52,0,59,27,0,86,27,78,32,1,138,10,0,10,148
09/04/2021,STT,VI,ASO,ES,Towers with Radar,41,10,4,0,55,0,36,28,0,64,41,46,32,0,119,6,0,6,125
09/05/2021,STT,VI,ASO,ES,Towers with Radar,29,5,3,0,37,0,36,11,0,47,29,41,14,0,84,0,0,0,84
09/06/2021,STT,VI,ASO,ES,Towers with Radar,31,20,4,0,55,0,41,23,0,64,31,61,27,0,119,0,0,0,119
09/07/2021,STT,VI,ASO,ES,Towers with Radar,20,14,2,0,36,0,57,20,0,77,20,71,22,0,113,10,0,10,123
09/08/2021,STT,VI,ASO,ES,Towers with Radar,16,15,1,0,32,0,47,12,2,61,16,62,13,2,93,12,0,12,105
09/09/2021,STT,VI,ASO,ES,Towers with Radar,19,19,4,0,42,0,46,25,0,71,19,65,29,0,113,0,0,0,113
09/10/2021,STT,VI,ASO,ES,Towers with Radar,21,20,1,0,42,0,54,10,0,64,21,74,11,0,106,0,0,0,106
09/11/2021,STT,VI,ASO,ES,Towers with Radar,37,9,2,0,48,0,31,12,0,43,37,40,14,0,91,18,0,18,109
09/12/2021,STT,VI,ASO,ES,Towers with Radar,25,6,5,0,36,0,35,7,0,42,25,41,12,0,78,6,0,6,84
09/13/2021,STT,VI,ASO,ES,Towers with Radar,18,19,3,0,40,0,41,33,0,74,18,60,36,0,114,24,0,24,138
09/14/2021,STT,VI,ASO,ES,Towers with Radar,18,17,7,0,42,0,44,25,0,69,18,61,32,0,111,16,0,16,127
09/15/2021,STT,VI,ASO,ES,Towers with Radar,14,17,3,0,34,0,38,21,0,59,14,55,24,0,93,52,0,52,145
09/16/2021,STT,VI,ASO,ES,Towers with Radar,17,16,4,0,37,0,43,42,4,89,17,59,46,4,126,4,2,6,132
09/17/2021,STT,VI,ASO,ES,Towers with Radar,20,23,1,0,44,0,55,26,0,81,20,78,27,0,125,52,0,52,177
09/18/2021,STT,VI,ASO,ES,Towers with Radar,37,10,4,0,51,0,33,22,0,55,37,43,26,0,106,12,0,12,118
09/19/2021,STT,VI,ASO,ES,Towers with Radar,22,5,2,0,29,0,39,14,0,53,22,44,16,0,82,2,0,2,84
09/20/2021,STT,VI,ASO,ES,Towers with Radar,18,18,3,0,39,0,42,23,0,65,18,60,26,0,104,10,0,10,114
09/21/2021,STT,VI,ASO,ES,Towers with Radar,16,23,5,0,44,0,49,21,0,70,16,72,26,0,114,26,0,26,140
09/22/2021,STT,VI,ASO,ES,Towers with Radar,14,17,5,0,36,0,55,11,0,66,14,72,16,0,102,43,0,43,145
09/23/2021,STT,VI,ASO,ES,Towers with Radar,18,28,1,0,47,0,51,29,0,80,18,79,30,0,127,14,0,14,141
09/24/2021,STT,VI,ASO,ES,Towers with Radar,20,13,1,0,34,0,55,21,0,76,20,68,22,0,110,34,0,34,144
09/25/2021,STT,VI,ASO,ES,Towers with Radar,37,8,2,0,47,0,37,22,0,59,37,45,24,0,106,12,0,12,118
09/26/2021,STT,VI,ASO,ES,Towers with Radar,22,5,1,0,28,0,34,13,0,47,22,39,14,0,75,0,0,0,75
09/27/2021,STT,VI,ASO,ES,Towers with Radar,18,18,1,0,37,0,45,21,0,66,18,63,22,0,103,52,0,52,155
09/28/2021,STT,VI,ASO,ES,Towers with Radar,15,9,2,0,26,0,52,25,0,77,15,61,27,0,103,44,0,44,147
09/29/2021,STT,VI,ASO,ES,Towers with Radar,15,16,4,0,35,0,52,12,0,64,15,68,16,0,99,72,0,72,171
09/30/2021,STT,VI,ASO,ES,Towers with Radar,20,19,4,0,43,0,43,18,2,63,20,62,22,2,106,16,0,16,122
10/01/2021,STT,VI,ASO,ES,Towers with Radar,20,19,2,0,41,0,53,24,0,77,20,72,26,0,118,6,0,6,124
10/02/2021,STT,VI,ASO,ES,Towers with Radar,37,10,2,0,49,0,49,23,0,72,37,59,25,0,121,14,0,14,135
10/03/2021,STT,VI,ASO,ES,Towers with Radar,24,9,5,0,38,0,35,13,0,48,24,44,18,0,86,0,0,0,86
10/04/2021,STT,VI,ASO,ES,Towers with Radar,18,19,4,0,41,0,46,22,0,68,18,65,26,0,109,2,0,2,111
10/05/2021,STT,VI,ASO,ES,Towers with Radar,15,17,5,0,37,0,49,20,0,69,15,66,25,0,106,16,0,16,122
10/06/2021,STT,VI,ASO,ES,Towers with Radar,14,22,6,0,42,0,51,18,0,69,14,73,24,0,111,0,0,0,111
10/07/2021,STT,VI,ASO,ES,Towers with Radar,20,20,3,0,43,0,49,22,0,71,20,69,25,0,114,23,0,23,137
10/08/2021,STT,VI,ASO,ES,Towers with Radar,26,30,5,0,61,0,47,24,0,71,26,77,29,0,132,22,0,22,154
10/09/2021,STT,VI,ASO,ES,Towers with Radar,45,13,4,0,62,0,34,20,0,54,45,47,24,0,116,0,0,0,116
10/10/2021,STT,VI,ASO,ES,Towers with Radar,26,8,9,0,43,0,41,11,0,52,26,49,20,0,95,0,0,0,95
10/11/2021,STT,VI,ASO,ES,Towers with Radar,20,14,0,0,34,0,43,13,0,56,20,57,13,0,90,0,0,0,90
10/12/2021,STT,VI,ASO,ES,Towers with Radar,19,23,6,0,48,0,50,11,2,63,19,73,17,2,111,0,0,0,111
10/13/2021,STT,VI,ASO,ES,Towers with Radar,18,19,6,0,43,0,36,23,0,59,18,55,29,0,102,0,0,0,102
10/14/2021,STT,VI,ASO,ES,Towers with Radar,21,18,5,0,44,0,51,16,0,67,21,69,21,0,111,0,0,0,111
10/15/2021,STT,VI,ASO,ES,Towers with Radar,21,21,8,0,50,0,61,22,0,83,21,82,30,0,133,0,0,0,133
10/16/2021,STT,VI,ASO,ES,Towers with Radar,41,9,1,0,51,0,42,18,0,60,41,51,19,0,111,12,0,12,123
10/17/2021,STT,VI,ASO,ES,Towers with Radar,26,8,5,0,39,0,36,28,0,64,26,44,33,0,103,26,0,26,129
10/18/2021,STT,VI,ASO,ES,Towers with Radar,20,18,3,2,43,0,52,10,1,63,20,70,13,3,106,8,0,8,114
10/19/2021,STT,VI,ASO,ES,Towers with Radar,21,18,6,0,45,0,42,29,0,71,21,60,35,0,116,32,0,32,148
10/20/2021,STT,VI,ASO,ES,Towers with Radar,16,19,7,0,42,0,48,20,0,68,16,67,27,0,110,16,0,16,126
10/21/2021,STT,VI,ASO,ES,Towers with Radar,21,21,6,0,48,0,51,11,1,63,21,72,17,1,111,0,0,0,111
10/22/2021,STT,VI,ASO,ES,Towers with Radar,23,15,8,0,46,0,55,27,0,82,23,70,35,0,128,0,0,0,128
10/23/2021,STT,VI,ASO,ES,Towers with Radar,43,11,3,0,57,0,33,32,0,65,43,44,35,0,122,14,0,14,136
10/24/2021,STT,VI,ASO,ES,Towers with Radar,26,10,4,0,40,0,44,14,0,58,26,54,18,0,98,24,0,24,122
10/25/2021,STT,VI,ASO,ES,Towers with Radar,22,19,3,0,44,0,43,11,1,55,22,62,14,1,99,6,0,6,105
10/26/2021,STT,VI,ASO,ES,Towers with Radar,21,17,9,0,47,0,61,13,0,74,21,78,22,0,121,0,0,0,121
10/27/2021,STT,VI,ASO,ES,Towers with Radar,17,17,17,0,51,0,59,28,0,87,17,76,45,0,138,30,0,30,168
10/28/2021,STT,VI,ASO,ES,Towers with Radar,19,22,5,0,46,0,52,29,0,81,19,74,34,0,127,16,0,16,143
10/29/2021,STT,VI,ASO,ES,Towers with Radar,21,22,6,0,49,0,57,28,0,85,21,79,34,0,134,14,0,14,148
10/30/2021,STT,VI,ASO,ES,Towers with Radar,39,11,10,0,60,0,43,33,0,76,39,54,43,0,136,2,0,2,138
10/31/2021,STT,VI,ASO,ES,Towers with Radar,28,10,12,0,50,0,41,9,0,50,28,51,21,0,100,4,0,4,104
11/01/2021,STT,VI,ASO,ES,Towers with Radar,20,24,16,0,60,0,56,27,0,83,20,80,43,0,143,21,0,21,164
11/02/2021,STT,VI,ASO,ES,Towers with Radar,20,22,10,0,52,0,50,33,0,83,20,72,43,0,135,24,0,24,159
11/03/2021,STT,VI,ASO,ES,Towers with Radar,24,19,4,0,47,0,45,19,0,64,24,64,23,0,111,26,0,26,137
11/04/2021,STT,VI,ASO,ES,Towers with Radar,29,16,5,0,50,0,54,34,3,91,29,70,39,3,141,7,0,7,148
11/05/2021,STT,VI,ASO,ES,Towers with Radar,27,22,8,0,57,0,58,31,0,89,27,80,39,0,146,6,0,6,152
11/06/2021,STT,VI,ASO,ES,Towers with Radar,42,14,9,0,65,0,38,31,0,69,42,52,40,0,134,47,0,47,181
11/07/2021,STT,VI,ASO,ES,Towers with Radar,32,11,6,0,49,0,43,19,0,62,32,54,25,0,111,4,0,4,115
11/08/2021,STT,VI,ASO,ES,Towers with Radar,23,18,5,0,46,0,53,24,1,78,23,71,29,1,124,4,2,6,130
11/09/2021,STT,VI,ASO,ES,Towers with Radar,22,22,9,0,53,0,55,30,0,85,22,77,39,0,138,0,0,0,138
11/10/2021,STT,VI,ASO,ES,Towers with Radar,26,17,7,0,50,0,61,34,0,95,26,78,41,0,145,50,0,50,195
11/11/2021,STT,VI,ASO,ES,Towers with Radar,28,12,6,0,46,0,42,37,0,79,28,54,43,0,125,36,0,36,161
11/12/2021,STT,VI,ASO,ES,Towers with Radar,26,26,9,0,61,0,62,30,0,92,26,88,39,0,153,30,0,30,183
11/13/2021,STT,VI,ASO,ES,Towers with Radar,43,14,6,0,63,0,37,21,0,58,43,51,27,0,121,0,0,0,121
11/14/2021,STT,VI,ASO,ES,Towers with Radar,35,12,9,0,56,0,43,25,0,68,35,55,34,0,124,30,0,30,154
11/15/2021,STT,VI,ASO,ES,Towers with Radar,22,24,7,0,53,0,45,26,0,71,22,69,33,0,124,30,0,30,154
11/16/2021,STT,VI,ASO,ES,Towers with Radar,20,26,10,0,56,0,50,44,0,94,20,76,54,0,150,14,0,14,164
11/17/2021,STT,VI,ASO,ES,Towers with Radar,28,25,6,0,59,0,48,28,1,77,28,73,34,1,136,38,1,39,175
11/18/2021,STT,VI,ASO,ES,Towers with Radar,34,30,10,0,74,0,53,30,0,83,34,83,40,0,157,0,0,0,157
11/19/2021,STT,VI,ASO,ES,Towers with Radar,30,26,18,0,74,0,61,43,0,104,30,87,61,0,178,46,0,46,224
11/20/2021,STT,VI,ASO,ES,Towers with Radar,49,20,17,0,86,0,36,24,0,60,49,56,41,0,146,0,0,0,146
11/21/2021,STT,VI,ASO,ES,Towers with Radar,34,15,4,0,53,0,45,27,0,72,34,60,31,0,125,28,0,28,153
11/22/2021,STT,VI,ASO,ES,Towers with Radar,23,19,7,0,49,0,48,24,0,72,23,67,31,0,121,10,0,10,131
11/23/2021,STT,VI,ASO,ES,Towers with Radar,31,32,9,1,73,0,56,35,1,92,31,88,44,2,165,26,0,26,191
11/24/2021,STT,VI,ASO,ES,Towers with Radar,30,24,9,0,63,0,65,34,0,99,30,89,43,0,162,6,0,6,168
11/25/2021,STT,VI,ASO,ES,Towers with Radar,23,19,3,0,45,0,27,8,0,35,23,46,11,0,80,2,0,2,82
11/26/2021,STT,VI,ASO,ES,Towers with Radar,28,18,3,0,49,0,55,7,0,62,28,73,10,0,111,0,0,0,111
11/27/2021,STT,VI,ASO,ES,Towers with Radar,51,18,9,0,78,0,43,27,0,70,51,61,36,0,148,0,0,0,148
11/28/2021,STT,VI,ASO,ES,Towers with Radar,37,25,12,0,74,0,53,19,0,72,37,78,31,0,146,0,0,0,146
11/29/2021,STT,VI,ASO,ES,Towers with Radar,28,21,14,0,63,0,72,10,0,82,28,93,24,0,145,0,0,0,145
11/30/2021,STT,VI,ASO,ES,Towers with Radar,28,25,6,0,59,0,50,26,0,76,28,75,32,0,135,14,0,14,149
12/01/2021,STT,VI,ASO,ES,Towers with Radar,27,34,11,0,72,0,43,29,0,72,27,77,40,0,144,15,0,15,159
12/02/2021,STT,VI,ASO,ES,Towers with Radar,28,32,14,0,74,0,44,34,4,82,28,76,48,4,156,24,0,24,180
12/03/2021,STT,VI,ASO,ES,Towers with Radar,26,28,7,0,61,0,58,25,1,84,26,86,32,1,145,30,0,30,175
12/04/2021,STT,VI,ASO,ES,Towers with Radar,47,15,3,0,65,0,45,14,0,59,47,60,17,0,124,3,0,3,127
12/05/2021,STT,VI,ASO,ES,Towers with Radar,36,16,6,0,58,0,43,18,0,61,36,59,24,0,119,0,0,0,119
12/06/2021,STT,VI,ASO,ES,Towers with Radar,23,17,11,0,51,0,60,26,0,86,23,77,37,0,137,12,0,12,149
12/07/2021,STT,VI,ASO,ES,Towers with Radar,23,23,8,0,54,0,54,27,0,81,23,77,35,0,135,16,0,16,151
12/08/2021,STT,VI,ASO,ES,Towers with Radar,26,21,12,0,59,0,53,34,4,91,26,74,46,4,150,4,0,4,154
12/09/2021,STT,VI,ASO,ES,Towers with Radar,27,23,12,0,62,0,56,39,0,95,27,79,51,0,157,4,0,4,161
12/10/2021,STT,VI,ASO,ES,Towers with Radar,27,26,7,0,60,0,61,36,0,97,27,87,43,0,157,4,0,4,161
12/11/2021,STT,VI,ASO,ES,Towers with Radar,47,9,6,0,62,0,41,14,2,57,47,50,20,2,119,0,0,0,119
12/12/2021,STT,VI,ASO,ES,Towers with Radar,32,13,7,0,52,0,42,39,0,81,32,55,46,0,133,9,0,9,142
12/13/2021,STT,VI,ASO,ES,Towers with Radar,25,29,8,0,62,0,57,20,0,77,25,86,28,0,139,0,0,0,139
12/14/2021,STT,VI,ASO,ES,Towers with Radar,27,22,3,0,52,0,56,42,0,98,27,78,45,0,150,0,0,0,150
12/15/2021,STT,VI,ASO,ES,Towers with Radar,26,30,15,0,71,0,46,35,1,82,26,76,50,1,153,16,0,16,169
12/16/2021,STT,VI,ASO,ES,Towers with Radar,35,28,9,0,72,0,61,49,0,110,35,89,58,0,182,22,0,22,204
12/17/2021,STT,VI,ASO,ES,Towers with Radar,33,28,15,0,76,0,64,60,0,124,33,92,75,0,200,0,0,0,200
12/18/2021,STT,VI,ASO,ES,Towers with Radar,55,22,25,0,102,0,48,27,0,75,55,70,52,0,177,0,0,0,177
12/19/2021,STT,VI,ASO,ES,Towers with Radar,38,20,19,0,77,0,37,28,0,65,38,57,47,0,142,12,0,12,154
12/20/2021,STT,VI,ASO,ES,Towers with Radar,34,25,16,0,75,0,58,37,0,95,34,83,53,0,170,0,0,0,170
12/21/2021,STT,VI,ASO,ES,Towers with Radar,38,37,15,0,90,0,48,33,0,81,38,85,48,0,171,0,0,0,171
12/22/2021,STT,VI,ASO,ES,Towers with Radar,42,31,17,0,90,0,61,47,0,108,42,92,64,0,198,28,0,28,226
12/23/2021,STT,VI,ASO,ES,Towers with Radar,40,26,12,0,78,0,58,45,0,103,40,84,57,0,181,28,0,28,209
12/24/2021,STT,VI,ASO,ES,Towers with Radar,36,17,12,0,65,0,55,29,0,84,36,72,41,0,149,6,0,6,155
12/25/2021,STT,VI,ASO,ES,Towers with Radar,54,6,4,0,64,0,42,7,0,49,54,48,11,0,113,0,0,0,113
12/26/2021,STT,VI,ASO,ES,Towers with Radar,42,22,46,0,110,0,37,27,0,64,42,59,73,0,174,0,0,0,174
12/27/2021,STT,VI,ASO,ES,Towers with Radar,36,23,21,0,80,0,57,40,0,97,36,80,61,0,177,16,0,16,193
12/28/2021,STT,VI,ASO,ES,Towers with Radar,39,30,15,0,84,0,58,32,0,90,39,88,47,0,174,0,0,0,174
12/29/2021,STT,VI,ASO,ES,Towers with Radar,40,24,11,0,75,0,55,20,0,75,40,79,31,0,150,10,0,10,160
12/30/2021,STT,VI,ASO,ES,Towers with Radar,38,30,10,0,78,0,63,41,0,104,38,93,51,0,182,0,0,0,182
12/31/2021,STT,VI,ASO,ES,Towers with Radar,37,26,13,0,76,0,49,17,0,66,37,75,30,0,142,0,0,0,142
01/01/2022,STT,VI,ASO,ES,Towers with Radar,50,13,17,0,80,0,51,10,0,61,50,64,27,0,141,6,0,6,147
01/02/2022,STT,VI,ASO,ES,Towers with Radar,44,27,26,0,97,0,41,33,0,74,44,68,59,0,171,18,0,18,189
01/03/2022,STT,VI,ASO,ES,Towers with Radar,36,25,20,0,81,0,55,23,0,78,36,80,43,0,159,6,0,6,165
01/04/2022,STT,VI,ASO,ES,Towers with Radar,39,30,17,0,86,0,43,26,0,69,39,73,43,0,155,6,0,6,161
01/05/2022,STT,VI,ASO,ES,Towers with Radar,30,25,9,0,64,0,45,29,0,74,30,70,38,0,138,4,0,4,142
01/06/2022,STT,VI,ASO,ES,Towers with Radar,32,23,5,0,60,0,42,24,0,66,32,65,29,0,126,20,0,20,146
01/07/2022,STT,VI,ASO,ES,Towers with Radar,29,27,8,0,64,0,55,28,0,83,29,82,36,0,147,8,0,8,155
01/08/2022,STT,VI,ASO,ES,Towers with Radar,47,11,13,0,71,0,48,35,0,83,47,59,48,0,154,8,0,8,162
01/09/2022,STT,VI,ASO,ES,Towers with Radar,35,15,12,0,62,0,38,23,0,61,35,53,35,0,123,0,0,0,123
01/10/2022,STT,VI,ASO,ES,Towers with Radar,30,23,8,0,61,0,54,25,0,79,30,77,33,0,140,0,0,0,140
01/11/2022,STT,VI,ASO,ES,Towers with Radar,32,25,10,0,67,0,46,26,0,72,32,71,36,0,139,8,0,8,147
01/12/2022,STT,VI,ASO,ES,Towers with Radar,30,30,7,2,69,0,47,23,0,70,30,77,30,2,139,8,0,8,147
01/13/2022,STT,VI,ASO,ES,Towers with Radar,33,38,9,0,80,0,46,20,0,66,33,84,29,0,146,0,0,0,146
01/14/2022,STT,VI,ASO,ES,Towers with Radar,28,32,16,0,76,0,55,32,0,87,28,87,48,0,163,0,0,0,163
01/15/2022,STT,VI,ASO,ES,Towers with Radar,46,18,9,0,73,0,45,35,0,80,46,63,44,0,153,8,0,8,161
01/16/2022,STT,VI,ASO,ES,Towers with Radar,24,5,6,0,35,0,10,7,0,17,24,15,13,0,52,0,0,0,52
01/17/2022,STT,VI,ASO,ES,Towers with Radar,29,26,9,0,64,0,49,27,0,76,29,75,36,0,140,26,0,26,166
01/18/2022,STT,VI,ASO,ES,Towers with Radar,30,30,13,0,73,0,49,23,2,74,30,79,36,2,147,22,0,22,169
01/19/2022,STT,VI,ASO,ES,Towers with Radar,29,19,9,0,57,0,47,18,0,65,29,66,27,0,122,26,0,26,148
01/20/2022,STT,VI,ASO,ES,Towers with Radar,31,29,11,1,72,0,54,33,0,87,31,83,44,1,159,17,2,19,178
01/21/2022,STT,VI,ASO,ES,Towers with Radar,30,24,9,0,63,0,53,24,0,77,30,77,33,0,140,6,0,6,146
01/22/2022,STT,VI,ASO,ES,Towers with Radar,49,17,9,0,75,0,46,23,0,69,49,63,32,0,144,12,0,12,156
01/23/2022,STT,VI,ASO,ES,Towers with Radar,34,14,9,0,57,0,37,24,0,61,34,51,33,0,118,10,0,10,128
01/24/2022,STT,VI,ASO,ES,Towers with Radar,26,9,2,0,37,0,17,9,0,26,26,26,11,0,63,0,0,0,63
01/25/2022,STT,VI,ASO,ES,Towers with Radar,30,29,9,0,68,0,45,26,0,71,30,74,35,0,139,21,0,21,160
01/26/2022,STT,VI,ASO,ES,Towers with Radar,31,18,17,0,66,0,60,35,0,95,31,78,52,0,161,36,2,38,199
01/27/2022,STT,VI,ASO,ES,Towers with Radar,29,18,11,0,58,0,51,39,0,90,29,69,50,0,148,36,0,36,184
01/28/2022,STT,VI,ASO,ES,Towers with Radar,27,23,9,0,59,0,56,30,0,86,27,79,39,0,145,43,0,43,188
01/29/2022,STT,VI,ASO,ES,Towers with Radar,32,17,20,0,69,0,38,33,0,71,32,55,53,0,140,10,0,10,150
01/30/2022,STT,VI,ASO,ES,Towers with Radar,29,28,14,0,71,0,23,26,0,49,29,51,40,0,120,18,0,18,138
01/31/2022,STT,VI,ASO,ES,Towers with Radar,27,22,13,0,62,0,51,24,0,75,27,73,37,0,137,4,0,4,141
02/01/2022,STT,VI,ASO,ES,Towers with Radar,30,24,6,0,60,0,48,30,0,78,30,72,36,0,138,6,0,6,144
02/02/2022,STT,VI,ASO,ES,Towers with Radar,30,20,12,0,62,0,52,31,0,83,30,72,43,0,145,44,0,44,189
02/03/2022,STT,VI,ASO,ES,Towers with Radar,30,25,15,0,70,0,51,23,2,76,30,76,38,2,146,20,0,20,166
02/04/2022,STT,VI,ASO,ES,Towers with Radar,27,32,8,0,67,0,46,23,0,69,27,78,31,0,136,0,0,0,136
02/05/2022,STT,VI,ASO,ES,Towers with Radar,43,20,12,0,75,0,29,15,0,44,43,49,27,0,119,0,0,0,119
02/06/2022,STT,VI,ASO,ES,Towers with Radar,36,23,12,0,71,0,23,9,0,32,36,46,21,0,103,2,0,2,105
02/07/2022,STT,VI,ASO,ES,Towers with Radar,29,25,7,1,62,0,42,34,1,77,29,67,41,2,139,0,0,0,139
02/08/2022,STT,VI,ASO,ES,Towers with Radar,27,23,5,0,55,0,52,43,0,95,27,75,48,0,150,0,0,0,150
02/09/2022,STT,VI,ASO,ES,Towers with Radar,30,23,10,0,63,0,46,27,2,75,30,69,37,2,138,6,0,6,144
02/10/2022,STT,VI,ASO,ES,Towers with Radar,31,26,10,0,67,0,56,22,0,78,31,82,32,0,145,16,0,16,161
02/11/2022,STT,VI,ASO,ES,Towers with Radar,32,22,4,0,58,0,69,32,0,101,32,91,36,0,159,0,0,0,159
02/12/2022,STT,VI,ASO,ES,Towers with Radar,49,17,21,0,87,0,27,33,0,60,49,44,54,0,147,13,0,13,160
02/13/2022,STT,VI,ASO,ES,Towers with Radar,33,18,20,0,71,0,28,22,0,50,33,46,42,0,121,0,0,0,121
02/14/2022,STT,VI,ASO,ES,Towers with Radar,28,25,14,0,67,0,50,26,0,76,28,75,40,0,143,0,0,0,143
02/15/2022,STT,VI,ASO,ES,Towers with Radar,26,27,9,0,62,0,40,54,0,94,26,67,63,0,156,30,0,30,186
02/16/2022,STT,VI,ASO,ES,Towers with Radar,28,29,10,0,67,0,51,25,0,76,28,80,35,0,143,52,0,52,195
02/17/2022,STT,VI,ASO,ES,Towers with Radar,32,21,13,1,67,0,72,17,2,91,32,93,30,3,158,10,0,10,168
02/18/2022,STT,VI,ASO,ES,Towers with Radar,33,24,19,0,76,0,61,30,0,91,33,85,49,0,167,8,0,8,175
02/19/2022,STT,VI,ASO,ES,Towers with Radar,50,15,15,0,80,0,30,26,0,56,50,45,41,0,136,0,0,0,136
02/20/2022,STT,VI,ASO,ES,Towers with Radar,38,14,21,4,77,0,42,38,0,80,38,56,59,4,157,8,0,8,165
02/21/2022,STT,VI,ASO,ES,Towers with Radar,34,10,9,0,53,0,56,30,1,87,34,66,39,1,140,8,0,8,148
02/22/2022,STT,VI,ASO,ES,Towers with Radar,32,24,12,0,68,0,42,20,0,62,32,66,32,0,130,22,0,22,152
02/23/2022,STT,VI,ASO,ES,Towers with Radar,33,33,21,0,87,0,50,33,0,83,33,83,54,0,170,15,0,15,185
02/24/2022,STT,VI,ASO,ES,Towers with Radar,35,25,12,0,72,0,73,26,0,99,35,98,38,0,171,16,0,16,187
02/25/2022,STT,VI,ASO,ES,Towers with Radar,31,19,9,0,59,0,66,45,0,111,31,85,54,0,170,24,0,24,194
02/26/2022,STT,VI,ASO,ES,Towers with Radar,51,18,8,0,77,0,44,45,0,89,51,62,53,0,166,28,0,28,194
02/27/2022,STT,VI,ASO,ES,Towers with Radar,37,11,15,0,63,0,31,35,0,66,37,42,50,0,129,2,0,2,131
02/28/2022,STT,VI,ASO,ES,Towers with Radar,34,23,10,0,67,0,42,36,2,80,34,65,46,2,147,10,0,10,157
03/01/2022,STT,VI,ASO,ES,Towers with Radar,31,24,10,0,65,0,54,52,0,106,31,78,62,0,171,8,0,8,179
03/02/2022,STT,VI,ASO,ES,Towers with Radar,24,19,6,0,49,0,61,29,0,90,24,80,35,0,139,36,0,36,175
03/03/2022,STT,VI,ASO,ES,Towers with Radar,31,43,10,0,84,0,46,40,0,86,31,89,50,0,170,14,0,14,184
03/04/2022,STT,VI,ASO,ES,Towers with Radar,33,20,14,0,67,0,71,44,0,115,33,91,58,0,182,12,0,12,194
03/05/2022,STT,VI,ASO,ES,Towers with Radar,55,18,11,0,84,0,29,33,2,64,55,47,44,2,148,18,0,18,166
03/06/2022,STT,VI,ASO,ES,Towers with Radar,40,14,10,0,64,0,35,34,0,69,40,49,44,0,133,2,0,2,135
03/07/2022,STT,VI,ASO,ES,Towers with Radar,36,21,5,0,62,0,48,48,0,96,36,69,53,0,158,44,0,44,202
03/08/2022,STT,VI,ASO,ES,Towers with Radar,34,25,13,0,72,0,56,32,1,89,34,81,45,1,161,12,0,12,173
03/09/2022,STT,VI,ASO,ES,Towers with Radar,37,19,8,0,64,0,54,25,0,79,37,73,33,0,143,28,0,28,171
03/10/2022,STT,VI,ASO,ES,Towers with Radar,36,33,13,0,82,0,44,41,1,86,36,77,54,1,168,24,0,24,192
03/11/2022,STT,VI,ASO,ES,Towers with Radar,36,25,29,0,90,0,52,57,0,109,36,77,86,0,199,6,0,6,205
03/12/2022,STT,VI,ASO,ES,Towers with Radar,51,19,27,2,99,0,34,38,0,72,51,53,65,2,171,2,0,2,173
03/13/2022,STT,VI,ASO,ES,Towers with Radar,38,15,18,0,71,0,38,36,0,74,38,53,54,0,145,4,0,4,149
03/14/2022,STT,VI,ASO,ES,Towers with Radar,39,29,7,0,75,0,60,35,1,96,39,89,42,1,171,22,0,22,193
03/15/2022,STT,VI,ASO,ES,Towers with Radar,35,17,3,0,55,0,72,30,6,108,35,89,33,6,163,32,0,32,195
03/16/2022,STT,VI,ASO,ES,Towers with Radar,36,22,8,2,68,0,46,30,3,79,36,68,38,5,147,16,0,16,163
03/17/2022,STT,VI,ASO,ES,Towers with Radar,36,28,18,0,82,0,47,29,0,76,36,75,47,0,158,32,0,32,190
03/18/2022,STT,VI,ASO,ES,Towers with Radar,36,27,15,0,78,0,70,30,0,100,36,97,45,0,178,13,0,13,191
03/19/2022,STT,VI,ASO,ES,Towers with Radar,52,33,29,0,114,0,56,29,0,85,52,89,58,0,199,22,0,22,221
03/20/2022,STT,VI,ASO,ES,Towers with Radar,40,14,20,0,74,0,47,39,0,86,40,61,59,0,160,8,0,8,168
03/21/2022,STT,VI,ASO,ES,Towers with Radar,40,35,10,0,85,0,46,28,0,74,40,81,38,0,159,52,0,52,211
03/22/2022,STT,VI,ASO,ES,Towers with Radar,34,22,3,0,59,0,48,26,0,74,34,70,29,0,133,12,0,12,145
03/23/2022,STT,VI,ASO,ES,Towers with Radar,34,22,8,2,66,0,56,27,0,83,34,78,35,2,149,64,0,64,213
03/24/2022,STT,VI,ASO,ES,Towers with Radar,38,33,13,0,84,0,56,28,0,84,38,89,41,0,168,12,0,12,180
03/25/2022,STT,VI,ASO,ES,Towers with Radar,34,25,12,0,71,0,57,46,0,103,34,82,58,0,174,57,0,57,231
03/26/2022,STT,VI,ASO,ES,Towers with Radar,52,23,19,0,94,0,30,43,0,73,52,53,62,0,167,20,0,20,187
03/27/2022,STT,VI,ASO,ES,Towers with Radar,40,11,9,0,60,0,33,35,0,68,40,44,44,0,128,30,0,30,158
03/28/2022,STT,VI,ASO,ES,Towers with Radar,36,17,11,0,64,0,46,28,0,74,36,63,39,0,138,50,0,50,188
03/29/2022,STT,VI,ASO,ES,Towers with Radar,34,24,14,0,72,0,54,31,0,85,34,78,45,0,157,42,0,42,199
03/30/2022,STT,VI,ASO,ES,Towers with Radar,34,17,2,0,53,0,56,27,0,83,34,73,29,0,136,0,0,0,136
03/31/2022,STT,VI,ASO,ES,Towers with Radar,35,25,7,0,67,0,54,18,1,73,35,79,25,1,140,10,0,10,150
04/01/2022,STT,VI,ASO,ES,Towers with Radar,34,19,10,0,63,0,70,33,0,103,34,89,43,0,166,6,0,6,172
04/02/2022,STT,VI,ASO,ES,Towers with Radar,49,20,21,0,90,0,42,35,0,77,49,62,56,0,167,0,0,0,167
04/03/2022,STT,VI,ASO,ES,Towers with Radar,38,13,8,0,59,0,35,38,0,73,38,48,46,0,132,0,0,0,132
04/04/2022,STT,VI,ASO,ES,Towers with Radar,34,19,6,0,59,0,58,24,2,84,34,77,30,2,143,32,0,32,175
04/05/2022,STT,VI,ASO,ES,Towers with Radar,30,22,5,0,57,0,50,30,0,80,30,72,35,0,137,22,0,22,159
04/06/2022,STT,VI,ASO,ES,Towers with Radar,34,23,8,0,65,0,42,22,0,64,34,65,30,0,129,0,0,0,129
04/07/2022,STT,VI,ASO,ES,Towers with Radar,29,19,12,0,60,0,53,18,0,71,29,72,30,0,131,0,0,0,131
04/08/2022,STT,VI,ASO,ES,Towers with Radar,32,20,12,0,64,0,62,38,0,100,32,82,50,0,164,16,0,16,180
04/09/2022,STT,VI,ASO,ES,Towers with Radar,50,12,11,0,73,0,48,44,2,94,50,60,55,2,167,16,0,16,183
04/10/2022,STT,VI,ASO,ES,Towers with Radar,32,14,15,2,63,0,28,27,0,55,32,42,42,2,118,0,0,0,118
04/11/2022,STT,VI,ASO,ES,Towers with Radar,36,21,11,0,68,0,46,46,0,92,36,67,57,0,160,24,0,24,184
04/12/2022,STT,VI,ASO,ES,Towers with Radar,25,20,10,0,55,5,46,40,0,91,30,66,50,0,146,60,0,60,206
04/13/2022,STT,VI,ASO,ES,Towers with Radar,36,22,7,0,65,0,54,39,2,95,36,76,46,2,160,32,0,32,192
04/14/2022,STT,VI,ASO,ES,Towers with Radar,32,24,15,0,71,0,69,32,2,103,32,93,47,2,174,27,0,27,201
04/15/2022,STT,VI,ASO,ES,Towers with Radar,35,9,15,0,59,0,49,32,0,81,35,58,47,0,140,0,0,0,140
04/16/2022,STT,VI,ASO,ES,Towers with Radar,48,12,15,0,75,0,40,28,0,68,48,52,43,0,143,0,0,0,143
04/17/2022,STT,VI,ASO,ES,Towers with Radar,37,10,8,0,55,0,42,20,0,62,37,52,28,0,117,0,0,0,117
04/18/2022,STT,VI,ASO,ES,Towers with Radar,34,25,7,0,66,0,64,27,0,91,34,89,34,0,157,12,0,12,169
04/19/2022,STT,VI,ASO,ES,Towers with Radar,28,25,7,0,60,0,59,26,4,89,28,84,33,4,149,0,0,0,149
04/20/2022,STT,VI,ASO,ES,Towers with Radar,30,25,19,2,76,0,42,38,0,80,30,67,57,2,156,10,0,10,166
04/21/2022,STT,VI,ASO,ES,Towers with Radar,34,16,5,0,55,0,55,41,0,96,34,71,46,0,151,34,0,34,185
04/22/2022,STT,VI,ASO,ES,Towers with Radar,33,24,6,0,63,0,75,42,2,119,33,99,48,2,182,47,0,47,229
04/23/2022,STT,VI,ASO,ES,Towers with Radar,46,19,13,0,78,0,40,43,0,83,46,59,56,0,161,20,0,20,181
04/24/2022,STT,VI,ASO,ES,Towers with Radar,37,11,8,0,56,0,40,44,0,84,37,51,52,0,140,0,0,0,140
04/25/2022,STT,VI,ASO,ES,Towers with Radar,33,23,15,0,71,0,45,31,0,76,33,68,46,0,147,6,1,7,154
04/26/2022,STT,VI,ASO,ES,Towers with Radar,28,21,11,0,60,0,64,32,0,96,28,85,43,0,156,28,0,28,184
04/27/2022,STT,VI,ASO,ES,Towers with Radar,30,18,3,0,51,0,65,67,1,133,30,83,70,1,184,60,0,60,244
04/28/2022,STT,VI,ASO,ES,Towers with Radar,31,24,2,0,57,0,52,28,1,81,31,76,30,1,138,4,0,4,142
04/29/2022,STT,VI,ASO,ES,Towers with Radar,33,7,8,0,48,0,49,44,1,94,33,56,52,1,142,0,0,0,142
04/30/2022,STT,VI,ASO,ES,Towers with Radar,48,20,10,0,78,0,17,4,1,22,48,37,14,1,100,0,0,0,100
05/01/2022,STT,VI,ASO,ES,Towers with Radar,35,30,13,0,78,0,26,20,0,46,35,56,33,0,124,0,0,0,124
05/02/2022,STT,VI,ASO,ES,Towers with Radar,34,20,13,0,67,0,52,38,2,92,34,72,51,2,159,18,0,18,177
05/03/2022,STT,VI,ASO,ES,Towers with Radar,25,19,11,0,55,0,54,27,0,81,25,73,38,0,136,62,0,62,198
05/04/2022,STT,VI,ASO,ES,Towers with Radar,30,28,8,0,66,0,45,32,0,77,30,73,40,0,143,66,0,66,209
05/05/2022,STT,VI,ASO,ES,Towers with Radar,28,14,6,0,48,0,47,25,0,72,28,61,31,0,120,30,0,30,150
05/06/2022,STT,VI,ASO,ES,Towers with Radar,31,18,9,0,58,0,45,31,0,76,31,63,40,0,134,31,0,31,165
05/07/2022,STT,VI,ASO,ES,Towers with Radar,43,15,13,0,71,0,27,15,0,42,43,42,28,0,113,0,0,0,113
05/08/2022,STT,VI,ASO,ES,Towers with Radar,29,15,6,0,50,0,36,10,0,46,29,51,16,0,96,2,0,2,98
05/09/2022,STT,VI,ASO,ES,Towers with Radar,32,15,8,0,55,0,39,29,0,68,32,54,37,0,123,0,0,0,123
05/10/2022,STT,VI,ASO,ES,Towers with Radar,28,19,9,0,56,0,32,50,0,82,28,51,59,0,138,18,0,18,156
05/11/2022,STT,VI,ASO,ES,Towers with Radar,33,23,7,0,63,0,35,60,0,95,33,58,67,0,158,42,0,42,200
05/12/2022,STT,VI,ASO,ES,Towers with Radar,29,27,9,0,65,0,46,25,0,71,29,73,34,0,136,0,0,0,136
05/13/2022,STT,VI,ASO,ES,Towers with Radar,31,26,6,2,65,0,33,40,0,73,31,59,46,2,138,22,0,22,160
05/14/2022,STT,VI,ASO,ES,Towers with Radar,42,14,21,0,77,0,23,21,0,44,42,37,42,0,121,24,0,24,145
05/15/2022,STT,VI,ASO,ES,Towers with Radar,31,12,7,0,50,0,23,23,0,46,31,35,30,0,96,0,0,0,96
05/16/2022,STT,VI,ASO,ES,Towers with Radar,31,25,6,0,62,0,31,23,0,54,31,56,29,0,116,0,0,0,116
05/17/2022,STT,VI,ASO,ES,Towers with Radar,28,24,15,0,67,0,59,35,1,95,28,83,50,1,162,16,0,16,178
05/18/2022,STT,VI,ASO,ES,Towers with Radar,32,20,13,0,65,0,46,41,1,88,32,66,54,1,153,16,0,16,169
05/19/2022,STT,VI,ASO,ES,Towers with Radar,27,21,7,0,55,0,36,33,0,69,27,57,40,0,124,18,0,18,142
05/20/2022,STT,VI,ASO,ES,Towers with Radar,30,18,12,0,60,0,55,47,6,108,30,73,59,6,168,70,0,70,238
05/21/2022,STT,VI,ASO,ES,Towers with Radar,43,9,12,0,64,0,31,22,0,53,43,40,34,0,117,20,0,20,137
05/22/2022,STT,VI,ASO,ES,Towers with Radar,30,11,12,0,53,0,27,17,0,44,30,38,29,0,97,0,0,0,97
05/23/2022,STT,VI,ASO,ES,Towers with Radar,32,20,7,0,59,0,41,24,2,67,32,61,31,2,126,0,0,0,126
05/24/2022,STT,VI,ASO,ES,Towers with Radar,28,22,5,0,55,0,42,27,0,69,28,64,32,0,124,12,0,12,136
05/25/2022,STT,VI,ASO,ES,Towers with Radar,29,21,6,0,56,0,41,25,0,66,29,62,31,0,122,36,0,36,158
05/26/2022,STT,VI,ASO,ES,Towers with Radar,27,24,13,0,64,0,41,13,0,54,27,65,26,0,118,54,0,54,172
05/27/2022,STT,VI,ASO,ES,Towers with Radar,31,19,3,0,53,0,62,62,2,126,31,81,65,2,179,44,0,44,223
05/28/2022,STT,VI,ASO,ES,Towers with Radar,43,9,6,0,58,0,49,28,0,77,43,58,34,0,135,27,0,27,162
05/29/2022,STT,VI,ASO,ES,Towers with Radar,30,15,5,0,50,0,32,21,0,53,30,47,26,0,103,10,0,10,113
05/30/2022,STT,VI,ASO,ES,Towers with Radar,32,15,8,0,55,0,46,22,0,68,32,61,30,0,123,0,0,0,123
05/31/2022,STT,VI,ASO,ES,Towers with Radar,28,24,7,0,59,0,59,21,2,82,28,83,28,2,141,14,0,14,155
06/01/2022,STT,VI,ASO,ES,Towers with Radar,32,17,5,2,56,0,44,26,3,73,32,61,31,5,129,40,0,40,169
06/02/2022,STT,VI,ASO,ES,Towers with Radar,26,20,8,0,54,0,39,31,0,70,26,59,39,0,124,8,0,8,132
06/03/2022,STT,VI,ASO,ES,Towers with Radar,34,22,5,0,61,0,69,60,0,129,34,91,65,0,190,48,0,48,238
06/04/2022,STT,VI,ASO,ES,Towers with Radar,43,15,5,0,63,0,18,39,0,57,43,33,44,0,120,4,0,4,124
06/05/2022,STT,VI,ASO,ES,Towers with Radar,33,10,4,0,47,0,29,17,0,46,33,39,21,0,93,0,0,0,93
06/06/2022,STT,VI,ASO,ES,Towers with Radar,34,19,8,0,61,0,33,26,0,59,34,52,34,0,120,32,0,32,152
06/07/2022,STT,VI,ASO,ES,Towers with Radar,31,15,3,0,49,0,29,43,0,72,31,44,46,0,121,22,0,22,143
06/08/2022,STT,VI,ASO,ES,Towers with Radar,34,18,8,0,60,0,38,40,4,82,34,56,48,4,142,8,0,8,150
06/09/2022,STT,VI,ASO,ES,Towers with Radar,28,15,5,0,48,0,38,22,0,60,28,53,27,0,108,48,0,48,156
06/10/2022,STT,VI,ASO,ES,Towers with Radar,35,13,5,0,53,0,45,45,0,90,35,58,50,0,143,0,0,0,143
06/11/2022,STT,VI,ASO,ES,Towers with Radar,42,7,12,0,61,0,23,20,0,43,42,30,32,0,104,0,0,0,104
06/12/2022,STT,VI,ASO,ES,Towers with Radar,36,9,7,0,52,0,21,26,0,47,36,30,33,0,99,0,0,0,99
06/13/2022,STT,VI,ASO,ES,Towers with Radar,36,22,12,0,70,0,26,24,0,50,36,48,36,0,120,32,0,32,152
06/14/2022,STT,VI,ASO,ES,Towers with Radar,30,19,4,0,53,0,20,26,0,46,30,39,30,0,99,20,0,20,119
06/15/2022,STT,VI,ASO,ES,Towers with Radar,36,22,6,0,64,0,36,25,0,61,36,58,31,0,125,18,0,18,143
06/16/2022,STT,VI,ASO,ES,Towers with Radar,32,19,10,0,61,0,40,26,0,66,32,59,36,0,127,16,0,16,143
06/17/2022,STT,VI,ASO,ES,Towers with Radar,32,25,12,0,69,0,55,47,0,102,32,80,59,0,171,18,0,18,189
06/18/2022,STT,VI,ASO,ES,Towers with Radar,44,18,20,0,82,0,19,11,2,32,44,37,31,2,114,22,0,22,136
06/19/2022,STT,VI,ASO,ES,Towers with Radar,32,17,5,0,54,0,21,33,0,54,32,38,38,0,108,0,0,0,108
06/20/2022,STT,VI,ASO,ES,Towers with Radar,36,9,5,0,50,0,28,30,0,58,36,37,35,0,108,20,0,20,128
06/21/2022,STT,VI,ASO,ES,Towers with Radar,32,13,2,0,47,0,30,45,0,75,32,43,47,0,122,42,0,42,164
06/22/2022,STT,VI,ASO,ES,Towers with Radar,36,18,8,0,62,0,31,54,0,85,36,49,62,0,147,0,0,0,147
06/23/2022,STT,VI,ASO,ES,Towers with Radar,30,22,4,0,56,0,39,41,0,80,30,61,45,0,136,16,0,16,152
06/24/2022,STT,VI,ASO,ES,Towers with Radar,34,17,3,0,54,0,42,24,0,66,34,59,27,0,120,0,0,0,120
06/25/2022,STT,VI,ASO,ES,Towers with Radar,44,13,10,0,67,0,22,15,0,37,44,35,25,0,104,14,0,14,118
06/26/2022,STT,VI,ASO,ES,Towers with Radar,34,11,6,0,51,0,21,19,0,40,34,32,25,0,91,0,0,0,91
06/27/2022,STT,VI,ASO,ES,Towers with Radar,34,17,10,0,61,0,30,40,0,70,34,47,50,0,131,0,0,0,131
06/28/2022,STT,VI,ASO,ES,Towers with Radar,37,19,4,0,60,0,26,22,0,48,37,45,26,0,108,30,0,30,138
06/29/2022,STT,VI,ASO,ES,Towers with Radar,36,17,5,0,58,0,42,42,0,84,36,59,47,0,142,26,0,26,168
06/30/2022,STT,VI,ASO,ES,Towers with Radar,32,16,10,0,58,0,48,29,3,80,32,64,39,3,138,8,0,8,146
07/01/2022,STT,VI,ASO,ES,Towers with Radar,32,25,13,0,70,0,51,51,1,103,32,76,64,1,173,6,0,6,179
07/02/2022,STT,VI,ASO,ES,Towers with Radar,44,19,13,6,82,3,8,10,0,21,47,27,23,6,103,0,0,0,103
07/03/2022,STT,VI,ASO,ES,Towers with Radar,30,9,3,0,42,0,19,13,0,32,30,28,16,0,74,0,0,0,74
07/04/2022,STT,VI,ASO,ES,Towers with Radar,34,9,1,0,44,0,28,17,0,45,34,37,18,0,89,0,0,0,89
07/05/2022,STT,VI,ASO,ES,Towers with Radar,30,20,6,0,56,0,41,42,0,83,30,61,48,0,139,20,0,20,159
07/06/2022,STT,VI,ASO,ES,Towers with Radar,32,18,5,0,55,0,41,17,2,60,32,59,22,2,115,36,0,36,151
07/07/2022,STT,VI,ASO,ES,Towers with Radar,30,19,4,0,53,0,33,32,2,67,30,52,36,2,120,34,0,34,154
07/08/2022,STT,VI,ASO,ES,Towers with Radar,32,18,12,0,62,0,42,43,0,85,32,60,55,0,147,22,0,22,169
07/09/2022,STT,VI,ASO,ES,Towers with Radar,44,16,12,0,72,0,34,30,0,64,44,50,42,0,136,6,0,6,142
07/10/2022,STT,VI,ASO,ES,Towers with Radar,33,7,3,0,43,0,32,23,0,55,33,39,26,0,98,4,0,4,102
07/11/2022,STT,VI,ASO,ES,Towers with Radar,34,20,7,0,61,0,29,20,0,49,34,49,27,0,110,6,0,6,116
07/12/2022,STT,VI,ASO,ES,Towers with Radar,29,16,11,0,56,0,32,33,0,65,29,48,44,0,121,16,0,16,137
07/13/2022,STT,VI,ASO,ES,Towers with Radar,30,20,8,0,58,0,34,21,0,55,30,54,29,0,113,0,0,0,113
07/14/2022,STT,VI,ASO,ES,Towers with Radar,33,20,10,0,63,0,37,38,0,75,33,57,48,0,138,4,0,4,142
07/15/2022,STT,VI,ASO,ES,Towers with Radar,32,17,12,0,61,0,72,54,0,126,32,89,66,0,187,0,0,0,187
07/16/2022,STT,VI,ASO,ES,Towers with Radar,46,5,6,0,57,0,22,21,0,43,46,27,27,0,100,22,0,22,122
07/17/2022,STT,VI,ASO,ES,Towers with Radar,31,8,11,0,50,0,25,22,0,47,31,33,33,0,97,12,0,12,109
07/18/2022,STT,VI,ASO,ES,Towers with Radar,34,22,9,0,65,0,31,33,0,64,34,53,42,0,129,18,0,18,147
07/19/2022,STT,VI,ASO,ES,Towers with Radar,29,21,3,0,53,0,21,31,1,53,29,42,34,1,106,44,0,44,150
07/20/2022,STT,VI,ASO,ES,Towers with Radar,35,14,4,1,54,0,38,37,0,75,35,52,41,1,129,16,0,16,145
07/21/2022,STT,VI,ASO,ES,Towers with Radar,30,30,6,0,66,0,18,18,0,36,30,48,24,0,102,0,0,0,102
07/22/2022,STT,VI,ASO,ES,Towers with Radar,32,13,1,0,46,0,46,55,0,101,32,59,56,0,147,0,0,0,147
07/23/2022,STT,VI,ASO,ES,Towers with Radar,40,13,7,0,60,0,29,33,1,63,40,42,40,1,123,12,0,12,135
07/24/2022,STT,VI,ASO,ES,Towers with Radar,31,11,8,0,50,0,11,17,0,28,31,22,25,0,78,0,0,0,78
07/25/2022,STT,VI,ASO,ES,Towers with Radar,34,19,3,0,56,0,26,26,0,52,34,45,29,0,108,4,0,4,112
07/26/2022,STT,VI,ASO,ES,Towers with Radar,36,18,7,0,61,0,27,27,0,54,36,45,34,0,115,0,0,0,115
07/27/2022,STT,VI,ASO,ES,Towers with Radar,32,24,8,0,64,0,35,30,0,65,32,59,38,0,129,18,0,18,147
07/28/2022,STT,VI,ASO,ES,Towers with Radar,28,18,6,0,52,0,41,23,1,65,28,59,29,1,117,0,0,0,117
07/29/2022,STT,VI,ASO,ES,Towers with Radar,32,25,4,0,61,0,42,40,1,83,32,67,44,1,144,0,0,0,144
07/30/2022,STT,VI,ASO,ES,Towers with Radar,44,11,15,0,70,0,21,26,0,47,44,32,41,0,117,0,0,0,117
07/31/2022,STT,VI,ASO,ES,Towers with Radar,33,7,5,0,45,0,15,24,0,39,33,22,29,0,84,14,0,14,98
08/01/2022,STT,VI,ASO,ES,Towers with Radar,34,14,8,0,56,0,29,27,2,58,34,43,35,2,114,4,0,4,118
08/02/2022,STT,VI,ASO,ES,Towers with Radar,30,15,7,0,52,0,33,20,1,54,30,48,27,1,106,0,0,0,106
08/03/2022,STT,VI,ASO,ES,Towers with Radar,32,22,4,0,58,0,34,15,1,50,32,56,19,1,108,0,4,4,112
08/04/2022,STT,VI,ASO,ES,Towers with Radar,30,19,8,0,57,0,34,16,0,50,30,53,24,0,107,0,0,0,107
08/05/2022,STT,VI,ASO,ES,Towers with Radar,31,17,5,0,53,0,38,40,0,78,31,55,45,0,131,0,0,0,131
08/06/2022,STT,VI,ASO,ES,Towers with Radar,47,7,7,0,61,0,24,29,0,53,47,31,36,0,114,6,0,6,120
08/07/2022,STT,VI,ASO,ES,Towers with Radar,32,14,5,0,51,0,25,32,0,57,32,39,37,0,108,2,0,2,110
08/08/2022,STT,VI,ASO,ES,Towers with Radar,34,14,5,0,53,0,41,39,0,80,34,55,44,0,133,6,0,6,139
08/09/2022,STT,VI,ASO,ES,Towers with Radar,33,26,5,0,64,0,28,20,0,48,33,54,25,0,112,14,0,14,126
08/10/2022,STT,VI,ASO,ES,Towers with Radar,35,18,5,0,58,0,41,28,0,69,35,59,33,0,127,24,0,24,151
08/11/2022,STT,VI,ASO,ES,Towers with Radar,29,21,9,0,59,0,35,33,4,72,29,56,42,4,131,22,0,22,153
08/12/2022,STT,VI,ASO,ES,Towers with Radar,33,16,15,0,64,0,42,34,1,77,33,58,49,1,141,16,0,16,157
08/13/2022,STT,VI,ASO,ES,Towers with Radar,44,10,5,0,59,0,22,33,0,55,44,32,38,0,114,18,0,18,132
08/14/2022,STT,VI,ASO,ES,Towers with Radar,29,10,0,0,39,0,28,22,0,50,29,38,22,0,89,10,0,10,99
08/15/2022,STT,VI,ASO,ES,Towers with Radar,31,14,4,0,49,0,28,29,0,57,31,42,33,0,106,10,0,10,116
08/16/2022,STT,VI,ASO,ES,Towers with Radar,22,15,6,0,43,0,34,35,3,72,22,49,41,3,115,0,0,0,115
08/17/2022,STT,VI,ASO,ES,Towers with Radar,24,19,3,0,46,0,37,12,1,50,24,56,15,1,96,4,0,4,100
08/18/2022,STT,VI,ASO,ES,Towers with Radar,20,27,12,0,59,0,32,33,0,65,20,59,45,0,124,0,0,0,124
08/19/2022,STT,VI,ASO,ES,Towers with Radar,25,18,9,0,52,0,53,39,0,92,25,71,48,0,144,8,0,8,152
08/20/2022,STT,VI,ASO,ES,Towers with Radar,32,9,6,0,47,0,17,18,0,35,32,26,24,0,82,14,0,14,96
08/21/2022,STT,VI,ASO,ES,Towers with Radar,28,12,4,0,44,0,11,17,1,29,28,23,21,1,73,0,0,0,73
08/22/2022,STT,VI,ASO,ES,Towers with Radar,24,16,6,0,46,0,26,24,0,50,24,42,30,0,96,0,0,0,96
08/23/2022,STT,VI,ASO,ES,Towers with Radar,22,17,2,0,41,0,30,15,0,45,22,47,17,0,86,6,0,6,92
08/24/2022,STT,VI,ASO,ES,Towers with Radar,24,17,9,0,50,0,31,34,2,67,24,48,43,2,117,20,0,20,137
08/25/2022,STT,VI,ASO,ES,Towers with Radar,20,16,2,0,38,0,33,15,0,48,20,49,17,0,86,40,0,40,126
08/26/2022,STT,VI,ASO,ES,Towers with Radar,24,20,6,4,54,0,34,34,0,68,24,54,40,4,122,26,0,26,148
08/27/2022,STT,VI,ASO,ES,Towers with Radar,37,13,7,0,57,0,23,29,0,52,37,36,36,0,109,0,0,0,109
08/28/2022,STT,VI,ASO,ES,Towers with Radar,25,10,5,2,42,0,23,35,0,58,25,33,40,2,100,0,0,0,100
08/29/2022,STT,VI,ASO,ES,Towers with Radar,24,13,2,0,39,0,35,22,3,60,24,48,24,3,99,0,0,0,99
08/30/2022,STT,VI,ASO,ES,Towers with Radar,22,20,6,0,48,0,31,28,3,62,22,51,34,3,110,8,0,8,118
08/31/2022,STT,VI,ASO,ES,Towers with Radar,26,16,19,0,61,0,36,24,0,60,26,52,43,0,121,24,0,24,145
09/01/2022,STT,VI,ASO,ES,Towers with Radar,19,22,4,0,45,0,35,36,0,71,19,57,40,0,116,58,0,58,174
09/02/2022,STT,VI,ASO,ES,Towers with Radar,26,13,3,0,42,0,43,33,0,76,26,56,36,0,118,0,0,0,118
09/03/2022,STT,VI,ASO,ES,Towers with Radar,32,12,4,0,48,0,26,23,0,49,32,38,27,0,97,0,0,0,97
09/04/2022,STT,VI,ASO,ES,Towers with Radar,5,6,2,0,13,0,8,14,2,24,5,14,16,2,37,0,0,0,37
09/05/2022,STT,VI,ASO,ES,Towers with Radar,23,21,9,0,53,0,8,34,0,42,23,29,43,0,95,0,0,0,95
09/06/2022,STT,VI,ASO,ES,Towers with Radar,27,14,1,0,42,0,24,29,0,53,27,38,30,0,95,0,0,0,95
09/07/2022,STT,VI,ASO,ES,Towers with Radar,12,18,0,0,30,0,29,24,0,53,12,47,24,0,83,4,0,4,87
09/08/2022,STT,VI,ASO,ES,Towers with Radar,14,18,7,1,40,0,28,23,4,55,14,46,30,5,95,24,0,24,119
09/09/2022,STT,VI,ASO,ES,Towers with Radar,16,16,5,0,37,0,37,39,0,76,16,53,44,0,113,0,0,0,113
09/10/2022,STT,VI,ASO,ES,Towers with Radar,22,8,3,0,33,0,18,18,0,36,22,26,21,0,69,11,0,11,80
09/11/2022,STT,VI,ASO,ES,Towers with Radar,20,5,8,0,33,0,22,5,0,27,20,27,13,0,60,8,0,8,68
09/12/2022,STT,VI,ASO,ES,Towers with Radar,14,14,0,0,28,0,32,31,0,63,14,46,31,0,91,0,0,0,91
09/13/2022,STT,VI,ASO,ES,Towers with Radar,12,15,3,0,30,0,28,47,0,75,12,43,50,0,105,14,0,14,119
09/14/2022,STT,VI,ASO,ES,Towers with Radar,12,18,4,0,34,0,28,21,0,49,12,46,25,0,83,8,0,8,91
09/15/2022,STT,VI,ASO,ES,Towers with Radar,14,24,11,0,49,0,25,22,3,50,14,49,33,3,99,0,0,0,99
09/16/2022,STT,VI,ASO,ES,Towers with Radar,16,14,8,0,38,0,37,7,2,46,16,51,15,2,84,0,0,0,84
09/17/2022,STT,VI,ASO,ES,Towers with Radar,10,0,0,0,10,0,0,0,0,0,10,0,0,0,10,0,0,0,10
09/18/2022,STT,VI,ASO,ES,Towers with Radar,0,0,0,0,0,0,0,0,0,0,0,0,0,0,0,0,0,0,0
09/19/2022,STT,VI,ASO,ES,Towers with Radar,16,10,0,0,26,0,9,9,0,18,16,19,9,0,44,0,0,0,44
09/20/2022,STT,VI,ASO,ES,Towers with Radar,12,18,6,0,36,0,29,24,6,59,12,47,30,6,95,0,0,0,95
09/21/2022,STT,VI,ASO,ES,Towers with Radar,12,21,9,0,42,7,29,32,1,69,19,50,41,1,111,7,0,7,118
09/22/2022,STT,VI,ASO,ES,Towers with Radar,14,18,4,0,36,0,36,25,2,63,14,54,29,2,99,28,0,28,127
09/23/2022,STT,VI,ASO,ES,Towers with Radar,20,16,6,0,42,0,36,22,2,60,20,52,28,2,102,0,0,0,102
09/24/2022,STT,VI,ASO,ES,Towers with Radar,21,6,5,0,32,0,21,13,0,34,21,27,18,0,66,6,0,6,72
09/25/2022,STT,VI,ASO,ES,Towers with Radar,17,7,4,2,30,0,19,34,0,53,17,26,38,2,83,12,0,12,95
09/26/2022,STT,VI,ASO,ES,Towers with Radar,16,16,2,0,34,0,40,25,0,65,16,56,27,0,99,14,0,14,113
09/27/2022,STT,VI,ASO,ES,Towers with Radar,14,16,11,0,41,0,36,43,0,79,14,52,54,0,120,24,0,24,144
09/28/2022,STT,VI,ASO,ES,Towers with Radar,12,11,10,0,33,0,31,22,0,53,12,42,32,0,86,22,0,22,108
09/29/2022,STT,VI,ASO,ES,Towers with Radar,11,18,7,0,36,0,36,15,0,51,11,54,22,0,87,24,0,24,111
09/30/2022,STT,VI,ASO,ES,Towers with Radar,16,14,0,0,30,0,41,27,2,70,16,55,27,2,100,18,0,18,118
10/01/2022,STT,VI,ASO,ES,Towers with Radar,22,9,7,0,38,0,22,16,0,38,22,31,23,0,76,0,0,0,76
10/02/2022,STT,VI,ASO,ES,Towers with Radar,18,8,6,0,32,0,19,18,0,37,18,27,24,0,69,0,0,0,69
10/03/2022,STT,VI,ASO,ES,Towers with Radar,14,20,1,0,35,0,31,14,2,47,14,51,15,2,82,12,0,12,94
10/04/2022,STT,VI,ASO,ES,Towers with Radar,12,16,3,0,31,0,20,23,0,43,12,36,26,0,74,28,0,28,102
10/05/2022,STT,VI,ASO,ES,Towers with Radar,12,21,3,0,36,0,36,20,0,56,12,57,23,0,92,14,0,14,106
10/06/2022,STT,VI,ASO,ES,Towers with Radar,14,20,0,0,34,0,40,23,1,64,14,60,23,1,98,4,0,4,102
10/07/2022,STT,VI,ASO,ES,Towers with Radar,20,16,11,0,47,0,52,26,0,78,20,68,37,0,125,0,0,0,125
10/08/2022,STT,VI,ASO,ES,Towers with Radar,31,7,4,0,42,0,27,13,0,40,31,34,17,0,82,0,0,0,82
10/09/2022,STT,VI,ASO,ES,Towers with Radar,19,10,11,0,40,0,19,22,0,41,19,29,33,0,81,12,0,12,93
10/10/2022,STT,VI,ASO,ES,Towers with Radar,16,9,5,0,30,0,46,26,0,72,16,55,31,0,102,14,0,14,116
10/11/2022,STT,VI,ASO,ES,Towers with Radar,12,19,3,0,34,0,38,34,2,74,12,57,37,2,108,44,0,44,152
10/12/2022,STT,VI,ASO,ES,Towers with Radar,13,18,3,0,34,0,31,26,0,57,13,49,29,0,91,22,0,22,113
10/13/2022,STT,VI,ASO,ES,Towers with Radar,14,27,6,0,47,0,33,25,2,60,14,60,31,2,107,38,0,38,145
10/14/2022,STT,VI,ASO,ES,Towers with Radar,16,19,11,0,46,0,35,24,2,61,16,54,35,2,107,0,0,0,107
10/15/2022,STT,VI,ASO,ES,Towers with Radar,31,7,8,3,49,0,29,13,1,43,31,36,21,4,92,0,0,0,92
10/16/2022,STT,VI,ASO,ES,Towers with Radar,18,13,4,0,35,0,20,13,0,33,18,33,17,0,68,4,0,4,72
10/17/2022,STT,VI,ASO,ES,Towers with Radar,15,16,1,0,32,0,36,16,0,52,15,52,17,0,84,18,0,18,102
10/18/2022,STT,VI,ASO,ES,Towers with Radar,14,17,7,0,38,0,35,30,0,65,14,52,37,0,103,20,0,20,123
10/19/2022,STT,VI,ASO,ES,Towers with Radar,12,19,4,2,37,0,33,19,2,54,12,52,23,4,91,4,0,4,95
10/20/2022,STT,VI,ASO,ES,Towers with Radar,14,21,2,2,39,0,48,22,0,70,14,69,24,2,109,0,0,0,109
10/21/2022,STT,VI,ASO,ES,Towers with Radar,18,19,8,0,45,0,40,24,1,65,18,59,32,1,110,20,0,20,130
10/22/2022,STT,VI,ASO,ES,Towers with Radar,31,7,2,0,40,0,20,28,0,48,31,27,30,0,88,15,0,15,103
10/23/2022,STT,VI,ASO,ES,Towers with Radar,19,6,5,0,30,0,28,20,0,48,19,34,25,0,78,0,0,0,78
10/24/2022,STT,VI,ASO,ES,Towers with Radar,16,13,3,6,38,0,37,18,0,55,16,50,21,6,93,0,0,0,93
10/25/2022,STT,VI,ASO,ES,Towers with Radar,13,25,1,0,39,0,33,26,0,59,13,58,27,0,98,6,0,6,104
10/26/2022,STT,VI,ASO,ES,Towers with Radar,12,38,7,0,57,0,14,8,0,22,12,52,15,0,79,0,0,0,79
10/27/2022,STT,VI,ASO,ES,Towers with Radar,14,28,3,0,45,0,33,13,0,46,14,61,16,0,91,26,0,26,117
10/28/2022,STT,VI,ASO,ES,Towers with Radar,17,20,9,0,46,0,46,35,2,83,17,66,44,2,129,14,0,14,143
10/29/2022,STT,VI,ASO,ES,Towers with Radar,30,12,5,0,47,0,20,19,0,39,30,32,24,0,86,22,0,22,108
10/30/2022,STT,VI,ASO,ES,Towers with Radar,19,16,4,0,39,0,23,12,0,35,19,39,16,0,74,0,0,0,74
10/31/2022,STT,VI,ASO,ES,Towers with Radar,17,20,5,0,42,0,43,16,0,59,17,63,21,0,101,0,0,0,101
11/01/2022,STT,VI,ASO,ES,Towers with Radar,16,21,9,2,48,0,31,21,0,52,16,52,30,2,100,16,0,16,116
11/02/2022,STT,VI,ASO,ES,Towers with Radar,16,22,6,0,44,0,35,16,3,54,16,57,22,3,98,8,0,8,106
11/03/2022,STT,VI,ASO,ES,Towers with Radar,21,19,18,0,58,0,39,19,5,63,21,58,37,5,121,0,6,6,127
11/04/2022,STT,VI,ASO,ES,Towers with Radar,22,18,11,0,51,0,43,12,0,55,22,61,23,0,106,0,0,0,106
11/05/2022,STT,VI,ASO,ES,Towers with Radar,43,12,17,0,72,0,9,5,0,14,43,21,22,0,86,0,0,0,86
11/06/2022,STT,VI,ASO,ES,Towers with Radar,22,8,3,0,33,0,25,19,0,44,22,33,22,0,77,0,0,0,77
11/07/2022,STT,VI,ASO,ES,Towers with Radar,21,17,9,0,47,0,41,20,0,61,21,58,29,0,108,4,0,4,112
11/08/2022,STT,VI,ASO,ES,Towers with Radar,23,19,7,2,51,0,30,22,0,52,23,49,29,2,103,0,0,0,103
11/09/2022,STT,VI,ASO,ES,Towers with Radar,19,16,12,0,47,0,34,23,0,57,19,50,35,0,104,4,0,4,108
11/10/2022,STT,VI,ASO,ES,Towers with Radar,20,17,4,0,41,0,39,23,1,63,20,56,27,1,104,0,0,0,104
11/11/2022,STT,VI,ASO,ES,Towers with Radar,20,12,8,0,40,0,43,30,0,73,20,55,38,0,113,0,0,0,113
11/12/2022,STT,VI,ASO,ES,Towers with Radar,40,14,15,0,69,0,26,18,0,44,40,40,33,0,113,0,0,0,113
11/13/2022,STT,VI,ASO,ES,Towers with Radar,22,13,6,0,41,0,26,14,0,40,22,39,20,0,81,0,0,0,81
11/14/2022,STT,VI,ASO,ES,Towers with Radar,22,17,9,0,48,0,46,17,0,63,22,63,26,0,111,16,0,16,127
11/15/2022,STT,VI,ASO,ES,Towers with Radar,22,18,11,0,51,0,34,43,0,77,22,52,54,0,128,0,0,0,128
11/16/2022,STT,VI,ASO,ES,Towers with Radar,22,16,13,0,51,0,38,62,0,100,22,54,75,0,151,14,0,14,165
11/17/2022,STT,VI,ASO,ES,Towers with Radar,23,17,6,0,46,0,52,31,0,83,23,69,37,0,129,20,0,20,149
11/18/2022,STT,VI,ASO,ES,Towers with Radar,22,15,10,0,47,0,43,25,0,68,22,58,35,0,115,0,0,0,115
11/19/2022,STT,VI,ASO,ES,Towers with Radar,43,17,17,1,78,0,23,33,0,56,43,40,50,1,134,18,0,18,152
11/20/2022,STT,VI,ASO,ES,Towers with Radar,22,10,13,1,46,0,18,19,4,41,22,28,32,5,87,25,0,25,112
11/21/2022,STT,VI,ASO,ES,Towers with Radar,23,26,15,1,65,0,37,10,4,51,23,63,25,5,116,0,0,0,116
11/22/2022,STT,VI,ASO,ES,Towers with Radar,21,25,14,2,62,0,35,16,0,51,21,60,30,2,113,0,0,0,113
11/23/2022,STT,VI,ASO,ES,Towers with Radar,23,23,5,0,51,0,54,25,2,81,23,77,30,2,132,0,0,0,132
11/24/2022,STT,VI,ASO,ES,Towers with Radar,17,12,2,0,31,0,31,13,0,44,17,43,15,0,75,0,0,0,75
11/25/2022,STT,VI,ASO,ES,Towers with Radar,22,21,4,0,47,0,38,22,0,60,22,59,26,0,107,0,0,0,107
11/26/2022,STT,VI,ASO,ES,Towers with Radar,42,17,9,0,68,0,18,26,0,44,42,35,35,0,112,0,0,0,112
11/27/2022,STT,VI,ASO,ES,Towers with Radar,26,19,16,0,61,0,39,32,0,71,26,58,48,0,132,0,0,0,132
11/28/2022,STT,VI,ASO,ES,Towers with Radar,22,20,18,1,61,0,40,32,0,72,22,60,50,1,133,4,0,4,137
11/29/2022,STT,VI,ASO,ES,Towers with Radar,23,20,12,0,55,0,35,24,0,59,23,55,36,0,114,0,0,0,114
11/30/2022,STT,VI,ASO,ES,Towers with Radar,24,23,10,0,57,0,36,36,3,75,24,59,46,3,132,9,0,9,141
12/01/2022,STT,VI,ASO,ES,Towers with Radar,24,22,8,0,54,0,37,31,0,68,24,59,39,0,122,0,0,0,122
12/02/2022,STT,VI,ASO,ES,Towers with Radar,24,19,13,0,56,0,38,20,0,58,24,57,33,0,114,0,0,0,114
12/03/2022,STT,VI,ASO,ES,Towers with Radar,39,12,4,0,55,0,26,9,0,35,39,38,13,0,90,0,0,0,90
12/04/2022,STT,VI,ASO,ES,Towers with Radar,25,11,2,0,38,0,20,12,0,32,25,31,14,0,70,5,0,5,75
12/05/2022,STT,VI,ASO,ES,Towers with Radar,24,25,7,0,56,0,39,22,0,61,24,64,29,0,117,0,0,0,117
12/06/2022,STT,VI,ASO,ES,Towers with Radar,24,27,3,0,54,0,21,30,0,51,24,48,33,0,105,0,0,0,105
12/07/2022,STT,VI,ASO,ES,Towers with Radar,24,23,11,0,58,0,34,31,2,67,24,57,42,2,125,2,0,2,127
12/08/2022,STT,VI,ASO,ES,Towers with Radar,24,27,9,0,60,0,38,41,0,79,24,65,50,0,139,2,0,2,141
12/09/2022,STT,VI,ASO,ES,Towers with Radar,25,21,13,0,59,0,47,42,0,89,25,68,55,0,148,18,0,18,166
12/10/2022,STT,VI,ASO,ES,Towers with Radar,38,16,4,0,58,0,38,26,0,64,38,54,30,0,122,18,0,18,140
12/11/2022,STT,VI,ASO,ES,Towers with Radar,24,12,7,0,43,0,30,17,0,47,24,42,24,0,90,14,0,14,104
12/12/2022,STT,VI,ASO,ES,Towers with Radar,24,21,5,0,50,0,43,34,0,77,24,64,39,0,127,14,0,14,141
12/13/2022,STT,VI,ASO,ES,Towers with Radar,24,22,10,3,59,0,45,38,0,83,24,67,48,3,142,0,0,0,142
12/14/2022,STT,VI,ASO,ES,Towers with Radar,24,22,10,0,56,0,45,23,0,68,24,67,33,0,124,0,0,0,124
12/15/2022,STT,VI,ASO,ES,Towers with Radar,28,21,7,0,56,0,52,50,0,102,28,73,57,0,158,12,0,12,170
12/16/2022,STT,VI,ASO,ES,Towers with Radar,28,18,7,2,55,0,50,25,0,75,28,68,32,2,130,0,0,0,130
12/17/2022,STT,VI,ASO,ES,Towers with Radar,46,17,11,2,76,0,28,22,0,50,46,45,33,2,126,0,0,0,126
12/18/2022,STT,VI,ASO,ES,Towers with Radar,36,20,6,0,62,0,25,36,0,61,36,45,42,0,123,0,0,0,123
12/19/2022,STT,VI,ASO,ES,Towers with Radar,35,24,9,0,68,0,43,29,0,72,35,67,38,0,140,0,0,0,140
12/20/2022,STT,VI,ASO,ES,Towers with Radar,34,17,5,0,56,0,39,34,5,78,34,56,39,5,134,22,0,22,156
12/21/2022,STT,VI,ASO,ES,Towers with Radar,33,24,0,0,57,0,30,29,1,60,33,54,29,1,117,17,0,17,134
12/22/2022,STT,VI,ASO,ES,Towers with Radar,32,29,8,0,69,0,44,14,0,58,32,73,22,0,127,0,0,0,127
12/23/2022,STT,VI,ASO,ES,Towers with Radar,33,26,17,0,76,0,45,39,0,84,33,71,56,0,160,0,0,0,160
12/24/2022,STT,VI,ASO,ES,Towers with Radar,41,8,6,0,55,0,22,24,0,46,41,30,30,0,101,0,0,0,101
12/25/2022,STT,VI,ASO,ES,Towers with Radar,32,7,2,0,41,0,14,21,0,35,32,21,23,0,76,4,0,4,80
12/26/2022,STT,VI,ASO,ES,Towers with Radar,37,17,43,2,99,0,41,28,0,69,37,58,71,2,168,0,0,0,168
12/27/2022,STT,VI,ASO,ES,Towers with Radar,38,35,20,0,93,0,43,22,0,65,38,78,42,0,158,2,0,2,160
12/28/2022,STT,VI,ASO,ES,Towers with Radar,35,45,18,0,98,0,30,22,0,52,35,75,40,0,150,0,0,0,150
12/29/2022,STT,VI,ASO,ES,Towers with Radar,34,48,7,0,89,0,24,17,0,41,34,72,24,0,130,0,0,0,130
12/30/2022,STT,VI,ASO,ES,Towers with Radar,34,42,11,0,87,0,36,25,0,61,34,78,36,0,148,0,0,0,148
12/31/2022,STT,VI,ASO,ES,Towers with Radar,40,28,7,0,75,0,32,11,0,43,40,60,18,0,118,0,0,0,118
01/01/2023,STT,VI,ASO,ES,Towers with Radar,37,29,12,0,78,0,24,15,0,39,37,53,27,0,117,16,0,16,133
01/02/2023,STT,VI,ASO,ES,Towers with Radar,38,43,29,0,110,0,32,36,0,68,38,75,65,0,178,16,0,16,194
01/03/2023,STT,VI,ASO,ES,Towers with Radar,35,27,22,0,84,0,47,42,2,91,35,74,64,2,175,8,0,8,183
01/04/2023,STT,VI,ASO,ES,Towers with Radar,34,32,11,0,77,0,46,48,0,94,34,78,59,0,171,0,0,0,171
01/05/2023,STT,VI,ASO,ES,Towers with Radar,30,27,11,0,68,0,54,50,0,104,30,81,61,0,172,24,0,24,196
01/06/2023,STT,VI,ASO,ES,Towers with Radar,30,13,5,0,48,0,43,21,0,64,30,56,26,0,112,13,0,13,125
01/07/2023,STT,VI,ASO,ES,Towers with Radar,43,19,20,0,82,0,38,19,0,57,43,57,39,0,139,5,0,5,144
01/08/2023,STT,VI,ASO,ES,Towers with Radar,35,16,9,0,60,0,46,48,0,94,35,62,57,0,154,0,0,0,154
01/09/2023,STT,VI,ASO,ES,Towers with Radar,31,24,8,0,63,0,53,46,0,99,31,77,54,0,162,0,0,0,162
01/10/2023,STT,VI,ASO,ES,Towers with Radar,29,22,9,0,60,0,40,41,0,81,29,62,50,0,141,22,0,22,163
01/11/2023,STT,VI,ASO,ES,Towers with Radar,29,22,8,0,59,0,32,33,0,65,29,54,41,0,124,30,0,30,154
01/12/2023,STT,VI,ASO,ES,Towers with Radar,29,21,16,0,66,0,37,36,0,73,29,58,52,0,139,8,0,8,147
01/13/2023,STT,VI,ASO,ES,Towers with Radar,30,19,16,0,65,0,37,15,0,52,30,56,31,0,117,0,0,0,117
01/14/2023,STT,VI,ASO,ES,Towers with Radar,43,19,11,2,75,0,21,15,0,36,43,40,26,2,111,0,0,0,111
01/15/2023,STT,VI,ASO,ES,Towers with Radar,32,14,8,0,54,0,15,25,0,40,32,29,33,0,94,0,0,0,94
01/16/2023,STT,VI,ASO,ES,Towers with Radar,28,29,18,0,75,0,27,26,0,53,28,56,44,0,128,0,0,0,128
01/17/2023,STT,VI,ASO,ES,Towers with Radar,30,22,5,4,61,0,37,57,0,94,30,59,62,4,155,0,0,0,155
01/18/2023,STT,VI,ASO,ES,Towers with Radar,28,20,7,0,55,0,28,17,1,46,28,48,24,1,101,0,0,0,101
01/19/2023,STT,VI,ASO,ES,Towers with Radar,28,22,7,0,57,0,32,22,1,55,28,54,29,1,112,20,0,20,132
01/20/2023,STT,VI,ASO,ES,Towers with Radar,30,15,16,0,61,0,25,28,0,53,30,40,44,0,114,0,0,0,114
01/21/2023,STT,VI,ASO,ES,Towers with Radar,41,9,17,0,67,0,14,19,0,33,41,23,36,0,100,0,0,0,100
01/22/2023,STT,VI,ASO,ES,Towers with Radar,32,12,11,0,55,0,23,9,0,32,32,35,20,0,87,40,0,40,127
01/23/2023,STT,VI,ASO,ES,Towers with Radar,27,22,4,0,53,0,38,20,1,59,27,60,24,1,112,22,0,22,134
01/24/2023,STT,VI,ASO,ES,Towers with Radar,30,22,13,5,70,0,31,35,0,66,30,53,48,5,136,30,0,30,166
01/25/2023,STT,VI,ASO,ES,Towers with Radar,27,20,4,0,51,0,36,29,0,65,27,56,33,0,116,0,0,0,116
01/26/2023,STT,VI,ASO,ES,Towers with Radar,28,23,9,0,60,0,30,38,0,68,28,53,47,0,128,20,0,20,148
01/27/2023,STT,VI,ASO,ES,Towers with Radar,30,18,11,0,59,0,36,23,0,59,30,54,34,0,118,0,0,0,118
01/28/2023,STT,VI,ASO,ES,Towers with Radar,46,10,11,0,67,0,22,27,0,49,46,32,38,0,116,6,0,6,122
01/29/2023,STT,VI,ASO,ES,Towers with Radar,33,10,11,0,54,0,18,17,0,35,33,28,28,0,89,0,0,0,89
01/30/2023,STT,VI,ASO,ES,Towers with Radar,33,16,11,0,60,0,39,17,0,56,33,55,28,0,116,24,0,24,140
01/31/2023,STT,VI,ASO,ES,Towers with Radar,30,19,6,2,57,0,31,38,0,69,30,50,44,2,126,0,0,0,126
02/01/2023,STT,VI,ASO,ES,Towers with Radar,29,17,11,0,57,0,36,32,0,68,29,53,43,0,125,18,0,18,143
02/02/2023,STT,VI,ASO,ES,Towers with Radar,28,23,14,1,66,0,38,28,2,68,28,61,42,3,134,4,0,4,138
02/03/2023,STT,VI,ASO,ES,Towers with Radar,32,19,14,0,65,0,30,21,1,52,32,49,35,1,117,4,0,4,121
02/04/2023,STT,VI,ASO,ES,Towers with Radar,43,12,23,0,78,0,24,20,0,44,43,36,43,0,122,0,0,0,122
02/05/2023,STT,VI,ASO,ES,Towers with Radar,36,13,11,0,60,0,17,8,0,25,36,30,19,0,85,0,0,0,85
02/06/2023,STT,VI,ASO,ES,Towers with Radar,30,12,8,0,50,0,41,21,0,62,30,53,29,0,112,0,0,0,112
02/07/2023,STT,VI,ASO,ES,Towers with Radar,33,24,3,0,60,0,29,15,0,44,33,53,18,0,104,0,0,0,104
02/08/2023,STT,VI,ASO,ES,Towers with Radar,31,23,8,0,62,0,34,24,0,58,31,57,32,0,120,4,0,4,124
02/09/2023,STT,VI,ASO,ES,Towers with Radar,30,23,12,0,65,0,45,23,0,68,30,68,35,0,133,0,0,0,133
02/10/2023,STT,VI,ASO,ES,Towers with Radar,32,20,9,0,61,0,42,18,0,60,32,62,27,0,121,4,0,4,125
02/11/2023,STT,VI,ASO,ES,Towers with Radar,45,13,11,0,69,0,27,23,0,50,45,40,34,0,119,0,0,0,119
02/12/2023,STT,VI,ASO,ES,Towers with Radar,34,15,8,1,58,0,37,16,0,53,34,52,24,1,111,0,0,0,111
02/13/2023,STT,VI,ASO,ES,Towers with Radar,31,17,3,0,51,0,43,23,0,66,31,60,26,0,117,0,0,0,117
02/14/2023,STT,VI,ASO,ES,Towers with Radar,34,27,2,0,63,0,31,28,0,59,34,58,30,0,122,7,0,7,129
02/15/2023,STT,VI,ASO,ES,Towers with Radar,30,24,12,0,66,0,44,31,0,75,30,68,43,0,141,13,0,13,154
02/16/2023,STT,VI,ASO,ES,Towers with Radar,28,20,7,0,55,0,35,28,2,65,28,55,35,2,120,5,0,5,125
02/17/2023,STT,VI,ASO,ES,Towers with Radar,31,20,7,0,58,0,73,43,1,117,31,93,50,1,175,0,0,0,175
02/18/2023,STT,VI,ASO,ES,Towers with Radar,43,14,9,0,66,0,31,45,0,76,43,45,54,0,142,0,0,0,142
02/19/2023,STT,VI,ASO,ES,Towers with Radar,39,16,8,0,63,0,34,17,0,51,39,50,25,0,114,10,0,10,124
02/20/2023,STT,VI,ASO,ES,Towers with Radar,29,13,13,0,55,0,46,40,0,86,29,59,53,0,141,6,0,6,147
02/21/2023,STT,VI,ASO,ES,Towers with Radar,31,24,10,0,65,0,48,48,0,96,31,72,58,0,161,18,0,18,179
02/22/2023,STT,VI,ASO,ES,Towers with Radar,28,18,4,0,50,0,35,17,0,52,28,53,21,0,102,0,0,0,102
02/23/2023,STT,VI,ASO,ES,Towers with Radar,28,23,10,0,61,0,54,19,0,73,28,77,29,0,134,0,0,0,134
02/24/2023,STT,VI,ASO,ES,Towers with Radar,32,19,6,0,57,0,49,22,0,71,32,68,28,0,128,0,0,0,128
02/25/2023,STT,VI,ASO,ES,Towers with Radar,42,17,19,0,78,0,45,20,0,65,42,62,39,0,143,0,0,0,143
02/26/2023,STT,VI,ASO,ES,Towers with Radar,37,12,14,0,63,0,30,23,0,53,37,42,37,0,116,0,0,0,116
02/27/2023,STT,VI,ASO,ES,Towers with Radar,28,24,6,0,58,0,46,29,1,76,28,70,35,1,134,12,0,12,146
02/28/2023,STT,VI,ASO,ES,Towers with Radar,30,26,9,0,65,0,32,34,0,66,30,58,43,0,131,18,0,18,149
03/01/2023,STT,VI,ASO,ES,Towers with Radar,28,25,1,0,54,0,30,27,0,57,28,55,28,0,111,6,0,6,117
03/02/2023,STT,VI,ASO,ES,Towers with Radar,28,19,13,0,60,0,49,24,1,74,28,68,37,1,134,44,0,44,178
03/03/2023,STT,VI,ASO,ES,Towers with Radar,32,20,19,0,71,0,44,32,0,76,32,64,51,0,147,22,0,22,169
03/04/2023,STT,VI,ASO,ES,Towers with Radar,42,17,16,0,75,0,31,13,0,44,42,48,29,0,119,0,0,0,119
03/05/2023,STT,VI,ASO,ES,Towers with Radar,37,17,10,0,64,0,36,19,0,55,37,53,29,0,119,0,0,0,119
03/06/2023,STT,VI,ASO,ES,Towers with Radar,28,21,2,0,51,0,38,26,0,64,28,59,28,0,115,16,0,16,131
03/07/2023,STT,VI,ASO,ES,Towers with Radar,30,19,7,0,56,0,40,19,0,59,30,59,26,0,115,8,0,8,123
03/08/2023,STT,VI,ASO,ES,Towers with Radar,29,16,16,6,67,0,28,26,0,54,29,44,42,6,121,14,0,14,135
03/09/2023,STT,VI,ASO,ES,Towers with Radar,32,23,5,0,60,0,38,33,2,73,32,61,38,2,133,24,0,24,157
03/10/2023,STT,VI,ASO,ES,Towers with Radar,33,35,7,0,75,0,57,21,4,82,33,92,28,4,157,2,0,2,159
03/11/2023,STT,VI,ASO,ES,Towers with Radar,44,29,30,0,103,0,36,43,0,79,44,65,73,0,182,0,0,0,182
03/12/2023,STT,VI,ASO,ES,Towers with Radar,34,13,11,0,58,0,39,38,0,77,34,52,49,0,135,0,0,0,135
03/13/2023,STT,VI,ASO,ES,Towers with Radar,32,20,8,0,60,0,34,32,0,66,32,54,40,0,126,10,0,10,136
03/14/2023,STT,VI,ASO,ES,Towers with Radar,30,22,2,0,54,0,33,29,0,62,30,55,31,0,116,4,0,4,120
03/15/2023,STT,VI,ASO,ES,Towers with Radar,30,20,9,0,59,0,34,38,0,72,30,54,47,0,131,4,0,4,135
03/16/2023,STT,VI,ASO,ES,Towers with Radar,30,26,10,0,66,0,41,26,2,69,30,67,36,2,135,0,6,6,141
03/17/2023,STT,VI,ASO,ES,Towers with Radar,33,22,13,0,68,0,41,30,1,72,33,63,43,1,140,0,0,0,140
03/18/2023,STT,VI,ASO,ES,Towers with Radar,42,15,35,0,92,0,38,21,0,59,42,53,56,0,151,0,0,0,151
03/19/2023,STT,VI,ASO,ES,Towers with Radar,36,12,23,0,71,0,32,26,2,60,36,44,49,2,131,8,0,8,139
03/20/2023,STT,VI,ASO,ES,Towers with Radar,30,20,8,0,58,0,39,25,0,64,30,59,33,0,122,8,0,8,130
03/21/2023,STT,VI,ASO,ES,Towers with Radar,30,29,9,0,68,0,32,50,0,82,30,61,59,0,150,24,0,24,174
03/22/2023,STT,VI,ASO,ES,Towers with Radar,29,29,19,0,77,0,33,24,4,61,29,62,43,4,138,16,0,16,154
03/23/2023,STT,VI,ASO,ES,Towers with Radar,29,21,19,0,69,0,31,24,0,55,29,52,43,0,124,20,0,20,144
03/24/2023,STT,VI,ASO,ES,Towers with Radar,32,26,14,0,72,0,37,36,0,73,32,63,50,0,145,17,0,17,162
03/25/2023,STT,VI,ASO,ES,Towers with Radar,42,21,13,0,76,0,28,25,0,53,42,49,38,0,129,14,0,14,143
03/26/2023,STT,VI,ASO,ES,Towers with Radar,32,22,6,0,60,0,35,41,0,76,32,57,47,0,136,0,0,0,136
03/27/2023,STT,VI,ASO,ES,Towers with Radar,32,20,8,0,60,0,38,27,0,65,32,58,35,0,125,10,0,10,135
03/28/2023,STT,VI,ASO,ES,Towers with Radar,31,23,14,0,68,0,33,47,0,80,31,56,61,0,148,22,0,22,170
03/29/2023,STT,VI,ASO,ES,Towers with Radar,29,24,8,0,61,0,21,43,0,64,29,45,51,0,125,0,0,0,125
03/30/2023,STT,VI,ASO,ES,Towers with Radar,31,18,7,0,56,0,41,40,0,81,31,59,47,0,137,6,0,6,143
03/31/2023,STT,VI,ASO,ES,Towers with Radar,32,23,14,0,69,0,43,30,0,73,32,66,44,0,142,0,0,0,142
04/01/2023,STT,VI,ASO,ES,Towers with Radar,40,14,24,0,78,0,38,27,0,65,40,52,51,0,143,0,0,0,143
04/02/2023,STT,VI,ASO,ES,Towers with Radar,35,10,10,0,55,0,33,32,0,65,35,43,42,0,120,0,0,0,120
04/03/2023,STT,VI,ASO,ES,Towers with Radar,34,22,5,0,61,0,33,9,0,42,34,55,14,0,103,0,0,0,103
04/04/2023,STT,VI,ASO,ES,Towers with Radar,28,24,4,2,58,0,32,20,1,53,28,56,24,3,111,0,0,0,111
04/05/2023,STT,VI,ASO,ES,Towers with Radar,26,28,10,0,64,0,34,33,0,67,26,62,43,0,131,0,0,0,131
04/06/2023,STT,VI,ASO,ES,Towers with Radar,26,23,22,0,71,0,25,25,0,50,26,48,47,0,121,6,0,6,127
04/07/2023,STT,VI,ASO,ES,Towers with Radar,27,15,11,0,53,0,32,20,0,52,27,47,31,0,105,14,0,14,119
04/08/2023,STT,VI,ASO,ES,Towers with Radar,36,26,10,0,72,0,25,13,0,38,36,51,23,0,110,6,0,6,116
04/09/2023,STT,VI,ASO,ES,Towers with Radar,34,10,10,0,54,0,27,14,0,41,34,37,24,0,95,0,0,0,95
04/10/2023,STT,VI,ASO,ES,Towers with Radar,27,23,18,0,68,0,34,27,0,61,27,57,45,0,129,8,0,8,137
04/11/2023,STT,VI,ASO,ES,Towers with Radar,26,31,8,0,65,0,28,28,3,59,26,59,36,3,124,4,0,4,128
04/12/2023,STT,VI,ASO,ES,Towers with Radar,24,20,1,0,45,0,37,31,0,68,24,57,32,0,113,10,0,10,123
04/13/2023,STT,VI,ASO,ES,Towers with Radar,24,25,8,0,57,0,38,21,0,59,24,63,29,0,116,0,0,0,116
04/14/2023,STT,VI,ASO,ES,Towers with Radar,29,16,10,0,55,0,48,31,0,79,29,64,41,0,134,7,0,7,141
04/15/2023,STT,VI,ASO,ES,Towers with Radar,36,13,21,0,70,0,41,17,0,58,36,54,38,0,128,4,0,4,132
04/16/2023,STT,VI,ASO,ES,Towers with Radar,31,10,5,0,46,0,26,25,2,53,31,36,30,2,99,28,0,28,127
04/17/2023,STT,VI,ASO,ES,Towers with Radar,29,22,5,1,57,0,40,22,0,62,29,62,27,1,119,6,0,6,125
04/18/2023,STT,VI,ASO,ES,Towers with Radar,30,22,12,0,64,0,38,20,2,60,30,60,32,2,124,0,0,0,124
04/19/2023,STT,VI,ASO,ES,Towers with Radar,26,23,6,0,55,0,31,29,0,60,26,54,35,0,115,0,0,0,115
04/20/2023,STT,VI,ASO,ES,Towers with Radar,28,20,9,0,57,0,35,32,0,67,28,55,41,0,124,8,0,8,132
04/21/2023,STT,VI,ASO,ES,Towers with Radar,30,18,6,0,54,0,49,26,5,80,30,67,32,5,134,7,0,7,141
04/22/2023,STT,VI,ASO,ES,Towers with Radar,42,15,17,0,74,0,34,19,0,53,42,49,36,0,127,12,0,12,139
04/23/2023,STT,VI,ASO,ES,Towers with Radar,28,11,13,0,52,0,31,18,0,49,28,42,31,0,101,0,0,0,101
04/24/2023,STT,VI,ASO,ES,Towers with Radar,28,20,3,0,51,0,38,36,0,74,28,58,39,0,125,0,0,0,125
04/25/2023,STT,VI,ASO,ES,Towers with Radar,26,22,8,2,58,0,48,51,0,99,26,70,59,2,157,2,0,2,159
04/26/2023,STT,VI,ASO,ES,Towers with Radar,25,23,2,0,50,0,47,34,2,83,25,70,36,2,133,8,0,8,141
04/27/2023,STT,VI,ASO,ES,Towers with Radar,26,13,7,0,46,0,42,25,0,67,26,55,32,0,113,0,0,0,113
04/28/2023,STT,VI,ASO,ES,Towers with Radar,28,9,6,0,43,0,35,34,0,69,28,44,40,0,112,0,0,0,112
04/29/2023,STT,VI,ASO,ES,Towers with Radar,37,18,8,0,63,0,31,40,0,71,37,49,48,0,134,10,4,14,148
04/30/2023,STT,VI,ASO,ES,Towers with Radar,29,9,6,5,49,0,39,40,0,79,29,48,46,5,128,0,0,0,128
05/01/2023,STT,VI,ASO,ES,Towers with Radar,22,23,12,0,57,0,40,35,0,75,22,63,47,0,132,0,0,0,132
05/02/2023,STT,VI,ASO,ES,Towers with Radar,30,22,8,0,60,0,40,37,1,78,30,62,45,1,138,6,0,6,144
05/03/2023,STT,VI,ASO,ES,Towers with Radar,25,24,11,0,60,0,32,40,0,72,25,56,51,0,132,0,0,0,132
05/04/2023,STT,VI,ASO,ES,Towers with Radar,27,22,6,4,59,0,57,31,3,91,27,79,37,7,150,0,0,0,150
05/05/2023,STT,VI,ASO,ES,Towers with Radar,22,17,11,1,51,0,33,41,0,74,22,50,52,1,125,4,0,4,129
05/06/2023,STT,VI,ASO,ES,Towers with Radar,33,12,5,0,50,0,33,27,0,60,33,45,32,0,110,6,0,6,116
05/07/2023,STT,VI,ASO,ES,Towers with Radar,26,17,11,0,54,0,37,38,2,77,26,54,49,2,131,6,0,6,137
05/08/2023,STT,VI,ASO,ES,Towers with Radar,19,24,4,0,47,0,34,36,0,70,19,58,40,0,117,0,0,0,117
05/09/2023,STT,VI,ASO,ES,Towers with Radar,20,27,5,0,52,0,40,57,0,97,20,67,62,0,149,0,0,0,149
05/10/2023,STT,VI,ASO,ES,Towers with Radar,20,23,6,2,51,0,26,43,2,71,20,49,49,4,122,4,0,4,126
05/11/2023,STT,VI,ASO,ES,Towers with Radar,23,19,19,0,61,0,37,43,0,80,23,56,62,0,141,4,0,4,145
05/12/2023,STT,VI,ASO,ES,Towers with Radar,21,17,4,0,42,0,34,38,0,72,21,51,42,0,114,2,0,2,116
05/13/2023,STT,VI,ASO,ES,Towers with Radar,35,8,7,0,50,0,30,35,0,65,35,38,42,0,115,8,0,8,123
05/14/2023,STT,VI,ASO,ES,Towers with Radar,27,8,5,0,40,0,33,30,0,63,27,41,35,0,103,14,0,14,117
05/15/2023,STT,VI,ASO,ES,Towers with Radar,21,22,6,3,52,0,35,33,0,68,21,57,39,3,120,8,0,8,128
05/16/2023,STT,VI,ASO,ES,Towers with Radar,24,21,2,0,47,0,28,36,0,64,24,49,38,0,111,10,0,10,121
05/17/2023,STT,VI,ASO,ES,Towers with Radar,21,27,6,0,54,0,18,41,0,59,21,45,47,0,113,28,0,28,141
05/18/2023,STT,VI,ASO,ES,Towers with Radar,20,21,7,0,48,0,34,31,0,65,20,55,38,0,113,10,0,10,123
05/19/2023,STT,VI,ASO,ES,Towers with Radar,22,18,7,0,47,0,36,42,0,78,22,54,49,0,125,16,0,16,141
05/20/2023,STT,VI,ASO,ES,Towers with Radar,34,10,5,0,49,0,35,49,0,84,34,45,54,0,133,24,0,24,157
05/21/2023,STT,VI,ASO,ES,Towers with Radar,26,12,4,0,42,0,32,36,0,68,26,44,40,0,110,10,0,10,120
05/22/2023,STT,VI,ASO,ES,Towers with Radar,24,23,8,0,55,0,31,34,0,65,24,54,42,0,120,6,0,6,126
05/23/2023,STT,VI,ASO,ES,Towers with Radar,25,23,4,0,52,0,29,43,0,72,25,52,47,0,124,0,0,0,124
05/24/2023,STT,VI,ASO,ES,Towers with Radar,18,24,8,0,50,0,33,41,0,74,18,57,49,0,124,2,0,2,126
05/25/2023,STT,VI,ASO,ES,Towers with Radar,20,23,10,0,53,0,38,44,2,84,20,61,54,2,137,8,0,8,145
05/26/2023,STT,VI,ASO,ES,Towers with Radar,25,15,11,0,51,0,51,59,1,111,25,66,70,1,162,0,0,0,162
05/27/2023,STT,VI,ASO,ES,Towers with Radar,34,9,16,0,59,0,32,53,0,85,34,41,69,0,144,20,0,20,164
05/28/2023,STT,VI,ASO,ES,Towers with Radar,24,11,8,0,43,0,25,29,0,54,24,36,37,0,97,24,0,24,121
05/29/2023,STT,VI,ASO,ES,Towers with Radar,21,13,12,0,46,0,28,40,0,68,21,41,52,0,114,14,0,14,128
05/30/2023,STT,VI,ASO,ES,Towers with Radar,24,22,4,0,50,0,42,38,0,80,24,64,42,0,130,10,0,10,140
05/31/2023,STT,VI,ASO,ES,Towers with Radar,18,27,15,0,60,0,33,44,0,77,18,60,59,0,137,8,0,8,145
06/01/2023,STT,VI,ASO,ES,Towers with Radar,21,18,8,0,47,0,32,41,0,73,21,50,49,0,120,0,0,0,120
06/02/2023,STT,VI,ASO,ES,Towers with Radar,25,20,8,0,53,0,44,39,0,83,25,64,47,0,136,0,0,0,136
06/03/2023,STT,VI,ASO,ES,Towers with Radar,37,13,9,0,59,0,31,34,0,65,37,44,43,0,124,6,0,6,130
06/04/2023,STT,VI,ASO,ES,Towers with Radar,28,11,7,0,46,0,29,27,0,56,28,40,34,0,102,0,0,0,102
06/05/2023,STT,VI,ASO,ES,Towers with Radar,25,22,15,6,68,0,31,25,2,58,25,53,40,8,126,32,0,32,158
06/06/2023,STT,VI,ASO,ES,Towers with Radar,27,24,4,0,55,0,28,35,0,63,27,52,39,0,118,6,0,6,124
06/07/2023,STT,VI,ASO,ES,Towers with Radar,22,29,4,0,55,0,32,34,0,66,22,61,38,0,121,16,0,16,137
06/08/2023,STT,VI,ASO,ES,Towers with Radar,24,26,3,0,53,0,28,53,0,81,24,54,56,0,134,0,0,0,134
06/09/2023,STT,VI,ASO,ES,Towers with Radar,22,23,3,0,48,0,47,45,0,92,22,70,48,0,140,4,0,4,144
06/10/2023,STT,VI,ASO,ES,Towers with Radar,37,9,10,0,56,0,33,36,0,69,37,42,46,0,125,0,0,0,125
06/11/2023,STT,VI,ASO,ES,Towers with Radar,29,12,7,0,48,0,34,30,0,64,29,46,37,0,112,0,0,0,112
06/12/2023,STT,VI,ASO,ES,Towers with Radar,28,26,17,3,74,0,28,28,0,56,28,54,45,3,130,40,0,40,170
06/13/2023,STT,VI,ASO,ES,Towers with Radar,29,26,9,2,66,0,30,37,0,67,29,56,46,2,133,4,0,4,137
06/14/2023,STT,VI,ASO,ES,Towers with Radar,24,24,4,0,52,0,35,38,0,73,24,59,42,0,125,14,0,14,139
06/15/2023,STT,VI,ASO,ES,Towers with Radar,26,25,12,0,63,0,40,45,0,85,26,65,57,0,148,6,0,6,154
06/16/2023,STT,VI,ASO,ES,Towers with Radar,26,20,7,0,53,0,50,53,0,103,26,70,60,0,156,0,0,0,156
06/17/2023,STT,VI,ASO,ES,Towers with Radar,39,12,7,0,58,0,29,30,0,59,39,41,37,0,117,10,0,10,127
06/18/2023,STT,VI,ASO,ES,Towers with Radar,29,11,9,0,49,0,23,40,0,63,29,34,49,0,112,10,0,10,122
06/19/2023,STT,VI,ASO,ES,Towers with Radar,26,7,9,0,42,0,37,56,0,93,26,44,65,0,135,0,0,0,135
06/20/2023,STT,VI,ASO,ES,Towers with Radar,25,16,7,0,48,0,44,50,1,95,25,60,57,1,143,10,0,10,153
06/21/2023,STT,VI,ASO,ES,Towers with Radar,23,17,3,0,43,0,29,41,0,70,23,46,44,0,113,4,0,4,117
06/22/2023,STT,VI,ASO,ES,Towers with Radar,30,15,8,0,53,0,35,36,1,72,30,50,44,1,125,2,0,2,127
06/23/2023,STT,VI,ASO,ES,Towers with Radar,26,17,10,0,53,0,28,31,0,59,26,45,41,0,112,0,0,0,112
06/24/2023,STT,VI,ASO,ES,Towers with Radar,39,8,11,0,58,0,26,34,0,60,39,34,45,0,118,0,0,0,118
06/25/2023,STT,VI,ASO,ES,Towers with Radar,31,7,5,0,43,0,30,44,0,74,31,37,49,0,117,4,0,4,121
06/26/2023,STT,VI,ASO,ES,Towers with Radar,29,20,4,0,53,0,36,38,0,74,29,56,42,0,127,0,0,0,127
06/27/2023,STT,VI,ASO,ES,Towers with Radar,0,0,0,0,0,0,0,0,0,0,0,0,0,0,0,0,0,0,0
06/28/2023,STT,VI,ASO,ES,Towers with Radar,22,23,3,0,48,0,35,49,0,84,22,58,52,0,132,12,0,12,144
06/29/2023,STT,VI,ASO,ES,Towers with Radar,26,28,12,0,66,0,19,37,2,58,26,47,49,2,124,68,0,68,192
06/30/2023,STT,VI,ASO,ES,Towers with Radar,26,21,13,0,60,0,42,67,0,109,26,63,80,0,169,6,0,6,175
07/01/2023,STT,VI,ASO,ES,Towers with Radar,38,15,5,0,58,0,29,44,0,73,38,44,49,0,131,28,0,28,159
07/02/2023,STT,VI,ASO,ES,Towers with Radar,33,10,4,0,47,0,39,30,0,69,33,49,34,0,116,36,0,36,152
07/03/2023,STT,VI,ASO,ES,Towers with Radar,25,20,4,0,49,0,32,38,0,70,25,52,42,0,119,0,0,0,119
07/04/2023,STT,VI,ASO,ES,Towers with Radar,28,12,2,0,42,0,20,33,0,53,28,32,35,0,95,0,0,0,95
07/05/2023,STT,VI,ASO,ES,Towers with Radar,22,26,0,0,48,0,30,44,2,76,22,56,44,2,124,34,0,34,158
07/06/2023,STT,VI,ASO,ES,Towers with Radar,26,29,1,0,56,0,32,49,0,81,26,61,50,0,137,10,0,10,147
07/07/2023,STT,VI,ASO,ES,Towers with Radar,28,18,10,0,56,0,36,42,0,78,28,54,52,0,134,2,0,2,136
07/08/2023,STT,VI,ASO,ES,Towers with Radar,38,10,9,0,57,0,26,18,0,44,38,36,27,0,101,0,0,0,101
07/09/2023,STT,VI,ASO,ES,Towers with Radar,32,10,7,0,49,0,28,42,0,70,32,38,49,0,119,28,0,28,147
07/10/2023,STT,VI,ASO,ES,Towers with Radar,28,25,5,0,58,0,25,37,0,62,28,50,42,0,120,0,0,0,120
07/11/2023,STT,VI,ASO,ES,Towers with Radar,31,23,1,0,55,0,26,31,0,57,31,49,32,0,112,14,0,14,126
07/12/2023,STT,VI,ASO,ES,Towers with Radar,22,25,1,0,48,0,27,33,0,60,22,52,34,0,108,0,0,0,108
07/13/2023,STT,VI,ASO,ES,Towers with Radar,28,30,7,0,65,0,41,33,4,78,28,71,40,4,143,0,0,0,143
07/14/2023,STT,VI,ASO,ES,Towers with Radar,26,19,4,0,49,0,39,48,0,87,26,58,52,0,136,4,0,4,140
07/15/2023,STT,VI,ASO,ES,Towers with Radar,38,11,3,0,52,0,33,45,0,78,38,44,48,0,130,48,0,48,178
07/16/2023,STT,VI,ASO,ES,Towers with Radar,25,13,5,0,43,0,27,38,0,65,25,40,43,0,108,20,0,20,128
07/17/2023,STT,VI,ASO,ES,Towers with Radar,28,28,6,0,62,0,33,35,0,68,28,61,41,0,130,2,0,2,132
07/18/2023,STT,VI,ASO,ES,Towers with Radar,26,23,2,0,51,0,33,44,0,77,26,56,46,0,128,3,0,3,131
07/19/2023,STT,VI,ASO,ES,Towers with Radar,22,21,10,0,53,0,36,36,0,72,22,57,46,0,125,6,0,6,131
07/20/2023,STT,VI,ASO,ES,Towers with Radar,26,26,6,0,58,0,35,38,0,73,26,61,44,0,131,16,0,16,147
07/21/2023,STT,VI,ASO,ES,Towers with Radar,29,16,8,0,53,0,36,49,0,85,29,52,57,0,138,52,0,52,190
07/22/2023,STT,VI,ASO,ES,Towers with Radar,39,15,11,0,65,0,22,44,0,66,39,37,55,0,131,4,0,4,135
07/23/2023,STT,VI,ASO,ES,Towers with Radar,32,12,3,0,47,0,16,33,0,49,32,28,36,0,96,0,0,0,96
07/24/2023,STT,VI,ASO,ES,Towers with Radar,25,28,7,0,60,0,24,33,0,57,25,52,40,0,117,0,0,0,117
07/25/2023,STT,VI,ASO,ES,Towers with Radar,24,29,2,0,55,0,28,25,0,53,24,57,27,0,108,0,0,0,108
07/26/2023,STT,VI,ASO,ES,Towers with Radar,22,21,7,0,50,0,31,40,0,71,22,52,47,0,121,10,0,10,131
07/27/2023,STT,VI,ASO,ES,Towers with Radar,26,24,3,0,53,0,31,33,0,64,26,55,36,0,117,38,0,38,155
07/28/2023,STT,VI,ASO,ES,Towers with Radar,24,20,9,0,53,0,36,51,0,87,24,56,60,0,140,33,0,33,173
07/29/2023,STT,VI,ASO,ES,Towers with Radar,37,11,10,0,58,0,24,41,0,65,37,35,51,0,123,22,0,22,145
07/30/2023,STT,VI,ASO,ES,Towers with Radar,32,11,6,0,49,0,19,30,0,49,32,30,36,0,98,0,0,0,98
07/31/2023,STT,VI,ASO,ES,Towers with Radar,27,29,2,0,58,0,34,40,0,74,27,63,42,0,132,0,0,0,132
08/01/2023,STT,VI,ASO,ES,Towers with Radar,30,24,7,0,61,0,29,46,2,77,30,53,53,2,138,0,0,0,138
08/02/2023,STT,VI,ASO,ES,Towers with Radar,22,23,4,8,57,0,27,40,0,67,22,50,44,8,124,0,0,0,124
08/03/2023,STT,VI,ASO,ES,Towers with Radar,29,23,3,0,55,0,34,58,3,95,29,57,61,3,150,20,0,20,170
08/04/2023,STT,VI,ASO,ES,Towers with Radar,26,22,7,0,55,0,37,57,0,94,26,59,64,0,149,0,0,0,149
08/05/2023,STT,VI,ASO,ES,Towers with Radar,38,14,12,1,65,0,19,39,0,58,38,33,51,1,123,16,2,18,141
08/06/2023,STT,VI,ASO,ES,Towers with Radar,33,7,4,0,44,0,33,29,0,62,33,40,33,0,106,4,0,4,110
08/07/2023,STT,VI,ASO,ES,Towers with Radar,28,28,2,0,58,0,54,29,0,83,28,82,31,0,141,6,0,6,147
08/08/2023,STT,VI,ASO,ES,Towers with Radar,26,25,5,0,56,0,49,43,0,92,26,74,48,0,148,20,0,20,168
08/09/2023,STT,VI,ASO,ES,Towers with Radar,21,25,8,0,54,0,51,36,1,88,21,76,44,1,142,0,0,0,142
08/10/2023,STT,VI,ASO,ES,Towers with Radar,21,20,6,0,47,0,52,49,0,101,21,72,55,0,148,0,0,0,148
08/11/2023,STT,VI,ASO,ES,Towers with Radar,25,17,8,0,50,0,64,34,0,98,25,81,42,0,148,12,0,12,160
08/12/2023,STT,VI,ASO,ES,Towers with Radar,39,8,8,0,55,0,43,39,0,82,39,51,47,0,137,4,0,4,141
08/13/2023,STT,VI,ASO,ES,Towers with Radar,28,9,5,0,42,0,45,37,0,82,28,54,42,0,124,4,0,4,128
08/14/2023,STT,VI,ASO,ES,Towers with Radar,20,20,7,0,47,0,57,57,0,114,20,77,64,0,161,6,0,6,167
08/15/2023,STT,VI,ASO,ES,Towers with Radar,22,23,6,0,51,0,59,46,2,107,22,82,52,2,158,4,0,4,162
08/16/2023,STT,VI,ASO,ES,Towers with Radar,14,20,1,7,42,0,57,32,0,89,14,77,33,7,131,20,0,20,151
08/17/2023,STT,VI,ASO,ES,Towers with Radar,16,24,4,0,44,0,50,43,0,93,16,74,47,0,137,10,0,10,147
08/18/2023,STT,VI,ASO,ES,Towers with Radar,14,22,3,0,39,0,68,42,0,110,14,90,45,0,149,6,0,6,155
08/19/2023,STT,VI,ASO,ES,Towers with Radar,32,9,0,0,41,0,48,34,0,82,32,57,34,0,123,0,0,0,123
08/20/2023,STT,VI,ASO,ES,Towers with Radar,25,7,1,0,33,0,37,16,0,53,25,44,17,0,86,0,0,0,86
08/21/2023,STT,VI,ASO,ES,Towers with Radar,27,23,6,0,56,1,47,41,0,89,28,70,47,0,145,12,0,12,157
08/22/2023,STT,VI,ASO,ES,Towers with Radar,19,28,6,0,53,0,43,24,0,67,19,71,30,0,120,8,0,8,128
08/23/2023,STT,VI,ASO,ES,Towers with Radar,17,28,5,0,50,0,44,60,0,104,17,72,65,0,154,0,0,0,154
08/24/2023,STT,VI,ASO,ES,Towers with Radar,16,29,4,0,49,0,49,52,0,101,16,78,56,0,150,26,0,26,176
08/25/2023,STT,VI,ASO,ES,Towers with Radar,18,21,6,0,45,0,57,46,0,103,18,78,52,0,148,4,0,4,152
08/26/2023,STT,VI,ASO,ES,Towers with Radar,27,10,4,0,41,0,29,21,0,50,27,39,25,0,91,0,0,0,91
08/27/2023,STT,VI,ASO,ES,Towers with Radar,29,12,3,0,44,0,39,32,0,71,29,51,35,0,115,16,0,16,131
08/28/2023,STT,VI,ASO,ES,Towers with Radar,18,19,8,0,45,0,55,43,0,98,18,74,51,0,143,0,0,0,143
08/29/2023,STT,VI,ASO,ES,Towers with Radar,21,20,0,1,42,0,50,36,0,86,21,70,36,1,128,6,2,8,136
08/30/2023,STT,VI,ASO,ES,Towers with Radar,14,25,5,4,48,0,45,56,0,101,14,70,61,4,149,0,0,0,149
08/31/2023,STT,VI,ASO,ES,Towers with Radar,18,18,5,2,43,0,48,40,0,88,18,66,45,2,131,2,0,2,133
