01/01/2020,STX,VI,ASO,ES,Federal Contract Tower,6,9,4,0,19,0,40,21,0,61,6,49,25,0,80,0,0,0,80
01/02/2020,STX,VI,ASO,ES,Federal Contract Tower,10,17,8,0,35,0,58,39,0,97,10,75,47,0,132,0,0,0,132
01/03/2020,STX,VI,ASO,ES,Federal Contract Tower,8,23,6,0,37,0,54,23,0,77,8,77,29,0,114,6,0,6,120
01/04/2020,STX,VI,ASO,ES,Federal Contract Tower,7,16,8,0,31,0,39,24,0,63,7,55,32,0,94,0,0,0,94
01/05/2020,STX,VI,ASO,ES,Federal Contract Tower,10,6,10,2,28,0,43,16,0,59,10,49,26,2,87,2,0,2,89
01/06/2020,STX,VI,ASO,ES,Federal Contract Tower,7,15,8,0,30,0,58,23,0,81,7,73,31,0,111,0,0,0,111
01/07/2020,STX,VI,ASO,ES,Federal Contract Tower,6,18,7,3,34,0,53,25,0,78,6,71,32,3,112,0,0,0,112
01/08/2020,STX,VI,ASO,ES,Federal Contract Tower,4,16,10,0,30,0,48,15,0,63,4,64,25,0,93,0,0,0,93
01/09/2020,STX,VI,ASO,ES,Federal Contract Tower,5,19,10,1,35,0,39,32,0,71,5,58,42,1,106,0,0,0,106
01/10/2020,STX,VI,ASO,ES,Federal Contract Tower,4,18,3,2,27,0,66,28,0,94,4,84,31,2,121,0,0,0,121
01/11/2020,STX,VI,ASO,ES,Federal Contract Tower,7,12,2,0,21,0,45,24,0,69,7,57,26,0,90,0,0,0,90
01/12/2020,STX,VI,ASO,ES,Federal Contract Tower,6,11,2,0,19,0,44,14,0,58,6,55,16,0,77,6,0,6,83
01/13/2020,STX,VI,ASO,ES,Federal Contract Tower,6,19,5,0,30,0,51,16,0,67,6,70,21,0,97,0,0,0,97
01/14/2020,STX,VI,ASO,ES,Federal Contract Tower,6,21,9,1,37,0,57,15,0,72,6,78,24,1,109,2,0,2,111
01/15/2020,STX,VI,ASO,ES,Federal Contract Tower,4,18,4,2,28,0,48,14,0,62,4,66,18,2,90,10,0,10,100
01/16/2020,STX,VI,ASO,ES,Federal Contract Tower,6,20,8,1,35,0,47,26,0,73,6,67,34,1,108,12,0,12,120
01/17/2020,STX,VI,ASO,ES,Federal Contract Tower,4,19,1,1,25,0,81,41,0,122,4,100,42,1,147,0,0,0,147
01/18/2020,STX,VI,ASO,ES,Federal Contract Tower,8,13,3,2,26,0,60,24,2,86,8,73,27,4,112,4,0,4,116
01/19/2020,STX,VI,ASO,ES,Federal Contract Tower,5,16,4,2,27,0,43,28,0,71,5,59,32,2,98,0,0,0,98
01/20/2020,STX,VI,ASO,ES,Federal Contract Tower,6,20,8,2,36,0,59,41,0,100,6,79,49,2,136,0,0,0,136
01/21/2020,STX,VI,ASO,ES,Federal Contract Tower,6,16,7,2,31,0,65,12,0,77,6,81,19,2,108,0,0,0,108
01/22/2020,STX,VI,ASO,ES,Federal Contract Tower,4,10,3,1,18,0,67,17,2,86,4,77,20,3,104,0,0,0,104
01/23/2020,STX,VI,ASO,ES,Federal Contract Tower,8,18,9,0,35,0,57,35,0,92,8,75,44,0,127,12,0,12,139
01/24/2020,STX,VI,ASO,ES,Federal Contract Tower,3,31,6,0,40,0,63,26,0,89,3,94,32,0,129,0,0,0,129
01/25/2020,STX,VI,ASO,ES,Federal Contract Tower,8,14,7,0,29,0,41,17,2,60,8,55,24,2,89,8,0,8,97
01/26/2020,STX,VI,ASO,ES,Federal Contract Tower,6,11,4,0,21,0,51,17,2,70,6,62,21,2,91,4,0,4,95
01/27/2020,STX,VI,ASO,ES,Federal Contract Tower,6,20,10,0,36,0,58,14,3,75,6,78,24,3,111,4,0,4,115
01/28/2020,STX,VI,ASO,ES,Federal Contract Tower,6,18,10,0,34,0,54,19,0,73,6,72,29,0,107,4,0,4,111
01/30/2020,STX,VI,ASO,ES,Federal Contract Tower,6,18,5,0,29,0,55,17,0,72,6,73,22,0,101,6,0,6,107
01/31/2020,STX,VI,ASO,ES,Federal Contract Tower,4,19,7,0,30,0,52,24,0,76,4,71,31,0,106,0,0,0,106
02/01/2020,STX,VI,ASO,ES,Federal Contract Tower,8,12,2,0,22,0,38,21,0,59,8,50,23,0,81,0,0,0,81
02/02/2020,STX,VI,ASO,ES,Federal Contract Tower,5,8,1,0,14,0,39,25,2,66,5,47,26,2,80,0,0,0,80
02/03/2020,STX,VI,ASO,ES,Federal Contract Tower,6,23,2,0,31,0,53,26,0,79,6,76,28,0,110,0,0,0,110
02/04/2020,STX,VI,ASO,ES,Federal Contract Tower,6,14,8,1,29,0,52,21,0,73,6,66,29,1,102,2,0,2,104
02/05/2020,STX,VI,ASO,ES,Federal Contract Tower,4,18,6,1,29,0,44,26,0,70,4,62,32,1,99,6,0,6,105
02/06/2020,STX,VI,ASO,ES,Federal Contract Tower,6,22,4,0,32,0,43,24,0,67,6,65,28,0,99,0,0,0,99
02/07/2020,STX,VI,ASO,ES,Federal Contract Tower,3,21,3,0,27,0,58,16,0,74,3,79,19,0,101,0,0,0,101
02/08/2020,STX,VI,ASO,ES,Federal Contract Tower,7,12,1,0,20,0,45,22,0,67,7,57,23,0,87,0,0,0,87
02/09/2020,STX,VI,ASO,ES,Federal Contract Tower,6,8,7,1,22,0,45,21,0,66,6,53,28,1,88,0,0,0,88
02/10/2020,STX,VI,ASO,ES,Federal Contract Tower,6,21,3,1,31,0,56,22,0,78,6,77,25,1,109,0,0,0,109
02/11/2020,STX,VI,ASO,ES,Federal Contract Tower,6,18,2,0,26,0,42,12,0,54,6,60,14,0,80,0,0,0,80
02/12/2020,STX,VI,ASO,ES,Federal Contract Tower,3,16,0,0,19,0,37,25,0,62,3,53,25,0,81,0,0,0,81
02/13/2020,STX,VI,ASO,ES,Federal Contract Tower,5,20,18,0,43,0,67,28,0,95,5,87,46,0,138,6,0,6,144
02/14/2020,STX,VI,ASO,ES,Federal Contract Tower,3,20,5,0,28,0,64,37,0,101,3,84,42,0,129,0,0,0,129
02/15/2020,STX,VI,ASO,ES,Federal Contract Tower,8,12,6,0,26,0,47,30,0,77,8,59,36,0,103,0,0,0,103
02/16/2020,STX,VI,ASO,ES,Federal Contract Tower,6,9,3,0,18,0,42,32,0,74,6,51,35,0,92,0,0,0,92
02/17/2020,STX,VI,ASO,ES,Federal Contract Tower,6,18,5,0,29,0,66,21,0,87,6,84,26,0,116,0,0,0,116
02/18/2020,STX,VI,ASO,ES,Federal Contract Tower,6,22,0,0,28,0,58,15,0,73,6,80,15,0,101,0,0,0,101
02/19/2020,STX,VI,ASO,ES,Federal Contract Tower,3,19,3,0,25,0,40,20,0,60,3,59,23,0,85,0,0,0,85
02/20/2020,STX,VI,ASO,ES,Federal Contract Tower,6,20,7,0,33,0,51,34,0,85,6,71,41,0,118,0,0,0,118
02/21/2020,STX,VI,ASO,ES,Federal Contract Tower,4,20,9,1,34,0,63,25,9,97,4,83,34,10,131,2,0,2,133
02/22/2020,STX,VI,ASO,ES,Federal Contract Tower,8,12,7,1,28,0,38,11,0,49,8,50,18,1,77,0,0,0,77
02/23/2020,STX,VI,ASO,ES,Federal Contract Tower,6,8,6,0,20,0,44,12,0,56,6,52,18,0,76,0,0,0,76
02/24/2020,STX,VI,ASO,ES,Federal Contract Tower,6,22,4,3,35,0,57,24,2,83,6,79,28,5,118,12,0,12,130
02/25/2020,STX,VI,ASO,ES,Federal Contract Tower,6,26,10,0,42,0,49,12,0,61,6,75,22,0,103,0,0,0,103
02/26/2020,STX,VI,ASO,ES,Federal Contract Tower,6,31,14,0,51,0,35,16,0,51,6,66,30,0,102,6,0,6,108
02/27/2020,STX,VI,ASO,ES,Federal Contract Tower,6,19,3,0,28,0,53,31,0,84,6,72,34,0,112,10,0,10,122
02/28/2020,STX,VI,ASO,ES,Federal Contract Tower,4,20,0,0,24,0,61,24,0,85,4,81,24,0,109,2,0,2,111
02/29/2020,STX,VI,ASO,ES,Federal Contract Tower,8,12,4,0,24,0,46,19,0,65,8,58,23,0,89,0,0,0,89
03/01/2020,STX,VI,ASO,ES,Federal Contract Tower,6,10,6,0,22,0,43,10,0,53,6,53,16,0,75,0,0,0,75
03/02/2020,STX,VI,ASO,ES,Federal Contract Tower,6,22,6,0,34,0,56,9,0,65,6,78,15,0,99,0,0,0,99
03/03/2020,STX,VI,ASO,ES,Federal Contract Tower,5,18,1,0,24,0,48,22,0,70,5,66,23,0,94,0,0,0,94
03/04/2020,STX,VI,ASO,ES,Federal Contract Tower,4,19,3,0,26,0,59,22,0,81,4,78,25,0,107,0,0,0,107
03/07/2020,STX,VI,ASO,ES,Federal Contract Tower,7,12,4,0,23,0,35,18,0,53,7,47,22,0,76,8,0,8,84
03/08/2020,STX,VI,ASO,ES,Federal Contract Tower,8,8,7,0,23,0,40,9,0,49,8,48,16,0,72,0,0,0,72
03/09/2020,STX,VI,ASO,ES,Federal Contract Tower,6,31,6,0,43,0,36,13,0,49,6,67,19,0,92,4,0,4,96
03/11/2020,STX,VI,ASO,ES,Federal Contract Tower,10,11,7,0,28,0,46,21,0,67,10,57,28,0,95,0,0,0,95
03/12/2020,STX,VI,ASO,ES,Federal Contract Tower,12,12,6,0,30,0,43,21,0,64,12,55,27,0,94,0,0,0,94
03/14/2020,STX,VI,ASO,ES,Federal Contract Tower,14,5,3,0,22,0,36,14,0,50,14,41,17,0,72,0,0,0,72
03/15/2020,STX,VI,ASO,ES,Federal Contract Tower,10,5,6,0,21,0,47,21,0,68,10,52,27,0,89,0,0,0,89
03/16/2020,STX,VI,ASO,ES,Federal Contract Tower,8,19,6,0,33,0,51,20,0,71,8,70,26,0,104,0,0,0,104
03/17/2020,STX,VI,ASO,ES,Federal Contract Tower,10,19,5,0,34,0,34,8,0,42,10,53,13,0,76,0,0,0,76
03/18/2020,STX,VI,ASO,ES,Federal Contract Tower,10,13,2,0,25,0,33,13,0,46,10,46,15,0,71,0,0,0,71
03/19/2020,STX,VI,ASO,ES,Federal Contract Tower,12,16,1,0,29,0,32,14,0,46,12,48,15,0,75,0,0,0,75
03/20/2020,STX,VI,ASO,ES,Federal Contract Tower,10,17,3,0,30,0,32,18,0,50,10,49,21,0,80,0,0,0,80
03/21/2020,STX,VI,ASO,ES,Federal Contract Tower,12,10,4,0,26,0,26,11,0,37,12,36,15,0,63,0,0,0,63
03/22/2020,STX,VI,ASO,ES,Federal Contract Tower,6,11,2,0,19,0,17,5,0,22,6,28,7,0,41,0,0,0,41
03/23/2020,STX,VI,ASO,ES,Federal Contract Tower,6,23,2,0,31,0,22,6,0,28,6,45,8,0,59,0,0,0,59
03/24/2020,STX,VI,ASO,ES,Federal Contract Tower,6,25,2,0,33,0,17,5,0,22,6,42,7,0,55,0,0,0,55
03/25/2020,STX,VI,ASO,ES,Federal Contract Tower,3,14,5,0,22,0,17,24,0,41,3,31,29,0,63,0,0,0,63
03/26/2020,STX,VI,ASO,ES,Federal Contract Tower,4,13,5,0,22,0,30,12,0,42,4,43,17,0,64,0,0,0,64
03/27/2020,STX,VI,ASO,ES,Federal Contract Tower,2,17,4,0,23,0,20,11,1,32,2,37,15,1,55,6,0,6,61
03/28/2020,STX,VI,ASO,ES,Federal Contract Tower,1,10,1,0,12,0,10,2,0,12,1,20,3,0,24,0,0,0,24
03/29/2020,STX,VI,ASO,ES,Federal Contract Tower,5,8,1,0,14,0,13,3,0,16,5,21,4,0,30,0,0,0,30
03/30/2020,STX,VI,ASO,ES,Federal Contract Tower,2,15,2,0,19,0,23,4,0,27,2,38,6,0,46,0,0,0,46
03/31/2020,STX,VI,ASO,ES,Federal Contract Tower,4,13,1,0,18,0,35,2,0,37,4,48,3,0,55,0,0,0,55
04/01/2020,STX,VI,ASO,ES,Federal Contract Tower,0,12,0,0,12,0,17,14,0,31,0,29,14,0,43,0,0,0,43
04/02/2020,STX,VI,ASO,ES,Federal Contract Tower,4,14,0,0,18,0,20,18,1,39,4,34,18,1,57,2,0,2,59
04/04/2020,STX,VI,ASO,ES,Federal Contract Tower,2,10,1,0,13,0,16,14,0,30,2,26,15,0,43,0,0,0,43
04/05/2020,STX,VI,ASO,ES,Federal Contract Tower,2,8,0,0,10,0,12,0,0,12,2,20,0,0,22,0,0,0,22
04/06/2020,STX,VI,ASO,ES,Federal Contract Tower,2,12,2,0,16,0,20,5,0,25,2,32,7,0,41,0,0,0,41
04/07/2020,STX,VI,ASO,ES,Federal Contract Tower,4,14,4,0,22,0,19,12,0,31,4,33,16,0,53,0,0,0,53
04/08/2020,STX,VI,ASO,ES,Federal Contract Tower,2,11,0,0,13,0,15,10,0,25,2,26,10,0,38,0,0,0,38
04/09/2020,STX,VI,ASO,ES,Federal Contract Tower,2,8,0,0,10,0,23,15,0,38,2,31,15,0,48,0,0,0,48
04/10/2020,STX,VI,ASO,ES,Federal Contract Tower,2,4,1,0,7,0,14,7,0,21,2,18,8,0,28,0,0,0,28
04/11/2020,STX,VI,ASO,ES,Federal Contract Tower,2,4,1,0,7,0,10,8,0,18,2,14,9,0,25,0,0,0,25
04/12/2020,STX,VI,ASO,ES,Federal Contract Tower,2,4,0,0,6,0,10,3,0,13,2,14,3,0,19,0,0,0,19
04/13/2020,STX,VI,ASO,ES,Federal Contract Tower,2,14,0,0,16,0,19,7,0,26,2,33,7,0,42,8,0,8,50
04/14/2020,STX,VI,ASO,ES,Federal Contract Tower,2,8,2,1,13,0,19,4,2,25,2,27,6,3,38,0,0,0,38
04/15/2020,STX,VI,ASO,ES,Federal Contract Tower,2,6,0,0,8,0,16,16,0,32,2,22,16,0,40,2,0,2,42
04/16/2020,STX,VI,ASO,ES,Federal Contract Tower,2,6,0,0,8,0,24,16,0,40,2,30,16,0,48,16,0,16,64
04/17/2020,STX,VI,ASO,ES,Federal Contract Tower,2,6,3,0,11,0,16,11,0,27,2,22,14,0,38,0,0,0,38
04/18/2020,STX,VI,ASO,ES,Federal Contract Tower,2,3,0,0,5,0,17,10,0,27,2,20,10,0,32,0,0,0,32
04/19/2020,STX,VI,ASO,ES,Federal Contract Tower,2,1,1,0,4,0,14,10,0,24,2,15,11,0,28,0,0,0,28
04/20/2020,STX,VI,ASO,ES,Federal Contract Tower,2,13,0,0,15,0,25,3,0,28,2,38,3,0,43,0,0,0,43
04/21/2020,STX,VI,ASO,ES,Federal Contract Tower,2,6,0,0,8,0,15,17,0,32,2,21,17,0,40,0,0,0,40
04/22/2020,STX,VI,ASO,ES,Federal Contract Tower,2,2,6,0,10,0,17,19,0,36,2,19,25,0,46,0,0,0,46
04/23/2020,STX,VI,ASO,ES,Federal Contract Tower,2,7,1,0,10,0,18,12,0,30,2,25,13,0,40,6,0,6,46
04/24/2020,STX,VI,ASO,ES,Federal Contract Tower,2,6,4,0,12,0,23,13,0,36,2,29,17,0,48,0,0,0,48
04/25/2020,STX,VI,ASO,ES,Federal Contract Tower,2,2,2,0,6,0,14,14,0,28,2,16,16,0,34,12,0,12,46
04/26/2020,STX,VI,ASO,ES,Federal Contract Tower,2,2,5,0,9,0,18,1,0,19,2,20,6,0,28,0,0,0,28
04/27/2020,STX,VI,ASO,ES,Federal Contract Tower,2,11,0,0,13,0,18,3,0,21,2,29,3,0,34,0,0,0,34
04/28/2020,STX,VI,ASO,ES,Federal Contract Tower,2,4,2,0,8,0,21,4,0,25,2,25,6,0,33,0,0,0,33
04/29/2020,STX,VI,ASO,ES,Federal Contract Tower,2,4,3,0,9,0,15,12,0,27,2,19,15,0,36,12,0,12,48
04/30/2020,STX,VI,ASO,ES,Federal Contract Tower,2,11,1,2,16,0,22,15,0,37,2,33,16,2,53,8,0,8,61
05/01/2020,STX,VI,ASO,ES,Federal Contract Tower,2,9,0,0,11,0,25,11,0,36,2,34,11,0,47,20,0,20,67
05/05/2020,STX,VI,ASO,ES,Federal Contract Tower,0,8,0,0,8,0,21,19,0,40,0,29,19,0,48,0,0,0,48
05/06/2020,STX,VI,ASO,ES,Federal Contract Tower,2,4,0,1,7,0,24,17,1,42,2,28,17,2,49,0,0,0,49
05/07/2020,STX,VI,ASO,ES,Federal Contract Tower,2,11,0,0,13,0,22,13,0,35,2,33,13,0,48,0,0,0,48
05/08/2020,STX,VI,ASO,ES,Federal Contract Tower,4,5,2,2,13,0,32,10,0,42,4,37,12,2,55,0,0,0,55
05/09/2020,STX,VI,ASO,ES,Federal Contract Tower,6,1,5,0,12,0,19,12,0,31,6,20,17,0,43,0,0,0,43
05/10/2020,STX,VI,ASO,ES,Federal Contract Tower,2,2,0,0,4,0,13,3,0,16,2,15,3,0,20,0,0,0,20
05/11/2020,STX,VI,ASO,ES,Federal Contract Tower,4,13,0,2,19,0,36,15,0,51,4,49,15,2,70,0,0,0,70
05/12/2020,STX,VI,ASO,ES,Federal Contract Tower,0,7,1,0,8,0,27,18,0,45,0,34,19,0,53,14,0,14,67
05/13/2020,STX,VI,ASO,ES,Federal Contract Tower,2,4,1,0,7,0,27,14,0,41,2,31,15,0,48,18,0,18,66
05/14/2020,STX,VI,ASO,ES,Federal Contract Tower,2,9,2,0,13,0,25,19,0,44,2,34,21,0,57,0,0,0,57
05/15/2020,STX,VI,ASO,ES,Federal Contract Tower,2,11,4,0,17,0,26,11,0,37,2,37,15,0,54,2,0,2,56
05/16/2020,STX,VI,ASO,ES,Federal Contract Tower,6,2,2,0,10,0,15,5,0,20,6,17,7,0,30,0,0,0,30
05/17/2020,STX,VI,ASO,ES,Federal Contract Tower,2,1,3,2,8,0,18,2,0,20,2,19,5,2,28,0,0,0,28
05/18/2020,STX,VI,ASO,ES,Federal Contract Tower,2,9,0,2,13,0,31,13,0,44,2,40,13,2,57,0,0,0,57
05/19/2020,STX,VI,ASO,ES,Federal Contract Tower,0,8,3,3,14,0,25,19,1,45,0,33,22,4,59,4,0,4,63
05/20/2020,STX,VI,ASO,ES,Federal Contract Tower,2,4,2,2,10,0,22,15,0,37,2,26,17,2,47,4,0,4,51
05/21/2020,STX,VI,ASO,ES,Federal Contract Tower,2,12,1,0,15,0,23,21,0,44,2,35,22,0,59,8,0,8,67
05/22/2020,STX,VI,ASO,ES,Federal Contract Tower,2,10,3,0,15,0,38,8,0,46,2,48,11,0,61,12,0,12,73
05/23/2020,STX,VI,ASO,ES,Federal Contract Tower,6,2,3,0,11,0,23,12,0,35,6,25,15,0,46,2,0,2,48
05/24/2020,STX,VI,ASO,ES,Federal Contract Tower,2,0,1,0,3,0,20,3,0,23,2,20,4,0,26,0,0,0,26
05/25/2020,STX,VI,ASO,ES,Federal Contract Tower,2,5,1,0,8,0,21,8,0,29,2,26,9,0,37,0,0,0,37
05/26/2020,STX,VI,ASO,ES,Federal Contract Tower,0,16,1,0,17,0,33,10,0,43,0,49,11,0,60,4,0,4,64
05/27/2020,STX,VI,ASO,ES,Federal Contract Tower,2,8,4,0,14,0,29,7,0,36,2,37,11,0,50,10,0,10,60
05/28/2020,STX,VI,ASO,ES,Federal Contract Tower,2,12,1,0,15,0,25,8,0,33,2,37,9,0,48,6,0,6,54
05/29/2020,STX,VI,ASO,ES,Federal Contract Tower,2,10,1,0,13,0,28,9,0,37,2,38,10,0,50,0,0,0,50
05/31/2020,STX,VI,ASO,ES,Federal Contract Tower,2,0,0,0,2,0,25,2,0,27,2,25,2,0,29,0,0,0,29
06/01/2020,STX,VI,ASO,ES,Federal Contract Tower,2,11,4,0,17,0,33,5,0,38,2,44,9,0,55,0,0,0,55
06/02/2020,STX,VI,ASO,ES,Federal Contract Tower,0,5,4,1,10,0,49,14,0,63,0,54,18,1,73,10,0,10,83
06/03/2020,STX,VI,ASO,ES,Federal Contract Tower,4,4,5,2,15,0,42,18,0,60,4,46,23,2,75,2,0,2,77
06/04/2020,STX,VI,ASO,ES,Federal Contract Tower,2,9,2,2,15,0,39,18,0,57,2,48,20,2,72,4,0,4,76
06/05/2020,STX,VI,ASO,ES,Federal Contract Tower,2,8,9,0,19,0,47,10,0,57,2,55,19,0,76,0,0,0,76
06/06/2020,STX,VI,ASO,ES,Federal Contract Tower,6,3,0,0,9,0,30,5,0,35,6,33,5,0,44,0,0,0,44
06/07/2020,STX,VI,ASO,ES,Federal Contract Tower,2,3,5,0,10,0,25,12,0,37,2,28,17,0,47,8,0,8,55
06/08/2020,STX,VI,ASO,ES,Federal Contract Tower,2,14,2,0,18,0,41,22,0,63,2,55,24,0,81,0,0,0,81
06/09/2020,STX,VI,ASO,ES,Federal Contract Tower,3,7,5,0,15,0,37,13,0,50,3,44,18,0,65,0,0,0,65
06/10/2020,STX,VI,ASO,ES,Federal Contract Tower,3,8,3,2,16,0,42,17,0,59,3,50,20,2,75,0,0,0,75
06/11/2020,STX,VI,ASO,ES,Federal Contract Tower,2,18,5,0,25,0,33,11,0,44,2,51,16,0,69,0,0,0,69
06/12/2020,STX,VI,ASO,ES,Federal Contract Tower,2,8,2,2,14,0,40,13,0,53,2,48,15,2,67,0,0,0,67
06/13/2020,STX,VI,ASO,ES,Federal Contract Tower,6,2,3,0,11,0,28,4,0,32,6,30,7,0,43,0,0,0,43
06/14/2020,STX,VI,ASO,ES,Federal Contract Tower,2,3,1,0,6,0,32,1,0,33,2,35,2,0,39,0,0,0,39
06/15/2020,STX,VI,ASO,ES,Federal Contract Tower,2,13,5,2,22,0,46,20,0,66,2,59,25,2,88,0,0,0,88
06/16/2020,STX,VI,ASO,ES,Federal Contract Tower,2,4,6,7,19,0,43,10,1,54,2,47,16,8,73,20,0,20,93
06/17/2020,STX,VI,ASO,ES,Federal Contract Tower,2,4,1,3,10,0,51,11,1,63,2,55,12,4,73,0,2,2,75
06/18/2020,STX,VI,ASO,ES,Federal Contract Tower,2,10,5,2,19,0,49,13,1,63,2,59,18,3,82,0,0,0,82
06/19/2020,STX,VI,ASO,ES,Federal Contract Tower,2,10,7,1,20,0,70,18,0,88,2,80,25,1,108,0,0,0,108
06/20/2020,STX,VI,ASO,ES,Federal Contract Tower,6,3,5,0,14,0,36,12,0,48,6,39,17,0,62,0,0,0,62
06/21/2020,STX,VI,ASO,ES,Federal Contract Tower,2,3,2,0,7,0,46,18,0,64,2,49,20,0,71,0,0,0,71
06/22/2020,STX,VI,ASO,ES,Federal Contract Tower,2,17,5,0,24,0,56,10,0,66,2,73,15,0,90,0,0,0,90
06/23/2020,STX,VI,ASO,ES,Federal Contract Tower,2,23,15,0,40,0,21,7,0,28,2,44,22,0,68,0,0,0,68
06/24/2020,STX,VI,ASO,ES,Federal Contract Tower,2,7,4,0,13,0,45,15,0,60,2,52,19,0,73,0,0,0,73
06/25/2020,STX,VI,ASO,ES,Federal Contract Tower,2,8,2,1,13,0,54,19,0,73,2,62,21,1,86,0,0,0,86
06/26/2020,STX,VI,ASO,ES,Federal Contract Tower,2,13,7,2,24,0,59,10,0,69,2,72,17,2,93,0,0,0,93
06/27/2020,STX,VI,ASO,ES,Federal Contract Tower,6,2,6,0,14,0,37,5,0,42,6,39,11,0,56,0,0,0,56
06/28/2020,STX,VI,ASO,ES,Federal Contract Tower,2,3,1,0,6,0,37,7,0,44,2,40,8,0,50,0,0,0,50
06/29/2020,STX,VI,ASO,ES,Federal Contract Tower,2,12,4,0,18,0,50,11,0,61,2,62,15,0,79,0,0,0,79
06/30/2020,STX,VI,ASO,ES,Federal Contract Tower,2,8,7,0,17,0,37,11,1,49,2,45,18,1,66,0,0,0,66
07/02/2020,STX,VI,ASO,ES,Federal Contract Tower,4,10,6,1,21,0,46,16,0,62,4,56,22,1,83,0,0,0,83
07/03/2020,STX,VI,ASO,ES,Federal Contract Tower,4,8,4,2,18,0,60,28,0,88,4,68,32,2,106,0,0,0,106
07/04/2020,STX,VI,ASO,ES,Federal Contract Tower,4,1,3,0,8,0,31,5,0,36,4,32,8,0,44,0,0,0,44
07/05/2020,STX,VI,ASO,ES,Federal Contract Tower,4,5,4,0,13,0,42,12,0,54,4,47,16,0,67,16,0,16,83
07/06/2020,STX,VI,ASO,ES,Federal Contract Tower,4,12,3,0,19,0,59,6,0,65,4,71,9,0,84,0,0,0,84
07/07/2020,STX,VI,ASO,ES,Federal Contract Tower,4,15,8,0,27,0,34,12,0,46,4,49,20,0,73,0,0,0,73
07/08/2020,STX,VI,ASO,ES,Federal Contract Tower,4,4,0,2,10,0,40,14,0,54,4,44,14,2,64,6,0,6,70
07/09/2020,STX,VI,ASO,ES,Federal Contract Tower,4,10,4,0,18,0,0,0,0,0,4,10,4,0,18,6,0,6,24
07/10/2020,STX,VI,ASO,ES,Federal Contract Tower,4,10,2,2,18,0,49,4,0,53,4,59,6,2,71,6,0,6,77
07/11/2020,STX,VI,ASO,ES,Federal Contract Tower,6,2,1,1,10,0,31,9,0,40,6,33,10,1,50,0,0,0,50
07/12/2020,STX,VI,ASO,ES,Federal Contract Tower,4,4,3,0,11,0,34,1,0,35,4,38,4,0,46,0,0,0,46
07/13/2020,STX,VI,ASO,ES,Federal Contract Tower,4,12,4,6,26,0,62,4,0,66,4,74,8,6,92,4,0,4,96
07/14/2020,STX,VI,ASO,ES,Federal Contract Tower,4,14,2,0,20,0,35,11,0,46,4,49,13,0,66,0,0,0,66
07/15/2020,STX,VI,ASO,ES,Federal Contract Tower,4,15,7,0,26,0,43,10,0,53,4,58,17,0,79,0,0,0,79
07/16/2020,STX,VI,ASO,ES,Federal Contract Tower,4,17,4,1,26,0,31,14,0,45,4,48,18,1,71,0,0,0,71
07/17/2020,STX,VI,ASO,ES,Federal Contract Tower,2,10,4,0,16,0,49,19,0,68,2,59,23,0,84,0,0,0,84
07/18/2020,STX,VI,ASO,ES,Federal Contract Tower,4,12,5,0,21,0,29,4,0,33,4,41,9,0,54,0,0,0,54
07/19/2020,STX,VI,ASO,ES,Federal Contract Tower,4,1,2,1,8,0,42,8,0,50,4,43,10,1,58,0,0,0,58
07/20/2020,STX,VI,ASO,ES,Federal Contract Tower,2,14,2,0,18,0,60,13,0,73,2,74,15,0,91,0,0,0,91
07/21/2020,STX,VI,ASO,ES,Federal Contract Tower,4,8,4,0,16,0,44,14,0,58,4,52,18,0,74,4,0,4,78
07/22/2020,STX,VI,ASO,ES,Federal Contract Tower,2,5,3,1,11,0,39,5,1,45,2,44,8,2,56,0,0,0,56
07/23/2020,STX,VI,ASO,ES,Federal Contract Tower,4,18,5,2,29,0,25,6,0,31,4,43,11,2,60,0,0,0,60
07/24/2020,STX,VI,ASO,ES,Federal Contract Tower,2,21,9,5,37,0,43,9,0,52,2,64,18,5,89,10,0,10,99
07/25/2020,STX,VI,ASO,ES,Federal Contract Tower,4,8,4,2,18,0,25,6,0,31,4,33,10,2,49,6,0,6,55
07/26/2020,STX,VI,ASO,ES,Federal Contract Tower,4,8,4,1,17,0,28,4,0,32,4,36,8,1,49,0,0,0,49
07/27/2020,STX,VI,ASO,ES,Federal Contract Tower,2,12,5,2,21,0,50,18,0,68,2,62,23,2,89,4,0,4,93
07/28/2020,STX,VI,ASO,ES,Federal Contract Tower,4,9,9,2,24,0,35,15,0,50,4,44,24,2,74,0,0,0,74
07/29/2020,STX,VI,ASO,ES,Federal Contract Tower,2,2,1,5,10,0,10,7,0,17,2,12,8,5,27,0,0,0,27
07/30/2020,STX,VI,ASO,ES,Federal Contract Tower,6,14,4,2,26,0,24,7,0,31,6,38,11,2,57,0,0,0,57
07/31/2020,STX,VI,ASO,ES,Federal Contract Tower,2,20,3,2,27,0,29,19,1,49,2,49,22,3,76,0,0,0,76
08/01/2020,STX,VI,ASO,ES,Federal Contract Tower,4,9,4,5,22,0,25,13,0,38,4,34,17,5,60,0,0,0,60
08/02/2020,STX,VI,ASO,ES,Federal Contract Tower,4,7,4,0,15,0,23,2,0,25,4,30,6,0,40,6,0,6,46
08/04/2020,STX,VI,ASO,ES,Federal Contract Tower,4,8,3,0,15,0,36,11,0,47,4,44,14,0,62,0,0,0,62
08/05/2020,STX,VI,ASO,ES,Federal Contract Tower,4,9,3,0,16,0,49,13,0,62,4,58,16,0,78,6,0,6,84
08/06/2020,STX,VI,ASO,ES,Federal Contract Tower,4,10,6,0,20,0,52,11,0,63,4,62,17,0,83,2,0,2,85
08/07/2020,STX,VI,ASO,ES,Federal Contract Tower,2,11,3,0,16,0,40,19,0,59,2,51,22,0,75,2,0,2,77
08/08/2020,STX,VI,ASO,ES,Federal Contract Tower,6,10,3,2,21,0,24,12,0,36,6,34,15,2,57,0,0,0,57
08/09/2020,STX,VI,ASO,ES,Federal Contract Tower,4,10,1,0,15,0,26,3,0,29,4,36,4,0,44,0,0,0,44
08/10/2020,STX,VI,ASO,ES,Federal Contract Tower,2,13,3,1,19,0,50,6,0,56,2,63,9,1,75,0,0,0,75
08/11/2020,STX,VI,ASO,ES,Federal Contract Tower,4,9,2,0,15,0,35,6,0,41,4,44,8,0,56,8,0,8,64
08/12/2020,STX,VI,ASO,ES,Federal Contract Tower,4,10,4,1,19,0,45,11,0,56,4,55,15,1,75,6,0,6,81
08/13/2020,STX,VI,ASO,ES,Federal Contract Tower,4,11,4,2,21,0,49,17,0,66,4,60,21,2,87,2,0,2,89
08/14/2020,STX,VI,ASO,ES,Federal Contract Tower,2,11,3,3,19,0,43,14,2,59,2,54,17,5,78,0,0,0,78
08/15/2020,STX,VI,ASO,ES,Federal Contract Tower,6,7,3,6,22,0,30,8,1,39,6,37,11,7,61,0,0,0,61
08/16/2020,STX,VI,ASO,ES,Federal Contract Tower,4,7,6,1,18,0,32,4,0,36,4,39,10,1,54,0,0,0,54
08/17/2020,STX,VI,ASO,ES,Federal Contract Tower,2,15,4,4,25,0,44,9,0,53,2,59,13,4,78,0,0,0,78
08/18/2020,STX,VI,ASO,ES,Federal Contract Tower,4,5,7,0,16,0,37,15,0,52,4,42,22,0,68,0,0,0,68
08/19/2020,STX,VI,ASO,ES,Federal Contract Tower,4,10,2,1,17,0,41,11,0,52,4,51,13,1,69,6,0,6,75
08/20/2020,STX,VI,ASO,ES,Federal Contract Tower,4,13,2,1,20,0,33,11,0,44,4,46,13,1,64,0,0,0,64
08/21/2020,STX,VI,ASO,ES,Federal Contract Tower,2,13,2,3,20,0,42,7,0,49,2,55,9,3,69,0,0,0,69
08/22/2020,STX,VI,ASO,ES,Federal Contract Tower,6,0,1,0,7,0,1,0,0,1,6,1,1,0,8,0,0,0,8
08/23/2020,STX,VI,ASO,ES,Federal Contract Tower,4,9,1,0,14,0,25,2,0,27,4,34,3,0,41,6,0,6,47
08/24/2020,STX,VI,ASO,ES,Federal Contract Tower,2,21,6,0,29,0,39,10,1,50,2,60,16,1,79,0,0,0,79
08/25/2020,STX,VI,ASO,ES,Federal Contract Tower,4,11,4,0,19,0,24,19,0,43,4,35,23,0,62,0,0,0,62
08/26/2020,STX,VI,ASO,ES,Federal Contract Tower,4,9,8,0,21,0,38,13,0,51,4,47,21,0,72,12,0,12,84
08/27/2020,STX,VI,ASO,ES,Federal Contract Tower,4,13,4,0,21,0,32,15,0,47,4,45,19,0,68,0,0,0,68
08/28/2020,STX,VI,ASO,ES,Federal Contract Tower,2,12,9,0,23,0,38,12,1,51,2,50,21,1,74,0,0,0,74
08/29/2020,STX,VI,ASO,ES,Federal Contract Tower,6,8,2,0,16,0,19,3,0,22,6,27,5,0,38,0,0,0,38
08/30/2020,STX,VI,ASO,ES,Federal Contract Tower,4,5,2,0,11,0,23,3,0,26,4,28,5,0,37,4,0,4,41
08/31/2020,STX,VI,ASO,ES,Federal Contract Tower,2,17,4,0,23,0,43,12,0,55,2,60,16,0,78,0,0,0,78
09/01/2020,STX,VI,ASO,ES,Federal Contract Tower,4,13,6,0,23,0,24,12,0,36,4,37,18,0,59,6,0,6,65
09/02/2020,STX,VI,ASO,ES,Federal Contract Tower,4,11,4,0,19,0,41,24,0,65,4,52,28,0,84,6,0,6,90
09/03/2020,STX,VI,ASO,ES,Federal Contract Tower,4,15,0,0,19,0,32,11,2,45,4,47,11,2,64,16,0,16,80
09/04/2020,STX,VI,ASO,ES,Federal Contract Tower,2,12,0,0,14,0,41,17,0,58,2,53,17,0,72,4,0,4,76
09/05/2020,STX,VI,ASO,ES,Federal Contract Tower,6,7,2,0,15,0,22,17,0,39,6,29,19,0,54,0,0,0,54
09/06/2020,STX,VI,ASO,ES,Federal Contract Tower,4,6,4,0,14,0,20,3,0,23,4,26,7,0,37,2,0,2,39
09/07/2020,STX,VI,ASO,ES,Federal Contract Tower,2,9,0,0,11,0,41,8,0,49,2,50,8,0,60,0,0,0,60
09/08/2020,STX,VI,ASO,ES,Federal Contract Tower,2,17,2,0,21,0,31,11,0,42,2,48,13,0,63,4,0,4,67
09/09/2020,STX,VI,ASO,ES,Federal Contract Tower,2,9,7,0,18,0,40,6,0,46,2,49,13,0,64,6,0,6,70
09/10/2020,STX,VI,ASO,ES,Federal Contract Tower,4,13,10,0,27,0,35,17,0,52,4,48,27,0,79,3,0,3,82
09/11/2020,STX,VI,ASO,ES,Federal Contract Tower,2,16,4,2,24,0,31,11,1,43,2,47,15,3,67,0,0,0,67
09/12/2020,STX,VI,ASO,ES,Federal Contract Tower,4,7,10,1,22,0,19,13,0,32,4,26,23,1,54,0,0,0,54
09/13/2020,STX,VI,ASO,ES,Federal Contract Tower,4,8,1,4,17,0,22,4,0,26,4,30,5,4,43,1,0,1,44
09/14/2020,STX,VI,ASO,ES,Federal Contract Tower,2,14,7,1,24,0,31,22,0,53,2,45,29,1,77,20,0,20,97
09/15/2020,STX,VI,ASO,ES,Federal Contract Tower,2,14,2,0,18,0,29,15,0,44,2,43,17,0,62,0,0,0,62
09/16/2020,STX,VI,ASO,ES,Federal Contract Tower,2,10,7,0,19,0,38,13,3,54,2,48,20,3,73,0,0,0,73
09/17/2020,STX,VI,ASO,ES,Federal Contract Tower,4,13,5,4,26,0,30,13,0,43,4,43,18,4,69,0,0,0,69
09/18/2020,STX,VI,ASO,ES,Federal Contract Tower,2,12,5,9,28,0,37,11,0,48,2,49,16,9,76,0,0,0,76
09/19/2020,STX,VI,ASO,ES,Federal Contract Tower,4,8,1,5,18,0,27,14,0,41,4,35,15,5,59,2,0,2,61
09/20/2020,STX,VI,ASO,ES,Federal Contract Tower,5,10,4,4,23,0,20,2,1,23,5,30,6,5,46,0,0,0,46
09/21/2020,STX,VI,ASO,ES,Federal Contract Tower,2,12,2,5,21,0,47,9,0,56,2,59,11,5,77,0,0,0,77
09/23/2020,STX,VI,ASO,ES,Federal Contract Tower,2,14,8,2,26,0,29,14,0,43,2,43,22,2,69,6,0,6,75
09/24/2020,STX,VI,ASO,ES,Federal Contract Tower,4,13,0,2,19,0,33,7,0,40,4,46,7,2,59,4,0,4,63
09/25/2020,STX,VI,ASO,ES,Federal Contract Tower,2,14,2,0,18,0,34,22,0,56,2,48,24,0,74,0,0,0,74
09/26/2020,STX,VI,ASO,ES,Federal Contract Tower,4,7,3,0,14,0,19,23,0,42,4,26,26,0,56,0,0,0,56
09/27/2020,STX,VI,ASO,ES,Federal Contract Tower,4,7,1,0,12,0,21,12,0,33,4,28,13,0,45,6,0,6,51
09/28/2020,STX,VI,ASO,ES,Federal Contract Tower,2,18,3,0,23,0,36,8,0,44,2,54,11,0,67,0,0,0,67
09/29/2020,STX,VI,ASO,ES,Federal Contract Tower,2,9,3,0,14,0,31,13,0,44,2,40,16,0,58,20,0,20,78
09/30/2020,STX,VI,ASO,ES,Federal Contract Tower,2,11,5,0,18,0,37,10,0,47,2,48,15,0,65,6,0,6,71
10/01/2020,STX,VI,ASO,ES,Federal Contract Tower,4,16,4,0,24,0,43,9,0,52,4,59,13,0,76,8,0,8,84
10/03/2020,STX,VI,ASO,ES,Federal Contract Tower,2,9,3,1,15,0,25,7,0,32,2,34,10,1,47,4,0,4,51
10/04/2020,STX,VI,ASO,ES,Federal Contract Tower,4,10,9,0,23,0,27,8,0,35,4,37,17,0,58,0,0,0,58
10/05/2020,STX,VI,ASO,ES,Federal Contract Tower,2,20,4,0,26,0,35,20,0,55,2,55,24,0,81,0,0,0,81
10/06/2020,STX,VI,ASO,ES,Federal Contract Tower,2,15,4,0,21,0,35,12,0,47,2,50,16,0,68,6,0,6,74
10/07/2020,STX,VI,ASO,ES,Federal Contract Tower,2,9,3,0,14,0,38,12,0,50,2,47,15,0,64,2,0,2,66
10/10/2020,STX,VI,ASO,ES,Federal Contract Tower,4,8,3,0,15,0,28,4,0,32,4,36,7,0,47,0,0,0,47
10/11/2020,STX,VI,ASO,ES,Federal Contract Tower,2,5,1,0,8,0,31,9,0,40,2,36,10,0,48,0,0,0,48
10/12/2020,STX,VI,ASO,ES,Federal Contract Tower,4,5,5,0,14,0,45,9,0,54,4,50,14,0,68,0,0,0,68
10/13/2020,STX,VI,ASO,ES,Federal Contract Tower,2,9,1,0,12,0,35,11,0,46,2,44,12,0,58,0,0,0,58
10/14/2020,STX,VI,ASO,ES,Federal Contract Tower,2,13,2,0,17,0,39,23,0,62,2,52,25,0,79,12,0,12,91
10/15/2020,STX,VI,ASO,ES,Federal Contract Tower,2,15,13,1,31,0,38,13,0,51,2,53,26,1,82,0,0,0,82
10/16/2020,STX,VI,ASO,ES,Federal Contract Tower,4,17,6,2,29,0,37,4,0,41,4,54,10,2,70,0,0,0,70
10/17/2020,STX,VI,ASO,ES,Federal Contract Tower,4,9,5,1,19,0,28,6,0,34,4,37,11,1,53,2,0,2,55
10/18/2020,STX,VI,ASO,ES,Federal Contract Tower,2,5,0,0,7,0,34,2,0,36,2,39,2,0,43,0,0,0,43
10/19/2020,STX,VI,ASO,ES,Federal Contract Tower,4,18,5,0,27,0,42,13,0,55,4,60,18,0,82,0,0,0,82
10/20/2020,STX,VI,ASO,ES,Federal Contract Tower,2,5,5,0,12,0,37,17,0,54,2,42,22,0,66,0,0,0,66
10/21/2020,STX,VI,ASO,ES,Federal Contract Tower,2,9,5,0,16,0,44,11,1,56,2,53,16,1,72,0,0,0,72
10/22/2020,STX,VI,ASO,ES,Federal Contract Tower,2,13,2,0,17,0,41,16,0,57,2,54,18,0,74,0,0,0,74
10/23/2020,STX,VI,ASO,ES,Federal Contract Tower,4,11,7,0,22,0,47,22,0,69,4,58,29,0,91,4,0,4,95
10/24/2020,STX,VI,ASO,ES,Federal Contract Tower,3,6,0,0,9,0,35,12,0,47,3,41,12,0,56,0,0,0,56
10/25/2020,STX,VI,ASO,ES,Federal Contract Tower,5,4,0,0,9,0,34,4,0,38,5,38,4,0,47,0,0,0,47
10/26/2020,STX,VI,ASO,ES,Federal Contract Tower,4,16,3,0,23,0,40,17,0,57,4,56,20,0,80,0,0,0,80
10/27/2020,STX,VI,ASO,ES,Federal Contract Tower,2,13,3,0,18,0,35,11,0,46,2,48,14,0,64,6,0,6,70
10/28/2020,STX,VI,ASO,ES,Federal Contract Tower,2,10,2,0,14,0,42,12,0,54,2,52,14,0,68,6,0,6,74
10/29/2020,STX,VI,ASO,ES,Federal Contract Tower,2,22,6,1,31,0,31,6,0,37,2,53,12,1,68,0,0,0,68
10/31/2020,STX,VI,ASO,ES,Federal Contract Tower,2,8,5,0,15,0,33,8,0,41,2,41,13,0,56,4,0,4,60
11/01/2020,STX,VI,ASO,ES,Federal Contract Tower,2,9,6,0,17,0,33,7,0,40,2,42,13,0,57,16,0,16,73
11/02/2020,STX,VI,ASO,ES,Federal Contract Tower,4,18,0,0,22,0,42,14,2,58,4,60,14,2,80,24,0,24,104
11/03/2020,STX,VI,ASO,ES,Federal Contract Tower,2,11,5,0,18,0,28,12,0,40,2,39,17,0,58,20,0,20,78
11/04/2020,STX,VI,ASO,ES,Federal Contract Tower,2,13,4,1,20,0,41,20,1,62,2,54,24,2,82,42,0,42,124
11/05/2020,STX,VI,ASO,ES,Federal Contract Tower,3,18,2,0,23,0,41,10,0,51,3,59,12,0,74,0,0,0,74
11/06/2020,STX,VI,ASO,ES,Federal Contract Tower,5,17,6,0,28,0,42,22,2,66,5,59,28,2,94,2,0,2,96
11/07/2020,STX,VI,ASO,ES,Federal Contract Tower,5,6,9,0,20,0,31,24,0,55,5,37,33,0,75,0,0,0,75
11/08/2020,STX,VI,ASO,ES,Federal Contract Tower,3,12,3,0,18,0,31,12,0,43,3,43,15,0,61,0,0,0,61
11/09/2020,STX,VI,ASO,ES,Federal Contract Tower,5,20,3,0,28,0,32,17,0,49,5,52,20,0,77,0,0,0,77
11/10/2020,STX,VI,ASO,ES,Federal Contract Tower,2,37,7,0,46,0,8,3,0,11,2,45,10,0,57,0,0,0,57
11/11/2020,STX,VI,ASO,ES,Federal Contract Tower,3,30,8,0,41,0,14,0,0,14,3,44,8,0,55,0,0,0,55
11/13/2020,STX,VI,ASO,ES,Federal Contract Tower,5,14,8,0,27,0,40,21,0,61,5,54,29,0,88,0,0,0,88
11/14/2020,STX,VI,ASO,ES,Federal Contract Tower,5,9,3,2,19,40,26,0,0,66,45,35,3,2,85,0,0,0,85
11/15/2020,STX,VI,ASO,ES,Federal Contract Tower,3,7,4,1,15,0,35,4,2,41,3,42,8,3,56,0,0,0,56
11/16/2020,STX,VI,ASO,ES,Federal Contract Tower,6,18,8,2,34,0,41,18,2,61,6,59,26,4,95,4,0,4,99
11/17/2020,STX,VI,ASO,ES,Federal Contract Tower,2,18,4,1,25,0,35,6,0,41,2,53,10,1,66,6,0,6,72
11/18/2020,STX,VI,ASO,ES,Federal Contract Tower,6,16,4,0,26,0,35,15,0,50,6,51,19,0,76,8,0,8,84
11/19/2020,STX,VI,ASO,ES,Federal Contract Tower,8,16,3,2,29,0,30,20,0,50,8,46,23,2,79,0,0,0,79
11/20/2020,STX,VI,ASO,ES,Federal Contract Tower,9,19,15,0,43,0,39,16,0,55,9,58,31,0,98,8,0,8,106
11/21/2020,STX,VI,ASO,ES,Federal Contract Tower,9,7,12,1,29,0,33,16,0,49,9,40,28,1,78,8,0,8,86
11/22/2020,STX,VI,ASO,ES,Federal Contract Tower,10,14,2,0,26,0,32,6,0,38,10,46,8,0,64,12,0,12,76
11/23/2020,STX,VI,ASO,ES,Federal Contract Tower,7,21,7,0,35,0,39,6,0,45,7,60,13,0,80,0,0,0,80
11/24/2020,STX,VI,ASO,ES,Federal Contract Tower,7,12,9,0,28,0,34,18,0,52,7,46,27,0,80,0,0,0,80
11/25/2020,STX,VI,ASO,ES,Federal Contract Tower,7,15,2,0,24,0,58,14,0,72,7,73,16,0,96,4,0,4,100
11/26/2020,STX,VI,ASO,ES,Federal Contract Tower,5,7,1,0,13,0,33,3,0,36,5,40,4,0,49,4,0,4,53
11/27/2020,STX,VI,ASO,ES,Federal Contract Tower,4,11,1,0,16,0,38,7,0,45,4,49,8,0,61,0,0,0,61
11/28/2020,STX,VI,ASO,ES,Federal Contract Tower,10,8,5,0,23,0,30,26,0,56,10,38,31,0,79,20,0,20,99
11/29/2020,STX,VI,ASO,ES,Federal Contract Tower,9,8,1,0,18,0,41,8,0,49,9,49,9,0,67,4,0,4,71
11/30/2020,STX,VI,ASO,ES,Federal Contract Tower,7,20,5,0,32,0,51,16,0,67,7,71,21,0,99,24,0,24,123
12/01/2020,STX,VI,ASO,ES,Federal Contract Tower,2,12,6,1,21,0,33,26,0,59,2,45,32,1,80,0,0,0,80
12/02/2020,STX,VI,ASO,ES,Federal Contract Tower,5,14,3,1,23,0,34,12,0,46,5,48,15,1,69,0,0,0,69
12/03/2020,STX,VI,ASO,ES,Federal Contract Tower,8,17,3,0,28,0,32,14,0,46,8,49,17,0,74,0,0,0,74
12/04/2020,STX,VI,ASO,ES,Federal Contract Tower,6,16,1,0,23,0,41,16,0,57,6,57,17,0,80,8,0,8,88
12/05/2020,STX,VI,ASO,ES,Federal Contract Tower,10,6,8,0,24,0,32,16,0,48,10,38,24,0,72,8,0,8,80
12/06/2020,STX,VI,ASO,ES,Federal Contract Tower,8,25,3,0,36,0,16,6,0,22,8,41,9,0,58,0,0,0,58
12/07/2020,STX,VI,ASO,ES,Federal Contract Tower,6,16,3,1,26,0,45,16,0,61,6,61,19,1,87,14,0,14,101
12/08/2020,STX,VI,ASO,ES,Federal Contract Tower,2,12,3,1,18,0,34,22,1,57,2,46,25,2,75,0,0,0,75
12/09/2020,STX,VI,ASO,ES,Federal Contract Tower,6,8,7,3,24,0,34,16,0,50,6,42,23,3,74,8,0,8,82
12/10/2020,STX,VI,ASO,ES,Federal Contract Tower,8,16,6,2,32,0,43,26,0,69,8,59,32,2,101,0,0,0,101
12/11/2020,STX,VI,ASO,ES,Federal Contract Tower,5,16,6,4,31,0,46,10,0,56,5,62,16,4,87,4,0,4,91
12/12/2020,STX,VI,ASO,ES,Federal Contract Tower,10,6,4,2,22,0,34,16,0,50,10,40,20,2,72,0,8,8,80
12/13/2020,STX,VI,ASO,ES,Federal Contract Tower,8,7,5,2,22,0,36,12,0,48,8,43,17,2,70,8,0,8,78
12/14/2020,STX,VI,ASO,ES,Federal Contract Tower,5,14,8,0,27,0,38,12,0,50,5,52,20,0,77,6,0,6,83
12/15/2020,STX,VI,ASO,ES,Federal Contract Tower,2,14,3,0,19,0,34,12,0,46,2,48,15,0,65,12,0,12,77
12/16/2020,STX,VI,ASO,ES,Federal Contract Tower,7,17,3,0,27,0,40,24,0,64,7,57,27,0,91,54,0,54,145
12/17/2020,STX,VI,ASO,ES,Federal Contract Tower,7,18,4,0,29,0,43,14,0,57,7,61,18,0,86,0,0,0,86
12/18/2020,STX,VI,ASO,ES,Federal Contract Tower,7,18,8,0,33,0,45,25,0,70,7,63,33,0,103,32,0,32,135
12/19/2020,STX,VI,ASO,ES,Federal Contract Tower,9,10,4,0,23,0,31,31,0,62,9,41,35,0,85,40,0,40,125
12/20/2020,STX,VI,ASO,ES,Federal Contract Tower,7,11,13,0,31,0,30,5,0,35,7,41,18,0,66,0,0,0,66
12/21/2020,STX,VI,ASO,ES,Federal Contract Tower,9,16,6,0,31,0,35,6,0,41,9,51,12,0,72,20,0,20,92
12/22/2020,STX,VI,ASO,ES,Federal Contract Tower,8,16,9,0,33,0,29,9,0,38,8,45,18,0,71,0,0,0,71
12/23/2020,STX,VI,ASO,ES,Federal Contract Tower,9,19,1,0,29,0,50,15,0,65,9,69,16,0,94,0,0,0,94
12/24/2020,STX,VI,ASO,ES,Federal Contract Tower,6,20,0,0,26,0,24,3,0,27,6,44,3,0,53,0,0,0,53
12/25/2020,STX,VI,ASO,ES,Federal Contract Tower,6,6,0,0,12,0,26,2,0,28,6,32,2,0,40,0,0,0,40
12/26/2020,STX,VI,ASO,ES,Federal Contract Tower,9,8,1,0,18,0,31,5,0,36,9,39,6,0,54,0,0,0,54
12/27/2020,STX,VI,ASO,ES,Federal Contract Tower,8,7,15,0,30,0,33,3,0,36,8,40,18,0,66,0,0,0,66
12/28/2020,STX,VI,ASO,ES,Federal Contract Tower,10,18,2,0,30,0,32,8,0,40,10,50,10,0,70,24,0,24,94
12/29/2020,STX,VI,ASO,ES,Federal Contract Tower,8,16,4,0,28,0,29,16,0,45,8,45,20,0,73,6,0,6,79
12/30/2020,STX,VI,ASO,ES,Federal Contract Tower,10,13,3,0,26,0,30,11,0,41,10,43,14,0,67,0,0,0,67
12/31/2020,STX,VI,ASO,ES,Federal Contract Tower,5,14,3,0,22,0,28,8,0,36,5,42,11,0,58,0,0,0,58
01/01/2021,STX,VI,ASO,ES,Federal Contract Tower,5,10,2,0,17,0,20,4,0,24,5,30,6,0,41,0,0,0,41
01/02/2021,STX,VI,ASO,ES,Federal Contract Tower,10,11,5,0,26,0,26,11,0,37,10,37,16,0,63,0,0,0,63
01/03/2021,STX,VI,ASO,ES,Federal Contract Tower,8,10,7,0,25,0,30,6,0,36,8,40,13,0,61,0,0,0,61
01/04/2021,STX,VI,ASO,ES,Federal Contract Tower,10,30,7,0,47,0,18,4,0,22,10,48,11,0,69,0,0,0,69
01/05/2021,STX,VI,ASO,ES,Federal Contract Tower,6,15,1,0,22,0,25,9,0,34,6,40,10,0,56,4,0,4,60
01/06/2021,STX,VI,ASO,ES,Federal Contract Tower,10,13,6,0,29,0,28,7,0,35,10,41,13,0,64,8,0,8,72
01/07/2021,STX,VI,ASO,ES,Federal Contract Tower,7,14,2,0,23,0,43,12,0,55,7,57,14,0,78,0,0,0,78
01/08/2021,STX,VI,ASO,ES,Federal Contract Tower,9,16,5,0,30,0,37,11,0,48,9,53,16,0,78,0,0,0,78
01/09/2021,STX,VI,ASO,ES,Federal Contract Tower,9,8,7,0,24,0,20,10,0,30,9,28,17,0,54,0,0,0,54
01/10/2021,STX,VI,ASO,ES,Federal Contract Tower,7,7,3,0,17,0,44,9,0,53,7,51,12,0,70,0,0,0,70
01/11/2021,STX,VI,ASO,ES,Federal Contract Tower,9,23,4,0,36,0,36,15,0,51,9,59,19,0,87,0,0,0,87
01/12/2021,STX,VI,ASO,ES,Federal Contract Tower,5,15,1,2,23,0,33,27,0,60,5,48,28,2,83,8,0,8,91
01/13/2021,STX,VI,ASO,ES,Federal Contract Tower,7,13,5,0,25,0,36,19,1,56,7,49,24,1,81,10,0,10,91
01/14/2021,STX,VI,ASO,ES,Federal Contract Tower,7,13,4,1,25,0,33,18,0,51,7,46,22,1,76,4,0,4,80
01/15/2021,STX,VI,ASO,ES,Federal Contract Tower,9,20,4,0,33,0,36,17,0,53,9,56,21,0,86,22,0,22,108
01/16/2021,STX,VI,ASO,ES,Federal Contract Tower,9,6,2,0,17,0,16,8,0,24,9,22,10,0,41,2,0,2,43
01/17/2021,STX,VI,ASO,ES,Federal Contract Tower,7,15,2,1,25,0,19,5,0,24,7,34,7,1,49,12,0,12,61
01/18/2021,STX,VI,ASO,ES,Federal Contract Tower,9,9,3,0,21,0,35,13,0,48,9,44,16,0,69,6,0,6,75
01/19/2021,STX,VI,ASO,ES,Federal Contract Tower,5,16,2,0,23,0,26,16,0,42,5,42,18,0,65,6,0,6,71
01/20/2021,STX,VI,ASO,ES,Federal Contract Tower,8,13,4,0,25,0,26,10,0,36,8,39,14,0,61,6,0,6,67
01/21/2021,STX,VI,ASO,ES,Federal Contract Tower,6,13,6,0,25,0,32,19,0,51,6,45,25,0,76,16,0,16,92
01/22/2021,STX,VI,ASO,ES,Federal Contract Tower,9,13,4,0,26,0,30,21,0,51,9,43,25,0,77,50,0,50,127
01/23/2021,STX,VI,ASO,ES,Federal Contract Tower,9,8,1,0,18,0,22,10,0,32,9,30,11,0,50,0,0,0,50
01/24/2021,STX,VI,ASO,ES,Federal Contract Tower,7,7,7,0,21,0,24,4,0,28,7,31,11,0,49,0,0,0,49
01/25/2021,STX,VI,ASO,ES,Federal Contract Tower,9,16,5,4,34,0,34,17,1,52,9,50,22,5,86,0,0,0,86
01/26/2021,STX,VI,ASO,ES,Federal Contract Tower,5,8,6,1,20,0,33,25,0,58,5,41,31,1,78,18,0,18,96
01/27/2021,STX,VI,ASO,ES,Federal Contract Tower,7,12,12,0,31,0,36,18,0,54,7,48,30,0,85,24,0,24,109
01/28/2021,STX,VI,ASO,ES,Federal Contract Tower,8,15,2,2,27,0,34,28,3,65,8,49,30,5,92,2,0,2,94
01/29/2021,STX,VI,ASO,ES,Federal Contract Tower,10,14,10,1,35,0,29,39,1,69,10,43,49,2,104,12,2,14,118
01/30/2021,STX,VI,ASO,ES,Federal Contract Tower,9,11,5,2,27,0,19,8,0,27,9,30,13,2,54,14,0,14,68
01/31/2021,STX,VI,ASO,ES,Federal Contract Tower,6,10,1,0,17,0,25,8,0,33,6,35,9,0,50,0,0,0,50
02/01/2021,STX,VI,ASO,ES,Federal Contract Tower,10,10,3,0,23,0,35,6,0,41,10,45,9,0,64,0,0,0,64
02/02/2021,STX,VI,ASO,ES,Federal Contract Tower,5,11,2,1,19,0,28,21,0,49,5,39,23,1,68,12,0,12,80
02/03/2021,STX,VI,ASO,ES,Federal Contract Tower,7,9,2,0,18,0,32,16,0,48,7,41,18,0,66,0,0,0,66
02/04/2021,STX,VI,ASO,ES,Federal Contract Tower,7,14,4,0,25,0,37,13,0,50,7,51,17,0,75,14,0,14,89
02/05/2021,STX,VI,ASO,ES,Federal Contract Tower,9,10,5,1,25,0,43,10,2,55,9,53,15,3,80,14,0,14,94
02/06/2021,STX,VI,ASO,ES,Federal Contract Tower,9,6,4,1,20,0,28,10,0,38,9,34,14,1,58,2,0,2,60
02/07/2021,STX,VI,ASO,ES,Federal Contract Tower,7,11,2,1,21,0,28,17,0,45,7,39,19,1,66,12,0,12,78
02/08/2021,STX,VI,ASO,ES,Federal Contract Tower,9,13,9,0,31,0,38,21,0,59,9,51,30,0,90,24,0,24,114
02/09/2021,STX,VI,ASO,ES,Federal Contract Tower,5,11,3,0,19,0,31,14,0,45,5,42,17,0,64,14,0,14,78
02/10/2021,STX,VI,ASO,ES,Federal Contract Tower,5,12,8,0,25,0,30,17,0,47,5,42,25,0,72,10,0,10,82
02/11/2021,STX,VI,ASO,ES,Federal Contract Tower,9,13,7,0,29,0,35,25,0,60,9,48,32,0,89,2,0,2,91
02/12/2021,STX,VI,ASO,ES,Federal Contract Tower,9,16,4,1,30,0,43,16,2,61,9,59,20,3,91,8,0,8,99
02/13/2021,STX,VI,ASO,ES,Federal Contract Tower,9,7,2,1,19,0,25,12,0,37,9,32,14,1,56,0,0,0,56
02/14/2021,STX,VI,ASO,ES,Federal Contract Tower,9,8,2,0,19,0,32,9,0,41,9,40,11,0,60,0,0,0,60
02/15/2021,STX,VI,ASO,ES,Federal Contract Tower,9,13,6,0,28,0,39,19,0,58,9,52,25,0,86,6,0,6,92
02/16/2021,STX,VI,ASO,ES,Federal Contract Tower,5,9,1,1,16,0,36,15,1,52,5,45,16,2,68,6,0,6,74
02/17/2021,STX,VI,ASO,ES,Federal Contract Tower,5,13,5,0,23,0,32,10,0,42,5,45,15,0,65,12,0,12,77
02/18/2021,STX,VI,ASO,ES,Federal Contract Tower,9,15,5,0,29,0,38,14,0,52,9,53,19,0,81,2,0,2,83
02/19/2021,STX,VI,ASO,ES,Federal Contract Tower,9,7,2,0,18,0,40,25,0,65,9,47,27,0,83,14,0,14,97
02/20/2021,STX,VI,ASO,ES,Federal Contract Tower,9,9,4,0,22,0,27,12,0,39,9,36,16,0,61,14,0,14,75
02/21/2021,STX,VI,ASO,ES,Federal Contract Tower,9,8,2,0,19,0,26,11,0,37,9,34,13,0,56,14,0,14,70
02/22/2021,STX,VI,ASO,ES,Federal Contract Tower,9,19,4,0,32,0,43,14,0,57,9,62,18,0,89,18,0,18,107
02/23/2021,STX,VI,ASO,ES,Federal Contract Tower,5,10,4,0,19,0,37,19,0,56,5,47,23,0,75,10,0,10,85
02/24/2021,STX,VI,ASO,ES,Federal Contract Tower,5,11,2,0,18,0,43,19,0,62,5,54,21,0,80,28,0,28,108
02/25/2021,STX,VI,ASO,ES,Federal Contract Tower,9,12,2,0,23,0,44,22,0,66,9,56,24,0,89,48,0,48,137
02/26/2021,STX,VI,ASO,ES,Federal Contract Tower,9,25,3,0,37,0,44,38,0,82,9,69,41,0,119,32,0,32,151
02/27/2021,STX,VI,ASO,ES,Federal Contract Tower,9,10,7,0,26,0,27,15,0,42,9,37,22,0,68,16,0,16,84
02/28/2021,STX,VI,ASO,ES,Federal Contract Tower,9,5,3,0,17,0,39,6,0,45,9,44,9,0,62,0,0,0,62
03/01/2021,STX,VI,ASO,ES,Federal Contract Tower,9,17,4,0,30,0,41,11,0,52,9,58,15,0,82,10,0,10,92
03/02/2021,STX,VI,ASO,ES,Federal Contract Tower,7,10,1,0,18,0,31,25,0,56,7,41,26,0,74,12,0,12,86
03/03/2021,STX,VI,ASO,ES,Federal Contract Tower,7,12,9,0,28,0,40,11,0,51,7,52,20,0,79,0,0,0,79
03/04/2021,STX,VI,ASO,ES,Federal Contract Tower,9,12,1,0,22,0,41,21,0,62,9,53,22,0,84,0,0,0,84
03/05/2021,STX,VI,ASO,ES,Federal Contract Tower,10,14,8,0,32,0,50,20,0,70,10,64,28,0,102,12,0,12,114
03/06/2021,STX,VI,ASO,ES,Federal Contract Tower,9,8,2,0,19,0,32,8,0,40,9,40,10,0,59,6,0,6,65
03/07/2021,STX,VI,ASO,ES,Federal Contract Tower,9,8,2,0,19,0,42,9,0,51,9,50,11,0,70,16,0,16,86
03/08/2021,STX,VI,ASO,ES,Federal Contract Tower,9,13,3,0,25,0,43,12,0,55,9,56,15,0,80,0,0,0,80
03/09/2021,STX,VI,ASO,ES,Federal Contract Tower,7,11,3,0,21,0,39,21,0,60,7,50,24,0,81,0,0,0,81
03/10/2021,STX,VI,ASO,ES,Federal Contract Tower,9,9,6,0,24,0,42,13,0,55,9,51,19,0,79,0,0,0,79
03/11/2021,STX,VI,ASO,ES,Federal Contract Tower,9,16,2,0,27,0,43,17,0,60,9,59,19,0,87,8,0,8,95
03/12/2021,STX,VI,ASO,ES,Federal Contract Tower,9,13,4,1,27,0,51,22,2,75,9,64,26,3,102,30,0,30,132
03/13/2021,STX,VI,ASO,ES,Federal Contract Tower,9,8,2,0,19,0,31,14,0,45,9,39,16,0,64,2,0,2,66
03/14/2021,STX,VI,ASO,ES,Federal Contract Tower,10,6,2,2,20,0,33,0,0,33,10,39,2,2,53,0,0,0,53
03/15/2021,STX,VI,ASO,ES,Federal Contract Tower,10,18,14,1,43,0,48,16,1,65,10,66,30,2,108,0,2,2,110
03/16/2021,STX,VI,ASO,ES,Federal Contract Tower,10,11,3,1,25,0,40,21,0,61,10,51,24,1,86,0,0,0,86
03/17/2021,STX,VI,ASO,ES,Federal Contract Tower,10,15,8,3,36,0,40,9,0,49,10,55,17,3,85,0,8,8,93
03/18/2021,STX,VI,ASO,ES,Federal Contract Tower,10,15,2,1,28,0,50,25,1,76,10,65,27,2,104,24,0,24,128
03/19/2021,STX,VI,ASO,ES,Federal Contract Tower,10,18,3,0,31,0,52,9,0,61,10,70,12,0,92,2,0,2,94
03/20/2021,STX,VI,ASO,ES,Federal Contract Tower,11,8,3,0,22,0,38,7,0,45,11,46,10,0,67,0,0,0,67
03/21/2021,STX,VI,ASO,ES,Federal Contract Tower,11,9,2,0,22,0,29,19,0,48,11,38,21,0,70,0,0,0,70
03/22/2021,STX,VI,ASO,ES,Federal Contract Tower,10,11,4,0,25,0,54,17,0,71,10,65,21,0,96,36,0,36,132
03/23/2021,STX,VI,ASO,ES,Federal Contract Tower,10,9,2,1,22,0,40,34,0,74,10,49,36,1,96,6,0,6,102
03/24/2021,STX,VI,ASO,ES,Federal Contract Tower,10,12,6,1,29,0,40,15,0,55,10,52,21,1,84,42,0,42,126
03/25/2021,STX,VI,ASO,ES,Federal Contract Tower,12,14,2,0,28,0,45,23,0,68,12,59,25,0,96,58,0,58,154
03/26/2021,STX,VI,ASO,ES,Federal Contract Tower,10,14,1,0,25,0,54,25,0,79,10,68,26,0,104,4,0,4,108
03/27/2021,STX,VI,ASO,ES,Federal Contract Tower,9,6,8,1,24,0,35,13,0,48,9,41,21,1,72,14,0,14,86
03/28/2021,STX,VI,ASO,ES,Federal Contract Tower,10,11,7,0,28,0,38,17,0,55,10,49,24,0,83,2,0,2,85
03/29/2021,STX,VI,ASO,ES,Federal Contract Tower,9,15,6,1,31,0,45,14,0,59,9,60,20,1,90,2,0,2,92
03/30/2021,STX,VI,ASO,ES,Federal Contract Tower,10,12,8,0,30,0,42,14,0,56,10,54,22,0,86,0,0,0,86
03/31/2021,STX,VI,ASO,ES,Federal Contract Tower,10,12,1,0,23,0,48,5,0,53,10,60,6,0,76,0,0,0,76
04/01/2021,STX,VI,ASO,ES,Federal Contract Tower,10,14,1,0,25,0,64,19,0,83,10,78,20,0,108,20,0,20,128
04/02/2021,STX,VI,ASO,ES,Federal Contract Tower,8,29,5,0,42,0,33,12,0,45,8,62,17,0,87,20,0,20,107
04/03/2021,STX,VI,ASO,ES,Federal Contract Tower,10,10,4,0,24,0,28,2,0,30,10,38,6,0,54,0,0,0,54
04/04/2021,STX,VI,ASO,ES,Federal Contract Tower,8,6,5,0,19,0,39,12,0,51,8,45,17,0,70,4,0,4,74
04/05/2021,STX,VI,ASO,ES,Federal Contract Tower,8,16,5,0,29,0,52,16,0,68,8,68,21,0,97,8,0,8,105
04/06/2021,STX,VI,ASO,ES,Federal Contract Tower,8,9,5,0,22,0,46,13,0,59,8,55,18,0,81,30,0,30,111
04/07/2021,STX,VI,ASO,ES,Federal Contract Tower,8,13,4,0,25,0,40,22,0,62,8,53,26,0,87,20,0,20,107
04/08/2021,STX,VI,ASO,ES,Federal Contract Tower,8,14,2,0,24,0,44,31,0,75,8,58,33,0,99,38,0,38,137
04/09/2021,STX,VI,ASO,ES,Federal Contract Tower,8,15,1,0,24,0,59,11,0,70,8,74,12,0,94,24,0,24,118
04/10/2021,STX,VI,ASO,ES,Federal Contract Tower,10,10,3,0,23,0,35,9,0,44,10,45,12,0,67,0,0,0,67
04/11/2021,STX,VI,ASO,ES,Federal Contract Tower,5,11,3,0,19,0,28,7,0,35,5,39,10,0,54,0,0,0,54
04/12/2021,STX,VI,ASO,ES,Federal Contract Tower,8,15,4,3,30,0,44,8,0,52,8,59,12,3,82,6,0,6,88
04/13/2021,STX,VI,ASO,ES,Federal Contract Tower,8,17,7,2,34,0,40,31,6,77,8,57,38,8,111,32,0,32,143
04/14/2021,STX,VI,ASO,ES,Federal Contract Tower,6,11,0,1,18,0,43,10,7,60,6,54,10,8,78,0,0,0,78
04/15/2021,STX,VI,ASO,ES,Federal Contract Tower,8,15,9,0,32,0,45,28,6,79,8,60,37,6,111,20,0,20,131
04/16/2021,STX,VI,ASO,ES,Federal Contract Tower,8,18,4,0,30,0,44,15,3,62,8,62,19,3,92,26,0,26,118
04/17/2021,STX,VI,ASO,ES,Federal Contract Tower,11,7,3,0,21,0,29,10,0,39,11,36,13,0,60,2,0,2,62
04/18/2021,STX,VI,ASO,ES,Federal Contract Tower,9,8,1,0,18,0,33,21,7,61,9,41,22,7,79,32,0,32,111
04/19/2021,STX,VI,ASO,ES,Federal Contract Tower,8,17,4,2,31,0,38,23,9,70,8,55,27,11,101,46,32,78,179
04/20/2021,STX,VI,ASO,ES,Federal Contract Tower,6,10,4,0,20,0,41,17,8,66,6,51,21,8,86,12,8,20,106
04/21/2021,STX,VI,ASO,ES,Federal Contract Tower,6,18,8,1,33,0,32,14,10,56,6,50,22,11,89,28,22,50,139
04/22/2021,STX,VI,ASO,ES,Federal Contract Tower,8,14,7,2,31,0,44,21,10,75,8,58,28,12,106,12,18,30,136
04/23/2021,STX,VI,ASO,ES,Federal Contract Tower,7,9,3,0,19,0,59,12,2,73,7,68,15,2,92,20,0,20,112
04/25/2021,STX,VI,ASO,ES,Federal Contract Tower,8,9,4,2,23,0,30,14,0,44,8,39,18,2,67,0,0,0,67
04/26/2021,STX,VI,ASO,ES,Federal Contract Tower,8,18,4,2,32,0,37,19,0,56,8,55,23,2,88,14,0,14,102
04/27/2021,STX,VI,ASO,ES,Federal Contract Tower,6,14,5,4,29,0,31,4,0,35,6,45,9,4,64,0,0,0,64
04/28/2021,STX,VI,ASO,ES,Federal Contract Tower,6,27,10,2,45,0,28,15,0,43,6,55,25,2,88,14,0,14,102
04/29/2021,STX,VI,ASO,ES,Federal Contract Tower,7,21,7,1,36,0,35,29,1,65,7,56,36,2,101,10,0,10,111
04/30/2021,STX,VI,ASO,ES,Federal Contract Tower,8,13,7,2,30,0,48,20,0,68,8,61,27,2,98,20,0,20,118
05/01/2021,STX,VI,ASO,ES,Federal Contract Tower,10,6,3,0,19,0,26,9,0,35,10,32,12,0,54,10,0,10,64
05/02/2021,STX,VI,ASO,ES,Federal Contract Tower,8,6,6,0,20,0,23,10,0,33,8,29,16,0,53,4,0,4,57
05/03/2021,STX,VI,ASO,ES,Federal Contract Tower,8,19,4,2,33,0,35,12,0,47,8,54,16,2,80,18,0,18,98
05/04/2021,STX,VI,ASO,ES,Federal Contract Tower,6,13,1,0,20,0,35,19,0,54,6,48,20,0,74,4,0,4,78
05/05/2021,STX,VI,ASO,ES,Federal Contract Tower,8,13,1,0,22,0,40,4,0,44,8,53,5,0,66,22,0,22,88
05/06/2021,STX,VI,ASO,ES,Federal Contract Tower,7,17,1,0,25,0,41,17,1,59,7,58,18,1,84,8,0,8,92
05/07/2021,STX,VI,ASO,ES,Federal Contract Tower,6,11,5,0,22,0,58,10,0,68,6,69,15,0,90,8,16,24,114
05/08/2021,STX,VI,ASO,ES,Federal Contract Tower,8,8,4,0,20,0,27,10,0,37,8,35,14,0,57,0,0,0,57
05/09/2021,STX,VI,ASO,ES,Federal Contract Tower,6,7,2,0,15,0,29,7,0,36,6,36,9,0,51,0,0,0,51
05/10/2021,STX,VI,ASO,ES,Federal Contract Tower,6,20,8,1,35,0,50,12,2,64,6,70,20,3,99,0,2,2,101
05/11/2021,STX,VI,ASO,ES,Federal Contract Tower,6,14,3,3,26,0,38,18,0,56,6,52,21,3,82,0,0,0,82
05/12/2021,STX,VI,ASO,ES,Federal Contract Tower,6,11,5,0,22,0,36,12,3,51,6,47,17,3,73,0,0,0,73
05/13/2021,STX,VI,ASO,ES,Federal Contract Tower,6,19,2,0,27,0,48,21,2,71,6,67,23,2,98,0,0,0,98
05/14/2021,STX,VI,ASO,ES,Federal Contract Tower,7,11,3,0,21,0,61,31,0,92,7,72,34,0,113,0,0,0,113
05/15/2021,STX,VI,ASO,ES,Federal Contract Tower,9,9,2,1,21,0,28,9,1,38,9,37,11,2,59,0,0,0,59
05/16/2021,STX,VI,ASO,ES,Federal Contract Tower,6,6,5,1,18,0,32,20,3,55,6,38,25,4,73,0,0,0,73
05/17/2021,STX,VI,ASO,ES,Federal Contract Tower,6,15,4,1,26,0,43,24,3,70,6,58,28,4,96,26,0,26,122
05/18/2021,STX,VI,ASO,ES,Federal Contract Tower,6,11,9,1,27,0,42,24,2,68,6,53,33,3,95,40,0,40,135
05/19/2021,STX,VI,ASO,ES,Federal Contract Tower,6,13,8,0,27,0,38,16,1,55,6,51,24,1,82,0,0,0,82
05/20/2021,STX,VI,ASO,ES,Federal Contract Tower,6,18,0,0,24,0,42,29,1,72,6,60,29,1,96,42,0,42,138
05/21/2021,STX,VI,ASO,ES,Federal Contract Tower,6,9,4,1,20,0,47,10,0,57,6,56,14,1,77,0,0,0,77
05/22/2021,STX,VI,ASO,ES,Federal Contract Tower,8,7,5,0,20,0,31,15,0,46,8,38,20,0,66,10,0,10,76
05/23/2021,STX,VI,ASO,ES,Federal Contract Tower,6,15,7,1,29,0,15,1,0,16,6,30,8,1,45,0,0,0,45
05/24/2021,STX,VI,ASO,ES,Federal Contract Tower,6,13,8,1,28,0,45,20,2,67,6,58,28,3,95,42,0,42,137
05/25/2021,STX,VI,ASO,ES,Federal Contract Tower,6,11,7,3,27,0,48,24,0,72,6,59,31,3,99,22,0,22,121
05/26/2021,STX,VI,ASO,ES,Federal Contract Tower,6,12,5,0,23,0,55,20,0,75,6,67,25,0,98,8,0,8,106
05/27/2021,STX,VI,ASO,ES,Federal Contract Tower,5,14,3,0,22,0,46,29,2,77,5,60,32,2,99,12,0,12,111
05/28/2021,STX,VI,ASO,ES,Federal Contract Tower,6,21,8,1,36,0,40,15,0,55,6,61,23,1,91,2,0,2,93
05/29/2021,STX,VI,ASO,ES,Federal Contract Tower,8,5,8,0,21,0,40,10,0,50,8,45,18,0,71,4,0,4,75
05/30/2021,STX,VI,ASO,ES,Federal Contract Tower,6,6,0,0,12,0,26,7,0,33,6,32,7,0,45,2,0,2,47
05/31/2021,STX,VI,ASO,ES,Federal Contract Tower,8,14,5,0,27,0,42,13,0,55,8,56,18,0,82,0,0,0,82
06/01/2021,STX,VI,ASO,ES,Federal Contract Tower,6,13,9,0,28,0,46,14,2,62,6,59,23,2,90,0,0,0,90
06/02/2021,STX,VI,ASO,ES,Federal Contract Tower,6,12,4,0,22,0,42,9,0,51,6,54,13,0,73,0,0,0,73
06/03/2021,STX,VI,ASO,ES,Federal Contract Tower,9,11,1,0,21,0,43,19,0,62,9,54,20,0,83,0,0,0,83
06/04/2021,STX,VI,ASO,ES,Federal Contract Tower,10,11,0,0,21,0,45,9,0,54,10,56,9,0,75,0,0,0,75
06/05/2021,STX,VI,ASO,ES,Federal Contract Tower,10,9,7,0,26,0,23,8,2,33,10,32,15,2,59,0,0,0,59
06/06/2021,STX,VI,ASO,ES,Federal Contract Tower,8,7,3,0,18,0,34,15,0,49,8,41,18,0,67,0,0,0,67
06/07/2021,STX,VI,ASO,ES,Federal Contract Tower,10,21,13,0,44,0,40,8,2,50,10,61,21,2,94,22,0,22,116
06/08/2021,STX,VI,ASO,ES,Federal Contract Tower,10,13,8,2,33,0,36,10,0,46,10,49,18,2,79,0,0,0,79
06/09/2021,STX,VI,ASO,ES,Federal Contract Tower,10,16,5,1,32,0,32,19,1,52,10,48,24,2,84,22,20,42,126
06/10/2021,STX,VI,ASO,ES,Federal Contract Tower,10,27,7,2,46,0,31,19,4,54,10,58,26,6,100,22,0,22,122
06/11/2021,STX,VI,ASO,ES,Federal Contract Tower,10,18,4,2,34,0,40,6,1,47,10,58,10,3,81,0,0,0,81
06/12/2021,STX,VI,ASO,ES,Federal Contract Tower,8,9,4,1,22,0,38,21,1,60,8,47,25,2,82,0,0,0,82
06/13/2021,STX,VI,ASO,ES,Federal Contract Tower,10,6,2,0,18,0,28,11,0,39,10,34,13,0,57,2,0,2,59
06/14/2021,STX,VI,ASO,ES,Federal Contract Tower,10,17,4,0,31,0,39,26,5,70,10,56,30,5,101,16,0,16,117
06/15/2021,STX,VI,ASO,ES,Federal Contract Tower,10,10,4,0,24,0,46,23,0,69,10,56,27,0,93,0,0,0,93
06/16/2021,STX,VI,ASO,ES,Federal Contract Tower,10,17,5,0,32,0,41,26,0,67,10,58,31,0,99,16,0,16,115
06/17/2021,STX,VI,ASO,ES,Federal Contract Tower,13,16,9,0,38,0,34,11,0,45,13,50,20,0,83,4,0,4,87
06/18/2021,STX,VI,ASO,ES,Federal Contract Tower,10,16,6,0,32,0,54,22,0,76,10,70,28,0,108,28,0,28,136
06/19/2021,STX,VI,ASO,ES,Federal Contract Tower,10,11,3,0,24,0,26,11,0,37,10,37,14,0,61,0,0,0,61
06/20/2021,STX,VI,ASO,ES,Federal Contract Tower,10,7,1,0,18,0,34,7,1,42,10,41,8,1,60,0,0,0,60
06/21/2021,STX,VI,ASO,ES,Federal Contract Tower,10,14,6,0,30,0,50,11,0,61,10,64,17,0,91,6,0,6,97
06/22/2021,STX,VI,ASO,ES,Federal Contract Tower,10,12,10,2,34,0,38,12,0,50,10,50,22,2,84,0,0,0,84
06/23/2021,STX,VI,ASO,ES,Federal Contract Tower,10,10,4,0,24,0,48,15,0,63,10,58,19,0,87,0,0,0,87
06/24/2021,STX,VI,ASO,ES,Federal Contract Tower,10,22,0,1,33,0,48,21,0,69,10,70,21,1,102,10,0,10,112
06/25/2021,STX,VI,ASO,ES,Federal Contract Tower,10,16,14,0,40,0,56,8,0,64,10,72,22,0,104,6,0,6,110
06/26/2021,STX,VI,ASO,ES,Federal Contract Tower,10,9,0,0,19,0,27,11,0,38,10,36,11,0,57,8,0,8,65
06/27/2021,STX,VI,ASO,ES,Federal Contract Tower,9,8,0,0,17,0,35,10,0,45,9,43,10,0,62,4,0,4,66
06/28/2021,STX,VI,ASO,ES,Federal Contract Tower,9,22,4,1,36,0,44,16,0,60,9,66,20,1,96,8,0,8,104
06/29/2021,STX,VI,ASO,ES,Federal Contract Tower,9,10,9,0,28,0,46,17,0,63,9,56,26,0,91,2,0,2,93
06/30/2021,STX,VI,ASO,ES,Federal Contract Tower,9,18,3,1,31,0,39,13,2,54,9,57,16,3,85,0,0,0,85
07/01/2021,STX,VI,ASO,ES,Federal Contract Tower,13,21,1,0,35,0,47,15,0,62,13,68,16,0,97,8,0,8,105
07/02/2021,STX,VI,ASO,ES,Federal Contract Tower,10,19,3,0,32,0,51,13,0,64,10,70,16,0,96,0,0,0,96
07/03/2021,STX,VI,ASO,ES,Federal Contract Tower,10,9,5,0,24,0,32,4,0,36,10,41,9,0,60,0,0,0,60
07/04/2021,STX,VI,ASO,ES,Federal Contract Tower,10,6,2,0,18,0,35,13,1,49,10,41,15,1,67,4,0,4,71
07/05/2021,STX,VI,ASO,ES,Federal Contract Tower,10,10,9,0,29,0,47,15,0,62,10,57,24,0,91,18,0,18,109
07/06/2021,STX,VI,ASO,ES,Federal Contract Tower,10,10,0,0,20,0,50,22,0,72,10,60,22,0,92,14,0,14,106
07/07/2021,STX,VI,ASO,ES,Federal Contract Tower,10,12,5,2,29,0,46,14,0,60,10,58,19,2,89,0,0,0,89
07/08/2021,STX,VI,ASO,ES,Federal Contract Tower,10,24,1,0,35,0,43,13,0,56,10,67,14,0,91,0,0,0,91
07/09/2021,STX,VI,ASO,ES,Federal Contract Tower,10,23,6,2,41,0,52,23,0,75,10,75,29,2,116,0,0,0,116
07/10/2021,STX,VI,ASO,ES,Federal Contract Tower,10,8,4,2,24,0,27,3,0,30,10,35,7,2,54,0,0,0,54
07/11/2021,STX,VI,ASO,ES,Federal Contract Tower,10,7,1,0,18,0,28,5,0,33,10,35,6,0,51,0,0,0,51
07/12/2021,STX,VI,ASO,ES,Federal Contract Tower,7,23,9,0,39,0,40,15,0,55,7,63,24,0,94,12,0,12,106
07/13/2021,STX,VI,ASO,ES,Federal Contract Tower,9,13,7,0,29,0,49,11,0,60,9,62,18,0,89,6,0,6,95
07/14/2021,STX,VI,ASO,ES,Federal Contract Tower,11,13,7,1,32,0,44,21,0,65,11,57,28,1,97,0,0,0,97
07/15/2021,STX,VI,ASO,ES,Federal Contract Tower,10,15,2,1,28,0,44,23,11,78,10,59,25,12,106,0,0,0,106
07/16/2021,STX,VI,ASO,ES,Federal Contract Tower,10,15,7,0,32,0,60,15,0,75,10,75,22,0,107,0,0,0,107
07/17/2021,STX,VI,ASO,ES,Federal Contract Tower,10,9,2,0,21,0,27,7,0,34,10,36,9,0,55,0,0,0,55
07/18/2021,STX,VI,ASO,ES,Federal Contract Tower,10,6,3,0,19,0,36,8,0,44,10,42,11,0,63,0,0,0,63
07/19/2021,STX,VI,ASO,ES,Federal Contract Tower,10,17,6,0,33,0,45,21,0,66,10,62,27,0,99,2,0,2,101
07/20/2021,STX,VI,ASO,ES,Federal Contract Tower,10,13,9,0,32,0,52,13,0,65,10,65,22,0,97,4,0,4,101
07/21/2021,STX,VI,ASO,ES,Federal Contract Tower,10,15,5,0,30,0,46,13,1,60,10,61,18,1,90,6,0,6,96
07/22/2021,STX,VI,ASO,ES,Federal Contract Tower,10,15,6,0,31,0,46,18,0,64,10,61,24,0,95,0,0,0,95
07/23/2021,STX,VI,ASO,ES,Federal Contract Tower,9,18,3,0,30,0,47,13,0,60,9,65,16,0,90,0,0,0,90
07/24/2021,STX,VI,ASO,ES,Federal Contract Tower,11,10,6,0,27,0,26,7,1,34,11,36,13,1,61,0,0,0,61
07/25/2021,STX,VI,ASO,ES,Federal Contract Tower,10,7,6,0,23,0,32,13,0,45,10,39,19,0,68,8,0,8,76
07/26/2021,STX,VI,ASO,ES,Federal Contract Tower,10,18,7,2,37,0,43,12,0,55,10,61,19,2,92,0,0,0,92
07/27/2021,STX,VI,ASO,ES,Federal Contract Tower,9,12,9,0,30,0,47,16,0,63,9,59,25,0,93,2,0,2,95
07/28/2021,STX,VI,ASO,ES,Federal Contract Tower,10,14,4,0,28,0,40,19,1,60,10,54,23,1,88,2,0,2,90
07/29/2021,STX,VI,ASO,ES,Federal Contract Tower,10,16,2,1,29,0,39,10,0,49,10,55,12,1,78,2,0,2,80
07/30/2021,STX,VI,ASO,ES,Federal Contract Tower,10,16,16,1,43,0,47,17,0,64,10,63,33,1,107,6,0,6,113
07/31/2021,STX,VI,ASO,ES,Federal Contract Tower,9,8,2,0,19,0,31,8,0,39,9,39,10,0,58,0,0,0,58
08/01/2021,STX,VI,ASO,ES,Federal Contract Tower,11,7,4,0,22,0,26,8,0,34,11,33,12,0,56,0,0,0,56
08/02/2021,STX,VI,ASO,ES,Federal Contract Tower,10,15,5,0,30,0,44,16,0,60,10,59,21,0,90,0,0,0,90
08/03/2021,STX,VI,ASO,ES,Federal Contract Tower,9,10,5,2,26,0,51,12,0,63,9,61,17,2,89,8,0,8,97
08/04/2021,STX,VI,ASO,ES,Federal Contract Tower,7,23,3,1,34,0,41,16,1,58,7,64,19,2,92,6,0,6,98
08/05/2021,STX,VI,ASO,ES,Federal Contract Tower,10,14,1,0,25,0,47,21,0,68,10,61,22,0,93,30,0,30,123
08/06/2021,STX,VI,ASO,ES,Federal Contract Tower,10,12,2,2,26,0,57,14,0,71,10,69,16,2,97,20,0,20,117
08/07/2021,STX,VI,ASO,ES,Federal Contract Tower,10,9,6,0,25,0,27,11,0,38,10,36,17,0,63,0,0,0,63
08/08/2021,STX,VI,ASO,ES,Federal Contract Tower,9,11,2,0,22,0,21,6,0,27,9,32,8,0,49,0,0,0,49
08/09/2021,STX,VI,ASO,ES,Federal Contract Tower,10,17,5,0,32,0,40,17,0,57,10,57,22,0,89,18,0,18,107
08/10/2021,STX,VI,ASO,ES,Federal Contract Tower,10,12,2,0,24,0,24,2,0,26,10,36,4,0,50,0,0,0,50
08/11/2021,STX,VI,ASO,ES,Federal Contract Tower,11,16,1,0,28,0,36,6,0,42,11,52,7,0,70,0,0,0,70
08/12/2021,STX,VI,ASO,ES,Federal Contract Tower,10,13,4,0,27,0,40,22,0,62,10,53,26,0,89,0,0,0,89
08/13/2021,STX,VI,ASO,ES,Federal Contract Tower,10,14,0,0,24,0,42,24,0,66,10,56,24,0,90,0,0,0,90
08/14/2021,STX,VI,ASO,ES,Federal Contract Tower,10,10,2,0,22,0,26,5,0,31,10,36,7,0,53,0,0,0,53
08/15/2021,STX,VI,ASO,ES,Federal Contract Tower,9,6,0,0,15,0,3,0,0,3,9,9,0,0,18,0,0,0,18
08/16/2021,STX,VI,ASO,ES,Federal Contract Tower,9,22,1,2,34,0,45,3,0,48,9,67,4,2,82,0,0,0,82
08/17/2021,STX,VI,ASO,ES,Federal Contract Tower,6,9,2,0,17,0,45,15,5,65,6,54,17,5,82,16,0,16,98
08/18/2021,STX,VI,ASO,ES,Federal Contract Tower,6,15,4,0,25,0,37,11,6,54,6,52,15,6,79,0,0,0,79
08/19/2021,STX,VI,ASO,ES,Federal Contract Tower,8,14,3,3,28,0,37,12,0,49,8,51,15,3,77,0,0,0,77
08/20/2021,STX,VI,ASO,ES,Federal Contract Tower,6,21,5,3,35,0,45,13,0,58,6,66,18,3,93,0,0,0,93
08/21/2021,STX,VI,ASO,ES,Federal Contract Tower,6,9,7,3,25,0,28,9,0,37,6,37,16,3,62,0,0,0,62
08/22/2021,STX,VI,ASO,ES,Federal Contract Tower,6,9,5,0,20,0,26,8,0,34,6,35,13,0,54,0,0,0,54
08/23/2021,STX,VI,ASO,ES,Federal Contract Tower,6,17,3,2,28,0,43,18,1,62,6,60,21,3,90,16,0,16,106
08/24/2021,STX,VI,ASO,ES,Federal Contract Tower,6,8,5,2,21,0,49,6,1,56,6,57,11,3,77,6,0,6,83
08/25/2021,STX,VI,ASO,ES,Federal Contract Tower,6,16,5,0,27,0,44,9,0,53,6,60,14,0,80,10,0,10,90
08/26/2021,STX,VI,ASO,ES,Federal Contract Tower,8,17,2,0,27,0,40,5,0,45,8,57,7,0,72,0,0,0,72
08/27/2021,STX,VI,ASO,ES,Federal Contract Tower,6,13,3,2,24,0,44,10,0,54,6,57,13,2,78,0,0,0,78
08/28/2021,STX,VI,ASO,ES,Federal Contract Tower,7,9,5,0,21,0,30,8,0,38,7,39,13,0,59,0,0,0,59
08/29/2021,STX,VI,ASO,ES,Federal Contract Tower,6,6,2,3,17,0,27,7,0,34,6,33,9,3,51,0,0,0,51
08/30/2021,STX,VI,ASO,ES,Federal Contract Tower,6,17,8,1,32,0,40,7,0,47,6,57,15,1,79,0,0,0,79
08/31/2021,STX,VI,ASO,ES,Federal Contract Tower,4,11,11,2,28,0,45,8,0,53,4,56,19,2,81,0,0,0,81
09/01/2021,STX,VI,ASO,ES,Federal Contract Tower,7,13,3,2,25,0,36,23,0,59,7,49,26,2,84,24,0,24,108
09/02/2021,STX,VI,ASO,ES,Federal Contract Tower,6,14,4,2,26,0,43,20,1,64,6,57,24,3,90,0,0,0,90
09/03/2021,STX,VI,ASO,ES,Federal Contract Tower,6,15,7,0,28,0,53,10,0,63,6,68,17,0,91,6,0,6,97
09/04/2021,STX,VI,ASO,ES,Federal Contract Tower,8,8,5,0,21,0,24,16,0,40,8,32,21,0,61,14,0,14,75
09/05/2021,STX,VI,ASO,ES,Federal Contract Tower,6,4,4,4,18,0,24,5,0,29,6,28,9,4,47,0,0,0,47
09/06/2021,STX,VI,ASO,ES,Federal Contract Tower,6,12,8,0,26,0,40,12,0,52,6,52,20,0,78,0,0,0,78
09/07/2021,STX,VI,ASO,ES,Federal Contract Tower,6,10,7,2,25,0,55,26,0,81,6,65,33,2,106,14,0,14,120
09/08/2021,STX,VI,ASO,ES,Federal Contract Tower,4,12,2,2,20,0,40,16,2,58,4,52,18,4,78,6,2,8,86
09/09/2021,STX,VI,ASO,ES,Federal Contract Tower,6,16,7,1,30,0,39,12,0,51,6,55,19,1,81,12,0,12,93
09/10/2021,STX,VI,ASO,ES,Federal Contract Tower,4,14,1,3,22,0,49,13,0,62,4,63,14,3,84,0,0,0,84
09/11/2021,STX,VI,ASO,ES,Federal Contract Tower,7,11,2,0,20,0,27,6,0,33,7,38,8,0,53,6,0,6,59
09/12/2021,STX,VI,ASO,ES,Federal Contract Tower,6,5,4,0,15,0,28,4,0,32,6,33,8,0,47,0,0,0,47
09/13/2021,STX,VI,ASO,ES,Federal Contract Tower,4,16,6,0,26,0,34,14,0,48,4,50,20,0,74,0,0,0,74
09/14/2021,STX,VI,ASO,ES,Federal Contract Tower,4,16,4,1,25,0,43,15,0,58,4,59,19,1,83,16,0,16,99
09/15/2021,STX,VI,ASO,ES,Federal Contract Tower,5,22,2,0,29,0,27,5,7,39,5,49,7,7,68,6,0,6,74
09/16/2021,STX,VI,ASO,ES,Federal Contract Tower,8,14,4,0,26,0,38,18,0,56,8,52,22,0,82,0,0,0,82
09/17/2021,STX,VI,ASO,ES,Federal Contract Tower,4,28,4,3,39,0,38,16,0,54,4,66,20,3,93,26,0,26,119
09/18/2021,STX,VI,ASO,ES,Federal Contract Tower,6,9,2,0,17,0,23,10,0,33,6,32,12,0,50,6,0,6,56
09/19/2021,STX,VI,ASO,ES,Federal Contract Tower,6,7,1,2,16,0,30,17,1,48,6,37,18,3,64,34,0,34,98
09/20/2021,STX,VI,ASO,ES,Federal Contract Tower,4,19,6,4,33,0,36,15,0,51,4,55,21,4,84,46,0,46,130
09/21/2021,STX,VI,ASO,ES,Federal Contract Tower,4,18,12,2,36,0,35,16,0,51,4,53,28,2,87,10,0,10,97
09/22/2021,STX,VI,ASO,ES,Federal Contract Tower,4,15,6,0,25,0,42,5,0,47,4,57,11,0,72,12,0,12,84
09/23/2021,STX,VI,ASO,ES,Federal Contract Tower,6,18,4,4,32,0,42,19,2,63,6,60,23,6,95,10,0,10,105
09/24/2021,STX,VI,ASO,ES,Federal Contract Tower,4,20,1,2,27,0,46,14,0,60,4,66,15,2,87,0,0,0,87
09/25/2021,STX,VI,ASO,ES,Federal Contract Tower,6,6,2,1,15,0,27,6,1,34,6,33,8,2,49,0,0,0,49
09/26/2021,STX,VI,ASO,ES,Federal Contract Tower,6,7,7,2,22,0,23,14,0,37,6,30,21,2,59,0,0,0,59
09/27/2021,STX,VI,ASO,ES,Federal Contract Tower,4,19,9,2,34,0,29,11,2,42,4,48,20,4,76,0,0,0,76
09/28/2021,STX,VI,ASO,ES,Federal Contract Tower,4,13,6,4,27,0,39,23,0,62,4,52,29,4,89,32,0,32,121
09/29/2021,STX,VI,ASO,ES,Federal Contract Tower,4,17,5,2,28,0,37,9,0,46,4,54,14,2,74,0,0,0,74
09/30/2021,STX,VI,ASO,ES,Federal Contract Tower,6,14,4,1,25,0,38,17,1,56,6,52,21,2,81,16,0,16,97
10/01/2021,STX,VI,ASO,ES,Federal Contract Tower,4,14,1,3,22,0,40,34,0,74,4,54,35,3,96,14,0,14,110
10/02/2021,STX,VI,ASO,ES,Federal Contract Tower,6,11,2,1,20,0,25,12,0,37,6,36,14,1,57,0,0,0,57
10/03/2021,STX,VI,ASO,ES,Federal Contract Tower,6,17,1,3,27,0,20,9,0,29,6,37,10,3,56,18,0,18,74
10/04/2021,STX,VI,ASO,ES,Federal Contract Tower,4,15,2,1,22,0,33,20,0,53,4,48,22,1,75,12,0,12,87
10/05/2021,STX,VI,ASO,ES,Federal Contract Tower,4,11,1,0,16,39,25,0,0,64,43,36,1,0,80,10,0,10,90
10/06/2021,STX,VI,ASO,ES,Federal Contract Tower,2,15,10,0,27,0,34,16,0,50,2,49,26,0,77,32,0,32,109
10/07/2021,STX,VI,ASO,ES,Federal Contract Tower,7,19,3,0,29,0,37,15,0,52,7,56,18,0,81,6,0,6,87
10/08/2021,STX,VI,ASO,ES,Federal Contract Tower,5,28,0,0,33,0,46,11,0,57,5,74,11,0,90,0,0,0,90
10/09/2021,STX,VI,ASO,ES,Federal Contract Tower,8,9,1,0,18,0,23,8,0,31,8,32,9,0,49,0,0,0,49
10/10/2021,STX,VI,ASO,ES,Federal Contract Tower,8,11,1,0,20,0,24,5,0,29,8,35,6,0,49,0,0,0,49
10/11/2021,STX,VI,ASO,ES,Federal Contract Tower,6,17,2,0,25,0,37,8,0,45,6,54,10,0,70,0,0,0,70
10/12/2021,STX,VI,ASO,ES,Federal Contract Tower,4,15,6,0,25,0,41,18,0,59,4,56,24,0,84,16,0,16,100
10/13/2021,STX,VI,ASO,ES,Federal Contract Tower,10,20,1,1,32,0,30,7,0,37,10,50,8,1,69,2,0,2,71
10/14/2021,STX,VI,ASO,ES,Federal Contract Tower,8,20,4,1,33,0,37,19,0,56,8,57,23,1,89,24,0,24,113
10/15/2021,STX,VI,ASO,ES,Federal Contract Tower,6,19,2,0,27,0,48,14,0,62,6,67,16,0,89,2,0,2,91
10/16/2021,STX,VI,ASO,ES,Federal Contract Tower,10,9,2,0,21,0,26,13,0,39,10,35,15,0,60,0,0,0,60
10/17/2021,STX,VI,ASO,ES,Federal Contract Tower,8,11,0,0,19,0,22,11,0,33,8,33,11,0,52,14,0,14,66
10/18/2021,STX,VI,ASO,ES,Federal Contract Tower,6,19,6,1,32,0,34,9,1,44,6,53,15,2,76,0,0,0,76
10/19/2021,STX,VI,ASO,ES,Federal Contract Tower,4,15,5,0,24,0,32,31,0,63,4,47,36,0,87,24,0,24,111
10/20/2021,STX,VI,ASO,ES,Federal Contract Tower,4,19,8,0,31,0,38,12,0,50,4,57,20,0,81,0,0,0,81
10/21/2021,STX,VI,ASO,ES,Federal Contract Tower,8,16,5,0,29,0,38,10,0,48,8,54,15,0,77,10,0,10,87
10/22/2021,STX,VI,ASO,ES,Federal Contract Tower,6,14,3,0,23,0,41,18,0,59,6,55,21,0,82,6,0,6,88
10/23/2021,STX,VI,ASO,ES,Federal Contract Tower,10,13,2,0,25,0,23,6,0,29,10,36,8,0,54,0,0,0,54
10/24/2021,STX,VI,ASO,ES,Federal Contract Tower,7,5,1,0,13,0,24,7,0,31,7,29,8,0,44,0,0,0,44
10/25/2021,STX,VI,ASO,ES,Federal Contract Tower,6,16,5,0,27,0,33,25,0,58,6,49,30,0,85,18,0,18,103
10/26/2021,STX,VI,ASO,ES,Federal Contract Tower,4,15,1,0,20,0,47,9,1,57,4,62,10,1,77,6,0,6,83
10/27/2021,STX,VI,ASO,ES,Federal Contract Tower,4,13,4,3,24,0,47,18,0,65,4,60,22,3,89,2,4,6,95
10/28/2021,STX,VI,ASO,ES,Federal Contract Tower,8,20,0,0,28,0,37,15,0,52,8,57,15,0,80,0,0,0,80
10/29/2021,STX,VI,ASO,ES,Federal Contract Tower,6,14,0,1,21,0,43,12,0,55,6,57,12,1,76,4,0,4,80
10/30/2021,STX,VI,ASO,ES,Federal Contract Tower,9,6,1,0,16,0,29,10,0,39,9,35,11,0,55,2,0,2,57
10/31/2021,STX,VI,ASO,ES,Federal Contract Tower,5,11,0,0,16,0,31,6,0,37,5,42,6,0,53,0,0,0,53
11/01/2021,STX,VI,ASO,ES,Federal Contract Tower,5,16,4,0,25,0,36,14,2,52,5,52,18,2,77,0,0,0,77
11/02/2021,STX,VI,ASO,ES,Federal Contract Tower,4,12,1,0,17,0,44,23,0,67,4,56,24,0,84,0,0,0,84
11/03/2021,STX,VI,ASO,ES,Federal Contract Tower,4,13,6,2,25,0,39,7,0,46,4,52,13,2,71,0,4,4,75
11/04/2021,STX,VI,ASO,ES,Federal Contract Tower,8,18,1,3,30,0,44,25,4,73,8,62,26,7,103,0,16,16,119
11/05/2021,STX,VI,ASO,ES,Federal Contract Tower,6,24,4,1,35,0,40,15,2,57,6,64,19,3,92,0,0,0,92
11/06/2021,STX,VI,ASO,ES,Federal Contract Tower,10,8,6,0,24,0,24,11,0,35,10,32,17,0,59,4,0,4,63
11/07/2021,STX,VI,ASO,ES,Federal Contract Tower,8,9,0,0,17,0,26,11,1,38,8,35,11,1,55,0,2,2,57
11/08/2021,STX,VI,ASO,ES,Federal Contract Tower,6,20,3,2,31,0,35,17,0,52,6,55,20,2,83,0,0,0,83
11/09/2021,STX,VI,ASO,ES,Federal Contract Tower,2,15,4,2,23,0,40,23,0,63,2,55,27,2,86,0,0,0,86
11/10/2021,STX,VI,ASO,ES,Federal Contract Tower,4,14,7,0,25,0,43,15,0,58,4,57,22,0,83,12,0,12,95
11/11/2021,STX,VI,ASO,ES,Federal Contract Tower,8,12,2,0,22,0,41,14,0,55,8,53,16,0,77,0,0,0,77
11/12/2021,STX,VI,ASO,ES,Federal Contract Tower,6,18,0,1,25,0,49,18,0,67,6,67,18,1,92,2,0,2,94
11/13/2021,STX,VI,ASO,ES,Federal Contract Tower,10,6,1,2,19,0,23,7,0,30,10,29,8,2,49,0,0,0,49
11/14/2021,STX,VI,ASO,ES,Federal Contract Tower,8,11,2,1,22,0,29,22,0,51,8,40,24,1,73,6,0,6,79
11/15/2021,STX,VI,ASO,ES,Federal Contract Tower,6,20,9,0,35,0,32,13,0,45,6,52,22,0,80,0,0,0,80
11/16/2021,STX,VI,ASO,ES,Federal Contract Tower,2,15,1,0,18,0,42,21,0,63,2,57,22,0,81,14,0,14,95
11/17/2021,STX,VI,ASO,ES,Federal Contract Tower,6,19,1,1,27,0,36,22,0,58,6,55,23,1,85,0,0,0,85
11/18/2021,STX,VI,ASO,ES,Federal Contract Tower,8,23,1,2,34,0,37,19,2,58,8,60,20,4,92,0,8,8,100
11/19/2021,STX,VI,ASO,ES,Federal Contract Tower,6,19,0,1,26,0,46,16,0,62,6,65,16,1,88,0,0,0,88
11/20/2021,STX,VI,ASO,ES,Federal Contract Tower,10,9,3,0,22,0,21,13,0,34,10,30,16,0,56,0,0,0,56
11/21/2021,STX,VI,ASO,ES,Federal Contract Tower,8,10,2,0,20,0,31,10,0,41,8,41,12,0,61,0,0,0,61
11/22/2021,STX,VI,ASO,ES,Federal Contract Tower,4,20,1,2,27,0,34,15,0,49,4,54,16,2,76,2,0,2,78
11/23/2021,STX,VI,ASO,ES,Federal Contract Tower,4,14,2,1,21,0,33,26,0,59,4,47,28,1,80,10,2,12,92
11/24/2021,STX,VI,ASO,ES,Federal Contract Tower,6,15,2,0,23,0,44,11,0,55,6,59,13,0,78,0,0,0,78
11/25/2021,STX,VI,ASO,ES,Federal Contract Tower,6,18,1,0,25,0,25,4,0,29,6,43,5,0,54,0,0,0,54
11/26/2021,STX,VI,ASO,ES,Federal Contract Tower,6,11,1,0,18,0,45,6,0,51,6,56,7,0,69,0,0,0,69
11/27/2021,STX,VI,ASO,ES,Federal Contract Tower,10,11,1,0,22,0,24,9,0,33,10,35,10,0,55,2,0,2,57
11/28/2021,STX,VI,ASO,ES,Federal Contract Tower,8,10,3,0,21,0,33,10,0,43,8,43,13,0,64,0,0,0,64
11/29/2021,STX,VI,ASO,ES,Federal Contract Tower,6,18,0,1,25,0,54,16,0,70,6,72,16,1,95,2,0,2,97
11/30/2021,STX,VI,ASO,ES,Federal Contract Tower,4,17,4,0,25,0,41,14,0,55,4,58,18,0,80,0,0,0,80
12/02/2021,STX,VI,ASO,ES,Federal Contract Tower,8,20,2,0,30,0,33,17,1,51,8,53,19,1,81,4,0,4,85
12/03/2021,STX,VI,ASO,ES,Federal Contract Tower,6,22,2,3,33,0,38,18,0,56,6,60,20,3,89,0,0,0,89
12/04/2021,STX,VI,ASO,ES,Federal Contract Tower,10,11,4,3,28,0,27,9,0,36,10,38,13,3,64,0,0,0,64
12/05/2021,STX,VI,ASO,ES,Federal Contract Tower,8,12,6,3,29,0,28,6,0,34,8,40,12,3,63,0,0,0,63
12/06/2021,STX,VI,ASO,ES,Federal Contract Tower,6,19,3,4,32,0,41,13,1,55,6,60,16,5,87,0,4,4,91
12/07/2021,STX,VI,ASO,ES,Federal Contract Tower,4,16,2,3,25,0,42,15,0,57,4,58,17,3,82,0,0,0,82
12/08/2021,STX,VI,ASO,ES,Federal Contract Tower,4,16,7,3,30,0,35,18,1,54,4,51,25,4,84,6,0,6,90
12/09/2021,STX,VI,ASO,ES,Federal Contract Tower,8,19,0,4,31,0,39,11,0,50,8,58,11,4,81,0,0,0,81
12/10/2021,STX,VI,ASO,ES,Federal Contract Tower,6,17,1,3,27,0,41,15,0,56,6,58,16,3,83,0,12,12,95
12/11/2021,STX,VI,ASO,ES,Federal Contract Tower,10,9,4,1,24,0,23,12,0,35,10,32,16,1,59,0,0,0,59
12/12/2021,STX,VI,ASO,ES,Federal Contract Tower,8,9,5,2,24,0,27,18,0,45,8,36,23,2,69,0,0,0,69
12/13/2021,STX,VI,ASO,ES,Federal Contract Tower,6,19,7,1,33,0,45,10,0,55,6,64,17,1,88,0,0,0,88
12/14/2021,STX,VI,ASO,ES,Federal Contract Tower,4,15,2,2,23,0,42,23,4,69,4,57,25,6,92,12,0,12,104
12/15/2021,STX,VI,ASO,ES,Federal Contract Tower,4,17,2,0,23,0,34,15,2,51,4,51,17,2,74,0,0,0,74
12/16/2021,STX,VI,ASO,ES,Federal Contract Tower,10,20,4,3,37,0,34,20,0,54,10,54,24,3,91,0,0,0,91
12/17/2021,STX,VI,ASO,ES,Federal Contract Tower,8,21,6,2,37,0,44,17,0,61,8,65,23,2,98,0,0,0,98
12/18/2021,STX,VI,ASO,ES,Federal Contract Tower,10,12,7,2,31,0,29,14,0,43,10,41,21,2,74,0,0,0,74
12/19/2021,STX,VI,ASO,ES,Federal Contract Tower,10,13,3,1,27,0,20,8,0,28,10,33,11,1,55,0,0,0,55
12/20/2021,STX,VI,ASO,ES,Federal Contract Tower,10,19,6,2,37,0,33,19,0,52,10,52,25,2,89,0,0,0,89
12/21/2021,STX,VI,ASO,ES,Federal Contract Tower,9,16,1,0,26,0,41,35,1,77,9,57,36,1,103,2,0,2,105
12/22/2021,STX,VI,ASO,ES,Federal Contract Tower,10,17,4,0,31,0,40,21,0,61,10,57,25,0,92,2,0,2,94
12/23/2021,STX,VI,ASO,ES,Federal Contract Tower,11,16,3,0,30,0,41,15,0,56,11,57,18,0,86,0,0,0,86
12/24/2021,STX,VI,ASO,ES,Federal Contract Tower,10,15,2,0,27,0,35,7,0,42,10,50,9,0,69,0,0,0,69
12/25/2021,STX,VI,ASO,ES,Federal Contract Tower,8,9,2,0,19,0,24,2,0,26,8,33,4,0,45,0,0,0,45
12/26/2021,STX,VI,ASO,ES,Federal Contract Tower,10,14,5,0,29,0,22,12,1,35,10,36,17,1,64,0,0,0,64
12/27/2021,STX,VI,ASO,ES,Federal Contract Tower,10,13,4,0,27,0,41,19,0,60,10,54,23,0,87,0,0,0,87
12/28/2021,STX,VI,ASO,ES,Federal Contract Tower,10,14,0,0,24,0,41,12,0,53,10,55,12,0,77,0,0,0,77
12/29/2021,STX,VI,ASO,ES,Federal Contract Tower,10,11,2,0,23,0,25,2,0,27,10,36,4,0,50,0,2,2,52
12/30/2021,STX,VI,ASO,ES,Federal Contract Tower,10,16,8,0,34,0,42,15,0,57,10,58,23,0,91,2,0,2,93
12/31/2021,STX,VI,ASO,ES,Federal Contract Tower,10,14,2,0,26,0,35,9,0,44,10,49,11,0,70,0,0,0,70
01/01/2022,STX,VI,ASO,ES,Federal Contract Tower,10,8,8,0,26,0,26,2,0,28,10,34,10,0,54,0,0,0,54
01/02/2022,STX,VI,ASO,ES,Federal Contract Tower,10,12,6,0,28,0,31,4,0,35,10,43,10,0,63,0,0,0,63
01/03/2022,STX,VI,ASO,ES,Federal Contract Tower,6,14,4,0,24,0,27,6,0,33,6,41,10,0,57,0,0,0,57
01/04/2022,STX,VI,ASO,ES,Federal Contract Tower,7,13,3,0,23,0,26,13,0,39,7,39,16,0,62,0,0,0,62
01/05/2022,STX,VI,ASO,ES,Federal Contract Tower,3,10,1,0,14,0,24,9,0,33,3,34,10,0,47,0,0,0,47
01/06/2022,STX,VI,ASO,ES,Federal Contract Tower,8,15,3,0,26,0,20,21,0,41,8,35,24,0,67,14,0,14,81
01/07/2022,STX,VI,ASO,ES,Federal Contract Tower,6,15,3,0,24,0,41,13,0,54,6,56,16,0,78,0,0,0,78
01/08/2022,STX,VI,ASO,ES,Federal Contract Tower,7,10,3,0,20,0,24,12,0,36,7,34,15,0,56,0,0,0,56
01/09/2022,STX,VI,ASO,ES,Federal Contract Tower,8,9,3,0,20,0,19,14,0,33,8,28,17,0,53,0,0,0,53
01/10/2022,STX,VI,ASO,ES,Federal Contract Tower,6,17,2,0,25,0,35,19,0,54,6,52,21,0,79,0,0,0,79
01/11/2022,STX,VI,ASO,ES,Federal Contract Tower,10,13,2,0,25,0,40,20,0,60,10,53,22,0,85,0,0,0,85
01/12/2022,STX,VI,ASO,ES,Federal Contract Tower,8,17,3,0,28,0,27,14,2,43,8,44,17,2,71,0,0,0,71
01/13/2022,STX,VI,ASO,ES,Federal Contract Tower,6,19,1,0,26,0,33,20,0,53,6,52,21,0,79,0,0,0,79
01/14/2022,STX,VI,ASO,ES,Federal Contract Tower,6,19,1,0,26,0,36,14,0,50,6,55,15,0,76,4,0,4,80
01/15/2022,STX,VI,ASO,ES,Federal Contract Tower,7,11,3,0,21,0,25,26,0,51,7,36,29,0,72,3,0,3,75
01/16/2022,STX,VI,ASO,ES,Federal Contract Tower,4,13,9,0,26,0,17,13,0,30,4,30,22,0,56,4,0,4,60
01/17/2022,STX,VI,ASO,ES,Federal Contract Tower,6,14,2,0,22,0,30,11,0,41,6,44,13,0,63,0,0,0,63
01/18/2022,STX,VI,ASO,ES,Federal Contract Tower,8,15,0,2,25,0,39,12,0,51,8,54,12,2,76,8,0,8,84
01/19/2022,STX,VI,ASO,ES,Federal Contract Tower,6,14,3,4,27,0,33,6,0,39,6,47,9,4,66,0,0,0,66
01/20/2022,STX,VI,ASO,ES,Federal Contract Tower,6,16,0,1,23,0,40,14,1,55,6,56,14,2,78,6,0,6,84
01/21/2022,STX,VI,ASO,ES,Federal Contract Tower,6,15,6,3,30,0,42,4,0,46,6,57,10,3,76,0,0,0,76
01/22/2022,STX,VI,ASO,ES,Federal Contract Tower,7,9,2,0,18,0,21,5,0,26,7,30,7,0,44,2,0,2,46
01/23/2022,STX,VI,ASO,ES,Federal Contract Tower,6,9,1,0,16,0,23,9,0,32,6,32,10,0,48,0,0,0,48
01/24/2022,STX,VI,ASO,ES,Federal Contract Tower,6,13,6,0,25,0,42,4,0,46,6,55,10,0,71,0,0,0,71
01/25/2022,STX,VI,ASO,ES,Federal Contract Tower,8,16,3,0,27,0,36,10,0,46,8,52,13,0,73,0,0,0,73
01/26/2022,STX,VI,ASO,ES,Federal Contract Tower,6,13,2,0,21,0,37,16,2,55,6,50,18,2,76,0,0,0,76
01/27/2022,STX,VI,ASO,ES,Federal Contract Tower,6,17,6,0,29,0,36,17,0,53,6,53,23,0,82,0,0,0,82
01/28/2022,STX,VI,ASO,ES,Federal Contract Tower,6,11,3,1,21,0,44,18,0,62,6,55,21,1,83,4,0,4,87
01/29/2022,STX,VI,ASO,ES,Federal Contract Tower,7,8,1,2,18,0,13,8,0,21,7,21,9,2,39,4,0,4,43
01/30/2022,STX,VI,ASO,ES,Federal Contract Tower,6,8,3,1,18,0,14,9,0,23,6,22,12,1,41,0,0,0,41
01/31/2022,STX,VI,ASO,ES,Federal Contract Tower,5,19,2,1,27,0,35,21,0,56,5,54,23,1,83,4,0,4,87
02/01/2022,STX,VI,ASO,ES,Federal Contract Tower,9,15,1,2,27,0,36,15,0,51,9,51,16,2,78,6,0,6,84
02/02/2022,STX,VI,ASO,ES,Federal Contract Tower,6,12,3,0,21,0,38,10,0,48,6,50,13,0,69,2,0,2,71
02/03/2022,STX,VI,ASO,ES,Federal Contract Tower,6,20,2,0,28,0,34,8,0,42,6,54,10,0,70,0,0,0,70
02/04/2022,STX,VI,ASO,ES,Federal Contract Tower,6,19,5,0,30,0,32,14,0,46,6,51,19,0,76,0,0,0,76
02/05/2022,STX,VI,ASO,ES,Federal Contract Tower,7,11,5,0,23,0,13,4,0,17,7,24,9,0,40,0,0,0,40
02/06/2022,STX,VI,ASO,ES,Federal Contract Tower,8,19,4,0,31,0,13,2,0,15,8,32,6,0,46,0,0,0,46
02/07/2022,STX,VI,ASO,ES,Federal Contract Tower,6,23,1,1,31,0,32,15,0,47,6,55,16,1,78,0,0,0,78
02/08/2022,STX,VI,ASO,ES,Federal Contract Tower,8,12,2,0,22,0,35,17,0,52,8,47,19,0,74,0,0,0,74
02/09/2022,STX,VI,ASO,ES,Federal Contract Tower,6,13,5,0,24,0,32,20,0,52,6,45,25,0,76,4,0,4,80
02/10/2022,STX,VI,ASO,ES,Federal Contract Tower,8,12,6,1,27,0,41,11,1,53,8,53,17,2,80,0,0,0,80
02/11/2022,STX,VI,ASO,ES,Federal Contract Tower,6,14,5,0,25,0,49,20,0,69,6,63,25,0,94,0,0,0,94
02/12/2022,STX,VI,ASO,ES,Federal Contract Tower,9,12,2,0,23,0,12,11,0,23,9,24,13,0,46,0,0,0,46
02/13/2022,STX,VI,ASO,ES,Federal Contract Tower,6,14,5,0,25,0,14,12,0,26,6,28,17,0,51,8,0,8,59
02/14/2022,STX,VI,ASO,ES,Federal Contract Tower,5,23,3,0,31,0,30,19,0,49,5,53,22,0,80,20,0,20,100
02/15/2022,STX,VI,ASO,ES,Federal Contract Tower,8,18,2,2,30,0,27,33,0,60,8,45,35,2,90,12,0,12,102
02/16/2022,STX,VI,ASO,ES,Federal Contract Tower,6,13,8,0,27,0,31,17,0,48,6,44,25,0,75,8,0,8,83
02/17/2022,STX,VI,ASO,ES,Federal Contract Tower,8,20,2,0,30,0,47,6,0,53,8,67,8,0,83,4,0,4,87
02/18/2022,STX,VI,ASO,ES,Federal Contract Tower,6,13,4,0,23,0,47,10,0,57,6,60,14,0,80,0,0,0,80
02/19/2022,STX,VI,ASO,ES,Federal Contract Tower,9,7,8,1,25,0,15,7,0,22,9,22,15,1,47,0,0,0,47
02/20/2022,STX,VI,ASO,ES,Federal Contract Tower,6,12,2,1,21,0,35,17,0,52,6,47,19,1,73,8,0,8,81
02/21/2022,STX,VI,ASO,ES,Federal Contract Tower,6,18,5,0,29,0,31,27,0,58,6,49,32,0,87,10,0,10,97
02/22/2022,STX,VI,ASO,ES,Federal Contract Tower,8,16,2,0,26,0,32,7,0,39,8,48,9,0,65,0,0,0,65
02/23/2022,STX,VI,ASO,ES,Federal Contract Tower,6,15,3,0,24,0,33,13,0,46,6,48,16,0,70,10,0,10,80
02/24/2022,STX,VI,ASO,ES,Federal Contract Tower,8,22,3,0,33,45,26,0,0,71,53,48,3,0,104,6,0,6,110
02/25/2022,STX,VI,ASO,ES,Federal Contract Tower,5,16,2,0,23,0,36,17,0,53,5,52,19,0,76,6,0,6,82
02/26/2022,STX,VI,ASO,ES,Federal Contract Tower,9,4,6,1,20,0,29,16,0,45,9,33,22,1,65,16,0,16,81
02/27/2022,STX,VI,ASO,ES,Federal Contract Tower,6,8,2,1,17,0,11,11,0,22,6,19,13,1,39,0,0,0,39
02/28/2022,STX,VI,ASO,ES,Federal Contract Tower,6,17,2,0,25,0,29,22,0,51,6,46,24,0,76,6,0,6,82
03/01/2022,STX,VI,ASO,ES,Federal Contract Tower,8,12,1,2,23,0,36,29,0,65,8,48,30,2,88,6,0,6,94
03/02/2022,STX,VI,ASO,ES,Federal Contract Tower,6,14,3,0,23,0,42,13,0,55,6,56,16,0,78,0,0,0,78
03/03/2022,STX,VI,ASO,ES,Federal Contract Tower,8,21,0,0,29,0,37,17,0,54,8,58,17,0,83,10,0,10,93
03/04/2022,STX,VI,ASO,ES,Federal Contract Tower,6,14,1,0,21,0,44,30,0,74,6,58,31,0,95,0,0,0,95
03/05/2022,STX,VI,ASO,ES,Federal Contract Tower,10,5,1,0,16,16,11,0,0,27,26,16,1,0,43,0,0,0,43
03/06/2022,STX,VI,ASO,ES,Federal Contract Tower,6,11,7,0,24,0,22,23,0,45,6,33,30,0,69,6,0,6,75
03/07/2022,STX,VI,ASO,ES,Federal Contract Tower,6,21,1,0,28,0,24,15,0,39,6,45,16,0,67,2,0,2,69
03/08/2022,STX,VI,ASO,ES,Federal Contract Tower,8,12,0,0,20,0,32,18,0,50,8,44,18,0,70,8,0,8,78
03/09/2022,STX,VI,ASO,ES,Federal Contract Tower,6,22,1,0,29,0,29,11,0,40,6,51,12,0,69,1,0,1,70
03/10/2022,STX,VI,ASO,ES,Federal Contract Tower,6,16,2,2,26,0,33,14,1,48,6,49,16,3,74,0,6,6,80
03/11/2022,STX,VI,ASO,ES,Federal Contract Tower,4,17,0,0,21,0,41,25,0,66,4,58,25,0,87,18,0,18,105
03/12/2022,STX,VI,ASO,ES,Federal Contract Tower,10,6,3,1,20,0,17,15,0,32,10,23,18,1,52,0,0,0,52
03/13/2022,STX,VI,ASO,ES,Federal Contract Tower,4,8,8,1,21,0,17,10,0,27,4,25,18,1,48,2,0,2,50
03/14/2022,STX,VI,ASO,ES,Federal Contract Tower,6,20,1,1,28,0,39,13,0,52,6,59,14,1,80,2,0,2,82
03/15/2022,STX,VI,ASO,ES,Federal Contract Tower,6,14,0,3,23,0,43,15,0,58,6,57,15,3,81,0,0,0,81
03/16/2022,STX,VI,ASO,ES,Federal Contract Tower,6,11,3,3,23,0,37,12,2,51,6,48,15,5,74,2,2,4,78
03/17/2022,STX,VI,ASO,ES,Federal Contract Tower,5,21,4,1,31,0,31,22,1,54,5,52,26,2,85,0,0,0,85
03/18/2022,STX,VI,ASO,ES,Federal Contract Tower,4,17,8,1,30,0,51,15,0,66,4,68,23,1,96,0,0,0,96
03/19/2022,STX,VI,ASO,ES,Federal Contract Tower,10,8,5,0,23,0,26,38,0,64,10,34,43,0,87,9,0,9,96
03/20/2022,STX,VI,ASO,ES,Federal Contract Tower,4,13,5,0,22,0,25,15,0,40,4,38,20,0,62,0,0,0,62
03/21/2022,STX,VI,ASO,ES,Federal Contract Tower,6,28,3,1,38,0,31,15,0,46,6,59,18,1,84,2,0,2,86
03/22/2022,STX,VI,ASO,ES,Federal Contract Tower,6,14,1,1,22,0,40,18,0,58,6,54,19,1,80,4,0,4,84
03/23/2022,STX,VI,ASO,ES,Federal Contract Tower,6,17,2,4,29,0,42,21,0,63,6,59,23,4,92,0,0,0,92
03/24/2022,STX,VI,ASO,ES,Federal Contract Tower,6,21,3,2,32,0,40,10,0,50,6,61,13,2,82,0,0,0,82
03/25/2022,STX,VI,ASO,ES,Federal Contract Tower,4,24,0,1,29,0,41,14,0,55,4,65,14,1,84,8,0,8,92
03/26/2022,STX,VI,ASO,ES,Federal Contract Tower,10,7,4,0,21,0,15,17,0,32,10,22,21,0,53,0,0,0,53
03/27/2022,STX,VI,ASO,ES,Federal Contract Tower,4,11,0,0,15,0,20,7,0,27,4,31,7,0,42,0,0,0,42
03/28/2022,STX,VI,ASO,ES,Federal Contract Tower,6,21,2,0,29,0,32,13,0,45,6,53,15,0,74,0,0,0,74
03/29/2022,STX,VI,ASO,ES,Federal Contract Tower,6,15,7,1,29,0,37,9,0,46,6,52,16,1,75,0,0,0,75
03/30/2022,STX,VI,ASO,ES,Federal Contract Tower,6,19,3,1,29,0,34,18,0,52,6,53,21,1,81,0,0,0,81
03/31/2022,STX,VI,ASO,ES,Federal Contract Tower,6,21,3,5,35,0,41,5,0,46,6,62,8,5,81,0,0,0,81
04/01/2022,STX,VI,ASO,ES,Federal Contract Tower,3,16,1,1,21,0,46,16,0,62,3,62,17,1,83,0,0,0,83
04/02/2022,STX,VI,ASO,ES,Federal Contract Tower,10,7,4,0,21,0,26,10,0,36,10,33,14,0,57,0,0,0,57
04/03/2022,STX,VI,ASO,ES,Federal Contract Tower,4,10,4,0,18,0,23,14,0,37,4,33,18,0,55,0,0,0,55
04/04/2022,STX,VI,ASO,ES,Federal Contract Tower,6,16,4,0,26,0,40,8,0,48,6,56,12,0,74,4,0,4,78
04/05/2022,STX,VI,ASO,ES,Federal Contract Tower,6,15,4,2,27,0,32,16,0,48,6,47,20,2,75,0,0,0,75
04/06/2022,STX,VI,ASO,ES,Federal Contract Tower,6,15,1,3,25,0,33,15,0,48,6,48,16,3,73,0,0,0,73
04/07/2022,STX,VI,ASO,ES,Federal Contract Tower,6,15,4,1,26,0,39,15,0,54,6,54,19,1,80,0,0,0,80
04/08/2022,STX,VI,ASO,ES,Federal Contract Tower,6,14,1,2,23,0,32,15,0,47,6,46,16,2,70,0,0,0,70
04/09/2022,STX,VI,ASO,ES,Federal Contract Tower,14,10,8,0,32,0,23,15,2,40,14,33,23,2,72,0,6,6,78
04/10/2022,STX,VI,ASO,ES,Federal Contract Tower,8,11,4,3,26,0,15,14,0,29,8,26,18,3,55,4,0,4,59
04/11/2022,STX,VI,ASO,ES,Federal Contract Tower,10,15,6,3,34,0,39,26,1,66,10,54,32,4,100,4,0,4,104
04/12/2022,STX,VI,ASO,ES,Federal Contract Tower,8,10,1,6,25,0,32,9,0,41,8,42,10,6,66,0,0,0,66
04/13/2022,STX,VI,ASO,ES,Federal Contract Tower,12,16,6,7,41,0,37,15,0,52,12,53,21,7,93,0,0,0,93
04/14/2022,STX,VI,ASO,ES,Federal Contract Tower,11,19,7,0,37,0,32,12,0,44,11,51,19,0,81,0,0,0,81
04/15/2022,STX,VI,ASO,ES,Federal Contract Tower,3,8,3,7,21,0,37,11,0,48,3,45,14,7,69,0,0,0,69
04/16/2022,STX,VI,ASO,ES,Federal Contract Tower,10,10,1,2,23,0,12,13,0,25,10,22,14,2,48,0,0,0,48
04/17/2022,STX,VI,ASO,ES,Federal Contract Tower,4,12,1,1,18,0,27,5,0,32,4,39,6,1,50,0,0,0,50
04/18/2022,STX,VI,ASO,ES,Federal Contract Tower,4,11,5,0,20,0,46,8,0,54,4,57,13,0,74,6,0,6,80
04/19/2022,STX,VI,ASO,ES,Federal Contract Tower,4,13,1,1,19,0,43,14,0,57,4,56,15,1,76,0,0,0,76
04/20/2022,STX,VI,ASO,ES,Federal Contract Tower,10,12,9,1,32,0,28,17,1,46,10,40,26,2,78,0,0,0,78
04/21/2022,STX,VI,ASO,ES,Federal Contract Tower,16,15,8,3,42,0,34,21,0,55,16,49,29,3,97,4,0,4,101
04/22/2022,STX,VI,ASO,ES,Federal Contract Tower,12,14,3,1,30,0,34,15,2,51,12,48,18,3,81,0,8,8,89
04/23/2022,STX,VI,ASO,ES,Federal Contract Tower,12,6,0,1,19,0,15,19,2,36,12,21,19,3,55,0,10,10,65
04/24/2022,STX,VI,ASO,ES,Federal Contract Tower,10,15,3,2,30,0,21,18,0,39,10,36,21,2,69,0,0,0,69
04/25/2022,STX,VI,ASO,ES,Federal Contract Tower,8,21,3,2,34,0,37,21,0,58,8,58,24,2,92,0,0,0,92
04/26/2022,STX,VI,ASO,ES,Federal Contract Tower,8,12,4,5,29,0,37,20,0,57,8,49,24,5,86,0,0,0,86
04/27/2022,STX,VI,ASO,ES,Federal Contract Tower,6,14,4,3,27,0,46,45,2,93,6,60,49,5,120,2,0,2,122
04/28/2022,STX,VI,ASO,ES,Federal Contract Tower,10,17,3,1,31,0,32,15,1,48,10,49,18,2,79,0,0,0,79
04/29/2022,STX,VI,ASO,ES,Federal Contract Tower,8,19,8,4,39,0,30,24,0,54,8,49,32,4,93,0,2,2,95
04/30/2022,STX,VI,ASO,ES,Federal Contract Tower,12,7,1,2,22,0,5,0,0,5,12,12,1,2,27,0,0,0,27
05/01/2022,STX,VI,ASO,ES,Federal Contract Tower,8,18,7,2,35,0,17,25,0,42,8,35,32,2,77,2,0,2,79
05/02/2022,STX,VI,ASO,ES,Federal Contract Tower,8,24,2,0,34,0,42,32,0,74,8,66,34,0,108,6,0,6,114
05/03/2022,STX,VI,ASO,ES,Federal Contract Tower,8,11,1,1,21,0,38,15,1,54,8,49,16,2,75,0,0,0,75
05/04/2022,STX,VI,ASO,ES,Federal Contract Tower,10,16,3,2,31,0,37,14,0,51,10,53,17,2,82,0,0,0,82
05/05/2022,STX,VI,ASO,ES,Federal Contract Tower,8,12,2,1,23,0,43,11,3,57,8,55,13,4,80,0,2,2,82
05/06/2022,STX,VI,ASO,ES,Federal Contract Tower,6,11,1,0,18,0,28,18,4,50,6,39,19,4,68,20,0,20,88
05/07/2022,STX,VI,ASO,ES,Federal Contract Tower,10,7,0,0,17,0,15,14,1,30,10,22,14,1,47,0,0,0,47
05/08/2022,STX,VI,ASO,ES,Federal Contract Tower,5,13,0,0,18,0,18,10,0,28,5,31,10,0,46,0,0,0,46
05/09/2022,STX,VI,ASO,ES,Federal Contract Tower,6,20,0,0,26,0,25,14,0,39,6,45,14,0,65,2,0,2,67
05/10/2022,STX,VI,ASO,ES,Federal Contract Tower,6,12,0,3,21,0,26,42,0,68,6,38,42,3,89,0,0,0,89
05/11/2022,STX,VI,ASO,ES,Federal Contract Tower,6,15,8,0,29,0,24,32,0,56,6,39,40,0,85,2,0,2,87
05/12/2022,STX,VI,ASO,ES,Federal Contract Tower,8,14,7,0,29,0,26,18,0,44,8,40,25,0,73,2,0,2,75
05/13/2022,STX,VI,ASO,ES,Federal Contract Tower,6,18,6,1,31,0,20,19,0,39,6,38,25,1,70,0,0,0,70
05/14/2022,STX,VI,ASO,ES,Federal Contract Tower,10,4,1,0,15,0,8,18,0,26,10,12,19,0,41,2,0,2,43
05/15/2022,STX,VI,ASO,ES,Federal Contract Tower,6,10,2,0,18,0,17,15,0,32,6,27,17,0,50,0,0,0,50
05/16/2022,STX,VI,ASO,ES,Federal Contract Tower,5,21,2,0,28,0,27,22,2,51,5,48,24,2,79,2,0,2,81
05/17/2022,STX,VI,ASO,ES,Federal Contract Tower,6,16,2,0,24,0,37,23,2,62,6,53,25,2,86,0,0,0,86
05/18/2022,STX,VI,ASO,ES,Federal Contract Tower,6,15,3,1,25,0,33,23,2,58,6,48,26,3,83,0,0,0,83
05/19/2022,STX,VI,ASO,ES,Federal Contract Tower,7,15,4,0,26,0,22,18,0,40,7,37,22,0,66,0,0,0,66
05/20/2022,STX,VI,ASO,ES,Federal Contract Tower,6,14,0,1,21,0,35,15,0,50,6,49,15,1,71,0,0,0,71
05/21/2022,STX,VI,ASO,ES,Federal Contract Tower,9,8,3,0,20,0,0,0,0,0,9,8,3,0,20,0,0,0,20
05/22/2022,STX,VI,ASO,ES,Federal Contract Tower,6,9,0,1,16,0,19,13,0,32,6,28,13,1,48,0,0,0,48
05/23/2022,STX,VI,ASO,ES,Federal Contract Tower,6,17,3,1,27,0,26,11,1,38,6,43,14,2,65,0,0,0,65
05/24/2022,STX,VI,ASO,ES,Federal Contract Tower,6,13,0,0,19,0,22,13,2,37,6,35,13,2,56,0,0,0,56
05/25/2022,STX,VI,ASO,ES,Federal Contract Tower,6,23,1,0,30,0,28,4,0,32,6,51,5,0,62,0,0,0,62
05/26/2022,STX,VI,ASO,ES,Federal Contract Tower,8,18,0,3,29,0,35,9,0,44,8,53,9,3,73,0,0,0,73
05/27/2022,STX,VI,ASO,ES,Federal Contract Tower,6,12,4,2,24,0,54,24,3,81,6,66,28,5,105,0,0,0,105
05/28/2022,STX,VI,ASO,ES,Federal Contract Tower,10,11,3,1,25,0,19,17,0,36,10,30,20,1,61,0,0,0,61
05/29/2022,STX,VI,ASO,ES,Federal Contract Tower,5,11,2,0,18,0,16,14,0,30,5,27,16,0,48,6,0,6,54
05/30/2022,STX,VI,ASO,ES,Federal Contract Tower,6,14,2,0,22,0,37,16,1,54,6,51,18,1,76,0,0,0,76
05/31/2022,STX,VI,ASO,ES,Federal Contract Tower,6,12,1,0,19,0,33,16,0,49,6,45,17,0,68,0,0,0,68
06/01/2022,STX,VI,ASO,ES,Federal Contract Tower,5,12,3,0,20,0,25,19,2,46,5,37,22,2,66,0,0,0,66
06/02/2022,STX,VI,ASO,ES,Federal Contract Tower,8,13,4,0,25,0,32,15,0,47,8,45,19,0,72,2,0,2,74
06/03/2022,STX,VI,ASO,ES,Federal Contract Tower,6,10,1,0,17,0,35,21,0,56,6,45,22,0,73,12,0,12,85
06/04/2022,STX,VI,ASO,ES,Federal Contract Tower,9,8,3,0,20,0,11,27,0,38,9,19,30,0,58,0,0,0,58
06/05/2022,STX,VI,ASO,ES,Federal Contract Tower,7,13,0,0,20,0,15,7,0,22,7,28,7,0,42,0,0,0,42
06/06/2022,STX,VI,ASO,ES,Federal Contract Tower,6,15,3,0,24,0,25,22,0,47,6,40,25,0,71,12,0,12,83
06/07/2022,STX,VI,ASO,ES,Federal Contract Tower,8,13,0,2,23,0,12,20,0,32,8,25,20,2,55,0,0,0,55
06/08/2022,STX,VI,ASO,ES,Federal Contract Tower,6,10,3,0,19,0,29,13,0,42,6,39,16,0,61,0,0,0,61
06/09/2022,STX,VI,ASO,ES,Federal Contract Tower,4,19,2,2,27,0,25,14,0,39,4,44,16,2,66,0,0,0,66
06/10/2022,STX,VI,ASO,ES,Federal Contract Tower,6,13,1,4,24,0,22,18,0,40,6,35,19,4,64,0,0,0,64
06/11/2022,STX,VI,ASO,ES,Federal Contract Tower,10,9,2,4,25,0,19,16,0,35,10,28,18,4,60,14,0,14,74
06/12/2022,STX,VI,ASO,ES,Federal Contract Tower,6,16,1,2,25,0,16,6,0,22,6,32,7,2,47,0,0,0,47
06/13/2022,STX,VI,ASO,ES,Federal Contract Tower,6,10,4,0,20,0,20,12,0,32,6,30,16,0,52,0,0,0,52
06/14/2022,STX,VI,ASO,ES,Federal Contract Tower,6,13,2,0,21,0,18,13,0,31,6,31,15,0,52,0,0,0,52
06/15/2022,STX,VI,ASO,ES,Federal Contract Tower,6,15,0,0,21,0,25,13,0,38,6,40,13,0,59,0,0,0,59
06/16/2022,STX,VI,ASO,ES,Federal Contract Tower,6,20,5,0,31,0,31,16,0,47,6,51,21,0,78,0,0,0,78
06/17/2022,STX,VI,ASO,ES,Federal Contract Tower,6,14,1,1,22,0,25,29,0,54,6,39,30,1,76,2,0,2,78
06/18/2022,STX,VI,ASO,ES,Federal Contract Tower,10,7,0,2,19,0,15,16,0,31,10,22,16,2,50,0,0,0,50
06/19/2022,STX,VI,ASO,ES,Federal Contract Tower,5,11,1,1,18,0,16,18,0,34,5,27,19,1,52,0,0,0,52
06/20/2022,STX,VI,ASO,ES,Federal Contract Tower,6,13,4,1,24,0,22,15,0,37,6,35,19,1,61,12,0,12,73
06/21/2022,STX,VI,ASO,ES,Federal Contract Tower,6,17,5,0,28,0,22,26,0,48,6,39,31,0,76,2,0,2,78
06/22/2022,STX,VI,ASO,ES,Federal Contract Tower,6,15,4,2,27,0,20,20,0,40,6,35,24,2,67,0,0,0,67
06/23/2022,STX,VI,ASO,ES,Federal Contract Tower,6,13,2,0,21,0,32,25,0,57,6,45,27,0,78,6,0,6,84
06/24/2022,STX,VI,ASO,ES,Federal Contract Tower,6,13,1,0,20,0,28,17,0,45,6,41,18,0,65,0,0,0,65
06/25/2022,STX,VI,ASO,ES,Federal Contract Tower,8,8,3,0,19,0,14,5,0,19,8,22,8,0,38,0,0,0,38
06/26/2022,STX,VI,ASO,ES,Federal Contract Tower,7,10,0,2,19,0,16,7,0,23,7,26,7,2,42,10,0,10,52
06/27/2022,STX,VI,ASO,ES,Federal Contract Tower,6,17,1,3,27,0,24,17,0,41,6,41,18,3,68,0,0,0,68
06/28/2022,STX,VI,ASO,ES,Federal Contract Tower,6,18,3,1,28,0,19,14,0,33,6,37,17,1,61,0,0,0,61
06/29/2022,STX,VI,ASO,ES,Federal Contract Tower,6,20,4,3,33,0,26,13,1,40,6,46,17,4,73,0,0,0,73
06/30/2022,STX,VI,ASO,ES,Federal Contract Tower,6,20,0,5,31,0,27,12,1,40,6,47,12,6,71,0,0,0,71
07/01/2022,STX,VI,ASO,ES,Federal Contract Tower,6,14,1,5,26,0,39,23,3,65,6,53,24,8,91,0,0,0,91
07/02/2022,STX,VI,ASO,ES,Federal Contract Tower,10,14,0,1,25,0,8,3,0,11,10,22,3,1,36,0,0,0,36
07/03/2022,STX,VI,ASO,ES,Federal Contract Tower,7,10,1,3,21,0,11,5,0,16,7,21,6,3,37,2,0,2,39
07/04/2022,STX,VI,ASO,ES,Federal Contract Tower,6,10,2,0,18,0,20,7,0,27,6,30,9,0,45,0,0,0,45
07/05/2022,STX,VI,ASO,ES,Federal Contract Tower,6,15,1,0,22,0,20,31,0,51,6,35,32,0,73,0,0,0,73
07/06/2022,STX,VI,ASO,ES,Federal Contract Tower,6,15,0,2,23,0,32,8,0,40,6,47,8,2,63,0,0,0,63
07/07/2022,STX,VI,ASO,ES,Federal Contract Tower,6,15,1,0,22,0,27,17,0,44,6,42,18,0,66,0,0,0,66
07/08/2022,STX,VI,ASO,ES,Federal Contract Tower,5,11,3,0,19,0,25,17,2,44,5,36,20,2,63,6,0,6,69
07/09/2022,STX,VI,ASO,ES,Federal Contract Tower,10,8,0,0,18,0,22,7,0,29,10,30,7,0,47,0,0,0,47
07/10/2022,STX,VI,ASO,ES,Federal Contract Tower,6,4,2,0,12,0,16,9,2,27,6,20,11,2,39,0,0,0,39
07/11/2022,STX,VI,ASO,ES,Federal Contract Tower,6,20,3,0,29,0,24,5,0,29,6,44,8,0,58,0,0,0,58
07/12/2022,STX,VI,ASO,ES,Federal Contract Tower,6,14,5,0,25,0,22,12,0,34,6,36,17,0,59,0,0,0,59
07/13/2022,STX,VI,ASO,ES,Federal Contract Tower,6,16,1,0,23,0,23,12,0,35,6,39,13,0,58,0,0,0,58
07/14/2022,STX,VI,ASO,ES,Federal Contract Tower,6,19,1,0,26,0,28,10,0,38,6,47,11,0,64,0,0,0,64
07/15/2022,STX,VI,ASO,ES,Federal Contract Tower,6,11,0,0,17,0,29,24,0,53,6,40,24,0,70,0,0,0,70
07/16/2022,STX,VI,ASO,ES,Federal Contract Tower,12,6,2,0,20,0,16,11,0,27,12,22,13,0,47,0,0,0,47
07/17/2022,STX,VI,ASO,ES,Federal Contract Tower,6,7,0,0,13,0,16,7,0,23,6,23,7,0,36,0,0,0,36
07/18/2022,STX,VI,ASO,ES,Federal Contract Tower,6,16,8,0,30,0,30,15,0,45,6,46,23,0,75,4,0,4,79
07/19/2022,STX,VI,ASO,ES,Federal Contract Tower,6,19,1,2,28,0,18,24,2,44,6,37,25,4,72,0,0,0,72
07/20/2022,STX,VI,ASO,ES,Federal Contract Tower,6,18,5,0,29,0,29,13,0,42,6,47,18,0,71,0,0,0,71
07/21/2022,STX,VI,ASO,ES,Federal Contract Tower,6,23,2,1,32,0,14,7,2,23,6,37,9,3,55,2,0,2,57
07/22/2022,STX,VI,ASO,ES,Federal Contract Tower,6,10,0,0,16,0,30,19,0,49,6,40,19,0,65,0,0,0,65
07/23/2022,STX,VI,ASO,ES,Federal Contract Tower,10,6,0,0,16,0,16,15,0,31,10,22,15,0,47,2,0,2,49
07/24/2022,STX,VI,ASO,ES,Federal Contract Tower,6,10,0,0,16,0,8,10,0,18,6,18,10,0,34,0,0,0,34
07/25/2022,STX,VI,ASO,ES,Federal Contract Tower,6,21,5,2,34,0,22,13,0,35,6,43,18,2,69,0,0,0,69
07/26/2022,STX,VI,ASO,ES,Federal Contract Tower,5,16,0,0,21,0,25,19,0,44,5,41,19,0,65,0,0,0,65
07/27/2022,STX,VI,ASO,ES,Federal Contract Tower,6,12,1,0,19,0,28,20,0,48,6,40,21,0,67,0,0,0,67
07/28/2022,STX,VI,ASO,ES,Federal Contract Tower,6,13,4,2,25,0,32,11,0,43,6,45,15,2,68,0,0,0,68
07/29/2022,STX,VI,ASO,ES,Federal Contract Tower,6,17,1,3,27,0,30,13,1,44,6,47,14,4,71,2,0,2,73
07/30/2022,STX,VI,ASO,ES,Federal Contract Tower,10,8,3,1,22,0,16,19,1,36,10,24,22,2,58,0,0,0,58
07/31/2022,STX,VI,ASO,ES,Federal Contract Tower,6,9,6,4,25,0,8,19,0,27,6,17,25,4,52,0,0,0,52
08/01/2022,STX,VI,ASO,ES,Federal Contract Tower,6,16,3,3,28,0,25,25,1,51,6,41,28,4,79,0,0,0,79
08/02/2022,STX,VI,ASO,ES,Federal Contract Tower,6,15,2,4,27,0,22,13,1,36,6,37,15,5,63,0,0,0,63
08/03/2022,STX,VI,ASO,ES,Federal Contract Tower,6,14,2,0,22,0,28,14,3,45,6,42,16,3,67,12,0,12,79
08/04/2022,STX,VI,ASO,ES,Federal Contract Tower,6,18,1,0,25,0,27,8,0,35,6,45,9,0,60,4,0,4,64
08/05/2022,STX,VI,ASO,ES,Federal Contract Tower,6,13,0,0,19,0,23,16,1,40,6,36,16,1,59,0,0,0,59
08/06/2022,STX,VI,ASO,ES,Federal Contract Tower,10,8,0,1,19,0,14,18,1,33,10,22,18,2,52,0,0,0,52
08/07/2022,STX,VI,ASO,ES,Federal Contract Tower,5,11,0,0,16,0,18,11,0,29,5,29,11,0,45,0,0,0,45
08/08/2022,STX,VI,ASO,ES,Federal Contract Tower,6,19,3,0,28,0,27,11,0,38,6,46,14,0,66,0,0,0,66
08/09/2022,STX,VI,ASO,ES,Federal Contract Tower,7,10,0,0,17,0,19,19,2,40,7,29,19,2,57,0,0,0,57
08/10/2022,STX,VI,ASO,ES,Federal Contract Tower,6,13,3,0,22,0,30,20,0,50,6,43,23,0,72,0,0,0,72
08/11/2022,STX,VI,ASO,ES,Federal Contract Tower,6,13,1,2,22,0,26,22,0,48,6,39,23,2,70,0,0,0,70
08/12/2022,STX,VI,ASO,ES,Federal Contract Tower,6,14,1,2,23,0,30,14,6,50,6,44,15,8,73,0,0,0,73
08/13/2022,STX,VI,ASO,ES,Federal Contract Tower,10,10,1,2,23,0,17,27,2,46,10,27,28,4,69,8,8,16,85
08/14/2022,STX,VI,ASO,ES,Federal Contract Tower,6,9,2,3,20,0,19,5,1,25,6,28,7,4,45,0,0,0,45
08/15/2022,STX,VI,ASO,ES,Federal Contract Tower,5,16,0,4,25,0,26,16,3,45,5,42,16,7,70,0,0,0,70
08/16/2022,STX,VI,ASO,ES,Federal Contract Tower,7,13,2,3,25,0,24,25,0,49,7,37,27,3,74,0,0,0,74
08/17/2022,STX,VI,ASO,ES,Federal Contract Tower,6,16,4,2,28,0,19,15,0,34,6,35,19,2,62,4,0,4,66
08/18/2022,STX,VI,ASO,ES,Federal Contract Tower,6,12,0,3,21,0,14,16,1,31,6,26,16,4,52,0,0,0,52
08/19/2022,STX,VI,ASO,ES,Federal Contract Tower,6,12,0,2,20,0,21,17,0,38,6,33,17,2,58,0,0,0,58
08/20/2022,STX,VI,ASO,ES,Federal Contract Tower,8,8,1,0,17,0,14,8,1,23,8,22,9,1,40,0,0,0,40
08/21/2022,STX,VI,ASO,ES,Federal Contract Tower,6,6,5,1,18,0,8,27,1,36,6,14,32,2,54,0,0,0,54
08/22/2022,STX,VI,ASO,ES,Federal Contract Tower,8,14,4,0,26,0,19,21,2,42,8,33,25,2,68,0,0,0,68
08/23/2022,STX,VI,ASO,ES,Federal Contract Tower,6,13,2,0,21,0,11,13,0,24,6,24,15,0,45,0,0,0,45
08/24/2022,STX,VI,ASO,ES,Federal Contract Tower,6,12,3,0,21,0,16,16,0,32,6,28,19,0,53,0,0,0,53
08/25/2022,STX,VI,ASO,ES,Federal Contract Tower,6,16,1,4,27,0,18,4,0,22,6,34,5,4,49,0,0,0,49
08/26/2022,STX,VI,ASO,ES,Federal Contract Tower,6,14,1,5,26,0,23,16,1,40,6,37,17,6,66,8,10,18,84
08/27/2022,STX,VI,ASO,ES,Federal Contract Tower,8,9,1,3,21,0,16,23,1,40,8,25,24,4,61,0,14,14,75
08/28/2022,STX,VI,ASO,ES,Federal Contract Tower,6,8,1,4,19,0,19,20,1,40,6,27,21,5,59,2,0,2,61
08/29/2022,STX,VI,ASO,ES,Federal Contract Tower,6,10,0,2,18,0,23,13,1,37,6,33,13,3,55,8,6,14,69
08/30/2022,STX,VI,ASO,ES,Federal Contract Tower,6,17,2,5,30,0,19,27,0,46,6,36,29,5,76,0,0,0,76
08/31/2022,STX,VI,ASO,ES,Federal Contract Tower,5,13,0,0,18,0,21,10,0,31,5,34,10,0,49,0,0,0,49
09/01/2022,STX,VI,ASO,ES,Federal Contract Tower,6,15,1,3,25,0,27,10,0,37,6,42,11,3,62,0,0,0,62
09/02/2022,STX,VI,ASO,ES,Federal Contract Tower,6,15,1,1,23,0,28,20,1,49,6,43,21,2,72,0,0,0,72
09/03/2022,STX,VI,ASO,ES,Federal Contract Tower,7,9,0,4,20,0,20,14,1,35,7,29,14,5,55,0,0,0,55
09/04/2022,STX,VI,ASO,ES,Federal Contract Tower,6,9,0,3,18,0,7,10,0,17,6,16,10,3,35,0,0,0,35
09/05/2022,STX,VI,ASO,ES,Federal Contract Tower,6,18,2,2,28,0,8,21,0,29,6,26,23,2,57,0,0,0,57
09/06/2022,STX,VI,ASO,ES,Federal Contract Tower,6,14,1,3,24,0,10,15,0,25,6,24,16,3,49,0,0,0,49
09/07/2022,STX,VI,ASO,ES,Federal Contract Tower,6,10,3,4,23,0,18,19,1,38,6,28,22,5,61,0,0,0,61
09/08/2022,STX,VI,ASO,ES,Federal Contract Tower,6,14,2,7,29,0,28,15,0,43,6,42,17,7,72,0,0,0,72
09/09/2022,STX,VI,ASO,ES,Federal Contract Tower,8,12,2,1,23,0,34,16,0,50,8,46,18,1,73,4,0,4,77
09/10/2022,STX,VI,ASO,ES,Federal Contract Tower,8,4,1,3,16,0,18,3,0,21,8,22,4,3,37,0,0,0,37
09/11/2022,STX,VI,ASO,ES,Federal Contract Tower,6,4,2,1,13,0,17,2,0,19,6,21,4,1,32,0,0,0,32
09/12/2022,STX,VI,ASO,ES,Federal Contract Tower,6,14,1,1,22,0,17,20,0,37,6,31,21,1,59,0,0,0,59
09/13/2022,STX,VI,ASO,ES,Federal Contract Tower,6,16,2,2,26,0,27,28,0,55,6,43,30,2,81,6,0,6,87
09/14/2022,STX,VI,ASO,ES,Federal Contract Tower,5,14,2,6,27,0,17,15,0,32,5,31,17,6,59,0,0,0,59
09/15/2022,STX,VI,ASO,ES,Federal Contract Tower,5,14,5,1,25,0,21,14,0,35,5,35,19,1,60,0,0,0,60
09/16/2022,STX,VI,ASO,ES,Federal Contract Tower,5,13,5,0,23,0,18,2,0,20,5,31,7,0,43,0,0,0,43
09/17/2022,STX,VI,ASO,ES,Federal Contract Tower,1,0,0,0,1,0,0,0,0,0,1,0,0,0,1,0,0,0,1
09/18/2022,STX,VI,ASO,ES,Federal Contract Tower,0,0,0,0,0,0,0,0,0,0,0,0,0,0,0,0,0,0,0
09/20/2022,STX,VI,ASO,ES,Federal Contract Tower,8,16,7,6,37,0,25,21,0,46,8,41,28,6,83,0,0,0,83
09/21/2022,STX,VI,ASO,ES,Federal Contract Tower,6,11,5,5,27,0,21,25,0,46,6,32,30,5,73,0,0,0,73
09/22/2022,STX,VI,ASO,ES,Federal Contract Tower,6,16,0,5,27,0,26,11,0,37,6,42,11,5,64,0,0,0,64
09/23/2022,STX,VI,ASO,ES,Federal Contract Tower,6,16,3,3,28,0,24,15,1,40,6,40,18,4,68,0,0,0,68
09/24/2022,STX,VI,ASO,ES,Federal Contract Tower,8,8,2,4,22,0,16,1,0,17,8,24,3,4,39,0,0,0,39
09/25/2022,STX,VI,ASO,ES,Federal Contract Tower,6,4,1,2,13,0,17,13,0,30,6,21,14,2,43,0,0,0,43
09/26/2022,STX,VI,ASO,ES,Federal Contract Tower,6,14,2,2,24,0,22,9,0,31,6,36,11,2,55,0,0,0,55
09/27/2022,STX,VI,ASO,ES,Federal Contract Tower,5,12,6,3,26,0,25,23,1,49,5,37,29,4,75,2,0,2,77
09/28/2022,STX,VI,ASO,ES,Federal Contract Tower,3,12,4,0,19,0,15,12,0,27,3,27,16,0,46,0,0,0,46
09/29/2022,STX,VI,ASO,ES,Federal Contract Tower,6,15,3,0,24,0,26,7,0,33,6,41,10,0,57,0,0,0,57
09/30/2022,STX,VI,ASO,ES,Federal Contract Tower,6,12,2,1,21,0,29,14,0,43,6,41,16,1,64,0,0,0,64
10/01/2022,STX,VI,ASO,ES,Federal Contract Tower,8,4,3,0,15,0,15,7,0,22,8,19,10,0,37,0,0,0,37
10/02/2022,STX,VI,ASO,ES,Federal Contract Tower,6,5,1,2,14,0,11,6,0,17,6,16,7,2,31,0,0,0,31
10/03/2022,STX,VI,ASO,ES,Federal Contract Tower,6,17,1,6,30,0,24,21,2,47,6,41,22,8,77,6,0,6,83
10/04/2022,STX,VI,ASO,ES,Federal Contract Tower,6,15,1,4,26,0,14,20,0,34,6,29,21,4,60,0,0,0,60
10/05/2022,STX,VI,ASO,ES,Federal Contract Tower,6,8,2,2,18,0,19,18,0,37,6,27,20,2,55,0,0,0,55
10/06/2022,STX,VI,ASO,ES,Federal Contract Tower,5,17,0,1,23,0,32,21,2,55,5,49,21,3,78,0,0,0,78
10/07/2022,STX,VI,ASO,ES,Federal Contract Tower,6,14,2,3,25,0,33,10,0,43,6,47,12,3,68,0,0,0,68
10/08/2022,STX,VI,ASO,ES,Federal Contract Tower,8,6,0,2,16,0,19,10,0,29,8,25,10,2,45,0,0,0,45
10/09/2022,STX,VI,ASO,ES,Federal Contract Tower,6,6,1,1,14,0,17,14,0,31,6,23,15,1,45,0,0,0,45
10/10/2022,STX,VI,ASO,ES,Federal Contract Tower,6,10,0,3,19,0,40,13,0,53,6,50,13,3,72,0,0,0,72
10/11/2022,STX,VI,ASO,ES,Federal Contract Tower,6,13,0,0,19,0,27,27,0,54,6,40,27,0,73,6,0,6,79
10/12/2022,STX,VI,ASO,ES,Federal Contract Tower,6,18,0,2,26,0,20,17,1,38,6,38,17,3,64,4,0,4,68
10/13/2022,STX,VI,ASO,ES,Federal Contract Tower,5,18,1,0,24,0,25,18,0,43,5,43,19,0,67,8,0,8,75
10/14/2022,STX,VI,ASO,ES,Federal Contract Tower,7,19,1,0,27,0,21,13,2,36,7,40,14,2,63,0,0,0,63
10/15/2022,STX,VI,ASO,ES,Federal Contract Tower,8,7,1,0,16,0,17,5,0,22,8,24,6,0,38,0,0,0,38
10/16/2022,STX,VI,ASO,ES,Federal Contract Tower,6,8,1,0,15,0,14,4,0,18,6,22,5,0,33,0,0,0,33
10/17/2022,STX,VI,ASO,ES,Federal Contract Tower,6,17,1,0,24,0,28,11,0,39,6,45,12,0,63,6,0,6,69
10/18/2022,STX,VI,ASO,ES,Federal Contract Tower,6,14,3,0,23,0,25,20,0,45,6,39,23,0,68,2,0,2,70
10/19/2022,STX,VI,ASO,ES,Federal Contract Tower,6,12,1,0,19,0,19,13,0,32,6,31,14,0,51,0,0,0,51
10/20/2022,STX,VI,ASO,ES,Federal Contract Tower,6,17,1,0,24,0,33,15,0,48,6,50,16,0,72,2,0,2,74
10/21/2022,STX,VI,ASO,ES,Federal Contract Tower,6,12,2,0,20,0,25,11,1,37,6,37,13,1,57,0,0,0,57
10/22/2022,STX,VI,ASO,ES,Federal Contract Tower,8,3,1,0,12,0,18,19,2,39,8,21,20,2,51,0,0,0,51
10/23/2022,STX,VI,ASO,ES,Federal Contract Tower,6,5,2,0,13,0,24,9,0,33,6,29,11,0,46,0,0,0,46
10/24/2022,STX,VI,ASO,ES,Federal Contract Tower,6,12,0,0,18,0,27,8,0,35,6,39,8,0,53,0,0,0,53
10/25/2022,STX,VI,ASO,ES,Federal Contract Tower,6,10,0,1,17,0,23,25,1,49,6,33,25,2,66,6,0,6,72
10/26/2022,STX,VI,ASO,ES,Federal Contract Tower,6,24,0,2,32,0,11,9,0,20,6,35,9,2,52,0,0,0,52
10/27/2022,STX,VI,ASO,ES,Federal Contract Tower,6,19,4,2,31,0,25,14,0,39,6,44,18,2,70,0,0,0,70
10/28/2022,STX,VI,ASO,ES,Federal Contract Tower,6,13,0,3,22,0,26,15,0,41,6,39,15,3,63,18,0,18,81
10/29/2022,STX,VI,ASO,ES,Federal Contract Tower,8,8,0,3,19,0,19,8,0,27,8,27,8,3,46,18,0,18,64
10/30/2022,STX,VI,ASO,ES,Federal Contract Tower,6,7,3,4,20,0,16,5,0,21,6,23,8,4,41,0,0,0,41
10/31/2022,STX,VI,ASO,ES,Federal Contract Tower,6,19,4,3,32,0,20,11,0,31,6,39,15,3,63,4,0,4,67
11/01/2022,STX,VI,ASO,ES,Federal Contract Tower,6,12,6,3,27,0,19,10,0,29,6,31,16,3,56,0,0,0,56
11/02/2022,STX,VI,ASO,ES,Federal Contract Tower,6,15,4,4,29,0,21,17,0,38,6,36,21,4,67,10,0,10,77
11/03/2022,STX,VI,ASO,ES,Federal Contract Tower,5,19,2,1,27,0,24,15,0,39,5,43,17,1,66,20,0,20,86
11/04/2022,STX,VI,ASO,ES,Federal Contract Tower,4,14,7,3,28,0,20,8,2,30,4,34,15,5,58,0,0,0,58
11/05/2022,STX,VI,ASO,ES,Federal Contract Tower,8,4,16,0,28,0,1,2,0,3,8,5,18,0,31,2,0,2,33
11/06/2022,STX,VI,ASO,ES,Federal Contract Tower,4,9,3,1,17,0,18,14,0,32,4,27,17,1,49,0,0,0,49
11/07/2022,STX,VI,ASO,ES,Federal Contract Tower,4,19,3,0,26,0,22,13,0,35,4,41,16,0,61,6,0,6,67
11/08/2022,STX,VI,ASO,ES,Federal Contract Tower,4,15,5,0,24,0,12,11,0,23,4,27,16,0,47,6,0,6,53
11/09/2022,STX,VI,ASO,ES,Federal Contract Tower,4,14,7,0,25,0,32,11,0,43,4,46,18,0,68,0,0,0,68
11/10/2022,STX,VI,ASO,ES,Federal Contract Tower,4,17,3,1,25,0,40,13,0,53,4,57,16,1,78,0,0,0,78
11/11/2022,STX,VI,ASO,ES,Federal Contract Tower,4,11,2,1,18,0,27,19,0,46,4,38,21,1,64,0,0,0,64
11/12/2022,STX,VI,ASO,ES,Federal Contract Tower,8,7,0,0,15,0,19,4,0,23,8,26,4,0,38,0,0,0,38
11/13/2022,STX,VI,ASO,ES,Federal Contract Tower,4,7,0,2,13,0,15,4,0,19,4,22,4,2,32,6,0,6,38
11/14/2022,STX,VI,ASO,ES,Federal Contract Tower,4,19,2,0,25,0,20,6,0,26,4,39,8,0,51,10,0,10,61
11/15/2022,STX,VI,ASO,ES,Federal Contract Tower,4,16,6,0,26,0,25,25,0,50,4,41,31,0,76,10,0,10,86
11/16/2022,STX,VI,ASO,ES,Federal Contract Tower,4,17,4,0,25,0,19,23,0,42,4,36,27,0,67,0,0,0,67
11/17/2022,STX,VI,ASO,ES,Federal Contract Tower,4,17,6,0,27,0,27,16,0,43,4,44,22,0,70,0,0,0,70
11/18/2022,STX,VI,ASO,ES,Federal Contract Tower,4,15,4,0,23,0,21,14,2,37,4,36,18,2,60,6,0,6,66
11/19/2022,STX,VI,ASO,ES,Federal Contract Tower,8,7,3,4,22,0,28,12,10,50,8,35,15,14,72,0,0,0,72
11/20/2022,STX,VI,ASO,ES,Federal Contract Tower,4,10,2,0,16,0,11,6,1,18,4,21,8,1,34,0,0,0,34
11/21/2022,STX,VI,ASO,ES,Federal Contract Tower,4,15,6,2,27,0,25,12,0,37,4,40,18,2,64,4,0,4,68
11/22/2022,STX,VI,ASO,ES,Federal Contract Tower,4,14,3,1,22,0,18,8,2,28,4,32,11,3,50,4,0,4,54
11/23/2022,STX,VI,ASO,ES,Federal Contract Tower,4,16,1,0,21,0,28,19,0,47,4,44,20,0,68,0,0,0,68
11/24/2022,STX,VI,ASO,ES,Federal Contract Tower,2,9,2,0,13,0,17,5,0,22,2,26,7,0,35,4,0,4,39
11/25/2022,STX,VI,ASO,ES,Federal Contract Tower,4,11,0,0,15,0,16,5,0,21,4,27,5,0,36,0,0,0,36
11/26/2022,STX,VI,ASO,ES,Federal Contract Tower,8,7,0,0,15,0,16,6,0,22,8,23,6,0,37,0,0,0,37
11/27/2022,STX,VI,ASO,ES,Federal Contract Tower,4,11,3,0,18,0,19,5,0,24,4,30,8,0,42,0,0,0,42
11/28/2022,STX,VI,ASO,ES,Federal Contract Tower,4,15,5,0,24,0,23,12,0,35,4,38,17,0,59,8,0,8,67
11/29/2022,STX,VI,ASO,ES,Federal Contract Tower,4,14,4,0,22,0,20,16,0,36,4,34,20,0,58,0,0,0,58
11/30/2022,STX,VI,ASO,ES,Federal Contract Tower,4,21,4,0,29,0,23,13,0,36,4,44,17,0,65,0,0,0,65
12/01/2022,STX,VI,ASO,ES,Federal Contract Tower,4,17,2,0,23,0,27,19,0,46,4,44,21,0,69,0,0,0,69
12/02/2022,STX,VI,ASO,ES,Federal Contract Tower,4,16,2,1,23,0,25,14,1,40,4,41,16,2,63,6,0,6,69
12/03/2022,STX,VI,ASO,ES,Federal Contract Tower,8,6,3,0,17,0,15,5,0,20,8,21,8,0,37,0,0,0,37
12/04/2022,STX,VI,ASO,ES,Federal Contract Tower,4,9,2,0,15,0,12,8,0,20,4,21,10,0,35,0,0,0,35
12/05/2022,STX,VI,ASO,ES,Federal Contract Tower,4,21,2,1,28,0,25,9,1,35,4,46,11,2,63,6,0,6,69
12/06/2022,STX,VI,ASO,ES,Federal Contract Tower,4,13,7,4,28,0,11,13,0,24,4,24,20,4,52,0,0,0,52
12/07/2022,STX,VI,ASO,ES,Federal Contract Tower,4,15,4,3,26,0,26,21,1,48,4,41,25,4,74,0,0,0,74
12/08/2022,STX,VI,ASO,ES,Federal Contract Tower,4,23,0,0,27,0,24,26,2,52,4,47,26,2,79,0,0,0,79
12/09/2022,STX,VI,ASO,ES,Federal Contract Tower,4,16,1,2,23,0,31,32,2,65,4,47,33,4,88,0,0,0,88
12/11/2022,STX,VI,ASO,ES,Federal Contract Tower,4,10,1,2,17,0,20,5,1,26,4,30,6,3,43,0,0,0,43
12/12/2022,STX,VI,ASO,ES,Federal Contract Tower,4,20,2,2,28,0,27,25,2,54,4,47,27,4,82,0,0,0,82
12/13/2022,STX,VI,ASO,ES,Federal Contract Tower,4,16,2,0,22,0,23,28,0,51,4,39,30,0,73,0,0,0,73
12/14/2022,STX,VI,ASO,ES,Federal Contract Tower,4,15,1,1,21,0,28,18,1,47,4,43,19,2,68,10,0,10,78
12/15/2022,STX,VI,ASO,ES,Federal Contract Tower,6,22,2,0,30,0,44,26,0,70,6,66,28,0,100,2,0,2,102
12/16/2022,STX,VI,ASO,ES,Federal Contract Tower,6,18,1,0,25,0,30,8,1,39,6,48,9,1,64,0,0,0,64
12/17/2022,STX,VI,ASO,ES,Federal Contract Tower,8,8,0,1,17,0,28,8,0,36,8,36,8,1,53,0,0,0,53
12/18/2022,STX,VI,ASO,ES,Federal Contract Tower,8,11,3,2,24,0,20,8,2,30,8,31,11,4,54,0,0,0,54
12/19/2022,STX,VI,ASO,ES,Federal Contract Tower,8,20,3,5,36,0,33,16,0,49,8,53,19,5,85,0,0,0,85
12/20/2022,STX,VI,ASO,ES,Federal Contract Tower,8,15,0,0,23,0,29,27,1,57,8,44,27,1,80,0,0,0,80
12/21/2022,STX,VI,ASO,ES,Federal Contract Tower,8,16,4,1,29,0,21,18,0,39,8,37,22,1,68,0,0,0,68
12/22/2022,STX,VI,ASO,ES,Federal Contract Tower,6,21,2,12,41,0,34,16,0,50,6,55,18,12,91,0,0,0,91
12/23/2022,STX,VI,ASO,ES,Federal Contract Tower,8,10,1,8,27,0,29,25,0,54,8,39,26,8,81,0,0,0,81
12/24/2022,STX,VI,ASO,ES,Federal Contract Tower,6,7,3,2,18,0,12,9,10,31,6,19,12,12,49,0,0,0,49
12/25/2022,STX,VI,ASO,ES,Federal Contract Tower,8,7,0,0,15,0,11,8,2,21,8,18,8,2,36,0,0,0,36
12/26/2022,STX,VI,ASO,ES,Federal Contract Tower,6,11,4,6,27,0,30,14,8,52,6,41,18,14,79,0,0,0,79
12/27/2022,STX,VI,ASO,ES,Federal Contract Tower,8,18,3,2,31,0,20,7,0,27,8,38,10,2,58,0,0,0,58
12/28/2022,STX,VI,ASO,ES,Federal Contract Tower,8,31,2,0,41,0,0,2,0,2,8,31,4,0,43,0,0,0,43
12/29/2022,STX,VI,ASO,ES,Federal Contract Tower,8,33,3,2,46,0,1,1,2,4,8,34,4,4,50,0,0,0,50
12/30/2022,STX,VI,ASO,ES,Federal Contract Tower,8,32,4,0,44,0,0,2,0,2,8,32,6,0,46,0,2,2,48
12/31/2022,STX,VI,ASO,ES,Federal Contract Tower,6,24,1,0,31,0,0,2,1,3,6,24,3,1,34,0,0,0,34
01/01/2023,STX,VI,ASO,ES,Federal Contract Tower,6,19,3,2,30,0,0,5,2,7,6,19,8,4,37,0,0,0,37
01/02/2023,STX,VI,ASO,ES,Federal Contract Tower,8,21,4,8,41,0,9,8,6,23,8,30,12,14,64,0,0,0,64
01/03/2023,STX,VI,ASO,ES,Federal Contract Tower,8,15,6,5,34,0,28,37,2,67,8,43,43,7,101,0,0,0,101
01/04/2023,STX,VI,ASO,ES,Federal Contract Tower,8,20,3,0,31,0,33,41,0,74,8,53,44,0,105,0,0,0,105
01/05/2023,STX,VI,ASO,ES,Federal Contract Tower,8,19,1,3,31,0,32,22,0,54,8,51,23,3,85,0,0,0,85
01/06/2023,STX,VI,ASO,ES,Federal Contract Tower,8,12,2,4,26,0,30,6,2,38,8,42,8,6,64,0,0,0,64
01/07/2023,STX,VI,ASO,ES,Federal Contract Tower,8,8,3,3,22,0,22,9,1,32,8,30,12,4,54,0,0,0,54
01/08/2023,STX,VI,ASO,ES,Federal Contract Tower,8,13,6,5,32,0,28,43,1,72,8,41,49,6,104,0,0,0,104
01/09/2023,STX,VI,ASO,ES,Federal Contract Tower,8,20,3,1,32,0,38,27,1,66,8,58,30,2,98,0,0,0,98
01/10/2023,STX,VI,ASO,ES,Federal Contract Tower,2,14,5,1,22,0,28,38,1,67,2,42,43,2,89,8,2,10,99
01/11/2023,STX,VI,ASO,ES,Federal Contract Tower,4,15,1,1,21,0,28,30,0,58,4,43,31,1,79,0,0,0,79
01/12/2023,STX,VI,ASO,ES,Federal Contract Tower,6,17,3,1,27,0,0,0,0,0,6,17,3,1,27,0,0,0,27
01/13/2023,STX,VI,ASO,ES,Federal Contract Tower,4,17,0,0,21,0,24,16,1,41,4,41,16,1,62,0,0,0,62
01/14/2023,STX,VI,ASO,ES,Federal Contract Tower,7,6,1,1,15,0,24,11,1,36,7,30,12,2,51,0,0,0,51
01/15/2023,STX,VI,ASO,ES,Federal Contract Tower,4,14,5,0,23,0,13,8,0,21,4,27,13,0,44,4,0,4,48
01/16/2023,STX,VI,ASO,ES,Federal Contract Tower,6,20,6,3,35,0,20,11,0,31,6,40,17,3,66,0,0,0,66
01/17/2023,STX,VI,ASO,ES,Federal Contract Tower,2,12,5,0,19,0,30,27,0,57,2,42,32,0,76,0,0,0,76
01/18/2023,STX,VI,ASO,ES,Federal Contract Tower,4,14,4,0,22,0,18,12,0,30,4,32,16,0,52,0,0,0,52
01/19/2023,STX,VI,ASO,ES,Federal Contract Tower,6,18,2,1,27,0,22,11,1,34,6,40,13,2,61,0,0,0,61
01/20/2023,STX,VI,ASO,ES,Federal Contract Tower,4,17,0,3,24,0,17,11,2,30,4,34,11,5,54,0,0,0,54
01/21/2023,STX,VI,ASO,ES,Federal Contract Tower,8,8,3,1,20,0,14,8,2,24,8,22,11,3,44,0,0,0,44
01/22/2023,STX,VI,ASO,ES,Federal Contract Tower,4,12,2,0,18,0,20,6,1,27,4,32,8,1,45,0,0,0,45
01/23/2023,STX,VI,ASO,ES,Federal Contract Tower,6,18,3,3,30,0,22,8,0,30,6,40,11,3,60,0,0,0,60
01/24/2023,STX,VI,ASO,ES,Federal Contract Tower,2,20,1,5,28,0,18,23,0,41,2,38,24,5,69,0,0,0,69
01/25/2023,STX,VI,ASO,ES,Federal Contract Tower,4,19,0,4,27,0,20,21,0,41,4,39,21,4,68,0,8,8,76
01/26/2023,STX,VI,ASO,ES,Federal Contract Tower,6,18,6,3,33,0,23,8,0,31,6,41,14,3,64,0,0,0,64
01/27/2023,STX,VI,ASO,ES,Federal Contract Tower,4,18,6,4,32,0,18,17,0,35,4,36,23,4,67,0,0,0,67
01/28/2023,STX,VI,ASO,ES,Federal Contract Tower,8,7,6,1,22,0,12,16,0,28,8,19,22,1,50,0,0,0,50
01/29/2023,STX,VI,ASO,ES,Federal Contract Tower,4,9,0,3,16,0,10,7,0,17,4,19,7,3,33,0,0,0,33
01/30/2023,STX,VI,ASO,ES,Federal Contract Tower,6,19,5,1,31,0,22,10,0,32,6,41,15,1,63,0,0,0,63
01/31/2023,STX,VI,ASO,ES,Federal Contract Tower,2,14,2,2,20,0,23,18,0,41,2,37,20,2,61,0,0,0,61
02/01/2023,STX,VI,ASO,ES,Federal Contract Tower,4,22,0,0,26,0,21,22,0,43,4,43,22,0,69,0,0,0,69
02/02/2023,STX,VI,ASO,ES,Federal Contract Tower,6,21,9,1,37,0,24,14,1,39,6,45,23,2,76,0,0,0,76
02/03/2023,STX,VI,ASO,ES,Federal Contract Tower,6,18,2,0,26,0,20,10,2,32,6,38,12,2,58,0,0,0,58
02/04/2023,STX,VI,ASO,ES,Federal Contract Tower,10,7,1,1,19,0,12,0,2,14,10,19,1,3,33,0,0,0,33
02/05/2023,STX,VI,ASO,ES,Federal Contract Tower,5,10,4,0,19,0,15,5,1,21,5,25,9,1,40,0,0,0,40
02/06/2023,STX,VI,ASO,ES,Federal Contract Tower,9,21,2,1,33,0,24,13,1,38,9,45,15,2,71,0,0,0,71
02/07/2023,STX,VI,ASO,ES,Federal Contract Tower,4,17,2,1,24,0,23,13,1,37,4,40,15,2,61,0,0,0,61
02/08/2023,STX,VI,ASO,ES,Federal Contract Tower,8,14,1,0,23,0,18,17,0,35,8,32,18,0,58,0,0,0,58
02/09/2023,STX,VI,ASO,ES,Federal Contract Tower,8,20,4,0,32,0,27,20,1,48,8,47,24,1,80,0,0,0,80
02/10/2023,STX,VI,ASO,ES,Federal Contract Tower,6,14,1,0,21,0,23,12,2,37,6,37,13,2,58,0,0,0,58
02/11/2023,STX,VI,ASO,ES,Federal Contract Tower,10,9,4,0,23,0,16,7,1,24,10,25,11,1,47,0,0,0,47
02/12/2023,STX,VI,ASO,ES,Federal Contract Tower,6,13,1,0,20,0,20,11,0,31,6,33,12,0,51,0,0,0,51
02/13/2023,STX,VI,ASO,ES,Federal Contract Tower,8,20,2,1,31,0,27,17,1,45,8,47,19,2,76,0,0,0,76
02/14/2023,STX,VI,ASO,ES,Federal Contract Tower,6,14,4,0,24,0,22,19,1,42,6,36,23,1,66,0,0,0,66
02/15/2023,STX,VI,ASO,ES,Federal Contract Tower,8,16,4,1,29,0,20,19,0,39,8,36,23,1,68,0,0,0,68
02/16/2023,STX,VI,ASO,ES,Federal Contract Tower,8,18,3,0,29,0,30,18,0,48,8,48,21,0,77,0,0,0,77
02/17/2023,STX,VI,ASO,ES,Federal Contract Tower,6,19,0,0,25,0,39,29,0,68,6,58,29,0,93,0,0,0,93
02/18/2023,STX,VI,ASO,ES,Federal Contract Tower,10,8,5,0,23,0,20,18,0,38,10,28,23,0,61,2,0,2,63
02/19/2023,STX,VI,ASO,ES,Federal Contract Tower,6,13,2,0,21,0,17,23,0,40,6,30,25,0,61,0,0,0,61
02/20/2023,STX,VI,ASO,ES,Federal Contract Tower,8,13,1,0,22,0,30,38,0,68,8,43,39,0,90,0,0,0,90
02/21/2023,STX,VI,ASO,ES,Federal Contract Tower,6,16,1,0,23,0,22,20,1,43,6,38,21,1,66,2,0,2,68
02/22/2023,STX,VI,ASO,ES,Federal Contract Tower,8,14,0,2,24,0,23,6,0,29,8,37,6,2,53,0,0,0,53
02/23/2023,STX,VI,ASO,ES,Federal Contract Tower,8,21,2,6,37,0,33,12,0,45,8,54,14,6,82,0,0,0,82
02/24/2023,STX,VI,ASO,ES,Federal Contract Tower,6,16,2,15,39,0,26,18,4,48,6,42,20,19,87,0,0,0,87
02/25/2023,STX,VI,ASO,ES,Federal Contract Tower,10,7,1,5,23,0,16,2,3,21,10,23,3,8,44,0,0,0,44
02/26/2023,STX,VI,ASO,ES,Federal Contract Tower,6,10,0,1,17,0,17,12,1,30,6,27,12,2,47,0,0,0,47
02/27/2023,STX,VI,ASO,ES,Federal Contract Tower,8,19,1,2,30,0,28,10,0,38,8,47,11,2,68,0,0,0,68
02/28/2023,STX,VI,ASO,ES,Federal Contract Tower,6,11,2,1,20,0,22,10,1,33,6,33,12,2,53,0,0,0,53
03/01/2023,STX,VI,ASO,ES,Federal Contract Tower,7,14,1,2,24,0,21,20,1,42,7,35,21,3,66,8,0,8,74
03/02/2023,STX,VI,ASO,ES,Federal Contract Tower,8,15,0,0,23,0,31,14,0,45,8,46,14,0,68,0,0,0,68
03/03/2023,STX,VI,ASO,ES,Federal Contract Tower,6,15,1,0,22,0,23,12,0,35,6,38,13,0,57,8,0,8,65
03/04/2023,STX,VI,ASO,ES,Federal Contract Tower,10,7,2,0,19,0,17,6,0,23,10,24,8,0,42,0,0,0,42
03/05/2023,STX,VI,ASO,ES,Federal Contract Tower,6,10,3,2,21,0,23,10,0,33,6,33,13,2,54,0,0,0,54
03/06/2023,STX,VI,ASO,ES,Federal Contract Tower,8,17,1,0,26,0,30,13,0,43,8,47,14,0,69,0,0,0,69
03/07/2023,STX,VI,ASO,ES,Federal Contract Tower,6,11,4,0,21,0,23,12,0,35,6,34,16,0,56,12,0,12,68
03/08/2023,STX,VI,ASO,ES,Federal Contract Tower,8,15,3,0,26,0,22,8,0,30,8,37,11,0,56,0,0,0,56
03/09/2023,STX,VI,ASO,ES,Federal Contract Tower,8,15,4,0,27,0,24,20,0,44,8,39,24,0,71,0,0,0,71
03/10/2023,STX,VI,ASO,ES,Federal Contract Tower,8,13,6,0,27,0,27,12,0,39,8,40,18,0,66,0,0,0,66
03/11/2023,STX,VI,ASO,ES,Federal Contract Tower,10,8,3,1,22,0,16,25,0,41,10,24,28,1,63,0,0,0,63
03/12/2023,STX,VI,ASO,ES,Federal Contract Tower,8,11,2,2,23,0,15,22,0,37,8,26,24,2,60,0,0,0,60
03/13/2023,STX,VI,ASO,ES,Federal Contract Tower,6,18,3,3,30,0,23,18,0,41,6,41,21,3,71,0,0,0,71
03/14/2023,STX,VI,ASO,ES,Federal Contract Tower,8,10,2,0,20,0,24,12,0,36,8,34,14,0,56,0,0,0,56
03/15/2023,STX,VI,ASO,ES,Federal Contract Tower,6,16,0,0,22,0,12,19,0,31,6,28,19,0,53,0,0,0,53
03/16/2023,STX,VI,ASO,ES,Federal Contract Tower,8,18,0,2,28,0,28,17,1,46,8,46,17,3,74,0,0,0,74
03/17/2023,STX,VI,ASO,ES,Federal Contract Tower,8,16,2,4,30,0,20,18,2,40,8,36,20,6,70,0,0,0,70
03/18/2023,STX,VI,ASO,ES,Federal Contract Tower,10,6,2,2,20,0,16,5,0,21,10,22,7,2,41,0,0,0,41
03/19/2023,STX,VI,ASO,ES,Federal Contract Tower,8,8,0,0,16,0,11,10,0,21,8,19,10,0,37,0,0,0,37
03/20/2023,STX,VI,ASO,ES,Federal Contract Tower,6,18,4,2,30,0,22,12,0,34,6,40,16,2,64,0,0,0,64
03/21/2023,STX,VI,ASO,ES,Federal Contract Tower,8,14,3,2,27,0,21,27,2,50,8,35,30,4,77,2,0,2,79
03/22/2023,STX,VI,ASO,ES,Federal Contract Tower,6,21,4,3,34,0,20,16,1,37,6,41,20,4,71,0,0,0,71
03/23/2023,STX,VI,ASO,ES,Federal Contract Tower,8,20,2,4,34,0,23,21,2,46,8,43,23,6,80,0,0,0,80
03/24/2023,STX,VI,ASO,ES,Federal Contract Tower,8,14,0,5,27,0,23,15,3,41,8,37,15,8,68,0,0,0,68
03/25/2023,STX,VI,ASO,ES,Federal Contract Tower,10,9,3,5,27,0,14,11,3,28,10,23,14,8,55,0,0,0,55
03/26/2023,STX,VI,ASO,ES,Federal Contract Tower,8,8,5,4,25,0,16,19,2,37,8,24,24,6,62,6,0,6,68
03/27/2023,STX,VI,ASO,ES,Federal Contract Tower,6,16,3,2,27,0,20,13,0,33,6,36,16,2,60,0,0,0,60
03/28/2023,STX,VI,ASO,ES,Federal Contract Tower,8,14,2,0,24,0,19,16,1,36,8,33,18,1,60,0,0,0,60
03/29/2023,STX,VI,ASO,ES,Federal Contract Tower,6,14,1,0,21,0,10,20,2,32,6,24,21,2,53,0,0,0,53
03/30/2023,STX,VI,ASO,ES,Federal Contract Tower,8,17,4,0,29,0,31,9,1,41,8,48,13,1,70,8,0,8,78
04/01/2023,STX,VI,ASO,ES,Federal Contract Tower,10,9,4,0,23,0,16,4,0,20,10,25,8,0,43,0,0,0,43
04/02/2023,STX,VI,ASO,ES,Federal Contract Tower,8,10,5,0,23,0,16,12,0,28,8,26,17,0,51,0,0,0,51
04/03/2023,STX,VI,ASO,ES,Federal Contract Tower,7,18,4,0,29,0,21,6,0,27,7,39,10,0,56,0,0,0,56
04/04/2023,STX,VI,ASO,ES,Federal Contract Tower,8,14,3,0,25,0,18,14,0,32,8,32,17,0,57,0,0,0,57
04/05/2023,STX,VI,ASO,ES,Federal Contract Tower,6,21,1,0,28,0,12,14,0,26,6,33,15,0,54,0,0,0,54
04/06/2023,STX,VI,ASO,ES,Federal Contract Tower,8,22,5,4,39,0,15,4,1,20,8,37,9,5,59,0,0,0,59
04/07/2023,STX,VI,ASO,ES,Federal Contract Tower,8,10,4,2,24,0,21,2,1,24,8,31,6,3,48,4,0,4,52
04/08/2023,STX,VI,ASO,ES,Federal Contract Tower,9,8,2,2,21,0,12,0,0,12,9,20,2,2,33,0,0,0,33
04/09/2023,STX,VI,ASO,ES,Federal Contract Tower,10,8,2,0,20,0,14,1,1,16,10,22,3,1,36,0,0,0,36
04/10/2023,STX,VI,ASO,ES,Federal Contract Tower,6,14,6,1,27,0,23,2,0,25,6,37,8,1,52,0,0,0,52
04/11/2023,STX,VI,ASO,ES,Federal Contract Tower,6,16,5,1,28,0,18,17,0,35,6,34,22,1,63,0,0,0,63
04/12/2023,STX,VI,ASO,ES,Federal Contract Tower,5,14,1,0,20,0,24,15,0,39,5,38,16,0,59,0,0,0,59
04/13/2023,STX,VI,ASO,ES,Federal Contract Tower,4,20,4,0,28,0,23,6,5,34,4,43,10,5,62,0,0,0,62
04/14/2023,STX,VI,ASO,ES,Federal Contract Tower,4,23,0,0,27,0,20,16,1,37,4,43,16,1,64,0,0,0,64
04/15/2023,STX,VI,ASO,ES,Federal Contract Tower,9,9,3,0,21,0,17,4,0,21,9,26,7,0,42,0,0,0,42
04/16/2023,STX,VI,ASO,ES,Federal Contract Tower,5,12,0,0,17,0,18,6,1,25,5,30,6,1,42,4,0,4,46
04/17/2023,STX,VI,ASO,ES,Federal Contract Tower,6,18,0,1,25,0,27,13,0,40,6,45,13,1,65,0,0,0,65
04/18/2023,STX,VI,ASO,ES,Federal Contract Tower,6,16,4,0,26,0,19,16,0,35,6,35,20,0,61,0,0,0,61
04/19/2023,STX,VI,ASO,ES,Federal Contract Tower,6,20,2,0,28,0,16,21,0,37,6,36,23,0,65,0,0,0,65
04/20/2023,STX,VI,ASO,ES,Federal Contract Tower,6,17,1,0,24,0,25,16,0,41,6,42,17,0,65,0,0,0,65
04/21/2023,STX,VI,ASO,ES,Federal Contract Tower,6,18,2,2,28,0,24,12,1,37,6,42,14,3,65,0,0,0,65
04/22/2023,STX,VI,ASO,ES,Federal Contract Tower,10,8,0,0,18,0,16,7,0,23,10,24,7,0,41,10,0,10,51
04/23/2023,STX,VI,ASO,ES,Federal Contract Tower,8,12,2,1,23,0,19,9,0,28,8,31,11,1,51,0,0,0,51
04/24/2023,STX,VI,ASO,ES,Federal Contract Tower,6,20,2,3,31,0,24,23,3,50,6,44,25,6,81,0,0,0,81
04/25/2023,STX,VI,ASO,ES,Federal Contract Tower,6,16,2,5,29,0,24,29,1,54,6,40,31,6,83,0,0,0,83
04/26/2023,STX,VI,ASO,ES,Federal Contract Tower,5,15,1,1,22,0,35,21,0,56,5,50,22,1,78,6,0,6,84
04/27/2023,STX,VI,ASO,ES,Federal Contract Tower,6,20,3,1,30,0,24,16,1,41,6,44,19,2,71,0,20,20,91
04/28/2023,STX,VI,ASO,ES,Federal Contract Tower,3,17,1,0,21,0,16,22,0,38,3,33,23,0,59,6,0,6,65
04/29/2023,STX,VI,ASO,ES,Federal Contract Tower,13,7,7,0,27,0,16,20,1,37,13,23,27,1,64,0,30,30,94
04/30/2023,STX,VI,ASO,ES,Federal Contract Tower,6,9,5,1,21,0,24,19,0,43,6,33,24,1,64,0,4,4,68
05/01/2023,STX,VI,ASO,ES,Federal Contract Tower,6,21,4,3,34,0,33,42,0,75,6,54,46,3,109,10,0,10,119
05/02/2023,STX,VI,ASO,ES,Federal Contract Tower,6,13,3,1,23,0,26,31,1,58,6,39,34,2,81,0,12,12,93
05/03/2023,STX,VI,ASO,ES,Federal Contract Tower,6,14,4,1,25,0,23,19,0,42,6,37,23,1,67,0,0,0,67
05/04/2023,STX,VI,ASO,ES,Federal Contract Tower,6,19,1,4,30,0,21,28,0,49,6,40,29,4,79,2,0,2,81
05/05/2023,STX,VI,ASO,ES,Federal Contract Tower,6,13,3,2,24,0,19,27,1,47,6,32,30,3,71,0,0,0,71
05/06/2023,STX,VI,ASO,ES,Federal Contract Tower,10,9,0,0,19,0,14,18,0,32,10,23,18,0,51,0,0,0,51
05/07/2023,STX,VI,ASO,ES,Federal Contract Tower,6,10,2,0,18,0,18,26,0,44,6,28,28,0,62,0,0,0,62
05/08/2023,STX,VI,ASO,ES,Federal Contract Tower,6,24,1,0,31,0,18,26,0,44,6,42,27,0,75,0,0,0,75
05/09/2023,STX,VI,ASO,ES,Federal Contract Tower,6,19,1,0,26,0,18,21,0,39,6,37,22,0,65,0,0,0,65
05/10/2023,STX,VI,ASO,ES,Federal Contract Tower,5,25,0,0,30,0,19,23,0,42,5,44,23,0,72,0,0,0,72
05/11/2023,STX,VI,ASO,ES,Federal Contract Tower,6,20,0,0,26,0,19,28,0,47,6,39,28,0,73,0,0,0,73
05/12/2023,STX,VI,ASO,ES,Federal Contract Tower,6,13,1,0,20,0,21,35,1,57,6,34,36,1,77,0,0,0,77
05/13/2023,STX,VI,ASO,ES,Federal Contract Tower,10,9,0,0,19,0,14,18,1,33,10,23,18,1,52,0,0,0,52
05/14/2023,STX,VI,ASO,ES,Federal Contract Tower,6,10,0,0,16,0,15,20,0,35,6,25,20,0,51,0,0,0,51
05/15/2023,STX,VI,ASO,ES,Federal Contract Tower,5,23,0,2,30,0,16,24,0,40,5,39,24,2,70,0,0,0,70
05/16/2023,STX,VI,ASO,ES,Federal Contract Tower,6,16,2,0,24,0,14,26,0,40,6,30,28,0,64,0,0,0,64
05/17/2023,STX,VI,ASO,ES,Federal Contract Tower,6,17,3,3,29,0,14,21,0,35,6,31,24,3,64,6,0,6,70
05/18/2023,STX,VI,ASO,ES,Federal Contract Tower,6,18,2,1,27,0,16,23,0,39,6,34,25,1,66,0,0,0,66
05/19/2023,STX,VI,ASO,ES,Federal Contract Tower,6,15,2,4,27,0,17,28,0,45,6,32,30,4,72,0,0,0,72
05/20/2023,STX,VI,ASO,ES,Federal Contract Tower,10,10,2,3,25,0,15,19,1,35,10,25,21,4,60,0,0,0,60
05/21/2023,STX,VI,ASO,ES,Federal Contract Tower,6,11,3,2,22,0,19,28,0,47,6,30,31,2,69,0,0,0,69
05/22/2023,STX,VI,ASO,ES,Federal Contract Tower,6,23,7,0,36,0,14,25,0,39,6,37,32,0,75,0,0,0,75
05/23/2023,STX,VI,ASO,ES,Federal Contract Tower,6,18,3,0,27,0,15,19,0,34,6,33,22,0,61,0,0,0,61
05/24/2023,STX,VI,ASO,ES,Federal Contract Tower,6,19,4,0,29,0,20,29,0,49,6,39,33,0,78,0,0,0,78
05/25/2023,STX,VI,ASO,ES,Federal Contract Tower,5,17,4,0,26,0,19,37,2,58,5,36,41,2,84,0,0,0,84
05/26/2023,STX,VI,ASO,ES,Federal Contract Tower,5,13,3,0,21,0,27,32,1,60,5,40,35,1,81,0,0,0,81
05/27/2023,STX,VI,ASO,ES,Federal Contract Tower,10,8,2,1,21,0,14,23,0,37,10,22,25,1,58,0,0,0,58
05/28/2023,STX,VI,ASO,ES,Federal Contract Tower,6,11,2,0,19,0,14,21,0,35,6,25,23,0,54,0,0,0,54
05/29/2023,STX,VI,ASO,ES,Federal Contract Tower,6,16,1,0,23,0,13,25,0,38,6,29,26,0,61,0,0,0,61
05/30/2023,STX,VI,ASO,ES,Federal Contract Tower,6,19,2,0,27,0,19,29,0,48,6,38,31,0,75,0,0,0,75
05/31/2023,STX,VI,ASO,ES,Federal Contract Tower,6,22,4,0,32,0,13,34,0,47,6,35,38,0,79,0,0,0,79
06/01/2023,STX,VI,ASO,ES,Federal Contract Tower,6,19,3,0,28,0,14,25,0,39,6,33,28,0,67,0,0,0,67
06/02/2023,STX,VI,ASO,ES,Federal Contract Tower,6,16,1,1,24,0,16,24,0,40,6,32,25,1,64,0,0,0,64
06/03/2023,STX,VI,ASO,ES,Federal Contract Tower,10,9,3,0,22,0,16,27,0,43,10,25,30,0,65,0,0,0,65
06/04/2023,STX,VI,ASO,ES,Federal Contract Tower,6,9,1,0,16,0,16,18,0,34,6,25,19,0,50,0,0,0,50
06/05/2023,STX,VI,ASO,ES,Federal Contract Tower,6,27,1,0,34,0,14,24,2,40,6,41,25,2,74,9,0,9,83
06/06/2023,STX,VI,ASO,ES,Federal Contract Tower,6,22,5,0,33,0,18,27,0,45,6,40,32,0,78,0,0,0,78
06/07/2023,STX,VI,ASO,ES,Federal Contract Tower,6,20,6,0,32,0,14,22,0,36,6,34,28,0,68,4,0,4,72
06/08/2023,STX,VI,ASO,ES,Federal Contract Tower,6,22,2,0,30,0,17,31,0,48,6,39,33,0,78,0,0,0,78
06/09/2023,STX,VI,ASO,ES,Federal Contract Tower,6,17,0,2,25,0,31,25,1,57,6,48,25,3,82,0,0,0,82
06/10/2023,STX,VI,ASO,ES,Federal Contract Tower,10,8,3,2,23,0,14,21,3,38,10,22,24,5,61,4,0,4,65
06/11/2023,STX,VI,ASO,ES,Federal Contract Tower,6,13,0,2,21,0,24,22,0,46,6,37,22,2,67,0,0,0,67
06/12/2023,STX,VI,ASO,ES,Federal Contract Tower,6,23,2,0,31,0,15,27,0,42,6,38,29,0,73,0,0,0,73
06/13/2023,STX,VI,ASO,ES,Federal Contract Tower,6,18,4,4,32,0,33,25,0,58,6,51,29,4,90,2,0,2,92
06/14/2023,STX,VI,ASO,ES,Federal Contract Tower,6,18,3,0,27,0,14,28,0,42,6,32,31,0,69,0,0,0,69
06/15/2023,STX,VI,ASO,ES,Federal Contract Tower,6,26,1,3,36,0,23,36,1,60,6,49,37,4,96,0,0,0,96
06/16/2023,STX,VI,ASO,ES,Federal Contract Tower,6,17,0,0,23,0,27,32,1,60,6,44,32,1,83,0,0,0,83
06/17/2023,STX,VI,ASO,ES,Federal Contract Tower,10,9,0,0,19,0,14,20,1,35,10,23,20,1,54,0,0,0,54
06/18/2023,STX,VI,ASO,ES,Federal Contract Tower,6,7,0,0,13,0,16,24,0,40,6,23,24,0,53,0,0,0,53
06/19/2023,STX,VI,ASO,ES,Federal Contract Tower,5,12,3,1,21,0,17,45,0,62,5,29,48,1,83,20,0,20,103
06/20/2023,STX,VI,ASO,ES,Federal Contract Tower,6,10,3,5,24,0,22,38,0,60,6,32,41,5,84,0,0,0,84
06/21/2023,STX,VI,ASO,ES,Federal Contract Tower,6,14,5,4,29,0,21,30,2,53,6,35,35,6,82,0,0,0,82
06/22/2023,STX,VI,ASO,ES,Federal Contract Tower,6,16,7,5,34,0,24,30,1,55,6,40,37,6,89,0,0,0,89
06/23/2023,STX,VI,ASO,ES,Federal Contract Tower,0,0,0,0,0,0,20,29,1,50,0,20,29,1,50,0,0,0,50
06/24/2023,STX,VI,ASO,ES,Federal Contract Tower,11,6,2,1,20,0,12,20,2,34,11,18,22,3,54,0,0,0,54
06/25/2023,STX,VI,ASO,ES,Federal Contract Tower,6,11,0,1,18,0,13,28,1,42,6,24,28,2,60,0,0,0,60
06/26/2023,STX,VI,ASO,ES,Federal Contract Tower,6,22,5,2,35,0,18,27,0,45,6,40,32,2,80,1,0,1,81
06/27/2023,STX,VI,ASO,ES,Federal Contract Tower,6,15,3,0,24,0,28,36,0,64,6,43,39,0,88,8,0,8,96
06/28/2023,STX,VI,ASO,ES,Federal Contract Tower,6,15,5,0,26,0,18,33,1,52,6,33,38,1,78,0,0,0,78
06/29/2023,STX,VI,ASO,ES,Federal Contract Tower,6,26,20,1,53,0,9,12,0,21,6,35,32,1,74,0,0,0,74
06/30/2023,STX,VI,ASO,ES,Federal Contract Tower,7,15,2,5,29,0,24,44,0,68,7,39,46,5,97,0,0,0,97
07/01/2023,STX,VI,ASO,ES,Federal Contract Tower,10,8,0,0,18,0,14,26,0,40,10,22,26,0,58,0,0,0,58
07/02/2023,STX,VI,ASO,ES,Federal Contract Tower,6,9,3,0,18,0,13,18,0,31,6,22,21,0,49,0,0,0,49
07/03/2023,STX,VI,ASO,ES,Federal Contract Tower,6,21,0,0,27,0,24,23,0,47,6,45,23,0,74,12,0,12,86
07/04/2023,STX,VI,ASO,ES,Federal Contract Tower,4,10,1,0,15,0,10,19,0,29,4,20,20,0,44,0,0,0,44
07/05/2023,STX,VI,ASO,ES,Federal Contract Tower,6,20,0,0,26,0,19,26,2,47,6,39,26,2,73,0,0,0,73
07/06/2023,STX,VI,ASO,ES,Federal Contract Tower,6,19,1,0,26,0,22,23,0,45,6,41,24,0,71,0,0,0,71
07/07/2023,STX,VI,ASO,ES,Federal Contract Tower,6,16,2,1,25,0,21,26,0,47,6,37,28,1,72,0,0,0,72
07/08/2023,STX,VI,ASO,ES,Federal Contract Tower,10,14,1,0,25,0,11,13,2,26,10,25,14,2,51,0,0,0,51
07/09/2023,STX,VI,ASO,ES,Federal Contract Tower,8,10,0,0,18,0,13,17,0,30,8,23,17,0,48,0,0,0,48
07/10/2023,STX,VI,ASO,ES,Federal Contract Tower,5,23,3,0,31,0,15,21,0,36,5,38,24,0,67,0,0,0,67
07/11/2023,STX,VI,ASO,ES,Federal Contract Tower,6,19,2,1,28,0,20,19,0,39,6,39,21,1,67,4,2,6,73
07/12/2023,STX,VI,ASO,ES,Federal Contract Tower,6,27,7,2,42,0,18,22,0,40,6,45,29,2,82,0,0,0,82
07/13/2023,STX,VI,ASO,ES,Federal Contract Tower,5,19,0,1,25,0,23,29,0,52,5,42,29,1,77,0,0,0,77
07/14/2023,STX,VI,ASO,ES,Federal Contract Tower,6,15,1,0,22,0,26,30,0,56,6,41,31,0,78,2,0,2,80
07/15/2023,STX,VI,ASO,ES,Federal Contract Tower,10,6,0,1,17,0,19,37,2,58,10,25,37,3,75,6,0,6,81
07/16/2023,STX,VI,ASO,ES,Federal Contract Tower,6,12,2,1,21,0,20,20,0,40,6,32,22,1,61,0,0,0,61
07/17/2023,STX,VI,ASO,ES,Federal Contract Tower,6,22,2,0,30,0,20,23,0,43,6,42,25,0,73,0,0,0,73
07/18/2023,STX,VI,ASO,ES,Federal Contract Tower,6,16,2,1,25,0,15,31,0,46,6,31,33,1,71,0,0,0,71
07/19/2023,STX,VI,ASO,ES,Federal Contract Tower,6,14,2,2,24,0,19,23,0,42,6,33,25,2,66,0,0,0,66
07/20/2023,STX,VI,ASO,ES,Federal Contract Tower,6,20,3,0,29,0,21,25,2,48,6,41,28,2,77,0,0,0,77
07/21/2023,STX,VI,ASO,ES,Federal Contract Tower,6,16,2,0,24,0,27,21,2,50,6,43,23,2,74,0,0,0,74
07/22/2023,STX,VI,ASO,ES,Federal Contract Tower,10,11,5,1,27,0,13,25,2,40,10,24,30,3,67,0,0,0,67
07/23/2023,STX,VI,ASO,ES,Federal Contract Tower,7,10,0,0,17,0,10,27,2,39,7,20,27,2,56,0,0,0,56
07/24/2023,STX,VI,ASO,ES,Federal Contract Tower,6,23,0,4,33,0,10,30,0,40,6,33,30,4,73,8,6,14,87
07/25/2023,STX,VI,ASO,ES,Federal Contract Tower,6,18,0,1,25,0,11,16,0,27,6,29,16,1,52,0,0,0,52
07/26/2023,STX,VI,ASO,ES,Federal Contract Tower,6,12,0,1,19,0,25,21,2,48,6,37,21,3,67,0,0,0,67
07/27/2023,STX,VI,ASO,ES,Federal Contract Tower,6,18,2,0,26,0,20,22,0,42,6,38,24,0,68,0,0,0,68
07/28/2023,STX,VI,ASO,ES,Federal Contract Tower,6,19,3,1,29,0,14,29,0,43,6,33,32,1,72,0,0,0,72
07/29/2023,STX,VI,ASO,ES,Federal Contract Tower,10,10,4,4,28,0,12,28,0,40,10,22,32,4,68,0,0,0,68
07/30/2023,STX,VI,ASO,ES,Federal Contract Tower,6,13,0,1,20,0,15,17,0,32,6,28,17,1,52,0,0,0,52
07/31/2023,STX,VI,ASO,ES,Federal Contract Tower,6,24,1,0,31,0,17,29,0,46,6,41,30,0,77,0,0,0,77
08/01/2023,STX,VI,ASO,ES,Federal Contract Tower,6,19,4,0,29,0,17,42,2,61,6,36,46,2,90,0,0,0,90
08/02/2023,STX,VI,ASO,ES,Federal Contract Tower,6,20,1,0,27,0,19,29,2,50,6,39,30,2,77,0,0,0,77
08/03/2023,STX,VI,ASO,ES,Federal Contract Tower,6,22,1,0,29,0,27,33,6,66,6,49,34,6,95,0,0,0,95
08/04/2023,STX,VI,ASO,ES,Federal Contract Tower,6,12,3,0,21,0,22,38,1,61,6,34,41,1,82,0,0,0,82
08/05/2023,STX,VI,ASO,ES,Federal Contract Tower,10,12,6,0,28,0,16,21,2,39,10,28,27,2,67,0,0,0,67
08/06/2023,STX,VI,ASO,ES,Federal Contract Tower,6,11,0,0,17,0,13,17,1,31,6,24,17,1,48,0,0,0,48
08/07/2023,STX,VI,ASO,ES,Federal Contract Tower,6,22,2,0,30,0,30,21,2,53,6,52,23,2,83,4,0,4,87
08/08/2023,STX,VI,ASO,ES,Federal Contract Tower,6,22,2,0,30,0,26,29,0,55,6,48,31,0,85,0,0,0,85
08/09/2023,STX,VI,ASO,ES,Federal Contract Tower,6,21,3,0,30,0,30,25,2,57,6,51,28,2,87,0,0,0,87
08/10/2023,STX,VI,ASO,ES,Federal Contract Tower,6,22,3,0,31,0,32,27,0,59,6,54,30,0,90,2,0,2,92
08/11/2023,STX,VI,ASO,ES,Federal Contract Tower,6,20,1,0,27,0,34,28,0,62,6,54,29,0,89,0,0,0,89
08/12/2023,STX,VI,ASO,ES,Federal Contract Tower,10,12,0,0,22,0,18,16,0,34,10,30,16,0,56,0,0,0,56
08/13/2023,STX,VI,ASO,ES,Federal Contract Tower,6,11,2,0,19,0,23,20,0,43,6,34,22,0,62,0,0,0,62
08/14/2023,STX,VI,ASO,ES,Federal Contract Tower,6,23,2,1,32,0,28,31,1,60,6,51,33,2,92,8,0,8,100
08/15/2023,STX,VI,ASO,ES,Federal Contract Tower,5,16,0,0,21,0,23,25,0,48,5,39,25,0,69,2,0,2,71
08/16/2023,STX,VI,ASO,ES,Federal Contract Tower,5,18,1,5,29,0,26,27,1,54,5,44,28,6,83,0,0,0,83
08/17/2023,STX,VI,ASO,ES,Federal Contract Tower,4,17,0,3,24,0,29,29,1,59,4,46,29,4,83,0,0,0,83
08/18/2023,STX,VI,ASO,ES,Federal Contract Tower,5,14,1,0,20,0,33,29,2,64,5,47,30,2,84,4,0,4,88
08/19/2023,STX,VI,ASO,ES,Federal Contract Tower,6,9,0,0,15,0,16,23,2,41,6,25,23,2,56,0,0,0,56
08/20/2023,STX,VI,ASO,ES,Federal Contract Tower,5,10,0,0,15,0,17,10,1,28,5,27,10,1,43,1,0,1,44
08/21/2023,STX,VI,ASO,ES,Federal Contract Tower,5,24,7,0,36,0,15,21,3,39,5,39,28,3,75,0,2,2,77
08/22/2023,STX,VI,ASO,ES,Federal Contract Tower,5,18,4,3,30,0,24,20,3,47,5,42,24,6,77,0,0,0,77
08/23/2023,STX,VI,ASO,ES,Federal Contract Tower,5,20,5,1,31,0,29,34,0,63,5,49,39,1,94,0,0,0,94
08/24/2023,STX,VI,ASO,ES,Federal Contract Tower,5,26,2,2,35,0,30,32,0,62,5,56,34,2,97,0,0,0,97
08/25/2023,STX,VI,ASO,ES,Federal Contract Tower,4,19,3,3,29,0,31,32,0,63,4,50,35,3,92,0,0,0,92
08/26/2023,STX,VI,ASO,ES,Federal Contract Tower,7,7,2,2,18,0,14,20,1,35,7,21,22,3,53,0,0,0,53
08/27/2023,STX,VI,ASO,ES,Federal Contract Tower,4,10,2,6,22,0,19,24,0,43,4,29,26,6,65,0,0,0,65
08/28/2023,STX,VI,ASO,ES,Federal Contract Tower,4,26,2,3,35,0,27,31,0,58,4,53,33,3,93,0,0,0,93
08/29/2023,STX,VI,ASO,ES,Federal Contract Tower,4,21,3,2,30,0,21,23,0,44,4,42,26,2,74,8,0,8,82
08/30/2023,STX,VI,ASO,ES,Federal Contract Tower,4,18,2,3,27,0,26,37,1,64,4,44,39,4,91,6,10,16,107
08/31/2023,STX,VI,ASO,ES,Federal Contract Tower,4,17,0,1,22,0,39,32,0,71,4,56,32,1,93,6,0,6,99
01/01/2020,STX,VI,ASO,ES,Federal Contract Tower,6,9,4,0,19,0,40,21,0,61,6,49,25,0,80,0,0,0,80
01/02/2020,STX,VI,ASO,ES,Federal Contract Tower,10,17,8,0,35,0,58,39,0,97,10,75,47,0,132,0,0,0,132
01/03/2020,STX,VI,ASO,ES,Federal Contract Tower,8,23,6,0,37,0,54,23,0,77,8,77,29,0,114,6,0,6,120
01/04/2020,STX,VI,ASO,ES,Federal Contract Tower,7,16,8,0,31,0,39,24,0,63,7,55,32,0,94,0,0,0,94
01/05/2020,STX,VI,ASO,ES,Federal Contract Tower,10,6,10,2,28,0,43,16,0,59,10,49,26,2,87,2,0,2,89
01/06/2020,STX,VI,ASO,ES,Federal Contract Tower,7,15,8,0,30,0,58,23,0,81,7,73,31,0,111,0,0,0,111
01/07/2020,STX,VI,ASO,ES,Federal Contract Tower,6,18,7,3,34,0,53,25,0,78,6,71,32,3,112,0,0,0,112
01/08/2020,STX,VI,ASO,ES,Federal Contract Tower,4,16,10,0,30,0,48,15,0,63,4,64,25,0,93,0,0,0,93
01/09/2020,STX,VI,ASO,ES,Federal Contract Tower,5,19,10,1,35,0,39,32,0,71,5,58,42,1,106,0,0,0,106
01/10/2020,STX,VI,ASO,ES,Federal Contract Tower,4,18,3,2,27,0,66,28,0,94,4,84,31,2,121,0,0,0,121
01/11/2020,STX,VI,ASO,ES,Federal Contract Tower,7,12,2,0,21,0,45,24,0,69,7,57,26,0,90,0,0,0,90
01/12/2020,STX,VI,ASO,ES,Federal Contract Tower,6,11,2,0,19,0,44,14,0,58,6,55,16,0,77,6,0,6,83
01/13/2020,STX,VI,ASO,ES,Federal Contract Tower,6,19,5,0,30,0,51,16,0,67,6,70,21,0,97,0,0,0,97
01/14/2020,STX,VI,ASO,ES,Federal Contract Tower,6,21,9,1,37,0,57,15,0,72,6,78,24,1,109,2,0,2,111
01/15/2020,STX,VI,ASO,ES,Federal Contract Tower,4,18,4,2,28,0,48,14,0,62,4,66,18,2,90,10,0,10,100
01/16/2020,STX,VI,ASO,ES,Federal Contract Tower,6,20,8,1,35,0,47,26,0,73,6,67,34,1,108,12,0,12,120
01/17/2020,STX,VI,ASO,ES,Federal Contract Tower,4,19,1,1,25,0,81,41,0,122,4,100,42,1,147,0,0,0,147
01/18/2020,STX,VI,ASO,ES,Federal Contract Tower,8,13,3,2,26,0,60,24,2,86,8,73,27,4,112,4,0,4,116
01/19/2020,STX,VI,ASO,ES,Federal Contract Tower,5,16,4,2,27,0,43,28,0,71,5,59,32,2,98,0,0,0,98
01/20/2020,STX,VI,ASO,ES,Federal Contract Tower,6,20,8,2,36,0,59,41,0,100,6,79,49,2,136,0,0,0,136
01/21/2020,STX,VI,ASO,ES,Federal Contract Tower,6,16,7,2,31,0,65,12,0,77,6,81,19,2,108,0,0,0,108
01/22/2020,STX,VI,ASO,ES,Federal Contract Tower,4,10,3,1,18,0,67,17,2,86,4,77,20,3,104,0,0,0,104
01/23/2020,STX,VI,ASO,ES,Federal Contract Tower,8,18,9,0,35,0,57,35,0,92,8,75,44,0,127,12,0,12,139
01/24/2020,STX,VI,ASO,ES,Federal Contract Tower,3,31,6,0,40,0,63,26,0,89,3,94,32,0,129,0,0,0,129
01/25/2020,STX,VI,ASO,ES,Federal Contract Tower,8,14,7,0,29,0,41,17,2,60,8,55,24,2,89,8,0,8,97
01/26/2020,STX,VI,ASO,ES,Federal Contract Tower,6,11,4,0,21,0,51,17,2,70,6,62,21,2,91,4,0,4,95
01/27/2020,STX,VI,ASO,ES,Federal Contract Tower,6,20,10,0,36,0,58,14,3,75,6,78,24,3,111,4,0,4,115
01/28/2020,STX,VI,ASO,ES,Federal Contract Tower,6,18,10,0,34,0,54,19,0,73,6,72,29,0,107,4,0,4,111
01/30/2020,STX,VI,ASO,ES,Federal Contract Tower,6,18,5,0,29,0,55,17,0,72,6,73,22,0,101,6,0,6,107
01/31/2020,STX,VI,ASO,ES,Federal Contract Tower,4,19,7,0,30,0,52,24,0,76,4,71,31,0,106,0,0,0,106
02/01/2020,STX,VI,ASO,ES,Federal Contract Tower,8,12,2,0,22,0,38,21,0,59,8,50,23,0,81,0,0,0,81
02/02/2020,STX,VI,ASO,ES,Federal Contract Tower,5,8,1,0,14,0,39,25,2,66,5,47,26,2,80,0,0,0,80
02/03/2020,STX,VI,ASO,ES,Federal Contract Tower,6,23,2,0,31,0,53,26,0,79,6,76,28,0,110,0,0,0,110
02/04/2020,STX,VI,ASO,ES,Federal Contract Tower,6,14,8,1,29,0,52,21,0,73,6,66,29,1,102,2,0,2,104
02/05/2020,STX,VI,ASO,ES,Federal Contract Tower,4,18,6,1,29,0,44,26,0,70,4,62,32,1,99,6,0,6,105
02/06/2020,STX,VI,ASO,ES,Federal Contract Tower,6,22,4,0,32,0,43,24,0,67,6,65,28,0,99,0,0,0,99
02/07/2020,STX,VI,ASO,ES,Federal Contract Tower,3,21,3,0,27,0,58,16,0,74,3,79,19,0,101,0,0,0,101
02/08/2020,STX,VI,ASO,ES,Federal Contract Tower,7,12,1,0,20,0,45,22,0,67,7,57,23,0,87,0,0,0,87
02/09/2020,STX,VI,ASO,ES,Federal Contract Tower,6,8,7,1,22,0,45,21,0,66,6,53,28,1,88,0,0,0,88
02/10/2020,STX,VI,ASO,ES,Federal Contract Tower,6,21,3,1,31,0,56,22,0,78,6,77,25,1,109,0,0,0,109
02/11/2020,STX,VI,ASO,ES,Federal Contract Tower,6,18,2,0,26,0,42,12,0,54,6,60,14,0,80,0,0,0,80
02/12/2020,STX,VI,ASO,ES,Federal Contract Tower,3,16,0,0,19,0,37,25,0,62,3,53,25,0,81,0,0,0,81
02/13/2020,STX,VI,ASO,ES,Federal Contract Tower,5,20,18,0,43,0,67,28,0,95,5,87,46,0,138,6,0,6,144
02/14/2020,STX,VI,ASO,ES,Federal Contract Tower,3,20,5,0,28,0,64,37,0,101,3,84,42,0,129,0,0,0,129
02/15/2020,STX,VI,ASO,ES,Federal Contract Tower,8,12,6,0,26,0,47,30,0,77,8,59,36,0,103,0,0,0,103
02/16/2020,STX,VI,ASO,ES,Federal Contract Tower,6,9,3,0,18,0,42,32,0,74,6,51,35,0,92,0,0,0,92
02/17/2020,STX,VI,ASO,ES,Federal Contract Tower,6,18,5,0,29,0,66,21,0,87,6,84,26,0,116,0,0,0,116
02/18/2020,STX,VI,ASO,ES,Federal Contract Tower,6,22,0,0,28,0,58,15,0,73,6,80,15,0,101,0,0,0,101
02/19/2020,STX,VI,ASO,ES,Federal Contract Tower,3,19,3,0,25,0,40,20,0,60,3,59,23,0,85,0,0,0,85
02/20/2020,STX,VI,ASO,ES,Federal Contract Tower,6,20,7,0,33,0,51,34,0,85,6,71,41,0,118,0,0,0,118
02/21/2020,STX,VI,ASO,ES,Federal Contract Tower,4,20,9,1,34,0,63,25,9,97,4,83,34,10,131,2,0,2,133
02/22/2020,STX,VI,ASO,ES,Federal Contract Tower,8,12,7,1,28,0,38,11,0,49,8,50,18,1,77,0,0,0,77
02/23/2020,STX,VI,ASO,ES,Federal Contract Tower,6,8,6,0,20,0,44,12,0,56,6,52,18,0,76,0,0,0,76
02/24/2020,STX,VI,ASO,ES,Federal Contract Tower,6,22,4,3,35,0,57,24,2,83,6,79,28,5,118,12,0,12,130
02/25/2020,STX,VI,ASO,ES,Federal Contract Tower,6,26,10,0,42,0,49,12,0,61,6,75,22,0,103,0,0,0,103
02/26/2020,STX,VI,ASO,ES,Federal Contract Tower,6,31,14,0,51,0,35,16,0,51,6,66,30,0,102,6,0,6,108
02/27/2020,STX,VI,ASO,ES,Federal Contract Tower,6,19,3,0,28,0,53,31,0,84,6,72,34,0,112,10,0,10,122
02/28/2020,STX,VI,ASO,ES,Federal Contract Tower,4,20,0,0,24,0,61,24,0,85,4,81,24,0,109,2,0,2,111
02/29/2020,STX,VI,ASO,ES,Federal Contract Tower,8,12,4,0,24,0,46,19,0,65,8,58,23,0,89,0,0,0,89
03/01/2020,STX,VI,ASO,ES,Federal Contract Tower,6,10,6,0,22,0,43,10,0,53,6,53,16,0,75,0,0,0,75
03/02/2020,STX,VI,ASO,ES,Federal Contract Tower,6,22,6,0,34,0,56,9,0,65,6,78,15,0,99,0,0,0,99
03/03/2020,STX,VI,ASO,ES,Federal Contract Tower,5,18,1,0,24,0,48,22,0,70,5,66,23,0,94,0,0,0,94
03/04/2020,STX,VI,ASO,ES,Federal Contract Tower,4,19,3,0,26,0,59,22,0,81,4,78,25,0,107,0,0,0,107
03/07/2020,STX,VI,ASO,ES,Federal Contract Tower,7,12,4,0,23,0,35,18,0,53,7,47,22,0,76,8,0,8,84
03/08/2020,STX,VI,ASO,ES,Federal Contract Tower,8,8,7,0,23,0,40,9,0,49,8,48,16,0,72,0,0,0,72
03/09/2020,STX,VI,ASO,ES,Federal Contract Tower,6,31,6,0,43,0,36,13,0,49,6,67,19,0,92,4,0,4,96
03/11/2020,STX,VI,ASO,ES,Federal Contract Tower,10,11,7,0,28,0,46,21,0,67,10,57,28,0,95,0,0,0,95
03/12/2020,STX,VI,ASO,ES,Federal Contract Tower,12,12,6,0,30,0,43,21,0,64,12,55,27,0,94,0,0,0,94
03/14/2020,STX,VI,ASO,ES,Federal Contract Tower,14,5,3,0,22,0,36,14,0,50,14,41,17,0,72,0,0,0,72
03/15/2020,STX,VI,ASO,ES,Federal Contract Tower,10,5,6,0,21,0,47,21,0,68,10,52,27,0,89,0,0,0,89
03/16/2020,STX,VI,ASO,ES,Federal Contract Tower,8,19,6,0,33,0,51,20,0,71,8,70,26,0,104,0,0,0,104
03/17/2020,STX,VI,ASO,ES,Federal Contract Tower,10,19,5,0,34,0,34,8,0,42,10,53,13,0,76,0,0,0,76
03/18/2020,STX,VI,ASO,ES,Federal Contract Tower,10,13,2,0,25,0,33,13,0,46,10,46,15,0,71,0,0,0,71
03/19/2020,STX,VI,ASO,ES,Federal Contract Tower,12,16,1,0,29,0,32,14,0,46,12,48,15,0,75,0,0,0,75
03/20/2020,STX,VI,ASO,ES,Federal Contract Tower,10,17,3,0,30,0,32,18,0,50,10,49,21,0,80,0,0,0,80
03/21/2020,STX,VI,ASO,ES,Federal Contract Tower,12,10,4,0,26,0,26,11,0,37,12,36,15,0,63,0,0,0,63
03/22/2020,STX,VI,ASO,ES,Federal Contract Tower,6,11,2,0,19,0,17,5,0,22,6,28,7,0,41,0,0,0,41
03/23/2020,STX,VI,ASO,ES,Federal Contract Tower,6,23,2,0,31,0,22,6,0,28,6,45,8,0,59,0,0,0,59
03/24/2020,STX,VI,ASO,ES,Federal Contract Tower,6,25,2,0,33,0,17,5,0,22,6,42,7,0,55,0,0,0,55
03/25/2020,STX,VI,ASO,ES,Federal Contract Tower,3,14,5,0,22,0,17,24,0,41,3,31,29,0,63,0,0,0,63
03/26/2020,STX,VI,ASO,ES,Federal Contract Tower,4,13,5,0,22,0,30,12,0,42,4,43,17,0,64,0,0,0,64
03/27/2020,STX,VI,ASO,ES,Federal Contract Tower,2,17,4,0,23,0,20,11,1,32,2,37,15,1,55,6,0,6,61
03/28/2020,STX,VI,ASO,ES,Federal Contract Tower,1,10,1,0,12,0,10,2,0,12,1,20,3,0,24,0,0,0,24
03/29/2020,STX,VI,ASO,ES,Federal Contract Tower,5,8,1,0,14,0,13,3,0,16,5,21,4,0,30,0,0,0,30
03/30/2020,STX,VI,ASO,ES,Federal Contract Tower,2,15,2,0,19,0,23,4,0,27,2,38,6,0,46,0,0,0,46
03/31/2020,STX,VI,ASO,ES,Federal Contract Tower,4,13,1,0,18,0,35,2,0,37,4,48,3,0,55,0,0,0,55
04/01/2020,STX,VI,ASO,ES,Federal Contract Tower,0,12,0,0,12,0,17,14,0,31,0,29,14,0,43,0,0,0,43
04/02/2020,STX,VI,ASO,ES,Federal Contract Tower,4,14,0,0,18,0,20,18,1,39,4,34,18,1,57,2,0,2,59
04/04/2020,STX,VI,ASO,ES,Federal Contract Tower,2,10,1,0,13,0,16,14,0,30,2,26,15,0,43,0,0,0,43
04/05/2020,STX,VI,ASO,ES,Federal Contract Tower,2,8,0,0,10,0,12,0,0,12,2,20,0,0,22,0,0,0,22
04/06/2020,STX,VI,ASO,ES,Federal Contract Tower,2,12,2,0,16,0,20,5,0,25,2,32,7,0,41,0,0,0,41
04/07/2020,STX,VI,ASO,ES,Federal Contract Tower,4,14,4,0,22,0,19,12,0,31,4,33,16,0,53,0,0,0,53
04/08/2020,STX,VI,ASO,ES,Federal Contract Tower,2,11,0,0,13,0,15,10,0,25,2,26,10,0,38,0,0,0,38
04/09/2020,STX,VI,ASO,ES,Federal Contract Tower,2,8,0,0,10,0,23,15,0,38,2,31,15,0,48,0,0,0,48
04/10/2020,STX,VI,ASO,ES,Federal Contract Tower,2,4,1,0,7,0,14,7,0,21,2,18,8,0,28,0,0,0,28
04/11/2020,STX,VI,ASO,ES,Federal Contract Tower,2,4,1,0,7,0,10,8,0,18,2,14,9,0,25,0,0,0,25
04/12/2020,STX,VI,ASO,ES,Federal Contract Tower,2,4,0,0,6,0,10,3,0,13,2,14,3,0,19,0,0,0,19
04/13/2020,STX,VI,ASO,ES,Federal Contract Tower,2,14,0,0,16,0,19,7,0,26,2,33,7,0,42,8,0,8,50
04/14/2020,STX,VI,ASO,ES,Federal Contract Tower,2,8,2,1,13,0,19,4,2,25,2,27,6,3,38,0,0,0,38
04/15/2020,STX,VI,ASO,ES,Federal Contract Tower,2,6,0,0,8,0,16,16,0,32,2,22,16,0,40,2,0,2,42
04/16/2020,STX,VI,ASO,ES,Federal Contract Tower,2,6,0,0,8,0,24,16,0,40,2,30,16,0,48,16,0,16,64
04/17/2020,STX,VI,ASO,ES,Federal Contract Tower,2,6,3,0,11,0,16,11,0,27,2,22,14,0,38,0,0,0,38
04/18/2020,STX,VI,ASO,ES,Federal Contract Tower,2,3,0,0,5,0,17,10,0,27,2,20,10,0,32,0,0,0,32
04/19/2020,STX,VI,ASO,ES,Federal Contract Tower,2,1,1,0,4,0,14,10,0,24,2,15,11,0,28,0,0,0,28
04/20/2020,STX,VI,ASO,ES,Federal Contract Tower,2,13,0,0,15,0,25,3,0,28,2,38,3,0,43,0,0,0,43
04/21/2020,STX,VI,ASO,ES,Federal Contract Tower,2,6,0,0,8,0,15,17,0,32,2,21,17,0,40,0,0,0,40
04/22/2020,STX,VI,ASO,ES,Federal Contract Tower,2,2,6,0,10,0,17,19,0,36,2,19,25,0,46,0,0,0,46
04/23/2020,STX,VI,ASO,ES,Federal Contract Tower,2,7,1,0,10,0,18,12,0,30,2,25,13,0,40,6,0,6,46
04/24/2020,STX,VI,ASO,ES,Federal Contract Tower,2,6,4,0,12,0,23,13,0,36,2,29,17,0,48,0,0,0,48
04/25/2020,STX,VI,ASO,ES,Federal Contract Tower,2,2,2,0,6,0,14,14,0,28,2,16,16,0,34,12,0,12,46
04/26/2020,STX,VI,ASO,ES,Federal Contract Tower,2,2,5,0,9,0,18,1,0,19,2,20,6,0,28,0,0,0,28
04/27/2020,STX,VI,ASO,ES,Federal Contract Tower,2,11,0,0,13,0,18,3,0,21,2,29,3,0,34,0,0,0,34
04/28/2020,STX,VI,ASO,ES,Federal Contract Tower,2,4,2,0,8,0,21,4,0,25,2,25,6,0,33,0,0,0,33
04/29/2020,STX,VI,ASO,ES,Federal Contract Tower,2,4,3,0,9,0,15,12,0,27,2,19,15,0,36,12,0,12,48
04/30/2020,STX,VI,ASO,ES,Federal Contract Tower,2,11,1,2,16,0,22,15,0,37,2,33,16,2,53,8,0,8,61
05/01/2020,STX,VI,ASO,ES,Federal Contract Tower,2,9,0,0,11,0,25,11,0,36,2,34,11,0,47,20,0,20,67
05/05/2020,STX,VI,ASO,ES,Federal Contract Tower,0,8,0,0,8,0,21,19,0,40,0,29,19,0,48,0,0,0,48
05/06/2020,STX,VI,ASO,ES,Federal Contract Tower,2,4,0,1,7,0,24,17,1,42,2,28,17,2,49,0,0,0,49
05/07/2020,STX,VI,ASO,ES,Federal Contract Tower,2,11,0,0,13,0,22,13,0,35,2,33,13,0,48,0,0,0,48
05/08/2020,STX,VI,ASO,ES,Federal Contract Tower,4,5,2,2,13,0,32,10,0,42,4,37,12,2,55,0,0,0,55
05/09/2020,STX,VI,ASO,ES,Federal Contract Tower,6,1,5,0,12,0,19,12,0,31,6,20,17,0,43,0,0,0,43
05/10/2020,STX,VI,ASO,ES,Federal Contract Tower,2,2,0,0,4,0,13,3,0,16,2,15,3,0,20,0,0,0,20
05/11/2020,STX,VI,ASO,ES,Federal Contract Tower,4,13,0,2,19,0,36,15,0,51,4,49,15,2,70,0,0,0,70
05/12/2020,STX,VI,ASO,ES,Federal Contract Tower,0,7,1,0,8,0,27,18,0,45,0,34,19,0,53,14,0,14,67
05/13/2020,STX,VI,ASO,ES,Federal Contract Tower,2,4,1,0,7,0,27,14,0,41,2,31,15,0,48,18,0,18,66
05/14/2020,STX,VI,ASO,ES,Federal Contract Tower,2,9,2,0,13,0,25,19,0,44,2,34,21,0,57,0,0,0,57
05/15/2020,STX,VI,ASO,ES,Federal Contract Tower,2,11,4,0,17,0,26,11,0,37,2,37,15,0,54,2,0,2,56
05/16/2020,STX,VI,ASO,ES,Federal Contract Tower,6,2,2,0,10,0,15,5,0,20,6,17,7,0,30,0,0,0,30
05/17/2020,STX,VI,ASO,ES,Federal Contract Tower,2,1,3,2,8,0,18,2,0,20,2,19,5,2,28,0,0,0,28
05/18/2020,STX,VI,ASO,ES,Federal Contract Tower,2,9,0,2,13,0,31,13,0,44,2,40,13,2,57,0,0,0,57
05/19/2020,STX,VI,ASO,ES,Federal Contract Tower,0,8,3,3,14,0,25,19,1,45,0,33,22,4,59,4,0,4,63
05/20/2020,STX,VI,ASO,ES,Federal Contract Tower,2,4,2,2,10,0,22,15,0,37,2,26,17,2,47,4,0,4,51
05/21/2020,STX,VI,ASO,ES,Federal Contract Tower,2,12,1,0,15,0,23,21,0,44,2,35,22,0,59,8,0,8,67
05/22/2020,STX,VI,ASO,ES,Federal Contract Tower,2,10,3,0,15,0,38,8,0,46,2,48,11,0,61,12,0,12,73
05/23/2020,STX,VI,ASO,ES,Federal Contract Tower,6,2,3,0,11,0,23,12,0,35,6,25,15,0,46,2,0,2,48
05/24/2020,STX,VI,ASO,ES,Federal Contract Tower,2,0,1,0,3,0,20,3,0,23,2,20,4,0,26,0,0,0,26
05/25/2020,STX,VI,ASO,ES,Federal Contract Tower,2,5,1,0,8,0,21,8,0,29,2,26,9,0,37,0,0,0,37
05/26/2020,STX,VI,ASO,ES,Federal Contract Tower,0,16,1,0,17,0,33,10,0,43,0,49,11,0,60,4,0,4,64
05/27/2020,STX,VI,ASO,ES,Federal Contract Tower,2,8,4,0,14,0,29,7,0,36,2,37,11,0,50,10,0,10,60
05/28/2020,STX,VI,ASO,ES,Federal Contract Tower,2,12,1,0,15,0,25,8,0,33,2,37,9,0,48,6,0,6,54
05/29/2020,STX,VI,ASO,ES,Federal Contract Tower,2,10,1,0,13,0,28,9,0,37,2,38,10,0,50,0,0,0,50
05/31/2020,STX,VI,ASO,ES,Federal Contract Tower,2,0,0,0,2,0,25,2,0,27,2,25,2,0,29,0,0,0,29
06/01/2020,STX,VI,ASO,ES,Federal Contract Tower,2,11,4,0,17,0,33,5,0,38,2,44,9,0,55,0,0,0,55
06/02/2020,STX,VI,ASO,ES,Federal Contract Tower,0,5,4,1,10,0,49,14,0,63,0,54,18,1,73,10,0,10,83
06/03/2020,STX,VI,ASO,ES,Federal Contract Tower,4,4,5,2,15,0,42,18,0,60,4,46,23,2,75,2,0,2,77
06/04/2020,STX,VI,ASO,ES,Federal Contract Tower,2,9,2,2,15,0,39,18,0,57,2,48,20,2,72,4,0,4,76
06/05/2020,STX,VI,ASO,ES,Federal Contract Tower,2,8,9,0,19,0,47,10,0,57,2,55,19,0,76,0,0,0,76
06/06/2020,STX,VI,ASO,ES,Federal Contract Tower,6,3,0,0,9,0,30,5,0,35,6,33,5,0,44,0,0,0,44
06/07/2020,STX,VI,ASO,ES,Federal Contract Tower,2,3,5,0,10,0,25,12,0,37,2,28,17,0,47,8,0,8,55
06/08/2020,STX,VI,ASO,ES,Federal Contract Tower,2,14,2,0,18,0,41,22,0,63,2,55,24,0,81,0,0,0,81
06/09/2020,STX,VI,ASO,ES,Federal Contract Tower,3,7,5,0,15,0,37,13,0,50,3,44,18,0,65,0,0,0,65
06/10/2020,STX,VI,ASO,ES,Federal Contract Tower,3,8,3,2,16,0,42,17,0,59,3,50,20,2,75,0,0,0,75
06/11/2020,STX,VI,ASO,ES,Federal Contract Tower,2,18,5,0,25,0,33,11,0,44,2,51,16,0,69,0,0,0,69
06/12/2020,STX,VI,ASO,ES,Federal Contract Tower,2,8,2,2,14,0,40,13,0,53,2,48,15,2,67,0,0,0,67
06/13/2020,STX,VI,ASO,ES,Federal Contract Tower,6,2,3,0,11,0,28,4,0,32,6,30,7,0,43,0,0,0,43
06/14/2020,STX,VI,ASO,ES,Federal Contract Tower,2,3,1,0,6,0,32,1,0,33,2,35,2,0,39,0,0,0,39
06/15/2020,STX,VI,ASO,ES,Federal Contract Tower,2,13,5,2,22,0,46,20,0,66,2,59,25,2,88,0,0,0,88
06/16/2020,STX,VI,ASO,ES,Federal Contract Tower,2,4,6,7,19,0,43,10,1,54,2,47,16,8,73,20,0,20,93
06/17/2020,STX,VI,ASO,ES,Federal Contract Tower,2,4,1,3,10,0,51,11,1,63,2,55,12,4,73,0,2,2,75
06/18/2020,STX,VI,ASO,ES,Federal Contract Tower,2,10,5,2,19,0,49,13,1,63,2,59,18,3,82,0,0,0,82
06/19/2020,STX,VI,ASO,ES,Federal Contract Tower,2,10,7,1,20,0,70,18,0,88,2,80,25,1,108,0,0,0,108
06/20/2020,STX,VI,ASO,ES,Federal Contract Tower,6,3,5,0,14,0,36,12,0,48,6,39,17,0,62,0,0,0,62
06/21/2020,STX,VI,ASO,ES,Federal Contract Tower,2,3,2,0,7,0,46,18,0,64,2,49,20,0,71,0,0,0,71
06/22/2020,STX,VI,ASO,ES,Federal Contract Tower,2,17,5,0,24,0,56,10,0,66,2,73,15,0,90,0,0,0,90
06/23/2020,STX,VI,ASO,ES,Federal Contract Tower,2,23,15,0,40,0,21,7,0,28,2,44,22,0,68,0,0,0,68
06/24/2020,STX,VI,ASO,ES,Federal Contract Tower,2,7,4,0,13,0,45,15,0,60,2,52,19,0,73,0,0,0,73
06/25/2020,STX,VI,ASO,ES,Federal Contract Tower,2,8,2,1,13,0,54,19,0,73,2,62,21,1,86,0,0,0,86
06/26/2020,STX,VI,ASO,ES,Federal Contract Tower,2,13,7,2,24,0,59,10,0,69,2,72,17,2,93,0,0,0,93
06/27/2020,STX,VI,ASO,ES,Federal Contract Tower,6,2,6,0,14,0,37,5,0,42,6,39,11,0,56,0,0,0,56
06/28/2020,STX,VI,ASO,ES,Federal Contract Tower,2,3,1,0,6,0,37,7,0,44,2,40,8,0,50,0,0,0,50
06/29/2020,STX,VI,ASO,ES,Federal Contract Tower,2,12,4,0,18,0,50,11,0,61,2,62,15,0,79,0,0,0,79
06/30/2020,STX,VI,ASO,ES,Federal Contract Tower,2,8,7,0,17,0,37,11,1,49,2,45,18,1,66,0,0,0,66
07/02/2020,STX,VI,ASO,ES,Federal Contract Tower,4,10,6,1,21,0,46,16,0,62,4,56,22,1,83,0,0,0,83
07/03/2020,STX,VI,ASO,ES,Federal Contract Tower,4,8,4,2,18,0,60,28,0,88,4,68,32,2,106,0,0,0,106
07/04/2020,STX,VI,ASO,ES,Federal Contract Tower,4,1,3,0,8,0,31,5,0,36,4,32,8,0,44,0,0,0,44
07/05/2020,STX,VI,ASO,ES,Federal Contract Tower,4,5,4,0,13,0,42,12,0,54,4,47,16,0,67,16,0,16,83
07/06/2020,STX,VI,ASO,ES,Federal Contract Tower,4,12,3,0,19,0,59,6,0,65,4,71,9,0,84,0,0,0,84
07/07/2020,STX,VI,ASO,ES,Federal Contract Tower,4,15,8,0,27,0,34,12,0,46,4,49,20,0,73,0,0,0,73
07/08/2020,STX,VI,ASO,ES,Federal Contract Tower,4,4,0,2,10,0,40,14,0,54,4,44,14,2,64,6,0,6,70
07/09/2020,STX,VI,ASO,ES,Federal Contract Tower,4,10,4,0,18,0,0,0,0,0,4,10,4,0,18,6,0,6,24
07/10/2020,STX,VI,ASO,ES,Federal Contract Tower,4,10,2,2,18,0,49,4,0,53,4,59,6,2,71,6,0,6,77
07/11/2020,STX,VI,ASO,ES,Federal Contract Tower,6,2,1,1,10,0,31,9,0,40,6,33,10,1,50,0,0,0,50
07/12/2020,STX,VI,ASO,ES,Federal Contract Tower,4,4,3,0,11,0,34,1,0,35,4,38,4,0,46,0,0,0,46
07/13/2020,STX,VI,ASO,ES,Federal Contract Tower,4,12,4,6,26,0,62,4,0,66,4,74,8,6,92,4,0,4,96
07/14/2020,STX,VI,ASO,ES,Federal Contract Tower,4,14,2,0,20,0,35,11,0,46,4,49,13,0,66,0,0,0,66
07/15/2020,STX,VI,ASO,ES,Federal Contract Tower,4,15,7,0,26,0,43,10,0,53,4,58,17,0,79,0,0,0,79
07/16/2020,STX,VI,ASO,ES,Federal Contract Tower,4,17,4,1,26,0,31,14,0,45,4,48,18,1,71,0,0,0,71
07/17/2020,STX,VI,ASO,ES,Federal Contract Tower,2,10,4,0,16,0,49,19,0,68,2,59,23,0,84,0,0,0,84
07/18/2020,STX,VI,ASO,ES,Federal Contract Tower,4,12,5,0,21,0,29,4,0,33,4,41,9,0,54,0,0,0,54
07/19/2020,STX,VI,ASO,ES,Federal Contract Tower,4,1,2,1,8,0,42,8,0,50,4,43,10,1,58,0,0,0,58
07/20/2020,STX,VI,ASO,ES,Federal Contract Tower,2,14,2,0,18,0,60,13,0,73,2,74,15,0,91,0,0,0,91
07/21/2020,STX,VI,ASO,ES,Federal Contract Tower,4,8,4,0,16,0,44,14,0,58,4,52,18,0,74,4,0,4,78
07/22/2020,STX,VI,ASO,ES,Federal Contract Tower,2,5,3,1,11,0,39,5,1,45,2,44,8,2,56,0,0,0,56
07/23/2020,STX,VI,ASO,ES,Federal Contract Tower,4,18,5,2,29,0,25,6,0,31,4,43,11,2,60,0,0,0,60
07/24/2020,STX,VI,ASO,ES,Federal Contract Tower,2,21,9,5,37,0,43,9,0,52,2,64,18,5,89,10,0,10,99
07/25/2020,STX,VI,ASO,ES,Federal Contract Tower,4,8,4,2,18,0,25,6,0,31,4,33,10,2,49,6,0,6,55
07/26/2020,STX,VI,ASO,ES,Federal Contract Tower,4,8,4,1,17,0,28,4,0,32,4,36,8,1,49,0,0,0,49
07/27/2020,STX,VI,ASO,ES,Federal Contract Tower,2,12,5,2,21,0,50,18,0,68,2,62,23,2,89,4,0,4,93
07/28/2020,STX,VI,ASO,ES,Federal Contract Tower,4,9,9,2,24,0,35,15,0,50,4,44,24,2,74,0,0,0,74
07/29/2020,STX,VI,ASO,ES,Federal Contract Tower,2,2,1,5,10,0,10,7,0,17,2,12,8,5,27,0,0,0,27
07/30/2020,STX,VI,ASO,ES,Federal Contract Tower,6,14,4,2,26,0,24,7,0,31,6,38,11,2,57,0,0,0,57
07/31/2020,STX,VI,ASO,ES,Federal Contract Tower,2,20,3,2,27,0,29,19,1,49,2,49,22,3,76,0,0,0,76
08/01/2020,STX,VI,ASO,ES,Federal Contract Tower,4,9,4,5,22,0,25,13,0,38,4,34,17,5,60,0,0,0,60
08/02/2020,STX,VI,ASO,ES,Federal Contract Tower,4,7,4,0,15,0,23,2,0,25,4,30,6,0,40,6,0,6,46
08/04/2020,STX,VI,ASO,ES,Federal Contract Tower,4,8,3,0,15,0,36,11,0,47,4,44,14,0,62,0,0,0,62
08/05/2020,STX,VI,ASO,ES,Federal Contract Tower,4,9,3,0,16,0,49,13,0,62,4,58,16,0,78,6,0,6,84
08/06/2020,STX,VI,ASO,ES,Federal Contract Tower,4,10,6,0,20,0,52,11,0,63,4,62,17,0,83,2,0,2,85
08/07/2020,STX,VI,ASO,ES,Federal Contract Tower,2,11,3,0,16,0,40,19,0,59,2,51,22,0,75,2,0,2,77
08/08/2020,STX,VI,ASO,ES,Federal Contract Tower,6,10,3,2,21,0,24,12,0,36,6,34,15,2,57,0,0,0,57
08/09/2020,STX,VI,ASO,ES,Federal Contract Tower,4,10,1,0,15,0,26,3,0,29,4,36,4,0,44,0,0,0,44
08/10/2020,STX,VI,ASO,ES,Federal Contract Tower,2,13,3,1,19,0,50,6,0,56,2,63,9,1,75,0,0,0,75
08/11/2020,STX,VI,ASO,ES,Federal Contract Tower,4,9,2,0,15,0,35,6,0,41,4,44,8,0,56,8,0,8,64
08/12/2020,STX,VI,ASO,ES,Federal Contract Tower,4,10,4,1,19,0,45,11,0,56,4,55,15,1,75,6,0,6,81
08/13/2020,STX,VI,ASO,ES,Federal Contract Tower,4,11,4,2,21,0,49,17,0,66,4,60,21,2,87,2,0,2,89
08/14/2020,STX,VI,ASO,ES,Federal Contract Tower,2,11,3,3,19,0,43,14,2,59,2,54,17,5,78,0,0,0,78
08/15/2020,STX,VI,ASO,ES,Federal Contract Tower,6,7,3,6,22,0,30,8,1,39,6,37,11,7,61,0,0,0,61
08/16/2020,STX,VI,ASO,ES,Federal Contract Tower,4,7,6,1,18,0,32,4,0,36,4,39,10,1,54,0,0,0,54
08/17/2020,STX,VI,ASO,ES,Federal Contract Tower,2,15,4,4,25,0,44,9,0,53,2,59,13,4,78,0,0,0,78
08/18/2020,STX,VI,ASO,ES,Federal Contract Tower,4,5,7,0,16,0,37,15,0,52,4,42,22,0,68,0,0,0,68
08/19/2020,STX,VI,ASO,ES,Federal Contract Tower,4,10,2,1,17,0,41,11,0,52,4,51,13,1,69,6,0,6,75
08/20/2020,STX,VI,ASO,ES,Federal Contract Tower,4,13,2,1,20,0,33,11,0,44,4,46,13,1,64,0,0,0,64
08/21/2020,STX,VI,ASO,ES,Federal Contract Tower,2,13,2,3,20,0,42,7,0,49,2,55,9,3,69,0,0,0,69
08/22/2020,STX,VI,ASO,ES,Federal Contract Tower,6,0,1,0,7,0,1,0,0,1,6,1,1,0,8,0,0,0,8
08/23/2020,STX,VI,ASO,ES,Federal Contract Tower,4,9,1,0,14,0,25,2,0,27,4,34,3,0,41,6,0,6,47
08/24/2020,STX,VI,ASO,ES,Federal Contract Tower,2,21,6,0,29,0,39,10,1,50,2,60,16,1,79,0,0,0,79
08/25/2020,STX,VI,ASO,ES,Federal Contract Tower,4,11,4,0,19,0,24,19,0,43,4,35,23,0,62,0,0,0,62
08/26/2020,STX,VI,ASO,ES,Federal Contract Tower,4,9,8,0,21,0,38,13,0,51,4,47,21,0,72,12,0,12,84
08/27/2020,STX,VI,ASO,ES,Federal Contract Tower,4,13,4,0,21,0,32,15,0,47,4,45,19,0,68,0,0,0,68
08/28/2020,STX,VI,ASO,ES,Federal Contract Tower,2,12,9,0,23,0,38,12,1,51,2,50,21,1,74,0,0,0,74
08/29/2020,STX,VI,ASO,ES,Federal Contract Tower,6,8,2,0,16,0,19,3,0,22,6,27,5,0,38,0,0,0,38
08/30/2020,STX,VI,ASO,ES,Federal Contract Tower,4,5,2,0,11,0,23,3,0,26,4,28,5,0,37,4,0,4,41
08/31/2020,STX,VI,ASO,ES,Federal Contract Tower,2,17,4,0,23,0,43,12,0,55,2,60,16,0,78,0,0,0,78
09/01/2020,STX,VI,ASO,ES,Federal Contract Tower,4,13,6,0,23,0,24,12,0,36,4,37,18,0,59,6,0,6,65
09/02/2020,STX,VI,ASO,ES,Federal Contract Tower,4,11,4,0,19,0,41,24,0,65,4,52,28,0,84,6,0,6,90
09/03/2020,STX,VI,ASO,ES,Federal Contract Tower,4,15,0,0,19,0,32,11,2,45,4,47,11,2,64,16,0,16,80
09/04/2020,STX,VI,ASO,ES,Federal Contract Tower,2,12,0,0,14,0,41,17,0,58,2,53,17,0,72,4,0,4,76
09/05/2020,STX,VI,ASO,ES,Federal Contract Tower,6,7,2,0,15,0,22,17,0,39,6,29,19,0,54,0,0,0,54
09/06/2020,STX,VI,ASO,ES,Federal Contract Tower,4,6,4,0,14,0,20,3,0,23,4,26,7,0,37,2,0,2,39
09/07/2020,STX,VI,ASO,ES,Federal Contract Tower,2,9,0,0,11,0,41,8,0,49,2,50,8,0,60,0,0,0,60
09/08/2020,STX,VI,ASO,ES,Federal Contract Tower,2,17,2,0,21,0,31,11,0,42,2,48,13,0,63,4,0,4,67
09/09/2020,STX,VI,ASO,ES,Federal Contract Tower,2,9,7,0,18,0,40,6,0,46,2,49,13,0,64,6,0,6,70
09/10/2020,STX,VI,ASO,ES,Federal Contract Tower,4,13,10,0,27,0,35,17,0,52,4,48,27,0,79,3,0,3,82
09/11/2020,STX,VI,ASO,ES,Federal Contract Tower,2,16,4,2,24,0,31,11,1,43,2,47,15,3,67,0,0,0,67
09/12/2020,STX,VI,ASO,ES,Federal Contract Tower,4,7,10,1,22,0,19,13,0,32,4,26,23,1,54,0,0,0,54
09/13/2020,STX,VI,ASO,ES,Federal Contract Tower,4,8,1,4,17,0,22,4,0,26,4,30,5,4,43,1,0,1,44
09/14/2020,STX,VI,ASO,ES,Federal Contract Tower,2,14,7,1,24,0,31,22,0,53,2,45,29,1,77,20,0,20,97
09/15/2020,STX,VI,ASO,ES,Federal Contract Tower,2,14,2,0,18,0,29,15,0,44,2,43,17,0,62,0,0,0,62
09/16/2020,STX,VI,ASO,ES,Federal Contract Tower,2,10,7,0,19,0,38,13,3,54,2,48,20,3,73,0,0,0,73
09/17/2020,STX,VI,ASO,ES,Federal Contract Tower,4,13,5,4,26,0,30,13,0,43,4,43,18,4,69,0,0,0,69
09/18/2020,STX,VI,ASO,ES,Federal Contract Tower,2,12,5,9,28,0,37,11,0,48,2,49,16,9,76,0,0,0,76
09/19/2020,STX,VI,ASO,ES,Federal Contract Tower,4,8,1,5,18,0,27,14,0,41,4,35,15,5,59,2,0,2,61
09/20/2020,STX,VI,ASO,ES,Federal Contract Tower,5,10,4,4,23,0,20,2,1,23,5,30,6,5,46,0,0,0,46
09/21/2020,STX,VI,ASO,ES,Federal Contract Tower,2,12,2,5,21,0,47,9,0,56,2,59,11,5,77,0,0,0,77
09/23/2020,STX,VI,ASO,ES,Federal Contract Tower,2,14,8,2,26,0,29,14,0,43,2,43,22,2,69,6,0,6,75
09/24/2020,STX,VI,ASO,ES,Federal Contract Tower,4,13,0,2,19,0,33,7,0,40,4,46,7,2,59,4,0,4,63
09/25/2020,STX,VI,ASO,ES,Federal Contract Tower,2,14,2,0,18,0,34,22,0,56,2,48,24,0,74,0,0,0,74
09/26/2020,STX,VI,ASO,ES,Federal Contract Tower,4,7,3,0,14,0,19,23,0,42,4,26,26,0,56,0,0,0,56
09/27/2020,STX,VI,ASO,ES,Federal Contract Tower,4,7,1,0,12,0,21,12,0,33,4,28,13,0,45,6,0,6,51
09/28/2020,STX,VI,ASO,ES,Federal Contract Tower,2,18,3,0,23,0,36,8,0,44,2,54,11,0,67,0,0,0,67
09/29/2020,STX,VI,ASO,ES,Federal Contract Tower,2,9,3,0,14,0,31,13,0,44,2,40,16,0,58,20,0,20,78
09/30/2020,STX,VI,ASO,ES,Federal Contract Tower,2,11,5,0,18,0,37,10,0,47,2,48,15,0,65,6,0,6,71
10/01/2020,STX,VI,ASO,ES,Federal Contract Tower,4,16,4,0,24,0,43,9,0,52,4,59,13,0,76,8,0,8,84
10/03/2020,STX,VI,ASO,ES,Federal Contract Tower,2,9,3,1,15,0,25,7,0,32,2,34,10,1,47,4,0,4,51
10/04/2020,STX,VI,ASO,ES,Federal Contract Tower,4,10,9,0,23,0,27,8,0,35,4,37,17,0,58,0,0,0,58
10/05/2020,STX,VI,ASO,ES,Federal Contract Tower,2,20,4,0,26,0,35,20,0,55,2,55,24,0,81,0,0,0,81
10/06/2020,STX,VI,ASO,ES,Federal Contract Tower,2,15,4,0,21,0,35,12,0,47,2,50,16,0,68,6,0,6,74
10/07/2020,STX,VI,ASO,ES,Federal Contract Tower,2,9,3,0,14,0,38,12,0,50,2,47,15,0,64,2,0,2,66
10/10/2020,STX,VI,ASO,ES,Federal Contract Tower,4,8,3,0,15,0,28,4,0,32,4,36,7,0,47,0,0,0,47
10/11/2020,STX,VI,ASO,ES,Federal Contract Tower,2,5,1,0,8,0,31,9,0,40,2,36,10,0,48,0,0,0,48
10/12/2020,STX,VI,ASO,ES,Federal Contract Tower,4,5,5,0,14,0,45,9,0,54,4,50,14,0,68,0,0,0,68
10/13/2020,STX,VI,ASO,ES,Federal Contract Tower,2,9,1,0,12,0,35,11,0,46,2,44,12,0,58,0,0,0,58
10/14/2020,STX,VI,ASO,ES,Federal Contract Tower,2,13,2,0,17,0,39,23,0,62,2,52,25,0,79,12,0,12,91
10/15/2020,STX,VI,ASO,ES,Federal Contract Tower,2,15,13,1,31,0,38,13,0,51,2,53,26,1,82,0,0,0,82
10/16/2020,STX,VI,ASO,ES,Federal Contract Tower,4,17,6,2,29,0,37,4,0,41,4,54,10,2,70,0,0,0,70
10/17/2020,STX,VI,ASO,ES,Federal Contract Tower,4,9,5,1,19,0,28,6,0,34,4,37,11,1,53,2,0,2,55
10/18/2020,STX,VI,ASO,ES,Federal Contract Tower,2,5,0,0,7,0,34,2,0,36,2,39,2,0,43,0,0,0,43
10/19/2020,STX,VI,ASO,ES,Federal Contract Tower,4,18,5,0,27,0,42,13,0,55,4,60,18,0,82,0,0,0,82
10/20/2020,STX,VI,ASO,ES,Federal Contract Tower,2,5,5,0,12,0,37,17,0,54,2,42,22,0,66,0,0,0,66
10/21/2020,STX,VI,ASO,ES,Federal Contract Tower,2,9,5,0,16,0,44,11,1,56,2,53,16,1,72,0,0,0,72
10/22/2020,STX,VI,ASO,ES,Federal Contract Tower,2,13,2,0,17,0,41,16,0,57,2,54,18,0,74,0,0,0,74
10/23/2020,STX,VI,ASO,ES,Federal Contract Tower,4,11,7,0,22,0,47,22,0,69,4,58,29,0,91,4,0,4,95
10/24/2020,STX,VI,ASO,ES,Federal Contract Tower,3,6,0,0,9,0,35,12,0,47,3,41,12,0,56,0,0,0,56
10/25/2020,STX,VI,ASO,ES,Federal Contract Tower,5,4,0,0,9,0,34,4,0,38,5,38,4,0,47,0,0,0,47
10/26/2020,STX,VI,ASO,ES,Federal Contract Tower,4,16,3,0,23,0,40,17,0,57,4,56,20,0,80,0,0,0,80
10/27/2020,STX,VI,ASO,ES,Federal Contract Tower,2,13,3,0,18,0,35,11,0,46,2,48,14,0,64,6,0,6,70
10/28/2020,STX,VI,ASO,ES,Federal Contract Tower,2,10,2,0,14,0,42,12,0,54,2,52,14,0,68,6,0,6,74
10/29/2020,STX,VI,ASO,ES,Federal Contract Tower,2,22,6,1,31,0,31,6,0,37,2,53,12,1,68,0,0,0,68
10/31/2020,STX,VI,ASO,ES,Federal Contract Tower,2,8,5,0,15,0,33,8,0,41,2,41,13,0,56,4,0,4,60
11/01/2020,STX,VI,ASO,ES,Federal Contract Tower,2,9,6,0,17,0,33,7,0,40,2,42,13,0,57,16,0,16,73
11/02/2020,STX,VI,ASO,ES,Federal Contract Tower,4,18,0,0,22,0,42,14,2,58,4,60,14,2,80,24,0,24,104
11/03/2020,STX,VI,ASO,ES,Federal Contract Tower,2,11,5,0,18,0,28,12,0,40,2,39,17,0,58,20,0,20,78
11/04/2020,STX,VI,ASO,ES,Federal Contract Tower,2,13,4,1,20,0,41,20,1,62,2,54,24,2,82,42,0,42,124
11/05/2020,STX,VI,ASO,ES,Federal Contract Tower,3,18,2,0,23,0,41,10,0,51,3,59,12,0,74,0,0,0,74
11/06/2020,STX,VI,ASO,ES,Federal Contract Tower,5,17,6,0,28,0,42,22,2,66,5,59,28,2,94,2,0,2,96
11/07/2020,STX,VI,ASO,ES,Federal Contract Tower,5,6,9,0,20,0,31,24,0,55,5,37,33,0,75,0,0,0,75
11/08/2020,STX,VI,ASO,ES,Federal Contract Tower,3,12,3,0,18,0,31,12,0,43,3,43,15,0,61,0,0,0,61
11/09/2020,STX,VI,ASO,ES,Federal Contract Tower,5,20,3,0,28,0,32,17,0,49,5,52,20,0,77,0,0,0,77
11/10/2020,STX,VI,ASO,ES,Federal Contract Tower,2,37,7,0,46,0,8,3,0,11,2,45,10,0,57,0,0,0,57
11/11/2020,STX,VI,ASO,ES,Federal Contract Tower,3,30,8,0,41,0,14,0,0,14,3,44,8,0,55,0,0,0,55
11/13/2020,STX,VI,ASO,ES,Federal Contract Tower,5,14,8,0,27,0,40,21,0,61,5,54,29,0,88,0,0,0,88
11/14/2020,STX,VI,ASO,ES,Federal Contract Tower,5,9,3,2,19,40,26,0,0,66,45,35,3,2,85,0,0,0,85
11/15/2020,STX,VI,ASO,ES,Federal Contract Tower,3,7,4,1,15,0,35,4,2,41,3,42,8,3,56,0,0,0,56
11/16/2020,STX,VI,ASO,ES,Federal Contract Tower,6,18,8,2,34,0,41,18,2,61,6,59,26,4,95,4,0,4,99
11/17/2020,STX,VI,ASO,ES,Federal Contract Tower,2,18,4,1,25,0,35,6,0,41,2,53,10,1,66,6,0,6,72
11/18/2020,STX,VI,ASO,ES,Federal Contract Tower,6,16,4,0,26,0,35,15,0,50,6,51,19,0,76,8,0,8,84
11/19/2020,STX,VI,ASO,ES,Federal Contract Tower,8,16,3,2,29,0,30,20,0,50,8,46,23,2,79,0,0,0,79
11/20/2020,STX,VI,ASO,ES,Federal Contract Tower,9,19,15,0,43,0,39,16,0,55,9,58,31,0,98,8,0,8,106
11/21/2020,STX,VI,ASO,ES,Federal Contract Tower,9,7,12,1,29,0,33,16,0,49,9,40,28,1,78,8,0,8,86
11/22/2020,STX,VI,ASO,ES,Federal Contract Tower,10,14,2,0,26,0,32,6,0,38,10,46,8,0,64,12,0,12,76
11/23/2020,STX,VI,ASO,ES,Federal Contract Tower,7,21,7,0,35,0,39,6,0,45,7,60,13,0,80,0,0,0,80
11/24/2020,STX,VI,ASO,ES,Federal Contract Tower,7,12,9,0,28,0,34,18,0,52,7,46,27,0,80,0,0,0,80
11/25/2020,STX,VI,ASO,ES,Federal Contract Tower,7,15,2,0,24,0,58,14,0,72,7,73,16,0,96,4,0,4,100
11/26/2020,STX,VI,ASO,ES,Federal Contract Tower,5,7,1,0,13,0,33,3,0,36,5,40,4,0,49,4,0,4,53
11/27/2020,STX,VI,ASO,ES,Federal Contract Tower,4,11,1,0,16,0,38,7,0,45,4,49,8,0,61,0,0,0,61
11/28/2020,STX,VI,ASO,ES,Federal Contract Tower,10,8,5,0,23,0,30,26,0,56,10,38,31,0,79,20,0,20,99
11/29/2020,STX,VI,ASO,ES,Federal Contract Tower,9,8,1,0,18,0,41,8,0,49,9,49,9,0,67,4,0,4,71
11/30/2020,STX,VI,ASO,ES,Federal Contract Tower,7,20,5,0,32,0,51,16,0,67,7,71,21,0,99,24,0,24,123
12/01/2020,STX,VI,ASO,ES,Federal Contract Tower,2,12,6,1,21,0,33,26,0,59,2,45,32,1,80,0,0,0,80
12/02/2020,STX,VI,ASO,ES,Federal Contract Tower,5,14,3,1,23,0,34,12,0,46,5,48,15,1,69,0,0,0,69
12/03/2020,STX,VI,ASO,ES,Federal Contract Tower,8,17,3,0,28,0,32,14,0,46,8,49,17,0,74,0,0,0,74
12/04/2020,STX,VI,ASO,ES,Federal Contract Tower,6,16,1,0,23,0,41,16,0,57,6,57,17,0,80,8,0,8,88
12/05/2020,STX,VI,ASO,ES,Federal Contract Tower,10,6,8,0,24,0,32,16,0,48,10,38,24,0,72,8,0,8,80
12/06/2020,STX,VI,ASO,ES,Federal Contract Tower,8,25,3,0,36,0,16,6,0,22,8,41,9,0,58,0,0,0,58
12/07/2020,STX,VI,ASO,ES,Federal Contract Tower,6,16,3,1,26,0,45,16,0,61,6,61,19,1,87,14,0,14,101
12/08/2020,STX,VI,ASO,ES,Federal Contract Tower,2,12,3,1,18,0,34,22,1,57,2,46,25,2,75,0,0,0,75
12/09/2020,STX,VI,ASO,ES,Federal Contract Tower,6,8,7,3,24,0,34,16,0,50,6,42,23,3,74,8,0,8,82
12/10/2020,STX,VI,ASO,ES,Federal Contract Tower,8,16,6,2,32,0,43,26,0,69,8,59,32,2,101,0,0,0,101
12/11/2020,STX,VI,ASO,ES,Federal Contract Tower,5,16,6,4,31,0,46,10,0,56,5,62,16,4,87,4,0,4,91
12/12/2020,STX,VI,ASO,ES,Federal Contract Tower,10,6,4,2,22,0,34,16,0,50,10,40,20,2,72,0,8,8,80
12/13/2020,STX,VI,ASO,ES,Federal Contract Tower,8,7,5,2,22,0,36,12,0,48,8,43,17,2,70,8,0,8,78
12/14/2020,STX,VI,ASO,ES,Federal Contract Tower,5,14,8,0,27,0,38,12,0,50,5,52,20,0,77,6,0,6,83
12/15/2020,STX,VI,ASO,ES,Federal Contract Tower,2,14,3,0,19,0,34,12,0,46,2,48,15,0,65,12,0,12,77
12/16/2020,STX,VI,ASO,ES,Federal Contract Tower,7,17,3,0,27,0,40,24,0,64,7,57,27,0,91,54,0,54,145
12/17/2020,STX,VI,ASO,ES,Federal Contract Tower,7,18,4,0,29,0,43,14,0,57,7,61,18,0,86,0,0,0,86
12/18/2020,STX,VI,ASO,ES,Federal Contract Tower,7,18,8,0,33,0,45,25,0,70,7,63,33,0,103,32,0,32,135
12/19/2020,STX,VI,ASO,ES,Federal Contract Tower,9,10,4,0,23,0,31,31,0,62,9,41,35,0,85,40,0,40,125
12/20/2020,STX,VI,ASO,ES,Federal Contract Tower,7,11,13,0,31,0,30,5,0,35,7,41,18,0,66,0,0,0,66
12/21/2020,STX,VI,ASO,ES,Federal Contract Tower,9,16,6,0,31,0,35,6,0,41,9,51,12,0,72,20,0,20,92
12/22/2020,STX,VI,ASO,ES,Federal Contract Tower,8,16,9,0,33,0,29,9,0,38,8,45,18,0,71,0,0,0,71
12/23/2020,STX,VI,ASO,ES,Federal Contract Tower,9,19,1,0,29,0,50,15,0,65,9,69,16,0,94,0,0,0,94
12/24/2020,STX,VI,ASO,ES,Federal Contract Tower,6,20,0,0,26,0,24,3,0,27,6,44,3,0,53,0,0,0,53
12/25/2020,STX,VI,ASO,ES,Federal Contract Tower,6,6,0,0,12,0,26,2,0,28,6,32,2,0,40,0,0,0,40
12/26/2020,STX,VI,ASO,ES,Federal Contract Tower,9,8,1,0,18,0,31,5,0,36,9,39,6,0,54,0,0,0,54
12/27/2020,STX,VI,ASO,ES,Federal Contract Tower,8,7,15,0,30,0,33,3,0,36,8,40,18,0,66,0,0,0,66
12/28/2020,STX,VI,ASO,ES,Federal Contract Tower,10,18,2,0,30,0,32,8,0,40,10,50,10,0,70,24,0,24,94
12/29/2020,STX,VI,ASO,ES,Federal Contract Tower,8,16,4,0,28,0,29,16,0,45,8,45,20,0,73,6,0,6,79
12/30/2020,STX,VI,ASO,ES,Federal Contract Tower,10,13,3,0,26,0,30,11,0,41,10,43,14,0,67,0,0,0,67
12/31/2020,STX,VI,ASO,ES,Federal Contract Tower,5,14,3,0,22,0,28,8,0,36,5,42,11,0,58,0,0,0,58
01/01/2021,STX,VI,ASO,ES,Federal Contract Tower,5,10,2,0,17,0,20,4,0,24,5,30,6,0,41,0,0,0,41
01/02/2021,STX,VI,ASO,ES,Federal Contract Tower,10,11,5,0,26,0,26,11,0,37,10,37,16,0,63,0,0,0,63
01/03/2021,STX,VI,ASO,ES,Federal Contract Tower,8,10,7,0,25,0,30,6,0,36,8,40,13,0,61,0,0,0,61
01/04/2021,STX,VI,ASO,ES,Federal Contract Tower,10,30,7,0,47,0,18,4,0,22,10,48,11,0,69,0,0,0,69
01/05/2021,STX,VI,ASO,ES,Federal Contract Tower,6,15,1,0,22,0,25,9,0,34,6,40,10,0,56,4,0,4,60
01/06/2021,STX,VI,ASO,ES,Federal Contract Tower,10,13,6,0,29,0,28,7,0,35,10,41,13,0,64,8,0,8,72
01/07/2021,STX,VI,ASO,ES,Federal Contract Tower,7,14,2,0,23,0,43,12,0,55,7,57,14,0,78,0,0,0,78
01/08/2021,STX,VI,ASO,ES,Federal Contract Tower,9,16,5,0,30,0,37,11,0,48,9,53,16,0,78,0,0,0,78
01/09/2021,STX,VI,ASO,ES,Federal Contract Tower,9,8,7,0,24,0,20,10,0,30,9,28,17,0,54,0,0,0,54
01/10/2021,STX,VI,ASO,ES,Federal Contract Tower,7,7,3,0,17,0,44,9,0,53,7,51,12,0,70,0,0,0,70
01/11/2021,STX,VI,ASO,ES,Federal Contract Tower,9,23,4,0,36,0,36,15,0,51,9,59,19,0,87,0,0,0,87
01/12/2021,STX,VI,ASO,ES,Federal Contract Tower,5,15,1,2,23,0,33,27,0,60,5,48,28,2,83,8,0,8,91
01/13/2021,STX,VI,ASO,ES,Federal Contract Tower,7,13,5,0,25,0,36,19,1,56,7,49,24,1,81,10,0,10,91
01/14/2021,STX,VI,ASO,ES,Federal Contract Tower,7,13,4,1,25,0,33,18,0,51,7,46,22,1,76,4,0,4,80
01/15/2021,STX,VI,ASO,ES,Federal Contract Tower,9,20,4,0,33,0,36,17,0,53,9,56,21,0,86,22,0,22,108
01/16/2021,STX,VI,ASO,ES,Federal Contract Tower,9,6,2,0,17,0,16,8,0,24,9,22,10,0,41,2,0,2,43
01/17/2021,STX,VI,ASO,ES,Federal Contract Tower,7,15,2,1,25,0,19,5,0,24,7,34,7,1,49,12,0,12,61
01/18/2021,STX,VI,ASO,ES,Federal Contract Tower,9,9,3,0,21,0,35,13,0,48,9,44,16,0,69,6,0,6,75
01/19/2021,STX,VI,ASO,ES,Federal Contract Tower,5,16,2,0,23,0,26,16,0,42,5,42,18,0,65,6,0,6,71
01/20/2021,STX,VI,ASO,ES,Federal Contract Tower,8,13,4,0,25,0,26,10,0,36,8,39,14,0,61,6,0,6,67
01/21/2021,STX,VI,ASO,ES,Federal Contract Tower,6,13,6,0,25,0,32,19,0,51,6,45,25,0,76,16,0,16,92
01/22/2021,STX,VI,ASO,ES,Federal Contract Tower,9,13,4,0,26,0,30,21,0,51,9,43,25,0,77,50,0,50,127
01/23/2021,STX,VI,ASO,ES,Federal Contract Tower,9,8,1,0,18,0,22,10,0,32,9,30,11,0,50,0,0,0,50
01/24/2021,STX,VI,ASO,ES,Federal Contract Tower,7,7,7,0,21,0,24,4,0,28,7,31,11,0,49,0,0,0,49
01/25/2021,STX,VI,ASO,ES,Federal Contract Tower,9,16,5,4,34,0,34,17,1,52,9,50,22,5,86,0,0,0,86
01/26/2021,STX,VI,ASO,ES,Federal Contract Tower,5,8,6,1,20,0,33,25,0,58,5,41,31,1,78,18,0,18,96
01/27/2021,STX,VI,ASO,ES,Federal Contract Tower,7,12,12,0,31,0,36,18,0,54,7,48,30,0,85,24,0,24,109
01/28/2021,STX,VI,ASO,ES,Federal Contract Tower,8,15,2,2,27,0,34,28,3,65,8,49,30,5,92,2,0,2,94
01/29/2021,STX,VI,ASO,ES,Federal Contract Tower,10,14,10,1,35,0,29,39,1,69,10,43,49,2,104,12,2,14,118
01/30/2021,STX,VI,ASO,ES,Federal Contract Tower,9,11,5,2,27,0,19,8,0,27,9,30,13,2,54,14,0,14,68
01/31/2021,STX,VI,ASO,ES,Federal Contract Tower,6,10,1,0,17,0,25,8,0,33,6,35,9,0,50,0,0,0,50
02/01/2021,STX,VI,ASO,ES,Federal Contract Tower,10,10,3,0,23,0,35,6,0,41,10,45,9,0,64,0,0,0,64
02/02/2021,STX,VI,ASO,ES,Federal Contract Tower,5,11,2,1,19,0,28,21,0,49,5,39,23,1,68,12,0,12,80
02/03/2021,STX,VI,ASO,ES,Federal Contract Tower,7,9,2,0,18,0,32,16,0,48,7,41,18,0,66,0,0,0,66
02/04/2021,STX,VI,ASO,ES,Federal Contract Tower,7,14,4,0,25,0,37,13,0,50,7,51,17,0,75,14,0,14,89
02/05/2021,STX,VI,ASO,ES,Federal Contract Tower,9,10,5,1,25,0,43,10,2,55,9,53,15,3,80,14,0,14,94
02/06/2021,STX,VI,ASO,ES,Federal Contract Tower,9,6,4,1,20,0,28,10,0,38,9,34,14,1,58,2,0,2,60
02/07/2021,STX,VI,ASO,ES,Federal Contract Tower,7,11,2,1,21,0,28,17,0,45,7,39,19,1,66,12,0,12,78
02/08/2021,STX,VI,ASO,ES,Federal Contract Tower,9,13,9,0,31,0,38,21,0,59,9,51,30,0,90,24,0,24,114
02/09/2021,STX,VI,ASO,ES,Federal Contract Tower,5,11,3,0,19,0,31,14,0,45,5,42,17,0,64,14,0,14,78
02/10/2021,STX,VI,ASO,ES,Federal Contract Tower,5,12,8,0,25,0,30,17,0,47,5,42,25,0,72,10,0,10,82
02/11/2021,STX,VI,ASO,ES,Federal Contract Tower,9,13,7,0,29,0,35,25,0,60,9,48,32,0,89,2,0,2,91
02/12/2021,STX,VI,ASO,ES,Federal Contract Tower,9,16,4,1,30,0,43,16,2,61,9,59,20,3,91,8,0,8,99
02/13/2021,STX,VI,ASO,ES,Federal Contract Tower,9,7,2,1,19,0,25,12,0,37,9,32,14,1,56,0,0,0,56
02/14/2021,STX,VI,ASO,ES,Federal Contract Tower,9,8,2,0,19,0,32,9,0,41,9,40,11,0,60,0,0,0,60
02/15/2021,STX,VI,ASO,ES,Federal Contract Tower,9,13,6,0,28,0,39,19,0,58,9,52,25,0,86,6,0,6,92
02/16/2021,STX,VI,ASO,ES,Federal Contract Tower,5,9,1,1,16,0,36,15,1,52,5,45,16,2,68,6,0,6,74
02/17/2021,STX,VI,ASO,ES,Federal Contract Tower,5,13,5,0,23,0,32,10,0,42,5,45,15,0,65,12,0,12,77
02/18/2021,STX,VI,ASO,ES,Federal Contract Tower,9,15,5,0,29,0,38,14,0,52,9,53,19,0,81,2,0,2,83
02/19/2021,STX,VI,ASO,ES,Federal Contract Tower,9,7,2,0,18,0,40,25,0,65,9,47,27,0,83,14,0,14,97
02/20/2021,STX,VI,ASO,ES,Federal Contract Tower,9,9,4,0,22,0,27,12,0,39,9,36,16,0,61,14,0,14,75
02/21/2021,STX,VI,ASO,ES,Federal Contract Tower,9,8,2,0,19,0,26,11,0,37,9,34,13,0,56,14,0,14,70
02/22/2021,STX,VI,ASO,ES,Federal Contract Tower,9,19,4,0,32,0,43,14,0,57,9,62,18,0,89,18,0,18,107
02/23/2021,STX,VI,ASO,ES,Federal Contract Tower,5,10,4,0,19,0,37,19,0,56,5,47,23,0,75,10,0,10,85
02/24/2021,STX,VI,ASO,ES,Federal Contract Tower,5,11,2,0,18,0,43,19,0,62,5,54,21,0,80,28,0,28,108
02/25/2021,STX,VI,ASO,ES,Federal Contract Tower,9,12,2,0,23,0,44,22,0,66,9,56,24,0,89,48,0,48,137
02/26/2021,STX,VI,ASO,ES,Federal Contract Tower,9,25,3,0,37,0,44,38,0,82,9,69,41,0,119,32,0,32,151
02/27/2021,STX,VI,ASO,ES,Federal Contract Tower,9,10,7,0,26,0,27,15,0,42,9,37,22,0,68,16,0,16,84
02/28/2021,STX,VI,ASO,ES,Federal Contract Tower,9,5,3,0,17,0,39,6,0,45,9,44,9,0,62,0,0,0,62
03/01/2021,STX,VI,ASO,ES,Federal Contract Tower,9,17,4,0,30,0,41,11,0,52,9,58,15,0,82,10,0,10,92
03/02/2021,STX,VI,ASO,ES,Federal Contract Tower,7,10,1,0,18,0,31,25,0,56,7,41,26,0,74,12,0,12,86
03/03/2021,STX,VI,ASO,ES,Federal Contract Tower,7,12,9,0,28,0,40,11,0,51,7,52,20,0,79,0,0,0,79
03/04/2021,STX,VI,ASO,ES,Federal Contract Tower,9,12,1,0,22,0,41,21,0,62,9,53,22,0,84,0,0,0,84
03/05/2021,STX,VI,ASO,ES,Federal Contract Tower,10,14,8,0,32,0,50,20,0,70,10,64,28,0,102,12,0,12,114
03/06/2021,STX,VI,ASO,ES,Federal Contract Tower,9,8,2,0,19,0,32,8,0,40,9,40,10,0,59,6,0,6,65
03/07/2021,STX,VI,ASO,ES,Federal Contract Tower,9,8,2,0,19,0,42,9,0,51,9,50,11,0,70,16,0,16,86
03/08/2021,STX,VI,ASO,ES,Federal Contract Tower,9,13,3,0,25,0,43,12,0,55,9,56,15,0,80,0,0,0,80
03/09/2021,STX,VI,ASO,ES,Federal Contract Tower,7,11,3,0,21,0,39,21,0,60,7,50,24,0,81,0,0,0,81
03/10/2021,STX,VI,ASO,ES,Federal Contract Tower,9,9,6,0,24,0,42,13,0,55,9,51,19,0,79,0,0,0,79
03/11/2021,STX,VI,ASO,ES,Federal Contract Tower,9,16,2,0,27,0,43,17,0,60,9,59,19,0,87,8,0,8,95
03/12/2021,STX,VI,ASO,ES,Federal Contract Tower,9,13,4,1,27,0,51,22,2,75,9,64,26,3,102,30,0,30,132
03/13/2021,STX,VI,ASO,ES,Federal Contract Tower,9,8,2,0,19,0,31,14,0,45,9,39,16,0,64,2,0,2,66
03/14/2021,STX,VI,ASO,ES,Federal Contract Tower,10,6,2,2,20,0,33,0,0,33,10,39,2,2,53,0,0,0,53
03/15/2021,STX,VI,ASO,ES,Federal Contract Tower,10,18,14,1,43,0,48,16,1,65,10,66,30,2,108,0,2,2,110
03/16/2021,STX,VI,ASO,ES,Federal Contract Tower,10,11,3,1,25,0,40,21,0,61,10,51,24,1,86,0,0,0,86
03/17/2021,STX,VI,ASO,ES,Federal Contract Tower,10,15,8,3,36,0,40,9,0,49,10,55,17,3,85,0,8,8,93
03/18/2021,STX,VI,ASO,ES,Federal Contract Tower,10,15,2,1,28,0,50,25,1,76,10,65,27,2,104,24,0,24,128
03/19/2021,STX,VI,ASO,ES,Federal Contract Tower,10,18,3,0,31,0,52,9,0,61,10,70,12,0,92,2,0,2,94
03/20/2021,STX,VI,ASO,ES,Federal Contract Tower,11,8,3,0,22,0,38,7,0,45,11,46,10,0,67,0,0,0,67
03/21/2021,STX,VI,ASO,ES,Federal Contract Tower,11,9,2,0,22,0,29,19,0,48,11,38,21,0,70,0,0,0,70
03/22/2021,STX,VI,ASO,ES,Federal Contract Tower,10,11,4,0,25,0,54,17,0,71,10,65,21,0,96,36,0,36,132
03/23/2021,STX,VI,ASO,ES,Federal Contract Tower,10,9,2,1,22,0,40,34,0,74,10,49,36,1,96,6,0,6,102
03/24/2021,STX,VI,ASO,ES,Federal Contract Tower,10,12,6,1,29,0,40,15,0,55,10,52,21,1,84,42,0,42,126
03/25/2021,STX,VI,ASO,ES,Federal Contract Tower,12,14,2,0,28,0,45,23,0,68,12,59,25,0,96,58,0,58,154
03/26/2021,STX,VI,ASO,ES,Federal Contract Tower,10,14,1,0,25,0,54,25,0,79,10,68,26,0,104,4,0,4,108
03/27/2021,STX,VI,ASO,ES,Federal Contract Tower,9,6,8,1,24,0,35,13,0,48,9,41,21,1,72,14,0,14,86
03/28/2021,STX,VI,ASO,ES,Federal Contract Tower,10,11,7,0,28,0,38,17,0,55,10,49,24,0,83,2,0,2,85
03/29/2021,STX,VI,ASO,ES,Federal Contract Tower,9,15,6,1,31,0,45,14,0,59,9,60,20,1,90,2,0,2,92
03/30/2021,STX,VI,ASO,ES,Federal Contract Tower,10,12,8,0,30,0,42,14,0,56,10,54,22,0,86,0,0,0,86
03/31/2021,STX,VI,ASO,ES,Federal Contract Tower,10,12,1,0,23,0,48,5,0,53,10,60,6,0,76,0,0,0,76
04/01/2021,STX,VI,ASO,ES,Federal Contract Tower,10,14,1,0,25,0,64,19,0,83,10,78,20,0,108,20,0,20,128
04/02/2021,STX,VI,ASO,ES,Federal Contract Tower,8,29,5,0,42,0,33,12,0,45,8,62,17,0,87,20,0,20,107
04/03/2021,STX,VI,ASO,ES,Federal Contract Tower,10,10,4,0,24,0,28,2,0,30,10,38,6,0,54,0,0,0,54
04/04/2021,STX,VI,ASO,ES,Federal Contract Tower,8,6,5,0,19,0,39,12,0,51,8,45,17,0,70,4,0,4,74
04/05/2021,STX,VI,ASO,ES,Federal Contract Tower,8,16,5,0,29,0,52,16,0,68,8,68,21,0,97,8,0,8,105
04/06/2021,STX,VI,ASO,ES,Federal Contract Tower,8,9,5,0,22,0,46,13,0,59,8,55,18,0,81,30,0,30,111
04/07/2021,STX,VI,ASO,ES,Federal Contract Tower,8,13,4,0,25,0,40,22,0,62,8,53,26,0,87,20,0,20,107
04/08/2021,STX,VI,ASO,ES,Federal Contract Tower,8,14,2,0,24,0,44,31,0,75,8,58,33,0,99,38,0,38,137
04/09/2021,STX,VI,ASO,ES,Federal Contract Tower,8,15,1,0,24,0,59,11,0,70,8,74,12,0,94,24,0,24,118
04/10/2021,STX,VI,ASO,ES,Federal Contract Tower,10,10,3,0,23,0,35,9,0,44,10,45,12,0,67,0,0,0,67
04/11/2021,STX,VI,ASO,ES,Federal Contract Tower,5,11,3,0,19,0,28,7,0,35,5,39,10,0,54,0,0,0,54
04/12/2021,STX,VI,ASO,ES,Federal Contract Tower,8,15,4,3,30,0,44,8,0,52,8,59,12,3,82,6,0,6,88
04/13/2021,STX,VI,ASO,ES,Federal Contract Tower,8,17,7,2,34,0,40,31,6,77,8,57,38,8,111,32,0,32,143
04/14/2021,STX,VI,ASO,ES,Federal Contract Tower,6,11,0,1,18,0,43,10,7,60,6,54,10,8,78,0,0,0,78
04/15/2021,STX,VI,ASO,ES,Federal Contract Tower,8,15,9,0,32,0,45,28,6,79,8,60,37,6,111,20,0,20,131
04/16/2021,STX,VI,ASO,ES,Federal Contract Tower,8,18,4,0,30,0,44,15,3,62,8,62,19,3,92,26,0,26,118
04/17/2021,STX,VI,ASO,ES,Federal Contract Tower,11,7,3,0,21,0,29,10,0,39,11,36,13,0,60,2,0,2,62
04/18/2021,STX,VI,ASO,ES,Federal Contract Tower,9,8,1,0,18,0,33,21,7,61,9,41,22,7,79,32,0,32,111
04/19/2021,STX,VI,ASO,ES,Federal Contract Tower,8,17,4,2,31,0,38,23,9,70,8,55,27,11,101,46,32,78,179
04/20/2021,STX,VI,ASO,ES,Federal Contract Tower,6,10,4,0,20,0,41,17,8,66,6,51,21,8,86,12,8,20,106
04/21/2021,STX,VI,ASO,ES,Federal Contract Tower,6,18,8,1,33,0,32,14,10,56,6,50,22,11,89,28,22,50,139
04/22/2021,STX,VI,ASO,ES,Federal Contract Tower,8,14,7,2,31,0,44,21,10,75,8,58,28,12,106,12,18,30,136
04/23/2021,STX,VI,ASO,ES,Federal Contract Tower,7,9,3,0,19,0,59,12,2,73,7,68,15,2,92,20,0,20,112
04/25/2021,STX,VI,ASO,ES,Federal Contract Tower,8,9,4,2,23,0,30,14,0,44,8,39,18,2,67,0,0,0,67
04/26/2021,STX,VI,ASO,ES,Federal Contract Tower,8,18,4,2,32,0,37,19,0,56,8,55,23,2,88,14,0,14,102
04/27/2021,STX,VI,ASO,ES,Federal Contract Tower,6,14,5,4,29,0,31,4,0,35,6,45,9,4,64,0,0,0,64
04/28/2021,STX,VI,ASO,ES,Federal Contract Tower,6,27,10,2,45,0,28,15,0,43,6,55,25,2,88,14,0,14,102
04/29/2021,STX,VI,ASO,ES,Federal Contract Tower,7,21,7,1,36,0,35,29,1,65,7,56,36,2,101,10,0,10,111
04/30/2021,STX,VI,ASO,ES,Federal Contract Tower,8,13,7,2,30,0,48,20,0,68,8,61,27,2,98,20,0,20,118
05/01/2021,STX,VI,ASO,ES,Federal Contract Tower,10,6,3,0,19,0,26,9,0,35,10,32,12,0,54,10,0,10,64
05/02/2021,STX,VI,ASO,ES,Federal Contract Tower,8,6,6,0,20,0,23,10,0,33,8,29,16,0,53,4,0,4,57
05/03/2021,STX,VI,ASO,ES,Federal Contract Tower,8,19,4,2,33,0,35,12,0,47,8,54,16,2,80,18,0,18,98
05/04/2021,STX,VI,ASO,ES,Federal Contract Tower,6,13,1,0,20,0,35,19,0,54,6,48,20,0,74,4,0,4,78
05/05/2021,STX,VI,ASO,ES,Federal Contract Tower,8,13,1,0,22,0,40,4,0,44,8,53,5,0,66,22,0,22,88
05/06/2021,STX,VI,ASO,ES,Federal Contract Tower,7,17,1,0,25,0,41,17,1,59,7,58,18,1,84,8,0,8,92
05/07/2021,STX,VI,ASO,ES,Federal Contract Tower,6,11,5,0,22,0,58,10,0,68,6,69,15,0,90,8,16,24,114
05/08/2021,STX,VI,ASO,ES,Federal Contract Tower,8,8,4,0,20,0,27,10,0,37,8,35,14,0,57,0,0,0,57
05/09/2021,STX,VI,ASO,ES,Federal Contract Tower,6,7,2,0,15,0,29,7,0,36,6,36,9,0,51,0,0,0,51
05/10/2021,STX,VI,ASO,ES,Federal Contract Tower,6,20,8,1,35,0,50,12,2,64,6,70,20,3,99,0,2,2,101
05/11/2021,STX,VI,ASO,ES,Federal Contract Tower,6,14,3,3,26,0,38,18,0,56,6,52,21,3,82,0,0,0,82
05/12/2021,STX,VI,ASO,ES,Federal Contract Tower,6,11,5,0,22,0,36,12,3,51,6,47,17,3,73,0,0,0,73
05/13/2021,STX,VI,ASO,ES,Federal Contract Tower,6,19,2,0,27,0,48,21,2,71,6,67,23,2,98,0,0,0,98
05/14/2021,STX,VI,ASO,ES,Federal Contract Tower,7,11,3,0,21,0,61,31,0,92,7,72,34,0,113,0,0,0,113
05/15/2021,STX,VI,ASO,ES,Federal Contract Tower,9,9,2,1,21,0,28,9,1,38,9,37,11,2,59,0,0,0,59
05/16/2021,STX,VI,ASO,ES,Federal Contract Tower,6,6,5,1,18,0,32,20,3,55,6,38,25,4,73,0,0,0,73
05/17/2021,STX,VI,ASO,ES,Federal Contract Tower,6,15,4,1,26,0,43,24,3,70,6,58,28,4,96,26,0,26,122
05/18/2021,STX,VI,ASO,ES,Federal Contract Tower,6,11,9,1,27,0,42,24,2,68,6,53,33,3,95,40,0,40,135
05/19/2021,STX,VI,ASO,ES,Federal Contract Tower,6,13,8,0,27,0,38,16,1,55,6,51,24,1,82,0,0,0,82
05/20/2021,STX,VI,ASO,ES,Federal Contract Tower,6,18,0,0,24,0,42,29,1,72,6,60,29,1,96,42,0,42,138
05/21/2021,STX,VI,ASO,ES,Federal Contract Tower,6,9,4,1,20,0,47,10,0,57,6,56,14,1,77,0,0,0,77
05/22/2021,STX,VI,ASO,ES,Federal Contract Tower,8,7,5,0,20,0,31,15,0,46,8,38,20,0,66,10,0,10,76
05/23/2021,STX,VI,ASO,ES,Federal Contract Tower,6,15,7,1,29,0,15,1,0,16,6,30,8,1,45,0,0,0,45
05/24/2021,STX,VI,ASO,ES,Federal Contract Tower,6,13,8,1,28,0,45,20,2,67,6,58,28,3,95,42,0,42,137
05/25/2021,STX,VI,ASO,ES,Federal Contract Tower,6,11,7,3,27,0,48,24,0,72,6,59,31,3,99,22,0,22,121
05/26/2021,STX,VI,ASO,ES,Federal Contract Tower,6,12,5,0,23,0,55,20,0,75,6,67,25,0,98,8,0,8,106
05/27/2021,STX,VI,ASO,ES,Federal Contract Tower,5,14,3,0,22,0,46,29,2,77,5,60,32,2,99,12,0,12,111
05/28/2021,STX,VI,ASO,ES,Federal Contract Tower,6,21,8,1,36,0,40,15,0,55,6,61,23,1,91,2,0,2,93
05/29/2021,STX,VI,ASO,ES,Federal Contract Tower,8,5,8,0,21,0,40,10,0,50,8,45,18,0,71,4,0,4,75
05/30/2021,STX,VI,ASO,ES,Federal Contract Tower,6,6,0,0,12,0,26,7,0,33,6,32,7,0,45,2,0,2,47
05/31/2021,STX,VI,ASO,ES,Federal Contract Tower,8,14,5,0,27,0,42,13,0,55,8,56,18,0,82,0,0,0,82
06/01/2021,STX,VI,ASO,ES,Federal Contract Tower,6,13,9,0,28,0,46,14,2,62,6,59,23,2,90,0,0,0,90
06/02/2021,STX,VI,ASO,ES,Federal Contract Tower,6,12,4,0,22,0,42,9,0,51,6,54,13,0,73,0,0,0,73
06/03/2021,STX,VI,ASO,ES,Federal Contract Tower,9,11,1,0,21,0,43,19,0,62,9,54,20,0,83,0,0,0,83
06/04/2021,STX,VI,ASO,ES,Federal Contract Tower,10,11,0,0,21,0,45,9,0,54,10,56,9,0,75,0,0,0,75
06/05/2021,STX,VI,ASO,ES,Federal Contract Tower,10,9,7,0,26,0,23,8,2,33,10,32,15,2,59,0,0,0,59
06/06/2021,STX,VI,ASO,ES,Federal Contract Tower,8,7,3,0,18,0,34,15,0,49,8,41,18,0,67,0,0,0,67
06/07/2021,STX,VI,ASO,ES,Federal Contract Tower,10,21,13,0,44,0,40,8,2,50,10,61,21,2,94,22,0,22,116
06/08/2021,STX,VI,ASO,ES,Federal Contract Tower,10,13,8,2,33,0,36,10,0,46,10,49,18,2,79,0,0,0,79
06/09/2021,STX,VI,ASO,ES,Federal Contract Tower,10,16,5,1,32,0,32,19,1,52,10,48,24,2,84,22,20,42,126
06/10/2021,STX,VI,ASO,ES,Federal Contract Tower,10,27,7,2,46,0,31,19,4,54,10,58,26,6,100,22,0,22,122
06/11/2021,STX,VI,ASO,ES,Federal Contract Tower,10,18,4,2,34,0,40,6,1,47,10,58,10,3,81,0,0,0,81
06/12/2021,STX,VI,ASO,ES,Federal Contract Tower,8,9,4,1,22,0,38,21,1,60,8,47,25,2,82,0,0,0,82
06/13/2021,STX,VI,ASO,ES,Federal Contract Tower,10,6,2,0,18,0,28,11,0,39,10,34,13,0,57,2,0,2,59
06/14/2021,STX,VI,ASO,ES,Federal Contract Tower,10,17,4,0,31,0,39,26,5,70,10,56,30,5,101,16,0,16,117
06/15/2021,STX,VI,ASO,ES,Federal Contract Tower,10,10,4,0,24,0,46,23,0,69,10,56,27,0,93,0,0,0,93
06/16/2021,STX,VI,ASO,ES,Federal Contract Tower,10,17,5,0,32,0,41,26,0,67,10,58,31,0,99,16,0,16,115
06/17/2021,STX,VI,ASO,ES,Federal Contract Tower,13,16,9,0,38,0,34,11,0,45,13,50,20,0,83,4,0,4,87
06/18/2021,STX,VI,ASO,ES,Federal Contract Tower,10,16,6,0,32,0,54,22,0,76,10,70,28,0,108,28,0,28,136
06/19/2021,STX,VI,ASO,ES,Federal Contract Tower,10,11,3,0,24,0,26,11,0,37,10,37,14,0,61,0,0,0,61
06/20/2021,STX,VI,ASO,ES,Federal Contract Tower,10,7,1,0,18,0,34,7,1,42,10,41,8,1,60,0,0,0,60
06/21/2021,STX,VI,ASO,ES,Federal Contract Tower,10,14,6,0,30,0,50,11,0,61,10,64,17,0,91,6,0,6,97
06/22/2021,STX,VI,ASO,ES,Federal Contract Tower,10,12,10,2,34,0,38,12,0,50,10,50,22,2,84,0,0,0,84
06/23/2021,STX,VI,ASO,ES,Federal Contract Tower,10,10,4,0,24,0,48,15,0,63,10,58,19,0,87,0,0,0,87
06/24/2021,STX,VI,ASO,ES,Federal Contract Tower,10,22,0,1,33,0,48,21,0,69,10,70,21,1,102,10,0,10,112
06/25/2021,STX,VI,ASO,ES,Federal Contract Tower,10,16,14,0,40,0,56,8,0,64,10,72,22,0,104,6,0,6,110
06/26/2021,STX,VI,ASO,ES,Federal Contract Tower,10,9,0,0,19,0,27,11,0,38,10,36,11,0,57,8,0,8,65
06/27/2021,STX,VI,ASO,ES,Federal Contract Tower,9,8,0,0,17,0,35,10,0,45,9,43,10,0,62,4,0,4,66
06/28/2021,STX,VI,ASO,ES,Federal Contract Tower,9,22,4,1,36,0,44,16,0,60,9,66,20,1,96,8,0,8,104
06/29/2021,STX,VI,ASO,ES,Federal Contract Tower,9,10,9,0,28,0,46,17,0,63,9,56,26,0,91,2,0,2,93
06/30/2021,STX,VI,ASO,ES,Federal Contract Tower,9,18,3,1,31,0,39,13,2,54,9,57,16,3,85,0,0,0,85
07/01/2021,STX,VI,ASO,ES,Federal Contract Tower,13,21,1,0,35,0,47,15,0,62,13,68,16,0,97,8,0,8,105
07/02/2021,STX,VI,ASO,ES,Federal Contract Tower,10,19,3,0,32,0,51,13,0,64,10,70,16,0,96,0,0,0,96
07/03/2021,STX,VI,ASO,ES,Federal Contract Tower,10,9,5,0,24,0,32,4,0,36,10,41,9,0,60,0,0,0,60
07/04/2021,STX,VI,ASO,ES,Federal Contract Tower,10,6,2,0,18,0,35,13,1,49,10,41,15,1,67,4,0,4,71
07/05/2021,STX,VI,ASO,ES,Federal Contract Tower,10,10,9,0,29,0,47,15,0,62,10,57,24,0,91,18,0,18,109
07/06/2021,STX,VI,ASO,ES,Federal Contract Tower,10,10,0,0,20,0,50,22,0,72,10,60,22,0,92,14,0,14,106
07/07/2021,STX,VI,ASO,ES,Federal Contract Tower,10,12,5,2,29,0,46,14,0,60,10,58,19,2,89,0,0,0,89
07/08/2021,STX,VI,ASO,ES,Federal Contract Tower,10,24,1,0,35,0,43,13,0,56,10,67,14,0,91,0,0,0,91
07/09/2021,STX,VI,ASO,ES,Federal Contract Tower,10,23,6,2,41,0,52,23,0,75,10,75,29,2,116,0,0,0,116
07/10/2021,STX,VI,ASO,ES,Federal Contract Tower,10,8,4,2,24,0,27,3,0,30,10,35,7,2,54,0,0,0,54
07/11/2021,STX,VI,ASO,ES,Federal Contract Tower,10,7,1,0,18,0,28,5,0,33,10,35,6,0,51,0,0,0,51
07/12/2021,STX,VI,ASO,ES,Federal Contract Tower,7,23,9,0,39,0,40,15,0,55,7,63,24,0,94,12,0,12,106
07/13/2021,STX,VI,ASO,ES,Federal Contract Tower,9,13,7,0,29,0,49,11,0,60,9,62,18,0,89,6,0,6,95
07/14/2021,STX,VI,ASO,ES,Federal Contract Tower,11,13,7,1,32,0,44,21,0,65,11,57,28,1,97,0,0,0,97
07/15/2021,STX,VI,ASO,ES,Federal Contract Tower,10,15,2,1,28,0,44,23,11,78,10,59,25,12,106,0,0,0,106
07/16/2021,STX,VI,ASO,ES,Federal Contract Tower,10,15,7,0,32,0,60,15,0,75,10,75,22,0,107,0,0,0,107
07/17/2021,STX,VI,ASO,ES,Federal Contract Tower,10,9,2,0,21,0,27,7,0,34,10,36,9,0,55,0,0,0,55
07/18/2021,STX,VI,ASO,ES,Federal Contract Tower,10,6,3,0,19,0,36,8,0,44,10,42,11,0,63,0,0,0,63
07/19/2021,STX,VI,ASO,ES,Federal Contract Tower,10,17,6,0,33,0,45,21,0,66,10,62,27,0,99,2,0,2,101
07/20/2021,STX,VI,ASO,ES,Federal Contract Tower,10,13,9,0,32,0,52,13,0,65,10,65,22,0,97,4,0,4,101
07/21/2021,STX,VI,ASO,ES,Federal Contract Tower,10,15,5,0,30,0,46,13,1,60,10,61,18,1,90,6,0,6,96
07/22/2021,STX,VI,ASO,ES,Federal Contract Tower,10,15,6,0,31,0,46,18,0,64,10,61,24,0,95,0,0,0,95
07/23/2021,STX,VI,ASO,ES,Federal Contract Tower,9,18,3,0,30,0,47,13,0,60,9,65,16,0,90,0,0,0,90
07/24/2021,STX,VI,ASO,ES,Federal Contract Tower,11,10,6,0,27,0,26,7,1,34,11,36,13,1,61,0,0,0,61
07/25/2021,STX,VI,ASO,ES,Federal Contract Tower,10,7,6,0,23,0,32,13,0,45,10,39,19,0,68,8,0,8,76
07/26/2021,STX,VI,ASO,ES,Federal Contract Tower,10,18,7,2,37,0,43,12,0,55,10,61,19,2,92,0,0,0,92
07/27/2021,STX,VI,ASO,ES,Federal Contract Tower,9,12,9,0,30,0,47,16,0,63,9,59,25,0,93,2,0,2,95
07/28/2021,STX,VI,ASO,ES,Federal Contract Tower,10,14,4,0,28,0,40,19,1,60,10,54,23,1,88,2,0,2,90
07/29/2021,STX,VI,ASO,ES,Federal Contract Tower,10,16,2,1,29,0,39,10,0,49,10,55,12,1,78,2,0,2,80
07/30/2021,STX,VI,ASO,ES,Federal Contract Tower,10,16,16,1,43,0,47,17,0,64,10,63,33,1,107,6,0,6,113
07/31/2021,STX,VI,ASO,ES,Federal Contract Tower,9,8,2,0,19,0,31,8,0,39,9,39,10,0,58,0,0,0,58
08/01/2021,STX,VI,ASO,ES,Federal Contract Tower,11,7,4,0,22,0,26,8,0,34,11,33,12,0,56,0,0,0,56
08/02/2021,STX,VI,ASO,ES,Federal Contract Tower,10,15,5,0,30,0,44,16,0,60,10,59,21,0,90,0,0,0,90
08/03/2021,STX,VI,ASO,ES,Federal Contract Tower,9,10,5,2,26,0,51,12,0,63,9,61,17,2,89,8,0,8,97
08/04/2021,STX,VI,ASO,ES,Federal Contract Tower,7,23,3,1,34,0,41,16,1,58,7,64,19,2,92,6,0,6,98
08/05/2021,STX,VI,ASO,ES,Federal Contract Tower,10,14,1,0,25,0,47,21,0,68,10,61,22,0,93,30,0,30,123
08/06/2021,STX,VI,ASO,ES,Federal Contract Tower,10,12,2,2,26,0,57,14,0,71,10,69,16,2,97,20,0,20,117
08/07/2021,STX,VI,ASO,ES,Federal Contract Tower,10,9,6,0,25,0,27,11,0,38,10,36,17,0,63,0,0,0,63
08/08/2021,STX,VI,ASO,ES,Federal Contract Tower,9,11,2,0,22,0,21,6,0,27,9,32,8,0,49,0,0,0,49
08/09/2021,STX,VI,ASO,ES,Federal Contract Tower,10,17,5,0,32,0,40,17,0,57,10,57,22,0,89,18,0,18,107
08/10/2021,STX,VI,ASO,ES,Federal Contract Tower,10,12,2,0,24,0,24,2,0,26,10,36,4,0,50,0,0,0,50
08/11/2021,STX,VI,ASO,ES,Federal Contract Tower,11,16,1,0,28,0,36,6,0,42,11,52,7,0,70,0,0,0,70
08/12/2021,STX,VI,ASO,ES,Federal Contract Tower,10,13,4,0,27,0,40,22,0,62,10,53,26,0,89,0,0,0,89
08/13/2021,STX,VI,ASO,ES,Federal Contract Tower,10,14,0,0,24,0,42,24,0,66,10,56,24,0,90,0,0,0,90
08/14/2021,STX,VI,ASO,ES,Federal Contract Tower,10,10,2,0,22,0,26,5,0,31,10,36,7,0,53,0,0,0,53
08/15/2021,STX,VI,ASO,ES,Federal Contract Tower,9,6,0,0,15,0,3,0,0,3,9,9,0,0,18,0,0,0,18
08/16/2021,STX,VI,ASO,ES,Federal Contract Tower,9,22,1,2,34,0,45,3,0,48,9,67,4,2,82,0,0,0,82
08/17/2021,STX,VI,ASO,ES,Federal Contract Tower,6,9,2,0,17,0,45,15,5,65,6,54,17,5,82,16,0,16,98
08/18/2021,STX,VI,ASO,ES,Federal Contract Tower,6,15,4,0,25,0,37,11,6,54,6,52,15,6,79,0,0,0,79
08/19/2021,STX,VI,ASO,ES,Federal Contract Tower,8,14,3,3,28,0,37,12,0,49,8,51,15,3,77,0,0,0,77
08/20/2021,STX,VI,ASO,ES,Federal Contract Tower,6,21,5,3,35,0,45,13,0,58,6,66,18,3,93,0,0,0,93
08/21/2021,STX,VI,ASO,ES,Federal Contract Tower,6,9,7,3,25,0,28,9,0,37,6,37,16,3,62,0,0,0,62
08/22/2021,STX,VI,ASO,ES,Federal Contract Tower,6,9,5,0,20,0,26,8,0,34,6,35,13,0,54,0,0,0,54
08/23/2021,STX,VI,ASO,ES,Federal Contract Tower,6,17,3,2,28,0,43,18,1,62,6,60,21,3,90,16,0,16,106
08/24/2021,STX,VI,ASO,ES,Federal Contract Tower,6,8,5,2,21,0,49,6,1,56,6,57,11,3,77,6,0,6,83
08/25/2021,STX,VI,ASO,ES,Federal Contract Tower,6,16,5,0,27,0,44,9,0,53,6,60,14,0,80,10,0,10,90
08/26/2021,STX,VI,ASO,ES,Federal Contract Tower,8,17,2,0,27,0,40,5,0,45,8,57,7,0,72,0,0,0,72
08/27/2021,STX,VI,ASO,ES,Federal Contract Tower,6,13,3,2,24,0,44,10,0,54,6,57,13,2,78,0,0,0,78
08/28/2021,STX,VI,ASO,ES,Federal Contract Tower,7,9,5,0,21,0,30,8,0,38,7,39,13,0,59,0,0,0,59
08/29/2021,STX,VI,ASO,ES,Federal Contract Tower,6,6,2,3,17,0,27,7,0,34,6,33,9,3,51,0,0,0,51
08/30/2021,STX,VI,ASO,ES,Federal Contract Tower,6,17,8,1,32,0,40,7,0,47,6,57,15,1,79,0,0,0,79
08/31/2021,STX,VI,ASO,ES,Federal Contract Tower,4,11,11,2,28,0,45,8,0,53,4,56,19,2,81,0,0,0,81
09/01/2021,STX,VI,ASO,ES,Federal Contract Tower,7,13,3,2,25,0,36,23,0,59,7,49,26,2,84,24,0,24,108
09/02/2021,STX,VI,ASO,ES,Federal Contract Tower,6,14,4,2,26,0,43,20,1,64,6,57,24,3,90,0,0,0,90
09/03/2021,STX,VI,ASO,ES,Federal Contract Tower,6,15,7,0,28,0,53,10,0,63,6,68,17,0,91,6,0,6,97
09/04/2021,STX,VI,ASO,ES,Federal Contract Tower,8,8,5,0,21,0,24,16,0,40,8,32,21,0,61,14,0,14,75
09/05/2021,STX,VI,ASO,ES,Federal Contract Tower,6,4,4,4,18,0,24,5,0,29,6,28,9,4,47,0,0,0,47
09/06/2021,STX,VI,ASO,ES,Federal Contract Tower,6,12,8,0,26,0,40,12,0,52,6,52,20,0,78,0,0,0,78
09/07/2021,STX,VI,ASO,ES,Federal Contract Tower,6,10,7,2,25,0,55,26,0,81,6,65,33,2,106,14,0,14,120
09/08/2021,STX,VI,ASO,ES,Federal Contract Tower,4,12,2,2,20,0,40,16,2,58,4,52,18,4,78,6,2,8,86
09/09/2021,STX,VI,ASO,ES,Federal Contract Tower,6,16,7,1,30,0,39,12,0,51,6,55,19,1,81,12,0,12,93
09/10/2021,STX,VI,ASO,ES,Federal Contract Tower,4,14,1,3,22,0,49,13,0,62,4,63,14,3,84,0,0,0,84
09/11/2021,STX,VI,ASO,ES,Federal Contract Tower,7,11,2,0,20,0,27,6,0,33,7,38,8,0,53,6,0,6,59
09/12/2021,STX,VI,ASO,ES,Federal Contract Tower,6,5,4,0,15,0,28,4,0,32,6,33,8,0,47,0,0,0,47
09/13/2021,STX,VI,ASO,ES,Federal Contract Tower,4,16,6,0,26,0,34,14,0,48,4,50,20,0,74,0,0,0,74
09/14/2021,STX,VI,ASO,ES,Federal Contract Tower,4,16,4,1,25,0,43,15,0,58,4,59,19,1,83,16,0,16,99
09/15/2021,STX,VI,ASO,ES,Federal Contract Tower,5,22,2,0,29,0,27,5,7,39,5,49,7,7,68,6,0,6,74
09/16/2021,STX,VI,ASO,ES,Federal Contract Tower,8,14,4,0,26,0,38,18,0,56,8,52,22,0,82,0,0,0,82
09/17/2021,STX,VI,ASO,ES,Federal Contract Tower,4,28,4,3,39,0,38,16,0,54,4,66,20,3,93,26,0,26,119
09/18/2021,STX,VI,ASO,ES,Federal Contract Tower,6,9,2,0,17,0,23,10,0,33,6,32,12,0,50,6,0,6,56
09/19/2021,STX,VI,ASO,ES,Federal Contract Tower,6,7,1,2,16,0,30,17,1,48,6,37,18,3,64,34,0,34,98
09/20/2021,STX,VI,ASO,ES,Federal Contract Tower,4,19,6,4,33,0,36,15,0,51,4,55,21,4,84,46,0,46,130
09/21/2021,STX,VI,ASO,ES,Federal Contract Tower,4,18,12,2,36,0,35,16,0,51,4,53,28,2,87,10,0,10,97
09/22/2021,STX,VI,ASO,ES,Federal Contract Tower,4,15,6,0,25,0,42,5,0,47,4,57,11,0,72,12,0,12,84
09/23/2021,STX,VI,ASO,ES,Federal Contract Tower,6,18,4,4,32,0,42,19,2,63,6,60,23,6,95,10,0,10,105
09/24/2021,STX,VI,ASO,ES,Federal Contract Tower,4,20,1,2,27,0,46,14,0,60,4,66,15,2,87,0,0,0,87
09/25/2021,STX,VI,ASO,ES,Federal Contract Tower,6,6,2,1,15,0,27,6,1,34,6,33,8,2,49,0,0,0,49
09/26/2021,STX,VI,ASO,ES,Federal Contract Tower,6,7,7,2,22,0,23,14,0,37,6,30,21,2,59,0,0,0,59
09/27/2021,STX,VI,ASO,ES,Federal Contract Tower,4,19,9,2,34,0,29,11,2,42,4,48,20,4,76,0,0,0,76
09/28/2021,STX,VI,ASO,ES,Federal Contract Tower,4,13,6,4,27,0,39,23,0,62,4,52,29,4,89,32,0,32,121
09/29/2021,STX,VI,ASO,ES,Federal Contract Tower,4,17,5,2,28,0,37,9,0,46,4,54,14,2,74,0,0,0,74
09/30/2021,STX,VI,ASO,ES,Federal Contract Tower,6,14,4,1,25,0,38,17,1,56,6,52,21,2,81,16,0,16,97
10/01/2021,STX,VI,ASO,ES,Federal Contract Tower,4,14,1,3,22,0,40,34,0,74,4,54,35,3,96,14,0,14,110
10/02/2021,STX,VI,ASO,ES,Federal Contract Tower,6,11,2,1,20,0,25,12,0,37,6,36,14,1,57,0,0,0,57
10/03/2021,STX,VI,ASO,ES,Federal Contract Tower,6,17,1,3,27,0,20,9,0,29,6,37,10,3,56,18,0,18,74
10/04/2021,STX,VI,ASO,ES,Federal Contract Tower,4,15,2,1,22,0,33,20,0,53,4,48,22,1,75,12,0,12,87
10/05/2021,STX,VI,ASO,ES,Federal Contract Tower,4,11,1,0,16,39,25,0,0,64,43,36,1,0,80,10,0,10,90
10/06/2021,STX,VI,ASO,ES,Federal Contract Tower,2,15,10,0,27,0,34,16,0,50,2,49,26,0,77,32,0,32,109
10/07/2021,STX,VI,ASO,ES,Federal Contract Tower,7,19,3,0,29,0,37,15,0,52,7,56,18,0,81,6,0,6,87
10/08/2021,STX,VI,ASO,ES,Federal Contract Tower,5,28,0,0,33,0,46,11,0,57,5,74,11,0,90,0,0,0,90
10/09/2021,STX,VI,ASO,ES,Federal Contract Tower,8,9,1,0,18,0,23,8,0,31,8,32,9,0,49,0,0,0,49
10/10/2021,STX,VI,ASO,ES,Federal Contract Tower,8,11,1,0,20,0,24,5,0,29,8,35,6,0,49,0,0,0,49
10/11/2021,STX,VI,ASO,ES,Federal Contract Tower,6,17,2,0,25,0,37,8,0,45,6,54,10,0,70,0,0,0,70
10/12/2021,STX,VI,ASO,ES,Federal Contract Tower,4,15,6,0,25,0,41,18,0,59,4,56,24,0,84,16,0,16,100
10/13/2021,STX,VI,ASO,ES,Federal Contract Tower,10,20,1,1,32,0,30,7,0,37,10,50,8,1,69,2,0,2,71
10/14/2021,STX,VI,ASO,ES,Federal Contract Tower,8,20,4,1,33,0,37,19,0,56,8,57,23,1,89,24,0,24,113
10/15/2021,STX,VI,ASO,ES,Federal Contract Tower,6,19,2,0,27,0,48,14,0,62,6,67,16,0,89,2,0,2,91
10/16/2021,STX,VI,ASO,ES,Federal Contract Tower,10,9,2,0,21,0,26,13,0,39,10,35,15,0,60,0,0,0,60
10/17/2021,STX,VI,ASO,ES,Federal Contract Tower,8,11,0,0,19,0,22,11,0,33,8,33,11,0,52,14,0,14,66
10/18/2021,STX,VI,ASO,ES,Federal Contract Tower,6,19,6,1,32,0,34,9,1,44,6,53,15,2,76,0,0,0,76
10/19/2021,STX,VI,ASO,ES,Federal Contract Tower,4,15,5,0,24,0,32,31,0,63,4,47,36,0,87,24,0,24,111
10/20/2021,STX,VI,ASO,ES,Federal Contract Tower,4,19,8,0,31,0,38,12,0,50,4,57,20,0,81,0,0,0,81
10/21/2021,STX,VI,ASO,ES,Federal Contract Tower,8,16,5,0,29,0,38,10,0,48,8,54,15,0,77,10,0,10,87
10/22/2021,STX,VI,ASO,ES,Federal Contract Tower,6,14,3,0,23,0,41,18,0,59,6,55,21,0,82,6,0,6,88
10/23/2021,STX,VI,ASO,ES,Federal Contract Tower,10,13,2,0,25,0,23,6,0,29,10,36,8,0,54,0,0,0,54
10/24/2021,STX,VI,ASO,ES,Federal Contract Tower,7,5,1,0,13,0,24,7,0,31,7,29,8,0,44,0,0,0,44
10/25/2021,STX,VI,ASO,ES,Federal Contract Tower,6,16,5,0,27,0,33,25,0,58,6,49,30,0,85,18,0,18,103
10/26/2021,STX,VI,ASO,ES,Federal Contract Tower,4,15,1,0,20,0,47,9,1,57,4,62,10,1,77,6,0,6,83
10/27/2021,STX,VI,ASO,ES,Federal Contract Tower,4,13,4,3,24,0,47,18,0,65,4,60,22,3,89,2,4,6,95
10/28/2021,STX,VI,ASO,ES,Federal Contract Tower,8,20,0,0,28,0,37,15,0,52,8,57,15,0,80,0,0,0,80
10/29/2021,STX,VI,ASO,ES,Federal Contract Tower,6,14,0,1,21,0,43,12,0,55,6,57,12,1,76,4,0,4,80
10/30/2021,STX,VI,ASO,ES,Federal Contract Tower,9,6,1,0,16,0,29,10,0,39,9,35,11,0,55,2,0,2,57
10/31/2021,STX,VI,ASO,ES,Federal Contract Tower,5,11,0,0,16,0,31,6,0,37,5,42,6,0,53,0,0,0,53
11/01/2021,STX,VI,ASO,ES,Federal Contract Tower,5,16,4,0,25,0,36,14,2,52,5,52,18,2,77,0,0,0,77
11/02/2021,STX,VI,ASO,ES,Federal Contract Tower,4,12,1,0,17,0,44,23,0,67,4,56,24,0,84,0,0,0,84
11/03/2021,STX,VI,ASO,ES,Federal Contract Tower,4,13,6,2,25,0,39,7,0,46,4,52,13,2,71,0,4,4,75
11/04/2021,STX,VI,ASO,ES,Federal Contract Tower,8,18,1,3,30,0,44,25,4,73,8,62,26,7,103,0,16,16,119
11/05/2021,STX,VI,ASO,ES,Federal Contract Tower,6,24,4,1,35,0,40,15,2,57,6,64,19,3,92,0,0,0,92
11/06/2021,STX,VI,ASO,ES,Federal Contract Tower,10,8,6,0,24,0,24,11,0,35,10,32,17,0,59,4,0,4,63
11/07/2021,STX,VI,ASO,ES,Federal Contract Tower,8,9,0,0,17,0,26,11,1,38,8,35,11,1,55,0,2,2,57
11/08/2021,STX,VI,ASO,ES,Federal Contract Tower,6,20,3,2,31,0,35,17,0,52,6,55,20,2,83,0,0,0,83
11/09/2021,STX,VI,ASO,ES,Federal Contract Tower,2,15,4,2,23,0,40,23,0,63,2,55,27,2,86,0,0,0,86
11/10/2021,STX,VI,ASO,ES,Federal Contract Tower,4,14,7,0,25,0,43,15,0,58,4,57,22,0,83,12,0,12,95
11/11/2021,STX,VI,ASO,ES,Federal Contract Tower,8,12,2,0,22,0,41,14,0,55,8,53,16,0,77,0,0,0,77
11/12/2021,STX,VI,ASO,ES,Federal Contract Tower,6,18,0,1,25,0,49,18,0,67,6,67,18,1,92,2,0,2,94
11/13/2021,STX,VI,ASO,ES,Federal Contract Tower,10,6,1,2,19,0,23,7,0,30,10,29,8,2,49,0,0,0,49
11/14/2021,STX,VI,ASO,ES,Federal Contract Tower,8,11,2,1,22,0,29,22,0,51,8,40,24,1,73,6,0,6,79
11/15/2021,STX,VI,ASO,ES,Federal Contract Tower,6,20,9,0,35,0,32,13,0,45,6,52,22,0,80,0,0,0,80
11/16/2021,STX,VI,ASO,ES,Federal Contract Tower,2,15,1,0,18,0,42,21,0,63,2,57,22,0,81,14,0,14,95
11/17/2021,STX,VI,ASO,ES,Federal Contract Tower,6,19,1,1,27,0,36,22,0,58,6,55,23,1,85,0,0,0,85
11/18/2021,STX,VI,ASO,ES,Federal Contract Tower,8,23,1,2,34,0,37,19,2,58,8,60,20,4,92,0,8,8,100
11/19/2021,STX,VI,ASO,ES,Federal Contract Tower,6,19,0,1,26,0,46,16,0,62,6,65,16,1,88,0,0,0,88
11/20/2021,STX,VI,ASO,ES,Federal Contract Tower,10,9,3,0,22,0,21,13,0,34,10,30,16,0,56,0,0,0,56
11/21/2021,STX,VI,ASO,ES,Federal Contract Tower,8,10,2,0,20,0,31,10,0,41,8,41,12,0,61,0,0,0,61
11/22/2021,STX,VI,ASO,ES,Federal Contract Tower,4,20,1,2,27,0,34,15,0,49,4,54,16,2,76,2,0,2,78
11/23/2021,STX,VI,ASO,ES,Federal Contract Tower,4,14,2,1,21,0,33,26,0,59,4,47,28,1,80,10,2,12,92
11/24/2021,STX,VI,ASO,ES,Federal Contract Tower,6,15,2,0,23,0,44,11,0,55,6,59,13,0,78,0,0,0,78
11/25/2021,STX,VI,ASO,ES,Federal Contract Tower,6,18,1,0,25,0,25,4,0,29,6,43,5,0,54,0,0,0,54
11/26/2021,STX,VI,ASO,ES,Federal Contract Tower,6,11,1,0,18,0,45,6,0,51,6,56,7,0,69,0,0,0,69
11/27/2021,STX,VI,ASO,ES,Federal Contract Tower,10,11,1,0,22,0,24,9,0,33,10,35,10,0,55,2,0,2,57
11/28/2021,STX,VI,ASO,ES,Federal Contract Tower,8,10,3,0,21,0,33,10,0,43,8,43,13,0,64,0,0,0,64
11/29/2021,STX,VI,ASO,ES,Federal Contract Tower,6,18,0,1,25,0,54,16,0,70,6,72,16,1,95,2,0,2,97
11/30/2021,STX,VI,ASO,ES,Federal Contract Tower,4,17,4,0,25,0,41,14,0,55,4,58,18,0,80,0,0,0,80
12/02/2021,STX,VI,ASO,ES,Federal Contract Tower,8,20,2,0,30,0,33,17,1,51,8,53,19,1,81,4,0,4,85
12/03/2021,STX,VI,ASO,ES,Federal Contract Tower,6,22,2,3,33,0,38,18,0,56,6,60,20,3,89,0,0,0,89
12/04/2021,STX,VI,ASO,ES,Federal Contract Tower,10,11,4,3,28,0,27,9,0,36,10,38,13,3,64,0,0,0,64
12/05/2021,STX,VI,ASO,ES,Federal Contract Tower,8,12,6,3,29,0,28,6,0,34,8,40,12,3,63,0,0,0,63
12/06/2021,STX,VI,ASO,ES,Federal Contract Tower,6,19,3,4,32,0,41,13,1,55,6,60,16,5,87,0,4,4,91
12/07/2021,STX,VI,ASO,ES,Federal Contract Tower,4,16,2,3,25,0,42,15,0,57,4,58,17,3,82,0,0,0,82
12/08/2021,STX,VI,ASO,ES,Federal Contract Tower,4,16,7,3,30,0,35,18,1,54,4,51,25,4,84,6,0,6,90
12/09/2021,STX,VI,ASO,ES,Federal Contract Tower,8,19,0,4,31,0,39,11,0,50,8,58,11,4,81,0,0,0,81
12/10/2021,STX,VI,ASO,ES,Federal Contract Tower,6,17,1,3,27,0,41,15,0,56,6,58,16,3,83,0,12,12,95
12/11/2021,STX,VI,ASO,ES,Federal Contract Tower,10,9,4,1,24,0,23,12,0,35,10,32,16,1,59,0,0,0,59
12/12/2021,STX,VI,ASO,ES,Federal Contract Tower,8,9,5,2,24,0,27,18,0,45,8,36,23,2,69,0,0,0,69
12/13/2021,STX,VI,ASO,ES,Federal Contract Tower,6,19,7,1,33,0,45,10,0,55,6,64,17,1,88,0,0,0,88
12/14/2021,STX,VI,ASO,ES,Federal Contract Tower,4,15,2,2,23,0,42,23,4,69,4,57,25,6,92,12,0,12,104
12/15/2021,STX,VI,ASO,ES,Federal Contract Tower,4,17,2,0,23,0,34,15,2,51,4,51,17,2,74,0,0,0,74
12/16/2021,STX,VI,ASO,ES,Federal Contract Tower,10,20,4,3,37,0,34,20,0,54,10,54,24,3,91,0,0,0,91
12/17/2021,STX,VI,ASO,ES,Federal Contract Tower,8,21,6,2,37,0,44,17,0,61,8,65,23,2,98,0,0,0,98
12/18/2021,STX,VI,ASO,ES,Federal Contract Tower,10,12,7,2,31,0,29,14,0,43,10,41,21,2,74,0,0,0,74
12/19/2021,STX,VI,ASO,ES,Federal Contract Tower,10,13,3,1,27,0,20,8,0,28,10,33,11,1,55,0,0,0,55
12/20/2021,STX,VI,ASO,ES,Federal Contract Tower,10,19,6,2,37,0,33,19,0,52,10,52,25,2,89,0,0,0,89
12/21/2021,STX,VI,ASO,ES,Federal Contract Tower,9,16,1,0,26,0,41,35,1,77,9,57,36,1,103,2,0,2,105
12/22/2021,STX,VI,ASO,ES,Federal Contract Tower,10,17,4,0,31,0,40,21,0,61,10,57,25,0,92,2,0,2,94
12/23/2021,STX,VI,ASO,ES,Federal Contract Tower,11,16,3,0,30,0,41,15,0,56,11,57,18,0,86,0,0,0,86
12/24/2021,STX,VI,ASO,ES,Federal Contract Tower,10,15,2,0,27,0,35,7,0,42,10,50,9,0,69,0,0,0,69
12/25/2021,STX,VI,ASO,ES,Federal Contract Tower,8,9,2,0,19,0,24,2,0,26,8,33,4,0,45,0,0,0,45
12/26/2021,STX,VI,ASO,ES,Federal Contract Tower,10,14,5,0,29,0,22,12,1,35,10,36,17,1,64,0,0,0,64
12/27/2021,STX,VI,ASO,ES,Federal Contract Tower,10,13,4,0,27,0,41,19,0,60,10,54,23,0,87,0,0,0,87
12/28/2021,STX,VI,ASO,ES,Federal Contract Tower,10,14,0,0,24,0,41,12,0,53,10,55,12,0,77,0,0,0,77
12/29/2021,STX,VI,ASO,ES,Federal Contract Tower,10,11,2,0,23,0,25,2,0,27,10,36,4,0,50,0,2,2,52
12/30/2021,STX,VI,ASO,ES,Federal Contract Tower,10,16,8,0,34,0,42,15,0,57,10,58,23,0,91,2,0,2,93
12/31/2021,STX,VI,ASO,ES,Federal Contract Tower,10,14,2,0,26,0,35,9,0,44,10,49,11,0,70,0,0,0,70
01/01/2022,STX,VI,ASO,ES,Federal Contract Tower,10,8,8,0,26,0,26,2,0,28,10,34,10,0,54,0,0,0,54
01/02/2022,STX,VI,ASO,ES,Federal Contract Tower,10,12,6,0,28,0,31,4,0,35,10,43,10,0,63,0,0,0,63
01/03/2022,STX,VI,ASO,ES,Federal Contract Tower,6,14,4,0,24,0,27,6,0,33,6,41,10,0,57,0,0,0,57
01/04/2022,STX,VI,ASO,ES,Federal Contract Tower,7,13,3,0,23,0,26,13,0,39,7,39,16,0,62,0,0,0,62
01/05/2022,STX,VI,ASO,ES,Federal Contract Tower,3,10,1,0,14,0,24,9,0,33,3,34,10,0,47,0,0,0,47
01/06/2022,STX,VI,ASO,ES,Federal Contract Tower,8,15,3,0,26,0,20,21,0,41,8,35,24,0,67,14,0,14,81
01/07/2022,STX,VI,ASO,ES,Federal Contract Tower,6,15,3,0,24,0,41,13,0,54,6,56,16,0,78,0,0,0,78
01/08/2022,STX,VI,ASO,ES,Federal Contract Tower,7,10,3,0,20,0,24,12,0,36,7,34,15,0,56,0,0,0,56
01/09/2022,STX,VI,ASO,ES,Federal Contract Tower,8,9,3,0,20,0,19,14,0,33,8,28,17,0,53,0,0,0,53
01/10/2022,STX,VI,ASO,ES,Federal Contract Tower,6,17,2,0,25,0,35,19,0,54,6,52,21,0,79,0,0,0,79
01/11/2022,STX,VI,ASO,ES,Federal Contract Tower,10,13,2,0,25,0,40,20,0,60,10,53,22,0,85,0,0,0,85
01/12/2022,STX,VI,ASO,ES,Federal Contract Tower,8,17,3,0,28,0,27,14,2,43,8,44,17,2,71,0,0,0,71
01/13/2022,STX,VI,ASO,ES,Federal Contract Tower,6,19,1,0,26,0,33,20,0,53,6,52,21,0,79,0,0,0,79
01/14/2022,STX,VI,ASO,ES,Federal Contract Tower,6,19,1,0,26,0,36,14,0,50,6,55,15,0,76,4,0,4,80
01/15/2022,STX,VI,ASO,ES,Federal Contract Tower,7,11,3,0,21,0,25,26,0,51,7,36,29,0,72,3,0,3,75
01/16/2022,STX,VI,ASO,ES,Federal Contract Tower,4,13,9,0,26,0,17,13,0,30,4,30,22,0,56,4,0,4,60
01/17/2022,STX,VI,ASO,ES,Federal Contract Tower,6,14,2,0,22,0,30,11,0,41,6,44,13,0,63,0,0,0,63
01/18/2022,STX,VI,ASO,ES,Federal Contract Tower,8,15,0,2,25,0,39,12,0,51,8,54,12,2,76,8,0,8,84
01/19/2022,STX,VI,ASO,ES,Federal Contract Tower,6,14,3,4,27,0,33,6,0,39,6,47,9,4,66,0,0,0,66
01/20/2022,STX,VI,ASO,ES,Federal Contract Tower,6,16,0,1,23,0,40,14,1,55,6,56,14,2,78,6,0,6,84
01/21/2022,STX,VI,ASO,ES,Federal Contract Tower,6,15,6,3,30,0,42,4,0,46,6,57,10,3,76,0,0,0,76
01/22/2022,STX,VI,ASO,ES,Federal Contract Tower,7,9,2,0,18,0,21,5,0,26,7,30,7,0,44,2,0,2,46
01/23/2022,STX,VI,ASO,ES,Federal Contract Tower,6,9,1,0,16,0,23,9,0,32,6,32,10,0,48,0,0,0,48
01/24/2022,STX,VI,ASO,ES,Federal Contract Tower,6,13,6,0,25,0,42,4,0,46,6,55,10,0,71,0,0,0,71
01/25/2022,STX,VI,ASO,ES,Federal Contract Tower,8,16,3,0,27,0,36,10,0,46,8,52,13,0,73,0,0,0,73
01/26/2022,STX,VI,ASO,ES,Federal Contract Tower,6,13,2,0,21,0,37,16,2,55,6,50,18,2,76,0,0,0,76
01/27/2022,STX,VI,ASO,ES,Federal Contract Tower,6,17,6,0,29,0,36,17,0,53,6,53,23,0,82,0,0,0,82
01/28/2022,STX,VI,ASO,ES,Federal Contract Tower,6,11,3,1,21,0,44,18,0,62,6,55,21,1,83,4,0,4,87
01/29/2022,STX,VI,ASO,ES,Federal Contract Tower,7,8,1,2,18,0,13,8,0,21,7,21,9,2,39,4,0,4,43
01/30/2022,STX,VI,ASO,ES,Federal Contract Tower,6,8,3,1,18,0,14,9,0,23,6,22,12,1,41,0,0,0,41
01/31/2022,STX,VI,ASO,ES,Federal Contract Tower,5,19,2,1,27,0,35,21,0,56,5,54,23,1,83,4,0,4,87
02/01/2022,STX,VI,ASO,ES,Federal Contract Tower,9,15,1,2,27,0,36,15,0,51,9,51,16,2,78,6,0,6,84
02/02/2022,STX,VI,ASO,ES,Federal Contract Tower,6,12,3,0,21,0,38,10,0,48,6,50,13,0,69,2,0,2,71
02/03/2022,STX,VI,ASO,ES,Federal Contract Tower,6,20,2,0,28,0,34,8,0,42,6,54,10,0,70,0,0,0,70
02/04/2022,STX,VI,ASO,ES,Federal Contract Tower,6,19,5,0,30,0,32,14,0,46,6,51,19,0,76,0,0,0,76
02/05/2022,STX,VI,ASO,ES,Federal Contract Tower,7,11,5,0,23,0,13,4,0,17,7,24,9,0,40,0,0,0,40
02/06/2022,STX,VI,ASO,ES,Federal Contract Tower,8,19,4,0,31,0,13,2,0,15,8,32,6,0,46,0,0,0,46
02/07/2022,STX,VI,ASO,ES,Federal Contract Tower,6,23,1,1,31,0,32,15,0,47,6,55,16,1,78,0,0,0,78
02/08/2022,STX,VI,ASO,ES,Federal Contract Tower,8,12,2,0,22,0,35,17,0,52,8,47,19,0,74,0,0,0,74
02/09/2022,STX,VI,ASO,ES,Federal Contract Tower,6,13,5,0,24,0,32,20,0,52,6,45,25,0,76,4,0,4,80
02/10/2022,STX,VI,ASO,ES,Federal Contract Tower,8,12,6,1,27,0,41,11,1,53,8,53,17,2,80,0,0,0,80
02/11/2022,STX,VI,ASO,ES,Federal Contract Tower,6,14,5,0,25,0,49,20,0,69,6,63,25,0,94,0,0,0,94
02/12/2022,STX,VI,ASO,ES,Federal Contract Tower,9,12,2,0,23,0,12,11,0,23,9,24,13,0,46,0,0,0,46
02/13/2022,STX,VI,ASO,ES,Federal Contract Tower,6,14,5,0,25,0,14,12,0,26,6,28,17,0,51,8,0,8,59
02/14/2022,STX,VI,ASO,ES,Federal Contract Tower,5,23,3,0,31,0,30,19,0,49,5,53,22,0,80,20,0,20,100
02/15/2022,STX,VI,ASO,ES,Federal Contract Tower,8,18,2,2,30,0,27,33,0,60,8,45,35,2,90,12,0,12,102
02/16/2022,STX,VI,ASO,ES,Federal Contract Tower,6,13,8,0,27,0,31,17,0,48,6,44,25,0,75,8,0,8,83
02/17/2022,STX,VI,ASO,ES,Federal Contract Tower,8,20,2,0,30,0,47,6,0,53,8,67,8,0,83,4,0,4,87
02/18/2022,STX,VI,ASO,ES,Federal Contract Tower,6,13,4,0,23,0,47,10,0,57,6,60,14,0,80,0,0,0,80
02/19/2022,STX,VI,ASO,ES,Federal Contract Tower,9,7,8,1,25,0,15,7,0,22,9,22,15,1,47,0,0,0,47
02/20/2022,STX,VI,ASO,ES,Federal Contract Tower,6,12,2,1,21,0,35,17,0,52,6,47,19,1,73,8,0,8,81
02/21/2022,STX,VI,ASO,ES,Federal Contract Tower,6,18,5,0,29,0,31,27,0,58,6,49,32,0,87,10,0,10,97
02/22/2022,STX,VI,ASO,ES,Federal Contract Tower,8,16,2,0,26,0,32,7,0,39,8,48,9,0,65,0,0,0,65
02/23/2022,STX,VI,ASO,ES,Federal Contract Tower,6,15,3,0,24,0,33,13,0,46,6,48,16,0,70,10,0,10,80
02/24/2022,STX,VI,ASO,ES,Federal Contract Tower,8,22,3,0,33,45,26,0,0,71,53,48,3,0,104,6,0,6,110
02/25/2022,STX,VI,ASO,ES,Federal Contract Tower,5,16,2,0,23,0,36,17,0,53,5,52,19,0,76,6,0,6,82
02/26/2022,STX,VI,ASO,ES,Federal Contract Tower,9,4,6,1,20,0,29,16,0,45,9,33,22,1,65,16,0,16,81
02/27/2022,STX,VI,ASO,ES,Federal Contract Tower,6,8,2,1,17,0,11,11,0,22,6,19,13,1,39,0,0,0,39
02/28/2022,STX,VI,ASO,ES,Federal Contract Tower,6,17,2,0,25,0,29,22,0,51,6,46,24,0,76,6,0,6,82
03/01/2022,STX,VI,ASO,ES,Federal Contract Tower,8,12,1,2,23,0,36,29,0,65,8,48,30,2,88,6,0,6,94
03/02/2022,STX,VI,ASO,ES,Federal Contract Tower,6,14,3,0,23,0,42,13,0,55,6,56,16,0,78,0,0,0,78
03/03/2022,STX,VI,ASO,ES,Federal Contract Tower,8,21,0,0,29,0,37,17,0,54,8,58,17,0,83,10,0,10,93
03/04/2022,STX,VI,ASO,ES,Federal Contract Tower,6,14,1,0,21,0,44,30,0,74,6,58,31,0,95,0,0,0,95
03/05/2022,STX,VI,ASO,ES,Federal Contract Tower,10,5,1,0,16,16,11,0,0,27,26,16,1,0,43,0,0,0,43
03/06/2022,STX,VI,ASO,ES,Federal Contract Tower,6,11,7,0,24,0,22,23,0,45,6,33,30,0,69,6,0,6,75
03/07/2022,STX,VI,ASO,ES,Federal Contract Tower,6,21,1,0,28,0,24,15,0,39,6,45,16,0,67,2,0,2,69
03/08/2022,STX,VI,ASO,ES,Federal Contract Tower,8,12,0,0,20,0,32,18,0,50,8,44,18,0,70,8,0,8,78
03/09/2022,STX,VI,ASO,ES,Federal Contract Tower,6,22,1,0,29,0,29,11,0,40,6,51,12,0,69,1,0,1,70
03/10/2022,STX,VI,ASO,ES,Federal Contract Tower,6,16,2,2,26,0,33,14,1,48,6,49,16,3,74,0,6,6,80
03/11/2022,STX,VI,ASO,ES,Federal Contract Tower,4,17,0,0,21,0,41,25,0,66,4,58,25,0,87,18,0,18,105
03/12/2022,STX,VI,ASO,ES,Federal Contract Tower,10,6,3,1,20,0,17,15,0,32,10,23,18,1,52,0,0,0,52
03/13/2022,STX,VI,ASO,ES,Federal Contract Tower,4,8,8,1,21,0,17,10,0,27,4,25,18,1,48,2,0,2,50
03/14/2022,STX,VI,ASO,ES,Federal Contract Tower,6,20,1,1,28,0,39,13,0,52,6,59,14,1,80,2,0,2,82
03/15/2022,STX,VI,ASO,ES,Federal Contract Tower,6,14,0,3,23,0,43,15,0,58,6,57,15,3,81,0,0,0,81
03/16/2022,STX,VI,ASO,ES,Federal Contract Tower,6,11,3,3,23,0,37,12,2,51,6,48,15,5,74,2,2,4,78
03/17/2022,STX,VI,ASO,ES,Federal Contract Tower,5,21,4,1,31,0,31,22,1,54,5,52,26,2,85,0,0,0,85
03/18/2022,STX,VI,ASO,ES,Federal Contract Tower,4,17,8,1,30,0,51,15,0,66,4,68,23,1,96,0,0,0,96
03/19/2022,STX,VI,ASO,ES,Federal Contract Tower,10,8,5,0,23,0,26,38,0,64,10,34,43,0,87,9,0,9,96
03/20/2022,STX,VI,ASO,ES,Federal Contract Tower,4,13,5,0,22,0,25,15,0,40,4,38,20,0,62,0,0,0,62
03/21/2022,STX,VI,ASO,ES,Federal Contract Tower,6,28,3,1,38,0,31,15,0,46,6,59,18,1,84,2,0,2,86
03/22/2022,STX,VI,ASO,ES,Federal Contract Tower,6,14,1,1,22,0,40,18,0,58,6,54,19,1,80,4,0,4,84
03/23/2022,STX,VI,ASO,ES,Federal Contract Tower,6,17,2,4,29,0,42,21,0,63,6,59,23,4,92,0,0,0,92
03/24/2022,STX,VI,ASO,ES,Federal Contract Tower,6,21,3,2,32,0,40,10,0,50,6,61,13,2,82,0,0,0,82
03/25/2022,STX,VI,ASO,ES,Federal Contract Tower,4,24,0,1,29,0,41,14,0,55,4,65,14,1,84,8,0,8,92
03/26/2022,STX,VI,ASO,ES,Federal Contract Tower,10,7,4,0,21,0,15,17,0,32,10,22,21,0,53,0,0,0,53
03/27/2022,STX,VI,ASO,ES,Federal Contract Tower,4,11,0,0,15,0,20,7,0,27,4,31,7,0,42,0,0,0,42
03/28/2022,STX,VI,ASO,ES,Federal Contract Tower,6,21,2,0,29,0,32,13,0,45,6,53,15,0,74,0,0,0,74
03/29/2022,STX,VI,ASO,ES,Federal Contract Tower,6,15,7,1,29,0,37,9,0,46,6,52,16,1,75,0,0,0,75
03/30/2022,STX,VI,ASO,ES,Federal Contract Tower,6,19,3,1,29,0,34,18,0,52,6,53,21,1,81,0,0,0,81
03/31/2022,STX,VI,ASO,ES,Federal Contract Tower,6,21,3,5,35,0,41,5,0,46,6,62,8,5,81,0,0,0,81
04/01/2022,STX,VI,ASO,ES,Federal Contract Tower,3,16,1,1,21,0,46,16,0,62,3,62,17,1,83,0,0,0,83
04/02/2022,STX,VI,ASO,ES,Federal Contract Tower,10,7,4,0,21,0,26,10,0,36,10,33,14,0,57,0,0,0,57
04/03/2022,STX,VI,ASO,ES,Federal Contract Tower,4,10,4,0,18,0,23,14,0,37,4,33,18,0,55,0,0,0,55
04/04/2022,STX,VI,ASO,ES,Federal Contract Tower,6,16,4,0,26,0,40,8,0,48,6,56,12,0,74,4,0,4,78
04/05/2022,STX,VI,ASO,ES,Federal Contract Tower,6,15,4,2,27,0,32,16,0,48,6,47,20,2,75,0,0,0,75
04/06/2022,STX,VI,ASO,ES,Federal Contract Tower,6,15,1,3,25,0,33,15,0,48,6,48,16,3,73,0,0,0,73
04/07/2022,STX,VI,ASO,ES,Federal Contract Tower,6,15,4,1,26,0,39,15,0,54,6,54,19,1,80,0,0,0,80
04/08/2022,STX,VI,ASO,ES,Federal Contract Tower,6,14,1,2,23,0,32,15,0,47,6,46,16,2,70,0,0,0,70
04/09/2022,STX,VI,ASO,ES,Federal Contract Tower,14,10,8,0,32,0,23,15,2,40,14,33,23,2,72,0,6,6,78
04/10/2022,STX,VI,ASO,ES,Federal Contract Tower,8,11,4,3,26,0,15,14,0,29,8,26,18,3,55,4,0,4,59
04/11/2022,STX,VI,ASO,ES,Federal Contract Tower,10,15,6,3,34,0,39,26,1,66,10,54,32,4,100,4,0,4,104
04/12/2022,STX,VI,ASO,ES,Federal Contract Tower,8,10,1,6,25,0,32,9,0,41,8,42,10,6,66,0,0,0,66
04/13/2022,STX,VI,ASO,ES,Federal Contract Tower,12,16,6,7,41,0,37,15,0,52,12,53,21,7,93,0,0,0,93
04/14/2022,STX,VI,ASO,ES,Federal Contract Tower,11,19,7,0,37,0,32,12,0,44,11,51,19,0,81,0,0,0,81
04/15/2022,STX,VI,ASO,ES,Federal Contract Tower,3,8,3,7,21,0,37,11,0,48,3,45,14,7,69,0,0,0,69
04/16/2022,STX,VI,ASO,ES,Federal Contract Tower,10,10,1,2,23,0,12,13,0,25,10,22,14,2,48,0,0,0,48
04/17/2022,STX,VI,ASO,ES,Federal Contract Tower,4,12,1,1,18,0,27,5,0,32,4,39,6,1,50,0,0,0,50
04/18/2022,STX,VI,ASO,ES,Federal Contract Tower,4,11,5,0,20,0,46,8,0,54,4,57,13,0,74,6,0,6,80
04/19/2022,STX,VI,ASO,ES,Federal Contract Tower,4,13,1,1,19,0,43,14,0,57,4,56,15,1,76,0,0,0,76
04/20/2022,STX,VI,ASO,ES,Federal Contract Tower,10,12,9,1,32,0,28,17,1,46,10,40,26,2,78,0,0,0,78
04/21/2022,STX,VI,ASO,ES,Federal Contract Tower,16,15,8,3,42,0,34,21,0,55,16,49,29,3,97,4,0,4,101
04/22/2022,STX,VI,ASO,ES,Federal Contract Tower,12,14,3,1,30,0,34,15,2,51,12,48,18,3,81,0,8,8,89
04/23/2022,STX,VI,ASO,ES,Federal Contract Tower,12,6,0,1,19,0,15,19,2,36,12,21,19,3,55,0,10,10,65
04/24/2022,STX,VI,ASO,ES,Federal Contract Tower,10,15,3,2,30,0,21,18,0,39,10,36,21,2,69,0,0,0,69
04/25/2022,STX,VI,ASO,ES,Federal Contract Tower,8,21,3,2,34,0,37,21,0,58,8,58,24,2,92,0,0,0,92
04/26/2022,STX,VI,ASO,ES,Federal Contract Tower,8,12,4,5,29,0,37,20,0,57,8,49,24,5,86,0,0,0,86
04/27/2022,STX,VI,ASO,ES,Federal Contract Tower,6,14,4,3,27,0,46,45,2,93,6,60,49,5,120,2,0,2,122
04/28/2022,STX,VI,ASO,ES,Federal Contract Tower,10,17,3,1,31,0,32,15,1,48,10,49,18,2,79,0,0,0,79
04/29/2022,STX,VI,ASO,ES,Federal Contract Tower,8,19,8,4,39,0,30,24,0,54,8,49,32,4,93,0,2,2,95
04/30/2022,STX,VI,ASO,ES,Federal Contract Tower,12,7,1,2,22,0,5,0,0,5,12,12,1,2,27,0,0,0,27
05/01/2022,STX,VI,ASO,ES,Federal Contract Tower,8,18,7,2,35,0,17,25,0,42,8,35,32,2,77,2,0,2,79
05/02/2022,STX,VI,ASO,ES,Federal Contract Tower,8,24,2,0,34,0,42,32,0,74,8,66,34,0,108,6,0,6,114
05/03/2022,STX,VI,ASO,ES,Federal Contract Tower,8,11,1,1,21,0,38,15,1,54,8,49,16,2,75,0,0,0,75
05/04/2022,STX,VI,ASO,ES,Federal Contract Tower,10,16,3,2,31,0,37,14,0,51,10,53,17,2,82,0,0,0,82
05/05/2022,STX,VI,ASO,ES,Federal Contract Tower,8,12,2,1,23,0,43,11,3,57,8,55,13,4,80,0,2,2,82
05/06/2022,STX,VI,ASO,ES,Federal Contract Tower,6,11,1,0,18,0,28,18,4,50,6,39,19,4,68,20,0,20,88
05/07/2022,STX,VI,ASO,ES,Federal Contract Tower,10,7,0,0,17,0,15,14,1,30,10,22,14,1,47,0,0,0,47
05/08/2022,STX,VI,ASO,ES,Federal Contract Tower,5,13,0,0,18,0,18,10,0,28,5,31,10,0,46,0,0,0,46
05/09/2022,STX,VI,ASO,ES,Federal Contract Tower,6,20,0,0,26,0,25,14,0,39,6,45,14,0,65,2,0,2,67
05/10/2022,STX,VI,ASO,ES,Federal Contract Tower,6,12,0,3,21,0,26,42,0,68,6,38,42,3,89,0,0,0,89
05/11/2022,STX,VI,ASO,ES,Federal Contract Tower,6,15,8,0,29,0,24,32,0,56,6,39,40,0,85,2,0,2,87
05/12/2022,STX,VI,ASO,ES,Federal Contract Tower,8,14,7,0,29,0,26,18,0,44,8,40,25,0,73,2,0,2,75
05/13/2022,STX,VI,ASO,ES,Federal Contract Tower,6,18,6,1,31,0,20,19,0,39,6,38,25,1,70,0,0,0,70
05/14/2022,STX,VI,ASO,ES,Federal Contract Tower,10,4,1,0,15,0,8,18,0,26,10,12,19,0,41,2,0,2,43
05/15/2022,STX,VI,ASO,ES,Federal Contract Tower,6,10,2,0,18,0,17,15,0,32,6,27,17,0,50,0,0,0,50
05/16/2022,STX,VI,ASO,ES,Federal Contract Tower,5,21,2,0,28,0,27,22,2,51,5,48,24,2,79,2,0,2,81
05/17/2022,STX,VI,ASO,ES,Federal Contract Tower,6,16,2,0,24,0,37,23,2,62,6,53,25,2,86,0,0,0,86
05/18/2022,STX,VI,ASO,ES,Federal Contract Tower,6,15,3,1,25,0,33,23,2,58,6,48,26,3,83,0,0,0,83
05/19/2022,STX,VI,ASO,ES,Federal Contract Tower,7,15,4,0,26,0,22,18,0,40,7,37,22,0,66,0,0,0,66
05/20/2022,STX,VI,ASO,ES,Federal Contract Tower,6,14,0,1,21,0,35,15,0,50,6,49,15,1,71,0,0,0,71
05/21/2022,STX,VI,ASO,ES,Federal Contract Tower,9,8,3,0,20,0,0,0,0,0,9,8,3,0,20,0,0,0,20
05/22/2022,STX,VI,ASO,ES,Federal Contract Tower,6,9,0,1,16,0,19,13,0,32,6,28,13,1,48,0,0,0,48
05/23/2022,STX,VI,ASO,ES,Federal Contract Tower,6,17,3,1,27,0,26,11,1,38,6,43,14,2,65,0,0,0,65
05/24/2022,STX,VI,ASO,ES,Federal Contract Tower,6,13,0,0,19,0,22,13,2,37,6,35,13,2,56,0,0,0,56
05/25/2022,STX,VI,ASO,ES,Federal Contract Tower,6,23,1,0,30,0,28,4,0,32,6,51,5,0,62,0,0,0,62
05/26/2022,STX,VI,ASO,ES,Federal Contract Tower,8,18,0,3,29,0,35,9,0,44,8,53,9,3,73,0,0,0,73
05/27/2022,STX,VI,ASO,ES,Federal Contract Tower,6,12,4,2,24,0,54,24,3,81,6,66,28,5,105,0,0,0,105
05/28/2022,STX,VI,ASO,ES,Federal Contract Tower,10,11,3,1,25,0,19,17,0,36,10,30,20,1,61,0,0,0,61
05/29/2022,STX,VI,ASO,ES,Federal Contract Tower,5,11,2,0,18,0,16,14,0,30,5,27,16,0,48,6,0,6,54
05/30/2022,STX,VI,ASO,ES,Federal Contract Tower,6,14,2,0,22,0,37,16,1,54,6,51,18,1,76,0,0,0,76
05/31/2022,STX,VI,ASO,ES,Federal Contract Tower,6,12,1,0,19,0,33,16,0,49,6,45,17,0,68,0,0,0,68
06/01/2022,STX,VI,ASO,ES,Federal Contract Tower,5,12,3,0,20,0,25,19,2,46,5,37,22,2,66,0,0,0,66
06/02/2022,STX,VI,ASO,ES,Federal Contract Tower,8,13,4,0,25,0,32,15,0,47,8,45,19,0,72,2,0,2,74
06/03/2022,STX,VI,ASO,ES,Federal Contract Tower,6,10,1,0,17,0,35,21,0,56,6,45,22,0,73,12,0,12,85
06/04/2022,STX,VI,ASO,ES,Federal Contract Tower,9,8,3,0,20,0,11,27,0,38,9,19,30,0,58,0,0,0,58
06/05/2022,STX,VI,ASO,ES,Federal Contract Tower,7,13,0,0,20,0,15,7,0,22,7,28,7,0,42,0,0,0,42
06/06/2022,STX,VI,ASO,ES,Federal Contract Tower,6,15,3,0,24,0,25,22,0,47,6,40,25,0,71,12,0,12,83
06/07/2022,STX,VI,ASO,ES,Federal Contract Tower,8,13,0,2,23,0,12,20,0,32,8,25,20,2,55,0,0,0,55
06/08/2022,STX,VI,ASO,ES,Federal Contract Tower,6,10,3,0,19,0,29,13,0,42,6,39,16,0,61,0,0,0,61
06/09/2022,STX,VI,ASO,ES,Federal Contract Tower,4,19,2,2,27,0,25,14,0,39,4,44,16,2,66,0,0,0,66
06/10/2022,STX,VI,ASO,ES,Federal Contract Tower,6,13,1,4,24,0,22,18,0,40,6,35,19,4,64,0,0,0,64
06/11/2022,STX,VI,ASO,ES,Federal Contract Tower,10,9,2,4,25,0,19,16,0,35,10,28,18,4,60,14,0,14,74
06/12/2022,STX,VI,ASO,ES,Federal Contract Tower,6,16,1,2,25,0,16,6,0,22,6,32,7,2,47,0,0,0,47
06/13/2022,STX,VI,ASO,ES,Federal Contract Tower,6,10,4,0,20,0,20,12,0,32,6,30,16,0,52,0,0,0,52
06/14/2022,STX,VI,ASO,ES,Federal Contract Tower,6,13,2,0,21,0,18,13,0,31,6,31,15,0,52,0,0,0,52
06/15/2022,STX,VI,ASO,ES,Federal Contract Tower,6,15,0,0,21,0,25,13,0,38,6,40,13,0,59,0,0,0,59
06/16/2022,STX,VI,ASO,ES,Federal Contract Tower,6,20,5,0,31,0,31,16,0,47,6,51,21,0,78,0,0,0,78
06/17/2022,STX,VI,ASO,ES,Federal Contract Tower,6,14,1,1,22,0,25,29,0,54,6,39,30,1,76,2,0,2,78
06/18/2022,STX,VI,ASO,ES,Federal Contract Tower,10,7,0,2,19,0,15,16,0,31,10,22,16,2,50,0,0,0,50
06/19/2022,STX,VI,ASO,ES,Federal Contract Tower,5,11,1,1,18,0,16,18,0,34,5,27,19,1,52,0,0,0,52
06/20/2022,STX,VI,ASO,ES,Federal Contract Tower,6,13,4,1,24,0,22,15,0,37,6,35,19,1,61,12,0,12,73
06/21/2022,STX,VI,ASO,ES,Federal Contract Tower,6,17,5,0,28,0,22,26,0,48,6,39,31,0,76,2,0,2,78
06/22/2022,STX,VI,ASO,ES,Federal Contract Tower,6,15,4,2,27,0,20,20,0,40,6,35,24,2,67,0,0,0,67
06/23/2022,STX,VI,ASO,ES,Federal Contract Tower,6,13,2,0,21,0,32,25,0,57,6,45,27,0,78,6,0,6,84
06/24/2022,STX,VI,ASO,ES,Federal Contract Tower,6,13,1,0,20,0,28,17,0,45,6,41,18,0,65,0,0,0,65
06/25/2022,STX,VI,ASO,ES,Federal Contract Tower,8,8,3,0,19,0,14,5,0,19,8,22,8,0,38,0,0,0,38
06/26/2022,STX,VI,ASO,ES,Federal Contract Tower,7,10,0,2,19,0,16,7,0,23,7,26,7,2,42,10,0,10,52
06/27/2022,STX,VI,ASO,ES,Federal Contract Tower,6,17,1,3,27,0,24,17,0,41,6,41,18,3,68,0,0,0,68
06/28/2022,STX,VI,ASO,ES,Federal Contract Tower,6,18,3,1,28,0,19,14,0,33,6,37,17,1,61,0,0,0,61
06/29/2022,STX,VI,ASO,ES,Federal Contract Tower,6,20,4,3,33,0,26,13,1,40,6,46,17,4,73,0,0,0,73
06/30/2022,STX,VI,ASO,ES,Federal Contract Tower,6,20,0,5,31,0,27,12,1,40,6,47,12,6,71,0,0,0,71
07/01/2022,STX,VI,ASO,ES,Federal Contract Tower,6,14,1,5,26,0,39,23,3,65,6,53,24,8,91,0,0,0,91
07/02/2022,STX,VI,ASO,ES,Federal Contract Tower,10,14,0,1,25,0,8,3,0,11,10,22,3,1,36,0,0,0,36
07/03/2022,STX,VI,ASO,ES,Federal Contract Tower,7,10,1,3,21,0,11,5,0,16,7,21,6,3,37,2,0,2,39
07/04/2022,STX,VI,ASO,ES,Federal Contract Tower,6,10,2,0,18,0,20,7,0,27,6,30,9,0,45,0,0,0,45
07/05/2022,STX,VI,ASO,ES,Federal Contract Tower,6,15,1,0,22,0,20,31,0,51,6,35,32,0,73,0,0,0,73
07/06/2022,STX,VI,ASO,ES,Federal Contract Tower,6,15,0,2,23,0,32,8,0,40,6,47,8,2,63,0,0,0,63
07/07/2022,STX,VI,ASO,ES,Federal Contract Tower,6,15,1,0,22,0,27,17,0,44,6,42,18,0,66,0,0,0,66
07/08/2022,STX,VI,ASO,ES,Federal Contract Tower,5,11,3,0,19,0,25,17,2,44,5,36,20,2,63,6,0,6,69
07/09/2022,STX,VI,ASO,ES,Federal Contract Tower,10,8,0,0,18,0,22,7,0,29,10,30,7,0,47,0,0,0,47
07/10/2022,STX,VI,ASO,ES,Federal Contract Tower,6,4,2,0,12,0,16,9,2,27,6,20,11,2,39,0,0,0,39
07/11/2022,STX,VI,ASO,ES,Federal Contract Tower,6,20,3,0,29,0,24,5,0,29,6,44,8,0,58,0,0,0,58
07/12/2022,STX,VI,ASO,ES,Federal Contract Tower,6,14,5,0,25,0,22,12,0,34,6,36,17,0,59,0,0,0,59
07/13/2022,STX,VI,ASO,ES,Federal Contract Tower,6,16,1,0,23,0,23,12,0,35,6,39,13,0,58,0,0,0,58
07/14/2022,STX,VI,ASO,ES,Federal Contract Tower,6,19,1,0,26,0,28,10,0,38,6,47,11,0,64,0,0,0,64
07/15/2022,STX,VI,ASO,ES,Federal Contract Tower,6,11,0,0,17,0,29,24,0,53,6,40,24,0,70,0,0,0,70
07/16/2022,STX,VI,ASO,ES,Federal Contract Tower,12,6,2,0,20,0,16,11,0,27,12,22,13,0,47,0,0,0,47
07/17/2022,STX,VI,ASO,ES,Federal Contract Tower,6,7,0,0,13,0,16,7,0,23,6,23,7,0,36,0,0,0,36
07/18/2022,STX,VI,ASO,ES,Federal Contract Tower,6,16,8,0,30,0,30,15,0,45,6,46,23,0,75,4,0,4,79
07/19/2022,STX,VI,ASO,ES,Federal Contract Tower,6,19,1,2,28,0,18,24,2,44,6,37,25,4,72,0,0,0,72
07/20/2022,STX,VI,ASO,ES,Federal Contract Tower,6,18,5,0,29,0,29,13,0,42,6,47,18,0,71,0,0,0,71
07/21/2022,STX,VI,ASO,ES,Federal Contract Tower,6,23,2,1,32,0,14,7,2,23,6,37,9,3,55,2,0,2,57
07/22/2022,STX,VI,ASO,ES,Federal Contract Tower,6,10,0,0,16,0,30,19,0,49,6,40,19,0,65,0,0,0,65
07/23/2022,STX,VI,ASO,ES,Federal Contract Tower,10,6,0,0,16,0,16,15,0,31,10,22,15,0,47,2,0,2,49
07/24/2022,STX,VI,ASO,ES,Federal Contract Tower,6,10,0,0,16,0,8,10,0,18,6,18,10,0,34,0,0,0,34
07/25/2022,STX,VI,ASO,ES,Federal Contract Tower,6,21,5,2,34,0,22,13,0,35,6,43,18,2,69,0,0,0,69
07/26/2022,STX,VI,ASO,ES,Federal Contract Tower,5,16,0,0,21,0,25,19,0,44,5,41,19,0,65,0,0,0,65
07/27/2022,STX,VI,ASO,ES,Federal Contract Tower,6,12,1,0,19,0,28,20,0,48,6,40,21,0,67,0,0,0,67
07/28/2022,STX,VI,ASO,ES,Federal Contract Tower,6,13,4,2,25,0,32,11,0,43,6,45,15,2,68,0,0,0,68
07/29/2022,STX,VI,ASO,ES,Federal Contract Tower,6,17,1,3,27,0,30,13,1,44,6,47,14,4,71,2,0,2,73
07/30/2022,STX,VI,ASO,ES,Federal Contract Tower,10,8,3,1,22,0,16,19,1,36,10,24,22,2,58,0,0,0,58
07/31/2022,STX,VI,ASO,ES,Federal Contract Tower,6,9,6,4,25,0,8,19,0,27,6,17,25,4,52,0,0,0,52
08/01/2022,STX,VI,ASO,ES,Federal Contract Tower,6,16,3,3,28,0,25,25,1,51,6,41,28,4,79,0,0,0,79
08/02/2022,STX,VI,ASO,ES,Federal Contract Tower,6,15,2,4,27,0,22,13,1,36,6,37,15,5,63,0,0,0,63
08/03/2022,STX,VI,ASO,ES,Federal Contract Tower,6,14,2,0,22,0,28,14,3,45,6,42,16,3,67,12,0,12,79
08/04/2022,STX,VI,ASO,ES,Federal Contract Tower,6,18,1,0,25,0,27,8,0,35,6,45,9,0,60,4,0,4,64
08/05/2022,STX,VI,ASO,ES,Federal Contract Tower,6,13,0,0,19,0,23,16,1,40,6,36,16,1,59,0,0,0,59
08/06/2022,STX,VI,ASO,ES,Federal Contract Tower,10,8,0,1,19,0,14,18,1,33,10,22,18,2,52,0,0,0,52
08/07/2022,STX,VI,ASO,ES,Federal Contract Tower,5,11,0,0,16,0,18,11,0,29,5,29,11,0,45,0,0,0,45
08/08/2022,STX,VI,ASO,ES,Federal Contract Tower,6,19,3,0,28,0,27,11,0,38,6,46,14,0,66,0,0,0,66
08/09/2022,STX,VI,ASO,ES,Federal Contract Tower,7,10,0,0,17,0,19,19,2,40,7,29,19,2,57,0,0,0,57
08/10/2022,STX,VI,ASO,ES,Federal Contract Tower,6,13,3,0,22,0,30,20,0,50,6,43,23,0,72,0,0,0,72
08/11/2022,STX,VI,ASO,ES,Federal Contract Tower,6,13,1,2,22,0,26,22,0,48,6,39,23,2,70,0,0,0,70
08/12/2022,STX,VI,ASO,ES,Federal Contract Tower,6,14,1,2,23,0,30,14,6,50,6,44,15,8,73,0,0,0,73
08/13/2022,STX,VI,ASO,ES,Federal Contract Tower,10,10,1,2,23,0,17,27,2,46,10,27,28,4,69,8,8,16,85
08/14/2022,STX,VI,ASO,ES,Federal Contract Tower,6,9,2,3,20,0,19,5,1,25,6,28,7,4,45,0,0,0,45
08/15/2022,STX,VI,ASO,ES,Federal Contract Tower,5,16,0,4,25,0,26,16,3,45,5,42,16,7,70,0,0,0,70
08/16/2022,STX,VI,ASO,ES,Federal Contract Tower,7,13,2,3,25,0,24,25,0,49,7,37,27,3,74,0,0,0,74
08/17/2022,STX,VI,ASO,ES,Federal Contract Tower,6,16,4,2,28,0,19,15,0,34,6,35,19,2,62,4,0,4,66
08/18/2022,STX,VI,ASO,ES,Federal Contract Tower,6,12,0,3,21,0,14,16,1,31,6,26,16,4,52,0,0,0,52
08/19/2022,STX,VI,ASO,ES,Federal Contract Tower,6,12,0,2,20,0,21,17,0,38,6,33,17,2,58,0,0,0,58
08/20/2022,STX,VI,ASO,ES,Federal Contract Tower,8,8,1,0,17,0,14,8,1,23,8,22,9,1,40,0,0,0,40
08/21/2022,STX,VI,ASO,ES,Federal Contract Tower,6,6,5,1,18,0,8,27,1,36,6,14,32,2,54,0,0,0,54
08/22/2022,STX,VI,ASO,ES,Federal Contract Tower,8,14,4,0,26,0,19,21,2,42,8,33,25,2,68,0,0,0,68
08/23/2022,STX,VI,ASO,ES,Federal Contract Tower,6,13,2,0,21,0,11,13,0,24,6,24,15,0,45,0,0,0,45
08/24/2022,STX,VI,ASO,ES,Federal Contract Tower,6,12,3,0,21,0,16,16,0,32,6,28,19,0,53,0,0,0,53
08/25/2022,STX,VI,ASO,ES,Federal Contract Tower,6,16,1,4,27,0,18,4,0,22,6,34,5,4,49,0,0,0,49
08/26/2022,STX,VI,ASO,ES,Federal Contract Tower,6,14,1,5,26,0,23,16,1,40,6,37,17,6,66,8,10,18,84
08/27/2022,STX,VI,ASO,ES,Federal Contract Tower,8,9,1,3,21,0,16,23,1,40,8,25,24,4,61,0,14,14,75
08/28/2022,STX,VI,ASO,ES,Federal Contract Tower,6,8,1,4,19,0,19,20,1,40,6,27,21,5,59,2,0,2,61
08/29/2022,STX,VI,ASO,ES,Federal Contract Tower,6,10,0,2,18,0,23,13,1,37,6,33,13,3,55,8,6,14,69
08/30/2022,STX,VI,ASO,ES,Federal Contract Tower,6,17,2,5,30,0,19,27,0,46,6,36,29,5,76,0,0,0,76
08/31/2022,STX,VI,ASO,ES,Federal Contract Tower,5,13,0,0,18,0,21,10,0,31,5,34,10,0,49,0,0,0,49
09/01/2022,STX,VI,ASO,ES,Federal Contract Tower,6,15,1,3,25,0,27,10,0,37,6,42,11,3,62,0,0,0,62
09/02/2022,STX,VI,ASO,ES,Federal Contract Tower,6,15,1,1,23,0,28,20,1,49,6,43,21,2,72,0,0,0,72
09/03/2022,STX,VI,ASO,ES,Federal Contract Tower,7,9,0,4,20,0,20,14,1,35,7,29,14,5,55,0,0,0,55
09/04/2022,STX,VI,ASO,ES,Federal Contract Tower,6,9,0,3,18,0,7,10,0,17,6,16,10,3,35,0,0,0,35
09/05/2022,STX,VI,ASO,ES,Federal Contract Tower,6,18,2,2,28,0,8,21,0,29,6,26,23,2,57,0,0,0,57
09/06/2022,STX,VI,ASO,ES,Federal Contract Tower,6,14,1,3,24,0,10,15,0,25,6,24,16,3,49,0,0,0,49
09/07/2022,STX,VI,ASO,ES,Federal Contract Tower,6,10,3,4,23,0,18,19,1,38,6,28,22,5,61,0,0,0,61
09/08/2022,STX,VI,ASO,ES,Federal Contract Tower,6,14,2,7,29,0,28,15,0,43,6,42,17,7,72,0,0,0,72
09/09/2022,STX,VI,ASO,ES,Federal Contract Tower,8,12,2,1,23,0,34,16,0,50,8,46,18,1,73,4,0,4,77
09/10/2022,STX,VI,ASO,ES,Federal Contract Tower,8,4,1,3,16,0,18,3,0,21,8,22,4,3,37,0,0,0,37
09/11/2022,STX,VI,ASO,ES,Federal Contract Tower,6,4,2,1,13,0,17,2,0,19,6,21,4,1,32,0,0,0,32
09/12/2022,STX,VI,ASO,ES,Federal Contract Tower,6,14,1,1,22,0,17,20,0,37,6,31,21,1,59,0,0,0,59
09/13/2022,STX,VI,ASO,ES,Federal Contract Tower,6,16,2,2,26,0,27,28,0,55,6,43,30,2,81,6,0,6,87
09/14/2022,STX,VI,ASO,ES,Federal Contract Tower,5,14,2,6,27,0,17,15,0,32,5,31,17,6,59,0,0,0,59
09/15/2022,STX,VI,ASO,ES,Federal Contract Tower,5,14,5,1,25,0,21,14,0,35,5,35,19,1,60,0,0,0,60
09/16/2022,STX,VI,ASO,ES,Federal Contract Tower,5,13,5,0,23,0,18,2,0,20,5,31,7,0,43,0,0,0,43
09/17/2022,STX,VI,ASO,ES,Federal Contract Tower,1,0,0,0,1,0,0,0,0,0,1,0,0,0,1,0,0,0,1
09/18/2022,STX,VI,ASO,ES,Federal Contract Tower,0,0,0,0,0,0,0,0,0,0,0,0,0,0,0,0,0,0,0
09/20/2022,STX,VI,ASO,ES,Federal Contract Tower,8,16,7,6,37,0,25,21,0,46,8,41,28,6,83,0,0,0,83
09/21/2022,STX,VI,ASO,ES,Federal Contract Tower,6,11,5,5,27,0,21,25,0,46,6,32,30,5,73,0,0,0,73
09/22/2022,STX,VI,ASO,ES,Federal Contract Tower,6,16,0,5,27,0,26,11,0,37,6,42,11,5,64,0,0,0,64
09/23/2022,STX,VI,ASO,ES,Federal Contract Tower,6,16,3,3,28,0,24,15,1,40,6,40,18,4,68,0,0,0,68
09/24/2022,STX,VI,ASO,ES,Federal Contract Tower,8,8,2,4,22,0,16,1,0,17,8,24,3,4,39,0,0,0,39
09/25/2022,STX,VI,ASO,ES,Federal Contract Tower,6,4,1,2,13,0,17,13,0,30,6,21,14,2,43,0,0,0,43
09/26/2022,STX,VI,ASO,ES,Federal Contract Tower,6,14,2,2,24,0,22,9,0,31,6,36,11,2,55,0,0,0,55
09/27/2022,STX,VI,ASO,ES,Federal Contract Tower,5,12,6,3,26,0,25,23,1,49,5,37,29,4,75,2,0,2,77
09/28/2022,STX,VI,ASO,ES,Federal Contract Tower,3,12,4,0,19,0,15,12,0,27,3,27,16,0,46,0,0,0,46
09/29/2022,STX,VI,ASO,ES,Federal Contract Tower,6,15,3,0,24,0,26,7,0,33,6,41,10,0,57,0,0,0,57
09/30/2022,STX,VI,ASO,ES,Federal Contract Tower,6,12,2,1,21,0,29,14,0,43,6,41,16,1,64,0,0,0,64
10/01/2022,STX,VI,ASO,ES,Federal Contract Tower,8,4,3,0,15,0,15,7,0,22,8,19,10,0,37,0,0,0,37
10/02/2022,STX,VI,ASO,ES,Federal Contract Tower,6,5,1,2,14,0,11,6,0,17,6,16,7,2,31,0,0,0,31
10/03/2022,STX,VI,ASO,ES,Federal Contract Tower,6,17,1,6,30,0,24,21,2,47,6,41,22,8,77,6,0,6,83
10/04/2022,STX,VI,ASO,ES,Federal Contract Tower,6,15,1,4,26,0,14,20,0,34,6,29,21,4,60,0,0,0,60
10/05/2022,STX,VI,ASO,ES,Federal Contract Tower,6,8,2,2,18,0,19,18,0,37,6,27,20,2,55,0,0,0,55
10/06/2022,STX,VI,ASO,ES,Federal Contract Tower,5,17,0,1,23,0,32,21,2,55,5,49,21,3,78,0,0,0,78
10/07/2022,STX,VI,ASO,ES,Federal Contract Tower,6,14,2,3,25,0,33,10,0,43,6,47,12,3,68,0,0,0,68
10/08/2022,STX,VI,ASO,ES,Federal Contract Tower,8,6,0,2,16,0,19,10,0,29,8,25,10,2,45,0,0,0,45
10/09/2022,STX,VI,ASO,ES,Federal Contract Tower,6,6,1,1,14,0,17,14,0,31,6,23,15,1,45,0,0,0,45
10/10/2022,STX,VI,ASO,ES,Federal Contract Tower,6,10,0,3,19,0,40,13,0,53,6,50,13,3,72,0,0,0,72
10/11/2022,STX,VI,ASO,ES,Federal Contract Tower,6,13,0,0,19,0,27,27,0,54,6,40,27,0,73,6,0,6,79
10/12/2022,STX,VI,ASO,ES,Federal Contract Tower,6,18,0,2,26,0,20,17,1,38,6,38,17,3,64,4,0,4,68
10/13/2022,STX,VI,ASO,ES,Federal Contract Tower,5,18,1,0,24,0,25,18,0,43,5,43,19,0,67,8,0,8,75
10/14/2022,STX,VI,ASO,ES,Federal Contract Tower,7,19,1,0,27,0,21,13,2,36,7,40,14,2,63,0,0,0,63
10/15/2022,STX,VI,ASO,ES,Federal Contract Tower,8,7,1,0,16,0,17,5,0,22,8,24,6,0,38,0,0,0,38
10/16/2022,STX,VI,ASO,ES,Federal Contract Tower,6,8,1,0,15,0,14,4,0,18,6,22,5,0,33,0,0,0,33
10/17/2022,STX,VI,ASO,ES,Federal Contract Tower,6,17,1,0,24,0,28,11,0,39,6,45,12,0,63,6,0,6,69
10/18/2022,STX,VI,ASO,ES,Federal Contract Tower,6,14,3,0,23,0,25,20,0,45,6,39,23,0,68,2,0,2,70
10/19/2022,STX,VI,ASO,ES,Federal Contract Tower,6,12,1,0,19,0,19,13,0,32,6,31,14,0,51,0,0,0,51
10/20/2022,STX,VI,ASO,ES,Federal Contract Tower,6,17,1,0,24,0,33,15,0,48,6,50,16,0,72,2,0,2,74
10/21/2022,STX,VI,ASO,ES,Federal Contract Tower,6,12,2,0,20,0,25,11,1,37,6,37,13,1,57,0,0,0,57
10/22/2022,STX,VI,ASO,ES,Federal Contract Tower,8,3,1,0,12,0,18,19,2,39,8,21,20,2,51,0,0,0,51
10/23/2022,STX,VI,ASO,ES,Federal Contract Tower,6,5,2,0,13,0,24,9,0,33,6,29,11,0,46,0,0,0,46
10/24/2022,STX,VI,ASO,ES,Federal Contract Tower,6,12,0,0,18,0,27,8,0,35,6,39,8,0,53,0,0,0,53
10/25/2022,STX,VI,ASO,ES,Federal Contract Tower,6,10,0,1,17,0,23,25,1,49,6,33,25,2,66,6,0,6,72
10/26/2022,STX,VI,ASO,ES,Federal Contract Tower,6,24,0,2,32,0,11,9,0,20,6,35,9,2,52,0,0,0,52
10/27/2022,STX,VI,ASO,ES,Federal Contract Tower,6,19,4,2,31,0,25,14,0,39,6,44,18,2,70,0,0,0,70
10/28/2022,STX,VI,ASO,ES,Federal Contract Tower,6,13,0,3,22,0,26,15,0,41,6,39,15,3,63,18,0,18,81
10/29/2022,STX,VI,ASO,ES,Federal Contract Tower,8,8,0,3,19,0,19,8,0,27,8,27,8,3,46,18,0,18,64
10/30/2022,STX,VI,ASO,ES,Federal Contract Tower,6,7,3,4,20,0,16,5,0,21,6,23,8,4,41,0,0,0,41
10/31/2022,STX,VI,ASO,ES,Federal Contract Tower,6,19,4,3,32,0,20,11,0,31,6,39,15,3,63,4,0,4,67
11/01/2022,STX,VI,ASO,ES,Federal Contract Tower,6,12,6,3,27,0,19,10,0,29,6,31,16,3,56,0,0,0,56
11/02/2022,STX,VI,ASO,ES,Federal Contract Tower,6,15,4,4,29,0,21,17,0,38,6,36,21,4,67,10,0,10,77
11/03/2022,STX,VI,ASO,ES,Federal Contract Tower,5,19,2,1,27,0,24,15,0,39,5,43,17,1,66,20,0,20,86
11/04/2022,STX,VI,ASO,ES,Federal Contract Tower,4,14,7,3,28,0,20,8,2,30,4,34,15,5,58,0,0,0,58
11/05/2022,STX,VI,ASO,ES,Federal Contract Tower,8,4,16,0,28,0,1,2,0,3,8,5,18,0,31,2,0,2,33
11/06/2022,STX,VI,ASO,ES,Federal Contract Tower,4,9,3,1,17,0,18,14,0,32,4,27,17,1,49,0,0,0,49
11/07/2022,STX,VI,ASO,ES,Federal Contract Tower,4,19,3,0,26,0,22,13,0,35,4,41,16,0,61,6,0,6,67
11/08/2022,STX,VI,ASO,ES,Federal Contract Tower,4,15,5,0,24,0,12,11,0,23,4,27,16,0,47,6,0,6,53
11/09/2022,STX,VI,ASO,ES,Federal Contract Tower,4,14,7,0,25,0,32,11,0,43,4,46,18,0,68,0,0,0,68
11/10/2022,STX,VI,ASO,ES,Federal Contract Tower,4,17,3,1,25,0,40,13,0,53,4,57,16,1,78,0,0,0,78
11/11/2022,STX,VI,ASO,ES,Federal Contract Tower,4,11,2,1,18,0,27,19,0,46,4,38,21,1,64,0,0,0,64
11/12/2022,STX,VI,ASO,ES,Federal Contract Tower,8,7,0,0,15,0,19,4,0,23,8,26,4,0,38,0,0,0,38
11/13/2022,STX,VI,ASO,ES,Federal Contract Tower,4,7,0,2,13,0,15,4,0,19,4,22,4,2,32,6,0,6,38
11/14/2022,STX,VI,ASO,ES,Federal Contract Tower,4,19,2,0,25,0,20,6,0,26,4,39,8,0,51,10,0,10,61
11/15/2022,STX,VI,ASO,ES,Federal Contract Tower,4,16,6,0,26,0,25,25,0,50,4,41,31,0,76,10,0,10,86
11/16/2022,STX,VI,ASO,ES,Federal Contract Tower,4,17,4,0,25,0,19,23,0,42,4,36,27,0,67,0,0,0,67
11/17/2022,STX,VI,ASO,ES,Federal Contract Tower,4,17,6,0,27,0,27,16,0,43,4,44,22,0,70,0,0,0,70
11/18/2022,STX,VI,ASO,ES,Federal Contract Tower,4,15,4,0,23,0,21,14,2,37,4,36,18,2,60,6,0,6,66
11/19/2022,STX,VI,ASO,ES,Federal Contract Tower,8,7,3,4,22,0,28,12,10,50,8,35,15,14,72,0,0,0,72
11/20/2022,STX,VI,ASO,ES,Federal Contract Tower,4,10,2,0,16,0,11,6,1,18,4,21,8,1,34,0,0,0,34
11/21/2022,STX,VI,ASO,ES,Federal Contract Tower,4,15,6,2,27,0,25,12,0,37,4,40,18,2,64,4,0,4,68
11/22/2022,STX,VI,ASO,ES,Federal Contract Tower,4,14,3,1,22,0,18,8,2,28,4,32,11,3,50,4,0,4,54
11/23/2022,STX,VI,ASO,ES,Federal Contract Tower,4,16,1,0,21,0,28,19,0,47,4,44,20,0,68,0,0,0,68
11/24/2022,STX,VI,ASO,ES,Federal Contract Tower,2,9,2,0,13,0,17,5,0,22,2,26,7,0,35,4,0,4,39
11/25/2022,STX,VI,ASO,ES,Federal Contract Tower,4,11,0,0,15,0,16,5,0,21,4,27,5,0,36,0,0,0,36
11/26/2022,STX,VI,ASO,ES,Federal Contract Tower,8,7,0,0,15,0,16,6,0,22,8,23,6,0,37,0,0,0,37
11/27/2022,STX,VI,ASO,ES,Federal Contract Tower,4,11,3,0,18,0,19,5,0,24,4,30,8,0,42,0,0,0,42
11/28/2022,STX,VI,ASO,ES,Federal Contract Tower,4,15,5,0,24,0,23,12,0,35,4,38,17,0,59,8,0,8,67
11/29/2022,STX,VI,ASO,ES,Federal Contract Tower,4,14,4,0,22,0,20,16,0,36,4,34,20,0,58,0,0,0,58
11/30/2022,STX,VI,ASO,ES,Federal Contract Tower,4,21,4,0,29,0,23,13,0,36,4,44,17,0,65,0,0,0,65
12/01/2022,STX,VI,ASO,ES,Federal Contract Tower,4,17,2,0,23,0,27,19,0,46,4,44,21,0,69,0,0,0,69
12/02/2022,STX,VI,ASO,ES,Federal Contract Tower,4,16,2,1,23,0,25,14,1,40,4,41,16,2,63,6,0,6,69
12/03/2022,STX,VI,ASO,ES,Federal Contract Tower,8,6,3,0,17,0,15,5,0,20,8,21,8,0,37,0,0,0,37
12/04/2022,STX,VI,ASO,ES,Federal Contract Tower,4,9,2,0,15,0,12,8,0,20,4,21,10,0,35,0,0,0,35
12/05/2022,STX,VI,ASO,ES,Federal Contract Tower,4,21,2,1,28,0,25,9,1,35,4,46,11,2,63,6,0,6,69
12/06/2022,STX,VI,ASO,ES,Federal Contract Tower,4,13,7,4,28,0,11,13,0,24,4,24,20,4,52,0,0,0,52
12/07/2022,STX,VI,ASO,ES,Federal Contract Tower,4,15,4,3,26,0,26,21,1,48,4,41,25,4,74,0,0,0,74
12/08/2022,STX,VI,ASO,ES,Federal Contract Tower,4,23,0,0,27,0,24,26,2,52,4,47,26,2,79,0,0,0,79
12/09/2022,STX,VI,ASO,ES,Federal Contract Tower,4,16,1,2,23,0,31,32,2,65,4,47,33,4,88,0,0,0,88
12/11/2022,STX,VI,ASO,ES,Federal Contract Tower,4,10,1,2,17,0,20,5,1,26,4,30,6,3,43,0,0,0,43
12/12/2022,STX,VI,ASO,ES,Federal Contract Tower,4,20,2,2,28,0,27,25,2,54,4,47,27,4,82,0,0,0,82
12/13/2022,STX,VI,ASO,ES,Federal Contract Tower,4,16,2,0,22,0,23,28,0,51,4,39,30,0,73,0,0,0,73
12/14/2022,STX,VI,ASO,ES,Federal Contract Tower,4,15,1,1,21,0,28,18,1,47,4,43,19,2,68,10,0,10,78
12/15/2022,STX,VI,ASO,ES,Federal Contract Tower,6,22,2,0,30,0,44,26,0,70,6,66,28,0,100,2,0,2,102
12/16/2022,STX,VI,ASO,ES,Federal Contract Tower,6,18,1,0,25,0,30,8,1,39,6,48,9,1,64,0,0,0,64
12/17/2022,STX,VI,ASO,ES,Federal Contract Tower,8,8,0,1,17,0,28,8,0,36,8,36,8,1,53,0,0,0,53
12/18/2022,STX,VI,ASO,ES,Federal Contract Tower,8,11,3,2,24,0,20,8,2,30,8,31,11,4,54,0,0,0,54
12/19/2022,STX,VI,ASO,ES,Federal Contract Tower,8,20,3,5,36,0,33,16,0,49,8,53,19,5,85,0,0,0,85
12/20/2022,STX,VI,ASO,ES,Federal Contract Tower,8,15,0,0,23,0,29,27,1,57,8,44,27,1,80,0,0,0,80
12/21/2022,STX,VI,ASO,ES,Federal Contract Tower,8,16,4,1,29,0,21,18,0,39,8,37,22,1,68,0,0,0,68
12/22/2022,STX,VI,ASO,ES,Federal Contract Tower,6,21,2,12,41,0,34,16,0,50,6,55,18,12,91,0,0,0,91
12/23/2022,STX,VI,ASO,ES,Federal Contract Tower,8,10,1,8,27,0,29,25,0,54,8,39,26,8,81,0,0,0,81
12/24/2022,STX,VI,ASO,ES,Federal Contract Tower,6,7,3,2,18,0,12,9,10,31,6,19,12,12,49,0,0,0,49
12/25/2022,STX,VI,ASO,ES,Federal Contract Tower,8,7,0,0,15,0,11,8,2,21,8,18,8,2,36,0,0,0,36
12/26/2022,STX,VI,ASO,ES,Federal Contract Tower,6,11,4,6,27,0,30,14,8,52,6,41,18,14,79,0,0,0,79
12/27/2022,STX,VI,ASO,ES,Federal Contract Tower,8,18,3,2,31,0,20,7,0,27,8,38,10,2,58,0,0,0,58
12/28/2022,STX,VI,ASO,ES,Federal Contract Tower,8,31,2,0,41,0,0,2,0,2,8,31,4,0,43,0,0,0,43
12/29/2022,STX,VI,ASO,ES,Federal Contract Tower,8,33,3,2,46,0,1,1,2,4,8,34,4,4,50,0,0,0,50
12/30/2022,STX,VI,ASO,ES,Federal Contract Tower,8,32,4,0,44,0,0,2,0,2,8,32,6,0,46,0,2,2,48
12/31/2022,STX,VI,ASO,ES,Federal Contract Tower,6,24,1,0,31,0,0,2,1,3,6,24,3,1,34,0,0,0,34
01/01/2023,STX,VI,ASO,ES,Federal Contract Tower,6,19,3,2,30,0,0,5,2,7,6,19,8,4,37,0,0,0,37
01/02/2023,STX,VI,ASO,ES,Federal Contract Tower,8,21,4,8,41,0,9,8,6,23,8,30,12,14,64,0,0,0,64
01/03/2023,STX,VI,ASO,ES,Federal Contract Tower,8,15,6,5,34,0,28,37,2,67,8,43,43,7,101,0,0,0,101
01/04/2023,STX,VI,ASO,ES,Federal Contract Tower,8,20,3,0,31,0,33,41,0,74,8,53,44,0,105,0,0,0,105
01/05/2023,STX,VI,ASO,ES,Federal Contract Tower,8,19,1,3,31,0,32,22,0,54,8,51,23,3,85,0,0,0,85
01/06/2023,STX,VI,ASO,ES,Federal Contract Tower,8,12,2,4,26,0,30,6,2,38,8,42,8,6,64,0,0,0,64
01/07/2023,STX,VI,ASO,ES,Federal Contract Tower,8,8,3,3,22,0,22,9,1,32,8,30,12,4,54,0,0,0,54
01/08/2023,STX,VI,ASO,ES,Federal Contract Tower,8,13,6,5,32,0,28,43,1,72,8,41,49,6,104,0,0,0,104
01/09/2023,STX,VI,ASO,ES,Federal Contract Tower,8,20,3,1,32,0,38,27,1,66,8,58,30,2,98,0,0,0,98
01/10/2023,STX,VI,ASO,ES,Federal Contract Tower,2,14,5,1,22,0,28,38,1,67,2,42,43,2,89,8,2,10,99
01/11/2023,STX,VI,ASO,ES,Federal Contract Tower,4,15,1,1,21,0,28,30,0,58,4,43,31,1,79,0,0,0,79
01/12/2023,STX,VI,ASO,ES,Federal Contract Tower,6,17,3,1,27,0,0,0,0,0,6,17,3,1,27,0,0,0,27
01/13/2023,STX,VI,ASO,ES,Federal Contract Tower,4,17,0,0,21,0,24,16,1,41,4,41,16,1,62,0,0,0,62
01/14/2023,STX,VI,ASO,ES,Federal Contract Tower,7,6,1,1,15,0,24,11,1,36,7,30,12,2,51,0,0,0,51
01/15/2023,STX,VI,ASO,ES,Federal Contract Tower,4,14,5,0,23,0,13,8,0,21,4,27,13,0,44,4,0,4,48
01/16/2023,STX,VI,ASO,ES,Federal Contract Tower,6,20,6,3,35,0,20,11,0,31,6,40,17,3,66,0,0,0,66
01/17/2023,STX,VI,ASO,ES,Federal Contract Tower,2,12,5,0,19,0,30,27,0,57,2,42,32,0,76,0,0,0,76
01/18/2023,STX,VI,ASO,ES,Federal Contract Tower,4,14,4,0,22,0,18,12,0,30,4,32,16,0,52,0,0,0,52
01/19/2023,STX,VI,ASO,ES,Federal Contract Tower,6,18,2,1,27,0,22,11,1,34,6,40,13,2,61,0,0,0,61
01/20/2023,STX,VI,ASO,ES,Federal Contract Tower,4,17,0,3,24,0,17,11,2,30,4,34,11,5,54,0,0,0,54
01/21/2023,STX,VI,ASO,ES,Federal Contract Tower,8,8,3,1,20,0,14,8,2,24,8,22,11,3,44,0,0,0,44
01/22/2023,STX,VI,ASO,ES,Federal Contract Tower,4,12,2,0,18,0,20,6,1,27,4,32,8,1,45,0,0,0,45
01/23/2023,STX,VI,ASO,ES,Federal Contract Tower,6,18,3,3,30,0,22,8,0,30,6,40,11,3,60,0,0,0,60
01/24/2023,STX,VI,ASO,ES,Federal Contract Tower,2,20,1,5,28,0,18,23,0,41,2,38,24,5,69,0,0,0,69
01/25/2023,STX,VI,ASO,ES,Federal Contract Tower,4,19,0,4,27,0,20,21,0,41,4,39,21,4,68,0,8,8,76
01/26/2023,STX,VI,ASO,ES,Federal Contract Tower,6,18,6,3,33,0,23,8,0,31,6,41,14,3,64,0,0,0,64
01/27/2023,STX,VI,ASO,ES,Federal Contract Tower,4,18,6,4,32,0,18,17,0,35,4,36,23,4,67,0,0,0,67
01/28/2023,STX,VI,ASO,ES,Federal Contract Tower,8,7,6,1,22,0,12,16,0,28,8,19,22,1,50,0,0,0,50
01/29/2023,STX,VI,ASO,ES,Federal Contract Tower,4,9,0,3,16,0,10,7,0,17,4,19,7,3,33,0,0,0,33
01/30/2023,STX,VI,ASO,ES,Federal Contract Tower,6,19,5,1,31,0,22,10,0,32,6,41,15,1,63,0,0,0,63
01/31/2023,STX,VI,ASO,ES,Federal Contract Tower,2,14,2,2,20,0,23,18,0,41,2,37,20,2,61,0,0,0,61
02/01/2023,STX,VI,ASO,ES,Federal Contract Tower,4,22,0,0,26,0,21,22,0,43,4,43,22,0,69,0,0,0,69
02/02/2023,STX,VI,ASO,ES,Federal Contract Tower,6,21,9,1,37,0,24,14,1,39,6,45,23,2,76,0,0,0,76
02/03/2023,STX,VI,ASO,ES,Federal Contract Tower,6,18,2,0,26,0,20,10,2,32,6,38,12,2,58,0,0,0,58
02/04/2023,STX,VI,ASO,ES,Federal Contract Tower,10,7,1,1,19,0,12,0,2,14,10,19,1,3,33,0,0,0,33
02/05/2023,STX,VI,ASO,ES,Federal Contract Tower,5,10,4,0,19,0,15,5,1,21,5,25,9,1,40,0,0,0,40
02/06/2023,STX,VI,ASO,ES,Federal Contract Tower,9,21,2,1,33,0,24,13,1,38,9,45,15,2,71,0,0,0,71
02/07/2023,STX,VI,ASO,ES,Federal Contract Tower,4,17,2,1,24,0,23,13,1,37,4,40,15,2,61,0,0,0,61
02/08/2023,STX,VI,ASO,ES,Federal Contract Tower,8,14,1,0,23,0,18,17,0,35,8,32,18,0,58,0,0,0,58
02/09/2023,STX,VI,ASO,ES,Federal Contract Tower,8,20,4,0,32,0,27,20,1,48,8,47,24,1,80,0,0,0,80
02/10/2023,STX,VI,ASO,ES,Federal Contract Tower,6,14,1,0,21,0,23,12,2,37,6,37,13,2,58,0,0,0,58
02/11/2023,STX,VI,ASO,ES,Federal Contract Tower,10,9,4,0,23,0,16,7,1,24,10,25,11,1,47,0,0,0,47
02/12/2023,STX,VI,ASO,ES,Federal Contract Tower,6,13,1,0,20,0,20,11,0,31,6,33,12,0,51,0,0,0,51
02/13/2023,STX,VI,ASO,ES,Federal Contract Tower,8,20,2,1,31,0,27,17,1,45,8,47,19,2,76,0,0,0,76
02/14/2023,STX,VI,ASO,ES,Federal Contract Tower,6,14,4,0,24,0,22,19,1,42,6,36,23,1,66,0,0,0,66
02/15/2023,STX,VI,ASO,ES,Federal Contract Tower,8,16,4,1,29,0,20,19,0,39,8,36,23,1,68,0,0,0,68
02/16/2023,STX,VI,ASO,ES,Federal Contract Tower,8,18,3,0,29,0,30,18,0,48,8,48,21,0,77,0,0,0,77
02/17/2023,STX,VI,ASO,ES,Federal Contract Tower,6,19,0,0,25,0,39,29,0,68,6,58,29,0,93,0,0,0,93
02/18/2023,STX,VI,ASO,ES,Federal Contract Tower,10,8,5,0,23,0,20,18,0,38,10,28,23,0,61,2,0,2,63
02/19/2023,STX,VI,ASO,ES,Federal Contract Tower,6,13,2,0,21,0,17,23,0,40,6,30,25,0,61,0,0,0,61
02/20/2023,STX,VI,ASO,ES,Federal Contract Tower,8,13,1,0,22,0,30,38,0,68,8,43,39,0,90,0,0,0,90
02/21/2023,STX,VI,ASO,ES,Federal Contract Tower,6,16,1,0,23,0,22,20,1,43,6,38,21,1,66,2,0,2,68
02/22/2023,STX,VI,ASO,ES,Federal Contract Tower,8,14,0,2,24,0,23,6,0,29,8,37,6,2,53,0,0,0,53
02/23/2023,STX,VI,ASO,ES,Federal Contract Tower,8,21,2,6,37,0,33,12,0,45,8,54,14,6,82,0,0,0,82
02/24/2023,STX,VI,ASO,ES,Federal Contract Tower,6,16,2,15,39,0,26,18,4,48,6,42,20,19,87,0,0,0,87
02/25/2023,STX,VI,ASO,ES,Federal Contract Tower,10,7,1,5,23,0,16,2,3,21,10,23,3,8,44,0,0,0,44
02/26/2023,STX,VI,ASO,ES,Federal Contract Tower,6,10,0,1,17,0,17,12,1,30,6,27,12,2,47,0,0,0,47
02/27/2023,STX,VI,ASO,ES,Federal Contract Tower,8,19,1,2,30,0,28,10,0,38,8,47,11,2,68,0,0,0,68
02/28/2023,STX,VI,ASO,ES,Federal Contract Tower,6,11,2,1,20,0,22,10,1,33,6,33,12,2,53,0,0,0,53
03/01/2023,STX,VI,ASO,ES,Federal Contract Tower,7,14,1,2,24,0,21,20,1,42,7,35,21,3,66,8,0,8,74
03/02/2023,STX,VI,ASO,ES,Federal Contract Tower,8,15,0,0,23,0,31,14,0,45,8,46,14,0,68,0,0,0,68
03/03/2023,STX,VI,ASO,ES,Federal Contract Tower,6,15,1,0,22,0,23,12,0,35,6,38,13,0,57,8,0,8,65
03/04/2023,STX,VI,ASO,ES,Federal Contract Tower,10,7,2,0,19,0,17,6,0,23,10,24,8,0,42,0,0,0,42
03/05/2023,STX,VI,ASO,ES,Federal Contract Tower,6,10,3,2,21,0,23,10,0,33,6,33,13,2,54,0,0,0,54
03/06/2023,STX,VI,ASO,ES,Federal Contract Tower,8,17,1,0,26,0,30,13,0,43,8,47,14,0,69,0,0,0,69
03/07/2023,STX,VI,ASO,ES,Federal Contract Tower,6,11,4,0,21,0,23,12,0,35,6,34,16,0,56,12,0,12,68
03/08/2023,STX,VI,ASO,ES,Federal Contract Tower,8,15,3,0,26,0,22,8,0,30,8,37,11,0,56,0,0,0,56
03/09/2023,STX,VI,ASO,ES,Federal Contract Tower,8,15,4,0,27,0,24,20,0,44,8,39,24,0,71,0,0,0,71
03/10/2023,STX,VI,ASO,ES,Federal Contract Tower,8,13,6,0,27,0,27,12,0,39,8,40,18,0,66,0,0,0,66
03/11/2023,STX,VI,ASO,ES,Federal Contract Tower,10,8,3,1,22,0,16,25,0,41,10,24,28,1,63,0,0,0,63
03/12/2023,STX,VI,ASO,ES,Federal Contract Tower,8,11,2,2,23,0,15,22,0,37,8,26,24,2,60,0,0,0,60
03/13/2023,STX,VI,ASO,ES,Federal Contract Tower,6,18,3,3,30,0,23,18,0,41,6,41,21,3,71,0,0,0,71
03/14/2023,STX,VI,ASO,ES,Federal Contract Tower,8,10,2,0,20,0,24,12,0,36,8,34,14,0,56,0,0,0,56
03/15/2023,STX,VI,ASO,ES,Federal Contract Tower,6,16,0,0,22,0,12,19,0,31,6,28,19,0,53,0,0,0,53
03/16/2023,STX,VI,ASO,ES,Federal Contract Tower,8,18,0,2,28,0,28,17,1,46,8,46,17,3,74,0,0,0,74
03/17/2023,STX,VI,ASO,ES,Federal Contract Tower,8,16,2,4,30,0,20,18,2,40,8,36,20,6,70,0,0,0,70
03/18/2023,STX,VI,ASO,ES,Federal Contract Tower,10,6,2,2,20,0,16,5,0,21,10,22,7,2,41,0,0,0,41
03/19/2023,STX,VI,ASO,ES,Federal Contract Tower,8,8,0,0,16,0,11,10,0,21,8,19,10,0,37,0,0,0,37
03/20/2023,STX,VI,ASO,ES,Federal Contract Tower,6,18,4,2,30,0,22,12,0,34,6,40,16,2,64,0,0,0,64
03/21/2023,STX,VI,ASO,ES,Federal Contract Tower,8,14,3,2,27,0,21,27,2,50,8,35,30,4,77,2,0,2,79
03/22/2023,STX,VI,ASO,ES,Federal Contract Tower,6,21,4,3,34,0,20,16,1,37,6,41,20,4,71,0,0,0,71
03/23/2023,STX,VI,ASO,ES,Federal Contract Tower,8,20,2,4,34,0,23,21,2,46,8,43,23,6,80,0,0,0,80
03/24/2023,STX,VI,ASO,ES,Federal Contract Tower,8,14,0,5,27,0,23,15,3,41,8,37,15,8,68,0,0,0,68
03/25/2023,STX,VI,ASO,ES,Federal Contract Tower,10,9,3,5,27,0,14,11,3,28,10,23,14,8,55,0,0,0,55
03/26/2023,STX,VI,ASO,ES,Federal Contract Tower,8,8,5,4,25,0,16,19,2,37,8,24,24,6,62,6,0,6,68
03/27/2023,STX,VI,ASO,ES,Federal Contract Tower,6,16,3,2,27,0,20,13,0,33,6,36,16,2,60,0,0,0,60
03/28/2023,STX,VI,ASO,ES,Federal Contract Tower,8,14,2,0,24,0,19,16,1,36,8,33,18,1,60,0,0,0,60
03/29/2023,STX,VI,ASO,ES,Federal Contract Tower,6,14,1,0,21,0,10,20,2,32,6,24,21,2,53,0,0,0,53
03/30/2023,STX,VI,ASO,ES,Federal Contract Tower,8,17,4,0,29,0,31,9,1,41,8,48,13,1,70,8,0,8,78
04/01/2023,STX,VI,ASO,ES,Federal Contract Tower,10,9,4,0,23,0,16,4,0,20,10,25,8,0,43,0,0,0,43
04/02/2023,STX,VI,ASO,ES,Federal Contract Tower,8,10,5,0,23,0,16,12,0,28,8,26,17,0,51,0,0,0,51
04/03/2023,STX,VI,ASO,ES,Federal Contract Tower,7,18,4,0,29,0,21,6,0,27,7,39,10,0,56,0,0,0,56
04/04/2023,STX,VI,ASO,ES,Federal Contract Tower,8,14,3,0,25,0,18,14,0,32,8,32,17,0,57,0,0,0,57
04/05/2023,STX,VI,ASO,ES,Federal Contract Tower,6,21,1,0,28,0,12,14,0,26,6,33,15,0,54,0,0,0,54
04/06/2023,STX,VI,ASO,ES,Federal Contract Tower,8,22,5,4,39,0,15,4,1,20,8,37,9,5,59,0,0,0,59
04/07/2023,STX,VI,ASO,ES,Federal Contract Tower,8,10,4,2,24,0,21,2,1,24,8,31,6,3,48,4,0,4,52
04/08/2023,STX,VI,ASO,ES,Federal Contract Tower,9,8,2,2,21,0,12,0,0,12,9,20,2,2,33,0,0,0,33
04/09/2023,STX,VI,ASO,ES,Federal Contract Tower,10,8,2,0,20,0,14,1,1,16,10,22,3,1,36,0,0,0,36
04/10/2023,STX,VI,ASO,ES,Federal Contract Tower,6,14,6,1,27,0,23,2,0,25,6,37,8,1,52,0,0,0,52
04/11/2023,STX,VI,ASO,ES,Federal Contract Tower,6,16,5,1,28,0,18,17,0,35,6,34,22,1,63,0,0,0,63
04/12/2023,STX,VI,ASO,ES,Federal Contract Tower,5,14,1,0,20,0,24,15,0,39,5,38,16,0,59,0,0,0,59
04/13/2023,STX,VI,ASO,ES,Federal Contract Tower,4,20,4,0,28,0,23,6,5,34,4,43,10,5,62,0,0,0,62
04/14/2023,STX,VI,ASO,ES,Federal Contract Tower,4,23,0,0,27,0,20,16,1,37,4,43,16,1,64,0,0,0,64
04/15/2023,STX,VI,ASO,ES,Federal Contract Tower,9,9,3,0,21,0,17,4,0,21,9,26,7,0,42,0,0,0,42
04/16/2023,STX,VI,ASO,ES,Federal Contract Tower,5,12,0,0,17,0,18,6,1,25,5,30,6,1,42,4,0,4,46
04/17/2023,STX,VI,ASO,ES,Federal Contract Tower,6,18,0,1,25,0,27,13,0,40,6,45,13,1,65,0,0,0,65
04/18/2023,STX,VI,ASO,ES,Federal Contract Tower,6,16,4,0,26,0,19,16,0,35,6,35,20,0,61,0,0,0,61
04/19/2023,STX,VI,ASO,ES,Federal Contract Tower,6,20,2,0,28,0,16,21,0,37,6,36,23,0,65,0,0,0,65
04/20/2023,STX,VI,ASO,ES,Federal Contract Tower,6,17,1,0,24,0,25,16,0,41,6,42,17,0,65,0,0,0,65
04/21/2023,STX,VI,ASO,ES,Federal Contract Tower,6,18,2,2,28,0,24,12,1,37,6,42,14,3,65,0,0,0,65
04/22/2023,STX,VI,ASO,ES,Federal Contract Tower,10,8,0,0,18,0,16,7,0,23,10,24,7,0,41,10,0,10,51
04/23/2023,STX,VI,ASO,ES,Federal Contract Tower,8,12,2,1,23,0,19,9,0,28,8,31,11,1,51,0,0,0,51
04/24/2023,STX,VI,ASO,ES,Federal Contract Tower,6,20,2,3,31,0,24,23,3,50,6,44,25,6,81,0,0,0,81
04/25/2023,STX,VI,ASO,ES,Federal Contract Tower,6,16,2,5,29,0,24,29,1,54,6,40,31,6,83,0,0,0,83
04/26/2023,STX,VI,ASO,ES,Federal Contract Tower,5,15,1,1,22,0,35,21,0,56,5,50,22,1,78,6,0,6,84
04/27/2023,STX,VI,ASO,ES,Federal Contract Tower,6,20,3,1,30,0,24,16,1,41,6,44,19,2,71,0,20,20,91
04/28/2023,STX,VI,ASO,ES,Federal Contract Tower,3,17,1,0,21,0,16,22,0,38,3,33,23,0,59,6,0,6,65
04/29/2023,STX,VI,ASO,ES,Federal Contract Tower,13,7,7,0,27,0,16,20,1,37,13,23,27,1,64,0,30,30,94
04/30/2023,STX,VI,ASO,ES,Federal Contract Tower,6,9,5,1,21,0,24,19,0,43,6,33,24,1,64,0,4,4,68
05/01/2023,STX,VI,ASO,ES,Federal Contract Tower,6,21,4,3,34,0,33,42,0,75,6,54,46,3,109,10,0,10,119
05/02/2023,STX,VI,ASO,ES,Federal Contract Tower,6,13,3,1,23,0,26,31,1,58,6,39,34,2,81,0,12,12,93
05/03/2023,STX,VI,ASO,ES,Federal Contract Tower,6,14,4,1,25,0,23,19,0,42,6,37,23,1,67,0,0,0,67
05/04/2023,STX,VI,ASO,ES,Federal Contract Tower,6,19,1,4,30,0,21,28,0,49,6,40,29,4,79,2,0,2,81
05/05/2023,STX,VI,ASO,ES,Federal Contract Tower,6,13,3,2,24,0,19,27,1,47,6,32,30,3,71,0,0,0,71
05/06/2023,STX,VI,ASO,ES,Federal Contract Tower,10,9,0,0,19,0,14,18,0,32,10,23,18,0,51,0,0,0,51
05/07/2023,STX,VI,ASO,ES,Federal Contract Tower,6,10,2,0,18,0,18,26,0,44,6,28,28,0,62,0,0,0,62
05/08/2023,STX,VI,ASO,ES,Federal Contract Tower,6,24,1,0,31,0,18,26,0,44,6,42,27,0,75,0,0,0,75
05/09/2023,STX,VI,ASO,ES,Federal Contract Tower,6,19,1,0,26,0,18,21,0,39,6,37,22,0,65,0,0,0,65
05/10/2023,STX,VI,ASO,ES,Federal Contract Tower,5,25,0,0,30,0,19,23,0,42,5,44,23,0,72,0,0,0,72
05/11/2023,STX,VI,ASO,ES,Federal Contract Tower,6,20,0,0,26,0,19,28,0,47,6,39,28,0,73,0,0,0,73
05/12/2023,STX,VI,ASO,ES,Federal Contract Tower,6,13,1,0,20,0,21,35,1,57,6,34,36,1,77,0,0,0,77
05/13/2023,STX,VI,ASO,ES,Federal Contract Tower,10,9,0,0,19,0,14,18,1,33,10,23,18,1,52,0,0,0,52
05/14/2023,STX,VI,ASO,ES,Federal Contract Tower,6,10,0,0,16,0,15,20,0,35,6,25,20,0,51,0,0,0,51
05/15/2023,STX,VI,ASO,ES,Federal Contract Tower,5,23,0,2,30,0,16,24,0,40,5,39,24,2,70,0,0,0,70
05/16/2023,STX,VI,ASO,ES,Federal Contract Tower,6,16,2,0,24,0,14,26,0,40,6,30,28,0,64,0,0,0,64
05/17/2023,STX,VI,ASO,ES,Federal Contract Tower,6,17,3,3,29,0,14,21,0,35,6,31,24,3,64,6,0,6,70
05/18/2023,STX,VI,ASO,ES,Federal Contract Tower,6,18,2,1,27,0,16,23,0,39,6,34,25,1,66,0,0,0,66
05/19/2023,STX,VI,ASO,ES,Federal Contract Tower,6,15,2,4,27,0,17,28,0,45,6,32,30,4,72,0,0,0,72
05/20/2023,STX,VI,ASO,ES,Federal Contract Tower,10,10,2,3,25,0,15,19,1,35,10,25,21,4,60,0,0,0,60
05/21/2023,STX,VI,ASO,ES,Federal Contract Tower,6,11,3,2,22,0,19,28,0,47,6,30,31,2,69,0,0,0,69
05/22/2023,STX,VI,ASO,ES,Federal Contract Tower,6,23,7,0,36,0,14,25,0,39,6,37,32,0,75,0,0,0,75
05/23/2023,STX,VI,ASO,ES,Federal Contract Tower,6,18,3,0,27,0,15,19,0,34,6,33,22,0,61,0,0,0,61
05/24/2023,STX,VI,ASO,ES,Federal Contract Tower,6,19,4,0,29,0,20,29,0,49,6,39,33,0,78,0,0,0,78
05/25/2023,STX,VI,ASO,ES,Federal Contract Tower,5,17,4,0,26,0,19,37,2,58,5,36,41,2,84,0,0,0,84
05/26/2023,STX,VI,ASO,ES,Federal Contract Tower,5,13,3,0,21,0,27,32,1,60,5,40,35,1,81,0,0,0,81
05/27/2023,STX,VI,ASO,ES,Federal Contract Tower,10,8,2,1,21,0,14,23,0,37,10,22,25,1,58,0,0,0,58
05/28/2023,STX,VI,ASO,ES,Federal Contract Tower,6,11,2,0,19,0,14,21,0,35,6,25,23,0,54,0,0,0,54
05/29/2023,STX,VI,ASO,ES,Federal Contract Tower,6,16,1,0,23,0,13,25,0,38,6,29,26,0,61,0,0,0,61
05/30/2023,STX,VI,ASO,ES,Federal Contract Tower,6,19,2,0,27,0,19,29,0,48,6,38,31,0,75,0,0,0,75
05/31/2023,STX,VI,ASO,ES,Federal Contract Tower,6,22,4,0,32,0,13,34,0,47,6,35,38,0,79,0,0,0,79
06/01/2023,STX,VI,ASO,ES,Federal Contract Tower,6,19,3,0,28,0,14,25,0,39,6,33,28,0,67,0,0,0,67
06/02/2023,STX,VI,ASO,ES,Federal Contract Tower,6,16,1,1,24,0,16,24,0,40,6,32,25,1,64,0,0,0,64
06/03/2023,STX,VI,ASO,ES,Federal Contract Tower,10,9,3,0,22,0,16,27,0,43,10,25,30,0,65,0,0,0,65
06/04/2023,STX,VI,ASO,ES,Federal Contract Tower,6,9,1,0,16,0,16,18,0,34,6,25,19,0,50,0,0,0,50
06/05/2023,STX,VI,ASO,ES,Federal Contract Tower,6,27,1,0,34,0,14,24,2,40,6,41,25,2,74,9,0,9,83
06/06/2023,STX,VI,ASO,ES,Federal Contract Tower,6,22,5,0,33,0,18,27,0,45,6,40,32,0,78,0,0,0,78
06/07/2023,STX,VI,ASO,ES,Federal Contract Tower,6,20,6,0,32,0,14,22,0,36,6,34,28,0,68,4,0,4,72
06/08/2023,STX,VI,ASO,ES,Federal Contract Tower,6,22,2,0,30,0,17,31,0,48,6,39,33,0,78,0,0,0,78
06/09/2023,STX,VI,ASO,ES,Federal Contract Tower,6,17,0,2,25,0,31,25,1,57,6,48,25,3,82,0,0,0,82
06/10/2023,STX,VI,ASO,ES,Federal Contract Tower,10,8,3,2,23,0,14,21,3,38,10,22,24,5,61,4,0,4,65
06/11/2023,STX,VI,ASO,ES,Federal Contract Tower,6,13,0,2,21,0,24,22,0,46,6,37,22,2,67,0,0,0,67
06/12/2023,STX,VI,ASO,ES,Federal Contract Tower,6,23,2,0,31,0,15,27,0,42,6,38,29,0,73,0,0,0,73
06/13/2023,STX,VI,ASO,ES,Federal Contract Tower,6,18,4,4,32,0,33,25,0,58,6,51,29,4,90,2,0,2,92
06/14/2023,STX,VI,ASO,ES,Federal Contract Tower,6,18,3,0,27,0,14,28,0,42,6,32,31,0,69,0,0,0,69
06/15/2023,STX,VI,ASO,ES,Federal Contract Tower,6,26,1,3,36,0,23,36,1,60,6,49,37,4,96,0,0,0,96
06/16/2023,STX,VI,ASO,ES,Federal Contract Tower,6,17,0,0,23,0,27,32,1,60,6,44,32,1,83,0,0,0,83
06/17/2023,STX,VI,ASO,ES,Federal Contract Tower,10,9,0,0,19,0,14,20,1,35,10,23,20,1,54,0,0,0,54
06/18/2023,STX,VI,ASO,ES,Federal Contract Tower,6,7,0,0,13,0,16,24,0,40,6,23,24,0,53,0,0,0,53
06/19/2023,STX,VI,ASO,ES,Federal Contract Tower,5,12,3,1,21,0,17,45,0,62,5,29,48,1,83,20,0,20,103
06/20/2023,STX,VI,ASO,ES,Federal Contract Tower,6,10,3,5,24,0,22,38,0,60,6,32,41,5,84,0,0,0,84
06/21/2023,STX,VI,ASO,ES,Federal Contract Tower,6,14,5,4,29,0,21,30,2,53,6,35,35,6,82,0,0,0,82
06/22/2023,STX,VI,ASO,ES,Federal Contract Tower,6,16,7,5,34,0,24,30,1,55,6,40,37,6,89,0,0,0,89
06/23/2023,STX,VI,ASO,ES,Federal Contract Tower,0,0,0,0,0,0,20,29,1,50,0,20,29,1,50,0,0,0,50
06/24/2023,STX,VI,ASO,ES,Federal Contract Tower,11,6,2,1,20,0,12,20,2,34,11,18,22,3,54,0,0,0,54
06/25/2023,STX,VI,ASO,ES,Federal Contract Tower,6,11,0,1,18,0,13,28,1,42,6,24,28,2,60,0,0,0,60
06/26/2023,STX,VI,ASO,ES,Federal Contract Tower,6,22,5,2,35,0,18,27,0,45,6,40,32,2,80,1,0,1,81
06/27/2023,STX,VI,ASO,ES,Federal Contract Tower,6,15,3,0,24,0,28,36,0,64,6,43,39,0,88,8,0,8,96
06/28/2023,STX,VI,ASO,ES,Federal Contract Tower,6,15,5,0,26,0,18,33,1,52,6,33,38,1,78,0,0,0,78
06/29/2023,STX,VI,ASO,ES,Federal Contract Tower,6,26,20,1,53,0,9,12,0,21,6,35,32,1,74,0,0,0,74
06/30/2023,STX,VI,ASO,ES,Federal Contract Tower,7,15,2,5,29,0,24,44,0,68,7,39,46,5,97,0,0,0,97
07/01/2023,STX,VI,ASO,ES,Federal Contract Tower,10,8,0,0,18,0,14,26,0,40,10,22,26,0,58,0,0,0,58
07/02/2023,STX,VI,ASO,ES,Federal Contract Tower,6,9,3,0,18,0,13,18,0,31,6,22,21,0,49,0,0,0,49
07/03/2023,STX,VI,ASO,ES,Federal Contract Tower,6,21,0,0,27,0,24,23,0,47,6,45,23,0,74,12,0,12,86
07/04/2023,STX,VI,ASO,ES,Federal Contract Tower,4,10,1,0,15,0,10,19,0,29,4,20,20,0,44,0,0,0,44
07/05/2023,STX,VI,ASO,ES,Federal Contract Tower,6,20,0,0,26,0,19,26,2,47,6,39,26,2,73,0,0,0,73
07/06/2023,STX,VI,ASO,ES,Federal Contract Tower,6,19,1,0,26,0,22,23,0,45,6,41,24,0,71,0,0,0,71
07/07/2023,STX,VI,ASO,ES,Federal Contract Tower,6,16,2,1,25,0,21,26,0,47,6,37,28,1,72,0,0,0,72
07/08/2023,STX,VI,ASO,ES,Federal Contract Tower,10,14,1,0,25,0,11,13,2,26,10,25,14,2,51,0,0,0,51
07/09/2023,STX,VI,ASO,ES,Federal Contract Tower,8,10,0,0,18,0,13,17,0,30,8,23,17,0,48,0,0,0,48
07/10/2023,STX,VI,ASO,ES,Federal Contract Tower,5,23,3,0,31,0,15,21,0,36,5,38,24,0,67,0,0,0,67
07/11/2023,STX,VI,ASO,ES,Federal Contract Tower,6,19,2,1,28,0,20,19,0,39,6,39,21,1,67,4,2,6,73
07/12/2023,STX,VI,ASO,ES,Federal Contract Tower,6,27,7,2,42,0,18,22,0,40,6,45,29,2,82,0,0,0,82
07/13/2023,STX,VI,ASO,ES,Federal Contract Tower,5,19,0,1,25,0,23,29,0,52,5,42,29,1,77,0,0,0,77
07/14/2023,STX,VI,ASO,ES,Federal Contract Tower,6,15,1,0,22,0,26,30,0,56,6,41,31,0,78,2,0,2,80
07/15/2023,STX,VI,ASO,ES,Federal Contract Tower,10,6,0,1,17,0,19,37,2,58,10,25,37,3,75,6,0,6,81
07/16/2023,STX,VI,ASO,ES,Federal Contract Tower,6,12,2,1,21,0,20,20,0,40,6,32,22,1,61,0,0,0,61
07/17/2023,STX,VI,ASO,ES,Federal Contract Tower,6,22,2,0,30,0,20,23,0,43,6,42,25,0,73,0,0,0,73
07/18/2023,STX,VI,ASO,ES,Federal Contract Tower,6,16,2,1,25,0,15,31,0,46,6,31,33,1,71,0,0,0,71
07/19/2023,STX,VI,ASO,ES,Federal Contract Tower,6,14,2,2,24,0,19,23,0,42,6,33,25,2,66,0,0,0,66
07/20/2023,STX,VI,ASO,ES,Federal Contract Tower,6,20,3,0,29,0,21,25,2,48,6,41,28,2,77,0,0,0,77
07/21/2023,STX,VI,ASO,ES,Federal Contract Tower,6,16,2,0,24,0,27,21,2,50,6,43,23,2,74,0,0,0,74
07/22/2023,STX,VI,ASO,ES,Federal Contract Tower,10,11,5,1,27,0,13,25,2,40,10,24,30,3,67,0,0,0,67
07/23/2023,STX,VI,ASO,ES,Federal Contract Tower,7,10,0,0,17,0,10,27,2,39,7,20,27,2,56,0,0,0,56
07/24/2023,STX,VI,ASO,ES,Federal Contract Tower,6,23,0,4,33,0,10,30,0,40,6,33,30,4,73,8,6,14,87
07/25/2023,STX,VI,ASO,ES,Federal Contract Tower,6,18,0,1,25,0,11,16,0,27,6,29,16,1,52,0,0,0,52
07/26/2023,STX,VI,ASO,ES,Federal Contract Tower,6,12,0,1,19,0,25,21,2,48,6,37,21,3,67,0,0,0,67
07/27/2023,STX,VI,ASO,ES,Federal Contract Tower,6,18,2,0,26,0,20,22,0,42,6,38,24,0,68,0,0,0,68
07/28/2023,STX,VI,ASO,ES,Federal Contract Tower,6,19,3,1,29,0,14,29,0,43,6,33,32,1,72,0,0,0,72
07/29/2023,STX,VI,ASO,ES,Federal Contract Tower,10,10,4,4,28,0,12,28,0,40,10,22,32,4,68,0,0,0,68
07/30/2023,STX,VI,ASO,ES,Federal Contract Tower,6,13,0,1,20,0,15,17,0,32,6,28,17,1,52,0,0,0,52
07/31/2023,STX,VI,ASO,ES,Federal Contract Tower,6,24,1,0,31,0,17,29,0,46,6,41,30,0,77,0,0,0,77
08/01/2023,STX,VI,ASO,ES,Federal Contract Tower,6,19,4,0,29,0,17,42,2,61,6,36,46,2,90,0,0,0,90
08/02/2023,STX,VI,ASO,ES,Federal Contract Tower,6,20,1,0,27,0,19,29,2,50,6,39,30,2,77,0,0,0,77
08/03/2023,STX,VI,ASO,ES,Federal Contract Tower,6,22,1,0,29,0,27,33,6,66,6,49,34,6,95,0,0,0,95
08/04/2023,STX,VI,ASO,ES,Federal Contract Tower,6,12,3,0,21,0,22,38,1,61,6,34,41,1,82,0,0,0,82
08/05/2023,STX,VI,ASO,ES,Federal Contract Tower,10,12,6,0,28,0,16,21,2,39,10,28,27,2,67,0,0,0,67
08/06/2023,STX,VI,ASO,ES,Federal Contract Tower,6,11,0,0,17,0,13,17,1,31,6,24,17,1,48,0,0,0,48
08/07/2023,STX,VI,ASO,ES,Federal Contract Tower,6,22,2,0,30,0,30,21,2,53,6,52,23,2,83,4,0,4,87
08/08/2023,STX,VI,ASO,ES,Federal Contract Tower,6,22,2,0,30,0,26,29,0,55,6,48,31,0,85,0,0,0,85
08/09/2023,STX,VI,ASO,ES,Federal Contract Tower,6,21,3,0,30,0,30,25,2,57,6,51,28,2,87,0,0,0,87
08/10/2023,STX,VI,ASO,ES,Federal Contract Tower,6,22,3,0,31,0,32,27,0,59,6,54,30,0,90,2,0,2,92
08/11/2023,STX,VI,ASO,ES,Federal Contract Tower,6,20,1,0,27,0,34,28,0,62,6,54,29,0,89,0,0,0,89
08/12/2023,STX,VI,ASO,ES,Federal Contract Tower,10,12,0,0,22,0,18,16,0,34,10,30,16,0,56,0,0,0,56
08/13/2023,STX,VI,ASO,ES,Federal Contract Tower,6,11,2,0,19,0,23,20,0,43,6,34,22,0,62,0,0,0,62
08/14/2023,STX,VI,ASO,ES,Federal Contract Tower,6,23,2,1,32,0,28,31,1,60,6,51,33,2,92,8,0,8,100
08/15/2023,STX,VI,ASO,ES,Federal Contract Tower,5,16,0,0,21,0,23,25,0,48,5,39,25,0,69,2,0,2,71
08/16/2023,STX,VI,ASO,ES,Federal Contract Tower,5,18,1,5,29,0,26,27,1,54,5,44,28,6,83,0,0,0,83
08/17/2023,STX,VI,ASO,ES,Federal Contract Tower,4,17,0,3,24,0,29,29,1,59,4,46,29,4,83,0,0,0,83
08/18/2023,STX,VI,ASO,ES,Federal Contract Tower,5,14,1,0,20,0,33,29,2,64,5,47,30,2,84,4,0,4,88
08/19/2023,STX,VI,ASO,ES,Federal Contract Tower,6,9,0,0,15,0,16,23,2,41,6,25,23,2,56,0,0,0,56
08/20/2023,STX,VI,ASO,ES,Federal Contract Tower,5,10,0,0,15,0,17,10,1,28,5,27,10,1,43,1,0,1,44
08/21/2023,STX,VI,ASO,ES,Federal Contract Tower,5,24,7,0,36,0,15,21,3,39,5,39,28,3,75,0,2,2,77
08/22/2023,STX,VI,ASO,ES,Federal Contract Tower,5,18,4,3,30,0,24,20,3,47,5,42,24,6,77,0,0,0,77
08/23/2023,STX,VI,ASO,ES,Federal Contract Tower,5,20,5,1,31,0,29,34,0,63,5,49,39,1,94,0,0,0,94
08/24/2023,STX,VI,ASO,ES,Federal Contract Tower,5,26,2,2,35,0,30,32,0,62,5,56,34,2,97,0,0,0,97
08/25/2023,STX,VI,ASO,ES,Federal Contract Tower,4,19,3,3,29,0,31,32,0,63,4,50,35,3,92,0,0,0,92
08/26/2023,STX,VI,ASO,ES,Federal Contract Tower,7,7,2,2,18,0,14,20,1,35,7,21,22,3,53,0,0,0,53
08/27/2023,STX,VI,ASO,ES,Federal Contract Tower,4,10,2,6,22,0,19,24,0,43,4,29,26,6,65,0,0,0,65
08/28/2023,STX,VI,ASO,ES,Federal Contract Tower,4,26,2,3,35,0,27,31,0,58,4,53,33,3,93,0,0,0,93
08/29/2023,STX,VI,ASO,ES,Federal Contract Tower,4,21,3,2,30,0,21,23,0,44,4,42,26,2,74,8,0,8,82
08/30/2023,STX,VI,ASO,ES,Federal Contract Tower,4,18,2,3,27,0,26,37,1,64,4,44,39,4,91,6,10,16,107
08/31/2023,STX,VI,ASO,ES,Federal Contract Tower,4,17,0,1,22,0,39,32,0,71,4,56,32,1,93,6,0,6,99
