01/01/2020,SUA,FL,ASO,ES,Federal Contract Tower,0,56,70,0,126,0,6,98,0,104,0,62,168,0,230,0,0,0,230
01/02/2020,SUA,FL,ASO,ES,Federal Contract Tower,0,62,91,0,153,0,4,251,0,255,0,66,342,0,408,0,0,0,408
01/03/2020,SUA,FL,ASO,ES,Federal Contract Tower,0,61,113,0,174,0,8,202,0,210,0,69,315,0,384,0,0,0,384
01/04/2020,SUA,FL,ASO,ES,Federal Contract Tower,0,63,98,0,161,0,1,49,0,50,0,64,147,0,211,0,0,0,211
01/05/2020,SUA,FL,ASO,ES,Federal Contract Tower,0,95,132,0,227,0,0,117,0,117,0,95,249,0,344,0,0,0,344
01/06/2020,SUA,FL,ASO,ES,Federal Contract Tower,0,20,63,0,83,0,6,221,0,227,0,26,284,0,310,222,0,222,532
01/07/2020,SUA,FL,ASO,ES,Federal Contract Tower,0,19,43,0,62,0,2,291,0,293,0,21,334,0,355,286,0,286,641
01/08/2020,SUA,FL,ASO,ES,Federal Contract Tower,0,26,66,2,94,0,1,257,3,261,0,27,323,5,355,202,0,202,557
01/09/2020,SUA,FL,ASO,ES,Federal Contract Tower,0,19,48,0,67,0,6,148,2,156,0,25,196,2,223,142,0,142,365
01/10/2020,SUA,FL,ASO,ES,Federal Contract Tower,0,14,66,1,81,0,2,139,4,145,0,16,205,5,226,104,0,104,330
01/11/2020,SUA,FL,ASO,ES,Federal Contract Tower,0,20,44,0,64,0,4,26,0,30,0,24,70,0,94,2,0,2,96
01/12/2020,SUA,FL,ASO,ES,Federal Contract Tower,0,27,62,0,89,0,0,48,0,48,0,27,110,0,137,14,8,22,159
01/13/2020,SUA,FL,ASO,ES,Federal Contract Tower,0,20,56,0,76,0,0,241,0,241,0,20,297,0,317,230,0,230,547
01/14/2020,SUA,FL,ASO,ES,Federal Contract Tower,0,18,56,0,74,0,7,143,0,150,0,25,199,0,224,166,0,166,390
01/15/2020,SUA,FL,ASO,ES,Federal Contract Tower,0,17,42,7,66,0,9,246,2,257,0,26,288,9,323,222,0,222,545
01/16/2020,SUA,FL,ASO,ES,Federal Contract Tower,0,41,51,0,92,0,10,270,0,280,0,51,321,0,372,174,0,174,546
01/17/2020,SUA,FL,ASO,ES,Federal Contract Tower,0,56,75,0,131,0,8,163,2,173,0,64,238,2,304,24,4,28,332
01/18/2020,SUA,FL,ASO,ES,Federal Contract Tower,0,44,60,0,104,0,12,106,0,118,0,56,166,0,222,14,0,14,236
01/19/2020,SUA,FL,ASO,ES,Federal Contract Tower,0,34,52,0,86,0,13,94,0,107,0,47,146,0,193,2,0,2,195
01/20/2020,SUA,FL,ASO,ES,Federal Contract Tower,0,51,88,0,139,0,4,186,0,190,0,55,274,0,329,90,0,90,419
01/22/2020,SUA,FL,ASO,ES,Federal Contract Tower,0,19,61,0,80,0,8,92,0,100,0,27,153,0,180,30,0,30,210
01/23/2020,SUA,FL,ASO,ES,Federal Contract Tower,0,28,71,0,99,0,7,158,0,165,0,35,229,0,264,158,0,158,422
01/24/2020,SUA,FL,ASO,ES,Federal Contract Tower,0,15,92,0,107,0,5,137,1,143,0,20,229,1,250,124,0,124,374
01/25/2020,SUA,FL,ASO,ES,Federal Contract Tower,0,14,61,0,75,0,11,191,0,202,0,25,252,0,277,162,0,162,439
01/26/2020,SUA,FL,ASO,ES,Federal Contract Tower,0,25,81,0,106,0,15,180,0,195,0,40,261,0,301,38,0,38,339
01/27/2020,SUA,FL,ASO,ES,Federal Contract Tower,0,31,52,0,83,0,2,259,0,261,0,33,311,0,344,220,0,220,564
01/28/2020,SUA,FL,ASO,ES,Federal Contract Tower,0,36,52,0,88,0,3,273,0,276,0,39,325,0,364,180,0,180,544
01/29/2020,SUA,FL,ASO,ES,Federal Contract Tower,0,32,54,2,88,0,5,251,2,258,0,37,305,4,346,198,0,198,544
01/30/2020,SUA,FL,ASO,ES,Federal Contract Tower,0,53,100,2,155,0,4,206,2,212,0,57,306,4,367,82,0,82,449
01/31/2020,SUA,FL,ASO,ES,Federal Contract Tower,0,70,102,0,172,0,29,191,2,222,0,99,293,2,394,158,0,158,552
02/01/2020,SUA,FL,ASO,ES,Federal Contract Tower,0,54,73,0,127,0,0,3,0,3,0,54,76,0,130,0,0,0,130
02/02/2020,SUA,FL,ASO,ES,Federal Contract Tower,0,69,102,0,171,0,11,91,0,102,0,80,193,0,273,6,0,6,279
02/03/2020,SUA,FL,ASO,ES,Federal Contract Tower,0,39,78,0,117,0,18,256,3,277,0,57,334,3,394,186,0,186,580
02/04/2020,SUA,FL,ASO,ES,Federal Contract Tower,0,25,78,0,103,0,4,342,0,346,0,29,420,0,449,192,0,192,641
02/05/2020,SUA,FL,ASO,ES,Federal Contract Tower,0,21,90,0,111,0,12,254,0,266,0,33,344,0,377,150,0,150,527
02/06/2020,SUA,FL,ASO,ES,Federal Contract Tower,0,30,47,0,77,0,13,198,0,211,0,43,245,0,288,94,0,94,382
02/07/2020,SUA,FL,ASO,ES,Federal Contract Tower,0,22,66,0,88,0,25,203,0,228,0,47,269,0,316,110,0,110,426
02/08/2020,SUA,FL,ASO,ES,Federal Contract Tower,0,19,55,0,74,0,20,225,0,245,0,39,280,0,319,110,0,110,429
02/09/2020,SUA,FL,ASO,ES,Federal Contract Tower,0,31,64,0,95,0,14,166,3,183,0,45,230,3,278,22,0,22,300
02/10/2020,SUA,FL,ASO,ES,Federal Contract Tower,0,23,71,0,94,0,0,269,0,269,0,23,340,0,363,142,0,142,505
02/11/2020,SUA,FL,ASO,ES,Federal Contract Tower,0,32,52,1,85,0,16,325,0,341,0,48,377,1,426,150,0,150,576
02/12/2020,SUA,FL,ASO,ES,Federal Contract Tower,0,20,68,0,88,0,4,193,0,197,0,24,261,0,285,110,0,110,395
02/13/2020,SUA,FL,ASO,ES,Federal Contract Tower,0,34,61,0,95,0,12,219,0,231,0,46,280,0,326,128,0,128,454
02/14/2020,SUA,FL,ASO,ES,Federal Contract Tower,0,51,87,0,138,0,4,70,0,74,0,55,157,0,212,22,0,22,234
02/15/2020,SUA,FL,ASO,ES,Federal Contract Tower,0,45,70,0,115,0,4,47,0,51,0,49,117,0,166,0,0,0,166
02/16/2020,SUA,FL,ASO,ES,Federal Contract Tower,0,43,101,0,144,0,15,115,0,130,0,58,216,0,274,30,0,30,304
02/17/2020,SUA,FL,ASO,ES,Federal Contract Tower,0,56,96,0,152,0,16,298,8,322,0,72,394,8,474,98,0,98,572
02/18/2020,SUA,FL,ASO,ES,Federal Contract Tower,0,28,70,0,98,0,10,286,0,296,0,38,356,0,394,218,0,218,612
02/19/2020,SUA,FL,ASO,ES,Federal Contract Tower,0,25,83,0,108,0,6,281,0,287,0,31,364,0,395,160,0,160,555
02/20/2020,SUA,FL,ASO,ES,Federal Contract Tower,0,30,77,0,107,0,13,249,0,262,0,43,326,0,369,206,0,206,575
02/21/2020,SUA,FL,ASO,ES,Federal Contract Tower,0,33,52,0,85,0,0,7,0,7,0,33,59,0,92,0,0,0,92
02/22/2020,SUA,FL,ASO,ES,Federal Contract Tower,0,15,37,0,52,0,14,53,1,68,0,29,90,1,120,0,0,0,120
02/23/2020,SUA,FL,ASO,ES,Federal Contract Tower,0,35,71,0,106,0,15,159,2,176,0,50,230,2,282,34,0,34,316
02/24/2020,SUA,FL,ASO,ES,Federal Contract Tower,0,21,66,0,87,0,3,249,2,254,0,24,315,2,341,172,0,172,513
02/25/2020,SUA,FL,ASO,ES,Federal Contract Tower,0,30,56,0,86,0,1,219,0,220,0,31,275,0,306,146,0,146,452
02/26/2020,SUA,FL,ASO,ES,Federal Contract Tower,0,20,53,0,73,0,10,139,0,149,0,30,192,0,222,82,0,82,304
02/27/2020,SUA,FL,ASO,ES,Federal Contract Tower,0,32,80,0,112,0,29,241,0,270,0,61,321,0,382,116,0,116,498
02/28/2020,SUA,FL,ASO,ES,Federal Contract Tower,0,20,83,0,103,0,19,198,0,217,0,39,281,0,320,148,0,148,468
02/29/2020,SUA,FL,ASO,ES,Federal Contract Tower,0,23,64,0,87,0,8,139,0,147,0,31,203,0,234,56,0,56,290
03/01/2020,SUA,FL,ASO,ES,Federal Contract Tower,0,44,84,0,128,0,13,163,1,177,0,57,247,1,305,54,0,54,359
03/02/2020,SUA,FL,ASO,ES,Federal Contract Tower,0,19,62,0,81,0,3,221,0,224,0,22,283,0,305,110,0,110,415
03/03/2020,SUA,FL,ASO,ES,Federal Contract Tower,0,16,70,0,86,0,12,251,3,266,0,28,321,3,352,192,4,196,548
03/04/2020,SUA,FL,ASO,ES,Federal Contract Tower,0,18,56,0,74,0,5,246,0,251,0,23,302,0,325,212,0,212,537
03/05/2020,SUA,FL,ASO,ES,Federal Contract Tower,0,33,72,0,105,0,11,287,0,298,0,44,359,0,403,162,0,162,565
03/06/2020,SUA,FL,ASO,ES,Federal Contract Tower,0,46,78,0,124,0,15,143,0,158,0,61,221,0,282,94,0,94,376
03/07/2020,SUA,FL,ASO,ES,Federal Contract Tower,0,49,77,0,126,0,6,90,0,96,0,55,167,0,222,6,0,6,228
03/08/2020,SUA,FL,ASO,ES,Federal Contract Tower,0,83,132,0,215,0,9,51,0,60,0,92,183,0,275,2,0,2,277
03/09/2020,SUA,FL,ASO,ES,Federal Contract Tower,0,46,87,0,133,0,7,156,0,163,0,53,243,0,296,18,0,18,314
03/10/2020,SUA,FL,ASO,ES,Federal Contract Tower,0,30,72,4,106,0,4,242,0,246,0,34,314,4,352,198,4,202,554
03/11/2020,SUA,FL,ASO,ES,Federal Contract Tower,0,23,66,2,91,0,6,288,2,296,0,29,354,4,387,220,0,220,607
03/12/2020,SUA,FL,ASO,ES,Federal Contract Tower,0,27,59,0,86,0,5,294,0,299,0,32,353,0,385,198,0,198,583
03/13/2020,SUA,FL,ASO,ES,Federal Contract Tower,0,48,99,0,147,0,9,216,1,226,0,57,315,1,373,144,2,146,519
03/14/2020,SUA,FL,ASO,ES,Federal Contract Tower,0,29,71,0,100,0,15,134,0,149,0,44,205,0,249,68,0,68,317
03/15/2020,SUA,FL,ASO,ES,Federal Contract Tower,0,21,56,0,77,0,13,109,0,122,0,34,165,0,199,30,0,30,229
03/16/2020,SUA,FL,ASO,ES,Federal Contract Tower,0,39,77,0,116,0,2,227,0,229,0,41,304,0,345,106,0,106,451
03/17/2020,SUA,FL,ASO,ES,Federal Contract Tower,0,33,37,0,70,0,4,247,0,251,0,37,284,0,321,130,0,130,451
03/18/2020,SUA,FL,ASO,ES,Federal Contract Tower,0,18,54,0,72,0,2,282,0,284,0,20,336,0,356,180,0,180,536
03/19/2020,SUA,FL,ASO,ES,Federal Contract Tower,0,15,48,0,63,0,5,233,0,238,0,20,281,0,301,160,0,160,461
03/20/2020,SUA,FL,ASO,ES,Federal Contract Tower,0,28,70,0,98,0,5,230,0,235,0,33,300,0,333,146,0,146,479
03/21/2020,SUA,FL,ASO,ES,Federal Contract Tower,0,17,60,0,77,0,11,136,2,149,0,28,196,2,226,48,12,60,286
03/22/2020,SUA,FL,ASO,ES,Federal Contract Tower,0,14,49,0,63,0,4,124,0,128,0,18,173,0,191,46,0,46,237
03/23/2020,SUA,FL,ASO,ES,Federal Contract Tower,0,14,28,0,42,0,6,217,0,223,0,20,245,0,265,202,0,202,467
03/24/2020,SUA,FL,ASO,ES,Federal Contract Tower,0,11,34,0,45,0,4,229,0,233,0,15,263,0,278,146,0,146,424
03/25/2020,SUA,FL,ASO,ES,Federal Contract Tower,0,5,33,0,38,0,5,183,0,188,0,10,216,0,226,108,0,108,334
03/26/2020,SUA,FL,ASO,ES,Federal Contract Tower,0,2,45,0,47,0,4,231,0,235,0,6,276,0,282,118,0,118,400
03/27/2020,SUA,FL,ASO,ES,Federal Contract Tower,0,3,37,0,40,0,13,280,0,293,0,16,317,0,333,186,0,186,519
03/28/2020,SUA,FL,ASO,ES,Federal Contract Tower,0,14,22,0,36,0,6,136,0,142,0,20,158,0,178,88,0,88,266
03/29/2020,SUA,FL,ASO,ES,Federal Contract Tower,0,8,12,0,20,0,0,143,0,143,0,8,155,0,163,26,0,26,189
03/30/2020,SUA,FL,ASO,ES,Federal Contract Tower,0,9,28,0,37,0,4,260,0,264,0,13,288,0,301,118,0,118,419
03/31/2020,SUA,FL,ASO,ES,Federal Contract Tower,0,5,18,0,23,0,4,179,2,185,0,9,197,2,208,72,0,72,280
04/01/2020,SUA,FL,ASO,ES,Federal Contract Tower,0,3,15,0,18,0,2,169,1,172,0,5,184,1,190,148,0,148,338
04/02/2020,SUA,FL,ASO,ES,Federal Contract Tower,0,10,33,0,43,0,0,258,0,258,0,10,291,0,301,160,0,160,461
04/03/2020,SUA,FL,ASO,ES,Federal Contract Tower,0,5,25,0,30,0,7,182,0,189,0,12,207,0,219,16,0,16,235
04/04/2020,SUA,FL,ASO,ES,Federal Contract Tower,0,11,16,0,27,0,3,81,0,84,0,14,97,0,111,18,0,18,129
04/05/2020,SUA,FL,ASO,ES,Federal Contract Tower,0,6,18,0,24,0,0,39,0,39,0,6,57,0,63,12,0,12,75
04/06/2020,SUA,FL,ASO,ES,Federal Contract Tower,0,2,23,1,26,0,0,24,0,24,0,2,47,1,50,0,0,0,50
04/07/2020,SUA,FL,ASO,ES,Federal Contract Tower,0,0,22,0,22,0,2,253,0,255,0,2,275,0,277,50,0,50,327
04/08/2020,SUA,FL,ASO,ES,Federal Contract Tower,0,9,32,0,41,0,4,178,0,182,0,13,210,0,223,38,0,38,261
04/09/2020,SUA,FL,ASO,ES,Federal Contract Tower,0,1,42,0,43,0,4,120,0,124,0,5,162,0,167,2,0,2,169
04/10/2020,SUA,FL,ASO,ES,Federal Contract Tower,0,3,34,0,37,0,44,52,0,96,0,47,86,0,133,0,0,0,133
04/11/2020,SUA,FL,ASO,ES,Federal Contract Tower,0,5,32,0,37,0,17,81,0,98,0,22,113,0,135,2,0,2,137
04/12/2020,SUA,FL,ASO,ES,Federal Contract Tower,0,5,12,0,17,0,1,19,0,20,0,6,31,0,37,36,0,36,73
04/13/2020,SUA,FL,ASO,ES,Federal Contract Tower,0,3,28,0,31,0,4,116,0,120,0,7,144,0,151,14,0,14,165
04/14/2020,SUA,FL,ASO,ES,Federal Contract Tower,0,10,16,0,26,0,6,153,0,159,0,16,169,0,185,14,0,14,199
04/15/2020,SUA,FL,ASO,ES,Federal Contract Tower,0,12,23,0,35,0,5,109,0,114,0,17,132,0,149,40,0,40,189
04/16/2020,SUA,FL,ASO,ES,Federal Contract Tower,0,4,26,0,30,0,0,17,0,17,0,4,43,0,47,18,0,18,65
04/17/2020,SUA,FL,ASO,ES,Federal Contract Tower,0,5,36,0,41,0,4,54,0,58,0,9,90,0,99,8,0,8,107
04/18/2020,SUA,FL,ASO,ES,Federal Contract Tower,0,1,16,0,17,0,25,88,0,113,0,26,104,0,130,28,0,28,158
04/19/2020,SUA,FL,ASO,ES,Federal Contract Tower,0,8,18,0,26,0,5,99,0,104,0,13,117,0,130,30,0,30,160
04/20/2020,SUA,FL,ASO,ES,Federal Contract Tower,0,7,18,0,25,0,2,96,0,98,0,9,114,0,123,50,0,50,173
04/21/2020,SUA,FL,ASO,ES,Federal Contract Tower,0,7,37,0,44,0,8,237,0,245,0,15,274,0,289,76,0,76,365
04/22/2020,SUA,FL,ASO,ES,Federal Contract Tower,0,10,43,0,53,0,16,227,0,243,0,26,270,0,296,70,0,70,366
04/23/2020,SUA,FL,ASO,ES,Federal Contract Tower,0,14,28,2,44,0,8,144,2,154,0,22,172,4,198,40,0,40,238
04/24/2020,SUA,FL,ASO,ES,Federal Contract Tower,0,4,22,0,26,0,41,71,0,112,0,45,93,0,138,6,0,6,144
04/25/2020,SUA,FL,ASO,ES,Federal Contract Tower,0,6,28,0,34,0,46,76,0,122,0,52,104,0,156,44,0,44,200
04/26/2020,SUA,FL,ASO,ES,Federal Contract Tower,0,12,16,0,28,0,0,4,0,4,0,12,20,0,32,28,0,28,60
04/27/2020,SUA,FL,ASO,ES,Federal Contract Tower,0,9,48,1,58,0,1,209,0,210,0,10,257,1,268,28,0,28,296
04/28/2020,SUA,FL,ASO,ES,Federal Contract Tower,0,10,45,0,55,0,2,213,0,215,0,12,258,0,270,58,0,58,328
04/29/2020,SUA,FL,ASO,ES,Federal Contract Tower,0,14,46,1,61,0,3,205,2,210,0,17,251,3,271,48,0,48,319
04/30/2020,SUA,FL,ASO,ES,Federal Contract Tower,0,8,16,0,24,0,18,71,0,89,0,26,87,0,113,58,0,58,171
05/01/2020,SUA,FL,ASO,ES,Federal Contract Tower,0,14,67,0,81,0,15,267,2,284,0,29,334,2,365,38,2,40,405
05/02/2020,SUA,FL,ASO,ES,Federal Contract Tower,0,7,38,1,46,0,4,162,0,166,0,11,200,1,212,40,0,40,252
05/03/2020,SUA,FL,ASO,ES,Federal Contract Tower,0,14,32,0,46,0,0,100,0,100,0,14,132,0,146,20,0,20,166
05/04/2020,SUA,FL,ASO,ES,Federal Contract Tower,0,9,53,2,64,0,2,268,0,270,0,11,321,2,334,104,0,104,438
05/05/2020,SUA,FL,ASO,ES,Federal Contract Tower,0,20,34,0,54,0,8,216,0,224,0,28,250,0,278,98,0,98,376
05/06/2020,SUA,FL,ASO,ES,Federal Contract Tower,0,11,57,0,68,0,2,134,0,136,0,13,191,0,204,66,0,66,270
05/07/2020,SUA,FL,ASO,ES,Federal Contract Tower,0,23,27,0,50,0,5,148,0,153,0,28,175,0,203,60,0,60,263
05/08/2020,SUA,FL,ASO,ES,Federal Contract Tower,0,19,51,0,70,0,25,198,0,223,0,44,249,0,293,106,0,106,399
05/09/2020,SUA,FL,ASO,ES,Federal Contract Tower,0,22,47,0,69,0,16,144,0,160,0,38,191,0,229,30,0,30,259
05/10/2020,SUA,FL,ASO,ES,Federal Contract Tower,0,12,13,0,25,0,2,4,0,6,0,14,17,0,31,6,0,6,37
05/11/2020,SUA,FL,ASO,ES,Federal Contract Tower,0,11,44,0,55,0,2,128,0,130,0,13,172,0,185,60,0,60,245
05/12/2020,SUA,FL,ASO,ES,Federal Contract Tower,0,19,52,1,72,0,4,186,0,190,0,23,238,1,262,114,0,114,376
05/13/2020,SUA,FL,ASO,ES,Federal Contract Tower,0,19,40,2,61,0,12,179,2,193,0,31,219,4,254,70,0,70,324
05/14/2020,SUA,FL,ASO,ES,Federal Contract Tower,0,23,43,0,66,0,12,104,1,117,0,35,147,1,183,42,0,42,225
05/15/2020,SUA,FL,ASO,ES,Federal Contract Tower,0,20,27,0,47,0,6,10,1,17,0,26,37,1,64,0,0,0,64
05/16/2020,SUA,FL,ASO,ES,Federal Contract Tower,0,14,35,0,49,0,2,30,0,32,0,16,65,0,81,0,0,0,81
05/17/2020,SUA,FL,ASO,ES,Federal Contract Tower,0,13,49,0,62,0,2,99,0,101,0,15,148,0,163,36,0,36,199
05/18/2020,SUA,FL,ASO,ES,Federal Contract Tower,0,6,45,0,51,0,2,155,2,159,0,8,200,2,210,138,0,138,348
05/19/2020,SUA,FL,ASO,ES,Federal Contract Tower,0,18,36,0,54,0,2,153,0,155,0,20,189,0,209,94,0,94,303
05/20/2020,SUA,FL,ASO,ES,Federal Contract Tower,0,31,48,0,79,0,12,209,0,221,0,43,257,0,300,90,0,90,390
05/21/2020,SUA,FL,ASO,ES,Federal Contract Tower,0,24,65,0,89,0,5,198,0,203,0,29,263,0,292,74,0,74,366
05/22/2020,SUA,FL,ASO,ES,Federal Contract Tower,0,35,76,0,111,0,34,198,0,232,0,69,274,0,343,56,0,56,399
05/23/2020,SUA,FL,ASO,ES,Federal Contract Tower,0,25,44,0,69,0,19,100,0,119,0,44,144,0,188,26,0,26,214
05/24/2020,SUA,FL,ASO,ES,Federal Contract Tower,0,17,39,0,56,0,17,31,0,48,0,34,70,0,104,2,0,2,106
05/25/2020,SUA,FL,ASO,ES,Federal Contract Tower,0,15,39,0,54,0,1,2,0,3,0,16,41,0,57,0,0,0,57
05/26/2020,SUA,FL,ASO,ES,Federal Contract Tower,0,19,39,0,58,0,0,74,0,74,0,19,113,0,132,4,0,4,136
05/27/2020,SUA,FL,ASO,ES,Federal Contract Tower,0,20,32,0,52,0,2,138,0,140,0,22,170,0,192,130,0,130,322
05/28/2020,SUA,FL,ASO,ES,Federal Contract Tower,0,22,59,0,81,0,4,173,0,177,0,26,232,0,258,138,0,138,396
05/29/2020,SUA,FL,ASO,ES,Federal Contract Tower,0,24,71,0,95,0,7,186,0,193,0,31,257,0,288,138,0,138,426
05/30/2020,SUA,FL,ASO,ES,Federal Contract Tower,0,20,64,0,84,0,18,129,0,147,0,38,193,0,231,72,0,72,303
05/31/2020,SUA,FL,ASO,ES,Federal Contract Tower,0,18,37,0,55,0,7,120,0,127,0,25,157,0,182,30,0,30,212
06/01/2020,SUA,FL,ASO,ES,Federal Contract Tower,0,12,43,0,55,0,1,158,0,159,0,13,201,0,214,178,0,178,392
06/02/2020,SUA,FL,ASO,ES,Federal Contract Tower,0,18,42,0,60,0,4,71,0,75,0,22,113,0,135,76,0,76,211
06/03/2020,SUA,FL,ASO,ES,Federal Contract Tower,0,11,35,0,46,0,0,8,0,8,0,11,43,0,54,2,0,2,56
06/04/2020,SUA,FL,ASO,ES,Federal Contract Tower,0,12,49,0,61,0,4,62,0,66,0,16,111,0,127,24,0,24,151
06/05/2020,SUA,FL,ASO,ES,Federal Contract Tower,0,17,37,0,54,0,2,124,0,126,0,19,161,0,180,48,0,48,228
06/06/2020,SUA,FL,ASO,ES,Federal Contract Tower,0,12,48,0,60,0,7,88,0,95,0,19,136,0,155,50,0,50,205
06/07/2020,SUA,FL,ASO,ES,Federal Contract Tower,0,11,40,0,51,0,0,80,0,80,0,11,120,0,131,20,0,20,151
06/08/2020,SUA,FL,ASO,ES,Federal Contract Tower,0,17,48,0,65,0,2,201,0,203,0,19,249,0,268,126,0,126,394
06/09/2020,SUA,FL,ASO,ES,Federal Contract Tower,0,8,63,0,71,0,5,246,0,251,0,13,309,0,322,170,0,170,492
06/10/2020,SUA,FL,ASO,ES,Federal Contract Tower,0,20,51,0,71,0,4,208,0,212,0,24,259,0,283,134,0,134,417
06/11/2020,SUA,FL,ASO,ES,Federal Contract Tower,0,26,45,0,71,0,10,221,0,231,0,36,266,0,302,200,0,200,502
06/12/2020,SUA,FL,ASO,ES,Federal Contract Tower,0,23,51,0,74,0,6,252,0,258,0,29,303,0,332,132,0,132,464
06/13/2020,SUA,FL,ASO,ES,Federal Contract Tower,0,10,42,0,52,0,21,141,0,162,0,31,183,0,214,92,0,92,306
06/14/2020,SUA,FL,ASO,ES,Federal Contract Tower,0,28,35,0,63,0,19,151,0,170,0,47,186,0,233,76,0,76,309
06/15/2020,SUA,FL,ASO,ES,Federal Contract Tower,0,24,29,0,53,0,0,154,6,160,0,24,183,6,213,160,2,162,375
06/16/2020,SUA,FL,ASO,ES,Federal Contract Tower,0,19,48,0,67,0,0,256,1,257,0,19,304,1,324,168,0,168,492
06/17/2020,SUA,FL,ASO,ES,Federal Contract Tower,0,43,52,0,95,0,4,219,0,223,0,47,271,0,318,116,0,116,434
06/18/2020,SUA,FL,ASO,ES,Federal Contract Tower,0,19,41,0,60,0,4,72,0,76,0,23,113,0,136,60,0,60,196
06/19/2020,SUA,FL,ASO,ES,Federal Contract Tower,0,15,43,0,58,0,1,125,0,126,0,16,168,0,184,38,0,38,222
06/20/2020,SUA,FL,ASO,ES,Federal Contract Tower,0,24,42,0,66,0,8,131,0,139,0,32,173,0,205,14,0,14,219
06/21/2020,SUA,FL,ASO,ES,Federal Contract Tower,0,18,39,0,57,0,20,81,0,101,0,38,120,0,158,6,0,6,164
06/22/2020,SUA,FL,ASO,ES,Federal Contract Tower,0,29,63,0,92,0,5,212,2,219,0,34,275,2,311,64,0,64,375
06/23/2020,SUA,FL,ASO,ES,Federal Contract Tower,0,17,39,0,56,0,0,181,0,181,0,17,220,0,237,106,0,106,343
06/24/2020,SUA,FL,ASO,ES,Federal Contract Tower,0,19,45,0,64,0,6,199,0,205,0,25,244,0,269,140,0,140,409
06/25/2020,SUA,FL,ASO,ES,Federal Contract Tower,0,11,73,0,84,0,6,271,0,277,0,17,344,0,361,130,0,130,491
06/26/2020,SUA,FL,ASO,ES,Federal Contract Tower,0,11,53,0,64,0,0,232,0,232,0,11,285,0,296,58,0,58,354
06/27/2020,SUA,FL,ASO,ES,Federal Contract Tower,0,20,50,0,70,0,14,144,2,160,0,34,194,2,230,52,0,52,282
06/28/2020,SUA,FL,ASO,ES,Federal Contract Tower,0,16,38,0,54,0,4,105,0,109,0,20,143,0,163,26,0,26,189
06/29/2020,SUA,FL,ASO,ES,Federal Contract Tower,0,17,25,0,42,0,2,202,0,204,0,19,227,0,246,142,0,142,388
06/30/2020,SUA,FL,ASO,ES,Federal Contract Tower,0,13,43,0,56,0,3,206,0,209,0,16,249,0,265,108,0,108,373
07/01/2020,SUA,FL,ASO,ES,Federal Contract Tower,0,21,50,0,71,0,4,191,14,209,0,25,241,14,280,50,2,52,332
07/02/2020,SUA,FL,ASO,ES,Federal Contract Tower,0,13,52,0,65,0,6,199,0,205,0,19,251,0,270,116,0,116,386
07/03/2020,SUA,FL,ASO,ES,Federal Contract Tower,0,15,50,0,65,0,1,207,0,208,0,16,257,0,273,50,0,50,323
07/04/2020,SUA,FL,ASO,ES,Federal Contract Tower,0,12,16,0,28,0,5,51,0,56,0,17,67,0,84,4,0,4,88
07/05/2020,SUA,FL,ASO,ES,Federal Contract Tower,0,16,35,0,51,0,0,74,0,74,0,16,109,0,125,14,0,14,139
07/06/2020,SUA,FL,ASO,ES,Federal Contract Tower,0,14,43,1,58,0,3,154,0,157,0,17,197,1,215,60,2,62,277
07/07/2020,SUA,FL,ASO,ES,Federal Contract Tower,0,16,24,0,40,0,3,144,0,147,0,19,168,0,187,118,0,118,305
07/08/2020,SUA,FL,ASO,ES,Federal Contract Tower,0,12,50,0,62,0,4,209,0,213,0,16,259,0,275,140,0,140,415
07/09/2020,SUA,FL,ASO,ES,Federal Contract Tower,0,19,41,0,60,0,10,190,0,200,0,29,231,0,260,86,0,86,346
07/10/2020,SUA,FL,ASO,ES,Federal Contract Tower,0,8,46,0,54,0,8,182,2,192,0,16,228,2,246,104,0,104,350
07/11/2020,SUA,FL,ASO,ES,Federal Contract Tower,0,18,31,0,49,0,4,76,0,80,0,22,107,0,129,26,0,26,155
07/12/2020,SUA,FL,ASO,ES,Federal Contract Tower,0,9,28,0,37,0,0,77,0,77,0,9,105,0,114,16,0,16,130
07/13/2020,SUA,FL,ASO,ES,Federal Contract Tower,0,8,34,0,42,0,4,197,0,201,0,12,231,0,243,74,0,74,317
07/14/2020,SUA,FL,ASO,ES,Federal Contract Tower,0,14,30,1,45,0,5,170,1,176,0,19,200,2,221,56,0,56,277
07/15/2020,SUA,FL,ASO,ES,Federal Contract Tower,0,16,51,2,69,0,9,197,0,206,0,25,248,2,275,116,0,116,391
07/16/2020,SUA,FL,ASO,ES,Federal Contract Tower,0,6,34,0,40,0,5,191,0,196,0,11,225,0,236,112,0,112,348
07/17/2020,SUA,FL,ASO,ES,Federal Contract Tower,0,12,55,0,67,0,0,139,0,139,0,12,194,0,206,66,0,66,272
07/18/2020,SUA,FL,ASO,ES,Federal Contract Tower,0,11,23,0,34,0,2,45,0,47,0,13,68,0,81,30,0,30,111
07/19/2020,SUA,FL,ASO,ES,Federal Contract Tower,0,13,32,0,45,0,9,96,0,105,0,22,128,0,150,40,0,40,190
07/20/2020,SUA,FL,ASO,ES,Federal Contract Tower,0,11,39,5,55,0,6,184,4,194,0,17,223,9,249,60,0,60,309
07/21/2020,SUA,FL,ASO,ES,Federal Contract Tower,0,7,30,0,37,0,2,112,0,114,0,9,142,0,151,134,0,134,285
07/22/2020,SUA,FL,ASO,ES,Federal Contract Tower,0,7,47,4,58,0,2,114,0,116,0,9,161,4,174,94,0,94,268
07/23/2020,SUA,FL,ASO,ES,Federal Contract Tower,0,11,44,1,56,0,8,125,0,133,0,19,169,1,189,94,0,94,283
07/24/2020,SUA,FL,ASO,ES,Federal Contract Tower,0,12,52,0,64,0,8,172,0,180,0,20,224,0,244,78,0,78,322
07/25/2020,SUA,FL,ASO,ES,Federal Contract Tower,0,6,36,0,42,0,1,125,0,126,0,7,161,0,168,18,0,18,186
07/26/2020,SUA,FL,ASO,ES,Federal Contract Tower,0,3,33,0,36,0,23,98,0,121,0,26,131,0,157,18,0,18,175
07/27/2020,SUA,FL,ASO,ES,Federal Contract Tower,0,6,44,1,51,0,8,179,0,187,0,14,223,1,238,88,0,88,326
07/28/2020,SUA,FL,ASO,ES,Federal Contract Tower,0,9,51,0,60,0,4,209,0,213,0,13,260,0,273,142,0,142,415
07/29/2020,SUA,FL,ASO,ES,Federal Contract Tower,0,8,69,0,77,0,7,186,0,193,0,15,255,0,270,194,0,194,464
07/30/2020,SUA,FL,ASO,ES,Federal Contract Tower,0,9,37,0,46,0,2,204,0,206,0,11,241,0,252,106,0,106,358
07/31/2020,SUA,FL,ASO,ES,Federal Contract Tower,0,14,76,0,90,0,15,218,0,233,0,29,294,0,323,134,0,134,457
08/01/2020,SUA,FL,ASO,ES,Federal Contract Tower,0,7,15,0,22,0,1,13,0,14,0,8,28,0,36,4,0,4,40
08/02/2020,SUA,FL,ASO,ES,Federal Contract Tower,0,0,11,0,11,0,0,0,0,0,0,0,11,0,11,0,0,0,11
08/03/2020,SUA,FL,ASO,ES,Federal Contract Tower,0,13,40,0,53,0,6,124,2,132,0,19,164,2,185,34,0,34,219
08/04/2020,SUA,FL,ASO,ES,Federal Contract Tower,0,6,31,0,37,0,0,174,0,174,0,6,205,0,211,82,0,82,293
08/05/2020,SUA,FL,ASO,ES,Federal Contract Tower,0,14,42,2,58,0,3,185,1,189,0,17,227,3,247,114,0,114,361
08/06/2020,SUA,FL,ASO,ES,Federal Contract Tower,0,17,28,4,49,0,7,201,0,208,0,24,229,4,257,230,0,230,487
08/07/2020,SUA,FL,ASO,ES,Federal Contract Tower,0,12,36,0,48,0,18,246,1,265,0,30,282,1,313,124,0,124,437
08/08/2020,SUA,FL,ASO,ES,Federal Contract Tower,0,10,30,0,40,0,14,147,0,161,0,24,177,0,201,20,0,20,221
08/09/2020,SUA,FL,ASO,ES,Federal Contract Tower,0,10,34,0,44,0,10,93,0,103,0,20,127,0,147,4,0,4,151
08/10/2020,SUA,FL,ASO,ES,Federal Contract Tower,0,11,42,4,57,0,0,161,0,161,0,11,203,4,218,84,0,84,302
08/11/2020,SUA,FL,ASO,ES,Federal Contract Tower,0,11,48,0,59,0,8,228,0,236,0,19,276,0,295,134,0,134,429
08/12/2020,SUA,FL,ASO,ES,Federal Contract Tower,0,13,47,0,60,0,12,222,0,234,0,25,269,0,294,134,0,134,428
08/13/2020,SUA,FL,ASO,ES,Federal Contract Tower,0,6,58,0,64,0,7,190,0,197,0,13,248,0,261,90,0,90,351
08/14/2020,SUA,FL,ASO,ES,Federal Contract Tower,0,9,42,0,51,0,16,186,0,202,0,25,228,0,253,106,0,106,359
08/15/2020,SUA,FL,ASO,ES,Federal Contract Tower,0,6,18,0,24,0,10,136,0,146,0,16,154,0,170,58,0,58,228
08/17/2020,SUA,FL,ASO,ES,Federal Contract Tower,0,20,42,0,62,0,2,164,0,166,0,22,206,0,228,60,0,60,288
08/18/2020,SUA,FL,ASO,ES,Federal Contract Tower,0,11,31,0,42,0,2,270,0,272,0,13,301,0,314,142,0,142,456
08/19/2020,SUA,FL,ASO,ES,Federal Contract Tower,0,15,50,0,65,0,6,133,0,139,0,21,183,0,204,34,0,34,238
08/20/2020,SUA,FL,ASO,ES,Federal Contract Tower,0,8,27,0,35,0,4,116,0,120,0,12,143,0,155,76,0,76,231
08/21/2020,SUA,FL,ASO,ES,Federal Contract Tower,0,9,50,6,65,0,15,160,0,175,0,24,210,6,240,128,6,134,374
08/22/2020,SUA,FL,ASO,ES,Federal Contract Tower,0,5,26,0,31,0,10,134,0,144,0,15,160,0,175,46,0,46,221
08/23/2020,SUA,FL,ASO,ES,Federal Contract Tower,0,6,27,0,33,0,19,105,0,124,0,25,132,0,157,4,0,4,161
08/24/2020,SUA,FL,ASO,ES,Federal Contract Tower,0,36,0,0,36,0,2,91,0,93,0,38,91,0,129,74,0,74,203
08/25/2020,SUA,FL,ASO,ES,Federal Contract Tower,0,8,40,2,50,0,4,165,0,169,0,12,205,2,219,78,0,78,297
08/26/2020,SUA,FL,ASO,ES,Federal Contract Tower,0,9,43,2,54,0,0,151,2,153,0,9,194,4,207,174,0,174,381
08/27/2020,SUA,FL,ASO,ES,Federal Contract Tower,0,2,51,0,53,0,12,193,3,208,0,14,244,3,261,112,0,112,373
08/28/2020,SUA,FL,ASO,ES,Federal Contract Tower,0,3,58,0,61,0,18,187,16,221,0,21,245,16,282,108,0,108,390
08/29/2020,SUA,FL,ASO,ES,Federal Contract Tower,0,6,18,0,24,0,14,102,0,116,0,20,120,0,140,60,0,60,200
08/30/2020,SUA,FL,ASO,ES,Federal Contract Tower,0,5,38,0,43,0,14,82,0,96,0,19,120,0,139,0,0,0,139
08/31/2020,SUA,FL,ASO,ES,Federal Contract Tower,0,7,41,0,48,0,1,124,0,125,0,8,165,0,173,64,0,64,237
09/01/2020,SUA,FL,ASO,ES,Federal Contract Tower,0,8,27,0,35,0,2,198,0,200,0,10,225,0,235,138,0,138,373
09/02/2020,SUA,FL,ASO,ES,Federal Contract Tower,0,7,46,0,53,0,7,217,0,224,0,14,263,0,277,110,0,110,387
09/03/2020,SUA,FL,ASO,ES,Federal Contract Tower,0,7,71,0,78,0,5,238,2,245,0,12,309,2,323,154,0,154,477
09/04/2020,SUA,FL,ASO,ES,Federal Contract Tower,0,7,43,0,50,0,22,183,0,205,0,29,226,0,255,88,0,88,343
09/05/2020,SUA,FL,ASO,ES,Federal Contract Tower,0,5,20,0,25,0,13,107,0,120,0,18,127,0,145,46,0,46,191
09/06/2020,SUA,FL,ASO,ES,Federal Contract Tower,0,0,19,0,19,0,10,50,4,64,0,10,69,4,83,18,0,18,101
09/07/2020,SUA,FL,ASO,ES,Federal Contract Tower,0,8,39,0,47,0,7,82,0,89,0,15,121,0,136,28,0,28,164
09/08/2020,SUA,FL,ASO,ES,Federal Contract Tower,0,8,48,0,56,0,4,105,0,109,0,12,153,0,165,40,0,40,205
09/09/2020,SUA,FL,ASO,ES,Federal Contract Tower,0,11,54,0,65,0,3,123,0,126,0,14,177,0,191,128,0,128,319
09/10/2020,SUA,FL,ASO,ES,Federal Contract Tower,0,10,40,0,50,0,8,152,0,160,0,18,192,0,210,118,0,118,328
09/11/2020,SUA,FL,ASO,ES,Federal Contract Tower,0,4,43,1,48,0,6,122,8,136,0,10,165,9,184,70,0,70,254
09/12/2020,SUA,FL,ASO,ES,Federal Contract Tower,0,2,22,0,24,0,0,5,0,5,0,2,27,0,29,0,0,0,29
09/13/2020,SUA,FL,ASO,ES,Federal Contract Tower,0,8,37,0,45,0,7,57,0,64,0,15,94,0,109,14,0,14,123
09/14/2020,SUA,FL,ASO,ES,Federal Contract Tower,0,9,24,0,33,0,36,198,0,234,0,45,222,0,267,120,0,120,387
09/15/2020,SUA,FL,ASO,ES,Federal Contract Tower,0,9,63,0,72,0,4,209,0,213,0,13,272,0,285,126,0,126,411
09/16/2020,SUA,FL,ASO,ES,Federal Contract Tower,0,9,57,0,66,0,16,162,0,178,0,25,219,0,244,106,0,106,350
09/17/2020,SUA,FL,ASO,ES,Federal Contract Tower,0,13,45,0,58,0,10,206,0,216,0,23,251,0,274,124,0,124,398
09/18/2020,SUA,FL,ASO,ES,Federal Contract Tower,0,8,56,0,64,0,9,163,2,174,0,17,219,2,238,106,0,106,344
09/19/2020,SUA,FL,ASO,ES,Federal Contract Tower,0,10,36,0,46,0,5,124,0,129,0,15,160,0,175,44,0,44,219
09/20/2020,SUA,FL,ASO,ES,Federal Contract Tower,0,8,41,0,49,0,3,69,0,72,0,11,110,0,121,2,0,2,123
09/21/2020,SUA,FL,ASO,ES,Federal Contract Tower,0,11,24,0,35,0,2,28,0,30,0,13,52,0,65,18,0,18,83
09/22/2020,SUA,FL,ASO,ES,Federal Contract Tower,0,9,46,0,55,0,4,141,0,145,0,13,187,0,200,38,0,38,238
09/23/2020,SUA,FL,ASO,ES,Federal Contract Tower,0,18,51,2,71,0,0,187,0,187,0,18,238,2,258,146,0,146,404
09/24/2020,SUA,FL,ASO,ES,Federal Contract Tower,0,19,47,0,66,0,10,182,0,192,0,29,229,0,258,82,0,82,340
09/25/2020,SUA,FL,ASO,ES,Federal Contract Tower,0,6,53,0,59,0,19,170,0,189,0,25,223,0,248,104,0,104,352
09/26/2020,SUA,FL,ASO,ES,Federal Contract Tower,0,4,32,1,37,0,21,102,0,123,0,25,134,1,160,24,0,24,184
09/27/2020,SUA,FL,ASO,ES,Federal Contract Tower,0,2,51,0,53,0,24,124,0,148,0,26,175,0,201,16,0,16,217
09/28/2020,SUA,FL,ASO,ES,Federal Contract Tower,0,8,44,0,52,0,1,92,0,93,0,9,136,0,145,76,0,76,221
09/29/2020,SUA,FL,ASO,ES,Federal Contract Tower,0,4,46,2,52,0,2,207,0,209,0,6,253,2,261,120,0,120,381
09/30/2020,SUA,FL,ASO,ES,Federal Contract Tower,0,8,63,0,71,0,2,57,0,59,0,10,120,0,130,42,0,42,172
10/01/2020,SUA,FL,ASO,ES,Federal Contract Tower,0,11,51,0,62,0,2,66,0,68,0,13,117,0,130,86,0,86,216
10/02/2020,SUA,FL,ASO,ES,Federal Contract Tower,0,12,54,0,66,0,0,91,0,91,0,12,145,0,157,52,0,52,209
10/03/2020,SUA,FL,ASO,ES,Federal Contract Tower,0,10,31,0,41,0,2,43,0,45,0,12,74,0,86,40,0,40,126
10/04/2020,SUA,FL,ASO,ES,Federal Contract Tower,0,11,47,0,58,0,0,28,0,28,0,11,75,0,86,8,0,8,94
10/05/2020,SUA,FL,ASO,ES,Federal Contract Tower,0,26,44,0,70,0,2,187,0,189,0,28,231,0,259,160,0,160,419
10/06/2020,SUA,FL,ASO,ES,Federal Contract Tower,0,12,59,0,71,0,1,183,0,184,0,13,242,0,255,136,0,136,391
10/07/2020,SUA,FL,ASO,ES,Federal Contract Tower,0,19,87,0,106,0,7,208,0,215,0,26,295,0,321,138,0,138,459
10/08/2020,SUA,FL,ASO,ES,Federal Contract Tower,0,14,78,0,92,0,6,237,0,243,0,20,315,0,335,130,0,130,465
10/09/2020,SUA,FL,ASO,ES,Federal Contract Tower,0,12,65,0,77,0,13,230,0,243,0,25,295,0,320,116,0,116,436
10/10/2020,SUA,FL,ASO,ES,Federal Contract Tower,0,7,39,0,46,0,14,80,0,94,0,21,119,0,140,44,0,44,184
10/11/2020,SUA,FL,ASO,ES,Federal Contract Tower,0,9,30,0,39,0,0,106,0,106,0,9,136,0,145,8,0,8,153
10/12/2020,SUA,FL,ASO,ES,Federal Contract Tower,0,16,51,0,67,0,2,138,0,140,0,18,189,0,207,88,0,88,295
10/13/2020,SUA,FL,ASO,ES,Federal Contract Tower,0,21,55,1,77,0,0,240,0,240,0,21,295,1,317,126,0,126,443
10/14/2020,SUA,FL,ASO,ES,Federal Contract Tower,0,17,58,0,75,0,9,194,1,204,0,26,252,1,279,90,0,90,369
10/15/2020,SUA,FL,ASO,ES,Federal Contract Tower,0,29,58,1,88,0,15,206,6,227,0,44,264,7,315,156,0,156,471
10/17/2020,SUA,FL,ASO,ES,Federal Contract Tower,0,12,45,0,57,0,2,122,2,126,0,14,167,2,183,36,0,36,219
10/19/2020,SUA,FL,ASO,ES,Federal Contract Tower,0,21,46,0,67,0,3,13,0,16,0,24,59,0,83,4,0,4,87
10/20/2020,SUA,FL,ASO,ES,Federal Contract Tower,0,16,52,0,68,0,2,126,0,128,0,18,178,0,196,62,0,62,258
10/21/2020,SUA,FL,ASO,ES,Federal Contract Tower,0,24,38,0,62,0,0,31,0,31,0,24,69,0,93,12,0,12,105
10/22/2020,SUA,FL,ASO,ES,Federal Contract Tower,0,31,71,0,102,0,4,138,0,142,0,35,209,0,244,100,0,100,344
10/23/2020,SUA,FL,ASO,ES,Federal Contract Tower,0,18,64,0,82,0,4,144,0,148,0,22,208,0,230,64,0,64,294
10/24/2020,SUA,FL,ASO,ES,Federal Contract Tower,0,17,41,0,58,0,23,135,0,158,0,40,176,0,216,48,0,48,264
10/25/2020,SUA,FL,ASO,ES,Federal Contract Tower,0,17,46,0,63,0,4,33,0,37,0,21,79,0,100,20,0,20,120
10/26/2020,SUA,FL,ASO,ES,Federal Contract Tower,0,31,61,0,92,0,3,154,0,157,0,34,215,0,249,92,0,92,341
10/27/2020,SUA,FL,ASO,ES,Federal Contract Tower,0,26,66,0,92,0,7,208,0,215,0,33,274,0,307,178,0,178,485
10/28/2020,SUA,FL,ASO,ES,Federal Contract Tower,0,28,70,0,98,0,17,184,0,201,0,45,254,0,299,106,0,106,405
10/29/2020,SUA,FL,ASO,ES,Federal Contract Tower,0,21,56,0,77,0,8,194,0,202,0,29,250,0,279,132,0,132,411
10/30/2020,SUA,FL,ASO,ES,Federal Contract Tower,0,17,98,0,115,0,7,159,0,166,0,24,257,0,281,48,0,48,329
10/31/2020,SUA,FL,ASO,ES,Federal Contract Tower,0,32,37,0,69,0,6,92,0,98,0,38,129,0,167,36,0,36,203
11/01/2020,SUA,FL,ASO,ES,Federal Contract Tower,0,39,46,0,85,0,3,74,0,77,0,42,120,0,162,18,0,18,180
11/02/2020,SUA,FL,ASO,ES,Federal Contract Tower,0,25,38,0,63,0,4,29,0,33,0,29,67,0,96,4,14,18,114
11/03/2020,SUA,FL,ASO,ES,Federal Contract Tower,0,11,41,0,52,0,2,110,2,114,0,13,151,2,166,16,4,20,186
11/04/2020,SUA,FL,ASO,ES,Federal Contract Tower,0,9,43,7,59,0,2,108,0,110,0,11,151,7,169,8,16,24,193
11/05/2020,SUA,FL,ASO,ES,Federal Contract Tower,0,40,57,0,97,0,175,2,0,177,0,215,59,0,274,44,12,56,330
11/06/2020,SUA,FL,ASO,ES,Federal Contract Tower,0,14,32,0,46,0,0,144,0,144,0,14,176,0,190,30,0,30,220
11/07/2020,SUA,FL,ASO,ES,Federal Contract Tower,0,7,21,1,29,0,0,26,0,26,0,7,47,1,55,10,0,10,65
11/08/2020,SUA,FL,ASO,ES,Federal Contract Tower,0,6,20,0,26,0,0,10,0,10,0,6,30,0,36,0,0,0,36
11/09/2020,SUA,FL,ASO,ES,Federal Contract Tower,0,11,12,0,23,0,0,5,0,5,0,11,17,0,28,4,4,8,36
11/10/2020,SUA,FL,ASO,ES,Federal Contract Tower,0,16,45,2,63,0,8,67,0,75,0,24,112,2,138,48,0,48,186
11/11/2020,SUA,FL,ASO,ES,Federal Contract Tower,0,12,27,0,39,0,4,71,0,75,0,16,98,0,114,34,0,34,148
11/12/2020,SUA,FL,ASO,ES,Federal Contract Tower,0,19,54,0,73,0,9,126,0,135,0,28,180,0,208,118,0,118,326
11/13/2020,SUA,FL,ASO,ES,Federal Contract Tower,0,24,70,0,94,0,17,198,0,215,0,41,268,0,309,138,0,138,447
11/14/2020,SUA,FL,ASO,ES,Federal Contract Tower,0,15,62,0,77,0,14,109,0,123,0,29,171,0,200,72,0,72,272
11/15/2020,SUA,FL,ASO,ES,Federal Contract Tower,0,24,56,0,80,0,3,96,0,99,0,27,152,0,179,12,0,12,191
11/16/2020,SUA,FL,ASO,ES,Federal Contract Tower,0,17,78,3,98,0,12,271,1,284,0,29,349,4,382,48,0,48,430
11/17/2020,SUA,FL,ASO,ES,Federal Contract Tower,0,16,62,0,78,0,0,164,0,164,0,16,226,0,242,44,0,44,286
11/19/2020,SUA,FL,ASO,ES,Federal Contract Tower,0,42,73,0,115,0,2,99,0,101,0,44,172,0,216,26,0,26,242
11/20/2020,SUA,FL,ASO,ES,Federal Contract Tower,0,30,78,0,108,0,10,147,0,157,0,40,225,0,265,70,0,70,335
11/21/2020,SUA,FL,ASO,ES,Federal Contract Tower,0,36,62,0,98,0,3,92,0,95,0,39,154,0,193,46,0,46,239
11/22/2020,SUA,FL,ASO,ES,Federal Contract Tower,0,30,56,0,86,0,2,135,0,137,0,32,191,0,223,4,0,4,227
11/23/2020,SUA,FL,ASO,ES,Federal Contract Tower,0,30,65,0,95,0,5,105,0,110,0,35,170,0,205,90,0,90,295
11/24/2020,SUA,FL,ASO,ES,Federal Contract Tower,0,33,80,0,113,0,4,217,0,221,0,37,297,0,334,142,0,142,476
11/25/2020,SUA,FL,ASO,ES,Federal Contract Tower,0,16,50,0,66,0,4,193,0,197,0,20,243,0,263,74,0,74,337
11/26/2020,SUA,FL,ASO,ES,Federal Contract Tower,0,14,11,0,25,0,4,115,0,119,0,18,126,0,144,16,0,16,160
11/27/2020,SUA,FL,ASO,ES,Federal Contract Tower,0,27,50,0,77,0,8,142,0,150,0,35,192,0,227,70,0,70,297
11/28/2020,SUA,FL,ASO,ES,Federal Contract Tower,0,40,42,0,82,0,6,139,0,145,0,46,181,0,227,60,0,60,287
11/29/2020,SUA,FL,ASO,ES,Federal Contract Tower,0,31,97,0,128,0,0,123,0,123,0,31,220,0,251,6,0,6,257
11/30/2020,SUA,FL,ASO,ES,Federal Contract Tower,0,26,51,0,77,0,5,137,0,142,0,31,188,0,219,62,0,62,281
12/01/2020,SUA,FL,ASO,ES,Federal Contract Tower,0,19,51,0,70,0,5,226,3,234,0,24,277,3,304,162,0,162,466
12/02/2020,SUA,FL,ASO,ES,Federal Contract Tower,0,22,72,0,94,0,11,241,0,252,0,33,313,0,346,142,0,142,488
12/03/2020,SUA,FL,ASO,ES,Federal Contract Tower,0,23,78,0,101,0,6,263,0,269,0,29,341,0,370,120,0,120,490
12/04/2020,SUA,FL,ASO,ES,Federal Contract Tower,0,22,60,4,86,0,4,216,4,224,0,26,276,8,310,158,0,158,468
12/05/2020,SUA,FL,ASO,ES,Federal Contract Tower,0,24,56,0,80,0,16,163,0,179,0,40,219,0,259,70,0,70,329
12/06/2020,SUA,FL,ASO,ES,Federal Contract Tower,0,41,59,0,100,0,6,126,0,132,0,47,185,0,232,40,0,40,272
12/07/2020,SUA,FL,ASO,ES,Federal Contract Tower,0,22,43,0,65,0,2,137,0,139,0,24,180,0,204,104,0,104,308
12/08/2020,SUA,FL,ASO,ES,Federal Contract Tower,0,9,58,0,67,0,8,222,0,230,0,17,280,0,297,82,0,82,379
12/09/2020,SUA,FL,ASO,ES,Federal Contract Tower,0,27,72,0,99,0,0,205,0,205,0,27,277,0,304,56,0,56,360
12/10/2020,SUA,FL,ASO,ES,Federal Contract Tower,0,25,66,0,91,0,7,226,0,233,0,32,292,0,324,112,0,112,436
12/11/2020,SUA,FL,ASO,ES,Federal Contract Tower,0,39,76,0,115,0,4,247,0,251,0,43,323,0,366,106,0,106,472
12/12/2020,SUA,FL,ASO,ES,Federal Contract Tower,0,24,50,0,74,0,8,56,0,64,0,32,106,0,138,8,0,8,146
12/13/2020,SUA,FL,ASO,ES,Federal Contract Tower,0,25,53,0,78,0,11,140,0,151,0,36,193,0,229,6,0,6,235
12/14/2020,SUA,FL,ASO,ES,Federal Contract Tower,0,22,50,0,72,0,0,185,1,186,0,22,235,1,258,68,4,72,330
12/16/2020,SUA,FL,ASO,ES,Federal Contract Tower,0,41,49,0,90,0,6,271,0,277,0,47,320,0,367,148,0,148,515
12/17/2020,SUA,FL,ASO,ES,Federal Contract Tower,0,19,67,0,86,0,16,77,0,93,0,35,144,0,179,30,0,30,209
12/18/2020,SUA,FL,ASO,ES,Federal Contract Tower,0,35,85,1,121,0,3,240,2,245,0,38,325,3,366,78,0,78,444
12/19/2020,SUA,FL,ASO,ES,Federal Contract Tower,0,22,65,0,87,0,1,144,0,145,0,23,209,0,232,46,0,46,278
12/20/2020,SUA,FL,ASO,ES,Federal Contract Tower,0,26,53,0,79,0,4,125,0,129,0,30,178,0,208,10,0,10,218
12/21/2020,SUA,FL,ASO,ES,Federal Contract Tower,0,24,65,0,89,0,2,206,0,208,0,26,271,0,297,122,0,122,419
12/22/2020,SUA,FL,ASO,ES,Federal Contract Tower,0,38,64,0,102,0,3,206,0,209,0,41,270,0,311,136,0,136,447
12/23/2020,SUA,FL,ASO,ES,Federal Contract Tower,0,43,93,0,136,0,0,144,0,144,0,43,237,0,280,102,0,102,382
12/24/2020,SUA,FL,ASO,ES,Federal Contract Tower,0,26,39,0,65,0,3,89,1,93,0,29,128,1,158,0,0,0,158
12/25/2020,SUA,FL,ASO,ES,Federal Contract Tower,0,36,39,0,75,0,2,24,0,26,0,38,63,0,101,0,0,0,101
12/26/2020,SUA,FL,ASO,ES,Federal Contract Tower,0,121,174,0,295,0,2,73,0,75,0,123,247,0,370,0,0,0,370
12/27/2020,SUA,FL,ASO,ES,Federal Contract Tower,0,91,184,0,275,0,8,62,0,70,0,99,246,0,345,2,0,2,347
12/28/2020,SUA,FL,ASO,ES,Federal Contract Tower,0,104,128,0,232,0,6,122,0,128,0,110,250,0,360,0,0,0,360
12/29/2020,SUA,FL,ASO,ES,Federal Contract Tower,0,55,103,0,158,0,8,155,0,163,0,63,258,0,321,0,0,0,321
12/30/2020,SUA,FL,ASO,ES,Federal Contract Tower,0,58,91,0,149,0,4,146,0,150,0,62,237,0,299,0,0,0,299
12/31/2020,SUA,FL,ASO,ES,Federal Contract Tower,0,32,72,0,104,0,12,77,0,89,0,44,149,0,193,8,0,8,201
01/01/2021,SUA,FL,ASO,ES,Federal Contract Tower,0,49,49,0,98,0,2,69,0,71,0,51,118,0,169,2,0,2,171
01/02/2021,SUA,FL,ASO,ES,Federal Contract Tower,0,61,88,0,149,0,16,73,0,89,0,77,161,0,238,0,0,0,238
01/03/2021,SUA,FL,ASO,ES,Federal Contract Tower,0,55,93,0,148,0,5,71,0,76,0,60,164,0,224,4,0,4,228
01/04/2021,SUA,FL,ASO,ES,Federal Contract Tower,0,40,80,0,120,0,0,213,0,213,0,40,293,0,333,40,2,42,375
01/05/2021,SUA,FL,ASO,ES,Federal Contract Tower,0,36,77,0,113,0,2,214,0,216,0,38,291,0,329,90,0,90,419
01/06/2021,SUA,FL,ASO,ES,Federal Contract Tower,0,24,67,0,91,0,0,233,0,233,0,24,300,0,324,108,0,108,432
01/07/2021,SUA,FL,ASO,ES,Federal Contract Tower,0,29,68,0,97,0,2,241,0,243,0,31,309,0,340,118,0,118,458
01/08/2021,SUA,FL,ASO,ES,Federal Contract Tower,0,24,64,0,88,0,6,200,0,206,0,30,264,0,294,26,0,26,320
01/09/2021,SUA,FL,ASO,ES,Federal Contract Tower,0,20,67,0,87,0,2,114,0,116,0,22,181,0,203,42,0,42,245
01/10/2021,SUA,FL,ASO,ES,Federal Contract Tower,0,26,70,1,97,0,11,118,1,130,0,37,188,2,227,6,0,6,233
01/11/2021,SUA,FL,ASO,ES,Federal Contract Tower,0,19,57,0,76,0,7,182,2,191,0,26,239,2,267,46,0,46,313
01/12/2021,SUA,FL,ASO,ES,Federal Contract Tower,0,20,55,0,75,0,14,141,0,155,0,34,196,0,230,60,0,60,290
01/13/2021,SUA,FL,ASO,ES,Federal Contract Tower,0,29,66,0,95,0,24,110,2,136,0,53,176,2,231,48,0,48,279
01/14/2021,SUA,FL,ASO,ES,Federal Contract Tower,0,25,76,0,101,0,11,147,5,163,0,36,223,5,264,104,0,104,368
01/15/2021,SUA,FL,ASO,ES,Federal Contract Tower,0,35,77,0,112,0,22,203,0,225,0,57,280,0,337,62,0,62,399
01/16/2021,SUA,FL,ASO,ES,Federal Contract Tower,0,8,49,0,57,0,21,124,0,145,0,29,173,0,202,32,0,32,234
01/17/2021,SUA,FL,ASO,ES,Federal Contract Tower,0,23,76,0,99,0,12,94,0,106,0,35,170,0,205,2,0,2,207
01/18/2021,SUA,FL,ASO,ES,Federal Contract Tower,0,24,58,0,82,0,0,139,0,139,0,24,197,0,221,58,0,58,279
01/19/2021,SUA,FL,ASO,ES,Federal Contract Tower,0,26,74,0,100,0,3,207,0,210,0,29,281,0,310,34,0,34,344
01/20/2021,SUA,FL,ASO,ES,Federal Contract Tower,0,20,69,0,89,0,2,211,0,213,0,22,280,0,302,102,0,102,404
01/21/2021,SUA,FL,ASO,ES,Federal Contract Tower,0,26,100,0,126,0,9,198,0,207,0,35,298,0,333,60,0,60,393
01/22/2021,SUA,FL,ASO,ES,Federal Contract Tower,0,31,97,2,130,0,6,224,0,230,0,37,321,2,360,94,2,96,456
01/23/2021,SUA,FL,ASO,ES,Federal Contract Tower,0,12,49,0,61,0,8,87,0,95,0,20,136,0,156,12,0,12,168
01/24/2021,SUA,FL,ASO,ES,Federal Contract Tower,0,23,90,0,113,0,6,95,0,101,0,29,185,0,214,8,0,8,222
01/25/2021,SUA,FL,ASO,ES,Federal Contract Tower,0,12,66,6,84,0,3,191,0,194,0,15,257,6,278,38,0,38,316
01/26/2021,SUA,FL,ASO,ES,Federal Contract Tower,0,26,52,0,78,0,7,208,0,215,0,33,260,0,293,114,0,114,407
01/27/2021,SUA,FL,ASO,ES,Federal Contract Tower,0,23,81,0,104,0,6,193,0,199,0,29,274,0,303,108,0,108,411
01/28/2021,SUA,FL,ASO,ES,Federal Contract Tower,0,26,63,4,93,0,3,96,3,102,0,29,159,7,195,24,0,24,219
01/29/2021,SUA,FL,ASO,ES,Federal Contract Tower,0,18,65,0,83,0,5,203,0,208,0,23,268,0,291,46,0,46,337
01/30/2021,SUA,FL,ASO,ES,Federal Contract Tower,0,22,52,0,74,0,111,144,0,255,0,133,196,0,329,30,0,30,359
01/31/2021,SUA,FL,ASO,ES,Federal Contract Tower,0,24,58,0,82,0,41,81,1,123,0,65,139,1,205,20,0,20,225
02/01/2021,SUA,FL,ASO,ES,Federal Contract Tower,0,21,37,0,58,0,16,66,0,82,0,37,103,0,140,16,0,16,156
02/02/2021,SUA,FL,ASO,ES,Federal Contract Tower,0,17,31,0,48,0,6,81,0,87,0,23,112,0,135,22,0,22,157
02/03/2021,SUA,FL,ASO,ES,Federal Contract Tower,0,41,48,0,89,0,13,216,0,229,0,54,264,0,318,72,0,72,390
02/04/2021,SUA,FL,ASO,ES,Federal Contract Tower,0,29,81,0,110,0,6,280,0,286,0,35,361,0,396,66,0,66,462
02/05/2021,SUA,FL,ASO,ES,Federal Contract Tower,0,31,89,0,120,0,5,243,0,248,0,36,332,0,368,90,2,92,460
02/06/2021,SUA,FL,ASO,ES,Federal Contract Tower,0,28,43,0,71,0,8,61,0,69,0,36,104,0,140,12,0,12,152
02/07/2021,SUA,FL,ASO,ES,Federal Contract Tower,0,26,49,0,75,0,6,38,0,44,0,32,87,0,119,2,0,2,121
02/08/2021,SUA,FL,ASO,ES,Federal Contract Tower,0,19,81,0,100,0,0,80,0,80,0,19,161,0,180,16,0,16,196
02/09/2021,SUA,FL,ASO,ES,Federal Contract Tower,0,34,75,0,109,0,3,243,0,246,0,37,318,0,355,100,0,100,455
02/10/2021,SUA,FL,ASO,ES,Federal Contract Tower,0,38,101,0,139,0,1,179,0,180,0,39,280,0,319,80,0,80,399
02/11/2021,SUA,FL,ASO,ES,Federal Contract Tower,0,33,94,0,127,0,5,224,0,229,0,38,318,0,356,64,0,64,420
02/12/2021,SUA,FL,ASO,ES,Federal Contract Tower,0,41,106,0,147,0,0,169,0,169,0,41,275,0,316,16,0,16,332
02/13/2021,SUA,FL,ASO,ES,Federal Contract Tower,0,41,45,0,86,0,7,62,0,69,0,48,107,0,155,14,0,14,169
02/14/2021,SUA,FL,ASO,ES,Federal Contract Tower,0,44,77,0,121,0,2,51,0,53,0,46,128,0,174,6,0,6,180
02/15/2021,SUA,FL,ASO,ES,Federal Contract Tower,0,18,76,0,94,0,1,149,0,150,0,19,225,0,244,78,0,78,322
02/16/2021,SUA,FL,ASO,ES,Federal Contract Tower,0,27,63,0,90,0,0,61,0,61,0,27,124,0,151,34,0,34,185
02/17/2021,SUA,FL,ASO,ES,Federal Contract Tower,0,29,75,0,104,0,6,95,0,101,0,35,170,0,205,72,0,72,277
02/18/2021,SUA,FL,ASO,ES,Federal Contract Tower,0,27,74,0,101,0,10,258,0,268,0,37,332,0,369,40,0,40,409
02/19/2021,SUA,FL,ASO,ES,Federal Contract Tower,0,41,65,0,106,0,13,136,0,149,0,54,201,0,255,60,0,60,315
02/20/2021,SUA,FL,ASO,ES,Federal Contract Tower,0,38,53,0,91,0,22,104,0,126,0,60,157,0,217,44,0,44,261
02/21/2021,SUA,FL,ASO,ES,Federal Contract Tower,0,44,68,0,112,0,21,70,0,91,0,65,138,0,203,10,0,10,213
02/22/2021,SUA,FL,ASO,ES,Federal Contract Tower,0,17,51,0,68,0,4,141,0,145,0,21,192,0,213,36,0,36,249
02/23/2021,SUA,FL,ASO,ES,Federal Contract Tower,0,27,72,0,99,0,4,176,0,180,0,31,248,0,279,46,0,46,325
02/24/2021,SUA,FL,ASO,ES,Federal Contract Tower,0,30,73,0,103,0,4,229,0,233,0,34,302,0,336,130,0,130,466
02/25/2021,SUA,FL,ASO,ES,Federal Contract Tower,0,43,83,0,126,0,5,231,0,236,0,48,314,0,362,70,0,70,432
02/26/2021,SUA,FL,ASO,ES,Federal Contract Tower,0,43,82,0,125,0,2,288,0,290,0,45,370,0,415,102,0,102,517
02/27/2021,SUA,FL,ASO,ES,Federal Contract Tower,0,31,48,0,79,0,35,139,0,174,0,66,187,0,253,16,0,16,269
02/28/2021,SUA,FL,ASO,ES,Federal Contract Tower,0,42,68,0,110,0,18,103,0,121,0,60,171,0,231,0,0,0,231
03/01/2021,SUA,FL,ASO,ES,Federal Contract Tower,0,21,70,0,91,0,3,168,0,171,0,24,238,0,262,92,0,92,354
03/02/2021,SUA,FL,ASO,ES,Federal Contract Tower,0,24,92,0,116,0,1,170,0,171,0,25,262,0,287,120,0,120,407
03/03/2021,SUA,FL,ASO,ES,Federal Contract Tower,0,31,78,0,109,0,1,99,0,100,0,32,177,0,209,54,0,54,263
03/04/2021,SUA,FL,ASO,ES,Federal Contract Tower,0,44,70,0,114,0,18,187,0,205,0,62,257,0,319,80,0,80,399
03/05/2021,SUA,FL,ASO,ES,Federal Contract Tower,0,21,89,0,110,0,20,224,0,244,0,41,313,0,354,78,0,78,432
03/06/2021,SUA,FL,ASO,ES,Federal Contract Tower,0,32,42,0,74,0,6,75,0,81,0,38,117,0,155,12,0,12,167
03/07/2021,SUA,FL,ASO,ES,Federal Contract Tower,0,43,61,0,104,0,4,51,0,55,0,47,112,0,159,4,0,4,163
03/08/2021,SUA,FL,ASO,ES,Federal Contract Tower,0,43,59,0,102,0,5,66,0,71,0,48,125,0,173,6,0,6,179
03/09/2021,SUA,FL,ASO,ES,Federal Contract Tower,0,29,69,0,98,0,0,132,0,132,0,29,201,0,230,68,0,68,298
03/10/2021,SUA,FL,ASO,ES,Federal Contract Tower,0,34,74,0,108,0,2,140,0,142,0,36,214,0,250,32,0,32,282
03/11/2021,SUA,FL,ASO,ES,Federal Contract Tower,0,33,92,0,125,0,14,238,0,252,0,47,330,0,377,64,0,64,441
03/12/2021,SUA,FL,ASO,ES,Federal Contract Tower,0,38,76,0,114,0,22,248,0,270,0,60,324,0,384,82,0,82,466
03/13/2021,SUA,FL,ASO,ES,Federal Contract Tower,0,39,89,0,128,0,13,201,0,214,0,52,290,0,342,64,0,64,406
03/14/2021,SUA,FL,ASO,ES,Federal Contract Tower,0,38,85,0,123,0,18,159,0,177,0,56,244,0,300,16,0,16,316
03/15/2021,SUA,FL,ASO,ES,Federal Contract Tower,0,34,70,0,104,0,1,195,2,198,0,35,265,2,302,114,0,114,416
03/16/2021,SUA,FL,ASO,ES,Federal Contract Tower,0,28,61,0,89,0,4,199,0,203,0,32,260,0,292,86,0,86,378
03/17/2021,SUA,FL,ASO,ES,Federal Contract Tower,0,32,77,0,109,0,4,211,0,215,0,36,288,0,324,58,0,58,382
03/18/2021,SUA,FL,ASO,ES,Federal Contract Tower,0,36,61,0,97,0,9,158,0,167,0,45,219,0,264,70,0,70,334
03/19/2021,SUA,FL,ASO,ES,Federal Contract Tower,0,35,93,0,128,0,21,216,0,237,0,56,309,0,365,82,0,82,447
03/20/2021,SUA,FL,ASO,ES,Federal Contract Tower,0,37,71,0,108,0,26,96,0,122,0,63,167,0,230,14,0,14,244
03/21/2021,SUA,FL,ASO,ES,Federal Contract Tower,0,45,94,0,139,0,14,109,0,123,0,59,203,0,262,22,0,22,284
03/22/2021,SUA,FL,ASO,ES,Federal Contract Tower,0,30,71,0,101,0,9,200,0,209,0,39,271,0,310,96,0,96,406
03/23/2021,SUA,FL,ASO,ES,Federal Contract Tower,0,23,51,0,74,0,6,218,3,227,0,29,269,3,301,94,0,94,395
03/24/2021,SUA,FL,ASO,ES,Federal Contract Tower,0,29,78,0,107,0,37,268,0,305,0,66,346,0,412,160,0,160,572
03/25/2021,SUA,FL,ASO,ES,Federal Contract Tower,0,26,80,0,106,0,12,257,0,269,0,38,337,0,375,78,0,78,453
03/26/2021,SUA,FL,ASO,ES,Federal Contract Tower,0,40,101,0,141,0,3,298,0,301,0,43,399,0,442,88,0,88,530
03/27/2021,SUA,FL,ASO,ES,Federal Contract Tower,0,43,86,0,129,0,12,212,0,224,0,55,298,0,353,32,0,32,385
03/28/2021,SUA,FL,ASO,ES,Federal Contract Tower,0,59,88,0,147,0,7,121,0,128,0,66,209,0,275,4,0,4,279
03/29/2021,SUA,FL,ASO,ES,Federal Contract Tower,0,35,84,4,123,0,13,286,0,299,0,48,370,4,422,26,0,26,448
03/30/2021,SUA,FL,ASO,ES,Federal Contract Tower,0,20,75,0,95,0,4,259,1,264,0,24,334,1,359,44,0,44,403
03/31/2021,SUA,FL,ASO,ES,Federal Contract Tower,0,50,75,0,125,0,11,173,0,184,0,61,248,0,309,94,0,94,403
04/01/2021,SUA,FL,ASO,ES,Federal Contract Tower,0,45,91,2,138,0,3,166,0,169,0,48,257,2,307,62,0,62,369
04/02/2021,SUA,FL,ASO,ES,Federal Contract Tower,0,52,70,0,122,0,15,75,4,94,0,67,145,4,216,4,0,4,220
04/03/2021,SUA,FL,ASO,ES,Federal Contract Tower,0,38,70,0,108,0,4,76,0,80,0,42,146,0,188,8,0,8,196
04/04/2021,SUA,FL,ASO,ES,Federal Contract Tower,0,46,55,0,101,0,10,101,0,111,0,56,156,0,212,16,0,16,228
04/05/2021,SUA,FL,ASO,ES,Federal Contract Tower,0,34,82,0,116,0,1,360,0,361,0,35,442,0,477,76,0,76,553
04/06/2021,SUA,FL,ASO,ES,Federal Contract Tower,0,42,78,0,120,0,21,352,1,374,0,63,430,1,494,106,0,106,600
04/07/2021,SUA,FL,ASO,ES,Federal Contract Tower,0,30,91,0,121,0,36,302,0,338,0,66,393,0,459,84,0,84,543
04/08/2021,SUA,FL,ASO,ES,Federal Contract Tower,0,36,67,2,105,1,8,295,0,304,1,44,362,2,409,88,0,88,497
04/09/2021,SUA,FL,ASO,ES,Federal Contract Tower,0,46,91,0,137,0,23,256,0,279,0,69,347,0,416,70,0,70,486
04/10/2021,SUA,FL,ASO,ES,Federal Contract Tower,0,28,72,0,100,0,17,222,0,239,0,45,294,0,339,14,0,14,353
04/11/2021,SUA,FL,ASO,ES,Federal Contract Tower,0,19,53,0,72,0,14,36,0,50,0,33,89,0,122,0,0,0,122
04/12/2021,SUA,FL,ASO,ES,Federal Contract Tower,0,54,75,0,129,0,20,48,0,68,0,74,123,0,197,16,0,16,213
04/13/2021,SUA,FL,ASO,ES,Federal Contract Tower,0,33,75,0,108,0,6,359,1,366,0,39,434,1,474,118,0,118,592
04/14/2021,SUA,FL,ASO,ES,Federal Contract Tower,0,23,71,0,94,0,10,255,2,267,0,33,326,2,361,88,0,88,449
04/15/2021,SUA,FL,ASO,ES,Federal Contract Tower,0,37,61,0,98,0,15,260,0,275,0,52,321,0,373,76,0,76,449
04/16/2021,SUA,FL,ASO,ES,Federal Contract Tower,0,44,103,0,147,0,28,148,0,176,0,72,251,0,323,10,0,10,333
04/17/2021,SUA,FL,ASO,ES,Federal Contract Tower,0,39,57,0,96,0,9,109,0,118,0,48,166,0,214,34,0,34,248
04/18/2021,SUA,FL,ASO,ES,Federal Contract Tower,0,40,58,0,98,0,16,68,0,84,0,56,126,0,182,4,0,4,186
04/19/2021,SUA,FL,ASO,ES,Federal Contract Tower,0,33,56,0,89,0,8,54,0,62,0,41,110,0,151,46,0,46,197
04/20/2021,SUA,FL,ASO,ES,Federal Contract Tower,0,42,39,0,81,0,10,114,0,124,0,52,153,0,205,32,0,32,237
04/21/2021,SUA,FL,ASO,ES,Federal Contract Tower,0,31,66,0,97,0,29,256,0,285,0,60,322,0,382,108,0,108,490
04/22/2021,SUA,FL,ASO,ES,Federal Contract Tower,0,30,67,0,97,0,24,272,0,296,0,54,339,0,393,28,0,28,421
04/23/2021,SUA,FL,ASO,ES,Federal Contract Tower,0,43,88,0,131,0,2,234,0,236,0,45,322,0,367,48,0,48,415
04/24/2021,SUA,FL,ASO,ES,Federal Contract Tower,0,21,65,0,86,0,3,70,0,73,0,24,135,0,159,22,0,22,181
04/25/2021,SUA,FL,ASO,ES,Federal Contract Tower,0,37,78,0,115,0,2,69,0,71,0,39,147,0,186,8,0,8,194
04/26/2021,SUA,FL,ASO,ES,Federal Contract Tower,0,14,81,0,95,0,0,0,0,0,0,14,81,0,95,88,0,88,183
04/27/2021,SUA,FL,ASO,ES,Federal Contract Tower,0,32,70,0,102,0,13,247,1,261,0,45,317,1,363,94,0,94,457
04/28/2021,SUA,FL,ASO,ES,Federal Contract Tower,0,39,75,0,114,0,6,277,0,283,0,45,352,0,397,62,0,62,459
04/29/2021,SUA,FL,ASO,ES,Federal Contract Tower,0,30,93,0,123,0,9,226,0,235,0,39,319,0,358,84,0,84,442
04/30/2021,SUA,FL,ASO,ES,Federal Contract Tower,0,12,60,0,72,0,25,206,0,231,0,37,266,0,303,148,0,148,451
05/01/2021,SUA,FL,ASO,ES,Federal Contract Tower,0,45,43,0,88,0,9,109,0,118,0,54,152,0,206,50,0,50,256
05/02/2021,SUA,FL,ASO,ES,Federal Contract Tower,0,34,50,0,84,0,5,155,0,160,0,39,205,0,244,2,0,2,246
05/03/2021,SUA,FL,ASO,ES,Federal Contract Tower,0,24,63,0,87,0,5,265,0,270,0,29,328,0,357,76,0,76,433
05/04/2021,SUA,FL,ASO,ES,Federal Contract Tower,0,31,68,0,99,0,6,254,1,261,0,37,322,1,360,58,0,58,418
05/05/2021,SUA,FL,ASO,ES,Federal Contract Tower,0,31,62,0,93,0,6,297,0,303,0,37,359,0,396,132,0,132,528
05/06/2021,SUA,FL,ASO,ES,Federal Contract Tower,0,34,77,0,111,0,9,124,0,133,0,43,201,0,244,42,0,42,286
05/07/2021,SUA,FL,ASO,ES,Federal Contract Tower,0,32,75,0,107,0,6,295,0,301,0,38,370,0,408,62,0,62,470
05/08/2021,SUA,FL,ASO,ES,Federal Contract Tower,0,44,45,0,89,0,2,161,0,163,0,46,206,0,252,60,0,60,312
05/09/2021,SUA,FL,ASO,ES,Federal Contract Tower,0,32,51,0,83,0,4,76,1,81,0,36,127,1,164,2,0,2,166
05/10/2021,SUA,FL,ASO,ES,Federal Contract Tower,0,35,69,0,104,0,6,286,2,294,0,41,355,2,398,58,0,58,456
05/11/2021,SUA,FL,ASO,ES,Federal Contract Tower,0,18,78,0,96,0,8,272,0,280,0,26,350,0,376,106,0,106,482
05/12/2021,SUA,FL,ASO,ES,Federal Contract Tower,0,23,61,0,84,0,2,287,1,290,0,25,348,1,374,152,0,152,526
05/13/2021,SUA,FL,ASO,ES,Federal Contract Tower,0,21,73,0,94,0,3,167,0,170,0,24,240,0,264,44,0,44,308
05/14/2021,SUA,FL,ASO,ES,Federal Contract Tower,0,39,88,0,127,0,17,247,0,264,0,56,335,0,391,78,0,78,469
05/15/2021,SUA,FL,ASO,ES,Federal Contract Tower,0,31,52,0,83,0,25,65,0,90,0,56,117,0,173,26,0,26,199
05/16/2021,SUA,FL,ASO,ES,Federal Contract Tower,0,30,69,0,99,0,7,91,0,98,0,37,160,0,197,16,0,16,213
05/17/2021,SUA,FL,ASO,ES,Federal Contract Tower,0,18,62,0,80,0,2,232,0,234,0,20,294,0,314,102,0,102,416
05/18/2021,SUA,FL,ASO,ES,Federal Contract Tower,0,29,40,0,69,0,8,196,0,204,0,37,236,0,273,38,0,38,311
05/19/2021,SUA,FL,ASO,ES,Federal Contract Tower,0,25,67,0,92,0,5,96,0,101,0,30,163,0,193,16,0,16,209
05/20/2021,SUA,FL,ASO,ES,Federal Contract Tower,0,36,53,0,89,0,4,49,0,53,0,40,102,0,142,10,0,10,152
05/21/2021,SUA,FL,ASO,ES,Federal Contract Tower,0,32,69,0,101,0,13,67,2,82,0,45,136,2,183,10,0,10,193
05/22/2021,SUA,FL,ASO,ES,Federal Contract Tower,0,26,46,0,72,0,17,56,0,73,0,43,102,0,145,4,0,4,149
05/23/2021,SUA,FL,ASO,ES,Federal Contract Tower,0,22,37,0,59,0,23,109,0,132,0,45,146,0,191,2,0,2,193
05/24/2021,SUA,FL,ASO,ES,Federal Contract Tower,0,32,70,0,102,0,43,373,0,416,0,75,443,0,518,66,0,66,584
05/25/2021,SUA,FL,ASO,ES,Federal Contract Tower,0,40,52,0,92,0,6,312,2,320,0,46,364,2,412,138,4,142,554
05/26/2021,SUA,FL,ASO,ES,Federal Contract Tower,0,37,53,0,90,0,10,335,0,345,0,47,388,0,435,92,0,92,527
05/27/2021,SUA,FL,ASO,ES,Federal Contract Tower,0,21,85,0,106,0,3,263,0,266,0,24,348,0,372,104,0,104,476
05/28/2021,SUA,FL,ASO,ES,Federal Contract Tower,0,25,86,0,111,0,37,247,0,284,0,62,333,0,395,54,0,54,449
05/30/2021,SUA,FL,ASO,ES,Federal Contract Tower,0,24,39,0,63,0,21,116,0,137,0,45,155,0,200,0,0,0,200
05/31/2021,SUA,FL,ASO,ES,Federal Contract Tower,0,25,48,0,73,0,12,100,0,112,0,37,148,0,185,12,0,12,197
06/01/2021,SUA,FL,ASO,ES,Federal Contract Tower,0,27,52,0,79,0,2,207,0,209,0,29,259,0,288,62,0,62,350
06/02/2021,SUA,FL,ASO,ES,Federal Contract Tower,0,28,45,0,73,0,2,132,2,136,0,30,177,2,209,64,0,64,273
06/03/2021,SUA,FL,ASO,ES,Federal Contract Tower,0,29,48,0,77,0,8,148,0,156,0,37,196,0,233,56,0,56,289
06/04/2021,SUA,FL,ASO,ES,Federal Contract Tower,0,29,51,0,80,0,12,137,0,149,0,41,188,0,229,74,0,74,303
06/06/2021,SUA,FL,ASO,ES,Federal Contract Tower,0,25,34,0,59,0,28,122,0,150,0,53,156,0,209,6,0,6,215
06/07/2021,SUA,FL,ASO,ES,Federal Contract Tower,0,18,23,0,41,0,13,207,0,220,0,31,230,0,261,66,0,66,327
06/08/2021,SUA,FL,ASO,ES,Federal Contract Tower,0,17,49,0,66,0,11,205,2,218,0,28,254,2,284,90,0,90,374
06/09/2021,SUA,FL,ASO,ES,Federal Contract Tower,0,14,38,1,53,0,4,258,0,262,0,18,296,1,315,88,0,88,403
06/10/2021,SUA,FL,ASO,ES,Federal Contract Tower,0,21,37,0,58,0,4,236,0,240,0,25,273,0,298,96,0,96,394
06/11/2021,SUA,FL,ASO,ES,Federal Contract Tower,0,25,65,0,90,0,32,220,0,252,0,57,285,0,342,72,0,72,414
06/12/2021,SUA,FL,ASO,ES,Federal Contract Tower,0,18,40,0,58,0,17,108,0,125,0,35,148,0,183,14,0,14,197
06/13/2021,SUA,FL,ASO,ES,Federal Contract Tower,0,11,48,0,59,0,5,79,2,86,0,16,127,2,145,6,0,6,151
06/14/2021,SUA,FL,ASO,ES,Federal Contract Tower,0,27,54,0,81,0,0,149,0,149,0,27,203,0,230,30,0,30,260
06/15/2021,SUA,FL,ASO,ES,Federal Contract Tower,0,18,34,0,52,0,4,170,0,174,0,22,204,0,226,40,0,40,266
06/16/2021,SUA,FL,ASO,ES,Federal Contract Tower,0,17,55,0,72,0,6,154,0,160,0,23,209,0,232,116,0,116,348
06/17/2021,SUA,FL,ASO,ES,Federal Contract Tower,0,18,59,0,77,0,6,164,0,170,0,24,223,0,247,60,0,60,307
06/18/2021,SUA,FL,ASO,ES,Federal Contract Tower,0,16,49,0,65,0,12,202,0,214,0,28,251,0,279,80,0,80,359
06/19/2021,SUA,FL,ASO,ES,Federal Contract Tower,0,5,42,0,47,0,16,141,0,157,0,21,183,0,204,46,0,46,250
06/20/2021,SUA,FL,ASO,ES,Federal Contract Tower,0,10,31,0,41,0,3,59,0,62,0,13,90,0,103,0,0,0,103
06/21/2021,SUA,FL,ASO,ES,Federal Contract Tower,0,18,57,0,75,0,8,193,0,201,0,26,250,0,276,70,0,70,346
06/22/2021,SUA,FL,ASO,ES,Federal Contract Tower,0,14,49,0,63,0,9,176,0,185,0,23,225,0,248,94,0,94,342
06/23/2021,SUA,FL,ASO,ES,Federal Contract Tower,0,12,46,0,58,0,6,215,0,221,0,18,261,0,279,50,0,50,329
06/24/2021,SUA,FL,ASO,ES,Federal Contract Tower,0,15,45,0,60,0,6,199,0,205,0,21,244,0,265,138,0,138,403
06/25/2021,SUA,FL,ASO,ES,Federal Contract Tower,0,15,49,0,64,0,18,158,0,176,0,33,207,0,240,30,0,30,270
06/26/2021,SUA,FL,ASO,ES,Federal Contract Tower,0,7,34,0,41,0,2,118,0,120,0,9,152,0,161,52,0,52,213
06/27/2021,SUA,FL,ASO,ES,Federal Contract Tower,0,22,43,0,65,0,14,190,0,204,0,36,233,0,269,24,0,24,293
06/28/2021,SUA,FL,ASO,ES,Federal Contract Tower,0,3,40,0,43,0,4,200,0,204,0,7,240,0,247,76,0,76,323
06/29/2021,SUA,FL,ASO,ES,Federal Contract Tower,0,11,37,0,48,0,2,206,0,208,0,13,243,0,256,106,0,106,362
06/30/2021,SUA,FL,ASO,ES,Federal Contract Tower,0,19,49,0,68,0,2,160,0,162,0,21,209,0,230,86,0,86,316
07/01/2021,SUA,FL,ASO,ES,Federal Contract Tower,0,15,43,0,58,0,2,142,0,144,0,17,185,0,202,114,0,114,316
07/02/2021,SUA,FL,ASO,ES,Federal Contract Tower,0,23,66,0,89,0,11,219,2,232,0,34,285,2,321,132,0,132,453
07/03/2021,SUA,FL,ASO,ES,Federal Contract Tower,0,7,56,0,63,0,13,128,0,141,0,20,184,0,204,34,0,34,238
07/04/2021,SUA,FL,ASO,ES,Federal Contract Tower,0,8,22,0,30,0,23,84,0,107,0,31,106,0,137,4,0,4,141
07/05/2021,SUA,FL,ASO,ES,Federal Contract Tower,0,9,58,0,67,0,3,190,0,193,0,12,248,0,260,44,0,44,304
07/06/2021,SUA,FL,ASO,ES,Federal Contract Tower,0,5,25,0,30,0,6,46,0,52,0,11,71,0,82,30,0,30,112
07/07/2021,SUA,FL,ASO,ES,Federal Contract Tower,0,6,44,0,50,0,6,119,0,125,0,12,163,0,175,40,0,40,215
07/08/2021,SUA,FL,ASO,ES,Federal Contract Tower,0,6,46,0,52,0,3,207,0,210,0,9,253,0,262,126,0,126,388
07/09/2021,SUA,FL,ASO,ES,Federal Contract Tower,0,9,45,0,54,0,47,213,2,262,0,56,258,2,316,154,0,154,470
07/10/2021,SUA,FL,ASO,ES,Federal Contract Tower,0,16,39,0,55,0,16,169,0,185,0,32,208,0,240,62,0,62,302
07/11/2021,SUA,FL,ASO,ES,Federal Contract Tower,0,17,33,0,50,0,2,170,0,172,0,19,203,0,222,2,0,2,224
07/12/2021,SUA,FL,ASO,ES,Federal Contract Tower,0,9,48,0,57,0,0,165,0,165,0,9,213,0,222,52,0,52,274
07/13/2021,SUA,FL,ASO,ES,Federal Contract Tower,0,11,41,0,52,0,4,153,0,157,0,15,194,0,209,66,0,66,275
07/14/2021,SUA,FL,ASO,ES,Federal Contract Tower,0,13,36,0,49,0,5,188,0,193,0,18,224,0,242,152,0,152,394
07/15/2021,SUA,FL,ASO,ES,Federal Contract Tower,0,14,65,0,79,0,7,224,0,231,0,21,289,0,310,82,0,82,392
07/16/2021,SUA,FL,ASO,ES,Federal Contract Tower,0,16,69,1,86,0,14,211,0,225,0,30,280,1,311,96,0,96,407
07/17/2021,SUA,FL,ASO,ES,Federal Contract Tower,0,5,40,0,45,0,1,100,0,101,0,6,140,0,146,54,0,54,200
07/18/2021,SUA,FL,ASO,ES,Federal Contract Tower,0,14,24,0,38,0,14,129,6,149,0,28,153,6,187,4,0,4,191
07/19/2021,SUA,FL,ASO,ES,Federal Contract Tower,0,15,39,0,54,0,4,220,0,224,0,19,259,0,278,102,0,102,380
07/20/2021,SUA,FL,ASO,ES,Federal Contract Tower,0,8,24,6,38,0,6,193,0,199,0,14,217,6,237,90,0,90,327
07/21/2021,SUA,FL,ASO,ES,Federal Contract Tower,0,9,41,0,50,0,5,237,0,242,0,14,278,0,292,94,0,94,386
07/22/2021,SUA,FL,ASO,ES,Federal Contract Tower,0,19,33,0,52,0,4,177,0,181,0,23,210,0,233,114,0,114,347
07/23/2021,SUA,FL,ASO,ES,Federal Contract Tower,0,3,32,0,35,0,9,146,4,159,0,12,178,4,194,62,0,62,256
07/24/2021,SUA,FL,ASO,ES,Federal Contract Tower,0,12,30,0,42,0,1,107,0,108,0,13,137,0,150,46,0,46,196
07/25/2021,SUA,FL,ASO,ES,Federal Contract Tower,0,14,36,0,50,0,0,97,0,97,0,14,133,0,147,10,0,10,157
07/26/2021,SUA,FL,ASO,ES,Federal Contract Tower,0,14,31,0,45,0,4,221,0,225,0,18,252,0,270,56,0,56,326
07/27/2021,SUA,FL,ASO,ES,Federal Contract Tower,0,14,43,0,57,0,12,198,0,210,0,26,241,0,267,80,0,80,347
07/28/2021,SUA,FL,ASO,ES,Federal Contract Tower,0,14,31,0,45,0,2,162,0,164,0,16,193,0,209,86,0,86,295
07/29/2021,SUA,FL,ASO,ES,Federal Contract Tower,0,12,29,0,41,0,23,126,0,149,0,35,155,0,190,112,0,112,302
07/30/2021,SUA,FL,ASO,ES,Federal Contract Tower,0,10,37,0,47,0,15,192,0,207,0,25,229,0,254,100,0,100,354
07/31/2021,SUA,FL,ASO,ES,Federal Contract Tower,0,16,35,0,51,0,14,166,0,180,0,30,201,0,231,72,0,72,303
08/01/2021,SUA,FL,ASO,ES,Federal Contract Tower,0,16,38,0,54,0,7,108,0,115,0,23,146,0,169,2,0,2,171
08/02/2021,SUA,FL,ASO,ES,Federal Contract Tower,0,22,44,2,68,0,3,182,0,185,0,25,226,2,253,48,0,48,301
08/03/2021,SUA,FL,ASO,ES,Federal Contract Tower,0,10,33,0,43,0,2,85,0,87,0,12,118,0,130,36,0,36,166
08/04/2021,SUA,FL,ASO,ES,Federal Contract Tower,0,18,26,0,44,0,0,135,0,135,0,18,161,0,179,72,0,72,251
08/05/2021,SUA,FL,ASO,ES,Federal Contract Tower,0,12,47,0,59,0,10,209,0,219,0,22,256,0,278,114,0,114,392
08/06/2021,SUA,FL,ASO,ES,Federal Contract Tower,0,15,46,0,61,0,2,252,0,254,0,17,298,0,315,106,0,106,421
08/07/2021,SUA,FL,ASO,ES,Federal Contract Tower,0,9,22,0,31,0,4,117,1,122,0,13,139,1,153,152,0,152,305
08/08/2021,SUA,FL,ASO,ES,Federal Contract Tower,0,13,28,0,41,0,8,94,0,102,0,21,122,0,143,2,0,2,145
08/09/2021,SUA,FL,ASO,ES,Federal Contract Tower,0,17,33,0,50,0,0,281,0,281,0,17,314,0,331,52,0,52,383
08/10/2021,SUA,FL,ASO,ES,Federal Contract Tower,0,8,34,0,42,0,6,230,0,236,0,14,264,0,278,102,0,102,380
08/11/2021,SUA,FL,ASO,ES,Federal Contract Tower,0,10,25,0,35,0,0,216,0,216,0,10,241,0,251,130,0,130,381
08/12/2021,SUA,FL,ASO,ES,Federal Contract Tower,0,7,34,0,41,0,2,256,0,258,0,9,290,0,299,118,0,118,417
08/13/2021,SUA,FL,ASO,ES,Federal Contract Tower,0,14,28,0,42,0,17,134,0,151,0,31,162,0,193,66,0,66,259
08/14/2021,SUA,FL,ASO,ES,Federal Contract Tower,0,7,17,0,24,0,6,40,2,48,0,13,57,2,72,8,0,8,80
08/15/2021,SUA,FL,ASO,ES,Federal Contract Tower,0,16,20,0,36,0,1,54,0,55,0,17,74,0,91,8,0,8,99
08/16/2021,SUA,FL,ASO,ES,Federal Contract Tower,0,12,38,0,50,0,6,208,0,214,0,18,246,0,264,68,0,68,332
08/17/2021,SUA,FL,ASO,ES,Federal Contract Tower,0,8,40,0,48,0,2,212,0,214,0,10,252,0,262,82,0,82,344
08/18/2021,SUA,FL,ASO,ES,Federal Contract Tower,0,14,44,0,58,0,2,246,0,248,0,16,290,0,306,176,0,176,482
08/19/2021,SUA,FL,ASO,ES,Federal Contract Tower,0,11,34,0,45,0,8,256,0,264,0,19,290,0,309,90,0,90,399
08/20/2021,SUA,FL,ASO,ES,Federal Contract Tower,0,20,38,0,58,0,8,203,0,211,0,28,241,0,269,78,0,78,347
08/21/2021,SUA,FL,ASO,ES,Federal Contract Tower,0,9,25,0,34,0,10,154,0,164,0,19,179,0,198,44,0,44,242
08/22/2021,SUA,FL,ASO,ES,Federal Contract Tower,0,9,28,0,37,0,1,76,0,77,0,10,104,0,114,6,0,6,120
08/23/2021,SUA,FL,ASO,ES,Federal Contract Tower,0,19,33,0,52,0,0,133,0,133,0,19,166,0,185,50,0,50,235
08/24/2021,SUA,FL,ASO,ES,Federal Contract Tower,0,5,39,0,44,0,8,190,0,198,0,13,229,0,242,136,0,136,378
08/25/2021,SUA,FL,ASO,ES,Federal Contract Tower,0,9,33,0,42,0,14,177,0,191,0,23,210,0,233,46,0,46,279
08/26/2021,SUA,FL,ASO,ES,Federal Contract Tower,0,10,58,0,68,0,1,120,0,121,0,11,178,0,189,70,0,70,259
08/27/2021,SUA,FL,ASO,ES,Federal Contract Tower,0,7,39,0,46,0,0,55,0,55,0,7,94,0,101,18,0,18,119
08/28/2021,SUA,FL,ASO,ES,Federal Contract Tower,0,6,15,0,21,0,3,84,0,87,0,9,99,0,108,22,0,22,130
08/29/2021,SUA,FL,ASO,ES,Federal Contract Tower,0,8,37,2,47,0,8,111,0,119,0,16,148,2,166,10,0,10,176
08/30/2021,SUA,FL,ASO,ES,Federal Contract Tower,0,10,33,0,43,0,6,195,6,207,0,16,228,6,250,110,0,110,360
08/31/2021,SUA,FL,ASO,ES,Federal Contract Tower,0,12,39,0,51,0,9,220,0,229,0,21,259,0,280,152,0,152,432
09/01/2021,SUA,FL,ASO,ES,Federal Contract Tower,0,11,39,0,50,0,2,210,0,212,0,13,249,0,262,72,0,72,334
09/02/2021,SUA,FL,ASO,ES,Federal Contract Tower,0,13,42,0,55,0,7,166,0,173,0,20,208,0,228,44,0,44,272
09/03/2021,SUA,FL,ASO,ES,Federal Contract Tower,0,14,45,0,59,0,10,122,0,132,0,24,167,0,191,30,0,30,221
09/04/2021,SUA,FL,ASO,ES,Federal Contract Tower,0,1,30,0,31,0,27,166,0,193,0,28,196,0,224,86,0,86,310
09/05/2021,SUA,FL,ASO,ES,Federal Contract Tower,0,3,37,2,42,0,2,112,0,114,0,5,149,2,156,30,0,30,186
09/06/2021,SUA,FL,ASO,ES,Federal Contract Tower,0,10,40,0,50,0,5,251,0,256,0,15,291,0,306,18,0,18,324
09/07/2021,SUA,FL,ASO,ES,Federal Contract Tower,0,17,43,0,60,0,8,184,0,192,0,25,227,0,252,76,0,76,328
09/08/2021,SUA,FL,ASO,ES,Federal Contract Tower,0,16,38,0,54,0,4,210,4,218,0,20,248,4,272,120,0,120,392
09/09/2021,SUA,FL,ASO,ES,Federal Contract Tower,0,11,39,0,50,0,9,231,0,240,0,20,270,0,290,82,0,82,372
09/10/2021,SUA,FL,ASO,ES,Federal Contract Tower,0,13,51,0,64,0,4,242,0,246,0,17,293,0,310,124,0,124,434
09/11/2021,SUA,FL,ASO,ES,Federal Contract Tower,0,6,24,0,30,0,10,165,0,175,0,16,189,0,205,74,0,74,279
09/12/2021,SUA,FL,ASO,ES,Federal Contract Tower,0,28,33,0,61,0,4,120,0,124,0,32,153,0,185,8,0,8,193
09/13/2021,SUA,FL,ASO,ES,Federal Contract Tower,0,3,31,0,34,0,2,147,0,149,0,5,178,0,183,68,0,68,251
09/14/2021,SUA,FL,ASO,ES,Federal Contract Tower,0,11,51,0,62,0,6,187,0,193,0,17,238,0,255,90,0,90,345
09/15/2021,SUA,FL,ASO,ES,Federal Contract Tower,0,13,46,0,59,0,12,268,0,280,0,25,314,0,339,126,0,126,465
09/16/2021,SUA,FL,ASO,ES,Federal Contract Tower,0,12,38,0,50,0,3,144,0,147,0,15,182,0,197,114,0,114,311
09/17/2021,SUA,FL,ASO,ES,Federal Contract Tower,0,13,34,0,47,0,7,168,0,175,0,20,202,0,222,64,0,64,286
09/18/2021,SUA,FL,ASO,ES,Federal Contract Tower,0,4,40,0,44,0,2,116,0,118,0,6,156,0,162,46,0,46,208
09/19/2021,SUA,FL,ASO,ES,Federal Contract Tower,0,10,45,0,55,0,11,104,0,115,0,21,149,0,170,6,0,6,176
09/20/2021,SUA,FL,ASO,ES,Federal Contract Tower,0,20,32,0,52,0,2,171,0,173,0,22,203,0,225,62,0,62,287
09/21/2021,SUA,FL,ASO,ES,Federal Contract Tower,0,8,27,0,35,0,2,83,0,85,0,10,110,0,120,60,0,60,180
09/22/2021,SUA,FL,ASO,ES,Federal Contract Tower,0,13,39,0,52,0,8,186,0,194,0,21,225,0,246,66,0,66,312
09/23/2021,SUA,FL,ASO,ES,Federal Contract Tower,0,16,76,0,92,0,8,130,0,138,0,24,206,0,230,46,0,46,276
09/24/2021,SUA,FL,ASO,ES,Federal Contract Tower,0,15,43,0,58,2,13,166,0,181,2,28,209,0,239,40,0,40,279
09/25/2021,SUA,FL,ASO,ES,Federal Contract Tower,0,13,42,0,55,0,12,165,0,177,0,25,207,0,232,46,0,46,278
09/26/2021,SUA,FL,ASO,ES,Federal Contract Tower,0,16,39,0,55,0,8,126,0,134,0,24,165,0,189,0,0,0,189
09/27/2021,SUA,FL,ASO,ES,Federal Contract Tower,0,10,34,0,44,0,1,206,0,207,0,11,240,0,251,110,0,110,361
09/28/2021,SUA,FL,ASO,ES,Federal Contract Tower,0,14,56,2,72,0,12,247,4,263,0,26,303,6,335,118,0,118,453
09/29/2021,SUA,FL,ASO,ES,Federal Contract Tower,0,5,49,0,54,0,4,231,0,235,0,9,280,0,289,142,0,142,431
09/30/2021,SUA,FL,ASO,ES,Federal Contract Tower,0,23,57,0,80,0,2,246,0,248,0,25,303,0,328,56,0,56,384
10/01/2021,SUA,FL,ASO,ES,Federal Contract Tower,0,27,64,0,91,0,3,130,0,133,0,30,194,0,224,60,10,70,294
10/02/2021,SUA,FL,ASO,ES,Federal Contract Tower,0,17,31,0,48,0,4,112,0,116,0,21,143,0,164,10,0,10,174
10/03/2021,SUA,FL,ASO,ES,Federal Contract Tower,0,23,41,9,73,0,11,97,1,109,0,34,138,10,182,6,0,6,188
10/04/2021,SUA,FL,ASO,ES,Federal Contract Tower,0,14,52,0,66,0,4,195,0,199,0,18,247,0,265,104,0,104,369
10/05/2021,SUA,FL,ASO,ES,Federal Contract Tower,0,19,45,0,64,0,2,257,0,259,0,21,302,0,323,84,0,84,407
10/07/2021,SUA,FL,ASO,ES,Federal Contract Tower,0,12,48,0,60,0,6,143,0,149,0,18,191,0,209,64,0,64,273
10/08/2021,SUA,FL,ASO,ES,Federal Contract Tower,0,19,60,0,79,0,2,232,0,234,0,21,292,0,313,56,0,56,369
10/09/2021,SUA,FL,ASO,ES,Federal Contract Tower,0,11,43,0,54,0,1,101,0,102,0,12,144,0,156,0,0,0,156
10/10/2021,SUA,FL,ASO,ES,Federal Contract Tower,0,7,37,0,44,0,10,103,0,113,0,17,140,0,157,2,0,2,159
10/11/2021,SUA,FL,ASO,ES,Federal Contract Tower,0,14,52,0,66,0,14,293,0,307,0,28,345,0,373,116,0,116,489
10/12/2021,SUA,FL,ASO,ES,Federal Contract Tower,0,24,39,0,63,0,2,220,0,222,0,26,259,0,285,134,0,134,419
10/13/2021,SUA,FL,ASO,ES,Federal Contract Tower,0,22,47,0,69,0,5,199,0,204,0,27,246,0,273,30,0,30,303
10/14/2021,SUA,FL,ASO,ES,Federal Contract Tower,0,27,46,0,73,0,2,179,0,181,0,29,225,0,254,62,0,62,316
10/15/2021,SUA,FL,ASO,ES,Federal Contract Tower,0,25,51,0,76,0,2,169,0,171,0,27,220,0,247,60,0,60,307
10/16/2021,SUA,FL,ASO,ES,Federal Contract Tower,0,29,42,0,71,0,4,119,0,123,0,33,161,0,194,26,0,26,220
10/17/2021,SUA,FL,ASO,ES,Federal Contract Tower,0,31,50,0,81,0,5,124,0,129,0,36,174,0,210,2,0,2,212
10/18/2021,SUA,FL,ASO,ES,Federal Contract Tower,0,18,50,0,68,0,1,183,0,184,0,19,233,0,252,114,0,114,366
10/19/2021,SUA,FL,ASO,ES,Federal Contract Tower,0,13,54,2,69,0,6,223,0,229,0,19,277,2,298,124,0,124,422
10/20/2021,SUA,FL,ASO,ES,Federal Contract Tower,0,21,74,0,95,0,9,227,0,236,0,30,301,0,331,120,0,120,451
10/21/2021,SUA,FL,ASO,ES,Federal Contract Tower,0,28,89,0,117,0,7,248,0,255,0,35,337,0,372,114,0,114,486
10/22/2021,SUA,FL,ASO,ES,Federal Contract Tower,0,21,46,0,67,0,13,122,0,135,0,34,168,0,202,26,0,26,228
10/23/2021,SUA,FL,ASO,ES,Federal Contract Tower,0,19,45,0,64,0,2,132,0,134,0,21,177,0,198,20,0,20,218
10/24/2021,SUA,FL,ASO,ES,Federal Contract Tower,0,26,51,0,77,0,6,59,0,65,0,32,110,0,142,0,0,0,142
10/25/2021,SUA,FL,ASO,ES,Federal Contract Tower,0,32,53,0,85,0,27,86,0,113,0,59,139,0,198,56,0,56,254
10/26/2021,SUA,FL,ASO,ES,Federal Contract Tower,0,27,87,0,114,0,4,159,0,163,0,31,246,0,277,70,0,70,347
10/27/2021,SUA,FL,ASO,ES,Federal Contract Tower,0,28,66,0,94,0,2,251,0,253,0,30,317,0,347,78,0,78,425
10/28/2021,SUA,FL,ASO,ES,Federal Contract Tower,0,35,45,0,80,0,4,97,0,101,0,39,142,0,181,48,0,48,229
10/29/2021,SUA,FL,ASO,ES,Federal Contract Tower,0,26,61,0,87,0,2,134,0,136,0,28,195,0,223,60,0,60,283
10/30/2021,SUA,FL,ASO,ES,Federal Contract Tower,0,24,39,0,63,0,5,84,0,89,0,29,123,0,152,38,0,38,190
10/31/2021,SUA,FL,ASO,ES,Federal Contract Tower,0,43,57,0,100,0,1,122,0,123,0,44,179,0,223,16,0,16,239
11/01/2021,SUA,FL,ASO,ES,Federal Contract Tower,0,56,100,0,156,0,9,285,0,294,0,65,385,0,450,36,0,36,486
11/02/2021,SUA,FL,ASO,ES,Federal Contract Tower,0,34,72,0,106,0,4,259,0,263,0,38,331,0,369,112,0,112,481
11/03/2021,SUA,FL,ASO,ES,Federal Contract Tower,0,30,64,0,94,0,10,289,0,299,0,40,353,0,393,94,0,94,487
11/04/2021,SUA,FL,ASO,ES,Federal Contract Tower,0,58,74,0,132,0,7,239,0,246,0,65,313,0,378,62,0,62,440
11/05/2021,SUA,FL,ASO,ES,Federal Contract Tower,0,27,51,0,78,0,0,1,0,1,0,27,52,0,79,0,0,0,79
11/06/2021,SUA,FL,ASO,ES,Federal Contract Tower,0,23,52,0,75,0,4,60,0,64,0,27,112,0,139,44,0,44,183
11/07/2021,SUA,FL,ASO,ES,Federal Contract Tower,0,25,78,0,103,0,5,99,0,104,0,30,177,0,207,0,0,0,207
11/08/2021,SUA,FL,ASO,ES,Federal Contract Tower,0,28,82,0,110,0,4,238,0,242,0,32,320,0,352,36,0,36,388
11/09/2021,SUA,FL,ASO,ES,Federal Contract Tower,0,30,70,2,102,0,3,299,4,306,0,33,369,6,408,66,36,102,510
11/10/2021,SUA,FL,ASO,ES,Federal Contract Tower,0,31,105,7,143,0,8,241,4,253,0,39,346,11,396,30,10,40,436
11/11/2021,SUA,FL,ASO,ES,Federal Contract Tower,0,35,72,0,107,0,14,174,17,205,0,49,246,17,312,66,0,66,378
11/12/2021,SUA,FL,ASO,ES,Federal Contract Tower,0,18,34,2,54,0,0,43,0,43,0,18,77,2,97,18,0,18,115
11/13/2021,SUA,FL,ASO,ES,Federal Contract Tower,0,13,31,0,44,0,4,79,1,84,0,17,110,1,128,24,0,24,152
11/14/2021,SUA,FL,ASO,ES,Federal Contract Tower,0,20,40,2,62,0,0,64,0,64,0,20,104,2,126,10,0,10,136
11/15/2021,SUA,FL,ASO,ES,Federal Contract Tower,0,32,60,6,98,0,2,248,1,251,0,34,308,7,349,92,0,92,441
11/16/2021,SUA,FL,ASO,ES,Federal Contract Tower,0,25,70,0,95,0,5,232,0,237,0,30,302,0,332,128,0,128,460
11/17/2021,SUA,FL,ASO,ES,Federal Contract Tower,0,35,84,0,119,0,10,204,0,214,0,45,288,0,333,92,0,92,425
11/18/2021,SUA,FL,ASO,ES,Federal Contract Tower,0,51,87,0,138,0,3,155,0,158,0,54,242,0,296,90,0,90,386
11/19/2021,SUA,FL,ASO,ES,Federal Contract Tower,0,32,64,0,96,0,4,32,0,36,0,36,96,0,132,18,0,18,150
11/20/2021,SUA,FL,ASO,ES,Federal Contract Tower,0,34,71,0,105,0,2,10,0,12,0,36,81,0,117,0,0,0,117
11/21/2021,SUA,FL,ASO,ES,Federal Contract Tower,0,31,67,0,98,0,0,28,0,28,0,31,95,0,126,4,0,4,130
11/22/2021,SUA,FL,ASO,ES,Federal Contract Tower,0,50,78,0,128,0,6,141,0,147,0,56,219,0,275,46,0,46,321
11/23/2021,SUA,FL,ASO,ES,Federal Contract Tower,0,45,91,0,136,0,13,194,0,207,0,58,285,0,343,64,0,64,407
11/24/2021,SUA,FL,ASO,ES,Federal Contract Tower,0,30,68,0,98,0,2,204,0,206,0,32,272,0,304,118,0,118,422
11/25/2021,SUA,FL,ASO,ES,Federal Contract Tower,0,11,13,0,24,0,0,42,0,42,0,11,55,0,66,10,0,10,76
11/26/2021,SUA,FL,ASO,ES,Federal Contract Tower,0,40,52,0,92,0,2,204,0,206,0,42,256,0,298,126,0,126,424
11/27/2021,SUA,FL,ASO,ES,Federal Contract Tower,0,43,75,0,118,0,9,182,0,191,0,52,257,0,309,34,0,34,343
11/28/2021,SUA,FL,ASO,ES,Federal Contract Tower,0,56,103,0,159,0,6,130,0,136,0,62,233,0,295,20,0,20,315
11/29/2021,SUA,FL,ASO,ES,Federal Contract Tower,0,32,70,0,102,0,8,269,0,277,0,40,339,0,379,88,0,88,467
11/30/2021,SUA,FL,ASO,ES,Federal Contract Tower,0,49,71,0,120,0,3,288,0,291,0,52,359,0,411,52,0,52,463
12/01/2021,SUA,FL,ASO,ES,Federal Contract Tower,0,26,77,0,103,0,7,250,0,257,0,33,327,0,360,124,0,124,484
12/02/2021,SUA,FL,ASO,ES,Federal Contract Tower,0,37,60,0,97,0,3,244,0,247,0,40,304,0,344,106,0,106,450
12/03/2021,SUA,FL,ASO,ES,Federal Contract Tower,0,38,62,0,100,0,6,233,1,240,0,44,295,1,340,86,0,86,426
12/04/2021,SUA,FL,ASO,ES,Federal Contract Tower,0,24,53,0,77,0,4,214,0,218,0,28,267,0,295,62,0,62,357
12/05/2021,SUA,FL,ASO,ES,Federal Contract Tower,0,34,63,0,97,0,3,80,0,83,0,37,143,0,180,2,0,2,182
12/06/2021,SUA,FL,ASO,ES,Federal Contract Tower,0,46,92,0,138,0,4,167,0,171,0,50,259,0,309,68,0,68,377
12/07/2021,SUA,FL,ASO,ES,Federal Contract Tower,0,39,72,0,111,0,8,247,0,255,0,47,319,0,366,106,0,106,472
12/08/2021,SUA,FL,ASO,ES,Federal Contract Tower,0,32,65,0,97,0,8,260,0,268,0,40,325,0,365,150,0,150,515
12/09/2021,SUA,FL,ASO,ES,Federal Contract Tower,0,36,109,0,145,0,9,135,0,144,0,45,244,0,289,62,0,62,351
12/10/2021,SUA,FL,ASO,ES,Federal Contract Tower,0,36,78,0,114,0,1,219,0,220,0,37,297,0,334,116,0,116,450
12/11/2021,SUA,FL,ASO,ES,Federal Contract Tower,0,26,39,0,65,0,4,189,0,193,0,30,228,0,258,62,0,62,320
12/12/2021,SUA,FL,ASO,ES,Federal Contract Tower,0,36,85,0,121,0,0,142,0,142,0,36,227,0,263,8,0,8,271
12/13/2021,SUA,FL,ASO,ES,Federal Contract Tower,0,33,70,0,103,0,6,169,0,175,0,39,239,0,278,128,0,128,406
12/14/2021,SUA,FL,ASO,ES,Federal Contract Tower,0,28,63,0,91,0,3,114,0,117,0,31,177,0,208,70,0,70,278
12/15/2021,SUA,FL,ASO,ES,Federal Contract Tower,0,20,75,0,95,0,4,167,0,171,0,24,242,0,266,102,0,102,368
12/16/2021,SUA,FL,ASO,ES,Federal Contract Tower,0,26,87,0,113,0,12,210,0,222,0,38,297,0,335,68,0,68,403
12/17/2021,SUA,FL,ASO,ES,Federal Contract Tower,0,33,104,0,137,0,8,285,0,293,0,41,389,0,430,72,0,72,502
12/18/2021,SUA,FL,ASO,ES,Federal Contract Tower,0,39,61,0,100,0,2,141,0,143,0,41,202,0,243,32,0,32,275
12/19/2021,SUA,FL,ASO,ES,Federal Contract Tower,0,48,49,0,97,0,8,64,0,72,0,56,113,0,169,16,0,16,185
12/20/2021,SUA,FL,ASO,ES,Federal Contract Tower,0,34,62,0,96,0,2,203,0,205,0,36,265,0,301,88,0,88,389
12/21/2021,SUA,FL,ASO,ES,Federal Contract Tower,0,28,63,0,91,0,4,16,0,20,0,32,79,0,111,0,0,0,111
12/22/2021,SUA,FL,ASO,ES,Federal Contract Tower,0,38,67,0,105,0,3,223,0,226,0,41,290,0,331,74,0,74,405
12/23/2021,SUA,FL,ASO,ES,Federal Contract Tower,0,29,75,0,104,0,8,246,0,254,0,37,321,0,358,56,0,56,414
12/24/2021,SUA,FL,ASO,ES,Federal Contract Tower,0,22,29,0,51,0,9,140,0,149,0,31,169,0,200,72,0,72,272
12/25/2021,SUA,FL,ASO,ES,Federal Contract Tower,0,26,26,0,52,0,4,26,0,30,0,30,52,0,82,0,0,0,82
12/26/2021,SUA,FL,ASO,ES,Federal Contract Tower,0,62,131,0,193,0,2,88,0,90,0,64,219,0,283,2,0,2,285
12/27/2021,SUA,FL,ASO,ES,Federal Contract Tower,0,76,118,0,194,0,5,250,0,255,0,81,368,0,449,48,0,48,497
12/28/2021,SUA,FL,ASO,ES,Federal Contract Tower,0,50,102,0,152,0,2,191,0,193,0,52,293,0,345,70,0,70,415
12/29/2021,SUA,FL,ASO,ES,Federal Contract Tower,0,50,73,0,123,0,1,161,0,162,0,51,234,0,285,68,0,68,353
12/30/2021,SUA,FL,ASO,ES,Federal Contract Tower,0,38,88,0,126,0,7,195,0,202,0,45,283,0,328,92,0,92,420
12/31/2021,SUA,FL,ASO,ES,Federal Contract Tower,0,36,48,0,84,0,2,156,0,158,0,38,204,0,242,94,0,94,336
01/01/2022,SUA,FL,ASO,ES,Federal Contract Tower,0,32,48,0,80,0,26,62,0,88,0,58,110,0,168,8,0,8,176
01/02/2022,SUA,FL,ASO,ES,Federal Contract Tower,0,38,104,0,142,0,11,107,0,118,0,49,211,0,260,14,0,14,274
01/03/2022,SUA,FL,ASO,ES,Federal Contract Tower,0,45,102,0,147,0,3,112,0,115,0,48,214,0,262,68,0,68,330
01/04/2022,SUA,FL,ASO,ES,Federal Contract Tower,0,51,86,0,137,0,4,222,0,226,0,55,308,0,363,84,0,84,447
01/05/2022,SUA,FL,ASO,ES,Federal Contract Tower,0,32,68,0,100,0,4,229,0,233,0,36,297,0,333,104,0,104,437
01/06/2022,SUA,FL,ASO,ES,Federal Contract Tower,0,39,42,3,84,0,6,290,0,296,0,45,332,3,380,110,0,110,490
01/07/2022,SUA,FL,ASO,ES,Federal Contract Tower,0,35,41,0,76,0,6,164,0,170,0,41,205,0,246,102,0,102,348
01/08/2022,SUA,FL,ASO,ES,Federal Contract Tower,0,26,59,0,85,0,15,109,0,124,0,41,168,0,209,42,0,42,251
01/09/2022,SUA,FL,ASO,ES,Federal Contract Tower,0,39,67,5,111,0,9,60,0,69,0,48,127,5,180,22,0,22,202
01/10/2022,SUA,FL,ASO,ES,Federal Contract Tower,0,42,52,0,94,0,2,180,10,192,0,44,232,10,286,66,0,66,352
01/11/2022,SUA,FL,ASO,ES,Federal Contract Tower,0,15,55,0,70,0,2,108,0,110,0,17,163,0,180,10,0,10,190
01/12/2022,SUA,FL,ASO,ES,Federal Contract Tower,0,33,85,0,118,0,3,113,0,116,0,36,198,0,234,6,0,6,240
01/13/2022,SUA,FL,ASO,ES,Federal Contract Tower,0,42,84,0,126,0,8,256,0,264,0,50,340,0,390,98,0,98,488
01/14/2022,SUA,FL,ASO,ES,Federal Contract Tower,0,46,84,0,130,0,27,217,0,244,0,73,301,0,374,86,0,86,460
01/15/2022,SUA,FL,ASO,ES,Federal Contract Tower,0,28,57,0,85,0,16,154,0,170,0,44,211,0,255,46,0,46,301
01/16/2022,SUA,FL,ASO,ES,Federal Contract Tower,0,27,48,0,75,0,8,3,0,11,0,35,51,0,86,0,0,0,86
01/17/2022,SUA,FL,ASO,ES,Federal Contract Tower,0,29,89,0,118,0,8,183,0,191,0,37,272,0,309,80,0,80,389
01/18/2022,SUA,FL,ASO,ES,Federal Contract Tower,0,33,74,0,107,0,12,250,1,263,0,45,324,1,370,200,0,200,570
01/19/2022,SUA,FL,ASO,ES,Federal Contract Tower,0,22,55,0,77,0,10,218,3,231,0,32,273,3,308,76,0,76,384
01/20/2022,SUA,FL,ASO,ES,Federal Contract Tower,0,33,88,0,121,0,9,198,0,207,0,42,286,0,328,146,0,146,474
01/21/2022,SUA,FL,ASO,ES,Federal Contract Tower,0,43,101,0,144,0,10,103,1,114,0,53,204,1,258,40,0,40,298
01/22/2022,SUA,FL,ASO,ES,Federal Contract Tower,0,25,57,0,82,0,4,3,0,7,0,29,60,0,89,0,0,0,89
01/23/2022,SUA,FL,ASO,ES,Federal Contract Tower,0,35,102,0,137,0,0,13,0,13,0,35,115,0,150,0,0,0,150
01/24/2022,SUA,FL,ASO,ES,Federal Contract Tower,0,32,65,0,97,0,15,301,1,317,0,47,366,1,414,162,0,162,576
01/25/2022,SUA,FL,ASO,ES,Federal Contract Tower,0,30,71,0,101,0,7,250,0,257,0,37,321,0,358,128,0,128,486
01/26/2022,SUA,FL,ASO,ES,Federal Contract Tower,0,42,76,0,118,0,5,29,0,34,0,47,105,0,152,48,0,48,200
01/27/2022,SUA,FL,ASO,ES,Federal Contract Tower,0,26,112,0,138,0,9,138,0,147,0,35,250,0,285,78,0,78,363
01/28/2022,SUA,FL,ASO,ES,Federal Contract Tower,0,26,86,0,112,0,4,63,0,67,0,30,149,0,179,8,0,8,187
01/29/2022,SUA,FL,ASO,ES,Federal Contract Tower,0,18,43,0,61,0,4,45,0,49,0,22,88,0,110,12,0,12,122
01/30/2022,SUA,FL,ASO,ES,Federal Contract Tower,0,46,63,0,109,0,6,202,0,208,0,52,265,0,317,32,0,32,349
01/31/2022,SUA,FL,ASO,ES,Federal Contract Tower,0,30,73,0,103,0,6,279,0,285,0,36,352,0,388,168,0,168,556
02/01/2022,SUA,FL,ASO,ES,Federal Contract Tower,0,33,81,0,114,0,15,259,0,274,0,48,340,0,388,142,0,142,530
02/02/2022,SUA,FL,ASO,ES,Federal Contract Tower,0,24,71,0,95,0,19,225,0,244,0,43,296,0,339,76,0,76,415
02/03/2022,SUA,FL,ASO,ES,Federal Contract Tower,0,23,87,0,110,0,7,241,0,248,0,30,328,0,358,120,0,120,478
02/04/2022,SUA,FL,ASO,ES,Federal Contract Tower,0,38,77,0,115,0,3,209,0,212,0,41,286,0,327,129,0,129,456
02/05/2022,SUA,FL,ASO,ES,Federal Contract Tower,0,27,98,0,125,0,2,61,0,63,0,29,159,0,188,16,0,16,204
02/06/2022,SUA,FL,ASO,ES,Federal Contract Tower,0,33,70,0,103,0,16,126,0,142,0,49,196,0,245,10,0,10,255
02/07/2022,SUA,FL,ASO,ES,Federal Contract Tower,0,36,87,0,123,0,4,138,0,142,0,40,225,0,265,120,0,120,385
02/08/2022,SUA,FL,ASO,ES,Federal Contract Tower,0,28,75,0,103,0,6,18,0,24,0,34,93,0,127,4,0,4,131
02/09/2022,SUA,FL,ASO,ES,Federal Contract Tower,0,37,89,0,126,0,20,81,0,101,0,57,170,0,227,18,0,18,245
02/10/2022,SUA,FL,ASO,ES,Federal Contract Tower,0,47,96,0,143,0,13,330,2,345,0,60,426,2,488,58,0,58,546
02/11/2022,SUA,FL,ASO,ES,Federal Contract Tower,0,40,87,0,127,0,6,256,0,262,0,46,343,0,389,72,0,72,461
02/12/2022,SUA,FL,ASO,ES,Federal Contract Tower,0,32,39,0,71,0,8,164,0,172,0,40,203,0,243,96,0,96,339
02/13/2022,SUA,FL,ASO,ES,Federal Contract Tower,0,48,53,0,101,0,2,41,0,43,0,50,94,0,144,16,0,16,160
02/14/2022,SUA,FL,ASO,ES,Federal Contract Tower,0,19,78,0,97,0,0,154,0,154,0,19,232,0,251,20,0,20,271
02/15/2022,SUA,FL,ASO,ES,Federal Contract Tower,0,31,82,0,113,0,4,176,0,180,0,35,258,0,293,44,0,44,337
02/16/2022,SUA,FL,ASO,ES,Federal Contract Tower,0,33,71,0,104,0,4,121,0,125,0,37,192,0,229,62,0,62,291
02/17/2022,SUA,FL,ASO,ES,Federal Contract Tower,0,37,97,0,134,0,8,106,0,114,0,45,203,0,248,78,0,78,326
02/18/2022,SUA,FL,ASO,ES,Federal Contract Tower,0,68,102,0,170,0,10,244,0,254,0,78,346,0,424,104,0,104,528
02/19/2022,SUA,FL,ASO,ES,Federal Contract Tower,0,37,70,0,107,0,6,40,0,46,0,43,110,0,153,26,0,26,179
02/20/2022,SUA,FL,ASO,ES,Federal Contract Tower,0,47,87,0,134,0,34,159,0,193,0,81,246,0,327,44,0,44,371
02/21/2022,SUA,FL,ASO,ES,Federal Contract Tower,0,51,117,0,168,0,23,292,0,315,0,74,409,0,483,54,0,54,537
02/22/2022,SUA,FL,ASO,ES,Federal Contract Tower,0,46,89,0,135,0,18,227,0,245,0,64,316,0,380,132,0,132,512
02/23/2022,SUA,FL,ASO,ES,Federal Contract Tower,0,38,91,0,129,0,11,312,2,325,0,49,403,2,454,106,0,106,560
02/24/2022,SUA,FL,ASO,ES,Federal Contract Tower,0,40,107,0,147,0,9,287,0,296,0,49,394,0,443,70,0,70,513
02/25/2022,SUA,FL,ASO,ES,Federal Contract Tower,0,34,70,0,104,0,14,169,0,183,0,48,239,0,287,40,0,40,327
02/26/2022,SUA,FL,ASO,ES,Federal Contract Tower,0,35,89,0,124,0,21,188,0,209,0,56,277,0,333,50,0,50,383
02/27/2022,SUA,FL,ASO,ES,Federal Contract Tower,0,53,88,0,141,0,5,125,0,130,0,58,213,0,271,20,0,20,291
02/28/2022,SUA,FL,ASO,ES,Federal Contract Tower,0,27,71,0,98,0,15,257,0,272,0,42,328,0,370,78,0,78,448
03/01/2022,SUA,FL,ASO,ES,Federal Contract Tower,0,34,79,0,113,0,4,111,0,115,0,38,190,0,228,66,0,66,294
03/02/2022,SUA,FL,ASO,ES,Federal Contract Tower,0,26,114,0,140,0,7,329,0,336,0,33,443,0,476,100,0,100,576
03/03/2022,SUA,FL,ASO,ES,Federal Contract Tower,0,44,107,0,151,0,18,318,0,336,0,62,425,0,487,116,0,116,603
03/04/2022,SUA,FL,ASO,ES,Federal Contract Tower,0,43,82,0,125,0,10,250,0,260,0,53,332,0,385,146,0,146,531
03/05/2022,SUA,FL,ASO,ES,Federal Contract Tower,0,52,54,0,106,0,16,202,0,218,0,68,256,0,324,12,0,12,336
03/06/2022,SUA,FL,ASO,ES,Federal Contract Tower,0,44,90,0,134,0,14,115,0,129,0,58,205,0,263,22,0,22,285
03/07/2022,SUA,FL,ASO,ES,Federal Contract Tower,0,26,65,0,91,0,2,102,0,104,0,28,167,0,195,78,0,78,273
03/08/2022,SUA,FL,ASO,ES,Federal Contract Tower,0,38,64,0,102,0,5,242,0,247,0,43,306,0,349,106,0,106,455
03/09/2022,SUA,FL,ASO,ES,Federal Contract Tower,0,38,72,0,110,0,7,253,0,260,0,45,325,0,370,82,0,82,452
03/10/2022,SUA,FL,ASO,ES,Federal Contract Tower,0,35,64,5,104,0,2,209,2,213,0,37,273,7,317,136,0,136,453
03/11/2022,SUA,FL,ASO,ES,Federal Contract Tower,0,36,77,0,113,0,6,223,0,229,0,42,300,0,342,42,0,42,384
03/12/2022,SUA,FL,ASO,ES,Federal Contract Tower,0,24,52,0,76,0,0,14,0,14,0,24,66,0,90,6,0,6,96
03/13/2022,SUA,FL,ASO,ES,Federal Contract Tower,0,50,90,0,140,0,8,140,0,148,0,58,230,0,288,30,0,30,318
03/14/2022,SUA,FL,ASO,ES,Federal Contract Tower,0,43,71,0,114,0,4,235,0,239,0,47,306,0,353,126,0,126,479
03/15/2022,SUA,FL,ASO,ES,Federal Contract Tower,0,40,57,0,97,0,1,146,0,147,0,41,203,0,244,106,0,106,350
03/16/2022,SUA,FL,ASO,ES,Federal Contract Tower,0,34,66,0,100,0,4,142,0,146,0,38,208,0,246,54,0,54,300
03/17/2022,SUA,FL,ASO,ES,Federal Contract Tower,0,46,84,0,130,0,10,175,2,187,0,56,259,2,317,62,0,62,379
03/18/2022,SUA,FL,ASO,ES,Federal Contract Tower,0,32,81,0,113,0,9,305,0,314,0,41,386,0,427,96,0,96,523
03/19/2022,SUA,FL,ASO,ES,Federal Contract Tower,0,35,82,0,117,0,8,177,0,185,0,43,259,0,302,90,0,90,392
03/20/2022,SUA,FL,ASO,ES,Federal Contract Tower,0,34,86,0,120,0,5,132,0,137,0,39,218,0,257,2,0,2,259
03/21/2022,SUA,FL,ASO,ES,Federal Contract Tower,0,26,55,0,81,0,0,245,0,245,0,26,300,0,326,72,0,72,398
03/22/2022,SUA,FL,ASO,ES,Federal Contract Tower,0,22,71,0,93,0,4,304,0,308,0,26,375,0,401,68,0,68,469
03/23/2022,SUA,FL,ASO,ES,Federal Contract Tower,0,38,73,2,113,0,3,248,0,251,0,41,321,2,364,78,0,78,442
03/24/2022,SUA,FL,ASO,ES,Federal Contract Tower,0,37,74,0,111,0,0,170,0,170,0,37,244,0,281,82,0,82,363
03/25/2022,SUA,FL,ASO,ES,Federal Contract Tower,0,36,94,0,130,0,19,295,0,314,0,55,389,0,444,88,0,88,532
03/26/2022,SUA,FL,ASO,ES,Federal Contract Tower,0,28,82,0,110,0,35,224,0,259,0,63,306,0,369,48,0,48,417
03/27/2022,SUA,FL,ASO,ES,Federal Contract Tower,0,49,87,0,136,0,3,118,0,121,0,52,205,0,257,40,0,40,297
03/28/2022,SUA,FL,ASO,ES,Federal Contract Tower,0,21,66,0,87,0,6,281,0,287,0,27,347,0,374,128,0,128,502
03/29/2022,SUA,FL,ASO,ES,Federal Contract Tower,0,50,86,0,136,0,18,345,0,363,0,68,431,0,499,78,0,78,577
03/30/2022,SUA,FL,ASO,ES,Federal Contract Tower,0,40,106,2,148,0,10,241,4,255,0,50,347,6,403,78,2,80,483
03/31/2022,SUA,FL,ASO,ES,Federal Contract Tower,0,36,61,0,97,0,14,143,0,157,0,50,204,0,254,34,0,34,288
04/01/2022,SUA,FL,ASO,ES,Federal Contract Tower,0,29,88,0,117,0,5,87,0,92,0,34,175,0,209,58,0,58,267
04/02/2022,SUA,FL,ASO,ES,Federal Contract Tower,0,32,42,0,74,0,0,46,0,46,0,32,88,0,120,40,0,40,160
04/03/2022,SUA,FL,ASO,ES,Federal Contract Tower,0,65,80,0,145,0,2,90,0,92,0,67,170,0,237,4,0,4,241
04/04/2022,SUA,FL,ASO,ES,Federal Contract Tower,0,54,81,0,135,0,15,234,0,249,0,69,315,0,384,116,0,116,500
04/05/2022,SUA,FL,ASO,ES,Federal Contract Tower,0,51,63,0,114,0,6,236,0,242,0,57,299,0,356,132,0,132,488
04/06/2022,SUA,FL,ASO,ES,Federal Contract Tower,0,48,95,0,143,0,5,204,0,209,0,53,299,0,352,80,0,80,432
04/07/2022,SUA,FL,ASO,ES,Federal Contract Tower,0,37,65,0,102,0,10,183,0,193,0,47,248,0,295,108,0,108,403
04/08/2022,SUA,FL,ASO,ES,Federal Contract Tower,0,42,108,0,150,0,6,274,0,280,0,48,382,0,430,128,0,128,558
04/09/2022,SUA,FL,ASO,ES,Federal Contract Tower,0,55,89,0,144,0,14,172,0,186,0,69,261,0,330,54,0,54,384
04/10/2022,SUA,FL,ASO,ES,Federal Contract Tower,0,35,74,0,109,0,4,171,0,175,0,39,245,0,284,4,0,4,288
04/11/2022,SUA,FL,ASO,ES,Federal Contract Tower,0,40,67,0,107,0,5,243,0,248,0,45,310,0,355,128,0,128,483
04/12/2022,SUA,FL,ASO,ES,Federal Contract Tower,0,19,69,0,88,0,8,233,2,243,0,27,302,2,331,144,0,144,475
04/13/2022,SUA,FL,ASO,ES,Federal Contract Tower,0,41,109,0,150,0,4,237,1,242,0,45,346,1,392,134,0,134,526
04/14/2022,SUA,FL,ASO,ES,Federal Contract Tower,0,48,104,0,152,0,8,224,0,232,0,56,328,0,384,64,0,64,448
04/15/2022,SUA,FL,ASO,ES,Federal Contract Tower,0,50,77,0,127,0,10,104,0,114,0,60,181,0,241,70,0,70,311
04/16/2022,SUA,FL,ASO,ES,Federal Contract Tower,0,26,57,0,83,0,6,178,0,184,0,32,235,0,267,76,0,76,343
04/17/2022,SUA,FL,ASO,ES,Federal Contract Tower,0,32,64,0,96,0,0,123,0,123,0,32,187,0,219,18,0,18,237
04/18/2022,SUA,FL,ASO,ES,Federal Contract Tower,0,56,103,0,159,0,4,263,0,267,0,60,366,0,426,82,0,82,508
04/19/2022,SUA,FL,ASO,ES,Federal Contract Tower,0,37,60,0,97,0,6,166,3,175,0,43,226,3,272,24,0,24,296
04/20/2022,SUA,FL,ASO,ES,Federal Contract Tower,0,34,65,0,99,0,3,163,0,166,0,37,228,0,265,100,0,100,365
04/21/2022,SUA,FL,ASO,ES,Federal Contract Tower,0,46,73,0,119,0,16,203,0,219,0,62,276,0,338,64,0,64,402
04/22/2022,SUA,FL,ASO,ES,Federal Contract Tower,0,26,64,0,90,0,8,156,0,164,0,34,220,0,254,44,0,44,298
04/23/2022,SUA,FL,ASO,ES,Federal Contract Tower,0,33,57,0,90,0,5,80,0,85,0,38,137,0,175,8,0,8,183
04/24/2022,SUA,FL,ASO,ES,Federal Contract Tower,0,43,91,0,134,0,2,105,0,107,0,45,196,0,241,14,0,14,255
04/25/2022,SUA,FL,ASO,ES,Federal Contract Tower,0,35,71,0,106,0,3,255,2,260,0,38,326,2,366,132,0,132,498
04/26/2022,SUA,FL,ASO,ES,Federal Contract Tower,0,44,63,0,107,0,5,312,2,319,0,49,375,2,426,158,0,158,584
04/27/2022,SUA,FL,ASO,ES,Federal Contract Tower,0,45,69,0,114,0,20,317,0,337,0,65,386,0,451,136,0,136,587
04/28/2022,SUA,FL,ASO,ES,Federal Contract Tower,0,43,102,0,145,0,0,175,0,175,0,43,277,0,320,42,0,42,362
04/29/2022,SUA,FL,ASO,ES,Federal Contract Tower,0,35,56,0,91,0,0,66,0,66,0,35,122,0,157,20,0,20,177
04/30/2022,SUA,FL,ASO,ES,Federal Contract Tower,0,28,38,0,66,0,6,78,0,84,0,34,116,0,150,38,0,38,188
05/01/2022,SUA,FL,ASO,ES,Federal Contract Tower,0,38,84,0,122,0,2,149,0,151,0,40,233,0,273,46,0,46,319
05/02/2022,SUA,FL,ASO,ES,Federal Contract Tower,0,21,49,0,70,0,4,196,0,200,0,25,245,0,270,194,0,194,464
05/03/2022,SUA,FL,ASO,ES,Federal Contract Tower,0,28,50,0,78,0,7,161,0,168,0,35,211,0,246,98,0,98,344
05/04/2022,SUA,FL,ASO,ES,Federal Contract Tower,0,27,86,0,113,0,7,135,1,143,0,34,221,1,256,176,0,176,432
05/05/2022,SUA,FL,ASO,ES,Federal Contract Tower,0,35,70,0,105,0,4,205,0,209,0,39,275,0,314,114,0,114,428
05/06/2022,SUA,FL,ASO,ES,Federal Contract Tower,0,29,62,0,91,0,1,249,0,250,0,30,311,0,341,122,0,122,463
05/07/2022,SUA,FL,ASO,ES,Federal Contract Tower,0,29,40,0,69,0,5,60,0,65,0,34,100,0,134,8,0,8,142
05/08/2022,SUA,FL,ASO,ES,Federal Contract Tower,0,31,69,0,100,0,3,119,0,122,0,34,188,0,222,20,0,20,242
05/09/2022,SUA,FL,ASO,ES,Federal Contract Tower,0,25,68,0,93,0,0,234,0,234,0,25,302,0,327,150,0,150,477
05/10/2022,SUA,FL,ASO,ES,Federal Contract Tower,0,29,57,0,86,0,6,164,0,170,0,35,221,0,256,64,2,66,322
05/11/2022,SUA,FL,ASO,ES,Federal Contract Tower,0,19,73,0,92,0,6,140,0,146,0,25,213,0,238,44,0,44,282
05/12/2022,SUA,FL,ASO,ES,Federal Contract Tower,0,35,76,0,111,0,2,241,0,243,0,37,317,0,354,100,0,100,454
05/13/2022,SUA,FL,ASO,ES,Federal Contract Tower,0,27,28,0,55,0,6,228,0,234,0,33,256,0,289,138,0,138,427
05/14/2022,SUA,FL,ASO,ES,Federal Contract Tower,0,18,52,0,70,0,4,191,0,195,0,22,243,0,265,104,0,104,369
05/15/2022,SUA,FL,ASO,ES,Federal Contract Tower,0,30,67,0,97,0,0,99,0,99,0,30,166,0,196,12,0,12,208
05/16/2022,SUA,FL,ASO,ES,Federal Contract Tower,0,34,44,0,78,0,2,217,0,219,0,36,261,0,297,196,0,196,493
05/17/2022,SUA,FL,ASO,ES,Federal Contract Tower,0,28,49,0,77,0,2,312,0,314,0,30,361,0,391,216,0,216,607
05/18/2022,SUA,FL,ASO,ES,Federal Contract Tower,0,23,56,0,79,0,3,258,0,261,0,26,314,0,340,178,0,178,518
05/19/2022,SUA,FL,ASO,ES,Federal Contract Tower,0,39,55,0,94,0,8,253,0,261,0,47,308,0,355,130,0,130,485
05/20/2022,SUA,FL,ASO,ES,Federal Contract Tower,0,24,46,0,70,0,0,134,0,134,0,24,180,0,204,78,0,78,282
05/21/2022,SUA,FL,ASO,ES,Federal Contract Tower,0,37,30,0,67,0,4,58,0,62,0,41,88,0,129,16,0,16,145
05/22/2022,SUA,FL,ASO,ES,Federal Contract Tower,0,25,55,0,80,0,10,117,0,127,0,35,172,0,207,18,0,18,225
05/23/2022,SUA,FL,ASO,ES,Federal Contract Tower,0,26,61,0,87,0,12,300,0,312,0,38,361,0,399,132,0,132,531
05/24/2022,SUA,FL,ASO,ES,Federal Contract Tower,0,32,52,0,84,0,0,304,0,304,0,32,356,0,388,112,0,112,500
05/25/2022,SUA,FL,ASO,ES,Federal Contract Tower,0,28,53,0,81,0,10,295,0,305,0,38,348,0,386,100,0,100,486
05/26/2022,SUA,FL,ASO,ES,Federal Contract Tower,0,29,70,0,99,0,0,278,0,278,0,29,348,0,377,102,0,102,479
05/27/2022,SUA,FL,ASO,ES,Federal Contract Tower,0,25,82,0,107,0,2,223,0,225,0,27,305,0,332,104,0,104,436
05/28/2022,SUA,FL,ASO,ES,Federal Contract Tower,0,13,31,0,44,0,8,109,0,117,0,21,140,0,161,32,0,32,193
05/29/2022,SUA,FL,ASO,ES,Federal Contract Tower,0,9,43,0,52,0,8,83,0,91,0,17,126,0,143,6,0,6,149
05/30/2022,SUA,FL,ASO,ES,Federal Contract Tower,0,17,47,0,64,0,2,155,2,159,0,19,202,2,223,210,0,210,433
05/31/2022,SUA,FL,ASO,ES,Federal Contract Tower,0,42,51,0,93,0,0,0,0,0,0,42,51,0,93,176,0,176,269
06/01/2022,SUA,FL,ASO,ES,Federal Contract Tower,0,37,41,0,78,0,10,120,0,130,0,47,161,0,208,78,0,78,286
06/02/2022,SUA,FL,ASO,ES,Federal Contract Tower,0,16,54,0,70,0,13,285,0,298,0,29,339,0,368,140,0,140,508
06/03/2022,SUA,FL,ASO,ES,Federal Contract Tower,0,10,22,0,32,0,0,43,0,43,0,10,65,0,75,8,0,8,83
06/04/2022,SUA,FL,ASO,ES,Federal Contract Tower,0,5,17,0,22,0,2,2,0,4,0,7,19,0,26,4,0,4,30
06/05/2022,SUA,FL,ASO,ES,Federal Contract Tower,0,28,50,0,78,0,0,83,0,83,0,28,133,0,161,52,0,52,213
06/06/2022,SUA,FL,ASO,ES,Federal Contract Tower,0,23,43,0,66,0,3,273,0,276,0,26,316,0,342,104,0,104,446
06/07/2022,SUA,FL,ASO,ES,Federal Contract Tower,0,17,40,0,57,0,2,176,2,180,0,19,216,2,237,60,0,60,297
06/08/2022,SUA,FL,ASO,ES,Federal Contract Tower,0,11,43,0,54,0,4,212,0,216,0,15,255,0,270,162,0,162,432
06/09/2022,SUA,FL,ASO,ES,Federal Contract Tower,0,18,53,0,71,0,26,187,0,213,0,44,240,0,284,112,0,112,396
06/10/2022,SUA,FL,ASO,ES,Federal Contract Tower,0,18,29,0,47,0,17,122,0,139,0,35,151,0,186,100,0,100,286
06/11/2022,SUA,FL,ASO,ES,Federal Contract Tower,0,24,49,0,73,0,12,134,0,146,0,36,183,0,219,62,0,62,281
06/12/2022,SUA,FL,ASO,ES,Federal Contract Tower,0,24,38,0,62,0,2,126,0,128,0,26,164,0,190,10,0,10,200
06/13/2022,SUA,FL,ASO,ES,Federal Contract Tower,0,15,46,0,61,0,3,286,0,289,0,18,332,0,350,182,0,182,532
06/14/2022,SUA,FL,ASO,ES,Federal Contract Tower,0,15,34,0,49,0,5,314,1,320,0,20,348,1,369,208,6,214,583
06/15/2022,SUA,FL,ASO,ES,Federal Contract Tower,0,18,40,0,58,0,5,275,0,280,0,23,315,0,338,206,0,206,544
06/16/2022,SUA,FL,ASO,ES,Federal Contract Tower,0,9,47,0,56,0,2,294,0,296,0,11,341,0,352,214,0,214,566
06/17/2022,SUA,FL,ASO,ES,Federal Contract Tower,0,12,61,0,73,0,8,243,2,253,0,20,304,2,326,126,0,126,452
06/18/2022,SUA,FL,ASO,ES,Federal Contract Tower,0,19,52,0,71,0,2,196,0,198,0,21,248,0,269,102,0,102,371
06/19/2022,SUA,FL,ASO,ES,Federal Contract Tower,0,8,34,0,42,0,2,103,0,105,0,10,137,0,147,14,0,14,161
06/20/2022,SUA,FL,ASO,ES,Federal Contract Tower,0,12,52,0,64,0,4,226,0,230,0,16,278,0,294,182,0,182,476
06/21/2022,SUA,FL,ASO,ES,Federal Contract Tower,0,15,31,0,46,0,3,256,2,261,0,18,287,2,307,114,4,118,425
06/22/2022,SUA,FL,ASO,ES,Federal Contract Tower,0,21,54,0,75,0,6,330,0,336,0,27,384,0,411,132,0,132,543
06/23/2022,SUA,FL,ASO,ES,Federal Contract Tower,0,8,59,0,67,0,2,308,0,310,0,10,367,0,377,146,0,146,523
06/24/2022,SUA,FL,ASO,ES,Federal Contract Tower,0,30,42,0,72,0,2,232,0,234,0,32,274,0,306,86,0,86,392
06/25/2022,SUA,FL,ASO,ES,Federal Contract Tower,0,22,32,0,54,0,13,80,0,93,0,35,112,0,147,18,0,18,165
06/26/2022,SUA,FL,ASO,ES,Federal Contract Tower,0,21,33,0,54,0,10,109,0,119,0,31,142,0,173,10,0,10,183
06/27/2022,SUA,FL,ASO,ES,Federal Contract Tower,0,27,29,0,56,0,239,0,0,239,0,266,29,0,295,166,0,166,461
06/28/2022,SUA,FL,ASO,ES,Federal Contract Tower,0,15,52,0,67,0,10,263,0,273,0,25,315,0,340,182,0,182,522
06/29/2022,SUA,FL,ASO,ES,Federal Contract Tower,0,8,28,0,36,0,7,190,0,197,0,15,218,0,233,54,0,54,287
06/30/2022,SUA,FL,ASO,ES,Federal Contract Tower,0,24,36,0,60,0,8,186,0,194,0,32,222,0,254,54,0,54,308
07/01/2022,SUA,FL,ASO,ES,Federal Contract Tower,0,24,55,0,79,0,8,227,0,235,0,32,282,0,314,164,0,164,478
07/02/2022,SUA,FL,ASO,ES,Federal Contract Tower,0,8,45,0,53,0,5,105,0,110,0,13,150,0,163,36,0,36,199
07/03/2022,SUA,FL,ASO,ES,Federal Contract Tower,0,13,23,0,36,0,4,93,0,97,0,17,116,0,133,24,0,24,157
07/04/2022,SUA,FL,ASO,ES,Federal Contract Tower,0,8,17,0,25,0,2,171,0,173,0,10,188,0,198,218,0,218,416
07/05/2022,SUA,FL,ASO,ES,Federal Contract Tower,0,12,42,0,54,0,3,240,0,243,0,15,282,0,297,216,0,216,513
07/06/2022,SUA,FL,ASO,ES,Federal Contract Tower,0,16,40,0,56,0,2,212,0,214,0,18,252,0,270,210,0,210,480
07/07/2022,SUA,FL,ASO,ES,Federal Contract Tower,0,31,42,0,73,0,6,269,0,275,0,37,311,0,348,168,0,168,516
07/08/2022,SUA,FL,ASO,ES,Federal Contract Tower,0,16,17,0,33,0,1,181,2,184,0,17,198,2,217,108,0,108,325
07/09/2022,SUA,FL,ASO,ES,Federal Contract Tower,0,15,31,0,46,0,9,142,0,151,0,24,173,0,197,34,0,34,231
07/10/2022,SUA,FL,ASO,ES,Federal Contract Tower,0,13,41,0,54,0,7,103,0,110,0,20,144,0,164,18,0,18,182
07/11/2022,SUA,FL,ASO,ES,Federal Contract Tower,0,11,45,0,56,0,2,211,2,215,0,13,256,2,271,196,0,196,467
07/12/2022,SUA,FL,ASO,ES,Federal Contract Tower,0,9,40,0,49,0,6,233,2,241,0,15,273,2,290,120,0,120,410
07/13/2022,SUA,FL,ASO,ES,Federal Contract Tower,0,12,33,0,45,0,4,249,1,254,0,16,282,1,299,138,0,138,437
07/14/2022,SUA,FL,ASO,ES,Federal Contract Tower,0,9,40,0,49,0,2,259,1,262,0,11,299,1,311,176,0,176,487
07/15/2022,SUA,FL,ASO,ES,Federal Contract Tower,0,13,40,0,53,0,6,228,0,234,0,19,268,0,287,180,0,180,467
07/16/2022,SUA,FL,ASO,ES,Federal Contract Tower,0,7,19,0,26,0,4,95,0,99,0,11,114,0,125,38,0,38,163
07/17/2022,SUA,FL,ASO,ES,Federal Contract Tower,0,1,22,0,23,0,0,0,0,0,0,1,22,0,23,18,0,18,41
07/18/2022,SUA,FL,ASO,ES,Federal Contract Tower,0,10,45,0,55,0,2,222,4,228,0,12,267,4,283,136,0,136,419
07/19/2022,SUA,FL,ASO,ES,Federal Contract Tower,0,6,45,0,51,0,8,262,0,270,0,14,307,0,321,170,0,170,491
07/20/2022,SUA,FL,ASO,ES,Federal Contract Tower,0,18,34,2,54,0,8,259,0,267,0,26,293,2,321,102,0,102,423
07/21/2022,SUA,FL,ASO,ES,Federal Contract Tower,0,12,47,0,59,0,4,233,0,237,0,16,280,0,296,122,0,122,418
07/22/2022,SUA,FL,ASO,ES,Federal Contract Tower,0,6,39,0,45,0,16,183,0,199,0,22,222,0,244,116,0,116,360
07/23/2022,SUA,FL,ASO,ES,Federal Contract Tower,0,6,43,0,49,0,1,118,0,119,0,7,161,0,168,54,0,54,222
07/24/2022,SUA,FL,ASO,ES,Federal Contract Tower,0,11,35,0,46,0,6,142,0,148,0,17,177,0,194,6,0,6,200
07/25/2022,SUA,FL,ASO,ES,Federal Contract Tower,0,16,29,0,45,0,7,160,0,167,0,23,189,0,212,146,0,146,358
07/26/2022,SUA,FL,ASO,ES,Federal Contract Tower,0,16,32,0,48,0,3,125,0,128,0,19,157,0,176,92,0,92,268
07/27/2022,SUA,FL,ASO,ES,Federal Contract Tower,0,14,52,0,66,0,4,206,0,210,0,18,258,0,276,182,0,182,458
07/28/2022,SUA,FL,ASO,ES,Federal Contract Tower,0,14,41,2,57,0,14,226,0,240,0,28,267,2,297,140,0,140,437
07/29/2022,SUA,FL,ASO,ES,Federal Contract Tower,0,6,54,0,60,0,0,201,0,201,0,6,255,0,261,132,0,132,393
07/30/2022,SUA,FL,ASO,ES,Federal Contract Tower,0,12,26,0,38,0,5,111,0,116,0,17,137,0,154,36,0,36,190
07/31/2022,SUA,FL,ASO,ES,Federal Contract Tower,0,5,46,0,51,0,0,117,0,117,0,5,163,0,168,26,0,26,194
08/01/2022,SUA,FL,ASO,ES,Federal Contract Tower,0,16,31,0,47,0,2,158,0,160,0,18,189,0,207,186,0,186,393
08/02/2022,SUA,FL,ASO,ES,Federal Contract Tower,0,9,40,0,49,0,5,209,0,214,0,14,249,0,263,136,0,136,399
08/03/2022,SUA,FL,ASO,ES,Federal Contract Tower,0,11,53,0,64,0,9,209,0,218,0,20,262,0,282,154,0,154,436
08/04/2022,SUA,FL,ASO,ES,Federal Contract Tower,0,8,41,0,49,0,8,222,3,233,0,16,263,3,282,88,0,88,370
08/05/2022,SUA,FL,ASO,ES,Federal Contract Tower,0,13,46,0,59,0,8,188,0,196,0,21,234,0,255,150,0,150,405
08/06/2022,SUA,FL,ASO,ES,Federal Contract Tower,0,14,28,0,42,0,13,114,0,127,0,27,142,0,169,24,0,24,193
08/07/2022,SUA,FL,ASO,ES,Federal Contract Tower,0,8,22,0,30,0,14,80,0,94,0,22,102,0,124,46,0,46,170
08/08/2022,SUA,FL,ASO,ES,Federal Contract Tower,0,17,41,0,58,0,6,154,1,161,0,23,195,1,219,150,0,150,369
08/09/2022,SUA,FL,ASO,ES,Federal Contract Tower,0,11,33,0,44,0,89,135,0,224,0,100,168,0,268,122,0,122,390
08/10/2022,SUA,FL,ASO,ES,Federal Contract Tower,0,13,40,0,53,0,62,231,0,293,0,75,271,0,346,88,0,88,434
08/11/2022,SUA,FL,ASO,ES,Federal Contract Tower,0,16,39,0,55,0,6,204,2,212,0,22,243,2,267,124,0,124,391
08/12/2022,SUA,FL,ASO,ES,Federal Contract Tower,0,9,26,0,35,0,8,218,0,226,0,17,244,0,261,182,0,182,443
08/13/2022,SUA,FL,ASO,ES,Federal Contract Tower,0,12,23,0,35,0,8,107,2,117,0,20,130,2,152,42,0,42,194
08/14/2022,SUA,FL,ASO,ES,Federal Contract Tower,0,14,24,0,38,0,4,100,0,104,0,18,124,0,142,8,0,8,150
08/15/2022,SUA,FL,ASO,ES,Federal Contract Tower,0,11,26,1,38,0,4,171,0,175,0,15,197,1,213,118,0,118,331
08/16/2022,SUA,FL,ASO,ES,Federal Contract Tower,0,18,35,0,53,0,3,179,0,182,0,21,214,0,235,134,0,134,369
08/17/2022,SUA,FL,ASO,ES,Federal Contract Tower,0,7,59,0,66,0,3,229,0,232,0,10,288,0,298,110,0,110,408
08/18/2022,SUA,FL,ASO,ES,Federal Contract Tower,0,16,42,0,58,0,6,203,0,209,0,22,245,0,267,80,0,80,347
08/19/2022,SUA,FL,ASO,ES,Federal Contract Tower,0,11,46,0,57,0,2,260,0,262,0,13,306,0,319,124,0,124,443
08/20/2022,SUA,FL,ASO,ES,Federal Contract Tower,0,3,34,0,37,0,18,129,0,147,0,21,163,0,184,66,0,66,250
08/21/2022,SUA,FL,ASO,ES,Federal Contract Tower,0,14,21,0,35,0,4,133,0,137,0,18,154,0,172,56,0,56,228
08/22/2022,SUA,FL,ASO,ES,Federal Contract Tower,0,9,28,0,37,0,13,236,0,249,0,22,264,0,286,136,0,136,422
08/23/2022,SUA,FL,ASO,ES,Federal Contract Tower,0,20,36,0,56,0,16,173,0,189,0,36,209,0,245,206,0,206,451
08/24/2022,SUA,FL,ASO,ES,Federal Contract Tower,0,19,47,0,66,0,10,235,0,245,0,29,282,0,311,274,0,274,585
08/25/2022,SUA,FL,ASO,ES,Federal Contract Tower,0,15,30,0,45,0,14,261,0,275,0,29,291,0,320,240,0,240,560
08/26/2022,SUA,FL,ASO,ES,Federal Contract Tower,0,13,37,0,50,0,19,230,0,249,0,32,267,0,299,210,0,210,509
08/27/2022,SUA,FL,ASO,ES,Federal Contract Tower,0,13,35,0,48,0,3,174,0,177,0,16,209,0,225,64,0,64,289
08/28/2022,SUA,FL,ASO,ES,Federal Contract Tower,0,19,31,0,50,0,0,85,0,85,0,19,116,0,135,6,0,6,141
08/29/2022,SUA,FL,ASO,ES,Federal Contract Tower,0,14,31,0,45,0,6,145,4,155,0,20,176,4,200,190,0,190,390
08/30/2022,SUA,FL,ASO,ES,Federal Contract Tower,0,14,36,0,50,0,5,270,2,277,0,19,306,2,327,202,0,202,529
08/31/2022,SUA,FL,ASO,ES,Federal Contract Tower,0,10,66,0,76,0,2,311,0,313,0,12,377,0,389,178,0,178,567
09/01/2022,SUA,FL,ASO,ES,Federal Contract Tower,0,17,40,0,57,0,8,264,1,273,0,25,304,1,330,134,0,134,464
09/02/2022,SUA,FL,ASO,ES,Federal Contract Tower,0,10,55,0,65,0,5,254,0,259,0,15,309,0,324,108,0,108,432
09/03/2022,SUA,FL,ASO,ES,Federal Contract Tower,0,1,30,0,31,0,6,132,0,138,0,7,162,0,169,76,0,76,245
09/04/2022,SUA,FL,ASO,ES,Federal Contract Tower,0,15,31,0,46,0,10,100,0,110,0,25,131,0,156,16,0,16,172
09/05/2022,SUA,FL,ASO,ES,Federal Contract Tower,0,13,25,0,38,0,8,192,0,200,0,21,217,0,238,120,0,120,358
09/06/2022,SUA,FL,ASO,ES,Federal Contract Tower,0,15,53,0,68,0,8,250,0,258,0,23,303,0,326,160,0,160,486
09/07/2022,SUA,FL,ASO,ES,Federal Contract Tower,0,9,42,0,51,0,8,277,0,285,0,17,319,0,336,198,0,198,534
09/08/2022,SUA,FL,ASO,ES,Federal Contract Tower,0,8,28,0,36,0,0,197,0,197,0,8,225,0,233,108,0,108,341
09/09/2022,SUA,FL,ASO,ES,Federal Contract Tower,0,12,37,0,49,0,2,188,0,190,0,14,225,0,239,128,0,128,367
09/10/2022,SUA,FL,ASO,ES,Federal Contract Tower,0,11,26,0,37,0,3,118,0,121,0,14,144,0,158,38,0,38,196
09/11/2022,SUA,FL,ASO,ES,Federal Contract Tower,0,9,32,0,41,0,10,113,0,123,0,19,145,0,164,42,0,42,206
09/12/2022,SUA,FL,ASO,ES,Federal Contract Tower,0,20,33,0,53,0,24,228,2,254,0,44,261,2,307,200,0,200,507
09/13/2022,SUA,FL,ASO,ES,Federal Contract Tower,0,6,31,0,37,0,5,212,0,217,0,11,243,0,254,154,0,154,408
09/14/2022,SUA,FL,ASO,ES,Federal Contract Tower,0,11,36,0,47,0,6,146,0,152,0,17,182,0,199,114,0,114,313
09/15/2022,SUA,FL,ASO,ES,Federal Contract Tower,0,14,46,0,60,0,2,166,0,168,0,16,212,0,228,46,0,46,274
09/16/2022,SUA,FL,ASO,ES,Federal Contract Tower,0,6,40,0,46,0,9,214,0,223,0,15,254,0,269,148,0,148,417
09/17/2022,SUA,FL,ASO,ES,Federal Contract Tower,0,7,32,0,39,0,4,108,0,112,0,11,140,0,151,36,0,36,187
09/18/2022,SUA,FL,ASO,ES,Federal Contract Tower,0,15,43,0,58,0,22,113,0,135,0,37,156,0,193,54,0,54,247
09/19/2022,SUA,FL,ASO,ES,Federal Contract Tower,0,13,34,0,47,0,2,192,1,195,0,15,226,1,242,214,0,214,456
09/20/2022,SUA,FL,ASO,ES,Federal Contract Tower,0,13,31,0,44,0,6,231,2,239,0,19,262,2,283,178,0,178,461
09/21/2022,SUA,FL,ASO,ES,Federal Contract Tower,0,13,36,0,49,0,6,225,2,233,0,19,261,2,282,120,0,120,402
09/22/2022,SUA,FL,ASO,ES,Federal Contract Tower,0,8,47,0,55,0,6,233,1,240,0,14,280,1,295,154,0,154,449
09/23/2022,SUA,FL,ASO,ES,Federal Contract Tower,0,23,49,0,72,0,6,206,0,212,0,29,255,0,284,138,0,138,422
09/24/2022,SUA,FL,ASO,ES,Federal Contract Tower,0,18,28,0,46,0,1,19,0,20,0,19,47,0,66,8,0,8,74
09/25/2022,SUA,FL,ASO,ES,Federal Contract Tower,0,18,38,0,56,0,0,116,0,116,0,18,154,0,172,52,0,52,224
09/26/2022,SUA,FL,ASO,ES,Federal Contract Tower,0,21,41,1,63,0,4,123,0,127,0,25,164,1,190,106,0,106,296
09/27/2022,SUA,FL,ASO,ES,Federal Contract Tower,0,13,26,0,39,0,2,22,0,24,0,15,48,0,63,40,0,40,103
09/28/2022,SUA,FL,ASO,ES,Federal Contract Tower,0,1,3,0,4,0,0,0,0,0,0,1,3,0,4,0,0,0,4
09/29/2022,SUA,FL,ASO,ES,Federal Contract Tower,0,7,7,0,14,0,1,0,0,1,0,8,7,0,15,0,0,0,15
09/30/2022,SUA,FL,ASO,ES,Federal Contract Tower,0,13,28,0,41,0,12,225,0,237,0,25,253,0,278,140,0,140,418
10/01/2022,SUA,FL,ASO,ES,Federal Contract Tower,0,7,48,0,55,0,8,200,0,208,0,15,248,0,263,62,0,62,325
10/02/2022,SUA,FL,ASO,ES,Federal Contract Tower,0,23,35,0,58,0,8,103,0,111,0,31,138,0,169,36,0,36,205
10/03/2022,SUA,FL,ASO,ES,Federal Contract Tower,0,16,41,0,57,0,8,253,0,261,0,24,294,0,318,174,0,174,492
10/04/2022,SUA,FL,ASO,ES,Federal Contract Tower,0,18,40,0,58,0,2,247,0,249,0,20,287,0,307,100,0,100,407
10/05/2022,SUA,FL,ASO,ES,Federal Contract Tower,0,16,46,0,62,0,4,245,0,249,0,20,291,0,311,172,0,172,483
10/06/2022,SUA,FL,ASO,ES,Federal Contract Tower,0,32,57,0,89,0,6,287,0,293,0,38,344,0,382,108,0,108,490
10/07/2022,SUA,FL,ASO,ES,Federal Contract Tower,0,14,67,0,81,0,4,319,0,323,0,18,386,0,404,130,0,130,534
10/08/2022,SUA,FL,ASO,ES,Federal Contract Tower,0,23,48,0,71,0,2,192,0,194,0,25,240,0,265,24,0,24,289
10/09/2022,SUA,FL,ASO,ES,Federal Contract Tower,0,25,39,0,64,0,0,70,0,70,0,25,109,0,134,2,0,2,136
10/10/2022,SUA,FL,ASO,ES,Federal Contract Tower,0,17,36,0,53,0,2,216,4,222,0,19,252,4,275,210,0,210,485
10/11/2022,SUA,FL,ASO,ES,Federal Contract Tower,0,32,46,0,78,0,10,322,2,334,0,42,368,2,412,190,0,190,602
10/12/2022,SUA,FL,ASO,ES,Federal Contract Tower,0,36,62,0,98,0,2,296,0,298,0,38,358,0,396,160,0,160,556
10/13/2022,SUA,FL,ASO,ES,Federal Contract Tower,0,17,56,0,73,0,8,139,0,147,0,25,195,0,220,100,0,100,320
10/14/2022,SUA,FL,ASO,ES,Federal Contract Tower,0,30,54,0,84,0,10,269,0,279,0,40,323,0,363,170,0,170,533
10/15/2022,SUA,FL,ASO,ES,Federal Contract Tower,0,18,40,0,58,0,0,102,0,102,0,18,142,0,160,43,0,43,203
10/16/2022,SUA,FL,ASO,ES,Federal Contract Tower,0,38,76,0,114,0,0,185,0,185,0,38,261,0,299,70,0,70,369
10/17/2022,SUA,FL,ASO,ES,Federal Contract Tower,0,35,44,0,79,0,4,227,0,231,0,39,271,0,310,124,0,124,434
10/18/2022,SUA,FL,ASO,ES,Federal Contract Tower,0,22,41,0,63,0,0,0,0,0,0,22,41,0,63,180,0,180,243
10/19/2022,SUA,FL,ASO,ES,Federal Contract Tower,0,19,56,0,75,0,4,304,0,308,0,23,360,0,383,208,0,208,591
10/20/2022,SUA,FL,ASO,ES,Federal Contract Tower,0,47,39,0,86,0,9,281,0,290,0,56,320,0,376,134,0,134,510
10/21/2022,SUA,FL,ASO,ES,Federal Contract Tower,0,24,49,0,73,0,13,248,0,261,0,37,297,0,334,84,0,84,418
10/22/2022,SUA,FL,ASO,ES,Federal Contract Tower,0,26,42,0,68,0,13,146,0,159,0,39,188,0,227,32,0,32,259
10/23/2022,SUA,FL,ASO,ES,Federal Contract Tower,0,42,48,0,90,0,0,162,0,162,0,42,210,0,252,18,0,18,270
10/24/2022,SUA,FL,ASO,ES,Federal Contract Tower,0,24,62,0,86,0,20,267,2,289,0,44,329,2,375,118,0,118,493
10/25/2022,SUA,FL,ASO,ES,Federal Contract Tower,0,37,58,0,95,0,13,355,2,370,0,50,413,2,465,116,0,116,581
10/26/2022,SUA,FL,ASO,ES,Federal Contract Tower,0,26,63,0,89,0,8,388,0,396,0,34,451,0,485,164,0,164,649
10/27/2022,SUA,FL,ASO,ES,Federal Contract Tower,0,38,65,0,103,0,6,341,0,347,0,44,406,0,450,158,0,158,608
10/28/2022,SUA,FL,ASO,ES,Federal Contract Tower,0,36,63,0,99,0,13,348,0,361,0,49,411,0,460,132,0,132,592
10/29/2022,SUA,FL,ASO,ES,Federal Contract Tower,0,18,55,0,73,0,0,93,0,93,0,18,148,0,166,40,0,40,206
10/30/2022,SUA,FL,ASO,ES,Federal Contract Tower,0,36,55,0,91,0,0,204,0,204,0,36,259,0,295,94,0,94,389
10/31/2022,SUA,FL,ASO,ES,Federal Contract Tower,0,21,51,0,72,0,7,272,0,279,0,28,323,0,351,158,0,158,509
11/01/2022,SUA,FL,ASO,ES,Federal Contract Tower,0,27,53,0,80,0,8,278,0,286,0,35,331,0,366,218,0,218,584
11/02/2022,SUA,FL,ASO,ES,Federal Contract Tower,0,39,63,0,102,0,2,236,2,240,0,41,299,2,342,130,0,130,472
11/03/2022,SUA,FL,ASO,ES,Federal Contract Tower,0,40,63,0,103,0,0,336,0,336,0,40,399,0,439,142,0,142,581
11/04/2022,SUA,FL,ASO,ES,Federal Contract Tower,0,33,68,0,101,0,3,233,0,236,0,36,301,0,337,48,0,48,385
11/05/2022,SUA,FL,ASO,ES,Federal Contract Tower,0,30,45,0,75,0,7,164,0,171,0,37,209,0,246,116,0,116,362
11/06/2022,SUA,FL,ASO,ES,Federal Contract Tower,0,34,52,0,86,0,6,92,0,98,0,40,144,0,184,54,0,54,238
11/07/2022,SUA,FL,ASO,ES,Federal Contract Tower,0,25,56,0,81,0,4,165,0,169,0,29,221,0,250,42,0,42,292
11/08/2022,SUA,FL,ASO,ES,Federal Contract Tower,0,28,58,0,86,0,5,38,0,43,0,33,96,0,129,14,0,14,143
11/09/2022,SUA,FL,ASO,ES,Federal Contract Tower,0,2,0,0,2,0,0,0,0,0,0,2,0,0,2,0,0,0,2
11/10/2022,SUA,FL,ASO,ES,Federal Contract Tower,0,3,20,3,26,0,5,44,4,53,0,8,64,7,79,6,6,12,91
11/11/2022,SUA,FL,ASO,ES,Federal Contract Tower,0,22,20,2,44,0,5,102,7,114,0,27,122,9,158,56,10,66,224
11/12/2022,SUA,FL,ASO,ES,Federal Contract Tower,0,8,18,0,26,0,0,51,26,77,0,8,69,26,103,36,0,36,139
11/13/2022,SUA,FL,ASO,ES,Federal Contract Tower,0,17,29,1,47,0,4,87,6,97,0,21,116,7,144,0,0,0,144
11/14/2022,SUA,FL,ASO,ES,Federal Contract Tower,0,42,64,5,111,0,7,312,3,322,0,49,376,8,433,116,0,116,549
11/15/2022,SUA,FL,ASO,ES,Federal Contract Tower,0,34,65,2,101,0,4,374,3,381,0,38,439,5,482,140,0,140,622
11/16/2022,SUA,FL,ASO,ES,Federal Contract Tower,0,25,51,0,76,0,2,290,0,292,0,27,341,0,368,124,0,124,492
11/17/2022,SUA,FL,ASO,ES,Federal Contract Tower,0,32,86,0,118,0,6,230,0,236,0,38,316,0,354,178,0,178,532
11/18/2022,SUA,FL,ASO,ES,Federal Contract Tower,0,28,65,0,93,0,13,296,0,309,0,41,361,0,402,118,0,118,520
11/19/2022,SUA,FL,ASO,ES,Federal Contract Tower,0,33,76,0,109,0,8,212,4,224,0,41,288,4,333,70,0,70,403
11/20/2022,SUA,FL,ASO,ES,Federal Contract Tower,0,37,77,0,114,0,0,8,0,8,0,37,85,0,122,0,0,0,122
11/21/2022,SUA,FL,ASO,ES,Federal Contract Tower,0,47,64,0,111,0,2,38,0,40,0,49,102,0,151,102,0,102,253
11/22/2022,SUA,FL,ASO,ES,Federal Contract Tower,0,42,110,0,152,0,3,82,0,85,0,45,192,0,237,60,0,60,297
11/23/2022,SUA,FL,ASO,ES,Federal Contract Tower,0,22,85,0,107,0,6,130,0,136,0,28,215,0,243,82,0,82,325
11/24/2022,SUA,FL,ASO,ES,Federal Contract Tower,0,20,25,0,45,0,5,97,0,102,0,25,122,0,147,0,0,0,147
11/25/2022,SUA,FL,ASO,ES,Federal Contract Tower,0,34,46,0,80,0,6,280,0,286,0,40,326,0,366,130,0,130,496
11/26/2022,SUA,FL,ASO,ES,Federal Contract Tower,0,40,82,0,122,0,14,201,0,215,0,54,283,0,337,38,0,38,375
11/27/2022,SUA,FL,ASO,ES,Federal Contract Tower,0,50,85,0,135,0,6,162,0,168,0,56,247,0,303,40,0,40,343
11/28/2022,SUA,FL,ASO,ES,Federal Contract Tower,0,37,66,0,103,0,4,179,0,183,0,41,245,0,286,106,0,106,392
11/29/2022,SUA,FL,ASO,ES,Federal Contract Tower,0,35,37,0,72,0,10,358,0,368,0,45,395,0,440,162,0,162,602
11/30/2022,SUA,FL,ASO,ES,Federal Contract Tower,0,30,63,0,93,0,6,359,0,365,0,36,422,0,458,94,0,94,552
12/01/2022,SUA,FL,ASO,ES,Federal Contract Tower,0,33,83,0,116,0,2,147,0,149,0,35,230,0,265,64,0,64,329
12/02/2022,SUA,FL,ASO,ES,Federal Contract Tower,0,36,60,0,96,0,8,257,0,265,0,44,317,0,361,70,0,70,431
12/03/2022,SUA,FL,ASO,ES,Federal Contract Tower,0,16,60,0,76,0,14,133,6,153,0,30,193,6,229,72,0,72,301
12/04/2022,SUA,FL,ASO,ES,Federal Contract Tower,0,37,67,0,104,0,4,245,0,249,0,41,312,0,353,30,0,30,383
12/05/2022,SUA,FL,ASO,ES,Federal Contract Tower,0,26,63,0,89,0,0,0,0,0,0,26,63,0,89,198,0,198,287
12/06/2022,SUA,FL,ASO,ES,Federal Contract Tower,0,29,74,0,103,0,8,341,0,349,0,37,415,0,452,108,0,108,560
12/07/2022,SUA,FL,ASO,ES,Federal Contract Tower,0,36,71,0,107,0,14,349,0,363,0,50,420,0,470,102,0,102,572
12/08/2022,SUA,FL,ASO,ES,Federal Contract Tower,0,36,69,0,105,0,8,259,0,267,0,44,328,0,372,154,0,154,526
12/09/2022,SUA,FL,ASO,ES,Federal Contract Tower,0,37,67,0,104,0,10,318,0,328,0,47,385,0,432,94,0,94,526
12/10/2022,SUA,FL,ASO,ES,Federal Contract Tower,0,25,55,0,80,0,2,243,0,245,0,27,298,0,325,110,0,110,435
12/11/2022,SUA,FL,ASO,ES,Federal Contract Tower,0,35,68,0,103,0,4,64,0,68,0,39,132,0,171,38,0,38,209
12/12/2022,SUA,FL,ASO,ES,Federal Contract Tower,0,31,85,0,116,0,2,132,0,134,0,33,217,0,250,134,0,134,384
12/13/2022,SUA,FL,ASO,ES,Federal Contract Tower,0,33,75,0,108,0,2,181,0,183,0,35,256,0,291,72,0,72,363
12/14/2022,SUA,FL,ASO,ES,Federal Contract Tower,0,36,71,0,107,0,6,125,0,131,0,42,196,0,238,72,0,72,310
12/15/2022,SUA,FL,ASO,ES,Federal Contract Tower,0,29,42,0,71,0,4,183,0,187,0,33,225,0,258,62,0,62,320
12/16/2022,SUA,FL,ASO,ES,Federal Contract Tower,0,33,90,0,123,0,0,198,0,198,0,33,288,0,321,42,0,42,363
12/17/2022,SUA,FL,ASO,ES,Federal Contract Tower,0,34,40,0,74,0,3,188,0,191,0,37,228,0,265,24,0,24,289
12/18/2022,SUA,FL,ASO,ES,Federal Contract Tower,0,28,48,0,76,0,4,142,0,146,0,32,190,0,222,38,0,38,260
12/19/2022,SUA,FL,ASO,ES,Federal Contract Tower,0,31,61,0,92,0,2,280,0,282,0,33,341,0,374,134,0,134,508
12/20/2022,SUA,FL,ASO,ES,Federal Contract Tower,0,30,49,0,79,0,13,200,0,213,0,43,249,0,292,124,0,124,416
12/21/2022,SUA,FL,ASO,ES,Federal Contract Tower,0,61,87,0,148,0,0,0,0,0,0,61,87,0,148,42,0,42,190
12/22/2022,SUA,FL,ASO,ES,Federal Contract Tower,0,38,68,0,106,0,0,242,0,242,0,38,310,0,348,136,0,136,484
12/23/2022,SUA,FL,ASO,ES,Federal Contract Tower,0,25,39,0,64,0,4,162,0,166,0,29,201,0,230,134,0,134,364
12/24/2022,SUA,FL,ASO,ES,Federal Contract Tower,0,12,11,0,23,0,8,55,0,63,0,20,66,0,86,38,0,38,124
12/25/2022,SUA,FL,ASO,ES,Federal Contract Tower,0,31,17,0,48,0,1,5,0,6,0,32,22,0,54,0,0,0,54
12/26/2022,SUA,FL,ASO,ES,Federal Contract Tower,0,74,146,0,220,0,3,212,0,215,0,77,358,0,435,50,0,50,485
12/27/2022,SUA,FL,ASO,ES,Federal Contract Tower,0,108,147,0,255,0,1,79,0,80,0,109,226,0,335,18,0,18,353
12/28/2022,SUA,FL,ASO,ES,Federal Contract Tower,0,68,104,0,172,0,16,271,0,287,0,84,375,0,459,74,0,74,533
12/29/2022,SUA,FL,ASO,ES,Federal Contract Tower,0,50,63,0,113,0,3,291,0,294,0,53,354,0,407,62,0,62,469
12/30/2022,SUA,FL,ASO,ES,Federal Contract Tower,0,48,69,0,117,0,3,250,0,253,0,51,319,0,370,77,0,77,447
12/31/2022,SUA,FL,ASO,ES,Federal Contract Tower,0,27,48,0,75,0,6,116,0,122,0,33,164,0,197,26,0,26,223
01/01/2023,SUA,FL,ASO,ES,Federal Contract Tower,0,44,76,0,120,0,5,44,0,49,0,49,120,0,169,2,0,2,171
01/02/2023,SUA,FL,ASO,ES,Federal Contract Tower,0,62,138,0,200,0,2,253,0,255,0,64,391,0,455,36,0,36,491
01/03/2023,SUA,FL,ASO,ES,Federal Contract Tower,0,54,68,0,122,0,0,281,0,281,0,54,349,0,403,76,0,76,479
01/04/2023,SUA,FL,ASO,ES,Federal Contract Tower,0,29,77,0,106,0,8,279,0,287,0,37,356,0,393,192,0,192,585
01/05/2023,SUA,FL,ASO,ES,Federal Contract Tower,0,49,76,0,125,0,2,294,0,296,0,51,370,0,421,68,0,68,489
01/06/2023,SUA,FL,ASO,ES,Federal Contract Tower,0,40,73,0,113,0,12,238,0,250,0,52,311,0,363,88,0,88,451
01/07/2023,SUA,FL,ASO,ES,Federal Contract Tower,0,18,43,0,61,0,4,252,0,256,0,22,295,0,317,134,0,134,451
01/08/2023,SUA,FL,ASO,ES,Federal Contract Tower,0,32,80,0,112,0,6,193,0,199,0,38,273,0,311,30,0,30,341
01/09/2023,SUA,FL,ASO,ES,Federal Contract Tower,0,26,60,0,86,0,9,309,0,318,0,35,369,0,404,222,0,222,626
01/10/2023,SUA,FL,ASO,ES,Federal Contract Tower,0,35,62,0,97,0,8,245,0,253,0,43,307,0,350,114,0,114,464
01/11/2023,SUA,FL,ASO,ES,Federal Contract Tower,0,36,67,0,103,0,2,382,0,384,0,38,449,0,487,190,0,190,677
01/12/2023,SUA,FL,ASO,ES,Federal Contract Tower,0,37,77,0,114,0,12,314,2,328,0,49,391,2,442,62,0,62,504
01/13/2023,SUA,FL,ASO,ES,Federal Contract Tower,0,46,80,0,126,0,10,134,2,146,0,56,214,2,272,38,0,38,310
01/14/2023,SUA,FL,ASO,ES,Federal Contract Tower,0,27,77,0,104,0,6,71,0,77,0,33,148,0,181,18,0,18,199
01/15/2023,SUA,FL,ASO,ES,Federal Contract Tower,0,32,80,0,112,0,8,214,0,222,0,40,294,0,334,42,0,42,376
01/16/2023,SUA,FL,ASO,ES,Federal Contract Tower,0,63,100,0,163,0,6,348,0,354,0,69,448,0,517,112,0,112,629
01/17/2023,SUA,FL,ASO,ES,Federal Contract Tower,0,33,69,0,102,0,4,333,0,337,0,37,402,0,439,206,0,206,645
01/18/2023,SUA,FL,ASO,ES,Federal Contract Tower,0,22,73,0,95,0,1,320,0,321,0,23,393,0,416,150,0,150,566
01/19/2023,SUA,FL,ASO,ES,Federal Contract Tower,0,35,67,0,102,0,7,331,0,338,0,42,398,0,440,80,0,80,520
01/20/2023,SUA,FL,ASO,ES,Federal Contract Tower,0,41,89,0,130,0,10,339,0,349,0,51,428,0,479,94,0,94,573
01/21/2023,SUA,FL,ASO,ES,Federal Contract Tower,0,18,75,0,93,0,8,114,0,122,0,26,189,0,215,100,0,100,315
01/22/2023,SUA,FL,ASO,ES,Federal Contract Tower,0,26,71,0,97,0,12,139,0,151,0,38,210,0,248,4,0,4,252
01/23/2023,SUA,FL,ASO,ES,Federal Contract Tower,0,37,78,0,115,0,8,145,2,155,0,45,223,2,270,138,0,138,408
01/24/2023,SUA,FL,ASO,ES,Federal Contract Tower,0,36,86,0,122,0,15,297,0,312,0,51,383,0,434,108,0,108,542
01/25/2023,SUA,FL,ASO,ES,Federal Contract Tower,0,32,63,0,95,0,2,269,0,271,0,34,332,0,366,86,0,86,452
01/26/2023,SUA,FL,ASO,ES,Federal Contract Tower,0,29,85,0,114,0,16,244,0,260,0,45,329,0,374,68,0,68,442
01/27/2023,SUA,FL,ASO,ES,Federal Contract Tower,0,47,53,0,100,0,7,175,0,182,0,54,228,0,282,52,0,52,334
01/28/2023,SUA,FL,ASO,ES,Federal Contract Tower,0,35,64,0,99,0,6,88,0,94,0,41,152,0,193,86,0,86,279
01/29/2023,SUA,FL,ASO,ES,Federal Contract Tower,0,49,56,0,105,0,4,160,0,164,0,53,216,0,269,26,0,26,295
01/30/2023,SUA,FL,ASO,ES,Federal Contract Tower,0,38,71,0,109,0,4,352,0,356,0,42,423,0,465,154,0,154,619
01/31/2023,SUA,FL,ASO,ES,Federal Contract Tower,0,39,70,0,109,0,8,395,3,406,0,47,465,3,515,208,6,214,729
02/01/2023,SUA,FL,ASO,ES,Federal Contract Tower,0,37,99,0,136,0,6,497,0,503,0,43,596,0,639,110,0,110,749
02/02/2023,SUA,FL,ASO,ES,Federal Contract Tower,0,41,87,0,128,0,2,345,0,347,0,43,432,0,475,82,0,82,557
02/03/2023,SUA,FL,ASO,ES,Federal Contract Tower,0,36,59,0,95,0,2,95,0,97,0,38,154,0,192,32,0,32,224
02/04/2023,SUA,FL,ASO,ES,Federal Contract Tower,0,25,36,0,61,0,5,30,0,35,0,30,66,0,96,10,0,10,106
02/05/2023,SUA,FL,ASO,ES,Federal Contract Tower,0,47,71,0,118,0,0,11,0,11,0,47,82,0,129,0,0,0,129
02/06/2023,SUA,FL,ASO,ES,Federal Contract Tower,0,33,59,0,92,0,2,317,0,319,0,35,376,0,411,82,0,82,493
02/07/2023,SUA,FL,ASO,ES,Federal Contract Tower,0,26,75,0,101,0,2,303,0,305,0,28,378,0,406,132,0,132,538
02/08/2023,SUA,FL,ASO,ES,Federal Contract Tower,0,33,63,0,96,0,13,260,0,273,0,46,323,0,369,116,0,116,485
02/09/2023,SUA,FL,ASO,ES,Federal Contract Tower,0,40,86,0,126,0,6,155,0,161,0,46,241,0,287,76,0,76,363
02/10/2023,SUA,FL,ASO,ES,Federal Contract Tower,0,53,86,0,139,0,2,279,0,281,0,55,365,0,420,100,0,100,520
02/11/2023,SUA,FL,ASO,ES,Federal Contract Tower,0,23,56,0,79,0,4,161,0,165,0,27,217,0,244,112,15,127,371
02/12/2023,SUA,FL,ASO,ES,Federal Contract Tower,0,48,51,0,99,0,4,37,0,41,0,52,88,0,140,2,0,2,142
02/13/2023,SUA,FL,ASO,ES,Federal Contract Tower,0,41,68,0,109,0,7,308,2,317,0,48,376,2,426,122,0,122,548
02/14/2023,SUA,FL,ASO,ES,Federal Contract Tower,0,37,71,0,108,0,11,363,0,374,0,48,434,0,482,160,0,160,642
02/15/2023,SUA,FL,ASO,ES,Federal Contract Tower,0,37,90,0,127,0,4,325,0,329,0,41,415,0,456,80,0,80,536
02/16/2023,SUA,FL,ASO,ES,Federal Contract Tower,0,35,106,0,141,0,2,312,0,314,0,37,418,0,455,36,0,36,491
02/17/2023,SUA,FL,ASO,ES,Federal Contract Tower,0,56,108,0,164,0,7,276,0,283,0,63,384,0,447,40,0,40,487
02/18/2023,SUA,FL,ASO,ES,Federal Contract Tower,0,38,55,0,93,0,5,38,0,43,0,43,93,0,136,0,0,0,136
02/19/2023,SUA,FL,ASO,ES,Federal Contract Tower,0,37,74,0,111,0,11,228,0,239,0,48,302,0,350,122,0,122,472
02/20/2023,SUA,FL,ASO,ES,Federal Contract Tower,0,59,100,0,159,0,12,358,0,370,0,71,458,0,529,110,0,110,639
02/21/2023,SUA,FL,ASO,ES,Federal Contract Tower,0,40,90,0,130,0,8,362,0,370,0,48,452,0,500,152,0,152,652
02/22/2023,SUA,FL,ASO,ES,Federal Contract Tower,0,31,80,0,111,0,8,314,0,322,0,39,394,0,433,94,0,94,527
02/23/2023,SUA,FL,ASO,ES,Federal Contract Tower,0,45,104,0,149,0,6,349,0,355,0,51,453,0,504,82,0,82,586
02/24/2023,SUA,FL,ASO,ES,Federal Contract Tower,0,39,90,0,129,0,5,370,0,375,0,44,460,0,504,54,0,54,558
02/25/2023,SUA,FL,ASO,ES,Federal Contract Tower,0,23,59,0,82,0,14,153,0,167,0,37,212,0,249,44,0,44,293
02/26/2023,SUA,FL,ASO,ES,Federal Contract Tower,0,40,116,0,156,0,2,176,0,178,0,42,292,0,334,12,0,12,346
02/27/2023,SUA,FL,ASO,ES,Federal Contract Tower,0,25,86,0,111,0,12,319,0,331,0,37,405,0,442,236,0,236,678
02/28/2023,SUA,FL,ASO,ES,Federal Contract Tower,0,30,73,0,103,0,14,358,0,372,0,44,431,0,475,148,0,148,623
03/01/2023,SUA,FL,ASO,ES,Federal Contract Tower,0,46,55,0,101,0,8,313,0,321,0,54,368,0,422,104,0,104,526
03/02/2023,SUA,FL,ASO,ES,Federal Contract Tower,0,37,74,0,111,0,11,322,0,333,0,48,396,0,444,96,0,96,540
03/03/2023,SUA,FL,ASO,ES,Federal Contract Tower,0,32,51,0,83,0,17,154,0,171,0,49,205,0,254,50,0,50,304
03/04/2023,SUA,FL,ASO,ES,Federal Contract Tower,0,31,60,0,91,0,3,75,0,78,0,34,135,0,169,2,0,2,171
03/05/2023,SUA,FL,ASO,ES,Federal Contract Tower,0,47,84,0,131,0,6,215,0,221,0,53,299,0,352,40,0,40,392
03/06/2023,SUA,FL,ASO,ES,Federal Contract Tower,0,45,70,0,115,0,4,306,0,310,0,49,376,0,425,170,0,170,595
03/07/2023,SUA,FL,ASO,ES,Federal Contract Tower,0,39,50,0,89,0,8,331,1,340,0,47,381,1,429,196,0,196,625
03/08/2023,SUA,FL,ASO,ES,Federal Contract Tower,0,27,71,0,98,0,4,315,0,319,0,31,386,0,417,114,0,114,531
03/09/2023,SUA,FL,ASO,ES,Federal Contract Tower,0,53,78,0,131,0,0,345,0,345,0,53,423,0,476,98,0,98,574
03/10/2023,SUA,FL,ASO,ES,Federal Contract Tower,0,48,78,0,126,0,6,301,2,309,0,54,379,2,435,128,0,128,563
03/11/2023,SUA,FL,ASO,ES,Federal Contract Tower,0,32,74,0,106,0,4,190,1,195,0,36,264,1,301,74,0,74,375
03/12/2023,SUA,FL,ASO,ES,Federal Contract Tower,0,47,107,0,154,0,4,270,0,274,0,51,377,0,428,64,0,64,492
03/13/2023,SUA,FL,ASO,ES,Federal Contract Tower,0,43,62,0,105,0,4,102,0,106,0,47,164,0,211,34,0,34,245
03/14/2023,SUA,FL,ASO,ES,Federal Contract Tower,0,41,60,0,101,0,5,274,0,279,0,46,334,0,380,128,0,128,508
03/15/2023,SUA,FL,ASO,ES,Federal Contract Tower,0,44,60,0,104,0,3,271,0,274,0,47,331,0,378,134,0,134,512
03/16/2023,SUA,FL,ASO,ES,Federal Contract Tower,0,39,69,0,108,0,10,349,0,359,0,49,418,0,467,96,0,96,563
03/17/2023,SUA,FL,ASO,ES,Federal Contract Tower,0,47,62,0,109,0,7,224,0,231,0,54,286,0,340,136,0,136,476
03/18/2023,SUA,FL,ASO,ES,Federal Contract Tower,0,30,59,0,89,0,9,95,2,106,0,39,154,2,195,24,0,24,219
03/19/2023,SUA,FL,ASO,ES,Federal Contract Tower,0,50,101,0,151,0,2,14,0,16,0,52,115,0,167,0,0,0,167
03/20/2023,SUA,FL,ASO,ES,Federal Contract Tower,0,28,48,0,76,0,2,143,0,145,0,30,191,0,221,80,0,80,301
03/21/2023,SUA,FL,ASO,ES,Federal Contract Tower,0,38,67,0,105,0,4,326,0,330,0,42,393,0,435,148,0,148,583
03/22/2023,SUA,FL,ASO,ES,Federal Contract Tower,0,45,62,0,107,0,4,308,0,312,0,49,370,0,419,108,0,108,527
03/23/2023,SUA,FL,ASO,ES,Federal Contract Tower,0,34,82,3,119,0,8,345,4,357,0,42,427,7,476,116,0,116,592
03/24/2023,SUA,FL,ASO,ES,Federal Contract Tower,0,48,90,0,138,0,6,305,0,311,0,54,395,0,449,108,0,108,557
03/25/2023,SUA,FL,ASO,ES,Federal Contract Tower,0,21,46,0,67,0,6,124,0,130,0,27,170,0,197,74,0,74,271
03/26/2023,SUA,FL,ASO,ES,Federal Contract Tower,0,45,82,0,127,0,0,139,0,139,0,45,221,0,266,26,0,26,292
03/27/2023,SUA,FL,ASO,ES,Federal Contract Tower,0,53,68,0,121,0,6,216,0,222,0,59,284,0,343,226,0,226,569
03/28/2023,SUA,FL,ASO,ES,Federal Contract Tower,0,49,82,0,131,0,22,288,2,312,0,71,370,2,443,48,0,48,491
03/29/2023,SUA,FL,ASO,ES,Federal Contract Tower,0,46,95,0,141,0,3,278,0,281,0,49,373,0,422,62,0,62,484
03/30/2023,SUA,FL,ASO,ES,Federal Contract Tower,0,43,114,2,159,0,8,246,0,254,0,51,360,2,413,54,0,54,467
03/31/2023,SUA,FL,ASO,ES,Federal Contract Tower,0,37,75,0,112,0,3,193,0,196,0,40,268,0,308,36,0,36,344
04/01/2023,SUA,FL,ASO,ES,Federal Contract Tower,0,37,43,0,80,0,9,124,0,133,0,46,167,0,213,34,0,34,247
04/02/2023,SUA,FL,ASO,ES,Federal Contract Tower,0,70,94,0,164,0,4,92,0,96,0,74,186,0,260,26,0,26,286
04/03/2023,SUA,FL,ASO,ES,Federal Contract Tower,0,45,71,0,116,0,3,180,0,183,0,48,251,0,299,136,0,136,435
04/04/2023,SUA,FL,ASO,ES,Federal Contract Tower,0,41,58,0,99,0,15,245,0,260,0,56,303,0,359,122,0,122,481
04/05/2023,SUA,FL,ASO,ES,Federal Contract Tower,0,42,90,0,132,0,8,330,0,338,0,50,420,0,470,70,0,70,540
04/06/2023,SUA,FL,ASO,ES,Federal Contract Tower,0,52,102,2,156,0,9,269,2,280,0,61,371,4,436,84,0,84,520
04/07/2023,SUA,FL,ASO,ES,Federal Contract Tower,0,62,85,0,147,0,4,269,0,273,0,66,354,0,420,66,0,66,486
04/08/2023,SUA,FL,ASO,ES,Federal Contract Tower,0,38,64,0,102,0,5,171,3,179,0,43,235,3,281,50,0,50,331
04/09/2023,SUA,FL,ASO,ES,Federal Contract Tower,0,48,60,0,108,0,4,59,0,63,0,52,119,0,171,2,0,2,173
04/10/2023,SUA,FL,ASO,ES,Federal Contract Tower,0,55,112,0,167,0,2,19,0,21,0,57,131,0,188,8,0,8,196
04/11/2023,SUA,FL,ASO,ES,Federal Contract Tower,0,37,43,0,80,0,6,17,0,23,0,43,60,0,103,2,0,2,105
04/12/2023,SUA,FL,ASO,ES,Federal Contract Tower,0,31,54,0,85,0,0,13,0,13,0,31,67,0,98,4,0,4,102
04/13/2023,SUA,FL,ASO,ES,Federal Contract Tower,0,45,69,0,114,0,10,151,0,161,0,55,220,0,275,16,0,16,291
04/14/2023,SUA,FL,ASO,ES,Federal Contract Tower,0,39,86,0,125,0,11,227,0,238,0,50,313,0,363,36,0,36,399
04/15/2023,SUA,FL,ASO,ES,Federal Contract Tower,0,44,53,0,97,0,0,201,0,201,0,44,254,0,298,20,0,20,318
04/16/2023,SUA,FL,ASO,ES,Federal Contract Tower,0,39,78,0,117,0,0,117,0,117,0,39,195,0,234,12,0,12,246
04/17/2023,SUA,FL,ASO,ES,Federal Contract Tower,0,39,93,0,132,0,5,52,0,57,0,44,145,0,189,38,0,38,227
04/18/2023,SUA,FL,ASO,ES,Federal Contract Tower,0,31,69,0,100,0,14,364,0,378,0,45,433,0,478,66,0,66,544
04/19/2023,SUA,FL,ASO,ES,Federal Contract Tower,0,36,70,0,106,0,11,285,2,298,0,47,355,2,404,24,0,24,428
04/20/2023,SUA,FL,ASO,ES,Federal Contract Tower,0,47,68,0,115,0,18,249,4,271,0,65,317,4,386,4,0,4,390
04/21/2023,SUA,FL,ASO,ES,Federal Contract Tower,0,47,76,0,123,0,12,259,0,271,0,59,335,0,394,40,0,40,434
04/22/2023,SUA,FL,ASO,ES,Federal Contract Tower,0,38,56,0,94,0,4,168,0,172,0,42,224,0,266,14,0,14,280
04/23/2023,SUA,FL,ASO,ES,Federal Contract Tower,0,44,82,0,126,0,4,147,3,154,0,48,229,3,280,22,0,22,302
04/24/2023,SUA,FL,ASO,ES,Federal Contract Tower,0,34,70,0,104,0,4,124,0,128,0,38,194,0,232,54,0,54,286
04/25/2023,SUA,FL,ASO,ES,Federal Contract Tower,0,42,57,0,99,0,10,167,0,177,0,52,224,0,276,22,0,22,298
04/26/2023,SUA,FL,ASO,ES,Federal Contract Tower,0,42,59,0,101,0,4,270,2,276,0,46,329,2,377,24,2,26,403
04/27/2023,SUA,FL,ASO,ES,Federal Contract Tower,0,43,74,0,117,0,2,273,1,276,0,45,347,1,393,12,0,12,405
04/28/2023,SUA,FL,ASO,ES,Federal Contract Tower,0,36,49,0,85,0,9,230,0,239,0,45,279,0,324,48,0,48,372
04/29/2023,SUA,FL,ASO,ES,Federal Contract Tower,0,25,48,0,73,0,19,129,0,148,0,44,177,0,221,12,0,12,233
04/30/2023,SUA,FL,ASO,ES,Federal Contract Tower,0,43,47,0,90,0,2,16,0,18,0,45,63,0,108,2,0,2,110
05/01/2023,SUA,FL,ASO,ES,Federal Contract Tower,0,38,58,0,96,0,8,295,0,303,0,46,353,0,399,146,0,146,545
05/02/2023,SUA,FL,ASO,ES,Federal Contract Tower,0,20,65,0,85,0,6,319,0,325,0,26,384,0,410,78,0,78,488
05/03/2023,SUA,FL,ASO,ES,Federal Contract Tower,0,34,73,0,107,0,10,277,0,287,0,44,350,0,394,66,0,66,460
05/04/2023,SUA,FL,ASO,ES,Federal Contract Tower,0,39,81,0,120,0,16,310,0,326,0,55,391,0,446,34,0,34,480
05/05/2023,SUA,FL,ASO,ES,Federal Contract Tower,0,20,60,0,80,0,4,240,0,244,0,24,300,0,324,56,0,56,380
05/06/2023,SUA,FL,ASO,ES,Federal Contract Tower,0,26,48,0,74,0,1,188,0,189,0,27,236,0,263,6,0,6,269
05/07/2023,SUA,FL,ASO,ES,Federal Contract Tower,0,39,59,0,98,0,6,86,0,92,0,45,145,0,190,0,0,0,190
05/08/2023,SUA,FL,ASO,ES,Federal Contract Tower,0,32,66,0,98,0,3,260,0,263,0,35,326,0,361,78,0,78,439
05/09/2023,SUA,FL,ASO,ES,Federal Contract Tower,0,28,64,0,92,0,0,301,0,301,0,28,365,0,393,62,0,62,455
05/10/2023,SUA,FL,ASO,ES,Federal Contract Tower,0,49,62,0,111,0,2,267,0,269,0,51,329,0,380,36,0,36,416
05/11/2023,SUA,FL,ASO,ES,Federal Contract Tower,0,40,51,0,91,0,4,246,0,250,0,44,297,0,341,52,0,52,393
05/12/2023,SUA,FL,ASO,ES,Federal Contract Tower,0,40,65,0,105,0,12,174,0,186,0,52,239,0,291,16,0,16,307
05/13/2023,SUA,FL,ASO,ES,Federal Contract Tower,0,33,45,0,78,0,15,157,0,172,0,48,202,0,250,72,0,72,322
05/14/2023,SUA,FL,ASO,ES,Federal Contract Tower,0,25,44,0,69,0,10,127,0,137,0,35,171,0,206,6,0,6,212
05/15/2023,SUA,FL,ASO,ES,Federal Contract Tower,0,37,43,0,80,0,5,244,0,249,0,42,287,0,329,112,0,112,441
05/16/2023,SUA,FL,ASO,ES,Federal Contract Tower,0,41,58,0,99,0,14,258,0,272,0,55,316,0,371,52,0,52,423
05/17/2023,SUA,FL,ASO,ES,Federal Contract Tower,0,32,56,4,92,0,6,184,0,190,0,38,240,4,282,28,0,28,310
05/18/2023,SUA,FL,ASO,ES,Federal Contract Tower,0,24,64,0,88,0,8,212,0,220,0,32,276,0,308,32,0,32,340
05/19/2023,SUA,FL,ASO,ES,Federal Contract Tower,0,30,65,0,95,0,10,237,0,247,0,40,302,0,342,64,0,64,406
05/20/2023,SUA,FL,ASO,ES,Federal Contract Tower,0,32,52,0,84,0,10,132,0,142,0,42,184,0,226,22,0,22,248
05/21/2023,SUA,FL,ASO,ES,Federal Contract Tower,0,35,57,0,92,0,3,148,0,151,0,38,205,0,243,4,0,4,247
05/22/2023,SUA,FL,ASO,ES,Federal Contract Tower,0,31,40,0,71,0,29,196,0,225,0,60,236,0,296,68,0,68,364
05/23/2023,SUA,FL,ASO,ES,Federal Contract Tower,0,26,58,0,84,0,3,158,0,161,0,29,216,0,245,48,0,48,293
05/24/2023,SUA,FL,ASO,ES,Federal Contract Tower,0,26,54,0,80,0,4,112,0,116,0,30,166,0,196,10,0,10,206
05/25/2023,SUA,FL,ASO,ES,Federal Contract Tower,0,39,65,0,104,0,4,202,6,212,0,43,267,6,316,54,0,54,370
05/26/2023,SUA,FL,ASO,ES,Federal Contract Tower,0,25,58,0,83,0,0,140,0,140,0,25,198,0,223,26,0,26,249
05/27/2023,SUA,FL,ASO,ES,Federal Contract Tower,0,21,42,0,63,0,11,132,0,143,0,32,174,0,206,30,0,30,236
05/28/2023,SUA,FL,ASO,ES,Federal Contract Tower,0,3,33,7,43,0,4,101,0,105,0,7,134,7,148,30,0,30,178
05/29/2023,SUA,FL,ASO,ES,Federal Contract Tower,0,13,61,0,74,0,12,158,2,172,0,25,219,2,246,28,0,28,274
05/30/2023,SUA,FL,ASO,ES,Federal Contract Tower,0,26,54,0,80,0,6,293,0,299,0,32,347,0,379,22,0,22,401
05/31/2023,SUA,FL,ASO,ES,Federal Contract Tower,0,40,57,0,97,0,6,187,0,193,0,46,244,0,290,56,0,56,346
06/01/2023,SUA,FL,ASO,ES,Federal Contract Tower,0,26,51,0,77,0,6,200,0,206,0,32,251,0,283,20,0,20,303
06/02/2023,SUA,FL,ASO,ES,Federal Contract Tower,0,22,54,0,76,0,2,191,0,193,0,24,245,0,269,0,46,46,315
06/03/2023,SUA,FL,ASO,ES,Federal Contract Tower,0,13,56,0,69,0,2,137,0,139,0,15,193,0,208,46,0,46,254
06/04/2023,SUA,FL,ASO,ES,Federal Contract Tower,0,27,44,0,71,0,2,83,0,85,0,29,127,0,156,14,0,14,170
06/05/2023,SUA,FL,ASO,ES,Federal Contract Tower,0,20,50,0,70,0,2,174,0,176,0,22,224,0,246,16,0,16,262
06/06/2023,SUA,FL,ASO,ES,Federal Contract Tower,0,27,66,0,93,0,13,347,0,360,0,40,413,0,453,84,0,84,537
06/07/2023,SUA,FL,ASO,ES,Federal Contract Tower,0,12,45,0,57,0,85,294,0,379,0,97,339,0,436,22,0,22,458
06/08/2023,SUA,FL,ASO,ES,Federal Contract Tower,0,19,72,0,91,0,22,225,0,247,0,41,297,0,338,20,0,20,358
06/09/2023,SUA,FL,ASO,ES,Federal Contract Tower,0,22,49,0,71,0,21,140,0,161,0,43,189,0,232,0,0,0,232
06/10/2023,SUA,FL,ASO,ES,Federal Contract Tower,0,25,35,0,60,0,1,171,0,172,0,26,206,0,232,22,0,22,254
06/11/2023,SUA,FL,ASO,ES,Federal Contract Tower,0,24,66,0,90,0,0,190,0,190,0,24,256,0,280,4,0,4,284
06/12/2023,SUA,FL,ASO,ES,Federal Contract Tower,0,12,55,0,67,0,2,274,0,276,0,14,329,0,343,44,0,44,387
06/13/2023,SUA,FL,ASO,ES,Federal Contract Tower,0,10,42,0,52,0,10,222,0,232,0,20,264,0,284,16,0,16,300
06/14/2023,SUA,FL,ASO,ES,Federal Contract Tower,0,17,42,0,59,0,4,297,0,301,0,21,339,0,360,30,0,30,390
06/15/2023,SUA,FL,ASO,ES,Federal Contract Tower,0,25,47,0,72,0,6,224,0,230,0,31,271,0,302,82,0,82,384
06/16/2023,SUA,FL,ASO,ES,Federal Contract Tower,0,11,37,0,48,0,2,128,0,130,0,13,165,0,178,52,0,52,230
06/17/2023,SUA,FL,ASO,ES,Federal Contract Tower,0,15,25,0,40,0,7,63,0,70,0,22,88,0,110,22,0,22,132
06/18/2023,SUA,FL,ASO,ES,Federal Contract Tower,0,9,34,0,43,0,4,50,0,54,0,13,84,0,97,4,0,4,101
06/19/2023,SUA,FL,ASO,ES,Federal Contract Tower,0,17,46,0,63,0,2,265,0,267,0,19,311,0,330,52,0,52,382
06/20/2023,SUA,FL,ASO,ES,Federal Contract Tower,0,10,40,0,50,0,4,192,0,196,0,14,232,0,246,40,0,40,286
06/21/2023,SUA,FL,ASO,ES,Federal Contract Tower,0,16,56,0,72,0,4,215,0,219,0,20,271,0,291,44,0,44,335
06/22/2023,SUA,FL,ASO,ES,Federal Contract Tower,0,5,46,0,51,0,6,209,0,215,0,11,255,0,266,30,0,30,296
06/23/2023,SUA,FL,ASO,ES,Federal Contract Tower,0,18,63,0,81,0,4,204,0,208,0,22,267,0,289,48,0,48,337
06/24/2023,SUA,FL,ASO,ES,Federal Contract Tower,0,17,44,0,61,0,2,117,0,119,0,19,161,0,180,12,0,12,192
06/25/2023,SUA,FL,ASO,ES,Federal Contract Tower,0,5,40,0,45,0,4,89,0,93,0,9,129,0,138,2,0,2,140
06/26/2023,SUA,FL,ASO,ES,Federal Contract Tower,0,18,41,0,59,0,2,227,2,231,0,20,268,2,290,42,0,42,332
06/27/2023,SUA,FL,ASO,ES,Federal Contract Tower,0,9,49,0,58,0,6,272,0,278,0,15,321,0,336,46,0,46,382
06/28/2023,SUA,FL,ASO,ES,Federal Contract Tower,0,17,49,0,66,0,28,218,0,246,0,45,267,0,312,28,0,28,340
06/29/2023,SUA,FL,ASO,ES,Federal Contract Tower,0,14,60,0,74,0,2,247,0,249,0,16,307,0,323,68,0,68,391
06/30/2023,SUA,FL,ASO,ES,Federal Contract Tower,0,22,67,0,89,0,20,206,0,226,0,42,273,0,315,50,0,50,365
07/01/2023,SUA,FL,ASO,ES,Federal Contract Tower,0,12,37,0,49,0,6,125,0,131,0,18,162,0,180,16,0,16,196
07/02/2023,SUA,FL,ASO,ES,Federal Contract Tower,0,10,24,0,34,0,2,112,0,114,0,12,136,0,148,4,0,4,152
07/03/2023,SUA,FL,ASO,ES,Federal Contract Tower,0,5,28,0,33,0,0,184,0,184,0,5,212,0,217,26,0,26,243
07/04/2023,SUA,FL,ASO,ES,Federal Contract Tower,0,2,20,0,22,0,7,207,0,214,0,9,227,0,236,10,0,10,246
07/05/2023,SUA,FL,ASO,ES,Federal Contract Tower,0,10,54,0,64,0,4,190,0,194,0,14,244,0,258,78,0,78,336
07/06/2023,SUA,FL,ASO,ES,Federal Contract Tower,0,27,40,0,67,0,10,177,0,187,0,37,217,0,254,82,0,82,336
07/07/2023,SUA,FL,ASO,ES,Federal Contract Tower,0,11,55,0,66,0,2,162,0,164,0,13,217,0,230,66,0,66,296
07/08/2023,SUA,FL,ASO,ES,Federal Contract Tower,0,13,46,0,59,0,2,112,0,114,0,15,158,0,173,14,0,14,187
07/09/2023,SUA,FL,ASO,ES,Federal Contract Tower,0,8,43,0,51,0,2,91,0,93,0,10,134,0,144,8,0,8,152
07/10/2023,SUA,FL,ASO,ES,Federal Contract Tower,0,13,27,0,40,0,4,231,0,235,0,17,258,0,275,118,0,118,393
07/11/2023,SUA,FL,ASO,ES,Federal Contract Tower,0,15,41,0,56,0,4,248,0,252,0,19,289,0,308,100,0,100,408
07/12/2023,SUA,FL,ASO,ES,Federal Contract Tower,0,8,42,0,50,0,4,240,0,244,0,12,282,0,294,98,0,98,392
07/13/2023,SUA,FL,ASO,ES,Federal Contract Tower,0,8,44,0,52,0,4,169,0,173,0,12,213,0,225,66,0,66,291
07/14/2023,SUA,FL,ASO,ES,Federal Contract Tower,0,18,57,0,75,0,8,151,0,159,0,26,208,0,234,78,0,78,312
07/15/2023,SUA,FL,ASO,ES,Federal Contract Tower,0,11,23,0,34,0,4,116,2,122,0,15,139,2,156,28,0,28,184
07/16/2023,SUA,FL,ASO,ES,Federal Contract Tower,0,11,29,0,40,0,2,101,0,103,0,13,130,0,143,14,0,14,157
07/17/2023,SUA,FL,ASO,ES,Federal Contract Tower,0,24,32,0,56,0,0,96,0,96,0,24,128,0,152,58,0,58,210
07/18/2023,SUA,FL,ASO,ES,Federal Contract Tower,0,9,38,0,47,0,7,207,0,214,0,16,245,0,261,70,0,70,331
07/19/2023,SUA,FL,ASO,ES,Federal Contract Tower,0,11,35,0,46,0,2,233,0,235,0,13,268,0,281,82,0,82,363
07/20/2023,SUA,FL,ASO,ES,Federal Contract Tower,0,9,35,0,44,0,4,192,0,196,0,13,227,0,240,46,0,46,286
07/21/2023,SUA,FL,ASO,ES,Federal Contract Tower,0,8,33,0,41,0,8,233,0,241,0,16,266,0,282,70,0,70,352
07/22/2023,SUA,FL,ASO,ES,Federal Contract Tower,0,7,40,0,47,0,2,127,0,129,0,9,167,0,176,18,0,18,194
07/23/2023,SUA,FL,ASO,ES,Federal Contract Tower,0,7,36,0,43,0,0,148,0,148,0,7,184,0,191,8,0,8,199
07/24/2023,SUA,FL,ASO,ES,Federal Contract Tower,0,14,44,0,58,0,15,229,0,244,0,29,273,0,302,22,0,22,324
07/25/2023,SUA,FL,ASO,ES,Federal Contract Tower,0,7,30,0,37,0,2,169,0,171,0,9,199,0,208,24,0,24,232
07/26/2023,SUA,FL,ASO,ES,Federal Contract Tower,0,13,41,0,54,0,18,224,0,242,0,31,265,0,296,100,0,100,396
07/27/2023,SUA,FL,ASO,ES,Federal Contract Tower,0,16,30,0,46,0,0,103,0,103,0,16,133,0,149,44,0,44,193
07/28/2023,SUA,FL,ASO,ES,Federal Contract Tower,0,12,35,0,47,0,2,140,0,142,0,14,175,0,189,46,0,46,235
07/29/2023,SUA,FL,ASO,ES,Federal Contract Tower,0,23,38,0,61,0,4,121,0,125,0,27,159,0,186,2,0,2,188
07/30/2023,SUA,FL,ASO,ES,Federal Contract Tower,0,20,39,0,59,0,2,115,0,117,0,22,154,0,176,0,0,0,176
07/31/2023,SUA,FL,ASO,ES,Federal Contract Tower,0,18,35,0,53,0,4,156,0,160,0,22,191,0,213,30,0,30,243
08/01/2023,SUA,FL,ASO,ES,Federal Contract Tower,0,17,41,0,58,0,0,238,0,238,0,17,279,0,296,60,0,60,356
08/02/2023,SUA,FL,ASO,ES,Federal Contract Tower,0,19,42,0,61,0,6,240,0,246,0,25,282,0,307,54,0,54,361
08/03/2023,SUA,FL,ASO,ES,Federal Contract Tower,0,8,48,0,56,0,6,189,0,195,0,14,237,0,251,36,0,36,287
08/04/2023,SUA,FL,ASO,ES,Federal Contract Tower,0,5,29,0,34,0,4,167,0,171,0,9,196,0,205,44,0,44,249
08/05/2023,SUA,FL,ASO,ES,Federal Contract Tower,0,2,32,0,34,0,0,99,0,99,0,2,131,0,133,18,0,18,151
08/06/2023,SUA,FL,ASO,ES,Federal Contract Tower,0,15,46,0,61,0,0,89,0,89,0,15,135,0,150,2,0,2,152
08/07/2023,SUA,FL,ASO,ES,Federal Contract Tower,0,10,41,0,51,0,4,167,0,171,0,14,208,0,222,14,0,14,236
08/08/2023,SUA,FL,ASO,ES,Federal Contract Tower,0,10,25,0,35,0,9,165,0,174,0,19,190,0,209,96,0,96,305
08/09/2023,SUA,FL,ASO,ES,Federal Contract Tower,0,15,54,0,69,0,8,203,0,211,0,23,257,0,280,66,0,66,346
08/10/2023,SUA,FL,ASO,ES,Federal Contract Tower,0,11,50,0,61,0,11,169,0,180,0,22,219,0,241,80,0,80,321
08/11/2023,SUA,FL,ASO,ES,Federal Contract Tower,0,14,40,0,54,0,18,180,0,198,0,32,220,0,252,60,0,60,312
08/12/2023,SUA,FL,ASO,ES,Federal Contract Tower,0,10,28,0,38,0,4,141,0,145,0,14,169,0,183,32,0,32,215
08/13/2023,SUA,FL,ASO,ES,Federal Contract Tower,0,9,34,0,43,0,0,67,0,67,0,9,101,0,110,6,0,6,116
08/14/2023,SUA,FL,ASO,ES,Federal Contract Tower,0,22,43,0,65,0,4,178,0,182,0,26,221,0,247,50,0,50,297
08/15/2023,SUA,FL,ASO,ES,Federal Contract Tower,0,14,36,0,50,0,0,209,0,209,0,14,245,0,259,124,0,124,383
08/16/2023,SUA,FL,ASO,ES,Federal Contract Tower,0,12,44,0,56,0,8,118,0,126,0,20,162,0,182,42,0,42,224
08/17/2023,SUA,FL,ASO,ES,Federal Contract Tower,0,14,61,0,75,0,2,148,0,150,0,16,209,0,225,56,0,56,281
08/18/2023,SUA,FL,ASO,ES,Federal Contract Tower,0,8,47,0,55,0,3,197,0,200,0,11,244,0,255,88,0,88,343
08/19/2023,SUA,FL,ASO,ES,Federal Contract Tower,0,11,32,0,43,0,2,92,0,94,0,13,124,0,137,28,0,28,165
08/20/2023,SUA,FL,ASO,ES,Federal Contract Tower,0,13,31,0,44,0,2,36,0,38,0,15,67,0,82,0,0,0,82
08/21/2023,SUA,FL,ASO,ES,Federal Contract Tower,0,11,41,0,52,0,6,146,0,152,0,17,187,0,204,44,0,44,248
08/22/2023,SUA,FL,ASO,ES,Federal Contract Tower,0,7,35,0,42,0,2,197,0,199,0,9,232,0,241,92,0,92,333
08/23/2023,SUA,FL,ASO,ES,Federal Contract Tower,0,11,50,0,61,0,6,273,0,279,0,17,323,0,340,50,0,50,390
08/24/2023,SUA,FL,ASO,ES,Federal Contract Tower,0,10,52,0,62,0,1,178,0,179,0,11,230,0,241,56,0,56,297
08/25/2023,SUA,FL,ASO,ES,Federal Contract Tower,0,14,41,0,55,0,2,183,0,185,0,16,224,0,240,82,0,82,322
08/26/2023,SUA,FL,ASO,ES,Federal Contract Tower,0,4,30,0,34,0,2,106,0,108,0,6,136,0,142,16,0,16,158
08/27/2023,SUA,FL,ASO,ES,Federal Contract Tower,0,10,26,0,36,0,5,79,2,86,0,15,105,2,122,0,0,0,122
08/28/2023,SUA,FL,ASO,ES,Federal Contract Tower,0,19,37,0,56,0,1,126,0,127,0,20,163,0,183,48,0,48,231
08/29/2023,SUA,FL,ASO,ES,Federal Contract Tower,0,14,32,0,46,0,0,0,0,0,0,14,32,0,46,70,0,70,116
08/30/2023,SUA,FL,ASO,ES,Federal Contract Tower,0,5,8,0,13,0,4,8,0,12,0,9,16,0,25,2,0,2,27
08/31/2023,SUA,FL,ASO,ES,Federal Contract Tower,0,29,54,0,83,0,6,118,0,124,0,35,172,0,207,42,0,42,249
01/01/2020,SUA,FL,ASO,ES,Federal Contract Tower,0,56,70,0,126,0,6,98,0,104,0,62,168,0,230,0,0,0,230
01/02/2020,SUA,FL,ASO,ES,Federal Contract Tower,0,62,91,0,153,0,4,251,0,255,0,66,342,0,408,0,0,0,408
01/03/2020,SUA,FL,ASO,ES,Federal Contract Tower,0,61,113,0,174,0,8,202,0,210,0,69,315,0,384,0,0,0,384
01/04/2020,SUA,FL,ASO,ES,Federal Contract Tower,0,63,98,0,161,0,1,49,0,50,0,64,147,0,211,0,0,0,211
01/05/2020,SUA,FL,ASO,ES,Federal Contract Tower,0,95,132,0,227,0,0,117,0,117,0,95,249,0,344,0,0,0,344
01/06/2020,SUA,FL,ASO,ES,Federal Contract Tower,0,20,63,0,83,0,6,221,0,227,0,26,284,0,310,222,0,222,532
01/07/2020,SUA,FL,ASO,ES,Federal Contract Tower,0,19,43,0,62,0,2,291,0,293,0,21,334,0,355,286,0,286,641
01/08/2020,SUA,FL,ASO,ES,Federal Contract Tower,0,26,66,2,94,0,1,257,3,261,0,27,323,5,355,202,0,202,557
01/09/2020,SUA,FL,ASO,ES,Federal Contract Tower,0,19,48,0,67,0,6,148,2,156,0,25,196,2,223,142,0,142,365
01/10/2020,SUA,FL,ASO,ES,Federal Contract Tower,0,14,66,1,81,0,2,139,4,145,0,16,205,5,226,104,0,104,330
01/11/2020,SUA,FL,ASO,ES,Federal Contract Tower,0,20,44,0,64,0,4,26,0,30,0,24,70,0,94,2,0,2,96
01/12/2020,SUA,FL,ASO,ES,Federal Contract Tower,0,27,62,0,89,0,0,48,0,48,0,27,110,0,137,14,8,22,159
01/13/2020,SUA,FL,ASO,ES,Federal Contract Tower,0,20,56,0,76,0,0,241,0,241,0,20,297,0,317,230,0,230,547
01/14/2020,SUA,FL,ASO,ES,Federal Contract Tower,0,18,56,0,74,0,7,143,0,150,0,25,199,0,224,166,0,166,390
01/15/2020,SUA,FL,ASO,ES,Federal Contract Tower,0,17,42,7,66,0,9,246,2,257,0,26,288,9,323,222,0,222,545
01/16/2020,SUA,FL,ASO,ES,Federal Contract Tower,0,41,51,0,92,0,10,270,0,280,0,51,321,0,372,174,0,174,546
01/17/2020,SUA,FL,ASO,ES,Federal Contract Tower,0,56,75,0,131,0,8,163,2,173,0,64,238,2,304,24,4,28,332
01/18/2020,SUA,FL,ASO,ES,Federal Contract Tower,0,44,60,0,104,0,12,106,0,118,0,56,166,0,222,14,0,14,236
01/19/2020,SUA,FL,ASO,ES,Federal Contract Tower,0,34,52,0,86,0,13,94,0,107,0,47,146,0,193,2,0,2,195
01/20/2020,SUA,FL,ASO,ES,Federal Contract Tower,0,51,88,0,139,0,4,186,0,190,0,55,274,0,329,90,0,90,419
01/22/2020,SUA,FL,ASO,ES,Federal Contract Tower,0,19,61,0,80,0,8,92,0,100,0,27,153,0,180,30,0,30,210
01/23/2020,SUA,FL,ASO,ES,Federal Contract Tower,0,28,71,0,99,0,7,158,0,165,0,35,229,0,264,158,0,158,422
01/24/2020,SUA,FL,ASO,ES,Federal Contract Tower,0,15,92,0,107,0,5,137,1,143,0,20,229,1,250,124,0,124,374
01/25/2020,SUA,FL,ASO,ES,Federal Contract Tower,0,14,61,0,75,0,11,191,0,202,0,25,252,0,277,162,0,162,439
01/26/2020,SUA,FL,ASO,ES,Federal Contract Tower,0,25,81,0,106,0,15,180,0,195,0,40,261,0,301,38,0,38,339
01/27/2020,SUA,FL,ASO,ES,Federal Contract Tower,0,31,52,0,83,0,2,259,0,261,0,33,311,0,344,220,0,220,564
01/28/2020,SUA,FL,ASO,ES,Federal Contract Tower,0,36,52,0,88,0,3,273,0,276,0,39,325,0,364,180,0,180,544
01/29/2020,SUA,FL,ASO,ES,Federal Contract Tower,0,32,54,2,88,0,5,251,2,258,0,37,305,4,346,198,0,198,544
01/30/2020,SUA,FL,ASO,ES,Federal Contract Tower,0,53,100,2,155,0,4,206,2,212,0,57,306,4,367,82,0,82,449
01/31/2020,SUA,FL,ASO,ES,Federal Contract Tower,0,70,102,0,172,0,29,191,2,222,0,99,293,2,394,158,0,158,552
02/01/2020,SUA,FL,ASO,ES,Federal Contract Tower,0,54,73,0,127,0,0,3,0,3,0,54,76,0,130,0,0,0,130
02/02/2020,SUA,FL,ASO,ES,Federal Contract Tower,0,69,102,0,171,0,11,91,0,102,0,80,193,0,273,6,0,6,279
02/03/2020,SUA,FL,ASO,ES,Federal Contract Tower,0,39,78,0,117,0,18,256,3,277,0,57,334,3,394,186,0,186,580
02/04/2020,SUA,FL,ASO,ES,Federal Contract Tower,0,25,78,0,103,0,4,342,0,346,0,29,420,0,449,192,0,192,641
02/05/2020,SUA,FL,ASO,ES,Federal Contract Tower,0,21,90,0,111,0,12,254,0,266,0,33,344,0,377,150,0,150,527
02/06/2020,SUA,FL,ASO,ES,Federal Contract Tower,0,30,47,0,77,0,13,198,0,211,0,43,245,0,288,94,0,94,382
02/07/2020,SUA,FL,ASO,ES,Federal Contract Tower,0,22,66,0,88,0,25,203,0,228,0,47,269,0,316,110,0,110,426
02/08/2020,SUA,FL,ASO,ES,Federal Contract Tower,0,19,55,0,74,0,20,225,0,245,0,39,280,0,319,110,0,110,429
02/09/2020,SUA,FL,ASO,ES,Federal Contract Tower,0,31,64,0,95,0,14,166,3,183,0,45,230,3,278,22,0,22,300
02/10/2020,SUA,FL,ASO,ES,Federal Contract Tower,0,23,71,0,94,0,0,269,0,269,0,23,340,0,363,142,0,142,505
02/11/2020,SUA,FL,ASO,ES,Federal Contract Tower,0,32,52,1,85,0,16,325,0,341,0,48,377,1,426,150,0,150,576
02/12/2020,SUA,FL,ASO,ES,Federal Contract Tower,0,20,68,0,88,0,4,193,0,197,0,24,261,0,285,110,0,110,395
02/13/2020,SUA,FL,ASO,ES,Federal Contract Tower,0,34,61,0,95,0,12,219,0,231,0,46,280,0,326,128,0,128,454
02/14/2020,SUA,FL,ASO,ES,Federal Contract Tower,0,51,87,0,138,0,4,70,0,74,0,55,157,0,212,22,0,22,234
02/15/2020,SUA,FL,ASO,ES,Federal Contract Tower,0,45,70,0,115,0,4,47,0,51,0,49,117,0,166,0,0,0,166
02/16/2020,SUA,FL,ASO,ES,Federal Contract Tower,0,43,101,0,144,0,15,115,0,130,0,58,216,0,274,30,0,30,304
02/17/2020,SUA,FL,ASO,ES,Federal Contract Tower,0,56,96,0,152,0,16,298,8,322,0,72,394,8,474,98,0,98,572
02/18/2020,SUA,FL,ASO,ES,Federal Contract Tower,0,28,70,0,98,0,10,286,0,296,0,38,356,0,394,218,0,218,612
02/19/2020,SUA,FL,ASO,ES,Federal Contract Tower,0,25,83,0,108,0,6,281,0,287,0,31,364,0,395,160,0,160,555
02/20/2020,SUA,FL,ASO,ES,Federal Contract Tower,0,30,77,0,107,0,13,249,0,262,0,43,326,0,369,206,0,206,575
02/21/2020,SUA,FL,ASO,ES,Federal Contract Tower,0,33,52,0,85,0,0,7,0,7,0,33,59,0,92,0,0,0,92
02/22/2020,SUA,FL,ASO,ES,Federal Contract Tower,0,15,37,0,52,0,14,53,1,68,0,29,90,1,120,0,0,0,120
02/23/2020,SUA,FL,ASO,ES,Federal Contract Tower,0,35,71,0,106,0,15,159,2,176,0,50,230,2,282,34,0,34,316
02/24/2020,SUA,FL,ASO,ES,Federal Contract Tower,0,21,66,0,87,0,3,249,2,254,0,24,315,2,341,172,0,172,513
02/25/2020,SUA,FL,ASO,ES,Federal Contract Tower,0,30,56,0,86,0,1,219,0,220,0,31,275,0,306,146,0,146,452
02/26/2020,SUA,FL,ASO,ES,Federal Contract Tower,0,20,53,0,73,0,10,139,0,149,0,30,192,0,222,82,0,82,304
02/27/2020,SUA,FL,ASO,ES,Federal Contract Tower,0,32,80,0,112,0,29,241,0,270,0,61,321,0,382,116,0,116,498
02/28/2020,SUA,FL,ASO,ES,Federal Contract Tower,0,20,83,0,103,0,19,198,0,217,0,39,281,0,320,148,0,148,468
02/29/2020,SUA,FL,ASO,ES,Federal Contract Tower,0,23,64,0,87,0,8,139,0,147,0,31,203,0,234,56,0,56,290
03/01/2020,SUA,FL,ASO,ES,Federal Contract Tower,0,44,84,0,128,0,13,163,1,177,0,57,247,1,305,54,0,54,359
03/02/2020,SUA,FL,ASO,ES,Federal Contract Tower,0,19,62,0,81,0,3,221,0,224,0,22,283,0,305,110,0,110,415
03/03/2020,SUA,FL,ASO,ES,Federal Contract Tower,0,16,70,0,86,0,12,251,3,266,0,28,321,3,352,192,4,196,548
03/04/2020,SUA,FL,ASO,ES,Federal Contract Tower,0,18,56,0,74,0,5,246,0,251,0,23,302,0,325,212,0,212,537
03/05/2020,SUA,FL,ASO,ES,Federal Contract Tower,0,33,72,0,105,0,11,287,0,298,0,44,359,0,403,162,0,162,565
03/06/2020,SUA,FL,ASO,ES,Federal Contract Tower,0,46,78,0,124,0,15,143,0,158,0,61,221,0,282,94,0,94,376
03/07/2020,SUA,FL,ASO,ES,Federal Contract Tower,0,49,77,0,126,0,6,90,0,96,0,55,167,0,222,6,0,6,228
03/08/2020,SUA,FL,ASO,ES,Federal Contract Tower,0,83,132,0,215,0,9,51,0,60,0,92,183,0,275,2,0,2,277
03/09/2020,SUA,FL,ASO,ES,Federal Contract Tower,0,46,87,0,133,0,7,156,0,163,0,53,243,0,296,18,0,18,314
03/10/2020,SUA,FL,ASO,ES,Federal Contract Tower,0,30,72,4,106,0,4,242,0,246,0,34,314,4,352,198,4,202,554
03/11/2020,SUA,FL,ASO,ES,Federal Contract Tower,0,23,66,2,91,0,6,288,2,296,0,29,354,4,387,220,0,220,607
03/12/2020,SUA,FL,ASO,ES,Federal Contract Tower,0,27,59,0,86,0,5,294,0,299,0,32,353,0,385,198,0,198,583
03/13/2020,SUA,FL,ASO,ES,Federal Contract Tower,0,48,99,0,147,0,9,216,1,226,0,57,315,1,373,144,2,146,519
03/14/2020,SUA,FL,ASO,ES,Federal Contract Tower,0,29,71,0,100,0,15,134,0,149,0,44,205,0,249,68,0,68,317
03/15/2020,SUA,FL,ASO,ES,Federal Contract Tower,0,21,56,0,77,0,13,109,0,122,0,34,165,0,199,30,0,30,229
03/16/2020,SUA,FL,ASO,ES,Federal Contract Tower,0,39,77,0,116,0,2,227,0,229,0,41,304,0,345,106,0,106,451
03/17/2020,SUA,FL,ASO,ES,Federal Contract Tower,0,33,37,0,70,0,4,247,0,251,0,37,284,0,321,130,0,130,451
03/18/2020,SUA,FL,ASO,ES,Federal Contract Tower,0,18,54,0,72,0,2,282,0,284,0,20,336,0,356,180,0,180,536
03/19/2020,SUA,FL,ASO,ES,Federal Contract Tower,0,15,48,0,63,0,5,233,0,238,0,20,281,0,301,160,0,160,461
03/20/2020,SUA,FL,ASO,ES,Federal Contract Tower,0,28,70,0,98,0,5,230,0,235,0,33,300,0,333,146,0,146,479
03/21/2020,SUA,FL,ASO,ES,Federal Contract Tower,0,17,60,0,77,0,11,136,2,149,0,28,196,2,226,48,12,60,286
03/22/2020,SUA,FL,ASO,ES,Federal Contract Tower,0,14,49,0,63,0,4,124,0,128,0,18,173,0,191,46,0,46,237
03/23/2020,SUA,FL,ASO,ES,Federal Contract Tower,0,14,28,0,42,0,6,217,0,223,0,20,245,0,265,202,0,202,467
03/24/2020,SUA,FL,ASO,ES,Federal Contract Tower,0,11,34,0,45,0,4,229,0,233,0,15,263,0,278,146,0,146,424
03/25/2020,SUA,FL,ASO,ES,Federal Contract Tower,0,5,33,0,38,0,5,183,0,188,0,10,216,0,226,108,0,108,334
03/26/2020,SUA,FL,ASO,ES,Federal Contract Tower,0,2,45,0,47,0,4,231,0,235,0,6,276,0,282,118,0,118,400
03/27/2020,SUA,FL,ASO,ES,Federal Contract Tower,0,3,37,0,40,0,13,280,0,293,0,16,317,0,333,186,0,186,519
03/28/2020,SUA,FL,ASO,ES,Federal Contract Tower,0,14,22,0,36,0,6,136,0,142,0,20,158,0,178,88,0,88,266
03/29/2020,SUA,FL,ASO,ES,Federal Contract Tower,0,8,12,0,20,0,0,143,0,143,0,8,155,0,163,26,0,26,189
03/30/2020,SUA,FL,ASO,ES,Federal Contract Tower,0,9,28,0,37,0,4,260,0,264,0,13,288,0,301,118,0,118,419
03/31/2020,SUA,FL,ASO,ES,Federal Contract Tower,0,5,18,0,23,0,4,179,2,185,0,9,197,2,208,72,0,72,280
04/01/2020,SUA,FL,ASO,ES,Federal Contract Tower,0,3,15,0,18,0,2,169,1,172,0,5,184,1,190,148,0,148,338
04/02/2020,SUA,FL,ASO,ES,Federal Contract Tower,0,10,33,0,43,0,0,258,0,258,0,10,291,0,301,160,0,160,461
04/03/2020,SUA,FL,ASO,ES,Federal Contract Tower,0,5,25,0,30,0,7,182,0,189,0,12,207,0,219,16,0,16,235
04/04/2020,SUA,FL,ASO,ES,Federal Contract Tower,0,11,16,0,27,0,3,81,0,84,0,14,97,0,111,18,0,18,129
04/05/2020,SUA,FL,ASO,ES,Federal Contract Tower,0,6,18,0,24,0,0,39,0,39,0,6,57,0,63,12,0,12,75
04/06/2020,SUA,FL,ASO,ES,Federal Contract Tower,0,2,23,1,26,0,0,24,0,24,0,2,47,1,50,0,0,0,50
04/07/2020,SUA,FL,ASO,ES,Federal Contract Tower,0,0,22,0,22,0,2,253,0,255,0,2,275,0,277,50,0,50,327
04/08/2020,SUA,FL,ASO,ES,Federal Contract Tower,0,9,32,0,41,0,4,178,0,182,0,13,210,0,223,38,0,38,261
04/09/2020,SUA,FL,ASO,ES,Federal Contract Tower,0,1,42,0,43,0,4,120,0,124,0,5,162,0,167,2,0,2,169
04/10/2020,SUA,FL,ASO,ES,Federal Contract Tower,0,3,34,0,37,0,44,52,0,96,0,47,86,0,133,0,0,0,133
04/11/2020,SUA,FL,ASO,ES,Federal Contract Tower,0,5,32,0,37,0,17,81,0,98,0,22,113,0,135,2,0,2,137
04/12/2020,SUA,FL,ASO,ES,Federal Contract Tower,0,5,12,0,17,0,1,19,0,20,0,6,31,0,37,36,0,36,73
04/13/2020,SUA,FL,ASO,ES,Federal Contract Tower,0,3,28,0,31,0,4,116,0,120,0,7,144,0,151,14,0,14,165
04/14/2020,SUA,FL,ASO,ES,Federal Contract Tower,0,10,16,0,26,0,6,153,0,159,0,16,169,0,185,14,0,14,199
04/15/2020,SUA,FL,ASO,ES,Federal Contract Tower,0,12,23,0,35,0,5,109,0,114,0,17,132,0,149,40,0,40,189
04/16/2020,SUA,FL,ASO,ES,Federal Contract Tower,0,4,26,0,30,0,0,17,0,17,0,4,43,0,47,18,0,18,65
04/17/2020,SUA,FL,ASO,ES,Federal Contract Tower,0,5,36,0,41,0,4,54,0,58,0,9,90,0,99,8,0,8,107
04/18/2020,SUA,FL,ASO,ES,Federal Contract Tower,0,1,16,0,17,0,25,88,0,113,0,26,104,0,130,28,0,28,158
04/19/2020,SUA,FL,ASO,ES,Federal Contract Tower,0,8,18,0,26,0,5,99,0,104,0,13,117,0,130,30,0,30,160
04/20/2020,SUA,FL,ASO,ES,Federal Contract Tower,0,7,18,0,25,0,2,96,0,98,0,9,114,0,123,50,0,50,173
04/21/2020,SUA,FL,ASO,ES,Federal Contract Tower,0,7,37,0,44,0,8,237,0,245,0,15,274,0,289,76,0,76,365
04/22/2020,SUA,FL,ASO,ES,Federal Contract Tower,0,10,43,0,53,0,16,227,0,243,0,26,270,0,296,70,0,70,366
04/23/2020,SUA,FL,ASO,ES,Federal Contract Tower,0,14,28,2,44,0,8,144,2,154,0,22,172,4,198,40,0,40,238
04/24/2020,SUA,FL,ASO,ES,Federal Contract Tower,0,4,22,0,26,0,41,71,0,112,0,45,93,0,138,6,0,6,144
04/25/2020,SUA,FL,ASO,ES,Federal Contract Tower,0,6,28,0,34,0,46,76,0,122,0,52,104,0,156,44,0,44,200
04/26/2020,SUA,FL,ASO,ES,Federal Contract Tower,0,12,16,0,28,0,0,4,0,4,0,12,20,0,32,28,0,28,60
04/27/2020,SUA,FL,ASO,ES,Federal Contract Tower,0,9,48,1,58,0,1,209,0,210,0,10,257,1,268,28,0,28,296
04/28/2020,SUA,FL,ASO,ES,Federal Contract Tower,0,10,45,0,55,0,2,213,0,215,0,12,258,0,270,58,0,58,328
04/29/2020,SUA,FL,ASO,ES,Federal Contract Tower,0,14,46,1,61,0,3,205,2,210,0,17,251,3,271,48,0,48,319
04/30/2020,SUA,FL,ASO,ES,Federal Contract Tower,0,8,16,0,24,0,18,71,0,89,0,26,87,0,113,58,0,58,171
05/01/2020,SUA,FL,ASO,ES,Federal Contract Tower,0,14,67,0,81,0,15,267,2,284,0,29,334,2,365,38,2,40,405
05/02/2020,SUA,FL,ASO,ES,Federal Contract Tower,0,7,38,1,46,0,4,162,0,166,0,11,200,1,212,40,0,40,252
05/03/2020,SUA,FL,ASO,ES,Federal Contract Tower,0,14,32,0,46,0,0,100,0,100,0,14,132,0,146,20,0,20,166
05/04/2020,SUA,FL,ASO,ES,Federal Contract Tower,0,9,53,2,64,0,2,268,0,270,0,11,321,2,334,104,0,104,438
05/05/2020,SUA,FL,ASO,ES,Federal Contract Tower,0,20,34,0,54,0,8,216,0,224,0,28,250,0,278,98,0,98,376
05/06/2020,SUA,FL,ASO,ES,Federal Contract Tower,0,11,57,0,68,0,2,134,0,136,0,13,191,0,204,66,0,66,270
05/07/2020,SUA,FL,ASO,ES,Federal Contract Tower,0,23,27,0,50,0,5,148,0,153,0,28,175,0,203,60,0,60,263
05/08/2020,SUA,FL,ASO,ES,Federal Contract Tower,0,19,51,0,70,0,25,198,0,223,0,44,249,0,293,106,0,106,399
05/09/2020,SUA,FL,ASO,ES,Federal Contract Tower,0,22,47,0,69,0,16,144,0,160,0,38,191,0,229,30,0,30,259
05/10/2020,SUA,FL,ASO,ES,Federal Contract Tower,0,12,13,0,25,0,2,4,0,6,0,14,17,0,31,6,0,6,37
05/11/2020,SUA,FL,ASO,ES,Federal Contract Tower,0,11,44,0,55,0,2,128,0,130,0,13,172,0,185,60,0,60,245
05/12/2020,SUA,FL,ASO,ES,Federal Contract Tower,0,19,52,1,72,0,4,186,0,190,0,23,238,1,262,114,0,114,376
05/13/2020,SUA,FL,ASO,ES,Federal Contract Tower,0,19,40,2,61,0,12,179,2,193,0,31,219,4,254,70,0,70,324
05/14/2020,SUA,FL,ASO,ES,Federal Contract Tower,0,23,43,0,66,0,12,104,1,117,0,35,147,1,183,42,0,42,225
05/15/2020,SUA,FL,ASO,ES,Federal Contract Tower,0,20,27,0,47,0,6,10,1,17,0,26,37,1,64,0,0,0,64
05/16/2020,SUA,FL,ASO,ES,Federal Contract Tower,0,14,35,0,49,0,2,30,0,32,0,16,65,0,81,0,0,0,81
05/17/2020,SUA,FL,ASO,ES,Federal Contract Tower,0,13,49,0,62,0,2,99,0,101,0,15,148,0,163,36,0,36,199
05/18/2020,SUA,FL,ASO,ES,Federal Contract Tower,0,6,45,0,51,0,2,155,2,159,0,8,200,2,210,138,0,138,348
05/19/2020,SUA,FL,ASO,ES,Federal Contract Tower,0,18,36,0,54,0,2,153,0,155,0,20,189,0,209,94,0,94,303
05/20/2020,SUA,FL,ASO,ES,Federal Contract Tower,0,31,48,0,79,0,12,209,0,221,0,43,257,0,300,90,0,90,390
05/21/2020,SUA,FL,ASO,ES,Federal Contract Tower,0,24,65,0,89,0,5,198,0,203,0,29,263,0,292,74,0,74,366
05/22/2020,SUA,FL,ASO,ES,Federal Contract Tower,0,35,76,0,111,0,34,198,0,232,0,69,274,0,343,56,0,56,399
05/23/2020,SUA,FL,ASO,ES,Federal Contract Tower,0,25,44,0,69,0,19,100,0,119,0,44,144,0,188,26,0,26,214
05/24/2020,SUA,FL,ASO,ES,Federal Contract Tower,0,17,39,0,56,0,17,31,0,48,0,34,70,0,104,2,0,2,106
05/25/2020,SUA,FL,ASO,ES,Federal Contract Tower,0,15,39,0,54,0,1,2,0,3,0,16,41,0,57,0,0,0,57
05/26/2020,SUA,FL,ASO,ES,Federal Contract Tower,0,19,39,0,58,0,0,74,0,74,0,19,113,0,132,4,0,4,136
05/27/2020,SUA,FL,ASO,ES,Federal Contract Tower,0,20,32,0,52,0,2,138,0,140,0,22,170,0,192,130,0,130,322
05/28/2020,SUA,FL,ASO,ES,Federal Contract Tower,0,22,59,0,81,0,4,173,0,177,0,26,232,0,258,138,0,138,396
05/29/2020,SUA,FL,ASO,ES,Federal Contract Tower,0,24,71,0,95,0,7,186,0,193,0,31,257,0,288,138,0,138,426
05/30/2020,SUA,FL,ASO,ES,Federal Contract Tower,0,20,64,0,84,0,18,129,0,147,0,38,193,0,231,72,0,72,303
05/31/2020,SUA,FL,ASO,ES,Federal Contract Tower,0,18,37,0,55,0,7,120,0,127,0,25,157,0,182,30,0,30,212
06/01/2020,SUA,FL,ASO,ES,Federal Contract Tower,0,12,43,0,55,0,1,158,0,159,0,13,201,0,214,178,0,178,392
06/02/2020,SUA,FL,ASO,ES,Federal Contract Tower,0,18,42,0,60,0,4,71,0,75,0,22,113,0,135,76,0,76,211
06/03/2020,SUA,FL,ASO,ES,Federal Contract Tower,0,11,35,0,46,0,0,8,0,8,0,11,43,0,54,2,0,2,56
06/04/2020,SUA,FL,ASO,ES,Federal Contract Tower,0,12,49,0,61,0,4,62,0,66,0,16,111,0,127,24,0,24,151
06/05/2020,SUA,FL,ASO,ES,Federal Contract Tower,0,17,37,0,54,0,2,124,0,126,0,19,161,0,180,48,0,48,228
06/06/2020,SUA,FL,ASO,ES,Federal Contract Tower,0,12,48,0,60,0,7,88,0,95,0,19,136,0,155,50,0,50,205
06/07/2020,SUA,FL,ASO,ES,Federal Contract Tower,0,11,40,0,51,0,0,80,0,80,0,11,120,0,131,20,0,20,151
06/08/2020,SUA,FL,ASO,ES,Federal Contract Tower,0,17,48,0,65,0,2,201,0,203,0,19,249,0,268,126,0,126,394
06/09/2020,SUA,FL,ASO,ES,Federal Contract Tower,0,8,63,0,71,0,5,246,0,251,0,13,309,0,322,170,0,170,492
06/10/2020,SUA,FL,ASO,ES,Federal Contract Tower,0,20,51,0,71,0,4,208,0,212,0,24,259,0,283,134,0,134,417
06/11/2020,SUA,FL,ASO,ES,Federal Contract Tower,0,26,45,0,71,0,10,221,0,231,0,36,266,0,302,200,0,200,502
06/12/2020,SUA,FL,ASO,ES,Federal Contract Tower,0,23,51,0,74,0,6,252,0,258,0,29,303,0,332,132,0,132,464
06/13/2020,SUA,FL,ASO,ES,Federal Contract Tower,0,10,42,0,52,0,21,141,0,162,0,31,183,0,214,92,0,92,306
06/14/2020,SUA,FL,ASO,ES,Federal Contract Tower,0,28,35,0,63,0,19,151,0,170,0,47,186,0,233,76,0,76,309
06/15/2020,SUA,FL,ASO,ES,Federal Contract Tower,0,24,29,0,53,0,0,154,6,160,0,24,183,6,213,160,2,162,375
06/16/2020,SUA,FL,ASO,ES,Federal Contract Tower,0,19,48,0,67,0,0,256,1,257,0,19,304,1,324,168,0,168,492
06/17/2020,SUA,FL,ASO,ES,Federal Contract Tower,0,43,52,0,95,0,4,219,0,223,0,47,271,0,318,116,0,116,434
06/18/2020,SUA,FL,ASO,ES,Federal Contract Tower,0,19,41,0,60,0,4,72,0,76,0,23,113,0,136,60,0,60,196
06/19/2020,SUA,FL,ASO,ES,Federal Contract Tower,0,15,43,0,58,0,1,125,0,126,0,16,168,0,184,38,0,38,222
06/20/2020,SUA,FL,ASO,ES,Federal Contract Tower,0,24,42,0,66,0,8,131,0,139,0,32,173,0,205,14,0,14,219
06/21/2020,SUA,FL,ASO,ES,Federal Contract Tower,0,18,39,0,57,0,20,81,0,101,0,38,120,0,158,6,0,6,164
06/22/2020,SUA,FL,ASO,ES,Federal Contract Tower,0,29,63,0,92,0,5,212,2,219,0,34,275,2,311,64,0,64,375
06/23/2020,SUA,FL,ASO,ES,Federal Contract Tower,0,17,39,0,56,0,0,181,0,181,0,17,220,0,237,106,0,106,343
06/24/2020,SUA,FL,ASO,ES,Federal Contract Tower,0,19,45,0,64,0,6,199,0,205,0,25,244,0,269,140,0,140,409
06/25/2020,SUA,FL,ASO,ES,Federal Contract Tower,0,11,73,0,84,0,6,271,0,277,0,17,344,0,361,130,0,130,491
06/26/2020,SUA,FL,ASO,ES,Federal Contract Tower,0,11,53,0,64,0,0,232,0,232,0,11,285,0,296,58,0,58,354
06/27/2020,SUA,FL,ASO,ES,Federal Contract Tower,0,20,50,0,70,0,14,144,2,160,0,34,194,2,230,52,0,52,282
06/28/2020,SUA,FL,ASO,ES,Federal Contract Tower,0,16,38,0,54,0,4,105,0,109,0,20,143,0,163,26,0,26,189
06/29/2020,SUA,FL,ASO,ES,Federal Contract Tower,0,17,25,0,42,0,2,202,0,204,0,19,227,0,246,142,0,142,388
06/30/2020,SUA,FL,ASO,ES,Federal Contract Tower,0,13,43,0,56,0,3,206,0,209,0,16,249,0,265,108,0,108,373
07/01/2020,SUA,FL,ASO,ES,Federal Contract Tower,0,21,50,0,71,0,4,191,14,209,0,25,241,14,280,50,2,52,332
07/02/2020,SUA,FL,ASO,ES,Federal Contract Tower,0,13,52,0,65,0,6,199,0,205,0,19,251,0,270,116,0,116,386
07/03/2020,SUA,FL,ASO,ES,Federal Contract Tower,0,15,50,0,65,0,1,207,0,208,0,16,257,0,273,50,0,50,323
07/04/2020,SUA,FL,ASO,ES,Federal Contract Tower,0,12,16,0,28,0,5,51,0,56,0,17,67,0,84,4,0,4,88
07/05/2020,SUA,FL,ASO,ES,Federal Contract Tower,0,16,35,0,51,0,0,74,0,74,0,16,109,0,125,14,0,14,139
07/06/2020,SUA,FL,ASO,ES,Federal Contract Tower,0,14,43,1,58,0,3,154,0,157,0,17,197,1,215,60,2,62,277
07/07/2020,SUA,FL,ASO,ES,Federal Contract Tower,0,16,24,0,40,0,3,144,0,147,0,19,168,0,187,118,0,118,305
07/08/2020,SUA,FL,ASO,ES,Federal Contract Tower,0,12,50,0,62,0,4,209,0,213,0,16,259,0,275,140,0,140,415
07/09/2020,SUA,FL,ASO,ES,Federal Contract Tower,0,19,41,0,60,0,10,190,0,200,0,29,231,0,260,86,0,86,346
07/10/2020,SUA,FL,ASO,ES,Federal Contract Tower,0,8,46,0,54,0,8,182,2,192,0,16,228,2,246,104,0,104,350
07/11/2020,SUA,FL,ASO,ES,Federal Contract Tower,0,18,31,0,49,0,4,76,0,80,0,22,107,0,129,26,0,26,155
07/12/2020,SUA,FL,ASO,ES,Federal Contract Tower,0,9,28,0,37,0,0,77,0,77,0,9,105,0,114,16,0,16,130
07/13/2020,SUA,FL,ASO,ES,Federal Contract Tower,0,8,34,0,42,0,4,197,0,201,0,12,231,0,243,74,0,74,317
07/14/2020,SUA,FL,ASO,ES,Federal Contract Tower,0,14,30,1,45,0,5,170,1,176,0,19,200,2,221,56,0,56,277
07/15/2020,SUA,FL,ASO,ES,Federal Contract Tower,0,16,51,2,69,0,9,197,0,206,0,25,248,2,275,116,0,116,391
07/16/2020,SUA,FL,ASO,ES,Federal Contract Tower,0,6,34,0,40,0,5,191,0,196,0,11,225,0,236,112,0,112,348
07/17/2020,SUA,FL,ASO,ES,Federal Contract Tower,0,12,55,0,67,0,0,139,0,139,0,12,194,0,206,66,0,66,272
07/18/2020,SUA,FL,ASO,ES,Federal Contract Tower,0,11,23,0,34,0,2,45,0,47,0,13,68,0,81,30,0,30,111
07/19/2020,SUA,FL,ASO,ES,Federal Contract Tower,0,13,32,0,45,0,9,96,0,105,0,22,128,0,150,40,0,40,190
07/20/2020,SUA,FL,ASO,ES,Federal Contract Tower,0,11,39,5,55,0,6,184,4,194,0,17,223,9,249,60,0,60,309
07/21/2020,SUA,FL,ASO,ES,Federal Contract Tower,0,7,30,0,37,0,2,112,0,114,0,9,142,0,151,134,0,134,285
07/22/2020,SUA,FL,ASO,ES,Federal Contract Tower,0,7,47,4,58,0,2,114,0,116,0,9,161,4,174,94,0,94,268
07/23/2020,SUA,FL,ASO,ES,Federal Contract Tower,0,11,44,1,56,0,8,125,0,133,0,19,169,1,189,94,0,94,283
07/24/2020,SUA,FL,ASO,ES,Federal Contract Tower,0,12,52,0,64,0,8,172,0,180,0,20,224,0,244,78,0,78,322
07/25/2020,SUA,FL,ASO,ES,Federal Contract Tower,0,6,36,0,42,0,1,125,0,126,0,7,161,0,168,18,0,18,186
07/26/2020,SUA,FL,ASO,ES,Federal Contract Tower,0,3,33,0,36,0,23,98,0,121,0,26,131,0,157,18,0,18,175
07/27/2020,SUA,FL,ASO,ES,Federal Contract Tower,0,6,44,1,51,0,8,179,0,187,0,14,223,1,238,88,0,88,326
07/28/2020,SUA,FL,ASO,ES,Federal Contract Tower,0,9,51,0,60,0,4,209,0,213,0,13,260,0,273,142,0,142,415
07/29/2020,SUA,FL,ASO,ES,Federal Contract Tower,0,8,69,0,77,0,7,186,0,193,0,15,255,0,270,194,0,194,464
07/30/2020,SUA,FL,ASO,ES,Federal Contract Tower,0,9,37,0,46,0,2,204,0,206,0,11,241,0,252,106,0,106,358
07/31/2020,SUA,FL,ASO,ES,Federal Contract Tower,0,14,76,0,90,0,15,218,0,233,0,29,294,0,323,134,0,134,457
08/01/2020,SUA,FL,ASO,ES,Federal Contract Tower,0,7,15,0,22,0,1,13,0,14,0,8,28,0,36,4,0,4,40
08/02/2020,SUA,FL,ASO,ES,Federal Contract Tower,0,0,11,0,11,0,0,0,0,0,0,0,11,0,11,0,0,0,11
08/03/2020,SUA,FL,ASO,ES,Federal Contract Tower,0,13,40,0,53,0,6,124,2,132,0,19,164,2,185,34,0,34,219
08/04/2020,SUA,FL,ASO,ES,Federal Contract Tower,0,6,31,0,37,0,0,174,0,174,0,6,205,0,211,82,0,82,293
08/05/2020,SUA,FL,ASO,ES,Federal Contract Tower,0,14,42,2,58,0,3,185,1,189,0,17,227,3,247,114,0,114,361
08/06/2020,SUA,FL,ASO,ES,Federal Contract Tower,0,17,28,4,49,0,7,201,0,208,0,24,229,4,257,230,0,230,487
08/07/2020,SUA,FL,ASO,ES,Federal Contract Tower,0,12,36,0,48,0,18,246,1,265,0,30,282,1,313,124,0,124,437
08/08/2020,SUA,FL,ASO,ES,Federal Contract Tower,0,10,30,0,40,0,14,147,0,161,0,24,177,0,201,20,0,20,221
08/09/2020,SUA,FL,ASO,ES,Federal Contract Tower,0,10,34,0,44,0,10,93,0,103,0,20,127,0,147,4,0,4,151
08/10/2020,SUA,FL,ASO,ES,Federal Contract Tower,0,11,42,4,57,0,0,161,0,161,0,11,203,4,218,84,0,84,302
08/11/2020,SUA,FL,ASO,ES,Federal Contract Tower,0,11,48,0,59,0,8,228,0,236,0,19,276,0,295,134,0,134,429
08/12/2020,SUA,FL,ASO,ES,Federal Contract Tower,0,13,47,0,60,0,12,222,0,234,0,25,269,0,294,134,0,134,428
08/13/2020,SUA,FL,ASO,ES,Federal Contract Tower,0,6,58,0,64,0,7,190,0,197,0,13,248,0,261,90,0,90,351
08/14/2020,SUA,FL,ASO,ES,Federal Contract Tower,0,9,42,0,51,0,16,186,0,202,0,25,228,0,253,106,0,106,359
08/15/2020,SUA,FL,ASO,ES,Federal Contract Tower,0,6,18,0,24,0,10,136,0,146,0,16,154,0,170,58,0,58,228
08/17/2020,SUA,FL,ASO,ES,Federal Contract Tower,0,20,42,0,62,0,2,164,0,166,0,22,206,0,228,60,0,60,288
08/18/2020,SUA,FL,ASO,ES,Federal Contract Tower,0,11,31,0,42,0,2,270,0,272,0,13,301,0,314,142,0,142,456
08/19/2020,SUA,FL,ASO,ES,Federal Contract Tower,0,15,50,0,65,0,6,133,0,139,0,21,183,0,204,34,0,34,238
08/20/2020,SUA,FL,ASO,ES,Federal Contract Tower,0,8,27,0,35,0,4,116,0,120,0,12,143,0,155,76,0,76,231
08/21/2020,SUA,FL,ASO,ES,Federal Contract Tower,0,9,50,6,65,0,15,160,0,175,0,24,210,6,240,128,6,134,374
08/22/2020,SUA,FL,ASO,ES,Federal Contract Tower,0,5,26,0,31,0,10,134,0,144,0,15,160,0,175,46,0,46,221
08/23/2020,SUA,FL,ASO,ES,Federal Contract Tower,0,6,27,0,33,0,19,105,0,124,0,25,132,0,157,4,0,4,161
08/24/2020,SUA,FL,ASO,ES,Federal Contract Tower,0,36,0,0,36,0,2,91,0,93,0,38,91,0,129,74,0,74,203
08/25/2020,SUA,FL,ASO,ES,Federal Contract Tower,0,8,40,2,50,0,4,165,0,169,0,12,205,2,219,78,0,78,297
08/26/2020,SUA,FL,ASO,ES,Federal Contract Tower,0,9,43,2,54,0,0,151,2,153,0,9,194,4,207,174,0,174,381
08/27/2020,SUA,FL,ASO,ES,Federal Contract Tower,0,2,51,0,53,0,12,193,3,208,0,14,244,3,261,112,0,112,373
08/28/2020,SUA,FL,ASO,ES,Federal Contract Tower,0,3,58,0,61,0,18,187,16,221,0,21,245,16,282,108,0,108,390
08/29/2020,SUA,FL,ASO,ES,Federal Contract Tower,0,6,18,0,24,0,14,102,0,116,0,20,120,0,140,60,0,60,200
08/30/2020,SUA,FL,ASO,ES,Federal Contract Tower,0,5,38,0,43,0,14,82,0,96,0,19,120,0,139,0,0,0,139
08/31/2020,SUA,FL,ASO,ES,Federal Contract Tower,0,7,41,0,48,0,1,124,0,125,0,8,165,0,173,64,0,64,237
09/01/2020,SUA,FL,ASO,ES,Federal Contract Tower,0,8,27,0,35,0,2,198,0,200,0,10,225,0,235,138,0,138,373
09/02/2020,SUA,FL,ASO,ES,Federal Contract Tower,0,7,46,0,53,0,7,217,0,224,0,14,263,0,277,110,0,110,387
09/03/2020,SUA,FL,ASO,ES,Federal Contract Tower,0,7,71,0,78,0,5,238,2,245,0,12,309,2,323,154,0,154,477
09/04/2020,SUA,FL,ASO,ES,Federal Contract Tower,0,7,43,0,50,0,22,183,0,205,0,29,226,0,255,88,0,88,343
09/05/2020,SUA,FL,ASO,ES,Federal Contract Tower,0,5,20,0,25,0,13,107,0,120,0,18,127,0,145,46,0,46,191
09/06/2020,SUA,FL,ASO,ES,Federal Contract Tower,0,0,19,0,19,0,10,50,4,64,0,10,69,4,83,18,0,18,101
09/07/2020,SUA,FL,ASO,ES,Federal Contract Tower,0,8,39,0,47,0,7,82,0,89,0,15,121,0,136,28,0,28,164
09/08/2020,SUA,FL,ASO,ES,Federal Contract Tower,0,8,48,0,56,0,4,105,0,109,0,12,153,0,165,40,0,40,205
09/09/2020,SUA,FL,ASO,ES,Federal Contract Tower,0,11,54,0,65,0,3,123,0,126,0,14,177,0,191,128,0,128,319
09/10/2020,SUA,FL,ASO,ES,Federal Contract Tower,0,10,40,0,50,0,8,152,0,160,0,18,192,0,210,118,0,118,328
09/11/2020,SUA,FL,ASO,ES,Federal Contract Tower,0,4,43,1,48,0,6,122,8,136,0,10,165,9,184,70,0,70,254
09/12/2020,SUA,FL,ASO,ES,Federal Contract Tower,0,2,22,0,24,0,0,5,0,5,0,2,27,0,29,0,0,0,29
09/13/2020,SUA,FL,ASO,ES,Federal Contract Tower,0,8,37,0,45,0,7,57,0,64,0,15,94,0,109,14,0,14,123
09/14/2020,SUA,FL,ASO,ES,Federal Contract Tower,0,9,24,0,33,0,36,198,0,234,0,45,222,0,267,120,0,120,387
09/15/2020,SUA,FL,ASO,ES,Federal Contract Tower,0,9,63,0,72,0,4,209,0,213,0,13,272,0,285,126,0,126,411
09/16/2020,SUA,FL,ASO,ES,Federal Contract Tower,0,9,57,0,66,0,16,162,0,178,0,25,219,0,244,106,0,106,350
09/17/2020,SUA,FL,ASO,ES,Federal Contract Tower,0,13,45,0,58,0,10,206,0,216,0,23,251,0,274,124,0,124,398
09/18/2020,SUA,FL,ASO,ES,Federal Contract Tower,0,8,56,0,64,0,9,163,2,174,0,17,219,2,238,106,0,106,344
09/19/2020,SUA,FL,ASO,ES,Federal Contract Tower,0,10,36,0,46,0,5,124,0,129,0,15,160,0,175,44,0,44,219
09/20/2020,SUA,FL,ASO,ES,Federal Contract Tower,0,8,41,0,49,0,3,69,0,72,0,11,110,0,121,2,0,2,123
09/21/2020,SUA,FL,ASO,ES,Federal Contract Tower,0,11,24,0,35,0,2,28,0,30,0,13,52,0,65,18,0,18,83
09/22/2020,SUA,FL,ASO,ES,Federal Contract Tower,0,9,46,0,55,0,4,141,0,145,0,13,187,0,200,38,0,38,238
09/23/2020,SUA,FL,ASO,ES,Federal Contract Tower,0,18,51,2,71,0,0,187,0,187,0,18,238,2,258,146,0,146,404
09/24/2020,SUA,FL,ASO,ES,Federal Contract Tower,0,19,47,0,66,0,10,182,0,192,0,29,229,0,258,82,0,82,340
09/25/2020,SUA,FL,ASO,ES,Federal Contract Tower,0,6,53,0,59,0,19,170,0,189,0,25,223,0,248,104,0,104,352
09/26/2020,SUA,FL,ASO,ES,Federal Contract Tower,0,4,32,1,37,0,21,102,0,123,0,25,134,1,160,24,0,24,184
09/27/2020,SUA,FL,ASO,ES,Federal Contract Tower,0,2,51,0,53,0,24,124,0,148,0,26,175,0,201,16,0,16,217
09/28/2020,SUA,FL,ASO,ES,Federal Contract Tower,0,8,44,0,52,0,1,92,0,93,0,9,136,0,145,76,0,76,221
09/29/2020,SUA,FL,ASO,ES,Federal Contract Tower,0,4,46,2,52,0,2,207,0,209,0,6,253,2,261,120,0,120,381
09/30/2020,SUA,FL,ASO,ES,Federal Contract Tower,0,8,63,0,71,0,2,57,0,59,0,10,120,0,130,42,0,42,172
10/01/2020,SUA,FL,ASO,ES,Federal Contract Tower,0,11,51,0,62,0,2,66,0,68,0,13,117,0,130,86,0,86,216
10/02/2020,SUA,FL,ASO,ES,Federal Contract Tower,0,12,54,0,66,0,0,91,0,91,0,12,145,0,157,52,0,52,209
10/03/2020,SUA,FL,ASO,ES,Federal Contract Tower,0,10,31,0,41,0,2,43,0,45,0,12,74,0,86,40,0,40,126
10/04/2020,SUA,FL,ASO,ES,Federal Contract Tower,0,11,47,0,58,0,0,28,0,28,0,11,75,0,86,8,0,8,94
10/05/2020,SUA,FL,ASO,ES,Federal Contract Tower,0,26,44,0,70,0,2,187,0,189,0,28,231,0,259,160,0,160,419
10/06/2020,SUA,FL,ASO,ES,Federal Contract Tower,0,12,59,0,71,0,1,183,0,184,0,13,242,0,255,136,0,136,391
10/07/2020,SUA,FL,ASO,ES,Federal Contract Tower,0,19,87,0,106,0,7,208,0,215,0,26,295,0,321,138,0,138,459
10/08/2020,SUA,FL,ASO,ES,Federal Contract Tower,0,14,78,0,92,0,6,237,0,243,0,20,315,0,335,130,0,130,465
10/09/2020,SUA,FL,ASO,ES,Federal Contract Tower,0,12,65,0,77,0,13,230,0,243,0,25,295,0,320,116,0,116,436
10/10/2020,SUA,FL,ASO,ES,Federal Contract Tower,0,7,39,0,46,0,14,80,0,94,0,21,119,0,140,44,0,44,184
10/11/2020,SUA,FL,ASO,ES,Federal Contract Tower,0,9,30,0,39,0,0,106,0,106,0,9,136,0,145,8,0,8,153
10/12/2020,SUA,FL,ASO,ES,Federal Contract Tower,0,16,51,0,67,0,2,138,0,140,0,18,189,0,207,88,0,88,295
10/13/2020,SUA,FL,ASO,ES,Federal Contract Tower,0,21,55,1,77,0,0,240,0,240,0,21,295,1,317,126,0,126,443
10/14/2020,SUA,FL,ASO,ES,Federal Contract Tower,0,17,58,0,75,0,9,194,1,204,0,26,252,1,279,90,0,90,369
10/15/2020,SUA,FL,ASO,ES,Federal Contract Tower,0,29,58,1,88,0,15,206,6,227,0,44,264,7,315,156,0,156,471
10/17/2020,SUA,FL,ASO,ES,Federal Contract Tower,0,12,45,0,57,0,2,122,2,126,0,14,167,2,183,36,0,36,219
10/19/2020,SUA,FL,ASO,ES,Federal Contract Tower,0,21,46,0,67,0,3,13,0,16,0,24,59,0,83,4,0,4,87
10/20/2020,SUA,FL,ASO,ES,Federal Contract Tower,0,16,52,0,68,0,2,126,0,128,0,18,178,0,196,62,0,62,258
10/21/2020,SUA,FL,ASO,ES,Federal Contract Tower,0,24,38,0,62,0,0,31,0,31,0,24,69,0,93,12,0,12,105
10/22/2020,SUA,FL,ASO,ES,Federal Contract Tower,0,31,71,0,102,0,4,138,0,142,0,35,209,0,244,100,0,100,344
10/23/2020,SUA,FL,ASO,ES,Federal Contract Tower,0,18,64,0,82,0,4,144,0,148,0,22,208,0,230,64,0,64,294
10/24/2020,SUA,FL,ASO,ES,Federal Contract Tower,0,17,41,0,58,0,23,135,0,158,0,40,176,0,216,48,0,48,264
10/25/2020,SUA,FL,ASO,ES,Federal Contract Tower,0,17,46,0,63,0,4,33,0,37,0,21,79,0,100,20,0,20,120
10/26/2020,SUA,FL,ASO,ES,Federal Contract Tower,0,31,61,0,92,0,3,154,0,157,0,34,215,0,249,92,0,92,341
10/27/2020,SUA,FL,ASO,ES,Federal Contract Tower,0,26,66,0,92,0,7,208,0,215,0,33,274,0,307,178,0,178,485
10/28/2020,SUA,FL,ASO,ES,Federal Contract Tower,0,28,70,0,98,0,17,184,0,201,0,45,254,0,299,106,0,106,405
10/29/2020,SUA,FL,ASO,ES,Federal Contract Tower,0,21,56,0,77,0,8,194,0,202,0,29,250,0,279,132,0,132,411
10/30/2020,SUA,FL,ASO,ES,Federal Contract Tower,0,17,98,0,115,0,7,159,0,166,0,24,257,0,281,48,0,48,329
10/31/2020,SUA,FL,ASO,ES,Federal Contract Tower,0,32,37,0,69,0,6,92,0,98,0,38,129,0,167,36,0,36,203
11/01/2020,SUA,FL,ASO,ES,Federal Contract Tower,0,39,46,0,85,0,3,74,0,77,0,42,120,0,162,18,0,18,180
11/02/2020,SUA,FL,ASO,ES,Federal Contract Tower,0,25,38,0,63,0,4,29,0,33,0,29,67,0,96,4,14,18,114
11/03/2020,SUA,FL,ASO,ES,Federal Contract Tower,0,11,41,0,52,0,2,110,2,114,0,13,151,2,166,16,4,20,186
11/04/2020,SUA,FL,ASO,ES,Federal Contract Tower,0,9,43,7,59,0,2,108,0,110,0,11,151,7,169,8,16,24,193
11/05/2020,SUA,FL,ASO,ES,Federal Contract Tower,0,40,57,0,97,0,175,2,0,177,0,215,59,0,274,44,12,56,330
11/06/2020,SUA,FL,ASO,ES,Federal Contract Tower,0,14,32,0,46,0,0,144,0,144,0,14,176,0,190,30,0,30,220
11/07/2020,SUA,FL,ASO,ES,Federal Contract Tower,0,7,21,1,29,0,0,26,0,26,0,7,47,1,55,10,0,10,65
11/08/2020,SUA,FL,ASO,ES,Federal Contract Tower,0,6,20,0,26,0,0,10,0,10,0,6,30,0,36,0,0,0,36
11/09/2020,SUA,FL,ASO,ES,Federal Contract Tower,0,11,12,0,23,0,0,5,0,5,0,11,17,0,28,4,4,8,36
11/10/2020,SUA,FL,ASO,ES,Federal Contract Tower,0,16,45,2,63,0,8,67,0,75,0,24,112,2,138,48,0,48,186
11/11/2020,SUA,FL,ASO,ES,Federal Contract Tower,0,12,27,0,39,0,4,71,0,75,0,16,98,0,114,34,0,34,148
11/12/2020,SUA,FL,ASO,ES,Federal Contract Tower,0,19,54,0,73,0,9,126,0,135,0,28,180,0,208,118,0,118,326
11/13/2020,SUA,FL,ASO,ES,Federal Contract Tower,0,24,70,0,94,0,17,198,0,215,0,41,268,0,309,138,0,138,447
11/14/2020,SUA,FL,ASO,ES,Federal Contract Tower,0,15,62,0,77,0,14,109,0,123,0,29,171,0,200,72,0,72,272
11/15/2020,SUA,FL,ASO,ES,Federal Contract Tower,0,24,56,0,80,0,3,96,0,99,0,27,152,0,179,12,0,12,191
11/16/2020,SUA,FL,ASO,ES,Federal Contract Tower,0,17,78,3,98,0,12,271,1,284,0,29,349,4,382,48,0,48,430
11/17/2020,SUA,FL,ASO,ES,Federal Contract Tower,0,16,62,0,78,0,0,164,0,164,0,16,226,0,242,44,0,44,286
11/19/2020,SUA,FL,ASO,ES,Federal Contract Tower,0,42,73,0,115,0,2,99,0,101,0,44,172,0,216,26,0,26,242
11/20/2020,SUA,FL,ASO,ES,Federal Contract Tower,0,30,78,0,108,0,10,147,0,157,0,40,225,0,265,70,0,70,335
11/21/2020,SUA,FL,ASO,ES,Federal Contract Tower,0,36,62,0,98,0,3,92,0,95,0,39,154,0,193,46,0,46,239
11/22/2020,SUA,FL,ASO,ES,Federal Contract Tower,0,30,56,0,86,0,2,135,0,137,0,32,191,0,223,4,0,4,227
11/23/2020,SUA,FL,ASO,ES,Federal Contract Tower,0,30,65,0,95,0,5,105,0,110,0,35,170,0,205,90,0,90,295
11/24/2020,SUA,FL,ASO,ES,Federal Contract Tower,0,33,80,0,113,0,4,217,0,221,0,37,297,0,334,142,0,142,476
11/25/2020,SUA,FL,ASO,ES,Federal Contract Tower,0,16,50,0,66,0,4,193,0,197,0,20,243,0,263,74,0,74,337
11/26/2020,SUA,FL,ASO,ES,Federal Contract Tower,0,14,11,0,25,0,4,115,0,119,0,18,126,0,144,16,0,16,160
11/27/2020,SUA,FL,ASO,ES,Federal Contract Tower,0,27,50,0,77,0,8,142,0,150,0,35,192,0,227,70,0,70,297
11/28/2020,SUA,FL,ASO,ES,Federal Contract Tower,0,40,42,0,82,0,6,139,0,145,0,46,181,0,227,60,0,60,287
11/29/2020,SUA,FL,ASO,ES,Federal Contract Tower,0,31,97,0,128,0,0,123,0,123,0,31,220,0,251,6,0,6,257
11/30/2020,SUA,FL,ASO,ES,Federal Contract Tower,0,26,51,0,77,0,5,137,0,142,0,31,188,0,219,62,0,62,281
12/01/2020,SUA,FL,ASO,ES,Federal Contract Tower,0,19,51,0,70,0,5,226,3,234,0,24,277,3,304,162,0,162,466
12/02/2020,SUA,FL,ASO,ES,Federal Contract Tower,0,22,72,0,94,0,11,241,0,252,0,33,313,0,346,142,0,142,488
12/03/2020,SUA,FL,ASO,ES,Federal Contract Tower,0,23,78,0,101,0,6,263,0,269,0,29,341,0,370,120,0,120,490
12/04/2020,SUA,FL,ASO,ES,Federal Contract Tower,0,22,60,4,86,0,4,216,4,224,0,26,276,8,310,158,0,158,468
12/05/2020,SUA,FL,ASO,ES,Federal Contract Tower,0,24,56,0,80,0,16,163,0,179,0,40,219,0,259,70,0,70,329
12/06/2020,SUA,FL,ASO,ES,Federal Contract Tower,0,41,59,0,100,0,6,126,0,132,0,47,185,0,232,40,0,40,272
12/07/2020,SUA,FL,ASO,ES,Federal Contract Tower,0,22,43,0,65,0,2,137,0,139,0,24,180,0,204,104,0,104,308
12/08/2020,SUA,FL,ASO,ES,Federal Contract Tower,0,9,58,0,67,0,8,222,0,230,0,17,280,0,297,82,0,82,379
12/09/2020,SUA,FL,ASO,ES,Federal Contract Tower,0,27,72,0,99,0,0,205,0,205,0,27,277,0,304,56,0,56,360
12/10/2020,SUA,FL,ASO,ES,Federal Contract Tower,0,25,66,0,91,0,7,226,0,233,0,32,292,0,324,112,0,112,436
12/11/2020,SUA,FL,ASO,ES,Federal Contract Tower,0,39,76,0,115,0,4,247,0,251,0,43,323,0,366,106,0,106,472
12/12/2020,SUA,FL,ASO,ES,Federal Contract Tower,0,24,50,0,74,0,8,56,0,64,0,32,106,0,138,8,0,8,146
12/13/2020,SUA,FL,ASO,ES,Federal Contract Tower,0,25,53,0,78,0,11,140,0,151,0,36,193,0,229,6,0,6,235
12/14/2020,SUA,FL,ASO,ES,Federal Contract Tower,0,22,50,0,72,0,0,185,1,186,0,22,235,1,258,68,4,72,330
12/16/2020,SUA,FL,ASO,ES,Federal Contract Tower,0,41,49,0,90,0,6,271,0,277,0,47,320,0,367,148,0,148,515
12/17/2020,SUA,FL,ASO,ES,Federal Contract Tower,0,19,67,0,86,0,16,77,0,93,0,35,144,0,179,30,0,30,209
12/18/2020,SUA,FL,ASO,ES,Federal Contract Tower,0,35,85,1,121,0,3,240,2,245,0,38,325,3,366,78,0,78,444
12/19/2020,SUA,FL,ASO,ES,Federal Contract Tower,0,22,65,0,87,0,1,144,0,145,0,23,209,0,232,46,0,46,278
12/20/2020,SUA,FL,ASO,ES,Federal Contract Tower,0,26,53,0,79,0,4,125,0,129,0,30,178,0,208,10,0,10,218
12/21/2020,SUA,FL,ASO,ES,Federal Contract Tower,0,24,65,0,89,0,2,206,0,208,0,26,271,0,297,122,0,122,419
12/22/2020,SUA,FL,ASO,ES,Federal Contract Tower,0,38,64,0,102,0,3,206,0,209,0,41,270,0,311,136,0,136,447
12/23/2020,SUA,FL,ASO,ES,Federal Contract Tower,0,43,93,0,136,0,0,144,0,144,0,43,237,0,280,102,0,102,382
12/24/2020,SUA,FL,ASO,ES,Federal Contract Tower,0,26,39,0,65,0,3,89,1,93,0,29,128,1,158,0,0,0,158
12/25/2020,SUA,FL,ASO,ES,Federal Contract Tower,0,36,39,0,75,0,2,24,0,26,0,38,63,0,101,0,0,0,101
12/26/2020,SUA,FL,ASO,ES,Federal Contract Tower,0,121,174,0,295,0,2,73,0,75,0,123,247,0,370,0,0,0,370
12/27/2020,SUA,FL,ASO,ES,Federal Contract Tower,0,91,184,0,275,0,8,62,0,70,0,99,246,0,345,2,0,2,347
12/28/2020,SUA,FL,ASO,ES,Federal Contract Tower,0,104,128,0,232,0,6,122,0,128,0,110,250,0,360,0,0,0,360
12/29/2020,SUA,FL,ASO,ES,Federal Contract Tower,0,55,103,0,158,0,8,155,0,163,0,63,258,0,321,0,0,0,321
12/30/2020,SUA,FL,ASO,ES,Federal Contract Tower,0,58,91,0,149,0,4,146,0,150,0,62,237,0,299,0,0,0,299
12/31/2020,SUA,FL,ASO,ES,Federal Contract Tower,0,32,72,0,104,0,12,77,0,89,0,44,149,0,193,8,0,8,201
01/01/2021,SUA,FL,ASO,ES,Federal Contract Tower,0,49,49,0,98,0,2,69,0,71,0,51,118,0,169,2,0,2,171
01/02/2021,SUA,FL,ASO,ES,Federal Contract Tower,0,61,88,0,149,0,16,73,0,89,0,77,161,0,238,0,0,0,238
01/03/2021,SUA,FL,ASO,ES,Federal Contract Tower,0,55,93,0,148,0,5,71,0,76,0,60,164,0,224,4,0,4,228
01/04/2021,SUA,FL,ASO,ES,Federal Contract Tower,0,40,80,0,120,0,0,213,0,213,0,40,293,0,333,40,2,42,375
01/05/2021,SUA,FL,ASO,ES,Federal Contract Tower,0,36,77,0,113,0,2,214,0,216,0,38,291,0,329,90,0,90,419
01/06/2021,SUA,FL,ASO,ES,Federal Contract Tower,0,24,67,0,91,0,0,233,0,233,0,24,300,0,324,108,0,108,432
01/07/2021,SUA,FL,ASO,ES,Federal Contract Tower,0,29,68,0,97,0,2,241,0,243,0,31,309,0,340,118,0,118,458
01/08/2021,SUA,FL,ASO,ES,Federal Contract Tower,0,24,64,0,88,0,6,200,0,206,0,30,264,0,294,26,0,26,320
01/09/2021,SUA,FL,ASO,ES,Federal Contract Tower,0,20,67,0,87,0,2,114,0,116,0,22,181,0,203,42,0,42,245
01/10/2021,SUA,FL,ASO,ES,Federal Contract Tower,0,26,70,1,97,0,11,118,1,130,0,37,188,2,227,6,0,6,233
01/11/2021,SUA,FL,ASO,ES,Federal Contract Tower,0,19,57,0,76,0,7,182,2,191,0,26,239,2,267,46,0,46,313
01/12/2021,SUA,FL,ASO,ES,Federal Contract Tower,0,20,55,0,75,0,14,141,0,155,0,34,196,0,230,60,0,60,290
01/13/2021,SUA,FL,ASO,ES,Federal Contract Tower,0,29,66,0,95,0,24,110,2,136,0,53,176,2,231,48,0,48,279
01/14/2021,SUA,FL,ASO,ES,Federal Contract Tower,0,25,76,0,101,0,11,147,5,163,0,36,223,5,264,104,0,104,368
01/15/2021,SUA,FL,ASO,ES,Federal Contract Tower,0,35,77,0,112,0,22,203,0,225,0,57,280,0,337,62,0,62,399
01/16/2021,SUA,FL,ASO,ES,Federal Contract Tower,0,8,49,0,57,0,21,124,0,145,0,29,173,0,202,32,0,32,234
01/17/2021,SUA,FL,ASO,ES,Federal Contract Tower,0,23,76,0,99,0,12,94,0,106,0,35,170,0,205,2,0,2,207
01/18/2021,SUA,FL,ASO,ES,Federal Contract Tower,0,24,58,0,82,0,0,139,0,139,0,24,197,0,221,58,0,58,279
01/19/2021,SUA,FL,ASO,ES,Federal Contract Tower,0,26,74,0,100,0,3,207,0,210,0,29,281,0,310,34,0,34,344
01/20/2021,SUA,FL,ASO,ES,Federal Contract Tower,0,20,69,0,89,0,2,211,0,213,0,22,280,0,302,102,0,102,404
01/21/2021,SUA,FL,ASO,ES,Federal Contract Tower,0,26,100,0,126,0,9,198,0,207,0,35,298,0,333,60,0,60,393
01/22/2021,SUA,FL,ASO,ES,Federal Contract Tower,0,31,97,2,130,0,6,224,0,230,0,37,321,2,360,94,2,96,456
01/23/2021,SUA,FL,ASO,ES,Federal Contract Tower,0,12,49,0,61,0,8,87,0,95,0,20,136,0,156,12,0,12,168
01/24/2021,SUA,FL,ASO,ES,Federal Contract Tower,0,23,90,0,113,0,6,95,0,101,0,29,185,0,214,8,0,8,222
01/25/2021,SUA,FL,ASO,ES,Federal Contract Tower,0,12,66,6,84,0,3,191,0,194,0,15,257,6,278,38,0,38,316
01/26/2021,SUA,FL,ASO,ES,Federal Contract Tower,0,26,52,0,78,0,7,208,0,215,0,33,260,0,293,114,0,114,407
01/27/2021,SUA,FL,ASO,ES,Federal Contract Tower,0,23,81,0,104,0,6,193,0,199,0,29,274,0,303,108,0,108,411
01/28/2021,SUA,FL,ASO,ES,Federal Contract Tower,0,26,63,4,93,0,3,96,3,102,0,29,159,7,195,24,0,24,219
01/29/2021,SUA,FL,ASO,ES,Federal Contract Tower,0,18,65,0,83,0,5,203,0,208,0,23,268,0,291,46,0,46,337
01/30/2021,SUA,FL,ASO,ES,Federal Contract Tower,0,22,52,0,74,0,111,144,0,255,0,133,196,0,329,30,0,30,359
01/31/2021,SUA,FL,ASO,ES,Federal Contract Tower,0,24,58,0,82,0,41,81,1,123,0,65,139,1,205,20,0,20,225
02/01/2021,SUA,FL,ASO,ES,Federal Contract Tower,0,21,37,0,58,0,16,66,0,82,0,37,103,0,140,16,0,16,156
02/02/2021,SUA,FL,ASO,ES,Federal Contract Tower,0,17,31,0,48,0,6,81,0,87,0,23,112,0,135,22,0,22,157
02/03/2021,SUA,FL,ASO,ES,Federal Contract Tower,0,41,48,0,89,0,13,216,0,229,0,54,264,0,318,72,0,72,390
02/04/2021,SUA,FL,ASO,ES,Federal Contract Tower,0,29,81,0,110,0,6,280,0,286,0,35,361,0,396,66,0,66,462
02/05/2021,SUA,FL,ASO,ES,Federal Contract Tower,0,31,89,0,120,0,5,243,0,248,0,36,332,0,368,90,2,92,460
02/06/2021,SUA,FL,ASO,ES,Federal Contract Tower,0,28,43,0,71,0,8,61,0,69,0,36,104,0,140,12,0,12,152
02/07/2021,SUA,FL,ASO,ES,Federal Contract Tower,0,26,49,0,75,0,6,38,0,44,0,32,87,0,119,2,0,2,121
02/08/2021,SUA,FL,ASO,ES,Federal Contract Tower,0,19,81,0,100,0,0,80,0,80,0,19,161,0,180,16,0,16,196
02/09/2021,SUA,FL,ASO,ES,Federal Contract Tower,0,34,75,0,109,0,3,243,0,246,0,37,318,0,355,100,0,100,455
02/10/2021,SUA,FL,ASO,ES,Federal Contract Tower,0,38,101,0,139,0,1,179,0,180,0,39,280,0,319,80,0,80,399
02/11/2021,SUA,FL,ASO,ES,Federal Contract Tower,0,33,94,0,127,0,5,224,0,229,0,38,318,0,356,64,0,64,420
02/12/2021,SUA,FL,ASO,ES,Federal Contract Tower,0,41,106,0,147,0,0,169,0,169,0,41,275,0,316,16,0,16,332
02/13/2021,SUA,FL,ASO,ES,Federal Contract Tower,0,41,45,0,86,0,7,62,0,69,0,48,107,0,155,14,0,14,169
02/14/2021,SUA,FL,ASO,ES,Federal Contract Tower,0,44,77,0,121,0,2,51,0,53,0,46,128,0,174,6,0,6,180
02/15/2021,SUA,FL,ASO,ES,Federal Contract Tower,0,18,76,0,94,0,1,149,0,150,0,19,225,0,244,78,0,78,322
02/16/2021,SUA,FL,ASO,ES,Federal Contract Tower,0,27,63,0,90,0,0,61,0,61,0,27,124,0,151,34,0,34,185
02/17/2021,SUA,FL,ASO,ES,Federal Contract Tower,0,29,75,0,104,0,6,95,0,101,0,35,170,0,205,72,0,72,277
02/18/2021,SUA,FL,ASO,ES,Federal Contract Tower,0,27,74,0,101,0,10,258,0,268,0,37,332,0,369,40,0,40,409
02/19/2021,SUA,FL,ASO,ES,Federal Contract Tower,0,41,65,0,106,0,13,136,0,149,0,54,201,0,255,60,0,60,315
02/20/2021,SUA,FL,ASO,ES,Federal Contract Tower,0,38,53,0,91,0,22,104,0,126,0,60,157,0,217,44,0,44,261
02/21/2021,SUA,FL,ASO,ES,Federal Contract Tower,0,44,68,0,112,0,21,70,0,91,0,65,138,0,203,10,0,10,213
02/22/2021,SUA,FL,ASO,ES,Federal Contract Tower,0,17,51,0,68,0,4,141,0,145,0,21,192,0,213,36,0,36,249
02/23/2021,SUA,FL,ASO,ES,Federal Contract Tower,0,27,72,0,99,0,4,176,0,180,0,31,248,0,279,46,0,46,325
02/24/2021,SUA,FL,ASO,ES,Federal Contract Tower,0,30,73,0,103,0,4,229,0,233,0,34,302,0,336,130,0,130,466
02/25/2021,SUA,FL,ASO,ES,Federal Contract Tower,0,43,83,0,126,0,5,231,0,236,0,48,314,0,362,70,0,70,432
02/26/2021,SUA,FL,ASO,ES,Federal Contract Tower,0,43,82,0,125,0,2,288,0,290,0,45,370,0,415,102,0,102,517
02/27/2021,SUA,FL,ASO,ES,Federal Contract Tower,0,31,48,0,79,0,35,139,0,174,0,66,187,0,253,16,0,16,269
02/28/2021,SUA,FL,ASO,ES,Federal Contract Tower,0,42,68,0,110,0,18,103,0,121,0,60,171,0,231,0,0,0,231
03/01/2021,SUA,FL,ASO,ES,Federal Contract Tower,0,21,70,0,91,0,3,168,0,171,0,24,238,0,262,92,0,92,354
03/02/2021,SUA,FL,ASO,ES,Federal Contract Tower,0,24,92,0,116,0,1,170,0,171,0,25,262,0,287,120,0,120,407
03/03/2021,SUA,FL,ASO,ES,Federal Contract Tower,0,31,78,0,109,0,1,99,0,100,0,32,177,0,209,54,0,54,263
03/04/2021,SUA,FL,ASO,ES,Federal Contract Tower,0,44,70,0,114,0,18,187,0,205,0,62,257,0,319,80,0,80,399
03/05/2021,SUA,FL,ASO,ES,Federal Contract Tower,0,21,89,0,110,0,20,224,0,244,0,41,313,0,354,78,0,78,432
03/06/2021,SUA,FL,ASO,ES,Federal Contract Tower,0,32,42,0,74,0,6,75,0,81,0,38,117,0,155,12,0,12,167
03/07/2021,SUA,FL,ASO,ES,Federal Contract Tower,0,43,61,0,104,0,4,51,0,55,0,47,112,0,159,4,0,4,163
03/08/2021,SUA,FL,ASO,ES,Federal Contract Tower,0,43,59,0,102,0,5,66,0,71,0,48,125,0,173,6,0,6,179
03/09/2021,SUA,FL,ASO,ES,Federal Contract Tower,0,29,69,0,98,0,0,132,0,132,0,29,201,0,230,68,0,68,298
03/10/2021,SUA,FL,ASO,ES,Federal Contract Tower,0,34,74,0,108,0,2,140,0,142,0,36,214,0,250,32,0,32,282
03/11/2021,SUA,FL,ASO,ES,Federal Contract Tower,0,33,92,0,125,0,14,238,0,252,0,47,330,0,377,64,0,64,441
03/12/2021,SUA,FL,ASO,ES,Federal Contract Tower,0,38,76,0,114,0,22,248,0,270,0,60,324,0,384,82,0,82,466
03/13/2021,SUA,FL,ASO,ES,Federal Contract Tower,0,39,89,0,128,0,13,201,0,214,0,52,290,0,342,64,0,64,406
03/14/2021,SUA,FL,ASO,ES,Federal Contract Tower,0,38,85,0,123,0,18,159,0,177,0,56,244,0,300,16,0,16,316
03/15/2021,SUA,FL,ASO,ES,Federal Contract Tower,0,34,70,0,104,0,1,195,2,198,0,35,265,2,302,114,0,114,416
03/16/2021,SUA,FL,ASO,ES,Federal Contract Tower,0,28,61,0,89,0,4,199,0,203,0,32,260,0,292,86,0,86,378
03/17/2021,SUA,FL,ASO,ES,Federal Contract Tower,0,32,77,0,109,0,4,211,0,215,0,36,288,0,324,58,0,58,382
03/18/2021,SUA,FL,ASO,ES,Federal Contract Tower,0,36,61,0,97,0,9,158,0,167,0,45,219,0,264,70,0,70,334
03/19/2021,SUA,FL,ASO,ES,Federal Contract Tower,0,35,93,0,128,0,21,216,0,237,0,56,309,0,365,82,0,82,447
03/20/2021,SUA,FL,ASO,ES,Federal Contract Tower,0,37,71,0,108,0,26,96,0,122,0,63,167,0,230,14,0,14,244
03/21/2021,SUA,FL,ASO,ES,Federal Contract Tower,0,45,94,0,139,0,14,109,0,123,0,59,203,0,262,22,0,22,284
03/22/2021,SUA,FL,ASO,ES,Federal Contract Tower,0,30,71,0,101,0,9,200,0,209,0,39,271,0,310,96,0,96,406
03/23/2021,SUA,FL,ASO,ES,Federal Contract Tower,0,23,51,0,74,0,6,218,3,227,0,29,269,3,301,94,0,94,395
03/24/2021,SUA,FL,ASO,ES,Federal Contract Tower,0,29,78,0,107,0,37,268,0,305,0,66,346,0,412,160,0,160,572
03/25/2021,SUA,FL,ASO,ES,Federal Contract Tower,0,26,80,0,106,0,12,257,0,269,0,38,337,0,375,78,0,78,453
03/26/2021,SUA,FL,ASO,ES,Federal Contract Tower,0,40,101,0,141,0,3,298,0,301,0,43,399,0,442,88,0,88,530
03/27/2021,SUA,FL,ASO,ES,Federal Contract Tower,0,43,86,0,129,0,12,212,0,224,0,55,298,0,353,32,0,32,385
03/28/2021,SUA,FL,ASO,ES,Federal Contract Tower,0,59,88,0,147,0,7,121,0,128,0,66,209,0,275,4,0,4,279
03/29/2021,SUA,FL,ASO,ES,Federal Contract Tower,0,35,84,4,123,0,13,286,0,299,0,48,370,4,422,26,0,26,448
03/30/2021,SUA,FL,ASO,ES,Federal Contract Tower,0,20,75,0,95,0,4,259,1,264,0,24,334,1,359,44,0,44,403
03/31/2021,SUA,FL,ASO,ES,Federal Contract Tower,0,50,75,0,125,0,11,173,0,184,0,61,248,0,309,94,0,94,403
04/01/2021,SUA,FL,ASO,ES,Federal Contract Tower,0,45,91,2,138,0,3,166,0,169,0,48,257,2,307,62,0,62,369
04/02/2021,SUA,FL,ASO,ES,Federal Contract Tower,0,52,70,0,122,0,15,75,4,94,0,67,145,4,216,4,0,4,220
04/03/2021,SUA,FL,ASO,ES,Federal Contract Tower,0,38,70,0,108,0,4,76,0,80,0,42,146,0,188,8,0,8,196
04/04/2021,SUA,FL,ASO,ES,Federal Contract Tower,0,46,55,0,101,0,10,101,0,111,0,56,156,0,212,16,0,16,228
04/05/2021,SUA,FL,ASO,ES,Federal Contract Tower,0,34,82,0,116,0,1,360,0,361,0,35,442,0,477,76,0,76,553
04/06/2021,SUA,FL,ASO,ES,Federal Contract Tower,0,42,78,0,120,0,21,352,1,374,0,63,430,1,494,106,0,106,600
04/07/2021,SUA,FL,ASO,ES,Federal Contract Tower,0,30,91,0,121,0,36,302,0,338,0,66,393,0,459,84,0,84,543
04/08/2021,SUA,FL,ASO,ES,Federal Contract Tower,0,36,67,2,105,1,8,295,0,304,1,44,362,2,409,88,0,88,497
04/09/2021,SUA,FL,ASO,ES,Federal Contract Tower,0,46,91,0,137,0,23,256,0,279,0,69,347,0,416,70,0,70,486
04/10/2021,SUA,FL,ASO,ES,Federal Contract Tower,0,28,72,0,100,0,17,222,0,239,0,45,294,0,339,14,0,14,353
04/11/2021,SUA,FL,ASO,ES,Federal Contract Tower,0,19,53,0,72,0,14,36,0,50,0,33,89,0,122,0,0,0,122
04/12/2021,SUA,FL,ASO,ES,Federal Contract Tower,0,54,75,0,129,0,20,48,0,68,0,74,123,0,197,16,0,16,213
04/13/2021,SUA,FL,ASO,ES,Federal Contract Tower,0,33,75,0,108,0,6,359,1,366,0,39,434,1,474,118,0,118,592
04/14/2021,SUA,FL,ASO,ES,Federal Contract Tower,0,23,71,0,94,0,10,255,2,267,0,33,326,2,361,88,0,88,449
04/15/2021,SUA,FL,ASO,ES,Federal Contract Tower,0,37,61,0,98,0,15,260,0,275,0,52,321,0,373,76,0,76,449
04/16/2021,SUA,FL,ASO,ES,Federal Contract Tower,0,44,103,0,147,0,28,148,0,176,0,72,251,0,323,10,0,10,333
04/17/2021,SUA,FL,ASO,ES,Federal Contract Tower,0,39,57,0,96,0,9,109,0,118,0,48,166,0,214,34,0,34,248
04/18/2021,SUA,FL,ASO,ES,Federal Contract Tower,0,40,58,0,98,0,16,68,0,84,0,56,126,0,182,4,0,4,186
04/19/2021,SUA,FL,ASO,ES,Federal Contract Tower,0,33,56,0,89,0,8,54,0,62,0,41,110,0,151,46,0,46,197
04/20/2021,SUA,FL,ASO,ES,Federal Contract Tower,0,42,39,0,81,0,10,114,0,124,0,52,153,0,205,32,0,32,237
04/21/2021,SUA,FL,ASO,ES,Federal Contract Tower,0,31,66,0,97,0,29,256,0,285,0,60,322,0,382,108,0,108,490
04/22/2021,SUA,FL,ASO,ES,Federal Contract Tower,0,30,67,0,97,0,24,272,0,296,0,54,339,0,393,28,0,28,421
04/23/2021,SUA,FL,ASO,ES,Federal Contract Tower,0,43,88,0,131,0,2,234,0,236,0,45,322,0,367,48,0,48,415
04/24/2021,SUA,FL,ASO,ES,Federal Contract Tower,0,21,65,0,86,0,3,70,0,73,0,24,135,0,159,22,0,22,181
04/25/2021,SUA,FL,ASO,ES,Federal Contract Tower,0,37,78,0,115,0,2,69,0,71,0,39,147,0,186,8,0,8,194
04/26/2021,SUA,FL,ASO,ES,Federal Contract Tower,0,14,81,0,95,0,0,0,0,0,0,14,81,0,95,88,0,88,183
04/27/2021,SUA,FL,ASO,ES,Federal Contract Tower,0,32,70,0,102,0,13,247,1,261,0,45,317,1,363,94,0,94,457
04/28/2021,SUA,FL,ASO,ES,Federal Contract Tower,0,39,75,0,114,0,6,277,0,283,0,45,352,0,397,62,0,62,459
04/29/2021,SUA,FL,ASO,ES,Federal Contract Tower,0,30,93,0,123,0,9,226,0,235,0,39,319,0,358,84,0,84,442
04/30/2021,SUA,FL,ASO,ES,Federal Contract Tower,0,12,60,0,72,0,25,206,0,231,0,37,266,0,303,148,0,148,451
05/01/2021,SUA,FL,ASO,ES,Federal Contract Tower,0,45,43,0,88,0,9,109,0,118,0,54,152,0,206,50,0,50,256
05/02/2021,SUA,FL,ASO,ES,Federal Contract Tower,0,34,50,0,84,0,5,155,0,160,0,39,205,0,244,2,0,2,246
05/03/2021,SUA,FL,ASO,ES,Federal Contract Tower,0,24,63,0,87,0,5,265,0,270,0,29,328,0,357,76,0,76,433
05/04/2021,SUA,FL,ASO,ES,Federal Contract Tower,0,31,68,0,99,0,6,254,1,261,0,37,322,1,360,58,0,58,418
05/05/2021,SUA,FL,ASO,ES,Federal Contract Tower,0,31,62,0,93,0,6,297,0,303,0,37,359,0,396,132,0,132,528
05/06/2021,SUA,FL,ASO,ES,Federal Contract Tower,0,34,77,0,111,0,9,124,0,133,0,43,201,0,244,42,0,42,286
05/07/2021,SUA,FL,ASO,ES,Federal Contract Tower,0,32,75,0,107,0,6,295,0,301,0,38,370,0,408,62,0,62,470
05/08/2021,SUA,FL,ASO,ES,Federal Contract Tower,0,44,45,0,89,0,2,161,0,163,0,46,206,0,252,60,0,60,312
05/09/2021,SUA,FL,ASO,ES,Federal Contract Tower,0,32,51,0,83,0,4,76,1,81,0,36,127,1,164,2,0,2,166
05/10/2021,SUA,FL,ASO,ES,Federal Contract Tower,0,35,69,0,104,0,6,286,2,294,0,41,355,2,398,58,0,58,456
05/11/2021,SUA,FL,ASO,ES,Federal Contract Tower,0,18,78,0,96,0,8,272,0,280,0,26,350,0,376,106,0,106,482
05/12/2021,SUA,FL,ASO,ES,Federal Contract Tower,0,23,61,0,84,0,2,287,1,290,0,25,348,1,374,152,0,152,526
05/13/2021,SUA,FL,ASO,ES,Federal Contract Tower,0,21,73,0,94,0,3,167,0,170,0,24,240,0,264,44,0,44,308
05/14/2021,SUA,FL,ASO,ES,Federal Contract Tower,0,39,88,0,127,0,17,247,0,264,0,56,335,0,391,78,0,78,469
05/15/2021,SUA,FL,ASO,ES,Federal Contract Tower,0,31,52,0,83,0,25,65,0,90,0,56,117,0,173,26,0,26,199
05/16/2021,SUA,FL,ASO,ES,Federal Contract Tower,0,30,69,0,99,0,7,91,0,98,0,37,160,0,197,16,0,16,213
05/17/2021,SUA,FL,ASO,ES,Federal Contract Tower,0,18,62,0,80,0,2,232,0,234,0,20,294,0,314,102,0,102,416
05/18/2021,SUA,FL,ASO,ES,Federal Contract Tower,0,29,40,0,69,0,8,196,0,204,0,37,236,0,273,38,0,38,311
05/19/2021,SUA,FL,ASO,ES,Federal Contract Tower,0,25,67,0,92,0,5,96,0,101,0,30,163,0,193,16,0,16,209
05/20/2021,SUA,FL,ASO,ES,Federal Contract Tower,0,36,53,0,89,0,4,49,0,53,0,40,102,0,142,10,0,10,152
05/21/2021,SUA,FL,ASO,ES,Federal Contract Tower,0,32,69,0,101,0,13,67,2,82,0,45,136,2,183,10,0,10,193
05/22/2021,SUA,FL,ASO,ES,Federal Contract Tower,0,26,46,0,72,0,17,56,0,73,0,43,102,0,145,4,0,4,149
05/23/2021,SUA,FL,ASO,ES,Federal Contract Tower,0,22,37,0,59,0,23,109,0,132,0,45,146,0,191,2,0,2,193
05/24/2021,SUA,FL,ASO,ES,Federal Contract Tower,0,32,70,0,102,0,43,373,0,416,0,75,443,0,518,66,0,66,584
05/25/2021,SUA,FL,ASO,ES,Federal Contract Tower,0,40,52,0,92,0,6,312,2,320,0,46,364,2,412,138,4,142,554
05/26/2021,SUA,FL,ASO,ES,Federal Contract Tower,0,37,53,0,90,0,10,335,0,345,0,47,388,0,435,92,0,92,527
05/27/2021,SUA,FL,ASO,ES,Federal Contract Tower,0,21,85,0,106,0,3,263,0,266,0,24,348,0,372,104,0,104,476
05/28/2021,SUA,FL,ASO,ES,Federal Contract Tower,0,25,86,0,111,0,37,247,0,284,0,62,333,0,395,54,0,54,449
05/30/2021,SUA,FL,ASO,ES,Federal Contract Tower,0,24,39,0,63,0,21,116,0,137,0,45,155,0,200,0,0,0,200
05/31/2021,SUA,FL,ASO,ES,Federal Contract Tower,0,25,48,0,73,0,12,100,0,112,0,37,148,0,185,12,0,12,197
06/01/2021,SUA,FL,ASO,ES,Federal Contract Tower,0,27,52,0,79,0,2,207,0,209,0,29,259,0,288,62,0,62,350
06/02/2021,SUA,FL,ASO,ES,Federal Contract Tower,0,28,45,0,73,0,2,132,2,136,0,30,177,2,209,64,0,64,273
06/03/2021,SUA,FL,ASO,ES,Federal Contract Tower,0,29,48,0,77,0,8,148,0,156,0,37,196,0,233,56,0,56,289
06/04/2021,SUA,FL,ASO,ES,Federal Contract Tower,0,29,51,0,80,0,12,137,0,149,0,41,188,0,229,74,0,74,303
06/06/2021,SUA,FL,ASO,ES,Federal Contract Tower,0,25,34,0,59,0,28,122,0,150,0,53,156,0,209,6,0,6,215
06/07/2021,SUA,FL,ASO,ES,Federal Contract Tower,0,18,23,0,41,0,13,207,0,220,0,31,230,0,261,66,0,66,327
06/08/2021,SUA,FL,ASO,ES,Federal Contract Tower,0,17,49,0,66,0,11,205,2,218,0,28,254,2,284,90,0,90,374
06/09/2021,SUA,FL,ASO,ES,Federal Contract Tower,0,14,38,1,53,0,4,258,0,262,0,18,296,1,315,88,0,88,403
06/10/2021,SUA,FL,ASO,ES,Federal Contract Tower,0,21,37,0,58,0,4,236,0,240,0,25,273,0,298,96,0,96,394
06/11/2021,SUA,FL,ASO,ES,Federal Contract Tower,0,25,65,0,90,0,32,220,0,252,0,57,285,0,342,72,0,72,414
06/12/2021,SUA,FL,ASO,ES,Federal Contract Tower,0,18,40,0,58,0,17,108,0,125,0,35,148,0,183,14,0,14,197
06/13/2021,SUA,FL,ASO,ES,Federal Contract Tower,0,11,48,0,59,0,5,79,2,86,0,16,127,2,145,6,0,6,151
06/14/2021,SUA,FL,ASO,ES,Federal Contract Tower,0,27,54,0,81,0,0,149,0,149,0,27,203,0,230,30,0,30,260
06/15/2021,SUA,FL,ASO,ES,Federal Contract Tower,0,18,34,0,52,0,4,170,0,174,0,22,204,0,226,40,0,40,266
06/16/2021,SUA,FL,ASO,ES,Federal Contract Tower,0,17,55,0,72,0,6,154,0,160,0,23,209,0,232,116,0,116,348
06/17/2021,SUA,FL,ASO,ES,Federal Contract Tower,0,18,59,0,77,0,6,164,0,170,0,24,223,0,247,60,0,60,307
06/18/2021,SUA,FL,ASO,ES,Federal Contract Tower,0,16,49,0,65,0,12,202,0,214,0,28,251,0,279,80,0,80,359
06/19/2021,SUA,FL,ASO,ES,Federal Contract Tower,0,5,42,0,47,0,16,141,0,157,0,21,183,0,204,46,0,46,250
06/20/2021,SUA,FL,ASO,ES,Federal Contract Tower,0,10,31,0,41,0,3,59,0,62,0,13,90,0,103,0,0,0,103
06/21/2021,SUA,FL,ASO,ES,Federal Contract Tower,0,18,57,0,75,0,8,193,0,201,0,26,250,0,276,70,0,70,346
06/22/2021,SUA,FL,ASO,ES,Federal Contract Tower,0,14,49,0,63,0,9,176,0,185,0,23,225,0,248,94,0,94,342
06/23/2021,SUA,FL,ASO,ES,Federal Contract Tower,0,12,46,0,58,0,6,215,0,221,0,18,261,0,279,50,0,50,329
06/24/2021,SUA,FL,ASO,ES,Federal Contract Tower,0,15,45,0,60,0,6,199,0,205,0,21,244,0,265,138,0,138,403
06/25/2021,SUA,FL,ASO,ES,Federal Contract Tower,0,15,49,0,64,0,18,158,0,176,0,33,207,0,240,30,0,30,270
06/26/2021,SUA,FL,ASO,ES,Federal Contract Tower,0,7,34,0,41,0,2,118,0,120,0,9,152,0,161,52,0,52,213
06/27/2021,SUA,FL,ASO,ES,Federal Contract Tower,0,22,43,0,65,0,14,190,0,204,0,36,233,0,269,24,0,24,293
06/28/2021,SUA,FL,ASO,ES,Federal Contract Tower,0,3,40,0,43,0,4,200,0,204,0,7,240,0,247,76,0,76,323
06/29/2021,SUA,FL,ASO,ES,Federal Contract Tower,0,11,37,0,48,0,2,206,0,208,0,13,243,0,256,106,0,106,362
06/30/2021,SUA,FL,ASO,ES,Federal Contract Tower,0,19,49,0,68,0,2,160,0,162,0,21,209,0,230,86,0,86,316
07/01/2021,SUA,FL,ASO,ES,Federal Contract Tower,0,15,43,0,58,0,2,142,0,144,0,17,185,0,202,114,0,114,316
07/02/2021,SUA,FL,ASO,ES,Federal Contract Tower,0,23,66,0,89,0,11,219,2,232,0,34,285,2,321,132,0,132,453
07/03/2021,SUA,FL,ASO,ES,Federal Contract Tower,0,7,56,0,63,0,13,128,0,141,0,20,184,0,204,34,0,34,238
07/04/2021,SUA,FL,ASO,ES,Federal Contract Tower,0,8,22,0,30,0,23,84,0,107,0,31,106,0,137,4,0,4,141
07/05/2021,SUA,FL,ASO,ES,Federal Contract Tower,0,9,58,0,67,0,3,190,0,193,0,12,248,0,260,44,0,44,304
07/06/2021,SUA,FL,ASO,ES,Federal Contract Tower,0,5,25,0,30,0,6,46,0,52,0,11,71,0,82,30,0,30,112
07/07/2021,SUA,FL,ASO,ES,Federal Contract Tower,0,6,44,0,50,0,6,119,0,125,0,12,163,0,175,40,0,40,215
07/08/2021,SUA,FL,ASO,ES,Federal Contract Tower,0,6,46,0,52,0,3,207,0,210,0,9,253,0,262,126,0,126,388
07/09/2021,SUA,FL,ASO,ES,Federal Contract Tower,0,9,45,0,54,0,47,213,2,262,0,56,258,2,316,154,0,154,470
07/10/2021,SUA,FL,ASO,ES,Federal Contract Tower,0,16,39,0,55,0,16,169,0,185,0,32,208,0,240,62,0,62,302
07/11/2021,SUA,FL,ASO,ES,Federal Contract Tower,0,17,33,0,50,0,2,170,0,172,0,19,203,0,222,2,0,2,224
07/12/2021,SUA,FL,ASO,ES,Federal Contract Tower,0,9,48,0,57,0,0,165,0,165,0,9,213,0,222,52,0,52,274
07/13/2021,SUA,FL,ASO,ES,Federal Contract Tower,0,11,41,0,52,0,4,153,0,157,0,15,194,0,209,66,0,66,275
07/14/2021,SUA,FL,ASO,ES,Federal Contract Tower,0,13,36,0,49,0,5,188,0,193,0,18,224,0,242,152,0,152,394
07/15/2021,SUA,FL,ASO,ES,Federal Contract Tower,0,14,65,0,79,0,7,224,0,231,0,21,289,0,310,82,0,82,392
07/16/2021,SUA,FL,ASO,ES,Federal Contract Tower,0,16,69,1,86,0,14,211,0,225,0,30,280,1,311,96,0,96,407
07/17/2021,SUA,FL,ASO,ES,Federal Contract Tower,0,5,40,0,45,0,1,100,0,101,0,6,140,0,146,54,0,54,200
07/18/2021,SUA,FL,ASO,ES,Federal Contract Tower,0,14,24,0,38,0,14,129,6,149,0,28,153,6,187,4,0,4,191
07/19/2021,SUA,FL,ASO,ES,Federal Contract Tower,0,15,39,0,54,0,4,220,0,224,0,19,259,0,278,102,0,102,380
07/20/2021,SUA,FL,ASO,ES,Federal Contract Tower,0,8,24,6,38,0,6,193,0,199,0,14,217,6,237,90,0,90,327
07/21/2021,SUA,FL,ASO,ES,Federal Contract Tower,0,9,41,0,50,0,5,237,0,242,0,14,278,0,292,94,0,94,386
07/22/2021,SUA,FL,ASO,ES,Federal Contract Tower,0,19,33,0,52,0,4,177,0,181,0,23,210,0,233,114,0,114,347
07/23/2021,SUA,FL,ASO,ES,Federal Contract Tower,0,3,32,0,35,0,9,146,4,159,0,12,178,4,194,62,0,62,256
07/24/2021,SUA,FL,ASO,ES,Federal Contract Tower,0,12,30,0,42,0,1,107,0,108,0,13,137,0,150,46,0,46,196
07/25/2021,SUA,FL,ASO,ES,Federal Contract Tower,0,14,36,0,50,0,0,97,0,97,0,14,133,0,147,10,0,10,157
07/26/2021,SUA,FL,ASO,ES,Federal Contract Tower,0,14,31,0,45,0,4,221,0,225,0,18,252,0,270,56,0,56,326
07/27/2021,SUA,FL,ASO,ES,Federal Contract Tower,0,14,43,0,57,0,12,198,0,210,0,26,241,0,267,80,0,80,347
07/28/2021,SUA,FL,ASO,ES,Federal Contract Tower,0,14,31,0,45,0,2,162,0,164,0,16,193,0,209,86,0,86,295
07/29/2021,SUA,FL,ASO,ES,Federal Contract Tower,0,12,29,0,41,0,23,126,0,149,0,35,155,0,190,112,0,112,302
07/30/2021,SUA,FL,ASO,ES,Federal Contract Tower,0,10,37,0,47,0,15,192,0,207,0,25,229,0,254,100,0,100,354
07/31/2021,SUA,FL,ASO,ES,Federal Contract Tower,0,16,35,0,51,0,14,166,0,180,0,30,201,0,231,72,0,72,303
08/01/2021,SUA,FL,ASO,ES,Federal Contract Tower,0,16,38,0,54,0,7,108,0,115,0,23,146,0,169,2,0,2,171
08/02/2021,SUA,FL,ASO,ES,Federal Contract Tower,0,22,44,2,68,0,3,182,0,185,0,25,226,2,253,48,0,48,301
08/03/2021,SUA,FL,ASO,ES,Federal Contract Tower,0,10,33,0,43,0,2,85,0,87,0,12,118,0,130,36,0,36,166
08/04/2021,SUA,FL,ASO,ES,Federal Contract Tower,0,18,26,0,44,0,0,135,0,135,0,18,161,0,179,72,0,72,251
08/05/2021,SUA,FL,ASO,ES,Federal Contract Tower,0,12,47,0,59,0,10,209,0,219,0,22,256,0,278,114,0,114,392
08/06/2021,SUA,FL,ASO,ES,Federal Contract Tower,0,15,46,0,61,0,2,252,0,254,0,17,298,0,315,106,0,106,421
08/07/2021,SUA,FL,ASO,ES,Federal Contract Tower,0,9,22,0,31,0,4,117,1,122,0,13,139,1,153,152,0,152,305
08/08/2021,SUA,FL,ASO,ES,Federal Contract Tower,0,13,28,0,41,0,8,94,0,102,0,21,122,0,143,2,0,2,145
08/09/2021,SUA,FL,ASO,ES,Federal Contract Tower,0,17,33,0,50,0,0,281,0,281,0,17,314,0,331,52,0,52,383
08/10/2021,SUA,FL,ASO,ES,Federal Contract Tower,0,8,34,0,42,0,6,230,0,236,0,14,264,0,278,102,0,102,380
08/11/2021,SUA,FL,ASO,ES,Federal Contract Tower,0,10,25,0,35,0,0,216,0,216,0,10,241,0,251,130,0,130,381
08/12/2021,SUA,FL,ASO,ES,Federal Contract Tower,0,7,34,0,41,0,2,256,0,258,0,9,290,0,299,118,0,118,417
08/13/2021,SUA,FL,ASO,ES,Federal Contract Tower,0,14,28,0,42,0,17,134,0,151,0,31,162,0,193,66,0,66,259
08/14/2021,SUA,FL,ASO,ES,Federal Contract Tower,0,7,17,0,24,0,6,40,2,48,0,13,57,2,72,8,0,8,80
08/15/2021,SUA,FL,ASO,ES,Federal Contract Tower,0,16,20,0,36,0,1,54,0,55,0,17,74,0,91,8,0,8,99
08/16/2021,SUA,FL,ASO,ES,Federal Contract Tower,0,12,38,0,50,0,6,208,0,214,0,18,246,0,264,68,0,68,332
08/17/2021,SUA,FL,ASO,ES,Federal Contract Tower,0,8,40,0,48,0,2,212,0,214,0,10,252,0,262,82,0,82,344
08/18/2021,SUA,FL,ASO,ES,Federal Contract Tower,0,14,44,0,58,0,2,246,0,248,0,16,290,0,306,176,0,176,482
08/19/2021,SUA,FL,ASO,ES,Federal Contract Tower,0,11,34,0,45,0,8,256,0,264,0,19,290,0,309,90,0,90,399
08/20/2021,SUA,FL,ASO,ES,Federal Contract Tower,0,20,38,0,58,0,8,203,0,211,0,28,241,0,269,78,0,78,347
08/21/2021,SUA,FL,ASO,ES,Federal Contract Tower,0,9,25,0,34,0,10,154,0,164,0,19,179,0,198,44,0,44,242
08/22/2021,SUA,FL,ASO,ES,Federal Contract Tower,0,9,28,0,37,0,1,76,0,77,0,10,104,0,114,6,0,6,120
08/23/2021,SUA,FL,ASO,ES,Federal Contract Tower,0,19,33,0,52,0,0,133,0,133,0,19,166,0,185,50,0,50,235
08/24/2021,SUA,FL,ASO,ES,Federal Contract Tower,0,5,39,0,44,0,8,190,0,198,0,13,229,0,242,136,0,136,378
08/25/2021,SUA,FL,ASO,ES,Federal Contract Tower,0,9,33,0,42,0,14,177,0,191,0,23,210,0,233,46,0,46,279
08/26/2021,SUA,FL,ASO,ES,Federal Contract Tower,0,10,58,0,68,0,1,120,0,121,0,11,178,0,189,70,0,70,259
08/27/2021,SUA,FL,ASO,ES,Federal Contract Tower,0,7,39,0,46,0,0,55,0,55,0,7,94,0,101,18,0,18,119
08/28/2021,SUA,FL,ASO,ES,Federal Contract Tower,0,6,15,0,21,0,3,84,0,87,0,9,99,0,108,22,0,22,130
08/29/2021,SUA,FL,ASO,ES,Federal Contract Tower,0,8,37,2,47,0,8,111,0,119,0,16,148,2,166,10,0,10,176
08/30/2021,SUA,FL,ASO,ES,Federal Contract Tower,0,10,33,0,43,0,6,195,6,207,0,16,228,6,250,110,0,110,360
08/31/2021,SUA,FL,ASO,ES,Federal Contract Tower,0,12,39,0,51,0,9,220,0,229,0,21,259,0,280,152,0,152,432
09/01/2021,SUA,FL,ASO,ES,Federal Contract Tower,0,11,39,0,50,0,2,210,0,212,0,13,249,0,262,72,0,72,334
09/02/2021,SUA,FL,ASO,ES,Federal Contract Tower,0,13,42,0,55,0,7,166,0,173,0,20,208,0,228,44,0,44,272
09/03/2021,SUA,FL,ASO,ES,Federal Contract Tower,0,14,45,0,59,0,10,122,0,132,0,24,167,0,191,30,0,30,221
09/04/2021,SUA,FL,ASO,ES,Federal Contract Tower,0,1,30,0,31,0,27,166,0,193,0,28,196,0,224,86,0,86,310
09/05/2021,SUA,FL,ASO,ES,Federal Contract Tower,0,3,37,2,42,0,2,112,0,114,0,5,149,2,156,30,0,30,186
09/06/2021,SUA,FL,ASO,ES,Federal Contract Tower,0,10,40,0,50,0,5,251,0,256,0,15,291,0,306,18,0,18,324
09/07/2021,SUA,FL,ASO,ES,Federal Contract Tower,0,17,43,0,60,0,8,184,0,192,0,25,227,0,252,76,0,76,328
09/08/2021,SUA,FL,ASO,ES,Federal Contract Tower,0,16,38,0,54,0,4,210,4,218,0,20,248,4,272,120,0,120,392
09/09/2021,SUA,FL,ASO,ES,Federal Contract Tower,0,11,39,0,50,0,9,231,0,240,0,20,270,0,290,82,0,82,372
09/10/2021,SUA,FL,ASO,ES,Federal Contract Tower,0,13,51,0,64,0,4,242,0,246,0,17,293,0,310,124,0,124,434
09/11/2021,SUA,FL,ASO,ES,Federal Contract Tower,0,6,24,0,30,0,10,165,0,175,0,16,189,0,205,74,0,74,279
09/12/2021,SUA,FL,ASO,ES,Federal Contract Tower,0,28,33,0,61,0,4,120,0,124,0,32,153,0,185,8,0,8,193
09/13/2021,SUA,FL,ASO,ES,Federal Contract Tower,0,3,31,0,34,0,2,147,0,149,0,5,178,0,183,68,0,68,251
09/14/2021,SUA,FL,ASO,ES,Federal Contract Tower,0,11,51,0,62,0,6,187,0,193,0,17,238,0,255,90,0,90,345
09/15/2021,SUA,FL,ASO,ES,Federal Contract Tower,0,13,46,0,59,0,12,268,0,280,0,25,314,0,339,126,0,126,465
09/16/2021,SUA,FL,ASO,ES,Federal Contract Tower,0,12,38,0,50,0,3,144,0,147,0,15,182,0,197,114,0,114,311
09/17/2021,SUA,FL,ASO,ES,Federal Contract Tower,0,13,34,0,47,0,7,168,0,175,0,20,202,0,222,64,0,64,286
09/18/2021,SUA,FL,ASO,ES,Federal Contract Tower,0,4,40,0,44,0,2,116,0,118,0,6,156,0,162,46,0,46,208
09/19/2021,SUA,FL,ASO,ES,Federal Contract Tower,0,10,45,0,55,0,11,104,0,115,0,21,149,0,170,6,0,6,176
09/20/2021,SUA,FL,ASO,ES,Federal Contract Tower,0,20,32,0,52,0,2,171,0,173,0,22,203,0,225,62,0,62,287
09/21/2021,SUA,FL,ASO,ES,Federal Contract Tower,0,8,27,0,35,0,2,83,0,85,0,10,110,0,120,60,0,60,180
09/22/2021,SUA,FL,ASO,ES,Federal Contract Tower,0,13,39,0,52,0,8,186,0,194,0,21,225,0,246,66,0,66,312
09/23/2021,SUA,FL,ASO,ES,Federal Contract Tower,0,16,76,0,92,0,8,130,0,138,0,24,206,0,230,46,0,46,276
09/24/2021,SUA,FL,ASO,ES,Federal Contract Tower,0,15,43,0,58,2,13,166,0,181,2,28,209,0,239,40,0,40,279
09/25/2021,SUA,FL,ASO,ES,Federal Contract Tower,0,13,42,0,55,0,12,165,0,177,0,25,207,0,232,46,0,46,278
09/26/2021,SUA,FL,ASO,ES,Federal Contract Tower,0,16,39,0,55,0,8,126,0,134,0,24,165,0,189,0,0,0,189
09/27/2021,SUA,FL,ASO,ES,Federal Contract Tower,0,10,34,0,44,0,1,206,0,207,0,11,240,0,251,110,0,110,361
09/28/2021,SUA,FL,ASO,ES,Federal Contract Tower,0,14,56,2,72,0,12,247,4,263,0,26,303,6,335,118,0,118,453
09/29/2021,SUA,FL,ASO,ES,Federal Contract Tower,0,5,49,0,54,0,4,231,0,235,0,9,280,0,289,142,0,142,431
09/30/2021,SUA,FL,ASO,ES,Federal Contract Tower,0,23,57,0,80,0,2,246,0,248,0,25,303,0,328,56,0,56,384
10/01/2021,SUA,FL,ASO,ES,Federal Contract Tower,0,27,64,0,91,0,3,130,0,133,0,30,194,0,224,60,10,70,294
10/02/2021,SUA,FL,ASO,ES,Federal Contract Tower,0,17,31,0,48,0,4,112,0,116,0,21,143,0,164,10,0,10,174
10/03/2021,SUA,FL,ASO,ES,Federal Contract Tower,0,23,41,9,73,0,11,97,1,109,0,34,138,10,182,6,0,6,188
10/04/2021,SUA,FL,ASO,ES,Federal Contract Tower,0,14,52,0,66,0,4,195,0,199,0,18,247,0,265,104,0,104,369
10/05/2021,SUA,FL,ASO,ES,Federal Contract Tower,0,19,45,0,64,0,2,257,0,259,0,21,302,0,323,84,0,84,407
10/07/2021,SUA,FL,ASO,ES,Federal Contract Tower,0,12,48,0,60,0,6,143,0,149,0,18,191,0,209,64,0,64,273
10/08/2021,SUA,FL,ASO,ES,Federal Contract Tower,0,19,60,0,79,0,2,232,0,234,0,21,292,0,313,56,0,56,369
10/09/2021,SUA,FL,ASO,ES,Federal Contract Tower,0,11,43,0,54,0,1,101,0,102,0,12,144,0,156,0,0,0,156
10/10/2021,SUA,FL,ASO,ES,Federal Contract Tower,0,7,37,0,44,0,10,103,0,113,0,17,140,0,157,2,0,2,159
10/11/2021,SUA,FL,ASO,ES,Federal Contract Tower,0,14,52,0,66,0,14,293,0,307,0,28,345,0,373,116,0,116,489
10/12/2021,SUA,FL,ASO,ES,Federal Contract Tower,0,24,39,0,63,0,2,220,0,222,0,26,259,0,285,134,0,134,419
10/13/2021,SUA,FL,ASO,ES,Federal Contract Tower,0,22,47,0,69,0,5,199,0,204,0,27,246,0,273,30,0,30,303
10/14/2021,SUA,FL,ASO,ES,Federal Contract Tower,0,27,46,0,73,0,2,179,0,181,0,29,225,0,254,62,0,62,316
10/15/2021,SUA,FL,ASO,ES,Federal Contract Tower,0,25,51,0,76,0,2,169,0,171,0,27,220,0,247,60,0,60,307
10/16/2021,SUA,FL,ASO,ES,Federal Contract Tower,0,29,42,0,71,0,4,119,0,123,0,33,161,0,194,26,0,26,220
10/17/2021,SUA,FL,ASO,ES,Federal Contract Tower,0,31,50,0,81,0,5,124,0,129,0,36,174,0,210,2,0,2,212
10/18/2021,SUA,FL,ASO,ES,Federal Contract Tower,0,18,50,0,68,0,1,183,0,184,0,19,233,0,252,114,0,114,366
10/19/2021,SUA,FL,ASO,ES,Federal Contract Tower,0,13,54,2,69,0,6,223,0,229,0,19,277,2,298,124,0,124,422
10/20/2021,SUA,FL,ASO,ES,Federal Contract Tower,0,21,74,0,95,0,9,227,0,236,0,30,301,0,331,120,0,120,451
10/21/2021,SUA,FL,ASO,ES,Federal Contract Tower,0,28,89,0,117,0,7,248,0,255,0,35,337,0,372,114,0,114,486
10/22/2021,SUA,FL,ASO,ES,Federal Contract Tower,0,21,46,0,67,0,13,122,0,135,0,34,168,0,202,26,0,26,228
10/23/2021,SUA,FL,ASO,ES,Federal Contract Tower,0,19,45,0,64,0,2,132,0,134,0,21,177,0,198,20,0,20,218
10/24/2021,SUA,FL,ASO,ES,Federal Contract Tower,0,26,51,0,77,0,6,59,0,65,0,32,110,0,142,0,0,0,142
10/25/2021,SUA,FL,ASO,ES,Federal Contract Tower,0,32,53,0,85,0,27,86,0,113,0,59,139,0,198,56,0,56,254
10/26/2021,SUA,FL,ASO,ES,Federal Contract Tower,0,27,87,0,114,0,4,159,0,163,0,31,246,0,277,70,0,70,347
10/27/2021,SUA,FL,ASO,ES,Federal Contract Tower,0,28,66,0,94,0,2,251,0,253,0,30,317,0,347,78,0,78,425
10/28/2021,SUA,FL,ASO,ES,Federal Contract Tower,0,35,45,0,80,0,4,97,0,101,0,39,142,0,181,48,0,48,229
10/29/2021,SUA,FL,ASO,ES,Federal Contract Tower,0,26,61,0,87,0,2,134,0,136,0,28,195,0,223,60,0,60,283
10/30/2021,SUA,FL,ASO,ES,Federal Contract Tower,0,24,39,0,63,0,5,84,0,89,0,29,123,0,152,38,0,38,190
10/31/2021,SUA,FL,ASO,ES,Federal Contract Tower,0,43,57,0,100,0,1,122,0,123,0,44,179,0,223,16,0,16,239
11/01/2021,SUA,FL,ASO,ES,Federal Contract Tower,0,56,100,0,156,0,9,285,0,294,0,65,385,0,450,36,0,36,486
11/02/2021,SUA,FL,ASO,ES,Federal Contract Tower,0,34,72,0,106,0,4,259,0,263,0,38,331,0,369,112,0,112,481
11/03/2021,SUA,FL,ASO,ES,Federal Contract Tower,0,30,64,0,94,0,10,289,0,299,0,40,353,0,393,94,0,94,487
11/04/2021,SUA,FL,ASO,ES,Federal Contract Tower,0,58,74,0,132,0,7,239,0,246,0,65,313,0,378,62,0,62,440
11/05/2021,SUA,FL,ASO,ES,Federal Contract Tower,0,27,51,0,78,0,0,1,0,1,0,27,52,0,79,0,0,0,79
11/06/2021,SUA,FL,ASO,ES,Federal Contract Tower,0,23,52,0,75,0,4,60,0,64,0,27,112,0,139,44,0,44,183
11/07/2021,SUA,FL,ASO,ES,Federal Contract Tower,0,25,78,0,103,0,5,99,0,104,0,30,177,0,207,0,0,0,207
11/08/2021,SUA,FL,ASO,ES,Federal Contract Tower,0,28,82,0,110,0,4,238,0,242,0,32,320,0,352,36,0,36,388
11/09/2021,SUA,FL,ASO,ES,Federal Contract Tower,0,30,70,2,102,0,3,299,4,306,0,33,369,6,408,66,36,102,510
11/10/2021,SUA,FL,ASO,ES,Federal Contract Tower,0,31,105,7,143,0,8,241,4,253,0,39,346,11,396,30,10,40,436
11/11/2021,SUA,FL,ASO,ES,Federal Contract Tower,0,35,72,0,107,0,14,174,17,205,0,49,246,17,312,66,0,66,378
11/12/2021,SUA,FL,ASO,ES,Federal Contract Tower,0,18,34,2,54,0,0,43,0,43,0,18,77,2,97,18,0,18,115
11/13/2021,SUA,FL,ASO,ES,Federal Contract Tower,0,13,31,0,44,0,4,79,1,84,0,17,110,1,128,24,0,24,152
11/14/2021,SUA,FL,ASO,ES,Federal Contract Tower,0,20,40,2,62,0,0,64,0,64,0,20,104,2,126,10,0,10,136
11/15/2021,SUA,FL,ASO,ES,Federal Contract Tower,0,32,60,6,98,0,2,248,1,251,0,34,308,7,349,92,0,92,441
11/16/2021,SUA,FL,ASO,ES,Federal Contract Tower,0,25,70,0,95,0,5,232,0,237,0,30,302,0,332,128,0,128,460
11/17/2021,SUA,FL,ASO,ES,Federal Contract Tower,0,35,84,0,119,0,10,204,0,214,0,45,288,0,333,92,0,92,425
11/18/2021,SUA,FL,ASO,ES,Federal Contract Tower,0,51,87,0,138,0,3,155,0,158,0,54,242,0,296,90,0,90,386
11/19/2021,SUA,FL,ASO,ES,Federal Contract Tower,0,32,64,0,96,0,4,32,0,36,0,36,96,0,132,18,0,18,150
11/20/2021,SUA,FL,ASO,ES,Federal Contract Tower,0,34,71,0,105,0,2,10,0,12,0,36,81,0,117,0,0,0,117
11/21/2021,SUA,FL,ASO,ES,Federal Contract Tower,0,31,67,0,98,0,0,28,0,28,0,31,95,0,126,4,0,4,130
11/22/2021,SUA,FL,ASO,ES,Federal Contract Tower,0,50,78,0,128,0,6,141,0,147,0,56,219,0,275,46,0,46,321
11/23/2021,SUA,FL,ASO,ES,Federal Contract Tower,0,45,91,0,136,0,13,194,0,207,0,58,285,0,343,64,0,64,407
11/24/2021,SUA,FL,ASO,ES,Federal Contract Tower,0,30,68,0,98,0,2,204,0,206,0,32,272,0,304,118,0,118,422
11/25/2021,SUA,FL,ASO,ES,Federal Contract Tower,0,11,13,0,24,0,0,42,0,42,0,11,55,0,66,10,0,10,76
11/26/2021,SUA,FL,ASO,ES,Federal Contract Tower,0,40,52,0,92,0,2,204,0,206,0,42,256,0,298,126,0,126,424
11/27/2021,SUA,FL,ASO,ES,Federal Contract Tower,0,43,75,0,118,0,9,182,0,191,0,52,257,0,309,34,0,34,343
11/28/2021,SUA,FL,ASO,ES,Federal Contract Tower,0,56,103,0,159,0,6,130,0,136,0,62,233,0,295,20,0,20,315
11/29/2021,SUA,FL,ASO,ES,Federal Contract Tower,0,32,70,0,102,0,8,269,0,277,0,40,339,0,379,88,0,88,467
11/30/2021,SUA,FL,ASO,ES,Federal Contract Tower,0,49,71,0,120,0,3,288,0,291,0,52,359,0,411,52,0,52,463
12/01/2021,SUA,FL,ASO,ES,Federal Contract Tower,0,26,77,0,103,0,7,250,0,257,0,33,327,0,360,124,0,124,484
12/02/2021,SUA,FL,ASO,ES,Federal Contract Tower,0,37,60,0,97,0,3,244,0,247,0,40,304,0,344,106,0,106,450
12/03/2021,SUA,FL,ASO,ES,Federal Contract Tower,0,38,62,0,100,0,6,233,1,240,0,44,295,1,340,86,0,86,426
12/04/2021,SUA,FL,ASO,ES,Federal Contract Tower,0,24,53,0,77,0,4,214,0,218,0,28,267,0,295,62,0,62,357
12/05/2021,SUA,FL,ASO,ES,Federal Contract Tower,0,34,63,0,97,0,3,80,0,83,0,37,143,0,180,2,0,2,182
12/06/2021,SUA,FL,ASO,ES,Federal Contract Tower,0,46,92,0,138,0,4,167,0,171,0,50,259,0,309,68,0,68,377
12/07/2021,SUA,FL,ASO,ES,Federal Contract Tower,0,39,72,0,111,0,8,247,0,255,0,47,319,0,366,106,0,106,472
12/08/2021,SUA,FL,ASO,ES,Federal Contract Tower,0,32,65,0,97,0,8,260,0,268,0,40,325,0,365,150,0,150,515
12/09/2021,SUA,FL,ASO,ES,Federal Contract Tower,0,36,109,0,145,0,9,135,0,144,0,45,244,0,289,62,0,62,351
12/10/2021,SUA,FL,ASO,ES,Federal Contract Tower,0,36,78,0,114,0,1,219,0,220,0,37,297,0,334,116,0,116,450
12/11/2021,SUA,FL,ASO,ES,Federal Contract Tower,0,26,39,0,65,0,4,189,0,193,0,30,228,0,258,62,0,62,320
12/12/2021,SUA,FL,ASO,ES,Federal Contract Tower,0,36,85,0,121,0,0,142,0,142,0,36,227,0,263,8,0,8,271
12/13/2021,SUA,FL,ASO,ES,Federal Contract Tower,0,33,70,0,103,0,6,169,0,175,0,39,239,0,278,128,0,128,406
12/14/2021,SUA,FL,ASO,ES,Federal Contract Tower,0,28,63,0,91,0,3,114,0,117,0,31,177,0,208,70,0,70,278
12/15/2021,SUA,FL,ASO,ES,Federal Contract Tower,0,20,75,0,95,0,4,167,0,171,0,24,242,0,266,102,0,102,368
12/16/2021,SUA,FL,ASO,ES,Federal Contract Tower,0,26,87,0,113,0,12,210,0,222,0,38,297,0,335,68,0,68,403
12/17/2021,SUA,FL,ASO,ES,Federal Contract Tower,0,33,104,0,137,0,8,285,0,293,0,41,389,0,430,72,0,72,502
12/18/2021,SUA,FL,ASO,ES,Federal Contract Tower,0,39,61,0,100,0,2,141,0,143,0,41,202,0,243,32,0,32,275
12/19/2021,SUA,FL,ASO,ES,Federal Contract Tower,0,48,49,0,97,0,8,64,0,72,0,56,113,0,169,16,0,16,185
12/20/2021,SUA,FL,ASO,ES,Federal Contract Tower,0,34,62,0,96,0,2,203,0,205,0,36,265,0,301,88,0,88,389
12/21/2021,SUA,FL,ASO,ES,Federal Contract Tower,0,28,63,0,91,0,4,16,0,20,0,32,79,0,111,0,0,0,111
12/22/2021,SUA,FL,ASO,ES,Federal Contract Tower,0,38,67,0,105,0,3,223,0,226,0,41,290,0,331,74,0,74,405
12/23/2021,SUA,FL,ASO,ES,Federal Contract Tower,0,29,75,0,104,0,8,246,0,254,0,37,321,0,358,56,0,56,414
12/24/2021,SUA,FL,ASO,ES,Federal Contract Tower,0,22,29,0,51,0,9,140,0,149,0,31,169,0,200,72,0,72,272
12/25/2021,SUA,FL,ASO,ES,Federal Contract Tower,0,26,26,0,52,0,4,26,0,30,0,30,52,0,82,0,0,0,82
12/26/2021,SUA,FL,ASO,ES,Federal Contract Tower,0,62,131,0,193,0,2,88,0,90,0,64,219,0,283,2,0,2,285
12/27/2021,SUA,FL,ASO,ES,Federal Contract Tower,0,76,118,0,194,0,5,250,0,255,0,81,368,0,449,48,0,48,497
12/28/2021,SUA,FL,ASO,ES,Federal Contract Tower,0,50,102,0,152,0,2,191,0,193,0,52,293,0,345,70,0,70,415
12/29/2021,SUA,FL,ASO,ES,Federal Contract Tower,0,50,73,0,123,0,1,161,0,162,0,51,234,0,285,68,0,68,353
12/30/2021,SUA,FL,ASO,ES,Federal Contract Tower,0,38,88,0,126,0,7,195,0,202,0,45,283,0,328,92,0,92,420
12/31/2021,SUA,FL,ASO,ES,Federal Contract Tower,0,36,48,0,84,0,2,156,0,158,0,38,204,0,242,94,0,94,336
01/01/2022,SUA,FL,ASO,ES,Federal Contract Tower,0,32,48,0,80,0,26,62,0,88,0,58,110,0,168,8,0,8,176
01/02/2022,SUA,FL,ASO,ES,Federal Contract Tower,0,38,104,0,142,0,11,107,0,118,0,49,211,0,260,14,0,14,274
01/03/2022,SUA,FL,ASO,ES,Federal Contract Tower,0,45,102,0,147,0,3,112,0,115,0,48,214,0,262,68,0,68,330
01/04/2022,SUA,FL,ASO,ES,Federal Contract Tower,0,51,86,0,137,0,4,222,0,226,0,55,308,0,363,84,0,84,447
01/05/2022,SUA,FL,ASO,ES,Federal Contract Tower,0,32,68,0,100,0,4,229,0,233,0,36,297,0,333,104,0,104,437
01/06/2022,SUA,FL,ASO,ES,Federal Contract Tower,0,39,42,3,84,0,6,290,0,296,0,45,332,3,380,110,0,110,490
01/07/2022,SUA,FL,ASO,ES,Federal Contract Tower,0,35,41,0,76,0,6,164,0,170,0,41,205,0,246,102,0,102,348
01/08/2022,SUA,FL,ASO,ES,Federal Contract Tower,0,26,59,0,85,0,15,109,0,124,0,41,168,0,209,42,0,42,251
01/09/2022,SUA,FL,ASO,ES,Federal Contract Tower,0,39,67,5,111,0,9,60,0,69,0,48,127,5,180,22,0,22,202
01/10/2022,SUA,FL,ASO,ES,Federal Contract Tower,0,42,52,0,94,0,2,180,10,192,0,44,232,10,286,66,0,66,352
01/11/2022,SUA,FL,ASO,ES,Federal Contract Tower,0,15,55,0,70,0,2,108,0,110,0,17,163,0,180,10,0,10,190
01/12/2022,SUA,FL,ASO,ES,Federal Contract Tower,0,33,85,0,118,0,3,113,0,116,0,36,198,0,234,6,0,6,240
01/13/2022,SUA,FL,ASO,ES,Federal Contract Tower,0,42,84,0,126,0,8,256,0,264,0,50,340,0,390,98,0,98,488
01/14/2022,SUA,FL,ASO,ES,Federal Contract Tower,0,46,84,0,130,0,27,217,0,244,0,73,301,0,374,86,0,86,460
01/15/2022,SUA,FL,ASO,ES,Federal Contract Tower,0,28,57,0,85,0,16,154,0,170,0,44,211,0,255,46,0,46,301
01/16/2022,SUA,FL,ASO,ES,Federal Contract Tower,0,27,48,0,75,0,8,3,0,11,0,35,51,0,86,0,0,0,86
01/17/2022,SUA,FL,ASO,ES,Federal Contract Tower,0,29,89,0,118,0,8,183,0,191,0,37,272,0,309,80,0,80,389
01/18/2022,SUA,FL,ASO,ES,Federal Contract Tower,0,33,74,0,107,0,12,250,1,263,0,45,324,1,370,200,0,200,570
01/19/2022,SUA,FL,ASO,ES,Federal Contract Tower,0,22,55,0,77,0,10,218,3,231,0,32,273,3,308,76,0,76,384
01/20/2022,SUA,FL,ASO,ES,Federal Contract Tower,0,33,88,0,121,0,9,198,0,207,0,42,286,0,328,146,0,146,474
01/21/2022,SUA,FL,ASO,ES,Federal Contract Tower,0,43,101,0,144,0,10,103,1,114,0,53,204,1,258,40,0,40,298
01/22/2022,SUA,FL,ASO,ES,Federal Contract Tower,0,25,57,0,82,0,4,3,0,7,0,29,60,0,89,0,0,0,89
01/23/2022,SUA,FL,ASO,ES,Federal Contract Tower,0,35,102,0,137,0,0,13,0,13,0,35,115,0,150,0,0,0,150
01/24/2022,SUA,FL,ASO,ES,Federal Contract Tower,0,32,65,0,97,0,15,301,1,317,0,47,366,1,414,162,0,162,576
01/25/2022,SUA,FL,ASO,ES,Federal Contract Tower,0,30,71,0,101,0,7,250,0,257,0,37,321,0,358,128,0,128,486
01/26/2022,SUA,FL,ASO,ES,Federal Contract Tower,0,42,76,0,118,0,5,29,0,34,0,47,105,0,152,48,0,48,200
01/27/2022,SUA,FL,ASO,ES,Federal Contract Tower,0,26,112,0,138,0,9,138,0,147,0,35,250,0,285,78,0,78,363
01/28/2022,SUA,FL,ASO,ES,Federal Contract Tower,0,26,86,0,112,0,4,63,0,67,0,30,149,0,179,8,0,8,187
01/29/2022,SUA,FL,ASO,ES,Federal Contract Tower,0,18,43,0,61,0,4,45,0,49,0,22,88,0,110,12,0,12,122
01/30/2022,SUA,FL,ASO,ES,Federal Contract Tower,0,46,63,0,109,0,6,202,0,208,0,52,265,0,317,32,0,32,349
01/31/2022,SUA,FL,ASO,ES,Federal Contract Tower,0,30,73,0,103,0,6,279,0,285,0,36,352,0,388,168,0,168,556
02/01/2022,SUA,FL,ASO,ES,Federal Contract Tower,0,33,81,0,114,0,15,259,0,274,0,48,340,0,388,142,0,142,530
02/02/2022,SUA,FL,ASO,ES,Federal Contract Tower,0,24,71,0,95,0,19,225,0,244,0,43,296,0,339,76,0,76,415
02/03/2022,SUA,FL,ASO,ES,Federal Contract Tower,0,23,87,0,110,0,7,241,0,248,0,30,328,0,358,120,0,120,478
02/04/2022,SUA,FL,ASO,ES,Federal Contract Tower,0,38,77,0,115,0,3,209,0,212,0,41,286,0,327,129,0,129,456
02/05/2022,SUA,FL,ASO,ES,Federal Contract Tower,0,27,98,0,125,0,2,61,0,63,0,29,159,0,188,16,0,16,204
02/06/2022,SUA,FL,ASO,ES,Federal Contract Tower,0,33,70,0,103,0,16,126,0,142,0,49,196,0,245,10,0,10,255
02/07/2022,SUA,FL,ASO,ES,Federal Contract Tower,0,36,87,0,123,0,4,138,0,142,0,40,225,0,265,120,0,120,385
02/08/2022,SUA,FL,ASO,ES,Federal Contract Tower,0,28,75,0,103,0,6,18,0,24,0,34,93,0,127,4,0,4,131
02/09/2022,SUA,FL,ASO,ES,Federal Contract Tower,0,37,89,0,126,0,20,81,0,101,0,57,170,0,227,18,0,18,245
02/10/2022,SUA,FL,ASO,ES,Federal Contract Tower,0,47,96,0,143,0,13,330,2,345,0,60,426,2,488,58,0,58,546
02/11/2022,SUA,FL,ASO,ES,Federal Contract Tower,0,40,87,0,127,0,6,256,0,262,0,46,343,0,389,72,0,72,461
02/12/2022,SUA,FL,ASO,ES,Federal Contract Tower,0,32,39,0,71,0,8,164,0,172,0,40,203,0,243,96,0,96,339
02/13/2022,SUA,FL,ASO,ES,Federal Contract Tower,0,48,53,0,101,0,2,41,0,43,0,50,94,0,144,16,0,16,160
02/14/2022,SUA,FL,ASO,ES,Federal Contract Tower,0,19,78,0,97,0,0,154,0,154,0,19,232,0,251,20,0,20,271
02/15/2022,SUA,FL,ASO,ES,Federal Contract Tower,0,31,82,0,113,0,4,176,0,180,0,35,258,0,293,44,0,44,337
02/16/2022,SUA,FL,ASO,ES,Federal Contract Tower,0,33,71,0,104,0,4,121,0,125,0,37,192,0,229,62,0,62,291
02/17/2022,SUA,FL,ASO,ES,Federal Contract Tower,0,37,97,0,134,0,8,106,0,114,0,45,203,0,248,78,0,78,326
02/18/2022,SUA,FL,ASO,ES,Federal Contract Tower,0,68,102,0,170,0,10,244,0,254,0,78,346,0,424,104,0,104,528
02/19/2022,SUA,FL,ASO,ES,Federal Contract Tower,0,37,70,0,107,0,6,40,0,46,0,43,110,0,153,26,0,26,179
02/20/2022,SUA,FL,ASO,ES,Federal Contract Tower,0,47,87,0,134,0,34,159,0,193,0,81,246,0,327,44,0,44,371
02/21/2022,SUA,FL,ASO,ES,Federal Contract Tower,0,51,117,0,168,0,23,292,0,315,0,74,409,0,483,54,0,54,537
02/22/2022,SUA,FL,ASO,ES,Federal Contract Tower,0,46,89,0,135,0,18,227,0,245,0,64,316,0,380,132,0,132,512
02/23/2022,SUA,FL,ASO,ES,Federal Contract Tower,0,38,91,0,129,0,11,312,2,325,0,49,403,2,454,106,0,106,560
02/24/2022,SUA,FL,ASO,ES,Federal Contract Tower,0,40,107,0,147,0,9,287,0,296,0,49,394,0,443,70,0,70,513
02/25/2022,SUA,FL,ASO,ES,Federal Contract Tower,0,34,70,0,104,0,14,169,0,183,0,48,239,0,287,40,0,40,327
02/26/2022,SUA,FL,ASO,ES,Federal Contract Tower,0,35,89,0,124,0,21,188,0,209,0,56,277,0,333,50,0,50,383
02/27/2022,SUA,FL,ASO,ES,Federal Contract Tower,0,53,88,0,141,0,5,125,0,130,0,58,213,0,271,20,0,20,291
02/28/2022,SUA,FL,ASO,ES,Federal Contract Tower,0,27,71,0,98,0,15,257,0,272,0,42,328,0,370,78,0,78,448
03/01/2022,SUA,FL,ASO,ES,Federal Contract Tower,0,34,79,0,113,0,4,111,0,115,0,38,190,0,228,66,0,66,294
03/02/2022,SUA,FL,ASO,ES,Federal Contract Tower,0,26,114,0,140,0,7,329,0,336,0,33,443,0,476,100,0,100,576
03/03/2022,SUA,FL,ASO,ES,Federal Contract Tower,0,44,107,0,151,0,18,318,0,336,0,62,425,0,487,116,0,116,603
03/04/2022,SUA,FL,ASO,ES,Federal Contract Tower,0,43,82,0,125,0,10,250,0,260,0,53,332,0,385,146,0,146,531
03/05/2022,SUA,FL,ASO,ES,Federal Contract Tower,0,52,54,0,106,0,16,202,0,218,0,68,256,0,324,12,0,12,336
03/06/2022,SUA,FL,ASO,ES,Federal Contract Tower,0,44,90,0,134,0,14,115,0,129,0,58,205,0,263,22,0,22,285
03/07/2022,SUA,FL,ASO,ES,Federal Contract Tower,0,26,65,0,91,0,2,102,0,104,0,28,167,0,195,78,0,78,273
03/08/2022,SUA,FL,ASO,ES,Federal Contract Tower,0,38,64,0,102,0,5,242,0,247,0,43,306,0,349,106,0,106,455
03/09/2022,SUA,FL,ASO,ES,Federal Contract Tower,0,38,72,0,110,0,7,253,0,260,0,45,325,0,370,82,0,82,452
03/10/2022,SUA,FL,ASO,ES,Federal Contract Tower,0,35,64,5,104,0,2,209,2,213,0,37,273,7,317,136,0,136,453
03/11/2022,SUA,FL,ASO,ES,Federal Contract Tower,0,36,77,0,113,0,6,223,0,229,0,42,300,0,342,42,0,42,384
03/12/2022,SUA,FL,ASO,ES,Federal Contract Tower,0,24,52,0,76,0,0,14,0,14,0,24,66,0,90,6,0,6,96
03/13/2022,SUA,FL,ASO,ES,Federal Contract Tower,0,50,90,0,140,0,8,140,0,148,0,58,230,0,288,30,0,30,318
03/14/2022,SUA,FL,ASO,ES,Federal Contract Tower,0,43,71,0,114,0,4,235,0,239,0,47,306,0,353,126,0,126,479
03/15/2022,SUA,FL,ASO,ES,Federal Contract Tower,0,40,57,0,97,0,1,146,0,147,0,41,203,0,244,106,0,106,350
03/16/2022,SUA,FL,ASO,ES,Federal Contract Tower,0,34,66,0,100,0,4,142,0,146,0,38,208,0,246,54,0,54,300
03/17/2022,SUA,FL,ASO,ES,Federal Contract Tower,0,46,84,0,130,0,10,175,2,187,0,56,259,2,317,62,0,62,379
03/18/2022,SUA,FL,ASO,ES,Federal Contract Tower,0,32,81,0,113,0,9,305,0,314,0,41,386,0,427,96,0,96,523
03/19/2022,SUA,FL,ASO,ES,Federal Contract Tower,0,35,82,0,117,0,8,177,0,185,0,43,259,0,302,90,0,90,392
03/20/2022,SUA,FL,ASO,ES,Federal Contract Tower,0,34,86,0,120,0,5,132,0,137,0,39,218,0,257,2,0,2,259
03/21/2022,SUA,FL,ASO,ES,Federal Contract Tower,0,26,55,0,81,0,0,245,0,245,0,26,300,0,326,72,0,72,398
03/22/2022,SUA,FL,ASO,ES,Federal Contract Tower,0,22,71,0,93,0,4,304,0,308,0,26,375,0,401,68,0,68,469
03/23/2022,SUA,FL,ASO,ES,Federal Contract Tower,0,38,73,2,113,0,3,248,0,251,0,41,321,2,364,78,0,78,442
03/24/2022,SUA,FL,ASO,ES,Federal Contract Tower,0,37,74,0,111,0,0,170,0,170,0,37,244,0,281,82,0,82,363
03/25/2022,SUA,FL,ASO,ES,Federal Contract Tower,0,36,94,0,130,0,19,295,0,314,0,55,389,0,444,88,0,88,532
03/26/2022,SUA,FL,ASO,ES,Federal Contract Tower,0,28,82,0,110,0,35,224,0,259,0,63,306,0,369,48,0,48,417
03/27/2022,SUA,FL,ASO,ES,Federal Contract Tower,0,49,87,0,136,0,3,118,0,121,0,52,205,0,257,40,0,40,297
03/28/2022,SUA,FL,ASO,ES,Federal Contract Tower,0,21,66,0,87,0,6,281,0,287,0,27,347,0,374,128,0,128,502
03/29/2022,SUA,FL,ASO,ES,Federal Contract Tower,0,50,86,0,136,0,18,345,0,363,0,68,431,0,499,78,0,78,577
03/30/2022,SUA,FL,ASO,ES,Federal Contract Tower,0,40,106,2,148,0,10,241,4,255,0,50,347,6,403,78,2,80,483
03/31/2022,SUA,FL,ASO,ES,Federal Contract Tower,0,36,61,0,97,0,14,143,0,157,0,50,204,0,254,34,0,34,288
04/01/2022,SUA,FL,ASO,ES,Federal Contract Tower,0,29,88,0,117,0,5,87,0,92,0,34,175,0,209,58,0,58,267
04/02/2022,SUA,FL,ASO,ES,Federal Contract Tower,0,32,42,0,74,0,0,46,0,46,0,32,88,0,120,40,0,40,160
04/03/2022,SUA,FL,ASO,ES,Federal Contract Tower,0,65,80,0,145,0,2,90,0,92,0,67,170,0,237,4,0,4,241
04/04/2022,SUA,FL,ASO,ES,Federal Contract Tower,0,54,81,0,135,0,15,234,0,249,0,69,315,0,384,116,0,116,500
04/05/2022,SUA,FL,ASO,ES,Federal Contract Tower,0,51,63,0,114,0,6,236,0,242,0,57,299,0,356,132,0,132,488
04/06/2022,SUA,FL,ASO,ES,Federal Contract Tower,0,48,95,0,143,0,5,204,0,209,0,53,299,0,352,80,0,80,432
04/07/2022,SUA,FL,ASO,ES,Federal Contract Tower,0,37,65,0,102,0,10,183,0,193,0,47,248,0,295,108,0,108,403
04/08/2022,SUA,FL,ASO,ES,Federal Contract Tower,0,42,108,0,150,0,6,274,0,280,0,48,382,0,430,128,0,128,558
04/09/2022,SUA,FL,ASO,ES,Federal Contract Tower,0,55,89,0,144,0,14,172,0,186,0,69,261,0,330,54,0,54,384
04/10/2022,SUA,FL,ASO,ES,Federal Contract Tower,0,35,74,0,109,0,4,171,0,175,0,39,245,0,284,4,0,4,288
04/11/2022,SUA,FL,ASO,ES,Federal Contract Tower,0,40,67,0,107,0,5,243,0,248,0,45,310,0,355,128,0,128,483
04/12/2022,SUA,FL,ASO,ES,Federal Contract Tower,0,19,69,0,88,0,8,233,2,243,0,27,302,2,331,144,0,144,475
04/13/2022,SUA,FL,ASO,ES,Federal Contract Tower,0,41,109,0,150,0,4,237,1,242,0,45,346,1,392,134,0,134,526
04/14/2022,SUA,FL,ASO,ES,Federal Contract Tower,0,48,104,0,152,0,8,224,0,232,0,56,328,0,384,64,0,64,448
04/15/2022,SUA,FL,ASO,ES,Federal Contract Tower,0,50,77,0,127,0,10,104,0,114,0,60,181,0,241,70,0,70,311
04/16/2022,SUA,FL,ASO,ES,Federal Contract Tower,0,26,57,0,83,0,6,178,0,184,0,32,235,0,267,76,0,76,343
04/17/2022,SUA,FL,ASO,ES,Federal Contract Tower,0,32,64,0,96,0,0,123,0,123,0,32,187,0,219,18,0,18,237
04/18/2022,SUA,FL,ASO,ES,Federal Contract Tower,0,56,103,0,159,0,4,263,0,267,0,60,366,0,426,82,0,82,508
04/19/2022,SUA,FL,ASO,ES,Federal Contract Tower,0,37,60,0,97,0,6,166,3,175,0,43,226,3,272,24,0,24,296
04/20/2022,SUA,FL,ASO,ES,Federal Contract Tower,0,34,65,0,99,0,3,163,0,166,0,37,228,0,265,100,0,100,365
04/21/2022,SUA,FL,ASO,ES,Federal Contract Tower,0,46,73,0,119,0,16,203,0,219,0,62,276,0,338,64,0,64,402
04/22/2022,SUA,FL,ASO,ES,Federal Contract Tower,0,26,64,0,90,0,8,156,0,164,0,34,220,0,254,44,0,44,298
04/23/2022,SUA,FL,ASO,ES,Federal Contract Tower,0,33,57,0,90,0,5,80,0,85,0,38,137,0,175,8,0,8,183
04/24/2022,SUA,FL,ASO,ES,Federal Contract Tower,0,43,91,0,134,0,2,105,0,107,0,45,196,0,241,14,0,14,255
04/25/2022,SUA,FL,ASO,ES,Federal Contract Tower,0,35,71,0,106,0,3,255,2,260,0,38,326,2,366,132,0,132,498
04/26/2022,SUA,FL,ASO,ES,Federal Contract Tower,0,44,63,0,107,0,5,312,2,319,0,49,375,2,426,158,0,158,584
04/27/2022,SUA,FL,ASO,ES,Federal Contract Tower,0,45,69,0,114,0,20,317,0,337,0,65,386,0,451,136,0,136,587
04/28/2022,SUA,FL,ASO,ES,Federal Contract Tower,0,43,102,0,145,0,0,175,0,175,0,43,277,0,320,42,0,42,362
04/29/2022,SUA,FL,ASO,ES,Federal Contract Tower,0,35,56,0,91,0,0,66,0,66,0,35,122,0,157,20,0,20,177
04/30/2022,SUA,FL,ASO,ES,Federal Contract Tower,0,28,38,0,66,0,6,78,0,84,0,34,116,0,150,38,0,38,188
05/01/2022,SUA,FL,ASO,ES,Federal Contract Tower,0,38,84,0,122,0,2,149,0,151,0,40,233,0,273,46,0,46,319
05/02/2022,SUA,FL,ASO,ES,Federal Contract Tower,0,21,49,0,70,0,4,196,0,200,0,25,245,0,270,194,0,194,464
05/03/2022,SUA,FL,ASO,ES,Federal Contract Tower,0,28,50,0,78,0,7,161,0,168,0,35,211,0,246,98,0,98,344
05/04/2022,SUA,FL,ASO,ES,Federal Contract Tower,0,27,86,0,113,0,7,135,1,143,0,34,221,1,256,176,0,176,432
05/05/2022,SUA,FL,ASO,ES,Federal Contract Tower,0,35,70,0,105,0,4,205,0,209,0,39,275,0,314,114,0,114,428
05/06/2022,SUA,FL,ASO,ES,Federal Contract Tower,0,29,62,0,91,0,1,249,0,250,0,30,311,0,341,122,0,122,463
05/07/2022,SUA,FL,ASO,ES,Federal Contract Tower,0,29,40,0,69,0,5,60,0,65,0,34,100,0,134,8,0,8,142
05/08/2022,SUA,FL,ASO,ES,Federal Contract Tower,0,31,69,0,100,0,3,119,0,122,0,34,188,0,222,20,0,20,242
05/09/2022,SUA,FL,ASO,ES,Federal Contract Tower,0,25,68,0,93,0,0,234,0,234,0,25,302,0,327,150,0,150,477
05/10/2022,SUA,FL,ASO,ES,Federal Contract Tower,0,29,57,0,86,0,6,164,0,170,0,35,221,0,256,64,2,66,322
05/11/2022,SUA,FL,ASO,ES,Federal Contract Tower,0,19,73,0,92,0,6,140,0,146,0,25,213,0,238,44,0,44,282
05/12/2022,SUA,FL,ASO,ES,Federal Contract Tower,0,35,76,0,111,0,2,241,0,243,0,37,317,0,354,100,0,100,454
05/13/2022,SUA,FL,ASO,ES,Federal Contract Tower,0,27,28,0,55,0,6,228,0,234,0,33,256,0,289,138,0,138,427
05/14/2022,SUA,FL,ASO,ES,Federal Contract Tower,0,18,52,0,70,0,4,191,0,195,0,22,243,0,265,104,0,104,369
05/15/2022,SUA,FL,ASO,ES,Federal Contract Tower,0,30,67,0,97,0,0,99,0,99,0,30,166,0,196,12,0,12,208
05/16/2022,SUA,FL,ASO,ES,Federal Contract Tower,0,34,44,0,78,0,2,217,0,219,0,36,261,0,297,196,0,196,493
05/17/2022,SUA,FL,ASO,ES,Federal Contract Tower,0,28,49,0,77,0,2,312,0,314,0,30,361,0,391,216,0,216,607
05/18/2022,SUA,FL,ASO,ES,Federal Contract Tower,0,23,56,0,79,0,3,258,0,261,0,26,314,0,340,178,0,178,518
05/19/2022,SUA,FL,ASO,ES,Federal Contract Tower,0,39,55,0,94,0,8,253,0,261,0,47,308,0,355,130,0,130,485
05/20/2022,SUA,FL,ASO,ES,Federal Contract Tower,0,24,46,0,70,0,0,134,0,134,0,24,180,0,204,78,0,78,282
05/21/2022,SUA,FL,ASO,ES,Federal Contract Tower,0,37,30,0,67,0,4,58,0,62,0,41,88,0,129,16,0,16,145
05/22/2022,SUA,FL,ASO,ES,Federal Contract Tower,0,25,55,0,80,0,10,117,0,127,0,35,172,0,207,18,0,18,225
05/23/2022,SUA,FL,ASO,ES,Federal Contract Tower,0,26,61,0,87,0,12,300,0,312,0,38,361,0,399,132,0,132,531
05/24/2022,SUA,FL,ASO,ES,Federal Contract Tower,0,32,52,0,84,0,0,304,0,304,0,32,356,0,388,112,0,112,500
05/25/2022,SUA,FL,ASO,ES,Federal Contract Tower,0,28,53,0,81,0,10,295,0,305,0,38,348,0,386,100,0,100,486
05/26/2022,SUA,FL,ASO,ES,Federal Contract Tower,0,29,70,0,99,0,0,278,0,278,0,29,348,0,377,102,0,102,479
05/27/2022,SUA,FL,ASO,ES,Federal Contract Tower,0,25,82,0,107,0,2,223,0,225,0,27,305,0,332,104,0,104,436
05/28/2022,SUA,FL,ASO,ES,Federal Contract Tower,0,13,31,0,44,0,8,109,0,117,0,21,140,0,161,32,0,32,193
05/29/2022,SUA,FL,ASO,ES,Federal Contract Tower,0,9,43,0,52,0,8,83,0,91,0,17,126,0,143,6,0,6,149
05/30/2022,SUA,FL,ASO,ES,Federal Contract Tower,0,17,47,0,64,0,2,155,2,159,0,19,202,2,223,210,0,210,433
05/31/2022,SUA,FL,ASO,ES,Federal Contract Tower,0,42,51,0,93,0,0,0,0,0,0,42,51,0,93,176,0,176,269
06/01/2022,SUA,FL,ASO,ES,Federal Contract Tower,0,37,41,0,78,0,10,120,0,130,0,47,161,0,208,78,0,78,286
06/02/2022,SUA,FL,ASO,ES,Federal Contract Tower,0,16,54,0,70,0,13,285,0,298,0,29,339,0,368,140,0,140,508
06/03/2022,SUA,FL,ASO,ES,Federal Contract Tower,0,10,22,0,32,0,0,43,0,43,0,10,65,0,75,8,0,8,83
06/04/2022,SUA,FL,ASO,ES,Federal Contract Tower,0,5,17,0,22,0,2,2,0,4,0,7,19,0,26,4,0,4,30
06/05/2022,SUA,FL,ASO,ES,Federal Contract Tower,0,28,50,0,78,0,0,83,0,83,0,28,133,0,161,52,0,52,213
06/06/2022,SUA,FL,ASO,ES,Federal Contract Tower,0,23,43,0,66,0,3,273,0,276,0,26,316,0,342,104,0,104,446
06/07/2022,SUA,FL,ASO,ES,Federal Contract Tower,0,17,40,0,57,0,2,176,2,180,0,19,216,2,237,60,0,60,297
06/08/2022,SUA,FL,ASO,ES,Federal Contract Tower,0,11,43,0,54,0,4,212,0,216,0,15,255,0,270,162,0,162,432
06/09/2022,SUA,FL,ASO,ES,Federal Contract Tower,0,18,53,0,71,0,26,187,0,213,0,44,240,0,284,112,0,112,396
06/10/2022,SUA,FL,ASO,ES,Federal Contract Tower,0,18,29,0,47,0,17,122,0,139,0,35,151,0,186,100,0,100,286
06/11/2022,SUA,FL,ASO,ES,Federal Contract Tower,0,24,49,0,73,0,12,134,0,146,0,36,183,0,219,62,0,62,281
06/12/2022,SUA,FL,ASO,ES,Federal Contract Tower,0,24,38,0,62,0,2,126,0,128,0,26,164,0,190,10,0,10,200
06/13/2022,SUA,FL,ASO,ES,Federal Contract Tower,0,15,46,0,61,0,3,286,0,289,0,18,332,0,350,182,0,182,532
06/14/2022,SUA,FL,ASO,ES,Federal Contract Tower,0,15,34,0,49,0,5,314,1,320,0,20,348,1,369,208,6,214,583
06/15/2022,SUA,FL,ASO,ES,Federal Contract Tower,0,18,40,0,58,0,5,275,0,280,0,23,315,0,338,206,0,206,544
06/16/2022,SUA,FL,ASO,ES,Federal Contract Tower,0,9,47,0,56,0,2,294,0,296,0,11,341,0,352,214,0,214,566
06/17/2022,SUA,FL,ASO,ES,Federal Contract Tower,0,12,61,0,73,0,8,243,2,253,0,20,304,2,326,126,0,126,452
06/18/2022,SUA,FL,ASO,ES,Federal Contract Tower,0,19,52,0,71,0,2,196,0,198,0,21,248,0,269,102,0,102,371
06/19/2022,SUA,FL,ASO,ES,Federal Contract Tower,0,8,34,0,42,0,2,103,0,105,0,10,137,0,147,14,0,14,161
06/20/2022,SUA,FL,ASO,ES,Federal Contract Tower,0,12,52,0,64,0,4,226,0,230,0,16,278,0,294,182,0,182,476
06/21/2022,SUA,FL,ASO,ES,Federal Contract Tower,0,15,31,0,46,0,3,256,2,261,0,18,287,2,307,114,4,118,425
06/22/2022,SUA,FL,ASO,ES,Federal Contract Tower,0,21,54,0,75,0,6,330,0,336,0,27,384,0,411,132,0,132,543
06/23/2022,SUA,FL,ASO,ES,Federal Contract Tower,0,8,59,0,67,0,2,308,0,310,0,10,367,0,377,146,0,146,523
06/24/2022,SUA,FL,ASO,ES,Federal Contract Tower,0,30,42,0,72,0,2,232,0,234,0,32,274,0,306,86,0,86,392
06/25/2022,SUA,FL,ASO,ES,Federal Contract Tower,0,22,32,0,54,0,13,80,0,93,0,35,112,0,147,18,0,18,165
06/26/2022,SUA,FL,ASO,ES,Federal Contract Tower,0,21,33,0,54,0,10,109,0,119,0,31,142,0,173,10,0,10,183
06/27/2022,SUA,FL,ASO,ES,Federal Contract Tower,0,27,29,0,56,0,239,0,0,239,0,266,29,0,295,166,0,166,461
06/28/2022,SUA,FL,ASO,ES,Federal Contract Tower,0,15,52,0,67,0,10,263,0,273,0,25,315,0,340,182,0,182,522
06/29/2022,SUA,FL,ASO,ES,Federal Contract Tower,0,8,28,0,36,0,7,190,0,197,0,15,218,0,233,54,0,54,287
06/30/2022,SUA,FL,ASO,ES,Federal Contract Tower,0,24,36,0,60,0,8,186,0,194,0,32,222,0,254,54,0,54,308
07/01/2022,SUA,FL,ASO,ES,Federal Contract Tower,0,24,55,0,79,0,8,227,0,235,0,32,282,0,314,164,0,164,478
07/02/2022,SUA,FL,ASO,ES,Federal Contract Tower,0,8,45,0,53,0,5,105,0,110,0,13,150,0,163,36,0,36,199
07/03/2022,SUA,FL,ASO,ES,Federal Contract Tower,0,13,23,0,36,0,4,93,0,97,0,17,116,0,133,24,0,24,157
07/04/2022,SUA,FL,ASO,ES,Federal Contract Tower,0,8,17,0,25,0,2,171,0,173,0,10,188,0,198,218,0,218,416
07/05/2022,SUA,FL,ASO,ES,Federal Contract Tower,0,12,42,0,54,0,3,240,0,243,0,15,282,0,297,216,0,216,513
07/06/2022,SUA,FL,ASO,ES,Federal Contract Tower,0,16,40,0,56,0,2,212,0,214,0,18,252,0,270,210,0,210,480
07/07/2022,SUA,FL,ASO,ES,Federal Contract Tower,0,31,42,0,73,0,6,269,0,275,0,37,311,0,348,168,0,168,516
07/08/2022,SUA,FL,ASO,ES,Federal Contract Tower,0,16,17,0,33,0,1,181,2,184,0,17,198,2,217,108,0,108,325
07/09/2022,SUA,FL,ASO,ES,Federal Contract Tower,0,15,31,0,46,0,9,142,0,151,0,24,173,0,197,34,0,34,231
07/10/2022,SUA,FL,ASO,ES,Federal Contract Tower,0,13,41,0,54,0,7,103,0,110,0,20,144,0,164,18,0,18,182
07/11/2022,SUA,FL,ASO,ES,Federal Contract Tower,0,11,45,0,56,0,2,211,2,215,0,13,256,2,271,196,0,196,467
07/12/2022,SUA,FL,ASO,ES,Federal Contract Tower,0,9,40,0,49,0,6,233,2,241,0,15,273,2,290,120,0,120,410
07/13/2022,SUA,FL,ASO,ES,Federal Contract Tower,0,12,33,0,45,0,4,249,1,254,0,16,282,1,299,138,0,138,437
07/14/2022,SUA,FL,ASO,ES,Federal Contract Tower,0,9,40,0,49,0,2,259,1,262,0,11,299,1,311,176,0,176,487
07/15/2022,SUA,FL,ASO,ES,Federal Contract Tower,0,13,40,0,53,0,6,228,0,234,0,19,268,0,287,180,0,180,467
07/16/2022,SUA,FL,ASO,ES,Federal Contract Tower,0,7,19,0,26,0,4,95,0,99,0,11,114,0,125,38,0,38,163
07/17/2022,SUA,FL,ASO,ES,Federal Contract Tower,0,1,22,0,23,0,0,0,0,0,0,1,22,0,23,18,0,18,41
07/18/2022,SUA,FL,ASO,ES,Federal Contract Tower,0,10,45,0,55,0,2,222,4,228,0,12,267,4,283,136,0,136,419
07/19/2022,SUA,FL,ASO,ES,Federal Contract Tower,0,6,45,0,51,0,8,262,0,270,0,14,307,0,321,170,0,170,491
07/20/2022,SUA,FL,ASO,ES,Federal Contract Tower,0,18,34,2,54,0,8,259,0,267,0,26,293,2,321,102,0,102,423
07/21/2022,SUA,FL,ASO,ES,Federal Contract Tower,0,12,47,0,59,0,4,233,0,237,0,16,280,0,296,122,0,122,418
07/22/2022,SUA,FL,ASO,ES,Federal Contract Tower,0,6,39,0,45,0,16,183,0,199,0,22,222,0,244,116,0,116,360
07/23/2022,SUA,FL,ASO,ES,Federal Contract Tower,0,6,43,0,49,0,1,118,0,119,0,7,161,0,168,54,0,54,222
07/24/2022,SUA,FL,ASO,ES,Federal Contract Tower,0,11,35,0,46,0,6,142,0,148,0,17,177,0,194,6,0,6,200
07/25/2022,SUA,FL,ASO,ES,Federal Contract Tower,0,16,29,0,45,0,7,160,0,167,0,23,189,0,212,146,0,146,358
07/26/2022,SUA,FL,ASO,ES,Federal Contract Tower,0,16,32,0,48,0,3,125,0,128,0,19,157,0,176,92,0,92,268
07/27/2022,SUA,FL,ASO,ES,Federal Contract Tower,0,14,52,0,66,0,4,206,0,210,0,18,258,0,276,182,0,182,458
07/28/2022,SUA,FL,ASO,ES,Federal Contract Tower,0,14,41,2,57,0,14,226,0,240,0,28,267,2,297,140,0,140,437
07/29/2022,SUA,FL,ASO,ES,Federal Contract Tower,0,6,54,0,60,0,0,201,0,201,0,6,255,0,261,132,0,132,393
07/30/2022,SUA,FL,ASO,ES,Federal Contract Tower,0,12,26,0,38,0,5,111,0,116,0,17,137,0,154,36,0,36,190
07/31/2022,SUA,FL,ASO,ES,Federal Contract Tower,0,5,46,0,51,0,0,117,0,117,0,5,163,0,168,26,0,26,194
08/01/2022,SUA,FL,ASO,ES,Federal Contract Tower,0,16,31,0,47,0,2,158,0,160,0,18,189,0,207,186,0,186,393
08/02/2022,SUA,FL,ASO,ES,Federal Contract Tower,0,9,40,0,49,0,5,209,0,214,0,14,249,0,263,136,0,136,399
08/03/2022,SUA,FL,ASO,ES,Federal Contract Tower,0,11,53,0,64,0,9,209,0,218,0,20,262,0,282,154,0,154,436
08/04/2022,SUA,FL,ASO,ES,Federal Contract Tower,0,8,41,0,49,0,8,222,3,233,0,16,263,3,282,88,0,88,370
08/05/2022,SUA,FL,ASO,ES,Federal Contract Tower,0,13,46,0,59,0,8,188,0,196,0,21,234,0,255,150,0,150,405
08/06/2022,SUA,FL,ASO,ES,Federal Contract Tower,0,14,28,0,42,0,13,114,0,127,0,27,142,0,169,24,0,24,193
08/07/2022,SUA,FL,ASO,ES,Federal Contract Tower,0,8,22,0,30,0,14,80,0,94,0,22,102,0,124,46,0,46,170
08/08/2022,SUA,FL,ASO,ES,Federal Contract Tower,0,17,41,0,58,0,6,154,1,161,0,23,195,1,219,150,0,150,369
08/09/2022,SUA,FL,ASO,ES,Federal Contract Tower,0,11,33,0,44,0,89,135,0,224,0,100,168,0,268,122,0,122,390
08/10/2022,SUA,FL,ASO,ES,Federal Contract Tower,0,13,40,0,53,0,62,231,0,293,0,75,271,0,346,88,0,88,434
08/11/2022,SUA,FL,ASO,ES,Federal Contract Tower,0,16,39,0,55,0,6,204,2,212,0,22,243,2,267,124,0,124,391
08/12/2022,SUA,FL,ASO,ES,Federal Contract Tower,0,9,26,0,35,0,8,218,0,226,0,17,244,0,261,182,0,182,443
08/13/2022,SUA,FL,ASO,ES,Federal Contract Tower,0,12,23,0,35,0,8,107,2,117,0,20,130,2,152,42,0,42,194
08/14/2022,SUA,FL,ASO,ES,Federal Contract Tower,0,14,24,0,38,0,4,100,0,104,0,18,124,0,142,8,0,8,150
08/15/2022,SUA,FL,ASO,ES,Federal Contract Tower,0,11,26,1,38,0,4,171,0,175,0,15,197,1,213,118,0,118,331
08/16/2022,SUA,FL,ASO,ES,Federal Contract Tower,0,18,35,0,53,0,3,179,0,182,0,21,214,0,235,134,0,134,369
08/17/2022,SUA,FL,ASO,ES,Federal Contract Tower,0,7,59,0,66,0,3,229,0,232,0,10,288,0,298,110,0,110,408
08/18/2022,SUA,FL,ASO,ES,Federal Contract Tower,0,16,42,0,58,0,6,203,0,209,0,22,245,0,267,80,0,80,347
08/19/2022,SUA,FL,ASO,ES,Federal Contract Tower,0,11,46,0,57,0,2,260,0,262,0,13,306,0,319,124,0,124,443
08/20/2022,SUA,FL,ASO,ES,Federal Contract Tower,0,3,34,0,37,0,18,129,0,147,0,21,163,0,184,66,0,66,250
08/21/2022,SUA,FL,ASO,ES,Federal Contract Tower,0,14,21,0,35,0,4,133,0,137,0,18,154,0,172,56,0,56,228
08/22/2022,SUA,FL,ASO,ES,Federal Contract Tower,0,9,28,0,37,0,13,236,0,249,0,22,264,0,286,136,0,136,422
08/23/2022,SUA,FL,ASO,ES,Federal Contract Tower,0,20,36,0,56,0,16,173,0,189,0,36,209,0,245,206,0,206,451
08/24/2022,SUA,FL,ASO,ES,Federal Contract Tower,0,19,47,0,66,0,10,235,0,245,0,29,282,0,311,274,0,274,585
08/25/2022,SUA,FL,ASO,ES,Federal Contract Tower,0,15,30,0,45,0,14,261,0,275,0,29,291,0,320,240,0,240,560
08/26/2022,SUA,FL,ASO,ES,Federal Contract Tower,0,13,37,0,50,0,19,230,0,249,0,32,267,0,299,210,0,210,509
08/27/2022,SUA,FL,ASO,ES,Federal Contract Tower,0,13,35,0,48,0,3,174,0,177,0,16,209,0,225,64,0,64,289
08/28/2022,SUA,FL,ASO,ES,Federal Contract Tower,0,19,31,0,50,0,0,85,0,85,0,19,116,0,135,6,0,6,141
08/29/2022,SUA,FL,ASO,ES,Federal Contract Tower,0,14,31,0,45,0,6,145,4,155,0,20,176,4,200,190,0,190,390
08/30/2022,SUA,FL,ASO,ES,Federal Contract Tower,0,14,36,0,50,0,5,270,2,277,0,19,306,2,327,202,0,202,529
08/31/2022,SUA,FL,ASO,ES,Federal Contract Tower,0,10,66,0,76,0,2,311,0,313,0,12,377,0,389,178,0,178,567
09/01/2022,SUA,FL,ASO,ES,Federal Contract Tower,0,17,40,0,57,0,8,264,1,273,0,25,304,1,330,134,0,134,464
09/02/2022,SUA,FL,ASO,ES,Federal Contract Tower,0,10,55,0,65,0,5,254,0,259,0,15,309,0,324,108,0,108,432
09/03/2022,SUA,FL,ASO,ES,Federal Contract Tower,0,1,30,0,31,0,6,132,0,138,0,7,162,0,169,76,0,76,245
09/04/2022,SUA,FL,ASO,ES,Federal Contract Tower,0,15,31,0,46,0,10,100,0,110,0,25,131,0,156,16,0,16,172
09/05/2022,SUA,FL,ASO,ES,Federal Contract Tower,0,13,25,0,38,0,8,192,0,200,0,21,217,0,238,120,0,120,358
09/06/2022,SUA,FL,ASO,ES,Federal Contract Tower,0,15,53,0,68,0,8,250,0,258,0,23,303,0,326,160,0,160,486
09/07/2022,SUA,FL,ASO,ES,Federal Contract Tower,0,9,42,0,51,0,8,277,0,285,0,17,319,0,336,198,0,198,534
09/08/2022,SUA,FL,ASO,ES,Federal Contract Tower,0,8,28,0,36,0,0,197,0,197,0,8,225,0,233,108,0,108,341
09/09/2022,SUA,FL,ASO,ES,Federal Contract Tower,0,12,37,0,49,0,2,188,0,190,0,14,225,0,239,128,0,128,367
09/10/2022,SUA,FL,ASO,ES,Federal Contract Tower,0,11,26,0,37,0,3,118,0,121,0,14,144,0,158,38,0,38,196
09/11/2022,SUA,FL,ASO,ES,Federal Contract Tower,0,9,32,0,41,0,10,113,0,123,0,19,145,0,164,42,0,42,206
09/12/2022,SUA,FL,ASO,ES,Federal Contract Tower,0,20,33,0,53,0,24,228,2,254,0,44,261,2,307,200,0,200,507
09/13/2022,SUA,FL,ASO,ES,Federal Contract Tower,0,6,31,0,37,0,5,212,0,217,0,11,243,0,254,154,0,154,408
09/14/2022,SUA,FL,ASO,ES,Federal Contract Tower,0,11,36,0,47,0,6,146,0,152,0,17,182,0,199,114,0,114,313
09/15/2022,SUA,FL,ASO,ES,Federal Contract Tower,0,14,46,0,60,0,2,166,0,168,0,16,212,0,228,46,0,46,274
09/16/2022,SUA,FL,ASO,ES,Federal Contract Tower,0,6,40,0,46,0,9,214,0,223,0,15,254,0,269,148,0,148,417
09/17/2022,SUA,FL,ASO,ES,Federal Contract Tower,0,7,32,0,39,0,4,108,0,112,0,11,140,0,151,36,0,36,187
09/18/2022,SUA,FL,ASO,ES,Federal Contract Tower,0,15,43,0,58,0,22,113,0,135,0,37,156,0,193,54,0,54,247
09/19/2022,SUA,FL,ASO,ES,Federal Contract Tower,0,13,34,0,47,0,2,192,1,195,0,15,226,1,242,214,0,214,456
09/20/2022,SUA,FL,ASO,ES,Federal Contract Tower,0,13,31,0,44,0,6,231,2,239,0,19,262,2,283,178,0,178,461
09/21/2022,SUA,FL,ASO,ES,Federal Contract Tower,0,13,36,0,49,0,6,225,2,233,0,19,261,2,282,120,0,120,402
09/22/2022,SUA,FL,ASO,ES,Federal Contract Tower,0,8,47,0,55,0,6,233,1,240,0,14,280,1,295,154,0,154,449
09/23/2022,SUA,FL,ASO,ES,Federal Contract Tower,0,23,49,0,72,0,6,206,0,212,0,29,255,0,284,138,0,138,422
09/24/2022,SUA,FL,ASO,ES,Federal Contract Tower,0,18,28,0,46,0,1,19,0,20,0,19,47,0,66,8,0,8,74
09/25/2022,SUA,FL,ASO,ES,Federal Contract Tower,0,18,38,0,56,0,0,116,0,116,0,18,154,0,172,52,0,52,224
09/26/2022,SUA,FL,ASO,ES,Federal Contract Tower,0,21,41,1,63,0,4,123,0,127,0,25,164,1,190,106,0,106,296
09/27/2022,SUA,FL,ASO,ES,Federal Contract Tower,0,13,26,0,39,0,2,22,0,24,0,15,48,0,63,40,0,40,103
09/28/2022,SUA,FL,ASO,ES,Federal Contract Tower,0,1,3,0,4,0,0,0,0,0,0,1,3,0,4,0,0,0,4
09/29/2022,SUA,FL,ASO,ES,Federal Contract Tower,0,7,7,0,14,0,1,0,0,1,0,8,7,0,15,0,0,0,15
09/30/2022,SUA,FL,ASO,ES,Federal Contract Tower,0,13,28,0,41,0,12,225,0,237,0,25,253,0,278,140,0,140,418
10/01/2022,SUA,FL,ASO,ES,Federal Contract Tower,0,7,48,0,55,0,8,200,0,208,0,15,248,0,263,62,0,62,325
10/02/2022,SUA,FL,ASO,ES,Federal Contract Tower,0,23,35,0,58,0,8,103,0,111,0,31,138,0,169,36,0,36,205
10/03/2022,SUA,FL,ASO,ES,Federal Contract Tower,0,16,41,0,57,0,8,253,0,261,0,24,294,0,318,174,0,174,492
10/04/2022,SUA,FL,ASO,ES,Federal Contract Tower,0,18,40,0,58,0,2,247,0,249,0,20,287,0,307,100,0,100,407
10/05/2022,SUA,FL,ASO,ES,Federal Contract Tower,0,16,46,0,62,0,4,245,0,249,0,20,291,0,311,172,0,172,483
10/06/2022,SUA,FL,ASO,ES,Federal Contract Tower,0,32,57,0,89,0,6,287,0,293,0,38,344,0,382,108,0,108,490
10/07/2022,SUA,FL,ASO,ES,Federal Contract Tower,0,14,67,0,81,0,4,319,0,323,0,18,386,0,404,130,0,130,534
10/08/2022,SUA,FL,ASO,ES,Federal Contract Tower,0,23,48,0,71,0,2,192,0,194,0,25,240,0,265,24,0,24,289
10/09/2022,SUA,FL,ASO,ES,Federal Contract Tower,0,25,39,0,64,0,0,70,0,70,0,25,109,0,134,2,0,2,136
10/10/2022,SUA,FL,ASO,ES,Federal Contract Tower,0,17,36,0,53,0,2,216,4,222,0,19,252,4,275,210,0,210,485
10/11/2022,SUA,FL,ASO,ES,Federal Contract Tower,0,32,46,0,78,0,10,322,2,334,0,42,368,2,412,190,0,190,602
10/12/2022,SUA,FL,ASO,ES,Federal Contract Tower,0,36,62,0,98,0,2,296,0,298,0,38,358,0,396,160,0,160,556
10/13/2022,SUA,FL,ASO,ES,Federal Contract Tower,0,17,56,0,73,0,8,139,0,147,0,25,195,0,220,100,0,100,320
10/14/2022,SUA,FL,ASO,ES,Federal Contract Tower,0,30,54,0,84,0,10,269,0,279,0,40,323,0,363,170,0,170,533
10/15/2022,SUA,FL,ASO,ES,Federal Contract Tower,0,18,40,0,58,0,0,102,0,102,0,18,142,0,160,43,0,43,203
10/16/2022,SUA,FL,ASO,ES,Federal Contract Tower,0,38,76,0,114,0,0,185,0,185,0,38,261,0,299,70,0,70,369
10/17/2022,SUA,FL,ASO,ES,Federal Contract Tower,0,35,44,0,79,0,4,227,0,231,0,39,271,0,310,124,0,124,434
10/18/2022,SUA,FL,ASO,ES,Federal Contract Tower,0,22,41,0,63,0,0,0,0,0,0,22,41,0,63,180,0,180,243
10/19/2022,SUA,FL,ASO,ES,Federal Contract Tower,0,19,56,0,75,0,4,304,0,308,0,23,360,0,383,208,0,208,591
10/20/2022,SUA,FL,ASO,ES,Federal Contract Tower,0,47,39,0,86,0,9,281,0,290,0,56,320,0,376,134,0,134,510
10/21/2022,SUA,FL,ASO,ES,Federal Contract Tower,0,24,49,0,73,0,13,248,0,261,0,37,297,0,334,84,0,84,418
10/22/2022,SUA,FL,ASO,ES,Federal Contract Tower,0,26,42,0,68,0,13,146,0,159,0,39,188,0,227,32,0,32,259
10/23/2022,SUA,FL,ASO,ES,Federal Contract Tower,0,42,48,0,90,0,0,162,0,162,0,42,210,0,252,18,0,18,270
10/24/2022,SUA,FL,ASO,ES,Federal Contract Tower,0,24,62,0,86,0,20,267,2,289,0,44,329,2,375,118,0,118,493
10/25/2022,SUA,FL,ASO,ES,Federal Contract Tower,0,37,58,0,95,0,13,355,2,370,0,50,413,2,465,116,0,116,581
10/26/2022,SUA,FL,ASO,ES,Federal Contract Tower,0,26,63,0,89,0,8,388,0,396,0,34,451,0,485,164,0,164,649
10/27/2022,SUA,FL,ASO,ES,Federal Contract Tower,0,38,65,0,103,0,6,341,0,347,0,44,406,0,450,158,0,158,608
10/28/2022,SUA,FL,ASO,ES,Federal Contract Tower,0,36,63,0,99,0,13,348,0,361,0,49,411,0,460,132,0,132,592
10/29/2022,SUA,FL,ASO,ES,Federal Contract Tower,0,18,55,0,73,0,0,93,0,93,0,18,148,0,166,40,0,40,206
10/30/2022,SUA,FL,ASO,ES,Federal Contract Tower,0,36,55,0,91,0,0,204,0,204,0,36,259,0,295,94,0,94,389
10/31/2022,SUA,FL,ASO,ES,Federal Contract Tower,0,21,51,0,72,0,7,272,0,279,0,28,323,0,351,158,0,158,509
11/01/2022,SUA,FL,ASO,ES,Federal Contract Tower,0,27,53,0,80,0,8,278,0,286,0,35,331,0,366,218,0,218,584
11/02/2022,SUA,FL,ASO,ES,Federal Contract Tower,0,39,63,0,102,0,2,236,2,240,0,41,299,2,342,130,0,130,472
11/03/2022,SUA,FL,ASO,ES,Federal Contract Tower,0,40,63,0,103,0,0,336,0,336,0,40,399,0,439,142,0,142,581
11/04/2022,SUA,FL,ASO,ES,Federal Contract Tower,0,33,68,0,101,0,3,233,0,236,0,36,301,0,337,48,0,48,385
11/05/2022,SUA,FL,ASO,ES,Federal Contract Tower,0,30,45,0,75,0,7,164,0,171,0,37,209,0,246,116,0,116,362
11/06/2022,SUA,FL,ASO,ES,Federal Contract Tower,0,34,52,0,86,0,6,92,0,98,0,40,144,0,184,54,0,54,238
11/07/2022,SUA,FL,ASO,ES,Federal Contract Tower,0,25,56,0,81,0,4,165,0,169,0,29,221,0,250,42,0,42,292
11/08/2022,SUA,FL,ASO,ES,Federal Contract Tower,0,28,58,0,86,0,5,38,0,43,0,33,96,0,129,14,0,14,143
11/09/2022,SUA,FL,ASO,ES,Federal Contract Tower,0,2,0,0,2,0,0,0,0,0,0,2,0,0,2,0,0,0,2
11/10/2022,SUA,FL,ASO,ES,Federal Contract Tower,0,3,20,3,26,0,5,44,4,53,0,8,64,7,79,6,6,12,91
11/11/2022,SUA,FL,ASO,ES,Federal Contract Tower,0,22,20,2,44,0,5,102,7,114,0,27,122,9,158,56,10,66,224
11/12/2022,SUA,FL,ASO,ES,Federal Contract Tower,0,8,18,0,26,0,0,51,26,77,0,8,69,26,103,36,0,36,139
11/13/2022,SUA,FL,ASO,ES,Federal Contract Tower,0,17,29,1,47,0,4,87,6,97,0,21,116,7,144,0,0,0,144
11/14/2022,SUA,FL,ASO,ES,Federal Contract Tower,0,42,64,5,111,0,7,312,3,322,0,49,376,8,433,116,0,116,549
11/15/2022,SUA,FL,ASO,ES,Federal Contract Tower,0,34,65,2,101,0,4,374,3,381,0,38,439,5,482,140,0,140,622
11/16/2022,SUA,FL,ASO,ES,Federal Contract Tower,0,25,51,0,76,0,2,290,0,292,0,27,341,0,368,124,0,124,492
11/17/2022,SUA,FL,ASO,ES,Federal Contract Tower,0,32,86,0,118,0,6,230,0,236,0,38,316,0,354,178,0,178,532
11/18/2022,SUA,FL,ASO,ES,Federal Contract Tower,0,28,65,0,93,0,13,296,0,309,0,41,361,0,402,118,0,118,520
11/19/2022,SUA,FL,ASO,ES,Federal Contract Tower,0,33,76,0,109,0,8,212,4,224,0,41,288,4,333,70,0,70,403
11/20/2022,SUA,FL,ASO,ES,Federal Contract Tower,0,37,77,0,114,0,0,8,0,8,0,37,85,0,122,0,0,0,122
11/21/2022,SUA,FL,ASO,ES,Federal Contract Tower,0,47,64,0,111,0,2,38,0,40,0,49,102,0,151,102,0,102,253
11/22/2022,SUA,FL,ASO,ES,Federal Contract Tower,0,42,110,0,152,0,3,82,0,85,0,45,192,0,237,60,0,60,297
11/23/2022,SUA,FL,ASO,ES,Federal Contract Tower,0,22,85,0,107,0,6,130,0,136,0,28,215,0,243,82,0,82,325
11/24/2022,SUA,FL,ASO,ES,Federal Contract Tower,0,20,25,0,45,0,5,97,0,102,0,25,122,0,147,0,0,0,147
11/25/2022,SUA,FL,ASO,ES,Federal Contract Tower,0,34,46,0,80,0,6,280,0,286,0,40,326,0,366,130,0,130,496
11/26/2022,SUA,FL,ASO,ES,Federal Contract Tower,0,40,82,0,122,0,14,201,0,215,0,54,283,0,337,38,0,38,375
11/27/2022,SUA,FL,ASO,ES,Federal Contract Tower,0,50,85,0,135,0,6,162,0,168,0,56,247,0,303,40,0,40,343
11/28/2022,SUA,FL,ASO,ES,Federal Contract Tower,0,37,66,0,103,0,4,179,0,183,0,41,245,0,286,106,0,106,392
11/29/2022,SUA,FL,ASO,ES,Federal Contract Tower,0,35,37,0,72,0,10,358,0,368,0,45,395,0,440,162,0,162,602
11/30/2022,SUA,FL,ASO,ES,Federal Contract Tower,0,30,63,0,93,0,6,359,0,365,0,36,422,0,458,94,0,94,552
12/01/2022,SUA,FL,ASO,ES,Federal Contract Tower,0,33,83,0,116,0,2,147,0,149,0,35,230,0,265,64,0,64,329
12/02/2022,SUA,FL,ASO,ES,Federal Contract Tower,0,36,60,0,96,0,8,257,0,265,0,44,317,0,361,70,0,70,431
12/03/2022,SUA,FL,ASO,ES,Federal Contract Tower,0,16,60,0,76,0,14,133,6,153,0,30,193,6,229,72,0,72,301
12/04/2022,SUA,FL,ASO,ES,Federal Contract Tower,0,37,67,0,104,0,4,245,0,249,0,41,312,0,353,30,0,30,383
12/05/2022,SUA,FL,ASO,ES,Federal Contract Tower,0,26,63,0,89,0,0,0,0,0,0,26,63,0,89,198,0,198,287
12/06/2022,SUA,FL,ASO,ES,Federal Contract Tower,0,29,74,0,103,0,8,341,0,349,0,37,415,0,452,108,0,108,560
12/07/2022,SUA,FL,ASO,ES,Federal Contract Tower,0,36,71,0,107,0,14,349,0,363,0,50,420,0,470,102,0,102,572
12/08/2022,SUA,FL,ASO,ES,Federal Contract Tower,0,36,69,0,105,0,8,259,0,267,0,44,328,0,372,154,0,154,526
12/09/2022,SUA,FL,ASO,ES,Federal Contract Tower,0,37,67,0,104,0,10,318,0,328,0,47,385,0,432,94,0,94,526
12/10/2022,SUA,FL,ASO,ES,Federal Contract Tower,0,25,55,0,80,0,2,243,0,245,0,27,298,0,325,110,0,110,435
12/11/2022,SUA,FL,ASO,ES,Federal Contract Tower,0,35,68,0,103,0,4,64,0,68,0,39,132,0,171,38,0,38,209
12/12/2022,SUA,FL,ASO,ES,Federal Contract Tower,0,31,85,0,116,0,2,132,0,134,0,33,217,0,250,134,0,134,384
12/13/2022,SUA,FL,ASO,ES,Federal Contract Tower,0,33,75,0,108,0,2,181,0,183,0,35,256,0,291,72,0,72,363
12/14/2022,SUA,FL,ASO,ES,Federal Contract Tower,0,36,71,0,107,0,6,125,0,131,0,42,196,0,238,72,0,72,310
12/15/2022,SUA,FL,ASO,ES,Federal Contract Tower,0,29,42,0,71,0,4,183,0,187,0,33,225,0,258,62,0,62,320
12/16/2022,SUA,FL,ASO,ES,Federal Contract Tower,0,33,90,0,123,0,0,198,0,198,0,33,288,0,321,42,0,42,363
12/17/2022,SUA,FL,ASO,ES,Federal Contract Tower,0,34,40,0,74,0,3,188,0,191,0,37,228,0,265,24,0,24,289
12/18/2022,SUA,FL,ASO,ES,Federal Contract Tower,0,28,48,0,76,0,4,142,0,146,0,32,190,0,222,38,0,38,260
12/19/2022,SUA,FL,ASO,ES,Federal Contract Tower,0,31,61,0,92,0,2,280,0,282,0,33,341,0,374,134,0,134,508
12/20/2022,SUA,FL,ASO,ES,Federal Contract Tower,0,30,49,0,79,0,13,200,0,213,0,43,249,0,292,124,0,124,416
12/21/2022,SUA,FL,ASO,ES,Federal Contract Tower,0,61,87,0,148,0,0,0,0,0,0,61,87,0,148,42,0,42,190
12/22/2022,SUA,FL,ASO,ES,Federal Contract Tower,0,38,68,0,106,0,0,242,0,242,0,38,310,0,348,136,0,136,484
12/23/2022,SUA,FL,ASO,ES,Federal Contract Tower,0,25,39,0,64,0,4,162,0,166,0,29,201,0,230,134,0,134,364
12/24/2022,SUA,FL,ASO,ES,Federal Contract Tower,0,12,11,0,23,0,8,55,0,63,0,20,66,0,86,38,0,38,124
12/25/2022,SUA,FL,ASO,ES,Federal Contract Tower,0,31,17,0,48,0,1,5,0,6,0,32,22,0,54,0,0,0,54
12/26/2022,SUA,FL,ASO,ES,Federal Contract Tower,0,74,146,0,220,0,3,212,0,215,0,77,358,0,435,50,0,50,485
12/27/2022,SUA,FL,ASO,ES,Federal Contract Tower,0,108,147,0,255,0,1,79,0,80,0,109,226,0,335,18,0,18,353
12/28/2022,SUA,FL,ASO,ES,Federal Contract Tower,0,68,104,0,172,0,16,271,0,287,0,84,375,0,459,74,0,74,533
12/29/2022,SUA,FL,ASO,ES,Federal Contract Tower,0,50,63,0,113,0,3,291,0,294,0,53,354,0,407,62,0,62,469
12/30/2022,SUA,FL,ASO,ES,Federal Contract Tower,0,48,69,0,117,0,3,250,0,253,0,51,319,0,370,77,0,77,447
12/31/2022,SUA,FL,ASO,ES,Federal Contract Tower,0,27,48,0,75,0,6,116,0,122,0,33,164,0,197,26,0,26,223
01/01/2023,SUA,FL,ASO,ES,Federal Contract Tower,0,44,76,0,120,0,5,44,0,49,0,49,120,0,169,2,0,2,171
01/02/2023,SUA,FL,ASO,ES,Federal Contract Tower,0,62,138,0,200,0,2,253,0,255,0,64,391,0,455,36,0,36,491
01/03/2023,SUA,FL,ASO,ES,Federal Contract Tower,0,54,68,0,122,0,0,281,0,281,0,54,349,0,403,76,0,76,479
01/04/2023,SUA,FL,ASO,ES,Federal Contract Tower,0,29,77,0,106,0,8,279,0,287,0,37,356,0,393,192,0,192,585
01/05/2023,SUA,FL,ASO,ES,Federal Contract Tower,0,49,76,0,125,0,2,294,0,296,0,51,370,0,421,68,0,68,489
01/06/2023,SUA,FL,ASO,ES,Federal Contract Tower,0,40,73,0,113,0,12,238,0,250,0,52,311,0,363,88,0,88,451
01/07/2023,SUA,FL,ASO,ES,Federal Contract Tower,0,18,43,0,61,0,4,252,0,256,0,22,295,0,317,134,0,134,451
01/08/2023,SUA,FL,ASO,ES,Federal Contract Tower,0,32,80,0,112,0,6,193,0,199,0,38,273,0,311,30,0,30,341
01/09/2023,SUA,FL,ASO,ES,Federal Contract Tower,0,26,60,0,86,0,9,309,0,318,0,35,369,0,404,222,0,222,626
01/10/2023,SUA,FL,ASO,ES,Federal Contract Tower,0,35,62,0,97,0,8,245,0,253,0,43,307,0,350,114,0,114,464
01/11/2023,SUA,FL,ASO,ES,Federal Contract Tower,0,36,67,0,103,0,2,382,0,384,0,38,449,0,487,190,0,190,677
01/12/2023,SUA,FL,ASO,ES,Federal Contract Tower,0,37,77,0,114,0,12,314,2,328,0,49,391,2,442,62,0,62,504
01/13/2023,SUA,FL,ASO,ES,Federal Contract Tower,0,46,80,0,126,0,10,134,2,146,0,56,214,2,272,38,0,38,310
01/14/2023,SUA,FL,ASO,ES,Federal Contract Tower,0,27,77,0,104,0,6,71,0,77,0,33,148,0,181,18,0,18,199
01/15/2023,SUA,FL,ASO,ES,Federal Contract Tower,0,32,80,0,112,0,8,214,0,222,0,40,294,0,334,42,0,42,376
01/16/2023,SUA,FL,ASO,ES,Federal Contract Tower,0,63,100,0,163,0,6,348,0,354,0,69,448,0,517,112,0,112,629
01/17/2023,SUA,FL,ASO,ES,Federal Contract Tower,0,33,69,0,102,0,4,333,0,337,0,37,402,0,439,206,0,206,645
01/18/2023,SUA,FL,ASO,ES,Federal Contract Tower,0,22,73,0,95,0,1,320,0,321,0,23,393,0,416,150,0,150,566
01/19/2023,SUA,FL,ASO,ES,Federal Contract Tower,0,35,67,0,102,0,7,331,0,338,0,42,398,0,440,80,0,80,520
01/20/2023,SUA,FL,ASO,ES,Federal Contract Tower,0,41,89,0,130,0,10,339,0,349,0,51,428,0,479,94,0,94,573
01/21/2023,SUA,FL,ASO,ES,Federal Contract Tower,0,18,75,0,93,0,8,114,0,122,0,26,189,0,215,100,0,100,315
01/22/2023,SUA,FL,ASO,ES,Federal Contract Tower,0,26,71,0,97,0,12,139,0,151,0,38,210,0,248,4,0,4,252
01/23/2023,SUA,FL,ASO,ES,Federal Contract Tower,0,37,78,0,115,0,8,145,2,155,0,45,223,2,270,138,0,138,408
01/24/2023,SUA,FL,ASO,ES,Federal Contract Tower,0,36,86,0,122,0,15,297,0,312,0,51,383,0,434,108,0,108,542
01/25/2023,SUA,FL,ASO,ES,Federal Contract Tower,0,32,63,0,95,0,2,269,0,271,0,34,332,0,366,86,0,86,452
01/26/2023,SUA,FL,ASO,ES,Federal Contract Tower,0,29,85,0,114,0,16,244,0,260,0,45,329,0,374,68,0,68,442
01/27/2023,SUA,FL,ASO,ES,Federal Contract Tower,0,47,53,0,100,0,7,175,0,182,0,54,228,0,282,52,0,52,334
01/28/2023,SUA,FL,ASO,ES,Federal Contract Tower,0,35,64,0,99,0,6,88,0,94,0,41,152,0,193,86,0,86,279
01/29/2023,SUA,FL,ASO,ES,Federal Contract Tower,0,49,56,0,105,0,4,160,0,164,0,53,216,0,269,26,0,26,295
01/30/2023,SUA,FL,ASO,ES,Federal Contract Tower,0,38,71,0,109,0,4,352,0,356,0,42,423,0,465,154,0,154,619
01/31/2023,SUA,FL,ASO,ES,Federal Contract Tower,0,39,70,0,109,0,8,395,3,406,0,47,465,3,515,208,6,214,729
02/01/2023,SUA,FL,ASO,ES,Federal Contract Tower,0,37,99,0,136,0,6,497,0,503,0,43,596,0,639,110,0,110,749
02/02/2023,SUA,FL,ASO,ES,Federal Contract Tower,0,41,87,0,128,0,2,345,0,347,0,43,432,0,475,82,0,82,557
02/03/2023,SUA,FL,ASO,ES,Federal Contract Tower,0,36,59,0,95,0,2,95,0,97,0,38,154,0,192,32,0,32,224
02/04/2023,SUA,FL,ASO,ES,Federal Contract Tower,0,25,36,0,61,0,5,30,0,35,0,30,66,0,96,10,0,10,106
02/05/2023,SUA,FL,ASO,ES,Federal Contract Tower,0,47,71,0,118,0,0,11,0,11,0,47,82,0,129,0,0,0,129
02/06/2023,SUA,FL,ASO,ES,Federal Contract Tower,0,33,59,0,92,0,2,317,0,319,0,35,376,0,411,82,0,82,493
02/07/2023,SUA,FL,ASO,ES,Federal Contract Tower,0,26,75,0,101,0,2,303,0,305,0,28,378,0,406,132,0,132,538
02/08/2023,SUA,FL,ASO,ES,Federal Contract Tower,0,33,63,0,96,0,13,260,0,273,0,46,323,0,369,116,0,116,485
02/09/2023,SUA,FL,ASO,ES,Federal Contract Tower,0,40,86,0,126,0,6,155,0,161,0,46,241,0,287,76,0,76,363
02/10/2023,SUA,FL,ASO,ES,Federal Contract Tower,0,53,86,0,139,0,2,279,0,281,0,55,365,0,420,100,0,100,520
02/11/2023,SUA,FL,ASO,ES,Federal Contract Tower,0,23,56,0,79,0,4,161,0,165,0,27,217,0,244,112,15,127,371
02/12/2023,SUA,FL,ASO,ES,Federal Contract Tower,0,48,51,0,99,0,4,37,0,41,0,52,88,0,140,2,0,2,142
02/13/2023,SUA,FL,ASO,ES,Federal Contract Tower,0,41,68,0,109,0,7,308,2,317,0,48,376,2,426,122,0,122,548
02/14/2023,SUA,FL,ASO,ES,Federal Contract Tower,0,37,71,0,108,0,11,363,0,374,0,48,434,0,482,160,0,160,642
02/15/2023,SUA,FL,ASO,ES,Federal Contract Tower,0,37,90,0,127,0,4,325,0,329,0,41,415,0,456,80,0,80,536
02/16/2023,SUA,FL,ASO,ES,Federal Contract Tower,0,35,106,0,141,0,2,312,0,314,0,37,418,0,455,36,0,36,491
02/17/2023,SUA,FL,ASO,ES,Federal Contract Tower,0,56,108,0,164,0,7,276,0,283,0,63,384,0,447,40,0,40,487
02/18/2023,SUA,FL,ASO,ES,Federal Contract Tower,0,38,55,0,93,0,5,38,0,43,0,43,93,0,136,0,0,0,136
02/19/2023,SUA,FL,ASO,ES,Federal Contract Tower,0,37,74,0,111,0,11,228,0,239,0,48,302,0,350,122,0,122,472
02/20/2023,SUA,FL,ASO,ES,Federal Contract Tower,0,59,100,0,159,0,12,358,0,370,0,71,458,0,529,110,0,110,639
02/21/2023,SUA,FL,ASO,ES,Federal Contract Tower,0,40,90,0,130,0,8,362,0,370,0,48,452,0,500,152,0,152,652
02/22/2023,SUA,FL,ASO,ES,Federal Contract Tower,0,31,80,0,111,0,8,314,0,322,0,39,394,0,433,94,0,94,527
02/23/2023,SUA,FL,ASO,ES,Federal Contract Tower,0,45,104,0,149,0,6,349,0,355,0,51,453,0,504,82,0,82,586
02/24/2023,SUA,FL,ASO,ES,Federal Contract Tower,0,39,90,0,129,0,5,370,0,375,0,44,460,0,504,54,0,54,558
02/25/2023,SUA,FL,ASO,ES,Federal Contract Tower,0,23,59,0,82,0,14,153,0,167,0,37,212,0,249,44,0,44,293
02/26/2023,SUA,FL,ASO,ES,Federal Contract Tower,0,40,116,0,156,0,2,176,0,178,0,42,292,0,334,12,0,12,346
02/27/2023,SUA,FL,ASO,ES,Federal Contract Tower,0,25,86,0,111,0,12,319,0,331,0,37,405,0,442,236,0,236,678
02/28/2023,SUA,FL,ASO,ES,Federal Contract Tower,0,30,73,0,103,0,14,358,0,372,0,44,431,0,475,148,0,148,623
03/01/2023,SUA,FL,ASO,ES,Federal Contract Tower,0,46,55,0,101,0,8,313,0,321,0,54,368,0,422,104,0,104,526
03/02/2023,SUA,FL,ASO,ES,Federal Contract Tower,0,37,74,0,111,0,11,322,0,333,0,48,396,0,444,96,0,96,540
03/03/2023,SUA,FL,ASO,ES,Federal Contract Tower,0,32,51,0,83,0,17,154,0,171,0,49,205,0,254,50,0,50,304
03/04/2023,SUA,FL,ASO,ES,Federal Contract Tower,0,31,60,0,91,0,3,75,0,78,0,34,135,0,169,2,0,2,171
03/05/2023,SUA,FL,ASO,ES,Federal Contract Tower,0,47,84,0,131,0,6,215,0,221,0,53,299,0,352,40,0,40,392
03/06/2023,SUA,FL,ASO,ES,Federal Contract Tower,0,45,70,0,115,0,4,306,0,310,0,49,376,0,425,170,0,170,595
03/07/2023,SUA,FL,ASO,ES,Federal Contract Tower,0,39,50,0,89,0,8,331,1,340,0,47,381,1,429,196,0,196,625
03/08/2023,SUA,FL,ASO,ES,Federal Contract Tower,0,27,71,0,98,0,4,315,0,319,0,31,386,0,417,114,0,114,531
03/09/2023,SUA,FL,ASO,ES,Federal Contract Tower,0,53,78,0,131,0,0,345,0,345,0,53,423,0,476,98,0,98,574
03/10/2023,SUA,FL,ASO,ES,Federal Contract Tower,0,48,78,0,126,0,6,301,2,309,0,54,379,2,435,128,0,128,563
03/11/2023,SUA,FL,ASO,ES,Federal Contract Tower,0,32,74,0,106,0,4,190,1,195,0,36,264,1,301,74,0,74,375
03/12/2023,SUA,FL,ASO,ES,Federal Contract Tower,0,47,107,0,154,0,4,270,0,274,0,51,377,0,428,64,0,64,492
03/13/2023,SUA,FL,ASO,ES,Federal Contract Tower,0,43,62,0,105,0,4,102,0,106,0,47,164,0,211,34,0,34,245
03/14/2023,SUA,FL,ASO,ES,Federal Contract Tower,0,41,60,0,101,0,5,274,0,279,0,46,334,0,380,128,0,128,508
03/15/2023,SUA,FL,ASO,ES,Federal Contract Tower,0,44,60,0,104,0,3,271,0,274,0,47,331,0,378,134,0,134,512
03/16/2023,SUA,FL,ASO,ES,Federal Contract Tower,0,39,69,0,108,0,10,349,0,359,0,49,418,0,467,96,0,96,563
03/17/2023,SUA,FL,ASO,ES,Federal Contract Tower,0,47,62,0,109,0,7,224,0,231,0,54,286,0,340,136,0,136,476
03/18/2023,SUA,FL,ASO,ES,Federal Contract Tower,0,30,59,0,89,0,9,95,2,106,0,39,154,2,195,24,0,24,219
03/19/2023,SUA,FL,ASO,ES,Federal Contract Tower,0,50,101,0,151,0,2,14,0,16,0,52,115,0,167,0,0,0,167
03/20/2023,SUA,FL,ASO,ES,Federal Contract Tower,0,28,48,0,76,0,2,143,0,145,0,30,191,0,221,80,0,80,301
03/21/2023,SUA,FL,ASO,ES,Federal Contract Tower,0,38,67,0,105,0,4,326,0,330,0,42,393,0,435,148,0,148,583
03/22/2023,SUA,FL,ASO,ES,Federal Contract Tower,0,45,62,0,107,0,4,308,0,312,0,49,370,0,419,108,0,108,527
03/23/2023,SUA,FL,ASO,ES,Federal Contract Tower,0,34,82,3,119,0,8,345,4,357,0,42,427,7,476,116,0,116,592
03/24/2023,SUA,FL,ASO,ES,Federal Contract Tower,0,48,90,0,138,0,6,305,0,311,0,54,395,0,449,108,0,108,557
03/25/2023,SUA,FL,ASO,ES,Federal Contract Tower,0,21,46,0,67,0,6,124,0,130,0,27,170,0,197,74,0,74,271
03/26/2023,SUA,FL,ASO,ES,Federal Contract Tower,0,45,82,0,127,0,0,139,0,139,0,45,221,0,266,26,0,26,292
03/27/2023,SUA,FL,ASO,ES,Federal Contract Tower,0,53,68,0,121,0,6,216,0,222,0,59,284,0,343,226,0,226,569
03/28/2023,SUA,FL,ASO,ES,Federal Contract Tower,0,49,82,0,131,0,22,288,2,312,0,71,370,2,443,48,0,48,491
03/29/2023,SUA,FL,ASO,ES,Federal Contract Tower,0,46,95,0,141,0,3,278,0,281,0,49,373,0,422,62,0,62,484
03/30/2023,SUA,FL,ASO,ES,Federal Contract Tower,0,43,114,2,159,0,8,246,0,254,0,51,360,2,413,54,0,54,467
03/31/2023,SUA,FL,ASO,ES,Federal Contract Tower,0,37,75,0,112,0,3,193,0,196,0,40,268,0,308,36,0,36,344
04/01/2023,SUA,FL,ASO,ES,Federal Contract Tower,0,37,43,0,80,0,9,124,0,133,0,46,167,0,213,34,0,34,247
04/02/2023,SUA,FL,ASO,ES,Federal Contract Tower,0,70,94,0,164,0,4,92,0,96,0,74,186,0,260,26,0,26,286
04/03/2023,SUA,FL,ASO,ES,Federal Contract Tower,0,45,71,0,116,0,3,180,0,183,0,48,251,0,299,136,0,136,435
04/04/2023,SUA,FL,ASO,ES,Federal Contract Tower,0,41,58,0,99,0,15,245,0,260,0,56,303,0,359,122,0,122,481
04/05/2023,SUA,FL,ASO,ES,Federal Contract Tower,0,42,90,0,132,0,8,330,0,338,0,50,420,0,470,70,0,70,540
04/06/2023,SUA,FL,ASO,ES,Federal Contract Tower,0,52,102,2,156,0,9,269,2,280,0,61,371,4,436,84,0,84,520
04/07/2023,SUA,FL,ASO,ES,Federal Contract Tower,0,62,85,0,147,0,4,269,0,273,0,66,354,0,420,66,0,66,486
04/08/2023,SUA,FL,ASO,ES,Federal Contract Tower,0,38,64,0,102,0,5,171,3,179,0,43,235,3,281,50,0,50,331
04/09/2023,SUA,FL,ASO,ES,Federal Contract Tower,0,48,60,0,108,0,4,59,0,63,0,52,119,0,171,2,0,2,173
04/10/2023,SUA,FL,ASO,ES,Federal Contract Tower,0,55,112,0,167,0,2,19,0,21,0,57,131,0,188,8,0,8,196
04/11/2023,SUA,FL,ASO,ES,Federal Contract Tower,0,37,43,0,80,0,6,17,0,23,0,43,60,0,103,2,0,2,105
04/12/2023,SUA,FL,ASO,ES,Federal Contract Tower,0,31,54,0,85,0,0,13,0,13,0,31,67,0,98,4,0,4,102
04/13/2023,SUA,FL,ASO,ES,Federal Contract Tower,0,45,69,0,114,0,10,151,0,161,0,55,220,0,275,16,0,16,291
04/14/2023,SUA,FL,ASO,ES,Federal Contract Tower,0,39,86,0,125,0,11,227,0,238,0,50,313,0,363,36,0,36,399
04/15/2023,SUA,FL,ASO,ES,Federal Contract Tower,0,44,53,0,97,0,0,201,0,201,0,44,254,0,298,20,0,20,318
04/16/2023,SUA,FL,ASO,ES,Federal Contract Tower,0,39,78,0,117,0,0,117,0,117,0,39,195,0,234,12,0,12,246
04/17/2023,SUA,FL,ASO,ES,Federal Contract Tower,0,39,93,0,132,0,5,52,0,57,0,44,145,0,189,38,0,38,227
04/18/2023,SUA,FL,ASO,ES,Federal Contract Tower,0,31,69,0,100,0,14,364,0,378,0,45,433,0,478,66,0,66,544
04/19/2023,SUA,FL,ASO,ES,Federal Contract Tower,0,36,70,0,106,0,11,285,2,298,0,47,355,2,404,24,0,24,428
04/20/2023,SUA,FL,ASO,ES,Federal Contract Tower,0,47,68,0,115,0,18,249,4,271,0,65,317,4,386,4,0,4,390
04/21/2023,SUA,FL,ASO,ES,Federal Contract Tower,0,47,76,0,123,0,12,259,0,271,0,59,335,0,394,40,0,40,434
04/22/2023,SUA,FL,ASO,ES,Federal Contract Tower,0,38,56,0,94,0,4,168,0,172,0,42,224,0,266,14,0,14,280
04/23/2023,SUA,FL,ASO,ES,Federal Contract Tower,0,44,82,0,126,0,4,147,3,154,0,48,229,3,280,22,0,22,302
04/24/2023,SUA,FL,ASO,ES,Federal Contract Tower,0,34,70,0,104,0,4,124,0,128,0,38,194,0,232,54,0,54,286
04/25/2023,SUA,FL,ASO,ES,Federal Contract Tower,0,42,57,0,99,0,10,167,0,177,0,52,224,0,276,22,0,22,298
04/26/2023,SUA,FL,ASO,ES,Federal Contract Tower,0,42,59,0,101,0,4,270,2,276,0,46,329,2,377,24,2,26,403
04/27/2023,SUA,FL,ASO,ES,Federal Contract Tower,0,43,74,0,117,0,2,273,1,276,0,45,347,1,393,12,0,12,405
04/28/2023,SUA,FL,ASO,ES,Federal Contract Tower,0,36,49,0,85,0,9,230,0,239,0,45,279,0,324,48,0,48,372
04/29/2023,SUA,FL,ASO,ES,Federal Contract Tower,0,25,48,0,73,0,19,129,0,148,0,44,177,0,221,12,0,12,233
04/30/2023,SUA,FL,ASO,ES,Federal Contract Tower,0,43,47,0,90,0,2,16,0,18,0,45,63,0,108,2,0,2,110
05/01/2023,SUA,FL,ASO,ES,Federal Contract Tower,0,38,58,0,96,0,8,295,0,303,0,46,353,0,399,146,0,146,545
05/02/2023,SUA,FL,ASO,ES,Federal Contract Tower,0,20,65,0,85,0,6,319,0,325,0,26,384,0,410,78,0,78,488
05/03/2023,SUA,FL,ASO,ES,Federal Contract Tower,0,34,73,0,107,0,10,277,0,287,0,44,350,0,394,66,0,66,460
05/04/2023,SUA,FL,ASO,ES,Federal Contract Tower,0,39,81,0,120,0,16,310,0,326,0,55,391,0,446,34,0,34,480
05/05/2023,SUA,FL,ASO,ES,Federal Contract Tower,0,20,60,0,80,0,4,240,0,244,0,24,300,0,324,56,0,56,380
05/06/2023,SUA,FL,ASO,ES,Federal Contract Tower,0,26,48,0,74,0,1,188,0,189,0,27,236,0,263,6,0,6,269
05/07/2023,SUA,FL,ASO,ES,Federal Contract Tower,0,39,59,0,98,0,6,86,0,92,0,45,145,0,190,0,0,0,190
05/08/2023,SUA,FL,ASO,ES,Federal Contract Tower,0,32,66,0,98,0,3,260,0,263,0,35,326,0,361,78,0,78,439
05/09/2023,SUA,FL,ASO,ES,Federal Contract Tower,0,28,64,0,92,0,0,301,0,301,0,28,365,0,393,62,0,62,455
05/10/2023,SUA,FL,ASO,ES,Federal Contract Tower,0,49,62,0,111,0,2,267,0,269,0,51,329,0,380,36,0,36,416
05/11/2023,SUA,FL,ASO,ES,Federal Contract Tower,0,40,51,0,91,0,4,246,0,250,0,44,297,0,341,52,0,52,393
05/12/2023,SUA,FL,ASO,ES,Federal Contract Tower,0,40,65,0,105,0,12,174,0,186,0,52,239,0,291,16,0,16,307
05/13/2023,SUA,FL,ASO,ES,Federal Contract Tower,0,33,45,0,78,0,15,157,0,172,0,48,202,0,250,72,0,72,322
05/14/2023,SUA,FL,ASO,ES,Federal Contract Tower,0,25,44,0,69,0,10,127,0,137,0,35,171,0,206,6,0,6,212
05/15/2023,SUA,FL,ASO,ES,Federal Contract Tower,0,37,43,0,80,0,5,244,0,249,0,42,287,0,329,112,0,112,441
05/16/2023,SUA,FL,ASO,ES,Federal Contract Tower,0,41,58,0,99,0,14,258,0,272,0,55,316,0,371,52,0,52,423
05/17/2023,SUA,FL,ASO,ES,Federal Contract Tower,0,32,56,4,92,0,6,184,0,190,0,38,240,4,282,28,0,28,310
05/18/2023,SUA,FL,ASO,ES,Federal Contract Tower,0,24,64,0,88,0,8,212,0,220,0,32,276,0,308,32,0,32,340
05/19/2023,SUA,FL,ASO,ES,Federal Contract Tower,0,30,65,0,95,0,10,237,0,247,0,40,302,0,342,64,0,64,406
05/20/2023,SUA,FL,ASO,ES,Federal Contract Tower,0,32,52,0,84,0,10,132,0,142,0,42,184,0,226,22,0,22,248
05/21/2023,SUA,FL,ASO,ES,Federal Contract Tower,0,35,57,0,92,0,3,148,0,151,0,38,205,0,243,4,0,4,247
05/22/2023,SUA,FL,ASO,ES,Federal Contract Tower,0,31,40,0,71,0,29,196,0,225,0,60,236,0,296,68,0,68,364
05/23/2023,SUA,FL,ASO,ES,Federal Contract Tower,0,26,58,0,84,0,3,158,0,161,0,29,216,0,245,48,0,48,293
05/24/2023,SUA,FL,ASO,ES,Federal Contract Tower,0,26,54,0,80,0,4,112,0,116,0,30,166,0,196,10,0,10,206
05/25/2023,SUA,FL,ASO,ES,Federal Contract Tower,0,39,65,0,104,0,4,202,6,212,0,43,267,6,316,54,0,54,370
05/26/2023,SUA,FL,ASO,ES,Federal Contract Tower,0,25,58,0,83,0,0,140,0,140,0,25,198,0,223,26,0,26,249
05/27/2023,SUA,FL,ASO,ES,Federal Contract Tower,0,21,42,0,63,0,11,132,0,143,0,32,174,0,206,30,0,30,236
05/28/2023,SUA,FL,ASO,ES,Federal Contract Tower,0,3,33,7,43,0,4,101,0,105,0,7,134,7,148,30,0,30,178
05/29/2023,SUA,FL,ASO,ES,Federal Contract Tower,0,13,61,0,74,0,12,158,2,172,0,25,219,2,246,28,0,28,274
05/30/2023,SUA,FL,ASO,ES,Federal Contract Tower,0,26,54,0,80,0,6,293,0,299,0,32,347,0,379,22,0,22,401
05/31/2023,SUA,FL,ASO,ES,Federal Contract Tower,0,40,57,0,97,0,6,187,0,193,0,46,244,0,290,56,0,56,346
06/01/2023,SUA,FL,ASO,ES,Federal Contract Tower,0,26,51,0,77,0,6,200,0,206,0,32,251,0,283,20,0,20,303
06/02/2023,SUA,FL,ASO,ES,Federal Contract Tower,0,22,54,0,76,0,2,191,0,193,0,24,245,0,269,0,46,46,315
06/03/2023,SUA,FL,ASO,ES,Federal Contract Tower,0,13,56,0,69,0,2,137,0,139,0,15,193,0,208,46,0,46,254
06/04/2023,SUA,FL,ASO,ES,Federal Contract Tower,0,27,44,0,71,0,2,83,0,85,0,29,127,0,156,14,0,14,170
06/05/2023,SUA,FL,ASO,ES,Federal Contract Tower,0,20,50,0,70,0,2,174,0,176,0,22,224,0,246,16,0,16,262
06/06/2023,SUA,FL,ASO,ES,Federal Contract Tower,0,27,66,0,93,0,13,347,0,360,0,40,413,0,453,84,0,84,537
06/07/2023,SUA,FL,ASO,ES,Federal Contract Tower,0,12,45,0,57,0,85,294,0,379,0,97,339,0,436,22,0,22,458
06/08/2023,SUA,FL,ASO,ES,Federal Contract Tower,0,19,72,0,91,0,22,225,0,247,0,41,297,0,338,20,0,20,358
06/09/2023,SUA,FL,ASO,ES,Federal Contract Tower,0,22,49,0,71,0,21,140,0,161,0,43,189,0,232,0,0,0,232
06/10/2023,SUA,FL,ASO,ES,Federal Contract Tower,0,25,35,0,60,0,1,171,0,172,0,26,206,0,232,22,0,22,254
06/11/2023,SUA,FL,ASO,ES,Federal Contract Tower,0,24,66,0,90,0,0,190,0,190,0,24,256,0,280,4,0,4,284
06/12/2023,SUA,FL,ASO,ES,Federal Contract Tower,0,12,55,0,67,0,2,274,0,276,0,14,329,0,343,44,0,44,387
06/13/2023,SUA,FL,ASO,ES,Federal Contract Tower,0,10,42,0,52,0,10,222,0,232,0,20,264,0,284,16,0,16,300
06/14/2023,SUA,FL,ASO,ES,Federal Contract Tower,0,17,42,0,59,0,4,297,0,301,0,21,339,0,360,30,0,30,390
06/15/2023,SUA,FL,ASO,ES,Federal Contract Tower,0,25,47,0,72,0,6,224,0,230,0,31,271,0,302,82,0,82,384
06/16/2023,SUA,FL,ASO,ES,Federal Contract Tower,0,11,37,0,48,0,2,128,0,130,0,13,165,0,178,52,0,52,230
06/17/2023,SUA,FL,ASO,ES,Federal Contract Tower,0,15,25,0,40,0,7,63,0,70,0,22,88,0,110,22,0,22,132
06/18/2023,SUA,FL,ASO,ES,Federal Contract Tower,0,9,34,0,43,0,4,50,0,54,0,13,84,0,97,4,0,4,101
06/19/2023,SUA,FL,ASO,ES,Federal Contract Tower,0,17,46,0,63,0,2,265,0,267,0,19,311,0,330,52,0,52,382
06/20/2023,SUA,FL,ASO,ES,Federal Contract Tower,0,10,40,0,50,0,4,192,0,196,0,14,232,0,246,40,0,40,286
06/21/2023,SUA,FL,ASO,ES,Federal Contract Tower,0,16,56,0,72,0,4,215,0,219,0,20,271,0,291,44,0,44,335
06/22/2023,SUA,FL,ASO,ES,Federal Contract Tower,0,5,46,0,51,0,6,209,0,215,0,11,255,0,266,30,0,30,296
06/23/2023,SUA,FL,ASO,ES,Federal Contract Tower,0,18,63,0,81,0,4,204,0,208,0,22,267,0,289,48,0,48,337
06/24/2023,SUA,FL,ASO,ES,Federal Contract Tower,0,17,44,0,61,0,2,117,0,119,0,19,161,0,180,12,0,12,192
06/25/2023,SUA,FL,ASO,ES,Federal Contract Tower,0,5,40,0,45,0,4,89,0,93,0,9,129,0,138,2,0,2,140
06/26/2023,SUA,FL,ASO,ES,Federal Contract Tower,0,18,41,0,59,0,2,227,2,231,0,20,268,2,290,42,0,42,332
06/27/2023,SUA,FL,ASO,ES,Federal Contract Tower,0,9,49,0,58,0,6,272,0,278,0,15,321,0,336,46,0,46,382
06/28/2023,SUA,FL,ASO,ES,Federal Contract Tower,0,17,49,0,66,0,28,218,0,246,0,45,267,0,312,28,0,28,340
06/29/2023,SUA,FL,ASO,ES,Federal Contract Tower,0,14,60,0,74,0,2,247,0,249,0,16,307,0,323,68,0,68,391
06/30/2023,SUA,FL,ASO,ES,Federal Contract Tower,0,22,67,0,89,0,20,206,0,226,0,42,273,0,315,50,0,50,365
07/01/2023,SUA,FL,ASO,ES,Federal Contract Tower,0,12,37,0,49,0,6,125,0,131,0,18,162,0,180,16,0,16,196
07/02/2023,SUA,FL,ASO,ES,Federal Contract Tower,0,10,24,0,34,0,2,112,0,114,0,12,136,0,148,4,0,4,152
07/03/2023,SUA,FL,ASO,ES,Federal Contract Tower,0,5,28,0,33,0,0,184,0,184,0,5,212,0,217,26,0,26,243
07/04/2023,SUA,FL,ASO,ES,Federal Contract Tower,0,2,20,0,22,0,7,207,0,214,0,9,227,0,236,10,0,10,246
07/05/2023,SUA,FL,ASO,ES,Federal Contract Tower,0,10,54,0,64,0,4,190,0,194,0,14,244,0,258,78,0,78,336
07/06/2023,SUA,FL,ASO,ES,Federal Contract Tower,0,27,40,0,67,0,10,177,0,187,0,37,217,0,254,82,0,82,336
07/07/2023,SUA,FL,ASO,ES,Federal Contract Tower,0,11,55,0,66,0,2,162,0,164,0,13,217,0,230,66,0,66,296
07/08/2023,SUA,FL,ASO,ES,Federal Contract Tower,0,13,46,0,59,0,2,112,0,114,0,15,158,0,173,14,0,14,187
07/09/2023,SUA,FL,ASO,ES,Federal Contract Tower,0,8,43,0,51,0,2,91,0,93,0,10,134,0,144,8,0,8,152
07/10/2023,SUA,FL,ASO,ES,Federal Contract Tower,0,13,27,0,40,0,4,231,0,235,0,17,258,0,275,118,0,118,393
07/11/2023,SUA,FL,ASO,ES,Federal Contract Tower,0,15,41,0,56,0,4,248,0,252,0,19,289,0,308,100,0,100,408
07/12/2023,SUA,FL,ASO,ES,Federal Contract Tower,0,8,42,0,50,0,4,240,0,244,0,12,282,0,294,98,0,98,392
07/13/2023,SUA,FL,ASO,ES,Federal Contract Tower,0,8,44,0,52,0,4,169,0,173,0,12,213,0,225,66,0,66,291
07/14/2023,SUA,FL,ASO,ES,Federal Contract Tower,0,18,57,0,75,0,8,151,0,159,0,26,208,0,234,78,0,78,312
07/15/2023,SUA,FL,ASO,ES,Federal Contract Tower,0,11,23,0,34,0,4,116,2,122,0,15,139,2,156,28,0,28,184
07/16/2023,SUA,FL,ASO,ES,Federal Contract Tower,0,11,29,0,40,0,2,101,0,103,0,13,130,0,143,14,0,14,157
07/17/2023,SUA,FL,ASO,ES,Federal Contract Tower,0,24,32,0,56,0,0,96,0,96,0,24,128,0,152,58,0,58,210
07/18/2023,SUA,FL,ASO,ES,Federal Contract Tower,0,9,38,0,47,0,7,207,0,214,0,16,245,0,261,70,0,70,331
07/19/2023,SUA,FL,ASO,ES,Federal Contract Tower,0,11,35,0,46,0,2,233,0,235,0,13,268,0,281,82,0,82,363
07/20/2023,SUA,FL,ASO,ES,Federal Contract Tower,0,9,35,0,44,0,4,192,0,196,0,13,227,0,240,46,0,46,286
07/21/2023,SUA,FL,ASO,ES,Federal Contract Tower,0,8,33,0,41,0,8,233,0,241,0,16,266,0,282,70,0,70,352
07/22/2023,SUA,FL,ASO,ES,Federal Contract Tower,0,7,40,0,47,0,2,127,0,129,0,9,167,0,176,18,0,18,194
07/23/2023,SUA,FL,ASO,ES,Federal Contract Tower,0,7,36,0,43,0,0,148,0,148,0,7,184,0,191,8,0,8,199
07/24/2023,SUA,FL,ASO,ES,Federal Contract Tower,0,14,44,0,58,0,15,229,0,244,0,29,273,0,302,22,0,22,324
07/25/2023,SUA,FL,ASO,ES,Federal Contract Tower,0,7,30,0,37,0,2,169,0,171,0,9,199,0,208,24,0,24,232
07/26/2023,SUA,FL,ASO,ES,Federal Contract Tower,0,13,41,0,54,0,18,224,0,242,0,31,265,0,296,100,0,100,396
07/27/2023,SUA,FL,ASO,ES,Federal Contract Tower,0,16,30,0,46,0,0,103,0,103,0,16,133,0,149,44,0,44,193
07/28/2023,SUA,FL,ASO,ES,Federal Contract Tower,0,12,35,0,47,0,2,140,0,142,0,14,175,0,189,46,0,46,235
07/29/2023,SUA,FL,ASO,ES,Federal Contract Tower,0,23,38,0,61,0,4,121,0,125,0,27,159,0,186,2,0,2,188
07/30/2023,SUA,FL,ASO,ES,Federal Contract Tower,0,20,39,0,59,0,2,115,0,117,0,22,154,0,176,0,0,0,176
07/31/2023,SUA,FL,ASO,ES,Federal Contract Tower,0,18,35,0,53,0,4,156,0,160,0,22,191,0,213,30,0,30,243
08/01/2023,SUA,FL,ASO,ES,Federal Contract Tower,0,17,41,0,58,0,0,238,0,238,0,17,279,0,296,60,0,60,356
08/02/2023,SUA,FL,ASO,ES,Federal Contract Tower,0,19,42,0,61,0,6,240,0,246,0,25,282,0,307,54,0,54,361
08/03/2023,SUA,FL,ASO,ES,Federal Contract Tower,0,8,48,0,56,0,6,189,0,195,0,14,237,0,251,36,0,36,287
08/04/2023,SUA,FL,ASO,ES,Federal Contract Tower,0,5,29,0,34,0,4,167,0,171,0,9,196,0,205,44,0,44,249
08/05/2023,SUA,FL,ASO,ES,Federal Contract Tower,0,2,32,0,34,0,0,99,0,99,0,2,131,0,133,18,0,18,151
08/06/2023,SUA,FL,ASO,ES,Federal Contract Tower,0,15,46,0,61,0,0,89,0,89,0,15,135,0,150,2,0,2,152
08/07/2023,SUA,FL,ASO,ES,Federal Contract Tower,0,10,41,0,51,0,4,167,0,171,0,14,208,0,222,14,0,14,236
08/08/2023,SUA,FL,ASO,ES,Federal Contract Tower,0,10,25,0,35,0,9,165,0,174,0,19,190,0,209,96,0,96,305
08/09/2023,SUA,FL,ASO,ES,Federal Contract Tower,0,15,54,0,69,0,8,203,0,211,0,23,257,0,280,66,0,66,346
08/10/2023,SUA,FL,ASO,ES,Federal Contract Tower,0,11,50,0,61,0,11,169,0,180,0,22,219,0,241,80,0,80,321
08/11/2023,SUA,FL,ASO,ES,Federal Contract Tower,0,14,40,0,54,0,18,180,0,198,0,32,220,0,252,60,0,60,312
08/12/2023,SUA,FL,ASO,ES,Federal Contract Tower,0,10,28,0,38,0,4,141,0,145,0,14,169,0,183,32,0,32,215
08/13/2023,SUA,FL,ASO,ES,Federal Contract Tower,0,9,34,0,43,0,0,67,0,67,0,9,101,0,110,6,0,6,116
08/14/2023,SUA,FL,ASO,ES,Federal Contract Tower,0,22,43,0,65,0,4,178,0,182,0,26,221,0,247,50,0,50,297
08/15/2023,SUA,FL,ASO,ES,Federal Contract Tower,0,14,36,0,50,0,0,209,0,209,0,14,245,0,259,124,0,124,383
08/16/2023,SUA,FL,ASO,ES,Federal Contract Tower,0,12,44,0,56,0,8,118,0,126,0,20,162,0,182,42,0,42,224
08/17/2023,SUA,FL,ASO,ES,Federal Contract Tower,0,14,61,0,75,0,2,148,0,150,0,16,209,0,225,56,0,56,281
08/18/2023,SUA,FL,ASO,ES,Federal Contract Tower,0,8,47,0,55,0,3,197,0,200,0,11,244,0,255,88,0,88,343
08/19/2023,SUA,FL,ASO,ES,Federal Contract Tower,0,11,32,0,43,0,2,92,0,94,0,13,124,0,137,28,0,28,165
08/20/2023,SUA,FL,ASO,ES,Federal Contract Tower,0,13,31,0,44,0,2,36,0,38,0,15,67,0,82,0,0,0,82
08/21/2023,SUA,FL,ASO,ES,Federal Contract Tower,0,11,41,0,52,0,6,146,0,152,0,17,187,0,204,44,0,44,248
08/22/2023,SUA,FL,ASO,ES,Federal Contract Tower,0,7,35,0,42,0,2,197,0,199,0,9,232,0,241,92,0,92,333
08/23/2023,SUA,FL,ASO,ES,Federal Contract Tower,0,11,50,0,61,0,6,273,0,279,0,17,323,0,340,50,0,50,390
08/24/2023,SUA,FL,ASO,ES,Federal Contract Tower,0,10,52,0,62,0,1,178,0,179,0,11,230,0,241,56,0,56,297
08/25/2023,SUA,FL,ASO,ES,Federal Contract Tower,0,14,41,0,55,0,2,183,0,185,0,16,224,0,240,82,0,82,322
08/26/2023,SUA,FL,ASO,ES,Federal Contract Tower,0,4,30,0,34,0,2,106,0,108,0,6,136,0,142,16,0,16,158
08/27/2023,SUA,FL,ASO,ES,Federal Contract Tower,0,10,26,0,36,0,5,79,2,86,0,15,105,2,122,0,0,0,122
08/28/2023,SUA,FL,ASO,ES,Federal Contract Tower,0,19,37,0,56,0,1,126,0,127,0,20,163,0,183,48,0,48,231
08/29/2023,SUA,FL,ASO,ES,Federal Contract Tower,0,14,32,0,46,0,0,0,0,0,0,14,32,0,46,70,0,70,116
08/30/2023,SUA,FL,ASO,ES,Federal Contract Tower,0,5,8,0,13,0,4,8,0,12,0,9,16,0,25,2,0,2,27
08/31/2023,SUA,FL,ASO,ES,Federal Contract Tower,0,29,54,0,83,0,6,118,0,124,0,35,172,0,207,42,0,42,249
