01/01/2020,SWF,NY,AEA,EN,Federal Contract Tower,4,14,3,0,21,0,2,10,2,14,4,16,13,2,35,12,0,12,47
01/02/2020,SWF,NY,AEA,EN,Federal Contract Tower,16,11,11,0,38,0,3,27,0,30,16,14,38,0,68,32,0,32,100
01/03/2020,SWF,NY,AEA,EN,Federal Contract Tower,17,15,7,1,40,0,0,0,0,0,17,15,7,1,40,0,0,0,40
01/04/2020,SWF,NY,AEA,EN,Federal Contract Tower,7,14,18,0,39,0,0,0,0,0,7,14,18,0,39,0,0,0,39
01/05/2020,SWF,NY,AEA,EN,Federal Contract Tower,6,15,7,0,28,0,1,2,0,3,6,16,9,0,31,0,0,0,31
01/06/2020,SWF,NY,AEA,EN,Federal Contract Tower,8,13,12,3,36,0,0,27,0,27,8,13,39,3,63,12,0,12,75
01/07/2020,SWF,NY,AEA,EN,Federal Contract Tower,14,18,11,2,45,0,2,33,2,37,14,20,44,4,82,0,0,0,82
01/08/2020,SWF,NY,AEA,EN,Federal Contract Tower,10,21,8,7,46,0,2,3,2,7,10,23,11,9,53,8,18,26,79
01/09/2020,SWF,NY,AEA,EN,Federal Contract Tower,12,19,17,6,54,0,7,66,14,87,12,26,83,20,141,32,18,50,191
01/10/2020,SWF,NY,AEA,EN,Federal Contract Tower,12,13,15,5,45,0,2,20,10,32,12,15,35,15,77,0,42,42,119
01/11/2020,SWF,NY,AEA,EN,Federal Contract Tower,6,7,7,2,22,0,1,0,0,1,6,8,7,2,23,0,0,0,23
01/12/2020,SWF,NY,AEA,EN,Federal Contract Tower,6,10,11,2,29,0,2,1,2,5,6,12,12,4,34,0,0,0,34
01/13/2020,SWF,NY,AEA,EN,Federal Contract Tower,7,19,11,0,37,0,0,5,0,5,7,19,16,0,42,8,0,8,50
01/14/2020,SWF,NY,AEA,EN,Federal Contract Tower,13,10,23,1,47,0,0,70,2,72,13,10,93,3,119,6,8,14,133
01/15/2020,SWF,NY,AEA,EN,Federal Contract Tower,11,15,24,9,59,0,4,53,9,66,11,19,77,18,125,38,12,50,175
01/16/2020,SWF,NY,AEA,EN,Federal Contract Tower,12,23,3,6,44,0,0,0,7,7,12,23,3,13,51,0,0,0,51
01/17/2020,SWF,NY,AEA,EN,Federal Contract Tower,12,17,13,4,46,0,2,8,4,14,12,19,21,8,60,2,2,4,64
01/18/2020,SWF,NY,AEA,EN,Federal Contract Tower,7,8,6,0,21,0,0,3,0,3,7,8,9,0,24,0,0,0,24
01/19/2020,SWF,NY,AEA,EN,Federal Contract Tower,5,14,11,0,30,0,2,12,0,14,5,16,23,0,44,24,0,24,68
01/20/2020,SWF,NY,AEA,EN,Federal Contract Tower,7,11,11,0,29,0,1,21,2,24,7,12,32,2,53,28,14,42,95
01/21/2020,SWF,NY,AEA,EN,Federal Contract Tower,9,13,20,4,46,0,0,33,5,38,9,13,53,9,84,24,20,44,128
01/22/2020,SWF,NY,AEA,EN,Federal Contract Tower,9,12,10,10,41,0,10,48,8,66,9,22,58,18,107,22,34,56,163
01/23/2020,SWF,NY,AEA,EN,Federal Contract Tower,13,18,25,7,63,0,4,71,19,94,13,22,96,26,157,22,34,56,213
01/24/2020,SWF,NY,AEA,EN,Federal Contract Tower,13,12,12,2,39,0,0,46,1,47,13,12,58,3,86,0,0,0,86
01/25/2020,SWF,NY,AEA,EN,Federal Contract Tower,7,10,4,0,21,0,0,0,0,0,7,10,4,0,21,0,0,0,21
01/26/2020,SWF,NY,AEA,EN,Federal Contract Tower,6,14,19,3,42,0,0,39,4,43,6,14,58,7,85,52,22,74,159
01/27/2020,SWF,NY,AEA,EN,Federal Contract Tower,7,15,15,6,43,0,0,28,0,28,7,15,43,6,71,28,0,28,99
01/28/2020,SWF,NY,AEA,EN,Federal Contract Tower,9,16,17,3,45,0,0,28,4,32,9,16,45,7,77,0,18,18,95
01/29/2020,SWF,NY,AEA,EN,Federal Contract Tower,10,10,17,14,51,0,6,62,21,89,10,16,79,35,140,50,34,84,224
01/30/2020,SWF,NY,AEA,EN,Federal Contract Tower,13,14,13,7,47,0,3,46,6,55,13,17,59,13,102,4,28,32,134
01/31/2020,SWF,NY,AEA,EN,Federal Contract Tower,12,15,11,4,42,0,5,62,4,71,12,20,73,8,113,18,0,18,131
02/01/2020,SWF,NY,AEA,EN,Federal Contract Tower,7,10,6,4,27,0,0,0,0,0,7,10,6,4,27,0,0,0,27
02/02/2020,SWF,NY,AEA,EN,Federal Contract Tower,6,20,3,0,29,0,0,17,0,17,6,20,20,0,46,0,0,0,46
02/03/2020,SWF,NY,AEA,EN,Federal Contract Tower,7,9,26,7,49,0,0,80,2,82,7,9,106,9,131,16,0,16,147
02/04/2020,SWF,NY,AEA,EN,Federal Contract Tower,11,8,10,5,34,0,4,24,2,30,11,12,34,7,64,10,8,18,82
02/05/2020,SWF,NY,AEA,EN,Federal Contract Tower,11,13,15,8,47,0,2,71,17,90,11,15,86,25,137,10,28,38,175
02/06/2020,SWF,NY,AEA,EN,Federal Contract Tower,14,11,5,1,31,0,0,0,0,0,14,11,5,1,31,0,0,0,31
02/07/2020,SWF,NY,AEA,EN,Federal Contract Tower,12,19,6,2,39,0,0,0,0,0,12,19,6,2,39,0,0,0,39
02/08/2020,SWF,NY,AEA,EN,Federal Contract Tower,7,11,10,3,31,0,0,2,0,2,7,11,12,3,33,22,0,22,55
02/09/2020,SWF,NY,AEA,EN,Federal Contract Tower,8,21,11,6,46,0,0,18,1,19,8,21,29,7,65,26,30,56,121
02/10/2020,SWF,NY,AEA,EN,Federal Contract Tower,7,9,5,1,22,0,0,1,0,1,7,9,6,1,23,0,0,0,23
02/11/2020,SWF,NY,AEA,EN,Federal Contract Tower,11,10,9,4,34,0,2,4,6,12,11,12,13,10,46,12,14,26,72
02/12/2020,SWF,NY,AEA,EN,Federal Contract Tower,14,12,21,12,59,0,6,71,20,97,14,18,92,32,156,20,18,38,194
02/13/2020,SWF,NY,AEA,EN,Federal Contract Tower,12,12,6,9,39,0,0,2,7,9,12,12,8,16,48,0,4,4,52
02/14/2020,SWF,NY,AEA,EN,Federal Contract Tower,16,14,14,6,50,0,3,36,4,43,16,17,50,10,93,38,2,40,133
02/15/2020,SWF,NY,AEA,EN,Federal Contract Tower,7,10,7,0,24,0,2,5,0,7,7,12,12,0,31,4,0,4,35
02/16/2020,SWF,NY,AEA,EN,Federal Contract Tower,7,7,4,0,18,0,0,13,0,13,7,7,17,0,31,12,0,12,43
02/17/2020,SWF,NY,AEA,EN,Federal Contract Tower,9,9,14,2,34,0,0,32,1,33,9,9,46,3,67,60,0,60,127
02/18/2020,SWF,NY,AEA,EN,Federal Contract Tower,10,9,10,9,38,0,0,0,0,0,10,9,10,9,38,0,0,0,38
02/19/2020,SWF,NY,AEA,EN,Federal Contract Tower,13,14,17,9,53,0,4,35,1,40,13,18,52,10,93,10,20,30,123
02/20/2020,SWF,NY,AEA,EN,Federal Contract Tower,12,13,18,5,48,0,7,64,11,82,12,20,82,16,130,38,28,66,196
02/21/2020,SWF,NY,AEA,EN,Federal Contract Tower,14,10,16,5,45,0,3,40,0,43,14,13,56,5,88,10,4,14,102
02/22/2020,SWF,NY,AEA,EN,Federal Contract Tower,6,11,15,4,36,0,1,45,2,48,6,12,60,6,84,44,14,58,142
02/23/2020,SWF,NY,AEA,EN,Federal Contract Tower,7,9,13,5,34,0,0,0,0,0,7,9,13,5,34,62,10,72,106
02/24/2020,SWF,NY,AEA,EN,Federal Contract Tower,10,12,14,1,37,0,0,7,0,7,10,12,21,1,44,4,0,4,48
02/25/2020,SWF,NY,AEA,EN,Federal Contract Tower,12,12,7,4,35,0,2,27,4,33,12,14,34,8,68,0,10,10,78
02/26/2020,SWF,NY,AEA,EN,Federal Contract Tower,9,14,11,13,47,4,0,1,0,5,13,14,12,13,52,0,0,0,52
02/27/2020,SWF,NY,AEA,EN,Federal Contract Tower,12,16,8,2,38,0,0,1,0,1,12,16,9,2,39,2,0,2,41
02/28/2020,SWF,NY,AEA,EN,Federal Contract Tower,16,21,17,2,56,0,0,30,2,32,16,21,47,4,88,0,2,2,90
02/29/2020,SWF,NY,AEA,EN,Federal Contract Tower,8,8,12,1,29,0,4,19,0,23,8,12,31,1,52,26,0,26,78
03/01/2020,SWF,NY,AEA,EN,Federal Contract Tower,6,13,23,1,43,0,3,28,0,31,6,16,51,1,74,80,0,80,154
03/02/2020,SWF,NY,AEA,EN,Federal Contract Tower,11,10,11,1,33,0,2,23,0,25,11,12,34,1,58,4,0,4,62
03/03/2020,SWF,NY,AEA,EN,Federal Contract Tower,10,10,19,4,43,0,3,35,2,40,10,13,54,6,83,14,18,32,115
03/04/2020,SWF,NY,AEA,EN,Federal Contract Tower,13,7,5,19,44,0,1,34,22,57,13,8,39,41,101,0,38,38,139
03/05/2020,SWF,NY,AEA,EN,Federal Contract Tower,12,16,18,4,50,0,8,43,2,53,12,24,61,6,103,30,0,30,133
03/06/2020,SWF,NY,AEA,EN,Federal Contract Tower,15,15,9,6,45,0,0,18,6,24,15,15,27,12,69,0,12,12,81
03/07/2020,SWF,NY,AEA,EN,Federal Contract Tower,7,9,7,0,23,0,2,10,6,18,7,11,17,6,41,0,8,8,49
03/08/2020,SWF,NY,AEA,EN,Federal Contract Tower,6,9,13,1,29,0,0,30,0,30,6,9,43,1,59,36,0,36,95
03/09/2020,SWF,NY,AEA,EN,Federal Contract Tower,9,17,14,1,41,0,8,74,4,86,9,25,88,5,127,24,0,24,151
03/10/2020,SWF,NY,AEA,EN,Federal Contract Tower,16,8,9,1,34,0,2,30,0,32,16,10,39,1,66,12,10,22,88
03/11/2020,SWF,NY,AEA,EN,Federal Contract Tower,10,11,13,1,35,0,4,46,1,51,10,15,59,2,86,48,0,48,134
03/12/2020,SWF,NY,AEA,EN,Federal Contract Tower,12,18,10,6,46,0,5,21,5,31,12,23,31,11,77,0,8,8,85
03/13/2020,SWF,NY,AEA,EN,Federal Contract Tower,15,22,10,3,50,0,0,4,0,4,15,22,14,3,54,0,0,0,54
03/14/2020,SWF,NY,AEA,EN,Federal Contract Tower,9,9,8,0,26,0,1,5,0,6,9,10,13,0,32,0,0,0,32
03/15/2020,SWF,NY,AEA,EN,Federal Contract Tower,8,13,9,0,30,0,0,41,0,41,8,13,50,0,71,80,0,80,151
03/16/2020,SWF,NY,AEA,EN,Federal Contract Tower,11,14,9,1,35,0,2,64,0,66,11,16,73,1,101,22,0,22,123
03/17/2020,SWF,NY,AEA,EN,Federal Contract Tower,13,10,7,2,32,0,0,7,0,7,13,10,14,2,39,2,0,2,41
03/18/2020,SWF,NY,AEA,EN,Federal Contract Tower,11,12,17,2,42,0,3,63,2,68,11,15,80,4,110,30,0,30,140
03/19/2020,SWF,NY,AEA,EN,Federal Contract Tower,12,12,4,0,28,0,0,0,0,0,12,12,4,0,28,0,0,0,28
03/20/2020,SWF,NY,AEA,EN,Federal Contract Tower,18,15,11,0,44,0,0,6,0,6,18,15,17,0,50,0,0,0,50
03/21/2020,SWF,NY,AEA,EN,Federal Contract Tower,10,9,14,0,33,0,1,24,0,25,10,10,38,0,58,2,0,2,60
03/22/2020,SWF,NY,AEA,EN,Federal Contract Tower,6,11,6,0,23,0,0,22,0,22,6,11,28,0,45,18,0,18,63
03/23/2020,SWF,NY,AEA,EN,Federal Contract Tower,11,9,2,0,22,0,0,0,0,0,11,9,2,0,22,0,0,0,22
03/24/2020,SWF,NY,AEA,EN,Federal Contract Tower,13,8,6,1,28,0,2,11,9,22,13,10,17,10,50,2,0,2,52
03/25/2020,SWF,NY,AEA,EN,Federal Contract Tower,8,14,8,0,30,0,1,11,1,13,8,15,19,1,43,6,0,6,49
03/26/2020,SWF,NY,AEA,EN,Federal Contract Tower,6,6,7,2,21,0,0,8,5,13,6,6,15,7,34,14,8,22,56
03/27/2020,SWF,NY,AEA,EN,Federal Contract Tower,12,12,6,1,31,0,2,19,0,21,12,14,25,1,52,22,0,22,74
03/28/2020,SWF,NY,AEA,EN,Federal Contract Tower,8,8,2,1,19,0,0,0,0,0,8,8,2,1,19,0,0,0,19
03/29/2020,SWF,NY,AEA,EN,Federal Contract Tower,3,14,2,0,19,0,0,0,0,0,3,14,2,0,19,0,0,0,19
03/30/2020,SWF,NY,AEA,EN,Federal Contract Tower,4,12,3,0,19,0,0,0,0,0,4,12,3,0,19,0,0,0,19
03/31/2020,SWF,NY,AEA,EN,Federal Contract Tower,6,10,7,2,25,0,3,4,7,14,6,13,11,9,39,0,0,0,39
04/01/2020,SWF,NY,AEA,EN,Federal Contract Tower,8,8,1,4,21,0,4,0,8,12,8,12,1,12,33,0,12,12,45
04/02/2020,SWF,NY,AEA,EN,Federal Contract Tower,8,7,1,0,16,0,1,4,0,5,8,8,5,0,21,0,0,0,21
04/03/2020,SWF,NY,AEA,EN,Federal Contract Tower,8,7,4,1,20,0,0,0,0,0,8,7,4,1,20,0,0,0,20
04/04/2020,SWF,NY,AEA,EN,Federal Contract Tower,6,7,5,0,18,0,3,1,0,4,6,10,6,0,22,0,0,0,22
04/06/2020,SWF,NY,AEA,EN,Federal Contract Tower,1,7,8,18,34,0,4,8,16,28,1,11,16,34,62,52,38,90,152
04/07/2020,SWF,NY,AEA,EN,Federal Contract Tower,10,10,14,3,37,0,4,21,2,27,10,14,35,5,64,32,0,32,96
04/08/2020,SWF,NY,AEA,EN,Federal Contract Tower,9,11,18,5,43,0,0,3,3,6,9,11,21,8,49,0,10,10,59
04/09/2020,SWF,NY,AEA,EN,Federal Contract Tower,6,7,6,1,20,0,0,0,0,0,6,7,6,1,20,0,0,0,20
04/10/2020,SWF,NY,AEA,EN,Federal Contract Tower,8,6,4,5,23,0,0,5,0,5,8,6,9,5,28,8,10,18,46
04/11/2020,SWF,NY,AEA,EN,Federal Contract Tower,6,1,4,0,11,0,0,2,0,2,6,1,6,0,13,10,0,10,23
04/12/2020,SWF,NY,AEA,EN,Federal Contract Tower,4,5,5,0,14,0,0,8,0,8,4,5,13,0,22,0,0,0,22
04/13/2020,SWF,NY,AEA,EN,Federal Contract Tower,3,2,2,0,7,0,0,0,0,0,3,2,2,0,7,0,0,0,7
04/14/2020,SWF,NY,AEA,EN,Federal Contract Tower,6,3,10,2,21,0,4,27,4,35,6,7,37,6,56,50,18,68,124
04/15/2020,SWF,NY,AEA,EN,Federal Contract Tower,6,4,2,10,22,0,1,8,4,13,6,5,10,14,35,0,38,38,73
04/16/2020,SWF,NY,AEA,EN,Federal Contract Tower,7,7,8,2,24,0,4,11,1,16,7,11,19,3,40,24,0,24,64
04/17/2020,SWF,NY,AEA,EN,Federal Contract Tower,6,6,6,3,21,0,0,11,0,11,6,6,17,3,32,0,0,0,32
04/18/2020,SWF,NY,AEA,EN,Federal Contract Tower,5,6,1,0,12,0,2,1,0,3,5,8,2,0,15,16,0,16,31
04/19/2020,SWF,NY,AEA,EN,Federal Contract Tower,3,5,7,0,15,0,2,8,0,10,3,7,15,0,25,6,0,6,31
04/20/2020,SWF,NY,AEA,EN,Federal Contract Tower,2,6,4,10,22,0,6,12,9,27,2,12,16,19,49,26,42,68,117
04/22/2020,SWF,NY,AEA,EN,Federal Contract Tower,6,11,18,7,42,0,3,24,3,30,6,14,42,10,72,68,22,90,162
04/23/2020,SWF,NY,AEA,EN,Federal Contract Tower,6,3,7,3,19,0,2,11,1,14,6,5,18,4,33,20,6,26,59
04/24/2020,SWF,NY,AEA,EN,Federal Contract Tower,13,11,11,0,35,0,0,1,0,1,13,11,12,0,36,2,0,2,38
04/25/2020,SWF,NY,AEA,EN,Federal Contract Tower,4,9,13,2,28,0,4,29,0,33,4,13,42,2,61,22,6,28,89
04/26/2020,SWF,NY,AEA,EN,Federal Contract Tower,2,4,7,0,13,0,1,2,0,3,2,5,9,0,16,0,0,0,16
04/27/2020,SWF,NY,AEA,EN,Federal Contract Tower,5,11,10,0,26,0,0,3,0,3,5,11,13,0,29,10,0,10,39
04/28/2020,SWF,NY,AEA,EN,Federal Contract Tower,6,6,2,3,17,0,0,18,0,18,6,6,20,3,35,46,0,46,81
04/29/2020,SWF,NY,AEA,EN,Federal Contract Tower,6,12,5,14,37,0,5,6,3,14,6,17,11,17,51,14,42,56,107
04/30/2020,SWF,NY,AEA,EN,Federal Contract Tower,6,4,0,5,15,0,0,0,0,0,6,4,0,5,15,0,0,0,15
05/01/2020,SWF,NY,AEA,EN,Federal Contract Tower,10,6,4,0,20,0,4,0,0,4,10,10,4,0,24,0,0,0,24
05/02/2020,SWF,NY,AEA,EN,Federal Contract Tower,3,8,13,0,24,0,0,13,0,13,3,8,26,0,37,8,0,8,45
05/03/2020,SWF,NY,AEA,EN,Federal Contract Tower,2,4,7,0,13,0,1,30,0,31,2,5,37,0,44,18,0,18,62
05/04/2020,SWF,NY,AEA,EN,Federal Contract Tower,5,4,5,1,15,0,0,3,2,5,5,4,8,3,20,0,0,0,20
05/05/2020,SWF,NY,AEA,EN,Federal Contract Tower,4,8,7,11,30,0,4,28,10,42,4,12,35,21,72,28,28,56,128
05/06/2020,SWF,NY,AEA,EN,Federal Contract Tower,6,3,11,4,24,0,5,10,2,17,6,8,21,6,41,0,8,8,49
05/07/2020,SWF,NY,AEA,EN,Federal Contract Tower,8,10,12,10,40,0,4,25,3,32,8,14,37,13,72,12,24,36,108
05/08/2020,SWF,NY,AEA,EN,Federal Contract Tower,10,9,16,6,41,0,6,18,6,30,10,15,34,12,71,14,22,36,107
05/09/2020,SWF,NY,AEA,EN,Federal Contract Tower,2,4,4,0,10,0,0,3,0,3,2,4,7,0,13,6,0,6,19
05/10/2020,SWF,NY,AEA,EN,Federal Contract Tower,2,7,6,0,15,0,1,3,0,4,2,8,9,0,19,6,0,6,25
05/11/2020,SWF,NY,AEA,EN,Federal Contract Tower,3,16,9,0,28,0,3,1,0,4,3,19,10,0,32,0,0,0,32
05/12/2020,SWF,NY,AEA,EN,Federal Contract Tower,6,10,5,7,28,0,0,14,0,14,6,10,19,7,42,54,24,78,120
05/13/2020,SWF,NY,AEA,EN,Federal Contract Tower,6,11,5,6,28,0,3,33,1,37,6,14,38,7,65,54,10,64,129
05/14/2020,SWF,NY,AEA,EN,Federal Contract Tower,10,3,6,4,23,0,2,30,12,44,10,5,36,16,67,18,20,38,105
05/15/2020,SWF,NY,AEA,EN,Federal Contract Tower,8,3,9,5,25,0,2,5,7,14,8,5,14,12,39,14,20,34,73
05/16/2020,SWF,NY,AEA,EN,Federal Contract Tower,5,17,8,3,33,0,2,26,0,28,5,19,34,3,61,4,12,16,77
05/17/2020,SWF,NY,AEA,EN,Federal Contract Tower,1,18,7,0,26,0,1,18,1,20,1,19,25,1,46,26,0,26,72
05/18/2020,SWF,NY,AEA,EN,Federal Contract Tower,3,12,3,2,20,0,0,16,1,17,3,12,19,3,37,26,10,36,73
05/19/2020,SWF,NY,AEA,EN,Federal Contract Tower,6,14,9,12,41,0,4,17,12,33,6,18,26,24,74,4,48,52,126
05/20/2020,SWF,NY,AEA,EN,Federal Contract Tower,6,13,14,3,36,0,0,23,7,30,6,13,37,10,66,50,24,74,140
05/21/2020,SWF,NY,AEA,EN,Federal Contract Tower,8,13,27,12,60,0,2,42,10,54,8,15,69,22,114,56,30,86,200
05/22/2020,SWF,NY,AEA,EN,Federal Contract Tower,8,19,17,2,46,0,1,55,1,57,8,20,72,3,103,30,6,36,139
05/23/2020,SWF,NY,AEA,EN,Federal Contract Tower,9,13,2,0,24,0,0,2,0,2,9,13,4,0,26,0,0,0,26
05/24/2020,SWF,NY,AEA,EN,Federal Contract Tower,3,8,8,0,19,0,2,23,0,25,3,10,31,0,44,24,0,24,68
05/25/2020,SWF,NY,AEA,EN,Federal Contract Tower,3,11,5,0,19,0,0,7,0,7,3,11,12,0,26,0,0,0,26
05/26/2020,SWF,NY,AEA,EN,Federal Contract Tower,4,15,21,2,42,0,0,27,5,32,4,15,48,7,74,42,0,42,116
05/27/2020,SWF,NY,AEA,EN,Federal Contract Tower,8,21,28,5,62,0,1,36,3,40,8,22,64,8,102,24,16,40,142
05/28/2020,SWF,NY,AEA,EN,Federal Contract Tower,8,16,10,7,41,0,0,0,2,2,8,16,10,9,43,0,8,8,51
05/29/2020,SWF,NY,AEA,EN,Federal Contract Tower,7,9,14,3,33,0,1,0,0,1,7,10,14,3,34,0,0,0,34
05/30/2020,SWF,NY,AEA,EN,Federal Contract Tower,5,10,7,0,22,0,4,33,0,37,5,14,40,0,59,6,0,6,65
05/31/2020,SWF,NY,AEA,EN,Federal Contract Tower,4,15,3,1,23,0,1,8,0,9,4,16,11,1,32,14,0,14,46
06/01/2020,SWF,NY,AEA,EN,Federal Contract Tower,6,6,11,2,25,0,3,28,0,31,6,9,39,2,56,26,24,50,106
06/02/2020,SWF,NY,AEA,EN,Federal Contract Tower,7,14,8,3,32,0,0,25,1,26,7,14,33,4,58,28,8,36,94
06/03/2020,SWF,NY,AEA,EN,Federal Contract Tower,8,9,13,15,45,0,0,9,6,15,8,9,22,21,60,0,10,10,70
06/04/2020,SWF,NY,AEA,EN,Federal Contract Tower,7,11,5,6,29,0,2,29,12,43,7,13,34,18,72,0,14,14,86
06/05/2020,SWF,NY,AEA,EN,Federal Contract Tower,10,11,8,2,31,0,4,9,0,13,10,15,17,2,44,6,0,6,50
06/06/2020,SWF,NY,AEA,EN,Federal Contract Tower,5,8,10,0,23,0,5,13,2,20,5,13,23,2,43,14,0,14,57
06/07/2020,SWF,NY,AEA,EN,Federal Contract Tower,2,10,8,2,22,0,7,5,3,15,2,17,13,5,37,4,0,4,41
06/08/2020,SWF,NY,AEA,EN,Federal Contract Tower,5,8,10,6,29,0,2,21,2,25,5,10,31,8,54,2,0,2,56
06/09/2020,SWF,NY,AEA,EN,Federal Contract Tower,9,11,10,15,45,0,1,25,11,37,9,12,35,26,82,8,14,22,104
06/10/2020,SWF,NY,AEA,EN,Federal Contract Tower,8,7,16,8,39,0,0,36,13,49,8,7,52,21,88,10,0,10,98
06/11/2020,SWF,NY,AEA,EN,Federal Contract Tower,8,6,12,8,34,0,0,3,30,33,8,6,15,38,67,0,12,12,79
06/12/2020,SWF,NY,AEA,EN,Federal Contract Tower,9,4,8,8,29,1,46,30,0,77,10,50,38,8,106,10,0,10,116
06/13/2020,SWF,NY,AEA,EN,Federal Contract Tower,6,5,2,5,18,0,3,9,23,35,6,8,11,28,53,8,2,10,63
06/14/2020,SWF,NY,AEA,EN,Federal Contract Tower,2,11,12,3,28,0,0,16,18,34,2,11,28,21,62,12,2,14,76
06/15/2020,SWF,NY,AEA,EN,Federal Contract Tower,6,13,4,2,25,0,0,16,3,19,6,13,20,5,44,0,0,0,44
06/16/2020,SWF,NY,AEA,EN,Federal Contract Tower,9,3,17,4,33,0,0,16,4,20,9,3,33,8,53,6,18,24,77
06/17/2020,SWF,NY,AEA,EN,Federal Contract Tower,10,7,8,7,32,0,1,44,10,55,10,8,52,17,87,38,48,86,173
06/18/2020,SWF,NY,AEA,EN,Federal Contract Tower,10,4,29,11,54,0,2,11,0,13,10,6,40,11,67,0,10,10,77
06/19/2020,SWF,NY,AEA,EN,Federal Contract Tower,11,2,9,1,23,0,0,26,1,27,11,2,35,2,50,18,0,18,68
06/20/2020,SWF,NY,AEA,EN,Federal Contract Tower,6,5,15,0,26,0,0,22,0,22,6,5,37,0,48,20,0,20,68
06/21/2020,SWF,NY,AEA,EN,Federal Contract Tower,5,8,11,0,24,0,1,19,0,20,5,9,30,0,44,10,0,10,54
06/22/2020,SWF,NY,AEA,EN,Federal Contract Tower,6,5,14,2,27,0,0,15,7,22,6,5,29,9,49,20,8,28,77
06/23/2020,SWF,NY,AEA,EN,Federal Contract Tower,8,6,13,1,28,0,3,29,0,32,8,9,42,1,60,0,0,0,60
06/24/2020,SWF,NY,AEA,EN,Federal Contract Tower,12,4,14,4,34,0,2,45,6,53,12,6,59,10,87,38,6,44,131
06/25/2020,SWF,NY,AEA,EN,Federal Contract Tower,10,7,15,2,34,0,2,54,10,66,10,9,69,12,100,10,20,30,130
06/26/2020,SWF,NY,AEA,EN,Federal Contract Tower,10,11,8,3,32,0,0,34,4,38,10,11,42,7,70,12,10,22,92
06/27/2020,SWF,NY,AEA,EN,Federal Contract Tower,4,7,3,1,15,0,0,0,0,0,4,7,3,1,15,0,0,0,15
06/28/2020,SWF,NY,AEA,EN,Federal Contract Tower,2,9,5,0,16,0,0,4,0,4,2,9,9,0,20,12,0,12,32
06/29/2020,SWF,NY,AEA,EN,Federal Contract Tower,8,9,13,1,31,0,1,17,2,20,8,10,30,3,51,12,4,16,67
06/30/2020,SWF,NY,AEA,EN,Federal Contract Tower,10,5,19,2,36,0,4,9,4,17,10,9,28,6,53,16,2,18,71
07/01/2020,SWF,NY,AEA,EN,Federal Contract Tower,10,6,33,1,50,0,3,13,1,17,10,9,46,2,67,2,14,16,83
07/02/2020,SWF,NY,AEA,EN,Federal Contract Tower,8,10,12,2,32,0,4,67,5,76,8,14,79,7,108,16,0,16,124
07/03/2020,SWF,NY,AEA,EN,Federal Contract Tower,11,3,3,0,17,0,2,19,0,21,11,5,22,0,38,24,0,24,62
07/04/2020,SWF,NY,AEA,EN,Federal Contract Tower,5,3,4,0,12,0,1,0,0,1,5,4,4,0,13,0,0,0,13
07/05/2020,SWF,NY,AEA,EN,Federal Contract Tower,5,9,7,0,21,0,0,17,0,17,5,9,24,0,38,26,0,26,64
07/07/2020,SWF,NY,AEA,EN,Federal Contract Tower,7,12,17,20,56,0,4,13,0,17,7,16,30,20,73,0,0,0,73
07/08/2020,SWF,NY,AEA,EN,Federal Contract Tower,10,9,22,2,43,0,0,5,1,6,10,9,27,3,49,22,8,30,79
07/09/2020,SWF,NY,AEA,EN,Federal Contract Tower,8,15,30,1,54,0,1,68,2,71,8,16,98,3,125,42,0,42,167
07/10/2020,SWF,NY,AEA,EN,Federal Contract Tower,10,12,10,6,38,0,0,0,0,0,10,12,10,6,38,0,0,0,38
07/11/2020,SWF,NY,AEA,EN,Federal Contract Tower,8,6,7,1,22,0,2,20,0,22,8,8,27,1,44,6,0,6,50
07/12/2020,SWF,NY,AEA,EN,Federal Contract Tower,2,11,28,1,42,0,0,38,0,38,2,11,66,1,80,22,0,22,102
07/13/2020,SWF,NY,AEA,EN,Federal Contract Tower,3,6,19,10,38,0,2,21,10,33,3,8,40,20,71,6,12,18,89
07/14/2020,SWF,NY,AEA,EN,Federal Contract Tower,9,17,20,7,53,0,0,44,15,59,9,17,64,22,112,68,18,86,198
07/15/2020,SWF,NY,AEA,EN,Federal Contract Tower,9,11,21,8,49,0,2,61,4,67,9,13,82,12,116,26,2,28,144
07/16/2020,SWF,NY,AEA,EN,Federal Contract Tower,8,11,9,4,32,0,0,23,4,27,8,11,32,8,59,0,18,18,77
07/17/2020,SWF,NY,AEA,EN,Federal Contract Tower,10,14,19,13,56,0,2,12,8,22,10,16,31,21,78,12,10,22,100
07/18/2020,SWF,NY,AEA,EN,Federal Contract Tower,7,11,8,14,40,0,0,34,1,35,7,11,42,15,75,48,14,62,137
07/19/2020,SWF,NY,AEA,EN,Federal Contract Tower,4,12,12,0,28,0,2,20,1,23,4,14,32,1,51,4,0,4,55
07/20/2020,SWF,NY,AEA,EN,Federal Contract Tower,5,6,15,4,30,0,0,23,10,33,5,6,38,14,63,16,20,36,99
07/21/2020,SWF,NY,AEA,EN,Federal Contract Tower,7,5,5,6,23,0,3,59,16,78,7,8,64,22,101,26,32,58,159
07/22/2020,SWF,NY,AEA,EN,Federal Contract Tower,12,5,5,6,28,0,2,32,2,36,12,7,37,8,64,28,2,30,94
07/23/2020,SWF,NY,AEA,EN,Federal Contract Tower,9,6,6,3,24,0,0,30,4,34,9,6,36,7,58,38,12,50,108
07/24/2020,SWF,NY,AEA,EN,Federal Contract Tower,10,9,16,3,38,0,0,18,0,18,10,9,34,3,56,18,8,26,82
07/25/2020,SWF,NY,AEA,EN,Federal Contract Tower,8,7,12,0,27,0,1,28,0,29,8,8,40,0,56,12,0,12,68
07/26/2020,SWF,NY,AEA,EN,Federal Contract Tower,2,6,15,0,23,0,2,22,0,24,2,8,37,0,47,0,0,0,47
07/27/2020,SWF,NY,AEA,EN,Federal Contract Tower,5,7,15,8,35,0,2,30,3,35,5,9,45,11,70,24,0,24,94
07/28/2020,SWF,NY,AEA,EN,Federal Contract Tower,8,1,15,3,27,0,0,27,19,46,8,1,42,22,73,26,18,44,117
07/29/2020,SWF,NY,AEA,EN,Federal Contract Tower,10,5,20,5,40,0,1,82,11,94,10,6,102,16,134,54,6,60,194
07/30/2020,SWF,NY,AEA,EN,Federal Contract Tower,8,10,19,7,44,0,2,51,6,59,8,12,70,13,103,36,8,44,147
07/31/2020,SWF,NY,AEA,EN,Federal Contract Tower,10,9,13,5,37,0,4,34,6,44,10,13,47,11,81,10,8,18,99
08/01/2020,SWF,NY,AEA,EN,Federal Contract Tower,7,6,14,7,34,0,4,46,7,57,7,10,60,14,91,12,44,56,147
08/02/2020,SWF,NY,AEA,EN,Federal Contract Tower,1,2,10,0,13,0,0,0,0,0,1,2,10,0,13,0,0,0,13
08/03/2020,SWF,NY,AEA,EN,Federal Contract Tower,7,20,16,1,44,0,0,62,1,63,7,20,78,2,107,30,0,30,137
08/04/2020,SWF,NY,AEA,EN,Federal Contract Tower,9,4,4,0,17,0,0,1,0,1,9,4,5,0,18,0,0,0,18
08/05/2020,SWF,NY,AEA,EN,Federal Contract Tower,10,13,16,15,54,0,6,42,13,61,10,19,58,28,115,46,28,74,189
08/06/2020,SWF,NY,AEA,EN,Federal Contract Tower,10,16,16,16,58,0,4,20,13,37,10,20,36,29,95,44,10,54,149
08/07/2020,SWF,NY,AEA,EN,Federal Contract Tower,12,9,11,1,33,0,1,11,10,22,12,10,22,11,55,0,0,0,55
08/08/2020,SWF,NY,AEA,EN,Federal Contract Tower,7,9,19,8,43,0,3,22,1,26,7,12,41,9,69,18,0,18,87
08/09/2020,SWF,NY,AEA,EN,Federal Contract Tower,2,7,13,7,29,0,1,16,7,24,2,8,29,14,53,34,0,34,87
08/10/2020,SWF,NY,AEA,EN,Federal Contract Tower,7,9,13,12,41,0,0,48,4,52,7,9,61,16,93,8,32,40,133
08/11/2020,SWF,NY,AEA,EN,Federal Contract Tower,10,4,11,22,47,0,2,36,18,56,10,6,47,40,103,4,32,36,139
08/12/2020,SWF,NY,AEA,EN,Federal Contract Tower,15,10,25,16,66,0,2,55,16,73,15,12,80,32,139,24,60,84,223
08/13/2020,SWF,NY,AEA,EN,Federal Contract Tower,12,8,7,17,44,0,2,35,7,44,12,10,42,24,88,36,0,36,124
08/14/2020,SWF,NY,AEA,EN,Federal Contract Tower,14,9,15,4,42,0,3,35,10,48,14,12,50,14,90,26,12,38,128
08/15/2020,SWF,NY,AEA,EN,Federal Contract Tower,7,7,18,1,33,0,2,20,0,22,7,9,38,1,55,26,0,26,81
08/16/2020,SWF,NY,AEA,EN,Federal Contract Tower,2,6,26,0,34,0,0,1,0,1,2,6,27,0,35,0,0,0,35
08/17/2020,SWF,NY,AEA,EN,Federal Contract Tower,6,10,13,5,34,0,0,12,4,16,6,10,25,9,50,0,12,12,62
08/18/2020,SWF,NY,AEA,EN,Federal Contract Tower,8,17,21,9,55,0,2,73,13,88,8,19,94,22,143,10,42,52,195
08/19/2020,SWF,NY,AEA,EN,Federal Contract Tower,8,17,12,8,45,0,8,47,5,60,8,25,59,13,105,74,30,104,209
08/20/2020,SWF,NY,AEA,EN,Federal Contract Tower,10,18,16,6,50,0,1,28,10,39,10,19,44,16,89,54,12,66,155
08/21/2020,SWF,NY,AEA,EN,Federal Contract Tower,10,20,12,14,56,0,0,20,0,20,10,20,32,14,76,12,0,12,88
08/22/2020,SWF,NY,AEA,EN,Federal Contract Tower,5,9,15,0,29,0,1,29,1,31,5,10,44,1,60,6,0,6,66
08/23/2020,SWF,NY,AEA,EN,Federal Contract Tower,2,9,9,2,22,0,0,16,3,19,2,9,25,5,41,4,6,10,51
08/24/2020,SWF,NY,AEA,EN,Federal Contract Tower,6,10,26,7,49,0,2,47,10,59,6,12,73,17,108,8,14,22,130
08/25/2020,SWF,NY,AEA,EN,Federal Contract Tower,8,4,17,4,33,0,2,18,3,23,8,6,35,7,56,28,4,32,88
08/26/2020,SWF,NY,AEA,EN,Federal Contract Tower,8,7,9,8,32,0,2,32,17,51,8,9,41,25,83,20,24,44,127
08/27/2020,SWF,NY,AEA,EN,Federal Contract Tower,9,5,4,6,24,0,0,1,4,5,9,5,5,10,29,8,6,14,43
08/28/2020,SWF,NY,AEA,EN,Federal Contract Tower,12,13,32,10,67,0,0,24,31,55,12,13,56,41,122,0,0,0,122
08/29/2020,SWF,NY,AEA,EN,Federal Contract Tower,5,9,11,2,27,0,0,12,0,12,5,9,23,2,39,2,0,2,41
08/30/2020,SWF,NY,AEA,EN,Federal Contract Tower,2,9,11,3,25,0,0,33,14,47,2,9,44,17,72,0,0,0,72
08/31/2020,SWF,NY,AEA,EN,Federal Contract Tower,6,10,11,10,37,0,1,26,4,31,6,11,37,14,68,0,0,0,68
09/01/2020,SWF,NY,AEA,EN,Federal Contract Tower,8,8,14,16,46,0,0,8,0,8,8,8,22,16,54,0,0,0,54
09/02/2020,SWF,NY,AEA,EN,Federal Contract Tower,8,10,16,17,51,0,0,4,6,10,8,10,20,23,61,6,10,16,77
09/03/2020,SWF,NY,AEA,EN,Federal Contract Tower,10,20,10,6,46,0,1,33,5,39,10,21,43,11,85,30,14,44,129
09/05/2020,SWF,NY,AEA,EN,Federal Contract Tower,6,3,7,5,21,0,0,46,8,54,6,3,53,13,75,16,0,16,91
09/07/2020,SWF,NY,AEA,EN,Federal Contract Tower,8,13,19,0,40,0,2,48,2,52,8,15,67,2,92,36,0,36,128
09/08/2020,SWF,NY,AEA,EN,Federal Contract Tower,9,3,22,10,44,0,0,83,19,102,9,3,105,29,146,42,16,58,204
09/09/2020,SWF,NY,AEA,EN,Federal Contract Tower,8,14,18,10,50,0,4,33,20,57,8,18,51,30,107,14,18,32,139
09/10/2020,SWF,NY,AEA,EN,Federal Contract Tower,10,7,16,3,36,0,1,3,1,5,10,8,19,4,41,0,0,0,41
09/11/2020,SWF,NY,AEA,EN,Federal Contract Tower,8,4,13,17,42,0,0,21,2,23,8,4,34,19,65,22,32,54,119
09/12/2020,SWF,NY,AEA,EN,Federal Contract Tower,5,5,4,7,21,0,0,18,8,26,5,5,22,15,47,38,30,68,115
09/13/2020,SWF,NY,AEA,EN,Federal Contract Tower,2,8,8,1,19,0,2,35,0,37,2,10,43,1,56,10,0,10,66
09/14/2020,SWF,NY,AEA,EN,Federal Contract Tower,1,11,15,3,30,0,2,27,3,32,1,13,42,6,62,2,0,2,64
09/15/2020,SWF,NY,AEA,EN,Federal Contract Tower,8,12,15,10,45,0,11,26,12,49,8,23,41,22,94,20,44,64,158
09/16/2020,SWF,NY,AEA,EN,Federal Contract Tower,8,12,27,4,51,0,1,23,10,34,8,13,50,14,85,26,42,68,153
09/17/2020,SWF,NY,AEA,EN,Federal Contract Tower,12,16,18,7,53,0,0,28,0,28,12,16,46,7,81,42,10,52,133
09/18/2020,SWF,NY,AEA,EN,Federal Contract Tower,8,11,15,8,42,0,0,11,0,11,8,11,26,8,53,14,0,14,67
09/19/2020,SWF,NY,AEA,EN,Federal Contract Tower,3,2,10,3,18,0,0,46,1,47,3,2,56,4,65,46,0,46,111
09/20/2020,SWF,NY,AEA,EN,Federal Contract Tower,3,10,11,6,30,0,1,53,2,56,3,11,64,8,86,22,8,30,116
09/21/2020,SWF,NY,AEA,EN,Federal Contract Tower,0,12,18,8,38,0,2,51,8,61,0,14,69,16,99,8,6,14,113
09/22/2020,SWF,NY,AEA,EN,Federal Contract Tower,8,5,19,4,36,0,9,17,3,29,8,14,36,7,65,28,14,42,107
09/23/2020,SWF,NY,AEA,EN,Federal Contract Tower,8,12,25,7,52,0,4,36,9,49,8,16,61,16,101,12,42,54,155
09/24/2020,SWF,NY,AEA,EN,Federal Contract Tower,14,8,15,9,46,0,0,28,0,28,14,8,43,9,74,4,78,82,156
09/25/2020,SWF,NY,AEA,EN,Federal Contract Tower,12,12,22,4,50,0,0,36,1,37,12,12,58,5,87,22,0,22,109
09/26/2020,SWF,NY,AEA,EN,Federal Contract Tower,5,6,12,5,28,0,0,35,2,37,5,6,47,7,65,34,0,34,99
09/27/2020,SWF,NY,AEA,EN,Federal Contract Tower,2,13,23,0,38,0,0,58,0,58,2,13,81,0,96,20,0,20,116
09/28/2020,SWF,NY,AEA,EN,Federal Contract Tower,0,9,27,5,41,0,2,21,1,24,0,11,48,6,65,10,0,10,75
09/29/2020,SWF,NY,AEA,EN,Federal Contract Tower,10,2,12,2,26,0,0,2,0,2,10,2,14,2,28,0,0,0,28
09/30/2020,SWF,NY,AEA,EN,Federal Contract Tower,11,12,21,7,51,0,2,28,3,33,11,14,49,10,84,14,20,34,118
10/01/2020,SWF,NY,AEA,EN,Federal Contract Tower,14,3,10,7,34,0,2,15,2,19,14,5,25,9,53,18,14,32,85
10/02/2020,SWF,NY,AEA,EN,Federal Contract Tower,16,7,13,8,44,0,0,12,5,17,16,7,25,13,61,8,38,46,107
10/03/2020,SWF,NY,AEA,EN,Federal Contract Tower,4,3,6,2,15,0,0,51,6,57,4,3,57,8,72,34,0,34,106
10/04/2020,SWF,NY,AEA,EN,Federal Contract Tower,3,16,10,1,30,0,5,52,5,62,3,21,62,6,92,36,16,52,144
10/05/2020,SWF,NY,AEA,EN,Federal Contract Tower,5,11,16,2,34,0,3,34,4,41,5,14,50,6,75,38,6,44,119
10/06/2020,SWF,NY,AEA,EN,Federal Contract Tower,8,6,41,5,60,0,0,29,6,35,8,6,70,11,95,44,4,48,143
10/07/2020,SWF,NY,AEA,EN,Federal Contract Tower,9,10,21,3,43,0,0,20,3,23,9,10,41,6,66,30,8,38,104
10/08/2020,SWF,NY,AEA,EN,Federal Contract Tower,13,10,20,5,48,0,0,24,6,30,13,10,44,11,78,6,30,36,114
10/09/2020,SWF,NY,AEA,EN,Federal Contract Tower,12,18,25,3,58,0,4,50,4,58,12,22,75,7,116,10,0,10,126
10/10/2020,SWF,NY,AEA,EN,Federal Contract Tower,5,7,3,5,20,0,1,26,0,27,5,8,29,5,47,30,0,30,77
10/11/2020,SWF,NY,AEA,EN,Federal Contract Tower,2,5,13,0,20,0,3,77,2,82,2,8,90,2,102,36,0,36,138
10/12/2020,SWF,NY,AEA,EN,Federal Contract Tower,5,5,14,0,24,0,0,0,0,0,5,5,14,0,24,0,0,0,24
10/13/2020,SWF,NY,AEA,EN,Federal Contract Tower,5,6,9,0,20,0,0,0,0,0,5,6,9,0,20,0,0,0,20
10/14/2020,SWF,NY,AEA,EN,Federal Contract Tower,8,7,10,9,34,0,1,41,6,48,8,8,51,15,82,75,50,125,207
10/15/2020,SWF,NY,AEA,EN,Federal Contract Tower,9,10,16,3,38,0,2,23,5,30,9,12,39,8,68,18,10,28,96
10/16/2020,SWF,NY,AEA,EN,Federal Contract Tower,13,9,21,3,46,0,0,0,0,0,13,9,21,3,46,0,0,0,46
10/17/2020,SWF,NY,AEA,EN,Federal Contract Tower,0,1,16,0,17,0,0,1,0,1,0,1,17,0,18,26,0,26,44
10/18/2020,SWF,NY,AEA,EN,Federal Contract Tower,5,8,21,1,35,0,0,1,0,1,5,8,22,1,36,16,8,24,60
10/19/2020,SWF,NY,AEA,EN,Federal Contract Tower,2,12,8,2,24,0,2,36,2,40,2,14,44,4,64,8,4,12,76
10/20/2020,SWF,NY,AEA,EN,Federal Contract Tower,8,9,24,1,42,0,0,2,0,2,8,9,26,1,44,10,0,10,54
10/21/2020,SWF,NY,AEA,EN,Federal Contract Tower,8,10,26,10,54,0,0,8,4,12,8,10,34,14,66,6,18,24,90
10/22/2020,SWF,NY,AEA,EN,Federal Contract Tower,9,10,42,7,68,0,0,14,1,15,9,10,56,8,83,10,20,30,113
10/23/2020,SWF,NY,AEA,EN,Federal Contract Tower,12,7,27,3,49,0,0,9,4,13,12,7,36,7,62,8,0,8,70
10/24/2020,SWF,NY,AEA,EN,Federal Contract Tower,3,5,5,1,14,0,0,1,0,1,3,5,6,1,15,18,0,18,33
10/25/2020,SWF,NY,AEA,EN,Federal Contract Tower,5,10,11,3,29,0,2,46,4,52,5,12,57,7,81,2,0,2,83
10/26/2020,SWF,NY,AEA,EN,Federal Contract Tower,5,5,15,10,35,0,0,0,0,0,5,5,15,10,35,0,0,0,35
10/27/2020,SWF,NY,AEA,EN,Federal Contract Tower,10,8,24,6,48,0,3,4,1,8,10,11,28,7,56,2,10,12,68
10/28/2020,SWF,NY,AEA,EN,Federal Contract Tower,8,4,22,6,40,0,0,14,2,16,8,4,36,8,56,6,0,6,62
10/29/2020,SWF,NY,AEA,EN,Federal Contract Tower,8,1,16,4,29,0,0,0,0,0,8,1,16,4,29,0,0,0,29
10/30/2020,SWF,NY,AEA,EN,Federal Contract Tower,12,7,8,0,27,0,0,0,0,0,12,7,8,0,27,0,0,0,27
10/31/2020,SWF,NY,AEA,EN,Federal Contract Tower,3,9,7,0,19,0,3,65,2,70,3,12,72,2,89,32,0,32,121
11/01/2020,SWF,NY,AEA,EN,Federal Contract Tower,0,11,10,2,23,0,0,0,0,0,0,11,10,2,23,0,0,0,23
11/02/2020,SWF,NY,AEA,EN,Federal Contract Tower,4,9,11,2,26,0,0,0,0,0,4,9,11,2,26,0,0,0,26
11/03/2020,SWF,NY,AEA,EN,Federal Contract Tower,7,4,14,6,31,0,0,0,0,0,7,4,14,6,31,12,16,28,59
11/04/2020,SWF,NY,AEA,EN,Federal Contract Tower,8,10,26,11,55,0,0,0,0,0,8,10,26,11,55,16,18,34,89
11/05/2020,SWF,NY,AEA,EN,Federal Contract Tower,2,5,6,1,14,0,2,29,4,35,2,7,35,5,49,8,0,8,57
11/06/2020,SWF,NY,AEA,EN,Federal Contract Tower,10,5,11,5,31,0,2,51,11,64,10,7,62,16,95,36,6,42,137
11/07/2020,SWF,NY,AEA,EN,Federal Contract Tower,3,5,8,3,19,0,2,59,4,65,3,7,67,7,84,18,0,18,102
11/08/2020,SWF,NY,AEA,EN,Federal Contract Tower,2,4,15,1,22,0,3,29,1,33,2,7,44,2,55,0,0,0,55
11/09/2020,SWF,NY,AEA,EN,Federal Contract Tower,7,6,12,1,26,0,6,24,5,35,7,12,36,6,61,0,0,0,61
11/10/2020,SWF,NY,AEA,EN,Federal Contract Tower,5,2,0,0,7,0,0,0,0,0,5,2,0,0,7,0,0,0,7
11/11/2020,SWF,NY,AEA,EN,Federal Contract Tower,10,12,14,5,41,0,0,1,7,8,10,12,15,12,49,0,0,0,49
11/12/2020,SWF,NY,AEA,EN,Federal Contract Tower,8,10,12,3,33,0,0,6,0,6,8,10,18,3,39,4,0,4,43
11/13/2020,SWF,NY,AEA,EN,Federal Contract Tower,6,3,10,3,22,0,0,4,0,4,6,3,14,3,26,16,0,16,42
11/14/2020,SWF,NY,AEA,EN,Federal Contract Tower,5,8,17,0,30,0,3,43,2,48,5,11,60,2,78,22,0,22,100
11/15/2020,SWF,NY,AEA,EN,Federal Contract Tower,2,5,6,3,16,0,2,6,0,8,2,7,12,3,24,0,2,2,26
11/16/2020,SWF,NY,AEA,EN,Federal Contract Tower,5,7,13,2,27,0,0,8,0,8,5,7,21,2,35,12,0,12,47
11/17/2020,SWF,NY,AEA,EN,Federal Contract Tower,8,9,12,5,34,0,2,16,9,27,8,11,28,14,61,18,20,38,99
11/18/2020,SWF,NY,AEA,EN,Federal Contract Tower,7,8,23,9,47,0,2,43,4,49,7,10,66,13,96,14,20,34,130
11/30/2020,SWF,NY,AEA,EN,Federal Contract Tower,6,9,15,0,30,0,0,0,0,0,6,9,15,0,30,0,0,0,30
12/03/2020,SWF,NY,AEA,EN,Federal Contract Tower,12,3,24,6,45,0,6,60,8,74,12,9,84,14,119,12,10,22,141
12/04/2020,SWF,NY,AEA,EN,Federal Contract Tower,10,8,8,7,33,0,1,44,10,55,10,9,52,17,88,6,26,32,120
12/05/2020,SWF,NY,AEA,EN,Federal Contract Tower,3,6,3,0,12,0,2,0,0,2,3,8,3,0,14,0,0,0,14
12/06/2020,SWF,NY,AEA,EN,Federal Contract Tower,5,5,11,0,21,0,2,9,0,11,5,7,20,0,32,34,0,34,66
12/07/2020,SWF,NY,AEA,EN,Federal Contract Tower,3,8,6,7,24,0,0,16,0,16,3,8,22,7,40,22,0,22,62
12/09/2020,SWF,NY,AEA,EN,Federal Contract Tower,10,3,15,9,37,0,0,16,13,29,10,3,31,22,66,4,4,8,74
12/10/2020,SWF,NY,AEA,EN,Federal Contract Tower,9,2,16,13,40,0,3,38,11,52,9,5,54,24,92,32,42,74,166
12/11/2020,SWF,NY,AEA,EN,Federal Contract Tower,10,10,13,16,49,0,9,45,17,71,10,19,58,33,120,36,32,68,188
12/12/2020,SWF,NY,AEA,EN,Federal Contract Tower,4,6,13,13,36,0,0,0,0,0,4,6,13,13,36,0,0,0,36
12/13/2020,SWF,NY,AEA,EN,Federal Contract Tower,5,11,13,4,33,0,1,16,5,22,5,12,29,9,55,6,0,6,61
12/14/2020,SWF,NY,AEA,EN,Federal Contract Tower,2,6,10,0,18,0,1,0,0,1,2,7,10,0,19,2,0,2,21
12/16/2020,SWF,NY,AEA,EN,Federal Contract Tower,10,11,5,4,30,0,1,18,3,22,10,12,23,7,52,10,0,10,62
12/17/2020,SWF,NY,AEA,EN,Federal Contract Tower,10,8,2,0,20,0,0,2,0,2,10,8,4,0,22,0,0,0,22
12/18/2020,SWF,NY,AEA,EN,Federal Contract Tower,17,8,22,4,51,0,0,22,2,24,17,8,44,6,75,20,0,20,95
12/19/2020,SWF,NY,AEA,EN,Federal Contract Tower,7,2,13,7,29,0,0,11,3,14,7,2,24,10,43,0,0,0,43
12/20/2020,SWF,NY,AEA,EN,Federal Contract Tower,11,6,13,1,31,0,0,7,0,7,11,6,20,1,38,20,0,20,58
12/21/2020,SWF,NY,AEA,EN,Federal Contract Tower,9,5,11,0,25,0,2,14,0,16,9,7,25,0,41,14,0,14,55
12/23/2020,SWF,NY,AEA,EN,Federal Contract Tower,11,8,14,1,34,0,5,55,0,60,11,13,69,1,94,12,0,12,106
12/24/2020,SWF,NY,AEA,EN,Federal Contract Tower,14,3,2,0,19,0,0,0,0,0,14,3,2,0,19,0,0,0,19
12/25/2020,SWF,NY,AEA,EN,Federal Contract Tower,0,5,0,0,5,0,0,0,0,0,0,5,0,0,5,0,0,0,5
12/26/2020,SWF,NY,AEA,EN,Federal Contract Tower,5,1,12,2,20,0,0,6,0,6,5,1,18,2,26,0,0,0,26
12/27/2020,SWF,NY,AEA,EN,Federal Contract Tower,5,6,12,0,23,0,1,31,0,32,5,7,43,0,55,22,0,22,77
12/29/2020,SWF,NY,AEA,EN,Federal Contract Tower,12,5,19,1,37,0,1,16,0,17,12,6,35,1,54,22,0,22,76
12/30/2020,SWF,NY,AEA,EN,Federal Contract Tower,14,4,6,0,24,0,1,47,1,49,14,5,53,1,73,0,4,4,77
12/31/2020,SWF,NY,AEA,EN,Federal Contract Tower,14,0,4,0,18,0,2,12,0,14,14,2,16,0,32,0,0,0,32
01/01/2021,SWF,NY,AEA,EN,Federal Contract Tower,1,4,9,3,17,0,2,2,0,4,1,6,11,3,21,22,0,22,43
01/02/2021,SWF,NY,AEA,EN,Federal Contract Tower,5,10,17,0,32,0,0,6,0,6,5,10,23,0,38,0,0,0,38
01/03/2021,SWF,NY,AEA,EN,Federal Contract Tower,4,6,8,0,18,0,0,0,0,0,4,6,8,0,18,0,0,0,18
01/04/2021,SWF,NY,AEA,EN,Federal Contract Tower,2,2,4,1,9,0,0,0,0,0,2,2,4,1,9,0,0,0,9
01/05/2021,SWF,NY,AEA,EN,Federal Contract Tower,7,4,27,6,44,0,0,23,6,29,7,4,50,12,73,12,0,12,85
01/06/2021,SWF,NY,AEA,EN,Federal Contract Tower,9,4,10,10,33,0,5,38,6,49,9,9,48,16,82,14,28,42,124
01/07/2021,SWF,NY,AEA,EN,Federal Contract Tower,10,6,13,14,43,0,1,26,2,29,10,7,39,16,72,40,30,70,142
01/08/2021,SWF,NY,AEA,EN,Federal Contract Tower,11,5,10,2,28,0,0,34,1,35,11,5,44,3,63,44,24,68,131
01/09/2021,SWF,NY,AEA,EN,Federal Contract Tower,4,6,14,2,26,0,0,16,0,16,4,6,30,2,42,12,0,12,54
01/10/2021,SWF,NY,AEA,EN,Federal Contract Tower,2,4,11,1,18,0,2,38,0,40,2,6,49,1,58,40,0,40,98
01/11/2021,SWF,NY,AEA,EN,Federal Contract Tower,0,4,5,1,10,0,0,22,4,26,0,4,27,5,36,10,0,10,46
01/12/2021,SWF,NY,AEA,EN,Federal Contract Tower,8,6,3,7,24,0,3,25,6,34,8,9,28,13,58,0,40,40,98
01/13/2021,SWF,NY,AEA,EN,Federal Contract Tower,8,2,22,3,35,0,8,35,9,52,8,10,57,12,87,16,0,16,103
01/14/2021,SWF,NY,AEA,EN,Federal Contract Tower,10,4,8,9,31,0,1,5,1,7,10,5,13,10,38,10,22,32,70
01/15/2021,SWF,NY,AEA,EN,Federal Contract Tower,10,11,2,1,24,0,0,0,0,0,10,11,2,1,24,0,0,0,24
01/16/2021,SWF,NY,AEA,EN,Federal Contract Tower,2,3,5,0,10,0,0,1,0,1,2,3,6,0,11,0,0,0,11
01/17/2021,SWF,NY,AEA,EN,Federal Contract Tower,0,0,4,0,4,0,0,0,0,0,0,0,4,0,4,0,0,0,4
01/18/2021,SWF,NY,AEA,EN,Federal Contract Tower,1,10,17,4,32,0,3,32,0,35,1,13,49,4,67,10,0,10,77
01/19/2021,SWF,NY,AEA,EN,Federal Contract Tower,6,8,14,4,32,0,2,17,2,21,6,10,31,6,53,10,0,10,63
01/20/2021,SWF,NY,AEA,EN,Federal Contract Tower,6,10,4,2,22,0,2,20,4,26,6,12,24,6,48,20,10,30,78
01/21/2021,SWF,NY,AEA,EN,Federal Contract Tower,4,6,8,6,24,0,0,21,3,24,4,6,29,9,48,4,24,28,76
01/23/2021,SWF,NY,AEA,EN,Federal Contract Tower,3,12,12,1,28,0,0,11,0,11,3,12,23,1,39,2,0,2,41
01/25/2021,SWF,NY,AEA,EN,Federal Contract Tower,5,3,11,11,30,0,3,27,4,34,5,6,38,15,64,18,16,34,98
01/26/2021,SWF,NY,AEA,EN,Federal Contract Tower,10,8,1,0,19,0,0,2,0,2,10,8,3,0,21,0,0,0,21
01/27/2021,SWF,NY,AEA,EN,Federal Contract Tower,10,6,8,2,26,0,0,1,3,4,10,6,9,5,30,0,2,2,32
01/28/2021,SWF,NY,AEA,EN,Federal Contract Tower,13,9,15,7,44,0,0,11,17,28,13,9,26,24,72,16,22,38,110
01/30/2021,SWF,NY,AEA,EN,Federal Contract Tower,5,7,20,0,32,0,0,38,15,53,5,7,58,15,85,38,0,38,123
02/01/2021,SWF,NY,AEA,EN,Federal Contract Tower,0,0,2,0,2,0,0,0,0,0,0,0,2,0,2,0,0,0,2
02/02/2021,SWF,NY,AEA,EN,Federal Contract Tower,8,6,0,0,14,0,0,0,0,0,8,6,0,0,14,0,0,0,14
02/03/2021,SWF,NY,AEA,EN,Federal Contract Tower,11,11,12,2,36,0,3,8,0,11,11,14,20,2,47,0,0,0,47
02/04/2021,SWF,NY,AEA,EN,Federal Contract Tower,12,12,29,6,59,0,3,40,5,48,12,15,69,11,107,32,12,44,151
02/05/2021,SWF,NY,AEA,EN,Federal Contract Tower,9,5,11,1,26,0,1,7,2,10,9,6,18,3,36,0,32,32,68
02/08/2021,SWF,NY,AEA,EN,Federal Contract Tower,3,5,17,1,26,0,4,58,5,67,3,9,75,6,93,76,38,114,207
02/09/2021,SWF,NY,AEA,EN,Federal Contract Tower,10,7,6,0,23,0,0,0,0,0,10,7,6,0,23,0,0,0,23
02/10/2021,SWF,NY,AEA,EN,Federal Contract Tower,11,10,23,4,48,0,2,34,6,42,11,12,57,10,90,30,16,46,136
02/11/2021,SWF,NY,AEA,EN,Federal Contract Tower,7,11,11,6,35,0,2,16,0,18,7,13,27,6,53,30,34,64,117
02/12/2021,SWF,NY,AEA,EN,Federal Contract Tower,13,6,15,3,37,0,1,20,0,21,13,7,35,3,58,10,0,10,68
02/14/2021,SWF,NY,AEA,EN,Federal Contract Tower,3,6,10,1,20,0,0,2,0,2,3,6,12,1,22,0,0,0,22
02/15/2021,SWF,NY,AEA,EN,Federal Contract Tower,4,6,4,0,14,0,0,0,0,0,4,6,4,0,14,0,0,0,14
02/16/2021,SWF,NY,AEA,EN,Federal Contract Tower,2,2,4,8,16,0,0,3,0,3,2,2,7,8,19,0,0,0,19
02/17/2021,SWF,NY,AEA,EN,Federal Contract Tower,7,8,23,10,48,0,0,32,0,32,7,8,55,10,80,10,44,54,134
02/19/2021,SWF,NY,AEA,EN,Federal Contract Tower,10,13,5,0,28,0,0,0,0,0,10,13,5,0,28,0,0,0,28
02/21/2021,SWF,NY,AEA,EN,Federal Contract Tower,2,6,18,0,26,0,0,60,2,62,2,6,78,2,88,22,0,22,110
02/22/2021,SWF,NY,AEA,EN,Federal Contract Tower,5,6,5,2,18,0,1,1,0,2,5,7,6,2,20,0,0,0,20
02/23/2021,SWF,NY,AEA,EN,Federal Contract Tower,12,4,8,6,30,0,0,3,0,3,12,4,11,6,33,0,16,16,49
02/24/2021,SWF,NY,AEA,EN,Federal Contract Tower,9,7,12,6,34,0,2,22,0,24,9,9,34,6,58,16,0,16,74
02/25/2021,SWF,NY,AEA,EN,Federal Contract Tower,8,9,17,8,42,0,1,34,4,39,8,10,51,12,81,28,20,48,129
02/26/2021,SWF,NY,AEA,EN,Federal Contract Tower,12,11,26,12,61,0,4,37,8,49,12,15,63,20,110,36,6,42,152
02/27/2021,SWF,NY,AEA,EN,Federal Contract Tower,6,8,7,2,23,0,0,0,0,0,6,8,7,2,23,0,0,0,23
02/28/2021,SWF,NY,AEA,EN,Federal Contract Tower,3,8,11,1,23,0,1,35,0,36,3,9,46,1,59,22,0,22,81
03/01/2021,SWF,NY,AEA,EN,Federal Contract Tower,4,12,6,2,24,0,5,4,0,9,4,17,10,2,33,4,0,4,37
03/02/2021,SWF,NY,AEA,EN,Federal Contract Tower,8,10,16,3,37,0,0,17,0,17,8,10,33,3,54,28,16,44,98
03/03/2021,SWF,NY,AEA,EN,Federal Contract Tower,8,13,18,9,48,0,1,47,13,61,8,14,65,22,109,38,20,58,167
03/04/2021,SWF,NY,AEA,EN,Federal Contract Tower,10,11,20,11,52,0,0,19,4,23,10,11,39,15,75,4,16,20,95
03/06/2021,SWF,NY,AEA,EN,Federal Contract Tower,4,10,11,1,26,0,2,30,3,35,4,12,41,4,61,20,12,32,93
03/07/2021,SWF,NY,AEA,EN,Federal Contract Tower,2,9,19,1,31,0,1,59,2,62,2,10,78,3,93,30,26,56,149
03/08/2021,SWF,NY,AEA,EN,Federal Contract Tower,5,5,6,4,20,0,1,77,3,81,5,6,83,7,101,50,10,60,161
03/09/2021,SWF,NY,AEA,EN,Federal Contract Tower,15,10,10,6,41,0,1,25,0,26,15,11,35,6,67,46,0,46,113
03/10/2021,SWF,NY,AEA,EN,Federal Contract Tower,11,13,15,12,51,0,3,32,2,37,11,16,47,14,88,12,20,32,120
03/11/2021,SWF,NY,AEA,EN,Federal Contract Tower,11,10,20,4,45,0,4,18,5,27,11,14,38,9,72,22,14,36,108
03/13/2021,SWF,NY,AEA,EN,Federal Contract Tower,3,8,10,0,21,0,0,40,1,41,3,8,50,1,62,18,6,24,86
03/14/2021,SWF,NY,AEA,EN,Federal Contract Tower,2,8,14,0,24,0,0,26,0,26,2,8,40,0,50,8,0,8,58
03/15/2021,SWF,NY,AEA,EN,Federal Contract Tower,5,6,4,7,22,0,4,14,9,27,5,10,18,16,49,18,0,18,67
03/16/2021,SWF,NY,AEA,EN,Federal Contract Tower,10,10,16,8,44,0,2,45,10,57,10,12,61,18,101,10,8,18,119
03/18/2021,SWF,NY,AEA,EN,Federal Contract Tower,9,9,12,3,33,0,0,0,0,0,9,9,12,3,33,0,0,0,33
03/20/2021,SWF,NY,AEA,EN,Federal Contract Tower,3,2,15,2,22,0,4,81,2,87,3,6,96,4,109,36,16,52,161
03/21/2021,SWF,NY,AEA,EN,Federal Contract Tower,2,4,10,0,16,0,2,37,0,39,2,6,47,0,55,32,0,32,87
03/22/2021,SWF,NY,AEA,EN,Federal Contract Tower,5,8,11,1,25,0,0,28,4,32,5,8,39,5,57,12,0,12,69
03/23/2021,SWF,NY,AEA,EN,Federal Contract Tower,14,5,19,3,41,0,0,35,5,40,14,5,54,8,81,16,10,26,107
03/24/2021,SWF,NY,AEA,EN,Federal Contract Tower,10,9,15,12,46,0,0,2,1,3,10,9,17,13,49,4,0,4,53
03/26/2021,SWF,NY,AEA,EN,Federal Contract Tower,14,26,5,4,49,0,0,6,6,12,14,26,11,10,61,0,0,0,61
03/27/2021,SWF,NY,AEA,EN,Federal Contract Tower,5,13,16,0,34,0,1,87,0,88,5,14,103,0,122,26,0,26,148
03/28/2021,SWF,NY,AEA,EN,Federal Contract Tower,2,16,13,0,31,0,0,2,0,2,2,16,15,0,33,0,0,0,33
03/29/2021,SWF,NY,AEA,EN,Federal Contract Tower,5,9,12,3,29,0,4,13,3,20,5,13,25,6,49,22,0,22,71
03/30/2021,SWF,NY,AEA,EN,Federal Contract Tower,8,9,19,8,44,0,3,33,10,46,8,12,52,18,90,18,46,64,154
03/31/2021,SWF,NY,AEA,EN,Federal Contract Tower,9,8,17,4,38,0,2,3,0,5,9,10,20,4,43,0,0,0,43
04/02/2021,SWF,NY,AEA,EN,Federal Contract Tower,10,9,16,3,38,0,5,36,0,41,10,14,52,3,79,2,0,2,81
04/03/2021,SWF,NY,AEA,EN,Federal Contract Tower,5,8,16,3,32,0,3,56,1,60,5,11,72,4,92,6,0,6,98
04/04/2021,SWF,NY,AEA,EN,Federal Contract Tower,2,10,12,0,24,0,1,59,0,60,2,11,71,0,84,20,0,20,104
04/05/2021,SWF,NY,AEA,EN,Federal Contract Tower,5,8,11,1,25,0,0,34,0,34,5,8,45,1,59,130,0,130,189
04/06/2021,SWF,NY,AEA,EN,Federal Contract Tower,2,3,18,5,28,0,0,61,4,65,2,3,79,9,93,50,0,50,143
04/07/2021,SWF,NY,AEA,EN,Federal Contract Tower,6,8,11,2,27,0,6,46,5,57,6,14,57,7,84,28,10,38,122
04/09/2021,SWF,NY,AEA,EN,Federal Contract Tower,10,7,11,7,35,0,2,54,5,61,10,9,65,12,96,6,18,24,120
04/10/2021,SWF,NY,AEA,EN,Federal Contract Tower,3,6,17,5,31,0,2,40,0,42,3,8,57,5,73,0,0,0,73
04/11/2021,SWF,NY,AEA,EN,Federal Contract Tower,2,13,14,1,30,0,0,0,0,0,2,13,14,1,30,0,0,0,30
04/13/2021,SWF,NY,AEA,EN,Federal Contract Tower,6,1,10,2,19,0,4,46,7,57,6,5,56,9,76,50,20,70,146
04/15/2021,SWF,NY,AEA,EN,Federal Contract Tower,8,7,11,6,32,0,0,2,0,2,8,7,13,6,34,0,0,0,34
04/16/2021,SWF,NY,AEA,EN,Federal Contract Tower,9,8,24,7,48,0,0,4,7,11,9,8,28,14,59,0,12,12,71
04/17/2021,SWF,NY,AEA,EN,Federal Contract Tower,6,5,11,11,33,0,2,57,18,77,6,7,68,29,110,8,30,38,148
04/18/2021,SWF,NY,AEA,EN,Federal Contract Tower,3,12,12,1,28,0,5,50,3,58,3,17,62,4,86,24,6,30,116
04/19/2021,SWF,NY,AEA,EN,Federal Contract Tower,3,3,13,1,20,0,0,27,2,29,3,3,40,3,49,34,0,34,83
04/20/2021,SWF,NY,AEA,EN,Federal Contract Tower,4,5,15,9,33,0,2,30,9,41,4,7,45,18,74,24,10,34,108
04/22/2021,SWF,NY,AEA,EN,Federal Contract Tower,8,7,14,8,37,0,3,20,5,28,8,10,34,13,65,16,22,38,103
04/23/2021,SWF,NY,AEA,EN,Federal Contract Tower,8,2,10,9,29,0,2,28,8,38,8,4,38,17,67,6,14,20,87
04/24/2021,SWF,NY,AEA,EN,Federal Contract Tower,3,2,8,1,14,0,2,32,3,37,3,4,40,4,51,0,6,6,57
04/25/2021,SWF,NY,AEA,EN,Federal Contract Tower,2,7,5,1,15,0,0,0,0,0,2,7,5,1,15,0,0,0,15
04/26/2021,SWF,NY,AEA,EN,Federal Contract Tower,5,11,20,3,39,0,0,30,2,32,5,11,50,5,71,36,4,40,111
04/27/2021,SWF,NY,AEA,EN,Federal Contract Tower,7,5,12,7,31,0,2,38,10,50,7,7,50,17,81,16,34,50,131
04/29/2021,SWF,NY,AEA,EN,Federal Contract Tower,7,12,12,21,52,0,0,17,20,37,7,12,29,41,89,18,62,80,169
04/30/2021,SWF,NY,AEA,EN,Federal Contract Tower,8,20,8,3,39,0,0,10,0,10,8,20,18,3,49,0,0,0,49
05/01/2021,SWF,NY,AEA,EN,Federal Contract Tower,3,11,13,3,30,0,5,23,1,29,3,16,36,4,59,26,18,44,103
05/02/2021,SWF,NY,AEA,EN,Federal Contract Tower,2,12,23,0,37,0,7,24,0,31,2,19,47,0,68,42,2,44,112
05/03/2021,SWF,NY,AEA,EN,Federal Contract Tower,3,5,17,5,30,0,0,22,0,22,3,5,39,5,52,6,0,6,58
05/05/2021,SWF,NY,AEA,EN,Federal Contract Tower,8,1,7,3,19,0,0,0,0,0,8,1,7,3,19,0,0,0,19
05/06/2021,SWF,NY,AEA,EN,Federal Contract Tower,11,6,26,6,49,0,11,36,15,62,11,17,62,21,111,10,8,18,129
05/07/2021,SWF,NY,AEA,EN,Federal Contract Tower,7,8,6,5,26,0,0,27,2,29,7,8,33,7,55,10,0,10,65
05/08/2021,SWF,NY,AEA,EN,Federal Contract Tower,3,8,9,2,22,0,0,4,0,4,3,8,13,2,26,0,0,0,26
05/09/2021,SWF,NY,AEA,EN,Federal Contract Tower,5,10,11,1,27,0,0,20,0,20,5,10,31,1,47,14,0,14,61
05/10/2021,SWF,NY,AEA,EN,Federal Contract Tower,3,11,17,8,39,0,0,28,4,32,3,11,45,12,71,8,16,24,95
05/12/2021,SWF,NY,AEA,EN,Federal Contract Tower,6,5,13,6,30,0,7,62,7,76,6,12,75,13,106,26,30,56,162
05/13/2021,SWF,NY,AEA,EN,Federal Contract Tower,12,5,16,10,43,0,14,117,32,163,12,19,133,42,206,22,58,80,286
05/14/2021,SWF,NY,AEA,EN,Federal Contract Tower,4,4,5,0,13,0,0,26,0,26,4,4,31,0,39,8,0,8,47
05/15/2021,SWF,NY,AEA,EN,Federal Contract Tower,5,7,7,2,21,0,0,65,0,65,5,7,72,2,86,6,0,6,92
05/16/2021,SWF,NY,AEA,EN,Federal Contract Tower,4,11,7,4,26,0,6,37,0,43,4,17,44,4,69,16,0,16,85
05/17/2021,SWF,NY,AEA,EN,Federal Contract Tower,3,11,13,1,28,0,3,43,6,52,3,14,56,7,80,42,20,62,142
05/19/2021,SWF,NY,AEA,EN,Federal Contract Tower,6,4,21,5,36,0,10,94,5,109,6,14,115,10,145,32,12,44,189
05/20/2021,SWF,NY,AEA,EN,Federal Contract Tower,10,11,11,3,35,0,3,71,5,79,10,14,82,8,114,8,16,24,138
05/21/2021,SWF,NY,AEA,EN,Federal Contract Tower,8,13,12,6,39,0,2,64,5,71,8,15,76,11,110,10,24,34,144
05/22/2021,SWF,NY,AEA,EN,Federal Contract Tower,3,5,6,6,20,0,4,26,0,30,3,9,32,6,50,16,0,16,66
05/23/2021,SWF,NY,AEA,EN,Federal Contract Tower,4,17,5,1,27,0,2,16,0,18,4,19,21,1,45,26,0,26,71
05/25/2021,SWF,NY,AEA,EN,Federal Contract Tower,6,10,15,12,43,0,2,84,23,109,6,12,99,35,152,62,8,70,222
05/26/2021,SWF,NY,AEA,EN,Federal Contract Tower,8,7,27,14,56,0,6,77,5,88,8,13,104,19,144,44,12,56,200
05/27/2021,SWF,NY,AEA,EN,Federal Contract Tower,9,9,17,5,40,0,6,76,6,88,9,15,93,11,128,38,44,82,210
05/28/2021,SWF,NY,AEA,EN,Federal Contract Tower,11,19,16,3,49,0,4,23,1,28,11,23,39,4,77,6,0,6,83
05/29/2021,SWF,NY,AEA,EN,Federal Contract Tower,6,10,17,1,34,0,0,0,0,0,6,10,17,1,34,0,0,0,34
05/30/2021,SWF,NY,AEA,EN,Federal Contract Tower,2,5,7,1,15,0,0,0,0,0,2,5,7,1,15,0,0,0,15
06/01/2021,SWF,NY,AEA,EN,Federal Contract Tower,5,3,11,2,21,0,2,58,3,63,5,5,69,5,84,10,0,10,94
06/02/2021,SWF,NY,AEA,EN,Federal Contract Tower,12,5,18,7,42,0,0,59,19,78,12,5,77,26,120,10,22,32,152
06/03/2021,SWF,NY,AEA,EN,Federal Contract Tower,8,8,11,10,37,0,6,16,12,34,8,14,27,22,71,0,0,0,71
06/04/2021,SWF,NY,AEA,EN,Federal Contract Tower,11,7,10,4,32,0,3,11,0,14,11,10,21,4,46,6,0,6,52
06/05/2021,SWF,NY,AEA,EN,Federal Contract Tower,6,2,4,0,12,0,2,19,0,21,6,4,23,0,33,31,0,31,64
06/06/2021,SWF,NY,AEA,EN,Federal Contract Tower,3,13,10,3,29,0,0,36,0,36,3,13,46,3,65,8,0,8,73
06/09/2021,SWF,NY,AEA,EN,Federal Contract Tower,10,7,15,3,35,0,2,48,3,53,10,9,63,6,88,20,14,34,122
06/10/2021,SWF,NY,AEA,EN,Federal Contract Tower,8,10,20,9,47,0,6,95,15,116,8,16,115,24,163,28,16,44,207
06/11/2021,SWF,NY,AEA,EN,Federal Contract Tower,13,15,39,4,71,0,1,77,6,84,13,16,116,10,155,44,0,44,199
06/14/2021,SWF,NY,AEA,EN,Federal Contract Tower,7,10,18,1,36,0,0,0,0,0,7,10,18,1,36,0,0,0,36
06/15/2021,SWF,NY,AEA,EN,Federal Contract Tower,8,17,20,12,57,0,2,54,4,60,8,19,74,16,117,10,40,50,167
06/16/2021,SWF,NY,AEA,EN,Federal Contract Tower,9,12,14,4,39,0,1,45,6,52,9,13,59,10,91,24,6,30,121
06/17/2021,SWF,NY,AEA,EN,Federal Contract Tower,10,16,15,8,49,0,7,49,0,56,10,23,64,8,105,32,4,36,141
06/18/2021,SWF,NY,AEA,EN,Federal Contract Tower,12,10,20,14,56,0,0,46,14,60,12,10,66,28,116,14,0,14,130
06/19/2021,SWF,NY,AEA,EN,Federal Contract Tower,9,7,13,0,29,0,2,23,1,26,9,9,36,1,55,4,0,4,59
06/21/2021,SWF,NY,AEA,EN,Federal Contract Tower,6,6,18,7,37,0,0,30,4,34,6,6,48,11,71,10,40,50,121
06/22/2021,SWF,NY,AEA,EN,Federal Contract Tower,7,11,13,5,36,0,0,0,0,0,7,11,13,5,36,0,0,0,36
06/23/2021,SWF,NY,AEA,EN,Federal Contract Tower,15,6,15,11,47,0,3,65,18,86,15,9,80,29,133,16,56,72,205
06/24/2021,SWF,NY,AEA,EN,Federal Contract Tower,10,12,22,5,49,0,7,59,36,102,10,19,81,41,151,32,30,62,213
06/25/2021,SWF,NY,AEA,EN,Federal Contract Tower,9,7,16,10,42,0,0,28,11,39,9,7,44,21,81,14,0,14,95
06/26/2021,SWF,NY,AEA,EN,Federal Contract Tower,9,16,18,2,45,0,6,19,7,32,9,22,37,9,77,6,0,6,83
06/28/2021,SWF,NY,AEA,EN,Federal Contract Tower,7,9,23,6,45,0,2,50,4,56,7,11,73,10,101,34,0,34,135
06/29/2021,SWF,NY,AEA,EN,Federal Contract Tower,8,16,12,6,42,0,4,51,5,60,8,20,63,11,102,16,4,20,122
06/30/2021,SWF,NY,AEA,EN,Federal Contract Tower,12,12,14,2,40,0,4,64,7,75,12,16,78,9,115,28,8,36,151
07/01/2021,SWF,NY,AEA,EN,Federal Contract Tower,10,12,13,3,38,0,0,1,0,1,10,12,14,3,39,0,0,0,39
07/02/2021,SWF,NY,AEA,EN,Federal Contract Tower,13,13,25,0,51,0,0,7,0,7,13,13,32,0,58,4,0,4,62
07/04/2021,SWF,NY,AEA,EN,Federal Contract Tower,3,9,6,0,18,0,1,16,0,17,3,10,22,0,35,12,0,12,47
07/05/2021,SWF,NY,AEA,EN,Federal Contract Tower,4,17,14,0,35,0,3,47,0,50,4,20,61,0,85,14,0,14,99
07/06/2021,SWF,NY,AEA,EN,Federal Contract Tower,5,14,18,7,44,0,1,30,11,42,5,15,48,18,86,0,18,18,104
07/07/2021,SWF,NY,AEA,EN,Federal Contract Tower,13,9,16,10,48,0,2,33,7,42,13,11,49,17,90,20,32,52,142
07/08/2021,SWF,NY,AEA,EN,Federal Contract Tower,12,16,21,6,55,0,2,4,2,8,12,18,25,8,63,0,0,0,63
07/09/2021,SWF,NY,AEA,EN,Federal Contract Tower,11,18,13,2,44,0,1,9,0,10,11,19,22,2,54,10,0,10,64
07/11/2021,SWF,NY,AEA,EN,Federal Contract Tower,4,13,14,0,31,0,0,1,16,17,4,13,15,16,48,0,4,4,52
07/12/2021,SWF,NY,AEA,EN,Federal Contract Tower,7,12,21,1,41,0,0,0,0,0,7,12,21,1,41,0,0,0,41
07/13/2021,SWF,NY,AEA,EN,Federal Contract Tower,6,14,20,4,44,0,0,0,0,0,6,14,20,4,44,0,0,0,44
07/14/2021,SWF,NY,AEA,EN,Federal Contract Tower,12,13,23,15,63,0,1,15,4,20,12,14,38,19,83,0,0,0,83
07/15/2021,SWF,NY,AEA,EN,Federal Contract Tower,10,13,16,4,43,0,5,53,6,64,10,18,69,10,107,46,0,46,153
07/16/2021,SWF,NY,AEA,EN,Federal Contract Tower,10,18,18,1,47,0,1,26,1,28,10,19,44,2,75,0,0,0,75
07/18/2021,SWF,NY,AEA,EN,Federal Contract Tower,6,11,14,0,31,0,0,0,0,0,6,11,14,0,31,0,0,0,31
07/19/2021,SWF,NY,AEA,EN,Federal Contract Tower,8,17,17,3,45,0,4,52,20,76,8,21,69,23,121,4,0,4,125
07/20/2021,SWF,NY,AEA,EN,Federal Contract Tower,9,6,29,5,49,0,0,70,3,73,9,6,99,8,122,0,10,10,132
07/21/2021,SWF,NY,AEA,EN,Federal Contract Tower,14,11,14,4,43,0,0,33,3,36,14,11,47,7,79,0,16,16,95
07/22/2021,SWF,NY,AEA,EN,Federal Contract Tower,10,11,18,8,47,0,3,72,17,92,10,14,90,25,139,20,46,66,205
07/23/2021,SWF,NY,AEA,EN,Federal Contract Tower,15,8,18,9,50,0,0,38,25,63,15,8,56,34,113,22,14,36,149
07/24/2021,SWF,NY,AEA,EN,Federal Contract Tower,7,4,9,3,23,0,0,48,0,48,7,4,57,3,71,10,0,10,81
07/25/2021,SWF,NY,AEA,EN,Federal Contract Tower,3,12,13,1,29,0,0,22,10,32,3,12,35,11,61,0,0,0,61
07/26/2021,SWF,NY,AEA,EN,Federal Contract Tower,7,11,24,3,45,0,0,40,5,45,7,11,64,8,90,14,0,14,104
07/27/2021,SWF,NY,AEA,EN,Federal Contract Tower,5,11,20,0,36,0,1,19,0,20,5,12,39,0,56,2,0,2,58
07/28/2021,SWF,NY,AEA,EN,Federal Contract Tower,11,6,11,5,33,0,0,36,6,42,11,6,47,11,75,8,24,32,107
07/29/2021,SWF,NY,AEA,EN,Federal Contract Tower,12,20,9,1,42,0,4,9,3,16,12,24,18,4,58,4,24,28,86
07/31/2021,SWF,NY,AEA,EN,Federal Contract Tower,9,8,27,0,44,0,2,54,0,56,9,10,81,0,100,24,0,24,124
08/01/2021,SWF,NY,AEA,EN,Federal Contract Tower,4,19,19,0,42,0,0,43,2,45,4,19,62,2,87,18,0,18,105
08/02/2021,SWF,NY,AEA,EN,Federal Contract Tower,9,13,19,0,41,0,6,55,12,73,9,19,74,12,114,64,0,64,178
08/03/2021,SWF,NY,AEA,EN,Federal Contract Tower,8,8,24,3,43,0,2,69,4,75,8,10,93,7,118,112,40,152,270
08/04/2021,SWF,NY,AEA,EN,Federal Contract Tower,11,10,30,4,55,0,0,59,0,59,11,10,89,4,114,58,0,58,172
08/05/2021,SWF,NY,AEA,EN,Federal Contract Tower,10,10,19,6,45,0,6,39,5,50,10,16,58,11,95,14,38,52,147
08/06/2021,SWF,NY,AEA,EN,Federal Contract Tower,12,6,20,1,39,0,1,48,9,58,12,7,68,10,97,14,0,14,111
08/07/2021,SWF,NY,AEA,EN,Federal Contract Tower,5,3,15,3,26,0,2,47,5,54,5,5,62,8,80,8,0,8,88
08/08/2021,SWF,NY,AEA,EN,Federal Contract Tower,4,16,21,5,46,0,4,82,8,94,4,20,103,13,140,36,0,36,176
08/09/2021,SWF,NY,AEA,EN,Federal Contract Tower,9,10,25,1,45,0,4,66,2,72,9,14,91,3,117,38,10,48,165
08/10/2021,SWF,NY,AEA,EN,Federal Contract Tower,7,8,12,7,34,0,0,31,1,32,7,8,43,8,66,6,14,20,86
08/11/2021,SWF,NY,AEA,EN,Federal Contract Tower,16,11,15,4,46,0,1,25,10,36,16,12,40,14,82,4,8,12,94
08/12/2021,SWF,NY,AEA,EN,Federal Contract Tower,9,8,16,6,39,0,2,27,2,31,9,10,43,8,70,10,26,36,106
08/14/2021,SWF,NY,AEA,EN,Federal Contract Tower,11,10,24,0,45,0,0,69,2,71,11,10,93,2,116,48,0,48,164
08/15/2021,SWF,NY,AEA,EN,Federal Contract Tower,4,17,28,1,50,0,7,64,0,71,4,24,92,1,121,66,0,66,187
08/16/2021,SWF,NY,AEA,EN,Federal Contract Tower,8,16,18,3,45,0,0,42,0,42,8,16,60,3,87,72,0,72,159
08/17/2021,SWF,NY,AEA,EN,Federal Contract Tower,7,2,15,6,30,0,1,8,4,13,7,3,23,10,43,4,14,18,61
08/18/2021,SWF,NY,AEA,EN,Federal Contract Tower,8,6,14,4,32,0,0,2,3,5,8,6,16,7,37,0,4,4,41
08/20/2021,SWF,NY,AEA,EN,Federal Contract Tower,10,9,19,1,39,0,0,50,2,52,10,9,69,3,91,28,0,28,119
08/21/2021,SWF,NY,AEA,EN,Federal Contract Tower,8,18,7,0,33,0,0,19,0,19,8,18,26,0,52,36,0,36,88
08/22/2021,SWF,NY,AEA,EN,Federal Contract Tower,4,9,5,1,19,0,0,0,0,0,4,9,5,1,19,0,0,0,19
08/23/2021,SWF,NY,AEA,EN,Federal Contract Tower,7,11,9,2,29,0,0,3,0,3,7,11,12,2,32,20,0,20,52
08/24/2021,SWF,NY,AEA,EN,Federal Contract Tower,7,12,18,5,42,0,5,41,8,54,7,17,59,13,96,54,8,62,158
08/25/2021,SWF,NY,AEA,EN,Federal Contract Tower,11,10,14,11,46,0,4,59,16,79,11,14,73,27,125,30,12,42,167
08/27/2021,SWF,NY,AEA,EN,Federal Contract Tower,13,20,21,4,58,0,0,64,14,78,13,20,85,18,136,24,0,24,160
08/29/2021,SWF,NY,AEA,EN,Federal Contract Tower,4,11,22,5,42,0,3,17,2,22,4,14,39,7,64,12,10,22,86
08/30/2021,SWF,NY,AEA,EN,Federal Contract Tower,6,13,16,7,42,0,0,15,0,15,6,13,31,7,57,0,0,0,57
08/31/2021,SWF,NY,AEA,EN,Federal Contract Tower,7,10,23,4,44,0,0,37,8,45,7,10,60,12,89,36,4,40,129
09/01/2021,SWF,NY,AEA,EN,Federal Contract Tower,5,9,27,4,45,0,0,0,0,0,5,9,27,4,45,0,0,0,45
09/03/2021,SWF,NY,AEA,EN,Federal Contract Tower,16,16,32,2,66,0,3,110,16,129,16,19,142,18,195,68,18,86,281
09/04/2021,SWF,NY,AEA,EN,Federal Contract Tower,4,9,14,1,28,0,4,64,0,68,4,13,78,1,96,12,0,12,108
09/05/2021,SWF,NY,AEA,EN,Federal Contract Tower,2,12,16,1,31,0,0,4,0,4,2,12,20,1,35,8,0,8,43
09/06/2021,SWF,NY,AEA,EN,Federal Contract Tower,8,14,20,1,43,0,0,18,4,22,8,14,38,5,65,4,0,4,69
09/07/2021,SWF,NY,AEA,EN,Federal Contract Tower,5,10,27,3,45,0,0,44,2,46,5,10,71,5,91,4,0,4,95
09/10/2021,SWF,NY,AEA,EN,Federal Contract Tower,7,16,9,8,40,0,2,52,37,91,7,18,61,45,131,6,68,74,205
09/11/2021,SWF,NY,AEA,EN,Federal Contract Tower,4,9,16,5,34,0,2,78,30,110,4,11,94,35,144,36,0,36,180
09/12/2021,SWF,NY,AEA,EN,Federal Contract Tower,3,14,18,4,39,0,4,88,11,103,3,18,106,15,142,68,54,122,264
09/13/2021,SWF,NY,AEA,EN,Federal Contract Tower,1,8,21,1,31,0,2,39,1,42,1,10,60,2,73,0,26,26,99
09/14/2021,SWF,NY,AEA,EN,Federal Contract Tower,7,10,17,10,44,0,5,61,12,78,7,15,78,22,122,22,28,50,172
09/17/2021,SWF,NY,AEA,EN,Federal Contract Tower,6,8,33,6,53,0,0,19,0,19,6,8,52,6,72,0,0,0,72
09/18/2021,SWF,NY,AEA,EN,Federal Contract Tower,3,5,17,5,30,0,2,75,23,100,3,7,92,28,130,40,0,40,170
09/19/2021,SWF,NY,AEA,EN,Federal Contract Tower,9,11,24,0,44,0,15,131,0,146,9,26,155,0,190,84,0,84,274
09/20/2021,SWF,NY,AEA,EN,Federal Contract Tower,5,12,15,3,35,0,0,46,2,48,5,12,61,5,83,22,20,42,125
09/21/2021,SWF,NY,AEA,EN,Federal Contract Tower,6,11,20,9,46,0,6,47,9,62,6,17,67,18,108,4,20,24,132
09/23/2021,SWF,NY,AEA,EN,Federal Contract Tower,12,8,18,0,38,0,0,30,0,30,12,8,48,0,68,56,0,56,124
09/24/2021,SWF,NY,AEA,EN,Federal Contract Tower,9,7,10,6,32,0,7,66,2,75,9,14,76,8,107,22,4,26,133
09/25/2021,SWF,NY,AEA,EN,Federal Contract Tower,9,6,14,1,30,0,12,76,6,94,9,18,90,7,124,28,0,28,152
09/26/2021,SWF,NY,AEA,EN,Federal Contract Tower,6,18,20,5,49,0,0,48,2,50,6,18,68,7,99,44,2,46,145
09/27/2021,SWF,NY,AEA,EN,Federal Contract Tower,1,8,20,2,31,0,2,46,6,54,1,10,66,8,85,28,6,34,119
09/29/2021,SWF,NY,AEA,EN,Federal Contract Tower,8,8,17,4,37,0,4,97,8,109,8,12,114,12,146,60,28,88,234
09/30/2021,SWF,NY,AEA,EN,Federal Contract Tower,10,10,8,2,30,0,2,62,1,65,10,12,70,3,95,10,0,10,105
10/01/2021,SWF,NY,AEA,EN,Federal Contract Tower,8,6,17,1,32,0,1,65,3,69,8,7,82,4,101,8,24,32,133
10/02/2021,SWF,NY,AEA,EN,Federal Contract Tower,3,7,13,0,23,0,1,24,2,27,3,8,37,2,50,0,30,30,80
10/03/2021,SWF,NY,AEA,EN,Federal Contract Tower,6,10,22,0,38,0,0,54,0,54,6,10,76,0,92,30,0,30,122
10/04/2021,SWF,NY,AEA,EN,Federal Contract Tower,1,14,21,0,36,0,0,0,0,0,1,14,21,0,36,0,0,0,36
10/06/2021,SWF,NY,AEA,EN,Federal Contract Tower,6,8,26,8,48,0,1,41,5,47,6,9,67,13,95,0,8,8,103
10/07/2021,SWF,NY,AEA,EN,Federal Contract Tower,11,14,38,10,73,0,5,48,5,58,11,19,86,15,131,4,10,14,145
10/08/2021,SWF,NY,AEA,EN,Federal Contract Tower,11,13,18,4,46,0,3,26,4,33,11,16,44,8,79,0,0,0,79
10/09/2021,SWF,NY,AEA,EN,Federal Contract Tower,3,11,19,0,33,0,0,18,0,18,3,11,37,0,51,30,0,30,81
10/10/2021,SWF,NY,AEA,EN,Federal Contract Tower,5,5,14,0,24,0,0,5,0,5,5,5,19,0,29,10,0,10,39
10/11/2021,SWF,NY,AEA,EN,Federal Contract Tower,6,16,21,1,44,0,2,58,0,60,6,18,79,1,104,20,0,20,124
10/13/2021,SWF,NY,AEA,EN,Federal Contract Tower,7,3,17,8,35,0,0,38,3,41,7,3,55,11,76,0,28,28,104
10/14/2021,SWF,NY,AEA,EN,Federal Contract Tower,10,13,18,7,48,0,1,95,16,112,10,14,113,23,160,56,32,88,248
10/15/2021,SWF,NY,AEA,EN,Federal Contract Tower,11,7,27,12,57,0,0,106,19,125,11,7,133,31,182,34,18,52,234
10/16/2021,SWF,NY,AEA,EN,Federal Contract Tower,3,10,10,1,24,0,0,35,0,35,3,10,45,1,59,22,0,22,81
10/17/2021,SWF,NY,AEA,EN,Federal Contract Tower,8,16,26,0,50,0,0,19,0,19,8,16,45,0,69,0,0,0,69
10/19/2021,SWF,NY,AEA,EN,Federal Contract Tower,6,6,11,3,26,0,1,78,3,82,6,7,89,6,108,14,16,30,138
10/20/2021,SWF,NY,AEA,EN,Federal Contract Tower,9,7,18,9,43,0,2,71,17,90,9,9,89,26,133,38,52,90,223
10/21/2021,SWF,NY,AEA,EN,Federal Contract Tower,10,11,26,9,56,0,3,99,7,109,10,14,125,16,165,22,18,40,205
10/22/2021,SWF,NY,AEA,EN,Federal Contract Tower,11,14,35,4,64,0,2,66,1,69,11,16,101,5,133,32,0,32,165
10/23/2021,SWF,NY,AEA,EN,Federal Contract Tower,3,10,35,0,48,0,0,65,2,67,3,10,100,2,115,18,0,18,133
10/26/2021,SWF,NY,AEA,EN,Federal Contract Tower,7,3,12,2,24,0,0,0,0,0,7,3,12,2,24,0,0,0,24
10/27/2021,SWF,NY,AEA,EN,Federal Contract Tower,6,5,24,4,39,0,0,13,15,28,6,5,37,19,67,6,24,30,97
10/28/2021,SWF,NY,AEA,EN,Federal Contract Tower,10,7,16,5,38,0,2,90,17,109,10,9,106,22,147,8,42,50,197
10/29/2021,SWF,NY,AEA,EN,Federal Contract Tower,15,11,19,6,51,0,0,85,0,85,15,11,104,6,136,26,0,26,162
10/30/2021,SWF,NY,AEA,EN,Federal Contract Tower,3,5,17,1,26,0,0,3,0,3,3,5,20,1,29,8,0,8,37
10/31/2021,SWF,NY,AEA,EN,Federal Contract Tower,2,3,9,0,14,0,0,46,0,46,2,3,55,0,60,20,0,20,80
11/02/2021,SWF,NY,AEA,EN,Federal Contract Tower,11,3,24,8,46,0,0,73,12,85,11,3,97,20,131,32,12,44,175
11/03/2021,SWF,NY,AEA,EN,Federal Contract Tower,6,4,27,10,47,0,5,112,5,122,6,9,139,15,169,22,32,54,223
11/04/2021,SWF,NY,AEA,EN,Federal Contract Tower,17,12,14,4,47,0,6,82,9,97,17,18,96,13,144,10,34,44,188
11/05/2021,SWF,NY,AEA,EN,Federal Contract Tower,14,10,11,5,40,0,2,59,3,64,14,12,70,8,104,6,30,36,140
11/06/2021,SWF,NY,AEA,EN,Federal Contract Tower,10,2,15,3,30,0,0,39,0,39,10,2,54,3,69,40,0,40,109
11/08/2021,SWF,NY,AEA,EN,Federal Contract Tower,8,13,17,4,42,0,6,78,14,98,8,19,95,18,140,44,0,44,184
11/09/2021,SWF,NY,AEA,EN,Federal Contract Tower,9,13,15,10,47,0,6,79,9,94,9,19,94,19,141,10,6,16,157
11/10/2021,SWF,NY,AEA,EN,Federal Contract Tower,7,6,18,9,40,0,4,84,14,102,7,10,102,23,142,64,28,92,234
11/11/2021,SWF,NY,AEA,EN,Federal Contract Tower,16,10,19,0,45,0,6,58,1,65,16,16,77,1,110,14,0,14,124
11/12/2021,SWF,NY,AEA,EN,Federal Contract Tower,9,8,20,1,38,0,0,23,0,23,9,8,43,1,61,16,0,16,77
11/13/2021,SWF,NY,AEA,EN,Federal Contract Tower,11,6,16,0,33,0,4,9,3,16,11,10,25,3,49,0,0,0,49
11/15/2021,SWF,NY,AEA,EN,Federal Contract Tower,7,11,16,8,42,0,1,25,0,26,7,12,41,8,68,8,0,8,76
11/16/2021,SWF,NY,AEA,EN,Federal Contract Tower,6,5,22,3,36,0,0,37,5,42,6,5,59,8,78,22,28,50,128
11/17/2021,SWF,NY,AEA,EN,Federal Contract Tower,8,3,15,15,41,0,4,47,10,61,8,7,62,25,102,20,14,34,136
11/18/2021,SWF,NY,AEA,EN,Federal Contract Tower,12,8,14,10,44,0,4,26,3,33,12,12,40,13,77,18,38,56,133
11/19/2021,SWF,NY,AEA,EN,Federal Contract Tower,10,3,9,3,25,0,0,38,0,38,10,3,47,3,63,36,0,36,99
11/20/2021,SWF,NY,AEA,EN,Federal Contract Tower,7,4,12,0,23,0,1,52,4,57,7,5,64,4,80,30,0,30,110
11/22/2021,SWF,NY,AEA,EN,Federal Contract Tower,9,11,13,0,33,0,5,56,5,66,9,16,69,5,99,18,10,28,127
11/23/2021,SWF,NY,AEA,EN,Federal Contract Tower,14,8,19,11,52,0,1,58,10,69,14,9,77,21,121,8,12,20,141
11/24/2021,SWF,NY,AEA,EN,Federal Contract Tower,16,4,20,2,42,0,4,60,6,70,16,8,80,8,112,38,16,54,166
11/25/2021,SWF,NY,AEA,EN,Federal Contract Tower,6,0,0,0,6,0,1,10,0,11,6,1,10,0,17,10,0,10,27
11/26/2021,SWF,NY,AEA,EN,Federal Contract Tower,6,0,11,0,17,0,0,0,0,0,6,0,11,0,17,0,0,0,17
11/28/2021,SWF,NY,AEA,EN,Federal Contract Tower,11,21,34,2,68,0,2,9,1,12,11,23,43,3,80,0,0,0,80
11/29/2021,SWF,NY,AEA,EN,Federal Contract Tower,5,17,13,0,35,0,0,33,3,36,5,17,46,3,71,34,10,44,115
11/30/2021,SWF,NY,AEA,EN,Federal Contract Tower,12,7,15,4,38,0,0,23,2,25,12,7,38,6,63,14,11,25,88
12/01/2021,SWF,NY,AEA,EN,Federal Contract Tower,10,8,18,3,39,0,10,72,12,94,10,18,90,15,133,14,18,32,165
12/02/2021,SWF,NY,AEA,EN,Federal Contract Tower,15,1,17,7,40,0,4,30,8,42,15,5,47,15,82,16,46,62,144
12/03/2021,SWF,NY,AEA,EN,Federal Contract Tower,7,5,9,5,26,0,0,14,5,19,7,5,23,10,45,2,14,16,61
12/04/2021,SWF,NY,AEA,EN,Federal Contract Tower,5,1,5,11,22,0,4,56,0,60,5,5,61,11,82,50,0,50,132
12/05/2021,SWF,NY,AEA,EN,Federal Contract Tower,6,6,17,0,29,0,1,60,0,61,6,7,77,0,90,16,0,16,106
12/06/2021,SWF,NY,AEA,EN,Federal Contract Tower,5,8,19,0,32,0,0,0,0,0,5,8,19,0,32,0,0,0,32
12/07/2021,SWF,NY,AEA,EN,Federal Contract Tower,9,7,14,9,39,0,4,57,6,67,9,11,71,15,106,20,58,78,184
12/08/2021,SWF,NY,AEA,EN,Federal Contract Tower,8,11,15,9,43,0,0,25,2,27,8,11,40,11,70,28,16,44,114
12/09/2021,SWF,NY,AEA,EN,Federal Contract Tower,15,7,27,6,55,0,1,50,21,72,15,8,77,27,127,18,58,76,203
12/10/2021,SWF,NY,AEA,EN,Federal Contract Tower,10,11,19,7,47,0,3,41,4,48,10,14,60,11,95,4,6,10,105
12/12/2021,SWF,NY,AEA,EN,Federal Contract Tower,8,5,14,2,29,0,6,23,19,48,8,11,37,21,77,28,0,28,105
12/13/2021,SWF,NY,AEA,EN,Federal Contract Tower,5,9,11,0,25,0,1,62,3,66,5,10,73,3,91,40,0,40,131
12/14/2021,SWF,NY,AEA,EN,Federal Contract Tower,7,8,19,7,41,0,4,87,9,100,7,12,106,16,141,30,32,62,203
12/15/2021,SWF,NY,AEA,EN,Federal Contract Tower,8,7,10,8,33,0,0,42,1,43,8,7,52,9,76,44,8,52,128
12/16/2021,SWF,NY,AEA,EN,Federal Contract Tower,15,15,17,8,55,0,0,36,13,49,15,15,53,21,104,16,42,58,162
12/18/2021,SWF,NY,AEA,EN,Federal Contract Tower,9,2,13,0,24,0,0,2,0,2,9,2,15,0,26,0,0,0,26
12/19/2021,SWF,NY,AEA,EN,Federal Contract Tower,10,2,14,1,27,0,0,27,0,27,10,2,41,1,54,30,0,30,84
12/20/2021,SWF,NY,AEA,EN,Federal Contract Tower,7,4,13,9,33,0,2,47,6,55,7,6,60,15,88,4,8,12,100
12/21/2021,SWF,NY,AEA,EN,Federal Contract Tower,13,5,13,5,36,0,1,51,2,54,13,6,64,7,90,0,0,0,90
12/22/2021,SWF,NY,AEA,EN,Federal Contract Tower,10,7,12,8,37,0,0,13,12,25,10,7,25,20,62,20,34,54,116
12/23/2021,SWF,NY,AEA,EN,Federal Contract Tower,15,9,12,2,38,0,0,19,1,20,15,9,31,3,58,14,0,14,72
12/25/2021,SWF,NY,AEA,EN,Federal Contract Tower,2,2,3,0,7,0,0,0,0,0,2,2,3,0,7,0,0,0,7
12/26/2021,SWF,NY,AEA,EN,Federal Contract Tower,6,7,15,0,28,0,0,28,0,28,6,7,43,0,56,18,0,18,74
12/27/2021,SWF,NY,AEA,EN,Federal Contract Tower,8,9,13,0,30,0,2,38,0,40,8,11,51,0,70,16,0,16,86
12/28/2021,SWF,NY,AEA,EN,Federal Contract Tower,14,7,7,0,28,0,0,23,0,23,14,7,30,0,51,18,0,18,69
12/29/2021,SWF,NY,AEA,EN,Federal Contract Tower,8,10,9,3,30,0,0,0,0,0,8,10,9,3,30,0,0,0,30
01/01/2022,SWF,NY,AEA,EN,Federal Contract Tower,3,10,14,0,27,0,0,0,0,0,3,10,14,0,27,0,0,0,27
01/02/2022,SWF,NY,AEA,EN,Federal Contract Tower,4,13,20,0,37,0,0,0,0,0,4,13,20,0,37,0,0,0,37
01/03/2022,SWF,NY,AEA,EN,Federal Contract Tower,5,2,22,0,29,0,2,39,0,41,5,4,61,0,70,0,0,0,70
01/04/2022,SWF,NY,AEA,EN,Federal Contract Tower,7,3,11,1,22,0,0,50,2,52,7,3,61,3,74,56,0,56,130
01/05/2022,SWF,NY,AEA,EN,Federal Contract Tower,8,11,14,0,33,0,0,4,0,4,8,11,18,0,37,0,0,0,37
01/06/2022,SWF,NY,AEA,EN,Federal Contract Tower,13,9,15,20,57,0,3,46,3,52,13,12,61,23,109,30,2,32,141
01/07/2022,SWF,NY,AEA,EN,Federal Contract Tower,8,6,3,4,21,0,0,0,0,0,8,6,3,4,21,0,0,0,21
01/08/2022,SWF,NY,AEA,EN,Federal Contract Tower,8,2,11,2,23,0,1,51,0,52,8,3,62,2,75,18,0,18,93
01/09/2022,SWF,NY,AEA,EN,Federal Contract Tower,6,3,5,1,15,0,0,0,0,0,6,3,5,1,15,0,0,0,15
01/10/2022,SWF,NY,AEA,EN,Federal Contract Tower,8,7,10,1,26,0,0,28,0,28,8,7,38,1,54,15,0,15,69
01/11/2022,SWF,NY,AEA,EN,Federal Contract Tower,8,3,13,11,35,0,3,17,1,21,8,6,30,12,56,18,0,18,74
01/12/2022,SWF,NY,AEA,EN,Federal Contract Tower,6,4,7,14,31,0,0,34,9,43,6,4,41,23,74,54,30,84,158
01/13/2022,SWF,NY,AEA,EN,Federal Contract Tower,17,9,21,4,51,0,0,64,17,81,17,9,85,21,132,18,22,40,172
01/14/2022,SWF,NY,AEA,EN,Federal Contract Tower,11,2,23,5,41,0,0,30,7,37,11,2,53,12,78,24,24,48,126
01/15/2022,SWF,NY,AEA,EN,Federal Contract Tower,5,9,15,0,29,0,2,32,0,34,5,11,47,0,63,8,0,8,71
01/16/2022,SWF,NY,AEA,EN,Federal Contract Tower,8,10,8,1,27,0,1,40,0,41,8,11,48,1,68,22,0,22,90
01/17/2022,SWF,NY,AEA,EN,Federal Contract Tower,5,6,5,0,16,0,0,0,0,0,5,6,5,0,16,0,0,0,16
01/18/2022,SWF,NY,AEA,EN,Federal Contract Tower,6,6,9,2,23,0,0,4,0,4,6,6,13,2,27,2,0,2,29
01/19/2022,SWF,NY,AEA,EN,Federal Contract Tower,8,3,20,9,40,0,0,20,4,24,8,3,40,13,64,0,6,6,70
01/20/2022,SWF,NY,AEA,EN,Federal Contract Tower,15,9,7,11,42,0,2,26,0,28,15,11,33,11,70,4,0,4,74
01/21/2022,SWF,NY,AEA,EN,Federal Contract Tower,9,3,17,2,31,0,2,56,6,64,9,5,73,8,95,28,8,36,131
01/22/2022,SWF,NY,AEA,EN,Federal Contract Tower,1,0,9,0,10,0,1,44,1,46,1,1,53,1,56,12,0,12,68
01/23/2022,SWF,NY,AEA,EN,Federal Contract Tower,8,4,14,4,30,0,2,39,4,45,8,6,53,8,75,44,4,48,123
01/24/2022,SWF,NY,AEA,EN,Federal Contract Tower,5,7,22,0,34,0,0,31,5,36,5,7,53,5,70,60,0,60,130
01/25/2022,SWF,NY,AEA,EN,Federal Contract Tower,6,3,10,0,19,0,0,31,8,39,6,3,41,8,58,16,0,16,74
01/26/2022,SWF,NY,AEA,EN,Federal Contract Tower,5,5,13,5,28,0,0,44,11,55,5,5,57,16,83,40,16,56,139
01/27/2022,SWF,NY,AEA,EN,Federal Contract Tower,12,9,19,26,66,0,1,66,23,90,12,10,85,49,156,22,48,70,226
01/28/2022,SWF,NY,AEA,EN,Federal Contract Tower,9,5,9,3,26,0,2,5,0,7,9,7,14,3,33,0,0,0,33
01/29/2022,SWF,NY,AEA,EN,Federal Contract Tower,2,1,1,0,4,0,0,0,0,0,2,1,1,0,4,0,0,0,4
01/30/2022,SWF,NY,AEA,EN,Federal Contract Tower,9,6,14,1,30,0,0,17,0,17,9,6,31,1,47,10,0,10,57
01/31/2022,SWF,NY,AEA,EN,Federal Contract Tower,5,7,17,3,32,0,0,30,6,36,5,7,47,9,68,12,0,12,80
02/01/2022,SWF,NY,AEA,EN,Federal Contract Tower,6,6,7,7,26,0,1,26,6,33,6,7,33,13,59,16,24,40,99
02/02/2022,SWF,NY,AEA,EN,Federal Contract Tower,6,6,13,6,31,0,2,21,2,25,6,8,34,8,56,20,4,24,80
02/03/2022,SWF,NY,AEA,EN,Federal Contract Tower,14,2,9,7,32,0,0,0,0,0,14,2,9,7,32,0,0,0,32
02/04/2022,SWF,NY,AEA,EN,Federal Contract Tower,4,2,6,1,13,0,0,0,0,0,4,2,6,1,13,0,0,0,13
02/05/2022,SWF,NY,AEA,EN,Federal Contract Tower,3,5,15,2,25,0,4,27,1,32,3,9,42,3,57,18,0,18,75
02/06/2022,SWF,NY,AEA,EN,Federal Contract Tower,8,7,6,1,22,0,0,38,3,41,8,7,44,4,63,44,4,48,111
02/07/2022,SWF,NY,AEA,EN,Federal Contract Tower,3,11,11,1,26,0,0,0,0,0,3,11,11,1,26,0,0,0,26
02/08/2022,SWF,NY,AEA,EN,Federal Contract Tower,5,16,26,6,53,0,1,27,13,41,5,17,53,19,94,52,10,62,156
02/09/2022,SWF,NY,AEA,EN,Federal Contract Tower,7,4,13,7,31,0,7,81,21,109,7,11,94,28,140,34,20,54,194
02/10/2022,SWF,NY,AEA,EN,Federal Contract Tower,14,6,26,5,51,0,6,68,7,81,14,12,94,12,132,62,18,80,212
02/11/2022,SWF,NY,AEA,EN,Federal Contract Tower,10,3,10,4,27,0,2,41,2,45,10,5,51,6,72,22,6,28,100
02/12/2022,SWF,NY,AEA,EN,Federal Contract Tower,3,2,10,2,17,0,4,82,4,90,3,6,92,6,107,22,0,22,129
02/13/2022,SWF,NY,AEA,EN,Federal Contract Tower,7,5,13,0,25,0,0,0,0,0,7,5,13,0,25,0,0,0,25
02/14/2022,SWF,NY,AEA,EN,Federal Contract Tower,5,7,9,1,22,0,0,5,0,5,5,7,14,1,27,8,0,8,35
02/15/2022,SWF,NY,AEA,EN,Federal Contract Tower,8,9,22,13,52,0,2,44,6,52,8,11,66,19,104,16,16,32,136
02/16/2022,SWF,NY,AEA,EN,Federal Contract Tower,8,8,27,1,44,0,2,56,3,61,8,10,83,4,105,32,6,38,143
02/17/2022,SWF,NY,AEA,EN,Federal Contract Tower,15,9,11,7,42,0,1,30,6,37,15,10,41,13,79,2,16,18,97
02/18/2022,SWF,NY,AEA,EN,Federal Contract Tower,8,8,6,5,27,0,1,4,1,6,8,9,10,6,33,2,4,6,39
02/19/2022,SWF,NY,AEA,EN,Federal Contract Tower,9,9,9,1,28,0,0,0,0,0,9,9,9,1,28,0,0,0,28
02/20/2022,SWF,NY,AEA,EN,Federal Contract Tower,8,9,6,0,23,0,0,48,0,48,8,9,54,0,71,14,0,14,85
02/21/2022,SWF,NY,AEA,EN,Federal Contract Tower,5,12,11,0,28,0,3,54,0,57,5,15,65,0,85,18,0,18,103
02/22/2022,SWF,NY,AEA,EN,Federal Contract Tower,12,8,14,0,34,0,0,0,0,0,12,8,14,0,34,0,0,0,34
02/23/2022,SWF,NY,AEA,EN,Federal Contract Tower,10,7,18,8,43,0,7,39,2,48,10,14,57,10,91,14,8,22,113
02/24/2022,SWF,NY,AEA,EN,Federal Contract Tower,10,15,20,8,53,0,8,70,10,88,10,23,90,18,141,26,0,26,167
02/25/2022,SWF,NY,AEA,EN,Federal Contract Tower,8,6,9,0,23,0,0,3,0,3,8,6,12,0,26,0,0,0,26
02/26/2022,SWF,NY,AEA,EN,Federal Contract Tower,11,5,9,1,26,0,0,34,0,34,11,5,43,1,60,12,0,12,72
02/27/2022,SWF,NY,AEA,EN,Federal Contract Tower,6,10,20,0,36,0,2,31,0,33,6,12,51,0,69,28,0,28,97
02/28/2022,SWF,NY,AEA,EN,Federal Contract Tower,5,7,13,1,26,0,4,41,2,47,5,11,54,3,73,18,0,18,91
03/01/2022,SWF,NY,AEA,EN,Federal Contract Tower,10,2,11,13,36,0,4,35,13,52,10,6,46,26,88,0,16,16,104
03/02/2022,SWF,NY,AEA,EN,Federal Contract Tower,10,5,14,7,36,0,3,72,3,78,10,8,86,10,114,16,0,16,130
03/03/2022,SWF,NY,AEA,EN,Federal Contract Tower,14,11,9,6,40,0,4,35,5,44,14,15,44,11,84,10,20,30,114
03/04/2022,SWF,NY,AEA,EN,Federal Contract Tower,10,4,15,0,29,0,4,27,4,35,10,8,42,4,64,4,16,20,84
03/05/2022,SWF,NY,AEA,EN,Federal Contract Tower,10,1,14,6,31,0,4,42,0,46,10,5,56,6,77,4,6,10,87
03/06/2022,SWF,NY,AEA,EN,Federal Contract Tower,9,3,13,2,27,0,0,0,0,0,9,3,13,2,27,0,4,4,31
03/07/2022,SWF,NY,AEA,EN,Federal Contract Tower,8,5,14,0,27,0,0,6,0,6,8,5,20,0,33,2,0,2,35
03/08/2022,SWF,NY,AEA,EN,Federal Contract Tower,10,9,13,2,34,0,0,28,2,30,10,9,41,4,64,12,2,14,78
03/09/2022,SWF,NY,AEA,EN,Federal Contract Tower,10,2,9,0,21,0,0,0,0,0,10,2,9,0,21,0,0,0,21
03/10/2022,SWF,NY,AEA,EN,Federal Contract Tower,12,11,14,13,50,0,2,79,13,94,12,13,93,26,144,80,6,86,230
03/11/2022,SWF,NY,AEA,EN,Federal Contract Tower,8,10,10,4,32,0,2,66,2,70,8,12,76,6,102,36,0,36,138
03/12/2022,SWF,NY,AEA,EN,Federal Contract Tower,7,2,4,0,13,0,0,0,0,0,7,2,4,0,13,0,0,0,13
03/13/2022,SWF,NY,AEA,EN,Federal Contract Tower,7,16,11,0,34,0,0,15,0,15,7,16,26,0,49,4,0,4,53
03/14/2022,SWF,NY,AEA,EN,Federal Contract Tower,5,2,20,1,28,0,0,32,0,32,5,2,52,1,60,26,0,26,86
03/15/2022,SWF,NY,AEA,EN,Federal Contract Tower,11,8,10,5,34,0,4,47,8,59,11,12,57,13,93,28,2,30,123
03/16/2022,SWF,NY,AEA,EN,Federal Contract Tower,8,7,16,8,39,0,6,71,17,94,8,13,87,25,133,36,4,40,173
03/17/2022,SWF,NY,AEA,EN,Federal Contract Tower,12,9,12,3,36,0,0,0,0,0,12,9,12,3,36,0,0,0,36
03/18/2022,SWF,NY,AEA,EN,Federal Contract Tower,8,3,16,0,27,0,1,39,2,42,8,4,55,2,69,24,0,24,93
03/19/2022,SWF,NY,AEA,EN,Federal Contract Tower,9,4,13,0,26,0,0,0,0,0,9,4,13,0,26,0,0,0,26
03/20/2022,SWF,NY,AEA,EN,Federal Contract Tower,8,8,22,1,39,0,0,41,0,41,8,8,63,1,80,44,0,44,124
03/21/2022,SWF,NY,AEA,EN,Federal Contract Tower,5,2,12,3,22,0,0,19,4,23,5,2,31,7,45,8,12,20,65
03/22/2022,SWF,NY,AEA,EN,Federal Contract Tower,10,7,8,8,33,0,3,34,11,48,10,10,42,19,81,6,28,34,115
03/23/2022,SWF,NY,AEA,EN,Federal Contract Tower,8,3,20,14,45,0,5,50,11,66,8,8,70,25,111,58,10,68,179
03/24/2022,SWF,NY,AEA,EN,Federal Contract Tower,10,8,16,5,39,0,0,0,0,0,10,8,16,5,39,0,0,0,39
03/25/2022,SWF,NY,AEA,EN,Federal Contract Tower,12,1,35,3,51,0,4,54,9,67,12,5,89,12,118,22,0,22,140
03/26/2022,SWF,NY,AEA,EN,Federal Contract Tower,6,1,8,0,15,0,3,15,4,22,6,4,23,4,37,54,0,54,91
03/27/2022,SWF,NY,AEA,EN,Federal Contract Tower,8,16,24,0,48,0,0,17,8,25,8,16,41,8,73,58,0,58,131
03/28/2022,SWF,NY,AEA,EN,Federal Contract Tower,5,4,16,5,30,0,0,15,4,19,5,4,31,9,49,16,10,26,75
03/29/2022,SWF,NY,AEA,EN,Federal Contract Tower,12,0,18,3,33,0,5,19,6,30,12,5,37,9,63,0,18,18,81
03/30/2022,SWF,NY,AEA,EN,Federal Contract Tower,5,2,22,5,34,0,5,73,10,88,5,7,95,15,122,38,4,42,164
03/31/2022,SWF,NY,AEA,EN,Federal Contract Tower,11,8,21,3,43,0,0,0,0,0,11,8,21,3,43,0,0,0,43
04/01/2022,SWF,NY,AEA,EN,Federal Contract Tower,12,3,13,3,31,0,1,0,0,1,12,4,13,3,32,0,0,0,32
04/02/2022,SWF,NY,AEA,EN,Federal Contract Tower,5,12,12,0,29,0,0,33,0,33,5,12,45,0,62,82,0,82,144
04/03/2022,SWF,NY,AEA,EN,Federal Contract Tower,14,11,9,6,40,0,4,35,5,44,14,15,44,11,84,10,29,39,123
04/04/2022,SWF,NY,AEA,EN,Federal Contract Tower,5,6,21,0,32,0,3,88,4,95,5,9,109,4,127,32,0,32,159
04/05/2022,SWF,NY,AEA,EN,Federal Contract Tower,13,11,15,2,41,0,5,50,10,65,13,16,65,12,106,22,0,22,128
04/06/2022,SWF,NY,AEA,EN,Federal Contract Tower,9,7,12,5,33,0,0,1,0,1,9,7,13,5,34,18,0,18,52
04/07/2022,SWF,NY,AEA,EN,Federal Contract Tower,8,5,14,0,27,0,0,6,0,6,8,5,20,0,33,2,0,2,35
04/08/2022,SWF,NY,AEA,EN,Federal Contract Tower,10,13,13,4,40,0,0,46,3,49,10,13,59,7,89,14,8,22,111
04/09/2022,SWF,NY,AEA,EN,Federal Contract Tower,6,5,23,6,40,0,0,7,0,7,6,5,30,6,47,2,0,2,49
04/10/2022,SWF,NY,AEA,EN,Federal Contract Tower,12,11,14,13,50,0,2,79,13,94,12,13,93,26,144,80,6,86,230
04/11/2022,SWF,NY,AEA,EN,Federal Contract Tower,7,3,27,3,40,0,0,85,3,88,7,3,112,6,128,34,0,34,162
04/12/2022,SWF,NY,AEA,EN,Federal Contract Tower,12,8,20,11,51,0,0,41,6,47,12,8,61,17,98,52,20,72,170
04/13/2022,SWF,NY,AEA,EN,Federal Contract Tower,9,6,14,10,39,0,0,55,17,72,9,6,69,27,111,0,32,32,143
04/14/2022,SWF,NY,AEA,EN,Federal Contract Tower,12,2,11,7,32,0,1,38,0,39,12,3,49,7,71,4,10,14,85
04/15/2022,SWF,NY,AEA,EN,Federal Contract Tower,12,7,12,4,35,0,0,55,0,55,12,7,67,4,90,32,0,32,122
04/16/2022,SWF,NY,AEA,EN,Federal Contract Tower,9,1,10,0,20,0,0,8,2,10,9,1,18,2,30,210,0,210,240
04/17/2022,SWF,NY,AEA,EN,Federal Contract Tower,12,9,12,3,36,0,0,0,0,0,12,9,12,3,36,0,0,0,36
04/18/2022,SWF,NY,AEA,EN,Federal Contract Tower,7,1,20,0,28,0,16,32,2,50,7,17,52,2,78,0,0,0,78
04/19/2022,SWF,NY,AEA,EN,Federal Contract Tower,9,8,12,11,40,0,0,2,4,6,9,8,14,15,46,0,36,36,82
04/20/2022,SWF,NY,AEA,EN,Federal Contract Tower,10,8,10,7,35,0,2,42,4,48,10,10,52,11,83,10,0,10,93
04/21/2022,SWF,NY,AEA,EN,Federal Contract Tower,12,6,13,8,39,0,0,41,0,41,12,6,54,8,80,6,22,28,108
04/22/2022,SWF,NY,AEA,EN,Federal Contract Tower,12,10,13,1,36,0,0,25,0,25,12,10,38,1,61,0,0,0,61
04/23/2022,SWF,NY,AEA,EN,Federal Contract Tower,6,0,12,8,26,0,3,35,4,42,6,3,47,12,68,16,10,26,94
04/24/2022,SWF,NY,AEA,EN,Federal Contract Tower,9,13,10,0,32,0,2,90,3,95,9,15,100,3,127,40,0,40,167
04/25/2022,SWF,NY,AEA,EN,Federal Contract Tower,7,4,25,1,37,0,12,64,3,79,7,16,89,4,116,12,0,12,128
04/26/2022,SWF,NY,AEA,EN,Federal Contract Tower,11,3,34,4,52,0,10,2,1,13,11,13,36,5,65,0,4,4,69
04/27/2022,SWF,NY,AEA,EN,Federal Contract Tower,10,6,14,3,33,0,2,11,6,19,10,8,25,9,52,6,10,16,68
04/28/2022,SWF,NY,AEA,EN,Federal Contract Tower,11,4,14,11,40,0,2,10,5,17,11,6,24,16,57,0,16,16,73
04/29/2022,SWF,NY,AEA,EN,Federal Contract Tower,11,3,11,2,27,0,6,20,4,30,11,9,31,6,57,14,0,14,71
04/30/2022,SWF,NY,AEA,EN,Federal Contract Tower,5,9,10,4,28,0,0,10,4,14,5,9,20,8,42,8,4,12,54
05/01/2022,SWF,NY,AEA,EN,Federal Contract Tower,7,4,16,2,29,0,0,76,0,76,7,4,92,2,105,54,0,54,159
05/02/2022,SWF,NY,AEA,EN,Federal Contract Tower,5,3,8,0,16,0,2,1,0,3,5,5,9,0,19,2,0,2,21
05/03/2022,SWF,NY,AEA,EN,Federal Contract Tower,12,6,9,8,35,0,4,13,2,19,12,10,22,10,54,6,0,6,60
05/04/2022,SWF,NY,AEA,EN,Federal Contract Tower,10,6,18,4,38,0,0,0,0,0,10,6,18,4,38,0,30,30,68
05/05/2022,SWF,NY,AEA,EN,Federal Contract Tower,17,7,16,1,41,0,0,37,5,42,17,7,53,6,83,0,0,0,83
05/06/2022,SWF,NY,AEA,EN,Federal Contract Tower,10,4,23,5,42,0,0,2,0,2,10,4,25,5,44,0,0,0,44
05/07/2022,SWF,NY,AEA,EN,Federal Contract Tower,7,5,12,0,24,0,0,0,0,0,7,5,12,0,24,0,0,0,24
05/08/2022,SWF,NY,AEA,EN,Federal Contract Tower,6,6,6,1,19,0,0,13,0,13,6,6,19,1,32,8,0,8,40
05/09/2022,SWF,NY,AEA,EN,Federal Contract Tower,6,2,9,1,18,0,0,9,5,14,6,2,18,6,32,4,6,10,42
05/10/2022,SWF,NY,AEA,EN,Federal Contract Tower,12,6,8,2,28,0,0,19,7,26,12,6,27,9,54,0,14,14,68
05/11/2022,SWF,NY,AEA,EN,Federal Contract Tower,8,4,13,9,34,0,2,33,1,36,8,6,46,10,70,38,4,42,112
05/12/2022,SWF,NY,AEA,EN,Federal Contract Tower,10,7,23,2,42,0,1,38,6,45,10,8,61,8,87,14,10,24,111
05/13/2022,SWF,NY,AEA,EN,Federal Contract Tower,11,8,14,6,39,0,1,24,1,26,11,9,38,7,65,6,18,24,89
05/14/2022,SWF,NY,AEA,EN,Federal Contract Tower,7,13,9,0,29,0,0,4,0,4,7,13,13,0,33,0,0,0,33
05/15/2022,SWF,NY,AEA,EN,Federal Contract Tower,6,6,21,3,36,0,0,49,12,61,6,6,70,15,97,0,20,20,117
05/16/2022,SWF,NY,AEA,EN,Federal Contract Tower,5,4,13,2,24,0,3,6,0,9,5,7,19,2,33,0,0,0,33
05/17/2022,SWF,NY,AEA,EN,Federal Contract Tower,11,4,15,2,32,0,2,15,1,18,11,6,30,3,50,4,0,4,54
05/18/2022,SWF,NY,AEA,EN,Federal Contract Tower,8,8,21,2,39,0,2,50,13,65,8,10,71,15,104,46,30,76,180
05/19/2022,SWF,NY,AEA,EN,Federal Contract Tower,14,6,29,15,64,0,0,0,0,0,14,6,29,15,64,0,0,0,64
05/20/2022,SWF,NY,AEA,EN,Federal Contract Tower,10,8,13,4,35,0,0,25,3,28,10,8,38,7,63,0,0,0,63
05/21/2022,SWF,NY,AEA,EN,Federal Contract Tower,5,15,26,3,49,0,3,77,0,80,5,18,103,3,129,26,0,26,155
05/22/2022,SWF,NY,AEA,EN,Federal Contract Tower,8,11,16,1,36,0,5,51,1,57,8,16,67,2,93,8,0,8,101
05/23/2022,SWF,NY,AEA,EN,Federal Contract Tower,7,9,7,2,25,0,6,64,4,74,7,15,71,6,99,24,0,24,123
05/24/2022,SWF,NY,AEA,EN,Federal Contract Tower,9,11,15,19,54,0,3,27,9,39,9,14,42,28,93,14,38,52,145
05/25/2022,SWF,NY,AEA,EN,Federal Contract Tower,10,9,24,3,46,0,3,61,9,73,10,12,85,12,119,16,6,22,141
05/26/2022,SWF,NY,AEA,EN,Federal Contract Tower,17,12,23,13,65,0,3,61,0,64,17,15,84,13,129,0,0,0,129
05/27/2022,SWF,NY,AEA,EN,Federal Contract Tower,9,16,12,3,40,0,3,0,0,3,9,19,12,3,43,0,0,0,43
05/28/2022,SWF,NY,AEA,EN,Federal Contract Tower,5,7,4,0,16,0,1,4,0,5,5,8,8,0,21,0,0,0,21
05/29/2022,SWF,NY,AEA,EN,Federal Contract Tower,11,3,8,0,22,0,0,52,0,52,11,3,60,0,74,4,0,4,78
05/30/2022,SWF,NY,AEA,EN,Federal Contract Tower,4,8,11,0,23,0,3,63,0,66,4,11,74,0,89,20,0,20,109
05/31/2022,SWF,NY,AEA,EN,Federal Contract Tower,9,9,17,3,38,0,6,82,8,96,9,15,99,11,134,2,0,2,136
06/01/2022,SWF,NY,AEA,EN,Federal Contract Tower,10,9,13,5,37,0,1,9,0,10,10,10,22,5,47,12,0,12,59
06/02/2022,SWF,NY,AEA,EN,Federal Contract Tower,15,12,10,9,46,0,1,11,5,17,15,13,21,14,63,0,8,8,71
06/03/2022,SWF,NY,AEA,EN,Federal Contract Tower,13,5,11,3,32,0,3,29,0,32,13,8,40,3,64,20,0,20,84
06/04/2022,SWF,NY,AEA,EN,Federal Contract Tower,7,9,4,4,24,0,5,46,0,51,7,14,50,4,75,6,0,6,81
06/05/2022,SWF,NY,AEA,EN,Federal Contract Tower,10,5,16,2,33,0,3,54,8,65,10,8,70,10,98,0,26,26,124
06/06/2022,SWF,NY,AEA,EN,Federal Contract Tower,7,3,9,4,23,0,0,54,0,54,7,3,63,4,77,4,0,4,81
06/07/2022,SWF,NY,AEA,EN,Federal Contract Tower,11,9,10,2,32,0,0,24,0,24,11,9,34,2,56,12,2,14,70
06/08/2022,SWF,NY,AEA,EN,Federal Contract Tower,4,13,13,7,37,0,0,33,4,37,4,13,46,11,74,28,12,40,114
06/09/2022,SWF,NY,AEA,EN,Federal Contract Tower,17,13,19,8,57,0,2,32,36,70,17,15,51,44,127,20,26,46,173
06/10/2022,SWF,NY,AEA,EN,Federal Contract Tower,18,4,18,4,44,0,0,58,4,62,18,4,76,8,106,2,0,2,108
06/11/2022,SWF,NY,AEA,EN,Federal Contract Tower,10,5,10,0,25,0,3,64,2,69,10,8,74,2,94,20,0,20,114
06/12/2022,SWF,NY,AEA,EN,Federal Contract Tower,3,18,16,10,47,0,0,3,0,3,3,18,19,10,50,0,0,0,50
06/13/2022,SWF,NY,AEA,EN,Federal Contract Tower,13,9,21,5,48,0,0,50,2,52,13,9,71,7,100,20,20,40,140
06/14/2022,SWF,NY,AEA,EN,Federal Contract Tower,12,13,8,4,37,0,0,64,26,90,12,13,72,30,127,14,10,24,151
06/15/2022,SWF,NY,AEA,EN,Federal Contract Tower,14,11,12,4,41,0,0,0,0,0,14,11,12,4,41,60,8,68,109
06/16/2022,SWF,NY,AEA,EN,Federal Contract Tower,15,6,22,5,48,0,0,22,2,24,15,6,44,7,72,8,0,8,80
06/17/2022,SWF,NY,AEA,EN,Federal Contract Tower,16,12,21,11,60,0,0,52,48,100,16,12,73,59,160,0,8,8,168
06/18/2022,SWF,NY,AEA,EN,Federal Contract Tower,10,6,15,0,31,0,0,20,12,32,10,6,35,12,63,16,0,16,79
06/19/2022,SWF,NY,AEA,EN,Federal Contract Tower,7,9,11,1,28,0,0,10,1,11,7,9,21,2,39,2,0,2,41
06/20/2022,SWF,NY,AEA,EN,Federal Contract Tower,13,7,10,2,32,0,1,62,4,67,13,8,72,6,99,46,0,46,145
06/21/2022,SWF,NY,AEA,EN,Federal Contract Tower,10,12,19,4,45,0,0,44,0,44,10,12,63,4,89,52,0,52,141
06/22/2022,SWF,NY,AEA,EN,Federal Contract Tower,18,6,14,12,50,0,1,0,0,1,18,7,14,12,51,0,0,0,51
06/23/2022,SWF,NY,AEA,EN,Federal Contract Tower,15,20,17,4,56,0,2,19,17,38,15,22,36,21,94,14,0,14,108
06/24/2022,SWF,NY,AEA,EN,Federal Contract Tower,19,12,15,1,47,0,3,62,32,97,19,15,77,33,144,26,0,26,170
06/25/2022,SWF,NY,AEA,EN,Federal Contract Tower,9,7,15,0,31,0,1,47,12,60,9,8,62,12,91,6,0,6,97
06/26/2022,SWF,NY,AEA,EN,Federal Contract Tower,8,5,18,0,31,0,0,26,0,26,8,5,44,0,57,0,0,0,57
06/27/2022,SWF,NY,AEA,EN,Federal Contract Tower,11,6,11,3,31,0,3,23,8,34,11,9,34,11,65,30,0,30,95
06/28/2022,SWF,NY,AEA,EN,Federal Contract Tower,14,11,19,6,50,0,1,60,4,65,14,12,79,10,115,28,14,42,157
06/29/2022,SWF,NY,AEA,EN,Federal Contract Tower,15,3,17,4,39,0,2,76,2,80,15,5,93,6,119,0,22,22,141
06/30/2022,SWF,NY,AEA,EN,Federal Contract Tower,14,6,13,4,37,0,10,65,7,82,14,16,78,11,119,22,20,42,161
07/01/2022,SWF,NY,AEA,EN,Federal Contract Tower,18,10,16,0,44,0,0,54,6,60,18,10,70,6,104,24,0,24,128
07/02/2022,SWF,NY,AEA,EN,Federal Contract Tower,10,6,9,0,25,0,0,10,2,12,10,6,19,2,37,0,0,0,37
07/03/2022,SWF,NY,AEA,EN,Federal Contract Tower,8,9,13,0,30,0,0,32,3,35,8,9,45,3,65,6,0,6,71
07/04/2022,SWF,NY,AEA,EN,Federal Contract Tower,13,3,13,1,30,0,0,33,0,33,13,3,46,1,63,12,0,12,75
07/05/2022,SWF,NY,AEA,EN,Federal Contract Tower,11,5,15,6,37,0,0,24,2,26,11,5,39,8,63,4,20,24,87
07/06/2022,SWF,NY,AEA,EN,Federal Contract Tower,16,3,7,3,29,0,0,27,8,35,16,3,34,11,64,16,0,16,80
07/07/2022,SWF,NY,AEA,EN,Federal Contract Tower,14,19,14,5,52,0,1,60,8,69,14,20,74,13,121,18,0,18,139
07/08/2022,SWF,NY,AEA,EN,Federal Contract Tower,21,4,21,6,52,0,1,70,4,75,21,5,91,10,127,28,0,28,155
07/09/2022,SWF,NY,AEA,EN,Federal Contract Tower,11,9,13,0,33,0,0,13,1,14,11,9,26,1,47,4,0,4,51
07/10/2022,SWF,NY,AEA,EN,Federal Contract Tower,9,7,14,1,31,0,0,45,0,45,9,7,59,1,76,26,0,26,102
07/11/2022,SWF,NY,AEA,EN,Federal Contract Tower,14,8,18,3,43,0,0,51,0,51,14,8,69,3,94,16,0,16,110
07/12/2022,SWF,NY,AEA,EN,Federal Contract Tower,15,12,18,4,49,0,0,33,2,35,15,12,51,6,84,16,20,36,120
07/13/2022,SWF,NY,AEA,EN,Federal Contract Tower,20,7,12,6,45,0,1,46,33,80,20,8,58,39,125,40,62,102,227
07/14/2022,SWF,NY,AEA,EN,Federal Contract Tower,16,20,15,4,55,0,2,61,15,78,16,22,76,19,133,16,0,16,149
07/15/2022,SWF,NY,AEA,EN,Federal Contract Tower,21,6,12,5,44,0,2,58,1,61,21,8,70,6,105,2,0,2,107
07/16/2022,SWF,NY,AEA,EN,Federal Contract Tower,10,13,12,0,35,0,0,40,0,40,10,13,52,0,75,8,0,8,83
07/17/2022,SWF,NY,AEA,EN,Federal Contract Tower,8,12,19,1,40,0,0,69,2,71,8,12,88,3,111,14,0,14,125
07/18/2022,SWF,NY,AEA,EN,Federal Contract Tower,22,8,4,1,35,0,0,0,0,0,22,8,4,1,35,0,0,0,35
07/19/2022,SWF,NY,AEA,EN,Federal Contract Tower,14,2,18,3,37,0,2,72,7,81,14,4,90,10,118,40,6,46,164
07/20/2022,SWF,NY,AEA,EN,Federal Contract Tower,17,3,18,8,46,0,6,81,33,120,17,9,99,41,166,38,32,70,236
07/21/2022,SWF,NY,AEA,EN,Federal Contract Tower,19,17,21,0,57,0,10,67,19,96,19,27,88,19,153,6,0,6,159
07/22/2022,SWF,NY,AEA,EN,Federal Contract Tower,19,10,15,4,48,0,6,38,13,57,19,16,53,17,105,34,0,34,139
07/23/2022,SWF,NY,AEA,EN,Federal Contract Tower,11,13,13,1,38,0,0,41,19,60,11,13,54,20,98,0,0,0,98
07/24/2022,SWF,NY,AEA,EN,Federal Contract Tower,8,18,11,0,37,0,0,35,16,51,8,18,46,16,88,18,0,18,106
07/25/2022,SWF,NY,AEA,EN,Federal Contract Tower,16,12,21,0,49,0,0,30,0,30,16,12,51,0,79,14,0,14,93
07/26/2022,SWF,NY,AEA,EN,Federal Contract Tower,12,13,20,3,48,0,12,78,24,114,12,25,98,27,162,14,20,34,196
07/27/2022,SWF,NY,AEA,EN,Federal Contract Tower,19,11,28,11,69,0,5,74,18,97,19,16,102,29,166,38,14,52,218
07/28/2022,SWF,NY,AEA,EN,Federal Contract Tower,15,17,20,1,53,0,4,54,8,66,15,21,74,9,119,16,0,16,135
07/29/2022,SWF,NY,AEA,EN,Federal Contract Tower,21,4,6,1,32,0,1,44,0,45,21,5,50,1,77,6,0,6,83
07/30/2022,SWF,NY,AEA,EN,Federal Contract Tower,11,14,18,2,45,0,0,57,2,59,11,14,75,4,104,14,0,14,118
07/31/2022,SWF,NY,AEA,EN,Federal Contract Tower,10,8,12,1,31,0,0,76,0,76,10,8,88,1,107,24,0,24,131
08/01/2022,SWF,NY,AEA,EN,Federal Contract Tower,13,5,30,1,49,0,0,41,0,41,13,5,71,1,90,20,0,20,110
08/02/2022,SWF,NY,AEA,EN,Federal Contract Tower,15,5,18,1,39,0,4,57,0,61,15,9,75,1,100,52,0,52,152
08/03/2022,SWF,NY,AEA,EN,Federal Contract Tower,18,11,15,4,48,0,1,70,10,81,18,12,85,14,129,22,8,30,159
08/04/2022,SWF,NY,AEA,EN,Federal Contract Tower,16,12,22,5,55,0,3,77,7,87,16,15,99,12,142,8,10,18,160
08/05/2022,SWF,NY,AEA,EN,Federal Contract Tower,20,13,24,3,60,0,2,69,2,73,20,15,93,5,133,0,2,2,135
08/06/2022,SWF,NY,AEA,EN,Federal Contract Tower,15,13,13,1,42,0,1,61,0,62,15,14,74,1,104,2,0,2,106
08/07/2022,SWF,NY,AEA,EN,Federal Contract Tower,9,10,18,2,39,0,0,44,0,44,9,10,62,2,83,22,0,22,105
08/08/2022,SWF,NY,AEA,EN,Federal Contract Tower,14,7,16,0,37,0,6,34,0,40,14,13,50,0,77,0,0,0,77
08/09/2022,SWF,NY,AEA,EN,Federal Contract Tower,15,5,19,6,45,0,1,43,7,51,15,6,62,13,96,0,24,24,120
08/10/2022,SWF,NY,AEA,EN,Federal Contract Tower,21,10,19,6,56,0,0,78,17,95,21,10,97,23,151,0,42,42,193
08/11/2022,SWF,NY,AEA,EN,Federal Contract Tower,17,13,15,5,50,0,8,56,6,70,17,21,71,11,120,6,2,8,128
08/12/2022,SWF,NY,AEA,EN,Federal Contract Tower,21,11,23,6,61,0,1,80,1,82,21,12,103,7,143,12,0,12,155
08/13/2022,SWF,NY,AEA,EN,Federal Contract Tower,8,8,25,1,42,0,0,55,0,55,8,8,80,1,97,34,0,34,131
08/14/2022,SWF,NY,AEA,EN,Federal Contract Tower,8,9,17,0,34,0,0,38,0,38,8,9,55,0,72,38,0,38,110
08/15/2022,SWF,NY,AEA,EN,Federal Contract Tower,13,16,17,0,46,0,2,55,0,57,13,18,72,0,103,8,0,8,111
08/16/2022,SWF,NY,AEA,EN,Federal Contract Tower,13,5,10,5,33,0,6,63,3,72,13,11,73,8,105,12,8,20,125
08/17/2022,SWF,NY,AEA,EN,Federal Contract Tower,12,10,28,4,54,0,6,102,7,115,12,16,130,11,169,40,40,80,249
08/18/2022,SWF,NY,AEA,EN,Federal Contract Tower,17,8,6,0,31,0,0,52,0,52,17,8,58,0,83,18,0,18,101
08/19/2022,SWF,NY,AEA,EN,Federal Contract Tower,22,4,10,4,40,0,0,41,0,41,22,4,51,4,81,20,0,20,101
08/20/2022,SWF,NY,AEA,EN,Federal Contract Tower,6,7,7,0,20,0,1,101,0,102,6,8,108,0,122,6,0,6,128
08/21/2022,SWF,NY,AEA,EN,Federal Contract Tower,7,10,19,1,37,0,2,61,0,63,7,12,80,1,100,74,0,74,174
08/22/2022,SWF,NY,AEA,EN,Federal Contract Tower,15,8,16,0,39,0,4,0,0,4,15,12,16,0,43,0,0,0,43
08/23/2022,SWF,NY,AEA,EN,Federal Contract Tower,11,4,16,21,52,0,4,13,21,38,11,8,29,42,90,14,36,50,140
08/24/2022,SWF,NY,AEA,EN,Federal Contract Tower,14,6,15,5,40,0,3,110,18,131,14,9,125,23,171,42,12,54,225
08/25/2022,SWF,NY,AEA,EN,Federal Contract Tower,13,6,13,4,36,0,3,70,8,81,13,9,83,12,117,38,0,38,155
08/26/2022,SWF,NY,AEA,EN,Federal Contract Tower,20,12,18,4,54,0,0,30,40,70,20,12,48,44,124,10,0,10,134
08/27/2022,SWF,NY,AEA,EN,Federal Contract Tower,6,5,7,0,18,0,4,43,14,61,6,9,50,14,79,0,10,10,89
08/28/2022,SWF,NY,AEA,EN,Federal Contract Tower,6,6,13,1,26,0,7,23,14,44,6,13,36,15,70,0,2,2,72
08/29/2022,SWF,NY,AEA,EN,Federal Contract Tower,14,9,24,10,57,0,9,52,5,66,14,18,76,15,123,12,10,22,145
08/30/2022,SWF,NY,AEA,EN,Federal Contract Tower,9,10,7,4,30,0,5,61,25,91,9,15,68,29,121,8,34,42,163
08/31/2022,SWF,NY,AEA,EN,Federal Contract Tower,13,7,15,18,53,0,7,67,16,90,13,14,82,34,143,12,74,86,229
09/01/2022,SWF,NY,AEA,EN,Federal Contract Tower,13,13,13,4,43,0,2,66,13,81,13,15,79,17,124,74,58,132,256
09/02/2022,SWF,NY,AEA,EN,Federal Contract Tower,23,19,23,1,66,0,4,64,18,86,23,23,87,19,152,22,90,112,264
09/03/2022,SWF,NY,AEA,EN,Federal Contract Tower,4,8,5,4,21,0,1,37,12,50,4,9,42,16,71,2,0,2,73
09/04/2022,SWF,NY,AEA,EN,Federal Contract Tower,10,4,11,0,25,0,2,25,3,30,10,6,36,3,55,6,0,6,61
09/05/2022,SWF,NY,AEA,EN,Federal Contract Tower,12,14,15,2,43,0,0,5,2,7,12,14,20,4,50,0,2,2,52
09/06/2022,SWF,NY,AEA,EN,Federal Contract Tower,6,1,9,1,17,0,0,0,0,0,6,1,9,1,17,0,0,0,17
09/07/2022,SWF,NY,AEA,EN,Federal Contract Tower,17,9,24,21,71,0,0,0,17,17,17,9,24,38,88,14,144,158,246
09/08/2022,SWF,NY,AEA,EN,Federal Contract Tower,13,11,16,9,49,0,4,15,21,40,13,15,31,30,89,12,194,206,295
09/09/2022,SWF,NY,AEA,EN,Federal Contract Tower,14,3,16,3,36,0,0,49,18,67,14,3,65,21,103,22,118,140,243
09/10/2022,SWF,NY,AEA,EN,Federal Contract Tower,8,2,8,3,21,0,1,38,8,47,8,3,46,11,68,18,0,18,86
09/11/2022,SWF,NY,AEA,EN,Federal Contract Tower,8,4,12,5,29,0,1,28,4,33,8,5,40,9,62,14,12,26,88
09/12/2022,SWF,NY,AEA,EN,Federal Contract Tower,8,6,14,4,32,0,0,21,9,30,8,6,35,13,62,0,54,54,116
09/13/2022,SWF,NY,AEA,EN,Federal Contract Tower,12,12,10,11,45,0,16,19,8,43,12,28,29,19,88,0,86,86,174
09/14/2022,SWF,NY,AEA,EN,Federal Contract Tower,18,4,10,11,43,0,3,56,12,71,18,7,66,23,114,68,114,182,296
09/15/2022,SWF,NY,AEA,EN,Federal Contract Tower,16,12,23,6,57,0,1,39,3,43,16,13,62,9,100,46,96,142,242
09/16/2022,SWF,NY,AEA,EN,Federal Contract Tower,19,9,19,4,51,0,5,45,8,58,19,14,64,12,109,24,0,24,133
09/17/2022,SWF,NY,AEA,EN,Federal Contract Tower,12,8,8,0,28,0,0,47,4,51,12,8,55,4,79,48,2,50,129
09/18/2022,SWF,NY,AEA,EN,Federal Contract Tower,18,3,14,4,39,0,8,59,7,74,18,11,73,11,113,58,0,58,171
09/19/2022,SWF,NY,AEA,EN,Federal Contract Tower,19,4,4,6,33,0,0,37,6,43,19,4,41,12,76,12,26,38,114
09/20/2022,SWF,NY,AEA,EN,Federal Contract Tower,13,12,25,3,53,0,9,68,21,98,13,21,93,24,151,98,80,178,329
09/21/2022,SWF,NY,AEA,EN,Federal Contract Tower,23,4,15,2,44,0,0,53,18,71,23,4,68,20,115,0,38,38,153
09/22/2022,SWF,NY,AEA,EN,Federal Contract Tower,20,8,19,3,50,0,0,0,4,4,20,8,19,7,54,0,40,40,94
09/23/2022,SWF,NY,AEA,EN,Federal Contract Tower,25,9,17,3,54,0,0,23,3,26,25,9,40,6,80,6,18,24,104
09/24/2022,SWF,NY,AEA,EN,Federal Contract Tower,14,2,9,0,25,0,0,50,0,50,14,2,59,0,75,56,0,56,131
09/25/2022,SWF,NY,AEA,EN,Federal Contract Tower,10,9,21,1,41,0,0,41,5,46,10,9,62,6,87,36,20,56,143
09/26/2022,SWF,NY,AEA,EN,Federal Contract Tower,8,7,6,3,24,0,4,40,4,48,8,11,46,7,72,6,18,24,96
09/27/2022,SWF,NY,AEA,EN,Federal Contract Tower,29,9,27,3,68,0,0,65,0,65,29,9,92,3,133,10,48,58,191
09/28/2022,SWF,NY,AEA,EN,Federal Contract Tower,12,7,20,3,42,0,4,31,2,37,12,11,51,5,79,12,0,12,91
09/29/2022,SWF,NY,AEA,EN,Federal Contract Tower,10,22,21,2,55,0,0,49,1,50,10,22,70,3,105,12,0,12,117
09/30/2022,SWF,NY,AEA,EN,Federal Contract Tower,13,17,10,2,42,0,0,39,0,39,13,17,49,2,81,58,0,58,139
10/01/2022,SWF,NY,AEA,EN,Federal Contract Tower,8,9,9,0,26,0,0,0,2,2,8,9,9,2,28,0,0,0,28
10/02/2022,SWF,NY,AEA,EN,Federal Contract Tower,6,17,19,2,44,0,0,2,1,3,6,17,21,3,47,6,0,6,53
10/03/2022,SWF,NY,AEA,EN,Federal Contract Tower,9,8,12,2,31,0,3,18,1,22,9,11,30,3,53,8,0,8,61
10/04/2022,SWF,NY,AEA,EN,Federal Contract Tower,8,7,8,7,30,0,0,0,0,0,8,7,8,7,30,0,0,0,30
10/05/2022,SWF,NY,AEA,EN,Federal Contract Tower,17,13,16,7,53,0,0,0,3,3,17,13,16,10,56,0,18,18,74
10/06/2022,SWF,NY,AEA,EN,Federal Contract Tower,14,7,17,2,40,0,0,15,4,19,14,7,32,6,59,0,24,24,83
10/07/2022,SWF,NY,AEA,EN,Federal Contract Tower,24,17,14,5,60,0,0,27,3,30,24,17,41,8,90,24,0,24,114
10/08/2022,SWF,NY,AEA,EN,Federal Contract Tower,12,8,8,0,28,0,2,27,0,29,12,10,35,0,57,16,0,16,73
10/09/2022,SWF,NY,AEA,EN,Federal Contract Tower,10,6,8,0,24,0,0,37,0,37,10,6,45,0,61,0,0,0,61
10/10/2022,SWF,NY,AEA,EN,Federal Contract Tower,11,15,18,0,44,0,0,39,0,39,11,15,57,0,83,6,0,6,89
10/11/2022,SWF,NY,AEA,EN,Federal Contract Tower,9,6,10,2,27,0,0,33,1,34,9,6,43,3,61,6,20,26,87
10/12/2022,SWF,NY,AEA,EN,Federal Contract Tower,14,16,15,7,52,0,0,42,3,45,14,16,57,10,97,20,0,20,117
10/13/2022,SWF,NY,AEA,EN,Federal Contract Tower,14,9,16,3,42,0,2,1,0,3,14,11,17,3,45,0,0,0,45
10/14/2022,SWF,NY,AEA,EN,Federal Contract Tower,21,17,23,1,62,0,1,61,2,64,21,18,84,3,126,22,0,22,148
10/15/2022,SWF,NY,AEA,EN,Federal Contract Tower,9,21,9,1,40,0,0,41,4,45,9,21,50,5,85,6,0,6,91
10/16/2022,SWF,NY,AEA,EN,Federal Contract Tower,6,4,15,0,25,0,0,56,0,56,6,4,71,0,81,14,0,14,95
10/17/2022,SWF,NY,AEA,EN,Federal Contract Tower,6,14,25,2,47,0,0,2,0,2,6,14,27,2,49,0,0,0,49
10/18/2022,SWF,NY,AEA,EN,Federal Contract Tower,9,5,19,2,35,0,1,10,0,11,9,6,29,2,46,10,0,10,56
10/19/2022,SWF,NY,AEA,EN,Federal Contract Tower,15,10,14,8,47,0,0,31,6,37,15,10,45,14,84,6,20,26,110
10/20/2022,SWF,NY,AEA,EN,Federal Contract Tower,14,12,14,6,46,0,0,56,8,64,14,12,70,14,110,4,0,4,114
10/21/2022,SWF,NY,AEA,EN,Federal Contract Tower,22,14,23,0,59,0,0,93,5,98,22,14,116,5,157,12,10,22,179
10/22/2022,SWF,NY,AEA,EN,Federal Contract Tower,9,2,17,2,30,0,2,79,2,83,9,4,96,4,113,5,0,5,118
10/23/2022,SWF,NY,AEA,EN,Federal Contract Tower,6,10,19,0,35,0,0,60,0,60,6,10,79,0,95,72,0,72,167
10/24/2022,SWF,NY,AEA,EN,Federal Contract Tower,11,11,3,5,30,0,0,0,0,0,11,11,3,5,30,0,0,0,30
10/25/2022,SWF,NY,AEA,EN,Federal Contract Tower,10,11,17,3,41,0,0,0,0,0,10,11,17,3,41,0,0,0,41
10/26/2022,SWF,NY,AEA,EN,Federal Contract Tower,14,10,21,6,51,0,0,9,8,17,14,10,30,14,68,0,10,10,78
10/27/2022,SWF,NY,AEA,EN,Federal Contract Tower,14,4,18,7,43,0,0,38,3,41,14,4,56,10,84,12,5,17,101
10/28/2022,SWF,NY,AEA,EN,Federal Contract Tower,17,4,7,2,30,0,2,65,8,75,17,6,72,10,105,16,0,16,121
10/30/2022,SWF,NY,AEA,EN,Federal Contract Tower,6,8,12,1,27,0,1,54,2,57,6,9,66,3,84,74,0,74,158
10/31/2022,SWF,NY,AEA,EN,Federal Contract Tower,9,6,11,2,28,0,0,28,0,28,9,6,39,2,56,0,10,10,66
11/01/2022,SWF,NY,AEA,EN,Federal Contract Tower,11,7,21,6,45,0,1,17,5,23,11,8,38,11,68,0,40,40,108
11/02/2022,SWF,NY,AEA,EN,Federal Contract Tower,17,4,18,3,42,0,1,46,10,57,17,5,64,13,99,8,10,18,117
11/03/2022,SWF,NY,AEA,EN,Federal Contract Tower,14,8,19,5,46,0,2,31,6,39,14,10,50,11,85,0,0,0,85
11/04/2022,SWF,NY,AEA,EN,Federal Contract Tower,16,6,10,7,39,0,0,65,1,66,16,6,75,8,105,12,0,12,117
11/05/2022,SWF,NY,AEA,EN,Federal Contract Tower,7,2,6,3,18,0,1,25,0,26,7,3,31,3,44,2,0,2,46
11/07/2022,SWF,NY,AEA,EN,Federal Contract Tower,4,10,15,5,34,0,2,29,10,41,4,12,44,15,75,4,0,4,79
11/08/2022,SWF,NY,AEA,EN,Federal Contract Tower,12,6,10,2,30,0,0,20,2,22,12,6,30,4,52,6,0,6,58
11/09/2022,SWF,NY,AEA,EN,Federal Contract Tower,10,10,17,6,43,0,0,45,17,62,10,10,62,23,105,54,40,94,199
11/10/2022,SWF,NY,AEA,EN,Federal Contract Tower,16,12,12,3,43,0,1,45,6,52,16,13,57,9,95,20,14,34,129
11/11/2022,SWF,NY,AEA,EN,Federal Contract Tower,14,3,12,2,31,0,0,7,0,7,14,3,19,2,38,4,0,4,42
11/12/2022,SWF,NY,AEA,EN,Federal Contract Tower,3,2,12,0,17,0,2,22,0,24,3,4,34,0,41,0,0,0,41
11/14/2022,SWF,NY,AEA,EN,Federal Contract Tower,6,4,7,1,18,0,0,38,0,38,6,4,45,1,56,4,0,4,60
11/16/2022,SWF,NY,AEA,EN,Federal Contract Tower,10,11,14,9,44,0,2,8,2,12,10,13,22,11,56,28,16,44,100
11/17/2022,SWF,NY,AEA,EN,Federal Contract Tower,13,9,16,13,51,0,0,32,17,49,13,9,48,30,100,52,30,82,182
11/18/2022,SWF,NY,AEA,EN,Federal Contract Tower,11,9,7,6,33,0,2,28,2,32,11,11,35,8,65,20,0,20,85
11/19/2022,SWF,NY,AEA,EN,Federal Contract Tower,9,5,8,0,22,0,4,62,9,75,9,9,70,9,97,6,0,6,103
11/20/2022,SWF,NY,AEA,EN,Federal Contract Tower,10,10,6,0,26,0,0,5,3,8,10,10,11,3,34,8,0,8,42
11/21/2022,SWF,NY,AEA,EN,Federal Contract Tower,7,3,13,6,29,0,0,16,0,16,7,3,29,6,45,4,0,4,49
11/22/2022,SWF,NY,AEA,EN,Federal Contract Tower,19,1,13,5,38,0,0,47,8,55,19,1,60,13,93,38,12,50,143
11/23/2022,SWF,NY,AEA,EN,Federal Contract Tower,14,9,9,1,33,0,0,50,0,50,14,9,59,1,83,44,0,44,127
11/24/2022,SWF,NY,AEA,EN,Federal Contract Tower,6,1,1,0,8,0,2,11,0,13,6,3,12,0,21,4,0,4,25
11/25/2022,SWF,NY,AEA,EN,Federal Contract Tower,10,5,1,0,16,0,1,5,0,6,10,6,6,0,22,0,0,0,22
11/26/2022,SWF,NY,AEA,EN,Federal Contract Tower,10,7,8,1,26,0,1,26,18,45,10,8,34,19,71,0,0,0,71
11/27/2022,SWF,NY,AEA,EN,Federal Contract Tower,5,21,13,0,39,0,0,13,0,13,5,21,26,0,52,0,0,0,52
11/28/2022,SWF,NY,AEA,EN,Federal Contract Tower,8,14,20,1,43,0,4,20,0,24,8,18,40,1,67,12,0,12,79
11/29/2022,SWF,NY,AEA,EN,Federal Contract Tower,14,12,13,1,40,0,2,46,3,51,14,14,59,4,91,18,0,18,109
11/30/2022,SWF,NY,AEA,EN,Federal Contract Tower,10,5,10,0,25,0,0,0,0,0,10,5,10,0,25,0,0,0,25
12/01/2022,SWF,NY,AEA,EN,Federal Contract Tower,18,10,9,6,43,0,4,10,4,18,18,14,19,10,61,4,20,24,85
12/02/2022,SWF,NY,AEA,EN,Federal Contract Tower,10,6,16,11,43,0,6,74,10,90,10,12,90,21,133,34,0,34,167
12/03/2022,SWF,NY,AEA,EN,Federal Contract Tower,7,2,5,5,19,0,0,0,0,0,7,2,5,5,19,0,0,0,19
12/04/2022,SWF,NY,AEA,EN,Federal Contract Tower,10,11,13,7,41,0,0,69,10,79,10,11,82,17,120,32,72,104,224
12/05/2022,SWF,NY,AEA,EN,Federal Contract Tower,1,13,18,2,34,0,0,57,4,61,1,13,75,6,95,16,6,22,117
12/06/2022,SWF,NY,AEA,EN,Federal Contract Tower,11,9,5,13,38,0,0,0,0,0,11,9,5,13,38,0,0,0,38
12/07/2022,SWF,NY,AEA,EN,Federal Contract Tower,10,11,8,7,36,0,0,0,0,0,10,11,8,7,36,0,0,0,36
12/08/2022,SWF,NY,AEA,EN,Federal Contract Tower,20,7,10,7,44,0,8,62,11,81,20,15,72,18,125,10,16,26,151
12/09/2022,SWF,NY,AEA,EN,Federal Contract Tower,9,9,12,5,35,0,5,76,7,88,9,14,88,12,123,6,0,6,129
12/10/2022,SWF,NY,AEA,EN,Federal Contract Tower,7,2,10,0,19,0,3,44,0,47,7,5,54,0,66,2,0,2,68
12/11/2022,SWF,NY,AEA,EN,Federal Contract Tower,11,10,2,1,24,0,0,0,0,0,11,10,2,1,24,0,0,0,24
12/12/2022,SWF,NY,AEA,EN,Federal Contract Tower,2,9,3,2,16,0,1,14,8,23,2,10,17,10,39,0,0,0,39
12/13/2022,SWF,NY,AEA,EN,Federal Contract Tower,10,6,20,5,41,0,0,60,6,66,10,6,80,11,107,46,12,58,165
12/14/2022,SWF,NY,AEA,EN,Federal Contract Tower,12,7,9,7,35,0,4,58,5,67,12,11,67,12,102,18,16,34,136
12/15/2022,SWF,NY,AEA,EN,Federal Contract Tower,13,11,8,5,37,0,0,17,3,20,13,11,25,8,57,16,2,18,75
12/16/2022,SWF,NY,AEA,EN,Federal Contract Tower,16,7,9,3,35,0,0,0,0,0,16,7,9,3,35,0,0,0,35
12/17/2022,SWF,NY,AEA,EN,Federal Contract Tower,14,4,22,1,41,0,2,42,1,45,14,6,64,2,86,36,0,36,122
12/18/2022,SWF,NY,AEA,EN,Federal Contract Tower,6,11,13,0,30,0,0,34,2,36,6,11,47,2,66,16,12,28,94
12/19/2022,SWF,NY,AEA,EN,Federal Contract Tower,6,2,8,2,18,0,0,22,0,22,6,2,30,2,40,30,0,30,70
12/20/2022,SWF,NY,AEA,EN,Federal Contract Tower,14,9,7,5,35,0,2,45,8,55,14,11,52,13,90,10,4,14,104
12/21/2022,SWF,NY,AEA,EN,Federal Contract Tower,14,12,14,7,47,0,0,46,5,51,14,12,60,12,98,18,28,46,144
12/22/2022,SWF,NY,AEA,EN,Federal Contract Tower,19,8,7,1,35,0,1,10,0,11,19,9,17,1,46,0,0,0,46
12/23/2022,SWF,NY,AEA,EN,Federal Contract Tower,12,9,6,0,27,0,0,0,0,0,12,9,6,0,27,0,0,0,27
12/24/2022,SWF,NY,AEA,EN,Federal Contract Tower,7,9,5,0,21,0,0,0,0,0,7,9,5,0,21,0,0,0,21
12/26/2022,SWF,NY,AEA,EN,Federal Contract Tower,9,9,9,2,29,0,0,36,0,36,9,9,45,2,65,8,0,8,73
12/27/2022,SWF,NY,AEA,EN,Federal Contract Tower,17,12,8,0,37,0,0,47,2,49,17,12,55,2,86,26,0,26,112
12/28/2022,SWF,NY,AEA,EN,Federal Contract Tower,12,7,11,1,31,0,1,50,5,56,12,8,61,6,87,22,0,22,109
12/29/2022,SWF,NY,AEA,EN,Federal Contract Tower,19,8,20,3,50,0,0,51,0,51,19,8,71,3,101,2,6,8,109
12/30/2022,SWF,NY,AEA,EN,Federal Contract Tower,15,7,14,0,36,0,2,44,0,46,15,9,58,0,82,4,0,4,86
12/31/2022,SWF,NY,AEA,EN,Federal Contract Tower,6,29,6,0,41,0,0,0,0,0,6,29,6,0,41,0,0,0,41
01/01/2023,SWF,NY,AEA,EN,Federal Contract Tower,5,12,5,0,22,0,2,24,0,26,5,14,29,0,48,16,0,16,64
01/02/2023,SWF,NY,AEA,EN,Federal Contract Tower,6,13,9,3,31,0,2,33,0,35,6,15,42,3,66,32,0,32,98
01/03/2023,SWF,NY,AEA,EN,Federal Contract Tower,12,10,13,0,35,0,0,0,0,0,12,10,13,0,35,0,0,0,35
01/04/2023,SWF,NY,AEA,EN,Federal Contract Tower,12,16,15,7,50,0,0,13,0,13,12,16,28,7,63,26,0,26,89
01/05/2023,SWF,NY,AEA,EN,Federal Contract Tower,12,1,6,4,23,0,0,0,0,0,12,1,6,4,23,0,0,0,23
01/06/2023,SWF,NY,AEA,EN,Federal Contract Tower,16,8,5,0,29,0,0,13,0,13,16,8,18,0,42,2,0,2,44
01/07/2023,SWF,NY,AEA,EN,Federal Contract Tower,5,2,8,0,15,0,0,20,0,20,5,2,28,0,35,4,0,4,39
01/08/2023,SWF,NY,AEA,EN,Federal Contract Tower,6,5,10,3,24,0,0,39,0,39,6,5,49,3,63,50,2,52,115
01/09/2023,SWF,NY,AEA,EN,Federal Contract Tower,7,1,10,0,18,0,2,45,5,52,7,3,55,5,70,14,4,18,88
01/10/2023,SWF,NY,AEA,EN,Federal Contract Tower,9,5,10,1,25,0,2,43,4,49,9,7,53,5,74,26,8,34,108
01/11/2023,SWF,NY,AEA,EN,Federal Contract Tower,12,10,10,8,40,0,0,41,9,50,12,10,51,17,90,4,22,26,116
01/12/2023,SWF,NY,AEA,EN,Federal Contract Tower,10,3,11,4,28,0,0,0,0,0,10,3,11,4,28,0,0,0,28
01/13/2023,SWF,NY,AEA,EN,Federal Contract Tower,13,8,10,1,32,0,2,21,1,24,13,10,31,2,56,10,16,26,82
01/14/2023,SWF,NY,AEA,EN,Federal Contract Tower,3,5,5,0,13,1,2,0,0,3,4,7,5,0,16,0,0,0,16
01/15/2023,SWF,NY,AEA,EN,Federal Contract Tower,5,6,5,0,16,0,0,11,2,13,5,6,16,2,29,8,0,8,37
01/16/2023,SWF,NY,AEA,EN,Federal Contract Tower,7,7,13,0,27,0,2,38,0,40,7,9,51,0,67,60,0,60,127
01/17/2023,SWF,NY,AEA,EN,Federal Contract Tower,8,7,10,0,25,0,1,14,0,15,8,8,24,0,40,12,0,12,52
01/18/2023,SWF,NY,AEA,EN,Federal Contract Tower,11,7,4,2,24,0,0,6,2,8,11,7,10,4,32,22,0,22,54
01/19/2023,SWF,NY,AEA,EN,Federal Contract Tower,12,10,2,1,25,0,0,2,0,2,12,10,4,1,27,0,0,0,27
01/20/2023,SWF,NY,AEA,EN,Federal Contract Tower,14,10,7,2,33,0,0,8,0,8,14,10,15,2,41,6,0,6,47
01/21/2023,SWF,NY,AEA,EN,Federal Contract Tower,2,3,9,1,15,0,0,45,4,49,2,3,54,5,64,42,66,108,172
01/22/2023,SWF,NY,AEA,EN,Federal Contract Tower,4,4,12,0,20,0,0,26,0,26,4,4,38,0,46,78,0,78,124
01/23/2023,SWF,NY,AEA,EN,Federal Contract Tower,7,5,8,0,20,0,0,0,0,0,7,5,8,0,20,0,0,0,20
01/24/2023,SWF,NY,AEA,EN,Federal Contract Tower,10,9,15,4,38,0,2,48,5,55,10,11,63,9,93,60,0,60,153
01/25/2023,SWF,NY,AEA,EN,Federal Contract Tower,10,4,3,2,19,0,0,0,0,0,10,4,3,2,19,0,0,0,19
01/26/2023,SWF,NY,AEA,EN,Federal Contract Tower,12,6,20,6,44,0,2,4,6,12,12,8,24,12,56,0,30,30,86
01/27/2023,SWF,NY,AEA,EN,Federal Contract Tower,15,10,13,6,44,0,0,40,4,44,15,10,53,10,88,0,0,0,88
01/28/2023,SWF,NY,AEA,EN,Federal Contract Tower,2,1,7,2,12,0,0,53,0,53,2,1,60,2,65,38,0,38,103
01/29/2023,SWF,NY,AEA,EN,Federal Contract Tower,2,2,7,0,11,0,0,26,0,26,2,2,33,0,37,2,0,2,39
01/30/2023,SWF,NY,AEA,EN,Federal Contract Tower,6,0,11,6,23,0,1,47,6,54,6,1,58,12,77,12,12,24,101
01/31/2023,SWF,NY,AEA,EN,Federal Contract Tower,9,2,16,11,38,0,2,55,4,61,9,4,71,15,99,24,22,46,145
02/01/2023,SWF,NY,AEA,EN,Federal Contract Tower,10,4,9,14,37,0,5,56,22,83,10,9,65,36,120,10,74,84,204
02/02/2023,SWF,NY,AEA,EN,Federal Contract Tower,12,8,11,3,34,0,1,35,7,43,12,9,46,10,77,20,0,20,97
02/03/2023,SWF,NY,AEA,EN,Federal Contract Tower,12,6,9,3,30,0,0,1,2,3,12,6,10,5,33,0,0,0,33
02/04/2023,SWF,NY,AEA,EN,Federal Contract Tower,5,2,11,3,21,0,0,7,0,7,5,2,18,3,28,0,0,0,28
02/05/2023,SWF,NY,AEA,EN,Federal Contract Tower,4,2,9,6,21,0,0,26,2,28,4,2,35,8,49,4,8,12,61
02/06/2023,SWF,NY,AEA,EN,Federal Contract Tower,8,4,14,3,29,0,0,40,1,41,8,4,54,4,70,2,0,2,72
02/07/2023,SWF,NY,AEA,EN,Federal Contract Tower,9,7,12,0,28,0,2,57,1,60,9,9,69,1,88,10,24,34,122
02/08/2023,SWF,NY,AEA,EN,Federal Contract Tower,10,7,15,0,32,0,0,61,9,70,10,7,76,9,102,40,28,68,170
02/09/2023,SWF,NY,AEA,EN,Federal Contract Tower,12,10,9,4,35,0,0,28,0,28,12,10,37,4,63,0,14,14,77
02/11/2023,SWF,NY,AEA,EN,Federal Contract Tower,2,8,5,1,16,0,0,33,1,34,2,8,38,2,50,72,0,72,122
02/12/2023,SWF,NY,AEA,EN,Federal Contract Tower,4,6,6,0,16,0,0,68,0,68,4,6,74,0,84,38,0,38,122
02/13/2023,SWF,NY,AEA,EN,Federal Contract Tower,7,1,12,7,27,0,2,55,0,57,7,3,67,7,84,12,0,12,96
02/14/2023,SWF,NY,AEA,EN,Federal Contract Tower,9,6,16,5,36,0,3,58,3,64,9,9,74,8,100,16,8,24,124
02/15/2023,SWF,NY,AEA,EN,Federal Contract Tower,13,7,16,2,38,0,0,37,0,37,13,7,53,2,75,8,6,14,89
02/16/2023,SWF,NY,AEA,EN,Federal Contract Tower,17,9,8,3,37,0,0,19,0,19,17,9,27,3,56,20,20,40,96
02/17/2023,SWF,NY,AEA,EN,Federal Contract Tower,15,7,5,2,29,0,0,8,2,10,15,7,13,4,39,20,0,20,59
02/18/2023,SWF,NY,AEA,EN,Federal Contract Tower,7,1,9,0,17,0,2,61,0,63,7,3,70,0,80,50,0,50,130
02/20/2023,SWF,NY,AEA,EN,Federal Contract Tower,5,1,17,1,24,0,6,36,0,42,5,7,53,1,66,10,0,10,76
02/21/2023,SWF,NY,AEA,EN,Federal Contract Tower,10,5,14,1,30,0,0,1,0,1,10,5,15,1,31,0,0,0,31
02/22/2023,SWF,NY,AEA,EN,Federal Contract Tower,12,4,13,3,32,0,0,27,0,27,12,4,40,3,59,52,0,52,111
02/23/2023,SWF,NY,AEA,EN,Federal Contract Tower,14,2,14,6,36,0,0,0,0,0,14,2,14,6,36,0,0,0,36
02/24/2023,SWF,NY,AEA,EN,Federal Contract Tower,12,9,4,2,27,0,0,2,0,2,12,9,6,2,29,14,0,14,43
02/25/2023,SWF,NY,AEA,EN,Federal Contract Tower,5,1,7,0,13,0,0,1,0,1,5,1,8,0,14,6,0,6,20
02/26/2023,SWF,NY,AEA,EN,Federal Contract Tower,9,14,7,0,30,0,0,5,0,5,9,14,12,0,35,0,0,0,35
02/27/2023,SWF,NY,AEA,EN,Federal Contract Tower,7,9,9,2,27,0,0,36,1,37,7,9,45,3,64,0,0,0,64
02/28/2023,SWF,NY,AEA,EN,Federal Contract Tower,18,9,2,0,29,0,0,0,0,0,18,9,2,0,29,0,0,0,29
03/01/2023,SWF,NY,AEA,EN,Federal Contract Tower,14,6,14,4,38,0,3,38,11,52,14,9,52,15,90,14,76,90,180
03/02/2023,SWF,NY,AEA,EN,Federal Contract Tower,16,6,17,10,49,0,0,9,2,11,16,6,26,12,60,10,8,18,78
03/03/2023,SWF,NY,AEA,EN,Federal Contract Tower,12,8,9,4,33,0,0,20,0,20,12,8,29,4,53,38,2,40,93
03/05/2023,SWF,NY,AEA,EN,Federal Contract Tower,9,6,9,3,27,0,0,49,4,53,9,6,58,7,80,24,0,24,104
03/06/2023,SWF,NY,AEA,EN,Federal Contract Tower,5,8,10,0,23,0,0,50,4,54,5,8,60,4,77,0,8,8,85
03/07/2023,SWF,NY,AEA,EN,Federal Contract Tower,14,1,7,0,22,0,0,6,1,7,14,1,13,1,29,0,16,16,45
03/08/2023,SWF,NY,AEA,EN,Federal Contract Tower,13,3,6,3,25,0,0,10,2,12,13,3,16,5,37,0,14,14,51
03/09/2023,SWF,NY,AEA,EN,Federal Contract Tower,19,3,10,7,39,0,2,34,6,42,19,5,44,13,81,46,12,58,139
03/10/2023,SWF,NY,AEA,EN,Federal Contract Tower,13,8,13,3,37,0,0,42,0,42,13,8,55,3,79,0,0,0,79
03/11/2023,SWF,NY,AEA,EN,Federal Contract Tower,7,7,6,1,21,0,2,5,0,7,7,9,11,1,28,0,0,0,28
03/12/2023,SWF,NY,AEA,EN,Federal Contract Tower,11,3,20,2,36,0,0,91,0,91,11,3,111,2,127,66,0,66,193
03/13/2023,SWF,NY,AEA,EN,Federal Contract Tower,3,14,8,1,26,0,0,0,0,0,3,14,8,1,26,0,0,0,26
03/14/2023,SWF,NY,AEA,EN,Federal Contract Tower,13,6,5,1,25,0,0,0,0,0,13,6,5,1,25,0,0,0,25
03/15/2023,SWF,NY,AEA,EN,Federal Contract Tower,12,9,7,0,28,0,0,6,8,14,12,9,13,8,42,0,20,20,62
03/16/2023,SWF,NY,AEA,EN,Federal Contract Tower,17,9,18,2,46,0,3,63,14,80,17,12,81,16,126,28,0,28,154
03/17/2023,SWF,NY,AEA,EN,Federal Contract Tower,12,5,9,6,32,0,2,33,10,45,12,7,42,16,77,6,0,6,83
03/18/2023,SWF,NY,AEA,EN,Federal Contract Tower,7,6,2,0,15,0,1,50,0,51,7,7,52,0,66,90,0,90,156
03/19/2023,SWF,NY,AEA,EN,Federal Contract Tower,11,13,14,3,41,0,0,10,0,10,11,13,24,3,51,2,0,2,53
03/20/2023,SWF,NY,AEA,EN,Federal Contract Tower,5,4,12,1,22,0,1,49,5,55,5,5,61,6,77,4,0,4,81
03/21/2023,SWF,NY,AEA,EN,Federal Contract Tower,15,2,14,3,34,0,0,75,0,75,15,2,89,3,109,62,20,82,191
03/22/2023,SWF,NY,AEA,EN,Federal Contract Tower,13,0,11,6,30,0,0,60,8,68,13,0,71,14,98,42,18,60,158
03/23/2023,SWF,NY,AEA,EN,Federal Contract Tower,19,12,7,2,40,0,0,5,5,10,19,12,12,7,50,0,0,0,50
03/24/2023,SWF,NY,AEA,EN,Federal Contract Tower,12,5,10,8,35,0,2,57,2,61,12,7,67,10,96,14,2,16,112
03/25/2023,SWF,NY,AEA,EN,Federal Contract Tower,7,3,6,0,16,0,0,4,0,4,7,3,10,0,20,0,0,0,20
03/26/2023,SWF,NY,AEA,EN,Federal Contract Tower,8,5,13,3,29,0,0,6,0,6,8,5,19,3,35,6,0,6,41
03/27/2023,SWF,NY,AEA,EN,Federal Contract Tower,5,9,21,1,36,0,0,39,2,41,5,9,60,3,77,10,0,10,87
03/28/2023,SWF,NY,AEA,EN,Federal Contract Tower,15,6,15,7,43,0,0,14,4,18,15,6,29,11,61,6,14,20,81
03/29/2023,SWF,NY,AEA,EN,Federal Contract Tower,15,7,16,3,41,0,2,55,5,62,15,9,71,8,103,20,10,30,133
03/30/2023,SWF,NY,AEA,EN,Federal Contract Tower,18,8,14,4,44,0,1,27,14,42,18,9,41,18,86,28,40,68,154
03/31/2023,SWF,NY,AEA,EN,Federal Contract Tower,11,9,8,4,32,0,3,27,1,31,11,12,35,5,63,10,0,10,73
04/01/2023,SWF,NY,AEA,EN,Federal Contract Tower,9,16,5,3,33,0,1,4,0,5,9,17,9,3,38,2,0,2,40
04/02/2023,SWF,NY,AEA,EN,Federal Contract Tower,8,7,9,2,26,0,3,24,0,27,8,10,33,2,53,26,0,26,79
04/03/2023,SWF,NY,AEA,EN,Federal Contract Tower,5,7,11,1,24,0,0,8,2,10,5,7,19,3,34,8,0,8,42
04/04/2023,SWF,NY,AEA,EN,Federal Contract Tower,12,11,19,2,44,0,0,54,0,54,12,11,73,2,98,30,0,30,128
04/05/2023,SWF,NY,AEA,EN,Federal Contract Tower,13,8,18,9,48,0,2,8,0,10,13,10,26,9,58,0,0,0,58
04/06/2023,SWF,NY,AEA,EN,Federal Contract Tower,16,9,13,5,43,0,1,1,4,6,16,10,14,9,49,0,6,6,55
04/07/2023,SWF,NY,AEA,EN,Federal Contract Tower,12,9,14,3,38,0,1,38,2,41,12,10,52,5,79,0,0,0,79
04/09/2023,SWF,NY,AEA,EN,Federal Contract Tower,10,2,8,1,21,0,1,38,0,39,10,3,46,1,60,0,0,0,60
04/10/2023,SWF,NY,AEA,EN,Federal Contract Tower,5,11,24,9,49,0,1,39,2,42,5,12,63,11,91,20,24,44,135
04/11/2023,SWF,NY,AEA,EN,Federal Contract Tower,15,6,20,6,47,0,0,34,10,44,15,6,54,16,91,0,10,10,101
04/12/2023,SWF,NY,AEA,EN,Federal Contract Tower,12,7,11,9,39,0,4,19,3,26,12,11,30,12,65,14,18,32,97
04/13/2023,SWF,NY,AEA,EN,Federal Contract Tower,16,11,11,5,43,1,5,65,9,80,17,16,76,14,123,8,8,16,139
04/14/2023,SWF,NY,AEA,EN,Federal Contract Tower,12,4,12,3,31,0,19,145,17,181,12,23,157,20,212,348,0,348,560
04/15/2023,SWF,NY,AEA,EN,Federal Contract Tower,15,8,4,1,28,0,8,49,5,62,15,16,53,6,90,20,0,20,110
04/16/2023,SWF,NY,AEA,EN,Federal Contract Tower,10,7,8,1,26,0,0,4,1,5,10,7,12,2,31,24,0,24,55
04/17/2023,SWF,NY,AEA,EN,Federal Contract Tower,6,17,10,4,37,0,0,15,2,17,6,17,25,6,54,54,16,70,124
04/18/2023,SWF,NY,AEA,EN,Federal Contract Tower,12,9,7,7,35,0,2,7,2,11,12,11,14,9,46,2,10,12,58
04/19/2023,SWF,NY,AEA,EN,Federal Contract Tower,12,9,7,10,38,0,0,26,0,26,12,9,33,10,64,10,8,18,82
04/20/2023,SWF,NY,AEA,EN,Federal Contract Tower,14,10,10,4,38,0,0,50,3,53,14,10,60,7,91,6,10,16,107
04/21/2023,SWF,NY,AEA,EN,Federal Contract Tower,12,6,7,12,37,0,2,60,2,64,12,8,67,14,101,0,0,0,101
04/22/2023,SWF,NY,AEA,EN,Federal Contract Tower,7,5,6,0,18,0,0,0,1,1,7,5,6,1,19,0,0,0,19
04/23/2023,SWF,NY,AEA,EN,Federal Contract Tower,8,10,9,1,28,0,0,6,3,9,8,10,15,4,37,0,36,36,73
04/24/2023,SWF,NY,AEA,EN,Federal Contract Tower,8,7,9,0,24,0,2,22,0,24,8,9,31,0,48,4,0,4,52
04/25/2023,SWF,NY,AEA,EN,Federal Contract Tower,9,7,12,4,32,0,2,22,5,29,9,9,34,9,61,38,20,58,119
04/26/2023,SWF,NY,AEA,EN,Federal Contract Tower,9,5,9,4,27,0,1,46,6,53,9,6,55,10,80,8,18,26,106
04/27/2023,SWF,NY,AEA,EN,Federal Contract Tower,16,12,7,4,39,0,1,10,4,15,16,13,17,8,54,0,16,16,70
04/28/2023,SWF,NY,AEA,EN,Federal Contract Tower,11,11,13,11,46,0,0,42,5,47,11,11,55,16,93,26,4,30,123
04/29/2023,SWF,NY,AEA,EN,Federal Contract Tower,7,2,2,4,15,0,0,0,0,0,7,2,2,4,15,0,0,0,15
04/30/2023,SWF,NY,AEA,EN,Federal Contract Tower,7,17,13,0,37,0,0,0,0,0,7,17,13,0,37,0,0,0,37
05/01/2023,SWF,NY,AEA,EN,Federal Contract Tower,4,7,18,3,32,0,0,5,0,5,4,7,23,3,37,0,0,0,37
05/02/2023,SWF,NY,AEA,EN,Federal Contract Tower,10,7,17,3,37,0,2,17,0,19,10,9,34,3,56,12,0,12,68
05/03/2023,SWF,NY,AEA,EN,Federal Contract Tower,11,13,15,5,44,0,0,16,4,20,11,13,31,9,64,8,6,14,78
05/04/2023,SWF,NY,AEA,EN,Federal Contract Tower,16,13,14,5,48,0,0,8,2,10,16,13,22,7,58,0,0,0,58
05/05/2023,SWF,NY,AEA,EN,Federal Contract Tower,11,5,24,15,55,0,0,57,18,75,11,5,81,33,130,22,0,22,152
05/06/2023,SWF,NY,AEA,EN,Federal Contract Tower,8,4,7,2,21,0,2,46,4,52,8,6,53,6,73,22,0,22,95
05/07/2023,SWF,NY,AEA,EN,Federal Contract Tower,8,12,16,2,38,0,0,44,1,45,8,12,60,3,83,6,16,22,105
05/08/2023,SWF,NY,AEA,EN,Federal Contract Tower,5,4,11,1,21,0,0,31,4,35,5,4,42,5,56,14,0,14,70
05/09/2023,SWF,NY,AEA,EN,Federal Contract Tower,8,8,15,5,36,0,7,46,9,62,8,15,61,14,98,22,14,36,134
05/10/2023,SWF,NY,AEA,EN,Federal Contract Tower,14,12,14,10,50,0,3,42,10,55,14,15,56,20,105,10,54,64,169
05/11/2023,SWF,NY,AEA,EN,Federal Contract Tower,17,8,10,3,38,0,2,63,13,78,17,10,73,16,116,0,14,14,130
05/12/2023,SWF,NY,AEA,EN,Federal Contract Tower,13,0,15,3,31,0,4,45,6,55,13,4,60,9,86,0,0,0,86
05/13/2023,SWF,NY,AEA,EN,Federal Contract Tower,7,3,11,1,22,0,0,46,4,50,7,3,57,5,72,44,14,58,130
05/14/2023,SWF,NY,AEA,EN,Federal Contract Tower,9,5,14,0,28,0,0,29,0,29,9,5,43,0,57,12,0,12,69
05/15/2023,SWF,NY,AEA,EN,Federal Contract Tower,5,6,21,5,37,0,0,42,0,42,5,6,63,5,79,56,0,56,135
05/16/2023,SWF,NY,AEA,EN,Federal Contract Tower,9,7,10,5,31,0,2,31,2,35,9,9,41,7,66,14,0,14,80
05/17/2023,SWF,NY,AEA,EN,Federal Contract Tower,11,3,12,5,31,0,2,17,9,28,11,5,29,14,59,2,10,12,71
05/18/2023,SWF,NY,AEA,EN,Federal Contract Tower,14,9,16,8,47,0,0,71,10,81,14,9,87,18,128,20,78,98,226
05/19/2023,SWF,NY,AEA,EN,Federal Contract Tower,12,7,24,1,44,0,4,58,0,62,12,11,82,1,106,0,0,0,106
05/20/2023,SWF,NY,AEA,EN,Federal Contract Tower,7,6,16,0,29,0,0,0,0,0,7,6,16,0,29,0,0,0,29
05/21/2023,SWF,NY,AEA,EN,Federal Contract Tower,8,15,10,0,33,0,0,15,0,15,8,15,25,0,48,0,0,0,48
05/22/2023,SWF,NY,AEA,EN,Federal Contract Tower,5,5,11,3,24,0,0,15,2,17,5,5,26,5,41,4,0,4,45
05/23/2023,SWF,NY,AEA,EN,Federal Contract Tower,9,10,10,3,32,0,6,60,9,75,9,16,70,12,107,40,6,46,153
05/24/2023,SWF,NY,AEA,EN,Federal Contract Tower,10,9,16,9,44,0,2,49,11,62,10,11,65,20,106,8,16,24,130
05/25/2023,SWF,NY,AEA,EN,Federal Contract Tower,13,6,14,7,40,0,5,25,8,38,13,11,39,15,78,20,6,26,104
05/26/2023,SWF,NY,AEA,EN,Federal Contract Tower,12,8,7,4,31,0,1,42,1,44,12,9,49,5,75,0,0,0,75
05/27/2023,SWF,NY,AEA,EN,Federal Contract Tower,5,12,13,3,33,0,0,29,0,29,5,12,42,3,62,4,0,4,66
05/28/2023,SWF,NY,AEA,EN,Federal Contract Tower,7,13,12,0,32,0,1,42,4,47,7,14,54,4,79,6,0,6,85
05/29/2023,SWF,NY,AEA,EN,Federal Contract Tower,4,9,6,9,28,6,1,22,0,29,10,10,28,9,57,2,0,2,59
05/30/2023,SWF,NY,AEA,EN,Federal Contract Tower,5,5,14,8,32,0,2,51,11,64,5,7,65,19,96,24,20,44,140
05/31/2023,SWF,NY,AEA,EN,Federal Contract Tower,12,12,17,5,46,0,9,81,8,98,12,21,98,13,144,22,0,22,166
06/01/2023,SWF,NY,AEA,EN,Federal Contract Tower,14,4,8,3,29,0,0,35,10,45,14,4,43,13,74,0,0,0,74
06/02/2023,SWF,NY,AEA,EN,Federal Contract Tower,12,26,14,7,59,0,10,47,7,64,12,36,61,14,123,0,0,0,123
06/03/2023,SWF,NY,AEA,EN,Federal Contract Tower,5,5,13,3,26,0,2,13,2,17,5,7,26,5,43,0,0,0,43
06/04/2023,SWF,NY,AEA,EN,Federal Contract Tower,6,6,15,9,36,0,1,22,2,25,6,7,37,11,61,12,0,12,73
06/05/2023,SWF,NY,AEA,EN,Federal Contract Tower,5,4,6,8,23,0,2,32,1,35,5,6,38,9,58,2,0,2,60
06/06/2023,SWF,NY,AEA,EN,Federal Contract Tower,8,8,14,14,44,0,0,0,0,0,8,8,14,14,44,4,14,18,62
06/07/2023,SWF,NY,AEA,EN,Federal Contract Tower,12,10,20,29,71,0,1,7,2,10,12,11,27,31,81,0,0,0,81
06/08/2023,SWF,NY,AEA,EN,Federal Contract Tower,14,8,12,4,38,0,0,7,0,7,14,8,19,4,45,0,0,0,45
06/09/2023,SWF,NY,AEA,EN,Federal Contract Tower,11,10,14,0,35,0,0,14,2,16,11,10,28,2,51,6,0,6,57
06/10/2023,SWF,NY,AEA,EN,Federal Contract Tower,4,4,12,1,21,0,0,47,0,47,4,4,59,1,68,36,0,36,104
06/11/2023,SWF,NY,AEA,EN,Federal Contract Tower,6,6,8,3,23,0,0,23,0,23,6,6,31,3,46,4,0,4,50
06/12/2023,SWF,NY,AEA,EN,Federal Contract Tower,4,3,11,2,20,0,0,7,24,31,4,3,18,26,51,0,0,0,51
06/13/2023,SWF,NY,AEA,EN,Federal Contract Tower,9,10,23,2,44,0,4,72,3,79,9,14,95,5,123,28,12,40,163
06/14/2023,SWF,NY,AEA,EN,Federal Contract Tower,12,6,8,1,27,0,0,19,0,19,12,6,27,1,46,2,0,2,48
06/15/2023,SWF,NY,AEA,EN,Federal Contract Tower,13,16,33,12,74,0,3,81,7,91,13,19,114,19,165,44,0,44,209
06/16/2023,SWF,NY,AEA,EN,Federal Contract Tower,11,13,18,8,50,0,8,20,0,28,11,21,38,8,78,0,0,0,78
06/17/2023,SWF,NY,AEA,EN,Federal Contract Tower,5,8,11,0,24,0,0,22,0,22,5,8,33,0,46,12,0,12,58
06/18/2023,SWF,NY,AEA,EN,Federal Contract Tower,1,9,10,0,20,0,0,32,4,36,1,9,42,4,56,48,0,48,104
06/19/2023,SWF,NY,AEA,EN,Federal Contract Tower,6,4,21,2,33,0,5,64,2,71,6,9,85,4,104,62,0,62,166
06/20/2023,SWF,NY,AEA,EN,Federal Contract Tower,8,5,18,6,37,0,0,62,10,72,8,5,80,16,109,60,0,60,169
06/21/2023,SWF,NY,AEA,EN,Federal Contract Tower,17,14,11,18,60,0,3,102,17,122,17,17,113,35,182,14,4,18,200
06/22/2023,SWF,NY,AEA,EN,Federal Contract Tower,11,13,18,0,42,0,0,23,4,27,11,13,41,4,69,4,34,38,107
06/23/2023,SWF,NY,AEA,EN,Federal Contract Tower,11,18,29,7,65,0,12,0,0,12,11,30,29,7,77,0,0,0,77
06/24/2023,SWF,NY,AEA,EN,Federal Contract Tower,9,10,8,9,36,0,0,2,7,9,9,10,10,16,45,0,0,0,45
06/25/2023,SWF,NY,AEA,EN,Federal Contract Tower,9,11,15,12,47,0,0,3,12,15,9,11,18,24,62,0,0,0,62
06/26/2023,SWF,NY,AEA,EN,Federal Contract Tower,9,8,11,4,32,0,0,0,1,1,9,8,11,5,33,0,0,0,33
06/27/2023,SWF,NY,AEA,EN,Federal Contract Tower,12,11,22,0,45,0,0,0,0,0,12,11,22,0,45,0,0,0,45
06/28/2023,SWF,NY,AEA,EN,Federal Contract Tower,13,12,18,6,49,0,3,19,5,27,13,15,37,11,76,0,32,32,108
06/29/2023,SWF,NY,AEA,EN,Federal Contract Tower,12,11,11,5,39,0,0,51,0,51,12,11,62,5,90,32,16,48,138
06/30/2023,SWF,NY,AEA,EN,Federal Contract Tower,4,12,10,4,30,0,0,25,0,25,4,12,35,4,55,0,0,0,55
07/01/2023,SWF,NY,AEA,EN,Federal Contract Tower,9,10,12,0,31,0,0,7,2,9,9,10,19,2,40,0,0,0,40
07/02/2023,SWF,NY,AEA,EN,Federal Contract Tower,7,12,13,0,32,0,0,0,0,0,7,12,13,0,32,0,0,0,32
07/03/2023,SWF,NY,AEA,EN,Federal Contract Tower,8,5,12,0,25,0,3,9,0,12,8,8,21,0,37,10,0,10,47
07/04/2023,SWF,NY,AEA,EN,Federal Contract Tower,2,11,4,1,18,0,1,4,0,5,2,12,8,1,23,0,0,0,23
07/05/2023,SWF,NY,AEA,EN,Federal Contract Tower,17,8,18,2,45,0,2,56,0,58,17,10,74,2,103,0,0,0,103
07/06/2023,SWF,NY,AEA,EN,Federal Contract Tower,11,12,8,4,35,0,7,35,0,42,11,19,43,4,77,0,0,0,77
07/07/2023,SWF,NY,AEA,EN,Federal Contract Tower,14,15,14,2,45,0,1,27,6,34,14,16,41,8,79,0,0,0,79
07/08/2023,SWF,NY,AEA,EN,Federal Contract Tower,6,8,8,0,22,0,0,26,2,28,6,8,34,2,50,32,0,32,82
07/09/2023,SWF,NY,AEA,EN,Federal Contract Tower,6,11,12,0,29,0,0,2,0,2,6,11,14,0,31,0,0,0,31
07/10/2023,SWF,NY,AEA,EN,Federal Contract Tower,6,20,14,0,40,0,11,24,2,37,6,31,38,2,77,0,0,0,77
07/11/2023,SWF,NY,AEA,EN,Federal Contract Tower,10,5,7,3,25,0,2,57,4,63,10,7,64,7,88,36,0,36,124
07/12/2023,SWF,NY,AEA,EN,Federal Contract Tower,13,11,19,3,46,0,6,214,3,223,13,17,233,6,269,42,0,42,311
07/13/2023,SWF,NY,AEA,EN,Federal Contract Tower,12,11,23,4,50,0,2,70,2,74,12,13,93,6,124,10,20,30,154
07/14/2023,SWF,NY,AEA,EN,Federal Contract Tower,10,10,17,2,39,0,0,10,0,10,10,10,27,2,49,0,0,0,49
07/15/2023,SWF,NY,AEA,EN,Federal Contract Tower,8,9,7,1,25,0,4,45,2,51,8,13,52,3,76,8,0,8,84
07/16/2023,SWF,NY,AEA,EN,Federal Contract Tower,4,7,10,0,21,0,0,2,0,2,4,7,12,0,23,0,0,0,23
07/17/2023,SWF,NY,AEA,EN,Federal Contract Tower,8,15,22,1,46,0,1,37,13,51,8,16,59,14,97,6,6,12,109
07/18/2023,SWF,NY,AEA,EN,Federal Contract Tower,9,9,18,0,36,0,7,41,4,52,9,16,59,4,88,8,20,28,116
07/19/2023,SWF,NY,AEA,EN,Federal Contract Tower,12,14,16,11,53,0,6,117,16,139,12,20,133,27,192,22,18,40,232
07/20/2023,SWF,NY,AEA,EN,Federal Contract Tower,13,22,18,7,60,0,0,78,24,102,13,22,96,31,162,0,34,34,196
07/21/2023,SWF,NY,AEA,EN,Federal Contract Tower,12,9,26,0,47,0,0,0,0,0,12,9,26,0,47,0,0,0,47
07/22/2023,SWF,NY,AEA,EN,Federal Contract Tower,9,16,8,1,34,0,2,44,19,65,9,18,52,20,99,0,2,2,101
07/23/2023,SWF,NY,AEA,EN,Federal Contract Tower,4,18,24,2,48,0,2,50,19,71,4,20,74,21,119,0,0,0,119
07/24/2023,SWF,NY,AEA,EN,Federal Contract Tower,7,15,21,5,48,0,6,37,30,73,7,21,58,35,121,0,32,32,153
07/25/2023,SWF,NY,AEA,EN,Federal Contract Tower,10,4,7,2,23,0,3,52,16,71,10,7,59,18,94,12,24,36,130
07/26/2023,SWF,NY,AEA,EN,Federal Contract Tower,16,11,21,8,56,0,3,69,8,80,16,14,90,16,136,10,16,26,162
07/27/2023,SWF,NY,AEA,EN,Federal Contract Tower,13,14,32,6,65,0,0,42,12,54,13,14,74,18,119,2,18,20,139
07/28/2023,SWF,NY,AEA,EN,Federal Contract Tower,12,9,12,1,34,0,2,69,9,80,12,11,81,10,114,30,0,30,144
07/29/2023,SWF,NY,AEA,EN,Federal Contract Tower,10,8,10,0,28,0,1,23,0,24,10,9,33,0,52,32,0,32,84
07/30/2023,SWF,NY,AEA,EN,Federal Contract Tower,5,8,13,0,26,0,0,20,0,20,5,8,33,0,46,32,0,32,78
07/31/2023,SWF,NY,AEA,EN,Federal Contract Tower,8,10,20,4,42,0,0,67,4,71,8,10,87,8,113,34,0,34,147
08/01/2023,SWF,NY,AEA,EN,Federal Contract Tower,11,5,16,1,33,0,0,37,1,38,11,5,53,2,71,16,4,20,91
08/02/2023,SWF,NY,AEA,EN,Federal Contract Tower,14,8,12,7,41,0,0,35,15,50,14,8,47,22,91,18,16,34,125
08/03/2023,SWF,NY,AEA,EN,Federal Contract Tower,13,7,7,16,43,0,0,43,11,54,13,7,50,27,97,14,24,38,135
08/04/2023,SWF,NY,AEA,EN,Federal Contract Tower,15,11,8,10,44,0,0,24,2,26,15,11,32,12,70,6,0,6,76
08/05/2023,SWF,NY,AEA,EN,Federal Contract Tower,15,5,15,2,37,0,2,61,6,69,15,7,76,8,106,38,0,38,144
08/06/2023,SWF,NY,AEA,EN,Federal Contract Tower,4,5,8,0,17,0,0,48,0,48,4,5,56,0,65,22,0,22,87
08/07/2023,SWF,NY,AEA,EN,Federal Contract Tower,7,8,23,2,40,0,0,0,0,0,7,8,23,2,40,0,0,0,40
08/08/2023,SWF,NY,AEA,EN,Federal Contract Tower,9,6,11,3,29,0,2,27,6,35,9,8,38,9,64,16,6,22,86
08/09/2023,SWF,NY,AEA,EN,Federal Contract Tower,11,4,7,4,26,0,0,286,1,287,11,4,293,5,313,42,2,44,357
08/10/2023,SWF,NY,AEA,EN,Federal Contract Tower,12,9,16,1,38,0,0,22,2,24,12,9,38,3,62,0,12,12,74
08/11/2023,SWF,NY,AEA,EN,Federal Contract Tower,12,6,19,2,39,0,0,45,7,52,12,6,64,9,91,4,0,4,95
08/12/2023,SWF,NY,AEA,EN,Federal Contract Tower,11,13,5,0,29,0,1,4,0,5,11,14,9,0,34,0,0,0,34
08/13/2023,SWF,NY,AEA,EN,Federal Contract Tower,4,6,17,3,30,0,3,35,2,40,4,9,52,5,70,48,0,48,118
08/14/2023,SWF,NY,AEA,EN,Federal Contract Tower,7,5,21,0,33,0,2,33,4,39,7,7,54,4,72,10,8,18,90
08/15/2023,SWF,NY,AEA,EN,Federal Contract Tower,15,2,12,0,29,0,0,0,0,0,15,2,12,0,29,0,0,0,29
08/16/2023,SWF,NY,AEA,EN,Federal Contract Tower,10,9,17,12,48,0,0,14,5,19,10,9,31,17,67,0,20,20,87
08/17/2023,SWF,NY,AEA,EN,Federal Contract Tower,15,5,20,8,48,0,0,20,3,23,15,5,40,11,71,0,4,4,75
08/18/2023,SWF,NY,AEA,EN,Federal Contract Tower,17,8,15,2,42,0,5,31,4,40,17,13,46,6,82,38,0,38,120
08/19/2023,SWF,NY,AEA,EN,Federal Contract Tower,5,5,3,1,14,0,0,75,2,77,5,5,78,3,91,26,0,26,117
08/20/2023,SWF,NY,AEA,EN,Federal Contract Tower,6,8,9,0,23,0,6,34,0,40,6,14,43,0,63,60,0,60,123
08/21/2023,SWF,NY,AEA,EN,Federal Contract Tower,7,6,7,2,22,0,2,51,1,54,7,8,58,3,76,0,0,0,76
08/22/2023,SWF,NY,AEA,EN,Federal Contract Tower,12,5,4,4,25,0,0,25,0,25,12,5,29,4,50,4,0,4,54
08/23/2023,SWF,NY,AEA,EN,Federal Contract Tower,12,1,18,4,35,0,0,0,0,0,12,1,18,4,35,36,2,38,73
08/24/2023,SWF,NY,AEA,EN,Federal Contract Tower,15,11,17,4,47,0,0,0,0,0,15,11,17,4,47,0,0,0,47
08/26/2023,SWF,NY,AEA,EN,Federal Contract Tower,5,10,11,0,26,0,1,36,2,39,5,11,47,2,65,0,0,0,65
08/27/2023,SWF,NY,AEA,EN,Federal Contract Tower,5,7,11,2,25,0,0,17,0,17,5,7,28,2,42,30,0,30,72
08/28/2023,SWF,NY,AEA,EN,Federal Contract Tower,6,10,12,11,39,0,0,33,10,43,6,10,45,21,82,0,60,60,142
08/29/2023,SWF,NY,AEA,EN,Federal Contract Tower,8,7,21,6,42,0,0,33,2,35,8,7,54,8,77,8,0,8,85
08/30/2023,SWF,NY,AEA,EN,Federal Contract Tower,9,9,9,12,39,0,0,13,28,41,9,9,22,40,80,14,76,90,170
08/31/2023,SWF,NY,AEA,EN,Federal Contract Tower,14,12,19,9,54,0,2,68,25,95,14,14,87,34,149,58,18,76,225
01/01/2020,SWF,NY,AEA,EN,Federal Contract Tower,4,14,3,0,21,0,2,10,2,14,4,16,13,2,35,12,0,12,47
01/02/2020,SWF,NY,AEA,EN,Federal Contract Tower,16,11,11,0,38,0,3,27,0,30,16,14,38,0,68,32,0,32,100
01/03/2020,SWF,NY,AEA,EN,Federal Contract Tower,17,15,7,1,40,0,0,0,0,0,17,15,7,1,40,0,0,0,40
01/04/2020,SWF,NY,AEA,EN,Federal Contract Tower,7,14,18,0,39,0,0,0,0,0,7,14,18,0,39,0,0,0,39
01/05/2020,SWF,NY,AEA,EN,Federal Contract Tower,6,15,7,0,28,0,1,2,0,3,6,16,9,0,31,0,0,0,31
01/06/2020,SWF,NY,AEA,EN,Federal Contract Tower,8,13,12,3,36,0,0,27,0,27,8,13,39,3,63,12,0,12,75
01/07/2020,SWF,NY,AEA,EN,Federal Contract Tower,14,18,11,2,45,0,2,33,2,37,14,20,44,4,82,0,0,0,82
01/08/2020,SWF,NY,AEA,EN,Federal Contract Tower,10,21,8,7,46,0,2,3,2,7,10,23,11,9,53,8,18,26,79
01/09/2020,SWF,NY,AEA,EN,Federal Contract Tower,12,19,17,6,54,0,7,66,14,87,12,26,83,20,141,32,18,50,191
01/10/2020,SWF,NY,AEA,EN,Federal Contract Tower,12,13,15,5,45,0,2,20,10,32,12,15,35,15,77,0,42,42,119
01/11/2020,SWF,NY,AEA,EN,Federal Contract Tower,6,7,7,2,22,0,1,0,0,1,6,8,7,2,23,0,0,0,23
01/12/2020,SWF,NY,AEA,EN,Federal Contract Tower,6,10,11,2,29,0,2,1,2,5,6,12,12,4,34,0,0,0,34
01/13/2020,SWF,NY,AEA,EN,Federal Contract Tower,7,19,11,0,37,0,0,5,0,5,7,19,16,0,42,8,0,8,50
01/14/2020,SWF,NY,AEA,EN,Federal Contract Tower,13,10,23,1,47,0,0,70,2,72,13,10,93,3,119,6,8,14,133
01/15/2020,SWF,NY,AEA,EN,Federal Contract Tower,11,15,24,9,59,0,4,53,9,66,11,19,77,18,125,38,12,50,175
01/16/2020,SWF,NY,AEA,EN,Federal Contract Tower,12,23,3,6,44,0,0,0,7,7,12,23,3,13,51,0,0,0,51
01/17/2020,SWF,NY,AEA,EN,Federal Contract Tower,12,17,13,4,46,0,2,8,4,14,12,19,21,8,60,2,2,4,64
01/18/2020,SWF,NY,AEA,EN,Federal Contract Tower,7,8,6,0,21,0,0,3,0,3,7,8,9,0,24,0,0,0,24
01/19/2020,SWF,NY,AEA,EN,Federal Contract Tower,5,14,11,0,30,0,2,12,0,14,5,16,23,0,44,24,0,24,68
01/20/2020,SWF,NY,AEA,EN,Federal Contract Tower,7,11,11,0,29,0,1,21,2,24,7,12,32,2,53,28,14,42,95
01/21/2020,SWF,NY,AEA,EN,Federal Contract Tower,9,13,20,4,46,0,0,33,5,38,9,13,53,9,84,24,20,44,128
01/22/2020,SWF,NY,AEA,EN,Federal Contract Tower,9,12,10,10,41,0,10,48,8,66,9,22,58,18,107,22,34,56,163
01/23/2020,SWF,NY,AEA,EN,Federal Contract Tower,13,18,25,7,63,0,4,71,19,94,13,22,96,26,157,22,34,56,213
01/24/2020,SWF,NY,AEA,EN,Federal Contract Tower,13,12,12,2,39,0,0,46,1,47,13,12,58,3,86,0,0,0,86
01/25/2020,SWF,NY,AEA,EN,Federal Contract Tower,7,10,4,0,21,0,0,0,0,0,7,10,4,0,21,0,0,0,21
01/26/2020,SWF,NY,AEA,EN,Federal Contract Tower,6,14,19,3,42,0,0,39,4,43,6,14,58,7,85,52,22,74,159
01/27/2020,SWF,NY,AEA,EN,Federal Contract Tower,7,15,15,6,43,0,0,28,0,28,7,15,43,6,71,28,0,28,99
01/28/2020,SWF,NY,AEA,EN,Federal Contract Tower,9,16,17,3,45,0,0,28,4,32,9,16,45,7,77,0,18,18,95
01/29/2020,SWF,NY,AEA,EN,Federal Contract Tower,10,10,17,14,51,0,6,62,21,89,10,16,79,35,140,50,34,84,224
01/30/2020,SWF,NY,AEA,EN,Federal Contract Tower,13,14,13,7,47,0,3,46,6,55,13,17,59,13,102,4,28,32,134
01/31/2020,SWF,NY,AEA,EN,Federal Contract Tower,12,15,11,4,42,0,5,62,4,71,12,20,73,8,113,18,0,18,131
02/01/2020,SWF,NY,AEA,EN,Federal Contract Tower,7,10,6,4,27,0,0,0,0,0,7,10,6,4,27,0,0,0,27
02/02/2020,SWF,NY,AEA,EN,Federal Contract Tower,6,20,3,0,29,0,0,17,0,17,6,20,20,0,46,0,0,0,46
02/03/2020,SWF,NY,AEA,EN,Federal Contract Tower,7,9,26,7,49,0,0,80,2,82,7,9,106,9,131,16,0,16,147
02/04/2020,SWF,NY,AEA,EN,Federal Contract Tower,11,8,10,5,34,0,4,24,2,30,11,12,34,7,64,10,8,18,82
02/05/2020,SWF,NY,AEA,EN,Federal Contract Tower,11,13,15,8,47,0,2,71,17,90,11,15,86,25,137,10,28,38,175
02/06/2020,SWF,NY,AEA,EN,Federal Contract Tower,14,11,5,1,31,0,0,0,0,0,14,11,5,1,31,0,0,0,31
02/07/2020,SWF,NY,AEA,EN,Federal Contract Tower,12,19,6,2,39,0,0,0,0,0,12,19,6,2,39,0,0,0,39
02/08/2020,SWF,NY,AEA,EN,Federal Contract Tower,7,11,10,3,31,0,0,2,0,2,7,11,12,3,33,22,0,22,55
02/09/2020,SWF,NY,AEA,EN,Federal Contract Tower,8,21,11,6,46,0,0,18,1,19,8,21,29,7,65,26,30,56,121
02/10/2020,SWF,NY,AEA,EN,Federal Contract Tower,7,9,5,1,22,0,0,1,0,1,7,9,6,1,23,0,0,0,23
02/11/2020,SWF,NY,AEA,EN,Federal Contract Tower,11,10,9,4,34,0,2,4,6,12,11,12,13,10,46,12,14,26,72
02/12/2020,SWF,NY,AEA,EN,Federal Contract Tower,14,12,21,12,59,0,6,71,20,97,14,18,92,32,156,20,18,38,194
02/13/2020,SWF,NY,AEA,EN,Federal Contract Tower,12,12,6,9,39,0,0,2,7,9,12,12,8,16,48,0,4,4,52
02/14/2020,SWF,NY,AEA,EN,Federal Contract Tower,16,14,14,6,50,0,3,36,4,43,16,17,50,10,93,38,2,40,133
02/15/2020,SWF,NY,AEA,EN,Federal Contract Tower,7,10,7,0,24,0,2,5,0,7,7,12,12,0,31,4,0,4,35
02/16/2020,SWF,NY,AEA,EN,Federal Contract Tower,7,7,4,0,18,0,0,13,0,13,7,7,17,0,31,12,0,12,43
02/17/2020,SWF,NY,AEA,EN,Federal Contract Tower,9,9,14,2,34,0,0,32,1,33,9,9,46,3,67,60,0,60,127
02/18/2020,SWF,NY,AEA,EN,Federal Contract Tower,10,9,10,9,38,0,0,0,0,0,10,9,10,9,38,0,0,0,38
02/19/2020,SWF,NY,AEA,EN,Federal Contract Tower,13,14,17,9,53,0,4,35,1,40,13,18,52,10,93,10,20,30,123
02/20/2020,SWF,NY,AEA,EN,Federal Contract Tower,12,13,18,5,48,0,7,64,11,82,12,20,82,16,130,38,28,66,196
02/21/2020,SWF,NY,AEA,EN,Federal Contract Tower,14,10,16,5,45,0,3,40,0,43,14,13,56,5,88,10,4,14,102
02/22/2020,SWF,NY,AEA,EN,Federal Contract Tower,6,11,15,4,36,0,1,45,2,48,6,12,60,6,84,44,14,58,142
02/23/2020,SWF,NY,AEA,EN,Federal Contract Tower,7,9,13,5,34,0,0,0,0,0,7,9,13,5,34,62,10,72,106
02/24/2020,SWF,NY,AEA,EN,Federal Contract Tower,10,12,14,1,37,0,0,7,0,7,10,12,21,1,44,4,0,4,48
02/25/2020,SWF,NY,AEA,EN,Federal Contract Tower,12,12,7,4,35,0,2,27,4,33,12,14,34,8,68,0,10,10,78
02/26/2020,SWF,NY,AEA,EN,Federal Contract Tower,9,14,11,13,47,4,0,1,0,5,13,14,12,13,52,0,0,0,52
02/27/2020,SWF,NY,AEA,EN,Federal Contract Tower,12,16,8,2,38,0,0,1,0,1,12,16,9,2,39,2,0,2,41
02/28/2020,SWF,NY,AEA,EN,Federal Contract Tower,16,21,17,2,56,0,0,30,2,32,16,21,47,4,88,0,2,2,90
02/29/2020,SWF,NY,AEA,EN,Federal Contract Tower,8,8,12,1,29,0,4,19,0,23,8,12,31,1,52,26,0,26,78
03/01/2020,SWF,NY,AEA,EN,Federal Contract Tower,6,13,23,1,43,0,3,28,0,31,6,16,51,1,74,80,0,80,154
03/02/2020,SWF,NY,AEA,EN,Federal Contract Tower,11,10,11,1,33,0,2,23,0,25,11,12,34,1,58,4,0,4,62
03/03/2020,SWF,NY,AEA,EN,Federal Contract Tower,10,10,19,4,43,0,3,35,2,40,10,13,54,6,83,14,18,32,115
03/04/2020,SWF,NY,AEA,EN,Federal Contract Tower,13,7,5,19,44,0,1,34,22,57,13,8,39,41,101,0,38,38,139
03/05/2020,SWF,NY,AEA,EN,Federal Contract Tower,12,16,18,4,50,0,8,43,2,53,12,24,61,6,103,30,0,30,133
03/06/2020,SWF,NY,AEA,EN,Federal Contract Tower,15,15,9,6,45,0,0,18,6,24,15,15,27,12,69,0,12,12,81
03/07/2020,SWF,NY,AEA,EN,Federal Contract Tower,7,9,7,0,23,0,2,10,6,18,7,11,17,6,41,0,8,8,49
03/08/2020,SWF,NY,AEA,EN,Federal Contract Tower,6,9,13,1,29,0,0,30,0,30,6,9,43,1,59,36,0,36,95
03/09/2020,SWF,NY,AEA,EN,Federal Contract Tower,9,17,14,1,41,0,8,74,4,86,9,25,88,5,127,24,0,24,151
03/10/2020,SWF,NY,AEA,EN,Federal Contract Tower,16,8,9,1,34,0,2,30,0,32,16,10,39,1,66,12,10,22,88
03/11/2020,SWF,NY,AEA,EN,Federal Contract Tower,10,11,13,1,35,0,4,46,1,51,10,15,59,2,86,48,0,48,134
03/12/2020,SWF,NY,AEA,EN,Federal Contract Tower,12,18,10,6,46,0,5,21,5,31,12,23,31,11,77,0,8,8,85
03/13/2020,SWF,NY,AEA,EN,Federal Contract Tower,15,22,10,3,50,0,0,4,0,4,15,22,14,3,54,0,0,0,54
03/14/2020,SWF,NY,AEA,EN,Federal Contract Tower,9,9,8,0,26,0,1,5,0,6,9,10,13,0,32,0,0,0,32
03/15/2020,SWF,NY,AEA,EN,Federal Contract Tower,8,13,9,0,30,0,0,41,0,41,8,13,50,0,71,80,0,80,151
03/16/2020,SWF,NY,AEA,EN,Federal Contract Tower,11,14,9,1,35,0,2,64,0,66,11,16,73,1,101,22,0,22,123
03/17/2020,SWF,NY,AEA,EN,Federal Contract Tower,13,10,7,2,32,0,0,7,0,7,13,10,14,2,39,2,0,2,41
03/18/2020,SWF,NY,AEA,EN,Federal Contract Tower,11,12,17,2,42,0,3,63,2,68,11,15,80,4,110,30,0,30,140
03/19/2020,SWF,NY,AEA,EN,Federal Contract Tower,12,12,4,0,28,0,0,0,0,0,12,12,4,0,28,0,0,0,28
03/20/2020,SWF,NY,AEA,EN,Federal Contract Tower,18,15,11,0,44,0,0,6,0,6,18,15,17,0,50,0,0,0,50
03/21/2020,SWF,NY,AEA,EN,Federal Contract Tower,10,9,14,0,33,0,1,24,0,25,10,10,38,0,58,2,0,2,60
03/22/2020,SWF,NY,AEA,EN,Federal Contract Tower,6,11,6,0,23,0,0,22,0,22,6,11,28,0,45,18,0,18,63
03/23/2020,SWF,NY,AEA,EN,Federal Contract Tower,11,9,2,0,22,0,0,0,0,0,11,9,2,0,22,0,0,0,22
03/24/2020,SWF,NY,AEA,EN,Federal Contract Tower,13,8,6,1,28,0,2,11,9,22,13,10,17,10,50,2,0,2,52
03/25/2020,SWF,NY,AEA,EN,Federal Contract Tower,8,14,8,0,30,0,1,11,1,13,8,15,19,1,43,6,0,6,49
03/26/2020,SWF,NY,AEA,EN,Federal Contract Tower,6,6,7,2,21,0,0,8,5,13,6,6,15,7,34,14,8,22,56
03/27/2020,SWF,NY,AEA,EN,Federal Contract Tower,12,12,6,1,31,0,2,19,0,21,12,14,25,1,52,22,0,22,74
03/28/2020,SWF,NY,AEA,EN,Federal Contract Tower,8,8,2,1,19,0,0,0,0,0,8,8,2,1,19,0,0,0,19
03/29/2020,SWF,NY,AEA,EN,Federal Contract Tower,3,14,2,0,19,0,0,0,0,0,3,14,2,0,19,0,0,0,19
03/30/2020,SWF,NY,AEA,EN,Federal Contract Tower,4,12,3,0,19,0,0,0,0,0,4,12,3,0,19,0,0,0,19
03/31/2020,SWF,NY,AEA,EN,Federal Contract Tower,6,10,7,2,25,0,3,4,7,14,6,13,11,9,39,0,0,0,39
04/01/2020,SWF,NY,AEA,EN,Federal Contract Tower,8,8,1,4,21,0,4,0,8,12,8,12,1,12,33,0,12,12,45
04/02/2020,SWF,NY,AEA,EN,Federal Contract Tower,8,7,1,0,16,0,1,4,0,5,8,8,5,0,21,0,0,0,21
04/03/2020,SWF,NY,AEA,EN,Federal Contract Tower,8,7,4,1,20,0,0,0,0,0,8,7,4,1,20,0,0,0,20
04/04/2020,SWF,NY,AEA,EN,Federal Contract Tower,6,7,5,0,18,0,3,1,0,4,6,10,6,0,22,0,0,0,22
04/06/2020,SWF,NY,AEA,EN,Federal Contract Tower,1,7,8,18,34,0,4,8,16,28,1,11,16,34,62,52,38,90,152
04/07/2020,SWF,NY,AEA,EN,Federal Contract Tower,10,10,14,3,37,0,4,21,2,27,10,14,35,5,64,32,0,32,96
04/08/2020,SWF,NY,AEA,EN,Federal Contract Tower,9,11,18,5,43,0,0,3,3,6,9,11,21,8,49,0,10,10,59
04/09/2020,SWF,NY,AEA,EN,Federal Contract Tower,6,7,6,1,20,0,0,0,0,0,6,7,6,1,20,0,0,0,20
04/10/2020,SWF,NY,AEA,EN,Federal Contract Tower,8,6,4,5,23,0,0,5,0,5,8,6,9,5,28,8,10,18,46
04/11/2020,SWF,NY,AEA,EN,Federal Contract Tower,6,1,4,0,11,0,0,2,0,2,6,1,6,0,13,10,0,10,23
04/12/2020,SWF,NY,AEA,EN,Federal Contract Tower,4,5,5,0,14,0,0,8,0,8,4,5,13,0,22,0,0,0,22
04/13/2020,SWF,NY,AEA,EN,Federal Contract Tower,3,2,2,0,7,0,0,0,0,0,3,2,2,0,7,0,0,0,7
04/14/2020,SWF,NY,AEA,EN,Federal Contract Tower,6,3,10,2,21,0,4,27,4,35,6,7,37,6,56,50,18,68,124
04/15/2020,SWF,NY,AEA,EN,Federal Contract Tower,6,4,2,10,22,0,1,8,4,13,6,5,10,14,35,0,38,38,73
04/16/2020,SWF,NY,AEA,EN,Federal Contract Tower,7,7,8,2,24,0,4,11,1,16,7,11,19,3,40,24,0,24,64
04/17/2020,SWF,NY,AEA,EN,Federal Contract Tower,6,6,6,3,21,0,0,11,0,11,6,6,17,3,32,0,0,0,32
04/18/2020,SWF,NY,AEA,EN,Federal Contract Tower,5,6,1,0,12,0,2,1,0,3,5,8,2,0,15,16,0,16,31
04/19/2020,SWF,NY,AEA,EN,Federal Contract Tower,3,5,7,0,15,0,2,8,0,10,3,7,15,0,25,6,0,6,31
04/20/2020,SWF,NY,AEA,EN,Federal Contract Tower,2,6,4,10,22,0,6,12,9,27,2,12,16,19,49,26,42,68,117
04/22/2020,SWF,NY,AEA,EN,Federal Contract Tower,6,11,18,7,42,0,3,24,3,30,6,14,42,10,72,68,22,90,162
04/23/2020,SWF,NY,AEA,EN,Federal Contract Tower,6,3,7,3,19,0,2,11,1,14,6,5,18,4,33,20,6,26,59
04/24/2020,SWF,NY,AEA,EN,Federal Contract Tower,13,11,11,0,35,0,0,1,0,1,13,11,12,0,36,2,0,2,38
04/25/2020,SWF,NY,AEA,EN,Federal Contract Tower,4,9,13,2,28,0,4,29,0,33,4,13,42,2,61,22,6,28,89
04/26/2020,SWF,NY,AEA,EN,Federal Contract Tower,2,4,7,0,13,0,1,2,0,3,2,5,9,0,16,0,0,0,16
04/27/2020,SWF,NY,AEA,EN,Federal Contract Tower,5,11,10,0,26,0,0,3,0,3,5,11,13,0,29,10,0,10,39
04/28/2020,SWF,NY,AEA,EN,Federal Contract Tower,6,6,2,3,17,0,0,18,0,18,6,6,20,3,35,46,0,46,81
04/29/2020,SWF,NY,AEA,EN,Federal Contract Tower,6,12,5,14,37,0,5,6,3,14,6,17,11,17,51,14,42,56,107
04/30/2020,SWF,NY,AEA,EN,Federal Contract Tower,6,4,0,5,15,0,0,0,0,0,6,4,0,5,15,0,0,0,15
05/01/2020,SWF,NY,AEA,EN,Federal Contract Tower,10,6,4,0,20,0,4,0,0,4,10,10,4,0,24,0,0,0,24
05/02/2020,SWF,NY,AEA,EN,Federal Contract Tower,3,8,13,0,24,0,0,13,0,13,3,8,26,0,37,8,0,8,45
05/03/2020,SWF,NY,AEA,EN,Federal Contract Tower,2,4,7,0,13,0,1,30,0,31,2,5,37,0,44,18,0,18,62
05/04/2020,SWF,NY,AEA,EN,Federal Contract Tower,5,4,5,1,15,0,0,3,2,5,5,4,8,3,20,0,0,0,20
05/05/2020,SWF,NY,AEA,EN,Federal Contract Tower,4,8,7,11,30,0,4,28,10,42,4,12,35,21,72,28,28,56,128
05/06/2020,SWF,NY,AEA,EN,Federal Contract Tower,6,3,11,4,24,0,5,10,2,17,6,8,21,6,41,0,8,8,49
05/07/2020,SWF,NY,AEA,EN,Federal Contract Tower,8,10,12,10,40,0,4,25,3,32,8,14,37,13,72,12,24,36,108
05/08/2020,SWF,NY,AEA,EN,Federal Contract Tower,10,9,16,6,41,0,6,18,6,30,10,15,34,12,71,14,22,36,107
05/09/2020,SWF,NY,AEA,EN,Federal Contract Tower,2,4,4,0,10,0,0,3,0,3,2,4,7,0,13,6,0,6,19
05/10/2020,SWF,NY,AEA,EN,Federal Contract Tower,2,7,6,0,15,0,1,3,0,4,2,8,9,0,19,6,0,6,25
05/11/2020,SWF,NY,AEA,EN,Federal Contract Tower,3,16,9,0,28,0,3,1,0,4,3,19,10,0,32,0,0,0,32
05/12/2020,SWF,NY,AEA,EN,Federal Contract Tower,6,10,5,7,28,0,0,14,0,14,6,10,19,7,42,54,24,78,120
05/13/2020,SWF,NY,AEA,EN,Federal Contract Tower,6,11,5,6,28,0,3,33,1,37,6,14,38,7,65,54,10,64,129
05/14/2020,SWF,NY,AEA,EN,Federal Contract Tower,10,3,6,4,23,0,2,30,12,44,10,5,36,16,67,18,20,38,105
05/15/2020,SWF,NY,AEA,EN,Federal Contract Tower,8,3,9,5,25,0,2,5,7,14,8,5,14,12,39,14,20,34,73
05/16/2020,SWF,NY,AEA,EN,Federal Contract Tower,5,17,8,3,33,0,2,26,0,28,5,19,34,3,61,4,12,16,77
05/17/2020,SWF,NY,AEA,EN,Federal Contract Tower,1,18,7,0,26,0,1,18,1,20,1,19,25,1,46,26,0,26,72
05/18/2020,SWF,NY,AEA,EN,Federal Contract Tower,3,12,3,2,20,0,0,16,1,17,3,12,19,3,37,26,10,36,73
05/19/2020,SWF,NY,AEA,EN,Federal Contract Tower,6,14,9,12,41,0,4,17,12,33,6,18,26,24,74,4,48,52,126
05/20/2020,SWF,NY,AEA,EN,Federal Contract Tower,6,13,14,3,36,0,0,23,7,30,6,13,37,10,66,50,24,74,140
05/21/2020,SWF,NY,AEA,EN,Federal Contract Tower,8,13,27,12,60,0,2,42,10,54,8,15,69,22,114,56,30,86,200
05/22/2020,SWF,NY,AEA,EN,Federal Contract Tower,8,19,17,2,46,0,1,55,1,57,8,20,72,3,103,30,6,36,139
05/23/2020,SWF,NY,AEA,EN,Federal Contract Tower,9,13,2,0,24,0,0,2,0,2,9,13,4,0,26,0,0,0,26
05/24/2020,SWF,NY,AEA,EN,Federal Contract Tower,3,8,8,0,19,0,2,23,0,25,3,10,31,0,44,24,0,24,68
05/25/2020,SWF,NY,AEA,EN,Federal Contract Tower,3,11,5,0,19,0,0,7,0,7,3,11,12,0,26,0,0,0,26
05/26/2020,SWF,NY,AEA,EN,Federal Contract Tower,4,15,21,2,42,0,0,27,5,32,4,15,48,7,74,42,0,42,116
05/27/2020,SWF,NY,AEA,EN,Federal Contract Tower,8,21,28,5,62,0,1,36,3,40,8,22,64,8,102,24,16,40,142
05/28/2020,SWF,NY,AEA,EN,Federal Contract Tower,8,16,10,7,41,0,0,0,2,2,8,16,10,9,43,0,8,8,51
05/29/2020,SWF,NY,AEA,EN,Federal Contract Tower,7,9,14,3,33,0,1,0,0,1,7,10,14,3,34,0,0,0,34
05/30/2020,SWF,NY,AEA,EN,Federal Contract Tower,5,10,7,0,22,0,4,33,0,37,5,14,40,0,59,6,0,6,65
05/31/2020,SWF,NY,AEA,EN,Federal Contract Tower,4,15,3,1,23,0,1,8,0,9,4,16,11,1,32,14,0,14,46
06/01/2020,SWF,NY,AEA,EN,Federal Contract Tower,6,6,11,2,25,0,3,28,0,31,6,9,39,2,56,26,24,50,106
06/02/2020,SWF,NY,AEA,EN,Federal Contract Tower,7,14,8,3,32,0,0,25,1,26,7,14,33,4,58,28,8,36,94
06/03/2020,SWF,NY,AEA,EN,Federal Contract Tower,8,9,13,15,45,0,0,9,6,15,8,9,22,21,60,0,10,10,70
06/04/2020,SWF,NY,AEA,EN,Federal Contract Tower,7,11,5,6,29,0,2,29,12,43,7,13,34,18,72,0,14,14,86
06/05/2020,SWF,NY,AEA,EN,Federal Contract Tower,10,11,8,2,31,0,4,9,0,13,10,15,17,2,44,6,0,6,50
06/06/2020,SWF,NY,AEA,EN,Federal Contract Tower,5,8,10,0,23,0,5,13,2,20,5,13,23,2,43,14,0,14,57
06/07/2020,SWF,NY,AEA,EN,Federal Contract Tower,2,10,8,2,22,0,7,5,3,15,2,17,13,5,37,4,0,4,41
06/08/2020,SWF,NY,AEA,EN,Federal Contract Tower,5,8,10,6,29,0,2,21,2,25,5,10,31,8,54,2,0,2,56
06/09/2020,SWF,NY,AEA,EN,Federal Contract Tower,9,11,10,15,45,0,1,25,11,37,9,12,35,26,82,8,14,22,104
06/10/2020,SWF,NY,AEA,EN,Federal Contract Tower,8,7,16,8,39,0,0,36,13,49,8,7,52,21,88,10,0,10,98
06/11/2020,SWF,NY,AEA,EN,Federal Contract Tower,8,6,12,8,34,0,0,3,30,33,8,6,15,38,67,0,12,12,79
06/12/2020,SWF,NY,AEA,EN,Federal Contract Tower,9,4,8,8,29,1,46,30,0,77,10,50,38,8,106,10,0,10,116
06/13/2020,SWF,NY,AEA,EN,Federal Contract Tower,6,5,2,5,18,0,3,9,23,35,6,8,11,28,53,8,2,10,63
06/14/2020,SWF,NY,AEA,EN,Federal Contract Tower,2,11,12,3,28,0,0,16,18,34,2,11,28,21,62,12,2,14,76
06/15/2020,SWF,NY,AEA,EN,Federal Contract Tower,6,13,4,2,25,0,0,16,3,19,6,13,20,5,44,0,0,0,44
06/16/2020,SWF,NY,AEA,EN,Federal Contract Tower,9,3,17,4,33,0,0,16,4,20,9,3,33,8,53,6,18,24,77
06/17/2020,SWF,NY,AEA,EN,Federal Contract Tower,10,7,8,7,32,0,1,44,10,55,10,8,52,17,87,38,48,86,173
06/18/2020,SWF,NY,AEA,EN,Federal Contract Tower,10,4,29,11,54,0,2,11,0,13,10,6,40,11,67,0,10,10,77
06/19/2020,SWF,NY,AEA,EN,Federal Contract Tower,11,2,9,1,23,0,0,26,1,27,11,2,35,2,50,18,0,18,68
06/20/2020,SWF,NY,AEA,EN,Federal Contract Tower,6,5,15,0,26,0,0,22,0,22,6,5,37,0,48,20,0,20,68
06/21/2020,SWF,NY,AEA,EN,Federal Contract Tower,5,8,11,0,24,0,1,19,0,20,5,9,30,0,44,10,0,10,54
06/22/2020,SWF,NY,AEA,EN,Federal Contract Tower,6,5,14,2,27,0,0,15,7,22,6,5,29,9,49,20,8,28,77
06/23/2020,SWF,NY,AEA,EN,Federal Contract Tower,8,6,13,1,28,0,3,29,0,32,8,9,42,1,60,0,0,0,60
06/24/2020,SWF,NY,AEA,EN,Federal Contract Tower,12,4,14,4,34,0,2,45,6,53,12,6,59,10,87,38,6,44,131
06/25/2020,SWF,NY,AEA,EN,Federal Contract Tower,10,7,15,2,34,0,2,54,10,66,10,9,69,12,100,10,20,30,130
06/26/2020,SWF,NY,AEA,EN,Federal Contract Tower,10,11,8,3,32,0,0,34,4,38,10,11,42,7,70,12,10,22,92
06/27/2020,SWF,NY,AEA,EN,Federal Contract Tower,4,7,3,1,15,0,0,0,0,0,4,7,3,1,15,0,0,0,15
06/28/2020,SWF,NY,AEA,EN,Federal Contract Tower,2,9,5,0,16,0,0,4,0,4,2,9,9,0,20,12,0,12,32
06/29/2020,SWF,NY,AEA,EN,Federal Contract Tower,8,9,13,1,31,0,1,17,2,20,8,10,30,3,51,12,4,16,67
06/30/2020,SWF,NY,AEA,EN,Federal Contract Tower,10,5,19,2,36,0,4,9,4,17,10,9,28,6,53,16,2,18,71
07/01/2020,SWF,NY,AEA,EN,Federal Contract Tower,10,6,33,1,50,0,3,13,1,17,10,9,46,2,67,2,14,16,83
07/02/2020,SWF,NY,AEA,EN,Federal Contract Tower,8,10,12,2,32,0,4,67,5,76,8,14,79,7,108,16,0,16,124
07/03/2020,SWF,NY,AEA,EN,Federal Contract Tower,11,3,3,0,17,0,2,19,0,21,11,5,22,0,38,24,0,24,62
07/04/2020,SWF,NY,AEA,EN,Federal Contract Tower,5,3,4,0,12,0,1,0,0,1,5,4,4,0,13,0,0,0,13
07/05/2020,SWF,NY,AEA,EN,Federal Contract Tower,5,9,7,0,21,0,0,17,0,17,5,9,24,0,38,26,0,26,64
07/07/2020,SWF,NY,AEA,EN,Federal Contract Tower,7,12,17,20,56,0,4,13,0,17,7,16,30,20,73,0,0,0,73
07/08/2020,SWF,NY,AEA,EN,Federal Contract Tower,10,9,22,2,43,0,0,5,1,6,10,9,27,3,49,22,8,30,79
07/09/2020,SWF,NY,AEA,EN,Federal Contract Tower,8,15,30,1,54,0,1,68,2,71,8,16,98,3,125,42,0,42,167
07/10/2020,SWF,NY,AEA,EN,Federal Contract Tower,10,12,10,6,38,0,0,0,0,0,10,12,10,6,38,0,0,0,38
07/11/2020,SWF,NY,AEA,EN,Federal Contract Tower,8,6,7,1,22,0,2,20,0,22,8,8,27,1,44,6,0,6,50
07/12/2020,SWF,NY,AEA,EN,Federal Contract Tower,2,11,28,1,42,0,0,38,0,38,2,11,66,1,80,22,0,22,102
07/13/2020,SWF,NY,AEA,EN,Federal Contract Tower,3,6,19,10,38,0,2,21,10,33,3,8,40,20,71,6,12,18,89
07/14/2020,SWF,NY,AEA,EN,Federal Contract Tower,9,17,20,7,53,0,0,44,15,59,9,17,64,22,112,68,18,86,198
07/15/2020,SWF,NY,AEA,EN,Federal Contract Tower,9,11,21,8,49,0,2,61,4,67,9,13,82,12,116,26,2,28,144
07/16/2020,SWF,NY,AEA,EN,Federal Contract Tower,8,11,9,4,32,0,0,23,4,27,8,11,32,8,59,0,18,18,77
07/17/2020,SWF,NY,AEA,EN,Federal Contract Tower,10,14,19,13,56,0,2,12,8,22,10,16,31,21,78,12,10,22,100
07/18/2020,SWF,NY,AEA,EN,Federal Contract Tower,7,11,8,14,40,0,0,34,1,35,7,11,42,15,75,48,14,62,137
07/19/2020,SWF,NY,AEA,EN,Federal Contract Tower,4,12,12,0,28,0,2,20,1,23,4,14,32,1,51,4,0,4,55
07/20/2020,SWF,NY,AEA,EN,Federal Contract Tower,5,6,15,4,30,0,0,23,10,33,5,6,38,14,63,16,20,36,99
07/21/2020,SWF,NY,AEA,EN,Federal Contract Tower,7,5,5,6,23,0,3,59,16,78,7,8,64,22,101,26,32,58,159
07/22/2020,SWF,NY,AEA,EN,Federal Contract Tower,12,5,5,6,28,0,2,32,2,36,12,7,37,8,64,28,2,30,94
07/23/2020,SWF,NY,AEA,EN,Federal Contract Tower,9,6,6,3,24,0,0,30,4,34,9,6,36,7,58,38,12,50,108
07/24/2020,SWF,NY,AEA,EN,Federal Contract Tower,10,9,16,3,38,0,0,18,0,18,10,9,34,3,56,18,8,26,82
07/25/2020,SWF,NY,AEA,EN,Federal Contract Tower,8,7,12,0,27,0,1,28,0,29,8,8,40,0,56,12,0,12,68
07/26/2020,SWF,NY,AEA,EN,Federal Contract Tower,2,6,15,0,23,0,2,22,0,24,2,8,37,0,47,0,0,0,47
07/27/2020,SWF,NY,AEA,EN,Federal Contract Tower,5,7,15,8,35,0,2,30,3,35,5,9,45,11,70,24,0,24,94
07/28/2020,SWF,NY,AEA,EN,Federal Contract Tower,8,1,15,3,27,0,0,27,19,46,8,1,42,22,73,26,18,44,117
07/29/2020,SWF,NY,AEA,EN,Federal Contract Tower,10,5,20,5,40,0,1,82,11,94,10,6,102,16,134,54,6,60,194
07/30/2020,SWF,NY,AEA,EN,Federal Contract Tower,8,10,19,7,44,0,2,51,6,59,8,12,70,13,103,36,8,44,147
07/31/2020,SWF,NY,AEA,EN,Federal Contract Tower,10,9,13,5,37,0,4,34,6,44,10,13,47,11,81,10,8,18,99
08/01/2020,SWF,NY,AEA,EN,Federal Contract Tower,7,6,14,7,34,0,4,46,7,57,7,10,60,14,91,12,44,56,147
08/02/2020,SWF,NY,AEA,EN,Federal Contract Tower,1,2,10,0,13,0,0,0,0,0,1,2,10,0,13,0,0,0,13
08/03/2020,SWF,NY,AEA,EN,Federal Contract Tower,7,20,16,1,44,0,0,62,1,63,7,20,78,2,107,30,0,30,137
08/04/2020,SWF,NY,AEA,EN,Federal Contract Tower,9,4,4,0,17,0,0,1,0,1,9,4,5,0,18,0,0,0,18
08/05/2020,SWF,NY,AEA,EN,Federal Contract Tower,10,13,16,15,54,0,6,42,13,61,10,19,58,28,115,46,28,74,189
08/06/2020,SWF,NY,AEA,EN,Federal Contract Tower,10,16,16,16,58,0,4,20,13,37,10,20,36,29,95,44,10,54,149
08/07/2020,SWF,NY,AEA,EN,Federal Contract Tower,12,9,11,1,33,0,1,11,10,22,12,10,22,11,55,0,0,0,55
08/08/2020,SWF,NY,AEA,EN,Federal Contract Tower,7,9,19,8,43,0,3,22,1,26,7,12,41,9,69,18,0,18,87
08/09/2020,SWF,NY,AEA,EN,Federal Contract Tower,2,7,13,7,29,0,1,16,7,24,2,8,29,14,53,34,0,34,87
08/10/2020,SWF,NY,AEA,EN,Federal Contract Tower,7,9,13,12,41,0,0,48,4,52,7,9,61,16,93,8,32,40,133
08/11/2020,SWF,NY,AEA,EN,Federal Contract Tower,10,4,11,22,47,0,2,36,18,56,10,6,47,40,103,4,32,36,139
08/12/2020,SWF,NY,AEA,EN,Federal Contract Tower,15,10,25,16,66,0,2,55,16,73,15,12,80,32,139,24,60,84,223
08/13/2020,SWF,NY,AEA,EN,Federal Contract Tower,12,8,7,17,44,0,2,35,7,44,12,10,42,24,88,36,0,36,124
08/14/2020,SWF,NY,AEA,EN,Federal Contract Tower,14,9,15,4,42,0,3,35,10,48,14,12,50,14,90,26,12,38,128
08/15/2020,SWF,NY,AEA,EN,Federal Contract Tower,7,7,18,1,33,0,2,20,0,22,7,9,38,1,55,26,0,26,81
08/16/2020,SWF,NY,AEA,EN,Federal Contract Tower,2,6,26,0,34,0,0,1,0,1,2,6,27,0,35,0,0,0,35
08/17/2020,SWF,NY,AEA,EN,Federal Contract Tower,6,10,13,5,34,0,0,12,4,16,6,10,25,9,50,0,12,12,62
08/18/2020,SWF,NY,AEA,EN,Federal Contract Tower,8,17,21,9,55,0,2,73,13,88,8,19,94,22,143,10,42,52,195
08/19/2020,SWF,NY,AEA,EN,Federal Contract Tower,8,17,12,8,45,0,8,47,5,60,8,25,59,13,105,74,30,104,209
08/20/2020,SWF,NY,AEA,EN,Federal Contract Tower,10,18,16,6,50,0,1,28,10,39,10,19,44,16,89,54,12,66,155
08/21/2020,SWF,NY,AEA,EN,Federal Contract Tower,10,20,12,14,56,0,0,20,0,20,10,20,32,14,76,12,0,12,88
08/22/2020,SWF,NY,AEA,EN,Federal Contract Tower,5,9,15,0,29,0,1,29,1,31,5,10,44,1,60,6,0,6,66
08/23/2020,SWF,NY,AEA,EN,Federal Contract Tower,2,9,9,2,22,0,0,16,3,19,2,9,25,5,41,4,6,10,51
08/24/2020,SWF,NY,AEA,EN,Federal Contract Tower,6,10,26,7,49,0,2,47,10,59,6,12,73,17,108,8,14,22,130
08/25/2020,SWF,NY,AEA,EN,Federal Contract Tower,8,4,17,4,33,0,2,18,3,23,8,6,35,7,56,28,4,32,88
08/26/2020,SWF,NY,AEA,EN,Federal Contract Tower,8,7,9,8,32,0,2,32,17,51,8,9,41,25,83,20,24,44,127
08/27/2020,SWF,NY,AEA,EN,Federal Contract Tower,9,5,4,6,24,0,0,1,4,5,9,5,5,10,29,8,6,14,43
08/28/2020,SWF,NY,AEA,EN,Federal Contract Tower,12,13,32,10,67,0,0,24,31,55,12,13,56,41,122,0,0,0,122
08/29/2020,SWF,NY,AEA,EN,Federal Contract Tower,5,9,11,2,27,0,0,12,0,12,5,9,23,2,39,2,0,2,41
08/30/2020,SWF,NY,AEA,EN,Federal Contract Tower,2,9,11,3,25,0,0,33,14,47,2,9,44,17,72,0,0,0,72
08/31/2020,SWF,NY,AEA,EN,Federal Contract Tower,6,10,11,10,37,0,1,26,4,31,6,11,37,14,68,0,0,0,68
09/01/2020,SWF,NY,AEA,EN,Federal Contract Tower,8,8,14,16,46,0,0,8,0,8,8,8,22,16,54,0,0,0,54
09/02/2020,SWF,NY,AEA,EN,Federal Contract Tower,8,10,16,17,51,0,0,4,6,10,8,10,20,23,61,6,10,16,77
09/03/2020,SWF,NY,AEA,EN,Federal Contract Tower,10,20,10,6,46,0,1,33,5,39,10,21,43,11,85,30,14,44,129
09/05/2020,SWF,NY,AEA,EN,Federal Contract Tower,6,3,7,5,21,0,0,46,8,54,6,3,53,13,75,16,0,16,91
09/07/2020,SWF,NY,AEA,EN,Federal Contract Tower,8,13,19,0,40,0,2,48,2,52,8,15,67,2,92,36,0,36,128
09/08/2020,SWF,NY,AEA,EN,Federal Contract Tower,9,3,22,10,44,0,0,83,19,102,9,3,105,29,146,42,16,58,204
09/09/2020,SWF,NY,AEA,EN,Federal Contract Tower,8,14,18,10,50,0,4,33,20,57,8,18,51,30,107,14,18,32,139
09/10/2020,SWF,NY,AEA,EN,Federal Contract Tower,10,7,16,3,36,0,1,3,1,5,10,8,19,4,41,0,0,0,41
09/11/2020,SWF,NY,AEA,EN,Federal Contract Tower,8,4,13,17,42,0,0,21,2,23,8,4,34,19,65,22,32,54,119
09/12/2020,SWF,NY,AEA,EN,Federal Contract Tower,5,5,4,7,21,0,0,18,8,26,5,5,22,15,47,38,30,68,115
09/13/2020,SWF,NY,AEA,EN,Federal Contract Tower,2,8,8,1,19,0,2,35,0,37,2,10,43,1,56,10,0,10,66
09/14/2020,SWF,NY,AEA,EN,Federal Contract Tower,1,11,15,3,30,0,2,27,3,32,1,13,42,6,62,2,0,2,64
09/15/2020,SWF,NY,AEA,EN,Federal Contract Tower,8,12,15,10,45,0,11,26,12,49,8,23,41,22,94,20,44,64,158
09/16/2020,SWF,NY,AEA,EN,Federal Contract Tower,8,12,27,4,51,0,1,23,10,34,8,13,50,14,85,26,42,68,153
09/17/2020,SWF,NY,AEA,EN,Federal Contract Tower,12,16,18,7,53,0,0,28,0,28,12,16,46,7,81,42,10,52,133
09/18/2020,SWF,NY,AEA,EN,Federal Contract Tower,8,11,15,8,42,0,0,11,0,11,8,11,26,8,53,14,0,14,67
09/19/2020,SWF,NY,AEA,EN,Federal Contract Tower,3,2,10,3,18,0,0,46,1,47,3,2,56,4,65,46,0,46,111
09/20/2020,SWF,NY,AEA,EN,Federal Contract Tower,3,10,11,6,30,0,1,53,2,56,3,11,64,8,86,22,8,30,116
09/21/2020,SWF,NY,AEA,EN,Federal Contract Tower,0,12,18,8,38,0,2,51,8,61,0,14,69,16,99,8,6,14,113
09/22/2020,SWF,NY,AEA,EN,Federal Contract Tower,8,5,19,4,36,0,9,17,3,29,8,14,36,7,65,28,14,42,107
09/23/2020,SWF,NY,AEA,EN,Federal Contract Tower,8,12,25,7,52,0,4,36,9,49,8,16,61,16,101,12,42,54,155
09/24/2020,SWF,NY,AEA,EN,Federal Contract Tower,14,8,15,9,46,0,0,28,0,28,14,8,43,9,74,4,78,82,156
09/25/2020,SWF,NY,AEA,EN,Federal Contract Tower,12,12,22,4,50,0,0,36,1,37,12,12,58,5,87,22,0,22,109
09/26/2020,SWF,NY,AEA,EN,Federal Contract Tower,5,6,12,5,28,0,0,35,2,37,5,6,47,7,65,34,0,34,99
09/27/2020,SWF,NY,AEA,EN,Federal Contract Tower,2,13,23,0,38,0,0,58,0,58,2,13,81,0,96,20,0,20,116
09/28/2020,SWF,NY,AEA,EN,Federal Contract Tower,0,9,27,5,41,0,2,21,1,24,0,11,48,6,65,10,0,10,75
09/29/2020,SWF,NY,AEA,EN,Federal Contract Tower,10,2,12,2,26,0,0,2,0,2,10,2,14,2,28,0,0,0,28
09/30/2020,SWF,NY,AEA,EN,Federal Contract Tower,11,12,21,7,51,0,2,28,3,33,11,14,49,10,84,14,20,34,118
10/01/2020,SWF,NY,AEA,EN,Federal Contract Tower,14,3,10,7,34,0,2,15,2,19,14,5,25,9,53,18,14,32,85
10/02/2020,SWF,NY,AEA,EN,Federal Contract Tower,16,7,13,8,44,0,0,12,5,17,16,7,25,13,61,8,38,46,107
10/03/2020,SWF,NY,AEA,EN,Federal Contract Tower,4,3,6,2,15,0,0,51,6,57,4,3,57,8,72,34,0,34,106
10/04/2020,SWF,NY,AEA,EN,Federal Contract Tower,3,16,10,1,30,0,5,52,5,62,3,21,62,6,92,36,16,52,144
10/05/2020,SWF,NY,AEA,EN,Federal Contract Tower,5,11,16,2,34,0,3,34,4,41,5,14,50,6,75,38,6,44,119
10/06/2020,SWF,NY,AEA,EN,Federal Contract Tower,8,6,41,5,60,0,0,29,6,35,8,6,70,11,95,44,4,48,143
10/07/2020,SWF,NY,AEA,EN,Federal Contract Tower,9,10,21,3,43,0,0,20,3,23,9,10,41,6,66,30,8,38,104
10/08/2020,SWF,NY,AEA,EN,Federal Contract Tower,13,10,20,5,48,0,0,24,6,30,13,10,44,11,78,6,30,36,114
10/09/2020,SWF,NY,AEA,EN,Federal Contract Tower,12,18,25,3,58,0,4,50,4,58,12,22,75,7,116,10,0,10,126
10/10/2020,SWF,NY,AEA,EN,Federal Contract Tower,5,7,3,5,20,0,1,26,0,27,5,8,29,5,47,30,0,30,77
10/11/2020,SWF,NY,AEA,EN,Federal Contract Tower,2,5,13,0,20,0,3,77,2,82,2,8,90,2,102,36,0,36,138
10/12/2020,SWF,NY,AEA,EN,Federal Contract Tower,5,5,14,0,24,0,0,0,0,0,5,5,14,0,24,0,0,0,24
10/13/2020,SWF,NY,AEA,EN,Federal Contract Tower,5,6,9,0,20,0,0,0,0,0,5,6,9,0,20,0,0,0,20
10/14/2020,SWF,NY,AEA,EN,Federal Contract Tower,8,7,10,9,34,0,1,41,6,48,8,8,51,15,82,75,50,125,207
10/15/2020,SWF,NY,AEA,EN,Federal Contract Tower,9,10,16,3,38,0,2,23,5,30,9,12,39,8,68,18,10,28,96
10/16/2020,SWF,NY,AEA,EN,Federal Contract Tower,13,9,21,3,46,0,0,0,0,0,13,9,21,3,46,0,0,0,46
10/17/2020,SWF,NY,AEA,EN,Federal Contract Tower,0,1,16,0,17,0,0,1,0,1,0,1,17,0,18,26,0,26,44
10/18/2020,SWF,NY,AEA,EN,Federal Contract Tower,5,8,21,1,35,0,0,1,0,1,5,8,22,1,36,16,8,24,60
10/19/2020,SWF,NY,AEA,EN,Federal Contract Tower,2,12,8,2,24,0,2,36,2,40,2,14,44,4,64,8,4,12,76
10/20/2020,SWF,NY,AEA,EN,Federal Contract Tower,8,9,24,1,42,0,0,2,0,2,8,9,26,1,44,10,0,10,54
10/21/2020,SWF,NY,AEA,EN,Federal Contract Tower,8,10,26,10,54,0,0,8,4,12,8,10,34,14,66,6,18,24,90
10/22/2020,SWF,NY,AEA,EN,Federal Contract Tower,9,10,42,7,68,0,0,14,1,15,9,10,56,8,83,10,20,30,113
10/23/2020,SWF,NY,AEA,EN,Federal Contract Tower,12,7,27,3,49,0,0,9,4,13,12,7,36,7,62,8,0,8,70
10/24/2020,SWF,NY,AEA,EN,Federal Contract Tower,3,5,5,1,14,0,0,1,0,1,3,5,6,1,15,18,0,18,33
10/25/2020,SWF,NY,AEA,EN,Federal Contract Tower,5,10,11,3,29,0,2,46,4,52,5,12,57,7,81,2,0,2,83
10/26/2020,SWF,NY,AEA,EN,Federal Contract Tower,5,5,15,10,35,0,0,0,0,0,5,5,15,10,35,0,0,0,35
10/27/2020,SWF,NY,AEA,EN,Federal Contract Tower,10,8,24,6,48,0,3,4,1,8,10,11,28,7,56,2,10,12,68
10/28/2020,SWF,NY,AEA,EN,Federal Contract Tower,8,4,22,6,40,0,0,14,2,16,8,4,36,8,56,6,0,6,62
10/29/2020,SWF,NY,AEA,EN,Federal Contract Tower,8,1,16,4,29,0,0,0,0,0,8,1,16,4,29,0,0,0,29
10/30/2020,SWF,NY,AEA,EN,Federal Contract Tower,12,7,8,0,27,0,0,0,0,0,12,7,8,0,27,0,0,0,27
10/31/2020,SWF,NY,AEA,EN,Federal Contract Tower,3,9,7,0,19,0,3,65,2,70,3,12,72,2,89,32,0,32,121
11/01/2020,SWF,NY,AEA,EN,Federal Contract Tower,0,11,10,2,23,0,0,0,0,0,0,11,10,2,23,0,0,0,23
11/02/2020,SWF,NY,AEA,EN,Federal Contract Tower,4,9,11,2,26,0,0,0,0,0,4,9,11,2,26,0,0,0,26
11/03/2020,SWF,NY,AEA,EN,Federal Contract Tower,7,4,14,6,31,0,0,0,0,0,7,4,14,6,31,12,16,28,59
11/04/2020,SWF,NY,AEA,EN,Federal Contract Tower,8,10,26,11,55,0,0,0,0,0,8,10,26,11,55,16,18,34,89
11/05/2020,SWF,NY,AEA,EN,Federal Contract Tower,2,5,6,1,14,0,2,29,4,35,2,7,35,5,49,8,0,8,57
11/06/2020,SWF,NY,AEA,EN,Federal Contract Tower,10,5,11,5,31,0,2,51,11,64,10,7,62,16,95,36,6,42,137
11/07/2020,SWF,NY,AEA,EN,Federal Contract Tower,3,5,8,3,19,0,2,59,4,65,3,7,67,7,84,18,0,18,102
11/08/2020,SWF,NY,AEA,EN,Federal Contract Tower,2,4,15,1,22,0,3,29,1,33,2,7,44,2,55,0,0,0,55
11/09/2020,SWF,NY,AEA,EN,Federal Contract Tower,7,6,12,1,26,0,6,24,5,35,7,12,36,6,61,0,0,0,61
11/10/2020,SWF,NY,AEA,EN,Federal Contract Tower,5,2,0,0,7,0,0,0,0,0,5,2,0,0,7,0,0,0,7
11/11/2020,SWF,NY,AEA,EN,Federal Contract Tower,10,12,14,5,41,0,0,1,7,8,10,12,15,12,49,0,0,0,49
11/12/2020,SWF,NY,AEA,EN,Federal Contract Tower,8,10,12,3,33,0,0,6,0,6,8,10,18,3,39,4,0,4,43
11/13/2020,SWF,NY,AEA,EN,Federal Contract Tower,6,3,10,3,22,0,0,4,0,4,6,3,14,3,26,16,0,16,42
11/14/2020,SWF,NY,AEA,EN,Federal Contract Tower,5,8,17,0,30,0,3,43,2,48,5,11,60,2,78,22,0,22,100
11/15/2020,SWF,NY,AEA,EN,Federal Contract Tower,2,5,6,3,16,0,2,6,0,8,2,7,12,3,24,0,2,2,26
11/16/2020,SWF,NY,AEA,EN,Federal Contract Tower,5,7,13,2,27,0,0,8,0,8,5,7,21,2,35,12,0,12,47
11/17/2020,SWF,NY,AEA,EN,Federal Contract Tower,8,9,12,5,34,0,2,16,9,27,8,11,28,14,61,18,20,38,99
11/18/2020,SWF,NY,AEA,EN,Federal Contract Tower,7,8,23,9,47,0,2,43,4,49,7,10,66,13,96,14,20,34,130
11/30/2020,SWF,NY,AEA,EN,Federal Contract Tower,6,9,15,0,30,0,0,0,0,0,6,9,15,0,30,0,0,0,30
12/03/2020,SWF,NY,AEA,EN,Federal Contract Tower,12,3,24,6,45,0,6,60,8,74,12,9,84,14,119,12,10,22,141
12/04/2020,SWF,NY,AEA,EN,Federal Contract Tower,10,8,8,7,33,0,1,44,10,55,10,9,52,17,88,6,26,32,120
12/05/2020,SWF,NY,AEA,EN,Federal Contract Tower,3,6,3,0,12,0,2,0,0,2,3,8,3,0,14,0,0,0,14
12/06/2020,SWF,NY,AEA,EN,Federal Contract Tower,5,5,11,0,21,0,2,9,0,11,5,7,20,0,32,34,0,34,66
12/07/2020,SWF,NY,AEA,EN,Federal Contract Tower,3,8,6,7,24,0,0,16,0,16,3,8,22,7,40,22,0,22,62
12/09/2020,SWF,NY,AEA,EN,Federal Contract Tower,10,3,15,9,37,0,0,16,13,29,10,3,31,22,66,4,4,8,74
12/10/2020,SWF,NY,AEA,EN,Federal Contract Tower,9,2,16,13,40,0,3,38,11,52,9,5,54,24,92,32,42,74,166
12/11/2020,SWF,NY,AEA,EN,Federal Contract Tower,10,10,13,16,49,0,9,45,17,71,10,19,58,33,120,36,32,68,188
12/12/2020,SWF,NY,AEA,EN,Federal Contract Tower,4,6,13,13,36,0,0,0,0,0,4,6,13,13,36,0,0,0,36
12/13/2020,SWF,NY,AEA,EN,Federal Contract Tower,5,11,13,4,33,0,1,16,5,22,5,12,29,9,55,6,0,6,61
12/14/2020,SWF,NY,AEA,EN,Federal Contract Tower,2,6,10,0,18,0,1,0,0,1,2,7,10,0,19,2,0,2,21
12/16/2020,SWF,NY,AEA,EN,Federal Contract Tower,10,11,5,4,30,0,1,18,3,22,10,12,23,7,52,10,0,10,62
12/17/2020,SWF,NY,AEA,EN,Federal Contract Tower,10,8,2,0,20,0,0,2,0,2,10,8,4,0,22,0,0,0,22
12/18/2020,SWF,NY,AEA,EN,Federal Contract Tower,17,8,22,4,51,0,0,22,2,24,17,8,44,6,75,20,0,20,95
12/19/2020,SWF,NY,AEA,EN,Federal Contract Tower,7,2,13,7,29,0,0,11,3,14,7,2,24,10,43,0,0,0,43
12/20/2020,SWF,NY,AEA,EN,Federal Contract Tower,11,6,13,1,31,0,0,7,0,7,11,6,20,1,38,20,0,20,58
12/21/2020,SWF,NY,AEA,EN,Federal Contract Tower,9,5,11,0,25,0,2,14,0,16,9,7,25,0,41,14,0,14,55
12/23/2020,SWF,NY,AEA,EN,Federal Contract Tower,11,8,14,1,34,0,5,55,0,60,11,13,69,1,94,12,0,12,106
12/24/2020,SWF,NY,AEA,EN,Federal Contract Tower,14,3,2,0,19,0,0,0,0,0,14,3,2,0,19,0,0,0,19
12/25/2020,SWF,NY,AEA,EN,Federal Contract Tower,0,5,0,0,5,0,0,0,0,0,0,5,0,0,5,0,0,0,5
12/26/2020,SWF,NY,AEA,EN,Federal Contract Tower,5,1,12,2,20,0,0,6,0,6,5,1,18,2,26,0,0,0,26
12/27/2020,SWF,NY,AEA,EN,Federal Contract Tower,5,6,12,0,23,0,1,31,0,32,5,7,43,0,55,22,0,22,77
12/29/2020,SWF,NY,AEA,EN,Federal Contract Tower,12,5,19,1,37,0,1,16,0,17,12,6,35,1,54,22,0,22,76
12/30/2020,SWF,NY,AEA,EN,Federal Contract Tower,14,4,6,0,24,0,1,47,1,49,14,5,53,1,73,0,4,4,77
12/31/2020,SWF,NY,AEA,EN,Federal Contract Tower,14,0,4,0,18,0,2,12,0,14,14,2,16,0,32,0,0,0,32
01/01/2021,SWF,NY,AEA,EN,Federal Contract Tower,1,4,9,3,17,0,2,2,0,4,1,6,11,3,21,22,0,22,43
01/02/2021,SWF,NY,AEA,EN,Federal Contract Tower,5,10,17,0,32,0,0,6,0,6,5,10,23,0,38,0,0,0,38
01/03/2021,SWF,NY,AEA,EN,Federal Contract Tower,4,6,8,0,18,0,0,0,0,0,4,6,8,0,18,0,0,0,18
01/04/2021,SWF,NY,AEA,EN,Federal Contract Tower,2,2,4,1,9,0,0,0,0,0,2,2,4,1,9,0,0,0,9
01/05/2021,SWF,NY,AEA,EN,Federal Contract Tower,7,4,27,6,44,0,0,23,6,29,7,4,50,12,73,12,0,12,85
01/06/2021,SWF,NY,AEA,EN,Federal Contract Tower,9,4,10,10,33,0,5,38,6,49,9,9,48,16,82,14,28,42,124
01/07/2021,SWF,NY,AEA,EN,Federal Contract Tower,10,6,13,14,43,0,1,26,2,29,10,7,39,16,72,40,30,70,142
01/08/2021,SWF,NY,AEA,EN,Federal Contract Tower,11,5,10,2,28,0,0,34,1,35,11,5,44,3,63,44,24,68,131
01/09/2021,SWF,NY,AEA,EN,Federal Contract Tower,4,6,14,2,26,0,0,16,0,16,4,6,30,2,42,12,0,12,54
01/10/2021,SWF,NY,AEA,EN,Federal Contract Tower,2,4,11,1,18,0,2,38,0,40,2,6,49,1,58,40,0,40,98
01/11/2021,SWF,NY,AEA,EN,Federal Contract Tower,0,4,5,1,10,0,0,22,4,26,0,4,27,5,36,10,0,10,46
01/12/2021,SWF,NY,AEA,EN,Federal Contract Tower,8,6,3,7,24,0,3,25,6,34,8,9,28,13,58,0,40,40,98
01/13/2021,SWF,NY,AEA,EN,Federal Contract Tower,8,2,22,3,35,0,8,35,9,52,8,10,57,12,87,16,0,16,103
01/14/2021,SWF,NY,AEA,EN,Federal Contract Tower,10,4,8,9,31,0,1,5,1,7,10,5,13,10,38,10,22,32,70
01/15/2021,SWF,NY,AEA,EN,Federal Contract Tower,10,11,2,1,24,0,0,0,0,0,10,11,2,1,24,0,0,0,24
01/16/2021,SWF,NY,AEA,EN,Federal Contract Tower,2,3,5,0,10,0,0,1,0,1,2,3,6,0,11,0,0,0,11
01/17/2021,SWF,NY,AEA,EN,Federal Contract Tower,0,0,4,0,4,0,0,0,0,0,0,0,4,0,4,0,0,0,4
01/18/2021,SWF,NY,AEA,EN,Federal Contract Tower,1,10,17,4,32,0,3,32,0,35,1,13,49,4,67,10,0,10,77
01/19/2021,SWF,NY,AEA,EN,Federal Contract Tower,6,8,14,4,32,0,2,17,2,21,6,10,31,6,53,10,0,10,63
01/20/2021,SWF,NY,AEA,EN,Federal Contract Tower,6,10,4,2,22,0,2,20,4,26,6,12,24,6,48,20,10,30,78
01/21/2021,SWF,NY,AEA,EN,Federal Contract Tower,4,6,8,6,24,0,0,21,3,24,4,6,29,9,48,4,24,28,76
01/23/2021,SWF,NY,AEA,EN,Federal Contract Tower,3,12,12,1,28,0,0,11,0,11,3,12,23,1,39,2,0,2,41
01/25/2021,SWF,NY,AEA,EN,Federal Contract Tower,5,3,11,11,30,0,3,27,4,34,5,6,38,15,64,18,16,34,98
01/26/2021,SWF,NY,AEA,EN,Federal Contract Tower,10,8,1,0,19,0,0,2,0,2,10,8,3,0,21,0,0,0,21
01/27/2021,SWF,NY,AEA,EN,Federal Contract Tower,10,6,8,2,26,0,0,1,3,4,10,6,9,5,30,0,2,2,32
01/28/2021,SWF,NY,AEA,EN,Federal Contract Tower,13,9,15,7,44,0,0,11,17,28,13,9,26,24,72,16,22,38,110
01/30/2021,SWF,NY,AEA,EN,Federal Contract Tower,5,7,20,0,32,0,0,38,15,53,5,7,58,15,85,38,0,38,123
02/01/2021,SWF,NY,AEA,EN,Federal Contract Tower,0,0,2,0,2,0,0,0,0,0,0,0,2,0,2,0,0,0,2
02/02/2021,SWF,NY,AEA,EN,Federal Contract Tower,8,6,0,0,14,0,0,0,0,0,8,6,0,0,14,0,0,0,14
02/03/2021,SWF,NY,AEA,EN,Federal Contract Tower,11,11,12,2,36,0,3,8,0,11,11,14,20,2,47,0,0,0,47
02/04/2021,SWF,NY,AEA,EN,Federal Contract Tower,12,12,29,6,59,0,3,40,5,48,12,15,69,11,107,32,12,44,151
02/05/2021,SWF,NY,AEA,EN,Federal Contract Tower,9,5,11,1,26,0,1,7,2,10,9,6,18,3,36,0,32,32,68
02/08/2021,SWF,NY,AEA,EN,Federal Contract Tower,3,5,17,1,26,0,4,58,5,67,3,9,75,6,93,76,38,114,207
02/09/2021,SWF,NY,AEA,EN,Federal Contract Tower,10,7,6,0,23,0,0,0,0,0,10,7,6,0,23,0,0,0,23
02/10/2021,SWF,NY,AEA,EN,Federal Contract Tower,11,10,23,4,48,0,2,34,6,42,11,12,57,10,90,30,16,46,136
02/11/2021,SWF,NY,AEA,EN,Federal Contract Tower,7,11,11,6,35,0,2,16,0,18,7,13,27,6,53,30,34,64,117
02/12/2021,SWF,NY,AEA,EN,Federal Contract Tower,13,6,15,3,37,0,1,20,0,21,13,7,35,3,58,10,0,10,68
02/14/2021,SWF,NY,AEA,EN,Federal Contract Tower,3,6,10,1,20,0,0,2,0,2,3,6,12,1,22,0,0,0,22
02/15/2021,SWF,NY,AEA,EN,Federal Contract Tower,4,6,4,0,14,0,0,0,0,0,4,6,4,0,14,0,0,0,14
02/16/2021,SWF,NY,AEA,EN,Federal Contract Tower,2,2,4,8,16,0,0,3,0,3,2,2,7,8,19,0,0,0,19
02/17/2021,SWF,NY,AEA,EN,Federal Contract Tower,7,8,23,10,48,0,0,32,0,32,7,8,55,10,80,10,44,54,134
02/19/2021,SWF,NY,AEA,EN,Federal Contract Tower,10,13,5,0,28,0,0,0,0,0,10,13,5,0,28,0,0,0,28
02/21/2021,SWF,NY,AEA,EN,Federal Contract Tower,2,6,18,0,26,0,0,60,2,62,2,6,78,2,88,22,0,22,110
02/22/2021,SWF,NY,AEA,EN,Federal Contract Tower,5,6,5,2,18,0,1,1,0,2,5,7,6,2,20,0,0,0,20
02/23/2021,SWF,NY,AEA,EN,Federal Contract Tower,12,4,8,6,30,0,0,3,0,3,12,4,11,6,33,0,16,16,49
02/24/2021,SWF,NY,AEA,EN,Federal Contract Tower,9,7,12,6,34,0,2,22,0,24,9,9,34,6,58,16,0,16,74
02/25/2021,SWF,NY,AEA,EN,Federal Contract Tower,8,9,17,8,42,0,1,34,4,39,8,10,51,12,81,28,20,48,129
02/26/2021,SWF,NY,AEA,EN,Federal Contract Tower,12,11,26,12,61,0,4,37,8,49,12,15,63,20,110,36,6,42,152
02/27/2021,SWF,NY,AEA,EN,Federal Contract Tower,6,8,7,2,23,0,0,0,0,0,6,8,7,2,23,0,0,0,23
02/28/2021,SWF,NY,AEA,EN,Federal Contract Tower,3,8,11,1,23,0,1,35,0,36,3,9,46,1,59,22,0,22,81
03/01/2021,SWF,NY,AEA,EN,Federal Contract Tower,4,12,6,2,24,0,5,4,0,9,4,17,10,2,33,4,0,4,37
03/02/2021,SWF,NY,AEA,EN,Federal Contract Tower,8,10,16,3,37,0,0,17,0,17,8,10,33,3,54,28,16,44,98
03/03/2021,SWF,NY,AEA,EN,Federal Contract Tower,8,13,18,9,48,0,1,47,13,61,8,14,65,22,109,38,20,58,167
03/04/2021,SWF,NY,AEA,EN,Federal Contract Tower,10,11,20,11,52,0,0,19,4,23,10,11,39,15,75,4,16,20,95
03/06/2021,SWF,NY,AEA,EN,Federal Contract Tower,4,10,11,1,26,0,2,30,3,35,4,12,41,4,61,20,12,32,93
03/07/2021,SWF,NY,AEA,EN,Federal Contract Tower,2,9,19,1,31,0,1,59,2,62,2,10,78,3,93,30,26,56,149
03/08/2021,SWF,NY,AEA,EN,Federal Contract Tower,5,5,6,4,20,0,1,77,3,81,5,6,83,7,101,50,10,60,161
03/09/2021,SWF,NY,AEA,EN,Federal Contract Tower,15,10,10,6,41,0,1,25,0,26,15,11,35,6,67,46,0,46,113
03/10/2021,SWF,NY,AEA,EN,Federal Contract Tower,11,13,15,12,51,0,3,32,2,37,11,16,47,14,88,12,20,32,120
03/11/2021,SWF,NY,AEA,EN,Federal Contract Tower,11,10,20,4,45,0,4,18,5,27,11,14,38,9,72,22,14,36,108
03/13/2021,SWF,NY,AEA,EN,Federal Contract Tower,3,8,10,0,21,0,0,40,1,41,3,8,50,1,62,18,6,24,86
03/14/2021,SWF,NY,AEA,EN,Federal Contract Tower,2,8,14,0,24,0,0,26,0,26,2,8,40,0,50,8,0,8,58
03/15/2021,SWF,NY,AEA,EN,Federal Contract Tower,5,6,4,7,22,0,4,14,9,27,5,10,18,16,49,18,0,18,67
03/16/2021,SWF,NY,AEA,EN,Federal Contract Tower,10,10,16,8,44,0,2,45,10,57,10,12,61,18,101,10,8,18,119
03/18/2021,SWF,NY,AEA,EN,Federal Contract Tower,9,9,12,3,33,0,0,0,0,0,9,9,12,3,33,0,0,0,33
03/20/2021,SWF,NY,AEA,EN,Federal Contract Tower,3,2,15,2,22,0,4,81,2,87,3,6,96,4,109,36,16,52,161
03/21/2021,SWF,NY,AEA,EN,Federal Contract Tower,2,4,10,0,16,0,2,37,0,39,2,6,47,0,55,32,0,32,87
03/22/2021,SWF,NY,AEA,EN,Federal Contract Tower,5,8,11,1,25,0,0,28,4,32,5,8,39,5,57,12,0,12,69
03/23/2021,SWF,NY,AEA,EN,Federal Contract Tower,14,5,19,3,41,0,0,35,5,40,14,5,54,8,81,16,10,26,107
03/24/2021,SWF,NY,AEA,EN,Federal Contract Tower,10,9,15,12,46,0,0,2,1,3,10,9,17,13,49,4,0,4,53
03/26/2021,SWF,NY,AEA,EN,Federal Contract Tower,14,26,5,4,49,0,0,6,6,12,14,26,11,10,61,0,0,0,61
03/27/2021,SWF,NY,AEA,EN,Federal Contract Tower,5,13,16,0,34,0,1,87,0,88,5,14,103,0,122,26,0,26,148
03/28/2021,SWF,NY,AEA,EN,Federal Contract Tower,2,16,13,0,31,0,0,2,0,2,2,16,15,0,33,0,0,0,33
03/29/2021,SWF,NY,AEA,EN,Federal Contract Tower,5,9,12,3,29,0,4,13,3,20,5,13,25,6,49,22,0,22,71
03/30/2021,SWF,NY,AEA,EN,Federal Contract Tower,8,9,19,8,44,0,3,33,10,46,8,12,52,18,90,18,46,64,154
03/31/2021,SWF,NY,AEA,EN,Federal Contract Tower,9,8,17,4,38,0,2,3,0,5,9,10,20,4,43,0,0,0,43
04/02/2021,SWF,NY,AEA,EN,Federal Contract Tower,10,9,16,3,38,0,5,36,0,41,10,14,52,3,79,2,0,2,81
04/03/2021,SWF,NY,AEA,EN,Federal Contract Tower,5,8,16,3,32,0,3,56,1,60,5,11,72,4,92,6,0,6,98
04/04/2021,SWF,NY,AEA,EN,Federal Contract Tower,2,10,12,0,24,0,1,59,0,60,2,11,71,0,84,20,0,20,104
04/05/2021,SWF,NY,AEA,EN,Federal Contract Tower,5,8,11,1,25,0,0,34,0,34,5,8,45,1,59,130,0,130,189
04/06/2021,SWF,NY,AEA,EN,Federal Contract Tower,2,3,18,5,28,0,0,61,4,65,2,3,79,9,93,50,0,50,143
04/07/2021,SWF,NY,AEA,EN,Federal Contract Tower,6,8,11,2,27,0,6,46,5,57,6,14,57,7,84,28,10,38,122
04/09/2021,SWF,NY,AEA,EN,Federal Contract Tower,10,7,11,7,35,0,2,54,5,61,10,9,65,12,96,6,18,24,120
04/10/2021,SWF,NY,AEA,EN,Federal Contract Tower,3,6,17,5,31,0,2,40,0,42,3,8,57,5,73,0,0,0,73
04/11/2021,SWF,NY,AEA,EN,Federal Contract Tower,2,13,14,1,30,0,0,0,0,0,2,13,14,1,30,0,0,0,30
04/13/2021,SWF,NY,AEA,EN,Federal Contract Tower,6,1,10,2,19,0,4,46,7,57,6,5,56,9,76,50,20,70,146
04/15/2021,SWF,NY,AEA,EN,Federal Contract Tower,8,7,11,6,32,0,0,2,0,2,8,7,13,6,34,0,0,0,34
04/16/2021,SWF,NY,AEA,EN,Federal Contract Tower,9,8,24,7,48,0,0,4,7,11,9,8,28,14,59,0,12,12,71
04/17/2021,SWF,NY,AEA,EN,Federal Contract Tower,6,5,11,11,33,0,2,57,18,77,6,7,68,29,110,8,30,38,148
04/18/2021,SWF,NY,AEA,EN,Federal Contract Tower,3,12,12,1,28,0,5,50,3,58,3,17,62,4,86,24,6,30,116
04/19/2021,SWF,NY,AEA,EN,Federal Contract Tower,3,3,13,1,20,0,0,27,2,29,3,3,40,3,49,34,0,34,83
04/20/2021,SWF,NY,AEA,EN,Federal Contract Tower,4,5,15,9,33,0,2,30,9,41,4,7,45,18,74,24,10,34,108
04/22/2021,SWF,NY,AEA,EN,Federal Contract Tower,8,7,14,8,37,0,3,20,5,28,8,10,34,13,65,16,22,38,103
04/23/2021,SWF,NY,AEA,EN,Federal Contract Tower,8,2,10,9,29,0,2,28,8,38,8,4,38,17,67,6,14,20,87
04/24/2021,SWF,NY,AEA,EN,Federal Contract Tower,3,2,8,1,14,0,2,32,3,37,3,4,40,4,51,0,6,6,57
04/25/2021,SWF,NY,AEA,EN,Federal Contract Tower,2,7,5,1,15,0,0,0,0,0,2,7,5,1,15,0,0,0,15
04/26/2021,SWF,NY,AEA,EN,Federal Contract Tower,5,11,20,3,39,0,0,30,2,32,5,11,50,5,71,36,4,40,111
04/27/2021,SWF,NY,AEA,EN,Federal Contract Tower,7,5,12,7,31,0,2,38,10,50,7,7,50,17,81,16,34,50,131
04/29/2021,SWF,NY,AEA,EN,Federal Contract Tower,7,12,12,21,52,0,0,17,20,37,7,12,29,41,89,18,62,80,169
04/30/2021,SWF,NY,AEA,EN,Federal Contract Tower,8,20,8,3,39,0,0,10,0,10,8,20,18,3,49,0,0,0,49
05/01/2021,SWF,NY,AEA,EN,Federal Contract Tower,3,11,13,3,30,0,5,23,1,29,3,16,36,4,59,26,18,44,103
05/02/2021,SWF,NY,AEA,EN,Federal Contract Tower,2,12,23,0,37,0,7,24,0,31,2,19,47,0,68,42,2,44,112
05/03/2021,SWF,NY,AEA,EN,Federal Contract Tower,3,5,17,5,30,0,0,22,0,22,3,5,39,5,52,6,0,6,58
05/05/2021,SWF,NY,AEA,EN,Federal Contract Tower,8,1,7,3,19,0,0,0,0,0,8,1,7,3,19,0,0,0,19
05/06/2021,SWF,NY,AEA,EN,Federal Contract Tower,11,6,26,6,49,0,11,36,15,62,11,17,62,21,111,10,8,18,129
05/07/2021,SWF,NY,AEA,EN,Federal Contract Tower,7,8,6,5,26,0,0,27,2,29,7,8,33,7,55,10,0,10,65
05/08/2021,SWF,NY,AEA,EN,Federal Contract Tower,3,8,9,2,22,0,0,4,0,4,3,8,13,2,26,0,0,0,26
05/09/2021,SWF,NY,AEA,EN,Federal Contract Tower,5,10,11,1,27,0,0,20,0,20,5,10,31,1,47,14,0,14,61
05/10/2021,SWF,NY,AEA,EN,Federal Contract Tower,3,11,17,8,39,0,0,28,4,32,3,11,45,12,71,8,16,24,95
05/12/2021,SWF,NY,AEA,EN,Federal Contract Tower,6,5,13,6,30,0,7,62,7,76,6,12,75,13,106,26,30,56,162
05/13/2021,SWF,NY,AEA,EN,Federal Contract Tower,12,5,16,10,43,0,14,117,32,163,12,19,133,42,206,22,58,80,286
05/14/2021,SWF,NY,AEA,EN,Federal Contract Tower,4,4,5,0,13,0,0,26,0,26,4,4,31,0,39,8,0,8,47
05/15/2021,SWF,NY,AEA,EN,Federal Contract Tower,5,7,7,2,21,0,0,65,0,65,5,7,72,2,86,6,0,6,92
05/16/2021,SWF,NY,AEA,EN,Federal Contract Tower,4,11,7,4,26,0,6,37,0,43,4,17,44,4,69,16,0,16,85
05/17/2021,SWF,NY,AEA,EN,Federal Contract Tower,3,11,13,1,28,0,3,43,6,52,3,14,56,7,80,42,20,62,142
05/19/2021,SWF,NY,AEA,EN,Federal Contract Tower,6,4,21,5,36,0,10,94,5,109,6,14,115,10,145,32,12,44,189
05/20/2021,SWF,NY,AEA,EN,Federal Contract Tower,10,11,11,3,35,0,3,71,5,79,10,14,82,8,114,8,16,24,138
05/21/2021,SWF,NY,AEA,EN,Federal Contract Tower,8,13,12,6,39,0,2,64,5,71,8,15,76,11,110,10,24,34,144
05/22/2021,SWF,NY,AEA,EN,Federal Contract Tower,3,5,6,6,20,0,4,26,0,30,3,9,32,6,50,16,0,16,66
05/23/2021,SWF,NY,AEA,EN,Federal Contract Tower,4,17,5,1,27,0,2,16,0,18,4,19,21,1,45,26,0,26,71
05/25/2021,SWF,NY,AEA,EN,Federal Contract Tower,6,10,15,12,43,0,2,84,23,109,6,12,99,35,152,62,8,70,222
05/26/2021,SWF,NY,AEA,EN,Federal Contract Tower,8,7,27,14,56,0,6,77,5,88,8,13,104,19,144,44,12,56,200
05/27/2021,SWF,NY,AEA,EN,Federal Contract Tower,9,9,17,5,40,0,6,76,6,88,9,15,93,11,128,38,44,82,210
05/28/2021,SWF,NY,AEA,EN,Federal Contract Tower,11,19,16,3,49,0,4,23,1,28,11,23,39,4,77,6,0,6,83
05/29/2021,SWF,NY,AEA,EN,Federal Contract Tower,6,10,17,1,34,0,0,0,0,0,6,10,17,1,34,0,0,0,34
05/30/2021,SWF,NY,AEA,EN,Federal Contract Tower,2,5,7,1,15,0,0,0,0,0,2,5,7,1,15,0,0,0,15
06/01/2021,SWF,NY,AEA,EN,Federal Contract Tower,5,3,11,2,21,0,2,58,3,63,5,5,69,5,84,10,0,10,94
06/02/2021,SWF,NY,AEA,EN,Federal Contract Tower,12,5,18,7,42,0,0,59,19,78,12,5,77,26,120,10,22,32,152
06/03/2021,SWF,NY,AEA,EN,Federal Contract Tower,8,8,11,10,37,0,6,16,12,34,8,14,27,22,71,0,0,0,71
06/04/2021,SWF,NY,AEA,EN,Federal Contract Tower,11,7,10,4,32,0,3,11,0,14,11,10,21,4,46,6,0,6,52
06/05/2021,SWF,NY,AEA,EN,Federal Contract Tower,6,2,4,0,12,0,2,19,0,21,6,4,23,0,33,31,0,31,64
06/06/2021,SWF,NY,AEA,EN,Federal Contract Tower,3,13,10,3,29,0,0,36,0,36,3,13,46,3,65,8,0,8,73
06/09/2021,SWF,NY,AEA,EN,Federal Contract Tower,10,7,15,3,35,0,2,48,3,53,10,9,63,6,88,20,14,34,122
06/10/2021,SWF,NY,AEA,EN,Federal Contract Tower,8,10,20,9,47,0,6,95,15,116,8,16,115,24,163,28,16,44,207
06/11/2021,SWF,NY,AEA,EN,Federal Contract Tower,13,15,39,4,71,0,1,77,6,84,13,16,116,10,155,44,0,44,199
06/14/2021,SWF,NY,AEA,EN,Federal Contract Tower,7,10,18,1,36,0,0,0,0,0,7,10,18,1,36,0,0,0,36
06/15/2021,SWF,NY,AEA,EN,Federal Contract Tower,8,17,20,12,57,0,2,54,4,60,8,19,74,16,117,10,40,50,167
06/16/2021,SWF,NY,AEA,EN,Federal Contract Tower,9,12,14,4,39,0,1,45,6,52,9,13,59,10,91,24,6,30,121
06/17/2021,SWF,NY,AEA,EN,Federal Contract Tower,10,16,15,8,49,0,7,49,0,56,10,23,64,8,105,32,4,36,141
06/18/2021,SWF,NY,AEA,EN,Federal Contract Tower,12,10,20,14,56,0,0,46,14,60,12,10,66,28,116,14,0,14,130
06/19/2021,SWF,NY,AEA,EN,Federal Contract Tower,9,7,13,0,29,0,2,23,1,26,9,9,36,1,55,4,0,4,59
06/21/2021,SWF,NY,AEA,EN,Federal Contract Tower,6,6,18,7,37,0,0,30,4,34,6,6,48,11,71,10,40,50,121
06/22/2021,SWF,NY,AEA,EN,Federal Contract Tower,7,11,13,5,36,0,0,0,0,0,7,11,13,5,36,0,0,0,36
06/23/2021,SWF,NY,AEA,EN,Federal Contract Tower,15,6,15,11,47,0,3,65,18,86,15,9,80,29,133,16,56,72,205
06/24/2021,SWF,NY,AEA,EN,Federal Contract Tower,10,12,22,5,49,0,7,59,36,102,10,19,81,41,151,32,30,62,213
06/25/2021,SWF,NY,AEA,EN,Federal Contract Tower,9,7,16,10,42,0,0,28,11,39,9,7,44,21,81,14,0,14,95
06/26/2021,SWF,NY,AEA,EN,Federal Contract Tower,9,16,18,2,45,0,6,19,7,32,9,22,37,9,77,6,0,6,83
06/28/2021,SWF,NY,AEA,EN,Federal Contract Tower,7,9,23,6,45,0,2,50,4,56,7,11,73,10,101,34,0,34,135
06/29/2021,SWF,NY,AEA,EN,Federal Contract Tower,8,16,12,6,42,0,4,51,5,60,8,20,63,11,102,16,4,20,122
06/30/2021,SWF,NY,AEA,EN,Federal Contract Tower,12,12,14,2,40,0,4,64,7,75,12,16,78,9,115,28,8,36,151
07/01/2021,SWF,NY,AEA,EN,Federal Contract Tower,10,12,13,3,38,0,0,1,0,1,10,12,14,3,39,0,0,0,39
07/02/2021,SWF,NY,AEA,EN,Federal Contract Tower,13,13,25,0,51,0,0,7,0,7,13,13,32,0,58,4,0,4,62
07/04/2021,SWF,NY,AEA,EN,Federal Contract Tower,3,9,6,0,18,0,1,16,0,17,3,10,22,0,35,12,0,12,47
07/05/2021,SWF,NY,AEA,EN,Federal Contract Tower,4,17,14,0,35,0,3,47,0,50,4,20,61,0,85,14,0,14,99
07/06/2021,SWF,NY,AEA,EN,Federal Contract Tower,5,14,18,7,44,0,1,30,11,42,5,15,48,18,86,0,18,18,104
07/07/2021,SWF,NY,AEA,EN,Federal Contract Tower,13,9,16,10,48,0,2,33,7,42,13,11,49,17,90,20,32,52,142
07/08/2021,SWF,NY,AEA,EN,Federal Contract Tower,12,16,21,6,55,0,2,4,2,8,12,18,25,8,63,0,0,0,63
07/09/2021,SWF,NY,AEA,EN,Federal Contract Tower,11,18,13,2,44,0,1,9,0,10,11,19,22,2,54,10,0,10,64
07/11/2021,SWF,NY,AEA,EN,Federal Contract Tower,4,13,14,0,31,0,0,1,16,17,4,13,15,16,48,0,4,4,52
07/12/2021,SWF,NY,AEA,EN,Federal Contract Tower,7,12,21,1,41,0,0,0,0,0,7,12,21,1,41,0,0,0,41
07/13/2021,SWF,NY,AEA,EN,Federal Contract Tower,6,14,20,4,44,0,0,0,0,0,6,14,20,4,44,0,0,0,44
07/14/2021,SWF,NY,AEA,EN,Federal Contract Tower,12,13,23,15,63,0,1,15,4,20,12,14,38,19,83,0,0,0,83
07/15/2021,SWF,NY,AEA,EN,Federal Contract Tower,10,13,16,4,43,0,5,53,6,64,10,18,69,10,107,46,0,46,153
07/16/2021,SWF,NY,AEA,EN,Federal Contract Tower,10,18,18,1,47,0,1,26,1,28,10,19,44,2,75,0,0,0,75
07/18/2021,SWF,NY,AEA,EN,Federal Contract Tower,6,11,14,0,31,0,0,0,0,0,6,11,14,0,31,0,0,0,31
07/19/2021,SWF,NY,AEA,EN,Federal Contract Tower,8,17,17,3,45,0,4,52,20,76,8,21,69,23,121,4,0,4,125
07/20/2021,SWF,NY,AEA,EN,Federal Contract Tower,9,6,29,5,49,0,0,70,3,73,9,6,99,8,122,0,10,10,132
07/21/2021,SWF,NY,AEA,EN,Federal Contract Tower,14,11,14,4,43,0,0,33,3,36,14,11,47,7,79,0,16,16,95
07/22/2021,SWF,NY,AEA,EN,Federal Contract Tower,10,11,18,8,47,0,3,72,17,92,10,14,90,25,139,20,46,66,205
07/23/2021,SWF,NY,AEA,EN,Federal Contract Tower,15,8,18,9,50,0,0,38,25,63,15,8,56,34,113,22,14,36,149
07/24/2021,SWF,NY,AEA,EN,Federal Contract Tower,7,4,9,3,23,0,0,48,0,48,7,4,57,3,71,10,0,10,81
07/25/2021,SWF,NY,AEA,EN,Federal Contract Tower,3,12,13,1,29,0,0,22,10,32,3,12,35,11,61,0,0,0,61
07/26/2021,SWF,NY,AEA,EN,Federal Contract Tower,7,11,24,3,45,0,0,40,5,45,7,11,64,8,90,14,0,14,104
07/27/2021,SWF,NY,AEA,EN,Federal Contract Tower,5,11,20,0,36,0,1,19,0,20,5,12,39,0,56,2,0,2,58
07/28/2021,SWF,NY,AEA,EN,Federal Contract Tower,11,6,11,5,33,0,0,36,6,42,11,6,47,11,75,8,24,32,107
07/29/2021,SWF,NY,AEA,EN,Federal Contract Tower,12,20,9,1,42,0,4,9,3,16,12,24,18,4,58,4,24,28,86
07/31/2021,SWF,NY,AEA,EN,Federal Contract Tower,9,8,27,0,44,0,2,54,0,56,9,10,81,0,100,24,0,24,124
08/01/2021,SWF,NY,AEA,EN,Federal Contract Tower,4,19,19,0,42,0,0,43,2,45,4,19,62,2,87,18,0,18,105
08/02/2021,SWF,NY,AEA,EN,Federal Contract Tower,9,13,19,0,41,0,6,55,12,73,9,19,74,12,114,64,0,64,178
08/03/2021,SWF,NY,AEA,EN,Federal Contract Tower,8,8,24,3,43,0,2,69,4,75,8,10,93,7,118,112,40,152,270
08/04/2021,SWF,NY,AEA,EN,Federal Contract Tower,11,10,30,4,55,0,0,59,0,59,11,10,89,4,114,58,0,58,172
08/05/2021,SWF,NY,AEA,EN,Federal Contract Tower,10,10,19,6,45,0,6,39,5,50,10,16,58,11,95,14,38,52,147
08/06/2021,SWF,NY,AEA,EN,Federal Contract Tower,12,6,20,1,39,0,1,48,9,58,12,7,68,10,97,14,0,14,111
08/07/2021,SWF,NY,AEA,EN,Federal Contract Tower,5,3,15,3,26,0,2,47,5,54,5,5,62,8,80,8,0,8,88
08/08/2021,SWF,NY,AEA,EN,Federal Contract Tower,4,16,21,5,46,0,4,82,8,94,4,20,103,13,140,36,0,36,176
08/09/2021,SWF,NY,AEA,EN,Federal Contract Tower,9,10,25,1,45,0,4,66,2,72,9,14,91,3,117,38,10,48,165
08/10/2021,SWF,NY,AEA,EN,Federal Contract Tower,7,8,12,7,34,0,0,31,1,32,7,8,43,8,66,6,14,20,86
08/11/2021,SWF,NY,AEA,EN,Federal Contract Tower,16,11,15,4,46,0,1,25,10,36,16,12,40,14,82,4,8,12,94
08/12/2021,SWF,NY,AEA,EN,Federal Contract Tower,9,8,16,6,39,0,2,27,2,31,9,10,43,8,70,10,26,36,106
08/14/2021,SWF,NY,AEA,EN,Federal Contract Tower,11,10,24,0,45,0,0,69,2,71,11,10,93,2,116,48,0,48,164
08/15/2021,SWF,NY,AEA,EN,Federal Contract Tower,4,17,28,1,50,0,7,64,0,71,4,24,92,1,121,66,0,66,187
08/16/2021,SWF,NY,AEA,EN,Federal Contract Tower,8,16,18,3,45,0,0,42,0,42,8,16,60,3,87,72,0,72,159
08/17/2021,SWF,NY,AEA,EN,Federal Contract Tower,7,2,15,6,30,0,1,8,4,13,7,3,23,10,43,4,14,18,61
08/18/2021,SWF,NY,AEA,EN,Federal Contract Tower,8,6,14,4,32,0,0,2,3,5,8,6,16,7,37,0,4,4,41
08/20/2021,SWF,NY,AEA,EN,Federal Contract Tower,10,9,19,1,39,0,0,50,2,52,10,9,69,3,91,28,0,28,119
08/21/2021,SWF,NY,AEA,EN,Federal Contract Tower,8,18,7,0,33,0,0,19,0,19,8,18,26,0,52,36,0,36,88
08/22/2021,SWF,NY,AEA,EN,Federal Contract Tower,4,9,5,1,19,0,0,0,0,0,4,9,5,1,19,0,0,0,19
08/23/2021,SWF,NY,AEA,EN,Federal Contract Tower,7,11,9,2,29,0,0,3,0,3,7,11,12,2,32,20,0,20,52
08/24/2021,SWF,NY,AEA,EN,Federal Contract Tower,7,12,18,5,42,0,5,41,8,54,7,17,59,13,96,54,8,62,158
08/25/2021,SWF,NY,AEA,EN,Federal Contract Tower,11,10,14,11,46,0,4,59,16,79,11,14,73,27,125,30,12,42,167
08/27/2021,SWF,NY,AEA,EN,Federal Contract Tower,13,20,21,4,58,0,0,64,14,78,13,20,85,18,136,24,0,24,160
08/29/2021,SWF,NY,AEA,EN,Federal Contract Tower,4,11,22,5,42,0,3,17,2,22,4,14,39,7,64,12,10,22,86
08/30/2021,SWF,NY,AEA,EN,Federal Contract Tower,6,13,16,7,42,0,0,15,0,15,6,13,31,7,57,0,0,0,57
08/31/2021,SWF,NY,AEA,EN,Federal Contract Tower,7,10,23,4,44,0,0,37,8,45,7,10,60,12,89,36,4,40,129
09/01/2021,SWF,NY,AEA,EN,Federal Contract Tower,5,9,27,4,45,0,0,0,0,0,5,9,27,4,45,0,0,0,45
09/03/2021,SWF,NY,AEA,EN,Federal Contract Tower,16,16,32,2,66,0,3,110,16,129,16,19,142,18,195,68,18,86,281
09/04/2021,SWF,NY,AEA,EN,Federal Contract Tower,4,9,14,1,28,0,4,64,0,68,4,13,78,1,96,12,0,12,108
09/05/2021,SWF,NY,AEA,EN,Federal Contract Tower,2,12,16,1,31,0,0,4,0,4,2,12,20,1,35,8,0,8,43
09/06/2021,SWF,NY,AEA,EN,Federal Contract Tower,8,14,20,1,43,0,0,18,4,22,8,14,38,5,65,4,0,4,69
09/07/2021,SWF,NY,AEA,EN,Federal Contract Tower,5,10,27,3,45,0,0,44,2,46,5,10,71,5,91,4,0,4,95
09/10/2021,SWF,NY,AEA,EN,Federal Contract Tower,7,16,9,8,40,0,2,52,37,91,7,18,61,45,131,6,68,74,205
09/11/2021,SWF,NY,AEA,EN,Federal Contract Tower,4,9,16,5,34,0,2,78,30,110,4,11,94,35,144,36,0,36,180
09/12/2021,SWF,NY,AEA,EN,Federal Contract Tower,3,14,18,4,39,0,4,88,11,103,3,18,106,15,142,68,54,122,264
09/13/2021,SWF,NY,AEA,EN,Federal Contract Tower,1,8,21,1,31,0,2,39,1,42,1,10,60,2,73,0,26,26,99
09/14/2021,SWF,NY,AEA,EN,Federal Contract Tower,7,10,17,10,44,0,5,61,12,78,7,15,78,22,122,22,28,50,172
09/17/2021,SWF,NY,AEA,EN,Federal Contract Tower,6,8,33,6,53,0,0,19,0,19,6,8,52,6,72,0,0,0,72
09/18/2021,SWF,NY,AEA,EN,Federal Contract Tower,3,5,17,5,30,0,2,75,23,100,3,7,92,28,130,40,0,40,170
09/19/2021,SWF,NY,AEA,EN,Federal Contract Tower,9,11,24,0,44,0,15,131,0,146,9,26,155,0,190,84,0,84,274
09/20/2021,SWF,NY,AEA,EN,Federal Contract Tower,5,12,15,3,35,0,0,46,2,48,5,12,61,5,83,22,20,42,125
09/21/2021,SWF,NY,AEA,EN,Federal Contract Tower,6,11,20,9,46,0,6,47,9,62,6,17,67,18,108,4,20,24,132
09/23/2021,SWF,NY,AEA,EN,Federal Contract Tower,12,8,18,0,38,0,0,30,0,30,12,8,48,0,68,56,0,56,124
09/24/2021,SWF,NY,AEA,EN,Federal Contract Tower,9,7,10,6,32,0,7,66,2,75,9,14,76,8,107,22,4,26,133
09/25/2021,SWF,NY,AEA,EN,Federal Contract Tower,9,6,14,1,30,0,12,76,6,94,9,18,90,7,124,28,0,28,152
09/26/2021,SWF,NY,AEA,EN,Federal Contract Tower,6,18,20,5,49,0,0,48,2,50,6,18,68,7,99,44,2,46,145
09/27/2021,SWF,NY,AEA,EN,Federal Contract Tower,1,8,20,2,31,0,2,46,6,54,1,10,66,8,85,28,6,34,119
09/29/2021,SWF,NY,AEA,EN,Federal Contract Tower,8,8,17,4,37,0,4,97,8,109,8,12,114,12,146,60,28,88,234
09/30/2021,SWF,NY,AEA,EN,Federal Contract Tower,10,10,8,2,30,0,2,62,1,65,10,12,70,3,95,10,0,10,105
10/01/2021,SWF,NY,AEA,EN,Federal Contract Tower,8,6,17,1,32,0,1,65,3,69,8,7,82,4,101,8,24,32,133
10/02/2021,SWF,NY,AEA,EN,Federal Contract Tower,3,7,13,0,23,0,1,24,2,27,3,8,37,2,50,0,30,30,80
10/03/2021,SWF,NY,AEA,EN,Federal Contract Tower,6,10,22,0,38,0,0,54,0,54,6,10,76,0,92,30,0,30,122
10/04/2021,SWF,NY,AEA,EN,Federal Contract Tower,1,14,21,0,36,0,0,0,0,0,1,14,21,0,36,0,0,0,36
10/06/2021,SWF,NY,AEA,EN,Federal Contract Tower,6,8,26,8,48,0,1,41,5,47,6,9,67,13,95,0,8,8,103
10/07/2021,SWF,NY,AEA,EN,Federal Contract Tower,11,14,38,10,73,0,5,48,5,58,11,19,86,15,131,4,10,14,145
10/08/2021,SWF,NY,AEA,EN,Federal Contract Tower,11,13,18,4,46,0,3,26,4,33,11,16,44,8,79,0,0,0,79
10/09/2021,SWF,NY,AEA,EN,Federal Contract Tower,3,11,19,0,33,0,0,18,0,18,3,11,37,0,51,30,0,30,81
10/10/2021,SWF,NY,AEA,EN,Federal Contract Tower,5,5,14,0,24,0,0,5,0,5,5,5,19,0,29,10,0,10,39
10/11/2021,SWF,NY,AEA,EN,Federal Contract Tower,6,16,21,1,44,0,2,58,0,60,6,18,79,1,104,20,0,20,124
10/13/2021,SWF,NY,AEA,EN,Federal Contract Tower,7,3,17,8,35,0,0,38,3,41,7,3,55,11,76,0,28,28,104
10/14/2021,SWF,NY,AEA,EN,Federal Contract Tower,10,13,18,7,48,0,1,95,16,112,10,14,113,23,160,56,32,88,248
10/15/2021,SWF,NY,AEA,EN,Federal Contract Tower,11,7,27,12,57,0,0,106,19,125,11,7,133,31,182,34,18,52,234
10/16/2021,SWF,NY,AEA,EN,Federal Contract Tower,3,10,10,1,24,0,0,35,0,35,3,10,45,1,59,22,0,22,81
10/17/2021,SWF,NY,AEA,EN,Federal Contract Tower,8,16,26,0,50,0,0,19,0,19,8,16,45,0,69,0,0,0,69
10/19/2021,SWF,NY,AEA,EN,Federal Contract Tower,6,6,11,3,26,0,1,78,3,82,6,7,89,6,108,14,16,30,138
10/20/2021,SWF,NY,AEA,EN,Federal Contract Tower,9,7,18,9,43,0,2,71,17,90,9,9,89,26,133,38,52,90,223
10/21/2021,SWF,NY,AEA,EN,Federal Contract Tower,10,11,26,9,56,0,3,99,7,109,10,14,125,16,165,22,18,40,205
10/22/2021,SWF,NY,AEA,EN,Federal Contract Tower,11,14,35,4,64,0,2,66,1,69,11,16,101,5,133,32,0,32,165
10/23/2021,SWF,NY,AEA,EN,Federal Contract Tower,3,10,35,0,48,0,0,65,2,67,3,10,100,2,115,18,0,18,133
10/26/2021,SWF,NY,AEA,EN,Federal Contract Tower,7,3,12,2,24,0,0,0,0,0,7,3,12,2,24,0,0,0,24
10/27/2021,SWF,NY,AEA,EN,Federal Contract Tower,6,5,24,4,39,0,0,13,15,28,6,5,37,19,67,6,24,30,97
10/28/2021,SWF,NY,AEA,EN,Federal Contract Tower,10,7,16,5,38,0,2,90,17,109,10,9,106,22,147,8,42,50,197
10/29/2021,SWF,NY,AEA,EN,Federal Contract Tower,15,11,19,6,51,0,0,85,0,85,15,11,104,6,136,26,0,26,162
10/30/2021,SWF,NY,AEA,EN,Federal Contract Tower,3,5,17,1,26,0,0,3,0,3,3,5,20,1,29,8,0,8,37
10/31/2021,SWF,NY,AEA,EN,Federal Contract Tower,2,3,9,0,14,0,0,46,0,46,2,3,55,0,60,20,0,20,80
11/02/2021,SWF,NY,AEA,EN,Federal Contract Tower,11,3,24,8,46,0,0,73,12,85,11,3,97,20,131,32,12,44,175
11/03/2021,SWF,NY,AEA,EN,Federal Contract Tower,6,4,27,10,47,0,5,112,5,122,6,9,139,15,169,22,32,54,223
11/04/2021,SWF,NY,AEA,EN,Federal Contract Tower,17,12,14,4,47,0,6,82,9,97,17,18,96,13,144,10,34,44,188
11/05/2021,SWF,NY,AEA,EN,Federal Contract Tower,14,10,11,5,40,0,2,59,3,64,14,12,70,8,104,6,30,36,140
11/06/2021,SWF,NY,AEA,EN,Federal Contract Tower,10,2,15,3,30,0,0,39,0,39,10,2,54,3,69,40,0,40,109
11/08/2021,SWF,NY,AEA,EN,Federal Contract Tower,8,13,17,4,42,0,6,78,14,98,8,19,95,18,140,44,0,44,184
11/09/2021,SWF,NY,AEA,EN,Federal Contract Tower,9,13,15,10,47,0,6,79,9,94,9,19,94,19,141,10,6,16,157
11/10/2021,SWF,NY,AEA,EN,Federal Contract Tower,7,6,18,9,40,0,4,84,14,102,7,10,102,23,142,64,28,92,234
11/11/2021,SWF,NY,AEA,EN,Federal Contract Tower,16,10,19,0,45,0,6,58,1,65,16,16,77,1,110,14,0,14,124
11/12/2021,SWF,NY,AEA,EN,Federal Contract Tower,9,8,20,1,38,0,0,23,0,23,9,8,43,1,61,16,0,16,77
11/13/2021,SWF,NY,AEA,EN,Federal Contract Tower,11,6,16,0,33,0,4,9,3,16,11,10,25,3,49,0,0,0,49
11/15/2021,SWF,NY,AEA,EN,Federal Contract Tower,7,11,16,8,42,0,1,25,0,26,7,12,41,8,68,8,0,8,76
11/16/2021,SWF,NY,AEA,EN,Federal Contract Tower,6,5,22,3,36,0,0,37,5,42,6,5,59,8,78,22,28,50,128
11/17/2021,SWF,NY,AEA,EN,Federal Contract Tower,8,3,15,15,41,0,4,47,10,61,8,7,62,25,102,20,14,34,136
11/18/2021,SWF,NY,AEA,EN,Federal Contract Tower,12,8,14,10,44,0,4,26,3,33,12,12,40,13,77,18,38,56,133
11/19/2021,SWF,NY,AEA,EN,Federal Contract Tower,10,3,9,3,25,0,0,38,0,38,10,3,47,3,63,36,0,36,99
11/20/2021,SWF,NY,AEA,EN,Federal Contract Tower,7,4,12,0,23,0,1,52,4,57,7,5,64,4,80,30,0,30,110
11/22/2021,SWF,NY,AEA,EN,Federal Contract Tower,9,11,13,0,33,0,5,56,5,66,9,16,69,5,99,18,10,28,127
11/23/2021,SWF,NY,AEA,EN,Federal Contract Tower,14,8,19,11,52,0,1,58,10,69,14,9,77,21,121,8,12,20,141
11/24/2021,SWF,NY,AEA,EN,Federal Contract Tower,16,4,20,2,42,0,4,60,6,70,16,8,80,8,112,38,16,54,166
11/25/2021,SWF,NY,AEA,EN,Federal Contract Tower,6,0,0,0,6,0,1,10,0,11,6,1,10,0,17,10,0,10,27
11/26/2021,SWF,NY,AEA,EN,Federal Contract Tower,6,0,11,0,17,0,0,0,0,0,6,0,11,0,17,0,0,0,17
11/28/2021,SWF,NY,AEA,EN,Federal Contract Tower,11,21,34,2,68,0,2,9,1,12,11,23,43,3,80,0,0,0,80
11/29/2021,SWF,NY,AEA,EN,Federal Contract Tower,5,17,13,0,35,0,0,33,3,36,5,17,46,3,71,34,10,44,115
11/30/2021,SWF,NY,AEA,EN,Federal Contract Tower,12,7,15,4,38,0,0,23,2,25,12,7,38,6,63,14,11,25,88
12/01/2021,SWF,NY,AEA,EN,Federal Contract Tower,10,8,18,3,39,0,10,72,12,94,10,18,90,15,133,14,18,32,165
12/02/2021,SWF,NY,AEA,EN,Federal Contract Tower,15,1,17,7,40,0,4,30,8,42,15,5,47,15,82,16,46,62,144
12/03/2021,SWF,NY,AEA,EN,Federal Contract Tower,7,5,9,5,26,0,0,14,5,19,7,5,23,10,45,2,14,16,61
12/04/2021,SWF,NY,AEA,EN,Federal Contract Tower,5,1,5,11,22,0,4,56,0,60,5,5,61,11,82,50,0,50,132
12/05/2021,SWF,NY,AEA,EN,Federal Contract Tower,6,6,17,0,29,0,1,60,0,61,6,7,77,0,90,16,0,16,106
12/06/2021,SWF,NY,AEA,EN,Federal Contract Tower,5,8,19,0,32,0,0,0,0,0,5,8,19,0,32,0,0,0,32
12/07/2021,SWF,NY,AEA,EN,Federal Contract Tower,9,7,14,9,39,0,4,57,6,67,9,11,71,15,106,20,58,78,184
12/08/2021,SWF,NY,AEA,EN,Federal Contract Tower,8,11,15,9,43,0,0,25,2,27,8,11,40,11,70,28,16,44,114
12/09/2021,SWF,NY,AEA,EN,Federal Contract Tower,15,7,27,6,55,0,1,50,21,72,15,8,77,27,127,18,58,76,203
12/10/2021,SWF,NY,AEA,EN,Federal Contract Tower,10,11,19,7,47,0,3,41,4,48,10,14,60,11,95,4,6,10,105
12/12/2021,SWF,NY,AEA,EN,Federal Contract Tower,8,5,14,2,29,0,6,23,19,48,8,11,37,21,77,28,0,28,105
12/13/2021,SWF,NY,AEA,EN,Federal Contract Tower,5,9,11,0,25,0,1,62,3,66,5,10,73,3,91,40,0,40,131
12/14/2021,SWF,NY,AEA,EN,Federal Contract Tower,7,8,19,7,41,0,4,87,9,100,7,12,106,16,141,30,32,62,203
12/15/2021,SWF,NY,AEA,EN,Federal Contract Tower,8,7,10,8,33,0,0,42,1,43,8,7,52,9,76,44,8,52,128
12/16/2021,SWF,NY,AEA,EN,Federal Contract Tower,15,15,17,8,55,0,0,36,13,49,15,15,53,21,104,16,42,58,162
12/18/2021,SWF,NY,AEA,EN,Federal Contract Tower,9,2,13,0,24,0,0,2,0,2,9,2,15,0,26,0,0,0,26
12/19/2021,SWF,NY,AEA,EN,Federal Contract Tower,10,2,14,1,27,0,0,27,0,27,10,2,41,1,54,30,0,30,84
12/20/2021,SWF,NY,AEA,EN,Federal Contract Tower,7,4,13,9,33,0,2,47,6,55,7,6,60,15,88,4,8,12,100
12/21/2021,SWF,NY,AEA,EN,Federal Contract Tower,13,5,13,5,36,0,1,51,2,54,13,6,64,7,90,0,0,0,90
12/22/2021,SWF,NY,AEA,EN,Federal Contract Tower,10,7,12,8,37,0,0,13,12,25,10,7,25,20,62,20,34,54,116
12/23/2021,SWF,NY,AEA,EN,Federal Contract Tower,15,9,12,2,38,0,0,19,1,20,15,9,31,3,58,14,0,14,72
12/25/2021,SWF,NY,AEA,EN,Federal Contract Tower,2,2,3,0,7,0,0,0,0,0,2,2,3,0,7,0,0,0,7
12/26/2021,SWF,NY,AEA,EN,Federal Contract Tower,6,7,15,0,28,0,0,28,0,28,6,7,43,0,56,18,0,18,74
12/27/2021,SWF,NY,AEA,EN,Federal Contract Tower,8,9,13,0,30,0,2,38,0,40,8,11,51,0,70,16,0,16,86
12/28/2021,SWF,NY,AEA,EN,Federal Contract Tower,14,7,7,0,28,0,0,23,0,23,14,7,30,0,51,18,0,18,69
12/29/2021,SWF,NY,AEA,EN,Federal Contract Tower,8,10,9,3,30,0,0,0,0,0,8,10,9,3,30,0,0,0,30
01/01/2022,SWF,NY,AEA,EN,Federal Contract Tower,3,10,14,0,27,0,0,0,0,0,3,10,14,0,27,0,0,0,27
01/02/2022,SWF,NY,AEA,EN,Federal Contract Tower,4,13,20,0,37,0,0,0,0,0,4,13,20,0,37,0,0,0,37
01/03/2022,SWF,NY,AEA,EN,Federal Contract Tower,5,2,22,0,29,0,2,39,0,41,5,4,61,0,70,0,0,0,70
01/04/2022,SWF,NY,AEA,EN,Federal Contract Tower,7,3,11,1,22,0,0,50,2,52,7,3,61,3,74,56,0,56,130
01/05/2022,SWF,NY,AEA,EN,Federal Contract Tower,8,11,14,0,33,0,0,4,0,4,8,11,18,0,37,0,0,0,37
01/06/2022,SWF,NY,AEA,EN,Federal Contract Tower,13,9,15,20,57,0,3,46,3,52,13,12,61,23,109,30,2,32,141
01/07/2022,SWF,NY,AEA,EN,Federal Contract Tower,8,6,3,4,21,0,0,0,0,0,8,6,3,4,21,0,0,0,21
01/08/2022,SWF,NY,AEA,EN,Federal Contract Tower,8,2,11,2,23,0,1,51,0,52,8,3,62,2,75,18,0,18,93
01/09/2022,SWF,NY,AEA,EN,Federal Contract Tower,6,3,5,1,15,0,0,0,0,0,6,3,5,1,15,0,0,0,15
01/10/2022,SWF,NY,AEA,EN,Federal Contract Tower,8,7,10,1,26,0,0,28,0,28,8,7,38,1,54,15,0,15,69
01/11/2022,SWF,NY,AEA,EN,Federal Contract Tower,8,3,13,11,35,0,3,17,1,21,8,6,30,12,56,18,0,18,74
01/12/2022,SWF,NY,AEA,EN,Federal Contract Tower,6,4,7,14,31,0,0,34,9,43,6,4,41,23,74,54,30,84,158
01/13/2022,SWF,NY,AEA,EN,Federal Contract Tower,17,9,21,4,51,0,0,64,17,81,17,9,85,21,132,18,22,40,172
01/14/2022,SWF,NY,AEA,EN,Federal Contract Tower,11,2,23,5,41,0,0,30,7,37,11,2,53,12,78,24,24,48,126
01/15/2022,SWF,NY,AEA,EN,Federal Contract Tower,5,9,15,0,29,0,2,32,0,34,5,11,47,0,63,8,0,8,71
01/16/2022,SWF,NY,AEA,EN,Federal Contract Tower,8,10,8,1,27,0,1,40,0,41,8,11,48,1,68,22,0,22,90
01/17/2022,SWF,NY,AEA,EN,Federal Contract Tower,5,6,5,0,16,0,0,0,0,0,5,6,5,0,16,0,0,0,16
01/18/2022,SWF,NY,AEA,EN,Federal Contract Tower,6,6,9,2,23,0,0,4,0,4,6,6,13,2,27,2,0,2,29
01/19/2022,SWF,NY,AEA,EN,Federal Contract Tower,8,3,20,9,40,0,0,20,4,24,8,3,40,13,64,0,6,6,70
01/20/2022,SWF,NY,AEA,EN,Federal Contract Tower,15,9,7,11,42,0,2,26,0,28,15,11,33,11,70,4,0,4,74
01/21/2022,SWF,NY,AEA,EN,Federal Contract Tower,9,3,17,2,31,0,2,56,6,64,9,5,73,8,95,28,8,36,131
01/22/2022,SWF,NY,AEA,EN,Federal Contract Tower,1,0,9,0,10,0,1,44,1,46,1,1,53,1,56,12,0,12,68
01/23/2022,SWF,NY,AEA,EN,Federal Contract Tower,8,4,14,4,30,0,2,39,4,45,8,6,53,8,75,44,4,48,123
01/24/2022,SWF,NY,AEA,EN,Federal Contract Tower,5,7,22,0,34,0,0,31,5,36,5,7,53,5,70,60,0,60,130
01/25/2022,SWF,NY,AEA,EN,Federal Contract Tower,6,3,10,0,19,0,0,31,8,39,6,3,41,8,58,16,0,16,74
01/26/2022,SWF,NY,AEA,EN,Federal Contract Tower,5,5,13,5,28,0,0,44,11,55,5,5,57,16,83,40,16,56,139
01/27/2022,SWF,NY,AEA,EN,Federal Contract Tower,12,9,19,26,66,0,1,66,23,90,12,10,85,49,156,22,48,70,226
01/28/2022,SWF,NY,AEA,EN,Federal Contract Tower,9,5,9,3,26,0,2,5,0,7,9,7,14,3,33,0,0,0,33
01/29/2022,SWF,NY,AEA,EN,Federal Contract Tower,2,1,1,0,4,0,0,0,0,0,2,1,1,0,4,0,0,0,4
01/30/2022,SWF,NY,AEA,EN,Federal Contract Tower,9,6,14,1,30,0,0,17,0,17,9,6,31,1,47,10,0,10,57
01/31/2022,SWF,NY,AEA,EN,Federal Contract Tower,5,7,17,3,32,0,0,30,6,36,5,7,47,9,68,12,0,12,80
02/01/2022,SWF,NY,AEA,EN,Federal Contract Tower,6,6,7,7,26,0,1,26,6,33,6,7,33,13,59,16,24,40,99
02/02/2022,SWF,NY,AEA,EN,Federal Contract Tower,6,6,13,6,31,0,2,21,2,25,6,8,34,8,56,20,4,24,80
02/03/2022,SWF,NY,AEA,EN,Federal Contract Tower,14,2,9,7,32,0,0,0,0,0,14,2,9,7,32,0,0,0,32
02/04/2022,SWF,NY,AEA,EN,Federal Contract Tower,4,2,6,1,13,0,0,0,0,0,4,2,6,1,13,0,0,0,13
02/05/2022,SWF,NY,AEA,EN,Federal Contract Tower,3,5,15,2,25,0,4,27,1,32,3,9,42,3,57,18,0,18,75
02/06/2022,SWF,NY,AEA,EN,Federal Contract Tower,8,7,6,1,22,0,0,38,3,41,8,7,44,4,63,44,4,48,111
02/07/2022,SWF,NY,AEA,EN,Federal Contract Tower,3,11,11,1,26,0,0,0,0,0,3,11,11,1,26,0,0,0,26
02/08/2022,SWF,NY,AEA,EN,Federal Contract Tower,5,16,26,6,53,0,1,27,13,41,5,17,53,19,94,52,10,62,156
02/09/2022,SWF,NY,AEA,EN,Federal Contract Tower,7,4,13,7,31,0,7,81,21,109,7,11,94,28,140,34,20,54,194
02/10/2022,SWF,NY,AEA,EN,Federal Contract Tower,14,6,26,5,51,0,6,68,7,81,14,12,94,12,132,62,18,80,212
02/11/2022,SWF,NY,AEA,EN,Federal Contract Tower,10,3,10,4,27,0,2,41,2,45,10,5,51,6,72,22,6,28,100
02/12/2022,SWF,NY,AEA,EN,Federal Contract Tower,3,2,10,2,17,0,4,82,4,90,3,6,92,6,107,22,0,22,129
02/13/2022,SWF,NY,AEA,EN,Federal Contract Tower,7,5,13,0,25,0,0,0,0,0,7,5,13,0,25,0,0,0,25
02/14/2022,SWF,NY,AEA,EN,Federal Contract Tower,5,7,9,1,22,0,0,5,0,5,5,7,14,1,27,8,0,8,35
02/15/2022,SWF,NY,AEA,EN,Federal Contract Tower,8,9,22,13,52,0,2,44,6,52,8,11,66,19,104,16,16,32,136
02/16/2022,SWF,NY,AEA,EN,Federal Contract Tower,8,8,27,1,44,0,2,56,3,61,8,10,83,4,105,32,6,38,143
02/17/2022,SWF,NY,AEA,EN,Federal Contract Tower,15,9,11,7,42,0,1,30,6,37,15,10,41,13,79,2,16,18,97
02/18/2022,SWF,NY,AEA,EN,Federal Contract Tower,8,8,6,5,27,0,1,4,1,6,8,9,10,6,33,2,4,6,39
02/19/2022,SWF,NY,AEA,EN,Federal Contract Tower,9,9,9,1,28,0,0,0,0,0,9,9,9,1,28,0,0,0,28
02/20/2022,SWF,NY,AEA,EN,Federal Contract Tower,8,9,6,0,23,0,0,48,0,48,8,9,54,0,71,14,0,14,85
02/21/2022,SWF,NY,AEA,EN,Federal Contract Tower,5,12,11,0,28,0,3,54,0,57,5,15,65,0,85,18,0,18,103
02/22/2022,SWF,NY,AEA,EN,Federal Contract Tower,12,8,14,0,34,0,0,0,0,0,12,8,14,0,34,0,0,0,34
02/23/2022,SWF,NY,AEA,EN,Federal Contract Tower,10,7,18,8,43,0,7,39,2,48,10,14,57,10,91,14,8,22,113
02/24/2022,SWF,NY,AEA,EN,Federal Contract Tower,10,15,20,8,53,0,8,70,10,88,10,23,90,18,141,26,0,26,167
02/25/2022,SWF,NY,AEA,EN,Federal Contract Tower,8,6,9,0,23,0,0,3,0,3,8,6,12,0,26,0,0,0,26
02/26/2022,SWF,NY,AEA,EN,Federal Contract Tower,11,5,9,1,26,0,0,34,0,34,11,5,43,1,60,12,0,12,72
02/27/2022,SWF,NY,AEA,EN,Federal Contract Tower,6,10,20,0,36,0,2,31,0,33,6,12,51,0,69,28,0,28,97
02/28/2022,SWF,NY,AEA,EN,Federal Contract Tower,5,7,13,1,26,0,4,41,2,47,5,11,54,3,73,18,0,18,91
03/01/2022,SWF,NY,AEA,EN,Federal Contract Tower,10,2,11,13,36,0,4,35,13,52,10,6,46,26,88,0,16,16,104
03/02/2022,SWF,NY,AEA,EN,Federal Contract Tower,10,5,14,7,36,0,3,72,3,78,10,8,86,10,114,16,0,16,130
03/03/2022,SWF,NY,AEA,EN,Federal Contract Tower,14,11,9,6,40,0,4,35,5,44,14,15,44,11,84,10,20,30,114
03/04/2022,SWF,NY,AEA,EN,Federal Contract Tower,10,4,15,0,29,0,4,27,4,35,10,8,42,4,64,4,16,20,84
03/05/2022,SWF,NY,AEA,EN,Federal Contract Tower,10,1,14,6,31,0,4,42,0,46,10,5,56,6,77,4,6,10,87
03/06/2022,SWF,NY,AEA,EN,Federal Contract Tower,9,3,13,2,27,0,0,0,0,0,9,3,13,2,27,0,4,4,31
03/07/2022,SWF,NY,AEA,EN,Federal Contract Tower,8,5,14,0,27,0,0,6,0,6,8,5,20,0,33,2,0,2,35
03/08/2022,SWF,NY,AEA,EN,Federal Contract Tower,10,9,13,2,34,0,0,28,2,30,10,9,41,4,64,12,2,14,78
03/09/2022,SWF,NY,AEA,EN,Federal Contract Tower,10,2,9,0,21,0,0,0,0,0,10,2,9,0,21,0,0,0,21
03/10/2022,SWF,NY,AEA,EN,Federal Contract Tower,12,11,14,13,50,0,2,79,13,94,12,13,93,26,144,80,6,86,230
03/11/2022,SWF,NY,AEA,EN,Federal Contract Tower,8,10,10,4,32,0,2,66,2,70,8,12,76,6,102,36,0,36,138
03/12/2022,SWF,NY,AEA,EN,Federal Contract Tower,7,2,4,0,13,0,0,0,0,0,7,2,4,0,13,0,0,0,13
03/13/2022,SWF,NY,AEA,EN,Federal Contract Tower,7,16,11,0,34,0,0,15,0,15,7,16,26,0,49,4,0,4,53
03/14/2022,SWF,NY,AEA,EN,Federal Contract Tower,5,2,20,1,28,0,0,32,0,32,5,2,52,1,60,26,0,26,86
03/15/2022,SWF,NY,AEA,EN,Federal Contract Tower,11,8,10,5,34,0,4,47,8,59,11,12,57,13,93,28,2,30,123
03/16/2022,SWF,NY,AEA,EN,Federal Contract Tower,8,7,16,8,39,0,6,71,17,94,8,13,87,25,133,36,4,40,173
03/17/2022,SWF,NY,AEA,EN,Federal Contract Tower,12,9,12,3,36,0,0,0,0,0,12,9,12,3,36,0,0,0,36
03/18/2022,SWF,NY,AEA,EN,Federal Contract Tower,8,3,16,0,27,0,1,39,2,42,8,4,55,2,69,24,0,24,93
03/19/2022,SWF,NY,AEA,EN,Federal Contract Tower,9,4,13,0,26,0,0,0,0,0,9,4,13,0,26,0,0,0,26
03/20/2022,SWF,NY,AEA,EN,Federal Contract Tower,8,8,22,1,39,0,0,41,0,41,8,8,63,1,80,44,0,44,124
03/21/2022,SWF,NY,AEA,EN,Federal Contract Tower,5,2,12,3,22,0,0,19,4,23,5,2,31,7,45,8,12,20,65
03/22/2022,SWF,NY,AEA,EN,Federal Contract Tower,10,7,8,8,33,0,3,34,11,48,10,10,42,19,81,6,28,34,115
03/23/2022,SWF,NY,AEA,EN,Federal Contract Tower,8,3,20,14,45,0,5,50,11,66,8,8,70,25,111,58,10,68,179
03/24/2022,SWF,NY,AEA,EN,Federal Contract Tower,10,8,16,5,39,0,0,0,0,0,10,8,16,5,39,0,0,0,39
03/25/2022,SWF,NY,AEA,EN,Federal Contract Tower,12,1,35,3,51,0,4,54,9,67,12,5,89,12,118,22,0,22,140
03/26/2022,SWF,NY,AEA,EN,Federal Contract Tower,6,1,8,0,15,0,3,15,4,22,6,4,23,4,37,54,0,54,91
03/27/2022,SWF,NY,AEA,EN,Federal Contract Tower,8,16,24,0,48,0,0,17,8,25,8,16,41,8,73,58,0,58,131
03/28/2022,SWF,NY,AEA,EN,Federal Contract Tower,5,4,16,5,30,0,0,15,4,19,5,4,31,9,49,16,10,26,75
03/29/2022,SWF,NY,AEA,EN,Federal Contract Tower,12,0,18,3,33,0,5,19,6,30,12,5,37,9,63,0,18,18,81
03/30/2022,SWF,NY,AEA,EN,Federal Contract Tower,5,2,22,5,34,0,5,73,10,88,5,7,95,15,122,38,4,42,164
03/31/2022,SWF,NY,AEA,EN,Federal Contract Tower,11,8,21,3,43,0,0,0,0,0,11,8,21,3,43,0,0,0,43
04/01/2022,SWF,NY,AEA,EN,Federal Contract Tower,12,3,13,3,31,0,1,0,0,1,12,4,13,3,32,0,0,0,32
04/02/2022,SWF,NY,AEA,EN,Federal Contract Tower,5,12,12,0,29,0,0,33,0,33,5,12,45,0,62,82,0,82,144
04/03/2022,SWF,NY,AEA,EN,Federal Contract Tower,14,11,9,6,40,0,4,35,5,44,14,15,44,11,84,10,29,39,123
04/04/2022,SWF,NY,AEA,EN,Federal Contract Tower,5,6,21,0,32,0,3,88,4,95,5,9,109,4,127,32,0,32,159
04/05/2022,SWF,NY,AEA,EN,Federal Contract Tower,13,11,15,2,41,0,5,50,10,65,13,16,65,12,106,22,0,22,128
04/06/2022,SWF,NY,AEA,EN,Federal Contract Tower,9,7,12,5,33,0,0,1,0,1,9,7,13,5,34,18,0,18,52
04/07/2022,SWF,NY,AEA,EN,Federal Contract Tower,8,5,14,0,27,0,0,6,0,6,8,5,20,0,33,2,0,2,35
04/08/2022,SWF,NY,AEA,EN,Federal Contract Tower,10,13,13,4,40,0,0,46,3,49,10,13,59,7,89,14,8,22,111
04/09/2022,SWF,NY,AEA,EN,Federal Contract Tower,6,5,23,6,40,0,0,7,0,7,6,5,30,6,47,2,0,2,49
04/10/2022,SWF,NY,AEA,EN,Federal Contract Tower,12,11,14,13,50,0,2,79,13,94,12,13,93,26,144,80,6,86,230
04/11/2022,SWF,NY,AEA,EN,Federal Contract Tower,7,3,27,3,40,0,0,85,3,88,7,3,112,6,128,34,0,34,162
04/12/2022,SWF,NY,AEA,EN,Federal Contract Tower,12,8,20,11,51,0,0,41,6,47,12,8,61,17,98,52,20,72,170
04/13/2022,SWF,NY,AEA,EN,Federal Contract Tower,9,6,14,10,39,0,0,55,17,72,9,6,69,27,111,0,32,32,143
04/14/2022,SWF,NY,AEA,EN,Federal Contract Tower,12,2,11,7,32,0,1,38,0,39,12,3,49,7,71,4,10,14,85
04/15/2022,SWF,NY,AEA,EN,Federal Contract Tower,12,7,12,4,35,0,0,55,0,55,12,7,67,4,90,32,0,32,122
04/16/2022,SWF,NY,AEA,EN,Federal Contract Tower,9,1,10,0,20,0,0,8,2,10,9,1,18,2,30,210,0,210,240
04/17/2022,SWF,NY,AEA,EN,Federal Contract Tower,12,9,12,3,36,0,0,0,0,0,12,9,12,3,36,0,0,0,36
04/18/2022,SWF,NY,AEA,EN,Federal Contract Tower,7,1,20,0,28,0,16,32,2,50,7,17,52,2,78,0,0,0,78
04/19/2022,SWF,NY,AEA,EN,Federal Contract Tower,9,8,12,11,40,0,0,2,4,6,9,8,14,15,46,0,36,36,82
04/20/2022,SWF,NY,AEA,EN,Federal Contract Tower,10,8,10,7,35,0,2,42,4,48,10,10,52,11,83,10,0,10,93
04/21/2022,SWF,NY,AEA,EN,Federal Contract Tower,12,6,13,8,39,0,0,41,0,41,12,6,54,8,80,6,22,28,108
04/22/2022,SWF,NY,AEA,EN,Federal Contract Tower,12,10,13,1,36,0,0,25,0,25,12,10,38,1,61,0,0,0,61
04/23/2022,SWF,NY,AEA,EN,Federal Contract Tower,6,0,12,8,26,0,3,35,4,42,6,3,47,12,68,16,10,26,94
04/24/2022,SWF,NY,AEA,EN,Federal Contract Tower,9,13,10,0,32,0,2,90,3,95,9,15,100,3,127,40,0,40,167
04/25/2022,SWF,NY,AEA,EN,Federal Contract Tower,7,4,25,1,37,0,12,64,3,79,7,16,89,4,116,12,0,12,128
04/26/2022,SWF,NY,AEA,EN,Federal Contract Tower,11,3,34,4,52,0,10,2,1,13,11,13,36,5,65,0,4,4,69
04/27/2022,SWF,NY,AEA,EN,Federal Contract Tower,10,6,14,3,33,0,2,11,6,19,10,8,25,9,52,6,10,16,68
04/28/2022,SWF,NY,AEA,EN,Federal Contract Tower,11,4,14,11,40,0,2,10,5,17,11,6,24,16,57,0,16,16,73
04/29/2022,SWF,NY,AEA,EN,Federal Contract Tower,11,3,11,2,27,0,6,20,4,30,11,9,31,6,57,14,0,14,71
04/30/2022,SWF,NY,AEA,EN,Federal Contract Tower,5,9,10,4,28,0,0,10,4,14,5,9,20,8,42,8,4,12,54
05/01/2022,SWF,NY,AEA,EN,Federal Contract Tower,7,4,16,2,29,0,0,76,0,76,7,4,92,2,105,54,0,54,159
05/02/2022,SWF,NY,AEA,EN,Federal Contract Tower,5,3,8,0,16,0,2,1,0,3,5,5,9,0,19,2,0,2,21
05/03/2022,SWF,NY,AEA,EN,Federal Contract Tower,12,6,9,8,35,0,4,13,2,19,12,10,22,10,54,6,0,6,60
05/04/2022,SWF,NY,AEA,EN,Federal Contract Tower,10,6,18,4,38,0,0,0,0,0,10,6,18,4,38,0,30,30,68
05/05/2022,SWF,NY,AEA,EN,Federal Contract Tower,17,7,16,1,41,0,0,37,5,42,17,7,53,6,83,0,0,0,83
05/06/2022,SWF,NY,AEA,EN,Federal Contract Tower,10,4,23,5,42,0,0,2,0,2,10,4,25,5,44,0,0,0,44
05/07/2022,SWF,NY,AEA,EN,Federal Contract Tower,7,5,12,0,24,0,0,0,0,0,7,5,12,0,24,0,0,0,24
05/08/2022,SWF,NY,AEA,EN,Federal Contract Tower,6,6,6,1,19,0,0,13,0,13,6,6,19,1,32,8,0,8,40
05/09/2022,SWF,NY,AEA,EN,Federal Contract Tower,6,2,9,1,18,0,0,9,5,14,6,2,18,6,32,4,6,10,42
05/10/2022,SWF,NY,AEA,EN,Federal Contract Tower,12,6,8,2,28,0,0,19,7,26,12,6,27,9,54,0,14,14,68
05/11/2022,SWF,NY,AEA,EN,Federal Contract Tower,8,4,13,9,34,0,2,33,1,36,8,6,46,10,70,38,4,42,112
05/12/2022,SWF,NY,AEA,EN,Federal Contract Tower,10,7,23,2,42,0,1,38,6,45,10,8,61,8,87,14,10,24,111
05/13/2022,SWF,NY,AEA,EN,Federal Contract Tower,11,8,14,6,39,0,1,24,1,26,11,9,38,7,65,6,18,24,89
05/14/2022,SWF,NY,AEA,EN,Federal Contract Tower,7,13,9,0,29,0,0,4,0,4,7,13,13,0,33,0,0,0,33
05/15/2022,SWF,NY,AEA,EN,Federal Contract Tower,6,6,21,3,36,0,0,49,12,61,6,6,70,15,97,0,20,20,117
05/16/2022,SWF,NY,AEA,EN,Federal Contract Tower,5,4,13,2,24,0,3,6,0,9,5,7,19,2,33,0,0,0,33
05/17/2022,SWF,NY,AEA,EN,Federal Contract Tower,11,4,15,2,32,0,2,15,1,18,11,6,30,3,50,4,0,4,54
05/18/2022,SWF,NY,AEA,EN,Federal Contract Tower,8,8,21,2,39,0,2,50,13,65,8,10,71,15,104,46,30,76,180
05/19/2022,SWF,NY,AEA,EN,Federal Contract Tower,14,6,29,15,64,0,0,0,0,0,14,6,29,15,64,0,0,0,64
05/20/2022,SWF,NY,AEA,EN,Federal Contract Tower,10,8,13,4,35,0,0,25,3,28,10,8,38,7,63,0,0,0,63
05/21/2022,SWF,NY,AEA,EN,Federal Contract Tower,5,15,26,3,49,0,3,77,0,80,5,18,103,3,129,26,0,26,155
05/22/2022,SWF,NY,AEA,EN,Federal Contract Tower,8,11,16,1,36,0,5,51,1,57,8,16,67,2,93,8,0,8,101
05/23/2022,SWF,NY,AEA,EN,Federal Contract Tower,7,9,7,2,25,0,6,64,4,74,7,15,71,6,99,24,0,24,123
05/24/2022,SWF,NY,AEA,EN,Federal Contract Tower,9,11,15,19,54,0,3,27,9,39,9,14,42,28,93,14,38,52,145
05/25/2022,SWF,NY,AEA,EN,Federal Contract Tower,10,9,24,3,46,0,3,61,9,73,10,12,85,12,119,16,6,22,141
05/26/2022,SWF,NY,AEA,EN,Federal Contract Tower,17,12,23,13,65,0,3,61,0,64,17,15,84,13,129,0,0,0,129
05/27/2022,SWF,NY,AEA,EN,Federal Contract Tower,9,16,12,3,40,0,3,0,0,3,9,19,12,3,43,0,0,0,43
05/28/2022,SWF,NY,AEA,EN,Federal Contract Tower,5,7,4,0,16,0,1,4,0,5,5,8,8,0,21,0,0,0,21
05/29/2022,SWF,NY,AEA,EN,Federal Contract Tower,11,3,8,0,22,0,0,52,0,52,11,3,60,0,74,4,0,4,78
05/30/2022,SWF,NY,AEA,EN,Federal Contract Tower,4,8,11,0,23,0,3,63,0,66,4,11,74,0,89,20,0,20,109
05/31/2022,SWF,NY,AEA,EN,Federal Contract Tower,9,9,17,3,38,0,6,82,8,96,9,15,99,11,134,2,0,2,136
06/01/2022,SWF,NY,AEA,EN,Federal Contract Tower,10,9,13,5,37,0,1,9,0,10,10,10,22,5,47,12,0,12,59
06/02/2022,SWF,NY,AEA,EN,Federal Contract Tower,15,12,10,9,46,0,1,11,5,17,15,13,21,14,63,0,8,8,71
06/03/2022,SWF,NY,AEA,EN,Federal Contract Tower,13,5,11,3,32,0,3,29,0,32,13,8,40,3,64,20,0,20,84
06/04/2022,SWF,NY,AEA,EN,Federal Contract Tower,7,9,4,4,24,0,5,46,0,51,7,14,50,4,75,6,0,6,81
06/05/2022,SWF,NY,AEA,EN,Federal Contract Tower,10,5,16,2,33,0,3,54,8,65,10,8,70,10,98,0,26,26,124
06/06/2022,SWF,NY,AEA,EN,Federal Contract Tower,7,3,9,4,23,0,0,54,0,54,7,3,63,4,77,4,0,4,81
06/07/2022,SWF,NY,AEA,EN,Federal Contract Tower,11,9,10,2,32,0,0,24,0,24,11,9,34,2,56,12,2,14,70
06/08/2022,SWF,NY,AEA,EN,Federal Contract Tower,4,13,13,7,37,0,0,33,4,37,4,13,46,11,74,28,12,40,114
06/09/2022,SWF,NY,AEA,EN,Federal Contract Tower,17,13,19,8,57,0,2,32,36,70,17,15,51,44,127,20,26,46,173
06/10/2022,SWF,NY,AEA,EN,Federal Contract Tower,18,4,18,4,44,0,0,58,4,62,18,4,76,8,106,2,0,2,108
06/11/2022,SWF,NY,AEA,EN,Federal Contract Tower,10,5,10,0,25,0,3,64,2,69,10,8,74,2,94,20,0,20,114
06/12/2022,SWF,NY,AEA,EN,Federal Contract Tower,3,18,16,10,47,0,0,3,0,3,3,18,19,10,50,0,0,0,50
06/13/2022,SWF,NY,AEA,EN,Federal Contract Tower,13,9,21,5,48,0,0,50,2,52,13,9,71,7,100,20,20,40,140
06/14/2022,SWF,NY,AEA,EN,Federal Contract Tower,12,13,8,4,37,0,0,64,26,90,12,13,72,30,127,14,10,24,151
06/15/2022,SWF,NY,AEA,EN,Federal Contract Tower,14,11,12,4,41,0,0,0,0,0,14,11,12,4,41,60,8,68,109
06/16/2022,SWF,NY,AEA,EN,Federal Contract Tower,15,6,22,5,48,0,0,22,2,24,15,6,44,7,72,8,0,8,80
06/17/2022,SWF,NY,AEA,EN,Federal Contract Tower,16,12,21,11,60,0,0,52,48,100,16,12,73,59,160,0,8,8,168
06/18/2022,SWF,NY,AEA,EN,Federal Contract Tower,10,6,15,0,31,0,0,20,12,32,10,6,35,12,63,16,0,16,79
06/19/2022,SWF,NY,AEA,EN,Federal Contract Tower,7,9,11,1,28,0,0,10,1,11,7,9,21,2,39,2,0,2,41
06/20/2022,SWF,NY,AEA,EN,Federal Contract Tower,13,7,10,2,32,0,1,62,4,67,13,8,72,6,99,46,0,46,145
06/21/2022,SWF,NY,AEA,EN,Federal Contract Tower,10,12,19,4,45,0,0,44,0,44,10,12,63,4,89,52,0,52,141
06/22/2022,SWF,NY,AEA,EN,Federal Contract Tower,18,6,14,12,50,0,1,0,0,1,18,7,14,12,51,0,0,0,51
06/23/2022,SWF,NY,AEA,EN,Federal Contract Tower,15,20,17,4,56,0,2,19,17,38,15,22,36,21,94,14,0,14,108
06/24/2022,SWF,NY,AEA,EN,Federal Contract Tower,19,12,15,1,47,0,3,62,32,97,19,15,77,33,144,26,0,26,170
06/25/2022,SWF,NY,AEA,EN,Federal Contract Tower,9,7,15,0,31,0,1,47,12,60,9,8,62,12,91,6,0,6,97
06/26/2022,SWF,NY,AEA,EN,Federal Contract Tower,8,5,18,0,31,0,0,26,0,26,8,5,44,0,57,0,0,0,57
06/27/2022,SWF,NY,AEA,EN,Federal Contract Tower,11,6,11,3,31,0,3,23,8,34,11,9,34,11,65,30,0,30,95
06/28/2022,SWF,NY,AEA,EN,Federal Contract Tower,14,11,19,6,50,0,1,60,4,65,14,12,79,10,115,28,14,42,157
06/29/2022,SWF,NY,AEA,EN,Federal Contract Tower,15,3,17,4,39,0,2,76,2,80,15,5,93,6,119,0,22,22,141
06/30/2022,SWF,NY,AEA,EN,Federal Contract Tower,14,6,13,4,37,0,10,65,7,82,14,16,78,11,119,22,20,42,161
07/01/2022,SWF,NY,AEA,EN,Federal Contract Tower,18,10,16,0,44,0,0,54,6,60,18,10,70,6,104,24,0,24,128
07/02/2022,SWF,NY,AEA,EN,Federal Contract Tower,10,6,9,0,25,0,0,10,2,12,10,6,19,2,37,0,0,0,37
07/03/2022,SWF,NY,AEA,EN,Federal Contract Tower,8,9,13,0,30,0,0,32,3,35,8,9,45,3,65,6,0,6,71
07/04/2022,SWF,NY,AEA,EN,Federal Contract Tower,13,3,13,1,30,0,0,33,0,33,13,3,46,1,63,12,0,12,75
07/05/2022,SWF,NY,AEA,EN,Federal Contract Tower,11,5,15,6,37,0,0,24,2,26,11,5,39,8,63,4,20,24,87
07/06/2022,SWF,NY,AEA,EN,Federal Contract Tower,16,3,7,3,29,0,0,27,8,35,16,3,34,11,64,16,0,16,80
07/07/2022,SWF,NY,AEA,EN,Federal Contract Tower,14,19,14,5,52,0,1,60,8,69,14,20,74,13,121,18,0,18,139
07/08/2022,SWF,NY,AEA,EN,Federal Contract Tower,21,4,21,6,52,0,1,70,4,75,21,5,91,10,127,28,0,28,155
07/09/2022,SWF,NY,AEA,EN,Federal Contract Tower,11,9,13,0,33,0,0,13,1,14,11,9,26,1,47,4,0,4,51
07/10/2022,SWF,NY,AEA,EN,Federal Contract Tower,9,7,14,1,31,0,0,45,0,45,9,7,59,1,76,26,0,26,102
07/11/2022,SWF,NY,AEA,EN,Federal Contract Tower,14,8,18,3,43,0,0,51,0,51,14,8,69,3,94,16,0,16,110
07/12/2022,SWF,NY,AEA,EN,Federal Contract Tower,15,12,18,4,49,0,0,33,2,35,15,12,51,6,84,16,20,36,120
07/13/2022,SWF,NY,AEA,EN,Federal Contract Tower,20,7,12,6,45,0,1,46,33,80,20,8,58,39,125,40,62,102,227
07/14/2022,SWF,NY,AEA,EN,Federal Contract Tower,16,20,15,4,55,0,2,61,15,78,16,22,76,19,133,16,0,16,149
07/15/2022,SWF,NY,AEA,EN,Federal Contract Tower,21,6,12,5,44,0,2,58,1,61,21,8,70,6,105,2,0,2,107
07/16/2022,SWF,NY,AEA,EN,Federal Contract Tower,10,13,12,0,35,0,0,40,0,40,10,13,52,0,75,8,0,8,83
07/17/2022,SWF,NY,AEA,EN,Federal Contract Tower,8,12,19,1,40,0,0,69,2,71,8,12,88,3,111,14,0,14,125
07/18/2022,SWF,NY,AEA,EN,Federal Contract Tower,22,8,4,1,35,0,0,0,0,0,22,8,4,1,35,0,0,0,35
07/19/2022,SWF,NY,AEA,EN,Federal Contract Tower,14,2,18,3,37,0,2,72,7,81,14,4,90,10,118,40,6,46,164
07/20/2022,SWF,NY,AEA,EN,Federal Contract Tower,17,3,18,8,46,0,6,81,33,120,17,9,99,41,166,38,32,70,236
07/21/2022,SWF,NY,AEA,EN,Federal Contract Tower,19,17,21,0,57,0,10,67,19,96,19,27,88,19,153,6,0,6,159
07/22/2022,SWF,NY,AEA,EN,Federal Contract Tower,19,10,15,4,48,0,6,38,13,57,19,16,53,17,105,34,0,34,139
07/23/2022,SWF,NY,AEA,EN,Federal Contract Tower,11,13,13,1,38,0,0,41,19,60,11,13,54,20,98,0,0,0,98
07/24/2022,SWF,NY,AEA,EN,Federal Contract Tower,8,18,11,0,37,0,0,35,16,51,8,18,46,16,88,18,0,18,106
07/25/2022,SWF,NY,AEA,EN,Federal Contract Tower,16,12,21,0,49,0,0,30,0,30,16,12,51,0,79,14,0,14,93
07/26/2022,SWF,NY,AEA,EN,Federal Contract Tower,12,13,20,3,48,0,12,78,24,114,12,25,98,27,162,14,20,34,196
07/27/2022,SWF,NY,AEA,EN,Federal Contract Tower,19,11,28,11,69,0,5,74,18,97,19,16,102,29,166,38,14,52,218
07/28/2022,SWF,NY,AEA,EN,Federal Contract Tower,15,17,20,1,53,0,4,54,8,66,15,21,74,9,119,16,0,16,135
07/29/2022,SWF,NY,AEA,EN,Federal Contract Tower,21,4,6,1,32,0,1,44,0,45,21,5,50,1,77,6,0,6,83
07/30/2022,SWF,NY,AEA,EN,Federal Contract Tower,11,14,18,2,45,0,0,57,2,59,11,14,75,4,104,14,0,14,118
07/31/2022,SWF,NY,AEA,EN,Federal Contract Tower,10,8,12,1,31,0,0,76,0,76,10,8,88,1,107,24,0,24,131
08/01/2022,SWF,NY,AEA,EN,Federal Contract Tower,13,5,30,1,49,0,0,41,0,41,13,5,71,1,90,20,0,20,110
08/02/2022,SWF,NY,AEA,EN,Federal Contract Tower,15,5,18,1,39,0,4,57,0,61,15,9,75,1,100,52,0,52,152
08/03/2022,SWF,NY,AEA,EN,Federal Contract Tower,18,11,15,4,48,0,1,70,10,81,18,12,85,14,129,22,8,30,159
08/04/2022,SWF,NY,AEA,EN,Federal Contract Tower,16,12,22,5,55,0,3,77,7,87,16,15,99,12,142,8,10,18,160
08/05/2022,SWF,NY,AEA,EN,Federal Contract Tower,20,13,24,3,60,0,2,69,2,73,20,15,93,5,133,0,2,2,135
08/06/2022,SWF,NY,AEA,EN,Federal Contract Tower,15,13,13,1,42,0,1,61,0,62,15,14,74,1,104,2,0,2,106
08/07/2022,SWF,NY,AEA,EN,Federal Contract Tower,9,10,18,2,39,0,0,44,0,44,9,10,62,2,83,22,0,22,105
08/08/2022,SWF,NY,AEA,EN,Federal Contract Tower,14,7,16,0,37,0,6,34,0,40,14,13,50,0,77,0,0,0,77
08/09/2022,SWF,NY,AEA,EN,Federal Contract Tower,15,5,19,6,45,0,1,43,7,51,15,6,62,13,96,0,24,24,120
08/10/2022,SWF,NY,AEA,EN,Federal Contract Tower,21,10,19,6,56,0,0,78,17,95,21,10,97,23,151,0,42,42,193
08/11/2022,SWF,NY,AEA,EN,Federal Contract Tower,17,13,15,5,50,0,8,56,6,70,17,21,71,11,120,6,2,8,128
08/12/2022,SWF,NY,AEA,EN,Federal Contract Tower,21,11,23,6,61,0,1,80,1,82,21,12,103,7,143,12,0,12,155
08/13/2022,SWF,NY,AEA,EN,Federal Contract Tower,8,8,25,1,42,0,0,55,0,55,8,8,80,1,97,34,0,34,131
08/14/2022,SWF,NY,AEA,EN,Federal Contract Tower,8,9,17,0,34,0,0,38,0,38,8,9,55,0,72,38,0,38,110
08/15/2022,SWF,NY,AEA,EN,Federal Contract Tower,13,16,17,0,46,0,2,55,0,57,13,18,72,0,103,8,0,8,111
08/16/2022,SWF,NY,AEA,EN,Federal Contract Tower,13,5,10,5,33,0,6,63,3,72,13,11,73,8,105,12,8,20,125
08/17/2022,SWF,NY,AEA,EN,Federal Contract Tower,12,10,28,4,54,0,6,102,7,115,12,16,130,11,169,40,40,80,249
08/18/2022,SWF,NY,AEA,EN,Federal Contract Tower,17,8,6,0,31,0,0,52,0,52,17,8,58,0,83,18,0,18,101
08/19/2022,SWF,NY,AEA,EN,Federal Contract Tower,22,4,10,4,40,0,0,41,0,41,22,4,51,4,81,20,0,20,101
08/20/2022,SWF,NY,AEA,EN,Federal Contract Tower,6,7,7,0,20,0,1,101,0,102,6,8,108,0,122,6,0,6,128
08/21/2022,SWF,NY,AEA,EN,Federal Contract Tower,7,10,19,1,37,0,2,61,0,63,7,12,80,1,100,74,0,74,174
08/22/2022,SWF,NY,AEA,EN,Federal Contract Tower,15,8,16,0,39,0,4,0,0,4,15,12,16,0,43,0,0,0,43
08/23/2022,SWF,NY,AEA,EN,Federal Contract Tower,11,4,16,21,52,0,4,13,21,38,11,8,29,42,90,14,36,50,140
08/24/2022,SWF,NY,AEA,EN,Federal Contract Tower,14,6,15,5,40,0,3,110,18,131,14,9,125,23,171,42,12,54,225
08/25/2022,SWF,NY,AEA,EN,Federal Contract Tower,13,6,13,4,36,0,3,70,8,81,13,9,83,12,117,38,0,38,155
08/26/2022,SWF,NY,AEA,EN,Federal Contract Tower,20,12,18,4,54,0,0,30,40,70,20,12,48,44,124,10,0,10,134
08/27/2022,SWF,NY,AEA,EN,Federal Contract Tower,6,5,7,0,18,0,4,43,14,61,6,9,50,14,79,0,10,10,89
08/28/2022,SWF,NY,AEA,EN,Federal Contract Tower,6,6,13,1,26,0,7,23,14,44,6,13,36,15,70,0,2,2,72
08/29/2022,SWF,NY,AEA,EN,Federal Contract Tower,14,9,24,10,57,0,9,52,5,66,14,18,76,15,123,12,10,22,145
08/30/2022,SWF,NY,AEA,EN,Federal Contract Tower,9,10,7,4,30,0,5,61,25,91,9,15,68,29,121,8,34,42,163
08/31/2022,SWF,NY,AEA,EN,Federal Contract Tower,13,7,15,18,53,0,7,67,16,90,13,14,82,34,143,12,74,86,229
09/01/2022,SWF,NY,AEA,EN,Federal Contract Tower,13,13,13,4,43,0,2,66,13,81,13,15,79,17,124,74,58,132,256
09/02/2022,SWF,NY,AEA,EN,Federal Contract Tower,23,19,23,1,66,0,4,64,18,86,23,23,87,19,152,22,90,112,264
09/03/2022,SWF,NY,AEA,EN,Federal Contract Tower,4,8,5,4,21,0,1,37,12,50,4,9,42,16,71,2,0,2,73
09/04/2022,SWF,NY,AEA,EN,Federal Contract Tower,10,4,11,0,25,0,2,25,3,30,10,6,36,3,55,6,0,6,61
09/05/2022,SWF,NY,AEA,EN,Federal Contract Tower,12,14,15,2,43,0,0,5,2,7,12,14,20,4,50,0,2,2,52
09/06/2022,SWF,NY,AEA,EN,Federal Contract Tower,6,1,9,1,17,0,0,0,0,0,6,1,9,1,17,0,0,0,17
09/07/2022,SWF,NY,AEA,EN,Federal Contract Tower,17,9,24,21,71,0,0,0,17,17,17,9,24,38,88,14,144,158,246
09/08/2022,SWF,NY,AEA,EN,Federal Contract Tower,13,11,16,9,49,0,4,15,21,40,13,15,31,30,89,12,194,206,295
09/09/2022,SWF,NY,AEA,EN,Federal Contract Tower,14,3,16,3,36,0,0,49,18,67,14,3,65,21,103,22,118,140,243
09/10/2022,SWF,NY,AEA,EN,Federal Contract Tower,8,2,8,3,21,0,1,38,8,47,8,3,46,11,68,18,0,18,86
09/11/2022,SWF,NY,AEA,EN,Federal Contract Tower,8,4,12,5,29,0,1,28,4,33,8,5,40,9,62,14,12,26,88
09/12/2022,SWF,NY,AEA,EN,Federal Contract Tower,8,6,14,4,32,0,0,21,9,30,8,6,35,13,62,0,54,54,116
09/13/2022,SWF,NY,AEA,EN,Federal Contract Tower,12,12,10,11,45,0,16,19,8,43,12,28,29,19,88,0,86,86,174
09/14/2022,SWF,NY,AEA,EN,Federal Contract Tower,18,4,10,11,43,0,3,56,12,71,18,7,66,23,114,68,114,182,296
09/15/2022,SWF,NY,AEA,EN,Federal Contract Tower,16,12,23,6,57,0,1,39,3,43,16,13,62,9,100,46,96,142,242
09/16/2022,SWF,NY,AEA,EN,Federal Contract Tower,19,9,19,4,51,0,5,45,8,58,19,14,64,12,109,24,0,24,133
09/17/2022,SWF,NY,AEA,EN,Federal Contract Tower,12,8,8,0,28,0,0,47,4,51,12,8,55,4,79,48,2,50,129
09/18/2022,SWF,NY,AEA,EN,Federal Contract Tower,18,3,14,4,39,0,8,59,7,74,18,11,73,11,113,58,0,58,171
09/19/2022,SWF,NY,AEA,EN,Federal Contract Tower,19,4,4,6,33,0,0,37,6,43,19,4,41,12,76,12,26,38,114
09/20/2022,SWF,NY,AEA,EN,Federal Contract Tower,13,12,25,3,53,0,9,68,21,98,13,21,93,24,151,98,80,178,329
09/21/2022,SWF,NY,AEA,EN,Federal Contract Tower,23,4,15,2,44,0,0,53,18,71,23,4,68,20,115,0,38,38,153
09/22/2022,SWF,NY,AEA,EN,Federal Contract Tower,20,8,19,3,50,0,0,0,4,4,20,8,19,7,54,0,40,40,94
09/23/2022,SWF,NY,AEA,EN,Federal Contract Tower,25,9,17,3,54,0,0,23,3,26,25,9,40,6,80,6,18,24,104
09/24/2022,SWF,NY,AEA,EN,Federal Contract Tower,14,2,9,0,25,0,0,50,0,50,14,2,59,0,75,56,0,56,131
09/25/2022,SWF,NY,AEA,EN,Federal Contract Tower,10,9,21,1,41,0,0,41,5,46,10,9,62,6,87,36,20,56,143
09/26/2022,SWF,NY,AEA,EN,Federal Contract Tower,8,7,6,3,24,0,4,40,4,48,8,11,46,7,72,6,18,24,96
09/27/2022,SWF,NY,AEA,EN,Federal Contract Tower,29,9,27,3,68,0,0,65,0,65,29,9,92,3,133,10,48,58,191
09/28/2022,SWF,NY,AEA,EN,Federal Contract Tower,12,7,20,3,42,0,4,31,2,37,12,11,51,5,79,12,0,12,91
09/29/2022,SWF,NY,AEA,EN,Federal Contract Tower,10,22,21,2,55,0,0,49,1,50,10,22,70,3,105,12,0,12,117
09/30/2022,SWF,NY,AEA,EN,Federal Contract Tower,13,17,10,2,42,0,0,39,0,39,13,17,49,2,81,58,0,58,139
10/01/2022,SWF,NY,AEA,EN,Federal Contract Tower,8,9,9,0,26,0,0,0,2,2,8,9,9,2,28,0,0,0,28
10/02/2022,SWF,NY,AEA,EN,Federal Contract Tower,6,17,19,2,44,0,0,2,1,3,6,17,21,3,47,6,0,6,53
10/03/2022,SWF,NY,AEA,EN,Federal Contract Tower,9,8,12,2,31,0,3,18,1,22,9,11,30,3,53,8,0,8,61
10/04/2022,SWF,NY,AEA,EN,Federal Contract Tower,8,7,8,7,30,0,0,0,0,0,8,7,8,7,30,0,0,0,30
10/05/2022,SWF,NY,AEA,EN,Federal Contract Tower,17,13,16,7,53,0,0,0,3,3,17,13,16,10,56,0,18,18,74
10/06/2022,SWF,NY,AEA,EN,Federal Contract Tower,14,7,17,2,40,0,0,15,4,19,14,7,32,6,59,0,24,24,83
10/07/2022,SWF,NY,AEA,EN,Federal Contract Tower,24,17,14,5,60,0,0,27,3,30,24,17,41,8,90,24,0,24,114
10/08/2022,SWF,NY,AEA,EN,Federal Contract Tower,12,8,8,0,28,0,2,27,0,29,12,10,35,0,57,16,0,16,73
10/09/2022,SWF,NY,AEA,EN,Federal Contract Tower,10,6,8,0,24,0,0,37,0,37,10,6,45,0,61,0,0,0,61
10/10/2022,SWF,NY,AEA,EN,Federal Contract Tower,11,15,18,0,44,0,0,39,0,39,11,15,57,0,83,6,0,6,89
10/11/2022,SWF,NY,AEA,EN,Federal Contract Tower,9,6,10,2,27,0,0,33,1,34,9,6,43,3,61,6,20,26,87
10/12/2022,SWF,NY,AEA,EN,Federal Contract Tower,14,16,15,7,52,0,0,42,3,45,14,16,57,10,97,20,0,20,117
10/13/2022,SWF,NY,AEA,EN,Federal Contract Tower,14,9,16,3,42,0,2,1,0,3,14,11,17,3,45,0,0,0,45
10/14/2022,SWF,NY,AEA,EN,Federal Contract Tower,21,17,23,1,62,0,1,61,2,64,21,18,84,3,126,22,0,22,148
10/15/2022,SWF,NY,AEA,EN,Federal Contract Tower,9,21,9,1,40,0,0,41,4,45,9,21,50,5,85,6,0,6,91
10/16/2022,SWF,NY,AEA,EN,Federal Contract Tower,6,4,15,0,25,0,0,56,0,56,6,4,71,0,81,14,0,14,95
10/17/2022,SWF,NY,AEA,EN,Federal Contract Tower,6,14,25,2,47,0,0,2,0,2,6,14,27,2,49,0,0,0,49
10/18/2022,SWF,NY,AEA,EN,Federal Contract Tower,9,5,19,2,35,0,1,10,0,11,9,6,29,2,46,10,0,10,56
10/19/2022,SWF,NY,AEA,EN,Federal Contract Tower,15,10,14,8,47,0,0,31,6,37,15,10,45,14,84,6,20,26,110
10/20/2022,SWF,NY,AEA,EN,Federal Contract Tower,14,12,14,6,46,0,0,56,8,64,14,12,70,14,110,4,0,4,114
10/21/2022,SWF,NY,AEA,EN,Federal Contract Tower,22,14,23,0,59,0,0,93,5,98,22,14,116,5,157,12,10,22,179
10/22/2022,SWF,NY,AEA,EN,Federal Contract Tower,9,2,17,2,30,0,2,79,2,83,9,4,96,4,113,5,0,5,118
10/23/2022,SWF,NY,AEA,EN,Federal Contract Tower,6,10,19,0,35,0,0,60,0,60,6,10,79,0,95,72,0,72,167
10/24/2022,SWF,NY,AEA,EN,Federal Contract Tower,11,11,3,5,30,0,0,0,0,0,11,11,3,5,30,0,0,0,30
10/25/2022,SWF,NY,AEA,EN,Federal Contract Tower,10,11,17,3,41,0,0,0,0,0,10,11,17,3,41,0,0,0,41
10/26/2022,SWF,NY,AEA,EN,Federal Contract Tower,14,10,21,6,51,0,0,9,8,17,14,10,30,14,68,0,10,10,78
10/27/2022,SWF,NY,AEA,EN,Federal Contract Tower,14,4,18,7,43,0,0,38,3,41,14,4,56,10,84,12,5,17,101
10/28/2022,SWF,NY,AEA,EN,Federal Contract Tower,17,4,7,2,30,0,2,65,8,75,17,6,72,10,105,16,0,16,121
10/30/2022,SWF,NY,AEA,EN,Federal Contract Tower,6,8,12,1,27,0,1,54,2,57,6,9,66,3,84,74,0,74,158
10/31/2022,SWF,NY,AEA,EN,Federal Contract Tower,9,6,11,2,28,0,0,28,0,28,9,6,39,2,56,0,10,10,66
11/01/2022,SWF,NY,AEA,EN,Federal Contract Tower,11,7,21,6,45,0,1,17,5,23,11,8,38,11,68,0,40,40,108
11/02/2022,SWF,NY,AEA,EN,Federal Contract Tower,17,4,18,3,42,0,1,46,10,57,17,5,64,13,99,8,10,18,117
11/03/2022,SWF,NY,AEA,EN,Federal Contract Tower,14,8,19,5,46,0,2,31,6,39,14,10,50,11,85,0,0,0,85
11/04/2022,SWF,NY,AEA,EN,Federal Contract Tower,16,6,10,7,39,0,0,65,1,66,16,6,75,8,105,12,0,12,117
11/05/2022,SWF,NY,AEA,EN,Federal Contract Tower,7,2,6,3,18,0,1,25,0,26,7,3,31,3,44,2,0,2,46
11/07/2022,SWF,NY,AEA,EN,Federal Contract Tower,4,10,15,5,34,0,2,29,10,41,4,12,44,15,75,4,0,4,79
11/08/2022,SWF,NY,AEA,EN,Federal Contract Tower,12,6,10,2,30,0,0,20,2,22,12,6,30,4,52,6,0,6,58
11/09/2022,SWF,NY,AEA,EN,Federal Contract Tower,10,10,17,6,43,0,0,45,17,62,10,10,62,23,105,54,40,94,199
11/10/2022,SWF,NY,AEA,EN,Federal Contract Tower,16,12,12,3,43,0,1,45,6,52,16,13,57,9,95,20,14,34,129
11/11/2022,SWF,NY,AEA,EN,Federal Contract Tower,14,3,12,2,31,0,0,7,0,7,14,3,19,2,38,4,0,4,42
11/12/2022,SWF,NY,AEA,EN,Federal Contract Tower,3,2,12,0,17,0,2,22,0,24,3,4,34,0,41,0,0,0,41
11/14/2022,SWF,NY,AEA,EN,Federal Contract Tower,6,4,7,1,18,0,0,38,0,38,6,4,45,1,56,4,0,4,60
11/16/2022,SWF,NY,AEA,EN,Federal Contract Tower,10,11,14,9,44,0,2,8,2,12,10,13,22,11,56,28,16,44,100
11/17/2022,SWF,NY,AEA,EN,Federal Contract Tower,13,9,16,13,51,0,0,32,17,49,13,9,48,30,100,52,30,82,182
11/18/2022,SWF,NY,AEA,EN,Federal Contract Tower,11,9,7,6,33,0,2,28,2,32,11,11,35,8,65,20,0,20,85
11/19/2022,SWF,NY,AEA,EN,Federal Contract Tower,9,5,8,0,22,0,4,62,9,75,9,9,70,9,97,6,0,6,103
11/20/2022,SWF,NY,AEA,EN,Federal Contract Tower,10,10,6,0,26,0,0,5,3,8,10,10,11,3,34,8,0,8,42
11/21/2022,SWF,NY,AEA,EN,Federal Contract Tower,7,3,13,6,29,0,0,16,0,16,7,3,29,6,45,4,0,4,49
11/22/2022,SWF,NY,AEA,EN,Federal Contract Tower,19,1,13,5,38,0,0,47,8,55,19,1,60,13,93,38,12,50,143
11/23/2022,SWF,NY,AEA,EN,Federal Contract Tower,14,9,9,1,33,0,0,50,0,50,14,9,59,1,83,44,0,44,127
11/24/2022,SWF,NY,AEA,EN,Federal Contract Tower,6,1,1,0,8,0,2,11,0,13,6,3,12,0,21,4,0,4,25
11/25/2022,SWF,NY,AEA,EN,Federal Contract Tower,10,5,1,0,16,0,1,5,0,6,10,6,6,0,22,0,0,0,22
11/26/2022,SWF,NY,AEA,EN,Federal Contract Tower,10,7,8,1,26,0,1,26,18,45,10,8,34,19,71,0,0,0,71
11/27/2022,SWF,NY,AEA,EN,Federal Contract Tower,5,21,13,0,39,0,0,13,0,13,5,21,26,0,52,0,0,0,52
11/28/2022,SWF,NY,AEA,EN,Federal Contract Tower,8,14,20,1,43,0,4,20,0,24,8,18,40,1,67,12,0,12,79
11/29/2022,SWF,NY,AEA,EN,Federal Contract Tower,14,12,13,1,40,0,2,46,3,51,14,14,59,4,91,18,0,18,109
11/30/2022,SWF,NY,AEA,EN,Federal Contract Tower,10,5,10,0,25,0,0,0,0,0,10,5,10,0,25,0,0,0,25
12/01/2022,SWF,NY,AEA,EN,Federal Contract Tower,18,10,9,6,43,0,4,10,4,18,18,14,19,10,61,4,20,24,85
12/02/2022,SWF,NY,AEA,EN,Federal Contract Tower,10,6,16,11,43,0,6,74,10,90,10,12,90,21,133,34,0,34,167
12/03/2022,SWF,NY,AEA,EN,Federal Contract Tower,7,2,5,5,19,0,0,0,0,0,7,2,5,5,19,0,0,0,19
12/04/2022,SWF,NY,AEA,EN,Federal Contract Tower,10,11,13,7,41,0,0,69,10,79,10,11,82,17,120,32,72,104,224
12/05/2022,SWF,NY,AEA,EN,Federal Contract Tower,1,13,18,2,34,0,0,57,4,61,1,13,75,6,95,16,6,22,117
12/06/2022,SWF,NY,AEA,EN,Federal Contract Tower,11,9,5,13,38,0,0,0,0,0,11,9,5,13,38,0,0,0,38
12/07/2022,SWF,NY,AEA,EN,Federal Contract Tower,10,11,8,7,36,0,0,0,0,0,10,11,8,7,36,0,0,0,36
12/08/2022,SWF,NY,AEA,EN,Federal Contract Tower,20,7,10,7,44,0,8,62,11,81,20,15,72,18,125,10,16,26,151
12/09/2022,SWF,NY,AEA,EN,Federal Contract Tower,9,9,12,5,35,0,5,76,7,88,9,14,88,12,123,6,0,6,129
12/10/2022,SWF,NY,AEA,EN,Federal Contract Tower,7,2,10,0,19,0,3,44,0,47,7,5,54,0,66,2,0,2,68
12/11/2022,SWF,NY,AEA,EN,Federal Contract Tower,11,10,2,1,24,0,0,0,0,0,11,10,2,1,24,0,0,0,24
12/12/2022,SWF,NY,AEA,EN,Federal Contract Tower,2,9,3,2,16,0,1,14,8,23,2,10,17,10,39,0,0,0,39
12/13/2022,SWF,NY,AEA,EN,Federal Contract Tower,10,6,20,5,41,0,0,60,6,66,10,6,80,11,107,46,12,58,165
12/14/2022,SWF,NY,AEA,EN,Federal Contract Tower,12,7,9,7,35,0,4,58,5,67,12,11,67,12,102,18,16,34,136
12/15/2022,SWF,NY,AEA,EN,Federal Contract Tower,13,11,8,5,37,0,0,17,3,20,13,11,25,8,57,16,2,18,75
12/16/2022,SWF,NY,AEA,EN,Federal Contract Tower,16,7,9,3,35,0,0,0,0,0,16,7,9,3,35,0,0,0,35
12/17/2022,SWF,NY,AEA,EN,Federal Contract Tower,14,4,22,1,41,0,2,42,1,45,14,6,64,2,86,36,0,36,122
12/18/2022,SWF,NY,AEA,EN,Federal Contract Tower,6,11,13,0,30,0,0,34,2,36,6,11,47,2,66,16,12,28,94
12/19/2022,SWF,NY,AEA,EN,Federal Contract Tower,6,2,8,2,18,0,0,22,0,22,6,2,30,2,40,30,0,30,70
12/20/2022,SWF,NY,AEA,EN,Federal Contract Tower,14,9,7,5,35,0,2,45,8,55,14,11,52,13,90,10,4,14,104
12/21/2022,SWF,NY,AEA,EN,Federal Contract Tower,14,12,14,7,47,0,0,46,5,51,14,12,60,12,98,18,28,46,144
12/22/2022,SWF,NY,AEA,EN,Federal Contract Tower,19,8,7,1,35,0,1,10,0,11,19,9,17,1,46,0,0,0,46
12/23/2022,SWF,NY,AEA,EN,Federal Contract Tower,12,9,6,0,27,0,0,0,0,0,12,9,6,0,27,0,0,0,27
12/24/2022,SWF,NY,AEA,EN,Federal Contract Tower,7,9,5,0,21,0,0,0,0,0,7,9,5,0,21,0,0,0,21
12/26/2022,SWF,NY,AEA,EN,Federal Contract Tower,9,9,9,2,29,0,0,36,0,36,9,9,45,2,65,8,0,8,73
12/27/2022,SWF,NY,AEA,EN,Federal Contract Tower,17,12,8,0,37,0,0,47,2,49,17,12,55,2,86,26,0,26,112
12/28/2022,SWF,NY,AEA,EN,Federal Contract Tower,12,7,11,1,31,0,1,50,5,56,12,8,61,6,87,22,0,22,109
12/29/2022,SWF,NY,AEA,EN,Federal Contract Tower,19,8,20,3,50,0,0,51,0,51,19,8,71,3,101,2,6,8,109
12/30/2022,SWF,NY,AEA,EN,Federal Contract Tower,15,7,14,0,36,0,2,44,0,46,15,9,58,0,82,4,0,4,86
12/31/2022,SWF,NY,AEA,EN,Federal Contract Tower,6,29,6,0,41,0,0,0,0,0,6,29,6,0,41,0,0,0,41
01/01/2023,SWF,NY,AEA,EN,Federal Contract Tower,5,12,5,0,22,0,2,24,0,26,5,14,29,0,48,16,0,16,64
01/02/2023,SWF,NY,AEA,EN,Federal Contract Tower,6,13,9,3,31,0,2,33,0,35,6,15,42,3,66,32,0,32,98
01/03/2023,SWF,NY,AEA,EN,Federal Contract Tower,12,10,13,0,35,0,0,0,0,0,12,10,13,0,35,0,0,0,35
01/04/2023,SWF,NY,AEA,EN,Federal Contract Tower,12,16,15,7,50,0,0,13,0,13,12,16,28,7,63,26,0,26,89
01/05/2023,SWF,NY,AEA,EN,Federal Contract Tower,12,1,6,4,23,0,0,0,0,0,12,1,6,4,23,0,0,0,23
01/06/2023,SWF,NY,AEA,EN,Federal Contract Tower,16,8,5,0,29,0,0,13,0,13,16,8,18,0,42,2,0,2,44
01/07/2023,SWF,NY,AEA,EN,Federal Contract Tower,5,2,8,0,15,0,0,20,0,20,5,2,28,0,35,4,0,4,39
01/08/2023,SWF,NY,AEA,EN,Federal Contract Tower,6,5,10,3,24,0,0,39,0,39,6,5,49,3,63,50,2,52,115
01/09/2023,SWF,NY,AEA,EN,Federal Contract Tower,7,1,10,0,18,0,2,45,5,52,7,3,55,5,70,14,4,18,88
01/10/2023,SWF,NY,AEA,EN,Federal Contract Tower,9,5,10,1,25,0,2,43,4,49,9,7,53,5,74,26,8,34,108
01/11/2023,SWF,NY,AEA,EN,Federal Contract Tower,12,10,10,8,40,0,0,41,9,50,12,10,51,17,90,4,22,26,116
01/12/2023,SWF,NY,AEA,EN,Federal Contract Tower,10,3,11,4,28,0,0,0,0,0,10,3,11,4,28,0,0,0,28
01/13/2023,SWF,NY,AEA,EN,Federal Contract Tower,13,8,10,1,32,0,2,21,1,24,13,10,31,2,56,10,16,26,82
01/14/2023,SWF,NY,AEA,EN,Federal Contract Tower,3,5,5,0,13,1,2,0,0,3,4,7,5,0,16,0,0,0,16
01/15/2023,SWF,NY,AEA,EN,Federal Contract Tower,5,6,5,0,16,0,0,11,2,13,5,6,16,2,29,8,0,8,37
01/16/2023,SWF,NY,AEA,EN,Federal Contract Tower,7,7,13,0,27,0,2,38,0,40,7,9,51,0,67,60,0,60,127
01/17/2023,SWF,NY,AEA,EN,Federal Contract Tower,8,7,10,0,25,0,1,14,0,15,8,8,24,0,40,12,0,12,52
01/18/2023,SWF,NY,AEA,EN,Federal Contract Tower,11,7,4,2,24,0,0,6,2,8,11,7,10,4,32,22,0,22,54
01/19/2023,SWF,NY,AEA,EN,Federal Contract Tower,12,10,2,1,25,0,0,2,0,2,12,10,4,1,27,0,0,0,27
01/20/2023,SWF,NY,AEA,EN,Federal Contract Tower,14,10,7,2,33,0,0,8,0,8,14,10,15,2,41,6,0,6,47
01/21/2023,SWF,NY,AEA,EN,Federal Contract Tower,2,3,9,1,15,0,0,45,4,49,2,3,54,5,64,42,66,108,172
01/22/2023,SWF,NY,AEA,EN,Federal Contract Tower,4,4,12,0,20,0,0,26,0,26,4,4,38,0,46,78,0,78,124
01/23/2023,SWF,NY,AEA,EN,Federal Contract Tower,7,5,8,0,20,0,0,0,0,0,7,5,8,0,20,0,0,0,20
01/24/2023,SWF,NY,AEA,EN,Federal Contract Tower,10,9,15,4,38,0,2,48,5,55,10,11,63,9,93,60,0,60,153
01/25/2023,SWF,NY,AEA,EN,Federal Contract Tower,10,4,3,2,19,0,0,0,0,0,10,4,3,2,19,0,0,0,19
01/26/2023,SWF,NY,AEA,EN,Federal Contract Tower,12,6,20,6,44,0,2,4,6,12,12,8,24,12,56,0,30,30,86
01/27/2023,SWF,NY,AEA,EN,Federal Contract Tower,15,10,13,6,44,0,0,40,4,44,15,10,53,10,88,0,0,0,88
01/28/2023,SWF,NY,AEA,EN,Federal Contract Tower,2,1,7,2,12,0,0,53,0,53,2,1,60,2,65,38,0,38,103
01/29/2023,SWF,NY,AEA,EN,Federal Contract Tower,2,2,7,0,11,0,0,26,0,26,2,2,33,0,37,2,0,2,39
01/30/2023,SWF,NY,AEA,EN,Federal Contract Tower,6,0,11,6,23,0,1,47,6,54,6,1,58,12,77,12,12,24,101
01/31/2023,SWF,NY,AEA,EN,Federal Contract Tower,9,2,16,11,38,0,2,55,4,61,9,4,71,15,99,24,22,46,145
02/01/2023,SWF,NY,AEA,EN,Federal Contract Tower,10,4,9,14,37,0,5,56,22,83,10,9,65,36,120,10,74,84,204
02/02/2023,SWF,NY,AEA,EN,Federal Contract Tower,12,8,11,3,34,0,1,35,7,43,12,9,46,10,77,20,0,20,97
02/03/2023,SWF,NY,AEA,EN,Federal Contract Tower,12,6,9,3,30,0,0,1,2,3,12,6,10,5,33,0,0,0,33
02/04/2023,SWF,NY,AEA,EN,Federal Contract Tower,5,2,11,3,21,0,0,7,0,7,5,2,18,3,28,0,0,0,28
02/05/2023,SWF,NY,AEA,EN,Federal Contract Tower,4,2,9,6,21,0,0,26,2,28,4,2,35,8,49,4,8,12,61
02/06/2023,SWF,NY,AEA,EN,Federal Contract Tower,8,4,14,3,29,0,0,40,1,41,8,4,54,4,70,2,0,2,72
02/07/2023,SWF,NY,AEA,EN,Federal Contract Tower,9,7,12,0,28,0,2,57,1,60,9,9,69,1,88,10,24,34,122
02/08/2023,SWF,NY,AEA,EN,Federal Contract Tower,10,7,15,0,32,0,0,61,9,70,10,7,76,9,102,40,28,68,170
02/09/2023,SWF,NY,AEA,EN,Federal Contract Tower,12,10,9,4,35,0,0,28,0,28,12,10,37,4,63,0,14,14,77
02/11/2023,SWF,NY,AEA,EN,Federal Contract Tower,2,8,5,1,16,0,0,33,1,34,2,8,38,2,50,72,0,72,122
02/12/2023,SWF,NY,AEA,EN,Federal Contract Tower,4,6,6,0,16,0,0,68,0,68,4,6,74,0,84,38,0,38,122
02/13/2023,SWF,NY,AEA,EN,Federal Contract Tower,7,1,12,7,27,0,2,55,0,57,7,3,67,7,84,12,0,12,96
02/14/2023,SWF,NY,AEA,EN,Federal Contract Tower,9,6,16,5,36,0,3,58,3,64,9,9,74,8,100,16,8,24,124
02/15/2023,SWF,NY,AEA,EN,Federal Contract Tower,13,7,16,2,38,0,0,37,0,37,13,7,53,2,75,8,6,14,89
02/16/2023,SWF,NY,AEA,EN,Federal Contract Tower,17,9,8,3,37,0,0,19,0,19,17,9,27,3,56,20,20,40,96
02/17/2023,SWF,NY,AEA,EN,Federal Contract Tower,15,7,5,2,29,0,0,8,2,10,15,7,13,4,39,20,0,20,59
02/18/2023,SWF,NY,AEA,EN,Federal Contract Tower,7,1,9,0,17,0,2,61,0,63,7,3,70,0,80,50,0,50,130
02/20/2023,SWF,NY,AEA,EN,Federal Contract Tower,5,1,17,1,24,0,6,36,0,42,5,7,53,1,66,10,0,10,76
02/21/2023,SWF,NY,AEA,EN,Federal Contract Tower,10,5,14,1,30,0,0,1,0,1,10,5,15,1,31,0,0,0,31
02/22/2023,SWF,NY,AEA,EN,Federal Contract Tower,12,4,13,3,32,0,0,27,0,27,12,4,40,3,59,52,0,52,111
02/23/2023,SWF,NY,AEA,EN,Federal Contract Tower,14,2,14,6,36,0,0,0,0,0,14,2,14,6,36,0,0,0,36
02/24/2023,SWF,NY,AEA,EN,Federal Contract Tower,12,9,4,2,27,0,0,2,0,2,12,9,6,2,29,14,0,14,43
02/25/2023,SWF,NY,AEA,EN,Federal Contract Tower,5,1,7,0,13,0,0,1,0,1,5,1,8,0,14,6,0,6,20
02/26/2023,SWF,NY,AEA,EN,Federal Contract Tower,9,14,7,0,30,0,0,5,0,5,9,14,12,0,35,0,0,0,35
02/27/2023,SWF,NY,AEA,EN,Federal Contract Tower,7,9,9,2,27,0,0,36,1,37,7,9,45,3,64,0,0,0,64
02/28/2023,SWF,NY,AEA,EN,Federal Contract Tower,18,9,2,0,29,0,0,0,0,0,18,9,2,0,29,0,0,0,29
03/01/2023,SWF,NY,AEA,EN,Federal Contract Tower,14,6,14,4,38,0,3,38,11,52,14,9,52,15,90,14,76,90,180
03/02/2023,SWF,NY,AEA,EN,Federal Contract Tower,16,6,17,10,49,0,0,9,2,11,16,6,26,12,60,10,8,18,78
03/03/2023,SWF,NY,AEA,EN,Federal Contract Tower,12,8,9,4,33,0,0,20,0,20,12,8,29,4,53,38,2,40,93
03/05/2023,SWF,NY,AEA,EN,Federal Contract Tower,9,6,9,3,27,0,0,49,4,53,9,6,58,7,80,24,0,24,104
03/06/2023,SWF,NY,AEA,EN,Federal Contract Tower,5,8,10,0,23,0,0,50,4,54,5,8,60,4,77,0,8,8,85
03/07/2023,SWF,NY,AEA,EN,Federal Contract Tower,14,1,7,0,22,0,0,6,1,7,14,1,13,1,29,0,16,16,45
03/08/2023,SWF,NY,AEA,EN,Federal Contract Tower,13,3,6,3,25,0,0,10,2,12,13,3,16,5,37,0,14,14,51
03/09/2023,SWF,NY,AEA,EN,Federal Contract Tower,19,3,10,7,39,0,2,34,6,42,19,5,44,13,81,46,12,58,139
03/10/2023,SWF,NY,AEA,EN,Federal Contract Tower,13,8,13,3,37,0,0,42,0,42,13,8,55,3,79,0,0,0,79
03/11/2023,SWF,NY,AEA,EN,Federal Contract Tower,7,7,6,1,21,0,2,5,0,7,7,9,11,1,28,0,0,0,28
03/12/2023,SWF,NY,AEA,EN,Federal Contract Tower,11,3,20,2,36,0,0,91,0,91,11,3,111,2,127,66,0,66,193
03/13/2023,SWF,NY,AEA,EN,Federal Contract Tower,3,14,8,1,26,0,0,0,0,0,3,14,8,1,26,0,0,0,26
03/14/2023,SWF,NY,AEA,EN,Federal Contract Tower,13,6,5,1,25,0,0,0,0,0,13,6,5,1,25,0,0,0,25
03/15/2023,SWF,NY,AEA,EN,Federal Contract Tower,12,9,7,0,28,0,0,6,8,14,12,9,13,8,42,0,20,20,62
03/16/2023,SWF,NY,AEA,EN,Federal Contract Tower,17,9,18,2,46,0,3,63,14,80,17,12,81,16,126,28,0,28,154
03/17/2023,SWF,NY,AEA,EN,Federal Contract Tower,12,5,9,6,32,0,2,33,10,45,12,7,42,16,77,6,0,6,83
03/18/2023,SWF,NY,AEA,EN,Federal Contract Tower,7,6,2,0,15,0,1,50,0,51,7,7,52,0,66,90,0,90,156
03/19/2023,SWF,NY,AEA,EN,Federal Contract Tower,11,13,14,3,41,0,0,10,0,10,11,13,24,3,51,2,0,2,53
03/20/2023,SWF,NY,AEA,EN,Federal Contract Tower,5,4,12,1,22,0,1,49,5,55,5,5,61,6,77,4,0,4,81
03/21/2023,SWF,NY,AEA,EN,Federal Contract Tower,15,2,14,3,34,0,0,75,0,75,15,2,89,3,109,62,20,82,191
03/22/2023,SWF,NY,AEA,EN,Federal Contract Tower,13,0,11,6,30,0,0,60,8,68,13,0,71,14,98,42,18,60,158
03/23/2023,SWF,NY,AEA,EN,Federal Contract Tower,19,12,7,2,40,0,0,5,5,10,19,12,12,7,50,0,0,0,50
03/24/2023,SWF,NY,AEA,EN,Federal Contract Tower,12,5,10,8,35,0,2,57,2,61,12,7,67,10,96,14,2,16,112
03/25/2023,SWF,NY,AEA,EN,Federal Contract Tower,7,3,6,0,16,0,0,4,0,4,7,3,10,0,20,0,0,0,20
03/26/2023,SWF,NY,AEA,EN,Federal Contract Tower,8,5,13,3,29,0,0,6,0,6,8,5,19,3,35,6,0,6,41
03/27/2023,SWF,NY,AEA,EN,Federal Contract Tower,5,9,21,1,36,0,0,39,2,41,5,9,60,3,77,10,0,10,87
03/28/2023,SWF,NY,AEA,EN,Federal Contract Tower,15,6,15,7,43,0,0,14,4,18,15,6,29,11,61,6,14,20,81
03/29/2023,SWF,NY,AEA,EN,Federal Contract Tower,15,7,16,3,41,0,2,55,5,62,15,9,71,8,103,20,10,30,133
03/30/2023,SWF,NY,AEA,EN,Federal Contract Tower,18,8,14,4,44,0,1,27,14,42,18,9,41,18,86,28,40,68,154
03/31/2023,SWF,NY,AEA,EN,Federal Contract Tower,11,9,8,4,32,0,3,27,1,31,11,12,35,5,63,10,0,10,73
04/01/2023,SWF,NY,AEA,EN,Federal Contract Tower,9,16,5,3,33,0,1,4,0,5,9,17,9,3,38,2,0,2,40
04/02/2023,SWF,NY,AEA,EN,Federal Contract Tower,8,7,9,2,26,0,3,24,0,27,8,10,33,2,53,26,0,26,79
04/03/2023,SWF,NY,AEA,EN,Federal Contract Tower,5,7,11,1,24,0,0,8,2,10,5,7,19,3,34,8,0,8,42
04/04/2023,SWF,NY,AEA,EN,Federal Contract Tower,12,11,19,2,44,0,0,54,0,54,12,11,73,2,98,30,0,30,128
04/05/2023,SWF,NY,AEA,EN,Federal Contract Tower,13,8,18,9,48,0,2,8,0,10,13,10,26,9,58,0,0,0,58
04/06/2023,SWF,NY,AEA,EN,Federal Contract Tower,16,9,13,5,43,0,1,1,4,6,16,10,14,9,49,0,6,6,55
04/07/2023,SWF,NY,AEA,EN,Federal Contract Tower,12,9,14,3,38,0,1,38,2,41,12,10,52,5,79,0,0,0,79
04/09/2023,SWF,NY,AEA,EN,Federal Contract Tower,10,2,8,1,21,0,1,38,0,39,10,3,46,1,60,0,0,0,60
04/10/2023,SWF,NY,AEA,EN,Federal Contract Tower,5,11,24,9,49,0,1,39,2,42,5,12,63,11,91,20,24,44,135
04/11/2023,SWF,NY,AEA,EN,Federal Contract Tower,15,6,20,6,47,0,0,34,10,44,15,6,54,16,91,0,10,10,101
04/12/2023,SWF,NY,AEA,EN,Federal Contract Tower,12,7,11,9,39,0,4,19,3,26,12,11,30,12,65,14,18,32,97
04/13/2023,SWF,NY,AEA,EN,Federal Contract Tower,16,11,11,5,43,1,5,65,9,80,17,16,76,14,123,8,8,16,139
04/14/2023,SWF,NY,AEA,EN,Federal Contract Tower,12,4,12,3,31,0,19,145,17,181,12,23,157,20,212,348,0,348,560
04/15/2023,SWF,NY,AEA,EN,Federal Contract Tower,15,8,4,1,28,0,8,49,5,62,15,16,53,6,90,20,0,20,110
04/16/2023,SWF,NY,AEA,EN,Federal Contract Tower,10,7,8,1,26,0,0,4,1,5,10,7,12,2,31,24,0,24,55
04/17/2023,SWF,NY,AEA,EN,Federal Contract Tower,6,17,10,4,37,0,0,15,2,17,6,17,25,6,54,54,16,70,124
04/18/2023,SWF,NY,AEA,EN,Federal Contract Tower,12,9,7,7,35,0,2,7,2,11,12,11,14,9,46,2,10,12,58
04/19/2023,SWF,NY,AEA,EN,Federal Contract Tower,12,9,7,10,38,0,0,26,0,26,12,9,33,10,64,10,8,18,82
04/20/2023,SWF,NY,AEA,EN,Federal Contract Tower,14,10,10,4,38,0,0,50,3,53,14,10,60,7,91,6,10,16,107
04/21/2023,SWF,NY,AEA,EN,Federal Contract Tower,12,6,7,12,37,0,2,60,2,64,12,8,67,14,101,0,0,0,101
04/22/2023,SWF,NY,AEA,EN,Federal Contract Tower,7,5,6,0,18,0,0,0,1,1,7,5,6,1,19,0,0,0,19
04/23/2023,SWF,NY,AEA,EN,Federal Contract Tower,8,10,9,1,28,0,0,6,3,9,8,10,15,4,37,0,36,36,73
04/24/2023,SWF,NY,AEA,EN,Federal Contract Tower,8,7,9,0,24,0,2,22,0,24,8,9,31,0,48,4,0,4,52
04/25/2023,SWF,NY,AEA,EN,Federal Contract Tower,9,7,12,4,32,0,2,22,5,29,9,9,34,9,61,38,20,58,119
04/26/2023,SWF,NY,AEA,EN,Federal Contract Tower,9,5,9,4,27,0,1,46,6,53,9,6,55,10,80,8,18,26,106
04/27/2023,SWF,NY,AEA,EN,Federal Contract Tower,16,12,7,4,39,0,1,10,4,15,16,13,17,8,54,0,16,16,70
04/28/2023,SWF,NY,AEA,EN,Federal Contract Tower,11,11,13,11,46,0,0,42,5,47,11,11,55,16,93,26,4,30,123
04/29/2023,SWF,NY,AEA,EN,Federal Contract Tower,7,2,2,4,15,0,0,0,0,0,7,2,2,4,15,0,0,0,15
04/30/2023,SWF,NY,AEA,EN,Federal Contract Tower,7,17,13,0,37,0,0,0,0,0,7,17,13,0,37,0,0,0,37
05/01/2023,SWF,NY,AEA,EN,Federal Contract Tower,4,7,18,3,32,0,0,5,0,5,4,7,23,3,37,0,0,0,37
05/02/2023,SWF,NY,AEA,EN,Federal Contract Tower,10,7,17,3,37,0,2,17,0,19,10,9,34,3,56,12,0,12,68
05/03/2023,SWF,NY,AEA,EN,Federal Contract Tower,11,13,15,5,44,0,0,16,4,20,11,13,31,9,64,8,6,14,78
05/04/2023,SWF,NY,AEA,EN,Federal Contract Tower,16,13,14,5,48,0,0,8,2,10,16,13,22,7,58,0,0,0,58
05/05/2023,SWF,NY,AEA,EN,Federal Contract Tower,11,5,24,15,55,0,0,57,18,75,11,5,81,33,130,22,0,22,152
05/06/2023,SWF,NY,AEA,EN,Federal Contract Tower,8,4,7,2,21,0,2,46,4,52,8,6,53,6,73,22,0,22,95
05/07/2023,SWF,NY,AEA,EN,Federal Contract Tower,8,12,16,2,38,0,0,44,1,45,8,12,60,3,83,6,16,22,105
05/08/2023,SWF,NY,AEA,EN,Federal Contract Tower,5,4,11,1,21,0,0,31,4,35,5,4,42,5,56,14,0,14,70
05/09/2023,SWF,NY,AEA,EN,Federal Contract Tower,8,8,15,5,36,0,7,46,9,62,8,15,61,14,98,22,14,36,134
05/10/2023,SWF,NY,AEA,EN,Federal Contract Tower,14,12,14,10,50,0,3,42,10,55,14,15,56,20,105,10,54,64,169
05/11/2023,SWF,NY,AEA,EN,Federal Contract Tower,17,8,10,3,38,0,2,63,13,78,17,10,73,16,116,0,14,14,130
05/12/2023,SWF,NY,AEA,EN,Federal Contract Tower,13,0,15,3,31,0,4,45,6,55,13,4,60,9,86,0,0,0,86
05/13/2023,SWF,NY,AEA,EN,Federal Contract Tower,7,3,11,1,22,0,0,46,4,50,7,3,57,5,72,44,14,58,130
05/14/2023,SWF,NY,AEA,EN,Federal Contract Tower,9,5,14,0,28,0,0,29,0,29,9,5,43,0,57,12,0,12,69
05/15/2023,SWF,NY,AEA,EN,Federal Contract Tower,5,6,21,5,37,0,0,42,0,42,5,6,63,5,79,56,0,56,135
05/16/2023,SWF,NY,AEA,EN,Federal Contract Tower,9,7,10,5,31,0,2,31,2,35,9,9,41,7,66,14,0,14,80
05/17/2023,SWF,NY,AEA,EN,Federal Contract Tower,11,3,12,5,31,0,2,17,9,28,11,5,29,14,59,2,10,12,71
05/18/2023,SWF,NY,AEA,EN,Federal Contract Tower,14,9,16,8,47,0,0,71,10,81,14,9,87,18,128,20,78,98,226
05/19/2023,SWF,NY,AEA,EN,Federal Contract Tower,12,7,24,1,44,0,4,58,0,62,12,11,82,1,106,0,0,0,106
05/20/2023,SWF,NY,AEA,EN,Federal Contract Tower,7,6,16,0,29,0,0,0,0,0,7,6,16,0,29,0,0,0,29
05/21/2023,SWF,NY,AEA,EN,Federal Contract Tower,8,15,10,0,33,0,0,15,0,15,8,15,25,0,48,0,0,0,48
05/22/2023,SWF,NY,AEA,EN,Federal Contract Tower,5,5,11,3,24,0,0,15,2,17,5,5,26,5,41,4,0,4,45
05/23/2023,SWF,NY,AEA,EN,Federal Contract Tower,9,10,10,3,32,0,6,60,9,75,9,16,70,12,107,40,6,46,153
05/24/2023,SWF,NY,AEA,EN,Federal Contract Tower,10,9,16,9,44,0,2,49,11,62,10,11,65,20,106,8,16,24,130
05/25/2023,SWF,NY,AEA,EN,Federal Contract Tower,13,6,14,7,40,0,5,25,8,38,13,11,39,15,78,20,6,26,104
05/26/2023,SWF,NY,AEA,EN,Federal Contract Tower,12,8,7,4,31,0,1,42,1,44,12,9,49,5,75,0,0,0,75
05/27/2023,SWF,NY,AEA,EN,Federal Contract Tower,5,12,13,3,33,0,0,29,0,29,5,12,42,3,62,4,0,4,66
05/28/2023,SWF,NY,AEA,EN,Federal Contract Tower,7,13,12,0,32,0,1,42,4,47,7,14,54,4,79,6,0,6,85
05/29/2023,SWF,NY,AEA,EN,Federal Contract Tower,4,9,6,9,28,6,1,22,0,29,10,10,28,9,57,2,0,2,59
05/30/2023,SWF,NY,AEA,EN,Federal Contract Tower,5,5,14,8,32,0,2,51,11,64,5,7,65,19,96,24,20,44,140
05/31/2023,SWF,NY,AEA,EN,Federal Contract Tower,12,12,17,5,46,0,9,81,8,98,12,21,98,13,144,22,0,22,166
06/01/2023,SWF,NY,AEA,EN,Federal Contract Tower,14,4,8,3,29,0,0,35,10,45,14,4,43,13,74,0,0,0,74
06/02/2023,SWF,NY,AEA,EN,Federal Contract Tower,12,26,14,7,59,0,10,47,7,64,12,36,61,14,123,0,0,0,123
06/03/2023,SWF,NY,AEA,EN,Federal Contract Tower,5,5,13,3,26,0,2,13,2,17,5,7,26,5,43,0,0,0,43
06/04/2023,SWF,NY,AEA,EN,Federal Contract Tower,6,6,15,9,36,0,1,22,2,25,6,7,37,11,61,12,0,12,73
06/05/2023,SWF,NY,AEA,EN,Federal Contract Tower,5,4,6,8,23,0,2,32,1,35,5,6,38,9,58,2,0,2,60
06/06/2023,SWF,NY,AEA,EN,Federal Contract Tower,8,8,14,14,44,0,0,0,0,0,8,8,14,14,44,4,14,18,62
06/07/2023,SWF,NY,AEA,EN,Federal Contract Tower,12,10,20,29,71,0,1,7,2,10,12,11,27,31,81,0,0,0,81
06/08/2023,SWF,NY,AEA,EN,Federal Contract Tower,14,8,12,4,38,0,0,7,0,7,14,8,19,4,45,0,0,0,45
06/09/2023,SWF,NY,AEA,EN,Federal Contract Tower,11,10,14,0,35,0,0,14,2,16,11,10,28,2,51,6,0,6,57
06/10/2023,SWF,NY,AEA,EN,Federal Contract Tower,4,4,12,1,21,0,0,47,0,47,4,4,59,1,68,36,0,36,104
06/11/2023,SWF,NY,AEA,EN,Federal Contract Tower,6,6,8,3,23,0,0,23,0,23,6,6,31,3,46,4,0,4,50
06/12/2023,SWF,NY,AEA,EN,Federal Contract Tower,4,3,11,2,20,0,0,7,24,31,4,3,18,26,51,0,0,0,51
06/13/2023,SWF,NY,AEA,EN,Federal Contract Tower,9,10,23,2,44,0,4,72,3,79,9,14,95,5,123,28,12,40,163
06/14/2023,SWF,NY,AEA,EN,Federal Contract Tower,12,6,8,1,27,0,0,19,0,19,12,6,27,1,46,2,0,2,48
06/15/2023,SWF,NY,AEA,EN,Federal Contract Tower,13,16,33,12,74,0,3,81,7,91,13,19,114,19,165,44,0,44,209
06/16/2023,SWF,NY,AEA,EN,Federal Contract Tower,11,13,18,8,50,0,8,20,0,28,11,21,38,8,78,0,0,0,78
06/17/2023,SWF,NY,AEA,EN,Federal Contract Tower,5,8,11,0,24,0,0,22,0,22,5,8,33,0,46,12,0,12,58
06/18/2023,SWF,NY,AEA,EN,Federal Contract Tower,1,9,10,0,20,0,0,32,4,36,1,9,42,4,56,48,0,48,104
06/19/2023,SWF,NY,AEA,EN,Federal Contract Tower,6,4,21,2,33,0,5,64,2,71,6,9,85,4,104,62,0,62,166
06/20/2023,SWF,NY,AEA,EN,Federal Contract Tower,8,5,18,6,37,0,0,62,10,72,8,5,80,16,109,60,0,60,169
06/21/2023,SWF,NY,AEA,EN,Federal Contract Tower,17,14,11,18,60,0,3,102,17,122,17,17,113,35,182,14,4,18,200
06/22/2023,SWF,NY,AEA,EN,Federal Contract Tower,11,13,18,0,42,0,0,23,4,27,11,13,41,4,69,4,34,38,107
06/23/2023,SWF,NY,AEA,EN,Federal Contract Tower,11,18,29,7,65,0,12,0,0,12,11,30,29,7,77,0,0,0,77
06/24/2023,SWF,NY,AEA,EN,Federal Contract Tower,9,10,8,9,36,0,0,2,7,9,9,10,10,16,45,0,0,0,45
06/25/2023,SWF,NY,AEA,EN,Federal Contract Tower,9,11,15,12,47,0,0,3,12,15,9,11,18,24,62,0,0,0,62
06/26/2023,SWF,NY,AEA,EN,Federal Contract Tower,9,8,11,4,32,0,0,0,1,1,9,8,11,5,33,0,0,0,33
06/27/2023,SWF,NY,AEA,EN,Federal Contract Tower,12,11,22,0,45,0,0,0,0,0,12,11,22,0,45,0,0,0,45
06/28/2023,SWF,NY,AEA,EN,Federal Contract Tower,13,12,18,6,49,0,3,19,5,27,13,15,37,11,76,0,32,32,108
06/29/2023,SWF,NY,AEA,EN,Federal Contract Tower,12,11,11,5,39,0,0,51,0,51,12,11,62,5,90,32,16,48,138
06/30/2023,SWF,NY,AEA,EN,Federal Contract Tower,4,12,10,4,30,0,0,25,0,25,4,12,35,4,55,0,0,0,55
07/01/2023,SWF,NY,AEA,EN,Federal Contract Tower,9,10,12,0,31,0,0,7,2,9,9,10,19,2,40,0,0,0,40
07/02/2023,SWF,NY,AEA,EN,Federal Contract Tower,7,12,13,0,32,0,0,0,0,0,7,12,13,0,32,0,0,0,32
07/03/2023,SWF,NY,AEA,EN,Federal Contract Tower,8,5,12,0,25,0,3,9,0,12,8,8,21,0,37,10,0,10,47
07/04/2023,SWF,NY,AEA,EN,Federal Contract Tower,2,11,4,1,18,0,1,4,0,5,2,12,8,1,23,0,0,0,23
07/05/2023,SWF,NY,AEA,EN,Federal Contract Tower,17,8,18,2,45,0,2,56,0,58,17,10,74,2,103,0,0,0,103
07/06/2023,SWF,NY,AEA,EN,Federal Contract Tower,11,12,8,4,35,0,7,35,0,42,11,19,43,4,77,0,0,0,77
07/07/2023,SWF,NY,AEA,EN,Federal Contract Tower,14,15,14,2,45,0,1,27,6,34,14,16,41,8,79,0,0,0,79
07/08/2023,SWF,NY,AEA,EN,Federal Contract Tower,6,8,8,0,22,0,0,26,2,28,6,8,34,2,50,32,0,32,82
07/09/2023,SWF,NY,AEA,EN,Federal Contract Tower,6,11,12,0,29,0,0,2,0,2,6,11,14,0,31,0,0,0,31
07/10/2023,SWF,NY,AEA,EN,Federal Contract Tower,6,20,14,0,40,0,11,24,2,37,6,31,38,2,77,0,0,0,77
07/11/2023,SWF,NY,AEA,EN,Federal Contract Tower,10,5,7,3,25,0,2,57,4,63,10,7,64,7,88,36,0,36,124
07/12/2023,SWF,NY,AEA,EN,Federal Contract Tower,13,11,19,3,46,0,6,214,3,223,13,17,233,6,269,42,0,42,311
07/13/2023,SWF,NY,AEA,EN,Federal Contract Tower,12,11,23,4,50,0,2,70,2,74,12,13,93,6,124,10,20,30,154
07/14/2023,SWF,NY,AEA,EN,Federal Contract Tower,10,10,17,2,39,0,0,10,0,10,10,10,27,2,49,0,0,0,49
07/15/2023,SWF,NY,AEA,EN,Federal Contract Tower,8,9,7,1,25,0,4,45,2,51,8,13,52,3,76,8,0,8,84
07/16/2023,SWF,NY,AEA,EN,Federal Contract Tower,4,7,10,0,21,0,0,2,0,2,4,7,12,0,23,0,0,0,23
07/17/2023,SWF,NY,AEA,EN,Federal Contract Tower,8,15,22,1,46,0,1,37,13,51,8,16,59,14,97,6,6,12,109
07/18/2023,SWF,NY,AEA,EN,Federal Contract Tower,9,9,18,0,36,0,7,41,4,52,9,16,59,4,88,8,20,28,116
07/19/2023,SWF,NY,AEA,EN,Federal Contract Tower,12,14,16,11,53,0,6,117,16,139,12,20,133,27,192,22,18,40,232
07/20/2023,SWF,NY,AEA,EN,Federal Contract Tower,13,22,18,7,60,0,0,78,24,102,13,22,96,31,162,0,34,34,196
07/21/2023,SWF,NY,AEA,EN,Federal Contract Tower,12,9,26,0,47,0,0,0,0,0,12,9,26,0,47,0,0,0,47
07/22/2023,SWF,NY,AEA,EN,Federal Contract Tower,9,16,8,1,34,0,2,44,19,65,9,18,52,20,99,0,2,2,101
07/23/2023,SWF,NY,AEA,EN,Federal Contract Tower,4,18,24,2,48,0,2,50,19,71,4,20,74,21,119,0,0,0,119
07/24/2023,SWF,NY,AEA,EN,Federal Contract Tower,7,15,21,5,48,0,6,37,30,73,7,21,58,35,121,0,32,32,153
07/25/2023,SWF,NY,AEA,EN,Federal Contract Tower,10,4,7,2,23,0,3,52,16,71,10,7,59,18,94,12,24,36,130
07/26/2023,SWF,NY,AEA,EN,Federal Contract Tower,16,11,21,8,56,0,3,69,8,80,16,14,90,16,136,10,16,26,162
07/27/2023,SWF,NY,AEA,EN,Federal Contract Tower,13,14,32,6,65,0,0,42,12,54,13,14,74,18,119,2,18,20,139
07/28/2023,SWF,NY,AEA,EN,Federal Contract Tower,12,9,12,1,34,0,2,69,9,80,12,11,81,10,114,30,0,30,144
07/29/2023,SWF,NY,AEA,EN,Federal Contract Tower,10,8,10,0,28,0,1,23,0,24,10,9,33,0,52,32,0,32,84
07/30/2023,SWF,NY,AEA,EN,Federal Contract Tower,5,8,13,0,26,0,0,20,0,20,5,8,33,0,46,32,0,32,78
07/31/2023,SWF,NY,AEA,EN,Federal Contract Tower,8,10,20,4,42,0,0,67,4,71,8,10,87,8,113,34,0,34,147
08/01/2023,SWF,NY,AEA,EN,Federal Contract Tower,11,5,16,1,33,0,0,37,1,38,11,5,53,2,71,16,4,20,91
08/02/2023,SWF,NY,AEA,EN,Federal Contract Tower,14,8,12,7,41,0,0,35,15,50,14,8,47,22,91,18,16,34,125
08/03/2023,SWF,NY,AEA,EN,Federal Contract Tower,13,7,7,16,43,0,0,43,11,54,13,7,50,27,97,14,24,38,135
08/04/2023,SWF,NY,AEA,EN,Federal Contract Tower,15,11,8,10,44,0,0,24,2,26,15,11,32,12,70,6,0,6,76
08/05/2023,SWF,NY,AEA,EN,Federal Contract Tower,15,5,15,2,37,0,2,61,6,69,15,7,76,8,106,38,0,38,144
08/06/2023,SWF,NY,AEA,EN,Federal Contract Tower,4,5,8,0,17,0,0,48,0,48,4,5,56,0,65,22,0,22,87
08/07/2023,SWF,NY,AEA,EN,Federal Contract Tower,7,8,23,2,40,0,0,0,0,0,7,8,23,2,40,0,0,0,40
08/08/2023,SWF,NY,AEA,EN,Federal Contract Tower,9,6,11,3,29,0,2,27,6,35,9,8,38,9,64,16,6,22,86
08/09/2023,SWF,NY,AEA,EN,Federal Contract Tower,11,4,7,4,26,0,0,286,1,287,11,4,293,5,313,42,2,44,357
08/10/2023,SWF,NY,AEA,EN,Federal Contract Tower,12,9,16,1,38,0,0,22,2,24,12,9,38,3,62,0,12,12,74
08/11/2023,SWF,NY,AEA,EN,Federal Contract Tower,12,6,19,2,39,0,0,45,7,52,12,6,64,9,91,4,0,4,95
08/12/2023,SWF,NY,AEA,EN,Federal Contract Tower,11,13,5,0,29,0,1,4,0,5,11,14,9,0,34,0,0,0,34
08/13/2023,SWF,NY,AEA,EN,Federal Contract Tower,4,6,17,3,30,0,3,35,2,40,4,9,52,5,70,48,0,48,118
08/14/2023,SWF,NY,AEA,EN,Federal Contract Tower,7,5,21,0,33,0,2,33,4,39,7,7,54,4,72,10,8,18,90
08/15/2023,SWF,NY,AEA,EN,Federal Contract Tower,15,2,12,0,29,0,0,0,0,0,15,2,12,0,29,0,0,0,29
08/16/2023,SWF,NY,AEA,EN,Federal Contract Tower,10,9,17,12,48,0,0,14,5,19,10,9,31,17,67,0,20,20,87
08/17/2023,SWF,NY,AEA,EN,Federal Contract Tower,15,5,20,8,48,0,0,20,3,23,15,5,40,11,71,0,4,4,75
08/18/2023,SWF,NY,AEA,EN,Federal Contract Tower,17,8,15,2,42,0,5,31,4,40,17,13,46,6,82,38,0,38,120
08/19/2023,SWF,NY,AEA,EN,Federal Contract Tower,5,5,3,1,14,0,0,75,2,77,5,5,78,3,91,26,0,26,117
08/20/2023,SWF,NY,AEA,EN,Federal Contract Tower,6,8,9,0,23,0,6,34,0,40,6,14,43,0,63,60,0,60,123
08/21/2023,SWF,NY,AEA,EN,Federal Contract Tower,7,6,7,2,22,0,2,51,1,54,7,8,58,3,76,0,0,0,76
08/22/2023,SWF,NY,AEA,EN,Federal Contract Tower,12,5,4,4,25,0,0,25,0,25,12,5,29,4,50,4,0,4,54
08/23/2023,SWF,NY,AEA,EN,Federal Contract Tower,12,1,18,4,35,0,0,0,0,0,12,1,18,4,35,36,2,38,73
08/24/2023,SWF,NY,AEA,EN,Federal Contract Tower,15,11,17,4,47,0,0,0,0,0,15,11,17,4,47,0,0,0,47
08/26/2023,SWF,NY,AEA,EN,Federal Contract Tower,5,10,11,0,26,0,1,36,2,39,5,11,47,2,65,0,0,0,65
08/27/2023,SWF,NY,AEA,EN,Federal Contract Tower,5,7,11,2,25,0,0,17,0,17,5,7,28,2,42,30,0,30,72
08/28/2023,SWF,NY,AEA,EN,Federal Contract Tower,6,10,12,11,39,0,0,33,10,43,6,10,45,21,82,0,60,60,142
08/29/2023,SWF,NY,AEA,EN,Federal Contract Tower,8,7,21,6,42,0,0,33,2,35,8,7,54,8,77,8,0,8,85
08/30/2023,SWF,NY,AEA,EN,Federal Contract Tower,9,9,9,12,39,0,0,13,28,41,9,9,22,40,80,14,76,90,170
08/31/2023,SWF,NY,AEA,EN,Federal Contract Tower,14,12,19,9,54,0,2,68,25,95,14,14,87,34,149,58,18,76,225
