01/01/2020,SWO,OK,ASW,CE,Federal Contract Tower,0,2,0,0,2,0,7,1,0,8,0,9,1,0,10,0,0,0,10
01/02/2020,SWO,OK,ASW,CE,Federal Contract Tower,0,4,3,0,7,0,0,15,0,15,0,4,18,0,22,36,0,36,58
01/03/2020,SWO,OK,ASW,CE,Federal Contract Tower,0,4,4,0,8,0,3,18,2,23,0,7,22,2,31,32,12,44,75
01/04/2020,SWO,OK,ASW,CE,Federal Contract Tower,0,5,3,6,14,0,2,35,2,39,0,7,38,8,53,70,4,74,127
01/05/2020,SWO,OK,ASW,CE,Federal Contract Tower,1,2,3,0,6,0,0,35,0,35,1,2,38,0,41,48,0,48,89
01/06/2020,SWO,OK,ASW,CE,Federal Contract Tower,1,4,7,7,19,0,1,56,1,58,1,5,63,8,77,112,10,122,199
01/07/2020,SWO,OK,ASW,CE,Federal Contract Tower,0,2,5,1,8,0,6,70,1,77,0,8,75,2,85,100,6,106,191
01/08/2020,SWO,OK,ASW,CE,Federal Contract Tower,0,3,14,4,21,0,6,50,2,58,0,9,64,6,79,48,6,54,133
01/09/2020,SWO,OK,ASW,CE,Federal Contract Tower,0,3,10,2,15,0,4,26,0,30,0,7,36,2,45,46,10,56,101
01/10/2020,SWO,OK,ASW,CE,Federal Contract Tower,0,1,2,0,3,0,2,0,0,2,0,3,2,0,5,0,0,0,5
01/11/2020,SWO,OK,ASW,CE,Federal Contract Tower,0,3,4,0,7,0,2,4,0,6,0,5,8,0,13,0,0,0,13
01/12/2020,SWO,OK,ASW,CE,Federal Contract Tower,0,6,5,0,11,0,2,29,0,31,0,8,34,0,42,48,0,48,90
01/13/2020,SWO,OK,ASW,CE,Federal Contract Tower,0,3,9,0,12,0,0,0,0,0,0,3,9,0,12,0,0,0,12
01/14/2020,SWO,OK,ASW,CE,Federal Contract Tower,2,2,18,0,22,0,2,35,0,37,2,4,53,0,59,126,0,126,185
01/15/2020,SWO,OK,ASW,CE,Federal Contract Tower,0,10,28,4,42,0,0,63,0,63,0,10,91,4,105,182,0,182,287
01/16/2020,SWO,OK,ASW,CE,Federal Contract Tower,0,2,4,5,11,0,2,42,1,45,0,4,46,6,56,72,6,78,134
01/17/2020,SWO,OK,ASW,CE,Federal Contract Tower,0,11,3,0,14,0,0,0,0,0,0,11,3,0,14,0,0,0,14
01/18/2020,SWO,OK,ASW,CE,Federal Contract Tower,0,4,15,2,21,0,1,91,6,98,0,5,106,8,119,170,14,184,303
01/19/2020,SWO,OK,ASW,CE,Federal Contract Tower,0,7,22,0,29,0,0,88,0,88,0,7,110,0,117,138,0,138,255
01/20/2020,SWO,OK,ASW,CE,Federal Contract Tower,0,10,12,6,28,0,12,122,1,135,0,22,134,7,163,176,4,180,343
01/21/2020,SWO,OK,ASW,CE,Federal Contract Tower,0,4,17,2,23,0,5,95,3,103,0,9,112,5,126,182,0,182,308
01/22/2020,SWO,OK,ASW,CE,Federal Contract Tower,0,2,2,0,4,0,0,0,0,0,0,2,2,0,4,0,0,0,4
01/23/2020,SWO,OK,ASW,CE,Federal Contract Tower,0,6,8,2,16,0,6,45,2,53,0,12,53,4,69,94,0,94,163
01/24/2020,SWO,OK,ASW,CE,Federal Contract Tower,0,8,23,7,38,0,2,95,3,100,0,10,118,10,138,198,10,208,346
01/25/2020,SWO,OK,ASW,CE,Federal Contract Tower,0,1,13,3,17,0,3,130,2,135,0,4,143,5,152,146,10,156,308
01/26/2020,SWO,OK,ASW,CE,Federal Contract Tower,0,4,5,0,9,0,0,85,1,86,0,4,90,1,95,96,0,96,191
01/27/2020,SWO,OK,ASW,CE,Federal Contract Tower,0,7,18,3,28,0,2,158,0,160,0,9,176,3,188,232,0,232,420
01/28/2020,SWO,OK,ASW,CE,Federal Contract Tower,0,5,0,0,5,0,0,0,0,0,0,5,0,0,5,0,0,0,5
01/29/2020,SWO,OK,ASW,CE,Federal Contract Tower,0,6,1,10,17,0,2,13,0,15,0,8,14,10,32,116,0,116,148
01/30/2020,SWO,OK,ASW,CE,Federal Contract Tower,0,4,8,0,12,0,2,14,0,16,0,6,22,0,28,68,0,68,96
01/31/2020,SWO,OK,ASW,CE,Federal Contract Tower,0,4,23,0,27,0,0,150,0,150,0,4,173,0,177,220,0,220,397
02/01/2020,SWO,OK,ASW,CE,Federal Contract Tower,0,1,29,0,30,0,0,140,2,142,0,1,169,2,172,144,0,144,316
02/02/2020,SWO,OK,ASW,CE,Federal Contract Tower,0,2,14,0,16,0,0,121,0,121,0,2,135,0,137,148,0,148,285
02/03/2020,SWO,OK,ASW,CE,Federal Contract Tower,0,1,31,10,42,0,1,114,4,119,0,2,145,14,161,92,20,112,273
02/04/2020,SWO,OK,ASW,CE,Federal Contract Tower,0,5,0,0,5,0,2,7,0,9,0,7,7,0,14,116,0,116,130
02/05/2020,SWO,OK,ASW,CE,Federal Contract Tower,0,2,0,3,5,0,2,0,1,3,0,4,0,4,8,4,0,4,12
02/06/2020,SWO,OK,ASW,CE,Federal Contract Tower,0,2,36,5,43,0,0,133,4,137,0,2,169,9,180,188,34,222,402
02/07/2020,SWO,OK,ASW,CE,Federal Contract Tower,0,7,28,6,41,0,1,183,3,187,0,8,211,9,228,280,0,280,508
02/08/2020,SWO,OK,ASW,CE,Federal Contract Tower,0,3,27,0,30,0,2,155,2,159,0,5,182,2,189,216,8,224,413
02/09/2020,SWO,OK,ASW,CE,Federal Contract Tower,0,1,13,0,14,0,0,23,0,23,0,1,36,0,37,38,0,38,75
02/10/2020,SWO,OK,ASW,CE,Federal Contract Tower,0,2,22,3,27,0,0,93,0,93,0,2,115,3,120,188,0,188,308
02/11/2020,SWO,OK,ASW,CE,Federal Contract Tower,0,2,25,4,31,0,6,116,5,127,0,8,141,9,158,178,12,190,348
02/12/2020,SWO,OK,ASW,CE,Federal Contract Tower,0,3,0,2,5,0,1,0,0,1,0,4,0,2,6,0,0,0,6
02/13/2020,SWO,OK,ASW,CE,Federal Contract Tower,0,2,9,3,14,0,4,113,3,120,0,6,122,6,134,90,0,90,224
02/14/2020,SWO,OK,ASW,CE,Federal Contract Tower,1,4,38,1,44,0,2,169,4,175,1,6,207,5,219,124,10,134,353
02/15/2020,SWO,OK,ASW,CE,Federal Contract Tower,1,2,28,0,31,0,1,130,0,131,1,3,158,0,162,128,0,128,290
02/16/2020,SWO,OK,ASW,CE,Federal Contract Tower,0,4,43,2,49,0,0,29,0,29,0,4,72,2,78,112,0,112,190
02/17/2020,SWO,OK,ASW,CE,Federal Contract Tower,0,6,33,0,39,0,2,59,0,61,0,8,92,0,100,94,0,94,194
02/18/2020,SWO,OK,ASW,CE,Federal Contract Tower,0,5,23,5,33,0,5,164,3,172,0,10,187,8,205,158,0,158,363
02/19/2020,SWO,OK,ASW,CE,Federal Contract Tower,0,3,22,0,25,0,3,144,4,151,0,6,166,4,176,146,6,152,328
02/20/2020,SWO,OK,ASW,CE,Federal Contract Tower,0,3,19,2,24,0,0,88,0,88,0,3,107,2,112,136,0,136,248
02/21/2020,SWO,OK,ASW,CE,Federal Contract Tower,0,3,16,3,22,0,4,136,5,145,0,7,152,8,167,145,22,167,334
02/22/2020,SWO,OK,ASW,CE,Federal Contract Tower,0,6,17,0,23,0,1,139,0,140,0,7,156,0,163,156,0,156,319
02/23/2020,SWO,OK,ASW,CE,Federal Contract Tower,0,7,6,0,13,0,0,6,0,6,0,7,12,0,19,10,0,10,29
02/24/2020,SWO,OK,ASW,CE,Federal Contract Tower,0,2,4,2,8,0,0,5,0,5,0,2,9,2,13,40,0,40,53
02/25/2020,SWO,OK,ASW,CE,Federal Contract Tower,0,3,15,1,19,0,1,71,3,75,0,4,86,4,94,158,4,162,256
02/26/2020,SWO,OK,ASW,CE,Federal Contract Tower,2,3,12,1,18,0,0,102,4,106,2,3,114,5,124,182,16,198,322
02/27/2020,SWO,OK,ASW,CE,Federal Contract Tower,0,5,32,10,47,0,3,165,4,172,0,8,197,14,219,112,4,116,335
02/28/2020,SWO,OK,ASW,CE,Federal Contract Tower,0,5,25,2,32,0,1,140,1,142,0,6,165,3,174,130,32,162,336
02/29/2020,SWO,OK,ASW,CE,Federal Contract Tower,0,7,26,5,38,0,2,141,1,144,0,9,167,6,182,64,0,64,246
03/01/2020,SWO,OK,ASW,CE,Federal Contract Tower,0,3,9,0,12,0,5,78,2,85,0,8,87,2,97,146,0,146,243
03/02/2020,SWO,OK,ASW,CE,Federal Contract Tower,0,4,28,4,36,0,1,95,4,100,0,5,123,8,136,276,10,286,422
03/03/2020,SWO,OK,ASW,CE,Federal Contract Tower,0,7,20,1,28,0,1,138,8,147,0,8,158,9,175,168,24,192,367
03/04/2020,SWO,OK,ASW,CE,Federal Contract Tower,0,9,23,1,33,0,0,167,3,170,0,9,190,4,203,182,8,190,393
03/05/2020,SWO,OK,ASW,CE,Federal Contract Tower,0,2,17,2,21,0,5,128,7,140,0,7,145,9,161,150,20,170,331
03/06/2020,SWO,OK,ASW,CE,Federal Contract Tower,0,7,23,0,30,0,5,188,1,194,0,12,211,1,224,162,0,162,386
03/07/2020,SWO,OK,ASW,CE,Federal Contract Tower,0,4,7,0,11,0,3,173,0,176,0,7,180,0,187,20,0,20,207
03/08/2020,SWO,OK,ASW,CE,Federal Contract Tower,0,10,7,0,17,0,0,11,0,11,0,10,18,0,28,20,0,20,48
03/09/2020,SWO,OK,ASW,CE,Federal Contract Tower,0,2,13,10,25,0,2,23,1,26,0,4,36,11,51,114,12,126,177
03/10/2020,SWO,OK,ASW,CE,Federal Contract Tower,0,2,19,7,28,0,6,97,4,107,0,8,116,11,135,114,6,120,255
03/11/2020,SWO,OK,ASW,CE,Federal Contract Tower,0,2,17,0,19,0,2,157,0,159,0,4,174,0,178,164,0,164,342
03/12/2020,SWO,OK,ASW,CE,Federal Contract Tower,0,6,19,3,28,0,0,108,3,111,0,6,127,6,139,158,8,166,305
03/13/2020,SWO,OK,ASW,CE,Federal Contract Tower,0,2,13,1,16,0,2,16,1,19,0,4,29,2,35,14,0,14,49
03/14/2020,SWO,OK,ASW,CE,Federal Contract Tower,0,4,7,0,11,0,2,0,0,2,0,6,7,0,13,0,0,0,13
03/15/2020,SWO,OK,ASW,CE,Federal Contract Tower,0,2,2,0,4,0,0,0,0,0,0,2,2,0,4,0,0,0,4
03/16/2020,SWO,OK,ASW,CE,Federal Contract Tower,0,2,7,0,9,0,0,0,0,0,0,2,7,0,9,0,0,0,9
03/17/2020,SWO,OK,ASW,CE,Federal Contract Tower,0,2,8,0,10,0,0,0,0,0,0,2,8,0,10,0,0,0,10
03/18/2020,SWO,OK,ASW,CE,Federal Contract Tower,0,3,9,9,21,0,12,40,2,54,0,15,49,11,75,82,10,92,167
03/19/2020,SWO,OK,ASW,CE,Federal Contract Tower,0,2,4,4,10,0,2,8,6,16,0,4,12,10,26,22,0,22,48
03/20/2020,SWO,OK,ASW,CE,Federal Contract Tower,0,2,7,2,11,0,0,37,0,37,0,2,44,2,48,66,0,66,114
03/21/2020,SWO,OK,ASW,CE,Federal Contract Tower,0,4,7,0,11,0,4,63,0,67,0,8,70,0,78,72,0,72,150
03/22/2020,SWO,OK,ASW,CE,Federal Contract Tower,0,2,0,0,2,0,0,0,0,0,0,2,0,0,2,0,0,0,2
03/23/2020,SWO,OK,ASW,CE,Federal Contract Tower,0,2,2,0,4,0,0,3,0,3,0,2,5,0,7,46,0,46,53
03/24/2020,SWO,OK,ASW,CE,Federal Contract Tower,0,2,1,3,6,0,0,7,0,7,0,2,8,3,13,4,18,22,35
03/25/2020,SWO,OK,ASW,CE,Federal Contract Tower,0,2,7,0,9,0,3,28,4,35,0,5,35,4,44,14,0,14,58
03/26/2020,SWO,OK,ASW,CE,Federal Contract Tower,0,3,2,0,5,0,3,23,0,26,0,6,25,0,31,104,0,104,135
03/27/2020,SWO,OK,ASW,CE,Federal Contract Tower,0,2,4,6,12,0,6,20,2,28,0,8,24,8,40,48,0,48,88
03/28/2020,SWO,OK,ASW,CE,Federal Contract Tower,0,2,0,0,2,0,0,0,0,0,0,2,0,0,2,0,0,0,2
03/29/2020,SWO,OK,ASW,CE,Federal Contract Tower,0,3,2,0,5,0,0,36,2,38,0,3,38,2,43,108,0,108,151
03/30/2020,SWO,OK,ASW,CE,Federal Contract Tower,0,2,4,0,6,0,1,3,0,4,0,3,7,0,10,0,0,0,10
03/31/2020,SWO,OK,ASW,CE,Federal Contract Tower,0,1,5,0,6,0,2,25,2,29,0,3,30,2,35,96,0,96,131
04/01/2020,SWO,OK,ASW,CE,Federal Contract Tower,0,0,1,0,1,0,3,16,0,19,0,3,17,0,20,0,0,0,20
04/02/2020,SWO,OK,ASW,CE,Federal Contract Tower,0,0,0,0,0,0,0,3,0,3,0,0,3,0,3,4,0,4,7
04/03/2020,SWO,OK,ASW,CE,Federal Contract Tower,0,0,0,0,0,0,2,0,0,2,0,2,0,0,2,0,0,0,2
04/04/2020,SWO,OK,ASW,CE,Federal Contract Tower,0,0,2,0,2,0,1,0,0,1,0,1,2,0,3,0,0,0,3
04/05/2020,SWO,OK,ASW,CE,Federal Contract Tower,0,0,0,0,0,0,0,10,0,10,0,0,10,0,10,4,0,4,14
04/06/2020,SWO,OK,ASW,CE,Federal Contract Tower,0,2,2,4,8,0,0,4,0,4,0,2,6,4,12,10,0,10,22
04/07/2020,SWO,OK,ASW,CE,Federal Contract Tower,0,2,6,9,17,0,2,17,5,24,0,4,23,14,41,10,8,18,59
04/08/2020,SWO,OK,ASW,CE,Federal Contract Tower,0,0,0,0,0,0,0,28,1,29,0,0,28,1,29,40,2,42,71
04/09/2020,SWO,OK,ASW,CE,Federal Contract Tower,0,0,0,0,0,0,0,21,2,23,0,0,21,2,23,32,14,46,69
04/10/2020,SWO,OK,ASW,CE,Federal Contract Tower,0,0,4,2,6,0,3,23,4,30,0,3,27,6,36,28,0,28,64
04/11/2020,SWO,OK,ASW,CE,Federal Contract Tower,0,0,1,5,6,0,2,2,3,7,0,2,3,8,13,0,16,16,29
04/12/2020,SWO,OK,ASW,CE,Federal Contract Tower,0,0,0,0,0,0,0,1,0,1,0,0,1,0,1,6,0,6,7
04/13/2020,SWO,OK,ASW,CE,Federal Contract Tower,0,1,2,0,3,0,0,14,1,15,0,1,16,1,18,12,20,32,50
04/14/2020,SWO,OK,ASW,CE,Federal Contract Tower,0,1,2,1,4,0,0,10,2,12,0,1,12,3,16,12,8,20,36
04/15/2020,SWO,OK,ASW,CE,Federal Contract Tower,0,1,3,1,5,0,2,17,3,22,0,3,20,4,27,6,0,6,33
04/16/2020,SWO,OK,ASW,CE,Federal Contract Tower,0,2,0,0,2,0,5,7,4,16,0,7,7,4,18,6,0,6,24
04/17/2020,SWO,OK,ASW,CE,Federal Contract Tower,0,2,0,0,2,0,8,0,0,8,0,10,0,0,10,0,0,0,10
04/18/2020,SWO,OK,ASW,CE,Federal Contract Tower,0,1,0,4,5,0,0,26,4,30,0,1,26,8,35,26,5,31,66
04/19/2020,SWO,OK,ASW,CE,Federal Contract Tower,0,2,1,0,3,0,0,4,0,4,0,2,5,0,7,8,0,8,15
04/20/2020,SWO,OK,ASW,CE,Federal Contract Tower,0,2,5,0,7,0,4,18,0,22,0,6,23,0,29,28,0,28,57
04/21/2020,SWO,OK,ASW,CE,Federal Contract Tower,0,2,12,0,14,0,0,29,1,30,0,2,41,1,44,22,10,32,76
04/22/2020,SWO,OK,ASW,CE,Federal Contract Tower,0,2,0,0,2,0,2,0,0,2,0,4,0,0,4,0,0,0,4
04/23/2020,SWO,OK,ASW,CE,Federal Contract Tower,0,0,9,7,16,0,0,35,7,42,0,0,44,14,58,38,12,50,108
04/24/2020,SWO,OK,ASW,CE,Federal Contract Tower,0,2,0,0,2,0,0,4,0,4,0,2,4,0,6,38,0,38,44
04/25/2020,SWO,OK,ASW,CE,Federal Contract Tower,0,0,3,2,5,0,2,22,3,27,0,2,25,5,32,10,62,72,104
04/26/2020,SWO,OK,ASW,CE,Federal Contract Tower,0,2,2,0,4,0,29,0,0,29,0,31,2,0,33,46,0,46,79
04/27/2020,SWO,OK,ASW,CE,Federal Contract Tower,0,2,0,0,2,0,0,8,0,8,0,2,8,0,10,14,0,14,24
04/28/2020,SWO,OK,ASW,CE,Federal Contract Tower,0,2,0,1,3,0,4,7,0,11,0,6,7,1,14,14,2,16,30
04/29/2020,SWO,OK,ASW,CE,Federal Contract Tower,0,2,3,4,9,0,2,12,2,16,0,4,15,6,25,4,42,46,71
04/30/2020,SWO,OK,ASW,CE,Federal Contract Tower,0,1,1,0,2,0,4,68,2,74,0,5,69,2,76,76,0,76,152
05/01/2020,SWO,OK,ASW,CE,Federal Contract Tower,0,2,1,4,7,0,1,11,6,18,0,3,12,10,25,12,84,96,121
05/02/2020,SWO,OK,ASW,CE,Federal Contract Tower,0,2,4,5,11,0,0,36,7,43,0,2,40,12,54,36,20,56,110
05/03/2020,SWO,OK,ASW,CE,Federal Contract Tower,0,2,3,0,5,0,0,5,0,5,0,2,8,0,10,36,0,36,46
05/04/2020,SWO,OK,ASW,CE,Federal Contract Tower,0,2,7,2,11,0,0,20,5,25,0,2,27,7,36,38,14,52,88
05/05/2020,SWO,OK,ASW,CE,Federal Contract Tower,0,0,6,3,9,0,2,27,3,32,0,2,33,6,41,32,0,32,73
05/06/2020,SWO,OK,ASW,CE,Federal Contract Tower,0,2,7,1,10,0,0,48,5,53,0,2,55,6,63,52,0,52,115
05/07/2020,SWO,OK,ASW,CE,Federal Contract Tower,0,1,5,5,11,0,4,13,6,23,0,5,18,11,34,40,0,40,74
05/08/2020,SWO,OK,ASW,CE,Federal Contract Tower,0,0,4,6,10,0,0,14,2,16,0,0,18,8,26,24,0,24,50
05/09/2020,SWO,OK,ASW,CE,Federal Contract Tower,0,2,4,1,7,0,6,35,3,44,0,8,39,4,51,56,8,64,115
05/10/2020,SWO,OK,ASW,CE,Federal Contract Tower,0,1,0,0,1,0,0,7,0,7,0,1,7,0,8,8,0,8,16
05/11/2020,SWO,OK,ASW,CE,Federal Contract Tower,0,0,3,6,9,0,0,6,2,8,0,0,9,8,17,22,0,22,39
05/12/2020,SWO,OK,ASW,CE,Federal Contract Tower,0,0,1,8,9,0,0,0,0,0,0,0,1,8,9,0,0,0,9
05/13/2020,SWO,OK,ASW,CE,Federal Contract Tower,0,1,6,3,10,0,0,1,0,1,0,1,7,3,11,18,0,18,29
05/14/2020,SWO,OK,ASW,CE,Federal Contract Tower,0,1,8,2,11,0,3,28,0,31,0,4,36,2,42,38,0,38,80
05/15/2020,SWO,OK,ASW,CE,Federal Contract Tower,0,0,0,0,0,0,0,6,0,6,0,0,6,0,6,26,0,26,32
05/16/2020,SWO,OK,ASW,CE,Federal Contract Tower,0,0,3,2,5,0,2,14,0,16,0,2,17,2,21,28,2,30,51
05/17/2020,SWO,OK,ASW,CE,Federal Contract Tower,0,2,7,2,11,0,0,43,6,49,0,2,50,8,60,50,10,60,120
05/18/2020,SWO,OK,ASW,CE,Federal Contract Tower,0,5,11,1,17,0,0,50,1,51,0,5,61,2,68,72,0,72,140
05/19/2020,SWO,OK,ASW,CE,Federal Contract Tower,0,1,3,7,11,0,2,44,9,55,0,3,47,16,66,40,4,44,110
05/20/2020,SWO,OK,ASW,CE,Federal Contract Tower,0,1,6,1,8,0,0,50,3,53,0,1,56,4,61,64,22,86,147
05/21/2020,SWO,OK,ASW,CE,Federal Contract Tower,0,0,3,9,12,0,0,3,1,4,0,0,6,10,16,10,6,16,32
05/22/2020,SWO,OK,ASW,CE,Federal Contract Tower,0,1,3,0,4,2,16,0,0,18,2,17,3,0,22,24,0,24,46
05/23/2020,SWO,OK,ASW,CE,Federal Contract Tower,0,1,7,0,8,0,0,29,0,29,0,1,36,0,37,8,0,8,45
05/24/2020,SWO,OK,ASW,CE,Federal Contract Tower,0,1,7,0,8,0,0,6,0,6,0,1,13,0,14,0,0,0,14
05/25/2020,SWO,OK,ASW,CE,Federal Contract Tower,0,0,4,0,4,0,3,4,0,7,0,3,8,0,11,20,2,22,33
05/26/2020,SWO,OK,ASW,CE,Federal Contract Tower,0,4,2,4,10,0,2,4,0,6,0,6,6,4,16,20,0,20,36
05/27/2020,SWO,OK,ASW,CE,Federal Contract Tower,0,1,2,3,6,0,5,19,1,25,0,6,21,4,31,58,6,64,95
05/28/2020,SWO,OK,ASW,CE,Federal Contract Tower,0,1,2,7,10,0,3,3,5,11,0,4,5,12,21,12,6,18,39
05/29/2020,SWO,OK,ASW,CE,Federal Contract Tower,0,1,9,1,11,0,4,39,5,48,0,5,48,6,59,48,12,60,119
05/30/2020,SWO,OK,ASW,CE,Federal Contract Tower,0,3,5,0,8,0,3,40,1,44,0,6,45,1,52,24,4,28,80
05/31/2020,SWO,OK,ASW,CE,Federal Contract Tower,0,0,4,0,4,0,0,30,0,30,0,0,34,0,34,10,0,10,44
06/01/2020,SWO,OK,ASW,CE,Federal Contract Tower,0,1,3,0,4,0,0,30,2,32,0,1,33,2,36,8,0,8,44
06/02/2020,SWO,OK,ASW,CE,Federal Contract Tower,0,0,0,0,0,0,6,0,1,7,0,6,0,1,7,6,0,6,13
06/03/2020,SWO,OK,ASW,CE,Federal Contract Tower,0,0,0,0,0,0,0,0,0,0,0,0,0,0,0,0,0,0,0
06/04/2020,SWO,OK,ASW,CE,Federal Contract Tower,0,2,11,4,17,0,3,30,4,37,0,5,41,8,54,28,36,64,118
06/05/2020,SWO,OK,ASW,CE,Federal Contract Tower,0,1,3,3,7,0,3,22,10,35,0,4,25,13,42,20,18,38,80
06/06/2020,SWO,OK,ASW,CE,Federal Contract Tower,0,1,3,0,4,0,2,34,3,39,0,3,37,3,43,66,6,72,115
06/07/2020,SWO,OK,ASW,CE,Federal Contract Tower,0,1,5,0,6,0,0,9,1,10,0,1,14,1,16,16,4,20,36
06/08/2020,SWO,OK,ASW,CE,Federal Contract Tower,0,1,13,3,17,0,0,12,9,21,0,1,25,12,38,22,10,32,70
06/09/2020,SWO,OK,ASW,CE,Federal Contract Tower,0,1,5,0,6,0,2,3,2,7,0,3,8,2,13,0,24,24,37
06/10/2020,SWO,OK,ASW,CE,Federal Contract Tower,0,1,0,11,12,0,2,3,8,13,0,3,3,19,25,10,22,32,57
06/11/2020,SWO,OK,ASW,CE,Federal Contract Tower,0,2,6,10,18,0,4,33,6,43,0,6,39,16,61,68,14,82,143
06/12/2020,SWO,OK,ASW,CE,Federal Contract Tower,0,1,7,5,13,0,2,30,5,37,0,3,37,10,50,34,8,42,92
06/13/2020,SWO,OK,ASW,CE,Federal Contract Tower,0,1,7,0,8,0,2,41,0,43,0,3,48,0,51,50,0,50,101
06/14/2020,SWO,OK,ASW,CE,Federal Contract Tower,0,1,2,0,3,0,0,15,0,15,0,1,17,0,18,18,0,18,36
06/15/2020,SWO,OK,ASW,CE,Federal Contract Tower,0,3,6,7,16,0,3,20,10,33,0,6,26,17,49,10,32,42,91
06/16/2020,SWO,OK,ASW,CE,Federal Contract Tower,0,1,5,1,7,0,6,43,5,54,0,7,48,6,61,16,34,50,111
06/17/2020,SWO,OK,ASW,CE,Federal Contract Tower,0,1,9,9,19,0,4,30,3,37,0,5,39,12,56,28,8,36,92
06/18/2020,SWO,OK,ASW,CE,Federal Contract Tower,0,2,9,9,20,0,1,25,10,36,0,3,34,19,56,6,22,28,84
06/19/2020,SWO,OK,ASW,CE,Federal Contract Tower,0,1,1,0,2,0,0,0,0,0,0,1,1,0,2,0,0,0,2
06/20/2020,SWO,OK,ASW,CE,Federal Contract Tower,0,1,1,0,2,0,3,20,2,25,0,4,21,2,27,8,0,8,35
06/21/2020,SWO,OK,ASW,CE,Federal Contract Tower,0,1,0,0,1,0,0,10,0,10,0,1,10,0,11,0,0,0,11
06/22/2020,SWO,OK,ASW,CE,Federal Contract Tower,0,1,16,3,20,0,2,32,3,37,0,3,48,6,57,20,8,28,85
06/23/2020,SWO,OK,ASW,CE,Federal Contract Tower,0,1,13,4,18,0,1,35,0,36,0,2,48,4,54,48,0,48,102
06/24/2020,SWO,OK,ASW,CE,Federal Contract Tower,0,1,5,2,8,0,2,47,1,50,0,3,52,3,58,26,6,32,90
06/25/2020,SWO,OK,ASW,CE,Federal Contract Tower,0,2,6,3,11,0,0,32,11,43,0,2,38,14,54,18,34,52,106
06/26/2020,SWO,OK,ASW,CE,Federal Contract Tower,0,5,10,6,21,0,4,18,5,27,0,9,28,11,48,18,12,30,78
06/27/2020,SWO,OK,ASW,CE,Federal Contract Tower,0,4,0,0,4,0,0,8,0,8,0,4,8,0,12,0,0,0,12
06/28/2020,SWO,OK,ASW,CE,Federal Contract Tower,0,1,0,0,1,0,9,0,0,9,0,10,0,0,10,0,0,0,10
06/29/2020,SWO,OK,ASW,CE,Federal Contract Tower,0,1,12,2,15,0,0,13,1,14,0,1,25,3,29,38,4,42,71
06/30/2020,SWO,OK,ASW,CE,Federal Contract Tower,0,1,7,7,15,0,2,25,7,34,0,3,32,14,49,12,32,44,93
07/01/2020,SWO,OK,ASW,CE,Federal Contract Tower,0,1,9,7,17,0,1,25,3,29,0,2,34,10,46,18,20,38,84
07/02/2020,SWO,OK,ASW,CE,Federal Contract Tower,0,0,8,4,12,0,6,23,0,29,0,6,31,4,41,48,0,48,89
07/03/2020,SWO,OK,ASW,CE,Federal Contract Tower,0,1,4,0,5,0,3,13,0,16,0,4,17,0,21,4,0,4,25
07/04/2020,SWO,OK,ASW,CE,Federal Contract Tower,0,1,6,0,7,0,3,8,0,11,0,4,14,0,18,24,0,24,42
07/05/2020,SWO,OK,ASW,CE,Federal Contract Tower,0,0,5,0,5,0,0,9,0,9,0,0,14,0,14,0,0,0,14
07/06/2020,SWO,OK,ASW,CE,Federal Contract Tower,0,2,0,0,2,0,2,4,0,6,0,4,4,0,8,0,0,0,8
07/07/2020,SWO,OK,ASW,CE,Federal Contract Tower,0,2,12,3,17,0,0,95,2,97,0,2,107,5,114,190,40,230,344
07/08/2020,SWO,OK,ASW,CE,Federal Contract Tower,0,2,28,8,38,0,0,121,3,124,0,2,149,11,162,154,14,168,330
07/09/2020,SWO,OK,ASW,CE,Federal Contract Tower,0,2,11,0,13,0,2,34,1,37,0,4,45,1,50,46,6,52,102
07/10/2020,SWO,OK,ASW,CE,Federal Contract Tower,0,2,3,0,5,0,3,27,1,31,0,5,30,1,36,64,2,66,102
07/11/2020,SWO,OK,ASW,CE,Federal Contract Tower,0,4,8,4,16,0,10,94,0,104,0,14,102,4,120,124,0,124,244
07/12/2020,SWO,OK,ASW,CE,Federal Contract Tower,0,6,9,1,16,0,3,28,0,31,0,9,37,1,47,8,0,8,55
07/13/2020,SWO,OK,ASW,CE,Federal Contract Tower,0,2,22,2,26,0,6,104,2,112,0,8,126,4,138,140,8,148,286
07/14/2020,SWO,OK,ASW,CE,Federal Contract Tower,0,4,27,6,37,0,0,119,2,121,0,4,146,8,158,184,8,192,350
07/15/2020,SWO,OK,ASW,CE,Federal Contract Tower,0,2,31,0,33,0,4,123,2,129,0,6,154,2,162,166,0,166,328
07/16/2020,SWO,OK,ASW,CE,Federal Contract Tower,0,2,15,0,17,0,2,63,4,69,0,4,78,4,86,116,0,116,202
07/17/2020,SWO,OK,ASW,CE,Federal Contract Tower,0,4,23,0,27,0,4,125,0,129,0,8,148,0,156,136,0,136,292
07/18/2020,SWO,OK,ASW,CE,Federal Contract Tower,0,2,8,6,16,0,0,81,1,82,0,2,89,7,98,138,4,142,240
07/19/2020,SWO,OK,ASW,CE,Federal Contract Tower,0,2,3,0,5,0,2,30,0,32,0,4,33,0,37,24,0,24,61
07/20/2020,SWO,OK,ASW,CE,Federal Contract Tower,0,2,13,0,15,0,1,68,0,69,0,3,81,0,84,84,0,84,168
07/21/2020,SWO,OK,ASW,CE,Federal Contract Tower,0,2,10,3,15,0,0,74,0,74,0,2,84,3,89,198,6,204,293
07/22/2020,SWO,OK,ASW,CE,Federal Contract Tower,0,3,25,4,32,0,0,122,2,124,0,3,147,6,156,168,22,190,346
07/23/2020,SWO,OK,ASW,CE,Federal Contract Tower,0,2,8,7,17,0,1,41,0,42,0,3,49,7,59,134,0,134,193
07/24/2020,SWO,OK,ASW,CE,Federal Contract Tower,0,3,14,5,22,0,4,108,5,117,0,7,122,10,139,182,12,194,333
07/25/2020,SWO,OK,ASW,CE,Federal Contract Tower,0,2,13,4,19,0,0,62,2,64,0,2,75,6,83,96,14,110,193
07/26/2020,SWO,OK,ASW,CE,Federal Contract Tower,0,4,10,0,14,0,1,21,0,22,0,5,31,0,36,22,0,22,58
07/27/2020,SWO,OK,ASW,CE,Federal Contract Tower,0,2,14,0,16,0,0,44,0,44,0,2,58,0,60,40,0,40,100
07/28/2020,SWO,OK,ASW,CE,Federal Contract Tower,0,2,2,10,14,0,4,9,0,13,0,6,11,10,27,62,0,62,89
07/29/2020,SWO,OK,ASW,CE,Federal Contract Tower,0,0,17,2,19,0,0,62,0,62,0,0,79,2,81,96,0,96,177
07/30/2020,SWO,OK,ASW,CE,Federal Contract Tower,0,6,25,2,33,0,1,111,6,118,0,7,136,8,151,174,12,186,337
07/31/2020,SWO,OK,ASW,CE,Federal Contract Tower,0,2,22,5,29,0,7,108,1,116,0,9,130,6,145,168,16,184,329
08/01/2020,SWO,OK,ASW,CE,Federal Contract Tower,0,2,12,0,14,0,0,88,0,88,0,2,100,0,102,132,0,132,234
08/02/2020,SWO,OK,ASW,CE,Federal Contract Tower,0,4,5,0,9,0,2,22,0,24,0,6,27,0,33,12,0,12,45
08/03/2020,SWO,OK,ASW,CE,Federal Contract Tower,0,3,26,1,30,0,3,126,6,135,0,6,152,7,165,166,38,204,369
08/04/2020,SWO,OK,ASW,CE,Federal Contract Tower,0,4,23,4,31,0,2,101,7,110,0,6,124,11,141,152,12,164,305
08/05/2020,SWO,OK,ASW,CE,Federal Contract Tower,0,3,21,10,34,0,2,106,3,111,0,5,127,13,145,168,34,202,347
08/06/2020,SWO,OK,ASW,CE,Federal Contract Tower,0,2,10,4,16,0,4,27,0,31,0,6,37,4,47,88,0,88,135
08/07/2020,SWO,OK,ASW,CE,Federal Contract Tower,0,2,20,6,28,0,1,78,4,83,0,3,98,10,111,116,4,120,231
08/08/2020,SWO,OK,ASW,CE,Federal Contract Tower,0,2,6,0,8,0,5,75,0,80,0,7,81,0,88,96,0,96,184
08/09/2020,SWO,OK,ASW,CE,Federal Contract Tower,0,4,6,0,10,0,1,25,0,26,0,5,31,0,36,8,0,8,44
08/10/2020,SWO,OK,ASW,CE,Federal Contract Tower,0,2,29,9,40,0,0,126,6,132,0,2,155,15,172,204,20,224,396
08/11/2020,SWO,OK,ASW,CE,Federal Contract Tower,0,2,17,3,22,0,5,90,2,97,0,7,107,5,119,208,16,224,343
08/12/2020,SWO,OK,ASW,CE,Federal Contract Tower,0,2,21,8,31,0,0,59,3,62,0,2,80,11,93,120,6,126,219
08/13/2020,SWO,OK,ASW,CE,Federal Contract Tower,0,3,18,0,21,0,3,114,3,120,0,6,132,3,141,176,4,180,321
08/14/2020,SWO,OK,ASW,CE,Federal Contract Tower,0,6,22,4,32,0,0,99,1,100,0,6,121,5,132,100,4,104,236
08/15/2020,SWO,OK,ASW,CE,Federal Contract Tower,0,2,19,1,22,0,1,104,2,107,0,3,123,3,129,102,0,102,231
08/16/2020,SWO,OK,ASW,CE,Federal Contract Tower,0,2,3,0,5,0,0,10,0,10,0,2,13,0,15,48,0,48,63
08/17/2020,SWO,OK,ASW,CE,Federal Contract Tower,0,4,29,0,33,0,4,132,0,136,0,8,161,0,169,188,0,188,357
08/18/2020,SWO,OK,ASW,CE,Federal Contract Tower,0,2,16,0,18,0,5,140,0,145,0,7,156,0,163,200,0,200,363
08/19/2020,SWO,OK,ASW,CE,Federal Contract Tower,0,5,31,2,38,0,2,115,3,120,0,7,146,5,158,248,12,260,418
08/20/2020,SWO,OK,ASW,CE,Federal Contract Tower,0,4,12,1,17,0,5,95,3,103,0,9,107,4,120,166,8,174,294
08/21/2020,SWO,OK,ASW,CE,Federal Contract Tower,0,2,9,4,15,0,1,95,0,96,0,3,104,4,111,268,14,282,393
08/22/2020,SWO,OK,ASW,CE,Federal Contract Tower,0,2,11,0,13,0,4,92,0,96,0,6,103,0,109,144,0,144,253
08/23/2020,SWO,OK,ASW,CE,Federal Contract Tower,0,2,6,0,8,0,0,39,0,39,0,2,45,0,47,56,0,56,103
08/24/2020,SWO,OK,ASW,CE,Federal Contract Tower,0,3,29,0,32,0,9,110,0,119,0,12,139,0,151,158,0,158,309
08/25/2020,SWO,OK,ASW,CE,Federal Contract Tower,0,4,18,1,23,0,1,113,2,116,0,5,131,3,139,200,18,218,357
08/26/2020,SWO,OK,ASW,CE,Federal Contract Tower,0,2,13,0,15,0,0,82,0,82,0,2,95,0,97,120,0,120,217
08/27/2020,SWO,OK,ASW,CE,Federal Contract Tower,0,2,32,0,34,0,3,128,4,135,0,5,160,4,169,246,4,250,419
08/28/2020,SWO,OK,ASW,CE,Federal Contract Tower,0,3,25,0,28,0,8,99,0,107,0,11,124,0,135,138,0,138,273
08/29/2020,SWO,OK,ASW,CE,Federal Contract Tower,0,2,19,0,21,0,0,82,2,84,0,2,101,2,105,144,4,148,253
08/30/2020,SWO,OK,ASW,CE,Federal Contract Tower,0,2,21,0,23,0,0,38,0,38,0,2,59,0,61,46,0,46,107
08/31/2020,SWO,OK,ASW,CE,Federal Contract Tower,0,2,12,0,14,0,2,76,2,80,0,4,88,2,94,160,4,164,258
09/01/2020,SWO,OK,ASW,CE,Federal Contract Tower,0,0,23,4,27,0,2,17,2,21,0,2,40,6,48,102,8,110,158
09/02/2020,SWO,OK,ASW,CE,Federal Contract Tower,0,2,12,4,18,0,0,38,0,38,0,2,50,4,56,78,12,90,146
09/03/2020,SWO,OK,ASW,CE,Federal Contract Tower,0,2,34,0,36,0,0,137,0,137,0,2,171,0,173,254,0,254,427
09/04/2020,SWO,OK,ASW,CE,Federal Contract Tower,0,2,24,0,26,0,0,117,0,117,0,2,141,0,143,270,0,270,413
09/05/2020,SWO,OK,ASW,CE,Federal Contract Tower,0,2,6,0,8,0,0,51,0,51,0,2,57,0,59,134,0,134,193
09/06/2020,SWO,OK,ASW,CE,Federal Contract Tower,0,2,2,0,4,0,3,26,0,29,0,5,28,0,33,0,0,0,33
09/07/2020,SWO,OK,ASW,CE,Federal Contract Tower,0,2,3,0,5,0,2,22,0,24,0,4,25,0,29,28,0,28,57
09/08/2020,SWO,OK,ASW,CE,Federal Contract Tower,0,2,9,0,11,0,1,60,0,61,0,3,69,0,72,184,0,184,256
09/09/2020,SWO,OK,ASW,CE,Federal Contract Tower,0,4,0,0,4,0,0,0,0,0,0,4,0,0,4,0,0,0,4
09/10/2020,SWO,OK,ASW,CE,Federal Contract Tower,0,2,24,4,30,0,0,6,0,6,0,2,30,4,36,26,0,26,62
09/11/2020,SWO,OK,ASW,CE,Federal Contract Tower,0,4,35,6,45,0,0,5,0,5,0,4,40,6,50,36,0,36,86
09/12/2020,SWO,OK,ASW,CE,Federal Contract Tower,0,2,16,7,25,0,12,88,2,102,0,14,104,9,127,160,2,162,289
09/13/2020,SWO,OK,ASW,CE,Federal Contract Tower,0,2,11,1,14,0,3,95,2,100,0,5,106,3,114,126,0,126,240
09/14/2020,SWO,OK,ASW,CE,Federal Contract Tower,0,4,20,2,26,0,2,133,0,135,0,6,153,2,161,186,0,186,347
09/15/2020,SWO,OK,ASW,CE,Federal Contract Tower,0,7,20,2,29,0,18,145,2,165,0,25,165,4,194,234,2,236,430
09/16/2020,SWO,OK,ASW,CE,Federal Contract Tower,0,2,21,1,24,0,1,123,5,129,0,3,144,6,153,192,20,212,365
09/17/2020,SWO,OK,ASW,CE,Federal Contract Tower,0,2,24,0,26,0,0,114,4,118,0,2,138,4,144,196,70,266,410
09/18/2020,SWO,OK,ASW,CE,Federal Contract Tower,0,3,23,0,26,0,0,97,3,100,0,3,120,3,126,208,8,216,342
09/19/2020,SWO,OK,ASW,CE,Federal Contract Tower,0,9,9,0,18,0,4,68,0,72,0,13,77,0,90,62,0,62,152
09/20/2020,SWO,OK,ASW,CE,Federal Contract Tower,0,7,11,0,18,0,0,50,1,51,0,7,61,1,69,50,18,68,137
09/21/2020,SWO,OK,ASW,CE,Federal Contract Tower,0,4,28,0,32,0,0,110,0,110,0,4,138,0,142,136,0,136,278
09/22/2020,SWO,OK,ASW,CE,Federal Contract Tower,0,6,20,0,26,0,1,0,0,1,0,7,20,0,27,0,0,0,27
09/23/2020,SWO,OK,ASW,CE,Federal Contract Tower,0,2,21,2,25,0,1,20,0,21,0,3,41,2,46,112,0,112,158
09/24/2020,SWO,OK,ASW,CE,Federal Contract Tower,0,6,38,0,44,0,0,173,2,175,0,6,211,2,219,217,0,217,436
09/25/2020,SWO,OK,ASW,CE,Federal Contract Tower,0,6,22,0,28,0,5,123,4,132,0,11,145,4,160,226,24,250,410
09/26/2020,SWO,OK,ASW,CE,Federal Contract Tower,0,12,19,0,31,0,1,68,0,69,0,13,87,0,100,108,0,108,208
09/27/2020,SWO,OK,ASW,CE,Federal Contract Tower,0,5,14,0,19,0,0,3,0,3,0,5,17,0,22,34,0,34,56
09/28/2020,SWO,OK,ASW,CE,Federal Contract Tower,0,2,18,4,24,0,1,105,2,108,0,3,123,6,132,162,0,162,294
09/29/2020,SWO,OK,ASW,CE,Federal Contract Tower,0,5,31,0,36,0,4,124,2,130,0,9,155,2,166,120,2,122,288
09/30/2020,SWO,OK,ASW,CE,Federal Contract Tower,0,3,21,3,27,0,5,165,4,174,0,8,186,7,201,248,6,254,455
10/01/2020,SWO,OK,ASW,CE,Federal Contract Tower,0,4,27,1,32,0,0,136,7,143,0,4,163,8,175,134,12,146,321
10/02/2020,SWO,OK,ASW,CE,Federal Contract Tower,0,2,18,0,20,0,2,131,6,139,0,4,149,6,159,238,2,240,399
10/03/2020,SWO,OK,ASW,CE,Federal Contract Tower,0,2,12,3,17,0,2,109,1,112,0,4,121,4,129,150,4,154,283
10/04/2020,SWO,OK,ASW,CE,Federal Contract Tower,0,3,10,0,13,0,0,57,1,58,0,3,67,1,71,62,0,62,133
10/05/2020,SWO,OK,ASW,CE,Federal Contract Tower,0,2,27,4,33,0,1,126,3,130,0,3,153,7,163,178,2,180,343
10/06/2020,SWO,OK,ASW,CE,Federal Contract Tower,0,6,32,4,42,0,0,171,0,171,0,6,203,4,213,210,0,210,423
10/07/2020,SWO,OK,ASW,CE,Federal Contract Tower,0,4,40,3,47,0,1,144,2,147,0,5,184,5,194,174,16,190,384
10/08/2020,SWO,OK,ASW,CE,Federal Contract Tower,0,6,18,4,28,0,2,117,3,122,0,8,135,7,150,104,4,108,258
10/09/2020,SWO,OK,ASW,CE,Federal Contract Tower,0,3,20,16,39,0,3,83,1,87,0,6,103,17,126,98,14,112,238
10/10/2020,SWO,OK,ASW,CE,Federal Contract Tower,0,2,18,6,26,0,3,21,1,25,0,5,39,7,51,62,4,66,117
10/11/2020,SWO,OK,ASW,CE,Federal Contract Tower,0,4,11,0,15,0,2,62,4,68,0,6,73,4,83,48,0,48,131
10/12/2020,SWO,OK,ASW,CE,Federal Contract Tower,0,5,40,1,46,0,5,160,1,166,0,10,200,2,212,232,6,238,450
10/13/2020,SWO,OK,ASW,CE,Federal Contract Tower,0,4,32,6,42,0,13,150,4,167,0,17,182,10,209,118,12,130,339
10/14/2020,SWO,OK,ASW,CE,Federal Contract Tower,0,8,21,5,34,0,10,95,8,113,0,18,116,13,147,102,46,148,295
10/15/2020,SWO,OK,ASW,CE,Federal Contract Tower,0,2,20,2,24,0,4,109,0,113,0,6,129,2,137,138,4,142,279
10/16/2020,SWO,OK,ASW,CE,Federal Contract Tower,0,2,21,5,28,0,2,134,4,140,0,4,155,9,168,174,30,204,372
10/17/2020,SWO,OK,ASW,CE,Federal Contract Tower,0,2,3,0,5,0,4,33,0,37,0,6,36,0,42,4,2,6,48
10/18/2020,SWO,OK,ASW,CE,Federal Contract Tower,0,2,7,0,9,0,0,1,0,1,0,2,8,0,10,0,0,0,10
10/19/2020,SWO,OK,ASW,CE,Federal Contract Tower,0,2,28,2,32,0,0,42,0,42,0,2,70,2,74,104,0,104,178
10/20/2020,SWO,OK,ASW,CE,Federal Contract Tower,0,2,23,17,42,0,0,10,1,11,0,2,33,18,53,58,24,82,135
10/21/2020,SWO,OK,ASW,CE,Federal Contract Tower,0,2,27,10,39,0,6,134,0,140,0,8,161,10,179,140,0,140,319
10/22/2020,SWO,OK,ASW,CE,Federal Contract Tower,0,2,31,17,50,0,3,94,5,102,0,5,125,22,152,80,14,94,246
10/23/2020,SWO,OK,ASW,CE,Federal Contract Tower,0,5,13,2,20,0,1,22,0,23,0,6,35,2,43,54,6,60,103
10/24/2020,SWO,OK,ASW,CE,Federal Contract Tower,1,15,26,0,42,0,1,74,0,75,1,16,100,0,117,88,0,88,205
10/25/2020,SWO,OK,ASW,CE,Federal Contract Tower,0,11,7,0,18,0,1,4,0,5,0,12,11,0,23,18,0,18,41
10/26/2020,SWO,OK,ASW,CE,Federal Contract Tower,0,2,0,0,2,0,0,0,0,0,0,2,0,0,2,0,0,0,2
10/27/2020,SWO,OK,ASW,CE,Federal Contract Tower,0,0,2,0,2,0,0,0,0,0,0,0,2,0,2,0,0,0,2
10/29/2020,SWO,OK,ASW,CE,Federal Contract Tower,0,4,23,0,27,0,4,71,0,75,0,8,94,0,102,72,0,72,174
10/30/2020,SWO,OK,ASW,CE,Federal Contract Tower,0,7,21,1,29,0,8,165,2,175,0,15,186,3,204,196,4,200,404
10/31/2020,SWO,OK,ASW,CE,Federal Contract Tower,1,16,21,0,38,0,3,80,1,84,1,19,101,1,122,90,8,98,220
11/01/2020,SWO,OK,ASW,CE,Federal Contract Tower,0,4,8,0,12,0,2,50,0,52,0,6,58,0,64,58,0,58,122
11/02/2020,SWO,OK,ASW,CE,Federal Contract Tower,0,2,17,0,19,0,3,139,3,145,0,5,156,3,164,144,24,168,332
11/03/2020,SWO,OK,ASW,CE,Federal Contract Tower,0,4,11,0,15,0,0,122,5,127,0,4,133,5,142,74,32,106,248
11/05/2020,SWO,OK,ASW,CE,Federal Contract Tower,0,3,10,10,23,0,0,144,3,147,0,3,154,13,170,152,20,172,342
11/06/2020,SWO,OK,ASW,CE,Federal Contract Tower,0,2,13,5,20,0,0,153,2,155,0,2,166,7,175,98,22,120,295
11/08/2020,SWO,OK,ASW,CE,Federal Contract Tower,0,5,10,3,18,0,4,17,2,23,0,9,27,5,41,24,0,24,65
11/09/2020,SWO,OK,ASW,CE,Federal Contract Tower,0,2,16,19,37,0,4,66,10,80,0,6,82,29,117,34,74,108,225
11/10/2020,SWO,OK,ASW,CE,Federal Contract Tower,0,1,19,5,25,0,3,82,10,95,0,4,101,15,120,124,22,146,266
11/11/2020,SWO,OK,ASW,CE,Federal Contract Tower,0,1,30,0,31,0,2,140,0,142,0,3,170,0,173,158,0,158,331
11/12/2020,SWO,OK,ASW,CE,Federal Contract Tower,0,4,20,3,27,0,0,118,11,129,0,4,138,14,156,111,54,165,321
11/13/2020,SWO,OK,ASW,CE,Federal Contract Tower,0,5,11,0,16,0,0,104,2,106,0,5,115,2,122,120,0,120,242
11/14/2020,SWO,OK,ASW,CE,Federal Contract Tower,0,1,11,0,12,0,0,12,0,12,0,1,23,0,24,12,0,12,36
11/15/2020,SWO,OK,ASW,CE,Federal Contract Tower,0,1,4,0,5,0,6,65,0,71,0,7,69,0,76,76,8,84,160
11/16/2020,SWO,OK,ASW,CE,Federal Contract Tower,0,5,17,0,22,0,2,112,3,117,0,7,129,3,139,146,6,152,291
11/18/2020,SWO,OK,ASW,CE,Federal Contract Tower,0,1,18,1,20,0,0,58,4,62,0,1,76,5,82,62,4,66,148
11/19/2020,SWO,OK,ASW,CE,Federal Contract Tower,0,2,19,2,23,0,3,109,6,118,0,5,128,8,141,38,6,44,185
11/20/2020,SWO,OK,ASW,CE,Federal Contract Tower,0,2,17,0,19,0,9,86,3,98,0,11,103,3,117,190,10,200,317
11/21/2020,SWO,OK,ASW,CE,Federal Contract Tower,0,3,6,0,9,0,0,0,0,0,0,3,6,0,9,0,0,0,9
11/22/2020,SWO,OK,ASW,CE,Federal Contract Tower,0,3,9,4,16,0,0,24,0,24,0,3,33,4,40,50,0,50,90
11/23/2020,SWO,OK,ASW,CE,Federal Contract Tower,0,2,19,0,21,0,5,49,5,59,0,7,68,5,80,102,24,126,206
11/24/2020,SWO,OK,ASW,CE,Federal Contract Tower,0,1,0,0,1,0,0,0,0,0,0,1,0,0,1,0,0,0,1
11/25/2020,SWO,OK,ASW,CE,Federal Contract Tower,0,3,16,0,19,0,0,28,3,31,0,3,44,3,50,38,0,38,88
11/26/2020,SWO,OK,ASW,CE,Federal Contract Tower,0,0,2,0,2,0,8,9,0,17,0,8,11,0,19,6,0,6,25
11/27/2020,SWO,OK,ASW,CE,Federal Contract Tower,0,2,4,0,6,0,6,14,0,20,0,8,18,0,26,36,0,36,62
11/28/2020,SWO,OK,ASW,CE,Federal Contract Tower,0,1,14,12,27,0,4,18,0,22,0,5,32,12,49,16,0,16,65
11/29/2020,SWO,OK,ASW,CE,Federal Contract Tower,0,6,5,0,11,0,1,6,0,7,0,7,11,0,18,0,0,0,18
11/30/2020,SWO,OK,ASW,CE,Federal Contract Tower,0,5,11,0,16,0,0,103,2,105,0,5,114,2,121,178,0,178,299
12/01/2020,SWO,OK,ASW,CE,Federal Contract Tower,0,4,22,1,27,0,2,122,9,133,0,6,144,10,160,202,36,238,398
12/02/2020,SWO,OK,ASW,CE,Federal Contract Tower,0,5,5,1,11,0,0,1,0,1,0,5,6,1,12,20,0,20,32
12/03/2020,SWO,OK,ASW,CE,Federal Contract Tower,0,3,4,0,7,0,0,3,0,3,0,3,7,0,10,14,0,14,24
12/04/2020,SWO,OK,ASW,CE,Federal Contract Tower,0,6,22,2,30,0,1,194,14,209,0,7,216,16,239,220,12,232,471
12/05/2020,SWO,OK,ASW,CE,Federal Contract Tower,0,7,6,0,13,0,4,88,0,92,0,11,94,0,105,112,0,112,217
12/06/2020,SWO,OK,ASW,CE,Federal Contract Tower,0,2,5,0,7,0,0,81,0,81,0,2,86,0,88,142,0,142,230
12/07/2020,SWO,OK,ASW,CE,Federal Contract Tower,0,1,31,1,33,0,1,119,8,128,0,2,150,9,161,158,40,198,359
12/08/2020,SWO,OK,ASW,CE,Federal Contract Tower,0,2,23,4,29,0,3,127,4,134,0,5,150,8,163,214,6,220,383
12/09/2020,SWO,OK,ASW,CE,Federal Contract Tower,0,2,35,5,42,0,9,165,9,183,0,11,200,14,225,260,8,268,493
12/10/2020,SWO,OK,ASW,CE,Federal Contract Tower,0,2,24,13,39,0,0,126,5,131,0,2,150,18,170,112,10,122,292
12/11/2020,SWO,OK,ASW,CE,Federal Contract Tower,1,3,17,6,27,0,0,108,14,122,1,3,125,20,149,72,22,94,243
12/12/2020,SWO,OK,ASW,CE,Federal Contract Tower,2,4,8,3,17,0,0,28,2,30,2,4,36,5,47,60,26,86,133
12/13/2020,SWO,OK,ASW,CE,Federal Contract Tower,0,1,2,0,3,0,3,0,0,3,0,4,2,0,6,0,0,0,6
12/14/2020,SWO,OK,ASW,CE,Federal Contract Tower,0,3,15,0,18,0,3,48,0,51,0,6,63,0,69,56,0,56,125
12/15/2020,SWO,OK,ASW,CE,Federal Contract Tower,0,2,0,0,2,0,0,2,0,2,0,2,2,0,4,0,0,0,4
12/16/2020,SWO,OK,ASW,CE,Federal Contract Tower,0,4,25,1,30,0,3,98,1,102,0,7,123,2,132,126,4,130,262
12/17/2020,SWO,OK,ASW,CE,Federal Contract Tower,0,4,30,2,36,0,11,199,4,214,0,15,229,6,250,180,12,192,442
12/18/2020,SWO,OK,ASW,CE,Federal Contract Tower,0,1,10,0,11,0,0,68,0,68,0,1,78,0,79,54,0,54,133
12/19/2020,SWO,OK,ASW,CE,Federal Contract Tower,0,4,17,1,22,0,3,116,1,120,0,7,133,2,142,104,14,118,260
12/20/2020,SWO,OK,ASW,CE,Federal Contract Tower,0,3,16,0,19,0,2,111,0,113,0,5,127,0,132,72,0,72,204
12/21/2020,SWO,OK,ASW,CE,Federal Contract Tower,0,4,17,11,32,0,0,88,1,89,0,4,105,12,121,68,0,68,189
12/22/2020,SWO,OK,ASW,CE,Federal Contract Tower,0,3,5,0,8,0,1,63,2,66,0,4,68,2,74,52,0,52,126
12/23/2020,SWO,OK,ASW,CE,Federal Contract Tower,0,3,3,0,6,0,4,11,2,17,0,7,14,2,23,0,0,0,23
12/24/2020,SWO,OK,ASW,CE,Federal Contract Tower,0,2,1,0,3,0,1,4,0,5,0,3,5,0,8,0,0,0,8
12/25/2020,SWO,OK,ASW,CE,Federal Contract Tower,0,2,0,0,2,0,2,2,0,4,0,4,2,0,6,0,0,0,6
12/26/2020,SWO,OK,ASW,CE,Federal Contract Tower,0,4,3,0,7,0,7,22,0,29,0,11,25,0,36,8,0,8,44
12/27/2020,SWO,OK,ASW,CE,Federal Contract Tower,0,2,2,0,4,0,2,29,0,31,0,4,31,0,35,14,0,14,49
12/28/2020,SWO,OK,ASW,CE,Federal Contract Tower,4,3,6,0,13,0,5,16,0,21,4,8,22,0,34,8,0,8,42
12/29/2020,SWO,OK,ASW,CE,Federal Contract Tower,0,2,4,0,6,0,0,0,0,0,0,2,4,0,6,0,0,0,6
12/31/2020,SWO,OK,ASW,CE,Federal Contract Tower,0,1,2,0,3,0,1,5,0,6,0,2,7,0,9,12,0,12,21
01/01/2021,SWO,OK,ASW,CE,Federal Contract Tower,0,5,1,0,6,0,1,0,0,1,0,6,1,0,7,0,0,0,7
01/02/2021,SWO,OK,ASW,CE,Federal Contract Tower,0,7,4,0,11,0,6,6,0,12,0,13,10,0,23,0,0,0,23
01/03/2021,SWO,OK,ASW,CE,Federal Contract Tower,0,4,3,0,7,0,4,16,0,20,0,8,19,0,27,22,0,22,49
01/04/2021,SWO,OK,ASW,CE,Federal Contract Tower,1,2,22,0,25,0,3,77,0,80,1,5,99,0,105,58,0,58,163
01/05/2021,SWO,OK,ASW,CE,Federal Contract Tower,0,1,35,1,37,0,2,109,5,116,0,3,144,6,153,90,10,100,253
01/06/2021,SWO,OK,ASW,CE,Federal Contract Tower,0,1,18,2,21,0,0,37,0,37,0,1,55,2,58,60,0,60,118
01/07/2021,SWO,OK,ASW,CE,Federal Contract Tower,0,1,4,0,5,0,0,1,0,1,0,1,5,0,6,0,0,0,6
01/08/2021,SWO,OK,ASW,CE,Federal Contract Tower,0,1,7,4,12,0,4,46,10,60,0,5,53,14,72,36,0,36,108
01/09/2021,SWO,OK,ASW,CE,Federal Contract Tower,0,5,16,0,21,0,0,146,0,146,0,5,162,0,167,140,0,140,307
01/10/2021,SWO,OK,ASW,CE,Federal Contract Tower,0,1,4,0,5,0,1,23,0,24,0,2,27,0,29,32,0,32,61
01/11/2021,SWO,OK,ASW,CE,Federal Contract Tower,0,1,35,0,36,0,0,154,2,156,0,1,189,2,192,173,2,175,367
01/12/2021,SWO,OK,ASW,CE,Federal Contract Tower,0,3,37,0,40,0,3,137,0,140,0,6,174,0,180,148,2,150,330
01/13/2021,SWO,OK,ASW,CE,Federal Contract Tower,0,4,28,0,32,0,2,135,3,140,0,6,163,3,172,164,4,168,340
01/14/2021,SWO,OK,ASW,CE,Federal Contract Tower,0,3,10,4,17,0,4,18,3,25,0,7,28,7,42,2,0,2,44
01/15/2021,SWO,OK,ASW,CE,Federal Contract Tower,0,1,6,0,7,0,0,7,0,7,0,1,13,0,14,0,0,0,14
01/16/2021,SWO,OK,ASW,CE,Federal Contract Tower,0,3,25,0,28,0,1,114,0,115,0,4,139,0,143,132,0,132,275
01/17/2021,SWO,OK,ASW,CE,Federal Contract Tower,0,4,10,2,16,0,3,52,2,57,0,7,62,4,73,30,10,40,113
01/18/2021,SWO,OK,ASW,CE,Federal Contract Tower,0,1,10,0,11,0,0,50,0,50,0,1,60,0,61,38,0,38,99
01/19/2021,SWO,OK,ASW,CE,Federal Contract Tower,0,1,21,0,22,0,12,101,0,113,0,13,122,0,135,132,0,132,267
01/20/2021,SWO,OK,ASW,CE,Federal Contract Tower,0,2,24,2,28,0,2,107,9,118,0,4,131,11,146,172,6,178,324
01/21/2021,SWO,OK,ASW,CE,Federal Contract Tower,0,1,28,1,30,0,0,71,0,71,0,1,99,1,101,92,0,92,193
01/22/2021,SWO,OK,ASW,CE,Federal Contract Tower,0,3,38,1,42,0,2,169,5,176,0,5,207,6,218,224,18,242,460
01/23/2021,SWO,OK,ASW,CE,Federal Contract Tower,0,2,11,1,14,0,2,21,3,26,0,4,32,4,40,80,2,82,122
01/24/2021,SWO,OK,ASW,CE,Federal Contract Tower,0,3,2,3,8,0,0,2,0,2,0,3,4,3,10,2,0,2,12
01/25/2021,SWO,OK,ASW,CE,Federal Contract Tower,0,1,9,0,10,0,0,1,0,1,0,1,10,0,11,0,0,0,11
01/26/2021,SWO,OK,ASW,CE,Federal Contract Tower,0,5,1,7,13,0,2,6,6,14,0,7,7,13,27,80,6,86,113
01/27/2021,SWO,OK,ASW,CE,Federal Contract Tower,0,1,17,2,20,0,11,84,1,96,0,12,101,3,116,266,14,280,396
01/28/2021,SWO,OK,ASW,CE,Federal Contract Tower,0,1,22,8,31,0,0,117,2,119,0,1,139,10,150,138,0,138,288
01/29/2021,SWO,OK,ASW,CE,Federal Contract Tower,0,2,33,2,37,0,2,183,10,195,0,4,216,12,232,150,20,170,402
01/30/2021,SWO,OK,ASW,CE,Federal Contract Tower,0,3,6,0,9,0,3,2,0,5,0,6,8,0,14,0,0,0,14
01/31/2021,SWO,OK,ASW,CE,Federal Contract Tower,0,2,9,0,11,0,0,30,0,30,0,2,39,0,41,44,0,44,85
02/01/2021,SWO,OK,ASW,CE,Federal Contract Tower,0,1,32,3,36,0,2,164,1,167,0,3,196,4,203,202,14,216,419
02/02/2021,SWO,OK,ASW,CE,Federal Contract Tower,0,1,22,7,30,0,2,134,5,141,0,3,156,12,171,134,26,160,331
02/03/2021,SWO,OK,ASW,CE,Federal Contract Tower,0,1,23,0,24,0,0,150,0,150,0,1,173,0,174,218,0,218,392
02/04/2021,SWO,OK,ASW,CE,Federal Contract Tower,0,1,13,4,18,0,0,25,5,30,0,1,38,9,48,28,70,98,146
02/05/2021,SWO,OK,ASW,CE,Federal Contract Tower,0,1,30,4,35,0,4,163,3,170,0,5,193,7,205,272,10,282,487
02/06/2021,SWO,OK,ASW,CE,Federal Contract Tower,0,3,11,3,17,0,0,14,0,14,0,3,25,3,31,4,0,4,35
02/07/2021,SWO,OK,ASW,CE,Federal Contract Tower,0,1,2,0,3,0,0,2,0,2,0,1,4,0,5,0,0,0,5
02/08/2021,SWO,OK,ASW,CE,Federal Contract Tower,0,1,0,0,1,0,0,0,0,0,0,1,0,0,1,0,0,0,1
02/09/2021,SWO,OK,ASW,CE,Federal Contract Tower,0,1,3,0,4,0,0,0,0,0,0,1,3,0,4,0,0,0,4
02/10/2021,SWO,OK,ASW,CE,Federal Contract Tower,0,1,3,0,4,0,0,0,0,0,0,1,3,0,4,0,0,0,4
02/11/2021,SWO,OK,ASW,CE,Federal Contract Tower,0,2,0,0,2,0,0,0,0,0,0,2,0,0,2,0,0,0,2
02/12/2021,SWO,OK,ASW,CE,Federal Contract Tower,0,1,2,0,3,0,0,0,0,0,0,1,2,0,3,0,0,0,3
02/13/2021,SWO,OK,ASW,CE,Federal Contract Tower,0,1,3,0,4,0,0,4,6,10,0,1,7,6,14,0,0,0,14
02/14/2021,SWO,OK,ASW,CE,Federal Contract Tower,0,0,0,0,0,0,0,0,0,0,0,0,0,0,0,0,0,0,0
02/15/2021,SWO,OK,ASW,CE,Federal Contract Tower,0,0,0,0,0,0,0,2,0,2,0,0,2,0,2,0,0,0,2
02/16/2021,SWO,OK,ASW,CE,Federal Contract Tower,0,0,0,0,0,0,0,0,0,0,0,0,0,0,0,0,0,0,0
02/17/2021,SWO,OK,ASW,CE,Federal Contract Tower,0,0,0,0,0,0,2,0,0,2,0,2,0,0,2,0,0,0,2
02/18/2021,SWO,OK,ASW,CE,Federal Contract Tower,0,3,3,0,6,0,1,14,0,15,0,4,17,0,21,34,0,34,55
02/19/2021,SWO,OK,ASW,CE,Federal Contract Tower,0,4,5,1,10,0,5,47,22,74,0,9,52,23,84,52,4,56,140
02/20/2021,SWO,OK,ASW,CE,Federal Contract Tower,0,2,6,0,8,0,1,19,3,23,0,3,25,3,31,40,30,70,101
02/21/2021,SWO,OK,ASW,CE,Federal Contract Tower,0,3,2,0,5,0,3,11,2,16,0,6,13,2,21,6,0,6,27
02/22/2021,SWO,OK,ASW,CE,Federal Contract Tower,1,1,34,2,38,0,1,156,4,161,1,2,190,6,199,176,38,214,413
02/23/2021,SWO,OK,ASW,CE,Federal Contract Tower,0,4,32,2,38,0,7,161,6,174,0,11,193,8,212,188,18,206,418
02/24/2021,SWO,OK,ASW,CE,Federal Contract Tower,0,3,40,4,47,2,165,3,0,170,2,168,43,4,217,181,10,191,408
02/25/2021,SWO,OK,ASW,CE,Federal Contract Tower,0,2,21,3,26,0,0,131,6,137,0,2,152,9,163,206,0,206,369
02/26/2021,SWO,OK,ASW,CE,Federal Contract Tower,0,4,48,6,58,0,0,47,0,47,0,4,95,6,105,104,0,104,209
02/27/2021,SWO,OK,ASW,CE,Federal Contract Tower,0,1,14,0,15,0,0,6,0,6,0,1,20,0,21,0,0,0,21
02/28/2021,SWO,OK,ASW,CE,Federal Contract Tower,0,2,12,4,18,0,1,63,0,64,0,3,75,4,82,64,0,64,146
03/01/2021,SWO,OK,ASW,CE,Federal Contract Tower,0,1,55,4,60,0,1,211,0,212,0,2,266,4,272,172,0,172,444
03/02/2021,SWO,OK,ASW,CE,Federal Contract Tower,0,1,20,2,23,0,0,159,3,162,0,1,179,5,185,150,14,164,349
03/03/2021,SWO,OK,ASW,CE,Federal Contract Tower,0,3,30,5,38,0,1,161,8,170,0,4,191,13,208,198,0,198,406
03/04/2021,SWO,OK,ASW,CE,Federal Contract Tower,0,2,25,0,27,0,4,104,5,113,0,6,129,5,140,126,6,132,272
03/05/2021,SWO,OK,ASW,CE,Federal Contract Tower,0,1,37,1,39,0,1,99,12,112,0,2,136,13,151,130,14,144,295
03/06/2021,SWO,OK,ASW,CE,Federal Contract Tower,0,3,22,1,26,0,0,105,4,109,0,3,127,5,135,128,0,128,263
03/07/2021,SWO,OK,ASW,CE,Federal Contract Tower,0,2,0,0,2,0,0,45,1,46,0,2,45,1,48,58,14,72,120
03/08/2021,SWO,OK,ASW,CE,Federal Contract Tower,0,1,35,0,36,0,4,156,2,162,0,5,191,2,198,154,0,154,352
03/09/2021,SWO,OK,ASW,CE,Federal Contract Tower,0,1,25,5,31,0,6,59,8,73,0,7,84,13,104,22,14,36,140
03/10/2021,SWO,OK,ASW,CE,Federal Contract Tower,0,5,27,2,34,0,4,94,2,100,0,9,121,4,134,76,10,86,220
03/11/2021,SWO,OK,ASW,CE,Federal Contract Tower,1,3,19,0,23,0,0,0,0,0,1,3,19,0,23,8,0,8,31
03/12/2021,SWO,OK,ASW,CE,Federal Contract Tower,1,2,14,0,17,0,0,1,0,1,1,2,15,0,18,18,0,18,36
03/13/2021,SWO,OK,ASW,CE,Federal Contract Tower,0,4,5,0,9,0,1,0,0,1,0,5,5,0,10,0,0,0,10
03/14/2021,SWO,OK,ASW,CE,Federal Contract Tower,2,5,13,0,20,0,3,32,0,35,2,8,45,0,55,30,0,30,85
03/15/2021,SWO,OK,ASW,CE,Federal Contract Tower,0,3,44,4,51,0,0,129,3,132,0,3,173,7,183,126,2,128,311
03/16/2021,SWO,OK,ASW,CE,Federal Contract Tower,0,4,41,5,50,0,2,153,1,156,0,6,194,6,206,142,4,146,352
03/18/2021,SWO,OK,ASW,CE,Federal Contract Tower,0,7,14,15,36,0,5,41,4,50,0,12,55,19,86,30,30,60,146
03/19/2021,SWO,OK,ASW,CE,Federal Contract Tower,0,5,40,1,46,0,1,196,1,198,0,6,236,2,244,184,0,184,428
03/20/2021,SWO,OK,ASW,CE,Federal Contract Tower,0,1,20,2,23,0,0,107,0,107,0,1,127,2,130,98,0,98,228
03/21/2021,SWO,OK,ASW,CE,Federal Contract Tower,0,3,10,10,23,0,4,28,0,32,0,7,38,10,55,26,0,26,81
03/22/2021,SWO,OK,ASW,CE,Federal Contract Tower,2,2,12,1,17,0,0,19,1,20,2,2,31,2,37,22,2,24,61
03/23/2021,SWO,OK,ASW,CE,Federal Contract Tower,0,1,23,0,24,0,11,48,2,61,0,12,71,2,85,112,0,112,197
03/24/2021,SWO,OK,ASW,CE,Federal Contract Tower,0,3,35,12,50,0,2,174,4,180,0,5,209,16,230,154,20,174,404
03/25/2021,SWO,OK,ASW,CE,Federal Contract Tower,0,3,49,14,66,0,0,98,7,105,0,3,147,21,171,100,56,156,327
03/26/2021,SWO,OK,ASW,CE,Federal Contract Tower,0,1,41,0,42,0,3,156,3,162,0,4,197,3,204,122,10,132,336
03/27/2021,SWO,OK,ASW,CE,Federal Contract Tower,0,1,20,8,29,0,1,109,15,125,0,2,129,23,154,92,48,140,294
03/28/2021,SWO,OK,ASW,CE,Federal Contract Tower,0,1,15,2,18,0,0,105,0,105,0,1,120,2,123,116,0,116,239
03/29/2021,SWO,OK,ASW,CE,Federal Contract Tower,0,1,10,0,11,0,5,50,0,55,0,6,60,0,66,24,0,24,90
03/30/2021,SWO,OK,ASW,CE,Federal Contract Tower,0,3,35,5,43,0,9,155,3,167,0,12,190,8,210,132,16,148,358
03/31/2021,SWO,OK,ASW,CE,Federal Contract Tower,0,1,34,13,48,0,1,148,7,156,0,2,182,20,204,168,14,182,386
04/01/2021,SWO,OK,ASW,CE,Federal Contract Tower,0,4,42,14,60,0,1,138,10,149,0,5,180,24,209,216,20,236,445
04/02/2021,SWO,OK,ASW,CE,Federal Contract Tower,0,3,28,0,31,0,4,110,2,116,0,7,138,2,147,116,0,116,263
04/03/2021,SWO,OK,ASW,CE,Federal Contract Tower,0,1,17,0,18,0,0,54,0,54,0,1,71,0,72,80,0,80,152
04/04/2021,SWO,OK,ASW,CE,Federal Contract Tower,0,3,5,1,9,0,0,24,0,24,0,3,29,1,33,20,0,20,53
04/05/2021,SWO,OK,ASW,CE,Federal Contract Tower,0,3,36,6,45,0,8,123,4,135,0,11,159,10,180,140,12,152,332
04/06/2021,SWO,OK,ASW,CE,Federal Contract Tower,0,1,8,10,19,0,0,11,1,12,0,1,19,11,31,32,12,44,75
04/07/2021,SWO,OK,ASW,CE,Federal Contract Tower,0,0,12,6,18,0,1,30,0,31,0,1,42,6,49,52,0,52,101
04/08/2021,SWO,OK,ASW,CE,Federal Contract Tower,0,1,24,6,31,0,0,90,7,97,0,1,114,13,128,86,12,98,226
04/09/2021,SWO,OK,ASW,CE,Federal Contract Tower,0,2,17,0,19,0,0,75,3,78,0,2,92,3,97,148,6,154,251
04/10/2021,SWO,OK,ASW,CE,Federal Contract Tower,0,4,27,5,36,0,0,100,0,100,0,4,127,5,136,102,0,102,238
04/11/2021,SWO,OK,ASW,CE,Federal Contract Tower,0,2,10,2,14,0,0,82,0,82,0,2,92,2,96,50,0,50,146
04/12/2021,SWO,OK,ASW,CE,Federal Contract Tower,0,1,43,9,53,0,0,140,8,148,0,1,183,17,201,172,32,204,405
04/13/2021,SWO,OK,ASW,CE,Federal Contract Tower,0,1,18,10,29,0,0,93,4,97,0,1,111,14,126,158,28,186,312
04/14/2021,SWO,OK,ASW,CE,Federal Contract Tower,0,1,29,3,33,0,2,96,3,101,0,3,125,6,134,174,4,178,312
04/15/2021,SWO,OK,ASW,CE,Federal Contract Tower,0,1,22,4,27,0,3,122,1,126,0,4,144,5,153,142,12,154,307
04/16/2021,SWO,OK,ASW,CE,Federal Contract Tower,0,3,5,2,10,0,0,0,0,0,0,3,5,2,10,0,0,0,10
04/17/2021,SWO,OK,ASW,CE,Federal Contract Tower,0,1,13,0,14,0,3,49,0,52,0,4,62,0,66,64,0,64,130
04/18/2021,SWO,OK,ASW,CE,Federal Contract Tower,0,2,15,1,18,0,2,49,4,55,0,4,64,5,73,102,6,108,181
04/19/2021,SWO,OK,ASW,CE,Federal Contract Tower,0,1,33,0,34,0,1,161,9,171,0,2,194,9,205,196,6,202,407
04/20/2021,SWO,OK,ASW,CE,Federal Contract Tower,0,5,14,1,20,0,2,56,0,58,0,7,70,1,78,100,4,104,182
04/21/2021,SWO,OK,ASW,CE,Federal Contract Tower,0,3,28,1,32,0,0,138,3,141,0,3,166,4,173,238,6,244,417
04/22/2021,SWO,OK,ASW,CE,Federal Contract Tower,0,5,34,9,48,0,3,98,12,113,0,8,132,21,161,122,60,182,343
04/23/2021,SWO,OK,ASW,CE,Federal Contract Tower,0,4,2,3,9,0,0,2,1,3,0,4,4,4,12,20,0,20,32
04/24/2021,SWO,OK,ASW,CE,Federal Contract Tower,0,1,42,2,45,0,0,87,0,87,0,1,129,2,132,164,0,164,296
04/25/2021,SWO,OK,ASW,CE,Federal Contract Tower,0,1,19,6,26,0,1,47,0,48,0,2,66,6,74,38,8,46,120
04/26/2021,SWO,OK,ASW,CE,Federal Contract Tower,0,1,36,19,56,0,1,116,12,129,0,2,152,31,185,70,32,102,287
04/27/2021,SWO,OK,ASW,CE,Federal Contract Tower,0,1,31,8,40,0,2,46,1,49,0,3,77,9,89,42,54,96,185
04/28/2021,SWO,OK,ASW,CE,Federal Contract Tower,0,1,4,0,5,0,1,0,0,1,0,2,4,0,6,0,0,0,6
04/29/2021,SWO,OK,ASW,CE,Federal Contract Tower,0,1,31,13,45,0,2,152,3,157,0,3,183,16,202,142,10,152,354
04/30/2021,SWO,OK,ASW,CE,Federal Contract Tower,0,3,21,9,33,0,2,170,3,175,0,5,191,12,208,276,8,284,492
05/01/2021,SWO,OK,ASW,CE,Federal Contract Tower,0,6,16,3,25,0,0,45,8,53,0,6,61,11,78,72,26,98,176
05/02/2021,SWO,OK,ASW,CE,Federal Contract Tower,0,1,4,6,11,0,1,9,0,10,0,2,13,6,21,0,0,0,21
05/03/2021,SWO,OK,ASW,CE,Federal Contract Tower,0,4,13,20,37,0,3,28,5,36,0,7,41,25,73,112,4,116,189
05/04/2021,SWO,OK,ASW,CE,Federal Contract Tower,0,3,28,16,47,0,5,82,5,92,0,8,110,21,139,116,0,116,255
05/05/2021,SWO,OK,ASW,CE,Federal Contract Tower,0,3,32,9,44,0,1,180,7,188,0,4,212,16,232,220,28,248,480
05/06/2021,SWO,OK,ASW,CE,Federal Contract Tower,0,7,27,14,48,0,0,138,4,142,0,7,165,18,190,148,0,148,338
05/07/2021,SWO,OK,ASW,CE,Federal Contract Tower,0,5,27,9,41,0,6,104,4,114,0,11,131,13,155,112,16,128,283
05/08/2021,SWO,OK,ASW,CE,Federal Contract Tower,0,7,10,0,17,0,2,34,0,36,0,9,44,0,53,16,0,16,69
05/09/2021,SWO,OK,ASW,CE,Federal Contract Tower,0,2,7,3,12,0,0,16,0,16,0,2,23,3,28,36,0,36,64
05/10/2021,SWO,OK,ASW,CE,Federal Contract Tower,0,1,28,9,38,0,0,0,0,0,0,1,28,9,38,250,6,256,294
05/11/2021,SWO,OK,ASW,CE,Federal Contract Tower,0,1,8,2,11,0,1,15,1,17,0,2,23,3,28,36,0,36,64
05/12/2021,SWO,OK,ASW,CE,Federal Contract Tower,0,2,30,2,34,0,6,98,1,105,0,8,128,3,139,148,4,152,291
05/13/2021,SWO,OK,ASW,CE,Federal Contract Tower,0,1,24,3,28,0,3,145,11,159,0,4,169,14,187,156,28,184,371
05/14/2021,SWO,OK,ASW,CE,Federal Contract Tower,0,6,24,12,42,0,1,115,2,118,0,7,139,14,160,140,52,192,352
05/15/2021,SWO,OK,ASW,CE,Federal Contract Tower,0,6,9,6,21,0,1,19,5,25,0,7,28,11,46,64,26,90,136
05/16/2021,SWO,OK,ASW,CE,Federal Contract Tower,0,4,0,0,4,0,0,2,0,2,0,4,2,0,6,6,0,6,12
05/17/2021,SWO,OK,ASW,CE,Federal Contract Tower,0,1,20,16,37,0,0,18,0,18,0,1,38,16,55,18,0,18,73
05/18/2021,SWO,OK,ASW,CE,Federal Contract Tower,0,4,6,10,20,0,3,6,1,10,0,7,12,11,30,28,0,28,58
05/19/2021,SWO,OK,ASW,CE,Federal Contract Tower,0,4,24,17,45,0,0,35,3,38,0,4,59,20,83,86,10,96,179
05/20/2021,SWO,OK,ASW,CE,Federal Contract Tower,3,8,22,9,42,0,1,25,3,29,3,9,47,12,71,46,2,48,119
05/21/2021,SWO,OK,ASW,CE,Federal Contract Tower,0,1,28,6,35,0,3,26,0,29,0,4,54,6,64,66,0,66,130
05/22/2021,SWO,OK,ASW,CE,Federal Contract Tower,0,1,8,0,9,0,0,1,0,1,0,1,9,0,10,12,0,12,22
05/23/2021,SWO,OK,ASW,CE,Federal Contract Tower,0,2,14,2,18,0,0,9,0,9,0,2,23,2,27,28,0,28,55
05/24/2021,SWO,OK,ASW,CE,Federal Contract Tower,0,1,15,4,20,0,1,28,0,29,0,2,43,4,49,30,0,30,79
05/25/2021,SWO,OK,ASW,CE,Federal Contract Tower,0,1,22,13,36,0,2,41,0,43,0,3,63,13,79,48,8,56,135
05/26/2021,SWO,OK,ASW,CE,Federal Contract Tower,0,7,32,2,41,0,0,33,0,33,0,7,65,2,74,116,0,116,190
05/27/2021,SWO,OK,ASW,CE,Federal Contract Tower,0,2,5,0,7,0,0,1,0,1,0,2,6,0,8,12,0,12,20
05/28/2021,SWO,OK,ASW,CE,Federal Contract Tower,0,1,22,0,23,0,0,139,2,141,0,1,161,2,164,194,0,194,358
05/29/2021,SWO,OK,ASW,CE,Federal Contract Tower,0,1,15,0,16,0,3,73,2,78,0,4,88,2,94,122,0,122,216
05/30/2021,SWO,OK,ASW,CE,Federal Contract Tower,0,1,7,0,8,0,5,11,0,16,0,6,18,0,24,18,0,18,42
05/31/2021,SWO,OK,ASW,CE,Federal Contract Tower,0,5,0,0,5,0,0,0,0,0,0,5,0,0,5,0,0,0,5
06/01/2021,SWO,OK,ASW,CE,Federal Contract Tower,0,2,23,6,31,0,1,29,0,30,0,3,52,6,61,44,8,52,113
06/02/2021,SWO,OK,ASW,CE,Federal Contract Tower,0,3,26,0,29,0,4,119,0,123,0,7,145,0,152,194,0,194,346
06/03/2021,SWO,OK,ASW,CE,Federal Contract Tower,0,4,23,5,32,0,9,120,10,139,0,13,143,15,171,140,24,164,335
06/04/2021,SWO,OK,ASW,CE,Federal Contract Tower,0,5,17,10,32,0,0,113,4,117,0,5,130,14,149,80,16,96,245
06/05/2021,SWO,OK,ASW,CE,Federal Contract Tower,0,9,15,0,24,0,4,59,1,64,0,13,74,1,88,108,6,114,202
06/06/2021,SWO,OK,ASW,CE,Federal Contract Tower,0,6,9,1,16,0,4,17,1,22,0,10,26,2,38,24,0,24,62
06/07/2021,SWO,OK,ASW,CE,Federal Contract Tower,0,1,16,13,30,0,7,84,4,95,0,8,100,17,125,146,4,150,275
06/08/2021,SWO,OK,ASW,CE,Federal Contract Tower,0,2,26,26,54,0,2,116,0,118,0,4,142,26,172,128,0,128,300
06/09/2021,SWO,OK,ASW,CE,Federal Contract Tower,0,7,25,0,32,0,0,83,0,83,0,7,108,0,115,144,0,144,259
06/10/2021,SWO,OK,ASW,CE,Federal Contract Tower,0,4,27,4,35,0,1,163,7,171,0,5,190,11,206,240,14,254,460
06/11/2021,SWO,OK,ASW,CE,Federal Contract Tower,0,8,16,2,26,0,3,149,1,153,0,11,165,3,179,222,6,228,407
06/12/2021,SWO,OK,ASW,CE,Federal Contract Tower,0,2,18,0,20,0,0,125,0,125,0,2,143,0,145,164,0,164,309
06/13/2021,SWO,OK,ASW,CE,Federal Contract Tower,0,3,11,2,16,0,7,28,0,35,0,10,39,2,51,50,0,50,101
06/14/2021,SWO,OK,ASW,CE,Federal Contract Tower,0,3,19,11,33,0,3,147,5,155,0,6,166,16,188,210,48,258,446
06/15/2021,SWO,OK,ASW,CE,Federal Contract Tower,0,5,25,6,36,0,1,144,9,154,0,6,169,15,190,182,8,190,380
06/16/2021,SWO,OK,ASW,CE,Federal Contract Tower,0,7,18,10,35,0,1,147,3,151,0,8,165,13,186,289,20,309,495
06/17/2021,SWO,OK,ASW,CE,Federal Contract Tower,0,4,25,10,39,0,6,193,7,206,0,10,218,17,245,256,28,284,529
06/18/2021,SWO,OK,ASW,CE,Federal Contract Tower,0,2,21,1,24,0,0,121,0,121,0,2,142,1,145,178,0,178,323
06/19/2021,SWO,OK,ASW,CE,Federal Contract Tower,0,2,12,0,14,0,1,97,0,98,0,3,109,0,112,228,0,228,340
06/20/2021,SWO,OK,ASW,CE,Federal Contract Tower,0,2,10,0,12,0,3,35,0,38,0,5,45,0,50,28,0,28,78
06/21/2021,SWO,OK,ASW,CE,Federal Contract Tower,0,2,7,3,12,0,3,6,3,12,0,5,13,6,24,0,0,0,24
06/22/2021,SWO,OK,ASW,CE,Federal Contract Tower,0,2,21,6,29,0,0,169,5,174,0,2,190,11,203,228,4,232,435
06/23/2021,SWO,OK,ASW,CE,Federal Contract Tower,0,3,33,13,49,0,8,119,4,131,0,11,152,17,180,208,26,234,414
06/24/2021,SWO,OK,ASW,CE,Federal Contract Tower,0,3,15,4,22,0,0,74,5,79,0,3,89,9,101,84,12,96,197
06/25/2021,SWO,OK,ASW,CE,Federal Contract Tower,0,6,18,1,25,0,3,108,0,111,0,9,126,1,136,136,0,136,272
06/26/2021,SWO,OK,ASW,CE,Federal Contract Tower,0,6,5,0,11,0,2,23,0,25,0,8,28,0,36,40,0,40,76
06/27/2021,SWO,OK,ASW,CE,Federal Contract Tower,0,4,8,0,12,0,4,9,0,13,0,8,17,0,25,42,0,42,67
06/28/2021,SWO,OK,ASW,CE,Federal Contract Tower,0,3,7,2,12,0,1,13,0,14,0,4,20,2,26,36,0,36,62
06/29/2021,SWO,OK,ASW,CE,Federal Contract Tower,0,2,9,0,11,0,2,13,0,15,0,4,22,0,26,12,0,12,38
06/30/2021,SWO,OK,ASW,CE,Federal Contract Tower,0,2,8,17,27,0,2,71,2,75,0,4,79,19,102,200,12,212,314
07/01/2021,SWO,OK,ASW,CE,Federal Contract Tower,0,2,3,0,5,0,0,12,2,14,0,2,15,2,19,40,0,40,59
07/02/2021,SWO,OK,ASW,CE,Federal Contract Tower,0,3,37,0,40,0,1,99,0,100,0,4,136,0,140,130,0,130,270
07/03/2021,SWO,OK,ASW,CE,Federal Contract Tower,0,2,4,0,6,0,0,83,2,85,0,2,87,2,91,204,8,212,303
07/04/2021,SWO,OK,ASW,CE,Federal Contract Tower,0,3,0,0,3,0,1,11,0,12,0,4,11,0,15,28,0,28,43
07/05/2021,SWO,OK,ASW,CE,Federal Contract Tower,0,3,3,0,6,0,0,23,0,23,0,3,26,0,29,0,0,0,29
07/06/2021,SWO,OK,ASW,CE,Federal Contract Tower,0,2,32,11,45,0,2,157,4,163,0,4,189,15,208,184,34,218,426
07/08/2021,SWO,OK,ASW,CE,Federal Contract Tower,0,2,37,12,51,0,3,147,2,152,0,5,184,14,203,212,0,212,415
07/09/2021,SWO,OK,ASW,CE,Federal Contract Tower,0,2,17,15,34,0,5,123,5,133,0,7,140,20,167,108,22,130,297
07/10/2021,SWO,OK,ASW,CE,Federal Contract Tower,0,2,9,2,13,0,1,47,0,48,0,3,56,2,61,108,0,108,169
07/11/2021,SWO,OK,ASW,CE,Federal Contract Tower,0,4,14,0,18,0,2,41,0,43,0,6,55,0,61,50,0,50,111
07/12/2021,SWO,OK,ASW,CE,Federal Contract Tower,0,2,24,4,30,0,0,113,4,117,0,2,137,8,147,212,2,214,361
07/13/2021,SWO,OK,ASW,CE,Federal Contract Tower,0,2,19,5,26,0,5,135,3,143,0,7,154,8,169,170,16,186,355
07/14/2021,SWO,OK,ASW,CE,Federal Contract Tower,0,2,28,5,35,0,0,144,6,150,0,2,172,11,185,188,32,220,405
07/15/2021,SWO,OK,ASW,CE,Federal Contract Tower,0,4,26,6,36,0,5,114,0,119,0,9,140,6,155,196,2,198,353
07/16/2021,SWO,OK,ASW,CE,Federal Contract Tower,0,4,13,6,23,0,4,110,0,114,0,8,123,6,137,177,0,177,314
07/17/2021,SWO,OK,ASW,CE,Federal Contract Tower,0,2,4,0,6,0,2,59,0,61,0,4,63,0,67,112,0,112,179
07/18/2021,SWO,OK,ASW,CE,Federal Contract Tower,0,2,8,0,10,0,0,15,0,15,0,2,23,0,25,24,0,24,49
07/19/2021,SWO,OK,ASW,CE,Federal Contract Tower,0,0,23,12,35,0,1,99,5,105,0,1,122,17,140,150,0,150,290
07/20/2021,SWO,OK,ASW,CE,Federal Contract Tower,0,5,12,12,29,0,4,108,11,123,0,9,120,23,152,128,28,156,308
07/21/2021,SWO,OK,ASW,CE,Federal Contract Tower,0,3,21,11,35,0,1,128,5,134,0,4,149,16,169,198,52,250,419
07/22/2021,SWO,OK,ASW,CE,Federal Contract Tower,0,4,20,6,30,0,3,140,7,150,0,7,160,13,180,232,44,276,456
07/23/2021,SWO,OK,ASW,CE,Federal Contract Tower,0,3,20,0,23,0,1,128,1,130,0,4,148,1,153,144,2,146,299
07/24/2021,SWO,OK,ASW,CE,Federal Contract Tower,0,0,10,0,10,0,1,69,0,70,0,1,79,0,80,104,0,104,184
07/25/2021,SWO,OK,ASW,CE,Federal Contract Tower,0,2,5,2,9,0,3,20,0,23,0,5,25,2,32,50,0,50,82
07/26/2021,SWO,OK,ASW,CE,Federal Contract Tower,0,2,10,8,20,0,0,66,6,72,0,2,76,14,92,48,60,108,200
07/27/2021,SWO,OK,ASW,CE,Federal Contract Tower,0,3,23,3,29,0,1,111,8,120,0,4,134,11,149,132,26,158,307
07/28/2021,SWO,OK,ASW,CE,Federal Contract Tower,0,2,19,8,29,0,5,89,9,103,0,7,108,17,132,117,38,155,287
07/29/2021,SWO,OK,ASW,CE,Federal Contract Tower,0,2,24,12,38,0,6,132,7,145,0,8,156,19,183,156,10,166,349
07/30/2021,SWO,OK,ASW,CE,Federal Contract Tower,0,4,18,6,28,0,4,84,10,98,0,8,102,16,126,100,6,106,232
07/31/2021,SWO,OK,ASW,CE,Federal Contract Tower,0,2,13,4,19,0,0,37,0,37,0,2,50,4,56,60,0,60,116
08/01/2021,SWO,OK,ASW,CE,Federal Contract Tower,0,3,13,5,21,0,0,28,0,28,0,3,41,5,49,13,0,13,62
08/02/2021,SWO,OK,ASW,CE,Federal Contract Tower,0,2,25,6,33,0,0,94,0,94,0,2,119,6,127,150,0,150,277
08/03/2021,SWO,OK,ASW,CE,Federal Contract Tower,0,6,28,9,43,0,2,114,7,123,0,8,142,16,166,110,34,144,310
08/04/2021,SWO,OK,ASW,CE,Federal Contract Tower,0,4,11,11,26,0,0,79,9,88,0,4,90,20,114,152,10,162,276
08/05/2021,SWO,OK,ASW,CE,Federal Contract Tower,0,2,19,6,27,0,1,95,4,100,0,3,114,10,127,144,6,150,277
08/06/2021,SWO,OK,ASW,CE,Federal Contract Tower,0,2,26,5,33,0,2,103,7,112,0,4,129,12,145,106,6,112,257
08/07/2021,SWO,OK,ASW,CE,Federal Contract Tower,0,3,12,0,15,0,2,46,4,52,0,5,58,4,67,54,22,76,143
08/08/2021,SWO,OK,ASW,CE,Federal Contract Tower,0,4,14,2,20,0,5,28,0,33,0,9,42,2,53,62,0,62,115
08/09/2021,SWO,OK,ASW,CE,Federal Contract Tower,0,2,17,4,23,0,1,85,2,88,0,3,102,6,111,126,8,134,245
08/10/2021,SWO,OK,ASW,CE,Federal Contract Tower,0,2,26,11,39,0,5,88,2,95,0,7,114,13,134,84,10,94,228
08/11/2021,SWO,OK,ASW,CE,Federal Contract Tower,0,2,14,13,29,0,3,84,7,94,0,5,98,20,123,96,16,112,235
08/12/2021,SWO,OK,ASW,CE,Federal Contract Tower,0,3,30,8,41,0,0,66,2,68,0,3,96,10,109,67,8,75,184
08/13/2021,SWO,OK,ASW,CE,Federal Contract Tower,4,11,3,0,18,0,3,41,6,50,4,14,44,6,68,52,16,68,136
08/14/2021,SWO,OK,ASW,CE,Federal Contract Tower,0,3,14,0,17,0,3,34,0,37,0,6,48,0,54,38,0,38,92
08/15/2021,SWO,OK,ASW,CE,Federal Contract Tower,0,2,3,2,7,0,2,27,0,29,0,4,30,2,36,14,0,14,50
08/16/2021,SWO,OK,ASW,CE,Federal Contract Tower,0,4,15,12,31,0,0,66,6,72,0,4,81,18,103,80,22,102,205
08/17/2021,SWO,OK,ASW,CE,Federal Contract Tower,0,0,21,8,29,0,8,46,6,60,0,8,67,14,89,100,20,120,209
08/18/2021,SWO,OK,ASW,CE,Federal Contract Tower,0,5,30,14,49,0,4,105,1,110,0,9,135,15,159,144,24,168,327
08/19/2021,SWO,OK,ASW,CE,Federal Contract Tower,0,2,29,0,31,0,3,40,0,43,0,5,69,0,74,90,0,90,164
08/20/2021,SWO,OK,ASW,CE,Federal Contract Tower,0,2,25,5,32,0,2,154,1,157,0,4,179,6,189,130,0,130,319
08/21/2021,SWO,OK,ASW,CE,Federal Contract Tower,0,6,17,0,23,0,1,74,0,75,0,7,91,0,98,116,0,116,214
08/22/2021,SWO,OK,ASW,CE,Federal Contract Tower,0,2,11,2,15,0,1,67,3,71,0,3,78,5,86,62,6,68,154
08/23/2021,SWO,OK,ASW,CE,Federal Contract Tower,0,2,24,5,31,0,3,135,5,143,0,5,159,10,174,152,16,168,342
08/24/2021,SWO,OK,ASW,CE,Federal Contract Tower,0,2,26,4,32,0,2,126,6,134,0,4,152,10,166,102,32,134,300
08/25/2021,SWO,OK,ASW,CE,Federal Contract Tower,0,2,20,10,32,0,2,106,1,109,0,4,126,11,141,112,2,114,255
08/26/2021,SWO,OK,ASW,CE,Federal Contract Tower,0,2,17,6,25,0,0,154,6,160,0,2,171,12,185,212,6,218,403
08/27/2021,SWO,OK,ASW,CE,Federal Contract Tower,0,3,24,6,33,0,9,116,5,130,0,12,140,11,163,80,4,84,247
08/28/2021,SWO,OK,ASW,CE,Federal Contract Tower,0,2,17,8,27,0,0,109,0,109,0,2,126,8,136,168,0,168,304
08/29/2021,SWO,OK,ASW,CE,Federal Contract Tower,0,3,7,0,10,0,0,56,0,56,0,3,63,0,66,46,0,46,112
08/30/2021,SWO,OK,ASW,CE,Federal Contract Tower,0,3,17,1,21,0,0,104,1,105,0,3,121,2,126,110,6,116,242
08/31/2021,SWO,OK,ASW,CE,Federal Contract Tower,0,2,16,0,18,0,0,147,6,153,0,2,163,6,171,120,0,120,291
09/01/2021,SWO,OK,ASW,CE,Federal Contract Tower,0,2,21,2,25,0,6,130,10,146,0,8,151,12,171,168,36,204,375
09/02/2021,SWO,OK,ASW,CE,Federal Contract Tower,0,1,22,9,32,0,9,159,2,170,0,10,181,11,202,230,10,240,442
09/03/2021,SWO,OK,ASW,CE,Federal Contract Tower,0,7,28,0,35,0,3,108,0,111,0,10,136,0,146,174,0,174,320
09/04/2021,SWO,OK,ASW,CE,Federal Contract Tower,0,8,9,0,17,0,0,20,0,20,0,8,29,0,37,12,0,12,49
09/05/2021,SWO,OK,ASW,CE,Federal Contract Tower,0,4,13,0,17,0,0,22,0,22,0,4,35,0,39,24,0,24,63
09/06/2021,SWO,OK,ASW,CE,Federal Contract Tower,0,2,5,0,7,0,0,46,0,46,0,2,51,0,53,54,0,54,107
09/07/2021,SWO,OK,ASW,CE,Federal Contract Tower,0,2,27,13,42,0,3,139,5,147,0,5,166,18,189,202,0,202,391
09/08/2021,SWO,OK,ASW,CE,Federal Contract Tower,0,6,28,5,39,0,7,129,6,142,0,13,157,11,181,176,18,194,375
09/09/2021,SWO,OK,ASW,CE,Federal Contract Tower,0,6,31,10,47,0,4,150,5,159,0,10,181,15,206,214,26,240,446
09/10/2021,SWO,OK,ASW,CE,Federal Contract Tower,0,12,43,0,55,0,1,135,0,136,0,13,178,0,191,140,0,140,331
09/11/2021,SWO,OK,ASW,CE,Federal Contract Tower,0,7,28,0,35,0,1,80,0,81,0,8,108,0,116,48,0,48,164
09/12/2021,SWO,OK,ASW,CE,Federal Contract Tower,0,6,14,0,20,0,1,53,0,54,0,7,67,0,74,48,0,48,122
09/13/2021,SWO,OK,ASW,CE,Federal Contract Tower,0,6,24,11,41,0,5,132,2,139,0,11,156,13,180,138,20,158,338
09/14/2021,SWO,OK,ASW,CE,Federal Contract Tower,0,5,26,11,42,0,10,143,8,161,0,15,169,19,203,236,16,252,455
09/15/2021,SWO,OK,ASW,CE,Federal Contract Tower,0,5,25,6,36,0,0,146,4,150,0,5,171,10,186,220,0,220,406
09/16/2021,SWO,OK,ASW,CE,Federal Contract Tower,0,2,29,2,33,0,2,165,5,172,0,4,194,7,205,162,0,162,367
09/17/2021,SWO,OK,ASW,CE,Federal Contract Tower,0,2,23,1,26,0,2,141,1,144,0,4,164,2,170,208,0,208,378
09/18/2021,SWO,OK,ASW,CE,Federal Contract Tower,0,5,18,0,23,0,2,124,0,126,0,7,142,0,149,176,0,176,325
09/19/2021,SWO,OK,ASW,CE,Federal Contract Tower,0,8,7,0,15,0,3,60,3,66,0,11,67,3,81,86,0,86,167
09/20/2021,SWO,OK,ASW,CE,Federal Contract Tower,0,4,22,14,40,0,0,122,6,128,0,4,144,20,168,118,6,124,292
09/21/2021,SWO,OK,ASW,CE,Federal Contract Tower,0,6,34,0,40,0,6,135,1,142,0,12,169,1,182,196,4,200,382
09/22/2021,SWO,OK,ASW,CE,Federal Contract Tower,0,2,17,10,29,0,5,124,5,134,0,7,141,15,163,234,6,240,403
09/23/2021,SWO,OK,ASW,CE,Federal Contract Tower,0,7,21,5,33,0,0,148,0,148,0,7,169,5,181,256,0,256,437
09/24/2021,SWO,OK,ASW,CE,Federal Contract Tower,0,4,40,0,44,0,3,128,2,133,0,7,168,2,177,162,0,162,339
09/25/2021,SWO,OK,ASW,CE,Federal Contract Tower,0,13,13,0,26,0,0,36,0,36,0,13,49,0,62,22,0,22,84
09/26/2021,SWO,OK,ASW,CE,Federal Contract Tower,0,3,13,0,16,0,1,37,0,38,0,4,50,0,54,2,0,2,56
09/27/2021,SWO,OK,ASW,CE,Federal Contract Tower,0,4,20,10,34,0,6,116,0,122,0,10,136,10,156,216,4,220,376
09/28/2021,SWO,OK,ASW,CE,Federal Contract Tower,0,3,19,5,27,0,3,121,0,124,0,6,140,5,151,188,22,210,361
09/29/2021,SWO,OK,ASW,CE,Federal Contract Tower,0,3,38,4,45,0,5,94,1,100,0,8,132,5,145,148,0,148,293
09/30/2021,SWO,OK,ASW,CE,Federal Contract Tower,0,5,26,2,33,0,0,20,0,20,0,5,46,2,53,6,0,6,59
10/01/2021,SWO,OK,ASW,CE,Federal Contract Tower,0,4,40,2,46,0,4,89,0,93,0,8,129,2,139,108,0,108,247
10/02/2021,SWO,OK,ASW,CE,Federal Contract Tower,1,7,31,0,39,0,0,22,0,22,1,7,53,0,61,8,0,8,69
10/03/2021,SWO,OK,ASW,CE,Federal Contract Tower,0,5,24,0,29,0,3,83,0,86,0,8,107,0,115,94,0,94,209
10/04/2021,SWO,OK,ASW,CE,Federal Contract Tower,0,5,36,5,46,0,2,150,1,153,0,7,186,6,199,210,6,216,415
10/05/2021,SWO,OK,ASW,CE,Federal Contract Tower,0,3,17,5,25,0,0,175,0,175,0,3,192,5,200,336,8,344,544
10/06/2021,SWO,OK,ASW,CE,Federal Contract Tower,0,2,29,5,36,0,6,130,2,138,0,8,159,7,174,164,0,164,338
10/07/2021,SWO,OK,ASW,CE,Federal Contract Tower,0,4,34,1,39,0,2,138,3,143,0,6,172,4,182,238,6,244,426
10/08/2021,SWO,OK,ASW,CE,Federal Contract Tower,0,3,10,1,14,0,6,68,3,77,0,9,78,4,91,164,6,170,261
10/09/2021,SWO,OK,ASW,CE,Federal Contract Tower,0,8,11,0,19,0,4,40,0,44,0,12,51,0,63,6,0,6,69
10/10/2021,SWO,OK,ASW,CE,Federal Contract Tower,0,5,14,0,19,0,1,26,0,27,0,6,40,0,46,62,0,62,108
10/11/2021,SWO,OK,ASW,CE,Federal Contract Tower,0,7,24,0,31,0,1,108,0,109,0,8,132,0,140,132,0,132,272
10/12/2021,SWO,OK,ASW,CE,Federal Contract Tower,0,7,7,2,16,0,3,65,1,69,0,10,72,3,85,94,2,96,181
10/13/2021,SWO,OK,ASW,CE,Federal Contract Tower,0,7,27,5,39,0,0,114,3,117,0,7,141,8,156,182,20,202,358
10/14/2021,SWO,OK,ASW,CE,Federal Contract Tower,0,4,36,2,42,0,1,25,0,26,0,5,61,2,68,68,0,68,136
10/15/2021,SWO,OK,ASW,CE,Federal Contract Tower,1,6,15,8,30,0,5,108,0,113,1,11,123,8,143,160,0,160,303
10/16/2021,SWO,OK,ASW,CE,Federal Contract Tower,1,6,7,1,15,0,5,84,1,90,1,11,91,2,105,166,0,166,271
10/17/2021,SWO,OK,ASW,CE,Federal Contract Tower,0,2,0,5,7,0,3,38,3,44,0,5,38,8,51,54,16,70,121
10/18/2021,SWO,OK,ASW,CE,Federal Contract Tower,0,3,30,13,46,0,1,125,2,128,0,4,155,15,174,188,8,196,370
10/19/2021,SWO,OK,ASW,CE,Federal Contract Tower,0,13,27,2,42,0,1,147,0,148,0,14,174,2,190,152,0,152,342
10/20/2021,SWO,OK,ASW,CE,Federal Contract Tower,0,6,28,13,47,0,5,138,3,146,0,11,166,16,193,190,18,208,401
10/21/2021,SWO,OK,ASW,CE,Federal Contract Tower,0,4,30,11,45,0,1,174,3,178,0,5,204,14,223,248,10,258,481
10/22/2021,SWO,OK,ASW,CE,Federal Contract Tower,2,7,13,10,32,0,2,114,4,120,2,9,127,14,152,196,16,212,364
10/23/2021,SWO,OK,ASW,CE,Federal Contract Tower,1,11,11,4,27,0,0,47,0,47,1,11,58,4,74,96,0,96,170
10/24/2021,SWO,OK,ASW,CE,Federal Contract Tower,0,2,6,24,32,0,1,24,6,31,0,3,30,30,63,30,20,50,113
10/25/2021,SWO,OK,ASW,CE,Federal Contract Tower,0,3,26,13,42,0,3,126,10,139,0,6,152,23,181,96,56,152,333
10/26/2021,SWO,OK,ASW,CE,Federal Contract Tower,0,5,23,2,30,0,0,39,1,40,0,5,62,3,70,52,14,66,136
10/27/2021,SWO,OK,ASW,CE,Federal Contract Tower,0,8,26,0,34,0,1,8,0,9,0,9,34,0,43,16,0,16,59
10/28/2021,SWO,OK,ASW,CE,Federal Contract Tower,0,3,6,0,9,0,1,14,1,16,0,4,20,1,25,2,4,6,31
10/29/2021,SWO,OK,ASW,CE,Federal Contract Tower,0,8,21,5,34,0,1,70,6,77,0,9,91,11,111,30,46,76,187
10/30/2021,SWO,OK,ASW,CE,Federal Contract Tower,0,5,25,2,32,0,2,54,3,59,0,7,79,5,91,60,0,60,151
10/31/2021,SWO,OK,ASW,CE,Federal Contract Tower,0,5,28,0,33,0,3,57,0,60,0,8,85,0,93,54,0,54,147
11/01/2021,SWO,OK,ASW,CE,Federal Contract Tower,0,7,35,14,56,0,0,91,7,98,0,7,126,21,154,148,34,182,336
11/02/2021,SWO,OK,ASW,CE,Federal Contract Tower,0,5,16,4,25,0,0,68,1,69,0,5,84,5,94,188,4,192,286
11/03/2021,SWO,OK,ASW,CE,Federal Contract Tower,0,3,5,2,10,0,0,7,0,7,0,3,12,2,17,20,0,20,37
11/04/2021,SWO,OK,ASW,CE,Federal Contract Tower,0,4,46,8,58,0,4,105,1,110,0,8,151,9,168,118,2,120,288
11/05/2021,SWO,OK,ASW,CE,Federal Contract Tower,1,7,37,3,48,0,0,155,6,161,1,7,192,9,209,156,10,166,375
11/06/2021,SWO,OK,ASW,CE,Federal Contract Tower,0,4,32,6,42,0,3,124,1,128,0,7,156,7,170,130,2,132,302
11/07/2021,SWO,OK,ASW,CE,Federal Contract Tower,0,3,14,0,17,0,7,82,0,89,0,10,96,0,106,38,0,38,144
11/08/2021,SWO,OK,ASW,CE,Federal Contract Tower,0,6,27,2,35,0,3,148,6,157,0,9,175,8,192,140,8,148,340
11/09/2021,SWO,OK,ASW,CE,Federal Contract Tower,0,4,25,8,37,0,4,139,6,149,0,8,164,14,186,152,18,170,356
11/10/2021,SWO,OK,ASW,CE,Federal Contract Tower,0,5,9,20,34,0,3,15,1,19,0,8,24,21,53,32,4,36,89
11/11/2021,SWO,OK,ASW,CE,Federal Contract Tower,0,3,37,0,40,0,4,201,0,205,0,7,238,0,245,184,0,184,429
11/12/2021,SWO,OK,ASW,CE,Federal Contract Tower,0,6,21,1,28,0,3,92,2,97,0,9,113,3,125,64,8,72,197
11/13/2021,SWO,OK,ASW,CE,Federal Contract Tower,1,10,31,2,44,0,2,136,3,141,1,12,167,5,185,66,0,66,251
11/14/2021,SWO,OK,ASW,CE,Federal Contract Tower,0,7,23,2,32,0,0,92,2,94,0,7,115,4,126,92,6,98,224
11/15/2021,SWO,OK,ASW,CE,Federal Contract Tower,0,5,16,2,23,0,4,149,6,159,0,9,165,8,182,144,6,150,332
11/16/2021,SWO,OK,ASW,CE,Federal Contract Tower,0,2,26,11,39,0,3,130,7,140,0,5,156,18,179,206,12,218,397
11/17/2021,SWO,OK,ASW,CE,Federal Contract Tower,0,2,32,5,39,0,6,92,2,100,0,8,124,7,139,88,38,126,265
11/18/2021,SWO,OK,ASW,CE,Federal Contract Tower,0,5,33,0,38,0,1,157,4,162,0,6,190,4,200,186,6,192,392
11/19/2021,SWO,OK,ASW,CE,Federal Contract Tower,0,7,17,3,27,0,1,120,1,122,0,8,137,4,149,200,0,200,349
11/20/2021,SWO,OK,ASW,CE,Federal Contract Tower,0,2,11,1,14,0,0,72,3,75,0,2,83,4,89,156,4,160,249
11/21/2021,SWO,OK,ASW,CE,Federal Contract Tower,0,5,7,1,13,0,1,45,9,55,0,6,52,10,68,48,20,68,136
11/22/2021,SWO,OK,ASW,CE,Federal Contract Tower,0,3,10,2,15,0,3,53,1,57,0,6,63,3,72,64,0,64,136
11/23/2021,SWO,OK,ASW,CE,Federal Contract Tower,0,2,7,2,11,0,2,42,1,45,0,4,49,3,56,42,2,44,100
11/24/2021,SWO,OK,ASW,CE,Federal Contract Tower,0,3,7,0,10,0,3,7,0,10,0,6,14,0,20,2,0,2,22
11/26/2021,SWO,OK,ASW,CE,Federal Contract Tower,0,4,2,0,6,0,3,32,0,35,0,7,34,0,41,14,0,14,55
11/27/2021,SWO,OK,ASW,CE,Federal Contract Tower,0,12,28,0,40,0,4,25,0,29,0,16,53,0,69,6,0,6,75
11/28/2021,SWO,OK,ASW,CE,Federal Contract Tower,0,9,15,0,24,0,1,38,0,39,0,10,53,0,63,16,0,16,79
11/29/2021,SWO,OK,ASW,CE,Federal Contract Tower,0,12,36,15,63,0,0,134,5,139,0,12,170,20,202,192,2,194,396
11/30/2021,SWO,OK,ASW,CE,Federal Contract Tower,0,4,18,5,27,0,1,125,4,130,0,5,143,9,157,225,10,235,392
12/01/2021,SWO,OK,ASW,CE,Federal Contract Tower,0,3,22,0,25,0,2,141,0,143,0,5,163,0,168,208,0,208,376
12/02/2021,SWO,OK,ASW,CE,Federal Contract Tower,0,2,23,2,27,0,4,128,3,135,0,6,151,5,162,228,2,230,392
12/03/2021,SWO,OK,ASW,CE,Federal Contract Tower,1,6,17,1,25,0,1,103,2,106,1,7,120,3,131,106,0,106,237
12/04/2021,SWO,OK,ASW,CE,Federal Contract Tower,6,4,18,0,28,0,4,5,0,9,6,8,23,0,37,24,0,24,61
12/05/2021,SWO,OK,ASW,CE,Federal Contract Tower,0,6,19,11,36,0,3,54,1,58,0,9,73,12,94,86,0,86,180
12/06/2021,SWO,OK,ASW,CE,Federal Contract Tower,0,3,19,4,26,0,5,100,7,112,0,8,119,11,138,102,12,114,252
12/07/2021,SWO,OK,ASW,CE,Federal Contract Tower,0,3,25,1,29,0,1,141,7,149,0,4,166,8,178,218,10,228,406
12/08/2021,SWO,OK,ASW,CE,Federal Contract Tower,0,12,25,6,43,0,2,114,3,119,0,14,139,9,162,192,6,198,360
12/09/2021,SWO,OK,ASW,CE,Federal Contract Tower,0,5,23,2,30,0,0,93,2,95,0,5,116,4,125,140,4,144,269
12/10/2021,SWO,OK,ASW,CE,Federal Contract Tower,0,2,8,0,10,0,0,41,0,41,0,2,49,0,51,44,0,44,95
12/11/2021,SWO,OK,ASW,CE,Federal Contract Tower,0,2,29,0,31,0,0,91,0,91,0,2,120,0,122,116,0,116,238
12/12/2021,SWO,OK,ASW,CE,Federal Contract Tower,0,5,16,4,25,0,3,50,0,53,0,8,66,4,78,38,0,38,116
12/13/2021,SWO,OK,ASW,CE,Federal Contract Tower,0,4,22,8,34,0,3,108,3,114,0,7,130,11,148,212,6,218,366
12/14/2021,SWO,OK,ASW,CE,Federal Contract Tower,0,4,26,0,30,0,0,83,0,83,0,4,109,0,113,98,0,98,211
12/15/2021,SWO,OK,ASW,CE,Federal Contract Tower,0,6,7,1,14,0,5,10,0,15,0,11,17,1,29,0,0,0,29
12/16/2021,SWO,OK,ASW,CE,Federal Contract Tower,0,3,30,9,42,0,1,104,5,110,0,4,134,14,152,171,2,173,325
12/17/2021,SWO,OK,ASW,CE,Federal Contract Tower,0,4,18,0,22,0,1,16,0,17,0,5,34,0,39,84,0,84,123
12/18/2021,SWO,OK,ASW,CE,Federal Contract Tower,0,2,12,0,14,0,1,54,0,55,0,3,66,0,69,64,0,64,133
12/19/2021,SWO,OK,ASW,CE,Federal Contract Tower,0,4,4,0,8,0,1,45,0,46,0,5,49,0,54,68,0,68,122
12/20/2021,SWO,OK,ASW,CE,Federal Contract Tower,0,2,17,2,21,0,1,70,1,72,0,3,87,3,93,70,2,72,165
12/21/2021,SWO,OK,ASW,CE,Federal Contract Tower,0,3,19,8,30,0,5,61,0,66,0,8,80,8,96,60,0,60,156
12/22/2021,SWO,OK,ASW,CE,Federal Contract Tower,0,3,9,0,12,5,47,2,0,54,5,50,11,0,66,38,0,38,104
12/23/2021,SWO,OK,ASW,CE,Federal Contract Tower,0,2,2,0,4,0,4,10,0,14,0,6,12,0,18,54,0,54,72
12/24/2021,SWO,OK,ASW,CE,Federal Contract Tower,0,3,4,0,7,0,3,12,0,15,0,6,16,0,22,18,0,18,40
12/25/2021,SWO,OK,ASW,CE,Federal Contract Tower,0,3,0,0,3,0,1,5,0,6,0,4,5,0,9,0,0,0,9
12/26/2021,SWO,OK,ASW,CE,Federal Contract Tower,2,2,4,0,8,0,0,23,0,23,2,2,27,0,31,10,0,10,41
12/27/2021,SWO,OK,ASW,CE,Federal Contract Tower,0,3,5,0,8,0,0,11,0,11,0,3,16,0,19,24,0,24,43
12/28/2021,SWO,OK,ASW,CE,Federal Contract Tower,0,2,2,0,4,0,2,15,0,17,0,4,17,0,21,50,0,50,71
12/29/2021,SWO,OK,ASW,CE,Federal Contract Tower,0,2,7,0,9,0,3,12,0,15,0,5,19,0,24,16,0,16,40
12/30/2021,SWO,OK,ASW,CE,Federal Contract Tower,0,4,3,0,7,0,0,10,0,10,0,4,13,0,17,22,0,22,39
12/31/2021,SWO,OK,ASW,CE,Federal Contract Tower,0,2,3,0,5,0,3,7,0,10,0,5,10,0,15,2,0,2,17
01/01/2022,SWO,OK,ASW,CE,Federal Contract Tower,0,5,0,0,5,0,0,0,0,0,0,5,0,0,5,0,0,0,5
01/02/2022,SWO,OK,ASW,CE,Federal Contract Tower,2,3,7,0,12,0,4,6,0,10,2,7,13,0,22,0,0,0,22
01/03/2022,SWO,OK,ASW,CE,Federal Contract Tower,0,2,2,0,4,0,3,38,0,41,0,5,40,0,45,44,0,44,89
01/04/2022,SWO,OK,ASW,CE,Federal Contract Tower,0,3,11,2,16,0,2,29,1,32,0,5,40,3,48,28,0,28,76
01/05/2022,SWO,OK,ASW,CE,Federal Contract Tower,0,4,9,1,14,0,0,53,1,54,0,4,62,2,68,104,8,112,180
01/06/2022,SWO,OK,ASW,CE,Federal Contract Tower,0,2,7,14,23,0,3,15,0,18,0,5,22,14,41,26,0,26,67
01/07/2022,SWO,OK,ASW,CE,Federal Contract Tower,0,5,10,8,23,0,0,38,0,38,0,5,48,8,61,84,0,84,145
01/08/2022,SWO,OK,ASW,CE,Federal Contract Tower,0,11,8,4,23,0,0,0,0,0,0,11,8,4,23,0,0,0,23
01/09/2022,SWO,OK,ASW,CE,Federal Contract Tower,0,4,6,1,11,0,1,42,1,44,0,5,48,2,55,62,10,72,127
01/10/2022,SWO,OK,ASW,CE,Federal Contract Tower,2,4,29,4,39,0,2,114,4,120,2,6,143,8,159,90,0,90,249
01/11/2022,SWO,OK,ASW,CE,Federal Contract Tower,0,4,31,2,37,0,0,106,2,108,0,4,137,4,145,112,2,114,259
01/12/2022,SWO,OK,ASW,CE,Federal Contract Tower,0,2,35,2,39,0,1,136,7,144,0,3,171,9,183,164,12,176,359
01/13/2022,SWO,OK,ASW,CE,Federal Contract Tower,0,2,25,8,35,0,2,122,4,128,0,4,147,12,163,130,6,136,299
01/14/2022,SWO,OK,ASW,CE,Federal Contract Tower,0,3,23,4,30,0,3,103,3,109,0,6,126,7,139,74,8,82,221
01/15/2022,SWO,OK,ASW,CE,Federal Contract Tower,2,3,3,0,8,0,0,0,2,2,2,3,3,2,10,0,0,0,10
01/16/2022,SWO,OK,ASW,CE,Federal Contract Tower,0,5,13,0,18,0,6,30,1,37,0,11,43,1,55,40,0,40,95
01/17/2022,SWO,OK,ASW,CE,Federal Contract Tower,0,2,23,0,25,0,2,107,0,109,0,4,130,0,134,166,0,166,300
01/18/2022,SWO,OK,ASW,CE,Federal Contract Tower,2,3,29,4,38,0,3,90,0,93,2,6,119,4,131,114,0,114,245
01/19/2022,SWO,OK,ASW,CE,Federal Contract Tower,0,3,13,6,22,0,2,29,0,31,0,5,42,6,53,10,0,10,63
01/20/2022,SWO,OK,ASW,CE,Federal Contract Tower,0,2,18,19,39,0,1,64,3,68,0,3,82,22,107,64,10,74,181
01/21/2022,SWO,OK,ASW,CE,Federal Contract Tower,1,4,34,2,41,0,5,103,1,109,1,9,137,3,150,194,6,200,350
01/22/2022,SWO,OK,ASW,CE,Federal Contract Tower,2,4,17,6,29,0,2,111,0,113,2,6,128,6,142,182,0,182,324
01/23/2022,SWO,OK,ASW,CE,Federal Contract Tower,0,2,9,7,18,0,0,68,2,70,0,2,77,9,88,114,0,114,202
01/24/2022,SWO,OK,ASW,CE,Federal Contract Tower,0,11,21,2,34,0,7,104,8,119,0,18,125,10,153,174,14,188,341
01/25/2022,SWO,OK,ASW,CE,Federal Contract Tower,0,4,22,1,27,0,0,110,0,110,0,4,132,1,137,182,0,182,319
01/26/2022,SWO,OK,ASW,CE,Federal Contract Tower,0,5,8,1,14,0,0,47,2,49,0,5,55,3,63,162,4,166,229
01/27/2022,SWO,OK,ASW,CE,Federal Contract Tower,0,2,22,0,24,0,2,112,0,114,0,4,134,0,138,226,0,226,364
01/28/2022,SWO,OK,ASW,CE,Federal Contract Tower,2,2,32,11,47,0,9,137,5,151,2,11,169,16,198,190,2,192,390
01/29/2022,SWO,OK,ASW,CE,Federal Contract Tower,0,5,22,2,29,0,7,96,0,103,0,12,118,2,132,142,0,142,274
01/30/2022,SWO,OK,ASW,CE,Federal Contract Tower,0,6,14,0,20,0,0,65,0,65,0,6,79,0,85,110,0,110,195
01/31/2022,SWO,OK,ASW,CE,Federal Contract Tower,0,3,29,0,32,0,6,128,2,136,0,9,157,2,168,236,0,236,404
02/01/2022,SWO,OK,ASW,CE,Federal Contract Tower,0,6,23,7,36,0,0,11,0,11,0,6,34,7,47,24,0,24,71
02/02/2022,SWO,OK,ASW,CE,Federal Contract Tower,0,2,0,0,2,0,0,0,0,0,0,2,0,0,2,0,0,0,2
02/03/2022,SWO,OK,ASW,CE,Federal Contract Tower,0,0,2,0,2,0,0,0,0,0,0,0,2,0,2,0,0,0,2
02/04/2022,SWO,OK,ASW,CE,Federal Contract Tower,1,3,7,0,11,0,6,9,0,15,1,9,16,0,26,4,0,4,30
02/05/2022,SWO,OK,ASW,CE,Federal Contract Tower,0,5,12,0,17,0,4,18,3,25,0,9,30,3,42,16,14,30,72
02/06/2022,SWO,OK,ASW,CE,Federal Contract Tower,0,2,12,0,14,0,2,55,0,57,0,4,67,0,71,86,0,86,157
02/07/2022,SWO,OK,ASW,CE,Federal Contract Tower,0,3,35,7,45,0,0,125,3,128,0,3,160,10,173,162,14,176,349
02/08/2022,SWO,OK,ASW,CE,Federal Contract Tower,0,4,34,5,43,0,3,99,1,103,0,7,133,6,146,118,18,136,282
02/09/2022,SWO,OK,ASW,CE,Federal Contract Tower,0,4,24,7,35,0,0,112,5,117,0,4,136,12,152,114,16,130,282
02/10/2022,SWO,OK,ASW,CE,Federal Contract Tower,0,0,19,0,19,0,4,101,0,105,0,4,120,0,124,130,0,130,254
02/11/2022,SWO,OK,ASW,CE,Federal Contract Tower,0,11,31,7,49,0,2,97,0,99,0,13,128,7,148,104,0,104,252
02/12/2022,SWO,OK,ASW,CE,Federal Contract Tower,0,8,19,6,33,0,3,87,1,91,0,11,106,7,124,124,10,134,258
02/13/2022,SWO,OK,ASW,CE,Federal Contract Tower,0,5,9,2,16,0,5,53,0,58,0,10,62,2,74,90,0,90,164
02/14/2022,SWO,OK,ASW,CE,Federal Contract Tower,0,8,31,1,40,0,6,86,17,109,0,14,117,18,149,174,2,176,325
02/15/2022,SWO,OK,ASW,CE,Federal Contract Tower,0,3,14,16,33,0,1,63,15,79,0,4,77,31,112,50,8,58,170
02/16/2022,SWO,OK,ASW,CE,Federal Contract Tower,0,4,3,0,7,0,4,2,0,6,0,8,5,0,13,0,0,0,13
02/17/2022,SWO,OK,ASW,CE,Federal Contract Tower,0,2,4,0,6,0,4,0,0,4,0,6,4,0,10,0,0,0,10
02/18/2022,SWO,OK,ASW,CE,Federal Contract Tower,0,3,45,8,56,0,3,153,7,163,0,6,198,15,219,312,2,314,533
02/19/2022,SWO,OK,ASW,CE,Federal Contract Tower,0,6,20,0,26,0,1,71,1,73,0,7,91,1,99,158,12,170,269
02/20/2022,SWO,OK,ASW,CE,Federal Contract Tower,2,3,7,3,15,0,7,33,2,42,2,10,40,5,57,58,8,66,123
02/21/2022,SWO,OK,ASW,CE,Federal Contract Tower,0,2,26,0,28,0,0,102,0,102,0,2,128,0,130,128,0,128,258
02/22/2022,SWO,OK,ASW,CE,Federal Contract Tower,2,4,23,7,36,0,5,74,3,82,2,9,97,10,118,100,16,116,234
02/23/2022,SWO,OK,ASW,CE,Federal Contract Tower,0,0,2,0,2,0,0,0,0,0,0,0,2,0,2,0,0,0,2
02/24/2022,SWO,OK,ASW,CE,Federal Contract Tower,1,3,3,0,7,0,0,0,0,0,1,3,3,0,7,0,0,0,7
02/25/2022,SWO,OK,ASW,CE,Federal Contract Tower,0,1,4,0,5,0,1,20,0,21,0,2,24,0,26,20,0,20,46
02/26/2022,SWO,OK,ASW,CE,Federal Contract Tower,2,5,10,0,17,0,3,42,0,45,2,8,52,0,62,116,0,116,178
02/27/2022,SWO,OK,ASW,CE,Federal Contract Tower,2,4,11,0,17,0,4,80,0,84,2,8,91,0,101,116,2,118,219
02/28/2022,SWO,OK,ASW,CE,Federal Contract Tower,0,5,19,4,28,0,2,129,9,140,0,7,148,13,168,202,32,234,402
03/01/2022,SWO,OK,ASW,CE,Federal Contract Tower,1,4,34,7,46,0,2,142,2,146,1,6,176,9,192,162,8,170,362
03/02/2022,SWO,OK,ASW,CE,Federal Contract Tower,0,2,37,6,45,0,3,163,0,166,0,5,200,6,211,248,0,248,459
03/03/2022,SWO,OK,ASW,CE,Federal Contract Tower,0,3,27,7,37,0,2,161,5,168,0,5,188,12,205,138,0,138,343
03/04/2022,SWO,OK,ASW,CE,Federal Contract Tower,3,4,38,4,49,0,2,131,0,133,3,6,169,4,182,178,0,178,360
03/05/2022,SWO,OK,ASW,CE,Federal Contract Tower,4,4,28,2,38,0,3,39,2,44,4,7,67,4,82,20,0,20,102
03/06/2022,SWO,OK,ASW,CE,Federal Contract Tower,0,3,14,2,19,0,2,5,0,7,0,5,19,2,26,32,0,32,58
03/07/2022,SWO,OK,ASW,CE,Federal Contract Tower,0,3,9,16,28,0,2,73,6,81,0,5,82,22,109,234,2,236,345
03/08/2022,SWO,OK,ASW,CE,Federal Contract Tower,0,3,23,4,30,0,1,124,0,125,0,4,147,4,155,194,0,194,349
03/09/2022,SWO,OK,ASW,CE,Federal Contract Tower,0,5,22,8,35,0,2,127,0,129,0,7,149,8,164,246,0,246,410
03/10/2022,SWO,OK,ASW,CE,Federal Contract Tower,0,2,10,3,15,0,1,34,1,36,0,3,44,4,51,92,0,92,143
03/11/2022,SWO,OK,ASW,CE,Federal Contract Tower,0,2,5,6,13,0,1,18,1,20,0,3,23,7,33,52,18,70,103
03/12/2022,SWO,OK,ASW,CE,Federal Contract Tower,0,2,17,0,19,0,2,66,0,68,0,4,83,0,87,128,0,128,215
03/13/2022,SWO,OK,ASW,CE,Federal Contract Tower,0,2,2,3,7,0,4,24,4,32,0,6,26,7,39,58,20,78,117
03/14/2022,SWO,OK,ASW,CE,Federal Contract Tower,0,4,16,4,24,0,0,41,6,47,0,4,57,10,71,64,26,90,161
03/15/2022,SWO,OK,ASW,CE,Federal Contract Tower,0,6,7,2,15,0,6,67,0,73,0,12,74,2,88,140,0,140,228
03/16/2022,SWO,OK,ASW,CE,Federal Contract Tower,0,5,16,4,25,0,2,51,4,57,0,7,67,8,82,82,6,88,170
03/17/2022,SWO,OK,ASW,CE,Federal Contract Tower,0,1,1,4,6,0,2,29,5,36,0,3,30,9,42,54,26,80,122
03/18/2022,SWO,OK,ASW,CE,Federal Contract Tower,0,5,2,2,9,0,0,5,0,5,0,5,7,2,14,28,0,28,42
03/19/2022,SWO,OK,ASW,CE,Federal Contract Tower,0,2,7,0,9,0,0,29,0,29,0,2,36,0,38,32,0,32,70
03/20/2022,SWO,OK,ASW,CE,Federal Contract Tower,0,4,19,1,24,0,5,52,1,58,0,9,71,2,82,82,0,82,164
03/21/2022,SWO,OK,ASW,CE,Federal Contract Tower,0,1,1,0,2,0,1,5,0,6,0,2,6,0,8,26,0,26,34
03/22/2022,SWO,OK,ASW,CE,Federal Contract Tower,0,4,6,4,14,0,0,2,0,2,0,4,8,4,16,0,0,0,16
03/23/2022,SWO,OK,ASW,CE,Federal Contract Tower,0,3,22,22,47,0,0,70,4,74,0,3,92,26,121,124,0,124,245
03/24/2022,SWO,OK,ASW,CE,Federal Contract Tower,0,2,20,2,24,0,0,124,2,126,0,2,144,4,150,192,14,206,356
03/25/2022,SWO,OK,ASW,CE,Federal Contract Tower,0,8,27,2,37,0,0,184,6,190,0,8,211,8,227,196,14,210,437
03/26/2022,SWO,OK,ASW,CE,Federal Contract Tower,0,5,16,0,21,0,7,117,0,124,0,12,133,0,145,222,0,222,367
03/27/2022,SWO,OK,ASW,CE,Federal Contract Tower,0,2,23,2,27,0,2,82,0,84,0,4,105,2,111,148,0,148,259
03/28/2022,SWO,OK,ASW,CE,Federal Contract Tower,0,7,32,5,44,0,0,0,4,4,0,7,32,9,48,146,6,152,200
03/29/2022,SWO,OK,ASW,CE,Federal Contract Tower,0,5,15,1,21,0,5,53,4,62,0,10,68,5,83,48,12,60,143
03/30/2022,SWO,OK,ASW,CE,Federal Contract Tower,0,4,11,4,19,0,4,23,0,27,0,8,34,4,46,56,0,56,102
03/31/2022,SWO,OK,ASW,CE,Federal Contract Tower,0,2,24,8,34,0,4,92,4,100,0,6,116,12,134,192,2,194,328
04/01/2022,SWO,OK,ASW,CE,Federal Contract Tower,0,2,26,5,33,0,0,0,0,0,0,2,26,5,33,304,0,304,337
04/02/2022,SWO,OK,ASW,CE,Federal Contract Tower,0,1,10,0,11,0,4,234,1,239,0,5,244,1,250,96,2,98,348
04/03/2022,SWO,OK,ASW,CE,Federal Contract Tower,0,10,20,5,35,0,4,54,0,58,0,14,74,5,93,50,0,50,143
04/04/2022,SWO,OK,ASW,CE,Federal Contract Tower,0,5,20,3,28,0,5,37,6,48,0,10,57,9,76,82,8,90,166
04/05/2022,SWO,OK,ASW,CE,Federal Contract Tower,0,7,27,2,36,0,6,71,0,77,0,13,98,2,113,130,0,130,243
04/06/2022,SWO,OK,ASW,CE,Federal Contract Tower,0,4,10,10,24,0,2,70,4,76,0,6,80,14,100,90,18,108,208
04/07/2022,SWO,OK,ASW,CE,Federal Contract Tower,0,3,5,5,13,0,0,15,1,16,0,3,20,6,29,14,0,14,43
04/08/2022,SWO,OK,ASW,CE,Federal Contract Tower,0,9,27,2,38,0,0,2,0,2,0,9,29,2,40,41,0,41,81
04/09/2022,SWO,OK,ASW,CE,Federal Contract Tower,0,4,27,2,33,0,2,113,2,117,0,6,140,4,150,236,0,236,386
04/10/2022,SWO,OK,ASW,CE,Federal Contract Tower,0,11,14,14,39,0,0,0,0,0,0,11,14,14,39,104,8,112,151
04/11/2022,SWO,OK,ASW,CE,Federal Contract Tower,0,3,36,9,48,0,0,124,4,128,0,3,160,13,176,222,20,242,418
04/12/2022,SWO,OK,ASW,CE,Federal Contract Tower,0,2,9,7,18,0,8,14,5,27,0,10,23,12,45,28,28,56,101
04/13/2022,SWO,OK,ASW,CE,Federal Contract Tower,0,4,20,1,25,0,3,108,7,118,0,7,128,8,143,132,6,138,281
04/14/2022,SWO,OK,ASW,CE,Federal Contract Tower,2,3,21,4,30,0,1,161,7,169,2,4,182,11,199,292,24,316,515
04/15/2022,SWO,OK,ASW,CE,Federal Contract Tower,0,2,21,4,27,0,0,105,2,107,0,2,126,6,134,110,0,110,244
04/16/2022,SWO,OK,ASW,CE,Federal Contract Tower,0,6,11,0,17,0,3,26,0,29,0,9,37,0,46,16,0,16,62
04/17/2022,SWO,OK,ASW,CE,Federal Contract Tower,1,4,5,0,10,0,3,12,0,15,1,7,17,0,25,0,0,0,25
04/18/2022,SWO,OK,ASW,CE,Federal Contract Tower,0,2,37,2,41,0,4,139,0,143,0,6,176,2,184,256,0,256,440
04/19/2022,SWO,OK,ASW,CE,Federal Contract Tower,0,3,20,14,37,0,0,89,0,89,0,3,109,14,126,132,0,132,258
04/20/2022,SWO,OK,ASW,CE,Federal Contract Tower,0,4,24,8,36,0,2,44,13,59,0,6,68,21,95,82,29,111,206
04/21/2022,SWO,OK,ASW,CE,Federal Contract Tower,0,2,30,11,43,0,0,36,0,36,0,2,66,11,79,82,0,82,161
04/22/2022,SWO,OK,ASW,CE,Federal Contract Tower,0,6,18,23,47,0,2,33,5,40,0,8,51,28,87,8,32,40,127
04/23/2022,SWO,OK,ASW,CE,Federal Contract Tower,0,7,9,0,16,0,0,0,0,0,0,7,9,0,16,0,0,0,16
04/24/2022,SWO,OK,ASW,CE,Federal Contract Tower,0,7,23,1,31,0,1,54,4,59,0,8,77,5,90,62,0,62,152
04/25/2022,SWO,OK,ASW,CE,Federal Contract Tower,0,2,44,15,61,0,2,167,7,176,0,4,211,22,237,242,22,264,501
04/26/2022,SWO,OK,ASW,CE,Federal Contract Tower,0,6,32,5,43,0,4,163,2,169,0,10,195,7,212,216,12,228,440
04/27/2022,SWO,OK,ASW,CE,Federal Contract Tower,0,3,30,7,40,0,7,127,3,137,0,10,157,10,177,220,0,220,397
04/28/2022,SWO,OK,ASW,CE,Federal Contract Tower,0,5,15,7,27,0,3,34,1,38,0,8,49,8,65,54,2,56,121
04/29/2022,SWO,OK,ASW,CE,Federal Contract Tower,0,5,13,0,18,0,0,10,0,10,0,5,23,0,28,6,0,6,34
04/30/2022,SWO,OK,ASW,CE,Federal Contract Tower,0,2,8,0,10,0,2,58,0,60,0,4,66,0,70,166,0,166,236
05/01/2022,SWO,OK,ASW,CE,Federal Contract Tower,0,2,8,2,12,0,3,53,2,58,0,5,61,4,70,56,0,56,126
05/02/2022,SWO,OK,ASW,CE,Federal Contract Tower,0,2,5,0,7,0,0,8,0,8,0,2,13,0,15,28,0,28,43
05/03/2022,SWO,OK,ASW,CE,Federal Contract Tower,0,2,49,10,61,0,1,101,0,102,0,3,150,10,163,150,0,150,313
05/04/2022,SWO,OK,ASW,CE,Federal Contract Tower,0,2,0,0,2,0,0,0,0,0,0,2,0,0,2,0,0,0,2
05/05/2022,SWO,OK,ASW,CE,Federal Contract Tower,0,2,8,0,10,0,0,1,0,1,0,2,9,0,11,0,0,0,11
05/06/2022,SWO,OK,ASW,CE,Federal Contract Tower,0,3,38,1,42,0,4,94,1,99,0,7,132,2,141,146,12,158,299
05/07/2022,SWO,OK,ASW,CE,Federal Contract Tower,0,5,19,1,25,0,1,92,4,97,0,6,111,5,122,60,2,62,184
05/08/2022,SWO,OK,ASW,CE,Federal Contract Tower,0,2,10,0,12,0,4,27,2,33,0,6,37,2,45,22,8,30,75
05/09/2022,SWO,OK,ASW,CE,Federal Contract Tower,0,3,7,1,11,0,5,40,4,49,0,8,47,5,60,22,2,24,84
05/10/2022,SWO,OK,ASW,CE,Federal Contract Tower,0,2,9,0,11,0,2,67,0,69,0,4,76,0,80,72,0,72,152
05/11/2022,SWO,OK,ASW,CE,Federal Contract Tower,0,3,8,1,12,0,2,82,3,87,0,5,90,4,99,82,0,82,181
05/12/2022,SWO,OK,ASW,CE,Federal Contract Tower,0,5,7,10,22,0,4,53,7,64,0,9,60,17,86,34,0,34,120
05/13/2022,SWO,OK,ASW,CE,Federal Contract Tower,0,2,16,1,19,0,0,0,0,0,0,2,16,1,19,90,0,90,109
05/14/2022,SWO,OK,ASW,CE,Federal Contract Tower,0,5,6,0,11,0,3,35,0,38,0,8,41,0,49,82,0,82,131
05/15/2022,SWO,OK,ASW,CE,Federal Contract Tower,0,4,9,10,23,0,0,53,3,56,0,4,62,13,79,64,8,72,151
05/16/2022,SWO,OK,ASW,CE,Federal Contract Tower,0,2,26,3,31,0,4,103,0,107,0,6,129,3,138,126,0,126,264
05/17/2022,SWO,OK,ASW,CE,Federal Contract Tower,0,4,11,18,33,0,5,86,0,91,0,9,97,18,124,80,0,80,204
05/18/2022,SWO,OK,ASW,CE,Federal Contract Tower,0,7,20,2,29,0,3,85,3,91,0,10,105,5,120,156,0,156,276
05/19/2022,SWO,OK,ASW,CE,Federal Contract Tower,0,3,26,4,33,0,3,99,3,105,0,6,125,7,138,128,0,128,266
05/20/2022,SWO,OK,ASW,CE,Federal Contract Tower,0,3,24,2,29,0,0,61,3,64,0,3,85,5,93,80,8,88,181
05/21/2022,SWO,OK,ASW,CE,Federal Contract Tower,0,9,12,0,21,0,3,18,0,21,0,12,30,0,42,10,0,10,52
05/22/2022,SWO,OK,ASW,CE,Federal Contract Tower,0,5,15,0,20,0,0,61,2,63,0,5,76,2,83,82,8,90,173
05/23/2022,SWO,OK,ASW,CE,Federal Contract Tower,0,2,8,2,12,0,1,3,4,8,0,3,11,6,20,0,12,12,32
05/24/2022,SWO,OK,ASW,CE,Federal Contract Tower,0,5,13,6,24,0,0,0,0,0,0,5,13,6,24,0,0,0,24
05/25/2022,SWO,OK,ASW,CE,Federal Contract Tower,0,1,36,0,37,0,0,2,0,2,0,1,38,0,39,0,0,0,39
05/26/2022,SWO,OK,ASW,CE,Federal Contract Tower,0,2,26,4,32,0,1,48,0,49,0,3,74,4,81,120,0,120,201
05/27/2022,SWO,OK,ASW,CE,Federal Contract Tower,0,2,16,12,30,0,2,122,0,124,0,4,138,12,154,182,0,182,336
05/28/2022,SWO,OK,ASW,CE,Federal Contract Tower,2,3,6,0,11,0,0,25,0,25,2,3,31,0,36,26,0,26,62
05/29/2022,SWO,OK,ASW,CE,Federal Contract Tower,0,2,5,0,7,0,0,19,0,19,0,2,24,0,26,20,0,20,46
05/30/2022,SWO,OK,ASW,CE,Federal Contract Tower,0,6,3,0,9,0,0,5,0,5,0,6,8,0,14,0,0,0,14
05/31/2022,SWO,OK,ASW,CE,Federal Contract Tower,0,3,16,16,35,0,3,54,4,61,0,6,70,20,96,34,18,52,148
06/01/2022,SWO,OK,ASW,CE,Federal Contract Tower,0,4,2,0,6,0,0,0,0,0,0,4,2,0,6,0,0,0,6
06/02/2022,SWO,OK,ASW,CE,Federal Contract Tower,0,9,27,14,50,0,1,107,1,109,0,10,134,15,159,144,14,158,317
06/03/2022,SWO,OK,ASW,CE,Federal Contract Tower,0,16,26,1,43,0,0,101,1,102,0,16,127,2,145,146,0,146,291
06/04/2022,SWO,OK,ASW,CE,Federal Contract Tower,0,6,6,1,13,0,3,31,0,34,0,9,37,1,47,40,0,40,87
06/05/2022,SWO,OK,ASW,CE,Federal Contract Tower,0,11,10,5,26,0,1,21,8,30,0,12,31,13,56,38,6,44,100
06/06/2022,SWO,OK,ASW,CE,Federal Contract Tower,0,5,18,5,28,0,7,104,3,114,0,12,122,8,142,236,34,270,412
06/07/2022,SWO,OK,ASW,CE,Federal Contract Tower,0,2,11,11,24,0,7,56,2,65,0,9,67,13,89,78,6,84,173
06/08/2022,SWO,OK,ASW,CE,Federal Contract Tower,0,4,12,0,16,0,6,35,0,41,0,10,47,0,57,58,0,58,115
06/09/2022,SWO,OK,ASW,CE,Federal Contract Tower,0,3,32,0,35,0,0,101,0,101,0,3,133,0,136,210,0,210,346
06/10/2022,SWO,OK,ASW,CE,Federal Contract Tower,0,3,25,4,32,0,3,108,1,112,0,6,133,5,144,122,0,122,266
06/11/2022,SWO,OK,ASW,CE,Federal Contract Tower,0,3,15,2,20,0,2,68,11,81,0,5,83,13,101,45,0,45,146
06/12/2022,SWO,OK,ASW,CE,Federal Contract Tower,0,4,5,6,15,0,0,25,0,25,0,4,30,6,40,58,2,60,100
06/13/2022,SWO,OK,ASW,CE,Federal Contract Tower,0,2,14,3,19,0,3,63,0,66,0,5,77,3,85,74,0,74,159
06/14/2022,SWO,OK,ASW,CE,Federal Contract Tower,0,4,15,14,33,0,4,53,1,58,0,8,68,15,91,60,10,70,161
06/15/2022,SWO,OK,ASW,CE,Federal Contract Tower,0,2,19,28,49,0,2,65,13,80,0,4,84,41,129,78,38,116,245
06/16/2022,SWO,OK,ASW,CE,Federal Contract Tower,0,2,10,14,26,0,3,83,3,89,0,5,93,17,115,136,2,138,253
06/17/2022,SWO,OK,ASW,CE,Federal Contract Tower,0,4,18,25,47,0,3,84,8,95,0,7,102,33,142,114,20,134,276
06/18/2022,SWO,OK,ASW,CE,Federal Contract Tower,0,3,11,0,14,0,0,45,0,45,0,3,56,0,59,52,0,52,111
06/19/2022,SWO,OK,ASW,CE,Federal Contract Tower,0,3,5,0,8,0,0,33,0,33,0,3,38,0,41,50,0,50,91
06/20/2022,SWO,OK,ASW,CE,Federal Contract Tower,0,2,20,0,22,0,0,78,0,78,0,2,98,0,100,74,0,74,174
06/21/2022,SWO,OK,ASW,CE,Federal Contract Tower,0,2,10,15,27,0,2,95,5,102,0,4,105,20,129,130,40,170,299
06/22/2022,SWO,OK,ASW,CE,Federal Contract Tower,0,2,34,6,42,0,5,113,0,118,0,7,147,6,160,140,2,142,302
06/23/2022,SWO,OK,ASW,CE,Federal Contract Tower,0,2,25,4,31,0,7,95,4,106,0,9,120,8,137,124,4,128,265
06/24/2022,SWO,OK,ASW,CE,Federal Contract Tower,0,2,19,13,34,0,6,66,3,75,0,8,85,16,109,108,2,110,219
06/25/2022,SWO,OK,ASW,CE,Federal Contract Tower,0,1,14,0,15,0,0,35,0,35,0,1,49,0,50,36,0,36,86
06/26/2022,SWO,OK,ASW,CE,Federal Contract Tower,0,4,10,2,16,0,1,33,4,38,0,5,43,6,54,42,40,82,136
06/27/2022,SWO,OK,ASW,CE,Federal Contract Tower,0,2,29,12,43,0,0,71,4,75,0,2,100,16,118,82,6,88,206
06/28/2022,SWO,OK,ASW,CE,Federal Contract Tower,0,4,19,13,36,0,2,75,1,78,0,6,94,14,114,106,0,106,220
06/29/2022,SWO,OK,ASW,CE,Federal Contract Tower,0,4,26,9,39,0,8,102,7,117,0,12,128,16,156,158,10,168,324
06/30/2022,SWO,OK,ASW,CE,Federal Contract Tower,0,2,17,17,36,0,4,91,7,102,0,6,108,24,138,102,30,132,270
07/02/2022,SWO,OK,ASW,CE,Federal Contract Tower,0,2,2,0,4,0,0,22,0,22,0,2,24,0,26,40,0,40,66
07/03/2022,SWO,OK,ASW,CE,Federal Contract Tower,0,2,0,0,2,0,0,4,0,4,0,2,4,0,6,2,0,2,8
07/04/2022,SWO,OK,ASW,CE,Federal Contract Tower,0,2,2,0,4,0,1,15,0,16,0,3,17,0,20,18,0,18,38
07/05/2022,SWO,OK,ASW,CE,Federal Contract Tower,0,2,25,4,31,0,3,66,0,69,0,5,91,4,100,114,2,116,216
07/06/2022,SWO,OK,ASW,CE,Federal Contract Tower,0,6,25,11,42,0,2,117,6,125,0,8,142,17,167,154,22,176,343
07/07/2022,SWO,OK,ASW,CE,Federal Contract Tower,0,3,23,16,42,0,4,105,9,118,0,7,128,25,160,136,18,154,314
07/08/2022,SWO,OK,ASW,CE,Federal Contract Tower,0,2,14,2,18,0,0,74,0,74,0,2,88,2,92,117,0,117,209
07/09/2022,SWO,OK,ASW,CE,Federal Contract Tower,0,2,16,0,18,0,0,44,0,44,0,2,60,0,62,82,0,82,144
07/10/2022,SWO,OK,ASW,CE,Federal Contract Tower,0,6,2,0,8,0,0,49,0,49,0,6,51,0,57,56,0,56,113
07/11/2022,SWO,OK,ASW,CE,Federal Contract Tower,0,2,23,11,36,0,6,96,10,112,0,8,119,21,148,124,10,134,282
07/12/2022,SWO,OK,ASW,CE,Federal Contract Tower,0,3,29,13,45,0,0,94,0,94,0,3,123,13,139,112,6,118,257
07/13/2022,SWO,OK,ASW,CE,Federal Contract Tower,0,4,21,9,34,0,2,99,4,105,0,6,120,13,139,196,6,202,341
07/14/2022,SWO,OK,ASW,CE,Federal Contract Tower,0,4,10,10,24,0,4,61,2,67,0,8,71,12,91,100,0,100,191
07/15/2022,SWO,OK,ASW,CE,Federal Contract Tower,0,2,19,2,23,0,2,86,3,91,0,4,105,5,114,128,8,136,250
07/16/2022,SWO,OK,ASW,CE,Federal Contract Tower,0,4,9,0,13,0,0,43,0,43,0,4,52,0,56,42,2,44,100
07/17/2022,SWO,OK,ASW,CE,Federal Contract Tower,0,4,5,6,15,0,3,30,0,33,0,7,35,6,48,58,0,58,106
07/18/2022,SWO,OK,ASW,CE,Federal Contract Tower,0,3,15,10,28,0,1,81,1,83,0,4,96,11,111,134,14,148,259
07/19/2022,SWO,OK,ASW,CE,Federal Contract Tower,0,2,8,12,22,0,3,56,0,59,0,5,64,12,81,112,8,120,201
07/20/2022,SWO,OK,ASW,CE,Federal Contract Tower,0,3,19,1,23,0,0,80,3,83,0,3,99,4,106,158,8,166,272
07/21/2022,SWO,OK,ASW,CE,Federal Contract Tower,0,4,16,1,21,0,0,61,3,64,0,4,77,4,85,76,0,76,161
07/22/2022,SWO,OK,ASW,CE,Federal Contract Tower,0,3,22,4,29,0,0,95,1,96,0,3,117,5,125,98,0,98,223
07/23/2022,SWO,OK,ASW,CE,Federal Contract Tower,0,2,10,0,12,0,0,45,0,45,0,2,55,0,57,34,0,34,91
07/24/2022,SWO,OK,ASW,CE,Federal Contract Tower,0,3,4,0,7,0,5,17,0,22,0,8,21,0,29,36,0,36,65
07/25/2022,SWO,OK,ASW,CE,Federal Contract Tower,0,4,19,0,23,0,2,67,0,69,0,6,86,0,92,76,0,76,168
07/26/2022,SWO,OK,ASW,CE,Federal Contract Tower,0,2,19,8,29,0,1,74,14,89,0,3,93,22,118,136,16,152,270
07/27/2022,SWO,OK,ASW,CE,Federal Contract Tower,0,7,13,12,32,0,1,84,4,89,0,8,97,16,121,120,4,124,245
07/28/2022,SWO,OK,ASW,CE,Federal Contract Tower,0,2,19,0,21,0,0,64,4,68,0,2,83,4,89,156,0,156,245
07/29/2022,SWO,OK,ASW,CE,Federal Contract Tower,0,5,16,0,21,0,3,14,0,17,0,8,30,0,38,28,0,28,66
07/30/2022,SWO,OK,ASW,CE,Federal Contract Tower,0,3,3,0,6,0,1,15,0,16,0,4,18,0,22,18,0,18,40
07/31/2022,SWO,OK,ASW,CE,Federal Contract Tower,0,3,14,0,17,0,0,37,2,39,0,3,51,2,56,76,8,84,140
08/01/2022,SWO,OK,ASW,CE,Federal Contract Tower,0,4,20,1,25,0,2,108,8,118,0,6,128,9,143,140,4,144,287
08/02/2022,SWO,OK,ASW,CE,Federal Contract Tower,0,3,14,5,22,0,1,94,6,101,0,4,108,11,123,138,22,160,283
08/03/2022,SWO,OK,ASW,CE,Federal Contract Tower,0,8,17,5,30,0,2,91,1,94,0,10,108,6,124,122,0,122,246
08/04/2022,SWO,OK,ASW,CE,Federal Contract Tower,0,6,22,1,29,0,2,79,1,82,0,8,101,2,111,110,0,110,221
08/05/2022,SWO,OK,ASW,CE,Federal Contract Tower,0,1,27,9,37,0,12,74,6,92,0,13,101,15,129,76,16,92,221
08/06/2022,SWO,OK,ASW,CE,Federal Contract Tower,0,2,19,0,21,0,0,70,0,70,0,2,89,0,91,60,0,60,151
08/07/2022,SWO,OK,ASW,CE,Federal Contract Tower,0,2,12,4,18,0,0,30,2,32,0,2,42,6,50,44,0,44,94
08/08/2022,SWO,OK,ASW,CE,Federal Contract Tower,0,2,13,13,28,0,5,68,0,73,0,7,81,13,101,58,0,58,159
08/09/2022,SWO,OK,ASW,CE,Federal Contract Tower,0,2,21,1,24,0,7,88,8,103,0,9,109,9,127,142,18,160,287
08/10/2022,SWO,OK,ASW,CE,Federal Contract Tower,0,6,15,9,30,0,5,88,8,101,0,11,103,17,131,184,28,212,343
08/11/2022,SWO,OK,ASW,CE,Federal Contract Tower,0,2,15,2,19,0,0,107,8,115,0,2,122,10,134,172,2,174,308
08/12/2022,SWO,OK,ASW,CE,Federal Contract Tower,0,4,25,0,29,0,8,87,0,95,0,12,112,0,124,116,0,116,240
08/13/2022,SWO,OK,ASW,CE,Federal Contract Tower,0,2,15,0,17,0,6,64,2,72,0,8,79,2,89,88,20,108,197
08/14/2022,SWO,OK,ASW,CE,Federal Contract Tower,0,5,6,12,23,0,14,25,9,48,0,19,31,21,71,24,26,50,121
08/15/2022,SWO,OK,ASW,CE,Federal Contract Tower,0,3,28,4,35,0,2,69,4,75,0,5,97,8,110,158,20,178,288
08/16/2022,SWO,OK,ASW,CE,Federal Contract Tower,0,2,21,4,27,0,0,70,7,77,0,2,91,11,104,54,6,60,164
08/17/2022,SWO,OK,ASW,CE,Federal Contract Tower,0,8,31,4,43,0,0,8,0,8,0,8,39,4,51,10,0,10,61
08/18/2022,SWO,OK,ASW,CE,Federal Contract Tower,0,3,22,2,27,0,1,92,8,101,0,4,114,10,128,158,18,176,304
08/19/2022,SWO,OK,ASW,CE,Federal Contract Tower,0,5,12,0,17,0,0,96,1,97,0,5,108,1,114,86,2,88,202
08/20/2022,SWO,OK,ASW,CE,Federal Contract Tower,0,3,12,0,15,0,0,43,6,49,0,3,55,6,64,96,0,96,160
08/21/2022,SWO,OK,ASW,CE,Federal Contract Tower,0,4,4,2,10,0,0,4,0,4,0,4,8,2,14,0,0,0,14
08/22/2022,SWO,OK,ASW,CE,Federal Contract Tower,0,3,14,2,19,0,3,64,3,70,0,6,78,5,89,110,8,118,207
08/23/2022,SWO,OK,ASW,CE,Federal Contract Tower,0,3,18,9,30,0,3,67,6,76,0,6,85,15,106,63,4,67,173
08/24/2022,SWO,OK,ASW,CE,Federal Contract Tower,0,3,30,2,35,0,2,145,2,149,0,5,175,4,184,242,2,244,428
08/25/2022,SWO,OK,ASW,CE,Federal Contract Tower,0,3,37,6,46,0,2,111,9,122,0,5,148,15,168,156,12,168,336
08/26/2022,SWO,OK,ASW,CE,Federal Contract Tower,0,4,32,3,39,0,0,118,3,121,0,4,150,6,160,176,0,176,336
08/27/2022,SWO,OK,ASW,CE,Federal Contract Tower,0,3,22,0,25,0,6,70,7,83,0,9,92,7,108,80,0,80,188
08/28/2022,SWO,OK,ASW,CE,Federal Contract Tower,0,6,4,5,15,0,1,9,1,11,0,7,13,6,26,4,0,4,30
08/29/2022,SWO,OK,ASW,CE,Federal Contract Tower,0,3,17,13,33,0,1,67,0,68,0,4,84,13,101,90,0,90,191
08/30/2022,SWO,OK,ASW,CE,Federal Contract Tower,0,2,29,8,39,0,0,119,6,125,0,2,148,14,164,210,8,218,382
08/31/2022,SWO,OK,ASW,CE,Federal Contract Tower,0,6,22,0,28,0,2,122,2,126,0,8,144,2,154,206,12,218,372
09/01/2022,SWO,OK,ASW,CE,Federal Contract Tower,0,6,20,0,26,0,0,53,0,53,0,6,73,0,79,60,0,60,139
09/02/2022,SWO,OK,ASW,CE,Federal Contract Tower,0,5,18,0,23,0,1,66,0,67,0,6,84,0,90,84,0,84,174
09/03/2022,SWO,OK,ASW,CE,Federal Contract Tower,0,4,4,0,8,0,5,61,0,66,0,9,65,0,74,92,0,92,166
09/04/2022,SWO,OK,ASW,CE,Federal Contract Tower,0,2,6,0,8,0,4,35,0,39,0,6,41,0,47,34,0,34,81
09/05/2022,SWO,OK,ASW,CE,Federal Contract Tower,0,4,5,0,9,0,4,55,0,59,0,8,60,0,68,38,0,38,106
09/06/2022,SWO,OK,ASW,CE,Federal Contract Tower,0,3,16,6,25,0,1,130,9,140,0,4,146,15,165,212,14,226,391
09/07/2022,SWO,OK,ASW,CE,Federal Contract Tower,0,4,20,7,31,0,3,147,9,159,0,7,167,16,190,160,4,164,354
09/08/2022,SWO,OK,ASW,CE,Federal Contract Tower,0,5,17,5,27,0,1,129,3,133,0,6,146,8,160,116,6,122,282
09/09/2022,SWO,OK,ASW,CE,Federal Contract Tower,0,15,46,2,63,0,4,130,0,134,0,19,176,2,197,154,6,160,357
09/10/2022,SWO,OK,ASW,CE,Federal Contract Tower,0,20,22,0,42,0,4,85,0,89,0,24,107,0,131,60,0,60,191
09/11/2022,SWO,OK,ASW,CE,Federal Contract Tower,0,3,10,0,13,0,3,37,0,40,0,6,47,0,53,42,0,42,95
09/12/2022,SWO,OK,ASW,CE,Federal Contract Tower,0,4,20,17,41,0,5,129,11,145,0,9,149,28,186,200,22,222,408
09/13/2022,SWO,OK,ASW,CE,Federal Contract Tower,0,5,27,5,37,0,4,149,4,157,0,9,176,9,194,232,8,240,434
09/14/2022,SWO,OK,ASW,CE,Federal Contract Tower,0,4,22,4,30,0,0,149,15,164,0,4,171,19,194,177,24,201,395
09/15/2022,SWO,OK,ASW,CE,Federal Contract Tower,0,6,15,12,33,0,1,142,6,149,0,7,157,18,182,170,14,184,366
09/16/2022,SWO,OK,ASW,CE,Federal Contract Tower,0,10,27,1,38,0,6,104,3,113,0,16,131,4,151,100,12,112,263
09/17/2022,SWO,OK,ASW,CE,Federal Contract Tower,0,5,16,0,21,0,2,59,0,61,0,7,75,0,82,60,0,60,142
09/18/2022,SWO,OK,ASW,CE,Federal Contract Tower,0,9,17,4,30,0,0,65,6,71,0,9,82,10,101,60,12,72,173
09/19/2022,SWO,OK,ASW,CE,Federal Contract Tower,0,2,22,4,28,0,0,110,10,120,0,2,132,14,148,154,14,168,316
09/20/2022,SWO,OK,ASW,CE,Federal Contract Tower,0,4,23,3,30,0,2,153,12,167,0,6,176,15,197,163,0,163,360
09/21/2022,SWO,OK,ASW,CE,Federal Contract Tower,0,13,19,2,34,0,2,133,5,140,0,15,152,7,174,150,18,168,342
09/22/2022,SWO,OK,ASW,CE,Federal Contract Tower,2,7,20,8,37,0,1,104,7,112,2,8,124,15,149,156,12,168,317
09/23/2022,SWO,OK,ASW,CE,Federal Contract Tower,0,3,14,4,21,0,2,123,14,139,0,5,137,18,160,160,2,162,322
09/24/2022,SWO,OK,ASW,CE,Federal Contract Tower,0,4,17,0,21,0,0,56,4,60,0,4,73,4,81,108,0,108,189
09/25/2022,SWO,OK,ASW,CE,Federal Contract Tower,1,4,12,8,25,0,0,42,12,54,1,4,54,20,79,40,13,53,132
09/26/2022,SWO,OK,ASW,CE,Federal Contract Tower,0,2,20,4,26,0,0,109,4,113,0,2,129,8,139,120,12,132,271
09/27/2022,SWO,OK,ASW,CE,Federal Contract Tower,0,3,27,1,31,0,5,143,2,150,0,8,170,3,181,182,6,188,369
09/28/2022,SWO,OK,ASW,CE,Federal Contract Tower,0,4,27,6,37,0,2,109,2,113,0,6,136,8,150,162,2,164,314
09/30/2022,SWO,OK,ASW,CE,Federal Contract Tower,1,8,10,12,31,0,1,89,1,91,1,9,99,13,122,187,18,205,327
10/01/2022,SWO,OK,ASW,CE,Federal Contract Tower,2,6,6,0,14,0,4,61,0,65,2,10,67,0,79,110,0,110,189
10/02/2022,SWO,OK,ASW,CE,Federal Contract Tower,0,7,9,4,20,0,2,46,0,48,0,9,55,4,68,30,0,30,98
10/03/2022,SWO,OK,ASW,CE,Federal Contract Tower,0,3,14,13,30,0,2,124,4,130,0,5,138,17,160,186,12,198,358
10/04/2022,SWO,OK,ASW,CE,Federal Contract Tower,0,7,30,4,41,0,0,134,1,135,0,7,164,5,176,184,0,184,360
10/05/2022,SWO,OK,ASW,CE,Federal Contract Tower,0,5,16,1,22,0,0,137,9,146,0,5,153,10,168,200,38,238,406
10/06/2022,SWO,OK,ASW,CE,Federal Contract Tower,0,5,28,3,36,0,1,151,0,152,0,6,179,3,188,166,0,166,354
10/07/2022,SWO,OK,ASW,CE,Federal Contract Tower,0,6,52,0,58,0,0,179,5,184,0,6,231,5,242,155,0,155,397
10/08/2022,SWO,OK,ASW,CE,Federal Contract Tower,0,24,27,0,51,0,4,54,1,59,0,28,81,1,110,34,0,34,144
10/09/2022,SWO,OK,ASW,CE,Federal Contract Tower,0,4,18,0,22,0,0,63,0,63,0,4,81,0,85,72,0,72,157
10/10/2022,SWO,OK,ASW,CE,Federal Contract Tower,0,4,28,0,32,0,0,86,0,86,0,4,114,0,118,116,0,116,234
10/11/2022,SWO,OK,ASW,CE,Federal Contract Tower,0,5,24,1,30,0,1,83,9,93,0,6,107,10,123,112,14,126,249
10/12/2022,SWO,OK,ASW,CE,Federal Contract Tower,0,3,40,4,47,0,0,160,2,162,0,3,200,6,209,162,0,162,371
10/13/2022,SWO,OK,ASW,CE,Federal Contract Tower,0,3,23,2,28,0,1,114,3,118,0,4,137,5,146,164,0,164,310
10/14/2022,SWO,OK,ASW,CE,Federal Contract Tower,2,3,29,1,35,0,2,111,8,121,2,5,140,9,156,141,12,153,309
10/15/2022,SWO,OK,ASW,CE,Federal Contract Tower,1,3,25,0,29,0,5,74,0,79,1,8,99,0,108,134,0,134,242
10/16/2022,SWO,OK,ASW,CE,Federal Contract Tower,0,6,17,0,23,0,4,46,0,50,0,10,63,0,73,88,0,88,161
10/17/2022,SWO,OK,ASW,CE,Federal Contract Tower,0,2,28,6,36,0,3,139,0,142,0,5,167,6,178,158,0,158,336
10/18/2022,SWO,OK,ASW,CE,Federal Contract Tower,0,6,21,10,37,0,0,128,0,128,0,6,149,10,165,198,0,198,363
10/19/2022,SWO,OK,ASW,CE,Federal Contract Tower,0,5,39,4,48,0,0,138,9,147,0,5,177,13,195,184,8,192,387
10/20/2022,SWO,OK,ASW,CE,Federal Contract Tower,0,3,35,2,40,0,0,121,0,121,0,3,156,2,161,135,2,137,298
10/21/2022,SWO,OK,ASW,CE,Federal Contract Tower,0,10,21,4,35,0,4,117,4,125,0,14,138,8,160,94,4,98,258
10/22/2022,SWO,OK,ASW,CE,Federal Contract Tower,4,28,29,0,61,0,2,24,9,35,4,30,53,9,96,0,0,0,96
10/23/2022,SWO,OK,ASW,CE,Federal Contract Tower,0,9,14,1,24,0,3,16,1,20,0,12,30,2,44,0,0,0,44
10/24/2022,SWO,OK,ASW,CE,Federal Contract Tower,0,5,13,0,18,0,0,0,0,0,0,5,13,0,18,0,0,0,18
10/25/2022,SWO,OK,ASW,CE,Federal Contract Tower,0,6,22,1,29,0,3,138,0,141,0,9,160,1,170,176,2,178,348
10/26/2022,SWO,OK,ASW,CE,Federal Contract Tower,0,7,31,10,48,0,1,157,7,165,0,8,188,17,213,210,4,214,427
10/27/2022,SWO,OK,ASW,CE,Federal Contract Tower,0,4,24,19,47,0,0,133,14,147,0,4,157,33,194,106,24,130,324
10/28/2022,SWO,OK,ASW,CE,Federal Contract Tower,2,9,29,4,44,0,4,142,6,152,2,13,171,10,196,194,18,212,408
10/29/2022,SWO,OK,ASW,CE,Federal Contract Tower,2,4,36,0,42,0,0,112,0,112,2,4,148,0,154,102,0,102,256
10/30/2022,SWO,OK,ASW,CE,Federal Contract Tower,0,3,19,0,22,0,0,55,0,55,0,3,74,0,77,66,0,66,143
10/31/2022,SWO,OK,ASW,CE,Federal Contract Tower,0,2,21,2,25,0,0,167,0,167,0,2,188,2,192,192,2,194,386
11/01/2022,SWO,OK,ASW,CE,Federal Contract Tower,0,10,16,2,28,0,3,163,2,168,0,13,179,4,196,240,12,252,448
11/02/2022,SWO,OK,ASW,CE,Federal Contract Tower,0,5,24,9,38,0,1,114,2,117,0,6,138,11,155,194,2,196,351
11/03/2022,SWO,OK,ASW,CE,Federal Contract Tower,2,2,25,6,35,0,0,31,1,32,2,2,56,7,67,66,2,68,135
11/04/2022,SWO,OK,ASW,CE,Federal Contract Tower,3,2,0,0,5,0,0,1,0,1,3,2,1,0,6,0,0,0,6
11/05/2022,SWO,OK,ASW,CE,Federal Contract Tower,5,0,19,6,30,0,2,97,0,99,5,2,116,6,129,128,0,128,257
11/06/2022,SWO,OK,ASW,CE,Federal Contract Tower,0,2,13,0,15,0,2,95,0,97,0,4,108,0,112,142,0,142,254
11/07/2022,SWO,OK,ASW,CE,Federal Contract Tower,2,2,36,4,44,0,2,60,0,62,2,4,96,4,106,70,0,70,176
11/08/2022,SWO,OK,ASW,CE,Federal Contract Tower,2,0,34,10,46,0,2,0,0,2,2,2,34,10,48,0,0,0,48
11/09/2022,SWO,OK,ASW,CE,Federal Contract Tower,0,4,43,20,67,0,1,92,2,95,0,5,135,22,162,116,0,116,278
11/10/2022,SWO,OK,ASW,CE,Federal Contract Tower,3,0,18,3,24,0,0,24,4,28,3,0,42,7,52,54,10,64,116
11/11/2022,SWO,OK,ASW,CE,Federal Contract Tower,0,0,25,0,25,0,0,114,1,115,0,0,139,1,140,150,0,150,290
11/12/2022,SWO,OK,ASW,CE,Federal Contract Tower,5,11,24,0,40,0,0,105,3,108,5,11,129,3,148,6,0,6,154
11/13/2022,SWO,OK,ASW,CE,Federal Contract Tower,3,0,25,0,28,0,0,115,0,115,3,0,140,0,143,168,0,168,311
11/14/2022,SWO,OK,ASW,CE,Federal Contract Tower,2,3,1,12,18,0,0,35,0,35,2,3,36,12,53,48,26,74,127
11/15/2022,SWO,OK,ASW,CE,Federal Contract Tower,3,2,22,6,33,0,2,132,4,138,3,4,154,10,171,158,0,158,329
11/16/2022,SWO,OK,ASW,CE,Federal Contract Tower,3,2,25,4,34,0,0,138,2,140,3,2,163,6,174,250,0,250,424
11/17/2022,SWO,OK,ASW,CE,Federal Contract Tower,2,1,27,9,39,0,1,136,4,141,2,2,163,13,180,230,16,246,426
11/18/2022,SWO,OK,ASW,CE,Federal Contract Tower,2,2,18,0,22,0,7,90,2,99,2,9,108,2,121,164,0,164,285
11/19/2022,SWO,OK,ASW,CE,Federal Contract Tower,2,6,15,0,23,0,1,57,0,58,2,7,72,0,81,78,0,78,159
11/20/2022,SWO,OK,ASW,CE,Federal Contract Tower,2,0,7,0,9,0,1,27,2,30,2,1,34,2,39,40,0,40,79
11/21/2022,SWO,OK,ASW,CE,Federal Contract Tower,2,0,11,0,13,0,0,73,3,76,2,0,84,3,89,98,6,104,193
11/22/2022,SWO,OK,ASW,CE,Federal Contract Tower,3,1,7,0,11,0,0,48,8,56,3,1,55,8,67,80,24,104,171
11/23/2022,SWO,OK,ASW,CE,Federal Contract Tower,2,4,9,16,31,0,0,0,0,0,2,4,9,16,31,0,0,0,31
11/24/2022,SWO,OK,ASW,CE,Federal Contract Tower,1,0,0,0,1,0,0,0,0,0,1,0,0,0,1,0,0,0,1
11/25/2022,SWO,OK,ASW,CE,Federal Contract Tower,2,1,9,0,12,0,0,13,0,13,2,1,22,0,25,46,0,46,71
11/26/2022,SWO,OK,ASW,CE,Federal Contract Tower,7,5,3,0,15,0,0,0,0,0,7,5,3,0,15,0,0,0,15
11/27/2022,SWO,OK,ASW,CE,Federal Contract Tower,2,0,11,0,13,0,3,17,0,20,2,3,28,0,33,4,0,4,37
11/28/2022,SWO,OK,ASW,CE,Federal Contract Tower,2,1,21,5,29,0,3,110,1,114,2,4,131,6,143,186,12,198,341
11/29/2022,SWO,OK,ASW,CE,Federal Contract Tower,4,3,20,2,29,0,5,77,0,82,4,8,97,2,111,98,0,98,209
11/30/2022,SWO,OK,ASW,CE,Federal Contract Tower,4,5,15,6,30,0,7,117,3,127,4,12,132,9,157,192,16,208,365
12/01/2022,SWO,OK,ASW,CE,Federal Contract Tower,2,2,10,0,14,0,1,82,2,85,2,3,92,2,99,150,4,154,253
12/02/2022,SWO,OK,ASW,CE,Federal Contract Tower,3,1,8,6,18,0,0,20,0,20,3,1,28,6,38,56,0,56,94
12/03/2022,SWO,OK,ASW,CE,Federal Contract Tower,2,6,16,0,24,0,2,82,4,88,2,8,98,4,112,194,28,222,334
12/04/2022,SWO,OK,ASW,CE,Federal Contract Tower,2,0,17,0,19,0,0,41,0,41,2,0,58,0,60,76,0,76,136
12/05/2022,SWO,OK,ASW,CE,Federal Contract Tower,2,4,11,11,28,0,2,40,2,44,2,6,51,13,72,84,24,108,180
12/06/2022,SWO,OK,ASW,CE,Federal Contract Tower,2,5,10,8,25,0,0,1,0,1,2,5,11,8,26,6,0,6,32
12/07/2022,SWO,OK,ASW,CE,Federal Contract Tower,2,0,11,8,21,0,0,0,1,1,2,0,11,9,22,0,6,6,28
12/08/2022,SWO,OK,ASW,CE,Federal Contract Tower,2,2,24,4,32,0,0,3,0,3,2,2,27,4,35,0,0,0,35
12/09/2022,SWO,OK,ASW,CE,Federal Contract Tower,4,0,20,4,28,0,2,127,0,129,4,2,147,4,157,238,0,238,395
12/10/2022,SWO,OK,ASW,CE,Federal Contract Tower,1,1,29,0,31,0,0,5,0,5,1,1,34,0,36,0,0,0,36
12/11/2022,SWO,OK,ASW,CE,Federal Contract Tower,3,2,30,8,43,0,0,0,0,0,3,2,30,8,43,0,0,0,43
12/12/2022,SWO,OK,ASW,CE,Federal Contract Tower,2,1,5,0,8,0,0,0,0,0,2,1,5,0,8,0,0,0,8
12/13/2022,SWO,OK,ASW,CE,Federal Contract Tower,2,0,26,6,34,0,3,147,5,155,2,3,173,11,189,188,0,188,377
12/14/2022,SWO,OK,ASW,CE,Federal Contract Tower,2,2,28,7,39,0,4,126,5,135,2,6,154,12,174,178,0,178,352
12/15/2022,SWO,OK,ASW,CE,Federal Contract Tower,2,2,18,2,24,0,2,79,0,81,2,4,97,2,105,36,0,36,141
12/16/2022,SWO,OK,ASW,CE,Federal Contract Tower,2,0,13,4,19,0,1,50,0,51,2,1,63,4,70,20,0,20,90
12/17/2022,SWO,OK,ASW,CE,Federal Contract Tower,3,0,8,2,13,0,0,51,0,51,3,0,59,2,64,56,0,56,120
12/18/2022,SWO,OK,ASW,CE,Federal Contract Tower,2,0,7,1,10,0,0,31,1,32,2,0,38,2,42,70,1,71,113
12/19/2022,SWO,OK,ASW,CE,Federal Contract Tower,2,2,14,2,20,0,2,67,0,69,2,4,81,2,89,126,0,126,215
12/20/2022,SWO,OK,ASW,CE,Federal Contract Tower,2,0,0,4,6,0,1,4,0,5,2,1,4,4,11,52,0,52,63
12/21/2022,SWO,OK,ASW,CE,Federal Contract Tower,6,0,2,15,23,0,2,4,1,7,6,2,6,16,30,0,2,2,32
12/22/2022,SWO,OK,ASW,CE,Federal Contract Tower,0,0,0,0,0,0,0,1,0,1,0,0,1,0,1,0,0,0,1
12/23/2022,SWO,OK,ASW,CE,Federal Contract Tower,2,0,0,0,2,0,2,2,0,4,2,2,2,0,6,2,0,2,8
12/24/2022,SWO,OK,ASW,CE,Federal Contract Tower,4,0,1,0,5,0,2,7,0,9,4,2,8,0,14,2,0,2,16
12/25/2022,SWO,OK,ASW,CE,Federal Contract Tower,4,0,0,0,4,0,0,3,0,3,4,0,3,0,7,2,0,2,9
12/26/2022,SWO,OK,ASW,CE,Federal Contract Tower,2,2,0,0,4,0,2,5,0,7,2,4,5,0,11,0,0,0,11
12/27/2022,SWO,OK,ASW,CE,Federal Contract Tower,2,1,1,2,6,1,1,18,0,20,3,2,19,2,26,24,0,24,50
12/28/2022,SWO,OK,ASW,CE,Federal Contract Tower,4,2,0,0,6,0,1,2,0,3,4,3,2,0,9,0,0,0,9
12/29/2022,SWO,OK,ASW,CE,Federal Contract Tower,2,2,4,0,8,0,0,11,0,11,2,2,15,0,19,0,0,0,19
12/30/2022,SWO,OK,ASW,CE,Federal Contract Tower,2,0,2,0,4,0,4,39,0,43,2,4,41,0,47,62,0,62,109
12/31/2022,SWO,OK,ASW,CE,Federal Contract Tower,5,2,1,0,8,0,1,12,0,13,5,3,13,0,21,24,0,24,45
01/01/2023,SWO,OK,ASW,CE,Federal Contract Tower,5,1,6,0,12,0,2,16,0,18,5,3,22,0,30,6,0,6,36
01/02/2023,SWO,OK,ASW,CE,Federal Contract Tower,4,3,2,0,9,0,0,0,0,0,4,3,2,0,9,0,0,0,9
01/03/2023,SWO,OK,ASW,CE,Federal Contract Tower,2,0,5,0,7,0,5,63,0,68,2,5,68,0,75,108,0,108,183
01/04/2023,SWO,OK,ASW,CE,Federal Contract Tower,4,2,11,0,17,0,1,76,0,77,4,3,87,0,94,88,0,88,182
01/05/2023,SWO,OK,ASW,CE,Federal Contract Tower,2,3,8,7,20,0,1,74,4,79,2,4,82,11,99,110,8,118,217
01/06/2023,SWO,OK,ASW,CE,Federal Contract Tower,3,5,20,2,30,0,2,63,0,65,3,7,83,2,95,82,0,82,177
01/07/2023,SWO,OK,ASW,CE,Federal Contract Tower,5,3,16,10,34,0,2,60,3,65,5,5,76,13,99,64,0,64,163
01/08/2023,SWO,OK,ASW,CE,Federal Contract Tower,2,0,11,0,13,0,1,48,0,49,2,1,59,0,62,114,0,114,176
01/09/2023,SWO,OK,ASW,CE,Federal Contract Tower,2,2,16,15,35,0,3,82,2,87,2,5,98,17,122,136,6,142,264
01/10/2023,SWO,OK,ASW,CE,Federal Contract Tower,4,0,22,2,28,0,0,113,0,113,4,0,135,2,141,106,0,106,247
01/12/2023,SWO,OK,ASW,CE,Federal Contract Tower,2,3,23,0,28,0,0,80,2,82,2,3,103,2,110,50,0,50,160
01/13/2023,SWO,OK,ASW,CE,Federal Contract Tower,4,5,19,0,28,0,1,116,3,120,4,6,135,3,148,156,2,158,306
01/14/2023,SWO,OK,ASW,CE,Federal Contract Tower,3,1,7,0,11,0,1,62,0,63,3,2,69,0,74,74,0,74,148
01/15/2023,SWO,OK,ASW,CE,Federal Contract Tower,2,3,6,1,12,0,3,30,1,34,2,6,36,2,46,32,0,32,78
01/16/2023,SWO,OK,ASW,CE,Federal Contract Tower,2,0,5,0,7,0,4,95,0,99,2,4,100,0,106,186,0,186,292
01/17/2023,SWO,OK,ASW,CE,Federal Contract Tower,4,0,16,5,25,0,2,118,2,122,4,2,134,7,147,204,18,222,369
01/18/2023,SWO,OK,ASW,CE,Federal Contract Tower,2,2,17,15,36,0,6,105,8,119,2,8,122,23,155,120,10,130,285
01/19/2023,SWO,OK,ASW,CE,Federal Contract Tower,3,0,23,0,26,0,0,110,0,110,3,0,133,0,136,92,0,92,228
01/20/2023,SWO,OK,ASW,CE,Federal Contract Tower,2,3,12,1,18,0,1,127,6,134,2,4,139,7,152,216,6,222,374
01/21/2023,SWO,OK,ASW,CE,Federal Contract Tower,2,2,6,0,10,0,0,16,0,16,2,2,22,0,26,30,0,30,56
01/22/2023,SWO,OK,ASW,CE,Federal Contract Tower,2,2,8,0,12,0,1,30,0,31,2,3,38,0,43,32,0,32,75
01/23/2023,SWO,OK,ASW,CE,Federal Contract Tower,3,1,28,0,32,0,1,170,2,173,3,2,198,2,205,258,2,260,465
01/24/2023,SWO,OK,ASW,CE,Federal Contract Tower,4,0,0,0,4,0,0,0,0,0,4,0,0,0,4,0,0,0,4
01/25/2023,SWO,OK,ASW,CE,Federal Contract Tower,4,2,16,0,22,0,0,57,1,58,4,2,73,1,80,74,0,74,154
01/26/2023,SWO,OK,ASW,CE,Federal Contract Tower,2,5,28,14,49,0,2,122,0,124,2,7,150,14,173,124,0,124,297
01/27/2023,SWO,OK,ASW,CE,Federal Contract Tower,7,4,36,2,49,0,0,158,0,158,7,4,194,2,207,156,0,156,363
01/28/2023,SWO,OK,ASW,CE,Federal Contract Tower,2,1,11,4,18,0,2,85,2,89,2,3,96,6,107,52,2,54,161
01/29/2023,SWO,OK,ASW,CE,Federal Contract Tower,5,3,5,2,15,0,0,0,0,0,5,3,5,2,15,0,0,0,15
01/31/2023,SWO,OK,ASW,CE,Federal Contract Tower,0,0,2,2,4,0,0,5,2,7,0,0,7,4,11,0,0,0,11
02/01/2023,SWO,OK,ASW,CE,Federal Contract Tower,2,2,11,4,19,0,3,106,9,118,2,5,117,13,137,138,0,138,275
02/02/2023,SWO,OK,ASW,CE,Federal Contract Tower,2,0,13,8,23,0,0,71,4,75,2,0,84,12,98,158,8,166,264
02/03/2023,SWO,OK,ASW,CE,Federal Contract Tower,2,6,8,6,22,0,1,125,6,132,2,7,133,12,154,232,14,246,400
02/04/2023,SWO,OK,ASW,CE,Federal Contract Tower,2,0,10,3,15,0,0,59,1,60,2,0,69,4,75,42,0,42,117
02/05/2023,SWO,OK,ASW,CE,Federal Contract Tower,2,4,12,2,20,0,2,89,0,91,2,6,101,2,111,82,0,82,193
02/06/2023,SWO,OK,ASW,CE,Federal Contract Tower,2,4,31,0,37,0,0,153,2,155,2,4,184,2,192,178,0,178,370
02/07/2023,SWO,OK,ASW,CE,Federal Contract Tower,4,2,13,0,19,0,0,83,0,83,4,2,96,0,102,126,2,128,230
02/08/2023,SWO,OK,ASW,CE,Federal Contract Tower,3,2,8,10,23,0,0,0,0,0,3,2,8,10,23,0,0,0,23
02/09/2023,SWO,OK,ASW,CE,Federal Contract Tower,2,0,21,2,25,0,0,165,0,165,2,0,186,2,190,136,0,136,326
02/10/2023,SWO,OK,ASW,CE,Federal Contract Tower,4,6,32,6,48,0,2,128,0,130,4,8,160,6,178,190,0,190,368
02/11/2023,SWO,OK,ASW,CE,Federal Contract Tower,3,3,18,0,24,0,2,124,1,127,3,5,142,1,151,186,4,190,341
02/12/2023,SWO,OK,ASW,CE,Federal Contract Tower,2,5,7,2,16,0,4,48,0,52,2,9,55,2,68,44,0,44,112
02/13/2023,SWO,OK,ASW,CE,Federal Contract Tower,2,1,22,2,27,0,0,149,3,152,2,1,171,5,179,190,2,192,371
02/14/2023,SWO,OK,ASW,CE,Federal Contract Tower,2,3,12,0,17,0,1,32,0,33,2,4,44,0,50,22,0,22,72
02/15/2023,SWO,OK,ASW,CE,Federal Contract Tower,2,0,18,4,24,0,1,163,0,164,2,1,181,4,188,172,6,178,366
02/16/2023,SWO,OK,ASW,CE,Federal Contract Tower,2,0,19,12,33,0,1,47,4,52,2,1,66,16,85,42,6,48,133
02/17/2023,SWO,OK,ASW,CE,Federal Contract Tower,4,1,24,4,33,0,2,198,3,203,4,3,222,7,236,270,2,272,508
02/18/2023,SWO,OK,ASW,CE,Federal Contract Tower,3,2,22,0,27,0,0,93,0,93,3,2,115,0,120,84,0,84,204
02/19/2023,SWO,OK,ASW,CE,Federal Contract Tower,3,5,10,0,18,0,1,71,0,72,3,6,81,0,90,86,0,86,176
02/20/2023,SWO,OK,ASW,CE,Federal Contract Tower,3,0,25,0,28,0,3,139,0,142,3,3,164,0,170,182,0,182,352
02/21/2023,SWO,OK,ASW,CE,Federal Contract Tower,3,1,14,3,21,0,2,160,5,167,3,3,174,8,188,232,62,294,482
02/22/2023,SWO,OK,ASW,CE,Federal Contract Tower,2,0,17,4,23,0,4,74,7,85,2,4,91,11,108,112,12,124,232
02/23/2023,SWO,OK,ASW,CE,Federal Contract Tower,3,4,19,4,30,0,1,168,0,169,3,5,187,4,199,236,0,236,435
02/24/2023,SWO,OK,ASW,CE,Federal Contract Tower,4,4,12,0,20,0,0,64,0,64,4,4,76,0,84,120,0,120,204
02/25/2023,SWO,OK,ASW,CE,Federal Contract Tower,3,0,4,0,7,0,0,4,0,4,3,0,8,0,11,32,0,32,43
02/26/2023,SWO,OK,ASW,CE,Federal Contract Tower,2,5,2,0,9,0,0,0,0,0,2,5,2,0,9,10,0,10,19
02/27/2023,SWO,OK,ASW,CE,Federal Contract Tower,4,1,7,0,12,0,5,90,0,95,4,6,97,0,107,116,0,116,223
02/28/2023,SWO,OK,ASW,CE,Federal Contract Tower,4,0,9,8,21,0,1,93,3,97,4,1,102,11,118,96,0,96,214
03/01/2023,SWO,OK,ASW,CE,Federal Contract Tower,2,1,12,8,23,0,3,162,1,166,2,4,174,9,189,200,16,216,405
03/02/2023,SWO,OK,ASW,CE,Federal Contract Tower,2,3,18,4,27,0,2,18,0,20,2,5,36,4,47,60,0,60,107
03/03/2023,SWO,OK,ASW,CE,Federal Contract Tower,3,1,19,5,28,0,0,129,4,133,3,1,148,9,161,136,2,138,299
03/04/2023,SWO,OK,ASW,CE,Federal Contract Tower,2,0,18,0,20,0,0,95,0,95,2,0,113,0,115,122,0,122,237
03/05/2023,SWO,OK,ASW,CE,Federal Contract Tower,3,0,5,8,16,0,0,21,2,23,3,0,26,10,39,6,2,8,47
03/06/2023,SWO,OK,ASW,CE,Federal Contract Tower,2,0,17,5,24,0,2,153,1,156,2,2,170,6,180,146,14,160,340
03/07/2023,SWO,OK,ASW,CE,Federal Contract Tower,2,0,16,4,22,0,0,39,2,41,2,0,55,6,63,118,0,118,181
03/08/2023,SWO,OK,ASW,CE,Federal Contract Tower,2,2,17,14,35,0,2,12,0,14,2,4,29,14,49,86,0,86,135
03/09/2023,SWO,OK,ASW,CE,Federal Contract Tower,2,1,16,6,25,0,1,26,0,27,2,2,42,6,52,34,0,34,86
03/10/2023,SWO,OK,ASW,CE,Federal Contract Tower,2,2,19,0,23,0,2,108,0,110,2,4,127,0,133,144,0,144,277
03/11/2023,SWO,OK,ASW,CE,Federal Contract Tower,2,2,4,0,8,0,0,18,2,20,2,2,22,2,28,26,4,30,58
03/12/2023,SWO,OK,ASW,CE,Federal Contract Tower,3,5,3,3,14,0,6,17,2,25,3,11,20,5,39,10,0,10,49
03/13/2023,SWO,OK,ASW,CE,Federal Contract Tower,2,2,4,5,13,0,0,83,1,84,2,2,87,6,97,100,0,100,197
03/14/2023,SWO,OK,ASW,CE,Federal Contract Tower,2,3,17,4,26,0,1,127,0,128,2,4,144,4,154,94,0,94,248
03/15/2023,SWO,OK,ASW,CE,Federal Contract Tower,2,0,6,7,15,1,0,39,6,46,3,0,45,13,61,36,0,36,97
03/16/2023,SWO,OK,ASW,CE,Federal Contract Tower,4,2,5,0,11,0,0,0,0,0,4,2,5,0,11,0,0,0,11
03/17/2023,SWO,OK,ASW,CE,Federal Contract Tower,2,1,10,9,22,0,1,68,3,72,2,2,78,12,94,62,4,66,160
03/18/2023,SWO,OK,ASW,CE,Federal Contract Tower,3,1,9,0,13,0,0,2,0,2,3,1,11,0,15,40,0,40,55
03/19/2023,SWO,OK,ASW,CE,Federal Contract Tower,3,2,5,6,16,0,0,61,0,61,3,2,66,6,77,116,0,116,193
03/20/2023,SWO,OK,ASW,CE,Federal Contract Tower,2,1,18,0,21,0,1,69,2,72,2,2,87,2,93,74,0,74,167
03/21/2023,SWO,OK,ASW,CE,Federal Contract Tower,2,1,21,12,36,0,0,35,7,42,2,1,56,19,78,48,10,58,136
03/22/2023,SWO,OK,ASW,CE,Federal Contract Tower,2,0,7,2,11,0,0,111,4,115,2,0,118,6,126,182,0,182,308
03/23/2023,SWO,OK,ASW,CE,Federal Contract Tower,2,2,4,0,8,0,1,10,0,11,2,3,14,0,19,4,0,4,23
03/24/2023,SWO,OK,ASW,CE,Federal Contract Tower,2,4,22,6,34,0,0,2,0,2,2,4,24,6,36,18,0,18,54
03/25/2023,SWO,OK,ASW,CE,Federal Contract Tower,2,3,12,0,17,0,1,134,0,135,2,4,146,0,152,210,0,210,362
03/26/2023,SWO,OK,ASW,CE,Federal Contract Tower,3,4,14,0,21,0,0,95,0,95,3,4,109,0,116,152,0,152,268
03/27/2023,SWO,OK,ASW,CE,Federal Contract Tower,3,0,8,16,27,0,0,185,0,185,3,0,193,16,212,222,0,222,434
03/28/2023,SWO,OK,ASW,CE,Federal Contract Tower,2,0,10,0,12,1,2,163,0,166,3,2,173,0,178,222,2,224,402
03/29/2023,SWO,OK,ASW,CE,Federal Contract Tower,2,1,21,4,28,0,0,172,3,175,2,1,193,7,203,260,12,272,475
03/30/2023,SWO,OK,ASW,CE,Federal Contract Tower,2,3,5,7,17,0,0,18,0,18,2,3,23,7,35,32,0,32,67
03/31/2023,SWO,OK,ASW,CE,Federal Contract Tower,2,2,6,0,10,0,0,12,0,12,2,2,18,0,22,6,0,6,28
04/01/2023,SWO,OK,ASW,CE,Federal Contract Tower,2,0,10,1,13,0,0,159,1,160,2,0,169,2,173,30,0,30,203
04/02/2023,SWO,OK,ASW,CE,Federal Contract Tower,2,2,2,0,6,0,1,32,0,33,2,3,34,0,39,20,0,20,59
04/03/2023,SWO,OK,ASW,CE,Federal Contract Tower,4,0,15,8,27,0,1,150,2,153,4,1,165,10,180,240,4,244,424
04/04/2023,SWO,OK,ASW,CE,Federal Contract Tower,2,2,10,4,18,0,3,36,0,39,2,5,46,4,57,20,0,20,77
04/05/2023,SWO,OK,ASW,CE,Federal Contract Tower,2,0,23,1,26,0,0,196,5,201,2,0,219,6,227,206,2,208,435
04/06/2023,SWO,OK,ASW,CE,Federal Contract Tower,3,0,15,0,18,1,2,155,0,158,4,2,170,0,176,256,0,256,432
04/07/2023,SWO,OK,ASW,CE,Federal Contract Tower,3,2,28,2,35,0,0,159,0,159,3,2,187,2,194,210,0,210,404
04/08/2023,SWO,OK,ASW,CE,Federal Contract Tower,2,0,4,8,14,0,3,105,0,108,2,3,109,8,122,202,0,202,324
04/09/2023,SWO,OK,ASW,CE,Federal Contract Tower,2,2,6,0,10,0,1,31,0,32,2,3,37,0,42,2,0,2,44
04/10/2023,SWO,OK,ASW,CE,Federal Contract Tower,2,0,8,0,10,0,0,82,7,89,2,0,90,7,99,214,0,214,313
04/11/2023,SWO,OK,ASW,CE,Federal Contract Tower,2,5,20,3,30,0,0,146,2,148,2,5,166,5,178,230,0,230,408
04/12/2023,SWO,OK,ASW,CE,Federal Contract Tower,2,1,14,4,21,0,1,129,1,131,2,2,143,5,152,246,14,260,412
04/13/2023,SWO,OK,ASW,CE,Federal Contract Tower,2,2,8,8,20,0,1,127,0,128,2,3,135,8,148,188,0,188,336
04/14/2023,SWO,OK,ASW,CE,Federal Contract Tower,2,2,21,6,31,0,1,109,0,110,2,3,130,6,141,162,0,162,303
04/15/2023,SWO,OK,ASW,CE,Federal Contract Tower,2,6,25,0,33,0,0,25,2,27,2,6,50,2,60,44,0,44,104
04/16/2023,SWO,OK,ASW,CE,Federal Contract Tower,2,6,5,0,13,0,0,51,0,51,2,6,56,0,64,24,0,24,88
04/17/2023,SWO,OK,ASW,CE,Federal Contract Tower,2,2,11,0,15,0,1,103,0,104,2,3,114,0,119,186,0,186,305
04/18/2023,SWO,OK,ASW,CE,Federal Contract Tower,2,2,8,3,15,0,1,73,0,74,2,3,81,3,89,34,0,34,123
04/19/2023,SWO,OK,ASW,CE,Federal Contract Tower,4,0,6,8,18,0,1,26,2,29,4,1,32,10,47,36,12,48,95
04/20/2023,SWO,OK,ASW,CE,Federal Contract Tower,2,4,20,0,26,0,0,123,2,125,2,4,143,2,151,190,0,190,341
04/21/2023,SWO,OK,ASW,CE,Federal Contract Tower,2,6,23,0,31,0,1,177,2,180,2,7,200,2,211,178,3,181,392
04/22/2023,SWO,OK,ASW,CE,Federal Contract Tower,2,2,14,0,18,0,0,86,0,86,2,2,100,0,104,129,0,129,233
04/23/2023,SWO,OK,ASW,CE,Federal Contract Tower,2,4,6,2,14,0,0,56,0,56,2,4,62,2,70,98,0,98,168
04/24/2023,SWO,OK,ASW,CE,Federal Contract Tower,2,2,20,13,37,0,0,114,3,117,2,2,134,16,154,134,6,140,294
04/25/2023,SWO,OK,ASW,CE,Federal Contract Tower,2,0,11,0,13,0,0,1,0,1,2,0,12,0,14,6,0,6,20
04/26/2023,SWO,OK,ASW,CE,Federal Contract Tower,2,1,14,0,17,0,0,0,0,0,2,1,14,0,17,0,0,0,17
04/27/2023,SWO,OK,ASW,CE,Federal Contract Tower,2,1,20,15,38,0,0,1,0,1,2,1,21,15,39,0,0,0,39
04/28/2023,SWO,OK,ASW,CE,Federal Contract Tower,3,0,18,6,27,0,0,5,0,5,3,0,23,6,32,18,0,18,50
04/29/2023,SWO,OK,ASW,CE,Federal Contract Tower,2,0,21,2,25,0,0,115,0,115,2,0,136,2,140,166,0,166,306
04/30/2023,SWO,OK,ASW,CE,Federal Contract Tower,3,0,7,2,12,0,0,75,5,80,3,0,82,7,92,54,0,54,146
05/01/2023,SWO,OK,ASW,CE,Federal Contract Tower,2,2,13,4,21,0,2,151,0,153,2,4,164,4,174,166,0,166,340
05/02/2023,SWO,OK,ASW,CE,Federal Contract Tower,2,5,16,2,25,0,4,151,0,155,2,9,167,2,180,220,0,220,400
05/03/2023,SWO,OK,ASW,CE,Federal Contract Tower,1,3,16,7,27,0,0,149,2,151,1,3,165,9,178,210,12,222,400
05/04/2023,SWO,OK,ASW,CE,Federal Contract Tower,2,0,5,12,19,0,2,15,0,17,2,2,20,12,36,28,0,28,64
05/05/2023,SWO,OK,ASW,CE,Federal Contract Tower,2,0,14,10,26,0,0,17,0,17,2,0,31,10,43,8,0,8,51
05/06/2023,SWO,OK,ASW,CE,Federal Contract Tower,2,1,17,0,20,0,3,62,0,65,2,4,79,0,85,108,0,108,193
05/07/2023,SWO,OK,ASW,CE,Federal Contract Tower,2,4,11,2,19,0,1,54,7,62,2,5,65,9,81,68,8,76,157
05/08/2023,SWO,OK,ASW,CE,Federal Contract Tower,1,6,8,9,24,0,3,101,5,109,1,9,109,14,133,108,2,110,243
05/09/2023,SWO,OK,ASW,CE,Federal Contract Tower,2,3,11,3,19,0,2,34,4,40,2,5,45,7,59,78,8,86,145
05/10/2023,SWO,OK,ASW,CE,Federal Contract Tower,2,2,12,6,22,0,1,98,0,99,2,3,110,6,121,122,0,122,243
05/11/2023,SWO,OK,ASW,CE,Federal Contract Tower,2,2,15,14,33,0,0,23,1,24,2,2,38,15,57,22,8,30,87
05/12/2023,SWO,OK,ASW,CE,Federal Contract Tower,2,5,15,10,32,0,0,53,3,56,2,5,68,13,88,110,20,130,218
05/13/2023,SWO,OK,ASW,CE,Federal Contract Tower,2,2,16,0,20,0,2,37,0,39,2,4,53,0,59,58,0,58,117
05/14/2023,SWO,OK,ASW,CE,Federal Contract Tower,2,2,4,0,8,0,0,2,0,2,2,2,6,0,10,0,0,0,10
05/15/2023,SWO,OK,ASW,CE,Federal Contract Tower,2,3,20,14,39,0,0,0,0,0,2,3,20,14,39,0,0,0,39
05/16/2023,SWO,OK,ASW,CE,Federal Contract Tower,3,2,36,17,58,0,2,32,1,35,3,4,68,18,93,24,2,26,119
05/17/2023,SWO,OK,ASW,CE,Federal Contract Tower,1,1,17,5,24,0,2,106,7,115,1,3,123,12,139,192,12,204,343
05/18/2023,SWO,OK,ASW,CE,Federal Contract Tower,2,0,6,2,10,0,3,130,0,133,2,3,136,2,143,250,2,252,395
05/19/2023,SWO,OK,ASW,CE,Federal Contract Tower,2,1,5,0,8,0,0,0,0,0,2,1,5,0,8,0,0,0,8
05/20/2023,SWO,OK,ASW,CE,Federal Contract Tower,2,0,8,0,10,0,1,82,0,83,2,1,90,0,93,84,0,84,177
05/21/2023,SWO,OK,ASW,CE,Federal Contract Tower,2,3,4,2,11,0,0,46,4,50,2,3,50,6,61,66,6,72,133
05/22/2023,SWO,OK,ASW,CE,Federal Contract Tower,2,0,9,5,16,0,0,104,6,110,2,0,113,11,126,146,18,164,290
05/23/2023,SWO,OK,ASW,CE,Federal Contract Tower,4,2,10,9,25,0,4,54,6,64,4,6,64,15,89,108,12,120,209
05/24/2023,SWO,OK,ASW,CE,Federal Contract Tower,2,0,7,6,15,0,0,121,8,129,2,0,128,14,144,220,8,228,372
05/25/2023,SWO,OK,ASW,CE,Federal Contract Tower,2,0,9,5,16,1,0,93,1,95,3,0,102,6,111,232,0,232,343
05/26/2023,SWO,OK,ASW,CE,Federal Contract Tower,2,2,6,0,10,0,0,67,0,67,2,2,73,0,77,116,0,116,193
05/27/2023,SWO,OK,ASW,CE,Federal Contract Tower,2,1,9,0,12,0,2,72,0,74,2,3,81,0,86,98,0,98,184
05/28/2023,SWO,OK,ASW,CE,Federal Contract Tower,3,0,2,0,5,0,0,18,0,18,3,0,20,0,23,76,0,76,99
05/29/2023,SWO,OK,ASW,CE,Federal Contract Tower,2,2,0,0,4,0,0,26,0,26,2,2,26,0,30,38,0,38,68
05/30/2023,SWO,OK,ASW,CE,Federal Contract Tower,2,3,4,4,13,0,1,103,0,104,2,4,107,4,117,132,0,132,249
05/31/2023,SWO,OK,ASW,CE,Federal Contract Tower,2,2,6,2,12,1,0,76,1,78,3,2,82,3,90,170,6,176,266
06/01/2023,SWO,OK,ASW,CE,Federal Contract Tower,2,2,7,1,12,0,0,60,1,61,2,2,67,2,73,134,0,134,207
06/02/2023,SWO,OK,ASW,CE,Federal Contract Tower,2,3,9,4,18,0,0,64,4,68,2,3,73,8,86,148,6,154,240
06/03/2023,SWO,OK,ASW,CE,Federal Contract Tower,2,2,10,0,14,0,1,20,0,21,2,3,30,0,35,44,0,44,79
06/04/2023,SWO,OK,ASW,CE,Federal Contract Tower,2,4,5,0,11,0,0,65,1,66,2,4,70,1,77,88,0,88,165
06/05/2023,SWO,OK,ASW,CE,Federal Contract Tower,4,2,11,6,23,0,1,103,0,104,4,3,114,6,127,192,0,192,319
06/06/2023,SWO,OK,ASW,CE,Federal Contract Tower,1,0,6,8,15,0,1,71,1,73,1,1,77,9,88,124,0,124,212
06/07/2023,SWO,OK,ASW,CE,Federal Contract Tower,2,2,25,10,39,0,4,149,8,161,2,6,174,18,200,220,6,226,426
06/08/2023,SWO,OK,ASW,CE,Federal Contract Tower,1,2,16,10,29,0,5,119,1,125,1,7,135,11,154,152,2,154,308
06/09/2023,SWO,OK,ASW,CE,Federal Contract Tower,2,0,8,0,10,0,1,93,2,96,2,1,101,2,106,164,0,164,270
06/10/2023,SWO,OK,ASW,CE,Federal Contract Tower,3,1,10,0,14,0,7,40,0,47,3,8,50,0,61,66,0,66,127
06/11/2023,SWO,OK,ASW,CE,Federal Contract Tower,2,2,16,6,26,0,2,48,0,50,2,4,64,6,76,96,0,96,172
06/12/2023,SWO,OK,ASW,CE,Federal Contract Tower,2,2,25,4,33,0,0,35,2,37,2,2,60,6,70,138,4,142,212
06/13/2023,SWO,OK,ASW,CE,Federal Contract Tower,2,2,20,7,31,0,1,143,7,151,2,3,163,14,182,296,14,310,492
06/14/2023,SWO,OK,ASW,CE,Federal Contract Tower,2,0,19,11,32,0,3,126,0,129,2,3,145,11,161,272,0,272,433
06/15/2023,SWO,OK,ASW,CE,Federal Contract Tower,5,3,11,4,23,0,0,67,4,71,5,3,78,8,94,180,2,182,276
06/16/2023,SWO,OK,ASW,CE,Federal Contract Tower,2,1,10,2,15,0,0,122,0,122,2,1,132,2,137,222,0,222,359
06/17/2023,SWO,OK,ASW,CE,Federal Contract Tower,2,0,3,0,5,0,0,36,0,36,2,0,39,0,41,58,0,58,99
06/18/2023,SWO,OK,ASW,CE,Federal Contract Tower,2,1,1,0,4,0,2,23,0,25,2,3,24,0,29,6,0,6,35
06/19/2023,SWO,OK,ASW,CE,Federal Contract Tower,2,1,10,0,13,0,0,94,0,94,2,1,104,0,107,192,0,192,299
06/20/2023,SWO,OK,ASW,CE,Federal Contract Tower,0,2,16,25,43,0,0,107,4,111,0,2,123,29,154,158,16,174,328
06/21/2023,SWO,OK,ASW,CE,Federal Contract Tower,1,4,9,10,24,0,0,94,10,104,1,4,103,20,128,112,4,116,244
06/22/2023,SWO,OK,ASW,CE,Federal Contract Tower,2,0,18,12,32,0,1,127,4,132,2,1,145,16,164,184,0,184,348
06/23/2023,SWO,OK,ASW,CE,Federal Contract Tower,2,2,8,0,12,0,1,73,1,75,2,3,81,1,87,162,0,162,249
06/24/2023,SWO,OK,ASW,CE,Federal Contract Tower,2,1,8,2,13,0,0,56,0,56,2,1,64,2,69,110,0,110,179
06/25/2023,SWO,OK,ASW,CE,Federal Contract Tower,2,0,5,1,8,0,1,41,4,46,2,1,46,5,54,126,16,142,196
06/26/2023,SWO,OK,ASW,CE,Federal Contract Tower,2,0,11,5,18,0,10,141,4,155,2,10,152,9,173,238,0,238,411
06/27/2023,SWO,OK,ASW,CE,Federal Contract Tower,2,0,7,8,17,0,9,44,0,53,2,9,51,8,70,76,0,76,146
06/28/2023,SWO,OK,ASW,CE,Federal Contract Tower,2,2,18,0,22,0,3,110,0,113,2,5,128,0,135,270,0,270,405
06/29/2023,SWO,OK,ASW,CE,Federal Contract Tower,2,2,18,7,29,0,0,124,2,126,2,2,142,9,155,234,2,236,391
06/30/2023,SWO,OK,ASW,CE,Federal Contract Tower,2,3,5,0,10,0,0,74,0,74,2,3,79,0,84,90,0,90,174
07/01/2023,SWO,OK,ASW,CE,Federal Contract Tower,2,3,2,0,7,0,2,21,0,23,2,5,23,0,30,10,0,10,40
07/02/2023,SWO,OK,ASW,CE,Federal Contract Tower,2,0,7,0,9,0,0,18,0,18,2,0,25,0,27,2,0,2,29
07/03/2023,SWO,OK,ASW,CE,Federal Contract Tower,2,0,5,0,7,0,0,24,0,24,2,0,29,0,31,36,0,36,67
07/04/2023,SWO,OK,ASW,CE,Federal Contract Tower,2,0,0,0,2,0,12,40,0,52,2,12,40,0,54,52,0,52,106
07/05/2023,SWO,OK,ASW,CE,Federal Contract Tower,2,0,7,12,21,0,0,37,0,37,2,0,44,12,58,148,0,148,206
07/06/2023,SWO,OK,ASW,CE,Federal Contract Tower,2,8,10,6,26,0,1,32,1,34,2,9,42,7,60,138,0,138,198
07/07/2023,SWO,OK,ASW,CE,Federal Contract Tower,2,0,4,0,6,0,0,20,0,20,2,0,24,0,26,82,0,82,108
07/08/2023,SWO,OK,ASW,CE,Federal Contract Tower,2,0,3,0,5,0,0,40,0,40,2,0,43,0,45,68,0,68,113
07/09/2023,SWO,OK,ASW,CE,Federal Contract Tower,2,0,6,5,13,0,1,25,4,30,2,1,31,9,43,32,14,46,89
07/10/2023,SWO,OK,ASW,CE,Federal Contract Tower,2,2,20,5,29,0,0,133,0,133,2,2,153,5,162,176,4,180,342
07/11/2023,SWO,OK,ASW,CE,Federal Contract Tower,2,0,18,6,26,0,1,101,2,104,2,1,119,8,130,130,0,130,260
07/12/2023,SWO,OK,ASW,CE,Federal Contract Tower,2,0,16,2,20,0,1,88,6,95,2,1,104,8,115,112,2,114,229
07/13/2023,SWO,OK,ASW,CE,Federal Contract Tower,1,1,11,5,18,0,3,86,3,92,1,4,97,8,110,138,0,138,248
07/14/2023,SWO,OK,ASW,CE,Federal Contract Tower,2,2,11,0,15,0,2,67,0,69,2,4,78,0,84,144,0,144,228
07/15/2023,SWO,OK,ASW,CE,Federal Contract Tower,2,3,9,1,15,0,3,29,2,34,2,6,38,3,49,50,18,68,117
07/16/2023,SWO,OK,ASW,CE,Federal Contract Tower,2,0,7,0,9,0,0,42,0,42,2,0,49,0,51,92,0,92,143
07/17/2023,SWO,OK,ASW,CE,Federal Contract Tower,2,0,11,6,19,0,4,104,3,111,2,4,115,9,130,170,4,174,304
07/18/2023,SWO,OK,ASW,CE,Federal Contract Tower,2,1,13,4,20,0,1,102,2,105,2,2,115,6,125,148,0,148,273
07/19/2023,SWO,OK,ASW,CE,Federal Contract Tower,2,1,23,2,28,0,0,100,1,101,2,1,123,3,129,138,0,138,267
07/20/2023,SWO,OK,ASW,CE,Federal Contract Tower,3,1,14,1,19,0,1,102,1,104,3,2,116,2,123,186,0,186,309
07/21/2023,SWO,OK,ASW,CE,Federal Contract Tower,2,0,11,0,13,0,2,44,0,46,2,2,55,0,59,54,0,54,113
07/22/2023,SWO,OK,ASW,CE,Federal Contract Tower,2,0,11,0,13,0,0,64,0,64,2,0,75,0,77,108,0,108,185
07/23/2023,SWO,OK,ASW,CE,Federal Contract Tower,2,2,7,0,11,0,0,44,0,44,2,2,51,0,55,80,0,80,135
07/24/2023,SWO,OK,ASW,CE,Federal Contract Tower,2,0,10,0,12,0,0,81,0,81,2,0,91,0,93,120,0,120,213
07/25/2023,SWO,OK,ASW,CE,Federal Contract Tower,2,0,6,0,8,0,0,66,0,66,2,0,72,0,74,86,0,86,160
07/26/2023,SWO,OK,ASW,CE,Federal Contract Tower,2,0,14,5,21,0,0,67,2,69,2,0,81,7,90,142,6,148,238
07/27/2023,SWO,OK,ASW,CE,Federal Contract Tower,2,2,16,0,20,0,4,89,0,93,2,6,105,0,113,74,0,74,187
07/28/2023,SWO,OK,ASW,CE,Federal Contract Tower,2,0,11,4,17,0,1,72,7,80,2,1,83,11,97,138,10,148,245
07/29/2023,SWO,OK,ASW,CE,Federal Contract Tower,1,2,4,0,7,0,0,62,0,62,1,2,66,0,69,84,0,84,153
07/30/2023,SWO,OK,ASW,CE,Federal Contract Tower,2,1,0,0,3,0,4,55,0,59,2,5,55,0,62,90,0,90,152
07/31/2023,SWO,OK,ASW,CE,Federal Contract Tower,2,0,4,1,7,0,0,61,5,66,2,0,65,6,73,74,6,80,153
08/01/2023,SWO,OK,ASW,CE,Federal Contract Tower,2,2,13,2,19,0,2,85,0,87,2,4,98,2,106,114,0,114,220
08/02/2023,SWO,OK,ASW,CE,Federal Contract Tower,2,0,15,2,19,0,4,75,0,79,2,4,90,2,98,110,0,110,208
08/03/2023,SWO,OK,ASW,CE,Federal Contract Tower,2,0,9,9,20,0,2,67,0,69,2,2,76,9,89,128,0,128,217
08/04/2023,SWO,OK,ASW,CE,Federal Contract Tower,4,1,8,1,14,0,2,59,4,65,4,3,67,5,79,80,6,86,165
08/05/2023,SWO,OK,ASW,CE,Federal Contract Tower,2,0,2,0,4,0,1,10,0,11,2,1,12,0,15,6,0,6,21
08/06/2023,SWO,OK,ASW,CE,Federal Contract Tower,1,1,3,0,5,0,0,29,0,29,1,1,32,0,34,22,4,26,60
08/07/2023,SWO,OK,ASW,CE,Federal Contract Tower,2,4,10,1,17,1,1,65,2,69,3,5,75,3,86,98,10,108,194
08/08/2023,SWO,OK,ASW,CE,Federal Contract Tower,3,3,20,13,39,0,2,84,0,86,3,5,104,13,125,128,14,142,267
08/09/2023,SWO,OK,ASW,CE,Federal Contract Tower,2,2,18,5,27,0,1,63,0,64,2,3,81,5,91,128,0,128,219
08/10/2023,SWO,OK,ASW,CE,Federal Contract Tower,2,3,12,0,17,0,1,81,0,82,2,4,93,0,99,104,0,104,203
08/11/2023,SWO,OK,ASW,CE,Federal Contract Tower,2,0,14,1,17,0,2,76,0,78,2,2,90,1,95,130,0,130,225
08/12/2023,SWO,OK,ASW,CE,Federal Contract Tower,2,0,4,0,6,0,0,28,0,28,2,0,32,0,34,32,0,32,66
08/13/2023,SWO,OK,ASW,CE,Federal Contract Tower,2,2,4,3,11,0,0,23,1,24,2,2,27,4,35,30,2,32,67
08/14/2023,SWO,OK,ASW,CE,Federal Contract Tower,3,1,7,6,17,0,2,56,0,58,3,3,63,6,75,112,0,112,187
08/15/2023,SWO,OK,ASW,CE,Federal Contract Tower,3,0,17,0,20,0,0,94,1,95,3,0,111,1,115,98,10,108,223
08/16/2023,SWO,OK,ASW,CE,Federal Contract Tower,2,0,13,0,15,0,2,86,2,90,2,2,99,2,105,130,16,146,251
08/17/2023,SWO,OK,ASW,CE,Federal Contract Tower,2,1,14,4,21,0,1,80,0,81,2,2,94,4,102,98,2,100,202
08/18/2023,SWO,OK,ASW,CE,Federal Contract Tower,2,6,4,0,12,0,1,65,6,72,2,7,69,6,84,60,2,62,146
08/19/2023,SWO,OK,ASW,CE,Federal Contract Tower,2,0,9,1,12,0,0,41,10,51,2,0,50,11,63,27,12,39,102
08/20/2023,SWO,OK,ASW,CE,Federal Contract Tower,2,1,5,0,8,0,0,33,0,33,2,1,38,0,41,44,0,44,85
08/21/2023,SWO,OK,ASW,CE,Federal Contract Tower,2,1,11,0,14,0,0,100,5,105,2,1,111,5,119,120,0,120,239
08/22/2023,SWO,OK,ASW,CE,Federal Contract Tower,2,3,8,0,13,0,1,93,3,97,2,4,101,3,110,116,26,142,252
08/23/2023,SWO,OK,ASW,CE,Federal Contract Tower,2,2,14,2,20,0,0,115,6,121,2,2,129,8,141,166,4,170,311
08/24/2023,SWO,OK,ASW,CE,Federal Contract Tower,2,0,10,0,12,0,0,103,2,105,2,0,113,2,117,111,0,111,228
08/25/2023,SWO,OK,ASW,CE,Federal Contract Tower,2,0,18,3,23,0,2,125,1,128,2,2,143,4,151,184,0,184,335
08/26/2023,SWO,OK,ASW,CE,Federal Contract Tower,2,0,7,6,15,0,1,73,2,76,2,1,80,8,91,64,4,68,159
08/27/2023,SWO,OK,ASW,CE,Federal Contract Tower,2,0,9,8,19,1,0,57,3,61,3,0,66,11,80,74,2,76,156
08/28/2023,SWO,OK,ASW,CE,Federal Contract Tower,2,6,15,0,23,0,1,175,4,180,2,7,190,4,203,262,0,262,465
08/29/2023,SWO,OK,ASW,CE,Federal Contract Tower,2,0,9,0,11,0,1,111,0,112,2,1,120,0,123,152,1,153,276
08/30/2023,SWO,OK,ASW,CE,Federal Contract Tower,2,2,10,4,18,0,4,104,2,110,2,6,114,6,128,186,4,190,318
08/31/2023,SWO,OK,ASW,CE,Federal Contract Tower,1,2,26,4,33,0,3,133,4,140,1,5,159,8,173,220,2,222,395
01/01/2020,SWO,OK,ASW,CE,Federal Contract Tower,0,2,0,0,2,0,7,1,0,8,0,9,1,0,10,0,0,0,10
01/02/2020,SWO,OK,ASW,CE,Federal Contract Tower,0,4,3,0,7,0,0,15,0,15,0,4,18,0,22,36,0,36,58
01/03/2020,SWO,OK,ASW,CE,Federal Contract Tower,0,4,4,0,8,0,3,18,2,23,0,7,22,2,31,32,12,44,75
01/04/2020,SWO,OK,ASW,CE,Federal Contract Tower,0,5,3,6,14,0,2,35,2,39,0,7,38,8,53,70,4,74,127
01/05/2020,SWO,OK,ASW,CE,Federal Contract Tower,1,2,3,0,6,0,0,35,0,35,1,2,38,0,41,48,0,48,89
01/06/2020,SWO,OK,ASW,CE,Federal Contract Tower,1,4,7,7,19,0,1,56,1,58,1,5,63,8,77,112,10,122,199
01/07/2020,SWO,OK,ASW,CE,Federal Contract Tower,0,2,5,1,8,0,6,70,1,77,0,8,75,2,85,100,6,106,191
01/08/2020,SWO,OK,ASW,CE,Federal Contract Tower,0,3,14,4,21,0,6,50,2,58,0,9,64,6,79,48,6,54,133
01/09/2020,SWO,OK,ASW,CE,Federal Contract Tower,0,3,10,2,15,0,4,26,0,30,0,7,36,2,45,46,10,56,101
01/10/2020,SWO,OK,ASW,CE,Federal Contract Tower,0,1,2,0,3,0,2,0,0,2,0,3,2,0,5,0,0,0,5
01/11/2020,SWO,OK,ASW,CE,Federal Contract Tower,0,3,4,0,7,0,2,4,0,6,0,5,8,0,13,0,0,0,13
01/12/2020,SWO,OK,ASW,CE,Federal Contract Tower,0,6,5,0,11,0,2,29,0,31,0,8,34,0,42,48,0,48,90
01/13/2020,SWO,OK,ASW,CE,Federal Contract Tower,0,3,9,0,12,0,0,0,0,0,0,3,9,0,12,0,0,0,12
01/14/2020,SWO,OK,ASW,CE,Federal Contract Tower,2,2,18,0,22,0,2,35,0,37,2,4,53,0,59,126,0,126,185
01/15/2020,SWO,OK,ASW,CE,Federal Contract Tower,0,10,28,4,42,0,0,63,0,63,0,10,91,4,105,182,0,182,287
01/16/2020,SWO,OK,ASW,CE,Federal Contract Tower,0,2,4,5,11,0,2,42,1,45,0,4,46,6,56,72,6,78,134
01/17/2020,SWO,OK,ASW,CE,Federal Contract Tower,0,11,3,0,14,0,0,0,0,0,0,11,3,0,14,0,0,0,14
01/18/2020,SWO,OK,ASW,CE,Federal Contract Tower,0,4,15,2,21,0,1,91,6,98,0,5,106,8,119,170,14,184,303
01/19/2020,SWO,OK,ASW,CE,Federal Contract Tower,0,7,22,0,29,0,0,88,0,88,0,7,110,0,117,138,0,138,255
01/20/2020,SWO,OK,ASW,CE,Federal Contract Tower,0,10,12,6,28,0,12,122,1,135,0,22,134,7,163,176,4,180,343
01/21/2020,SWO,OK,ASW,CE,Federal Contract Tower,0,4,17,2,23,0,5,95,3,103,0,9,112,5,126,182,0,182,308
01/22/2020,SWO,OK,ASW,CE,Federal Contract Tower,0,2,2,0,4,0,0,0,0,0,0,2,2,0,4,0,0,0,4
01/23/2020,SWO,OK,ASW,CE,Federal Contract Tower,0,6,8,2,16,0,6,45,2,53,0,12,53,4,69,94,0,94,163
01/24/2020,SWO,OK,ASW,CE,Federal Contract Tower,0,8,23,7,38,0,2,95,3,100,0,10,118,10,138,198,10,208,346
01/25/2020,SWO,OK,ASW,CE,Federal Contract Tower,0,1,13,3,17,0,3,130,2,135,0,4,143,5,152,146,10,156,308
01/26/2020,SWO,OK,ASW,CE,Federal Contract Tower,0,4,5,0,9,0,0,85,1,86,0,4,90,1,95,96,0,96,191
01/27/2020,SWO,OK,ASW,CE,Federal Contract Tower,0,7,18,3,28,0,2,158,0,160,0,9,176,3,188,232,0,232,420
01/28/2020,SWO,OK,ASW,CE,Federal Contract Tower,0,5,0,0,5,0,0,0,0,0,0,5,0,0,5,0,0,0,5
01/29/2020,SWO,OK,ASW,CE,Federal Contract Tower,0,6,1,10,17,0,2,13,0,15,0,8,14,10,32,116,0,116,148
01/30/2020,SWO,OK,ASW,CE,Federal Contract Tower,0,4,8,0,12,0,2,14,0,16,0,6,22,0,28,68,0,68,96
01/31/2020,SWO,OK,ASW,CE,Federal Contract Tower,0,4,23,0,27,0,0,150,0,150,0,4,173,0,177,220,0,220,397
02/01/2020,SWO,OK,ASW,CE,Federal Contract Tower,0,1,29,0,30,0,0,140,2,142,0,1,169,2,172,144,0,144,316
02/02/2020,SWO,OK,ASW,CE,Federal Contract Tower,0,2,14,0,16,0,0,121,0,121,0,2,135,0,137,148,0,148,285
02/03/2020,SWO,OK,ASW,CE,Federal Contract Tower,0,1,31,10,42,0,1,114,4,119,0,2,145,14,161,92,20,112,273
02/04/2020,SWO,OK,ASW,CE,Federal Contract Tower,0,5,0,0,5,0,2,7,0,9,0,7,7,0,14,116,0,116,130
02/05/2020,SWO,OK,ASW,CE,Federal Contract Tower,0,2,0,3,5,0,2,0,1,3,0,4,0,4,8,4,0,4,12
02/06/2020,SWO,OK,ASW,CE,Federal Contract Tower,0,2,36,5,43,0,0,133,4,137,0,2,169,9,180,188,34,222,402
02/07/2020,SWO,OK,ASW,CE,Federal Contract Tower,0,7,28,6,41,0,1,183,3,187,0,8,211,9,228,280,0,280,508
02/08/2020,SWO,OK,ASW,CE,Federal Contract Tower,0,3,27,0,30,0,2,155,2,159,0,5,182,2,189,216,8,224,413
02/09/2020,SWO,OK,ASW,CE,Federal Contract Tower,0,1,13,0,14,0,0,23,0,23,0,1,36,0,37,38,0,38,75
02/10/2020,SWO,OK,ASW,CE,Federal Contract Tower,0,2,22,3,27,0,0,93,0,93,0,2,115,3,120,188,0,188,308
02/11/2020,SWO,OK,ASW,CE,Federal Contract Tower,0,2,25,4,31,0,6,116,5,127,0,8,141,9,158,178,12,190,348
02/12/2020,SWO,OK,ASW,CE,Federal Contract Tower,0,3,0,2,5,0,1,0,0,1,0,4,0,2,6,0,0,0,6
02/13/2020,SWO,OK,ASW,CE,Federal Contract Tower,0,2,9,3,14,0,4,113,3,120,0,6,122,6,134,90,0,90,224
02/14/2020,SWO,OK,ASW,CE,Federal Contract Tower,1,4,38,1,44,0,2,169,4,175,1,6,207,5,219,124,10,134,353
02/15/2020,SWO,OK,ASW,CE,Federal Contract Tower,1,2,28,0,31,0,1,130,0,131,1,3,158,0,162,128,0,128,290
02/16/2020,SWO,OK,ASW,CE,Federal Contract Tower,0,4,43,2,49,0,0,29,0,29,0,4,72,2,78,112,0,112,190
02/17/2020,SWO,OK,ASW,CE,Federal Contract Tower,0,6,33,0,39,0,2,59,0,61,0,8,92,0,100,94,0,94,194
02/18/2020,SWO,OK,ASW,CE,Federal Contract Tower,0,5,23,5,33,0,5,164,3,172,0,10,187,8,205,158,0,158,363
02/19/2020,SWO,OK,ASW,CE,Federal Contract Tower,0,3,22,0,25,0,3,144,4,151,0,6,166,4,176,146,6,152,328
02/20/2020,SWO,OK,ASW,CE,Federal Contract Tower,0,3,19,2,24,0,0,88,0,88,0,3,107,2,112,136,0,136,248
02/21/2020,SWO,OK,ASW,CE,Federal Contract Tower,0,3,16,3,22,0,4,136,5,145,0,7,152,8,167,145,22,167,334
02/22/2020,SWO,OK,ASW,CE,Federal Contract Tower,0,6,17,0,23,0,1,139,0,140,0,7,156,0,163,156,0,156,319
02/23/2020,SWO,OK,ASW,CE,Federal Contract Tower,0,7,6,0,13,0,0,6,0,6,0,7,12,0,19,10,0,10,29
02/24/2020,SWO,OK,ASW,CE,Federal Contract Tower,0,2,4,2,8,0,0,5,0,5,0,2,9,2,13,40,0,40,53
02/25/2020,SWO,OK,ASW,CE,Federal Contract Tower,0,3,15,1,19,0,1,71,3,75,0,4,86,4,94,158,4,162,256
02/26/2020,SWO,OK,ASW,CE,Federal Contract Tower,2,3,12,1,18,0,0,102,4,106,2,3,114,5,124,182,16,198,322
02/27/2020,SWO,OK,ASW,CE,Federal Contract Tower,0,5,32,10,47,0,3,165,4,172,0,8,197,14,219,112,4,116,335
02/28/2020,SWO,OK,ASW,CE,Federal Contract Tower,0,5,25,2,32,0,1,140,1,142,0,6,165,3,174,130,32,162,336
02/29/2020,SWO,OK,ASW,CE,Federal Contract Tower,0,7,26,5,38,0,2,141,1,144,0,9,167,6,182,64,0,64,246
03/01/2020,SWO,OK,ASW,CE,Federal Contract Tower,0,3,9,0,12,0,5,78,2,85,0,8,87,2,97,146,0,146,243
03/02/2020,SWO,OK,ASW,CE,Federal Contract Tower,0,4,28,4,36,0,1,95,4,100,0,5,123,8,136,276,10,286,422
03/03/2020,SWO,OK,ASW,CE,Federal Contract Tower,0,7,20,1,28,0,1,138,8,147,0,8,158,9,175,168,24,192,367
03/04/2020,SWO,OK,ASW,CE,Federal Contract Tower,0,9,23,1,33,0,0,167,3,170,0,9,190,4,203,182,8,190,393
03/05/2020,SWO,OK,ASW,CE,Federal Contract Tower,0,2,17,2,21,0,5,128,7,140,0,7,145,9,161,150,20,170,331
03/06/2020,SWO,OK,ASW,CE,Federal Contract Tower,0,7,23,0,30,0,5,188,1,194,0,12,211,1,224,162,0,162,386
03/07/2020,SWO,OK,ASW,CE,Federal Contract Tower,0,4,7,0,11,0,3,173,0,176,0,7,180,0,187,20,0,20,207
03/08/2020,SWO,OK,ASW,CE,Federal Contract Tower,0,10,7,0,17,0,0,11,0,11,0,10,18,0,28,20,0,20,48
03/09/2020,SWO,OK,ASW,CE,Federal Contract Tower,0,2,13,10,25,0,2,23,1,26,0,4,36,11,51,114,12,126,177
03/10/2020,SWO,OK,ASW,CE,Federal Contract Tower,0,2,19,7,28,0,6,97,4,107,0,8,116,11,135,114,6,120,255
03/11/2020,SWO,OK,ASW,CE,Federal Contract Tower,0,2,17,0,19,0,2,157,0,159,0,4,174,0,178,164,0,164,342
03/12/2020,SWO,OK,ASW,CE,Federal Contract Tower,0,6,19,3,28,0,0,108,3,111,0,6,127,6,139,158,8,166,305
03/13/2020,SWO,OK,ASW,CE,Federal Contract Tower,0,2,13,1,16,0,2,16,1,19,0,4,29,2,35,14,0,14,49
03/14/2020,SWO,OK,ASW,CE,Federal Contract Tower,0,4,7,0,11,0,2,0,0,2,0,6,7,0,13,0,0,0,13
03/15/2020,SWO,OK,ASW,CE,Federal Contract Tower,0,2,2,0,4,0,0,0,0,0,0,2,2,0,4,0,0,0,4
03/16/2020,SWO,OK,ASW,CE,Federal Contract Tower,0,2,7,0,9,0,0,0,0,0,0,2,7,0,9,0,0,0,9
03/17/2020,SWO,OK,ASW,CE,Federal Contract Tower,0,2,8,0,10,0,0,0,0,0,0,2,8,0,10,0,0,0,10
03/18/2020,SWO,OK,ASW,CE,Federal Contract Tower,0,3,9,9,21,0,12,40,2,54,0,15,49,11,75,82,10,92,167
03/19/2020,SWO,OK,ASW,CE,Federal Contract Tower,0,2,4,4,10,0,2,8,6,16,0,4,12,10,26,22,0,22,48
03/20/2020,SWO,OK,ASW,CE,Federal Contract Tower,0,2,7,2,11,0,0,37,0,37,0,2,44,2,48,66,0,66,114
03/21/2020,SWO,OK,ASW,CE,Federal Contract Tower,0,4,7,0,11,0,4,63,0,67,0,8,70,0,78,72,0,72,150
03/22/2020,SWO,OK,ASW,CE,Federal Contract Tower,0,2,0,0,2,0,0,0,0,0,0,2,0,0,2,0,0,0,2
03/23/2020,SWO,OK,ASW,CE,Federal Contract Tower,0,2,2,0,4,0,0,3,0,3,0,2,5,0,7,46,0,46,53
03/24/2020,SWO,OK,ASW,CE,Federal Contract Tower,0,2,1,3,6,0,0,7,0,7,0,2,8,3,13,4,18,22,35
03/25/2020,SWO,OK,ASW,CE,Federal Contract Tower,0,2,7,0,9,0,3,28,4,35,0,5,35,4,44,14,0,14,58
03/26/2020,SWO,OK,ASW,CE,Federal Contract Tower,0,3,2,0,5,0,3,23,0,26,0,6,25,0,31,104,0,104,135
03/27/2020,SWO,OK,ASW,CE,Federal Contract Tower,0,2,4,6,12,0,6,20,2,28,0,8,24,8,40,48,0,48,88
03/28/2020,SWO,OK,ASW,CE,Federal Contract Tower,0,2,0,0,2,0,0,0,0,0,0,2,0,0,2,0,0,0,2
03/29/2020,SWO,OK,ASW,CE,Federal Contract Tower,0,3,2,0,5,0,0,36,2,38,0,3,38,2,43,108,0,108,151
03/30/2020,SWO,OK,ASW,CE,Federal Contract Tower,0,2,4,0,6,0,1,3,0,4,0,3,7,0,10,0,0,0,10
03/31/2020,SWO,OK,ASW,CE,Federal Contract Tower,0,1,5,0,6,0,2,25,2,29,0,3,30,2,35,96,0,96,131
04/01/2020,SWO,OK,ASW,CE,Federal Contract Tower,0,0,1,0,1,0,3,16,0,19,0,3,17,0,20,0,0,0,20
04/02/2020,SWO,OK,ASW,CE,Federal Contract Tower,0,0,0,0,0,0,0,3,0,3,0,0,3,0,3,4,0,4,7
04/03/2020,SWO,OK,ASW,CE,Federal Contract Tower,0,0,0,0,0,0,2,0,0,2,0,2,0,0,2,0,0,0,2
04/04/2020,SWO,OK,ASW,CE,Federal Contract Tower,0,0,2,0,2,0,1,0,0,1,0,1,2,0,3,0,0,0,3
04/05/2020,SWO,OK,ASW,CE,Federal Contract Tower,0,0,0,0,0,0,0,10,0,10,0,0,10,0,10,4,0,4,14
04/06/2020,SWO,OK,ASW,CE,Federal Contract Tower,0,2,2,4,8,0,0,4,0,4,0,2,6,4,12,10,0,10,22
04/07/2020,SWO,OK,ASW,CE,Federal Contract Tower,0,2,6,9,17,0,2,17,5,24,0,4,23,14,41,10,8,18,59
04/08/2020,SWO,OK,ASW,CE,Federal Contract Tower,0,0,0,0,0,0,0,28,1,29,0,0,28,1,29,40,2,42,71
04/09/2020,SWO,OK,ASW,CE,Federal Contract Tower,0,0,0,0,0,0,0,21,2,23,0,0,21,2,23,32,14,46,69
04/10/2020,SWO,OK,ASW,CE,Federal Contract Tower,0,0,4,2,6,0,3,23,4,30,0,3,27,6,36,28,0,28,64
04/11/2020,SWO,OK,ASW,CE,Federal Contract Tower,0,0,1,5,6,0,2,2,3,7,0,2,3,8,13,0,16,16,29
04/12/2020,SWO,OK,ASW,CE,Federal Contract Tower,0,0,0,0,0,0,0,1,0,1,0,0,1,0,1,6,0,6,7
04/13/2020,SWO,OK,ASW,CE,Federal Contract Tower,0,1,2,0,3,0,0,14,1,15,0,1,16,1,18,12,20,32,50
04/14/2020,SWO,OK,ASW,CE,Federal Contract Tower,0,1,2,1,4,0,0,10,2,12,0,1,12,3,16,12,8,20,36
04/15/2020,SWO,OK,ASW,CE,Federal Contract Tower,0,1,3,1,5,0,2,17,3,22,0,3,20,4,27,6,0,6,33
04/16/2020,SWO,OK,ASW,CE,Federal Contract Tower,0,2,0,0,2,0,5,7,4,16,0,7,7,4,18,6,0,6,24
04/17/2020,SWO,OK,ASW,CE,Federal Contract Tower,0,2,0,0,2,0,8,0,0,8,0,10,0,0,10,0,0,0,10
04/18/2020,SWO,OK,ASW,CE,Federal Contract Tower,0,1,0,4,5,0,0,26,4,30,0,1,26,8,35,26,5,31,66
04/19/2020,SWO,OK,ASW,CE,Federal Contract Tower,0,2,1,0,3,0,0,4,0,4,0,2,5,0,7,8,0,8,15
04/20/2020,SWO,OK,ASW,CE,Federal Contract Tower,0,2,5,0,7,0,4,18,0,22,0,6,23,0,29,28,0,28,57
04/21/2020,SWO,OK,ASW,CE,Federal Contract Tower,0,2,12,0,14,0,0,29,1,30,0,2,41,1,44,22,10,32,76
04/22/2020,SWO,OK,ASW,CE,Federal Contract Tower,0,2,0,0,2,0,2,0,0,2,0,4,0,0,4,0,0,0,4
04/23/2020,SWO,OK,ASW,CE,Federal Contract Tower,0,0,9,7,16,0,0,35,7,42,0,0,44,14,58,38,12,50,108
04/24/2020,SWO,OK,ASW,CE,Federal Contract Tower,0,2,0,0,2,0,0,4,0,4,0,2,4,0,6,38,0,38,44
04/25/2020,SWO,OK,ASW,CE,Federal Contract Tower,0,0,3,2,5,0,2,22,3,27,0,2,25,5,32,10,62,72,104
04/26/2020,SWO,OK,ASW,CE,Federal Contract Tower,0,2,2,0,4,0,29,0,0,29,0,31,2,0,33,46,0,46,79
04/27/2020,SWO,OK,ASW,CE,Federal Contract Tower,0,2,0,0,2,0,0,8,0,8,0,2,8,0,10,14,0,14,24
04/28/2020,SWO,OK,ASW,CE,Federal Contract Tower,0,2,0,1,3,0,4,7,0,11,0,6,7,1,14,14,2,16,30
04/29/2020,SWO,OK,ASW,CE,Federal Contract Tower,0,2,3,4,9,0,2,12,2,16,0,4,15,6,25,4,42,46,71
04/30/2020,SWO,OK,ASW,CE,Federal Contract Tower,0,1,1,0,2,0,4,68,2,74,0,5,69,2,76,76,0,76,152
05/01/2020,SWO,OK,ASW,CE,Federal Contract Tower,0,2,1,4,7,0,1,11,6,18,0,3,12,10,25,12,84,96,121
05/02/2020,SWO,OK,ASW,CE,Federal Contract Tower,0,2,4,5,11,0,0,36,7,43,0,2,40,12,54,36,20,56,110
05/03/2020,SWO,OK,ASW,CE,Federal Contract Tower,0,2,3,0,5,0,0,5,0,5,0,2,8,0,10,36,0,36,46
05/04/2020,SWO,OK,ASW,CE,Federal Contract Tower,0,2,7,2,11,0,0,20,5,25,0,2,27,7,36,38,14,52,88
05/05/2020,SWO,OK,ASW,CE,Federal Contract Tower,0,0,6,3,9,0,2,27,3,32,0,2,33,6,41,32,0,32,73
05/06/2020,SWO,OK,ASW,CE,Federal Contract Tower,0,2,7,1,10,0,0,48,5,53,0,2,55,6,63,52,0,52,115
05/07/2020,SWO,OK,ASW,CE,Federal Contract Tower,0,1,5,5,11,0,4,13,6,23,0,5,18,11,34,40,0,40,74
05/08/2020,SWO,OK,ASW,CE,Federal Contract Tower,0,0,4,6,10,0,0,14,2,16,0,0,18,8,26,24,0,24,50
05/09/2020,SWO,OK,ASW,CE,Federal Contract Tower,0,2,4,1,7,0,6,35,3,44,0,8,39,4,51,56,8,64,115
05/10/2020,SWO,OK,ASW,CE,Federal Contract Tower,0,1,0,0,1,0,0,7,0,7,0,1,7,0,8,8,0,8,16
05/11/2020,SWO,OK,ASW,CE,Federal Contract Tower,0,0,3,6,9,0,0,6,2,8,0,0,9,8,17,22,0,22,39
05/12/2020,SWO,OK,ASW,CE,Federal Contract Tower,0,0,1,8,9,0,0,0,0,0,0,0,1,8,9,0,0,0,9
05/13/2020,SWO,OK,ASW,CE,Federal Contract Tower,0,1,6,3,10,0,0,1,0,1,0,1,7,3,11,18,0,18,29
05/14/2020,SWO,OK,ASW,CE,Federal Contract Tower,0,1,8,2,11,0,3,28,0,31,0,4,36,2,42,38,0,38,80
05/15/2020,SWO,OK,ASW,CE,Federal Contract Tower,0,0,0,0,0,0,0,6,0,6,0,0,6,0,6,26,0,26,32
05/16/2020,SWO,OK,ASW,CE,Federal Contract Tower,0,0,3,2,5,0,2,14,0,16,0,2,17,2,21,28,2,30,51
05/17/2020,SWO,OK,ASW,CE,Federal Contract Tower,0,2,7,2,11,0,0,43,6,49,0,2,50,8,60,50,10,60,120
05/18/2020,SWO,OK,ASW,CE,Federal Contract Tower,0,5,11,1,17,0,0,50,1,51,0,5,61,2,68,72,0,72,140
05/19/2020,SWO,OK,ASW,CE,Federal Contract Tower,0,1,3,7,11,0,2,44,9,55,0,3,47,16,66,40,4,44,110
05/20/2020,SWO,OK,ASW,CE,Federal Contract Tower,0,1,6,1,8,0,0,50,3,53,0,1,56,4,61,64,22,86,147
05/21/2020,SWO,OK,ASW,CE,Federal Contract Tower,0,0,3,9,12,0,0,3,1,4,0,0,6,10,16,10,6,16,32
05/22/2020,SWO,OK,ASW,CE,Federal Contract Tower,0,1,3,0,4,2,16,0,0,18,2,17,3,0,22,24,0,24,46
05/23/2020,SWO,OK,ASW,CE,Federal Contract Tower,0,1,7,0,8,0,0,29,0,29,0,1,36,0,37,8,0,8,45
05/24/2020,SWO,OK,ASW,CE,Federal Contract Tower,0,1,7,0,8,0,0,6,0,6,0,1,13,0,14,0,0,0,14
05/25/2020,SWO,OK,ASW,CE,Federal Contract Tower,0,0,4,0,4,0,3,4,0,7,0,3,8,0,11,20,2,22,33
05/26/2020,SWO,OK,ASW,CE,Federal Contract Tower,0,4,2,4,10,0,2,4,0,6,0,6,6,4,16,20,0,20,36
05/27/2020,SWO,OK,ASW,CE,Federal Contract Tower,0,1,2,3,6,0,5,19,1,25,0,6,21,4,31,58,6,64,95
05/28/2020,SWO,OK,ASW,CE,Federal Contract Tower,0,1,2,7,10,0,3,3,5,11,0,4,5,12,21,12,6,18,39
05/29/2020,SWO,OK,ASW,CE,Federal Contract Tower,0,1,9,1,11,0,4,39,5,48,0,5,48,6,59,48,12,60,119
05/30/2020,SWO,OK,ASW,CE,Federal Contract Tower,0,3,5,0,8,0,3,40,1,44,0,6,45,1,52,24,4,28,80
05/31/2020,SWO,OK,ASW,CE,Federal Contract Tower,0,0,4,0,4,0,0,30,0,30,0,0,34,0,34,10,0,10,44
06/01/2020,SWO,OK,ASW,CE,Federal Contract Tower,0,1,3,0,4,0,0,30,2,32,0,1,33,2,36,8,0,8,44
06/02/2020,SWO,OK,ASW,CE,Federal Contract Tower,0,0,0,0,0,0,6,0,1,7,0,6,0,1,7,6,0,6,13
06/03/2020,SWO,OK,ASW,CE,Federal Contract Tower,0,0,0,0,0,0,0,0,0,0,0,0,0,0,0,0,0,0,0
06/04/2020,SWO,OK,ASW,CE,Federal Contract Tower,0,2,11,4,17,0,3,30,4,37,0,5,41,8,54,28,36,64,118
06/05/2020,SWO,OK,ASW,CE,Federal Contract Tower,0,1,3,3,7,0,3,22,10,35,0,4,25,13,42,20,18,38,80
06/06/2020,SWO,OK,ASW,CE,Federal Contract Tower,0,1,3,0,4,0,2,34,3,39,0,3,37,3,43,66,6,72,115
06/07/2020,SWO,OK,ASW,CE,Federal Contract Tower,0,1,5,0,6,0,0,9,1,10,0,1,14,1,16,16,4,20,36
06/08/2020,SWO,OK,ASW,CE,Federal Contract Tower,0,1,13,3,17,0,0,12,9,21,0,1,25,12,38,22,10,32,70
06/09/2020,SWO,OK,ASW,CE,Federal Contract Tower,0,1,5,0,6,0,2,3,2,7,0,3,8,2,13,0,24,24,37
06/10/2020,SWO,OK,ASW,CE,Federal Contract Tower,0,1,0,11,12,0,2,3,8,13,0,3,3,19,25,10,22,32,57
06/11/2020,SWO,OK,ASW,CE,Federal Contract Tower,0,2,6,10,18,0,4,33,6,43,0,6,39,16,61,68,14,82,143
06/12/2020,SWO,OK,ASW,CE,Federal Contract Tower,0,1,7,5,13,0,2,30,5,37,0,3,37,10,50,34,8,42,92
06/13/2020,SWO,OK,ASW,CE,Federal Contract Tower,0,1,7,0,8,0,2,41,0,43,0,3,48,0,51,50,0,50,101
06/14/2020,SWO,OK,ASW,CE,Federal Contract Tower,0,1,2,0,3,0,0,15,0,15,0,1,17,0,18,18,0,18,36
06/15/2020,SWO,OK,ASW,CE,Federal Contract Tower,0,3,6,7,16,0,3,20,10,33,0,6,26,17,49,10,32,42,91
06/16/2020,SWO,OK,ASW,CE,Federal Contract Tower,0,1,5,1,7,0,6,43,5,54,0,7,48,6,61,16,34,50,111
06/17/2020,SWO,OK,ASW,CE,Federal Contract Tower,0,1,9,9,19,0,4,30,3,37,0,5,39,12,56,28,8,36,92
06/18/2020,SWO,OK,ASW,CE,Federal Contract Tower,0,2,9,9,20,0,1,25,10,36,0,3,34,19,56,6,22,28,84
06/19/2020,SWO,OK,ASW,CE,Federal Contract Tower,0,1,1,0,2,0,0,0,0,0,0,1,1,0,2,0,0,0,2
06/20/2020,SWO,OK,ASW,CE,Federal Contract Tower,0,1,1,0,2,0,3,20,2,25,0,4,21,2,27,8,0,8,35
06/21/2020,SWO,OK,ASW,CE,Federal Contract Tower,0,1,0,0,1,0,0,10,0,10,0,1,10,0,11,0,0,0,11
06/22/2020,SWO,OK,ASW,CE,Federal Contract Tower,0,1,16,3,20,0,2,32,3,37,0,3,48,6,57,20,8,28,85
06/23/2020,SWO,OK,ASW,CE,Federal Contract Tower,0,1,13,4,18,0,1,35,0,36,0,2,48,4,54,48,0,48,102
06/24/2020,SWO,OK,ASW,CE,Federal Contract Tower,0,1,5,2,8,0,2,47,1,50,0,3,52,3,58,26,6,32,90
06/25/2020,SWO,OK,ASW,CE,Federal Contract Tower,0,2,6,3,11,0,0,32,11,43,0,2,38,14,54,18,34,52,106
06/26/2020,SWO,OK,ASW,CE,Federal Contract Tower,0,5,10,6,21,0,4,18,5,27,0,9,28,11,48,18,12,30,78
06/27/2020,SWO,OK,ASW,CE,Federal Contract Tower,0,4,0,0,4,0,0,8,0,8,0,4,8,0,12,0,0,0,12
06/28/2020,SWO,OK,ASW,CE,Federal Contract Tower,0,1,0,0,1,0,9,0,0,9,0,10,0,0,10,0,0,0,10
06/29/2020,SWO,OK,ASW,CE,Federal Contract Tower,0,1,12,2,15,0,0,13,1,14,0,1,25,3,29,38,4,42,71
06/30/2020,SWO,OK,ASW,CE,Federal Contract Tower,0,1,7,7,15,0,2,25,7,34,0,3,32,14,49,12,32,44,93
07/01/2020,SWO,OK,ASW,CE,Federal Contract Tower,0,1,9,7,17,0,1,25,3,29,0,2,34,10,46,18,20,38,84
07/02/2020,SWO,OK,ASW,CE,Federal Contract Tower,0,0,8,4,12,0,6,23,0,29,0,6,31,4,41,48,0,48,89
07/03/2020,SWO,OK,ASW,CE,Federal Contract Tower,0,1,4,0,5,0,3,13,0,16,0,4,17,0,21,4,0,4,25
07/04/2020,SWO,OK,ASW,CE,Federal Contract Tower,0,1,6,0,7,0,3,8,0,11,0,4,14,0,18,24,0,24,42
07/05/2020,SWO,OK,ASW,CE,Federal Contract Tower,0,0,5,0,5,0,0,9,0,9,0,0,14,0,14,0,0,0,14
07/06/2020,SWO,OK,ASW,CE,Federal Contract Tower,0,2,0,0,2,0,2,4,0,6,0,4,4,0,8,0,0,0,8
07/07/2020,SWO,OK,ASW,CE,Federal Contract Tower,0,2,12,3,17,0,0,95,2,97,0,2,107,5,114,190,40,230,344
07/08/2020,SWO,OK,ASW,CE,Federal Contract Tower,0,2,28,8,38,0,0,121,3,124,0,2,149,11,162,154,14,168,330
07/09/2020,SWO,OK,ASW,CE,Federal Contract Tower,0,2,11,0,13,0,2,34,1,37,0,4,45,1,50,46,6,52,102
07/10/2020,SWO,OK,ASW,CE,Federal Contract Tower,0,2,3,0,5,0,3,27,1,31,0,5,30,1,36,64,2,66,102
07/11/2020,SWO,OK,ASW,CE,Federal Contract Tower,0,4,8,4,16,0,10,94,0,104,0,14,102,4,120,124,0,124,244
07/12/2020,SWO,OK,ASW,CE,Federal Contract Tower,0,6,9,1,16,0,3,28,0,31,0,9,37,1,47,8,0,8,55
07/13/2020,SWO,OK,ASW,CE,Federal Contract Tower,0,2,22,2,26,0,6,104,2,112,0,8,126,4,138,140,8,148,286
07/14/2020,SWO,OK,ASW,CE,Federal Contract Tower,0,4,27,6,37,0,0,119,2,121,0,4,146,8,158,184,8,192,350
07/15/2020,SWO,OK,ASW,CE,Federal Contract Tower,0,2,31,0,33,0,4,123,2,129,0,6,154,2,162,166,0,166,328
07/16/2020,SWO,OK,ASW,CE,Federal Contract Tower,0,2,15,0,17,0,2,63,4,69,0,4,78,4,86,116,0,116,202
07/17/2020,SWO,OK,ASW,CE,Federal Contract Tower,0,4,23,0,27,0,4,125,0,129,0,8,148,0,156,136,0,136,292
07/18/2020,SWO,OK,ASW,CE,Federal Contract Tower,0,2,8,6,16,0,0,81,1,82,0,2,89,7,98,138,4,142,240
07/19/2020,SWO,OK,ASW,CE,Federal Contract Tower,0,2,3,0,5,0,2,30,0,32,0,4,33,0,37,24,0,24,61
07/20/2020,SWO,OK,ASW,CE,Federal Contract Tower,0,2,13,0,15,0,1,68,0,69,0,3,81,0,84,84,0,84,168
07/21/2020,SWO,OK,ASW,CE,Federal Contract Tower,0,2,10,3,15,0,0,74,0,74,0,2,84,3,89,198,6,204,293
07/22/2020,SWO,OK,ASW,CE,Federal Contract Tower,0,3,25,4,32,0,0,122,2,124,0,3,147,6,156,168,22,190,346
07/23/2020,SWO,OK,ASW,CE,Federal Contract Tower,0,2,8,7,17,0,1,41,0,42,0,3,49,7,59,134,0,134,193
07/24/2020,SWO,OK,ASW,CE,Federal Contract Tower,0,3,14,5,22,0,4,108,5,117,0,7,122,10,139,182,12,194,333
07/25/2020,SWO,OK,ASW,CE,Federal Contract Tower,0,2,13,4,19,0,0,62,2,64,0,2,75,6,83,96,14,110,193
07/26/2020,SWO,OK,ASW,CE,Federal Contract Tower,0,4,10,0,14,0,1,21,0,22,0,5,31,0,36,22,0,22,58
07/27/2020,SWO,OK,ASW,CE,Federal Contract Tower,0,2,14,0,16,0,0,44,0,44,0,2,58,0,60,40,0,40,100
07/28/2020,SWO,OK,ASW,CE,Federal Contract Tower,0,2,2,10,14,0,4,9,0,13,0,6,11,10,27,62,0,62,89
07/29/2020,SWO,OK,ASW,CE,Federal Contract Tower,0,0,17,2,19,0,0,62,0,62,0,0,79,2,81,96,0,96,177
07/30/2020,SWO,OK,ASW,CE,Federal Contract Tower,0,6,25,2,33,0,1,111,6,118,0,7,136,8,151,174,12,186,337
07/31/2020,SWO,OK,ASW,CE,Federal Contract Tower,0,2,22,5,29,0,7,108,1,116,0,9,130,6,145,168,16,184,329
08/01/2020,SWO,OK,ASW,CE,Federal Contract Tower,0,2,12,0,14,0,0,88,0,88,0,2,100,0,102,132,0,132,234
08/02/2020,SWO,OK,ASW,CE,Federal Contract Tower,0,4,5,0,9,0,2,22,0,24,0,6,27,0,33,12,0,12,45
08/03/2020,SWO,OK,ASW,CE,Federal Contract Tower,0,3,26,1,30,0,3,126,6,135,0,6,152,7,165,166,38,204,369
08/04/2020,SWO,OK,ASW,CE,Federal Contract Tower,0,4,23,4,31,0,2,101,7,110,0,6,124,11,141,152,12,164,305
08/05/2020,SWO,OK,ASW,CE,Federal Contract Tower,0,3,21,10,34,0,2,106,3,111,0,5,127,13,145,168,34,202,347
08/06/2020,SWO,OK,ASW,CE,Federal Contract Tower,0,2,10,4,16,0,4,27,0,31,0,6,37,4,47,88,0,88,135
08/07/2020,SWO,OK,ASW,CE,Federal Contract Tower,0,2,20,6,28,0,1,78,4,83,0,3,98,10,111,116,4,120,231
08/08/2020,SWO,OK,ASW,CE,Federal Contract Tower,0,2,6,0,8,0,5,75,0,80,0,7,81,0,88,96,0,96,184
08/09/2020,SWO,OK,ASW,CE,Federal Contract Tower,0,4,6,0,10,0,1,25,0,26,0,5,31,0,36,8,0,8,44
08/10/2020,SWO,OK,ASW,CE,Federal Contract Tower,0,2,29,9,40,0,0,126,6,132,0,2,155,15,172,204,20,224,396
08/11/2020,SWO,OK,ASW,CE,Federal Contract Tower,0,2,17,3,22,0,5,90,2,97,0,7,107,5,119,208,16,224,343
08/12/2020,SWO,OK,ASW,CE,Federal Contract Tower,0,2,21,8,31,0,0,59,3,62,0,2,80,11,93,120,6,126,219
08/13/2020,SWO,OK,ASW,CE,Federal Contract Tower,0,3,18,0,21,0,3,114,3,120,0,6,132,3,141,176,4,180,321
08/14/2020,SWO,OK,ASW,CE,Federal Contract Tower,0,6,22,4,32,0,0,99,1,100,0,6,121,5,132,100,4,104,236
08/15/2020,SWO,OK,ASW,CE,Federal Contract Tower,0,2,19,1,22,0,1,104,2,107,0,3,123,3,129,102,0,102,231
08/16/2020,SWO,OK,ASW,CE,Federal Contract Tower,0,2,3,0,5,0,0,10,0,10,0,2,13,0,15,48,0,48,63
08/17/2020,SWO,OK,ASW,CE,Federal Contract Tower,0,4,29,0,33,0,4,132,0,136,0,8,161,0,169,188,0,188,357
08/18/2020,SWO,OK,ASW,CE,Federal Contract Tower,0,2,16,0,18,0,5,140,0,145,0,7,156,0,163,200,0,200,363
08/19/2020,SWO,OK,ASW,CE,Federal Contract Tower,0,5,31,2,38,0,2,115,3,120,0,7,146,5,158,248,12,260,418
08/20/2020,SWO,OK,ASW,CE,Federal Contract Tower,0,4,12,1,17,0,5,95,3,103,0,9,107,4,120,166,8,174,294
08/21/2020,SWO,OK,ASW,CE,Federal Contract Tower,0,2,9,4,15,0,1,95,0,96,0,3,104,4,111,268,14,282,393
08/22/2020,SWO,OK,ASW,CE,Federal Contract Tower,0,2,11,0,13,0,4,92,0,96,0,6,103,0,109,144,0,144,253
08/23/2020,SWO,OK,ASW,CE,Federal Contract Tower,0,2,6,0,8,0,0,39,0,39,0,2,45,0,47,56,0,56,103
08/24/2020,SWO,OK,ASW,CE,Federal Contract Tower,0,3,29,0,32,0,9,110,0,119,0,12,139,0,151,158,0,158,309
08/25/2020,SWO,OK,ASW,CE,Federal Contract Tower,0,4,18,1,23,0,1,113,2,116,0,5,131,3,139,200,18,218,357
08/26/2020,SWO,OK,ASW,CE,Federal Contract Tower,0,2,13,0,15,0,0,82,0,82,0,2,95,0,97,120,0,120,217
08/27/2020,SWO,OK,ASW,CE,Federal Contract Tower,0,2,32,0,34,0,3,128,4,135,0,5,160,4,169,246,4,250,419
08/28/2020,SWO,OK,ASW,CE,Federal Contract Tower,0,3,25,0,28,0,8,99,0,107,0,11,124,0,135,138,0,138,273
08/29/2020,SWO,OK,ASW,CE,Federal Contract Tower,0,2,19,0,21,0,0,82,2,84,0,2,101,2,105,144,4,148,253
08/30/2020,SWO,OK,ASW,CE,Federal Contract Tower,0,2,21,0,23,0,0,38,0,38,0,2,59,0,61,46,0,46,107
08/31/2020,SWO,OK,ASW,CE,Federal Contract Tower,0,2,12,0,14,0,2,76,2,80,0,4,88,2,94,160,4,164,258
09/01/2020,SWO,OK,ASW,CE,Federal Contract Tower,0,0,23,4,27,0,2,17,2,21,0,2,40,6,48,102,8,110,158
09/02/2020,SWO,OK,ASW,CE,Federal Contract Tower,0,2,12,4,18,0,0,38,0,38,0,2,50,4,56,78,12,90,146
09/03/2020,SWO,OK,ASW,CE,Federal Contract Tower,0,2,34,0,36,0,0,137,0,137,0,2,171,0,173,254,0,254,427
09/04/2020,SWO,OK,ASW,CE,Federal Contract Tower,0,2,24,0,26,0,0,117,0,117,0,2,141,0,143,270,0,270,413
09/05/2020,SWO,OK,ASW,CE,Federal Contract Tower,0,2,6,0,8,0,0,51,0,51,0,2,57,0,59,134,0,134,193
09/06/2020,SWO,OK,ASW,CE,Federal Contract Tower,0,2,2,0,4,0,3,26,0,29,0,5,28,0,33,0,0,0,33
09/07/2020,SWO,OK,ASW,CE,Federal Contract Tower,0,2,3,0,5,0,2,22,0,24,0,4,25,0,29,28,0,28,57
09/08/2020,SWO,OK,ASW,CE,Federal Contract Tower,0,2,9,0,11,0,1,60,0,61,0,3,69,0,72,184,0,184,256
09/09/2020,SWO,OK,ASW,CE,Federal Contract Tower,0,4,0,0,4,0,0,0,0,0,0,4,0,0,4,0,0,0,4
09/10/2020,SWO,OK,ASW,CE,Federal Contract Tower,0,2,24,4,30,0,0,6,0,6,0,2,30,4,36,26,0,26,62
09/11/2020,SWO,OK,ASW,CE,Federal Contract Tower,0,4,35,6,45,0,0,5,0,5,0,4,40,6,50,36,0,36,86
09/12/2020,SWO,OK,ASW,CE,Federal Contract Tower,0,2,16,7,25,0,12,88,2,102,0,14,104,9,127,160,2,162,289
09/13/2020,SWO,OK,ASW,CE,Federal Contract Tower,0,2,11,1,14,0,3,95,2,100,0,5,106,3,114,126,0,126,240
09/14/2020,SWO,OK,ASW,CE,Federal Contract Tower,0,4,20,2,26,0,2,133,0,135,0,6,153,2,161,186,0,186,347
09/15/2020,SWO,OK,ASW,CE,Federal Contract Tower,0,7,20,2,29,0,18,145,2,165,0,25,165,4,194,234,2,236,430
09/16/2020,SWO,OK,ASW,CE,Federal Contract Tower,0,2,21,1,24,0,1,123,5,129,0,3,144,6,153,192,20,212,365
09/17/2020,SWO,OK,ASW,CE,Federal Contract Tower,0,2,24,0,26,0,0,114,4,118,0,2,138,4,144,196,70,266,410
09/18/2020,SWO,OK,ASW,CE,Federal Contract Tower,0,3,23,0,26,0,0,97,3,100,0,3,120,3,126,208,8,216,342
09/19/2020,SWO,OK,ASW,CE,Federal Contract Tower,0,9,9,0,18,0,4,68,0,72,0,13,77,0,90,62,0,62,152
09/20/2020,SWO,OK,ASW,CE,Federal Contract Tower,0,7,11,0,18,0,0,50,1,51,0,7,61,1,69,50,18,68,137
09/21/2020,SWO,OK,ASW,CE,Federal Contract Tower,0,4,28,0,32,0,0,110,0,110,0,4,138,0,142,136,0,136,278
09/22/2020,SWO,OK,ASW,CE,Federal Contract Tower,0,6,20,0,26,0,1,0,0,1,0,7,20,0,27,0,0,0,27
09/23/2020,SWO,OK,ASW,CE,Federal Contract Tower,0,2,21,2,25,0,1,20,0,21,0,3,41,2,46,112,0,112,158
09/24/2020,SWO,OK,ASW,CE,Federal Contract Tower,0,6,38,0,44,0,0,173,2,175,0,6,211,2,219,217,0,217,436
09/25/2020,SWO,OK,ASW,CE,Federal Contract Tower,0,6,22,0,28,0,5,123,4,132,0,11,145,4,160,226,24,250,410
09/26/2020,SWO,OK,ASW,CE,Federal Contract Tower,0,12,19,0,31,0,1,68,0,69,0,13,87,0,100,108,0,108,208
09/27/2020,SWO,OK,ASW,CE,Federal Contract Tower,0,5,14,0,19,0,0,3,0,3,0,5,17,0,22,34,0,34,56
09/28/2020,SWO,OK,ASW,CE,Federal Contract Tower,0,2,18,4,24,0,1,105,2,108,0,3,123,6,132,162,0,162,294
09/29/2020,SWO,OK,ASW,CE,Federal Contract Tower,0,5,31,0,36,0,4,124,2,130,0,9,155,2,166,120,2,122,288
09/30/2020,SWO,OK,ASW,CE,Federal Contract Tower,0,3,21,3,27,0,5,165,4,174,0,8,186,7,201,248,6,254,455
10/01/2020,SWO,OK,ASW,CE,Federal Contract Tower,0,4,27,1,32,0,0,136,7,143,0,4,163,8,175,134,12,146,321
10/02/2020,SWO,OK,ASW,CE,Federal Contract Tower,0,2,18,0,20,0,2,131,6,139,0,4,149,6,159,238,2,240,399
10/03/2020,SWO,OK,ASW,CE,Federal Contract Tower,0,2,12,3,17,0,2,109,1,112,0,4,121,4,129,150,4,154,283
10/04/2020,SWO,OK,ASW,CE,Federal Contract Tower,0,3,10,0,13,0,0,57,1,58,0,3,67,1,71,62,0,62,133
10/05/2020,SWO,OK,ASW,CE,Federal Contract Tower,0,2,27,4,33,0,1,126,3,130,0,3,153,7,163,178,2,180,343
10/06/2020,SWO,OK,ASW,CE,Federal Contract Tower,0,6,32,4,42,0,0,171,0,171,0,6,203,4,213,210,0,210,423
10/07/2020,SWO,OK,ASW,CE,Federal Contract Tower,0,4,40,3,47,0,1,144,2,147,0,5,184,5,194,174,16,190,384
10/08/2020,SWO,OK,ASW,CE,Federal Contract Tower,0,6,18,4,28,0,2,117,3,122,0,8,135,7,150,104,4,108,258
10/09/2020,SWO,OK,ASW,CE,Federal Contract Tower,0,3,20,16,39,0,3,83,1,87,0,6,103,17,126,98,14,112,238
10/10/2020,SWO,OK,ASW,CE,Federal Contract Tower,0,2,18,6,26,0,3,21,1,25,0,5,39,7,51,62,4,66,117
10/11/2020,SWO,OK,ASW,CE,Federal Contract Tower,0,4,11,0,15,0,2,62,4,68,0,6,73,4,83,48,0,48,131
10/12/2020,SWO,OK,ASW,CE,Federal Contract Tower,0,5,40,1,46,0,5,160,1,166,0,10,200,2,212,232,6,238,450
10/13/2020,SWO,OK,ASW,CE,Federal Contract Tower,0,4,32,6,42,0,13,150,4,167,0,17,182,10,209,118,12,130,339
10/14/2020,SWO,OK,ASW,CE,Federal Contract Tower,0,8,21,5,34,0,10,95,8,113,0,18,116,13,147,102,46,148,295
10/15/2020,SWO,OK,ASW,CE,Federal Contract Tower,0,2,20,2,24,0,4,109,0,113,0,6,129,2,137,138,4,142,279
10/16/2020,SWO,OK,ASW,CE,Federal Contract Tower,0,2,21,5,28,0,2,134,4,140,0,4,155,9,168,174,30,204,372
10/17/2020,SWO,OK,ASW,CE,Federal Contract Tower,0,2,3,0,5,0,4,33,0,37,0,6,36,0,42,4,2,6,48
10/18/2020,SWO,OK,ASW,CE,Federal Contract Tower,0,2,7,0,9,0,0,1,0,1,0,2,8,0,10,0,0,0,10
10/19/2020,SWO,OK,ASW,CE,Federal Contract Tower,0,2,28,2,32,0,0,42,0,42,0,2,70,2,74,104,0,104,178
10/20/2020,SWO,OK,ASW,CE,Federal Contract Tower,0,2,23,17,42,0,0,10,1,11,0,2,33,18,53,58,24,82,135
10/21/2020,SWO,OK,ASW,CE,Federal Contract Tower,0,2,27,10,39,0,6,134,0,140,0,8,161,10,179,140,0,140,319
10/22/2020,SWO,OK,ASW,CE,Federal Contract Tower,0,2,31,17,50,0,3,94,5,102,0,5,125,22,152,80,14,94,246
10/23/2020,SWO,OK,ASW,CE,Federal Contract Tower,0,5,13,2,20,0,1,22,0,23,0,6,35,2,43,54,6,60,103
10/24/2020,SWO,OK,ASW,CE,Federal Contract Tower,1,15,26,0,42,0,1,74,0,75,1,16,100,0,117,88,0,88,205
10/25/2020,SWO,OK,ASW,CE,Federal Contract Tower,0,11,7,0,18,0,1,4,0,5,0,12,11,0,23,18,0,18,41
10/26/2020,SWO,OK,ASW,CE,Federal Contract Tower,0,2,0,0,2,0,0,0,0,0,0,2,0,0,2,0,0,0,2
10/27/2020,SWO,OK,ASW,CE,Federal Contract Tower,0,0,2,0,2,0,0,0,0,0,0,0,2,0,2,0,0,0,2
10/29/2020,SWO,OK,ASW,CE,Federal Contract Tower,0,4,23,0,27,0,4,71,0,75,0,8,94,0,102,72,0,72,174
10/30/2020,SWO,OK,ASW,CE,Federal Contract Tower,0,7,21,1,29,0,8,165,2,175,0,15,186,3,204,196,4,200,404
10/31/2020,SWO,OK,ASW,CE,Federal Contract Tower,1,16,21,0,38,0,3,80,1,84,1,19,101,1,122,90,8,98,220
11/01/2020,SWO,OK,ASW,CE,Federal Contract Tower,0,4,8,0,12,0,2,50,0,52,0,6,58,0,64,58,0,58,122
11/02/2020,SWO,OK,ASW,CE,Federal Contract Tower,0,2,17,0,19,0,3,139,3,145,0,5,156,3,164,144,24,168,332
11/03/2020,SWO,OK,ASW,CE,Federal Contract Tower,0,4,11,0,15,0,0,122,5,127,0,4,133,5,142,74,32,106,248
11/05/2020,SWO,OK,ASW,CE,Federal Contract Tower,0,3,10,10,23,0,0,144,3,147,0,3,154,13,170,152,20,172,342
11/06/2020,SWO,OK,ASW,CE,Federal Contract Tower,0,2,13,5,20,0,0,153,2,155,0,2,166,7,175,98,22,120,295
11/08/2020,SWO,OK,ASW,CE,Federal Contract Tower,0,5,10,3,18,0,4,17,2,23,0,9,27,5,41,24,0,24,65
11/09/2020,SWO,OK,ASW,CE,Federal Contract Tower,0,2,16,19,37,0,4,66,10,80,0,6,82,29,117,34,74,108,225
11/10/2020,SWO,OK,ASW,CE,Federal Contract Tower,0,1,19,5,25,0,3,82,10,95,0,4,101,15,120,124,22,146,266
11/11/2020,SWO,OK,ASW,CE,Federal Contract Tower,0,1,30,0,31,0,2,140,0,142,0,3,170,0,173,158,0,158,331
11/12/2020,SWO,OK,ASW,CE,Federal Contract Tower,0,4,20,3,27,0,0,118,11,129,0,4,138,14,156,111,54,165,321
11/13/2020,SWO,OK,ASW,CE,Federal Contract Tower,0,5,11,0,16,0,0,104,2,106,0,5,115,2,122,120,0,120,242
11/14/2020,SWO,OK,ASW,CE,Federal Contract Tower,0,1,11,0,12,0,0,12,0,12,0,1,23,0,24,12,0,12,36
11/15/2020,SWO,OK,ASW,CE,Federal Contract Tower,0,1,4,0,5,0,6,65,0,71,0,7,69,0,76,76,8,84,160
11/16/2020,SWO,OK,ASW,CE,Federal Contract Tower,0,5,17,0,22,0,2,112,3,117,0,7,129,3,139,146,6,152,291
11/18/2020,SWO,OK,ASW,CE,Federal Contract Tower,0,1,18,1,20,0,0,58,4,62,0,1,76,5,82,62,4,66,148
11/19/2020,SWO,OK,ASW,CE,Federal Contract Tower,0,2,19,2,23,0,3,109,6,118,0,5,128,8,141,38,6,44,185
11/20/2020,SWO,OK,ASW,CE,Federal Contract Tower,0,2,17,0,19,0,9,86,3,98,0,11,103,3,117,190,10,200,317
11/21/2020,SWO,OK,ASW,CE,Federal Contract Tower,0,3,6,0,9,0,0,0,0,0,0,3,6,0,9,0,0,0,9
11/22/2020,SWO,OK,ASW,CE,Federal Contract Tower,0,3,9,4,16,0,0,24,0,24,0,3,33,4,40,50,0,50,90
11/23/2020,SWO,OK,ASW,CE,Federal Contract Tower,0,2,19,0,21,0,5,49,5,59,0,7,68,5,80,102,24,126,206
11/24/2020,SWO,OK,ASW,CE,Federal Contract Tower,0,1,0,0,1,0,0,0,0,0,0,1,0,0,1,0,0,0,1
11/25/2020,SWO,OK,ASW,CE,Federal Contract Tower,0,3,16,0,19,0,0,28,3,31,0,3,44,3,50,38,0,38,88
11/26/2020,SWO,OK,ASW,CE,Federal Contract Tower,0,0,2,0,2,0,8,9,0,17,0,8,11,0,19,6,0,6,25
11/27/2020,SWO,OK,ASW,CE,Federal Contract Tower,0,2,4,0,6,0,6,14,0,20,0,8,18,0,26,36,0,36,62
11/28/2020,SWO,OK,ASW,CE,Federal Contract Tower,0,1,14,12,27,0,4,18,0,22,0,5,32,12,49,16,0,16,65
11/29/2020,SWO,OK,ASW,CE,Federal Contract Tower,0,6,5,0,11,0,1,6,0,7,0,7,11,0,18,0,0,0,18
11/30/2020,SWO,OK,ASW,CE,Federal Contract Tower,0,5,11,0,16,0,0,103,2,105,0,5,114,2,121,178,0,178,299
12/01/2020,SWO,OK,ASW,CE,Federal Contract Tower,0,4,22,1,27,0,2,122,9,133,0,6,144,10,160,202,36,238,398
12/02/2020,SWO,OK,ASW,CE,Federal Contract Tower,0,5,5,1,11,0,0,1,0,1,0,5,6,1,12,20,0,20,32
12/03/2020,SWO,OK,ASW,CE,Federal Contract Tower,0,3,4,0,7,0,0,3,0,3,0,3,7,0,10,14,0,14,24
12/04/2020,SWO,OK,ASW,CE,Federal Contract Tower,0,6,22,2,30,0,1,194,14,209,0,7,216,16,239,220,12,232,471
12/05/2020,SWO,OK,ASW,CE,Federal Contract Tower,0,7,6,0,13,0,4,88,0,92,0,11,94,0,105,112,0,112,217
12/06/2020,SWO,OK,ASW,CE,Federal Contract Tower,0,2,5,0,7,0,0,81,0,81,0,2,86,0,88,142,0,142,230
12/07/2020,SWO,OK,ASW,CE,Federal Contract Tower,0,1,31,1,33,0,1,119,8,128,0,2,150,9,161,158,40,198,359
12/08/2020,SWO,OK,ASW,CE,Federal Contract Tower,0,2,23,4,29,0,3,127,4,134,0,5,150,8,163,214,6,220,383
12/09/2020,SWO,OK,ASW,CE,Federal Contract Tower,0,2,35,5,42,0,9,165,9,183,0,11,200,14,225,260,8,268,493
12/10/2020,SWO,OK,ASW,CE,Federal Contract Tower,0,2,24,13,39,0,0,126,5,131,0,2,150,18,170,112,10,122,292
12/11/2020,SWO,OK,ASW,CE,Federal Contract Tower,1,3,17,6,27,0,0,108,14,122,1,3,125,20,149,72,22,94,243
12/12/2020,SWO,OK,ASW,CE,Federal Contract Tower,2,4,8,3,17,0,0,28,2,30,2,4,36,5,47,60,26,86,133
12/13/2020,SWO,OK,ASW,CE,Federal Contract Tower,0,1,2,0,3,0,3,0,0,3,0,4,2,0,6,0,0,0,6
12/14/2020,SWO,OK,ASW,CE,Federal Contract Tower,0,3,15,0,18,0,3,48,0,51,0,6,63,0,69,56,0,56,125
12/15/2020,SWO,OK,ASW,CE,Federal Contract Tower,0,2,0,0,2,0,0,2,0,2,0,2,2,0,4,0,0,0,4
12/16/2020,SWO,OK,ASW,CE,Federal Contract Tower,0,4,25,1,30,0,3,98,1,102,0,7,123,2,132,126,4,130,262
12/17/2020,SWO,OK,ASW,CE,Federal Contract Tower,0,4,30,2,36,0,11,199,4,214,0,15,229,6,250,180,12,192,442
12/18/2020,SWO,OK,ASW,CE,Federal Contract Tower,0,1,10,0,11,0,0,68,0,68,0,1,78,0,79,54,0,54,133
12/19/2020,SWO,OK,ASW,CE,Federal Contract Tower,0,4,17,1,22,0,3,116,1,120,0,7,133,2,142,104,14,118,260
12/20/2020,SWO,OK,ASW,CE,Federal Contract Tower,0,3,16,0,19,0,2,111,0,113,0,5,127,0,132,72,0,72,204
12/21/2020,SWO,OK,ASW,CE,Federal Contract Tower,0,4,17,11,32,0,0,88,1,89,0,4,105,12,121,68,0,68,189
12/22/2020,SWO,OK,ASW,CE,Federal Contract Tower,0,3,5,0,8,0,1,63,2,66,0,4,68,2,74,52,0,52,126
12/23/2020,SWO,OK,ASW,CE,Federal Contract Tower,0,3,3,0,6,0,4,11,2,17,0,7,14,2,23,0,0,0,23
12/24/2020,SWO,OK,ASW,CE,Federal Contract Tower,0,2,1,0,3,0,1,4,0,5,0,3,5,0,8,0,0,0,8
12/25/2020,SWO,OK,ASW,CE,Federal Contract Tower,0,2,0,0,2,0,2,2,0,4,0,4,2,0,6,0,0,0,6
12/26/2020,SWO,OK,ASW,CE,Federal Contract Tower,0,4,3,0,7,0,7,22,0,29,0,11,25,0,36,8,0,8,44
12/27/2020,SWO,OK,ASW,CE,Federal Contract Tower,0,2,2,0,4,0,2,29,0,31,0,4,31,0,35,14,0,14,49
12/28/2020,SWO,OK,ASW,CE,Federal Contract Tower,4,3,6,0,13,0,5,16,0,21,4,8,22,0,34,8,0,8,42
12/29/2020,SWO,OK,ASW,CE,Federal Contract Tower,0,2,4,0,6,0,0,0,0,0,0,2,4,0,6,0,0,0,6
12/31/2020,SWO,OK,ASW,CE,Federal Contract Tower,0,1,2,0,3,0,1,5,0,6,0,2,7,0,9,12,0,12,21
01/01/2021,SWO,OK,ASW,CE,Federal Contract Tower,0,5,1,0,6,0,1,0,0,1,0,6,1,0,7,0,0,0,7
01/02/2021,SWO,OK,ASW,CE,Federal Contract Tower,0,7,4,0,11,0,6,6,0,12,0,13,10,0,23,0,0,0,23
01/03/2021,SWO,OK,ASW,CE,Federal Contract Tower,0,4,3,0,7,0,4,16,0,20,0,8,19,0,27,22,0,22,49
01/04/2021,SWO,OK,ASW,CE,Federal Contract Tower,1,2,22,0,25,0,3,77,0,80,1,5,99,0,105,58,0,58,163
01/05/2021,SWO,OK,ASW,CE,Federal Contract Tower,0,1,35,1,37,0,2,109,5,116,0,3,144,6,153,90,10,100,253
01/06/2021,SWO,OK,ASW,CE,Federal Contract Tower,0,1,18,2,21,0,0,37,0,37,0,1,55,2,58,60,0,60,118
01/07/2021,SWO,OK,ASW,CE,Federal Contract Tower,0,1,4,0,5,0,0,1,0,1,0,1,5,0,6,0,0,0,6
01/08/2021,SWO,OK,ASW,CE,Federal Contract Tower,0,1,7,4,12,0,4,46,10,60,0,5,53,14,72,36,0,36,108
01/09/2021,SWO,OK,ASW,CE,Federal Contract Tower,0,5,16,0,21,0,0,146,0,146,0,5,162,0,167,140,0,140,307
01/10/2021,SWO,OK,ASW,CE,Federal Contract Tower,0,1,4,0,5,0,1,23,0,24,0,2,27,0,29,32,0,32,61
01/11/2021,SWO,OK,ASW,CE,Federal Contract Tower,0,1,35,0,36,0,0,154,2,156,0,1,189,2,192,173,2,175,367
01/12/2021,SWO,OK,ASW,CE,Federal Contract Tower,0,3,37,0,40,0,3,137,0,140,0,6,174,0,180,148,2,150,330
01/13/2021,SWO,OK,ASW,CE,Federal Contract Tower,0,4,28,0,32,0,2,135,3,140,0,6,163,3,172,164,4,168,340
01/14/2021,SWO,OK,ASW,CE,Federal Contract Tower,0,3,10,4,17,0,4,18,3,25,0,7,28,7,42,2,0,2,44
01/15/2021,SWO,OK,ASW,CE,Federal Contract Tower,0,1,6,0,7,0,0,7,0,7,0,1,13,0,14,0,0,0,14
01/16/2021,SWO,OK,ASW,CE,Federal Contract Tower,0,3,25,0,28,0,1,114,0,115,0,4,139,0,143,132,0,132,275
01/17/2021,SWO,OK,ASW,CE,Federal Contract Tower,0,4,10,2,16,0,3,52,2,57,0,7,62,4,73,30,10,40,113
01/18/2021,SWO,OK,ASW,CE,Federal Contract Tower,0,1,10,0,11,0,0,50,0,50,0,1,60,0,61,38,0,38,99
01/19/2021,SWO,OK,ASW,CE,Federal Contract Tower,0,1,21,0,22,0,12,101,0,113,0,13,122,0,135,132,0,132,267
01/20/2021,SWO,OK,ASW,CE,Federal Contract Tower,0,2,24,2,28,0,2,107,9,118,0,4,131,11,146,172,6,178,324
01/21/2021,SWO,OK,ASW,CE,Federal Contract Tower,0,1,28,1,30,0,0,71,0,71,0,1,99,1,101,92,0,92,193
01/22/2021,SWO,OK,ASW,CE,Federal Contract Tower,0,3,38,1,42,0,2,169,5,176,0,5,207,6,218,224,18,242,460
01/23/2021,SWO,OK,ASW,CE,Federal Contract Tower,0,2,11,1,14,0,2,21,3,26,0,4,32,4,40,80,2,82,122
01/24/2021,SWO,OK,ASW,CE,Federal Contract Tower,0,3,2,3,8,0,0,2,0,2,0,3,4,3,10,2,0,2,12
01/25/2021,SWO,OK,ASW,CE,Federal Contract Tower,0,1,9,0,10,0,0,1,0,1,0,1,10,0,11,0,0,0,11
01/26/2021,SWO,OK,ASW,CE,Federal Contract Tower,0,5,1,7,13,0,2,6,6,14,0,7,7,13,27,80,6,86,113
01/27/2021,SWO,OK,ASW,CE,Federal Contract Tower,0,1,17,2,20,0,11,84,1,96,0,12,101,3,116,266,14,280,396
01/28/2021,SWO,OK,ASW,CE,Federal Contract Tower,0,1,22,8,31,0,0,117,2,119,0,1,139,10,150,138,0,138,288
01/29/2021,SWO,OK,ASW,CE,Federal Contract Tower,0,2,33,2,37,0,2,183,10,195,0,4,216,12,232,150,20,170,402
01/30/2021,SWO,OK,ASW,CE,Federal Contract Tower,0,3,6,0,9,0,3,2,0,5,0,6,8,0,14,0,0,0,14
01/31/2021,SWO,OK,ASW,CE,Federal Contract Tower,0,2,9,0,11,0,0,30,0,30,0,2,39,0,41,44,0,44,85
02/01/2021,SWO,OK,ASW,CE,Federal Contract Tower,0,1,32,3,36,0,2,164,1,167,0,3,196,4,203,202,14,216,419
02/02/2021,SWO,OK,ASW,CE,Federal Contract Tower,0,1,22,7,30,0,2,134,5,141,0,3,156,12,171,134,26,160,331
02/03/2021,SWO,OK,ASW,CE,Federal Contract Tower,0,1,23,0,24,0,0,150,0,150,0,1,173,0,174,218,0,218,392
02/04/2021,SWO,OK,ASW,CE,Federal Contract Tower,0,1,13,4,18,0,0,25,5,30,0,1,38,9,48,28,70,98,146
02/05/2021,SWO,OK,ASW,CE,Federal Contract Tower,0,1,30,4,35,0,4,163,3,170,0,5,193,7,205,272,10,282,487
02/06/2021,SWO,OK,ASW,CE,Federal Contract Tower,0,3,11,3,17,0,0,14,0,14,0,3,25,3,31,4,0,4,35
02/07/2021,SWO,OK,ASW,CE,Federal Contract Tower,0,1,2,0,3,0,0,2,0,2,0,1,4,0,5,0,0,0,5
02/08/2021,SWO,OK,ASW,CE,Federal Contract Tower,0,1,0,0,1,0,0,0,0,0,0,1,0,0,1,0,0,0,1
02/09/2021,SWO,OK,ASW,CE,Federal Contract Tower,0,1,3,0,4,0,0,0,0,0,0,1,3,0,4,0,0,0,4
02/10/2021,SWO,OK,ASW,CE,Federal Contract Tower,0,1,3,0,4,0,0,0,0,0,0,1,3,0,4,0,0,0,4
02/11/2021,SWO,OK,ASW,CE,Federal Contract Tower,0,2,0,0,2,0,0,0,0,0,0,2,0,0,2,0,0,0,2
02/12/2021,SWO,OK,ASW,CE,Federal Contract Tower,0,1,2,0,3,0,0,0,0,0,0,1,2,0,3,0,0,0,3
02/13/2021,SWO,OK,ASW,CE,Federal Contract Tower,0,1,3,0,4,0,0,4,6,10,0,1,7,6,14,0,0,0,14
02/14/2021,SWO,OK,ASW,CE,Federal Contract Tower,0,0,0,0,0,0,0,0,0,0,0,0,0,0,0,0,0,0,0
02/15/2021,SWO,OK,ASW,CE,Federal Contract Tower,0,0,0,0,0,0,0,2,0,2,0,0,2,0,2,0,0,0,2
02/16/2021,SWO,OK,ASW,CE,Federal Contract Tower,0,0,0,0,0,0,0,0,0,0,0,0,0,0,0,0,0,0,0
02/17/2021,SWO,OK,ASW,CE,Federal Contract Tower,0,0,0,0,0,0,2,0,0,2,0,2,0,0,2,0,0,0,2
02/18/2021,SWO,OK,ASW,CE,Federal Contract Tower,0,3,3,0,6,0,1,14,0,15,0,4,17,0,21,34,0,34,55
02/19/2021,SWO,OK,ASW,CE,Federal Contract Tower,0,4,5,1,10,0,5,47,22,74,0,9,52,23,84,52,4,56,140
02/20/2021,SWO,OK,ASW,CE,Federal Contract Tower,0,2,6,0,8,0,1,19,3,23,0,3,25,3,31,40,30,70,101
02/21/2021,SWO,OK,ASW,CE,Federal Contract Tower,0,3,2,0,5,0,3,11,2,16,0,6,13,2,21,6,0,6,27
02/22/2021,SWO,OK,ASW,CE,Federal Contract Tower,1,1,34,2,38,0,1,156,4,161,1,2,190,6,199,176,38,214,413
02/23/2021,SWO,OK,ASW,CE,Federal Contract Tower,0,4,32,2,38,0,7,161,6,174,0,11,193,8,212,188,18,206,418
02/24/2021,SWO,OK,ASW,CE,Federal Contract Tower,0,3,40,4,47,2,165,3,0,170,2,168,43,4,217,181,10,191,408
02/25/2021,SWO,OK,ASW,CE,Federal Contract Tower,0,2,21,3,26,0,0,131,6,137,0,2,152,9,163,206,0,206,369
02/26/2021,SWO,OK,ASW,CE,Federal Contract Tower,0,4,48,6,58,0,0,47,0,47,0,4,95,6,105,104,0,104,209
02/27/2021,SWO,OK,ASW,CE,Federal Contract Tower,0,1,14,0,15,0,0,6,0,6,0,1,20,0,21,0,0,0,21
02/28/2021,SWO,OK,ASW,CE,Federal Contract Tower,0,2,12,4,18,0,1,63,0,64,0,3,75,4,82,64,0,64,146
03/01/2021,SWO,OK,ASW,CE,Federal Contract Tower,0,1,55,4,60,0,1,211,0,212,0,2,266,4,272,172,0,172,444
03/02/2021,SWO,OK,ASW,CE,Federal Contract Tower,0,1,20,2,23,0,0,159,3,162,0,1,179,5,185,150,14,164,349
03/03/2021,SWO,OK,ASW,CE,Federal Contract Tower,0,3,30,5,38,0,1,161,8,170,0,4,191,13,208,198,0,198,406
03/04/2021,SWO,OK,ASW,CE,Federal Contract Tower,0,2,25,0,27,0,4,104,5,113,0,6,129,5,140,126,6,132,272
03/05/2021,SWO,OK,ASW,CE,Federal Contract Tower,0,1,37,1,39,0,1,99,12,112,0,2,136,13,151,130,14,144,295
03/06/2021,SWO,OK,ASW,CE,Federal Contract Tower,0,3,22,1,26,0,0,105,4,109,0,3,127,5,135,128,0,128,263
03/07/2021,SWO,OK,ASW,CE,Federal Contract Tower,0,2,0,0,2,0,0,45,1,46,0,2,45,1,48,58,14,72,120
03/08/2021,SWO,OK,ASW,CE,Federal Contract Tower,0,1,35,0,36,0,4,156,2,162,0,5,191,2,198,154,0,154,352
03/09/2021,SWO,OK,ASW,CE,Federal Contract Tower,0,1,25,5,31,0,6,59,8,73,0,7,84,13,104,22,14,36,140
03/10/2021,SWO,OK,ASW,CE,Federal Contract Tower,0,5,27,2,34,0,4,94,2,100,0,9,121,4,134,76,10,86,220
03/11/2021,SWO,OK,ASW,CE,Federal Contract Tower,1,3,19,0,23,0,0,0,0,0,1,3,19,0,23,8,0,8,31
03/12/2021,SWO,OK,ASW,CE,Federal Contract Tower,1,2,14,0,17,0,0,1,0,1,1,2,15,0,18,18,0,18,36
03/13/2021,SWO,OK,ASW,CE,Federal Contract Tower,0,4,5,0,9,0,1,0,0,1,0,5,5,0,10,0,0,0,10
03/14/2021,SWO,OK,ASW,CE,Federal Contract Tower,2,5,13,0,20,0,3,32,0,35,2,8,45,0,55,30,0,30,85
03/15/2021,SWO,OK,ASW,CE,Federal Contract Tower,0,3,44,4,51,0,0,129,3,132,0,3,173,7,183,126,2,128,311
03/16/2021,SWO,OK,ASW,CE,Federal Contract Tower,0,4,41,5,50,0,2,153,1,156,0,6,194,6,206,142,4,146,352
03/18/2021,SWO,OK,ASW,CE,Federal Contract Tower,0,7,14,15,36,0,5,41,4,50,0,12,55,19,86,30,30,60,146
03/19/2021,SWO,OK,ASW,CE,Federal Contract Tower,0,5,40,1,46,0,1,196,1,198,0,6,236,2,244,184,0,184,428
03/20/2021,SWO,OK,ASW,CE,Federal Contract Tower,0,1,20,2,23,0,0,107,0,107,0,1,127,2,130,98,0,98,228
03/21/2021,SWO,OK,ASW,CE,Federal Contract Tower,0,3,10,10,23,0,4,28,0,32,0,7,38,10,55,26,0,26,81
03/22/2021,SWO,OK,ASW,CE,Federal Contract Tower,2,2,12,1,17,0,0,19,1,20,2,2,31,2,37,22,2,24,61
03/23/2021,SWO,OK,ASW,CE,Federal Contract Tower,0,1,23,0,24,0,11,48,2,61,0,12,71,2,85,112,0,112,197
03/24/2021,SWO,OK,ASW,CE,Federal Contract Tower,0,3,35,12,50,0,2,174,4,180,0,5,209,16,230,154,20,174,404
03/25/2021,SWO,OK,ASW,CE,Federal Contract Tower,0,3,49,14,66,0,0,98,7,105,0,3,147,21,171,100,56,156,327
03/26/2021,SWO,OK,ASW,CE,Federal Contract Tower,0,1,41,0,42,0,3,156,3,162,0,4,197,3,204,122,10,132,336
03/27/2021,SWO,OK,ASW,CE,Federal Contract Tower,0,1,20,8,29,0,1,109,15,125,0,2,129,23,154,92,48,140,294
03/28/2021,SWO,OK,ASW,CE,Federal Contract Tower,0,1,15,2,18,0,0,105,0,105,0,1,120,2,123,116,0,116,239
03/29/2021,SWO,OK,ASW,CE,Federal Contract Tower,0,1,10,0,11,0,5,50,0,55,0,6,60,0,66,24,0,24,90
03/30/2021,SWO,OK,ASW,CE,Federal Contract Tower,0,3,35,5,43,0,9,155,3,167,0,12,190,8,210,132,16,148,358
03/31/2021,SWO,OK,ASW,CE,Federal Contract Tower,0,1,34,13,48,0,1,148,7,156,0,2,182,20,204,168,14,182,386
04/01/2021,SWO,OK,ASW,CE,Federal Contract Tower,0,4,42,14,60,0,1,138,10,149,0,5,180,24,209,216,20,236,445
04/02/2021,SWO,OK,ASW,CE,Federal Contract Tower,0,3,28,0,31,0,4,110,2,116,0,7,138,2,147,116,0,116,263
04/03/2021,SWO,OK,ASW,CE,Federal Contract Tower,0,1,17,0,18,0,0,54,0,54,0,1,71,0,72,80,0,80,152
04/04/2021,SWO,OK,ASW,CE,Federal Contract Tower,0,3,5,1,9,0,0,24,0,24,0,3,29,1,33,20,0,20,53
04/05/2021,SWO,OK,ASW,CE,Federal Contract Tower,0,3,36,6,45,0,8,123,4,135,0,11,159,10,180,140,12,152,332
04/06/2021,SWO,OK,ASW,CE,Federal Contract Tower,0,1,8,10,19,0,0,11,1,12,0,1,19,11,31,32,12,44,75
04/07/2021,SWO,OK,ASW,CE,Federal Contract Tower,0,0,12,6,18,0,1,30,0,31,0,1,42,6,49,52,0,52,101
04/08/2021,SWO,OK,ASW,CE,Federal Contract Tower,0,1,24,6,31,0,0,90,7,97,0,1,114,13,128,86,12,98,226
04/09/2021,SWO,OK,ASW,CE,Federal Contract Tower,0,2,17,0,19,0,0,75,3,78,0,2,92,3,97,148,6,154,251
04/10/2021,SWO,OK,ASW,CE,Federal Contract Tower,0,4,27,5,36,0,0,100,0,100,0,4,127,5,136,102,0,102,238
04/11/2021,SWO,OK,ASW,CE,Federal Contract Tower,0,2,10,2,14,0,0,82,0,82,0,2,92,2,96,50,0,50,146
04/12/2021,SWO,OK,ASW,CE,Federal Contract Tower,0,1,43,9,53,0,0,140,8,148,0,1,183,17,201,172,32,204,405
04/13/2021,SWO,OK,ASW,CE,Federal Contract Tower,0,1,18,10,29,0,0,93,4,97,0,1,111,14,126,158,28,186,312
04/14/2021,SWO,OK,ASW,CE,Federal Contract Tower,0,1,29,3,33,0,2,96,3,101,0,3,125,6,134,174,4,178,312
04/15/2021,SWO,OK,ASW,CE,Federal Contract Tower,0,1,22,4,27,0,3,122,1,126,0,4,144,5,153,142,12,154,307
04/16/2021,SWO,OK,ASW,CE,Federal Contract Tower,0,3,5,2,10,0,0,0,0,0,0,3,5,2,10,0,0,0,10
04/17/2021,SWO,OK,ASW,CE,Federal Contract Tower,0,1,13,0,14,0,3,49,0,52,0,4,62,0,66,64,0,64,130
04/18/2021,SWO,OK,ASW,CE,Federal Contract Tower,0,2,15,1,18,0,2,49,4,55,0,4,64,5,73,102,6,108,181
04/19/2021,SWO,OK,ASW,CE,Federal Contract Tower,0,1,33,0,34,0,1,161,9,171,0,2,194,9,205,196,6,202,407
04/20/2021,SWO,OK,ASW,CE,Federal Contract Tower,0,5,14,1,20,0,2,56,0,58,0,7,70,1,78,100,4,104,182
04/21/2021,SWO,OK,ASW,CE,Federal Contract Tower,0,3,28,1,32,0,0,138,3,141,0,3,166,4,173,238,6,244,417
04/22/2021,SWO,OK,ASW,CE,Federal Contract Tower,0,5,34,9,48,0,3,98,12,113,0,8,132,21,161,122,60,182,343
04/23/2021,SWO,OK,ASW,CE,Federal Contract Tower,0,4,2,3,9,0,0,2,1,3,0,4,4,4,12,20,0,20,32
04/24/2021,SWO,OK,ASW,CE,Federal Contract Tower,0,1,42,2,45,0,0,87,0,87,0,1,129,2,132,164,0,164,296
04/25/2021,SWO,OK,ASW,CE,Federal Contract Tower,0,1,19,6,26,0,1,47,0,48,0,2,66,6,74,38,8,46,120
04/26/2021,SWO,OK,ASW,CE,Federal Contract Tower,0,1,36,19,56,0,1,116,12,129,0,2,152,31,185,70,32,102,287
04/27/2021,SWO,OK,ASW,CE,Federal Contract Tower,0,1,31,8,40,0,2,46,1,49,0,3,77,9,89,42,54,96,185
04/28/2021,SWO,OK,ASW,CE,Federal Contract Tower,0,1,4,0,5,0,1,0,0,1,0,2,4,0,6,0,0,0,6
04/29/2021,SWO,OK,ASW,CE,Federal Contract Tower,0,1,31,13,45,0,2,152,3,157,0,3,183,16,202,142,10,152,354
04/30/2021,SWO,OK,ASW,CE,Federal Contract Tower,0,3,21,9,33,0,2,170,3,175,0,5,191,12,208,276,8,284,492
05/01/2021,SWO,OK,ASW,CE,Federal Contract Tower,0,6,16,3,25,0,0,45,8,53,0,6,61,11,78,72,26,98,176
05/02/2021,SWO,OK,ASW,CE,Federal Contract Tower,0,1,4,6,11,0,1,9,0,10,0,2,13,6,21,0,0,0,21
05/03/2021,SWO,OK,ASW,CE,Federal Contract Tower,0,4,13,20,37,0,3,28,5,36,0,7,41,25,73,112,4,116,189
05/04/2021,SWO,OK,ASW,CE,Federal Contract Tower,0,3,28,16,47,0,5,82,5,92,0,8,110,21,139,116,0,116,255
05/05/2021,SWO,OK,ASW,CE,Federal Contract Tower,0,3,32,9,44,0,1,180,7,188,0,4,212,16,232,220,28,248,480
05/06/2021,SWO,OK,ASW,CE,Federal Contract Tower,0,7,27,14,48,0,0,138,4,142,0,7,165,18,190,148,0,148,338
05/07/2021,SWO,OK,ASW,CE,Federal Contract Tower,0,5,27,9,41,0,6,104,4,114,0,11,131,13,155,112,16,128,283
05/08/2021,SWO,OK,ASW,CE,Federal Contract Tower,0,7,10,0,17,0,2,34,0,36,0,9,44,0,53,16,0,16,69
05/09/2021,SWO,OK,ASW,CE,Federal Contract Tower,0,2,7,3,12,0,0,16,0,16,0,2,23,3,28,36,0,36,64
05/10/2021,SWO,OK,ASW,CE,Federal Contract Tower,0,1,28,9,38,0,0,0,0,0,0,1,28,9,38,250,6,256,294
05/11/2021,SWO,OK,ASW,CE,Federal Contract Tower,0,1,8,2,11,0,1,15,1,17,0,2,23,3,28,36,0,36,64
05/12/2021,SWO,OK,ASW,CE,Federal Contract Tower,0,2,30,2,34,0,6,98,1,105,0,8,128,3,139,148,4,152,291
05/13/2021,SWO,OK,ASW,CE,Federal Contract Tower,0,1,24,3,28,0,3,145,11,159,0,4,169,14,187,156,28,184,371
05/14/2021,SWO,OK,ASW,CE,Federal Contract Tower,0,6,24,12,42,0,1,115,2,118,0,7,139,14,160,140,52,192,352
05/15/2021,SWO,OK,ASW,CE,Federal Contract Tower,0,6,9,6,21,0,1,19,5,25,0,7,28,11,46,64,26,90,136
05/16/2021,SWO,OK,ASW,CE,Federal Contract Tower,0,4,0,0,4,0,0,2,0,2,0,4,2,0,6,6,0,6,12
05/17/2021,SWO,OK,ASW,CE,Federal Contract Tower,0,1,20,16,37,0,0,18,0,18,0,1,38,16,55,18,0,18,73
05/18/2021,SWO,OK,ASW,CE,Federal Contract Tower,0,4,6,10,20,0,3,6,1,10,0,7,12,11,30,28,0,28,58
05/19/2021,SWO,OK,ASW,CE,Federal Contract Tower,0,4,24,17,45,0,0,35,3,38,0,4,59,20,83,86,10,96,179
05/20/2021,SWO,OK,ASW,CE,Federal Contract Tower,3,8,22,9,42,0,1,25,3,29,3,9,47,12,71,46,2,48,119
05/21/2021,SWO,OK,ASW,CE,Federal Contract Tower,0,1,28,6,35,0,3,26,0,29,0,4,54,6,64,66,0,66,130
05/22/2021,SWO,OK,ASW,CE,Federal Contract Tower,0,1,8,0,9,0,0,1,0,1,0,1,9,0,10,12,0,12,22
05/23/2021,SWO,OK,ASW,CE,Federal Contract Tower,0,2,14,2,18,0,0,9,0,9,0,2,23,2,27,28,0,28,55
05/24/2021,SWO,OK,ASW,CE,Federal Contract Tower,0,1,15,4,20,0,1,28,0,29,0,2,43,4,49,30,0,30,79
05/25/2021,SWO,OK,ASW,CE,Federal Contract Tower,0,1,22,13,36,0,2,41,0,43,0,3,63,13,79,48,8,56,135
05/26/2021,SWO,OK,ASW,CE,Federal Contract Tower,0,7,32,2,41,0,0,33,0,33,0,7,65,2,74,116,0,116,190
05/27/2021,SWO,OK,ASW,CE,Federal Contract Tower,0,2,5,0,7,0,0,1,0,1,0,2,6,0,8,12,0,12,20
05/28/2021,SWO,OK,ASW,CE,Federal Contract Tower,0,1,22,0,23,0,0,139,2,141,0,1,161,2,164,194,0,194,358
05/29/2021,SWO,OK,ASW,CE,Federal Contract Tower,0,1,15,0,16,0,3,73,2,78,0,4,88,2,94,122,0,122,216
05/30/2021,SWO,OK,ASW,CE,Federal Contract Tower,0,1,7,0,8,0,5,11,0,16,0,6,18,0,24,18,0,18,42
05/31/2021,SWO,OK,ASW,CE,Federal Contract Tower,0,5,0,0,5,0,0,0,0,0,0,5,0,0,5,0,0,0,5
06/01/2021,SWO,OK,ASW,CE,Federal Contract Tower,0,2,23,6,31,0,1,29,0,30,0,3,52,6,61,44,8,52,113
06/02/2021,SWO,OK,ASW,CE,Federal Contract Tower,0,3,26,0,29,0,4,119,0,123,0,7,145,0,152,194,0,194,346
06/03/2021,SWO,OK,ASW,CE,Federal Contract Tower,0,4,23,5,32,0,9,120,10,139,0,13,143,15,171,140,24,164,335
06/04/2021,SWO,OK,ASW,CE,Federal Contract Tower,0,5,17,10,32,0,0,113,4,117,0,5,130,14,149,80,16,96,245
06/05/2021,SWO,OK,ASW,CE,Federal Contract Tower,0,9,15,0,24,0,4,59,1,64,0,13,74,1,88,108,6,114,202
06/06/2021,SWO,OK,ASW,CE,Federal Contract Tower,0,6,9,1,16,0,4,17,1,22,0,10,26,2,38,24,0,24,62
06/07/2021,SWO,OK,ASW,CE,Federal Contract Tower,0,1,16,13,30,0,7,84,4,95,0,8,100,17,125,146,4,150,275
06/08/2021,SWO,OK,ASW,CE,Federal Contract Tower,0,2,26,26,54,0,2,116,0,118,0,4,142,26,172,128,0,128,300
06/09/2021,SWO,OK,ASW,CE,Federal Contract Tower,0,7,25,0,32,0,0,83,0,83,0,7,108,0,115,144,0,144,259
06/10/2021,SWO,OK,ASW,CE,Federal Contract Tower,0,4,27,4,35,0,1,163,7,171,0,5,190,11,206,240,14,254,460
06/11/2021,SWO,OK,ASW,CE,Federal Contract Tower,0,8,16,2,26,0,3,149,1,153,0,11,165,3,179,222,6,228,407
06/12/2021,SWO,OK,ASW,CE,Federal Contract Tower,0,2,18,0,20,0,0,125,0,125,0,2,143,0,145,164,0,164,309
06/13/2021,SWO,OK,ASW,CE,Federal Contract Tower,0,3,11,2,16,0,7,28,0,35,0,10,39,2,51,50,0,50,101
06/14/2021,SWO,OK,ASW,CE,Federal Contract Tower,0,3,19,11,33,0,3,147,5,155,0,6,166,16,188,210,48,258,446
06/15/2021,SWO,OK,ASW,CE,Federal Contract Tower,0,5,25,6,36,0,1,144,9,154,0,6,169,15,190,182,8,190,380
06/16/2021,SWO,OK,ASW,CE,Federal Contract Tower,0,7,18,10,35,0,1,147,3,151,0,8,165,13,186,289,20,309,495
06/17/2021,SWO,OK,ASW,CE,Federal Contract Tower,0,4,25,10,39,0,6,193,7,206,0,10,218,17,245,256,28,284,529
06/18/2021,SWO,OK,ASW,CE,Federal Contract Tower,0,2,21,1,24,0,0,121,0,121,0,2,142,1,145,178,0,178,323
06/19/2021,SWO,OK,ASW,CE,Federal Contract Tower,0,2,12,0,14,0,1,97,0,98,0,3,109,0,112,228,0,228,340
06/20/2021,SWO,OK,ASW,CE,Federal Contract Tower,0,2,10,0,12,0,3,35,0,38,0,5,45,0,50,28,0,28,78
06/21/2021,SWO,OK,ASW,CE,Federal Contract Tower,0,2,7,3,12,0,3,6,3,12,0,5,13,6,24,0,0,0,24
06/22/2021,SWO,OK,ASW,CE,Federal Contract Tower,0,2,21,6,29,0,0,169,5,174,0,2,190,11,203,228,4,232,435
06/23/2021,SWO,OK,ASW,CE,Federal Contract Tower,0,3,33,13,49,0,8,119,4,131,0,11,152,17,180,208,26,234,414
06/24/2021,SWO,OK,ASW,CE,Federal Contract Tower,0,3,15,4,22,0,0,74,5,79,0,3,89,9,101,84,12,96,197
06/25/2021,SWO,OK,ASW,CE,Federal Contract Tower,0,6,18,1,25,0,3,108,0,111,0,9,126,1,136,136,0,136,272
06/26/2021,SWO,OK,ASW,CE,Federal Contract Tower,0,6,5,0,11,0,2,23,0,25,0,8,28,0,36,40,0,40,76
06/27/2021,SWO,OK,ASW,CE,Federal Contract Tower,0,4,8,0,12,0,4,9,0,13,0,8,17,0,25,42,0,42,67
06/28/2021,SWO,OK,ASW,CE,Federal Contract Tower,0,3,7,2,12,0,1,13,0,14,0,4,20,2,26,36,0,36,62
06/29/2021,SWO,OK,ASW,CE,Federal Contract Tower,0,2,9,0,11,0,2,13,0,15,0,4,22,0,26,12,0,12,38
06/30/2021,SWO,OK,ASW,CE,Federal Contract Tower,0,2,8,17,27,0,2,71,2,75,0,4,79,19,102,200,12,212,314
07/01/2021,SWO,OK,ASW,CE,Federal Contract Tower,0,2,3,0,5,0,0,12,2,14,0,2,15,2,19,40,0,40,59
07/02/2021,SWO,OK,ASW,CE,Federal Contract Tower,0,3,37,0,40,0,1,99,0,100,0,4,136,0,140,130,0,130,270
07/03/2021,SWO,OK,ASW,CE,Federal Contract Tower,0,2,4,0,6,0,0,83,2,85,0,2,87,2,91,204,8,212,303
07/04/2021,SWO,OK,ASW,CE,Federal Contract Tower,0,3,0,0,3,0,1,11,0,12,0,4,11,0,15,28,0,28,43
07/05/2021,SWO,OK,ASW,CE,Federal Contract Tower,0,3,3,0,6,0,0,23,0,23,0,3,26,0,29,0,0,0,29
07/06/2021,SWO,OK,ASW,CE,Federal Contract Tower,0,2,32,11,45,0,2,157,4,163,0,4,189,15,208,184,34,218,426
07/08/2021,SWO,OK,ASW,CE,Federal Contract Tower,0,2,37,12,51,0,3,147,2,152,0,5,184,14,203,212,0,212,415
07/09/2021,SWO,OK,ASW,CE,Federal Contract Tower,0,2,17,15,34,0,5,123,5,133,0,7,140,20,167,108,22,130,297
07/10/2021,SWO,OK,ASW,CE,Federal Contract Tower,0,2,9,2,13,0,1,47,0,48,0,3,56,2,61,108,0,108,169
07/11/2021,SWO,OK,ASW,CE,Federal Contract Tower,0,4,14,0,18,0,2,41,0,43,0,6,55,0,61,50,0,50,111
07/12/2021,SWO,OK,ASW,CE,Federal Contract Tower,0,2,24,4,30,0,0,113,4,117,0,2,137,8,147,212,2,214,361
07/13/2021,SWO,OK,ASW,CE,Federal Contract Tower,0,2,19,5,26,0,5,135,3,143,0,7,154,8,169,170,16,186,355
07/14/2021,SWO,OK,ASW,CE,Federal Contract Tower,0,2,28,5,35,0,0,144,6,150,0,2,172,11,185,188,32,220,405
07/15/2021,SWO,OK,ASW,CE,Federal Contract Tower,0,4,26,6,36,0,5,114,0,119,0,9,140,6,155,196,2,198,353
07/16/2021,SWO,OK,ASW,CE,Federal Contract Tower,0,4,13,6,23,0,4,110,0,114,0,8,123,6,137,177,0,177,314
07/17/2021,SWO,OK,ASW,CE,Federal Contract Tower,0,2,4,0,6,0,2,59,0,61,0,4,63,0,67,112,0,112,179
07/18/2021,SWO,OK,ASW,CE,Federal Contract Tower,0,2,8,0,10,0,0,15,0,15,0,2,23,0,25,24,0,24,49
07/19/2021,SWO,OK,ASW,CE,Federal Contract Tower,0,0,23,12,35,0,1,99,5,105,0,1,122,17,140,150,0,150,290
07/20/2021,SWO,OK,ASW,CE,Federal Contract Tower,0,5,12,12,29,0,4,108,11,123,0,9,120,23,152,128,28,156,308
07/21/2021,SWO,OK,ASW,CE,Federal Contract Tower,0,3,21,11,35,0,1,128,5,134,0,4,149,16,169,198,52,250,419
07/22/2021,SWO,OK,ASW,CE,Federal Contract Tower,0,4,20,6,30,0,3,140,7,150,0,7,160,13,180,232,44,276,456
07/23/2021,SWO,OK,ASW,CE,Federal Contract Tower,0,3,20,0,23,0,1,128,1,130,0,4,148,1,153,144,2,146,299
07/24/2021,SWO,OK,ASW,CE,Federal Contract Tower,0,0,10,0,10,0,1,69,0,70,0,1,79,0,80,104,0,104,184
07/25/2021,SWO,OK,ASW,CE,Federal Contract Tower,0,2,5,2,9,0,3,20,0,23,0,5,25,2,32,50,0,50,82
07/26/2021,SWO,OK,ASW,CE,Federal Contract Tower,0,2,10,8,20,0,0,66,6,72,0,2,76,14,92,48,60,108,200
07/27/2021,SWO,OK,ASW,CE,Federal Contract Tower,0,3,23,3,29,0,1,111,8,120,0,4,134,11,149,132,26,158,307
07/28/2021,SWO,OK,ASW,CE,Federal Contract Tower,0,2,19,8,29,0,5,89,9,103,0,7,108,17,132,117,38,155,287
07/29/2021,SWO,OK,ASW,CE,Federal Contract Tower,0,2,24,12,38,0,6,132,7,145,0,8,156,19,183,156,10,166,349
07/30/2021,SWO,OK,ASW,CE,Federal Contract Tower,0,4,18,6,28,0,4,84,10,98,0,8,102,16,126,100,6,106,232
07/31/2021,SWO,OK,ASW,CE,Federal Contract Tower,0,2,13,4,19,0,0,37,0,37,0,2,50,4,56,60,0,60,116
08/01/2021,SWO,OK,ASW,CE,Federal Contract Tower,0,3,13,5,21,0,0,28,0,28,0,3,41,5,49,13,0,13,62
08/02/2021,SWO,OK,ASW,CE,Federal Contract Tower,0,2,25,6,33,0,0,94,0,94,0,2,119,6,127,150,0,150,277
08/03/2021,SWO,OK,ASW,CE,Federal Contract Tower,0,6,28,9,43,0,2,114,7,123,0,8,142,16,166,110,34,144,310
08/04/2021,SWO,OK,ASW,CE,Federal Contract Tower,0,4,11,11,26,0,0,79,9,88,0,4,90,20,114,152,10,162,276
08/05/2021,SWO,OK,ASW,CE,Federal Contract Tower,0,2,19,6,27,0,1,95,4,100,0,3,114,10,127,144,6,150,277
08/06/2021,SWO,OK,ASW,CE,Federal Contract Tower,0,2,26,5,33,0,2,103,7,112,0,4,129,12,145,106,6,112,257
08/07/2021,SWO,OK,ASW,CE,Federal Contract Tower,0,3,12,0,15,0,2,46,4,52,0,5,58,4,67,54,22,76,143
08/08/2021,SWO,OK,ASW,CE,Federal Contract Tower,0,4,14,2,20,0,5,28,0,33,0,9,42,2,53,62,0,62,115
08/09/2021,SWO,OK,ASW,CE,Federal Contract Tower,0,2,17,4,23,0,1,85,2,88,0,3,102,6,111,126,8,134,245
08/10/2021,SWO,OK,ASW,CE,Federal Contract Tower,0,2,26,11,39,0,5,88,2,95,0,7,114,13,134,84,10,94,228
08/11/2021,SWO,OK,ASW,CE,Federal Contract Tower,0,2,14,13,29,0,3,84,7,94,0,5,98,20,123,96,16,112,235
08/12/2021,SWO,OK,ASW,CE,Federal Contract Tower,0,3,30,8,41,0,0,66,2,68,0,3,96,10,109,67,8,75,184
08/13/2021,SWO,OK,ASW,CE,Federal Contract Tower,4,11,3,0,18,0,3,41,6,50,4,14,44,6,68,52,16,68,136
08/14/2021,SWO,OK,ASW,CE,Federal Contract Tower,0,3,14,0,17,0,3,34,0,37,0,6,48,0,54,38,0,38,92
08/15/2021,SWO,OK,ASW,CE,Federal Contract Tower,0,2,3,2,7,0,2,27,0,29,0,4,30,2,36,14,0,14,50
08/16/2021,SWO,OK,ASW,CE,Federal Contract Tower,0,4,15,12,31,0,0,66,6,72,0,4,81,18,103,80,22,102,205
08/17/2021,SWO,OK,ASW,CE,Federal Contract Tower,0,0,21,8,29,0,8,46,6,60,0,8,67,14,89,100,20,120,209
08/18/2021,SWO,OK,ASW,CE,Federal Contract Tower,0,5,30,14,49,0,4,105,1,110,0,9,135,15,159,144,24,168,327
08/19/2021,SWO,OK,ASW,CE,Federal Contract Tower,0,2,29,0,31,0,3,40,0,43,0,5,69,0,74,90,0,90,164
08/20/2021,SWO,OK,ASW,CE,Federal Contract Tower,0,2,25,5,32,0,2,154,1,157,0,4,179,6,189,130,0,130,319
08/21/2021,SWO,OK,ASW,CE,Federal Contract Tower,0,6,17,0,23,0,1,74,0,75,0,7,91,0,98,116,0,116,214
08/22/2021,SWO,OK,ASW,CE,Federal Contract Tower,0,2,11,2,15,0,1,67,3,71,0,3,78,5,86,62,6,68,154
08/23/2021,SWO,OK,ASW,CE,Federal Contract Tower,0,2,24,5,31,0,3,135,5,143,0,5,159,10,174,152,16,168,342
08/24/2021,SWO,OK,ASW,CE,Federal Contract Tower,0,2,26,4,32,0,2,126,6,134,0,4,152,10,166,102,32,134,300
08/25/2021,SWO,OK,ASW,CE,Federal Contract Tower,0,2,20,10,32,0,2,106,1,109,0,4,126,11,141,112,2,114,255
08/26/2021,SWO,OK,ASW,CE,Federal Contract Tower,0,2,17,6,25,0,0,154,6,160,0,2,171,12,185,212,6,218,403
08/27/2021,SWO,OK,ASW,CE,Federal Contract Tower,0,3,24,6,33,0,9,116,5,130,0,12,140,11,163,80,4,84,247
08/28/2021,SWO,OK,ASW,CE,Federal Contract Tower,0,2,17,8,27,0,0,109,0,109,0,2,126,8,136,168,0,168,304
08/29/2021,SWO,OK,ASW,CE,Federal Contract Tower,0,3,7,0,10,0,0,56,0,56,0,3,63,0,66,46,0,46,112
08/30/2021,SWO,OK,ASW,CE,Federal Contract Tower,0,3,17,1,21,0,0,104,1,105,0,3,121,2,126,110,6,116,242
08/31/2021,SWO,OK,ASW,CE,Federal Contract Tower,0,2,16,0,18,0,0,147,6,153,0,2,163,6,171,120,0,120,291
09/01/2021,SWO,OK,ASW,CE,Federal Contract Tower,0,2,21,2,25,0,6,130,10,146,0,8,151,12,171,168,36,204,375
09/02/2021,SWO,OK,ASW,CE,Federal Contract Tower,0,1,22,9,32,0,9,159,2,170,0,10,181,11,202,230,10,240,442
09/03/2021,SWO,OK,ASW,CE,Federal Contract Tower,0,7,28,0,35,0,3,108,0,111,0,10,136,0,146,174,0,174,320
09/04/2021,SWO,OK,ASW,CE,Federal Contract Tower,0,8,9,0,17,0,0,20,0,20,0,8,29,0,37,12,0,12,49
09/05/2021,SWO,OK,ASW,CE,Federal Contract Tower,0,4,13,0,17,0,0,22,0,22,0,4,35,0,39,24,0,24,63
09/06/2021,SWO,OK,ASW,CE,Federal Contract Tower,0,2,5,0,7,0,0,46,0,46,0,2,51,0,53,54,0,54,107
09/07/2021,SWO,OK,ASW,CE,Federal Contract Tower,0,2,27,13,42,0,3,139,5,147,0,5,166,18,189,202,0,202,391
09/08/2021,SWO,OK,ASW,CE,Federal Contract Tower,0,6,28,5,39,0,7,129,6,142,0,13,157,11,181,176,18,194,375
09/09/2021,SWO,OK,ASW,CE,Federal Contract Tower,0,6,31,10,47,0,4,150,5,159,0,10,181,15,206,214,26,240,446
09/10/2021,SWO,OK,ASW,CE,Federal Contract Tower,0,12,43,0,55,0,1,135,0,136,0,13,178,0,191,140,0,140,331
09/11/2021,SWO,OK,ASW,CE,Federal Contract Tower,0,7,28,0,35,0,1,80,0,81,0,8,108,0,116,48,0,48,164
09/12/2021,SWO,OK,ASW,CE,Federal Contract Tower,0,6,14,0,20,0,1,53,0,54,0,7,67,0,74,48,0,48,122
09/13/2021,SWO,OK,ASW,CE,Federal Contract Tower,0,6,24,11,41,0,5,132,2,139,0,11,156,13,180,138,20,158,338
09/14/2021,SWO,OK,ASW,CE,Federal Contract Tower,0,5,26,11,42,0,10,143,8,161,0,15,169,19,203,236,16,252,455
09/15/2021,SWO,OK,ASW,CE,Federal Contract Tower,0,5,25,6,36,0,0,146,4,150,0,5,171,10,186,220,0,220,406
09/16/2021,SWO,OK,ASW,CE,Federal Contract Tower,0,2,29,2,33,0,2,165,5,172,0,4,194,7,205,162,0,162,367
09/17/2021,SWO,OK,ASW,CE,Federal Contract Tower,0,2,23,1,26,0,2,141,1,144,0,4,164,2,170,208,0,208,378
09/18/2021,SWO,OK,ASW,CE,Federal Contract Tower,0,5,18,0,23,0,2,124,0,126,0,7,142,0,149,176,0,176,325
09/19/2021,SWO,OK,ASW,CE,Federal Contract Tower,0,8,7,0,15,0,3,60,3,66,0,11,67,3,81,86,0,86,167
09/20/2021,SWO,OK,ASW,CE,Federal Contract Tower,0,4,22,14,40,0,0,122,6,128,0,4,144,20,168,118,6,124,292
09/21/2021,SWO,OK,ASW,CE,Federal Contract Tower,0,6,34,0,40,0,6,135,1,142,0,12,169,1,182,196,4,200,382
09/22/2021,SWO,OK,ASW,CE,Federal Contract Tower,0,2,17,10,29,0,5,124,5,134,0,7,141,15,163,234,6,240,403
09/23/2021,SWO,OK,ASW,CE,Federal Contract Tower,0,7,21,5,33,0,0,148,0,148,0,7,169,5,181,256,0,256,437
09/24/2021,SWO,OK,ASW,CE,Federal Contract Tower,0,4,40,0,44,0,3,128,2,133,0,7,168,2,177,162,0,162,339
09/25/2021,SWO,OK,ASW,CE,Federal Contract Tower,0,13,13,0,26,0,0,36,0,36,0,13,49,0,62,22,0,22,84
09/26/2021,SWO,OK,ASW,CE,Federal Contract Tower,0,3,13,0,16,0,1,37,0,38,0,4,50,0,54,2,0,2,56
09/27/2021,SWO,OK,ASW,CE,Federal Contract Tower,0,4,20,10,34,0,6,116,0,122,0,10,136,10,156,216,4,220,376
09/28/2021,SWO,OK,ASW,CE,Federal Contract Tower,0,3,19,5,27,0,3,121,0,124,0,6,140,5,151,188,22,210,361
09/29/2021,SWO,OK,ASW,CE,Federal Contract Tower,0,3,38,4,45,0,5,94,1,100,0,8,132,5,145,148,0,148,293
09/30/2021,SWO,OK,ASW,CE,Federal Contract Tower,0,5,26,2,33,0,0,20,0,20,0,5,46,2,53,6,0,6,59
10/01/2021,SWO,OK,ASW,CE,Federal Contract Tower,0,4,40,2,46,0,4,89,0,93,0,8,129,2,139,108,0,108,247
10/02/2021,SWO,OK,ASW,CE,Federal Contract Tower,1,7,31,0,39,0,0,22,0,22,1,7,53,0,61,8,0,8,69
10/03/2021,SWO,OK,ASW,CE,Federal Contract Tower,0,5,24,0,29,0,3,83,0,86,0,8,107,0,115,94,0,94,209
10/04/2021,SWO,OK,ASW,CE,Federal Contract Tower,0,5,36,5,46,0,2,150,1,153,0,7,186,6,199,210,6,216,415
10/05/2021,SWO,OK,ASW,CE,Federal Contract Tower,0,3,17,5,25,0,0,175,0,175,0,3,192,5,200,336,8,344,544
10/06/2021,SWO,OK,ASW,CE,Federal Contract Tower,0,2,29,5,36,0,6,130,2,138,0,8,159,7,174,164,0,164,338
10/07/2021,SWO,OK,ASW,CE,Federal Contract Tower,0,4,34,1,39,0,2,138,3,143,0,6,172,4,182,238,6,244,426
10/08/2021,SWO,OK,ASW,CE,Federal Contract Tower,0,3,10,1,14,0,6,68,3,77,0,9,78,4,91,164,6,170,261
10/09/2021,SWO,OK,ASW,CE,Federal Contract Tower,0,8,11,0,19,0,4,40,0,44,0,12,51,0,63,6,0,6,69
10/10/2021,SWO,OK,ASW,CE,Federal Contract Tower,0,5,14,0,19,0,1,26,0,27,0,6,40,0,46,62,0,62,108
10/11/2021,SWO,OK,ASW,CE,Federal Contract Tower,0,7,24,0,31,0,1,108,0,109,0,8,132,0,140,132,0,132,272
10/12/2021,SWO,OK,ASW,CE,Federal Contract Tower,0,7,7,2,16,0,3,65,1,69,0,10,72,3,85,94,2,96,181
10/13/2021,SWO,OK,ASW,CE,Federal Contract Tower,0,7,27,5,39,0,0,114,3,117,0,7,141,8,156,182,20,202,358
10/14/2021,SWO,OK,ASW,CE,Federal Contract Tower,0,4,36,2,42,0,1,25,0,26,0,5,61,2,68,68,0,68,136
10/15/2021,SWO,OK,ASW,CE,Federal Contract Tower,1,6,15,8,30,0,5,108,0,113,1,11,123,8,143,160,0,160,303
10/16/2021,SWO,OK,ASW,CE,Federal Contract Tower,1,6,7,1,15,0,5,84,1,90,1,11,91,2,105,166,0,166,271
10/17/2021,SWO,OK,ASW,CE,Federal Contract Tower,0,2,0,5,7,0,3,38,3,44,0,5,38,8,51,54,16,70,121
10/18/2021,SWO,OK,ASW,CE,Federal Contract Tower,0,3,30,13,46,0,1,125,2,128,0,4,155,15,174,188,8,196,370
10/19/2021,SWO,OK,ASW,CE,Federal Contract Tower,0,13,27,2,42,0,1,147,0,148,0,14,174,2,190,152,0,152,342
10/20/2021,SWO,OK,ASW,CE,Federal Contract Tower,0,6,28,13,47,0,5,138,3,146,0,11,166,16,193,190,18,208,401
10/21/2021,SWO,OK,ASW,CE,Federal Contract Tower,0,4,30,11,45,0,1,174,3,178,0,5,204,14,223,248,10,258,481
10/22/2021,SWO,OK,ASW,CE,Federal Contract Tower,2,7,13,10,32,0,2,114,4,120,2,9,127,14,152,196,16,212,364
10/23/2021,SWO,OK,ASW,CE,Federal Contract Tower,1,11,11,4,27,0,0,47,0,47,1,11,58,4,74,96,0,96,170
10/24/2021,SWO,OK,ASW,CE,Federal Contract Tower,0,2,6,24,32,0,1,24,6,31,0,3,30,30,63,30,20,50,113
10/25/2021,SWO,OK,ASW,CE,Federal Contract Tower,0,3,26,13,42,0,3,126,10,139,0,6,152,23,181,96,56,152,333
10/26/2021,SWO,OK,ASW,CE,Federal Contract Tower,0,5,23,2,30,0,0,39,1,40,0,5,62,3,70,52,14,66,136
10/27/2021,SWO,OK,ASW,CE,Federal Contract Tower,0,8,26,0,34,0,1,8,0,9,0,9,34,0,43,16,0,16,59
10/28/2021,SWO,OK,ASW,CE,Federal Contract Tower,0,3,6,0,9,0,1,14,1,16,0,4,20,1,25,2,4,6,31
10/29/2021,SWO,OK,ASW,CE,Federal Contract Tower,0,8,21,5,34,0,1,70,6,77,0,9,91,11,111,30,46,76,187
10/30/2021,SWO,OK,ASW,CE,Federal Contract Tower,0,5,25,2,32,0,2,54,3,59,0,7,79,5,91,60,0,60,151
10/31/2021,SWO,OK,ASW,CE,Federal Contract Tower,0,5,28,0,33,0,3,57,0,60,0,8,85,0,93,54,0,54,147
11/01/2021,SWO,OK,ASW,CE,Federal Contract Tower,0,7,35,14,56,0,0,91,7,98,0,7,126,21,154,148,34,182,336
11/02/2021,SWO,OK,ASW,CE,Federal Contract Tower,0,5,16,4,25,0,0,68,1,69,0,5,84,5,94,188,4,192,286
11/03/2021,SWO,OK,ASW,CE,Federal Contract Tower,0,3,5,2,10,0,0,7,0,7,0,3,12,2,17,20,0,20,37
11/04/2021,SWO,OK,ASW,CE,Federal Contract Tower,0,4,46,8,58,0,4,105,1,110,0,8,151,9,168,118,2,120,288
11/05/2021,SWO,OK,ASW,CE,Federal Contract Tower,1,7,37,3,48,0,0,155,6,161,1,7,192,9,209,156,10,166,375
11/06/2021,SWO,OK,ASW,CE,Federal Contract Tower,0,4,32,6,42,0,3,124,1,128,0,7,156,7,170,130,2,132,302
11/07/2021,SWO,OK,ASW,CE,Federal Contract Tower,0,3,14,0,17,0,7,82,0,89,0,10,96,0,106,38,0,38,144
11/08/2021,SWO,OK,ASW,CE,Federal Contract Tower,0,6,27,2,35,0,3,148,6,157,0,9,175,8,192,140,8,148,340
11/09/2021,SWO,OK,ASW,CE,Federal Contract Tower,0,4,25,8,37,0,4,139,6,149,0,8,164,14,186,152,18,170,356
11/10/2021,SWO,OK,ASW,CE,Federal Contract Tower,0,5,9,20,34,0,3,15,1,19,0,8,24,21,53,32,4,36,89
11/11/2021,SWO,OK,ASW,CE,Federal Contract Tower,0,3,37,0,40,0,4,201,0,205,0,7,238,0,245,184,0,184,429
11/12/2021,SWO,OK,ASW,CE,Federal Contract Tower,0,6,21,1,28,0,3,92,2,97,0,9,113,3,125,64,8,72,197
11/13/2021,SWO,OK,ASW,CE,Federal Contract Tower,1,10,31,2,44,0,2,136,3,141,1,12,167,5,185,66,0,66,251
11/14/2021,SWO,OK,ASW,CE,Federal Contract Tower,0,7,23,2,32,0,0,92,2,94,0,7,115,4,126,92,6,98,224
11/15/2021,SWO,OK,ASW,CE,Federal Contract Tower,0,5,16,2,23,0,4,149,6,159,0,9,165,8,182,144,6,150,332
11/16/2021,SWO,OK,ASW,CE,Federal Contract Tower,0,2,26,11,39,0,3,130,7,140,0,5,156,18,179,206,12,218,397
11/17/2021,SWO,OK,ASW,CE,Federal Contract Tower,0,2,32,5,39,0,6,92,2,100,0,8,124,7,139,88,38,126,265
11/18/2021,SWO,OK,ASW,CE,Federal Contract Tower,0,5,33,0,38,0,1,157,4,162,0,6,190,4,200,186,6,192,392
11/19/2021,SWO,OK,ASW,CE,Federal Contract Tower,0,7,17,3,27,0,1,120,1,122,0,8,137,4,149,200,0,200,349
11/20/2021,SWO,OK,ASW,CE,Federal Contract Tower,0,2,11,1,14,0,0,72,3,75,0,2,83,4,89,156,4,160,249
11/21/2021,SWO,OK,ASW,CE,Federal Contract Tower,0,5,7,1,13,0,1,45,9,55,0,6,52,10,68,48,20,68,136
11/22/2021,SWO,OK,ASW,CE,Federal Contract Tower,0,3,10,2,15,0,3,53,1,57,0,6,63,3,72,64,0,64,136
11/23/2021,SWO,OK,ASW,CE,Federal Contract Tower,0,2,7,2,11,0,2,42,1,45,0,4,49,3,56,42,2,44,100
11/24/2021,SWO,OK,ASW,CE,Federal Contract Tower,0,3,7,0,10,0,3,7,0,10,0,6,14,0,20,2,0,2,22
11/26/2021,SWO,OK,ASW,CE,Federal Contract Tower,0,4,2,0,6,0,3,32,0,35,0,7,34,0,41,14,0,14,55
11/27/2021,SWO,OK,ASW,CE,Federal Contract Tower,0,12,28,0,40,0,4,25,0,29,0,16,53,0,69,6,0,6,75
11/28/2021,SWO,OK,ASW,CE,Federal Contract Tower,0,9,15,0,24,0,1,38,0,39,0,10,53,0,63,16,0,16,79
11/29/2021,SWO,OK,ASW,CE,Federal Contract Tower,0,12,36,15,63,0,0,134,5,139,0,12,170,20,202,192,2,194,396
11/30/2021,SWO,OK,ASW,CE,Federal Contract Tower,0,4,18,5,27,0,1,125,4,130,0,5,143,9,157,225,10,235,392
12/01/2021,SWO,OK,ASW,CE,Federal Contract Tower,0,3,22,0,25,0,2,141,0,143,0,5,163,0,168,208,0,208,376
12/02/2021,SWO,OK,ASW,CE,Federal Contract Tower,0,2,23,2,27,0,4,128,3,135,0,6,151,5,162,228,2,230,392
12/03/2021,SWO,OK,ASW,CE,Federal Contract Tower,1,6,17,1,25,0,1,103,2,106,1,7,120,3,131,106,0,106,237
12/04/2021,SWO,OK,ASW,CE,Federal Contract Tower,6,4,18,0,28,0,4,5,0,9,6,8,23,0,37,24,0,24,61
12/05/2021,SWO,OK,ASW,CE,Federal Contract Tower,0,6,19,11,36,0,3,54,1,58,0,9,73,12,94,86,0,86,180
12/06/2021,SWO,OK,ASW,CE,Federal Contract Tower,0,3,19,4,26,0,5,100,7,112,0,8,119,11,138,102,12,114,252
12/07/2021,SWO,OK,ASW,CE,Federal Contract Tower,0,3,25,1,29,0,1,141,7,149,0,4,166,8,178,218,10,228,406
12/08/2021,SWO,OK,ASW,CE,Federal Contract Tower,0,12,25,6,43,0,2,114,3,119,0,14,139,9,162,192,6,198,360
12/09/2021,SWO,OK,ASW,CE,Federal Contract Tower,0,5,23,2,30,0,0,93,2,95,0,5,116,4,125,140,4,144,269
12/10/2021,SWO,OK,ASW,CE,Federal Contract Tower,0,2,8,0,10,0,0,41,0,41,0,2,49,0,51,44,0,44,95
12/11/2021,SWO,OK,ASW,CE,Federal Contract Tower,0,2,29,0,31,0,0,91,0,91,0,2,120,0,122,116,0,116,238
12/12/2021,SWO,OK,ASW,CE,Federal Contract Tower,0,5,16,4,25,0,3,50,0,53,0,8,66,4,78,38,0,38,116
12/13/2021,SWO,OK,ASW,CE,Federal Contract Tower,0,4,22,8,34,0,3,108,3,114,0,7,130,11,148,212,6,218,366
12/14/2021,SWO,OK,ASW,CE,Federal Contract Tower,0,4,26,0,30,0,0,83,0,83,0,4,109,0,113,98,0,98,211
12/15/2021,SWO,OK,ASW,CE,Federal Contract Tower,0,6,7,1,14,0,5,10,0,15,0,11,17,1,29,0,0,0,29
12/16/2021,SWO,OK,ASW,CE,Federal Contract Tower,0,3,30,9,42,0,1,104,5,110,0,4,134,14,152,171,2,173,325
12/17/2021,SWO,OK,ASW,CE,Federal Contract Tower,0,4,18,0,22,0,1,16,0,17,0,5,34,0,39,84,0,84,123
12/18/2021,SWO,OK,ASW,CE,Federal Contract Tower,0,2,12,0,14,0,1,54,0,55,0,3,66,0,69,64,0,64,133
12/19/2021,SWO,OK,ASW,CE,Federal Contract Tower,0,4,4,0,8,0,1,45,0,46,0,5,49,0,54,68,0,68,122
12/20/2021,SWO,OK,ASW,CE,Federal Contract Tower,0,2,17,2,21,0,1,70,1,72,0,3,87,3,93,70,2,72,165
12/21/2021,SWO,OK,ASW,CE,Federal Contract Tower,0,3,19,8,30,0,5,61,0,66,0,8,80,8,96,60,0,60,156
12/22/2021,SWO,OK,ASW,CE,Federal Contract Tower,0,3,9,0,12,5,47,2,0,54,5,50,11,0,66,38,0,38,104
12/23/2021,SWO,OK,ASW,CE,Federal Contract Tower,0,2,2,0,4,0,4,10,0,14,0,6,12,0,18,54,0,54,72
12/24/2021,SWO,OK,ASW,CE,Federal Contract Tower,0,3,4,0,7,0,3,12,0,15,0,6,16,0,22,18,0,18,40
12/25/2021,SWO,OK,ASW,CE,Federal Contract Tower,0,3,0,0,3,0,1,5,0,6,0,4,5,0,9,0,0,0,9
12/26/2021,SWO,OK,ASW,CE,Federal Contract Tower,2,2,4,0,8,0,0,23,0,23,2,2,27,0,31,10,0,10,41
12/27/2021,SWO,OK,ASW,CE,Federal Contract Tower,0,3,5,0,8,0,0,11,0,11,0,3,16,0,19,24,0,24,43
12/28/2021,SWO,OK,ASW,CE,Federal Contract Tower,0,2,2,0,4,0,2,15,0,17,0,4,17,0,21,50,0,50,71
12/29/2021,SWO,OK,ASW,CE,Federal Contract Tower,0,2,7,0,9,0,3,12,0,15,0,5,19,0,24,16,0,16,40
12/30/2021,SWO,OK,ASW,CE,Federal Contract Tower,0,4,3,0,7,0,0,10,0,10,0,4,13,0,17,22,0,22,39
12/31/2021,SWO,OK,ASW,CE,Federal Contract Tower,0,2,3,0,5,0,3,7,0,10,0,5,10,0,15,2,0,2,17
01/01/2022,SWO,OK,ASW,CE,Federal Contract Tower,0,5,0,0,5,0,0,0,0,0,0,5,0,0,5,0,0,0,5
01/02/2022,SWO,OK,ASW,CE,Federal Contract Tower,2,3,7,0,12,0,4,6,0,10,2,7,13,0,22,0,0,0,22
01/03/2022,SWO,OK,ASW,CE,Federal Contract Tower,0,2,2,0,4,0,3,38,0,41,0,5,40,0,45,44,0,44,89
01/04/2022,SWO,OK,ASW,CE,Federal Contract Tower,0,3,11,2,16,0,2,29,1,32,0,5,40,3,48,28,0,28,76
01/05/2022,SWO,OK,ASW,CE,Federal Contract Tower,0,4,9,1,14,0,0,53,1,54,0,4,62,2,68,104,8,112,180
01/06/2022,SWO,OK,ASW,CE,Federal Contract Tower,0,2,7,14,23,0,3,15,0,18,0,5,22,14,41,26,0,26,67
01/07/2022,SWO,OK,ASW,CE,Federal Contract Tower,0,5,10,8,23,0,0,38,0,38,0,5,48,8,61,84,0,84,145
01/08/2022,SWO,OK,ASW,CE,Federal Contract Tower,0,11,8,4,23,0,0,0,0,0,0,11,8,4,23,0,0,0,23
01/09/2022,SWO,OK,ASW,CE,Federal Contract Tower,0,4,6,1,11,0,1,42,1,44,0,5,48,2,55,62,10,72,127
01/10/2022,SWO,OK,ASW,CE,Federal Contract Tower,2,4,29,4,39,0,2,114,4,120,2,6,143,8,159,90,0,90,249
01/11/2022,SWO,OK,ASW,CE,Federal Contract Tower,0,4,31,2,37,0,0,106,2,108,0,4,137,4,145,112,2,114,259
01/12/2022,SWO,OK,ASW,CE,Federal Contract Tower,0,2,35,2,39,0,1,136,7,144,0,3,171,9,183,164,12,176,359
01/13/2022,SWO,OK,ASW,CE,Federal Contract Tower,0,2,25,8,35,0,2,122,4,128,0,4,147,12,163,130,6,136,299
01/14/2022,SWO,OK,ASW,CE,Federal Contract Tower,0,3,23,4,30,0,3,103,3,109,0,6,126,7,139,74,8,82,221
01/15/2022,SWO,OK,ASW,CE,Federal Contract Tower,2,3,3,0,8,0,0,0,2,2,2,3,3,2,10,0,0,0,10
01/16/2022,SWO,OK,ASW,CE,Federal Contract Tower,0,5,13,0,18,0,6,30,1,37,0,11,43,1,55,40,0,40,95
01/17/2022,SWO,OK,ASW,CE,Federal Contract Tower,0,2,23,0,25,0,2,107,0,109,0,4,130,0,134,166,0,166,300
01/18/2022,SWO,OK,ASW,CE,Federal Contract Tower,2,3,29,4,38,0,3,90,0,93,2,6,119,4,131,114,0,114,245
01/19/2022,SWO,OK,ASW,CE,Federal Contract Tower,0,3,13,6,22,0,2,29,0,31,0,5,42,6,53,10,0,10,63
01/20/2022,SWO,OK,ASW,CE,Federal Contract Tower,0,2,18,19,39,0,1,64,3,68,0,3,82,22,107,64,10,74,181
01/21/2022,SWO,OK,ASW,CE,Federal Contract Tower,1,4,34,2,41,0,5,103,1,109,1,9,137,3,150,194,6,200,350
01/22/2022,SWO,OK,ASW,CE,Federal Contract Tower,2,4,17,6,29,0,2,111,0,113,2,6,128,6,142,182,0,182,324
01/23/2022,SWO,OK,ASW,CE,Federal Contract Tower,0,2,9,7,18,0,0,68,2,70,0,2,77,9,88,114,0,114,202
01/24/2022,SWO,OK,ASW,CE,Federal Contract Tower,0,11,21,2,34,0,7,104,8,119,0,18,125,10,153,174,14,188,341
01/25/2022,SWO,OK,ASW,CE,Federal Contract Tower,0,4,22,1,27,0,0,110,0,110,0,4,132,1,137,182,0,182,319
01/26/2022,SWO,OK,ASW,CE,Federal Contract Tower,0,5,8,1,14,0,0,47,2,49,0,5,55,3,63,162,4,166,229
01/27/2022,SWO,OK,ASW,CE,Federal Contract Tower,0,2,22,0,24,0,2,112,0,114,0,4,134,0,138,226,0,226,364
01/28/2022,SWO,OK,ASW,CE,Federal Contract Tower,2,2,32,11,47,0,9,137,5,151,2,11,169,16,198,190,2,192,390
01/29/2022,SWO,OK,ASW,CE,Federal Contract Tower,0,5,22,2,29,0,7,96,0,103,0,12,118,2,132,142,0,142,274
01/30/2022,SWO,OK,ASW,CE,Federal Contract Tower,0,6,14,0,20,0,0,65,0,65,0,6,79,0,85,110,0,110,195
01/31/2022,SWO,OK,ASW,CE,Federal Contract Tower,0,3,29,0,32,0,6,128,2,136,0,9,157,2,168,236,0,236,404
02/01/2022,SWO,OK,ASW,CE,Federal Contract Tower,0,6,23,7,36,0,0,11,0,11,0,6,34,7,47,24,0,24,71
02/02/2022,SWO,OK,ASW,CE,Federal Contract Tower,0,2,0,0,2,0,0,0,0,0,0,2,0,0,2,0,0,0,2
02/03/2022,SWO,OK,ASW,CE,Federal Contract Tower,0,0,2,0,2,0,0,0,0,0,0,0,2,0,2,0,0,0,2
02/04/2022,SWO,OK,ASW,CE,Federal Contract Tower,1,3,7,0,11,0,6,9,0,15,1,9,16,0,26,4,0,4,30
02/05/2022,SWO,OK,ASW,CE,Federal Contract Tower,0,5,12,0,17,0,4,18,3,25,0,9,30,3,42,16,14,30,72
02/06/2022,SWO,OK,ASW,CE,Federal Contract Tower,0,2,12,0,14,0,2,55,0,57,0,4,67,0,71,86,0,86,157
02/07/2022,SWO,OK,ASW,CE,Federal Contract Tower,0,3,35,7,45,0,0,125,3,128,0,3,160,10,173,162,14,176,349
02/08/2022,SWO,OK,ASW,CE,Federal Contract Tower,0,4,34,5,43,0,3,99,1,103,0,7,133,6,146,118,18,136,282
02/09/2022,SWO,OK,ASW,CE,Federal Contract Tower,0,4,24,7,35,0,0,112,5,117,0,4,136,12,152,114,16,130,282
02/10/2022,SWO,OK,ASW,CE,Federal Contract Tower,0,0,19,0,19,0,4,101,0,105,0,4,120,0,124,130,0,130,254
02/11/2022,SWO,OK,ASW,CE,Federal Contract Tower,0,11,31,7,49,0,2,97,0,99,0,13,128,7,148,104,0,104,252
02/12/2022,SWO,OK,ASW,CE,Federal Contract Tower,0,8,19,6,33,0,3,87,1,91,0,11,106,7,124,124,10,134,258
02/13/2022,SWO,OK,ASW,CE,Federal Contract Tower,0,5,9,2,16,0,5,53,0,58,0,10,62,2,74,90,0,90,164
02/14/2022,SWO,OK,ASW,CE,Federal Contract Tower,0,8,31,1,40,0,6,86,17,109,0,14,117,18,149,174,2,176,325
02/15/2022,SWO,OK,ASW,CE,Federal Contract Tower,0,3,14,16,33,0,1,63,15,79,0,4,77,31,112,50,8,58,170
02/16/2022,SWO,OK,ASW,CE,Federal Contract Tower,0,4,3,0,7,0,4,2,0,6,0,8,5,0,13,0,0,0,13
02/17/2022,SWO,OK,ASW,CE,Federal Contract Tower,0,2,4,0,6,0,4,0,0,4,0,6,4,0,10,0,0,0,10
02/18/2022,SWO,OK,ASW,CE,Federal Contract Tower,0,3,45,8,56,0,3,153,7,163,0,6,198,15,219,312,2,314,533
02/19/2022,SWO,OK,ASW,CE,Federal Contract Tower,0,6,20,0,26,0,1,71,1,73,0,7,91,1,99,158,12,170,269
02/20/2022,SWO,OK,ASW,CE,Federal Contract Tower,2,3,7,3,15,0,7,33,2,42,2,10,40,5,57,58,8,66,123
02/21/2022,SWO,OK,ASW,CE,Federal Contract Tower,0,2,26,0,28,0,0,102,0,102,0,2,128,0,130,128,0,128,258
02/22/2022,SWO,OK,ASW,CE,Federal Contract Tower,2,4,23,7,36,0,5,74,3,82,2,9,97,10,118,100,16,116,234
02/23/2022,SWO,OK,ASW,CE,Federal Contract Tower,0,0,2,0,2,0,0,0,0,0,0,0,2,0,2,0,0,0,2
02/24/2022,SWO,OK,ASW,CE,Federal Contract Tower,1,3,3,0,7,0,0,0,0,0,1,3,3,0,7,0,0,0,7
02/25/2022,SWO,OK,ASW,CE,Federal Contract Tower,0,1,4,0,5,0,1,20,0,21,0,2,24,0,26,20,0,20,46
02/26/2022,SWO,OK,ASW,CE,Federal Contract Tower,2,5,10,0,17,0,3,42,0,45,2,8,52,0,62,116,0,116,178
02/27/2022,SWO,OK,ASW,CE,Federal Contract Tower,2,4,11,0,17,0,4,80,0,84,2,8,91,0,101,116,2,118,219
02/28/2022,SWO,OK,ASW,CE,Federal Contract Tower,0,5,19,4,28,0,2,129,9,140,0,7,148,13,168,202,32,234,402
03/01/2022,SWO,OK,ASW,CE,Federal Contract Tower,1,4,34,7,46,0,2,142,2,146,1,6,176,9,192,162,8,170,362
03/02/2022,SWO,OK,ASW,CE,Federal Contract Tower,0,2,37,6,45,0,3,163,0,166,0,5,200,6,211,248,0,248,459
03/03/2022,SWO,OK,ASW,CE,Federal Contract Tower,0,3,27,7,37,0,2,161,5,168,0,5,188,12,205,138,0,138,343
03/04/2022,SWO,OK,ASW,CE,Federal Contract Tower,3,4,38,4,49,0,2,131,0,133,3,6,169,4,182,178,0,178,360
03/05/2022,SWO,OK,ASW,CE,Federal Contract Tower,4,4,28,2,38,0,3,39,2,44,4,7,67,4,82,20,0,20,102
03/06/2022,SWO,OK,ASW,CE,Federal Contract Tower,0,3,14,2,19,0,2,5,0,7,0,5,19,2,26,32,0,32,58
03/07/2022,SWO,OK,ASW,CE,Federal Contract Tower,0,3,9,16,28,0,2,73,6,81,0,5,82,22,109,234,2,236,345
03/08/2022,SWO,OK,ASW,CE,Federal Contract Tower,0,3,23,4,30,0,1,124,0,125,0,4,147,4,155,194,0,194,349
03/09/2022,SWO,OK,ASW,CE,Federal Contract Tower,0,5,22,8,35,0,2,127,0,129,0,7,149,8,164,246,0,246,410
03/10/2022,SWO,OK,ASW,CE,Federal Contract Tower,0,2,10,3,15,0,1,34,1,36,0,3,44,4,51,92,0,92,143
03/11/2022,SWO,OK,ASW,CE,Federal Contract Tower,0,2,5,6,13,0,1,18,1,20,0,3,23,7,33,52,18,70,103
03/12/2022,SWO,OK,ASW,CE,Federal Contract Tower,0,2,17,0,19,0,2,66,0,68,0,4,83,0,87,128,0,128,215
03/13/2022,SWO,OK,ASW,CE,Federal Contract Tower,0,2,2,3,7,0,4,24,4,32,0,6,26,7,39,58,20,78,117
03/14/2022,SWO,OK,ASW,CE,Federal Contract Tower,0,4,16,4,24,0,0,41,6,47,0,4,57,10,71,64,26,90,161
03/15/2022,SWO,OK,ASW,CE,Federal Contract Tower,0,6,7,2,15,0,6,67,0,73,0,12,74,2,88,140,0,140,228
03/16/2022,SWO,OK,ASW,CE,Federal Contract Tower,0,5,16,4,25,0,2,51,4,57,0,7,67,8,82,82,6,88,170
03/17/2022,SWO,OK,ASW,CE,Federal Contract Tower,0,1,1,4,6,0,2,29,5,36,0,3,30,9,42,54,26,80,122
03/18/2022,SWO,OK,ASW,CE,Federal Contract Tower,0,5,2,2,9,0,0,5,0,5,0,5,7,2,14,28,0,28,42
03/19/2022,SWO,OK,ASW,CE,Federal Contract Tower,0,2,7,0,9,0,0,29,0,29,0,2,36,0,38,32,0,32,70
03/20/2022,SWO,OK,ASW,CE,Federal Contract Tower,0,4,19,1,24,0,5,52,1,58,0,9,71,2,82,82,0,82,164
03/21/2022,SWO,OK,ASW,CE,Federal Contract Tower,0,1,1,0,2,0,1,5,0,6,0,2,6,0,8,26,0,26,34
03/22/2022,SWO,OK,ASW,CE,Federal Contract Tower,0,4,6,4,14,0,0,2,0,2,0,4,8,4,16,0,0,0,16
03/23/2022,SWO,OK,ASW,CE,Federal Contract Tower,0,3,22,22,47,0,0,70,4,74,0,3,92,26,121,124,0,124,245
03/24/2022,SWO,OK,ASW,CE,Federal Contract Tower,0,2,20,2,24,0,0,124,2,126,0,2,144,4,150,192,14,206,356
03/25/2022,SWO,OK,ASW,CE,Federal Contract Tower,0,8,27,2,37,0,0,184,6,190,0,8,211,8,227,196,14,210,437
03/26/2022,SWO,OK,ASW,CE,Federal Contract Tower,0,5,16,0,21,0,7,117,0,124,0,12,133,0,145,222,0,222,367
03/27/2022,SWO,OK,ASW,CE,Federal Contract Tower,0,2,23,2,27,0,2,82,0,84,0,4,105,2,111,148,0,148,259
03/28/2022,SWO,OK,ASW,CE,Federal Contract Tower,0,7,32,5,44,0,0,0,4,4,0,7,32,9,48,146,6,152,200
03/29/2022,SWO,OK,ASW,CE,Federal Contract Tower,0,5,15,1,21,0,5,53,4,62,0,10,68,5,83,48,12,60,143
03/30/2022,SWO,OK,ASW,CE,Federal Contract Tower,0,4,11,4,19,0,4,23,0,27,0,8,34,4,46,56,0,56,102
03/31/2022,SWO,OK,ASW,CE,Federal Contract Tower,0,2,24,8,34,0,4,92,4,100,0,6,116,12,134,192,2,194,328
04/01/2022,SWO,OK,ASW,CE,Federal Contract Tower,0,2,26,5,33,0,0,0,0,0,0,2,26,5,33,304,0,304,337
04/02/2022,SWO,OK,ASW,CE,Federal Contract Tower,0,1,10,0,11,0,4,234,1,239,0,5,244,1,250,96,2,98,348
04/03/2022,SWO,OK,ASW,CE,Federal Contract Tower,0,10,20,5,35,0,4,54,0,58,0,14,74,5,93,50,0,50,143
04/04/2022,SWO,OK,ASW,CE,Federal Contract Tower,0,5,20,3,28,0,5,37,6,48,0,10,57,9,76,82,8,90,166
04/05/2022,SWO,OK,ASW,CE,Federal Contract Tower,0,7,27,2,36,0,6,71,0,77,0,13,98,2,113,130,0,130,243
04/06/2022,SWO,OK,ASW,CE,Federal Contract Tower,0,4,10,10,24,0,2,70,4,76,0,6,80,14,100,90,18,108,208
04/07/2022,SWO,OK,ASW,CE,Federal Contract Tower,0,3,5,5,13,0,0,15,1,16,0,3,20,6,29,14,0,14,43
04/08/2022,SWO,OK,ASW,CE,Federal Contract Tower,0,9,27,2,38,0,0,2,0,2,0,9,29,2,40,41,0,41,81
04/09/2022,SWO,OK,ASW,CE,Federal Contract Tower,0,4,27,2,33,0,2,113,2,117,0,6,140,4,150,236,0,236,386
04/10/2022,SWO,OK,ASW,CE,Federal Contract Tower,0,11,14,14,39,0,0,0,0,0,0,11,14,14,39,104,8,112,151
04/11/2022,SWO,OK,ASW,CE,Federal Contract Tower,0,3,36,9,48,0,0,124,4,128,0,3,160,13,176,222,20,242,418
04/12/2022,SWO,OK,ASW,CE,Federal Contract Tower,0,2,9,7,18,0,8,14,5,27,0,10,23,12,45,28,28,56,101
04/13/2022,SWO,OK,ASW,CE,Federal Contract Tower,0,4,20,1,25,0,3,108,7,118,0,7,128,8,143,132,6,138,281
04/14/2022,SWO,OK,ASW,CE,Federal Contract Tower,2,3,21,4,30,0,1,161,7,169,2,4,182,11,199,292,24,316,515
04/15/2022,SWO,OK,ASW,CE,Federal Contract Tower,0,2,21,4,27,0,0,105,2,107,0,2,126,6,134,110,0,110,244
04/16/2022,SWO,OK,ASW,CE,Federal Contract Tower,0,6,11,0,17,0,3,26,0,29,0,9,37,0,46,16,0,16,62
04/17/2022,SWO,OK,ASW,CE,Federal Contract Tower,1,4,5,0,10,0,3,12,0,15,1,7,17,0,25,0,0,0,25
04/18/2022,SWO,OK,ASW,CE,Federal Contract Tower,0,2,37,2,41,0,4,139,0,143,0,6,176,2,184,256,0,256,440
04/19/2022,SWO,OK,ASW,CE,Federal Contract Tower,0,3,20,14,37,0,0,89,0,89,0,3,109,14,126,132,0,132,258
04/20/2022,SWO,OK,ASW,CE,Federal Contract Tower,0,4,24,8,36,0,2,44,13,59,0,6,68,21,95,82,29,111,206
04/21/2022,SWO,OK,ASW,CE,Federal Contract Tower,0,2,30,11,43,0,0,36,0,36,0,2,66,11,79,82,0,82,161
04/22/2022,SWO,OK,ASW,CE,Federal Contract Tower,0,6,18,23,47,0,2,33,5,40,0,8,51,28,87,8,32,40,127
04/23/2022,SWO,OK,ASW,CE,Federal Contract Tower,0,7,9,0,16,0,0,0,0,0,0,7,9,0,16,0,0,0,16
04/24/2022,SWO,OK,ASW,CE,Federal Contract Tower,0,7,23,1,31,0,1,54,4,59,0,8,77,5,90,62,0,62,152
04/25/2022,SWO,OK,ASW,CE,Federal Contract Tower,0,2,44,15,61,0,2,167,7,176,0,4,211,22,237,242,22,264,501
04/26/2022,SWO,OK,ASW,CE,Federal Contract Tower,0,6,32,5,43,0,4,163,2,169,0,10,195,7,212,216,12,228,440
04/27/2022,SWO,OK,ASW,CE,Federal Contract Tower,0,3,30,7,40,0,7,127,3,137,0,10,157,10,177,220,0,220,397
04/28/2022,SWO,OK,ASW,CE,Federal Contract Tower,0,5,15,7,27,0,3,34,1,38,0,8,49,8,65,54,2,56,121
04/29/2022,SWO,OK,ASW,CE,Federal Contract Tower,0,5,13,0,18,0,0,10,0,10,0,5,23,0,28,6,0,6,34
04/30/2022,SWO,OK,ASW,CE,Federal Contract Tower,0,2,8,0,10,0,2,58,0,60,0,4,66,0,70,166,0,166,236
05/01/2022,SWO,OK,ASW,CE,Federal Contract Tower,0,2,8,2,12,0,3,53,2,58,0,5,61,4,70,56,0,56,126
05/02/2022,SWO,OK,ASW,CE,Federal Contract Tower,0,2,5,0,7,0,0,8,0,8,0,2,13,0,15,28,0,28,43
05/03/2022,SWO,OK,ASW,CE,Federal Contract Tower,0,2,49,10,61,0,1,101,0,102,0,3,150,10,163,150,0,150,313
05/04/2022,SWO,OK,ASW,CE,Federal Contract Tower,0,2,0,0,2,0,0,0,0,0,0,2,0,0,2,0,0,0,2
05/05/2022,SWO,OK,ASW,CE,Federal Contract Tower,0,2,8,0,10,0,0,1,0,1,0,2,9,0,11,0,0,0,11
05/06/2022,SWO,OK,ASW,CE,Federal Contract Tower,0,3,38,1,42,0,4,94,1,99,0,7,132,2,141,146,12,158,299
05/07/2022,SWO,OK,ASW,CE,Federal Contract Tower,0,5,19,1,25,0,1,92,4,97,0,6,111,5,122,60,2,62,184
05/08/2022,SWO,OK,ASW,CE,Federal Contract Tower,0,2,10,0,12,0,4,27,2,33,0,6,37,2,45,22,8,30,75
05/09/2022,SWO,OK,ASW,CE,Federal Contract Tower,0,3,7,1,11,0,5,40,4,49,0,8,47,5,60,22,2,24,84
05/10/2022,SWO,OK,ASW,CE,Federal Contract Tower,0,2,9,0,11,0,2,67,0,69,0,4,76,0,80,72,0,72,152
05/11/2022,SWO,OK,ASW,CE,Federal Contract Tower,0,3,8,1,12,0,2,82,3,87,0,5,90,4,99,82,0,82,181
05/12/2022,SWO,OK,ASW,CE,Federal Contract Tower,0,5,7,10,22,0,4,53,7,64,0,9,60,17,86,34,0,34,120
05/13/2022,SWO,OK,ASW,CE,Federal Contract Tower,0,2,16,1,19,0,0,0,0,0,0,2,16,1,19,90,0,90,109
05/14/2022,SWO,OK,ASW,CE,Federal Contract Tower,0,5,6,0,11,0,3,35,0,38,0,8,41,0,49,82,0,82,131
05/15/2022,SWO,OK,ASW,CE,Federal Contract Tower,0,4,9,10,23,0,0,53,3,56,0,4,62,13,79,64,8,72,151
05/16/2022,SWO,OK,ASW,CE,Federal Contract Tower,0,2,26,3,31,0,4,103,0,107,0,6,129,3,138,126,0,126,264
05/17/2022,SWO,OK,ASW,CE,Federal Contract Tower,0,4,11,18,33,0,5,86,0,91,0,9,97,18,124,80,0,80,204
05/18/2022,SWO,OK,ASW,CE,Federal Contract Tower,0,7,20,2,29,0,3,85,3,91,0,10,105,5,120,156,0,156,276
05/19/2022,SWO,OK,ASW,CE,Federal Contract Tower,0,3,26,4,33,0,3,99,3,105,0,6,125,7,138,128,0,128,266
05/20/2022,SWO,OK,ASW,CE,Federal Contract Tower,0,3,24,2,29,0,0,61,3,64,0,3,85,5,93,80,8,88,181
05/21/2022,SWO,OK,ASW,CE,Federal Contract Tower,0,9,12,0,21,0,3,18,0,21,0,12,30,0,42,10,0,10,52
05/22/2022,SWO,OK,ASW,CE,Federal Contract Tower,0,5,15,0,20,0,0,61,2,63,0,5,76,2,83,82,8,90,173
05/23/2022,SWO,OK,ASW,CE,Federal Contract Tower,0,2,8,2,12,0,1,3,4,8,0,3,11,6,20,0,12,12,32
05/24/2022,SWO,OK,ASW,CE,Federal Contract Tower,0,5,13,6,24,0,0,0,0,0,0,5,13,6,24,0,0,0,24
05/25/2022,SWO,OK,ASW,CE,Federal Contract Tower,0,1,36,0,37,0,0,2,0,2,0,1,38,0,39,0,0,0,39
05/26/2022,SWO,OK,ASW,CE,Federal Contract Tower,0,2,26,4,32,0,1,48,0,49,0,3,74,4,81,120,0,120,201
05/27/2022,SWO,OK,ASW,CE,Federal Contract Tower,0,2,16,12,30,0,2,122,0,124,0,4,138,12,154,182,0,182,336
05/28/2022,SWO,OK,ASW,CE,Federal Contract Tower,2,3,6,0,11,0,0,25,0,25,2,3,31,0,36,26,0,26,62
05/29/2022,SWO,OK,ASW,CE,Federal Contract Tower,0,2,5,0,7,0,0,19,0,19,0,2,24,0,26,20,0,20,46
05/30/2022,SWO,OK,ASW,CE,Federal Contract Tower,0,6,3,0,9,0,0,5,0,5,0,6,8,0,14,0,0,0,14
05/31/2022,SWO,OK,ASW,CE,Federal Contract Tower,0,3,16,16,35,0,3,54,4,61,0,6,70,20,96,34,18,52,148
06/01/2022,SWO,OK,ASW,CE,Federal Contract Tower,0,4,2,0,6,0,0,0,0,0,0,4,2,0,6,0,0,0,6
06/02/2022,SWO,OK,ASW,CE,Federal Contract Tower,0,9,27,14,50,0,1,107,1,109,0,10,134,15,159,144,14,158,317
06/03/2022,SWO,OK,ASW,CE,Federal Contract Tower,0,16,26,1,43,0,0,101,1,102,0,16,127,2,145,146,0,146,291
06/04/2022,SWO,OK,ASW,CE,Federal Contract Tower,0,6,6,1,13,0,3,31,0,34,0,9,37,1,47,40,0,40,87
06/05/2022,SWO,OK,ASW,CE,Federal Contract Tower,0,11,10,5,26,0,1,21,8,30,0,12,31,13,56,38,6,44,100
06/06/2022,SWO,OK,ASW,CE,Federal Contract Tower,0,5,18,5,28,0,7,104,3,114,0,12,122,8,142,236,34,270,412
06/07/2022,SWO,OK,ASW,CE,Federal Contract Tower,0,2,11,11,24,0,7,56,2,65,0,9,67,13,89,78,6,84,173
06/08/2022,SWO,OK,ASW,CE,Federal Contract Tower,0,4,12,0,16,0,6,35,0,41,0,10,47,0,57,58,0,58,115
06/09/2022,SWO,OK,ASW,CE,Federal Contract Tower,0,3,32,0,35,0,0,101,0,101,0,3,133,0,136,210,0,210,346
06/10/2022,SWO,OK,ASW,CE,Federal Contract Tower,0,3,25,4,32,0,3,108,1,112,0,6,133,5,144,122,0,122,266
06/11/2022,SWO,OK,ASW,CE,Federal Contract Tower,0,3,15,2,20,0,2,68,11,81,0,5,83,13,101,45,0,45,146
06/12/2022,SWO,OK,ASW,CE,Federal Contract Tower,0,4,5,6,15,0,0,25,0,25,0,4,30,6,40,58,2,60,100
06/13/2022,SWO,OK,ASW,CE,Federal Contract Tower,0,2,14,3,19,0,3,63,0,66,0,5,77,3,85,74,0,74,159
06/14/2022,SWO,OK,ASW,CE,Federal Contract Tower,0,4,15,14,33,0,4,53,1,58,0,8,68,15,91,60,10,70,161
06/15/2022,SWO,OK,ASW,CE,Federal Contract Tower,0,2,19,28,49,0,2,65,13,80,0,4,84,41,129,78,38,116,245
06/16/2022,SWO,OK,ASW,CE,Federal Contract Tower,0,2,10,14,26,0,3,83,3,89,0,5,93,17,115,136,2,138,253
06/17/2022,SWO,OK,ASW,CE,Federal Contract Tower,0,4,18,25,47,0,3,84,8,95,0,7,102,33,142,114,20,134,276
06/18/2022,SWO,OK,ASW,CE,Federal Contract Tower,0,3,11,0,14,0,0,45,0,45,0,3,56,0,59,52,0,52,111
06/19/2022,SWO,OK,ASW,CE,Federal Contract Tower,0,3,5,0,8,0,0,33,0,33,0,3,38,0,41,50,0,50,91
06/20/2022,SWO,OK,ASW,CE,Federal Contract Tower,0,2,20,0,22,0,0,78,0,78,0,2,98,0,100,74,0,74,174
06/21/2022,SWO,OK,ASW,CE,Federal Contract Tower,0,2,10,15,27,0,2,95,5,102,0,4,105,20,129,130,40,170,299
06/22/2022,SWO,OK,ASW,CE,Federal Contract Tower,0,2,34,6,42,0,5,113,0,118,0,7,147,6,160,140,2,142,302
06/23/2022,SWO,OK,ASW,CE,Federal Contract Tower,0,2,25,4,31,0,7,95,4,106,0,9,120,8,137,124,4,128,265
06/24/2022,SWO,OK,ASW,CE,Federal Contract Tower,0,2,19,13,34,0,6,66,3,75,0,8,85,16,109,108,2,110,219
06/25/2022,SWO,OK,ASW,CE,Federal Contract Tower,0,1,14,0,15,0,0,35,0,35,0,1,49,0,50,36,0,36,86
06/26/2022,SWO,OK,ASW,CE,Federal Contract Tower,0,4,10,2,16,0,1,33,4,38,0,5,43,6,54,42,40,82,136
06/27/2022,SWO,OK,ASW,CE,Federal Contract Tower,0,2,29,12,43,0,0,71,4,75,0,2,100,16,118,82,6,88,206
06/28/2022,SWO,OK,ASW,CE,Federal Contract Tower,0,4,19,13,36,0,2,75,1,78,0,6,94,14,114,106,0,106,220
06/29/2022,SWO,OK,ASW,CE,Federal Contract Tower,0,4,26,9,39,0,8,102,7,117,0,12,128,16,156,158,10,168,324
06/30/2022,SWO,OK,ASW,CE,Federal Contract Tower,0,2,17,17,36,0,4,91,7,102,0,6,108,24,138,102,30,132,270
07/02/2022,SWO,OK,ASW,CE,Federal Contract Tower,0,2,2,0,4,0,0,22,0,22,0,2,24,0,26,40,0,40,66
07/03/2022,SWO,OK,ASW,CE,Federal Contract Tower,0,2,0,0,2,0,0,4,0,4,0,2,4,0,6,2,0,2,8
07/04/2022,SWO,OK,ASW,CE,Federal Contract Tower,0,2,2,0,4,0,1,15,0,16,0,3,17,0,20,18,0,18,38
07/05/2022,SWO,OK,ASW,CE,Federal Contract Tower,0,2,25,4,31,0,3,66,0,69,0,5,91,4,100,114,2,116,216
07/06/2022,SWO,OK,ASW,CE,Federal Contract Tower,0,6,25,11,42,0,2,117,6,125,0,8,142,17,167,154,22,176,343
07/07/2022,SWO,OK,ASW,CE,Federal Contract Tower,0,3,23,16,42,0,4,105,9,118,0,7,128,25,160,136,18,154,314
07/08/2022,SWO,OK,ASW,CE,Federal Contract Tower,0,2,14,2,18,0,0,74,0,74,0,2,88,2,92,117,0,117,209
07/09/2022,SWO,OK,ASW,CE,Federal Contract Tower,0,2,16,0,18,0,0,44,0,44,0,2,60,0,62,82,0,82,144
07/10/2022,SWO,OK,ASW,CE,Federal Contract Tower,0,6,2,0,8,0,0,49,0,49,0,6,51,0,57,56,0,56,113
07/11/2022,SWO,OK,ASW,CE,Federal Contract Tower,0,2,23,11,36,0,6,96,10,112,0,8,119,21,148,124,10,134,282
07/12/2022,SWO,OK,ASW,CE,Federal Contract Tower,0,3,29,13,45,0,0,94,0,94,0,3,123,13,139,112,6,118,257
07/13/2022,SWO,OK,ASW,CE,Federal Contract Tower,0,4,21,9,34,0,2,99,4,105,0,6,120,13,139,196,6,202,341
07/14/2022,SWO,OK,ASW,CE,Federal Contract Tower,0,4,10,10,24,0,4,61,2,67,0,8,71,12,91,100,0,100,191
07/15/2022,SWO,OK,ASW,CE,Federal Contract Tower,0,2,19,2,23,0,2,86,3,91,0,4,105,5,114,128,8,136,250
07/16/2022,SWO,OK,ASW,CE,Federal Contract Tower,0,4,9,0,13,0,0,43,0,43,0,4,52,0,56,42,2,44,100
07/17/2022,SWO,OK,ASW,CE,Federal Contract Tower,0,4,5,6,15,0,3,30,0,33,0,7,35,6,48,58,0,58,106
07/18/2022,SWO,OK,ASW,CE,Federal Contract Tower,0,3,15,10,28,0,1,81,1,83,0,4,96,11,111,134,14,148,259
07/19/2022,SWO,OK,ASW,CE,Federal Contract Tower,0,2,8,12,22,0,3,56,0,59,0,5,64,12,81,112,8,120,201
07/20/2022,SWO,OK,ASW,CE,Federal Contract Tower,0,3,19,1,23,0,0,80,3,83,0,3,99,4,106,158,8,166,272
07/21/2022,SWO,OK,ASW,CE,Federal Contract Tower,0,4,16,1,21,0,0,61,3,64,0,4,77,4,85,76,0,76,161
07/22/2022,SWO,OK,ASW,CE,Federal Contract Tower,0,3,22,4,29,0,0,95,1,96,0,3,117,5,125,98,0,98,223
07/23/2022,SWO,OK,ASW,CE,Federal Contract Tower,0,2,10,0,12,0,0,45,0,45,0,2,55,0,57,34,0,34,91
07/24/2022,SWO,OK,ASW,CE,Federal Contract Tower,0,3,4,0,7,0,5,17,0,22,0,8,21,0,29,36,0,36,65
07/25/2022,SWO,OK,ASW,CE,Federal Contract Tower,0,4,19,0,23,0,2,67,0,69,0,6,86,0,92,76,0,76,168
07/26/2022,SWO,OK,ASW,CE,Federal Contract Tower,0,2,19,8,29,0,1,74,14,89,0,3,93,22,118,136,16,152,270
07/27/2022,SWO,OK,ASW,CE,Federal Contract Tower,0,7,13,12,32,0,1,84,4,89,0,8,97,16,121,120,4,124,245
07/28/2022,SWO,OK,ASW,CE,Federal Contract Tower,0,2,19,0,21,0,0,64,4,68,0,2,83,4,89,156,0,156,245
07/29/2022,SWO,OK,ASW,CE,Federal Contract Tower,0,5,16,0,21,0,3,14,0,17,0,8,30,0,38,28,0,28,66
07/30/2022,SWO,OK,ASW,CE,Federal Contract Tower,0,3,3,0,6,0,1,15,0,16,0,4,18,0,22,18,0,18,40
07/31/2022,SWO,OK,ASW,CE,Federal Contract Tower,0,3,14,0,17,0,0,37,2,39,0,3,51,2,56,76,8,84,140
08/01/2022,SWO,OK,ASW,CE,Federal Contract Tower,0,4,20,1,25,0,2,108,8,118,0,6,128,9,143,140,4,144,287
08/02/2022,SWO,OK,ASW,CE,Federal Contract Tower,0,3,14,5,22,0,1,94,6,101,0,4,108,11,123,138,22,160,283
08/03/2022,SWO,OK,ASW,CE,Federal Contract Tower,0,8,17,5,30,0,2,91,1,94,0,10,108,6,124,122,0,122,246
08/04/2022,SWO,OK,ASW,CE,Federal Contract Tower,0,6,22,1,29,0,2,79,1,82,0,8,101,2,111,110,0,110,221
08/05/2022,SWO,OK,ASW,CE,Federal Contract Tower,0,1,27,9,37,0,12,74,6,92,0,13,101,15,129,76,16,92,221
08/06/2022,SWO,OK,ASW,CE,Federal Contract Tower,0,2,19,0,21,0,0,70,0,70,0,2,89,0,91,60,0,60,151
08/07/2022,SWO,OK,ASW,CE,Federal Contract Tower,0,2,12,4,18,0,0,30,2,32,0,2,42,6,50,44,0,44,94
08/08/2022,SWO,OK,ASW,CE,Federal Contract Tower,0,2,13,13,28,0,5,68,0,73,0,7,81,13,101,58,0,58,159
08/09/2022,SWO,OK,ASW,CE,Federal Contract Tower,0,2,21,1,24,0,7,88,8,103,0,9,109,9,127,142,18,160,287
08/10/2022,SWO,OK,ASW,CE,Federal Contract Tower,0,6,15,9,30,0,5,88,8,101,0,11,103,17,131,184,28,212,343
08/11/2022,SWO,OK,ASW,CE,Federal Contract Tower,0,2,15,2,19,0,0,107,8,115,0,2,122,10,134,172,2,174,308
08/12/2022,SWO,OK,ASW,CE,Federal Contract Tower,0,4,25,0,29,0,8,87,0,95,0,12,112,0,124,116,0,116,240
08/13/2022,SWO,OK,ASW,CE,Federal Contract Tower,0,2,15,0,17,0,6,64,2,72,0,8,79,2,89,88,20,108,197
08/14/2022,SWO,OK,ASW,CE,Federal Contract Tower,0,5,6,12,23,0,14,25,9,48,0,19,31,21,71,24,26,50,121
08/15/2022,SWO,OK,ASW,CE,Federal Contract Tower,0,3,28,4,35,0,2,69,4,75,0,5,97,8,110,158,20,178,288
08/16/2022,SWO,OK,ASW,CE,Federal Contract Tower,0,2,21,4,27,0,0,70,7,77,0,2,91,11,104,54,6,60,164
08/17/2022,SWO,OK,ASW,CE,Federal Contract Tower,0,8,31,4,43,0,0,8,0,8,0,8,39,4,51,10,0,10,61
08/18/2022,SWO,OK,ASW,CE,Federal Contract Tower,0,3,22,2,27,0,1,92,8,101,0,4,114,10,128,158,18,176,304
08/19/2022,SWO,OK,ASW,CE,Federal Contract Tower,0,5,12,0,17,0,0,96,1,97,0,5,108,1,114,86,2,88,202
08/20/2022,SWO,OK,ASW,CE,Federal Contract Tower,0,3,12,0,15,0,0,43,6,49,0,3,55,6,64,96,0,96,160
08/21/2022,SWO,OK,ASW,CE,Federal Contract Tower,0,4,4,2,10,0,0,4,0,4,0,4,8,2,14,0,0,0,14
08/22/2022,SWO,OK,ASW,CE,Federal Contract Tower,0,3,14,2,19,0,3,64,3,70,0,6,78,5,89,110,8,118,207
08/23/2022,SWO,OK,ASW,CE,Federal Contract Tower,0,3,18,9,30,0,3,67,6,76,0,6,85,15,106,63,4,67,173
08/24/2022,SWO,OK,ASW,CE,Federal Contract Tower,0,3,30,2,35,0,2,145,2,149,0,5,175,4,184,242,2,244,428
08/25/2022,SWO,OK,ASW,CE,Federal Contract Tower,0,3,37,6,46,0,2,111,9,122,0,5,148,15,168,156,12,168,336
08/26/2022,SWO,OK,ASW,CE,Federal Contract Tower,0,4,32,3,39,0,0,118,3,121,0,4,150,6,160,176,0,176,336
08/27/2022,SWO,OK,ASW,CE,Federal Contract Tower,0,3,22,0,25,0,6,70,7,83,0,9,92,7,108,80,0,80,188
08/28/2022,SWO,OK,ASW,CE,Federal Contract Tower,0,6,4,5,15,0,1,9,1,11,0,7,13,6,26,4,0,4,30
08/29/2022,SWO,OK,ASW,CE,Federal Contract Tower,0,3,17,13,33,0,1,67,0,68,0,4,84,13,101,90,0,90,191
08/30/2022,SWO,OK,ASW,CE,Federal Contract Tower,0,2,29,8,39,0,0,119,6,125,0,2,148,14,164,210,8,218,382
08/31/2022,SWO,OK,ASW,CE,Federal Contract Tower,0,6,22,0,28,0,2,122,2,126,0,8,144,2,154,206,12,218,372
09/01/2022,SWO,OK,ASW,CE,Federal Contract Tower,0,6,20,0,26,0,0,53,0,53,0,6,73,0,79,60,0,60,139
09/02/2022,SWO,OK,ASW,CE,Federal Contract Tower,0,5,18,0,23,0,1,66,0,67,0,6,84,0,90,84,0,84,174
09/03/2022,SWO,OK,ASW,CE,Federal Contract Tower,0,4,4,0,8,0,5,61,0,66,0,9,65,0,74,92,0,92,166
09/04/2022,SWO,OK,ASW,CE,Federal Contract Tower,0,2,6,0,8,0,4,35,0,39,0,6,41,0,47,34,0,34,81
09/05/2022,SWO,OK,ASW,CE,Federal Contract Tower,0,4,5,0,9,0,4,55,0,59,0,8,60,0,68,38,0,38,106
09/06/2022,SWO,OK,ASW,CE,Federal Contract Tower,0,3,16,6,25,0,1,130,9,140,0,4,146,15,165,212,14,226,391
09/07/2022,SWO,OK,ASW,CE,Federal Contract Tower,0,4,20,7,31,0,3,147,9,159,0,7,167,16,190,160,4,164,354
09/08/2022,SWO,OK,ASW,CE,Federal Contract Tower,0,5,17,5,27,0,1,129,3,133,0,6,146,8,160,116,6,122,282
09/09/2022,SWO,OK,ASW,CE,Federal Contract Tower,0,15,46,2,63,0,4,130,0,134,0,19,176,2,197,154,6,160,357
09/10/2022,SWO,OK,ASW,CE,Federal Contract Tower,0,20,22,0,42,0,4,85,0,89,0,24,107,0,131,60,0,60,191
09/11/2022,SWO,OK,ASW,CE,Federal Contract Tower,0,3,10,0,13,0,3,37,0,40,0,6,47,0,53,42,0,42,95
09/12/2022,SWO,OK,ASW,CE,Federal Contract Tower,0,4,20,17,41,0,5,129,11,145,0,9,149,28,186,200,22,222,408
09/13/2022,SWO,OK,ASW,CE,Federal Contract Tower,0,5,27,5,37,0,4,149,4,157,0,9,176,9,194,232,8,240,434
09/14/2022,SWO,OK,ASW,CE,Federal Contract Tower,0,4,22,4,30,0,0,149,15,164,0,4,171,19,194,177,24,201,395
09/15/2022,SWO,OK,ASW,CE,Federal Contract Tower,0,6,15,12,33,0,1,142,6,149,0,7,157,18,182,170,14,184,366
09/16/2022,SWO,OK,ASW,CE,Federal Contract Tower,0,10,27,1,38,0,6,104,3,113,0,16,131,4,151,100,12,112,263
09/17/2022,SWO,OK,ASW,CE,Federal Contract Tower,0,5,16,0,21,0,2,59,0,61,0,7,75,0,82,60,0,60,142
09/18/2022,SWO,OK,ASW,CE,Federal Contract Tower,0,9,17,4,30,0,0,65,6,71,0,9,82,10,101,60,12,72,173
09/19/2022,SWO,OK,ASW,CE,Federal Contract Tower,0,2,22,4,28,0,0,110,10,120,0,2,132,14,148,154,14,168,316
09/20/2022,SWO,OK,ASW,CE,Federal Contract Tower,0,4,23,3,30,0,2,153,12,167,0,6,176,15,197,163,0,163,360
09/21/2022,SWO,OK,ASW,CE,Federal Contract Tower,0,13,19,2,34,0,2,133,5,140,0,15,152,7,174,150,18,168,342
09/22/2022,SWO,OK,ASW,CE,Federal Contract Tower,2,7,20,8,37,0,1,104,7,112,2,8,124,15,149,156,12,168,317
09/23/2022,SWO,OK,ASW,CE,Federal Contract Tower,0,3,14,4,21,0,2,123,14,139,0,5,137,18,160,160,2,162,322
09/24/2022,SWO,OK,ASW,CE,Federal Contract Tower,0,4,17,0,21,0,0,56,4,60,0,4,73,4,81,108,0,108,189
09/25/2022,SWO,OK,ASW,CE,Federal Contract Tower,1,4,12,8,25,0,0,42,12,54,1,4,54,20,79,40,13,53,132
09/26/2022,SWO,OK,ASW,CE,Federal Contract Tower,0,2,20,4,26,0,0,109,4,113,0,2,129,8,139,120,12,132,271
09/27/2022,SWO,OK,ASW,CE,Federal Contract Tower,0,3,27,1,31,0,5,143,2,150,0,8,170,3,181,182,6,188,369
09/28/2022,SWO,OK,ASW,CE,Federal Contract Tower,0,4,27,6,37,0,2,109,2,113,0,6,136,8,150,162,2,164,314
09/30/2022,SWO,OK,ASW,CE,Federal Contract Tower,1,8,10,12,31,0,1,89,1,91,1,9,99,13,122,187,18,205,327
10/01/2022,SWO,OK,ASW,CE,Federal Contract Tower,2,6,6,0,14,0,4,61,0,65,2,10,67,0,79,110,0,110,189
10/02/2022,SWO,OK,ASW,CE,Federal Contract Tower,0,7,9,4,20,0,2,46,0,48,0,9,55,4,68,30,0,30,98
10/03/2022,SWO,OK,ASW,CE,Federal Contract Tower,0,3,14,13,30,0,2,124,4,130,0,5,138,17,160,186,12,198,358
10/04/2022,SWO,OK,ASW,CE,Federal Contract Tower,0,7,30,4,41,0,0,134,1,135,0,7,164,5,176,184,0,184,360
10/05/2022,SWO,OK,ASW,CE,Federal Contract Tower,0,5,16,1,22,0,0,137,9,146,0,5,153,10,168,200,38,238,406
10/06/2022,SWO,OK,ASW,CE,Federal Contract Tower,0,5,28,3,36,0,1,151,0,152,0,6,179,3,188,166,0,166,354
10/07/2022,SWO,OK,ASW,CE,Federal Contract Tower,0,6,52,0,58,0,0,179,5,184,0,6,231,5,242,155,0,155,397
10/08/2022,SWO,OK,ASW,CE,Federal Contract Tower,0,24,27,0,51,0,4,54,1,59,0,28,81,1,110,34,0,34,144
10/09/2022,SWO,OK,ASW,CE,Federal Contract Tower,0,4,18,0,22,0,0,63,0,63,0,4,81,0,85,72,0,72,157
10/10/2022,SWO,OK,ASW,CE,Federal Contract Tower,0,4,28,0,32,0,0,86,0,86,0,4,114,0,118,116,0,116,234
10/11/2022,SWO,OK,ASW,CE,Federal Contract Tower,0,5,24,1,30,0,1,83,9,93,0,6,107,10,123,112,14,126,249
10/12/2022,SWO,OK,ASW,CE,Federal Contract Tower,0,3,40,4,47,0,0,160,2,162,0,3,200,6,209,162,0,162,371
10/13/2022,SWO,OK,ASW,CE,Federal Contract Tower,0,3,23,2,28,0,1,114,3,118,0,4,137,5,146,164,0,164,310
10/14/2022,SWO,OK,ASW,CE,Federal Contract Tower,2,3,29,1,35,0,2,111,8,121,2,5,140,9,156,141,12,153,309
10/15/2022,SWO,OK,ASW,CE,Federal Contract Tower,1,3,25,0,29,0,5,74,0,79,1,8,99,0,108,134,0,134,242
10/16/2022,SWO,OK,ASW,CE,Federal Contract Tower,0,6,17,0,23,0,4,46,0,50,0,10,63,0,73,88,0,88,161
10/17/2022,SWO,OK,ASW,CE,Federal Contract Tower,0,2,28,6,36,0,3,139,0,142,0,5,167,6,178,158,0,158,336
10/18/2022,SWO,OK,ASW,CE,Federal Contract Tower,0,6,21,10,37,0,0,128,0,128,0,6,149,10,165,198,0,198,363
10/19/2022,SWO,OK,ASW,CE,Federal Contract Tower,0,5,39,4,48,0,0,138,9,147,0,5,177,13,195,184,8,192,387
10/20/2022,SWO,OK,ASW,CE,Federal Contract Tower,0,3,35,2,40,0,0,121,0,121,0,3,156,2,161,135,2,137,298
10/21/2022,SWO,OK,ASW,CE,Federal Contract Tower,0,10,21,4,35,0,4,117,4,125,0,14,138,8,160,94,4,98,258
10/22/2022,SWO,OK,ASW,CE,Federal Contract Tower,4,28,29,0,61,0,2,24,9,35,4,30,53,9,96,0,0,0,96
10/23/2022,SWO,OK,ASW,CE,Federal Contract Tower,0,9,14,1,24,0,3,16,1,20,0,12,30,2,44,0,0,0,44
10/24/2022,SWO,OK,ASW,CE,Federal Contract Tower,0,5,13,0,18,0,0,0,0,0,0,5,13,0,18,0,0,0,18
10/25/2022,SWO,OK,ASW,CE,Federal Contract Tower,0,6,22,1,29,0,3,138,0,141,0,9,160,1,170,176,2,178,348
10/26/2022,SWO,OK,ASW,CE,Federal Contract Tower,0,7,31,10,48,0,1,157,7,165,0,8,188,17,213,210,4,214,427
10/27/2022,SWO,OK,ASW,CE,Federal Contract Tower,0,4,24,19,47,0,0,133,14,147,0,4,157,33,194,106,24,130,324
10/28/2022,SWO,OK,ASW,CE,Federal Contract Tower,2,9,29,4,44,0,4,142,6,152,2,13,171,10,196,194,18,212,408
10/29/2022,SWO,OK,ASW,CE,Federal Contract Tower,2,4,36,0,42,0,0,112,0,112,2,4,148,0,154,102,0,102,256
10/30/2022,SWO,OK,ASW,CE,Federal Contract Tower,0,3,19,0,22,0,0,55,0,55,0,3,74,0,77,66,0,66,143
10/31/2022,SWO,OK,ASW,CE,Federal Contract Tower,0,2,21,2,25,0,0,167,0,167,0,2,188,2,192,192,2,194,386
11/01/2022,SWO,OK,ASW,CE,Federal Contract Tower,0,10,16,2,28,0,3,163,2,168,0,13,179,4,196,240,12,252,448
11/02/2022,SWO,OK,ASW,CE,Federal Contract Tower,0,5,24,9,38,0,1,114,2,117,0,6,138,11,155,194,2,196,351
11/03/2022,SWO,OK,ASW,CE,Federal Contract Tower,2,2,25,6,35,0,0,31,1,32,2,2,56,7,67,66,2,68,135
11/04/2022,SWO,OK,ASW,CE,Federal Contract Tower,3,2,0,0,5,0,0,1,0,1,3,2,1,0,6,0,0,0,6
11/05/2022,SWO,OK,ASW,CE,Federal Contract Tower,5,0,19,6,30,0,2,97,0,99,5,2,116,6,129,128,0,128,257
11/06/2022,SWO,OK,ASW,CE,Federal Contract Tower,0,2,13,0,15,0,2,95,0,97,0,4,108,0,112,142,0,142,254
11/07/2022,SWO,OK,ASW,CE,Federal Contract Tower,2,2,36,4,44,0,2,60,0,62,2,4,96,4,106,70,0,70,176
11/08/2022,SWO,OK,ASW,CE,Federal Contract Tower,2,0,34,10,46,0,2,0,0,2,2,2,34,10,48,0,0,0,48
11/09/2022,SWO,OK,ASW,CE,Federal Contract Tower,0,4,43,20,67,0,1,92,2,95,0,5,135,22,162,116,0,116,278
11/10/2022,SWO,OK,ASW,CE,Federal Contract Tower,3,0,18,3,24,0,0,24,4,28,3,0,42,7,52,54,10,64,116
11/11/2022,SWO,OK,ASW,CE,Federal Contract Tower,0,0,25,0,25,0,0,114,1,115,0,0,139,1,140,150,0,150,290
11/12/2022,SWO,OK,ASW,CE,Federal Contract Tower,5,11,24,0,40,0,0,105,3,108,5,11,129,3,148,6,0,6,154
11/13/2022,SWO,OK,ASW,CE,Federal Contract Tower,3,0,25,0,28,0,0,115,0,115,3,0,140,0,143,168,0,168,311
11/14/2022,SWO,OK,ASW,CE,Federal Contract Tower,2,3,1,12,18,0,0,35,0,35,2,3,36,12,53,48,26,74,127
11/15/2022,SWO,OK,ASW,CE,Federal Contract Tower,3,2,22,6,33,0,2,132,4,138,3,4,154,10,171,158,0,158,329
11/16/2022,SWO,OK,ASW,CE,Federal Contract Tower,3,2,25,4,34,0,0,138,2,140,3,2,163,6,174,250,0,250,424
11/17/2022,SWO,OK,ASW,CE,Federal Contract Tower,2,1,27,9,39,0,1,136,4,141,2,2,163,13,180,230,16,246,426
11/18/2022,SWO,OK,ASW,CE,Federal Contract Tower,2,2,18,0,22,0,7,90,2,99,2,9,108,2,121,164,0,164,285
11/19/2022,SWO,OK,ASW,CE,Federal Contract Tower,2,6,15,0,23,0,1,57,0,58,2,7,72,0,81,78,0,78,159
11/20/2022,SWO,OK,ASW,CE,Federal Contract Tower,2,0,7,0,9,0,1,27,2,30,2,1,34,2,39,40,0,40,79
11/21/2022,SWO,OK,ASW,CE,Federal Contract Tower,2,0,11,0,13,0,0,73,3,76,2,0,84,3,89,98,6,104,193
11/22/2022,SWO,OK,ASW,CE,Federal Contract Tower,3,1,7,0,11,0,0,48,8,56,3,1,55,8,67,80,24,104,171
11/23/2022,SWO,OK,ASW,CE,Federal Contract Tower,2,4,9,16,31,0,0,0,0,0,2,4,9,16,31,0,0,0,31
11/24/2022,SWO,OK,ASW,CE,Federal Contract Tower,1,0,0,0,1,0,0,0,0,0,1,0,0,0,1,0,0,0,1
11/25/2022,SWO,OK,ASW,CE,Federal Contract Tower,2,1,9,0,12,0,0,13,0,13,2,1,22,0,25,46,0,46,71
11/26/2022,SWO,OK,ASW,CE,Federal Contract Tower,7,5,3,0,15,0,0,0,0,0,7,5,3,0,15,0,0,0,15
11/27/2022,SWO,OK,ASW,CE,Federal Contract Tower,2,0,11,0,13,0,3,17,0,20,2,3,28,0,33,4,0,4,37
11/28/2022,SWO,OK,ASW,CE,Federal Contract Tower,2,1,21,5,29,0,3,110,1,114,2,4,131,6,143,186,12,198,341
11/29/2022,SWO,OK,ASW,CE,Federal Contract Tower,4,3,20,2,29,0,5,77,0,82,4,8,97,2,111,98,0,98,209
11/30/2022,SWO,OK,ASW,CE,Federal Contract Tower,4,5,15,6,30,0,7,117,3,127,4,12,132,9,157,192,16,208,365
12/01/2022,SWO,OK,ASW,CE,Federal Contract Tower,2,2,10,0,14,0,1,82,2,85,2,3,92,2,99,150,4,154,253
12/02/2022,SWO,OK,ASW,CE,Federal Contract Tower,3,1,8,6,18,0,0,20,0,20,3,1,28,6,38,56,0,56,94
12/03/2022,SWO,OK,ASW,CE,Federal Contract Tower,2,6,16,0,24,0,2,82,4,88,2,8,98,4,112,194,28,222,334
12/04/2022,SWO,OK,ASW,CE,Federal Contract Tower,2,0,17,0,19,0,0,41,0,41,2,0,58,0,60,76,0,76,136
12/05/2022,SWO,OK,ASW,CE,Federal Contract Tower,2,4,11,11,28,0,2,40,2,44,2,6,51,13,72,84,24,108,180
12/06/2022,SWO,OK,ASW,CE,Federal Contract Tower,2,5,10,8,25,0,0,1,0,1,2,5,11,8,26,6,0,6,32
12/07/2022,SWO,OK,ASW,CE,Federal Contract Tower,2,0,11,8,21,0,0,0,1,1,2,0,11,9,22,0,6,6,28
12/08/2022,SWO,OK,ASW,CE,Federal Contract Tower,2,2,24,4,32,0,0,3,0,3,2,2,27,4,35,0,0,0,35
12/09/2022,SWO,OK,ASW,CE,Federal Contract Tower,4,0,20,4,28,0,2,127,0,129,4,2,147,4,157,238,0,238,395
12/10/2022,SWO,OK,ASW,CE,Federal Contract Tower,1,1,29,0,31,0,0,5,0,5,1,1,34,0,36,0,0,0,36
12/11/2022,SWO,OK,ASW,CE,Federal Contract Tower,3,2,30,8,43,0,0,0,0,0,3,2,30,8,43,0,0,0,43
12/12/2022,SWO,OK,ASW,CE,Federal Contract Tower,2,1,5,0,8,0,0,0,0,0,2,1,5,0,8,0,0,0,8
12/13/2022,SWO,OK,ASW,CE,Federal Contract Tower,2,0,26,6,34,0,3,147,5,155,2,3,173,11,189,188,0,188,377
12/14/2022,SWO,OK,ASW,CE,Federal Contract Tower,2,2,28,7,39,0,4,126,5,135,2,6,154,12,174,178,0,178,352
12/15/2022,SWO,OK,ASW,CE,Federal Contract Tower,2,2,18,2,24,0,2,79,0,81,2,4,97,2,105,36,0,36,141
12/16/2022,SWO,OK,ASW,CE,Federal Contract Tower,2,0,13,4,19,0,1,50,0,51,2,1,63,4,70,20,0,20,90
12/17/2022,SWO,OK,ASW,CE,Federal Contract Tower,3,0,8,2,13,0,0,51,0,51,3,0,59,2,64,56,0,56,120
12/18/2022,SWO,OK,ASW,CE,Federal Contract Tower,2,0,7,1,10,0,0,31,1,32,2,0,38,2,42,70,1,71,113
12/19/2022,SWO,OK,ASW,CE,Federal Contract Tower,2,2,14,2,20,0,2,67,0,69,2,4,81,2,89,126,0,126,215
12/20/2022,SWO,OK,ASW,CE,Federal Contract Tower,2,0,0,4,6,0,1,4,0,5,2,1,4,4,11,52,0,52,63
12/21/2022,SWO,OK,ASW,CE,Federal Contract Tower,6,0,2,15,23,0,2,4,1,7,6,2,6,16,30,0,2,2,32
12/22/2022,SWO,OK,ASW,CE,Federal Contract Tower,0,0,0,0,0,0,0,1,0,1,0,0,1,0,1,0,0,0,1
12/23/2022,SWO,OK,ASW,CE,Federal Contract Tower,2,0,0,0,2,0,2,2,0,4,2,2,2,0,6,2,0,2,8
12/24/2022,SWO,OK,ASW,CE,Federal Contract Tower,4,0,1,0,5,0,2,7,0,9,4,2,8,0,14,2,0,2,16
12/25/2022,SWO,OK,ASW,CE,Federal Contract Tower,4,0,0,0,4,0,0,3,0,3,4,0,3,0,7,2,0,2,9
12/26/2022,SWO,OK,ASW,CE,Federal Contract Tower,2,2,0,0,4,0,2,5,0,7,2,4,5,0,11,0,0,0,11
12/27/2022,SWO,OK,ASW,CE,Federal Contract Tower,2,1,1,2,6,1,1,18,0,20,3,2,19,2,26,24,0,24,50
12/28/2022,SWO,OK,ASW,CE,Federal Contract Tower,4,2,0,0,6,0,1,2,0,3,4,3,2,0,9,0,0,0,9
12/29/2022,SWO,OK,ASW,CE,Federal Contract Tower,2,2,4,0,8,0,0,11,0,11,2,2,15,0,19,0,0,0,19
12/30/2022,SWO,OK,ASW,CE,Federal Contract Tower,2,0,2,0,4,0,4,39,0,43,2,4,41,0,47,62,0,62,109
12/31/2022,SWO,OK,ASW,CE,Federal Contract Tower,5,2,1,0,8,0,1,12,0,13,5,3,13,0,21,24,0,24,45
01/01/2023,SWO,OK,ASW,CE,Federal Contract Tower,5,1,6,0,12,0,2,16,0,18,5,3,22,0,30,6,0,6,36
01/02/2023,SWO,OK,ASW,CE,Federal Contract Tower,4,3,2,0,9,0,0,0,0,0,4,3,2,0,9,0,0,0,9
01/03/2023,SWO,OK,ASW,CE,Federal Contract Tower,2,0,5,0,7,0,5,63,0,68,2,5,68,0,75,108,0,108,183
01/04/2023,SWO,OK,ASW,CE,Federal Contract Tower,4,2,11,0,17,0,1,76,0,77,4,3,87,0,94,88,0,88,182
01/05/2023,SWO,OK,ASW,CE,Federal Contract Tower,2,3,8,7,20,0,1,74,4,79,2,4,82,11,99,110,8,118,217
01/06/2023,SWO,OK,ASW,CE,Federal Contract Tower,3,5,20,2,30,0,2,63,0,65,3,7,83,2,95,82,0,82,177
01/07/2023,SWO,OK,ASW,CE,Federal Contract Tower,5,3,16,10,34,0,2,60,3,65,5,5,76,13,99,64,0,64,163
01/08/2023,SWO,OK,ASW,CE,Federal Contract Tower,2,0,11,0,13,0,1,48,0,49,2,1,59,0,62,114,0,114,176
01/09/2023,SWO,OK,ASW,CE,Federal Contract Tower,2,2,16,15,35,0,3,82,2,87,2,5,98,17,122,136,6,142,264
01/10/2023,SWO,OK,ASW,CE,Federal Contract Tower,4,0,22,2,28,0,0,113,0,113,4,0,135,2,141,106,0,106,247
01/12/2023,SWO,OK,ASW,CE,Federal Contract Tower,2,3,23,0,28,0,0,80,2,82,2,3,103,2,110,50,0,50,160
01/13/2023,SWO,OK,ASW,CE,Federal Contract Tower,4,5,19,0,28,0,1,116,3,120,4,6,135,3,148,156,2,158,306
01/14/2023,SWO,OK,ASW,CE,Federal Contract Tower,3,1,7,0,11,0,1,62,0,63,3,2,69,0,74,74,0,74,148
01/15/2023,SWO,OK,ASW,CE,Federal Contract Tower,2,3,6,1,12,0,3,30,1,34,2,6,36,2,46,32,0,32,78
01/16/2023,SWO,OK,ASW,CE,Federal Contract Tower,2,0,5,0,7,0,4,95,0,99,2,4,100,0,106,186,0,186,292
01/17/2023,SWO,OK,ASW,CE,Federal Contract Tower,4,0,16,5,25,0,2,118,2,122,4,2,134,7,147,204,18,222,369
01/18/2023,SWO,OK,ASW,CE,Federal Contract Tower,2,2,17,15,36,0,6,105,8,119,2,8,122,23,155,120,10,130,285
01/19/2023,SWO,OK,ASW,CE,Federal Contract Tower,3,0,23,0,26,0,0,110,0,110,3,0,133,0,136,92,0,92,228
01/20/2023,SWO,OK,ASW,CE,Federal Contract Tower,2,3,12,1,18,0,1,127,6,134,2,4,139,7,152,216,6,222,374
01/21/2023,SWO,OK,ASW,CE,Federal Contract Tower,2,2,6,0,10,0,0,16,0,16,2,2,22,0,26,30,0,30,56
01/22/2023,SWO,OK,ASW,CE,Federal Contract Tower,2,2,8,0,12,0,1,30,0,31,2,3,38,0,43,32,0,32,75
01/23/2023,SWO,OK,ASW,CE,Federal Contract Tower,3,1,28,0,32,0,1,170,2,173,3,2,198,2,205,258,2,260,465
01/24/2023,SWO,OK,ASW,CE,Federal Contract Tower,4,0,0,0,4,0,0,0,0,0,4,0,0,0,4,0,0,0,4
01/25/2023,SWO,OK,ASW,CE,Federal Contract Tower,4,2,16,0,22,0,0,57,1,58,4,2,73,1,80,74,0,74,154
01/26/2023,SWO,OK,ASW,CE,Federal Contract Tower,2,5,28,14,49,0,2,122,0,124,2,7,150,14,173,124,0,124,297
01/27/2023,SWO,OK,ASW,CE,Federal Contract Tower,7,4,36,2,49,0,0,158,0,158,7,4,194,2,207,156,0,156,363
01/28/2023,SWO,OK,ASW,CE,Federal Contract Tower,2,1,11,4,18,0,2,85,2,89,2,3,96,6,107,52,2,54,161
01/29/2023,SWO,OK,ASW,CE,Federal Contract Tower,5,3,5,2,15,0,0,0,0,0,5,3,5,2,15,0,0,0,15
01/31/2023,SWO,OK,ASW,CE,Federal Contract Tower,0,0,2,2,4,0,0,5,2,7,0,0,7,4,11,0,0,0,11
02/01/2023,SWO,OK,ASW,CE,Federal Contract Tower,2,2,11,4,19,0,3,106,9,118,2,5,117,13,137,138,0,138,275
02/02/2023,SWO,OK,ASW,CE,Federal Contract Tower,2,0,13,8,23,0,0,71,4,75,2,0,84,12,98,158,8,166,264
02/03/2023,SWO,OK,ASW,CE,Federal Contract Tower,2,6,8,6,22,0,1,125,6,132,2,7,133,12,154,232,14,246,400
02/04/2023,SWO,OK,ASW,CE,Federal Contract Tower,2,0,10,3,15,0,0,59,1,60,2,0,69,4,75,42,0,42,117
02/05/2023,SWO,OK,ASW,CE,Federal Contract Tower,2,4,12,2,20,0,2,89,0,91,2,6,101,2,111,82,0,82,193
02/06/2023,SWO,OK,ASW,CE,Federal Contract Tower,2,4,31,0,37,0,0,153,2,155,2,4,184,2,192,178,0,178,370
02/07/2023,SWO,OK,ASW,CE,Federal Contract Tower,4,2,13,0,19,0,0,83,0,83,4,2,96,0,102,126,2,128,230
02/08/2023,SWO,OK,ASW,CE,Federal Contract Tower,3,2,8,10,23,0,0,0,0,0,3,2,8,10,23,0,0,0,23
02/09/2023,SWO,OK,ASW,CE,Federal Contract Tower,2,0,21,2,25,0,0,165,0,165,2,0,186,2,190,136,0,136,326
02/10/2023,SWO,OK,ASW,CE,Federal Contract Tower,4,6,32,6,48,0,2,128,0,130,4,8,160,6,178,190,0,190,368
02/11/2023,SWO,OK,ASW,CE,Federal Contract Tower,3,3,18,0,24,0,2,124,1,127,3,5,142,1,151,186,4,190,341
02/12/2023,SWO,OK,ASW,CE,Federal Contract Tower,2,5,7,2,16,0,4,48,0,52,2,9,55,2,68,44,0,44,112
02/13/2023,SWO,OK,ASW,CE,Federal Contract Tower,2,1,22,2,27,0,0,149,3,152,2,1,171,5,179,190,2,192,371
02/14/2023,SWO,OK,ASW,CE,Federal Contract Tower,2,3,12,0,17,0,1,32,0,33,2,4,44,0,50,22,0,22,72
02/15/2023,SWO,OK,ASW,CE,Federal Contract Tower,2,0,18,4,24,0,1,163,0,164,2,1,181,4,188,172,6,178,366
02/16/2023,SWO,OK,ASW,CE,Federal Contract Tower,2,0,19,12,33,0,1,47,4,52,2,1,66,16,85,42,6,48,133
02/17/2023,SWO,OK,ASW,CE,Federal Contract Tower,4,1,24,4,33,0,2,198,3,203,4,3,222,7,236,270,2,272,508
02/18/2023,SWO,OK,ASW,CE,Federal Contract Tower,3,2,22,0,27,0,0,93,0,93,3,2,115,0,120,84,0,84,204
02/19/2023,SWO,OK,ASW,CE,Federal Contract Tower,3,5,10,0,18,0,1,71,0,72,3,6,81,0,90,86,0,86,176
02/20/2023,SWO,OK,ASW,CE,Federal Contract Tower,3,0,25,0,28,0,3,139,0,142,3,3,164,0,170,182,0,182,352
02/21/2023,SWO,OK,ASW,CE,Federal Contract Tower,3,1,14,3,21,0,2,160,5,167,3,3,174,8,188,232,62,294,482
02/22/2023,SWO,OK,ASW,CE,Federal Contract Tower,2,0,17,4,23,0,4,74,7,85,2,4,91,11,108,112,12,124,232
02/23/2023,SWO,OK,ASW,CE,Federal Contract Tower,3,4,19,4,30,0,1,168,0,169,3,5,187,4,199,236,0,236,435
02/24/2023,SWO,OK,ASW,CE,Federal Contract Tower,4,4,12,0,20,0,0,64,0,64,4,4,76,0,84,120,0,120,204
02/25/2023,SWO,OK,ASW,CE,Federal Contract Tower,3,0,4,0,7,0,0,4,0,4,3,0,8,0,11,32,0,32,43
02/26/2023,SWO,OK,ASW,CE,Federal Contract Tower,2,5,2,0,9,0,0,0,0,0,2,5,2,0,9,10,0,10,19
02/27/2023,SWO,OK,ASW,CE,Federal Contract Tower,4,1,7,0,12,0,5,90,0,95,4,6,97,0,107,116,0,116,223
02/28/2023,SWO,OK,ASW,CE,Federal Contract Tower,4,0,9,8,21,0,1,93,3,97,4,1,102,11,118,96,0,96,214
03/01/2023,SWO,OK,ASW,CE,Federal Contract Tower,2,1,12,8,23,0,3,162,1,166,2,4,174,9,189,200,16,216,405
03/02/2023,SWO,OK,ASW,CE,Federal Contract Tower,2,3,18,4,27,0,2,18,0,20,2,5,36,4,47,60,0,60,107
03/03/2023,SWO,OK,ASW,CE,Federal Contract Tower,3,1,19,5,28,0,0,129,4,133,3,1,148,9,161,136,2,138,299
03/04/2023,SWO,OK,ASW,CE,Federal Contract Tower,2,0,18,0,20,0,0,95,0,95,2,0,113,0,115,122,0,122,237
03/05/2023,SWO,OK,ASW,CE,Federal Contract Tower,3,0,5,8,16,0,0,21,2,23,3,0,26,10,39,6,2,8,47
03/06/2023,SWO,OK,ASW,CE,Federal Contract Tower,2,0,17,5,24,0,2,153,1,156,2,2,170,6,180,146,14,160,340
03/07/2023,SWO,OK,ASW,CE,Federal Contract Tower,2,0,16,4,22,0,0,39,2,41,2,0,55,6,63,118,0,118,181
03/08/2023,SWO,OK,ASW,CE,Federal Contract Tower,2,2,17,14,35,0,2,12,0,14,2,4,29,14,49,86,0,86,135
03/09/2023,SWO,OK,ASW,CE,Federal Contract Tower,2,1,16,6,25,0,1,26,0,27,2,2,42,6,52,34,0,34,86
03/10/2023,SWO,OK,ASW,CE,Federal Contract Tower,2,2,19,0,23,0,2,108,0,110,2,4,127,0,133,144,0,144,277
03/11/2023,SWO,OK,ASW,CE,Federal Contract Tower,2,2,4,0,8,0,0,18,2,20,2,2,22,2,28,26,4,30,58
03/12/2023,SWO,OK,ASW,CE,Federal Contract Tower,3,5,3,3,14,0,6,17,2,25,3,11,20,5,39,10,0,10,49
03/13/2023,SWO,OK,ASW,CE,Federal Contract Tower,2,2,4,5,13,0,0,83,1,84,2,2,87,6,97,100,0,100,197
03/14/2023,SWO,OK,ASW,CE,Federal Contract Tower,2,3,17,4,26,0,1,127,0,128,2,4,144,4,154,94,0,94,248
03/15/2023,SWO,OK,ASW,CE,Federal Contract Tower,2,0,6,7,15,1,0,39,6,46,3,0,45,13,61,36,0,36,97
03/16/2023,SWO,OK,ASW,CE,Federal Contract Tower,4,2,5,0,11,0,0,0,0,0,4,2,5,0,11,0,0,0,11
03/17/2023,SWO,OK,ASW,CE,Federal Contract Tower,2,1,10,9,22,0,1,68,3,72,2,2,78,12,94,62,4,66,160
03/18/2023,SWO,OK,ASW,CE,Federal Contract Tower,3,1,9,0,13,0,0,2,0,2,3,1,11,0,15,40,0,40,55
03/19/2023,SWO,OK,ASW,CE,Federal Contract Tower,3,2,5,6,16,0,0,61,0,61,3,2,66,6,77,116,0,116,193
03/20/2023,SWO,OK,ASW,CE,Federal Contract Tower,2,1,18,0,21,0,1,69,2,72,2,2,87,2,93,74,0,74,167
03/21/2023,SWO,OK,ASW,CE,Federal Contract Tower,2,1,21,12,36,0,0,35,7,42,2,1,56,19,78,48,10,58,136
03/22/2023,SWO,OK,ASW,CE,Federal Contract Tower,2,0,7,2,11,0,0,111,4,115,2,0,118,6,126,182,0,182,308
03/23/2023,SWO,OK,ASW,CE,Federal Contract Tower,2,2,4,0,8,0,1,10,0,11,2,3,14,0,19,4,0,4,23
03/24/2023,SWO,OK,ASW,CE,Federal Contract Tower,2,4,22,6,34,0,0,2,0,2,2,4,24,6,36,18,0,18,54
03/25/2023,SWO,OK,ASW,CE,Federal Contract Tower,2,3,12,0,17,0,1,134,0,135,2,4,146,0,152,210,0,210,362
03/26/2023,SWO,OK,ASW,CE,Federal Contract Tower,3,4,14,0,21,0,0,95,0,95,3,4,109,0,116,152,0,152,268
03/27/2023,SWO,OK,ASW,CE,Federal Contract Tower,3,0,8,16,27,0,0,185,0,185,3,0,193,16,212,222,0,222,434
03/28/2023,SWO,OK,ASW,CE,Federal Contract Tower,2,0,10,0,12,1,2,163,0,166,3,2,173,0,178,222,2,224,402
03/29/2023,SWO,OK,ASW,CE,Federal Contract Tower,2,1,21,4,28,0,0,172,3,175,2,1,193,7,203,260,12,272,475
03/30/2023,SWO,OK,ASW,CE,Federal Contract Tower,2,3,5,7,17,0,0,18,0,18,2,3,23,7,35,32,0,32,67
03/31/2023,SWO,OK,ASW,CE,Federal Contract Tower,2,2,6,0,10,0,0,12,0,12,2,2,18,0,22,6,0,6,28
04/01/2023,SWO,OK,ASW,CE,Federal Contract Tower,2,0,10,1,13,0,0,159,1,160,2,0,169,2,173,30,0,30,203
04/02/2023,SWO,OK,ASW,CE,Federal Contract Tower,2,2,2,0,6,0,1,32,0,33,2,3,34,0,39,20,0,20,59
04/03/2023,SWO,OK,ASW,CE,Federal Contract Tower,4,0,15,8,27,0,1,150,2,153,4,1,165,10,180,240,4,244,424
04/04/2023,SWO,OK,ASW,CE,Federal Contract Tower,2,2,10,4,18,0,3,36,0,39,2,5,46,4,57,20,0,20,77
04/05/2023,SWO,OK,ASW,CE,Federal Contract Tower,2,0,23,1,26,0,0,196,5,201,2,0,219,6,227,206,2,208,435
04/06/2023,SWO,OK,ASW,CE,Federal Contract Tower,3,0,15,0,18,1,2,155,0,158,4,2,170,0,176,256,0,256,432
04/07/2023,SWO,OK,ASW,CE,Federal Contract Tower,3,2,28,2,35,0,0,159,0,159,3,2,187,2,194,210,0,210,404
04/08/2023,SWO,OK,ASW,CE,Federal Contract Tower,2,0,4,8,14,0,3,105,0,108,2,3,109,8,122,202,0,202,324
04/09/2023,SWO,OK,ASW,CE,Federal Contract Tower,2,2,6,0,10,0,1,31,0,32,2,3,37,0,42,2,0,2,44
04/10/2023,SWO,OK,ASW,CE,Federal Contract Tower,2,0,8,0,10,0,0,82,7,89,2,0,90,7,99,214,0,214,313
04/11/2023,SWO,OK,ASW,CE,Federal Contract Tower,2,5,20,3,30,0,0,146,2,148,2,5,166,5,178,230,0,230,408
04/12/2023,SWO,OK,ASW,CE,Federal Contract Tower,2,1,14,4,21,0,1,129,1,131,2,2,143,5,152,246,14,260,412
04/13/2023,SWO,OK,ASW,CE,Federal Contract Tower,2,2,8,8,20,0,1,127,0,128,2,3,135,8,148,188,0,188,336
04/14/2023,SWO,OK,ASW,CE,Federal Contract Tower,2,2,21,6,31,0,1,109,0,110,2,3,130,6,141,162,0,162,303
04/15/2023,SWO,OK,ASW,CE,Federal Contract Tower,2,6,25,0,33,0,0,25,2,27,2,6,50,2,60,44,0,44,104
04/16/2023,SWO,OK,ASW,CE,Federal Contract Tower,2,6,5,0,13,0,0,51,0,51,2,6,56,0,64,24,0,24,88
04/17/2023,SWO,OK,ASW,CE,Federal Contract Tower,2,2,11,0,15,0,1,103,0,104,2,3,114,0,119,186,0,186,305
04/18/2023,SWO,OK,ASW,CE,Federal Contract Tower,2,2,8,3,15,0,1,73,0,74,2,3,81,3,89,34,0,34,123
04/19/2023,SWO,OK,ASW,CE,Federal Contract Tower,4,0,6,8,18,0,1,26,2,29,4,1,32,10,47,36,12,48,95
04/20/2023,SWO,OK,ASW,CE,Federal Contract Tower,2,4,20,0,26,0,0,123,2,125,2,4,143,2,151,190,0,190,341
04/21/2023,SWO,OK,ASW,CE,Federal Contract Tower,2,6,23,0,31,0,1,177,2,180,2,7,200,2,211,178,3,181,392
04/22/2023,SWO,OK,ASW,CE,Federal Contract Tower,2,2,14,0,18,0,0,86,0,86,2,2,100,0,104,129,0,129,233
04/23/2023,SWO,OK,ASW,CE,Federal Contract Tower,2,4,6,2,14,0,0,56,0,56,2,4,62,2,70,98,0,98,168
04/24/2023,SWO,OK,ASW,CE,Federal Contract Tower,2,2,20,13,37,0,0,114,3,117,2,2,134,16,154,134,6,140,294
04/25/2023,SWO,OK,ASW,CE,Federal Contract Tower,2,0,11,0,13,0,0,1,0,1,2,0,12,0,14,6,0,6,20
04/26/2023,SWO,OK,ASW,CE,Federal Contract Tower,2,1,14,0,17,0,0,0,0,0,2,1,14,0,17,0,0,0,17
04/27/2023,SWO,OK,ASW,CE,Federal Contract Tower,2,1,20,15,38,0,0,1,0,1,2,1,21,15,39,0,0,0,39
04/28/2023,SWO,OK,ASW,CE,Federal Contract Tower,3,0,18,6,27,0,0,5,0,5,3,0,23,6,32,18,0,18,50
04/29/2023,SWO,OK,ASW,CE,Federal Contract Tower,2,0,21,2,25,0,0,115,0,115,2,0,136,2,140,166,0,166,306
04/30/2023,SWO,OK,ASW,CE,Federal Contract Tower,3,0,7,2,12,0,0,75,5,80,3,0,82,7,92,54,0,54,146
05/01/2023,SWO,OK,ASW,CE,Federal Contract Tower,2,2,13,4,21,0,2,151,0,153,2,4,164,4,174,166,0,166,340
05/02/2023,SWO,OK,ASW,CE,Federal Contract Tower,2,5,16,2,25,0,4,151,0,155,2,9,167,2,180,220,0,220,400
05/03/2023,SWO,OK,ASW,CE,Federal Contract Tower,1,3,16,7,27,0,0,149,2,151,1,3,165,9,178,210,12,222,400
05/04/2023,SWO,OK,ASW,CE,Federal Contract Tower,2,0,5,12,19,0,2,15,0,17,2,2,20,12,36,28,0,28,64
05/05/2023,SWO,OK,ASW,CE,Federal Contract Tower,2,0,14,10,26,0,0,17,0,17,2,0,31,10,43,8,0,8,51
05/06/2023,SWO,OK,ASW,CE,Federal Contract Tower,2,1,17,0,20,0,3,62,0,65,2,4,79,0,85,108,0,108,193
05/07/2023,SWO,OK,ASW,CE,Federal Contract Tower,2,4,11,2,19,0,1,54,7,62,2,5,65,9,81,68,8,76,157
05/08/2023,SWO,OK,ASW,CE,Federal Contract Tower,1,6,8,9,24,0,3,101,5,109,1,9,109,14,133,108,2,110,243
05/09/2023,SWO,OK,ASW,CE,Federal Contract Tower,2,3,11,3,19,0,2,34,4,40,2,5,45,7,59,78,8,86,145
05/10/2023,SWO,OK,ASW,CE,Federal Contract Tower,2,2,12,6,22,0,1,98,0,99,2,3,110,6,121,122,0,122,243
05/11/2023,SWO,OK,ASW,CE,Federal Contract Tower,2,2,15,14,33,0,0,23,1,24,2,2,38,15,57,22,8,30,87
05/12/2023,SWO,OK,ASW,CE,Federal Contract Tower,2,5,15,10,32,0,0,53,3,56,2,5,68,13,88,110,20,130,218
05/13/2023,SWO,OK,ASW,CE,Federal Contract Tower,2,2,16,0,20,0,2,37,0,39,2,4,53,0,59,58,0,58,117
05/14/2023,SWO,OK,ASW,CE,Federal Contract Tower,2,2,4,0,8,0,0,2,0,2,2,2,6,0,10,0,0,0,10
05/15/2023,SWO,OK,ASW,CE,Federal Contract Tower,2,3,20,14,39,0,0,0,0,0,2,3,20,14,39,0,0,0,39
05/16/2023,SWO,OK,ASW,CE,Federal Contract Tower,3,2,36,17,58,0,2,32,1,35,3,4,68,18,93,24,2,26,119
05/17/2023,SWO,OK,ASW,CE,Federal Contract Tower,1,1,17,5,24,0,2,106,7,115,1,3,123,12,139,192,12,204,343
05/18/2023,SWO,OK,ASW,CE,Federal Contract Tower,2,0,6,2,10,0,3,130,0,133,2,3,136,2,143,250,2,252,395
05/19/2023,SWO,OK,ASW,CE,Federal Contract Tower,2,1,5,0,8,0,0,0,0,0,2,1,5,0,8,0,0,0,8
05/20/2023,SWO,OK,ASW,CE,Federal Contract Tower,2,0,8,0,10,0,1,82,0,83,2,1,90,0,93,84,0,84,177
05/21/2023,SWO,OK,ASW,CE,Federal Contract Tower,2,3,4,2,11,0,0,46,4,50,2,3,50,6,61,66,6,72,133
05/22/2023,SWO,OK,ASW,CE,Federal Contract Tower,2,0,9,5,16,0,0,104,6,110,2,0,113,11,126,146,18,164,290
05/23/2023,SWO,OK,ASW,CE,Federal Contract Tower,4,2,10,9,25,0,4,54,6,64,4,6,64,15,89,108,12,120,209
05/24/2023,SWO,OK,ASW,CE,Federal Contract Tower,2,0,7,6,15,0,0,121,8,129,2,0,128,14,144,220,8,228,372
05/25/2023,SWO,OK,ASW,CE,Federal Contract Tower,2,0,9,5,16,1,0,93,1,95,3,0,102,6,111,232,0,232,343
05/26/2023,SWO,OK,ASW,CE,Federal Contract Tower,2,2,6,0,10,0,0,67,0,67,2,2,73,0,77,116,0,116,193
05/27/2023,SWO,OK,ASW,CE,Federal Contract Tower,2,1,9,0,12,0,2,72,0,74,2,3,81,0,86,98,0,98,184
05/28/2023,SWO,OK,ASW,CE,Federal Contract Tower,3,0,2,0,5,0,0,18,0,18,3,0,20,0,23,76,0,76,99
05/29/2023,SWO,OK,ASW,CE,Federal Contract Tower,2,2,0,0,4,0,0,26,0,26,2,2,26,0,30,38,0,38,68
05/30/2023,SWO,OK,ASW,CE,Federal Contract Tower,2,3,4,4,13,0,1,103,0,104,2,4,107,4,117,132,0,132,249
05/31/2023,SWO,OK,ASW,CE,Federal Contract Tower,2,2,6,2,12,1,0,76,1,78,3,2,82,3,90,170,6,176,266
06/01/2023,SWO,OK,ASW,CE,Federal Contract Tower,2,2,7,1,12,0,0,60,1,61,2,2,67,2,73,134,0,134,207
06/02/2023,SWO,OK,ASW,CE,Federal Contract Tower,2,3,9,4,18,0,0,64,4,68,2,3,73,8,86,148,6,154,240
06/03/2023,SWO,OK,ASW,CE,Federal Contract Tower,2,2,10,0,14,0,1,20,0,21,2,3,30,0,35,44,0,44,79
06/04/2023,SWO,OK,ASW,CE,Federal Contract Tower,2,4,5,0,11,0,0,65,1,66,2,4,70,1,77,88,0,88,165
06/05/2023,SWO,OK,ASW,CE,Federal Contract Tower,4,2,11,6,23,0,1,103,0,104,4,3,114,6,127,192,0,192,319
06/06/2023,SWO,OK,ASW,CE,Federal Contract Tower,1,0,6,8,15,0,1,71,1,73,1,1,77,9,88,124,0,124,212
06/07/2023,SWO,OK,ASW,CE,Federal Contract Tower,2,2,25,10,39,0,4,149,8,161,2,6,174,18,200,220,6,226,426
06/08/2023,SWO,OK,ASW,CE,Federal Contract Tower,1,2,16,10,29,0,5,119,1,125,1,7,135,11,154,152,2,154,308
06/09/2023,SWO,OK,ASW,CE,Federal Contract Tower,2,0,8,0,10,0,1,93,2,96,2,1,101,2,106,164,0,164,270
06/10/2023,SWO,OK,ASW,CE,Federal Contract Tower,3,1,10,0,14,0,7,40,0,47,3,8,50,0,61,66,0,66,127
06/11/2023,SWO,OK,ASW,CE,Federal Contract Tower,2,2,16,6,26,0,2,48,0,50,2,4,64,6,76,96,0,96,172
06/12/2023,SWO,OK,ASW,CE,Federal Contract Tower,2,2,25,4,33,0,0,35,2,37,2,2,60,6,70,138,4,142,212
06/13/2023,SWO,OK,ASW,CE,Federal Contract Tower,2,2,20,7,31,0,1,143,7,151,2,3,163,14,182,296,14,310,492
06/14/2023,SWO,OK,ASW,CE,Federal Contract Tower,2,0,19,11,32,0,3,126,0,129,2,3,145,11,161,272,0,272,433
06/15/2023,SWO,OK,ASW,CE,Federal Contract Tower,5,3,11,4,23,0,0,67,4,71,5,3,78,8,94,180,2,182,276
06/16/2023,SWO,OK,ASW,CE,Federal Contract Tower,2,1,10,2,15,0,0,122,0,122,2,1,132,2,137,222,0,222,359
06/17/2023,SWO,OK,ASW,CE,Federal Contract Tower,2,0,3,0,5,0,0,36,0,36,2,0,39,0,41,58,0,58,99
06/18/2023,SWO,OK,ASW,CE,Federal Contract Tower,2,1,1,0,4,0,2,23,0,25,2,3,24,0,29,6,0,6,35
06/19/2023,SWO,OK,ASW,CE,Federal Contract Tower,2,1,10,0,13,0,0,94,0,94,2,1,104,0,107,192,0,192,299
06/20/2023,SWO,OK,ASW,CE,Federal Contract Tower,0,2,16,25,43,0,0,107,4,111,0,2,123,29,154,158,16,174,328
06/21/2023,SWO,OK,ASW,CE,Federal Contract Tower,1,4,9,10,24,0,0,94,10,104,1,4,103,20,128,112,4,116,244
06/22/2023,SWO,OK,ASW,CE,Federal Contract Tower,2,0,18,12,32,0,1,127,4,132,2,1,145,16,164,184,0,184,348
06/23/2023,SWO,OK,ASW,CE,Federal Contract Tower,2,2,8,0,12,0,1,73,1,75,2,3,81,1,87,162,0,162,249
06/24/2023,SWO,OK,ASW,CE,Federal Contract Tower,2,1,8,2,13,0,0,56,0,56,2,1,64,2,69,110,0,110,179
06/25/2023,SWO,OK,ASW,CE,Federal Contract Tower,2,0,5,1,8,0,1,41,4,46,2,1,46,5,54,126,16,142,196
06/26/2023,SWO,OK,ASW,CE,Federal Contract Tower,2,0,11,5,18,0,10,141,4,155,2,10,152,9,173,238,0,238,411
06/27/2023,SWO,OK,ASW,CE,Federal Contract Tower,2,0,7,8,17,0,9,44,0,53,2,9,51,8,70,76,0,76,146
06/28/2023,SWO,OK,ASW,CE,Federal Contract Tower,2,2,18,0,22,0,3,110,0,113,2,5,128,0,135,270,0,270,405
06/29/2023,SWO,OK,ASW,CE,Federal Contract Tower,2,2,18,7,29,0,0,124,2,126,2,2,142,9,155,234,2,236,391
06/30/2023,SWO,OK,ASW,CE,Federal Contract Tower,2,3,5,0,10,0,0,74,0,74,2,3,79,0,84,90,0,90,174
07/01/2023,SWO,OK,ASW,CE,Federal Contract Tower,2,3,2,0,7,0,2,21,0,23,2,5,23,0,30,10,0,10,40
07/02/2023,SWO,OK,ASW,CE,Federal Contract Tower,2,0,7,0,9,0,0,18,0,18,2,0,25,0,27,2,0,2,29
07/03/2023,SWO,OK,ASW,CE,Federal Contract Tower,2,0,5,0,7,0,0,24,0,24,2,0,29,0,31,36,0,36,67
07/04/2023,SWO,OK,ASW,CE,Federal Contract Tower,2,0,0,0,2,0,12,40,0,52,2,12,40,0,54,52,0,52,106
07/05/2023,SWO,OK,ASW,CE,Federal Contract Tower,2,0,7,12,21,0,0,37,0,37,2,0,44,12,58,148,0,148,206
07/06/2023,SWO,OK,ASW,CE,Federal Contract Tower,2,8,10,6,26,0,1,32,1,34,2,9,42,7,60,138,0,138,198
07/07/2023,SWO,OK,ASW,CE,Federal Contract Tower,2,0,4,0,6,0,0,20,0,20,2,0,24,0,26,82,0,82,108
07/08/2023,SWO,OK,ASW,CE,Federal Contract Tower,2,0,3,0,5,0,0,40,0,40,2,0,43,0,45,68,0,68,113
07/09/2023,SWO,OK,ASW,CE,Federal Contract Tower,2,0,6,5,13,0,1,25,4,30,2,1,31,9,43,32,14,46,89
07/10/2023,SWO,OK,ASW,CE,Federal Contract Tower,2,2,20,5,29,0,0,133,0,133,2,2,153,5,162,176,4,180,342
07/11/2023,SWO,OK,ASW,CE,Federal Contract Tower,2,0,18,6,26,0,1,101,2,104,2,1,119,8,130,130,0,130,260
07/12/2023,SWO,OK,ASW,CE,Federal Contract Tower,2,0,16,2,20,0,1,88,6,95,2,1,104,8,115,112,2,114,229
07/13/2023,SWO,OK,ASW,CE,Federal Contract Tower,1,1,11,5,18,0,3,86,3,92,1,4,97,8,110,138,0,138,248
07/14/2023,SWO,OK,ASW,CE,Federal Contract Tower,2,2,11,0,15,0,2,67,0,69,2,4,78,0,84,144,0,144,228
07/15/2023,SWO,OK,ASW,CE,Federal Contract Tower,2,3,9,1,15,0,3,29,2,34,2,6,38,3,49,50,18,68,117
07/16/2023,SWO,OK,ASW,CE,Federal Contract Tower,2,0,7,0,9,0,0,42,0,42,2,0,49,0,51,92,0,92,143
07/17/2023,SWO,OK,ASW,CE,Federal Contract Tower,2,0,11,6,19,0,4,104,3,111,2,4,115,9,130,170,4,174,304
07/18/2023,SWO,OK,ASW,CE,Federal Contract Tower,2,1,13,4,20,0,1,102,2,105,2,2,115,6,125,148,0,148,273
07/19/2023,SWO,OK,ASW,CE,Federal Contract Tower,2,1,23,2,28,0,0,100,1,101,2,1,123,3,129,138,0,138,267
07/20/2023,SWO,OK,ASW,CE,Federal Contract Tower,3,1,14,1,19,0,1,102,1,104,3,2,116,2,123,186,0,186,309
07/21/2023,SWO,OK,ASW,CE,Federal Contract Tower,2,0,11,0,13,0,2,44,0,46,2,2,55,0,59,54,0,54,113
07/22/2023,SWO,OK,ASW,CE,Federal Contract Tower,2,0,11,0,13,0,0,64,0,64,2,0,75,0,77,108,0,108,185
07/23/2023,SWO,OK,ASW,CE,Federal Contract Tower,2,2,7,0,11,0,0,44,0,44,2,2,51,0,55,80,0,80,135
07/24/2023,SWO,OK,ASW,CE,Federal Contract Tower,2,0,10,0,12,0,0,81,0,81,2,0,91,0,93,120,0,120,213
07/25/2023,SWO,OK,ASW,CE,Federal Contract Tower,2,0,6,0,8,0,0,66,0,66,2,0,72,0,74,86,0,86,160
07/26/2023,SWO,OK,ASW,CE,Federal Contract Tower,2,0,14,5,21,0,0,67,2,69,2,0,81,7,90,142,6,148,238
07/27/2023,SWO,OK,ASW,CE,Federal Contract Tower,2,2,16,0,20,0,4,89,0,93,2,6,105,0,113,74,0,74,187
07/28/2023,SWO,OK,ASW,CE,Federal Contract Tower,2,0,11,4,17,0,1,72,7,80,2,1,83,11,97,138,10,148,245
07/29/2023,SWO,OK,ASW,CE,Federal Contract Tower,1,2,4,0,7,0,0,62,0,62,1,2,66,0,69,84,0,84,153
07/30/2023,SWO,OK,ASW,CE,Federal Contract Tower,2,1,0,0,3,0,4,55,0,59,2,5,55,0,62,90,0,90,152
07/31/2023,SWO,OK,ASW,CE,Federal Contract Tower,2,0,4,1,7,0,0,61,5,66,2,0,65,6,73,74,6,80,153
08/01/2023,SWO,OK,ASW,CE,Federal Contract Tower,2,2,13,2,19,0,2,85,0,87,2,4,98,2,106,114,0,114,220
08/02/2023,SWO,OK,ASW,CE,Federal Contract Tower,2,0,15,2,19,0,4,75,0,79,2,4,90,2,98,110,0,110,208
08/03/2023,SWO,OK,ASW,CE,Federal Contract Tower,2,0,9,9,20,0,2,67,0,69,2,2,76,9,89,128,0,128,217
08/04/2023,SWO,OK,ASW,CE,Federal Contract Tower,4,1,8,1,14,0,2,59,4,65,4,3,67,5,79,80,6,86,165
08/05/2023,SWO,OK,ASW,CE,Federal Contract Tower,2,0,2,0,4,0,1,10,0,11,2,1,12,0,15,6,0,6,21
08/06/2023,SWO,OK,ASW,CE,Federal Contract Tower,1,1,3,0,5,0,0,29,0,29,1,1,32,0,34,22,4,26,60
08/07/2023,SWO,OK,ASW,CE,Federal Contract Tower,2,4,10,1,17,1,1,65,2,69,3,5,75,3,86,98,10,108,194
08/08/2023,SWO,OK,ASW,CE,Federal Contract Tower,3,3,20,13,39,0,2,84,0,86,3,5,104,13,125,128,14,142,267
08/09/2023,SWO,OK,ASW,CE,Federal Contract Tower,2,2,18,5,27,0,1,63,0,64,2,3,81,5,91,128,0,128,219
08/10/2023,SWO,OK,ASW,CE,Federal Contract Tower,2,3,12,0,17,0,1,81,0,82,2,4,93,0,99,104,0,104,203
08/11/2023,SWO,OK,ASW,CE,Federal Contract Tower,2,0,14,1,17,0,2,76,0,78,2,2,90,1,95,130,0,130,225
08/12/2023,SWO,OK,ASW,CE,Federal Contract Tower,2,0,4,0,6,0,0,28,0,28,2,0,32,0,34,32,0,32,66
08/13/2023,SWO,OK,ASW,CE,Federal Contract Tower,2,2,4,3,11,0,0,23,1,24,2,2,27,4,35,30,2,32,67
08/14/2023,SWO,OK,ASW,CE,Federal Contract Tower,3,1,7,6,17,0,2,56,0,58,3,3,63,6,75,112,0,112,187
08/15/2023,SWO,OK,ASW,CE,Federal Contract Tower,3,0,17,0,20,0,0,94,1,95,3,0,111,1,115,98,10,108,223
08/16/2023,SWO,OK,ASW,CE,Federal Contract Tower,2,0,13,0,15,0,2,86,2,90,2,2,99,2,105,130,16,146,251
08/17/2023,SWO,OK,ASW,CE,Federal Contract Tower,2,1,14,4,21,0,1,80,0,81,2,2,94,4,102,98,2,100,202
08/18/2023,SWO,OK,ASW,CE,Federal Contract Tower,2,6,4,0,12,0,1,65,6,72,2,7,69,6,84,60,2,62,146
08/19/2023,SWO,OK,ASW,CE,Federal Contract Tower,2,0,9,1,12,0,0,41,10,51,2,0,50,11,63,27,12,39,102
08/20/2023,SWO,OK,ASW,CE,Federal Contract Tower,2,1,5,0,8,0,0,33,0,33,2,1,38,0,41,44,0,44,85
08/21/2023,SWO,OK,ASW,CE,Federal Contract Tower,2,1,11,0,14,0,0,100,5,105,2,1,111,5,119,120,0,120,239
08/22/2023,SWO,OK,ASW,CE,Federal Contract Tower,2,3,8,0,13,0,1,93,3,97,2,4,101,3,110,116,26,142,252
08/23/2023,SWO,OK,ASW,CE,Federal Contract Tower,2,2,14,2,20,0,0,115,6,121,2,2,129,8,141,166,4,170,311
08/24/2023,SWO,OK,ASW,CE,Federal Contract Tower,2,0,10,0,12,0,0,103,2,105,2,0,113,2,117,111,0,111,228
08/25/2023,SWO,OK,ASW,CE,Federal Contract Tower,2,0,18,3,23,0,2,125,1,128,2,2,143,4,151,184,0,184,335
08/26/2023,SWO,OK,ASW,CE,Federal Contract Tower,2,0,7,6,15,0,1,73,2,76,2,1,80,8,91,64,4,68,159
08/27/2023,SWO,OK,ASW,CE,Federal Contract Tower,2,0,9,8,19,1,0,57,3,61,3,0,66,11,80,74,2,76,156
08/28/2023,SWO,OK,ASW,CE,Federal Contract Tower,2,6,15,0,23,0,1,175,4,180,2,7,190,4,203,262,0,262,465
08/29/2023,SWO,OK,ASW,CE,Federal Contract Tower,2,0,9,0,11,0,1,111,0,112,2,1,120,0,123,152,1,153,276
08/30/2023,SWO,OK,ASW,CE,Federal Contract Tower,2,2,10,4,18,0,4,104,2,110,2,6,114,6,128,186,4,190,318
08/31/2023,SWO,OK,ASW,CE,Federal Contract Tower,1,2,26,4,33,0,3,133,4,140,1,5,159,8,173,220,2,222,395
