01/01/2020,SYR,NY,AEA,EN,Combined TRACON& Tower with Radar,52,31,6,0,89,0,0,12,0,12,52,31,18,0,101,0,0,0,101
01/02/2020,SYR,NY,AEA,EN,Combined TRACON& Tower with Radar,77,43,12,8,140,0,0,20,4,24,77,43,32,12,164,0,0,0,164
01/03/2020,SYR,NY,AEA,EN,Combined TRACON& Tower with Radar,68,49,17,0,134,0,0,10,0,10,68,49,27,0,144,0,0,0,144
01/04/2020,SYR,NY,AEA,EN,Combined TRACON& Tower with Radar,65,42,6,0,113,0,0,0,0,0,65,42,6,0,113,0,0,0,113
01/05/2020,SYR,NY,AEA,EN,Combined TRACON& Tower with Radar,68,40,10,0,118,0,0,4,0,4,68,40,14,0,122,0,0,0,122
01/06/2020,SYR,NY,AEA,EN,Combined TRACON& Tower with Radar,67,44,17,5,133,0,0,7,4,11,67,44,24,9,144,0,0,0,144
01/07/2020,SYR,NY,AEA,EN,Combined TRACON& Tower with Radar,77,35,18,0,130,0,0,36,0,36,77,35,54,0,166,0,0,0,166
01/08/2020,SYR,NY,AEA,EN,Combined TRACON& Tower with Radar,78,47,12,0,137,0,0,1,0,1,78,47,13,0,138,0,0,0,138
01/09/2020,SYR,NY,AEA,EN,Combined TRACON& Tower with Radar,82,43,24,16,165,0,0,32,4,36,82,43,56,20,201,0,0,0,201
01/10/2020,SYR,NY,AEA,EN,Combined TRACON& Tower with Radar,80,41,5,0,126,0,0,4,0,4,80,41,9,0,130,0,0,0,130
01/11/2020,SYR,NY,AEA,EN,Combined TRACON& Tower with Radar,48,30,8,0,86,0,0,6,0,6,48,30,14,0,92,0,0,0,92
01/12/2020,SYR,NY,AEA,EN,Combined TRACON& Tower with Radar,69,37,6,0,112,0,0,1,0,1,69,37,7,0,113,0,0,0,113
01/13/2020,SYR,NY,AEA,EN,Combined TRACON& Tower with Radar,74,40,24,7,145,0,0,46,0,46,74,40,70,7,191,37,3,40,231
01/14/2020,SYR,NY,AEA,EN,Combined TRACON& Tower with Radar,76,38,17,13,144,0,0,39,0,39,76,38,56,13,183,0,0,0,183
01/15/2020,SYR,NY,AEA,EN,Combined TRACON& Tower with Radar,79,50,24,7,160,0,0,20,1,21,79,50,44,8,181,13,0,13,194
01/16/2020,SYR,NY,AEA,EN,Combined TRACON& Tower with Radar,88,40,16,0,144,0,0,0,0,0,88,40,16,0,144,0,0,0,144
01/17/2020,SYR,NY,AEA,EN,Combined TRACON& Tower with Radar,73,42,11,3,129,0,0,18,1,19,73,42,29,4,148,0,0,0,148
01/18/2020,SYR,NY,AEA,EN,Combined TRACON& Tower with Radar,56,25,3,0,84,0,0,5,4,9,56,25,8,4,93,14,0,14,107
01/19/2020,SYR,NY,AEA,EN,Combined TRACON& Tower with Radar,65,33,7,0,105,0,0,3,0,3,65,33,10,0,108,0,0,0,108
01/20/2020,SYR,NY,AEA,EN,Combined TRACON& Tower with Radar,74,30,5,0,109,0,0,28,0,28,74,30,33,0,137,20,0,20,157
01/21/2020,SYR,NY,AEA,EN,Combined TRACON& Tower with Radar,79,44,17,8,148,0,0,18,15,33,79,44,35,23,181,48,12,60,241
01/22/2020,SYR,NY,AEA,EN,Combined TRACON& Tower with Radar,83,41,14,9,147,0,0,33,3,36,83,41,47,12,183,12,0,12,195
01/23/2020,SYR,NY,AEA,EN,Combined TRACON& Tower with Radar,89,38,24,10,161,0,0,35,14,49,89,38,59,24,210,0,18,18,228
01/24/2020,SYR,NY,AEA,EN,Combined TRACON& Tower with Radar,78,41,11,1,131,0,0,26,3,29,78,41,37,4,160,0,0,0,160
01/25/2020,SYR,NY,AEA,EN,Combined TRACON& Tower with Radar,58,27,2,0,87,0,0,0,0,0,58,27,2,0,87,0,0,0,87
01/26/2020,SYR,NY,AEA,EN,Combined TRACON& Tower with Radar,64,43,1,0,108,0,0,2,0,2,64,43,3,0,110,0,0,0,110
01/27/2020,SYR,NY,AEA,EN,Combined TRACON& Tower with Radar,74,43,12,0,129,0,0,0,0,0,74,43,12,0,129,0,0,0,129
01/28/2020,SYR,NY,AEA,EN,Combined TRACON& Tower with Radar,79,44,13,6,142,0,0,4,0,4,79,44,17,6,146,0,0,0,146
01/29/2020,SYR,NY,AEA,EN,Combined TRACON& Tower with Radar,79,46,22,6,153,0,0,20,54,74,79,46,42,60,227,0,66,66,293
01/30/2020,SYR,NY,AEA,EN,Combined TRACON& Tower with Radar,85,46,9,9,149,0,0,40,0,40,85,46,49,9,189,0,0,0,189
01/31/2020,SYR,NY,AEA,EN,Combined TRACON& Tower with Radar,78,42,13,1,134,0,0,18,1,19,78,42,31,2,153,24,0,24,177
02/01/2020,SYR,NY,AEA,EN,Combined TRACON& Tower with Radar,58,34,7,0,99,0,0,12,6,18,58,34,19,6,117,0,0,0,117
02/02/2020,SYR,NY,AEA,EN,Combined TRACON& Tower with Radar,60,33,19,0,112,0,0,0,0,0,60,33,19,0,112,0,0,0,112
02/03/2020,SYR,NY,AEA,EN,Combined TRACON& Tower with Radar,70,41,14,6,131,0,1,24,2,27,70,42,38,8,158,0,0,0,158
02/04/2020,SYR,NY,AEA,EN,Combined TRACON& Tower with Radar,79,38,9,8,134,0,0,12,0,12,79,38,21,8,146,13,2,15,161
02/05/2020,SYR,NY,AEA,EN,Combined TRACON& Tower with Radar,78,45,12,9,144,0,0,20,2,22,78,45,32,11,166,0,0,0,166
02/06/2020,SYR,NY,AEA,EN,Combined TRACON& Tower with Radar,77,35,4,0,116,0,0,0,0,0,77,35,4,0,116,0,0,0,116
02/07/2020,SYR,NY,AEA,EN,Combined TRACON& Tower with Radar,67,27,6,0,100,0,0,0,0,0,67,27,6,0,100,0,0,0,100
02/08/2020,SYR,NY,AEA,EN,Combined TRACON& Tower with Radar,57,38,5,21,121,0,0,9,1,10,57,38,14,22,131,6,24,30,161
02/09/2020,SYR,NY,AEA,EN,Combined TRACON& Tower with Radar,67,29,11,0,107,0,0,19,3,22,67,29,30,3,129,6,0,6,135
02/10/2020,SYR,NY,AEA,EN,Combined TRACON& Tower with Radar,74,44,11,2,131,0,0,4,0,4,74,44,15,2,135,0,0,0,135
02/11/2020,SYR,NY,AEA,EN,Combined TRACON& Tower with Radar,82,35,12,4,133,0,0,3,0,3,82,35,15,4,136,12,0,12,148
02/12/2020,SYR,NY,AEA,EN,Combined TRACON& Tower with Radar,81,43,15,16,155,0,0,34,5,39,81,43,49,21,194,10,14,24,218
02/13/2020,SYR,NY,AEA,EN,Combined TRACON& Tower with Radar,73,51,2,0,126,0,0,0,0,0,73,51,2,0,126,0,0,0,126
02/14/2020,SYR,NY,AEA,EN,Combined TRACON& Tower with Radar,79,53,10,0,142,0,0,17,0,17,79,53,27,0,159,0,0,0,159
02/15/2020,SYR,NY,AEA,EN,Combined TRACON& Tower with Radar,76,35,16,0,127,0,0,43,2,45,76,35,59,2,172,0,0,0,172
02/16/2020,SYR,NY,AEA,EN,Combined TRACON& Tower with Radar,63,35,9,0,107,0,1,18,4,23,63,36,27,4,130,4,0,4,134
02/17/2020,SYR,NY,AEA,EN,Combined TRACON& Tower with Radar,69,42,15,0,126,0,0,26,6,32,69,42,41,6,158,0,0,0,158
02/18/2020,SYR,NY,AEA,EN,Combined TRACON& Tower with Radar,83,47,18,0,148,0,0,0,0,0,83,47,18,0,148,0,0,0,148
02/19/2020,SYR,NY,AEA,EN,Combined TRACON& Tower with Radar,85,45,23,7,160,0,0,2,1,3,85,45,25,8,163,0,0,0,163
02/20/2020,SYR,NY,AEA,EN,Combined TRACON& Tower with Radar,84,44,18,8,154,0,0,7,0,7,84,44,25,8,161,0,0,0,161
02/21/2020,SYR,NY,AEA,EN,Combined TRACON& Tower with Radar,77,49,9,1,136,0,0,28,11,39,77,49,37,12,175,33,0,33,208
02/22/2020,SYR,NY,AEA,EN,Combined TRACON& Tower with Radar,77,41,7,0,125,0,0,37,14,51,77,41,44,14,176,12,0,12,188
02/23/2020,SYR,NY,AEA,EN,Combined TRACON& Tower with Radar,71,39,11,0,121,0,0,46,4,50,71,39,57,4,171,0,0,0,171
02/24/2020,SYR,NY,AEA,EN,Combined TRACON& Tower with Radar,72,46,17,16,151,0,0,44,10,54,72,46,61,26,205,0,58,58,263
02/25/2020,SYR,NY,AEA,EN,Combined TRACON& Tower with Radar,84,44,18,6,152,0,0,19,0,19,84,44,37,6,171,0,0,0,171
02/26/2020,SYR,NY,AEA,EN,Combined TRACON& Tower with Radar,85,53,15,0,153,0,0,4,0,4,85,53,19,0,157,0,0,0,157
02/27/2020,SYR,NY,AEA,EN,Combined TRACON& Tower with Radar,83,52,11,0,146,0,0,1,0,1,83,52,12,0,147,0,0,0,147
02/28/2020,SYR,NY,AEA,EN,Combined TRACON& Tower with Radar,80,53,3,0,136,0,0,1,0,1,80,53,4,0,137,0,0,0,137
02/29/2020,SYR,NY,AEA,EN,Combined TRACON& Tower with Radar,66,44,10,0,120,0,0,0,0,0,66,44,10,0,120,0,0,0,120
03/01/2020,SYR,NY,AEA,EN,Combined TRACON& Tower with Radar,70,41,16,0,127,0,0,33,0,33,70,41,49,0,160,10,0,10,170
03/02/2020,SYR,NY,AEA,EN,Combined TRACON& Tower with Radar,73,38,10,3,124,0,0,10,7,17,73,38,20,10,141,20,10,30,171
03/03/2020,SYR,NY,AEA,EN,Combined TRACON& Tower with Radar,89,43,9,1,142,0,0,0,0,0,89,43,9,1,142,0,0,0,142
03/04/2020,SYR,NY,AEA,EN,Combined TRACON& Tower with Radar,82,42,17,9,150,0,0,21,13,34,82,42,38,22,184,6,16,22,206
03/05/2020,SYR,NY,AEA,EN,Combined TRACON& Tower with Radar,88,42,17,6,153,0,0,48,2,50,88,42,65,8,203,0,0,0,203
03/06/2020,SYR,NY,AEA,EN,Combined TRACON& Tower with Radar,80,45,12,0,137,0,0,3,0,3,80,45,15,0,140,0,0,0,140
03/07/2020,SYR,NY,AEA,EN,Combined TRACON& Tower with Radar,71,33,4,8,116,0,0,39,6,45,71,33,43,14,161,0,0,0,161
03/08/2020,SYR,NY,AEA,EN,Combined TRACON& Tower with Radar,70,32,11,0,113,0,0,43,7,50,70,32,54,7,163,24,0,24,187
03/09/2020,SYR,NY,AEA,EN,Combined TRACON& Tower with Radar,74,42,10,20,146,0,1,42,7,50,74,43,52,27,196,0,24,24,220
03/10/2020,SYR,NY,AEA,EN,Combined TRACON& Tower with Radar,84,35,27,0,146,0,0,0,0,0,84,35,27,0,146,0,0,0,146
03/11/2020,SYR,NY,AEA,EN,Combined TRACON& Tower with Radar,82,40,17,11,150,0,0,52,3,55,82,40,69,14,205,4,0,4,209
03/12/2020,SYR,NY,AEA,EN,Combined TRACON& Tower with Radar,90,37,19,10,156,0,9,22,2,33,90,46,41,12,189,0,0,0,189
03/13/2020,SYR,NY,AEA,EN,Combined TRACON& Tower with Radar,82,48,10,0,140,0,0,0,0,0,82,48,10,0,140,0,0,0,140
03/14/2020,SYR,NY,AEA,EN,Combined TRACON& Tower with Radar,70,46,13,0,129,0,0,13,0,13,70,46,26,0,142,0,0,0,142
03/15/2020,SYR,NY,AEA,EN,Combined TRACON& Tower with Radar,76,34,10,0,120,0,0,32,6,38,76,34,42,6,158,44,0,44,202
03/16/2020,SYR,NY,AEA,EN,Combined TRACON& Tower with Radar,74,38,8,6,126,0,0,20,2,22,74,38,28,8,148,8,0,8,156
03/17/2020,SYR,NY,AEA,EN,Combined TRACON& Tower with Radar,86,38,11,6,141,0,0,0,0,0,86,38,11,6,141,16,0,16,157
03/18/2020,SYR,NY,AEA,EN,Combined TRACON& Tower with Radar,85,42,1,11,139,0,0,22,5,27,85,42,23,16,166,42,22,64,230
03/19/2020,SYR,NY,AEA,EN,Combined TRACON& Tower with Radar,93,42,16,6,157,0,0,12,2,14,93,42,28,8,171,22,0,22,193
03/20/2020,SYR,NY,AEA,EN,Combined TRACON& Tower with Radar,78,37,4,7,126,0,0,1,3,4,78,37,5,10,130,8,16,24,154
03/21/2020,SYR,NY,AEA,EN,Combined TRACON& Tower with Radar,54,30,9,2,95,0,0,18,4,22,54,30,27,6,117,0,0,0,117
03/22/2020,SYR,NY,AEA,EN,Combined TRACON& Tower with Radar,59,26,7,0,92,0,0,31,2,33,59,26,38,2,125,30,0,30,155
03/23/2020,SYR,NY,AEA,EN,Combined TRACON& Tower with Radar,45,25,1,0,71,0,0,0,0,0,45,25,1,0,71,0,0,0,71
03/24/2020,SYR,NY,AEA,EN,Combined TRACON& Tower with Radar,60,22,4,10,96,0,0,2,0,2,60,22,6,10,98,0,0,0,98
03/25/2020,SYR,NY,AEA,EN,Combined TRACON& Tower with Radar,50,27,5,8,90,0,1,5,0,6,50,28,10,8,96,0,0,0,96
03/26/2020,SYR,NY,AEA,EN,Combined TRACON& Tower with Radar,43,11,4,9,67,0,0,18,7,25,43,11,22,16,92,0,0,0,92
03/27/2020,SYR,NY,AEA,EN,Combined TRACON& Tower with Radar,36,17,5,0,58,0,0,11,2,13,36,17,16,2,71,0,0,0,71
03/28/2020,SYR,NY,AEA,EN,Combined TRACON& Tower with Radar,17,22,4,0,43,0,0,2,0,2,17,22,6,0,45,0,0,0,45
03/29/2020,SYR,NY,AEA,EN,Combined TRACON& Tower with Radar,25,18,1,0,44,0,0,0,0,0,25,18,1,0,44,0,0,0,44
03/30/2020,SYR,NY,AEA,EN,Combined TRACON& Tower with Radar,26,18,4,6,54,0,0,0,0,0,26,18,4,6,54,0,0,0,54
03/31/2020,SYR,NY,AEA,EN,Combined TRACON& Tower with Radar,36,20,3,20,79,0,0,5,9,14,36,20,8,29,93,0,35,35,128
04/01/2020,SYR,NY,AEA,EN,Combined TRACON& Tower with Radar,29,9,7,8,53,0,2,18,8,28,29,11,25,16,81,0,16,16,97
04/02/2020,SYR,NY,AEA,EN,Combined TRACON& Tower with Radar,45,11,5,6,67,0,0,10,0,10,45,11,15,6,77,0,0,0,77
04/03/2020,SYR,NY,AEA,EN,Combined TRACON& Tower with Radar,36,10,9,0,55,0,0,0,0,0,36,10,9,0,55,0,0,0,55
04/04/2020,SYR,NY,AEA,EN,Combined TRACON& Tower with Radar,21,8,7,0,36,0,0,12,0,12,21,8,19,0,48,0,0,0,48
04/05/2020,SYR,NY,AEA,EN,Combined TRACON& Tower with Radar,35,4,0,0,39,0,1,6,0,7,35,5,6,0,46,0,0,0,46
04/06/2020,SYR,NY,AEA,EN,Combined TRACON& Tower with Radar,30,5,11,13,59,0,0,29,0,29,30,5,40,13,88,18,0,18,106
04/07/2020,SYR,NY,AEA,EN,Combined TRACON& Tower with Radar,35,9,12,23,79,0,0,31,4,35,35,9,43,27,114,36,20,56,170
04/08/2020,SYR,NY,AEA,EN,Combined TRACON& Tower with Radar,33,8,1,6,48,0,0,3,0,3,33,8,4,6,51,0,0,0,51
04/09/2020,SYR,NY,AEA,EN,Combined TRACON& Tower with Radar,39,5,0,6,50,0,0,0,0,0,39,5,0,6,50,0,0,0,50
04/10/2020,SYR,NY,AEA,EN,Combined TRACON& Tower with Radar,35,11,4,0,50,0,0,2,0,2,35,11,6,0,52,0,0,0,52
04/11/2020,SYR,NY,AEA,EN,Combined TRACON& Tower with Radar,25,11,1,0,37,0,0,10,0,10,25,11,11,0,47,0,0,0,47
04/12/2020,SYR,NY,AEA,EN,Combined TRACON& Tower with Radar,25,10,2,0,37,0,0,11,0,11,25,10,13,0,48,0,0,0,48
04/13/2020,SYR,NY,AEA,EN,Combined TRACON& Tower with Radar,27,6,4,0,37,0,0,2,0,2,27,6,6,0,39,0,0,0,39
04/14/2020,SYR,NY,AEA,EN,Combined TRACON& Tower with Radar,31,14,5,25,75,0,0,5,0,5,31,14,10,25,80,0,14,14,94
04/15/2020,SYR,NY,AEA,EN,Combined TRACON& Tower with Radar,30,9,8,12,59,0,0,14,0,14,30,9,22,12,73,6,0,6,79
04/16/2020,SYR,NY,AEA,EN,Combined TRACON& Tower with Radar,27,10,1,10,48,0,0,2,0,2,27,10,3,10,50,0,0,0,50
04/17/2020,SYR,NY,AEA,EN,Combined TRACON& Tower with Radar,19,7,2,0,28,0,0,6,0,6,19,7,8,0,34,0,0,0,34
04/18/2020,SYR,NY,AEA,EN,Combined TRACON& Tower with Radar,12,7,4,0,23,0,0,16,0,16,12,7,20,0,39,24,0,24,63
04/19/2020,SYR,NY,AEA,EN,Combined TRACON& Tower with Radar,15,3,7,0,25,0,0,19,0,19,15,3,26,0,44,0,0,0,44
04/20/2020,SYR,NY,AEA,EN,Combined TRACON& Tower with Radar,18,3,12,6,39,0,0,27,0,27,18,3,39,6,66,24,0,24,90
04/21/2020,SYR,NY,AEA,EN,Combined TRACON& Tower with Radar,27,8,2,5,42,0,0,0,1,1,27,8,2,6,43,0,0,0,43
04/22/2020,SYR,NY,AEA,EN,Combined TRACON& Tower with Radar,26,8,3,8,45,0,0,6,0,6,26,8,9,8,51,0,0,0,51
04/23/2020,SYR,NY,AEA,EN,Combined TRACON& Tower with Radar,28,11,4,0,43,0,0,7,48,55,28,11,11,48,98,0,57,57,155
04/24/2020,SYR,NY,AEA,EN,Combined TRACON& Tower with Radar,22,16,10,0,48,0,0,11,0,11,22,16,21,0,59,0,0,0,59
04/25/2020,SYR,NY,AEA,EN,Combined TRACON& Tower with Radar,13,8,8,0,29,0,0,39,2,41,13,8,47,2,70,45,0,45,115
04/26/2020,SYR,NY,AEA,EN,Combined TRACON& Tower with Radar,13,4,3,0,20,0,0,4,0,4,13,4,7,0,24,0,0,0,24
04/27/2020,SYR,NY,AEA,EN,Combined TRACON& Tower with Radar,15,12,2,6,35,0,0,4,0,4,15,12,6,6,39,0,0,0,39
04/28/2020,SYR,NY,AEA,EN,Combined TRACON& Tower with Radar,20,12,9,10,51,0,0,29,35,64,20,12,38,45,115,30,54,84,199
04/29/2020,SYR,NY,AEA,EN,Combined TRACON& Tower with Radar,27,9,6,6,48,0,2,0,29,31,27,11,6,35,79,0,22,22,101
04/30/2020,SYR,NY,AEA,EN,Combined TRACON& Tower with Radar,33,8,5,4,50,0,0,1,34,35,33,8,6,38,85,0,48,48,133
05/01/2020,SYR,NY,AEA,EN,Combined TRACON& Tower with Radar,29,14,9,0,52,0,0,0,0,0,29,14,9,0,52,0,0,0,52
05/02/2020,SYR,NY,AEA,EN,Combined TRACON& Tower with Radar,17,7,6,22,52,0,0,17,5,22,17,7,23,27,74,20,28,48,122
05/03/2020,SYR,NY,AEA,EN,Combined TRACON& Tower with Radar,24,19,3,4,50,0,7,26,57,90,24,26,29,61,140,28,84,112,252
05/04/2020,SYR,NY,AEA,EN,Combined TRACON& Tower with Radar,21,17,7,4,49,0,0,4,2,6,21,17,11,6,55,0,16,16,71
05/05/2020,SYR,NY,AEA,EN,Combined TRACON& Tower with Radar,27,9,6,9,51,0,0,32,1,33,27,9,38,10,84,0,0,0,84
05/06/2020,SYR,NY,AEA,EN,Combined TRACON& Tower with Radar,26,7,16,6,55,0,0,31,0,31,26,7,47,6,86,24,0,24,110
05/07/2020,SYR,NY,AEA,EN,Combined TRACON& Tower with Radar,40,10,2,7,59,0,0,12,8,20,40,10,14,15,79,8,14,22,101
05/08/2020,SYR,NY,AEA,EN,Combined TRACON& Tower with Radar,27,16,9,0,52,0,0,9,0,9,27,16,18,0,61,0,0,0,61
05/09/2020,SYR,NY,AEA,EN,Combined TRACON& Tower with Radar,12,9,1,0,22,0,0,0,0,0,12,9,1,0,22,0,0,0,22
05/10/2020,SYR,NY,AEA,EN,Combined TRACON& Tower with Radar,30,5,3,0,38,0,0,7,0,7,30,5,10,0,45,0,0,0,45
05/11/2020,SYR,NY,AEA,EN,Combined TRACON& Tower with Radar,18,11,7,0,36,0,0,1,0,1,18,11,8,0,37,0,0,0,37
05/12/2020,SYR,NY,AEA,EN,Combined TRACON& Tower with Radar,27,9,8,3,47,0,0,12,0,12,27,9,20,3,59,10,0,10,69
05/13/2020,SYR,NY,AEA,EN,Combined TRACON& Tower with Radar,28,13,16,0,57,0,0,33,0,33,28,13,49,0,90,0,0,0,90
05/14/2020,SYR,NY,AEA,EN,Combined TRACON& Tower with Radar,37,10,6,0,53,0,0,12,2,14,37,10,18,2,67,16,0,16,83
05/15/2020,SYR,NY,AEA,EN,Combined TRACON& Tower with Radar,28,14,11,0,53,0,1,3,0,4,28,15,14,0,57,0,0,0,57
05/16/2020,SYR,NY,AEA,EN,Combined TRACON& Tower with Radar,16,14,18,0,48,0,0,28,0,28,16,14,46,0,76,0,0,0,76
05/17/2020,SYR,NY,AEA,EN,Combined TRACON& Tower with Radar,25,6,12,0,43,0,0,25,0,25,25,6,37,0,68,0,0,0,68
05/18/2020,SYR,NY,AEA,EN,Combined TRACON& Tower with Radar,25,10,6,4,45,0,0,2,7,9,25,10,8,11,54,0,0,0,54
05/19/2020,SYR,NY,AEA,EN,Combined TRACON& Tower with Radar,25,9,10,5,49,0,0,29,51,80,25,9,39,56,129,0,58,58,187
05/20/2020,SYR,NY,AEA,EN,Combined TRACON& Tower with Radar,31,14,14,6,65,0,0,44,37,81,31,14,58,43,146,22,58,80,226
05/21/2020,SYR,NY,AEA,EN,Combined TRACON& Tower with Radar,38,8,8,10,64,0,0,55,48,103,38,8,63,58,167,32,80,112,279
05/22/2020,SYR,NY,AEA,EN,Combined TRACON& Tower with Radar,29,12,4,0,45,0,0,23,2,25,29,12,27,2,70,0,0,0,70
05/23/2020,SYR,NY,AEA,EN,Combined TRACON& Tower with Radar,12,8,16,0,36,0,0,18,0,18,12,8,34,0,54,0,0,0,54
05/24/2020,SYR,NY,AEA,EN,Combined TRACON& Tower with Radar,19,8,5,0,32,0,1,23,0,24,19,9,28,0,56,14,0,14,70
05/25/2020,SYR,NY,AEA,EN,Combined TRACON& Tower with Radar,17,13,9,0,39,0,1,8,0,9,17,14,17,0,48,0,0,0,48
05/26/2020,SYR,NY,AEA,EN,Combined TRACON& Tower with Radar,19,10,10,21,60,0,0,24,57,81,19,10,34,78,141,23,78,101,242
05/27/2020,SYR,NY,AEA,EN,Combined TRACON& Tower with Radar,32,16,11,7,66,0,0,24,30,54,32,16,35,37,120,8,44,52,172
05/28/2020,SYR,NY,AEA,EN,Combined TRACON& Tower with Radar,36,14,4,15,69,0,0,5,1,6,36,14,9,16,75,0,0,0,75
05/29/2020,SYR,NY,AEA,EN,Combined TRACON& Tower with Radar,31,9,5,0,45,0,0,6,0,6,31,9,11,0,51,8,0,8,59
05/30/2020,SYR,NY,AEA,EN,Combined TRACON& Tower with Radar,14,7,6,0,27,0,1,7,0,8,14,8,13,0,35,0,0,0,35
05/31/2020,SYR,NY,AEA,EN,Combined TRACON& Tower with Radar,25,5,9,0,39,0,0,14,0,14,25,5,23,0,53,4,0,4,57
06/01/2020,SYR,NY,AEA,EN,Combined TRACON& Tower with Radar,29,10,9,3,51,0,1,21,34,56,29,11,30,37,107,14,52,66,173
06/02/2020,SYR,NY,AEA,EN,Combined TRACON& Tower with Radar,31,9,20,6,66,0,1,29,36,66,31,10,49,42,132,34,52,86,218
06/03/2020,SYR,NY,AEA,EN,Combined TRACON& Tower with Radar,29,16,14,35,94,0,0,5,27,32,29,16,19,62,126,28,68,96,222
06/04/2020,SYR,NY,AEA,EN,Combined TRACON& Tower with Radar,45,11,15,30,101,0,0,39,2,41,45,11,54,32,142,38,16,54,196
06/05/2020,SYR,NY,AEA,EN,Combined TRACON& Tower with Radar,33,15,7,23,78,0,1,21,13,35,33,16,28,36,113,0,36,36,149
06/06/2020,SYR,NY,AEA,EN,Combined TRACON& Tower with Radar,17,8,6,0,31,0,0,12,2,14,17,8,18,2,45,8,0,8,53
06/07/2020,SYR,NY,AEA,EN,Combined TRACON& Tower with Radar,30,6,26,4,66,0,0,34,42,76,30,6,60,46,142,12,49,61,203
06/08/2020,SYR,NY,AEA,EN,Combined TRACON& Tower with Radar,31,9,12,6,58,0,0,41,0,41,31,9,53,6,99,28,0,28,127
06/09/2020,SYR,NY,AEA,EN,Combined TRACON& Tower with Radar,34,9,4,8,55,0,0,39,10,49,34,9,43,18,104,48,22,70,174
06/10/2020,SYR,NY,AEA,EN,Combined TRACON& Tower with Radar,33,16,10,7,66,0,0,11,28,39,33,16,21,35,105,8,40,48,153
06/11/2020,SYR,NY,AEA,EN,Combined TRACON& Tower with Radar,48,12,7,6,73,0,1,13,10,24,48,13,20,16,97,4,16,20,117
06/12/2020,SYR,NY,AEA,EN,Combined TRACON& Tower with Radar,35,11,13,0,59,0,2,17,0,19,35,13,30,0,78,8,0,8,86
06/13/2020,SYR,NY,AEA,EN,Combined TRACON& Tower with Radar,17,5,7,0,29,0,0,12,2,14,17,5,19,2,43,20,0,20,63
06/14/2020,SYR,NY,AEA,EN,Combined TRACON& Tower with Radar,32,7,6,0,45,0,0,22,0,22,32,7,28,0,67,0,0,0,67
06/15/2020,SYR,NY,AEA,EN,Combined TRACON& Tower with Radar,35,7,12,10,64,0,0,32,18,50,35,7,44,28,114,18,32,50,164
06/16/2020,SYR,NY,AEA,EN,Combined TRACON& Tower with Radar,31,5,14,10,60,0,2,40,4,46,31,7,54,14,106,78,0,78,184
06/17/2020,SYR,NY,AEA,EN,Combined TRACON& Tower with Radar,31,13,15,24,83,0,1,42,2,45,31,14,57,26,128,14,8,22,150
06/18/2020,SYR,NY,AEA,EN,Combined TRACON& Tower with Radar,45,12,6,8,71,0,0,29,31,60,45,12,35,39,131,0,50,50,181
06/19/2020,SYR,NY,AEA,EN,Combined TRACON& Tower with Radar,35,10,18,2,65,0,2,24,0,26,35,12,42,2,91,3,3,6,97
06/20/2020,SYR,NY,AEA,EN,Combined TRACON& Tower with Radar,23,7,9,0,39,0,0,18,0,18,23,7,27,0,57,0,0,0,57
06/21/2020,SYR,NY,AEA,EN,Combined TRACON& Tower with Radar,34,8,9,0,51,0,1,24,2,27,34,9,33,2,78,0,0,0,78
06/22/2020,SYR,NY,AEA,EN,Combined TRACON& Tower with Radar,33,18,10,6,67,0,1,15,0,16,33,19,25,6,83,27,0,27,110
06/23/2020,SYR,NY,AEA,EN,Combined TRACON& Tower with Radar,31,12,6,10,59,0,0,24,0,24,31,12,30,10,83,14,0,14,97
06/24/2020,SYR,NY,AEA,EN,Combined TRACON& Tower with Radar,33,9,17,12,71,0,1,19,30,50,33,10,36,42,121,44,106,150,271
06/25/2020,SYR,NY,AEA,EN,Combined TRACON& Tower with Radar,47,20,12,4,83,0,0,36,0,36,47,20,48,4,119,0,0,0,119
06/26/2020,SYR,NY,AEA,EN,Combined TRACON& Tower with Radar,37,16,10,2,65,0,1,29,0,30,37,17,39,2,95,32,0,32,127
06/27/2020,SYR,NY,AEA,EN,Combined TRACON& Tower with Radar,23,7,13,0,43,0,0,1,0,1,23,7,14,0,44,0,0,0,44
06/28/2020,SYR,NY,AEA,EN,Combined TRACON& Tower with Radar,34,9,5,0,48,0,0,6,0,6,34,9,11,0,54,0,0,0,54
06/29/2020,SYR,NY,AEA,EN,Combined TRACON& Tower with Radar,33,14,14,0,61,0,4,22,0,26,33,18,36,0,87,38,0,38,125
06/30/2020,SYR,NY,AEA,EN,Combined TRACON& Tower with Radar,31,17,5,0,53,0,0,7,2,9,31,17,12,2,62,50,0,50,112
07/01/2020,SYR,NY,AEA,EN,Combined TRACON& Tower with Radar,34,18,23,11,86,0,0,8,1,9,34,18,31,12,95,0,6,6,101
07/02/2020,SYR,NY,AEA,EN,Combined TRACON& Tower with Radar,45,11,14,2,72,0,1,28,0,29,45,12,42,2,101,0,0,0,101
07/03/2020,SYR,NY,AEA,EN,Combined TRACON& Tower with Radar,36,13,17,0,66,0,0,9,0,9,36,13,26,0,75,0,0,0,75
07/04/2020,SYR,NY,AEA,EN,Combined TRACON& Tower with Radar,23,7,16,0,46,0,0,18,0,18,23,7,34,0,64,22,0,22,86
07/05/2020,SYR,NY,AEA,EN,Combined TRACON& Tower with Radar,35,9,14,0,58,0,1,20,0,21,35,10,34,0,79,0,0,0,79
07/06/2020,SYR,NY,AEA,EN,Combined TRACON& Tower with Radar,34,12,6,25,77,0,2,25,7,34,34,14,31,32,111,12,12,24,135
07/07/2020,SYR,NY,AEA,EN,Combined TRACON& Tower with Radar,38,12,13,22,85,0,0,13,15,28,38,12,26,37,113,34,16,50,163
07/08/2020,SYR,NY,AEA,EN,Combined TRACON& Tower with Radar,38,13,17,11,79,0,0,11,29,40,38,13,28,40,119,32,50,82,201
07/09/2020,SYR,NY,AEA,EN,Combined TRACON& Tower with Radar,51,20,9,17,97,0,0,24,25,49,51,20,33,42,146,22,54,76,222
07/10/2020,SYR,NY,AEA,EN,Combined TRACON& Tower with Radar,44,19,11,0,74,0,0,18,0,18,44,19,29,0,92,0,0,0,92
07/11/2020,SYR,NY,AEA,EN,Combined TRACON& Tower with Radar,34,11,26,0,71,0,0,3,0,3,34,11,29,0,74,0,0,0,74
07/12/2020,SYR,NY,AEA,EN,Combined TRACON& Tower with Radar,38,12,20,0,70,0,0,13,0,13,38,12,33,0,83,0,0,0,83
07/13/2020,SYR,NY,AEA,EN,Combined TRACON& Tower with Radar,36,18,12,0,66,0,0,18,0,18,36,18,30,0,84,16,0,16,100
07/14/2020,SYR,NY,AEA,EN,Combined TRACON& Tower with Radar,39,16,15,14,84,0,1,44,8,53,39,17,59,22,137,34,20,54,191
07/15/2020,SYR,NY,AEA,EN,Combined TRACON& Tower with Radar,38,11,29,21,99,0,0,56,15,71,38,11,85,36,170,18,28,46,216
07/16/2020,SYR,NY,AEA,EN,Combined TRACON& Tower with Radar,51,17,4,18,90,0,0,9,3,12,51,17,13,21,102,6,8,14,116
07/17/2020,SYR,NY,AEA,EN,Combined TRACON& Tower with Radar,44,20,10,0,74,0,0,18,0,18,44,20,28,0,92,12,0,12,104
07/18/2020,SYR,NY,AEA,EN,Combined TRACON& Tower with Radar,34,16,17,1,68,0,3,42,0,45,34,19,59,1,113,30,0,30,143
07/19/2020,SYR,NY,AEA,EN,Combined TRACON& Tower with Radar,38,13,12,0,63,0,0,10,0,10,38,13,22,0,73,0,0,0,73
07/20/2020,SYR,NY,AEA,EN,Combined TRACON& Tower with Radar,38,18,8,23,87,0,0,26,2,28,38,18,34,25,115,6,8,14,129
07/21/2020,SYR,NY,AEA,EN,Combined TRACON& Tower with Radar,39,17,21,14,91,0,2,36,6,44,39,19,57,20,135,34,2,36,171
07/22/2020,SYR,NY,AEA,EN,Combined TRACON& Tower with Radar,38,15,14,0,67,0,0,26,18,44,38,15,40,18,111,46,28,74,185
07/23/2020,SYR,NY,AEA,EN,Combined TRACON& Tower with Radar,53,22,15,3,93,0,0,16,0,16,53,22,31,3,109,0,0,0,109
07/24/2020,SYR,NY,AEA,EN,Combined TRACON& Tower with Radar,42,14,17,1,74,0,0,51,3,54,42,14,68,4,128,24,0,24,152
07/25/2020,SYR,NY,AEA,EN,Combined TRACON& Tower with Radar,34,15,6,0,55,0,0,45,0,45,34,15,51,0,100,24,0,24,124
07/26/2020,SYR,NY,AEA,EN,Combined TRACON& Tower with Radar,38,22,14,0,74,0,0,39,0,39,38,22,53,0,113,8,0,8,121
07/27/2020,SYR,NY,AEA,EN,Combined TRACON& Tower with Radar,36,20,9,3,68,0,3,15,7,25,36,23,24,10,93,18,0,18,111
07/28/2020,SYR,NY,AEA,EN,Combined TRACON& Tower with Radar,39,13,14,6,72,0,1,36,2,39,39,14,50,8,111,22,0,22,133
07/29/2020,SYR,NY,AEA,EN,Combined TRACON& Tower with Radar,36,17,23,0,76,0,2,19,0,21,36,19,42,0,97,49,0,49,146
07/30/2020,SYR,NY,AEA,EN,Combined TRACON& Tower with Radar,51,21,21,4,97,0,0,39,25,64,51,21,60,29,161,12,0,12,173
07/31/2020,SYR,NY,AEA,EN,Combined TRACON& Tower with Radar,41,20,8,8,77,0,0,36,8,44,41,20,44,16,121,14,12,26,147
08/01/2020,SYR,NY,AEA,EN,Combined TRACON& Tower with Radar,34,14,12,0,60,0,1,30,0,31,34,15,42,0,91,17,0,17,108
08/02/2020,SYR,NY,AEA,EN,Combined TRACON& Tower with Radar,40,19,12,0,71,0,0,7,0,7,40,19,19,0,78,0,0,0,78
08/03/2020,SYR,NY,AEA,EN,Combined TRACON& Tower with Radar,42,29,8,29,108,0,0,30,2,32,42,29,38,31,140,3,10,13,153
08/04/2020,SYR,NY,AEA,EN,Combined TRACON& Tower with Radar,45,13,6,0,64,0,0,4,0,4,45,13,10,0,68,0,0,0,68
08/05/2020,SYR,NY,AEA,EN,Combined TRACON& Tower with Radar,44,16,10,10,80,0,0,32,31,63,44,16,42,41,143,0,20,20,163
08/06/2020,SYR,NY,AEA,EN,Combined TRACON& Tower with Radar,53,17,12,8,90,0,0,48,9,57,53,17,60,17,147,48,16,64,211
08/07/2020,SYR,NY,AEA,EN,Combined TRACON& Tower with Radar,46,14,15,4,79,0,0,28,0,28,46,14,43,4,107,20,0,20,127
08/08/2020,SYR,NY,AEA,EN,Combined TRACON& Tower with Radar,33,10,15,2,60,0,0,29,11,40,33,10,44,13,100,16,2,18,118
08/09/2020,SYR,NY,AEA,EN,Combined TRACON& Tower with Radar,41,15,13,22,91,0,0,34,3,37,41,15,47,25,128,0,30,30,158
08/10/2020,SYR,NY,AEA,EN,Combined TRACON& Tower with Radar,37,16,12,7,72,0,0,26,5,31,37,16,38,12,103,0,0,0,103
08/11/2020,SYR,NY,AEA,EN,Combined TRACON& Tower with Radar,42,12,14,7,75,0,1,25,1,27,42,13,39,8,102,0,0,0,102
08/12/2020,SYR,NY,AEA,EN,Combined TRACON& Tower with Radar,38,19,14,12,83,0,3,44,5,52,38,22,58,17,135,32,2,34,169
08/13/2020,SYR,NY,AEA,EN,Combined TRACON& Tower with Radar,55,17,14,6,92,0,0,39,1,40,55,17,53,7,132,42,0,42,174
08/14/2020,SYR,NY,AEA,EN,Combined TRACON& Tower with Radar,46,18,17,0,81,0,3,30,0,33,46,21,47,0,114,30,0,30,144
08/15/2020,SYR,NY,AEA,EN,Combined TRACON& Tower with Radar,31,11,12,0,54,0,0,27,0,27,31,11,39,0,81,0,0,0,81
08/16/2020,SYR,NY,AEA,EN,Combined TRACON& Tower with Radar,41,13,12,0,66,0,1,20,0,21,41,14,32,0,87,0,0,0,87
08/17/2020,SYR,NY,AEA,EN,Combined TRACON& Tower with Radar,43,13,17,10,83,0,0,12,0,12,43,13,29,10,95,18,0,18,113
08/18/2020,SYR,NY,AEA,EN,Combined TRACON& Tower with Radar,39,16,20,10,85,0,2,26,0,28,39,18,46,10,113,18,2,20,133
08/19/2020,SYR,NY,AEA,EN,Combined TRACON& Tower with Radar,40,14,17,10,81,0,0,56,9,65,40,14,73,19,146,16,10,26,172
08/20/2020,SYR,NY,AEA,EN,Combined TRACON& Tower with Radar,53,19,9,6,87,0,0,35,5,40,53,19,44,11,127,0,0,0,127
08/21/2020,SYR,NY,AEA,EN,Combined TRACON& Tower with Radar,42,23,14,0,79,0,1,31,4,36,42,24,45,4,115,0,0,0,115
08/22/2020,SYR,NY,AEA,EN,Combined TRACON& Tower with Radar,30,13,7,0,50,0,1,17,0,18,30,14,24,0,68,0,0,0,68
08/23/2020,SYR,NY,AEA,EN,Combined TRACON& Tower with Radar,35,14,13,0,62,0,0,26,2,28,35,14,39,2,90,10,0,10,100
08/24/2020,SYR,NY,AEA,EN,Combined TRACON& Tower with Radar,39,18,15,6,78,0,0,14,6,20,39,18,29,12,98,10,10,20,118
08/25/2020,SYR,NY,AEA,EN,Combined TRACON& Tower with Radar,37,12,10,8,67,0,0,17,0,17,37,12,27,8,84,28,0,28,112
08/26/2020,SYR,NY,AEA,EN,Combined TRACON& Tower with Radar,37,18,18,8,81,0,1,30,1,32,37,19,48,9,113,30,0,30,143
08/27/2020,SYR,NY,AEA,EN,Combined TRACON& Tower with Radar,52,18,12,0,82,0,0,1,0,1,52,18,13,0,83,6,12,18,101
08/28/2020,SYR,NY,AEA,EN,Combined TRACON& Tower with Radar,41,21,10,2,74,0,0,22,0,22,41,21,32,2,96,16,0,16,112
08/29/2020,SYR,NY,AEA,EN,Combined TRACON& Tower with Radar,27,14,11,0,52,0,0,1,0,1,27,14,12,0,53,0,0,0,53
08/30/2020,SYR,NY,AEA,EN,Combined TRACON& Tower with Radar,37,19,14,2,72,0,0,18,0,18,37,19,32,2,90,0,0,0,90
08/31/2020,SYR,NY,AEA,EN,Combined TRACON& Tower with Radar,40,21,18,17,96,0,0,51,15,66,40,21,69,32,162,14,32,46,208
09/01/2020,SYR,NY,AEA,EN,Combined TRACON& Tower with Radar,44,17,19,6,86,0,2,22,2,26,44,19,41,8,112,12,2,14,126
09/02/2020,SYR,NY,AEA,EN,Combined TRACON& Tower with Radar,42,12,12,0,66,0,0,8,0,8,42,12,20,0,74,4,0,4,78
09/03/2020,SYR,NY,AEA,EN,Combined TRACON& Tower with Radar,52,15,16,5,88,0,0,44,7,51,52,15,60,12,139,18,12,30,169
09/04/2020,SYR,NY,AEA,EN,Combined TRACON& Tower with Radar,45,20,5,0,70,0,1,41,0,42,45,21,46,0,112,2,0,2,114
09/05/2020,SYR,NY,AEA,EN,Combined TRACON& Tower with Radar,24,13,6,0,43,0,0,27,0,27,24,13,33,0,70,31,0,31,101
09/06/2020,SYR,NY,AEA,EN,Combined TRACON& Tower with Radar,24,14,7,0,45,0,0,43,0,43,24,14,50,0,88,30,0,30,118
09/07/2020,SYR,NY,AEA,EN,Combined TRACON& Tower with Radar,33,12,8,0,53,0,1,8,0,9,33,13,16,0,62,6,0,6,68
09/08/2020,SYR,NY,AEA,EN,Combined TRACON& Tower with Radar,29,15,19,14,77,0,0,34,7,41,29,15,53,21,118,28,8,36,154
09/09/2020,SYR,NY,AEA,EN,Combined TRACON& Tower with Radar,46,22,15,6,89,0,2,30,4,36,46,24,45,10,125,8,0,8,133
09/10/2020,SYR,NY,AEA,EN,Combined TRACON& Tower with Radar,50,16,25,8,99,0,0,14,2,16,50,16,39,10,115,10,0,10,125
09/11/2020,SYR,NY,AEA,EN,Combined TRACON& Tower with Radar,45,15,19,0,79,0,2,15,0,17,45,17,34,0,96,0,0,0,96
09/12/2020,SYR,NY,AEA,EN,Combined TRACON& Tower with Radar,28,20,13,3,64,0,1,47,39,87,28,21,60,42,151,25,66,91,242
09/13/2020,SYR,NY,AEA,EN,Combined TRACON& Tower with Radar,31,16,10,0,57,0,0,8,1,9,31,16,18,1,66,22,0,22,88
09/14/2020,SYR,NY,AEA,EN,Combined TRACON& Tower with Radar,41,21,11,8,81,0,0,24,5,29,41,21,35,13,110,0,12,12,122
09/15/2020,SYR,NY,AEA,EN,Combined TRACON& Tower with Radar,40,23,20,8,91,0,1,32,2,35,40,24,52,10,126,44,0,44,170
09/16/2020,SYR,NY,AEA,EN,Combined TRACON& Tower with Radar,44,18,13,10,85,0,2,42,0,44,44,20,55,10,129,88,14,102,231
09/17/2020,SYR,NY,AEA,EN,Combined TRACON& Tower with Radar,50,18,15,6,89,0,1,22,9,32,50,19,37,15,121,10,10,20,141
09/18/2020,SYR,NY,AEA,EN,Combined TRACON& Tower with Radar,45,22,17,1,85,0,0,25,3,28,45,22,42,4,113,24,0,24,137
09/19/2020,SYR,NY,AEA,EN,Combined TRACON& Tower with Radar,27,18,5,3,53,0,0,35,3,38,27,18,40,6,91,19,0,19,110
09/20/2020,SYR,NY,AEA,EN,Combined TRACON& Tower with Radar,31,17,11,1,60,0,1,46,5,52,31,18,57,6,112,22,10,32,144
09/21/2020,SYR,NY,AEA,EN,Combined TRACON& Tower with Radar,41,14,12,26,93,0,0,46,11,57,41,14,58,37,150,14,38,52,202
09/22/2020,SYR,NY,AEA,EN,Combined TRACON& Tower with Radar,40,12,17,12,81,0,0,38,10,48,40,12,55,22,129,0,32,32,161
09/23/2020,SYR,NY,AEA,EN,Combined TRACON& Tower with Radar,46,14,20,4,84,0,0,27,0,27,46,14,47,4,111,28,0,28,139
09/24/2020,SYR,NY,AEA,EN,Combined TRACON& Tower with Radar,48,18,16,22,104,0,0,35,26,61,48,18,51,48,165,10,60,70,235
09/25/2020,SYR,NY,AEA,EN,Combined TRACON& Tower with Radar,44,18,13,16,91,0,0,42,2,44,44,18,55,18,135,16,10,26,161
09/26/2020,SYR,NY,AEA,EN,Combined TRACON& Tower with Radar,28,13,11,14,66,0,0,29,18,47,28,13,40,32,113,28,14,42,155
09/27/2020,SYR,NY,AEA,EN,Combined TRACON& Tower with Radar,31,13,16,0,60,0,0,23,0,23,31,13,39,0,83,30,0,30,113
09/28/2020,SYR,NY,AEA,EN,Combined TRACON& Tower with Radar,41,14,10,14,79,0,0,33,12,45,41,14,43,26,124,10,26,36,160
09/29/2020,SYR,NY,AEA,EN,Combined TRACON& Tower with Radar,40,21,18,0,79,0,0,5,0,5,40,21,23,0,84,0,0,0,84
09/30/2020,SYR,NY,AEA,EN,Combined TRACON& Tower with Radar,45,19,14,6,84,0,0,14,2,16,45,19,28,8,100,4,0,4,104
10/01/2020,SYR,NY,AEA,EN,Combined TRACON& Tower with Radar,49,20,17,4,90,0,0,21,5,26,49,20,38,9,116,0,0,0,116
10/02/2020,SYR,NY,AEA,EN,Combined TRACON& Tower with Radar,50,30,15,0,95,0,0,27,3,30,50,30,42,3,125,8,0,8,133
10/03/2020,SYR,NY,AEA,EN,Combined TRACON& Tower with Radar,31,16,6,0,53,0,1,21,0,22,31,17,27,0,75,68,0,68,143
10/04/2020,SYR,NY,AEA,EN,Combined TRACON& Tower with Radar,40,19,10,0,69,0,0,35,0,35,40,19,45,0,104,0,0,0,104
10/05/2020,SYR,NY,AEA,EN,Combined TRACON& Tower with Radar,46,20,12,4,82,0,1,10,2,13,46,21,22,6,95,0,0,0,95
10/06/2020,SYR,NY,AEA,EN,Combined TRACON& Tower with Radar,44,13,12,17,86,0,0,22,9,31,44,13,34,26,117,0,0,0,117
10/07/2020,SYR,NY,AEA,EN,Combined TRACON& Tower with Radar,48,13,11,11,83,0,0,6,5,11,48,13,17,16,94,2,5,7,101
10/08/2020,SYR,NY,AEA,EN,Combined TRACON& Tower with Radar,56,16,12,10,94,0,0,21,4,25,56,16,33,14,119,0,0,0,119
10/09/2020,SYR,NY,AEA,EN,Combined TRACON& Tower with Radar,53,15,21,0,89,0,3,44,0,47,53,18,65,0,136,12,0,12,148
10/10/2020,SYR,NY,AEA,EN,Combined TRACON& Tower with Radar,36,9,7,0,52,0,0,5,0,5,36,9,12,0,57,0,0,0,57
10/11/2020,SYR,NY,AEA,EN,Combined TRACON& Tower with Radar,43,10,19,0,72,0,0,34,0,34,43,10,53,0,106,34,0,34,140
10/12/2020,SYR,NY,AEA,EN,Combined TRACON& Tower with Radar,47,15,12,0,74,0,0,18,0,18,47,15,30,0,92,12,0,12,104
10/13/2020,SYR,NY,AEA,EN,Combined TRACON& Tower with Radar,46,14,27,6,93,0,0,9,0,9,46,14,36,6,102,18,0,18,120
10/14/2020,SYR,NY,AEA,EN,Combined TRACON& Tower with Radar,52,15,19,26,112,0,0,48,6,54,52,15,67,32,166,0,0,0,166
10/15/2020,SYR,NY,AEA,EN,Combined TRACON& Tower with Radar,62,22,6,8,98,0,3,19,0,22,62,25,25,8,120,0,0,0,120
10/16/2020,SYR,NY,AEA,EN,Combined TRACON& Tower with Radar,52,15,25,8,100,0,0,16,3,19,52,15,41,11,119,36,0,36,155
10/17/2020,SYR,NY,AEA,EN,Combined TRACON& Tower with Radar,36,14,9,0,59,0,0,49,4,53,36,14,58,4,112,34,0,34,146
10/18/2020,SYR,NY,AEA,EN,Combined TRACON& Tower with Radar,44,15,8,6,73,0,0,18,60,78,44,15,26,66,151,18,89,107,258
10/19/2020,SYR,NY,AEA,EN,Combined TRACON& Tower with Radar,46,17,5,0,68,0,0,2,0,2,46,17,7,0,70,0,0,0,70
10/20/2020,SYR,NY,AEA,EN,Combined TRACON& Tower with Radar,42,15,35,24,116,0,0,8,0,8,42,15,43,24,124,0,0,0,124
10/21/2020,SYR,NY,AEA,EN,Combined TRACON& Tower with Radar,47,12,9,2,70,0,1,11,0,12,47,13,20,2,82,0,0,0,82
10/22/2020,SYR,NY,AEA,EN,Combined TRACON& Tower with Radar,55,22,31,12,120,0,0,11,6,17,55,22,42,18,137,16,0,16,153
10/23/2020,SYR,NY,AEA,EN,Combined TRACON& Tower with Radar,52,21,16,0,89,0,0,30,2,32,52,21,46,2,121,0,0,0,121
10/24/2020,SYR,NY,AEA,EN,Combined TRACON& Tower with Radar,36,10,19,0,65,0,0,11,0,11,36,10,30,0,76,0,0,0,76
10/25/2020,SYR,NY,AEA,EN,Combined TRACON& Tower with Radar,42,10,13,2,67,0,0,33,2,35,42,10,46,4,102,25,0,25,127
10/26/2020,SYR,NY,AEA,EN,Combined TRACON& Tower with Radar,46,16,8,0,70,0,0,0,0,0,46,16,8,0,70,0,0,0,70
10/27/2020,SYR,NY,AEA,EN,Combined TRACON& Tower with Radar,42,16,17,8,83,0,1,5,0,6,42,17,22,8,89,18,0,18,107
10/28/2020,SYR,NY,AEA,EN,Combined TRACON& Tower with Radar,48,17,21,12,98,0,0,11,8,19,48,17,32,20,117,50,0,50,167
10/29/2020,SYR,NY,AEA,EN,Combined TRACON& Tower with Radar,56,12,20,7,95,0,0,14,7,21,56,12,34,14,116,10,20,30,146
10/30/2020,SYR,NY,AEA,EN,Combined TRACON& Tower with Radar,50,24,13,2,89,0,0,21,2,23,50,24,34,4,112,0,0,0,112
10/31/2020,SYR,NY,AEA,EN,Combined TRACON& Tower with Radar,29,10,17,0,56,16,1,34,0,51,45,11,51,0,107,0,0,0,107
11/01/2020,SYR,NY,AEA,EN,Combined TRACON& Tower with Radar,40,10,2,0,52,0,0,7,0,7,40,10,9,0,59,0,0,0,59
11/02/2020,SYR,NY,AEA,EN,Combined TRACON& Tower with Radar,47,14,13,0,74,0,0,0,43,43,47,14,13,43,117,0,0,0,117
11/03/2020,SYR,NY,AEA,EN,Combined TRACON& Tower with Radar,38,13,9,7,67,0,0,33,2,35,38,13,42,9,102,30,0,30,132
11/04/2020,SYR,NY,AEA,EN,Combined TRACON& Tower with Radar,43,18,10,10,81,0,0,35,2,37,43,18,45,12,118,8,0,8,126
11/05/2020,SYR,NY,AEA,EN,Combined TRACON& Tower with Radar,53,14,14,8,89,0,1,29,3,33,53,15,43,11,122,14,0,14,136
11/06/2020,SYR,NY,AEA,EN,Combined TRACON& Tower with Radar,49,19,24,0,92,0,0,37,3,40,49,19,61,3,132,10,0,10,142
11/07/2020,SYR,NY,AEA,EN,Combined TRACON& Tower with Radar,34,12,13,10,69,0,0,41,3,44,34,12,54,13,113,20,2,22,135
11/08/2020,SYR,NY,AEA,EN,Combined TRACON& Tower with Radar,40,13,7,10,70,0,4,45,0,49,40,17,52,10,119,19,2,21,140
11/09/2020,SYR,NY,AEA,EN,Combined TRACON& Tower with Radar,43,17,12,16,88,0,0,44,20,64,43,17,56,36,152,26,30,56,208
11/10/2020,SYR,NY,AEA,EN,Combined TRACON& Tower with Radar,38,13,25,9,85,0,0,39,1,40,38,13,64,10,125,30,0,30,155
11/11/2020,SYR,NY,AEA,EN,Combined TRACON& Tower with Radar,40,13,7,0,60,0,0,4,0,4,40,13,11,0,64,0,0,0,64
11/12/2020,SYR,NY,AEA,EN,Combined TRACON& Tower with Radar,51,19,13,16,99,0,0,31,8,39,51,19,44,24,138,3,0,3,141
11/13/2020,SYR,NY,AEA,EN,Combined TRACON& Tower with Radar,49,14,12,12,87,0,0,24,0,24,49,14,36,12,111,0,0,0,111
11/14/2020,SYR,NY,AEA,EN,Combined TRACON& Tower with Radar,30,12,19,0,61,0,2,27,4,33,30,14,46,4,94,33,0,33,127
11/15/2020,SYR,NY,AEA,EN,Combined TRACON& Tower with Radar,43,15,5,0,63,0,0,1,0,1,43,15,6,0,64,0,0,0,64
11/16/2020,SYR,NY,AEA,EN,Combined TRACON& Tower with Radar,45,15,13,11,84,0,0,16,1,17,45,15,29,12,101,0,0,0,101
11/17/2020,SYR,NY,AEA,EN,Combined TRACON& Tower with Radar,38,15,15,8,76,0,0,1,0,1,38,15,16,8,77,0,0,0,77
11/18/2020,SYR,NY,AEA,EN,Combined TRACON& Tower with Radar,39,22,10,12,83,0,0,10,2,12,39,22,20,14,95,10,0,10,105
11/19/2020,SYR,NY,AEA,EN,Combined TRACON& Tower with Radar,59,16,7,9,91,0,0,17,3,20,59,16,24,12,111,0,0,0,111
11/20/2020,SYR,NY,AEA,EN,Combined TRACON& Tower with Radar,47,23,25,2,97,0,0,32,2,34,47,23,57,4,131,28,0,28,159
11/21/2020,SYR,NY,AEA,EN,Combined TRACON& Tower with Radar,43,13,19,0,75,0,0,25,0,25,43,13,44,0,100,14,0,14,114
11/22/2020,SYR,NY,AEA,EN,Combined TRACON& Tower with Radar,50,14,8,1,73,0,0,6,1,7,50,14,14,2,80,0,0,0,80
11/23/2020,SYR,NY,AEA,EN,Combined TRACON& Tower with Radar,39,11,4,6,60,0,0,0,0,0,39,11,4,6,60,0,0,0,60
11/24/2020,SYR,NY,AEA,EN,Combined TRACON& Tower with Radar,61,17,8,12,98,0,0,15,0,15,61,17,23,12,113,8,2,10,123
11/25/2020,SYR,NY,AEA,EN,Combined TRACON& Tower with Radar,51,17,12,9,89,0,0,23,3,26,51,17,35,12,115,14,8,22,137
11/26/2020,SYR,NY,AEA,EN,Combined TRACON& Tower with Radar,17,6,7,0,30,0,0,1,0,1,17,6,8,0,31,0,0,0,31
11/27/2020,SYR,NY,AEA,EN,Combined TRACON& Tower with Radar,43,22,9,0,74,0,0,12,0,12,43,22,21,0,86,18,0,18,104
11/28/2020,SYR,NY,AEA,EN,Combined TRACON& Tower with Radar,46,15,6,0,67,0,0,19,0,19,46,15,25,0,86,0,0,0,86
11/29/2020,SYR,NY,AEA,EN,Combined TRACON& Tower with Radar,47,19,13,0,79,0,2,43,0,45,47,21,56,0,124,7,0,7,131
11/30/2020,SYR,NY,AEA,EN,Combined TRACON& Tower with Radar,57,26,10,4,97,0,0,1,0,1,57,26,11,4,98,0,0,0,98
12/01/2020,SYR,NY,AEA,EN,Combined TRACON& Tower with Radar,46,13,8,2,69,0,0,3,0,3,46,13,11,2,72,14,0,14,86
12/02/2020,SYR,NY,AEA,EN,Combined TRACON& Tower with Radar,43,13,5,6,67,0,0,2,1,3,43,13,7,7,70,0,0,0,70
12/03/2020,SYR,NY,AEA,EN,Combined TRACON& Tower with Radar,51,20,6,14,91,0,0,49,4,53,51,20,55,18,144,12,2,14,158
12/04/2020,SYR,NY,AEA,EN,Combined TRACON& Tower with Radar,39,20,10,2,71,0,0,17,0,17,39,20,27,2,88,0,0,0,88
12/05/2020,SYR,NY,AEA,EN,Combined TRACON& Tower with Radar,33,14,2,4,53,0,0,9,0,9,33,14,11,4,62,0,0,0,62
12/06/2020,SYR,NY,AEA,EN,Combined TRACON& Tower with Radar,39,15,8,2,64,0,0,2,0,2,39,15,10,2,66,0,0,0,66
12/07/2020,SYR,NY,AEA,EN,Combined TRACON& Tower with Radar,36,15,11,6,68,0,0,15,0,15,36,15,26,6,83,10,0,10,93
12/08/2020,SYR,NY,AEA,EN,Combined TRACON& Tower with Radar,39,13,14,8,74,0,0,30,8,38,39,13,44,16,112,8,0,8,120
12/09/2020,SYR,NY,AEA,EN,Combined TRACON& Tower with Radar,39,20,12,0,71,0,0,0,0,0,39,20,12,0,71,0,0,0,71
12/10/2020,SYR,NY,AEA,EN,Combined TRACON& Tower with Radar,49,20,9,20,98,0,2,16,0,18,49,22,25,20,116,0,0,0,116
12/11/2020,SYR,NY,AEA,EN,Combined TRACON& Tower with Radar,39,20,16,4,79,0,2,28,0,30,39,22,44,4,109,0,0,0,109
12/12/2020,SYR,NY,AEA,EN,Combined TRACON& Tower with Radar,32,14,8,0,54,0,0,21,0,21,32,14,29,0,75,19,0,19,94
12/13/2020,SYR,NY,AEA,EN,Combined TRACON& Tower with Radar,34,22,15,0,71,0,0,5,0,5,34,22,20,0,76,0,0,0,76
12/14/2020,SYR,NY,AEA,EN,Combined TRACON& Tower with Radar,38,27,4,15,84,0,0,2,5,7,38,27,6,20,91,12,24,36,127
12/15/2020,SYR,NY,AEA,EN,Combined TRACON& Tower with Radar,41,14,11,10,76,0,1,12,6,19,41,15,23,16,95,8,0,8,103
12/16/2020,SYR,NY,AEA,EN,Combined TRACON& Tower with Radar,38,15,7,8,68,0,0,16,16,32,38,15,23,24,100,12,16,28,128
12/17/2020,SYR,NY,AEA,EN,Combined TRACON& Tower with Radar,50,19,12,6,87,0,0,14,12,26,50,19,26,18,113,15,12,27,140
12/18/2020,SYR,NY,AEA,EN,Combined TRACON& Tower with Radar,53,22,27,2,104,0,1,23,4,28,53,23,50,6,132,0,0,0,132
12/19/2020,SYR,NY,AEA,EN,Combined TRACON& Tower with Radar,54,19,13,0,86,0,1,28,0,29,54,20,41,0,115,5,0,5,120
12/20/2020,SYR,NY,AEA,EN,Combined TRACON& Tower with Radar,48,13,8,0,69,0,0,3,0,3,48,13,11,0,72,0,0,0,72
12/21/2020,SYR,NY,AEA,EN,Combined TRACON& Tower with Radar,53,18,14,10,95,0,0,21,4,25,53,18,35,14,120,20,0,20,140
12/22/2020,SYR,NY,AEA,EN,Combined TRACON& Tower with Radar,61,17,4,8,90,0,0,4,20,24,61,17,8,28,114,0,32,32,146
12/23/2020,SYR,NY,AEA,EN,Combined TRACON& Tower with Radar,66,16,12,0,94,0,0,56,0,56,66,16,68,0,150,0,0,0,150
12/24/2020,SYR,NY,AEA,EN,Combined TRACON& Tower with Radar,46,20,1,0,67,0,0,0,0,0,46,20,1,0,67,0,0,0,67
12/25/2020,SYR,NY,AEA,EN,Combined TRACON& Tower with Radar,21,6,0,0,27,0,0,0,0,0,21,6,0,0,27,0,0,0,27
12/26/2020,SYR,NY,AEA,EN,Combined TRACON& Tower with Radar,42,23,11,0,76,0,0,9,0,9,42,23,20,0,85,0,0,0,85
12/27/2020,SYR,NY,AEA,EN,Combined TRACON& Tower with Radar,44,19,23,0,86,0,0,23,0,23,44,19,46,0,109,0,0,0,109
12/28/2020,SYR,NY,AEA,EN,Combined TRACON& Tower with Radar,48,20,5,4,77,0,0,5,0,5,48,20,10,4,82,0,0,0,82
12/29/2020,SYR,NY,AEA,EN,Combined TRACON& Tower with Radar,57,14,13,11,95,0,0,8,1,9,57,14,21,12,104,12,12,24,128
12/30/2020,SYR,NY,AEA,EN,Combined TRACON& Tower with Radar,57,20,8,0,85,0,0,8,17,25,57,20,16,17,110,0,24,24,134
12/31/2020,SYR,NY,AEA,EN,Combined TRACON& Tower with Radar,47,19,14,0,80,0,0,18,2,20,47,19,32,2,100,5,0,5,105
01/01/2021,SYR,NY,AEA,EN,Combined TRACON& Tower with Radar,28,11,6,0,45,0,0,20,0,20,28,11,26,0,65,15,0,15,80
01/02/2021,SYR,NY,AEA,EN,Combined TRACON& Tower with Radar,41,20,5,0,66,0,0,4,0,4,41,20,9,0,70,0,0,0,70
01/03/2021,SYR,NY,AEA,EN,Combined TRACON& Tower with Radar,46,16,6,0,68,0,0,6,0,6,46,16,12,0,74,0,0,0,74
01/04/2021,SYR,NY,AEA,EN,Combined TRACON& Tower with Radar,43,16,12,0,71,0,0,1,0,1,43,16,13,0,72,0,0,0,72
01/05/2021,SYR,NY,AEA,EN,Combined TRACON& Tower with Radar,42,11,6,1,60,0,0,0,0,0,42,11,6,1,60,0,0,0,60
01/06/2021,SYR,NY,AEA,EN,Combined TRACON& Tower with Radar,39,19,6,10,74,0,0,0,0,0,39,19,6,10,74,12,0,12,86
01/07/2021,SYR,NY,AEA,EN,Combined TRACON& Tower with Radar,51,28,16,6,101,0,0,6,0,6,51,28,22,6,107,38,0,38,145
01/08/2021,SYR,NY,AEA,EN,Combined TRACON& Tower with Radar,41,23,6,0,70,0,0,7,0,7,41,23,13,0,77,4,0,4,81
01/09/2021,SYR,NY,AEA,EN,Combined TRACON& Tower with Radar,23,18,11,9,61,0,0,29,15,44,23,18,40,24,105,29,34,63,168
01/10/2021,SYR,NY,AEA,EN,Combined TRACON& Tower with Radar,37,23,13,4,77,0,0,20,0,20,37,23,33,4,97,28,0,28,125
01/11/2021,SYR,NY,AEA,EN,Combined TRACON& Tower with Radar,35,21,11,2,69,0,0,13,0,13,35,21,24,2,82,13,0,13,95
01/12/2021,SYR,NY,AEA,EN,Combined TRACON& Tower with Radar,34,17,11,4,66,0,0,2,2,4,34,17,13,6,70,0,0,0,70
01/13/2021,SYR,NY,AEA,EN,Combined TRACON& Tower with Radar,38,9,17,10,74,0,0,17,3,20,38,9,34,13,94,14,18,32,126
01/14/2021,SYR,NY,AEA,EN,Combined TRACON& Tower with Radar,51,22,10,12,95,0,0,37,0,37,51,22,47,12,132,26,0,26,158
01/15/2021,SYR,NY,AEA,EN,Combined TRACON& Tower with Radar,40,24,10,0,74,0,0,20,0,20,40,24,30,0,94,4,0,4,98
01/16/2021,SYR,NY,AEA,EN,Combined TRACON& Tower with Radar,25,12,2,0,39,0,0,2,0,2,25,12,4,0,41,0,0,0,41
01/17/2021,SYR,NY,AEA,EN,Combined TRACON& Tower with Radar,34,14,4,0,52,0,0,0,0,0,34,14,4,0,52,0,0,0,52
01/18/2021,SYR,NY,AEA,EN,Combined TRACON& Tower with Radar,37,17,7,0,61,0,0,3,0,3,37,17,10,0,64,4,0,4,68
01/19/2021,SYR,NY,AEA,EN,Combined TRACON& Tower with Radar,37,14,19,8,78,0,0,1,1,2,37,14,20,9,80,0,4,4,84
01/20/2021,SYR,NY,AEA,EN,Combined TRACON& Tower with Radar,39,15,5,6,65,0,0,2,1,3,39,15,7,7,68,0,0,0,68
01/21/2021,SYR,NY,AEA,EN,Combined TRACON& Tower with Radar,53,17,21,3,94,0,0,16,3,19,53,17,37,6,113,6,6,12,125
01/22/2021,SYR,NY,AEA,EN,Combined TRACON& Tower with Radar,40,21,7,0,68,0,0,2,0,2,40,21,9,0,70,0,0,0,70
01/23/2021,SYR,NY,AEA,EN,Combined TRACON& Tower with Radar,24,13,10,0,47,0,0,2,0,2,24,13,12,0,49,0,0,0,49
01/24/2021,SYR,NY,AEA,EN,Combined TRACON& Tower with Radar,39,21,16,2,78,0,0,27,0,27,39,21,43,2,105,32,0,32,137
01/25/2021,SYR,NY,AEA,EN,Combined TRACON& Tower with Radar,32,23,12,18,85,0,0,44,7,51,32,23,56,25,136,14,12,26,162
01/26/2021,SYR,NY,AEA,EN,Combined TRACON& Tower with Radar,37,13,7,0,57,0,0,0,5,5,37,13,7,5,62,0,8,8,70
01/27/2021,SYR,NY,AEA,EN,Combined TRACON& Tower with Radar,36,27,8,7,78,0,0,7,1,8,36,27,15,8,86,14,0,14,100
01/28/2021,SYR,NY,AEA,EN,Combined TRACON& Tower with Radar,47,27,14,15,103,0,0,5,3,8,47,27,19,18,111,0,0,0,111
01/29/2021,SYR,NY,AEA,EN,Combined TRACON& Tower with Radar,42,24,2,1,69,0,0,4,1,5,42,24,6,2,74,0,0,0,74
01/30/2021,SYR,NY,AEA,EN,Combined TRACON& Tower with Radar,25,20,16,0,61,0,1,6,0,7,25,21,22,0,68,0,0,0,68
01/31/2021,SYR,NY,AEA,EN,Combined TRACON& Tower with Radar,39,21,18,0,78,0,0,27,10,37,39,21,45,10,115,50,0,50,165
02/01/2021,SYR,NY,AEA,EN,Combined TRACON& Tower with Radar,35,16,3,10,64,0,0,8,5,13,35,16,11,15,77,0,14,14,91
02/02/2021,SYR,NY,AEA,EN,Combined TRACON& Tower with Radar,37,13,3,0,53,0,0,0,0,0,37,13,3,0,53,0,0,0,53
02/03/2021,SYR,NY,AEA,EN,Combined TRACON& Tower with Radar,41,12,8,6,67,0,0,4,0,4,41,12,12,6,71,0,0,0,71
02/04/2021,SYR,NY,AEA,EN,Combined TRACON& Tower with Radar,55,18,25,6,104,0,0,62,4,66,55,18,87,10,170,38,0,38,208
02/05/2021,SYR,NY,AEA,EN,Combined TRACON& Tower with Radar,42,27,3,0,72,0,0,1,0,1,42,27,4,0,73,0,0,0,73
02/06/2021,SYR,NY,AEA,EN,Combined TRACON& Tower with Radar,28,21,7,6,62,0,0,8,43,51,28,21,15,49,113,0,66,66,179
02/07/2021,SYR,NY,AEA,EN,Combined TRACON& Tower with Radar,45,26,4,4,79,0,0,2,68,70,45,26,6,72,149,0,0,0,149
02/08/2021,SYR,NY,AEA,EN,Combined TRACON& Tower with Radar,35,28,31,27,121,0,0,46,3,49,35,28,77,30,170,16,20,36,206
02/09/2021,SYR,NY,AEA,EN,Combined TRACON& Tower with Radar,34,14,6,6,60,0,0,0,0,0,34,14,6,6,60,0,0,0,60
02/10/2021,SYR,NY,AEA,EN,Combined TRACON& Tower with Radar,43,19,13,17,92,0,0,7,154,161,43,19,20,171,253,0,41,41,294
02/11/2021,SYR,NY,AEA,EN,Combined TRACON& Tower with Radar,53,21,16,0,90,0,0,7,0,7,53,21,23,0,97,10,0,10,107
02/12/2021,SYR,NY,AEA,EN,Combined TRACON& Tower with Radar,55,29,16,0,100,0,0,30,0,30,55,29,46,0,130,8,0,8,138
02/13/2021,SYR,NY,AEA,EN,Combined TRACON& Tower with Radar,43,25,8,0,76,0,0,25,0,25,43,25,33,0,101,8,0,8,109
02/14/2021,SYR,NY,AEA,EN,Combined TRACON& Tower with Radar,38,19,7,0,64,0,0,2,0,2,38,19,9,0,66,0,0,0,66
02/15/2021,SYR,NY,AEA,EN,Combined TRACON& Tower with Radar,34,26,5,0,65,0,0,1,0,1,34,26,6,0,66,0,0,0,66
02/16/2021,SYR,NY,AEA,EN,Combined TRACON& Tower with Radar,44,20,2,0,66,0,0,0,0,0,44,20,2,0,66,0,0,0,66
02/17/2021,SYR,NY,AEA,EN,Combined TRACON& Tower with Radar,44,25,21,12,102,0,21,38,64,123,44,46,59,76,225,0,124,124,349
02/18/2021,SYR,NY,AEA,EN,Combined TRACON& Tower with Radar,50,14,10,8,82,0,0,10,43,53,50,14,20,51,135,0,64,64,199
02/19/2021,SYR,NY,AEA,EN,Combined TRACON& Tower with Radar,45,21,1,14,81,0,0,3,0,3,45,21,4,14,84,12,0,12,96
02/20/2021,SYR,NY,AEA,EN,Combined TRACON& Tower with Radar,42,19,7,0,68,0,0,0,0,0,42,19,7,0,68,0,0,0,68
02/21/2021,SYR,NY,AEA,EN,Combined TRACON& Tower with Radar,45,21,18,0,84,0,1,24,0,25,45,22,42,0,109,0,0,0,109
02/22/2021,SYR,NY,AEA,EN,Combined TRACON& Tower with Radar,40,25,3,0,68,0,0,0,0,0,40,25,3,0,68,0,0,0,68
02/23/2021,SYR,NY,AEA,EN,Combined TRACON& Tower with Radar,44,19,12,6,81,0,0,2,20,22,44,19,14,26,103,0,22,22,125
02/24/2021,SYR,NY,AEA,EN,Combined TRACON& Tower with Radar,41,16,17,12,86,0,0,9,2,11,41,16,26,14,97,0,3,3,100
02/25/2021,SYR,NY,AEA,EN,Combined TRACON& Tower with Radar,52,23,13,25,113,0,0,15,57,72,52,23,28,82,185,14,86,100,285
02/26/2021,SYR,NY,AEA,EN,Combined TRACON& Tower with Radar,44,22,15,0,81,0,1,33,2,36,44,23,48,2,117,20,0,20,137
02/27/2021,SYR,NY,AEA,EN,Combined TRACON& Tower with Radar,35,19,8,0,62,0,0,4,0,4,35,19,12,0,66,0,0,0,66
02/28/2021,SYR,NY,AEA,EN,Combined TRACON& Tower with Radar,39,19,9,2,69,0,0,10,0,10,39,19,19,2,79,0,0,0,79
03/01/2021,SYR,NY,AEA,EN,Combined TRACON& Tower with Radar,44,34,9,6,93,0,0,2,44,46,44,34,11,50,139,0,41,41,180
03/02/2021,SYR,NY,AEA,EN,Combined TRACON& Tower with Radar,44,23,9,8,84,0,1,29,49,79,44,24,38,57,163,0,52,52,215
03/03/2021,SYR,NY,AEA,EN,Combined TRACON& Tower with Radar,45,21,22,13,101,0,0,8,29,37,45,21,30,42,138,2,36,38,176
03/04/2021,SYR,NY,AEA,EN,Combined TRACON& Tower with Radar,53,27,8,6,94,0,3,12,62,77,53,30,20,68,171,0,46,46,217
03/05/2021,SYR,NY,AEA,EN,Combined TRACON& Tower with Radar,48,28,10,0,86,0,0,4,2,6,48,28,14,2,92,0,0,0,92
03/06/2021,SYR,NY,AEA,EN,Combined TRACON& Tower with Radar,41,17,5,7,70,0,0,5,22,27,41,17,10,29,97,4,22,26,123
03/07/2021,SYR,NY,AEA,EN,Combined TRACON& Tower with Radar,46,30,2,8,86,0,0,36,0,36,46,30,38,8,122,48,22,70,192
03/08/2021,SYR,NY,AEA,EN,Combined TRACON& Tower with Radar,46,30,8,18,102,0,0,26,56,82,46,30,34,74,184,18,108,126,310
03/09/2021,SYR,NY,AEA,EN,Combined TRACON& Tower with Radar,48,17,10,11,86,0,2,40,83,125,48,19,50,94,211,20,18,38,249
03/10/2021,SYR,NY,AEA,EN,Combined TRACON& Tower with Radar,53,17,11,10,91,0,1,27,16,44,53,18,38,26,135,0,26,26,161
03/11/2021,SYR,NY,AEA,EN,Combined TRACON& Tower with Radar,62,31,12,7,112,0,0,10,7,17,62,31,22,14,129,2,6,8,137
03/12/2021,SYR,NY,AEA,EN,Combined TRACON& Tower with Radar,50,38,11,0,99,0,0,11,0,11,50,38,22,0,110,0,0,0,110
03/13/2021,SYR,NY,AEA,EN,Combined TRACON& Tower with Radar,43,19,14,0,76,0,0,43,6,49,43,19,57,6,125,12,0,12,137
03/14/2021,SYR,NY,AEA,EN,Combined TRACON& Tower with Radar,45,30,4,0,79,0,0,2,0,2,45,30,6,0,81,0,0,0,81
03/15/2021,SYR,NY,AEA,EN,Combined TRACON& Tower with Radar,46,27,17,11,101,0,0,32,15,47,46,27,49,26,148,4,18,22,170
03/16/2021,SYR,NY,AEA,EN,Combined TRACON& Tower with Radar,55,17,10,5,87,0,0,31,39,70,55,17,41,44,157,44,54,98,255
03/17/2021,SYR,NY,AEA,EN,Combined TRACON& Tower with Radar,50,21,21,9,101,0,0,25,16,41,50,21,46,25,142,34,24,58,200
03/18/2021,SYR,NY,AEA,EN,Combined TRACON& Tower with Radar,58,27,13,2,100,0,0,2,2,4,58,27,15,4,104,0,0,0,104
03/19/2021,SYR,NY,AEA,EN,Combined TRACON& Tower with Radar,52,29,13,0,94,0,0,19,0,19,52,29,32,0,113,14,0,14,127
03/20/2021,SYR,NY,AEA,EN,Combined TRACON& Tower with Radar,43,17,20,0,80,0,0,41,0,41,43,17,61,0,121,0,0,0,121
03/21/2021,SYR,NY,AEA,EN,Combined TRACON& Tower with Radar,43,27,23,0,93,0,0,37,4,41,43,27,60,4,134,0,0,0,134
03/22/2021,SYR,NY,AEA,EN,Combined TRACON& Tower with Radar,45,28,11,12,96,0,1,41,34,76,45,29,52,46,172,44,50,94,266
03/23/2021,SYR,NY,AEA,EN,Combined TRACON& Tower with Radar,50,16,15,11,92,0,0,55,41,96,50,16,70,52,188,24,32,56,244
03/24/2021,SYR,NY,AEA,EN,Combined TRACON& Tower with Radar,56,20,18,10,104,0,0,6,3,9,56,20,24,13,113,0,0,0,113
03/25/2021,SYR,NY,AEA,EN,Combined TRACON& Tower with Radar,60,28,19,14,121,0,0,44,12,56,60,28,63,26,177,0,20,20,197
03/26/2021,SYR,NY,AEA,EN,Combined TRACON& Tower with Radar,52,33,5,2,92,0,0,1,2,3,52,33,6,4,95,0,0,0,95
03/27/2021,SYR,NY,AEA,EN,Combined TRACON& Tower with Radar,45,27,14,0,86,0,0,14,2,16,45,27,28,2,102,0,0,0,102
03/28/2021,SYR,NY,AEA,EN,Combined TRACON& Tower with Radar,49,29,11,0,89,0,0,2,0,2,49,29,13,0,91,0,0,0,91
03/29/2021,SYR,NY,AEA,EN,Combined TRACON& Tower with Radar,44,27,11,4,86,0,0,20,2,22,44,27,31,6,108,0,0,0,108
03/30/2021,SYR,NY,AEA,EN,Combined TRACON& Tower with Radar,47,20,16,4,87,0,1,22,0,23,47,21,38,4,110,0,0,0,110
03/31/2021,SYR,NY,AEA,EN,Combined TRACON& Tower with Radar,49,20,17,5,91,0,0,4,2,6,49,20,21,7,97,0,4,4,101
04/01/2021,SYR,NY,AEA,EN,Combined TRACON& Tower with Radar,58,33,11,6,108,0,0,3,0,3,58,33,14,6,111,0,0,0,111
04/02/2021,SYR,NY,AEA,EN,Combined TRACON& Tower with Radar,55,35,9,0,99,0,0,27,2,29,55,35,36,2,128,12,0,12,140
04/03/2021,SYR,NY,AEA,EN,Combined TRACON& Tower with Radar,38,32,13,0,83,0,1,70,2,73,38,33,83,2,156,0,0,0,156
04/04/2021,SYR,NY,AEA,EN,Combined TRACON& Tower with Radar,43,34,6,0,83,0,0,55,0,55,43,34,61,0,138,0,0,0,138
04/05/2021,SYR,NY,AEA,EN,Combined TRACON& Tower with Radar,43,27,22,11,103,0,2,36,1,39,43,29,58,12,142,20,4,24,166
04/06/2021,SYR,NY,AEA,EN,Combined TRACON& Tower with Radar,45,27,14,9,95,0,1,61,11,73,45,28,75,20,168,0,0,0,168
04/07/2021,SYR,NY,AEA,EN,Combined TRACON& Tower with Radar,46,27,14,10,97,0,1,57,0,58,46,28,71,10,155,2,0,2,157
04/08/2021,SYR,NY,AEA,EN,Combined TRACON& Tower with Radar,58,34,14,7,113,0,2,45,5,52,58,36,59,12,165,14,0,14,179
04/09/2021,SYR,NY,AEA,EN,Combined TRACON& Tower with Radar,50,32,5,0,87,0,0,10,0,10,50,32,15,0,97,0,0,0,97
04/10/2021,SYR,NY,AEA,EN,Combined TRACON& Tower with Radar,42,29,27,8,106,0,0,44,2,46,42,29,71,10,152,34,16,50,202
04/11/2021,SYR,NY,AEA,EN,Combined TRACON& Tower with Radar,42,36,24,2,104,0,0,25,46,71,42,36,49,48,175,12,71,83,258
04/12/2021,SYR,NY,AEA,EN,Combined TRACON& Tower with Radar,44,32,16,6,98,0,0,4,0,4,44,32,20,6,102,0,0,0,102
04/13/2021,SYR,NY,AEA,EN,Combined TRACON& Tower with Radar,44,21,20,8,93,0,1,45,2,48,44,22,65,10,141,30,0,30,171
04/14/2021,SYR,NY,AEA,EN,Combined TRACON& Tower with Radar,42,23,18,27,110,0,0,28,15,43,42,23,46,42,153,8,70,78,231
04/15/2021,SYR,NY,AEA,EN,Combined TRACON& Tower with Radar,55,29,12,4,100,0,0,2,2,4,55,29,14,6,104,0,28,28,132
04/16/2021,SYR,NY,AEA,EN,Combined TRACON& Tower with Radar,52,32,6,0,90,0,0,2,0,2,52,32,8,0,92,0,0,0,92
04/17/2021,SYR,NY,AEA,EN,Combined TRACON& Tower with Radar,31,27,17,0,75,0,0,17,0,17,31,27,34,0,92,0,0,0,92
04/18/2021,SYR,NY,AEA,EN,Combined TRACON& Tower with Radar,42,35,12,3,92,0,0,21,2,23,42,35,33,5,115,26,0,26,141
04/19/2021,SYR,NY,AEA,EN,Combined TRACON& Tower with Radar,41,24,8,8,81,0,2,28,7,37,41,26,36,15,118,24,0,24,142
04/20/2021,SYR,NY,AEA,EN,Combined TRACON& Tower with Radar,46,26,11,12,95,0,0,10,0,10,46,26,21,12,105,0,0,0,105
04/21/2021,SYR,NY,AEA,EN,Combined TRACON& Tower with Radar,40,19,3,2,64,0,0,1,0,1,40,19,4,2,65,0,0,0,65
04/22/2021,SYR,NY,AEA,EN,Combined TRACON& Tower with Radar,57,34,6,14,111,0,0,2,10,12,57,34,8,24,123,0,0,0,123
04/23/2021,SYR,NY,AEA,EN,Combined TRACON& Tower with Radar,54,37,10,2,103,0,0,23,0,23,54,37,33,2,126,0,0,0,126
04/24/2021,SYR,NY,AEA,EN,Combined TRACON& Tower with Radar,30,26,11,1,68,0,0,46,2,48,30,26,57,3,116,22,0,22,138
04/25/2021,SYR,NY,AEA,EN,Combined TRACON& Tower with Radar,41,24,13,0,78,0,0,11,0,11,41,24,24,0,89,0,0,0,89
04/26/2021,SYR,NY,AEA,EN,Combined TRACON& Tower with Radar,44,25,16,9,94,0,1,26,4,31,44,26,42,13,125,22,10,32,157
04/27/2021,SYR,NY,AEA,EN,Combined TRACON& Tower with Radar,41,28,18,16,103,0,4,38,11,53,41,32,56,27,156,8,13,21,177
04/28/2021,SYR,NY,AEA,EN,Combined TRACON& Tower with Radar,41,29,13,7,90,0,0,21,9,30,41,29,34,16,120,0,0,0,120
04/29/2021,SYR,NY,AEA,EN,Combined TRACON& Tower with Radar,74,36,7,0,117,0,0,0,0,0,74,36,7,0,117,0,0,0,117
04/30/2021,SYR,NY,AEA,EN,Combined TRACON& Tower with Radar,64,36,11,0,111,0,0,1,0,1,64,36,12,0,112,0,0,0,112
05/01/2021,SYR,NY,AEA,EN,Combined TRACON& Tower with Radar,32,27,14,10,83,0,0,35,13,48,32,27,49,23,131,0,18,18,149
05/02/2021,SYR,NY,AEA,EN,Combined TRACON& Tower with Radar,44,33,8,0,85,0,0,15,2,17,44,33,23,2,102,4,0,4,106
05/03/2021,SYR,NY,AEA,EN,Combined TRACON& Tower with Radar,51,28,10,6,95,0,0,26,1,27,51,28,36,7,122,12,0,12,134
05/04/2021,SYR,NY,AEA,EN,Combined TRACON& Tower with Radar,53,28,22,8,111,0,0,7,2,9,53,28,29,10,120,20,0,20,140
05/05/2021,SYR,NY,AEA,EN,Combined TRACON& Tower with Radar,45,21,16,4,86,0,0,2,0,2,45,21,18,4,88,0,0,0,88
05/06/2021,SYR,NY,AEA,EN,Combined TRACON& Tower with Radar,64,33,20,9,126,0,0,42,13,55,64,33,62,22,181,22,10,32,213
05/07/2021,SYR,NY,AEA,EN,Combined TRACON& Tower with Radar,59,30,6,1,96,0,0,26,5,31,59,30,32,6,127,0,0,0,127
05/08/2021,SYR,NY,AEA,EN,Combined TRACON& Tower with Radar,43,27,16,0,86,0,0,3,2,5,43,27,19,2,91,14,0,14,105
05/09/2021,SYR,NY,AEA,EN,Combined TRACON& Tower with Radar,53,28,14,0,95,0,0,33,0,33,53,28,47,0,128,14,0,14,142
05/10/2021,SYR,NY,AEA,EN,Combined TRACON& Tower with Radar,53,28,9,12,102,0,0,18,32,50,53,28,27,44,152,0,56,56,208
05/11/2021,SYR,NY,AEA,EN,Combined TRACON& Tower with Radar,55,22,13,12,102,0,0,24,0,24,55,22,37,12,126,0,0,0,126
05/12/2021,SYR,NY,AEA,EN,Combined TRACON& Tower with Radar,56,23,11,19,109,0,2,27,11,40,56,25,38,30,149,0,0,0,149
05/13/2021,SYR,NY,AEA,EN,Combined TRACON& Tower with Radar,66,21,15,9,111,0,0,39,48,87,66,21,54,57,198,0,50,50,248
05/14/2021,SYR,NY,AEA,EN,Combined TRACON& Tower with Radar,61,33,15,0,109,0,3,52,0,55,61,36,67,0,164,0,0,0,164
05/15/2021,SYR,NY,AEA,EN,Combined TRACON& Tower with Radar,47,24,11,1,83,0,0,48,4,52,47,24,59,5,135,0,0,0,135
05/16/2021,SYR,NY,AEA,EN,Combined TRACON& Tower with Radar,53,29,12,1,95,0,1,36,2,39,53,30,48,3,134,0,0,0,134
05/17/2021,SYR,NY,AEA,EN,Combined TRACON& Tower with Radar,56,33,13,7,109,0,0,27,7,34,56,33,40,14,143,0,0,0,143
05/18/2021,SYR,NY,AEA,EN,Combined TRACON& Tower with Radar,59,30,10,16,115,0,5,40,38,83,59,35,50,54,198,0,60,60,258
05/19/2021,SYR,NY,AEA,EN,Combined TRACON& Tower with Radar,58,23,15,15,111,0,1,53,59,113,58,24,68,74,224,12,50,62,286
05/20/2021,SYR,NY,AEA,EN,Combined TRACON& Tower with Radar,68,27,9,9,113,0,0,31,2,33,68,27,40,11,146,6,0,6,152
05/21/2021,SYR,NY,AEA,EN,Combined TRACON& Tower with Radar,62,33,21,2,118,0,3,34,1,38,62,36,55,3,156,0,0,0,156
05/22/2021,SYR,NY,AEA,EN,Combined TRACON& Tower with Radar,44,29,24,2,99,0,0,32,0,32,44,29,56,2,131,16,0,16,147
05/23/2021,SYR,NY,AEA,EN,Combined TRACON& Tower with Radar,50,36,16,2,104,0,0,8,0,8,50,36,24,2,112,0,0,0,112
05/24/2021,SYR,NY,AEA,EN,Combined TRACON& Tower with Radar,56,27,16,5,104,0,0,33,5,38,56,27,49,10,142,8,0,8,150
05/25/2021,SYR,NY,AEA,EN,Combined TRACON& Tower with Radar,60,25,19,10,114,0,0,29,0,29,60,25,48,10,143,0,0,0,143
05/26/2021,SYR,NY,AEA,EN,Combined TRACON& Tower with Radar,52,32,20,9,113,0,0,8,3,11,52,32,28,12,124,0,0,0,124
05/27/2021,SYR,NY,AEA,EN,Combined TRACON& Tower with Radar,69,32,25,10,136,0,0,30,16,46,69,32,55,26,182,0,22,22,204
05/28/2021,SYR,NY,AEA,EN,Combined TRACON& Tower with Radar,62,29,8,0,99,0,0,4,0,4,62,29,12,0,103,0,0,0,103
05/29/2021,SYR,NY,AEA,EN,Combined TRACON& Tower with Radar,41,26,8,0,75,0,0,26,0,26,41,26,34,0,101,0,0,0,101
05/30/2021,SYR,NY,AEA,EN,Combined TRACON& Tower with Radar,40,16,4,0,60,0,0,13,0,13,40,16,17,0,73,16,0,16,89
05/31/2021,SYR,NY,AEA,EN,Combined TRACON& Tower with Radar,46,25,13,0,84,0,0,21,0,21,46,25,34,0,105,0,0,0,105
06/01/2021,SYR,NY,AEA,EN,Combined TRACON& Tower with Radar,48,18,19,7,92,0,0,38,25,63,48,18,57,32,155,8,42,50,205
06/02/2021,SYR,NY,AEA,EN,Combined TRACON& Tower with Radar,56,24,14,5,99,0,0,25,13,38,56,24,39,18,137,12,17,29,166
06/03/2021,SYR,NY,AEA,EN,Combined TRACON& Tower with Radar,66,33,22,7,128,0,0,7,4,11,66,33,29,11,139,0,0,0,139
06/04/2021,SYR,NY,AEA,EN,Combined TRACON& Tower with Radar,62,40,23,4,129,0,1,20,9,30,62,41,43,13,159,40,19,59,218
06/05/2021,SYR,NY,AEA,EN,Combined TRACON& Tower with Radar,49,26,10,8,93,0,1,19,12,32,49,27,29,20,125,0,0,0,125
06/06/2021,SYR,NY,AEA,EN,Combined TRACON& Tower with Radar,56,33,21,14,124,0,0,36,12,48,56,33,57,26,172,0,0,0,172
06/07/2021,SYR,NY,AEA,EN,Combined TRACON& Tower with Radar,57,27,8,8,100,0,0,33,0,33,57,27,41,8,133,0,0,0,133
06/08/2021,SYR,NY,AEA,EN,Combined TRACON& Tower with Radar,65,28,11,0,104,0,0,15,0,15,65,28,26,0,119,16,0,16,135
06/09/2021,SYR,NY,AEA,EN,Combined TRACON& Tower with Radar,64,30,21,23,138,0,0,15,13,28,64,30,36,36,166,6,0,6,172
06/10/2021,SYR,NY,AEA,EN,Combined TRACON& Tower with Radar,71,31,15,14,131,0,0,48,2,50,71,31,63,16,181,38,22,60,241
06/11/2021,SYR,NY,AEA,EN,Combined TRACON& Tower with Radar,66,33,13,2,114,0,0,26,1,27,66,33,39,3,141,0,0,0,141
06/12/2021,SYR,NY,AEA,EN,Combined TRACON& Tower with Radar,46,31,7,0,84,0,0,27,5,32,46,31,34,5,116,16,0,16,132
06/13/2021,SYR,NY,AEA,EN,Combined TRACON& Tower with Radar,55,29,7,1,92,0,1,24,5,30,55,30,31,6,122,18,0,18,140
06/14/2021,SYR,NY,AEA,EN,Combined TRACON& Tower with Radar,58,28,13,10,109,0,0,11,2,13,58,28,24,12,122,4,2,6,128
06/15/2021,SYR,NY,AEA,EN,Combined TRACON& Tower with Radar,70,26,20,8,124,0,0,19,7,26,70,26,39,15,150,18,0,18,168
06/16/2021,SYR,NY,AEA,EN,Combined TRACON& Tower with Radar,69,36,13,7,125,0,0,31,13,44,69,36,44,20,169,2,16,18,187
06/17/2021,SYR,NY,AEA,EN,Combined TRACON& Tower with Radar,69,34,13,9,125,0,1,42,29,72,69,35,55,38,197,24,42,66,263
06/18/2021,SYR,NY,AEA,EN,Combined TRACON& Tower with Radar,66,33,8,1,108,0,2,18,1,21,66,35,26,2,129,0,0,0,129
06/19/2021,SYR,NY,AEA,EN,Combined TRACON& Tower with Radar,55,25,8,0,88,0,0,26,4,30,55,25,34,4,118,0,0,0,118
06/20/2021,SYR,NY,AEA,EN,Combined TRACON& Tower with Radar,52,29,19,0,100,0,1,33,0,34,52,30,52,0,134,12,0,12,146
06/21/2021,SYR,NY,AEA,EN,Combined TRACON& Tower with Radar,59,34,14,1,108,0,1,10,3,14,59,35,24,4,122,0,0,0,122
06/22/2021,SYR,NY,AEA,EN,Combined TRACON& Tower with Radar,71,27,18,12,128,0,0,9,14,23,71,27,27,26,151,8,8,16,167
06/23/2021,SYR,NY,AEA,EN,Combined TRACON& Tower with Radar,69,34,18,8,129,0,1,48,30,79,69,35,66,38,208,24,36,60,268
06/24/2021,SYR,NY,AEA,EN,Combined TRACON& Tower with Radar,70,34,17,11,132,0,2,30,7,39,70,36,47,18,171,18,7,25,196
06/25/2021,SYR,NY,AEA,EN,Combined TRACON& Tower with Radar,66,29,12,0,107,0,1,23,9,33,66,30,35,9,140,0,0,0,140
06/26/2021,SYR,NY,AEA,EN,Combined TRACON& Tower with Radar,53,30,16,1,100,0,0,12,2,14,53,30,28,3,114,0,0,0,114
06/27/2021,SYR,NY,AEA,EN,Combined TRACON& Tower with Radar,53,26,9,0,88,0,2,22,4,28,53,28,31,4,116,0,0,0,116
06/28/2021,SYR,NY,AEA,EN,Combined TRACON& Tower with Radar,60,27,7,8,102,0,0,16,4,20,60,27,23,12,122,0,0,0,122
06/29/2021,SYR,NY,AEA,EN,Combined TRACON& Tower with Radar,71,28,20,10,129,0,0,30,4,34,71,28,50,14,163,0,0,0,163
06/30/2021,SYR,NY,AEA,EN,Combined TRACON& Tower with Radar,64,26,16,2,108,0,0,13,2,15,64,26,29,4,123,0,0,0,123
07/01/2021,SYR,NY,AEA,EN,Combined TRACON& Tower with Radar,74,42,15,9,140,0,0,15,11,26,74,42,30,20,166,18,8,26,192
07/02/2021,SYR,NY,AEA,EN,Combined TRACON& Tower with Radar,73,26,13,0,112,0,0,1,0,1,73,26,14,0,113,0,0,0,113
07/03/2021,SYR,NY,AEA,EN,Combined TRACON& Tower with Radar,59,29,17,1,106,0,0,13,1,14,59,29,30,2,120,0,0,0,120
07/04/2021,SYR,NY,AEA,EN,Combined TRACON& Tower with Radar,50,16,9,0,75,0,0,21,9,30,50,16,30,9,105,0,0,0,105
07/05/2021,SYR,NY,AEA,EN,Combined TRACON& Tower with Radar,53,28,11,0,92,0,2,27,3,32,53,30,38,3,124,0,0,0,124
07/06/2021,SYR,NY,AEA,EN,Combined TRACON& Tower with Radar,65,28,8,11,112,0,0,19,19,38,65,28,27,30,150,8,29,37,187
07/07/2021,SYR,NY,AEA,EN,Combined TRACON& Tower with Radar,74,28,16,4,122,0,0,23,4,27,74,28,39,8,149,0,0,0,149
07/08/2021,SYR,NY,AEA,EN,Combined TRACON& Tower with Radar,88,36,6,0,130,0,0,2,0,2,88,36,8,0,132,0,0,0,132
07/09/2021,SYR,NY,AEA,EN,Combined TRACON& Tower with Radar,73,35,18,0,126,0,0,8,0,8,73,35,26,0,134,0,0,0,134
07/10/2021,SYR,NY,AEA,EN,Combined TRACON& Tower with Radar,59,34,18,0,111,0,0,49,2,51,59,34,67,2,162,0,0,0,162
07/11/2021,SYR,NY,AEA,EN,Combined TRACON& Tower with Radar,54,27,10,0,91,0,0,9,0,9,54,27,19,0,100,0,0,0,100
07/12/2021,SYR,NY,AEA,EN,Combined TRACON& Tower with Radar,70,29,26,2,127,0,0,12,0,12,70,29,38,2,139,16,0,16,155
07/13/2021,SYR,NY,AEA,EN,Combined TRACON& Tower with Radar,76,32,16,8,132,0,1,12,8,21,76,33,28,16,153,20,0,20,173
07/14/2021,SYR,NY,AEA,EN,Combined TRACON& Tower with Radar,78,30,13,8,129,0,1,20,2,23,78,31,33,10,152,0,0,0,152
07/15/2021,SYR,NY,AEA,EN,Combined TRACON& Tower with Radar,80,30,28,8,146,0,2,26,38,66,80,32,54,46,212,0,0,0,212
07/16/2021,SYR,NY,AEA,EN,Combined TRACON& Tower with Radar,68,43,17,1,129,0,0,18,1,19,68,43,35,2,148,0,0,0,148
07/17/2021,SYR,NY,AEA,EN,Combined TRACON& Tower with Radar,62,26,13,0,101,0,1,0,0,1,62,27,13,0,102,0,0,0,102
07/18/2021,SYR,NY,AEA,EN,Combined TRACON& Tower with Radar,61,34,18,1,114,0,0,7,2,9,61,34,25,3,123,0,0,0,123
07/19/2021,SYR,NY,AEA,EN,Combined TRACON& Tower with Radar,67,26,26,32,151,0,0,31,6,37,67,26,57,38,188,24,16,40,228
07/20/2021,SYR,NY,AEA,EN,Combined TRACON& Tower with Radar,76,32,18,18,144,0,2,13,0,15,76,34,31,18,159,0,0,0,159
07/21/2021,SYR,NY,AEA,EN,Combined TRACON& Tower with Radar,75,41,13,8,137,0,0,24,0,24,75,41,37,8,161,0,0,0,161
07/22/2021,SYR,NY,AEA,EN,Combined TRACON& Tower with Radar,78,28,28,10,144,0,4,53,8,65,78,32,81,18,209,6,0,6,215
07/23/2021,SYR,NY,AEA,EN,Combined TRACON& Tower with Radar,70,37,20,0,127,0,0,32,4,36,70,37,52,4,163,12,0,12,175
07/24/2021,SYR,NY,AEA,EN,Combined TRACON& Tower with Radar,59,33,20,0,112,0,0,27,12,39,59,33,47,12,151,6,0,6,157
07/25/2021,SYR,NY,AEA,EN,Combined TRACON& Tower with Radar,58,38,15,0,111,0,0,17,0,17,58,38,32,0,128,0,0,0,128
07/26/2021,SYR,NY,AEA,EN,Combined TRACON& Tower with Radar,63,34,12,7,116,0,2,35,8,45,63,36,47,15,161,0,0,0,161
07/27/2021,SYR,NY,AEA,EN,Combined TRACON& Tower with Radar,73,26,13,5,117,0,0,59,5,64,73,26,72,10,181,10,12,22,203
07/28/2021,SYR,NY,AEA,EN,Combined TRACON& Tower with Radar,77,38,14,7,136,0,0,41,10,51,77,38,55,17,187,0,18,18,205
07/29/2021,SYR,NY,AEA,EN,Combined TRACON& Tower with Radar,81,39,29,0,149,0,2,17,5,24,81,41,46,5,173,14,0,14,187
07/30/2021,SYR,NY,AEA,EN,Combined TRACON& Tower with Radar,73,34,24,3,134,0,0,46,3,49,73,34,70,6,183,0,0,0,183
07/31/2021,SYR,NY,AEA,EN,Combined TRACON& Tower with Radar,55,35,21,0,111,0,3,40,10,53,55,38,61,10,164,0,0,0,164
08/01/2021,SYR,NY,AEA,EN,Combined TRACON& Tower with Radar,52,37,16,1,106,0,0,6,3,9,52,37,22,4,115,30,0,30,145
08/02/2021,SYR,NY,AEA,EN,Combined TRACON& Tower with Radar,60,33,11,12,116,0,0,52,6,58,60,33,63,18,174,26,0,26,200
08/03/2021,SYR,NY,AEA,EN,Combined TRACON& Tower with Radar,70,29,7,8,114,0,1,39,1,41,70,30,46,9,155,32,10,42,197
08/04/2021,SYR,NY,AEA,EN,Combined TRACON& Tower with Radar,75,26,21,5,127,0,4,50,29,83,75,30,71,34,210,38,36,74,284
08/05/2021,SYR,NY,AEA,EN,Combined TRACON& Tower with Radar,76,28,19,3,126,0,0,31,11,42,76,28,50,14,168,10,0,10,178
08/06/2021,SYR,NY,AEA,EN,Combined TRACON& Tower with Radar,69,35,11,0,115,0,2,33,6,41,69,37,44,6,156,3,0,3,159
08/07/2021,SYR,NY,AEA,EN,Combined TRACON& Tower with Radar,57,27,8,10,102,0,2,19,4,25,57,29,27,14,127,6,0,6,133
08/08/2021,SYR,NY,AEA,EN,Combined TRACON& Tower with Radar,58,26,13,4,101,0,0,18,10,28,58,26,31,14,129,2,0,2,131
08/09/2021,SYR,NY,AEA,EN,Combined TRACON& Tower with Radar,61,31,9,6,107,0,0,28,0,28,61,31,37,6,135,37,0,37,172
08/10/2021,SYR,NY,AEA,EN,Combined TRACON& Tower with Radar,69,29,22,6,126,0,1,22,2,25,69,30,44,8,151,8,0,8,159
08/11/2021,SYR,NY,AEA,EN,Combined TRACON& Tower with Radar,69,27,22,6,124,0,0,20,2,22,69,27,42,8,146,0,0,0,146
08/12/2021,SYR,NY,AEA,EN,Combined TRACON& Tower with Radar,85,28,16,9,138,0,0,15,3,18,85,28,31,12,156,0,0,0,156
08/13/2021,SYR,NY,AEA,EN,Combined TRACON& Tower with Radar,62,31,13,0,106,0,1,16,1,18,62,32,29,1,124,0,0,0,124
08/14/2021,SYR,NY,AEA,EN,Combined TRACON& Tower with Radar,58,24,22,0,104,0,0,31,4,35,58,24,53,4,139,10,0,10,149
08/15/2021,SYR,NY,AEA,EN,Combined TRACON& Tower with Radar,57,28,15,0,100,0,0,29,7,36,57,28,44,7,136,10,0,10,146
08/16/2021,SYR,NY,AEA,EN,Combined TRACON& Tower with Radar,65,41,18,6,130,0,1,46,13,60,65,42,64,19,190,0,0,0,190
08/17/2021,SYR,NY,AEA,EN,Combined TRACON& Tower with Radar,77,26,16,0,119,0,0,5,16,21,77,26,21,16,140,0,0,0,140
08/18/2021,SYR,NY,AEA,EN,Combined TRACON& Tower with Radar,73,33,22,2,130,0,0,1,0,1,73,33,23,2,131,0,0,0,131
08/19/2021,SYR,NY,AEA,EN,Combined TRACON& Tower with Radar,83,37,36,5,161,0,0,12,0,12,83,37,48,5,173,34,0,34,207
08/20/2021,SYR,NY,AEA,EN,Combined TRACON& Tower with Radar,77,37,33,1,148,0,1,33,0,34,77,38,66,1,182,0,0,0,182
08/21/2021,SYR,NY,AEA,EN,Combined TRACON& Tower with Radar,53,19,31,0,103,0,0,12,2,14,53,19,43,2,117,0,0,0,117
08/22/2021,SYR,NY,AEA,EN,Combined TRACON& Tower with Radar,75,33,38,0,146,0,1,17,3,21,75,34,55,3,167,0,0,0,167
08/23/2021,SYR,NY,AEA,EN,Combined TRACON& Tower with Radar,72,34,48,8,162,0,0,25,2,27,72,34,73,10,189,0,0,0,189
08/24/2021,SYR,NY,AEA,EN,Combined TRACON& Tower with Radar,71,29,16,8,124,0,4,46,6,56,71,33,62,14,180,0,0,0,180
08/25/2021,SYR,NY,AEA,EN,Combined TRACON& Tower with Radar,77,37,30,4,148,0,4,29,10,43,77,41,59,14,191,12,8,20,211
08/26/2021,SYR,NY,AEA,EN,Combined TRACON& Tower with Radar,75,33,19,12,139,0,1,27,3,31,75,34,46,15,170,18,6,24,194
08/27/2021,SYR,NY,AEA,EN,Combined TRACON& Tower with Radar,78,33,16,0,127,0,2,19,4,25,78,35,35,4,152,0,0,0,152
08/28/2021,SYR,NY,AEA,EN,Combined TRACON& Tower with Radar,58,29,23,2,112,0,0,17,0,17,58,29,40,2,129,0,0,0,129
08/29/2021,SYR,NY,AEA,EN,Combined TRACON& Tower with Radar,63,24,13,0,100,0,0,12,4,16,63,24,25,4,116,0,0,0,116
08/30/2021,SYR,NY,AEA,EN,Combined TRACON& Tower with Radar,75,29,17,16,137,0,0,14,46,60,75,29,31,62,197,0,70,70,267
08/31/2021,SYR,NY,AEA,EN,Combined TRACON& Tower with Radar,73,28,32,13,146,0,1,38,29,68,73,29,70,42,214,0,0,0,214
09/01/2021,SYR,NY,AEA,EN,Combined TRACON& Tower with Radar,75,35,17,8,135,0,0,22,5,27,75,35,39,13,162,3,0,3,165
09/02/2021,SYR,NY,AEA,EN,Combined TRACON& Tower with Radar,84,30,18,8,140,0,0,38,2,40,84,30,56,10,180,8,6,14,194
09/03/2021,SYR,NY,AEA,EN,Combined TRACON& Tower with Radar,78,33,23,0,134,0,0,13,2,15,78,33,36,2,149,15,0,15,164
09/04/2021,SYR,NY,AEA,EN,Combined TRACON& Tower with Radar,56,17,19,1,93,0,0,39,8,47,56,17,58,9,140,26,0,26,166
09/05/2021,SYR,NY,AEA,EN,Combined TRACON& Tower with Radar,56,18,20,0,94,0,2,11,0,13,56,20,31,0,107,0,0,0,107
09/06/2021,SYR,NY,AEA,EN,Combined TRACON& Tower with Radar,56,28,7,0,91,0,2,16,5,23,56,30,23,5,114,0,0,0,114
09/07/2021,SYR,NY,AEA,EN,Combined TRACON& Tower with Radar,63,29,8,6,106,0,0,30,28,58,63,29,38,34,164,0,20,20,184
09/08/2021,SYR,NY,AEA,EN,Combined TRACON& Tower with Radar,69,38,11,0,118,0,2,5,0,7,69,40,16,0,125,0,0,0,125
09/09/2021,SYR,NY,AEA,EN,Combined TRACON& Tower with Radar,87,33,17,13,150,0,0,29,8,37,87,33,46,21,187,8,0,8,195
09/10/2021,SYR,NY,AEA,EN,Combined TRACON& Tower with Radar,80,30,15,0,125,0,0,22,3,25,80,30,37,3,150,28,0,28,178
09/11/2021,SYR,NY,AEA,EN,Combined TRACON& Tower with Radar,61,26,12,5,104,0,1,46,14,61,61,27,58,19,165,34,14,48,213
09/12/2021,SYR,NY,AEA,EN,Combined TRACON& Tower with Radar,66,29,18,0,113,0,0,12,2,14,66,29,30,2,127,0,0,0,127
09/13/2021,SYR,NY,AEA,EN,Combined TRACON& Tower with Radar,68,37,15,12,132,0,0,33,16,49,68,37,48,28,181,36,18,54,235
09/14/2021,SYR,NY,AEA,EN,Combined TRACON& Tower with Radar,75,20,17,9,121,0,0,31,7,38,75,20,48,16,159,36,0,36,195
09/15/2021,SYR,NY,AEA,EN,Combined TRACON& Tower with Radar,78,25,26,2,131,0,0,2,2,4,78,25,28,4,135,0,0,0,135
09/16/2021,SYR,NY,AEA,EN,Combined TRACON& Tower with Radar,81,40,26,7,154,0,0,37,5,42,81,40,63,12,196,34,0,34,230
09/17/2021,SYR,NY,AEA,EN,Combined TRACON& Tower with Radar,79,40,17,1,137,0,1,35,11,47,79,41,52,12,184,8,0,8,192
09/18/2021,SYR,NY,AEA,EN,Combined TRACON& Tower with Radar,58,28,20,0,106,0,1,12,7,20,58,29,32,7,126,18,0,18,144
09/19/2021,SYR,NY,AEA,EN,Combined TRACON& Tower with Radar,65,25,26,0,116,0,2,52,6,60,65,27,78,6,176,0,0,0,176
09/20/2021,SYR,NY,AEA,EN,Combined TRACON& Tower with Radar,73,30,27,8,138,0,2,32,3,37,73,32,59,11,175,20,4,24,199
09/21/2021,SYR,NY,AEA,EN,Combined TRACON& Tower with Radar,77,37,22,15,151,0,0,31,9,40,77,37,53,24,191,18,0,18,209
09/22/2021,SYR,NY,AEA,EN,Combined TRACON& Tower with Radar,76,25,19,1,121,0,0,2,19,21,76,25,21,20,142,0,20,20,162
09/23/2021,SYR,NY,AEA,EN,Combined TRACON& Tower with Radar,83,29,18,0,130,0,0,2,0,2,83,29,20,0,132,0,0,0,132
09/24/2021,SYR,NY,AEA,EN,Combined TRACON& Tower with Radar,80,43,19,2,144,0,0,33,12,45,80,43,52,14,189,0,0,0,189
09/25/2021,SYR,NY,AEA,EN,Combined TRACON& Tower with Radar,60,25,20,0,105,0,1,35,2,38,60,26,55,2,143,24,0,24,167
09/26/2021,SYR,NY,AEA,EN,Combined TRACON& Tower with Radar,67,36,15,0,118,0,0,16,7,23,67,36,31,7,141,0,0,0,141
09/27/2021,SYR,NY,AEA,EN,Combined TRACON& Tower with Radar,69,25,21,12,127,0,0,13,18,31,69,25,34,30,158,12,6,18,176
09/28/2021,SYR,NY,AEA,EN,Combined TRACON& Tower with Radar,75,22,16,8,121,0,0,21,16,37,75,22,37,24,158,0,20,20,178
09/29/2021,SYR,NY,AEA,EN,Combined TRACON& Tower with Radar,76,24,16,9,125,0,0,20,5,25,76,24,36,14,150,14,0,14,164
09/30/2021,SYR,NY,AEA,EN,Combined TRACON& Tower with Radar,83,29,35,6,153,0,0,11,5,16,83,29,46,11,169,8,0,8,177
10/01/2021,SYR,NY,AEA,EN,Combined TRACON& Tower with Radar,82,33,23,2,140,0,3,32,1,36,82,36,55,3,176,10,0,10,186
10/02/2021,SYR,NY,AEA,EN,Combined TRACON& Tower with Radar,56,21,23,14,114,0,0,23,4,27,56,21,46,18,141,0,0,0,141
10/03/2021,SYR,NY,AEA,EN,Combined TRACON& Tower with Radar,67,30,18,1,116,0,0,0,6,6,67,30,18,7,122,0,0,0,122
10/04/2021,SYR,NY,AEA,EN,Combined TRACON& Tower with Radar,69,37,15,0,121,0,0,0,0,0,69,37,15,0,121,0,0,0,121
10/05/2021,SYR,NY,AEA,EN,Combined TRACON& Tower with Radar,78,26,11,0,115,0,0,0,0,0,78,26,11,0,115,0,0,0,115
10/06/2021,SYR,NY,AEA,EN,Combined TRACON& Tower with Radar,77,42,28,4,151,0,0,28,55,83,77,42,56,59,234,26,75,101,335
10/07/2021,SYR,NY,AEA,EN,Combined TRACON& Tower with Radar,81,39,22,0,142,0,1,29,4,34,81,40,51,4,176,24,0,24,200
10/08/2021,SYR,NY,AEA,EN,Combined TRACON& Tower with Radar,82,56,37,0,175,0,1,33,0,34,82,57,70,0,209,0,0,0,209
10/09/2021,SYR,NY,AEA,EN,Combined TRACON& Tower with Radar,62,30,15,0,107,0,0,22,10,32,62,30,37,10,139,0,0,0,139
10/10/2021,SYR,NY,AEA,EN,Combined TRACON& Tower with Radar,66,42,25,1,134,0,0,12,1,13,66,42,37,2,147,0,0,0,147
10/11/2021,SYR,NY,AEA,EN,Combined TRACON& Tower with Radar,74,35,18,0,127,0,0,28,2,30,74,35,46,2,157,6,0,6,163
10/12/2021,SYR,NY,AEA,EN,Combined TRACON& Tower with Radar,77,35,11,6,129,0,0,32,28,60,77,35,43,34,189,18,46,64,253
10/13/2021,SYR,NY,AEA,EN,Combined TRACON& Tower with Radar,79,33,15,12,139,0,0,17,9,26,79,33,32,21,165,4,16,20,185
10/14/2021,SYR,NY,AEA,EN,Combined TRACON& Tower with Radar,88,46,14,9,157,0,1,23,30,54,88,47,37,39,211,9,28,37,248
10/15/2021,SYR,NY,AEA,EN,Combined TRACON& Tower with Radar,81,45,32,0,158,0,0,7,1,8,81,45,39,1,166,0,0,0,166
10/16/2021,SYR,NY,AEA,EN,Combined TRACON& Tower with Radar,60,28,15,0,103,0,1,2,0,3,60,29,17,0,106,0,0,0,106
10/17/2021,SYR,NY,AEA,EN,Combined TRACON& Tower with Radar,67,39,25,0,131,0,1,2,0,3,67,40,27,0,134,0,0,0,134
10/18/2021,SYR,NY,AEA,EN,Combined TRACON& Tower with Radar,74,33,27,6,140,0,0,4,4,8,74,33,31,10,148,0,0,0,148
10/19/2021,SYR,NY,AEA,EN,Combined TRACON& Tower with Radar,77,32,13,10,132,0,0,31,22,53,77,32,44,32,185,0,22,22,207
10/20/2021,SYR,NY,AEA,EN,Combined TRACON& Tower with Radar,76,31,15,15,137,0,0,34,49,83,76,31,49,64,220,10,44,54,274
10/21/2021,SYR,NY,AEA,EN,Combined TRACON& Tower with Radar,87,35,21,5,148,0,4,16,37,57,87,39,37,42,205,0,44,44,249
10/22/2021,SYR,NY,AEA,EN,Combined TRACON& Tower with Radar,84,33,15,0,132,0,0,8,1,9,84,33,23,1,141,0,0,0,141
10/23/2021,SYR,NY,AEA,EN,Combined TRACON& Tower with Radar,63,25,20,0,108,0,0,19,5,24,63,25,39,5,132,0,0,0,132
10/24/2021,SYR,NY,AEA,EN,Combined TRACON& Tower with Radar,66,33,40,0,139,0,0,35,5,40,66,33,75,5,179,6,0,6,185
10/25/2021,SYR,NY,AEA,EN,Combined TRACON& Tower with Radar,71,29,24,8,132,0,1,3,27,31,71,30,27,35,163,16,64,80,243
10/26/2021,SYR,NY,AEA,EN,Combined TRACON& Tower with Radar,82,28,10,0,120,0,0,0,0,0,82,28,10,0,120,0,0,0,120
10/27/2021,SYR,NY,AEA,EN,Combined TRACON& Tower with Radar,78,25,21,12,136,0,7,22,30,59,78,32,43,42,195,0,28,28,223
10/28/2021,SYR,NY,AEA,EN,Combined TRACON& Tower with Radar,87,32,26,15,160,0,0,37,22,59,87,32,63,37,219,0,0,0,219
10/29/2021,SYR,NY,AEA,EN,Combined TRACON& Tower with Radar,85,31,22,1,139,0,1,19,9,29,85,32,41,10,168,0,0,0,168
10/30/2021,SYR,NY,AEA,EN,Combined TRACON& Tower with Radar,54,31,18,0,103,0,0,3,0,3,54,31,21,0,106,0,0,0,106
10/31/2021,SYR,NY,AEA,EN,Combined TRACON& Tower with Radar,58,19,18,0,95,0,0,4,0,4,58,19,22,0,99,0,0,0,99
11/01/2021,SYR,NY,AEA,EN,Combined TRACON& Tower with Radar,78,22,17,6,123,0,1,34,10,45,78,23,51,16,168,0,0,0,168
11/02/2021,SYR,NY,AEA,EN,Combined TRACON& Tower with Radar,72,31,32,12,147,0,1,27,20,48,72,32,59,32,195,0,0,0,195
11/03/2021,SYR,NY,AEA,EN,Combined TRACON& Tower with Radar,77,35,16,12,140,0,0,9,0,9,77,35,25,12,149,0,0,0,149
11/04/2021,SYR,NY,AEA,EN,Combined TRACON& Tower with Radar,87,30,14,8,139,0,0,24,28,52,87,30,38,36,191,31,26,57,248
11/05/2021,SYR,NY,AEA,EN,Combined TRACON& Tower with Radar,90,36,29,0,155,0,0,37,6,43,90,36,66,6,198,0,0,0,198
11/06/2021,SYR,NY,AEA,EN,Combined TRACON& Tower with Radar,61,19,22,3,105,0,4,44,1,49,61,23,66,4,154,8,0,8,162
11/07/2021,SYR,NY,AEA,EN,Combined TRACON& Tower with Radar,65,27,17,0,109,0,0,31,1,32,65,27,48,1,141,8,0,8,149
11/08/2021,SYR,NY,AEA,EN,Combined TRACON& Tower with Radar,90,30,24,6,150,0,1,25,32,58,90,31,49,38,208,44,18,62,270
11/09/2021,SYR,NY,AEA,EN,Combined TRACON& Tower with Radar,79,28,11,16,134,0,2,23,47,72,79,30,34,63,206,20,68,88,294
11/10/2021,SYR,NY,AEA,EN,Combined TRACON& Tower with Radar,84,27,20,26,157,0,5,32,27,64,84,32,52,53,221,6,62,68,289
11/11/2021,SYR,NY,AEA,EN,Combined TRACON& Tower with Radar,87,28,18,1,134,0,0,21,5,26,87,28,39,6,160,16,0,16,176
11/12/2021,SYR,NY,AEA,EN,Combined TRACON& Tower with Radar,93,26,18,0,137,0,0,18,1,19,93,26,36,1,156,0,0,0,156
11/13/2021,SYR,NY,AEA,EN,Combined TRACON& Tower with Radar,64,23,9,0,96,0,0,0,1,1,64,23,9,1,97,0,0,0,97
11/14/2021,SYR,NY,AEA,EN,Combined TRACON& Tower with Radar,76,28,15,0,119,0,1,16,0,17,76,29,31,0,136,0,0,0,136
11/15/2021,SYR,NY,AEA,EN,Combined TRACON& Tower with Radar,88,31,7,7,133,0,0,0,0,0,88,31,7,7,133,0,0,0,133
11/16/2021,SYR,NY,AEA,EN,Combined TRACON& Tower with Radar,90,28,14,8,140,0,0,13,0,13,90,28,27,8,153,0,0,0,153
11/17/2021,SYR,NY,AEA,EN,Combined TRACON& Tower with Radar,92,32,14,6,144,0,0,17,31,48,92,32,31,37,192,0,40,40,232
11/18/2021,SYR,NY,AEA,EN,Combined TRACON& Tower with Radar,94,26,20,3,143,0,0,5,2,7,94,26,25,5,150,0,0,0,150
11/19/2021,SYR,NY,AEA,EN,Combined TRACON& Tower with Radar,97,38,21,6,162,0,0,5,2,7,97,38,26,8,169,0,0,0,169
11/20/2021,SYR,NY,AEA,EN,Combined TRACON& Tower with Radar,81,25,14,0,120,0,0,27,3,30,81,25,41,3,150,0,0,0,150
11/21/2021,SYR,NY,AEA,EN,Combined TRACON& Tower with Radar,79,24,14,0,117,0,0,32,2,34,79,24,46,2,151,30,0,30,181
11/22/2021,SYR,NY,AEA,EN,Combined TRACON& Tower with Radar,89,22,12,12,135,0,0,10,13,23,89,22,22,25,158,0,0,0,158
11/23/2021,SYR,NY,AEA,EN,Combined TRACON& Tower with Radar,101,21,16,15,153,0,0,7,9,16,101,21,23,24,169,10,30,40,209
11/24/2021,SYR,NY,AEA,EN,Combined TRACON& Tower with Radar,103,26,24,7,160,0,2,37,5,44,103,28,61,12,204,0,12,12,216
11/25/2021,SYR,NY,AEA,EN,Combined TRACON& Tower with Radar,46,11,3,1,61,0,0,2,3,5,46,11,5,4,66,0,0,0,66
11/26/2021,SYR,NY,AEA,EN,Combined TRACON& Tower with Radar,76,15,4,0,95,0,0,0,0,0,76,15,4,0,95,0,0,0,95
11/27/2021,SYR,NY,AEA,EN,Combined TRACON& Tower with Radar,84,38,16,0,138,0,0,3,0,3,84,38,19,0,141,0,0,0,141
11/28/2021,SYR,NY,AEA,EN,Combined TRACON& Tower with Radar,89,36,27,0,152,0,0,1,0,1,89,36,28,0,153,0,0,0,153
11/29/2021,SYR,NY,AEA,EN,Combined TRACON& Tower with Radar,103,32,12,10,157,0,3,5,12,20,103,35,17,22,177,0,0,0,177
11/30/2021,SYR,NY,AEA,EN,Combined TRACON& Tower with Radar,93,40,15,6,154,0,0,5,6,11,93,40,20,12,165,0,0,0,165
12/01/2021,SYR,NY,AEA,EN,Combined TRACON& Tower with Radar,95,31,17,21,164,0,0,21,10,31,95,31,38,31,195,6,0,6,201
12/02/2021,SYR,NY,AEA,EN,Combined TRACON& Tower with Radar,99,30,15,0,144,0,0,1,0,1,99,30,16,0,145,0,0,0,145
12/03/2021,SYR,NY,AEA,EN,Combined TRACON& Tower with Radar,97,31,23,0,151,0,0,13,6,19,97,31,36,6,170,0,0,0,170
12/04/2021,SYR,NY,AEA,EN,Combined TRACON& Tower with Radar,63,23,16,0,102,0,0,6,0,6,63,23,22,0,108,22,0,22,130
12/05/2021,SYR,NY,AEA,EN,Combined TRACON& Tower with Radar,81,24,9,20,134,0,0,22,0,22,81,24,31,20,156,10,0,10,166
12/06/2021,SYR,NY,AEA,EN,Combined TRACON& Tower with Radar,93,23,6,0,122,0,0,0,0,0,93,23,6,0,122,0,0,0,122
12/07/2021,SYR,NY,AEA,EN,Combined TRACON& Tower with Radar,91,37,23,4,155,0,0,5,8,13,91,37,28,12,168,0,10,10,178
12/08/2021,SYR,NY,AEA,EN,Combined TRACON& Tower with Radar,92,32,11,6,141,0,0,2,0,2,92,32,13,6,143,0,0,0,143
12/09/2021,SYR,NY,AEA,EN,Combined TRACON& Tower with Radar,102,30,20,8,160,0,2,30,8,40,102,32,50,16,200,18,0,18,218
12/10/2021,SYR,NY,AEA,EN,Combined TRACON& Tower with Radar,99,30,17,4,150,0,2,19,0,21,99,32,36,4,171,0,0,0,171
12/11/2021,SYR,NY,AEA,EN,Combined TRACON& Tower with Radar,65,18,1,0,84,0,2,0,0,2,65,20,1,0,86,0,0,0,86
12/12/2021,SYR,NY,AEA,EN,Combined TRACON& Tower with Radar,79,25,10,5,119,0,0,21,4,25,79,25,31,9,144,0,0,0,144
12/13/2021,SYR,NY,AEA,EN,Combined TRACON& Tower with Radar,93,27,14,18,152,0,0,20,13,33,93,27,34,31,185,0,0,0,185
12/14/2021,SYR,NY,AEA,EN,Combined TRACON& Tower with Radar,92,27,39,11,169,0,0,27,5,32,92,27,66,16,201,30,6,36,237
12/15/2021,SYR,NY,AEA,EN,Combined TRACON& Tower with Radar,91,22,19,8,140,0,0,9,1,10,91,22,28,9,150,10,8,18,168
12/16/2021,SYR,NY,AEA,EN,Combined TRACON& Tower with Radar,100,36,12,2,150,0,1,8,2,11,100,37,20,4,161,0,0,0,161
12/17/2021,SYR,NY,AEA,EN,Combined TRACON& Tower with Radar,94,30,21,0,145,0,0,30,5,35,94,30,51,5,180,40,0,40,220
12/18/2021,SYR,NY,AEA,EN,Combined TRACON& Tower with Radar,74,20,4,0,98,0,0,0,0,0,74,20,4,0,98,0,0,0,98
12/19/2021,SYR,NY,AEA,EN,Combined TRACON& Tower with Radar,83,23,7,0,113,0,0,2,0,2,83,23,9,0,115,0,0,0,115
12/20/2021,SYR,NY,AEA,EN,Combined TRACON& Tower with Radar,92,24,14,14,144,0,0,36,8,44,92,24,50,22,188,16,26,42,230
12/21/2021,SYR,NY,AEA,EN,Combined TRACON& Tower with Radar,101,30,14,5,150,0,0,17,33,50,101,30,31,38,200,4,56,60,260
12/22/2021,SYR,NY,AEA,EN,Combined TRACON& Tower with Radar,101,30,14,2,147,0,0,11,0,11,101,30,25,2,158,0,0,0,158
12/23/2021,SYR,NY,AEA,EN,Combined TRACON& Tower with Radar,103,32,9,0,144,0,0,7,0,7,103,32,16,0,151,0,0,0,151
12/24/2021,SYR,NY,AEA,EN,Combined TRACON& Tower with Radar,68,24,6,0,98,0,1,8,2,11,68,25,14,2,109,0,0,0,109
12/25/2021,SYR,NY,AEA,EN,Combined TRACON& Tower with Radar,47,15,4,0,66,0,0,0,0,0,47,15,4,0,66,0,0,0,66
12/26/2021,SYR,NY,AEA,EN,Combined TRACON& Tower with Radar,66,26,11,0,103,0,0,0,0,0,66,26,11,0,103,0,0,0,103
12/27/2021,SYR,NY,AEA,EN,Combined TRACON& Tower with Radar,72,30,17,2,121,0,0,9,0,9,72,30,26,2,130,0,0,0,130
12/28/2021,SYR,NY,AEA,EN,Combined TRACON& Tower with Radar,80,33,13,6,132,0,0,17,2,19,80,33,30,8,151,22,0,22,173
12/29/2021,SYR,NY,AEA,EN,Combined TRACON& Tower with Radar,87,27,16,0,130,0,0,0,0,0,87,27,16,0,130,0,0,0,130
12/30/2021,SYR,NY,AEA,EN,Combined TRACON& Tower with Radar,82,37,7,10,136,0,0,10,0,10,82,37,17,10,146,0,0,0,146
12/31/2021,SYR,NY,AEA,EN,Combined TRACON& Tower with Radar,65,22,5,0,92,0,0,13,0,13,65,22,18,0,105,0,0,0,105
01/01/2022,SYR,NY,AEA,EN,Combined TRACON& Tower with Radar,49,18,5,0,72,0,0,0,0,0,49,18,5,0,72,0,0,0,72
01/02/2022,SYR,NY,AEA,EN,Combined TRACON& Tower with Radar,69,27,8,0,104,0,0,0,0,0,69,27,8,0,104,0,0,0,104
01/03/2022,SYR,NY,AEA,EN,Combined TRACON& Tower with Radar,79,27,8,1,115,0,0,13,49,62,79,27,21,50,177,14,72,86,263
01/04/2022,SYR,NY,AEA,EN,Combined TRACON& Tower with Radar,87,26,11,6,130,0,1,8,10,19,87,27,19,16,149,0,0,0,149
01/05/2022,SYR,NY,AEA,EN,Combined TRACON& Tower with Radar,79,22,20,7,128,0,0,8,17,25,79,22,28,24,153,0,0,0,153
01/06/2022,SYR,NY,AEA,EN,Combined TRACON& Tower with Radar,80,34,3,4,121,0,0,5,5,10,80,34,8,9,131,10,11,21,152
01/07/2022,SYR,NY,AEA,EN,Combined TRACON& Tower with Radar,75,24,4,0,103,0,0,0,0,0,75,24,4,0,103,0,0,0,103
01/08/2022,SYR,NY,AEA,EN,Combined TRACON& Tower with Radar,64,22,13,2,101,0,2,16,8,26,64,24,29,10,127,0,12,12,139
01/09/2022,SYR,NY,AEA,EN,Combined TRACON& Tower with Radar,57,25,3,0,85,0,0,0,0,0,57,25,3,0,85,0,0,0,85
01/10/2022,SYR,NY,AEA,EN,Combined TRACON& Tower with Radar,66,23,9,6,104,0,0,6,52,58,66,23,15,58,162,0,82,82,244
01/11/2022,SYR,NY,AEA,EN,Combined TRACON& Tower with Radar,94,20,13,10,137,0,0,6,2,8,94,20,19,12,145,0,12,12,157
01/12/2022,SYR,NY,AEA,EN,Combined TRACON& Tower with Radar,83,18,5,5,111,0,0,5,4,9,83,18,10,9,120,0,0,0,120
01/13/2022,SYR,NY,AEA,EN,Combined TRACON& Tower with Radar,92,23,12,2,129,0,0,5,0,5,92,23,17,2,134,0,0,0,134
01/14/2022,SYR,NY,AEA,EN,Combined TRACON& Tower with Radar,86,29,9,0,124,0,0,4,1,5,86,29,13,1,129,0,0,0,129
01/15/2022,SYR,NY,AEA,EN,Combined TRACON& Tower with Radar,60,20,7,0,87,0,2,8,1,11,60,22,15,1,98,0,0,0,98
01/16/2022,SYR,NY,AEA,EN,Combined TRACON& Tower with Radar,46,15,9,0,70,0,0,14,4,18,46,15,23,4,88,42,0,42,130
01/17/2022,SYR,NY,AEA,EN,Combined TRACON& Tower with Radar,50,21,4,0,75,0,0,0,0,0,50,21,4,0,75,0,0,0,75
01/18/2022,SYR,NY,AEA,EN,Combined TRACON& Tower with Radar,84,28,24,4,140,0,1,6,0,7,84,29,30,4,147,0,0,0,147
01/19/2022,SYR,NY,AEA,EN,Combined TRACON& Tower with Radar,87,21,17,10,135,0,0,9,0,9,87,21,26,10,144,0,0,0,144
01/20/2022,SYR,NY,AEA,EN,Combined TRACON& Tower with Radar,82,24,13,6,125,0,0,4,2,6,82,24,17,8,131,0,0,0,131
01/21/2022,SYR,NY,AEA,EN,Combined TRACON& Tower with Radar,85,25,11,0,121,0,0,19,7,26,85,25,30,7,147,0,0,0,147
01/22/2022,SYR,NY,AEA,EN,Combined TRACON& Tower with Radar,61,24,20,2,107,0,1,23,5,29,61,25,43,7,136,0,0,0,136
01/23/2022,SYR,NY,AEA,EN,Combined TRACON& Tower with Radar,67,28,7,0,102,0,0,0,0,0,67,28,7,0,102,0,0,0,102
01/24/2022,SYR,NY,AEA,EN,Combined TRACON& Tower with Radar,80,24,12,8,124,0,0,7,0,7,80,24,19,8,131,0,0,0,131
01/25/2022,SYR,NY,AEA,EN,Combined TRACON& Tower with Radar,84,19,16,10,129,0,2,0,4,6,84,21,16,14,135,0,8,8,143
01/26/2022,SYR,NY,AEA,EN,Combined TRACON& Tower with Radar,92,28,15,10,145,0,0,16,3,19,92,28,31,13,164,0,0,0,164
01/27/2022,SYR,NY,AEA,EN,Combined TRACON& Tower with Radar,90,24,18,5,137,0,3,18,5,26,90,27,36,10,163,0,0,0,163
01/28/2022,SYR,NY,AEA,EN,Combined TRACON& Tower with Radar,76,31,7,1,115,0,0,2,2,4,76,31,9,3,119,0,0,0,119
01/29/2022,SYR,NY,AEA,EN,Combined TRACON& Tower with Radar,46,17,11,1,75,0,1,5,1,7,46,18,16,2,82,0,0,0,82
01/30/2022,SYR,NY,AEA,EN,Combined TRACON& Tower with Radar,64,29,13,0,106,0,1,10,1,12,64,30,23,1,118,0,0,0,118
01/31/2022,SYR,NY,AEA,EN,Combined TRACON& Tower with Radar,82,19,17,6,124,0,0,21,1,22,82,19,38,7,146,0,0,0,146
02/01/2022,SYR,NY,AEA,EN,Combined TRACON& Tower with Radar,84,15,13,15,127,0,0,14,24,38,84,15,27,39,165,4,34,38,203
02/02/2022,SYR,NY,AEA,EN,Combined TRACON& Tower with Radar,87,29,7,6,129,0,0,8,0,8,87,29,15,6,137,0,0,0,137
02/03/2022,SYR,NY,AEA,EN,Combined TRACON& Tower with Radar,55,17,5,1,78,0,0,1,0,1,55,17,6,1,79,0,0,0,79
02/04/2022,SYR,NY,AEA,EN,Combined TRACON& Tower with Radar,63,18,2,0,83,0,0,0,0,0,63,18,2,0,83,0,0,0,83
02/05/2022,SYR,NY,AEA,EN,Combined TRACON& Tower with Radar,56,20,9,10,95,0,0,5,2,7,56,20,14,12,102,0,0,0,102
02/06/2022,SYR,NY,AEA,EN,Combined TRACON& Tower with Radar,63,23,13,2,101,0,2,17,1,20,63,25,30,3,121,0,0,0,121
02/07/2022,SYR,NY,AEA,EN,Combined TRACON& Tower with Radar,79,24,16,8,127,0,0,12,2,14,79,24,28,10,141,0,0,0,141
02/08/2022,SYR,NY,AEA,EN,Combined TRACON& Tower with Radar,89,18,10,14,131,0,0,2,0,2,89,18,12,14,133,0,0,0,133
02/09/2022,SYR,NY,AEA,EN,Combined TRACON& Tower with Radar,95,22,19,7,143,0,0,17,4,21,95,22,36,11,164,0,0,0,164
02/10/2022,SYR,NY,AEA,EN,Combined TRACON& Tower with Radar,88,32,9,5,134,0,0,0,0,0,88,32,9,5,134,0,0,0,134
02/11/2022,SYR,NY,AEA,EN,Combined TRACON& Tower with Radar,92,36,9,0,137,0,0,13,0,13,92,36,22,0,150,0,0,0,150
02/12/2022,SYR,NY,AEA,EN,Combined TRACON& Tower with Radar,66,23,6,0,95,0,0,2,0,2,66,23,8,0,97,0,0,0,97
02/13/2022,SYR,NY,AEA,EN,Combined TRACON& Tower with Radar,66,21,6,8,101,0,0,7,0,7,66,21,13,8,108,0,0,0,108
02/14/2022,SYR,NY,AEA,EN,Combined TRACON& Tower with Radar,80,32,10,4,126,0,1,13,0,14,80,33,23,4,140,0,0,0,140
02/15/2022,SYR,NY,AEA,EN,Combined TRACON& Tower with Radar,91,19,16,8,134,0,0,10,2,12,91,19,26,10,146,0,0,0,146
02/16/2022,SYR,NY,AEA,EN,Combined TRACON& Tower with Radar,96,19,20,0,135,0,0,8,0,8,96,19,28,0,143,0,0,0,143
02/17/2022,SYR,NY,AEA,EN,Combined TRACON& Tower with Radar,92,27,18,2,139,0,0,3,0,3,92,27,21,2,142,0,0,0,142
02/18/2022,SYR,NY,AEA,EN,Combined TRACON& Tower with Radar,100,34,6,4,144,0,0,3,0,3,100,34,9,4,147,0,0,0,147
02/19/2022,SYR,NY,AEA,EN,Combined TRACON& Tower with Radar,77,22,3,1,103,0,1,0,3,4,77,23,3,4,107,0,0,0,107
02/20/2022,SYR,NY,AEA,EN,Combined TRACON& Tower with Radar,76,21,18,0,115,0,3,16,2,21,76,24,34,2,136,0,0,0,136
02/21/2022,SYR,NY,AEA,EN,Combined TRACON& Tower with Radar,83,28,14,0,125,0,0,29,1,30,83,28,43,1,155,4,0,4,159
02/22/2022,SYR,NY,AEA,EN,Combined TRACON& Tower with Radar,99,18,11,9,137,0,0,3,1,4,99,18,14,10,141,0,0,0,141
02/23/2022,SYR,NY,AEA,EN,Combined TRACON& Tower with Radar,96,18,11,4,129,0,0,0,0,0,96,18,11,4,129,0,0,0,129
02/24/2022,SYR,NY,AEA,EN,Combined TRACON& Tower with Radar,90,22,15,16,143,0,0,17,20,37,90,22,32,36,180,0,0,0,180
02/25/2022,SYR,NY,AEA,EN,Combined TRACON& Tower with Radar,51,17,8,0,76,0,0,0,0,0,51,17,8,0,76,0,0,0,76
02/26/2022,SYR,NY,AEA,EN,Combined TRACON& Tower with Radar,80,41,25,0,146,0,1,3,3,7,80,42,28,3,153,0,0,0,153
02/27/2022,SYR,NY,AEA,EN,Combined TRACON& Tower with Radar,77,24,17,0,118,0,0,0,0,0,77,24,17,0,118,0,0,0,118
02/28/2022,SYR,NY,AEA,EN,Combined TRACON& Tower with Radar,86,29,13,30,158,0,3,24,16,43,86,32,37,46,201,2,21,23,224
03/01/2022,SYR,NY,AEA,EN,Combined TRACON& Tower with Radar,97,30,7,0,134,0,0,11,4,15,97,30,18,4,149,6,0,6,155
03/02/2022,SYR,NY,AEA,EN,Combined TRACON& Tower with Radar,98,23,20,7,148,0,1,11,6,18,98,24,31,13,166,0,6,6,172
03/03/2022,SYR,NY,AEA,EN,Combined TRACON& Tower with Radar,91,31,11,10,143,0,0,1,3,4,91,31,12,13,147,0,0,0,147
03/04/2022,SYR,NY,AEA,EN,Combined TRACON& Tower with Radar,90,30,15,1,136,0,0,19,1,20,90,30,34,2,156,0,0,0,156
03/05/2022,SYR,NY,AEA,EN,Combined TRACON& Tower with Radar,70,22,10,9,111,0,0,22,21,43,70,22,32,30,154,10,50,60,214
03/06/2022,SYR,NY,AEA,EN,Combined TRACON& Tower with Radar,67,38,9,0,114,0,0,2,0,2,67,38,11,0,116,0,0,0,116
03/07/2022,SYR,NY,AEA,EN,Combined TRACON& Tower with Radar,76,30,7,0,113,0,0,0,0,0,76,30,7,0,113,0,0,0,113
03/08/2022,SYR,NY,AEA,EN,Combined TRACON& Tower with Radar,90,24,16,12,142,0,0,13,0,13,90,24,29,12,155,0,0,0,155
03/09/2022,SYR,NY,AEA,EN,Combined TRACON& Tower with Radar,82,20,12,2,116,0,0,0,3,3,82,20,12,5,119,0,0,0,119
03/10/2022,SYR,NY,AEA,EN,Combined TRACON& Tower with Radar,88,31,14,13,146,0,0,28,3,31,88,31,42,16,177,0,0,0,177
03/11/2022,SYR,NY,AEA,EN,Combined TRACON& Tower with Radar,89,36,31,3,159,0,2,29,1,32,89,38,60,4,191,0,0,0,191
03/12/2022,SYR,NY,AEA,EN,Combined TRACON& Tower with Radar,64,6,5,0,75,0,0,0,0,0,64,6,5,0,75,0,0,0,75
03/13/2022,SYR,NY,AEA,EN,Combined TRACON& Tower with Radar,75,18,7,0,100,0,0,4,0,4,75,18,11,0,104,12,0,12,116
03/14/2022,SYR,NY,AEA,EN,Combined TRACON& Tower with Radar,81,23,9,6,119,0,0,20,0,20,81,23,29,6,139,0,0,0,139
03/15/2022,SYR,NY,AEA,EN,Combined TRACON& Tower with Radar,87,28,15,2,132,0,0,7,0,7,87,28,22,2,139,29,0,29,168
03/16/2022,SYR,NY,AEA,EN,Combined TRACON& Tower with Radar,86,21,27,9,143,0,0,29,3,32,86,21,56,12,175,0,0,0,175
03/17/2022,SYR,NY,AEA,EN,Combined TRACON& Tower with Radar,93,28,29,10,160,0,0,24,12,36,93,28,53,22,196,0,0,0,196
03/18/2022,SYR,NY,AEA,EN,Combined TRACON& Tower with Radar,92,26,25,0,143,0,0,19,4,23,92,26,44,4,166,0,0,0,166
03/19/2022,SYR,NY,AEA,EN,Combined TRACON& Tower with Radar,72,26,5,0,103,0,0,4,0,4,72,26,9,0,107,0,0,0,107
03/20/2022,SYR,NY,AEA,EN,Combined TRACON& Tower with Radar,73,26,10,0,109,0,0,2,2,4,73,26,12,2,113,0,0,0,113
03/21/2022,SYR,NY,AEA,EN,Combined TRACON& Tower with Radar,78,25,20,14,137,0,0,16,2,18,78,25,36,16,155,0,0,0,155
03/22/2022,SYR,NY,AEA,EN,Combined TRACON& Tower with Radar,85,24,25,9,143,0,2,34,9,45,85,26,59,18,188,0,0,0,188
03/23/2022,SYR,NY,AEA,EN,Combined TRACON& Tower with Radar,88,21,15,6,130,0,0,5,3,8,88,21,20,9,138,0,0,0,138
03/24/2022,SYR,NY,AEA,EN,Combined TRACON& Tower with Radar,91,34,18,19,162,0,0,6,3,9,91,34,24,22,171,0,0,0,171
03/25/2022,SYR,NY,AEA,EN,Combined TRACON& Tower with Radar,86,30,20,1,137,0,3,0,2,5,86,33,20,3,142,0,0,0,142
03/26/2022,SYR,NY,AEA,EN,Combined TRACON& Tower with Radar,69,24,17,0,110,0,0,3,0,3,69,24,20,0,113,0,0,0,113
03/27/2022,SYR,NY,AEA,EN,Combined TRACON& Tower with Radar,74,23,4,0,101,0,0,0,0,0,74,23,4,0,101,0,0,0,101
03/28/2022,SYR,NY,AEA,EN,Combined TRACON& Tower with Radar,81,30,13,0,124,0,0,0,0,0,81,30,13,0,124,0,0,0,124
03/29/2022,SYR,NY,AEA,EN,Combined TRACON& Tower with Radar,93,21,20,12,146,0,0,14,0,14,93,21,34,12,160,8,0,8,168
03/30/2022,SYR,NY,AEA,EN,Combined TRACON& Tower with Radar,88,19,12,9,128,0,0,17,7,24,88,19,29,16,152,12,0,12,164
03/31/2022,SYR,NY,AEA,EN,Combined TRACON& Tower with Radar,93,29,23,1,146,0,0,3,5,8,93,29,26,6,154,0,0,0,154
04/01/2022,SYR,NY,AEA,EN,Combined TRACON& Tower with Radar,90,33,5,0,128,0,0,5,0,5,90,33,10,0,133,0,0,0,133
04/02/2022,SYR,NY,AEA,EN,Combined TRACON& Tower with Radar,64,23,16,8,111,0,0,48,0,48,64,23,64,8,159,30,0,30,189
04/03/2022,SYR,NY,AEA,EN,Combined TRACON& Tower with Radar,75,14,9,0,98,0,0,0,0,0,75,14,9,0,98,0,0,0,98
04/04/2022,SYR,NY,AEA,EN,Combined TRACON& Tower with Radar,83,26,17,16,142,0,0,15,4,19,83,26,32,20,161,0,0,0,161
04/05/2022,SYR,NY,AEA,EN,Combined TRACON& Tower with Radar,95,27,14,15,151,0,2,32,5,39,95,29,46,20,190,10,0,10,200
04/06/2022,SYR,NY,AEA,EN,Combined TRACON& Tower with Radar,104,31,27,22,184,0,0,20,21,41,104,31,47,43,225,0,44,44,269
04/07/2022,SYR,NY,AEA,EN,Combined TRACON& Tower with Radar,92,21,12,2,127,0,0,1,0,1,92,21,13,2,128,0,0,0,128
04/08/2022,SYR,NY,AEA,EN,Combined TRACON& Tower with Radar,90,33,19,0,142,0,0,17,4,21,90,33,36,4,163,6,0,6,169
04/09/2022,SYR,NY,AEA,EN,Combined TRACON& Tower with Radar,82,25,17,0,124,0,0,8,3,11,82,25,25,3,135,0,0,0,135
04/10/2022,SYR,NY,AEA,EN,Combined TRACON& Tower with Radar,76,22,11,0,109,0,0,2,0,2,76,22,13,0,111,0,0,0,111
04/11/2022,SYR,NY,AEA,EN,Combined TRACON& Tower with Radar,94,23,13,7,137,0,1,30,6,37,94,24,43,13,174,0,10,10,184
04/12/2022,SYR,NY,AEA,EN,Combined TRACON& Tower with Radar,97,24,19,4,144,0,0,26,0,26,97,24,45,4,170,2,0,2,172
04/13/2022,SYR,NY,AEA,EN,Combined TRACON& Tower with Radar,101,24,14,11,150,0,0,7,3,10,101,24,21,14,160,0,0,0,160
04/14/2022,SYR,NY,AEA,EN,Combined TRACON& Tower with Radar,97,34,13,7,151,0,0,11,5,16,97,34,24,12,167,0,0,0,167
04/15/2022,SYR,NY,AEA,EN,Combined TRACON& Tower with Radar,104,32,16,2,154,0,1,11,6,18,104,33,27,8,172,0,0,0,172
04/16/2022,SYR,NY,AEA,EN,Combined TRACON& Tower with Radar,81,19,17,0,117,0,0,4,0,4,81,19,21,0,121,8,0,8,129
04/17/2022,SYR,NY,AEA,EN,Combined TRACON& Tower with Radar,80,24,12,0,116,0,0,8,0,8,80,24,20,0,124,22,0,22,146
04/18/2022,SYR,NY,AEA,EN,Combined TRACON& Tower with Radar,94,20,17,8,139,0,1,20,5,26,94,21,37,13,165,0,0,0,165
04/19/2022,SYR,NY,AEA,EN,Combined TRACON& Tower with Radar,98,24,9,0,131,0,0,0,0,0,98,24,9,0,131,0,0,0,131
04/20/2022,SYR,NY,AEA,EN,Combined TRACON& Tower with Radar,98,19,22,15,154,0,0,27,21,48,98,19,49,36,202,6,20,26,228
04/21/2022,SYR,NY,AEA,EN,Combined TRACON& Tower with Radar,96,19,18,5,138,0,2,0,1,3,96,21,18,6,141,0,0,0,141
04/22/2022,SYR,NY,AEA,EN,Combined TRACON& Tower with Radar,100,18,8,1,127,0,3,36,10,49,100,21,44,11,176,20,0,20,196
04/23/2022,SYR,NY,AEA,EN,Combined TRACON& Tower with Radar,72,15,15,0,102,0,0,15,4,19,72,15,30,4,121,0,0,0,121
04/24/2022,SYR,NY,AEA,EN,Combined TRACON& Tower with Radar,76,18,15,1,110,0,0,33,7,40,76,18,48,8,150,8,0,8,158
04/25/2022,SYR,NY,AEA,EN,Combined TRACON& Tower with Radar,92,20,26,26,164,0,0,31,6,37,92,20,57,32,201,46,12,58,259
04/26/2022,SYR,NY,AEA,EN,Combined TRACON& Tower with Radar,99,26,19,3,147,0,0,7,3,10,99,26,26,6,157,0,0,0,157
04/27/2022,SYR,NY,AEA,EN,Combined TRACON& Tower with Radar,96,32,15,11,154,0,0,3,3,6,96,32,18,14,160,0,0,0,160
04/28/2022,SYR,NY,AEA,EN,Combined TRACON& Tower with Radar,94,32,17,24,167,0,0,16,20,36,94,32,33,44,203,0,22,22,225
04/29/2022,SYR,NY,AEA,EN,Combined TRACON& Tower with Radar,94,22,20,14,150,0,0,13,4,17,94,22,33,18,167,22,0,22,189
04/30/2022,SYR,NY,AEA,EN,Combined TRACON& Tower with Radar,81,14,9,9,113,0,1,32,16,49,81,15,41,25,162,24,17,41,203
05/01/2022,SYR,NY,AEA,EN,Combined TRACON& Tower with Radar,80,14,9,0,103,0,0,28,4,32,80,14,37,4,135,18,0,18,153
05/02/2022,SYR,NY,AEA,EN,Combined TRACON& Tower with Radar,86,26,25,8,145,0,0,5,0,5,86,26,30,8,150,0,0,0,150
05/03/2022,SYR,NY,AEA,EN,Combined TRACON& Tower with Radar,98,24,14,15,151,0,0,26,3,29,98,24,40,18,180,0,0,0,180
05/04/2022,SYR,NY,AEA,EN,Combined TRACON& Tower with Radar,92,23,17,7,139,0,0,0,5,5,92,23,17,12,144,0,14,14,158
05/05/2022,SYR,NY,AEA,EN,Combined TRACON& Tower with Radar,96,24,40,14,174,0,0,32,4,36,96,24,72,18,210,0,0,0,210
05/06/2022,SYR,NY,AEA,EN,Combined TRACON& Tower with Radar,90,28,19,0,137,0,0,20,4,24,90,28,39,4,161,20,0,20,181
05/07/2022,SYR,NY,AEA,EN,Combined TRACON& Tower with Radar,72,21,7,0,100,0,0,25,0,25,72,21,32,0,125,0,0,0,125
05/08/2022,SYR,NY,AEA,EN,Combined TRACON& Tower with Radar,72,18,9,0,99,0,0,26,0,26,72,18,35,0,125,26,0,26,151
05/09/2022,SYR,NY,AEA,EN,Combined TRACON& Tower with Radar,88,22,16,8,134,0,2,38,7,47,88,24,54,15,181,18,6,24,205
05/10/2022,SYR,NY,AEA,EN,Combined TRACON& Tower with Radar,86,23,21,10,140,0,0,43,3,46,86,23,64,13,186,30,0,30,216
05/11/2022,SYR,NY,AEA,EN,Combined TRACON& Tower with Radar,87,24,21,10,142,0,2,35,4,41,87,26,56,14,183,0,0,0,183
05/12/2022,SYR,NY,AEA,EN,Combined TRACON& Tower with Radar,93,34,19,0,146,0,1,32,6,39,93,35,51,6,185,0,0,0,185
05/13/2022,SYR,NY,AEA,EN,Combined TRACON& Tower with Radar,93,44,24,1,162,0,0,28,8,36,93,44,52,9,198,0,0,0,198
05/14/2022,SYR,NY,AEA,EN,Combined TRACON& Tower with Radar,70,32,17,2,121,0,0,18,7,25,70,32,35,9,146,0,0,0,146
05/15/2022,SYR,NY,AEA,EN,Combined TRACON& Tower with Radar,75,29,17,0,121,0,2,15,6,23,75,31,32,6,144,0,0,0,144
05/16/2022,SYR,NY,AEA,EN,Combined TRACON& Tower with Radar,73,20,13,4,110,0,0,7,4,11,73,20,20,8,121,12,6,18,139
05/17/2022,SYR,NY,AEA,EN,Combined TRACON& Tower with Radar,91,25,19,22,157,0,0,7,12,19,91,25,26,34,176,2,38,40,216
05/18/2022,SYR,NY,AEA,EN,Combined TRACON& Tower with Radar,87,33,13,9,142,0,2,34,10,46,87,35,47,19,188,0,0,0,188
05/19/2022,SYR,NY,AEA,EN,Combined TRACON& Tower with Radar,101,29,13,8,151,0,0,4,3,7,101,29,17,11,158,14,5,19,177
05/20/2022,SYR,NY,AEA,EN,Combined TRACON& Tower with Radar,92,26,21,2,141,0,0,16,7,23,92,26,37,9,164,0,0,0,164
05/21/2022,SYR,NY,AEA,EN,Combined TRACON& Tower with Radar,70,17,10,1,98,0,1,25,6,32,70,18,35,7,130,0,0,0,130
05/22/2022,SYR,NY,AEA,EN,Combined TRACON& Tower with Radar,65,18,22,0,105,0,0,18,0,18,65,18,40,0,123,19,0,19,142
05/23/2022,SYR,NY,AEA,EN,Combined TRACON& Tower with Radar,82,23,11,15,131,0,2,21,8,31,82,25,32,23,162,0,0,0,162
05/24/2022,SYR,NY,AEA,EN,Combined TRACON& Tower with Radar,87,23,15,20,145,0,2,36,8,46,87,25,51,28,191,16,14,30,221
05/25/2022,SYR,NY,AEA,EN,Combined TRACON& Tower with Radar,91,25,18,8,142,0,2,27,2,31,91,27,45,10,173,0,0,0,173
05/26/2022,SYR,NY,AEA,EN,Combined TRACON& Tower with Radar,92,27,24,10,153,0,2,19,2,23,92,29,43,12,176,0,0,0,176
05/27/2022,SYR,NY,AEA,EN,Combined TRACON& Tower with Radar,82,23,13,0,118,0,0,1,0,1,82,23,14,0,119,0,0,0,119
05/28/2022,SYR,NY,AEA,EN,Combined TRACON& Tower with Radar,65,15,10,0,90,0,0,6,0,6,65,15,16,0,96,0,0,0,96
05/29/2022,SYR,NY,AEA,EN,Combined TRACON& Tower with Radar,69,23,6,2,100,0,0,25,6,31,69,23,31,8,131,34,0,34,165
05/30/2022,SYR,NY,AEA,EN,Combined TRACON& Tower with Radar,71,15,13,0,99,0,0,31,15,46,71,15,44,15,145,20,0,20,165
05/31/2022,SYR,NY,AEA,EN,Combined TRACON& Tower with Radar,80,26,15,7,128,0,1,25,5,31,80,27,40,12,159,0,0,0,159
06/01/2022,SYR,NY,AEA,EN,Combined TRACON& Tower with Radar,83,23,17,0,123,0,0,4,0,4,83,23,21,0,127,0,0,0,127
06/02/2022,SYR,NY,AEA,EN,Combined TRACON& Tower with Radar,88,34,26,10,158,0,0,20,0,20,88,34,46,10,178,24,2,26,204
06/03/2022,SYR,NY,AEA,EN,Combined TRACON& Tower with Radar,95,23,24,3,145,0,0,20,5,25,95,23,44,8,170,0,0,0,170
06/04/2022,SYR,NY,AEA,EN,Combined TRACON& Tower with Radar,65,21,10,9,105,0,0,25,7,32,65,21,35,16,137,0,0,0,137
06/05/2022,SYR,NY,AEA,EN,Combined TRACON& Tower with Radar,83,23,14,6,126,0,0,51,11,62,83,23,65,17,188,6,0,6,194
06/06/2022,SYR,NY,AEA,EN,Combined TRACON& Tower with Radar,92,21,9,9,131,0,0,24,6,30,92,21,33,15,161,0,0,0,161
06/07/2022,SYR,NY,AEA,EN,Combined TRACON& Tower with Radar,96,23,18,2,139,0,0,2,6,8,96,23,20,8,147,0,0,0,147
06/08/2022,SYR,NY,AEA,EN,Combined TRACON& Tower with Radar,97,30,20,8,155,0,0,29,8,37,97,30,49,16,192,20,8,28,220
06/09/2022,SYR,NY,AEA,EN,Combined TRACON& Tower with Radar,101,20,24,1,146,0,0,1,1,2,101,20,25,2,148,0,0,0,148
06/10/2022,SYR,NY,AEA,EN,Combined TRACON& Tower with Radar,90,27,11,2,130,0,3,19,2,24,90,30,30,4,154,0,0,0,154
06/11/2022,SYR,NY,AEA,EN,Combined TRACON& Tower with Radar,80,20,10,1,111,0,1,34,3,38,80,21,44,4,149,10,0,10,159
06/12/2022,SYR,NY,AEA,EN,Combined TRACON& Tower with Radar,76,20,15,0,111,0,0,13,2,15,76,20,28,2,126,0,0,0,126
06/13/2022,SYR,NY,AEA,EN,Combined TRACON& Tower with Radar,86,20,29,14,149,0,3,28,7,38,86,23,57,21,187,12,10,22,209
06/14/2022,SYR,NY,AEA,EN,Combined TRACON& Tower with Radar,102,25,20,11,158,0,2,48,6,56,102,27,68,17,214,2,0,2,216
06/15/2022,SYR,NY,AEA,EN,Combined TRACON& Tower with Radar,95,25,20,19,159,0,0,37,13,50,95,25,57,32,209,18,20,38,247
06/16/2022,SYR,NY,AEA,EN,Combined TRACON& Tower with Radar,93,28,11,10,142,0,1,7,4,12,93,29,18,14,154,0,6,6,160
06/17/2022,SYR,NY,AEA,EN,Combined TRACON& Tower with Radar,81,26,12,0,119,0,0,21,0,21,81,26,33,0,140,0,0,0,140
06/18/2022,SYR,NY,AEA,EN,Combined TRACON& Tower with Radar,69,19,10,0,98,0,0,11,2,13,69,19,21,2,111,0,0,0,111
06/19/2022,SYR,NY,AEA,EN,Combined TRACON& Tower with Radar,78,15,6,0,99,0,0,19,4,23,78,15,25,4,122,0,0,0,122
06/20/2022,SYR,NY,AEA,EN,Combined TRACON& Tower with Radar,93,22,23,0,138,0,2,41,3,46,93,24,64,3,184,24,0,24,208
06/21/2022,SYR,NY,AEA,EN,Combined TRACON& Tower with Radar,101,20,14,19,154,0,0,33,19,52,101,20,47,38,206,0,21,21,227
06/22/2022,SYR,NY,AEA,EN,Combined TRACON& Tower with Radar,75,26,29,8,138,0,0,30,4,34,75,26,59,12,172,10,14,24,196
06/23/2022,SYR,NY,AEA,EN,Combined TRACON& Tower with Radar,105,26,32,13,176,0,0,25,5,30,105,26,57,18,206,0,0,0,206
06/24/2022,SYR,NY,AEA,EN,Combined TRACON& Tower with Radar,96,20,20,1,137,0,0,38,6,44,96,20,58,7,181,0,0,0,181
06/25/2022,SYR,NY,AEA,EN,Combined TRACON& Tower with Radar,78,14,17,1,110,0,0,41,12,53,78,14,58,13,163,16,0,16,179
06/26/2022,SYR,NY,AEA,EN,Combined TRACON& Tower with Radar,73,16,19,2,110,0,0,26,4,30,73,16,45,6,140,0,0,0,140
06/27/2022,SYR,NY,AEA,EN,Combined TRACON& Tower with Radar,80,21,21,18,140,0,2,27,10,39,80,23,48,28,179,0,6,6,185
06/28/2022,SYR,NY,AEA,EN,Combined TRACON& Tower with Radar,101,25,23,9,158,0,1,47,1,49,101,26,70,10,207,46,0,46,253
06/29/2022,SYR,NY,AEA,EN,Combined TRACON& Tower with Radar,94,18,8,22,142,0,0,39,2,41,94,18,47,24,183,24,12,36,219
06/30/2022,SYR,NY,AEA,EN,Combined TRACON& Tower with Radar,101,27,11,12,151,0,0,37,5,42,101,27,48,17,193,0,0,0,193
07/01/2022,SYR,NY,AEA,EN,Combined TRACON& Tower with Radar,87,20,22,1,130,0,2,25,8,35,87,22,47,9,165,0,0,0,165
07/02/2022,SYR,NY,AEA,EN,Combined TRACON& Tower with Radar,76,15,11,1,103,0,0,33,5,38,76,15,44,6,141,0,0,0,141
07/03/2022,SYR,NY,AEA,EN,Combined TRACON& Tower with Radar,75,12,15,0,102,0,6,35,2,43,75,18,50,2,145,6,0,6,151
07/04/2022,SYR,NY,AEA,EN,Combined TRACON& Tower with Radar,75,19,7,0,101,0,0,29,0,29,75,19,36,0,130,4,0,4,134
07/05/2022,SYR,NY,AEA,EN,Combined TRACON& Tower with Radar,86,18,14,0,118,0,0,9,4,13,86,18,23,4,131,20,0,20,151
07/06/2022,SYR,NY,AEA,EN,Combined TRACON& Tower with Radar,91,23,25,7,146,0,1,12,3,16,91,24,37,10,162,0,0,0,162
07/07/2022,SYR,NY,AEA,EN,Combined TRACON& Tower with Radar,99,21,18,6,144,0,1,41,0,42,99,22,59,6,186,0,0,0,186
07/08/2022,SYR,NY,AEA,EN,Combined TRACON& Tower with Radar,88,19,19,0,126,0,0,27,4,31,88,19,46,4,157,23,0,23,180
07/09/2022,SYR,NY,AEA,EN,Combined TRACON& Tower with Radar,76,21,20,0,117,0,0,32,3,35,76,21,52,3,152,0,0,0,152
07/10/2022,SYR,NY,AEA,EN,Combined TRACON& Tower with Radar,86,11,17,0,114,0,0,32,2,34,86,11,49,2,148,14,0,14,162
07/11/2022,SYR,NY,AEA,EN,Combined TRACON& Tower with Radar,88,21,15,19,143,0,0,32,4,36,88,21,47,23,179,12,0,12,191
07/12/2022,SYR,NY,AEA,EN,Combined TRACON& Tower with Radar,92,13,15,6,126,0,0,7,3,10,92,13,22,9,136,0,0,0,136
07/13/2022,SYR,NY,AEA,EN,Combined TRACON& Tower with Radar,88,22,20,7,137,0,1,32,50,83,88,23,52,57,220,0,56,56,276
07/14/2022,SYR,NY,AEA,EN,Combined TRACON& Tower with Radar,101,20,7,8,136,0,0,22,12,34,101,20,29,20,170,6,0,6,176
07/15/2022,SYR,NY,AEA,EN,Combined TRACON& Tower with Radar,90,24,16,0,130,0,5,48,6,59,90,29,64,6,189,0,0,0,189
07/16/2022,SYR,NY,AEA,EN,Combined TRACON& Tower with Radar,73,18,15,0,106,0,11,30,12,53,73,29,45,12,159,0,0,0,159
07/17/2022,SYR,NY,AEA,EN,Combined TRACON& Tower with Radar,80,20,15,2,117,0,1,24,13,38,80,21,39,15,155,0,0,0,155
07/18/2022,SYR,NY,AEA,EN,Combined TRACON& Tower with Radar,86,20,17,8,131,0,0,6,0,6,86,20,23,8,137,12,0,12,149
07/19/2022,SYR,NY,AEA,EN,Combined TRACON& Tower with Radar,92,23,18,17,150,0,0,21,17,38,92,23,39,34,188,0,4,4,192
07/20/2022,SYR,NY,AEA,EN,Combined TRACON& Tower with Radar,88,21,17,8,134,0,0,38,21,59,88,21,55,29,193,16,0,16,209
07/21/2022,SYR,NY,AEA,EN,Combined TRACON& Tower with Radar,101,21,16,9,147,0,3,22,14,39,101,24,38,23,186,0,0,0,186
07/22/2022,SYR,NY,AEA,EN,Combined TRACON& Tower with Radar,94,19,15,11,139,0,1,37,14,52,94,20,52,25,191,0,0,0,191
07/23/2022,SYR,NY,AEA,EN,Combined TRACON& Tower with Radar,71,16,11,1,99,0,0,24,36,60,71,16,35,37,159,3,0,3,162
07/24/2022,SYR,NY,AEA,EN,Combined TRACON& Tower with Radar,74,18,9,0,101,0,1,16,16,33,74,19,25,16,134,0,0,0,134
07/25/2022,SYR,NY,AEA,EN,Combined TRACON& Tower with Radar,87,20,15,11,133,0,0,18,14,32,87,20,33,25,165,0,10,10,175
07/26/2022,SYR,NY,AEA,EN,Combined TRACON& Tower with Radar,92,24,23,17,156,0,1,50,30,81,92,25,73,47,237,34,0,34,271
07/27/2022,SYR,NY,AEA,EN,Combined TRACON& Tower with Radar,88,22,21,15,146,0,0,37,25,62,88,22,58,40,208,44,6,50,258
07/28/2022,SYR,NY,AEA,EN,Combined TRACON& Tower with Radar,93,24,24,19,160,0,1,14,27,42,93,25,38,46,202,98,0,98,300
07/29/2022,SYR,NY,AEA,EN,Combined TRACON& Tower with Radar,94,27,20,1,142,0,1,38,27,66,94,28,58,28,208,10,0,10,218
07/30/2022,SYR,NY,AEA,EN,Combined TRACON& Tower with Radar,74,14,9,1,98,0,0,16,10,26,74,14,25,11,124,16,0,16,140
07/31/2022,SYR,NY,AEA,EN,Combined TRACON& Tower with Radar,72,21,19,1,113,0,2,27,11,40,72,23,46,12,153,20,0,20,173
08/01/2022,SYR,NY,AEA,EN,Combined TRACON& Tower with Radar,92,27,14,14,147,0,1,33,6,40,92,28,47,20,187,0,0,0,187
08/02/2022,SYR,NY,AEA,EN,Combined TRACON& Tower with Radar,96,15,20,10,141,0,0,13,10,23,96,15,33,20,164,0,0,0,164
08/03/2022,SYR,NY,AEA,EN,Combined TRACON& Tower with Radar,81,22,10,13,126,0,1,38,0,39,81,23,48,13,165,0,0,0,165
08/04/2022,SYR,NY,AEA,EN,Combined TRACON& Tower with Radar,96,25,9,7,137,0,0,19,5,24,96,25,28,12,161,0,0,0,161
08/05/2022,SYR,NY,AEA,EN,Combined TRACON& Tower with Radar,78,25,12,4,119,0,0,25,2,27,78,25,37,6,146,0,0,0,146
08/06/2022,SYR,NY,AEA,EN,Combined TRACON& Tower with Radar,65,21,12,6,104,0,1,25,56,82,65,22,37,62,186,10,68,78,264
08/07/2022,SYR,NY,AEA,EN,Combined TRACON& Tower with Radar,69,17,16,8,110,0,2,26,5,33,69,19,42,13,143,6,0,6,149
08/08/2022,SYR,NY,AEA,EN,Combined TRACON& Tower with Radar,83,21,16,11,131,0,1,29,9,39,83,22,45,20,170,6,0,6,176
08/09/2022,SYR,NY,AEA,EN,Combined TRACON& Tower with Radar,88,18,24,20,150,0,0,6,7,13,88,18,30,27,163,0,0,0,163
08/10/2022,SYR,NY,AEA,EN,Combined TRACON& Tower with Radar,86,22,25,11,144,0,0,27,13,40,86,22,52,24,184,28,4,32,216
08/11/2022,SYR,NY,AEA,EN,Combined TRACON& Tower with Radar,106,20,15,2,143,0,0,39,2,41,106,20,54,4,184,50,0,50,234
08/12/2022,SYR,NY,AEA,EN,Combined TRACON& Tower with Radar,92,23,18,0,133,0,0,56,7,63,92,23,74,7,196,0,0,0,196
08/13/2022,SYR,NY,AEA,EN,Combined TRACON& Tower with Radar,72,18,8,0,98,0,0,49,14,63,72,18,57,14,161,0,0,0,161
08/14/2022,SYR,NY,AEA,EN,Combined TRACON& Tower with Radar,78,17,11,2,108,0,1,37,8,46,78,18,48,10,154,16,0,16,170
08/15/2022,SYR,NY,AEA,EN,Combined TRACON& Tower with Radar,89,20,12,8,129,0,0,20,4,24,89,20,32,12,153,22,0,22,175
08/16/2022,SYR,NY,AEA,EN,Combined TRACON& Tower with Radar,93,22,20,10,145,0,0,38,4,42,93,22,58,14,187,0,0,0,187
08/17/2022,SYR,NY,AEA,EN,Combined TRACON& Tower with Radar,86,21,13,11,131,0,0,29,5,34,86,21,42,16,165,0,8,8,173
08/18/2022,SYR,NY,AEA,EN,Combined TRACON& Tower with Radar,94,23,12,14,143,0,1,36,1,38,94,24,48,15,181,0,0,0,181
08/19/2022,SYR,NY,AEA,EN,Combined TRACON& Tower with Radar,92,25,7,0,124,0,0,54,6,60,92,25,61,6,184,0,0,0,184
08/20/2022,SYR,NY,AEA,EN,Combined TRACON& Tower with Radar,71,13,14,0,98,0,2,28,3,33,71,15,42,3,131,0,0,0,131
08/21/2022,SYR,NY,AEA,EN,Combined TRACON& Tower with Radar,73,22,5,0,100,0,1,17,1,19,73,23,22,1,119,0,0,0,119
08/22/2022,SYR,NY,AEA,EN,Combined TRACON& Tower with Radar,79,25,14,5,123,0,1,2,3,6,79,26,16,8,129,0,0,0,129
08/23/2022,SYR,NY,AEA,EN,Combined TRACON& Tower with Radar,90,24,25,14,153,0,0,7,0,7,90,24,32,14,160,0,0,0,160
08/24/2022,SYR,NY,AEA,EN,Combined TRACON& Tower with Radar,82,24,19,16,141,0,6,58,4,68,82,30,77,20,209,24,0,24,233
08/25/2022,SYR,NY,AEA,EN,Combined TRACON& Tower with Radar,97,31,27,6,161,0,4,37,3,44,97,35,64,9,205,0,0,0,205
08/26/2022,SYR,NY,AEA,EN,Combined TRACON& Tower with Radar,88,21,29,1,139,0,0,13,2,15,88,21,42,3,154,0,0,0,154
08/27/2022,SYR,NY,AEA,EN,Combined TRACON& Tower with Radar,69,21,26,0,116,0,1,21,9,31,69,22,47,9,147,16,0,16,163
08/28/2022,SYR,NY,AEA,EN,Combined TRACON& Tower with Radar,73,16,19,0,108,0,0,33,5,38,73,16,52,5,146,0,0,0,146
08/29/2022,SYR,NY,AEA,EN,Combined TRACON& Tower with Radar,78,24,8,8,118,0,1,14,6,21,78,25,22,14,139,6,0,6,145
08/30/2022,SYR,NY,AEA,EN,Combined TRACON& Tower with Radar,86,24,21,8,139,0,1,9,6,16,86,25,30,14,155,8,4,12,167
08/31/2022,SYR,NY,AEA,EN,Combined TRACON& Tower with Radar,87,18,12,12,129,0,0,22,11,33,87,18,34,23,162,0,0,0,162
09/01/2022,SYR,NY,AEA,EN,Combined TRACON& Tower with Radar,102,17,18,21,158,0,0,37,4,41,102,17,55,25,199,0,0,0,199
09/02/2022,SYR,NY,AEA,EN,Combined TRACON& Tower with Radar,100,19,13,0,132,0,0,51,3,54,100,19,64,3,186,26,0,26,212
09/03/2022,SYR,NY,AEA,EN,Combined TRACON& Tower with Radar,64,14,11,0,89,0,0,27,3,30,64,14,38,3,119,0,0,0,119
09/04/2022,SYR,NY,AEA,EN,Combined TRACON& Tower with Radar,71,18,13,1,103,0,0,9,2,11,71,18,22,3,114,0,0,0,114
09/05/2022,SYR,NY,AEA,EN,Combined TRACON& Tower with Radar,87,14,20,0,121,0,0,0,0,0,87,14,20,0,121,0,0,0,121
09/06/2022,SYR,NY,AEA,EN,Combined TRACON& Tower with Radar,93,15,9,13,130,0,0,0,1,1,93,15,9,14,131,0,0,0,131
09/07/2022,SYR,NY,AEA,EN,Combined TRACON& Tower with Radar,88,18,21,6,133,0,0,7,2,9,88,18,28,8,142,22,0,22,164
09/08/2022,SYR,NY,AEA,EN,Combined TRACON& Tower with Radar,101,16,13,18,148,0,0,30,4,34,101,16,43,22,182,0,0,0,182
09/09/2022,SYR,NY,AEA,EN,Combined TRACON& Tower with Radar,105,24,27,1,157,0,1,42,0,43,105,25,69,1,200,0,0,0,200
09/10/2022,SYR,NY,AEA,EN,Combined TRACON& Tower with Radar,71,16,19,14,120,0,0,40,7,47,71,16,59,21,167,0,0,0,167
09/11/2022,SYR,NY,AEA,EN,Combined TRACON& Tower with Radar,84,17,26,0,127,0,0,19,4,23,84,17,45,4,150,48,0,48,198
09/12/2022,SYR,NY,AEA,EN,Combined TRACON& Tower with Radar,98,20,24,10,152,0,0,5,1,6,98,20,29,11,158,20,0,20,178
09/13/2022,SYR,NY,AEA,EN,Combined TRACON& Tower with Radar,100,19,21,2,142,0,1,3,14,18,100,20,24,16,160,0,26,26,186
09/14/2022,SYR,NY,AEA,EN,Combined TRACON& Tower with Radar,92,16,21,9,138,0,0,21,13,34,92,16,42,22,172,0,0,0,172
09/15/2022,SYR,NY,AEA,EN,Combined TRACON& Tower with Radar,104,21,25,9,159,0,0,30,5,35,104,21,55,14,194,18,0,18,212
09/16/2022,SYR,NY,AEA,EN,Combined TRACON& Tower with Radar,103,25,23,3,154,0,0,27,0,27,103,25,50,3,181,0,0,0,181
09/17/2022,SYR,NY,AEA,EN,Combined TRACON& Tower with Radar,74,15,14,0,103,0,2,27,6,35,74,17,41,6,138,18,0,18,156
09/18/2022,SYR,NY,AEA,EN,Combined TRACON& Tower with Radar,84,21,18,2,125,0,0,30,2,32,84,21,48,4,157,0,0,0,157
09/19/2022,SYR,NY,AEA,EN,Combined TRACON& Tower with Radar,94,24,16,7,141,0,0,5,6,11,94,24,21,13,152,20,4,24,176
09/20/2022,SYR,NY,AEA,EN,Combined TRACON& Tower with Radar,97,22,27,25,171,0,0,15,11,26,97,22,42,36,197,16,34,50,247
09/21/2022,SYR,NY,AEA,EN,Combined TRACON& Tower with Radar,92,19,22,10,143,0,0,35,10,45,92,19,57,20,188,22,0,22,210
09/22/2022,SYR,NY,AEA,EN,Combined TRACON& Tower with Radar,105,21,20,12,158,0,0,6,2,8,105,21,26,14,166,0,0,0,166
09/23/2022,SYR,NY,AEA,EN,Combined TRACON& Tower with Radar,108,37,22,0,167,0,1,38,0,39,108,38,60,0,206,0,0,0,206
09/24/2022,SYR,NY,AEA,EN,Combined TRACON& Tower with Radar,75,14,17,0,106,0,0,54,5,59,75,14,71,5,165,6,0,6,171
09/25/2022,SYR,NY,AEA,EN,Combined TRACON& Tower with Radar,74,21,22,0,117,0,0,2,0,2,74,21,24,0,119,24,0,24,143
09/26/2022,SYR,NY,AEA,EN,Combined TRACON& Tower with Radar,98,18,11,6,133,0,1,12,0,13,98,19,23,6,146,12,0,12,158
09/27/2022,SYR,NY,AEA,EN,Combined TRACON& Tower with Radar,100,15,29,13,157,0,0,11,3,14,100,15,40,16,171,2,4,6,177
09/28/2022,SYR,NY,AEA,EN,Combined TRACON& Tower with Radar,93,16,14,8,131,0,0,7,5,12,93,16,21,13,143,14,0,14,157
09/29/2022,SYR,NY,AEA,EN,Combined TRACON& Tower with Radar,99,20,30,14,163,0,1,43,6,50,99,21,73,20,213,0,0,0,213
09/30/2022,SYR,NY,AEA,EN,Combined TRACON& Tower with Radar,97,26,15,0,138,0,0,47,3,50,97,26,62,3,188,33,0,33,221
10/01/2022,SYR,NY,AEA,EN,Combined TRACON& Tower with Radar,70,23,21,0,114,0,0,38,2,40,70,23,59,2,154,28,0,28,182
10/02/2022,SYR,NY,AEA,EN,Combined TRACON& Tower with Radar,81,24,9,0,114,0,0,33,5,38,81,24,42,5,152,8,0,8,160
10/03/2022,SYR,NY,AEA,EN,Combined TRACON& Tower with Radar,93,27,29,8,157,0,0,36,4,40,93,27,65,12,197,8,0,8,205
10/04/2022,SYR,NY,AEA,EN,Combined TRACON& Tower with Radar,86,27,29,12,154,0,0,35,4,39,86,27,64,16,193,20,0,20,213
10/05/2022,SYR,NY,AEA,EN,Combined TRACON& Tower with Radar,92,27,14,9,142,0,0,56,6,62,92,27,70,15,204,32,0,32,236
10/06/2022,SYR,NY,AEA,EN,Combined TRACON& Tower with Radar,96,31,26,8,161,0,0,58,3,61,96,31,84,11,222,0,0,0,222
10/07/2022,SYR,NY,AEA,EN,Combined TRACON& Tower with Radar,103,25,20,0,148,0,0,6,1,7,103,25,26,1,155,0,0,0,155
10/08/2022,SYR,NY,AEA,EN,Combined TRACON& Tower with Radar,70,23,20,0,113,0,1,18,0,19,70,24,38,0,132,69,0,69,201
10/09/2022,SYR,NY,AEA,EN,Combined TRACON& Tower with Radar,82,25,19,0,126,0,0,23,0,23,82,25,42,0,149,5,0,5,154
10/10/2022,SYR,NY,AEA,EN,Combined TRACON& Tower with Radar,88,33,10,3,134,0,0,28,6,34,88,33,38,9,168,52,0,52,220
10/11/2022,SYR,NY,AEA,EN,Combined TRACON& Tower with Radar,90,26,22,8,146,0,0,45,5,50,90,26,67,13,196,10,0,10,206
10/12/2022,SYR,NY,AEA,EN,Combined TRACON& Tower with Radar,88,28,13,15,144,0,0,40,12,52,88,28,53,27,196,8,0,8,204
10/13/2022,SYR,NY,AEA,EN,Combined TRACON& Tower with Radar,91,24,14,8,137,0,1,1,1,3,91,25,15,9,140,0,0,0,140
10/14/2022,SYR,NY,AEA,EN,Combined TRACON& Tower with Radar,102,46,28,14,190,0,0,47,10,57,102,46,75,24,247,8,16,24,271
10/15/2022,SYR,NY,AEA,EN,Combined TRACON& Tower with Radar,73,29,8,9,119,0,0,19,23,42,73,29,27,32,161,0,0,0,161
10/16/2022,SYR,NY,AEA,EN,Combined TRACON& Tower with Radar,80,32,23,0,135,0,2,56,6,64,80,34,79,6,199,0,0,0,199
10/17/2022,SYR,NY,AEA,EN,Combined TRACON& Tower with Radar,92,28,17,10,147,0,0,11,2,13,92,28,28,12,160,22,0,22,182
10/18/2022,SYR,NY,AEA,EN,Combined TRACON& Tower with Radar,90,20,22,12,144,0,0,20,5,25,90,20,42,17,169,4,0,4,173
10/19/2022,SYR,NY,AEA,EN,Combined TRACON& Tower with Radar,87,31,25,8,151,0,2,13,5,20,87,33,38,13,171,0,0,0,171
10/20/2022,SYR,NY,AEA,EN,Combined TRACON& Tower with Radar,93,29,21,5,148,0,0,22,22,44,93,29,43,27,192,0,0,0,192
10/21/2022,SYR,NY,AEA,EN,Combined TRACON& Tower with Radar,102,30,12,8,152,0,0,37,3,40,102,30,49,11,192,0,0,0,192
10/22/2022,SYR,NY,AEA,EN,Combined TRACON& Tower with Radar,73,21,9,0,103,0,0,43,0,43,73,21,52,0,146,0,0,0,146
10/23/2022,SYR,NY,AEA,EN,Combined TRACON& Tower with Radar,79,18,11,0,108,0,1,48,4,53,79,19,59,4,161,72,0,72,233
10/24/2022,SYR,NY,AEA,EN,Combined TRACON& Tower with Radar,90,23,26,12,151,0,0,28,12,40,90,23,54,24,191,12,12,24,215
10/25/2022,SYR,NY,AEA,EN,Combined TRACON& Tower with Radar,94,17,20,8,139,0,0,33,0,33,94,17,53,8,172,48,0,48,220
10/26/2022,SYR,NY,AEA,EN,Combined TRACON& Tower with Radar,87,17,26,10,140,0,0,34,4,38,87,17,60,14,178,0,0,0,178
10/27/2022,SYR,NY,AEA,EN,Combined TRACON& Tower with Radar,94,21,18,13,146,0,0,15,2,17,94,21,33,15,163,0,0,0,163
10/28/2022,SYR,NY,AEA,EN,Combined TRACON& Tower with Radar,98,32,24,2,156,0,0,66,1,67,98,32,90,3,223,16,0,16,239
10/29/2022,SYR,NY,AEA,EN,Combined TRACON& Tower with Radar,72,24,24,0,120,0,4,42,5,51,72,28,66,5,171,18,0,18,189
10/30/2022,SYR,NY,AEA,EN,Combined TRACON& Tower with Radar,81,25,17,0,123,0,5,35,3,43,81,30,52,3,166,0,0,0,166
10/31/2022,SYR,NY,AEA,EN,Combined TRACON& Tower with Radar,89,15,21,8,133,0,1,28,6,35,89,16,49,14,168,0,0,0,168
11/01/2022,SYR,NY,AEA,EN,Combined TRACON& Tower with Radar,88,23,22,11,144,0,0,7,0,7,88,23,29,11,151,20,0,20,171
11/02/2022,SYR,NY,AEA,EN,Combined TRACON& Tower with Radar,89,24,21,11,145,0,0,30,4,34,89,24,51,15,179,6,0,6,185
11/03/2022,SYR,NY,AEA,EN,Combined TRACON& Tower with Radar,89,23,16,8,136,0,0,58,6,64,89,23,74,14,200,6,0,6,206
11/04/2022,SYR,NY,AEA,EN,Combined TRACON& Tower with Radar,104,29,23,4,160,0,0,47,4,51,104,29,70,8,211,0,0,0,211
11/05/2022,SYR,NY,AEA,EN,Combined TRACON& Tower with Radar,66,22,11,4,103,0,1,18,6,25,66,23,29,10,128,6,6,12,140
11/06/2022,SYR,NY,AEA,EN,Combined TRACON& Tower with Radar,77,23,17,0,117,0,0,17,0,17,77,23,34,0,134,10,0,10,144
11/07/2022,SYR,NY,AEA,EN,Combined TRACON& Tower with Radar,100,15,8,6,129,0,5,22,4,31,100,20,30,10,160,0,0,0,160
11/08/2022,SYR,NY,AEA,EN,Combined TRACON& Tower with Radar,88,17,13,18,136,0,3,39,4,46,88,20,52,22,182,30,0,30,212
11/09/2022,SYR,NY,AEA,EN,Combined TRACON& Tower with Radar,93,16,20,24,153,0,0,59,15,74,93,16,79,39,227,16,0,16,243
11/10/2022,SYR,NY,AEA,EN,Combined TRACON& Tower with Radar,88,21,19,0,128,0,1,32,5,38,88,22,51,5,166,36,0,36,202
11/11/2022,SYR,NY,AEA,EN,Combined TRACON& Tower with Radar,96,27,13,0,136,0,0,5,1,6,96,27,18,1,142,0,0,0,142
11/12/2022,SYR,NY,AEA,EN,Combined TRACON& Tower with Radar,81,28,14,0,123,0,0,12,0,12,81,28,26,0,135,0,0,0,135
11/13/2022,SYR,NY,AEA,EN,Combined TRACON& Tower with Radar,78,17,19,0,114,0,0,1,2,3,78,17,20,2,117,0,0,0,117
11/14/2022,SYR,NY,AEA,EN,Combined TRACON& Tower with Radar,96,23,6,18,143,0,0,29,6,35,96,23,35,24,178,0,8,8,186
11/15/2022,SYR,NY,AEA,EN,Combined TRACON& Tower with Radar,90,20,8,9,127,0,0,17,4,21,90,20,25,13,148,44,0,44,192
11/16/2022,SYR,NY,AEA,EN,Combined TRACON& Tower with Radar,96,24,7,5,132,0,0,0,17,17,96,24,7,22,149,0,20,20,169
11/17/2022,SYR,NY,AEA,EN,Combined TRACON& Tower with Radar,95,22,8,10,135,0,0,4,0,4,95,22,12,10,139,0,0,0,139
11/18/2022,SYR,NY,AEA,EN,Combined TRACON& Tower with Radar,91,26,12,0,129,0,0,12,4,16,91,26,24,4,145,0,0,0,145
11/19/2022,SYR,NY,AEA,EN,Combined TRACON& Tower with Radar,76,26,28,0,130,0,2,44,0,46,76,28,72,0,176,26,0,26,202
11/20/2022,SYR,NY,AEA,EN,Combined TRACON& Tower with Radar,87,18,4,0,109,0,0,4,0,4,87,18,8,0,113,0,0,0,113
11/21/2022,SYR,NY,AEA,EN,Combined TRACON& Tower with Radar,99,17,5,8,129,0,1,22,0,23,99,18,27,8,152,0,0,0,152
11/22/2022,SYR,NY,AEA,EN,Combined TRACON& Tower with Radar,100,29,17,14,160,0,0,34,0,34,100,29,51,14,194,22,10,32,226
11/23/2022,SYR,NY,AEA,EN,Combined TRACON& Tower with Radar,106,20,16,18,160,0,0,40,7,47,106,20,56,25,207,8,8,16,223
11/24/2022,SYR,NY,AEA,EN,Combined TRACON& Tower with Radar,44,8,3,0,55,0,0,18,0,18,44,8,21,0,73,28,0,28,101
11/25/2022,SYR,NY,AEA,EN,Combined TRACON& Tower with Radar,74,16,5,0,95,0,1,2,1,4,74,17,7,1,99,0,0,0,99
11/26/2022,SYR,NY,AEA,EN,Combined TRACON& Tower with Radar,76,23,15,0,114,0,1,45,1,47,76,24,60,1,161,24,0,24,185
11/27/2022,SYR,NY,AEA,EN,Combined TRACON& Tower with Radar,83,38,21,0,142,0,0,15,0,15,83,38,36,0,157,0,0,0,157
11/28/2022,SYR,NY,AEA,EN,Combined TRACON& Tower with Radar,109,23,16,13,161,0,0,6,5,11,109,23,22,18,172,6,0,6,178
11/29/2022,SYR,NY,AEA,EN,Combined TRACON& Tower with Radar,100,22,18,10,150,0,2,41,7,50,100,24,59,17,200,8,0,8,208
11/30/2022,SYR,NY,AEA,EN,Combined TRACON& Tower with Radar,97,22,8,0,127,0,0,2,4,6,97,22,10,4,133,0,0,0,133
12/01/2022,SYR,NY,AEA,EN,Combined TRACON& Tower with Radar,100,23,9,2,134,0,0,1,0,1,100,23,10,2,135,0,0,0,135
12/02/2022,SYR,NY,AEA,EN,Combined TRACON& Tower with Radar,96,21,13,1,131,0,0,36,6,42,96,21,49,7,173,24,14,38,211
12/03/2022,SYR,NY,AEA,EN,Combined TRACON& Tower with Radar,74,19,2,0,95,0,1,5,0,6,74,20,7,0,101,0,0,0,101
12/04/2022,SYR,NY,AEA,EN,Combined TRACON& Tower with Radar,77,18,14,13,122,0,0,41,7,48,77,18,55,20,170,30,0,30,200
12/05/2022,SYR,NY,AEA,EN,Combined TRACON& Tower with Radar,91,23,14,8,136,0,1,26,12,39,91,24,40,20,175,12,14,26,201
12/06/2022,SYR,NY,AEA,EN,Combined TRACON& Tower with Radar,94,25,13,0,132,0,0,0,0,0,94,25,13,0,132,0,0,0,132
12/07/2022,SYR,NY,AEA,EN,Combined TRACON& Tower with Radar,98,27,12,0,137,0,0,0,0,0,98,27,12,0,137,0,0,0,137
12/08/2022,SYR,NY,AEA,EN,Combined TRACON& Tower with Radar,98,27,20,8,153,0,1,8,5,14,98,28,28,13,167,34,0,34,201
12/09/2022,SYR,NY,AEA,EN,Combined TRACON& Tower with Radar,96,27,33,0,156,0,0,43,4,47,96,27,76,4,203,42,0,42,245
12/10/2022,SYR,NY,AEA,EN,Combined TRACON& Tower with Radar,71,30,16,0,117,0,0,64,8,72,71,30,80,8,189,40,6,46,235
12/11/2022,SYR,NY,AEA,EN,Combined TRACON& Tower with Radar,73,20,7,0,100,0,0,0,0,0,73,20,7,0,100,0,0,0,100
12/12/2022,SYR,NY,AEA,EN,Combined TRACON& Tower with Radar,98,25,15,14,152,0,0,10,0,10,98,25,25,14,162,28,0,28,190
12/13/2022,SYR,NY,AEA,EN,Combined TRACON& Tower with Radar,97,31,13,13,154,0,0,49,9,58,97,31,62,22,212,26,0,26,238
12/14/2022,SYR,NY,AEA,EN,Combined TRACON& Tower with Radar,97,28,17,6,148,0,0,32,5,37,97,28,49,11,185,10,0,10,195
12/15/2022,SYR,NY,AEA,EN,Combined TRACON& Tower with Radar,99,33,7,6,145,0,0,9,0,9,99,33,16,6,154,0,0,0,154
12/16/2022,SYR,NY,AEA,EN,Combined TRACON& Tower with Radar,108,23,3,0,134,0,0,0,0,0,108,23,3,0,134,0,0,0,134
12/17/2022,SYR,NY,AEA,EN,Combined TRACON& Tower with Radar,83,18,9,2,112,0,0,16,2,18,83,18,25,4,130,40,8,48,178
12/18/2022,SYR,NY,AEA,EN,Combined TRACON& Tower with Radar,84,20,9,0,113,0,0,16,0,16,84,20,25,0,129,26,0,26,155
12/19/2022,SYR,NY,AEA,EN,Combined TRACON& Tower with Radar,99,19,8,6,132,0,0,0,0,0,99,19,8,6,132,0,0,0,132
12/20/2022,SYR,NY,AEA,EN,Combined TRACON& Tower with Radar,101,19,18,6,144,0,0,1,0,1,101,19,19,6,145,14,0,14,159
12/21/2022,SYR,NY,AEA,EN,Combined TRACON& Tower with Radar,104,21,10,18,153,0,0,24,20,44,104,21,34,38,197,14,24,38,235
12/22/2022,SYR,NY,AEA,EN,Combined TRACON& Tower with Radar,96,23,13,0,132,0,0,2,5,7,96,23,15,5,139,0,0,0,139
12/23/2022,SYR,NY,AEA,EN,Combined TRACON& Tower with Radar,52,11,3,0,66,0,0,0,0,0,52,11,3,0,66,0,0,0,66
12/24/2022,SYR,NY,AEA,EN,Combined TRACON& Tower with Radar,49,9,7,0,65,0,0,2,0,2,49,9,9,0,67,0,0,0,67
12/25/2022,SYR,NY,AEA,EN,Combined TRACON& Tower with Radar,37,4,4,0,45,0,0,3,0,3,37,4,7,0,48,0,0,0,48
12/26/2022,SYR,NY,AEA,EN,Combined TRACON& Tower with Radar,68,25,7,0,100,0,0,20,0,20,68,25,27,0,120,26,0,26,146
12/27/2022,SYR,NY,AEA,EN,Combined TRACON& Tower with Radar,68,22,11,6,107,0,1,14,2,17,68,23,25,8,124,28,0,28,152
12/28/2022,SYR,NY,AEA,EN,Combined TRACON& Tower with Radar,87,24,15,11,137,0,3,23,6,32,87,27,38,17,169,28,0,28,197
12/29/2022,SYR,NY,AEA,EN,Combined TRACON& Tower with Radar,79,26,20,6,131,0,4,21,7,32,79,30,41,13,163,22,14,36,199
12/30/2022,SYR,NY,AEA,EN,Combined TRACON& Tower with Radar,84,22,15,0,121,0,1,15,2,18,84,23,30,2,139,16,0,16,155
12/31/2022,SYR,NY,AEA,EN,Combined TRACON& Tower with Radar,72,11,1,0,84,0,0,0,3,3,72,11,1,3,87,0,10,10,97
01/01/2023,SYR,NY,AEA,EN,Combined TRACON& Tower with Radar,56,15,12,0,83,0,0,2,0,2,56,15,14,0,85,0,0,0,85
01/02/2023,SYR,NY,AEA,EN,Combined TRACON& Tower with Radar,64,17,22,1,104,0,0,17,1,18,64,17,39,2,122,62,0,62,184
01/03/2023,SYR,NY,AEA,EN,Combined TRACON& Tower with Radar,72,26,3,0,101,0,0,0,0,0,72,26,3,0,101,0,0,0,101
01/04/2023,SYR,NY,AEA,EN,Combined TRACON& Tower with Radar,77,21,8,0,106,0,0,0,0,0,77,21,8,0,106,0,0,0,106
01/05/2023,SYR,NY,AEA,EN,Combined TRACON& Tower with Radar,80,10,9,7,106,0,0,23,9,32,80,10,32,16,138,46,4,50,188
01/06/2023,SYR,NY,AEA,EN,Combined TRACON& Tower with Radar,72,13,9,0,94,0,0,3,0,3,72,13,12,0,97,0,0,0,97
01/07/2023,SYR,NY,AEA,EN,Combined TRACON& Tower with Radar,68,12,0,0,80,0,0,6,0,6,68,12,6,0,86,58,0,58,144
01/08/2023,SYR,NY,AEA,EN,Combined TRACON& Tower with Radar,77,13,7,6,103,0,1,21,6,28,77,14,28,12,131,44,0,44,175
01/09/2023,SYR,NY,AEA,EN,Combined TRACON& Tower with Radar,82,13,16,22,133,0,0,19,10,29,82,13,35,32,162,10,26,36,198
01/10/2023,SYR,NY,AEA,EN,Combined TRACON& Tower with Radar,92,17,8,8,125,0,0,16,2,18,92,17,24,10,143,8,0,8,151
01/11/2023,SYR,NY,AEA,EN,Combined TRACON& Tower with Radar,74,14,11,25,124,0,1,13,8,22,74,15,24,33,146,0,8,8,154
01/12/2023,SYR,NY,AEA,EN,Combined TRACON& Tower with Radar,88,17,11,1,117,0,0,0,0,0,88,17,11,1,117,0,0,0,117
01/13/2023,SYR,NY,AEA,EN,Combined TRACON& Tower with Radar,93,22,9,0,124,0,0,2,0,2,93,22,11,0,126,0,0,0,126
01/14/2023,SYR,NY,AEA,EN,Combined TRACON& Tower with Radar,70,16,9,2,97,0,0,7,2,9,70,16,16,4,106,14,0,14,120
01/15/2023,SYR,NY,AEA,EN,Combined TRACON& Tower with Radar,77,17,13,0,107,0,0,4,2,6,77,17,17,2,113,0,0,0,113
01/16/2023,SYR,NY,AEA,EN,Combined TRACON& Tower with Radar,90,19,14,1,124,0,0,54,3,57,90,19,68,4,181,46,0,46,227
01/17/2023,SYR,NY,AEA,EN,Combined TRACON& Tower with Radar,91,18,15,1,125,0,0,2,0,2,91,18,17,1,127,0,0,0,127
01/18/2023,SYR,NY,AEA,EN,Combined TRACON& Tower with Radar,83,16,11,1,111,0,0,2,1,3,83,16,13,2,114,0,0,0,114
01/19/2023,SYR,NY,AEA,EN,Combined TRACON& Tower with Radar,91,22,8,0,121,0,0,0,0,0,91,22,8,0,121,0,0,0,121
01/20/2023,SYR,NY,AEA,EN,Combined TRACON& Tower with Radar,92,16,7,0,115,0,0,0,0,0,92,16,7,0,115,0,0,0,115
01/21/2023,SYR,NY,AEA,EN,Combined TRACON& Tower with Radar,72,11,10,0,93,0,0,30,2,32,72,11,40,2,125,8,0,8,133
01/22/2023,SYR,NY,AEA,EN,Combined TRACON& Tower with Radar,77,17,10,0,104,0,0,50,0,50,77,17,60,0,154,26,0,26,180
01/23/2023,SYR,NY,AEA,EN,Combined TRACON& Tower with Radar,87,15,7,0,109,0,0,2,0,2,87,15,9,0,111,0,0,0,111
01/24/2023,SYR,NY,AEA,EN,Combined TRACON& Tower with Radar,92,13,22,11,138,0,0,16,2,18,92,13,38,13,156,11,0,11,167
01/25/2023,SYR,NY,AEA,EN,Combined TRACON& Tower with Radar,85,14,9,0,108,0,0,2,0,2,85,14,11,0,110,0,0,0,110
01/26/2023,SYR,NY,AEA,EN,Combined TRACON& Tower with Radar,97,17,13,0,127,0,0,0,0,0,97,17,13,0,127,0,0,0,127
01/27/2023,SYR,NY,AEA,EN,Combined TRACON& Tower with Radar,93,20,15,0,128,0,0,20,1,21,93,20,35,1,149,18,0,18,167
01/28/2023,SYR,NY,AEA,EN,Combined TRACON& Tower with Radar,70,12,3,0,85,0,0,14,1,15,70,12,17,1,100,32,0,32,132
01/29/2023,SYR,NY,AEA,EN,Combined TRACON& Tower with Radar,79,15,8,0,102,0,0,5,0,5,79,15,13,0,107,6,0,6,113
01/30/2023,SYR,NY,AEA,EN,Combined TRACON& Tower with Radar,87,20,16,0,123,0,0,2,0,2,87,20,18,0,125,0,0,0,125
01/31/2023,SYR,NY,AEA,EN,Combined TRACON& Tower with Radar,85,19,15,10,129,0,1,19,6,26,85,20,34,16,155,6,17,23,178
02/01/2023,SYR,NY,AEA,EN,Combined TRACON& Tower with Radar,85,14,16,13,128,0,0,42,2,44,85,14,58,15,172,50,0,50,222
02/02/2023,SYR,NY,AEA,EN,Combined TRACON& Tower with Radar,90,15,9,9,123,0,0,18,5,23,90,15,27,14,146,6,0,6,152
02/03/2023,SYR,NY,AEA,EN,Combined TRACON& Tower with Radar,66,18,12,1,97,0,0,1,0,1,66,18,13,1,98,0,0,0,98
02/04/2023,SYR,NY,AEA,EN,Combined TRACON& Tower with Radar,75,21,12,7,115,0,2,18,1,21,75,23,30,8,136,0,0,0,136
02/05/2023,SYR,NY,AEA,EN,Combined TRACON& Tower with Radar,78,18,16,10,122,0,0,22,7,29,78,18,38,17,151,28,6,34,185
02/06/2023,SYR,NY,AEA,EN,Combined TRACON& Tower with Radar,87,16,13,9,125,0,0,2,5,7,87,16,15,14,132,0,0,0,132
02/07/2023,SYR,NY,AEA,EN,Combined TRACON& Tower with Radar,88,23,16,14,141,0,0,4,4,8,88,23,20,18,149,6,0,6,155
02/08/2023,SYR,NY,AEA,EN,Combined TRACON& Tower with Radar,82,17,7,30,136,0,0,10,16,26,82,17,17,46,162,14,14,28,190
02/09/2023,SYR,NY,AEA,EN,Combined TRACON& Tower with Radar,96,24,13,0,133,0,0,3,0,3,96,24,16,0,136,0,0,0,136
02/10/2023,SYR,NY,AEA,EN,Combined TRACON& Tower with Radar,88,30,7,0,125,0,0,5,0,5,88,30,12,0,130,0,0,0,130
02/11/2023,SYR,NY,AEA,EN,Combined TRACON& Tower with Radar,72,17,1,0,90,0,0,9,2,11,72,17,10,2,101,0,0,0,101
02/12/2023,SYR,NY,AEA,EN,Combined TRACON& Tower with Radar,77,21,11,0,109,0,0,48,2,50,77,21,59,2,159,12,0,12,171
02/13/2023,SYR,NY,AEA,EN,Combined TRACON& Tower with Radar,83,18,23,12,136,0,0,35,5,40,83,18,58,17,176,18,0,18,194
02/14/2023,SYR,NY,AEA,EN,Combined TRACON& Tower with Radar,89,21,18,13,141,0,0,41,4,45,89,21,59,17,186,0,0,0,186
02/15/2023,SYR,NY,AEA,EN,Combined TRACON& Tower with Radar,90,25,15,8,138,0,0,15,0,15,90,25,30,8,153,0,0,0,153
02/16/2023,SYR,NY,AEA,EN,Combined TRACON& Tower with Radar,92,25,15,22,154,0,0,20,8,28,92,25,35,30,182,6,6,12,194
02/17/2023,SYR,NY,AEA,EN,Combined TRACON& Tower with Radar,100,34,10,0,144,0,0,0,0,0,100,34,10,0,144,0,0,0,144
02/18/2023,SYR,NY,AEA,EN,Combined TRACON& Tower with Radar,89,26,17,0,132,0,1,51,3,55,89,27,68,3,187,0,0,0,187
02/19/2023,SYR,NY,AEA,EN,Combined TRACON& Tower with Radar,82,29,10,0,121,0,0,23,3,26,82,29,33,3,147,20,0,20,167
02/20/2023,SYR,NY,AEA,EN,Combined TRACON& Tower with Radar,94,21,6,0,121,0,0,16,5,21,94,21,22,5,142,0,0,0,142
02/21/2023,SYR,NY,AEA,EN,Combined TRACON& Tower with Radar,99,23,14,6,142,0,0,30,36,66,99,23,44,42,208,0,0,0,208
02/22/2023,SYR,NY,AEA,EN,Combined TRACON& Tower with Radar,88,19,5,0,112,0,0,16,0,16,88,19,21,0,128,0,0,0,128
02/23/2023,SYR,NY,AEA,EN,Combined TRACON& Tower with Radar,91,21,10,0,122,0,0,0,0,0,91,21,10,0,122,0,0,0,122
02/24/2023,SYR,NY,AEA,EN,Combined TRACON& Tower with Radar,98,27,15,2,142,0,0,0,0,0,98,27,15,2,142,0,0,0,142
02/25/2023,SYR,NY,AEA,EN,Combined TRACON& Tower with Radar,87,23,5,0,115,0,0,3,1,4,87,23,8,1,119,0,0,0,119
02/26/2023,SYR,NY,AEA,EN,Combined TRACON& Tower with Radar,79,28,10,0,117,0,0,10,1,11,79,28,20,1,128,8,0,8,136
02/27/2023,SYR,NY,AEA,EN,Combined TRACON& Tower with Radar,89,22,10,6,127,0,2,20,23,45,89,24,30,29,172,22,12,34,206
02/28/2023,SYR,NY,AEA,EN,Combined TRACON& Tower with Radar,91,22,11,8,132,0,0,4,0,4,91,22,15,8,136,0,4,4,140
03/01/2023,SYR,NY,AEA,EN,Combined TRACON& Tower with Radar,95,25,14,6,140,0,0,15,12,27,95,25,29,18,167,0,0,0,167
03/02/2023,SYR,NY,AEA,EN,Combined TRACON& Tower with Radar,93,22,8,0,123,0,0,2,4,6,93,22,10,4,129,0,0,0,129
03/03/2023,SYR,NY,AEA,EN,Combined TRACON& Tower with Radar,89,24,9,0,122,0,1,26,6,33,89,25,35,6,155,12,0,12,167
03/04/2023,SYR,NY,AEA,EN,Combined TRACON& Tower with Radar,63,11,8,0,82,0,0,0,0,0,63,11,8,0,82,0,0,0,82
03/05/2023,SYR,NY,AEA,EN,Combined TRACON& Tower with Radar,78,32,10,4,124,0,0,9,22,31,78,32,19,26,155,13,24,37,192
03/06/2023,SYR,NY,AEA,EN,Combined TRACON& Tower with Radar,90,27,20,10,147,0,0,37,10,47,90,27,57,20,194,38,10,48,242
03/07/2023,SYR,NY,AEA,EN,Combined TRACON& Tower with Radar,88,20,13,12,133,0,0,7,2,9,88,20,20,14,142,0,0,0,142
03/08/2023,SYR,NY,AEA,EN,Combined TRACON& Tower with Radar,97,22,15,4,138,0,0,6,4,10,97,22,21,8,148,34,0,34,182
03/09/2023,SYR,NY,AEA,EN,Combined TRACON& Tower with Radar,88,26,16,8,138,0,0,12,8,20,88,26,28,16,158,4,6,10,168
03/10/2023,SYR,NY,AEA,EN,Combined TRACON& Tower with Radar,88,37,7,0,132,0,0,11,2,13,88,37,18,2,145,0,0,0,145
03/11/2023,SYR,NY,AEA,EN,Combined TRACON& Tower with Radar,74,25,6,0,105,0,0,10,0,10,74,25,16,0,115,30,0,30,145
03/12/2023,SYR,NY,AEA,EN,Combined TRACON& Tower with Radar,73,22,15,1,111,0,1,57,5,63,73,23,72,6,174,44,8,52,226
03/13/2023,SYR,NY,AEA,EN,Combined TRACON& Tower with Radar,81,14,7,0,102,0,0,0,0,0,81,14,7,0,102,0,0,0,102
03/14/2023,SYR,NY,AEA,EN,Combined TRACON& Tower with Radar,56,6,2,0,64,0,0,0,0,0,56,6,2,0,64,0,0,0,64
03/15/2023,SYR,NY,AEA,EN,Combined TRACON& Tower with Radar,87,21,8,9,125,0,0,18,17,35,87,21,26,26,160,0,20,20,180
03/16/2023,SYR,NY,AEA,EN,Combined TRACON& Tower with Radar,89,18,21,1,129,0,2,57,6,65,89,20,78,7,194,54,0,54,248
03/17/2023,SYR,NY,AEA,EN,Combined TRACON& Tower with Radar,93,21,15,0,129,0,0,3,0,3,93,21,18,0,132,0,0,0,132
03/18/2023,SYR,NY,AEA,EN,Combined TRACON& Tower with Radar,70,21,10,0,101,0,0,20,1,21,70,21,30,1,122,0,0,0,122
03/19/2023,SYR,NY,AEA,EN,Combined TRACON& Tower with Radar,73,35,14,3,125,0,0,4,1,5,73,35,18,4,130,0,0,0,130
03/20/2023,SYR,NY,AEA,EN,Combined TRACON& Tower with Radar,93,18,25,9,145,0,0,34,9,43,93,18,59,18,188,20,0,20,208
03/21/2023,SYR,NY,AEA,EN,Combined TRACON& Tower with Radar,86,20,11,8,125,0,1,30,5,36,86,21,41,13,161,6,0,6,167
03/22/2023,SYR,NY,AEA,EN,Combined TRACON& Tower with Radar,92,22,18,6,138,0,0,45,10,55,92,22,63,16,193,6,0,6,199
03/23/2023,SYR,NY,AEA,EN,Combined TRACON& Tower with Radar,91,19,12,2,124,0,0,1,12,13,91,19,13,14,137,0,14,14,151
03/24/2023,SYR,NY,AEA,EN,Combined TRACON& Tower with Radar,97,24,7,0,128,0,2,25,2,29,97,26,32,2,157,22,0,22,179
03/25/2023,SYR,NY,AEA,EN,Combined TRACON& Tower with Radar,76,16,1,0,93,0,0,0,2,2,76,16,1,2,95,0,0,0,95
03/26/2023,SYR,NY,AEA,EN,Combined TRACON& Tower with Radar,77,19,10,0,106,0,0,13,2,15,77,19,23,2,121,0,0,0,121
03/27/2023,SYR,NY,AEA,EN,Combined TRACON& Tower with Radar,91,22,6,6,125,0,0,15,3,18,91,22,21,9,143,14,4,18,161
03/28/2023,SYR,NY,AEA,EN,Combined TRACON& Tower with Radar,85,23,11,6,125,0,0,34,13,47,85,23,45,19,172,0,0,0,172
03/29/2023,SYR,NY,AEA,EN,Combined TRACON& Tower with Radar,94,28,17,3,142,0,0,22,7,29,94,28,39,10,171,14,0,14,185
03/30/2023,SYR,NY,AEA,EN,Combined TRACON& Tower with Radar,87,21,7,10,125,0,0,25,6,31,87,21,32,16,156,4,4,8,164
03/31/2023,SYR,NY,AEA,EN,Combined TRACON& Tower with Radar,97,23,16,0,136,0,0,8,3,11,97,23,24,3,147,10,0,10,157
04/01/2023,SYR,NY,AEA,EN,Combined TRACON& Tower with Radar,83,13,9,2,107,0,0,1,2,3,83,13,10,4,110,0,0,0,110
04/02/2023,SYR,NY,AEA,EN,Combined TRACON& Tower with Radar,76,18,15,1,110,0,0,30,3,33,76,18,45,4,143,0,0,0,143
04/03/2023,SYR,NY,AEA,EN,Combined TRACON& Tower with Radar,91,15,12,9,127,0,0,11,2,13,91,15,23,11,140,0,0,0,140
04/04/2023,SYR,NY,AEA,EN,Combined TRACON& Tower with Radar,89,18,10,12,129,0,0,8,8,16,89,18,18,20,145,0,14,14,159
04/05/2023,SYR,NY,AEA,EN,Combined TRACON& Tower with Radar,93,19,15,0,127,0,1,2,2,5,93,20,17,2,132,2,0,2,134
04/06/2023,SYR,NY,AEA,EN,Combined TRACON& Tower with Radar,97,21,23,11,152,0,0,28,8,36,97,21,51,19,188,28,10,38,226
04/07/2023,SYR,NY,AEA,EN,Combined TRACON& Tower with Radar,97,24,11,0,132,0,0,8,5,13,97,24,19,5,145,0,0,0,145
04/08/2023,SYR,NY,AEA,EN,Combined TRACON& Tower with Radar,86,17,14,0,117,0,1,43,10,54,86,18,57,10,171,0,0,0,171
04/09/2023,SYR,NY,AEA,EN,Combined TRACON& Tower with Radar,79,18,18,0,115,0,0,32,2,34,79,18,50,2,149,36,0,36,185
04/10/2023,SYR,NY,AEA,EN,Combined TRACON& Tower with Radar,91,21,14,6,132,0,1,68,22,91,91,22,82,28,223,17,10,27,250
04/11/2023,SYR,NY,AEA,EN,Combined TRACON& Tower with Radar,87,17,20,21,145,0,1,16,31,48,87,18,36,52,193,4,24,28,221
04/12/2023,SYR,NY,AEA,EN,Combined TRACON& Tower with Radar,99,18,14,15,146,0,3,32,27,62,99,21,46,42,208,14,6,20,228
04/13/2023,SYR,NY,AEA,EN,Combined TRACON& Tower with Radar,88,24,11,8,131,0,4,52,5,61,88,28,63,13,192,26,14,40,232
04/14/2023,SYR,NY,AEA,EN,Combined TRACON& Tower with Radar,97,27,20,8,152,0,4,57,7,68,97,31,77,15,220,32,0,32,252
04/15/2023,SYR,NY,AEA,EN,Combined TRACON& Tower with Radar,70,22,12,0,104,0,1,32,8,41,70,23,44,8,145,58,0,58,203
04/16/2023,SYR,NY,AEA,EN,Combined TRACON& Tower with Radar,77,20,13,0,110,0,0,39,6,45,77,20,52,6,155,46,0,46,201
04/17/2023,SYR,NY,AEA,EN,Combined TRACON& Tower with Radar,95,14,15,7,131,0,0,15,45,60,95,14,30,52,191,36,63,99,290
04/18/2023,SYR,NY,AEA,EN,Combined TRACON& Tower with Radar,91,23,6,9,129,0,0,9,3,12,91,23,15,12,141,0,0,0,141
04/19/2023,SYR,NY,AEA,EN,Combined TRACON& Tower with Radar,92,22,23,33,170,0,0,12,7,19,92,22,35,40,189,16,20,36,225
04/20/2023,SYR,NY,AEA,EN,Combined TRACON& Tower with Radar,91,26,12,11,140,0,1,50,44,95,91,27,62,55,235,21,72,93,328
04/21/2023,SYR,NY,AEA,EN,Combined TRACON& Tower with Radar,96,27,10,8,141,0,2,51,13,66,96,29,61,21,207,18,4,22,229
04/22/2023,SYR,NY,AEA,EN,Combined TRACON& Tower with Radar,79,23,3,0,105,0,0,10,2,12,79,23,13,2,117,0,0,0,117
04/23/2023,SYR,NY,AEA,EN,Combined TRACON& Tower with Radar,78,21,24,3,126,0,0,33,6,39,78,21,57,9,165,31,0,31,196
04/24/2023,SYR,NY,AEA,EN,Combined TRACON& Tower with Radar,90,20,12,6,128,0,2,16,26,44,90,22,28,32,172,22,30,52,224
04/25/2023,SYR,NY,AEA,EN,Combined TRACON& Tower with Radar,87,23,20,23,153,0,6,14,22,42,87,29,34,45,195,30,30,60,255
04/26/2023,SYR,NY,AEA,EN,Combined TRACON& Tower with Radar,93,21,16,28,158,0,0,16,10,26,93,21,32,38,184,6,0,6,190
04/27/2023,SYR,NY,AEA,EN,Combined TRACON& Tower with Radar,89,19,20,5,133,0,1,45,27,73,89,20,65,32,206,40,22,62,268
04/28/2023,SYR,NY,AEA,EN,Combined TRACON& Tower with Radar,96,17,17,2,132,0,0,27,3,30,96,17,44,5,162,0,0,0,162
04/29/2023,SYR,NY,AEA,EN,Combined TRACON& Tower with Radar,69,32,6,0,107,0,0,4,0,4,69,32,10,0,111,0,0,0,111
04/30/2023,SYR,NY,AEA,EN,Combined TRACON& Tower with Radar,75,17,13,0,105,0,1,0,0,1,75,18,13,0,106,0,0,0,106
05/01/2023,SYR,NY,AEA,EN,Combined TRACON& Tower with Radar,94,20,9,4,127,0,0,8,0,8,94,20,17,4,135,26,0,26,161
05/02/2023,SYR,NY,AEA,EN,Combined TRACON& Tower with Radar,85,16,12,3,116,0,0,14,6,20,85,16,26,9,136,79,0,79,215
05/03/2023,SYR,NY,AEA,EN,Combined TRACON& Tower with Radar,92,28,23,0,143,0,0,0,0,0,92,28,23,0,143,0,0,0,143
05/04/2023,SYR,NY,AEA,EN,Combined TRACON& Tower with Radar,86,31,13,4,134,0,0,7,0,7,86,31,20,4,141,0,0,0,141
05/05/2023,SYR,NY,AEA,EN,Combined TRACON& Tower with Radar,98,21,11,7,137,0,0,32,4,36,98,21,43,11,173,20,0,20,193
05/06/2023,SYR,NY,AEA,EN,Combined TRACON& Tower with Radar,70,20,11,2,103,0,2,38,3,43,70,22,49,5,146,2,0,2,148
05/07/2023,SYR,NY,AEA,EN,Combined TRACON& Tower with Radar,83,15,10,4,112,0,0,34,4,38,83,15,44,8,150,50,0,50,200
05/08/2023,SYR,NY,AEA,EN,Combined TRACON& Tower with Radar,97,27,8,8,140,0,0,31,33,64,97,27,39,41,204,6,18,24,228
05/09/2023,SYR,NY,AEA,EN,Combined TRACON& Tower with Radar,92,22,15,7,136,0,0,38,7,45,92,22,53,14,181,39,0,39,220
05/10/2023,SYR,NY,AEA,EN,Combined TRACON& Tower with Radar,96,30,18,8,152,0,0,41,7,48,96,30,59,15,200,0,8,8,208
05/11/2023,SYR,NY,AEA,EN,Combined TRACON& Tower with Radar,100,19,23,4,146,0,2,29,32,63,100,21,52,36,209,0,30,30,239
05/12/2023,SYR,NY,AEA,EN,Combined TRACON& Tower with Radar,100,36,19,0,155,0,3,39,12,54,100,39,58,12,209,0,0,0,209
05/13/2023,SYR,NY,AEA,EN,Combined TRACON& Tower with Radar,70,33,18,1,122,0,9,40,8,57,70,42,58,9,179,4,0,4,183
05/14/2023,SYR,NY,AEA,EN,Combined TRACON& Tower with Radar,83,31,18,0,132,0,1,25,12,38,83,32,43,12,170,0,0,0,170
05/15/2023,SYR,NY,AEA,EN,Combined TRACON& Tower with Radar,93,19,14,12,138,0,3,39,34,76,93,22,53,46,214,44,24,68,282
05/16/2023,SYR,NY,AEA,EN,Combined TRACON& Tower with Radar,94,20,8,4,126,0,2,28,22,52,94,22,36,26,178,20,20,40,218
05/17/2023,SYR,NY,AEA,EN,Combined TRACON& Tower with Radar,98,19,18,5,140,0,0,30,33,63,98,19,48,38,203,0,32,32,235
05/18/2023,SYR,NY,AEA,EN,Combined TRACON& Tower with Radar,99,25,19,5,148,0,0,51,18,69,99,25,70,23,217,44,20,64,281
05/19/2023,SYR,NY,AEA,EN,Combined TRACON& Tower with Radar,95,19,22,1,137,0,0,28,7,35,95,19,50,8,172,0,0,0,172
05/20/2023,SYR,NY,AEA,EN,Combined TRACON& Tower with Radar,69,13,8,0,90,0,0,10,3,13,69,13,18,3,103,0,0,0,103
05/21/2023,SYR,NY,AEA,EN,Combined TRACON& Tower with Radar,84,18,12,0,114,0,0,28,4,32,84,18,40,4,146,10,0,10,156
05/22/2023,SYR,NY,AEA,EN,Combined TRACON& Tower with Radar,86,27,9,8,130,0,4,37,8,49,86,31,46,16,179,49,14,63,242
05/23/2023,SYR,NY,AEA,EN,Combined TRACON& Tower with Radar,101,19,14,3,137,0,0,46,3,49,101,19,60,6,186,90,0,90,276
05/24/2023,SYR,NY,AEA,EN,Combined TRACON& Tower with Radar,97,24,20,6,147,0,0,10,4,14,97,24,30,10,161,15,0,15,176
05/25/2023,SYR,NY,AEA,EN,Combined TRACON& Tower with Radar,100,22,28,8,158,0,3,47,50,100,100,25,75,58,258,24,42,66,324
05/26/2023,SYR,NY,AEA,EN,Combined TRACON& Tower with Radar,96,23,14,2,135,0,0,50,6,56,96,23,64,8,191,76,8,84,275
05/27/2023,SYR,NY,AEA,EN,Combined TRACON& Tower with Radar,72,12,5,0,89,0,0,44,9,53,72,12,49,9,142,78,0,78,220
05/28/2023,SYR,NY,AEA,EN,Combined TRACON& Tower with Radar,77,20,6,0,103,0,0,39,13,52,77,20,45,13,155,30,0,30,185
05/29/2023,SYR,NY,AEA,EN,Combined TRACON& Tower with Radar,81,15,10,0,106,0,0,35,4,39,81,15,45,4,145,22,0,22,167
05/30/2023,SYR,NY,AEA,EN,Combined TRACON& Tower with Radar,94,14,14,6,128,0,0,34,8,42,94,14,48,14,170,34,2,36,206
05/31/2023,SYR,NY,AEA,EN,Combined TRACON& Tower with Radar,98,22,19,14,153,0,1,51,18,70,98,23,70,32,223,52,22,74,297
06/01/2023,SYR,NY,AEA,EN,Combined TRACON& Tower with Radar,102,21,8,11,142,0,1,42,10,53,102,22,50,21,195,34,8,42,237
06/02/2023,SYR,NY,AEA,EN,Combined TRACON& Tower with Radar,96,16,19,6,137,0,3,50,14,67,96,19,69,20,204,22,8,30,234
06/03/2023,SYR,NY,AEA,EN,Combined TRACON& Tower with Radar,79,18,13,0,110,0,0,35,5,40,79,18,48,5,150,8,0,8,158
06/04/2023,SYR,NY,AEA,EN,Combined TRACON& Tower with Radar,86,22,17,0,125,0,2,40,12,54,86,24,57,12,179,16,12,28,207
06/05/2023,SYR,NY,AEA,EN,Combined TRACON& Tower with Radar,92,25,24,11,152,0,0,35,10,45,92,25,59,21,197,26,22,48,245
06/06/2023,SYR,NY,AEA,EN,Combined TRACON& Tower with Radar,92,24,20,14,150,0,0,4,0,4,92,24,24,14,154,7,14,21,175
06/07/2023,SYR,NY,AEA,EN,Combined TRACON& Tower with Radar,96,34,17,0,147,0,0,0,0,0,96,34,17,0,147,0,0,0,147
06/08/2023,SYR,NY,AEA,EN,Combined TRACON& Tower with Radar,94,19,25,15,153,0,1,4,25,30,94,20,29,40,183,18,60,78,261
06/09/2023,SYR,NY,AEA,EN,Combined TRACON& Tower with Radar,97,24,8,6,135,0,2,15,5,22,97,26,23,11,157,61,0,61,218
06/10/2023,SYR,NY,AEA,EN,Combined TRACON& Tower with Radar,70,16,17,0,103,0,2,24,13,39,70,18,41,13,142,52,0,52,194
06/11/2023,SYR,NY,AEA,EN,Combined TRACON& Tower with Radar,80,23,17,0,120,0,2,39,8,49,80,25,56,8,169,4,0,4,173
06/12/2023,SYR,NY,AEA,EN,Combined TRACON& Tower with Radar,89,17,28,0,134,0,0,9,16,25,89,17,37,16,159,8,14,22,181
06/13/2023,SYR,NY,AEA,EN,Combined TRACON& Tower with Radar,92,23,16,7,138,0,0,22,23,45,92,23,38,30,183,30,24,54,237
06/14/2023,SYR,NY,AEA,EN,Combined TRACON& Tower with Radar,92,26,30,0,148,0,0,2,1,3,92,26,32,1,151,0,0,0,151
06/15/2023,SYR,NY,AEA,EN,Combined TRACON& Tower with Radar,94,24,18,8,144,0,2,37,24,63,94,26,55,32,207,80,12,92,299
06/16/2023,SYR,NY,AEA,EN,Combined TRACON& Tower with Radar,95,18,13,1,127,0,0,7,0,7,95,18,20,1,134,36,0,36,170
06/17/2023,SYR,NY,AEA,EN,Combined TRACON& Tower with Radar,70,12,14,0,96,0,0,14,0,14,70,12,28,0,110,30,0,30,140
06/18/2023,SYR,NY,AEA,EN,Combined TRACON& Tower with Radar,79,15,15,0,109,0,0,36,13,49,79,15,51,13,158,56,0,56,214
06/19/2023,SYR,NY,AEA,EN,Combined TRACON& Tower with Radar,86,24,17,0,127,0,1,40,3,44,86,25,57,3,171,16,0,16,187
06/20/2023,SYR,NY,AEA,EN,Combined TRACON& Tower with Radar,94,15,24,6,139,0,0,52,18,70,94,15,76,24,209,10,8,18,227
06/21/2023,SYR,NY,AEA,EN,Combined TRACON& Tower with Radar,95,27,15,8,145,0,3,79,12,94,95,30,94,20,239,70,0,70,309
06/22/2023,SYR,NY,AEA,EN,Combined TRACON& Tower with Radar,94,19,22,9,144,0,0,93,4,97,94,19,115,13,241,36,0,36,277
06/23/2023,SYR,NY,AEA,EN,Combined TRACON& Tower with Radar,86,18,26,0,130,0,0,79,14,93,86,18,105,14,223,92,0,92,315
06/24/2023,SYR,NY,AEA,EN,Combined TRACON& Tower with Radar,72,25,10,0,107,0,0,0,0,0,72,25,10,0,107,0,0,0,107
06/25/2023,SYR,NY,AEA,EN,Combined TRACON& Tower with Radar,83,13,18,0,114,0,0,69,0,69,83,13,87,0,183,56,0,56,239
06/26/2023,SYR,NY,AEA,EN,Combined TRACON& Tower with Radar,76,15,12,11,114,0,0,24,4,28,76,15,36,15,142,9,8,17,159
06/27/2023,SYR,NY,AEA,EN,Combined TRACON& Tower with Radar,86,18,20,16,140,0,0,10,18,28,86,18,30,34,168,34,40,74,242
06/28/2023,SYR,NY,AEA,EN,Combined TRACON& Tower with Radar,86,23,34,4,147,0,0,2,1,3,86,23,36,5,150,0,0,0,150
06/29/2023,SYR,NY,AEA,EN,Combined TRACON& Tower with Radar,95,18,44,2,159,0,0,3,0,3,95,18,47,2,162,4,0,4,166
06/30/2023,SYR,NY,AEA,EN,Combined TRACON& Tower with Radar,87,27,40,2,156,0,0,2,0,2,87,27,42,2,158,0,0,0,158
07/01/2023,SYR,NY,AEA,EN,Combined TRACON& Tower with Radar,72,16,16,0,104,0,1,4,1,6,72,17,20,1,110,14,0,14,124
07/02/2023,SYR,NY,AEA,EN,Combined TRACON& Tower with Radar,77,20,13,0,110,0,0,2,1,3,77,20,15,1,113,0,0,0,113
07/03/2023,SYR,NY,AEA,EN,Combined TRACON& Tower with Radar,79,11,5,0,95,0,0,2,0,2,79,11,7,0,97,0,0,0,97
07/04/2023,SYR,NY,AEA,EN,Combined TRACON& Tower with Radar,60,12,8,0,80,0,0,20,11,31,60,12,28,11,111,0,0,0,111
07/05/2023,SYR,NY,AEA,EN,Combined TRACON& Tower with Radar,92,21,7,8,128,0,5,44,17,66,92,26,51,25,194,7,4,11,205
07/06/2023,SYR,NY,AEA,EN,Combined TRACON& Tower with Radar,103,12,12,20,147,0,1,40,12,53,103,13,52,32,200,12,24,36,236
07/07/2023,SYR,NY,AEA,EN,Combined TRACON& Tower with Radar,90,18,22,0,130,0,0,17,1,18,90,18,39,1,148,12,0,12,160
07/08/2023,SYR,NY,AEA,EN,Combined TRACON& Tower with Radar,79,24,14,0,117,0,0,46,4,50,79,24,60,4,167,31,0,31,198
07/09/2023,SYR,NY,AEA,EN,Combined TRACON& Tower with Radar,70,20,11,0,101,0,0,13,5,18,70,20,24,5,119,26,0,26,145
07/10/2023,SYR,NY,AEA,EN,Combined TRACON& Tower with Radar,87,16,31,3,137,0,0,12,2,14,87,16,43,5,151,0,0,0,151
07/11/2023,SYR,NY,AEA,EN,Combined TRACON& Tower with Radar,96,21,14,12,143,20,0,62,18,100,116,21,76,30,243,33,0,33,276
07/12/2023,SYR,NY,AEA,EN,Combined TRACON& Tower with Radar,104,14,10,25,153,0,0,29,30,59,104,14,39,55,212,42,14,56,268
07/13/2023,SYR,NY,AEA,EN,Combined TRACON& Tower with Radar,102,27,8,9,146,0,0,23,9,32,102,27,31,18,178,4,0,4,182
07/14/2023,SYR,NY,AEA,EN,Combined TRACON& Tower with Radar,100,22,13,7,142,0,2,53,19,74,100,24,66,26,216,39,8,47,263
07/15/2023,SYR,NY,AEA,EN,Combined TRACON& Tower with Radar,79,21,14,8,122,0,0,38,14,52,79,21,52,22,174,15,8,23,197
07/16/2023,SYR,NY,AEA,EN,Combined TRACON& Tower with Radar,73,26,12,1,112,0,0,19,0,19,73,26,31,1,131,38,0,38,169
07/17/2023,SYR,NY,AEA,EN,Combined TRACON& Tower with Radar,82,29,15,12,138,0,1,30,24,55,82,30,45,36,193,62,0,62,255
07/18/2023,SYR,NY,AEA,EN,Combined TRACON& Tower with Radar,92,18,7,7,124,0,1,31,3,35,92,19,38,10,159,13,0,13,172
07/19/2023,SYR,NY,AEA,EN,Combined TRACON& Tower with Radar,97,12,25,8,142,0,0,69,16,85,97,12,94,24,227,106,4,110,337
07/20/2023,SYR,NY,AEA,EN,Combined TRACON& Tower with Radar,99,15,15,11,140,1,4,39,18,62,100,19,54,29,202,68,2,70,272
07/21/2023,SYR,NY,AEA,EN,Combined TRACON& Tower with Radar,94,20,19,0,133,1,0,27,0,28,95,20,46,0,161,20,0,20,181
07/22/2023,SYR,NY,AEA,EN,Combined TRACON& Tower with Radar,76,14,5,1,96,0,4,29,29,62,76,18,34,30,158,26,0,26,184
07/23/2023,SYR,NY,AEA,EN,Combined TRACON& Tower with Radar,81,38,16,0,135,0,2,42,20,64,81,40,58,20,199,29,0,29,228
07/24/2023,SYR,NY,AEA,EN,Combined TRACON& Tower with Radar,98,19,9,7,133,0,1,19,7,27,98,20,28,14,160,12,0,12,172
07/25/2023,SYR,NY,AEA,EN,Combined TRACON& Tower with Radar,94,21,8,15,138,0,0,53,28,81,94,21,61,43,219,56,10,66,285
07/26/2023,SYR,NY,AEA,EN,Combined TRACON& Tower with Radar,101,23,18,9,151,0,0,44,59,103,101,23,62,68,254,59,36,95,349
07/27/2023,SYR,NY,AEA,EN,Combined TRACON& Tower with Radar,97,21,14,9,141,0,0,5,15,20,97,21,19,24,161,0,12,12,173
07/28/2023,SYR,NY,AEA,EN,Combined TRACON& Tower with Radar,87,19,18,1,125,0,1,31,35,67,87,20,49,36,192,48,96,144,336
07/29/2023,SYR,NY,AEA,EN,Combined TRACON& Tower with Radar,74,19,6,1,100,0,0,2,0,2,74,19,8,1,102,14,0,14,116
07/30/2023,SYR,NY,AEA,EN,Combined TRACON& Tower with Radar,86,21,14,0,121,0,0,38,10,48,86,21,52,10,169,19,0,19,188
07/31/2023,SYR,NY,AEA,EN,Combined TRACON& Tower with Radar,90,25,7,13,135,0,0,34,7,41,90,25,41,20,176,27,2,29,205
08/01/2023,SYR,NY,AEA,EN,Combined TRACON& Tower with Radar,99,18,14,7,138,0,0,57,3,60,99,18,71,10,198,2,0,2,200
08/02/2023,SYR,NY,AEA,EN,Combined TRACON& Tower with Radar,101,21,21,7,150,0,1,50,12,63,101,22,71,19,213,77,12,89,302
08/03/2023,SYR,NY,AEA,EN,Combined TRACON& Tower with Radar,97,31,33,5,166,0,0,38,6,44,97,31,71,11,210,0,0,0,210
08/04/2023,SYR,NY,AEA,EN,Combined TRACON& Tower with Radar,93,25,12,2,132,0,0,15,4,19,93,25,27,6,151,30,0,30,181
08/05/2023,SYR,NY,AEA,EN,Combined TRACON& Tower with Radar,77,23,15,1,116,0,0,23,12,35,77,23,38,13,151,38,0,38,189
08/06/2023,SYR,NY,AEA,EN,Combined TRACON& Tower with Radar,79,26,19,10,134,0,1,45,9,55,79,27,64,19,189,23,7,30,219
08/07/2023,SYR,NY,AEA,EN,Combined TRACON& Tower with Radar,82,27,9,7,125,0,0,10,9,19,82,27,19,16,144,8,0,8,152
08/08/2023,SYR,NY,AEA,EN,Combined TRACON& Tower with Radar,99,25,27,6,157,0,0,0,1,1,99,25,27,7,158,0,0,0,158
08/09/2023,SYR,NY,AEA,EN,Combined TRACON& Tower with Radar,100,15,16,29,160,0,5,90,24,119,100,20,106,53,279,26,12,38,317
08/10/2023,SYR,NY,AEA,EN,Combined TRACON& Tower with Radar,99,21,27,2,149,0,0,14,2,16,99,21,41,4,165,0,0,0,165
08/11/2023,SYR,NY,AEA,EN,Combined TRACON& Tower with Radar,91,17,17,1,126,0,0,36,8,44,91,17,53,9,170,46,0,46,216
08/12/2023,SYR,NY,AEA,EN,Combined TRACON& Tower with Radar,75,16,8,0,99,0,1,15,6,22,75,17,23,6,121,45,18,63,184
08/13/2023,SYR,NY,AEA,EN,Combined TRACON& Tower with Radar,79,24,19,0,122,0,0,22,2,24,79,24,41,2,146,72,0,72,218
08/14/2023,SYR,NY,AEA,EN,Combined TRACON& Tower with Radar,90,26,13,6,135,0,1,48,7,56,90,27,61,13,191,36,0,36,227
08/15/2023,SYR,NY,AEA,EN,Combined TRACON& Tower with Radar,98,25,17,0,140,0,0,0,0,0,98,25,17,0,140,0,0,0,140
08/16/2023,SYR,NY,AEA,EN,Combined TRACON& Tower with Radar,96,32,28,12,168,0,2,28,9,39,96,34,56,21,207,50,8,58,265
08/17/2023,SYR,NY,AEA,EN,Combined TRACON& Tower with Radar,94,29,16,13,152,0,2,33,27,62,94,31,49,40,214,0,32,32,246
08/18/2023,SYR,NY,AEA,EN,Combined TRACON& Tower with Radar,93,29,15,2,139,0,0,13,2,15,93,29,28,4,154,0,0,0,154
08/19/2023,SYR,NY,AEA,EN,Combined TRACON& Tower with Radar,78,22,19,0,119,0,0,22,14,36,78,22,41,14,155,8,0,8,163
08/20/2023,SYR,NY,AEA,EN,Combined TRACON& Tower with Radar,84,23,16,0,123,0,2,56,19,77,84,25,72,19,200,28,0,28,228
08/21/2023,SYR,NY,AEA,EN,Combined TRACON& Tower with Radar,93,31,9,6,139,0,0,22,4,26,93,31,31,10,165,30,0,30,195
08/22/2023,SYR,NY,AEA,EN,Combined TRACON& Tower with Radar,96,20,23,11,150,0,3,47,31,81,96,23,70,42,231,36,32,68,299
08/23/2023,SYR,NY,AEA,EN,Combined TRACON& Tower with Radar,91,30,26,17,164,0,8,34,11,53,91,38,60,28,217,28,12,40,257
08/24/2023,SYR,NY,AEA,EN,Combined TRACON& Tower with Radar,99,18,28,7,152,0,0,7,3,10,99,18,35,10,162,0,0,0,162
08/25/2023,SYR,NY,AEA,EN,Combined TRACON& Tower with Radar,98,32,17,2,149,0,0,14,0,14,98,32,31,2,163,0,0,0,163
08/26/2023,SYR,NY,AEA,EN,Combined TRACON& Tower with Radar,79,20,19,4,122,0,1,38,6,45,79,21,57,10,167,81,0,81,248
08/27/2023,SYR,NY,AEA,EN,Combined TRACON& Tower with Radar,83,24,25,1,133,0,2,34,5,41,83,26,59,6,174,14,0,14,188
08/28/2023,SYR,NY,AEA,EN,Combined TRACON& Tower with Radar,96,17,14,12,139,0,0,10,9,19,96,17,24,21,158,29,10,39,197
08/29/2023,SYR,NY,AEA,EN,Combined TRACON& Tower with Radar,93,19,20,8,140,0,0,24,2,26,93,19,44,10,166,22,0,22,188
08/30/2023,SYR,NY,AEA,EN,Combined TRACON& Tower with Radar,91,21,15,8,135,0,1,18,1,20,91,22,33,9,155,4,0,4,159
08/31/2023,SYR,NY,AEA,EN,Combined TRACON& Tower with Radar,100,21,31,6,158,0,4,79,11,94,100,25,110,17,252,20,0,20,272
01/01/2020,SYR,NY,AEA,EN,Combined TRACON& Tower with Radar,52,31,6,0,89,0,0,12,0,12,52,31,18,0,101,0,0,0,101
01/02/2020,SYR,NY,AEA,EN,Combined TRACON& Tower with Radar,77,43,12,8,140,0,0,20,4,24,77,43,32,12,164,0,0,0,164
01/03/2020,SYR,NY,AEA,EN,Combined TRACON& Tower with Radar,68,49,17,0,134,0,0,10,0,10,68,49,27,0,144,0,0,0,144
01/04/2020,SYR,NY,AEA,EN,Combined TRACON& Tower with Radar,65,42,6,0,113,0,0,0,0,0,65,42,6,0,113,0,0,0,113
01/05/2020,SYR,NY,AEA,EN,Combined TRACON& Tower with Radar,68,40,10,0,118,0,0,4,0,4,68,40,14,0,122,0,0,0,122
01/06/2020,SYR,NY,AEA,EN,Combined TRACON& Tower with Radar,67,44,17,5,133,0,0,7,4,11,67,44,24,9,144,0,0,0,144
01/07/2020,SYR,NY,AEA,EN,Combined TRACON& Tower with Radar,77,35,18,0,130,0,0,36,0,36,77,35,54,0,166,0,0,0,166
01/08/2020,SYR,NY,AEA,EN,Combined TRACON& Tower with Radar,78,47,12,0,137,0,0,1,0,1,78,47,13,0,138,0,0,0,138
01/09/2020,SYR,NY,AEA,EN,Combined TRACON& Tower with Radar,82,43,24,16,165,0,0,32,4,36,82,43,56,20,201,0,0,0,201
01/10/2020,SYR,NY,AEA,EN,Combined TRACON& Tower with Radar,80,41,5,0,126,0,0,4,0,4,80,41,9,0,130,0,0,0,130
01/11/2020,SYR,NY,AEA,EN,Combined TRACON& Tower with Radar,48,30,8,0,86,0,0,6,0,6,48,30,14,0,92,0,0,0,92
01/12/2020,SYR,NY,AEA,EN,Combined TRACON& Tower with Radar,69,37,6,0,112,0,0,1,0,1,69,37,7,0,113,0,0,0,113
01/13/2020,SYR,NY,AEA,EN,Combined TRACON& Tower with Radar,74,40,24,7,145,0,0,46,0,46,74,40,70,7,191,37,3,40,231
01/14/2020,SYR,NY,AEA,EN,Combined TRACON& Tower with Radar,76,38,17,13,144,0,0,39,0,39,76,38,56,13,183,0,0,0,183
01/15/2020,SYR,NY,AEA,EN,Combined TRACON& Tower with Radar,79,50,24,7,160,0,0,20,1,21,79,50,44,8,181,13,0,13,194
01/16/2020,SYR,NY,AEA,EN,Combined TRACON& Tower with Radar,88,40,16,0,144,0,0,0,0,0,88,40,16,0,144,0,0,0,144
01/17/2020,SYR,NY,AEA,EN,Combined TRACON& Tower with Radar,73,42,11,3,129,0,0,18,1,19,73,42,29,4,148,0,0,0,148
01/18/2020,SYR,NY,AEA,EN,Combined TRACON& Tower with Radar,56,25,3,0,84,0,0,5,4,9,56,25,8,4,93,14,0,14,107
01/19/2020,SYR,NY,AEA,EN,Combined TRACON& Tower with Radar,65,33,7,0,105,0,0,3,0,3,65,33,10,0,108,0,0,0,108
01/20/2020,SYR,NY,AEA,EN,Combined TRACON& Tower with Radar,74,30,5,0,109,0,0,28,0,28,74,30,33,0,137,20,0,20,157
01/21/2020,SYR,NY,AEA,EN,Combined TRACON& Tower with Radar,79,44,17,8,148,0,0,18,15,33,79,44,35,23,181,48,12,60,241
01/22/2020,SYR,NY,AEA,EN,Combined TRACON& Tower with Radar,83,41,14,9,147,0,0,33,3,36,83,41,47,12,183,12,0,12,195
01/23/2020,SYR,NY,AEA,EN,Combined TRACON& Tower with Radar,89,38,24,10,161,0,0,35,14,49,89,38,59,24,210,0,18,18,228
01/24/2020,SYR,NY,AEA,EN,Combined TRACON& Tower with Radar,78,41,11,1,131,0,0,26,3,29,78,41,37,4,160,0,0,0,160
01/25/2020,SYR,NY,AEA,EN,Combined TRACON& Tower with Radar,58,27,2,0,87,0,0,0,0,0,58,27,2,0,87,0,0,0,87
01/26/2020,SYR,NY,AEA,EN,Combined TRACON& Tower with Radar,64,43,1,0,108,0,0,2,0,2,64,43,3,0,110,0,0,0,110
01/27/2020,SYR,NY,AEA,EN,Combined TRACON& Tower with Radar,74,43,12,0,129,0,0,0,0,0,74,43,12,0,129,0,0,0,129
01/28/2020,SYR,NY,AEA,EN,Combined TRACON& Tower with Radar,79,44,13,6,142,0,0,4,0,4,79,44,17,6,146,0,0,0,146
01/29/2020,SYR,NY,AEA,EN,Combined TRACON& Tower with Radar,79,46,22,6,153,0,0,20,54,74,79,46,42,60,227,0,66,66,293
01/30/2020,SYR,NY,AEA,EN,Combined TRACON& Tower with Radar,85,46,9,9,149,0,0,40,0,40,85,46,49,9,189,0,0,0,189
01/31/2020,SYR,NY,AEA,EN,Combined TRACON& Tower with Radar,78,42,13,1,134,0,0,18,1,19,78,42,31,2,153,24,0,24,177
02/01/2020,SYR,NY,AEA,EN,Combined TRACON& Tower with Radar,58,34,7,0,99,0,0,12,6,18,58,34,19,6,117,0,0,0,117
02/02/2020,SYR,NY,AEA,EN,Combined TRACON& Tower with Radar,60,33,19,0,112,0,0,0,0,0,60,33,19,0,112,0,0,0,112
02/03/2020,SYR,NY,AEA,EN,Combined TRACON& Tower with Radar,70,41,14,6,131,0,1,24,2,27,70,42,38,8,158,0,0,0,158
02/04/2020,SYR,NY,AEA,EN,Combined TRACON& Tower with Radar,79,38,9,8,134,0,0,12,0,12,79,38,21,8,146,13,2,15,161
02/05/2020,SYR,NY,AEA,EN,Combined TRACON& Tower with Radar,78,45,12,9,144,0,0,20,2,22,78,45,32,11,166,0,0,0,166
02/06/2020,SYR,NY,AEA,EN,Combined TRACON& Tower with Radar,77,35,4,0,116,0,0,0,0,0,77,35,4,0,116,0,0,0,116
02/07/2020,SYR,NY,AEA,EN,Combined TRACON& Tower with Radar,67,27,6,0,100,0,0,0,0,0,67,27,6,0,100,0,0,0,100
02/08/2020,SYR,NY,AEA,EN,Combined TRACON& Tower with Radar,57,38,5,21,121,0,0,9,1,10,57,38,14,22,131,6,24,30,161
02/09/2020,SYR,NY,AEA,EN,Combined TRACON& Tower with Radar,67,29,11,0,107,0,0,19,3,22,67,29,30,3,129,6,0,6,135
02/10/2020,SYR,NY,AEA,EN,Combined TRACON& Tower with Radar,74,44,11,2,131,0,0,4,0,4,74,44,15,2,135,0,0,0,135
02/11/2020,SYR,NY,AEA,EN,Combined TRACON& Tower with Radar,82,35,12,4,133,0,0,3,0,3,82,35,15,4,136,12,0,12,148
02/12/2020,SYR,NY,AEA,EN,Combined TRACON& Tower with Radar,81,43,15,16,155,0,0,34,5,39,81,43,49,21,194,10,14,24,218
02/13/2020,SYR,NY,AEA,EN,Combined TRACON& Tower with Radar,73,51,2,0,126,0,0,0,0,0,73,51,2,0,126,0,0,0,126
02/14/2020,SYR,NY,AEA,EN,Combined TRACON& Tower with Radar,79,53,10,0,142,0,0,17,0,17,79,53,27,0,159,0,0,0,159
02/15/2020,SYR,NY,AEA,EN,Combined TRACON& Tower with Radar,76,35,16,0,127,0,0,43,2,45,76,35,59,2,172,0,0,0,172
02/16/2020,SYR,NY,AEA,EN,Combined TRACON& Tower with Radar,63,35,9,0,107,0,1,18,4,23,63,36,27,4,130,4,0,4,134
02/17/2020,SYR,NY,AEA,EN,Combined TRACON& Tower with Radar,69,42,15,0,126,0,0,26,6,32,69,42,41,6,158,0,0,0,158
02/18/2020,SYR,NY,AEA,EN,Combined TRACON& Tower with Radar,83,47,18,0,148,0,0,0,0,0,83,47,18,0,148,0,0,0,148
02/19/2020,SYR,NY,AEA,EN,Combined TRACON& Tower with Radar,85,45,23,7,160,0,0,2,1,3,85,45,25,8,163,0,0,0,163
02/20/2020,SYR,NY,AEA,EN,Combined TRACON& Tower with Radar,84,44,18,8,154,0,0,7,0,7,84,44,25,8,161,0,0,0,161
02/21/2020,SYR,NY,AEA,EN,Combined TRACON& Tower with Radar,77,49,9,1,136,0,0,28,11,39,77,49,37,12,175,33,0,33,208
02/22/2020,SYR,NY,AEA,EN,Combined TRACON& Tower with Radar,77,41,7,0,125,0,0,37,14,51,77,41,44,14,176,12,0,12,188
02/23/2020,SYR,NY,AEA,EN,Combined TRACON& Tower with Radar,71,39,11,0,121,0,0,46,4,50,71,39,57,4,171,0,0,0,171
02/24/2020,SYR,NY,AEA,EN,Combined TRACON& Tower with Radar,72,46,17,16,151,0,0,44,10,54,72,46,61,26,205,0,58,58,263
02/25/2020,SYR,NY,AEA,EN,Combined TRACON& Tower with Radar,84,44,18,6,152,0,0,19,0,19,84,44,37,6,171,0,0,0,171
02/26/2020,SYR,NY,AEA,EN,Combined TRACON& Tower with Radar,85,53,15,0,153,0,0,4,0,4,85,53,19,0,157,0,0,0,157
02/27/2020,SYR,NY,AEA,EN,Combined TRACON& Tower with Radar,83,52,11,0,146,0,0,1,0,1,83,52,12,0,147,0,0,0,147
02/28/2020,SYR,NY,AEA,EN,Combined TRACON& Tower with Radar,80,53,3,0,136,0,0,1,0,1,80,53,4,0,137,0,0,0,137
02/29/2020,SYR,NY,AEA,EN,Combined TRACON& Tower with Radar,66,44,10,0,120,0,0,0,0,0,66,44,10,0,120,0,0,0,120
03/01/2020,SYR,NY,AEA,EN,Combined TRACON& Tower with Radar,70,41,16,0,127,0,0,33,0,33,70,41,49,0,160,10,0,10,170
03/02/2020,SYR,NY,AEA,EN,Combined TRACON& Tower with Radar,73,38,10,3,124,0,0,10,7,17,73,38,20,10,141,20,10,30,171
03/03/2020,SYR,NY,AEA,EN,Combined TRACON& Tower with Radar,89,43,9,1,142,0,0,0,0,0,89,43,9,1,142,0,0,0,142
03/04/2020,SYR,NY,AEA,EN,Combined TRACON& Tower with Radar,82,42,17,9,150,0,0,21,13,34,82,42,38,22,184,6,16,22,206
03/05/2020,SYR,NY,AEA,EN,Combined TRACON& Tower with Radar,88,42,17,6,153,0,0,48,2,50,88,42,65,8,203,0,0,0,203
03/06/2020,SYR,NY,AEA,EN,Combined TRACON& Tower with Radar,80,45,12,0,137,0,0,3,0,3,80,45,15,0,140,0,0,0,140
03/07/2020,SYR,NY,AEA,EN,Combined TRACON& Tower with Radar,71,33,4,8,116,0,0,39,6,45,71,33,43,14,161,0,0,0,161
03/08/2020,SYR,NY,AEA,EN,Combined TRACON& Tower with Radar,70,32,11,0,113,0,0,43,7,50,70,32,54,7,163,24,0,24,187
03/09/2020,SYR,NY,AEA,EN,Combined TRACON& Tower with Radar,74,42,10,20,146,0,1,42,7,50,74,43,52,27,196,0,24,24,220
03/10/2020,SYR,NY,AEA,EN,Combined TRACON& Tower with Radar,84,35,27,0,146,0,0,0,0,0,84,35,27,0,146,0,0,0,146
03/11/2020,SYR,NY,AEA,EN,Combined TRACON& Tower with Radar,82,40,17,11,150,0,0,52,3,55,82,40,69,14,205,4,0,4,209
03/12/2020,SYR,NY,AEA,EN,Combined TRACON& Tower with Radar,90,37,19,10,156,0,9,22,2,33,90,46,41,12,189,0,0,0,189
03/13/2020,SYR,NY,AEA,EN,Combined TRACON& Tower with Radar,82,48,10,0,140,0,0,0,0,0,82,48,10,0,140,0,0,0,140
03/14/2020,SYR,NY,AEA,EN,Combined TRACON& Tower with Radar,70,46,13,0,129,0,0,13,0,13,70,46,26,0,142,0,0,0,142
03/15/2020,SYR,NY,AEA,EN,Combined TRACON& Tower with Radar,76,34,10,0,120,0,0,32,6,38,76,34,42,6,158,44,0,44,202
03/16/2020,SYR,NY,AEA,EN,Combined TRACON& Tower with Radar,74,38,8,6,126,0,0,20,2,22,74,38,28,8,148,8,0,8,156
03/17/2020,SYR,NY,AEA,EN,Combined TRACON& Tower with Radar,86,38,11,6,141,0,0,0,0,0,86,38,11,6,141,16,0,16,157
03/18/2020,SYR,NY,AEA,EN,Combined TRACON& Tower with Radar,85,42,1,11,139,0,0,22,5,27,85,42,23,16,166,42,22,64,230
03/19/2020,SYR,NY,AEA,EN,Combined TRACON& Tower with Radar,93,42,16,6,157,0,0,12,2,14,93,42,28,8,171,22,0,22,193
03/20/2020,SYR,NY,AEA,EN,Combined TRACON& Tower with Radar,78,37,4,7,126,0,0,1,3,4,78,37,5,10,130,8,16,24,154
03/21/2020,SYR,NY,AEA,EN,Combined TRACON& Tower with Radar,54,30,9,2,95,0,0,18,4,22,54,30,27,6,117,0,0,0,117
03/22/2020,SYR,NY,AEA,EN,Combined TRACON& Tower with Radar,59,26,7,0,92,0,0,31,2,33,59,26,38,2,125,30,0,30,155
03/23/2020,SYR,NY,AEA,EN,Combined TRACON& Tower with Radar,45,25,1,0,71,0,0,0,0,0,45,25,1,0,71,0,0,0,71
03/24/2020,SYR,NY,AEA,EN,Combined TRACON& Tower with Radar,60,22,4,10,96,0,0,2,0,2,60,22,6,10,98,0,0,0,98
03/25/2020,SYR,NY,AEA,EN,Combined TRACON& Tower with Radar,50,27,5,8,90,0,1,5,0,6,50,28,10,8,96,0,0,0,96
03/26/2020,SYR,NY,AEA,EN,Combined TRACON& Tower with Radar,43,11,4,9,67,0,0,18,7,25,43,11,22,16,92,0,0,0,92
03/27/2020,SYR,NY,AEA,EN,Combined TRACON& Tower with Radar,36,17,5,0,58,0,0,11,2,13,36,17,16,2,71,0,0,0,71
03/28/2020,SYR,NY,AEA,EN,Combined TRACON& Tower with Radar,17,22,4,0,43,0,0,2,0,2,17,22,6,0,45,0,0,0,45
03/29/2020,SYR,NY,AEA,EN,Combined TRACON& Tower with Radar,25,18,1,0,44,0,0,0,0,0,25,18,1,0,44,0,0,0,44
03/30/2020,SYR,NY,AEA,EN,Combined TRACON& Tower with Radar,26,18,4,6,54,0,0,0,0,0,26,18,4,6,54,0,0,0,54
03/31/2020,SYR,NY,AEA,EN,Combined TRACON& Tower with Radar,36,20,3,20,79,0,0,5,9,14,36,20,8,29,93,0,35,35,128
04/01/2020,SYR,NY,AEA,EN,Combined TRACON& Tower with Radar,29,9,7,8,53,0,2,18,8,28,29,11,25,16,81,0,16,16,97
04/02/2020,SYR,NY,AEA,EN,Combined TRACON& Tower with Radar,45,11,5,6,67,0,0,10,0,10,45,11,15,6,77,0,0,0,77
04/03/2020,SYR,NY,AEA,EN,Combined TRACON& Tower with Radar,36,10,9,0,55,0,0,0,0,0,36,10,9,0,55,0,0,0,55
04/04/2020,SYR,NY,AEA,EN,Combined TRACON& Tower with Radar,21,8,7,0,36,0,0,12,0,12,21,8,19,0,48,0,0,0,48
04/05/2020,SYR,NY,AEA,EN,Combined TRACON& Tower with Radar,35,4,0,0,39,0,1,6,0,7,35,5,6,0,46,0,0,0,46
04/06/2020,SYR,NY,AEA,EN,Combined TRACON& Tower with Radar,30,5,11,13,59,0,0,29,0,29,30,5,40,13,88,18,0,18,106
04/07/2020,SYR,NY,AEA,EN,Combined TRACON& Tower with Radar,35,9,12,23,79,0,0,31,4,35,35,9,43,27,114,36,20,56,170
04/08/2020,SYR,NY,AEA,EN,Combined TRACON& Tower with Radar,33,8,1,6,48,0,0,3,0,3,33,8,4,6,51,0,0,0,51
04/09/2020,SYR,NY,AEA,EN,Combined TRACON& Tower with Radar,39,5,0,6,50,0,0,0,0,0,39,5,0,6,50,0,0,0,50
04/10/2020,SYR,NY,AEA,EN,Combined TRACON& Tower with Radar,35,11,4,0,50,0,0,2,0,2,35,11,6,0,52,0,0,0,52
04/11/2020,SYR,NY,AEA,EN,Combined TRACON& Tower with Radar,25,11,1,0,37,0,0,10,0,10,25,11,11,0,47,0,0,0,47
04/12/2020,SYR,NY,AEA,EN,Combined TRACON& Tower with Radar,25,10,2,0,37,0,0,11,0,11,25,10,13,0,48,0,0,0,48
04/13/2020,SYR,NY,AEA,EN,Combined TRACON& Tower with Radar,27,6,4,0,37,0,0,2,0,2,27,6,6,0,39,0,0,0,39
04/14/2020,SYR,NY,AEA,EN,Combined TRACON& Tower with Radar,31,14,5,25,75,0,0,5,0,5,31,14,10,25,80,0,14,14,94
04/15/2020,SYR,NY,AEA,EN,Combined TRACON& Tower with Radar,30,9,8,12,59,0,0,14,0,14,30,9,22,12,73,6,0,6,79
04/16/2020,SYR,NY,AEA,EN,Combined TRACON& Tower with Radar,27,10,1,10,48,0,0,2,0,2,27,10,3,10,50,0,0,0,50
04/17/2020,SYR,NY,AEA,EN,Combined TRACON& Tower with Radar,19,7,2,0,28,0,0,6,0,6,19,7,8,0,34,0,0,0,34
04/18/2020,SYR,NY,AEA,EN,Combined TRACON& Tower with Radar,12,7,4,0,23,0,0,16,0,16,12,7,20,0,39,24,0,24,63
04/19/2020,SYR,NY,AEA,EN,Combined TRACON& Tower with Radar,15,3,7,0,25,0,0,19,0,19,15,3,26,0,44,0,0,0,44
04/20/2020,SYR,NY,AEA,EN,Combined TRACON& Tower with Radar,18,3,12,6,39,0,0,27,0,27,18,3,39,6,66,24,0,24,90
04/21/2020,SYR,NY,AEA,EN,Combined TRACON& Tower with Radar,27,8,2,5,42,0,0,0,1,1,27,8,2,6,43,0,0,0,43
04/22/2020,SYR,NY,AEA,EN,Combined TRACON& Tower with Radar,26,8,3,8,45,0,0,6,0,6,26,8,9,8,51,0,0,0,51
04/23/2020,SYR,NY,AEA,EN,Combined TRACON& Tower with Radar,28,11,4,0,43,0,0,7,48,55,28,11,11,48,98,0,57,57,155
04/24/2020,SYR,NY,AEA,EN,Combined TRACON& Tower with Radar,22,16,10,0,48,0,0,11,0,11,22,16,21,0,59,0,0,0,59
04/25/2020,SYR,NY,AEA,EN,Combined TRACON& Tower with Radar,13,8,8,0,29,0,0,39,2,41,13,8,47,2,70,45,0,45,115
04/26/2020,SYR,NY,AEA,EN,Combined TRACON& Tower with Radar,13,4,3,0,20,0,0,4,0,4,13,4,7,0,24,0,0,0,24
04/27/2020,SYR,NY,AEA,EN,Combined TRACON& Tower with Radar,15,12,2,6,35,0,0,4,0,4,15,12,6,6,39,0,0,0,39
04/28/2020,SYR,NY,AEA,EN,Combined TRACON& Tower with Radar,20,12,9,10,51,0,0,29,35,64,20,12,38,45,115,30,54,84,199
04/29/2020,SYR,NY,AEA,EN,Combined TRACON& Tower with Radar,27,9,6,6,48,0,2,0,29,31,27,11,6,35,79,0,22,22,101
04/30/2020,SYR,NY,AEA,EN,Combined TRACON& Tower with Radar,33,8,5,4,50,0,0,1,34,35,33,8,6,38,85,0,48,48,133
05/01/2020,SYR,NY,AEA,EN,Combined TRACON& Tower with Radar,29,14,9,0,52,0,0,0,0,0,29,14,9,0,52,0,0,0,52
05/02/2020,SYR,NY,AEA,EN,Combined TRACON& Tower with Radar,17,7,6,22,52,0,0,17,5,22,17,7,23,27,74,20,28,48,122
05/03/2020,SYR,NY,AEA,EN,Combined TRACON& Tower with Radar,24,19,3,4,50,0,7,26,57,90,24,26,29,61,140,28,84,112,252
05/04/2020,SYR,NY,AEA,EN,Combined TRACON& Tower with Radar,21,17,7,4,49,0,0,4,2,6,21,17,11,6,55,0,16,16,71
05/05/2020,SYR,NY,AEA,EN,Combined TRACON& Tower with Radar,27,9,6,9,51,0,0,32,1,33,27,9,38,10,84,0,0,0,84
05/06/2020,SYR,NY,AEA,EN,Combined TRACON& Tower with Radar,26,7,16,6,55,0,0,31,0,31,26,7,47,6,86,24,0,24,110
05/07/2020,SYR,NY,AEA,EN,Combined TRACON& Tower with Radar,40,10,2,7,59,0,0,12,8,20,40,10,14,15,79,8,14,22,101
05/08/2020,SYR,NY,AEA,EN,Combined TRACON& Tower with Radar,27,16,9,0,52,0,0,9,0,9,27,16,18,0,61,0,0,0,61
05/09/2020,SYR,NY,AEA,EN,Combined TRACON& Tower with Radar,12,9,1,0,22,0,0,0,0,0,12,9,1,0,22,0,0,0,22
05/10/2020,SYR,NY,AEA,EN,Combined TRACON& Tower with Radar,30,5,3,0,38,0,0,7,0,7,30,5,10,0,45,0,0,0,45
05/11/2020,SYR,NY,AEA,EN,Combined TRACON& Tower with Radar,18,11,7,0,36,0,0,1,0,1,18,11,8,0,37,0,0,0,37
05/12/2020,SYR,NY,AEA,EN,Combined TRACON& Tower with Radar,27,9,8,3,47,0,0,12,0,12,27,9,20,3,59,10,0,10,69
05/13/2020,SYR,NY,AEA,EN,Combined TRACON& Tower with Radar,28,13,16,0,57,0,0,33,0,33,28,13,49,0,90,0,0,0,90
05/14/2020,SYR,NY,AEA,EN,Combined TRACON& Tower with Radar,37,10,6,0,53,0,0,12,2,14,37,10,18,2,67,16,0,16,83
05/15/2020,SYR,NY,AEA,EN,Combined TRACON& Tower with Radar,28,14,11,0,53,0,1,3,0,4,28,15,14,0,57,0,0,0,57
05/16/2020,SYR,NY,AEA,EN,Combined TRACON& Tower with Radar,16,14,18,0,48,0,0,28,0,28,16,14,46,0,76,0,0,0,76
05/17/2020,SYR,NY,AEA,EN,Combined TRACON& Tower with Radar,25,6,12,0,43,0,0,25,0,25,25,6,37,0,68,0,0,0,68
05/18/2020,SYR,NY,AEA,EN,Combined TRACON& Tower with Radar,25,10,6,4,45,0,0,2,7,9,25,10,8,11,54,0,0,0,54
05/19/2020,SYR,NY,AEA,EN,Combined TRACON& Tower with Radar,25,9,10,5,49,0,0,29,51,80,25,9,39,56,129,0,58,58,187
05/20/2020,SYR,NY,AEA,EN,Combined TRACON& Tower with Radar,31,14,14,6,65,0,0,44,37,81,31,14,58,43,146,22,58,80,226
05/21/2020,SYR,NY,AEA,EN,Combined TRACON& Tower with Radar,38,8,8,10,64,0,0,55,48,103,38,8,63,58,167,32,80,112,279
05/22/2020,SYR,NY,AEA,EN,Combined TRACON& Tower with Radar,29,12,4,0,45,0,0,23,2,25,29,12,27,2,70,0,0,0,70
05/23/2020,SYR,NY,AEA,EN,Combined TRACON& Tower with Radar,12,8,16,0,36,0,0,18,0,18,12,8,34,0,54,0,0,0,54
05/24/2020,SYR,NY,AEA,EN,Combined TRACON& Tower with Radar,19,8,5,0,32,0,1,23,0,24,19,9,28,0,56,14,0,14,70
05/25/2020,SYR,NY,AEA,EN,Combined TRACON& Tower with Radar,17,13,9,0,39,0,1,8,0,9,17,14,17,0,48,0,0,0,48
05/26/2020,SYR,NY,AEA,EN,Combined TRACON& Tower with Radar,19,10,10,21,60,0,0,24,57,81,19,10,34,78,141,23,78,101,242
05/27/2020,SYR,NY,AEA,EN,Combined TRACON& Tower with Radar,32,16,11,7,66,0,0,24,30,54,32,16,35,37,120,8,44,52,172
05/28/2020,SYR,NY,AEA,EN,Combined TRACON& Tower with Radar,36,14,4,15,69,0,0,5,1,6,36,14,9,16,75,0,0,0,75
05/29/2020,SYR,NY,AEA,EN,Combined TRACON& Tower with Radar,31,9,5,0,45,0,0,6,0,6,31,9,11,0,51,8,0,8,59
05/30/2020,SYR,NY,AEA,EN,Combined TRACON& Tower with Radar,14,7,6,0,27,0,1,7,0,8,14,8,13,0,35,0,0,0,35
05/31/2020,SYR,NY,AEA,EN,Combined TRACON& Tower with Radar,25,5,9,0,39,0,0,14,0,14,25,5,23,0,53,4,0,4,57
06/01/2020,SYR,NY,AEA,EN,Combined TRACON& Tower with Radar,29,10,9,3,51,0,1,21,34,56,29,11,30,37,107,14,52,66,173
06/02/2020,SYR,NY,AEA,EN,Combined TRACON& Tower with Radar,31,9,20,6,66,0,1,29,36,66,31,10,49,42,132,34,52,86,218
06/03/2020,SYR,NY,AEA,EN,Combined TRACON& Tower with Radar,29,16,14,35,94,0,0,5,27,32,29,16,19,62,126,28,68,96,222
06/04/2020,SYR,NY,AEA,EN,Combined TRACON& Tower with Radar,45,11,15,30,101,0,0,39,2,41,45,11,54,32,142,38,16,54,196
06/05/2020,SYR,NY,AEA,EN,Combined TRACON& Tower with Radar,33,15,7,23,78,0,1,21,13,35,33,16,28,36,113,0,36,36,149
06/06/2020,SYR,NY,AEA,EN,Combined TRACON& Tower with Radar,17,8,6,0,31,0,0,12,2,14,17,8,18,2,45,8,0,8,53
06/07/2020,SYR,NY,AEA,EN,Combined TRACON& Tower with Radar,30,6,26,4,66,0,0,34,42,76,30,6,60,46,142,12,49,61,203
06/08/2020,SYR,NY,AEA,EN,Combined TRACON& Tower with Radar,31,9,12,6,58,0,0,41,0,41,31,9,53,6,99,28,0,28,127
06/09/2020,SYR,NY,AEA,EN,Combined TRACON& Tower with Radar,34,9,4,8,55,0,0,39,10,49,34,9,43,18,104,48,22,70,174
06/10/2020,SYR,NY,AEA,EN,Combined TRACON& Tower with Radar,33,16,10,7,66,0,0,11,28,39,33,16,21,35,105,8,40,48,153
06/11/2020,SYR,NY,AEA,EN,Combined TRACON& Tower with Radar,48,12,7,6,73,0,1,13,10,24,48,13,20,16,97,4,16,20,117
06/12/2020,SYR,NY,AEA,EN,Combined TRACON& Tower with Radar,35,11,13,0,59,0,2,17,0,19,35,13,30,0,78,8,0,8,86
06/13/2020,SYR,NY,AEA,EN,Combined TRACON& Tower with Radar,17,5,7,0,29,0,0,12,2,14,17,5,19,2,43,20,0,20,63
06/14/2020,SYR,NY,AEA,EN,Combined TRACON& Tower with Radar,32,7,6,0,45,0,0,22,0,22,32,7,28,0,67,0,0,0,67
06/15/2020,SYR,NY,AEA,EN,Combined TRACON& Tower with Radar,35,7,12,10,64,0,0,32,18,50,35,7,44,28,114,18,32,50,164
06/16/2020,SYR,NY,AEA,EN,Combined TRACON& Tower with Radar,31,5,14,10,60,0,2,40,4,46,31,7,54,14,106,78,0,78,184
06/17/2020,SYR,NY,AEA,EN,Combined TRACON& Tower with Radar,31,13,15,24,83,0,1,42,2,45,31,14,57,26,128,14,8,22,150
06/18/2020,SYR,NY,AEA,EN,Combined TRACON& Tower with Radar,45,12,6,8,71,0,0,29,31,60,45,12,35,39,131,0,50,50,181
06/19/2020,SYR,NY,AEA,EN,Combined TRACON& Tower with Radar,35,10,18,2,65,0,2,24,0,26,35,12,42,2,91,3,3,6,97
06/20/2020,SYR,NY,AEA,EN,Combined TRACON& Tower with Radar,23,7,9,0,39,0,0,18,0,18,23,7,27,0,57,0,0,0,57
06/21/2020,SYR,NY,AEA,EN,Combined TRACON& Tower with Radar,34,8,9,0,51,0,1,24,2,27,34,9,33,2,78,0,0,0,78
06/22/2020,SYR,NY,AEA,EN,Combined TRACON& Tower with Radar,33,18,10,6,67,0,1,15,0,16,33,19,25,6,83,27,0,27,110
06/23/2020,SYR,NY,AEA,EN,Combined TRACON& Tower with Radar,31,12,6,10,59,0,0,24,0,24,31,12,30,10,83,14,0,14,97
06/24/2020,SYR,NY,AEA,EN,Combined TRACON& Tower with Radar,33,9,17,12,71,0,1,19,30,50,33,10,36,42,121,44,106,150,271
06/25/2020,SYR,NY,AEA,EN,Combined TRACON& Tower with Radar,47,20,12,4,83,0,0,36,0,36,47,20,48,4,119,0,0,0,119
06/26/2020,SYR,NY,AEA,EN,Combined TRACON& Tower with Radar,37,16,10,2,65,0,1,29,0,30,37,17,39,2,95,32,0,32,127
06/27/2020,SYR,NY,AEA,EN,Combined TRACON& Tower with Radar,23,7,13,0,43,0,0,1,0,1,23,7,14,0,44,0,0,0,44
06/28/2020,SYR,NY,AEA,EN,Combined TRACON& Tower with Radar,34,9,5,0,48,0,0,6,0,6,34,9,11,0,54,0,0,0,54
06/29/2020,SYR,NY,AEA,EN,Combined TRACON& Tower with Radar,33,14,14,0,61,0,4,22,0,26,33,18,36,0,87,38,0,38,125
06/30/2020,SYR,NY,AEA,EN,Combined TRACON& Tower with Radar,31,17,5,0,53,0,0,7,2,9,31,17,12,2,62,50,0,50,112
07/01/2020,SYR,NY,AEA,EN,Combined TRACON& Tower with Radar,34,18,23,11,86,0,0,8,1,9,34,18,31,12,95,0,6,6,101
07/02/2020,SYR,NY,AEA,EN,Combined TRACON& Tower with Radar,45,11,14,2,72,0,1,28,0,29,45,12,42,2,101,0,0,0,101
07/03/2020,SYR,NY,AEA,EN,Combined TRACON& Tower with Radar,36,13,17,0,66,0,0,9,0,9,36,13,26,0,75,0,0,0,75
07/04/2020,SYR,NY,AEA,EN,Combined TRACON& Tower with Radar,23,7,16,0,46,0,0,18,0,18,23,7,34,0,64,22,0,22,86
07/05/2020,SYR,NY,AEA,EN,Combined TRACON& Tower with Radar,35,9,14,0,58,0,1,20,0,21,35,10,34,0,79,0,0,0,79
07/06/2020,SYR,NY,AEA,EN,Combined TRACON& Tower with Radar,34,12,6,25,77,0,2,25,7,34,34,14,31,32,111,12,12,24,135
07/07/2020,SYR,NY,AEA,EN,Combined TRACON& Tower with Radar,38,12,13,22,85,0,0,13,15,28,38,12,26,37,113,34,16,50,163
07/08/2020,SYR,NY,AEA,EN,Combined TRACON& Tower with Radar,38,13,17,11,79,0,0,11,29,40,38,13,28,40,119,32,50,82,201
07/09/2020,SYR,NY,AEA,EN,Combined TRACON& Tower with Radar,51,20,9,17,97,0,0,24,25,49,51,20,33,42,146,22,54,76,222
07/10/2020,SYR,NY,AEA,EN,Combined TRACON& Tower with Radar,44,19,11,0,74,0,0,18,0,18,44,19,29,0,92,0,0,0,92
07/11/2020,SYR,NY,AEA,EN,Combined TRACON& Tower with Radar,34,11,26,0,71,0,0,3,0,3,34,11,29,0,74,0,0,0,74
07/12/2020,SYR,NY,AEA,EN,Combined TRACON& Tower with Radar,38,12,20,0,70,0,0,13,0,13,38,12,33,0,83,0,0,0,83
07/13/2020,SYR,NY,AEA,EN,Combined TRACON& Tower with Radar,36,18,12,0,66,0,0,18,0,18,36,18,30,0,84,16,0,16,100
07/14/2020,SYR,NY,AEA,EN,Combined TRACON& Tower with Radar,39,16,15,14,84,0,1,44,8,53,39,17,59,22,137,34,20,54,191
07/15/2020,SYR,NY,AEA,EN,Combined TRACON& Tower with Radar,38,11,29,21,99,0,0,56,15,71,38,11,85,36,170,18,28,46,216
07/16/2020,SYR,NY,AEA,EN,Combined TRACON& Tower with Radar,51,17,4,18,90,0,0,9,3,12,51,17,13,21,102,6,8,14,116
07/17/2020,SYR,NY,AEA,EN,Combined TRACON& Tower with Radar,44,20,10,0,74,0,0,18,0,18,44,20,28,0,92,12,0,12,104
07/18/2020,SYR,NY,AEA,EN,Combined TRACON& Tower with Radar,34,16,17,1,68,0,3,42,0,45,34,19,59,1,113,30,0,30,143
07/19/2020,SYR,NY,AEA,EN,Combined TRACON& Tower with Radar,38,13,12,0,63,0,0,10,0,10,38,13,22,0,73,0,0,0,73
07/20/2020,SYR,NY,AEA,EN,Combined TRACON& Tower with Radar,38,18,8,23,87,0,0,26,2,28,38,18,34,25,115,6,8,14,129
07/21/2020,SYR,NY,AEA,EN,Combined TRACON& Tower with Radar,39,17,21,14,91,0,2,36,6,44,39,19,57,20,135,34,2,36,171
07/22/2020,SYR,NY,AEA,EN,Combined TRACON& Tower with Radar,38,15,14,0,67,0,0,26,18,44,38,15,40,18,111,46,28,74,185
07/23/2020,SYR,NY,AEA,EN,Combined TRACON& Tower with Radar,53,22,15,3,93,0,0,16,0,16,53,22,31,3,109,0,0,0,109
07/24/2020,SYR,NY,AEA,EN,Combined TRACON& Tower with Radar,42,14,17,1,74,0,0,51,3,54,42,14,68,4,128,24,0,24,152
07/25/2020,SYR,NY,AEA,EN,Combined TRACON& Tower with Radar,34,15,6,0,55,0,0,45,0,45,34,15,51,0,100,24,0,24,124
07/26/2020,SYR,NY,AEA,EN,Combined TRACON& Tower with Radar,38,22,14,0,74,0,0,39,0,39,38,22,53,0,113,8,0,8,121
07/27/2020,SYR,NY,AEA,EN,Combined TRACON& Tower with Radar,36,20,9,3,68,0,3,15,7,25,36,23,24,10,93,18,0,18,111
07/28/2020,SYR,NY,AEA,EN,Combined TRACON& Tower with Radar,39,13,14,6,72,0,1,36,2,39,39,14,50,8,111,22,0,22,133
07/29/2020,SYR,NY,AEA,EN,Combined TRACON& Tower with Radar,36,17,23,0,76,0,2,19,0,21,36,19,42,0,97,49,0,49,146
07/30/2020,SYR,NY,AEA,EN,Combined TRACON& Tower with Radar,51,21,21,4,97,0,0,39,25,64,51,21,60,29,161,12,0,12,173
07/31/2020,SYR,NY,AEA,EN,Combined TRACON& Tower with Radar,41,20,8,8,77,0,0,36,8,44,41,20,44,16,121,14,12,26,147
08/01/2020,SYR,NY,AEA,EN,Combined TRACON& Tower with Radar,34,14,12,0,60,0,1,30,0,31,34,15,42,0,91,17,0,17,108
08/02/2020,SYR,NY,AEA,EN,Combined TRACON& Tower with Radar,40,19,12,0,71,0,0,7,0,7,40,19,19,0,78,0,0,0,78
08/03/2020,SYR,NY,AEA,EN,Combined TRACON& Tower with Radar,42,29,8,29,108,0,0,30,2,32,42,29,38,31,140,3,10,13,153
08/04/2020,SYR,NY,AEA,EN,Combined TRACON& Tower with Radar,45,13,6,0,64,0,0,4,0,4,45,13,10,0,68,0,0,0,68
08/05/2020,SYR,NY,AEA,EN,Combined TRACON& Tower with Radar,44,16,10,10,80,0,0,32,31,63,44,16,42,41,143,0,20,20,163
08/06/2020,SYR,NY,AEA,EN,Combined TRACON& Tower with Radar,53,17,12,8,90,0,0,48,9,57,53,17,60,17,147,48,16,64,211
08/07/2020,SYR,NY,AEA,EN,Combined TRACON& Tower with Radar,46,14,15,4,79,0,0,28,0,28,46,14,43,4,107,20,0,20,127
08/08/2020,SYR,NY,AEA,EN,Combined TRACON& Tower with Radar,33,10,15,2,60,0,0,29,11,40,33,10,44,13,100,16,2,18,118
08/09/2020,SYR,NY,AEA,EN,Combined TRACON& Tower with Radar,41,15,13,22,91,0,0,34,3,37,41,15,47,25,128,0,30,30,158
08/10/2020,SYR,NY,AEA,EN,Combined TRACON& Tower with Radar,37,16,12,7,72,0,0,26,5,31,37,16,38,12,103,0,0,0,103
08/11/2020,SYR,NY,AEA,EN,Combined TRACON& Tower with Radar,42,12,14,7,75,0,1,25,1,27,42,13,39,8,102,0,0,0,102
08/12/2020,SYR,NY,AEA,EN,Combined TRACON& Tower with Radar,38,19,14,12,83,0,3,44,5,52,38,22,58,17,135,32,2,34,169
08/13/2020,SYR,NY,AEA,EN,Combined TRACON& Tower with Radar,55,17,14,6,92,0,0,39,1,40,55,17,53,7,132,42,0,42,174
08/14/2020,SYR,NY,AEA,EN,Combined TRACON& Tower with Radar,46,18,17,0,81,0,3,30,0,33,46,21,47,0,114,30,0,30,144
08/15/2020,SYR,NY,AEA,EN,Combined TRACON& Tower with Radar,31,11,12,0,54,0,0,27,0,27,31,11,39,0,81,0,0,0,81
08/16/2020,SYR,NY,AEA,EN,Combined TRACON& Tower with Radar,41,13,12,0,66,0,1,20,0,21,41,14,32,0,87,0,0,0,87
08/17/2020,SYR,NY,AEA,EN,Combined TRACON& Tower with Radar,43,13,17,10,83,0,0,12,0,12,43,13,29,10,95,18,0,18,113
08/18/2020,SYR,NY,AEA,EN,Combined TRACON& Tower with Radar,39,16,20,10,85,0,2,26,0,28,39,18,46,10,113,18,2,20,133
08/19/2020,SYR,NY,AEA,EN,Combined TRACON& Tower with Radar,40,14,17,10,81,0,0,56,9,65,40,14,73,19,146,16,10,26,172
08/20/2020,SYR,NY,AEA,EN,Combined TRACON& Tower with Radar,53,19,9,6,87,0,0,35,5,40,53,19,44,11,127,0,0,0,127
08/21/2020,SYR,NY,AEA,EN,Combined TRACON& Tower with Radar,42,23,14,0,79,0,1,31,4,36,42,24,45,4,115,0,0,0,115
08/22/2020,SYR,NY,AEA,EN,Combined TRACON& Tower with Radar,30,13,7,0,50,0,1,17,0,18,30,14,24,0,68,0,0,0,68
08/23/2020,SYR,NY,AEA,EN,Combined TRACON& Tower with Radar,35,14,13,0,62,0,0,26,2,28,35,14,39,2,90,10,0,10,100
08/24/2020,SYR,NY,AEA,EN,Combined TRACON& Tower with Radar,39,18,15,6,78,0,0,14,6,20,39,18,29,12,98,10,10,20,118
08/25/2020,SYR,NY,AEA,EN,Combined TRACON& Tower with Radar,37,12,10,8,67,0,0,17,0,17,37,12,27,8,84,28,0,28,112
08/26/2020,SYR,NY,AEA,EN,Combined TRACON& Tower with Radar,37,18,18,8,81,0,1,30,1,32,37,19,48,9,113,30,0,30,143
08/27/2020,SYR,NY,AEA,EN,Combined TRACON& Tower with Radar,52,18,12,0,82,0,0,1,0,1,52,18,13,0,83,6,12,18,101
08/28/2020,SYR,NY,AEA,EN,Combined TRACON& Tower with Radar,41,21,10,2,74,0,0,22,0,22,41,21,32,2,96,16,0,16,112
08/29/2020,SYR,NY,AEA,EN,Combined TRACON& Tower with Radar,27,14,11,0,52,0,0,1,0,1,27,14,12,0,53,0,0,0,53
08/30/2020,SYR,NY,AEA,EN,Combined TRACON& Tower with Radar,37,19,14,2,72,0,0,18,0,18,37,19,32,2,90,0,0,0,90
08/31/2020,SYR,NY,AEA,EN,Combined TRACON& Tower with Radar,40,21,18,17,96,0,0,51,15,66,40,21,69,32,162,14,32,46,208
09/01/2020,SYR,NY,AEA,EN,Combined TRACON& Tower with Radar,44,17,19,6,86,0,2,22,2,26,44,19,41,8,112,12,2,14,126
09/02/2020,SYR,NY,AEA,EN,Combined TRACON& Tower with Radar,42,12,12,0,66,0,0,8,0,8,42,12,20,0,74,4,0,4,78
09/03/2020,SYR,NY,AEA,EN,Combined TRACON& Tower with Radar,52,15,16,5,88,0,0,44,7,51,52,15,60,12,139,18,12,30,169
09/04/2020,SYR,NY,AEA,EN,Combined TRACON& Tower with Radar,45,20,5,0,70,0,1,41,0,42,45,21,46,0,112,2,0,2,114
09/05/2020,SYR,NY,AEA,EN,Combined TRACON& Tower with Radar,24,13,6,0,43,0,0,27,0,27,24,13,33,0,70,31,0,31,101
09/06/2020,SYR,NY,AEA,EN,Combined TRACON& Tower with Radar,24,14,7,0,45,0,0,43,0,43,24,14,50,0,88,30,0,30,118
09/07/2020,SYR,NY,AEA,EN,Combined TRACON& Tower with Radar,33,12,8,0,53,0,1,8,0,9,33,13,16,0,62,6,0,6,68
09/08/2020,SYR,NY,AEA,EN,Combined TRACON& Tower with Radar,29,15,19,14,77,0,0,34,7,41,29,15,53,21,118,28,8,36,154
09/09/2020,SYR,NY,AEA,EN,Combined TRACON& Tower with Radar,46,22,15,6,89,0,2,30,4,36,46,24,45,10,125,8,0,8,133
09/10/2020,SYR,NY,AEA,EN,Combined TRACON& Tower with Radar,50,16,25,8,99,0,0,14,2,16,50,16,39,10,115,10,0,10,125
09/11/2020,SYR,NY,AEA,EN,Combined TRACON& Tower with Radar,45,15,19,0,79,0,2,15,0,17,45,17,34,0,96,0,0,0,96
09/12/2020,SYR,NY,AEA,EN,Combined TRACON& Tower with Radar,28,20,13,3,64,0,1,47,39,87,28,21,60,42,151,25,66,91,242
09/13/2020,SYR,NY,AEA,EN,Combined TRACON& Tower with Radar,31,16,10,0,57,0,0,8,1,9,31,16,18,1,66,22,0,22,88
09/14/2020,SYR,NY,AEA,EN,Combined TRACON& Tower with Radar,41,21,11,8,81,0,0,24,5,29,41,21,35,13,110,0,12,12,122
09/15/2020,SYR,NY,AEA,EN,Combined TRACON& Tower with Radar,40,23,20,8,91,0,1,32,2,35,40,24,52,10,126,44,0,44,170
09/16/2020,SYR,NY,AEA,EN,Combined TRACON& Tower with Radar,44,18,13,10,85,0,2,42,0,44,44,20,55,10,129,88,14,102,231
09/17/2020,SYR,NY,AEA,EN,Combined TRACON& Tower with Radar,50,18,15,6,89,0,1,22,9,32,50,19,37,15,121,10,10,20,141
09/18/2020,SYR,NY,AEA,EN,Combined TRACON& Tower with Radar,45,22,17,1,85,0,0,25,3,28,45,22,42,4,113,24,0,24,137
09/19/2020,SYR,NY,AEA,EN,Combined TRACON& Tower with Radar,27,18,5,3,53,0,0,35,3,38,27,18,40,6,91,19,0,19,110
09/20/2020,SYR,NY,AEA,EN,Combined TRACON& Tower with Radar,31,17,11,1,60,0,1,46,5,52,31,18,57,6,112,22,10,32,144
09/21/2020,SYR,NY,AEA,EN,Combined TRACON& Tower with Radar,41,14,12,26,93,0,0,46,11,57,41,14,58,37,150,14,38,52,202
09/22/2020,SYR,NY,AEA,EN,Combined TRACON& Tower with Radar,40,12,17,12,81,0,0,38,10,48,40,12,55,22,129,0,32,32,161
09/23/2020,SYR,NY,AEA,EN,Combined TRACON& Tower with Radar,46,14,20,4,84,0,0,27,0,27,46,14,47,4,111,28,0,28,139
09/24/2020,SYR,NY,AEA,EN,Combined TRACON& Tower with Radar,48,18,16,22,104,0,0,35,26,61,48,18,51,48,165,10,60,70,235
09/25/2020,SYR,NY,AEA,EN,Combined TRACON& Tower with Radar,44,18,13,16,91,0,0,42,2,44,44,18,55,18,135,16,10,26,161
09/26/2020,SYR,NY,AEA,EN,Combined TRACON& Tower with Radar,28,13,11,14,66,0,0,29,18,47,28,13,40,32,113,28,14,42,155
09/27/2020,SYR,NY,AEA,EN,Combined TRACON& Tower with Radar,31,13,16,0,60,0,0,23,0,23,31,13,39,0,83,30,0,30,113
09/28/2020,SYR,NY,AEA,EN,Combined TRACON& Tower with Radar,41,14,10,14,79,0,0,33,12,45,41,14,43,26,124,10,26,36,160
09/29/2020,SYR,NY,AEA,EN,Combined TRACON& Tower with Radar,40,21,18,0,79,0,0,5,0,5,40,21,23,0,84,0,0,0,84
09/30/2020,SYR,NY,AEA,EN,Combined TRACON& Tower with Radar,45,19,14,6,84,0,0,14,2,16,45,19,28,8,100,4,0,4,104
10/01/2020,SYR,NY,AEA,EN,Combined TRACON& Tower with Radar,49,20,17,4,90,0,0,21,5,26,49,20,38,9,116,0,0,0,116
10/02/2020,SYR,NY,AEA,EN,Combined TRACON& Tower with Radar,50,30,15,0,95,0,0,27,3,30,50,30,42,3,125,8,0,8,133
10/03/2020,SYR,NY,AEA,EN,Combined TRACON& Tower with Radar,31,16,6,0,53,0,1,21,0,22,31,17,27,0,75,68,0,68,143
10/04/2020,SYR,NY,AEA,EN,Combined TRACON& Tower with Radar,40,19,10,0,69,0,0,35,0,35,40,19,45,0,104,0,0,0,104
10/05/2020,SYR,NY,AEA,EN,Combined TRACON& Tower with Radar,46,20,12,4,82,0,1,10,2,13,46,21,22,6,95,0,0,0,95
10/06/2020,SYR,NY,AEA,EN,Combined TRACON& Tower with Radar,44,13,12,17,86,0,0,22,9,31,44,13,34,26,117,0,0,0,117
10/07/2020,SYR,NY,AEA,EN,Combined TRACON& Tower with Radar,48,13,11,11,83,0,0,6,5,11,48,13,17,16,94,2,5,7,101
10/08/2020,SYR,NY,AEA,EN,Combined TRACON& Tower with Radar,56,16,12,10,94,0,0,21,4,25,56,16,33,14,119,0,0,0,119
10/09/2020,SYR,NY,AEA,EN,Combined TRACON& Tower with Radar,53,15,21,0,89,0,3,44,0,47,53,18,65,0,136,12,0,12,148
10/10/2020,SYR,NY,AEA,EN,Combined TRACON& Tower with Radar,36,9,7,0,52,0,0,5,0,5,36,9,12,0,57,0,0,0,57
10/11/2020,SYR,NY,AEA,EN,Combined TRACON& Tower with Radar,43,10,19,0,72,0,0,34,0,34,43,10,53,0,106,34,0,34,140
10/12/2020,SYR,NY,AEA,EN,Combined TRACON& Tower with Radar,47,15,12,0,74,0,0,18,0,18,47,15,30,0,92,12,0,12,104
10/13/2020,SYR,NY,AEA,EN,Combined TRACON& Tower with Radar,46,14,27,6,93,0,0,9,0,9,46,14,36,6,102,18,0,18,120
10/14/2020,SYR,NY,AEA,EN,Combined TRACON& Tower with Radar,52,15,19,26,112,0,0,48,6,54,52,15,67,32,166,0,0,0,166
10/15/2020,SYR,NY,AEA,EN,Combined TRACON& Tower with Radar,62,22,6,8,98,0,3,19,0,22,62,25,25,8,120,0,0,0,120
10/16/2020,SYR,NY,AEA,EN,Combined TRACON& Tower with Radar,52,15,25,8,100,0,0,16,3,19,52,15,41,11,119,36,0,36,155
10/17/2020,SYR,NY,AEA,EN,Combined TRACON& Tower with Radar,36,14,9,0,59,0,0,49,4,53,36,14,58,4,112,34,0,34,146
10/18/2020,SYR,NY,AEA,EN,Combined TRACON& Tower with Radar,44,15,8,6,73,0,0,18,60,78,44,15,26,66,151,18,89,107,258
10/19/2020,SYR,NY,AEA,EN,Combined TRACON& Tower with Radar,46,17,5,0,68,0,0,2,0,2,46,17,7,0,70,0,0,0,70
10/20/2020,SYR,NY,AEA,EN,Combined TRACON& Tower with Radar,42,15,35,24,116,0,0,8,0,8,42,15,43,24,124,0,0,0,124
10/21/2020,SYR,NY,AEA,EN,Combined TRACON& Tower with Radar,47,12,9,2,70,0,1,11,0,12,47,13,20,2,82,0,0,0,82
10/22/2020,SYR,NY,AEA,EN,Combined TRACON& Tower with Radar,55,22,31,12,120,0,0,11,6,17,55,22,42,18,137,16,0,16,153
10/23/2020,SYR,NY,AEA,EN,Combined TRACON& Tower with Radar,52,21,16,0,89,0,0,30,2,32,52,21,46,2,121,0,0,0,121
10/24/2020,SYR,NY,AEA,EN,Combined TRACON& Tower with Radar,36,10,19,0,65,0,0,11,0,11,36,10,30,0,76,0,0,0,76
10/25/2020,SYR,NY,AEA,EN,Combined TRACON& Tower with Radar,42,10,13,2,67,0,0,33,2,35,42,10,46,4,102,25,0,25,127
10/26/2020,SYR,NY,AEA,EN,Combined TRACON& Tower with Radar,46,16,8,0,70,0,0,0,0,0,46,16,8,0,70,0,0,0,70
10/27/2020,SYR,NY,AEA,EN,Combined TRACON& Tower with Radar,42,16,17,8,83,0,1,5,0,6,42,17,22,8,89,18,0,18,107
10/28/2020,SYR,NY,AEA,EN,Combined TRACON& Tower with Radar,48,17,21,12,98,0,0,11,8,19,48,17,32,20,117,50,0,50,167
10/29/2020,SYR,NY,AEA,EN,Combined TRACON& Tower with Radar,56,12,20,7,95,0,0,14,7,21,56,12,34,14,116,10,20,30,146
10/30/2020,SYR,NY,AEA,EN,Combined TRACON& Tower with Radar,50,24,13,2,89,0,0,21,2,23,50,24,34,4,112,0,0,0,112
10/31/2020,SYR,NY,AEA,EN,Combined TRACON& Tower with Radar,29,10,17,0,56,16,1,34,0,51,45,11,51,0,107,0,0,0,107
11/01/2020,SYR,NY,AEA,EN,Combined TRACON& Tower with Radar,40,10,2,0,52,0,0,7,0,7,40,10,9,0,59,0,0,0,59
11/02/2020,SYR,NY,AEA,EN,Combined TRACON& Tower with Radar,47,14,13,0,74,0,0,0,43,43,47,14,13,43,117,0,0,0,117
11/03/2020,SYR,NY,AEA,EN,Combined TRACON& Tower with Radar,38,13,9,7,67,0,0,33,2,35,38,13,42,9,102,30,0,30,132
11/04/2020,SYR,NY,AEA,EN,Combined TRACON& Tower with Radar,43,18,10,10,81,0,0,35,2,37,43,18,45,12,118,8,0,8,126
11/05/2020,SYR,NY,AEA,EN,Combined TRACON& Tower with Radar,53,14,14,8,89,0,1,29,3,33,53,15,43,11,122,14,0,14,136
11/06/2020,SYR,NY,AEA,EN,Combined TRACON& Tower with Radar,49,19,24,0,92,0,0,37,3,40,49,19,61,3,132,10,0,10,142
11/07/2020,SYR,NY,AEA,EN,Combined TRACON& Tower with Radar,34,12,13,10,69,0,0,41,3,44,34,12,54,13,113,20,2,22,135
11/08/2020,SYR,NY,AEA,EN,Combined TRACON& Tower with Radar,40,13,7,10,70,0,4,45,0,49,40,17,52,10,119,19,2,21,140
11/09/2020,SYR,NY,AEA,EN,Combined TRACON& Tower with Radar,43,17,12,16,88,0,0,44,20,64,43,17,56,36,152,26,30,56,208
11/10/2020,SYR,NY,AEA,EN,Combined TRACON& Tower with Radar,38,13,25,9,85,0,0,39,1,40,38,13,64,10,125,30,0,30,155
11/11/2020,SYR,NY,AEA,EN,Combined TRACON& Tower with Radar,40,13,7,0,60,0,0,4,0,4,40,13,11,0,64,0,0,0,64
11/12/2020,SYR,NY,AEA,EN,Combined TRACON& Tower with Radar,51,19,13,16,99,0,0,31,8,39,51,19,44,24,138,3,0,3,141
11/13/2020,SYR,NY,AEA,EN,Combined TRACON& Tower with Radar,49,14,12,12,87,0,0,24,0,24,49,14,36,12,111,0,0,0,111
11/14/2020,SYR,NY,AEA,EN,Combined TRACON& Tower with Radar,30,12,19,0,61,0,2,27,4,33,30,14,46,4,94,33,0,33,127
11/15/2020,SYR,NY,AEA,EN,Combined TRACON& Tower with Radar,43,15,5,0,63,0,0,1,0,1,43,15,6,0,64,0,0,0,64
11/16/2020,SYR,NY,AEA,EN,Combined TRACON& Tower with Radar,45,15,13,11,84,0,0,16,1,17,45,15,29,12,101,0,0,0,101
11/17/2020,SYR,NY,AEA,EN,Combined TRACON& Tower with Radar,38,15,15,8,76,0,0,1,0,1,38,15,16,8,77,0,0,0,77
11/18/2020,SYR,NY,AEA,EN,Combined TRACON& Tower with Radar,39,22,10,12,83,0,0,10,2,12,39,22,20,14,95,10,0,10,105
11/19/2020,SYR,NY,AEA,EN,Combined TRACON& Tower with Radar,59,16,7,9,91,0,0,17,3,20,59,16,24,12,111,0,0,0,111
11/20/2020,SYR,NY,AEA,EN,Combined TRACON& Tower with Radar,47,23,25,2,97,0,0,32,2,34,47,23,57,4,131,28,0,28,159
11/21/2020,SYR,NY,AEA,EN,Combined TRACON& Tower with Radar,43,13,19,0,75,0,0,25,0,25,43,13,44,0,100,14,0,14,114
11/22/2020,SYR,NY,AEA,EN,Combined TRACON& Tower with Radar,50,14,8,1,73,0,0,6,1,7,50,14,14,2,80,0,0,0,80
11/23/2020,SYR,NY,AEA,EN,Combined TRACON& Tower with Radar,39,11,4,6,60,0,0,0,0,0,39,11,4,6,60,0,0,0,60
11/24/2020,SYR,NY,AEA,EN,Combined TRACON& Tower with Radar,61,17,8,12,98,0,0,15,0,15,61,17,23,12,113,8,2,10,123
11/25/2020,SYR,NY,AEA,EN,Combined TRACON& Tower with Radar,51,17,12,9,89,0,0,23,3,26,51,17,35,12,115,14,8,22,137
11/26/2020,SYR,NY,AEA,EN,Combined TRACON& Tower with Radar,17,6,7,0,30,0,0,1,0,1,17,6,8,0,31,0,0,0,31
11/27/2020,SYR,NY,AEA,EN,Combined TRACON& Tower with Radar,43,22,9,0,74,0,0,12,0,12,43,22,21,0,86,18,0,18,104
11/28/2020,SYR,NY,AEA,EN,Combined TRACON& Tower with Radar,46,15,6,0,67,0,0,19,0,19,46,15,25,0,86,0,0,0,86
11/29/2020,SYR,NY,AEA,EN,Combined TRACON& Tower with Radar,47,19,13,0,79,0,2,43,0,45,47,21,56,0,124,7,0,7,131
11/30/2020,SYR,NY,AEA,EN,Combined TRACON& Tower with Radar,57,26,10,4,97,0,0,1,0,1,57,26,11,4,98,0,0,0,98
12/01/2020,SYR,NY,AEA,EN,Combined TRACON& Tower with Radar,46,13,8,2,69,0,0,3,0,3,46,13,11,2,72,14,0,14,86
12/02/2020,SYR,NY,AEA,EN,Combined TRACON& Tower with Radar,43,13,5,6,67,0,0,2,1,3,43,13,7,7,70,0,0,0,70
12/03/2020,SYR,NY,AEA,EN,Combined TRACON& Tower with Radar,51,20,6,14,91,0,0,49,4,53,51,20,55,18,144,12,2,14,158
12/04/2020,SYR,NY,AEA,EN,Combined TRACON& Tower with Radar,39,20,10,2,71,0,0,17,0,17,39,20,27,2,88,0,0,0,88
12/05/2020,SYR,NY,AEA,EN,Combined TRACON& Tower with Radar,33,14,2,4,53,0,0,9,0,9,33,14,11,4,62,0,0,0,62
12/06/2020,SYR,NY,AEA,EN,Combined TRACON& Tower with Radar,39,15,8,2,64,0,0,2,0,2,39,15,10,2,66,0,0,0,66
12/07/2020,SYR,NY,AEA,EN,Combined TRACON& Tower with Radar,36,15,11,6,68,0,0,15,0,15,36,15,26,6,83,10,0,10,93
12/08/2020,SYR,NY,AEA,EN,Combined TRACON& Tower with Radar,39,13,14,8,74,0,0,30,8,38,39,13,44,16,112,8,0,8,120
12/09/2020,SYR,NY,AEA,EN,Combined TRACON& Tower with Radar,39,20,12,0,71,0,0,0,0,0,39,20,12,0,71,0,0,0,71
12/10/2020,SYR,NY,AEA,EN,Combined TRACON& Tower with Radar,49,20,9,20,98,0,2,16,0,18,49,22,25,20,116,0,0,0,116
12/11/2020,SYR,NY,AEA,EN,Combined TRACON& Tower with Radar,39,20,16,4,79,0,2,28,0,30,39,22,44,4,109,0,0,0,109
12/12/2020,SYR,NY,AEA,EN,Combined TRACON& Tower with Radar,32,14,8,0,54,0,0,21,0,21,32,14,29,0,75,19,0,19,94
12/13/2020,SYR,NY,AEA,EN,Combined TRACON& Tower with Radar,34,22,15,0,71,0,0,5,0,5,34,22,20,0,76,0,0,0,76
12/14/2020,SYR,NY,AEA,EN,Combined TRACON& Tower with Radar,38,27,4,15,84,0,0,2,5,7,38,27,6,20,91,12,24,36,127
12/15/2020,SYR,NY,AEA,EN,Combined TRACON& Tower with Radar,41,14,11,10,76,0,1,12,6,19,41,15,23,16,95,8,0,8,103
12/16/2020,SYR,NY,AEA,EN,Combined TRACON& Tower with Radar,38,15,7,8,68,0,0,16,16,32,38,15,23,24,100,12,16,28,128
12/17/2020,SYR,NY,AEA,EN,Combined TRACON& Tower with Radar,50,19,12,6,87,0,0,14,12,26,50,19,26,18,113,15,12,27,140
12/18/2020,SYR,NY,AEA,EN,Combined TRACON& Tower with Radar,53,22,27,2,104,0,1,23,4,28,53,23,50,6,132,0,0,0,132
12/19/2020,SYR,NY,AEA,EN,Combined TRACON& Tower with Radar,54,19,13,0,86,0,1,28,0,29,54,20,41,0,115,5,0,5,120
12/20/2020,SYR,NY,AEA,EN,Combined TRACON& Tower with Radar,48,13,8,0,69,0,0,3,0,3,48,13,11,0,72,0,0,0,72
12/21/2020,SYR,NY,AEA,EN,Combined TRACON& Tower with Radar,53,18,14,10,95,0,0,21,4,25,53,18,35,14,120,20,0,20,140
12/22/2020,SYR,NY,AEA,EN,Combined TRACON& Tower with Radar,61,17,4,8,90,0,0,4,20,24,61,17,8,28,114,0,32,32,146
12/23/2020,SYR,NY,AEA,EN,Combined TRACON& Tower with Radar,66,16,12,0,94,0,0,56,0,56,66,16,68,0,150,0,0,0,150
12/24/2020,SYR,NY,AEA,EN,Combined TRACON& Tower with Radar,46,20,1,0,67,0,0,0,0,0,46,20,1,0,67,0,0,0,67
12/25/2020,SYR,NY,AEA,EN,Combined TRACON& Tower with Radar,21,6,0,0,27,0,0,0,0,0,21,6,0,0,27,0,0,0,27
12/26/2020,SYR,NY,AEA,EN,Combined TRACON& Tower with Radar,42,23,11,0,76,0,0,9,0,9,42,23,20,0,85,0,0,0,85
12/27/2020,SYR,NY,AEA,EN,Combined TRACON& Tower with Radar,44,19,23,0,86,0,0,23,0,23,44,19,46,0,109,0,0,0,109
12/28/2020,SYR,NY,AEA,EN,Combined TRACON& Tower with Radar,48,20,5,4,77,0,0,5,0,5,48,20,10,4,82,0,0,0,82
12/29/2020,SYR,NY,AEA,EN,Combined TRACON& Tower with Radar,57,14,13,11,95,0,0,8,1,9,57,14,21,12,104,12,12,24,128
12/30/2020,SYR,NY,AEA,EN,Combined TRACON& Tower with Radar,57,20,8,0,85,0,0,8,17,25,57,20,16,17,110,0,24,24,134
12/31/2020,SYR,NY,AEA,EN,Combined TRACON& Tower with Radar,47,19,14,0,80,0,0,18,2,20,47,19,32,2,100,5,0,5,105
01/01/2021,SYR,NY,AEA,EN,Combined TRACON& Tower with Radar,28,11,6,0,45,0,0,20,0,20,28,11,26,0,65,15,0,15,80
01/02/2021,SYR,NY,AEA,EN,Combined TRACON& Tower with Radar,41,20,5,0,66,0,0,4,0,4,41,20,9,0,70,0,0,0,70
01/03/2021,SYR,NY,AEA,EN,Combined TRACON& Tower with Radar,46,16,6,0,68,0,0,6,0,6,46,16,12,0,74,0,0,0,74
01/04/2021,SYR,NY,AEA,EN,Combined TRACON& Tower with Radar,43,16,12,0,71,0,0,1,0,1,43,16,13,0,72,0,0,0,72
01/05/2021,SYR,NY,AEA,EN,Combined TRACON& Tower with Radar,42,11,6,1,60,0,0,0,0,0,42,11,6,1,60,0,0,0,60
01/06/2021,SYR,NY,AEA,EN,Combined TRACON& Tower with Radar,39,19,6,10,74,0,0,0,0,0,39,19,6,10,74,12,0,12,86
01/07/2021,SYR,NY,AEA,EN,Combined TRACON& Tower with Radar,51,28,16,6,101,0,0,6,0,6,51,28,22,6,107,38,0,38,145
01/08/2021,SYR,NY,AEA,EN,Combined TRACON& Tower with Radar,41,23,6,0,70,0,0,7,0,7,41,23,13,0,77,4,0,4,81
01/09/2021,SYR,NY,AEA,EN,Combined TRACON& Tower with Radar,23,18,11,9,61,0,0,29,15,44,23,18,40,24,105,29,34,63,168
01/10/2021,SYR,NY,AEA,EN,Combined TRACON& Tower with Radar,37,23,13,4,77,0,0,20,0,20,37,23,33,4,97,28,0,28,125
01/11/2021,SYR,NY,AEA,EN,Combined TRACON& Tower with Radar,35,21,11,2,69,0,0,13,0,13,35,21,24,2,82,13,0,13,95
01/12/2021,SYR,NY,AEA,EN,Combined TRACON& Tower with Radar,34,17,11,4,66,0,0,2,2,4,34,17,13,6,70,0,0,0,70
01/13/2021,SYR,NY,AEA,EN,Combined TRACON& Tower with Radar,38,9,17,10,74,0,0,17,3,20,38,9,34,13,94,14,18,32,126
01/14/2021,SYR,NY,AEA,EN,Combined TRACON& Tower with Radar,51,22,10,12,95,0,0,37,0,37,51,22,47,12,132,26,0,26,158
01/15/2021,SYR,NY,AEA,EN,Combined TRACON& Tower with Radar,40,24,10,0,74,0,0,20,0,20,40,24,30,0,94,4,0,4,98
01/16/2021,SYR,NY,AEA,EN,Combined TRACON& Tower with Radar,25,12,2,0,39,0,0,2,0,2,25,12,4,0,41,0,0,0,41
01/17/2021,SYR,NY,AEA,EN,Combined TRACON& Tower with Radar,34,14,4,0,52,0,0,0,0,0,34,14,4,0,52,0,0,0,52
01/18/2021,SYR,NY,AEA,EN,Combined TRACON& Tower with Radar,37,17,7,0,61,0,0,3,0,3,37,17,10,0,64,4,0,4,68
01/19/2021,SYR,NY,AEA,EN,Combined TRACON& Tower with Radar,37,14,19,8,78,0,0,1,1,2,37,14,20,9,80,0,4,4,84
01/20/2021,SYR,NY,AEA,EN,Combined TRACON& Tower with Radar,39,15,5,6,65,0,0,2,1,3,39,15,7,7,68,0,0,0,68
01/21/2021,SYR,NY,AEA,EN,Combined TRACON& Tower with Radar,53,17,21,3,94,0,0,16,3,19,53,17,37,6,113,6,6,12,125
01/22/2021,SYR,NY,AEA,EN,Combined TRACON& Tower with Radar,40,21,7,0,68,0,0,2,0,2,40,21,9,0,70,0,0,0,70
01/23/2021,SYR,NY,AEA,EN,Combined TRACON& Tower with Radar,24,13,10,0,47,0,0,2,0,2,24,13,12,0,49,0,0,0,49
01/24/2021,SYR,NY,AEA,EN,Combined TRACON& Tower with Radar,39,21,16,2,78,0,0,27,0,27,39,21,43,2,105,32,0,32,137
01/25/2021,SYR,NY,AEA,EN,Combined TRACON& Tower with Radar,32,23,12,18,85,0,0,44,7,51,32,23,56,25,136,14,12,26,162
01/26/2021,SYR,NY,AEA,EN,Combined TRACON& Tower with Radar,37,13,7,0,57,0,0,0,5,5,37,13,7,5,62,0,8,8,70
01/27/2021,SYR,NY,AEA,EN,Combined TRACON& Tower with Radar,36,27,8,7,78,0,0,7,1,8,36,27,15,8,86,14,0,14,100
01/28/2021,SYR,NY,AEA,EN,Combined TRACON& Tower with Radar,47,27,14,15,103,0,0,5,3,8,47,27,19,18,111,0,0,0,111
01/29/2021,SYR,NY,AEA,EN,Combined TRACON& Tower with Radar,42,24,2,1,69,0,0,4,1,5,42,24,6,2,74,0,0,0,74
01/30/2021,SYR,NY,AEA,EN,Combined TRACON& Tower with Radar,25,20,16,0,61,0,1,6,0,7,25,21,22,0,68,0,0,0,68
01/31/2021,SYR,NY,AEA,EN,Combined TRACON& Tower with Radar,39,21,18,0,78,0,0,27,10,37,39,21,45,10,115,50,0,50,165
02/01/2021,SYR,NY,AEA,EN,Combined TRACON& Tower with Radar,35,16,3,10,64,0,0,8,5,13,35,16,11,15,77,0,14,14,91
02/02/2021,SYR,NY,AEA,EN,Combined TRACON& Tower with Radar,37,13,3,0,53,0,0,0,0,0,37,13,3,0,53,0,0,0,53
02/03/2021,SYR,NY,AEA,EN,Combined TRACON& Tower with Radar,41,12,8,6,67,0,0,4,0,4,41,12,12,6,71,0,0,0,71
02/04/2021,SYR,NY,AEA,EN,Combined TRACON& Tower with Radar,55,18,25,6,104,0,0,62,4,66,55,18,87,10,170,38,0,38,208
02/05/2021,SYR,NY,AEA,EN,Combined TRACON& Tower with Radar,42,27,3,0,72,0,0,1,0,1,42,27,4,0,73,0,0,0,73
02/06/2021,SYR,NY,AEA,EN,Combined TRACON& Tower with Radar,28,21,7,6,62,0,0,8,43,51,28,21,15,49,113,0,66,66,179
02/07/2021,SYR,NY,AEA,EN,Combined TRACON& Tower with Radar,45,26,4,4,79,0,0,2,68,70,45,26,6,72,149,0,0,0,149
02/08/2021,SYR,NY,AEA,EN,Combined TRACON& Tower with Radar,35,28,31,27,121,0,0,46,3,49,35,28,77,30,170,16,20,36,206
02/09/2021,SYR,NY,AEA,EN,Combined TRACON& Tower with Radar,34,14,6,6,60,0,0,0,0,0,34,14,6,6,60,0,0,0,60
02/10/2021,SYR,NY,AEA,EN,Combined TRACON& Tower with Radar,43,19,13,17,92,0,0,7,154,161,43,19,20,171,253,0,41,41,294
02/11/2021,SYR,NY,AEA,EN,Combined TRACON& Tower with Radar,53,21,16,0,90,0,0,7,0,7,53,21,23,0,97,10,0,10,107
02/12/2021,SYR,NY,AEA,EN,Combined TRACON& Tower with Radar,55,29,16,0,100,0,0,30,0,30,55,29,46,0,130,8,0,8,138
02/13/2021,SYR,NY,AEA,EN,Combined TRACON& Tower with Radar,43,25,8,0,76,0,0,25,0,25,43,25,33,0,101,8,0,8,109
02/14/2021,SYR,NY,AEA,EN,Combined TRACON& Tower with Radar,38,19,7,0,64,0,0,2,0,2,38,19,9,0,66,0,0,0,66
02/15/2021,SYR,NY,AEA,EN,Combined TRACON& Tower with Radar,34,26,5,0,65,0,0,1,0,1,34,26,6,0,66,0,0,0,66
02/16/2021,SYR,NY,AEA,EN,Combined TRACON& Tower with Radar,44,20,2,0,66,0,0,0,0,0,44,20,2,0,66,0,0,0,66
02/17/2021,SYR,NY,AEA,EN,Combined TRACON& Tower with Radar,44,25,21,12,102,0,21,38,64,123,44,46,59,76,225,0,124,124,349
02/18/2021,SYR,NY,AEA,EN,Combined TRACON& Tower with Radar,50,14,10,8,82,0,0,10,43,53,50,14,20,51,135,0,64,64,199
02/19/2021,SYR,NY,AEA,EN,Combined TRACON& Tower with Radar,45,21,1,14,81,0,0,3,0,3,45,21,4,14,84,12,0,12,96
02/20/2021,SYR,NY,AEA,EN,Combined TRACON& Tower with Radar,42,19,7,0,68,0,0,0,0,0,42,19,7,0,68,0,0,0,68
02/21/2021,SYR,NY,AEA,EN,Combined TRACON& Tower with Radar,45,21,18,0,84,0,1,24,0,25,45,22,42,0,109,0,0,0,109
02/22/2021,SYR,NY,AEA,EN,Combined TRACON& Tower with Radar,40,25,3,0,68,0,0,0,0,0,40,25,3,0,68,0,0,0,68
02/23/2021,SYR,NY,AEA,EN,Combined TRACON& Tower with Radar,44,19,12,6,81,0,0,2,20,22,44,19,14,26,103,0,22,22,125
02/24/2021,SYR,NY,AEA,EN,Combined TRACON& Tower with Radar,41,16,17,12,86,0,0,9,2,11,41,16,26,14,97,0,3,3,100
02/25/2021,SYR,NY,AEA,EN,Combined TRACON& Tower with Radar,52,23,13,25,113,0,0,15,57,72,52,23,28,82,185,14,86,100,285
02/26/2021,SYR,NY,AEA,EN,Combined TRACON& Tower with Radar,44,22,15,0,81,0,1,33,2,36,44,23,48,2,117,20,0,20,137
02/27/2021,SYR,NY,AEA,EN,Combined TRACON& Tower with Radar,35,19,8,0,62,0,0,4,0,4,35,19,12,0,66,0,0,0,66
02/28/2021,SYR,NY,AEA,EN,Combined TRACON& Tower with Radar,39,19,9,2,69,0,0,10,0,10,39,19,19,2,79,0,0,0,79
03/01/2021,SYR,NY,AEA,EN,Combined TRACON& Tower with Radar,44,34,9,6,93,0,0,2,44,46,44,34,11,50,139,0,41,41,180
03/02/2021,SYR,NY,AEA,EN,Combined TRACON& Tower with Radar,44,23,9,8,84,0,1,29,49,79,44,24,38,57,163,0,52,52,215
03/03/2021,SYR,NY,AEA,EN,Combined TRACON& Tower with Radar,45,21,22,13,101,0,0,8,29,37,45,21,30,42,138,2,36,38,176
03/04/2021,SYR,NY,AEA,EN,Combined TRACON& Tower with Radar,53,27,8,6,94,0,3,12,62,77,53,30,20,68,171,0,46,46,217
03/05/2021,SYR,NY,AEA,EN,Combined TRACON& Tower with Radar,48,28,10,0,86,0,0,4,2,6,48,28,14,2,92,0,0,0,92
03/06/2021,SYR,NY,AEA,EN,Combined TRACON& Tower with Radar,41,17,5,7,70,0,0,5,22,27,41,17,10,29,97,4,22,26,123
03/07/2021,SYR,NY,AEA,EN,Combined TRACON& Tower with Radar,46,30,2,8,86,0,0,36,0,36,46,30,38,8,122,48,22,70,192
03/08/2021,SYR,NY,AEA,EN,Combined TRACON& Tower with Radar,46,30,8,18,102,0,0,26,56,82,46,30,34,74,184,18,108,126,310
03/09/2021,SYR,NY,AEA,EN,Combined TRACON& Tower with Radar,48,17,10,11,86,0,2,40,83,125,48,19,50,94,211,20,18,38,249
03/10/2021,SYR,NY,AEA,EN,Combined TRACON& Tower with Radar,53,17,11,10,91,0,1,27,16,44,53,18,38,26,135,0,26,26,161
03/11/2021,SYR,NY,AEA,EN,Combined TRACON& Tower with Radar,62,31,12,7,112,0,0,10,7,17,62,31,22,14,129,2,6,8,137
03/12/2021,SYR,NY,AEA,EN,Combined TRACON& Tower with Radar,50,38,11,0,99,0,0,11,0,11,50,38,22,0,110,0,0,0,110
03/13/2021,SYR,NY,AEA,EN,Combined TRACON& Tower with Radar,43,19,14,0,76,0,0,43,6,49,43,19,57,6,125,12,0,12,137
03/14/2021,SYR,NY,AEA,EN,Combined TRACON& Tower with Radar,45,30,4,0,79,0,0,2,0,2,45,30,6,0,81,0,0,0,81
03/15/2021,SYR,NY,AEA,EN,Combined TRACON& Tower with Radar,46,27,17,11,101,0,0,32,15,47,46,27,49,26,148,4,18,22,170
03/16/2021,SYR,NY,AEA,EN,Combined TRACON& Tower with Radar,55,17,10,5,87,0,0,31,39,70,55,17,41,44,157,44,54,98,255
03/17/2021,SYR,NY,AEA,EN,Combined TRACON& Tower with Radar,50,21,21,9,101,0,0,25,16,41,50,21,46,25,142,34,24,58,200
03/18/2021,SYR,NY,AEA,EN,Combined TRACON& Tower with Radar,58,27,13,2,100,0,0,2,2,4,58,27,15,4,104,0,0,0,104
03/19/2021,SYR,NY,AEA,EN,Combined TRACON& Tower with Radar,52,29,13,0,94,0,0,19,0,19,52,29,32,0,113,14,0,14,127
03/20/2021,SYR,NY,AEA,EN,Combined TRACON& Tower with Radar,43,17,20,0,80,0,0,41,0,41,43,17,61,0,121,0,0,0,121
03/21/2021,SYR,NY,AEA,EN,Combined TRACON& Tower with Radar,43,27,23,0,93,0,0,37,4,41,43,27,60,4,134,0,0,0,134
03/22/2021,SYR,NY,AEA,EN,Combined TRACON& Tower with Radar,45,28,11,12,96,0,1,41,34,76,45,29,52,46,172,44,50,94,266
03/23/2021,SYR,NY,AEA,EN,Combined TRACON& Tower with Radar,50,16,15,11,92,0,0,55,41,96,50,16,70,52,188,24,32,56,244
03/24/2021,SYR,NY,AEA,EN,Combined TRACON& Tower with Radar,56,20,18,10,104,0,0,6,3,9,56,20,24,13,113,0,0,0,113
03/25/2021,SYR,NY,AEA,EN,Combined TRACON& Tower with Radar,60,28,19,14,121,0,0,44,12,56,60,28,63,26,177,0,20,20,197
03/26/2021,SYR,NY,AEA,EN,Combined TRACON& Tower with Radar,52,33,5,2,92,0,0,1,2,3,52,33,6,4,95,0,0,0,95
03/27/2021,SYR,NY,AEA,EN,Combined TRACON& Tower with Radar,45,27,14,0,86,0,0,14,2,16,45,27,28,2,102,0,0,0,102
03/28/2021,SYR,NY,AEA,EN,Combined TRACON& Tower with Radar,49,29,11,0,89,0,0,2,0,2,49,29,13,0,91,0,0,0,91
03/29/2021,SYR,NY,AEA,EN,Combined TRACON& Tower with Radar,44,27,11,4,86,0,0,20,2,22,44,27,31,6,108,0,0,0,108
03/30/2021,SYR,NY,AEA,EN,Combined TRACON& Tower with Radar,47,20,16,4,87,0,1,22,0,23,47,21,38,4,110,0,0,0,110
03/31/2021,SYR,NY,AEA,EN,Combined TRACON& Tower with Radar,49,20,17,5,91,0,0,4,2,6,49,20,21,7,97,0,4,4,101
04/01/2021,SYR,NY,AEA,EN,Combined TRACON& Tower with Radar,58,33,11,6,108,0,0,3,0,3,58,33,14,6,111,0,0,0,111
04/02/2021,SYR,NY,AEA,EN,Combined TRACON& Tower with Radar,55,35,9,0,99,0,0,27,2,29,55,35,36,2,128,12,0,12,140
04/03/2021,SYR,NY,AEA,EN,Combined TRACON& Tower with Radar,38,32,13,0,83,0,1,70,2,73,38,33,83,2,156,0,0,0,156
04/04/2021,SYR,NY,AEA,EN,Combined TRACON& Tower with Radar,43,34,6,0,83,0,0,55,0,55,43,34,61,0,138,0,0,0,138
04/05/2021,SYR,NY,AEA,EN,Combined TRACON& Tower with Radar,43,27,22,11,103,0,2,36,1,39,43,29,58,12,142,20,4,24,166
04/06/2021,SYR,NY,AEA,EN,Combined TRACON& Tower with Radar,45,27,14,9,95,0,1,61,11,73,45,28,75,20,168,0,0,0,168
04/07/2021,SYR,NY,AEA,EN,Combined TRACON& Tower with Radar,46,27,14,10,97,0,1,57,0,58,46,28,71,10,155,2,0,2,157
04/08/2021,SYR,NY,AEA,EN,Combined TRACON& Tower with Radar,58,34,14,7,113,0,2,45,5,52,58,36,59,12,165,14,0,14,179
04/09/2021,SYR,NY,AEA,EN,Combined TRACON& Tower with Radar,50,32,5,0,87,0,0,10,0,10,50,32,15,0,97,0,0,0,97
04/10/2021,SYR,NY,AEA,EN,Combined TRACON& Tower with Radar,42,29,27,8,106,0,0,44,2,46,42,29,71,10,152,34,16,50,202
04/11/2021,SYR,NY,AEA,EN,Combined TRACON& Tower with Radar,42,36,24,2,104,0,0,25,46,71,42,36,49,48,175,12,71,83,258
04/12/2021,SYR,NY,AEA,EN,Combined TRACON& Tower with Radar,44,32,16,6,98,0,0,4,0,4,44,32,20,6,102,0,0,0,102
04/13/2021,SYR,NY,AEA,EN,Combined TRACON& Tower with Radar,44,21,20,8,93,0,1,45,2,48,44,22,65,10,141,30,0,30,171
04/14/2021,SYR,NY,AEA,EN,Combined TRACON& Tower with Radar,42,23,18,27,110,0,0,28,15,43,42,23,46,42,153,8,70,78,231
04/15/2021,SYR,NY,AEA,EN,Combined TRACON& Tower with Radar,55,29,12,4,100,0,0,2,2,4,55,29,14,6,104,0,28,28,132
04/16/2021,SYR,NY,AEA,EN,Combined TRACON& Tower with Radar,52,32,6,0,90,0,0,2,0,2,52,32,8,0,92,0,0,0,92
04/17/2021,SYR,NY,AEA,EN,Combined TRACON& Tower with Radar,31,27,17,0,75,0,0,17,0,17,31,27,34,0,92,0,0,0,92
04/18/2021,SYR,NY,AEA,EN,Combined TRACON& Tower with Radar,42,35,12,3,92,0,0,21,2,23,42,35,33,5,115,26,0,26,141
04/19/2021,SYR,NY,AEA,EN,Combined TRACON& Tower with Radar,41,24,8,8,81,0,2,28,7,37,41,26,36,15,118,24,0,24,142
04/20/2021,SYR,NY,AEA,EN,Combined TRACON& Tower with Radar,46,26,11,12,95,0,0,10,0,10,46,26,21,12,105,0,0,0,105
04/21/2021,SYR,NY,AEA,EN,Combined TRACON& Tower with Radar,40,19,3,2,64,0,0,1,0,1,40,19,4,2,65,0,0,0,65
04/22/2021,SYR,NY,AEA,EN,Combined TRACON& Tower with Radar,57,34,6,14,111,0,0,2,10,12,57,34,8,24,123,0,0,0,123
04/23/2021,SYR,NY,AEA,EN,Combined TRACON& Tower with Radar,54,37,10,2,103,0,0,23,0,23,54,37,33,2,126,0,0,0,126
04/24/2021,SYR,NY,AEA,EN,Combined TRACON& Tower with Radar,30,26,11,1,68,0,0,46,2,48,30,26,57,3,116,22,0,22,138
04/25/2021,SYR,NY,AEA,EN,Combined TRACON& Tower with Radar,41,24,13,0,78,0,0,11,0,11,41,24,24,0,89,0,0,0,89
04/26/2021,SYR,NY,AEA,EN,Combined TRACON& Tower with Radar,44,25,16,9,94,0,1,26,4,31,44,26,42,13,125,22,10,32,157
04/27/2021,SYR,NY,AEA,EN,Combined TRACON& Tower with Radar,41,28,18,16,103,0,4,38,11,53,41,32,56,27,156,8,13,21,177
04/28/2021,SYR,NY,AEA,EN,Combined TRACON& Tower with Radar,41,29,13,7,90,0,0,21,9,30,41,29,34,16,120,0,0,0,120
04/29/2021,SYR,NY,AEA,EN,Combined TRACON& Tower with Radar,74,36,7,0,117,0,0,0,0,0,74,36,7,0,117,0,0,0,117
04/30/2021,SYR,NY,AEA,EN,Combined TRACON& Tower with Radar,64,36,11,0,111,0,0,1,0,1,64,36,12,0,112,0,0,0,112
05/01/2021,SYR,NY,AEA,EN,Combined TRACON& Tower with Radar,32,27,14,10,83,0,0,35,13,48,32,27,49,23,131,0,18,18,149
05/02/2021,SYR,NY,AEA,EN,Combined TRACON& Tower with Radar,44,33,8,0,85,0,0,15,2,17,44,33,23,2,102,4,0,4,106
05/03/2021,SYR,NY,AEA,EN,Combined TRACON& Tower with Radar,51,28,10,6,95,0,0,26,1,27,51,28,36,7,122,12,0,12,134
05/04/2021,SYR,NY,AEA,EN,Combined TRACON& Tower with Radar,53,28,22,8,111,0,0,7,2,9,53,28,29,10,120,20,0,20,140
05/05/2021,SYR,NY,AEA,EN,Combined TRACON& Tower with Radar,45,21,16,4,86,0,0,2,0,2,45,21,18,4,88,0,0,0,88
05/06/2021,SYR,NY,AEA,EN,Combined TRACON& Tower with Radar,64,33,20,9,126,0,0,42,13,55,64,33,62,22,181,22,10,32,213
05/07/2021,SYR,NY,AEA,EN,Combined TRACON& Tower with Radar,59,30,6,1,96,0,0,26,5,31,59,30,32,6,127,0,0,0,127
05/08/2021,SYR,NY,AEA,EN,Combined TRACON& Tower with Radar,43,27,16,0,86,0,0,3,2,5,43,27,19,2,91,14,0,14,105
05/09/2021,SYR,NY,AEA,EN,Combined TRACON& Tower with Radar,53,28,14,0,95,0,0,33,0,33,53,28,47,0,128,14,0,14,142
05/10/2021,SYR,NY,AEA,EN,Combined TRACON& Tower with Radar,53,28,9,12,102,0,0,18,32,50,53,28,27,44,152,0,56,56,208
05/11/2021,SYR,NY,AEA,EN,Combined TRACON& Tower with Radar,55,22,13,12,102,0,0,24,0,24,55,22,37,12,126,0,0,0,126
05/12/2021,SYR,NY,AEA,EN,Combined TRACON& Tower with Radar,56,23,11,19,109,0,2,27,11,40,56,25,38,30,149,0,0,0,149
05/13/2021,SYR,NY,AEA,EN,Combined TRACON& Tower with Radar,66,21,15,9,111,0,0,39,48,87,66,21,54,57,198,0,50,50,248
05/14/2021,SYR,NY,AEA,EN,Combined TRACON& Tower with Radar,61,33,15,0,109,0,3,52,0,55,61,36,67,0,164,0,0,0,164
05/15/2021,SYR,NY,AEA,EN,Combined TRACON& Tower with Radar,47,24,11,1,83,0,0,48,4,52,47,24,59,5,135,0,0,0,135
05/16/2021,SYR,NY,AEA,EN,Combined TRACON& Tower with Radar,53,29,12,1,95,0,1,36,2,39,53,30,48,3,134,0,0,0,134
05/17/2021,SYR,NY,AEA,EN,Combined TRACON& Tower with Radar,56,33,13,7,109,0,0,27,7,34,56,33,40,14,143,0,0,0,143
05/18/2021,SYR,NY,AEA,EN,Combined TRACON& Tower with Radar,59,30,10,16,115,0,5,40,38,83,59,35,50,54,198,0,60,60,258
05/19/2021,SYR,NY,AEA,EN,Combined TRACON& Tower with Radar,58,23,15,15,111,0,1,53,59,113,58,24,68,74,224,12,50,62,286
05/20/2021,SYR,NY,AEA,EN,Combined TRACON& Tower with Radar,68,27,9,9,113,0,0,31,2,33,68,27,40,11,146,6,0,6,152
05/21/2021,SYR,NY,AEA,EN,Combined TRACON& Tower with Radar,62,33,21,2,118,0,3,34,1,38,62,36,55,3,156,0,0,0,156
05/22/2021,SYR,NY,AEA,EN,Combined TRACON& Tower with Radar,44,29,24,2,99,0,0,32,0,32,44,29,56,2,131,16,0,16,147
05/23/2021,SYR,NY,AEA,EN,Combined TRACON& Tower with Radar,50,36,16,2,104,0,0,8,0,8,50,36,24,2,112,0,0,0,112
05/24/2021,SYR,NY,AEA,EN,Combined TRACON& Tower with Radar,56,27,16,5,104,0,0,33,5,38,56,27,49,10,142,8,0,8,150
05/25/2021,SYR,NY,AEA,EN,Combined TRACON& Tower with Radar,60,25,19,10,114,0,0,29,0,29,60,25,48,10,143,0,0,0,143
05/26/2021,SYR,NY,AEA,EN,Combined TRACON& Tower with Radar,52,32,20,9,113,0,0,8,3,11,52,32,28,12,124,0,0,0,124
05/27/2021,SYR,NY,AEA,EN,Combined TRACON& Tower with Radar,69,32,25,10,136,0,0,30,16,46,69,32,55,26,182,0,22,22,204
05/28/2021,SYR,NY,AEA,EN,Combined TRACON& Tower with Radar,62,29,8,0,99,0,0,4,0,4,62,29,12,0,103,0,0,0,103
05/29/2021,SYR,NY,AEA,EN,Combined TRACON& Tower with Radar,41,26,8,0,75,0,0,26,0,26,41,26,34,0,101,0,0,0,101
05/30/2021,SYR,NY,AEA,EN,Combined TRACON& Tower with Radar,40,16,4,0,60,0,0,13,0,13,40,16,17,0,73,16,0,16,89
05/31/2021,SYR,NY,AEA,EN,Combined TRACON& Tower with Radar,46,25,13,0,84,0,0,21,0,21,46,25,34,0,105,0,0,0,105
06/01/2021,SYR,NY,AEA,EN,Combined TRACON& Tower with Radar,48,18,19,7,92,0,0,38,25,63,48,18,57,32,155,8,42,50,205
06/02/2021,SYR,NY,AEA,EN,Combined TRACON& Tower with Radar,56,24,14,5,99,0,0,25,13,38,56,24,39,18,137,12,17,29,166
06/03/2021,SYR,NY,AEA,EN,Combined TRACON& Tower with Radar,66,33,22,7,128,0,0,7,4,11,66,33,29,11,139,0,0,0,139
06/04/2021,SYR,NY,AEA,EN,Combined TRACON& Tower with Radar,62,40,23,4,129,0,1,20,9,30,62,41,43,13,159,40,19,59,218
06/05/2021,SYR,NY,AEA,EN,Combined TRACON& Tower with Radar,49,26,10,8,93,0,1,19,12,32,49,27,29,20,125,0,0,0,125
06/06/2021,SYR,NY,AEA,EN,Combined TRACON& Tower with Radar,56,33,21,14,124,0,0,36,12,48,56,33,57,26,172,0,0,0,172
06/07/2021,SYR,NY,AEA,EN,Combined TRACON& Tower with Radar,57,27,8,8,100,0,0,33,0,33,57,27,41,8,133,0,0,0,133
06/08/2021,SYR,NY,AEA,EN,Combined TRACON& Tower with Radar,65,28,11,0,104,0,0,15,0,15,65,28,26,0,119,16,0,16,135
06/09/2021,SYR,NY,AEA,EN,Combined TRACON& Tower with Radar,64,30,21,23,138,0,0,15,13,28,64,30,36,36,166,6,0,6,172
06/10/2021,SYR,NY,AEA,EN,Combined TRACON& Tower with Radar,71,31,15,14,131,0,0,48,2,50,71,31,63,16,181,38,22,60,241
06/11/2021,SYR,NY,AEA,EN,Combined TRACON& Tower with Radar,66,33,13,2,114,0,0,26,1,27,66,33,39,3,141,0,0,0,141
06/12/2021,SYR,NY,AEA,EN,Combined TRACON& Tower with Radar,46,31,7,0,84,0,0,27,5,32,46,31,34,5,116,16,0,16,132
06/13/2021,SYR,NY,AEA,EN,Combined TRACON& Tower with Radar,55,29,7,1,92,0,1,24,5,30,55,30,31,6,122,18,0,18,140
06/14/2021,SYR,NY,AEA,EN,Combined TRACON& Tower with Radar,58,28,13,10,109,0,0,11,2,13,58,28,24,12,122,4,2,6,128
06/15/2021,SYR,NY,AEA,EN,Combined TRACON& Tower with Radar,70,26,20,8,124,0,0,19,7,26,70,26,39,15,150,18,0,18,168
06/16/2021,SYR,NY,AEA,EN,Combined TRACON& Tower with Radar,69,36,13,7,125,0,0,31,13,44,69,36,44,20,169,2,16,18,187
06/17/2021,SYR,NY,AEA,EN,Combined TRACON& Tower with Radar,69,34,13,9,125,0,1,42,29,72,69,35,55,38,197,24,42,66,263
06/18/2021,SYR,NY,AEA,EN,Combined TRACON& Tower with Radar,66,33,8,1,108,0,2,18,1,21,66,35,26,2,129,0,0,0,129
06/19/2021,SYR,NY,AEA,EN,Combined TRACON& Tower with Radar,55,25,8,0,88,0,0,26,4,30,55,25,34,4,118,0,0,0,118
06/20/2021,SYR,NY,AEA,EN,Combined TRACON& Tower with Radar,52,29,19,0,100,0,1,33,0,34,52,30,52,0,134,12,0,12,146
06/21/2021,SYR,NY,AEA,EN,Combined TRACON& Tower with Radar,59,34,14,1,108,0,1,10,3,14,59,35,24,4,122,0,0,0,122
06/22/2021,SYR,NY,AEA,EN,Combined TRACON& Tower with Radar,71,27,18,12,128,0,0,9,14,23,71,27,27,26,151,8,8,16,167
06/23/2021,SYR,NY,AEA,EN,Combined TRACON& Tower with Radar,69,34,18,8,129,0,1,48,30,79,69,35,66,38,208,24,36,60,268
06/24/2021,SYR,NY,AEA,EN,Combined TRACON& Tower with Radar,70,34,17,11,132,0,2,30,7,39,70,36,47,18,171,18,7,25,196
06/25/2021,SYR,NY,AEA,EN,Combined TRACON& Tower with Radar,66,29,12,0,107,0,1,23,9,33,66,30,35,9,140,0,0,0,140
06/26/2021,SYR,NY,AEA,EN,Combined TRACON& Tower with Radar,53,30,16,1,100,0,0,12,2,14,53,30,28,3,114,0,0,0,114
06/27/2021,SYR,NY,AEA,EN,Combined TRACON& Tower with Radar,53,26,9,0,88,0,2,22,4,28,53,28,31,4,116,0,0,0,116
06/28/2021,SYR,NY,AEA,EN,Combined TRACON& Tower with Radar,60,27,7,8,102,0,0,16,4,20,60,27,23,12,122,0,0,0,122
06/29/2021,SYR,NY,AEA,EN,Combined TRACON& Tower with Radar,71,28,20,10,129,0,0,30,4,34,71,28,50,14,163,0,0,0,163
06/30/2021,SYR,NY,AEA,EN,Combined TRACON& Tower with Radar,64,26,16,2,108,0,0,13,2,15,64,26,29,4,123,0,0,0,123
07/01/2021,SYR,NY,AEA,EN,Combined TRACON& Tower with Radar,74,42,15,9,140,0,0,15,11,26,74,42,30,20,166,18,8,26,192
07/02/2021,SYR,NY,AEA,EN,Combined TRACON& Tower with Radar,73,26,13,0,112,0,0,1,0,1,73,26,14,0,113,0,0,0,113
07/03/2021,SYR,NY,AEA,EN,Combined TRACON& Tower with Radar,59,29,17,1,106,0,0,13,1,14,59,29,30,2,120,0,0,0,120
07/04/2021,SYR,NY,AEA,EN,Combined TRACON& Tower with Radar,50,16,9,0,75,0,0,21,9,30,50,16,30,9,105,0,0,0,105
07/05/2021,SYR,NY,AEA,EN,Combined TRACON& Tower with Radar,53,28,11,0,92,0,2,27,3,32,53,30,38,3,124,0,0,0,124
07/06/2021,SYR,NY,AEA,EN,Combined TRACON& Tower with Radar,65,28,8,11,112,0,0,19,19,38,65,28,27,30,150,8,29,37,187
07/07/2021,SYR,NY,AEA,EN,Combined TRACON& Tower with Radar,74,28,16,4,122,0,0,23,4,27,74,28,39,8,149,0,0,0,149
07/08/2021,SYR,NY,AEA,EN,Combined TRACON& Tower with Radar,88,36,6,0,130,0,0,2,0,2,88,36,8,0,132,0,0,0,132
07/09/2021,SYR,NY,AEA,EN,Combined TRACON& Tower with Radar,73,35,18,0,126,0,0,8,0,8,73,35,26,0,134,0,0,0,134
07/10/2021,SYR,NY,AEA,EN,Combined TRACON& Tower with Radar,59,34,18,0,111,0,0,49,2,51,59,34,67,2,162,0,0,0,162
07/11/2021,SYR,NY,AEA,EN,Combined TRACON& Tower with Radar,54,27,10,0,91,0,0,9,0,9,54,27,19,0,100,0,0,0,100
07/12/2021,SYR,NY,AEA,EN,Combined TRACON& Tower with Radar,70,29,26,2,127,0,0,12,0,12,70,29,38,2,139,16,0,16,155
07/13/2021,SYR,NY,AEA,EN,Combined TRACON& Tower with Radar,76,32,16,8,132,0,1,12,8,21,76,33,28,16,153,20,0,20,173
07/14/2021,SYR,NY,AEA,EN,Combined TRACON& Tower with Radar,78,30,13,8,129,0,1,20,2,23,78,31,33,10,152,0,0,0,152
07/15/2021,SYR,NY,AEA,EN,Combined TRACON& Tower with Radar,80,30,28,8,146,0,2,26,38,66,80,32,54,46,212,0,0,0,212
07/16/2021,SYR,NY,AEA,EN,Combined TRACON& Tower with Radar,68,43,17,1,129,0,0,18,1,19,68,43,35,2,148,0,0,0,148
07/17/2021,SYR,NY,AEA,EN,Combined TRACON& Tower with Radar,62,26,13,0,101,0,1,0,0,1,62,27,13,0,102,0,0,0,102
07/18/2021,SYR,NY,AEA,EN,Combined TRACON& Tower with Radar,61,34,18,1,114,0,0,7,2,9,61,34,25,3,123,0,0,0,123
07/19/2021,SYR,NY,AEA,EN,Combined TRACON& Tower with Radar,67,26,26,32,151,0,0,31,6,37,67,26,57,38,188,24,16,40,228
07/20/2021,SYR,NY,AEA,EN,Combined TRACON& Tower with Radar,76,32,18,18,144,0,2,13,0,15,76,34,31,18,159,0,0,0,159
07/21/2021,SYR,NY,AEA,EN,Combined TRACON& Tower with Radar,75,41,13,8,137,0,0,24,0,24,75,41,37,8,161,0,0,0,161
07/22/2021,SYR,NY,AEA,EN,Combined TRACON& Tower with Radar,78,28,28,10,144,0,4,53,8,65,78,32,81,18,209,6,0,6,215
07/23/2021,SYR,NY,AEA,EN,Combined TRACON& Tower with Radar,70,37,20,0,127,0,0,32,4,36,70,37,52,4,163,12,0,12,175
07/24/2021,SYR,NY,AEA,EN,Combined TRACON& Tower with Radar,59,33,20,0,112,0,0,27,12,39,59,33,47,12,151,6,0,6,157
07/25/2021,SYR,NY,AEA,EN,Combined TRACON& Tower with Radar,58,38,15,0,111,0,0,17,0,17,58,38,32,0,128,0,0,0,128
07/26/2021,SYR,NY,AEA,EN,Combined TRACON& Tower with Radar,63,34,12,7,116,0,2,35,8,45,63,36,47,15,161,0,0,0,161
07/27/2021,SYR,NY,AEA,EN,Combined TRACON& Tower with Radar,73,26,13,5,117,0,0,59,5,64,73,26,72,10,181,10,12,22,203
07/28/2021,SYR,NY,AEA,EN,Combined TRACON& Tower with Radar,77,38,14,7,136,0,0,41,10,51,77,38,55,17,187,0,18,18,205
07/29/2021,SYR,NY,AEA,EN,Combined TRACON& Tower with Radar,81,39,29,0,149,0,2,17,5,24,81,41,46,5,173,14,0,14,187
07/30/2021,SYR,NY,AEA,EN,Combined TRACON& Tower with Radar,73,34,24,3,134,0,0,46,3,49,73,34,70,6,183,0,0,0,183
07/31/2021,SYR,NY,AEA,EN,Combined TRACON& Tower with Radar,55,35,21,0,111,0,3,40,10,53,55,38,61,10,164,0,0,0,164
08/01/2021,SYR,NY,AEA,EN,Combined TRACON& Tower with Radar,52,37,16,1,106,0,0,6,3,9,52,37,22,4,115,30,0,30,145
08/02/2021,SYR,NY,AEA,EN,Combined TRACON& Tower with Radar,60,33,11,12,116,0,0,52,6,58,60,33,63,18,174,26,0,26,200
08/03/2021,SYR,NY,AEA,EN,Combined TRACON& Tower with Radar,70,29,7,8,114,0,1,39,1,41,70,30,46,9,155,32,10,42,197
08/04/2021,SYR,NY,AEA,EN,Combined TRACON& Tower with Radar,75,26,21,5,127,0,4,50,29,83,75,30,71,34,210,38,36,74,284
08/05/2021,SYR,NY,AEA,EN,Combined TRACON& Tower with Radar,76,28,19,3,126,0,0,31,11,42,76,28,50,14,168,10,0,10,178
08/06/2021,SYR,NY,AEA,EN,Combined TRACON& Tower with Radar,69,35,11,0,115,0,2,33,6,41,69,37,44,6,156,3,0,3,159
08/07/2021,SYR,NY,AEA,EN,Combined TRACON& Tower with Radar,57,27,8,10,102,0,2,19,4,25,57,29,27,14,127,6,0,6,133
08/08/2021,SYR,NY,AEA,EN,Combined TRACON& Tower with Radar,58,26,13,4,101,0,0,18,10,28,58,26,31,14,129,2,0,2,131
08/09/2021,SYR,NY,AEA,EN,Combined TRACON& Tower with Radar,61,31,9,6,107,0,0,28,0,28,61,31,37,6,135,37,0,37,172
08/10/2021,SYR,NY,AEA,EN,Combined TRACON& Tower with Radar,69,29,22,6,126,0,1,22,2,25,69,30,44,8,151,8,0,8,159
08/11/2021,SYR,NY,AEA,EN,Combined TRACON& Tower with Radar,69,27,22,6,124,0,0,20,2,22,69,27,42,8,146,0,0,0,146
08/12/2021,SYR,NY,AEA,EN,Combined TRACON& Tower with Radar,85,28,16,9,138,0,0,15,3,18,85,28,31,12,156,0,0,0,156
08/13/2021,SYR,NY,AEA,EN,Combined TRACON& Tower with Radar,62,31,13,0,106,0,1,16,1,18,62,32,29,1,124,0,0,0,124
08/14/2021,SYR,NY,AEA,EN,Combined TRACON& Tower with Radar,58,24,22,0,104,0,0,31,4,35,58,24,53,4,139,10,0,10,149
08/15/2021,SYR,NY,AEA,EN,Combined TRACON& Tower with Radar,57,28,15,0,100,0,0,29,7,36,57,28,44,7,136,10,0,10,146
08/16/2021,SYR,NY,AEA,EN,Combined TRACON& Tower with Radar,65,41,18,6,130,0,1,46,13,60,65,42,64,19,190,0,0,0,190
08/17/2021,SYR,NY,AEA,EN,Combined TRACON& Tower with Radar,77,26,16,0,119,0,0,5,16,21,77,26,21,16,140,0,0,0,140
08/18/2021,SYR,NY,AEA,EN,Combined TRACON& Tower with Radar,73,33,22,2,130,0,0,1,0,1,73,33,23,2,131,0,0,0,131
08/19/2021,SYR,NY,AEA,EN,Combined TRACON& Tower with Radar,83,37,36,5,161,0,0,12,0,12,83,37,48,5,173,34,0,34,207
08/20/2021,SYR,NY,AEA,EN,Combined TRACON& Tower with Radar,77,37,33,1,148,0,1,33,0,34,77,38,66,1,182,0,0,0,182
08/21/2021,SYR,NY,AEA,EN,Combined TRACON& Tower with Radar,53,19,31,0,103,0,0,12,2,14,53,19,43,2,117,0,0,0,117
08/22/2021,SYR,NY,AEA,EN,Combined TRACON& Tower with Radar,75,33,38,0,146,0,1,17,3,21,75,34,55,3,167,0,0,0,167
08/23/2021,SYR,NY,AEA,EN,Combined TRACON& Tower with Radar,72,34,48,8,162,0,0,25,2,27,72,34,73,10,189,0,0,0,189
08/24/2021,SYR,NY,AEA,EN,Combined TRACON& Tower with Radar,71,29,16,8,124,0,4,46,6,56,71,33,62,14,180,0,0,0,180
08/25/2021,SYR,NY,AEA,EN,Combined TRACON& Tower with Radar,77,37,30,4,148,0,4,29,10,43,77,41,59,14,191,12,8,20,211
08/26/2021,SYR,NY,AEA,EN,Combined TRACON& Tower with Radar,75,33,19,12,139,0,1,27,3,31,75,34,46,15,170,18,6,24,194
08/27/2021,SYR,NY,AEA,EN,Combined TRACON& Tower with Radar,78,33,16,0,127,0,2,19,4,25,78,35,35,4,152,0,0,0,152
08/28/2021,SYR,NY,AEA,EN,Combined TRACON& Tower with Radar,58,29,23,2,112,0,0,17,0,17,58,29,40,2,129,0,0,0,129
08/29/2021,SYR,NY,AEA,EN,Combined TRACON& Tower with Radar,63,24,13,0,100,0,0,12,4,16,63,24,25,4,116,0,0,0,116
08/30/2021,SYR,NY,AEA,EN,Combined TRACON& Tower with Radar,75,29,17,16,137,0,0,14,46,60,75,29,31,62,197,0,70,70,267
08/31/2021,SYR,NY,AEA,EN,Combined TRACON& Tower with Radar,73,28,32,13,146,0,1,38,29,68,73,29,70,42,214,0,0,0,214
09/01/2021,SYR,NY,AEA,EN,Combined TRACON& Tower with Radar,75,35,17,8,135,0,0,22,5,27,75,35,39,13,162,3,0,3,165
09/02/2021,SYR,NY,AEA,EN,Combined TRACON& Tower with Radar,84,30,18,8,140,0,0,38,2,40,84,30,56,10,180,8,6,14,194
09/03/2021,SYR,NY,AEA,EN,Combined TRACON& Tower with Radar,78,33,23,0,134,0,0,13,2,15,78,33,36,2,149,15,0,15,164
09/04/2021,SYR,NY,AEA,EN,Combined TRACON& Tower with Radar,56,17,19,1,93,0,0,39,8,47,56,17,58,9,140,26,0,26,166
09/05/2021,SYR,NY,AEA,EN,Combined TRACON& Tower with Radar,56,18,20,0,94,0,2,11,0,13,56,20,31,0,107,0,0,0,107
09/06/2021,SYR,NY,AEA,EN,Combined TRACON& Tower with Radar,56,28,7,0,91,0,2,16,5,23,56,30,23,5,114,0,0,0,114
09/07/2021,SYR,NY,AEA,EN,Combined TRACON& Tower with Radar,63,29,8,6,106,0,0,30,28,58,63,29,38,34,164,0,20,20,184
09/08/2021,SYR,NY,AEA,EN,Combined TRACON& Tower with Radar,69,38,11,0,118,0,2,5,0,7,69,40,16,0,125,0,0,0,125
09/09/2021,SYR,NY,AEA,EN,Combined TRACON& Tower with Radar,87,33,17,13,150,0,0,29,8,37,87,33,46,21,187,8,0,8,195
09/10/2021,SYR,NY,AEA,EN,Combined TRACON& Tower with Radar,80,30,15,0,125,0,0,22,3,25,80,30,37,3,150,28,0,28,178
09/11/2021,SYR,NY,AEA,EN,Combined TRACON& Tower with Radar,61,26,12,5,104,0,1,46,14,61,61,27,58,19,165,34,14,48,213
09/12/2021,SYR,NY,AEA,EN,Combined TRACON& Tower with Radar,66,29,18,0,113,0,0,12,2,14,66,29,30,2,127,0,0,0,127
09/13/2021,SYR,NY,AEA,EN,Combined TRACON& Tower with Radar,68,37,15,12,132,0,0,33,16,49,68,37,48,28,181,36,18,54,235
09/14/2021,SYR,NY,AEA,EN,Combined TRACON& Tower with Radar,75,20,17,9,121,0,0,31,7,38,75,20,48,16,159,36,0,36,195
09/15/2021,SYR,NY,AEA,EN,Combined TRACON& Tower with Radar,78,25,26,2,131,0,0,2,2,4,78,25,28,4,135,0,0,0,135
09/16/2021,SYR,NY,AEA,EN,Combined TRACON& Tower with Radar,81,40,26,7,154,0,0,37,5,42,81,40,63,12,196,34,0,34,230
09/17/2021,SYR,NY,AEA,EN,Combined TRACON& Tower with Radar,79,40,17,1,137,0,1,35,11,47,79,41,52,12,184,8,0,8,192
09/18/2021,SYR,NY,AEA,EN,Combined TRACON& Tower with Radar,58,28,20,0,106,0,1,12,7,20,58,29,32,7,126,18,0,18,144
09/19/2021,SYR,NY,AEA,EN,Combined TRACON& Tower with Radar,65,25,26,0,116,0,2,52,6,60,65,27,78,6,176,0,0,0,176
09/20/2021,SYR,NY,AEA,EN,Combined TRACON& Tower with Radar,73,30,27,8,138,0,2,32,3,37,73,32,59,11,175,20,4,24,199
09/21/2021,SYR,NY,AEA,EN,Combined TRACON& Tower with Radar,77,37,22,15,151,0,0,31,9,40,77,37,53,24,191,18,0,18,209
09/22/2021,SYR,NY,AEA,EN,Combined TRACON& Tower with Radar,76,25,19,1,121,0,0,2,19,21,76,25,21,20,142,0,20,20,162
09/23/2021,SYR,NY,AEA,EN,Combined TRACON& Tower with Radar,83,29,18,0,130,0,0,2,0,2,83,29,20,0,132,0,0,0,132
09/24/2021,SYR,NY,AEA,EN,Combined TRACON& Tower with Radar,80,43,19,2,144,0,0,33,12,45,80,43,52,14,189,0,0,0,189
09/25/2021,SYR,NY,AEA,EN,Combined TRACON& Tower with Radar,60,25,20,0,105,0,1,35,2,38,60,26,55,2,143,24,0,24,167
09/26/2021,SYR,NY,AEA,EN,Combined TRACON& Tower with Radar,67,36,15,0,118,0,0,16,7,23,67,36,31,7,141,0,0,0,141
09/27/2021,SYR,NY,AEA,EN,Combined TRACON& Tower with Radar,69,25,21,12,127,0,0,13,18,31,69,25,34,30,158,12,6,18,176
09/28/2021,SYR,NY,AEA,EN,Combined TRACON& Tower with Radar,75,22,16,8,121,0,0,21,16,37,75,22,37,24,158,0,20,20,178
09/29/2021,SYR,NY,AEA,EN,Combined TRACON& Tower with Radar,76,24,16,9,125,0,0,20,5,25,76,24,36,14,150,14,0,14,164
09/30/2021,SYR,NY,AEA,EN,Combined TRACON& Tower with Radar,83,29,35,6,153,0,0,11,5,16,83,29,46,11,169,8,0,8,177
10/01/2021,SYR,NY,AEA,EN,Combined TRACON& Tower with Radar,82,33,23,2,140,0,3,32,1,36,82,36,55,3,176,10,0,10,186
10/02/2021,SYR,NY,AEA,EN,Combined TRACON& Tower with Radar,56,21,23,14,114,0,0,23,4,27,56,21,46,18,141,0,0,0,141
10/03/2021,SYR,NY,AEA,EN,Combined TRACON& Tower with Radar,67,30,18,1,116,0,0,0,6,6,67,30,18,7,122,0,0,0,122
10/04/2021,SYR,NY,AEA,EN,Combined TRACON& Tower with Radar,69,37,15,0,121,0,0,0,0,0,69,37,15,0,121,0,0,0,121
10/05/2021,SYR,NY,AEA,EN,Combined TRACON& Tower with Radar,78,26,11,0,115,0,0,0,0,0,78,26,11,0,115,0,0,0,115
10/06/2021,SYR,NY,AEA,EN,Combined TRACON& Tower with Radar,77,42,28,4,151,0,0,28,55,83,77,42,56,59,234,26,75,101,335
10/07/2021,SYR,NY,AEA,EN,Combined TRACON& Tower with Radar,81,39,22,0,142,0,1,29,4,34,81,40,51,4,176,24,0,24,200
10/08/2021,SYR,NY,AEA,EN,Combined TRACON& Tower with Radar,82,56,37,0,175,0,1,33,0,34,82,57,70,0,209,0,0,0,209
10/09/2021,SYR,NY,AEA,EN,Combined TRACON& Tower with Radar,62,30,15,0,107,0,0,22,10,32,62,30,37,10,139,0,0,0,139
10/10/2021,SYR,NY,AEA,EN,Combined TRACON& Tower with Radar,66,42,25,1,134,0,0,12,1,13,66,42,37,2,147,0,0,0,147
10/11/2021,SYR,NY,AEA,EN,Combined TRACON& Tower with Radar,74,35,18,0,127,0,0,28,2,30,74,35,46,2,157,6,0,6,163
10/12/2021,SYR,NY,AEA,EN,Combined TRACON& Tower with Radar,77,35,11,6,129,0,0,32,28,60,77,35,43,34,189,18,46,64,253
10/13/2021,SYR,NY,AEA,EN,Combined TRACON& Tower with Radar,79,33,15,12,139,0,0,17,9,26,79,33,32,21,165,4,16,20,185
10/14/2021,SYR,NY,AEA,EN,Combined TRACON& Tower with Radar,88,46,14,9,157,0,1,23,30,54,88,47,37,39,211,9,28,37,248
10/15/2021,SYR,NY,AEA,EN,Combined TRACON& Tower with Radar,81,45,32,0,158,0,0,7,1,8,81,45,39,1,166,0,0,0,166
10/16/2021,SYR,NY,AEA,EN,Combined TRACON& Tower with Radar,60,28,15,0,103,0,1,2,0,3,60,29,17,0,106,0,0,0,106
10/17/2021,SYR,NY,AEA,EN,Combined TRACON& Tower with Radar,67,39,25,0,131,0,1,2,0,3,67,40,27,0,134,0,0,0,134
10/18/2021,SYR,NY,AEA,EN,Combined TRACON& Tower with Radar,74,33,27,6,140,0,0,4,4,8,74,33,31,10,148,0,0,0,148
10/19/2021,SYR,NY,AEA,EN,Combined TRACON& Tower with Radar,77,32,13,10,132,0,0,31,22,53,77,32,44,32,185,0,22,22,207
10/20/2021,SYR,NY,AEA,EN,Combined TRACON& Tower with Radar,76,31,15,15,137,0,0,34,49,83,76,31,49,64,220,10,44,54,274
10/21/2021,SYR,NY,AEA,EN,Combined TRACON& Tower with Radar,87,35,21,5,148,0,4,16,37,57,87,39,37,42,205,0,44,44,249
10/22/2021,SYR,NY,AEA,EN,Combined TRACON& Tower with Radar,84,33,15,0,132,0,0,8,1,9,84,33,23,1,141,0,0,0,141
10/23/2021,SYR,NY,AEA,EN,Combined TRACON& Tower with Radar,63,25,20,0,108,0,0,19,5,24,63,25,39,5,132,0,0,0,132
10/24/2021,SYR,NY,AEA,EN,Combined TRACON& Tower with Radar,66,33,40,0,139,0,0,35,5,40,66,33,75,5,179,6,0,6,185
10/25/2021,SYR,NY,AEA,EN,Combined TRACON& Tower with Radar,71,29,24,8,132,0,1,3,27,31,71,30,27,35,163,16,64,80,243
10/26/2021,SYR,NY,AEA,EN,Combined TRACON& Tower with Radar,82,28,10,0,120,0,0,0,0,0,82,28,10,0,120,0,0,0,120
10/27/2021,SYR,NY,AEA,EN,Combined TRACON& Tower with Radar,78,25,21,12,136,0,7,22,30,59,78,32,43,42,195,0,28,28,223
10/28/2021,SYR,NY,AEA,EN,Combined TRACON& Tower with Radar,87,32,26,15,160,0,0,37,22,59,87,32,63,37,219,0,0,0,219
10/29/2021,SYR,NY,AEA,EN,Combined TRACON& Tower with Radar,85,31,22,1,139,0,1,19,9,29,85,32,41,10,168,0,0,0,168
10/30/2021,SYR,NY,AEA,EN,Combined TRACON& Tower with Radar,54,31,18,0,103,0,0,3,0,3,54,31,21,0,106,0,0,0,106
10/31/2021,SYR,NY,AEA,EN,Combined TRACON& Tower with Radar,58,19,18,0,95,0,0,4,0,4,58,19,22,0,99,0,0,0,99
11/01/2021,SYR,NY,AEA,EN,Combined TRACON& Tower with Radar,78,22,17,6,123,0,1,34,10,45,78,23,51,16,168,0,0,0,168
11/02/2021,SYR,NY,AEA,EN,Combined TRACON& Tower with Radar,72,31,32,12,147,0,1,27,20,48,72,32,59,32,195,0,0,0,195
11/03/2021,SYR,NY,AEA,EN,Combined TRACON& Tower with Radar,77,35,16,12,140,0,0,9,0,9,77,35,25,12,149,0,0,0,149
11/04/2021,SYR,NY,AEA,EN,Combined TRACON& Tower with Radar,87,30,14,8,139,0,0,24,28,52,87,30,38,36,191,31,26,57,248
11/05/2021,SYR,NY,AEA,EN,Combined TRACON& Tower with Radar,90,36,29,0,155,0,0,37,6,43,90,36,66,6,198,0,0,0,198
11/06/2021,SYR,NY,AEA,EN,Combined TRACON& Tower with Radar,61,19,22,3,105,0,4,44,1,49,61,23,66,4,154,8,0,8,162
11/07/2021,SYR,NY,AEA,EN,Combined TRACON& Tower with Radar,65,27,17,0,109,0,0,31,1,32,65,27,48,1,141,8,0,8,149
11/08/2021,SYR,NY,AEA,EN,Combined TRACON& Tower with Radar,90,30,24,6,150,0,1,25,32,58,90,31,49,38,208,44,18,62,270
11/09/2021,SYR,NY,AEA,EN,Combined TRACON& Tower with Radar,79,28,11,16,134,0,2,23,47,72,79,30,34,63,206,20,68,88,294
11/10/2021,SYR,NY,AEA,EN,Combined TRACON& Tower with Radar,84,27,20,26,157,0,5,32,27,64,84,32,52,53,221,6,62,68,289
11/11/2021,SYR,NY,AEA,EN,Combined TRACON& Tower with Radar,87,28,18,1,134,0,0,21,5,26,87,28,39,6,160,16,0,16,176
11/12/2021,SYR,NY,AEA,EN,Combined TRACON& Tower with Radar,93,26,18,0,137,0,0,18,1,19,93,26,36,1,156,0,0,0,156
11/13/2021,SYR,NY,AEA,EN,Combined TRACON& Tower with Radar,64,23,9,0,96,0,0,0,1,1,64,23,9,1,97,0,0,0,97
11/14/2021,SYR,NY,AEA,EN,Combined TRACON& Tower with Radar,76,28,15,0,119,0,1,16,0,17,76,29,31,0,136,0,0,0,136
11/15/2021,SYR,NY,AEA,EN,Combined TRACON& Tower with Radar,88,31,7,7,133,0,0,0,0,0,88,31,7,7,133,0,0,0,133
11/16/2021,SYR,NY,AEA,EN,Combined TRACON& Tower with Radar,90,28,14,8,140,0,0,13,0,13,90,28,27,8,153,0,0,0,153
11/17/2021,SYR,NY,AEA,EN,Combined TRACON& Tower with Radar,92,32,14,6,144,0,0,17,31,48,92,32,31,37,192,0,40,40,232
11/18/2021,SYR,NY,AEA,EN,Combined TRACON& Tower with Radar,94,26,20,3,143,0,0,5,2,7,94,26,25,5,150,0,0,0,150
11/19/2021,SYR,NY,AEA,EN,Combined TRACON& Tower with Radar,97,38,21,6,162,0,0,5,2,7,97,38,26,8,169,0,0,0,169
11/20/2021,SYR,NY,AEA,EN,Combined TRACON& Tower with Radar,81,25,14,0,120,0,0,27,3,30,81,25,41,3,150,0,0,0,150
11/21/2021,SYR,NY,AEA,EN,Combined TRACON& Tower with Radar,79,24,14,0,117,0,0,32,2,34,79,24,46,2,151,30,0,30,181
11/22/2021,SYR,NY,AEA,EN,Combined TRACON& Tower with Radar,89,22,12,12,135,0,0,10,13,23,89,22,22,25,158,0,0,0,158
11/23/2021,SYR,NY,AEA,EN,Combined TRACON& Tower with Radar,101,21,16,15,153,0,0,7,9,16,101,21,23,24,169,10,30,40,209
11/24/2021,SYR,NY,AEA,EN,Combined TRACON& Tower with Radar,103,26,24,7,160,0,2,37,5,44,103,28,61,12,204,0,12,12,216
11/25/2021,SYR,NY,AEA,EN,Combined TRACON& Tower with Radar,46,11,3,1,61,0,0,2,3,5,46,11,5,4,66,0,0,0,66
11/26/2021,SYR,NY,AEA,EN,Combined TRACON& Tower with Radar,76,15,4,0,95,0,0,0,0,0,76,15,4,0,95,0,0,0,95
11/27/2021,SYR,NY,AEA,EN,Combined TRACON& Tower with Radar,84,38,16,0,138,0,0,3,0,3,84,38,19,0,141,0,0,0,141
11/28/2021,SYR,NY,AEA,EN,Combined TRACON& Tower with Radar,89,36,27,0,152,0,0,1,0,1,89,36,28,0,153,0,0,0,153
11/29/2021,SYR,NY,AEA,EN,Combined TRACON& Tower with Radar,103,32,12,10,157,0,3,5,12,20,103,35,17,22,177,0,0,0,177
11/30/2021,SYR,NY,AEA,EN,Combined TRACON& Tower with Radar,93,40,15,6,154,0,0,5,6,11,93,40,20,12,165,0,0,0,165
12/01/2021,SYR,NY,AEA,EN,Combined TRACON& Tower with Radar,95,31,17,21,164,0,0,21,10,31,95,31,38,31,195,6,0,6,201
12/02/2021,SYR,NY,AEA,EN,Combined TRACON& Tower with Radar,99,30,15,0,144,0,0,1,0,1,99,30,16,0,145,0,0,0,145
12/03/2021,SYR,NY,AEA,EN,Combined TRACON& Tower with Radar,97,31,23,0,151,0,0,13,6,19,97,31,36,6,170,0,0,0,170
12/04/2021,SYR,NY,AEA,EN,Combined TRACON& Tower with Radar,63,23,16,0,102,0,0,6,0,6,63,23,22,0,108,22,0,22,130
12/05/2021,SYR,NY,AEA,EN,Combined TRACON& Tower with Radar,81,24,9,20,134,0,0,22,0,22,81,24,31,20,156,10,0,10,166
12/06/2021,SYR,NY,AEA,EN,Combined TRACON& Tower with Radar,93,23,6,0,122,0,0,0,0,0,93,23,6,0,122,0,0,0,122
12/07/2021,SYR,NY,AEA,EN,Combined TRACON& Tower with Radar,91,37,23,4,155,0,0,5,8,13,91,37,28,12,168,0,10,10,178
12/08/2021,SYR,NY,AEA,EN,Combined TRACON& Tower with Radar,92,32,11,6,141,0,0,2,0,2,92,32,13,6,143,0,0,0,143
12/09/2021,SYR,NY,AEA,EN,Combined TRACON& Tower with Radar,102,30,20,8,160,0,2,30,8,40,102,32,50,16,200,18,0,18,218
12/10/2021,SYR,NY,AEA,EN,Combined TRACON& Tower with Radar,99,30,17,4,150,0,2,19,0,21,99,32,36,4,171,0,0,0,171
12/11/2021,SYR,NY,AEA,EN,Combined TRACON& Tower with Radar,65,18,1,0,84,0,2,0,0,2,65,20,1,0,86,0,0,0,86
12/12/2021,SYR,NY,AEA,EN,Combined TRACON& Tower with Radar,79,25,10,5,119,0,0,21,4,25,79,25,31,9,144,0,0,0,144
12/13/2021,SYR,NY,AEA,EN,Combined TRACON& Tower with Radar,93,27,14,18,152,0,0,20,13,33,93,27,34,31,185,0,0,0,185
12/14/2021,SYR,NY,AEA,EN,Combined TRACON& Tower with Radar,92,27,39,11,169,0,0,27,5,32,92,27,66,16,201,30,6,36,237
12/15/2021,SYR,NY,AEA,EN,Combined TRACON& Tower with Radar,91,22,19,8,140,0,0,9,1,10,91,22,28,9,150,10,8,18,168
12/16/2021,SYR,NY,AEA,EN,Combined TRACON& Tower with Radar,100,36,12,2,150,0,1,8,2,11,100,37,20,4,161,0,0,0,161
12/17/2021,SYR,NY,AEA,EN,Combined TRACON& Tower with Radar,94,30,21,0,145,0,0,30,5,35,94,30,51,5,180,40,0,40,220
12/18/2021,SYR,NY,AEA,EN,Combined TRACON& Tower with Radar,74,20,4,0,98,0,0,0,0,0,74,20,4,0,98,0,0,0,98
12/19/2021,SYR,NY,AEA,EN,Combined TRACON& Tower with Radar,83,23,7,0,113,0,0,2,0,2,83,23,9,0,115,0,0,0,115
12/20/2021,SYR,NY,AEA,EN,Combined TRACON& Tower with Radar,92,24,14,14,144,0,0,36,8,44,92,24,50,22,188,16,26,42,230
12/21/2021,SYR,NY,AEA,EN,Combined TRACON& Tower with Radar,101,30,14,5,150,0,0,17,33,50,101,30,31,38,200,4,56,60,260
12/22/2021,SYR,NY,AEA,EN,Combined TRACON& Tower with Radar,101,30,14,2,147,0,0,11,0,11,101,30,25,2,158,0,0,0,158
12/23/2021,SYR,NY,AEA,EN,Combined TRACON& Tower with Radar,103,32,9,0,144,0,0,7,0,7,103,32,16,0,151,0,0,0,151
12/24/2021,SYR,NY,AEA,EN,Combined TRACON& Tower with Radar,68,24,6,0,98,0,1,8,2,11,68,25,14,2,109,0,0,0,109
12/25/2021,SYR,NY,AEA,EN,Combined TRACON& Tower with Radar,47,15,4,0,66,0,0,0,0,0,47,15,4,0,66,0,0,0,66
12/26/2021,SYR,NY,AEA,EN,Combined TRACON& Tower with Radar,66,26,11,0,103,0,0,0,0,0,66,26,11,0,103,0,0,0,103
12/27/2021,SYR,NY,AEA,EN,Combined TRACON& Tower with Radar,72,30,17,2,121,0,0,9,0,9,72,30,26,2,130,0,0,0,130
12/28/2021,SYR,NY,AEA,EN,Combined TRACON& Tower with Radar,80,33,13,6,132,0,0,17,2,19,80,33,30,8,151,22,0,22,173
12/29/2021,SYR,NY,AEA,EN,Combined TRACON& Tower with Radar,87,27,16,0,130,0,0,0,0,0,87,27,16,0,130,0,0,0,130
12/30/2021,SYR,NY,AEA,EN,Combined TRACON& Tower with Radar,82,37,7,10,136,0,0,10,0,10,82,37,17,10,146,0,0,0,146
12/31/2021,SYR,NY,AEA,EN,Combined TRACON& Tower with Radar,65,22,5,0,92,0,0,13,0,13,65,22,18,0,105,0,0,0,105
01/01/2022,SYR,NY,AEA,EN,Combined TRACON& Tower with Radar,49,18,5,0,72,0,0,0,0,0,49,18,5,0,72,0,0,0,72
01/02/2022,SYR,NY,AEA,EN,Combined TRACON& Tower with Radar,69,27,8,0,104,0,0,0,0,0,69,27,8,0,104,0,0,0,104
01/03/2022,SYR,NY,AEA,EN,Combined TRACON& Tower with Radar,79,27,8,1,115,0,0,13,49,62,79,27,21,50,177,14,72,86,263
01/04/2022,SYR,NY,AEA,EN,Combined TRACON& Tower with Radar,87,26,11,6,130,0,1,8,10,19,87,27,19,16,149,0,0,0,149
01/05/2022,SYR,NY,AEA,EN,Combined TRACON& Tower with Radar,79,22,20,7,128,0,0,8,17,25,79,22,28,24,153,0,0,0,153
01/06/2022,SYR,NY,AEA,EN,Combined TRACON& Tower with Radar,80,34,3,4,121,0,0,5,5,10,80,34,8,9,131,10,11,21,152
01/07/2022,SYR,NY,AEA,EN,Combined TRACON& Tower with Radar,75,24,4,0,103,0,0,0,0,0,75,24,4,0,103,0,0,0,103
01/08/2022,SYR,NY,AEA,EN,Combined TRACON& Tower with Radar,64,22,13,2,101,0,2,16,8,26,64,24,29,10,127,0,12,12,139
01/09/2022,SYR,NY,AEA,EN,Combined TRACON& Tower with Radar,57,25,3,0,85,0,0,0,0,0,57,25,3,0,85,0,0,0,85
01/10/2022,SYR,NY,AEA,EN,Combined TRACON& Tower with Radar,66,23,9,6,104,0,0,6,52,58,66,23,15,58,162,0,82,82,244
01/11/2022,SYR,NY,AEA,EN,Combined TRACON& Tower with Radar,94,20,13,10,137,0,0,6,2,8,94,20,19,12,145,0,12,12,157
01/12/2022,SYR,NY,AEA,EN,Combined TRACON& Tower with Radar,83,18,5,5,111,0,0,5,4,9,83,18,10,9,120,0,0,0,120
01/13/2022,SYR,NY,AEA,EN,Combined TRACON& Tower with Radar,92,23,12,2,129,0,0,5,0,5,92,23,17,2,134,0,0,0,134
01/14/2022,SYR,NY,AEA,EN,Combined TRACON& Tower with Radar,86,29,9,0,124,0,0,4,1,5,86,29,13,1,129,0,0,0,129
01/15/2022,SYR,NY,AEA,EN,Combined TRACON& Tower with Radar,60,20,7,0,87,0,2,8,1,11,60,22,15,1,98,0,0,0,98
01/16/2022,SYR,NY,AEA,EN,Combined TRACON& Tower with Radar,46,15,9,0,70,0,0,14,4,18,46,15,23,4,88,42,0,42,130
01/17/2022,SYR,NY,AEA,EN,Combined TRACON& Tower with Radar,50,21,4,0,75,0,0,0,0,0,50,21,4,0,75,0,0,0,75
01/18/2022,SYR,NY,AEA,EN,Combined TRACON& Tower with Radar,84,28,24,4,140,0,1,6,0,7,84,29,30,4,147,0,0,0,147
01/19/2022,SYR,NY,AEA,EN,Combined TRACON& Tower with Radar,87,21,17,10,135,0,0,9,0,9,87,21,26,10,144,0,0,0,144
01/20/2022,SYR,NY,AEA,EN,Combined TRACON& Tower with Radar,82,24,13,6,125,0,0,4,2,6,82,24,17,8,131,0,0,0,131
01/21/2022,SYR,NY,AEA,EN,Combined TRACON& Tower with Radar,85,25,11,0,121,0,0,19,7,26,85,25,30,7,147,0,0,0,147
01/22/2022,SYR,NY,AEA,EN,Combined TRACON& Tower with Radar,61,24,20,2,107,0,1,23,5,29,61,25,43,7,136,0,0,0,136
01/23/2022,SYR,NY,AEA,EN,Combined TRACON& Tower with Radar,67,28,7,0,102,0,0,0,0,0,67,28,7,0,102,0,0,0,102
01/24/2022,SYR,NY,AEA,EN,Combined TRACON& Tower with Radar,80,24,12,8,124,0,0,7,0,7,80,24,19,8,131,0,0,0,131
01/25/2022,SYR,NY,AEA,EN,Combined TRACON& Tower with Radar,84,19,16,10,129,0,2,0,4,6,84,21,16,14,135,0,8,8,143
01/26/2022,SYR,NY,AEA,EN,Combined TRACON& Tower with Radar,92,28,15,10,145,0,0,16,3,19,92,28,31,13,164,0,0,0,164
01/27/2022,SYR,NY,AEA,EN,Combined TRACON& Tower with Radar,90,24,18,5,137,0,3,18,5,26,90,27,36,10,163,0,0,0,163
01/28/2022,SYR,NY,AEA,EN,Combined TRACON& Tower with Radar,76,31,7,1,115,0,0,2,2,4,76,31,9,3,119,0,0,0,119
01/29/2022,SYR,NY,AEA,EN,Combined TRACON& Tower with Radar,46,17,11,1,75,0,1,5,1,7,46,18,16,2,82,0,0,0,82
01/30/2022,SYR,NY,AEA,EN,Combined TRACON& Tower with Radar,64,29,13,0,106,0,1,10,1,12,64,30,23,1,118,0,0,0,118
01/31/2022,SYR,NY,AEA,EN,Combined TRACON& Tower with Radar,82,19,17,6,124,0,0,21,1,22,82,19,38,7,146,0,0,0,146
02/01/2022,SYR,NY,AEA,EN,Combined TRACON& Tower with Radar,84,15,13,15,127,0,0,14,24,38,84,15,27,39,165,4,34,38,203
02/02/2022,SYR,NY,AEA,EN,Combined TRACON& Tower with Radar,87,29,7,6,129,0,0,8,0,8,87,29,15,6,137,0,0,0,137
02/03/2022,SYR,NY,AEA,EN,Combined TRACON& Tower with Radar,55,17,5,1,78,0,0,1,0,1,55,17,6,1,79,0,0,0,79
02/04/2022,SYR,NY,AEA,EN,Combined TRACON& Tower with Radar,63,18,2,0,83,0,0,0,0,0,63,18,2,0,83,0,0,0,83
02/05/2022,SYR,NY,AEA,EN,Combined TRACON& Tower with Radar,56,20,9,10,95,0,0,5,2,7,56,20,14,12,102,0,0,0,102
02/06/2022,SYR,NY,AEA,EN,Combined TRACON& Tower with Radar,63,23,13,2,101,0,2,17,1,20,63,25,30,3,121,0,0,0,121
02/07/2022,SYR,NY,AEA,EN,Combined TRACON& Tower with Radar,79,24,16,8,127,0,0,12,2,14,79,24,28,10,141,0,0,0,141
02/08/2022,SYR,NY,AEA,EN,Combined TRACON& Tower with Radar,89,18,10,14,131,0,0,2,0,2,89,18,12,14,133,0,0,0,133
02/09/2022,SYR,NY,AEA,EN,Combined TRACON& Tower with Radar,95,22,19,7,143,0,0,17,4,21,95,22,36,11,164,0,0,0,164
02/10/2022,SYR,NY,AEA,EN,Combined TRACON& Tower with Radar,88,32,9,5,134,0,0,0,0,0,88,32,9,5,134,0,0,0,134
02/11/2022,SYR,NY,AEA,EN,Combined TRACON& Tower with Radar,92,36,9,0,137,0,0,13,0,13,92,36,22,0,150,0,0,0,150
02/12/2022,SYR,NY,AEA,EN,Combined TRACON& Tower with Radar,66,23,6,0,95,0,0,2,0,2,66,23,8,0,97,0,0,0,97
02/13/2022,SYR,NY,AEA,EN,Combined TRACON& Tower with Radar,66,21,6,8,101,0,0,7,0,7,66,21,13,8,108,0,0,0,108
02/14/2022,SYR,NY,AEA,EN,Combined TRACON& Tower with Radar,80,32,10,4,126,0,1,13,0,14,80,33,23,4,140,0,0,0,140
02/15/2022,SYR,NY,AEA,EN,Combined TRACON& Tower with Radar,91,19,16,8,134,0,0,10,2,12,91,19,26,10,146,0,0,0,146
02/16/2022,SYR,NY,AEA,EN,Combined TRACON& Tower with Radar,96,19,20,0,135,0,0,8,0,8,96,19,28,0,143,0,0,0,143
02/17/2022,SYR,NY,AEA,EN,Combined TRACON& Tower with Radar,92,27,18,2,139,0,0,3,0,3,92,27,21,2,142,0,0,0,142
02/18/2022,SYR,NY,AEA,EN,Combined TRACON& Tower with Radar,100,34,6,4,144,0,0,3,0,3,100,34,9,4,147,0,0,0,147
02/19/2022,SYR,NY,AEA,EN,Combined TRACON& Tower with Radar,77,22,3,1,103,0,1,0,3,4,77,23,3,4,107,0,0,0,107
02/20/2022,SYR,NY,AEA,EN,Combined TRACON& Tower with Radar,76,21,18,0,115,0,3,16,2,21,76,24,34,2,136,0,0,0,136
02/21/2022,SYR,NY,AEA,EN,Combined TRACON& Tower with Radar,83,28,14,0,125,0,0,29,1,30,83,28,43,1,155,4,0,4,159
02/22/2022,SYR,NY,AEA,EN,Combined TRACON& Tower with Radar,99,18,11,9,137,0,0,3,1,4,99,18,14,10,141,0,0,0,141
02/23/2022,SYR,NY,AEA,EN,Combined TRACON& Tower with Radar,96,18,11,4,129,0,0,0,0,0,96,18,11,4,129,0,0,0,129
02/24/2022,SYR,NY,AEA,EN,Combined TRACON& Tower with Radar,90,22,15,16,143,0,0,17,20,37,90,22,32,36,180,0,0,0,180
02/25/2022,SYR,NY,AEA,EN,Combined TRACON& Tower with Radar,51,17,8,0,76,0,0,0,0,0,51,17,8,0,76,0,0,0,76
02/26/2022,SYR,NY,AEA,EN,Combined TRACON& Tower with Radar,80,41,25,0,146,0,1,3,3,7,80,42,28,3,153,0,0,0,153
02/27/2022,SYR,NY,AEA,EN,Combined TRACON& Tower with Radar,77,24,17,0,118,0,0,0,0,0,77,24,17,0,118,0,0,0,118
02/28/2022,SYR,NY,AEA,EN,Combined TRACON& Tower with Radar,86,29,13,30,158,0,3,24,16,43,86,32,37,46,201,2,21,23,224
03/01/2022,SYR,NY,AEA,EN,Combined TRACON& Tower with Radar,97,30,7,0,134,0,0,11,4,15,97,30,18,4,149,6,0,6,155
03/02/2022,SYR,NY,AEA,EN,Combined TRACON& Tower with Radar,98,23,20,7,148,0,1,11,6,18,98,24,31,13,166,0,6,6,172
03/03/2022,SYR,NY,AEA,EN,Combined TRACON& Tower with Radar,91,31,11,10,143,0,0,1,3,4,91,31,12,13,147,0,0,0,147
03/04/2022,SYR,NY,AEA,EN,Combined TRACON& Tower with Radar,90,30,15,1,136,0,0,19,1,20,90,30,34,2,156,0,0,0,156
03/05/2022,SYR,NY,AEA,EN,Combined TRACON& Tower with Radar,70,22,10,9,111,0,0,22,21,43,70,22,32,30,154,10,50,60,214
03/06/2022,SYR,NY,AEA,EN,Combined TRACON& Tower with Radar,67,38,9,0,114,0,0,2,0,2,67,38,11,0,116,0,0,0,116
03/07/2022,SYR,NY,AEA,EN,Combined TRACON& Tower with Radar,76,30,7,0,113,0,0,0,0,0,76,30,7,0,113,0,0,0,113
03/08/2022,SYR,NY,AEA,EN,Combined TRACON& Tower with Radar,90,24,16,12,142,0,0,13,0,13,90,24,29,12,155,0,0,0,155
03/09/2022,SYR,NY,AEA,EN,Combined TRACON& Tower with Radar,82,20,12,2,116,0,0,0,3,3,82,20,12,5,119,0,0,0,119
03/10/2022,SYR,NY,AEA,EN,Combined TRACON& Tower with Radar,88,31,14,13,146,0,0,28,3,31,88,31,42,16,177,0,0,0,177
03/11/2022,SYR,NY,AEA,EN,Combined TRACON& Tower with Radar,89,36,31,3,159,0,2,29,1,32,89,38,60,4,191,0,0,0,191
03/12/2022,SYR,NY,AEA,EN,Combined TRACON& Tower with Radar,64,6,5,0,75,0,0,0,0,0,64,6,5,0,75,0,0,0,75
03/13/2022,SYR,NY,AEA,EN,Combined TRACON& Tower with Radar,75,18,7,0,100,0,0,4,0,4,75,18,11,0,104,12,0,12,116
03/14/2022,SYR,NY,AEA,EN,Combined TRACON& Tower with Radar,81,23,9,6,119,0,0,20,0,20,81,23,29,6,139,0,0,0,139
03/15/2022,SYR,NY,AEA,EN,Combined TRACON& Tower with Radar,87,28,15,2,132,0,0,7,0,7,87,28,22,2,139,29,0,29,168
03/16/2022,SYR,NY,AEA,EN,Combined TRACON& Tower with Radar,86,21,27,9,143,0,0,29,3,32,86,21,56,12,175,0,0,0,175
03/17/2022,SYR,NY,AEA,EN,Combined TRACON& Tower with Radar,93,28,29,10,160,0,0,24,12,36,93,28,53,22,196,0,0,0,196
03/18/2022,SYR,NY,AEA,EN,Combined TRACON& Tower with Radar,92,26,25,0,143,0,0,19,4,23,92,26,44,4,166,0,0,0,166
03/19/2022,SYR,NY,AEA,EN,Combined TRACON& Tower with Radar,72,26,5,0,103,0,0,4,0,4,72,26,9,0,107,0,0,0,107
03/20/2022,SYR,NY,AEA,EN,Combined TRACON& Tower with Radar,73,26,10,0,109,0,0,2,2,4,73,26,12,2,113,0,0,0,113
03/21/2022,SYR,NY,AEA,EN,Combined TRACON& Tower with Radar,78,25,20,14,137,0,0,16,2,18,78,25,36,16,155,0,0,0,155
03/22/2022,SYR,NY,AEA,EN,Combined TRACON& Tower with Radar,85,24,25,9,143,0,2,34,9,45,85,26,59,18,188,0,0,0,188
03/23/2022,SYR,NY,AEA,EN,Combined TRACON& Tower with Radar,88,21,15,6,130,0,0,5,3,8,88,21,20,9,138,0,0,0,138
03/24/2022,SYR,NY,AEA,EN,Combined TRACON& Tower with Radar,91,34,18,19,162,0,0,6,3,9,91,34,24,22,171,0,0,0,171
03/25/2022,SYR,NY,AEA,EN,Combined TRACON& Tower with Radar,86,30,20,1,137,0,3,0,2,5,86,33,20,3,142,0,0,0,142
03/26/2022,SYR,NY,AEA,EN,Combined TRACON& Tower with Radar,69,24,17,0,110,0,0,3,0,3,69,24,20,0,113,0,0,0,113
03/27/2022,SYR,NY,AEA,EN,Combined TRACON& Tower with Radar,74,23,4,0,101,0,0,0,0,0,74,23,4,0,101,0,0,0,101
03/28/2022,SYR,NY,AEA,EN,Combined TRACON& Tower with Radar,81,30,13,0,124,0,0,0,0,0,81,30,13,0,124,0,0,0,124
03/29/2022,SYR,NY,AEA,EN,Combined TRACON& Tower with Radar,93,21,20,12,146,0,0,14,0,14,93,21,34,12,160,8,0,8,168
03/30/2022,SYR,NY,AEA,EN,Combined TRACON& Tower with Radar,88,19,12,9,128,0,0,17,7,24,88,19,29,16,152,12,0,12,164
03/31/2022,SYR,NY,AEA,EN,Combined TRACON& Tower with Radar,93,29,23,1,146,0,0,3,5,8,93,29,26,6,154,0,0,0,154
04/01/2022,SYR,NY,AEA,EN,Combined TRACON& Tower with Radar,90,33,5,0,128,0,0,5,0,5,90,33,10,0,133,0,0,0,133
04/02/2022,SYR,NY,AEA,EN,Combined TRACON& Tower with Radar,64,23,16,8,111,0,0,48,0,48,64,23,64,8,159,30,0,30,189
04/03/2022,SYR,NY,AEA,EN,Combined TRACON& Tower with Radar,75,14,9,0,98,0,0,0,0,0,75,14,9,0,98,0,0,0,98
04/04/2022,SYR,NY,AEA,EN,Combined TRACON& Tower with Radar,83,26,17,16,142,0,0,15,4,19,83,26,32,20,161,0,0,0,161
04/05/2022,SYR,NY,AEA,EN,Combined TRACON& Tower with Radar,95,27,14,15,151,0,2,32,5,39,95,29,46,20,190,10,0,10,200
04/06/2022,SYR,NY,AEA,EN,Combined TRACON& Tower with Radar,104,31,27,22,184,0,0,20,21,41,104,31,47,43,225,0,44,44,269
04/07/2022,SYR,NY,AEA,EN,Combined TRACON& Tower with Radar,92,21,12,2,127,0,0,1,0,1,92,21,13,2,128,0,0,0,128
04/08/2022,SYR,NY,AEA,EN,Combined TRACON& Tower with Radar,90,33,19,0,142,0,0,17,4,21,90,33,36,4,163,6,0,6,169
04/09/2022,SYR,NY,AEA,EN,Combined TRACON& Tower with Radar,82,25,17,0,124,0,0,8,3,11,82,25,25,3,135,0,0,0,135
04/10/2022,SYR,NY,AEA,EN,Combined TRACON& Tower with Radar,76,22,11,0,109,0,0,2,0,2,76,22,13,0,111,0,0,0,111
04/11/2022,SYR,NY,AEA,EN,Combined TRACON& Tower with Radar,94,23,13,7,137,0,1,30,6,37,94,24,43,13,174,0,10,10,184
04/12/2022,SYR,NY,AEA,EN,Combined TRACON& Tower with Radar,97,24,19,4,144,0,0,26,0,26,97,24,45,4,170,2,0,2,172
04/13/2022,SYR,NY,AEA,EN,Combined TRACON& Tower with Radar,101,24,14,11,150,0,0,7,3,10,101,24,21,14,160,0,0,0,160
04/14/2022,SYR,NY,AEA,EN,Combined TRACON& Tower with Radar,97,34,13,7,151,0,0,11,5,16,97,34,24,12,167,0,0,0,167
04/15/2022,SYR,NY,AEA,EN,Combined TRACON& Tower with Radar,104,32,16,2,154,0,1,11,6,18,104,33,27,8,172,0,0,0,172
04/16/2022,SYR,NY,AEA,EN,Combined TRACON& Tower with Radar,81,19,17,0,117,0,0,4,0,4,81,19,21,0,121,8,0,8,129
04/17/2022,SYR,NY,AEA,EN,Combined TRACON& Tower with Radar,80,24,12,0,116,0,0,8,0,8,80,24,20,0,124,22,0,22,146
04/18/2022,SYR,NY,AEA,EN,Combined TRACON& Tower with Radar,94,20,17,8,139,0,1,20,5,26,94,21,37,13,165,0,0,0,165
04/19/2022,SYR,NY,AEA,EN,Combined TRACON& Tower with Radar,98,24,9,0,131,0,0,0,0,0,98,24,9,0,131,0,0,0,131
04/20/2022,SYR,NY,AEA,EN,Combined TRACON& Tower with Radar,98,19,22,15,154,0,0,27,21,48,98,19,49,36,202,6,20,26,228
04/21/2022,SYR,NY,AEA,EN,Combined TRACON& Tower with Radar,96,19,18,5,138,0,2,0,1,3,96,21,18,6,141,0,0,0,141
04/22/2022,SYR,NY,AEA,EN,Combined TRACON& Tower with Radar,100,18,8,1,127,0,3,36,10,49,100,21,44,11,176,20,0,20,196
04/23/2022,SYR,NY,AEA,EN,Combined TRACON& Tower with Radar,72,15,15,0,102,0,0,15,4,19,72,15,30,4,121,0,0,0,121
04/24/2022,SYR,NY,AEA,EN,Combined TRACON& Tower with Radar,76,18,15,1,110,0,0,33,7,40,76,18,48,8,150,8,0,8,158
04/25/2022,SYR,NY,AEA,EN,Combined TRACON& Tower with Radar,92,20,26,26,164,0,0,31,6,37,92,20,57,32,201,46,12,58,259
04/26/2022,SYR,NY,AEA,EN,Combined TRACON& Tower with Radar,99,26,19,3,147,0,0,7,3,10,99,26,26,6,157,0,0,0,157
04/27/2022,SYR,NY,AEA,EN,Combined TRACON& Tower with Radar,96,32,15,11,154,0,0,3,3,6,96,32,18,14,160,0,0,0,160
04/28/2022,SYR,NY,AEA,EN,Combined TRACON& Tower with Radar,94,32,17,24,167,0,0,16,20,36,94,32,33,44,203,0,22,22,225
04/29/2022,SYR,NY,AEA,EN,Combined TRACON& Tower with Radar,94,22,20,14,150,0,0,13,4,17,94,22,33,18,167,22,0,22,189
04/30/2022,SYR,NY,AEA,EN,Combined TRACON& Tower with Radar,81,14,9,9,113,0,1,32,16,49,81,15,41,25,162,24,17,41,203
05/01/2022,SYR,NY,AEA,EN,Combined TRACON& Tower with Radar,80,14,9,0,103,0,0,28,4,32,80,14,37,4,135,18,0,18,153
05/02/2022,SYR,NY,AEA,EN,Combined TRACON& Tower with Radar,86,26,25,8,145,0,0,5,0,5,86,26,30,8,150,0,0,0,150
05/03/2022,SYR,NY,AEA,EN,Combined TRACON& Tower with Radar,98,24,14,15,151,0,0,26,3,29,98,24,40,18,180,0,0,0,180
05/04/2022,SYR,NY,AEA,EN,Combined TRACON& Tower with Radar,92,23,17,7,139,0,0,0,5,5,92,23,17,12,144,0,14,14,158
05/05/2022,SYR,NY,AEA,EN,Combined TRACON& Tower with Radar,96,24,40,14,174,0,0,32,4,36,96,24,72,18,210,0,0,0,210
05/06/2022,SYR,NY,AEA,EN,Combined TRACON& Tower with Radar,90,28,19,0,137,0,0,20,4,24,90,28,39,4,161,20,0,20,181
05/07/2022,SYR,NY,AEA,EN,Combined TRACON& Tower with Radar,72,21,7,0,100,0,0,25,0,25,72,21,32,0,125,0,0,0,125
05/08/2022,SYR,NY,AEA,EN,Combined TRACON& Tower with Radar,72,18,9,0,99,0,0,26,0,26,72,18,35,0,125,26,0,26,151
05/09/2022,SYR,NY,AEA,EN,Combined TRACON& Tower with Radar,88,22,16,8,134,0,2,38,7,47,88,24,54,15,181,18,6,24,205
05/10/2022,SYR,NY,AEA,EN,Combined TRACON& Tower with Radar,86,23,21,10,140,0,0,43,3,46,86,23,64,13,186,30,0,30,216
05/11/2022,SYR,NY,AEA,EN,Combined TRACON& Tower with Radar,87,24,21,10,142,0,2,35,4,41,87,26,56,14,183,0,0,0,183
05/12/2022,SYR,NY,AEA,EN,Combined TRACON& Tower with Radar,93,34,19,0,146,0,1,32,6,39,93,35,51,6,185,0,0,0,185
05/13/2022,SYR,NY,AEA,EN,Combined TRACON& Tower with Radar,93,44,24,1,162,0,0,28,8,36,93,44,52,9,198,0,0,0,198
05/14/2022,SYR,NY,AEA,EN,Combined TRACON& Tower with Radar,70,32,17,2,121,0,0,18,7,25,70,32,35,9,146,0,0,0,146
05/15/2022,SYR,NY,AEA,EN,Combined TRACON& Tower with Radar,75,29,17,0,121,0,2,15,6,23,75,31,32,6,144,0,0,0,144
05/16/2022,SYR,NY,AEA,EN,Combined TRACON& Tower with Radar,73,20,13,4,110,0,0,7,4,11,73,20,20,8,121,12,6,18,139
05/17/2022,SYR,NY,AEA,EN,Combined TRACON& Tower with Radar,91,25,19,22,157,0,0,7,12,19,91,25,26,34,176,2,38,40,216
05/18/2022,SYR,NY,AEA,EN,Combined TRACON& Tower with Radar,87,33,13,9,142,0,2,34,10,46,87,35,47,19,188,0,0,0,188
05/19/2022,SYR,NY,AEA,EN,Combined TRACON& Tower with Radar,101,29,13,8,151,0,0,4,3,7,101,29,17,11,158,14,5,19,177
05/20/2022,SYR,NY,AEA,EN,Combined TRACON& Tower with Radar,92,26,21,2,141,0,0,16,7,23,92,26,37,9,164,0,0,0,164
05/21/2022,SYR,NY,AEA,EN,Combined TRACON& Tower with Radar,70,17,10,1,98,0,1,25,6,32,70,18,35,7,130,0,0,0,130
05/22/2022,SYR,NY,AEA,EN,Combined TRACON& Tower with Radar,65,18,22,0,105,0,0,18,0,18,65,18,40,0,123,19,0,19,142
05/23/2022,SYR,NY,AEA,EN,Combined TRACON& Tower with Radar,82,23,11,15,131,0,2,21,8,31,82,25,32,23,162,0,0,0,162
05/24/2022,SYR,NY,AEA,EN,Combined TRACON& Tower with Radar,87,23,15,20,145,0,2,36,8,46,87,25,51,28,191,16,14,30,221
05/25/2022,SYR,NY,AEA,EN,Combined TRACON& Tower with Radar,91,25,18,8,142,0,2,27,2,31,91,27,45,10,173,0,0,0,173
05/26/2022,SYR,NY,AEA,EN,Combined TRACON& Tower with Radar,92,27,24,10,153,0,2,19,2,23,92,29,43,12,176,0,0,0,176
05/27/2022,SYR,NY,AEA,EN,Combined TRACON& Tower with Radar,82,23,13,0,118,0,0,1,0,1,82,23,14,0,119,0,0,0,119
05/28/2022,SYR,NY,AEA,EN,Combined TRACON& Tower with Radar,65,15,10,0,90,0,0,6,0,6,65,15,16,0,96,0,0,0,96
05/29/2022,SYR,NY,AEA,EN,Combined TRACON& Tower with Radar,69,23,6,2,100,0,0,25,6,31,69,23,31,8,131,34,0,34,165
05/30/2022,SYR,NY,AEA,EN,Combined TRACON& Tower with Radar,71,15,13,0,99,0,0,31,15,46,71,15,44,15,145,20,0,20,165
05/31/2022,SYR,NY,AEA,EN,Combined TRACON& Tower with Radar,80,26,15,7,128,0,1,25,5,31,80,27,40,12,159,0,0,0,159
06/01/2022,SYR,NY,AEA,EN,Combined TRACON& Tower with Radar,83,23,17,0,123,0,0,4,0,4,83,23,21,0,127,0,0,0,127
06/02/2022,SYR,NY,AEA,EN,Combined TRACON& Tower with Radar,88,34,26,10,158,0,0,20,0,20,88,34,46,10,178,24,2,26,204
06/03/2022,SYR,NY,AEA,EN,Combined TRACON& Tower with Radar,95,23,24,3,145,0,0,20,5,25,95,23,44,8,170,0,0,0,170
06/04/2022,SYR,NY,AEA,EN,Combined TRACON& Tower with Radar,65,21,10,9,105,0,0,25,7,32,65,21,35,16,137,0,0,0,137
06/05/2022,SYR,NY,AEA,EN,Combined TRACON& Tower with Radar,83,23,14,6,126,0,0,51,11,62,83,23,65,17,188,6,0,6,194
06/06/2022,SYR,NY,AEA,EN,Combined TRACON& Tower with Radar,92,21,9,9,131,0,0,24,6,30,92,21,33,15,161,0,0,0,161
06/07/2022,SYR,NY,AEA,EN,Combined TRACON& Tower with Radar,96,23,18,2,139,0,0,2,6,8,96,23,20,8,147,0,0,0,147
06/08/2022,SYR,NY,AEA,EN,Combined TRACON& Tower with Radar,97,30,20,8,155,0,0,29,8,37,97,30,49,16,192,20,8,28,220
06/09/2022,SYR,NY,AEA,EN,Combined TRACON& Tower with Radar,101,20,24,1,146,0,0,1,1,2,101,20,25,2,148,0,0,0,148
06/10/2022,SYR,NY,AEA,EN,Combined TRACON& Tower with Radar,90,27,11,2,130,0,3,19,2,24,90,30,30,4,154,0,0,0,154
06/11/2022,SYR,NY,AEA,EN,Combined TRACON& Tower with Radar,80,20,10,1,111,0,1,34,3,38,80,21,44,4,149,10,0,10,159
06/12/2022,SYR,NY,AEA,EN,Combined TRACON& Tower with Radar,76,20,15,0,111,0,0,13,2,15,76,20,28,2,126,0,0,0,126
06/13/2022,SYR,NY,AEA,EN,Combined TRACON& Tower with Radar,86,20,29,14,149,0,3,28,7,38,86,23,57,21,187,12,10,22,209
06/14/2022,SYR,NY,AEA,EN,Combined TRACON& Tower with Radar,102,25,20,11,158,0,2,48,6,56,102,27,68,17,214,2,0,2,216
06/15/2022,SYR,NY,AEA,EN,Combined TRACON& Tower with Radar,95,25,20,19,159,0,0,37,13,50,95,25,57,32,209,18,20,38,247
06/16/2022,SYR,NY,AEA,EN,Combined TRACON& Tower with Radar,93,28,11,10,142,0,1,7,4,12,93,29,18,14,154,0,6,6,160
06/17/2022,SYR,NY,AEA,EN,Combined TRACON& Tower with Radar,81,26,12,0,119,0,0,21,0,21,81,26,33,0,140,0,0,0,140
06/18/2022,SYR,NY,AEA,EN,Combined TRACON& Tower with Radar,69,19,10,0,98,0,0,11,2,13,69,19,21,2,111,0,0,0,111
06/19/2022,SYR,NY,AEA,EN,Combined TRACON& Tower with Radar,78,15,6,0,99,0,0,19,4,23,78,15,25,4,122,0,0,0,122
06/20/2022,SYR,NY,AEA,EN,Combined TRACON& Tower with Radar,93,22,23,0,138,0,2,41,3,46,93,24,64,3,184,24,0,24,208
06/21/2022,SYR,NY,AEA,EN,Combined TRACON& Tower with Radar,101,20,14,19,154,0,0,33,19,52,101,20,47,38,206,0,21,21,227
06/22/2022,SYR,NY,AEA,EN,Combined TRACON& Tower with Radar,75,26,29,8,138,0,0,30,4,34,75,26,59,12,172,10,14,24,196
06/23/2022,SYR,NY,AEA,EN,Combined TRACON& Tower with Radar,105,26,32,13,176,0,0,25,5,30,105,26,57,18,206,0,0,0,206
06/24/2022,SYR,NY,AEA,EN,Combined TRACON& Tower with Radar,96,20,20,1,137,0,0,38,6,44,96,20,58,7,181,0,0,0,181
06/25/2022,SYR,NY,AEA,EN,Combined TRACON& Tower with Radar,78,14,17,1,110,0,0,41,12,53,78,14,58,13,163,16,0,16,179
06/26/2022,SYR,NY,AEA,EN,Combined TRACON& Tower with Radar,73,16,19,2,110,0,0,26,4,30,73,16,45,6,140,0,0,0,140
06/27/2022,SYR,NY,AEA,EN,Combined TRACON& Tower with Radar,80,21,21,18,140,0,2,27,10,39,80,23,48,28,179,0,6,6,185
06/28/2022,SYR,NY,AEA,EN,Combined TRACON& Tower with Radar,101,25,23,9,158,0,1,47,1,49,101,26,70,10,207,46,0,46,253
06/29/2022,SYR,NY,AEA,EN,Combined TRACON& Tower with Radar,94,18,8,22,142,0,0,39,2,41,94,18,47,24,183,24,12,36,219
06/30/2022,SYR,NY,AEA,EN,Combined TRACON& Tower with Radar,101,27,11,12,151,0,0,37,5,42,101,27,48,17,193,0,0,0,193
07/01/2022,SYR,NY,AEA,EN,Combined TRACON& Tower with Radar,87,20,22,1,130,0,2,25,8,35,87,22,47,9,165,0,0,0,165
07/02/2022,SYR,NY,AEA,EN,Combined TRACON& Tower with Radar,76,15,11,1,103,0,0,33,5,38,76,15,44,6,141,0,0,0,141
07/03/2022,SYR,NY,AEA,EN,Combined TRACON& Tower with Radar,75,12,15,0,102,0,6,35,2,43,75,18,50,2,145,6,0,6,151
07/04/2022,SYR,NY,AEA,EN,Combined TRACON& Tower with Radar,75,19,7,0,101,0,0,29,0,29,75,19,36,0,130,4,0,4,134
07/05/2022,SYR,NY,AEA,EN,Combined TRACON& Tower with Radar,86,18,14,0,118,0,0,9,4,13,86,18,23,4,131,20,0,20,151
07/06/2022,SYR,NY,AEA,EN,Combined TRACON& Tower with Radar,91,23,25,7,146,0,1,12,3,16,91,24,37,10,162,0,0,0,162
07/07/2022,SYR,NY,AEA,EN,Combined TRACON& Tower with Radar,99,21,18,6,144,0,1,41,0,42,99,22,59,6,186,0,0,0,186
07/08/2022,SYR,NY,AEA,EN,Combined TRACON& Tower with Radar,88,19,19,0,126,0,0,27,4,31,88,19,46,4,157,23,0,23,180
07/09/2022,SYR,NY,AEA,EN,Combined TRACON& Tower with Radar,76,21,20,0,117,0,0,32,3,35,76,21,52,3,152,0,0,0,152
07/10/2022,SYR,NY,AEA,EN,Combined TRACON& Tower with Radar,86,11,17,0,114,0,0,32,2,34,86,11,49,2,148,14,0,14,162
07/11/2022,SYR,NY,AEA,EN,Combined TRACON& Tower with Radar,88,21,15,19,143,0,0,32,4,36,88,21,47,23,179,12,0,12,191
07/12/2022,SYR,NY,AEA,EN,Combined TRACON& Tower with Radar,92,13,15,6,126,0,0,7,3,10,92,13,22,9,136,0,0,0,136
07/13/2022,SYR,NY,AEA,EN,Combined TRACON& Tower with Radar,88,22,20,7,137,0,1,32,50,83,88,23,52,57,220,0,56,56,276
07/14/2022,SYR,NY,AEA,EN,Combined TRACON& Tower with Radar,101,20,7,8,136,0,0,22,12,34,101,20,29,20,170,6,0,6,176
07/15/2022,SYR,NY,AEA,EN,Combined TRACON& Tower with Radar,90,24,16,0,130,0,5,48,6,59,90,29,64,6,189,0,0,0,189
07/16/2022,SYR,NY,AEA,EN,Combined TRACON& Tower with Radar,73,18,15,0,106,0,11,30,12,53,73,29,45,12,159,0,0,0,159
07/17/2022,SYR,NY,AEA,EN,Combined TRACON& Tower with Radar,80,20,15,2,117,0,1,24,13,38,80,21,39,15,155,0,0,0,155
07/18/2022,SYR,NY,AEA,EN,Combined TRACON& Tower with Radar,86,20,17,8,131,0,0,6,0,6,86,20,23,8,137,12,0,12,149
07/19/2022,SYR,NY,AEA,EN,Combined TRACON& Tower with Radar,92,23,18,17,150,0,0,21,17,38,92,23,39,34,188,0,4,4,192
07/20/2022,SYR,NY,AEA,EN,Combined TRACON& Tower with Radar,88,21,17,8,134,0,0,38,21,59,88,21,55,29,193,16,0,16,209
07/21/2022,SYR,NY,AEA,EN,Combined TRACON& Tower with Radar,101,21,16,9,147,0,3,22,14,39,101,24,38,23,186,0,0,0,186
07/22/2022,SYR,NY,AEA,EN,Combined TRACON& Tower with Radar,94,19,15,11,139,0,1,37,14,52,94,20,52,25,191,0,0,0,191
07/23/2022,SYR,NY,AEA,EN,Combined TRACON& Tower with Radar,71,16,11,1,99,0,0,24,36,60,71,16,35,37,159,3,0,3,162
07/24/2022,SYR,NY,AEA,EN,Combined TRACON& Tower with Radar,74,18,9,0,101,0,1,16,16,33,74,19,25,16,134,0,0,0,134
07/25/2022,SYR,NY,AEA,EN,Combined TRACON& Tower with Radar,87,20,15,11,133,0,0,18,14,32,87,20,33,25,165,0,10,10,175
07/26/2022,SYR,NY,AEA,EN,Combined TRACON& Tower with Radar,92,24,23,17,156,0,1,50,30,81,92,25,73,47,237,34,0,34,271
07/27/2022,SYR,NY,AEA,EN,Combined TRACON& Tower with Radar,88,22,21,15,146,0,0,37,25,62,88,22,58,40,208,44,6,50,258
07/28/2022,SYR,NY,AEA,EN,Combined TRACON& Tower with Radar,93,24,24,19,160,0,1,14,27,42,93,25,38,46,202,98,0,98,300
07/29/2022,SYR,NY,AEA,EN,Combined TRACON& Tower with Radar,94,27,20,1,142,0,1,38,27,66,94,28,58,28,208,10,0,10,218
07/30/2022,SYR,NY,AEA,EN,Combined TRACON& Tower with Radar,74,14,9,1,98,0,0,16,10,26,74,14,25,11,124,16,0,16,140
07/31/2022,SYR,NY,AEA,EN,Combined TRACON& Tower with Radar,72,21,19,1,113,0,2,27,11,40,72,23,46,12,153,20,0,20,173
08/01/2022,SYR,NY,AEA,EN,Combined TRACON& Tower with Radar,92,27,14,14,147,0,1,33,6,40,92,28,47,20,187,0,0,0,187
08/02/2022,SYR,NY,AEA,EN,Combined TRACON& Tower with Radar,96,15,20,10,141,0,0,13,10,23,96,15,33,20,164,0,0,0,164
08/03/2022,SYR,NY,AEA,EN,Combined TRACON& Tower with Radar,81,22,10,13,126,0,1,38,0,39,81,23,48,13,165,0,0,0,165
08/04/2022,SYR,NY,AEA,EN,Combined TRACON& Tower with Radar,96,25,9,7,137,0,0,19,5,24,96,25,28,12,161,0,0,0,161
08/05/2022,SYR,NY,AEA,EN,Combined TRACON& Tower with Radar,78,25,12,4,119,0,0,25,2,27,78,25,37,6,146,0,0,0,146
08/06/2022,SYR,NY,AEA,EN,Combined TRACON& Tower with Radar,65,21,12,6,104,0,1,25,56,82,65,22,37,62,186,10,68,78,264
08/07/2022,SYR,NY,AEA,EN,Combined TRACON& Tower with Radar,69,17,16,8,110,0,2,26,5,33,69,19,42,13,143,6,0,6,149
08/08/2022,SYR,NY,AEA,EN,Combined TRACON& Tower with Radar,83,21,16,11,131,0,1,29,9,39,83,22,45,20,170,6,0,6,176
08/09/2022,SYR,NY,AEA,EN,Combined TRACON& Tower with Radar,88,18,24,20,150,0,0,6,7,13,88,18,30,27,163,0,0,0,163
08/10/2022,SYR,NY,AEA,EN,Combined TRACON& Tower with Radar,86,22,25,11,144,0,0,27,13,40,86,22,52,24,184,28,4,32,216
08/11/2022,SYR,NY,AEA,EN,Combined TRACON& Tower with Radar,106,20,15,2,143,0,0,39,2,41,106,20,54,4,184,50,0,50,234
08/12/2022,SYR,NY,AEA,EN,Combined TRACON& Tower with Radar,92,23,18,0,133,0,0,56,7,63,92,23,74,7,196,0,0,0,196
08/13/2022,SYR,NY,AEA,EN,Combined TRACON& Tower with Radar,72,18,8,0,98,0,0,49,14,63,72,18,57,14,161,0,0,0,161
08/14/2022,SYR,NY,AEA,EN,Combined TRACON& Tower with Radar,78,17,11,2,108,0,1,37,8,46,78,18,48,10,154,16,0,16,170
08/15/2022,SYR,NY,AEA,EN,Combined TRACON& Tower with Radar,89,20,12,8,129,0,0,20,4,24,89,20,32,12,153,22,0,22,175
08/16/2022,SYR,NY,AEA,EN,Combined TRACON& Tower with Radar,93,22,20,10,145,0,0,38,4,42,93,22,58,14,187,0,0,0,187
08/17/2022,SYR,NY,AEA,EN,Combined TRACON& Tower with Radar,86,21,13,11,131,0,0,29,5,34,86,21,42,16,165,0,8,8,173
08/18/2022,SYR,NY,AEA,EN,Combined TRACON& Tower with Radar,94,23,12,14,143,0,1,36,1,38,94,24,48,15,181,0,0,0,181
08/19/2022,SYR,NY,AEA,EN,Combined TRACON& Tower with Radar,92,25,7,0,124,0,0,54,6,60,92,25,61,6,184,0,0,0,184
08/20/2022,SYR,NY,AEA,EN,Combined TRACON& Tower with Radar,71,13,14,0,98,0,2,28,3,33,71,15,42,3,131,0,0,0,131
08/21/2022,SYR,NY,AEA,EN,Combined TRACON& Tower with Radar,73,22,5,0,100,0,1,17,1,19,73,23,22,1,119,0,0,0,119
08/22/2022,SYR,NY,AEA,EN,Combined TRACON& Tower with Radar,79,25,14,5,123,0,1,2,3,6,79,26,16,8,129,0,0,0,129
08/23/2022,SYR,NY,AEA,EN,Combined TRACON& Tower with Radar,90,24,25,14,153,0,0,7,0,7,90,24,32,14,160,0,0,0,160
08/24/2022,SYR,NY,AEA,EN,Combined TRACON& Tower with Radar,82,24,19,16,141,0,6,58,4,68,82,30,77,20,209,24,0,24,233
08/25/2022,SYR,NY,AEA,EN,Combined TRACON& Tower with Radar,97,31,27,6,161,0,4,37,3,44,97,35,64,9,205,0,0,0,205
08/26/2022,SYR,NY,AEA,EN,Combined TRACON& Tower with Radar,88,21,29,1,139,0,0,13,2,15,88,21,42,3,154,0,0,0,154
08/27/2022,SYR,NY,AEA,EN,Combined TRACON& Tower with Radar,69,21,26,0,116,0,1,21,9,31,69,22,47,9,147,16,0,16,163
08/28/2022,SYR,NY,AEA,EN,Combined TRACON& Tower with Radar,73,16,19,0,108,0,0,33,5,38,73,16,52,5,146,0,0,0,146
08/29/2022,SYR,NY,AEA,EN,Combined TRACON& Tower with Radar,78,24,8,8,118,0,1,14,6,21,78,25,22,14,139,6,0,6,145
08/30/2022,SYR,NY,AEA,EN,Combined TRACON& Tower with Radar,86,24,21,8,139,0,1,9,6,16,86,25,30,14,155,8,4,12,167
08/31/2022,SYR,NY,AEA,EN,Combined TRACON& Tower with Radar,87,18,12,12,129,0,0,22,11,33,87,18,34,23,162,0,0,0,162
09/01/2022,SYR,NY,AEA,EN,Combined TRACON& Tower with Radar,102,17,18,21,158,0,0,37,4,41,102,17,55,25,199,0,0,0,199
09/02/2022,SYR,NY,AEA,EN,Combined TRACON& Tower with Radar,100,19,13,0,132,0,0,51,3,54,100,19,64,3,186,26,0,26,212
09/03/2022,SYR,NY,AEA,EN,Combined TRACON& Tower with Radar,64,14,11,0,89,0,0,27,3,30,64,14,38,3,119,0,0,0,119
09/04/2022,SYR,NY,AEA,EN,Combined TRACON& Tower with Radar,71,18,13,1,103,0,0,9,2,11,71,18,22,3,114,0,0,0,114
09/05/2022,SYR,NY,AEA,EN,Combined TRACON& Tower with Radar,87,14,20,0,121,0,0,0,0,0,87,14,20,0,121,0,0,0,121
09/06/2022,SYR,NY,AEA,EN,Combined TRACON& Tower with Radar,93,15,9,13,130,0,0,0,1,1,93,15,9,14,131,0,0,0,131
09/07/2022,SYR,NY,AEA,EN,Combined TRACON& Tower with Radar,88,18,21,6,133,0,0,7,2,9,88,18,28,8,142,22,0,22,164
09/08/2022,SYR,NY,AEA,EN,Combined TRACON& Tower with Radar,101,16,13,18,148,0,0,30,4,34,101,16,43,22,182,0,0,0,182
09/09/2022,SYR,NY,AEA,EN,Combined TRACON& Tower with Radar,105,24,27,1,157,0,1,42,0,43,105,25,69,1,200,0,0,0,200
09/10/2022,SYR,NY,AEA,EN,Combined TRACON& Tower with Radar,71,16,19,14,120,0,0,40,7,47,71,16,59,21,167,0,0,0,167
09/11/2022,SYR,NY,AEA,EN,Combined TRACON& Tower with Radar,84,17,26,0,127,0,0,19,4,23,84,17,45,4,150,48,0,48,198
09/12/2022,SYR,NY,AEA,EN,Combined TRACON& Tower with Radar,98,20,24,10,152,0,0,5,1,6,98,20,29,11,158,20,0,20,178
09/13/2022,SYR,NY,AEA,EN,Combined TRACON& Tower with Radar,100,19,21,2,142,0,1,3,14,18,100,20,24,16,160,0,26,26,186
09/14/2022,SYR,NY,AEA,EN,Combined TRACON& Tower with Radar,92,16,21,9,138,0,0,21,13,34,92,16,42,22,172,0,0,0,172
09/15/2022,SYR,NY,AEA,EN,Combined TRACON& Tower with Radar,104,21,25,9,159,0,0,30,5,35,104,21,55,14,194,18,0,18,212
09/16/2022,SYR,NY,AEA,EN,Combined TRACON& Tower with Radar,103,25,23,3,154,0,0,27,0,27,103,25,50,3,181,0,0,0,181
09/17/2022,SYR,NY,AEA,EN,Combined TRACON& Tower with Radar,74,15,14,0,103,0,2,27,6,35,74,17,41,6,138,18,0,18,156
09/18/2022,SYR,NY,AEA,EN,Combined TRACON& Tower with Radar,84,21,18,2,125,0,0,30,2,32,84,21,48,4,157,0,0,0,157
09/19/2022,SYR,NY,AEA,EN,Combined TRACON& Tower with Radar,94,24,16,7,141,0,0,5,6,11,94,24,21,13,152,20,4,24,176
09/20/2022,SYR,NY,AEA,EN,Combined TRACON& Tower with Radar,97,22,27,25,171,0,0,15,11,26,97,22,42,36,197,16,34,50,247
09/21/2022,SYR,NY,AEA,EN,Combined TRACON& Tower with Radar,92,19,22,10,143,0,0,35,10,45,92,19,57,20,188,22,0,22,210
09/22/2022,SYR,NY,AEA,EN,Combined TRACON& Tower with Radar,105,21,20,12,158,0,0,6,2,8,105,21,26,14,166,0,0,0,166
09/23/2022,SYR,NY,AEA,EN,Combined TRACON& Tower with Radar,108,37,22,0,167,0,1,38,0,39,108,38,60,0,206,0,0,0,206
09/24/2022,SYR,NY,AEA,EN,Combined TRACON& Tower with Radar,75,14,17,0,106,0,0,54,5,59,75,14,71,5,165,6,0,6,171
09/25/2022,SYR,NY,AEA,EN,Combined TRACON& Tower with Radar,74,21,22,0,117,0,0,2,0,2,74,21,24,0,119,24,0,24,143
09/26/2022,SYR,NY,AEA,EN,Combined TRACON& Tower with Radar,98,18,11,6,133,0,1,12,0,13,98,19,23,6,146,12,0,12,158
09/27/2022,SYR,NY,AEA,EN,Combined TRACON& Tower with Radar,100,15,29,13,157,0,0,11,3,14,100,15,40,16,171,2,4,6,177
09/28/2022,SYR,NY,AEA,EN,Combined TRACON& Tower with Radar,93,16,14,8,131,0,0,7,5,12,93,16,21,13,143,14,0,14,157
09/29/2022,SYR,NY,AEA,EN,Combined TRACON& Tower with Radar,99,20,30,14,163,0,1,43,6,50,99,21,73,20,213,0,0,0,213
09/30/2022,SYR,NY,AEA,EN,Combined TRACON& Tower with Radar,97,26,15,0,138,0,0,47,3,50,97,26,62,3,188,33,0,33,221
10/01/2022,SYR,NY,AEA,EN,Combined TRACON& Tower with Radar,70,23,21,0,114,0,0,38,2,40,70,23,59,2,154,28,0,28,182
10/02/2022,SYR,NY,AEA,EN,Combined TRACON& Tower with Radar,81,24,9,0,114,0,0,33,5,38,81,24,42,5,152,8,0,8,160
10/03/2022,SYR,NY,AEA,EN,Combined TRACON& Tower with Radar,93,27,29,8,157,0,0,36,4,40,93,27,65,12,197,8,0,8,205
10/04/2022,SYR,NY,AEA,EN,Combined TRACON& Tower with Radar,86,27,29,12,154,0,0,35,4,39,86,27,64,16,193,20,0,20,213
10/05/2022,SYR,NY,AEA,EN,Combined TRACON& Tower with Radar,92,27,14,9,142,0,0,56,6,62,92,27,70,15,204,32,0,32,236
10/06/2022,SYR,NY,AEA,EN,Combined TRACON& Tower with Radar,96,31,26,8,161,0,0,58,3,61,96,31,84,11,222,0,0,0,222
10/07/2022,SYR,NY,AEA,EN,Combined TRACON& Tower with Radar,103,25,20,0,148,0,0,6,1,7,103,25,26,1,155,0,0,0,155
10/08/2022,SYR,NY,AEA,EN,Combined TRACON& Tower with Radar,70,23,20,0,113,0,1,18,0,19,70,24,38,0,132,69,0,69,201
10/09/2022,SYR,NY,AEA,EN,Combined TRACON& Tower with Radar,82,25,19,0,126,0,0,23,0,23,82,25,42,0,149,5,0,5,154
10/10/2022,SYR,NY,AEA,EN,Combined TRACON& Tower with Radar,88,33,10,3,134,0,0,28,6,34,88,33,38,9,168,52,0,52,220
10/11/2022,SYR,NY,AEA,EN,Combined TRACON& Tower with Radar,90,26,22,8,146,0,0,45,5,50,90,26,67,13,196,10,0,10,206
10/12/2022,SYR,NY,AEA,EN,Combined TRACON& Tower with Radar,88,28,13,15,144,0,0,40,12,52,88,28,53,27,196,8,0,8,204
10/13/2022,SYR,NY,AEA,EN,Combined TRACON& Tower with Radar,91,24,14,8,137,0,1,1,1,3,91,25,15,9,140,0,0,0,140
10/14/2022,SYR,NY,AEA,EN,Combined TRACON& Tower with Radar,102,46,28,14,190,0,0,47,10,57,102,46,75,24,247,8,16,24,271
10/15/2022,SYR,NY,AEA,EN,Combined TRACON& Tower with Radar,73,29,8,9,119,0,0,19,23,42,73,29,27,32,161,0,0,0,161
10/16/2022,SYR,NY,AEA,EN,Combined TRACON& Tower with Radar,80,32,23,0,135,0,2,56,6,64,80,34,79,6,199,0,0,0,199
10/17/2022,SYR,NY,AEA,EN,Combined TRACON& Tower with Radar,92,28,17,10,147,0,0,11,2,13,92,28,28,12,160,22,0,22,182
10/18/2022,SYR,NY,AEA,EN,Combined TRACON& Tower with Radar,90,20,22,12,144,0,0,20,5,25,90,20,42,17,169,4,0,4,173
10/19/2022,SYR,NY,AEA,EN,Combined TRACON& Tower with Radar,87,31,25,8,151,0,2,13,5,20,87,33,38,13,171,0,0,0,171
10/20/2022,SYR,NY,AEA,EN,Combined TRACON& Tower with Radar,93,29,21,5,148,0,0,22,22,44,93,29,43,27,192,0,0,0,192
10/21/2022,SYR,NY,AEA,EN,Combined TRACON& Tower with Radar,102,30,12,8,152,0,0,37,3,40,102,30,49,11,192,0,0,0,192
10/22/2022,SYR,NY,AEA,EN,Combined TRACON& Tower with Radar,73,21,9,0,103,0,0,43,0,43,73,21,52,0,146,0,0,0,146
10/23/2022,SYR,NY,AEA,EN,Combined TRACON& Tower with Radar,79,18,11,0,108,0,1,48,4,53,79,19,59,4,161,72,0,72,233
10/24/2022,SYR,NY,AEA,EN,Combined TRACON& Tower with Radar,90,23,26,12,151,0,0,28,12,40,90,23,54,24,191,12,12,24,215
10/25/2022,SYR,NY,AEA,EN,Combined TRACON& Tower with Radar,94,17,20,8,139,0,0,33,0,33,94,17,53,8,172,48,0,48,220
10/26/2022,SYR,NY,AEA,EN,Combined TRACON& Tower with Radar,87,17,26,10,140,0,0,34,4,38,87,17,60,14,178,0,0,0,178
10/27/2022,SYR,NY,AEA,EN,Combined TRACON& Tower with Radar,94,21,18,13,146,0,0,15,2,17,94,21,33,15,163,0,0,0,163
10/28/2022,SYR,NY,AEA,EN,Combined TRACON& Tower with Radar,98,32,24,2,156,0,0,66,1,67,98,32,90,3,223,16,0,16,239
10/29/2022,SYR,NY,AEA,EN,Combined TRACON& Tower with Radar,72,24,24,0,120,0,4,42,5,51,72,28,66,5,171,18,0,18,189
10/30/2022,SYR,NY,AEA,EN,Combined TRACON& Tower with Radar,81,25,17,0,123,0,5,35,3,43,81,30,52,3,166,0,0,0,166
10/31/2022,SYR,NY,AEA,EN,Combined TRACON& Tower with Radar,89,15,21,8,133,0,1,28,6,35,89,16,49,14,168,0,0,0,168
11/01/2022,SYR,NY,AEA,EN,Combined TRACON& Tower with Radar,88,23,22,11,144,0,0,7,0,7,88,23,29,11,151,20,0,20,171
11/02/2022,SYR,NY,AEA,EN,Combined TRACON& Tower with Radar,89,24,21,11,145,0,0,30,4,34,89,24,51,15,179,6,0,6,185
11/03/2022,SYR,NY,AEA,EN,Combined TRACON& Tower with Radar,89,23,16,8,136,0,0,58,6,64,89,23,74,14,200,6,0,6,206
11/04/2022,SYR,NY,AEA,EN,Combined TRACON& Tower with Radar,104,29,23,4,160,0,0,47,4,51,104,29,70,8,211,0,0,0,211
11/05/2022,SYR,NY,AEA,EN,Combined TRACON& Tower with Radar,66,22,11,4,103,0,1,18,6,25,66,23,29,10,128,6,6,12,140
11/06/2022,SYR,NY,AEA,EN,Combined TRACON& Tower with Radar,77,23,17,0,117,0,0,17,0,17,77,23,34,0,134,10,0,10,144
11/07/2022,SYR,NY,AEA,EN,Combined TRACON& Tower with Radar,100,15,8,6,129,0,5,22,4,31,100,20,30,10,160,0,0,0,160
11/08/2022,SYR,NY,AEA,EN,Combined TRACON& Tower with Radar,88,17,13,18,136,0,3,39,4,46,88,20,52,22,182,30,0,30,212
11/09/2022,SYR,NY,AEA,EN,Combined TRACON& Tower with Radar,93,16,20,24,153,0,0,59,15,74,93,16,79,39,227,16,0,16,243
11/10/2022,SYR,NY,AEA,EN,Combined TRACON& Tower with Radar,88,21,19,0,128,0,1,32,5,38,88,22,51,5,166,36,0,36,202
11/11/2022,SYR,NY,AEA,EN,Combined TRACON& Tower with Radar,96,27,13,0,136,0,0,5,1,6,96,27,18,1,142,0,0,0,142
11/12/2022,SYR,NY,AEA,EN,Combined TRACON& Tower with Radar,81,28,14,0,123,0,0,12,0,12,81,28,26,0,135,0,0,0,135
11/13/2022,SYR,NY,AEA,EN,Combined TRACON& Tower with Radar,78,17,19,0,114,0,0,1,2,3,78,17,20,2,117,0,0,0,117
11/14/2022,SYR,NY,AEA,EN,Combined TRACON& Tower with Radar,96,23,6,18,143,0,0,29,6,35,96,23,35,24,178,0,8,8,186
11/15/2022,SYR,NY,AEA,EN,Combined TRACON& Tower with Radar,90,20,8,9,127,0,0,17,4,21,90,20,25,13,148,44,0,44,192
11/16/2022,SYR,NY,AEA,EN,Combined TRACON& Tower with Radar,96,24,7,5,132,0,0,0,17,17,96,24,7,22,149,0,20,20,169
11/17/2022,SYR,NY,AEA,EN,Combined TRACON& Tower with Radar,95,22,8,10,135,0,0,4,0,4,95,22,12,10,139,0,0,0,139
11/18/2022,SYR,NY,AEA,EN,Combined TRACON& Tower with Radar,91,26,12,0,129,0,0,12,4,16,91,26,24,4,145,0,0,0,145
11/19/2022,SYR,NY,AEA,EN,Combined TRACON& Tower with Radar,76,26,28,0,130,0,2,44,0,46,76,28,72,0,176,26,0,26,202
11/20/2022,SYR,NY,AEA,EN,Combined TRACON& Tower with Radar,87,18,4,0,109,0,0,4,0,4,87,18,8,0,113,0,0,0,113
11/21/2022,SYR,NY,AEA,EN,Combined TRACON& Tower with Radar,99,17,5,8,129,0,1,22,0,23,99,18,27,8,152,0,0,0,152
11/22/2022,SYR,NY,AEA,EN,Combined TRACON& Tower with Radar,100,29,17,14,160,0,0,34,0,34,100,29,51,14,194,22,10,32,226
11/23/2022,SYR,NY,AEA,EN,Combined TRACON& Tower with Radar,106,20,16,18,160,0,0,40,7,47,106,20,56,25,207,8,8,16,223
11/24/2022,SYR,NY,AEA,EN,Combined TRACON& Tower with Radar,44,8,3,0,55,0,0,18,0,18,44,8,21,0,73,28,0,28,101
11/25/2022,SYR,NY,AEA,EN,Combined TRACON& Tower with Radar,74,16,5,0,95,0,1,2,1,4,74,17,7,1,99,0,0,0,99
11/26/2022,SYR,NY,AEA,EN,Combined TRACON& Tower with Radar,76,23,15,0,114,0,1,45,1,47,76,24,60,1,161,24,0,24,185
11/27/2022,SYR,NY,AEA,EN,Combined TRACON& Tower with Radar,83,38,21,0,142,0,0,15,0,15,83,38,36,0,157,0,0,0,157
11/28/2022,SYR,NY,AEA,EN,Combined TRACON& Tower with Radar,109,23,16,13,161,0,0,6,5,11,109,23,22,18,172,6,0,6,178
11/29/2022,SYR,NY,AEA,EN,Combined TRACON& Tower with Radar,100,22,18,10,150,0,2,41,7,50,100,24,59,17,200,8,0,8,208
11/30/2022,SYR,NY,AEA,EN,Combined TRACON& Tower with Radar,97,22,8,0,127,0,0,2,4,6,97,22,10,4,133,0,0,0,133
12/01/2022,SYR,NY,AEA,EN,Combined TRACON& Tower with Radar,100,23,9,2,134,0,0,1,0,1,100,23,10,2,135,0,0,0,135
12/02/2022,SYR,NY,AEA,EN,Combined TRACON& Tower with Radar,96,21,13,1,131,0,0,36,6,42,96,21,49,7,173,24,14,38,211
12/03/2022,SYR,NY,AEA,EN,Combined TRACON& Tower with Radar,74,19,2,0,95,0,1,5,0,6,74,20,7,0,101,0,0,0,101
12/04/2022,SYR,NY,AEA,EN,Combined TRACON& Tower with Radar,77,18,14,13,122,0,0,41,7,48,77,18,55,20,170,30,0,30,200
12/05/2022,SYR,NY,AEA,EN,Combined TRACON& Tower with Radar,91,23,14,8,136,0,1,26,12,39,91,24,40,20,175,12,14,26,201
12/06/2022,SYR,NY,AEA,EN,Combined TRACON& Tower with Radar,94,25,13,0,132,0,0,0,0,0,94,25,13,0,132,0,0,0,132
12/07/2022,SYR,NY,AEA,EN,Combined TRACON& Tower with Radar,98,27,12,0,137,0,0,0,0,0,98,27,12,0,137,0,0,0,137
12/08/2022,SYR,NY,AEA,EN,Combined TRACON& Tower with Radar,98,27,20,8,153,0,1,8,5,14,98,28,28,13,167,34,0,34,201
12/09/2022,SYR,NY,AEA,EN,Combined TRACON& Tower with Radar,96,27,33,0,156,0,0,43,4,47,96,27,76,4,203,42,0,42,245
12/10/2022,SYR,NY,AEA,EN,Combined TRACON& Tower with Radar,71,30,16,0,117,0,0,64,8,72,71,30,80,8,189,40,6,46,235
12/11/2022,SYR,NY,AEA,EN,Combined TRACON& Tower with Radar,73,20,7,0,100,0,0,0,0,0,73,20,7,0,100,0,0,0,100
12/12/2022,SYR,NY,AEA,EN,Combined TRACON& Tower with Radar,98,25,15,14,152,0,0,10,0,10,98,25,25,14,162,28,0,28,190
12/13/2022,SYR,NY,AEA,EN,Combined TRACON& Tower with Radar,97,31,13,13,154,0,0,49,9,58,97,31,62,22,212,26,0,26,238
12/14/2022,SYR,NY,AEA,EN,Combined TRACON& Tower with Radar,97,28,17,6,148,0,0,32,5,37,97,28,49,11,185,10,0,10,195
12/15/2022,SYR,NY,AEA,EN,Combined TRACON& Tower with Radar,99,33,7,6,145,0,0,9,0,9,99,33,16,6,154,0,0,0,154
12/16/2022,SYR,NY,AEA,EN,Combined TRACON& Tower with Radar,108,23,3,0,134,0,0,0,0,0,108,23,3,0,134,0,0,0,134
12/17/2022,SYR,NY,AEA,EN,Combined TRACON& Tower with Radar,83,18,9,2,112,0,0,16,2,18,83,18,25,4,130,40,8,48,178
12/18/2022,SYR,NY,AEA,EN,Combined TRACON& Tower with Radar,84,20,9,0,113,0,0,16,0,16,84,20,25,0,129,26,0,26,155
12/19/2022,SYR,NY,AEA,EN,Combined TRACON& Tower with Radar,99,19,8,6,132,0,0,0,0,0,99,19,8,6,132,0,0,0,132
12/20/2022,SYR,NY,AEA,EN,Combined TRACON& Tower with Radar,101,19,18,6,144,0,0,1,0,1,101,19,19,6,145,14,0,14,159
12/21/2022,SYR,NY,AEA,EN,Combined TRACON& Tower with Radar,104,21,10,18,153,0,0,24,20,44,104,21,34,38,197,14,24,38,235
12/22/2022,SYR,NY,AEA,EN,Combined TRACON& Tower with Radar,96,23,13,0,132,0,0,2,5,7,96,23,15,5,139,0,0,0,139
12/23/2022,SYR,NY,AEA,EN,Combined TRACON& Tower with Radar,52,11,3,0,66,0,0,0,0,0,52,11,3,0,66,0,0,0,66
12/24/2022,SYR,NY,AEA,EN,Combined TRACON& Tower with Radar,49,9,7,0,65,0,0,2,0,2,49,9,9,0,67,0,0,0,67
12/25/2022,SYR,NY,AEA,EN,Combined TRACON& Tower with Radar,37,4,4,0,45,0,0,3,0,3,37,4,7,0,48,0,0,0,48
12/26/2022,SYR,NY,AEA,EN,Combined TRACON& Tower with Radar,68,25,7,0,100,0,0,20,0,20,68,25,27,0,120,26,0,26,146
12/27/2022,SYR,NY,AEA,EN,Combined TRACON& Tower with Radar,68,22,11,6,107,0,1,14,2,17,68,23,25,8,124,28,0,28,152
12/28/2022,SYR,NY,AEA,EN,Combined TRACON& Tower with Radar,87,24,15,11,137,0,3,23,6,32,87,27,38,17,169,28,0,28,197
12/29/2022,SYR,NY,AEA,EN,Combined TRACON& Tower with Radar,79,26,20,6,131,0,4,21,7,32,79,30,41,13,163,22,14,36,199
12/30/2022,SYR,NY,AEA,EN,Combined TRACON& Tower with Radar,84,22,15,0,121,0,1,15,2,18,84,23,30,2,139,16,0,16,155
12/31/2022,SYR,NY,AEA,EN,Combined TRACON& Tower with Radar,72,11,1,0,84,0,0,0,3,3,72,11,1,3,87,0,10,10,97
01/01/2023,SYR,NY,AEA,EN,Combined TRACON& Tower with Radar,56,15,12,0,83,0,0,2,0,2,56,15,14,0,85,0,0,0,85
01/02/2023,SYR,NY,AEA,EN,Combined TRACON& Tower with Radar,64,17,22,1,104,0,0,17,1,18,64,17,39,2,122,62,0,62,184
01/03/2023,SYR,NY,AEA,EN,Combined TRACON& Tower with Radar,72,26,3,0,101,0,0,0,0,0,72,26,3,0,101,0,0,0,101
01/04/2023,SYR,NY,AEA,EN,Combined TRACON& Tower with Radar,77,21,8,0,106,0,0,0,0,0,77,21,8,0,106,0,0,0,106
01/05/2023,SYR,NY,AEA,EN,Combined TRACON& Tower with Radar,80,10,9,7,106,0,0,23,9,32,80,10,32,16,138,46,4,50,188
01/06/2023,SYR,NY,AEA,EN,Combined TRACON& Tower with Radar,72,13,9,0,94,0,0,3,0,3,72,13,12,0,97,0,0,0,97
01/07/2023,SYR,NY,AEA,EN,Combined TRACON& Tower with Radar,68,12,0,0,80,0,0,6,0,6,68,12,6,0,86,58,0,58,144
01/08/2023,SYR,NY,AEA,EN,Combined TRACON& Tower with Radar,77,13,7,6,103,0,1,21,6,28,77,14,28,12,131,44,0,44,175
01/09/2023,SYR,NY,AEA,EN,Combined TRACON& Tower with Radar,82,13,16,22,133,0,0,19,10,29,82,13,35,32,162,10,26,36,198
01/10/2023,SYR,NY,AEA,EN,Combined TRACON& Tower with Radar,92,17,8,8,125,0,0,16,2,18,92,17,24,10,143,8,0,8,151
01/11/2023,SYR,NY,AEA,EN,Combined TRACON& Tower with Radar,74,14,11,25,124,0,1,13,8,22,74,15,24,33,146,0,8,8,154
01/12/2023,SYR,NY,AEA,EN,Combined TRACON& Tower with Radar,88,17,11,1,117,0,0,0,0,0,88,17,11,1,117,0,0,0,117
01/13/2023,SYR,NY,AEA,EN,Combined TRACON& Tower with Radar,93,22,9,0,124,0,0,2,0,2,93,22,11,0,126,0,0,0,126
01/14/2023,SYR,NY,AEA,EN,Combined TRACON& Tower with Radar,70,16,9,2,97,0,0,7,2,9,70,16,16,4,106,14,0,14,120
01/15/2023,SYR,NY,AEA,EN,Combined TRACON& Tower with Radar,77,17,13,0,107,0,0,4,2,6,77,17,17,2,113,0,0,0,113
01/16/2023,SYR,NY,AEA,EN,Combined TRACON& Tower with Radar,90,19,14,1,124,0,0,54,3,57,90,19,68,4,181,46,0,46,227
01/17/2023,SYR,NY,AEA,EN,Combined TRACON& Tower with Radar,91,18,15,1,125,0,0,2,0,2,91,18,17,1,127,0,0,0,127
01/18/2023,SYR,NY,AEA,EN,Combined TRACON& Tower with Radar,83,16,11,1,111,0,0,2,1,3,83,16,13,2,114,0,0,0,114
01/19/2023,SYR,NY,AEA,EN,Combined TRACON& Tower with Radar,91,22,8,0,121,0,0,0,0,0,91,22,8,0,121,0,0,0,121
01/20/2023,SYR,NY,AEA,EN,Combined TRACON& Tower with Radar,92,16,7,0,115,0,0,0,0,0,92,16,7,0,115,0,0,0,115
01/21/2023,SYR,NY,AEA,EN,Combined TRACON& Tower with Radar,72,11,10,0,93,0,0,30,2,32,72,11,40,2,125,8,0,8,133
01/22/2023,SYR,NY,AEA,EN,Combined TRACON& Tower with Radar,77,17,10,0,104,0,0,50,0,50,77,17,60,0,154,26,0,26,180
01/23/2023,SYR,NY,AEA,EN,Combined TRACON& Tower with Radar,87,15,7,0,109,0,0,2,0,2,87,15,9,0,111,0,0,0,111
01/24/2023,SYR,NY,AEA,EN,Combined TRACON& Tower with Radar,92,13,22,11,138,0,0,16,2,18,92,13,38,13,156,11,0,11,167
01/25/2023,SYR,NY,AEA,EN,Combined TRACON& Tower with Radar,85,14,9,0,108,0,0,2,0,2,85,14,11,0,110,0,0,0,110
01/26/2023,SYR,NY,AEA,EN,Combined TRACON& Tower with Radar,97,17,13,0,127,0,0,0,0,0,97,17,13,0,127,0,0,0,127
01/27/2023,SYR,NY,AEA,EN,Combined TRACON& Tower with Radar,93,20,15,0,128,0,0,20,1,21,93,20,35,1,149,18,0,18,167
01/28/2023,SYR,NY,AEA,EN,Combined TRACON& Tower with Radar,70,12,3,0,85,0,0,14,1,15,70,12,17,1,100,32,0,32,132
01/29/2023,SYR,NY,AEA,EN,Combined TRACON& Tower with Radar,79,15,8,0,102,0,0,5,0,5,79,15,13,0,107,6,0,6,113
01/30/2023,SYR,NY,AEA,EN,Combined TRACON& Tower with Radar,87,20,16,0,123,0,0,2,0,2,87,20,18,0,125,0,0,0,125
01/31/2023,SYR,NY,AEA,EN,Combined TRACON& Tower with Radar,85,19,15,10,129,0,1,19,6,26,85,20,34,16,155,6,17,23,178
02/01/2023,SYR,NY,AEA,EN,Combined TRACON& Tower with Radar,85,14,16,13,128,0,0,42,2,44,85,14,58,15,172,50,0,50,222
02/02/2023,SYR,NY,AEA,EN,Combined TRACON& Tower with Radar,90,15,9,9,123,0,0,18,5,23,90,15,27,14,146,6,0,6,152
02/03/2023,SYR,NY,AEA,EN,Combined TRACON& Tower with Radar,66,18,12,1,97,0,0,1,0,1,66,18,13,1,98,0,0,0,98
02/04/2023,SYR,NY,AEA,EN,Combined TRACON& Tower with Radar,75,21,12,7,115,0,2,18,1,21,75,23,30,8,136,0,0,0,136
02/05/2023,SYR,NY,AEA,EN,Combined TRACON& Tower with Radar,78,18,16,10,122,0,0,22,7,29,78,18,38,17,151,28,6,34,185
02/06/2023,SYR,NY,AEA,EN,Combined TRACON& Tower with Radar,87,16,13,9,125,0,0,2,5,7,87,16,15,14,132,0,0,0,132
02/07/2023,SYR,NY,AEA,EN,Combined TRACON& Tower with Radar,88,23,16,14,141,0,0,4,4,8,88,23,20,18,149,6,0,6,155
02/08/2023,SYR,NY,AEA,EN,Combined TRACON& Tower with Radar,82,17,7,30,136,0,0,10,16,26,82,17,17,46,162,14,14,28,190
02/09/2023,SYR,NY,AEA,EN,Combined TRACON& Tower with Radar,96,24,13,0,133,0,0,3,0,3,96,24,16,0,136,0,0,0,136
02/10/2023,SYR,NY,AEA,EN,Combined TRACON& Tower with Radar,88,30,7,0,125,0,0,5,0,5,88,30,12,0,130,0,0,0,130
02/11/2023,SYR,NY,AEA,EN,Combined TRACON& Tower with Radar,72,17,1,0,90,0,0,9,2,11,72,17,10,2,101,0,0,0,101
02/12/2023,SYR,NY,AEA,EN,Combined TRACON& Tower with Radar,77,21,11,0,109,0,0,48,2,50,77,21,59,2,159,12,0,12,171
02/13/2023,SYR,NY,AEA,EN,Combined TRACON& Tower with Radar,83,18,23,12,136,0,0,35,5,40,83,18,58,17,176,18,0,18,194
02/14/2023,SYR,NY,AEA,EN,Combined TRACON& Tower with Radar,89,21,18,13,141,0,0,41,4,45,89,21,59,17,186,0,0,0,186
02/15/2023,SYR,NY,AEA,EN,Combined TRACON& Tower with Radar,90,25,15,8,138,0,0,15,0,15,90,25,30,8,153,0,0,0,153
02/16/2023,SYR,NY,AEA,EN,Combined TRACON& Tower with Radar,92,25,15,22,154,0,0,20,8,28,92,25,35,30,182,6,6,12,194
02/17/2023,SYR,NY,AEA,EN,Combined TRACON& Tower with Radar,100,34,10,0,144,0,0,0,0,0,100,34,10,0,144,0,0,0,144
02/18/2023,SYR,NY,AEA,EN,Combined TRACON& Tower with Radar,89,26,17,0,132,0,1,51,3,55,89,27,68,3,187,0,0,0,187
02/19/2023,SYR,NY,AEA,EN,Combined TRACON& Tower with Radar,82,29,10,0,121,0,0,23,3,26,82,29,33,3,147,20,0,20,167
02/20/2023,SYR,NY,AEA,EN,Combined TRACON& Tower with Radar,94,21,6,0,121,0,0,16,5,21,94,21,22,5,142,0,0,0,142
02/21/2023,SYR,NY,AEA,EN,Combined TRACON& Tower with Radar,99,23,14,6,142,0,0,30,36,66,99,23,44,42,208,0,0,0,208
02/22/2023,SYR,NY,AEA,EN,Combined TRACON& Tower with Radar,88,19,5,0,112,0,0,16,0,16,88,19,21,0,128,0,0,0,128
02/23/2023,SYR,NY,AEA,EN,Combined TRACON& Tower with Radar,91,21,10,0,122,0,0,0,0,0,91,21,10,0,122,0,0,0,122
02/24/2023,SYR,NY,AEA,EN,Combined TRACON& Tower with Radar,98,27,15,2,142,0,0,0,0,0,98,27,15,2,142,0,0,0,142
02/25/2023,SYR,NY,AEA,EN,Combined TRACON& Tower with Radar,87,23,5,0,115,0,0,3,1,4,87,23,8,1,119,0,0,0,119
02/26/2023,SYR,NY,AEA,EN,Combined TRACON& Tower with Radar,79,28,10,0,117,0,0,10,1,11,79,28,20,1,128,8,0,8,136
02/27/2023,SYR,NY,AEA,EN,Combined TRACON& Tower with Radar,89,22,10,6,127,0,2,20,23,45,89,24,30,29,172,22,12,34,206
02/28/2023,SYR,NY,AEA,EN,Combined TRACON& Tower with Radar,91,22,11,8,132,0,0,4,0,4,91,22,15,8,136,0,4,4,140
03/01/2023,SYR,NY,AEA,EN,Combined TRACON& Tower with Radar,95,25,14,6,140,0,0,15,12,27,95,25,29,18,167,0,0,0,167
03/02/2023,SYR,NY,AEA,EN,Combined TRACON& Tower with Radar,93,22,8,0,123,0,0,2,4,6,93,22,10,4,129,0,0,0,129
03/03/2023,SYR,NY,AEA,EN,Combined TRACON& Tower with Radar,89,24,9,0,122,0,1,26,6,33,89,25,35,6,155,12,0,12,167
03/04/2023,SYR,NY,AEA,EN,Combined TRACON& Tower with Radar,63,11,8,0,82,0,0,0,0,0,63,11,8,0,82,0,0,0,82
03/05/2023,SYR,NY,AEA,EN,Combined TRACON& Tower with Radar,78,32,10,4,124,0,0,9,22,31,78,32,19,26,155,13,24,37,192
03/06/2023,SYR,NY,AEA,EN,Combined TRACON& Tower with Radar,90,27,20,10,147,0,0,37,10,47,90,27,57,20,194,38,10,48,242
03/07/2023,SYR,NY,AEA,EN,Combined TRACON& Tower with Radar,88,20,13,12,133,0,0,7,2,9,88,20,20,14,142,0,0,0,142
03/08/2023,SYR,NY,AEA,EN,Combined TRACON& Tower with Radar,97,22,15,4,138,0,0,6,4,10,97,22,21,8,148,34,0,34,182
03/09/2023,SYR,NY,AEA,EN,Combined TRACON& Tower with Radar,88,26,16,8,138,0,0,12,8,20,88,26,28,16,158,4,6,10,168
03/10/2023,SYR,NY,AEA,EN,Combined TRACON& Tower with Radar,88,37,7,0,132,0,0,11,2,13,88,37,18,2,145,0,0,0,145
03/11/2023,SYR,NY,AEA,EN,Combined TRACON& Tower with Radar,74,25,6,0,105,0,0,10,0,10,74,25,16,0,115,30,0,30,145
03/12/2023,SYR,NY,AEA,EN,Combined TRACON& Tower with Radar,73,22,15,1,111,0,1,57,5,63,73,23,72,6,174,44,8,52,226
03/13/2023,SYR,NY,AEA,EN,Combined TRACON& Tower with Radar,81,14,7,0,102,0,0,0,0,0,81,14,7,0,102,0,0,0,102
03/14/2023,SYR,NY,AEA,EN,Combined TRACON& Tower with Radar,56,6,2,0,64,0,0,0,0,0,56,6,2,0,64,0,0,0,64
03/15/2023,SYR,NY,AEA,EN,Combined TRACON& Tower with Radar,87,21,8,9,125,0,0,18,17,35,87,21,26,26,160,0,20,20,180
03/16/2023,SYR,NY,AEA,EN,Combined TRACON& Tower with Radar,89,18,21,1,129,0,2,57,6,65,89,20,78,7,194,54,0,54,248
03/17/2023,SYR,NY,AEA,EN,Combined TRACON& Tower with Radar,93,21,15,0,129,0,0,3,0,3,93,21,18,0,132,0,0,0,132
03/18/2023,SYR,NY,AEA,EN,Combined TRACON& Tower with Radar,70,21,10,0,101,0,0,20,1,21,70,21,30,1,122,0,0,0,122
03/19/2023,SYR,NY,AEA,EN,Combined TRACON& Tower with Radar,73,35,14,3,125,0,0,4,1,5,73,35,18,4,130,0,0,0,130
03/20/2023,SYR,NY,AEA,EN,Combined TRACON& Tower with Radar,93,18,25,9,145,0,0,34,9,43,93,18,59,18,188,20,0,20,208
03/21/2023,SYR,NY,AEA,EN,Combined TRACON& Tower with Radar,86,20,11,8,125,0,1,30,5,36,86,21,41,13,161,6,0,6,167
03/22/2023,SYR,NY,AEA,EN,Combined TRACON& Tower with Radar,92,22,18,6,138,0,0,45,10,55,92,22,63,16,193,6,0,6,199
03/23/2023,SYR,NY,AEA,EN,Combined TRACON& Tower with Radar,91,19,12,2,124,0,0,1,12,13,91,19,13,14,137,0,14,14,151
03/24/2023,SYR,NY,AEA,EN,Combined TRACON& Tower with Radar,97,24,7,0,128,0,2,25,2,29,97,26,32,2,157,22,0,22,179
03/25/2023,SYR,NY,AEA,EN,Combined TRACON& Tower with Radar,76,16,1,0,93,0,0,0,2,2,76,16,1,2,95,0,0,0,95
03/26/2023,SYR,NY,AEA,EN,Combined TRACON& Tower with Radar,77,19,10,0,106,0,0,13,2,15,77,19,23,2,121,0,0,0,121
03/27/2023,SYR,NY,AEA,EN,Combined TRACON& Tower with Radar,91,22,6,6,125,0,0,15,3,18,91,22,21,9,143,14,4,18,161
03/28/2023,SYR,NY,AEA,EN,Combined TRACON& Tower with Radar,85,23,11,6,125,0,0,34,13,47,85,23,45,19,172,0,0,0,172
03/29/2023,SYR,NY,AEA,EN,Combined TRACON& Tower with Radar,94,28,17,3,142,0,0,22,7,29,94,28,39,10,171,14,0,14,185
03/30/2023,SYR,NY,AEA,EN,Combined TRACON& Tower with Radar,87,21,7,10,125,0,0,25,6,31,87,21,32,16,156,4,4,8,164
03/31/2023,SYR,NY,AEA,EN,Combined TRACON& Tower with Radar,97,23,16,0,136,0,0,8,3,11,97,23,24,3,147,10,0,10,157
04/01/2023,SYR,NY,AEA,EN,Combined TRACON& Tower with Radar,83,13,9,2,107,0,0,1,2,3,83,13,10,4,110,0,0,0,110
04/02/2023,SYR,NY,AEA,EN,Combined TRACON& Tower with Radar,76,18,15,1,110,0,0,30,3,33,76,18,45,4,143,0,0,0,143
04/03/2023,SYR,NY,AEA,EN,Combined TRACON& Tower with Radar,91,15,12,9,127,0,0,11,2,13,91,15,23,11,140,0,0,0,140
04/04/2023,SYR,NY,AEA,EN,Combined TRACON& Tower with Radar,89,18,10,12,129,0,0,8,8,16,89,18,18,20,145,0,14,14,159
04/05/2023,SYR,NY,AEA,EN,Combined TRACON& Tower with Radar,93,19,15,0,127,0,1,2,2,5,93,20,17,2,132,2,0,2,134
04/06/2023,SYR,NY,AEA,EN,Combined TRACON& Tower with Radar,97,21,23,11,152,0,0,28,8,36,97,21,51,19,188,28,10,38,226
04/07/2023,SYR,NY,AEA,EN,Combined TRACON& Tower with Radar,97,24,11,0,132,0,0,8,5,13,97,24,19,5,145,0,0,0,145
04/08/2023,SYR,NY,AEA,EN,Combined TRACON& Tower with Radar,86,17,14,0,117,0,1,43,10,54,86,18,57,10,171,0,0,0,171
04/09/2023,SYR,NY,AEA,EN,Combined TRACON& Tower with Radar,79,18,18,0,115,0,0,32,2,34,79,18,50,2,149,36,0,36,185
04/10/2023,SYR,NY,AEA,EN,Combined TRACON& Tower with Radar,91,21,14,6,132,0,1,68,22,91,91,22,82,28,223,17,10,27,250
04/11/2023,SYR,NY,AEA,EN,Combined TRACON& Tower with Radar,87,17,20,21,145,0,1,16,31,48,87,18,36,52,193,4,24,28,221
04/12/2023,SYR,NY,AEA,EN,Combined TRACON& Tower with Radar,99,18,14,15,146,0,3,32,27,62,99,21,46,42,208,14,6,20,228
04/13/2023,SYR,NY,AEA,EN,Combined TRACON& Tower with Radar,88,24,11,8,131,0,4,52,5,61,88,28,63,13,192,26,14,40,232
04/14/2023,SYR,NY,AEA,EN,Combined TRACON& Tower with Radar,97,27,20,8,152,0,4,57,7,68,97,31,77,15,220,32,0,32,252
04/15/2023,SYR,NY,AEA,EN,Combined TRACON& Tower with Radar,70,22,12,0,104,0,1,32,8,41,70,23,44,8,145,58,0,58,203
04/16/2023,SYR,NY,AEA,EN,Combined TRACON& Tower with Radar,77,20,13,0,110,0,0,39,6,45,77,20,52,6,155,46,0,46,201
04/17/2023,SYR,NY,AEA,EN,Combined TRACON& Tower with Radar,95,14,15,7,131,0,0,15,45,60,95,14,30,52,191,36,63,99,290
04/18/2023,SYR,NY,AEA,EN,Combined TRACON& Tower with Radar,91,23,6,9,129,0,0,9,3,12,91,23,15,12,141,0,0,0,141
04/19/2023,SYR,NY,AEA,EN,Combined TRACON& Tower with Radar,92,22,23,33,170,0,0,12,7,19,92,22,35,40,189,16,20,36,225
04/20/2023,SYR,NY,AEA,EN,Combined TRACON& Tower with Radar,91,26,12,11,140,0,1,50,44,95,91,27,62,55,235,21,72,93,328
04/21/2023,SYR,NY,AEA,EN,Combined TRACON& Tower with Radar,96,27,10,8,141,0,2,51,13,66,96,29,61,21,207,18,4,22,229
04/22/2023,SYR,NY,AEA,EN,Combined TRACON& Tower with Radar,79,23,3,0,105,0,0,10,2,12,79,23,13,2,117,0,0,0,117
04/23/2023,SYR,NY,AEA,EN,Combined TRACON& Tower with Radar,78,21,24,3,126,0,0,33,6,39,78,21,57,9,165,31,0,31,196
04/24/2023,SYR,NY,AEA,EN,Combined TRACON& Tower with Radar,90,20,12,6,128,0,2,16,26,44,90,22,28,32,172,22,30,52,224
04/25/2023,SYR,NY,AEA,EN,Combined TRACON& Tower with Radar,87,23,20,23,153,0,6,14,22,42,87,29,34,45,195,30,30,60,255
04/26/2023,SYR,NY,AEA,EN,Combined TRACON& Tower with Radar,93,21,16,28,158,0,0,16,10,26,93,21,32,38,184,6,0,6,190
04/27/2023,SYR,NY,AEA,EN,Combined TRACON& Tower with Radar,89,19,20,5,133,0,1,45,27,73,89,20,65,32,206,40,22,62,268
04/28/2023,SYR,NY,AEA,EN,Combined TRACON& Tower with Radar,96,17,17,2,132,0,0,27,3,30,96,17,44,5,162,0,0,0,162
04/29/2023,SYR,NY,AEA,EN,Combined TRACON& Tower with Radar,69,32,6,0,107,0,0,4,0,4,69,32,10,0,111,0,0,0,111
04/30/2023,SYR,NY,AEA,EN,Combined TRACON& Tower with Radar,75,17,13,0,105,0,1,0,0,1,75,18,13,0,106,0,0,0,106
05/01/2023,SYR,NY,AEA,EN,Combined TRACON& Tower with Radar,94,20,9,4,127,0,0,8,0,8,94,20,17,4,135,26,0,26,161
05/02/2023,SYR,NY,AEA,EN,Combined TRACON& Tower with Radar,85,16,12,3,116,0,0,14,6,20,85,16,26,9,136,79,0,79,215
05/03/2023,SYR,NY,AEA,EN,Combined TRACON& Tower with Radar,92,28,23,0,143,0,0,0,0,0,92,28,23,0,143,0,0,0,143
05/04/2023,SYR,NY,AEA,EN,Combined TRACON& Tower with Radar,86,31,13,4,134,0,0,7,0,7,86,31,20,4,141,0,0,0,141
05/05/2023,SYR,NY,AEA,EN,Combined TRACON& Tower with Radar,98,21,11,7,137,0,0,32,4,36,98,21,43,11,173,20,0,20,193
05/06/2023,SYR,NY,AEA,EN,Combined TRACON& Tower with Radar,70,20,11,2,103,0,2,38,3,43,70,22,49,5,146,2,0,2,148
05/07/2023,SYR,NY,AEA,EN,Combined TRACON& Tower with Radar,83,15,10,4,112,0,0,34,4,38,83,15,44,8,150,50,0,50,200
05/08/2023,SYR,NY,AEA,EN,Combined TRACON& Tower with Radar,97,27,8,8,140,0,0,31,33,64,97,27,39,41,204,6,18,24,228
05/09/2023,SYR,NY,AEA,EN,Combined TRACON& Tower with Radar,92,22,15,7,136,0,0,38,7,45,92,22,53,14,181,39,0,39,220
05/10/2023,SYR,NY,AEA,EN,Combined TRACON& Tower with Radar,96,30,18,8,152,0,0,41,7,48,96,30,59,15,200,0,8,8,208
05/11/2023,SYR,NY,AEA,EN,Combined TRACON& Tower with Radar,100,19,23,4,146,0,2,29,32,63,100,21,52,36,209,0,30,30,239
05/12/2023,SYR,NY,AEA,EN,Combined TRACON& Tower with Radar,100,36,19,0,155,0,3,39,12,54,100,39,58,12,209,0,0,0,209
05/13/2023,SYR,NY,AEA,EN,Combined TRACON& Tower with Radar,70,33,18,1,122,0,9,40,8,57,70,42,58,9,179,4,0,4,183
05/14/2023,SYR,NY,AEA,EN,Combined TRACON& Tower with Radar,83,31,18,0,132,0,1,25,12,38,83,32,43,12,170,0,0,0,170
05/15/2023,SYR,NY,AEA,EN,Combined TRACON& Tower with Radar,93,19,14,12,138,0,3,39,34,76,93,22,53,46,214,44,24,68,282
05/16/2023,SYR,NY,AEA,EN,Combined TRACON& Tower with Radar,94,20,8,4,126,0,2,28,22,52,94,22,36,26,178,20,20,40,218
05/17/2023,SYR,NY,AEA,EN,Combined TRACON& Tower with Radar,98,19,18,5,140,0,0,30,33,63,98,19,48,38,203,0,32,32,235
05/18/2023,SYR,NY,AEA,EN,Combined TRACON& Tower with Radar,99,25,19,5,148,0,0,51,18,69,99,25,70,23,217,44,20,64,281
05/19/2023,SYR,NY,AEA,EN,Combined TRACON& Tower with Radar,95,19,22,1,137,0,0,28,7,35,95,19,50,8,172,0,0,0,172
05/20/2023,SYR,NY,AEA,EN,Combined TRACON& Tower with Radar,69,13,8,0,90,0,0,10,3,13,69,13,18,3,103,0,0,0,103
05/21/2023,SYR,NY,AEA,EN,Combined TRACON& Tower with Radar,84,18,12,0,114,0,0,28,4,32,84,18,40,4,146,10,0,10,156
05/22/2023,SYR,NY,AEA,EN,Combined TRACON& Tower with Radar,86,27,9,8,130,0,4,37,8,49,86,31,46,16,179,49,14,63,242
05/23/2023,SYR,NY,AEA,EN,Combined TRACON& Tower with Radar,101,19,14,3,137,0,0,46,3,49,101,19,60,6,186,90,0,90,276
05/24/2023,SYR,NY,AEA,EN,Combined TRACON& Tower with Radar,97,24,20,6,147,0,0,10,4,14,97,24,30,10,161,15,0,15,176
05/25/2023,SYR,NY,AEA,EN,Combined TRACON& Tower with Radar,100,22,28,8,158,0,3,47,50,100,100,25,75,58,258,24,42,66,324
05/26/2023,SYR,NY,AEA,EN,Combined TRACON& Tower with Radar,96,23,14,2,135,0,0,50,6,56,96,23,64,8,191,76,8,84,275
05/27/2023,SYR,NY,AEA,EN,Combined TRACON& Tower with Radar,72,12,5,0,89,0,0,44,9,53,72,12,49,9,142,78,0,78,220
05/28/2023,SYR,NY,AEA,EN,Combined TRACON& Tower with Radar,77,20,6,0,103,0,0,39,13,52,77,20,45,13,155,30,0,30,185
05/29/2023,SYR,NY,AEA,EN,Combined TRACON& Tower with Radar,81,15,10,0,106,0,0,35,4,39,81,15,45,4,145,22,0,22,167
05/30/2023,SYR,NY,AEA,EN,Combined TRACON& Tower with Radar,94,14,14,6,128,0,0,34,8,42,94,14,48,14,170,34,2,36,206
05/31/2023,SYR,NY,AEA,EN,Combined TRACON& Tower with Radar,98,22,19,14,153,0,1,51,18,70,98,23,70,32,223,52,22,74,297
06/01/2023,SYR,NY,AEA,EN,Combined TRACON& Tower with Radar,102,21,8,11,142,0,1,42,10,53,102,22,50,21,195,34,8,42,237
06/02/2023,SYR,NY,AEA,EN,Combined TRACON& Tower with Radar,96,16,19,6,137,0,3,50,14,67,96,19,69,20,204,22,8,30,234
06/03/2023,SYR,NY,AEA,EN,Combined TRACON& Tower with Radar,79,18,13,0,110,0,0,35,5,40,79,18,48,5,150,8,0,8,158
06/04/2023,SYR,NY,AEA,EN,Combined TRACON& Tower with Radar,86,22,17,0,125,0,2,40,12,54,86,24,57,12,179,16,12,28,207
06/05/2023,SYR,NY,AEA,EN,Combined TRACON& Tower with Radar,92,25,24,11,152,0,0,35,10,45,92,25,59,21,197,26,22,48,245
06/06/2023,SYR,NY,AEA,EN,Combined TRACON& Tower with Radar,92,24,20,14,150,0,0,4,0,4,92,24,24,14,154,7,14,21,175
06/07/2023,SYR,NY,AEA,EN,Combined TRACON& Tower with Radar,96,34,17,0,147,0,0,0,0,0,96,34,17,0,147,0,0,0,147
06/08/2023,SYR,NY,AEA,EN,Combined TRACON& Tower with Radar,94,19,25,15,153,0,1,4,25,30,94,20,29,40,183,18,60,78,261
06/09/2023,SYR,NY,AEA,EN,Combined TRACON& Tower with Radar,97,24,8,6,135,0,2,15,5,22,97,26,23,11,157,61,0,61,218
06/10/2023,SYR,NY,AEA,EN,Combined TRACON& Tower with Radar,70,16,17,0,103,0,2,24,13,39,70,18,41,13,142,52,0,52,194
06/11/2023,SYR,NY,AEA,EN,Combined TRACON& Tower with Radar,80,23,17,0,120,0,2,39,8,49,80,25,56,8,169,4,0,4,173
06/12/2023,SYR,NY,AEA,EN,Combined TRACON& Tower with Radar,89,17,28,0,134,0,0,9,16,25,89,17,37,16,159,8,14,22,181
06/13/2023,SYR,NY,AEA,EN,Combined TRACON& Tower with Radar,92,23,16,7,138,0,0,22,23,45,92,23,38,30,183,30,24,54,237
06/14/2023,SYR,NY,AEA,EN,Combined TRACON& Tower with Radar,92,26,30,0,148,0,0,2,1,3,92,26,32,1,151,0,0,0,151
06/15/2023,SYR,NY,AEA,EN,Combined TRACON& Tower with Radar,94,24,18,8,144,0,2,37,24,63,94,26,55,32,207,80,12,92,299
06/16/2023,SYR,NY,AEA,EN,Combined TRACON& Tower with Radar,95,18,13,1,127,0,0,7,0,7,95,18,20,1,134,36,0,36,170
06/17/2023,SYR,NY,AEA,EN,Combined TRACON& Tower with Radar,70,12,14,0,96,0,0,14,0,14,70,12,28,0,110,30,0,30,140
06/18/2023,SYR,NY,AEA,EN,Combined TRACON& Tower with Radar,79,15,15,0,109,0,0,36,13,49,79,15,51,13,158,56,0,56,214
06/19/2023,SYR,NY,AEA,EN,Combined TRACON& Tower with Radar,86,24,17,0,127,0,1,40,3,44,86,25,57,3,171,16,0,16,187
06/20/2023,SYR,NY,AEA,EN,Combined TRACON& Tower with Radar,94,15,24,6,139,0,0,52,18,70,94,15,76,24,209,10,8,18,227
06/21/2023,SYR,NY,AEA,EN,Combined TRACON& Tower with Radar,95,27,15,8,145,0,3,79,12,94,95,30,94,20,239,70,0,70,309
06/22/2023,SYR,NY,AEA,EN,Combined TRACON& Tower with Radar,94,19,22,9,144,0,0,93,4,97,94,19,115,13,241,36,0,36,277
06/23/2023,SYR,NY,AEA,EN,Combined TRACON& Tower with Radar,86,18,26,0,130,0,0,79,14,93,86,18,105,14,223,92,0,92,315
06/24/2023,SYR,NY,AEA,EN,Combined TRACON& Tower with Radar,72,25,10,0,107,0,0,0,0,0,72,25,10,0,107,0,0,0,107
06/25/2023,SYR,NY,AEA,EN,Combined TRACON& Tower with Radar,83,13,18,0,114,0,0,69,0,69,83,13,87,0,183,56,0,56,239
06/26/2023,SYR,NY,AEA,EN,Combined TRACON& Tower with Radar,76,15,12,11,114,0,0,24,4,28,76,15,36,15,142,9,8,17,159
06/27/2023,SYR,NY,AEA,EN,Combined TRACON& Tower with Radar,86,18,20,16,140,0,0,10,18,28,86,18,30,34,168,34,40,74,242
06/28/2023,SYR,NY,AEA,EN,Combined TRACON& Tower with Radar,86,23,34,4,147,0,0,2,1,3,86,23,36,5,150,0,0,0,150
06/29/2023,SYR,NY,AEA,EN,Combined TRACON& Tower with Radar,95,18,44,2,159,0,0,3,0,3,95,18,47,2,162,4,0,4,166
06/30/2023,SYR,NY,AEA,EN,Combined TRACON& Tower with Radar,87,27,40,2,156,0,0,2,0,2,87,27,42,2,158,0,0,0,158
07/01/2023,SYR,NY,AEA,EN,Combined TRACON& Tower with Radar,72,16,16,0,104,0,1,4,1,6,72,17,20,1,110,14,0,14,124
07/02/2023,SYR,NY,AEA,EN,Combined TRACON& Tower with Radar,77,20,13,0,110,0,0,2,1,3,77,20,15,1,113,0,0,0,113
07/03/2023,SYR,NY,AEA,EN,Combined TRACON& Tower with Radar,79,11,5,0,95,0,0,2,0,2,79,11,7,0,97,0,0,0,97
07/04/2023,SYR,NY,AEA,EN,Combined TRACON& Tower with Radar,60,12,8,0,80,0,0,20,11,31,60,12,28,11,111,0,0,0,111
07/05/2023,SYR,NY,AEA,EN,Combined TRACON& Tower with Radar,92,21,7,8,128,0,5,44,17,66,92,26,51,25,194,7,4,11,205
07/06/2023,SYR,NY,AEA,EN,Combined TRACON& Tower with Radar,103,12,12,20,147,0,1,40,12,53,103,13,52,32,200,12,24,36,236
07/07/2023,SYR,NY,AEA,EN,Combined TRACON& Tower with Radar,90,18,22,0,130,0,0,17,1,18,90,18,39,1,148,12,0,12,160
07/08/2023,SYR,NY,AEA,EN,Combined TRACON& Tower with Radar,79,24,14,0,117,0,0,46,4,50,79,24,60,4,167,31,0,31,198
07/09/2023,SYR,NY,AEA,EN,Combined TRACON& Tower with Radar,70,20,11,0,101,0,0,13,5,18,70,20,24,5,119,26,0,26,145
07/10/2023,SYR,NY,AEA,EN,Combined TRACON& Tower with Radar,87,16,31,3,137,0,0,12,2,14,87,16,43,5,151,0,0,0,151
07/11/2023,SYR,NY,AEA,EN,Combined TRACON& Tower with Radar,96,21,14,12,143,20,0,62,18,100,116,21,76,30,243,33,0,33,276
07/12/2023,SYR,NY,AEA,EN,Combined TRACON& Tower with Radar,104,14,10,25,153,0,0,29,30,59,104,14,39,55,212,42,14,56,268
07/13/2023,SYR,NY,AEA,EN,Combined TRACON& Tower with Radar,102,27,8,9,146,0,0,23,9,32,102,27,31,18,178,4,0,4,182
07/14/2023,SYR,NY,AEA,EN,Combined TRACON& Tower with Radar,100,22,13,7,142,0,2,53,19,74,100,24,66,26,216,39,8,47,263
07/15/2023,SYR,NY,AEA,EN,Combined TRACON& Tower with Radar,79,21,14,8,122,0,0,38,14,52,79,21,52,22,174,15,8,23,197
07/16/2023,SYR,NY,AEA,EN,Combined TRACON& Tower with Radar,73,26,12,1,112,0,0,19,0,19,73,26,31,1,131,38,0,38,169
07/17/2023,SYR,NY,AEA,EN,Combined TRACON& Tower with Radar,82,29,15,12,138,0,1,30,24,55,82,30,45,36,193,62,0,62,255
07/18/2023,SYR,NY,AEA,EN,Combined TRACON& Tower with Radar,92,18,7,7,124,0,1,31,3,35,92,19,38,10,159,13,0,13,172
07/19/2023,SYR,NY,AEA,EN,Combined TRACON& Tower with Radar,97,12,25,8,142,0,0,69,16,85,97,12,94,24,227,106,4,110,337
07/20/2023,SYR,NY,AEA,EN,Combined TRACON& Tower with Radar,99,15,15,11,140,1,4,39,18,62,100,19,54,29,202,68,2,70,272
07/21/2023,SYR,NY,AEA,EN,Combined TRACON& Tower with Radar,94,20,19,0,133,1,0,27,0,28,95,20,46,0,161,20,0,20,181
07/22/2023,SYR,NY,AEA,EN,Combined TRACON& Tower with Radar,76,14,5,1,96,0,4,29,29,62,76,18,34,30,158,26,0,26,184
07/23/2023,SYR,NY,AEA,EN,Combined TRACON& Tower with Radar,81,38,16,0,135,0,2,42,20,64,81,40,58,20,199,29,0,29,228
07/24/2023,SYR,NY,AEA,EN,Combined TRACON& Tower with Radar,98,19,9,7,133,0,1,19,7,27,98,20,28,14,160,12,0,12,172
07/25/2023,SYR,NY,AEA,EN,Combined TRACON& Tower with Radar,94,21,8,15,138,0,0,53,28,81,94,21,61,43,219,56,10,66,285
07/26/2023,SYR,NY,AEA,EN,Combined TRACON& Tower with Radar,101,23,18,9,151,0,0,44,59,103,101,23,62,68,254,59,36,95,349
07/27/2023,SYR,NY,AEA,EN,Combined TRACON& Tower with Radar,97,21,14,9,141,0,0,5,15,20,97,21,19,24,161,0,12,12,173
07/28/2023,SYR,NY,AEA,EN,Combined TRACON& Tower with Radar,87,19,18,1,125,0,1,31,35,67,87,20,49,36,192,48,96,144,336
07/29/2023,SYR,NY,AEA,EN,Combined TRACON& Tower with Radar,74,19,6,1,100,0,0,2,0,2,74,19,8,1,102,14,0,14,116
07/30/2023,SYR,NY,AEA,EN,Combined TRACON& Tower with Radar,86,21,14,0,121,0,0,38,10,48,86,21,52,10,169,19,0,19,188
07/31/2023,SYR,NY,AEA,EN,Combined TRACON& Tower with Radar,90,25,7,13,135,0,0,34,7,41,90,25,41,20,176,27,2,29,205
08/01/2023,SYR,NY,AEA,EN,Combined TRACON& Tower with Radar,99,18,14,7,138,0,0,57,3,60,99,18,71,10,198,2,0,2,200
08/02/2023,SYR,NY,AEA,EN,Combined TRACON& Tower with Radar,101,21,21,7,150,0,1,50,12,63,101,22,71,19,213,77,12,89,302
08/03/2023,SYR,NY,AEA,EN,Combined TRACON& Tower with Radar,97,31,33,5,166,0,0,38,6,44,97,31,71,11,210,0,0,0,210
08/04/2023,SYR,NY,AEA,EN,Combined TRACON& Tower with Radar,93,25,12,2,132,0,0,15,4,19,93,25,27,6,151,30,0,30,181
08/05/2023,SYR,NY,AEA,EN,Combined TRACON& Tower with Radar,77,23,15,1,116,0,0,23,12,35,77,23,38,13,151,38,0,38,189
08/06/2023,SYR,NY,AEA,EN,Combined TRACON& Tower with Radar,79,26,19,10,134,0,1,45,9,55,79,27,64,19,189,23,7,30,219
08/07/2023,SYR,NY,AEA,EN,Combined TRACON& Tower with Radar,82,27,9,7,125,0,0,10,9,19,82,27,19,16,144,8,0,8,152
08/08/2023,SYR,NY,AEA,EN,Combined TRACON& Tower with Radar,99,25,27,6,157,0,0,0,1,1,99,25,27,7,158,0,0,0,158
08/09/2023,SYR,NY,AEA,EN,Combined TRACON& Tower with Radar,100,15,16,29,160,0,5,90,24,119,100,20,106,53,279,26,12,38,317
08/10/2023,SYR,NY,AEA,EN,Combined TRACON& Tower with Radar,99,21,27,2,149,0,0,14,2,16,99,21,41,4,165,0,0,0,165
08/11/2023,SYR,NY,AEA,EN,Combined TRACON& Tower with Radar,91,17,17,1,126,0,0,36,8,44,91,17,53,9,170,46,0,46,216
08/12/2023,SYR,NY,AEA,EN,Combined TRACON& Tower with Radar,75,16,8,0,99,0,1,15,6,22,75,17,23,6,121,45,18,63,184
08/13/2023,SYR,NY,AEA,EN,Combined TRACON& Tower with Radar,79,24,19,0,122,0,0,22,2,24,79,24,41,2,146,72,0,72,218
08/14/2023,SYR,NY,AEA,EN,Combined TRACON& Tower with Radar,90,26,13,6,135,0,1,48,7,56,90,27,61,13,191,36,0,36,227
08/15/2023,SYR,NY,AEA,EN,Combined TRACON& Tower with Radar,98,25,17,0,140,0,0,0,0,0,98,25,17,0,140,0,0,0,140
08/16/2023,SYR,NY,AEA,EN,Combined TRACON& Tower with Radar,96,32,28,12,168,0,2,28,9,39,96,34,56,21,207,50,8,58,265
08/17/2023,SYR,NY,AEA,EN,Combined TRACON& Tower with Radar,94,29,16,13,152,0,2,33,27,62,94,31,49,40,214,0,32,32,246
08/18/2023,SYR,NY,AEA,EN,Combined TRACON& Tower with Radar,93,29,15,2,139,0,0,13,2,15,93,29,28,4,154,0,0,0,154
08/19/2023,SYR,NY,AEA,EN,Combined TRACON& Tower with Radar,78,22,19,0,119,0,0,22,14,36,78,22,41,14,155,8,0,8,163
08/20/2023,SYR,NY,AEA,EN,Combined TRACON& Tower with Radar,84,23,16,0,123,0,2,56,19,77,84,25,72,19,200,28,0,28,228
08/21/2023,SYR,NY,AEA,EN,Combined TRACON& Tower with Radar,93,31,9,6,139,0,0,22,4,26,93,31,31,10,165,30,0,30,195
08/22/2023,SYR,NY,AEA,EN,Combined TRACON& Tower with Radar,96,20,23,11,150,0,3,47,31,81,96,23,70,42,231,36,32,68,299
08/23/2023,SYR,NY,AEA,EN,Combined TRACON& Tower with Radar,91,30,26,17,164,0,8,34,11,53,91,38,60,28,217,28,12,40,257
08/24/2023,SYR,NY,AEA,EN,Combined TRACON& Tower with Radar,99,18,28,7,152,0,0,7,3,10,99,18,35,10,162,0,0,0,162
08/25/2023,SYR,NY,AEA,EN,Combined TRACON& Tower with Radar,98,32,17,2,149,0,0,14,0,14,98,32,31,2,163,0,0,0,163
08/26/2023,SYR,NY,AEA,EN,Combined TRACON& Tower with Radar,79,20,19,4,122,0,1,38,6,45,79,21,57,10,167,81,0,81,248
08/27/2023,SYR,NY,AEA,EN,Combined TRACON& Tower with Radar,83,24,25,1,133,0,2,34,5,41,83,26,59,6,174,14,0,14,188
08/28/2023,SYR,NY,AEA,EN,Combined TRACON& Tower with Radar,96,17,14,12,139,0,0,10,9,19,96,17,24,21,158,29,10,39,197
08/29/2023,SYR,NY,AEA,EN,Combined TRACON& Tower with Radar,93,19,20,8,140,0,0,24,2,26,93,19,44,10,166,22,0,22,188
08/30/2023,SYR,NY,AEA,EN,Combined TRACON& Tower with Radar,91,21,15,8,135,0,1,18,1,20,91,22,33,9,155,4,0,4,159
08/31/2023,SYR,NY,AEA,EN,Combined TRACON& Tower with Radar,100,21,31,6,158,0,4,79,11,94,100,25,110,17,252,20,0,20,272
