01/01/2020,TCL,AL,ASO,ES,Federal Contract Tower,1,7,15,0,23,0,0,16,0,16,1,7,31,0,39,6,0,6,45
01/02/2020,TCL,AL,ASO,ES,Federal Contract Tower,4,6,12,0,22,0,0,0,0,0,4,6,12,0,22,0,0,0,22
01/03/2020,TCL,AL,ASO,ES,Federal Contract Tower,1,3,10,0,14,0,0,0,0,0,1,3,10,0,14,0,0,0,14
01/04/2020,TCL,AL,ASO,ES,Federal Contract Tower,1,3,7,0,11,0,0,13,4,17,1,3,20,4,28,4,16,20,48
01/05/2020,TCL,AL,ASO,ES,Federal Contract Tower,2,6,13,0,21,0,4,43,2,49,2,10,56,2,70,38,0,38,108
01/06/2020,TCL,AL,ASO,ES,Federal Contract Tower,0,9,24,20,53,0,0,39,10,49,0,9,63,30,102,48,20,68,170
01/07/2020,TCL,AL,ASO,ES,Federal Contract Tower,0,9,12,14,35,0,1,12,2,15,0,10,24,16,50,4,14,18,68
01/08/2020,TCL,AL,ASO,ES,Federal Contract Tower,1,9,14,32,56,0,0,29,2,31,1,9,43,34,87,34,58,92,179
01/09/2020,TCL,AL,ASO,ES,Federal Contract Tower,0,6,28,22,56,0,0,19,0,19,0,6,47,22,75,10,0,10,85
01/10/2020,TCL,AL,ASO,ES,Federal Contract Tower,2,5,11,6,24,0,0,6,4,10,2,5,17,10,34,2,10,12,46
01/11/2020,TCL,AL,ASO,ES,Federal Contract Tower,2,4,2,0,8,0,0,2,0,2,2,4,4,0,10,8,0,8,18
01/12/2020,TCL,AL,ASO,ES,Federal Contract Tower,0,2,7,0,9,0,0,24,2,26,0,2,31,2,35,36,0,36,71
01/13/2020,TCL,AL,ASO,ES,Federal Contract Tower,0,1,12,10,23,0,0,4,0,4,0,1,16,10,27,44,10,54,81
01/14/2020,TCL,AL,ASO,ES,Federal Contract Tower,0,12,15,8,35,0,0,1,0,1,0,12,16,8,36,0,0,0,36
01/15/2020,TCL,AL,ASO,ES,Federal Contract Tower,0,7,24,18,49,0,0,1,0,1,0,7,25,18,50,8,0,8,58
01/16/2020,TCL,AL,ASO,ES,Federal Contract Tower,2,8,16,25,51,0,0,11,8,19,2,8,27,33,70,22,30,52,122
01/17/2020,TCL,AL,ASO,ES,Federal Contract Tower,1,14,30,36,81,0,4,32,4,40,1,18,62,40,121,24,94,118,239
01/18/2020,TCL,AL,ASO,ES,Federal Contract Tower,2,5,4,3,14,0,0,2,0,2,2,5,6,3,16,0,0,0,16
01/19/2020,TCL,AL,ASO,ES,Federal Contract Tower,3,7,3,4,17,0,3,12,2,17,3,10,15,6,34,0,0,0,34
01/20/2020,TCL,AL,ASO,ES,Federal Contract Tower,0,3,13,2,18,0,1,25,6,32,0,4,38,8,50,20,10,30,80
01/21/2020,TCL,AL,ASO,ES,Federal Contract Tower,2,6,30,10,48,0,0,19,4,23,2,6,49,14,71,44,12,56,127
01/22/2020,TCL,AL,ASO,ES,Federal Contract Tower,2,3,19,26,50,0,4,25,14,43,2,7,44,40,93,18,16,34,127
01/23/2020,TCL,AL,ASO,ES,Federal Contract Tower,2,14,27,18,61,0,0,0,0,0,2,14,27,18,61,0,8,8,69
01/24/2020,TCL,AL,ASO,ES,Federal Contract Tower,0,6,19,38,63,0,2,16,0,18,0,8,35,38,81,20,100,120,201
01/25/2020,TCL,AL,ASO,ES,Federal Contract Tower,4,1,14,0,19,0,0,23,8,31,4,1,37,8,50,46,0,46,96
01/26/2020,TCL,AL,ASO,ES,Federal Contract Tower,1,3,17,8,29,0,4,12,4,20,1,7,29,12,49,0,14,14,63
01/27/2020,TCL,AL,ASO,ES,Federal Contract Tower,1,0,29,28,58,0,0,13,2,15,1,0,42,30,73,2,38,40,113
01/28/2020,TCL,AL,ASO,ES,Federal Contract Tower,1,1,26,8,36,0,0,48,1,49,1,1,74,9,85,12,38,50,135
01/29/2020,TCL,AL,ASO,ES,Federal Contract Tower,0,13,20,63,96,0,0,11,2,13,0,13,31,65,109,6,22,28,137
01/30/2020,TCL,AL,ASO,ES,Federal Contract Tower,2,8,39,32,81,0,0,47,6,53,2,8,86,38,134,50,84,134,268
01/31/2020,TCL,AL,ASO,ES,Federal Contract Tower,2,10,20,33,65,0,0,11,2,13,2,10,31,35,78,18,146,164,242
02/01/2020,TCL,AL,ASO,ES,Federal Contract Tower,3,4,14,0,21,0,0,9,4,13,3,4,23,4,34,0,0,0,34
02/02/2020,TCL,AL,ASO,ES,Federal Contract Tower,1,3,13,1,18,0,2,58,9,69,1,5,71,10,87,68,34,102,189
02/03/2020,TCL,AL,ASO,ES,Federal Contract Tower,1,3,37,19,60,0,4,26,10,40,1,7,63,29,100,16,22,38,138
02/04/2020,TCL,AL,ASO,ES,Federal Contract Tower,0,6,25,6,37,0,1,2,0,3,0,7,27,6,40,0,0,0,40
02/05/2020,TCL,AL,ASO,ES,Federal Contract Tower,2,3,12,0,17,0,0,0,0,0,2,3,12,0,17,0,0,0,17
02/06/2020,TCL,AL,ASO,ES,Federal Contract Tower,0,8,20,0,28,0,0,0,0,0,0,8,20,0,28,0,0,0,28
02/07/2020,TCL,AL,ASO,ES,Federal Contract Tower,2,6,41,8,57,0,2,32,40,74,2,8,73,48,131,26,0,26,157
02/08/2020,TCL,AL,ASO,ES,Federal Contract Tower,0,0,7,4,11,0,0,57,1,58,0,0,64,5,69,126,30,156,225
02/09/2020,TCL,AL,ASO,ES,Federal Contract Tower,1,0,23,8,32,0,0,37,9,46,1,0,60,17,78,30,0,30,108
02/10/2020,TCL,AL,ASO,ES,Federal Contract Tower,0,0,7,0,7,0,0,0,0,0,0,0,7,0,7,0,0,0,7
02/11/2020,TCL,AL,ASO,ES,Federal Contract Tower,0,0,13,9,22,0,0,0,16,16,0,0,13,25,38,0,2,2,40
02/12/2020,TCL,AL,ASO,ES,Federal Contract Tower,0,7,12,0,19,0,0,0,1,1,0,7,12,1,20,0,0,0,20
02/13/2020,TCL,AL,ASO,ES,Federal Contract Tower,0,6,25,26,57,0,0,3,4,7,0,6,28,30,64,2,12,14,78
02/14/2020,TCL,AL,ASO,ES,Federal Contract Tower,2,5,29,26,62,0,0,33,7,40,2,5,62,33,102,28,20,48,150
02/15/2020,TCL,AL,ASO,ES,Federal Contract Tower,5,5,12,0,22,0,0,50,4,54,5,5,62,4,76,50,8,58,134
02/16/2020,TCL,AL,ASO,ES,Federal Contract Tower,0,5,10,6,21,0,0,15,2,17,0,5,25,8,38,14,0,14,52
02/17/2020,TCL,AL,ASO,ES,Federal Contract Tower,0,2,8,4,14,0,0,4,0,4,0,2,12,4,18,6,0,6,24
02/18/2020,TCL,AL,ASO,ES,Federal Contract Tower,1,3,19,0,23,0,0,0,0,0,1,3,19,0,23,0,0,0,23
02/19/2020,TCL,AL,ASO,ES,Federal Contract Tower,0,12,20,20,52,0,2,0,0,2,0,14,20,20,54,2,0,2,56
02/20/2020,TCL,AL,ASO,ES,Federal Contract Tower,1,18,14,0,33,0,0,2,0,2,1,18,16,0,35,0,0,0,35
02/21/2020,TCL,AL,ASO,ES,Federal Contract Tower,0,1,21,10,32,0,0,24,8,32,0,1,45,18,64,10,24,34,98
02/22/2020,TCL,AL,ASO,ES,Federal Contract Tower,0,2,20,0,22,0,0,44,8,52,0,2,64,8,74,88,0,88,162
02/23/2020,TCL,AL,ASO,ES,Federal Contract Tower,0,5,14,9,28,0,0,32,5,37,0,5,46,14,65,42,0,42,107
02/24/2020,TCL,AL,ASO,ES,Federal Contract Tower,0,5,16,18,39,0,0,0,0,0,0,5,16,18,39,0,54,54,93
02/25/2020,TCL,AL,ASO,ES,Federal Contract Tower,0,7,22,26,55,0,2,20,0,22,0,9,42,26,77,30,42,72,149
02/26/2020,TCL,AL,ASO,ES,Federal Contract Tower,2,5,20,10,37,0,0,2,0,2,2,5,22,10,39,0,26,26,65
02/27/2020,TCL,AL,ASO,ES,Federal Contract Tower,2,8,34,26,70,0,0,32,6,38,2,8,66,32,108,22,38,60,168
02/28/2020,TCL,AL,ASO,ES,Federal Contract Tower,1,11,42,14,68,0,0,16,2,18,1,11,58,16,86,21,36,57,143
02/29/2020,TCL,AL,ASO,ES,Federal Contract Tower,4,7,10,0,21,0,0,55,2,57,4,7,65,2,78,74,0,74,152
03/01/2020,TCL,AL,ASO,ES,Federal Contract Tower,3,7,19,0,29,0,2,38,0,40,3,9,57,0,69,36,0,36,105
03/02/2020,TCL,AL,ASO,ES,Federal Contract Tower,3,1,19,8,31,0,0,3,0,3,3,1,22,8,34,26,16,42,76
03/03/2020,TCL,AL,ASO,ES,Federal Contract Tower,0,5,9,3,17,0,3,8,1,12,0,8,17,4,29,2,0,2,31
03/04/2020,TCL,AL,ASO,ES,Federal Contract Tower,4,3,14,0,21,0,0,0,0,0,4,3,14,0,21,0,0,0,21
03/05/2020,TCL,AL,ASO,ES,Federal Contract Tower,0,6,30,0,36,0,0,6,0,6,0,6,36,0,42,14,0,14,56
03/06/2020,TCL,AL,ASO,ES,Federal Contract Tower,2,4,27,27,60,0,0,36,28,64,2,4,63,55,124,30,4,34,158
03/07/2020,TCL,AL,ASO,ES,Federal Contract Tower,2,1,12,0,15,0,0,73,3,76,2,1,85,3,91,90,0,90,181
03/08/2020,TCL,AL,ASO,ES,Federal Contract Tower,0,3,17,9,29,0,2,40,10,52,0,5,57,19,81,42,0,42,123
03/09/2020,TCL,AL,ASO,ES,Federal Contract Tower,0,6,19,8,33,0,2,30,6,38,0,8,49,14,71,34,0,34,105
03/10/2020,TCL,AL,ASO,ES,Federal Contract Tower,0,5,18,6,29,0,0,6,0,6,0,5,24,6,35,8,6,14,49
03/11/2020,TCL,AL,ASO,ES,Federal Contract Tower,0,7,16,6,29,0,0,4,0,4,0,7,20,6,33,16,0,16,49
03/12/2020,TCL,AL,ASO,ES,Federal Contract Tower,0,7,14,19,40,0,0,11,13,24,0,7,25,32,64,54,86,140,204
03/13/2020,TCL,AL,ASO,ES,Federal Contract Tower,0,7,29,16,52,0,0,19,2,21,0,7,48,18,73,14,14,28,101
03/14/2020,TCL,AL,ASO,ES,Federal Contract Tower,0,7,22,17,46,0,0,26,10,36,0,7,48,27,82,44,50,94,176
03/15/2020,TCL,AL,ASO,ES,Federal Contract Tower,0,3,10,4,17,0,0,4,6,10,0,3,14,10,27,0,0,0,27
03/16/2020,TCL,AL,ASO,ES,Federal Contract Tower,0,9,11,46,66,0,2,18,0,20,0,11,29,46,86,20,106,126,212
03/17/2020,TCL,AL,ASO,ES,Federal Contract Tower,0,0,8,26,34,0,0,6,2,8,0,0,14,28,42,18,18,36,78
03/18/2020,TCL,AL,ASO,ES,Federal Contract Tower,0,3,5,40,48,0,0,13,6,19,0,3,18,46,67,12,122,134,201
03/19/2020,TCL,AL,ASO,ES,Federal Contract Tower,0,5,11,21,37,0,2,7,0,9,0,7,18,21,46,0,38,38,84
03/20/2020,TCL,AL,ASO,ES,Federal Contract Tower,0,5,5,24,34,0,0,5,0,5,0,5,10,24,39,4,66,70,109
03/21/2020,TCL,AL,ASO,ES,Federal Contract Tower,0,3,9,0,12,0,0,7,0,7,0,3,16,0,19,0,0,0,19
03/22/2020,TCL,AL,ASO,ES,Federal Contract Tower,0,0,5,0,5,0,0,10,0,10,0,0,15,0,15,8,0,8,23
03/23/2020,TCL,AL,ASO,ES,Federal Contract Tower,0,0,0,12,12,0,0,0,0,0,0,0,0,12,12,2,6,8,20
03/24/2020,TCL,AL,ASO,ES,Federal Contract Tower,0,0,2,8,10,0,2,5,0,7,0,2,7,8,17,8,0,8,25
03/25/2020,TCL,AL,ASO,ES,Federal Contract Tower,0,4,2,6,12,0,0,28,2,30,0,4,30,8,42,84,0,84,126
03/26/2020,TCL,AL,ASO,ES,Federal Contract Tower,0,7,10,6,23,0,1,36,0,37,0,8,46,6,60,56,18,74,134
03/27/2020,TCL,AL,ASO,ES,Federal Contract Tower,0,0,3,4,7,0,0,29,10,39,0,0,32,14,46,30,10,40,86
03/28/2020,TCL,AL,ASO,ES,Federal Contract Tower,0,0,2,8,10,0,0,8,6,14,0,0,10,14,24,4,10,14,38
03/29/2020,TCL,AL,ASO,ES,Federal Contract Tower,0,0,10,0,10,0,0,15,2,17,0,0,25,2,27,12,0,12,39
03/30/2020,TCL,AL,ASO,ES,Federal Contract Tower,0,1,7,10,18,0,2,11,20,33,0,3,18,30,51,18,14,32,83
03/31/2020,TCL,AL,ASO,ES,Federal Contract Tower,0,0,2,12,14,0,2,3,0,5,0,2,5,12,19,6,20,26,45
04/01/2020,TCL,AL,ASO,ES,Federal Contract Tower,0,2,3,10,15,0,0,127,14,141,0,2,130,24,156,24,0,24,180
04/02/2020,TCL,AL,ASO,ES,Federal Contract Tower,0,0,9,2,11,0,2,67,2,71,0,2,76,4,82,36,0,36,118
04/03/2020,TCL,AL,ASO,ES,Federal Contract Tower,0,0,5,2,7,0,4,24,16,44,0,4,29,18,51,32,0,32,83
04/04/2020,TCL,AL,ASO,ES,Federal Contract Tower,0,0,2,6,8,0,2,22,2,26,0,2,24,8,34,18,6,24,58
04/05/2020,TCL,AL,ASO,ES,Federal Contract Tower,0,0,6,0,6,0,2,13,0,15,0,2,19,0,21,0,0,0,21
04/06/2020,TCL,AL,ASO,ES,Federal Contract Tower,0,0,3,10,13,0,2,14,10,26,0,2,17,20,39,26,0,26,65
04/07/2020,TCL,AL,ASO,ES,Federal Contract Tower,0,0,3,4,7,0,0,2,0,2,0,0,5,4,9,10,0,10,19
04/08/2020,TCL,AL,ASO,ES,Federal Contract Tower,0,0,9,4,13,0,1,8,0,9,0,1,17,4,22,4,0,4,26
04/09/2020,TCL,AL,ASO,ES,Federal Contract Tower,0,0,5,4,9,0,0,21,0,21,0,0,26,4,30,22,14,36,66
04/10/2020,TCL,AL,ASO,ES,Federal Contract Tower,0,1,3,6,10,0,2,25,2,29,0,3,28,8,39,59,12,71,110
04/11/2020,TCL,AL,ASO,ES,Federal Contract Tower,1,1,3,8,13,0,0,23,4,27,1,1,26,12,40,2,10,12,52
04/12/2020,TCL,AL,ASO,ES,Federal Contract Tower,0,1,1,0,2,0,0,0,0,0,0,1,1,0,2,2,0,2,4
04/13/2020,TCL,AL,ASO,ES,Federal Contract Tower,0,1,2,6,9,0,0,13,0,13,0,1,15,6,22,6,2,8,30
04/14/2020,TCL,AL,ASO,ES,Federal Contract Tower,0,0,2,16,18,0,0,30,0,30,0,0,32,16,48,22,0,22,70
04/15/2020,TCL,AL,ASO,ES,Federal Contract Tower,0,0,7,12,19,0,0,22,2,24,0,0,29,14,43,44,0,44,87
04/16/2020,TCL,AL,ASO,ES,Federal Contract Tower,0,2,5,4,11,0,0,38,0,38,0,2,43,4,49,56,0,56,105
04/17/2020,TCL,AL,ASO,ES,Federal Contract Tower,0,1,1,10,12,0,0,25,4,29,0,1,26,14,41,16,2,18,59
04/18/2020,TCL,AL,ASO,ES,Federal Contract Tower,0,2,2,8,12,0,8,22,0,30,0,10,24,8,42,8,2,10,52
04/19/2020,TCL,AL,ASO,ES,Federal Contract Tower,0,0,0,0,0,0,0,0,0,0,0,0,0,0,0,0,0,0,0
04/20/2020,TCL,AL,ASO,ES,Federal Contract Tower,0,0,8,10,18,0,0,16,0,16,0,0,24,10,34,54,8,62,96
04/21/2020,TCL,AL,ASO,ES,Federal Contract Tower,0,0,0,14,14,0,3,32,0,35,0,3,32,14,49,54,32,86,135
04/22/2020,TCL,AL,ASO,ES,Federal Contract Tower,0,0,4,6,10,0,0,19,0,19,0,0,23,6,29,56,0,56,85
04/23/2020,TCL,AL,ASO,ES,Federal Contract Tower,0,0,4,6,10,0,0,5,0,5,0,0,9,6,15,4,16,20,35
04/24/2020,TCL,AL,ASO,ES,Federal Contract Tower,0,0,10,8,18,0,0,22,6,28,0,0,32,14,46,36,0,36,82
04/25/2020,TCL,AL,ASO,ES,Federal Contract Tower,0,0,2,18,20,0,0,14,2,16,0,0,16,20,36,2,120,122,158
04/26/2020,TCL,AL,ASO,ES,Federal Contract Tower,0,2,3,0,5,0,0,4,0,4,0,2,7,0,9,2,0,2,11
04/27/2020,TCL,AL,ASO,ES,Federal Contract Tower,0,1,7,13,21,0,0,22,3,25,0,1,29,16,46,18,0,18,64
04/28/2020,TCL,AL,ASO,ES,Federal Contract Tower,0,0,8,14,22,0,4,36,6,46,0,4,44,20,68,36,8,44,112
04/29/2020,TCL,AL,ASO,ES,Federal Contract Tower,0,0,0,2,2,0,2,0,2,4,0,2,0,4,6,32,4,36,42
04/30/2020,TCL,AL,ASO,ES,Federal Contract Tower,0,0,14,8,22,0,2,19,2,23,0,2,33,10,45,12,0,12,57
05/01/2020,TCL,AL,ASO,ES,Federal Contract Tower,0,3,8,8,19,0,1,33,2,36,0,4,41,10,55,44,0,44,99
05/02/2020,TCL,AL,ASO,ES,Federal Contract Tower,0,2,3,6,11,0,0,26,2,28,0,2,29,8,39,58,4,62,101
05/03/2020,TCL,AL,ASO,ES,Federal Contract Tower,0,2,6,0,8,0,2,44,0,46,0,4,50,0,54,48,0,48,102
05/04/2020,TCL,AL,ASO,ES,Federal Contract Tower,0,0,9,10,19,0,2,26,0,28,0,2,35,10,47,54,0,54,101
05/05/2020,TCL,AL,ASO,ES,Federal Contract Tower,0,0,20,6,26,0,0,13,4,17,0,0,33,10,43,36,0,36,79
05/06/2020,TCL,AL,ASO,ES,Federal Contract Tower,0,0,7,0,7,0,0,6,2,8,0,0,13,2,15,12,0,12,27
05/07/2020,TCL,AL,ASO,ES,Federal Contract Tower,0,0,17,7,24,0,0,42,3,45,0,0,59,10,69,54,0,54,123
05/08/2020,TCL,AL,ASO,ES,Federal Contract Tower,0,0,9,0,9,0,0,1,0,1,0,0,10,0,10,4,0,4,14
05/09/2020,TCL,AL,ASO,ES,Federal Contract Tower,0,4,3,4,11,0,0,21,7,28,0,4,24,11,39,46,16,62,101
05/10/2020,TCL,AL,ASO,ES,Federal Contract Tower,0,0,7,0,7,0,2,24,0,26,0,2,31,0,33,12,0,12,45
05/11/2020,TCL,AL,ASO,ES,Federal Contract Tower,0,0,8,8,16,0,2,27,0,29,0,2,35,8,45,46,0,46,91
05/12/2020,TCL,AL,ASO,ES,Federal Contract Tower,0,3,10,19,32,0,6,30,6,42,0,9,40,25,74,96,10,106,180
05/13/2020,TCL,AL,ASO,ES,Federal Contract Tower,0,2,9,11,22,0,0,26,0,26,0,2,35,11,48,86,24,110,158
05/14/2020,TCL,AL,ASO,ES,Federal Contract Tower,0,4,13,38,55,0,0,29,6,35,0,4,42,44,90,30,6,36,126
05/15/2020,TCL,AL,ASO,ES,Federal Contract Tower,0,0,12,21,33,0,0,21,5,26,0,0,33,26,59,36,28,64,123
05/16/2020,TCL,AL,ASO,ES,Federal Contract Tower,0,4,5,5,14,0,0,27,3,30,0,4,32,8,44,60,0,60,104
05/17/2020,TCL,AL,ASO,ES,Federal Contract Tower,0,2,9,0,11,0,0,6,0,6,0,2,15,0,17,14,0,14,31
05/18/2020,TCL,AL,ASO,ES,Federal Contract Tower,0,2,27,0,29,0,0,9,0,9,0,2,36,0,38,12,0,12,50
05/19/2020,TCL,AL,ASO,ES,Federal Contract Tower,0,2,10,22,34,0,2,21,2,25,0,4,31,24,59,6,16,22,81
05/20/2020,TCL,AL,ASO,ES,Federal Contract Tower,0,4,20,16,40,0,0,24,6,30,0,4,44,22,70,26,28,54,124
05/21/2020,TCL,AL,ASO,ES,Federal Contract Tower,0,1,32,4,37,0,0,20,0,20,0,1,52,4,57,76,6,82,139
05/22/2020,TCL,AL,ASO,ES,Federal Contract Tower,0,3,14,2,19,0,2,20,0,22,0,5,34,2,41,26,0,26,67
05/23/2020,TCL,AL,ASO,ES,Federal Contract Tower,0,0,13,0,13,0,0,10,0,10,0,0,23,0,23,38,0,38,61
05/24/2020,TCL,AL,ASO,ES,Federal Contract Tower,0,1,4,4,9,0,0,12,0,12,0,1,16,4,21,4,0,4,25
05/25/2020,TCL,AL,ASO,ES,Federal Contract Tower,0,5,15,0,20,0,0,21,0,21,0,5,36,0,41,0,0,0,41
05/26/2020,TCL,AL,ASO,ES,Federal Contract Tower,0,7,12,0,19,0,0,2,0,2,0,7,14,0,21,0,0,0,21
05/27/2020,TCL,AL,ASO,ES,Federal Contract Tower,0,3,11,2,16,0,0,0,0,0,0,3,11,2,16,50,0,50,66
05/28/2020,TCL,AL,ASO,ES,Federal Contract Tower,0,3,17,2,22,0,0,32,2,34,0,3,49,4,56,26,8,34,90
05/29/2020,TCL,AL,ASO,ES,Federal Contract Tower,0,10,6,12,28,0,0,18,0,18,0,10,24,12,46,23,0,23,69
05/30/2020,TCL,AL,ASO,ES,Federal Contract Tower,0,4,8,0,12,0,0,62,0,62,0,4,70,0,74,187,2,189,263
05/31/2020,TCL,AL,ASO,ES,Federal Contract Tower,0,0,16,0,16,0,0,48,0,48,0,0,64,0,64,42,0,42,106
06/01/2020,TCL,AL,ASO,ES,Federal Contract Tower,0,8,21,12,41,0,0,29,14,43,0,8,50,26,84,108,0,108,192
06/02/2020,TCL,AL,ASO,ES,Federal Contract Tower,0,6,12,18,36,0,0,12,2,14,0,6,24,20,50,26,18,44,94
06/03/2020,TCL,AL,ASO,ES,Federal Contract Tower,0,10,8,2,20,0,0,18,2,20,0,10,26,4,40,26,2,28,68
06/04/2020,TCL,AL,ASO,ES,Federal Contract Tower,0,9,11,5,25,0,0,17,0,17,0,9,28,5,42,8,0,8,50
06/05/2020,TCL,AL,ASO,ES,Federal Contract Tower,0,2,20,8,30,0,0,19,6,25,0,2,39,14,55,54,0,54,109
06/06/2020,TCL,AL,ASO,ES,Federal Contract Tower,0,5,16,0,21,0,0,26,0,26,0,5,42,0,47,164,0,164,211
06/07/2020,TCL,AL,ASO,ES,Federal Contract Tower,0,0,9,0,9,0,0,19,2,21,0,0,28,2,30,34,8,42,72
06/08/2020,TCL,AL,ASO,ES,Federal Contract Tower,0,1,8,0,9,0,0,0,0,0,0,1,8,0,9,0,0,0,9
06/09/2020,TCL,AL,ASO,ES,Federal Contract Tower,0,5,11,6,22,0,2,3,0,5,0,7,14,6,27,0,0,0,27
06/10/2020,TCL,AL,ASO,ES,Federal Contract Tower,0,6,20,10,36,0,0,4,4,8,0,6,24,14,44,30,8,38,82
06/11/2020,TCL,AL,ASO,ES,Federal Contract Tower,0,8,29,6,43,0,0,26,4,30,0,8,55,10,73,8,2,10,83
06/12/2020,TCL,AL,ASO,ES,Federal Contract Tower,0,3,26,0,29,0,0,36,6,42,0,3,62,6,71,18,2,20,91
06/13/2020,TCL,AL,ASO,ES,Federal Contract Tower,0,6,6,0,12,0,2,54,0,56,0,8,60,0,68,20,0,20,88
06/14/2020,TCL,AL,ASO,ES,Federal Contract Tower,0,3,16,3,22,0,9,29,3,41,0,12,45,6,63,36,10,46,109
06/15/2020,TCL,AL,ASO,ES,Federal Contract Tower,0,4,24,10,38,0,4,24,2,30,0,8,48,12,68,42,12,54,122
06/16/2020,TCL,AL,ASO,ES,Federal Contract Tower,0,5,15,12,32,0,2,25,2,29,0,7,40,14,61,52,4,56,117
06/17/2020,TCL,AL,ASO,ES,Federal Contract Tower,0,8,20,6,34,0,0,28,0,28,0,8,48,6,62,66,22,88,150
06/18/2020,TCL,AL,ASO,ES,Federal Contract Tower,0,10,10,6,26,0,0,24,12,36,0,10,34,18,62,78,10,88,150
06/19/2020,TCL,AL,ASO,ES,Federal Contract Tower,0,10,22,2,34,0,0,34,4,38,0,10,56,6,72,76,4,80,152
06/20/2020,TCL,AL,ASO,ES,Federal Contract Tower,0,4,13,0,17,0,0,47,0,47,0,4,60,0,64,96,0,96,160
06/21/2020,TCL,AL,ASO,ES,Federal Contract Tower,0,2,9,0,11,0,0,19,0,19,0,2,28,0,30,28,0,28,58
06/22/2020,TCL,AL,ASO,ES,Federal Contract Tower,0,6,13,6,25,0,2,18,2,22,0,8,31,8,47,26,0,26,73
06/23/2020,TCL,AL,ASO,ES,Federal Contract Tower,0,7,7,11,25,0,0,4,1,5,0,7,11,12,30,26,0,26,56
06/24/2020,TCL,AL,ASO,ES,Federal Contract Tower,0,13,8,6,27,0,0,4,0,4,0,13,12,6,31,16,0,16,47
06/25/2020,TCL,AL,ASO,ES,Federal Contract Tower,0,6,18,10,34,0,0,9,0,9,0,6,27,10,43,10,0,10,53
06/26/2020,TCL,AL,ASO,ES,Federal Contract Tower,0,8,10,6,24,0,0,18,4,22,0,8,28,10,46,104,0,104,150
06/27/2020,TCL,AL,ASO,ES,Federal Contract Tower,0,2,10,0,12,0,2,16,0,18,0,4,26,0,30,72,0,72,102
06/28/2020,TCL,AL,ASO,ES,Federal Contract Tower,0,1,3,0,4,0,0,13,2,15,0,1,16,2,19,34,16,50,69
06/29/2020,TCL,AL,ASO,ES,Federal Contract Tower,0,4,22,18,44,0,2,27,2,31,0,6,49,20,75,72,36,108,183
06/30/2020,TCL,AL,ASO,ES,Federal Contract Tower,0,5,20,8,33,0,0,25,4,29,0,5,45,12,62,62,0,62,124
07/01/2020,TCL,AL,ASO,ES,Federal Contract Tower,0,3,10,4,17,0,0,12,0,12,0,3,22,4,29,24,28,52,81
07/02/2020,TCL,AL,ASO,ES,Federal Contract Tower,0,5,19,6,30,0,2,9,2,13,0,7,28,8,43,2,0,2,45
07/03/2020,TCL,AL,ASO,ES,Federal Contract Tower,0,0,16,0,16,0,0,42,0,42,0,0,58,0,58,74,0,74,132
07/04/2020,TCL,AL,ASO,ES,Federal Contract Tower,0,0,3,0,3,0,0,16,0,16,0,0,19,0,19,44,0,44,63
07/05/2020,TCL,AL,ASO,ES,Federal Contract Tower,0,2,8,0,10,0,0,14,0,14,0,2,22,0,24,20,0,20,44
07/06/2020,TCL,AL,ASO,ES,Federal Contract Tower,0,4,17,6,27,0,0,13,0,13,0,4,30,6,40,30,0,30,70
07/07/2020,TCL,AL,ASO,ES,Federal Contract Tower,0,8,7,14,29,0,0,2,0,2,0,8,9,14,31,14,30,44,75
07/08/2020,TCL,AL,ASO,ES,Federal Contract Tower,0,2,10,6,18,0,0,0,2,2,0,2,10,8,20,4,0,4,24
07/09/2020,TCL,AL,ASO,ES,Federal Contract Tower,0,7,11,11,29,0,0,7,1,8,0,7,18,12,37,34,38,72,109
07/10/2020,TCL,AL,ASO,ES,Federal Contract Tower,0,7,23,3,33,0,2,24,6,32,0,9,47,9,65,96,8,104,169
07/11/2020,TCL,AL,ASO,ES,Federal Contract Tower,0,3,5,2,10,0,3,35,14,52,0,6,40,16,62,48,14,62,124
07/12/2020,TCL,AL,ASO,ES,Federal Contract Tower,0,7,15,0,22,0,0,8,0,8,0,7,23,0,30,12,0,12,42
07/13/2020,TCL,AL,ASO,ES,Federal Contract Tower,0,2,16,4,22,0,0,20,0,20,0,2,36,4,42,50,0,50,92
07/14/2020,TCL,AL,ASO,ES,Federal Contract Tower,0,6,12,10,28,0,5,42,16,63,0,11,54,26,91,112,38,150,241
07/15/2020,TCL,AL,ASO,ES,Federal Contract Tower,0,6,19,10,35,0,1,33,5,39,0,7,52,15,74,62,30,92,166
07/16/2020,TCL,AL,ASO,ES,Federal Contract Tower,2,12,23,6,43,0,0,15,0,15,2,12,38,6,58,16,30,46,104
07/17/2020,TCL,AL,ASO,ES,Federal Contract Tower,0,9,22,5,36,0,0,41,3,44,0,9,63,8,80,56,12,68,148
07/18/2020,TCL,AL,ASO,ES,Federal Contract Tower,0,6,7,0,13,0,0,20,0,20,0,6,27,0,33,28,0,28,61
07/19/2020,TCL,AL,ASO,ES,Federal Contract Tower,0,3,15,4,22,0,2,20,4,26,0,5,35,8,48,60,4,64,112
07/20/2020,TCL,AL,ASO,ES,Federal Contract Tower,0,1,11,10,22,0,0,20,9,29,0,1,31,19,51,30,36,66,117
07/21/2020,TCL,AL,ASO,ES,Federal Contract Tower,0,4,9,4,17,0,0,8,0,8,0,4,17,4,25,8,2,10,35
07/22/2020,TCL,AL,ASO,ES,Federal Contract Tower,0,12,19,10,41,0,0,22,0,22,0,12,41,10,63,36,2,38,101
07/23/2020,TCL,AL,ASO,ES,Federal Contract Tower,0,15,22,18,55,0,0,21,8,29,0,15,43,26,84,32,28,60,144
07/24/2020,TCL,AL,ASO,ES,Federal Contract Tower,1,12,7,22,42,0,0,9,0,9,1,12,16,22,51,66,30,96,147
07/25/2020,TCL,AL,ASO,ES,Federal Contract Tower,0,5,6,0,11,0,0,31,2,33,0,5,37,2,44,58,12,70,114
07/26/2020,TCL,AL,ASO,ES,Federal Contract Tower,0,0,7,0,7,0,0,23,4,27,0,0,30,4,34,20,0,20,54
07/27/2020,TCL,AL,ASO,ES,Federal Contract Tower,0,5,12,4,21,0,0,38,0,38,0,5,50,4,59,68,12,80,139
07/28/2020,TCL,AL,ASO,ES,Federal Contract Tower,1,6,18,18,43,0,2,10,0,12,1,8,28,18,55,32,62,94,149
07/29/2020,TCL,AL,ASO,ES,Federal Contract Tower,0,4,17,6,27,0,0,8,0,8,0,4,25,6,35,12,20,32,67
07/30/2020,TCL,AL,ASO,ES,Federal Contract Tower,0,3,16,13,32,0,0,13,1,14,0,3,29,14,46,8,22,30,76
07/31/2020,TCL,AL,ASO,ES,Federal Contract Tower,0,12,18,14,44,0,0,22,2,24,0,12,40,16,68,66,16,82,150
08/01/2020,TCL,AL,ASO,ES,Federal Contract Tower,0,4,14,2,20,0,0,25,0,25,0,4,39,2,45,82,0,82,127
08/02/2020,TCL,AL,ASO,ES,Federal Contract Tower,0,1,21,4,26,0,2,30,2,34,0,3,51,6,60,58,0,58,118
08/03/2020,TCL,AL,ASO,ES,Federal Contract Tower,0,4,12,18,34,0,0,26,4,30,0,4,38,22,64,26,10,36,100
08/04/2020,TCL,AL,ASO,ES,Federal Contract Tower,0,10,10,8,28,0,0,26,16,42,0,10,36,24,70,78,38,116,186
08/05/2020,TCL,AL,ASO,ES,Federal Contract Tower,0,12,8,19,39,0,0,39,12,51,0,12,47,31,90,50,10,60,150
08/06/2020,TCL,AL,ASO,ES,Federal Contract Tower,2,16,27,28,73,0,4,32,0,36,2,20,59,28,109,50,28,78,187
08/07/2020,TCL,AL,ASO,ES,Federal Contract Tower,0,20,8,16,44,0,0,22,6,28,0,20,30,22,72,80,6,86,158
08/08/2020,TCL,AL,ASO,ES,Federal Contract Tower,0,6,7,0,13,0,0,44,0,44,0,6,51,0,57,52,0,52,109
08/09/2020,TCL,AL,ASO,ES,Federal Contract Tower,0,2,21,0,23,0,0,36,0,36,0,2,57,0,59,32,0,32,91
08/10/2020,TCL,AL,ASO,ES,Federal Contract Tower,2,3,19,13,37,0,0,21,2,23,2,3,40,15,60,38,22,60,120
08/11/2020,TCL,AL,ASO,ES,Federal Contract Tower,0,8,14,23,45,0,2,17,10,29,0,10,31,33,74,44,2,46,120
08/12/2020,TCL,AL,ASO,ES,Federal Contract Tower,0,5,26,24,55,0,0,29,4,33,0,5,55,28,88,54,52,106,194
08/13/2020,TCL,AL,ASO,ES,Federal Contract Tower,0,14,10,12,36,0,0,16,2,18,0,14,26,14,54,18,4,22,76
08/14/2020,TCL,AL,ASO,ES,Federal Contract Tower,0,19,28,4,51,0,2,15,0,17,0,21,43,4,68,30,0,30,98
08/15/2020,TCL,AL,ASO,ES,Federal Contract Tower,0,7,8,2,17,0,2,9,0,11,0,9,17,2,28,10,0,10,38
08/16/2020,TCL,AL,ASO,ES,Federal Contract Tower,1,12,31,0,44,0,2,37,0,39,1,14,68,0,83,46,2,48,131
08/17/2020,TCL,AL,ASO,ES,Federal Contract Tower,0,15,18,22,55,0,2,22,12,36,0,17,40,34,91,40,70,110,201
08/18/2020,TCL,AL,ASO,ES,Federal Contract Tower,0,5,17,2,24,0,5,37,8,50,0,10,54,10,74,26,6,32,106
08/19/2020,TCL,AL,ASO,ES,Federal Contract Tower,0,14,24,20,58,0,6,22,10,38,0,20,46,30,96,102,36,138,234
08/20/2020,TCL,AL,ASO,ES,Federal Contract Tower,0,14,32,12,58,0,0,27,4,31,0,14,59,16,89,50,6,56,145
08/21/2020,TCL,AL,ASO,ES,Federal Contract Tower,0,11,21,12,44,0,0,7,2,9,0,11,28,14,53,34,0,34,87
08/22/2020,TCL,AL,ASO,ES,Federal Contract Tower,0,1,8,2,11,0,0,29,0,29,0,1,37,2,40,24,0,24,64
08/23/2020,TCL,AL,ASO,ES,Federal Contract Tower,0,0,15,0,15,0,4,29,0,33,0,4,44,0,48,18,0,18,66
08/24/2020,TCL,AL,ASO,ES,Federal Contract Tower,0,3,11,18,32,0,2,8,14,24,0,5,19,32,56,84,0,84,140
08/25/2020,TCL,AL,ASO,ES,Federal Contract Tower,0,3,2,4,9,0,0,2,0,2,0,3,4,4,11,0,0,0,11
08/26/2020,TCL,AL,ASO,ES,Federal Contract Tower,0,11,19,36,66,0,2,13,8,23,0,13,32,44,89,24,14,38,127
08/27/2020,TCL,AL,ASO,ES,Federal Contract Tower,0,5,20,18,43,0,0,1,4,5,0,5,21,22,48,2,12,14,62
08/28/2020,TCL,AL,ASO,ES,Federal Contract Tower,0,8,18,0,26,0,0,2,0,2,0,8,20,0,28,2,0,2,30
08/29/2020,TCL,AL,ASO,ES,Federal Contract Tower,0,0,7,0,7,0,0,11,0,11,0,0,18,0,18,14,0,14,32
08/30/2020,TCL,AL,ASO,ES,Federal Contract Tower,0,0,15,0,15,0,0,21,1,22,0,0,36,1,37,52,0,52,89
08/31/2020,TCL,AL,ASO,ES,Federal Contract Tower,0,1,14,10,25,0,0,0,0,0,0,1,14,10,25,12,10,22,47
09/01/2020,TCL,AL,ASO,ES,Federal Contract Tower,0,6,11,22,39,0,0,16,3,19,0,6,27,25,58,48,18,66,124
09/02/2020,TCL,AL,ASO,ES,Federal Contract Tower,0,11,28,7,46,0,0,29,1,30,0,11,57,8,76,56,0,56,132
09/03/2020,TCL,AL,ASO,ES,Federal Contract Tower,0,8,29,15,52,0,2,37,4,43,0,10,66,19,95,10,12,22,117
09/04/2020,TCL,AL,ASO,ES,Federal Contract Tower,1,5,19,6,31,0,2,50,2,54,1,7,69,8,85,72,14,86,171
09/05/2020,TCL,AL,ASO,ES,Federal Contract Tower,0,9,4,0,13,0,0,35,0,35,0,9,39,0,48,36,0,36,84
09/06/2020,TCL,AL,ASO,ES,Federal Contract Tower,0,1,7,0,8,0,2,21,2,25,0,3,28,2,33,18,8,26,59
09/07/2020,TCL,AL,ASO,ES,Federal Contract Tower,0,1,20,1,22,0,0,41,2,43,0,1,61,3,65,6,0,6,71
09/08/2020,TCL,AL,ASO,ES,Federal Contract Tower,0,0,14,29,43,0,0,34,2,36,0,0,48,31,79,70,24,94,173
09/09/2020,TCL,AL,ASO,ES,Federal Contract Tower,0,4,15,16,35,0,5,29,13,47,0,9,44,29,82,68,22,90,172
09/10/2020,TCL,AL,ASO,ES,Federal Contract Tower,0,4,24,22,50,0,0,31,16,47,0,4,55,38,97,78,8,86,183
09/11/2020,TCL,AL,ASO,ES,Federal Contract Tower,0,5,15,9,29,0,0,25,4,29,0,5,40,13,58,16,50,66,124
09/12/2020,TCL,AL,ASO,ES,Federal Contract Tower,2,1,10,4,17,0,0,27,4,31,2,1,37,8,48,54,0,54,102
09/13/2020,TCL,AL,ASO,ES,Federal Contract Tower,0,2,18,0,20,0,6,14,6,26,0,8,32,6,46,12,0,12,58
09/14/2020,TCL,AL,ASO,ES,Federal Contract Tower,0,4,23,11,38,0,2,11,5,18,0,6,34,16,56,10,0,10,66
09/15/2020,TCL,AL,ASO,ES,Federal Contract Tower,0,15,19,25,59,0,0,8,1,9,0,15,27,26,68,18,20,38,106
09/16/2020,TCL,AL,ASO,ES,Federal Contract Tower,0,9,5,4,18,0,0,0,0,0,0,9,5,4,18,0,0,0,18
09/17/2020,TCL,AL,ASO,ES,Federal Contract Tower,0,14,12,10,36,0,0,30,2,32,0,14,42,12,68,28,14,42,110
09/18/2020,TCL,AL,ASO,ES,Federal Contract Tower,0,20,19,16,55,0,2,29,8,39,0,22,48,24,94,20,8,28,122
09/19/2020,TCL,AL,ASO,ES,Federal Contract Tower,0,2,12,2,16,0,4,57,2,63,0,6,69,4,79,52,0,52,131
09/20/2020,TCL,AL,ASO,ES,Federal Contract Tower,0,5,11,0,16,0,0,33,1,34,0,5,44,1,50,28,6,34,84
09/21/2020,TCL,AL,ASO,ES,Federal Contract Tower,0,5,28,16,49,0,0,31,10,41,0,5,59,26,90,22,0,22,112
09/22/2020,TCL,AL,ASO,ES,Federal Contract Tower,1,7,17,31,56,0,0,24,7,31,1,7,41,38,87,14,12,26,113
09/23/2020,TCL,AL,ASO,ES,Federal Contract Tower,1,13,22,2,38,0,2,13,3,18,1,15,35,5,56,18,2,20,76
09/24/2020,TCL,AL,ASO,ES,Federal Contract Tower,0,17,13,1,31,0,0,0,0,0,0,17,13,1,31,0,0,0,31
09/25/2020,TCL,AL,ASO,ES,Federal Contract Tower,4,38,25,6,73,0,4,8,8,20,4,42,33,14,93,46,0,46,139
09/26/2020,TCL,AL,ASO,ES,Federal Contract Tower,3,10,17,2,32,0,0,33,3,36,3,10,50,5,68,92,10,102,170
09/27/2020,TCL,AL,ASO,ES,Federal Contract Tower,2,2,24,5,33,0,6,46,7,59,2,8,70,12,92,18,0,18,110
09/28/2020,TCL,AL,ASO,ES,Federal Contract Tower,1,7,21,8,37,0,4,13,0,17,1,11,34,8,54,12,0,12,66
09/29/2020,TCL,AL,ASO,ES,Federal Contract Tower,0,8,19,8,35,0,0,21,5,26,0,8,40,13,61,66,8,74,135
09/30/2020,TCL,AL,ASO,ES,Federal Contract Tower,0,11,23,11,45,0,1,41,8,50,0,12,64,19,95,66,18,84,179
10/01/2020,TCL,AL,ASO,ES,Federal Contract Tower,0,22,27,14,63,0,6,33,5,44,0,28,60,19,107,18,0,18,125
10/02/2020,TCL,AL,ASO,ES,Federal Contract Tower,5,26,31,23,85,0,0,33,0,33,5,26,64,23,118,36,10,46,164
10/03/2020,TCL,AL,ASO,ES,Federal Contract Tower,3,19,37,0,59,0,0,26,0,26,3,19,63,0,85,24,0,24,109
10/04/2020,TCL,AL,ASO,ES,Federal Contract Tower,2,5,33,0,40,0,0,48,2,50,2,5,81,2,90,62,16,78,168
10/05/2020,TCL,AL,ASO,ES,Federal Contract Tower,0,6,8,18,32,0,3,40,4,47,0,9,48,22,79,26,20,46,125
10/06/2020,TCL,AL,ASO,ES,Federal Contract Tower,0,3,9,13,25,0,0,25,10,35,0,3,34,23,60,20,0,20,80
10/07/2020,TCL,AL,ASO,ES,Federal Contract Tower,0,13,18,32,63,0,8,35,4,47,0,21,53,36,110,30,2,32,142
10/08/2020,TCL,AL,ASO,ES,Federal Contract Tower,0,11,28,2,41,0,0,33,2,35,0,11,61,4,76,10,0,10,86
10/09/2020,TCL,AL,ASO,ES,Federal Contract Tower,2,9,27,0,38,0,0,2,0,2,2,9,29,0,40,0,0,0,40
10/10/2020,TCL,AL,ASO,ES,Federal Contract Tower,0,4,2,0,6,0,0,1,0,1,0,4,3,0,7,0,0,0,7
10/11/2020,TCL,AL,ASO,ES,Federal Contract Tower,2,3,11,0,16,0,0,0,0,0,2,3,11,0,16,0,0,0,16
10/12/2020,TCL,AL,ASO,ES,Federal Contract Tower,0,3,23,0,26,0,0,19,0,19,0,3,42,0,45,36,0,36,81
10/13/2020,TCL,AL,ASO,ES,Federal Contract Tower,0,9,24,30,63,0,0,37,18,55,0,9,61,48,118,50,26,76,194
10/14/2020,TCL,AL,ASO,ES,Federal Contract Tower,0,13,30,26,69,0,0,47,10,57,0,13,77,36,126,92,22,114,240
10/15/2020,TCL,AL,ASO,ES,Federal Contract Tower,0,15,20,50,85,0,2,39,7,48,0,17,59,57,133,32,4,36,169
10/16/2020,TCL,AL,ASO,ES,Federal Contract Tower,2,21,39,24,86,0,2,35,0,37,2,23,74,24,123,46,0,46,169
10/17/2020,TCL,AL,ASO,ES,Federal Contract Tower,0,23,47,0,70,0,8,46,0,54,0,31,93,0,124,160,0,160,284
10/18/2020,TCL,AL,ASO,ES,Federal Contract Tower,4,29,64,2,99,0,3,45,2,50,4,32,109,4,149,24,4,28,177
10/19/2020,TCL,AL,ASO,ES,Federal Contract Tower,0,6,24,14,44,0,0,42,4,46,0,6,66,18,90,66,4,70,160
10/20/2020,TCL,AL,ASO,ES,Federal Contract Tower,0,7,14,30,51,0,0,46,19,65,0,7,60,49,116,42,10,52,168
10/21/2020,TCL,AL,ASO,ES,Federal Contract Tower,0,13,21,24,58,0,0,35,4,39,0,13,56,28,97,62,12,74,171
10/22/2020,TCL,AL,ASO,ES,Federal Contract Tower,0,16,16,18,50,0,2,24,6,32,0,18,40,24,82,36,0,36,118
10/23/2020,TCL,AL,ASO,ES,Federal Contract Tower,2,14,23,28,67,0,0,16,6,22,2,14,39,34,89,74,18,92,181
10/24/2020,TCL,AL,ASO,ES,Federal Contract Tower,0,5,12,4,21,0,0,0,0,0,0,5,12,4,21,0,0,0,21
10/25/2020,TCL,AL,ASO,ES,Federal Contract Tower,2,5,33,8,48,0,2,18,0,20,2,7,51,8,68,12,0,12,80
10/26/2020,TCL,AL,ASO,ES,Federal Contract Tower,0,0,13,42,55,0,0,28,9,37,0,0,41,51,92,54,54,108,200
10/27/2020,TCL,AL,ASO,ES,Federal Contract Tower,0,16,20,34,70,0,0,6,0,6,0,16,26,34,76,20,34,54,130
10/28/2020,TCL,AL,ASO,ES,Federal Contract Tower,0,17,14,0,31,0,0,0,0,0,0,17,14,0,31,0,0,0,31
10/29/2020,TCL,AL,ASO,ES,Federal Contract Tower,1,18,16,17,52,0,0,4,2,6,1,18,20,19,58,24,60,84,142
10/30/2020,TCL,AL,ASO,ES,Federal Contract Tower,0,25,52,12,89,0,0,33,0,33,0,25,85,12,122,64,8,72,194
10/31/2020,TCL,AL,ASO,ES,Federal Contract Tower,1,16,17,0,34,0,0,39,0,39,1,16,56,0,73,50,0,50,123
11/01/2020,TCL,AL,ASO,ES,Federal Contract Tower,2,7,29,0,38,0,2,37,2,41,2,9,66,2,79,80,0,80,159
11/02/2020,TCL,AL,ASO,ES,Federal Contract Tower,1,4,7,12,24,0,0,27,3,30,1,4,34,15,54,86,22,108,162
11/03/2020,TCL,AL,ASO,ES,Federal Contract Tower,0,6,13,21,40,0,2,35,5,42,0,8,48,26,82,54,46,100,182
11/04/2020,TCL,AL,ASO,ES,Federal Contract Tower,1,13,7,2,23,0,0,43,4,47,1,13,50,6,70,54,0,54,124
11/05/2020,TCL,AL,ASO,ES,Federal Contract Tower,0,11,28,33,72,0,0,21,6,27,0,11,49,39,99,60,44,104,203
11/06/2020,TCL,AL,ASO,ES,Federal Contract Tower,2,17,11,27,57,0,4,24,9,37,2,21,35,36,94,50,28,78,172
11/07/2020,TCL,AL,ASO,ES,Federal Contract Tower,0,6,11,5,22,0,0,23,1,24,0,6,34,6,46,46,0,46,92
11/08/2020,TCL,AL,ASO,ES,Federal Contract Tower,0,3,27,15,45,0,2,19,0,21,0,5,46,15,66,6,0,6,72
11/09/2020,TCL,AL,ASO,ES,Federal Contract Tower,0,4,27,54,85,0,0,20,0,20,0,4,47,54,105,100,118,218,323
11/10/2020,TCL,AL,ASO,ES,Federal Contract Tower,0,5,11,12,28,0,0,5,2,7,0,5,16,14,35,205,24,229,264
11/11/2020,TCL,AL,ASO,ES,Federal Contract Tower,0,11,21,0,32,0,0,6,0,6,0,11,27,0,38,104,0,104,142
11/12/2020,TCL,AL,ASO,ES,Federal Contract Tower,0,9,10,29,48,0,0,15,5,20,0,9,25,34,68,26,0,26,94
11/13/2020,TCL,AL,ASO,ES,Federal Contract Tower,0,10,19,28,57,0,2,65,6,73,0,12,84,34,130,68,22,90,220
11/14/2020,TCL,AL,ASO,ES,Federal Contract Tower,0,2,15,0,17,0,2,60,0,62,0,4,75,0,79,74,0,74,153
11/15/2020,TCL,AL,ASO,ES,Federal Contract Tower,0,0,7,2,9,0,0,13,0,13,0,0,20,2,22,6,0,6,28
11/16/2020,TCL,AL,ASO,ES,Federal Contract Tower,0,3,10,16,29,0,2,26,4,32,0,5,36,20,61,10,12,22,83
11/17/2020,TCL,AL,ASO,ES,Federal Contract Tower,0,11,27,26,64,0,0,32,4,36,0,11,59,30,100,10,26,36,136
11/18/2020,TCL,AL,ASO,ES,Federal Contract Tower,0,8,11,36,55,0,1,52,11,64,0,9,63,47,119,68,0,68,187
11/19/2020,TCL,AL,ASO,ES,Federal Contract Tower,0,14,17,23,54,0,0,29,5,34,0,14,46,28,88,36,18,54,142
11/20/2020,TCL,AL,ASO,ES,Federal Contract Tower,1,27,31,22,81,0,4,43,14,61,1,31,74,36,142,24,26,50,192
11/21/2020,TCL,AL,ASO,ES,Federal Contract Tower,1,13,27,6,47,0,1,51,0,52,1,14,78,6,99,38,14,52,151
11/22/2020,TCL,AL,ASO,ES,Federal Contract Tower,3,6,35,0,44,0,0,26,8,34,3,6,61,8,78,52,24,76,154
11/23/2020,TCL,AL,ASO,ES,Federal Contract Tower,0,7,20,40,67,0,0,18,6,24,0,7,38,46,91,10,26,36,127
11/24/2020,TCL,AL,ASO,ES,Federal Contract Tower,0,4,24,25,53,0,0,41,2,43,0,4,65,27,96,4,18,22,118
11/25/2020,TCL,AL,ASO,ES,Federal Contract Tower,0,6,11,0,17,0,0,2,0,2,0,6,13,0,19,0,0,0,19
11/26/2020,TCL,AL,ASO,ES,Federal Contract Tower,0,2,11,0,13,0,0,11,0,11,0,2,22,0,24,8,0,8,32
11/27/2020,TCL,AL,ASO,ES,Federal Contract Tower,0,7,34,0,41,0,0,2,0,2,0,7,36,0,43,14,0,14,57
11/28/2020,TCL,AL,ASO,ES,Federal Contract Tower,0,14,73,0,87,0,0,25,0,25,0,14,98,0,112,120,0,120,232
11/29/2020,TCL,AL,ASO,ES,Federal Contract Tower,0,15,21,0,36,0,0,0,0,0,0,15,21,0,36,0,0,0,36
11/30/2020,TCL,AL,ASO,ES,Federal Contract Tower,0,5,13,8,26,0,0,11,0,11,0,5,24,8,37,0,0,0,37
12/01/2020,TCL,AL,ASO,ES,Federal Contract Tower,0,5,15,26,46,0,0,27,0,27,0,5,42,26,73,2,0,2,75
12/02/2020,TCL,AL,ASO,ES,Federal Contract Tower,0,10,9,22,41,0,0,35,9,44,0,10,44,31,85,26,0,26,111
12/03/2020,TCL,AL,ASO,ES,Federal Contract Tower,0,9,11,46,66,0,2,11,3,16,0,11,22,49,82,20,44,64,146
12/04/2020,TCL,AL,ASO,ES,Federal Contract Tower,2,7,20,8,37,0,2,4,0,6,2,9,24,8,43,10,0,10,53
12/05/2020,TCL,AL,ASO,ES,Federal Contract Tower,1,7,9,2,19,0,0,46,0,46,1,7,55,2,65,46,0,46,111
12/06/2020,TCL,AL,ASO,ES,Federal Contract Tower,2,6,13,0,21,0,0,23,0,23,2,6,36,0,44,48,0,48,92
12/07/2020,TCL,AL,ASO,ES,Federal Contract Tower,0,1,8,20,29,0,0,29,2,31,0,1,37,22,60,10,2,12,72
12/08/2020,TCL,AL,ASO,ES,Federal Contract Tower,0,8,13,14,35,0,0,26,20,46,0,8,39,34,81,26,14,40,121
12/09/2020,TCL,AL,ASO,ES,Federal Contract Tower,0,4,21,18,43,0,0,32,7,39,0,4,53,25,82,32,12,44,126
12/10/2020,TCL,AL,ASO,ES,Federal Contract Tower,0,9,11,20,40,0,2,38,4,44,0,11,49,24,84,38,24,62,146
12/11/2020,TCL,AL,ASO,ES,Federal Contract Tower,2,6,17,20,45,0,0,19,24,43,2,6,36,44,88,34,2,36,124
12/12/2020,TCL,AL,ASO,ES,Federal Contract Tower,2,0,20,0,22,0,0,2,0,2,2,0,22,0,24,16,0,16,40
12/13/2020,TCL,AL,ASO,ES,Federal Contract Tower,0,4,18,2,24,0,2,30,0,32,0,6,48,2,56,64,0,64,120
12/14/2020,TCL,AL,ASO,ES,Federal Contract Tower,0,2,11,6,19,0,0,4,0,4,0,2,15,6,23,0,0,0,23
12/15/2020,TCL,AL,ASO,ES,Federal Contract Tower,0,0,15,45,60,0,0,18,4,22,0,0,33,49,82,18,8,26,108
12/16/2020,TCL,AL,ASO,ES,Federal Contract Tower,0,4,11,0,15,0,0,0,0,0,0,4,11,0,15,0,0,0,15
12/17/2020,TCL,AL,ASO,ES,Federal Contract Tower,0,6,9,33,48,0,0,9,2,11,0,6,18,35,59,2,12,14,73
12/18/2020,TCL,AL,ASO,ES,Federal Contract Tower,2,4,14,11,31,0,0,27,5,32,2,4,41,16,63,14,4,18,81
12/19/2020,TCL,AL,ASO,ES,Federal Contract Tower,0,3,14,1,18,0,0,25,1,26,0,3,39,2,44,32,0,32,76
12/20/2020,TCL,AL,ASO,ES,Federal Contract Tower,2,2,18,2,24,0,2,0,0,2,2,4,18,2,26,4,0,4,30
12/21/2020,TCL,AL,ASO,ES,Federal Contract Tower,0,2,11,6,19,0,0,13,5,18,0,2,24,11,37,14,16,30,67
12/22/2020,TCL,AL,ASO,ES,Federal Contract Tower,0,3,15,16,34,0,0,41,0,41,0,3,56,16,75,36,12,48,123
12/23/2020,TCL,AL,ASO,ES,Federal Contract Tower,0,8,20,2,30,0,0,17,0,17,0,8,37,2,47,10,0,10,57
12/24/2020,TCL,AL,ASO,ES,Federal Contract Tower,0,1,7,0,8,0,2,1,0,3,0,3,8,0,11,0,0,0,11
12/25/2020,TCL,AL,ASO,ES,Federal Contract Tower,0,0,2,0,2,0,0,9,0,9,0,0,11,0,11,0,0,0,11
12/26/2020,TCL,AL,ASO,ES,Federal Contract Tower,0,1,14,0,15,0,0,27,0,27,0,1,41,0,42,20,0,20,62
12/27/2020,TCL,AL,ASO,ES,Federal Contract Tower,0,4,13,0,17,0,7,22,0,29,0,11,35,0,46,26,0,26,72
12/28/2020,TCL,AL,ASO,ES,Federal Contract Tower,0,1,13,0,14,0,0,21,0,21,0,1,34,0,35,18,0,18,53
12/29/2020,TCL,AL,ASO,ES,Federal Contract Tower,0,0,12,3,15,0,2,15,3,20,0,2,27,6,35,24,6,30,65
12/30/2020,TCL,AL,ASO,ES,Federal Contract Tower,2,0,12,5,19,0,0,22,4,26,2,0,34,9,45,16,6,22,67
12/31/2020,TCL,AL,ASO,ES,Federal Contract Tower,6,2,12,6,26,0,0,5,0,5,6,2,17,6,31,4,0,4,35
01/01/2021,TCL,AL,ASO,ES,Federal Contract Tower,2,2,7,0,11,0,0,1,0,1,2,2,8,0,12,0,0,0,12
01/02/2021,TCL,AL,ASO,ES,Federal Contract Tower,4,4,15,0,23,0,1,21,0,22,4,5,36,0,45,12,0,12,57
01/03/2021,TCL,AL,ASO,ES,Federal Contract Tower,1,2,13,0,16,0,0,37,0,37,1,2,50,0,53,40,0,40,93
01/04/2021,TCL,AL,ASO,ES,Federal Contract Tower,1,2,8,0,11,0,0,25,0,25,1,2,33,0,36,24,0,24,60
01/05/2021,TCL,AL,ASO,ES,Federal Contract Tower,2,4,13,8,27,0,0,21,0,21,2,4,34,8,48,0,0,0,48
01/06/2021,TCL,AL,ASO,ES,Federal Contract Tower,1,7,14,23,45,0,0,17,8,25,1,7,31,31,70,46,4,50,120
01/07/2021,TCL,AL,ASO,ES,Federal Contract Tower,1,20,9,0,30,0,2,3,0,5,1,22,12,0,35,0,0,0,35
01/08/2021,TCL,AL,ASO,ES,Federal Contract Tower,9,15,18,0,42,0,2,1,4,7,9,17,19,4,49,0,0,0,49
01/09/2021,TCL,AL,ASO,ES,Federal Contract Tower,0,7,22,0,29,0,2,28,0,30,0,9,50,0,59,48,0,48,107
01/10/2021,TCL,AL,ASO,ES,Federal Contract Tower,0,7,17,0,24,0,0,25,2,27,0,7,42,2,51,74,0,74,125
01/11/2021,TCL,AL,ASO,ES,Federal Contract Tower,3,14,13,0,30,0,0,2,0,2,3,14,15,0,32,0,0,0,32
01/12/2021,TCL,AL,ASO,ES,Federal Contract Tower,3,18,36,12,69,0,0,14,2,16,3,18,50,14,85,14,0,14,99
01/13/2021,TCL,AL,ASO,ES,Federal Contract Tower,0,14,10,2,26,0,0,13,0,13,0,14,23,2,39,0,0,0,39
01/14/2021,TCL,AL,ASO,ES,Federal Contract Tower,0,11,25,12,48,0,0,30,7,37,0,11,55,19,85,54,24,78,163
01/15/2021,TCL,AL,ASO,ES,Federal Contract Tower,2,6,10,12,30,0,0,25,2,27,2,6,35,14,57,8,22,30,87
01/16/2021,TCL,AL,ASO,ES,Federal Contract Tower,4,1,13,0,18,0,0,24,0,24,4,1,37,0,42,12,0,12,54
01/17/2021,TCL,AL,ASO,ES,Federal Contract Tower,2,2,12,0,16,0,0,29,0,29,2,2,41,0,45,42,0,42,87
01/18/2021,TCL,AL,ASO,ES,Federal Contract Tower,2,0,19,4,25,0,2,41,2,45,2,2,60,6,70,42,4,46,116
01/19/2021,TCL,AL,ASO,ES,Federal Contract Tower,0,0,11,22,33,0,0,17,3,20,0,0,28,25,53,24,80,104,157
01/20/2021,TCL,AL,ASO,ES,Federal Contract Tower,1,4,15,22,42,0,0,45,6,51,1,4,60,28,93,38,26,64,157
01/21/2021,TCL,AL,ASO,ES,Federal Contract Tower,1,11,16,0,28,0,0,0,0,0,1,11,16,0,28,0,0,0,28
01/22/2021,TCL,AL,ASO,ES,Federal Contract Tower,1,13,12,4,30,0,0,6,0,6,1,13,18,4,36,16,0,16,52
01/23/2021,TCL,AL,ASO,ES,Federal Contract Tower,0,2,10,4,16,0,0,85,1,86,0,2,95,5,102,98,0,98,200
01/24/2021,TCL,AL,ASO,ES,Federal Contract Tower,0,1,9,5,15,0,0,18,2,20,0,1,27,7,35,52,4,56,91
01/25/2021,TCL,AL,ASO,ES,Federal Contract Tower,1,1,13,0,15,0,0,8,0,8,1,1,21,0,23,0,0,0,23
01/26/2021,TCL,AL,ASO,ES,Federal Contract Tower,0,3,16,2,21,0,0,42,12,54,0,3,58,14,75,38,4,42,117
01/27/2021,TCL,AL,ASO,ES,Federal Contract Tower,3,5,20,29,57,0,0,8,8,16,3,5,28,37,73,16,8,24,97
01/28/2021,TCL,AL,ASO,ES,Federal Contract Tower,0,7,24,22,53,0,0,35,0,35,0,7,59,22,88,10,16,26,114
01/29/2021,TCL,AL,ASO,ES,Federal Contract Tower,3,11,18,24,56,0,0,40,3,43,3,11,58,27,99,50,10,60,159
01/30/2021,TCL,AL,ASO,ES,Federal Contract Tower,1,8,13,2,24,0,0,41,0,41,1,8,54,2,65,48,0,48,113
01/31/2021,TCL,AL,ASO,ES,Federal Contract Tower,2,3,8,2,15,0,0,11,0,11,2,3,19,2,26,0,0,0,26
02/01/2021,TCL,AL,ASO,ES,Federal Contract Tower,0,6,7,0,13,0,0,2,0,2,0,6,9,0,15,0,0,0,15
02/02/2021,TCL,AL,ASO,ES,Federal Contract Tower,2,6,16,36,60,0,0,34,8,42,2,6,50,44,102,6,10,16,118
02/03/2021,TCL,AL,ASO,ES,Federal Contract Tower,0,6,17,33,56,0,0,64,6,70,0,6,81,39,126,76,44,120,246
02/04/2021,TCL,AL,ASO,ES,Federal Contract Tower,2,2,27,22,53,0,0,23,9,32,2,2,50,31,85,8,16,24,109
02/05/2021,TCL,AL,ASO,ES,Federal Contract Tower,2,7,14,30,53,0,0,42,4,46,2,7,56,34,99,34,0,34,133
02/06/2021,TCL,AL,ASO,ES,Federal Contract Tower,0,2,10,2,14,0,2,18,7,27,0,4,28,9,41,16,2,18,59
02/07/2021,TCL,AL,ASO,ES,Federal Contract Tower,0,4,13,2,19,0,0,36,2,38,0,4,49,4,57,40,0,40,97
02/08/2021,TCL,AL,ASO,ES,Federal Contract Tower,0,4,14,8,26,0,0,41,8,49,0,4,55,16,75,32,30,62,137
02/09/2021,TCL,AL,ASO,ES,Federal Contract Tower,0,1,12,24,37,0,0,37,4,41,0,1,49,28,78,74,54,128,206
02/10/2021,TCL,AL,ASO,ES,Federal Contract Tower,2,5,22,20,49,0,0,49,10,59,2,5,71,30,108,58,30,88,196
02/11/2021,TCL,AL,ASO,ES,Federal Contract Tower,2,6,14,0,22,0,0,0,0,0,2,6,14,0,22,0,0,0,22
02/12/2021,TCL,AL,ASO,ES,Federal Contract Tower,0,6,17,2,25,0,0,0,0,0,0,6,17,2,25,0,0,0,25
02/13/2021,TCL,AL,ASO,ES,Federal Contract Tower,0,3,11,2,16,0,0,0,0,0,0,3,11,2,16,0,0,0,16
02/14/2021,TCL,AL,ASO,ES,Federal Contract Tower,0,2,8,0,10,0,0,7,0,7,0,2,15,0,17,70,0,70,87
02/15/2021,TCL,AL,ASO,ES,Federal Contract Tower,0,0,3,0,3,0,0,0,0,0,0,0,3,0,3,0,0,0,3
02/16/2021,TCL,AL,ASO,ES,Federal Contract Tower,0,2,10,0,12,0,0,7,0,7,0,2,17,0,19,4,0,4,23
02/17/2021,TCL,AL,ASO,ES,Federal Contract Tower,2,3,16,0,21,0,0,23,4,27,2,3,39,4,48,22,0,22,70
02/18/2021,TCL,AL,ASO,ES,Federal Contract Tower,0,5,8,0,13,0,0,0,0,0,0,5,8,0,13,0,0,0,13
02/19/2021,TCL,AL,ASO,ES,Federal Contract Tower,0,7,22,10,39,0,2,30,10,42,0,9,52,20,81,36,0,36,117
02/20/2021,TCL,AL,ASO,ES,Federal Contract Tower,0,6,20,0,26,0,0,69,17,86,0,6,89,17,112,42,0,42,154
02/21/2021,TCL,AL,ASO,ES,Federal Contract Tower,0,6,23,8,37,0,0,35,0,35,0,6,58,8,72,34,4,38,110
02/22/2021,TCL,AL,ASO,ES,Federal Contract Tower,0,4,22,3,29,0,0,32,0,32,0,4,54,3,61,8,8,16,77
02/23/2021,TCL,AL,ASO,ES,Federal Contract Tower,4,8,15,25,52,0,2,52,2,56,4,10,67,27,108,86,12,98,206
02/24/2021,TCL,AL,ASO,ES,Federal Contract Tower,1,13,26,19,59,0,0,63,8,71,1,13,89,27,130,136,14,150,280
02/25/2021,TCL,AL,ASO,ES,Federal Contract Tower,2,4,25,4,35,0,0,31,4,35,2,4,56,8,70,52,4,56,126
02/26/2021,TCL,AL,ASO,ES,Federal Contract Tower,1,7,9,6,23,0,4,13,0,17,1,11,22,6,40,11,34,45,85
02/27/2021,TCL,AL,ASO,ES,Federal Contract Tower,1,15,9,5,30,0,0,16,0,16,1,15,25,5,46,10,8,18,64
02/28/2021,TCL,AL,ASO,ES,Federal Contract Tower,0,5,18,10,33,0,0,4,0,4,0,5,22,10,37,10,0,10,47
03/01/2021,TCL,AL,ASO,ES,Federal Contract Tower,0,2,20,17,39,0,0,2,8,10,0,2,22,25,49,0,12,12,61
03/02/2021,TCL,AL,ASO,ES,Federal Contract Tower,3,12,12,15,42,0,0,4,12,16,3,12,16,27,58,0,12,12,70
03/03/2021,TCL,AL,ASO,ES,Federal Contract Tower,1,3,30,34,68,0,3,49,0,52,1,6,79,34,120,128,14,142,262
03/04/2021,TCL,AL,ASO,ES,Federal Contract Tower,0,1,20,22,43,0,0,51,0,51,0,1,71,22,94,76,20,96,190
03/05/2021,TCL,AL,ASO,ES,Federal Contract Tower,1,2,31,26,60,0,4,41,2,47,1,6,72,28,107,24,0,24,131
03/06/2021,TCL,AL,ASO,ES,Federal Contract Tower,0,8,18,0,26,0,1,38,5,44,0,9,56,5,70,42,0,42,112
03/07/2021,TCL,AL,ASO,ES,Federal Contract Tower,0,3,26,0,29,0,0,61,0,61,0,3,87,0,90,96,0,96,186
03/08/2021,TCL,AL,ASO,ES,Federal Contract Tower,0,3,21,24,48,0,0,50,2,52,0,3,71,26,100,96,6,102,202
03/09/2021,TCL,AL,ASO,ES,Federal Contract Tower,0,5,23,25,53,0,0,36,0,36,0,5,59,25,89,90,28,118,207
03/10/2021,TCL,AL,ASO,ES,Federal Contract Tower,0,3,17,28,48,0,0,29,4,33,0,3,46,32,81,80,0,80,161
03/12/2021,TCL,AL,ASO,ES,Federal Contract Tower,0,4,23,6,33,0,0,32,2,34,0,4,55,8,67,36,0,36,103
03/13/2021,TCL,AL,ASO,ES,Federal Contract Tower,0,1,16,2,19,0,0,47,0,47,0,1,63,2,66,66,0,66,132
03/14/2021,TCL,AL,ASO,ES,Federal Contract Tower,0,2,9,2,13,0,0,43,0,43,0,2,52,2,56,110,0,110,166
03/15/2021,TCL,AL,ASO,ES,Federal Contract Tower,0,3,12,3,18,0,0,1,0,1,0,3,13,3,19,0,6,6,25
03/16/2021,TCL,AL,ASO,ES,Federal Contract Tower,0,4,12,0,16,0,0,2,0,2,0,4,14,0,18,0,0,0,18
03/17/2021,TCL,AL,ASO,ES,Federal Contract Tower,2,1,4,0,7,0,0,0,0,0,2,1,4,0,7,0,0,0,7
03/18/2021,TCL,AL,ASO,ES,Federal Contract Tower,1,6,41,6,54,0,0,12,0,12,1,6,53,6,66,4,0,4,70
03/19/2021,TCL,AL,ASO,ES,Federal Contract Tower,0,5,24,4,33,0,0,13,0,13,0,5,37,4,46,20,0,20,66
03/20/2021,TCL,AL,ASO,ES,Federal Contract Tower,0,5,22,2,29,0,0,42,0,42,0,5,64,2,71,26,0,26,97
03/21/2021,TCL,AL,ASO,ES,Federal Contract Tower,0,1,30,1,32,0,0,49,6,55,0,1,79,7,87,62,2,64,151
03/22/2021,TCL,AL,ASO,ES,Federal Contract Tower,0,10,24,19,53,0,5,39,0,44,0,15,63,19,97,52,0,52,149
03/23/2021,TCL,AL,ASO,ES,Federal Contract Tower,0,7,16,1,24,0,0,5,0,5,0,7,21,1,29,0,0,0,29
03/24/2021,TCL,AL,ASO,ES,Federal Contract Tower,1,3,16,4,24,0,0,32,0,32,1,3,48,4,56,50,0,50,106
03/25/2021,TCL,AL,ASO,ES,Federal Contract Tower,1,2,9,0,12,0,0,1,0,1,1,2,10,0,13,0,0,0,13
03/26/2021,TCL,AL,ASO,ES,Federal Contract Tower,2,7,18,2,29,0,0,56,2,58,2,7,74,4,87,72,0,72,159
03/27/2021,TCL,AL,ASO,ES,Federal Contract Tower,0,1,14,0,15,0,0,0,0,0,0,1,14,0,15,0,0,0,15
03/28/2021,TCL,AL,ASO,ES,Federal Contract Tower,0,3,30,6,39,0,0,0,4,4,0,3,30,10,43,0,4,4,47
03/29/2021,TCL,AL,ASO,ES,Federal Contract Tower,0,11,24,32,67,0,0,50,2,52,0,11,74,34,119,48,34,82,201
03/30/2021,TCL,AL,ASO,ES,Federal Contract Tower,0,8,17,27,52,0,2,22,3,27,0,10,39,30,79,24,32,56,135
03/31/2021,TCL,AL,ASO,ES,Federal Contract Tower,2,5,10,0,17,0,0,0,0,0,2,5,10,0,17,0,0,0,17
04/01/2021,TCL,AL,ASO,ES,Federal Contract Tower,0,12,20,24,56,0,1,16,6,23,0,13,36,30,79,12,0,12,91
04/02/2021,TCL,AL,ASO,ES,Federal Contract Tower,0,3,18,0,21,0,0,39,0,39,0,3,57,0,60,52,0,52,112
04/03/2021,TCL,AL,ASO,ES,Federal Contract Tower,1,4,17,0,22,0,2,65,0,67,1,6,82,0,89,71,0,71,160
04/04/2021,TCL,AL,ASO,ES,Federal Contract Tower,0,4,11,0,15,0,0,33,0,33,0,4,44,0,48,6,0,6,54
04/05/2021,TCL,AL,ASO,ES,Federal Contract Tower,0,9,30,42,81,0,4,52,0,56,0,13,82,42,137,64,12,76,213
04/06/2021,TCL,AL,ASO,ES,Federal Contract Tower,0,3,10,37,50,0,0,40,6,46,0,3,50,43,96,20,40,60,156
04/07/2021,TCL,AL,ASO,ES,Federal Contract Tower,0,4,14,40,58,0,0,22,14,36,0,4,36,54,94,20,0,20,114
04/08/2021,TCL,AL,ASO,ES,Federal Contract Tower,1,4,17,12,34,0,0,25,2,27,1,4,42,14,61,26,64,90,151
04/09/2021,TCL,AL,ASO,ES,Federal Contract Tower,0,6,13,4,23,0,0,12,0,12,0,6,25,4,35,18,0,18,53
04/10/2021,TCL,AL,ASO,ES,Federal Contract Tower,0,3,16,0,19,0,1,21,0,22,0,4,37,0,41,64,0,64,105
04/11/2021,TCL,AL,ASO,ES,Federal Contract Tower,2,7,26,1,36,0,1,48,1,50,2,8,74,2,86,38,0,38,124
04/12/2021,TCL,AL,ASO,ES,Federal Contract Tower,0,5,23,26,54,0,1,36,4,41,0,6,59,30,95,16,8,24,119
04/13/2021,TCL,AL,ASO,ES,Federal Contract Tower,0,5,30,28,63,0,0,25,6,31,0,5,55,34,94,34,0,34,128
04/15/2021,TCL,AL,ASO,ES,Federal Contract Tower,0,10,22,45,77,0,4,30,0,34,0,14,52,45,111,48,10,58,169
04/16/2021,TCL,AL,ASO,ES,Federal Contract Tower,0,10,24,36,70,0,2,37,8,47,0,12,61,44,117,20,10,30,147
04/17/2021,TCL,AL,ASO,ES,Federal Contract Tower,0,2,22,0,24,0,3,22,4,29,0,5,44,4,53,18,0,18,71
04/18/2021,TCL,AL,ASO,ES,Federal Contract Tower,0,10,26,2,38,0,0,34,0,34,0,10,60,2,72,98,0,98,170
04/19/2021,TCL,AL,ASO,ES,Federal Contract Tower,0,0,26,4,30,0,1,42,2,45,0,1,68,6,75,18,0,18,93
04/20/2021,TCL,AL,ASO,ES,Federal Contract Tower,0,3,13,7,23,0,0,33,0,33,0,3,46,7,56,34,0,34,90
04/21/2021,TCL,AL,ASO,ES,Federal Contract Tower,0,2,17,2,21,0,0,23,10,33,0,2,40,12,54,4,4,8,62
04/22/2021,TCL,AL,ASO,ES,Federal Contract Tower,0,5,30,10,45,0,2,31,5,38,0,7,61,15,83,40,8,48,131
04/23/2021,TCL,AL,ASO,ES,Federal Contract Tower,0,1,15,7,23,0,2,26,2,30,0,3,41,9,53,120,6,126,179
04/24/2021,TCL,AL,ASO,ES,Federal Contract Tower,0,1,7,0,8,0,2,4,0,6,0,3,11,0,14,0,0,0,14
04/25/2021,TCL,AL,ASO,ES,Federal Contract Tower,0,3,14,0,17,0,2,29,0,31,0,5,43,0,48,62,0,62,110
04/26/2021,TCL,AL,ASO,ES,Federal Contract Tower,0,4,23,8,35,0,7,35,0,42,0,11,58,8,77,26,0,26,103
04/27/2021,TCL,AL,ASO,ES,Federal Contract Tower,0,3,26,20,49,0,0,26,2,28,0,3,52,22,77,48,10,58,135
04/28/2021,TCL,AL,ASO,ES,Federal Contract Tower,0,2,24,8,34,0,0,29,8,37,0,2,53,16,71,75,0,75,146
04/29/2021,TCL,AL,ASO,ES,Federal Contract Tower,0,5,37,2,44,0,5,13,2,20,0,10,50,4,64,34,0,34,98
04/30/2021,TCL,AL,ASO,ES,Federal Contract Tower,0,5,19,8,32,0,0,23,2,25,0,5,42,10,57,34,10,44,101
05/01/2021,TCL,AL,ASO,ES,Federal Contract Tower,0,2,26,0,28,0,2,47,0,49,0,4,73,0,77,78,0,78,155
05/02/2021,TCL,AL,ASO,ES,Federal Contract Tower,0,4,26,0,30,0,0,17,0,17,0,4,43,0,47,46,0,46,93
05/03/2021,TCL,AL,ASO,ES,Federal Contract Tower,0,7,7,0,14,0,0,2,0,2,0,7,9,0,16,0,0,0,16
05/04/2021,TCL,AL,ASO,ES,Federal Contract Tower,0,2,12,0,14,0,0,2,0,2,0,2,14,0,16,0,0,0,16
05/05/2021,TCL,AL,ASO,ES,Federal Contract Tower,0,4,13,0,17,0,0,14,2,16,0,4,27,2,33,24,0,24,57
05/06/2021,TCL,AL,ASO,ES,Federal Contract Tower,0,0,29,0,29,0,2,51,1,54,0,2,80,1,83,12,0,12,95
05/07/2021,TCL,AL,ASO,ES,Federal Contract Tower,0,0,12,0,12,0,2,40,4,46,0,2,52,4,58,38,0,38,96
05/08/2021,TCL,AL,ASO,ES,Federal Contract Tower,0,1,10,0,11,0,0,36,4,40,0,1,46,4,51,24,0,24,75
05/09/2021,TCL,AL,ASO,ES,Federal Contract Tower,0,0,8,0,8,0,4,11,0,15,0,4,19,0,23,0,0,0,23
05/10/2021,TCL,AL,ASO,ES,Federal Contract Tower,0,3,12,0,15,0,1,11,0,12,0,4,23,0,27,46,0,46,73
05/11/2021,TCL,AL,ASO,ES,Federal Contract Tower,0,0,19,2,21,0,0,3,0,3,0,0,22,2,24,0,0,0,24
05/12/2021,TCL,AL,ASO,ES,Federal Contract Tower,0,0,16,0,16,0,0,11,0,11,0,0,27,0,27,38,0,38,65
05/13/2021,TCL,AL,ASO,ES,Federal Contract Tower,0,1,24,0,25,0,0,41,2,43,0,1,65,2,68,70,4,74,142
05/14/2021,TCL,AL,ASO,ES,Federal Contract Tower,0,1,16,0,17,0,2,44,4,50,0,3,60,4,67,50,0,50,117
05/15/2021,TCL,AL,ASO,ES,Federal Contract Tower,0,0,2,0,2,0,0,69,4,73,0,0,71,4,75,30,0,30,105
05/16/2021,TCL,AL,ASO,ES,Federal Contract Tower,0,2,20,2,24,0,2,33,4,39,0,4,53,6,63,24,4,28,91
05/17/2021,TCL,AL,ASO,ES,Federal Contract Tower,0,5,20,3,28,0,0,38,4,42,0,5,58,7,70,26,4,30,100
05/18/2021,TCL,AL,ASO,ES,Federal Contract Tower,0,1,23,0,24,0,0,24,7,31,0,1,47,7,55,0,0,0,55
05/19/2021,TCL,AL,ASO,ES,Federal Contract Tower,0,3,19,4,26,0,0,21,14,35,0,3,40,18,61,34,12,46,107
05/20/2021,TCL,AL,ASO,ES,Federal Contract Tower,0,6,26,4,36,0,0,11,0,11,0,6,37,4,47,12,0,12,59
05/21/2021,TCL,AL,ASO,ES,Federal Contract Tower,0,6,24,6,36,0,2,28,6,36,0,8,52,12,72,80,0,80,152
05/22/2021,TCL,AL,ASO,ES,Federal Contract Tower,0,0,12,0,12,0,8,39,0,47,0,8,51,0,59,38,0,38,97
05/23/2021,TCL,AL,ASO,ES,Federal Contract Tower,0,2,14,0,16,0,0,31,2,33,0,2,45,2,49,36,4,40,89
05/24/2021,TCL,AL,ASO,ES,Federal Contract Tower,0,3,15,0,18,0,3,52,15,70,0,6,67,15,88,98,16,114,202
05/25/2021,TCL,AL,ASO,ES,Federal Contract Tower,0,2,26,12,40,0,0,25,4,29,0,2,51,16,69,60,0,60,129
05/26/2021,TCL,AL,ASO,ES,Federal Contract Tower,0,3,23,4,30,0,2,35,4,41,0,5,58,8,71,28,4,32,103
05/27/2021,TCL,AL,ASO,ES,Federal Contract Tower,0,3,23,8,34,0,0,31,4,35,0,3,54,12,69,38,4,42,111
05/28/2021,TCL,AL,ASO,ES,Federal Contract Tower,0,2,18,0,20,0,2,17,0,19,0,4,35,0,39,52,0,52,91
05/29/2021,TCL,AL,ASO,ES,Federal Contract Tower,0,3,16,0,19,0,0,15,0,15,0,3,31,0,34,0,0,0,34
05/30/2021,TCL,AL,ASO,ES,Federal Contract Tower,0,4,13,0,17,0,7,28,5,40,0,11,41,5,57,56,10,66,123
05/31/2021,TCL,AL,ASO,ES,Federal Contract Tower,0,0,15,0,15,0,0,46,0,46,0,0,61,0,61,58,0,58,119
06/01/2021,TCL,AL,ASO,ES,Federal Contract Tower,0,1,22,14,37,0,0,20,2,22,0,1,42,16,59,36,0,36,95
06/02/2021,TCL,AL,ASO,ES,Federal Contract Tower,0,4,19,0,23,0,0,16,0,16,0,4,35,0,39,36,0,36,75
06/03/2021,TCL,AL,ASO,ES,Federal Contract Tower,0,1,17,2,20,0,0,11,0,11,0,1,28,2,31,0,0,0,31
06/04/2021,TCL,AL,ASO,ES,Federal Contract Tower,0,0,22,20,42,0,4,40,6,50,0,4,62,26,92,96,0,96,188
06/05/2021,TCL,AL,ASO,ES,Federal Contract Tower,0,3,5,0,8,0,0,17,0,17,0,3,22,0,25,0,0,0,25
06/06/2021,TCL,AL,ASO,ES,Federal Contract Tower,0,0,6,0,6,0,0,0,0,0,0,0,6,0,6,0,0,0,6
06/07/2021,TCL,AL,ASO,ES,Federal Contract Tower,0,0,21,10,31,0,0,5,2,7,0,0,26,12,38,6,0,6,44
06/08/2021,TCL,AL,ASO,ES,Federal Contract Tower,0,0,17,0,17,0,0,7,0,7,0,0,24,0,24,0,0,0,24
06/09/2021,TCL,AL,ASO,ES,Federal Contract Tower,0,4,8,0,12,0,0,2,0,2,0,4,10,0,14,16,0,16,30
06/10/2021,TCL,AL,ASO,ES,Federal Contract Tower,0,5,21,0,26,0,0,0,0,0,0,5,21,0,26,0,0,0,26
06/11/2021,TCL,AL,ASO,ES,Federal Contract Tower,0,5,14,1,20,0,0,5,9,14,0,5,19,10,34,0,0,0,34
06/12/2021,TCL,AL,ASO,ES,Federal Contract Tower,0,5,8,1,14,0,0,16,1,17,0,5,24,2,31,32,0,32,63
06/13/2021,TCL,AL,ASO,ES,Federal Contract Tower,0,2,23,0,25,0,0,26,0,26,0,2,49,0,51,66,0,66,117
06/14/2021,TCL,AL,ASO,ES,Federal Contract Tower,0,4,17,8,29,0,0,13,1,14,0,4,30,9,43,31,0,31,74
06/15/2021,TCL,AL,ASO,ES,Federal Contract Tower,0,6,26,16,48,0,0,44,6,50,0,6,70,22,98,78,6,84,182
06/16/2021,TCL,AL,ASO,ES,Federal Contract Tower,0,5,31,32,68,0,0,47,8,55,0,5,78,40,123,98,14,112,235
06/17/2021,TCL,AL,ASO,ES,Federal Contract Tower,0,3,35,15,53,0,2,45,4,51,0,5,80,19,104,62,32,94,198
06/18/2021,TCL,AL,ASO,ES,Federal Contract Tower,0,14,28,0,42,0,2,34,0,36,0,16,62,0,78,82,0,82,160
06/21/2021,TCL,AL,ASO,ES,Federal Contract Tower,2,9,14,8,33,0,0,9,0,9,2,9,23,8,42,40,0,40,82
06/22/2021,TCL,AL,ASO,ES,Federal Contract Tower,0,6,17,12,35,0,1,19,10,30,0,7,36,22,65,22,2,24,89
06/23/2021,TCL,AL,ASO,ES,Federal Contract Tower,0,9,33,25,67,0,2,47,8,57,0,11,80,33,124,78,18,96,220
06/24/2021,TCL,AL,ASO,ES,Federal Contract Tower,0,2,31,19,52,0,0,24,14,38,0,2,55,33,90,10,14,24,114
06/25/2021,TCL,AL,ASO,ES,Federal Contract Tower,0,3,25,47,75,0,2,19,6,27,0,5,44,53,102,24,132,156,258
06/26/2021,TCL,AL,ASO,ES,Federal Contract Tower,0,3,16,2,21,0,2,32,0,34,0,5,48,2,55,16,0,16,71
06/27/2021,TCL,AL,ASO,ES,Federal Contract Tower,0,2,19,0,21,0,0,17,4,21,0,2,36,4,42,38,0,38,80
06/28/2021,TCL,AL,ASO,ES,Federal Contract Tower,0,6,15,28,49,0,6,41,18,65,0,12,56,46,114,82,40,122,236
06/29/2021,TCL,AL,ASO,ES,Federal Contract Tower,0,7,19,13,39,0,0,24,2,26,0,7,43,15,65,44,0,44,109
06/30/2021,TCL,AL,ASO,ES,Federal Contract Tower,0,3,25,18,46,0,0,25,2,27,0,3,50,20,73,124,46,170,243
07/01/2021,TCL,AL,ASO,ES,Federal Contract Tower,0,6,29,14,49,0,3,12,0,15,0,9,41,14,64,20,0,20,84
07/02/2021,TCL,AL,ASO,ES,Federal Contract Tower,0,1,14,0,15,0,0,4,0,4,0,1,18,0,19,20,0,20,39
07/03/2021,TCL,AL,ASO,ES,Federal Contract Tower,0,0,13,0,13,0,2,45,0,47,0,2,58,0,60,32,0,32,92
07/04/2021,TCL,AL,ASO,ES,Federal Contract Tower,0,0,1,0,1,0,0,23,0,23,0,0,24,0,24,34,0,34,58
07/05/2021,TCL,AL,ASO,ES,Federal Contract Tower,0,3,18,4,25,0,0,33,0,33,0,3,51,4,58,44,12,56,114
07/06/2021,TCL,AL,ASO,ES,Federal Contract Tower,0,5,15,10,30,0,0,14,0,14,0,5,29,10,44,64,32,96,140
07/07/2021,TCL,AL,ASO,ES,Federal Contract Tower,1,2,19,6,28,0,0,2,0,2,1,2,21,6,30,0,32,32,62
07/08/2021,TCL,AL,ASO,ES,Federal Contract Tower,0,4,9,0,13,0,0,2,0,2,0,4,11,0,15,0,0,0,15
07/09/2021,TCL,AL,ASO,ES,Federal Contract Tower,0,4,19,17,40,0,4,23,2,29,0,8,42,19,69,76,0,76,145
07/10/2021,TCL,AL,ASO,ES,Federal Contract Tower,0,0,11,3,14,0,0,30,2,32,0,0,41,5,46,18,6,24,70
07/11/2021,TCL,AL,ASO,ES,Federal Contract Tower,0,2,26,8,36,0,0,5,0,5,0,2,31,8,41,4,6,10,51
07/12/2021,TCL,AL,ASO,ES,Federal Contract Tower,0,2,16,2,20,0,0,9,5,14,0,2,25,7,34,22,0,22,56
07/13/2021,TCL,AL,ASO,ES,Federal Contract Tower,0,7,20,0,27,0,0,15,7,22,0,7,35,7,49,8,0,8,57
07/14/2021,TCL,AL,ASO,ES,Federal Contract Tower,0,5,20,6,31,0,0,51,2,53,0,5,71,8,84,62,14,76,160
07/15/2021,TCL,AL,ASO,ES,Federal Contract Tower,0,1,25,30,56,0,4,31,8,43,0,5,56,38,99,26,38,64,163
07/16/2021,TCL,AL,ASO,ES,Federal Contract Tower,0,3,14,5,22,0,1,21,7,29,0,4,35,12,51,72,0,72,123
07/17/2021,TCL,AL,ASO,ES,Federal Contract Tower,0,3,18,0,21,0,0,0,0,0,0,3,18,0,21,0,0,0,21
07/19/2021,TCL,AL,ASO,ES,Federal Contract Tower,0,2,17,6,25,0,0,11,2,13,0,2,28,8,38,48,56,104,142
07/20/2021,TCL,AL,ASO,ES,Federal Contract Tower,0,4,22,0,26,0,0,15,0,15,0,4,37,0,41,18,0,18,59
07/21/2021,TCL,AL,ASO,ES,Federal Contract Tower,0,5,23,11,39,0,0,14,4,18,0,5,37,15,57,52,32,84,141
07/22/2021,TCL,AL,ASO,ES,Federal Contract Tower,0,3,40,0,43,0,0,29,6,35,0,3,69,6,78,28,8,36,114
07/23/2021,TCL,AL,ASO,ES,Federal Contract Tower,0,0,19,0,19,0,0,21,0,21,0,0,40,0,40,36,0,36,76
07/24/2021,TCL,AL,ASO,ES,Federal Contract Tower,0,10,10,2,22,0,0,39,0,39,0,10,49,2,61,48,6,54,115
07/25/2021,TCL,AL,ASO,ES,Federal Contract Tower,0,2,13,4,19,0,1,30,2,33,0,3,43,6,52,30,6,36,88
07/26/2021,TCL,AL,ASO,ES,Federal Contract Tower,0,4,20,9,33,0,0,22,2,24,0,4,42,11,57,32,12,44,101
07/27/2021,TCL,AL,ASO,ES,Federal Contract Tower,0,8,21,4,33,0,0,19,0,19,0,8,40,4,52,18,0,18,70
07/28/2021,TCL,AL,ASO,ES,Federal Contract Tower,0,2,9,15,26,0,2,14,6,22,0,4,23,21,48,44,12,56,104
07/29/2021,TCL,AL,ASO,ES,Federal Contract Tower,0,8,30,15,53,0,1,38,3,42,0,9,68,18,95,96,16,112,207
07/30/2021,TCL,AL,ASO,ES,Federal Contract Tower,0,5,22,14,41,0,2,17,4,23,0,7,39,18,64,80,0,80,144
07/31/2021,TCL,AL,ASO,ES,Federal Contract Tower,0,6,13,0,19,0,2,19,2,23,0,8,32,2,42,50,0,50,92
08/01/2021,TCL,AL,ASO,ES,Federal Contract Tower,0,3,14,30,47,0,0,13,6,19,0,3,27,36,66,30,10,40,106
08/02/2021,TCL,AL,ASO,ES,Federal Contract Tower,0,5,15,0,20,0,0,7,5,12,0,5,22,5,32,6,14,20,52
08/03/2021,TCL,AL,ASO,ES,Federal Contract Tower,0,2,15,10,27,0,0,26,0,26,0,2,41,10,53,58,4,62,115
08/04/2021,TCL,AL,ASO,ES,Federal Contract Tower,0,2,20,10,32,0,0,23,4,27,0,2,43,14,59,20,0,20,79
08/05/2021,TCL,AL,ASO,ES,Federal Contract Tower,0,6,18,8,32,0,2,29,2,33,0,8,47,10,65,2,0,2,67
08/06/2021,TCL,AL,ASO,ES,Federal Contract Tower,0,1,20,18,39,0,0,26,8,34,0,1,46,26,73,60,8,68,141
08/07/2021,TCL,AL,ASO,ES,Federal Contract Tower,0,4,18,0,22,0,0,28,0,28,0,4,46,0,50,34,0,34,84
08/08/2021,TCL,AL,ASO,ES,Federal Contract Tower,0,0,23,0,23,0,0,24,0,24,0,0,47,0,47,30,0,30,77
08/09/2021,TCL,AL,ASO,ES,Federal Contract Tower,0,2,20,8,30,0,0,25,10,35,0,2,45,18,65,80,20,100,165
08/10/2021,TCL,AL,ASO,ES,Federal Contract Tower,0,4,15,2,21,0,0,33,2,35,0,4,48,4,56,56,0,56,112
08/11/2021,TCL,AL,ASO,ES,Federal Contract Tower,0,6,21,2,29,0,0,8,4,12,0,6,29,6,41,18,0,18,59
08/12/2021,TCL,AL,ASO,ES,Federal Contract Tower,0,6,42,0,48,0,4,18,6,28,0,10,60,6,76,0,2,2,78
08/13/2021,TCL,AL,ASO,ES,Federal Contract Tower,0,5,22,6,33,0,0,34,1,35,0,5,56,7,68,126,0,126,194
08/14/2021,TCL,AL,ASO,ES,Federal Contract Tower,0,3,12,1,16,0,3,22,1,26,0,6,34,2,42,50,0,50,92
08/15/2021,TCL,AL,ASO,ES,Federal Contract Tower,0,15,27,0,42,0,3,23,0,26,0,18,50,0,68,78,0,78,146
08/16/2021,TCL,AL,ASO,ES,Federal Contract Tower,0,9,20,2,31,0,0,20,0,20,0,9,40,2,51,40,4,44,95
08/17/2021,TCL,AL,ASO,ES,Federal Contract Tower,0,0,7,27,34,0,2,32,0,34,0,2,39,27,68,102,4,106,174
08/18/2021,TCL,AL,ASO,ES,Federal Contract Tower,0,4,25,17,46,0,1,41,3,45,0,5,66,20,91,56,32,88,179
08/19/2021,TCL,AL,ASO,ES,Federal Contract Tower,0,12,7,0,19,0,0,6,0,6,0,12,13,0,25,12,0,12,37
08/20/2021,TCL,AL,ASO,ES,Federal Contract Tower,0,4,20,2,26,0,0,4,0,4,0,4,24,2,30,24,0,24,54
08/21/2021,TCL,AL,ASO,ES,Federal Contract Tower,0,3,6,0,9,0,1,2,0,3,0,4,8,0,12,0,0,0,12
08/22/2021,TCL,AL,ASO,ES,Federal Contract Tower,0,2,18,9,29,0,4,17,3,24,0,6,35,12,53,48,0,48,101
08/23/2021,TCL,AL,ASO,ES,Federal Contract Tower,0,4,21,8,33,0,0,34,5,39,0,4,55,13,72,54,0,54,126
08/24/2021,TCL,AL,ASO,ES,Federal Contract Tower,0,11,24,10,45,0,4,23,3,30,0,15,47,13,75,30,0,30,105
08/25/2021,TCL,AL,ASO,ES,Federal Contract Tower,0,4,23,15,42,0,2,28,6,36,0,6,51,21,78,78,14,92,170
08/27/2021,TCL,AL,ASO,ES,Federal Contract Tower,0,7,17,12,36,0,1,32,10,43,0,8,49,22,79,33,6,39,118
08/28/2021,TCL,AL,ASO,ES,Federal Contract Tower,0,2,22,0,24,0,2,13,0,15,0,4,35,0,39,20,0,20,59
08/29/2021,TCL,AL,ASO,ES,Federal Contract Tower,0,4,24,0,28,0,0,9,0,9,0,4,33,0,37,14,0,14,51
08/30/2021,TCL,AL,ASO,ES,Federal Contract Tower,0,2,3,0,5,0,0,0,0,0,0,2,3,0,5,0,0,0,5
08/31/2021,TCL,AL,ASO,ES,Federal Contract Tower,0,0,7,0,7,0,0,0,0,0,0,0,7,0,7,0,0,0,7
09/01/2021,TCL,AL,ASO,ES,Federal Contract Tower,0,3,21,8,32,0,2,18,6,26,0,5,39,14,58,36,0,36,94
09/02/2021,TCL,AL,ASO,ES,Federal Contract Tower,2,5,30,22,59,0,2,34,4,40,2,7,64,26,99,52,8,60,159
09/03/2021,TCL,AL,ASO,ES,Federal Contract Tower,2,4,31,2,39,0,0,35,1,36,2,4,66,3,75,36,0,36,111
09/04/2021,TCL,AL,ASO,ES,Federal Contract Tower,0,4,11,0,15,0,0,24,0,24,0,4,35,0,39,44,0,44,83
09/05/2021,TCL,AL,ASO,ES,Federal Contract Tower,3,0,7,3,13,0,0,29,0,29,3,0,36,3,42,32,0,32,74
09/06/2021,TCL,AL,ASO,ES,Federal Contract Tower,0,2,35,0,37,0,0,21,0,21,0,2,56,0,58,10,0,10,68
09/07/2021,TCL,AL,ASO,ES,Federal Contract Tower,0,2,23,9,34,0,1,15,6,22,0,3,38,15,56,38,0,38,94
09/08/2021,TCL,AL,ASO,ES,Federal Contract Tower,0,4,23,5,32,0,0,19,2,21,0,4,42,7,53,10,0,10,63
09/09/2021,TCL,AL,ASO,ES,Federal Contract Tower,0,5,32,20,57,0,0,35,6,41,0,5,67,26,98,20,0,20,118
09/10/2021,TCL,AL,ASO,ES,Federal Contract Tower,0,10,24,22,56,0,0,26,2,28,0,10,50,24,84,24,0,24,108
09/11/2021,TCL,AL,ASO,ES,Federal Contract Tower,0,21,29,0,50,0,0,20,2,22,0,21,49,2,72,16,0,16,88
09/12/2021,TCL,AL,ASO,ES,Federal Contract Tower,0,5,34,2,41,0,0,29,0,29,0,5,63,2,70,22,0,22,92
09/13/2021,TCL,AL,ASO,ES,Federal Contract Tower,0,6,18,24,48,0,0,17,0,17,0,6,35,24,65,32,0,32,97
09/14/2021,TCL,AL,ASO,ES,Federal Contract Tower,0,4,24,6,34,0,0,11,2,13,0,4,35,8,47,26,0,26,73
09/15/2021,TCL,AL,ASO,ES,Federal Contract Tower,2,2,15,18,37,0,0,1,0,1,2,2,16,18,38,0,32,32,70
09/16/2021,TCL,AL,ASO,ES,Federal Contract Tower,0,1,21,26,48,0,0,2,0,2,0,1,23,26,50,0,40,40,90
09/17/2021,TCL,AL,ASO,ES,Federal Contract Tower,4,11,29,15,59,0,0,1,1,2,4,11,30,16,61,10,0,10,71
09/18/2021,TCL,AL,ASO,ES,Federal Contract Tower,0,2,8,0,10,0,0,0,1,1,0,2,8,1,11,0,0,0,11
09/19/2021,TCL,AL,ASO,ES,Federal Contract Tower,0,8,23,0,31,0,0,7,0,7,0,8,30,0,38,0,0,0,38
09/20/2021,TCL,AL,ASO,ES,Federal Contract Tower,0,4,14,4,22,0,2,9,0,11,0,6,23,4,33,34,0,34,67
09/21/2021,TCL,AL,ASO,ES,Federal Contract Tower,0,1,12,2,15,0,0,4,0,4,0,1,16,2,19,14,0,14,33
09/22/2021,TCL,AL,ASO,ES,Federal Contract Tower,0,6,28,12,46,0,0,15,4,19,0,6,43,16,65,0,0,0,65
09/23/2021,TCL,AL,ASO,ES,Federal Contract Tower,0,15,31,11,57,0,0,48,5,53,0,15,79,16,110,36,0,36,146
09/24/2021,TCL,AL,ASO,ES,Federal Contract Tower,0,17,62,12,91,0,2,28,6,36,0,19,90,18,127,26,4,30,157
09/25/2021,TCL,AL,ASO,ES,Federal Contract Tower,0,3,29,0,32,0,0,20,1,21,0,3,49,1,53,0,2,2,55
09/26/2021,TCL,AL,ASO,ES,Federal Contract Tower,0,22,64,0,86,0,0,47,0,47,0,22,111,0,133,14,0,14,147
09/27/2021,TCL,AL,ASO,ES,Federal Contract Tower,0,2,31,20,53,0,0,51,4,55,0,2,82,24,108,70,26,96,204
09/28/2021,TCL,AL,ASO,ES,Federal Contract Tower,0,2,14,34,50,0,0,35,6,41,0,2,49,40,91,40,0,40,131
09/29/2021,TCL,AL,ASO,ES,Federal Contract Tower,0,5,22,24,51,0,0,17,4,21,0,5,39,28,72,18,56,74,146
09/30/2021,TCL,AL,ASO,ES,Federal Contract Tower,0,4,31,32,67,0,2,10,1,13,0,6,41,33,80,138,0,138,218
10/02/2021,TCL,AL,ASO,ES,Federal Contract Tower,0,53,124,0,177,0,2,31,0,33,0,55,155,0,210,122,0,122,332
10/03/2021,TCL,AL,ASO,ES,Federal Contract Tower,0,45,74,1,120,0,0,4,3,7,0,45,78,4,127,0,8,8,135
10/04/2021,TCL,AL,ASO,ES,Federal Contract Tower,0,2,18,24,44,0,0,16,7,23,0,2,34,31,67,10,8,18,85
10/05/2021,TCL,AL,ASO,ES,Federal Contract Tower,0,0,23,0,23,0,0,2,0,2,0,0,25,0,25,0,0,0,25
10/06/2021,TCL,AL,ASO,ES,Federal Contract Tower,0,7,17,4,28,0,0,6,0,6,0,7,23,4,34,6,16,22,56
10/07/2021,TCL,AL,ASO,ES,Federal Contract Tower,0,6,13,12,31,0,1,7,6,14,0,7,20,18,45,0,0,0,45
10/09/2021,TCL,AL,ASO,ES,Federal Contract Tower,0,8,21,3,32,0,1,34,1,36,0,9,55,4,68,38,0,38,106
10/10/2021,TCL,AL,ASO,ES,Federal Contract Tower,0,2,28,0,30,0,4,29,0,33,0,6,57,0,63,28,0,28,91
10/11/2021,TCL,AL,ASO,ES,Federal Contract Tower,0,6,21,0,27,0,0,17,0,17,0,6,38,0,44,4,0,4,48
10/12/2021,TCL,AL,ASO,ES,Federal Contract Tower,0,13,27,25,65,0,0,17,4,21,0,13,44,29,86,44,134,178,264
10/13/2021,TCL,AL,ASO,ES,Federal Contract Tower,0,7,28,39,74,0,2,25,13,40,0,9,53,52,114,64,68,132,246
10/14/2021,TCL,AL,ASO,ES,Federal Contract Tower,0,16,36,26,78,0,0,34,0,34,0,16,70,26,112,18,20,38,150
10/15/2021,TCL,AL,ASO,ES,Federal Contract Tower,0,15,23,37,75,0,4,18,2,24,0,19,41,39,99,20,16,36,135
10/16/2021,TCL,AL,ASO,ES,Federal Contract Tower,0,3,17,0,20,0,0,13,0,13,0,3,30,0,33,36,0,36,69
10/17/2021,TCL,AL,ASO,ES,Federal Contract Tower,0,6,27,17,50,0,2,23,1,26,0,8,50,18,76,0,0,0,76
10/18/2021,TCL,AL,ASO,ES,Federal Contract Tower,0,4,27,30,61,0,0,34,8,42,0,4,61,38,103,108,24,132,235
10/19/2021,TCL,AL,ASO,ES,Federal Contract Tower,0,4,22,16,42,0,0,30,0,30,0,4,52,16,72,30,20,50,122
10/20/2021,TCL,AL,ASO,ES,Federal Contract Tower,1,6,20,37,64,0,0,15,4,19,1,6,35,41,83,32,22,54,137
10/21/2021,TCL,AL,ASO,ES,Federal Contract Tower,1,16,18,9,44,0,1,10,2,13,1,17,28,11,57,38,0,38,95
10/22/2021,TCL,AL,ASO,ES,Federal Contract Tower,1,42,71,21,135,0,2,40,16,58,1,44,111,37,193,2,0,2,195
10/23/2021,TCL,AL,ASO,ES,Federal Contract Tower,4,35,112,2,153,0,1,54,18,73,4,36,166,20,226,12,0,12,238
10/24/2021,TCL,AL,ASO,ES,Federal Contract Tower,0,36,60,3,99,0,0,44,3,47,0,36,104,6,146,2,0,2,148
10/25/2021,TCL,AL,ASO,ES,Federal Contract Tower,0,9,16,10,35,0,0,11,0,11,0,9,27,10,46,0,10,10,56
10/26/2021,TCL,AL,ASO,ES,Federal Contract Tower,3,9,26,7,45,0,0,42,3,45,3,9,68,10,90,82,0,82,172
10/27/2021,TCL,AL,ASO,ES,Federal Contract Tower,0,14,28,16,58,0,0,29,2,31,0,14,57,18,89,22,10,32,121
10/28/2021,TCL,AL,ASO,ES,Federal Contract Tower,0,20,31,5,56,0,0,12,0,12,0,20,43,5,68,8,0,8,76
10/29/2021,TCL,AL,ASO,ES,Federal Contract Tower,0,10,18,2,30,0,0,1,0,1,0,10,19,2,31,0,0,0,31
10/30/2021,TCL,AL,ASO,ES,Federal Contract Tower,0,2,17,0,19,0,0,11,0,11,0,2,28,0,30,0,0,0,30
10/31/2021,TCL,AL,ASO,ES,Federal Contract Tower,0,11,41,0,52,0,0,51,0,51,0,11,92,0,103,50,0,50,153
11/01/2021,TCL,AL,ASO,ES,Federal Contract Tower,0,2,21,20,43,0,2,26,0,28,0,4,47,20,71,44,0,44,115
11/02/2021,TCL,AL,ASO,ES,Federal Contract Tower,0,10,38,16,64,0,0,41,2,43,0,10,79,18,107,40,6,46,153
11/03/2021,TCL,AL,ASO,ES,Federal Contract Tower,2,11,20,18,51,0,0,25,6,31,2,11,45,24,82,14,40,54,136
11/04/2021,TCL,AL,ASO,ES,Federal Contract Tower,3,10,39,12,64,0,0,0,0,0,3,10,39,12,64,0,0,0,64
11/05/2021,TCL,AL,ASO,ES,Federal Contract Tower,0,38,69,24,131,0,0,35,6,41,0,38,104,30,172,40,60,100,272
11/06/2021,TCL,AL,ASO,ES,Federal Contract Tower,4,56,117,0,177,0,2,51,2,55,4,58,168,2,232,152,0,152,384
11/07/2021,TCL,AL,ASO,ES,Federal Contract Tower,0,32,106,0,138,0,0,55,0,55,0,32,161,0,193,34,0,34,227
11/08/2021,TCL,AL,ASO,ES,Federal Contract Tower,0,3,20,20,43,0,0,32,3,35,0,3,52,23,78,80,16,96,174
11/09/2021,TCL,AL,ASO,ES,Federal Contract Tower,0,3,27,16,46,0,0,48,2,50,0,3,75,18,96,54,0,54,150
11/10/2021,TCL,AL,ASO,ES,Federal Contract Tower,0,6,19,16,41,0,0,31,3,34,0,6,50,19,75,32,8,40,115
11/11/2021,TCL,AL,ASO,ES,Federal Contract Tower,0,3,18,0,21,0,0,5,0,5,0,3,23,0,26,12,0,12,38
11/12/2021,TCL,AL,ASO,ES,Federal Contract Tower,0,12,36,12,60,0,0,25,10,35,0,12,61,22,95,40,0,40,135
11/13/2021,TCL,AL,ASO,ES,Federal Contract Tower,2,4,23,0,29,0,1,29,2,32,2,5,52,2,61,4,10,14,75
11/14/2021,TCL,AL,ASO,ES,Federal Contract Tower,0,8,26,2,36,0,0,49,2,51,0,8,75,4,87,38,4,42,129
11/15/2021,TCL,AL,ASO,ES,Federal Contract Tower,0,2,14,22,38,0,0,27,4,31,0,2,41,26,69,24,18,42,111
11/16/2021,TCL,AL,ASO,ES,Federal Contract Tower,2,14,20,18,54,0,0,31,4,35,2,14,51,22,89,74,0,74,163
11/17/2021,TCL,AL,ASO,ES,Federal Contract Tower,0,13,22,14,49,0,0,38,6,44,0,13,60,20,93,78,0,78,171
11/18/2021,TCL,AL,ASO,ES,Federal Contract Tower,0,23,39,0,62,0,0,3,0,3,0,23,42,0,65,0,0,0,65
11/19/2021,TCL,AL,ASO,ES,Federal Contract Tower,1,31,64,4,100,0,4,33,6,43,1,35,97,10,143,32,6,38,181
11/20/2021,TCL,AL,ASO,ES,Federal Contract Tower,7,43,104,0,154,0,2,33,9,44,7,45,137,9,198,142,0,142,340
11/21/2021,TCL,AL,ASO,ES,Federal Contract Tower,2,13,53,4,72,0,0,27,4,31,2,13,80,8,103,26,0,26,129
11/22/2021,TCL,AL,ASO,ES,Federal Contract Tower,7,12,34,8,61,0,0,18,0,18,7,12,52,8,79,18,14,32,111
11/23/2021,TCL,AL,ASO,ES,Federal Contract Tower,4,26,29,10,69,0,0,52,8,60,4,26,81,18,129,56,0,56,185
11/24/2021,TCL,AL,ASO,ES,Federal Contract Tower,3,12,18,12,45,0,2,31,0,33,3,14,49,12,78,82,0,82,160
11/25/2021,TCL,AL,ASO,ES,Federal Contract Tower,1,3,3,0,7,0,5,6,0,11,1,8,9,0,18,0,0,0,18
11/26/2021,TCL,AL,ASO,ES,Federal Contract Tower,6,3,14,0,23,0,2,17,0,19,6,5,31,0,42,4,0,4,46
11/27/2021,TCL,AL,ASO,ES,Federal Contract Tower,0,4,17,0,21,0,0,15,0,15,0,4,32,0,36,0,0,0,36
11/28/2021,TCL,AL,ASO,ES,Federal Contract Tower,0,4,38,0,42,0,0,26,0,26,0,4,64,0,68,16,0,16,84
11/29/2021,TCL,AL,ASO,ES,Federal Contract Tower,1,8,18,14,41,0,0,23,6,29,1,8,41,20,70,30,2,32,102
11/30/2021,TCL,AL,ASO,ES,Federal Contract Tower,1,10,15,10,36,0,0,33,2,35,1,10,48,12,71,6,12,18,89
12/01/2021,TCL,AL,ASO,ES,Federal Contract Tower,1,5,23,32,61,0,0,37,10,47,1,5,60,42,108,66,24,90,198
12/02/2021,TCL,AL,ASO,ES,Federal Contract Tower,1,13,30,14,58,0,0,33,8,41,1,13,63,22,99,26,0,26,125
12/03/2021,TCL,AL,ASO,ES,Federal Contract Tower,2,11,18,14,45,0,2,39,7,48,2,13,57,21,93,114,4,118,211
12/04/2021,TCL,AL,ASO,ES,Federal Contract Tower,2,8,13,2,25,0,0,10,0,10,2,8,23,2,35,34,0,34,69
12/05/2021,TCL,AL,ASO,ES,Federal Contract Tower,0,0,17,4,21,0,0,23,0,23,0,0,40,4,44,10,0,10,54
12/06/2021,TCL,AL,ASO,ES,Federal Contract Tower,0,5,15,4,24,0,0,0,0,0,0,5,15,4,24,0,6,6,30
12/07/2021,TCL,AL,ASO,ES,Federal Contract Tower,0,14,33,34,81,0,0,10,0,10,0,14,43,34,91,72,74,146,237
12/08/2021,TCL,AL,ASO,ES,Federal Contract Tower,0,14,23,34,71,0,0,23,6,29,0,14,46,40,100,56,64,120,220
12/09/2021,TCL,AL,ASO,ES,Federal Contract Tower,4,22,21,18,65,0,0,6,1,7,4,22,27,19,72,2,10,12,84
12/10/2021,TCL,AL,ASO,ES,Federal Contract Tower,1,19,35,0,55,0,0,0,0,0,1,19,35,0,55,2,0,2,57
12/11/2021,TCL,AL,ASO,ES,Federal Contract Tower,1,5,7,0,13,0,0,0,0,0,1,5,7,0,13,0,0,0,13
12/12/2021,TCL,AL,ASO,ES,Federal Contract Tower,1,1,23,0,25,0,0,38,2,40,1,1,61,2,65,38,0,38,103
12/13/2021,TCL,AL,ASO,ES,Federal Contract Tower,1,6,23,20,50,0,2,49,4,55,1,8,72,24,105,140,22,162,267
12/14/2021,TCL,AL,ASO,ES,Federal Contract Tower,0,8,12,20,40,0,0,24,8,32,0,8,36,28,72,32,12,44,116
12/15/2021,TCL,AL,ASO,ES,Federal Contract Tower,2,11,28,24,65,0,0,34,5,39,2,11,62,29,104,50,16,66,170
12/16/2021,TCL,AL,ASO,ES,Federal Contract Tower,0,12,28,40,80,0,0,17,0,17,0,12,45,40,97,36,112,148,245
12/17/2021,TCL,AL,ASO,ES,Federal Contract Tower,0,7,23,4,34,0,0,0,0,0,0,7,23,4,34,12,14,26,60
12/18/2021,TCL,AL,ASO,ES,Federal Contract Tower,0,2,3,7,12,0,0,0,0,0,0,2,3,7,12,0,0,0,12
12/19/2021,TCL,AL,ASO,ES,Federal Contract Tower,0,2,9,2,13,0,0,2,0,2,0,2,11,2,15,14,0,14,29
12/21/2021,TCL,AL,ASO,ES,Federal Contract Tower,0,0,21,12,33,0,0,15,0,15,0,0,36,12,48,22,54,76,124
12/22/2021,TCL,AL,ASO,ES,Federal Contract Tower,0,6,18,6,30,0,0,37,10,47,0,6,55,16,77,50,0,50,127
12/23/2021,TCL,AL,ASO,ES,Federal Contract Tower,0,8,13,0,21,0,1,27,0,28,0,9,40,0,49,42,0,42,91
12/24/2021,TCL,AL,ASO,ES,Federal Contract Tower,0,0,17,0,17,0,0,5,0,5,0,0,22,0,22,4,0,4,26
12/25/2021,TCL,AL,ASO,ES,Federal Contract Tower,0,0,0,0,0,0,0,0,0,0,0,0,0,0,0,0,0,0,0
12/26/2021,TCL,AL,ASO,ES,Federal Contract Tower,0,4,14,0,18,0,2,7,0,9,0,6,21,0,27,8,0,8,35
12/27/2021,TCL,AL,ASO,ES,Federal Contract Tower,0,3,34,0,37,0,0,10,0,10,0,3,44,0,47,20,0,20,67
12/28/2021,TCL,AL,ASO,ES,Federal Contract Tower,2,3,13,0,18,0,4,2,0,6,2,7,15,0,24,32,0,32,56
12/29/2021,TCL,AL,ASO,ES,Federal Contract Tower,0,1,20,0,21,0,2,4,0,6,0,3,24,0,27,10,0,10,37
12/30/2021,TCL,AL,ASO,ES,Federal Contract Tower,2,3,19,0,24,0,0,4,0,4,2,3,23,0,28,2,0,2,30
12/31/2021,TCL,AL,ASO,ES,Federal Contract Tower,0,1,10,0,11,0,6,1,0,7,0,7,11,0,18,0,0,0,18
01/01/2022,TCL,AL,ASO,ES,Federal Contract Tower,4,9,10,0,23,0,0,1,0,1,4,9,11,0,24,0,0,0,24
01/02/2022,TCL,AL,ASO,ES,Federal Contract Tower,0,2,22,0,24,0,0,2,0,2,0,2,24,0,26,4,0,4,30
01/03/2022,TCL,AL,ASO,ES,Federal Contract Tower,0,0,21,0,21,0,0,5,0,5,0,0,26,0,26,0,0,0,26
01/04/2022,TCL,AL,ASO,ES,Federal Contract Tower,2,4,15,2,23,0,0,33,2,35,2,4,48,4,58,54,0,54,112
01/05/2022,TCL,AL,ASO,ES,Federal Contract Tower,2,7,19,14,42,0,0,21,8,29,2,7,40,22,71,60,14,74,145
01/06/2022,TCL,AL,ASO,ES,Federal Contract Tower,2,5,20,6,33,0,0,2,0,2,2,5,22,6,35,0,0,0,35
01/07/2022,TCL,AL,ASO,ES,Federal Contract Tower,2,8,32,19,61,0,0,39,15,54,2,8,71,34,115,50,10,60,175
01/08/2022,TCL,AL,ASO,ES,Federal Contract Tower,1,5,9,19,34,0,0,46,6,52,1,5,55,25,86,60,34,94,180
01/09/2022,TCL,AL,ASO,ES,Federal Contract Tower,1,7,13,0,21,0,0,0,0,0,1,7,13,0,21,0,0,0,21
01/10/2022,TCL,AL,ASO,ES,Federal Contract Tower,4,11,38,4,57,0,0,29,3,32,4,11,67,7,89,8,0,8,97
01/11/2022,TCL,AL,ASO,ES,Federal Contract Tower,0,17,47,12,76,0,0,32,2,34,0,17,79,14,110,28,0,28,138
01/12/2022,TCL,AL,ASO,ES,Federal Contract Tower,0,6,33,0,39,0,0,45,0,45,0,6,78,0,84,126,0,126,210
01/13/2022,TCL,AL,ASO,ES,Federal Contract Tower,0,9,19,2,30,0,1,25,0,26,0,10,44,2,56,24,0,24,80
01/14/2022,TCL,AL,ASO,ES,Federal Contract Tower,0,7,27,12,46,0,1,26,0,27,0,8,53,12,73,62,8,70,143
01/15/2022,TCL,AL,ASO,ES,Federal Contract Tower,0,2,18,0,20,0,0,3,0,3,0,2,21,0,23,0,0,0,23
01/16/2022,TCL,AL,ASO,ES,Federal Contract Tower,2,3,13,0,18,0,0,0,0,0,2,3,13,0,18,0,0,0,18
01/17/2022,TCL,AL,ASO,ES,Federal Contract Tower,0,7,25,3,35,0,0,24,0,24,0,7,49,3,59,104,0,104,163
01/18/2022,TCL,AL,ASO,ES,Federal Contract Tower,2,5,27,16,50,0,0,42,0,42,2,5,69,16,92,106,4,110,202
01/19/2022,TCL,AL,ASO,ES,Federal Contract Tower,1,4,22,22,49,0,0,16,2,18,1,4,38,24,67,24,44,68,135
01/20/2022,TCL,AL,ASO,ES,Federal Contract Tower,3,7,19,4,33,0,0,2,1,3,3,7,21,5,36,0,0,0,36
01/21/2022,TCL,AL,ASO,ES,Federal Contract Tower,3,3,33,15,54,0,0,13,8,21,3,3,46,23,75,10,6,16,91
01/22/2022,TCL,AL,ASO,ES,Federal Contract Tower,0,1,23,0,24,0,0,41,0,41,0,1,64,0,65,36,0,36,101
01/23/2022,TCL,AL,ASO,ES,Federal Contract Tower,0,2,29,0,31,0,2,47,8,57,0,4,76,8,88,36,0,36,124
01/24/2022,TCL,AL,ASO,ES,Federal Contract Tower,4,12,16,12,44,0,0,38,0,38,4,12,54,12,82,72,0,72,154
01/25/2022,TCL,AL,ASO,ES,Federal Contract Tower,0,5,21,25,51,0,0,18,11,29,0,5,39,36,80,26,2,28,108
01/26/2022,TCL,AL,ASO,ES,Federal Contract Tower,2,4,20,12,38,0,2,27,0,29,2,6,47,12,67,28,0,28,95
01/27/2022,TCL,AL,ASO,ES,Federal Contract Tower,0,3,22,16,41,0,0,32,6,38,0,3,54,22,79,62,0,62,141
01/28/2022,TCL,AL,ASO,ES,Federal Contract Tower,2,1,15,6,24,0,2,12,2,16,2,3,27,8,40,12,0,12,52
01/29/2022,TCL,AL,ASO,ES,Federal Contract Tower,0,5,18,6,29,0,0,8,0,8,0,5,26,6,37,0,12,12,49
01/30/2022,TCL,AL,ASO,ES,Federal Contract Tower,1,0,16,2,19,0,0,26,2,28,1,0,42,4,47,22,4,26,73
01/31/2022,TCL,AL,ASO,ES,Federal Contract Tower,1,3,24,28,56,0,0,50,13,63,1,3,74,41,119,108,0,108,227
02/01/2022,TCL,AL,ASO,ES,Federal Contract Tower,1,8,34,27,70,0,0,40,16,56,1,8,74,43,126,80,18,98,224
02/02/2022,TCL,AL,ASO,ES,Federal Contract Tower,2,7,25,0,34,0,0,2,0,2,2,7,27,0,36,0,0,0,36
02/03/2022,TCL,AL,ASO,ES,Federal Contract Tower,1,8,16,0,25,0,0,0,0,0,1,8,16,0,25,0,0,0,25
02/04/2022,TCL,AL,ASO,ES,Federal Contract Tower,0,14,16,0,30,0,0,1,0,1,0,14,17,0,31,0,0,0,31
02/05/2022,TCL,AL,ASO,ES,Federal Contract Tower,1,8,17,4,30,0,0,34,0,34,1,8,51,4,64,66,0,66,130
02/06/2022,TCL,AL,ASO,ES,Federal Contract Tower,0,3,21,0,24,0,0,38,0,38,0,3,59,0,62,34,0,34,96
02/07/2022,TCL,AL,ASO,ES,Federal Contract Tower,0,0,22,30,52,0,0,26,18,44,0,0,48,48,96,6,26,32,128
02/08/2022,TCL,AL,ASO,ES,Federal Contract Tower,3,10,19,18,50,0,0,22,4,26,3,10,41,22,76,24,10,34,110
02/09/2022,TCL,AL,ASO,ES,Federal Contract Tower,2,6,21,11,40,0,0,28,5,33,2,6,49,16,73,94,12,106,179
02/10/2022,TCL,AL,ASO,ES,Federal Contract Tower,0,13,26,1,40,0,0,45,2,47,0,13,71,3,87,76,0,76,163
02/11/2022,TCL,AL,ASO,ES,Federal Contract Tower,1,3,37,8,49,0,4,35,3,42,1,7,72,11,91,60,24,84,175
02/12/2022,TCL,AL,ASO,ES,Federal Contract Tower,0,3,22,2,27,0,0,46,0,46,0,3,68,2,73,40,4,44,117
02/13/2022,TCL,AL,ASO,ES,Federal Contract Tower,1,3,16,3,23,0,2,28,3,33,1,5,44,6,56,20,14,34,90
02/14/2022,TCL,AL,ASO,ES,Federal Contract Tower,0,6,20,15,41,0,0,40,11,51,0,6,60,26,92,106,32,138,230
02/15/2022,TCL,AL,ASO,ES,Federal Contract Tower,0,9,31,9,49,0,4,37,9,50,0,13,68,18,99,52,28,80,179
02/16/2022,TCL,AL,ASO,ES,Federal Contract Tower,2,11,16,9,38,0,0,18,4,22,2,11,34,13,60,10,4,14,74
02/17/2022,TCL,AL,ASO,ES,Federal Contract Tower,1,6,5,4,16,0,0,1,0,1,1,6,6,4,17,0,0,0,17
02/18/2022,TCL,AL,ASO,ES,Federal Contract Tower,2,14,36,9,61,0,0,15,9,24,2,14,51,18,85,80,0,80,165
02/19/2022,TCL,AL,ASO,ES,Federal Contract Tower,2,5,15,2,24,0,0,53,0,53,2,5,68,2,77,54,0,54,131
02/20/2022,TCL,AL,ASO,ES,Federal Contract Tower,1,9,29,2,41,0,0,52,10,62,1,9,81,12,103,42,14,56,159
02/21/2022,TCL,AL,ASO,ES,Federal Contract Tower,1,0,20,0,21,0,0,4,1,5,1,0,24,1,26,0,0,0,26
02/22/2022,TCL,AL,ASO,ES,Federal Contract Tower,3,2,16,2,23,0,0,7,0,7,3,2,23,2,30,16,0,16,46
02/23/2022,TCL,AL,ASO,ES,Federal Contract Tower,2,8,23,6,39,0,0,2,0,2,2,8,25,6,41,0,0,0,41
02/24/2022,TCL,AL,ASO,ES,Federal Contract Tower,1,9,19,4,33,0,2,11,0,13,1,11,30,4,46,18,0,18,64
02/25/2022,TCL,AL,ASO,ES,Federal Contract Tower,2,8,21,24,55,0,0,17,11,28,2,8,38,35,83,76,0,76,159
02/26/2022,TCL,AL,ASO,ES,Federal Contract Tower,0,2,19,4,25,0,0,22,0,22,0,2,41,4,47,14,0,14,61
02/27/2022,TCL,AL,ASO,ES,Federal Contract Tower,2,5,31,0,38,0,0,0,0,0,2,5,31,0,38,0,0,0,38
02/28/2022,TCL,AL,ASO,ES,Federal Contract Tower,0,12,25,19,56,0,0,45,0,45,0,12,70,19,101,56,16,72,173
03/01/2022,TCL,AL,ASO,ES,Federal Contract Tower,2,5,27,16,50,0,0,44,3,47,2,5,71,19,97,44,0,44,141
03/02/2022,TCL,AL,ASO,ES,Federal Contract Tower,1,3,18,17,39,0,0,34,4,38,1,3,52,21,77,38,16,54,131
03/03/2022,TCL,AL,ASO,ES,Federal Contract Tower,3,7,28,9,47,0,0,46,6,52,3,7,74,15,99,54,0,54,153
03/04/2022,TCL,AL,ASO,ES,Federal Contract Tower,3,14,27,11,55,0,0,53,4,57,3,14,80,15,112,94,0,94,206
03/05/2022,TCL,AL,ASO,ES,Federal Contract Tower,0,8,22,1,31,0,0,39,1,40,0,8,61,2,71,40,0,40,111
03/06/2022,TCL,AL,ASO,ES,Federal Contract Tower,1,10,33,4,48,0,0,22,2,24,1,10,55,6,72,38,8,46,118
03/07/2022,TCL,AL,ASO,ES,Federal Contract Tower,0,5,10,6,21,0,0,12,0,12,0,5,22,6,33,6,0,6,39
03/08/2022,TCL,AL,ASO,ES,Federal Contract Tower,2,10,15,21,48,0,0,17,0,17,2,10,32,21,65,14,6,20,85
03/09/2022,TCL,AL,ASO,ES,Federal Contract Tower,0,12,30,24,66,0,0,16,0,16,0,12,46,24,82,80,32,112,194
03/10/2022,TCL,AL,ASO,ES,Federal Contract Tower,0,12,24,26,62,0,1,53,11,65,0,13,77,37,127,58,0,58,185
03/11/2022,TCL,AL,ASO,ES,Federal Contract Tower,1,10,31,22,64,0,0,16,2,18,1,10,47,24,82,40,40,80,162
03/12/2022,TCL,AL,ASO,ES,Federal Contract Tower,2,8,8,4,22,0,0,9,0,9,2,8,17,4,31,0,0,0,31
03/13/2022,TCL,AL,ASO,ES,Federal Contract Tower,0,7,17,11,35,0,0,32,3,35,0,7,49,14,70,16,18,34,104
03/14/2022,TCL,AL,ASO,ES,Federal Contract Tower,0,3,15,20,38,0,0,46,2,48,0,3,61,22,86,88,14,102,188
03/15/2022,TCL,AL,ASO,ES,Federal Contract Tower,2,1,26,8,37,0,0,3,0,3,2,1,29,8,40,0,0,0,40
03/16/2022,TCL,AL,ASO,ES,Federal Contract Tower,0,2,21,0,23,0,0,6,0,6,0,2,27,0,29,14,0,14,43
03/17/2022,TCL,AL,ASO,ES,Federal Contract Tower,0,9,17,6,32,0,0,18,0,18,0,9,35,6,50,36,0,36,86
03/18/2022,TCL,AL,ASO,ES,Federal Contract Tower,0,5,13,0,18,0,0,4,0,4,0,5,17,0,22,20,0,20,42
03/19/2022,TCL,AL,ASO,ES,Federal Contract Tower,0,8,21,0,29,0,0,28,0,28,0,8,49,0,57,36,0,36,93
03/20/2022,TCL,AL,ASO,ES,Federal Contract Tower,0,4,32,11,47,0,3,61,0,64,0,7,93,11,111,128,0,128,239
03/21/2022,TCL,AL,ASO,ES,Federal Contract Tower,0,4,30,16,50,0,0,27,0,27,0,4,57,16,77,72,0,72,149
03/22/2022,TCL,AL,ASO,ES,Federal Contract Tower,0,5,20,4,29,0,0,4,0,4,0,5,24,4,33,0,0,0,33
03/23/2022,TCL,AL,ASO,ES,Federal Contract Tower,0,6,27,2,35,0,0,11,0,11,0,6,38,2,46,50,18,68,114
03/24/2022,TCL,AL,ASO,ES,Federal Contract Tower,0,3,33,2,38,0,0,11,10,21,0,3,44,12,59,0,0,0,59
03/25/2022,TCL,AL,ASO,ES,Federal Contract Tower,0,14,30,7,51,0,0,31,0,31,0,14,61,7,82,62,0,62,144
03/26/2022,TCL,AL,ASO,ES,Federal Contract Tower,2,6,21,0,29,0,0,30,0,30,2,6,51,0,59,30,0,30,89
03/27/2022,TCL,AL,ASO,ES,Federal Contract Tower,0,7,34,2,43,0,2,61,2,65,0,9,95,4,108,84,18,102,210
03/28/2022,TCL,AL,ASO,ES,Federal Contract Tower,1,3,31,4,39,0,0,38,5,43,1,3,69,9,82,84,8,92,174
03/29/2022,TCL,AL,ASO,ES,Federal Contract Tower,4,4,38,0,46,0,0,18,4,22,4,4,56,4,68,46,0,46,114
03/30/2022,TCL,AL,ASO,ES,Federal Contract Tower,1,4,18,0,23,0,0,4,2,6,1,4,22,2,29,22,0,22,51
03/31/2022,TCL,AL,ASO,ES,Federal Contract Tower,2,9,25,0,36,0,0,21,0,21,2,9,46,0,57,22,0,22,79
04/01/2022,TCL,AL,ASO,ES,Federal Contract Tower,1,4,37,24,66,0,2,51,7,60,1,6,88,31,126,104,8,112,238
04/02/2022,TCL,AL,ASO,ES,Federal Contract Tower,0,6,6,1,13,0,1,33,2,36,0,7,39,3,49,38,0,38,87
04/03/2022,TCL,AL,ASO,ES,Federal Contract Tower,1,3,31,10,45,0,0,64,2,66,1,3,95,12,111,98,10,108,219
04/04/2022,TCL,AL,ASO,ES,Federal Contract Tower,0,3,31,9,43,0,0,34,11,45,0,3,65,20,88,48,10,58,146
04/05/2022,TCL,AL,ASO,ES,Federal Contract Tower,4,8,13,2,27,0,0,10,0,10,4,8,23,2,37,0,0,0,37
04/06/2022,TCL,AL,ASO,ES,Federal Contract Tower,3,8,8,2,21,0,0,2,0,2,3,8,10,2,23,0,0,0,23
04/07/2022,TCL,AL,ASO,ES,Federal Contract Tower,0,3,19,3,25,0,0,37,1,38,0,3,56,4,63,38,0,38,101
04/08/2022,TCL,AL,ASO,ES,Federal Contract Tower,2,10,39,4,55,0,0,28,0,28,2,10,67,4,83,38,0,38,121
04/09/2022,TCL,AL,ASO,ES,Federal Contract Tower,0,9,12,0,21,0,0,30,0,30,0,9,42,0,51,10,0,10,61
04/10/2022,TCL,AL,ASO,ES,Federal Contract Tower,1,7,25,4,37,0,0,34,6,40,1,7,59,10,77,36,6,42,119
04/11/2022,TCL,AL,ASO,ES,Federal Contract Tower,0,4,28,4,36,0,0,7,0,7,0,4,35,4,43,8,0,8,51
04/12/2022,TCL,AL,ASO,ES,Federal Contract Tower,1,12,22,7,42,0,0,14,1,15,1,12,36,8,57,26,14,40,97
04/13/2022,TCL,AL,ASO,ES,Federal Contract Tower,0,2,16,14,32,0,0,5,0,5,0,2,21,14,37,0,0,0,37
04/14/2022,TCL,AL,ASO,ES,Federal Contract Tower,1,13,26,13,53,0,1,28,4,33,1,14,54,17,86,10,6,16,102
04/15/2022,TCL,AL,ASO,ES,Federal Contract Tower,0,14,32,6,52,0,0,42,8,50,0,14,74,14,102,74,18,92,194
04/16/2022,TCL,AL,ASO,ES,Federal Contract Tower,0,5,13,0,18,0,0,1,0,1,0,5,14,0,19,0,0,0,19
04/17/2022,TCL,AL,ASO,ES,Federal Contract Tower,0,6,10,0,16,0,0,6,0,6,0,6,16,0,22,22,0,22,44
04/18/2022,TCL,AL,ASO,ES,Federal Contract Tower,0,10,38,4,52,0,0,11,0,11,0,10,49,4,63,22,0,22,85
04/19/2022,TCL,AL,ASO,ES,Federal Contract Tower,0,5,29,15,49,0,0,42,6,48,0,5,71,21,97,2,4,6,103
04/20/2022,TCL,AL,ASO,ES,Federal Contract Tower,0,19,26,6,51,0,0,30,10,40,0,19,56,16,91,28,14,42,133
04/21/2022,TCL,AL,ASO,ES,Federal Contract Tower,0,9,23,9,41,0,0,40,0,40,0,9,63,9,81,6,0,6,87
04/22/2022,TCL,AL,ASO,ES,Federal Contract Tower,0,8,25,11,44,0,2,49,25,76,0,10,74,36,120,30,0,30,150
04/23/2022,TCL,AL,ASO,ES,Federal Contract Tower,0,3,10,0,13,0,0,45,0,45,0,3,55,0,58,46,0,46,104
04/24/2022,TCL,AL,ASO,ES,Federal Contract Tower,0,15,19,8,42,0,0,35,0,35,0,15,54,8,77,20,0,20,97
04/25/2022,TCL,AL,ASO,ES,Federal Contract Tower,0,12,23,0,35,0,1,14,0,15,0,13,37,0,50,24,0,24,74
04/26/2022,TCL,AL,ASO,ES,Federal Contract Tower,0,11,24,12,47,0,0,12,0,12,0,11,36,12,59,6,0,6,65
04/27/2022,TCL,AL,ASO,ES,Federal Contract Tower,0,9,22,7,38,0,0,38,6,44,0,9,60,13,82,74,0,74,156
04/28/2022,TCL,AL,ASO,ES,Federal Contract Tower,0,11,31,2,44,0,0,39,2,41,0,11,70,4,85,22,0,22,107
04/29/2022,TCL,AL,ASO,ES,Federal Contract Tower,0,13,26,4,43,0,4,29,2,35,0,17,55,6,78,40,0,40,118
04/30/2022,TCL,AL,ASO,ES,Federal Contract Tower,0,0,17,0,17,0,0,9,0,9,0,0,26,0,26,20,0,20,46
05/01/2022,TCL,AL,ASO,ES,Federal Contract Tower,0,8,14,1,23,0,0,20,5,25,0,8,34,6,48,22,4,26,74
05/02/2022,TCL,AL,ASO,ES,Federal Contract Tower,0,7,18,6,31,0,0,27,0,27,0,7,45,6,58,58,0,58,116
05/03/2022,TCL,AL,ASO,ES,Federal Contract Tower,0,8,27,7,42,0,0,13,0,13,0,8,40,7,55,4,0,4,59
05/04/2022,TCL,AL,ASO,ES,Federal Contract Tower,0,2,17,3,22,0,0,12,3,15,0,2,29,6,37,20,0,20,57
05/05/2022,TCL,AL,ASO,ES,Federal Contract Tower,0,16,33,16,65,0,0,19,0,19,0,16,52,16,84,6,0,6,90
05/06/2022,TCL,AL,ASO,ES,Federal Contract Tower,0,15,41,8,64,0,0,11,0,11,0,15,52,8,75,9,6,15,90
05/07/2022,TCL,AL,ASO,ES,Federal Contract Tower,0,16,34,0,50,0,0,26,0,26,0,16,60,0,76,8,0,8,84
05/08/2022,TCL,AL,ASO,ES,Federal Contract Tower,1,12,15,0,28,0,2,25,0,27,1,14,40,0,55,10,0,10,65
05/09/2022,TCL,AL,ASO,ES,Federal Contract Tower,0,5,40,2,47,0,2,54,0,56,0,7,94,2,103,148,0,148,251
05/10/2022,TCL,AL,ASO,ES,Federal Contract Tower,0,4,28,14,46,0,2,44,0,46,0,6,72,14,92,64,18,82,174
05/11/2022,TCL,AL,ASO,ES,Federal Contract Tower,4,3,21,8,36,0,0,43,0,43,4,3,64,8,79,76,0,76,155
05/12/2022,TCL,AL,ASO,ES,Federal Contract Tower,1,8,25,4,38,0,0,24,0,24,1,8,49,4,62,40,0,40,102
05/13/2022,TCL,AL,ASO,ES,Federal Contract Tower,2,11,23,24,60,0,2,24,11,37,2,13,47,35,97,64,2,66,163
05/14/2022,TCL,AL,ASO,ES,Federal Contract Tower,1,8,19,0,28,0,0,20,0,20,1,8,39,0,48,34,0,34,82
05/15/2022,TCL,AL,ASO,ES,Federal Contract Tower,0,0,16,2,18,0,0,28,2,30,0,0,44,4,48,0,0,0,48
05/16/2022,TCL,AL,ASO,ES,Federal Contract Tower,0,6,30,0,36,0,1,11,1,13,0,7,41,1,49,36,0,36,85
05/17/2022,TCL,AL,ASO,ES,Federal Contract Tower,2,4,16,10,32,0,0,30,6,36,2,4,46,16,68,50,0,50,118
05/18/2022,TCL,AL,ASO,ES,Federal Contract Tower,1,7,31,1,40,0,2,47,0,49,1,9,78,1,89,60,0,60,149
05/19/2022,TCL,AL,ASO,ES,Federal Contract Tower,0,10,24,0,34,0,0,28,0,28,0,10,52,0,62,14,0,14,76
05/20/2022,TCL,AL,ASO,ES,Federal Contract Tower,1,6,20,2,29,0,2,16,0,18,1,8,36,2,47,42,0,42,89
05/21/2022,TCL,AL,ASO,ES,Federal Contract Tower,1,6,10,2,19,0,2,19,0,21,1,8,29,2,40,20,0,20,60
05/22/2022,TCL,AL,ASO,ES,Federal Contract Tower,1,3,11,4,19,0,0,7,2,9,1,3,18,6,28,0,14,14,42
05/23/2022,TCL,AL,ASO,ES,Federal Contract Tower,6,6,22,4,38,0,0,6,0,6,6,6,28,4,44,26,24,50,94
05/24/2022,TCL,AL,ASO,ES,Federal Contract Tower,2,15,19,0,36,0,0,6,0,6,2,15,25,0,42,10,0,10,52
05/25/2022,TCL,AL,ASO,ES,Federal Contract Tower,2,4,12,2,20,0,0,3,0,3,2,4,15,2,23,8,14,22,45
05/26/2022,TCL,AL,ASO,ES,Federal Contract Tower,1,10,23,0,34,0,0,11,0,11,1,10,34,0,45,0,0,0,45
05/27/2022,TCL,AL,ASO,ES,Federal Contract Tower,0,3,12,0,15,0,0,41,0,41,0,3,53,0,56,42,0,42,98
05/28/2022,TCL,AL,ASO,ES,Federal Contract Tower,0,4,16,0,20,0,2,38,0,40,0,6,54,0,60,8,0,8,68
05/29/2022,TCL,AL,ASO,ES,Federal Contract Tower,0,0,15,0,15,0,0,23,0,23,0,0,38,0,38,20,0,20,58
05/30/2022,TCL,AL,ASO,ES,Federal Contract Tower,0,7,10,0,17,0,0,15,0,15,0,7,25,0,32,22,0,22,54
05/31/2022,TCL,AL,ASO,ES,Federal Contract Tower,0,5,35,4,44,0,0,33,6,39,0,5,68,10,83,38,4,42,125
06/01/2022,TCL,AL,ASO,ES,Federal Contract Tower,0,15,28,26,69,0,0,30,8,38,0,15,58,34,107,66,8,74,181
06/02/2022,TCL,AL,ASO,ES,Federal Contract Tower,0,8,16,2,26,0,0,17,0,17,0,8,33,2,43,48,24,72,115
06/03/2022,TCL,AL,ASO,ES,Federal Contract Tower,0,9,30,8,47,0,0,10,0,10,0,9,40,8,57,18,0,18,75
06/04/2022,TCL,AL,ASO,ES,Federal Contract Tower,0,4,19,0,23,0,0,30,0,30,0,4,49,0,53,34,0,34,87
06/05/2022,TCL,AL,ASO,ES,Federal Contract Tower,2,4,11,6,23,0,0,30,0,30,2,4,41,6,53,38,0,38,91
06/06/2022,TCL,AL,ASO,ES,Federal Contract Tower,0,2,24,4,30,0,0,32,16,48,0,2,56,20,78,70,0,70,148
06/07/2022,TCL,AL,ASO,ES,Federal Contract Tower,0,4,25,6,35,0,0,33,6,39,0,4,58,12,74,42,4,46,120
06/08/2022,TCL,AL,ASO,ES,Federal Contract Tower,0,10,20,3,33,0,0,16,1,17,0,10,36,4,50,80,0,80,130
06/09/2022,TCL,AL,ASO,ES,Federal Contract Tower,1,9,32,6,48,0,0,0,28,28,1,9,32,34,76,20,0,20,96
06/10/2022,TCL,AL,ASO,ES,Federal Contract Tower,1,3,30,12,46,0,0,38,10,48,1,3,68,22,94,36,0,36,130
06/11/2022,TCL,AL,ASO,ES,Federal Contract Tower,0,9,16,3,28,0,0,16,0,16,0,9,32,3,44,12,0,12,56
06/12/2022,TCL,AL,ASO,ES,Federal Contract Tower,2,7,16,1,26,0,0,20,1,21,2,7,36,2,47,4,0,4,51
06/13/2022,TCL,AL,ASO,ES,Federal Contract Tower,0,5,29,13,47,0,0,23,7,30,0,5,52,20,77,42,6,48,125
06/14/2022,TCL,AL,ASO,ES,Federal Contract Tower,0,4,33,2,39,0,0,19,10,29,0,4,52,12,68,34,0,34,102
06/15/2022,TCL,AL,ASO,ES,Federal Contract Tower,0,4,56,9,69,0,0,37,8,45,0,4,93,17,114,116,48,164,278
06/16/2022,TCL,AL,ASO,ES,Federal Contract Tower,0,5,35,23,63,0,0,24,9,33,0,5,59,32,96,34,0,34,130
06/17/2022,TCL,AL,ASO,ES,Federal Contract Tower,1,6,21,6,34,0,2,17,8,27,1,8,38,14,61,8,14,22,83
06/18/2022,TCL,AL,ASO,ES,Federal Contract Tower,0,0,12,0,12,0,2,22,0,24,0,2,34,0,36,46,0,46,82
06/19/2022,TCL,AL,ASO,ES,Federal Contract Tower,0,8,18,2,28,0,2,18,2,22,0,10,36,4,50,10,0,10,60
06/20/2022,TCL,AL,ASO,ES,Federal Contract Tower,0,3,25,2,30,0,2,27,0,29,0,5,52,2,59,74,0,74,133
06/21/2022,TCL,AL,ASO,ES,Federal Contract Tower,0,10,15,7,32,0,0,16,5,21,0,10,31,12,53,26,8,34,87
06/22/2022,TCL,AL,ASO,ES,Federal Contract Tower,3,13,23,34,73,0,0,27,8,35,3,13,50,42,108,52,2,54,162
06/23/2022,TCL,AL,ASO,ES,Federal Contract Tower,0,12,18,12,42,0,0,31,2,33,0,12,49,14,75,68,10,78,153
06/24/2022,TCL,AL,ASO,ES,Federal Contract Tower,0,15,15,20,50,0,0,28,16,44,0,15,43,36,94,22,10,32,126
06/25/2022,TCL,AL,ASO,ES,Federal Contract Tower,0,6,9,0,15,0,6,26,2,34,0,12,35,2,49,34,0,34,83
06/26/2022,TCL,AL,ASO,ES,Federal Contract Tower,0,5,19,3,27,0,0,26,4,30,0,5,45,7,57,56,0,56,113
06/27/2022,TCL,AL,ASO,ES,Federal Contract Tower,0,3,15,10,28,0,0,26,4,30,0,3,41,14,58,48,8,56,114
06/28/2022,TCL,AL,ASO,ES,Federal Contract Tower,0,2,11,26,39,0,0,19,12,31,0,2,30,38,70,54,16,70,140
06/29/2022,TCL,AL,ASO,ES,Federal Contract Tower,0,8,36,0,44,0,0,20,6,26,0,8,56,6,70,66,0,66,136
06/30/2022,TCL,AL,ASO,ES,Federal Contract Tower,0,4,24,12,40,0,0,12,8,20,0,4,36,20,60,4,0,4,64
07/01/2022,TCL,AL,ASO,ES,Federal Contract Tower,0,4,30,2,36,0,0,19,0,19,0,4,49,2,55,22,0,22,77
07/02/2022,TCL,AL,ASO,ES,Federal Contract Tower,0,5,15,0,20,0,0,13,0,13,0,5,28,0,33,18,0,18,51
07/03/2022,TCL,AL,ASO,ES,Federal Contract Tower,0,0,10,0,10,0,0,19,0,19,0,0,29,0,29,44,0,44,73
07/04/2022,TCL,AL,ASO,ES,Federal Contract Tower,0,0,11,0,11,0,0,13,0,13,0,0,24,0,24,42,0,42,66
07/05/2022,TCL,AL,ASO,ES,Federal Contract Tower,0,4,25,4,33,0,0,13,10,23,0,4,38,14,56,8,0,8,64
07/06/2022,TCL,AL,ASO,ES,Federal Contract Tower,0,7,20,7,34,0,0,28,9,37,0,7,48,16,71,60,8,68,139
07/07/2022,TCL,AL,ASO,ES,Federal Contract Tower,0,0,22,2,24,0,0,29,2,31,0,0,51,4,55,34,0,34,89
07/08/2022,TCL,AL,ASO,ES,Federal Contract Tower,0,7,22,7,36,0,0,36,15,51,0,7,58,22,87,42,20,62,149
07/09/2022,TCL,AL,ASO,ES,Federal Contract Tower,0,0,11,0,11,0,0,30,0,30,0,0,41,0,41,26,0,26,67
07/10/2022,TCL,AL,ASO,ES,Federal Contract Tower,0,1,27,0,28,0,2,14,2,18,0,3,41,2,46,4,24,28,74
07/11/2022,TCL,AL,ASO,ES,Federal Contract Tower,0,6,31,24,61,0,0,40,7,47,0,6,71,31,108,50,8,58,166
07/12/2022,TCL,AL,ASO,ES,Federal Contract Tower,0,3,28,8,39,0,0,18,0,18,0,3,46,8,57,106,0,106,163
07/13/2022,TCL,AL,ASO,ES,Federal Contract Tower,0,2,20,1,23,0,0,16,4,20,0,2,36,5,43,12,0,12,55
07/14/2022,TCL,AL,ASO,ES,Federal Contract Tower,0,12,21,24,57,0,0,19,0,19,0,12,40,24,76,26,18,44,120
07/15/2022,TCL,AL,ASO,ES,Federal Contract Tower,0,8,18,18,44,0,0,44,10,54,0,8,62,28,98,78,22,100,198
07/16/2022,TCL,AL,ASO,ES,Federal Contract Tower,0,2,8,0,10,0,2,27,4,33,0,4,35,4,43,2,0,2,45
07/17/2022,TCL,AL,ASO,ES,Federal Contract Tower,0,2,14,0,16,0,0,22,0,22,0,2,36,0,38,8,0,8,46
07/18/2022,TCL,AL,ASO,ES,Federal Contract Tower,0,9,25,14,48,0,0,27,6,33,0,9,52,20,81,76,8,84,165
07/19/2022,TCL,AL,ASO,ES,Federal Contract Tower,0,12,25,4,41,0,0,7,0,7,0,12,32,4,48,0,0,0,48
07/20/2022,TCL,AL,ASO,ES,Federal Contract Tower,1,12,34,16,63,0,0,24,0,24,1,12,58,16,87,42,12,54,141
07/21/2022,TCL,AL,ASO,ES,Federal Contract Tower,0,4,23,2,29,0,0,14,3,17,0,4,37,5,46,26,0,26,72
07/22/2022,TCL,AL,ASO,ES,Federal Contract Tower,0,6,22,0,28,0,0,11,8,19,0,6,33,8,47,18,0,18,65
07/23/2022,TCL,AL,ASO,ES,Federal Contract Tower,0,2,11,0,13,0,0,24,0,24,0,2,35,0,37,14,0,14,51
07/24/2022,TCL,AL,ASO,ES,Federal Contract Tower,0,8,19,2,29,0,0,33,2,35,0,8,52,4,64,30,0,30,94
07/25/2022,TCL,AL,ASO,ES,Federal Contract Tower,0,5,28,8,41,0,0,19,2,21,0,5,47,10,62,32,0,32,94
07/26/2022,TCL,AL,ASO,ES,Federal Contract Tower,0,11,24,15,50,0,0,17,4,21,0,11,41,19,71,42,24,66,137
07/27/2022,TCL,AL,ASO,ES,Federal Contract Tower,0,3,29,16,48,0,0,39,12,51,0,3,68,28,99,62,22,84,183
07/28/2022,TCL,AL,ASO,ES,Federal Contract Tower,0,1,42,16,59,0,0,26,9,35,0,1,68,25,94,16,22,38,132
07/29/2022,TCL,AL,ASO,ES,Federal Contract Tower,0,2,24,17,43,0,0,20,9,29,0,2,44,26,72,66,4,70,142
07/30/2022,TCL,AL,ASO,ES,Federal Contract Tower,0,3,10,2,15,0,0,14,2,16,0,3,24,4,31,22,0,22,53
07/31/2022,TCL,AL,ASO,ES,Federal Contract Tower,0,1,29,0,30,0,4,10,0,14,0,5,39,0,44,8,0,8,52
08/01/2022,TCL,AL,ASO,ES,Federal Contract Tower,0,3,26,8,37,0,2,41,4,47,0,5,67,12,84,42,0,42,126
08/02/2022,TCL,AL,ASO,ES,Federal Contract Tower,0,8,20,2,30,0,0,13,6,19,0,8,33,8,49,6,0,6,55
08/03/2022,TCL,AL,ASO,ES,Federal Contract Tower,0,10,32,0,42,0,0,21,6,27,0,10,53,6,69,68,4,72,141
08/04/2022,TCL,AL,ASO,ES,Federal Contract Tower,0,17,40,7,64,0,0,18,4,22,0,17,58,11,86,48,6,54,140
08/05/2022,TCL,AL,ASO,ES,Federal Contract Tower,0,18,29,32,79,0,0,26,7,33,0,18,55,39,112,44,0,44,156
08/06/2022,TCL,AL,ASO,ES,Federal Contract Tower,0,2,19,1,22,0,0,27,1,28,0,2,46,2,50,16,0,16,66
08/07/2022,TCL,AL,ASO,ES,Federal Contract Tower,0,4,16,4,24,0,0,33,2,35,0,4,49,6,59,74,0,74,133
08/08/2022,TCL,AL,ASO,ES,Federal Contract Tower,0,6,21,12,39,0,0,31,8,39,0,6,52,20,78,24,0,24,102
08/09/2022,TCL,AL,ASO,ES,Federal Contract Tower,0,6,24,10,40,0,1,20,4,25,0,7,44,14,65,48,0,48,113
08/10/2022,TCL,AL,ASO,ES,Federal Contract Tower,0,11,21,8,40,0,1,15,5,21,0,12,36,13,61,40,8,48,109
08/11/2022,TCL,AL,ASO,ES,Federal Contract Tower,0,10,33,6,49,0,0,22,0,22,0,10,55,6,71,56,8,64,135
08/12/2022,TCL,AL,ASO,ES,Federal Contract Tower,1,20,40,25,86,0,2,23,11,36,1,22,63,36,122,50,0,50,172
08/13/2022,TCL,AL,ASO,ES,Federal Contract Tower,0,11,25,0,36,0,2,39,0,41,0,13,64,0,77,42,0,42,119
08/14/2022,TCL,AL,ASO,ES,Federal Contract Tower,0,11,33,2,46,0,0,50,7,57,0,11,83,9,103,24,46,70,173
08/15/2022,TCL,AL,ASO,ES,Federal Contract Tower,0,8,20,8,36,0,0,27,4,31,0,8,47,12,67,22,2,24,91
08/16/2022,TCL,AL,ASO,ES,Federal Contract Tower,0,7,17,6,30,0,0,17,24,41,0,7,34,30,71,40,2,42,113
08/17/2022,TCL,AL,ASO,ES,Federal Contract Tower,0,4,29,2,35,0,0,8,0,8,0,4,37,2,43,12,0,12,55
08/18/2022,TCL,AL,ASO,ES,Federal Contract Tower,0,11,18,8,37,0,0,28,8,36,0,11,46,16,73,42,4,46,119
08/19/2022,TCL,AL,ASO,ES,Federal Contract Tower,0,14,40,4,58,0,0,26,8,34,0,14,66,12,92,76,12,88,180
08/20/2022,TCL,AL,ASO,ES,Federal Contract Tower,0,5,14,0,19,0,0,0,10,10,0,5,14,10,29,0,0,0,29
08/21/2022,TCL,AL,ASO,ES,Federal Contract Tower,0,9,24,0,33,0,0,8,0,8,0,9,32,0,41,30,0,30,71
08/22/2022,TCL,AL,ASO,ES,Federal Contract Tower,0,10,16,0,26,0,0,2,2,4,0,10,18,2,30,0,0,0,30
08/23/2022,TCL,AL,ASO,ES,Federal Contract Tower,0,7,13,4,24,0,0,7,0,7,0,7,20,4,31,10,0,10,41
08/24/2022,TCL,AL,ASO,ES,Federal Contract Tower,0,13,12,10,35,0,0,8,2,10,0,13,20,12,45,18,0,18,63
08/25/2022,TCL,AL,ASO,ES,Federal Contract Tower,0,3,21,11,35,0,0,5,0,5,0,3,26,11,40,0,0,0,40
08/26/2022,TCL,AL,ASO,ES,Federal Contract Tower,0,8,21,6,35,0,2,13,12,27,0,10,34,18,62,34,18,52,114
08/27/2022,TCL,AL,ASO,ES,Federal Contract Tower,0,4,14,0,18,0,0,14,0,14,0,4,28,0,32,22,0,22,54
08/28/2022,TCL,AL,ASO,ES,Federal Contract Tower,0,6,18,4,28,0,2,28,7,37,0,8,46,11,65,18,0,18,83
08/29/2022,TCL,AL,ASO,ES,Federal Contract Tower,0,5,23,8,36,0,0,35,13,48,0,5,58,21,84,66,30,96,180
08/30/2022,TCL,AL,ASO,ES,Federal Contract Tower,0,8,12,0,20,0,1,14,4,19,0,9,26,4,39,38,0,38,77
08/31/2022,TCL,AL,ASO,ES,Federal Contract Tower,0,10,21,21,52,0,2,30,11,43,0,12,51,32,95,62,44,106,201
09/01/2022,TCL,AL,ASO,ES,Federal Contract Tower,0,5,33,0,38,0,0,12,2,14,0,5,45,2,52,6,0,6,58
09/02/2022,TCL,AL,ASO,ES,Federal Contract Tower,1,7,57,0,65,0,0,3,0,3,1,7,60,0,68,10,0,10,78
09/03/2022,TCL,AL,ASO,ES,Federal Contract Tower,1,21,25,0,47,0,0,8,0,8,1,21,33,0,55,0,0,0,55
09/04/2022,TCL,AL,ASO,ES,Federal Contract Tower,1,15,24,0,40,0,0,2,0,2,1,15,26,0,42,2,0,2,44
09/05/2022,TCL,AL,ASO,ES,Federal Contract Tower,0,2,17,0,19,0,0,11,0,11,0,2,28,0,30,0,0,0,30
09/06/2022,TCL,AL,ASO,ES,Federal Contract Tower,0,3,23,5,31,0,0,10,10,20,0,3,33,15,51,10,12,22,73
09/07/2022,TCL,AL,ASO,ES,Federal Contract Tower,0,12,23,10,45,0,5,28,0,33,0,17,51,10,78,36,0,36,114
09/08/2022,TCL,AL,ASO,ES,Federal Contract Tower,0,10,32,4,46,0,0,25,12,37,0,10,57,16,83,26,0,26,109
09/09/2022,TCL,AL,ASO,ES,Federal Contract Tower,4,6,28,6,44,0,0,20,0,20,4,6,48,6,64,26,0,26,90
09/10/2022,TCL,AL,ASO,ES,Federal Contract Tower,0,6,15,2,23,0,0,4,0,4,0,6,19,2,27,0,0,0,27
09/11/2022,TCL,AL,ASO,ES,Federal Contract Tower,0,11,27,8,46,0,0,12,0,12,0,11,39,8,58,28,0,28,86
09/12/2022,TCL,AL,ASO,ES,Federal Contract Tower,0,3,30,5,38,0,0,7,3,10,0,3,37,8,48,10,0,10,58
09/13/2022,TCL,AL,ASO,ES,Federal Contract Tower,0,7,32,6,45,0,10,42,7,59,0,17,74,13,104,20,0,20,124
09/14/2022,TCL,AL,ASO,ES,Federal Contract Tower,0,5,24,7,36,0,2,68,10,80,0,7,92,17,116,88,0,88,204
09/15/2022,TCL,AL,ASO,ES,Federal Contract Tower,0,16,42,10,68,0,0,26,10,36,0,16,68,20,104,58,12,70,174
09/16/2022,TCL,AL,ASO,ES,Federal Contract Tower,0,28,53,9,90,0,4,31,25,60,0,32,84,34,150,32,0,32,182
09/17/2022,TCL,AL,ASO,ES,Federal Contract Tower,0,7,44,0,51,0,0,38,0,38,0,7,82,0,89,8,0,8,97
09/18/2022,TCL,AL,ASO,ES,Federal Contract Tower,0,23,62,8,93,0,0,50,0,50,0,23,112,8,143,46,0,46,189
09/19/2022,TCL,AL,ASO,ES,Federal Contract Tower,0,11,25,2,38,0,0,28,25,53,0,11,53,27,91,38,12,50,141
09/20/2022,TCL,AL,ASO,ES,Federal Contract Tower,0,4,28,33,65,0,0,40,5,45,0,4,68,38,110,28,0,28,138
09/21/2022,TCL,AL,ASO,ES,Federal Contract Tower,0,6,25,12,43,0,0,29,10,39,0,6,54,22,82,24,0,24,106
09/22/2022,TCL,AL,ASO,ES,Federal Contract Tower,0,6,32,19,57,0,0,42,19,61,0,6,74,38,118,50,26,76,194
09/23/2022,TCL,AL,ASO,ES,Federal Contract Tower,0,18,41,4,63,0,0,39,28,67,0,18,80,32,130,18,0,18,148
09/24/2022,TCL,AL,ASO,ES,Federal Contract Tower,1,12,39,0,52,0,9,23,0,32,1,21,62,0,84,16,0,16,100
09/25/2022,TCL,AL,ASO,ES,Federal Contract Tower,1,25,57,0,83,0,0,24,0,24,1,25,81,0,107,46,0,46,153
09/26/2022,TCL,AL,ASO,ES,Federal Contract Tower,1,7,23,14,45,0,0,22,22,44,1,7,45,36,89,0,8,8,97
09/27/2022,TCL,AL,ASO,ES,Federal Contract Tower,0,4,19,12,35,0,0,21,14,35,0,4,40,26,70,10,0,10,80
09/28/2022,TCL,AL,ASO,ES,Federal Contract Tower,0,12,29,9,50,0,4,38,7,49,0,16,67,16,99,24,10,34,133
09/29/2022,TCL,AL,ASO,ES,Federal Contract Tower,0,20,32,20,72,0,2,41,24,67,0,22,73,44,139,28,28,56,195
09/30/2022,TCL,AL,ASO,ES,Federal Contract Tower,5,13,32,7,57,0,2,28,6,36,5,15,60,13,93,28,12,40,133
10/01/2022,TCL,AL,ASO,ES,Federal Contract Tower,0,5,18,0,23,0,0,28,4,32,0,5,46,4,55,12,0,12,67
10/02/2022,TCL,AL,ASO,ES,Federal Contract Tower,0,10,27,0,37,0,0,23,0,23,0,10,50,0,60,20,0,20,80
10/03/2022,TCL,AL,ASO,ES,Federal Contract Tower,0,4,29,20,53,0,6,41,27,74,0,10,70,47,127,104,0,104,231
10/04/2022,TCL,AL,ASO,ES,Federal Contract Tower,0,3,23,6,32,0,0,29,18,47,0,3,52,24,79,104,0,104,183
10/05/2022,TCL,AL,ASO,ES,Federal Contract Tower,0,7,27,13,47,0,0,54,4,58,0,7,81,17,105,76,0,76,181
10/06/2022,TCL,AL,ASO,ES,Federal Contract Tower,0,15,37,16,68,0,0,29,6,35,0,15,66,22,103,10,0,10,113
10/07/2022,TCL,AL,ASO,ES,Federal Contract Tower,0,68,89,0,157,0,2,70,10,82,0,70,159,10,239,12,0,12,251
10/08/2022,TCL,AL,ASO,ES,Federal Contract Tower,5,67,113,0,185,0,0,50,8,58,5,67,163,8,243,30,0,30,273
10/09/2022,TCL,AL,ASO,ES,Federal Contract Tower,0,96,123,0,219,0,3,43,2,48,0,99,166,2,267,0,0,0,267
10/10/2022,TCL,AL,ASO,ES,Federal Contract Tower,0,8,27,0,35,0,0,38,0,38,0,8,65,0,73,24,0,24,97
10/11/2022,TCL,AL,ASO,ES,Federal Contract Tower,0,1,21,25,47,0,0,42,18,60,0,1,63,43,107,74,4,78,185
10/12/2022,TCL,AL,ASO,ES,Federal Contract Tower,0,6,27,0,33,0,0,4,0,4,0,6,31,0,37,8,0,8,45
10/13/2022,TCL,AL,ASO,ES,Federal Contract Tower,0,2,31,22,55,0,0,18,5,23,0,2,49,27,78,6,0,6,84
10/14/2022,TCL,AL,ASO,ES,Federal Contract Tower,2,10,33,18,63,0,1,28,24,53,2,11,61,42,116,40,22,62,178
10/15/2022,TCL,AL,ASO,ES,Federal Contract Tower,0,8,21,4,33,0,0,0,0,0,0,8,21,4,33,0,0,0,33
10/16/2022,TCL,AL,ASO,ES,Federal Contract Tower,0,6,34,2,42,0,0,43,0,43,0,6,77,2,85,8,0,8,93
10/17/2022,TCL,AL,ASO,ES,Federal Contract Tower,0,6,27,14,47,0,4,27,15,46,0,10,54,29,93,24,8,32,125
10/18/2022,TCL,AL,ASO,ES,Federal Contract Tower,0,7,19,23,49,0,1,27,2,30,0,8,46,25,79,18,0,18,97
10/19/2022,TCL,AL,ASO,ES,Federal Contract Tower,0,6,18,7,31,0,0,34,8,42,0,6,52,15,73,70,12,82,155
10/20/2022,TCL,AL,ASO,ES,Federal Contract Tower,0,16,34,6,56,0,0,20,3,23,0,16,54,9,79,6,12,18,97
10/21/2022,TCL,AL,ASO,ES,Federal Contract Tower,1,33,52,6,92,0,0,48,18,66,1,33,100,24,158,12,32,44,202
10/22/2022,TCL,AL,ASO,ES,Federal Contract Tower,0,34,95,0,129,0,0,23,0,23,0,34,118,0,152,6,0,6,158
10/23/2022,TCL,AL,ASO,ES,Federal Contract Tower,0,34,68,2,104,0,2,70,0,72,0,36,138,2,176,10,0,10,186
10/24/2022,TCL,AL,ASO,ES,Federal Contract Tower,0,19,19,10,48,0,0,42,31,73,0,19,61,41,121,34,42,76,197
10/25/2022,TCL,AL,ASO,ES,Federal Contract Tower,0,7,17,0,24,0,0,9,0,9,0,7,26,0,33,12,0,12,45
10/26/2022,TCL,AL,ASO,ES,Federal Contract Tower,0,3,37,4,44,0,4,40,33,77,0,7,77,37,121,30,6,36,157
10/27/2022,TCL,AL,ASO,ES,Federal Contract Tower,0,6,30,17,53,0,0,22,16,38,0,6,52,33,91,0,10,10,101
10/28/2022,TCL,AL,ASO,ES,Federal Contract Tower,0,8,36,19,63,0,0,37,12,49,0,8,73,31,112,68,18,86,198
10/29/2022,TCL,AL,ASO,ES,Federal Contract Tower,0,2,10,0,12,0,0,11,0,11,0,2,21,0,23,20,0,20,43
10/30/2022,TCL,AL,ASO,ES,Federal Contract Tower,0,6,30,0,36,0,0,1,0,1,0,6,31,0,37,0,0,0,37
10/31/2022,TCL,AL,ASO,ES,Federal Contract Tower,0,15,15,6,36,0,2,18,2,22,0,17,33,8,58,18,0,18,76
11/01/2022,TCL,AL,ASO,ES,Federal Contract Tower,0,8,19,17,44,0,15,23,11,49,0,23,42,28,93,0,0,0,93
11/02/2022,TCL,AL,ASO,ES,Federal Contract Tower,1,11,17,25,54,0,0,34,16,50,1,11,51,41,104,20,2,22,126
11/03/2022,TCL,AL,ASO,ES,Federal Contract Tower,0,12,27,20,59,0,4,32,3,39,0,16,59,23,98,60,10,70,168
11/04/2022,TCL,AL,ASO,ES,Federal Contract Tower,3,12,25,15,55,0,0,33,24,57,3,12,58,39,112,12,0,12,124
11/05/2022,TCL,AL,ASO,ES,Federal Contract Tower,1,3,14,0,18,0,0,0,0,0,1,3,14,0,18,0,0,0,18
11/06/2022,TCL,AL,ASO,ES,Federal Contract Tower,0,7,34,4,45,0,0,25,0,25,0,7,59,4,70,16,8,24,94
11/07/2022,TCL,AL,ASO,ES,Federal Contract Tower,1,13,20,12,46,0,0,42,1,43,1,13,62,13,89,52,16,68,157
11/08/2022,TCL,AL,ASO,ES,Federal Contract Tower,1,8,26,12,47,0,0,33,6,39,1,8,59,18,86,52,0,52,138
11/09/2022,TCL,AL,ASO,ES,Federal Contract Tower,2,10,38,10,60,0,0,24,13,37,2,10,62,23,97,74,0,74,171
11/10/2022,TCL,AL,ASO,ES,Federal Contract Tower,0,8,23,31,62,0,6,18,17,41,0,14,41,48,103,12,14,26,129
11/11/2022,TCL,AL,ASO,ES,Federal Contract Tower,2,7,24,3,36,0,2,6,0,8,2,9,30,3,44,16,0,16,60
11/12/2022,TCL,AL,ASO,ES,Federal Contract Tower,1,5,18,4,28,0,0,1,0,1,1,5,19,4,29,0,0,0,29
11/13/2022,TCL,AL,ASO,ES,Federal Contract Tower,1,3,21,0,25,0,0,25,0,25,1,3,46,0,50,6,0,6,56
11/14/2022,TCL,AL,ASO,ES,Federal Contract Tower,1,5,29,8,43,0,0,29,10,39,1,5,58,18,82,28,0,28,110
11/15/2022,TCL,AL,ASO,ES,Federal Contract Tower,1,2,14,0,17,0,0,0,0,0,1,2,14,0,17,0,0,0,17
11/16/2022,TCL,AL,ASO,ES,Federal Contract Tower,2,9,16,12,39,0,2,30,16,48,2,11,46,28,87,26,8,34,121
11/17/2022,TCL,AL,ASO,ES,Federal Contract Tower,0,14,36,8,58,0,0,32,8,40,0,14,68,16,98,18,0,18,116
11/18/2022,TCL,AL,ASO,ES,Federal Contract Tower,3,18,35,7,63,0,0,43,20,63,3,18,78,27,126,34,0,34,160
11/19/2022,TCL,AL,ASO,ES,Federal Contract Tower,4,7,33,4,48,0,6,19,10,35,4,13,52,14,83,0,0,0,83
11/20/2022,TCL,AL,ASO,ES,Federal Contract Tower,0,7,27,2,36,0,0,35,0,35,0,7,62,2,71,6,0,6,77
11/21/2022,TCL,AL,ASO,ES,Federal Contract Tower,0,4,16,10,30,0,0,44,12,56,0,4,60,22,86,30,14,44,130
11/22/2022,TCL,AL,ASO,ES,Federal Contract Tower,2,5,21,4,32,0,4,17,10,31,2,9,38,14,63,28,0,28,91
11/23/2022,TCL,AL,ASO,ES,Federal Contract Tower,0,7,22,10,39,0,2,28,4,34,0,9,50,14,73,48,0,48,121
11/24/2022,TCL,AL,ASO,ES,Federal Contract Tower,0,6,5,0,11,0,0,10,0,10,0,6,15,0,21,8,0,8,29
11/25/2022,TCL,AL,ASO,ES,Federal Contract Tower,0,27,45,0,72,0,2,2,16,20,0,29,47,16,92,0,0,0,92
11/26/2022,TCL,AL,ASO,ES,Federal Contract Tower,0,50,98,4,152,0,2,6,8,16,0,52,104,12,168,0,12,12,180
11/27/2022,TCL,AL,ASO,ES,Federal Contract Tower,0,36,77,4,117,0,0,26,0,26,0,36,103,4,143,0,0,0,143
11/28/2022,TCL,AL,ASO,ES,Federal Contract Tower,2,2,29,2,35,0,2,37,1,40,2,4,66,3,75,30,0,30,105
11/29/2022,TCL,AL,ASO,ES,Federal Contract Tower,0,8,11,0,19,0,0,16,0,16,0,8,27,0,35,42,0,42,77
11/30/2022,TCL,AL,ASO,ES,Federal Contract Tower,2,5,14,3,24,0,4,25,0,29,2,9,39,3,53,0,0,0,53
12/01/2022,TCL,AL,ASO,ES,Federal Contract Tower,0,16,21,8,45,0,0,34,4,38,0,16,55,12,83,16,0,16,99
12/02/2022,TCL,AL,ASO,ES,Federal Contract Tower,0,5,29,4,38,0,0,24,8,32,0,5,53,12,70,42,26,68,138
12/03/2022,TCL,AL,ASO,ES,Federal Contract Tower,2,2,11,2,17,0,0,0,0,0,2,2,11,2,17,0,0,0,17
12/04/2022,TCL,AL,ASO,ES,Federal Contract Tower,0,11,27,5,43,0,4,17,0,21,0,15,44,5,64,0,0,0,64
12/05/2022,TCL,AL,ASO,ES,Federal Contract Tower,0,5,27,3,35,0,0,7,1,8,0,5,34,4,43,10,0,10,53
12/06/2022,TCL,AL,ASO,ES,Federal Contract Tower,0,9,25,10,44,0,0,10,0,10,0,9,35,10,54,8,0,8,62
12/07/2022,TCL,AL,ASO,ES,Federal Contract Tower,2,9,29,3,43,0,0,17,4,21,2,9,46,7,64,4,0,4,68
12/08/2022,TCL,AL,ASO,ES,Federal Contract Tower,0,17,34,11,62,0,0,18,4,22,0,17,52,15,84,6,30,36,120
12/09/2022,TCL,AL,ASO,ES,Federal Contract Tower,2,14,35,4,55,0,0,14,16,30,2,14,49,20,85,40,14,54,139
12/10/2022,TCL,AL,ASO,ES,Federal Contract Tower,0,6,18,0,24,0,0,0,0,0,0,6,18,0,24,0,0,0,24
12/11/2022,TCL,AL,ASO,ES,Federal Contract Tower,0,10,13,0,23,0,0,0,0,0,0,10,13,0,23,0,0,0,23
12/12/2022,TCL,AL,ASO,ES,Federal Contract Tower,1,5,22,4,32,0,0,0,0,0,1,5,22,4,32,0,0,0,32
12/13/2022,TCL,AL,ASO,ES,Federal Contract Tower,0,12,30,10,52,0,0,2,7,9,0,12,32,17,61,4,0,4,65
12/14/2022,TCL,AL,ASO,ES,Federal Contract Tower,1,6,4,0,11,0,0,0,0,0,1,6,4,0,11,0,0,0,11
12/15/2022,TCL,AL,ASO,ES,Federal Contract Tower,0,8,25,4,37,0,0,32,4,36,0,8,57,8,73,8,10,18,91
12/16/2022,TCL,AL,ASO,ES,Federal Contract Tower,0,9,29,16,54,0,0,40,5,45,0,9,69,21,99,22,0,22,121
12/17/2022,TCL,AL,ASO,ES,Federal Contract Tower,0,3,14,0,17,0,0,11,0,11,0,3,25,0,28,4,0,4,32
12/18/2022,TCL,AL,ASO,ES,Federal Contract Tower,1,8,12,0,21,0,2,28,2,32,1,10,40,2,53,10,0,10,63
12/19/2022,TCL,AL,ASO,ES,Federal Contract Tower,0,4,8,28,40,0,0,24,10,34,0,4,32,38,74,0,14,14,88
12/20/2022,TCL,AL,ASO,ES,Federal Contract Tower,0,2,18,2,22,0,0,0,0,0,0,2,18,2,22,0,0,0,22
12/21/2022,TCL,AL,ASO,ES,Federal Contract Tower,0,6,26,22,54,0,0,23,2,25,0,6,49,24,79,20,20,40,119
12/22/2022,TCL,AL,ASO,ES,Federal Contract Tower,0,7,29,0,36,0,0,8,0,8,0,7,37,0,44,0,0,0,44
12/23/2022,TCL,AL,ASO,ES,Federal Contract Tower,0,3,20,0,23,0,0,12,0,12,0,3,32,0,35,0,0,0,35
12/24/2022,TCL,AL,ASO,ES,Federal Contract Tower,0,0,8,0,8,0,4,2,0,6,0,4,10,0,14,0,0,0,14
12/25/2022,TCL,AL,ASO,ES,Federal Contract Tower,0,1,3,0,4,0,2,3,0,5,0,3,6,0,9,0,0,0,9
12/26/2022,TCL,AL,ASO,ES,Federal Contract Tower,2,5,22,0,29,0,2,17,0,19,2,7,39,0,48,26,0,26,74
12/27/2022,TCL,AL,ASO,ES,Federal Contract Tower,0,2,18,0,20,0,0,25,10,35,0,2,43,10,55,18,0,18,73
12/28/2022,TCL,AL,ASO,ES,Federal Contract Tower,0,11,24,3,38,0,0,0,0,0,0,11,24,3,38,26,0,26,64
12/29/2022,TCL,AL,ASO,ES,Federal Contract Tower,0,2,25,4,31,0,0,27,2,29,0,2,52,6,60,34,0,34,94
12/30/2022,TCL,AL,ASO,ES,Federal Contract Tower,0,0,23,0,23,0,0,5,0,5,0,0,28,0,28,8,0,8,36
12/31/2022,TCL,AL,ASO,ES,Federal Contract Tower,0,3,8,0,11,0,0,6,0,6,0,3,14,0,17,0,0,0,17
01/01/2023,TCL,AL,ASO,ES,Federal Contract Tower,2,5,12,0,19,0,0,29,0,29,2,5,41,0,48,32,0,32,80
01/02/2023,TCL,AL,ASO,ES,Federal Contract Tower,0,2,14,0,16,0,0,7,0,7,0,2,21,0,23,0,0,0,23
01/03/2023,TCL,AL,ASO,ES,Federal Contract Tower,0,7,8,0,15,0,0,0,0,0,0,7,8,0,15,0,0,0,15
01/04/2023,TCL,AL,ASO,ES,Federal Contract Tower,0,2,19,8,29,0,0,27,4,31,0,2,46,12,60,22,0,22,82
01/05/2023,TCL,AL,ASO,ES,Federal Contract Tower,0,16,16,14,46,0,4,28,3,35,0,20,44,17,81,8,0,8,89
01/06/2023,TCL,AL,ASO,ES,Federal Contract Tower,1,8,23,15,47,0,0,39,4,43,1,8,62,19,90,12,0,12,102
01/07/2023,TCL,AL,ASO,ES,Federal Contract Tower,1,2,26,1,30,0,0,51,1,52,1,2,77,2,82,30,0,30,112
01/08/2023,TCL,AL,ASO,ES,Federal Contract Tower,0,8,22,4,34,0,0,0,0,0,0,8,22,4,34,0,0,0,34
01/09/2023,TCL,AL,ASO,ES,Federal Contract Tower,1,7,26,14,48,0,0,40,10,50,1,7,66,24,98,66,0,66,164
01/10/2023,TCL,AL,ASO,ES,Federal Contract Tower,1,3,21,9,34,0,0,18,3,21,1,3,39,12,55,40,0,40,95
01/11/2023,TCL,AL,ASO,ES,Federal Contract Tower,0,2,18,4,24,0,0,4,0,4,0,2,22,4,28,0,0,0,28
01/12/2023,TCL,AL,ASO,ES,Federal Contract Tower,2,5,15,0,22,0,0,0,0,0,2,5,15,0,22,0,0,0,22
01/13/2023,TCL,AL,ASO,ES,Federal Contract Tower,2,5,21,12,40,0,2,7,0,9,2,7,28,12,49,0,0,0,49
01/14/2023,TCL,AL,ASO,ES,Federal Contract Tower,0,5,14,6,25,0,0,26,0,26,0,5,40,6,51,0,0,0,51
01/15/2023,TCL,AL,ASO,ES,Federal Contract Tower,0,3,9,2,14,0,3,46,0,49,0,6,55,2,63,52,0,52,115
01/16/2023,TCL,AL,ASO,ES,Federal Contract Tower,2,1,24,1,28,0,4,22,0,26,2,5,46,1,54,12,0,12,66
01/17/2023,TCL,AL,ASO,ES,Federal Contract Tower,2,6,31,4,43,0,0,7,0,7,2,6,38,4,50,0,0,0,50
01/18/2023,TCL,AL,ASO,ES,Federal Contract Tower,2,2,20,0,24,0,0,0,0,0,2,2,20,0,24,0,0,0,24
01/19/2023,TCL,AL,ASO,ES,Federal Contract Tower,0,6,29,2,37,0,0,32,0,32,0,6,61,2,69,20,0,20,89
01/20/2023,TCL,AL,ASO,ES,Federal Contract Tower,1,8,31,12,52,0,4,32,2,38,1,12,63,14,90,36,0,36,126
01/21/2023,TCL,AL,ASO,ES,Federal Contract Tower,0,2,4,4,10,0,0,28,0,28,0,2,32,4,38,16,0,16,54
01/22/2023,TCL,AL,ASO,ES,Federal Contract Tower,2,3,22,0,27,0,0,3,0,3,2,3,25,0,30,0,0,0,30
01/23/2023,TCL,AL,ASO,ES,Federal Contract Tower,1,3,25,15,44,0,0,50,5,55,1,3,75,20,99,86,2,88,187
01/24/2023,TCL,AL,ASO,ES,Federal Contract Tower,1,7,26,16,50,0,0,31,5,36,1,7,57,21,86,140,6,146,232
01/25/2023,TCL,AL,ASO,ES,Federal Contract Tower,0,3,16,5,24,0,0,7,0,7,0,3,23,5,31,0,0,0,31
01/26/2023,TCL,AL,ASO,ES,Federal Contract Tower,0,2,29,4,35,0,0,27,0,27,0,2,56,4,62,56,12,68,130
01/27/2023,TCL,AL,ASO,ES,Federal Contract Tower,3,8,31,16,58,0,0,52,2,54,3,8,83,18,112,68,12,80,192
01/28/2023,TCL,AL,ASO,ES,Federal Contract Tower,0,6,19,16,41,0,2,54,0,56,0,8,73,16,97,70,18,88,185
01/29/2023,TCL,AL,ASO,ES,Federal Contract Tower,0,3,25,1,29,0,0,6,0,6,0,3,31,1,35,2,0,2,37
01/30/2023,TCL,AL,ASO,ES,Federal Contract Tower,1,6,30,10,47,0,0,4,0,4,1,6,34,10,51,12,0,12,63
01/31/2023,TCL,AL,ASO,ES,Federal Contract Tower,0,10,12,0,22,0,0,0,0,0,0,10,12,0,22,0,0,0,22
02/01/2023,TCL,AL,ASO,ES,Federal Contract Tower,1,5,21,0,27,0,0,4,0,4,1,5,25,0,31,18,0,18,49
02/02/2023,TCL,AL,ASO,ES,Federal Contract Tower,0,13,10,0,23,0,0,0,0,0,0,13,10,0,23,0,0,0,23
02/03/2023,TCL,AL,ASO,ES,Federal Contract Tower,3,6,20,8,37,0,2,34,3,39,3,8,54,11,76,66,4,70,146
02/04/2023,TCL,AL,ASO,ES,Federal Contract Tower,0,7,23,0,30,0,0,48,0,48,0,7,71,0,78,32,0,32,110
02/05/2023,TCL,AL,ASO,ES,Federal Contract Tower,0,2,21,0,23,0,2,42,15,59,0,4,63,15,82,78,0,78,160
02/06/2023,TCL,AL,ASO,ES,Federal Contract Tower,0,6,43,8,57,0,4,41,4,49,0,10,84,12,106,146,0,146,252
02/07/2023,TCL,AL,ASO,ES,Federal Contract Tower,3,8,18,26,55,0,2,42,10,54,3,10,60,36,109,48,12,60,169
02/08/2023,TCL,AL,ASO,ES,Federal Contract Tower,1,1,33,4,39,0,0,0,6,6,1,1,33,10,45,2,28,30,75
02/09/2023,TCL,AL,ASO,ES,Federal Contract Tower,2,8,21,4,35,0,2,23,20,45,2,10,44,24,80,32,2,34,114
02/10/2023,TCL,AL,ASO,ES,Federal Contract Tower,0,8,33,11,52,0,0,19,10,29,0,8,52,21,81,27,0,27,108
02/11/2023,TCL,AL,ASO,ES,Federal Contract Tower,0,4,15,0,19,0,0,1,0,1,0,4,16,0,20,0,0,0,20
02/12/2023,TCL,AL,ASO,ES,Federal Contract Tower,0,6,21,0,27,0,1,27,4,32,0,7,48,4,59,32,0,32,91
02/13/2023,TCL,AL,ASO,ES,Federal Contract Tower,0,5,16,8,29,0,0,25,10,35,0,5,41,18,64,18,28,46,110
02/14/2023,TCL,AL,ASO,ES,Federal Contract Tower,2,8,15,0,25,0,5,19,4,28,2,13,34,4,53,16,0,16,69
02/15/2023,TCL,AL,ASO,ES,Federal Contract Tower,1,6,19,0,26,0,2,10,0,12,1,8,29,0,38,0,0,0,38
02/16/2023,TCL,AL,ASO,ES,Federal Contract Tower,1,7,12,0,20,0,0,3,0,3,1,7,15,0,23,0,0,0,23
02/17/2023,TCL,AL,ASO,ES,Federal Contract Tower,2,11,31,2,46,0,4,21,0,25,2,15,52,2,71,98,0,98,169
02/18/2023,TCL,AL,ASO,ES,Federal Contract Tower,0,9,27,0,36,0,0,47,0,47,0,9,74,0,83,38,0,38,121
02/19/2023,TCL,AL,ASO,ES,Federal Contract Tower,0,12,19,0,31,0,2,44,6,52,0,14,63,6,83,50,0,50,133
02/20/2023,TCL,AL,ASO,ES,Federal Contract Tower,2,12,38,0,52,0,0,30,0,30,2,12,68,0,82,50,0,50,132
02/21/2023,TCL,AL,ASO,ES,Federal Contract Tower,2,5,25,5,37,0,0,7,0,7,2,5,32,5,44,36,8,44,88
02/22/2023,TCL,AL,ASO,ES,Federal Contract Tower,1,4,20,9,34,0,4,11,0,15,1,8,31,9,49,0,4,4,53
02/23/2023,TCL,AL,ASO,ES,Federal Contract Tower,0,10,28,2,40,0,0,13,0,13,0,10,41,2,53,8,0,8,61
02/24/2023,TCL,AL,ASO,ES,Federal Contract Tower,1,12,31,0,44,0,0,7,1,8,1,12,38,1,52,18,0,18,70
02/25/2023,TCL,AL,ASO,ES,Federal Contract Tower,0,7,38,2,47,0,0,6,0,6,0,7,44,2,53,8,0,8,61
02/26/2023,TCL,AL,ASO,ES,Federal Contract Tower,0,12,24,0,36,0,0,15,0,15,0,12,39,0,51,22,0,22,73
02/27/2023,TCL,AL,ASO,ES,Federal Contract Tower,0,7,18,0,25,0,0,18,0,18,0,7,36,0,43,0,0,0,43
02/28/2023,TCL,AL,ASO,ES,Federal Contract Tower,0,5,34,7,46,0,2,36,7,45,0,7,70,14,91,80,0,80,171
03/01/2023,TCL,AL,ASO,ES,Federal Contract Tower,0,11,29,10,50,0,3,19,0,22,0,14,48,10,72,48,0,48,120
03/02/2023,TCL,AL,ASO,ES,Federal Contract Tower,0,8,26,3,37,0,0,4,0,4,0,8,30,3,41,0,10,10,51
03/03/2023,TCL,AL,ASO,ES,Federal Contract Tower,1,10,22,0,33,0,0,7,0,7,1,10,29,0,40,4,0,4,44
03/04/2023,TCL,AL,ASO,ES,Federal Contract Tower,0,8,28,1,37,0,0,56,0,56,0,8,84,1,93,72,0,72,165
03/05/2023,TCL,AL,ASO,ES,Federal Contract Tower,0,18,25,0,43,0,0,66,0,66,0,18,91,0,109,46,0,46,155
03/06/2023,TCL,AL,ASO,ES,Federal Contract Tower,0,6,16,6,28,0,3,50,3,56,0,9,66,9,84,74,12,86,170
03/07/2023,TCL,AL,ASO,ES,Federal Contract Tower,0,4,15,14,33,0,0,21,12,33,0,4,36,26,66,26,0,26,92
03/08/2023,TCL,AL,ASO,ES,Federal Contract Tower,0,2,23,18,43,0,0,20,4,24,0,2,43,22,67,4,18,22,89
03/09/2023,TCL,AL,ASO,ES,Federal Contract Tower,0,6,19,8,33,0,0,7,0,7,0,6,26,8,40,10,12,22,62
03/10/2023,TCL,AL,ASO,ES,Federal Contract Tower,0,2,44,0,46,0,5,19,6,30,0,7,63,6,76,20,4,24,100
03/11/2023,TCL,AL,ASO,ES,Federal Contract Tower,0,6,19,8,33,0,1,48,0,49,0,7,67,8,82,96,0,96,178
03/12/2023,TCL,AL,ASO,ES,Federal Contract Tower,0,0,9,0,9,0,0,0,0,0,0,0,9,0,9,0,0,0,9
03/13/2023,TCL,AL,ASO,ES,Federal Contract Tower,0,11,18,3,32,0,0,37,2,39,0,11,55,5,71,60,10,70,141
03/14/2023,TCL,AL,ASO,ES,Federal Contract Tower,0,3,10,4,17,0,0,29,0,29,0,3,39,4,46,26,0,26,72
03/15/2023,TCL,AL,ASO,ES,Federal Contract Tower,0,5,32,14,51,0,4,59,0,63,0,9,91,14,114,96,12,108,222
03/16/2023,TCL,AL,ASO,ES,Federal Contract Tower,1,5,31,5,42,0,0,56,8,64,1,5,87,13,106,40,0,40,146
03/17/2023,TCL,AL,ASO,ES,Federal Contract Tower,0,3,9,0,12,0,0,5,0,5,0,3,14,0,17,0,0,0,17
03/18/2023,TCL,AL,ASO,ES,Federal Contract Tower,2,7,11,0,20,0,2,30,2,34,2,9,41,2,54,50,0,50,104
03/19/2023,TCL,AL,ASO,ES,Federal Contract Tower,2,6,34,4,46,0,0,37,4,41,2,6,71,8,87,8,0,8,95
03/20/2023,TCL,AL,ASO,ES,Federal Contract Tower,0,4,26,7,37,0,0,37,4,41,0,4,63,11,78,76,0,76,154
03/21/2023,TCL,AL,ASO,ES,Federal Contract Tower,0,4,19,10,33,0,0,32,19,51,0,4,51,29,84,38,8,46,130
03/22/2023,TCL,AL,ASO,ES,Federal Contract Tower,2,11,39,17,69,0,4,44,14,62,2,15,83,31,131,32,2,34,165
03/23/2023,TCL,AL,ASO,ES,Federal Contract Tower,0,13,28,11,52,0,0,47,9,56,0,13,75,20,108,24,2,26,134
03/24/2023,TCL,AL,ASO,ES,Federal Contract Tower,0,7,34,11,52,0,0,7,2,9,0,7,41,13,61,30,20,50,111
03/25/2023,TCL,AL,ASO,ES,Federal Contract Tower,2,5,21,4,32,0,0,21,0,21,2,5,42,4,53,26,0,26,79
03/26/2023,TCL,AL,ASO,ES,Federal Contract Tower,0,7,23,3,33,0,0,27,2,29,0,7,50,5,62,60,0,60,122
03/27/2023,TCL,AL,ASO,ES,Federal Contract Tower,0,10,17,10,37,0,0,53,0,53,0,10,70,10,90,72,0,72,162
03/28/2023,TCL,AL,ASO,ES,Federal Contract Tower,1,6,28,16,51,0,0,22,6,28,1,6,50,22,79,22,14,36,115
03/29/2023,TCL,AL,ASO,ES,Federal Contract Tower,0,7,25,12,44,0,6,68,5,79,0,13,93,17,123,28,0,28,151
03/30/2023,TCL,AL,ASO,ES,Federal Contract Tower,1,21,41,10,73,0,0,33,14,47,1,21,74,24,120,50,6,56,176
03/31/2023,TCL,AL,ASO,ES,Federal Contract Tower,0,17,36,0,53,0,2,5,0,7,0,19,41,0,60,4,0,4,64
04/01/2023,TCL,AL,ASO,ES,Federal Contract Tower,0,6,8,0,14,0,0,8,1,9,0,6,16,1,23,6,0,6,29
04/02/2023,TCL,AL,ASO,ES,Federal Contract Tower,1,15,46,0,62,0,2,58,0,60,1,17,104,0,122,52,0,52,174
04/03/2023,TCL,AL,ASO,ES,Federal Contract Tower,4,5,24,0,33,0,0,2,0,2,4,5,26,0,35,10,0,10,45
04/04/2023,TCL,AL,ASO,ES,Federal Contract Tower,0,8,58,2,68,0,0,18,0,18,0,8,76,2,86,32,0,32,118
04/05/2023,TCL,AL,ASO,ES,Federal Contract Tower,2,18,33,8,61,0,2,49,4,55,2,20,82,12,116,58,0,58,174
04/06/2023,TCL,AL,ASO,ES,Federal Contract Tower,1,18,26,0,45,0,1,10,3,14,1,19,36,3,59,8,8,16,75
04/07/2023,TCL,AL,ASO,ES,Federal Contract Tower,0,4,20,4,28,0,0,3,0,3,0,4,23,4,31,12,22,34,65
04/08/2023,TCL,AL,ASO,ES,Federal Contract Tower,1,0,4,0,5,0,0,0,0,0,1,0,4,0,5,0,0,0,5
04/09/2023,TCL,AL,ASO,ES,Federal Contract Tower,0,9,15,0,24,0,2,13,2,17,0,11,28,2,41,0,6,6,47
04/10/2023,TCL,AL,ASO,ES,Federal Contract Tower,0,5,36,15,56,0,78,10,0,88,0,83,46,15,144,44,42,86,230
04/11/2023,TCL,AL,ASO,ES,Federal Contract Tower,1,10,30,30,71,0,2,52,6,60,1,12,82,36,131,24,4,28,159
04/12/2023,TCL,AL,ASO,ES,Federal Contract Tower,1,8,26,18,53,0,0,49,14,63,1,8,75,32,116,62,0,62,178
04/13/2023,TCL,AL,ASO,ES,Federal Contract Tower,0,13,23,4,40,0,0,4,0,4,0,13,27,4,44,12,0,12,56
04/14/2023,TCL,AL,ASO,ES,Federal Contract Tower,3,8,41,9,61,0,0,19,16,35,3,8,60,25,96,34,0,34,130
04/15/2023,TCL,AL,ASO,ES,Federal Contract Tower,0,4,21,6,31,0,0,27,0,27,0,4,48,6,58,66,0,66,124
04/16/2023,TCL,AL,ASO,ES,Federal Contract Tower,0,11,29,6,46,0,4,15,2,21,0,15,44,8,67,14,0,14,81
04/17/2023,TCL,AL,ASO,ES,Federal Contract Tower,1,7,21,14,43,0,2,50,2,54,1,9,71,16,97,52,4,56,153
04/18/2023,TCL,AL,ASO,ES,Federal Contract Tower,0,12,23,17,52,0,0,48,4,52,0,12,71,21,104,50,0,50,154
04/19/2023,TCL,AL,ASO,ES,Federal Contract Tower,0,14,19,10,43,0,2,42,8,52,0,16,61,18,95,84,0,84,179
04/20/2023,TCL,AL,ASO,ES,Federal Contract Tower,0,14,40,12,66,0,2,51,9,62,0,16,91,21,128,30,14,44,172
04/21/2023,TCL,AL,ASO,ES,Federal Contract Tower,1,8,21,2,32,0,0,22,0,22,1,8,43,2,54,56,0,56,110
04/22/2023,TCL,AL,ASO,ES,Federal Contract Tower,1,9,36,4,50,0,0,47,0,47,1,9,83,4,97,24,6,30,127
04/23/2023,TCL,AL,ASO,ES,Federal Contract Tower,0,5,35,3,43,0,0,29,0,29,0,5,64,3,72,6,0,6,78
04/24/2023,TCL,AL,ASO,ES,Federal Contract Tower,0,12,27,6,45,0,0,45,12,57,0,12,72,18,102,32,0,32,134
04/25/2023,TCL,AL,ASO,ES,Federal Contract Tower,0,1,16,6,23,0,0,41,7,48,0,1,57,13,71,32,0,32,103
04/26/2023,TCL,AL,ASO,ES,Federal Contract Tower,0,2,22,31,55,0,3,22,13,38,0,5,44,44,93,30,68,98,191
04/27/2023,TCL,AL,ASO,ES,Federal Contract Tower,0,7,23,1,31,0,0,2,0,2,0,7,25,1,33,0,0,0,33
04/28/2023,TCL,AL,ASO,ES,Federal Contract Tower,0,6,31,8,45,0,6,32,4,42,0,12,63,12,87,48,12,60,147
04/29/2023,TCL,AL,ASO,ES,Federal Contract Tower,0,0,7,2,9,0,0,25,1,26,0,0,32,3,35,0,2,2,37
04/30/2023,TCL,AL,ASO,ES,Federal Contract Tower,0,5,28,1,34,0,4,11,13,28,0,9,39,14,62,6,0,6,68
05/01/2023,TCL,AL,ASO,ES,Federal Contract Tower,0,9,16,10,35,0,2,15,5,22,0,11,31,15,57,4,0,4,61
05/02/2023,TCL,AL,ASO,ES,Federal Contract Tower,0,2,23,10,35,0,2,23,4,29,0,4,46,14,64,0,0,0,64
05/03/2023,TCL,AL,ASO,ES,Federal Contract Tower,0,3,31,9,43,0,0,33,0,33,0,3,64,9,76,58,0,58,134
05/04/2023,TCL,AL,ASO,ES,Federal Contract Tower,0,18,25,24,67,0,0,43,1,44,0,18,68,25,111,16,26,42,153
05/05/2023,TCL,AL,ASO,ES,Federal Contract Tower,1,19,58,43,121,0,1,19,2,22,1,20,77,45,143,2,0,2,145
05/06/2023,TCL,AL,ASO,ES,Federal Contract Tower,0,7,15,0,22,0,0,15,2,17,0,7,30,2,39,10,0,10,49
05/07/2023,TCL,AL,ASO,ES,Federal Contract Tower,0,19,34,0,53,0,2,28,2,32,0,21,62,2,85,44,0,44,129
05/08/2023,TCL,AL,ASO,ES,Federal Contract Tower,0,9,28,13,50,0,6,15,0,21,0,15,43,13,71,42,0,42,113
05/09/2023,TCL,AL,ASO,ES,Federal Contract Tower,2,6,23,6,37,0,0,13,2,15,2,6,36,8,52,52,0,52,104
05/10/2023,TCL,AL,ASO,ES,Federal Contract Tower,0,7,15,19,41,0,1,18,13,32,0,8,33,32,73,50,8,58,131
05/11/2023,TCL,AL,ASO,ES,Federal Contract Tower,0,12,12,19,43,0,0,12,3,15,0,12,24,22,58,22,0,22,80
05/12/2023,TCL,AL,ASO,ES,Federal Contract Tower,0,6,30,14,50,0,0,35,0,35,0,6,65,14,85,74,12,86,171
05/13/2023,TCL,AL,ASO,ES,Federal Contract Tower,2,8,20,0,30,0,0,33,2,35,2,8,53,2,65,26,0,26,91
05/14/2023,TCL,AL,ASO,ES,Federal Contract Tower,0,4,18,2,24,0,4,24,0,28,0,8,42,2,52,4,0,4,56
05/15/2023,TCL,AL,ASO,ES,Federal Contract Tower,2,3,10,2,17,0,8,37,5,50,2,11,47,7,67,66,2,68,135
05/16/2023,TCL,AL,ASO,ES,Federal Contract Tower,0,1,18,4,23,0,2,7,3,12,0,3,25,7,35,18,0,18,53
05/17/2023,TCL,AL,ASO,ES,Federal Contract Tower,0,4,11,1,16,0,0,15,2,17,0,4,26,3,33,38,0,38,71
05/18/2023,TCL,AL,ASO,ES,Federal Contract Tower,0,12,33,0,45,0,0,10,0,10,0,12,43,0,55,0,0,0,55
05/19/2023,TCL,AL,ASO,ES,Federal Contract Tower,0,5,32,0,37,0,6,19,0,25,0,11,51,0,62,46,0,46,108
05/20/2023,TCL,AL,ASO,ES,Federal Contract Tower,0,3,11,0,14,0,0,3,0,3,0,3,14,0,17,0,0,0,17
05/21/2023,TCL,AL,ASO,ES,Federal Contract Tower,0,5,24,20,49,0,2,25,4,31,0,7,49,24,80,16,4,20,100
05/22/2023,TCL,AL,ASO,ES,Federal Contract Tower,0,2,22,16,40,0,0,15,2,17,0,2,37,18,57,8,0,8,65
05/23/2023,TCL,AL,ASO,ES,Federal Contract Tower,2,4,24,6,36,0,0,4,0,4,2,4,28,6,40,16,0,16,56
05/24/2023,TCL,AL,ASO,ES,Federal Contract Tower,2,8,34,18,62,0,1,23,5,29,2,9,57,23,91,16,6,22,113
05/25/2023,TCL,AL,ASO,ES,Federal Contract Tower,0,7,27,11,45,0,0,0,0,0,0,7,27,11,45,22,10,32,77
05/26/2023,TCL,AL,ASO,ES,Federal Contract Tower,0,3,30,0,33,0,4,30,2,36,0,7,60,2,69,42,4,46,115
05/27/2023,TCL,AL,ASO,ES,Federal Contract Tower,0,2,12,1,15,0,4,30,6,40,0,6,42,7,55,20,0,20,75
05/28/2023,TCL,AL,ASO,ES,Federal Contract Tower,0,0,1,0,1,0,0,26,0,26,0,0,27,0,27,40,0,40,67
05/29/2023,TCL,AL,ASO,ES,Federal Contract Tower,0,1,20,0,21,0,0,36,0,36,0,1,56,0,57,6,0,6,63
05/30/2023,TCL,AL,ASO,ES,Federal Contract Tower,2,1,28,16,47,0,0,31,4,35,2,1,59,20,82,26,0,26,108
05/31/2023,TCL,AL,ASO,ES,Federal Contract Tower,2,2,25,0,29,0,0,35,9,44,2,2,60,9,73,20,0,20,93
06/01/2023,TCL,AL,ASO,ES,Federal Contract Tower,0,3,34,0,37,0,0,38,0,38,0,3,72,0,75,40,0,40,115
06/02/2023,TCL,AL,ASO,ES,Federal Contract Tower,0,4,18,5,27,0,0,27,8,35,0,4,45,13,62,60,4,64,126
06/03/2023,TCL,AL,ASO,ES,Federal Contract Tower,0,3,16,0,19,0,0,30,5,35,0,3,46,5,54,28,0,28,82
06/04/2023,TCL,AL,ASO,ES,Federal Contract Tower,0,2,19,2,23,0,0,31,8,39,0,2,50,10,62,18,0,18,80
06/05/2023,TCL,AL,ASO,ES,Federal Contract Tower,1,4,10,0,15,0,0,22,0,22,1,4,32,0,37,8,0,8,45
06/06/2023,TCL,AL,ASO,ES,Federal Contract Tower,0,7,21,14,42,0,0,32,2,34,0,7,53,16,76,12,0,12,88
06/07/2023,TCL,AL,ASO,ES,Federal Contract Tower,0,4,13,12,29,0,5,26,0,31,0,9,39,12,60,8,0,8,68
06/08/2023,TCL,AL,ASO,ES,Federal Contract Tower,0,8,28,10,46,0,0,27,2,29,0,8,55,12,75,30,0,30,105
06/09/2023,TCL,AL,ASO,ES,Federal Contract Tower,0,4,22,31,57,0,2,43,15,60,0,6,65,46,117,0,2,2,119
06/10/2023,TCL,AL,ASO,ES,Federal Contract Tower,0,0,11,5,16,0,0,16,11,27,0,0,27,16,43,12,48,60,103
06/11/2023,TCL,AL,ASO,ES,Federal Contract Tower,0,4,18,4,26,0,0,7,0,7,0,4,25,4,33,16,0,16,49
06/12/2023,TCL,AL,ASO,ES,Federal Contract Tower,2,1,23,12,38,0,0,10,10,20,2,1,33,22,58,4,0,4,62
06/13/2023,TCL,AL,ASO,ES,Federal Contract Tower,0,6,16,13,35,0,0,14,3,17,0,6,30,16,52,8,0,8,60
06/14/2023,TCL,AL,ASO,ES,Federal Contract Tower,0,4,13,0,17,0,0,11,0,11,0,4,24,0,28,2,0,2,30
06/15/2023,TCL,AL,ASO,ES,Federal Contract Tower,0,5,9,0,14,0,0,8,2,10,0,5,17,2,24,0,10,10,34
06/16/2023,TCL,AL,ASO,ES,Federal Contract Tower,0,6,19,5,30,0,0,12,9,21,0,6,31,14,51,20,0,20,71
06/17/2023,TCL,AL,ASO,ES,Federal Contract Tower,0,4,12,0,16,0,0,23,0,23,0,4,35,0,39,24,0,24,63
06/18/2023,TCL,AL,ASO,ES,Federal Contract Tower,0,8,19,0,27,0,4,4,0,8,0,12,23,0,35,20,0,20,55
06/19/2023,TCL,AL,ASO,ES,Federal Contract Tower,0,2,15,1,18,0,0,23,0,23,0,2,38,1,41,0,0,0,41
06/20/2023,TCL,AL,ASO,ES,Federal Contract Tower,0,3,23,16,42,0,0,38,9,47,0,3,61,25,89,22,12,34,123
06/21/2023,TCL,AL,ASO,ES,Federal Contract Tower,0,4,19,10,33,0,2,15,0,17,0,6,34,10,50,8,0,8,58
06/22/2023,TCL,AL,ASO,ES,Federal Contract Tower,0,8,16,13,37,0,0,16,2,18,0,8,32,15,55,12,4,16,71
06/23/2023,TCL,AL,ASO,ES,Federal Contract Tower,0,2,20,6,28,0,0,26,4,30,0,2,46,10,58,20,0,20,78
06/24/2023,TCL,AL,ASO,ES,Federal Contract Tower,0,3,8,0,11,0,0,80,1,81,0,3,88,1,92,20,0,20,112
06/25/2023,TCL,AL,ASO,ES,Federal Contract Tower,0,5,22,0,27,0,2,21,2,25,0,7,43,2,52,6,0,6,58
06/26/2023,TCL,AL,ASO,ES,Federal Contract Tower,0,6,18,2,26,0,0,29,2,31,0,6,47,4,57,36,0,36,93
06/27/2023,TCL,AL,ASO,ES,Federal Contract Tower,0,3,24,2,29,0,0,28,4,32,0,3,52,6,61,20,0,20,81
06/28/2023,TCL,AL,ASO,ES,Federal Contract Tower,0,6,22,4,32,0,0,40,10,50,0,6,62,14,82,22,0,22,104
06/29/2023,TCL,AL,ASO,ES,Federal Contract Tower,0,5,27,4,36,0,0,34,2,36,0,5,61,6,72,36,0,36,108
06/30/2023,TCL,AL,ASO,ES,Federal Contract Tower,0,4,31,4,39,0,4,25,2,31,0,8,56,6,70,16,0,16,86
07/01/2023,TCL,AL,ASO,ES,Federal Contract Tower,0,1,15,1,17,0,0,31,4,35,0,1,46,5,52,58,0,58,110
07/02/2023,TCL,AL,ASO,ES,Federal Contract Tower,0,0,11,0,11,0,2,15,0,17,0,2,26,0,28,0,0,0,28
07/03/2023,TCL,AL,ASO,ES,Federal Contract Tower,0,0,6,5,11,0,0,22,2,24,0,0,28,7,35,6,0,6,41
07/04/2023,TCL,AL,ASO,ES,Federal Contract Tower,0,8,7,0,15,0,2,19,0,21,0,10,26,0,36,0,0,0,36
07/05/2023,TCL,AL,ASO,ES,Federal Contract Tower,0,1,21,0,22,0,0,0,0,0,0,1,21,0,22,0,0,0,22
07/06/2023,TCL,AL,ASO,ES,Federal Contract Tower,0,7,25,6,38,0,0,17,4,21,0,7,42,10,59,22,4,26,85
07/07/2023,TCL,AL,ASO,ES,Federal Contract Tower,0,5,16,6,27,0,0,15,0,15,0,5,31,6,42,0,0,0,42
07/08/2023,TCL,AL,ASO,ES,Federal Contract Tower,0,0,11,0,11,0,0,11,0,11,0,0,22,0,22,28,0,28,50
07/09/2023,TCL,AL,ASO,ES,Federal Contract Tower,0,4,17,0,21,0,0,9,0,9,0,4,26,0,30,22,0,22,52
07/10/2023,TCL,AL,ASO,ES,Federal Contract Tower,1,4,21,31,57,0,4,22,4,30,1,8,43,35,87,22,42,64,151
07/11/2023,TCL,AL,ASO,ES,Federal Contract Tower,0,7,24,24,55,0,3,30,6,39,0,10,54,30,94,18,0,18,112
07/12/2023,TCL,AL,ASO,ES,Federal Contract Tower,0,2,30,6,38,0,3,35,0,38,0,5,65,6,76,24,0,24,100
07/13/2023,TCL,AL,ASO,ES,Federal Contract Tower,0,5,14,0,19,0,0,4,0,4,0,5,18,0,23,0,0,0,23
07/14/2023,TCL,AL,ASO,ES,Federal Contract Tower,0,1,15,0,16,0,0,9,0,9,0,1,24,0,25,6,0,6,31
07/15/2023,TCL,AL,ASO,ES,Federal Contract Tower,0,0,10,1,11,0,0,26,2,28,0,0,36,3,39,46,0,46,85
07/16/2023,TCL,AL,ASO,ES,Federal Contract Tower,0,2,12,7,21,0,0,25,5,30,0,2,37,12,51,14,0,14,65
07/17/2023,TCL,AL,ASO,ES,Federal Contract Tower,0,2,26,9,37,0,1,31,2,34,0,3,57,11,71,16,4,20,91
07/18/2023,TCL,AL,ASO,ES,Federal Contract Tower,0,5,27,6,38,0,0,24,0,24,0,5,51,6,62,28,0,28,90
07/19/2023,TCL,AL,ASO,ES,Federal Contract Tower,0,2,27,11,40,0,0,23,3,26,0,2,50,14,66,34,18,52,118
07/20/2023,TCL,AL,ASO,ES,Federal Contract Tower,0,0,11,0,11,0,0,7,0,7,0,0,18,0,18,0,0,0,18
07/21/2023,TCL,AL,ASO,ES,Federal Contract Tower,0,1,18,2,21,0,2,22,0,24,0,3,40,2,45,30,0,30,75
07/22/2023,TCL,AL,ASO,ES,Federal Contract Tower,0,1,19,0,20,0,0,5,0,5,0,1,24,0,25,6,0,6,31
07/23/2023,TCL,AL,ASO,ES,Federal Contract Tower,0,0,30,2,32,0,0,36,0,36,0,0,66,2,68,16,0,16,84
07/24/2023,TCL,AL,ASO,ES,Federal Contract Tower,0,3,6,16,25,0,2,63,6,71,0,5,69,22,96,50,14,64,160
07/25/2023,TCL,AL,ASO,ES,Federal Contract Tower,0,4,18,12,34,0,6,53,0,59,0,10,71,12,93,40,0,40,133
07/26/2023,TCL,AL,ASO,ES,Federal Contract Tower,0,6,24,16,46,0,4,48,8,60,0,10,72,24,106,36,2,38,144
07/27/2023,TCL,AL,ASO,ES,Federal Contract Tower,0,5,32,18,55,0,0,40,1,41,0,5,72,19,96,40,18,58,154
07/28/2023,TCL,AL,ASO,ES,Federal Contract Tower,0,8,28,9,45,0,0,24,7,31,0,8,52,16,76,18,12,30,106
07/29/2023,TCL,AL,ASO,ES,Federal Contract Tower,0,0,15,0,15,0,0,29,0,29,0,0,44,0,44,42,0,42,86
07/30/2023,TCL,AL,ASO,ES,Federal Contract Tower,0,2,27,2,31,0,0,33,0,33,0,2,60,2,64,18,0,18,82
07/31/2023,TCL,AL,ASO,ES,Federal Contract Tower,0,12,29,18,59,0,0,50,12,62,0,12,79,30,121,88,2,90,211
08/01/2023,TCL,AL,ASO,ES,Federal Contract Tower,0,8,24,4,36,0,1,35,4,40,0,9,59,8,76,30,0,30,106
08/02/2023,TCL,AL,ASO,ES,Federal Contract Tower,0,4,14,5,23,0,0,48,10,58,0,4,62,15,81,28,0,28,109
08/03/2023,TCL,AL,ASO,ES,Federal Contract Tower,1,2,16,12,31,0,2,28,0,30,1,4,44,12,61,38,0,38,99
08/04/2023,TCL,AL,ASO,ES,Federal Contract Tower,0,10,17,0,27,0,0,14,0,14,0,10,31,0,41,14,0,14,55
08/05/2023,TCL,AL,ASO,ES,Federal Contract Tower,0,5,18,3,26,0,0,27,0,27,0,5,45,3,53,38,0,38,91
08/06/2023,TCL,AL,ASO,ES,Federal Contract Tower,0,5,13,0,18,0,4,25,0,29,0,9,38,0,47,4,0,4,51
08/07/2023,TCL,AL,ASO,ES,Federal Contract Tower,0,2,26,10,38,0,0,33,3,36,0,2,59,13,74,48,10,58,132
08/08/2023,TCL,AL,ASO,ES,Federal Contract Tower,0,9,16,2,27,0,0,15,0,15,0,9,31,2,42,22,0,22,64
08/09/2023,TCL,AL,ASO,ES,Federal Contract Tower,1,4,21,27,53,0,2,22,4,28,1,6,43,31,81,26,38,64,145
08/10/2023,TCL,AL,ASO,ES,Federal Contract Tower,0,6,20,0,26,0,0,21,0,21,0,6,41,0,47,2,8,10,57
08/11/2023,TCL,AL,ASO,ES,Federal Contract Tower,0,5,31,4,40,0,0,31,20,51,0,5,62,24,91,22,8,30,121
08/12/2023,TCL,AL,ASO,ES,Federal Contract Tower,0,4,9,2,15,0,0,39,4,43,0,4,48,6,58,58,0,58,116
08/13/2023,TCL,AL,ASO,ES,Federal Contract Tower,0,5,15,4,24,0,4,32,0,36,0,9,47,4,60,0,0,0,60
08/14/2023,TCL,AL,ASO,ES,Federal Contract Tower,0,11,28,10,49,0,2,29,2,33,0,13,57,12,82,20,0,20,102
08/15/2023,TCL,AL,ASO,ES,Federal Contract Tower,0,9,20,5,34,0,1,32,6,39,0,10,52,11,73,36,0,36,109
08/16/2023,TCL,AL,ASO,ES,Federal Contract Tower,0,2,30,6,38,0,0,60,10,70,0,2,90,16,108,82,0,82,190
08/17/2023,TCL,AL,ASO,ES,Federal Contract Tower,0,5,22,4,31,0,2,42,16,60,0,7,64,20,91,64,0,64,155
08/18/2023,TCL,AL,ASO,ES,Federal Contract Tower,0,0,41,2,43,0,4,51,4,59,0,4,92,6,102,32,0,32,134
08/19/2023,TCL,AL,ASO,ES,Federal Contract Tower,0,0,19,0,19,0,0,37,4,41,0,0,56,4,60,30,0,30,90
08/20/2023,TCL,AL,ASO,ES,Federal Contract Tower,0,6,30,2,38,0,3,23,1,27,0,9,53,3,65,0,0,0,65
08/21/2023,TCL,AL,ASO,ES,Federal Contract Tower,0,3,20,18,41,0,0,14,2,16,0,3,34,20,57,40,4,44,101
08/22/2023,TCL,AL,ASO,ES,Federal Contract Tower,0,6,29,15,50,0,0,17,12,29,0,6,46,27,79,22,6,28,107
08/23/2023,TCL,AL,ASO,ES,Federal Contract Tower,0,3,28,0,31,0,0,17,1,18,0,3,45,1,49,4,0,4,53
08/24/2023,TCL,AL,ASO,ES,Federal Contract Tower,0,4,20,27,51,0,0,19,8,27,0,4,39,35,78,0,8,8,86
08/25/2023,TCL,AL,ASO,ES,Federal Contract Tower,0,3,23,3,29,0,0,22,1,23,0,3,45,4,52,44,0,44,96
08/26/2023,TCL,AL,ASO,ES,Federal Contract Tower,0,0,12,2,14,0,0,40,1,41,0,0,52,3,55,44,0,44,99
08/27/2023,TCL,AL,ASO,ES,Federal Contract Tower,0,2,22,0,24,0,0,23,0,23,0,2,45,0,47,18,0,18,65
08/28/2023,TCL,AL,ASO,ES,Federal Contract Tower,0,2,19,15,36,0,6,18,0,24,0,8,37,15,60,8,14,22,82
08/29/2023,TCL,AL,ASO,ES,Federal Contract Tower,0,2,35,10,47,0,0,16,0,16,0,2,51,10,63,10,10,20,83
08/30/2023,TCL,AL,ASO,ES,Federal Contract Tower,0,2,28,20,50,0,4,32,19,55,0,6,60,39,105,26,0,26,131
08/31/2023,TCL,AL,ASO,ES,Federal Contract Tower,0,6,29,19,54,0,1,51,4,56,0,7,80,23,110,38,0,38,148
01/01/2020,TCL,AL,ASO,ES,Federal Contract Tower,1,7,15,0,23,0,0,16,0,16,1,7,31,0,39,6,0,6,45
01/02/2020,TCL,AL,ASO,ES,Federal Contract Tower,4,6,12,0,22,0,0,0,0,0,4,6,12,0,22,0,0,0,22
01/03/2020,TCL,AL,ASO,ES,Federal Contract Tower,1,3,10,0,14,0,0,0,0,0,1,3,10,0,14,0,0,0,14
01/04/2020,TCL,AL,ASO,ES,Federal Contract Tower,1,3,7,0,11,0,0,13,4,17,1,3,20,4,28,4,16,20,48
01/05/2020,TCL,AL,ASO,ES,Federal Contract Tower,2,6,13,0,21,0,4,43,2,49,2,10,56,2,70,38,0,38,108
01/06/2020,TCL,AL,ASO,ES,Federal Contract Tower,0,9,24,20,53,0,0,39,10,49,0,9,63,30,102,48,20,68,170
01/07/2020,TCL,AL,ASO,ES,Federal Contract Tower,0,9,12,14,35,0,1,12,2,15,0,10,24,16,50,4,14,18,68
01/08/2020,TCL,AL,ASO,ES,Federal Contract Tower,1,9,14,32,56,0,0,29,2,31,1,9,43,34,87,34,58,92,179
01/09/2020,TCL,AL,ASO,ES,Federal Contract Tower,0,6,28,22,56,0,0,19,0,19,0,6,47,22,75,10,0,10,85
01/10/2020,TCL,AL,ASO,ES,Federal Contract Tower,2,5,11,6,24,0,0,6,4,10,2,5,17,10,34,2,10,12,46
01/11/2020,TCL,AL,ASO,ES,Federal Contract Tower,2,4,2,0,8,0,0,2,0,2,2,4,4,0,10,8,0,8,18
01/12/2020,TCL,AL,ASO,ES,Federal Contract Tower,0,2,7,0,9,0,0,24,2,26,0,2,31,2,35,36,0,36,71
01/13/2020,TCL,AL,ASO,ES,Federal Contract Tower,0,1,12,10,23,0,0,4,0,4,0,1,16,10,27,44,10,54,81
01/14/2020,TCL,AL,ASO,ES,Federal Contract Tower,0,12,15,8,35,0,0,1,0,1,0,12,16,8,36,0,0,0,36
01/15/2020,TCL,AL,ASO,ES,Federal Contract Tower,0,7,24,18,49,0,0,1,0,1,0,7,25,18,50,8,0,8,58
01/16/2020,TCL,AL,ASO,ES,Federal Contract Tower,2,8,16,25,51,0,0,11,8,19,2,8,27,33,70,22,30,52,122
01/17/2020,TCL,AL,ASO,ES,Federal Contract Tower,1,14,30,36,81,0,4,32,4,40,1,18,62,40,121,24,94,118,239
01/18/2020,TCL,AL,ASO,ES,Federal Contract Tower,2,5,4,3,14,0,0,2,0,2,2,5,6,3,16,0,0,0,16
01/19/2020,TCL,AL,ASO,ES,Federal Contract Tower,3,7,3,4,17,0,3,12,2,17,3,10,15,6,34,0,0,0,34
01/20/2020,TCL,AL,ASO,ES,Federal Contract Tower,0,3,13,2,18,0,1,25,6,32,0,4,38,8,50,20,10,30,80
01/21/2020,TCL,AL,ASO,ES,Federal Contract Tower,2,6,30,10,48,0,0,19,4,23,2,6,49,14,71,44,12,56,127
01/22/2020,TCL,AL,ASO,ES,Federal Contract Tower,2,3,19,26,50,0,4,25,14,43,2,7,44,40,93,18,16,34,127
01/23/2020,TCL,AL,ASO,ES,Federal Contract Tower,2,14,27,18,61,0,0,0,0,0,2,14,27,18,61,0,8,8,69
01/24/2020,TCL,AL,ASO,ES,Federal Contract Tower,0,6,19,38,63,0,2,16,0,18,0,8,35,38,81,20,100,120,201
01/25/2020,TCL,AL,ASO,ES,Federal Contract Tower,4,1,14,0,19,0,0,23,8,31,4,1,37,8,50,46,0,46,96
01/26/2020,TCL,AL,ASO,ES,Federal Contract Tower,1,3,17,8,29,0,4,12,4,20,1,7,29,12,49,0,14,14,63
01/27/2020,TCL,AL,ASO,ES,Federal Contract Tower,1,0,29,28,58,0,0,13,2,15,1,0,42,30,73,2,38,40,113
01/28/2020,TCL,AL,ASO,ES,Federal Contract Tower,1,1,26,8,36,0,0,48,1,49,1,1,74,9,85,12,38,50,135
01/29/2020,TCL,AL,ASO,ES,Federal Contract Tower,0,13,20,63,96,0,0,11,2,13,0,13,31,65,109,6,22,28,137
01/30/2020,TCL,AL,ASO,ES,Federal Contract Tower,2,8,39,32,81,0,0,47,6,53,2,8,86,38,134,50,84,134,268
01/31/2020,TCL,AL,ASO,ES,Federal Contract Tower,2,10,20,33,65,0,0,11,2,13,2,10,31,35,78,18,146,164,242
02/01/2020,TCL,AL,ASO,ES,Federal Contract Tower,3,4,14,0,21,0,0,9,4,13,3,4,23,4,34,0,0,0,34
02/02/2020,TCL,AL,ASO,ES,Federal Contract Tower,1,3,13,1,18,0,2,58,9,69,1,5,71,10,87,68,34,102,189
02/03/2020,TCL,AL,ASO,ES,Federal Contract Tower,1,3,37,19,60,0,4,26,10,40,1,7,63,29,100,16,22,38,138
02/04/2020,TCL,AL,ASO,ES,Federal Contract Tower,0,6,25,6,37,0,1,2,0,3,0,7,27,6,40,0,0,0,40
02/05/2020,TCL,AL,ASO,ES,Federal Contract Tower,2,3,12,0,17,0,0,0,0,0,2,3,12,0,17,0,0,0,17
02/06/2020,TCL,AL,ASO,ES,Federal Contract Tower,0,8,20,0,28,0,0,0,0,0,0,8,20,0,28,0,0,0,28
02/07/2020,TCL,AL,ASO,ES,Federal Contract Tower,2,6,41,8,57,0,2,32,40,74,2,8,73,48,131,26,0,26,157
02/08/2020,TCL,AL,ASO,ES,Federal Contract Tower,0,0,7,4,11,0,0,57,1,58,0,0,64,5,69,126,30,156,225
02/09/2020,TCL,AL,ASO,ES,Federal Contract Tower,1,0,23,8,32,0,0,37,9,46,1,0,60,17,78,30,0,30,108
02/10/2020,TCL,AL,ASO,ES,Federal Contract Tower,0,0,7,0,7,0,0,0,0,0,0,0,7,0,7,0,0,0,7
02/11/2020,TCL,AL,ASO,ES,Federal Contract Tower,0,0,13,9,22,0,0,0,16,16,0,0,13,25,38,0,2,2,40
02/12/2020,TCL,AL,ASO,ES,Federal Contract Tower,0,7,12,0,19,0,0,0,1,1,0,7,12,1,20,0,0,0,20
02/13/2020,TCL,AL,ASO,ES,Federal Contract Tower,0,6,25,26,57,0,0,3,4,7,0,6,28,30,64,2,12,14,78
02/14/2020,TCL,AL,ASO,ES,Federal Contract Tower,2,5,29,26,62,0,0,33,7,40,2,5,62,33,102,28,20,48,150
02/15/2020,TCL,AL,ASO,ES,Federal Contract Tower,5,5,12,0,22,0,0,50,4,54,5,5,62,4,76,50,8,58,134
02/16/2020,TCL,AL,ASO,ES,Federal Contract Tower,0,5,10,6,21,0,0,15,2,17,0,5,25,8,38,14,0,14,52
02/17/2020,TCL,AL,ASO,ES,Federal Contract Tower,0,2,8,4,14,0,0,4,0,4,0,2,12,4,18,6,0,6,24
02/18/2020,TCL,AL,ASO,ES,Federal Contract Tower,1,3,19,0,23,0,0,0,0,0,1,3,19,0,23,0,0,0,23
02/19/2020,TCL,AL,ASO,ES,Federal Contract Tower,0,12,20,20,52,0,2,0,0,2,0,14,20,20,54,2,0,2,56
02/20/2020,TCL,AL,ASO,ES,Federal Contract Tower,1,18,14,0,33,0,0,2,0,2,1,18,16,0,35,0,0,0,35
02/21/2020,TCL,AL,ASO,ES,Federal Contract Tower,0,1,21,10,32,0,0,24,8,32,0,1,45,18,64,10,24,34,98
02/22/2020,TCL,AL,ASO,ES,Federal Contract Tower,0,2,20,0,22,0,0,44,8,52,0,2,64,8,74,88,0,88,162
02/23/2020,TCL,AL,ASO,ES,Federal Contract Tower,0,5,14,9,28,0,0,32,5,37,0,5,46,14,65,42,0,42,107
02/24/2020,TCL,AL,ASO,ES,Federal Contract Tower,0,5,16,18,39,0,0,0,0,0,0,5,16,18,39,0,54,54,93
02/25/2020,TCL,AL,ASO,ES,Federal Contract Tower,0,7,22,26,55,0,2,20,0,22,0,9,42,26,77,30,42,72,149
02/26/2020,TCL,AL,ASO,ES,Federal Contract Tower,2,5,20,10,37,0,0,2,0,2,2,5,22,10,39,0,26,26,65
02/27/2020,TCL,AL,ASO,ES,Federal Contract Tower,2,8,34,26,70,0,0,32,6,38,2,8,66,32,108,22,38,60,168
02/28/2020,TCL,AL,ASO,ES,Federal Contract Tower,1,11,42,14,68,0,0,16,2,18,1,11,58,16,86,21,36,57,143
02/29/2020,TCL,AL,ASO,ES,Federal Contract Tower,4,7,10,0,21,0,0,55,2,57,4,7,65,2,78,74,0,74,152
03/01/2020,TCL,AL,ASO,ES,Federal Contract Tower,3,7,19,0,29,0,2,38,0,40,3,9,57,0,69,36,0,36,105
03/02/2020,TCL,AL,ASO,ES,Federal Contract Tower,3,1,19,8,31,0,0,3,0,3,3,1,22,8,34,26,16,42,76
03/03/2020,TCL,AL,ASO,ES,Federal Contract Tower,0,5,9,3,17,0,3,8,1,12,0,8,17,4,29,2,0,2,31
03/04/2020,TCL,AL,ASO,ES,Federal Contract Tower,4,3,14,0,21,0,0,0,0,0,4,3,14,0,21,0,0,0,21
03/05/2020,TCL,AL,ASO,ES,Federal Contract Tower,0,6,30,0,36,0,0,6,0,6,0,6,36,0,42,14,0,14,56
03/06/2020,TCL,AL,ASO,ES,Federal Contract Tower,2,4,27,27,60,0,0,36,28,64,2,4,63,55,124,30,4,34,158
03/07/2020,TCL,AL,ASO,ES,Federal Contract Tower,2,1,12,0,15,0,0,73,3,76,2,1,85,3,91,90,0,90,181
03/08/2020,TCL,AL,ASO,ES,Federal Contract Tower,0,3,17,9,29,0,2,40,10,52,0,5,57,19,81,42,0,42,123
03/09/2020,TCL,AL,ASO,ES,Federal Contract Tower,0,6,19,8,33,0,2,30,6,38,0,8,49,14,71,34,0,34,105
03/10/2020,TCL,AL,ASO,ES,Federal Contract Tower,0,5,18,6,29,0,0,6,0,6,0,5,24,6,35,8,6,14,49
03/11/2020,TCL,AL,ASO,ES,Federal Contract Tower,0,7,16,6,29,0,0,4,0,4,0,7,20,6,33,16,0,16,49
03/12/2020,TCL,AL,ASO,ES,Federal Contract Tower,0,7,14,19,40,0,0,11,13,24,0,7,25,32,64,54,86,140,204
03/13/2020,TCL,AL,ASO,ES,Federal Contract Tower,0,7,29,16,52,0,0,19,2,21,0,7,48,18,73,14,14,28,101
03/14/2020,TCL,AL,ASO,ES,Federal Contract Tower,0,7,22,17,46,0,0,26,10,36,0,7,48,27,82,44,50,94,176
03/15/2020,TCL,AL,ASO,ES,Federal Contract Tower,0,3,10,4,17,0,0,4,6,10,0,3,14,10,27,0,0,0,27
03/16/2020,TCL,AL,ASO,ES,Federal Contract Tower,0,9,11,46,66,0,2,18,0,20,0,11,29,46,86,20,106,126,212
03/17/2020,TCL,AL,ASO,ES,Federal Contract Tower,0,0,8,26,34,0,0,6,2,8,0,0,14,28,42,18,18,36,78
03/18/2020,TCL,AL,ASO,ES,Federal Contract Tower,0,3,5,40,48,0,0,13,6,19,0,3,18,46,67,12,122,134,201
03/19/2020,TCL,AL,ASO,ES,Federal Contract Tower,0,5,11,21,37,0,2,7,0,9,0,7,18,21,46,0,38,38,84
03/20/2020,TCL,AL,ASO,ES,Federal Contract Tower,0,5,5,24,34,0,0,5,0,5,0,5,10,24,39,4,66,70,109
03/21/2020,TCL,AL,ASO,ES,Federal Contract Tower,0,3,9,0,12,0,0,7,0,7,0,3,16,0,19,0,0,0,19
03/22/2020,TCL,AL,ASO,ES,Federal Contract Tower,0,0,5,0,5,0,0,10,0,10,0,0,15,0,15,8,0,8,23
03/23/2020,TCL,AL,ASO,ES,Federal Contract Tower,0,0,0,12,12,0,0,0,0,0,0,0,0,12,12,2,6,8,20
03/24/2020,TCL,AL,ASO,ES,Federal Contract Tower,0,0,2,8,10,0,2,5,0,7,0,2,7,8,17,8,0,8,25
03/25/2020,TCL,AL,ASO,ES,Federal Contract Tower,0,4,2,6,12,0,0,28,2,30,0,4,30,8,42,84,0,84,126
03/26/2020,TCL,AL,ASO,ES,Federal Contract Tower,0,7,10,6,23,0,1,36,0,37,0,8,46,6,60,56,18,74,134
03/27/2020,TCL,AL,ASO,ES,Federal Contract Tower,0,0,3,4,7,0,0,29,10,39,0,0,32,14,46,30,10,40,86
03/28/2020,TCL,AL,ASO,ES,Federal Contract Tower,0,0,2,8,10,0,0,8,6,14,0,0,10,14,24,4,10,14,38
03/29/2020,TCL,AL,ASO,ES,Federal Contract Tower,0,0,10,0,10,0,0,15,2,17,0,0,25,2,27,12,0,12,39
03/30/2020,TCL,AL,ASO,ES,Federal Contract Tower,0,1,7,10,18,0,2,11,20,33,0,3,18,30,51,18,14,32,83
03/31/2020,TCL,AL,ASO,ES,Federal Contract Tower,0,0,2,12,14,0,2,3,0,5,0,2,5,12,19,6,20,26,45
04/01/2020,TCL,AL,ASO,ES,Federal Contract Tower,0,2,3,10,15,0,0,127,14,141,0,2,130,24,156,24,0,24,180
04/02/2020,TCL,AL,ASO,ES,Federal Contract Tower,0,0,9,2,11,0,2,67,2,71,0,2,76,4,82,36,0,36,118
04/03/2020,TCL,AL,ASO,ES,Federal Contract Tower,0,0,5,2,7,0,4,24,16,44,0,4,29,18,51,32,0,32,83
04/04/2020,TCL,AL,ASO,ES,Federal Contract Tower,0,0,2,6,8,0,2,22,2,26,0,2,24,8,34,18,6,24,58
04/05/2020,TCL,AL,ASO,ES,Federal Contract Tower,0,0,6,0,6,0,2,13,0,15,0,2,19,0,21,0,0,0,21
04/06/2020,TCL,AL,ASO,ES,Federal Contract Tower,0,0,3,10,13,0,2,14,10,26,0,2,17,20,39,26,0,26,65
04/07/2020,TCL,AL,ASO,ES,Federal Contract Tower,0,0,3,4,7,0,0,2,0,2,0,0,5,4,9,10,0,10,19
04/08/2020,TCL,AL,ASO,ES,Federal Contract Tower,0,0,9,4,13,0,1,8,0,9,0,1,17,4,22,4,0,4,26
04/09/2020,TCL,AL,ASO,ES,Federal Contract Tower,0,0,5,4,9,0,0,21,0,21,0,0,26,4,30,22,14,36,66
04/10/2020,TCL,AL,ASO,ES,Federal Contract Tower,0,1,3,6,10,0,2,25,2,29,0,3,28,8,39,59,12,71,110
04/11/2020,TCL,AL,ASO,ES,Federal Contract Tower,1,1,3,8,13,0,0,23,4,27,1,1,26,12,40,2,10,12,52
04/12/2020,TCL,AL,ASO,ES,Federal Contract Tower,0,1,1,0,2,0,0,0,0,0,0,1,1,0,2,2,0,2,4
04/13/2020,TCL,AL,ASO,ES,Federal Contract Tower,0,1,2,6,9,0,0,13,0,13,0,1,15,6,22,6,2,8,30
04/14/2020,TCL,AL,ASO,ES,Federal Contract Tower,0,0,2,16,18,0,0,30,0,30,0,0,32,16,48,22,0,22,70
04/15/2020,TCL,AL,ASO,ES,Federal Contract Tower,0,0,7,12,19,0,0,22,2,24,0,0,29,14,43,44,0,44,87
04/16/2020,TCL,AL,ASO,ES,Federal Contract Tower,0,2,5,4,11,0,0,38,0,38,0,2,43,4,49,56,0,56,105
04/17/2020,TCL,AL,ASO,ES,Federal Contract Tower,0,1,1,10,12,0,0,25,4,29,0,1,26,14,41,16,2,18,59
04/18/2020,TCL,AL,ASO,ES,Federal Contract Tower,0,2,2,8,12,0,8,22,0,30,0,10,24,8,42,8,2,10,52
04/19/2020,TCL,AL,ASO,ES,Federal Contract Tower,0,0,0,0,0,0,0,0,0,0,0,0,0,0,0,0,0,0,0
04/20/2020,TCL,AL,ASO,ES,Federal Contract Tower,0,0,8,10,18,0,0,16,0,16,0,0,24,10,34,54,8,62,96
04/21/2020,TCL,AL,ASO,ES,Federal Contract Tower,0,0,0,14,14,0,3,32,0,35,0,3,32,14,49,54,32,86,135
04/22/2020,TCL,AL,ASO,ES,Federal Contract Tower,0,0,4,6,10,0,0,19,0,19,0,0,23,6,29,56,0,56,85
04/23/2020,TCL,AL,ASO,ES,Federal Contract Tower,0,0,4,6,10,0,0,5,0,5,0,0,9,6,15,4,16,20,35
04/24/2020,TCL,AL,ASO,ES,Federal Contract Tower,0,0,10,8,18,0,0,22,6,28,0,0,32,14,46,36,0,36,82
04/25/2020,TCL,AL,ASO,ES,Federal Contract Tower,0,0,2,18,20,0,0,14,2,16,0,0,16,20,36,2,120,122,158
04/26/2020,TCL,AL,ASO,ES,Federal Contract Tower,0,2,3,0,5,0,0,4,0,4,0,2,7,0,9,2,0,2,11
04/27/2020,TCL,AL,ASO,ES,Federal Contract Tower,0,1,7,13,21,0,0,22,3,25,0,1,29,16,46,18,0,18,64
04/28/2020,TCL,AL,ASO,ES,Federal Contract Tower,0,0,8,14,22,0,4,36,6,46,0,4,44,20,68,36,8,44,112
04/29/2020,TCL,AL,ASO,ES,Federal Contract Tower,0,0,0,2,2,0,2,0,2,4,0,2,0,4,6,32,4,36,42
04/30/2020,TCL,AL,ASO,ES,Federal Contract Tower,0,0,14,8,22,0,2,19,2,23,0,2,33,10,45,12,0,12,57
05/01/2020,TCL,AL,ASO,ES,Federal Contract Tower,0,3,8,8,19,0,1,33,2,36,0,4,41,10,55,44,0,44,99
05/02/2020,TCL,AL,ASO,ES,Federal Contract Tower,0,2,3,6,11,0,0,26,2,28,0,2,29,8,39,58,4,62,101
05/03/2020,TCL,AL,ASO,ES,Federal Contract Tower,0,2,6,0,8,0,2,44,0,46,0,4,50,0,54,48,0,48,102
05/04/2020,TCL,AL,ASO,ES,Federal Contract Tower,0,0,9,10,19,0,2,26,0,28,0,2,35,10,47,54,0,54,101
05/05/2020,TCL,AL,ASO,ES,Federal Contract Tower,0,0,20,6,26,0,0,13,4,17,0,0,33,10,43,36,0,36,79
05/06/2020,TCL,AL,ASO,ES,Federal Contract Tower,0,0,7,0,7,0,0,6,2,8,0,0,13,2,15,12,0,12,27
05/07/2020,TCL,AL,ASO,ES,Federal Contract Tower,0,0,17,7,24,0,0,42,3,45,0,0,59,10,69,54,0,54,123
05/08/2020,TCL,AL,ASO,ES,Federal Contract Tower,0,0,9,0,9,0,0,1,0,1,0,0,10,0,10,4,0,4,14
05/09/2020,TCL,AL,ASO,ES,Federal Contract Tower,0,4,3,4,11,0,0,21,7,28,0,4,24,11,39,46,16,62,101
05/10/2020,TCL,AL,ASO,ES,Federal Contract Tower,0,0,7,0,7,0,2,24,0,26,0,2,31,0,33,12,0,12,45
05/11/2020,TCL,AL,ASO,ES,Federal Contract Tower,0,0,8,8,16,0,2,27,0,29,0,2,35,8,45,46,0,46,91
05/12/2020,TCL,AL,ASO,ES,Federal Contract Tower,0,3,10,19,32,0,6,30,6,42,0,9,40,25,74,96,10,106,180
05/13/2020,TCL,AL,ASO,ES,Federal Contract Tower,0,2,9,11,22,0,0,26,0,26,0,2,35,11,48,86,24,110,158
05/14/2020,TCL,AL,ASO,ES,Federal Contract Tower,0,4,13,38,55,0,0,29,6,35,0,4,42,44,90,30,6,36,126
05/15/2020,TCL,AL,ASO,ES,Federal Contract Tower,0,0,12,21,33,0,0,21,5,26,0,0,33,26,59,36,28,64,123
05/16/2020,TCL,AL,ASO,ES,Federal Contract Tower,0,4,5,5,14,0,0,27,3,30,0,4,32,8,44,60,0,60,104
05/17/2020,TCL,AL,ASO,ES,Federal Contract Tower,0,2,9,0,11,0,0,6,0,6,0,2,15,0,17,14,0,14,31
05/18/2020,TCL,AL,ASO,ES,Federal Contract Tower,0,2,27,0,29,0,0,9,0,9,0,2,36,0,38,12,0,12,50
05/19/2020,TCL,AL,ASO,ES,Federal Contract Tower,0,2,10,22,34,0,2,21,2,25,0,4,31,24,59,6,16,22,81
05/20/2020,TCL,AL,ASO,ES,Federal Contract Tower,0,4,20,16,40,0,0,24,6,30,0,4,44,22,70,26,28,54,124
05/21/2020,TCL,AL,ASO,ES,Federal Contract Tower,0,1,32,4,37,0,0,20,0,20,0,1,52,4,57,76,6,82,139
05/22/2020,TCL,AL,ASO,ES,Federal Contract Tower,0,3,14,2,19,0,2,20,0,22,0,5,34,2,41,26,0,26,67
05/23/2020,TCL,AL,ASO,ES,Federal Contract Tower,0,0,13,0,13,0,0,10,0,10,0,0,23,0,23,38,0,38,61
05/24/2020,TCL,AL,ASO,ES,Federal Contract Tower,0,1,4,4,9,0,0,12,0,12,0,1,16,4,21,4,0,4,25
05/25/2020,TCL,AL,ASO,ES,Federal Contract Tower,0,5,15,0,20,0,0,21,0,21,0,5,36,0,41,0,0,0,41
05/26/2020,TCL,AL,ASO,ES,Federal Contract Tower,0,7,12,0,19,0,0,2,0,2,0,7,14,0,21,0,0,0,21
05/27/2020,TCL,AL,ASO,ES,Federal Contract Tower,0,3,11,2,16,0,0,0,0,0,0,3,11,2,16,50,0,50,66
05/28/2020,TCL,AL,ASO,ES,Federal Contract Tower,0,3,17,2,22,0,0,32,2,34,0,3,49,4,56,26,8,34,90
05/29/2020,TCL,AL,ASO,ES,Federal Contract Tower,0,10,6,12,28,0,0,18,0,18,0,10,24,12,46,23,0,23,69
05/30/2020,TCL,AL,ASO,ES,Federal Contract Tower,0,4,8,0,12,0,0,62,0,62,0,4,70,0,74,187,2,189,263
05/31/2020,TCL,AL,ASO,ES,Federal Contract Tower,0,0,16,0,16,0,0,48,0,48,0,0,64,0,64,42,0,42,106
06/01/2020,TCL,AL,ASO,ES,Federal Contract Tower,0,8,21,12,41,0,0,29,14,43,0,8,50,26,84,108,0,108,192
06/02/2020,TCL,AL,ASO,ES,Federal Contract Tower,0,6,12,18,36,0,0,12,2,14,0,6,24,20,50,26,18,44,94
06/03/2020,TCL,AL,ASO,ES,Federal Contract Tower,0,10,8,2,20,0,0,18,2,20,0,10,26,4,40,26,2,28,68
06/04/2020,TCL,AL,ASO,ES,Federal Contract Tower,0,9,11,5,25,0,0,17,0,17,0,9,28,5,42,8,0,8,50
06/05/2020,TCL,AL,ASO,ES,Federal Contract Tower,0,2,20,8,30,0,0,19,6,25,0,2,39,14,55,54,0,54,109
06/06/2020,TCL,AL,ASO,ES,Federal Contract Tower,0,5,16,0,21,0,0,26,0,26,0,5,42,0,47,164,0,164,211
06/07/2020,TCL,AL,ASO,ES,Federal Contract Tower,0,0,9,0,9,0,0,19,2,21,0,0,28,2,30,34,8,42,72
06/08/2020,TCL,AL,ASO,ES,Federal Contract Tower,0,1,8,0,9,0,0,0,0,0,0,1,8,0,9,0,0,0,9
06/09/2020,TCL,AL,ASO,ES,Federal Contract Tower,0,5,11,6,22,0,2,3,0,5,0,7,14,6,27,0,0,0,27
06/10/2020,TCL,AL,ASO,ES,Federal Contract Tower,0,6,20,10,36,0,0,4,4,8,0,6,24,14,44,30,8,38,82
06/11/2020,TCL,AL,ASO,ES,Federal Contract Tower,0,8,29,6,43,0,0,26,4,30,0,8,55,10,73,8,2,10,83
06/12/2020,TCL,AL,ASO,ES,Federal Contract Tower,0,3,26,0,29,0,0,36,6,42,0,3,62,6,71,18,2,20,91
06/13/2020,TCL,AL,ASO,ES,Federal Contract Tower,0,6,6,0,12,0,2,54,0,56,0,8,60,0,68,20,0,20,88
06/14/2020,TCL,AL,ASO,ES,Federal Contract Tower,0,3,16,3,22,0,9,29,3,41,0,12,45,6,63,36,10,46,109
06/15/2020,TCL,AL,ASO,ES,Federal Contract Tower,0,4,24,10,38,0,4,24,2,30,0,8,48,12,68,42,12,54,122
06/16/2020,TCL,AL,ASO,ES,Federal Contract Tower,0,5,15,12,32,0,2,25,2,29,0,7,40,14,61,52,4,56,117
06/17/2020,TCL,AL,ASO,ES,Federal Contract Tower,0,8,20,6,34,0,0,28,0,28,0,8,48,6,62,66,22,88,150
06/18/2020,TCL,AL,ASO,ES,Federal Contract Tower,0,10,10,6,26,0,0,24,12,36,0,10,34,18,62,78,10,88,150
06/19/2020,TCL,AL,ASO,ES,Federal Contract Tower,0,10,22,2,34,0,0,34,4,38,0,10,56,6,72,76,4,80,152
06/20/2020,TCL,AL,ASO,ES,Federal Contract Tower,0,4,13,0,17,0,0,47,0,47,0,4,60,0,64,96,0,96,160
06/21/2020,TCL,AL,ASO,ES,Federal Contract Tower,0,2,9,0,11,0,0,19,0,19,0,2,28,0,30,28,0,28,58
06/22/2020,TCL,AL,ASO,ES,Federal Contract Tower,0,6,13,6,25,0,2,18,2,22,0,8,31,8,47,26,0,26,73
06/23/2020,TCL,AL,ASO,ES,Federal Contract Tower,0,7,7,11,25,0,0,4,1,5,0,7,11,12,30,26,0,26,56
06/24/2020,TCL,AL,ASO,ES,Federal Contract Tower,0,13,8,6,27,0,0,4,0,4,0,13,12,6,31,16,0,16,47
06/25/2020,TCL,AL,ASO,ES,Federal Contract Tower,0,6,18,10,34,0,0,9,0,9,0,6,27,10,43,10,0,10,53
06/26/2020,TCL,AL,ASO,ES,Federal Contract Tower,0,8,10,6,24,0,0,18,4,22,0,8,28,10,46,104,0,104,150
06/27/2020,TCL,AL,ASO,ES,Federal Contract Tower,0,2,10,0,12,0,2,16,0,18,0,4,26,0,30,72,0,72,102
06/28/2020,TCL,AL,ASO,ES,Federal Contract Tower,0,1,3,0,4,0,0,13,2,15,0,1,16,2,19,34,16,50,69
06/29/2020,TCL,AL,ASO,ES,Federal Contract Tower,0,4,22,18,44,0,2,27,2,31,0,6,49,20,75,72,36,108,183
06/30/2020,TCL,AL,ASO,ES,Federal Contract Tower,0,5,20,8,33,0,0,25,4,29,0,5,45,12,62,62,0,62,124
07/01/2020,TCL,AL,ASO,ES,Federal Contract Tower,0,3,10,4,17,0,0,12,0,12,0,3,22,4,29,24,28,52,81
07/02/2020,TCL,AL,ASO,ES,Federal Contract Tower,0,5,19,6,30,0,2,9,2,13,0,7,28,8,43,2,0,2,45
07/03/2020,TCL,AL,ASO,ES,Federal Contract Tower,0,0,16,0,16,0,0,42,0,42,0,0,58,0,58,74,0,74,132
07/04/2020,TCL,AL,ASO,ES,Federal Contract Tower,0,0,3,0,3,0,0,16,0,16,0,0,19,0,19,44,0,44,63
07/05/2020,TCL,AL,ASO,ES,Federal Contract Tower,0,2,8,0,10,0,0,14,0,14,0,2,22,0,24,20,0,20,44
07/06/2020,TCL,AL,ASO,ES,Federal Contract Tower,0,4,17,6,27,0,0,13,0,13,0,4,30,6,40,30,0,30,70
07/07/2020,TCL,AL,ASO,ES,Federal Contract Tower,0,8,7,14,29,0,0,2,0,2,0,8,9,14,31,14,30,44,75
07/08/2020,TCL,AL,ASO,ES,Federal Contract Tower,0,2,10,6,18,0,0,0,2,2,0,2,10,8,20,4,0,4,24
07/09/2020,TCL,AL,ASO,ES,Federal Contract Tower,0,7,11,11,29,0,0,7,1,8,0,7,18,12,37,34,38,72,109
07/10/2020,TCL,AL,ASO,ES,Federal Contract Tower,0,7,23,3,33,0,2,24,6,32,0,9,47,9,65,96,8,104,169
07/11/2020,TCL,AL,ASO,ES,Federal Contract Tower,0,3,5,2,10,0,3,35,14,52,0,6,40,16,62,48,14,62,124
07/12/2020,TCL,AL,ASO,ES,Federal Contract Tower,0,7,15,0,22,0,0,8,0,8,0,7,23,0,30,12,0,12,42
07/13/2020,TCL,AL,ASO,ES,Federal Contract Tower,0,2,16,4,22,0,0,20,0,20,0,2,36,4,42,50,0,50,92
07/14/2020,TCL,AL,ASO,ES,Federal Contract Tower,0,6,12,10,28,0,5,42,16,63,0,11,54,26,91,112,38,150,241
07/15/2020,TCL,AL,ASO,ES,Federal Contract Tower,0,6,19,10,35,0,1,33,5,39,0,7,52,15,74,62,30,92,166
07/16/2020,TCL,AL,ASO,ES,Federal Contract Tower,2,12,23,6,43,0,0,15,0,15,2,12,38,6,58,16,30,46,104
07/17/2020,TCL,AL,ASO,ES,Federal Contract Tower,0,9,22,5,36,0,0,41,3,44,0,9,63,8,80,56,12,68,148
07/18/2020,TCL,AL,ASO,ES,Federal Contract Tower,0,6,7,0,13,0,0,20,0,20,0,6,27,0,33,28,0,28,61
07/19/2020,TCL,AL,ASO,ES,Federal Contract Tower,0,3,15,4,22,0,2,20,4,26,0,5,35,8,48,60,4,64,112
07/20/2020,TCL,AL,ASO,ES,Federal Contract Tower,0,1,11,10,22,0,0,20,9,29,0,1,31,19,51,30,36,66,117
07/21/2020,TCL,AL,ASO,ES,Federal Contract Tower,0,4,9,4,17,0,0,8,0,8,0,4,17,4,25,8,2,10,35
07/22/2020,TCL,AL,ASO,ES,Federal Contract Tower,0,12,19,10,41,0,0,22,0,22,0,12,41,10,63,36,2,38,101
07/23/2020,TCL,AL,ASO,ES,Federal Contract Tower,0,15,22,18,55,0,0,21,8,29,0,15,43,26,84,32,28,60,144
07/24/2020,TCL,AL,ASO,ES,Federal Contract Tower,1,12,7,22,42,0,0,9,0,9,1,12,16,22,51,66,30,96,147
07/25/2020,TCL,AL,ASO,ES,Federal Contract Tower,0,5,6,0,11,0,0,31,2,33,0,5,37,2,44,58,12,70,114
07/26/2020,TCL,AL,ASO,ES,Federal Contract Tower,0,0,7,0,7,0,0,23,4,27,0,0,30,4,34,20,0,20,54
07/27/2020,TCL,AL,ASO,ES,Federal Contract Tower,0,5,12,4,21,0,0,38,0,38,0,5,50,4,59,68,12,80,139
07/28/2020,TCL,AL,ASO,ES,Federal Contract Tower,1,6,18,18,43,0,2,10,0,12,1,8,28,18,55,32,62,94,149
07/29/2020,TCL,AL,ASO,ES,Federal Contract Tower,0,4,17,6,27,0,0,8,0,8,0,4,25,6,35,12,20,32,67
07/30/2020,TCL,AL,ASO,ES,Federal Contract Tower,0,3,16,13,32,0,0,13,1,14,0,3,29,14,46,8,22,30,76
07/31/2020,TCL,AL,ASO,ES,Federal Contract Tower,0,12,18,14,44,0,0,22,2,24,0,12,40,16,68,66,16,82,150
08/01/2020,TCL,AL,ASO,ES,Federal Contract Tower,0,4,14,2,20,0,0,25,0,25,0,4,39,2,45,82,0,82,127
08/02/2020,TCL,AL,ASO,ES,Federal Contract Tower,0,1,21,4,26,0,2,30,2,34,0,3,51,6,60,58,0,58,118
08/03/2020,TCL,AL,ASO,ES,Federal Contract Tower,0,4,12,18,34,0,0,26,4,30,0,4,38,22,64,26,10,36,100
08/04/2020,TCL,AL,ASO,ES,Federal Contract Tower,0,10,10,8,28,0,0,26,16,42,0,10,36,24,70,78,38,116,186
08/05/2020,TCL,AL,ASO,ES,Federal Contract Tower,0,12,8,19,39,0,0,39,12,51,0,12,47,31,90,50,10,60,150
08/06/2020,TCL,AL,ASO,ES,Federal Contract Tower,2,16,27,28,73,0,4,32,0,36,2,20,59,28,109,50,28,78,187
08/07/2020,TCL,AL,ASO,ES,Federal Contract Tower,0,20,8,16,44,0,0,22,6,28,0,20,30,22,72,80,6,86,158
08/08/2020,TCL,AL,ASO,ES,Federal Contract Tower,0,6,7,0,13,0,0,44,0,44,0,6,51,0,57,52,0,52,109
08/09/2020,TCL,AL,ASO,ES,Federal Contract Tower,0,2,21,0,23,0,0,36,0,36,0,2,57,0,59,32,0,32,91
08/10/2020,TCL,AL,ASO,ES,Federal Contract Tower,2,3,19,13,37,0,0,21,2,23,2,3,40,15,60,38,22,60,120
08/11/2020,TCL,AL,ASO,ES,Federal Contract Tower,0,8,14,23,45,0,2,17,10,29,0,10,31,33,74,44,2,46,120
08/12/2020,TCL,AL,ASO,ES,Federal Contract Tower,0,5,26,24,55,0,0,29,4,33,0,5,55,28,88,54,52,106,194
08/13/2020,TCL,AL,ASO,ES,Federal Contract Tower,0,14,10,12,36,0,0,16,2,18,0,14,26,14,54,18,4,22,76
08/14/2020,TCL,AL,ASO,ES,Federal Contract Tower,0,19,28,4,51,0,2,15,0,17,0,21,43,4,68,30,0,30,98
08/15/2020,TCL,AL,ASO,ES,Federal Contract Tower,0,7,8,2,17,0,2,9,0,11,0,9,17,2,28,10,0,10,38
08/16/2020,TCL,AL,ASO,ES,Federal Contract Tower,1,12,31,0,44,0,2,37,0,39,1,14,68,0,83,46,2,48,131
08/17/2020,TCL,AL,ASO,ES,Federal Contract Tower,0,15,18,22,55,0,2,22,12,36,0,17,40,34,91,40,70,110,201
08/18/2020,TCL,AL,ASO,ES,Federal Contract Tower,0,5,17,2,24,0,5,37,8,50,0,10,54,10,74,26,6,32,106
08/19/2020,TCL,AL,ASO,ES,Federal Contract Tower,0,14,24,20,58,0,6,22,10,38,0,20,46,30,96,102,36,138,234
08/20/2020,TCL,AL,ASO,ES,Federal Contract Tower,0,14,32,12,58,0,0,27,4,31,0,14,59,16,89,50,6,56,145
08/21/2020,TCL,AL,ASO,ES,Federal Contract Tower,0,11,21,12,44,0,0,7,2,9,0,11,28,14,53,34,0,34,87
08/22/2020,TCL,AL,ASO,ES,Federal Contract Tower,0,1,8,2,11,0,0,29,0,29,0,1,37,2,40,24,0,24,64
08/23/2020,TCL,AL,ASO,ES,Federal Contract Tower,0,0,15,0,15,0,4,29,0,33,0,4,44,0,48,18,0,18,66
08/24/2020,TCL,AL,ASO,ES,Federal Contract Tower,0,3,11,18,32,0,2,8,14,24,0,5,19,32,56,84,0,84,140
08/25/2020,TCL,AL,ASO,ES,Federal Contract Tower,0,3,2,4,9,0,0,2,0,2,0,3,4,4,11,0,0,0,11
08/26/2020,TCL,AL,ASO,ES,Federal Contract Tower,0,11,19,36,66,0,2,13,8,23,0,13,32,44,89,24,14,38,127
08/27/2020,TCL,AL,ASO,ES,Federal Contract Tower,0,5,20,18,43,0,0,1,4,5,0,5,21,22,48,2,12,14,62
08/28/2020,TCL,AL,ASO,ES,Federal Contract Tower,0,8,18,0,26,0,0,2,0,2,0,8,20,0,28,2,0,2,30
08/29/2020,TCL,AL,ASO,ES,Federal Contract Tower,0,0,7,0,7,0,0,11,0,11,0,0,18,0,18,14,0,14,32
08/30/2020,TCL,AL,ASO,ES,Federal Contract Tower,0,0,15,0,15,0,0,21,1,22,0,0,36,1,37,52,0,52,89
08/31/2020,TCL,AL,ASO,ES,Federal Contract Tower,0,1,14,10,25,0,0,0,0,0,0,1,14,10,25,12,10,22,47
09/01/2020,TCL,AL,ASO,ES,Federal Contract Tower,0,6,11,22,39,0,0,16,3,19,0,6,27,25,58,48,18,66,124
09/02/2020,TCL,AL,ASO,ES,Federal Contract Tower,0,11,28,7,46,0,0,29,1,30,0,11,57,8,76,56,0,56,132
09/03/2020,TCL,AL,ASO,ES,Federal Contract Tower,0,8,29,15,52,0,2,37,4,43,0,10,66,19,95,10,12,22,117
09/04/2020,TCL,AL,ASO,ES,Federal Contract Tower,1,5,19,6,31,0,2,50,2,54,1,7,69,8,85,72,14,86,171
09/05/2020,TCL,AL,ASO,ES,Federal Contract Tower,0,9,4,0,13,0,0,35,0,35,0,9,39,0,48,36,0,36,84
09/06/2020,TCL,AL,ASO,ES,Federal Contract Tower,0,1,7,0,8,0,2,21,2,25,0,3,28,2,33,18,8,26,59
09/07/2020,TCL,AL,ASO,ES,Federal Contract Tower,0,1,20,1,22,0,0,41,2,43,0,1,61,3,65,6,0,6,71
09/08/2020,TCL,AL,ASO,ES,Federal Contract Tower,0,0,14,29,43,0,0,34,2,36,0,0,48,31,79,70,24,94,173
09/09/2020,TCL,AL,ASO,ES,Federal Contract Tower,0,4,15,16,35,0,5,29,13,47,0,9,44,29,82,68,22,90,172
09/10/2020,TCL,AL,ASO,ES,Federal Contract Tower,0,4,24,22,50,0,0,31,16,47,0,4,55,38,97,78,8,86,183
09/11/2020,TCL,AL,ASO,ES,Federal Contract Tower,0,5,15,9,29,0,0,25,4,29,0,5,40,13,58,16,50,66,124
09/12/2020,TCL,AL,ASO,ES,Federal Contract Tower,2,1,10,4,17,0,0,27,4,31,2,1,37,8,48,54,0,54,102
09/13/2020,TCL,AL,ASO,ES,Federal Contract Tower,0,2,18,0,20,0,6,14,6,26,0,8,32,6,46,12,0,12,58
09/14/2020,TCL,AL,ASO,ES,Federal Contract Tower,0,4,23,11,38,0,2,11,5,18,0,6,34,16,56,10,0,10,66
09/15/2020,TCL,AL,ASO,ES,Federal Contract Tower,0,15,19,25,59,0,0,8,1,9,0,15,27,26,68,18,20,38,106
09/16/2020,TCL,AL,ASO,ES,Federal Contract Tower,0,9,5,4,18,0,0,0,0,0,0,9,5,4,18,0,0,0,18
09/17/2020,TCL,AL,ASO,ES,Federal Contract Tower,0,14,12,10,36,0,0,30,2,32,0,14,42,12,68,28,14,42,110
09/18/2020,TCL,AL,ASO,ES,Federal Contract Tower,0,20,19,16,55,0,2,29,8,39,0,22,48,24,94,20,8,28,122
09/19/2020,TCL,AL,ASO,ES,Federal Contract Tower,0,2,12,2,16,0,4,57,2,63,0,6,69,4,79,52,0,52,131
09/20/2020,TCL,AL,ASO,ES,Federal Contract Tower,0,5,11,0,16,0,0,33,1,34,0,5,44,1,50,28,6,34,84
09/21/2020,TCL,AL,ASO,ES,Federal Contract Tower,0,5,28,16,49,0,0,31,10,41,0,5,59,26,90,22,0,22,112
09/22/2020,TCL,AL,ASO,ES,Federal Contract Tower,1,7,17,31,56,0,0,24,7,31,1,7,41,38,87,14,12,26,113
09/23/2020,TCL,AL,ASO,ES,Federal Contract Tower,1,13,22,2,38,0,2,13,3,18,1,15,35,5,56,18,2,20,76
09/24/2020,TCL,AL,ASO,ES,Federal Contract Tower,0,17,13,1,31,0,0,0,0,0,0,17,13,1,31,0,0,0,31
09/25/2020,TCL,AL,ASO,ES,Federal Contract Tower,4,38,25,6,73,0,4,8,8,20,4,42,33,14,93,46,0,46,139
09/26/2020,TCL,AL,ASO,ES,Federal Contract Tower,3,10,17,2,32,0,0,33,3,36,3,10,50,5,68,92,10,102,170
09/27/2020,TCL,AL,ASO,ES,Federal Contract Tower,2,2,24,5,33,0,6,46,7,59,2,8,70,12,92,18,0,18,110
09/28/2020,TCL,AL,ASO,ES,Federal Contract Tower,1,7,21,8,37,0,4,13,0,17,1,11,34,8,54,12,0,12,66
09/29/2020,TCL,AL,ASO,ES,Federal Contract Tower,0,8,19,8,35,0,0,21,5,26,0,8,40,13,61,66,8,74,135
09/30/2020,TCL,AL,ASO,ES,Federal Contract Tower,0,11,23,11,45,0,1,41,8,50,0,12,64,19,95,66,18,84,179
10/01/2020,TCL,AL,ASO,ES,Federal Contract Tower,0,22,27,14,63,0,6,33,5,44,0,28,60,19,107,18,0,18,125
10/02/2020,TCL,AL,ASO,ES,Federal Contract Tower,5,26,31,23,85,0,0,33,0,33,5,26,64,23,118,36,10,46,164
10/03/2020,TCL,AL,ASO,ES,Federal Contract Tower,3,19,37,0,59,0,0,26,0,26,3,19,63,0,85,24,0,24,109
10/04/2020,TCL,AL,ASO,ES,Federal Contract Tower,2,5,33,0,40,0,0,48,2,50,2,5,81,2,90,62,16,78,168
10/05/2020,TCL,AL,ASO,ES,Federal Contract Tower,0,6,8,18,32,0,3,40,4,47,0,9,48,22,79,26,20,46,125
10/06/2020,TCL,AL,ASO,ES,Federal Contract Tower,0,3,9,13,25,0,0,25,10,35,0,3,34,23,60,20,0,20,80
10/07/2020,TCL,AL,ASO,ES,Federal Contract Tower,0,13,18,32,63,0,8,35,4,47,0,21,53,36,110,30,2,32,142
10/08/2020,TCL,AL,ASO,ES,Federal Contract Tower,0,11,28,2,41,0,0,33,2,35,0,11,61,4,76,10,0,10,86
10/09/2020,TCL,AL,ASO,ES,Federal Contract Tower,2,9,27,0,38,0,0,2,0,2,2,9,29,0,40,0,0,0,40
10/10/2020,TCL,AL,ASO,ES,Federal Contract Tower,0,4,2,0,6,0,0,1,0,1,0,4,3,0,7,0,0,0,7
10/11/2020,TCL,AL,ASO,ES,Federal Contract Tower,2,3,11,0,16,0,0,0,0,0,2,3,11,0,16,0,0,0,16
10/12/2020,TCL,AL,ASO,ES,Federal Contract Tower,0,3,23,0,26,0,0,19,0,19,0,3,42,0,45,36,0,36,81
10/13/2020,TCL,AL,ASO,ES,Federal Contract Tower,0,9,24,30,63,0,0,37,18,55,0,9,61,48,118,50,26,76,194
10/14/2020,TCL,AL,ASO,ES,Federal Contract Tower,0,13,30,26,69,0,0,47,10,57,0,13,77,36,126,92,22,114,240
10/15/2020,TCL,AL,ASO,ES,Federal Contract Tower,0,15,20,50,85,0,2,39,7,48,0,17,59,57,133,32,4,36,169
10/16/2020,TCL,AL,ASO,ES,Federal Contract Tower,2,21,39,24,86,0,2,35,0,37,2,23,74,24,123,46,0,46,169
10/17/2020,TCL,AL,ASO,ES,Federal Contract Tower,0,23,47,0,70,0,8,46,0,54,0,31,93,0,124,160,0,160,284
10/18/2020,TCL,AL,ASO,ES,Federal Contract Tower,4,29,64,2,99,0,3,45,2,50,4,32,109,4,149,24,4,28,177
10/19/2020,TCL,AL,ASO,ES,Federal Contract Tower,0,6,24,14,44,0,0,42,4,46,0,6,66,18,90,66,4,70,160
10/20/2020,TCL,AL,ASO,ES,Federal Contract Tower,0,7,14,30,51,0,0,46,19,65,0,7,60,49,116,42,10,52,168
10/21/2020,TCL,AL,ASO,ES,Federal Contract Tower,0,13,21,24,58,0,0,35,4,39,0,13,56,28,97,62,12,74,171
10/22/2020,TCL,AL,ASO,ES,Federal Contract Tower,0,16,16,18,50,0,2,24,6,32,0,18,40,24,82,36,0,36,118
10/23/2020,TCL,AL,ASO,ES,Federal Contract Tower,2,14,23,28,67,0,0,16,6,22,2,14,39,34,89,74,18,92,181
10/24/2020,TCL,AL,ASO,ES,Federal Contract Tower,0,5,12,4,21,0,0,0,0,0,0,5,12,4,21,0,0,0,21
10/25/2020,TCL,AL,ASO,ES,Federal Contract Tower,2,5,33,8,48,0,2,18,0,20,2,7,51,8,68,12,0,12,80
10/26/2020,TCL,AL,ASO,ES,Federal Contract Tower,0,0,13,42,55,0,0,28,9,37,0,0,41,51,92,54,54,108,200
10/27/2020,TCL,AL,ASO,ES,Federal Contract Tower,0,16,20,34,70,0,0,6,0,6,0,16,26,34,76,20,34,54,130
10/28/2020,TCL,AL,ASO,ES,Federal Contract Tower,0,17,14,0,31,0,0,0,0,0,0,17,14,0,31,0,0,0,31
10/29/2020,TCL,AL,ASO,ES,Federal Contract Tower,1,18,16,17,52,0,0,4,2,6,1,18,20,19,58,24,60,84,142
10/30/2020,TCL,AL,ASO,ES,Federal Contract Tower,0,25,52,12,89,0,0,33,0,33,0,25,85,12,122,64,8,72,194
10/31/2020,TCL,AL,ASO,ES,Federal Contract Tower,1,16,17,0,34,0,0,39,0,39,1,16,56,0,73,50,0,50,123
11/01/2020,TCL,AL,ASO,ES,Federal Contract Tower,2,7,29,0,38,0,2,37,2,41,2,9,66,2,79,80,0,80,159
11/02/2020,TCL,AL,ASO,ES,Federal Contract Tower,1,4,7,12,24,0,0,27,3,30,1,4,34,15,54,86,22,108,162
11/03/2020,TCL,AL,ASO,ES,Federal Contract Tower,0,6,13,21,40,0,2,35,5,42,0,8,48,26,82,54,46,100,182
11/04/2020,TCL,AL,ASO,ES,Federal Contract Tower,1,13,7,2,23,0,0,43,4,47,1,13,50,6,70,54,0,54,124
11/05/2020,TCL,AL,ASO,ES,Federal Contract Tower,0,11,28,33,72,0,0,21,6,27,0,11,49,39,99,60,44,104,203
11/06/2020,TCL,AL,ASO,ES,Federal Contract Tower,2,17,11,27,57,0,4,24,9,37,2,21,35,36,94,50,28,78,172
11/07/2020,TCL,AL,ASO,ES,Federal Contract Tower,0,6,11,5,22,0,0,23,1,24,0,6,34,6,46,46,0,46,92
11/08/2020,TCL,AL,ASO,ES,Federal Contract Tower,0,3,27,15,45,0,2,19,0,21,0,5,46,15,66,6,0,6,72
11/09/2020,TCL,AL,ASO,ES,Federal Contract Tower,0,4,27,54,85,0,0,20,0,20,0,4,47,54,105,100,118,218,323
11/10/2020,TCL,AL,ASO,ES,Federal Contract Tower,0,5,11,12,28,0,0,5,2,7,0,5,16,14,35,205,24,229,264
11/11/2020,TCL,AL,ASO,ES,Federal Contract Tower,0,11,21,0,32,0,0,6,0,6,0,11,27,0,38,104,0,104,142
11/12/2020,TCL,AL,ASO,ES,Federal Contract Tower,0,9,10,29,48,0,0,15,5,20,0,9,25,34,68,26,0,26,94
11/13/2020,TCL,AL,ASO,ES,Federal Contract Tower,0,10,19,28,57,0,2,65,6,73,0,12,84,34,130,68,22,90,220
11/14/2020,TCL,AL,ASO,ES,Federal Contract Tower,0,2,15,0,17,0,2,60,0,62,0,4,75,0,79,74,0,74,153
11/15/2020,TCL,AL,ASO,ES,Federal Contract Tower,0,0,7,2,9,0,0,13,0,13,0,0,20,2,22,6,0,6,28
11/16/2020,TCL,AL,ASO,ES,Federal Contract Tower,0,3,10,16,29,0,2,26,4,32,0,5,36,20,61,10,12,22,83
11/17/2020,TCL,AL,ASO,ES,Federal Contract Tower,0,11,27,26,64,0,0,32,4,36,0,11,59,30,100,10,26,36,136
11/18/2020,TCL,AL,ASO,ES,Federal Contract Tower,0,8,11,36,55,0,1,52,11,64,0,9,63,47,119,68,0,68,187
11/19/2020,TCL,AL,ASO,ES,Federal Contract Tower,0,14,17,23,54,0,0,29,5,34,0,14,46,28,88,36,18,54,142
11/20/2020,TCL,AL,ASO,ES,Federal Contract Tower,1,27,31,22,81,0,4,43,14,61,1,31,74,36,142,24,26,50,192
11/21/2020,TCL,AL,ASO,ES,Federal Contract Tower,1,13,27,6,47,0,1,51,0,52,1,14,78,6,99,38,14,52,151
11/22/2020,TCL,AL,ASO,ES,Federal Contract Tower,3,6,35,0,44,0,0,26,8,34,3,6,61,8,78,52,24,76,154
11/23/2020,TCL,AL,ASO,ES,Federal Contract Tower,0,7,20,40,67,0,0,18,6,24,0,7,38,46,91,10,26,36,127
11/24/2020,TCL,AL,ASO,ES,Federal Contract Tower,0,4,24,25,53,0,0,41,2,43,0,4,65,27,96,4,18,22,118
11/25/2020,TCL,AL,ASO,ES,Federal Contract Tower,0,6,11,0,17,0,0,2,0,2,0,6,13,0,19,0,0,0,19
11/26/2020,TCL,AL,ASO,ES,Federal Contract Tower,0,2,11,0,13,0,0,11,0,11,0,2,22,0,24,8,0,8,32
11/27/2020,TCL,AL,ASO,ES,Federal Contract Tower,0,7,34,0,41,0,0,2,0,2,0,7,36,0,43,14,0,14,57
11/28/2020,TCL,AL,ASO,ES,Federal Contract Tower,0,14,73,0,87,0,0,25,0,25,0,14,98,0,112,120,0,120,232
11/29/2020,TCL,AL,ASO,ES,Federal Contract Tower,0,15,21,0,36,0,0,0,0,0,0,15,21,0,36,0,0,0,36
11/30/2020,TCL,AL,ASO,ES,Federal Contract Tower,0,5,13,8,26,0,0,11,0,11,0,5,24,8,37,0,0,0,37
12/01/2020,TCL,AL,ASO,ES,Federal Contract Tower,0,5,15,26,46,0,0,27,0,27,0,5,42,26,73,2,0,2,75
12/02/2020,TCL,AL,ASO,ES,Federal Contract Tower,0,10,9,22,41,0,0,35,9,44,0,10,44,31,85,26,0,26,111
12/03/2020,TCL,AL,ASO,ES,Federal Contract Tower,0,9,11,46,66,0,2,11,3,16,0,11,22,49,82,20,44,64,146
12/04/2020,TCL,AL,ASO,ES,Federal Contract Tower,2,7,20,8,37,0,2,4,0,6,2,9,24,8,43,10,0,10,53
12/05/2020,TCL,AL,ASO,ES,Federal Contract Tower,1,7,9,2,19,0,0,46,0,46,1,7,55,2,65,46,0,46,111
12/06/2020,TCL,AL,ASO,ES,Federal Contract Tower,2,6,13,0,21,0,0,23,0,23,2,6,36,0,44,48,0,48,92
12/07/2020,TCL,AL,ASO,ES,Federal Contract Tower,0,1,8,20,29,0,0,29,2,31,0,1,37,22,60,10,2,12,72
12/08/2020,TCL,AL,ASO,ES,Federal Contract Tower,0,8,13,14,35,0,0,26,20,46,0,8,39,34,81,26,14,40,121
12/09/2020,TCL,AL,ASO,ES,Federal Contract Tower,0,4,21,18,43,0,0,32,7,39,0,4,53,25,82,32,12,44,126
12/10/2020,TCL,AL,ASO,ES,Federal Contract Tower,0,9,11,20,40,0,2,38,4,44,0,11,49,24,84,38,24,62,146
12/11/2020,TCL,AL,ASO,ES,Federal Contract Tower,2,6,17,20,45,0,0,19,24,43,2,6,36,44,88,34,2,36,124
12/12/2020,TCL,AL,ASO,ES,Federal Contract Tower,2,0,20,0,22,0,0,2,0,2,2,0,22,0,24,16,0,16,40
12/13/2020,TCL,AL,ASO,ES,Federal Contract Tower,0,4,18,2,24,0,2,30,0,32,0,6,48,2,56,64,0,64,120
12/14/2020,TCL,AL,ASO,ES,Federal Contract Tower,0,2,11,6,19,0,0,4,0,4,0,2,15,6,23,0,0,0,23
12/15/2020,TCL,AL,ASO,ES,Federal Contract Tower,0,0,15,45,60,0,0,18,4,22,0,0,33,49,82,18,8,26,108
12/16/2020,TCL,AL,ASO,ES,Federal Contract Tower,0,4,11,0,15,0,0,0,0,0,0,4,11,0,15,0,0,0,15
12/17/2020,TCL,AL,ASO,ES,Federal Contract Tower,0,6,9,33,48,0,0,9,2,11,0,6,18,35,59,2,12,14,73
12/18/2020,TCL,AL,ASO,ES,Federal Contract Tower,2,4,14,11,31,0,0,27,5,32,2,4,41,16,63,14,4,18,81
12/19/2020,TCL,AL,ASO,ES,Federal Contract Tower,0,3,14,1,18,0,0,25,1,26,0,3,39,2,44,32,0,32,76
12/20/2020,TCL,AL,ASO,ES,Federal Contract Tower,2,2,18,2,24,0,2,0,0,2,2,4,18,2,26,4,0,4,30
12/21/2020,TCL,AL,ASO,ES,Federal Contract Tower,0,2,11,6,19,0,0,13,5,18,0,2,24,11,37,14,16,30,67
12/22/2020,TCL,AL,ASO,ES,Federal Contract Tower,0,3,15,16,34,0,0,41,0,41,0,3,56,16,75,36,12,48,123
12/23/2020,TCL,AL,ASO,ES,Federal Contract Tower,0,8,20,2,30,0,0,17,0,17,0,8,37,2,47,10,0,10,57
12/24/2020,TCL,AL,ASO,ES,Federal Contract Tower,0,1,7,0,8,0,2,1,0,3,0,3,8,0,11,0,0,0,11
12/25/2020,TCL,AL,ASO,ES,Federal Contract Tower,0,0,2,0,2,0,0,9,0,9,0,0,11,0,11,0,0,0,11
12/26/2020,TCL,AL,ASO,ES,Federal Contract Tower,0,1,14,0,15,0,0,27,0,27,0,1,41,0,42,20,0,20,62
12/27/2020,TCL,AL,ASO,ES,Federal Contract Tower,0,4,13,0,17,0,7,22,0,29,0,11,35,0,46,26,0,26,72
12/28/2020,TCL,AL,ASO,ES,Federal Contract Tower,0,1,13,0,14,0,0,21,0,21,0,1,34,0,35,18,0,18,53
12/29/2020,TCL,AL,ASO,ES,Federal Contract Tower,0,0,12,3,15,0,2,15,3,20,0,2,27,6,35,24,6,30,65
12/30/2020,TCL,AL,ASO,ES,Federal Contract Tower,2,0,12,5,19,0,0,22,4,26,2,0,34,9,45,16,6,22,67
12/31/2020,TCL,AL,ASO,ES,Federal Contract Tower,6,2,12,6,26,0,0,5,0,5,6,2,17,6,31,4,0,4,35
01/01/2021,TCL,AL,ASO,ES,Federal Contract Tower,2,2,7,0,11,0,0,1,0,1,2,2,8,0,12,0,0,0,12
01/02/2021,TCL,AL,ASO,ES,Federal Contract Tower,4,4,15,0,23,0,1,21,0,22,4,5,36,0,45,12,0,12,57
01/03/2021,TCL,AL,ASO,ES,Federal Contract Tower,1,2,13,0,16,0,0,37,0,37,1,2,50,0,53,40,0,40,93
01/04/2021,TCL,AL,ASO,ES,Federal Contract Tower,1,2,8,0,11,0,0,25,0,25,1,2,33,0,36,24,0,24,60
01/05/2021,TCL,AL,ASO,ES,Federal Contract Tower,2,4,13,8,27,0,0,21,0,21,2,4,34,8,48,0,0,0,48
01/06/2021,TCL,AL,ASO,ES,Federal Contract Tower,1,7,14,23,45,0,0,17,8,25,1,7,31,31,70,46,4,50,120
01/07/2021,TCL,AL,ASO,ES,Federal Contract Tower,1,20,9,0,30,0,2,3,0,5,1,22,12,0,35,0,0,0,35
01/08/2021,TCL,AL,ASO,ES,Federal Contract Tower,9,15,18,0,42,0,2,1,4,7,9,17,19,4,49,0,0,0,49
01/09/2021,TCL,AL,ASO,ES,Federal Contract Tower,0,7,22,0,29,0,2,28,0,30,0,9,50,0,59,48,0,48,107
01/10/2021,TCL,AL,ASO,ES,Federal Contract Tower,0,7,17,0,24,0,0,25,2,27,0,7,42,2,51,74,0,74,125
01/11/2021,TCL,AL,ASO,ES,Federal Contract Tower,3,14,13,0,30,0,0,2,0,2,3,14,15,0,32,0,0,0,32
01/12/2021,TCL,AL,ASO,ES,Federal Contract Tower,3,18,36,12,69,0,0,14,2,16,3,18,50,14,85,14,0,14,99
01/13/2021,TCL,AL,ASO,ES,Federal Contract Tower,0,14,10,2,26,0,0,13,0,13,0,14,23,2,39,0,0,0,39
01/14/2021,TCL,AL,ASO,ES,Federal Contract Tower,0,11,25,12,48,0,0,30,7,37,0,11,55,19,85,54,24,78,163
01/15/2021,TCL,AL,ASO,ES,Federal Contract Tower,2,6,10,12,30,0,0,25,2,27,2,6,35,14,57,8,22,30,87
01/16/2021,TCL,AL,ASO,ES,Federal Contract Tower,4,1,13,0,18,0,0,24,0,24,4,1,37,0,42,12,0,12,54
01/17/2021,TCL,AL,ASO,ES,Federal Contract Tower,2,2,12,0,16,0,0,29,0,29,2,2,41,0,45,42,0,42,87
01/18/2021,TCL,AL,ASO,ES,Federal Contract Tower,2,0,19,4,25,0,2,41,2,45,2,2,60,6,70,42,4,46,116
01/19/2021,TCL,AL,ASO,ES,Federal Contract Tower,0,0,11,22,33,0,0,17,3,20,0,0,28,25,53,24,80,104,157
01/20/2021,TCL,AL,ASO,ES,Federal Contract Tower,1,4,15,22,42,0,0,45,6,51,1,4,60,28,93,38,26,64,157
01/21/2021,TCL,AL,ASO,ES,Federal Contract Tower,1,11,16,0,28,0,0,0,0,0,1,11,16,0,28,0,0,0,28
01/22/2021,TCL,AL,ASO,ES,Federal Contract Tower,1,13,12,4,30,0,0,6,0,6,1,13,18,4,36,16,0,16,52
01/23/2021,TCL,AL,ASO,ES,Federal Contract Tower,0,2,10,4,16,0,0,85,1,86,0,2,95,5,102,98,0,98,200
01/24/2021,TCL,AL,ASO,ES,Federal Contract Tower,0,1,9,5,15,0,0,18,2,20,0,1,27,7,35,52,4,56,91
01/25/2021,TCL,AL,ASO,ES,Federal Contract Tower,1,1,13,0,15,0,0,8,0,8,1,1,21,0,23,0,0,0,23
01/26/2021,TCL,AL,ASO,ES,Federal Contract Tower,0,3,16,2,21,0,0,42,12,54,0,3,58,14,75,38,4,42,117
01/27/2021,TCL,AL,ASO,ES,Federal Contract Tower,3,5,20,29,57,0,0,8,8,16,3,5,28,37,73,16,8,24,97
01/28/2021,TCL,AL,ASO,ES,Federal Contract Tower,0,7,24,22,53,0,0,35,0,35,0,7,59,22,88,10,16,26,114
01/29/2021,TCL,AL,ASO,ES,Federal Contract Tower,3,11,18,24,56,0,0,40,3,43,3,11,58,27,99,50,10,60,159
01/30/2021,TCL,AL,ASO,ES,Federal Contract Tower,1,8,13,2,24,0,0,41,0,41,1,8,54,2,65,48,0,48,113
01/31/2021,TCL,AL,ASO,ES,Federal Contract Tower,2,3,8,2,15,0,0,11,0,11,2,3,19,2,26,0,0,0,26
02/01/2021,TCL,AL,ASO,ES,Federal Contract Tower,0,6,7,0,13,0,0,2,0,2,0,6,9,0,15,0,0,0,15
02/02/2021,TCL,AL,ASO,ES,Federal Contract Tower,2,6,16,36,60,0,0,34,8,42,2,6,50,44,102,6,10,16,118
02/03/2021,TCL,AL,ASO,ES,Federal Contract Tower,0,6,17,33,56,0,0,64,6,70,0,6,81,39,126,76,44,120,246
02/04/2021,TCL,AL,ASO,ES,Federal Contract Tower,2,2,27,22,53,0,0,23,9,32,2,2,50,31,85,8,16,24,109
02/05/2021,TCL,AL,ASO,ES,Federal Contract Tower,2,7,14,30,53,0,0,42,4,46,2,7,56,34,99,34,0,34,133
02/06/2021,TCL,AL,ASO,ES,Federal Contract Tower,0,2,10,2,14,0,2,18,7,27,0,4,28,9,41,16,2,18,59
02/07/2021,TCL,AL,ASO,ES,Federal Contract Tower,0,4,13,2,19,0,0,36,2,38,0,4,49,4,57,40,0,40,97
02/08/2021,TCL,AL,ASO,ES,Federal Contract Tower,0,4,14,8,26,0,0,41,8,49,0,4,55,16,75,32,30,62,137
02/09/2021,TCL,AL,ASO,ES,Federal Contract Tower,0,1,12,24,37,0,0,37,4,41,0,1,49,28,78,74,54,128,206
02/10/2021,TCL,AL,ASO,ES,Federal Contract Tower,2,5,22,20,49,0,0,49,10,59,2,5,71,30,108,58,30,88,196
02/11/2021,TCL,AL,ASO,ES,Federal Contract Tower,2,6,14,0,22,0,0,0,0,0,2,6,14,0,22,0,0,0,22
02/12/2021,TCL,AL,ASO,ES,Federal Contract Tower,0,6,17,2,25,0,0,0,0,0,0,6,17,2,25,0,0,0,25
02/13/2021,TCL,AL,ASO,ES,Federal Contract Tower,0,3,11,2,16,0,0,0,0,0,0,3,11,2,16,0,0,0,16
02/14/2021,TCL,AL,ASO,ES,Federal Contract Tower,0,2,8,0,10,0,0,7,0,7,0,2,15,0,17,70,0,70,87
02/15/2021,TCL,AL,ASO,ES,Federal Contract Tower,0,0,3,0,3,0,0,0,0,0,0,0,3,0,3,0,0,0,3
02/16/2021,TCL,AL,ASO,ES,Federal Contract Tower,0,2,10,0,12,0,0,7,0,7,0,2,17,0,19,4,0,4,23
02/17/2021,TCL,AL,ASO,ES,Federal Contract Tower,2,3,16,0,21,0,0,23,4,27,2,3,39,4,48,22,0,22,70
02/18/2021,TCL,AL,ASO,ES,Federal Contract Tower,0,5,8,0,13,0,0,0,0,0,0,5,8,0,13,0,0,0,13
02/19/2021,TCL,AL,ASO,ES,Federal Contract Tower,0,7,22,10,39,0,2,30,10,42,0,9,52,20,81,36,0,36,117
02/20/2021,TCL,AL,ASO,ES,Federal Contract Tower,0,6,20,0,26,0,0,69,17,86,0,6,89,17,112,42,0,42,154
02/21/2021,TCL,AL,ASO,ES,Federal Contract Tower,0,6,23,8,37,0,0,35,0,35,0,6,58,8,72,34,4,38,110
02/22/2021,TCL,AL,ASO,ES,Federal Contract Tower,0,4,22,3,29,0,0,32,0,32,0,4,54,3,61,8,8,16,77
02/23/2021,TCL,AL,ASO,ES,Federal Contract Tower,4,8,15,25,52,0,2,52,2,56,4,10,67,27,108,86,12,98,206
02/24/2021,TCL,AL,ASO,ES,Federal Contract Tower,1,13,26,19,59,0,0,63,8,71,1,13,89,27,130,136,14,150,280
02/25/2021,TCL,AL,ASO,ES,Federal Contract Tower,2,4,25,4,35,0,0,31,4,35,2,4,56,8,70,52,4,56,126
02/26/2021,TCL,AL,ASO,ES,Federal Contract Tower,1,7,9,6,23,0,4,13,0,17,1,11,22,6,40,11,34,45,85
02/27/2021,TCL,AL,ASO,ES,Federal Contract Tower,1,15,9,5,30,0,0,16,0,16,1,15,25,5,46,10,8,18,64
02/28/2021,TCL,AL,ASO,ES,Federal Contract Tower,0,5,18,10,33,0,0,4,0,4,0,5,22,10,37,10,0,10,47
03/01/2021,TCL,AL,ASO,ES,Federal Contract Tower,0,2,20,17,39,0,0,2,8,10,0,2,22,25,49,0,12,12,61
03/02/2021,TCL,AL,ASO,ES,Federal Contract Tower,3,12,12,15,42,0,0,4,12,16,3,12,16,27,58,0,12,12,70
03/03/2021,TCL,AL,ASO,ES,Federal Contract Tower,1,3,30,34,68,0,3,49,0,52,1,6,79,34,120,128,14,142,262
03/04/2021,TCL,AL,ASO,ES,Federal Contract Tower,0,1,20,22,43,0,0,51,0,51,0,1,71,22,94,76,20,96,190
03/05/2021,TCL,AL,ASO,ES,Federal Contract Tower,1,2,31,26,60,0,4,41,2,47,1,6,72,28,107,24,0,24,131
03/06/2021,TCL,AL,ASO,ES,Federal Contract Tower,0,8,18,0,26,0,1,38,5,44,0,9,56,5,70,42,0,42,112
03/07/2021,TCL,AL,ASO,ES,Federal Contract Tower,0,3,26,0,29,0,0,61,0,61,0,3,87,0,90,96,0,96,186
03/08/2021,TCL,AL,ASO,ES,Federal Contract Tower,0,3,21,24,48,0,0,50,2,52,0,3,71,26,100,96,6,102,202
03/09/2021,TCL,AL,ASO,ES,Federal Contract Tower,0,5,23,25,53,0,0,36,0,36,0,5,59,25,89,90,28,118,207
03/10/2021,TCL,AL,ASO,ES,Federal Contract Tower,0,3,17,28,48,0,0,29,4,33,0,3,46,32,81,80,0,80,161
03/12/2021,TCL,AL,ASO,ES,Federal Contract Tower,0,4,23,6,33,0,0,32,2,34,0,4,55,8,67,36,0,36,103
03/13/2021,TCL,AL,ASO,ES,Federal Contract Tower,0,1,16,2,19,0,0,47,0,47,0,1,63,2,66,66,0,66,132
03/14/2021,TCL,AL,ASO,ES,Federal Contract Tower,0,2,9,2,13,0,0,43,0,43,0,2,52,2,56,110,0,110,166
03/15/2021,TCL,AL,ASO,ES,Federal Contract Tower,0,3,12,3,18,0,0,1,0,1,0,3,13,3,19,0,6,6,25
03/16/2021,TCL,AL,ASO,ES,Federal Contract Tower,0,4,12,0,16,0,0,2,0,2,0,4,14,0,18,0,0,0,18
03/17/2021,TCL,AL,ASO,ES,Federal Contract Tower,2,1,4,0,7,0,0,0,0,0,2,1,4,0,7,0,0,0,7
03/18/2021,TCL,AL,ASO,ES,Federal Contract Tower,1,6,41,6,54,0,0,12,0,12,1,6,53,6,66,4,0,4,70
03/19/2021,TCL,AL,ASO,ES,Federal Contract Tower,0,5,24,4,33,0,0,13,0,13,0,5,37,4,46,20,0,20,66
03/20/2021,TCL,AL,ASO,ES,Federal Contract Tower,0,5,22,2,29,0,0,42,0,42,0,5,64,2,71,26,0,26,97
03/21/2021,TCL,AL,ASO,ES,Federal Contract Tower,0,1,30,1,32,0,0,49,6,55,0,1,79,7,87,62,2,64,151
03/22/2021,TCL,AL,ASO,ES,Federal Contract Tower,0,10,24,19,53,0,5,39,0,44,0,15,63,19,97,52,0,52,149
03/23/2021,TCL,AL,ASO,ES,Federal Contract Tower,0,7,16,1,24,0,0,5,0,5,0,7,21,1,29,0,0,0,29
03/24/2021,TCL,AL,ASO,ES,Federal Contract Tower,1,3,16,4,24,0,0,32,0,32,1,3,48,4,56,50,0,50,106
03/25/2021,TCL,AL,ASO,ES,Federal Contract Tower,1,2,9,0,12,0,0,1,0,1,1,2,10,0,13,0,0,0,13
03/26/2021,TCL,AL,ASO,ES,Federal Contract Tower,2,7,18,2,29,0,0,56,2,58,2,7,74,4,87,72,0,72,159
03/27/2021,TCL,AL,ASO,ES,Federal Contract Tower,0,1,14,0,15,0,0,0,0,0,0,1,14,0,15,0,0,0,15
03/28/2021,TCL,AL,ASO,ES,Federal Contract Tower,0,3,30,6,39,0,0,0,4,4,0,3,30,10,43,0,4,4,47
03/29/2021,TCL,AL,ASO,ES,Federal Contract Tower,0,11,24,32,67,0,0,50,2,52,0,11,74,34,119,48,34,82,201
03/30/2021,TCL,AL,ASO,ES,Federal Contract Tower,0,8,17,27,52,0,2,22,3,27,0,10,39,30,79,24,32,56,135
03/31/2021,TCL,AL,ASO,ES,Federal Contract Tower,2,5,10,0,17,0,0,0,0,0,2,5,10,0,17,0,0,0,17
04/01/2021,TCL,AL,ASO,ES,Federal Contract Tower,0,12,20,24,56,0,1,16,6,23,0,13,36,30,79,12,0,12,91
04/02/2021,TCL,AL,ASO,ES,Federal Contract Tower,0,3,18,0,21,0,0,39,0,39,0,3,57,0,60,52,0,52,112
04/03/2021,TCL,AL,ASO,ES,Federal Contract Tower,1,4,17,0,22,0,2,65,0,67,1,6,82,0,89,71,0,71,160
04/04/2021,TCL,AL,ASO,ES,Federal Contract Tower,0,4,11,0,15,0,0,33,0,33,0,4,44,0,48,6,0,6,54
04/05/2021,TCL,AL,ASO,ES,Federal Contract Tower,0,9,30,42,81,0,4,52,0,56,0,13,82,42,137,64,12,76,213
04/06/2021,TCL,AL,ASO,ES,Federal Contract Tower,0,3,10,37,50,0,0,40,6,46,0,3,50,43,96,20,40,60,156
04/07/2021,TCL,AL,ASO,ES,Federal Contract Tower,0,4,14,40,58,0,0,22,14,36,0,4,36,54,94,20,0,20,114
04/08/2021,TCL,AL,ASO,ES,Federal Contract Tower,1,4,17,12,34,0,0,25,2,27,1,4,42,14,61,26,64,90,151
04/09/2021,TCL,AL,ASO,ES,Federal Contract Tower,0,6,13,4,23,0,0,12,0,12,0,6,25,4,35,18,0,18,53
04/10/2021,TCL,AL,ASO,ES,Federal Contract Tower,0,3,16,0,19,0,1,21,0,22,0,4,37,0,41,64,0,64,105
04/11/2021,TCL,AL,ASO,ES,Federal Contract Tower,2,7,26,1,36,0,1,48,1,50,2,8,74,2,86,38,0,38,124
04/12/2021,TCL,AL,ASO,ES,Federal Contract Tower,0,5,23,26,54,0,1,36,4,41,0,6,59,30,95,16,8,24,119
04/13/2021,TCL,AL,ASO,ES,Federal Contract Tower,0,5,30,28,63,0,0,25,6,31,0,5,55,34,94,34,0,34,128
04/15/2021,TCL,AL,ASO,ES,Federal Contract Tower,0,10,22,45,77,0,4,30,0,34,0,14,52,45,111,48,10,58,169
04/16/2021,TCL,AL,ASO,ES,Federal Contract Tower,0,10,24,36,70,0,2,37,8,47,0,12,61,44,117,20,10,30,147
04/17/2021,TCL,AL,ASO,ES,Federal Contract Tower,0,2,22,0,24,0,3,22,4,29,0,5,44,4,53,18,0,18,71
04/18/2021,TCL,AL,ASO,ES,Federal Contract Tower,0,10,26,2,38,0,0,34,0,34,0,10,60,2,72,98,0,98,170
04/19/2021,TCL,AL,ASO,ES,Federal Contract Tower,0,0,26,4,30,0,1,42,2,45,0,1,68,6,75,18,0,18,93
04/20/2021,TCL,AL,ASO,ES,Federal Contract Tower,0,3,13,7,23,0,0,33,0,33,0,3,46,7,56,34,0,34,90
04/21/2021,TCL,AL,ASO,ES,Federal Contract Tower,0,2,17,2,21,0,0,23,10,33,0,2,40,12,54,4,4,8,62
04/22/2021,TCL,AL,ASO,ES,Federal Contract Tower,0,5,30,10,45,0,2,31,5,38,0,7,61,15,83,40,8,48,131
04/23/2021,TCL,AL,ASO,ES,Federal Contract Tower,0,1,15,7,23,0,2,26,2,30,0,3,41,9,53,120,6,126,179
04/24/2021,TCL,AL,ASO,ES,Federal Contract Tower,0,1,7,0,8,0,2,4,0,6,0,3,11,0,14,0,0,0,14
04/25/2021,TCL,AL,ASO,ES,Federal Contract Tower,0,3,14,0,17,0,2,29,0,31,0,5,43,0,48,62,0,62,110
04/26/2021,TCL,AL,ASO,ES,Federal Contract Tower,0,4,23,8,35,0,7,35,0,42,0,11,58,8,77,26,0,26,103
04/27/2021,TCL,AL,ASO,ES,Federal Contract Tower,0,3,26,20,49,0,0,26,2,28,0,3,52,22,77,48,10,58,135
04/28/2021,TCL,AL,ASO,ES,Federal Contract Tower,0,2,24,8,34,0,0,29,8,37,0,2,53,16,71,75,0,75,146
04/29/2021,TCL,AL,ASO,ES,Federal Contract Tower,0,5,37,2,44,0,5,13,2,20,0,10,50,4,64,34,0,34,98
04/30/2021,TCL,AL,ASO,ES,Federal Contract Tower,0,5,19,8,32,0,0,23,2,25,0,5,42,10,57,34,10,44,101
05/01/2021,TCL,AL,ASO,ES,Federal Contract Tower,0,2,26,0,28,0,2,47,0,49,0,4,73,0,77,78,0,78,155
05/02/2021,TCL,AL,ASO,ES,Federal Contract Tower,0,4,26,0,30,0,0,17,0,17,0,4,43,0,47,46,0,46,93
05/03/2021,TCL,AL,ASO,ES,Federal Contract Tower,0,7,7,0,14,0,0,2,0,2,0,7,9,0,16,0,0,0,16
05/04/2021,TCL,AL,ASO,ES,Federal Contract Tower,0,2,12,0,14,0,0,2,0,2,0,2,14,0,16,0,0,0,16
05/05/2021,TCL,AL,ASO,ES,Federal Contract Tower,0,4,13,0,17,0,0,14,2,16,0,4,27,2,33,24,0,24,57
05/06/2021,TCL,AL,ASO,ES,Federal Contract Tower,0,0,29,0,29,0,2,51,1,54,0,2,80,1,83,12,0,12,95
05/07/2021,TCL,AL,ASO,ES,Federal Contract Tower,0,0,12,0,12,0,2,40,4,46,0,2,52,4,58,38,0,38,96
05/08/2021,TCL,AL,ASO,ES,Federal Contract Tower,0,1,10,0,11,0,0,36,4,40,0,1,46,4,51,24,0,24,75
05/09/2021,TCL,AL,ASO,ES,Federal Contract Tower,0,0,8,0,8,0,4,11,0,15,0,4,19,0,23,0,0,0,23
05/10/2021,TCL,AL,ASO,ES,Federal Contract Tower,0,3,12,0,15,0,1,11,0,12,0,4,23,0,27,46,0,46,73
05/11/2021,TCL,AL,ASO,ES,Federal Contract Tower,0,0,19,2,21,0,0,3,0,3,0,0,22,2,24,0,0,0,24
05/12/2021,TCL,AL,ASO,ES,Federal Contract Tower,0,0,16,0,16,0,0,11,0,11,0,0,27,0,27,38,0,38,65
05/13/2021,TCL,AL,ASO,ES,Federal Contract Tower,0,1,24,0,25,0,0,41,2,43,0,1,65,2,68,70,4,74,142
05/14/2021,TCL,AL,ASO,ES,Federal Contract Tower,0,1,16,0,17,0,2,44,4,50,0,3,60,4,67,50,0,50,117
05/15/2021,TCL,AL,ASO,ES,Federal Contract Tower,0,0,2,0,2,0,0,69,4,73,0,0,71,4,75,30,0,30,105
05/16/2021,TCL,AL,ASO,ES,Federal Contract Tower,0,2,20,2,24,0,2,33,4,39,0,4,53,6,63,24,4,28,91
05/17/2021,TCL,AL,ASO,ES,Federal Contract Tower,0,5,20,3,28,0,0,38,4,42,0,5,58,7,70,26,4,30,100
05/18/2021,TCL,AL,ASO,ES,Federal Contract Tower,0,1,23,0,24,0,0,24,7,31,0,1,47,7,55,0,0,0,55
05/19/2021,TCL,AL,ASO,ES,Federal Contract Tower,0,3,19,4,26,0,0,21,14,35,0,3,40,18,61,34,12,46,107
05/20/2021,TCL,AL,ASO,ES,Federal Contract Tower,0,6,26,4,36,0,0,11,0,11,0,6,37,4,47,12,0,12,59
05/21/2021,TCL,AL,ASO,ES,Federal Contract Tower,0,6,24,6,36,0,2,28,6,36,0,8,52,12,72,80,0,80,152
05/22/2021,TCL,AL,ASO,ES,Federal Contract Tower,0,0,12,0,12,0,8,39,0,47,0,8,51,0,59,38,0,38,97
05/23/2021,TCL,AL,ASO,ES,Federal Contract Tower,0,2,14,0,16,0,0,31,2,33,0,2,45,2,49,36,4,40,89
05/24/2021,TCL,AL,ASO,ES,Federal Contract Tower,0,3,15,0,18,0,3,52,15,70,0,6,67,15,88,98,16,114,202
05/25/2021,TCL,AL,ASO,ES,Federal Contract Tower,0,2,26,12,40,0,0,25,4,29,0,2,51,16,69,60,0,60,129
05/26/2021,TCL,AL,ASO,ES,Federal Contract Tower,0,3,23,4,30,0,2,35,4,41,0,5,58,8,71,28,4,32,103
05/27/2021,TCL,AL,ASO,ES,Federal Contract Tower,0,3,23,8,34,0,0,31,4,35,0,3,54,12,69,38,4,42,111
05/28/2021,TCL,AL,ASO,ES,Federal Contract Tower,0,2,18,0,20,0,2,17,0,19,0,4,35,0,39,52,0,52,91
05/29/2021,TCL,AL,ASO,ES,Federal Contract Tower,0,3,16,0,19,0,0,15,0,15,0,3,31,0,34,0,0,0,34
05/30/2021,TCL,AL,ASO,ES,Federal Contract Tower,0,4,13,0,17,0,7,28,5,40,0,11,41,5,57,56,10,66,123
05/31/2021,TCL,AL,ASO,ES,Federal Contract Tower,0,0,15,0,15,0,0,46,0,46,0,0,61,0,61,58,0,58,119
06/01/2021,TCL,AL,ASO,ES,Federal Contract Tower,0,1,22,14,37,0,0,20,2,22,0,1,42,16,59,36,0,36,95
06/02/2021,TCL,AL,ASO,ES,Federal Contract Tower,0,4,19,0,23,0,0,16,0,16,0,4,35,0,39,36,0,36,75
06/03/2021,TCL,AL,ASO,ES,Federal Contract Tower,0,1,17,2,20,0,0,11,0,11,0,1,28,2,31,0,0,0,31
06/04/2021,TCL,AL,ASO,ES,Federal Contract Tower,0,0,22,20,42,0,4,40,6,50,0,4,62,26,92,96,0,96,188
06/05/2021,TCL,AL,ASO,ES,Federal Contract Tower,0,3,5,0,8,0,0,17,0,17,0,3,22,0,25,0,0,0,25
06/06/2021,TCL,AL,ASO,ES,Federal Contract Tower,0,0,6,0,6,0,0,0,0,0,0,0,6,0,6,0,0,0,6
06/07/2021,TCL,AL,ASO,ES,Federal Contract Tower,0,0,21,10,31,0,0,5,2,7,0,0,26,12,38,6,0,6,44
06/08/2021,TCL,AL,ASO,ES,Federal Contract Tower,0,0,17,0,17,0,0,7,0,7,0,0,24,0,24,0,0,0,24
06/09/2021,TCL,AL,ASO,ES,Federal Contract Tower,0,4,8,0,12,0,0,2,0,2,0,4,10,0,14,16,0,16,30
06/10/2021,TCL,AL,ASO,ES,Federal Contract Tower,0,5,21,0,26,0,0,0,0,0,0,5,21,0,26,0,0,0,26
06/11/2021,TCL,AL,ASO,ES,Federal Contract Tower,0,5,14,1,20,0,0,5,9,14,0,5,19,10,34,0,0,0,34
06/12/2021,TCL,AL,ASO,ES,Federal Contract Tower,0,5,8,1,14,0,0,16,1,17,0,5,24,2,31,32,0,32,63
06/13/2021,TCL,AL,ASO,ES,Federal Contract Tower,0,2,23,0,25,0,0,26,0,26,0,2,49,0,51,66,0,66,117
06/14/2021,TCL,AL,ASO,ES,Federal Contract Tower,0,4,17,8,29,0,0,13,1,14,0,4,30,9,43,31,0,31,74
06/15/2021,TCL,AL,ASO,ES,Federal Contract Tower,0,6,26,16,48,0,0,44,6,50,0,6,70,22,98,78,6,84,182
06/16/2021,TCL,AL,ASO,ES,Federal Contract Tower,0,5,31,32,68,0,0,47,8,55,0,5,78,40,123,98,14,112,235
06/17/2021,TCL,AL,ASO,ES,Federal Contract Tower,0,3,35,15,53,0,2,45,4,51,0,5,80,19,104,62,32,94,198
06/18/2021,TCL,AL,ASO,ES,Federal Contract Tower,0,14,28,0,42,0,2,34,0,36,0,16,62,0,78,82,0,82,160
06/21/2021,TCL,AL,ASO,ES,Federal Contract Tower,2,9,14,8,33,0,0,9,0,9,2,9,23,8,42,40,0,40,82
06/22/2021,TCL,AL,ASO,ES,Federal Contract Tower,0,6,17,12,35,0,1,19,10,30,0,7,36,22,65,22,2,24,89
06/23/2021,TCL,AL,ASO,ES,Federal Contract Tower,0,9,33,25,67,0,2,47,8,57,0,11,80,33,124,78,18,96,220
06/24/2021,TCL,AL,ASO,ES,Federal Contract Tower,0,2,31,19,52,0,0,24,14,38,0,2,55,33,90,10,14,24,114
06/25/2021,TCL,AL,ASO,ES,Federal Contract Tower,0,3,25,47,75,0,2,19,6,27,0,5,44,53,102,24,132,156,258
06/26/2021,TCL,AL,ASO,ES,Federal Contract Tower,0,3,16,2,21,0,2,32,0,34,0,5,48,2,55,16,0,16,71
06/27/2021,TCL,AL,ASO,ES,Federal Contract Tower,0,2,19,0,21,0,0,17,4,21,0,2,36,4,42,38,0,38,80
06/28/2021,TCL,AL,ASO,ES,Federal Contract Tower,0,6,15,28,49,0,6,41,18,65,0,12,56,46,114,82,40,122,236
06/29/2021,TCL,AL,ASO,ES,Federal Contract Tower,0,7,19,13,39,0,0,24,2,26,0,7,43,15,65,44,0,44,109
06/30/2021,TCL,AL,ASO,ES,Federal Contract Tower,0,3,25,18,46,0,0,25,2,27,0,3,50,20,73,124,46,170,243
07/01/2021,TCL,AL,ASO,ES,Federal Contract Tower,0,6,29,14,49,0,3,12,0,15,0,9,41,14,64,20,0,20,84
07/02/2021,TCL,AL,ASO,ES,Federal Contract Tower,0,1,14,0,15,0,0,4,0,4,0,1,18,0,19,20,0,20,39
07/03/2021,TCL,AL,ASO,ES,Federal Contract Tower,0,0,13,0,13,0,2,45,0,47,0,2,58,0,60,32,0,32,92
07/04/2021,TCL,AL,ASO,ES,Federal Contract Tower,0,0,1,0,1,0,0,23,0,23,0,0,24,0,24,34,0,34,58
07/05/2021,TCL,AL,ASO,ES,Federal Contract Tower,0,3,18,4,25,0,0,33,0,33,0,3,51,4,58,44,12,56,114
07/06/2021,TCL,AL,ASO,ES,Federal Contract Tower,0,5,15,10,30,0,0,14,0,14,0,5,29,10,44,64,32,96,140
07/07/2021,TCL,AL,ASO,ES,Federal Contract Tower,1,2,19,6,28,0,0,2,0,2,1,2,21,6,30,0,32,32,62
07/08/2021,TCL,AL,ASO,ES,Federal Contract Tower,0,4,9,0,13,0,0,2,0,2,0,4,11,0,15,0,0,0,15
07/09/2021,TCL,AL,ASO,ES,Federal Contract Tower,0,4,19,17,40,0,4,23,2,29,0,8,42,19,69,76,0,76,145
07/10/2021,TCL,AL,ASO,ES,Federal Contract Tower,0,0,11,3,14,0,0,30,2,32,0,0,41,5,46,18,6,24,70
07/11/2021,TCL,AL,ASO,ES,Federal Contract Tower,0,2,26,8,36,0,0,5,0,5,0,2,31,8,41,4,6,10,51
07/12/2021,TCL,AL,ASO,ES,Federal Contract Tower,0,2,16,2,20,0,0,9,5,14,0,2,25,7,34,22,0,22,56
07/13/2021,TCL,AL,ASO,ES,Federal Contract Tower,0,7,20,0,27,0,0,15,7,22,0,7,35,7,49,8,0,8,57
07/14/2021,TCL,AL,ASO,ES,Federal Contract Tower,0,5,20,6,31,0,0,51,2,53,0,5,71,8,84,62,14,76,160
07/15/2021,TCL,AL,ASO,ES,Federal Contract Tower,0,1,25,30,56,0,4,31,8,43,0,5,56,38,99,26,38,64,163
07/16/2021,TCL,AL,ASO,ES,Federal Contract Tower,0,3,14,5,22,0,1,21,7,29,0,4,35,12,51,72,0,72,123
07/17/2021,TCL,AL,ASO,ES,Federal Contract Tower,0,3,18,0,21,0,0,0,0,0,0,3,18,0,21,0,0,0,21
07/19/2021,TCL,AL,ASO,ES,Federal Contract Tower,0,2,17,6,25,0,0,11,2,13,0,2,28,8,38,48,56,104,142
07/20/2021,TCL,AL,ASO,ES,Federal Contract Tower,0,4,22,0,26,0,0,15,0,15,0,4,37,0,41,18,0,18,59
07/21/2021,TCL,AL,ASO,ES,Federal Contract Tower,0,5,23,11,39,0,0,14,4,18,0,5,37,15,57,52,32,84,141
07/22/2021,TCL,AL,ASO,ES,Federal Contract Tower,0,3,40,0,43,0,0,29,6,35,0,3,69,6,78,28,8,36,114
07/23/2021,TCL,AL,ASO,ES,Federal Contract Tower,0,0,19,0,19,0,0,21,0,21,0,0,40,0,40,36,0,36,76
07/24/2021,TCL,AL,ASO,ES,Federal Contract Tower,0,10,10,2,22,0,0,39,0,39,0,10,49,2,61,48,6,54,115
07/25/2021,TCL,AL,ASO,ES,Federal Contract Tower,0,2,13,4,19,0,1,30,2,33,0,3,43,6,52,30,6,36,88
07/26/2021,TCL,AL,ASO,ES,Federal Contract Tower,0,4,20,9,33,0,0,22,2,24,0,4,42,11,57,32,12,44,101
07/27/2021,TCL,AL,ASO,ES,Federal Contract Tower,0,8,21,4,33,0,0,19,0,19,0,8,40,4,52,18,0,18,70
07/28/2021,TCL,AL,ASO,ES,Federal Contract Tower,0,2,9,15,26,0,2,14,6,22,0,4,23,21,48,44,12,56,104
07/29/2021,TCL,AL,ASO,ES,Federal Contract Tower,0,8,30,15,53,0,1,38,3,42,0,9,68,18,95,96,16,112,207
07/30/2021,TCL,AL,ASO,ES,Federal Contract Tower,0,5,22,14,41,0,2,17,4,23,0,7,39,18,64,80,0,80,144
07/31/2021,TCL,AL,ASO,ES,Federal Contract Tower,0,6,13,0,19,0,2,19,2,23,0,8,32,2,42,50,0,50,92
08/01/2021,TCL,AL,ASO,ES,Federal Contract Tower,0,3,14,30,47,0,0,13,6,19,0,3,27,36,66,30,10,40,106
08/02/2021,TCL,AL,ASO,ES,Federal Contract Tower,0,5,15,0,20,0,0,7,5,12,0,5,22,5,32,6,14,20,52
08/03/2021,TCL,AL,ASO,ES,Federal Contract Tower,0,2,15,10,27,0,0,26,0,26,0,2,41,10,53,58,4,62,115
08/04/2021,TCL,AL,ASO,ES,Federal Contract Tower,0,2,20,10,32,0,0,23,4,27,0,2,43,14,59,20,0,20,79
08/05/2021,TCL,AL,ASO,ES,Federal Contract Tower,0,6,18,8,32,0,2,29,2,33,0,8,47,10,65,2,0,2,67
08/06/2021,TCL,AL,ASO,ES,Federal Contract Tower,0,1,20,18,39,0,0,26,8,34,0,1,46,26,73,60,8,68,141
08/07/2021,TCL,AL,ASO,ES,Federal Contract Tower,0,4,18,0,22,0,0,28,0,28,0,4,46,0,50,34,0,34,84
08/08/2021,TCL,AL,ASO,ES,Federal Contract Tower,0,0,23,0,23,0,0,24,0,24,0,0,47,0,47,30,0,30,77
08/09/2021,TCL,AL,ASO,ES,Federal Contract Tower,0,2,20,8,30,0,0,25,10,35,0,2,45,18,65,80,20,100,165
08/10/2021,TCL,AL,ASO,ES,Federal Contract Tower,0,4,15,2,21,0,0,33,2,35,0,4,48,4,56,56,0,56,112
08/11/2021,TCL,AL,ASO,ES,Federal Contract Tower,0,6,21,2,29,0,0,8,4,12,0,6,29,6,41,18,0,18,59
08/12/2021,TCL,AL,ASO,ES,Federal Contract Tower,0,6,42,0,48,0,4,18,6,28,0,10,60,6,76,0,2,2,78
08/13/2021,TCL,AL,ASO,ES,Federal Contract Tower,0,5,22,6,33,0,0,34,1,35,0,5,56,7,68,126,0,126,194
08/14/2021,TCL,AL,ASO,ES,Federal Contract Tower,0,3,12,1,16,0,3,22,1,26,0,6,34,2,42,50,0,50,92
08/15/2021,TCL,AL,ASO,ES,Federal Contract Tower,0,15,27,0,42,0,3,23,0,26,0,18,50,0,68,78,0,78,146
08/16/2021,TCL,AL,ASO,ES,Federal Contract Tower,0,9,20,2,31,0,0,20,0,20,0,9,40,2,51,40,4,44,95
08/17/2021,TCL,AL,ASO,ES,Federal Contract Tower,0,0,7,27,34,0,2,32,0,34,0,2,39,27,68,102,4,106,174
08/18/2021,TCL,AL,ASO,ES,Federal Contract Tower,0,4,25,17,46,0,1,41,3,45,0,5,66,20,91,56,32,88,179
08/19/2021,TCL,AL,ASO,ES,Federal Contract Tower,0,12,7,0,19,0,0,6,0,6,0,12,13,0,25,12,0,12,37
08/20/2021,TCL,AL,ASO,ES,Federal Contract Tower,0,4,20,2,26,0,0,4,0,4,0,4,24,2,30,24,0,24,54
08/21/2021,TCL,AL,ASO,ES,Federal Contract Tower,0,3,6,0,9,0,1,2,0,3,0,4,8,0,12,0,0,0,12
08/22/2021,TCL,AL,ASO,ES,Federal Contract Tower,0,2,18,9,29,0,4,17,3,24,0,6,35,12,53,48,0,48,101
08/23/2021,TCL,AL,ASO,ES,Federal Contract Tower,0,4,21,8,33,0,0,34,5,39,0,4,55,13,72,54,0,54,126
08/24/2021,TCL,AL,ASO,ES,Federal Contract Tower,0,11,24,10,45,0,4,23,3,30,0,15,47,13,75,30,0,30,105
08/25/2021,TCL,AL,ASO,ES,Federal Contract Tower,0,4,23,15,42,0,2,28,6,36,0,6,51,21,78,78,14,92,170
08/27/2021,TCL,AL,ASO,ES,Federal Contract Tower,0,7,17,12,36,0,1,32,10,43,0,8,49,22,79,33,6,39,118
08/28/2021,TCL,AL,ASO,ES,Federal Contract Tower,0,2,22,0,24,0,2,13,0,15,0,4,35,0,39,20,0,20,59
08/29/2021,TCL,AL,ASO,ES,Federal Contract Tower,0,4,24,0,28,0,0,9,0,9,0,4,33,0,37,14,0,14,51
08/30/2021,TCL,AL,ASO,ES,Federal Contract Tower,0,2,3,0,5,0,0,0,0,0,0,2,3,0,5,0,0,0,5
08/31/2021,TCL,AL,ASO,ES,Federal Contract Tower,0,0,7,0,7,0,0,0,0,0,0,0,7,0,7,0,0,0,7
09/01/2021,TCL,AL,ASO,ES,Federal Contract Tower,0,3,21,8,32,0,2,18,6,26,0,5,39,14,58,36,0,36,94
09/02/2021,TCL,AL,ASO,ES,Federal Contract Tower,2,5,30,22,59,0,2,34,4,40,2,7,64,26,99,52,8,60,159
09/03/2021,TCL,AL,ASO,ES,Federal Contract Tower,2,4,31,2,39,0,0,35,1,36,2,4,66,3,75,36,0,36,111
09/04/2021,TCL,AL,ASO,ES,Federal Contract Tower,0,4,11,0,15,0,0,24,0,24,0,4,35,0,39,44,0,44,83
09/05/2021,TCL,AL,ASO,ES,Federal Contract Tower,3,0,7,3,13,0,0,29,0,29,3,0,36,3,42,32,0,32,74
09/06/2021,TCL,AL,ASO,ES,Federal Contract Tower,0,2,35,0,37,0,0,21,0,21,0,2,56,0,58,10,0,10,68
09/07/2021,TCL,AL,ASO,ES,Federal Contract Tower,0,2,23,9,34,0,1,15,6,22,0,3,38,15,56,38,0,38,94
09/08/2021,TCL,AL,ASO,ES,Federal Contract Tower,0,4,23,5,32,0,0,19,2,21,0,4,42,7,53,10,0,10,63
09/09/2021,TCL,AL,ASO,ES,Federal Contract Tower,0,5,32,20,57,0,0,35,6,41,0,5,67,26,98,20,0,20,118
09/10/2021,TCL,AL,ASO,ES,Federal Contract Tower,0,10,24,22,56,0,0,26,2,28,0,10,50,24,84,24,0,24,108
09/11/2021,TCL,AL,ASO,ES,Federal Contract Tower,0,21,29,0,50,0,0,20,2,22,0,21,49,2,72,16,0,16,88
09/12/2021,TCL,AL,ASO,ES,Federal Contract Tower,0,5,34,2,41,0,0,29,0,29,0,5,63,2,70,22,0,22,92
09/13/2021,TCL,AL,ASO,ES,Federal Contract Tower,0,6,18,24,48,0,0,17,0,17,0,6,35,24,65,32,0,32,97
09/14/2021,TCL,AL,ASO,ES,Federal Contract Tower,0,4,24,6,34,0,0,11,2,13,0,4,35,8,47,26,0,26,73
09/15/2021,TCL,AL,ASO,ES,Federal Contract Tower,2,2,15,18,37,0,0,1,0,1,2,2,16,18,38,0,32,32,70
09/16/2021,TCL,AL,ASO,ES,Federal Contract Tower,0,1,21,26,48,0,0,2,0,2,0,1,23,26,50,0,40,40,90
09/17/2021,TCL,AL,ASO,ES,Federal Contract Tower,4,11,29,15,59,0,0,1,1,2,4,11,30,16,61,10,0,10,71
09/18/2021,TCL,AL,ASO,ES,Federal Contract Tower,0,2,8,0,10,0,0,0,1,1,0,2,8,1,11,0,0,0,11
09/19/2021,TCL,AL,ASO,ES,Federal Contract Tower,0,8,23,0,31,0,0,7,0,7,0,8,30,0,38,0,0,0,38
09/20/2021,TCL,AL,ASO,ES,Federal Contract Tower,0,4,14,4,22,0,2,9,0,11,0,6,23,4,33,34,0,34,67
09/21/2021,TCL,AL,ASO,ES,Federal Contract Tower,0,1,12,2,15,0,0,4,0,4,0,1,16,2,19,14,0,14,33
09/22/2021,TCL,AL,ASO,ES,Federal Contract Tower,0,6,28,12,46,0,0,15,4,19,0,6,43,16,65,0,0,0,65
09/23/2021,TCL,AL,ASO,ES,Federal Contract Tower,0,15,31,11,57,0,0,48,5,53,0,15,79,16,110,36,0,36,146
09/24/2021,TCL,AL,ASO,ES,Federal Contract Tower,0,17,62,12,91,0,2,28,6,36,0,19,90,18,127,26,4,30,157
09/25/2021,TCL,AL,ASO,ES,Federal Contract Tower,0,3,29,0,32,0,0,20,1,21,0,3,49,1,53,0,2,2,55
09/26/2021,TCL,AL,ASO,ES,Federal Contract Tower,0,22,64,0,86,0,0,47,0,47,0,22,111,0,133,14,0,14,147
09/27/2021,TCL,AL,ASO,ES,Federal Contract Tower,0,2,31,20,53,0,0,51,4,55,0,2,82,24,108,70,26,96,204
09/28/2021,TCL,AL,ASO,ES,Federal Contract Tower,0,2,14,34,50,0,0,35,6,41,0,2,49,40,91,40,0,40,131
09/29/2021,TCL,AL,ASO,ES,Federal Contract Tower,0,5,22,24,51,0,0,17,4,21,0,5,39,28,72,18,56,74,146
09/30/2021,TCL,AL,ASO,ES,Federal Contract Tower,0,4,31,32,67,0,2,10,1,13,0,6,41,33,80,138,0,138,218
10/02/2021,TCL,AL,ASO,ES,Federal Contract Tower,0,53,124,0,177,0,2,31,0,33,0,55,155,0,210,122,0,122,332
10/03/2021,TCL,AL,ASO,ES,Federal Contract Tower,0,45,74,1,120,0,0,4,3,7,0,45,78,4,127,0,8,8,135
10/04/2021,TCL,AL,ASO,ES,Federal Contract Tower,0,2,18,24,44,0,0,16,7,23,0,2,34,31,67,10,8,18,85
10/05/2021,TCL,AL,ASO,ES,Federal Contract Tower,0,0,23,0,23,0,0,2,0,2,0,0,25,0,25,0,0,0,25
10/06/2021,TCL,AL,ASO,ES,Federal Contract Tower,0,7,17,4,28,0,0,6,0,6,0,7,23,4,34,6,16,22,56
10/07/2021,TCL,AL,ASO,ES,Federal Contract Tower,0,6,13,12,31,0,1,7,6,14,0,7,20,18,45,0,0,0,45
10/09/2021,TCL,AL,ASO,ES,Federal Contract Tower,0,8,21,3,32,0,1,34,1,36,0,9,55,4,68,38,0,38,106
10/10/2021,TCL,AL,ASO,ES,Federal Contract Tower,0,2,28,0,30,0,4,29,0,33,0,6,57,0,63,28,0,28,91
10/11/2021,TCL,AL,ASO,ES,Federal Contract Tower,0,6,21,0,27,0,0,17,0,17,0,6,38,0,44,4,0,4,48
10/12/2021,TCL,AL,ASO,ES,Federal Contract Tower,0,13,27,25,65,0,0,17,4,21,0,13,44,29,86,44,134,178,264
10/13/2021,TCL,AL,ASO,ES,Federal Contract Tower,0,7,28,39,74,0,2,25,13,40,0,9,53,52,114,64,68,132,246
10/14/2021,TCL,AL,ASO,ES,Federal Contract Tower,0,16,36,26,78,0,0,34,0,34,0,16,70,26,112,18,20,38,150
10/15/2021,TCL,AL,ASO,ES,Federal Contract Tower,0,15,23,37,75,0,4,18,2,24,0,19,41,39,99,20,16,36,135
10/16/2021,TCL,AL,ASO,ES,Federal Contract Tower,0,3,17,0,20,0,0,13,0,13,0,3,30,0,33,36,0,36,69
10/17/2021,TCL,AL,ASO,ES,Federal Contract Tower,0,6,27,17,50,0,2,23,1,26,0,8,50,18,76,0,0,0,76
10/18/2021,TCL,AL,ASO,ES,Federal Contract Tower,0,4,27,30,61,0,0,34,8,42,0,4,61,38,103,108,24,132,235
10/19/2021,TCL,AL,ASO,ES,Federal Contract Tower,0,4,22,16,42,0,0,30,0,30,0,4,52,16,72,30,20,50,122
10/20/2021,TCL,AL,ASO,ES,Federal Contract Tower,1,6,20,37,64,0,0,15,4,19,1,6,35,41,83,32,22,54,137
10/21/2021,TCL,AL,ASO,ES,Federal Contract Tower,1,16,18,9,44,0,1,10,2,13,1,17,28,11,57,38,0,38,95
10/22/2021,TCL,AL,ASO,ES,Federal Contract Tower,1,42,71,21,135,0,2,40,16,58,1,44,111,37,193,2,0,2,195
10/23/2021,TCL,AL,ASO,ES,Federal Contract Tower,4,35,112,2,153,0,1,54,18,73,4,36,166,20,226,12,0,12,238
10/24/2021,TCL,AL,ASO,ES,Federal Contract Tower,0,36,60,3,99,0,0,44,3,47,0,36,104,6,146,2,0,2,148
10/25/2021,TCL,AL,ASO,ES,Federal Contract Tower,0,9,16,10,35,0,0,11,0,11,0,9,27,10,46,0,10,10,56
10/26/2021,TCL,AL,ASO,ES,Federal Contract Tower,3,9,26,7,45,0,0,42,3,45,3,9,68,10,90,82,0,82,172
10/27/2021,TCL,AL,ASO,ES,Federal Contract Tower,0,14,28,16,58,0,0,29,2,31,0,14,57,18,89,22,10,32,121
10/28/2021,TCL,AL,ASO,ES,Federal Contract Tower,0,20,31,5,56,0,0,12,0,12,0,20,43,5,68,8,0,8,76
10/29/2021,TCL,AL,ASO,ES,Federal Contract Tower,0,10,18,2,30,0,0,1,0,1,0,10,19,2,31,0,0,0,31
10/30/2021,TCL,AL,ASO,ES,Federal Contract Tower,0,2,17,0,19,0,0,11,0,11,0,2,28,0,30,0,0,0,30
10/31/2021,TCL,AL,ASO,ES,Federal Contract Tower,0,11,41,0,52,0,0,51,0,51,0,11,92,0,103,50,0,50,153
11/01/2021,TCL,AL,ASO,ES,Federal Contract Tower,0,2,21,20,43,0,2,26,0,28,0,4,47,20,71,44,0,44,115
11/02/2021,TCL,AL,ASO,ES,Federal Contract Tower,0,10,38,16,64,0,0,41,2,43,0,10,79,18,107,40,6,46,153
11/03/2021,TCL,AL,ASO,ES,Federal Contract Tower,2,11,20,18,51,0,0,25,6,31,2,11,45,24,82,14,40,54,136
11/04/2021,TCL,AL,ASO,ES,Federal Contract Tower,3,10,39,12,64,0,0,0,0,0,3,10,39,12,64,0,0,0,64
11/05/2021,TCL,AL,ASO,ES,Federal Contract Tower,0,38,69,24,131,0,0,35,6,41,0,38,104,30,172,40,60,100,272
11/06/2021,TCL,AL,ASO,ES,Federal Contract Tower,4,56,117,0,177,0,2,51,2,55,4,58,168,2,232,152,0,152,384
11/07/2021,TCL,AL,ASO,ES,Federal Contract Tower,0,32,106,0,138,0,0,55,0,55,0,32,161,0,193,34,0,34,227
11/08/2021,TCL,AL,ASO,ES,Federal Contract Tower,0,3,20,20,43,0,0,32,3,35,0,3,52,23,78,80,16,96,174
11/09/2021,TCL,AL,ASO,ES,Federal Contract Tower,0,3,27,16,46,0,0,48,2,50,0,3,75,18,96,54,0,54,150
11/10/2021,TCL,AL,ASO,ES,Federal Contract Tower,0,6,19,16,41,0,0,31,3,34,0,6,50,19,75,32,8,40,115
11/11/2021,TCL,AL,ASO,ES,Federal Contract Tower,0,3,18,0,21,0,0,5,0,5,0,3,23,0,26,12,0,12,38
11/12/2021,TCL,AL,ASO,ES,Federal Contract Tower,0,12,36,12,60,0,0,25,10,35,0,12,61,22,95,40,0,40,135
11/13/2021,TCL,AL,ASO,ES,Federal Contract Tower,2,4,23,0,29,0,1,29,2,32,2,5,52,2,61,4,10,14,75
11/14/2021,TCL,AL,ASO,ES,Federal Contract Tower,0,8,26,2,36,0,0,49,2,51,0,8,75,4,87,38,4,42,129
11/15/2021,TCL,AL,ASO,ES,Federal Contract Tower,0,2,14,22,38,0,0,27,4,31,0,2,41,26,69,24,18,42,111
11/16/2021,TCL,AL,ASO,ES,Federal Contract Tower,2,14,20,18,54,0,0,31,4,35,2,14,51,22,89,74,0,74,163
11/17/2021,TCL,AL,ASO,ES,Federal Contract Tower,0,13,22,14,49,0,0,38,6,44,0,13,60,20,93,78,0,78,171
11/18/2021,TCL,AL,ASO,ES,Federal Contract Tower,0,23,39,0,62,0,0,3,0,3,0,23,42,0,65,0,0,0,65
11/19/2021,TCL,AL,ASO,ES,Federal Contract Tower,1,31,64,4,100,0,4,33,6,43,1,35,97,10,143,32,6,38,181
11/20/2021,TCL,AL,ASO,ES,Federal Contract Tower,7,43,104,0,154,0,2,33,9,44,7,45,137,9,198,142,0,142,340
11/21/2021,TCL,AL,ASO,ES,Federal Contract Tower,2,13,53,4,72,0,0,27,4,31,2,13,80,8,103,26,0,26,129
11/22/2021,TCL,AL,ASO,ES,Federal Contract Tower,7,12,34,8,61,0,0,18,0,18,7,12,52,8,79,18,14,32,111
11/23/2021,TCL,AL,ASO,ES,Federal Contract Tower,4,26,29,10,69,0,0,52,8,60,4,26,81,18,129,56,0,56,185
11/24/2021,TCL,AL,ASO,ES,Federal Contract Tower,3,12,18,12,45,0,2,31,0,33,3,14,49,12,78,82,0,82,160
11/25/2021,TCL,AL,ASO,ES,Federal Contract Tower,1,3,3,0,7,0,5,6,0,11,1,8,9,0,18,0,0,0,18
11/26/2021,TCL,AL,ASO,ES,Federal Contract Tower,6,3,14,0,23,0,2,17,0,19,6,5,31,0,42,4,0,4,46
11/27/2021,TCL,AL,ASO,ES,Federal Contract Tower,0,4,17,0,21,0,0,15,0,15,0,4,32,0,36,0,0,0,36
11/28/2021,TCL,AL,ASO,ES,Federal Contract Tower,0,4,38,0,42,0,0,26,0,26,0,4,64,0,68,16,0,16,84
11/29/2021,TCL,AL,ASO,ES,Federal Contract Tower,1,8,18,14,41,0,0,23,6,29,1,8,41,20,70,30,2,32,102
11/30/2021,TCL,AL,ASO,ES,Federal Contract Tower,1,10,15,10,36,0,0,33,2,35,1,10,48,12,71,6,12,18,89
12/01/2021,TCL,AL,ASO,ES,Federal Contract Tower,1,5,23,32,61,0,0,37,10,47,1,5,60,42,108,66,24,90,198
12/02/2021,TCL,AL,ASO,ES,Federal Contract Tower,1,13,30,14,58,0,0,33,8,41,1,13,63,22,99,26,0,26,125
12/03/2021,TCL,AL,ASO,ES,Federal Contract Tower,2,11,18,14,45,0,2,39,7,48,2,13,57,21,93,114,4,118,211
12/04/2021,TCL,AL,ASO,ES,Federal Contract Tower,2,8,13,2,25,0,0,10,0,10,2,8,23,2,35,34,0,34,69
12/05/2021,TCL,AL,ASO,ES,Federal Contract Tower,0,0,17,4,21,0,0,23,0,23,0,0,40,4,44,10,0,10,54
12/06/2021,TCL,AL,ASO,ES,Federal Contract Tower,0,5,15,4,24,0,0,0,0,0,0,5,15,4,24,0,6,6,30
12/07/2021,TCL,AL,ASO,ES,Federal Contract Tower,0,14,33,34,81,0,0,10,0,10,0,14,43,34,91,72,74,146,237
12/08/2021,TCL,AL,ASO,ES,Federal Contract Tower,0,14,23,34,71,0,0,23,6,29,0,14,46,40,100,56,64,120,220
12/09/2021,TCL,AL,ASO,ES,Federal Contract Tower,4,22,21,18,65,0,0,6,1,7,4,22,27,19,72,2,10,12,84
12/10/2021,TCL,AL,ASO,ES,Federal Contract Tower,1,19,35,0,55,0,0,0,0,0,1,19,35,0,55,2,0,2,57
12/11/2021,TCL,AL,ASO,ES,Federal Contract Tower,1,5,7,0,13,0,0,0,0,0,1,5,7,0,13,0,0,0,13
12/12/2021,TCL,AL,ASO,ES,Federal Contract Tower,1,1,23,0,25,0,0,38,2,40,1,1,61,2,65,38,0,38,103
12/13/2021,TCL,AL,ASO,ES,Federal Contract Tower,1,6,23,20,50,0,2,49,4,55,1,8,72,24,105,140,22,162,267
12/14/2021,TCL,AL,ASO,ES,Federal Contract Tower,0,8,12,20,40,0,0,24,8,32,0,8,36,28,72,32,12,44,116
12/15/2021,TCL,AL,ASO,ES,Federal Contract Tower,2,11,28,24,65,0,0,34,5,39,2,11,62,29,104,50,16,66,170
12/16/2021,TCL,AL,ASO,ES,Federal Contract Tower,0,12,28,40,80,0,0,17,0,17,0,12,45,40,97,36,112,148,245
12/17/2021,TCL,AL,ASO,ES,Federal Contract Tower,0,7,23,4,34,0,0,0,0,0,0,7,23,4,34,12,14,26,60
12/18/2021,TCL,AL,ASO,ES,Federal Contract Tower,0,2,3,7,12,0,0,0,0,0,0,2,3,7,12,0,0,0,12
12/19/2021,TCL,AL,ASO,ES,Federal Contract Tower,0,2,9,2,13,0,0,2,0,2,0,2,11,2,15,14,0,14,29
12/21/2021,TCL,AL,ASO,ES,Federal Contract Tower,0,0,21,12,33,0,0,15,0,15,0,0,36,12,48,22,54,76,124
12/22/2021,TCL,AL,ASO,ES,Federal Contract Tower,0,6,18,6,30,0,0,37,10,47,0,6,55,16,77,50,0,50,127
12/23/2021,TCL,AL,ASO,ES,Federal Contract Tower,0,8,13,0,21,0,1,27,0,28,0,9,40,0,49,42,0,42,91
12/24/2021,TCL,AL,ASO,ES,Federal Contract Tower,0,0,17,0,17,0,0,5,0,5,0,0,22,0,22,4,0,4,26
12/25/2021,TCL,AL,ASO,ES,Federal Contract Tower,0,0,0,0,0,0,0,0,0,0,0,0,0,0,0,0,0,0,0
12/26/2021,TCL,AL,ASO,ES,Federal Contract Tower,0,4,14,0,18,0,2,7,0,9,0,6,21,0,27,8,0,8,35
12/27/2021,TCL,AL,ASO,ES,Federal Contract Tower,0,3,34,0,37,0,0,10,0,10,0,3,44,0,47,20,0,20,67
12/28/2021,TCL,AL,ASO,ES,Federal Contract Tower,2,3,13,0,18,0,4,2,0,6,2,7,15,0,24,32,0,32,56
12/29/2021,TCL,AL,ASO,ES,Federal Contract Tower,0,1,20,0,21,0,2,4,0,6,0,3,24,0,27,10,0,10,37
12/30/2021,TCL,AL,ASO,ES,Federal Contract Tower,2,3,19,0,24,0,0,4,0,4,2,3,23,0,28,2,0,2,30
12/31/2021,TCL,AL,ASO,ES,Federal Contract Tower,0,1,10,0,11,0,6,1,0,7,0,7,11,0,18,0,0,0,18
01/01/2022,TCL,AL,ASO,ES,Federal Contract Tower,4,9,10,0,23,0,0,1,0,1,4,9,11,0,24,0,0,0,24
01/02/2022,TCL,AL,ASO,ES,Federal Contract Tower,0,2,22,0,24,0,0,2,0,2,0,2,24,0,26,4,0,4,30
01/03/2022,TCL,AL,ASO,ES,Federal Contract Tower,0,0,21,0,21,0,0,5,0,5,0,0,26,0,26,0,0,0,26
01/04/2022,TCL,AL,ASO,ES,Federal Contract Tower,2,4,15,2,23,0,0,33,2,35,2,4,48,4,58,54,0,54,112
01/05/2022,TCL,AL,ASO,ES,Federal Contract Tower,2,7,19,14,42,0,0,21,8,29,2,7,40,22,71,60,14,74,145
01/06/2022,TCL,AL,ASO,ES,Federal Contract Tower,2,5,20,6,33,0,0,2,0,2,2,5,22,6,35,0,0,0,35
01/07/2022,TCL,AL,ASO,ES,Federal Contract Tower,2,8,32,19,61,0,0,39,15,54,2,8,71,34,115,50,10,60,175
01/08/2022,TCL,AL,ASO,ES,Federal Contract Tower,1,5,9,19,34,0,0,46,6,52,1,5,55,25,86,60,34,94,180
01/09/2022,TCL,AL,ASO,ES,Federal Contract Tower,1,7,13,0,21,0,0,0,0,0,1,7,13,0,21,0,0,0,21
01/10/2022,TCL,AL,ASO,ES,Federal Contract Tower,4,11,38,4,57,0,0,29,3,32,4,11,67,7,89,8,0,8,97
01/11/2022,TCL,AL,ASO,ES,Federal Contract Tower,0,17,47,12,76,0,0,32,2,34,0,17,79,14,110,28,0,28,138
01/12/2022,TCL,AL,ASO,ES,Federal Contract Tower,0,6,33,0,39,0,0,45,0,45,0,6,78,0,84,126,0,126,210
01/13/2022,TCL,AL,ASO,ES,Federal Contract Tower,0,9,19,2,30,0,1,25,0,26,0,10,44,2,56,24,0,24,80
01/14/2022,TCL,AL,ASO,ES,Federal Contract Tower,0,7,27,12,46,0,1,26,0,27,0,8,53,12,73,62,8,70,143
01/15/2022,TCL,AL,ASO,ES,Federal Contract Tower,0,2,18,0,20,0,0,3,0,3,0,2,21,0,23,0,0,0,23
01/16/2022,TCL,AL,ASO,ES,Federal Contract Tower,2,3,13,0,18,0,0,0,0,0,2,3,13,0,18,0,0,0,18
01/17/2022,TCL,AL,ASO,ES,Federal Contract Tower,0,7,25,3,35,0,0,24,0,24,0,7,49,3,59,104,0,104,163
01/18/2022,TCL,AL,ASO,ES,Federal Contract Tower,2,5,27,16,50,0,0,42,0,42,2,5,69,16,92,106,4,110,202
01/19/2022,TCL,AL,ASO,ES,Federal Contract Tower,1,4,22,22,49,0,0,16,2,18,1,4,38,24,67,24,44,68,135
01/20/2022,TCL,AL,ASO,ES,Federal Contract Tower,3,7,19,4,33,0,0,2,1,3,3,7,21,5,36,0,0,0,36
01/21/2022,TCL,AL,ASO,ES,Federal Contract Tower,3,3,33,15,54,0,0,13,8,21,3,3,46,23,75,10,6,16,91
01/22/2022,TCL,AL,ASO,ES,Federal Contract Tower,0,1,23,0,24,0,0,41,0,41,0,1,64,0,65,36,0,36,101
01/23/2022,TCL,AL,ASO,ES,Federal Contract Tower,0,2,29,0,31,0,2,47,8,57,0,4,76,8,88,36,0,36,124
01/24/2022,TCL,AL,ASO,ES,Federal Contract Tower,4,12,16,12,44,0,0,38,0,38,4,12,54,12,82,72,0,72,154
01/25/2022,TCL,AL,ASO,ES,Federal Contract Tower,0,5,21,25,51,0,0,18,11,29,0,5,39,36,80,26,2,28,108
01/26/2022,TCL,AL,ASO,ES,Federal Contract Tower,2,4,20,12,38,0,2,27,0,29,2,6,47,12,67,28,0,28,95
01/27/2022,TCL,AL,ASO,ES,Federal Contract Tower,0,3,22,16,41,0,0,32,6,38,0,3,54,22,79,62,0,62,141
01/28/2022,TCL,AL,ASO,ES,Federal Contract Tower,2,1,15,6,24,0,2,12,2,16,2,3,27,8,40,12,0,12,52
01/29/2022,TCL,AL,ASO,ES,Federal Contract Tower,0,5,18,6,29,0,0,8,0,8,0,5,26,6,37,0,12,12,49
01/30/2022,TCL,AL,ASO,ES,Federal Contract Tower,1,0,16,2,19,0,0,26,2,28,1,0,42,4,47,22,4,26,73
01/31/2022,TCL,AL,ASO,ES,Federal Contract Tower,1,3,24,28,56,0,0,50,13,63,1,3,74,41,119,108,0,108,227
02/01/2022,TCL,AL,ASO,ES,Federal Contract Tower,1,8,34,27,70,0,0,40,16,56,1,8,74,43,126,80,18,98,224
02/02/2022,TCL,AL,ASO,ES,Federal Contract Tower,2,7,25,0,34,0,0,2,0,2,2,7,27,0,36,0,0,0,36
02/03/2022,TCL,AL,ASO,ES,Federal Contract Tower,1,8,16,0,25,0,0,0,0,0,1,8,16,0,25,0,0,0,25
02/04/2022,TCL,AL,ASO,ES,Federal Contract Tower,0,14,16,0,30,0,0,1,0,1,0,14,17,0,31,0,0,0,31
02/05/2022,TCL,AL,ASO,ES,Federal Contract Tower,1,8,17,4,30,0,0,34,0,34,1,8,51,4,64,66,0,66,130
02/06/2022,TCL,AL,ASO,ES,Federal Contract Tower,0,3,21,0,24,0,0,38,0,38,0,3,59,0,62,34,0,34,96
02/07/2022,TCL,AL,ASO,ES,Federal Contract Tower,0,0,22,30,52,0,0,26,18,44,0,0,48,48,96,6,26,32,128
02/08/2022,TCL,AL,ASO,ES,Federal Contract Tower,3,10,19,18,50,0,0,22,4,26,3,10,41,22,76,24,10,34,110
02/09/2022,TCL,AL,ASO,ES,Federal Contract Tower,2,6,21,11,40,0,0,28,5,33,2,6,49,16,73,94,12,106,179
02/10/2022,TCL,AL,ASO,ES,Federal Contract Tower,0,13,26,1,40,0,0,45,2,47,0,13,71,3,87,76,0,76,163
02/11/2022,TCL,AL,ASO,ES,Federal Contract Tower,1,3,37,8,49,0,4,35,3,42,1,7,72,11,91,60,24,84,175
02/12/2022,TCL,AL,ASO,ES,Federal Contract Tower,0,3,22,2,27,0,0,46,0,46,0,3,68,2,73,40,4,44,117
02/13/2022,TCL,AL,ASO,ES,Federal Contract Tower,1,3,16,3,23,0,2,28,3,33,1,5,44,6,56,20,14,34,90
02/14/2022,TCL,AL,ASO,ES,Federal Contract Tower,0,6,20,15,41,0,0,40,11,51,0,6,60,26,92,106,32,138,230
02/15/2022,TCL,AL,ASO,ES,Federal Contract Tower,0,9,31,9,49,0,4,37,9,50,0,13,68,18,99,52,28,80,179
02/16/2022,TCL,AL,ASO,ES,Federal Contract Tower,2,11,16,9,38,0,0,18,4,22,2,11,34,13,60,10,4,14,74
02/17/2022,TCL,AL,ASO,ES,Federal Contract Tower,1,6,5,4,16,0,0,1,0,1,1,6,6,4,17,0,0,0,17
02/18/2022,TCL,AL,ASO,ES,Federal Contract Tower,2,14,36,9,61,0,0,15,9,24,2,14,51,18,85,80,0,80,165
02/19/2022,TCL,AL,ASO,ES,Federal Contract Tower,2,5,15,2,24,0,0,53,0,53,2,5,68,2,77,54,0,54,131
02/20/2022,TCL,AL,ASO,ES,Federal Contract Tower,1,9,29,2,41,0,0,52,10,62,1,9,81,12,103,42,14,56,159
02/21/2022,TCL,AL,ASO,ES,Federal Contract Tower,1,0,20,0,21,0,0,4,1,5,1,0,24,1,26,0,0,0,26
02/22/2022,TCL,AL,ASO,ES,Federal Contract Tower,3,2,16,2,23,0,0,7,0,7,3,2,23,2,30,16,0,16,46
02/23/2022,TCL,AL,ASO,ES,Federal Contract Tower,2,8,23,6,39,0,0,2,0,2,2,8,25,6,41,0,0,0,41
02/24/2022,TCL,AL,ASO,ES,Federal Contract Tower,1,9,19,4,33,0,2,11,0,13,1,11,30,4,46,18,0,18,64
02/25/2022,TCL,AL,ASO,ES,Federal Contract Tower,2,8,21,24,55,0,0,17,11,28,2,8,38,35,83,76,0,76,159
02/26/2022,TCL,AL,ASO,ES,Federal Contract Tower,0,2,19,4,25,0,0,22,0,22,0,2,41,4,47,14,0,14,61
02/27/2022,TCL,AL,ASO,ES,Federal Contract Tower,2,5,31,0,38,0,0,0,0,0,2,5,31,0,38,0,0,0,38
02/28/2022,TCL,AL,ASO,ES,Federal Contract Tower,0,12,25,19,56,0,0,45,0,45,0,12,70,19,101,56,16,72,173
03/01/2022,TCL,AL,ASO,ES,Federal Contract Tower,2,5,27,16,50,0,0,44,3,47,2,5,71,19,97,44,0,44,141
03/02/2022,TCL,AL,ASO,ES,Federal Contract Tower,1,3,18,17,39,0,0,34,4,38,1,3,52,21,77,38,16,54,131
03/03/2022,TCL,AL,ASO,ES,Federal Contract Tower,3,7,28,9,47,0,0,46,6,52,3,7,74,15,99,54,0,54,153
03/04/2022,TCL,AL,ASO,ES,Federal Contract Tower,3,14,27,11,55,0,0,53,4,57,3,14,80,15,112,94,0,94,206
03/05/2022,TCL,AL,ASO,ES,Federal Contract Tower,0,8,22,1,31,0,0,39,1,40,0,8,61,2,71,40,0,40,111
03/06/2022,TCL,AL,ASO,ES,Federal Contract Tower,1,10,33,4,48,0,0,22,2,24,1,10,55,6,72,38,8,46,118
03/07/2022,TCL,AL,ASO,ES,Federal Contract Tower,0,5,10,6,21,0,0,12,0,12,0,5,22,6,33,6,0,6,39
03/08/2022,TCL,AL,ASO,ES,Federal Contract Tower,2,10,15,21,48,0,0,17,0,17,2,10,32,21,65,14,6,20,85
03/09/2022,TCL,AL,ASO,ES,Federal Contract Tower,0,12,30,24,66,0,0,16,0,16,0,12,46,24,82,80,32,112,194
03/10/2022,TCL,AL,ASO,ES,Federal Contract Tower,0,12,24,26,62,0,1,53,11,65,0,13,77,37,127,58,0,58,185
03/11/2022,TCL,AL,ASO,ES,Federal Contract Tower,1,10,31,22,64,0,0,16,2,18,1,10,47,24,82,40,40,80,162
03/12/2022,TCL,AL,ASO,ES,Federal Contract Tower,2,8,8,4,22,0,0,9,0,9,2,8,17,4,31,0,0,0,31
03/13/2022,TCL,AL,ASO,ES,Federal Contract Tower,0,7,17,11,35,0,0,32,3,35,0,7,49,14,70,16,18,34,104
03/14/2022,TCL,AL,ASO,ES,Federal Contract Tower,0,3,15,20,38,0,0,46,2,48,0,3,61,22,86,88,14,102,188
03/15/2022,TCL,AL,ASO,ES,Federal Contract Tower,2,1,26,8,37,0,0,3,0,3,2,1,29,8,40,0,0,0,40
03/16/2022,TCL,AL,ASO,ES,Federal Contract Tower,0,2,21,0,23,0,0,6,0,6,0,2,27,0,29,14,0,14,43
03/17/2022,TCL,AL,ASO,ES,Federal Contract Tower,0,9,17,6,32,0,0,18,0,18,0,9,35,6,50,36,0,36,86
03/18/2022,TCL,AL,ASO,ES,Federal Contract Tower,0,5,13,0,18,0,0,4,0,4,0,5,17,0,22,20,0,20,42
03/19/2022,TCL,AL,ASO,ES,Federal Contract Tower,0,8,21,0,29,0,0,28,0,28,0,8,49,0,57,36,0,36,93
03/20/2022,TCL,AL,ASO,ES,Federal Contract Tower,0,4,32,11,47,0,3,61,0,64,0,7,93,11,111,128,0,128,239
03/21/2022,TCL,AL,ASO,ES,Federal Contract Tower,0,4,30,16,50,0,0,27,0,27,0,4,57,16,77,72,0,72,149
03/22/2022,TCL,AL,ASO,ES,Federal Contract Tower,0,5,20,4,29,0,0,4,0,4,0,5,24,4,33,0,0,0,33
03/23/2022,TCL,AL,ASO,ES,Federal Contract Tower,0,6,27,2,35,0,0,11,0,11,0,6,38,2,46,50,18,68,114
03/24/2022,TCL,AL,ASO,ES,Federal Contract Tower,0,3,33,2,38,0,0,11,10,21,0,3,44,12,59,0,0,0,59
03/25/2022,TCL,AL,ASO,ES,Federal Contract Tower,0,14,30,7,51,0,0,31,0,31,0,14,61,7,82,62,0,62,144
03/26/2022,TCL,AL,ASO,ES,Federal Contract Tower,2,6,21,0,29,0,0,30,0,30,2,6,51,0,59,30,0,30,89
03/27/2022,TCL,AL,ASO,ES,Federal Contract Tower,0,7,34,2,43,0,2,61,2,65,0,9,95,4,108,84,18,102,210
03/28/2022,TCL,AL,ASO,ES,Federal Contract Tower,1,3,31,4,39,0,0,38,5,43,1,3,69,9,82,84,8,92,174
03/29/2022,TCL,AL,ASO,ES,Federal Contract Tower,4,4,38,0,46,0,0,18,4,22,4,4,56,4,68,46,0,46,114
03/30/2022,TCL,AL,ASO,ES,Federal Contract Tower,1,4,18,0,23,0,0,4,2,6,1,4,22,2,29,22,0,22,51
03/31/2022,TCL,AL,ASO,ES,Federal Contract Tower,2,9,25,0,36,0,0,21,0,21,2,9,46,0,57,22,0,22,79
04/01/2022,TCL,AL,ASO,ES,Federal Contract Tower,1,4,37,24,66,0,2,51,7,60,1,6,88,31,126,104,8,112,238
04/02/2022,TCL,AL,ASO,ES,Federal Contract Tower,0,6,6,1,13,0,1,33,2,36,0,7,39,3,49,38,0,38,87
04/03/2022,TCL,AL,ASO,ES,Federal Contract Tower,1,3,31,10,45,0,0,64,2,66,1,3,95,12,111,98,10,108,219
04/04/2022,TCL,AL,ASO,ES,Federal Contract Tower,0,3,31,9,43,0,0,34,11,45,0,3,65,20,88,48,10,58,146
04/05/2022,TCL,AL,ASO,ES,Federal Contract Tower,4,8,13,2,27,0,0,10,0,10,4,8,23,2,37,0,0,0,37
04/06/2022,TCL,AL,ASO,ES,Federal Contract Tower,3,8,8,2,21,0,0,2,0,2,3,8,10,2,23,0,0,0,23
04/07/2022,TCL,AL,ASO,ES,Federal Contract Tower,0,3,19,3,25,0,0,37,1,38,0,3,56,4,63,38,0,38,101
04/08/2022,TCL,AL,ASO,ES,Federal Contract Tower,2,10,39,4,55,0,0,28,0,28,2,10,67,4,83,38,0,38,121
04/09/2022,TCL,AL,ASO,ES,Federal Contract Tower,0,9,12,0,21,0,0,30,0,30,0,9,42,0,51,10,0,10,61
04/10/2022,TCL,AL,ASO,ES,Federal Contract Tower,1,7,25,4,37,0,0,34,6,40,1,7,59,10,77,36,6,42,119
04/11/2022,TCL,AL,ASO,ES,Federal Contract Tower,0,4,28,4,36,0,0,7,0,7,0,4,35,4,43,8,0,8,51
04/12/2022,TCL,AL,ASO,ES,Federal Contract Tower,1,12,22,7,42,0,0,14,1,15,1,12,36,8,57,26,14,40,97
04/13/2022,TCL,AL,ASO,ES,Federal Contract Tower,0,2,16,14,32,0,0,5,0,5,0,2,21,14,37,0,0,0,37
04/14/2022,TCL,AL,ASO,ES,Federal Contract Tower,1,13,26,13,53,0,1,28,4,33,1,14,54,17,86,10,6,16,102
04/15/2022,TCL,AL,ASO,ES,Federal Contract Tower,0,14,32,6,52,0,0,42,8,50,0,14,74,14,102,74,18,92,194
04/16/2022,TCL,AL,ASO,ES,Federal Contract Tower,0,5,13,0,18,0,0,1,0,1,0,5,14,0,19,0,0,0,19
04/17/2022,TCL,AL,ASO,ES,Federal Contract Tower,0,6,10,0,16,0,0,6,0,6,0,6,16,0,22,22,0,22,44
04/18/2022,TCL,AL,ASO,ES,Federal Contract Tower,0,10,38,4,52,0,0,11,0,11,0,10,49,4,63,22,0,22,85
04/19/2022,TCL,AL,ASO,ES,Federal Contract Tower,0,5,29,15,49,0,0,42,6,48,0,5,71,21,97,2,4,6,103
04/20/2022,TCL,AL,ASO,ES,Federal Contract Tower,0,19,26,6,51,0,0,30,10,40,0,19,56,16,91,28,14,42,133
04/21/2022,TCL,AL,ASO,ES,Federal Contract Tower,0,9,23,9,41,0,0,40,0,40,0,9,63,9,81,6,0,6,87
04/22/2022,TCL,AL,ASO,ES,Federal Contract Tower,0,8,25,11,44,0,2,49,25,76,0,10,74,36,120,30,0,30,150
04/23/2022,TCL,AL,ASO,ES,Federal Contract Tower,0,3,10,0,13,0,0,45,0,45,0,3,55,0,58,46,0,46,104
04/24/2022,TCL,AL,ASO,ES,Federal Contract Tower,0,15,19,8,42,0,0,35,0,35,0,15,54,8,77,20,0,20,97
04/25/2022,TCL,AL,ASO,ES,Federal Contract Tower,0,12,23,0,35,0,1,14,0,15,0,13,37,0,50,24,0,24,74
04/26/2022,TCL,AL,ASO,ES,Federal Contract Tower,0,11,24,12,47,0,0,12,0,12,0,11,36,12,59,6,0,6,65
04/27/2022,TCL,AL,ASO,ES,Federal Contract Tower,0,9,22,7,38,0,0,38,6,44,0,9,60,13,82,74,0,74,156
04/28/2022,TCL,AL,ASO,ES,Federal Contract Tower,0,11,31,2,44,0,0,39,2,41,0,11,70,4,85,22,0,22,107
04/29/2022,TCL,AL,ASO,ES,Federal Contract Tower,0,13,26,4,43,0,4,29,2,35,0,17,55,6,78,40,0,40,118
04/30/2022,TCL,AL,ASO,ES,Federal Contract Tower,0,0,17,0,17,0,0,9,0,9,0,0,26,0,26,20,0,20,46
05/01/2022,TCL,AL,ASO,ES,Federal Contract Tower,0,8,14,1,23,0,0,20,5,25,0,8,34,6,48,22,4,26,74
05/02/2022,TCL,AL,ASO,ES,Federal Contract Tower,0,7,18,6,31,0,0,27,0,27,0,7,45,6,58,58,0,58,116
05/03/2022,TCL,AL,ASO,ES,Federal Contract Tower,0,8,27,7,42,0,0,13,0,13,0,8,40,7,55,4,0,4,59
05/04/2022,TCL,AL,ASO,ES,Federal Contract Tower,0,2,17,3,22,0,0,12,3,15,0,2,29,6,37,20,0,20,57
05/05/2022,TCL,AL,ASO,ES,Federal Contract Tower,0,16,33,16,65,0,0,19,0,19,0,16,52,16,84,6,0,6,90
05/06/2022,TCL,AL,ASO,ES,Federal Contract Tower,0,15,41,8,64,0,0,11,0,11,0,15,52,8,75,9,6,15,90
05/07/2022,TCL,AL,ASO,ES,Federal Contract Tower,0,16,34,0,50,0,0,26,0,26,0,16,60,0,76,8,0,8,84
05/08/2022,TCL,AL,ASO,ES,Federal Contract Tower,1,12,15,0,28,0,2,25,0,27,1,14,40,0,55,10,0,10,65
05/09/2022,TCL,AL,ASO,ES,Federal Contract Tower,0,5,40,2,47,0,2,54,0,56,0,7,94,2,103,148,0,148,251
05/10/2022,TCL,AL,ASO,ES,Federal Contract Tower,0,4,28,14,46,0,2,44,0,46,0,6,72,14,92,64,18,82,174
05/11/2022,TCL,AL,ASO,ES,Federal Contract Tower,4,3,21,8,36,0,0,43,0,43,4,3,64,8,79,76,0,76,155
05/12/2022,TCL,AL,ASO,ES,Federal Contract Tower,1,8,25,4,38,0,0,24,0,24,1,8,49,4,62,40,0,40,102
05/13/2022,TCL,AL,ASO,ES,Federal Contract Tower,2,11,23,24,60,0,2,24,11,37,2,13,47,35,97,64,2,66,163
05/14/2022,TCL,AL,ASO,ES,Federal Contract Tower,1,8,19,0,28,0,0,20,0,20,1,8,39,0,48,34,0,34,82
05/15/2022,TCL,AL,ASO,ES,Federal Contract Tower,0,0,16,2,18,0,0,28,2,30,0,0,44,4,48,0,0,0,48
05/16/2022,TCL,AL,ASO,ES,Federal Contract Tower,0,6,30,0,36,0,1,11,1,13,0,7,41,1,49,36,0,36,85
05/17/2022,TCL,AL,ASO,ES,Federal Contract Tower,2,4,16,10,32,0,0,30,6,36,2,4,46,16,68,50,0,50,118
05/18/2022,TCL,AL,ASO,ES,Federal Contract Tower,1,7,31,1,40,0,2,47,0,49,1,9,78,1,89,60,0,60,149
05/19/2022,TCL,AL,ASO,ES,Federal Contract Tower,0,10,24,0,34,0,0,28,0,28,0,10,52,0,62,14,0,14,76
05/20/2022,TCL,AL,ASO,ES,Federal Contract Tower,1,6,20,2,29,0,2,16,0,18,1,8,36,2,47,42,0,42,89
05/21/2022,TCL,AL,ASO,ES,Federal Contract Tower,1,6,10,2,19,0,2,19,0,21,1,8,29,2,40,20,0,20,60
05/22/2022,TCL,AL,ASO,ES,Federal Contract Tower,1,3,11,4,19,0,0,7,2,9,1,3,18,6,28,0,14,14,42
05/23/2022,TCL,AL,ASO,ES,Federal Contract Tower,6,6,22,4,38,0,0,6,0,6,6,6,28,4,44,26,24,50,94
05/24/2022,TCL,AL,ASO,ES,Federal Contract Tower,2,15,19,0,36,0,0,6,0,6,2,15,25,0,42,10,0,10,52
05/25/2022,TCL,AL,ASO,ES,Federal Contract Tower,2,4,12,2,20,0,0,3,0,3,2,4,15,2,23,8,14,22,45
05/26/2022,TCL,AL,ASO,ES,Federal Contract Tower,1,10,23,0,34,0,0,11,0,11,1,10,34,0,45,0,0,0,45
05/27/2022,TCL,AL,ASO,ES,Federal Contract Tower,0,3,12,0,15,0,0,41,0,41,0,3,53,0,56,42,0,42,98
05/28/2022,TCL,AL,ASO,ES,Federal Contract Tower,0,4,16,0,20,0,2,38,0,40,0,6,54,0,60,8,0,8,68
05/29/2022,TCL,AL,ASO,ES,Federal Contract Tower,0,0,15,0,15,0,0,23,0,23,0,0,38,0,38,20,0,20,58
05/30/2022,TCL,AL,ASO,ES,Federal Contract Tower,0,7,10,0,17,0,0,15,0,15,0,7,25,0,32,22,0,22,54
05/31/2022,TCL,AL,ASO,ES,Federal Contract Tower,0,5,35,4,44,0,0,33,6,39,0,5,68,10,83,38,4,42,125
06/01/2022,TCL,AL,ASO,ES,Federal Contract Tower,0,15,28,26,69,0,0,30,8,38,0,15,58,34,107,66,8,74,181
06/02/2022,TCL,AL,ASO,ES,Federal Contract Tower,0,8,16,2,26,0,0,17,0,17,0,8,33,2,43,48,24,72,115
06/03/2022,TCL,AL,ASO,ES,Federal Contract Tower,0,9,30,8,47,0,0,10,0,10,0,9,40,8,57,18,0,18,75
06/04/2022,TCL,AL,ASO,ES,Federal Contract Tower,0,4,19,0,23,0,0,30,0,30,0,4,49,0,53,34,0,34,87
06/05/2022,TCL,AL,ASO,ES,Federal Contract Tower,2,4,11,6,23,0,0,30,0,30,2,4,41,6,53,38,0,38,91
06/06/2022,TCL,AL,ASO,ES,Federal Contract Tower,0,2,24,4,30,0,0,32,16,48,0,2,56,20,78,70,0,70,148
06/07/2022,TCL,AL,ASO,ES,Federal Contract Tower,0,4,25,6,35,0,0,33,6,39,0,4,58,12,74,42,4,46,120
06/08/2022,TCL,AL,ASO,ES,Federal Contract Tower,0,10,20,3,33,0,0,16,1,17,0,10,36,4,50,80,0,80,130
06/09/2022,TCL,AL,ASO,ES,Federal Contract Tower,1,9,32,6,48,0,0,0,28,28,1,9,32,34,76,20,0,20,96
06/10/2022,TCL,AL,ASO,ES,Federal Contract Tower,1,3,30,12,46,0,0,38,10,48,1,3,68,22,94,36,0,36,130
06/11/2022,TCL,AL,ASO,ES,Federal Contract Tower,0,9,16,3,28,0,0,16,0,16,0,9,32,3,44,12,0,12,56
06/12/2022,TCL,AL,ASO,ES,Federal Contract Tower,2,7,16,1,26,0,0,20,1,21,2,7,36,2,47,4,0,4,51
06/13/2022,TCL,AL,ASO,ES,Federal Contract Tower,0,5,29,13,47,0,0,23,7,30,0,5,52,20,77,42,6,48,125
06/14/2022,TCL,AL,ASO,ES,Federal Contract Tower,0,4,33,2,39,0,0,19,10,29,0,4,52,12,68,34,0,34,102
06/15/2022,TCL,AL,ASO,ES,Federal Contract Tower,0,4,56,9,69,0,0,37,8,45,0,4,93,17,114,116,48,164,278
06/16/2022,TCL,AL,ASO,ES,Federal Contract Tower,0,5,35,23,63,0,0,24,9,33,0,5,59,32,96,34,0,34,130
06/17/2022,TCL,AL,ASO,ES,Federal Contract Tower,1,6,21,6,34,0,2,17,8,27,1,8,38,14,61,8,14,22,83
06/18/2022,TCL,AL,ASO,ES,Federal Contract Tower,0,0,12,0,12,0,2,22,0,24,0,2,34,0,36,46,0,46,82
06/19/2022,TCL,AL,ASO,ES,Federal Contract Tower,0,8,18,2,28,0,2,18,2,22,0,10,36,4,50,10,0,10,60
06/20/2022,TCL,AL,ASO,ES,Federal Contract Tower,0,3,25,2,30,0,2,27,0,29,0,5,52,2,59,74,0,74,133
06/21/2022,TCL,AL,ASO,ES,Federal Contract Tower,0,10,15,7,32,0,0,16,5,21,0,10,31,12,53,26,8,34,87
06/22/2022,TCL,AL,ASO,ES,Federal Contract Tower,3,13,23,34,73,0,0,27,8,35,3,13,50,42,108,52,2,54,162
06/23/2022,TCL,AL,ASO,ES,Federal Contract Tower,0,12,18,12,42,0,0,31,2,33,0,12,49,14,75,68,10,78,153
06/24/2022,TCL,AL,ASO,ES,Federal Contract Tower,0,15,15,20,50,0,0,28,16,44,0,15,43,36,94,22,10,32,126
06/25/2022,TCL,AL,ASO,ES,Federal Contract Tower,0,6,9,0,15,0,6,26,2,34,0,12,35,2,49,34,0,34,83
06/26/2022,TCL,AL,ASO,ES,Federal Contract Tower,0,5,19,3,27,0,0,26,4,30,0,5,45,7,57,56,0,56,113
06/27/2022,TCL,AL,ASO,ES,Federal Contract Tower,0,3,15,10,28,0,0,26,4,30,0,3,41,14,58,48,8,56,114
06/28/2022,TCL,AL,ASO,ES,Federal Contract Tower,0,2,11,26,39,0,0,19,12,31,0,2,30,38,70,54,16,70,140
06/29/2022,TCL,AL,ASO,ES,Federal Contract Tower,0,8,36,0,44,0,0,20,6,26,0,8,56,6,70,66,0,66,136
06/30/2022,TCL,AL,ASO,ES,Federal Contract Tower,0,4,24,12,40,0,0,12,8,20,0,4,36,20,60,4,0,4,64
07/01/2022,TCL,AL,ASO,ES,Federal Contract Tower,0,4,30,2,36,0,0,19,0,19,0,4,49,2,55,22,0,22,77
07/02/2022,TCL,AL,ASO,ES,Federal Contract Tower,0,5,15,0,20,0,0,13,0,13,0,5,28,0,33,18,0,18,51
07/03/2022,TCL,AL,ASO,ES,Federal Contract Tower,0,0,10,0,10,0,0,19,0,19,0,0,29,0,29,44,0,44,73
07/04/2022,TCL,AL,ASO,ES,Federal Contract Tower,0,0,11,0,11,0,0,13,0,13,0,0,24,0,24,42,0,42,66
07/05/2022,TCL,AL,ASO,ES,Federal Contract Tower,0,4,25,4,33,0,0,13,10,23,0,4,38,14,56,8,0,8,64
07/06/2022,TCL,AL,ASO,ES,Federal Contract Tower,0,7,20,7,34,0,0,28,9,37,0,7,48,16,71,60,8,68,139
07/07/2022,TCL,AL,ASO,ES,Federal Contract Tower,0,0,22,2,24,0,0,29,2,31,0,0,51,4,55,34,0,34,89
07/08/2022,TCL,AL,ASO,ES,Federal Contract Tower,0,7,22,7,36,0,0,36,15,51,0,7,58,22,87,42,20,62,149
07/09/2022,TCL,AL,ASO,ES,Federal Contract Tower,0,0,11,0,11,0,0,30,0,30,0,0,41,0,41,26,0,26,67
07/10/2022,TCL,AL,ASO,ES,Federal Contract Tower,0,1,27,0,28,0,2,14,2,18,0,3,41,2,46,4,24,28,74
07/11/2022,TCL,AL,ASO,ES,Federal Contract Tower,0,6,31,24,61,0,0,40,7,47,0,6,71,31,108,50,8,58,166
07/12/2022,TCL,AL,ASO,ES,Federal Contract Tower,0,3,28,8,39,0,0,18,0,18,0,3,46,8,57,106,0,106,163
07/13/2022,TCL,AL,ASO,ES,Federal Contract Tower,0,2,20,1,23,0,0,16,4,20,0,2,36,5,43,12,0,12,55
07/14/2022,TCL,AL,ASO,ES,Federal Contract Tower,0,12,21,24,57,0,0,19,0,19,0,12,40,24,76,26,18,44,120
07/15/2022,TCL,AL,ASO,ES,Federal Contract Tower,0,8,18,18,44,0,0,44,10,54,0,8,62,28,98,78,22,100,198
07/16/2022,TCL,AL,ASO,ES,Federal Contract Tower,0,2,8,0,10,0,2,27,4,33,0,4,35,4,43,2,0,2,45
07/17/2022,TCL,AL,ASO,ES,Federal Contract Tower,0,2,14,0,16,0,0,22,0,22,0,2,36,0,38,8,0,8,46
07/18/2022,TCL,AL,ASO,ES,Federal Contract Tower,0,9,25,14,48,0,0,27,6,33,0,9,52,20,81,76,8,84,165
07/19/2022,TCL,AL,ASO,ES,Federal Contract Tower,0,12,25,4,41,0,0,7,0,7,0,12,32,4,48,0,0,0,48
07/20/2022,TCL,AL,ASO,ES,Federal Contract Tower,1,12,34,16,63,0,0,24,0,24,1,12,58,16,87,42,12,54,141
07/21/2022,TCL,AL,ASO,ES,Federal Contract Tower,0,4,23,2,29,0,0,14,3,17,0,4,37,5,46,26,0,26,72
07/22/2022,TCL,AL,ASO,ES,Federal Contract Tower,0,6,22,0,28,0,0,11,8,19,0,6,33,8,47,18,0,18,65
07/23/2022,TCL,AL,ASO,ES,Federal Contract Tower,0,2,11,0,13,0,0,24,0,24,0,2,35,0,37,14,0,14,51
07/24/2022,TCL,AL,ASO,ES,Federal Contract Tower,0,8,19,2,29,0,0,33,2,35,0,8,52,4,64,30,0,30,94
07/25/2022,TCL,AL,ASO,ES,Federal Contract Tower,0,5,28,8,41,0,0,19,2,21,0,5,47,10,62,32,0,32,94
07/26/2022,TCL,AL,ASO,ES,Federal Contract Tower,0,11,24,15,50,0,0,17,4,21,0,11,41,19,71,42,24,66,137
07/27/2022,TCL,AL,ASO,ES,Federal Contract Tower,0,3,29,16,48,0,0,39,12,51,0,3,68,28,99,62,22,84,183
07/28/2022,TCL,AL,ASO,ES,Federal Contract Tower,0,1,42,16,59,0,0,26,9,35,0,1,68,25,94,16,22,38,132
07/29/2022,TCL,AL,ASO,ES,Federal Contract Tower,0,2,24,17,43,0,0,20,9,29,0,2,44,26,72,66,4,70,142
07/30/2022,TCL,AL,ASO,ES,Federal Contract Tower,0,3,10,2,15,0,0,14,2,16,0,3,24,4,31,22,0,22,53
07/31/2022,TCL,AL,ASO,ES,Federal Contract Tower,0,1,29,0,30,0,4,10,0,14,0,5,39,0,44,8,0,8,52
08/01/2022,TCL,AL,ASO,ES,Federal Contract Tower,0,3,26,8,37,0,2,41,4,47,0,5,67,12,84,42,0,42,126
08/02/2022,TCL,AL,ASO,ES,Federal Contract Tower,0,8,20,2,30,0,0,13,6,19,0,8,33,8,49,6,0,6,55
08/03/2022,TCL,AL,ASO,ES,Federal Contract Tower,0,10,32,0,42,0,0,21,6,27,0,10,53,6,69,68,4,72,141
08/04/2022,TCL,AL,ASO,ES,Federal Contract Tower,0,17,40,7,64,0,0,18,4,22,0,17,58,11,86,48,6,54,140
08/05/2022,TCL,AL,ASO,ES,Federal Contract Tower,0,18,29,32,79,0,0,26,7,33,0,18,55,39,112,44,0,44,156
08/06/2022,TCL,AL,ASO,ES,Federal Contract Tower,0,2,19,1,22,0,0,27,1,28,0,2,46,2,50,16,0,16,66
08/07/2022,TCL,AL,ASO,ES,Federal Contract Tower,0,4,16,4,24,0,0,33,2,35,0,4,49,6,59,74,0,74,133
08/08/2022,TCL,AL,ASO,ES,Federal Contract Tower,0,6,21,12,39,0,0,31,8,39,0,6,52,20,78,24,0,24,102
08/09/2022,TCL,AL,ASO,ES,Federal Contract Tower,0,6,24,10,40,0,1,20,4,25,0,7,44,14,65,48,0,48,113
08/10/2022,TCL,AL,ASO,ES,Federal Contract Tower,0,11,21,8,40,0,1,15,5,21,0,12,36,13,61,40,8,48,109
08/11/2022,TCL,AL,ASO,ES,Federal Contract Tower,0,10,33,6,49,0,0,22,0,22,0,10,55,6,71,56,8,64,135
08/12/2022,TCL,AL,ASO,ES,Federal Contract Tower,1,20,40,25,86,0,2,23,11,36,1,22,63,36,122,50,0,50,172
08/13/2022,TCL,AL,ASO,ES,Federal Contract Tower,0,11,25,0,36,0,2,39,0,41,0,13,64,0,77,42,0,42,119
08/14/2022,TCL,AL,ASO,ES,Federal Contract Tower,0,11,33,2,46,0,0,50,7,57,0,11,83,9,103,24,46,70,173
08/15/2022,TCL,AL,ASO,ES,Federal Contract Tower,0,8,20,8,36,0,0,27,4,31,0,8,47,12,67,22,2,24,91
08/16/2022,TCL,AL,ASO,ES,Federal Contract Tower,0,7,17,6,30,0,0,17,24,41,0,7,34,30,71,40,2,42,113
08/17/2022,TCL,AL,ASO,ES,Federal Contract Tower,0,4,29,2,35,0,0,8,0,8,0,4,37,2,43,12,0,12,55
08/18/2022,TCL,AL,ASO,ES,Federal Contract Tower,0,11,18,8,37,0,0,28,8,36,0,11,46,16,73,42,4,46,119
08/19/2022,TCL,AL,ASO,ES,Federal Contract Tower,0,14,40,4,58,0,0,26,8,34,0,14,66,12,92,76,12,88,180
08/20/2022,TCL,AL,ASO,ES,Federal Contract Tower,0,5,14,0,19,0,0,0,10,10,0,5,14,10,29,0,0,0,29
08/21/2022,TCL,AL,ASO,ES,Federal Contract Tower,0,9,24,0,33,0,0,8,0,8,0,9,32,0,41,30,0,30,71
08/22/2022,TCL,AL,ASO,ES,Federal Contract Tower,0,10,16,0,26,0,0,2,2,4,0,10,18,2,30,0,0,0,30
08/23/2022,TCL,AL,ASO,ES,Federal Contract Tower,0,7,13,4,24,0,0,7,0,7,0,7,20,4,31,10,0,10,41
08/24/2022,TCL,AL,ASO,ES,Federal Contract Tower,0,13,12,10,35,0,0,8,2,10,0,13,20,12,45,18,0,18,63
08/25/2022,TCL,AL,ASO,ES,Federal Contract Tower,0,3,21,11,35,0,0,5,0,5,0,3,26,11,40,0,0,0,40
08/26/2022,TCL,AL,ASO,ES,Federal Contract Tower,0,8,21,6,35,0,2,13,12,27,0,10,34,18,62,34,18,52,114
08/27/2022,TCL,AL,ASO,ES,Federal Contract Tower,0,4,14,0,18,0,0,14,0,14,0,4,28,0,32,22,0,22,54
08/28/2022,TCL,AL,ASO,ES,Federal Contract Tower,0,6,18,4,28,0,2,28,7,37,0,8,46,11,65,18,0,18,83
08/29/2022,TCL,AL,ASO,ES,Federal Contract Tower,0,5,23,8,36,0,0,35,13,48,0,5,58,21,84,66,30,96,180
08/30/2022,TCL,AL,ASO,ES,Federal Contract Tower,0,8,12,0,20,0,1,14,4,19,0,9,26,4,39,38,0,38,77
08/31/2022,TCL,AL,ASO,ES,Federal Contract Tower,0,10,21,21,52,0,2,30,11,43,0,12,51,32,95,62,44,106,201
09/01/2022,TCL,AL,ASO,ES,Federal Contract Tower,0,5,33,0,38,0,0,12,2,14,0,5,45,2,52,6,0,6,58
09/02/2022,TCL,AL,ASO,ES,Federal Contract Tower,1,7,57,0,65,0,0,3,0,3,1,7,60,0,68,10,0,10,78
09/03/2022,TCL,AL,ASO,ES,Federal Contract Tower,1,21,25,0,47,0,0,8,0,8,1,21,33,0,55,0,0,0,55
09/04/2022,TCL,AL,ASO,ES,Federal Contract Tower,1,15,24,0,40,0,0,2,0,2,1,15,26,0,42,2,0,2,44
09/05/2022,TCL,AL,ASO,ES,Federal Contract Tower,0,2,17,0,19,0,0,11,0,11,0,2,28,0,30,0,0,0,30
09/06/2022,TCL,AL,ASO,ES,Federal Contract Tower,0,3,23,5,31,0,0,10,10,20,0,3,33,15,51,10,12,22,73
09/07/2022,TCL,AL,ASO,ES,Federal Contract Tower,0,12,23,10,45,0,5,28,0,33,0,17,51,10,78,36,0,36,114
09/08/2022,TCL,AL,ASO,ES,Federal Contract Tower,0,10,32,4,46,0,0,25,12,37,0,10,57,16,83,26,0,26,109
09/09/2022,TCL,AL,ASO,ES,Federal Contract Tower,4,6,28,6,44,0,0,20,0,20,4,6,48,6,64,26,0,26,90
09/10/2022,TCL,AL,ASO,ES,Federal Contract Tower,0,6,15,2,23,0,0,4,0,4,0,6,19,2,27,0,0,0,27
09/11/2022,TCL,AL,ASO,ES,Federal Contract Tower,0,11,27,8,46,0,0,12,0,12,0,11,39,8,58,28,0,28,86
09/12/2022,TCL,AL,ASO,ES,Federal Contract Tower,0,3,30,5,38,0,0,7,3,10,0,3,37,8,48,10,0,10,58
09/13/2022,TCL,AL,ASO,ES,Federal Contract Tower,0,7,32,6,45,0,10,42,7,59,0,17,74,13,104,20,0,20,124
09/14/2022,TCL,AL,ASO,ES,Federal Contract Tower,0,5,24,7,36,0,2,68,10,80,0,7,92,17,116,88,0,88,204
09/15/2022,TCL,AL,ASO,ES,Federal Contract Tower,0,16,42,10,68,0,0,26,10,36,0,16,68,20,104,58,12,70,174
09/16/2022,TCL,AL,ASO,ES,Federal Contract Tower,0,28,53,9,90,0,4,31,25,60,0,32,84,34,150,32,0,32,182
09/17/2022,TCL,AL,ASO,ES,Federal Contract Tower,0,7,44,0,51,0,0,38,0,38,0,7,82,0,89,8,0,8,97
09/18/2022,TCL,AL,ASO,ES,Federal Contract Tower,0,23,62,8,93,0,0,50,0,50,0,23,112,8,143,46,0,46,189
09/19/2022,TCL,AL,ASO,ES,Federal Contract Tower,0,11,25,2,38,0,0,28,25,53,0,11,53,27,91,38,12,50,141
09/20/2022,TCL,AL,ASO,ES,Federal Contract Tower,0,4,28,33,65,0,0,40,5,45,0,4,68,38,110,28,0,28,138
09/21/2022,TCL,AL,ASO,ES,Federal Contract Tower,0,6,25,12,43,0,0,29,10,39,0,6,54,22,82,24,0,24,106
09/22/2022,TCL,AL,ASO,ES,Federal Contract Tower,0,6,32,19,57,0,0,42,19,61,0,6,74,38,118,50,26,76,194
09/23/2022,TCL,AL,ASO,ES,Federal Contract Tower,0,18,41,4,63,0,0,39,28,67,0,18,80,32,130,18,0,18,148
09/24/2022,TCL,AL,ASO,ES,Federal Contract Tower,1,12,39,0,52,0,9,23,0,32,1,21,62,0,84,16,0,16,100
09/25/2022,TCL,AL,ASO,ES,Federal Contract Tower,1,25,57,0,83,0,0,24,0,24,1,25,81,0,107,46,0,46,153
09/26/2022,TCL,AL,ASO,ES,Federal Contract Tower,1,7,23,14,45,0,0,22,22,44,1,7,45,36,89,0,8,8,97
09/27/2022,TCL,AL,ASO,ES,Federal Contract Tower,0,4,19,12,35,0,0,21,14,35,0,4,40,26,70,10,0,10,80
09/28/2022,TCL,AL,ASO,ES,Federal Contract Tower,0,12,29,9,50,0,4,38,7,49,0,16,67,16,99,24,10,34,133
09/29/2022,TCL,AL,ASO,ES,Federal Contract Tower,0,20,32,20,72,0,2,41,24,67,0,22,73,44,139,28,28,56,195
09/30/2022,TCL,AL,ASO,ES,Federal Contract Tower,5,13,32,7,57,0,2,28,6,36,5,15,60,13,93,28,12,40,133
10/01/2022,TCL,AL,ASO,ES,Federal Contract Tower,0,5,18,0,23,0,0,28,4,32,0,5,46,4,55,12,0,12,67
10/02/2022,TCL,AL,ASO,ES,Federal Contract Tower,0,10,27,0,37,0,0,23,0,23,0,10,50,0,60,20,0,20,80
10/03/2022,TCL,AL,ASO,ES,Federal Contract Tower,0,4,29,20,53,0,6,41,27,74,0,10,70,47,127,104,0,104,231
10/04/2022,TCL,AL,ASO,ES,Federal Contract Tower,0,3,23,6,32,0,0,29,18,47,0,3,52,24,79,104,0,104,183
10/05/2022,TCL,AL,ASO,ES,Federal Contract Tower,0,7,27,13,47,0,0,54,4,58,0,7,81,17,105,76,0,76,181
10/06/2022,TCL,AL,ASO,ES,Federal Contract Tower,0,15,37,16,68,0,0,29,6,35,0,15,66,22,103,10,0,10,113
10/07/2022,TCL,AL,ASO,ES,Federal Contract Tower,0,68,89,0,157,0,2,70,10,82,0,70,159,10,239,12,0,12,251
10/08/2022,TCL,AL,ASO,ES,Federal Contract Tower,5,67,113,0,185,0,0,50,8,58,5,67,163,8,243,30,0,30,273
10/09/2022,TCL,AL,ASO,ES,Federal Contract Tower,0,96,123,0,219,0,3,43,2,48,0,99,166,2,267,0,0,0,267
10/10/2022,TCL,AL,ASO,ES,Federal Contract Tower,0,8,27,0,35,0,0,38,0,38,0,8,65,0,73,24,0,24,97
10/11/2022,TCL,AL,ASO,ES,Federal Contract Tower,0,1,21,25,47,0,0,42,18,60,0,1,63,43,107,74,4,78,185
10/12/2022,TCL,AL,ASO,ES,Federal Contract Tower,0,6,27,0,33,0,0,4,0,4,0,6,31,0,37,8,0,8,45
10/13/2022,TCL,AL,ASO,ES,Federal Contract Tower,0,2,31,22,55,0,0,18,5,23,0,2,49,27,78,6,0,6,84
10/14/2022,TCL,AL,ASO,ES,Federal Contract Tower,2,10,33,18,63,0,1,28,24,53,2,11,61,42,116,40,22,62,178
10/15/2022,TCL,AL,ASO,ES,Federal Contract Tower,0,8,21,4,33,0,0,0,0,0,0,8,21,4,33,0,0,0,33
10/16/2022,TCL,AL,ASO,ES,Federal Contract Tower,0,6,34,2,42,0,0,43,0,43,0,6,77,2,85,8,0,8,93
10/17/2022,TCL,AL,ASO,ES,Federal Contract Tower,0,6,27,14,47,0,4,27,15,46,0,10,54,29,93,24,8,32,125
10/18/2022,TCL,AL,ASO,ES,Federal Contract Tower,0,7,19,23,49,0,1,27,2,30,0,8,46,25,79,18,0,18,97
10/19/2022,TCL,AL,ASO,ES,Federal Contract Tower,0,6,18,7,31,0,0,34,8,42,0,6,52,15,73,70,12,82,155
10/20/2022,TCL,AL,ASO,ES,Federal Contract Tower,0,16,34,6,56,0,0,20,3,23,0,16,54,9,79,6,12,18,97
10/21/2022,TCL,AL,ASO,ES,Federal Contract Tower,1,33,52,6,92,0,0,48,18,66,1,33,100,24,158,12,32,44,202
10/22/2022,TCL,AL,ASO,ES,Federal Contract Tower,0,34,95,0,129,0,0,23,0,23,0,34,118,0,152,6,0,6,158
10/23/2022,TCL,AL,ASO,ES,Federal Contract Tower,0,34,68,2,104,0,2,70,0,72,0,36,138,2,176,10,0,10,186
10/24/2022,TCL,AL,ASO,ES,Federal Contract Tower,0,19,19,10,48,0,0,42,31,73,0,19,61,41,121,34,42,76,197
10/25/2022,TCL,AL,ASO,ES,Federal Contract Tower,0,7,17,0,24,0,0,9,0,9,0,7,26,0,33,12,0,12,45
10/26/2022,TCL,AL,ASO,ES,Federal Contract Tower,0,3,37,4,44,0,4,40,33,77,0,7,77,37,121,30,6,36,157
10/27/2022,TCL,AL,ASO,ES,Federal Contract Tower,0,6,30,17,53,0,0,22,16,38,0,6,52,33,91,0,10,10,101
10/28/2022,TCL,AL,ASO,ES,Federal Contract Tower,0,8,36,19,63,0,0,37,12,49,0,8,73,31,112,68,18,86,198
10/29/2022,TCL,AL,ASO,ES,Federal Contract Tower,0,2,10,0,12,0,0,11,0,11,0,2,21,0,23,20,0,20,43
10/30/2022,TCL,AL,ASO,ES,Federal Contract Tower,0,6,30,0,36,0,0,1,0,1,0,6,31,0,37,0,0,0,37
10/31/2022,TCL,AL,ASO,ES,Federal Contract Tower,0,15,15,6,36,0,2,18,2,22,0,17,33,8,58,18,0,18,76
11/01/2022,TCL,AL,ASO,ES,Federal Contract Tower,0,8,19,17,44,0,15,23,11,49,0,23,42,28,93,0,0,0,93
11/02/2022,TCL,AL,ASO,ES,Federal Contract Tower,1,11,17,25,54,0,0,34,16,50,1,11,51,41,104,20,2,22,126
11/03/2022,TCL,AL,ASO,ES,Federal Contract Tower,0,12,27,20,59,0,4,32,3,39,0,16,59,23,98,60,10,70,168
11/04/2022,TCL,AL,ASO,ES,Federal Contract Tower,3,12,25,15,55,0,0,33,24,57,3,12,58,39,112,12,0,12,124
11/05/2022,TCL,AL,ASO,ES,Federal Contract Tower,1,3,14,0,18,0,0,0,0,0,1,3,14,0,18,0,0,0,18
11/06/2022,TCL,AL,ASO,ES,Federal Contract Tower,0,7,34,4,45,0,0,25,0,25,0,7,59,4,70,16,8,24,94
11/07/2022,TCL,AL,ASO,ES,Federal Contract Tower,1,13,20,12,46,0,0,42,1,43,1,13,62,13,89,52,16,68,157
11/08/2022,TCL,AL,ASO,ES,Federal Contract Tower,1,8,26,12,47,0,0,33,6,39,1,8,59,18,86,52,0,52,138
11/09/2022,TCL,AL,ASO,ES,Federal Contract Tower,2,10,38,10,60,0,0,24,13,37,2,10,62,23,97,74,0,74,171
11/10/2022,TCL,AL,ASO,ES,Federal Contract Tower,0,8,23,31,62,0,6,18,17,41,0,14,41,48,103,12,14,26,129
11/11/2022,TCL,AL,ASO,ES,Federal Contract Tower,2,7,24,3,36,0,2,6,0,8,2,9,30,3,44,16,0,16,60
11/12/2022,TCL,AL,ASO,ES,Federal Contract Tower,1,5,18,4,28,0,0,1,0,1,1,5,19,4,29,0,0,0,29
11/13/2022,TCL,AL,ASO,ES,Federal Contract Tower,1,3,21,0,25,0,0,25,0,25,1,3,46,0,50,6,0,6,56
11/14/2022,TCL,AL,ASO,ES,Federal Contract Tower,1,5,29,8,43,0,0,29,10,39,1,5,58,18,82,28,0,28,110
11/15/2022,TCL,AL,ASO,ES,Federal Contract Tower,1,2,14,0,17,0,0,0,0,0,1,2,14,0,17,0,0,0,17
11/16/2022,TCL,AL,ASO,ES,Federal Contract Tower,2,9,16,12,39,0,2,30,16,48,2,11,46,28,87,26,8,34,121
11/17/2022,TCL,AL,ASO,ES,Federal Contract Tower,0,14,36,8,58,0,0,32,8,40,0,14,68,16,98,18,0,18,116
11/18/2022,TCL,AL,ASO,ES,Federal Contract Tower,3,18,35,7,63,0,0,43,20,63,3,18,78,27,126,34,0,34,160
11/19/2022,TCL,AL,ASO,ES,Federal Contract Tower,4,7,33,4,48,0,6,19,10,35,4,13,52,14,83,0,0,0,83
11/20/2022,TCL,AL,ASO,ES,Federal Contract Tower,0,7,27,2,36,0,0,35,0,35,0,7,62,2,71,6,0,6,77
11/21/2022,TCL,AL,ASO,ES,Federal Contract Tower,0,4,16,10,30,0,0,44,12,56,0,4,60,22,86,30,14,44,130
11/22/2022,TCL,AL,ASO,ES,Federal Contract Tower,2,5,21,4,32,0,4,17,10,31,2,9,38,14,63,28,0,28,91
11/23/2022,TCL,AL,ASO,ES,Federal Contract Tower,0,7,22,10,39,0,2,28,4,34,0,9,50,14,73,48,0,48,121
11/24/2022,TCL,AL,ASO,ES,Federal Contract Tower,0,6,5,0,11,0,0,10,0,10,0,6,15,0,21,8,0,8,29
11/25/2022,TCL,AL,ASO,ES,Federal Contract Tower,0,27,45,0,72,0,2,2,16,20,0,29,47,16,92,0,0,0,92
11/26/2022,TCL,AL,ASO,ES,Federal Contract Tower,0,50,98,4,152,0,2,6,8,16,0,52,104,12,168,0,12,12,180
11/27/2022,TCL,AL,ASO,ES,Federal Contract Tower,0,36,77,4,117,0,0,26,0,26,0,36,103,4,143,0,0,0,143
11/28/2022,TCL,AL,ASO,ES,Federal Contract Tower,2,2,29,2,35,0,2,37,1,40,2,4,66,3,75,30,0,30,105
11/29/2022,TCL,AL,ASO,ES,Federal Contract Tower,0,8,11,0,19,0,0,16,0,16,0,8,27,0,35,42,0,42,77
11/30/2022,TCL,AL,ASO,ES,Federal Contract Tower,2,5,14,3,24,0,4,25,0,29,2,9,39,3,53,0,0,0,53
12/01/2022,TCL,AL,ASO,ES,Federal Contract Tower,0,16,21,8,45,0,0,34,4,38,0,16,55,12,83,16,0,16,99
12/02/2022,TCL,AL,ASO,ES,Federal Contract Tower,0,5,29,4,38,0,0,24,8,32,0,5,53,12,70,42,26,68,138
12/03/2022,TCL,AL,ASO,ES,Federal Contract Tower,2,2,11,2,17,0,0,0,0,0,2,2,11,2,17,0,0,0,17
12/04/2022,TCL,AL,ASO,ES,Federal Contract Tower,0,11,27,5,43,0,4,17,0,21,0,15,44,5,64,0,0,0,64
12/05/2022,TCL,AL,ASO,ES,Federal Contract Tower,0,5,27,3,35,0,0,7,1,8,0,5,34,4,43,10,0,10,53
12/06/2022,TCL,AL,ASO,ES,Federal Contract Tower,0,9,25,10,44,0,0,10,0,10,0,9,35,10,54,8,0,8,62
12/07/2022,TCL,AL,ASO,ES,Federal Contract Tower,2,9,29,3,43,0,0,17,4,21,2,9,46,7,64,4,0,4,68
12/08/2022,TCL,AL,ASO,ES,Federal Contract Tower,0,17,34,11,62,0,0,18,4,22,0,17,52,15,84,6,30,36,120
12/09/2022,TCL,AL,ASO,ES,Federal Contract Tower,2,14,35,4,55,0,0,14,16,30,2,14,49,20,85,40,14,54,139
12/10/2022,TCL,AL,ASO,ES,Federal Contract Tower,0,6,18,0,24,0,0,0,0,0,0,6,18,0,24,0,0,0,24
12/11/2022,TCL,AL,ASO,ES,Federal Contract Tower,0,10,13,0,23,0,0,0,0,0,0,10,13,0,23,0,0,0,23
12/12/2022,TCL,AL,ASO,ES,Federal Contract Tower,1,5,22,4,32,0,0,0,0,0,1,5,22,4,32,0,0,0,32
12/13/2022,TCL,AL,ASO,ES,Federal Contract Tower,0,12,30,10,52,0,0,2,7,9,0,12,32,17,61,4,0,4,65
12/14/2022,TCL,AL,ASO,ES,Federal Contract Tower,1,6,4,0,11,0,0,0,0,0,1,6,4,0,11,0,0,0,11
12/15/2022,TCL,AL,ASO,ES,Federal Contract Tower,0,8,25,4,37,0,0,32,4,36,0,8,57,8,73,8,10,18,91
12/16/2022,TCL,AL,ASO,ES,Federal Contract Tower,0,9,29,16,54,0,0,40,5,45,0,9,69,21,99,22,0,22,121
12/17/2022,TCL,AL,ASO,ES,Federal Contract Tower,0,3,14,0,17,0,0,11,0,11,0,3,25,0,28,4,0,4,32
12/18/2022,TCL,AL,ASO,ES,Federal Contract Tower,1,8,12,0,21,0,2,28,2,32,1,10,40,2,53,10,0,10,63
12/19/2022,TCL,AL,ASO,ES,Federal Contract Tower,0,4,8,28,40,0,0,24,10,34,0,4,32,38,74,0,14,14,88
12/20/2022,TCL,AL,ASO,ES,Federal Contract Tower,0,2,18,2,22,0,0,0,0,0,0,2,18,2,22,0,0,0,22
12/21/2022,TCL,AL,ASO,ES,Federal Contract Tower,0,6,26,22,54,0,0,23,2,25,0,6,49,24,79,20,20,40,119
12/22/2022,TCL,AL,ASO,ES,Federal Contract Tower,0,7,29,0,36,0,0,8,0,8,0,7,37,0,44,0,0,0,44
12/23/2022,TCL,AL,ASO,ES,Federal Contract Tower,0,3,20,0,23,0,0,12,0,12,0,3,32,0,35,0,0,0,35
12/24/2022,TCL,AL,ASO,ES,Federal Contract Tower,0,0,8,0,8,0,4,2,0,6,0,4,10,0,14,0,0,0,14
12/25/2022,TCL,AL,ASO,ES,Federal Contract Tower,0,1,3,0,4,0,2,3,0,5,0,3,6,0,9,0,0,0,9
12/26/2022,TCL,AL,ASO,ES,Federal Contract Tower,2,5,22,0,29,0,2,17,0,19,2,7,39,0,48,26,0,26,74
12/27/2022,TCL,AL,ASO,ES,Federal Contract Tower,0,2,18,0,20,0,0,25,10,35,0,2,43,10,55,18,0,18,73
12/28/2022,TCL,AL,ASO,ES,Federal Contract Tower,0,11,24,3,38,0,0,0,0,0,0,11,24,3,38,26,0,26,64
12/29/2022,TCL,AL,ASO,ES,Federal Contract Tower,0,2,25,4,31,0,0,27,2,29,0,2,52,6,60,34,0,34,94
12/30/2022,TCL,AL,ASO,ES,Federal Contract Tower,0,0,23,0,23,0,0,5,0,5,0,0,28,0,28,8,0,8,36
12/31/2022,TCL,AL,ASO,ES,Federal Contract Tower,0,3,8,0,11,0,0,6,0,6,0,3,14,0,17,0,0,0,17
01/01/2023,TCL,AL,ASO,ES,Federal Contract Tower,2,5,12,0,19,0,0,29,0,29,2,5,41,0,48,32,0,32,80
01/02/2023,TCL,AL,ASO,ES,Federal Contract Tower,0,2,14,0,16,0,0,7,0,7,0,2,21,0,23,0,0,0,23
01/03/2023,TCL,AL,ASO,ES,Federal Contract Tower,0,7,8,0,15,0,0,0,0,0,0,7,8,0,15,0,0,0,15
01/04/2023,TCL,AL,ASO,ES,Federal Contract Tower,0,2,19,8,29,0,0,27,4,31,0,2,46,12,60,22,0,22,82
01/05/2023,TCL,AL,ASO,ES,Federal Contract Tower,0,16,16,14,46,0,4,28,3,35,0,20,44,17,81,8,0,8,89
01/06/2023,TCL,AL,ASO,ES,Federal Contract Tower,1,8,23,15,47,0,0,39,4,43,1,8,62,19,90,12,0,12,102
01/07/2023,TCL,AL,ASO,ES,Federal Contract Tower,1,2,26,1,30,0,0,51,1,52,1,2,77,2,82,30,0,30,112
01/08/2023,TCL,AL,ASO,ES,Federal Contract Tower,0,8,22,4,34,0,0,0,0,0,0,8,22,4,34,0,0,0,34
01/09/2023,TCL,AL,ASO,ES,Federal Contract Tower,1,7,26,14,48,0,0,40,10,50,1,7,66,24,98,66,0,66,164
01/10/2023,TCL,AL,ASO,ES,Federal Contract Tower,1,3,21,9,34,0,0,18,3,21,1,3,39,12,55,40,0,40,95
01/11/2023,TCL,AL,ASO,ES,Federal Contract Tower,0,2,18,4,24,0,0,4,0,4,0,2,22,4,28,0,0,0,28
01/12/2023,TCL,AL,ASO,ES,Federal Contract Tower,2,5,15,0,22,0,0,0,0,0,2,5,15,0,22,0,0,0,22
01/13/2023,TCL,AL,ASO,ES,Federal Contract Tower,2,5,21,12,40,0,2,7,0,9,2,7,28,12,49,0,0,0,49
01/14/2023,TCL,AL,ASO,ES,Federal Contract Tower,0,5,14,6,25,0,0,26,0,26,0,5,40,6,51,0,0,0,51
01/15/2023,TCL,AL,ASO,ES,Federal Contract Tower,0,3,9,2,14,0,3,46,0,49,0,6,55,2,63,52,0,52,115
01/16/2023,TCL,AL,ASO,ES,Federal Contract Tower,2,1,24,1,28,0,4,22,0,26,2,5,46,1,54,12,0,12,66
01/17/2023,TCL,AL,ASO,ES,Federal Contract Tower,2,6,31,4,43,0,0,7,0,7,2,6,38,4,50,0,0,0,50
01/18/2023,TCL,AL,ASO,ES,Federal Contract Tower,2,2,20,0,24,0,0,0,0,0,2,2,20,0,24,0,0,0,24
01/19/2023,TCL,AL,ASO,ES,Federal Contract Tower,0,6,29,2,37,0,0,32,0,32,0,6,61,2,69,20,0,20,89
01/20/2023,TCL,AL,ASO,ES,Federal Contract Tower,1,8,31,12,52,0,4,32,2,38,1,12,63,14,90,36,0,36,126
01/21/2023,TCL,AL,ASO,ES,Federal Contract Tower,0,2,4,4,10,0,0,28,0,28,0,2,32,4,38,16,0,16,54
01/22/2023,TCL,AL,ASO,ES,Federal Contract Tower,2,3,22,0,27,0,0,3,0,3,2,3,25,0,30,0,0,0,30
01/23/2023,TCL,AL,ASO,ES,Federal Contract Tower,1,3,25,15,44,0,0,50,5,55,1,3,75,20,99,86,2,88,187
01/24/2023,TCL,AL,ASO,ES,Federal Contract Tower,1,7,26,16,50,0,0,31,5,36,1,7,57,21,86,140,6,146,232
01/25/2023,TCL,AL,ASO,ES,Federal Contract Tower,0,3,16,5,24,0,0,7,0,7,0,3,23,5,31,0,0,0,31
01/26/2023,TCL,AL,ASO,ES,Federal Contract Tower,0,2,29,4,35,0,0,27,0,27,0,2,56,4,62,56,12,68,130
01/27/2023,TCL,AL,ASO,ES,Federal Contract Tower,3,8,31,16,58,0,0,52,2,54,3,8,83,18,112,68,12,80,192
01/28/2023,TCL,AL,ASO,ES,Federal Contract Tower,0,6,19,16,41,0,2,54,0,56,0,8,73,16,97,70,18,88,185
01/29/2023,TCL,AL,ASO,ES,Federal Contract Tower,0,3,25,1,29,0,0,6,0,6,0,3,31,1,35,2,0,2,37
01/30/2023,TCL,AL,ASO,ES,Federal Contract Tower,1,6,30,10,47,0,0,4,0,4,1,6,34,10,51,12,0,12,63
01/31/2023,TCL,AL,ASO,ES,Federal Contract Tower,0,10,12,0,22,0,0,0,0,0,0,10,12,0,22,0,0,0,22
02/01/2023,TCL,AL,ASO,ES,Federal Contract Tower,1,5,21,0,27,0,0,4,0,4,1,5,25,0,31,18,0,18,49
02/02/2023,TCL,AL,ASO,ES,Federal Contract Tower,0,13,10,0,23,0,0,0,0,0,0,13,10,0,23,0,0,0,23
02/03/2023,TCL,AL,ASO,ES,Federal Contract Tower,3,6,20,8,37,0,2,34,3,39,3,8,54,11,76,66,4,70,146
02/04/2023,TCL,AL,ASO,ES,Federal Contract Tower,0,7,23,0,30,0,0,48,0,48,0,7,71,0,78,32,0,32,110
02/05/2023,TCL,AL,ASO,ES,Federal Contract Tower,0,2,21,0,23,0,2,42,15,59,0,4,63,15,82,78,0,78,160
02/06/2023,TCL,AL,ASO,ES,Federal Contract Tower,0,6,43,8,57,0,4,41,4,49,0,10,84,12,106,146,0,146,252
02/07/2023,TCL,AL,ASO,ES,Federal Contract Tower,3,8,18,26,55,0,2,42,10,54,3,10,60,36,109,48,12,60,169
02/08/2023,TCL,AL,ASO,ES,Federal Contract Tower,1,1,33,4,39,0,0,0,6,6,1,1,33,10,45,2,28,30,75
02/09/2023,TCL,AL,ASO,ES,Federal Contract Tower,2,8,21,4,35,0,2,23,20,45,2,10,44,24,80,32,2,34,114
02/10/2023,TCL,AL,ASO,ES,Federal Contract Tower,0,8,33,11,52,0,0,19,10,29,0,8,52,21,81,27,0,27,108
02/11/2023,TCL,AL,ASO,ES,Federal Contract Tower,0,4,15,0,19,0,0,1,0,1,0,4,16,0,20,0,0,0,20
02/12/2023,TCL,AL,ASO,ES,Federal Contract Tower,0,6,21,0,27,0,1,27,4,32,0,7,48,4,59,32,0,32,91
02/13/2023,TCL,AL,ASO,ES,Federal Contract Tower,0,5,16,8,29,0,0,25,10,35,0,5,41,18,64,18,28,46,110
02/14/2023,TCL,AL,ASO,ES,Federal Contract Tower,2,8,15,0,25,0,5,19,4,28,2,13,34,4,53,16,0,16,69
02/15/2023,TCL,AL,ASO,ES,Federal Contract Tower,1,6,19,0,26,0,2,10,0,12,1,8,29,0,38,0,0,0,38
02/16/2023,TCL,AL,ASO,ES,Federal Contract Tower,1,7,12,0,20,0,0,3,0,3,1,7,15,0,23,0,0,0,23
02/17/2023,TCL,AL,ASO,ES,Federal Contract Tower,2,11,31,2,46,0,4,21,0,25,2,15,52,2,71,98,0,98,169
02/18/2023,TCL,AL,ASO,ES,Federal Contract Tower,0,9,27,0,36,0,0,47,0,47,0,9,74,0,83,38,0,38,121
02/19/2023,TCL,AL,ASO,ES,Federal Contract Tower,0,12,19,0,31,0,2,44,6,52,0,14,63,6,83,50,0,50,133
02/20/2023,TCL,AL,ASO,ES,Federal Contract Tower,2,12,38,0,52,0,0,30,0,30,2,12,68,0,82,50,0,50,132
02/21/2023,TCL,AL,ASO,ES,Federal Contract Tower,2,5,25,5,37,0,0,7,0,7,2,5,32,5,44,36,8,44,88
02/22/2023,TCL,AL,ASO,ES,Federal Contract Tower,1,4,20,9,34,0,4,11,0,15,1,8,31,9,49,0,4,4,53
02/23/2023,TCL,AL,ASO,ES,Federal Contract Tower,0,10,28,2,40,0,0,13,0,13,0,10,41,2,53,8,0,8,61
02/24/2023,TCL,AL,ASO,ES,Federal Contract Tower,1,12,31,0,44,0,0,7,1,8,1,12,38,1,52,18,0,18,70
02/25/2023,TCL,AL,ASO,ES,Federal Contract Tower,0,7,38,2,47,0,0,6,0,6,0,7,44,2,53,8,0,8,61
02/26/2023,TCL,AL,ASO,ES,Federal Contract Tower,0,12,24,0,36,0,0,15,0,15,0,12,39,0,51,22,0,22,73
02/27/2023,TCL,AL,ASO,ES,Federal Contract Tower,0,7,18,0,25,0,0,18,0,18,0,7,36,0,43,0,0,0,43
02/28/2023,TCL,AL,ASO,ES,Federal Contract Tower,0,5,34,7,46,0,2,36,7,45,0,7,70,14,91,80,0,80,171
03/01/2023,TCL,AL,ASO,ES,Federal Contract Tower,0,11,29,10,50,0,3,19,0,22,0,14,48,10,72,48,0,48,120
03/02/2023,TCL,AL,ASO,ES,Federal Contract Tower,0,8,26,3,37,0,0,4,0,4,0,8,30,3,41,0,10,10,51
03/03/2023,TCL,AL,ASO,ES,Federal Contract Tower,1,10,22,0,33,0,0,7,0,7,1,10,29,0,40,4,0,4,44
03/04/2023,TCL,AL,ASO,ES,Federal Contract Tower,0,8,28,1,37,0,0,56,0,56,0,8,84,1,93,72,0,72,165
03/05/2023,TCL,AL,ASO,ES,Federal Contract Tower,0,18,25,0,43,0,0,66,0,66,0,18,91,0,109,46,0,46,155
03/06/2023,TCL,AL,ASO,ES,Federal Contract Tower,0,6,16,6,28,0,3,50,3,56,0,9,66,9,84,74,12,86,170
03/07/2023,TCL,AL,ASO,ES,Federal Contract Tower,0,4,15,14,33,0,0,21,12,33,0,4,36,26,66,26,0,26,92
03/08/2023,TCL,AL,ASO,ES,Federal Contract Tower,0,2,23,18,43,0,0,20,4,24,0,2,43,22,67,4,18,22,89
03/09/2023,TCL,AL,ASO,ES,Federal Contract Tower,0,6,19,8,33,0,0,7,0,7,0,6,26,8,40,10,12,22,62
03/10/2023,TCL,AL,ASO,ES,Federal Contract Tower,0,2,44,0,46,0,5,19,6,30,0,7,63,6,76,20,4,24,100
03/11/2023,TCL,AL,ASO,ES,Federal Contract Tower,0,6,19,8,33,0,1,48,0,49,0,7,67,8,82,96,0,96,178
03/12/2023,TCL,AL,ASO,ES,Federal Contract Tower,0,0,9,0,9,0,0,0,0,0,0,0,9,0,9,0,0,0,9
03/13/2023,TCL,AL,ASO,ES,Federal Contract Tower,0,11,18,3,32,0,0,37,2,39,0,11,55,5,71,60,10,70,141
03/14/2023,TCL,AL,ASO,ES,Federal Contract Tower,0,3,10,4,17,0,0,29,0,29,0,3,39,4,46,26,0,26,72
03/15/2023,TCL,AL,ASO,ES,Federal Contract Tower,0,5,32,14,51,0,4,59,0,63,0,9,91,14,114,96,12,108,222
03/16/2023,TCL,AL,ASO,ES,Federal Contract Tower,1,5,31,5,42,0,0,56,8,64,1,5,87,13,106,40,0,40,146
03/17/2023,TCL,AL,ASO,ES,Federal Contract Tower,0,3,9,0,12,0,0,5,0,5,0,3,14,0,17,0,0,0,17
03/18/2023,TCL,AL,ASO,ES,Federal Contract Tower,2,7,11,0,20,0,2,30,2,34,2,9,41,2,54,50,0,50,104
03/19/2023,TCL,AL,ASO,ES,Federal Contract Tower,2,6,34,4,46,0,0,37,4,41,2,6,71,8,87,8,0,8,95
03/20/2023,TCL,AL,ASO,ES,Federal Contract Tower,0,4,26,7,37,0,0,37,4,41,0,4,63,11,78,76,0,76,154
03/21/2023,TCL,AL,ASO,ES,Federal Contract Tower,0,4,19,10,33,0,0,32,19,51,0,4,51,29,84,38,8,46,130
03/22/2023,TCL,AL,ASO,ES,Federal Contract Tower,2,11,39,17,69,0,4,44,14,62,2,15,83,31,131,32,2,34,165
03/23/2023,TCL,AL,ASO,ES,Federal Contract Tower,0,13,28,11,52,0,0,47,9,56,0,13,75,20,108,24,2,26,134
03/24/2023,TCL,AL,ASO,ES,Federal Contract Tower,0,7,34,11,52,0,0,7,2,9,0,7,41,13,61,30,20,50,111
03/25/2023,TCL,AL,ASO,ES,Federal Contract Tower,2,5,21,4,32,0,0,21,0,21,2,5,42,4,53,26,0,26,79
03/26/2023,TCL,AL,ASO,ES,Federal Contract Tower,0,7,23,3,33,0,0,27,2,29,0,7,50,5,62,60,0,60,122
03/27/2023,TCL,AL,ASO,ES,Federal Contract Tower,0,10,17,10,37,0,0,53,0,53,0,10,70,10,90,72,0,72,162
03/28/2023,TCL,AL,ASO,ES,Federal Contract Tower,1,6,28,16,51,0,0,22,6,28,1,6,50,22,79,22,14,36,115
03/29/2023,TCL,AL,ASO,ES,Federal Contract Tower,0,7,25,12,44,0,6,68,5,79,0,13,93,17,123,28,0,28,151
03/30/2023,TCL,AL,ASO,ES,Federal Contract Tower,1,21,41,10,73,0,0,33,14,47,1,21,74,24,120,50,6,56,176
03/31/2023,TCL,AL,ASO,ES,Federal Contract Tower,0,17,36,0,53,0,2,5,0,7,0,19,41,0,60,4,0,4,64
04/01/2023,TCL,AL,ASO,ES,Federal Contract Tower,0,6,8,0,14,0,0,8,1,9,0,6,16,1,23,6,0,6,29
04/02/2023,TCL,AL,ASO,ES,Federal Contract Tower,1,15,46,0,62,0,2,58,0,60,1,17,104,0,122,52,0,52,174
04/03/2023,TCL,AL,ASO,ES,Federal Contract Tower,4,5,24,0,33,0,0,2,0,2,4,5,26,0,35,10,0,10,45
04/04/2023,TCL,AL,ASO,ES,Federal Contract Tower,0,8,58,2,68,0,0,18,0,18,0,8,76,2,86,32,0,32,118
04/05/2023,TCL,AL,ASO,ES,Federal Contract Tower,2,18,33,8,61,0,2,49,4,55,2,20,82,12,116,58,0,58,174
04/06/2023,TCL,AL,ASO,ES,Federal Contract Tower,1,18,26,0,45,0,1,10,3,14,1,19,36,3,59,8,8,16,75
04/07/2023,TCL,AL,ASO,ES,Federal Contract Tower,0,4,20,4,28,0,0,3,0,3,0,4,23,4,31,12,22,34,65
04/08/2023,TCL,AL,ASO,ES,Federal Contract Tower,1,0,4,0,5,0,0,0,0,0,1,0,4,0,5,0,0,0,5
04/09/2023,TCL,AL,ASO,ES,Federal Contract Tower,0,9,15,0,24,0,2,13,2,17,0,11,28,2,41,0,6,6,47
04/10/2023,TCL,AL,ASO,ES,Federal Contract Tower,0,5,36,15,56,0,78,10,0,88,0,83,46,15,144,44,42,86,230
04/11/2023,TCL,AL,ASO,ES,Federal Contract Tower,1,10,30,30,71,0,2,52,6,60,1,12,82,36,131,24,4,28,159
04/12/2023,TCL,AL,ASO,ES,Federal Contract Tower,1,8,26,18,53,0,0,49,14,63,1,8,75,32,116,62,0,62,178
04/13/2023,TCL,AL,ASO,ES,Federal Contract Tower,0,13,23,4,40,0,0,4,0,4,0,13,27,4,44,12,0,12,56
04/14/2023,TCL,AL,ASO,ES,Federal Contract Tower,3,8,41,9,61,0,0,19,16,35,3,8,60,25,96,34,0,34,130
04/15/2023,TCL,AL,ASO,ES,Federal Contract Tower,0,4,21,6,31,0,0,27,0,27,0,4,48,6,58,66,0,66,124
04/16/2023,TCL,AL,ASO,ES,Federal Contract Tower,0,11,29,6,46,0,4,15,2,21,0,15,44,8,67,14,0,14,81
04/17/2023,TCL,AL,ASO,ES,Federal Contract Tower,1,7,21,14,43,0,2,50,2,54,1,9,71,16,97,52,4,56,153
04/18/2023,TCL,AL,ASO,ES,Federal Contract Tower,0,12,23,17,52,0,0,48,4,52,0,12,71,21,104,50,0,50,154
04/19/2023,TCL,AL,ASO,ES,Federal Contract Tower,0,14,19,10,43,0,2,42,8,52,0,16,61,18,95,84,0,84,179
04/20/2023,TCL,AL,ASO,ES,Federal Contract Tower,0,14,40,12,66,0,2,51,9,62,0,16,91,21,128,30,14,44,172
04/21/2023,TCL,AL,ASO,ES,Federal Contract Tower,1,8,21,2,32,0,0,22,0,22,1,8,43,2,54,56,0,56,110
04/22/2023,TCL,AL,ASO,ES,Federal Contract Tower,1,9,36,4,50,0,0,47,0,47,1,9,83,4,97,24,6,30,127
04/23/2023,TCL,AL,ASO,ES,Federal Contract Tower,0,5,35,3,43,0,0,29,0,29,0,5,64,3,72,6,0,6,78
04/24/2023,TCL,AL,ASO,ES,Federal Contract Tower,0,12,27,6,45,0,0,45,12,57,0,12,72,18,102,32,0,32,134
04/25/2023,TCL,AL,ASO,ES,Federal Contract Tower,0,1,16,6,23,0,0,41,7,48,0,1,57,13,71,32,0,32,103
04/26/2023,TCL,AL,ASO,ES,Federal Contract Tower,0,2,22,31,55,0,3,22,13,38,0,5,44,44,93,30,68,98,191
04/27/2023,TCL,AL,ASO,ES,Federal Contract Tower,0,7,23,1,31,0,0,2,0,2,0,7,25,1,33,0,0,0,33
04/28/2023,TCL,AL,ASO,ES,Federal Contract Tower,0,6,31,8,45,0,6,32,4,42,0,12,63,12,87,48,12,60,147
04/29/2023,TCL,AL,ASO,ES,Federal Contract Tower,0,0,7,2,9,0,0,25,1,26,0,0,32,3,35,0,2,2,37
04/30/2023,TCL,AL,ASO,ES,Federal Contract Tower,0,5,28,1,34,0,4,11,13,28,0,9,39,14,62,6,0,6,68
05/01/2023,TCL,AL,ASO,ES,Federal Contract Tower,0,9,16,10,35,0,2,15,5,22,0,11,31,15,57,4,0,4,61
05/02/2023,TCL,AL,ASO,ES,Federal Contract Tower,0,2,23,10,35,0,2,23,4,29,0,4,46,14,64,0,0,0,64
05/03/2023,TCL,AL,ASO,ES,Federal Contract Tower,0,3,31,9,43,0,0,33,0,33,0,3,64,9,76,58,0,58,134
05/04/2023,TCL,AL,ASO,ES,Federal Contract Tower,0,18,25,24,67,0,0,43,1,44,0,18,68,25,111,16,26,42,153
05/05/2023,TCL,AL,ASO,ES,Federal Contract Tower,1,19,58,43,121,0,1,19,2,22,1,20,77,45,143,2,0,2,145
05/06/2023,TCL,AL,ASO,ES,Federal Contract Tower,0,7,15,0,22,0,0,15,2,17,0,7,30,2,39,10,0,10,49
05/07/2023,TCL,AL,ASO,ES,Federal Contract Tower,0,19,34,0,53,0,2,28,2,32,0,21,62,2,85,44,0,44,129
05/08/2023,TCL,AL,ASO,ES,Federal Contract Tower,0,9,28,13,50,0,6,15,0,21,0,15,43,13,71,42,0,42,113
05/09/2023,TCL,AL,ASO,ES,Federal Contract Tower,2,6,23,6,37,0,0,13,2,15,2,6,36,8,52,52,0,52,104
05/10/2023,TCL,AL,ASO,ES,Federal Contract Tower,0,7,15,19,41,0,1,18,13,32,0,8,33,32,73,50,8,58,131
05/11/2023,TCL,AL,ASO,ES,Federal Contract Tower,0,12,12,19,43,0,0,12,3,15,0,12,24,22,58,22,0,22,80
05/12/2023,TCL,AL,ASO,ES,Federal Contract Tower,0,6,30,14,50,0,0,35,0,35,0,6,65,14,85,74,12,86,171
05/13/2023,TCL,AL,ASO,ES,Federal Contract Tower,2,8,20,0,30,0,0,33,2,35,2,8,53,2,65,26,0,26,91
05/14/2023,TCL,AL,ASO,ES,Federal Contract Tower,0,4,18,2,24,0,4,24,0,28,0,8,42,2,52,4,0,4,56
05/15/2023,TCL,AL,ASO,ES,Federal Contract Tower,2,3,10,2,17,0,8,37,5,50,2,11,47,7,67,66,2,68,135
05/16/2023,TCL,AL,ASO,ES,Federal Contract Tower,0,1,18,4,23,0,2,7,3,12,0,3,25,7,35,18,0,18,53
05/17/2023,TCL,AL,ASO,ES,Federal Contract Tower,0,4,11,1,16,0,0,15,2,17,0,4,26,3,33,38,0,38,71
05/18/2023,TCL,AL,ASO,ES,Federal Contract Tower,0,12,33,0,45,0,0,10,0,10,0,12,43,0,55,0,0,0,55
05/19/2023,TCL,AL,ASO,ES,Federal Contract Tower,0,5,32,0,37,0,6,19,0,25,0,11,51,0,62,46,0,46,108
05/20/2023,TCL,AL,ASO,ES,Federal Contract Tower,0,3,11,0,14,0,0,3,0,3,0,3,14,0,17,0,0,0,17
05/21/2023,TCL,AL,ASO,ES,Federal Contract Tower,0,5,24,20,49,0,2,25,4,31,0,7,49,24,80,16,4,20,100
05/22/2023,TCL,AL,ASO,ES,Federal Contract Tower,0,2,22,16,40,0,0,15,2,17,0,2,37,18,57,8,0,8,65
05/23/2023,TCL,AL,ASO,ES,Federal Contract Tower,2,4,24,6,36,0,0,4,0,4,2,4,28,6,40,16,0,16,56
05/24/2023,TCL,AL,ASO,ES,Federal Contract Tower,2,8,34,18,62,0,1,23,5,29,2,9,57,23,91,16,6,22,113
05/25/2023,TCL,AL,ASO,ES,Federal Contract Tower,0,7,27,11,45,0,0,0,0,0,0,7,27,11,45,22,10,32,77
05/26/2023,TCL,AL,ASO,ES,Federal Contract Tower,0,3,30,0,33,0,4,30,2,36,0,7,60,2,69,42,4,46,115
05/27/2023,TCL,AL,ASO,ES,Federal Contract Tower,0,2,12,1,15,0,4,30,6,40,0,6,42,7,55,20,0,20,75
05/28/2023,TCL,AL,ASO,ES,Federal Contract Tower,0,0,1,0,1,0,0,26,0,26,0,0,27,0,27,40,0,40,67
05/29/2023,TCL,AL,ASO,ES,Federal Contract Tower,0,1,20,0,21,0,0,36,0,36,0,1,56,0,57,6,0,6,63
05/30/2023,TCL,AL,ASO,ES,Federal Contract Tower,2,1,28,16,47,0,0,31,4,35,2,1,59,20,82,26,0,26,108
05/31/2023,TCL,AL,ASO,ES,Federal Contract Tower,2,2,25,0,29,0,0,35,9,44,2,2,60,9,73,20,0,20,93
06/01/2023,TCL,AL,ASO,ES,Federal Contract Tower,0,3,34,0,37,0,0,38,0,38,0,3,72,0,75,40,0,40,115
06/02/2023,TCL,AL,ASO,ES,Federal Contract Tower,0,4,18,5,27,0,0,27,8,35,0,4,45,13,62,60,4,64,126
06/03/2023,TCL,AL,ASO,ES,Federal Contract Tower,0,3,16,0,19,0,0,30,5,35,0,3,46,5,54,28,0,28,82
06/04/2023,TCL,AL,ASO,ES,Federal Contract Tower,0,2,19,2,23,0,0,31,8,39,0,2,50,10,62,18,0,18,80
06/05/2023,TCL,AL,ASO,ES,Federal Contract Tower,1,4,10,0,15,0,0,22,0,22,1,4,32,0,37,8,0,8,45
06/06/2023,TCL,AL,ASO,ES,Federal Contract Tower,0,7,21,14,42,0,0,32,2,34,0,7,53,16,76,12,0,12,88
06/07/2023,TCL,AL,ASO,ES,Federal Contract Tower,0,4,13,12,29,0,5,26,0,31,0,9,39,12,60,8,0,8,68
06/08/2023,TCL,AL,ASO,ES,Federal Contract Tower,0,8,28,10,46,0,0,27,2,29,0,8,55,12,75,30,0,30,105
06/09/2023,TCL,AL,ASO,ES,Federal Contract Tower,0,4,22,31,57,0,2,43,15,60,0,6,65,46,117,0,2,2,119
06/10/2023,TCL,AL,ASO,ES,Federal Contract Tower,0,0,11,5,16,0,0,16,11,27,0,0,27,16,43,12,48,60,103
06/11/2023,TCL,AL,ASO,ES,Federal Contract Tower,0,4,18,4,26,0,0,7,0,7,0,4,25,4,33,16,0,16,49
06/12/2023,TCL,AL,ASO,ES,Federal Contract Tower,2,1,23,12,38,0,0,10,10,20,2,1,33,22,58,4,0,4,62
06/13/2023,TCL,AL,ASO,ES,Federal Contract Tower,0,6,16,13,35,0,0,14,3,17,0,6,30,16,52,8,0,8,60
06/14/2023,TCL,AL,ASO,ES,Federal Contract Tower,0,4,13,0,17,0,0,11,0,11,0,4,24,0,28,2,0,2,30
06/15/2023,TCL,AL,ASO,ES,Federal Contract Tower,0,5,9,0,14,0,0,8,2,10,0,5,17,2,24,0,10,10,34
06/16/2023,TCL,AL,ASO,ES,Federal Contract Tower,0,6,19,5,30,0,0,12,9,21,0,6,31,14,51,20,0,20,71
06/17/2023,TCL,AL,ASO,ES,Federal Contract Tower,0,4,12,0,16,0,0,23,0,23,0,4,35,0,39,24,0,24,63
06/18/2023,TCL,AL,ASO,ES,Federal Contract Tower,0,8,19,0,27,0,4,4,0,8,0,12,23,0,35,20,0,20,55
06/19/2023,TCL,AL,ASO,ES,Federal Contract Tower,0,2,15,1,18,0,0,23,0,23,0,2,38,1,41,0,0,0,41
06/20/2023,TCL,AL,ASO,ES,Federal Contract Tower,0,3,23,16,42,0,0,38,9,47,0,3,61,25,89,22,12,34,123
06/21/2023,TCL,AL,ASO,ES,Federal Contract Tower,0,4,19,10,33,0,2,15,0,17,0,6,34,10,50,8,0,8,58
06/22/2023,TCL,AL,ASO,ES,Federal Contract Tower,0,8,16,13,37,0,0,16,2,18,0,8,32,15,55,12,4,16,71
06/23/2023,TCL,AL,ASO,ES,Federal Contract Tower,0,2,20,6,28,0,0,26,4,30,0,2,46,10,58,20,0,20,78
06/24/2023,TCL,AL,ASO,ES,Federal Contract Tower,0,3,8,0,11,0,0,80,1,81,0,3,88,1,92,20,0,20,112
06/25/2023,TCL,AL,ASO,ES,Federal Contract Tower,0,5,22,0,27,0,2,21,2,25,0,7,43,2,52,6,0,6,58
06/26/2023,TCL,AL,ASO,ES,Federal Contract Tower,0,6,18,2,26,0,0,29,2,31,0,6,47,4,57,36,0,36,93
06/27/2023,TCL,AL,ASO,ES,Federal Contract Tower,0,3,24,2,29,0,0,28,4,32,0,3,52,6,61,20,0,20,81
06/28/2023,TCL,AL,ASO,ES,Federal Contract Tower,0,6,22,4,32,0,0,40,10,50,0,6,62,14,82,22,0,22,104
06/29/2023,TCL,AL,ASO,ES,Federal Contract Tower,0,5,27,4,36,0,0,34,2,36,0,5,61,6,72,36,0,36,108
06/30/2023,TCL,AL,ASO,ES,Federal Contract Tower,0,4,31,4,39,0,4,25,2,31,0,8,56,6,70,16,0,16,86
07/01/2023,TCL,AL,ASO,ES,Federal Contract Tower,0,1,15,1,17,0,0,31,4,35,0,1,46,5,52,58,0,58,110
07/02/2023,TCL,AL,ASO,ES,Federal Contract Tower,0,0,11,0,11,0,2,15,0,17,0,2,26,0,28,0,0,0,28
07/03/2023,TCL,AL,ASO,ES,Federal Contract Tower,0,0,6,5,11,0,0,22,2,24,0,0,28,7,35,6,0,6,41
07/04/2023,TCL,AL,ASO,ES,Federal Contract Tower,0,8,7,0,15,0,2,19,0,21,0,10,26,0,36,0,0,0,36
07/05/2023,TCL,AL,ASO,ES,Federal Contract Tower,0,1,21,0,22,0,0,0,0,0,0,1,21,0,22,0,0,0,22
07/06/2023,TCL,AL,ASO,ES,Federal Contract Tower,0,7,25,6,38,0,0,17,4,21,0,7,42,10,59,22,4,26,85
07/07/2023,TCL,AL,ASO,ES,Federal Contract Tower,0,5,16,6,27,0,0,15,0,15,0,5,31,6,42,0,0,0,42
07/08/2023,TCL,AL,ASO,ES,Federal Contract Tower,0,0,11,0,11,0,0,11,0,11,0,0,22,0,22,28,0,28,50
07/09/2023,TCL,AL,ASO,ES,Federal Contract Tower,0,4,17,0,21,0,0,9,0,9,0,4,26,0,30,22,0,22,52
07/10/2023,TCL,AL,ASO,ES,Federal Contract Tower,1,4,21,31,57,0,4,22,4,30,1,8,43,35,87,22,42,64,151
07/11/2023,TCL,AL,ASO,ES,Federal Contract Tower,0,7,24,24,55,0,3,30,6,39,0,10,54,30,94,18,0,18,112
07/12/2023,TCL,AL,ASO,ES,Federal Contract Tower,0,2,30,6,38,0,3,35,0,38,0,5,65,6,76,24,0,24,100
07/13/2023,TCL,AL,ASO,ES,Federal Contract Tower,0,5,14,0,19,0,0,4,0,4,0,5,18,0,23,0,0,0,23
07/14/2023,TCL,AL,ASO,ES,Federal Contract Tower,0,1,15,0,16,0,0,9,0,9,0,1,24,0,25,6,0,6,31
07/15/2023,TCL,AL,ASO,ES,Federal Contract Tower,0,0,10,1,11,0,0,26,2,28,0,0,36,3,39,46,0,46,85
07/16/2023,TCL,AL,ASO,ES,Federal Contract Tower,0,2,12,7,21,0,0,25,5,30,0,2,37,12,51,14,0,14,65
07/17/2023,TCL,AL,ASO,ES,Federal Contract Tower,0,2,26,9,37,0,1,31,2,34,0,3,57,11,71,16,4,20,91
07/18/2023,TCL,AL,ASO,ES,Federal Contract Tower,0,5,27,6,38,0,0,24,0,24,0,5,51,6,62,28,0,28,90
07/19/2023,TCL,AL,ASO,ES,Federal Contract Tower,0,2,27,11,40,0,0,23,3,26,0,2,50,14,66,34,18,52,118
07/20/2023,TCL,AL,ASO,ES,Federal Contract Tower,0,0,11,0,11,0,0,7,0,7,0,0,18,0,18,0,0,0,18
07/21/2023,TCL,AL,ASO,ES,Federal Contract Tower,0,1,18,2,21,0,2,22,0,24,0,3,40,2,45,30,0,30,75
07/22/2023,TCL,AL,ASO,ES,Federal Contract Tower,0,1,19,0,20,0,0,5,0,5,0,1,24,0,25,6,0,6,31
07/23/2023,TCL,AL,ASO,ES,Federal Contract Tower,0,0,30,2,32,0,0,36,0,36,0,0,66,2,68,16,0,16,84
07/24/2023,TCL,AL,ASO,ES,Federal Contract Tower,0,3,6,16,25,0,2,63,6,71,0,5,69,22,96,50,14,64,160
07/25/2023,TCL,AL,ASO,ES,Federal Contract Tower,0,4,18,12,34,0,6,53,0,59,0,10,71,12,93,40,0,40,133
07/26/2023,TCL,AL,ASO,ES,Federal Contract Tower,0,6,24,16,46,0,4,48,8,60,0,10,72,24,106,36,2,38,144
07/27/2023,TCL,AL,ASO,ES,Federal Contract Tower,0,5,32,18,55,0,0,40,1,41,0,5,72,19,96,40,18,58,154
07/28/2023,TCL,AL,ASO,ES,Federal Contract Tower,0,8,28,9,45,0,0,24,7,31,0,8,52,16,76,18,12,30,106
07/29/2023,TCL,AL,ASO,ES,Federal Contract Tower,0,0,15,0,15,0,0,29,0,29,0,0,44,0,44,42,0,42,86
07/30/2023,TCL,AL,ASO,ES,Federal Contract Tower,0,2,27,2,31,0,0,33,0,33,0,2,60,2,64,18,0,18,82
07/31/2023,TCL,AL,ASO,ES,Federal Contract Tower,0,12,29,18,59,0,0,50,12,62,0,12,79,30,121,88,2,90,211
08/01/2023,TCL,AL,ASO,ES,Federal Contract Tower,0,8,24,4,36,0,1,35,4,40,0,9,59,8,76,30,0,30,106
08/02/2023,TCL,AL,ASO,ES,Federal Contract Tower,0,4,14,5,23,0,0,48,10,58,0,4,62,15,81,28,0,28,109
08/03/2023,TCL,AL,ASO,ES,Federal Contract Tower,1,2,16,12,31,0,2,28,0,30,1,4,44,12,61,38,0,38,99
08/04/2023,TCL,AL,ASO,ES,Federal Contract Tower,0,10,17,0,27,0,0,14,0,14,0,10,31,0,41,14,0,14,55
08/05/2023,TCL,AL,ASO,ES,Federal Contract Tower,0,5,18,3,26,0,0,27,0,27,0,5,45,3,53,38,0,38,91
08/06/2023,TCL,AL,ASO,ES,Federal Contract Tower,0,5,13,0,18,0,4,25,0,29,0,9,38,0,47,4,0,4,51
08/07/2023,TCL,AL,ASO,ES,Federal Contract Tower,0,2,26,10,38,0,0,33,3,36,0,2,59,13,74,48,10,58,132
08/08/2023,TCL,AL,ASO,ES,Federal Contract Tower,0,9,16,2,27,0,0,15,0,15,0,9,31,2,42,22,0,22,64
08/09/2023,TCL,AL,ASO,ES,Federal Contract Tower,1,4,21,27,53,0,2,22,4,28,1,6,43,31,81,26,38,64,145
08/10/2023,TCL,AL,ASO,ES,Federal Contract Tower,0,6,20,0,26,0,0,21,0,21,0,6,41,0,47,2,8,10,57
08/11/2023,TCL,AL,ASO,ES,Federal Contract Tower,0,5,31,4,40,0,0,31,20,51,0,5,62,24,91,22,8,30,121
08/12/2023,TCL,AL,ASO,ES,Federal Contract Tower,0,4,9,2,15,0,0,39,4,43,0,4,48,6,58,58,0,58,116
08/13/2023,TCL,AL,ASO,ES,Federal Contract Tower,0,5,15,4,24,0,4,32,0,36,0,9,47,4,60,0,0,0,60
08/14/2023,TCL,AL,ASO,ES,Federal Contract Tower,0,11,28,10,49,0,2,29,2,33,0,13,57,12,82,20,0,20,102
08/15/2023,TCL,AL,ASO,ES,Federal Contract Tower,0,9,20,5,34,0,1,32,6,39,0,10,52,11,73,36,0,36,109
08/16/2023,TCL,AL,ASO,ES,Federal Contract Tower,0,2,30,6,38,0,0,60,10,70,0,2,90,16,108,82,0,82,190
08/17/2023,TCL,AL,ASO,ES,Federal Contract Tower,0,5,22,4,31,0,2,42,16,60,0,7,64,20,91,64,0,64,155
08/18/2023,TCL,AL,ASO,ES,Federal Contract Tower,0,0,41,2,43,0,4,51,4,59,0,4,92,6,102,32,0,32,134
08/19/2023,TCL,AL,ASO,ES,Federal Contract Tower,0,0,19,0,19,0,0,37,4,41,0,0,56,4,60,30,0,30,90
08/20/2023,TCL,AL,ASO,ES,Federal Contract Tower,0,6,30,2,38,0,3,23,1,27,0,9,53,3,65,0,0,0,65
08/21/2023,TCL,AL,ASO,ES,Federal Contract Tower,0,3,20,18,41,0,0,14,2,16,0,3,34,20,57,40,4,44,101
08/22/2023,TCL,AL,ASO,ES,Federal Contract Tower,0,6,29,15,50,0,0,17,12,29,0,6,46,27,79,22,6,28,107
08/23/2023,TCL,AL,ASO,ES,Federal Contract Tower,0,3,28,0,31,0,0,17,1,18,0,3,45,1,49,4,0,4,53
08/24/2023,TCL,AL,ASO,ES,Federal Contract Tower,0,4,20,27,51,0,0,19,8,27,0,4,39,35,78,0,8,8,86
08/25/2023,TCL,AL,ASO,ES,Federal Contract Tower,0,3,23,3,29,0,0,22,1,23,0,3,45,4,52,44,0,44,96
08/26/2023,TCL,AL,ASO,ES,Federal Contract Tower,0,0,12,2,14,0,0,40,1,41,0,0,52,3,55,44,0,44,99
08/27/2023,TCL,AL,ASO,ES,Federal Contract Tower,0,2,22,0,24,0,0,23,0,23,0,2,45,0,47,18,0,18,65
08/28/2023,TCL,AL,ASO,ES,Federal Contract Tower,0,2,19,15,36,0,6,18,0,24,0,8,37,15,60,8,14,22,82
08/29/2023,TCL,AL,ASO,ES,Federal Contract Tower,0,2,35,10,47,0,0,16,0,16,0,2,51,10,63,10,10,20,83
08/30/2023,TCL,AL,ASO,ES,Federal Contract Tower,0,2,28,20,50,0,4,32,19,55,0,6,60,39,105,26,0,26,131
08/31/2023,TCL,AL,ASO,ES,Federal Contract Tower,0,6,29,19,54,0,1,51,4,56,0,7,80,23,110,38,0,38,148
