01/01/2020,TEB,NJ,AEA,EN,Towers with Radar,0,163,120,0,283,0,7,26,0,33,0,170,146,0,316,0,0,0,316
01/02/2020,TEB,NJ,AEA,EN,Towers with Radar,0,160,120,0,280,0,5,18,0,23,0,165,138,0,303,0,0,0,303
01/03/2020,TEB,NJ,AEA,EN,Towers with Radar,0,175,129,1,305,0,4,9,0,13,0,179,138,1,318,0,0,0,318
01/04/2020,TEB,NJ,AEA,EN,Towers with Radar,0,170,136,0,306,0,0,6,0,6,0,170,142,0,312,0,0,0,312
01/05/2020,TEB,NJ,AEA,EN,Towers with Radar,1,223,188,0,412,0,1,23,0,24,1,224,211,0,436,0,0,0,436
01/06/2020,TEB,NJ,AEA,EN,Towers with Radar,0,169,169,0,338,0,8,27,0,35,0,177,196,0,373,0,0,0,373
01/07/2020,TEB,NJ,AEA,EN,Towers with Radar,0,138,186,0,324,0,4,25,0,29,0,142,211,0,353,0,0,0,353
01/08/2020,TEB,NJ,AEA,EN,Towers with Radar,0,181,206,0,387,0,3,37,0,40,0,184,243,0,427,0,0,0,427
01/09/2020,TEB,NJ,AEA,EN,Towers with Radar,0,208,211,2,421,0,11,40,0,51,0,219,251,2,472,0,0,0,472
01/10/2020,TEB,NJ,AEA,EN,Towers with Radar,0,170,156,0,326,0,4,15,0,19,0,174,171,0,345,0,0,0,345
01/11/2020,TEB,NJ,AEA,EN,Towers with Radar,0,119,97,0,216,0,0,7,0,7,0,119,104,0,223,0,0,0,223
01/12/2020,TEB,NJ,AEA,EN,Towers with Radar,0,179,182,0,361,0,6,32,0,38,0,185,214,0,399,0,0,0,399
01/13/2020,TEB,NJ,AEA,EN,Towers with Radar,1,190,183,0,374,0,4,22,0,26,1,194,205,0,400,0,0,0,400
01/14/2020,TEB,NJ,AEA,EN,Towers with Radar,1,182,186,0,369,0,2,12,0,14,1,184,198,0,383,0,0,0,383
01/15/2020,TEB,NJ,AEA,EN,Towers with Radar,0,223,237,0,460,0,4,40,0,44,0,227,277,0,504,0,0,0,504
01/16/2020,TEB,NJ,AEA,EN,Towers with Radar,0,202,246,0,448,0,8,30,0,38,0,210,276,0,486,0,0,0,486
01/17/2020,TEB,NJ,AEA,EN,Towers with Radar,0,267,228,0,495,0,16,44,0,60,0,283,272,0,555,0,0,0,555
01/18/2020,TEB,NJ,AEA,EN,Towers with Radar,0,92,71,0,163,0,3,6,0,9,0,95,77,0,172,0,0,0,172
01/19/2020,TEB,NJ,AEA,EN,Towers with Radar,0,124,92,0,216,0,0,23,0,23,0,124,115,0,239,0,0,0,239
01/20/2020,TEB,NJ,AEA,EN,Towers with Radar,0,238,213,0,451,0,17,31,0,48,0,255,244,0,499,0,0,0,499
01/21/2020,TEB,NJ,AEA,EN,Towers with Radar,1,190,203,0,394,0,6,30,3,39,1,196,233,3,433,0,0,0,433
01/22/2020,TEB,NJ,AEA,EN,Towers with Radar,1,186,217,2,406,0,5,34,0,39,1,191,251,2,445,0,0,0,445
01/23/2020,TEB,NJ,AEA,EN,Towers with Radar,0,261,220,0,481,0,13,47,3,63,0,274,267,3,544,0,0,0,544
01/24/2020,TEB,NJ,AEA,EN,Towers with Radar,0,187,170,2,359,0,6,35,0,41,0,193,205,2,400,0,0,0,400
01/25/2020,TEB,NJ,AEA,EN,Towers with Radar,0,100,94,0,194,0,0,3,0,3,0,100,97,0,197,0,0,0,197
01/26/2020,TEB,NJ,AEA,EN,Towers with Radar,0,216,171,0,387,0,8,30,0,38,0,224,201,0,425,0,0,0,425
01/27/2020,TEB,NJ,AEA,EN,Towers with Radar,0,211,181,0,392,0,9,28,0,37,0,220,209,0,429,0,0,0,429
01/28/2020,TEB,NJ,AEA,EN,Towers with Radar,0,206,198,1,405,0,7,22,1,30,0,213,220,2,435,0,0,0,435
01/29/2020,TEB,NJ,AEA,EN,Towers with Radar,0,206,236,0,442,0,0,27,0,27,0,206,263,0,469,0,0,0,469
01/30/2020,TEB,NJ,AEA,EN,Towers with Radar,0,260,252,0,512,0,10,35,0,45,0,270,287,0,557,0,0,0,557
01/31/2020,TEB,NJ,AEA,EN,Towers with Radar,0,224,182,1,407,0,8,27,3,38,0,232,209,4,445,0,0,0,445
02/01/2020,TEB,NJ,AEA,EN,Towers with Radar,0,120,76,0,196,0,2,9,0,11,0,122,85,0,207,0,0,0,207
02/02/2020,TEB,NJ,AEA,EN,Towers with Radar,1,149,134,0,284,0,0,14,0,14,1,149,148,0,298,0,0,0,298
02/03/2020,TEB,NJ,AEA,EN,Towers with Radar,0,271,213,0,484,0,2,32,0,34,0,273,245,0,518,0,0,0,518
02/04/2020,TEB,NJ,AEA,EN,Towers with Radar,0,219,231,0,450,0,2,28,0,30,0,221,259,0,480,0,0,0,480
02/05/2020,TEB,NJ,AEA,EN,Towers with Radar,0,243,250,0,493,0,10,43,0,53,0,253,293,0,546,0,0,0,546
02/06/2020,TEB,NJ,AEA,EN,Towers with Radar,0,251,227,0,478,0,0,0,0,0,0,251,227,0,478,0,0,0,478
02/07/2020,TEB,NJ,AEA,EN,Towers with Radar,0,204,177,0,381,0,2,5,0,7,0,206,182,0,388,0,0,0,388
02/08/2020,TEB,NJ,AEA,EN,Towers with Radar,0,158,99,0,257,0,5,15,0,20,0,163,114,0,277,0,0,0,277
02/09/2020,TEB,NJ,AEA,EN,Towers with Radar,0,236,200,2,438,0,5,46,0,51,0,241,246,2,489,0,0,0,489
02/10/2020,TEB,NJ,AEA,EN,Towers with Radar,0,235,218,1,454,0,4,20,0,24,0,239,238,1,478,0,0,0,478
02/11/2020,TEB,NJ,AEA,EN,Towers with Radar,0,240,244,1,485,0,2,18,0,20,0,242,262,1,505,0,0,0,505
02/12/2020,TEB,NJ,AEA,EN,Towers with Radar,0,277,265,2,544,0,4,44,0,48,0,281,309,2,592,0,0,0,592
02/13/2020,TEB,NJ,AEA,EN,Towers with Radar,0,308,310,0,618,0,2,20,0,22,0,310,330,0,640,0,0,0,640
02/14/2020,TEB,NJ,AEA,EN,Towers with Radar,0,313,249,1,563,0,17,37,0,54,0,330,286,1,617,0,0,0,617
02/15/2020,TEB,NJ,AEA,EN,Towers with Radar,0,154,95,0,249,0,3,19,0,22,0,157,114,0,271,0,0,0,271
02/16/2020,TEB,NJ,AEA,EN,Towers with Radar,0,128,109,0,237,0,2,15,0,17,0,130,124,0,254,0,0,0,254
02/17/2020,TEB,NJ,AEA,EN,Towers with Radar,0,205,234,0,439,0,9,38,0,47,0,214,272,0,486,0,0,0,486
02/18/2020,TEB,NJ,AEA,EN,Towers with Radar,0,278,241,0,519,0,3,7,1,11,0,281,248,1,530,0,0,0,530
02/19/2020,TEB,NJ,AEA,EN,Towers with Radar,0,239,237,0,476,0,11,37,0,48,0,250,274,0,524,0,0,0,524
02/20/2020,TEB,NJ,AEA,EN,Towers with Radar,0,254,248,5,507,0,13,28,0,41,0,267,276,5,548,0,0,0,548
02/21/2020,TEB,NJ,AEA,EN,Towers with Radar,1,202,197,0,400,0,17,27,0,44,1,219,224,0,444,0,0,0,444
02/22/2020,TEB,NJ,AEA,EN,Towers with Radar,0,157,118,0,275,0,9,16,0,25,0,166,134,0,300,0,0,0,300
02/23/2020,TEB,NJ,AEA,EN,Towers with Radar,0,235,219,0,454,0,4,22,3,29,0,239,241,3,483,0,0,0,483
02/24/2020,TEB,NJ,AEA,EN,Towers with Radar,0,206,210,0,416,0,12,39,2,53,0,218,249,2,469,0,0,0,469
02/25/2020,TEB,NJ,AEA,EN,Towers with Radar,0,219,237,0,456,0,6,8,0,14,0,225,245,0,470,0,0,0,470
02/26/2020,TEB,NJ,AEA,EN,Towers with Radar,0,243,252,0,495,0,0,0,0,0,0,243,252,0,495,0,0,0,495
02/27/2020,TEB,NJ,AEA,EN,Towers with Radar,0,289,267,0,556,0,1,12,3,16,0,290,279,3,572,0,0,0,572
02/28/2020,TEB,NJ,AEA,EN,Towers with Radar,0,232,214,0,446,0,9,25,1,35,0,241,239,1,481,0,0,0,481
02/29/2020,TEB,NJ,AEA,EN,Towers with Radar,0,121,95,0,216,0,1,12,0,13,0,122,107,0,229,0,0,0,229
03/01/2020,TEB,NJ,AEA,EN,Towers with Radar,0,239,181,0,420,0,6,27,1,34,0,245,208,1,454,0,0,0,454
03/02/2020,TEB,NJ,AEA,EN,Towers with Radar,0,214,209,0,423,0,5,32,2,39,0,219,241,2,462,0,0,0,462
03/03/2020,TEB,NJ,AEA,EN,Towers with Radar,0,236,244,0,480,0,1,12,0,13,0,237,256,0,493,0,0,0,493
03/04/2020,TEB,NJ,AEA,EN,Towers with Radar,0,305,259,0,564,0,16,29,0,45,0,321,288,0,609,0,0,0,609
03/05/2020,TEB,NJ,AEA,EN,Towers with Radar,0,309,267,2,578,0,13,36,2,51,0,322,303,4,629,0,0,0,629
03/06/2020,TEB,NJ,AEA,EN,Towers with Radar,0,258,203,1,462,0,6,12,0,18,0,264,215,1,480,0,0,0,480
03/07/2020,TEB,NJ,AEA,EN,Towers with Radar,0,139,105,0,244,0,8,18,0,26,0,147,123,0,270,0,0,0,270
03/08/2020,TEB,NJ,AEA,EN,Towers with Radar,0,228,193,0,421,0,9,33,0,42,0,237,226,0,463,0,0,0,463
03/09/2020,TEB,NJ,AEA,EN,Towers with Radar,1,186,218,0,405,0,13,33,3,49,1,199,251,3,454,0,0,0,454
03/10/2020,TEB,NJ,AEA,EN,Towers with Radar,1,219,198,0,418,0,8,18,0,26,1,227,216,0,444,0,0,0,444
03/11/2020,TEB,NJ,AEA,EN,Towers with Radar,1,228,216,0,445,0,10,26,0,36,1,238,242,0,481,0,0,0,481
03/12/2020,TEB,NJ,AEA,EN,Towers with Radar,1,308,273,0,582,0,9,23,0,32,1,317,296,0,614,0,0,0,614
03/13/2020,TEB,NJ,AEA,EN,Towers with Radar,0,340,305,0,645,0,4,20,0,24,0,344,325,0,669,0,0,0,669
03/14/2020,TEB,NJ,AEA,EN,Towers with Radar,0,194,161,0,355,0,7,2,0,9,0,201,163,0,364,0,0,0,364
03/15/2020,TEB,NJ,AEA,EN,Towers with Radar,0,204,166,0,370,0,0,10,0,10,0,204,176,0,380,0,0,0,380
03/16/2020,TEB,NJ,AEA,EN,Towers with Radar,0,198,161,0,359,0,7,16,0,23,0,205,177,0,382,0,0,0,382
03/17/2020,TEB,NJ,AEA,EN,Towers with Radar,0,150,113,0,263,0,1,9,0,10,0,151,122,0,273,0,0,0,273
03/18/2020,TEB,NJ,AEA,EN,Towers with Radar,0,157,108,0,265,0,3,6,0,9,0,160,114,0,274,0,0,0,274
03/19/2020,TEB,NJ,AEA,EN,Towers with Radar,0,95,81,0,176,0,0,0,0,0,0,95,81,0,176,0,0,0,176
03/20/2020,TEB,NJ,AEA,EN,Towers with Radar,0,78,57,0,135,0,1,6,0,7,0,79,63,0,142,0,0,0,142
03/21/2020,TEB,NJ,AEA,EN,Towers with Radar,0,111,72,0,183,0,4,9,0,13,0,115,81,0,196,0,0,0,196
03/22/2020,TEB,NJ,AEA,EN,Towers with Radar,0,86,57,0,143,0,3,1,0,4,0,89,58,0,147,0,0,0,147
03/23/2020,TEB,NJ,AEA,EN,Towers with Radar,0,50,23,0,73,0,0,2,0,2,0,50,25,0,75,0,0,0,75
03/24/2020,TEB,NJ,AEA,EN,Towers with Radar,0,77,22,0,99,0,0,5,0,5,0,77,27,0,104,0,0,0,104
03/25/2020,TEB,NJ,AEA,EN,Towers with Radar,0,60,26,0,86,0,4,0,0,4,0,64,26,0,90,0,0,0,90
03/26/2020,TEB,NJ,AEA,EN,Towers with Radar,0,73,27,2,102,0,0,5,0,5,0,73,32,2,107,0,0,0,107
03/27/2020,TEB,NJ,AEA,EN,Towers with Radar,0,62,28,2,92,0,6,2,0,8,0,68,30,2,100,0,0,0,100
03/28/2020,TEB,NJ,AEA,EN,Towers with Radar,0,48,28,0,76,0,2,0,0,2,0,50,28,0,78,0,0,0,78
03/29/2020,TEB,NJ,AEA,EN,Towers with Radar,0,47,34,2,83,0,0,0,0,0,0,47,34,2,83,0,0,0,83
03/30/2020,TEB,NJ,AEA,EN,Towers with Radar,0,28,23,0,51,0,0,0,0,0,0,28,23,0,51,0,0,0,51
03/31/2020,TEB,NJ,AEA,EN,Towers with Radar,0,19,9,0,28,0,0,0,0,0,0,19,9,0,28,0,0,0,28
04/01/2020,TEB,NJ,AEA,EN,Towers with Radar,0,31,16,0,47,0,1,9,1,11,0,32,25,1,58,0,0,0,58
04/02/2020,TEB,NJ,AEA,EN,Towers with Radar,0,34,19,0,53,0,3,3,0,6,0,37,22,0,59,0,0,0,59
04/03/2020,TEB,NJ,AEA,EN,Towers with Radar,0,33,21,0,54,0,1,0,0,1,0,34,21,0,55,0,0,0,55
04/04/2020,TEB,NJ,AEA,EN,Towers with Radar,0,30,17,0,47,0,0,0,0,0,0,30,17,0,47,0,0,0,47
04/05/2020,TEB,NJ,AEA,EN,Towers with Radar,0,29,14,0,43,0,1,2,0,3,0,30,16,0,46,0,0,0,46
04/06/2020,TEB,NJ,AEA,EN,Towers with Radar,0,10,15,2,27,0,1,16,0,17,0,11,31,2,44,0,0,0,44
04/07/2020,TEB,NJ,AEA,EN,Towers with Radar,0,26,10,0,36,0,3,2,0,5,0,29,12,0,41,0,0,0,41
04/08/2020,TEB,NJ,AEA,EN,Towers with Radar,0,16,15,0,31,0,3,3,1,7,0,19,18,1,38,0,0,0,38
04/09/2020,TEB,NJ,AEA,EN,Towers with Radar,0,14,9,0,23,0,2,2,0,4,0,16,11,0,27,0,0,0,27
04/10/2020,TEB,NJ,AEA,EN,Towers with Radar,0,12,14,0,26,0,4,5,0,9,0,16,19,0,35,0,0,0,35
04/11/2020,TEB,NJ,AEA,EN,Towers with Radar,0,19,11,0,30,0,0,0,0,0,0,19,11,0,30,0,0,0,30
04/12/2020,TEB,NJ,AEA,EN,Towers with Radar,0,12,10,0,22,0,0,13,0,13,0,12,23,0,35,0,0,0,35
04/13/2020,TEB,NJ,AEA,EN,Towers with Radar,0,9,5,0,14,0,0,0,0,0,0,9,5,0,14,0,0,0,14
04/14/2020,TEB,NJ,AEA,EN,Towers with Radar,0,30,22,2,54,0,0,8,0,8,0,30,30,2,62,0,0,0,62
04/15/2020,TEB,NJ,AEA,EN,Towers with Radar,0,21,16,0,37,0,0,1,0,1,0,21,17,0,38,0,0,0,38
04/16/2020,TEB,NJ,AEA,EN,Towers with Radar,0,16,15,0,31,0,2,3,0,5,0,18,18,0,36,0,0,0,36
04/17/2020,TEB,NJ,AEA,EN,Towers with Radar,0,23,27,0,50,0,2,4,0,6,0,25,31,0,56,0,0,0,56
04/18/2020,TEB,NJ,AEA,EN,Towers with Radar,0,23,8,0,31,0,0,0,0,0,0,23,8,0,31,0,0,0,31
04/19/2020,TEB,NJ,AEA,EN,Towers with Radar,0,23,19,0,42,0,3,2,0,5,0,26,21,0,47,0,0,0,47
04/20/2020,TEB,NJ,AEA,EN,Towers with Radar,0,18,13,0,31,0,2,7,0,9,0,20,20,0,40,0,0,0,40
04/21/2020,TEB,NJ,AEA,EN,Towers with Radar,0,20,9,0,29,0,0,10,0,10,0,20,19,0,39,0,0,0,39
04/22/2020,TEB,NJ,AEA,EN,Towers with Radar,0,22,15,2,39,0,0,3,0,3,0,22,18,2,42,0,0,0,42
04/23/2020,TEB,NJ,AEA,EN,Towers with Radar,0,26,19,0,45,0,1,2,0,3,0,27,21,0,48,0,0,0,48
04/24/2020,TEB,NJ,AEA,EN,Towers with Radar,0,20,13,0,33,0,0,0,0,0,0,20,13,0,33,0,0,0,33
04/25/2020,TEB,NJ,AEA,EN,Towers with Radar,0,27,21,0,48,0,3,8,0,11,0,30,29,0,59,0,0,0,59
04/26/2020,TEB,NJ,AEA,EN,Towers with Radar,0,28,15,0,43,0,0,0,0,0,0,28,15,0,43,0,0,0,43
04/27/2020,TEB,NJ,AEA,EN,Towers with Radar,0,33,16,0,49,0,0,0,0,0,0,33,16,0,49,0,0,0,49
04/28/2020,TEB,NJ,AEA,EN,Towers with Radar,0,38,22,0,60,0,0,19,0,19,0,38,41,0,79,0,0,0,79
04/29/2020,TEB,NJ,AEA,EN,Towers with Radar,0,43,37,0,80,0,0,9,0,9,0,43,46,0,89,0,0,0,89
04/30/2020,TEB,NJ,AEA,EN,Towers with Radar,0,45,32,0,77,0,0,1,0,1,0,45,33,0,78,0,0,0,78
05/01/2020,TEB,NJ,AEA,EN,Towers with Radar,0,67,30,0,97,0,1,4,0,5,0,68,34,0,102,0,0,0,102
05/02/2020,TEB,NJ,AEA,EN,Towers with Radar,0,38,22,0,60,0,6,10,2,18,0,44,32,2,78,0,0,0,78
05/03/2020,TEB,NJ,AEA,EN,Towers with Radar,0,48,20,0,68,0,2,3,0,5,0,50,23,0,73,0,0,0,73
05/04/2020,TEB,NJ,AEA,EN,Towers with Radar,0,46,23,0,69,0,1,7,0,8,0,47,30,0,77,0,0,0,77
05/05/2020,TEB,NJ,AEA,EN,Towers with Radar,0,41,27,0,68,0,1,12,0,13,0,42,39,0,81,0,0,0,81
05/06/2020,TEB,NJ,AEA,EN,Towers with Radar,0,52,27,0,79,0,6,5,0,11,0,58,32,0,90,0,0,0,90
05/07/2020,TEB,NJ,AEA,EN,Towers with Radar,0,49,48,0,97,0,2,2,0,4,0,51,50,0,101,0,0,0,101
05/08/2020,TEB,NJ,AEA,EN,Towers with Radar,0,51,32,0,83,0,0,7,0,7,0,51,39,0,90,0,0,0,90
05/09/2020,TEB,NJ,AEA,EN,Towers with Radar,0,41,28,0,69,0,0,10,0,10,0,41,38,0,79,0,0,0,79
05/10/2020,TEB,NJ,AEA,EN,Towers with Radar,0,67,36,0,103,0,0,2,0,2,0,67,38,0,105,0,0,0,105
05/11/2020,TEB,NJ,AEA,EN,Towers with Radar,0,56,28,0,84,0,1,0,0,1,0,57,28,0,85,0,0,0,85
05/12/2020,TEB,NJ,AEA,EN,Towers with Radar,0,62,33,0,95,0,3,4,0,7,0,65,37,0,102,0,0,0,102
05/13/2020,TEB,NJ,AEA,EN,Towers with Radar,0,40,41,0,81,0,3,7,0,10,0,43,48,0,91,0,0,0,91
05/14/2020,TEB,NJ,AEA,EN,Towers with Radar,0,55,42,0,97,0,16,19,0,35,0,71,61,0,132,0,0,0,132
05/15/2020,TEB,NJ,AEA,EN,Towers with Radar,0,81,46,0,127,0,1,2,0,3,0,82,48,0,130,0,0,0,130
05/16/2020,TEB,NJ,AEA,EN,Towers with Radar,0,74,47,0,121,0,1,12,0,13,0,75,59,0,134,0,0,0,134
05/17/2020,TEB,NJ,AEA,EN,Towers with Radar,0,56,63,0,119,0,0,6,0,6,0,56,69,0,125,0,0,0,125
05/18/2020,TEB,NJ,AEA,EN,Towers with Radar,0,54,45,0,99,0,0,5,4,9,0,54,50,4,108,0,0,0,108
05/19/2020,TEB,NJ,AEA,EN,Towers with Radar,0,73,40,0,113,0,5,3,0,8,0,78,43,0,121,0,0,0,121
05/20/2020,TEB,NJ,AEA,EN,Towers with Radar,0,69,71,0,140,0,2,4,0,6,0,71,75,0,146,0,0,0,146
05/21/2020,TEB,NJ,AEA,EN,Towers with Radar,0,57,62,0,119,0,12,18,0,30,0,69,80,0,149,0,0,0,149
05/22/2020,TEB,NJ,AEA,EN,Towers with Radar,0,45,37,0,82,0,11,10,0,21,0,56,47,0,103,0,0,0,103
05/23/2020,TEB,NJ,AEA,EN,Towers with Radar,0,53,31,0,84,0,0,0,0,0,0,53,31,0,84,0,0,0,84
05/24/2020,TEB,NJ,AEA,EN,Towers with Radar,0,41,39,0,80,0,1,1,0,2,0,42,40,0,82,0,0,0,82
05/25/2020,TEB,NJ,AEA,EN,Towers with Radar,0,53,42,0,95,0,2,8,0,10,0,55,50,0,105,0,0,0,105
05/26/2020,TEB,NJ,AEA,EN,Towers with Radar,0,55,49,0,104,0,5,6,0,11,0,60,55,0,115,0,0,0,115
05/27/2020,TEB,NJ,AEA,EN,Towers with Radar,0,57,47,0,104,0,4,19,1,24,0,61,66,1,128,0,0,0,128
05/28/2020,TEB,NJ,AEA,EN,Towers with Radar,0,75,44,0,119,0,0,1,0,1,0,75,45,0,120,0,0,0,120
05/29/2020,TEB,NJ,AEA,EN,Towers with Radar,0,69,31,0,100,0,1,2,0,3,0,70,33,0,103,0,0,0,103
05/30/2020,TEB,NJ,AEA,EN,Towers with Radar,0,65,37,0,102,0,4,8,0,12,0,69,45,0,114,0,0,0,114
05/31/2020,TEB,NJ,AEA,EN,Towers with Radar,0,75,51,0,126,0,13,6,0,19,0,88,57,0,145,0,0,0,145
06/01/2020,TEB,NJ,AEA,EN,Towers with Radar,0,68,60,0,128,0,0,18,0,18,0,68,78,0,146,0,0,0,146
06/02/2020,TEB,NJ,AEA,EN,Towers with Radar,0,76,50,0,126,0,2,17,0,19,0,78,67,0,145,0,0,0,145
06/03/2020,TEB,NJ,AEA,EN,Towers with Radar,0,54,43,0,97,0,4,11,0,15,0,58,54,0,112,0,0,0,112
06/04/2020,TEB,NJ,AEA,EN,Towers with Radar,0,52,50,0,102,0,16,13,0,29,0,68,63,0,131,0,0,0,131
06/05/2020,TEB,NJ,AEA,EN,Towers with Radar,0,65,47,0,112,0,1,4,0,5,0,66,51,0,117,0,0,0,117
06/06/2020,TEB,NJ,AEA,EN,Towers with Radar,0,61,51,0,112,0,1,10,0,11,0,62,61,0,123,0,0,0,123
06/07/2020,TEB,NJ,AEA,EN,Towers with Radar,0,70,57,0,127,0,10,18,0,28,0,80,75,0,155,0,0,0,155
06/08/2020,TEB,NJ,AEA,EN,Towers with Radar,0,45,62,0,107,0,7,12,0,19,0,52,74,0,126,0,0,0,126
06/09/2020,TEB,NJ,AEA,EN,Towers with Radar,0,69,43,0,112,0,6,17,2,25,0,75,60,2,137,0,0,0,137
06/10/2020,TEB,NJ,AEA,EN,Towers with Radar,0,93,52,0,145,0,3,16,0,19,0,96,68,0,164,0,0,0,164
06/11/2020,TEB,NJ,AEA,EN,Towers with Radar,0,94,76,0,170,0,1,11,0,12,0,95,87,0,182,0,0,0,182
06/12/2020,TEB,NJ,AEA,EN,Towers with Radar,0,81,54,0,135,0,3,11,0,14,0,84,65,0,149,0,0,0,149
06/13/2020,TEB,NJ,AEA,EN,Towers with Radar,0,97,43,0,140,0,7,26,0,33,0,104,69,0,173,0,0,0,173
06/14/2020,TEB,NJ,AEA,EN,Towers with Radar,0,84,61,0,145,0,17,10,0,27,0,101,71,0,172,0,0,0,172
06/15/2020,TEB,NJ,AEA,EN,Towers with Radar,0,92,82,0,174,0,1,11,0,12,0,93,93,0,186,0,0,0,186
06/16/2020,TEB,NJ,AEA,EN,Towers with Radar,0,80,54,0,134,0,4,26,0,30,0,84,80,0,164,0,0,0,164
06/17/2020,TEB,NJ,AEA,EN,Towers with Radar,0,87,62,0,149,0,6,13,0,19,0,93,75,0,168,0,0,0,168
06/18/2020,TEB,NJ,AEA,EN,Towers with Radar,0,116,85,0,201,0,5,8,0,13,0,121,93,0,214,0,0,0,214
06/19/2020,TEB,NJ,AEA,EN,Towers with Radar,0,95,73,0,168,0,12,10,0,22,0,107,83,0,190,0,0,0,190
06/20/2020,TEB,NJ,AEA,EN,Towers with Radar,0,90,64,0,154,0,9,37,0,46,0,99,101,0,200,0,0,0,200
06/21/2020,TEB,NJ,AEA,EN,Towers with Radar,0,84,63,0,147,0,16,19,0,35,0,100,82,0,182,0,0,0,182
06/22/2020,TEB,NJ,AEA,EN,Towers with Radar,0,124,57,0,181,0,14,6,0,20,0,138,63,0,201,0,0,0,201
06/23/2020,TEB,NJ,AEA,EN,Towers with Radar,0,100,61,0,161,0,10,15,4,29,0,110,76,4,190,0,0,0,190
06/24/2020,TEB,NJ,AEA,EN,Towers with Radar,0,119,57,0,176,0,1,23,1,25,0,120,80,1,201,0,0,0,201
06/25/2020,TEB,NJ,AEA,EN,Towers with Radar,0,106,86,0,192,0,15,21,0,36,0,121,107,0,228,0,0,0,228
06/26/2020,TEB,NJ,AEA,EN,Towers with Radar,0,85,64,1,150,0,19,22,0,41,0,104,86,1,191,0,0,0,191
06/27/2020,TEB,NJ,AEA,EN,Towers with Radar,0,83,61,0,144,0,5,13,0,18,0,88,74,0,162,0,0,0,162
06/28/2020,TEB,NJ,AEA,EN,Towers with Radar,0,109,53,0,162,0,11,9,0,20,0,120,62,0,182,0,0,0,182
06/29/2020,TEB,NJ,AEA,EN,Towers with Radar,0,94,69,0,163,0,11,25,0,36,0,105,94,0,199,0,0,0,199
06/30/2020,TEB,NJ,AEA,EN,Towers with Radar,0,95,74,0,169,0,4,12,0,16,0,99,86,0,185,0,0,0,185
07/01/2020,TEB,NJ,AEA,EN,Towers with Radar,0,94,92,0,186,0,14,19,0,33,0,108,111,0,219,0,0,0,219
07/02/2020,TEB,NJ,AEA,EN,Towers with Radar,0,119,96,1,216,0,30,28,0,58,0,149,124,1,274,0,0,0,274
07/03/2020,TEB,NJ,AEA,EN,Towers with Radar,0,81,48,0,129,0,8,14,0,22,0,89,62,0,151,0,0,0,151
07/04/2020,TEB,NJ,AEA,EN,Towers with Radar,0,60,23,0,83,0,5,12,0,17,0,65,35,0,100,0,0,0,100
07/05/2020,TEB,NJ,AEA,EN,Towers with Radar,0,84,52,0,136,0,20,14,0,34,0,104,66,0,170,0,0,0,170
07/06/2020,TEB,NJ,AEA,EN,Towers with Radar,2,94,48,0,144,0,13,15,0,28,2,107,63,0,172,0,0,0,172
07/07/2020,TEB,NJ,AEA,EN,Towers with Radar,0,95,69,0,164,0,2,4,0,6,0,97,73,0,170,0,0,0,170
07/08/2020,TEB,NJ,AEA,EN,Towers with Radar,0,72,61,0,133,0,2,14,0,16,0,74,75,0,149,0,0,0,149
07/09/2020,TEB,NJ,AEA,EN,Towers with Radar,0,108,85,0,193,0,13,21,0,34,0,121,106,0,227,0,0,0,227
07/10/2020,TEB,NJ,AEA,EN,Towers with Radar,0,70,38,0,108,0,0,1,0,1,0,70,39,0,109,0,0,0,109
07/11/2020,TEB,NJ,AEA,EN,Towers with Radar,0,80,53,0,133,0,2,3,0,5,0,82,56,0,138,0,0,0,138
07/12/2020,TEB,NJ,AEA,EN,Towers with Radar,0,91,98,0,189,0,16,15,2,33,0,107,113,2,222,0,0,0,222
07/13/2020,TEB,NJ,AEA,EN,Towers with Radar,0,74,69,0,143,0,12,10,0,22,0,86,79,0,165,0,0,0,165
07/14/2020,TEB,NJ,AEA,EN,Towers with Radar,0,74,57,0,131,0,10,18,0,28,0,84,75,0,159,0,0,0,159
07/15/2020,TEB,NJ,AEA,EN,Towers with Radar,0,99,64,0,163,0,3,22,0,25,0,102,86,0,188,0,0,0,188
07/16/2020,TEB,NJ,AEA,EN,Towers with Radar,0,123,75,0,198,0,23,39,0,62,0,146,114,0,260,0,0,0,260
07/17/2020,TEB,NJ,AEA,EN,Towers with Radar,0,109,70,0,179,0,4,7,0,11,0,113,77,0,190,0,0,0,190
07/18/2020,TEB,NJ,AEA,EN,Towers with Radar,0,87,48,0,135,0,2,27,0,29,0,89,75,0,164,0,0,0,164
07/19/2020,TEB,NJ,AEA,EN,Towers with Radar,0,84,54,0,138,0,14,13,0,27,0,98,67,0,165,0,0,0,165
07/20/2020,TEB,NJ,AEA,EN,Towers with Radar,0,101,64,0,165,0,13,19,0,32,0,114,83,0,197,0,0,0,197
07/21/2020,TEB,NJ,AEA,EN,Towers with Radar,0,67,56,0,123,0,5,24,0,29,0,72,80,0,152,0,0,0,152
07/22/2020,TEB,NJ,AEA,EN,Towers with Radar,0,92,66,0,158,0,6,9,0,15,0,98,75,0,173,0,0,0,173
07/23/2020,TEB,NJ,AEA,EN,Towers with Radar,0,85,65,0,150,0,16,13,0,29,0,101,78,0,179,0,0,0,179
07/24/2020,TEB,NJ,AEA,EN,Towers with Radar,0,96,63,0,159,0,20,21,0,41,0,116,84,0,200,0,0,0,200
07/25/2020,TEB,NJ,AEA,EN,Towers with Radar,0,77,47,0,124,0,6,1,0,7,0,83,48,0,131,0,0,0,131
07/26/2020,TEB,NJ,AEA,EN,Towers with Radar,0,83,57,0,140,0,17,23,0,40,0,100,80,0,180,0,0,0,180
07/27/2020,TEB,NJ,AEA,EN,Towers with Radar,0,92,74,0,166,0,16,21,0,37,0,108,95,0,203,0,0,0,203
07/28/2020,TEB,NJ,AEA,EN,Towers with Radar,0,84,64,0,148,0,9,20,0,29,0,93,84,0,177,0,0,0,177
07/29/2020,TEB,NJ,AEA,EN,Towers with Radar,0,84,82,2,168,0,12,23,0,35,0,96,105,2,203,0,0,0,203
07/30/2020,TEB,NJ,AEA,EN,Towers with Radar,0,94,78,0,172,0,19,21,0,40,0,113,99,0,212,0,0,0,212
07/31/2020,TEB,NJ,AEA,EN,Towers with Radar,0,110,102,0,212,0,15,20,1,36,0,125,122,1,248,0,0,0,248
08/01/2020,TEB,NJ,AEA,EN,Towers with Radar,0,105,78,0,183,0,6,14,0,20,0,111,92,0,203,0,0,0,203
08/02/2020,TEB,NJ,AEA,EN,Towers with Radar,0,94,72,0,166,0,15,11,0,26,0,109,83,0,192,0,0,0,192
08/03/2020,TEB,NJ,AEA,EN,Towers with Radar,0,107,87,0,194,0,15,25,0,40,0,122,112,0,234,0,0,0,234
08/04/2020,TEB,NJ,AEA,EN,Towers with Radar,0,34,19,0,53,0,2,1,0,3,0,36,20,0,56,0,0,0,56
08/05/2020,TEB,NJ,AEA,EN,Towers with Radar,0,102,69,0,171,0,11,15,0,26,0,113,84,0,197,0,0,0,197
08/06/2020,TEB,NJ,AEA,EN,Towers with Radar,0,101,70,0,171,0,17,11,0,28,0,118,81,0,199,0,0,0,199
08/07/2020,TEB,NJ,AEA,EN,Towers with Radar,0,113,52,0,165,0,19,20,0,39,0,132,72,0,204,0,0,0,204
08/08/2020,TEB,NJ,AEA,EN,Towers with Radar,0,80,57,0,137,0,6,6,0,12,0,86,63,0,149,0,0,0,149
08/09/2020,TEB,NJ,AEA,EN,Towers with Radar,0,100,75,0,175,0,21,22,0,43,0,121,97,0,218,0,0,0,218
08/10/2020,TEB,NJ,AEA,EN,Towers with Radar,0,82,50,0,132,0,16,25,0,41,0,98,75,0,173,0,0,0,173
08/11/2020,TEB,NJ,AEA,EN,Towers with Radar,0,72,67,0,139,0,5,31,0,36,0,77,98,0,175,0,0,0,175
08/12/2020,TEB,NJ,AEA,EN,Towers with Radar,0,87,88,0,175,0,9,15,0,24,0,96,103,0,199,0,0,0,199
08/13/2020,TEB,NJ,AEA,EN,Towers with Radar,0,107,81,0,188,0,17,21,0,38,0,124,102,0,226,0,0,0,226
08/14/2020,TEB,NJ,AEA,EN,Towers with Radar,0,93,89,0,182,0,27,20,0,47,0,120,109,0,229,0,0,0,229
08/15/2020,TEB,NJ,AEA,EN,Towers with Radar,0,83,56,0,139,0,6,10,0,16,0,89,66,0,155,0,0,0,155
08/16/2020,TEB,NJ,AEA,EN,Towers with Radar,0,90,98,0,188,0,4,2,0,6,0,94,100,0,194,0,0,0,194
08/17/2020,TEB,NJ,AEA,EN,Towers with Radar,0,103,80,0,183,0,13,25,0,38,0,116,105,0,221,0,0,0,221
08/18/2020,TEB,NJ,AEA,EN,Towers with Radar,0,111,83,0,194,0,5,20,0,25,0,116,103,0,219,0,0,0,219
08/19/2020,TEB,NJ,AEA,EN,Towers with Radar,0,117,92,0,209,0,2,23,0,25,0,119,115,0,234,0,0,0,234
08/20/2020,TEB,NJ,AEA,EN,Towers with Radar,0,96,69,0,165,0,21,22,0,43,0,117,91,0,208,0,0,0,208
08/21/2020,TEB,NJ,AEA,EN,Towers with Radar,0,101,57,0,158,0,27,32,0,59,0,128,89,0,217,0,0,0,217
08/22/2020,TEB,NJ,AEA,EN,Towers with Radar,0,102,58,0,160,0,12,6,0,18,0,114,64,0,178,0,0,0,178
08/23/2020,TEB,NJ,AEA,EN,Towers with Radar,0,103,101,0,204,0,17,18,0,35,0,120,119,0,239,0,0,0,239
08/24/2020,TEB,NJ,AEA,EN,Towers with Radar,0,97,91,0,188,0,13,28,4,45,0,110,119,4,233,0,0,0,233
08/25/2020,TEB,NJ,AEA,EN,Towers with Radar,0,104,81,0,185,0,6,31,0,37,0,110,112,0,222,0,0,0,222
08/26/2020,TEB,NJ,AEA,EN,Towers with Radar,0,95,95,0,190,0,4,21,0,25,0,99,116,0,215,0,0,0,215
08/27/2020,TEB,NJ,AEA,EN,Towers with Radar,0,97,81,0,178,0,18,11,0,29,0,115,92,0,207,0,0,0,207
08/28/2020,TEB,NJ,AEA,EN,Towers with Radar,0,123,85,0,208,0,19,25,0,44,0,142,110,0,252,0,0,0,252
08/29/2020,TEB,NJ,AEA,EN,Towers with Radar,0,93,43,0,136,0,2,7,0,9,0,95,50,0,145,0,0,0,145
08/30/2020,TEB,NJ,AEA,EN,Towers with Radar,0,94,95,0,189,0,21,21,0,42,0,115,116,0,231,0,0,0,231
08/31/2020,TEB,NJ,AEA,EN,Towers with Radar,0,99,83,0,182,0,13,21,0,34,0,112,104,0,216,0,0,0,216
09/01/2020,TEB,NJ,AEA,EN,Towers with Radar,0,103,83,0,186,0,3,20,0,23,0,106,103,0,209,0,0,0,209
09/02/2020,TEB,NJ,AEA,EN,Towers with Radar,0,118,100,0,218,0,2,11,0,13,0,120,111,0,231,0,0,0,231
09/03/2020,TEB,NJ,AEA,EN,Towers with Radar,0,108,102,0,210,0,23,16,0,39,0,131,118,0,249,0,0,0,249
09/04/2020,TEB,NJ,AEA,EN,Towers with Radar,0,92,84,0,176,0,30,28,0,58,0,122,112,0,234,0,0,0,234
09/05/2020,TEB,NJ,AEA,EN,Towers with Radar,0,65,56,0,121,0,19,20,0,39,0,84,76,0,160,0,0,0,160
09/06/2020,TEB,NJ,AEA,EN,Towers with Radar,0,93,56,0,149,0,12,10,0,22,0,105,66,0,171,0,0,0,171
09/07/2020,TEB,NJ,AEA,EN,Towers with Radar,0,129,93,0,222,0,42,42,0,84,0,171,135,0,306,0,0,0,306
09/08/2020,TEB,NJ,AEA,EN,Towers with Radar,0,123,105,0,228,0,25,18,0,43,0,148,123,0,271,0,0,0,271
09/09/2020,TEB,NJ,AEA,EN,Towers with Radar,0,120,98,0,218,0,6,24,2,32,0,126,122,2,250,0,0,0,250
09/10/2020,TEB,NJ,AEA,EN,Towers with Radar,0,133,104,2,239,0,2,7,0,9,0,135,111,2,248,0,0,0,248
09/11/2020,TEB,NJ,AEA,EN,Towers with Radar,1,128,80,2,211,0,18,28,1,47,1,146,108,3,258,0,0,0,258
09/12/2020,TEB,NJ,AEA,EN,Towers with Radar,1,88,61,0,150,0,11,17,0,28,1,99,78,0,178,0,0,0,178
09/13/2020,TEB,NJ,AEA,EN,Towers with Radar,0,124,80,0,204,0,14,24,0,38,0,138,104,0,242,0,0,0,242
09/14/2020,TEB,NJ,AEA,EN,Towers with Radar,0,115,119,0,234,0,11,14,0,25,0,126,133,0,259,0,0,0,259
09/15/2020,TEB,NJ,AEA,EN,Towers with Radar,0,120,118,0,238,0,9,24,1,34,0,129,142,1,272,0,0,0,272
09/16/2020,TEB,NJ,AEA,EN,Towers with Radar,0,121,118,0,239,0,12,18,0,30,0,133,136,0,269,0,0,0,269
09/17/2020,TEB,NJ,AEA,EN,Towers with Radar,0,137,115,0,252,0,16,26,0,42,0,153,141,0,294,0,0,0,294
09/18/2020,TEB,NJ,AEA,EN,Towers with Radar,0,129,83,0,212,0,11,43,0,54,0,140,126,0,266,0,0,0,266
09/19/2020,TEB,NJ,AEA,EN,Towers with Radar,0,73,57,0,130,0,4,15,3,22,0,77,72,3,152,0,0,0,152
09/20/2020,TEB,NJ,AEA,EN,Towers with Radar,0,111,85,0,196,0,17,36,0,53,0,128,121,0,249,0,0,0,249
09/21/2020,TEB,NJ,AEA,EN,Towers with Radar,0,94,84,0,178,0,9,24,0,33,0,103,108,0,211,0,0,0,211
09/22/2020,TEB,NJ,AEA,EN,Towers with Radar,0,122,83,0,205,0,12,7,0,19,0,134,90,0,224,0,0,0,224
09/23/2020,TEB,NJ,AEA,EN,Towers with Radar,0,113,89,0,202,0,6,28,0,34,0,119,117,0,236,0,0,0,236
09/24/2020,TEB,NJ,AEA,EN,Towers with Radar,0,145,107,0,252,0,17,24,0,41,0,162,131,0,293,0,0,0,293
09/25/2020,TEB,NJ,AEA,EN,Towers with Radar,0,139,94,0,233,0,17,30,4,51,0,156,124,4,284,0,0,0,284
09/26/2020,TEB,NJ,AEA,EN,Towers with Radar,0,83,55,0,138,0,2,5,0,7,0,85,60,0,145,0,0,0,145
09/27/2020,TEB,NJ,AEA,EN,Towers with Radar,0,113,103,0,216,0,5,19,0,24,0,118,122,0,240,0,0,0,240
09/28/2020,TEB,NJ,AEA,EN,Towers with Radar,0,101,84,0,185,0,3,4,1,8,0,104,88,1,193,0,0,0,193
09/29/2020,TEB,NJ,AEA,EN,Towers with Radar,0,126,109,0,235,0,0,9,0,9,0,126,118,0,244,0,0,0,244
09/30/2020,TEB,NJ,AEA,EN,Towers with Radar,0,149,109,0,258,0,3,13,0,16,0,152,122,0,274,0,0,0,274
10/01/2020,TEB,NJ,AEA,EN,Towers with Radar,0,152,134,0,286,0,14,28,0,42,0,166,162,0,328,0,0,0,328
10/02/2020,TEB,NJ,AEA,EN,Towers with Radar,0,121,91,0,212,0,14,28,2,44,0,135,119,2,256,0,0,0,256
10/03/2020,TEB,NJ,AEA,EN,Towers with Radar,0,89,57,0,146,0,9,23,0,32,0,98,80,0,178,0,0,0,178
10/04/2020,TEB,NJ,AEA,EN,Towers with Radar,0,146,97,0,243,0,17,19,1,37,0,163,116,1,280,0,0,0,280
10/05/2020,TEB,NJ,AEA,EN,Towers with Radar,0,106,89,0,195,0,4,25,0,29,0,110,114,0,224,0,0,0,224
10/06/2020,TEB,NJ,AEA,EN,Towers with Radar,0,98,73,0,171,0,4,21,0,25,0,102,94,0,196,0,0,0,196
10/07/2020,TEB,NJ,AEA,EN,Towers with Radar,0,97,88,0,185,0,5,12,0,17,0,102,100,0,202,0,0,0,202
10/08/2020,TEB,NJ,AEA,EN,Towers with Radar,0,154,121,0,275,0,19,28,0,47,0,173,149,0,322,0,0,0,322
10/09/2020,TEB,NJ,AEA,EN,Towers with Radar,0,124,131,0,255,0,26,29,0,55,0,150,160,0,310,0,0,0,310
10/10/2020,TEB,NJ,AEA,EN,Towers with Radar,0,88,69,0,157,0,12,26,0,38,0,100,95,0,195,0,0,0,195
10/11/2020,TEB,NJ,AEA,EN,Towers with Radar,0,97,90,0,187,0,9,21,0,30,0,106,111,0,217,0,0,0,217
10/12/2020,TEB,NJ,AEA,EN,Towers with Radar,0,136,120,0,256,0,0,1,0,1,0,136,121,0,257,0,0,0,257
10/13/2020,TEB,NJ,AEA,EN,Towers with Radar,0,130,96,0,226,0,0,0,0,0,0,130,96,0,226,0,0,0,226
10/14/2020,TEB,NJ,AEA,EN,Towers with Radar,0,119,129,0,248,0,2,80,0,82,0,121,209,0,330,0,0,0,330
10/15/2020,TEB,NJ,AEA,EN,Towers with Radar,0,151,128,0,279,0,6,20,0,26,0,157,148,0,305,0,0,0,305
10/16/2020,TEB,NJ,AEA,EN,Towers with Radar,0,130,103,0,233,0,2,3,0,5,0,132,106,0,238,0,0,0,238
10/17/2020,TEB,NJ,AEA,EN,Towers with Radar,0,79,63,0,142,0,6,12,0,18,0,85,75,0,160,0,0,0,160
10/18/2020,TEB,NJ,AEA,EN,Towers with Radar,0,167,110,0,277,0,14,28,0,42,0,181,138,0,319,0,0,0,319
10/19/2020,TEB,NJ,AEA,EN,Towers with Radar,0,98,108,0,206,0,3,10,0,13,0,101,118,0,219,0,0,0,219
10/20/2020,TEB,NJ,AEA,EN,Towers with Radar,0,136,101,0,237,0,1,8,0,9,0,137,109,0,246,0,0,0,246
10/21/2020,TEB,NJ,AEA,EN,Towers with Radar,0,128,131,0,259,0,0,14,0,14,0,128,145,0,273,0,0,0,273
10/22/2020,TEB,NJ,AEA,EN,Towers with Radar,0,153,148,0,301,0,0,6,0,6,0,153,154,0,307,0,0,0,307
10/23/2020,TEB,NJ,AEA,EN,Towers with Radar,0,125,124,0,249,0,0,6,0,6,0,125,130,0,255,0,0,0,255
10/24/2020,TEB,NJ,AEA,EN,Towers with Radar,0,99,58,0,157,0,1,9,2,12,0,100,67,2,169,0,0,0,169
10/25/2020,TEB,NJ,AEA,EN,Towers with Radar,0,124,124,0,248,0,4,18,0,22,0,128,142,0,270,0,0,0,270
10/26/2020,TEB,NJ,AEA,EN,Towers with Radar,0,100,99,0,199,0,0,1,0,1,0,100,100,0,200,0,0,0,200
10/27/2020,TEB,NJ,AEA,EN,Towers with Radar,1,138,108,0,247,0,3,12,2,17,1,141,120,2,264,0,0,0,264
10/28/2020,TEB,NJ,AEA,EN,Towers with Radar,0,134,151,0,285,0,0,12,0,12,0,134,163,0,297,0,0,0,297
10/29/2020,TEB,NJ,AEA,EN,Towers with Radar,0,151,133,0,284,0,0,0,0,0,0,151,133,0,284,0,0,0,284
10/30/2020,TEB,NJ,AEA,EN,Towers with Radar,0,144,104,0,248,0,4,14,2,20,0,148,118,2,268,0,0,0,268
10/31/2020,TEB,NJ,AEA,EN,Towers with Radar,0,100,82,0,182,0,8,24,0,32,0,108,106,0,214,0,0,0,214
11/01/2020,TEB,NJ,AEA,EN,Towers with Radar,0,128,131,0,259,0,4,9,0,13,0,132,140,0,272,0,0,0,272
11/02/2020,TEB,NJ,AEA,EN,Towers with Radar,0,83,72,0,155,0,7,6,0,13,0,90,78,0,168,0,0,0,168
11/03/2020,TEB,NJ,AEA,EN,Towers with Radar,0,95,62,0,157,0,5,20,0,25,0,100,82,0,182,0,0,0,182
11/04/2020,TEB,NJ,AEA,EN,Towers with Radar,0,105,77,0,182,0,4,24,0,28,0,109,101,0,210,0,0,0,210
11/05/2020,TEB,NJ,AEA,EN,Towers with Radar,0,93,86,0,179,0,8,39,0,47,0,101,125,0,226,0,0,0,226
11/06/2020,TEB,NJ,AEA,EN,Towers with Radar,0,106,87,0,193,0,9,37,0,46,0,115,124,0,239,0,0,0,239
11/07/2020,TEB,NJ,AEA,EN,Towers with Radar,0,74,44,0,118,0,6,27,0,33,0,80,71,0,151,0,0,0,151
11/08/2020,TEB,NJ,AEA,EN,Towers with Radar,0,106,91,0,197,0,15,23,0,38,0,121,114,0,235,0,0,0,235
11/09/2020,TEB,NJ,AEA,EN,Towers with Radar,0,120,83,0,203,0,5,26,0,31,0,125,109,0,234,0,0,0,234
11/10/2020,TEB,NJ,AEA,EN,Towers with Radar,0,93,97,0,190,0,4,29,0,33,0,97,126,0,223,0,0,0,223
11/11/2020,TEB,NJ,AEA,EN,Towers with Radar,0,122,119,0,241,0,0,7,0,7,0,122,126,0,248,0,0,0,248
11/12/2020,TEB,NJ,AEA,EN,Towers with Radar,0,128,107,0,235,0,0,12,0,12,0,128,119,0,247,0,0,0,247
11/13/2020,TEB,NJ,AEA,EN,Towers with Radar,0,112,83,0,195,0,2,5,0,7,0,114,88,0,202,0,0,0,202
11/14/2020,TEB,NJ,AEA,EN,Towers with Radar,0,95,75,0,170,0,4,14,2,20,0,99,89,2,190,0,0,0,190
11/15/2020,TEB,NJ,AEA,EN,Towers with Radar,0,126,101,0,227,0,2,10,0,12,0,128,111,0,239,0,0,0,239
11/16/2020,TEB,NJ,AEA,EN,Towers with Radar,0,141,98,0,239,0,2,19,0,21,0,143,117,0,260,0,0,0,260
11/17/2020,TEB,NJ,AEA,EN,Towers with Radar,0,122,72,0,194,0,3,14,0,17,0,125,86,0,211,0,0,0,211
11/18/2020,TEB,NJ,AEA,EN,Towers with Radar,0,122,110,0,232,0,5,16,2,23,0,127,126,2,255,0,0,0,255
11/19/2020,TEB,NJ,AEA,EN,Towers with Radar,0,137,120,0,257,0,7,17,0,24,0,144,137,0,281,0,0,0,281
11/20/2020,TEB,NJ,AEA,EN,Towers with Radar,0,153,114,0,267,0,12,26,0,38,0,165,140,0,305,0,0,0,305
11/21/2020,TEB,NJ,AEA,EN,Towers with Radar,0,138,125,0,263,0,8,17,0,25,0,146,142,0,288,0,0,0,288
11/22/2020,TEB,NJ,AEA,EN,Towers with Radar,0,166,126,0,292,0,1,8,0,9,0,167,134,0,301,0,0,0,301
11/23/2020,TEB,NJ,AEA,EN,Towers with Radar,0,125,109,0,234,0,0,7,1,8,0,125,116,1,242,0,0,0,242
11/24/2020,TEB,NJ,AEA,EN,Towers with Radar,0,170,141,0,311,0,16,6,0,22,0,186,147,0,333,0,0,0,333
11/25/2020,TEB,NJ,AEA,EN,Towers with Radar,0,134,119,0,253,0,15,18,0,33,0,149,137,0,286,0,0,0,286
11/26/2020,TEB,NJ,AEA,EN,Towers with Radar,0,66,27,0,93,0,0,1,0,1,0,66,28,0,94,0,0,0,94
11/27/2020,TEB,NJ,AEA,EN,Towers with Radar,0,70,48,0,118,0,4,7,0,11,0,74,55,0,129,0,0,0,129
11/28/2020,TEB,NJ,AEA,EN,Towers with Radar,0,89,79,0,168,0,2,8,0,10,0,91,87,0,178,0,0,0,178
11/29/2020,TEB,NJ,AEA,EN,Towers with Radar,0,192,181,0,373,0,27,35,0,62,0,219,216,0,435,0,0,0,435
11/30/2020,TEB,NJ,AEA,EN,Towers with Radar,0,119,111,0,230,0,0,1,0,1,0,119,112,0,231,0,0,0,231
12/01/2020,TEB,NJ,AEA,EN,Towers with Radar,0,175,120,0,295,0,1,10,0,11,0,176,130,0,306,0,0,0,306
12/02/2020,TEB,NJ,AEA,EN,Towers with Radar,0,112,92,0,204,0,0,10,0,10,0,112,102,0,214,0,0,0,214
12/03/2020,TEB,NJ,AEA,EN,Towers with Radar,0,123,116,0,239,0,6,11,0,17,0,129,127,0,256,0,0,0,256
12/04/2020,TEB,NJ,AEA,EN,Towers with Radar,0,111,76,0,187,0,10,9,0,19,0,121,85,0,206,0,0,0,206
12/05/2020,TEB,NJ,AEA,EN,Towers with Radar,0,101,63,0,164,0,0,10,0,10,0,101,73,0,174,0,0,0,174
12/06/2020,TEB,NJ,AEA,EN,Towers with Radar,0,121,108,0,229,0,10,11,0,21,0,131,119,0,250,0,0,0,250
12/07/2020,TEB,NJ,AEA,EN,Towers with Radar,0,131,73,0,204,0,3,15,2,20,0,134,88,2,224,0,0,0,224
12/08/2020,TEB,NJ,AEA,EN,Towers with Radar,0,91,94,0,185,0,1,6,0,7,0,92,100,0,192,0,0,0,192
12/09/2020,TEB,NJ,AEA,EN,Towers with Radar,0,116,83,0,199,0,5,6,0,11,0,121,89,0,210,0,0,0,210
12/10/2020,TEB,NJ,AEA,EN,Towers with Radar,0,137,109,0,246,0,7,18,0,25,0,144,127,0,271,0,0,0,271
12/11/2020,TEB,NJ,AEA,EN,Towers with Radar,1,115,87,0,203,0,12,30,0,42,1,127,117,0,245,0,0,0,245
12/12/2020,TEB,NJ,AEA,EN,Towers with Radar,0,83,67,0,150,0,2,0,0,2,0,85,67,0,152,0,0,0,152
12/13/2020,TEB,NJ,AEA,EN,Towers with Radar,0,113,90,0,203,0,2,21,0,23,0,115,111,0,226,0,0,0,226
12/14/2020,TEB,NJ,AEA,EN,Towers with Radar,0,115,96,0,211,0,1,2,0,3,0,116,98,0,214,0,0,0,214
12/15/2020,TEB,NJ,AEA,EN,Towers with Radar,0,153,117,0,270,0,9,13,0,22,0,162,130,0,292,0,0,0,292
12/16/2020,TEB,NJ,AEA,EN,Towers with Radar,0,92,79,0,171,0,2,4,0,6,0,94,83,0,177,0,0,0,177
12/17/2020,TEB,NJ,AEA,EN,Towers with Radar,0,100,87,0,187,0,1,6,0,7,0,101,93,0,194,0,0,0,194
12/18/2020,TEB,NJ,AEA,EN,Towers with Radar,0,269,172,1,442,0,4,27,0,31,0,273,199,1,473,0,0,0,473
12/19/2020,TEB,NJ,AEA,EN,Towers with Radar,1,241,191,0,433,0,4,43,0,47,1,245,234,0,480,0,0,0,480
12/20/2020,TEB,NJ,AEA,EN,Towers with Radar,0,202,156,0,358,0,0,10,0,10,0,202,166,0,368,0,0,0,368
12/21/2020,TEB,NJ,AEA,EN,Towers with Radar,0,136,116,0,252,0,0,4,0,4,0,136,120,0,256,0,0,0,256
12/22/2020,TEB,NJ,AEA,EN,Towers with Radar,0,149,152,0,301,0,1,14,0,15,0,150,166,0,316,0,0,0,316
12/23/2020,TEB,NJ,AEA,EN,Towers with Radar,1,156,140,0,297,0,4,23,0,27,1,160,163,0,324,0,0,0,324
12/24/2020,TEB,NJ,AEA,EN,Towers with Radar,0,108,58,0,166,0,0,5,0,5,0,108,63,0,171,0,0,0,171
12/25/2020,TEB,NJ,AEA,EN,Towers with Radar,0,90,42,0,132,0,0,0,0,0,0,90,42,0,132,0,0,0,132
12/26/2020,TEB,NJ,AEA,EN,Towers with Radar,0,167,125,0,292,0,3,9,0,12,0,170,134,0,304,0,0,0,304
12/27/2020,TEB,NJ,AEA,EN,Towers with Radar,0,171,149,1,321,0,11,20,0,31,0,182,169,1,352,0,0,0,352
12/28/2020,TEB,NJ,AEA,EN,Towers with Radar,0,117,113,0,230,0,3,3,0,6,0,120,116,0,236,0,0,0,236
12/29/2020,TEB,NJ,AEA,EN,Towers with Radar,0,124,98,0,222,0,4,6,0,10,0,128,104,0,232,0,0,0,232
12/30/2020,TEB,NJ,AEA,EN,Towers with Radar,0,140,101,0,241,0,5,15,0,20,0,145,116,0,261,0,0,0,261
12/31/2020,TEB,NJ,AEA,EN,Towers with Radar,0,90,55,0,145,0,0,3,0,3,0,90,58,0,148,0,0,0,148
01/01/2021,TEB,NJ,AEA,EN,Towers with Radar,0,115,60,0,175,0,4,2,0,6,0,119,62,0,181,0,0,0,181
01/02/2021,TEB,NJ,AEA,EN,Towers with Radar,0,179,139,0,318,0,4,12,0,16,0,183,151,0,334,0,0,0,334
01/03/2021,TEB,NJ,AEA,EN,Towers with Radar,0,199,189,0,388,0,0,0,0,0,0,199,189,0,388,0,0,0,388
01/04/2021,TEB,NJ,AEA,EN,Towers with Radar,1,150,156,0,307,0,2,7,0,9,1,152,163,0,316,0,0,0,316
01/05/2021,TEB,NJ,AEA,EN,Towers with Radar,1,133,120,0,254,0,1,7,0,8,1,134,127,0,262,0,0,0,262
01/06/2021,TEB,NJ,AEA,EN,Towers with Radar,0,101,111,0,212,0,6,16,0,22,0,107,127,0,234,0,0,0,234
01/07/2021,TEB,NJ,AEA,EN,Towers with Radar,0,115,89,0,204,0,0,7,0,7,0,115,96,0,211,0,0,0,211
01/08/2021,TEB,NJ,AEA,EN,Towers with Radar,0,125,79,0,204,0,2,13,0,15,0,127,92,0,219,0,0,0,219
01/09/2021,TEB,NJ,AEA,EN,Towers with Radar,0,134,106,0,240,0,2,12,0,14,0,136,118,0,254,0,0,0,254
01/10/2021,TEB,NJ,AEA,EN,Towers with Radar,1,168,132,0,301,0,1,14,0,15,1,169,146,0,316,0,0,0,316
01/11/2021,TEB,NJ,AEA,EN,Towers with Radar,0,100,97,0,197,0,3,12,0,15,0,103,109,0,212,0,0,0,212
01/12/2021,TEB,NJ,AEA,EN,Towers with Radar,0,132,93,0,225,0,3,8,0,11,0,135,101,0,236,0,0,0,236
01/13/2021,TEB,NJ,AEA,EN,Towers with Radar,0,131,86,0,217,0,2,13,0,15,0,133,99,0,232,0,0,0,232
01/14/2021,TEB,NJ,AEA,EN,Towers with Radar,0,158,130,0,288,0,8,4,0,12,0,166,134,0,300,0,0,0,300
01/15/2021,TEB,NJ,AEA,EN,Towers with Radar,0,142,108,0,250,0,1,1,0,2,0,143,109,0,252,0,0,0,252
01/16/2021,TEB,NJ,AEA,EN,Towers with Radar,0,108,59,0,167,0,0,1,0,1,0,108,60,0,168,0,0,0,168
01/17/2021,TEB,NJ,AEA,EN,Towers with Radar,0,117,91,0,208,0,2,8,0,10,0,119,99,0,218,0,0,0,218
01/18/2021,TEB,NJ,AEA,EN,Towers with Radar,0,162,91,0,253,0,4,5,0,9,0,166,96,0,262,0,0,0,262
01/19/2021,TEB,NJ,AEA,EN,Towers with Radar,0,132,75,2,209,0,9,17,0,26,0,141,92,2,235,0,0,0,235
01/20/2021,TEB,NJ,AEA,EN,Towers with Radar,0,159,94,0,253,0,2,7,0,9,0,161,101,0,262,0,0,0,262
01/21/2021,TEB,NJ,AEA,EN,Towers with Radar,0,169,109,0,278,0,6,20,0,26,0,175,129,0,304,0,0,0,304
01/22/2021,TEB,NJ,AEA,EN,Towers with Radar,0,142,88,0,230,0,4,12,0,16,0,146,100,0,246,0,0,0,246
01/23/2021,TEB,NJ,AEA,EN,Towers with Radar,0,100,62,0,162,0,5,3,0,8,0,105,65,0,170,0,0,0,170
01/24/2021,TEB,NJ,AEA,EN,Towers with Radar,0,118,108,0,226,0,4,17,0,21,0,122,125,0,247,0,0,0,247
01/25/2021,TEB,NJ,AEA,EN,Towers with Radar,0,118,109,0,227,0,3,12,0,15,0,121,121,0,242,0,0,0,242
01/26/2021,TEB,NJ,AEA,EN,Towers with Radar,0,112,90,0,202,0,0,1,0,1,0,112,91,0,203,0,0,0,203
01/27/2021,TEB,NJ,AEA,EN,Towers with Radar,0,149,91,0,240,0,1,7,0,8,0,150,98,0,248,0,0,0,248
01/28/2021,TEB,NJ,AEA,EN,Towers with Radar,0,150,108,1,259,0,1,10,1,12,0,151,118,2,271,0,0,0,271
01/29/2021,TEB,NJ,AEA,EN,Towers with Radar,0,103,84,0,187,0,3,13,0,16,0,106,97,0,203,0,0,0,203
01/30/2021,TEB,NJ,AEA,EN,Towers with Radar,0,131,78,0,209,0,10,16,0,26,0,141,94,0,235,0,0,0,235
01/31/2021,TEB,NJ,AEA,EN,Towers with Radar,0,169,130,0,299,0,5,8,0,13,0,174,138,0,312,0,0,0,312
02/01/2021,TEB,NJ,AEA,EN,Towers with Radar,0,7,0,0,7,0,0,0,0,0,0,7,0,0,7,0,0,0,7
02/02/2021,TEB,NJ,AEA,EN,Towers with Radar,0,58,57,0,115,0,0,0,0,0,0,58,57,0,115,0,0,0,115
02/03/2021,TEB,NJ,AEA,EN,Towers with Radar,0,148,130,0,278,0,0,16,2,18,0,148,146,2,296,0,0,0,296
02/04/2021,TEB,NJ,AEA,EN,Towers with Radar,0,154,112,0,266,0,3,13,0,16,0,157,125,0,282,0,0,0,282
02/05/2021,TEB,NJ,AEA,EN,Towers with Radar,0,126,72,0,198,0,3,2,0,5,0,129,74,0,203,0,0,0,203
02/06/2021,TEB,NJ,AEA,EN,Towers with Radar,0,115,59,1,175,0,7,17,0,24,0,122,76,1,199,0,0,0,199
02/07/2021,TEB,NJ,AEA,EN,Towers with Radar,0,107,41,0,148,0,0,1,0,1,0,107,42,0,149,0,0,0,149
02/08/2021,TEB,NJ,AEA,EN,Towers with Radar,0,115,139,0,254,0,12,17,0,29,0,127,156,0,283,0,0,0,283
02/09/2021,TEB,NJ,AEA,EN,Towers with Radar,0,115,75,0,190,0,1,0,0,1,0,116,75,0,191,0,0,0,191
02/10/2021,TEB,NJ,AEA,EN,Towers with Radar,0,165,110,0,275,0,4,19,1,24,0,169,129,1,299,0,0,0,299
02/11/2021,TEB,NJ,AEA,EN,Towers with Radar,1,201,152,0,354,0,5,5,0,10,1,206,157,0,364,0,0,0,364
02/12/2021,TEB,NJ,AEA,EN,Towers with Radar,0,181,145,1,327,0,6,15,2,23,0,187,160,3,350,0,0,0,350
02/13/2021,TEB,NJ,AEA,EN,Towers with Radar,0,117,87,0,204,0,4,8,0,12,0,121,95,0,216,0,0,0,216
02/14/2021,TEB,NJ,AEA,EN,Towers with Radar,0,135,87,0,222,0,3,1,0,4,0,138,88,0,226,0,0,0,226
02/15/2021,TEB,NJ,AEA,EN,Towers with Radar,0,141,115,0,256,0,1,2,0,3,0,142,117,0,259,0,0,0,259
02/16/2021,TEB,NJ,AEA,EN,Towers with Radar,0,144,130,0,274,0,1,13,0,14,0,145,143,0,288,0,0,0,288
02/17/2021,TEB,NJ,AEA,EN,Towers with Radar,0,188,122,0,310,0,5,15,0,20,0,193,137,0,330,0,0,0,330
02/18/2021,TEB,NJ,AEA,EN,Towers with Radar,0,67,51,0,118,0,2,0,0,2,0,69,51,0,120,0,0,0,120
02/19/2021,TEB,NJ,AEA,EN,Towers with Radar,0,134,104,0,238,0,0,0,0,0,0,134,104,0,238,0,0,0,238
02/20/2021,TEB,NJ,AEA,EN,Towers with Radar,0,146,118,0,264,0,2,11,0,13,0,148,129,0,277,0,0,0,277
02/21/2021,TEB,NJ,AEA,EN,Towers with Radar,0,169,151,0,320,0,4,16,0,20,0,173,167,0,340,0,0,0,340
02/22/2021,TEB,NJ,AEA,EN,Towers with Radar,0,124,91,0,215,0,1,1,0,2,0,125,92,0,217,0,0,0,217
02/23/2021,TEB,NJ,AEA,EN,Towers with Radar,0,167,98,0,265,0,4,17,0,21,0,171,115,0,286,0,0,0,286
02/24/2021,TEB,NJ,AEA,EN,Towers with Radar,1,185,113,1,300,0,6,14,0,20,1,191,127,1,320,0,0,0,320
02/25/2021,TEB,NJ,AEA,EN,Towers with Radar,2,150,139,0,291,0,6,9,0,15,2,156,148,0,306,0,0,0,306
02/26/2021,TEB,NJ,AEA,EN,Towers with Radar,0,157,119,0,276,0,5,21,1,27,0,162,140,1,303,0,0,0,303
02/27/2021,TEB,NJ,AEA,EN,Towers with Radar,0,133,90,0,223,0,1,1,0,2,0,134,91,0,225,0,0,0,225
02/28/2021,TEB,NJ,AEA,EN,Towers with Radar,0,188,138,0,326,0,1,9,0,10,0,189,147,0,336,0,0,0,336
03/01/2021,TEB,NJ,AEA,EN,Towers with Radar,0,125,91,0,216,0,1,5,2,8,0,126,96,2,224,0,0,0,224
03/02/2021,TEB,NJ,AEA,EN,Towers with Radar,0,117,93,1,211,0,4,14,1,19,0,121,107,2,230,0,0,0,230
03/03/2021,TEB,NJ,AEA,EN,Towers with Radar,0,163,129,0,292,0,10,17,0,27,0,173,146,0,319,0,0,0,319
03/04/2021,TEB,NJ,AEA,EN,Towers with Radar,0,177,118,0,295,0,4,20,4,28,0,181,138,4,323,0,0,0,323
03/05/2021,TEB,NJ,AEA,EN,Towers with Radar,0,171,117,0,288,0,9,16,0,25,0,180,133,0,313,0,0,0,313
03/06/2021,TEB,NJ,AEA,EN,Towers with Radar,0,102,78,0,180,0,3,7,0,10,0,105,85,0,190,0,0,0,190
03/07/2021,TEB,NJ,AEA,EN,Towers with Radar,0,156,135,0,291,0,3,14,0,17,0,159,149,0,308,0,0,0,308
03/08/2021,TEB,NJ,AEA,EN,Towers with Radar,0,136,87,0,223,0,1,13,1,15,0,137,100,1,238,0,0,0,238
03/09/2021,TEB,NJ,AEA,EN,Towers with Radar,0,114,107,2,223,0,6,11,2,19,0,120,118,4,242,0,0,0,242
03/10/2021,TEB,NJ,AEA,EN,Towers with Radar,0,133,134,0,267,0,4,18,1,23,0,137,152,1,290,0,0,0,290
03/11/2021,TEB,NJ,AEA,EN,Towers with Radar,0,147,136,2,285,0,0,17,0,17,0,147,153,2,302,0,0,0,302
03/12/2021,TEB,NJ,AEA,EN,Towers with Radar,0,160,131,0,291,0,7,23,0,30,0,167,154,0,321,0,0,0,321
03/13/2021,TEB,NJ,AEA,EN,Towers with Radar,0,128,87,0,215,0,4,13,0,17,0,132,100,0,232,0,0,0,232
03/14/2021,TEB,NJ,AEA,EN,Towers with Radar,0,127,117,0,244,0,3,7,0,10,0,130,124,0,254,0,0,0,254
03/15/2021,TEB,NJ,AEA,EN,Towers with Radar,0,136,108,0,244,0,3,12,0,15,0,139,120,0,259,0,0,0,259
03/16/2021,TEB,NJ,AEA,EN,Towers with Radar,1,151,107,0,259,0,3,9,0,12,1,154,116,0,271,0,0,0,271
03/17/2021,TEB,NJ,AEA,EN,Towers with Radar,0,169,149,0,318,0,4,16,0,20,0,173,165,0,338,0,0,0,338
03/18/2021,TEB,NJ,AEA,EN,Towers with Radar,0,202,156,0,358,0,0,0,0,0,0,202,156,0,358,0,0,0,358
03/19/2021,TEB,NJ,AEA,EN,Towers with Radar,0,251,200,0,451,0,12,18,0,30,0,263,218,0,481,0,0,0,481
03/20/2021,TEB,NJ,AEA,EN,Towers with Radar,0,230,181,0,411,0,4,14,0,18,0,234,195,0,429,0,0,0,429
03/21/2021,TEB,NJ,AEA,EN,Towers with Radar,0,190,178,0,368,0,7,22,0,29,0,197,200,0,397,0,0,0,397
03/22/2021,TEB,NJ,AEA,EN,Towers with Radar,1,155,118,0,274,0,1,12,2,15,1,156,130,2,289,0,0,0,289
03/23/2021,TEB,NJ,AEA,EN,Towers with Radar,0,146,121,0,267,0,3,8,0,11,0,149,129,0,278,0,0,0,278
03/24/2021,TEB,NJ,AEA,EN,Towers with Radar,0,174,159,0,333,0,0,17,0,17,0,174,176,0,350,0,0,0,350
03/25/2021,TEB,NJ,AEA,EN,Towers with Radar,2,231,171,0,404,0,1,6,0,7,2,232,177,0,411,0,0,0,411
03/26/2021,TEB,NJ,AEA,EN,Towers with Radar,0,226,196,0,422,0,0,17,0,17,0,226,213,0,439,0,0,0,439
03/27/2021,TEB,NJ,AEA,EN,Towers with Radar,0,226,135,0,361,0,9,13,0,22,0,235,148,0,383,0,0,0,383
03/28/2021,TEB,NJ,AEA,EN,Towers with Radar,0,250,153,0,403,0,1,1,0,2,0,251,154,0,405,0,0,0,405
03/29/2021,TEB,NJ,AEA,EN,Towers with Radar,0,175,137,0,312,0,2,14,0,16,0,177,151,0,328,0,0,0,328
03/30/2021,TEB,NJ,AEA,EN,Towers with Radar,0,183,132,0,315,0,8,12,0,20,0,191,144,0,335,0,0,0,335
03/31/2021,TEB,NJ,AEA,EN,Towers with Radar,0,189,139,0,328,0,3,3,0,6,0,192,142,0,334,0,0,0,334
04/01/2021,TEB,NJ,AEA,EN,Towers with Radar,0,189,173,0,362,0,6,4,0,10,0,195,177,0,372,0,0,0,372
04/02/2021,TEB,NJ,AEA,EN,Towers with Radar,0,183,144,0,327,0,12,23,4,39,0,195,167,4,366,0,0,0,366
04/03/2021,TEB,NJ,AEA,EN,Towers with Radar,0,251,153,0,404,0,7,17,2,26,0,258,170,2,430,0,0,0,430
04/04/2021,TEB,NJ,AEA,EN,Towers with Radar,0,254,174,0,428,0,5,19,0,24,0,259,193,0,452,0,0,0,452
04/05/2021,TEB,NJ,AEA,EN,Towers with Radar,0,288,220,0,508,0,6,15,0,21,0,294,235,0,529,0,0,0,529
04/06/2021,TEB,NJ,AEA,EN,Towers with Radar,0,202,137,0,339,0,6,22,0,28,0,208,159,0,367,0,0,0,367
04/07/2021,TEB,NJ,AEA,EN,Towers with Radar,0,188,142,0,330,0,10,18,0,28,0,198,160,0,358,0,0,0,358
04/08/2021,TEB,NJ,AEA,EN,Towers with Radar,0,212,159,0,371,0,8,21,0,29,0,220,180,0,400,0,0,0,400
04/09/2021,TEB,NJ,AEA,EN,Towers with Radar,0,153,155,0,308,0,5,41,0,46,0,158,196,0,354,0,0,0,354
04/10/2021,TEB,NJ,AEA,EN,Towers with Radar,0,149,107,0,256,0,2,7,0,9,0,151,114,0,265,0,0,0,265
04/11/2021,TEB,NJ,AEA,EN,Towers with Radar,0,203,147,0,350,0,0,0,0,0,0,203,147,0,350,0,0,0,350
04/12/2021,TEB,NJ,AEA,EN,Towers with Radar,0,192,166,0,358,0,1,3,0,4,0,193,169,0,362,0,0,0,362
04/13/2021,TEB,NJ,AEA,EN,Towers with Radar,0,157,153,0,310,0,3,13,0,16,0,160,166,0,326,0,0,0,326
04/14/2021,TEB,NJ,AEA,EN,Towers with Radar,0,172,140,0,312,0,6,18,0,24,0,178,158,0,336,0,0,0,336
04/15/2021,TEB,NJ,AEA,EN,Towers with Radar,0,201,162,0,363,0,0,0,0,0,0,201,162,0,363,0,0,0,363
04/16/2021,TEB,NJ,AEA,EN,Towers with Radar,0,185,144,0,329,0,3,19,0,22,0,188,163,0,351,0,0,0,351
04/17/2021,TEB,NJ,AEA,EN,Towers with Radar,0,128,83,0,211,0,2,18,0,20,0,130,101,0,231,0,0,0,231
04/18/2021,TEB,NJ,AEA,EN,Towers with Radar,0,220,158,0,378,0,8,26,0,34,0,228,184,0,412,0,0,0,412
04/19/2021,TEB,NJ,AEA,EN,Towers with Radar,0,137,146,0,283,0,7,19,0,26,0,144,165,0,309,0,0,0,309
04/20/2021,TEB,NJ,AEA,EN,Towers with Radar,0,175,129,0,304,0,11,20,0,31,0,186,149,0,335,0,0,0,335
04/21/2021,TEB,NJ,AEA,EN,Towers with Radar,0,176,134,0,310,0,8,8,0,16,0,184,142,0,326,0,0,0,326
04/22/2021,TEB,NJ,AEA,EN,Towers with Radar,0,224,164,0,388,0,10,15,0,25,0,234,179,0,413,0,0,0,413
04/23/2021,TEB,NJ,AEA,EN,Towers with Radar,0,171,117,0,288,0,19,24,0,43,0,190,141,0,331,0,0,0,331
04/24/2021,TEB,NJ,AEA,EN,Towers with Radar,0,120,91,0,211,0,7,21,0,28,0,127,112,0,239,0,0,0,239
04/25/2021,TEB,NJ,AEA,EN,Towers with Radar,0,222,161,0,383,0,9,18,0,27,0,231,179,0,410,0,0,0,410
04/26/2021,TEB,NJ,AEA,EN,Towers with Radar,0,196,149,0,345,0,3,5,0,8,0,199,154,0,353,0,0,0,353
04/27/2021,TEB,NJ,AEA,EN,Towers with Radar,2,192,129,0,323,0,14,12,0,26,2,206,141,0,349,0,0,0,349
04/28/2021,TEB,NJ,AEA,EN,Towers with Radar,0,224,177,0,401,0,9,42,0,51,0,233,219,0,452,0,0,0,452
04/29/2021,TEB,NJ,AEA,EN,Towers with Radar,0,220,209,0,429,0,5,15,0,20,0,225,224,0,449,0,0,0,449
04/30/2021,TEB,NJ,AEA,EN,Towers with Radar,0,152,109,0,261,0,17,15,0,32,0,169,124,0,293,0,0,0,293
05/01/2021,TEB,NJ,AEA,EN,Towers with Radar,0,128,127,0,255,0,1,17,2,20,0,129,144,2,275,0,0,0,275
05/02/2021,TEB,NJ,AEA,EN,Towers with Radar,0,231,175,0,406,0,12,31,2,45,0,243,206,2,451,0,0,0,451
05/03/2021,TEB,NJ,AEA,EN,Towers with Radar,0,167,164,0,331,0,8,11,2,21,0,175,175,2,352,0,0,0,352
05/04/2021,TEB,NJ,AEA,EN,Towers with Radar,0,189,166,1,356,0,0,5,1,6,0,189,171,2,362,0,0,0,362
05/05/2021,TEB,NJ,AEA,EN,Towers with Radar,0,201,163,0,364,0,0,0,0,0,0,201,163,0,364,0,0,0,364
05/06/2021,TEB,NJ,AEA,EN,Towers with Radar,0,203,181,0,384,0,13,38,3,54,0,216,219,3,438,0,0,0,438
05/07/2021,TEB,NJ,AEA,EN,Towers with Radar,0,203,161,0,364,0,17,30,0,47,0,220,191,0,411,0,0,0,411
05/08/2021,TEB,NJ,AEA,EN,Towers with Radar,0,146,104,0,250,0,2,11,0,13,0,148,115,0,263,0,0,0,263
05/09/2021,TEB,NJ,AEA,EN,Towers with Radar,0,197,179,0,376,0,8,22,0,30,0,205,201,0,406,0,0,0,406
05/10/2021,TEB,NJ,AEA,EN,Towers with Radar,0,172,160,0,332,0,3,8,0,11,0,175,168,0,343,0,0,0,343
05/11/2021,TEB,NJ,AEA,EN,Towers with Radar,0,183,165,0,348,0,4,23,0,27,0,187,188,0,375,0,0,0,375
05/12/2021,TEB,NJ,AEA,EN,Towers with Radar,0,227,167,0,394,0,5,33,0,38,0,232,200,0,432,0,0,0,432
05/13/2021,TEB,NJ,AEA,EN,Towers with Radar,0,214,200,0,414,0,7,45,0,52,0,221,245,0,466,0,0,0,466
05/14/2021,TEB,NJ,AEA,EN,Towers with Radar,0,210,152,0,362,0,11,49,0,60,0,221,201,0,422,0,0,0,422
05/15/2021,TEB,NJ,AEA,EN,Towers with Radar,0,143,105,0,248,0,8,36,0,44,0,151,141,0,292,0,0,0,292
05/16/2021,TEB,NJ,AEA,EN,Towers with Radar,0,170,167,0,337,0,8,31,0,39,0,178,198,0,376,0,0,0,376
05/17/2021,TEB,NJ,AEA,EN,Towers with Radar,0,195,138,0,333,0,6,35,0,41,0,201,173,0,374,0,0,0,374
05/18/2021,TEB,NJ,AEA,EN,Towers with Radar,0,186,136,0,322,0,8,20,0,28,0,194,156,0,350,0,0,0,350
05/19/2021,TEB,NJ,AEA,EN,Towers with Radar,0,217,188,0,405,0,8,38,0,46,0,225,226,0,451,0,0,0,451
05/20/2021,TEB,NJ,AEA,EN,Towers with Radar,0,195,222,0,417,0,12,37,0,49,0,207,259,0,466,0,0,0,466
05/21/2021,TEB,NJ,AEA,EN,Towers with Radar,0,195,138,0,333,0,14,25,0,39,0,209,163,0,372,0,0,0,372
05/22/2021,TEB,NJ,AEA,EN,Towers with Radar,0,130,105,0,235,0,9,20,0,29,0,139,125,0,264,0,0,0,264
05/23/2021,TEB,NJ,AEA,EN,Towers with Radar,0,185,150,0,335,0,18,39,0,57,0,203,189,0,392,0,0,0,392
05/24/2021,TEB,NJ,AEA,EN,Towers with Radar,0,200,161,2,363,0,5,23,0,28,0,205,184,2,391,0,0,0,391
05/25/2021,TEB,NJ,AEA,EN,Towers with Radar,0,202,153,0,355,0,7,24,0,31,0,209,177,0,386,0,0,0,386
05/26/2021,TEB,NJ,AEA,EN,Towers with Radar,0,229,195,0,424,0,6,21,0,27,0,235,216,0,451,0,0,0,451
05/27/2021,TEB,NJ,AEA,EN,Towers with Radar,0,268,177,0,445,0,34,38,0,72,0,302,215,0,517,0,0,0,517
05/28/2021,TEB,NJ,AEA,EN,Towers with Radar,2,225,175,0,402,0,23,23,1,47,2,248,198,1,449,0,0,0,449
05/29/2021,TEB,NJ,AEA,EN,Towers with Radar,0,137,89,1,227,0,0,1,0,1,0,137,90,1,228,0,0,0,228
05/30/2021,TEB,NJ,AEA,EN,Towers with Radar,0,128,73,0,201,0,0,0,0,0,0,128,73,0,201,0,0,0,201
05/31/2021,TEB,NJ,AEA,EN,Towers with Radar,2,263,195,0,460,0,24,35,0,59,2,287,230,0,519,0,0,0,519
06/01/2021,TEB,NJ,AEA,EN,Towers with Radar,0,223,175,0,398,0,25,35,1,61,0,248,210,1,459,0,0,0,459
06/02/2021,TEB,NJ,AEA,EN,Towers with Radar,0,197,179,0,376,0,8,17,0,25,0,205,196,0,401,0,0,0,401
06/03/2021,TEB,NJ,AEA,EN,Towers with Radar,0,220,209,0,429,0,0,9,0,9,0,220,218,0,438,0,0,0,438
06/04/2021,TEB,NJ,AEA,EN,Towers with Radar,1,192,162,0,355,0,11,26,0,37,1,203,188,0,392,0,0,0,392
06/05/2021,TEB,NJ,AEA,EN,Towers with Radar,0,147,95,0,242,0,12,22,1,35,0,159,117,1,277,0,0,0,277
06/06/2021,TEB,NJ,AEA,EN,Towers with Radar,0,182,176,0,358,0,23,33,1,57,0,205,209,1,415,0,0,0,415
06/07/2021,TEB,NJ,AEA,EN,Towers with Radar,1,202,157,0,360,0,20,24,1,45,1,222,181,1,405,0,0,0,405
06/08/2021,TEB,NJ,AEA,EN,Towers with Radar,0,175,155,0,330,0,3,14,0,17,0,178,169,0,347,0,0,0,347
06/09/2021,TEB,NJ,AEA,EN,Towers with Radar,0,184,157,1,342,0,11,24,0,35,0,195,181,1,377,0,0,0,377
06/10/2021,TEB,NJ,AEA,EN,Towers with Radar,0,246,211,0,457,0,19,38,0,57,0,265,249,0,514,0,0,0,514
06/11/2021,TEB,NJ,AEA,EN,Towers with Radar,0,225,174,0,399,0,32,37,0,69,0,257,211,0,468,0,0,0,468
06/12/2021,TEB,NJ,AEA,EN,Towers with Radar,0,157,121,0,278,0,6,7,0,13,0,163,128,0,291,0,0,0,291
06/13/2021,TEB,NJ,AEA,EN,Towers with Radar,0,195,186,0,381,0,20,23,0,43,0,215,209,0,424,0,0,0,424
06/14/2021,TEB,NJ,AEA,EN,Towers with Radar,0,203,155,0,358,0,0,20,0,20,0,203,175,0,378,0,0,0,378
06/15/2021,TEB,NJ,AEA,EN,Towers with Radar,0,185,168,1,354,0,10,19,0,29,0,195,187,1,383,0,0,0,383
06/16/2021,TEB,NJ,AEA,EN,Towers with Radar,1,218,182,0,401,0,20,53,3,76,1,238,235,3,477,0,0,0,477
06/17/2021,TEB,NJ,AEA,EN,Towers with Radar,0,257,197,0,454,0,28,32,0,60,0,285,229,0,514,0,0,0,514
06/18/2021,TEB,NJ,AEA,EN,Towers with Radar,0,197,177,0,374,0,25,96,0,121,0,222,273,0,495,0,0,0,495
06/19/2021,TEB,NJ,AEA,EN,Towers with Radar,0,111,100,1,212,0,11,52,0,63,0,122,152,1,275,0,0,0,275
06/20/2021,TEB,NJ,AEA,EN,Towers with Radar,0,193,188,0,381,0,27,120,0,147,0,220,308,0,528,0,0,0,528
06/21/2021,TEB,NJ,AEA,EN,Towers with Radar,0,166,158,0,324,0,7,26,0,33,0,173,184,0,357,0,0,0,357
06/22/2021,TEB,NJ,AEA,EN,Towers with Radar,0,169,171,0,340,0,8,51,0,59,0,177,222,0,399,0,0,0,399
06/23/2021,TEB,NJ,AEA,EN,Towers with Radar,0,227,202,0,429,0,21,71,0,92,0,248,273,0,521,0,0,0,521
06/24/2021,TEB,NJ,AEA,EN,Towers with Radar,0,244,210,0,454,0,30,100,0,130,0,274,310,0,584,0,0,0,584
06/25/2021,TEB,NJ,AEA,EN,Towers with Radar,0,241,165,0,406,0,21,78,1,100,0,262,243,1,506,0,0,0,506
06/26/2021,TEB,NJ,AEA,EN,Towers with Radar,1,187,164,0,352,0,5,65,0,70,1,192,229,0,422,0,0,0,422
06/27/2021,TEB,NJ,AEA,EN,Towers with Radar,0,201,204,0,405,0,24,95,0,119,0,225,299,0,524,0,0,0,524
06/28/2021,TEB,NJ,AEA,EN,Towers with Radar,0,205,164,0,369,0,19,114,2,135,0,224,278,2,504,0,0,0,504
06/29/2021,TEB,NJ,AEA,EN,Towers with Radar,0,184,167,0,351,0,13,77,4,94,0,197,244,4,445,0,0,0,445
06/30/2021,TEB,NJ,AEA,EN,Towers with Radar,0,214,165,0,379,0,15,46,0,61,0,229,211,0,440,0,0,0,440
07/01/2021,TEB,NJ,AEA,EN,Towers with Radar,0,218,220,0,438,0,19,18,0,37,0,237,238,0,475,0,0,0,475
07/02/2021,TEB,NJ,AEA,EN,Towers with Radar,0,181,124,2,307,0,1,22,3,26,0,182,146,5,333,0,0,0,333
07/03/2021,TEB,NJ,AEA,EN,Towers with Radar,0,114,89,1,204,0,1,30,0,31,0,115,119,1,235,0,0,0,235
07/04/2021,TEB,NJ,AEA,EN,Towers with Radar,0,101,55,1,157,0,4,119,0,123,0,105,174,1,280,0,0,0,280
07/05/2021,TEB,NJ,AEA,EN,Towers with Radar,1,198,137,0,336,0,25,106,0,131,1,223,243,0,467,0,0,0,467
07/06/2021,TEB,NJ,AEA,EN,Towers with Radar,0,153,150,0,303,0,20,28,0,48,0,173,178,0,351,0,0,0,351
07/07/2021,TEB,NJ,AEA,EN,Towers with Radar,0,172,152,0,324,0,6,81,0,87,0,178,233,0,411,0,0,0,411
07/08/2021,TEB,NJ,AEA,EN,Towers with Radar,0,165,137,0,302,0,3,14,0,17,0,168,151,0,319,0,0,0,319
07/09/2021,TEB,NJ,AEA,EN,Towers with Radar,0,179,123,0,302,0,14,69,0,83,0,193,192,0,385,0,0,0,385
07/10/2021,TEB,NJ,AEA,EN,Towers with Radar,0,180,111,0,291,0,8,90,0,98,0,188,201,0,389,0,0,0,389
07/11/2021,TEB,NJ,AEA,EN,Towers with Radar,0,217,180,0,397,0,10,119,0,129,0,227,299,0,526,0,0,0,526
07/12/2021,TEB,NJ,AEA,EN,Towers with Radar,0,204,182,0,386,0,0,13,0,13,0,204,195,0,399,0,0,0,399
07/13/2021,TEB,NJ,AEA,EN,Towers with Radar,0,212,186,0,398,0,0,7,0,7,0,212,193,0,405,0,0,0,405
07/14/2021,TEB,NJ,AEA,EN,Towers with Radar,0,206,199,0,405,0,3,29,0,32,0,209,228,0,437,0,0,0,437
07/15/2021,TEB,NJ,AEA,EN,Towers with Radar,0,245,213,0,458,0,33,27,0,60,0,278,240,0,518,0,0,0,518
07/16/2021,TEB,NJ,AEA,EN,Towers with Radar,0,200,158,0,358,0,37,49,0,86,0,237,207,0,444,0,0,0,444
07/17/2021,TEB,NJ,AEA,EN,Towers with Radar,0,113,104,0,217,0,5,40,0,45,0,118,144,0,262,0,0,0,262
07/18/2021,TEB,NJ,AEA,EN,Towers with Radar,0,208,174,0,382,0,21,22,0,43,0,229,196,0,425,0,0,0,425
07/19/2021,TEB,NJ,AEA,EN,Towers with Radar,0,234,162,0,396,0,11,41,0,52,0,245,203,0,448,0,0,0,448
07/20/2021,TEB,NJ,AEA,EN,Towers with Radar,0,255,161,0,416,0,8,31,0,39,0,263,192,0,455,0,0,0,455
07/21/2021,TEB,NJ,AEA,EN,Towers with Radar,0,224,172,0,396,0,4,34,0,38,0,228,206,0,434,0,0,0,434
07/22/2021,TEB,NJ,AEA,EN,Towers with Radar,0,235,213,0,448,0,32,59,2,93,0,267,272,2,541,0,0,0,541
07/23/2021,TEB,NJ,AEA,EN,Towers with Radar,0,208,152,0,360,0,46,61,0,107,0,254,213,0,467,0,0,0,467
07/24/2021,TEB,NJ,AEA,EN,Towers with Radar,0,142,85,0,227,0,9,26,0,35,0,151,111,0,262,0,0,0,262
07/25/2021,TEB,NJ,AEA,EN,Towers with Radar,0,235,165,1,401,0,7,25,1,33,0,242,190,2,434,0,0,0,434
07/26/2021,TEB,NJ,AEA,EN,Towers with Radar,0,194,159,0,353,0,22,23,2,47,0,216,182,2,400,0,0,0,400
07/27/2021,TEB,NJ,AEA,EN,Towers with Radar,0,186,179,0,365,0,15,33,1,49,0,201,212,1,414,0,0,0,414
07/28/2021,TEB,NJ,AEA,EN,Towers with Radar,0,226,177,0,403,0,5,49,0,54,0,231,226,0,457,0,0,0,457
07/29/2021,TEB,NJ,AEA,EN,Towers with Radar,0,208,198,0,406,0,10,16,2,28,0,218,214,2,434,0,0,0,434
07/30/2021,TEB,NJ,AEA,EN,Towers with Radar,0,204,172,0,376,0,25,56,0,81,0,229,228,0,457,0,0,0,457
07/31/2021,TEB,NJ,AEA,EN,Towers with Radar,0,181,116,0,297,0,17,35,1,53,0,198,151,1,350,0,0,0,350
08/01/2021,TEB,NJ,AEA,EN,Towers with Radar,1,174,186,1,362,0,21,41,0,62,1,195,227,1,424,0,0,0,424
08/02/2021,TEB,NJ,AEA,EN,Towers with Radar,0,188,150,1,339,0,26,46,0,72,0,214,196,1,411,0,0,0,411
08/03/2021,TEB,NJ,AEA,EN,Towers with Radar,0,186,149,0,335,0,14,35,6,55,0,200,184,6,390,0,0,0,390
08/04/2021,TEB,NJ,AEA,EN,Towers with Radar,0,182,200,0,382,0,32,44,1,77,0,214,244,1,459,0,0,0,459
08/05/2021,TEB,NJ,AEA,EN,Towers with Radar,0,219,208,2,429,0,15,38,0,53,0,234,246,2,482,0,0,0,482
08/06/2021,TEB,NJ,AEA,EN,Towers with Radar,0,167,162,0,329,0,33,33,2,68,0,200,195,2,397,0,0,0,397
08/07/2021,TEB,NJ,AEA,EN,Towers with Radar,0,60,47,2,109,0,4,21,0,25,0,64,68,2,134,0,0,0,134
08/08/2021,TEB,NJ,AEA,EN,Towers with Radar,0,145,154,0,299,0,17,33,0,50,0,162,187,0,349,0,0,0,349
08/09/2021,TEB,NJ,AEA,EN,Towers with Radar,1,222,157,0,380,0,5,25,0,30,1,227,182,0,410,0,0,0,410
08/10/2021,TEB,NJ,AEA,EN,Towers with Radar,0,218,159,0,377,0,2,19,2,23,0,220,178,2,400,0,0,0,400
08/11/2021,TEB,NJ,AEA,EN,Towers with Radar,0,204,157,0,361,0,9,27,0,36,0,213,184,0,397,0,0,0,397
08/12/2021,TEB,NJ,AEA,EN,Towers with Radar,0,238,201,0,439,0,29,53,1,83,0,267,254,1,522,0,0,0,522
08/13/2021,TEB,NJ,AEA,EN,Towers with Radar,0,173,146,0,319,0,30,34,0,64,0,203,180,0,383,0,0,0,383
08/14/2021,TEB,NJ,AEA,EN,Towers with Radar,0,135,98,0,233,0,12,30,1,43,0,147,128,1,276,0,0,0,276
08/15/2021,TEB,NJ,AEA,EN,Towers with Radar,0,194,178,0,372,0,32,46,1,79,0,226,224,1,451,0,0,0,451
08/16/2021,TEB,NJ,AEA,EN,Towers with Radar,0,189,166,2,357,0,21,28,0,49,0,210,194,2,406,0,0,0,406
08/17/2021,TEB,NJ,AEA,EN,Towers with Radar,0,187,175,0,362,0,5,33,0,38,0,192,208,0,400,0,0,0,400
08/18/2021,TEB,NJ,AEA,EN,Towers with Radar,0,206,176,0,382,0,8,24,0,32,0,214,200,0,414,0,0,0,414
08/19/2021,TEB,NJ,AEA,EN,Towers with Radar,1,229,172,0,402,0,21,24,0,45,1,250,196,0,447,0,0,0,447
08/20/2021,TEB,NJ,AEA,EN,Towers with Radar,0,220,156,0,376,0,15,27,0,42,0,235,183,0,418,0,0,0,418
08/21/2021,TEB,NJ,AEA,EN,Towers with Radar,0,207,152,0,359,0,8,12,0,20,0,215,164,0,379,0,0,0,379
08/22/2021,TEB,NJ,AEA,EN,Towers with Radar,0,78,62,1,141,0,0,0,0,0,0,78,62,1,141,0,0,0,141
08/23/2021,TEB,NJ,AEA,EN,Towers with Radar,0,216,174,1,391,0,2,10,0,12,0,218,184,1,403,0,0,0,403
08/24/2021,TEB,NJ,AEA,EN,Towers with Radar,0,202,178,0,380,0,14,55,0,69,0,216,233,0,449,0,0,0,449
08/25/2021,TEB,NJ,AEA,EN,Towers with Radar,0,220,175,0,395,0,11,23,1,35,0,231,198,1,430,0,0,0,430
08/26/2021,TEB,NJ,AEA,EN,Towers with Radar,0,202,189,0,391,0,25,45,0,70,0,227,234,0,461,0,0,0,461
08/27/2021,TEB,NJ,AEA,EN,Towers with Radar,0,182,156,2,340,0,21,34,0,55,0,203,190,2,395,0,0,0,395
08/28/2021,TEB,NJ,AEA,EN,Towers with Radar,0,162,133,0,295,0,8,10,0,18,0,170,143,0,313,0,0,0,313
08/29/2021,TEB,NJ,AEA,EN,Towers with Radar,0,248,209,0,457,0,0,27,0,27,0,248,236,0,484,0,0,0,484
08/30/2021,TEB,NJ,AEA,EN,Towers with Radar,1,210,165,0,376,0,11,29,0,40,1,221,194,0,416,0,0,0,416
08/31/2021,TEB,NJ,AEA,EN,Towers with Radar,1,188,147,0,336,0,16,38,2,56,1,204,185,2,392,0,0,0,392
09/01/2021,TEB,NJ,AEA,EN,Towers with Radar,0,163,135,0,298,0,2,19,0,21,0,165,154,0,319,0,0,0,319
09/02/2021,TEB,NJ,AEA,EN,Towers with Radar,0,5,1,0,6,0,3,11,4,18,0,8,12,4,24,0,0,0,24
09/03/2021,TEB,NJ,AEA,EN,Towers with Radar,0,23,28,0,51,0,3,6,0,9,0,26,34,0,60,0,0,0,60
09/04/2021,TEB,NJ,AEA,EN,Towers with Radar,0,119,87,0,206,0,10,26,0,36,0,129,113,0,242,0,0,0,242
09/05/2021,TEB,NJ,AEA,EN,Towers with Radar,0,145,87,0,232,0,5,15,0,20,0,150,102,0,252,0,0,0,252
09/06/2021,TEB,NJ,AEA,EN,Towers with Radar,0,214,190,0,404,0,23,37,1,61,0,237,227,1,465,0,0,0,465
09/07/2021,TEB,NJ,AEA,EN,Towers with Radar,0,235,172,0,407,0,23,27,0,50,0,258,199,0,457,0,0,0,457
09/08/2021,TEB,NJ,AEA,EN,Towers with Radar,2,291,220,4,517,0,16,23,5,44,2,307,243,9,561,0,0,0,561
09/09/2021,TEB,NJ,AEA,EN,Towers with Radar,0,309,248,0,557,0,2,45,0,47,0,311,293,0,604,0,0,0,604
09/10/2021,TEB,NJ,AEA,EN,Towers with Radar,0,306,209,1,516,0,35,43,1,79,0,341,252,2,595,0,0,0,595
09/11/2021,TEB,NJ,AEA,EN,Towers with Radar,1,186,148,1,336,0,8,34,0,42,1,194,182,1,378,0,0,0,378
09/12/2021,TEB,NJ,AEA,EN,Towers with Radar,0,294,252,0,546,0,23,46,0,69,0,317,298,0,615,0,0,0,615
09/13/2021,TEB,NJ,AEA,EN,Towers with Radar,0,238,194,0,432,0,15,49,0,64,0,253,243,0,496,0,0,0,496
09/14/2021,TEB,NJ,AEA,EN,Towers with Radar,0,246,202,0,448,0,11,30,2,43,0,257,232,2,491,0,0,0,491
09/15/2021,TEB,NJ,AEA,EN,Towers with Radar,0,264,230,0,494,0,4,26,0,30,0,268,256,0,524,0,0,0,524
09/16/2021,TEB,NJ,AEA,EN,Towers with Radar,0,224,210,0,434,0,2,27,0,29,0,226,237,0,463,0,0,0,463
09/17/2021,TEB,NJ,AEA,EN,Towers with Radar,0,275,194,0,469,0,3,17,0,20,0,278,211,0,489,0,0,0,489
09/18/2021,TEB,NJ,AEA,EN,Towers with Radar,0,168,131,0,299,0,7,28,0,35,0,175,159,0,334,0,0,0,334
09/19/2021,TEB,NJ,AEA,EN,Towers with Radar,0,278,249,1,528,0,24,65,0,89,0,302,314,1,617,0,0,0,617
09/20/2021,TEB,NJ,AEA,EN,Towers with Radar,0,232,195,1,428,0,12,30,0,42,0,244,225,1,470,0,0,0,470
09/21/2021,TEB,NJ,AEA,EN,Towers with Radar,0,242,243,3,488,0,2,21,0,23,0,244,264,3,511,0,0,0,511
09/22/2021,TEB,NJ,AEA,EN,Towers with Radar,0,239,247,2,488,0,3,28,2,33,0,242,275,4,521,0,0,0,521
09/23/2021,TEB,NJ,AEA,EN,Towers with Radar,0,231,206,0,437,0,4,10,0,14,0,235,216,0,451,0,0,0,451
09/24/2021,TEB,NJ,AEA,EN,Towers with Radar,0,311,265,3,579,0,16,46,2,64,0,327,311,5,643,0,0,0,643
09/25/2021,TEB,NJ,AEA,EN,Towers with Radar,0,176,144,1,321,0,13,19,0,32,0,189,163,1,353,0,0,0,353
09/26/2021,TEB,NJ,AEA,EN,Towers with Radar,1,322,242,0,565,0,17,32,0,49,1,339,274,0,614,0,0,0,614
09/27/2021,TEB,NJ,AEA,EN,Towers with Radar,0,239,177,0,416,0,15,21,1,37,0,254,198,1,453,0,0,0,453
09/28/2021,TEB,NJ,AEA,EN,Towers with Radar,0,198,199,0,397,0,8,13,0,21,0,206,212,0,418,0,0,0,418
09/29/2021,TEB,NJ,AEA,EN,Towers with Radar,1,276,242,0,519,0,17,52,0,69,1,293,294,0,588,0,0,0,588
09/30/2021,TEB,NJ,AEA,EN,Towers with Radar,0,306,261,0,567,0,18,45,0,63,0,324,306,0,630,0,0,0,630
10/01/2021,TEB,NJ,AEA,EN,Towers with Radar,2,278,245,0,525,0,30,38,0,68,2,308,283,0,593,0,0,0,593
10/02/2021,TEB,NJ,AEA,EN,Towers with Radar,0,177,124,0,301,0,11,28,0,39,0,188,152,0,340,0,0,0,340
10/03/2021,TEB,NJ,AEA,EN,Towers with Radar,0,294,226,0,520,0,26,49,0,75,0,320,275,0,595,0,0,0,595
10/04/2021,TEB,NJ,AEA,EN,Towers with Radar,0,245,238,0,483,0,0,18,0,18,0,245,256,0,501,0,0,0,501
10/05/2021,TEB,NJ,AEA,EN,Towers with Radar,1,243,194,0,438,0,4,25,0,29,1,247,219,0,467,0,0,0,467
10/06/2021,TEB,NJ,AEA,EN,Towers with Radar,0,271,278,0,549,0,2,23,3,28,0,273,301,3,577,0,0,0,577
10/07/2021,TEB,NJ,AEA,EN,Towers with Radar,0,304,289,1,594,0,16,30,0,46,0,320,319,1,640,0,0,0,640
10/08/2021,TEB,NJ,AEA,EN,Towers with Radar,0,303,298,1,602,0,19,56,0,75,0,322,354,1,677,0,0,0,677
10/09/2021,TEB,NJ,AEA,EN,Towers with Radar,0,162,137,0,299,0,5,20,0,25,0,167,157,0,324,0,0,0,324
10/10/2021,TEB,NJ,AEA,EN,Towers with Radar,0,273,222,0,495,0,0,15,0,15,0,273,237,0,510,0,0,0,510
10/11/2021,TEB,NJ,AEA,EN,Towers with Radar,0,267,246,0,513,0,17,39,1,57,0,284,285,1,570,0,0,0,570
10/12/2021,TEB,NJ,AEA,EN,Towers with Radar,0,273,213,0,486,0,9,25,0,34,0,282,238,0,520,0,0,0,520
10/13/2021,TEB,NJ,AEA,EN,Towers with Radar,0,277,249,2,528,0,1,51,2,54,0,278,300,4,582,0,0,0,582
10/14/2021,TEB,NJ,AEA,EN,Towers with Radar,0,278,264,0,542,0,18,55,0,73,0,296,319,0,615,0,0,0,615
10/15/2021,TEB,NJ,AEA,EN,Towers with Radar,0,276,235,0,511,0,23,39,2,64,0,299,274,2,575,0,0,0,575
10/16/2021,TEB,NJ,AEA,EN,Towers with Radar,0,202,132,0,334,0,4,22,0,26,0,206,154,0,360,0,0,0,360
10/17/2021,TEB,NJ,AEA,EN,Towers with Radar,0,272,267,1,540,0,16,45,0,61,0,288,312,1,601,0,0,0,601
10/18/2021,TEB,NJ,AEA,EN,Towers with Radar,0,219,221,0,440,0,8,29,1,38,0,227,250,1,478,0,0,0,478
10/19/2021,TEB,NJ,AEA,EN,Towers with Radar,0,254,246,0,500,0,15,44,0,59,0,269,290,0,559,0,0,0,559
10/20/2021,TEB,NJ,AEA,EN,Towers with Radar,0,240,219,0,459,0,12,39,0,51,0,252,258,0,510,0,0,0,510
10/21/2021,TEB,NJ,AEA,EN,Towers with Radar,0,279,291,0,570,0,17,44,1,62,0,296,335,1,632,0,0,0,632
10/22/2021,TEB,NJ,AEA,EN,Towers with Radar,0,302,257,3,562,0,16,52,0,68,0,318,309,3,630,0,0,0,630
10/23/2021,TEB,NJ,AEA,EN,Towers with Radar,0,181,116,0,297,0,5,19,0,24,0,186,135,0,321,0,0,0,321
10/24/2021,TEB,NJ,AEA,EN,Towers with Radar,0,301,271,1,573,0,12,54,0,66,0,313,325,1,639,0,0,0,639
10/25/2021,TEB,NJ,AEA,EN,Towers with Radar,0,278,212,1,491,0,3,19,0,22,0,281,231,1,513,0,0,0,513
10/26/2021,TEB,NJ,AEA,EN,Towers with Radar,0,260,194,0,454,0,0,7,0,7,0,260,201,0,461,0,0,0,461
10/27/2021,TEB,NJ,AEA,EN,Towers with Radar,0,274,255,0,529,0,3,27,0,30,0,277,282,0,559,0,0,0,559
10/28/2021,TEB,NJ,AEA,EN,Towers with Radar,2,308,258,0,568,0,13,42,0,55,2,321,300,0,623,0,0,0,623
10/29/2021,TEB,NJ,AEA,EN,Towers with Radar,0,274,214,0,488,0,6,27,0,33,0,280,241,0,521,0,0,0,521
10/30/2021,TEB,NJ,AEA,EN,Towers with Radar,0,171,139,0,310,0,4,11,0,15,0,175,150,0,325,0,0,0,325
10/31/2021,TEB,NJ,AEA,EN,Towers with Radar,0,276,201,1,478,0,10,44,0,54,0,286,245,1,532,0,0,0,532
11/01/2021,TEB,NJ,AEA,EN,Towers with Radar,0,284,209,0,493,0,8,17,0,25,0,292,226,0,518,0,0,0,518
11/02/2021,TEB,NJ,AEA,EN,Towers with Radar,0,250,192,0,442,0,12,24,0,36,0,262,216,0,478,0,0,0,478
11/03/2021,TEB,NJ,AEA,EN,Towers with Radar,1,279,249,3,532,0,12,29,0,41,1,291,278,3,573,0,0,0,573
11/04/2021,TEB,NJ,AEA,EN,Towers with Radar,1,347,273,1,622,0,13,53,1,67,1,360,326,2,689,0,0,0,689
11/05/2021,TEB,NJ,AEA,EN,Towers with Radar,0,266,212,0,478,0,23,53,0,76,0,289,265,0,554,0,0,0,554
11/06/2021,TEB,NJ,AEA,EN,Towers with Radar,0,170,145,0,315,0,4,39,0,43,0,174,184,0,358,0,0,0,358
11/07/2021,TEB,NJ,AEA,EN,Towers with Radar,0,308,268,0,576,0,22,48,0,70,0,330,316,0,646,0,0,0,646
11/08/2021,TEB,NJ,AEA,EN,Towers with Radar,0,267,224,0,491,0,10,35,0,45,0,277,259,0,536,0,0,0,536
11/09/2021,TEB,NJ,AEA,EN,Towers with Radar,2,308,256,1,567,0,11,34,0,45,2,319,290,1,612,0,0,0,612
11/10/2021,TEB,NJ,AEA,EN,Towers with Radar,1,319,277,0,597,0,9,45,0,54,1,328,322,0,651,0,0,0,651
11/11/2021,TEB,NJ,AEA,EN,Towers with Radar,0,272,291,3,566,0,10,50,0,60,0,282,341,3,626,0,0,0,626
11/12/2021,TEB,NJ,AEA,EN,Towers with Radar,0,261,211,0,472,0,7,12,0,19,0,268,223,0,491,0,0,0,491
11/13/2021,TEB,NJ,AEA,EN,Towers with Radar,0,197,109,0,306,0,11,11,0,22,0,208,120,0,328,0,0,0,328
11/14/2021,TEB,NJ,AEA,EN,Towers with Radar,0,305,258,2,565,0,10,58,2,70,0,315,316,4,635,0,0,0,635
11/15/2021,TEB,NJ,AEA,EN,Towers with Radar,0,306,235,0,541,0,9,39,0,48,0,315,274,0,589,0,0,0,589
11/16/2021,TEB,NJ,AEA,EN,Towers with Radar,0,267,258,0,525,0,15,28,0,43,0,282,286,0,568,0,0,0,568
11/17/2021,TEB,NJ,AEA,EN,Towers with Radar,0,325,287,2,614,0,4,49,0,53,0,329,336,2,667,0,0,0,667
11/18/2021,TEB,NJ,AEA,EN,Towers with Radar,2,344,271,2,619,0,6,31,1,38,2,350,302,3,657,0,0,0,657
11/19/2021,TEB,NJ,AEA,EN,Towers with Radar,0,301,273,0,574,0,15,38,1,54,0,316,311,1,628,0,0,0,628
11/20/2021,TEB,NJ,AEA,EN,Towers with Radar,1,216,212,0,429,0,11,24,0,35,1,227,236,0,464,0,0,0,464
11/21/2021,TEB,NJ,AEA,EN,Towers with Radar,1,266,258,2,527,0,12,30,0,42,1,278,288,2,569,0,0,0,569
11/22/2021,TEB,NJ,AEA,EN,Towers with Radar,0,212,223,2,437,0,5,30,0,35,0,217,253,2,472,0,0,0,472
11/23/2021,TEB,NJ,AEA,EN,Towers with Radar,0,330,297,1,628,0,22,55,0,77,0,352,352,1,705,0,0,0,705
11/24/2021,TEB,NJ,AEA,EN,Towers with Radar,2,256,256,1,515,0,7,33,0,40,2,263,289,1,555,0,0,0,555
11/25/2021,TEB,NJ,AEA,EN,Towers with Radar,0,78,65,0,143,0,12,16,0,28,0,90,81,0,171,0,0,0,171
11/26/2021,TEB,NJ,AEA,EN,Towers with Radar,1,141,106,0,248,0,3,13,0,16,1,144,119,0,264,0,0,0,264
11/27/2021,TEB,NJ,AEA,EN,Towers with Radar,0,214,228,0,442,0,1,21,0,22,0,215,249,0,464,0,0,0,464
11/28/2021,TEB,NJ,AEA,EN,Towers with Radar,0,343,343,0,686,0,14,49,0,63,0,357,392,0,749,0,0,0,749
11/29/2021,TEB,NJ,AEA,EN,Towers with Radar,1,284,312,1,598,0,9,45,0,54,1,293,357,1,652,0,0,0,652
11/30/2021,TEB,NJ,AEA,EN,Towers with Radar,0,293,282,0,575,0,13,32,0,45,0,306,314,0,620,0,0,0,620
12/01/2021,TEB,NJ,AEA,EN,Towers with Radar,1,353,318,0,672,0,11,45,1,57,1,364,363,1,729,0,0,0,729
12/02/2021,TEB,NJ,AEA,EN,Towers with Radar,1,331,297,0,629,0,17,35,0,52,1,348,332,0,681,0,0,0,681
12/03/2021,TEB,NJ,AEA,EN,Towers with Radar,2,315,256,0,573,0,26,52,1,79,2,341,308,1,652,0,0,0,652
12/04/2021,TEB,NJ,AEA,EN,Towers with Radar,0,191,168,0,359,0,8,28,0,36,0,199,196,0,395,0,0,0,395
12/05/2021,TEB,NJ,AEA,EN,Towers with Radar,0,299,284,0,583,0,16,77,1,94,0,315,361,1,677,0,0,0,677
12/06/2021,TEB,NJ,AEA,EN,Towers with Radar,0,314,287,0,601,0,4,22,0,26,0,318,309,0,627,0,0,0,627
12/07/2021,TEB,NJ,AEA,EN,Towers with Radar,1,279,305,0,585,0,11,34,0,45,1,290,339,0,630,0,0,0,630
12/08/2021,TEB,NJ,AEA,EN,Towers with Radar,0,339,354,1,694,0,7,25,0,32,0,346,379,1,726,0,0,0,726
12/09/2021,TEB,NJ,AEA,EN,Towers with Radar,0,353,312,0,665,0,9,60,5,74,0,362,372,5,739,0,0,0,739
12/10/2021,TEB,NJ,AEA,EN,Towers with Radar,0,328,317,6,651,0,12,32,6,50,0,340,349,12,701,0,0,0,701
12/11/2021,TEB,NJ,AEA,EN,Towers with Radar,0,214,154,8,376,0,5,7,5,17,0,219,161,13,393,0,0,0,393
12/12/2021,TEB,NJ,AEA,EN,Towers with Radar,0,302,303,4,609,0,13,41,6,60,0,315,344,10,669,0,0,0,669
12/13/2021,TEB,NJ,AEA,EN,Towers with Radar,0,230,236,0,466,0,4,39,2,45,0,234,275,2,511,0,0,0,511
12/14/2021,TEB,NJ,AEA,EN,Towers with Radar,0,308,279,0,587,0,9,55,1,65,0,317,334,1,652,0,0,0,652
12/15/2021,TEB,NJ,AEA,EN,Towers with Radar,0,298,284,0,582,0,9,32,1,42,0,307,316,1,624,0,0,0,624
12/16/2021,TEB,NJ,AEA,EN,Towers with Radar,0,321,272,0,593,0,12,41,0,53,0,333,313,0,646,0,0,0,646
12/17/2021,TEB,NJ,AEA,EN,Towers with Radar,0,341,339,0,680,0,17,53,0,70,0,358,392,0,750,0,0,0,750
12/18/2021,TEB,NJ,AEA,EN,Towers with Radar,1,272,279,0,552,0,1,1,0,2,1,273,280,0,554,0,0,0,554
12/19/2021,TEB,NJ,AEA,EN,Towers with Radar,1,275,227,1,504,0,2,27,0,29,1,277,254,1,533,0,0,0,533
12/20/2021,TEB,NJ,AEA,EN,Towers with Radar,0,193,209,0,402,0,5,18,0,23,0,198,227,0,425,0,0,0,425
12/21/2021,TEB,NJ,AEA,EN,Towers with Radar,0,221,195,1,417,0,4,15,4,23,0,225,210,5,440,0,0,0,440
12/22/2021,TEB,NJ,AEA,EN,Towers with Radar,0,250,207,0,457,0,10,12,0,22,0,260,219,0,479,0,0,0,479
12/23/2021,TEB,NJ,AEA,EN,Towers with Radar,0,250,201,1,452,0,14,11,1,26,0,264,212,2,478,0,0,0,478
12/24/2021,TEB,NJ,AEA,EN,Towers with Radar,0,162,105,0,267,0,0,5,0,5,0,162,110,0,272,0,0,0,272
12/25/2021,TEB,NJ,AEA,EN,Towers with Radar,0,119,77,0,196,0,0,2,0,2,0,119,79,0,198,0,0,0,198
12/26/2021,TEB,NJ,AEA,EN,Towers with Radar,0,160,157,0,317,0,4,23,0,27,0,164,180,0,344,0,0,0,344
12/27/2021,TEB,NJ,AEA,EN,Towers with Radar,0,175,131,0,306,0,6,15,0,21,0,181,146,0,327,0,0,0,327
12/28/2021,TEB,NJ,AEA,EN,Towers with Radar,0,155,127,0,282,0,4,13,0,17,0,159,140,0,299,0,0,0,299
12/29/2021,TEB,NJ,AEA,EN,Towers with Radar,0,150,105,0,255,0,0,1,0,1,0,150,106,0,256,0,0,0,256
12/30/2021,TEB,NJ,AEA,EN,Towers with Radar,0,166,145,0,311,0,3,4,0,7,0,169,149,0,318,0,0,0,318
12/31/2021,TEB,NJ,AEA,EN,Towers with Radar,0,131,91,0,222,0,1,1,1,3,0,132,92,1,225,0,0,0,225
01/01/2022,TEB,NJ,AEA,EN,Towers with Radar,0,226,154,0,380,0,1,0,0,1,0,227,154,0,381,0,0,0,381
01/02/2022,TEB,NJ,AEA,EN,Towers with Radar,3,281,248,0,532,0,4,16,0,20,3,285,264,0,552,0,0,0,552
01/03/2022,TEB,NJ,AEA,EN,Towers with Radar,1,243,183,2,429,0,14,22,0,36,1,257,205,2,465,0,0,0,465
01/04/2022,TEB,NJ,AEA,EN,Towers with Radar,1,234,159,0,394,0,9,28,0,37,1,243,187,0,431,0,0,0,431
01/05/2022,TEB,NJ,AEA,EN,Towers with Radar,0,167,123,0,290,0,1,9,0,10,0,168,132,0,300,0,0,0,300
01/06/2022,TEB,NJ,AEA,EN,Towers with Radar,0,202,140,0,342,0,9,13,0,22,0,211,153,0,364,0,0,0,364
01/07/2022,TEB,NJ,AEA,EN,Towers with Radar,2,133,105,0,240,0,2,8,0,10,2,135,113,0,250,0,0,0,250
01/08/2022,TEB,NJ,AEA,EN,Towers with Radar,0,142,101,0,243,0,5,12,0,17,0,147,113,0,260,0,0,0,260
01/09/2022,TEB,NJ,AEA,EN,Towers with Radar,0,197,144,0,341,0,0,4,0,4,0,197,148,0,345,0,0,0,345
01/10/2022,TEB,NJ,AEA,EN,Towers with Radar,1,175,107,1,284,0,1,17,0,18,1,176,124,1,302,0,0,0,302
01/11/2022,TEB,NJ,AEA,EN,Towers with Radar,0,162,119,1,282,0,2,10,0,12,0,164,129,1,294,0,0,0,294
01/12/2022,TEB,NJ,AEA,EN,Towers with Radar,1,182,136,4,323,0,5,18,0,23,1,187,154,4,346,0,0,0,346
01/13/2022,TEB,NJ,AEA,EN,Towers with Radar,1,183,150,2,336,0,5,29,2,36,1,188,179,4,372,0,0,0,372
01/14/2022,TEB,NJ,AEA,EN,Towers with Radar,1,198,185,2,386,0,5,16,0,21,1,203,201,2,407,0,0,0,407
01/15/2022,TEB,NJ,AEA,EN,Towers with Radar,0,144,96,0,240,0,7,9,0,16,0,151,105,0,256,0,0,0,256
01/16/2022,TEB,NJ,AEA,EN,Towers with Radar,0,120,122,0,242,0,3,8,2,13,0,123,130,2,255,0,0,0,255
01/17/2022,TEB,NJ,AEA,EN,Towers with Radar,1,186,170,3,360,0,2,17,0,19,1,188,187,3,379,0,0,0,379
01/18/2022,TEB,NJ,AEA,EN,Towers with Radar,0,188,173,1,362,0,2,24,0,26,0,190,197,1,388,0,0,0,388
01/19/2022,TEB,NJ,AEA,EN,Towers with Radar,0,192,172,1,365,0,2,13,0,15,0,194,185,1,380,0,0,0,380
01/20/2022,TEB,NJ,AEA,EN,Towers with Radar,2,170,159,1,332,0,6,13,0,19,2,176,172,1,351,0,0,0,351
01/21/2022,TEB,NJ,AEA,EN,Towers with Radar,0,160,150,1,311,0,8,18,0,26,0,168,168,1,337,0,0,0,337
01/22/2022,TEB,NJ,AEA,EN,Towers with Radar,0,121,74,1,196,0,7,16,0,23,0,128,90,1,219,0,0,0,219
01/23/2022,TEB,NJ,AEA,EN,Towers with Radar,0,169,165,0,334,0,2,14,0,16,0,171,179,0,350,0,0,0,350
01/24/2022,TEB,NJ,AEA,EN,Towers with Radar,1,192,127,0,320,0,3,21,0,24,1,195,148,0,344,0,0,0,344
01/25/2022,TEB,NJ,AEA,EN,Towers with Radar,0,183,153,0,336,0,6,29,2,37,0,189,182,2,373,0,0,0,373
01/26/2022,TEB,NJ,AEA,EN,Towers with Radar,0,172,152,0,324,0,10,26,2,38,0,182,178,2,362,0,0,0,362
01/27/2022,TEB,NJ,AEA,EN,Towers with Radar,1,198,180,0,379,0,4,20,1,25,1,202,200,1,404,0,0,0,404
01/28/2022,TEB,NJ,AEA,EN,Towers with Radar,0,223,170,0,393,0,1,2,0,3,0,224,172,0,396,0,0,0,396
01/29/2022,TEB,NJ,AEA,EN,Towers with Radar,0,36,19,0,55,0,0,0,0,0,0,36,19,0,55,0,0,0,55
01/30/2022,TEB,NJ,AEA,EN,Towers with Radar,0,235,157,0,392,0,0,13,0,13,0,235,170,0,405,0,0,0,405
01/31/2022,TEB,NJ,AEA,EN,Towers with Radar,0,201,151,0,352,0,13,36,0,49,0,214,187,0,401,0,0,0,401
02/01/2022,TEB,NJ,AEA,EN,Towers with Radar,0,232,172,1,405,0,10,18,0,28,0,242,190,1,433,0,0,0,433
02/02/2022,TEB,NJ,AEA,EN,Towers with Radar,1,259,172,0,432,0,3,11,0,14,1,262,183,0,446,0,0,0,446
02/03/2022,TEB,NJ,AEA,EN,Towers with Radar,0,221,185,0,406,0,0,0,0,0,0,221,185,0,406,0,0,0,406
02/04/2022,TEB,NJ,AEA,EN,Towers with Radar,1,146,121,1,269,0,0,0,0,0,1,146,121,1,269,0,0,0,269
02/05/2022,TEB,NJ,AEA,EN,Towers with Radar,2,159,111,0,272,0,3,13,0,16,2,162,124,0,288,0,0,0,288
02/06/2022,TEB,NJ,AEA,EN,Towers with Radar,1,210,187,1,399,0,9,22,0,31,1,219,209,1,430,0,0,0,430
02/07/2022,TEB,NJ,AEA,EN,Towers with Radar,0,185,170,0,355,0,3,0,0,3,0,188,170,0,358,0,0,0,358
02/08/2022,TEB,NJ,AEA,EN,Towers with Radar,0,222,161,0,383,0,11,19,1,31,0,233,180,1,414,0,0,0,414
02/09/2022,TEB,NJ,AEA,EN,Towers with Radar,0,258,163,1,422,0,14,30,2,46,0,272,193,3,468,0,0,0,468
02/10/2022,TEB,NJ,AEA,EN,Towers with Radar,0,261,182,3,446,0,13,23,0,36,0,274,205,3,482,0,0,0,482
02/11/2022,TEB,NJ,AEA,EN,Towers with Radar,1,237,172,0,410,0,10,32,1,43,1,247,204,1,453,0,0,0,453
02/12/2022,TEB,NJ,AEA,EN,Towers with Radar,2,156,92,1,251,0,12,12,0,24,2,168,104,1,275,0,0,0,275
02/13/2022,TEB,NJ,AEA,EN,Towers with Radar,1,190,118,0,309,0,1,6,0,7,1,191,124,0,316,0,0,0,316
02/14/2022,TEB,NJ,AEA,EN,Towers with Radar,0,207,164,0,371,0,8,20,0,28,0,215,184,0,399,0,0,0,399
02/15/2022,TEB,NJ,AEA,EN,Towers with Radar,0,226,179,0,405,0,8,31,0,39,0,234,210,0,444,0,0,0,444
02/16/2022,TEB,NJ,AEA,EN,Towers with Radar,1,272,229,0,502,0,13,44,0,57,1,285,273,0,559,0,0,0,559
02/17/2022,TEB,NJ,AEA,EN,Towers with Radar,0,327,257,2,586,0,6,28,0,34,0,333,285,2,620,0,0,0,620
02/18/2022,TEB,NJ,AEA,EN,Towers with Radar,1,279,256,0,536,0,9,14,0,23,1,288,270,0,559,0,0,0,559
02/19/2022,TEB,NJ,AEA,EN,Towers with Radar,3,189,97,0,289,0,4,3,0,7,3,193,100,0,296,0,0,0,296
02/20/2022,TEB,NJ,AEA,EN,Towers with Radar,1,158,140,0,299,0,2,12,0,14,1,160,152,0,313,0,0,0,313
02/21/2022,TEB,NJ,AEA,EN,Towers with Radar,0,271,188,0,459,0,8,23,0,31,0,279,211,0,490,0,0,0,490
02/22/2022,TEB,NJ,AEA,EN,Towers with Radar,0,284,223,1,508,0,3,4,0,7,0,287,227,1,515,0,0,0,515
02/23/2022,TEB,NJ,AEA,EN,Towers with Radar,0,299,203,3,505,0,5,21,0,26,0,304,224,3,531,0,0,0,531
02/24/2022,TEB,NJ,AEA,EN,Towers with Radar,2,305,249,0,556,0,7,33,0,40,2,312,282,0,596,0,0,0,596
02/25/2022,TEB,NJ,AEA,EN,Towers with Radar,2,216,134,0,352,0,0,8,0,8,2,216,142,0,360,0,0,0,360
02/26/2022,TEB,NJ,AEA,EN,Towers with Radar,2,190,148,2,342,0,10,15,0,25,2,200,163,2,367,0,0,0,367
02/27/2022,TEB,NJ,AEA,EN,Towers with Radar,1,268,198,0,467,0,3,20,0,23,1,271,218,0,490,0,0,0,490
02/28/2022,TEB,NJ,AEA,EN,Towers with Radar,1,237,188,0,426,0,9,31,0,40,1,246,219,0,466,0,0,0,466
03/01/2022,TEB,NJ,AEA,EN,Towers with Radar,0,261,236,1,498,0,6,20,0,26,0,267,256,1,524,0,0,0,524
03/02/2022,TEB,NJ,AEA,EN,Towers with Radar,0,290,255,0,545,0,12,43,4,59,0,302,298,4,604,0,0,0,604
03/03/2022,TEB,NJ,AEA,EN,Towers with Radar,0,323,236,0,559,0,15,16,0,31,0,338,252,0,590,0,0,0,590
03/04/2022,TEB,NJ,AEA,EN,Towers with Radar,1,273,179,0,453,0,9,27,0,36,1,282,206,0,489,0,0,0,489
03/05/2022,TEB,NJ,AEA,EN,Towers with Radar,2,163,93,0,258,0,11,21,0,32,2,174,114,0,290,0,0,0,290
03/06/2022,TEB,NJ,AEA,EN,Towers with Radar,1,258,174,1,434,0,5,13,0,18,1,263,187,1,452,0,0,0,452
03/07/2022,TEB,NJ,AEA,EN,Towers with Radar,0,229,192,2,423,0,4,22,0,26,0,233,214,2,449,0,0,0,449
03/08/2022,TEB,NJ,AEA,EN,Towers with Radar,0,252,241,0,493,0,7,22,0,29,0,259,263,0,522,0,0,0,522
03/09/2022,TEB,NJ,AEA,EN,Towers with Radar,0,244,213,0,457,0,2,5,0,7,0,246,218,0,464,0,0,0,464
03/10/2022,TEB,NJ,AEA,EN,Towers with Radar,0,276,229,0,505,0,4,40,0,44,0,280,269,0,549,0,0,0,549
03/11/2022,TEB,NJ,AEA,EN,Towers with Radar,1,285,256,0,542,0,6,28,0,34,1,291,284,0,576,0,0,0,576
03/12/2022,TEB,NJ,AEA,EN,Towers with Radar,2,165,115,0,282,0,0,1,0,1,2,165,116,0,283,0,0,0,283
03/13/2022,TEB,NJ,AEA,EN,Towers with Radar,1,284,240,2,527,0,2,30,0,32,1,286,270,2,559,0,0,0,559
03/14/2022,TEB,NJ,AEA,EN,Towers with Radar,0,236,200,0,436,0,5,18,0,23,0,241,218,0,459,0,0,0,459
03/15/2022,TEB,NJ,AEA,EN,Towers with Radar,0,238,177,0,415,0,7,30,0,37,0,245,207,0,452,0,0,0,452
03/16/2022,TEB,NJ,AEA,EN,Towers with Radar,0,234,190,2,426,0,6,30,0,36,0,240,220,2,462,0,0,0,462
03/17/2022,TEB,NJ,AEA,EN,Towers with Radar,0,216,143,0,359,0,1,1,0,2,0,217,144,0,361,0,0,0,361
03/18/2022,TEB,NJ,AEA,EN,Towers with Radar,3,219,173,0,395,0,10,19,0,29,3,229,192,0,424,0,0,0,424
03/19/2022,TEB,NJ,AEA,EN,Towers with Radar,1,184,132,0,317,0,0,1,0,1,1,184,133,0,318,0,0,0,318
03/20/2022,TEB,NJ,AEA,EN,Towers with Radar,1,228,240,0,469,0,6,12,0,18,1,234,252,0,487,0,0,0,487
03/21/2022,TEB,NJ,AEA,EN,Towers with Radar,0,222,189,0,411,0,8,17,0,25,0,230,206,0,436,0,0,0,436
03/22/2022,TEB,NJ,AEA,EN,Towers with Radar,1,201,171,0,373,0,7,27,1,35,1,208,198,1,408,0,0,0,408
03/23/2022,TEB,NJ,AEA,EN,Towers with Radar,0,210,241,0,451,0,5,30,0,35,0,215,271,0,486,0,0,0,486
03/24/2022,TEB,NJ,AEA,EN,Towers with Radar,0,228,200,2,430,0,0,0,0,0,0,228,200,2,430,0,0,0,430
03/25/2022,TEB,NJ,AEA,EN,Towers with Radar,1,217,223,1,442,0,5,29,2,36,1,222,252,3,478,0,0,0,478
03/26/2022,TEB,NJ,AEA,EN,Towers with Radar,2,220,152,0,374,0,2,16,0,18,2,222,168,0,392,0,0,0,392
03/27/2022,TEB,NJ,AEA,EN,Towers with Radar,1,282,247,0,530,0,0,15,0,15,1,282,262,0,545,0,0,0,545
03/28/2022,TEB,NJ,AEA,EN,Towers with Radar,1,235,187,0,423,0,5,24,0,29,1,240,211,0,452,0,0,0,452
03/29/2022,TEB,NJ,AEA,EN,Towers with Radar,0,230,196,0,426,0,4,20,2,26,0,234,216,2,452,0,0,0,452
03/30/2022,TEB,NJ,AEA,EN,Towers with Radar,0,269,269,0,538,0,6,36,0,42,0,275,305,0,580,0,0,0,580
03/31/2022,TEB,NJ,AEA,EN,Towers with Radar,0,331,225,0,556,0,1,7,0,8,0,332,232,0,564,0,0,0,564
04/01/2022,TEB,NJ,AEA,EN,Towers with Radar,3,263,214,0,480,0,1,13,0,14,3,264,227,0,494,0,0,0,494
04/02/2022,TEB,NJ,AEA,EN,Towers with Radar,2,176,128,0,306,0,1,27,0,28,2,177,155,0,334,0,0,0,334
04/03/2022,TEB,NJ,AEA,EN,Towers with Radar,1,312,245,0,558,0,5,12,0,17,1,317,257,0,575,0,0,0,575
04/04/2022,TEB,NJ,AEA,EN,Towers with Radar,0,257,183,0,440,0,10,26,0,36,0,267,209,0,476,0,0,0,476
04/05/2022,TEB,NJ,AEA,EN,Towers with Radar,0,266,252,2,520,0,1,32,0,33,0,267,284,2,553,0,0,0,553
04/06/2022,TEB,NJ,AEA,EN,Towers with Radar,1,283,269,1,554,0,0,7,0,7,1,283,276,1,561,0,0,0,561
04/07/2022,TEB,NJ,AEA,EN,Towers with Radar,0,221,202,1,424,0,0,2,0,2,0,221,204,1,426,0,0,0,426
04/08/2022,TEB,NJ,AEA,EN,Towers with Radar,1,314,256,0,571,0,7,34,3,44,1,321,290,3,615,0,0,0,615
04/09/2022,TEB,NJ,AEA,EN,Towers with Radar,0,200,121,0,321,0,1,12,0,13,0,201,133,0,334,0,0,0,334
04/10/2022,TEB,NJ,AEA,EN,Towers with Radar,0,229,180,0,409,0,6,34,0,40,0,235,214,0,449,0,0,0,449
04/11/2022,TEB,NJ,AEA,EN,Towers with Radar,0,267,237,2,506,0,1,23,0,24,0,268,260,2,530,0,0,0,530
04/12/2022,TEB,NJ,AEA,EN,Towers with Radar,2,291,233,2,528,0,4,35,2,41,2,295,268,4,569,0,0,0,569
04/13/2022,TEB,NJ,AEA,EN,Towers with Radar,0,254,251,0,505,0,6,24,0,30,0,260,275,0,535,0,0,0,535
04/14/2022,TEB,NJ,AEA,EN,Towers with Radar,0,346,317,0,663,0,5,33,0,38,0,351,350,0,701,0,0,0,701
04/15/2022,TEB,NJ,AEA,EN,Towers with Radar,0,224,176,0,400,0,10,20,2,32,0,234,196,2,432,0,0,0,432
04/16/2022,TEB,NJ,AEA,EN,Towers with Radar,0,166,114,0,280,0,8,8,0,16,0,174,122,0,296,0,0,0,296
04/17/2022,TEB,NJ,AEA,EN,Towers with Radar,0,246,172,0,418,0,13,18,0,31,0,259,190,0,449,0,0,0,449
04/18/2022,TEB,NJ,AEA,EN,Towers with Radar,0,265,224,0,489,0,14,25,0,39,0,279,249,0,528,0,0,0,528
04/19/2022,TEB,NJ,AEA,EN,Towers with Radar,0,225,200,0,425,0,5,12,0,17,0,230,212,0,442,0,0,0,442
04/20/2022,TEB,NJ,AEA,EN,Towers with Radar,0,266,209,0,475,0,8,30,3,41,0,274,239,3,516,0,0,0,516
04/21/2022,TEB,NJ,AEA,EN,Towers with Radar,0,270,228,2,500,0,12,30,0,42,0,282,258,2,542,0,0,0,542
04/22/2022,TEB,NJ,AEA,EN,Towers with Radar,0,240,169,2,411,0,16,22,0,38,0,256,191,2,449,0,0,0,449
04/23/2022,TEB,NJ,AEA,EN,Towers with Radar,0,176,140,0,316,0,3,17,5,25,0,179,157,5,341,0,0,0,341
04/24/2022,TEB,NJ,AEA,EN,Towers with Radar,0,323,235,0,558,0,16,58,3,77,0,339,293,3,635,0,0,0,635
04/25/2022,TEB,NJ,AEA,EN,Towers with Radar,0,257,238,0,495,0,5,24,1,30,0,262,262,1,525,0,0,0,525
04/26/2022,TEB,NJ,AEA,EN,Towers with Radar,0,281,241,1,523,0,0,5,0,5,0,281,246,1,528,0,0,0,528
04/27/2022,TEB,NJ,AEA,EN,Towers with Radar,0,270,252,1,523,0,1,19,0,20,0,271,271,1,543,0,0,0,543
04/28/2022,TEB,NJ,AEA,EN,Towers with Radar,0,252,248,0,500,0,14,35,0,49,0,266,283,0,549,0,0,0,549
04/29/2022,TEB,NJ,AEA,EN,Towers with Radar,0,261,228,0,489,0,20,33,1,54,0,281,261,1,543,0,0,0,543
04/30/2022,TEB,NJ,AEA,EN,Towers with Radar,0,161,132,0,293,0,9,23,1,33,0,170,155,1,326,0,0,0,326
05/01/2022,TEB,NJ,AEA,EN,Towers with Radar,0,268,250,0,518,0,16,31,2,49,0,284,281,2,567,0,0,0,567
05/02/2022,TEB,NJ,AEA,EN,Towers with Radar,0,250,231,0,481,0,1,1,0,2,0,251,232,0,483,0,0,0,483
05/03/2022,TEB,NJ,AEA,EN,Towers with Radar,0,292,248,0,540,0,6,42,0,48,0,298,290,0,588,0,0,0,588
05/04/2022,TEB,NJ,AEA,EN,Towers with Radar,1,331,310,2,644,0,1,19,0,20,1,332,329,2,664,0,0,0,664
05/05/2022,TEB,NJ,AEA,EN,Towers with Radar,0,368,309,1,678,0,16,50,0,66,0,384,359,1,744,0,0,0,744
05/06/2022,TEB,NJ,AEA,EN,Towers with Radar,0,271,189,1,461,0,7,24,0,31,0,278,213,1,492,0,0,0,492
05/07/2022,TEB,NJ,AEA,EN,Towers with Radar,0,176,111,0,287,0,1,3,0,4,0,177,114,0,291,0,0,0,291
05/08/2022,TEB,NJ,AEA,EN,Towers with Radar,0,308,200,0,508,0,15,32,0,47,0,323,232,0,555,0,0,0,555
05/09/2022,TEB,NJ,AEA,EN,Towers with Radar,1,299,246,1,547,0,10,42,1,53,1,309,288,2,600,0,0,0,600
05/10/2022,TEB,NJ,AEA,EN,Towers with Radar,0,274,241,0,515,0,8,38,0,46,0,282,279,0,561,0,0,0,561
05/11/2022,TEB,NJ,AEA,EN,Towers with Radar,1,328,308,0,637,0,9,37,2,48,1,337,345,2,685,0,0,0,685
05/12/2022,TEB,NJ,AEA,EN,Towers with Radar,0,326,299,0,625,0,15,39,0,54,0,341,338,0,679,0,0,0,679
05/13/2022,TEB,NJ,AEA,EN,Towers with Radar,1,281,190,0,472,0,0,24,0,24,1,281,214,0,496,0,0,0,496
05/14/2022,TEB,NJ,AEA,EN,Towers with Radar,0,171,142,0,313,0,0,11,0,11,0,171,153,0,324,0,0,0,324
05/15/2022,TEB,NJ,AEA,EN,Towers with Radar,0,288,259,0,547,0,15,22,0,37,0,303,281,0,584,0,0,0,584
05/16/2022,TEB,NJ,AEA,EN,Towers with Radar,0,259,237,0,496,0,7,18,0,25,0,266,255,0,521,0,0,0,521
05/17/2022,TEB,NJ,AEA,EN,Towers with Radar,0,330,275,1,606,0,12,32,1,45,0,342,307,2,651,0,0,0,651
05/18/2022,TEB,NJ,AEA,EN,Towers with Radar,0,343,313,1,657,0,21,46,1,68,0,364,359,2,725,0,0,0,725
05/19/2022,TEB,NJ,AEA,EN,Towers with Radar,0,344,317,3,664,0,1,19,0,20,0,345,336,3,684,0,0,0,684
05/20/2022,TEB,NJ,AEA,EN,Towers with Radar,4,280,214,6,504,0,10,26,0,36,4,290,240,6,540,0,0,0,540
05/21/2022,TEB,NJ,AEA,EN,Towers with Radar,0,190,157,0,347,0,5,29,3,37,0,195,186,3,384,0,0,0,384
05/22/2022,TEB,NJ,AEA,EN,Towers with Radar,0,284,202,0,486,0,18,26,0,44,0,302,228,0,530,0,0,0,530
05/23/2022,TEB,NJ,AEA,EN,Towers with Radar,1,292,246,2,541,0,15,48,1,64,1,307,294,3,605,0,0,0,605
05/24/2022,TEB,NJ,AEA,EN,Towers with Radar,1,326,227,0,554,0,14,38,5,57,1,340,265,5,611,0,0,0,611
05/25/2022,TEB,NJ,AEA,EN,Towers with Radar,0,295,250,0,545,0,14,39,10,63,0,309,289,10,608,0,0,0,608
05/26/2022,TEB,NJ,AEA,EN,Towers with Radar,2,332,274,0,608,0,29,48,1,78,2,361,322,1,686,0,0,0,686
05/27/2022,TEB,NJ,AEA,EN,Towers with Radar,2,278,189,0,469,0,6,7,0,13,2,284,196,0,482,0,0,0,482
05/28/2022,TEB,NJ,AEA,EN,Towers with Radar,0,115,83,0,198,0,9,10,1,20,0,124,93,1,218,0,0,0,218
05/29/2022,TEB,NJ,AEA,EN,Towers with Radar,0,138,91,4,233,0,6,18,1,25,0,144,109,5,258,0,0,0,258
05/30/2022,TEB,NJ,AEA,EN,Towers with Radar,3,244,163,4,414,0,39,65,7,111,3,283,228,11,525,0,0,0,525
05/31/2022,TEB,NJ,AEA,EN,Towers with Radar,0,260,217,3,480,0,23,47,0,70,0,283,264,3,550,0,0,0,550
06/01/2022,TEB,NJ,AEA,EN,Towers with Radar,0,237,240,0,477,0,5,14,1,20,0,242,254,1,497,0,0,0,497
06/02/2022,TEB,NJ,AEA,EN,Towers with Radar,2,272,224,0,498,0,4,24,0,28,2,276,248,0,526,0,0,0,526
06/03/2022,TEB,NJ,AEA,EN,Towers with Radar,0,233,188,0,421,0,8,21,3,32,0,241,209,3,453,0,0,0,453
06/04/2022,TEB,NJ,AEA,EN,Towers with Radar,0,154,99,0,253,0,7,61,0,68,0,161,160,0,321,0,0,0,321
06/05/2022,TEB,NJ,AEA,EN,Towers with Radar,0,230,193,0,423,0,20,54,2,76,0,250,247,2,499,0,0,0,499
06/06/2022,TEB,NJ,AEA,EN,Towers with Radar,0,257,243,2,502,0,14,36,0,50,0,271,279,2,552,0,0,0,552
06/07/2022,TEB,NJ,AEA,EN,Towers with Radar,0,270,252,4,526,0,8,58,0,66,0,278,310,4,592,0,0,0,592
06/08/2022,TEB,NJ,AEA,EN,Towers with Radar,0,306,307,0,613,0,8,63,2,73,0,314,370,2,686,0,0,0,686
06/09/2022,TEB,NJ,AEA,EN,Towers with Radar,0,324,300,0,624,0,14,43,1,58,0,338,343,1,682,0,0,0,682
06/10/2022,TEB,NJ,AEA,EN,Towers with Radar,1,284,235,3,523,0,32,58,1,91,1,316,293,4,614,0,0,0,614
06/11/2022,TEB,NJ,AEA,EN,Towers with Radar,0,167,106,0,273,0,18,30,0,48,0,185,136,0,321,0,0,0,321
06/12/2022,TEB,NJ,AEA,EN,Towers with Radar,0,318,222,3,543,0,8,24,0,32,0,326,246,3,575,0,0,0,575
06/13/2022,TEB,NJ,AEA,EN,Towers with Radar,0,263,191,1,455,0,20,34,0,54,0,283,225,1,509,0,0,0,509
06/14/2022,TEB,NJ,AEA,EN,Towers with Radar,0,299,219,4,522,0,15,31,0,46,0,314,250,4,568,0,0,0,568
06/15/2022,TEB,NJ,AEA,EN,Towers with Radar,0,263,228,1,492,0,17,48,0,65,0,280,276,1,557,0,0,0,557
06/16/2022,TEB,NJ,AEA,EN,Towers with Radar,1,279,259,1,540,0,7,34,0,41,1,286,293,1,581,0,0,0,581
06/17/2022,TEB,NJ,AEA,EN,Towers with Radar,0,268,251,0,519,0,21,42,0,63,0,289,293,0,582,0,0,0,582
06/18/2022,TEB,NJ,AEA,EN,Towers with Radar,0,192,111,0,303,0,10,25,0,35,0,202,136,0,338,0,0,0,338
06/19/2022,TEB,NJ,AEA,EN,Towers with Radar,0,231,153,0,384,0,26,23,0,49,0,257,176,0,433,0,0,0,433
06/20/2022,TEB,NJ,AEA,EN,Towers with Radar,0,242,190,0,432,0,36,61,0,97,0,278,251,0,529,0,0,0,529
06/21/2022,TEB,NJ,AEA,EN,Towers with Radar,0,258,201,0,459,0,16,34,0,50,0,274,235,0,509,0,0,0,509
06/22/2022,TEB,NJ,AEA,EN,Towers with Radar,1,294,239,0,534,0,1,12,0,13,1,295,251,0,547,0,0,0,547
06/23/2022,TEB,NJ,AEA,EN,Towers with Radar,0,348,291,1,640,0,18,47,0,65,0,366,338,1,705,0,0,0,705
06/24/2022,TEB,NJ,AEA,EN,Towers with Radar,0,250,230,4,484,0,20,35,1,56,0,270,265,5,540,0,0,0,540
06/25/2022,TEB,NJ,AEA,EN,Towers with Radar,0,132,129,1,262,0,17,46,0,63,0,149,175,1,325,0,0,0,325
06/26/2022,TEB,NJ,AEA,EN,Towers with Radar,1,239,193,1,434,0,20,37,3,60,1,259,230,4,494,0,0,0,494
06/27/2022,TEB,NJ,AEA,EN,Towers with Radar,0,248,174,0,422,0,7,18,2,27,0,255,192,2,449,0,0,0,449
06/28/2022,TEB,NJ,AEA,EN,Towers with Radar,0,203,170,1,374,0,23,38,0,61,0,226,208,1,435,0,0,0,435
06/29/2022,TEB,NJ,AEA,EN,Towers with Radar,0,277,208,0,485,0,16,27,0,43,0,293,235,0,528,0,0,0,528
06/30/2022,TEB,NJ,AEA,EN,Towers with Radar,1,275,183,0,459,0,41,64,2,107,1,316,247,2,566,0,0,0,566
07/01/2022,TEB,NJ,AEA,EN,Towers with Radar,2,196,144,0,342,0,36,45,0,81,2,232,189,0,423,0,0,0,423
07/02/2022,TEB,NJ,AEA,EN,Towers with Radar,0,128,89,0,217,0,3,16,0,19,0,131,105,0,236,0,0,0,236
07/03/2022,TEB,NJ,AEA,EN,Towers with Radar,0,100,73,2,175,0,6,15,2,23,0,106,88,4,198,0,0,0,198
07/04/2022,TEB,NJ,AEA,EN,Towers with Radar,0,119,89,0,208,0,23,34,0,57,0,142,123,0,265,0,0,0,265
07/05/2022,TEB,NJ,AEA,EN,Towers with Radar,0,191,128,0,319,0,22,38,1,61,0,213,166,1,380,0,0,0,380
07/06/2022,TEB,NJ,AEA,EN,Towers with Radar,0,168,129,0,297,0,12,43,0,55,0,180,172,0,352,0,0,0,352
07/07/2022,TEB,NJ,AEA,EN,Towers with Radar,0,187,182,0,369,0,28,30,2,60,0,215,212,2,429,0,0,0,429
07/08/2022,TEB,NJ,AEA,EN,Towers with Radar,1,167,130,1,299,0,16,25,1,42,1,183,155,2,341,0,0,0,341
07/09/2022,TEB,NJ,AEA,EN,Towers with Radar,0,0,0,0,0,0,3,10,0,13,0,3,10,0,13,0,0,0,13
07/10/2022,TEB,NJ,AEA,EN,Towers with Radar,0,135,131,0,266,0,25,25,0,50,0,160,156,0,316,0,0,0,316
07/11/2022,TEB,NJ,AEA,EN,Towers with Radar,0,220,157,0,377,0,27,37,0,64,0,247,194,0,441,0,0,0,441
07/12/2022,TEB,NJ,AEA,EN,Towers with Radar,1,196,165,0,362,0,23,36,0,59,1,219,201,0,421,0,0,0,421
07/13/2022,TEB,NJ,AEA,EN,Towers with Radar,0,225,181,0,406,0,24,40,0,64,0,249,221,0,470,0,0,0,470
07/14/2022,TEB,NJ,AEA,EN,Towers with Radar,0,226,199,0,425,0,30,48,0,78,0,256,247,0,503,0,0,0,503
07/15/2022,TEB,NJ,AEA,EN,Towers with Radar,0,172,161,0,333,0,30,42,4,76,0,202,203,4,409,0,0,0,409
07/16/2022,TEB,NJ,AEA,EN,Towers with Radar,0,0,0,0,0,0,1,5,0,6,0,1,5,0,6,0,0,0,6
07/17/2022,TEB,NJ,AEA,EN,Towers with Radar,0,172,139,2,313,0,19,34,0,53,0,191,173,2,366,0,0,0,366
07/18/2022,TEB,NJ,AEA,EN,Towers with Radar,0,224,143,1,368,0,3,19,0,22,0,227,162,1,390,0,0,0,390
07/19/2022,TEB,NJ,AEA,EN,Towers with Radar,0,216,172,1,389,0,15,31,0,46,0,231,203,1,435,0,0,0,435
07/20/2022,TEB,NJ,AEA,EN,Towers with Radar,0,228,193,0,421,0,19,56,0,75,0,247,249,0,496,0,0,0,496
07/21/2022,TEB,NJ,AEA,EN,Towers with Radar,0,255,184,0,439,0,39,57,0,96,0,294,241,0,535,0,0,0,535
07/22/2022,TEB,NJ,AEA,EN,Towers with Radar,0,176,156,2,334,0,27,50,0,77,0,203,206,2,411,0,0,0,411
07/23/2022,TEB,NJ,AEA,EN,Towers with Radar,0,0,0,0,0,0,1,9,0,10,0,1,9,0,10,0,0,0,10
07/24/2022,TEB,NJ,AEA,EN,Towers with Radar,0,148,132,0,280,0,19,47,0,66,0,167,179,0,346,0,0,0,346
07/25/2022,TEB,NJ,AEA,EN,Towers with Radar,1,203,156,0,360,0,11,34,1,46,1,214,190,1,406,0,0,0,406
07/26/2022,TEB,NJ,AEA,EN,Towers with Radar,0,218,192,0,410,0,15,21,0,36,0,233,213,0,446,0,0,0,446
07/27/2022,TEB,NJ,AEA,EN,Towers with Radar,0,236,209,0,445,0,27,34,0,61,0,263,243,0,506,0,0,0,506
07/28/2022,TEB,NJ,AEA,EN,Towers with Radar,0,262,170,0,432,0,27,24,1,52,0,289,194,1,484,0,0,0,484
07/29/2022,TEB,NJ,AEA,EN,Towers with Radar,0,164,156,1,321,0,29,29,1,59,0,193,185,2,380,0,0,0,380
07/30/2022,TEB,NJ,AEA,EN,Towers with Radar,0,0,0,0,0,0,0,6,1,7,0,0,6,1,7,0,0,0,7
07/31/2022,TEB,NJ,AEA,EN,Towers with Radar,1,130,133,1,265,0,29,35,3,67,1,159,168,4,332,0,0,0,332
08/01/2022,TEB,NJ,AEA,EN,Towers with Radar,0,225,147,3,375,0,10,26,0,36,0,235,173,3,411,0,0,0,411
08/02/2022,TEB,NJ,AEA,EN,Towers with Radar,0,182,160,1,343,0,14,45,2,61,0,196,205,3,404,0,0,0,404
08/03/2022,TEB,NJ,AEA,EN,Towers with Radar,0,207,167,2,376,0,24,58,0,82,0,231,225,2,458,0,0,0,458
08/04/2022,TEB,NJ,AEA,EN,Towers with Radar,0,198,165,1,364,0,28,46,0,74,0,226,211,1,438,0,0,0,438
08/05/2022,TEB,NJ,AEA,EN,Towers with Radar,1,170,149,0,320,0,36,34,3,73,1,206,183,3,393,0,0,0,393
08/06/2022,TEB,NJ,AEA,EN,Towers with Radar,0,66,64,0,130,0,4,15,0,19,0,70,79,0,149,0,0,0,149
08/07/2022,TEB,NJ,AEA,EN,Towers with Radar,0,160,133,0,293,0,26,33,1,60,0,186,166,1,353,0,0,0,353
08/08/2022,TEB,NJ,AEA,EN,Towers with Radar,1,193,164,1,359,0,27,46,0,73,1,220,210,1,432,0,0,0,432
08/09/2022,TEB,NJ,AEA,EN,Towers with Radar,0,242,156,1,399,0,22,36,0,58,0,264,192,1,457,0,0,0,457
08/10/2022,TEB,NJ,AEA,EN,Towers with Radar,0,210,197,0,407,0,19,36,0,55,0,229,233,0,462,0,0,0,462
08/11/2022,TEB,NJ,AEA,EN,Towers with Radar,0,268,175,0,443,0,25,53,1,79,0,293,228,1,522,0,0,0,522
08/12/2022,TEB,NJ,AEA,EN,Towers with Radar,0,167,157,0,324,0,31,40,0,71,0,198,197,0,395,0,0,0,395
08/13/2022,TEB,NJ,AEA,EN,Towers with Radar,0,0,0,0,0,0,10,18,0,28,0,10,18,0,28,0,0,0,28
08/14/2022,TEB,NJ,AEA,EN,Towers with Radar,0,160,121,1,282,0,24,27,0,51,0,184,148,1,333,0,0,0,333
08/15/2022,TEB,NJ,AEA,EN,Towers with Radar,0,186,141,0,327,0,27,37,0,64,0,213,178,0,391,0,0,0,391
08/16/2022,TEB,NJ,AEA,EN,Towers with Radar,0,222,139,0,361,0,28,45,0,73,0,250,184,0,434,0,0,0,434
08/17/2022,TEB,NJ,AEA,EN,Towers with Radar,1,206,178,0,385,0,16,37,1,54,1,222,215,1,439,0,0,0,439
08/18/2022,TEB,NJ,AEA,EN,Towers with Radar,0,207,146,0,353,0,36,47,0,83,0,243,193,0,436,0,0,0,436
08/19/2022,TEB,NJ,AEA,EN,Towers with Radar,0,169,132,0,301,0,30,26,2,58,0,199,158,2,359,0,0,0,359
08/20/2022,TEB,NJ,AEA,EN,Towers with Radar,0,0,0,0,0,0,3,8,0,11,0,3,8,0,11,0,0,0,11
08/21/2022,TEB,NJ,AEA,EN,Towers with Radar,1,144,118,1,264,0,28,34,0,62,1,172,152,1,326,0,0,0,326
08/22/2022,TEB,NJ,AEA,EN,Towers with Radar,0,208,147,2,357,0,2,11,0,13,0,210,158,2,370,0,0,0,370
08/23/2022,TEB,NJ,AEA,EN,Towers with Radar,1,210,173,0,384,0,13,20,0,33,1,223,193,0,417,0,0,0,417
08/24/2022,TEB,NJ,AEA,EN,Towers with Radar,0,202,179,0,381,0,21,27,2,50,0,223,206,2,431,0,0,0,431
08/25/2022,TEB,NJ,AEA,EN,Towers with Radar,0,231,158,2,391,0,39,39,4,82,0,270,197,6,473,0,0,0,473
08/26/2022,TEB,NJ,AEA,EN,Towers with Radar,0,205,150,3,358,0,37,48,1,86,0,242,198,4,444,0,0,0,444
08/27/2022,TEB,NJ,AEA,EN,Towers with Radar,0,0,0,0,0,0,4,13,0,17,0,4,13,0,17,0,0,0,17
08/28/2022,TEB,NJ,AEA,EN,Towers with Radar,0,137,128,1,266,0,26,35,0,61,0,163,163,1,327,0,0,0,327
08/29/2022,TEB,NJ,AEA,EN,Towers with Radar,0,183,142,0,325,0,15,30,0,45,0,198,172,0,370,0,0,0,370
08/30/2022,TEB,NJ,AEA,EN,Towers with Radar,1,186,160,0,347,0,14,17,0,31,1,200,177,0,378,0,0,0,378
08/31/2022,TEB,NJ,AEA,EN,Towers with Radar,0,214,168,1,383,0,19,18,2,39,0,233,186,3,422,0,0,0,422
09/01/2022,TEB,NJ,AEA,EN,Towers with Radar,0,236,204,0,440,0,32,37,2,71,0,268,241,2,511,0,0,0,511
09/02/2022,TEB,NJ,AEA,EN,Towers with Radar,0,195,187,1,383,0,46,49,0,95,0,241,236,1,478,0,0,0,478
09/03/2022,TEB,NJ,AEA,EN,Towers with Radar,0,120,68,1,189,0,12,18,0,30,0,132,86,1,219,0,0,0,219
09/04/2022,TEB,NJ,AEA,EN,Towers with Radar,0,172,121,2,295,0,11,26,0,37,0,183,147,2,332,0,0,0,332
09/05/2022,TEB,NJ,AEA,EN,Towers with Radar,0,262,234,0,496,0,15,31,1,47,0,277,265,1,543,0,0,0,543
09/06/2022,TEB,NJ,AEA,EN,Towers with Radar,1,339,324,0,664,0,0,5,0,5,1,339,329,0,669,0,0,0,669
09/07/2022,TEB,NJ,AEA,EN,Towers with Radar,1,307,325,2,635,0,3,32,0,35,1,310,357,2,670,0,0,0,670
09/08/2022,TEB,NJ,AEA,EN,Towers with Radar,0,371,295,0,666,0,20,78,1,99,0,391,373,1,765,0,0,0,765
09/09/2022,TEB,NJ,AEA,EN,Towers with Radar,0,282,283,1,566,0,29,55,4,88,0,311,338,5,654,0,0,0,654
09/10/2022,TEB,NJ,AEA,EN,Towers with Radar,0,226,153,0,379,0,6,16,0,22,0,232,169,0,401,0,0,0,401
09/11/2022,TEB,NJ,AEA,EN,Towers with Radar,0,338,294,2,634,0,7,24,0,31,0,345,318,2,665,0,0,0,665
09/12/2022,TEB,NJ,AEA,EN,Towers with Radar,1,340,303,2,646,0,4,16,0,20,1,344,319,2,666,0,0,0,666
09/13/2022,TEB,NJ,AEA,EN,Towers with Radar,0,317,286,2,605,0,6,32,0,38,0,323,318,2,643,0,0,0,643
09/14/2022,TEB,NJ,AEA,EN,Towers with Radar,0,326,326,1,653,0,10,68,0,78,0,336,394,1,731,0,0,0,731
09/15/2022,TEB,NJ,AEA,EN,Towers with Radar,1,320,275,0,596,0,24,53,1,78,1,344,328,1,674,0,0,0,674
09/16/2022,TEB,NJ,AEA,EN,Towers with Radar,0,270,247,0,517,0,36,56,1,93,0,306,303,1,610,0,0,0,610
09/17/2022,TEB,NJ,AEA,EN,Towers with Radar,0,165,152,0,317,0,6,33,0,39,0,171,185,0,356,0,0,0,356
09/18/2022,TEB,NJ,AEA,EN,Towers with Radar,0,296,234,1,531,0,28,53,0,81,0,324,287,1,612,0,0,0,612
09/19/2022,TEB,NJ,AEA,EN,Towers with Radar,0,268,264,3,535,0,10,55,0,65,0,278,319,3,600,0,0,0,600
09/20/2022,TEB,NJ,AEA,EN,Towers with Radar,0,287,251,2,540,0,14,34,0,48,0,301,285,2,588,0,0,0,588
09/21/2022,TEB,NJ,AEA,EN,Towers with Radar,0,367,327,2,696,0,5,24,0,29,0,372,351,2,725,0,0,0,725
09/22/2022,TEB,NJ,AEA,EN,Towers with Radar,0,358,307,1,666,0,7,21,0,28,0,365,328,1,694,0,0,0,694
09/23/2022,TEB,NJ,AEA,EN,Towers with Radar,0,296,256,3,555,0,22,31,0,53,0,318,287,3,608,0,0,0,608
09/24/2022,TEB,NJ,AEA,EN,Towers with Radar,0,184,114,1,299,0,11,36,0,47,0,195,150,1,346,0,0,0,346
09/25/2022,TEB,NJ,AEA,EN,Towers with Radar,1,252,216,2,471,0,18,52,0,70,1,270,268,2,541,0,0,0,541
09/26/2022,TEB,NJ,AEA,EN,Towers with Radar,0,244,185,0,429,0,8,38,0,46,0,252,223,0,475,0,0,0,475
09/27/2022,TEB,NJ,AEA,EN,Towers with Radar,0,274,240,1,515,0,15,46,4,65,0,289,286,5,580,0,0,0,580
09/28/2022,TEB,NJ,AEA,EN,Towers with Radar,0,292,268,1,561,0,9,70,3,82,0,301,338,4,643,0,0,0,643
09/29/2022,TEB,NJ,AEA,EN,Towers with Radar,0,314,258,0,572,0,24,74,0,98,0,338,332,0,670,0,0,0,670
09/30/2022,TEB,NJ,AEA,EN,Towers with Radar,0,262,182,0,444,0,21,41,0,62,0,283,223,0,506,0,0,0,506
10/01/2022,TEB,NJ,AEA,EN,Towers with Radar,0,183,130,0,313,0,1,7,0,8,0,184,137,0,321,0,0,0,321
10/02/2022,TEB,NJ,AEA,EN,Towers with Radar,2,257,159,0,418,0,6,4,0,10,2,263,163,0,428,0,0,0,428
10/03/2022,TEB,NJ,AEA,EN,Towers with Radar,1,204,185,0,390,0,9,24,0,33,1,213,209,0,423,0,0,0,423
10/04/2022,TEB,NJ,AEA,EN,Towers with Radar,0,194,172,0,366,0,0,3,0,3,0,194,175,0,369,0,0,0,369
10/05/2022,TEB,NJ,AEA,EN,Towers with Radar,0,218,180,0,398,0,4,13,0,17,0,222,193,0,415,0,0,0,415
10/06/2022,TEB,NJ,AEA,EN,Towers with Radar,0,301,268,0,569,0,29,35,0,64,0,330,303,0,633,0,0,0,633
10/07/2022,TEB,NJ,AEA,EN,Towers with Radar,0,288,201,0,489,0,26,59,0,85,0,314,260,0,574,0,0,0,574
10/08/2022,TEB,NJ,AEA,EN,Towers with Radar,0,183,123,0,306,0,8,21,1,30,0,191,144,1,336,0,0,0,336
10/09/2022,TEB,NJ,AEA,EN,Towers with Radar,0,205,111,0,316,0,11,51,0,62,0,216,162,0,378,0,0,0,378
10/10/2022,TEB,NJ,AEA,EN,Towers with Radar,0,289,251,0,540,0,20,54,1,75,0,309,305,1,615,0,0,0,615
10/11/2022,TEB,NJ,AEA,EN,Towers with Radar,1,340,246,1,588,0,23,53,0,76,1,363,299,1,664,0,0,0,664
10/12/2022,TEB,NJ,AEA,EN,Towers with Radar,0,295,271,0,566,0,15,53,2,70,0,310,324,2,636,0,0,0,636
10/13/2022,TEB,NJ,AEA,EN,Towers with Radar,1,326,273,1,601,0,6,15,0,21,1,332,288,1,622,0,0,0,622
10/14/2022,TEB,NJ,AEA,EN,Towers with Radar,0,319,218,0,537,0,11,33,0,44,0,330,251,0,581,0,0,0,581
10/15/2022,TEB,NJ,AEA,EN,Towers with Radar,0,227,154,0,381,0,17,42,0,59,0,244,196,0,440,0,0,0,440
10/16/2022,TEB,NJ,AEA,EN,Towers with Radar,0,250,176,1,427,0,20,46,0,66,0,270,222,1,493,0,0,0,493
10/17/2022,TEB,NJ,AEA,EN,Towers with Radar,0,283,184,1,468,0,5,25,0,30,0,288,209,1,498,0,0,0,498
10/18/2022,TEB,NJ,AEA,EN,Towers with Radar,1,308,251,1,561,0,12,38,1,51,1,320,289,2,612,0,0,0,612
10/19/2022,TEB,NJ,AEA,EN,Towers with Radar,0,310,288,0,598,0,11,36,2,49,0,321,324,2,647,0,0,0,647
10/20/2022,TEB,NJ,AEA,EN,Towers with Radar,0,315,283,0,598,0,23,45,0,68,0,338,328,0,666,0,0,0,666
10/21/2022,TEB,NJ,AEA,EN,Towers with Radar,0,298,208,0,506,0,18,42,1,61,0,316,250,1,567,0,0,0,567
10/22/2022,TEB,NJ,AEA,EN,Towers with Radar,0,202,119,0,321,0,3,23,0,26,0,205,142,0,347,0,0,0,347
10/23/2022,TEB,NJ,AEA,EN,Towers with Radar,0,305,241,2,548,0,6,32,0,38,0,311,273,2,586,0,0,0,586
10/24/2022,TEB,NJ,AEA,EN,Towers with Radar,1,288,254,0,543,0,0,0,0,0,1,288,254,0,543,0,0,0,543
10/25/2022,TEB,NJ,AEA,EN,Towers with Radar,0,333,237,0,570,0,0,4,0,4,0,333,241,0,574,0,0,0,574
10/26/2022,TEB,NJ,AEA,EN,Towers with Radar,0,327,283,0,610,0,0,9,0,9,0,327,292,0,619,0,0,0,619
10/27/2022,TEB,NJ,AEA,EN,Towers with Radar,1,333,274,0,608,0,22,46,0,68,1,355,320,0,676,0,0,0,676
10/28/2022,TEB,NJ,AEA,EN,Towers with Radar,1,280,215,3,499,0,20,36,0,56,1,300,251,3,555,0,0,0,555
10/29/2022,TEB,NJ,AEA,EN,Towers with Radar,0,177,92,1,270,0,11,36,0,47,0,188,128,1,317,0,0,0,317
10/30/2022,TEB,NJ,AEA,EN,Towers with Radar,0,259,172,1,432,0,13,54,1,68,0,272,226,2,500,0,0,0,500
10/31/2022,TEB,NJ,AEA,EN,Towers with Radar,0,191,151,1,343,0,2,15,0,17,0,193,166,1,360,0,0,0,360
11/01/2022,TEB,NJ,AEA,EN,Towers with Radar,0,289,227,1,517,0,5,21,0,26,0,294,248,1,543,0,0,0,543
11/02/2022,TEB,NJ,AEA,EN,Towers with Radar,0,301,254,4,559,0,9,52,1,62,0,310,306,5,621,0,0,0,621
11/03/2022,TEB,NJ,AEA,EN,Towers with Radar,0,319,270,1,590,0,5,45,5,55,0,324,315,6,645,0,0,0,645
11/04/2022,TEB,NJ,AEA,EN,Towers with Radar,0,302,235,2,539,0,16,36,3,55,0,318,271,5,594,0,0,0,594
11/05/2022,TEB,NJ,AEA,EN,Towers with Radar,0,183,145,1,329,0,11,31,4,46,0,194,176,5,375,0,0,0,375
11/06/2022,TEB,NJ,AEA,EN,Towers with Radar,0,316,236,0,552,0,7,40,8,55,0,323,276,8,607,0,0,0,607
11/07/2022,TEB,NJ,AEA,EN,Towers with Radar,0,268,224,2,494,0,9,42,2,53,0,277,266,4,547,0,0,0,547
11/08/2022,TEB,NJ,AEA,EN,Towers with Radar,0,285,235,0,520,0,9,42,0,51,0,294,277,0,571,0,0,0,571
11/09/2022,TEB,NJ,AEA,EN,Towers with Radar,0,303,253,1,557,0,18,38,0,56,0,321,291,1,613,0,0,0,613
11/10/2022,TEB,NJ,AEA,EN,Towers with Radar,0,294,267,0,561,0,9,41,2,52,0,303,308,2,613,0,0,0,613
11/11/2022,TEB,NJ,AEA,EN,Towers with Radar,0,263,219,1,483,0,1,3,0,4,0,264,222,1,487,0,0,0,487
11/12/2022,TEB,NJ,AEA,EN,Towers with Radar,0,187,143,1,331,0,4,15,0,19,0,191,158,1,350,0,0,0,350
11/13/2022,TEB,NJ,AEA,EN,Towers with Radar,0,329,251,0,580,0,6,33,2,41,0,335,284,2,621,0,0,0,621
11/14/2022,TEB,NJ,AEA,EN,Towers with Radar,0,257,224,1,482,0,9,31,2,42,0,266,255,3,524,0,0,0,524
11/15/2022,TEB,NJ,AEA,EN,Towers with Radar,0,265,267,0,532,0,10,34,0,44,0,275,301,0,576,0,0,0,576
11/16/2022,TEB,NJ,AEA,EN,Towers with Radar,1,330,268,0,599,0,0,38,0,38,1,330,306,0,637,0,0,0,637
11/17/2022,TEB,NJ,AEA,EN,Towers with Radar,0,314,307,0,621,0,14,48,0,62,0,328,355,0,683,0,0,0,683
11/18/2022,TEB,NJ,AEA,EN,Towers with Radar,0,305,238,0,543,0,11,27,0,38,0,316,265,0,581,0,0,0,581
11/19/2022,TEB,NJ,AEA,EN,Towers with Radar,1,226,159,0,386,0,9,27,1,37,1,235,186,1,423,0,0,0,423
11/20/2022,TEB,NJ,AEA,EN,Towers with Radar,1,279,228,0,508,0,11,33,0,44,1,290,261,0,552,0,0,0,552
11/21/2022,TEB,NJ,AEA,EN,Towers with Radar,0,258,183,0,441,0,5,24,1,30,0,263,207,1,471,0,0,0,471
11/22/2022,TEB,NJ,AEA,EN,Towers with Radar,0,314,251,1,566,0,22,54,2,78,0,336,305,3,644,0,0,0,644
11/23/2022,TEB,NJ,AEA,EN,Towers with Radar,0,275,192,0,467,0,15,31,0,46,0,290,223,0,513,0,0,0,513
11/24/2022,TEB,NJ,AEA,EN,Towers with Radar,0,92,46,0,138,0,9,8,0,17,0,101,54,0,155,0,0,0,155
11/25/2022,TEB,NJ,AEA,EN,Towers with Radar,0,149,96,0,245,0,3,8,0,11,0,152,104,0,256,0,0,0,256
11/26/2022,TEB,NJ,AEA,EN,Towers with Radar,0,218,166,0,384,0,13,4,0,17,0,231,170,0,401,0,0,0,401
11/27/2022,TEB,NJ,AEA,EN,Towers with Radar,0,311,336,1,648,0,3,22,0,25,0,314,358,1,673,0,0,0,673
11/28/2022,TEB,NJ,AEA,EN,Towers with Radar,0,288,280,0,568,0,8,19,2,29,0,296,299,2,597,0,0,0,597
11/29/2022,TEB,NJ,AEA,EN,Towers with Radar,0,300,237,0,537,0,7,24,4,35,0,307,261,4,572,0,0,0,572
11/30/2022,TEB,NJ,AEA,EN,Towers with Radar,1,327,281,0,609,0,6,5,0,11,1,333,286,0,620,0,0,0,620
12/01/2022,TEB,NJ,AEA,EN,Towers with Radar,0,398,263,0,661,0,18,39,0,57,0,416,302,0,718,0,0,0,718
12/02/2022,TEB,NJ,AEA,EN,Towers with Radar,0,280,209,2,491,0,29,25,2,56,0,309,234,4,547,0,0,0,547
12/03/2022,TEB,NJ,AEA,EN,Towers with Radar,0,206,114,0,320,0,1,11,0,12,0,207,125,0,332,0,0,0,332
12/04/2022,TEB,NJ,AEA,EN,Towers with Radar,1,413,281,0,695,0,32,45,0,77,1,445,326,0,772,0,0,0,772
12/05/2022,TEB,NJ,AEA,EN,Towers with Radar,0,337,267,0,604,0,10,26,0,36,0,347,293,0,640,0,0,0,640
12/06/2022,TEB,NJ,AEA,EN,Towers with Radar,0,333,292,1,626,0,3,12,0,15,0,336,304,1,641,0,0,0,641
12/07/2022,TEB,NJ,AEA,EN,Towers with Radar,0,374,352,1,727,0,1,3,0,4,0,375,355,1,731,0,0,0,731
12/08/2022,TEB,NJ,AEA,EN,Towers with Radar,0,356,338,2,696,0,5,25,0,30,0,361,363,2,726,0,0,0,726
12/09/2022,TEB,NJ,AEA,EN,Towers with Radar,0,308,251,1,560,0,12,35,2,49,0,320,286,3,609,0,0,0,609
12/10/2022,TEB,NJ,AEA,EN,Towers with Radar,0,175,136,0,311,0,7,20,0,27,0,182,156,0,338,0,0,0,338
12/11/2022,TEB,NJ,AEA,EN,Towers with Radar,0,274,271,0,545,0,1,1,0,2,0,275,272,0,547,0,0,0,547
12/12/2022,TEB,NJ,AEA,EN,Towers with Radar,0,283,212,1,496,0,4,24,0,28,0,287,236,1,524,0,0,0,524
12/13/2022,TEB,NJ,AEA,EN,Towers with Radar,0,292,234,0,526,0,11,31,0,42,0,303,265,0,568,0,0,0,568
12/14/2022,TEB,NJ,AEA,EN,Towers with Radar,0,286,290,0,576,0,10,38,0,48,0,296,328,0,624,0,0,0,624
12/15/2022,TEB,NJ,AEA,EN,Towers with Radar,1,304,270,2,577,0,2,15,0,17,1,306,285,2,594,0,0,0,594
12/16/2022,TEB,NJ,AEA,EN,Towers with Radar,0,355,259,0,614,0,0,0,0,0,0,355,259,0,614,0,0,0,614
12/17/2022,TEB,NJ,AEA,EN,Towers with Radar,0,278,230,0,508,0,5,26,1,32,0,283,256,1,540,0,0,0,540
12/18/2022,TEB,NJ,AEA,EN,Towers with Radar,0,281,234,0,515,0,9,33,0,42,0,290,267,0,557,0,0,0,557
12/19/2022,TEB,NJ,AEA,EN,Towers with Radar,0,224,214,0,438,0,13,13,0,26,0,237,227,0,464,0,0,0,464
12/20/2022,TEB,NJ,AEA,EN,Towers with Radar,0,221,171,0,392,0,5,24,0,29,0,226,195,0,421,0,0,0,421
12/21/2022,TEB,NJ,AEA,EN,Towers with Radar,0,269,212,0,481,0,9,37,1,47,0,278,249,1,528,0,0,0,528
12/22/2022,TEB,NJ,AEA,EN,Towers with Radar,0,297,213,0,510,0,10,5,1,16,0,307,218,1,526,0,0,0,526
12/23/2022,TEB,NJ,AEA,EN,Towers with Radar,0,173,92,0,265,0,0,0,0,0,0,173,92,0,265,0,0,0,265
12/24/2022,TEB,NJ,AEA,EN,Towers with Radar,1,147,85,0,233,0,9,6,0,15,1,156,91,0,248,0,0,0,248
12/25/2022,TEB,NJ,AEA,EN,Towers with Radar,0,126,57,0,183,0,4,6,0,10,0,130,63,0,193,0,0,0,193
12/26/2022,TEB,NJ,AEA,EN,Towers with Radar,0,200,181,0,381,0,9,22,0,31,0,209,203,0,412,0,0,0,412
12/27/2022,TEB,NJ,AEA,EN,Towers with Radar,0,185,119,0,304,0,6,16,1,23,0,191,135,1,327,0,0,0,327
12/28/2022,TEB,NJ,AEA,EN,Towers with Radar,0,167,118,0,285,0,8,10,2,20,0,175,128,2,305,0,0,0,305
12/29/2022,TEB,NJ,AEA,EN,Towers with Radar,0,160,116,0,276,0,8,17,0,25,0,168,133,0,301,0,0,0,301
12/30/2022,TEB,NJ,AEA,EN,Towers with Radar,0,148,127,0,275,0,13,7,2,22,0,161,134,2,297,0,0,0,297
12/31/2022,TEB,NJ,AEA,EN,Towers with Radar,0,61,41,0,102,0,0,0,0,0,0,61,41,0,102,0,0,0,102
01/01/2023,TEB,NJ,AEA,EN,Towers with Radar,0,238,159,0,397,0,10,16,0,26,0,248,175,0,423,0,0,0,423
01/02/2023,TEB,NJ,AEA,EN,Towers with Radar,1,269,252,0,522,0,5,22,0,27,1,274,274,0,549,0,0,0,549
01/03/2023,TEB,NJ,AEA,EN,Towers with Radar,0,235,167,3,405,0,1,1,0,2,0,236,168,3,407,0,0,0,407
01/04/2023,TEB,NJ,AEA,EN,Towers with Radar,0,202,121,1,324,0,5,11,0,16,0,207,132,1,340,0,0,0,340
01/05/2023,TEB,NJ,AEA,EN,Towers with Radar,0,203,140,0,343,0,0,0,0,0,0,203,140,0,343,0,0,0,343
01/06/2023,TEB,NJ,AEA,EN,Towers with Radar,0,182,95,0,277,0,0,11,0,11,0,182,106,0,288,0,0,0,288
01/07/2023,TEB,NJ,AEA,EN,Towers with Radar,0,129,94,0,223,0,3,23,0,26,0,132,117,0,249,0,0,0,249
01/08/2023,TEB,NJ,AEA,EN,Towers with Radar,0,226,141,0,367,0,6,17,0,23,0,232,158,0,390,0,0,0,390
01/09/2023,TEB,NJ,AEA,EN,Towers with Radar,0,176,123,0,299,0,5,17,0,22,0,181,140,0,321,0,0,0,321
01/10/2023,TEB,NJ,AEA,EN,Towers with Radar,0,211,171,0,382,0,5,38,1,44,0,216,209,1,426,0,0,0,426
01/11/2023,TEB,NJ,AEA,EN,Towers with Radar,0,240,143,0,383,0,1,28,0,29,0,241,171,0,412,0,0,0,412
01/12/2023,TEB,NJ,AEA,EN,Towers with Radar,0,288,229,0,517,0,1,10,0,11,0,289,239,0,528,0,0,0,528
01/13/2023,TEB,NJ,AEA,EN,Towers with Radar,1,291,202,0,494,0,4,26,0,30,1,295,228,0,524,0,0,0,524
01/14/2023,TEB,NJ,AEA,EN,Towers with Radar,0,134,80,0,214,0,5,10,0,15,0,139,90,0,229,0,0,0,229
01/15/2023,TEB,NJ,AEA,EN,Towers with Radar,0,159,115,0,274,0,8,17,0,25,0,167,132,0,299,0,0,0,299
01/16/2023,TEB,NJ,AEA,EN,Towers with Radar,1,271,213,0,485,0,6,20,0,26,1,277,233,0,511,0,0,0,511
01/17/2023,TEB,NJ,AEA,EN,Towers with Radar,0,250,183,0,433,0,13,26,0,39,0,263,209,0,472,0,0,0,472
01/18/2023,TEB,NJ,AEA,EN,Towers with Radar,0,226,179,0,405,0,11,23,0,34,0,237,202,0,439,0,0,0,439
01/19/2023,TEB,NJ,AEA,EN,Towers with Radar,0,259,195,2,456,0,5,10,0,15,0,264,205,2,471,0,0,0,471
01/20/2023,TEB,NJ,AEA,EN,Towers with Radar,0,241,129,0,370,0,0,31,3,34,0,241,160,3,404,0,0,0,404
01/21/2023,TEB,NJ,AEA,EN,Towers with Radar,0,154,88,0,242,0,2,23,0,25,0,156,111,0,267,0,0,0,267
01/22/2023,TEB,NJ,AEA,EN,Towers with Radar,0,211,135,2,348,0,2,8,1,11,0,213,143,3,359,0,0,0,359
01/23/2023,TEB,NJ,AEA,EN,Towers with Radar,0,218,128,0,346,0,3,4,0,7,0,221,132,0,353,0,0,0,353
01/24/2023,TEB,NJ,AEA,EN,Towers with Radar,1,250,164,1,416,0,4,32,3,39,1,254,196,4,455,0,0,0,455
01/25/2023,TEB,NJ,AEA,EN,Towers with Radar,0,221,146,1,368,0,6,7,0,13,0,227,153,1,381,0,0,0,381
01/26/2023,TEB,NJ,AEA,EN,Towers with Radar,0,294,232,1,527,0,6,32,0,38,0,300,264,1,565,0,0,0,565
01/27/2023,TEB,NJ,AEA,EN,Towers with Radar,0,230,153,0,383,0,11,49,1,61,0,241,202,1,444,0,0,0,444
01/28/2023,TEB,NJ,AEA,EN,Towers with Radar,0,144,79,0,223,0,6,11,0,17,0,150,90,0,240,0,0,0,240
01/29/2023,TEB,NJ,AEA,EN,Towers with Radar,0,240,157,0,397,0,6,19,0,25,0,246,176,0,422,0,0,0,422
01/30/2023,TEB,NJ,AEA,EN,Towers with Radar,0,208,132,0,340,0,5,11,0,16,0,213,143,0,356,0,0,0,356
01/31/2023,TEB,NJ,AEA,EN,Towers with Radar,1,226,131,0,358,0,2,17,0,19,1,228,148,0,377,0,0,0,377
02/01/2023,TEB,NJ,AEA,EN,Towers with Radar,0,251,153,0,404,0,6,23,0,29,0,257,176,0,433,0,0,0,433
02/02/2023,TEB,NJ,AEA,EN,Towers with Radar,0,254,168,0,422,0,9,20,0,29,0,263,188,0,451,0,0,0,451
02/03/2023,TEB,NJ,AEA,EN,Towers with Radar,0,174,140,0,314,0,7,31,0,38,0,181,171,0,352,0,0,0,352
02/04/2023,TEB,NJ,AEA,EN,Towers with Radar,1,124,66,2,193,0,3,19,2,24,1,127,85,4,217,0,0,0,217
02/05/2023,TEB,NJ,AEA,EN,Towers with Radar,0,232,151,1,384,0,9,19,0,28,0,241,170,1,412,0,0,0,412
02/06/2023,TEB,NJ,AEA,EN,Towers with Radar,0,220,146,3,369,0,3,24,0,27,0,223,170,3,396,0,0,0,396
02/07/2023,TEB,NJ,AEA,EN,Towers with Radar,0,234,191,0,425,0,7,33,0,40,0,241,224,0,465,0,0,0,465
02/08/2023,TEB,NJ,AEA,EN,Towers with Radar,1,280,203,0,484,0,11,43,1,55,1,291,246,1,539,0,0,0,539
02/09/2023,TEB,NJ,AEA,EN,Towers with Radar,0,250,198,0,448,0,10,18,0,28,0,260,216,0,476,0,0,0,476
02/10/2023,TEB,NJ,AEA,EN,Towers with Radar,0,235,167,0,402,0,11,28,0,39,0,246,195,0,441,0,0,0,441
02/11/2023,TEB,NJ,AEA,EN,Towers with Radar,0,133,81,0,214,0,8,19,2,29,0,141,100,2,243,0,0,0,243
02/12/2023,TEB,NJ,AEA,EN,Towers with Radar,0,200,122,0,322,0,3,19,0,22,0,203,141,0,344,0,0,0,344
02/13/2023,TEB,NJ,AEA,EN,Towers with Radar,0,257,182,4,443,0,6,20,0,26,0,263,202,4,469,0,0,0,469
02/14/2023,TEB,NJ,AEA,EN,Towers with Radar,1,226,156,3,386,0,4,13,1,18,1,230,169,4,404,0,0,0,404
02/15/2023,TEB,NJ,AEA,EN,Towers with Radar,0,289,244,0,533,0,12,33,0,45,0,301,277,0,578,0,0,0,578
02/16/2023,TEB,NJ,AEA,EN,Towers with Radar,0,338,248,0,586,0,4,27,0,31,0,342,275,0,617,0,0,0,617
02/17/2023,TEB,NJ,AEA,EN,Towers with Radar,0,330,243,0,573,0,3,15,0,18,0,333,258,0,591,0,0,0,591
02/18/2023,TEB,NJ,AEA,EN,Towers with Radar,0,184,97,0,281,0,2,17,2,21,0,186,114,2,302,0,0,0,302
02/19/2023,TEB,NJ,AEA,EN,Towers with Radar,1,137,106,0,244,0,6,12,0,18,1,143,118,0,262,0,0,0,262
02/20/2023,TEB,NJ,AEA,EN,Towers with Radar,0,247,208,0,455,0,6,42,0,48,0,253,250,0,503,0,0,0,503
02/21/2023,TEB,NJ,AEA,EN,Towers with Radar,0,318,218,0,536,0,3,18,0,21,0,321,236,0,557,0,0,0,557
02/22/2023,TEB,NJ,AEA,EN,Towers with Radar,0,274,178,0,452,0,6,13,0,19,0,280,191,0,471,0,0,0,471
02/23/2023,TEB,NJ,AEA,EN,Towers with Radar,0,230,176,1,407,0,0,9,0,9,0,230,185,1,416,0,0,0,416
02/24/2023,TEB,NJ,AEA,EN,Towers with Radar,0,198,138,2,338,0,9,27,0,36,0,207,165,2,374,0,0,0,374
02/25/2023,TEB,NJ,AEA,EN,Towers with Radar,0,147,88,0,235,0,0,8,1,9,0,147,96,1,244,0,0,0,244
02/26/2023,TEB,NJ,AEA,EN,Towers with Radar,0,256,212,1,469,0,3,22,0,25,0,259,234,1,494,0,0,0,494
02/27/2023,TEB,NJ,AEA,EN,Towers with Radar,1,217,225,0,443,0,8,36,0,44,1,225,261,0,487,0,0,0,487
02/28/2023,TEB,NJ,AEA,EN,Towers with Radar,0,254,193,0,447,0,0,12,0,12,0,254,205,0,459,0,0,0,459
03/01/2023,TEB,NJ,AEA,EN,Towers with Radar,0,267,242,0,509,0,6,19,0,25,0,273,261,0,534,0,0,0,534
03/02/2023,TEB,NJ,AEA,EN,Towers with Radar,1,296,222,1,520,0,4,19,0,23,1,300,241,1,543,0,0,0,543
03/03/2023,TEB,NJ,AEA,EN,Towers with Radar,1,243,150,0,394,0,6,29,2,37,1,249,179,2,431,0,0,0,431
03/04/2023,TEB,NJ,AEA,EN,Towers with Radar,0,154,78,1,233,0,0,8,0,8,0,154,86,1,241,0,0,0,241
03/05/2023,TEB,NJ,AEA,EN,Towers with Radar,1,250,167,0,418,0,12,24,0,36,1,262,191,0,454,0,0,0,454
03/06/2023,TEB,NJ,AEA,EN,Towers with Radar,0,233,156,1,390,0,5,30,0,35,0,238,186,1,425,0,0,0,425
03/07/2023,TEB,NJ,AEA,EN,Towers with Radar,0,236,199,0,435,0,9,25,0,34,0,245,224,0,469,0,0,0,469
03/08/2023,TEB,NJ,AEA,EN,Towers with Radar,0,333,237,0,570,0,13,26,3,42,0,346,263,3,612,0,0,0,612
03/09/2023,TEB,NJ,AEA,EN,Towers with Radar,0,330,232,0,562,0,7,23,0,30,0,337,255,0,592,0,0,0,592
03/10/2023,TEB,NJ,AEA,EN,Towers with Radar,0,229,166,1,396,0,6,18,0,24,0,235,184,1,420,0,0,0,420
03/11/2023,TEB,NJ,AEA,EN,Towers with Radar,0,157,90,0,247,0,0,2,0,2,0,157,92,0,249,0,0,0,249
03/12/2023,TEB,NJ,AEA,EN,Towers with Radar,0,226,162,0,388,0,6,8,0,14,0,232,170,0,402,0,0,0,402
03/13/2023,TEB,NJ,AEA,EN,Towers with Radar,0,220,164,0,384,0,0,0,0,0,0,220,164,0,384,0,0,0,384
03/14/2023,TEB,NJ,AEA,EN,Towers with Radar,0,177,161,1,339,0,1,4,0,5,0,178,165,1,344,0,0,0,344
03/15/2023,TEB,NJ,AEA,EN,Towers with Radar,0,234,193,0,427,0,9,18,0,27,0,243,211,0,454,0,0,0,454
03/16/2023,TEB,NJ,AEA,EN,Towers with Radar,0,285,193,0,478,0,9,33,2,44,0,294,226,2,522,0,0,0,522
03/17/2023,TEB,NJ,AEA,EN,Towers with Radar,0,257,153,1,411,0,12,35,0,47,0,269,188,1,458,0,0,0,458
03/18/2023,TEB,NJ,AEA,EN,Towers with Radar,0,205,106,0,311,0,3,22,3,28,0,208,128,3,339,0,0,0,339
03/19/2023,TEB,NJ,AEA,EN,Towers with Radar,0,237,189,0,426,0,3,32,1,36,0,240,221,1,462,0,0,0,462
03/20/2023,TEB,NJ,AEA,EN,Towers with Radar,1,218,140,0,359,0,11,29,0,40,1,229,169,0,399,0,0,0,399
03/21/2023,TEB,NJ,AEA,EN,Towers with Radar,0,205,139,0,344,0,7,24,2,33,0,212,163,2,377,0,0,0,377
03/22/2023,TEB,NJ,AEA,EN,Towers with Radar,1,219,174,0,394,0,4,29,0,33,1,223,203,0,427,0,0,0,427
03/23/2023,TEB,NJ,AEA,EN,Towers with Radar,0,279,219,1,499,0,3,17,0,20,0,282,236,1,519,0,0,0,519
03/24/2023,TEB,NJ,AEA,EN,Towers with Radar,0,225,176,7,408,0,13,41,1,55,0,238,217,8,463,0,0,0,463
03/25/2023,TEB,NJ,AEA,EN,Towers with Radar,0,165,106,0,271,0,1,2,0,3,0,166,108,0,274,0,0,0,274
03/26/2023,TEB,NJ,AEA,EN,Towers with Radar,0,249,185,1,435,0,5,17,2,24,0,254,202,3,459,0,0,0,459
03/27/2023,TEB,NJ,AEA,EN,Towers with Radar,0,210,182,0,392,0,8,25,2,35,0,218,207,2,427,0,0,0,427
03/28/2023,TEB,NJ,AEA,EN,Towers with Radar,0,239,178,0,417,0,4,17,0,21,0,243,195,0,438,0,0,0,438
03/29/2023,TEB,NJ,AEA,EN,Towers with Radar,0,266,210,0,476,0,12,33,4,49,0,278,243,4,525,0,0,0,525
03/30/2023,TEB,NJ,AEA,EN,Towers with Radar,0,306,233,1,540,0,11,36,1,48,0,317,269,2,588,0,0,0,588
03/31/2023,TEB,NJ,AEA,EN,Towers with Radar,0,245,153,1,399,0,6,21,0,27,0,251,174,1,426,0,0,0,426
04/01/2023,TEB,NJ,AEA,EN,Towers with Radar,1,204,116,0,321,0,2,4,0,6,1,206,120,0,327,0,0,0,327
04/02/2023,TEB,NJ,AEA,EN,Towers with Radar,0,305,206,0,511,0,2,43,0,45,0,307,249,0,556,0,0,0,556
04/03/2023,TEB,NJ,AEA,EN,Towers with Radar,0,278,174,1,453,0,11,16,2,29,0,289,190,3,482,0,0,0,482
04/04/2023,TEB,NJ,AEA,EN,Towers with Radar,0,295,201,1,497,0,12,33,0,45,0,307,234,1,542,0,0,0,542
04/05/2023,TEB,NJ,AEA,EN,Towers with Radar,0,291,211,3,505,0,0,6,0,6,0,291,217,3,511,0,0,0,511
04/06/2023,TEB,NJ,AEA,EN,Towers with Radar,2,298,186,1,487,0,8,22,0,30,2,306,208,1,517,0,0,0,517
04/07/2023,TEB,NJ,AEA,EN,Towers with Radar,0,219,110,0,329,0,24,31,2,57,0,243,141,2,386,0,0,0,386
04/08/2023,TEB,NJ,AEA,EN,Towers with Radar,1,150,78,0,229,0,8,9,0,17,1,158,87,0,246,0,0,0,246
04/09/2023,TEB,NJ,AEA,EN,Towers with Radar,1,269,181,0,451,0,14,33,2,49,1,283,214,2,500,0,0,0,500
04/10/2023,TEB,NJ,AEA,EN,Towers with Radar,0,272,215,0,487,0,15,36,0,51,0,287,251,0,538,0,0,0,538
04/11/2023,TEB,NJ,AEA,EN,Towers with Radar,0,235,193,0,428,0,10,34,4,48,0,245,227,4,476,0,0,0,476
04/12/2023,TEB,NJ,AEA,EN,Towers with Radar,0,229,197,0,426,0,6,42,0,48,0,235,239,0,474,0,0,0,474
04/13/2023,TEB,NJ,AEA,EN,Towers with Radar,0,262,213,0,475,1,18,35,0,54,1,280,248,0,529,0,0,0,529
04/14/2023,TEB,NJ,AEA,EN,Towers with Radar,0,268,198,0,466,0,11,35,0,46,0,279,233,0,512,0,0,0,512
04/15/2023,TEB,NJ,AEA,EN,Towers with Radar,1,161,108,0,270,0,3,15,1,19,1,164,123,1,289,0,0,0,289
04/16/2023,TEB,NJ,AEA,EN,Towers with Radar,0,329,234,0,563,0,5,15,0,20,0,334,249,0,583,0,0,0,583
04/17/2023,TEB,NJ,AEA,EN,Towers with Radar,1,277,195,0,473,0,2,17,0,19,1,279,212,0,492,0,0,0,492
04/18/2023,TEB,NJ,AEA,EN,Towers with Radar,0,274,249,0,523,0,8,44,0,52,0,282,293,0,575,0,0,0,575
04/19/2023,TEB,NJ,AEA,EN,Towers with Radar,0,275,208,0,483,0,6,30,0,36,0,281,238,0,519,0,0,0,519
04/20/2023,TEB,NJ,AEA,EN,Towers with Radar,0,315,248,0,563,0,20,39,0,59,0,335,287,0,622,0,0,0,622
04/21/2023,TEB,NJ,AEA,EN,Towers with Radar,0,286,177,4,467,0,12,47,0,59,0,298,224,4,526,0,0,0,526
04/22/2023,TEB,NJ,AEA,EN,Towers with Radar,0,165,103,0,268,0,1,17,0,18,0,166,120,0,286,0,0,0,286
04/23/2023,TEB,NJ,AEA,EN,Towers with Radar,1,276,211,1,489,0,3,32,0,35,1,279,243,1,524,0,0,0,524
04/24/2023,TEB,NJ,AEA,EN,Towers with Radar,0,269,167,0,436,0,11,34,0,45,0,280,201,0,481,0,0,0,481
04/25/2023,TEB,NJ,AEA,EN,Towers with Radar,0,284,195,0,479,0,9,46,3,58,0,293,241,3,537,0,0,0,537
04/26/2023,TEB,NJ,AEA,EN,Towers with Radar,0,304,242,0,546,0,19,75,0,94,0,323,317,0,640,0,0,0,640
04/27/2023,TEB,NJ,AEA,EN,Towers with Radar,0,359,251,0,610,0,12,37,0,49,0,371,288,0,659,0,0,0,659
04/28/2023,TEB,NJ,AEA,EN,Towers with Radar,0,295,208,0,503,0,17,38,0,55,0,312,246,0,558,0,0,0,558
04/29/2023,TEB,NJ,AEA,EN,Towers with Radar,0,148,99,0,247,0,0,0,0,0,0,148,99,0,247,0,0,0,247
04/30/2023,TEB,NJ,AEA,EN,Towers with Radar,0,218,175,1,394,0,0,1,0,1,0,218,176,1,395,0,0,0,395
05/01/2023,TEB,NJ,AEA,EN,Towers with Radar,0,288,210,0,498,0,8,35,0,43,0,296,245,0,541,0,0,0,541
05/02/2023,TEB,NJ,AEA,EN,Towers with Radar,0,260,243,0,503,0,5,46,0,51,0,265,289,0,554,0,0,0,554
05/03/2023,TEB,NJ,AEA,EN,Towers with Radar,0,373,262,0,635,0,13,54,0,67,0,386,316,0,702,0,0,0,702
05/04/2023,TEB,NJ,AEA,EN,Towers with Radar,0,344,235,1,580,0,16,42,0,58,0,360,277,1,638,0,0,0,638
05/05/2023,TEB,NJ,AEA,EN,Towers with Radar,0,241,215,0,456,0,13,31,0,44,0,254,246,0,500,0,0,0,500
05/06/2023,TEB,NJ,AEA,EN,Towers with Radar,0,166,99,0,265,0,15,29,1,45,0,181,128,1,310,0,0,0,310
05/07/2023,TEB,NJ,AEA,EN,Towers with Radar,0,281,192,1,474,0,13,38,0,51,0,294,230,1,525,0,0,0,525
05/08/2023,TEB,NJ,AEA,EN,Towers with Radar,0,279,244,0,523,0,13,32,0,45,0,292,276,0,568,0,0,0,568
05/09/2023,TEB,NJ,AEA,EN,Towers with Radar,0,310,224,0,534,0,18,32,0,50,0,328,256,0,584,0,0,0,584
05/10/2023,TEB,NJ,AEA,EN,Towers with Radar,0,332,286,0,618,0,5,38,0,43,0,337,324,0,661,0,0,0,661
05/11/2023,TEB,NJ,AEA,EN,Towers with Radar,2,325,271,0,598,0,29,49,0,78,2,354,320,0,676,0,0,0,676
05/12/2023,TEB,NJ,AEA,EN,Towers with Radar,0,229,209,0,438,0,11,50,0,61,0,240,259,0,499,0,0,0,499
05/13/2023,TEB,NJ,AEA,EN,Towers with Radar,0,176,135,0,311,0,15,31,0,46,0,191,166,0,357,0,0,0,357
05/14/2023,TEB,NJ,AEA,EN,Towers with Radar,0,284,183,0,467,0,24,35,1,60,0,308,218,1,527,0,0,0,527
05/15/2023,TEB,NJ,AEA,EN,Towers with Radar,0,368,240,0,608,0,10,32,4,46,0,378,272,4,654,0,0,0,654
05/16/2023,TEB,NJ,AEA,EN,Towers with Radar,1,367,250,0,618,0,9,46,0,55,1,376,296,0,673,0,0,0,673
05/17/2023,TEB,NJ,AEA,EN,Towers with Radar,0,374,320,0,694,0,9,36,2,47,0,383,356,2,741,0,0,0,741
05/18/2023,TEB,NJ,AEA,EN,Towers with Radar,1,343,270,0,614,0,15,48,0,63,1,358,318,0,677,0,0,0,677
05/19/2023,TEB,NJ,AEA,EN,Towers with Radar,0,285,212,0,497,0,17,28,1,46,0,302,240,1,543,0,0,0,543
05/20/2023,TEB,NJ,AEA,EN,Towers with Radar,0,183,125,0,308,0,2,0,0,2,0,185,125,0,310,0,0,0,310
05/21/2023,TEB,NJ,AEA,EN,Towers with Radar,0,292,219,0,511,0,17,29,0,46,0,309,248,0,557,0,0,0,557
05/22/2023,TEB,NJ,AEA,EN,Towers with Radar,0,271,210,0,481,0,10,40,1,51,0,281,250,1,532,0,0,0,532
05/23/2023,TEB,NJ,AEA,EN,Towers with Radar,0,292,205,2,499,0,10,22,9,41,0,302,227,11,540,0,0,0,540
05/24/2023,TEB,NJ,AEA,EN,Towers with Radar,0,340,297,1,638,0,5,43,3,51,0,345,340,4,689,0,0,0,689
05/25/2023,TEB,NJ,AEA,EN,Towers with Radar,0,370,222,1,593,0,33,51,2,86,0,403,273,3,679,0,0,0,679
05/26/2023,TEB,NJ,AEA,EN,Towers with Radar,0,236,162,2,400,0,38,101,0,139,0,274,263,2,539,0,0,0,539
05/27/2023,TEB,NJ,AEA,EN,Towers with Radar,0,148,76,0,224,0,27,63,1,91,0,175,139,1,315,0,0,0,315
05/28/2023,TEB,NJ,AEA,EN,Towers with Radar,0,150,89,0,239,0,20,37,1,58,0,170,126,1,297,0,0,0,297
05/29/2023,TEB,NJ,AEA,EN,Towers with Radar,1,244,154,0,399,0,33,42,0,75,1,277,196,0,474,0,0,0,474
05/30/2023,TEB,NJ,AEA,EN,Towers with Radar,0,246,178,0,424,0,20,27,1,48,0,266,205,1,472,0,0,0,472
05/31/2023,TEB,NJ,AEA,EN,Towers with Radar,0,268,243,0,511,0,12,25,0,37,0,280,268,0,548,0,0,0,548
06/01/2023,TEB,NJ,AEA,EN,Towers with Radar,0,277,234,0,511,0,19,45,0,64,0,296,279,0,575,0,0,0,575
06/02/2023,TEB,NJ,AEA,EN,Towers with Radar,0,252,155,0,407,0,26,37,0,63,0,278,192,0,470,0,0,0,470
06/03/2023,TEB,NJ,AEA,EN,Towers with Radar,0,169,97,0,266,0,5,5,0,10,0,174,102,0,276,0,0,0,276
06/04/2023,TEB,NJ,AEA,EN,Towers with Radar,0,225,192,0,417,0,19,29,0,48,0,244,221,0,465,0,0,0,465
06/05/2023,TEB,NJ,AEA,EN,Towers with Radar,0,287,209,0,496,0,11,42,0,53,0,298,251,0,549,0,0,0,549
06/06/2023,TEB,NJ,AEA,EN,Towers with Radar,2,327,277,0,606,0,11,33,0,44,2,338,310,0,650,0,0,0,650
06/07/2023,TEB,NJ,AEA,EN,Towers with Radar,0,340,304,0,644,0,0,23,0,23,0,340,327,0,667,0,0,0,667
06/08/2023,TEB,NJ,AEA,EN,Towers with Radar,0,338,278,4,620,0,6,26,0,32,0,344,304,4,652,0,0,0,652
06/09/2023,TEB,NJ,AEA,EN,Towers with Radar,0,214,173,0,387,0,18,49,2,69,0,232,222,2,456,0,0,0,456
06/10/2023,TEB,NJ,AEA,EN,Towers with Radar,0,146,107,4,257,0,4,49,2,55,0,150,156,6,312,0,0,0,312
06/11/2023,TEB,NJ,AEA,EN,Towers with Radar,0,266,212,1,479,0,25,58,0,83,0,291,270,1,562,0,0,0,562
06/12/2023,TEB,NJ,AEA,EN,Towers with Radar,0,278,207,1,486,0,11,27,0,38,0,289,234,1,524,0,0,0,524
06/13/2023,TEB,NJ,AEA,EN,Towers with Radar,0,346,224,1,571,0,8,46,2,56,0,354,270,3,627,0,0,0,627
06/14/2023,TEB,NJ,AEA,EN,Towers with Radar,0,282,231,1,514,0,13,41,0,54,0,295,272,1,568,0,0,0,568
06/15/2023,TEB,NJ,AEA,EN,Towers with Radar,0,362,277,0,639,0,28,51,0,79,0,390,328,0,718,0,0,0,718
06/16/2023,TEB,NJ,AEA,EN,Towers with Radar,0,254,179,0,433,0,23,35,1,59,0,277,214,1,492,0,0,0,492
06/17/2023,TEB,NJ,AEA,EN,Towers with Radar,0,159,117,0,276,0,7,7,0,14,0,166,124,0,290,0,0,0,290
06/18/2023,TEB,NJ,AEA,EN,Towers with Radar,0,210,155,0,365,0,23,14,0,37,0,233,169,0,402,0,0,0,402
06/19/2023,TEB,NJ,AEA,EN,Towers with Radar,0,229,162,0,391,0,32,49,0,81,0,261,211,0,472,0,0,0,472
06/20/2023,TEB,NJ,AEA,EN,Towers with Radar,0,244,199,1,444,0,9,30,0,39,0,253,229,1,483,0,0,0,483
06/21/2023,TEB,NJ,AEA,EN,Towers with Radar,1,277,269,1,548,0,18,29,0,47,1,295,298,1,595,0,0,0,595
06/22/2023,TEB,NJ,AEA,EN,Towers with Radar,0,321,245,1,567,0,4,29,0,33,0,325,274,1,600,0,0,0,600
06/23/2023,TEB,NJ,AEA,EN,Towers with Radar,0,280,217,0,497,0,1,6,0,7,0,281,223,0,504,0,0,0,504
06/24/2023,TEB,NJ,AEA,EN,Towers with Radar,0,160,126,0,286,0,2,15,0,17,0,162,141,0,303,0,0,0,303
06/25/2023,TEB,NJ,AEA,EN,Towers with Radar,0,193,162,1,356,0,11,39,0,50,0,204,201,1,406,0,0,0,406
06/26/2023,TEB,NJ,AEA,EN,Towers with Radar,0,176,163,0,339,0,4,18,0,22,0,180,181,0,361,0,0,0,361
06/27/2023,TEB,NJ,AEA,EN,Towers with Radar,0,328,284,0,612,0,2,17,0,19,0,330,301,0,631,0,0,0,631
06/28/2023,TEB,NJ,AEA,EN,Towers with Radar,0,337,272,0,609,0,16,47,0,63,0,353,319,0,672,0,0,0,672
06/29/2023,TEB,NJ,AEA,EN,Towers with Radar,0,330,227,0,557,0,28,40,0,68,0,358,267,0,625,0,0,0,625
06/30/2023,TEB,NJ,AEA,EN,Towers with Radar,0,242,170,1,413,0,19,92,0,111,0,261,262,1,524,0,0,0,524
07/01/2023,TEB,NJ,AEA,EN,Towers with Radar,1,192,109,0,302,0,13,54,1,68,1,205,163,1,370,0,0,0,370
07/02/2023,TEB,NJ,AEA,EN,Towers with Radar,0,131,87,0,218,0,2,30,0,32,0,133,117,0,250,0,0,0,250
07/03/2023,TEB,NJ,AEA,EN,Towers with Radar,0,104,66,0,170,0,10,52,0,62,0,114,118,0,232,0,0,0,232
07/04/2023,TEB,NJ,AEA,EN,Towers with Radar,0,144,64,1,209,0,10,59,0,69,0,154,123,1,278,0,0,0,278
07/05/2023,TEB,NJ,AEA,EN,Towers with Radar,0,189,114,0,303,0,18,55,0,73,0,207,169,0,376,0,0,0,376
07/06/2023,TEB,NJ,AEA,EN,Towers with Radar,0,197,108,0,305,0,19,46,0,65,0,216,154,0,370,0,0,0,370
07/07/2023,TEB,NJ,AEA,EN,Towers with Radar,0,162,112,0,274,0,18,41,1,60,0,180,153,1,334,0,0,0,334
07/08/2023,TEB,NJ,AEA,EN,Towers with Radar,0,150,102,0,252,0,14,49,0,63,0,164,151,0,315,0,0,0,315
07/09/2023,TEB,NJ,AEA,EN,Towers with Radar,0,155,124,0,279,0,12,17,0,29,0,167,141,0,308,0,0,0,308
07/10/2023,TEB,NJ,AEA,EN,Towers with Radar,0,292,220,0,512,0,9,36,0,45,0,301,256,0,557,0,0,0,557
07/11/2023,TEB,NJ,AEA,EN,Towers with Radar,1,247,205,0,453,0,24,50,0,74,1,271,255,0,527,0,0,0,527
07/12/2023,TEB,NJ,AEA,EN,Towers with Radar,2,218,214,0,434,0,25,58,0,83,2,243,272,0,517,0,0,0,517
07/13/2023,TEB,NJ,AEA,EN,Towers with Radar,0,289,176,0,465,0,36,49,2,87,0,325,225,2,552,0,0,0,552
07/14/2023,TEB,NJ,AEA,EN,Towers with Radar,0,221,152,0,373,0,23,41,0,64,0,244,193,0,437,0,0,0,437
07/15/2023,TEB,NJ,AEA,EN,Towers with Radar,0,179,113,0,292,0,14,9,0,23,0,193,122,0,315,0,0,0,315
07/16/2023,TEB,NJ,AEA,EN,Towers with Radar,0,231,153,0,384,0,1,8,0,9,0,232,161,0,393,0,0,0,393
07/17/2023,TEB,NJ,AEA,EN,Towers with Radar,0,270,208,0,478,0,33,40,2,75,0,303,248,2,553,0,0,0,553
07/18/2023,TEB,NJ,AEA,EN,Towers with Radar,0,265,170,0,435,0,3,44,0,47,0,268,214,0,482,0,0,0,482
07/19/2023,TEB,NJ,AEA,EN,Towers with Radar,1,264,204,0,469,0,8,38,0,46,1,272,242,0,515,0,0,0,515
07/20/2023,TEB,NJ,AEA,EN,Towers with Radar,0,249,184,0,433,1,41,61,0,103,1,290,245,0,536,0,0,0,536
07/21/2023,TEB,NJ,AEA,EN,Towers with Radar,0,227,153,0,380,0,21,20,2,43,0,248,173,2,423,0,0,0,423
07/22/2023,TEB,NJ,AEA,EN,Towers with Radar,0,145,98,0,243,0,29,61,1,91,0,174,159,1,334,0,0,0,334
07/23/2023,TEB,NJ,AEA,EN,Towers with Radar,1,219,153,0,373,0,37,52,0,89,1,256,205,0,462,0,0,0,462
07/24/2023,TEB,NJ,AEA,EN,Towers with Radar,1,212,152,0,365,0,29,33,4,66,1,241,185,4,431,0,0,0,431
07/25/2023,TEB,NJ,AEA,EN,Towers with Radar,0,245,164,0,409,0,15,42,0,57,0,260,206,0,466,0,0,0,466
07/26/2023,TEB,NJ,AEA,EN,Towers with Radar,0,326,209,1,536,0,17,44,2,63,0,343,253,3,599,0,0,0,599
07/27/2023,TEB,NJ,AEA,EN,Towers with Radar,0,268,193,0,461,0,33,52,0,85,0,301,245,0,546,0,0,0,546
07/28/2023,TEB,NJ,AEA,EN,Towers with Radar,1,246,172,2,421,0,33,52,4,89,1,279,224,6,510,0,0,0,510
07/29/2023,TEB,NJ,AEA,EN,Towers with Radar,0,170,83,0,253,0,10,32,0,42,0,180,115,0,295,0,0,0,295
07/30/2023,TEB,NJ,AEA,EN,Towers with Radar,0,241,176,1,418,0,38,88,2,128,0,279,264,3,546,0,0,0,546
07/31/2023,TEB,NJ,AEA,EN,Towers with Radar,1,247,156,1,405,0,26,52,0,78,1,273,208,1,483,0,0,0,483
08/01/2023,TEB,NJ,AEA,EN,Towers with Radar,0,231,179,0,410,0,27,54,2,83,0,258,233,2,493,0,0,0,493
08/02/2023,TEB,NJ,AEA,EN,Towers with Radar,0,251,184,0,435,0,34,46,1,81,0,285,230,1,516,0,0,0,516
08/03/2023,TEB,NJ,AEA,EN,Towers with Radar,0,241,166,0,407,0,37,24,0,61,0,278,190,0,468,0,0,0,468
08/04/2023,TEB,NJ,AEA,EN,Towers with Radar,1,221,131,0,353,0,14,35,0,49,1,235,166,0,402,0,0,0,402
08/05/2023,TEB,NJ,AEA,EN,Towers with Radar,0,156,108,0,264,0,17,37,0,54,0,173,145,0,318,0,0,0,318
08/06/2023,TEB,NJ,AEA,EN,Towers with Radar,0,178,175,0,353,0,24,55,0,79,0,202,230,0,432,0,0,0,432
08/07/2023,TEB,NJ,AEA,EN,Towers with Radar,0,237,181,0,418,0,2,18,3,23,0,239,199,3,441,0,0,0,441
08/08/2023,TEB,NJ,AEA,EN,Towers with Radar,2,208,203,0,413,0,19,32,0,51,2,227,235,0,464,0,0,0,464
08/09/2023,TEB,NJ,AEA,EN,Towers with Radar,0,217,178,0,395,0,23,39,0,62,0,240,217,0,457,0,0,0,457
08/10/2023,TEB,NJ,AEA,EN,Towers with Radar,0,269,185,0,454,0,22,28,0,50,0,291,213,0,504,0,0,0,504
08/11/2023,TEB,NJ,AEA,EN,Towers with Radar,0,207,98,1,306,0,31,42,2,75,0,238,140,3,381,0,0,0,381
08/12/2023,TEB,NJ,AEA,EN,Towers with Radar,0,139,58,0,197,0,20,24,0,44,0,159,82,0,241,0,0,0,241
08/13/2023,TEB,NJ,AEA,EN,Towers with Radar,0,224,150,0,374,0,30,36,0,66,0,254,186,0,440,0,0,0,440
08/14/2023,TEB,NJ,AEA,EN,Towers with Radar,0,206,152,0,358,0,28,29,0,57,0,234,181,0,415,0,0,0,415
08/15/2023,TEB,NJ,AEA,EN,Towers with Radar,1,231,147,1,380,0,0,22,0,22,1,231,169,1,402,0,0,0,402
08/16/2023,TEB,NJ,AEA,EN,Towers with Radar,0,249,192,2,443,0,7,26,0,33,0,256,218,2,476,0,0,0,476
08/17/2023,TEB,NJ,AEA,EN,Towers with Radar,1,274,173,0,448,0,3,18,2,23,1,277,191,2,471,0,0,0,471
08/18/2023,TEB,NJ,AEA,EN,Towers with Radar,0,205,120,0,325,0,23,42,0,65,0,228,162,0,390,0,0,0,390
08/19/2023,TEB,NJ,AEA,EN,Towers with Radar,0,126,59,0,185,0,22,27,0,49,0,148,86,0,234,0,0,0,234
08/20/2023,TEB,NJ,AEA,EN,Towers with Radar,0,191,127,0,318,0,32,45,0,77,0,223,172,0,395,0,0,0,395
08/21/2023,TEB,NJ,AEA,EN,Towers with Radar,0,182,132,0,314,0,33,24,1,58,0,215,156,1,372,0,0,0,372
08/22/2023,TEB,NJ,AEA,EN,Towers with Radar,0,200,119,0,319,0,26,35,0,61,0,226,154,0,380,0,0,0,380
08/23/2023,TEB,NJ,AEA,EN,Towers with Radar,0,230,139,0,369,0,18,55,5,78,0,248,194,5,447,0,0,0,447
08/24/2023,TEB,NJ,AEA,EN,Towers with Radar,0,253,187,0,440,0,14,19,0,33,0,267,206,0,473,0,0,0,473
08/25/2023,TEB,NJ,AEA,EN,Towers with Radar,0,227,142,1,370,0,7,25,0,32,0,234,167,1,402,0,0,0,402
08/26/2023,TEB,NJ,AEA,EN,Towers with Radar,0,129,63,0,192,0,11,34,5,50,0,140,97,5,242,0,0,0,242
08/27/2023,TEB,NJ,AEA,EN,Towers with Radar,0,222,184,0,406,0,30,36,1,67,0,252,220,1,473,0,0,0,473
08/28/2023,TEB,NJ,AEA,EN,Towers with Radar,0,213,147,2,362,0,11,35,2,48,0,224,182,4,410,0,0,0,410
08/29/2023,TEB,NJ,AEA,EN,Towers with Radar,1,234,190,3,428,0,12,20,0,32,1,246,210,3,460,0,0,0,460
08/30/2023,TEB,NJ,AEA,EN,Towers with Radar,0,242,164,2,408,0,15,40,0,55,0,257,204,2,463,0,0,0,463
08/31/2023,TEB,NJ,AEA,EN,Towers with Radar,0,255,182,0,437,0,43,46,2,91,0,298,228,2,528,0,0,0,528
01/01/2020,TEB,NJ,AEA,EN,Towers with Radar,0,163,120,0,283,0,7,26,0,33,0,170,146,0,316,0,0,0,316
01/02/2020,TEB,NJ,AEA,EN,Towers with Radar,0,160,120,0,280,0,5,18,0,23,0,165,138,0,303,0,0,0,303
01/03/2020,TEB,NJ,AEA,EN,Towers with Radar,0,175,129,1,305,0,4,9,0,13,0,179,138,1,318,0,0,0,318
01/04/2020,TEB,NJ,AEA,EN,Towers with Radar,0,170,136,0,306,0,0,6,0,6,0,170,142,0,312,0,0,0,312
01/05/2020,TEB,NJ,AEA,EN,Towers with Radar,1,223,188,0,412,0,1,23,0,24,1,224,211,0,436,0,0,0,436
01/06/2020,TEB,NJ,AEA,EN,Towers with Radar,0,169,169,0,338,0,8,27,0,35,0,177,196,0,373,0,0,0,373
01/07/2020,TEB,NJ,AEA,EN,Towers with Radar,0,138,186,0,324,0,4,25,0,29,0,142,211,0,353,0,0,0,353
01/08/2020,TEB,NJ,AEA,EN,Towers with Radar,0,181,206,0,387,0,3,37,0,40,0,184,243,0,427,0,0,0,427
01/09/2020,TEB,NJ,AEA,EN,Towers with Radar,0,208,211,2,421,0,11,40,0,51,0,219,251,2,472,0,0,0,472
01/10/2020,TEB,NJ,AEA,EN,Towers with Radar,0,170,156,0,326,0,4,15,0,19,0,174,171,0,345,0,0,0,345
01/11/2020,TEB,NJ,AEA,EN,Towers with Radar,0,119,97,0,216,0,0,7,0,7,0,119,104,0,223,0,0,0,223
01/12/2020,TEB,NJ,AEA,EN,Towers with Radar,0,179,182,0,361,0,6,32,0,38,0,185,214,0,399,0,0,0,399
01/13/2020,TEB,NJ,AEA,EN,Towers with Radar,1,190,183,0,374,0,4,22,0,26,1,194,205,0,400,0,0,0,400
01/14/2020,TEB,NJ,AEA,EN,Towers with Radar,1,182,186,0,369,0,2,12,0,14,1,184,198,0,383,0,0,0,383
01/15/2020,TEB,NJ,AEA,EN,Towers with Radar,0,223,237,0,460,0,4,40,0,44,0,227,277,0,504,0,0,0,504
01/16/2020,TEB,NJ,AEA,EN,Towers with Radar,0,202,246,0,448,0,8,30,0,38,0,210,276,0,486,0,0,0,486
01/17/2020,TEB,NJ,AEA,EN,Towers with Radar,0,267,228,0,495,0,16,44,0,60,0,283,272,0,555,0,0,0,555
01/18/2020,TEB,NJ,AEA,EN,Towers with Radar,0,92,71,0,163,0,3,6,0,9,0,95,77,0,172,0,0,0,172
01/19/2020,TEB,NJ,AEA,EN,Towers with Radar,0,124,92,0,216,0,0,23,0,23,0,124,115,0,239,0,0,0,239
01/20/2020,TEB,NJ,AEA,EN,Towers with Radar,0,238,213,0,451,0,17,31,0,48,0,255,244,0,499,0,0,0,499
01/21/2020,TEB,NJ,AEA,EN,Towers with Radar,1,190,203,0,394,0,6,30,3,39,1,196,233,3,433,0,0,0,433
01/22/2020,TEB,NJ,AEA,EN,Towers with Radar,1,186,217,2,406,0,5,34,0,39,1,191,251,2,445,0,0,0,445
01/23/2020,TEB,NJ,AEA,EN,Towers with Radar,0,261,220,0,481,0,13,47,3,63,0,274,267,3,544,0,0,0,544
01/24/2020,TEB,NJ,AEA,EN,Towers with Radar,0,187,170,2,359,0,6,35,0,41,0,193,205,2,400,0,0,0,400
01/25/2020,TEB,NJ,AEA,EN,Towers with Radar,0,100,94,0,194,0,0,3,0,3,0,100,97,0,197,0,0,0,197
01/26/2020,TEB,NJ,AEA,EN,Towers with Radar,0,216,171,0,387,0,8,30,0,38,0,224,201,0,425,0,0,0,425
01/27/2020,TEB,NJ,AEA,EN,Towers with Radar,0,211,181,0,392,0,9,28,0,37,0,220,209,0,429,0,0,0,429
01/28/2020,TEB,NJ,AEA,EN,Towers with Radar,0,206,198,1,405,0,7,22,1,30,0,213,220,2,435,0,0,0,435
01/29/2020,TEB,NJ,AEA,EN,Towers with Radar,0,206,236,0,442,0,0,27,0,27,0,206,263,0,469,0,0,0,469
01/30/2020,TEB,NJ,AEA,EN,Towers with Radar,0,260,252,0,512,0,10,35,0,45,0,270,287,0,557,0,0,0,557
01/31/2020,TEB,NJ,AEA,EN,Towers with Radar,0,224,182,1,407,0,8,27,3,38,0,232,209,4,445,0,0,0,445
02/01/2020,TEB,NJ,AEA,EN,Towers with Radar,0,120,76,0,196,0,2,9,0,11,0,122,85,0,207,0,0,0,207
02/02/2020,TEB,NJ,AEA,EN,Towers with Radar,1,149,134,0,284,0,0,14,0,14,1,149,148,0,298,0,0,0,298
02/03/2020,TEB,NJ,AEA,EN,Towers with Radar,0,271,213,0,484,0,2,32,0,34,0,273,245,0,518,0,0,0,518
02/04/2020,TEB,NJ,AEA,EN,Towers with Radar,0,219,231,0,450,0,2,28,0,30,0,221,259,0,480,0,0,0,480
02/05/2020,TEB,NJ,AEA,EN,Towers with Radar,0,243,250,0,493,0,10,43,0,53,0,253,293,0,546,0,0,0,546
02/06/2020,TEB,NJ,AEA,EN,Towers with Radar,0,251,227,0,478,0,0,0,0,0,0,251,227,0,478,0,0,0,478
02/07/2020,TEB,NJ,AEA,EN,Towers with Radar,0,204,177,0,381,0,2,5,0,7,0,206,182,0,388,0,0,0,388
02/08/2020,TEB,NJ,AEA,EN,Towers with Radar,0,158,99,0,257,0,5,15,0,20,0,163,114,0,277,0,0,0,277
02/09/2020,TEB,NJ,AEA,EN,Towers with Radar,0,236,200,2,438,0,5,46,0,51,0,241,246,2,489,0,0,0,489
02/10/2020,TEB,NJ,AEA,EN,Towers with Radar,0,235,218,1,454,0,4,20,0,24,0,239,238,1,478,0,0,0,478
02/11/2020,TEB,NJ,AEA,EN,Towers with Radar,0,240,244,1,485,0,2,18,0,20,0,242,262,1,505,0,0,0,505
02/12/2020,TEB,NJ,AEA,EN,Towers with Radar,0,277,265,2,544,0,4,44,0,48,0,281,309,2,592,0,0,0,592
02/13/2020,TEB,NJ,AEA,EN,Towers with Radar,0,308,310,0,618,0,2,20,0,22,0,310,330,0,640,0,0,0,640
02/14/2020,TEB,NJ,AEA,EN,Towers with Radar,0,313,249,1,563,0,17,37,0,54,0,330,286,1,617,0,0,0,617
02/15/2020,TEB,NJ,AEA,EN,Towers with Radar,0,154,95,0,249,0,3,19,0,22,0,157,114,0,271,0,0,0,271
02/16/2020,TEB,NJ,AEA,EN,Towers with Radar,0,128,109,0,237,0,2,15,0,17,0,130,124,0,254,0,0,0,254
02/17/2020,TEB,NJ,AEA,EN,Towers with Radar,0,205,234,0,439,0,9,38,0,47,0,214,272,0,486,0,0,0,486
02/18/2020,TEB,NJ,AEA,EN,Towers with Radar,0,278,241,0,519,0,3,7,1,11,0,281,248,1,530,0,0,0,530
02/19/2020,TEB,NJ,AEA,EN,Towers with Radar,0,239,237,0,476,0,11,37,0,48,0,250,274,0,524,0,0,0,524
02/20/2020,TEB,NJ,AEA,EN,Towers with Radar,0,254,248,5,507,0,13,28,0,41,0,267,276,5,548,0,0,0,548
02/21/2020,TEB,NJ,AEA,EN,Towers with Radar,1,202,197,0,400,0,17,27,0,44,1,219,224,0,444,0,0,0,444
02/22/2020,TEB,NJ,AEA,EN,Towers with Radar,0,157,118,0,275,0,9,16,0,25,0,166,134,0,300,0,0,0,300
02/23/2020,TEB,NJ,AEA,EN,Towers with Radar,0,235,219,0,454,0,4,22,3,29,0,239,241,3,483,0,0,0,483
02/24/2020,TEB,NJ,AEA,EN,Towers with Radar,0,206,210,0,416,0,12,39,2,53,0,218,249,2,469,0,0,0,469
02/25/2020,TEB,NJ,AEA,EN,Towers with Radar,0,219,237,0,456,0,6,8,0,14,0,225,245,0,470,0,0,0,470
02/26/2020,TEB,NJ,AEA,EN,Towers with Radar,0,243,252,0,495,0,0,0,0,0,0,243,252,0,495,0,0,0,495
02/27/2020,TEB,NJ,AEA,EN,Towers with Radar,0,289,267,0,556,0,1,12,3,16,0,290,279,3,572,0,0,0,572
02/28/2020,TEB,NJ,AEA,EN,Towers with Radar,0,232,214,0,446,0,9,25,1,35,0,241,239,1,481,0,0,0,481
02/29/2020,TEB,NJ,AEA,EN,Towers with Radar,0,121,95,0,216,0,1,12,0,13,0,122,107,0,229,0,0,0,229
03/01/2020,TEB,NJ,AEA,EN,Towers with Radar,0,239,181,0,420,0,6,27,1,34,0,245,208,1,454,0,0,0,454
03/02/2020,TEB,NJ,AEA,EN,Towers with Radar,0,214,209,0,423,0,5,32,2,39,0,219,241,2,462,0,0,0,462
03/03/2020,TEB,NJ,AEA,EN,Towers with Radar,0,236,244,0,480,0,1,12,0,13,0,237,256,0,493,0,0,0,493
03/04/2020,TEB,NJ,AEA,EN,Towers with Radar,0,305,259,0,564,0,16,29,0,45,0,321,288,0,609,0,0,0,609
03/05/2020,TEB,NJ,AEA,EN,Towers with Radar,0,309,267,2,578,0,13,36,2,51,0,322,303,4,629,0,0,0,629
03/06/2020,TEB,NJ,AEA,EN,Towers with Radar,0,258,203,1,462,0,6,12,0,18,0,264,215,1,480,0,0,0,480
03/07/2020,TEB,NJ,AEA,EN,Towers with Radar,0,139,105,0,244,0,8,18,0,26,0,147,123,0,270,0,0,0,270
03/08/2020,TEB,NJ,AEA,EN,Towers with Radar,0,228,193,0,421,0,9,33,0,42,0,237,226,0,463,0,0,0,463
03/09/2020,TEB,NJ,AEA,EN,Towers with Radar,1,186,218,0,405,0,13,33,3,49,1,199,251,3,454,0,0,0,454
03/10/2020,TEB,NJ,AEA,EN,Towers with Radar,1,219,198,0,418,0,8,18,0,26,1,227,216,0,444,0,0,0,444
03/11/2020,TEB,NJ,AEA,EN,Towers with Radar,1,228,216,0,445,0,10,26,0,36,1,238,242,0,481,0,0,0,481
03/12/2020,TEB,NJ,AEA,EN,Towers with Radar,1,308,273,0,582,0,9,23,0,32,1,317,296,0,614,0,0,0,614
03/13/2020,TEB,NJ,AEA,EN,Towers with Radar,0,340,305,0,645,0,4,20,0,24,0,344,325,0,669,0,0,0,669
03/14/2020,TEB,NJ,AEA,EN,Towers with Radar,0,194,161,0,355,0,7,2,0,9,0,201,163,0,364,0,0,0,364
03/15/2020,TEB,NJ,AEA,EN,Towers with Radar,0,204,166,0,370,0,0,10,0,10,0,204,176,0,380,0,0,0,380
03/16/2020,TEB,NJ,AEA,EN,Towers with Radar,0,198,161,0,359,0,7,16,0,23,0,205,177,0,382,0,0,0,382
03/17/2020,TEB,NJ,AEA,EN,Towers with Radar,0,150,113,0,263,0,1,9,0,10,0,151,122,0,273,0,0,0,273
03/18/2020,TEB,NJ,AEA,EN,Towers with Radar,0,157,108,0,265,0,3,6,0,9,0,160,114,0,274,0,0,0,274
03/19/2020,TEB,NJ,AEA,EN,Towers with Radar,0,95,81,0,176,0,0,0,0,0,0,95,81,0,176,0,0,0,176
03/20/2020,TEB,NJ,AEA,EN,Towers with Radar,0,78,57,0,135,0,1,6,0,7,0,79,63,0,142,0,0,0,142
03/21/2020,TEB,NJ,AEA,EN,Towers with Radar,0,111,72,0,183,0,4,9,0,13,0,115,81,0,196,0,0,0,196
03/22/2020,TEB,NJ,AEA,EN,Towers with Radar,0,86,57,0,143,0,3,1,0,4,0,89,58,0,147,0,0,0,147
03/23/2020,TEB,NJ,AEA,EN,Towers with Radar,0,50,23,0,73,0,0,2,0,2,0,50,25,0,75,0,0,0,75
03/24/2020,TEB,NJ,AEA,EN,Towers with Radar,0,77,22,0,99,0,0,5,0,5,0,77,27,0,104,0,0,0,104
03/25/2020,TEB,NJ,AEA,EN,Towers with Radar,0,60,26,0,86,0,4,0,0,4,0,64,26,0,90,0,0,0,90
03/26/2020,TEB,NJ,AEA,EN,Towers with Radar,0,73,27,2,102,0,0,5,0,5,0,73,32,2,107,0,0,0,107
03/27/2020,TEB,NJ,AEA,EN,Towers with Radar,0,62,28,2,92,0,6,2,0,8,0,68,30,2,100,0,0,0,100
03/28/2020,TEB,NJ,AEA,EN,Towers with Radar,0,48,28,0,76,0,2,0,0,2,0,50,28,0,78,0,0,0,78
03/29/2020,TEB,NJ,AEA,EN,Towers with Radar,0,47,34,2,83,0,0,0,0,0,0,47,34,2,83,0,0,0,83
03/30/2020,TEB,NJ,AEA,EN,Towers with Radar,0,28,23,0,51,0,0,0,0,0,0,28,23,0,51,0,0,0,51
03/31/2020,TEB,NJ,AEA,EN,Towers with Radar,0,19,9,0,28,0,0,0,0,0,0,19,9,0,28,0,0,0,28
04/01/2020,TEB,NJ,AEA,EN,Towers with Radar,0,31,16,0,47,0,1,9,1,11,0,32,25,1,58,0,0,0,58
04/02/2020,TEB,NJ,AEA,EN,Towers with Radar,0,34,19,0,53,0,3,3,0,6,0,37,22,0,59,0,0,0,59
04/03/2020,TEB,NJ,AEA,EN,Towers with Radar,0,33,21,0,54,0,1,0,0,1,0,34,21,0,55,0,0,0,55
04/04/2020,TEB,NJ,AEA,EN,Towers with Radar,0,30,17,0,47,0,0,0,0,0,0,30,17,0,47,0,0,0,47
04/05/2020,TEB,NJ,AEA,EN,Towers with Radar,0,29,14,0,43,0,1,2,0,3,0,30,16,0,46,0,0,0,46
04/06/2020,TEB,NJ,AEA,EN,Towers with Radar,0,10,15,2,27,0,1,16,0,17,0,11,31,2,44,0,0,0,44
04/07/2020,TEB,NJ,AEA,EN,Towers with Radar,0,26,10,0,36,0,3,2,0,5,0,29,12,0,41,0,0,0,41
04/08/2020,TEB,NJ,AEA,EN,Towers with Radar,0,16,15,0,31,0,3,3,1,7,0,19,18,1,38,0,0,0,38
04/09/2020,TEB,NJ,AEA,EN,Towers with Radar,0,14,9,0,23,0,2,2,0,4,0,16,11,0,27,0,0,0,27
04/10/2020,TEB,NJ,AEA,EN,Towers with Radar,0,12,14,0,26,0,4,5,0,9,0,16,19,0,35,0,0,0,35
04/11/2020,TEB,NJ,AEA,EN,Towers with Radar,0,19,11,0,30,0,0,0,0,0,0,19,11,0,30,0,0,0,30
04/12/2020,TEB,NJ,AEA,EN,Towers with Radar,0,12,10,0,22,0,0,13,0,13,0,12,23,0,35,0,0,0,35
04/13/2020,TEB,NJ,AEA,EN,Towers with Radar,0,9,5,0,14,0,0,0,0,0,0,9,5,0,14,0,0,0,14
04/14/2020,TEB,NJ,AEA,EN,Towers with Radar,0,30,22,2,54,0,0,8,0,8,0,30,30,2,62,0,0,0,62
04/15/2020,TEB,NJ,AEA,EN,Towers with Radar,0,21,16,0,37,0,0,1,0,1,0,21,17,0,38,0,0,0,38
04/16/2020,TEB,NJ,AEA,EN,Towers with Radar,0,16,15,0,31,0,2,3,0,5,0,18,18,0,36,0,0,0,36
04/17/2020,TEB,NJ,AEA,EN,Towers with Radar,0,23,27,0,50,0,2,4,0,6,0,25,31,0,56,0,0,0,56
04/18/2020,TEB,NJ,AEA,EN,Towers with Radar,0,23,8,0,31,0,0,0,0,0,0,23,8,0,31,0,0,0,31
04/19/2020,TEB,NJ,AEA,EN,Towers with Radar,0,23,19,0,42,0,3,2,0,5,0,26,21,0,47,0,0,0,47
04/20/2020,TEB,NJ,AEA,EN,Towers with Radar,0,18,13,0,31,0,2,7,0,9,0,20,20,0,40,0,0,0,40
04/21/2020,TEB,NJ,AEA,EN,Towers with Radar,0,20,9,0,29,0,0,10,0,10,0,20,19,0,39,0,0,0,39
04/22/2020,TEB,NJ,AEA,EN,Towers with Radar,0,22,15,2,39,0,0,3,0,3,0,22,18,2,42,0,0,0,42
04/23/2020,TEB,NJ,AEA,EN,Towers with Radar,0,26,19,0,45,0,1,2,0,3,0,27,21,0,48,0,0,0,48
04/24/2020,TEB,NJ,AEA,EN,Towers with Radar,0,20,13,0,33,0,0,0,0,0,0,20,13,0,33,0,0,0,33
04/25/2020,TEB,NJ,AEA,EN,Towers with Radar,0,27,21,0,48,0,3,8,0,11,0,30,29,0,59,0,0,0,59
04/26/2020,TEB,NJ,AEA,EN,Towers with Radar,0,28,15,0,43,0,0,0,0,0,0,28,15,0,43,0,0,0,43
04/27/2020,TEB,NJ,AEA,EN,Towers with Radar,0,33,16,0,49,0,0,0,0,0,0,33,16,0,49,0,0,0,49
04/28/2020,TEB,NJ,AEA,EN,Towers with Radar,0,38,22,0,60,0,0,19,0,19,0,38,41,0,79,0,0,0,79
04/29/2020,TEB,NJ,AEA,EN,Towers with Radar,0,43,37,0,80,0,0,9,0,9,0,43,46,0,89,0,0,0,89
04/30/2020,TEB,NJ,AEA,EN,Towers with Radar,0,45,32,0,77,0,0,1,0,1,0,45,33,0,78,0,0,0,78
05/01/2020,TEB,NJ,AEA,EN,Towers with Radar,0,67,30,0,97,0,1,4,0,5,0,68,34,0,102,0,0,0,102
05/02/2020,TEB,NJ,AEA,EN,Towers with Radar,0,38,22,0,60,0,6,10,2,18,0,44,32,2,78,0,0,0,78
05/03/2020,TEB,NJ,AEA,EN,Towers with Radar,0,48,20,0,68,0,2,3,0,5,0,50,23,0,73,0,0,0,73
05/04/2020,TEB,NJ,AEA,EN,Towers with Radar,0,46,23,0,69,0,1,7,0,8,0,47,30,0,77,0,0,0,77
05/05/2020,TEB,NJ,AEA,EN,Towers with Radar,0,41,27,0,68,0,1,12,0,13,0,42,39,0,81,0,0,0,81
05/06/2020,TEB,NJ,AEA,EN,Towers with Radar,0,52,27,0,79,0,6,5,0,11,0,58,32,0,90,0,0,0,90
05/07/2020,TEB,NJ,AEA,EN,Towers with Radar,0,49,48,0,97,0,2,2,0,4,0,51,50,0,101,0,0,0,101
05/08/2020,TEB,NJ,AEA,EN,Towers with Radar,0,51,32,0,83,0,0,7,0,7,0,51,39,0,90,0,0,0,90
05/09/2020,TEB,NJ,AEA,EN,Towers with Radar,0,41,28,0,69,0,0,10,0,10,0,41,38,0,79,0,0,0,79
05/10/2020,TEB,NJ,AEA,EN,Towers with Radar,0,67,36,0,103,0,0,2,0,2,0,67,38,0,105,0,0,0,105
05/11/2020,TEB,NJ,AEA,EN,Towers with Radar,0,56,28,0,84,0,1,0,0,1,0,57,28,0,85,0,0,0,85
05/12/2020,TEB,NJ,AEA,EN,Towers with Radar,0,62,33,0,95,0,3,4,0,7,0,65,37,0,102,0,0,0,102
05/13/2020,TEB,NJ,AEA,EN,Towers with Radar,0,40,41,0,81,0,3,7,0,10,0,43,48,0,91,0,0,0,91
05/14/2020,TEB,NJ,AEA,EN,Towers with Radar,0,55,42,0,97,0,16,19,0,35,0,71,61,0,132,0,0,0,132
05/15/2020,TEB,NJ,AEA,EN,Towers with Radar,0,81,46,0,127,0,1,2,0,3,0,82,48,0,130,0,0,0,130
05/16/2020,TEB,NJ,AEA,EN,Towers with Radar,0,74,47,0,121,0,1,12,0,13,0,75,59,0,134,0,0,0,134
05/17/2020,TEB,NJ,AEA,EN,Towers with Radar,0,56,63,0,119,0,0,6,0,6,0,56,69,0,125,0,0,0,125
05/18/2020,TEB,NJ,AEA,EN,Towers with Radar,0,54,45,0,99,0,0,5,4,9,0,54,50,4,108,0,0,0,108
05/19/2020,TEB,NJ,AEA,EN,Towers with Radar,0,73,40,0,113,0,5,3,0,8,0,78,43,0,121,0,0,0,121
05/20/2020,TEB,NJ,AEA,EN,Towers with Radar,0,69,71,0,140,0,2,4,0,6,0,71,75,0,146,0,0,0,146
05/21/2020,TEB,NJ,AEA,EN,Towers with Radar,0,57,62,0,119,0,12,18,0,30,0,69,80,0,149,0,0,0,149
05/22/2020,TEB,NJ,AEA,EN,Towers with Radar,0,45,37,0,82,0,11,10,0,21,0,56,47,0,103,0,0,0,103
05/23/2020,TEB,NJ,AEA,EN,Towers with Radar,0,53,31,0,84,0,0,0,0,0,0,53,31,0,84,0,0,0,84
05/24/2020,TEB,NJ,AEA,EN,Towers with Radar,0,41,39,0,80,0,1,1,0,2,0,42,40,0,82,0,0,0,82
05/25/2020,TEB,NJ,AEA,EN,Towers with Radar,0,53,42,0,95,0,2,8,0,10,0,55,50,0,105,0,0,0,105
05/26/2020,TEB,NJ,AEA,EN,Towers with Radar,0,55,49,0,104,0,5,6,0,11,0,60,55,0,115,0,0,0,115
05/27/2020,TEB,NJ,AEA,EN,Towers with Radar,0,57,47,0,104,0,4,19,1,24,0,61,66,1,128,0,0,0,128
05/28/2020,TEB,NJ,AEA,EN,Towers with Radar,0,75,44,0,119,0,0,1,0,1,0,75,45,0,120,0,0,0,120
05/29/2020,TEB,NJ,AEA,EN,Towers with Radar,0,69,31,0,100,0,1,2,0,3,0,70,33,0,103,0,0,0,103
05/30/2020,TEB,NJ,AEA,EN,Towers with Radar,0,65,37,0,102,0,4,8,0,12,0,69,45,0,114,0,0,0,114
05/31/2020,TEB,NJ,AEA,EN,Towers with Radar,0,75,51,0,126,0,13,6,0,19,0,88,57,0,145,0,0,0,145
06/01/2020,TEB,NJ,AEA,EN,Towers with Radar,0,68,60,0,128,0,0,18,0,18,0,68,78,0,146,0,0,0,146
06/02/2020,TEB,NJ,AEA,EN,Towers with Radar,0,76,50,0,126,0,2,17,0,19,0,78,67,0,145,0,0,0,145
06/03/2020,TEB,NJ,AEA,EN,Towers with Radar,0,54,43,0,97,0,4,11,0,15,0,58,54,0,112,0,0,0,112
06/04/2020,TEB,NJ,AEA,EN,Towers with Radar,0,52,50,0,102,0,16,13,0,29,0,68,63,0,131,0,0,0,131
06/05/2020,TEB,NJ,AEA,EN,Towers with Radar,0,65,47,0,112,0,1,4,0,5,0,66,51,0,117,0,0,0,117
06/06/2020,TEB,NJ,AEA,EN,Towers with Radar,0,61,51,0,112,0,1,10,0,11,0,62,61,0,123,0,0,0,123
06/07/2020,TEB,NJ,AEA,EN,Towers with Radar,0,70,57,0,127,0,10,18,0,28,0,80,75,0,155,0,0,0,155
06/08/2020,TEB,NJ,AEA,EN,Towers with Radar,0,45,62,0,107,0,7,12,0,19,0,52,74,0,126,0,0,0,126
06/09/2020,TEB,NJ,AEA,EN,Towers with Radar,0,69,43,0,112,0,6,17,2,25,0,75,60,2,137,0,0,0,137
06/10/2020,TEB,NJ,AEA,EN,Towers with Radar,0,93,52,0,145,0,3,16,0,19,0,96,68,0,164,0,0,0,164
06/11/2020,TEB,NJ,AEA,EN,Towers with Radar,0,94,76,0,170,0,1,11,0,12,0,95,87,0,182,0,0,0,182
06/12/2020,TEB,NJ,AEA,EN,Towers with Radar,0,81,54,0,135,0,3,11,0,14,0,84,65,0,149,0,0,0,149
06/13/2020,TEB,NJ,AEA,EN,Towers with Radar,0,97,43,0,140,0,7,26,0,33,0,104,69,0,173,0,0,0,173
06/14/2020,TEB,NJ,AEA,EN,Towers with Radar,0,84,61,0,145,0,17,10,0,27,0,101,71,0,172,0,0,0,172
06/15/2020,TEB,NJ,AEA,EN,Towers with Radar,0,92,82,0,174,0,1,11,0,12,0,93,93,0,186,0,0,0,186
06/16/2020,TEB,NJ,AEA,EN,Towers with Radar,0,80,54,0,134,0,4,26,0,30,0,84,80,0,164,0,0,0,164
06/17/2020,TEB,NJ,AEA,EN,Towers with Radar,0,87,62,0,149,0,6,13,0,19,0,93,75,0,168,0,0,0,168
06/18/2020,TEB,NJ,AEA,EN,Towers with Radar,0,116,85,0,201,0,5,8,0,13,0,121,93,0,214,0,0,0,214
06/19/2020,TEB,NJ,AEA,EN,Towers with Radar,0,95,73,0,168,0,12,10,0,22,0,107,83,0,190,0,0,0,190
06/20/2020,TEB,NJ,AEA,EN,Towers with Radar,0,90,64,0,154,0,9,37,0,46,0,99,101,0,200,0,0,0,200
06/21/2020,TEB,NJ,AEA,EN,Towers with Radar,0,84,63,0,147,0,16,19,0,35,0,100,82,0,182,0,0,0,182
06/22/2020,TEB,NJ,AEA,EN,Towers with Radar,0,124,57,0,181,0,14,6,0,20,0,138,63,0,201,0,0,0,201
06/23/2020,TEB,NJ,AEA,EN,Towers with Radar,0,100,61,0,161,0,10,15,4,29,0,110,76,4,190,0,0,0,190
06/24/2020,TEB,NJ,AEA,EN,Towers with Radar,0,119,57,0,176,0,1,23,1,25,0,120,80,1,201,0,0,0,201
06/25/2020,TEB,NJ,AEA,EN,Towers with Radar,0,106,86,0,192,0,15,21,0,36,0,121,107,0,228,0,0,0,228
06/26/2020,TEB,NJ,AEA,EN,Towers with Radar,0,85,64,1,150,0,19,22,0,41,0,104,86,1,191,0,0,0,191
06/27/2020,TEB,NJ,AEA,EN,Towers with Radar,0,83,61,0,144,0,5,13,0,18,0,88,74,0,162,0,0,0,162
06/28/2020,TEB,NJ,AEA,EN,Towers with Radar,0,109,53,0,162,0,11,9,0,20,0,120,62,0,182,0,0,0,182
06/29/2020,TEB,NJ,AEA,EN,Towers with Radar,0,94,69,0,163,0,11,25,0,36,0,105,94,0,199,0,0,0,199
06/30/2020,TEB,NJ,AEA,EN,Towers with Radar,0,95,74,0,169,0,4,12,0,16,0,99,86,0,185,0,0,0,185
07/01/2020,TEB,NJ,AEA,EN,Towers with Radar,0,94,92,0,186,0,14,19,0,33,0,108,111,0,219,0,0,0,219
07/02/2020,TEB,NJ,AEA,EN,Towers with Radar,0,119,96,1,216,0,30,28,0,58,0,149,124,1,274,0,0,0,274
07/03/2020,TEB,NJ,AEA,EN,Towers with Radar,0,81,48,0,129,0,8,14,0,22,0,89,62,0,151,0,0,0,151
07/04/2020,TEB,NJ,AEA,EN,Towers with Radar,0,60,23,0,83,0,5,12,0,17,0,65,35,0,100,0,0,0,100
07/05/2020,TEB,NJ,AEA,EN,Towers with Radar,0,84,52,0,136,0,20,14,0,34,0,104,66,0,170,0,0,0,170
07/06/2020,TEB,NJ,AEA,EN,Towers with Radar,2,94,48,0,144,0,13,15,0,28,2,107,63,0,172,0,0,0,172
07/07/2020,TEB,NJ,AEA,EN,Towers with Radar,0,95,69,0,164,0,2,4,0,6,0,97,73,0,170,0,0,0,170
07/08/2020,TEB,NJ,AEA,EN,Towers with Radar,0,72,61,0,133,0,2,14,0,16,0,74,75,0,149,0,0,0,149
07/09/2020,TEB,NJ,AEA,EN,Towers with Radar,0,108,85,0,193,0,13,21,0,34,0,121,106,0,227,0,0,0,227
07/10/2020,TEB,NJ,AEA,EN,Towers with Radar,0,70,38,0,108,0,0,1,0,1,0,70,39,0,109,0,0,0,109
07/11/2020,TEB,NJ,AEA,EN,Towers with Radar,0,80,53,0,133,0,2,3,0,5,0,82,56,0,138,0,0,0,138
07/12/2020,TEB,NJ,AEA,EN,Towers with Radar,0,91,98,0,189,0,16,15,2,33,0,107,113,2,222,0,0,0,222
07/13/2020,TEB,NJ,AEA,EN,Towers with Radar,0,74,69,0,143,0,12,10,0,22,0,86,79,0,165,0,0,0,165
07/14/2020,TEB,NJ,AEA,EN,Towers with Radar,0,74,57,0,131,0,10,18,0,28,0,84,75,0,159,0,0,0,159
07/15/2020,TEB,NJ,AEA,EN,Towers with Radar,0,99,64,0,163,0,3,22,0,25,0,102,86,0,188,0,0,0,188
07/16/2020,TEB,NJ,AEA,EN,Towers with Radar,0,123,75,0,198,0,23,39,0,62,0,146,114,0,260,0,0,0,260
07/17/2020,TEB,NJ,AEA,EN,Towers with Radar,0,109,70,0,179,0,4,7,0,11,0,113,77,0,190,0,0,0,190
07/18/2020,TEB,NJ,AEA,EN,Towers with Radar,0,87,48,0,135,0,2,27,0,29,0,89,75,0,164,0,0,0,164
07/19/2020,TEB,NJ,AEA,EN,Towers with Radar,0,84,54,0,138,0,14,13,0,27,0,98,67,0,165,0,0,0,165
07/20/2020,TEB,NJ,AEA,EN,Towers with Radar,0,101,64,0,165,0,13,19,0,32,0,114,83,0,197,0,0,0,197
07/21/2020,TEB,NJ,AEA,EN,Towers with Radar,0,67,56,0,123,0,5,24,0,29,0,72,80,0,152,0,0,0,152
07/22/2020,TEB,NJ,AEA,EN,Towers with Radar,0,92,66,0,158,0,6,9,0,15,0,98,75,0,173,0,0,0,173
07/23/2020,TEB,NJ,AEA,EN,Towers with Radar,0,85,65,0,150,0,16,13,0,29,0,101,78,0,179,0,0,0,179
07/24/2020,TEB,NJ,AEA,EN,Towers with Radar,0,96,63,0,159,0,20,21,0,41,0,116,84,0,200,0,0,0,200
07/25/2020,TEB,NJ,AEA,EN,Towers with Radar,0,77,47,0,124,0,6,1,0,7,0,83,48,0,131,0,0,0,131
07/26/2020,TEB,NJ,AEA,EN,Towers with Radar,0,83,57,0,140,0,17,23,0,40,0,100,80,0,180,0,0,0,180
07/27/2020,TEB,NJ,AEA,EN,Towers with Radar,0,92,74,0,166,0,16,21,0,37,0,108,95,0,203,0,0,0,203
07/28/2020,TEB,NJ,AEA,EN,Towers with Radar,0,84,64,0,148,0,9,20,0,29,0,93,84,0,177,0,0,0,177
07/29/2020,TEB,NJ,AEA,EN,Towers with Radar,0,84,82,2,168,0,12,23,0,35,0,96,105,2,203,0,0,0,203
07/30/2020,TEB,NJ,AEA,EN,Towers with Radar,0,94,78,0,172,0,19,21,0,40,0,113,99,0,212,0,0,0,212
07/31/2020,TEB,NJ,AEA,EN,Towers with Radar,0,110,102,0,212,0,15,20,1,36,0,125,122,1,248,0,0,0,248
08/01/2020,TEB,NJ,AEA,EN,Towers with Radar,0,105,78,0,183,0,6,14,0,20,0,111,92,0,203,0,0,0,203
08/02/2020,TEB,NJ,AEA,EN,Towers with Radar,0,94,72,0,166,0,15,11,0,26,0,109,83,0,192,0,0,0,192
08/03/2020,TEB,NJ,AEA,EN,Towers with Radar,0,107,87,0,194,0,15,25,0,40,0,122,112,0,234,0,0,0,234
08/04/2020,TEB,NJ,AEA,EN,Towers with Radar,0,34,19,0,53,0,2,1,0,3,0,36,20,0,56,0,0,0,56
08/05/2020,TEB,NJ,AEA,EN,Towers with Radar,0,102,69,0,171,0,11,15,0,26,0,113,84,0,197,0,0,0,197
08/06/2020,TEB,NJ,AEA,EN,Towers with Radar,0,101,70,0,171,0,17,11,0,28,0,118,81,0,199,0,0,0,199
08/07/2020,TEB,NJ,AEA,EN,Towers with Radar,0,113,52,0,165,0,19,20,0,39,0,132,72,0,204,0,0,0,204
08/08/2020,TEB,NJ,AEA,EN,Towers with Radar,0,80,57,0,137,0,6,6,0,12,0,86,63,0,149,0,0,0,149
08/09/2020,TEB,NJ,AEA,EN,Towers with Radar,0,100,75,0,175,0,21,22,0,43,0,121,97,0,218,0,0,0,218
08/10/2020,TEB,NJ,AEA,EN,Towers with Radar,0,82,50,0,132,0,16,25,0,41,0,98,75,0,173,0,0,0,173
08/11/2020,TEB,NJ,AEA,EN,Towers with Radar,0,72,67,0,139,0,5,31,0,36,0,77,98,0,175,0,0,0,175
08/12/2020,TEB,NJ,AEA,EN,Towers with Radar,0,87,88,0,175,0,9,15,0,24,0,96,103,0,199,0,0,0,199
08/13/2020,TEB,NJ,AEA,EN,Towers with Radar,0,107,81,0,188,0,17,21,0,38,0,124,102,0,226,0,0,0,226
08/14/2020,TEB,NJ,AEA,EN,Towers with Radar,0,93,89,0,182,0,27,20,0,47,0,120,109,0,229,0,0,0,229
08/15/2020,TEB,NJ,AEA,EN,Towers with Radar,0,83,56,0,139,0,6,10,0,16,0,89,66,0,155,0,0,0,155
08/16/2020,TEB,NJ,AEA,EN,Towers with Radar,0,90,98,0,188,0,4,2,0,6,0,94,100,0,194,0,0,0,194
08/17/2020,TEB,NJ,AEA,EN,Towers with Radar,0,103,80,0,183,0,13,25,0,38,0,116,105,0,221,0,0,0,221
08/18/2020,TEB,NJ,AEA,EN,Towers with Radar,0,111,83,0,194,0,5,20,0,25,0,116,103,0,219,0,0,0,219
08/19/2020,TEB,NJ,AEA,EN,Towers with Radar,0,117,92,0,209,0,2,23,0,25,0,119,115,0,234,0,0,0,234
08/20/2020,TEB,NJ,AEA,EN,Towers with Radar,0,96,69,0,165,0,21,22,0,43,0,117,91,0,208,0,0,0,208
08/21/2020,TEB,NJ,AEA,EN,Towers with Radar,0,101,57,0,158,0,27,32,0,59,0,128,89,0,217,0,0,0,217
08/22/2020,TEB,NJ,AEA,EN,Towers with Radar,0,102,58,0,160,0,12,6,0,18,0,114,64,0,178,0,0,0,178
08/23/2020,TEB,NJ,AEA,EN,Towers with Radar,0,103,101,0,204,0,17,18,0,35,0,120,119,0,239,0,0,0,239
08/24/2020,TEB,NJ,AEA,EN,Towers with Radar,0,97,91,0,188,0,13,28,4,45,0,110,119,4,233,0,0,0,233
08/25/2020,TEB,NJ,AEA,EN,Towers with Radar,0,104,81,0,185,0,6,31,0,37,0,110,112,0,222,0,0,0,222
08/26/2020,TEB,NJ,AEA,EN,Towers with Radar,0,95,95,0,190,0,4,21,0,25,0,99,116,0,215,0,0,0,215
08/27/2020,TEB,NJ,AEA,EN,Towers with Radar,0,97,81,0,178,0,18,11,0,29,0,115,92,0,207,0,0,0,207
08/28/2020,TEB,NJ,AEA,EN,Towers with Radar,0,123,85,0,208,0,19,25,0,44,0,142,110,0,252,0,0,0,252
08/29/2020,TEB,NJ,AEA,EN,Towers with Radar,0,93,43,0,136,0,2,7,0,9,0,95,50,0,145,0,0,0,145
08/30/2020,TEB,NJ,AEA,EN,Towers with Radar,0,94,95,0,189,0,21,21,0,42,0,115,116,0,231,0,0,0,231
08/31/2020,TEB,NJ,AEA,EN,Towers with Radar,0,99,83,0,182,0,13,21,0,34,0,112,104,0,216,0,0,0,216
09/01/2020,TEB,NJ,AEA,EN,Towers with Radar,0,103,83,0,186,0,3,20,0,23,0,106,103,0,209,0,0,0,209
09/02/2020,TEB,NJ,AEA,EN,Towers with Radar,0,118,100,0,218,0,2,11,0,13,0,120,111,0,231,0,0,0,231
09/03/2020,TEB,NJ,AEA,EN,Towers with Radar,0,108,102,0,210,0,23,16,0,39,0,131,118,0,249,0,0,0,249
09/04/2020,TEB,NJ,AEA,EN,Towers with Radar,0,92,84,0,176,0,30,28,0,58,0,122,112,0,234,0,0,0,234
09/05/2020,TEB,NJ,AEA,EN,Towers with Radar,0,65,56,0,121,0,19,20,0,39,0,84,76,0,160,0,0,0,160
09/06/2020,TEB,NJ,AEA,EN,Towers with Radar,0,93,56,0,149,0,12,10,0,22,0,105,66,0,171,0,0,0,171
09/07/2020,TEB,NJ,AEA,EN,Towers with Radar,0,129,93,0,222,0,42,42,0,84,0,171,135,0,306,0,0,0,306
09/08/2020,TEB,NJ,AEA,EN,Towers with Radar,0,123,105,0,228,0,25,18,0,43,0,148,123,0,271,0,0,0,271
09/09/2020,TEB,NJ,AEA,EN,Towers with Radar,0,120,98,0,218,0,6,24,2,32,0,126,122,2,250,0,0,0,250
09/10/2020,TEB,NJ,AEA,EN,Towers with Radar,0,133,104,2,239,0,2,7,0,9,0,135,111,2,248,0,0,0,248
09/11/2020,TEB,NJ,AEA,EN,Towers with Radar,1,128,80,2,211,0,18,28,1,47,1,146,108,3,258,0,0,0,258
09/12/2020,TEB,NJ,AEA,EN,Towers with Radar,1,88,61,0,150,0,11,17,0,28,1,99,78,0,178,0,0,0,178
09/13/2020,TEB,NJ,AEA,EN,Towers with Radar,0,124,80,0,204,0,14,24,0,38,0,138,104,0,242,0,0,0,242
09/14/2020,TEB,NJ,AEA,EN,Towers with Radar,0,115,119,0,234,0,11,14,0,25,0,126,133,0,259,0,0,0,259
09/15/2020,TEB,NJ,AEA,EN,Towers with Radar,0,120,118,0,238,0,9,24,1,34,0,129,142,1,272,0,0,0,272
09/16/2020,TEB,NJ,AEA,EN,Towers with Radar,0,121,118,0,239,0,12,18,0,30,0,133,136,0,269,0,0,0,269
09/17/2020,TEB,NJ,AEA,EN,Towers with Radar,0,137,115,0,252,0,16,26,0,42,0,153,141,0,294,0,0,0,294
09/18/2020,TEB,NJ,AEA,EN,Towers with Radar,0,129,83,0,212,0,11,43,0,54,0,140,126,0,266,0,0,0,266
09/19/2020,TEB,NJ,AEA,EN,Towers with Radar,0,73,57,0,130,0,4,15,3,22,0,77,72,3,152,0,0,0,152
09/20/2020,TEB,NJ,AEA,EN,Towers with Radar,0,111,85,0,196,0,17,36,0,53,0,128,121,0,249,0,0,0,249
09/21/2020,TEB,NJ,AEA,EN,Towers with Radar,0,94,84,0,178,0,9,24,0,33,0,103,108,0,211,0,0,0,211
09/22/2020,TEB,NJ,AEA,EN,Towers with Radar,0,122,83,0,205,0,12,7,0,19,0,134,90,0,224,0,0,0,224
09/23/2020,TEB,NJ,AEA,EN,Towers with Radar,0,113,89,0,202,0,6,28,0,34,0,119,117,0,236,0,0,0,236
09/24/2020,TEB,NJ,AEA,EN,Towers with Radar,0,145,107,0,252,0,17,24,0,41,0,162,131,0,293,0,0,0,293
09/25/2020,TEB,NJ,AEA,EN,Towers with Radar,0,139,94,0,233,0,17,30,4,51,0,156,124,4,284,0,0,0,284
09/26/2020,TEB,NJ,AEA,EN,Towers with Radar,0,83,55,0,138,0,2,5,0,7,0,85,60,0,145,0,0,0,145
09/27/2020,TEB,NJ,AEA,EN,Towers with Radar,0,113,103,0,216,0,5,19,0,24,0,118,122,0,240,0,0,0,240
09/28/2020,TEB,NJ,AEA,EN,Towers with Radar,0,101,84,0,185,0,3,4,1,8,0,104,88,1,193,0,0,0,193
09/29/2020,TEB,NJ,AEA,EN,Towers with Radar,0,126,109,0,235,0,0,9,0,9,0,126,118,0,244,0,0,0,244
09/30/2020,TEB,NJ,AEA,EN,Towers with Radar,0,149,109,0,258,0,3,13,0,16,0,152,122,0,274,0,0,0,274
10/01/2020,TEB,NJ,AEA,EN,Towers with Radar,0,152,134,0,286,0,14,28,0,42,0,166,162,0,328,0,0,0,328
10/02/2020,TEB,NJ,AEA,EN,Towers with Radar,0,121,91,0,212,0,14,28,2,44,0,135,119,2,256,0,0,0,256
10/03/2020,TEB,NJ,AEA,EN,Towers with Radar,0,89,57,0,146,0,9,23,0,32,0,98,80,0,178,0,0,0,178
10/04/2020,TEB,NJ,AEA,EN,Towers with Radar,0,146,97,0,243,0,17,19,1,37,0,163,116,1,280,0,0,0,280
10/05/2020,TEB,NJ,AEA,EN,Towers with Radar,0,106,89,0,195,0,4,25,0,29,0,110,114,0,224,0,0,0,224
10/06/2020,TEB,NJ,AEA,EN,Towers with Radar,0,98,73,0,171,0,4,21,0,25,0,102,94,0,196,0,0,0,196
10/07/2020,TEB,NJ,AEA,EN,Towers with Radar,0,97,88,0,185,0,5,12,0,17,0,102,100,0,202,0,0,0,202
10/08/2020,TEB,NJ,AEA,EN,Towers with Radar,0,154,121,0,275,0,19,28,0,47,0,173,149,0,322,0,0,0,322
10/09/2020,TEB,NJ,AEA,EN,Towers with Radar,0,124,131,0,255,0,26,29,0,55,0,150,160,0,310,0,0,0,310
10/10/2020,TEB,NJ,AEA,EN,Towers with Radar,0,88,69,0,157,0,12,26,0,38,0,100,95,0,195,0,0,0,195
10/11/2020,TEB,NJ,AEA,EN,Towers with Radar,0,97,90,0,187,0,9,21,0,30,0,106,111,0,217,0,0,0,217
10/12/2020,TEB,NJ,AEA,EN,Towers with Radar,0,136,120,0,256,0,0,1,0,1,0,136,121,0,257,0,0,0,257
10/13/2020,TEB,NJ,AEA,EN,Towers with Radar,0,130,96,0,226,0,0,0,0,0,0,130,96,0,226,0,0,0,226
10/14/2020,TEB,NJ,AEA,EN,Towers with Radar,0,119,129,0,248,0,2,80,0,82,0,121,209,0,330,0,0,0,330
10/15/2020,TEB,NJ,AEA,EN,Towers with Radar,0,151,128,0,279,0,6,20,0,26,0,157,148,0,305,0,0,0,305
10/16/2020,TEB,NJ,AEA,EN,Towers with Radar,0,130,103,0,233,0,2,3,0,5,0,132,106,0,238,0,0,0,238
10/17/2020,TEB,NJ,AEA,EN,Towers with Radar,0,79,63,0,142,0,6,12,0,18,0,85,75,0,160,0,0,0,160
10/18/2020,TEB,NJ,AEA,EN,Towers with Radar,0,167,110,0,277,0,14,28,0,42,0,181,138,0,319,0,0,0,319
10/19/2020,TEB,NJ,AEA,EN,Towers with Radar,0,98,108,0,206,0,3,10,0,13,0,101,118,0,219,0,0,0,219
10/20/2020,TEB,NJ,AEA,EN,Towers with Radar,0,136,101,0,237,0,1,8,0,9,0,137,109,0,246,0,0,0,246
10/21/2020,TEB,NJ,AEA,EN,Towers with Radar,0,128,131,0,259,0,0,14,0,14,0,128,145,0,273,0,0,0,273
10/22/2020,TEB,NJ,AEA,EN,Towers with Radar,0,153,148,0,301,0,0,6,0,6,0,153,154,0,307,0,0,0,307
10/23/2020,TEB,NJ,AEA,EN,Towers with Radar,0,125,124,0,249,0,0,6,0,6,0,125,130,0,255,0,0,0,255
10/24/2020,TEB,NJ,AEA,EN,Towers with Radar,0,99,58,0,157,0,1,9,2,12,0,100,67,2,169,0,0,0,169
10/25/2020,TEB,NJ,AEA,EN,Towers with Radar,0,124,124,0,248,0,4,18,0,22,0,128,142,0,270,0,0,0,270
10/26/2020,TEB,NJ,AEA,EN,Towers with Radar,0,100,99,0,199,0,0,1,0,1,0,100,100,0,200,0,0,0,200
10/27/2020,TEB,NJ,AEA,EN,Towers with Radar,1,138,108,0,247,0,3,12,2,17,1,141,120,2,264,0,0,0,264
10/28/2020,TEB,NJ,AEA,EN,Towers with Radar,0,134,151,0,285,0,0,12,0,12,0,134,163,0,297,0,0,0,297
10/29/2020,TEB,NJ,AEA,EN,Towers with Radar,0,151,133,0,284,0,0,0,0,0,0,151,133,0,284,0,0,0,284
10/30/2020,TEB,NJ,AEA,EN,Towers with Radar,0,144,104,0,248,0,4,14,2,20,0,148,118,2,268,0,0,0,268
10/31/2020,TEB,NJ,AEA,EN,Towers with Radar,0,100,82,0,182,0,8,24,0,32,0,108,106,0,214,0,0,0,214
11/01/2020,TEB,NJ,AEA,EN,Towers with Radar,0,128,131,0,259,0,4,9,0,13,0,132,140,0,272,0,0,0,272
11/02/2020,TEB,NJ,AEA,EN,Towers with Radar,0,83,72,0,155,0,7,6,0,13,0,90,78,0,168,0,0,0,168
11/03/2020,TEB,NJ,AEA,EN,Towers with Radar,0,95,62,0,157,0,5,20,0,25,0,100,82,0,182,0,0,0,182
11/04/2020,TEB,NJ,AEA,EN,Towers with Radar,0,105,77,0,182,0,4,24,0,28,0,109,101,0,210,0,0,0,210
11/05/2020,TEB,NJ,AEA,EN,Towers with Radar,0,93,86,0,179,0,8,39,0,47,0,101,125,0,226,0,0,0,226
11/06/2020,TEB,NJ,AEA,EN,Towers with Radar,0,106,87,0,193,0,9,37,0,46,0,115,124,0,239,0,0,0,239
11/07/2020,TEB,NJ,AEA,EN,Towers with Radar,0,74,44,0,118,0,6,27,0,33,0,80,71,0,151,0,0,0,151
11/08/2020,TEB,NJ,AEA,EN,Towers with Radar,0,106,91,0,197,0,15,23,0,38,0,121,114,0,235,0,0,0,235
11/09/2020,TEB,NJ,AEA,EN,Towers with Radar,0,120,83,0,203,0,5,26,0,31,0,125,109,0,234,0,0,0,234
11/10/2020,TEB,NJ,AEA,EN,Towers with Radar,0,93,97,0,190,0,4,29,0,33,0,97,126,0,223,0,0,0,223
11/11/2020,TEB,NJ,AEA,EN,Towers with Radar,0,122,119,0,241,0,0,7,0,7,0,122,126,0,248,0,0,0,248
11/12/2020,TEB,NJ,AEA,EN,Towers with Radar,0,128,107,0,235,0,0,12,0,12,0,128,119,0,247,0,0,0,247
11/13/2020,TEB,NJ,AEA,EN,Towers with Radar,0,112,83,0,195,0,2,5,0,7,0,114,88,0,202,0,0,0,202
11/14/2020,TEB,NJ,AEA,EN,Towers with Radar,0,95,75,0,170,0,4,14,2,20,0,99,89,2,190,0,0,0,190
11/15/2020,TEB,NJ,AEA,EN,Towers with Radar,0,126,101,0,227,0,2,10,0,12,0,128,111,0,239,0,0,0,239
11/16/2020,TEB,NJ,AEA,EN,Towers with Radar,0,141,98,0,239,0,2,19,0,21,0,143,117,0,260,0,0,0,260
11/17/2020,TEB,NJ,AEA,EN,Towers with Radar,0,122,72,0,194,0,3,14,0,17,0,125,86,0,211,0,0,0,211
11/18/2020,TEB,NJ,AEA,EN,Towers with Radar,0,122,110,0,232,0,5,16,2,23,0,127,126,2,255,0,0,0,255
11/19/2020,TEB,NJ,AEA,EN,Towers with Radar,0,137,120,0,257,0,7,17,0,24,0,144,137,0,281,0,0,0,281
11/20/2020,TEB,NJ,AEA,EN,Towers with Radar,0,153,114,0,267,0,12,26,0,38,0,165,140,0,305,0,0,0,305
11/21/2020,TEB,NJ,AEA,EN,Towers with Radar,0,138,125,0,263,0,8,17,0,25,0,146,142,0,288,0,0,0,288
11/22/2020,TEB,NJ,AEA,EN,Towers with Radar,0,166,126,0,292,0,1,8,0,9,0,167,134,0,301,0,0,0,301
11/23/2020,TEB,NJ,AEA,EN,Towers with Radar,0,125,109,0,234,0,0,7,1,8,0,125,116,1,242,0,0,0,242
11/24/2020,TEB,NJ,AEA,EN,Towers with Radar,0,170,141,0,311,0,16,6,0,22,0,186,147,0,333,0,0,0,333
11/25/2020,TEB,NJ,AEA,EN,Towers with Radar,0,134,119,0,253,0,15,18,0,33,0,149,137,0,286,0,0,0,286
11/26/2020,TEB,NJ,AEA,EN,Towers with Radar,0,66,27,0,93,0,0,1,0,1,0,66,28,0,94,0,0,0,94
11/27/2020,TEB,NJ,AEA,EN,Towers with Radar,0,70,48,0,118,0,4,7,0,11,0,74,55,0,129,0,0,0,129
11/28/2020,TEB,NJ,AEA,EN,Towers with Radar,0,89,79,0,168,0,2,8,0,10,0,91,87,0,178,0,0,0,178
11/29/2020,TEB,NJ,AEA,EN,Towers with Radar,0,192,181,0,373,0,27,35,0,62,0,219,216,0,435,0,0,0,435
11/30/2020,TEB,NJ,AEA,EN,Towers with Radar,0,119,111,0,230,0,0,1,0,1,0,119,112,0,231,0,0,0,231
12/01/2020,TEB,NJ,AEA,EN,Towers with Radar,0,175,120,0,295,0,1,10,0,11,0,176,130,0,306,0,0,0,306
12/02/2020,TEB,NJ,AEA,EN,Towers with Radar,0,112,92,0,204,0,0,10,0,10,0,112,102,0,214,0,0,0,214
12/03/2020,TEB,NJ,AEA,EN,Towers with Radar,0,123,116,0,239,0,6,11,0,17,0,129,127,0,256,0,0,0,256
12/04/2020,TEB,NJ,AEA,EN,Towers with Radar,0,111,76,0,187,0,10,9,0,19,0,121,85,0,206,0,0,0,206
12/05/2020,TEB,NJ,AEA,EN,Towers with Radar,0,101,63,0,164,0,0,10,0,10,0,101,73,0,174,0,0,0,174
12/06/2020,TEB,NJ,AEA,EN,Towers with Radar,0,121,108,0,229,0,10,11,0,21,0,131,119,0,250,0,0,0,250
12/07/2020,TEB,NJ,AEA,EN,Towers with Radar,0,131,73,0,204,0,3,15,2,20,0,134,88,2,224,0,0,0,224
12/08/2020,TEB,NJ,AEA,EN,Towers with Radar,0,91,94,0,185,0,1,6,0,7,0,92,100,0,192,0,0,0,192
12/09/2020,TEB,NJ,AEA,EN,Towers with Radar,0,116,83,0,199,0,5,6,0,11,0,121,89,0,210,0,0,0,210
12/10/2020,TEB,NJ,AEA,EN,Towers with Radar,0,137,109,0,246,0,7,18,0,25,0,144,127,0,271,0,0,0,271
12/11/2020,TEB,NJ,AEA,EN,Towers with Radar,1,115,87,0,203,0,12,30,0,42,1,127,117,0,245,0,0,0,245
12/12/2020,TEB,NJ,AEA,EN,Towers with Radar,0,83,67,0,150,0,2,0,0,2,0,85,67,0,152,0,0,0,152
12/13/2020,TEB,NJ,AEA,EN,Towers with Radar,0,113,90,0,203,0,2,21,0,23,0,115,111,0,226,0,0,0,226
12/14/2020,TEB,NJ,AEA,EN,Towers with Radar,0,115,96,0,211,0,1,2,0,3,0,116,98,0,214,0,0,0,214
12/15/2020,TEB,NJ,AEA,EN,Towers with Radar,0,153,117,0,270,0,9,13,0,22,0,162,130,0,292,0,0,0,292
12/16/2020,TEB,NJ,AEA,EN,Towers with Radar,0,92,79,0,171,0,2,4,0,6,0,94,83,0,177,0,0,0,177
12/17/2020,TEB,NJ,AEA,EN,Towers with Radar,0,100,87,0,187,0,1,6,0,7,0,101,93,0,194,0,0,0,194
12/18/2020,TEB,NJ,AEA,EN,Towers with Radar,0,269,172,1,442,0,4,27,0,31,0,273,199,1,473,0,0,0,473
12/19/2020,TEB,NJ,AEA,EN,Towers with Radar,1,241,191,0,433,0,4,43,0,47,1,245,234,0,480,0,0,0,480
12/20/2020,TEB,NJ,AEA,EN,Towers with Radar,0,202,156,0,358,0,0,10,0,10,0,202,166,0,368,0,0,0,368
12/21/2020,TEB,NJ,AEA,EN,Towers with Radar,0,136,116,0,252,0,0,4,0,4,0,136,120,0,256,0,0,0,256
12/22/2020,TEB,NJ,AEA,EN,Towers with Radar,0,149,152,0,301,0,1,14,0,15,0,150,166,0,316,0,0,0,316
12/23/2020,TEB,NJ,AEA,EN,Towers with Radar,1,156,140,0,297,0,4,23,0,27,1,160,163,0,324,0,0,0,324
12/24/2020,TEB,NJ,AEA,EN,Towers with Radar,0,108,58,0,166,0,0,5,0,5,0,108,63,0,171,0,0,0,171
12/25/2020,TEB,NJ,AEA,EN,Towers with Radar,0,90,42,0,132,0,0,0,0,0,0,90,42,0,132,0,0,0,132
12/26/2020,TEB,NJ,AEA,EN,Towers with Radar,0,167,125,0,292,0,3,9,0,12,0,170,134,0,304,0,0,0,304
12/27/2020,TEB,NJ,AEA,EN,Towers with Radar,0,171,149,1,321,0,11,20,0,31,0,182,169,1,352,0,0,0,352
12/28/2020,TEB,NJ,AEA,EN,Towers with Radar,0,117,113,0,230,0,3,3,0,6,0,120,116,0,236,0,0,0,236
12/29/2020,TEB,NJ,AEA,EN,Towers with Radar,0,124,98,0,222,0,4,6,0,10,0,128,104,0,232,0,0,0,232
12/30/2020,TEB,NJ,AEA,EN,Towers with Radar,0,140,101,0,241,0,5,15,0,20,0,145,116,0,261,0,0,0,261
12/31/2020,TEB,NJ,AEA,EN,Towers with Radar,0,90,55,0,145,0,0,3,0,3,0,90,58,0,148,0,0,0,148
01/01/2021,TEB,NJ,AEA,EN,Towers with Radar,0,115,60,0,175,0,4,2,0,6,0,119,62,0,181,0,0,0,181
01/02/2021,TEB,NJ,AEA,EN,Towers with Radar,0,179,139,0,318,0,4,12,0,16,0,183,151,0,334,0,0,0,334
01/03/2021,TEB,NJ,AEA,EN,Towers with Radar,0,199,189,0,388,0,0,0,0,0,0,199,189,0,388,0,0,0,388
01/04/2021,TEB,NJ,AEA,EN,Towers with Radar,1,150,156,0,307,0,2,7,0,9,1,152,163,0,316,0,0,0,316
01/05/2021,TEB,NJ,AEA,EN,Towers with Radar,1,133,120,0,254,0,1,7,0,8,1,134,127,0,262,0,0,0,262
01/06/2021,TEB,NJ,AEA,EN,Towers with Radar,0,101,111,0,212,0,6,16,0,22,0,107,127,0,234,0,0,0,234
01/07/2021,TEB,NJ,AEA,EN,Towers with Radar,0,115,89,0,204,0,0,7,0,7,0,115,96,0,211,0,0,0,211
01/08/2021,TEB,NJ,AEA,EN,Towers with Radar,0,125,79,0,204,0,2,13,0,15,0,127,92,0,219,0,0,0,219
01/09/2021,TEB,NJ,AEA,EN,Towers with Radar,0,134,106,0,240,0,2,12,0,14,0,136,118,0,254,0,0,0,254
01/10/2021,TEB,NJ,AEA,EN,Towers with Radar,1,168,132,0,301,0,1,14,0,15,1,169,146,0,316,0,0,0,316
01/11/2021,TEB,NJ,AEA,EN,Towers with Radar,0,100,97,0,197,0,3,12,0,15,0,103,109,0,212,0,0,0,212
01/12/2021,TEB,NJ,AEA,EN,Towers with Radar,0,132,93,0,225,0,3,8,0,11,0,135,101,0,236,0,0,0,236
01/13/2021,TEB,NJ,AEA,EN,Towers with Radar,0,131,86,0,217,0,2,13,0,15,0,133,99,0,232,0,0,0,232
01/14/2021,TEB,NJ,AEA,EN,Towers with Radar,0,158,130,0,288,0,8,4,0,12,0,166,134,0,300,0,0,0,300
01/15/2021,TEB,NJ,AEA,EN,Towers with Radar,0,142,108,0,250,0,1,1,0,2,0,143,109,0,252,0,0,0,252
01/16/2021,TEB,NJ,AEA,EN,Towers with Radar,0,108,59,0,167,0,0,1,0,1,0,108,60,0,168,0,0,0,168
01/17/2021,TEB,NJ,AEA,EN,Towers with Radar,0,117,91,0,208,0,2,8,0,10,0,119,99,0,218,0,0,0,218
01/18/2021,TEB,NJ,AEA,EN,Towers with Radar,0,162,91,0,253,0,4,5,0,9,0,166,96,0,262,0,0,0,262
01/19/2021,TEB,NJ,AEA,EN,Towers with Radar,0,132,75,2,209,0,9,17,0,26,0,141,92,2,235,0,0,0,235
01/20/2021,TEB,NJ,AEA,EN,Towers with Radar,0,159,94,0,253,0,2,7,0,9,0,161,101,0,262,0,0,0,262
01/21/2021,TEB,NJ,AEA,EN,Towers with Radar,0,169,109,0,278,0,6,20,0,26,0,175,129,0,304,0,0,0,304
01/22/2021,TEB,NJ,AEA,EN,Towers with Radar,0,142,88,0,230,0,4,12,0,16,0,146,100,0,246,0,0,0,246
01/23/2021,TEB,NJ,AEA,EN,Towers with Radar,0,100,62,0,162,0,5,3,0,8,0,105,65,0,170,0,0,0,170
01/24/2021,TEB,NJ,AEA,EN,Towers with Radar,0,118,108,0,226,0,4,17,0,21,0,122,125,0,247,0,0,0,247
01/25/2021,TEB,NJ,AEA,EN,Towers with Radar,0,118,109,0,227,0,3,12,0,15,0,121,121,0,242,0,0,0,242
01/26/2021,TEB,NJ,AEA,EN,Towers with Radar,0,112,90,0,202,0,0,1,0,1,0,112,91,0,203,0,0,0,203
01/27/2021,TEB,NJ,AEA,EN,Towers with Radar,0,149,91,0,240,0,1,7,0,8,0,150,98,0,248,0,0,0,248
01/28/2021,TEB,NJ,AEA,EN,Towers with Radar,0,150,108,1,259,0,1,10,1,12,0,151,118,2,271,0,0,0,271
01/29/2021,TEB,NJ,AEA,EN,Towers with Radar,0,103,84,0,187,0,3,13,0,16,0,106,97,0,203,0,0,0,203
01/30/2021,TEB,NJ,AEA,EN,Towers with Radar,0,131,78,0,209,0,10,16,0,26,0,141,94,0,235,0,0,0,235
01/31/2021,TEB,NJ,AEA,EN,Towers with Radar,0,169,130,0,299,0,5,8,0,13,0,174,138,0,312,0,0,0,312
02/01/2021,TEB,NJ,AEA,EN,Towers with Radar,0,7,0,0,7,0,0,0,0,0,0,7,0,0,7,0,0,0,7
02/02/2021,TEB,NJ,AEA,EN,Towers with Radar,0,58,57,0,115,0,0,0,0,0,0,58,57,0,115,0,0,0,115
02/03/2021,TEB,NJ,AEA,EN,Towers with Radar,0,148,130,0,278,0,0,16,2,18,0,148,146,2,296,0,0,0,296
02/04/2021,TEB,NJ,AEA,EN,Towers with Radar,0,154,112,0,266,0,3,13,0,16,0,157,125,0,282,0,0,0,282
02/05/2021,TEB,NJ,AEA,EN,Towers with Radar,0,126,72,0,198,0,3,2,0,5,0,129,74,0,203,0,0,0,203
02/06/2021,TEB,NJ,AEA,EN,Towers with Radar,0,115,59,1,175,0,7,17,0,24,0,122,76,1,199,0,0,0,199
02/07/2021,TEB,NJ,AEA,EN,Towers with Radar,0,107,41,0,148,0,0,1,0,1,0,107,42,0,149,0,0,0,149
02/08/2021,TEB,NJ,AEA,EN,Towers with Radar,0,115,139,0,254,0,12,17,0,29,0,127,156,0,283,0,0,0,283
02/09/2021,TEB,NJ,AEA,EN,Towers with Radar,0,115,75,0,190,0,1,0,0,1,0,116,75,0,191,0,0,0,191
02/10/2021,TEB,NJ,AEA,EN,Towers with Radar,0,165,110,0,275,0,4,19,1,24,0,169,129,1,299,0,0,0,299
02/11/2021,TEB,NJ,AEA,EN,Towers with Radar,1,201,152,0,354,0,5,5,0,10,1,206,157,0,364,0,0,0,364
02/12/2021,TEB,NJ,AEA,EN,Towers with Radar,0,181,145,1,327,0,6,15,2,23,0,187,160,3,350,0,0,0,350
02/13/2021,TEB,NJ,AEA,EN,Towers with Radar,0,117,87,0,204,0,4,8,0,12,0,121,95,0,216,0,0,0,216
02/14/2021,TEB,NJ,AEA,EN,Towers with Radar,0,135,87,0,222,0,3,1,0,4,0,138,88,0,226,0,0,0,226
02/15/2021,TEB,NJ,AEA,EN,Towers with Radar,0,141,115,0,256,0,1,2,0,3,0,142,117,0,259,0,0,0,259
02/16/2021,TEB,NJ,AEA,EN,Towers with Radar,0,144,130,0,274,0,1,13,0,14,0,145,143,0,288,0,0,0,288
02/17/2021,TEB,NJ,AEA,EN,Towers with Radar,0,188,122,0,310,0,5,15,0,20,0,193,137,0,330,0,0,0,330
02/18/2021,TEB,NJ,AEA,EN,Towers with Radar,0,67,51,0,118,0,2,0,0,2,0,69,51,0,120,0,0,0,120
02/19/2021,TEB,NJ,AEA,EN,Towers with Radar,0,134,104,0,238,0,0,0,0,0,0,134,104,0,238,0,0,0,238
02/20/2021,TEB,NJ,AEA,EN,Towers with Radar,0,146,118,0,264,0,2,11,0,13,0,148,129,0,277,0,0,0,277
02/21/2021,TEB,NJ,AEA,EN,Towers with Radar,0,169,151,0,320,0,4,16,0,20,0,173,167,0,340,0,0,0,340
02/22/2021,TEB,NJ,AEA,EN,Towers with Radar,0,124,91,0,215,0,1,1,0,2,0,125,92,0,217,0,0,0,217
02/23/2021,TEB,NJ,AEA,EN,Towers with Radar,0,167,98,0,265,0,4,17,0,21,0,171,115,0,286,0,0,0,286
02/24/2021,TEB,NJ,AEA,EN,Towers with Radar,1,185,113,1,300,0,6,14,0,20,1,191,127,1,320,0,0,0,320
02/25/2021,TEB,NJ,AEA,EN,Towers with Radar,2,150,139,0,291,0,6,9,0,15,2,156,148,0,306,0,0,0,306
02/26/2021,TEB,NJ,AEA,EN,Towers with Radar,0,157,119,0,276,0,5,21,1,27,0,162,140,1,303,0,0,0,303
02/27/2021,TEB,NJ,AEA,EN,Towers with Radar,0,133,90,0,223,0,1,1,0,2,0,134,91,0,225,0,0,0,225
02/28/2021,TEB,NJ,AEA,EN,Towers with Radar,0,188,138,0,326,0,1,9,0,10,0,189,147,0,336,0,0,0,336
03/01/2021,TEB,NJ,AEA,EN,Towers with Radar,0,125,91,0,216,0,1,5,2,8,0,126,96,2,224,0,0,0,224
03/02/2021,TEB,NJ,AEA,EN,Towers with Radar,0,117,93,1,211,0,4,14,1,19,0,121,107,2,230,0,0,0,230
03/03/2021,TEB,NJ,AEA,EN,Towers with Radar,0,163,129,0,292,0,10,17,0,27,0,173,146,0,319,0,0,0,319
03/04/2021,TEB,NJ,AEA,EN,Towers with Radar,0,177,118,0,295,0,4,20,4,28,0,181,138,4,323,0,0,0,323
03/05/2021,TEB,NJ,AEA,EN,Towers with Radar,0,171,117,0,288,0,9,16,0,25,0,180,133,0,313,0,0,0,313
03/06/2021,TEB,NJ,AEA,EN,Towers with Radar,0,102,78,0,180,0,3,7,0,10,0,105,85,0,190,0,0,0,190
03/07/2021,TEB,NJ,AEA,EN,Towers with Radar,0,156,135,0,291,0,3,14,0,17,0,159,149,0,308,0,0,0,308
03/08/2021,TEB,NJ,AEA,EN,Towers with Radar,0,136,87,0,223,0,1,13,1,15,0,137,100,1,238,0,0,0,238
03/09/2021,TEB,NJ,AEA,EN,Towers with Radar,0,114,107,2,223,0,6,11,2,19,0,120,118,4,242,0,0,0,242
03/10/2021,TEB,NJ,AEA,EN,Towers with Radar,0,133,134,0,267,0,4,18,1,23,0,137,152,1,290,0,0,0,290
03/11/2021,TEB,NJ,AEA,EN,Towers with Radar,0,147,136,2,285,0,0,17,0,17,0,147,153,2,302,0,0,0,302
03/12/2021,TEB,NJ,AEA,EN,Towers with Radar,0,160,131,0,291,0,7,23,0,30,0,167,154,0,321,0,0,0,321
03/13/2021,TEB,NJ,AEA,EN,Towers with Radar,0,128,87,0,215,0,4,13,0,17,0,132,100,0,232,0,0,0,232
03/14/2021,TEB,NJ,AEA,EN,Towers with Radar,0,127,117,0,244,0,3,7,0,10,0,130,124,0,254,0,0,0,254
03/15/2021,TEB,NJ,AEA,EN,Towers with Radar,0,136,108,0,244,0,3,12,0,15,0,139,120,0,259,0,0,0,259
03/16/2021,TEB,NJ,AEA,EN,Towers with Radar,1,151,107,0,259,0,3,9,0,12,1,154,116,0,271,0,0,0,271
03/17/2021,TEB,NJ,AEA,EN,Towers with Radar,0,169,149,0,318,0,4,16,0,20,0,173,165,0,338,0,0,0,338
03/18/2021,TEB,NJ,AEA,EN,Towers with Radar,0,202,156,0,358,0,0,0,0,0,0,202,156,0,358,0,0,0,358
03/19/2021,TEB,NJ,AEA,EN,Towers with Radar,0,251,200,0,451,0,12,18,0,30,0,263,218,0,481,0,0,0,481
03/20/2021,TEB,NJ,AEA,EN,Towers with Radar,0,230,181,0,411,0,4,14,0,18,0,234,195,0,429,0,0,0,429
03/21/2021,TEB,NJ,AEA,EN,Towers with Radar,0,190,178,0,368,0,7,22,0,29,0,197,200,0,397,0,0,0,397
03/22/2021,TEB,NJ,AEA,EN,Towers with Radar,1,155,118,0,274,0,1,12,2,15,1,156,130,2,289,0,0,0,289
03/23/2021,TEB,NJ,AEA,EN,Towers with Radar,0,146,121,0,267,0,3,8,0,11,0,149,129,0,278,0,0,0,278
03/24/2021,TEB,NJ,AEA,EN,Towers with Radar,0,174,159,0,333,0,0,17,0,17,0,174,176,0,350,0,0,0,350
03/25/2021,TEB,NJ,AEA,EN,Towers with Radar,2,231,171,0,404,0,1,6,0,7,2,232,177,0,411,0,0,0,411
03/26/2021,TEB,NJ,AEA,EN,Towers with Radar,0,226,196,0,422,0,0,17,0,17,0,226,213,0,439,0,0,0,439
03/27/2021,TEB,NJ,AEA,EN,Towers with Radar,0,226,135,0,361,0,9,13,0,22,0,235,148,0,383,0,0,0,383
03/28/2021,TEB,NJ,AEA,EN,Towers with Radar,0,250,153,0,403,0,1,1,0,2,0,251,154,0,405,0,0,0,405
03/29/2021,TEB,NJ,AEA,EN,Towers with Radar,0,175,137,0,312,0,2,14,0,16,0,177,151,0,328,0,0,0,328
03/30/2021,TEB,NJ,AEA,EN,Towers with Radar,0,183,132,0,315,0,8,12,0,20,0,191,144,0,335,0,0,0,335
03/31/2021,TEB,NJ,AEA,EN,Towers with Radar,0,189,139,0,328,0,3,3,0,6,0,192,142,0,334,0,0,0,334
04/01/2021,TEB,NJ,AEA,EN,Towers with Radar,0,189,173,0,362,0,6,4,0,10,0,195,177,0,372,0,0,0,372
04/02/2021,TEB,NJ,AEA,EN,Towers with Radar,0,183,144,0,327,0,12,23,4,39,0,195,167,4,366,0,0,0,366
04/03/2021,TEB,NJ,AEA,EN,Towers with Radar,0,251,153,0,404,0,7,17,2,26,0,258,170,2,430,0,0,0,430
04/04/2021,TEB,NJ,AEA,EN,Towers with Radar,0,254,174,0,428,0,5,19,0,24,0,259,193,0,452,0,0,0,452
04/05/2021,TEB,NJ,AEA,EN,Towers with Radar,0,288,220,0,508,0,6,15,0,21,0,294,235,0,529,0,0,0,529
04/06/2021,TEB,NJ,AEA,EN,Towers with Radar,0,202,137,0,339,0,6,22,0,28,0,208,159,0,367,0,0,0,367
04/07/2021,TEB,NJ,AEA,EN,Towers with Radar,0,188,142,0,330,0,10,18,0,28,0,198,160,0,358,0,0,0,358
04/08/2021,TEB,NJ,AEA,EN,Towers with Radar,0,212,159,0,371,0,8,21,0,29,0,220,180,0,400,0,0,0,400
04/09/2021,TEB,NJ,AEA,EN,Towers with Radar,0,153,155,0,308,0,5,41,0,46,0,158,196,0,354,0,0,0,354
04/10/2021,TEB,NJ,AEA,EN,Towers with Radar,0,149,107,0,256,0,2,7,0,9,0,151,114,0,265,0,0,0,265
04/11/2021,TEB,NJ,AEA,EN,Towers with Radar,0,203,147,0,350,0,0,0,0,0,0,203,147,0,350,0,0,0,350
04/12/2021,TEB,NJ,AEA,EN,Towers with Radar,0,192,166,0,358,0,1,3,0,4,0,193,169,0,362,0,0,0,362
04/13/2021,TEB,NJ,AEA,EN,Towers with Radar,0,157,153,0,310,0,3,13,0,16,0,160,166,0,326,0,0,0,326
04/14/2021,TEB,NJ,AEA,EN,Towers with Radar,0,172,140,0,312,0,6,18,0,24,0,178,158,0,336,0,0,0,336
04/15/2021,TEB,NJ,AEA,EN,Towers with Radar,0,201,162,0,363,0,0,0,0,0,0,201,162,0,363,0,0,0,363
04/16/2021,TEB,NJ,AEA,EN,Towers with Radar,0,185,144,0,329,0,3,19,0,22,0,188,163,0,351,0,0,0,351
04/17/2021,TEB,NJ,AEA,EN,Towers with Radar,0,128,83,0,211,0,2,18,0,20,0,130,101,0,231,0,0,0,231
04/18/2021,TEB,NJ,AEA,EN,Towers with Radar,0,220,158,0,378,0,8,26,0,34,0,228,184,0,412,0,0,0,412
04/19/2021,TEB,NJ,AEA,EN,Towers with Radar,0,137,146,0,283,0,7,19,0,26,0,144,165,0,309,0,0,0,309
04/20/2021,TEB,NJ,AEA,EN,Towers with Radar,0,175,129,0,304,0,11,20,0,31,0,186,149,0,335,0,0,0,335
04/21/2021,TEB,NJ,AEA,EN,Towers with Radar,0,176,134,0,310,0,8,8,0,16,0,184,142,0,326,0,0,0,326
04/22/2021,TEB,NJ,AEA,EN,Towers with Radar,0,224,164,0,388,0,10,15,0,25,0,234,179,0,413,0,0,0,413
04/23/2021,TEB,NJ,AEA,EN,Towers with Radar,0,171,117,0,288,0,19,24,0,43,0,190,141,0,331,0,0,0,331
04/24/2021,TEB,NJ,AEA,EN,Towers with Radar,0,120,91,0,211,0,7,21,0,28,0,127,112,0,239,0,0,0,239
04/25/2021,TEB,NJ,AEA,EN,Towers with Radar,0,222,161,0,383,0,9,18,0,27,0,231,179,0,410,0,0,0,410
04/26/2021,TEB,NJ,AEA,EN,Towers with Radar,0,196,149,0,345,0,3,5,0,8,0,199,154,0,353,0,0,0,353
04/27/2021,TEB,NJ,AEA,EN,Towers with Radar,2,192,129,0,323,0,14,12,0,26,2,206,141,0,349,0,0,0,349
04/28/2021,TEB,NJ,AEA,EN,Towers with Radar,0,224,177,0,401,0,9,42,0,51,0,233,219,0,452,0,0,0,452
04/29/2021,TEB,NJ,AEA,EN,Towers with Radar,0,220,209,0,429,0,5,15,0,20,0,225,224,0,449,0,0,0,449
04/30/2021,TEB,NJ,AEA,EN,Towers with Radar,0,152,109,0,261,0,17,15,0,32,0,169,124,0,293,0,0,0,293
05/01/2021,TEB,NJ,AEA,EN,Towers with Radar,0,128,127,0,255,0,1,17,2,20,0,129,144,2,275,0,0,0,275
05/02/2021,TEB,NJ,AEA,EN,Towers with Radar,0,231,175,0,406,0,12,31,2,45,0,243,206,2,451,0,0,0,451
05/03/2021,TEB,NJ,AEA,EN,Towers with Radar,0,167,164,0,331,0,8,11,2,21,0,175,175,2,352,0,0,0,352
05/04/2021,TEB,NJ,AEA,EN,Towers with Radar,0,189,166,1,356,0,0,5,1,6,0,189,171,2,362,0,0,0,362
05/05/2021,TEB,NJ,AEA,EN,Towers with Radar,0,201,163,0,364,0,0,0,0,0,0,201,163,0,364,0,0,0,364
05/06/2021,TEB,NJ,AEA,EN,Towers with Radar,0,203,181,0,384,0,13,38,3,54,0,216,219,3,438,0,0,0,438
05/07/2021,TEB,NJ,AEA,EN,Towers with Radar,0,203,161,0,364,0,17,30,0,47,0,220,191,0,411,0,0,0,411
05/08/2021,TEB,NJ,AEA,EN,Towers with Radar,0,146,104,0,250,0,2,11,0,13,0,148,115,0,263,0,0,0,263
05/09/2021,TEB,NJ,AEA,EN,Towers with Radar,0,197,179,0,376,0,8,22,0,30,0,205,201,0,406,0,0,0,406
05/10/2021,TEB,NJ,AEA,EN,Towers with Radar,0,172,160,0,332,0,3,8,0,11,0,175,168,0,343,0,0,0,343
05/11/2021,TEB,NJ,AEA,EN,Towers with Radar,0,183,165,0,348,0,4,23,0,27,0,187,188,0,375,0,0,0,375
05/12/2021,TEB,NJ,AEA,EN,Towers with Radar,0,227,167,0,394,0,5,33,0,38,0,232,200,0,432,0,0,0,432
05/13/2021,TEB,NJ,AEA,EN,Towers with Radar,0,214,200,0,414,0,7,45,0,52,0,221,245,0,466,0,0,0,466
05/14/2021,TEB,NJ,AEA,EN,Towers with Radar,0,210,152,0,362,0,11,49,0,60,0,221,201,0,422,0,0,0,422
05/15/2021,TEB,NJ,AEA,EN,Towers with Radar,0,143,105,0,248,0,8,36,0,44,0,151,141,0,292,0,0,0,292
05/16/2021,TEB,NJ,AEA,EN,Towers with Radar,0,170,167,0,337,0,8,31,0,39,0,178,198,0,376,0,0,0,376
05/17/2021,TEB,NJ,AEA,EN,Towers with Radar,0,195,138,0,333,0,6,35,0,41,0,201,173,0,374,0,0,0,374
05/18/2021,TEB,NJ,AEA,EN,Towers with Radar,0,186,136,0,322,0,8,20,0,28,0,194,156,0,350,0,0,0,350
05/19/2021,TEB,NJ,AEA,EN,Towers with Radar,0,217,188,0,405,0,8,38,0,46,0,225,226,0,451,0,0,0,451
05/20/2021,TEB,NJ,AEA,EN,Towers with Radar,0,195,222,0,417,0,12,37,0,49,0,207,259,0,466,0,0,0,466
05/21/2021,TEB,NJ,AEA,EN,Towers with Radar,0,195,138,0,333,0,14,25,0,39,0,209,163,0,372,0,0,0,372
05/22/2021,TEB,NJ,AEA,EN,Towers with Radar,0,130,105,0,235,0,9,20,0,29,0,139,125,0,264,0,0,0,264
05/23/2021,TEB,NJ,AEA,EN,Towers with Radar,0,185,150,0,335,0,18,39,0,57,0,203,189,0,392,0,0,0,392
05/24/2021,TEB,NJ,AEA,EN,Towers with Radar,0,200,161,2,363,0,5,23,0,28,0,205,184,2,391,0,0,0,391
05/25/2021,TEB,NJ,AEA,EN,Towers with Radar,0,202,153,0,355,0,7,24,0,31,0,209,177,0,386,0,0,0,386
05/26/2021,TEB,NJ,AEA,EN,Towers with Radar,0,229,195,0,424,0,6,21,0,27,0,235,216,0,451,0,0,0,451
05/27/2021,TEB,NJ,AEA,EN,Towers with Radar,0,268,177,0,445,0,34,38,0,72,0,302,215,0,517,0,0,0,517
05/28/2021,TEB,NJ,AEA,EN,Towers with Radar,2,225,175,0,402,0,23,23,1,47,2,248,198,1,449,0,0,0,449
05/29/2021,TEB,NJ,AEA,EN,Towers with Radar,0,137,89,1,227,0,0,1,0,1,0,137,90,1,228,0,0,0,228
05/30/2021,TEB,NJ,AEA,EN,Towers with Radar,0,128,73,0,201,0,0,0,0,0,0,128,73,0,201,0,0,0,201
05/31/2021,TEB,NJ,AEA,EN,Towers with Radar,2,263,195,0,460,0,24,35,0,59,2,287,230,0,519,0,0,0,519
06/01/2021,TEB,NJ,AEA,EN,Towers with Radar,0,223,175,0,398,0,25,35,1,61,0,248,210,1,459,0,0,0,459
06/02/2021,TEB,NJ,AEA,EN,Towers with Radar,0,197,179,0,376,0,8,17,0,25,0,205,196,0,401,0,0,0,401
06/03/2021,TEB,NJ,AEA,EN,Towers with Radar,0,220,209,0,429,0,0,9,0,9,0,220,218,0,438,0,0,0,438
06/04/2021,TEB,NJ,AEA,EN,Towers with Radar,1,192,162,0,355,0,11,26,0,37,1,203,188,0,392,0,0,0,392
06/05/2021,TEB,NJ,AEA,EN,Towers with Radar,0,147,95,0,242,0,12,22,1,35,0,159,117,1,277,0,0,0,277
06/06/2021,TEB,NJ,AEA,EN,Towers with Radar,0,182,176,0,358,0,23,33,1,57,0,205,209,1,415,0,0,0,415
06/07/2021,TEB,NJ,AEA,EN,Towers with Radar,1,202,157,0,360,0,20,24,1,45,1,222,181,1,405,0,0,0,405
06/08/2021,TEB,NJ,AEA,EN,Towers with Radar,0,175,155,0,330,0,3,14,0,17,0,178,169,0,347,0,0,0,347
06/09/2021,TEB,NJ,AEA,EN,Towers with Radar,0,184,157,1,342,0,11,24,0,35,0,195,181,1,377,0,0,0,377
06/10/2021,TEB,NJ,AEA,EN,Towers with Radar,0,246,211,0,457,0,19,38,0,57,0,265,249,0,514,0,0,0,514
06/11/2021,TEB,NJ,AEA,EN,Towers with Radar,0,225,174,0,399,0,32,37,0,69,0,257,211,0,468,0,0,0,468
06/12/2021,TEB,NJ,AEA,EN,Towers with Radar,0,157,121,0,278,0,6,7,0,13,0,163,128,0,291,0,0,0,291
06/13/2021,TEB,NJ,AEA,EN,Towers with Radar,0,195,186,0,381,0,20,23,0,43,0,215,209,0,424,0,0,0,424
06/14/2021,TEB,NJ,AEA,EN,Towers with Radar,0,203,155,0,358,0,0,20,0,20,0,203,175,0,378,0,0,0,378
06/15/2021,TEB,NJ,AEA,EN,Towers with Radar,0,185,168,1,354,0,10,19,0,29,0,195,187,1,383,0,0,0,383
06/16/2021,TEB,NJ,AEA,EN,Towers with Radar,1,218,182,0,401,0,20,53,3,76,1,238,235,3,477,0,0,0,477
06/17/2021,TEB,NJ,AEA,EN,Towers with Radar,0,257,197,0,454,0,28,32,0,60,0,285,229,0,514,0,0,0,514
06/18/2021,TEB,NJ,AEA,EN,Towers with Radar,0,197,177,0,374,0,25,96,0,121,0,222,273,0,495,0,0,0,495
06/19/2021,TEB,NJ,AEA,EN,Towers with Radar,0,111,100,1,212,0,11,52,0,63,0,122,152,1,275,0,0,0,275
06/20/2021,TEB,NJ,AEA,EN,Towers with Radar,0,193,188,0,381,0,27,120,0,147,0,220,308,0,528,0,0,0,528
06/21/2021,TEB,NJ,AEA,EN,Towers with Radar,0,166,158,0,324,0,7,26,0,33,0,173,184,0,357,0,0,0,357
06/22/2021,TEB,NJ,AEA,EN,Towers with Radar,0,169,171,0,340,0,8,51,0,59,0,177,222,0,399,0,0,0,399
06/23/2021,TEB,NJ,AEA,EN,Towers with Radar,0,227,202,0,429,0,21,71,0,92,0,248,273,0,521,0,0,0,521
06/24/2021,TEB,NJ,AEA,EN,Towers with Radar,0,244,210,0,454,0,30,100,0,130,0,274,310,0,584,0,0,0,584
06/25/2021,TEB,NJ,AEA,EN,Towers with Radar,0,241,165,0,406,0,21,78,1,100,0,262,243,1,506,0,0,0,506
06/26/2021,TEB,NJ,AEA,EN,Towers with Radar,1,187,164,0,352,0,5,65,0,70,1,192,229,0,422,0,0,0,422
06/27/2021,TEB,NJ,AEA,EN,Towers with Radar,0,201,204,0,405,0,24,95,0,119,0,225,299,0,524,0,0,0,524
06/28/2021,TEB,NJ,AEA,EN,Towers with Radar,0,205,164,0,369,0,19,114,2,135,0,224,278,2,504,0,0,0,504
06/29/2021,TEB,NJ,AEA,EN,Towers with Radar,0,184,167,0,351,0,13,77,4,94,0,197,244,4,445,0,0,0,445
06/30/2021,TEB,NJ,AEA,EN,Towers with Radar,0,214,165,0,379,0,15,46,0,61,0,229,211,0,440,0,0,0,440
07/01/2021,TEB,NJ,AEA,EN,Towers with Radar,0,218,220,0,438,0,19,18,0,37,0,237,238,0,475,0,0,0,475
07/02/2021,TEB,NJ,AEA,EN,Towers with Radar,0,181,124,2,307,0,1,22,3,26,0,182,146,5,333,0,0,0,333
07/03/2021,TEB,NJ,AEA,EN,Towers with Radar,0,114,89,1,204,0,1,30,0,31,0,115,119,1,235,0,0,0,235
07/04/2021,TEB,NJ,AEA,EN,Towers with Radar,0,101,55,1,157,0,4,119,0,123,0,105,174,1,280,0,0,0,280
07/05/2021,TEB,NJ,AEA,EN,Towers with Radar,1,198,137,0,336,0,25,106,0,131,1,223,243,0,467,0,0,0,467
07/06/2021,TEB,NJ,AEA,EN,Towers with Radar,0,153,150,0,303,0,20,28,0,48,0,173,178,0,351,0,0,0,351
07/07/2021,TEB,NJ,AEA,EN,Towers with Radar,0,172,152,0,324,0,6,81,0,87,0,178,233,0,411,0,0,0,411
07/08/2021,TEB,NJ,AEA,EN,Towers with Radar,0,165,137,0,302,0,3,14,0,17,0,168,151,0,319,0,0,0,319
07/09/2021,TEB,NJ,AEA,EN,Towers with Radar,0,179,123,0,302,0,14,69,0,83,0,193,192,0,385,0,0,0,385
07/10/2021,TEB,NJ,AEA,EN,Towers with Radar,0,180,111,0,291,0,8,90,0,98,0,188,201,0,389,0,0,0,389
07/11/2021,TEB,NJ,AEA,EN,Towers with Radar,0,217,180,0,397,0,10,119,0,129,0,227,299,0,526,0,0,0,526
07/12/2021,TEB,NJ,AEA,EN,Towers with Radar,0,204,182,0,386,0,0,13,0,13,0,204,195,0,399,0,0,0,399
07/13/2021,TEB,NJ,AEA,EN,Towers with Radar,0,212,186,0,398,0,0,7,0,7,0,212,193,0,405,0,0,0,405
07/14/2021,TEB,NJ,AEA,EN,Towers with Radar,0,206,199,0,405,0,3,29,0,32,0,209,228,0,437,0,0,0,437
07/15/2021,TEB,NJ,AEA,EN,Towers with Radar,0,245,213,0,458,0,33,27,0,60,0,278,240,0,518,0,0,0,518
07/16/2021,TEB,NJ,AEA,EN,Towers with Radar,0,200,158,0,358,0,37,49,0,86,0,237,207,0,444,0,0,0,444
07/17/2021,TEB,NJ,AEA,EN,Towers with Radar,0,113,104,0,217,0,5,40,0,45,0,118,144,0,262,0,0,0,262
07/18/2021,TEB,NJ,AEA,EN,Towers with Radar,0,208,174,0,382,0,21,22,0,43,0,229,196,0,425,0,0,0,425
07/19/2021,TEB,NJ,AEA,EN,Towers with Radar,0,234,162,0,396,0,11,41,0,52,0,245,203,0,448,0,0,0,448
07/20/2021,TEB,NJ,AEA,EN,Towers with Radar,0,255,161,0,416,0,8,31,0,39,0,263,192,0,455,0,0,0,455
07/21/2021,TEB,NJ,AEA,EN,Towers with Radar,0,224,172,0,396,0,4,34,0,38,0,228,206,0,434,0,0,0,434
07/22/2021,TEB,NJ,AEA,EN,Towers with Radar,0,235,213,0,448,0,32,59,2,93,0,267,272,2,541,0,0,0,541
07/23/2021,TEB,NJ,AEA,EN,Towers with Radar,0,208,152,0,360,0,46,61,0,107,0,254,213,0,467,0,0,0,467
07/24/2021,TEB,NJ,AEA,EN,Towers with Radar,0,142,85,0,227,0,9,26,0,35,0,151,111,0,262,0,0,0,262
07/25/2021,TEB,NJ,AEA,EN,Towers with Radar,0,235,165,1,401,0,7,25,1,33,0,242,190,2,434,0,0,0,434
07/26/2021,TEB,NJ,AEA,EN,Towers with Radar,0,194,159,0,353,0,22,23,2,47,0,216,182,2,400,0,0,0,400
07/27/2021,TEB,NJ,AEA,EN,Towers with Radar,0,186,179,0,365,0,15,33,1,49,0,201,212,1,414,0,0,0,414
07/28/2021,TEB,NJ,AEA,EN,Towers with Radar,0,226,177,0,403,0,5,49,0,54,0,231,226,0,457,0,0,0,457
07/29/2021,TEB,NJ,AEA,EN,Towers with Radar,0,208,198,0,406,0,10,16,2,28,0,218,214,2,434,0,0,0,434
07/30/2021,TEB,NJ,AEA,EN,Towers with Radar,0,204,172,0,376,0,25,56,0,81,0,229,228,0,457,0,0,0,457
07/31/2021,TEB,NJ,AEA,EN,Towers with Radar,0,181,116,0,297,0,17,35,1,53,0,198,151,1,350,0,0,0,350
08/01/2021,TEB,NJ,AEA,EN,Towers with Radar,1,174,186,1,362,0,21,41,0,62,1,195,227,1,424,0,0,0,424
08/02/2021,TEB,NJ,AEA,EN,Towers with Radar,0,188,150,1,339,0,26,46,0,72,0,214,196,1,411,0,0,0,411
08/03/2021,TEB,NJ,AEA,EN,Towers with Radar,0,186,149,0,335,0,14,35,6,55,0,200,184,6,390,0,0,0,390
08/04/2021,TEB,NJ,AEA,EN,Towers with Radar,0,182,200,0,382,0,32,44,1,77,0,214,244,1,459,0,0,0,459
08/05/2021,TEB,NJ,AEA,EN,Towers with Radar,0,219,208,2,429,0,15,38,0,53,0,234,246,2,482,0,0,0,482
08/06/2021,TEB,NJ,AEA,EN,Towers with Radar,0,167,162,0,329,0,33,33,2,68,0,200,195,2,397,0,0,0,397
08/07/2021,TEB,NJ,AEA,EN,Towers with Radar,0,60,47,2,109,0,4,21,0,25,0,64,68,2,134,0,0,0,134
08/08/2021,TEB,NJ,AEA,EN,Towers with Radar,0,145,154,0,299,0,17,33,0,50,0,162,187,0,349,0,0,0,349
08/09/2021,TEB,NJ,AEA,EN,Towers with Radar,1,222,157,0,380,0,5,25,0,30,1,227,182,0,410,0,0,0,410
08/10/2021,TEB,NJ,AEA,EN,Towers with Radar,0,218,159,0,377,0,2,19,2,23,0,220,178,2,400,0,0,0,400
08/11/2021,TEB,NJ,AEA,EN,Towers with Radar,0,204,157,0,361,0,9,27,0,36,0,213,184,0,397,0,0,0,397
08/12/2021,TEB,NJ,AEA,EN,Towers with Radar,0,238,201,0,439,0,29,53,1,83,0,267,254,1,522,0,0,0,522
08/13/2021,TEB,NJ,AEA,EN,Towers with Radar,0,173,146,0,319,0,30,34,0,64,0,203,180,0,383,0,0,0,383
08/14/2021,TEB,NJ,AEA,EN,Towers with Radar,0,135,98,0,233,0,12,30,1,43,0,147,128,1,276,0,0,0,276
08/15/2021,TEB,NJ,AEA,EN,Towers with Radar,0,194,178,0,372,0,32,46,1,79,0,226,224,1,451,0,0,0,451
08/16/2021,TEB,NJ,AEA,EN,Towers with Radar,0,189,166,2,357,0,21,28,0,49,0,210,194,2,406,0,0,0,406
08/17/2021,TEB,NJ,AEA,EN,Towers with Radar,0,187,175,0,362,0,5,33,0,38,0,192,208,0,400,0,0,0,400
08/18/2021,TEB,NJ,AEA,EN,Towers with Radar,0,206,176,0,382,0,8,24,0,32,0,214,200,0,414,0,0,0,414
08/19/2021,TEB,NJ,AEA,EN,Towers with Radar,1,229,172,0,402,0,21,24,0,45,1,250,196,0,447,0,0,0,447
08/20/2021,TEB,NJ,AEA,EN,Towers with Radar,0,220,156,0,376,0,15,27,0,42,0,235,183,0,418,0,0,0,418
08/21/2021,TEB,NJ,AEA,EN,Towers with Radar,0,207,152,0,359,0,8,12,0,20,0,215,164,0,379,0,0,0,379
08/22/2021,TEB,NJ,AEA,EN,Towers with Radar,0,78,62,1,141,0,0,0,0,0,0,78,62,1,141,0,0,0,141
08/23/2021,TEB,NJ,AEA,EN,Towers with Radar,0,216,174,1,391,0,2,10,0,12,0,218,184,1,403,0,0,0,403
08/24/2021,TEB,NJ,AEA,EN,Towers with Radar,0,202,178,0,380,0,14,55,0,69,0,216,233,0,449,0,0,0,449
08/25/2021,TEB,NJ,AEA,EN,Towers with Radar,0,220,175,0,395,0,11,23,1,35,0,231,198,1,430,0,0,0,430
08/26/2021,TEB,NJ,AEA,EN,Towers with Radar,0,202,189,0,391,0,25,45,0,70,0,227,234,0,461,0,0,0,461
08/27/2021,TEB,NJ,AEA,EN,Towers with Radar,0,182,156,2,340,0,21,34,0,55,0,203,190,2,395,0,0,0,395
08/28/2021,TEB,NJ,AEA,EN,Towers with Radar,0,162,133,0,295,0,8,10,0,18,0,170,143,0,313,0,0,0,313
08/29/2021,TEB,NJ,AEA,EN,Towers with Radar,0,248,209,0,457,0,0,27,0,27,0,248,236,0,484,0,0,0,484
08/30/2021,TEB,NJ,AEA,EN,Towers with Radar,1,210,165,0,376,0,11,29,0,40,1,221,194,0,416,0,0,0,416
08/31/2021,TEB,NJ,AEA,EN,Towers with Radar,1,188,147,0,336,0,16,38,2,56,1,204,185,2,392,0,0,0,392
09/01/2021,TEB,NJ,AEA,EN,Towers with Radar,0,163,135,0,298,0,2,19,0,21,0,165,154,0,319,0,0,0,319
09/02/2021,TEB,NJ,AEA,EN,Towers with Radar,0,5,1,0,6,0,3,11,4,18,0,8,12,4,24,0,0,0,24
09/03/2021,TEB,NJ,AEA,EN,Towers with Radar,0,23,28,0,51,0,3,6,0,9,0,26,34,0,60,0,0,0,60
09/04/2021,TEB,NJ,AEA,EN,Towers with Radar,0,119,87,0,206,0,10,26,0,36,0,129,113,0,242,0,0,0,242
09/05/2021,TEB,NJ,AEA,EN,Towers with Radar,0,145,87,0,232,0,5,15,0,20,0,150,102,0,252,0,0,0,252
09/06/2021,TEB,NJ,AEA,EN,Towers with Radar,0,214,190,0,404,0,23,37,1,61,0,237,227,1,465,0,0,0,465
09/07/2021,TEB,NJ,AEA,EN,Towers with Radar,0,235,172,0,407,0,23,27,0,50,0,258,199,0,457,0,0,0,457
09/08/2021,TEB,NJ,AEA,EN,Towers with Radar,2,291,220,4,517,0,16,23,5,44,2,307,243,9,561,0,0,0,561
09/09/2021,TEB,NJ,AEA,EN,Towers with Radar,0,309,248,0,557,0,2,45,0,47,0,311,293,0,604,0,0,0,604
09/10/2021,TEB,NJ,AEA,EN,Towers with Radar,0,306,209,1,516,0,35,43,1,79,0,341,252,2,595,0,0,0,595
09/11/2021,TEB,NJ,AEA,EN,Towers with Radar,1,186,148,1,336,0,8,34,0,42,1,194,182,1,378,0,0,0,378
09/12/2021,TEB,NJ,AEA,EN,Towers with Radar,0,294,252,0,546,0,23,46,0,69,0,317,298,0,615,0,0,0,615
09/13/2021,TEB,NJ,AEA,EN,Towers with Radar,0,238,194,0,432,0,15,49,0,64,0,253,243,0,496,0,0,0,496
09/14/2021,TEB,NJ,AEA,EN,Towers with Radar,0,246,202,0,448,0,11,30,2,43,0,257,232,2,491,0,0,0,491
09/15/2021,TEB,NJ,AEA,EN,Towers with Radar,0,264,230,0,494,0,4,26,0,30,0,268,256,0,524,0,0,0,524
09/16/2021,TEB,NJ,AEA,EN,Towers with Radar,0,224,210,0,434,0,2,27,0,29,0,226,237,0,463,0,0,0,463
09/17/2021,TEB,NJ,AEA,EN,Towers with Radar,0,275,194,0,469,0,3,17,0,20,0,278,211,0,489,0,0,0,489
09/18/2021,TEB,NJ,AEA,EN,Towers with Radar,0,168,131,0,299,0,7,28,0,35,0,175,159,0,334,0,0,0,334
09/19/2021,TEB,NJ,AEA,EN,Towers with Radar,0,278,249,1,528,0,24,65,0,89,0,302,314,1,617,0,0,0,617
09/20/2021,TEB,NJ,AEA,EN,Towers with Radar,0,232,195,1,428,0,12,30,0,42,0,244,225,1,470,0,0,0,470
09/21/2021,TEB,NJ,AEA,EN,Towers with Radar,0,242,243,3,488,0,2,21,0,23,0,244,264,3,511,0,0,0,511
09/22/2021,TEB,NJ,AEA,EN,Towers with Radar,0,239,247,2,488,0,3,28,2,33,0,242,275,4,521,0,0,0,521
09/23/2021,TEB,NJ,AEA,EN,Towers with Radar,0,231,206,0,437,0,4,10,0,14,0,235,216,0,451,0,0,0,451
09/24/2021,TEB,NJ,AEA,EN,Towers with Radar,0,311,265,3,579,0,16,46,2,64,0,327,311,5,643,0,0,0,643
09/25/2021,TEB,NJ,AEA,EN,Towers with Radar,0,176,144,1,321,0,13,19,0,32,0,189,163,1,353,0,0,0,353
09/26/2021,TEB,NJ,AEA,EN,Towers with Radar,1,322,242,0,565,0,17,32,0,49,1,339,274,0,614,0,0,0,614
09/27/2021,TEB,NJ,AEA,EN,Towers with Radar,0,239,177,0,416,0,15,21,1,37,0,254,198,1,453,0,0,0,453
09/28/2021,TEB,NJ,AEA,EN,Towers with Radar,0,198,199,0,397,0,8,13,0,21,0,206,212,0,418,0,0,0,418
09/29/2021,TEB,NJ,AEA,EN,Towers with Radar,1,276,242,0,519,0,17,52,0,69,1,293,294,0,588,0,0,0,588
09/30/2021,TEB,NJ,AEA,EN,Towers with Radar,0,306,261,0,567,0,18,45,0,63,0,324,306,0,630,0,0,0,630
10/01/2021,TEB,NJ,AEA,EN,Towers with Radar,2,278,245,0,525,0,30,38,0,68,2,308,283,0,593,0,0,0,593
10/02/2021,TEB,NJ,AEA,EN,Towers with Radar,0,177,124,0,301,0,11,28,0,39,0,188,152,0,340,0,0,0,340
10/03/2021,TEB,NJ,AEA,EN,Towers with Radar,0,294,226,0,520,0,26,49,0,75,0,320,275,0,595,0,0,0,595
10/04/2021,TEB,NJ,AEA,EN,Towers with Radar,0,245,238,0,483,0,0,18,0,18,0,245,256,0,501,0,0,0,501
10/05/2021,TEB,NJ,AEA,EN,Towers with Radar,1,243,194,0,438,0,4,25,0,29,1,247,219,0,467,0,0,0,467
10/06/2021,TEB,NJ,AEA,EN,Towers with Radar,0,271,278,0,549,0,2,23,3,28,0,273,301,3,577,0,0,0,577
10/07/2021,TEB,NJ,AEA,EN,Towers with Radar,0,304,289,1,594,0,16,30,0,46,0,320,319,1,640,0,0,0,640
10/08/2021,TEB,NJ,AEA,EN,Towers with Radar,0,303,298,1,602,0,19,56,0,75,0,322,354,1,677,0,0,0,677
10/09/2021,TEB,NJ,AEA,EN,Towers with Radar,0,162,137,0,299,0,5,20,0,25,0,167,157,0,324,0,0,0,324
10/10/2021,TEB,NJ,AEA,EN,Towers with Radar,0,273,222,0,495,0,0,15,0,15,0,273,237,0,510,0,0,0,510
10/11/2021,TEB,NJ,AEA,EN,Towers with Radar,0,267,246,0,513,0,17,39,1,57,0,284,285,1,570,0,0,0,570
10/12/2021,TEB,NJ,AEA,EN,Towers with Radar,0,273,213,0,486,0,9,25,0,34,0,282,238,0,520,0,0,0,520
10/13/2021,TEB,NJ,AEA,EN,Towers with Radar,0,277,249,2,528,0,1,51,2,54,0,278,300,4,582,0,0,0,582
10/14/2021,TEB,NJ,AEA,EN,Towers with Radar,0,278,264,0,542,0,18,55,0,73,0,296,319,0,615,0,0,0,615
10/15/2021,TEB,NJ,AEA,EN,Towers with Radar,0,276,235,0,511,0,23,39,2,64,0,299,274,2,575,0,0,0,575
10/16/2021,TEB,NJ,AEA,EN,Towers with Radar,0,202,132,0,334,0,4,22,0,26,0,206,154,0,360,0,0,0,360
10/17/2021,TEB,NJ,AEA,EN,Towers with Radar,0,272,267,1,540,0,16,45,0,61,0,288,312,1,601,0,0,0,601
10/18/2021,TEB,NJ,AEA,EN,Towers with Radar,0,219,221,0,440,0,8,29,1,38,0,227,250,1,478,0,0,0,478
10/19/2021,TEB,NJ,AEA,EN,Towers with Radar,0,254,246,0,500,0,15,44,0,59,0,269,290,0,559,0,0,0,559
10/20/2021,TEB,NJ,AEA,EN,Towers with Radar,0,240,219,0,459,0,12,39,0,51,0,252,258,0,510,0,0,0,510
10/21/2021,TEB,NJ,AEA,EN,Towers with Radar,0,279,291,0,570,0,17,44,1,62,0,296,335,1,632,0,0,0,632
10/22/2021,TEB,NJ,AEA,EN,Towers with Radar,0,302,257,3,562,0,16,52,0,68,0,318,309,3,630,0,0,0,630
10/23/2021,TEB,NJ,AEA,EN,Towers with Radar,0,181,116,0,297,0,5,19,0,24,0,186,135,0,321,0,0,0,321
10/24/2021,TEB,NJ,AEA,EN,Towers with Radar,0,301,271,1,573,0,12,54,0,66,0,313,325,1,639,0,0,0,639
10/25/2021,TEB,NJ,AEA,EN,Towers with Radar,0,278,212,1,491,0,3,19,0,22,0,281,231,1,513,0,0,0,513
10/26/2021,TEB,NJ,AEA,EN,Towers with Radar,0,260,194,0,454,0,0,7,0,7,0,260,201,0,461,0,0,0,461
10/27/2021,TEB,NJ,AEA,EN,Towers with Radar,0,274,255,0,529,0,3,27,0,30,0,277,282,0,559,0,0,0,559
10/28/2021,TEB,NJ,AEA,EN,Towers with Radar,2,308,258,0,568,0,13,42,0,55,2,321,300,0,623,0,0,0,623
10/29/2021,TEB,NJ,AEA,EN,Towers with Radar,0,274,214,0,488,0,6,27,0,33,0,280,241,0,521,0,0,0,521
10/30/2021,TEB,NJ,AEA,EN,Towers with Radar,0,171,139,0,310,0,4,11,0,15,0,175,150,0,325,0,0,0,325
10/31/2021,TEB,NJ,AEA,EN,Towers with Radar,0,276,201,1,478,0,10,44,0,54,0,286,245,1,532,0,0,0,532
11/01/2021,TEB,NJ,AEA,EN,Towers with Radar,0,284,209,0,493,0,8,17,0,25,0,292,226,0,518,0,0,0,518
11/02/2021,TEB,NJ,AEA,EN,Towers with Radar,0,250,192,0,442,0,12,24,0,36,0,262,216,0,478,0,0,0,478
11/03/2021,TEB,NJ,AEA,EN,Towers with Radar,1,279,249,3,532,0,12,29,0,41,1,291,278,3,573,0,0,0,573
11/04/2021,TEB,NJ,AEA,EN,Towers with Radar,1,347,273,1,622,0,13,53,1,67,1,360,326,2,689,0,0,0,689
11/05/2021,TEB,NJ,AEA,EN,Towers with Radar,0,266,212,0,478,0,23,53,0,76,0,289,265,0,554,0,0,0,554
11/06/2021,TEB,NJ,AEA,EN,Towers with Radar,0,170,145,0,315,0,4,39,0,43,0,174,184,0,358,0,0,0,358
11/07/2021,TEB,NJ,AEA,EN,Towers with Radar,0,308,268,0,576,0,22,48,0,70,0,330,316,0,646,0,0,0,646
11/08/2021,TEB,NJ,AEA,EN,Towers with Radar,0,267,224,0,491,0,10,35,0,45,0,277,259,0,536,0,0,0,536
11/09/2021,TEB,NJ,AEA,EN,Towers with Radar,2,308,256,1,567,0,11,34,0,45,2,319,290,1,612,0,0,0,612
11/10/2021,TEB,NJ,AEA,EN,Towers with Radar,1,319,277,0,597,0,9,45,0,54,1,328,322,0,651,0,0,0,651
11/11/2021,TEB,NJ,AEA,EN,Towers with Radar,0,272,291,3,566,0,10,50,0,60,0,282,341,3,626,0,0,0,626
11/12/2021,TEB,NJ,AEA,EN,Towers with Radar,0,261,211,0,472,0,7,12,0,19,0,268,223,0,491,0,0,0,491
11/13/2021,TEB,NJ,AEA,EN,Towers with Radar,0,197,109,0,306,0,11,11,0,22,0,208,120,0,328,0,0,0,328
11/14/2021,TEB,NJ,AEA,EN,Towers with Radar,0,305,258,2,565,0,10,58,2,70,0,315,316,4,635,0,0,0,635
11/15/2021,TEB,NJ,AEA,EN,Towers with Radar,0,306,235,0,541,0,9,39,0,48,0,315,274,0,589,0,0,0,589
11/16/2021,TEB,NJ,AEA,EN,Towers with Radar,0,267,258,0,525,0,15,28,0,43,0,282,286,0,568,0,0,0,568
11/17/2021,TEB,NJ,AEA,EN,Towers with Radar,0,325,287,2,614,0,4,49,0,53,0,329,336,2,667,0,0,0,667
11/18/2021,TEB,NJ,AEA,EN,Towers with Radar,2,344,271,2,619,0,6,31,1,38,2,350,302,3,657,0,0,0,657
11/19/2021,TEB,NJ,AEA,EN,Towers with Radar,0,301,273,0,574,0,15,38,1,54,0,316,311,1,628,0,0,0,628
11/20/2021,TEB,NJ,AEA,EN,Towers with Radar,1,216,212,0,429,0,11,24,0,35,1,227,236,0,464,0,0,0,464
11/21/2021,TEB,NJ,AEA,EN,Towers with Radar,1,266,258,2,527,0,12,30,0,42,1,278,288,2,569,0,0,0,569
11/22/2021,TEB,NJ,AEA,EN,Towers with Radar,0,212,223,2,437,0,5,30,0,35,0,217,253,2,472,0,0,0,472
11/23/2021,TEB,NJ,AEA,EN,Towers with Radar,0,330,297,1,628,0,22,55,0,77,0,352,352,1,705,0,0,0,705
11/24/2021,TEB,NJ,AEA,EN,Towers with Radar,2,256,256,1,515,0,7,33,0,40,2,263,289,1,555,0,0,0,555
11/25/2021,TEB,NJ,AEA,EN,Towers with Radar,0,78,65,0,143,0,12,16,0,28,0,90,81,0,171,0,0,0,171
11/26/2021,TEB,NJ,AEA,EN,Towers with Radar,1,141,106,0,248,0,3,13,0,16,1,144,119,0,264,0,0,0,264
11/27/2021,TEB,NJ,AEA,EN,Towers with Radar,0,214,228,0,442,0,1,21,0,22,0,215,249,0,464,0,0,0,464
11/28/2021,TEB,NJ,AEA,EN,Towers with Radar,0,343,343,0,686,0,14,49,0,63,0,357,392,0,749,0,0,0,749
11/29/2021,TEB,NJ,AEA,EN,Towers with Radar,1,284,312,1,598,0,9,45,0,54,1,293,357,1,652,0,0,0,652
11/30/2021,TEB,NJ,AEA,EN,Towers with Radar,0,293,282,0,575,0,13,32,0,45,0,306,314,0,620,0,0,0,620
12/01/2021,TEB,NJ,AEA,EN,Towers with Radar,1,353,318,0,672,0,11,45,1,57,1,364,363,1,729,0,0,0,729
12/02/2021,TEB,NJ,AEA,EN,Towers with Radar,1,331,297,0,629,0,17,35,0,52,1,348,332,0,681,0,0,0,681
12/03/2021,TEB,NJ,AEA,EN,Towers with Radar,2,315,256,0,573,0,26,52,1,79,2,341,308,1,652,0,0,0,652
12/04/2021,TEB,NJ,AEA,EN,Towers with Radar,0,191,168,0,359,0,8,28,0,36,0,199,196,0,395,0,0,0,395
12/05/2021,TEB,NJ,AEA,EN,Towers with Radar,0,299,284,0,583,0,16,77,1,94,0,315,361,1,677,0,0,0,677
12/06/2021,TEB,NJ,AEA,EN,Towers with Radar,0,314,287,0,601,0,4,22,0,26,0,318,309,0,627,0,0,0,627
12/07/2021,TEB,NJ,AEA,EN,Towers with Radar,1,279,305,0,585,0,11,34,0,45,1,290,339,0,630,0,0,0,630
12/08/2021,TEB,NJ,AEA,EN,Towers with Radar,0,339,354,1,694,0,7,25,0,32,0,346,379,1,726,0,0,0,726
12/09/2021,TEB,NJ,AEA,EN,Towers with Radar,0,353,312,0,665,0,9,60,5,74,0,362,372,5,739,0,0,0,739
12/10/2021,TEB,NJ,AEA,EN,Towers with Radar,0,328,317,6,651,0,12,32,6,50,0,340,349,12,701,0,0,0,701
12/11/2021,TEB,NJ,AEA,EN,Towers with Radar,0,214,154,8,376,0,5,7,5,17,0,219,161,13,393,0,0,0,393
12/12/2021,TEB,NJ,AEA,EN,Towers with Radar,0,302,303,4,609,0,13,41,6,60,0,315,344,10,669,0,0,0,669
12/13/2021,TEB,NJ,AEA,EN,Towers with Radar,0,230,236,0,466,0,4,39,2,45,0,234,275,2,511,0,0,0,511
12/14/2021,TEB,NJ,AEA,EN,Towers with Radar,0,308,279,0,587,0,9,55,1,65,0,317,334,1,652,0,0,0,652
12/15/2021,TEB,NJ,AEA,EN,Towers with Radar,0,298,284,0,582,0,9,32,1,42,0,307,316,1,624,0,0,0,624
12/16/2021,TEB,NJ,AEA,EN,Towers with Radar,0,321,272,0,593,0,12,41,0,53,0,333,313,0,646,0,0,0,646
12/17/2021,TEB,NJ,AEA,EN,Towers with Radar,0,341,339,0,680,0,17,53,0,70,0,358,392,0,750,0,0,0,750
12/18/2021,TEB,NJ,AEA,EN,Towers with Radar,1,272,279,0,552,0,1,1,0,2,1,273,280,0,554,0,0,0,554
12/19/2021,TEB,NJ,AEA,EN,Towers with Radar,1,275,227,1,504,0,2,27,0,29,1,277,254,1,533,0,0,0,533
12/20/2021,TEB,NJ,AEA,EN,Towers with Radar,0,193,209,0,402,0,5,18,0,23,0,198,227,0,425,0,0,0,425
12/21/2021,TEB,NJ,AEA,EN,Towers with Radar,0,221,195,1,417,0,4,15,4,23,0,225,210,5,440,0,0,0,440
12/22/2021,TEB,NJ,AEA,EN,Towers with Radar,0,250,207,0,457,0,10,12,0,22,0,260,219,0,479,0,0,0,479
12/23/2021,TEB,NJ,AEA,EN,Towers with Radar,0,250,201,1,452,0,14,11,1,26,0,264,212,2,478,0,0,0,478
12/24/2021,TEB,NJ,AEA,EN,Towers with Radar,0,162,105,0,267,0,0,5,0,5,0,162,110,0,272,0,0,0,272
12/25/2021,TEB,NJ,AEA,EN,Towers with Radar,0,119,77,0,196,0,0,2,0,2,0,119,79,0,198,0,0,0,198
12/26/2021,TEB,NJ,AEA,EN,Towers with Radar,0,160,157,0,317,0,4,23,0,27,0,164,180,0,344,0,0,0,344
12/27/2021,TEB,NJ,AEA,EN,Towers with Radar,0,175,131,0,306,0,6,15,0,21,0,181,146,0,327,0,0,0,327
12/28/2021,TEB,NJ,AEA,EN,Towers with Radar,0,155,127,0,282,0,4,13,0,17,0,159,140,0,299,0,0,0,299
12/29/2021,TEB,NJ,AEA,EN,Towers with Radar,0,150,105,0,255,0,0,1,0,1,0,150,106,0,256,0,0,0,256
12/30/2021,TEB,NJ,AEA,EN,Towers with Radar,0,166,145,0,311,0,3,4,0,7,0,169,149,0,318,0,0,0,318
12/31/2021,TEB,NJ,AEA,EN,Towers with Radar,0,131,91,0,222,0,1,1,1,3,0,132,92,1,225,0,0,0,225
01/01/2022,TEB,NJ,AEA,EN,Towers with Radar,0,226,154,0,380,0,1,0,0,1,0,227,154,0,381,0,0,0,381
01/02/2022,TEB,NJ,AEA,EN,Towers with Radar,3,281,248,0,532,0,4,16,0,20,3,285,264,0,552,0,0,0,552
01/03/2022,TEB,NJ,AEA,EN,Towers with Radar,1,243,183,2,429,0,14,22,0,36,1,257,205,2,465,0,0,0,465
01/04/2022,TEB,NJ,AEA,EN,Towers with Radar,1,234,159,0,394,0,9,28,0,37,1,243,187,0,431,0,0,0,431
01/05/2022,TEB,NJ,AEA,EN,Towers with Radar,0,167,123,0,290,0,1,9,0,10,0,168,132,0,300,0,0,0,300
01/06/2022,TEB,NJ,AEA,EN,Towers with Radar,0,202,140,0,342,0,9,13,0,22,0,211,153,0,364,0,0,0,364
01/07/2022,TEB,NJ,AEA,EN,Towers with Radar,2,133,105,0,240,0,2,8,0,10,2,135,113,0,250,0,0,0,250
01/08/2022,TEB,NJ,AEA,EN,Towers with Radar,0,142,101,0,243,0,5,12,0,17,0,147,113,0,260,0,0,0,260
01/09/2022,TEB,NJ,AEA,EN,Towers with Radar,0,197,144,0,341,0,0,4,0,4,0,197,148,0,345,0,0,0,345
01/10/2022,TEB,NJ,AEA,EN,Towers with Radar,1,175,107,1,284,0,1,17,0,18,1,176,124,1,302,0,0,0,302
01/11/2022,TEB,NJ,AEA,EN,Towers with Radar,0,162,119,1,282,0,2,10,0,12,0,164,129,1,294,0,0,0,294
01/12/2022,TEB,NJ,AEA,EN,Towers with Radar,1,182,136,4,323,0,5,18,0,23,1,187,154,4,346,0,0,0,346
01/13/2022,TEB,NJ,AEA,EN,Towers with Radar,1,183,150,2,336,0,5,29,2,36,1,188,179,4,372,0,0,0,372
01/14/2022,TEB,NJ,AEA,EN,Towers with Radar,1,198,185,2,386,0,5,16,0,21,1,203,201,2,407,0,0,0,407
01/15/2022,TEB,NJ,AEA,EN,Towers with Radar,0,144,96,0,240,0,7,9,0,16,0,151,105,0,256,0,0,0,256
01/16/2022,TEB,NJ,AEA,EN,Towers with Radar,0,120,122,0,242,0,3,8,2,13,0,123,130,2,255,0,0,0,255
01/17/2022,TEB,NJ,AEA,EN,Towers with Radar,1,186,170,3,360,0,2,17,0,19,1,188,187,3,379,0,0,0,379
01/18/2022,TEB,NJ,AEA,EN,Towers with Radar,0,188,173,1,362,0,2,24,0,26,0,190,197,1,388,0,0,0,388
01/19/2022,TEB,NJ,AEA,EN,Towers with Radar,0,192,172,1,365,0,2,13,0,15,0,194,185,1,380,0,0,0,380
01/20/2022,TEB,NJ,AEA,EN,Towers with Radar,2,170,159,1,332,0,6,13,0,19,2,176,172,1,351,0,0,0,351
01/21/2022,TEB,NJ,AEA,EN,Towers with Radar,0,160,150,1,311,0,8,18,0,26,0,168,168,1,337,0,0,0,337
01/22/2022,TEB,NJ,AEA,EN,Towers with Radar,0,121,74,1,196,0,7,16,0,23,0,128,90,1,219,0,0,0,219
01/23/2022,TEB,NJ,AEA,EN,Towers with Radar,0,169,165,0,334,0,2,14,0,16,0,171,179,0,350,0,0,0,350
01/24/2022,TEB,NJ,AEA,EN,Towers with Radar,1,192,127,0,320,0,3,21,0,24,1,195,148,0,344,0,0,0,344
01/25/2022,TEB,NJ,AEA,EN,Towers with Radar,0,183,153,0,336,0,6,29,2,37,0,189,182,2,373,0,0,0,373
01/26/2022,TEB,NJ,AEA,EN,Towers with Radar,0,172,152,0,324,0,10,26,2,38,0,182,178,2,362,0,0,0,362
01/27/2022,TEB,NJ,AEA,EN,Towers with Radar,1,198,180,0,379,0,4,20,1,25,1,202,200,1,404,0,0,0,404
01/28/2022,TEB,NJ,AEA,EN,Towers with Radar,0,223,170,0,393,0,1,2,0,3,0,224,172,0,396,0,0,0,396
01/29/2022,TEB,NJ,AEA,EN,Towers with Radar,0,36,19,0,55,0,0,0,0,0,0,36,19,0,55,0,0,0,55
01/30/2022,TEB,NJ,AEA,EN,Towers with Radar,0,235,157,0,392,0,0,13,0,13,0,235,170,0,405,0,0,0,405
01/31/2022,TEB,NJ,AEA,EN,Towers with Radar,0,201,151,0,352,0,13,36,0,49,0,214,187,0,401,0,0,0,401
02/01/2022,TEB,NJ,AEA,EN,Towers with Radar,0,232,172,1,405,0,10,18,0,28,0,242,190,1,433,0,0,0,433
02/02/2022,TEB,NJ,AEA,EN,Towers with Radar,1,259,172,0,432,0,3,11,0,14,1,262,183,0,446,0,0,0,446
02/03/2022,TEB,NJ,AEA,EN,Towers with Radar,0,221,185,0,406,0,0,0,0,0,0,221,185,0,406,0,0,0,406
02/04/2022,TEB,NJ,AEA,EN,Towers with Radar,1,146,121,1,269,0,0,0,0,0,1,146,121,1,269,0,0,0,269
02/05/2022,TEB,NJ,AEA,EN,Towers with Radar,2,159,111,0,272,0,3,13,0,16,2,162,124,0,288,0,0,0,288
02/06/2022,TEB,NJ,AEA,EN,Towers with Radar,1,210,187,1,399,0,9,22,0,31,1,219,209,1,430,0,0,0,430
02/07/2022,TEB,NJ,AEA,EN,Towers with Radar,0,185,170,0,355,0,3,0,0,3,0,188,170,0,358,0,0,0,358
02/08/2022,TEB,NJ,AEA,EN,Towers with Radar,0,222,161,0,383,0,11,19,1,31,0,233,180,1,414,0,0,0,414
02/09/2022,TEB,NJ,AEA,EN,Towers with Radar,0,258,163,1,422,0,14,30,2,46,0,272,193,3,468,0,0,0,468
02/10/2022,TEB,NJ,AEA,EN,Towers with Radar,0,261,182,3,446,0,13,23,0,36,0,274,205,3,482,0,0,0,482
02/11/2022,TEB,NJ,AEA,EN,Towers with Radar,1,237,172,0,410,0,10,32,1,43,1,247,204,1,453,0,0,0,453
02/12/2022,TEB,NJ,AEA,EN,Towers with Radar,2,156,92,1,251,0,12,12,0,24,2,168,104,1,275,0,0,0,275
02/13/2022,TEB,NJ,AEA,EN,Towers with Radar,1,190,118,0,309,0,1,6,0,7,1,191,124,0,316,0,0,0,316
02/14/2022,TEB,NJ,AEA,EN,Towers with Radar,0,207,164,0,371,0,8,20,0,28,0,215,184,0,399,0,0,0,399
02/15/2022,TEB,NJ,AEA,EN,Towers with Radar,0,226,179,0,405,0,8,31,0,39,0,234,210,0,444,0,0,0,444
02/16/2022,TEB,NJ,AEA,EN,Towers with Radar,1,272,229,0,502,0,13,44,0,57,1,285,273,0,559,0,0,0,559
02/17/2022,TEB,NJ,AEA,EN,Towers with Radar,0,327,257,2,586,0,6,28,0,34,0,333,285,2,620,0,0,0,620
02/18/2022,TEB,NJ,AEA,EN,Towers with Radar,1,279,256,0,536,0,9,14,0,23,1,288,270,0,559,0,0,0,559
02/19/2022,TEB,NJ,AEA,EN,Towers with Radar,3,189,97,0,289,0,4,3,0,7,3,193,100,0,296,0,0,0,296
02/20/2022,TEB,NJ,AEA,EN,Towers with Radar,1,158,140,0,299,0,2,12,0,14,1,160,152,0,313,0,0,0,313
02/21/2022,TEB,NJ,AEA,EN,Towers with Radar,0,271,188,0,459,0,8,23,0,31,0,279,211,0,490,0,0,0,490
02/22/2022,TEB,NJ,AEA,EN,Towers with Radar,0,284,223,1,508,0,3,4,0,7,0,287,227,1,515,0,0,0,515
02/23/2022,TEB,NJ,AEA,EN,Towers with Radar,0,299,203,3,505,0,5,21,0,26,0,304,224,3,531,0,0,0,531
02/24/2022,TEB,NJ,AEA,EN,Towers with Radar,2,305,249,0,556,0,7,33,0,40,2,312,282,0,596,0,0,0,596
02/25/2022,TEB,NJ,AEA,EN,Towers with Radar,2,216,134,0,352,0,0,8,0,8,2,216,142,0,360,0,0,0,360
02/26/2022,TEB,NJ,AEA,EN,Towers with Radar,2,190,148,2,342,0,10,15,0,25,2,200,163,2,367,0,0,0,367
02/27/2022,TEB,NJ,AEA,EN,Towers with Radar,1,268,198,0,467,0,3,20,0,23,1,271,218,0,490,0,0,0,490
02/28/2022,TEB,NJ,AEA,EN,Towers with Radar,1,237,188,0,426,0,9,31,0,40,1,246,219,0,466,0,0,0,466
03/01/2022,TEB,NJ,AEA,EN,Towers with Radar,0,261,236,1,498,0,6,20,0,26,0,267,256,1,524,0,0,0,524
03/02/2022,TEB,NJ,AEA,EN,Towers with Radar,0,290,255,0,545,0,12,43,4,59,0,302,298,4,604,0,0,0,604
03/03/2022,TEB,NJ,AEA,EN,Towers with Radar,0,323,236,0,559,0,15,16,0,31,0,338,252,0,590,0,0,0,590
03/04/2022,TEB,NJ,AEA,EN,Towers with Radar,1,273,179,0,453,0,9,27,0,36,1,282,206,0,489,0,0,0,489
03/05/2022,TEB,NJ,AEA,EN,Towers with Radar,2,163,93,0,258,0,11,21,0,32,2,174,114,0,290,0,0,0,290
03/06/2022,TEB,NJ,AEA,EN,Towers with Radar,1,258,174,1,434,0,5,13,0,18,1,263,187,1,452,0,0,0,452
03/07/2022,TEB,NJ,AEA,EN,Towers with Radar,0,229,192,2,423,0,4,22,0,26,0,233,214,2,449,0,0,0,449
03/08/2022,TEB,NJ,AEA,EN,Towers with Radar,0,252,241,0,493,0,7,22,0,29,0,259,263,0,522,0,0,0,522
03/09/2022,TEB,NJ,AEA,EN,Towers with Radar,0,244,213,0,457,0,2,5,0,7,0,246,218,0,464,0,0,0,464
03/10/2022,TEB,NJ,AEA,EN,Towers with Radar,0,276,229,0,505,0,4,40,0,44,0,280,269,0,549,0,0,0,549
03/11/2022,TEB,NJ,AEA,EN,Towers with Radar,1,285,256,0,542,0,6,28,0,34,1,291,284,0,576,0,0,0,576
03/12/2022,TEB,NJ,AEA,EN,Towers with Radar,2,165,115,0,282,0,0,1,0,1,2,165,116,0,283,0,0,0,283
03/13/2022,TEB,NJ,AEA,EN,Towers with Radar,1,284,240,2,527,0,2,30,0,32,1,286,270,2,559,0,0,0,559
03/14/2022,TEB,NJ,AEA,EN,Towers with Radar,0,236,200,0,436,0,5,18,0,23,0,241,218,0,459,0,0,0,459
03/15/2022,TEB,NJ,AEA,EN,Towers with Radar,0,238,177,0,415,0,7,30,0,37,0,245,207,0,452,0,0,0,452
03/16/2022,TEB,NJ,AEA,EN,Towers with Radar,0,234,190,2,426,0,6,30,0,36,0,240,220,2,462,0,0,0,462
03/17/2022,TEB,NJ,AEA,EN,Towers with Radar,0,216,143,0,359,0,1,1,0,2,0,217,144,0,361,0,0,0,361
03/18/2022,TEB,NJ,AEA,EN,Towers with Radar,3,219,173,0,395,0,10,19,0,29,3,229,192,0,424,0,0,0,424
03/19/2022,TEB,NJ,AEA,EN,Towers with Radar,1,184,132,0,317,0,0,1,0,1,1,184,133,0,318,0,0,0,318
03/20/2022,TEB,NJ,AEA,EN,Towers with Radar,1,228,240,0,469,0,6,12,0,18,1,234,252,0,487,0,0,0,487
03/21/2022,TEB,NJ,AEA,EN,Towers with Radar,0,222,189,0,411,0,8,17,0,25,0,230,206,0,436,0,0,0,436
03/22/2022,TEB,NJ,AEA,EN,Towers with Radar,1,201,171,0,373,0,7,27,1,35,1,208,198,1,408,0,0,0,408
03/23/2022,TEB,NJ,AEA,EN,Towers with Radar,0,210,241,0,451,0,5,30,0,35,0,215,271,0,486,0,0,0,486
03/24/2022,TEB,NJ,AEA,EN,Towers with Radar,0,228,200,2,430,0,0,0,0,0,0,228,200,2,430,0,0,0,430
03/25/2022,TEB,NJ,AEA,EN,Towers with Radar,1,217,223,1,442,0,5,29,2,36,1,222,252,3,478,0,0,0,478
03/26/2022,TEB,NJ,AEA,EN,Towers with Radar,2,220,152,0,374,0,2,16,0,18,2,222,168,0,392,0,0,0,392
03/27/2022,TEB,NJ,AEA,EN,Towers with Radar,1,282,247,0,530,0,0,15,0,15,1,282,262,0,545,0,0,0,545
03/28/2022,TEB,NJ,AEA,EN,Towers with Radar,1,235,187,0,423,0,5,24,0,29,1,240,211,0,452,0,0,0,452
03/29/2022,TEB,NJ,AEA,EN,Towers with Radar,0,230,196,0,426,0,4,20,2,26,0,234,216,2,452,0,0,0,452
03/30/2022,TEB,NJ,AEA,EN,Towers with Radar,0,269,269,0,538,0,6,36,0,42,0,275,305,0,580,0,0,0,580
03/31/2022,TEB,NJ,AEA,EN,Towers with Radar,0,331,225,0,556,0,1,7,0,8,0,332,232,0,564,0,0,0,564
04/01/2022,TEB,NJ,AEA,EN,Towers with Radar,3,263,214,0,480,0,1,13,0,14,3,264,227,0,494,0,0,0,494
04/02/2022,TEB,NJ,AEA,EN,Towers with Radar,2,176,128,0,306,0,1,27,0,28,2,177,155,0,334,0,0,0,334
04/03/2022,TEB,NJ,AEA,EN,Towers with Radar,1,312,245,0,558,0,5,12,0,17,1,317,257,0,575,0,0,0,575
04/04/2022,TEB,NJ,AEA,EN,Towers with Radar,0,257,183,0,440,0,10,26,0,36,0,267,209,0,476,0,0,0,476
04/05/2022,TEB,NJ,AEA,EN,Towers with Radar,0,266,252,2,520,0,1,32,0,33,0,267,284,2,553,0,0,0,553
04/06/2022,TEB,NJ,AEA,EN,Towers with Radar,1,283,269,1,554,0,0,7,0,7,1,283,276,1,561,0,0,0,561
04/07/2022,TEB,NJ,AEA,EN,Towers with Radar,0,221,202,1,424,0,0,2,0,2,0,221,204,1,426,0,0,0,426
04/08/2022,TEB,NJ,AEA,EN,Towers with Radar,1,314,256,0,571,0,7,34,3,44,1,321,290,3,615,0,0,0,615
04/09/2022,TEB,NJ,AEA,EN,Towers with Radar,0,200,121,0,321,0,1,12,0,13,0,201,133,0,334,0,0,0,334
04/10/2022,TEB,NJ,AEA,EN,Towers with Radar,0,229,180,0,409,0,6,34,0,40,0,235,214,0,449,0,0,0,449
04/11/2022,TEB,NJ,AEA,EN,Towers with Radar,0,267,237,2,506,0,1,23,0,24,0,268,260,2,530,0,0,0,530
04/12/2022,TEB,NJ,AEA,EN,Towers with Radar,2,291,233,2,528,0,4,35,2,41,2,295,268,4,569,0,0,0,569
04/13/2022,TEB,NJ,AEA,EN,Towers with Radar,0,254,251,0,505,0,6,24,0,30,0,260,275,0,535,0,0,0,535
04/14/2022,TEB,NJ,AEA,EN,Towers with Radar,0,346,317,0,663,0,5,33,0,38,0,351,350,0,701,0,0,0,701
04/15/2022,TEB,NJ,AEA,EN,Towers with Radar,0,224,176,0,400,0,10,20,2,32,0,234,196,2,432,0,0,0,432
04/16/2022,TEB,NJ,AEA,EN,Towers with Radar,0,166,114,0,280,0,8,8,0,16,0,174,122,0,296,0,0,0,296
04/17/2022,TEB,NJ,AEA,EN,Towers with Radar,0,246,172,0,418,0,13,18,0,31,0,259,190,0,449,0,0,0,449
04/18/2022,TEB,NJ,AEA,EN,Towers with Radar,0,265,224,0,489,0,14,25,0,39,0,279,249,0,528,0,0,0,528
04/19/2022,TEB,NJ,AEA,EN,Towers with Radar,0,225,200,0,425,0,5,12,0,17,0,230,212,0,442,0,0,0,442
04/20/2022,TEB,NJ,AEA,EN,Towers with Radar,0,266,209,0,475,0,8,30,3,41,0,274,239,3,516,0,0,0,516
04/21/2022,TEB,NJ,AEA,EN,Towers with Radar,0,270,228,2,500,0,12,30,0,42,0,282,258,2,542,0,0,0,542
04/22/2022,TEB,NJ,AEA,EN,Towers with Radar,0,240,169,2,411,0,16,22,0,38,0,256,191,2,449,0,0,0,449
04/23/2022,TEB,NJ,AEA,EN,Towers with Radar,0,176,140,0,316,0,3,17,5,25,0,179,157,5,341,0,0,0,341
04/24/2022,TEB,NJ,AEA,EN,Towers with Radar,0,323,235,0,558,0,16,58,3,77,0,339,293,3,635,0,0,0,635
04/25/2022,TEB,NJ,AEA,EN,Towers with Radar,0,257,238,0,495,0,5,24,1,30,0,262,262,1,525,0,0,0,525
04/26/2022,TEB,NJ,AEA,EN,Towers with Radar,0,281,241,1,523,0,0,5,0,5,0,281,246,1,528,0,0,0,528
04/27/2022,TEB,NJ,AEA,EN,Towers with Radar,0,270,252,1,523,0,1,19,0,20,0,271,271,1,543,0,0,0,543
04/28/2022,TEB,NJ,AEA,EN,Towers with Radar,0,252,248,0,500,0,14,35,0,49,0,266,283,0,549,0,0,0,549
04/29/2022,TEB,NJ,AEA,EN,Towers with Radar,0,261,228,0,489,0,20,33,1,54,0,281,261,1,543,0,0,0,543
04/30/2022,TEB,NJ,AEA,EN,Towers with Radar,0,161,132,0,293,0,9,23,1,33,0,170,155,1,326,0,0,0,326
05/01/2022,TEB,NJ,AEA,EN,Towers with Radar,0,268,250,0,518,0,16,31,2,49,0,284,281,2,567,0,0,0,567
05/02/2022,TEB,NJ,AEA,EN,Towers with Radar,0,250,231,0,481,0,1,1,0,2,0,251,232,0,483,0,0,0,483
05/03/2022,TEB,NJ,AEA,EN,Towers with Radar,0,292,248,0,540,0,6,42,0,48,0,298,290,0,588,0,0,0,588
05/04/2022,TEB,NJ,AEA,EN,Towers with Radar,1,331,310,2,644,0,1,19,0,20,1,332,329,2,664,0,0,0,664
05/05/2022,TEB,NJ,AEA,EN,Towers with Radar,0,368,309,1,678,0,16,50,0,66,0,384,359,1,744,0,0,0,744
05/06/2022,TEB,NJ,AEA,EN,Towers with Radar,0,271,189,1,461,0,7,24,0,31,0,278,213,1,492,0,0,0,492
05/07/2022,TEB,NJ,AEA,EN,Towers with Radar,0,176,111,0,287,0,1,3,0,4,0,177,114,0,291,0,0,0,291
05/08/2022,TEB,NJ,AEA,EN,Towers with Radar,0,308,200,0,508,0,15,32,0,47,0,323,232,0,555,0,0,0,555
05/09/2022,TEB,NJ,AEA,EN,Towers with Radar,1,299,246,1,547,0,10,42,1,53,1,309,288,2,600,0,0,0,600
05/10/2022,TEB,NJ,AEA,EN,Towers with Radar,0,274,241,0,515,0,8,38,0,46,0,282,279,0,561,0,0,0,561
05/11/2022,TEB,NJ,AEA,EN,Towers with Radar,1,328,308,0,637,0,9,37,2,48,1,337,345,2,685,0,0,0,685
05/12/2022,TEB,NJ,AEA,EN,Towers with Radar,0,326,299,0,625,0,15,39,0,54,0,341,338,0,679,0,0,0,679
05/13/2022,TEB,NJ,AEA,EN,Towers with Radar,1,281,190,0,472,0,0,24,0,24,1,281,214,0,496,0,0,0,496
05/14/2022,TEB,NJ,AEA,EN,Towers with Radar,0,171,142,0,313,0,0,11,0,11,0,171,153,0,324,0,0,0,324
05/15/2022,TEB,NJ,AEA,EN,Towers with Radar,0,288,259,0,547,0,15,22,0,37,0,303,281,0,584,0,0,0,584
05/16/2022,TEB,NJ,AEA,EN,Towers with Radar,0,259,237,0,496,0,7,18,0,25,0,266,255,0,521,0,0,0,521
05/17/2022,TEB,NJ,AEA,EN,Towers with Radar,0,330,275,1,606,0,12,32,1,45,0,342,307,2,651,0,0,0,651
05/18/2022,TEB,NJ,AEA,EN,Towers with Radar,0,343,313,1,657,0,21,46,1,68,0,364,359,2,725,0,0,0,725
05/19/2022,TEB,NJ,AEA,EN,Towers with Radar,0,344,317,3,664,0,1,19,0,20,0,345,336,3,684,0,0,0,684
05/20/2022,TEB,NJ,AEA,EN,Towers with Radar,4,280,214,6,504,0,10,26,0,36,4,290,240,6,540,0,0,0,540
05/21/2022,TEB,NJ,AEA,EN,Towers with Radar,0,190,157,0,347,0,5,29,3,37,0,195,186,3,384,0,0,0,384
05/22/2022,TEB,NJ,AEA,EN,Towers with Radar,0,284,202,0,486,0,18,26,0,44,0,302,228,0,530,0,0,0,530
05/23/2022,TEB,NJ,AEA,EN,Towers with Radar,1,292,246,2,541,0,15,48,1,64,1,307,294,3,605,0,0,0,605
05/24/2022,TEB,NJ,AEA,EN,Towers with Radar,1,326,227,0,554,0,14,38,5,57,1,340,265,5,611,0,0,0,611
05/25/2022,TEB,NJ,AEA,EN,Towers with Radar,0,295,250,0,545,0,14,39,10,63,0,309,289,10,608,0,0,0,608
05/26/2022,TEB,NJ,AEA,EN,Towers with Radar,2,332,274,0,608,0,29,48,1,78,2,361,322,1,686,0,0,0,686
05/27/2022,TEB,NJ,AEA,EN,Towers with Radar,2,278,189,0,469,0,6,7,0,13,2,284,196,0,482,0,0,0,482
05/28/2022,TEB,NJ,AEA,EN,Towers with Radar,0,115,83,0,198,0,9,10,1,20,0,124,93,1,218,0,0,0,218
05/29/2022,TEB,NJ,AEA,EN,Towers with Radar,0,138,91,4,233,0,6,18,1,25,0,144,109,5,258,0,0,0,258
05/30/2022,TEB,NJ,AEA,EN,Towers with Radar,3,244,163,4,414,0,39,65,7,111,3,283,228,11,525,0,0,0,525
05/31/2022,TEB,NJ,AEA,EN,Towers with Radar,0,260,217,3,480,0,23,47,0,70,0,283,264,3,550,0,0,0,550
06/01/2022,TEB,NJ,AEA,EN,Towers with Radar,0,237,240,0,477,0,5,14,1,20,0,242,254,1,497,0,0,0,497
06/02/2022,TEB,NJ,AEA,EN,Towers with Radar,2,272,224,0,498,0,4,24,0,28,2,276,248,0,526,0,0,0,526
06/03/2022,TEB,NJ,AEA,EN,Towers with Radar,0,233,188,0,421,0,8,21,3,32,0,241,209,3,453,0,0,0,453
06/04/2022,TEB,NJ,AEA,EN,Towers with Radar,0,154,99,0,253,0,7,61,0,68,0,161,160,0,321,0,0,0,321
06/05/2022,TEB,NJ,AEA,EN,Towers with Radar,0,230,193,0,423,0,20,54,2,76,0,250,247,2,499,0,0,0,499
06/06/2022,TEB,NJ,AEA,EN,Towers with Radar,0,257,243,2,502,0,14,36,0,50,0,271,279,2,552,0,0,0,552
06/07/2022,TEB,NJ,AEA,EN,Towers with Radar,0,270,252,4,526,0,8,58,0,66,0,278,310,4,592,0,0,0,592
06/08/2022,TEB,NJ,AEA,EN,Towers with Radar,0,306,307,0,613,0,8,63,2,73,0,314,370,2,686,0,0,0,686
06/09/2022,TEB,NJ,AEA,EN,Towers with Radar,0,324,300,0,624,0,14,43,1,58,0,338,343,1,682,0,0,0,682
06/10/2022,TEB,NJ,AEA,EN,Towers with Radar,1,284,235,3,523,0,32,58,1,91,1,316,293,4,614,0,0,0,614
06/11/2022,TEB,NJ,AEA,EN,Towers with Radar,0,167,106,0,273,0,18,30,0,48,0,185,136,0,321,0,0,0,321
06/12/2022,TEB,NJ,AEA,EN,Towers with Radar,0,318,222,3,543,0,8,24,0,32,0,326,246,3,575,0,0,0,575
06/13/2022,TEB,NJ,AEA,EN,Towers with Radar,0,263,191,1,455,0,20,34,0,54,0,283,225,1,509,0,0,0,509
06/14/2022,TEB,NJ,AEA,EN,Towers with Radar,0,299,219,4,522,0,15,31,0,46,0,314,250,4,568,0,0,0,568
06/15/2022,TEB,NJ,AEA,EN,Towers with Radar,0,263,228,1,492,0,17,48,0,65,0,280,276,1,557,0,0,0,557
06/16/2022,TEB,NJ,AEA,EN,Towers with Radar,1,279,259,1,540,0,7,34,0,41,1,286,293,1,581,0,0,0,581
06/17/2022,TEB,NJ,AEA,EN,Towers with Radar,0,268,251,0,519,0,21,42,0,63,0,289,293,0,582,0,0,0,582
06/18/2022,TEB,NJ,AEA,EN,Towers with Radar,0,192,111,0,303,0,10,25,0,35,0,202,136,0,338,0,0,0,338
06/19/2022,TEB,NJ,AEA,EN,Towers with Radar,0,231,153,0,384,0,26,23,0,49,0,257,176,0,433,0,0,0,433
06/20/2022,TEB,NJ,AEA,EN,Towers with Radar,0,242,190,0,432,0,36,61,0,97,0,278,251,0,529,0,0,0,529
06/21/2022,TEB,NJ,AEA,EN,Towers with Radar,0,258,201,0,459,0,16,34,0,50,0,274,235,0,509,0,0,0,509
06/22/2022,TEB,NJ,AEA,EN,Towers with Radar,1,294,239,0,534,0,1,12,0,13,1,295,251,0,547,0,0,0,547
06/23/2022,TEB,NJ,AEA,EN,Towers with Radar,0,348,291,1,640,0,18,47,0,65,0,366,338,1,705,0,0,0,705
06/24/2022,TEB,NJ,AEA,EN,Towers with Radar,0,250,230,4,484,0,20,35,1,56,0,270,265,5,540,0,0,0,540
06/25/2022,TEB,NJ,AEA,EN,Towers with Radar,0,132,129,1,262,0,17,46,0,63,0,149,175,1,325,0,0,0,325
06/26/2022,TEB,NJ,AEA,EN,Towers with Radar,1,239,193,1,434,0,20,37,3,60,1,259,230,4,494,0,0,0,494
06/27/2022,TEB,NJ,AEA,EN,Towers with Radar,0,248,174,0,422,0,7,18,2,27,0,255,192,2,449,0,0,0,449
06/28/2022,TEB,NJ,AEA,EN,Towers with Radar,0,203,170,1,374,0,23,38,0,61,0,226,208,1,435,0,0,0,435
06/29/2022,TEB,NJ,AEA,EN,Towers with Radar,0,277,208,0,485,0,16,27,0,43,0,293,235,0,528,0,0,0,528
06/30/2022,TEB,NJ,AEA,EN,Towers with Radar,1,275,183,0,459,0,41,64,2,107,1,316,247,2,566,0,0,0,566
07/01/2022,TEB,NJ,AEA,EN,Towers with Radar,2,196,144,0,342,0,36,45,0,81,2,232,189,0,423,0,0,0,423
07/02/2022,TEB,NJ,AEA,EN,Towers with Radar,0,128,89,0,217,0,3,16,0,19,0,131,105,0,236,0,0,0,236
07/03/2022,TEB,NJ,AEA,EN,Towers with Radar,0,100,73,2,175,0,6,15,2,23,0,106,88,4,198,0,0,0,198
07/04/2022,TEB,NJ,AEA,EN,Towers with Radar,0,119,89,0,208,0,23,34,0,57,0,142,123,0,265,0,0,0,265
07/05/2022,TEB,NJ,AEA,EN,Towers with Radar,0,191,128,0,319,0,22,38,1,61,0,213,166,1,380,0,0,0,380
07/06/2022,TEB,NJ,AEA,EN,Towers with Radar,0,168,129,0,297,0,12,43,0,55,0,180,172,0,352,0,0,0,352
07/07/2022,TEB,NJ,AEA,EN,Towers with Radar,0,187,182,0,369,0,28,30,2,60,0,215,212,2,429,0,0,0,429
07/08/2022,TEB,NJ,AEA,EN,Towers with Radar,1,167,130,1,299,0,16,25,1,42,1,183,155,2,341,0,0,0,341
07/09/2022,TEB,NJ,AEA,EN,Towers with Radar,0,0,0,0,0,0,3,10,0,13,0,3,10,0,13,0,0,0,13
07/10/2022,TEB,NJ,AEA,EN,Towers with Radar,0,135,131,0,266,0,25,25,0,50,0,160,156,0,316,0,0,0,316
07/11/2022,TEB,NJ,AEA,EN,Towers with Radar,0,220,157,0,377,0,27,37,0,64,0,247,194,0,441,0,0,0,441
07/12/2022,TEB,NJ,AEA,EN,Towers with Radar,1,196,165,0,362,0,23,36,0,59,1,219,201,0,421,0,0,0,421
07/13/2022,TEB,NJ,AEA,EN,Towers with Radar,0,225,181,0,406,0,24,40,0,64,0,249,221,0,470,0,0,0,470
07/14/2022,TEB,NJ,AEA,EN,Towers with Radar,0,226,199,0,425,0,30,48,0,78,0,256,247,0,503,0,0,0,503
07/15/2022,TEB,NJ,AEA,EN,Towers with Radar,0,172,161,0,333,0,30,42,4,76,0,202,203,4,409,0,0,0,409
07/16/2022,TEB,NJ,AEA,EN,Towers with Radar,0,0,0,0,0,0,1,5,0,6,0,1,5,0,6,0,0,0,6
07/17/2022,TEB,NJ,AEA,EN,Towers with Radar,0,172,139,2,313,0,19,34,0,53,0,191,173,2,366,0,0,0,366
07/18/2022,TEB,NJ,AEA,EN,Towers with Radar,0,224,143,1,368,0,3,19,0,22,0,227,162,1,390,0,0,0,390
07/19/2022,TEB,NJ,AEA,EN,Towers with Radar,0,216,172,1,389,0,15,31,0,46,0,231,203,1,435,0,0,0,435
07/20/2022,TEB,NJ,AEA,EN,Towers with Radar,0,228,193,0,421,0,19,56,0,75,0,247,249,0,496,0,0,0,496
07/21/2022,TEB,NJ,AEA,EN,Towers with Radar,0,255,184,0,439,0,39,57,0,96,0,294,241,0,535,0,0,0,535
07/22/2022,TEB,NJ,AEA,EN,Towers with Radar,0,176,156,2,334,0,27,50,0,77,0,203,206,2,411,0,0,0,411
07/23/2022,TEB,NJ,AEA,EN,Towers with Radar,0,0,0,0,0,0,1,9,0,10,0,1,9,0,10,0,0,0,10
07/24/2022,TEB,NJ,AEA,EN,Towers with Radar,0,148,132,0,280,0,19,47,0,66,0,167,179,0,346,0,0,0,346
07/25/2022,TEB,NJ,AEA,EN,Towers with Radar,1,203,156,0,360,0,11,34,1,46,1,214,190,1,406,0,0,0,406
07/26/2022,TEB,NJ,AEA,EN,Towers with Radar,0,218,192,0,410,0,15,21,0,36,0,233,213,0,446,0,0,0,446
07/27/2022,TEB,NJ,AEA,EN,Towers with Radar,0,236,209,0,445,0,27,34,0,61,0,263,243,0,506,0,0,0,506
07/28/2022,TEB,NJ,AEA,EN,Towers with Radar,0,262,170,0,432,0,27,24,1,52,0,289,194,1,484,0,0,0,484
07/29/2022,TEB,NJ,AEA,EN,Towers with Radar,0,164,156,1,321,0,29,29,1,59,0,193,185,2,380,0,0,0,380
07/30/2022,TEB,NJ,AEA,EN,Towers with Radar,0,0,0,0,0,0,0,6,1,7,0,0,6,1,7,0,0,0,7
07/31/2022,TEB,NJ,AEA,EN,Towers with Radar,1,130,133,1,265,0,29,35,3,67,1,159,168,4,332,0,0,0,332
08/01/2022,TEB,NJ,AEA,EN,Towers with Radar,0,225,147,3,375,0,10,26,0,36,0,235,173,3,411,0,0,0,411
08/02/2022,TEB,NJ,AEA,EN,Towers with Radar,0,182,160,1,343,0,14,45,2,61,0,196,205,3,404,0,0,0,404
08/03/2022,TEB,NJ,AEA,EN,Towers with Radar,0,207,167,2,376,0,24,58,0,82,0,231,225,2,458,0,0,0,458
08/04/2022,TEB,NJ,AEA,EN,Towers with Radar,0,198,165,1,364,0,28,46,0,74,0,226,211,1,438,0,0,0,438
08/05/2022,TEB,NJ,AEA,EN,Towers with Radar,1,170,149,0,320,0,36,34,3,73,1,206,183,3,393,0,0,0,393
08/06/2022,TEB,NJ,AEA,EN,Towers with Radar,0,66,64,0,130,0,4,15,0,19,0,70,79,0,149,0,0,0,149
08/07/2022,TEB,NJ,AEA,EN,Towers with Radar,0,160,133,0,293,0,26,33,1,60,0,186,166,1,353,0,0,0,353
08/08/2022,TEB,NJ,AEA,EN,Towers with Radar,1,193,164,1,359,0,27,46,0,73,1,220,210,1,432,0,0,0,432
08/09/2022,TEB,NJ,AEA,EN,Towers with Radar,0,242,156,1,399,0,22,36,0,58,0,264,192,1,457,0,0,0,457
08/10/2022,TEB,NJ,AEA,EN,Towers with Radar,0,210,197,0,407,0,19,36,0,55,0,229,233,0,462,0,0,0,462
08/11/2022,TEB,NJ,AEA,EN,Towers with Radar,0,268,175,0,443,0,25,53,1,79,0,293,228,1,522,0,0,0,522
08/12/2022,TEB,NJ,AEA,EN,Towers with Radar,0,167,157,0,324,0,31,40,0,71,0,198,197,0,395,0,0,0,395
08/13/2022,TEB,NJ,AEA,EN,Towers with Radar,0,0,0,0,0,0,10,18,0,28,0,10,18,0,28,0,0,0,28
08/14/2022,TEB,NJ,AEA,EN,Towers with Radar,0,160,121,1,282,0,24,27,0,51,0,184,148,1,333,0,0,0,333
08/15/2022,TEB,NJ,AEA,EN,Towers with Radar,0,186,141,0,327,0,27,37,0,64,0,213,178,0,391,0,0,0,391
08/16/2022,TEB,NJ,AEA,EN,Towers with Radar,0,222,139,0,361,0,28,45,0,73,0,250,184,0,434,0,0,0,434
08/17/2022,TEB,NJ,AEA,EN,Towers with Radar,1,206,178,0,385,0,16,37,1,54,1,222,215,1,439,0,0,0,439
08/18/2022,TEB,NJ,AEA,EN,Towers with Radar,0,207,146,0,353,0,36,47,0,83,0,243,193,0,436,0,0,0,436
08/19/2022,TEB,NJ,AEA,EN,Towers with Radar,0,169,132,0,301,0,30,26,2,58,0,199,158,2,359,0,0,0,359
08/20/2022,TEB,NJ,AEA,EN,Towers with Radar,0,0,0,0,0,0,3,8,0,11,0,3,8,0,11,0,0,0,11
08/21/2022,TEB,NJ,AEA,EN,Towers with Radar,1,144,118,1,264,0,28,34,0,62,1,172,152,1,326,0,0,0,326
08/22/2022,TEB,NJ,AEA,EN,Towers with Radar,0,208,147,2,357,0,2,11,0,13,0,210,158,2,370,0,0,0,370
08/23/2022,TEB,NJ,AEA,EN,Towers with Radar,1,210,173,0,384,0,13,20,0,33,1,223,193,0,417,0,0,0,417
08/24/2022,TEB,NJ,AEA,EN,Towers with Radar,0,202,179,0,381,0,21,27,2,50,0,223,206,2,431,0,0,0,431
08/25/2022,TEB,NJ,AEA,EN,Towers with Radar,0,231,158,2,391,0,39,39,4,82,0,270,197,6,473,0,0,0,473
08/26/2022,TEB,NJ,AEA,EN,Towers with Radar,0,205,150,3,358,0,37,48,1,86,0,242,198,4,444,0,0,0,444
08/27/2022,TEB,NJ,AEA,EN,Towers with Radar,0,0,0,0,0,0,4,13,0,17,0,4,13,0,17,0,0,0,17
08/28/2022,TEB,NJ,AEA,EN,Towers with Radar,0,137,128,1,266,0,26,35,0,61,0,163,163,1,327,0,0,0,327
08/29/2022,TEB,NJ,AEA,EN,Towers with Radar,0,183,142,0,325,0,15,30,0,45,0,198,172,0,370,0,0,0,370
08/30/2022,TEB,NJ,AEA,EN,Towers with Radar,1,186,160,0,347,0,14,17,0,31,1,200,177,0,378,0,0,0,378
08/31/2022,TEB,NJ,AEA,EN,Towers with Radar,0,214,168,1,383,0,19,18,2,39,0,233,186,3,422,0,0,0,422
09/01/2022,TEB,NJ,AEA,EN,Towers with Radar,0,236,204,0,440,0,32,37,2,71,0,268,241,2,511,0,0,0,511
09/02/2022,TEB,NJ,AEA,EN,Towers with Radar,0,195,187,1,383,0,46,49,0,95,0,241,236,1,478,0,0,0,478
09/03/2022,TEB,NJ,AEA,EN,Towers with Radar,0,120,68,1,189,0,12,18,0,30,0,132,86,1,219,0,0,0,219
09/04/2022,TEB,NJ,AEA,EN,Towers with Radar,0,172,121,2,295,0,11,26,0,37,0,183,147,2,332,0,0,0,332
09/05/2022,TEB,NJ,AEA,EN,Towers with Radar,0,262,234,0,496,0,15,31,1,47,0,277,265,1,543,0,0,0,543
09/06/2022,TEB,NJ,AEA,EN,Towers with Radar,1,339,324,0,664,0,0,5,0,5,1,339,329,0,669,0,0,0,669
09/07/2022,TEB,NJ,AEA,EN,Towers with Radar,1,307,325,2,635,0,3,32,0,35,1,310,357,2,670,0,0,0,670
09/08/2022,TEB,NJ,AEA,EN,Towers with Radar,0,371,295,0,666,0,20,78,1,99,0,391,373,1,765,0,0,0,765
09/09/2022,TEB,NJ,AEA,EN,Towers with Radar,0,282,283,1,566,0,29,55,4,88,0,311,338,5,654,0,0,0,654
09/10/2022,TEB,NJ,AEA,EN,Towers with Radar,0,226,153,0,379,0,6,16,0,22,0,232,169,0,401,0,0,0,401
09/11/2022,TEB,NJ,AEA,EN,Towers with Radar,0,338,294,2,634,0,7,24,0,31,0,345,318,2,665,0,0,0,665
09/12/2022,TEB,NJ,AEA,EN,Towers with Radar,1,340,303,2,646,0,4,16,0,20,1,344,319,2,666,0,0,0,666
09/13/2022,TEB,NJ,AEA,EN,Towers with Radar,0,317,286,2,605,0,6,32,0,38,0,323,318,2,643,0,0,0,643
09/14/2022,TEB,NJ,AEA,EN,Towers with Radar,0,326,326,1,653,0,10,68,0,78,0,336,394,1,731,0,0,0,731
09/15/2022,TEB,NJ,AEA,EN,Towers with Radar,1,320,275,0,596,0,24,53,1,78,1,344,328,1,674,0,0,0,674
09/16/2022,TEB,NJ,AEA,EN,Towers with Radar,0,270,247,0,517,0,36,56,1,93,0,306,303,1,610,0,0,0,610
09/17/2022,TEB,NJ,AEA,EN,Towers with Radar,0,165,152,0,317,0,6,33,0,39,0,171,185,0,356,0,0,0,356
09/18/2022,TEB,NJ,AEA,EN,Towers with Radar,0,296,234,1,531,0,28,53,0,81,0,324,287,1,612,0,0,0,612
09/19/2022,TEB,NJ,AEA,EN,Towers with Radar,0,268,264,3,535,0,10,55,0,65,0,278,319,3,600,0,0,0,600
09/20/2022,TEB,NJ,AEA,EN,Towers with Radar,0,287,251,2,540,0,14,34,0,48,0,301,285,2,588,0,0,0,588
09/21/2022,TEB,NJ,AEA,EN,Towers with Radar,0,367,327,2,696,0,5,24,0,29,0,372,351,2,725,0,0,0,725
09/22/2022,TEB,NJ,AEA,EN,Towers with Radar,0,358,307,1,666,0,7,21,0,28,0,365,328,1,694,0,0,0,694
09/23/2022,TEB,NJ,AEA,EN,Towers with Radar,0,296,256,3,555,0,22,31,0,53,0,318,287,3,608,0,0,0,608
09/24/2022,TEB,NJ,AEA,EN,Towers with Radar,0,184,114,1,299,0,11,36,0,47,0,195,150,1,346,0,0,0,346
09/25/2022,TEB,NJ,AEA,EN,Towers with Radar,1,252,216,2,471,0,18,52,0,70,1,270,268,2,541,0,0,0,541
09/26/2022,TEB,NJ,AEA,EN,Towers with Radar,0,244,185,0,429,0,8,38,0,46,0,252,223,0,475,0,0,0,475
09/27/2022,TEB,NJ,AEA,EN,Towers with Radar,0,274,240,1,515,0,15,46,4,65,0,289,286,5,580,0,0,0,580
09/28/2022,TEB,NJ,AEA,EN,Towers with Radar,0,292,268,1,561,0,9,70,3,82,0,301,338,4,643,0,0,0,643
09/29/2022,TEB,NJ,AEA,EN,Towers with Radar,0,314,258,0,572,0,24,74,0,98,0,338,332,0,670,0,0,0,670
09/30/2022,TEB,NJ,AEA,EN,Towers with Radar,0,262,182,0,444,0,21,41,0,62,0,283,223,0,506,0,0,0,506
10/01/2022,TEB,NJ,AEA,EN,Towers with Radar,0,183,130,0,313,0,1,7,0,8,0,184,137,0,321,0,0,0,321
10/02/2022,TEB,NJ,AEA,EN,Towers with Radar,2,257,159,0,418,0,6,4,0,10,2,263,163,0,428,0,0,0,428
10/03/2022,TEB,NJ,AEA,EN,Towers with Radar,1,204,185,0,390,0,9,24,0,33,1,213,209,0,423,0,0,0,423
10/04/2022,TEB,NJ,AEA,EN,Towers with Radar,0,194,172,0,366,0,0,3,0,3,0,194,175,0,369,0,0,0,369
10/05/2022,TEB,NJ,AEA,EN,Towers with Radar,0,218,180,0,398,0,4,13,0,17,0,222,193,0,415,0,0,0,415
10/06/2022,TEB,NJ,AEA,EN,Towers with Radar,0,301,268,0,569,0,29,35,0,64,0,330,303,0,633,0,0,0,633
10/07/2022,TEB,NJ,AEA,EN,Towers with Radar,0,288,201,0,489,0,26,59,0,85,0,314,260,0,574,0,0,0,574
10/08/2022,TEB,NJ,AEA,EN,Towers with Radar,0,183,123,0,306,0,8,21,1,30,0,191,144,1,336,0,0,0,336
10/09/2022,TEB,NJ,AEA,EN,Towers with Radar,0,205,111,0,316,0,11,51,0,62,0,216,162,0,378,0,0,0,378
10/10/2022,TEB,NJ,AEA,EN,Towers with Radar,0,289,251,0,540,0,20,54,1,75,0,309,305,1,615,0,0,0,615
10/11/2022,TEB,NJ,AEA,EN,Towers with Radar,1,340,246,1,588,0,23,53,0,76,1,363,299,1,664,0,0,0,664
10/12/2022,TEB,NJ,AEA,EN,Towers with Radar,0,295,271,0,566,0,15,53,2,70,0,310,324,2,636,0,0,0,636
10/13/2022,TEB,NJ,AEA,EN,Towers with Radar,1,326,273,1,601,0,6,15,0,21,1,332,288,1,622,0,0,0,622
10/14/2022,TEB,NJ,AEA,EN,Towers with Radar,0,319,218,0,537,0,11,33,0,44,0,330,251,0,581,0,0,0,581
10/15/2022,TEB,NJ,AEA,EN,Towers with Radar,0,227,154,0,381,0,17,42,0,59,0,244,196,0,440,0,0,0,440
10/16/2022,TEB,NJ,AEA,EN,Towers with Radar,0,250,176,1,427,0,20,46,0,66,0,270,222,1,493,0,0,0,493
10/17/2022,TEB,NJ,AEA,EN,Towers with Radar,0,283,184,1,468,0,5,25,0,30,0,288,209,1,498,0,0,0,498
10/18/2022,TEB,NJ,AEA,EN,Towers with Radar,1,308,251,1,561,0,12,38,1,51,1,320,289,2,612,0,0,0,612
10/19/2022,TEB,NJ,AEA,EN,Towers with Radar,0,310,288,0,598,0,11,36,2,49,0,321,324,2,647,0,0,0,647
10/20/2022,TEB,NJ,AEA,EN,Towers with Radar,0,315,283,0,598,0,23,45,0,68,0,338,328,0,666,0,0,0,666
10/21/2022,TEB,NJ,AEA,EN,Towers with Radar,0,298,208,0,506,0,18,42,1,61,0,316,250,1,567,0,0,0,567
10/22/2022,TEB,NJ,AEA,EN,Towers with Radar,0,202,119,0,321,0,3,23,0,26,0,205,142,0,347,0,0,0,347
10/23/2022,TEB,NJ,AEA,EN,Towers with Radar,0,305,241,2,548,0,6,32,0,38,0,311,273,2,586,0,0,0,586
10/24/2022,TEB,NJ,AEA,EN,Towers with Radar,1,288,254,0,543,0,0,0,0,0,1,288,254,0,543,0,0,0,543
10/25/2022,TEB,NJ,AEA,EN,Towers with Radar,0,333,237,0,570,0,0,4,0,4,0,333,241,0,574,0,0,0,574
10/26/2022,TEB,NJ,AEA,EN,Towers with Radar,0,327,283,0,610,0,0,9,0,9,0,327,292,0,619,0,0,0,619
10/27/2022,TEB,NJ,AEA,EN,Towers with Radar,1,333,274,0,608,0,22,46,0,68,1,355,320,0,676,0,0,0,676
10/28/2022,TEB,NJ,AEA,EN,Towers with Radar,1,280,215,3,499,0,20,36,0,56,1,300,251,3,555,0,0,0,555
10/29/2022,TEB,NJ,AEA,EN,Towers with Radar,0,177,92,1,270,0,11,36,0,47,0,188,128,1,317,0,0,0,317
10/30/2022,TEB,NJ,AEA,EN,Towers with Radar,0,259,172,1,432,0,13,54,1,68,0,272,226,2,500,0,0,0,500
10/31/2022,TEB,NJ,AEA,EN,Towers with Radar,0,191,151,1,343,0,2,15,0,17,0,193,166,1,360,0,0,0,360
11/01/2022,TEB,NJ,AEA,EN,Towers with Radar,0,289,227,1,517,0,5,21,0,26,0,294,248,1,543,0,0,0,543
11/02/2022,TEB,NJ,AEA,EN,Towers with Radar,0,301,254,4,559,0,9,52,1,62,0,310,306,5,621,0,0,0,621
11/03/2022,TEB,NJ,AEA,EN,Towers with Radar,0,319,270,1,590,0,5,45,5,55,0,324,315,6,645,0,0,0,645
11/04/2022,TEB,NJ,AEA,EN,Towers with Radar,0,302,235,2,539,0,16,36,3,55,0,318,271,5,594,0,0,0,594
11/05/2022,TEB,NJ,AEA,EN,Towers with Radar,0,183,145,1,329,0,11,31,4,46,0,194,176,5,375,0,0,0,375
11/06/2022,TEB,NJ,AEA,EN,Towers with Radar,0,316,236,0,552,0,7,40,8,55,0,323,276,8,607,0,0,0,607
11/07/2022,TEB,NJ,AEA,EN,Towers with Radar,0,268,224,2,494,0,9,42,2,53,0,277,266,4,547,0,0,0,547
11/08/2022,TEB,NJ,AEA,EN,Towers with Radar,0,285,235,0,520,0,9,42,0,51,0,294,277,0,571,0,0,0,571
11/09/2022,TEB,NJ,AEA,EN,Towers with Radar,0,303,253,1,557,0,18,38,0,56,0,321,291,1,613,0,0,0,613
11/10/2022,TEB,NJ,AEA,EN,Towers with Radar,0,294,267,0,561,0,9,41,2,52,0,303,308,2,613,0,0,0,613
11/11/2022,TEB,NJ,AEA,EN,Towers with Radar,0,263,219,1,483,0,1,3,0,4,0,264,222,1,487,0,0,0,487
11/12/2022,TEB,NJ,AEA,EN,Towers with Radar,0,187,143,1,331,0,4,15,0,19,0,191,158,1,350,0,0,0,350
11/13/2022,TEB,NJ,AEA,EN,Towers with Radar,0,329,251,0,580,0,6,33,2,41,0,335,284,2,621,0,0,0,621
11/14/2022,TEB,NJ,AEA,EN,Towers with Radar,0,257,224,1,482,0,9,31,2,42,0,266,255,3,524,0,0,0,524
11/15/2022,TEB,NJ,AEA,EN,Towers with Radar,0,265,267,0,532,0,10,34,0,44,0,275,301,0,576,0,0,0,576
11/16/2022,TEB,NJ,AEA,EN,Towers with Radar,1,330,268,0,599,0,0,38,0,38,1,330,306,0,637,0,0,0,637
11/17/2022,TEB,NJ,AEA,EN,Towers with Radar,0,314,307,0,621,0,14,48,0,62,0,328,355,0,683,0,0,0,683
11/18/2022,TEB,NJ,AEA,EN,Towers with Radar,0,305,238,0,543,0,11,27,0,38,0,316,265,0,581,0,0,0,581
11/19/2022,TEB,NJ,AEA,EN,Towers with Radar,1,226,159,0,386,0,9,27,1,37,1,235,186,1,423,0,0,0,423
11/20/2022,TEB,NJ,AEA,EN,Towers with Radar,1,279,228,0,508,0,11,33,0,44,1,290,261,0,552,0,0,0,552
11/21/2022,TEB,NJ,AEA,EN,Towers with Radar,0,258,183,0,441,0,5,24,1,30,0,263,207,1,471,0,0,0,471
11/22/2022,TEB,NJ,AEA,EN,Towers with Radar,0,314,251,1,566,0,22,54,2,78,0,336,305,3,644,0,0,0,644
11/23/2022,TEB,NJ,AEA,EN,Towers with Radar,0,275,192,0,467,0,15,31,0,46,0,290,223,0,513,0,0,0,513
11/24/2022,TEB,NJ,AEA,EN,Towers with Radar,0,92,46,0,138,0,9,8,0,17,0,101,54,0,155,0,0,0,155
11/25/2022,TEB,NJ,AEA,EN,Towers with Radar,0,149,96,0,245,0,3,8,0,11,0,152,104,0,256,0,0,0,256
11/26/2022,TEB,NJ,AEA,EN,Towers with Radar,0,218,166,0,384,0,13,4,0,17,0,231,170,0,401,0,0,0,401
11/27/2022,TEB,NJ,AEA,EN,Towers with Radar,0,311,336,1,648,0,3,22,0,25,0,314,358,1,673,0,0,0,673
11/28/2022,TEB,NJ,AEA,EN,Towers with Radar,0,288,280,0,568,0,8,19,2,29,0,296,299,2,597,0,0,0,597
11/29/2022,TEB,NJ,AEA,EN,Towers with Radar,0,300,237,0,537,0,7,24,4,35,0,307,261,4,572,0,0,0,572
11/30/2022,TEB,NJ,AEA,EN,Towers with Radar,1,327,281,0,609,0,6,5,0,11,1,333,286,0,620,0,0,0,620
12/01/2022,TEB,NJ,AEA,EN,Towers with Radar,0,398,263,0,661,0,18,39,0,57,0,416,302,0,718,0,0,0,718
12/02/2022,TEB,NJ,AEA,EN,Towers with Radar,0,280,209,2,491,0,29,25,2,56,0,309,234,4,547,0,0,0,547
12/03/2022,TEB,NJ,AEA,EN,Towers with Radar,0,206,114,0,320,0,1,11,0,12,0,207,125,0,332,0,0,0,332
12/04/2022,TEB,NJ,AEA,EN,Towers with Radar,1,413,281,0,695,0,32,45,0,77,1,445,326,0,772,0,0,0,772
12/05/2022,TEB,NJ,AEA,EN,Towers with Radar,0,337,267,0,604,0,10,26,0,36,0,347,293,0,640,0,0,0,640
12/06/2022,TEB,NJ,AEA,EN,Towers with Radar,0,333,292,1,626,0,3,12,0,15,0,336,304,1,641,0,0,0,641
12/07/2022,TEB,NJ,AEA,EN,Towers with Radar,0,374,352,1,727,0,1,3,0,4,0,375,355,1,731,0,0,0,731
12/08/2022,TEB,NJ,AEA,EN,Towers with Radar,0,356,338,2,696,0,5,25,0,30,0,361,363,2,726,0,0,0,726
12/09/2022,TEB,NJ,AEA,EN,Towers with Radar,0,308,251,1,560,0,12,35,2,49,0,320,286,3,609,0,0,0,609
12/10/2022,TEB,NJ,AEA,EN,Towers with Radar,0,175,136,0,311,0,7,20,0,27,0,182,156,0,338,0,0,0,338
12/11/2022,TEB,NJ,AEA,EN,Towers with Radar,0,274,271,0,545,0,1,1,0,2,0,275,272,0,547,0,0,0,547
12/12/2022,TEB,NJ,AEA,EN,Towers with Radar,0,283,212,1,496,0,4,24,0,28,0,287,236,1,524,0,0,0,524
12/13/2022,TEB,NJ,AEA,EN,Towers with Radar,0,292,234,0,526,0,11,31,0,42,0,303,265,0,568,0,0,0,568
12/14/2022,TEB,NJ,AEA,EN,Towers with Radar,0,286,290,0,576,0,10,38,0,48,0,296,328,0,624,0,0,0,624
12/15/2022,TEB,NJ,AEA,EN,Towers with Radar,1,304,270,2,577,0,2,15,0,17,1,306,285,2,594,0,0,0,594
12/16/2022,TEB,NJ,AEA,EN,Towers with Radar,0,355,259,0,614,0,0,0,0,0,0,355,259,0,614,0,0,0,614
12/17/2022,TEB,NJ,AEA,EN,Towers with Radar,0,278,230,0,508,0,5,26,1,32,0,283,256,1,540,0,0,0,540
12/18/2022,TEB,NJ,AEA,EN,Towers with Radar,0,281,234,0,515,0,9,33,0,42,0,290,267,0,557,0,0,0,557
12/19/2022,TEB,NJ,AEA,EN,Towers with Radar,0,224,214,0,438,0,13,13,0,26,0,237,227,0,464,0,0,0,464
12/20/2022,TEB,NJ,AEA,EN,Towers with Radar,0,221,171,0,392,0,5,24,0,29,0,226,195,0,421,0,0,0,421
12/21/2022,TEB,NJ,AEA,EN,Towers with Radar,0,269,212,0,481,0,9,37,1,47,0,278,249,1,528,0,0,0,528
12/22/2022,TEB,NJ,AEA,EN,Towers with Radar,0,297,213,0,510,0,10,5,1,16,0,307,218,1,526,0,0,0,526
12/23/2022,TEB,NJ,AEA,EN,Towers with Radar,0,173,92,0,265,0,0,0,0,0,0,173,92,0,265,0,0,0,265
12/24/2022,TEB,NJ,AEA,EN,Towers with Radar,1,147,85,0,233,0,9,6,0,15,1,156,91,0,248,0,0,0,248
12/25/2022,TEB,NJ,AEA,EN,Towers with Radar,0,126,57,0,183,0,4,6,0,10,0,130,63,0,193,0,0,0,193
12/26/2022,TEB,NJ,AEA,EN,Towers with Radar,0,200,181,0,381,0,9,22,0,31,0,209,203,0,412,0,0,0,412
12/27/2022,TEB,NJ,AEA,EN,Towers with Radar,0,185,119,0,304,0,6,16,1,23,0,191,135,1,327,0,0,0,327
12/28/2022,TEB,NJ,AEA,EN,Towers with Radar,0,167,118,0,285,0,8,10,2,20,0,175,128,2,305,0,0,0,305
12/29/2022,TEB,NJ,AEA,EN,Towers with Radar,0,160,116,0,276,0,8,17,0,25,0,168,133,0,301,0,0,0,301
12/30/2022,TEB,NJ,AEA,EN,Towers with Radar,0,148,127,0,275,0,13,7,2,22,0,161,134,2,297,0,0,0,297
12/31/2022,TEB,NJ,AEA,EN,Towers with Radar,0,61,41,0,102,0,0,0,0,0,0,61,41,0,102,0,0,0,102
01/01/2023,TEB,NJ,AEA,EN,Towers with Radar,0,238,159,0,397,0,10,16,0,26,0,248,175,0,423,0,0,0,423
01/02/2023,TEB,NJ,AEA,EN,Towers with Radar,1,269,252,0,522,0,5,22,0,27,1,274,274,0,549,0,0,0,549
01/03/2023,TEB,NJ,AEA,EN,Towers with Radar,0,235,167,3,405,0,1,1,0,2,0,236,168,3,407,0,0,0,407
01/04/2023,TEB,NJ,AEA,EN,Towers with Radar,0,202,121,1,324,0,5,11,0,16,0,207,132,1,340,0,0,0,340
01/05/2023,TEB,NJ,AEA,EN,Towers with Radar,0,203,140,0,343,0,0,0,0,0,0,203,140,0,343,0,0,0,343
01/06/2023,TEB,NJ,AEA,EN,Towers with Radar,0,182,95,0,277,0,0,11,0,11,0,182,106,0,288,0,0,0,288
01/07/2023,TEB,NJ,AEA,EN,Towers with Radar,0,129,94,0,223,0,3,23,0,26,0,132,117,0,249,0,0,0,249
01/08/2023,TEB,NJ,AEA,EN,Towers with Radar,0,226,141,0,367,0,6,17,0,23,0,232,158,0,390,0,0,0,390
01/09/2023,TEB,NJ,AEA,EN,Towers with Radar,0,176,123,0,299,0,5,17,0,22,0,181,140,0,321,0,0,0,321
01/10/2023,TEB,NJ,AEA,EN,Towers with Radar,0,211,171,0,382,0,5,38,1,44,0,216,209,1,426,0,0,0,426
01/11/2023,TEB,NJ,AEA,EN,Towers with Radar,0,240,143,0,383,0,1,28,0,29,0,241,171,0,412,0,0,0,412
01/12/2023,TEB,NJ,AEA,EN,Towers with Radar,0,288,229,0,517,0,1,10,0,11,0,289,239,0,528,0,0,0,528
01/13/2023,TEB,NJ,AEA,EN,Towers with Radar,1,291,202,0,494,0,4,26,0,30,1,295,228,0,524,0,0,0,524
01/14/2023,TEB,NJ,AEA,EN,Towers with Radar,0,134,80,0,214,0,5,10,0,15,0,139,90,0,229,0,0,0,229
01/15/2023,TEB,NJ,AEA,EN,Towers with Radar,0,159,115,0,274,0,8,17,0,25,0,167,132,0,299,0,0,0,299
01/16/2023,TEB,NJ,AEA,EN,Towers with Radar,1,271,213,0,485,0,6,20,0,26,1,277,233,0,511,0,0,0,511
01/17/2023,TEB,NJ,AEA,EN,Towers with Radar,0,250,183,0,433,0,13,26,0,39,0,263,209,0,472,0,0,0,472
01/18/2023,TEB,NJ,AEA,EN,Towers with Radar,0,226,179,0,405,0,11,23,0,34,0,237,202,0,439,0,0,0,439
01/19/2023,TEB,NJ,AEA,EN,Towers with Radar,0,259,195,2,456,0,5,10,0,15,0,264,205,2,471,0,0,0,471
01/20/2023,TEB,NJ,AEA,EN,Towers with Radar,0,241,129,0,370,0,0,31,3,34,0,241,160,3,404,0,0,0,404
01/21/2023,TEB,NJ,AEA,EN,Towers with Radar,0,154,88,0,242,0,2,23,0,25,0,156,111,0,267,0,0,0,267
01/22/2023,TEB,NJ,AEA,EN,Towers with Radar,0,211,135,2,348,0,2,8,1,11,0,213,143,3,359,0,0,0,359
01/23/2023,TEB,NJ,AEA,EN,Towers with Radar,0,218,128,0,346,0,3,4,0,7,0,221,132,0,353,0,0,0,353
01/24/2023,TEB,NJ,AEA,EN,Towers with Radar,1,250,164,1,416,0,4,32,3,39,1,254,196,4,455,0,0,0,455
01/25/2023,TEB,NJ,AEA,EN,Towers with Radar,0,221,146,1,368,0,6,7,0,13,0,227,153,1,381,0,0,0,381
01/26/2023,TEB,NJ,AEA,EN,Towers with Radar,0,294,232,1,527,0,6,32,0,38,0,300,264,1,565,0,0,0,565
01/27/2023,TEB,NJ,AEA,EN,Towers with Radar,0,230,153,0,383,0,11,49,1,61,0,241,202,1,444,0,0,0,444
01/28/2023,TEB,NJ,AEA,EN,Towers with Radar,0,144,79,0,223,0,6,11,0,17,0,150,90,0,240,0,0,0,240
01/29/2023,TEB,NJ,AEA,EN,Towers with Radar,0,240,157,0,397,0,6,19,0,25,0,246,176,0,422,0,0,0,422
01/30/2023,TEB,NJ,AEA,EN,Towers with Radar,0,208,132,0,340,0,5,11,0,16,0,213,143,0,356,0,0,0,356
01/31/2023,TEB,NJ,AEA,EN,Towers with Radar,1,226,131,0,358,0,2,17,0,19,1,228,148,0,377,0,0,0,377
02/01/2023,TEB,NJ,AEA,EN,Towers with Radar,0,251,153,0,404,0,6,23,0,29,0,257,176,0,433,0,0,0,433
02/02/2023,TEB,NJ,AEA,EN,Towers with Radar,0,254,168,0,422,0,9,20,0,29,0,263,188,0,451,0,0,0,451
02/03/2023,TEB,NJ,AEA,EN,Towers with Radar,0,174,140,0,314,0,7,31,0,38,0,181,171,0,352,0,0,0,352
02/04/2023,TEB,NJ,AEA,EN,Towers with Radar,1,124,66,2,193,0,3,19,2,24,1,127,85,4,217,0,0,0,217
02/05/2023,TEB,NJ,AEA,EN,Towers with Radar,0,232,151,1,384,0,9,19,0,28,0,241,170,1,412,0,0,0,412
02/06/2023,TEB,NJ,AEA,EN,Towers with Radar,0,220,146,3,369,0,3,24,0,27,0,223,170,3,396,0,0,0,396
02/07/2023,TEB,NJ,AEA,EN,Towers with Radar,0,234,191,0,425,0,7,33,0,40,0,241,224,0,465,0,0,0,465
02/08/2023,TEB,NJ,AEA,EN,Towers with Radar,1,280,203,0,484,0,11,43,1,55,1,291,246,1,539,0,0,0,539
02/09/2023,TEB,NJ,AEA,EN,Towers with Radar,0,250,198,0,448,0,10,18,0,28,0,260,216,0,476,0,0,0,476
02/10/2023,TEB,NJ,AEA,EN,Towers with Radar,0,235,167,0,402,0,11,28,0,39,0,246,195,0,441,0,0,0,441
02/11/2023,TEB,NJ,AEA,EN,Towers with Radar,0,133,81,0,214,0,8,19,2,29,0,141,100,2,243,0,0,0,243
02/12/2023,TEB,NJ,AEA,EN,Towers with Radar,0,200,122,0,322,0,3,19,0,22,0,203,141,0,344,0,0,0,344
02/13/2023,TEB,NJ,AEA,EN,Towers with Radar,0,257,182,4,443,0,6,20,0,26,0,263,202,4,469,0,0,0,469
02/14/2023,TEB,NJ,AEA,EN,Towers with Radar,1,226,156,3,386,0,4,13,1,18,1,230,169,4,404,0,0,0,404
02/15/2023,TEB,NJ,AEA,EN,Towers with Radar,0,289,244,0,533,0,12,33,0,45,0,301,277,0,578,0,0,0,578
02/16/2023,TEB,NJ,AEA,EN,Towers with Radar,0,338,248,0,586,0,4,27,0,31,0,342,275,0,617,0,0,0,617
02/17/2023,TEB,NJ,AEA,EN,Towers with Radar,0,330,243,0,573,0,3,15,0,18,0,333,258,0,591,0,0,0,591
02/18/2023,TEB,NJ,AEA,EN,Towers with Radar,0,184,97,0,281,0,2,17,2,21,0,186,114,2,302,0,0,0,302
02/19/2023,TEB,NJ,AEA,EN,Towers with Radar,1,137,106,0,244,0,6,12,0,18,1,143,118,0,262,0,0,0,262
02/20/2023,TEB,NJ,AEA,EN,Towers with Radar,0,247,208,0,455,0,6,42,0,48,0,253,250,0,503,0,0,0,503
02/21/2023,TEB,NJ,AEA,EN,Towers with Radar,0,318,218,0,536,0,3,18,0,21,0,321,236,0,557,0,0,0,557
02/22/2023,TEB,NJ,AEA,EN,Towers with Radar,0,274,178,0,452,0,6,13,0,19,0,280,191,0,471,0,0,0,471
02/23/2023,TEB,NJ,AEA,EN,Towers with Radar,0,230,176,1,407,0,0,9,0,9,0,230,185,1,416,0,0,0,416
02/24/2023,TEB,NJ,AEA,EN,Towers with Radar,0,198,138,2,338,0,9,27,0,36,0,207,165,2,374,0,0,0,374
02/25/2023,TEB,NJ,AEA,EN,Towers with Radar,0,147,88,0,235,0,0,8,1,9,0,147,96,1,244,0,0,0,244
02/26/2023,TEB,NJ,AEA,EN,Towers with Radar,0,256,212,1,469,0,3,22,0,25,0,259,234,1,494,0,0,0,494
02/27/2023,TEB,NJ,AEA,EN,Towers with Radar,1,217,225,0,443,0,8,36,0,44,1,225,261,0,487,0,0,0,487
02/28/2023,TEB,NJ,AEA,EN,Towers with Radar,0,254,193,0,447,0,0,12,0,12,0,254,205,0,459,0,0,0,459
03/01/2023,TEB,NJ,AEA,EN,Towers with Radar,0,267,242,0,509,0,6,19,0,25,0,273,261,0,534,0,0,0,534
03/02/2023,TEB,NJ,AEA,EN,Towers with Radar,1,296,222,1,520,0,4,19,0,23,1,300,241,1,543,0,0,0,543
03/03/2023,TEB,NJ,AEA,EN,Towers with Radar,1,243,150,0,394,0,6,29,2,37,1,249,179,2,431,0,0,0,431
03/04/2023,TEB,NJ,AEA,EN,Towers with Radar,0,154,78,1,233,0,0,8,0,8,0,154,86,1,241,0,0,0,241
03/05/2023,TEB,NJ,AEA,EN,Towers with Radar,1,250,167,0,418,0,12,24,0,36,1,262,191,0,454,0,0,0,454
03/06/2023,TEB,NJ,AEA,EN,Towers with Radar,0,233,156,1,390,0,5,30,0,35,0,238,186,1,425,0,0,0,425
03/07/2023,TEB,NJ,AEA,EN,Towers with Radar,0,236,199,0,435,0,9,25,0,34,0,245,224,0,469,0,0,0,469
03/08/2023,TEB,NJ,AEA,EN,Towers with Radar,0,333,237,0,570,0,13,26,3,42,0,346,263,3,612,0,0,0,612
03/09/2023,TEB,NJ,AEA,EN,Towers with Radar,0,330,232,0,562,0,7,23,0,30,0,337,255,0,592,0,0,0,592
03/10/2023,TEB,NJ,AEA,EN,Towers with Radar,0,229,166,1,396,0,6,18,0,24,0,235,184,1,420,0,0,0,420
03/11/2023,TEB,NJ,AEA,EN,Towers with Radar,0,157,90,0,247,0,0,2,0,2,0,157,92,0,249,0,0,0,249
03/12/2023,TEB,NJ,AEA,EN,Towers with Radar,0,226,162,0,388,0,6,8,0,14,0,232,170,0,402,0,0,0,402
03/13/2023,TEB,NJ,AEA,EN,Towers with Radar,0,220,164,0,384,0,0,0,0,0,0,220,164,0,384,0,0,0,384
03/14/2023,TEB,NJ,AEA,EN,Towers with Radar,0,177,161,1,339,0,1,4,0,5,0,178,165,1,344,0,0,0,344
03/15/2023,TEB,NJ,AEA,EN,Towers with Radar,0,234,193,0,427,0,9,18,0,27,0,243,211,0,454,0,0,0,454
03/16/2023,TEB,NJ,AEA,EN,Towers with Radar,0,285,193,0,478,0,9,33,2,44,0,294,226,2,522,0,0,0,522
03/17/2023,TEB,NJ,AEA,EN,Towers with Radar,0,257,153,1,411,0,12,35,0,47,0,269,188,1,458,0,0,0,458
03/18/2023,TEB,NJ,AEA,EN,Towers with Radar,0,205,106,0,311,0,3,22,3,28,0,208,128,3,339,0,0,0,339
03/19/2023,TEB,NJ,AEA,EN,Towers with Radar,0,237,189,0,426,0,3,32,1,36,0,240,221,1,462,0,0,0,462
03/20/2023,TEB,NJ,AEA,EN,Towers with Radar,1,218,140,0,359,0,11,29,0,40,1,229,169,0,399,0,0,0,399
03/21/2023,TEB,NJ,AEA,EN,Towers with Radar,0,205,139,0,344,0,7,24,2,33,0,212,163,2,377,0,0,0,377
03/22/2023,TEB,NJ,AEA,EN,Towers with Radar,1,219,174,0,394,0,4,29,0,33,1,223,203,0,427,0,0,0,427
03/23/2023,TEB,NJ,AEA,EN,Towers with Radar,0,279,219,1,499,0,3,17,0,20,0,282,236,1,519,0,0,0,519
03/24/2023,TEB,NJ,AEA,EN,Towers with Radar,0,225,176,7,408,0,13,41,1,55,0,238,217,8,463,0,0,0,463
03/25/2023,TEB,NJ,AEA,EN,Towers with Radar,0,165,106,0,271,0,1,2,0,3,0,166,108,0,274,0,0,0,274
03/26/2023,TEB,NJ,AEA,EN,Towers with Radar,0,249,185,1,435,0,5,17,2,24,0,254,202,3,459,0,0,0,459
03/27/2023,TEB,NJ,AEA,EN,Towers with Radar,0,210,182,0,392,0,8,25,2,35,0,218,207,2,427,0,0,0,427
03/28/2023,TEB,NJ,AEA,EN,Towers with Radar,0,239,178,0,417,0,4,17,0,21,0,243,195,0,438,0,0,0,438
03/29/2023,TEB,NJ,AEA,EN,Towers with Radar,0,266,210,0,476,0,12,33,4,49,0,278,243,4,525,0,0,0,525
03/30/2023,TEB,NJ,AEA,EN,Towers with Radar,0,306,233,1,540,0,11,36,1,48,0,317,269,2,588,0,0,0,588
03/31/2023,TEB,NJ,AEA,EN,Towers with Radar,0,245,153,1,399,0,6,21,0,27,0,251,174,1,426,0,0,0,426
04/01/2023,TEB,NJ,AEA,EN,Towers with Radar,1,204,116,0,321,0,2,4,0,6,1,206,120,0,327,0,0,0,327
04/02/2023,TEB,NJ,AEA,EN,Towers with Radar,0,305,206,0,511,0,2,43,0,45,0,307,249,0,556,0,0,0,556
04/03/2023,TEB,NJ,AEA,EN,Towers with Radar,0,278,174,1,453,0,11,16,2,29,0,289,190,3,482,0,0,0,482
04/04/2023,TEB,NJ,AEA,EN,Towers with Radar,0,295,201,1,497,0,12,33,0,45,0,307,234,1,542,0,0,0,542
04/05/2023,TEB,NJ,AEA,EN,Towers with Radar,0,291,211,3,505,0,0,6,0,6,0,291,217,3,511,0,0,0,511
04/06/2023,TEB,NJ,AEA,EN,Towers with Radar,2,298,186,1,487,0,8,22,0,30,2,306,208,1,517,0,0,0,517
04/07/2023,TEB,NJ,AEA,EN,Towers with Radar,0,219,110,0,329,0,24,31,2,57,0,243,141,2,386,0,0,0,386
04/08/2023,TEB,NJ,AEA,EN,Towers with Radar,1,150,78,0,229,0,8,9,0,17,1,158,87,0,246,0,0,0,246
04/09/2023,TEB,NJ,AEA,EN,Towers with Radar,1,269,181,0,451,0,14,33,2,49,1,283,214,2,500,0,0,0,500
04/10/2023,TEB,NJ,AEA,EN,Towers with Radar,0,272,215,0,487,0,15,36,0,51,0,287,251,0,538,0,0,0,538
04/11/2023,TEB,NJ,AEA,EN,Towers with Radar,0,235,193,0,428,0,10,34,4,48,0,245,227,4,476,0,0,0,476
04/12/2023,TEB,NJ,AEA,EN,Towers with Radar,0,229,197,0,426,0,6,42,0,48,0,235,239,0,474,0,0,0,474
04/13/2023,TEB,NJ,AEA,EN,Towers with Radar,0,262,213,0,475,1,18,35,0,54,1,280,248,0,529,0,0,0,529
04/14/2023,TEB,NJ,AEA,EN,Towers with Radar,0,268,198,0,466,0,11,35,0,46,0,279,233,0,512,0,0,0,512
04/15/2023,TEB,NJ,AEA,EN,Towers with Radar,1,161,108,0,270,0,3,15,1,19,1,164,123,1,289,0,0,0,289
04/16/2023,TEB,NJ,AEA,EN,Towers with Radar,0,329,234,0,563,0,5,15,0,20,0,334,249,0,583,0,0,0,583
04/17/2023,TEB,NJ,AEA,EN,Towers with Radar,1,277,195,0,473,0,2,17,0,19,1,279,212,0,492,0,0,0,492
04/18/2023,TEB,NJ,AEA,EN,Towers with Radar,0,274,249,0,523,0,8,44,0,52,0,282,293,0,575,0,0,0,575
04/19/2023,TEB,NJ,AEA,EN,Towers with Radar,0,275,208,0,483,0,6,30,0,36,0,281,238,0,519,0,0,0,519
04/20/2023,TEB,NJ,AEA,EN,Towers with Radar,0,315,248,0,563,0,20,39,0,59,0,335,287,0,622,0,0,0,622
04/21/2023,TEB,NJ,AEA,EN,Towers with Radar,0,286,177,4,467,0,12,47,0,59,0,298,224,4,526,0,0,0,526
04/22/2023,TEB,NJ,AEA,EN,Towers with Radar,0,165,103,0,268,0,1,17,0,18,0,166,120,0,286,0,0,0,286
04/23/2023,TEB,NJ,AEA,EN,Towers with Radar,1,276,211,1,489,0,3,32,0,35,1,279,243,1,524,0,0,0,524
04/24/2023,TEB,NJ,AEA,EN,Towers with Radar,0,269,167,0,436,0,11,34,0,45,0,280,201,0,481,0,0,0,481
04/25/2023,TEB,NJ,AEA,EN,Towers with Radar,0,284,195,0,479,0,9,46,3,58,0,293,241,3,537,0,0,0,537
04/26/2023,TEB,NJ,AEA,EN,Towers with Radar,0,304,242,0,546,0,19,75,0,94,0,323,317,0,640,0,0,0,640
04/27/2023,TEB,NJ,AEA,EN,Towers with Radar,0,359,251,0,610,0,12,37,0,49,0,371,288,0,659,0,0,0,659
04/28/2023,TEB,NJ,AEA,EN,Towers with Radar,0,295,208,0,503,0,17,38,0,55,0,312,246,0,558,0,0,0,558
04/29/2023,TEB,NJ,AEA,EN,Towers with Radar,0,148,99,0,247,0,0,0,0,0,0,148,99,0,247,0,0,0,247
04/30/2023,TEB,NJ,AEA,EN,Towers with Radar,0,218,175,1,394,0,0,1,0,1,0,218,176,1,395,0,0,0,395
05/01/2023,TEB,NJ,AEA,EN,Towers with Radar,0,288,210,0,498,0,8,35,0,43,0,296,245,0,541,0,0,0,541
05/02/2023,TEB,NJ,AEA,EN,Towers with Radar,0,260,243,0,503,0,5,46,0,51,0,265,289,0,554,0,0,0,554
05/03/2023,TEB,NJ,AEA,EN,Towers with Radar,0,373,262,0,635,0,13,54,0,67,0,386,316,0,702,0,0,0,702
05/04/2023,TEB,NJ,AEA,EN,Towers with Radar,0,344,235,1,580,0,16,42,0,58,0,360,277,1,638,0,0,0,638
05/05/2023,TEB,NJ,AEA,EN,Towers with Radar,0,241,215,0,456,0,13,31,0,44,0,254,246,0,500,0,0,0,500
05/06/2023,TEB,NJ,AEA,EN,Towers with Radar,0,166,99,0,265,0,15,29,1,45,0,181,128,1,310,0,0,0,310
05/07/2023,TEB,NJ,AEA,EN,Towers with Radar,0,281,192,1,474,0,13,38,0,51,0,294,230,1,525,0,0,0,525
05/08/2023,TEB,NJ,AEA,EN,Towers with Radar,0,279,244,0,523,0,13,32,0,45,0,292,276,0,568,0,0,0,568
05/09/2023,TEB,NJ,AEA,EN,Towers with Radar,0,310,224,0,534,0,18,32,0,50,0,328,256,0,584,0,0,0,584
05/10/2023,TEB,NJ,AEA,EN,Towers with Radar,0,332,286,0,618,0,5,38,0,43,0,337,324,0,661,0,0,0,661
05/11/2023,TEB,NJ,AEA,EN,Towers with Radar,2,325,271,0,598,0,29,49,0,78,2,354,320,0,676,0,0,0,676
05/12/2023,TEB,NJ,AEA,EN,Towers with Radar,0,229,209,0,438,0,11,50,0,61,0,240,259,0,499,0,0,0,499
05/13/2023,TEB,NJ,AEA,EN,Towers with Radar,0,176,135,0,311,0,15,31,0,46,0,191,166,0,357,0,0,0,357
05/14/2023,TEB,NJ,AEA,EN,Towers with Radar,0,284,183,0,467,0,24,35,1,60,0,308,218,1,527,0,0,0,527
05/15/2023,TEB,NJ,AEA,EN,Towers with Radar,0,368,240,0,608,0,10,32,4,46,0,378,272,4,654,0,0,0,654
05/16/2023,TEB,NJ,AEA,EN,Towers with Radar,1,367,250,0,618,0,9,46,0,55,1,376,296,0,673,0,0,0,673
05/17/2023,TEB,NJ,AEA,EN,Towers with Radar,0,374,320,0,694,0,9,36,2,47,0,383,356,2,741,0,0,0,741
05/18/2023,TEB,NJ,AEA,EN,Towers with Radar,1,343,270,0,614,0,15,48,0,63,1,358,318,0,677,0,0,0,677
05/19/2023,TEB,NJ,AEA,EN,Towers with Radar,0,285,212,0,497,0,17,28,1,46,0,302,240,1,543,0,0,0,543
05/20/2023,TEB,NJ,AEA,EN,Towers with Radar,0,183,125,0,308,0,2,0,0,2,0,185,125,0,310,0,0,0,310
05/21/2023,TEB,NJ,AEA,EN,Towers with Radar,0,292,219,0,511,0,17,29,0,46,0,309,248,0,557,0,0,0,557
05/22/2023,TEB,NJ,AEA,EN,Towers with Radar,0,271,210,0,481,0,10,40,1,51,0,281,250,1,532,0,0,0,532
05/23/2023,TEB,NJ,AEA,EN,Towers with Radar,0,292,205,2,499,0,10,22,9,41,0,302,227,11,540,0,0,0,540
05/24/2023,TEB,NJ,AEA,EN,Towers with Radar,0,340,297,1,638,0,5,43,3,51,0,345,340,4,689,0,0,0,689
05/25/2023,TEB,NJ,AEA,EN,Towers with Radar,0,370,222,1,593,0,33,51,2,86,0,403,273,3,679,0,0,0,679
05/26/2023,TEB,NJ,AEA,EN,Towers with Radar,0,236,162,2,400,0,38,101,0,139,0,274,263,2,539,0,0,0,539
05/27/2023,TEB,NJ,AEA,EN,Towers with Radar,0,148,76,0,224,0,27,63,1,91,0,175,139,1,315,0,0,0,315
05/28/2023,TEB,NJ,AEA,EN,Towers with Radar,0,150,89,0,239,0,20,37,1,58,0,170,126,1,297,0,0,0,297
05/29/2023,TEB,NJ,AEA,EN,Towers with Radar,1,244,154,0,399,0,33,42,0,75,1,277,196,0,474,0,0,0,474
05/30/2023,TEB,NJ,AEA,EN,Towers with Radar,0,246,178,0,424,0,20,27,1,48,0,266,205,1,472,0,0,0,472
05/31/2023,TEB,NJ,AEA,EN,Towers with Radar,0,268,243,0,511,0,12,25,0,37,0,280,268,0,548,0,0,0,548
06/01/2023,TEB,NJ,AEA,EN,Towers with Radar,0,277,234,0,511,0,19,45,0,64,0,296,279,0,575,0,0,0,575
06/02/2023,TEB,NJ,AEA,EN,Towers with Radar,0,252,155,0,407,0,26,37,0,63,0,278,192,0,470,0,0,0,470
06/03/2023,TEB,NJ,AEA,EN,Towers with Radar,0,169,97,0,266,0,5,5,0,10,0,174,102,0,276,0,0,0,276
06/04/2023,TEB,NJ,AEA,EN,Towers with Radar,0,225,192,0,417,0,19,29,0,48,0,244,221,0,465,0,0,0,465
06/05/2023,TEB,NJ,AEA,EN,Towers with Radar,0,287,209,0,496,0,11,42,0,53,0,298,251,0,549,0,0,0,549
06/06/2023,TEB,NJ,AEA,EN,Towers with Radar,2,327,277,0,606,0,11,33,0,44,2,338,310,0,650,0,0,0,650
06/07/2023,TEB,NJ,AEA,EN,Towers with Radar,0,340,304,0,644,0,0,23,0,23,0,340,327,0,667,0,0,0,667
06/08/2023,TEB,NJ,AEA,EN,Towers with Radar,0,338,278,4,620,0,6,26,0,32,0,344,304,4,652,0,0,0,652
06/09/2023,TEB,NJ,AEA,EN,Towers with Radar,0,214,173,0,387,0,18,49,2,69,0,232,222,2,456,0,0,0,456
06/10/2023,TEB,NJ,AEA,EN,Towers with Radar,0,146,107,4,257,0,4,49,2,55,0,150,156,6,312,0,0,0,312
06/11/2023,TEB,NJ,AEA,EN,Towers with Radar,0,266,212,1,479,0,25,58,0,83,0,291,270,1,562,0,0,0,562
06/12/2023,TEB,NJ,AEA,EN,Towers with Radar,0,278,207,1,486,0,11,27,0,38,0,289,234,1,524,0,0,0,524
06/13/2023,TEB,NJ,AEA,EN,Towers with Radar,0,346,224,1,571,0,8,46,2,56,0,354,270,3,627,0,0,0,627
06/14/2023,TEB,NJ,AEA,EN,Towers with Radar,0,282,231,1,514,0,13,41,0,54,0,295,272,1,568,0,0,0,568
06/15/2023,TEB,NJ,AEA,EN,Towers with Radar,0,362,277,0,639,0,28,51,0,79,0,390,328,0,718,0,0,0,718
06/16/2023,TEB,NJ,AEA,EN,Towers with Radar,0,254,179,0,433,0,23,35,1,59,0,277,214,1,492,0,0,0,492
06/17/2023,TEB,NJ,AEA,EN,Towers with Radar,0,159,117,0,276,0,7,7,0,14,0,166,124,0,290,0,0,0,290
06/18/2023,TEB,NJ,AEA,EN,Towers with Radar,0,210,155,0,365,0,23,14,0,37,0,233,169,0,402,0,0,0,402
06/19/2023,TEB,NJ,AEA,EN,Towers with Radar,0,229,162,0,391,0,32,49,0,81,0,261,211,0,472,0,0,0,472
06/20/2023,TEB,NJ,AEA,EN,Towers with Radar,0,244,199,1,444,0,9,30,0,39,0,253,229,1,483,0,0,0,483
06/21/2023,TEB,NJ,AEA,EN,Towers with Radar,1,277,269,1,548,0,18,29,0,47,1,295,298,1,595,0,0,0,595
06/22/2023,TEB,NJ,AEA,EN,Towers with Radar,0,321,245,1,567,0,4,29,0,33,0,325,274,1,600,0,0,0,600
06/23/2023,TEB,NJ,AEA,EN,Towers with Radar,0,280,217,0,497,0,1,6,0,7,0,281,223,0,504,0,0,0,504
06/24/2023,TEB,NJ,AEA,EN,Towers with Radar,0,160,126,0,286,0,2,15,0,17,0,162,141,0,303,0,0,0,303
06/25/2023,TEB,NJ,AEA,EN,Towers with Radar,0,193,162,1,356,0,11,39,0,50,0,204,201,1,406,0,0,0,406
06/26/2023,TEB,NJ,AEA,EN,Towers with Radar,0,176,163,0,339,0,4,18,0,22,0,180,181,0,361,0,0,0,361
06/27/2023,TEB,NJ,AEA,EN,Towers with Radar,0,328,284,0,612,0,2,17,0,19,0,330,301,0,631,0,0,0,631
06/28/2023,TEB,NJ,AEA,EN,Towers with Radar,0,337,272,0,609,0,16,47,0,63,0,353,319,0,672,0,0,0,672
06/29/2023,TEB,NJ,AEA,EN,Towers with Radar,0,330,227,0,557,0,28,40,0,68,0,358,267,0,625,0,0,0,625
06/30/2023,TEB,NJ,AEA,EN,Towers with Radar,0,242,170,1,413,0,19,92,0,111,0,261,262,1,524,0,0,0,524
07/01/2023,TEB,NJ,AEA,EN,Towers with Radar,1,192,109,0,302,0,13,54,1,68,1,205,163,1,370,0,0,0,370
07/02/2023,TEB,NJ,AEA,EN,Towers with Radar,0,131,87,0,218,0,2,30,0,32,0,133,117,0,250,0,0,0,250
07/03/2023,TEB,NJ,AEA,EN,Towers with Radar,0,104,66,0,170,0,10,52,0,62,0,114,118,0,232,0,0,0,232
07/04/2023,TEB,NJ,AEA,EN,Towers with Radar,0,144,64,1,209,0,10,59,0,69,0,154,123,1,278,0,0,0,278
07/05/2023,TEB,NJ,AEA,EN,Towers with Radar,0,189,114,0,303,0,18,55,0,73,0,207,169,0,376,0,0,0,376
07/06/2023,TEB,NJ,AEA,EN,Towers with Radar,0,197,108,0,305,0,19,46,0,65,0,216,154,0,370,0,0,0,370
07/07/2023,TEB,NJ,AEA,EN,Towers with Radar,0,162,112,0,274,0,18,41,1,60,0,180,153,1,334,0,0,0,334
07/08/2023,TEB,NJ,AEA,EN,Towers with Radar,0,150,102,0,252,0,14,49,0,63,0,164,151,0,315,0,0,0,315
07/09/2023,TEB,NJ,AEA,EN,Towers with Radar,0,155,124,0,279,0,12,17,0,29,0,167,141,0,308,0,0,0,308
07/10/2023,TEB,NJ,AEA,EN,Towers with Radar,0,292,220,0,512,0,9,36,0,45,0,301,256,0,557,0,0,0,557
07/11/2023,TEB,NJ,AEA,EN,Towers with Radar,1,247,205,0,453,0,24,50,0,74,1,271,255,0,527,0,0,0,527
07/12/2023,TEB,NJ,AEA,EN,Towers with Radar,2,218,214,0,434,0,25,58,0,83,2,243,272,0,517,0,0,0,517
07/13/2023,TEB,NJ,AEA,EN,Towers with Radar,0,289,176,0,465,0,36,49,2,87,0,325,225,2,552,0,0,0,552
07/14/2023,TEB,NJ,AEA,EN,Towers with Radar,0,221,152,0,373,0,23,41,0,64,0,244,193,0,437,0,0,0,437
07/15/2023,TEB,NJ,AEA,EN,Towers with Radar,0,179,113,0,292,0,14,9,0,23,0,193,122,0,315,0,0,0,315
07/16/2023,TEB,NJ,AEA,EN,Towers with Radar,0,231,153,0,384,0,1,8,0,9,0,232,161,0,393,0,0,0,393
07/17/2023,TEB,NJ,AEA,EN,Towers with Radar,0,270,208,0,478,0,33,40,2,75,0,303,248,2,553,0,0,0,553
07/18/2023,TEB,NJ,AEA,EN,Towers with Radar,0,265,170,0,435,0,3,44,0,47,0,268,214,0,482,0,0,0,482
07/19/2023,TEB,NJ,AEA,EN,Towers with Radar,1,264,204,0,469,0,8,38,0,46,1,272,242,0,515,0,0,0,515
07/20/2023,TEB,NJ,AEA,EN,Towers with Radar,0,249,184,0,433,1,41,61,0,103,1,290,245,0,536,0,0,0,536
07/21/2023,TEB,NJ,AEA,EN,Towers with Radar,0,227,153,0,380,0,21,20,2,43,0,248,173,2,423,0,0,0,423
07/22/2023,TEB,NJ,AEA,EN,Towers with Radar,0,145,98,0,243,0,29,61,1,91,0,174,159,1,334,0,0,0,334
07/23/2023,TEB,NJ,AEA,EN,Towers with Radar,1,219,153,0,373,0,37,52,0,89,1,256,205,0,462,0,0,0,462
07/24/2023,TEB,NJ,AEA,EN,Towers with Radar,1,212,152,0,365,0,29,33,4,66,1,241,185,4,431,0,0,0,431
07/25/2023,TEB,NJ,AEA,EN,Towers with Radar,0,245,164,0,409,0,15,42,0,57,0,260,206,0,466,0,0,0,466
07/26/2023,TEB,NJ,AEA,EN,Towers with Radar,0,326,209,1,536,0,17,44,2,63,0,343,253,3,599,0,0,0,599
07/27/2023,TEB,NJ,AEA,EN,Towers with Radar,0,268,193,0,461,0,33,52,0,85,0,301,245,0,546,0,0,0,546
07/28/2023,TEB,NJ,AEA,EN,Towers with Radar,1,246,172,2,421,0,33,52,4,89,1,279,224,6,510,0,0,0,510
07/29/2023,TEB,NJ,AEA,EN,Towers with Radar,0,170,83,0,253,0,10,32,0,42,0,180,115,0,295,0,0,0,295
07/30/2023,TEB,NJ,AEA,EN,Towers with Radar,0,241,176,1,418,0,38,88,2,128,0,279,264,3,546,0,0,0,546
07/31/2023,TEB,NJ,AEA,EN,Towers with Radar,1,247,156,1,405,0,26,52,0,78,1,273,208,1,483,0,0,0,483
08/01/2023,TEB,NJ,AEA,EN,Towers with Radar,0,231,179,0,410,0,27,54,2,83,0,258,233,2,493,0,0,0,493
08/02/2023,TEB,NJ,AEA,EN,Towers with Radar,0,251,184,0,435,0,34,46,1,81,0,285,230,1,516,0,0,0,516
08/03/2023,TEB,NJ,AEA,EN,Towers with Radar,0,241,166,0,407,0,37,24,0,61,0,278,190,0,468,0,0,0,468
08/04/2023,TEB,NJ,AEA,EN,Towers with Radar,1,221,131,0,353,0,14,35,0,49,1,235,166,0,402,0,0,0,402
08/05/2023,TEB,NJ,AEA,EN,Towers with Radar,0,156,108,0,264,0,17,37,0,54,0,173,145,0,318,0,0,0,318
08/06/2023,TEB,NJ,AEA,EN,Towers with Radar,0,178,175,0,353,0,24,55,0,79,0,202,230,0,432,0,0,0,432
08/07/2023,TEB,NJ,AEA,EN,Towers with Radar,0,237,181,0,418,0,2,18,3,23,0,239,199,3,441,0,0,0,441
08/08/2023,TEB,NJ,AEA,EN,Towers with Radar,2,208,203,0,413,0,19,32,0,51,2,227,235,0,464,0,0,0,464
08/09/2023,TEB,NJ,AEA,EN,Towers with Radar,0,217,178,0,395,0,23,39,0,62,0,240,217,0,457,0,0,0,457
08/10/2023,TEB,NJ,AEA,EN,Towers with Radar,0,269,185,0,454,0,22,28,0,50,0,291,213,0,504,0,0,0,504
08/11/2023,TEB,NJ,AEA,EN,Towers with Radar,0,207,98,1,306,0,31,42,2,75,0,238,140,3,381,0,0,0,381
08/12/2023,TEB,NJ,AEA,EN,Towers with Radar,0,139,58,0,197,0,20,24,0,44,0,159,82,0,241,0,0,0,241
08/13/2023,TEB,NJ,AEA,EN,Towers with Radar,0,224,150,0,374,0,30,36,0,66,0,254,186,0,440,0,0,0,440
08/14/2023,TEB,NJ,AEA,EN,Towers with Radar,0,206,152,0,358,0,28,29,0,57,0,234,181,0,415,0,0,0,415
08/15/2023,TEB,NJ,AEA,EN,Towers with Radar,1,231,147,1,380,0,0,22,0,22,1,231,169,1,402,0,0,0,402
08/16/2023,TEB,NJ,AEA,EN,Towers with Radar,0,249,192,2,443,0,7,26,0,33,0,256,218,2,476,0,0,0,476
08/17/2023,TEB,NJ,AEA,EN,Towers with Radar,1,274,173,0,448,0,3,18,2,23,1,277,191,2,471,0,0,0,471
08/18/2023,TEB,NJ,AEA,EN,Towers with Radar,0,205,120,0,325,0,23,42,0,65,0,228,162,0,390,0,0,0,390
08/19/2023,TEB,NJ,AEA,EN,Towers with Radar,0,126,59,0,185,0,22,27,0,49,0,148,86,0,234,0,0,0,234
08/20/2023,TEB,NJ,AEA,EN,Towers with Radar,0,191,127,0,318,0,32,45,0,77,0,223,172,0,395,0,0,0,395
08/21/2023,TEB,NJ,AEA,EN,Towers with Radar,0,182,132,0,314,0,33,24,1,58,0,215,156,1,372,0,0,0,372
08/22/2023,TEB,NJ,AEA,EN,Towers with Radar,0,200,119,0,319,0,26,35,0,61,0,226,154,0,380,0,0,0,380
08/23/2023,TEB,NJ,AEA,EN,Towers with Radar,0,230,139,0,369,0,18,55,5,78,0,248,194,5,447,0,0,0,447
08/24/2023,TEB,NJ,AEA,EN,Towers with Radar,0,253,187,0,440,0,14,19,0,33,0,267,206,0,473,0,0,0,473
08/25/2023,TEB,NJ,AEA,EN,Towers with Radar,0,227,142,1,370,0,7,25,0,32,0,234,167,1,402,0,0,0,402
08/26/2023,TEB,NJ,AEA,EN,Towers with Radar,0,129,63,0,192,0,11,34,5,50,0,140,97,5,242,0,0,0,242
08/27/2023,TEB,NJ,AEA,EN,Towers with Radar,0,222,184,0,406,0,30,36,1,67,0,252,220,1,473,0,0,0,473
08/28/2023,TEB,NJ,AEA,EN,Towers with Radar,0,213,147,2,362,0,11,35,2,48,0,224,182,4,410,0,0,0,410
08/29/2023,TEB,NJ,AEA,EN,Towers with Radar,1,234,190,3,428,0,12,20,0,32,1,246,210,3,460,0,0,0,460
08/30/2023,TEB,NJ,AEA,EN,Towers with Radar,0,242,164,2,408,0,15,40,0,55,0,257,204,2,463,0,0,0,463
08/31/2023,TEB,NJ,AEA,EN,Towers with Radar,0,255,182,0,437,0,43,46,2,91,0,298,228,2,528,0,0,0,528
