01/01/2020,TKI,TX,ASW,CE,Federal Contract Tower,0,3,8,0,11,0,3,54,0,57,0,6,62,0,68,145,0,145,213
01/02/2020,TKI,TX,ASW,CE,Federal Contract Tower,0,4,17,0,21,0,7,94,0,101,0,11,111,0,122,406,0,406,528
01/03/2020,TKI,TX,ASW,CE,Federal Contract Tower,0,6,25,0,31,0,7,83,0,90,0,13,108,0,121,217,0,217,338
01/04/2020,TKI,TX,ASW,CE,Federal Contract Tower,0,3,22,0,25,0,7,171,0,178,0,10,193,0,203,293,0,293,496
01/05/2020,TKI,TX,ASW,CE,Federal Contract Tower,0,7,21,0,28,0,5,123,0,128,0,12,144,0,156,173,0,173,329
01/06/2020,TKI,TX,ASW,CE,Federal Contract Tower,0,4,19,0,23,0,12,126,0,138,0,16,145,0,161,501,0,501,662
01/07/2020,TKI,TX,ASW,CE,Federal Contract Tower,0,8,23,0,31,0,14,142,0,156,0,22,165,0,187,536,0,536,723
01/08/2020,TKI,TX,ASW,CE,Federal Contract Tower,0,3,16,0,19,0,10,117,2,129,0,13,133,2,148,267,0,267,415
01/09/2020,TKI,TX,ASW,CE,Federal Contract Tower,0,2,34,0,36,0,5,5,0,10,0,7,39,0,46,4,0,4,50
01/10/2020,TKI,TX,ASW,CE,Federal Contract Tower,0,5,17,0,22,0,0,0,0,0,0,5,17,0,22,1,0,1,23
01/11/2020,TKI,TX,ASW,CE,Federal Contract Tower,0,5,29,0,34,0,5,41,0,46,0,10,70,0,80,123,0,123,203
01/12/2020,TKI,TX,ASW,CE,Federal Contract Tower,0,6,33,0,39,0,6,130,0,136,0,12,163,0,175,271,0,271,446
01/13/2020,TKI,TX,ASW,CE,Federal Contract Tower,0,3,45,0,48,0,4,7,0,11,0,7,52,0,59,95,0,95,154
01/14/2020,TKI,TX,ASW,CE,Federal Contract Tower,0,14,42,0,56,0,6,64,0,70,0,20,106,0,126,307,0,307,433
01/15/2020,TKI,TX,ASW,CE,Federal Contract Tower,0,1,51,0,52,0,1,53,0,54,0,2,104,0,106,162,0,162,268
01/16/2020,TKI,TX,ASW,CE,Federal Contract Tower,0,12,35,0,47,0,1,2,0,3,0,13,37,0,50,5,0,5,55
01/17/2020,TKI,TX,ASW,CE,Federal Contract Tower,0,10,19,0,29,0,0,0,0,0,0,10,19,0,29,9,0,9,38
01/18/2020,TKI,TX,ASW,CE,Federal Contract Tower,0,1,26,0,27,0,4,90,0,94,0,5,116,0,121,228,0,228,349
01/19/2020,TKI,TX,ASW,CE,Federal Contract Tower,0,6,12,0,18,0,3,128,0,131,0,9,140,0,149,340,0,340,489
01/20/2020,TKI,TX,ASW,CE,Federal Contract Tower,0,3,27,0,30,0,6,185,0,191,0,9,212,0,221,434,0,434,655
01/21/2020,TKI,TX,ASW,CE,Federal Contract Tower,0,4,32,0,36,0,14,154,1,169,0,18,186,1,205,447,1,448,653
01/22/2020,TKI,TX,ASW,CE,Federal Contract Tower,0,7,30,0,37,0,0,0,0,0,0,7,30,0,37,5,0,5,42
01/23/2020,TKI,TX,ASW,CE,Federal Contract Tower,0,9,43,0,52,0,9,88,0,97,0,18,131,0,149,312,0,312,461
01/24/2020,TKI,TX,ASW,CE,Federal Contract Tower,0,11,17,0,28,0,13,173,0,186,0,24,190,0,214,388,0,388,602
01/25/2020,TKI,TX,ASW,CE,Federal Contract Tower,0,8,7,0,15,0,11,159,0,170,0,19,166,0,185,298,0,298,483
01/26/2020,TKI,TX,ASW,CE,Federal Contract Tower,0,11,40,0,51,0,8,60,0,68,0,19,100,0,119,174,0,174,293
01/27/2020,TKI,TX,ASW,CE,Federal Contract Tower,0,13,40,0,53,0,8,36,0,44,0,21,76,0,97,79,0,79,176
01/28/2020,TKI,TX,ASW,CE,Federal Contract Tower,0,5,28,0,33,0,7,5,0,12,0,12,33,0,45,3,0,3,48
01/29/2020,TKI,TX,ASW,CE,Federal Contract Tower,0,9,33,0,42,0,4,22,0,26,0,13,55,0,68,98,0,98,166
01/30/2020,TKI,TX,ASW,CE,Federal Contract Tower,0,6,49,0,55,0,3,4,0,7,0,9,53,0,62,60,0,60,122
01/31/2020,TKI,TX,ASW,CE,Federal Contract Tower,0,5,27,0,32,0,12,114,0,126,0,17,141,0,158,465,0,465,623
02/01/2020,TKI,TX,ASW,CE,Federal Contract Tower,0,0,16,0,16,0,14,201,0,215,0,14,217,0,231,390,0,390,621
02/02/2020,TKI,TX,ASW,CE,Federal Contract Tower,0,6,14,0,20,0,0,137,0,137,0,6,151,0,157,191,0,191,348
02/03/2020,TKI,TX,ASW,CE,Federal Contract Tower,0,11,33,0,44,0,13,74,0,87,0,24,107,0,131,207,0,207,338
02/04/2020,TKI,TX,ASW,CE,Federal Contract Tower,0,4,47,0,51,0,2,2,0,4,0,6,49,0,55,17,0,17,72
02/05/2020,TKI,TX,ASW,CE,Federal Contract Tower,0,1,12,0,13,0,2,0,0,2,0,3,12,0,15,7,0,7,22
02/06/2020,TKI,TX,ASW,CE,Federal Contract Tower,0,6,21,0,27,0,16,119,1,136,0,22,140,1,163,418,1,419,582
02/07/2020,TKI,TX,ASW,CE,Federal Contract Tower,0,6,21,0,27,0,13,165,0,178,0,19,186,0,205,550,0,550,755
02/08/2020,TKI,TX,ASW,CE,Federal Contract Tower,0,1,12,0,13,0,17,208,0,225,0,18,220,0,238,405,0,405,643
02/09/2020,TKI,TX,ASW,CE,Federal Contract Tower,0,4,22,0,26,0,0,0,0,0,0,4,22,0,26,3,0,3,29
02/10/2020,TKI,TX,ASW,CE,Federal Contract Tower,0,2,37,0,39,0,0,30,0,30,0,2,67,0,69,213,0,213,282
02/11/2020,TKI,TX,ASW,CE,Federal Contract Tower,0,6,32,0,38,0,0,2,0,2,0,6,34,0,40,8,0,8,48
02/12/2020,TKI,TX,ASW,CE,Federal Contract Tower,0,3,41,1,45,0,2,9,0,11,0,5,50,1,56,70,0,70,126
02/13/2020,TKI,TX,ASW,CE,Federal Contract Tower,0,9,46,1,56,0,9,96,0,105,0,18,142,1,161,502,0,502,663
02/14/2020,TKI,TX,ASW,CE,Federal Contract Tower,0,5,15,0,20,0,7,110,0,117,0,12,125,0,137,342,0,342,479
02/15/2020,TKI,TX,ASW,CE,Federal Contract Tower,0,5,12,0,17,0,6,140,0,146,0,11,152,0,163,270,0,270,433
02/16/2020,TKI,TX,ASW,CE,Federal Contract Tower,0,4,26,0,30,0,14,113,0,127,0,18,139,0,157,274,0,274,431
02/17/2020,TKI,TX,ASW,CE,Federal Contract Tower,0,6,35,0,41,0,16,88,0,104,0,22,123,0,145,314,0,314,459
02/18/2020,TKI,TX,ASW,CE,Federal Contract Tower,0,2,25,0,27,0,7,38,0,45,0,9,63,0,72,214,0,214,286
02/19/2020,TKI,TX,ASW,CE,Federal Contract Tower,0,6,37,0,43,0,8,71,0,79,0,14,108,0,122,293,0,293,415
02/20/2020,TKI,TX,ASW,CE,Federal Contract Tower,0,8,32,0,40,0,9,78,0,87,0,17,110,0,127,225,0,225,352
02/21/2020,TKI,TX,ASW,CE,Federal Contract Tower,0,3,21,0,24,0,20,191,0,211,0,23,212,0,235,396,0,396,631
02/22/2020,TKI,TX,ASW,CE,Federal Contract Tower,0,9,13,0,22,0,6,159,0,165,0,15,172,0,187,311,0,311,498
02/23/2020,TKI,TX,ASW,CE,Federal Contract Tower,0,4,38,0,42,0,1,21,0,22,0,5,59,0,64,103,0,103,167
02/24/2020,TKI,TX,ASW,CE,Federal Contract Tower,0,4,21,0,25,0,6,47,0,53,0,10,68,0,78,73,0,73,151
02/25/2020,TKI,TX,ASW,CE,Federal Contract Tower,0,4,20,0,24,0,24,129,3,156,0,28,149,3,180,420,0,420,600
02/26/2020,TKI,TX,ASW,CE,Federal Contract Tower,0,7,24,0,31,0,17,58,3,78,0,24,82,3,109,90,0,90,199
02/27/2020,TKI,TX,ASW,CE,Federal Contract Tower,0,4,18,0,22,0,14,154,0,168,0,18,172,0,190,417,0,417,607
02/28/2020,TKI,TX,ASW,CE,Federal Contract Tower,0,3,16,0,19,0,14,167,0,181,0,17,183,0,200,493,0,493,693
02/29/2020,TKI,TX,ASW,CE,Federal Contract Tower,0,1,12,0,13,0,7,148,0,155,0,8,160,0,168,258,0,258,426
03/01/2020,TKI,TX,ASW,CE,Federal Contract Tower,0,5,18,0,23,0,2,22,0,24,0,7,40,0,47,53,0,53,100
03/02/2020,TKI,TX,ASW,CE,Federal Contract Tower,0,4,35,0,39,0,7,114,0,121,0,11,149,0,160,462,0,462,622
03/03/2020,TKI,TX,ASW,CE,Federal Contract Tower,0,7,28,0,35,0,11,95,0,106,0,18,123,0,141,453,0,453,594
03/04/2020,TKI,TX,ASW,CE,Federal Contract Tower,0,6,29,0,35,0,5,12,0,17,0,11,41,0,52,17,0,17,69
03/05/2020,TKI,TX,ASW,CE,Federal Contract Tower,0,12,36,0,48,0,13,196,0,209,0,25,232,0,257,448,0,448,705
03/06/2020,TKI,TX,ASW,CE,Federal Contract Tower,0,8,26,0,34,0,22,163,0,185,0,30,189,0,219,448,0,448,667
03/07/2020,TKI,TX,ASW,CE,Federal Contract Tower,0,1,18,0,19,0,4,170,0,174,0,5,188,0,193,246,0,246,439
03/08/2020,TKI,TX,ASW,CE,Federal Contract Tower,0,13,37,0,50,0,7,39,0,46,0,20,76,0,96,153,0,153,249
03/09/2020,TKI,TX,ASW,CE,Federal Contract Tower,0,13,21,0,34,0,5,23,0,28,0,18,44,0,62,119,0,119,181
03/10/2020,TKI,TX,ASW,CE,Federal Contract Tower,0,5,32,0,37,0,14,205,0,219,0,19,237,0,256,625,0,625,881
03/11/2020,TKI,TX,ASW,CE,Federal Contract Tower,0,5,27,0,32,0,11,79,0,90,0,16,106,0,122,251,0,251,373
03/12/2020,TKI,TX,ASW,CE,Federal Contract Tower,0,10,50,0,60,0,13,109,0,122,0,23,159,0,182,257,0,257,439
03/13/2020,TKI,TX,ASW,CE,Federal Contract Tower,0,5,29,0,34,0,2,0,0,2,0,7,29,0,36,1,0,1,37
03/14/2020,TKI,TX,ASW,CE,Federal Contract Tower,0,3,25,0,28,0,0,0,0,0,0,3,25,0,28,7,0,7,35
03/15/2020,TKI,TX,ASW,CE,Federal Contract Tower,0,11,34,0,45,0,0,0,0,0,0,11,34,0,45,9,0,9,54
03/16/2020,TKI,TX,ASW,CE,Federal Contract Tower,0,5,44,0,49,0,0,6,0,6,0,5,50,0,55,42,0,42,97
03/17/2020,TKI,TX,ASW,CE,Federal Contract Tower,0,5,20,0,25,0,0,0,0,0,0,5,20,0,25,5,0,5,30
03/18/2020,TKI,TX,ASW,CE,Federal Contract Tower,0,0,33,0,33,0,4,47,0,51,0,4,80,0,84,181,0,181,265
03/19/2020,TKI,TX,ASW,CE,Federal Contract Tower,0,9,7,0,16,0,3,19,0,22,0,12,26,0,38,35,0,35,73
03/20/2020,TKI,TX,ASW,CE,Federal Contract Tower,0,9,28,0,37,0,9,39,0,48,0,18,67,0,85,172,0,172,257
03/21/2020,TKI,TX,ASW,CE,Federal Contract Tower,0,0,37,0,37,0,1,34,0,35,0,1,71,0,72,256,0,256,328
03/22/2020,TKI,TX,ASW,CE,Federal Contract Tower,0,4,14,0,18,0,0,0,0,0,0,4,14,0,18,6,0,6,24
03/23/2020,TKI,TX,ASW,CE,Federal Contract Tower,0,4,29,0,33,0,0,0,0,0,0,4,29,0,33,19,0,19,52
03/24/2020,TKI,TX,ASW,CE,Federal Contract Tower,0,4,19,0,23,0,16,56,0,72,0,20,75,0,95,162,0,162,257
03/25/2020,TKI,TX,ASW,CE,Federal Contract Tower,0,3,10,0,13,0,8,162,0,170,0,11,172,0,183,367,0,367,550
03/26/2020,TKI,TX,ASW,CE,Federal Contract Tower,0,2,7,0,9,0,8,84,0,92,0,10,91,0,101,217,0,217,318
03/27/2020,TKI,TX,ASW,CE,Federal Contract Tower,0,3,10,0,13,0,5,39,0,44,0,8,49,0,57,77,0,77,134
03/28/2020,TKI,TX,ASW,CE,Federal Contract Tower,0,0,2,0,2,0,6,44,0,50,0,6,46,0,52,69,0,69,121
03/29/2020,TKI,TX,ASW,CE,Federal Contract Tower,0,1,8,0,9,0,12,128,0,140,0,13,136,0,149,498,0,498,647
03/30/2020,TKI,TX,ASW,CE,Federal Contract Tower,0,3,3,0,6,0,3,13,0,16,0,6,16,0,22,45,0,45,67
03/31/2020,TKI,TX,ASW,CE,Federal Contract Tower,0,11,11,0,22,0,19,63,0,82,0,30,74,0,104,353,0,353,457
04/01/2020,TKI,TX,ASW,CE,Federal Contract Tower,0,4,12,0,16,0,16,126,0,142,0,20,138,0,158,315,0,315,473
04/02/2020,TKI,TX,ASW,CE,Federal Contract Tower,0,5,16,0,21,0,2,21,0,23,0,7,37,0,44,60,0,60,104
04/03/2020,TKI,TX,ASW,CE,Federal Contract Tower,0,13,13,0,26,0,0,0,0,0,0,13,13,0,26,14,0,14,40
04/04/2020,TKI,TX,ASW,CE,Federal Contract Tower,0,5,10,0,15,0,0,0,0,0,0,5,10,0,15,5,0,5,20
04/05/2020,TKI,TX,ASW,CE,Federal Contract Tower,0,6,18,0,24,0,3,4,0,7,0,9,22,0,31,45,0,45,76
04/06/2020,TKI,TX,ASW,CE,Federal Contract Tower,0,2,17,0,19,0,17,37,0,54,0,19,54,0,73,118,0,118,191
04/07/2020,TKI,TX,ASW,CE,Federal Contract Tower,0,6,9,0,15,0,13,80,2,95,0,19,89,2,110,210,0,210,320
04/08/2020,TKI,TX,ASW,CE,Federal Contract Tower,0,5,1,0,6,0,21,84,2,107,0,26,85,2,113,182,0,182,295
04/09/2020,TKI,TX,ASW,CE,Federal Contract Tower,0,2,11,0,13,0,17,44,2,63,0,19,55,2,76,98,4,102,178
04/10/2020,TKI,TX,ASW,CE,Federal Contract Tower,0,0,11,0,11,0,15,125,0,140,0,15,136,0,151,232,0,232,383
04/11/2020,TKI,TX,ASW,CE,Federal Contract Tower,0,0,8,0,8,0,1,13,0,14,0,1,21,0,22,28,0,28,50
04/12/2020,TKI,TX,ASW,CE,Federal Contract Tower,0,5,1,0,6,0,4,26,0,30,0,9,27,0,36,70,0,70,106
04/13/2020,TKI,TX,ASW,CE,Federal Contract Tower,0,0,9,2,11,0,16,60,0,76,0,16,69,2,87,121,0,121,208
04/14/2020,TKI,TX,ASW,CE,Federal Contract Tower,0,0,8,0,8,0,16,68,0,84,0,16,76,0,92,210,0,210,302
04/15/2020,TKI,TX,ASW,CE,Federal Contract Tower,0,0,3,0,3,0,16,97,0,113,0,16,100,0,116,276,0,276,392
04/16/2020,TKI,TX,ASW,CE,Federal Contract Tower,0,2,8,0,10,0,6,59,0,65,0,8,67,0,75,94,0,94,169
04/17/2020,TKI,TX,ASW,CE,Federal Contract Tower,0,1,26,0,27,0,6,36,0,42,0,7,62,0,69,190,0,190,259
04/18/2020,TKI,TX,ASW,CE,Federal Contract Tower,0,0,4,0,4,0,18,71,0,89,0,18,75,0,93,212,0,212,305
04/19/2020,TKI,TX,ASW,CE,Federal Contract Tower,0,1,17,0,18,0,6,12,0,18,0,7,29,0,36,25,0,25,61
04/20/2020,TKI,TX,ASW,CE,Federal Contract Tower,0,2,15,0,17,0,16,57,0,73,0,18,72,0,90,180,0,180,270
04/21/2020,TKI,TX,ASW,CE,Federal Contract Tower,0,3,7,0,10,0,14,88,0,102,0,17,95,0,112,300,0,300,412
04/22/2020,TKI,TX,ASW,CE,Federal Contract Tower,0,1,3,0,4,0,0,0,0,0,0,1,3,0,4,0,0,0,4
04/23/2020,TKI,TX,ASW,CE,Federal Contract Tower,0,1,7,0,8,0,6,136,0,142,0,7,143,0,150,348,0,348,498
04/24/2020,TKI,TX,ASW,CE,Federal Contract Tower,0,0,14,0,14,0,9,83,0,92,0,9,97,0,106,129,0,129,235
04/25/2020,TKI,TX,ASW,CE,Federal Contract Tower,0,0,9,0,9,0,8,73,0,81,0,8,82,0,90,159,0,159,249
04/26/2020,TKI,TX,ASW,CE,Federal Contract Tower,0,1,13,0,14,0,12,120,0,132,0,13,133,0,146,370,0,370,516
04/27/2020,TKI,TX,ASW,CE,Federal Contract Tower,0,4,12,0,16,0,5,36,0,41,0,9,48,0,57,98,0,98,155
04/28/2020,TKI,TX,ASW,CE,Federal Contract Tower,0,7,14,0,21,0,8,43,0,51,0,15,57,0,72,103,0,103,175
04/29/2020,TKI,TX,ASW,CE,Federal Contract Tower,0,2,11,0,13,0,3,52,0,55,0,5,63,0,68,166,0,166,234
04/30/2020,TKI,TX,ASW,CE,Federal Contract Tower,0,1,9,0,10,0,13,166,0,179,0,14,175,0,189,402,0,402,591
05/01/2020,TKI,TX,ASW,CE,Federal Contract Tower,0,3,8,0,11,0,8,61,0,69,0,11,69,0,80,115,0,115,195
05/02/2020,TKI,TX,ASW,CE,Federal Contract Tower,0,0,11,0,11,0,5,49,0,54,0,5,60,0,65,88,0,88,153
05/03/2020,TKI,TX,ASW,CE,Federal Contract Tower,0,2,12,0,14,0,9,86,0,95,0,11,98,0,109,270,0,270,379
05/04/2020,TKI,TX,ASW,CE,Federal Contract Tower,0,4,12,0,16,0,17,77,0,94,0,21,89,0,110,159,0,159,269
05/05/2020,TKI,TX,ASW,CE,Federal Contract Tower,0,1,16,0,17,0,10,62,0,72,0,11,78,0,89,271,0,271,360
05/06/2020,TKI,TX,ASW,CE,Federal Contract Tower,0,9,20,0,29,0,23,159,0,182,0,32,179,0,211,443,0,443,654
05/07/2020,TKI,TX,ASW,CE,Federal Contract Tower,0,6,19,0,25,0,6,79,0,85,0,12,98,0,110,180,0,180,290
05/08/2020,TKI,TX,ASW,CE,Federal Contract Tower,0,5,19,0,24,0,4,23,0,27,0,9,42,0,51,26,0,26,77
05/09/2020,TKI,TX,ASW,CE,Federal Contract Tower,0,4,10,0,14,0,9,120,0,129,0,13,130,0,143,444,0,444,587
05/10/2020,TKI,TX,ASW,CE,Federal Contract Tower,0,5,8,0,13,0,5,71,0,76,0,10,79,0,89,155,0,155,244
05/11/2020,TKI,TX,ASW,CE,Federal Contract Tower,0,0,23,0,23,0,13,112,1,126,0,13,135,1,149,335,0,335,484
05/12/2020,TKI,TX,ASW,CE,Federal Contract Tower,0,2,18,0,20,0,0,3,0,3,0,2,21,0,23,13,0,13,36
05/13/2020,TKI,TX,ASW,CE,Federal Contract Tower,0,3,31,0,34,0,15,52,0,67,0,18,83,0,101,216,0,216,317
05/14/2020,TKI,TX,ASW,CE,Federal Contract Tower,0,5,39,0,44,0,3,88,0,91,0,8,127,0,135,254,0,254,389
05/15/2020,TKI,TX,ASW,CE,Federal Contract Tower,0,11,44,0,55,0,8,32,0,40,0,19,76,0,95,97,0,97,192
05/16/2020,TKI,TX,ASW,CE,Federal Contract Tower,0,4,8,0,12,0,0,0,0,0,0,4,8,0,12,0,0,0,12
05/17/2020,TKI,TX,ASW,CE,Federal Contract Tower,0,9,17,0,26,0,18,87,0,105,0,27,104,0,131,313,0,313,444
05/18/2020,TKI,TX,ASW,CE,Federal Contract Tower,0,5,16,0,21,0,14,144,0,158,0,19,160,0,179,483,0,483,662
05/19/2020,TKI,TX,ASW,CE,Federal Contract Tower,0,1,26,1,28,0,22,154,4,180,0,23,180,5,208,517,0,517,725
05/20/2020,TKI,TX,ASW,CE,Federal Contract Tower,0,5,44,0,49,0,11,55,0,66,0,16,99,0,115,212,0,212,327
05/21/2020,TKI,TX,ASW,CE,Federal Contract Tower,0,14,39,0,53,0,5,57,0,62,0,19,96,0,115,146,0,146,261
05/22/2020,TKI,TX,ASW,CE,Federal Contract Tower,0,9,27,0,36,0,3,39,0,42,0,12,66,0,78,228,0,228,306
05/23/2020,TKI,TX,ASW,CE,Federal Contract Tower,0,3,12,0,15,0,6,61,0,67,0,9,73,0,82,166,0,166,248
05/24/2020,TKI,TX,ASW,CE,Federal Contract Tower,0,10,14,0,24,0,7,37,0,44,0,17,51,0,68,87,0,87,155
05/25/2020,TKI,TX,ASW,CE,Federal Contract Tower,0,4,16,0,20,0,5,0,0,5,0,9,16,0,25,5,0,5,30
05/26/2020,TKI,TX,ASW,CE,Federal Contract Tower,0,10,36,0,46,0,12,75,0,87,0,22,111,0,133,291,0,291,424
05/27/2020,TKI,TX,ASW,CE,Federal Contract Tower,0,7,22,0,29,0,18,138,0,156,0,25,160,0,185,423,0,423,608
05/28/2020,TKI,TX,ASW,CE,Federal Contract Tower,0,6,29,0,35,0,14,124,0,138,0,20,153,0,173,335,0,335,508
05/29/2020,TKI,TX,ASW,CE,Federal Contract Tower,0,6,18,0,24,0,9,144,0,153,0,15,162,0,177,350,0,350,527
05/30/2020,TKI,TX,ASW,CE,Federal Contract Tower,0,2,7,0,9,0,4,165,0,169,0,6,172,0,178,441,0,441,619
05/31/2020,TKI,TX,ASW,CE,Federal Contract Tower,0,1,14,0,15,0,15,128,0,143,0,16,142,0,158,388,0,388,546
06/01/2020,TKI,TX,ASW,CE,Federal Contract Tower,0,4,27,0,31,0,10,113,0,123,0,14,140,0,154,456,0,456,610
06/02/2020,TKI,TX,ASW,CE,Federal Contract Tower,0,9,22,0,31,0,18,77,0,95,0,27,99,0,126,340,0,340,466
06/03/2020,TKI,TX,ASW,CE,Federal Contract Tower,0,7,38,0,45,0,23,114,0,137,0,30,152,0,182,326,0,326,508
06/04/2020,TKI,TX,ASW,CE,Federal Contract Tower,0,4,22,0,26,0,16,114,0,130,0,20,136,0,156,384,0,384,540
06/05/2020,TKI,TX,ASW,CE,Federal Contract Tower,0,3,27,0,30,0,8,116,0,124,0,11,143,0,154,347,0,347,501
06/06/2020,TKI,TX,ASW,CE,Federal Contract Tower,0,5,28,0,33,0,11,124,0,135,0,16,152,0,168,356,0,356,524
06/07/2020,TKI,TX,ASW,CE,Federal Contract Tower,0,1,18,0,19,0,14,114,0,128,0,15,132,0,147,284,0,284,431
06/08/2020,TKI,TX,ASW,CE,Federal Contract Tower,0,2,22,0,24,0,22,131,0,153,0,24,153,0,177,402,0,402,579
06/09/2020,TKI,TX,ASW,CE,Federal Contract Tower,0,8,5,0,13,0,14,27,0,41,0,22,32,0,54,120,0,120,174
06/10/2020,TKI,TX,ASW,CE,Federal Contract Tower,0,4,15,0,19,0,13,87,0,100,0,17,102,0,119,262,0,262,381
06/11/2020,TKI,TX,ASW,CE,Federal Contract Tower,0,9,48,0,57,0,25,101,0,126,0,34,149,0,183,213,0,213,396
06/12/2020,TKI,TX,ASW,CE,Federal Contract Tower,0,6,43,0,49,0,15,180,0,195,0,21,223,0,244,466,0,466,710
06/13/2020,TKI,TX,ASW,CE,Federal Contract Tower,0,1,19,0,20,0,12,120,0,132,0,13,139,0,152,299,0,299,451
06/14/2020,TKI,TX,ASW,CE,Federal Contract Tower,0,9,19,0,28,0,12,108,0,120,0,21,127,0,148,223,0,223,371
06/15/2020,TKI,TX,ASW,CE,Federal Contract Tower,0,2,20,0,22,0,11,115,0,126,0,13,135,0,148,393,0,393,541
06/16/2020,TKI,TX,ASW,CE,Federal Contract Tower,0,7,22,0,29,0,18,118,0,136,0,25,140,0,165,347,0,347,512
06/17/2020,TKI,TX,ASW,CE,Federal Contract Tower,0,11,24,0,35,0,23,139,0,162,0,34,163,0,197,372,0,372,569
06/18/2020,TKI,TX,ASW,CE,Federal Contract Tower,0,6,23,0,29,0,19,121,1,141,0,25,144,1,170,290,0,290,460
06/19/2020,TKI,TX,ASW,CE,Federal Contract Tower,0,6,41,0,47,0,8,92,1,101,0,14,133,1,148,348,1,349,497
06/20/2020,TKI,TX,ASW,CE,Federal Contract Tower,0,5,39,0,44,0,17,78,0,95,0,22,117,0,139,233,0,233,372
06/21/2020,TKI,TX,ASW,CE,Federal Contract Tower,0,6,17,0,23,0,11,34,0,45,0,17,51,0,68,81,0,81,149
06/22/2020,TKI,TX,ASW,CE,Federal Contract Tower,0,5,22,0,27,0,19,80,0,99,0,24,102,0,126,256,0,256,382
06/23/2020,TKI,TX,ASW,CE,Federal Contract Tower,0,7,15,0,22,0,7,36,0,43,0,14,51,0,65,93,0,93,158
06/24/2020,TKI,TX,ASW,CE,Federal Contract Tower,0,7,22,0,29,0,33,149,0,182,0,40,171,0,211,369,0,369,580
06/25/2020,TKI,TX,ASW,CE,Federal Contract Tower,0,12,29,0,41,0,14,82,0,96,0,26,111,0,137,185,0,185,322
06/26/2020,TKI,TX,ASW,CE,Federal Contract Tower,0,9,32,0,41,0,7,62,0,69,0,16,94,0,110,180,0,180,290
06/27/2020,TKI,TX,ASW,CE,Federal Contract Tower,0,7,38,0,45,0,9,68,0,77,0,16,106,0,122,159,0,159,281
06/28/2020,TKI,TX,ASW,CE,Federal Contract Tower,0,10,16,0,26,0,8,11,0,19,0,18,27,0,45,28,0,28,73
06/29/2020,TKI,TX,ASW,CE,Federal Contract Tower,0,4,40,0,44,0,5,42,0,47,0,9,82,0,91,144,0,144,235
06/30/2020,TKI,TX,ASW,CE,Federal Contract Tower,0,7,43,0,50,0,16,59,2,77,0,23,102,2,127,171,0,171,298
07/01/2020,TKI,TX,ASW,CE,Federal Contract Tower,0,12,41,0,53,0,16,73,0,89,0,28,114,0,142,312,0,312,454
07/02/2020,TKI,TX,ASW,CE,Federal Contract Tower,0,10,39,0,49,0,15,93,0,108,0,25,132,0,157,272,0,272,429
07/03/2020,TKI,TX,ASW,CE,Federal Contract Tower,0,0,27,0,27,0,11,122,0,133,0,11,149,0,160,329,0,329,489
07/04/2020,TKI,TX,ASW,CE,Federal Contract Tower,0,4,7,0,11,0,11,82,0,93,0,15,89,0,104,186,0,186,290
07/05/2020,TKI,TX,ASW,CE,Federal Contract Tower,0,1,31,0,32,0,15,70,0,85,0,16,101,0,117,221,0,221,338
07/06/2020,TKI,TX,ASW,CE,Federal Contract Tower,0,9,27,0,36,0,8,38,0,46,0,17,65,0,82,133,0,133,215
07/07/2020,TKI,TX,ASW,CE,Federal Contract Tower,0,8,30,0,38,0,22,45,0,67,0,30,75,0,105,240,0,240,345
07/08/2020,TKI,TX,ASW,CE,Federal Contract Tower,0,7,39,0,46,0,23,100,0,123,0,30,139,0,169,359,0,359,528
07/09/2020,TKI,TX,ASW,CE,Federal Contract Tower,0,6,43,0,49,0,20,115,0,135,0,26,158,0,184,287,0,287,471
07/10/2020,TKI,TX,ASW,CE,Federal Contract Tower,0,6,24,0,30,0,21,128,0,149,0,27,152,0,179,309,0,309,488
07/11/2020,TKI,TX,ASW,CE,Federal Contract Tower,0,9,21,0,30,0,12,99,0,111,0,21,120,0,141,260,0,260,401
07/12/2020,TKI,TX,ASW,CE,Federal Contract Tower,0,11,21,0,32,0,26,91,0,117,0,37,112,0,149,254,0,254,403
07/13/2020,TKI,TX,ASW,CE,Federal Contract Tower,0,3,11,0,14,0,31,93,0,124,0,34,104,0,138,450,0,450,588
07/14/2020,TKI,TX,ASW,CE,Federal Contract Tower,0,7,23,0,30,0,28,97,0,125,0,35,120,0,155,297,0,297,452
07/15/2020,TKI,TX,ASW,CE,Federal Contract Tower,0,4,22,0,26,0,25,107,0,132,0,29,129,0,158,347,0,347,505
07/16/2020,TKI,TX,ASW,CE,Federal Contract Tower,0,6,13,0,19,0,24,122,0,146,0,30,135,0,165,500,0,500,665
07/17/2020,TKI,TX,ASW,CE,Federal Contract Tower,0,5,18,0,23,0,15,145,0,160,0,20,163,0,183,373,0,373,556
07/18/2020,TKI,TX,ASW,CE,Federal Contract Tower,0,11,20,0,31,0,9,119,0,128,0,20,139,0,159,314,0,314,473
07/19/2020,TKI,TX,ASW,CE,Federal Contract Tower,0,8,18,0,26,0,13,117,0,130,0,21,135,0,156,307,0,307,463
07/20/2020,TKI,TX,ASW,CE,Federal Contract Tower,0,7,23,0,30,0,30,112,0,142,0,37,135,0,172,471,0,471,643
07/21/2020,TKI,TX,ASW,CE,Federal Contract Tower,0,9,57,0,66,0,25,63,0,88,0,34,120,0,154,272,0,272,426
07/22/2020,TKI,TX,ASW,CE,Federal Contract Tower,0,8,48,0,56,0,17,47,0,64,0,25,95,0,120,113,0,113,233
07/23/2020,TKI,TX,ASW,CE,Federal Contract Tower,0,12,22,0,34,0,9,97,0,106,0,21,119,0,140,211,0,211,351
07/24/2020,TKI,TX,ASW,CE,Federal Contract Tower,0,6,25,0,31,0,16,119,0,135,0,22,144,0,166,425,0,425,591
07/25/2020,TKI,TX,ASW,CE,Federal Contract Tower,0,1,32,0,33,0,8,85,0,93,0,9,117,0,126,298,0,298,424
07/26/2020,TKI,TX,ASW,CE,Federal Contract Tower,0,6,37,0,43,0,21,74,0,95,0,27,111,0,138,258,0,258,396
07/27/2020,TKI,TX,ASW,CE,Federal Contract Tower,0,7,46,1,54,0,27,102,1,130,0,34,148,2,184,385,0,385,569
07/28/2020,TKI,TX,ASW,CE,Federal Contract Tower,0,3,32,0,35,0,21,42,0,63,0,24,74,0,98,182,0,182,280
07/29/2020,TKI,TX,ASW,CE,Federal Contract Tower,0,2,27,0,29,0,23,144,0,167,0,25,171,0,196,387,0,387,583
07/30/2020,TKI,TX,ASW,CE,Federal Contract Tower,0,6,27,0,33,0,17,143,0,160,0,23,170,0,193,305,0,305,498
07/31/2020,TKI,TX,ASW,CE,Federal Contract Tower,0,12,39,0,51,0,16,124,0,140,0,28,163,0,191,338,0,338,529
08/01/2020,TKI,TX,ASW,CE,Federal Contract Tower,0,5,14,0,19,0,22,139,0,161,0,27,153,0,180,289,0,289,469
08/02/2020,TKI,TX,ASW,CE,Federal Contract Tower,0,7,18,0,25,0,21,101,0,122,0,28,119,0,147,211,0,211,358
08/03/2020,TKI,TX,ASW,CE,Federal Contract Tower,0,3,23,0,26,0,18,110,0,128,0,21,133,0,154,402,0,402,556
08/04/2020,TKI,TX,ASW,CE,Federal Contract Tower,0,2,27,0,29,0,17,135,0,152,0,19,162,0,181,418,0,418,599
08/05/2020,TKI,TX,ASW,CE,Federal Contract Tower,0,6,18,0,24,0,27,100,0,127,0,33,118,0,151,266,0,266,417
08/06/2020,TKI,TX,ASW,CE,Federal Contract Tower,0,10,33,0,43,0,12,109,0,121,0,22,142,0,164,281,0,281,445
08/07/2020,TKI,TX,ASW,CE,Federal Contract Tower,0,6,25,0,31,0,11,126,0,137,0,17,151,0,168,396,0,396,564
08/08/2020,TKI,TX,ASW,CE,Federal Contract Tower,0,1,22,0,23,0,18,99,0,117,0,19,121,0,140,146,0,146,286
08/09/2020,TKI,TX,ASW,CE,Federal Contract Tower,0,7,17,0,24,0,10,96,0,106,0,17,113,0,130,133,0,133,263
08/10/2020,TKI,TX,ASW,CE,Federal Contract Tower,0,4,22,0,26,0,18,115,0,133,0,22,137,0,159,306,0,306,465
08/11/2020,TKI,TX,ASW,CE,Federal Contract Tower,0,4,24,0,28,0,34,124,0,158,0,38,148,0,186,323,0,323,509
08/12/2020,TKI,TX,ASW,CE,Federal Contract Tower,0,8,33,0,41,0,20,100,0,120,0,28,133,0,161,205,0,205,366
08/13/2020,TKI,TX,ASW,CE,Federal Contract Tower,0,2,24,0,26,0,35,136,0,171,0,37,160,0,197,380,0,380,577
08/14/2020,TKI,TX,ASW,CE,Federal Contract Tower,0,4,21,0,25,0,17,115,0,132,0,21,136,0,157,262,0,262,419
08/15/2020,TKI,TX,ASW,CE,Federal Contract Tower,0,5,12,0,17,0,14,112,0,126,0,19,124,0,143,271,0,271,414
08/16/2020,TKI,TX,ASW,CE,Federal Contract Tower,0,11,17,0,28,0,10,106,0,116,0,21,123,0,144,209,0,209,353
08/17/2020,TKI,TX,ASW,CE,Federal Contract Tower,0,2,13,0,15,0,20,118,0,138,0,22,131,0,153,358,0,358,511
08/18/2020,TKI,TX,ASW,CE,Federal Contract Tower,0,3,23,0,26,0,26,107,0,133,0,29,130,0,159,301,0,301,460
08/19/2020,TKI,TX,ASW,CE,Federal Contract Tower,0,5,12,0,17,0,28,155,0,183,0,33,167,0,200,329,0,329,529
08/20/2020,TKI,TX,ASW,CE,Federal Contract Tower,0,6,26,0,32,0,30,134,0,164,0,36,160,0,196,396,0,396,592
08/21/2020,TKI,TX,ASW,CE,Federal Contract Tower,0,3,21,0,24,0,25,149,0,174,0,28,170,0,198,343,0,343,541
08/22/2020,TKI,TX,ASW,CE,Federal Contract Tower,0,2,10,0,12,0,29,89,0,118,0,31,99,0,130,179,0,179,309
08/23/2020,TKI,TX,ASW,CE,Federal Contract Tower,0,9,19,0,28,0,18,125,0,143,0,27,144,0,171,244,0,244,415
08/24/2020,TKI,TX,ASW,CE,Federal Contract Tower,0,3,20,0,23,0,21,106,0,127,0,24,126,0,150,319,0,319,469
08/25/2020,TKI,TX,ASW,CE,Federal Contract Tower,0,7,18,0,25,0,28,120,0,148,0,35,138,0,173,357,0,357,530
08/26/2020,TKI,TX,ASW,CE,Federal Contract Tower,0,6,25,0,31,0,5,40,0,45,0,11,65,0,76,207,0,207,283
08/27/2020,TKI,TX,ASW,CE,Federal Contract Tower,0,3,31,0,34,0,25,77,0,102,0,28,108,0,136,272,0,272,408
08/28/2020,TKI,TX,ASW,CE,Federal Contract Tower,0,10,22,0,32,0,20,131,0,151,0,30,153,0,183,327,0,327,510
08/29/2020,TKI,TX,ASW,CE,Federal Contract Tower,0,3,17,0,20,0,23,110,0,133,0,26,127,0,153,262,0,262,415
08/30/2020,TKI,TX,ASW,CE,Federal Contract Tower,0,6,19,0,25,0,24,67,0,91,0,30,86,0,116,211,0,211,327
08/31/2020,TKI,TX,ASW,CE,Federal Contract Tower,0,5,20,0,25,0,23,100,0,123,0,28,120,0,148,447,0,447,595
09/01/2020,TKI,TX,ASW,CE,Federal Contract Tower,0,2,13,0,15,0,3,20,0,23,0,5,33,0,38,23,0,23,61
09/02/2020,TKI,TX,ASW,CE,Federal Contract Tower,0,10,29,0,39,0,6,24,0,30,0,16,53,0,69,98,0,98,167
09/03/2020,TKI,TX,ASW,CE,Federal Contract Tower,0,18,46,0,64,0,10,37,0,47,0,28,83,0,111,157,0,157,268
09/04/2020,TKI,TX,ASW,CE,Federal Contract Tower,0,11,35,0,46,0,9,68,0,77,0,20,103,0,123,302,0,302,425
09/05/2020,TKI,TX,ASW,CE,Federal Contract Tower,0,4,26,0,30,0,18,114,0,132,0,22,140,0,162,291,0,291,453
09/06/2020,TKI,TX,ASW,CE,Federal Contract Tower,0,4,14,0,18,0,15,119,0,134,0,19,133,0,152,348,0,348,500
09/07/2020,TKI,TX,ASW,CE,Federal Contract Tower,0,6,24,0,30,0,18,143,0,161,0,24,167,0,191,360,0,360,551
09/08/2020,TKI,TX,ASW,CE,Federal Contract Tower,0,15,52,0,67,0,16,43,0,59,0,31,95,0,126,84,0,84,210
09/09/2020,TKI,TX,ASW,CE,Federal Contract Tower,0,5,35,0,40,0,10,34,0,44,0,15,69,0,84,77,0,77,161
09/10/2020,TKI,TX,ASW,CE,Federal Contract Tower,0,16,55,0,71,0,1,26,0,27,0,17,81,0,98,78,0,78,176
09/11/2020,TKI,TX,ASW,CE,Federal Contract Tower,0,13,38,1,52,0,11,107,1,119,0,24,145,2,171,218,0,218,389
09/12/2020,TKI,TX,ASW,CE,Federal Contract Tower,0,3,17,0,20,0,17,139,0,156,0,20,156,0,176,276,0,276,452
09/13/2020,TKI,TX,ASW,CE,Federal Contract Tower,0,3,21,0,24,0,20,113,0,133,0,23,134,0,157,380,0,380,537
09/14/2020,TKI,TX,ASW,CE,Federal Contract Tower,0,1,19,0,20,0,33,132,0,165,0,34,151,0,185,450,0,450,635
09/15/2020,TKI,TX,ASW,CE,Federal Contract Tower,0,1,29,0,30,0,33,134,0,167,0,34,163,0,197,307,0,307,504
09/16/2020,TKI,TX,ASW,CE,Federal Contract Tower,0,6,27,0,33,0,15,94,0,109,0,21,121,0,142,263,0,263,405
09/17/2020,TKI,TX,ASW,CE,Federal Contract Tower,0,3,35,0,38,0,14,98,0,112,0,17,133,0,150,349,0,349,499
09/18/2020,TKI,TX,ASW,CE,Federal Contract Tower,0,4,28,0,32,0,19,120,0,139,0,23,148,0,171,386,0,386,557
09/19/2020,TKI,TX,ASW,CE,Federal Contract Tower,0,4,13,0,17,0,16,124,0,140,0,20,137,0,157,297,0,297,454
09/20/2020,TKI,TX,ASW,CE,Federal Contract Tower,0,12,23,0,35,0,19,115,0,134,0,31,138,0,169,330,0,330,499
09/21/2020,TKI,TX,ASW,CE,Federal Contract Tower,0,15,44,0,59,0,5,25,0,30,0,20,69,0,89,179,0,179,268
09/22/2020,TKI,TX,ASW,CE,Federal Contract Tower,0,7,27,0,34,0,0,0,0,0,0,7,27,0,34,10,0,10,44
09/23/2020,TKI,TX,ASW,CE,Federal Contract Tower,0,16,34,0,50,0,14,14,0,28,0,30,48,0,78,93,0,93,171
09/24/2020,TKI,TX,ASW,CE,Federal Contract Tower,0,16,56,0,72,0,21,114,0,135,0,37,170,0,207,306,0,306,513
09/25/2020,TKI,TX,ASW,CE,Federal Contract Tower,0,6,36,0,42,0,21,188,0,209,0,27,224,0,251,437,0,437,688
09/26/2020,TKI,TX,ASW,CE,Federal Contract Tower,0,4,35,0,39,0,14,93,0,107,0,18,128,0,146,206,0,206,352
09/27/2020,TKI,TX,ASW,CE,Federal Contract Tower,0,9,40,0,49,0,15,26,0,41,0,24,66,0,90,65,0,65,155
09/28/2020,TKI,TX,ASW,CE,Federal Contract Tower,0,1,25,0,26,0,14,93,0,107,0,15,118,0,133,231,0,231,364
09/29/2020,TKI,TX,ASW,CE,Federal Contract Tower,0,10,17,0,27,0,32,134,0,166,0,42,151,0,193,331,0,331,524
09/30/2020,TKI,TX,ASW,CE,Federal Contract Tower,0,4,32,2,38,0,21,125,2,148,0,25,157,4,186,385,0,385,571
10/01/2020,TKI,TX,ASW,CE,Federal Contract Tower,0,7,23,0,30,0,9,136,1,146,0,16,159,1,176,363,1,364,540
10/02/2020,TKI,TX,ASW,CE,Federal Contract Tower,0,6,23,0,29,0,7,155,0,162,0,13,178,0,191,241,0,241,432
10/03/2020,TKI,TX,ASW,CE,Federal Contract Tower,0,3,16,1,20,0,5,121,0,126,0,8,137,1,146,237,0,237,383
10/04/2020,TKI,TX,ASW,CE,Federal Contract Tower,0,8,24,1,33,0,11,80,0,91,0,19,104,1,124,186,7,193,317
10/05/2020,TKI,TX,ASW,CE,Federal Contract Tower,0,1,17,0,18,0,16,113,0,129,0,17,130,0,147,299,0,299,446
10/06/2020,TKI,TX,ASW,CE,Federal Contract Tower,0,13,24,0,37,0,28,116,0,144,0,41,140,0,181,407,0,407,588
10/07/2020,TKI,TX,ASW,CE,Federal Contract Tower,0,5,23,0,28,0,17,131,0,148,0,22,154,0,176,411,0,411,587
10/08/2020,TKI,TX,ASW,CE,Federal Contract Tower,0,4,31,0,35,0,34,113,0,147,0,38,144,0,182,359,0,359,541
10/09/2020,TKI,TX,ASW,CE,Federal Contract Tower,0,14,41,0,55,0,7,37,0,44,0,21,78,0,99,233,0,233,332
10/10/2020,TKI,TX,ASW,CE,Federal Contract Tower,0,5,16,0,21,0,18,104,0,122,0,23,120,0,143,223,0,223,366
10/11/2020,TKI,TX,ASW,CE,Federal Contract Tower,0,2,26,0,28,0,17,80,0,97,0,19,106,0,125,144,0,144,269
10/12/2020,TKI,TX,ASW,CE,Federal Contract Tower,0,5,27,0,32,0,18,62,0,80,0,23,89,0,112,122,0,122,234
10/13/2020,TKI,TX,ASW,CE,Federal Contract Tower,0,2,26,0,28,0,25,113,0,138,0,27,139,0,166,341,0,341,507
10/14/2020,TKI,TX,ASW,CE,Federal Contract Tower,0,5,24,0,29,0,42,129,0,171,0,47,153,0,200,377,0,377,577
10/15/2020,TKI,TX,ASW,CE,Federal Contract Tower,0,14,37,0,51,0,14,23,0,37,0,28,60,0,88,94,0,94,182
10/16/2020,TKI,TX,ASW,CE,Federal Contract Tower,0,6,23,0,29,0,34,139,0,173,0,40,162,0,202,324,0,324,526
10/17/2020,TKI,TX,ASW,CE,Federal Contract Tower,0,2,23,0,25,0,19,93,0,112,0,21,116,0,137,173,0,173,310
10/18/2020,TKI,TX,ASW,CE,Federal Contract Tower,0,3,28,0,31,0,12,97,0,109,0,15,125,0,140,160,0,160,300
10/19/2020,TKI,TX,ASW,CE,Federal Contract Tower,0,12,45,0,57,0,9,27,0,36,0,21,72,0,93,92,0,92,185
10/20/2020,TKI,TX,ASW,CE,Federal Contract Tower,0,11,30,0,41,0,19,72,0,91,0,30,102,0,132,293,0,293,425
10/21/2020,TKI,TX,ASW,CE,Federal Contract Tower,0,17,49,0,66,0,13,82,0,95,0,30,131,0,161,330,0,330,491
10/22/2020,TKI,TX,ASW,CE,Federal Contract Tower,0,10,46,0,56,0,20,86,0,106,0,30,132,0,162,293,0,293,455
10/23/2020,TKI,TX,ASW,CE,Federal Contract Tower,0,9,14,1,24,0,0,8,0,8,0,9,22,1,32,21,0,21,53
10/24/2020,TKI,TX,ASW,CE,Federal Contract Tower,0,13,29,1,43,0,30,127,0,157,0,43,156,1,200,396,0,396,596
10/25/2020,TKI,TX,ASW,CE,Federal Contract Tower,0,11,31,0,42,0,1,0,0,1,0,12,31,0,43,2,0,2,45
10/26/2020,TKI,TX,ASW,CE,Federal Contract Tower,0,8,25,0,33,0,0,0,0,0,0,8,25,0,33,2,0,2,35
10/27/2020,TKI,TX,ASW,CE,Federal Contract Tower,0,8,17,0,25,0,0,0,0,0,0,8,17,0,25,5,0,5,30
10/28/2020,TKI,TX,ASW,CE,Federal Contract Tower,0,5,22,0,27,0,0,0,0,0,0,5,22,0,27,13,0,13,40
10/29/2020,TKI,TX,ASW,CE,Federal Contract Tower,0,11,28,0,39,0,9,53,0,62,0,20,81,0,101,221,0,221,322
10/30/2020,TKI,TX,ASW,CE,Federal Contract Tower,0,8,21,1,30,0,16,157,0,173,0,24,178,1,203,481,0,481,684
10/31/2020,TKI,TX,ASW,CE,Federal Contract Tower,0,4,13,0,17,0,19,161,0,180,0,23,174,0,197,241,0,241,438
11/01/2020,TKI,TX,ASW,CE,Federal Contract Tower,0,7,21,0,28,0,31,133,0,164,0,38,154,0,192,228,0,228,420
11/02/2020,TKI,TX,ASW,CE,Federal Contract Tower,0,5,25,0,30,0,25,145,2,172,0,30,170,2,202,307,0,307,509
11/03/2020,TKI,TX,ASW,CE,Federal Contract Tower,0,5,14,0,19,0,24,122,0,146,0,29,136,0,165,296,0,296,461
11/04/2020,TKI,TX,ASW,CE,Federal Contract Tower,0,2,10,0,12,0,22,123,0,145,0,24,133,0,157,381,0,381,538
11/05/2020,TKI,TX,ASW,CE,Federal Contract Tower,0,11,50,0,61,0,13,75,0,88,0,24,125,0,149,282,0,282,431
11/06/2020,TKI,TX,ASW,CE,Federal Contract Tower,0,15,31,0,46,0,25,139,0,164,0,40,170,0,210,342,0,342,552
11/07/2020,TKI,TX,ASW,CE,Federal Contract Tower,0,3,6,0,9,0,21,128,0,149,0,24,134,0,158,345,0,345,503
11/08/2020,TKI,TX,ASW,CE,Federal Contract Tower,0,16,25,0,41,0,20,33,0,53,0,36,58,0,94,117,0,117,211
11/09/2020,TKI,TX,ASW,CE,Federal Contract Tower,0,5,47,0,52,0,19,83,0,102,0,24,130,0,154,133,0,133,287
11/10/2020,TKI,TX,ASW,CE,Federal Contract Tower,0,8,26,1,35,0,18,102,1,121,0,26,128,2,156,398,0,398,554
11/11/2020,TKI,TX,ASW,CE,Federal Contract Tower,0,4,23,0,27,0,33,154,0,187,0,37,177,0,214,400,0,400,614
11/12/2020,TKI,TX,ASW,CE,Federal Contract Tower,0,12,27,0,39,0,31,132,0,163,0,43,159,0,202,368,0,368,570
11/13/2020,TKI,TX,ASW,CE,Federal Contract Tower,0,5,32,0,37,0,22,128,0,150,0,27,160,0,187,354,0,354,541
11/14/2020,TKI,TX,ASW,CE,Federal Contract Tower,0,9,17,0,26,0,6,17,0,23,0,15,34,0,49,35,0,35,84
11/15/2020,TKI,TX,ASW,CE,Federal Contract Tower,0,2,11,0,13,0,26,115,0,141,0,28,126,0,154,277,0,277,431
11/16/2020,TKI,TX,ASW,CE,Federal Contract Tower,0,10,22,0,32,0,30,122,0,152,0,40,144,0,184,321,0,321,505
11/17/2020,TKI,TX,ASW,CE,Federal Contract Tower,0,9,22,0,31,0,31,148,0,179,0,40,170,0,210,332,0,332,542
11/18/2020,TKI,TX,ASW,CE,Federal Contract Tower,0,6,24,0,30,0,23,117,0,140,0,29,141,0,170,405,0,405,575
11/19/2020,TKI,TX,ASW,CE,Federal Contract Tower,0,3,37,0,40,0,9,82,0,91,0,12,119,0,131,237,0,237,368
11/20/2020,TKI,TX,ASW,CE,Federal Contract Tower,0,16,49,0,65,0,10,44,0,54,0,26,93,0,119,252,0,252,371
11/21/2020,TKI,TX,ASW,CE,Federal Contract Tower,0,11,31,0,42,0,6,48,0,54,0,17,79,0,96,144,0,144,240
11/22/2020,TKI,TX,ASW,CE,Federal Contract Tower,0,17,33,0,50,0,5,22,0,27,0,22,55,0,77,56,0,56,133
11/23/2020,TKI,TX,ASW,CE,Federal Contract Tower,0,13,37,0,50,0,15,72,0,87,0,28,109,0,137,301,0,301,438
11/24/2020,TKI,TX,ASW,CE,Federal Contract Tower,0,9,25,0,34,0,2,5,2,9,0,11,30,2,43,19,0,19,62
11/25/2020,TKI,TX,ASW,CE,Federal Contract Tower,0,3,19,0,22,0,20,124,0,144,0,23,143,0,166,195,0,195,361
11/26/2020,TKI,TX,ASW,CE,Federal Contract Tower,0,1,10,0,11,0,13,46,0,59,0,14,56,0,70,93,0,93,163
11/27/2020,TKI,TX,ASW,CE,Federal Contract Tower,0,2,22,0,24,0,18,75,0,93,0,20,97,0,117,216,0,216,333
11/28/2020,TKI,TX,ASW,CE,Federal Contract Tower,0,5,13,0,18,0,17,49,0,66,0,22,62,0,84,164,0,164,248
11/29/2020,TKI,TX,ASW,CE,Federal Contract Tower,0,12,45,0,57,0,13,21,0,34,0,25,66,0,91,75,0,75,166
11/30/2020,TKI,TX,ASW,CE,Federal Contract Tower,0,7,15,0,22,0,24,89,0,113,0,31,104,0,135,370,0,370,505
12/01/2020,TKI,TX,ASW,CE,Federal Contract Tower,0,2,17,0,19,0,21,100,0,121,0,23,117,0,140,262,0,262,402
12/02/2020,TKI,TX,ASW,CE,Federal Contract Tower,0,16,28,0,44,0,8,12,0,20,0,24,40,0,64,59,0,59,123
12/03/2020,TKI,TX,ASW,CE,Federal Contract Tower,0,13,34,0,47,0,17,21,0,38,0,30,55,0,85,203,0,203,288
12/04/2020,TKI,TX,ASW,CE,Federal Contract Tower,0,5,22,0,27,0,20,159,0,179,0,25,181,0,206,489,0,489,695
12/05/2020,TKI,TX,ASW,CE,Federal Contract Tower,0,4,14,0,18,0,32,122,0,154,0,36,136,0,172,296,0,296,468
12/06/2020,TKI,TX,ASW,CE,Federal Contract Tower,0,10,13,0,23,0,18,69,0,87,0,28,82,0,110,231,0,231,341
12/07/2020,TKI,TX,ASW,CE,Federal Contract Tower,0,1,19,0,20,0,24,74,0,98,0,25,93,0,118,359,0,359,477
12/08/2020,TKI,TX,ASW,CE,Federal Contract Tower,0,8,29,0,37,0,24,106,1,131,0,32,135,1,168,298,0,298,466
12/09/2020,TKI,TX,ASW,CE,Federal Contract Tower,0,5,26,1,32,0,12,126,0,138,0,17,152,1,170,314,0,314,484
12/10/2020,TKI,TX,ASW,CE,Federal Contract Tower,0,10,13,0,23,0,22,119,4,145,0,32,132,4,168,315,4,319,487
12/11/2020,TKI,TX,ASW,CE,Federal Contract Tower,0,4,15,2,21,0,17,18,0,35,0,21,33,2,56,95,0,95,151
12/12/2020,TKI,TX,ASW,CE,Federal Contract Tower,0,4,11,0,15,0,25,118,0,143,0,29,129,0,158,329,0,329,487
12/13/2020,TKI,TX,ASW,CE,Federal Contract Tower,0,5,10,0,15,0,0,0,0,0,0,5,10,0,15,0,0,0,15
12/14/2020,TKI,TX,ASW,CE,Federal Contract Tower,0,8,29,0,37,0,31,113,1,145,0,39,142,1,182,308,0,308,490
12/15/2020,TKI,TX,ASW,CE,Federal Contract Tower,0,8,19,1,28,0,0,0,0,0,0,8,19,1,28,0,0,0,28
12/16/2020,TKI,TX,ASW,CE,Federal Contract Tower,0,10,34,0,44,0,26,59,0,85,0,36,93,0,129,243,0,243,372
12/17/2020,TKI,TX,ASW,CE,Federal Contract Tower,0,12,27,1,40,0,21,123,0,144,0,33,150,1,184,400,0,400,584
12/18/2020,TKI,TX,ASW,CE,Federal Contract Tower,0,5,26,0,31,0,18,75,0,93,0,23,101,0,124,202,0,202,326
12/19/2020,TKI,TX,ASW,CE,Federal Contract Tower,0,7,36,0,43,0,9,22,0,31,0,16,58,0,74,84,0,84,158
12/20/2020,TKI,TX,ASW,CE,Federal Contract Tower,0,10,14,0,24,0,24,109,0,133,0,34,123,0,157,246,0,246,403
12/21/2020,TKI,TX,ASW,CE,Federal Contract Tower,0,8,23,0,31,0,28,148,0,176,0,36,171,0,207,303,0,303,510
12/22/2020,TKI,TX,ASW,CE,Federal Contract Tower,0,6,15,0,21,0,11,100,0,111,0,17,115,0,132,231,0,231,363
12/23/2020,TKI,TX,ASW,CE,Federal Contract Tower,0,12,22,0,34,0,12,33,0,45,0,24,55,0,79,61,0,61,140
12/24/2020,TKI,TX,ASW,CE,Federal Contract Tower,0,3,4,0,7,0,10,27,0,37,0,13,31,0,44,65,0,65,109
12/25/2020,TKI,TX,ASW,CE,Federal Contract Tower,0,0,0,0,0,0,9,41,0,50,0,9,41,0,50,79,0,79,129
12/26/2020,TKI,TX,ASW,CE,Federal Contract Tower,0,6,21,0,27,0,24,92,0,116,0,30,113,0,143,113,0,113,256
12/27/2020,TKI,TX,ASW,CE,Federal Contract Tower,0,4,28,0,32,0,21,68,0,89,0,25,96,0,121,181,0,181,302
12/28/2020,TKI,TX,ASW,CE,Federal Contract Tower,0,3,35,0,38,0,19,66,0,85,0,22,101,0,123,232,0,232,355
12/29/2020,TKI,TX,ASW,CE,Federal Contract Tower,0,8,18,0,26,0,9,22,0,31,0,17,40,0,57,90,0,90,147
12/30/2020,TKI,TX,ASW,CE,Federal Contract Tower,0,7,16,0,23,0,0,0,0,0,0,7,16,0,23,2,0,2,25
12/31/2020,TKI,TX,ASW,CE,Federal Contract Tower,0,7,4,0,11,0,0,0,0,0,0,7,4,0,11,0,0,0,11
01/01/2021,TKI,TX,ASW,CE,Federal Contract Tower,0,2,10,0,12,0,4,6,0,10,0,6,16,0,22,66,0,66,88
01/02/2021,TKI,TX,ASW,CE,Federal Contract Tower,0,5,14,0,19,0,16,107,0,123,0,21,121,0,142,300,0,300,442
01/03/2021,TKI,TX,ASW,CE,Federal Contract Tower,0,17,13,0,30,0,28,84,0,112,0,45,97,0,142,221,0,221,363
01/04/2021,TKI,TX,ASW,CE,Federal Contract Tower,0,6,11,0,17,0,20,116,0,136,0,26,127,0,153,235,0,235,388
01/05/2021,TKI,TX,ASW,CE,Federal Contract Tower,0,6,22,0,28,0,25,128,0,153,0,31,150,0,181,379,0,379,560
01/06/2021,TKI,TX,ASW,CE,Federal Contract Tower,0,21,25,0,46,0,0,5,0,5,0,21,30,0,51,59,0,59,110
01/07/2021,TKI,TX,ASW,CE,Federal Contract Tower,0,14,29,0,43,0,28,50,0,78,0,42,79,0,121,211,0,211,332
01/08/2021,TKI,TX,ASW,CE,Federal Contract Tower,0,9,22,0,31,0,16,81,0,97,0,25,103,0,128,308,0,308,436
01/09/2021,TKI,TX,ASW,CE,Federal Contract Tower,0,8,15,0,23,0,27,177,0,204,0,35,192,0,227,372,0,372,599
01/10/2021,TKI,TX,ASW,CE,Federal Contract Tower,0,6,3,0,9,0,2,0,0,2,0,8,3,0,11,19,0,19,30
01/11/2021,TKI,TX,ASW,CE,Federal Contract Tower,0,4,15,0,19,0,14,102,0,116,0,18,117,0,135,328,0,328,463
01/12/2021,TKI,TX,ASW,CE,Federal Contract Tower,0,9,30,0,39,0,20,169,0,189,0,29,199,0,228,321,0,321,549
01/13/2021,TKI,TX,ASW,CE,Federal Contract Tower,0,4,23,0,27,0,21,134,0,155,0,25,157,0,182,235,0,235,417
01/14/2021,TKI,TX,ASW,CE,Federal Contract Tower,0,6,36,0,42,0,10,38,0,48,0,16,74,0,90,64,0,64,154
01/15/2021,TKI,TX,ASW,CE,Federal Contract Tower,0,7,9,0,16,0,5,24,0,29,0,12,33,0,45,8,0,8,53
01/16/2021,TKI,TX,ASW,CE,Federal Contract Tower,0,1,16,0,17,0,24,123,0,147,0,25,139,0,164,255,0,255,419
01/17/2021,TKI,TX,ASW,CE,Federal Contract Tower,0,10,15,0,25,0,9,96,0,105,0,19,111,0,130,218,0,218,348
01/18/2021,TKI,TX,ASW,CE,Federal Contract Tower,0,9,26,0,35,0,35,121,0,156,0,44,147,0,191,316,0,316,507
01/19/2021,TKI,TX,ASW,CE,Federal Contract Tower,0,4,17,0,21,0,21,84,0,105,0,25,101,0,126,205,0,205,331
01/20/2021,TKI,TX,ASW,CE,Federal Contract Tower,0,6,23,0,29,0,15,16,0,31,0,21,39,0,60,109,0,109,169
01/21/2021,TKI,TX,ASW,CE,Federal Contract Tower,0,2,37,0,39,0,11,62,0,73,0,13,99,0,112,115,0,115,227
01/22/2021,TKI,TX,ASW,CE,Federal Contract Tower,0,11,39,0,50,0,4,2,0,6,0,15,41,0,56,33,0,33,89
01/23/2021,TKI,TX,ASW,CE,Federal Contract Tower,0,9,34,0,43,0,0,3,0,3,0,9,37,0,46,5,0,5,51
01/24/2021,TKI,TX,ASW,CE,Federal Contract Tower,0,2,17,0,19,0,0,0,0,0,0,2,17,0,19,7,0,7,26
01/25/2021,TKI,TX,ASW,CE,Federal Contract Tower,0,6,19,0,25,0,19,105,0,124,0,25,124,0,149,182,0,182,331
01/26/2021,TKI,TX,ASW,CE,Federal Contract Tower,0,4,26,0,30,0,28,160,18,206,0,32,186,18,236,440,0,440,676
01/27/2021,TKI,TX,ASW,CE,Federal Contract Tower,0,5,19,0,24,0,20,130,0,150,0,25,149,0,174,256,0,256,430
01/28/2021,TKI,TX,ASW,CE,Federal Contract Tower,0,8,23,0,31,0,21,103,10,134,0,29,126,10,165,336,0,336,501
01/29/2021,TKI,TX,ASW,CE,Federal Contract Tower,0,9,27,2,38,0,26,126,8,160,0,35,153,10,198,314,0,314,512
01/30/2021,TKI,TX,ASW,CE,Federal Contract Tower,0,7,7,0,14,0,3,7,0,10,0,10,14,0,24,1,0,1,25
01/31/2021,TKI,TX,ASW,CE,Federal Contract Tower,0,4,24,0,28,0,9,75,0,84,0,13,99,0,112,205,0,205,317
02/01/2021,TKI,TX,ASW,CE,Federal Contract Tower,0,5,18,0,23,0,33,115,0,148,0,38,133,0,171,331,0,331,502
02/02/2021,TKI,TX,ASW,CE,Federal Contract Tower,0,3,15,0,18,0,40,110,0,150,0,43,125,0,168,357,0,357,525
02/03/2021,TKI,TX,ASW,CE,Federal Contract Tower,0,0,21,0,21,0,16,106,0,122,0,16,127,0,143,240,0,240,383
02/04/2021,TKI,TX,ASW,CE,Federal Contract Tower,0,4,17,0,21,0,11,72,0,83,0,15,89,0,104,120,0,120,224
02/05/2021,TKI,TX,ASW,CE,Federal Contract Tower,0,5,19,0,24,0,22,135,2,159,0,27,154,2,183,271,0,271,454
02/06/2021,TKI,TX,ASW,CE,Federal Contract Tower,0,10,29,0,39,0,5,22,0,27,0,15,51,0,66,125,0,125,191
02/07/2021,TKI,TX,ASW,CE,Federal Contract Tower,0,7,21,0,28,0,22,83,0,105,0,29,104,0,133,240,0,240,373
02/08/2021,TKI,TX,ASW,CE,Federal Contract Tower,0,6,34,0,40,0,4,26,0,30,0,10,60,0,70,55,0,55,125
02/09/2021,TKI,TX,ASW,CE,Federal Contract Tower,0,2,37,0,39,0,0,0,0,0,0,2,37,0,39,12,0,12,51
02/10/2021,TKI,TX,ASW,CE,Federal Contract Tower,0,3,10,0,13,0,0,0,0,0,0,3,10,0,13,0,0,0,13
02/11/2021,TKI,TX,ASW,CE,Federal Contract Tower,0,10,12,0,22,0,3,3,0,6,0,13,15,0,28,2,0,2,30
02/12/2021,TKI,TX,ASW,CE,Federal Contract Tower,0,8,22,0,30,0,9,3,0,12,0,17,25,0,42,2,0,2,44
02/13/2021,TKI,TX,ASW,CE,Federal Contract Tower,0,6,3,0,9,0,10,31,0,41,0,16,34,0,50,120,0,120,170
02/14/2021,TKI,TX,ASW,CE,Federal Contract Tower,0,0,0,0,0,0,0,0,0,0,0,0,0,0,0,0,0,0,0
02/15/2021,TKI,TX,ASW,CE,Federal Contract Tower,0,1,1,0,2,0,0,13,0,13,0,1,14,0,15,0,0,0,15
02/16/2021,TKI,TX,ASW,CE,Federal Contract Tower,0,0,4,0,4,0,14,2,0,16,0,14,6,0,20,1,0,1,21
02/17/2021,TKI,TX,ASW,CE,Federal Contract Tower,0,0,3,0,3,0,2,2,0,4,0,2,5,0,7,0,0,0,7
02/18/2021,TKI,TX,ASW,CE,Federal Contract Tower,0,1,5,0,6,0,12,3,0,15,0,13,8,0,21,13,0,13,34
02/19/2021,TKI,TX,ASW,CE,Federal Contract Tower,0,3,14,0,17,0,35,46,0,81,0,38,60,0,98,167,0,167,265
02/20/2021,TKI,TX,ASW,CE,Federal Contract Tower,0,7,19,0,26,0,24,85,0,109,0,31,104,0,135,362,0,362,497
02/21/2021,TKI,TX,ASW,CE,Federal Contract Tower,0,5,14,0,19,0,10,26,0,36,0,15,40,0,55,92,0,92,147
02/22/2021,TKI,TX,ASW,CE,Federal Contract Tower,0,7,14,0,21,0,31,157,0,188,0,38,171,0,209,376,0,376,585
02/23/2021,TKI,TX,ASW,CE,Federal Contract Tower,0,0,20,0,20,0,16,135,0,151,0,16,155,0,171,282,0,282,453
02/24/2021,TKI,TX,ASW,CE,Federal Contract Tower,0,6,28,0,34,0,22,111,0,133,0,28,139,0,167,247,0,247,414
02/25/2021,TKI,TX,ASW,CE,Federal Contract Tower,0,8,37,0,45,0,16,59,0,75,0,24,96,0,120,188,0,188,308
02/26/2021,TKI,TX,ASW,CE,Federal Contract Tower,0,8,33,0,41,0,3,24,0,27,0,11,57,0,68,90,0,90,158
02/27/2021,TKI,TX,ASW,CE,Federal Contract Tower,0,1,8,0,9,0,0,0,0,0,0,1,8,0,9,0,0,0,9
02/28/2021,TKI,TX,ASW,CE,Federal Contract Tower,0,8,21,0,29,0,2,5,0,7,0,10,26,0,36,20,0,20,56
03/01/2021,TKI,TX,ASW,CE,Federal Contract Tower,0,3,25,1,29,0,12,84,0,96,0,15,109,1,125,245,0,245,370
03/02/2021,TKI,TX,ASW,CE,Federal Contract Tower,0,0,27,1,28,0,29,166,0,195,0,29,193,1,223,329,0,329,552
03/03/2021,TKI,TX,ASW,CE,Federal Contract Tower,0,0,37,0,37,0,17,143,0,160,0,17,180,0,197,330,0,330,527
03/04/2021,TKI,TX,ASW,CE,Federal Contract Tower,0,11,20,0,31,0,26,125,0,151,0,37,145,0,182,402,0,402,584
03/05/2021,TKI,TX,ASW,CE,Federal Contract Tower,0,12,39,0,51,0,8,41,0,49,0,20,80,0,100,197,0,197,297
03/06/2021,TKI,TX,ASW,CE,Federal Contract Tower,0,4,13,0,17,0,16,158,0,174,0,20,171,0,191,244,0,244,435
03/07/2021,TKI,TX,ASW,CE,Federal Contract Tower,0,5,24,0,29,0,18,129,0,147,0,23,153,0,176,185,0,185,361
03/08/2021,TKI,TX,ASW,CE,Federal Contract Tower,0,2,27,0,29,0,22,108,0,130,0,24,135,0,159,309,0,309,468
03/09/2021,TKI,TX,ASW,CE,Federal Contract Tower,0,12,36,0,48,0,15,48,0,63,0,27,84,0,111,248,0,248,359
03/10/2021,TKI,TX,ASW,CE,Federal Contract Tower,0,1,24,0,25,0,3,23,0,26,0,4,47,0,51,31,0,31,82
03/11/2021,TKI,TX,ASW,CE,Federal Contract Tower,0,6,36,0,42,0,20,43,1,64,0,26,79,1,106,0,168,168,274
03/12/2021,TKI,TX,ASW,CE,Federal Contract Tower,0,9,26,0,35,0,12,24,0,36,0,21,50,0,71,102,0,102,173
03/13/2021,TKI,TX,ASW,CE,Federal Contract Tower,0,14,24,0,38,0,11,60,0,71,0,25,84,0,109,105,0,105,214
03/14/2021,TKI,TX,ASW,CE,Federal Contract Tower,0,7,20,0,27,0,18,66,0,84,0,25,86,0,111,244,0,244,355
03/15/2021,TKI,TX,ASW,CE,Federal Contract Tower,0,9,21,0,30,0,21,108,0,129,0,30,129,0,159,218,0,218,377
03/16/2021,TKI,TX,ASW,CE,Federal Contract Tower,0,6,27,0,33,0,30,87,0,117,0,36,114,0,150,339,0,339,489
03/17/2021,TKI,TX,ASW,CE,Federal Contract Tower,0,7,6,0,13,0,12,29,0,41,0,19,35,0,54,98,0,98,152
03/18/2021,TKI,TX,ASW,CE,Federal Contract Tower,0,5,21,0,26,0,15,85,0,100,0,20,106,0,126,158,0,158,284
03/19/2021,TKI,TX,ASW,CE,Federal Contract Tower,0,4,32,0,36,0,23,152,4,179,0,27,184,4,215,340,0,340,555
03/20/2021,TKI,TX,ASW,CE,Federal Contract Tower,0,6,28,0,34,0,19,162,0,181,0,25,190,0,215,306,0,306,521
03/21/2021,TKI,TX,ASW,CE,Federal Contract Tower,0,8,32,0,40,0,14,107,0,121,0,22,139,0,161,229,0,229,390
03/22/2021,TKI,TX,ASW,CE,Federal Contract Tower,0,9,20,0,29,0,3,4,0,7,0,12,24,0,36,3,0,3,39
03/23/2021,TKI,TX,ASW,CE,Federal Contract Tower,0,8,15,0,23,0,21,114,0,135,0,29,129,0,158,250,0,250,408
03/24/2021,TKI,TX,ASW,CE,Federal Contract Tower,0,7,21,0,28,0,18,95,0,113,0,25,116,0,141,310,0,310,451
03/25/2021,TKI,TX,ASW,CE,Federal Contract Tower,0,13,28,0,41,0,8,47,0,55,0,21,75,0,96,296,0,296,392
03/26/2021,TKI,TX,ASW,CE,Federal Contract Tower,0,8,35,0,43,0,21,163,0,184,0,29,198,0,227,337,0,337,564
03/27/2021,TKI,TX,ASW,CE,Federal Contract Tower,0,4,24,0,28,0,8,66,0,74,0,12,90,0,102,230,0,230,332
03/28/2021,TKI,TX,ASW,CE,Federal Contract Tower,0,3,36,0,39,0,12,135,0,147,0,15,171,0,186,220,0,220,406
03/29/2021,TKI,TX,ASW,CE,Federal Contract Tower,0,5,20,0,25,0,18,123,0,141,0,23,143,0,166,292,0,292,458
03/30/2021,TKI,TX,ASW,CE,Federal Contract Tower,0,10,30,0,40,0,23,68,0,91,0,33,98,0,131,223,0,223,354
03/31/2021,TKI,TX,ASW,CE,Federal Contract Tower,0,7,20,0,27,0,10,59,0,69,0,17,79,0,96,139,0,139,235
04/01/2021,TKI,TX,ASW,CE,Federal Contract Tower,0,9,22,0,31,0,14,137,0,151,0,23,159,0,182,469,0,469,651
04/02/2021,TKI,TX,ASW,CE,Federal Contract Tower,0,3,20,2,25,0,13,142,0,155,0,16,162,2,180,420,0,420,600
04/03/2021,TKI,TX,ASW,CE,Federal Contract Tower,0,3,13,0,16,0,12,104,0,116,0,15,117,0,132,319,0,319,451
04/04/2021,TKI,TX,ASW,CE,Federal Contract Tower,0,5,13,0,18,0,18,75,0,93,0,23,88,0,111,184,0,184,295
04/05/2021,TKI,TX,ASW,CE,Federal Contract Tower,0,6,20,0,26,0,19,111,0,130,0,25,131,0,156,235,0,235,391
04/06/2021,TKI,TX,ASW,CE,Federal Contract Tower,0,5,22,0,27,0,8,19,0,27,0,13,41,0,54,32,0,32,86
04/07/2021,TKI,TX,ASW,CE,Federal Contract Tower,0,2,23,0,25,0,8,40,0,48,0,10,63,0,73,73,0,73,146
04/08/2021,TKI,TX,ASW,CE,Federal Contract Tower,0,1,21,0,22,0,22,161,0,183,0,23,182,0,205,500,0,500,705
04/09/2021,TKI,TX,ASW,CE,Federal Contract Tower,0,8,30,0,38,0,0,51,0,51,0,8,81,0,89,232,0,232,321
04/10/2021,TKI,TX,ASW,CE,Federal Contract Tower,0,7,15,0,22,0,15,104,0,119,0,22,119,0,141,227,0,227,368
04/11/2021,TKI,TX,ASW,CE,Federal Contract Tower,0,16,20,0,36,0,17,140,0,157,0,33,160,0,193,279,0,279,472
04/12/2021,TKI,TX,ASW,CE,Federal Contract Tower,0,8,22,0,30,0,17,107,0,124,0,25,129,0,154,227,0,227,381
04/13/2021,TKI,TX,ASW,CE,Federal Contract Tower,0,9,18,0,27,0,30,113,0,143,0,39,131,0,170,282,0,282,452
04/14/2021,TKI,TX,ASW,CE,Federal Contract Tower,0,12,34,0,46,0,6,16,0,22,0,18,50,0,68,116,0,116,184
04/15/2021,TKI,TX,ASW,CE,Federal Contract Tower,0,3,27,0,30,0,4,24,0,28,0,7,51,0,58,150,0,150,208
04/16/2021,TKI,TX,ASW,CE,Federal Contract Tower,0,2,17,0,19,0,0,0,0,0,0,2,17,0,19,5,0,5,24
04/17/2021,TKI,TX,ASW,CE,Federal Contract Tower,0,0,32,0,32,0,13,89,0,102,0,13,121,0,134,192,0,192,326
04/18/2021,TKI,TX,ASW,CE,Federal Contract Tower,0,9,27,0,36,0,12,126,0,138,0,21,153,0,174,282,0,282,456
04/19/2021,TKI,TX,ASW,CE,Federal Contract Tower,0,2,16,0,18,0,15,135,0,150,0,17,151,0,168,343,0,343,511
04/20/2021,TKI,TX,ASW,CE,Federal Contract Tower,0,5,12,0,17,0,21,91,0,112,0,26,103,0,129,227,0,227,356
04/21/2021,TKI,TX,ASW,CE,Federal Contract Tower,0,4,28,0,32,0,30,136,0,166,0,34,164,0,198,483,0,483,681
04/22/2021,TKI,TX,ASW,CE,Federal Contract Tower,0,3,42,0,45,0,22,107,0,129,0,25,149,0,174,405,0,405,579
04/23/2021,TKI,TX,ASW,CE,Federal Contract Tower,0,3,17,0,20,0,0,1,0,1,0,3,18,0,21,5,0,5,26
04/24/2021,TKI,TX,ASW,CE,Federal Contract Tower,0,3,34,0,37,0,16,146,0,162,0,19,180,0,199,172,0,172,371
04/25/2021,TKI,TX,ASW,CE,Federal Contract Tower,0,4,22,0,26,0,10,143,0,153,0,14,165,0,179,270,0,270,449
04/26/2021,TKI,TX,ASW,CE,Federal Contract Tower,0,8,23,0,31,0,14,90,0,104,0,22,113,0,135,227,0,227,362
04/27/2021,TKI,TX,ASW,CE,Federal Contract Tower,0,21,43,0,64,0,6,17,0,23,0,27,60,0,87,95,0,95,182
04/28/2021,TKI,TX,ASW,CE,Federal Contract Tower,0,9,21,0,30,0,5,11,0,16,0,14,32,0,46,97,0,97,143
04/29/2021,TKI,TX,ASW,CE,Federal Contract Tower,0,10,32,0,42,0,1,3,0,4,0,11,35,0,46,15,0,15,61
04/30/2021,TKI,TX,ASW,CE,Federal Contract Tower,0,5,32,0,37,0,8,43,0,51,0,13,75,0,88,158,0,158,246
05/01/2021,TKI,TX,ASW,CE,Federal Contract Tower,0,4,26,0,30,0,7,33,0,40,0,11,59,0,70,91,0,91,161
05/02/2021,TKI,TX,ASW,CE,Federal Contract Tower,0,7,28,0,35,0,21,101,0,122,0,28,129,0,157,309,0,309,466
05/03/2021,TKI,TX,ASW,CE,Federal Contract Tower,0,5,34,0,39,0,13,78,0,91,0,18,112,0,130,226,0,226,356
05/04/2021,TKI,TX,ASW,CE,Federal Contract Tower,0,12,30,0,42,0,16,57,0,73,0,28,87,0,115,250,0,250,365
05/06/2021,TKI,TX,ASW,CE,Federal Contract Tower,0,9,43,0,52,0,13,137,0,150,0,22,180,0,202,338,0,338,540
05/07/2021,TKI,TX,ASW,CE,Federal Contract Tower,0,4,12,0,16,0,24,113,0,137,0,28,125,0,153,265,0,265,418
05/08/2021,TKI,TX,ASW,CE,Federal Contract Tower,0,10,19,0,29,0,10,38,0,48,0,20,57,0,77,48,0,48,125
05/09/2021,TKI,TX,ASW,CE,Federal Contract Tower,0,13,24,0,37,0,11,40,0,51,0,24,64,0,88,85,0,85,173
05/10/2021,TKI,TX,ASW,CE,Federal Contract Tower,0,12,44,0,56,0,0,0,0,0,0,12,44,0,56,7,0,7,63
05/11/2021,TKI,TX,ASW,CE,Federal Contract Tower,0,4,32,0,36,0,0,0,0,0,0,4,32,0,36,0,0,0,36
05/12/2021,TKI,TX,ASW,CE,Federal Contract Tower,0,9,52,0,61,0,0,20,0,20,0,9,72,0,81,81,0,81,162
05/13/2021,TKI,TX,ASW,CE,Federal Contract Tower,0,12,42,0,54,0,34,157,0,191,0,46,199,0,245,304,0,304,549
05/14/2021,TKI,TX,ASW,CE,Federal Contract Tower,0,6,29,0,35,0,25,138,0,163,0,31,167,0,198,249,0,249,447
05/15/2021,TKI,TX,ASW,CE,Federal Contract Tower,0,5,24,0,29,0,19,114,0,133,0,24,138,0,162,261,0,261,423
05/16/2021,TKI,TX,ASW,CE,Federal Contract Tower,0,32,35,0,67,0,1,1,0,2,0,33,36,0,69,1,0,1,70
05/17/2021,TKI,TX,ASW,CE,Federal Contract Tower,0,7,12,0,19,0,11,61,0,72,0,18,73,0,91,216,0,216,307
05/18/2021,TKI,TX,ASW,CE,Federal Contract Tower,0,7,15,0,22,0,3,15,0,18,0,10,30,0,40,29,0,29,69
05/19/2021,TKI,TX,ASW,CE,Federal Contract Tower,0,4,23,0,27,0,16,95,2,113,0,20,118,2,140,281,0,281,421
05/20/2021,TKI,TX,ASW,CE,Federal Contract Tower,0,10,38,2,50,0,9,21,0,30,0,19,59,2,80,66,0,66,146
05/21/2021,TKI,TX,ASW,CE,Federal Contract Tower,0,18,42,0,60,0,10,39,0,49,0,28,81,0,109,171,0,171,280
05/22/2021,TKI,TX,ASW,CE,Federal Contract Tower,0,5,51,0,56,0,5,10,0,15,0,10,61,0,71,18,0,18,89
05/23/2021,TKI,TX,ASW,CE,Federal Contract Tower,0,7,38,0,45,0,20,95,0,115,0,27,133,0,160,290,0,290,450
05/24/2021,TKI,TX,ASW,CE,Federal Contract Tower,0,9,28,0,37,0,4,15,0,19,0,13,43,0,56,62,0,62,118
05/25/2021,TKI,TX,ASW,CE,Federal Contract Tower,0,8,29,0,37,0,19,55,0,74,0,27,84,0,111,212,0,212,323
05/26/2021,TKI,TX,ASW,CE,Federal Contract Tower,0,9,57,0,66,0,22,104,2,128,0,31,161,2,194,308,0,308,502
05/27/2021,TKI,TX,ASW,CE,Federal Contract Tower,0,10,30,1,41,0,27,132,3,162,0,37,162,4,203,321,0,321,524
05/28/2021,TKI,TX,ASW,CE,Federal Contract Tower,0,9,29,0,38,0,2,65,0,67,0,11,94,0,105,250,0,250,355
05/29/2021,TKI,TX,ASW,CE,Federal Contract Tower,0,2,31,0,33,0,34,93,0,127,0,36,124,0,160,287,0,287,447
05/30/2021,TKI,TX,ASW,CE,Federal Contract Tower,0,2,30,0,32,0,16,87,0,103,0,18,117,0,135,216,0,216,351
05/31/2021,TKI,TX,ASW,CE,Federal Contract Tower,0,5,24,0,29,0,0,14,0,14,0,5,38,0,43,35,0,35,78
06/01/2021,TKI,TX,ASW,CE,Federal Contract Tower,0,5,36,0,41,0,8,26,0,34,0,13,62,0,75,149,0,149,224
06/02/2021,TKI,TX,ASW,CE,Federal Contract Tower,0,3,29,0,32,0,30,131,0,161,0,33,160,0,193,456,0,456,649
06/03/2021,TKI,TX,ASW,CE,Federal Contract Tower,0,7,20,0,27,0,31,131,0,162,0,38,151,0,189,345,0,345,534
06/04/2021,TKI,TX,ASW,CE,Federal Contract Tower,0,3,21,0,24,0,17,137,0,154,0,20,158,0,178,324,0,324,502
06/05/2021,TKI,TX,ASW,CE,Federal Contract Tower,0,7,8,0,15,0,3,34,0,37,0,10,42,0,52,118,0,118,170
06/06/2021,TKI,TX,ASW,CE,Federal Contract Tower,0,8,31,0,39,0,14,60,0,74,0,22,91,0,113,211,0,211,324
06/07/2021,TKI,TX,ASW,CE,Federal Contract Tower,0,7,24,0,31,0,2,11,0,13,0,9,35,0,44,24,0,24,68
06/08/2021,TKI,TX,ASW,CE,Federal Contract Tower,0,9,31,0,40,0,24,69,0,93,0,33,100,0,133,271,0,271,404
06/09/2021,TKI,TX,ASW,CE,Federal Contract Tower,0,6,46,0,52,0,16,84,0,100,0,22,130,0,152,357,0,357,509
06/10/2021,TKI,TX,ASW,CE,Federal Contract Tower,0,4,47,0,51,0,14,113,0,127,0,18,160,0,178,338,0,338,516
06/11/2021,TKI,TX,ASW,CE,Federal Contract Tower,0,15,37,0,52,0,14,132,0,146,0,29,169,0,198,364,0,364,562
06/12/2021,TKI,TX,ASW,CE,Federal Contract Tower,0,5,22,0,27,0,9,158,0,167,0,14,180,0,194,191,0,191,385
06/13/2021,TKI,TX,ASW,CE,Federal Contract Tower,0,9,20,0,29,0,19,133,0,152,0,28,153,0,181,235,0,235,416
06/14/2021,TKI,TX,ASW,CE,Federal Contract Tower,0,7,33,0,40,0,33,139,0,172,0,40,172,0,212,323,0,323,535
06/15/2021,TKI,TX,ASW,CE,Federal Contract Tower,0,8,24,0,32,0,27,141,0,168,0,35,165,0,200,293,0,293,493
06/16/2021,TKI,TX,ASW,CE,Federal Contract Tower,0,4,34,0,38,0,28,139,0,167,0,32,173,0,205,346,0,346,551
06/17/2021,TKI,TX,ASW,CE,Federal Contract Tower,0,10,31,0,41,0,12,161,0,173,0,22,192,0,214,356,0,356,570
06/18/2021,TKI,TX,ASW,CE,Federal Contract Tower,0,6,34,0,40,0,10,156,0,166,0,16,190,0,206,317,0,317,523
06/19/2021,TKI,TX,ASW,CE,Federal Contract Tower,0,6,16,0,22,0,8,112,0,120,0,14,128,0,142,271,0,271,413
06/20/2021,TKI,TX,ASW,CE,Federal Contract Tower,0,3,21,0,24,0,14,89,0,103,0,17,110,0,127,153,0,153,280
06/21/2021,TKI,TX,ASW,CE,Federal Contract Tower,0,6,29,0,35,0,17,45,0,62,0,23,74,0,97,170,0,170,267
06/22/2021,TKI,TX,ASW,CE,Federal Contract Tower,0,8,18,0,26,0,30,159,0,189,0,38,177,0,215,390,0,390,605
06/23/2021,TKI,TX,ASW,CE,Federal Contract Tower,0,0,42,0,42,0,19,75,0,94,0,19,117,0,136,224,0,224,360
06/24/2021,TKI,TX,ASW,CE,Federal Contract Tower,0,11,47,0,58,0,27,118,0,145,0,38,165,0,203,338,0,338,541
06/25/2021,TKI,TX,ASW,CE,Federal Contract Tower,0,3,29,0,32,0,32,102,0,134,0,35,131,0,166,282,0,282,448
06/26/2021,TKI,TX,ASW,CE,Federal Contract Tower,0,7,12,0,19,0,18,84,0,102,0,25,96,0,121,180,0,180,301
06/27/2021,TKI,TX,ASW,CE,Federal Contract Tower,0,7,26,0,33,0,23,77,0,100,0,30,103,0,133,270,0,270,403
06/28/2021,TKI,TX,ASW,CE,Federal Contract Tower,0,4,28,0,32,0,9,22,0,31,0,13,50,0,63,72,0,72,135
06/29/2021,TKI,TX,ASW,CE,Federal Contract Tower,0,17,43,0,60,0,14,81,0,95,0,31,124,0,155,202,0,202,357
06/30/2021,TKI,TX,ASW,CE,Federal Contract Tower,0,12,38,0,50,0,27,81,2,110,0,39,119,2,160,327,0,327,487
07/01/2021,TKI,TX,ASW,CE,Federal Contract Tower,0,11,28,0,39,0,28,135,0,163,0,39,163,0,202,440,0,440,642
07/02/2021,TKI,TX,ASW,CE,Federal Contract Tower,0,18,31,0,49,0,13,21,0,34,0,31,52,0,83,141,0,141,224
07/03/2021,TKI,TX,ASW,CE,Federal Contract Tower,0,6,23,0,29,0,14,49,0,63,0,20,72,0,92,151,0,151,243
07/04/2021,TKI,TX,ASW,CE,Federal Contract Tower,0,5,15,0,20,0,28,82,0,110,0,33,97,0,130,276,0,276,406
07/05/2021,TKI,TX,ASW,CE,Federal Contract Tower,0,3,28,0,31,0,46,128,0,174,0,49,156,0,205,342,0,342,547
07/06/2021,TKI,TX,ASW,CE,Federal Contract Tower,0,3,22,0,25,0,33,144,0,177,0,36,166,0,202,357,0,357,559
07/07/2021,TKI,TX,ASW,CE,Federal Contract Tower,0,2,18,0,20,0,61,102,0,163,0,63,120,0,183,400,0,400,583
07/08/2021,TKI,TX,ASW,CE,Federal Contract Tower,0,8,28,0,36,0,42,106,0,148,0,50,134,0,184,366,0,366,550
07/09/2021,TKI,TX,ASW,CE,Federal Contract Tower,0,8,43,0,51,0,17,84,0,101,0,25,127,0,152,339,0,339,491
07/10/2021,TKI,TX,ASW,CE,Federal Contract Tower,0,13,41,0,54,0,19,78,0,97,0,32,119,0,151,201,0,201,352
07/11/2021,TKI,TX,ASW,CE,Federal Contract Tower,0,9,12,0,21,0,12,69,0,81,0,21,81,0,102,194,0,194,296
07/12/2021,TKI,TX,ASW,CE,Federal Contract Tower,0,5,15,0,20,0,20,120,0,140,0,25,135,0,160,417,0,417,577
07/13/2021,TKI,TX,ASW,CE,Federal Contract Tower,0,11,18,0,29,0,33,132,0,165,0,44,150,0,194,281,0,281,475
07/14/2021,TKI,TX,ASW,CE,Federal Contract Tower,0,5,32,0,37,0,38,144,0,182,0,43,176,0,219,313,0,313,532
07/15/2021,TKI,TX,ASW,CE,Federal Contract Tower,0,7,40,0,47,0,21,115,0,136,0,28,155,0,183,256,0,256,439
07/16/2021,TKI,TX,ASW,CE,Federal Contract Tower,0,12,40,0,52,0,19,85,0,104,0,31,125,0,156,253,0,253,409
07/17/2021,TKI,TX,ASW,CE,Federal Contract Tower,0,12,32,0,44,0,22,132,0,154,0,34,164,0,198,265,0,265,463
07/18/2021,TKI,TX,ASW,CE,Federal Contract Tower,0,9,12,0,21,0,16,85,0,101,0,25,97,0,122,148,0,148,270
07/19/2021,TKI,TX,ASW,CE,Federal Contract Tower,0,7,14,0,21,0,10,34,0,44,0,17,48,0,65,90,0,90,155
07/20/2021,TKI,TX,ASW,CE,Federal Contract Tower,0,7,20,0,27,0,28,121,0,149,0,35,141,0,176,360,0,360,536
07/21/2021,TKI,TX,ASW,CE,Federal Contract Tower,0,5,20,0,25,0,39,168,0,207,0,44,188,0,232,465,0,465,697
07/23/2021,TKI,TX,ASW,CE,Federal Contract Tower,0,4,30,0,34,0,19,136,0,155,0,23,166,0,189,459,0,459,648
07/24/2021,TKI,TX,ASW,CE,Federal Contract Tower,0,1,25,0,26,0,17,125,0,142,0,18,150,0,168,273,0,273,441
07/25/2021,TKI,TX,ASW,CE,Federal Contract Tower,0,1,28,0,29,0,29,128,0,157,0,30,156,0,186,191,0,191,377
07/26/2021,TKI,TX,ASW,CE,Federal Contract Tower,0,16,21,0,37,0,40,92,0,132,0,56,113,0,169,347,0,347,516
07/27/2021,TKI,TX,ASW,CE,Federal Contract Tower,0,10,27,0,37,0,43,108,0,151,0,53,135,0,188,290,0,290,478
07/28/2021,TKI,TX,ASW,CE,Federal Contract Tower,0,11,24,0,35,0,57,138,0,195,0,68,162,0,230,398,0,398,628
07/29/2021,TKI,TX,ASW,CE,Federal Contract Tower,0,5,26,0,31,0,39,131,0,170,0,44,157,0,201,343,0,343,544
07/30/2021,TKI,TX,ASW,CE,Federal Contract Tower,0,4,31,0,35,0,0,0,0,0,0,4,31,0,35,335,0,335,370
07/31/2021,TKI,TX,ASW,CE,Federal Contract Tower,0,7,9,0,16,0,46,141,0,187,0,53,150,0,203,191,0,191,394
08/01/2021,TKI,TX,ASW,CE,Federal Contract Tower,0,14,32,0,46,0,19,74,0,93,0,33,106,0,139,172,0,172,311
08/02/2021,TKI,TX,ASW,CE,Federal Contract Tower,0,17,36,0,53,0,24,89,0,113,0,41,125,0,166,284,0,284,450
08/03/2021,TKI,TX,ASW,CE,Federal Contract Tower,0,11,19,0,30,0,32,139,0,171,0,43,158,0,201,485,0,485,686
08/04/2021,TKI,TX,ASW,CE,Federal Contract Tower,0,5,25,0,30,0,33,131,0,164,0,38,156,0,194,343,0,343,537
08/05/2021,TKI,TX,ASW,CE,Federal Contract Tower,0,4,34,0,38,0,23,118,0,141,0,27,152,0,179,215,0,215,394
08/06/2021,TKI,TX,ASW,CE,Federal Contract Tower,0,7,34,0,41,0,40,130,0,170,0,47,164,0,211,261,0,261,472
08/07/2021,TKI,TX,ASW,CE,Federal Contract Tower,0,3,32,0,35,0,18,84,0,102,0,21,116,0,137,200,0,200,337
08/08/2021,TKI,TX,ASW,CE,Federal Contract Tower,0,9,29,0,38,0,11,91,0,102,0,20,120,0,140,151,0,151,291
08/09/2021,TKI,TX,ASW,CE,Federal Contract Tower,0,5,35,0,40,0,18,63,0,81,0,23,98,0,121,178,0,178,299
08/10/2021,TKI,TX,ASW,CE,Federal Contract Tower,0,2,19,0,21,0,28,102,4,134,0,30,121,4,155,254,0,254,409
08/11/2021,TKI,TX,ASW,CE,Federal Contract Tower,0,5,24,0,29,0,25,112,2,139,0,30,136,2,168,356,0,356,524
08/12/2021,TKI,TX,ASW,CE,Federal Contract Tower,0,10,27,0,37,0,28,115,0,143,0,38,142,0,180,336,0,336,516
08/13/2021,TKI,TX,ASW,CE,Federal Contract Tower,0,5,25,0,30,0,29,123,0,152,0,34,148,0,182,405,0,405,587
08/14/2021,TKI,TX,ASW,CE,Federal Contract Tower,0,6,17,0,23,0,16,114,0,130,0,22,131,0,153,246,0,246,399
08/15/2021,TKI,TX,ASW,CE,Federal Contract Tower,0,5,19,0,24,0,27,78,0,105,0,32,97,0,129,249,0,249,378
08/16/2021,TKI,TX,ASW,CE,Federal Contract Tower,0,8,21,0,29,0,16,84,0,100,0,24,105,0,129,248,0,248,377
08/17/2021,TKI,TX,ASW,CE,Federal Contract Tower,0,2,25,0,27,0,12,82,0,94,0,14,107,0,121,79,0,79,200
08/18/2021,TKI,TX,ASW,CE,Federal Contract Tower,0,1,30,0,31,0,2,8,0,10,0,3,38,0,41,24,0,24,65
08/19/2021,TKI,TX,ASW,CE,Federal Contract Tower,0,4,29,0,33,0,16,64,0,80,0,20,93,0,113,199,0,199,312
08/20/2021,TKI,TX,ASW,CE,Federal Contract Tower,0,5,37,0,42,0,30,141,0,171,0,35,178,0,213,290,0,290,503
08/21/2021,TKI,TX,ASW,CE,Federal Contract Tower,0,2,21,0,23,0,36,146,0,182,0,38,167,0,205,280,0,280,485
08/22/2021,TKI,TX,ASW,CE,Federal Contract Tower,0,4,33,0,37,0,25,112,0,137,0,29,145,0,174,254,0,254,428
08/23/2021,TKI,TX,ASW,CE,Federal Contract Tower,0,2,22,3,27,0,29,145,0,174,0,31,167,3,201,314,0,314,515
08/24/2021,TKI,TX,ASW,CE,Federal Contract Tower,0,1,32,0,33,0,40,129,0,169,0,41,161,0,202,260,0,260,462
08/25/2021,TKI,TX,ASW,CE,Federal Contract Tower,0,9,19,0,28,0,38,146,0,184,0,47,165,0,212,344,0,344,556
08/26/2021,TKI,TX,ASW,CE,Federal Contract Tower,0,5,29,0,34,0,26,136,0,162,0,31,165,0,196,387,0,387,583
08/27/2021,TKI,TX,ASW,CE,Federal Contract Tower,0,10,30,0,40,0,35,111,0,146,0,45,141,0,186,301,0,301,487
08/28/2021,TKI,TX,ASW,CE,Federal Contract Tower,0,3,27,0,30,0,37,109,0,146,0,40,136,0,176,312,0,312,488
08/29/2021,TKI,TX,ASW,CE,Federal Contract Tower,0,13,48,0,61,0,16,71,0,87,0,29,119,0,148,147,0,147,295
08/30/2021,TKI,TX,ASW,CE,Federal Contract Tower,0,8,13,0,21,0,15,103,0,118,0,23,116,0,139,254,0,254,393
08/31/2021,TKI,TX,ASW,CE,Federal Contract Tower,0,2,26,0,28,0,19,120,0,139,0,21,146,0,167,248,0,248,415
09/01/2021,TKI,TX,ASW,CE,Federal Contract Tower,0,0,31,0,31,0,22,131,0,153,0,22,162,0,184,438,0,438,622
09/02/2021,TKI,TX,ASW,CE,Federal Contract Tower,0,5,30,0,35,0,17,156,0,173,0,22,186,0,208,306,0,306,514
09/03/2021,TKI,TX,ASW,CE,Federal Contract Tower,0,6,34,0,40,0,23,163,0,186,0,29,197,0,226,347,0,347,573
09/04/2021,TKI,TX,ASW,CE,Federal Contract Tower,0,3,21,0,24,0,22,113,0,135,0,25,134,0,159,315,0,315,474
09/05/2021,TKI,TX,ASW,CE,Federal Contract Tower,0,0,21,0,21,0,32,82,0,114,0,32,103,0,135,199,0,199,334
09/06/2021,TKI,TX,ASW,CE,Federal Contract Tower,0,7,36,0,43,0,32,111,0,143,0,39,147,0,186,296,0,296,482
09/07/2021,TKI,TX,ASW,CE,Federal Contract Tower,0,7,31,0,38,0,36,144,2,182,0,43,175,2,220,358,0,358,578
09/08/2021,TKI,TX,ASW,CE,Federal Contract Tower,0,6,20,0,26,0,11,112,0,123,0,17,132,0,149,333,0,333,482
09/09/2021,TKI,TX,ASW,CE,Federal Contract Tower,0,7,34,0,41,0,28,111,0,139,0,35,145,0,180,372,0,372,552
09/10/2021,TKI,TX,ASW,CE,Federal Contract Tower,0,9,31,0,40,0,21,148,0,169,0,30,179,0,209,364,0,364,573
09/11/2021,TKI,TX,ASW,CE,Federal Contract Tower,0,13,25,0,38,0,32,146,0,178,0,45,171,0,216,367,0,367,583
09/12/2021,TKI,TX,ASW,CE,Federal Contract Tower,0,8,24,0,32,0,37,114,0,151,0,45,138,0,183,330,0,330,513
09/13/2021,TKI,TX,ASW,CE,Federal Contract Tower,0,12,30,0,42,0,21,51,0,72,0,33,81,0,114,131,0,131,245
09/14/2021,TKI,TX,ASW,CE,Federal Contract Tower,0,6,27,0,33,0,24,116,0,140,0,30,143,0,173,324,0,324,497
09/15/2021,TKI,TX,ASW,CE,Federal Contract Tower,0,6,16,0,22,0,41,97,0,138,0,47,113,0,160,242,0,242,402
09/16/2021,TKI,TX,ASW,CE,Federal Contract Tower,0,8,33,0,41,0,14,112,0,126,0,22,145,0,167,366,0,366,533
09/17/2021,TKI,TX,ASW,CE,Federal Contract Tower,0,14,44,2,60,0,15,124,0,139,0,29,168,2,199,340,0,340,539
09/18/2021,TKI,TX,ASW,CE,Federal Contract Tower,0,3,18,0,21,0,20,136,0,156,0,23,154,0,177,244,0,244,421
09/19/2021,TKI,TX,ASW,CE,Federal Contract Tower,0,9,40,0,49,0,34,129,0,163,0,43,169,0,212,243,0,243,455
09/20/2021,TKI,TX,ASW,CE,Federal Contract Tower,0,8,29,0,37,0,27,126,0,153,0,35,155,0,190,320,0,320,510
09/21/2021,TKI,TX,ASW,CE,Federal Contract Tower,0,6,32,0,38,0,15,69,0,84,0,21,101,0,122,210,1,211,333
09/22/2021,TKI,TX,ASW,CE,Federal Contract Tower,0,1,41,0,42,0,31,146,0,177,0,32,187,0,219,303,0,303,522
09/23/2021,TKI,TX,ASW,CE,Federal Contract Tower,0,11,27,0,38,0,35,150,0,185,0,46,177,0,223,407,0,407,630
09/24/2021,TKI,TX,ASW,CE,Federal Contract Tower,0,4,27,0,31,0,31,156,0,187,0,35,183,0,218,316,0,316,534
09/25/2021,TKI,TX,ASW,CE,Federal Contract Tower,0,8,14,0,22,0,37,136,0,173,0,45,150,0,195,361,0,361,556
09/26/2021,TKI,TX,ASW,CE,Federal Contract Tower,0,10,19,0,29,0,33,132,0,165,0,43,151,0,194,304,0,304,498
09/27/2021,TKI,TX,ASW,CE,Federal Contract Tower,0,8,23,0,31,0,25,152,0,177,0,33,175,0,208,296,0,296,504
09/28/2021,TKI,TX,ASW,CE,Federal Contract Tower,0,3,26,0,29,0,22,117,0,139,0,25,143,0,168,322,0,322,490
09/29/2021,TKI,TX,ASW,CE,Federal Contract Tower,3,31,0,0,34,0,35,97,0,132,3,66,97,0,166,359,0,359,525
09/30/2021,TKI,TX,ASW,CE,Federal Contract Tower,0,14,51,0,65,0,6,70,0,76,0,20,121,0,141,143,0,143,284
10/02/2021,TKI,TX,ASW,CE,Federal Contract Tower,0,10,26,0,36,0,14,43,0,57,0,24,69,0,93,123,0,123,216
10/03/2021,TKI,TX,ASW,CE,Federal Contract Tower,0,15,24,0,39,0,26,140,0,166,0,41,164,0,205,317,0,317,522
10/04/2021,TKI,TX,ASW,CE,Federal Contract Tower,0,3,27,0,30,0,49,121,0,170,0,52,148,0,200,305,0,305,505
10/05/2021,TKI,TX,ASW,CE,Federal Contract Tower,0,0,27,0,27,0,44,144,0,188,0,44,171,0,215,379,0,379,594
10/06/2021,TKI,TX,ASW,CE,Federal Contract Tower,0,16,38,0,54,0,28,147,0,175,0,44,185,0,229,410,0,410,639
10/07/2021,TKI,TX,ASW,CE,Federal Contract Tower,0,3,22,0,25,0,31,150,0,181,0,34,172,0,206,392,0,392,598
10/08/2021,TKI,TX,ASW,CE,Federal Contract Tower,0,5,33,0,38,0,25,158,0,183,0,30,191,0,221,159,0,159,380
10/09/2021,TKI,TX,ASW,CE,Federal Contract Tower,0,8,21,0,29,0,13,167,0,180,0,21,188,0,209,188,0,188,397
10/10/2021,TKI,TX,ASW,CE,Federal Contract Tower,0,10,37,0,47,0,7,18,0,25,0,17,55,0,72,34,0,34,106
10/11/2021,TKI,TX,ASW,CE,Federal Contract Tower,0,7,19,0,26,0,32,182,0,214,0,39,201,0,240,387,0,387,627
10/12/2021,TKI,TX,ASW,CE,Federal Contract Tower,0,9,35,0,44,0,15,35,2,52,0,24,70,2,96,132,0,132,228
10/13/2021,TKI,TX,ASW,CE,Federal Contract Tower,0,4,29,0,33,0,5,10,0,15,0,9,39,0,48,25,0,25,73
10/14/2021,TKI,TX,ASW,CE,Federal Contract Tower,0,10,42,0,52,0,15,39,0,54,0,25,81,0,106,93,0,93,199
10/15/2021,TKI,TX,ASW,CE,Federal Contract Tower,0,15,69,2,86,0,9,49,0,58,0,24,118,2,144,105,0,105,249
10/16/2021,TKI,TX,ASW,CE,Federal Contract Tower,0,9,23,0,32,0,55,164,0,219,0,64,187,0,251,290,0,290,541
10/17/2021,TKI,TX,ASW,CE,Federal Contract Tower,0,9,37,0,46,0,44,160,0,204,0,53,197,0,250,265,0,265,515
10/18/2021,TKI,TX,ASW,CE,Federal Contract Tower,0,11,28,0,39,0,21,131,0,152,0,32,159,0,191,350,0,350,541
10/19/2021,TKI,TX,ASW,CE,Federal Contract Tower,0,7,30,0,37,0,34,143,0,177,0,41,173,0,214,367,0,367,581
10/20/2021,TKI,TX,ASW,CE,Federal Contract Tower,0,9,52,0,61,0,31,114,0,145,0,40,166,0,206,386,0,386,592
10/21/2021,TKI,TX,ASW,CE,Federal Contract Tower,0,5,29,0,34,0,34,125,0,159,0,39,154,0,193,367,0,367,560
10/22/2021,TKI,TX,ASW,CE,Federal Contract Tower,0,8,29,0,37,0,10,110,0,120,0,18,139,0,157,323,0,323,480
10/23/2021,TKI,TX,ASW,CE,Federal Contract Tower,0,6,41,0,47,0,20,66,0,86,0,26,107,0,133,223,0,223,356
10/24/2021,TKI,TX,ASW,CE,Federal Contract Tower,0,10,55,0,65,0,4,37,0,41,0,14,92,0,106,46,0,46,152
10/25/2021,TKI,TX,ASW,CE,Federal Contract Tower,0,3,44,0,47,0,34,159,0,193,0,37,203,0,240,467,0,467,707
10/26/2021,TKI,TX,ASW,CE,Federal Contract Tower,0,10,36,0,46,0,24,41,0,65,0,34,77,0,111,117,0,117,228
10/27/2021,TKI,TX,ASW,CE,Federal Contract Tower,0,14,27,0,41,0,7,15,0,22,0,21,42,0,63,29,0,29,92
10/28/2021,TKI,TX,ASW,CE,Federal Contract Tower,0,2,20,0,22,0,5,6,0,11,0,7,26,0,33,2,0,2,35
10/29/2021,TKI,TX,ASW,CE,Federal Contract Tower,0,12,21,0,33,0,4,42,0,46,0,16,63,0,79,27,0,27,106
10/30/2021,TKI,TX,ASW,CE,Federal Contract Tower,0,3,31,0,34,0,37,150,0,187,0,40,181,0,221,380,0,380,601
10/31/2021,TKI,TX,ASW,CE,Federal Contract Tower,0,4,25,0,29,0,30,141,0,171,0,34,166,0,200,351,0,351,551
11/01/2021,TKI,TX,ASW,CE,Federal Contract Tower,0,1,27,0,28,0,47,179,0,226,0,48,206,0,254,410,0,410,664
11/02/2021,TKI,TX,ASW,CE,Federal Contract Tower,0,14,49,0,63,0,4,17,0,21,0,18,66,0,84,122,0,122,206
11/03/2021,TKI,TX,ASW,CE,Federal Contract Tower,0,15,37,0,52,0,0,0,0,0,0,15,37,0,52,24,0,24,76
11/04/2021,TKI,TX,ASW,CE,Federal Contract Tower,0,3,28,0,31,0,32,148,0,180,0,35,176,0,211,482,0,482,693
11/05/2021,TKI,TX,ASW,CE,Federal Contract Tower,0,2,26,0,28,0,25,162,0,187,0,27,188,0,215,447,0,447,662
11/06/2021,TKI,TX,ASW,CE,Federal Contract Tower,0,3,15,0,18,0,30,177,0,207,0,33,192,0,225,360,0,360,585
11/07/2021,TKI,TX,ASW,CE,Federal Contract Tower,0,11,28,0,39,0,25,131,0,156,0,36,159,0,195,249,0,249,444
11/08/2021,TKI,TX,ASW,CE,Federal Contract Tower,0,5,27,0,32,0,21,117,0,138,0,26,144,0,170,285,0,285,455
11/09/2021,TKI,TX,ASW,CE,Federal Contract Tower,0,3,30,0,33,0,38,130,0,168,0,41,160,0,201,278,0,278,479
11/10/2021,TKI,TX,ASW,CE,Federal Contract Tower,0,9,63,0,72,0,9,20,0,29,0,18,83,0,101,49,0,49,150
11/11/2021,TKI,TX,ASW,CE,Federal Contract Tower,0,5,29,0,34,0,22,146,0,168,0,27,175,0,202,384,0,384,586
11/12/2021,TKI,TX,ASW,CE,Federal Contract Tower,0,9,43,0,52,0,15,161,0,176,0,24,204,0,228,268,0,268,496
11/13/2021,TKI,TX,ASW,CE,Federal Contract Tower,0,4,21,0,25,0,24,155,0,179,0,28,176,0,204,334,0,334,538
11/14/2021,TKI,TX,ASW,CE,Federal Contract Tower,0,11,18,0,29,0,45,130,0,175,0,56,148,0,204,323,0,323,527
11/15/2021,TKI,TX,ASW,CE,Federal Contract Tower,0,4,21,0,25,0,37,151,0,188,0,41,172,0,213,342,0,342,555
11/16/2021,TKI,TX,ASW,CE,Federal Contract Tower,0,11,48,0,59,0,11,52,1,64,0,22,100,1,123,70,0,70,193
11/17/2021,TKI,TX,ASW,CE,Federal Contract Tower,0,4,41,0,45,0,6,56,1,63,0,10,97,1,108,103,0,103,211
11/18/2021,TKI,TX,ASW,CE,Federal Contract Tower,0,9,37,0,46,0,22,68,0,90,0,31,105,0,136,175,0,175,311
11/19/2021,TKI,TX,ASW,CE,Federal Contract Tower,0,9,36,0,45,0,16,123,0,139,0,25,159,0,184,363,0,363,547
11/20/2021,TKI,TX,ASW,CE,Federal Contract Tower,0,8,29,0,37,0,15,138,0,153,0,23,167,0,190,188,0,188,378
11/21/2021,TKI,TX,ASW,CE,Federal Contract Tower,0,13,45,0,58,0,10,48,0,58,0,23,93,0,116,149,0,149,265
11/22/2021,TKI,TX,ASW,CE,Federal Contract Tower,0,7,20,0,27,0,34,144,0,178,0,41,164,0,205,252,0,252,457
11/23/2021,TKI,TX,ASW,CE,Federal Contract Tower,0,5,32,0,37,0,21,157,0,178,0,26,189,0,215,305,0,305,520
11/24/2021,TKI,TX,ASW,CE,Federal Contract Tower,0,10,29,0,39,0,11,62,0,73,0,21,91,0,112,112,0,112,224
11/25/2021,TKI,TX,ASW,CE,Federal Contract Tower,0,10,12,0,22,0,4,18,0,22,0,14,30,0,44,14,0,14,58
11/26/2021,TKI,TX,ASW,CE,Federal Contract Tower,0,4,22,0,26,0,30,124,0,154,0,34,146,0,180,146,0,146,326
11/27/2021,TKI,TX,ASW,CE,Federal Contract Tower,0,7,35,0,42,0,24,46,0,70,0,31,81,0,112,149,0,149,261
11/28/2021,TKI,TX,ASW,CE,Federal Contract Tower,0,7,35,0,42,0,30,136,0,166,0,37,171,0,208,257,0,257,465
11/29/2021,TKI,TX,ASW,CE,Federal Contract Tower,0,11,46,0,57,0,33,155,0,188,0,44,201,0,245,339,0,339,584
11/30/2021,TKI,TX,ASW,CE,Federal Contract Tower,0,9,34,2,45,0,48,171,0,219,0,57,205,2,264,285,0,285,549
12/01/2021,TKI,TX,ASW,CE,Federal Contract Tower,0,8,30,0,38,0,21,129,0,150,0,29,159,0,188,295,0,295,483
12/02/2021,TKI,TX,ASW,CE,Federal Contract Tower,0,2,27,0,29,0,26,113,2,141,0,28,140,2,170,278,0,278,448
12/03/2021,TKI,TX,ASW,CE,Federal Contract Tower,0,11,53,0,64,0,14,42,0,56,0,25,95,0,120,96,0,96,216
12/04/2021,TKI,TX,ASW,CE,Federal Contract Tower,0,17,49,0,66,0,13,16,0,29,0,30,65,0,95,40,0,40,135
12/05/2021,TKI,TX,ASW,CE,Federal Contract Tower,0,13,41,2,56,0,15,40,1,56,0,28,81,3,112,111,6,117,229
12/06/2021,TKI,TX,ASW,CE,Federal Contract Tower,0,13,21,0,34,0,10,59,0,69,0,23,80,0,103,124,0,124,227
12/07/2021,TKI,TX,ASW,CE,Federal Contract Tower,0,10,39,0,49,0,31,153,0,184,0,41,192,0,233,272,0,272,505
12/08/2021,TKI,TX,ASW,CE,Federal Contract Tower,0,15,40,0,55,0,1,28,0,29,0,16,68,0,84,98,0,98,182
12/09/2021,TKI,TX,ASW,CE,Federal Contract Tower,0,13,41,0,54,0,21,100,0,121,0,34,141,0,175,242,0,242,417
12/10/2021,TKI,TX,ASW,CE,Federal Contract Tower,0,6,58,0,64,0,12,56,0,68,0,18,114,0,132,125,0,125,257
12/11/2021,TKI,TX,ASW,CE,Federal Contract Tower,0,6,21,0,27,0,13,122,0,135,0,19,143,0,162,295,0,295,457
12/12/2021,TKI,TX,ASW,CE,Federal Contract Tower,0,5,26,0,31,0,24,170,0,194,0,29,196,0,225,265,0,265,490
12/13/2021,TKI,TX,ASW,CE,Federal Contract Tower,0,5,41,0,46,0,20,157,0,177,0,25,198,0,223,342,0,342,565
12/14/2021,TKI,TX,ASW,CE,Federal Contract Tower,0,17,52,0,69,0,3,0,0,3,0,20,52,0,72,15,0,15,87
12/15/2021,TKI,TX,ASW,CE,Federal Contract Tower,0,8,32,0,40,0,9,31,0,40,0,17,63,0,80,58,0,58,138
12/16/2021,TKI,TX,ASW,CE,Federal Contract Tower,0,10,62,0,72,0,15,66,0,81,0,25,128,0,153,258,0,258,411
12/17/2021,TKI,TX,ASW,CE,Federal Contract Tower,0,7,41,0,48,0,14,57,4,75,0,21,98,4,123,76,0,76,199
12/18/2021,TKI,TX,ASW,CE,Federal Contract Tower,0,4,20,0,24,0,4,41,0,45,0,8,61,0,69,73,0,73,142
12/19/2021,TKI,TX,ASW,CE,Federal Contract Tower,0,6,33,0,39,0,30,108,0,138,0,36,141,0,177,307,0,307,484
12/20/2021,TKI,TX,ASW,CE,Federal Contract Tower,0,9,37,0,46,0,27,52,0,79,0,36,89,0,125,197,0,197,322
12/21/2021,TKI,TX,ASW,CE,Federal Contract Tower,0,6,34,0,40,0,36,184,0,220,0,42,218,0,260,300,0,300,560
12/22/2021,TKI,TX,ASW,CE,Federal Contract Tower,0,4,33,0,37,0,24,162,0,186,0,28,195,0,223,277,0,277,500
12/23/2021,TKI,TX,ASW,CE,Federal Contract Tower,0,6,31,0,37,0,19,82,0,101,0,25,113,0,138,145,0,145,283
12/24/2021,TKI,TX,ASW,CE,Federal Contract Tower,0,5,16,0,21,0,6,29,0,35,0,11,45,0,56,30,0,30,86
12/25/2021,TKI,TX,ASW,CE,Federal Contract Tower,0,3,5,0,8,0,4,37,0,41,0,7,42,0,49,11,0,11,60
12/26/2021,TKI,TX,ASW,CE,Federal Contract Tower,0,11,11,0,22,0,7,36,0,43,0,18,47,0,65,20,0,20,85
12/27/2021,TKI,TX,ASW,CE,Federal Contract Tower,0,11,37,0,48,0,26,101,0,127,0,37,138,0,175,195,0,195,370
12/28/2021,TKI,TX,ASW,CE,Federal Contract Tower,0,10,28,0,38,0,24,87,0,111,0,34,115,0,149,163,0,163,312
12/29/2021,TKI,TX,ASW,CE,Federal Contract Tower,0,4,30,0,34,0,10,59,0,69,0,14,89,0,103,108,0,108,211
12/30/2021,TKI,TX,ASW,CE,Federal Contract Tower,0,12,33,0,45,0,17,117,0,134,0,29,150,0,179,380,0,380,559
12/31/2021,TKI,TX,ASW,CE,Federal Contract Tower,0,4,30,0,34,0,0,5,0,5,0,4,35,0,39,6,0,6,45
01/01/2022,TKI,TX,ASW,CE,Federal Contract Tower,0,12,13,0,25,0,2,11,0,13,0,14,24,0,38,1,0,1,39
01/02/2022,TKI,TX,ASW,CE,Federal Contract Tower,0,8,17,0,25,0,4,63,0,67,0,12,80,0,92,55,0,55,147
01/03/2022,TKI,TX,ASW,CE,Federal Contract Tower,0,8,27,0,35,0,27,124,0,151,0,35,151,0,186,230,0,230,416
01/04/2022,TKI,TX,ASW,CE,Federal Contract Tower,0,13,17,0,30,0,27,97,0,124,0,40,114,0,154,134,0,134,288
01/05/2022,TKI,TX,ASW,CE,Federal Contract Tower,0,8,25,0,33,0,33,115,0,148,0,41,140,0,181,343,0,343,524
01/06/2022,TKI,TX,ASW,CE,Federal Contract Tower,0,4,25,0,29,0,17,80,0,97,0,21,105,0,126,166,0,166,292
01/07/2022,TKI,TX,ASW,CE,Federal Contract Tower,0,3,34,0,37,0,21,97,0,118,0,24,131,0,155,246,0,246,401
01/08/2022,TKI,TX,ASW,CE,Federal Contract Tower,0,4,17,0,21,0,0,0,0,0,0,4,17,0,21,0,0,0,21
01/09/2022,TKI,TX,ASW,CE,Federal Contract Tower,0,8,34,0,42,0,4,44,0,48,0,12,78,0,90,75,0,75,165
01/10/2022,TKI,TX,ASW,CE,Federal Contract Tower,0,0,23,0,23,0,28,123,0,151,0,28,146,0,174,245,0,245,419
01/11/2022,TKI,TX,ASW,CE,Federal Contract Tower,0,1,22,0,23,0,32,151,0,183,0,33,173,0,206,334,0,334,540
01/12/2022,TKI,TX,ASW,CE,Federal Contract Tower,0,3,22,0,25,0,17,61,0,78,0,20,83,0,103,230,0,230,333
01/13/2022,TKI,TX,ASW,CE,Federal Contract Tower,0,2,31,0,33,0,24,110,0,134,0,26,141,0,167,303,0,303,470
01/14/2022,TKI,TX,ASW,CE,Federal Contract Tower,0,8,33,0,41,0,22,113,0,135,0,30,146,0,176,311,0,311,487
01/15/2022,TKI,TX,ASW,CE,Federal Contract Tower,0,3,11,0,14,0,7,3,0,10,0,10,14,0,24,1,0,1,25
01/16/2022,TKI,TX,ASW,CE,Federal Contract Tower,0,7,17,0,24,0,41,130,0,171,0,48,147,0,195,360,0,360,555
01/17/2022,TKI,TX,ASW,CE,Federal Contract Tower,0,1,25,0,26,0,33,167,0,200,0,34,192,0,226,407,0,407,633
01/18/2022,TKI,TX,ASW,CE,Federal Contract Tower,0,4,32,0,36,0,12,86,0,98,0,16,118,0,134,143,0,143,277
01/19/2022,TKI,TX,ASW,CE,Federal Contract Tower,0,4,35,0,39,0,10,60,0,70,0,14,95,0,109,244,0,244,353
01/20/2022,TKI,TX,ASW,CE,Federal Contract Tower,0,10,23,0,33,0,15,86,0,101,0,25,109,0,134,242,0,242,376
01/21/2022,TKI,TX,ASW,CE,Federal Contract Tower,0,8,24,0,32,0,42,103,0,145,0,50,127,0,177,408,0,408,585
01/22/2022,TKI,TX,ASW,CE,Federal Contract Tower,0,2,17,0,19,0,27,135,0,162,0,29,152,0,181,365,0,365,546
01/23/2022,TKI,TX,ASW,CE,Federal Contract Tower,0,3,25,0,28,0,25,144,0,169,0,28,169,0,197,346,0,346,543
01/24/2022,TKI,TX,ASW,CE,Federal Contract Tower,0,8,27,0,35,0,24,126,0,150,0,32,153,0,185,322,0,322,507
01/25/2022,TKI,TX,ASW,CE,Federal Contract Tower,0,4,38,0,42,0,24,129,0,153,0,28,167,0,195,358,0,358,553
01/26/2022,TKI,TX,ASW,CE,Federal Contract Tower,0,2,16,0,18,0,24,113,0,137,0,26,129,0,155,326,0,326,481
01/27/2022,TKI,TX,ASW,CE,Federal Contract Tower,0,6,38,0,44,0,32,93,0,125,0,38,131,0,169,351,0,351,520
01/28/2022,TKI,TX,ASW,CE,Federal Contract Tower,0,7,42,0,49,0,16,112,0,128,0,23,154,0,177,267,0,267,444
01/29/2022,TKI,TX,ASW,CE,Federal Contract Tower,0,5,27,0,32,0,31,138,0,169,0,36,165,0,201,258,0,258,459
01/30/2022,TKI,TX,ASW,CE,Federal Contract Tower,0,6,42,0,48,0,36,117,0,153,0,42,159,0,201,265,0,265,466
01/31/2022,TKI,TX,ASW,CE,Federal Contract Tower,0,8,54,0,62,0,30,92,2,124,0,38,146,2,186,205,0,205,391
02/01/2022,TKI,TX,ASW,CE,Federal Contract Tower,0,9,40,0,49,0,13,91,0,104,0,22,131,0,153,248,0,248,401
02/02/2022,TKI,TX,ASW,CE,Federal Contract Tower,0,0,20,0,20,0,0,0,0,0,0,0,20,0,20,1,0,1,21
02/03/2022,TKI,TX,ASW,CE,Federal Contract Tower,0,0,0,0,0,0,2,0,0,2,0,2,0,0,2,0,0,0,2
02/04/2022,TKI,TX,ASW,CE,Federal Contract Tower,0,3,8,0,11,0,10,10,0,20,0,13,18,0,31,5,0,5,36
02/05/2022,TKI,TX,ASW,CE,Federal Contract Tower,0,5,16,0,21,0,28,71,0,99,0,33,87,0,120,301,0,301,421
02/06/2022,TKI,TX,ASW,CE,Federal Contract Tower,0,10,23,0,33,0,26,99,0,125,0,36,122,0,158,330,0,330,488
02/07/2022,TKI,TX,ASW,CE,Federal Contract Tower,0,3,27,0,30,0,27,98,0,125,0,30,125,0,155,292,0,292,447
02/08/2022,TKI,TX,ASW,CE,Federal Contract Tower,0,1,29,0,30,0,15,123,0,138,0,16,152,0,168,296,0,296,464
02/09/2022,TKI,TX,ASW,CE,Federal Contract Tower,0,2,39,0,41,0,24,159,0,183,0,26,198,0,224,401,0,401,625
02/10/2022,TKI,TX,ASW,CE,Federal Contract Tower,0,4,45,0,49,0,33,131,0,164,0,37,176,0,213,301,0,301,514
02/11/2022,TKI,TX,ASW,CE,Federal Contract Tower,0,14,30,0,44,0,31,146,0,177,0,45,176,0,221,300,0,300,521
02/12/2022,TKI,TX,ASW,CE,Federal Contract Tower,0,6,13,1,20,0,7,38,0,45,0,13,51,1,65,105,0,105,170
02/13/2022,TKI,TX,ASW,CE,Federal Contract Tower,0,5,14,0,19,0,25,105,1,131,0,30,119,1,150,258,0,258,408
02/14/2022,TKI,TX,ASW,CE,Federal Contract Tower,0,4,30,0,34,0,23,101,0,124,0,27,131,0,158,311,0,311,469
02/15/2022,TKI,TX,ASW,CE,Federal Contract Tower,0,7,19,0,26,0,5,85,0,90,0,12,104,0,116,97,0,97,213
02/16/2022,TKI,TX,ASW,CE,Federal Contract Tower,0,10,41,0,51,0,2,8,0,10,0,12,49,0,61,2,0,2,63
02/17/2022,TKI,TX,ASW,CE,Federal Contract Tower,0,10,24,0,34,0,4,13,0,17,0,14,37,0,51,21,0,21,72
02/18/2022,TKI,TX,ASW,CE,Federal Contract Tower,0,10,47,0,57,0,32,184,0,216,0,42,231,0,273,520,0,520,793
02/19/2022,TKI,TX,ASW,CE,Federal Contract Tower,0,9,20,0,29,0,38,149,0,187,0,47,169,0,216,428,0,428,644
02/20/2022,TKI,TX,ASW,CE,Federal Contract Tower,0,11,30,0,41,0,27,145,0,172,0,38,175,0,213,312,0,312,525
02/21/2022,TKI,TX,ASW,CE,Federal Contract Tower,0,7,23,0,30,0,19,35,0,54,0,26,58,0,84,189,0,189,273
02/22/2022,TKI,TX,ASW,CE,Federal Contract Tower,0,7,26,0,33,0,15,72,0,87,0,22,98,0,120,284,0,284,404
02/23/2022,TKI,TX,ASW,CE,Federal Contract Tower,0,3,4,0,7,0,0,0,0,0,0,3,4,0,7,0,0,0,7
02/24/2022,TKI,TX,ASW,CE,Federal Contract Tower,0,9,10,0,19,0,0,0,0,0,0,9,10,0,19,0,0,0,19
02/25/2022,TKI,TX,ASW,CE,Federal Contract Tower,0,11,20,0,31,0,41,84,0,125,0,52,104,0,156,409,0,409,565
02/26/2022,TKI,TX,ASW,CE,Federal Contract Tower,0,5,5,0,10,0,6,4,0,10,0,11,9,0,20,51,0,51,71
02/27/2022,TKI,TX,ASW,CE,Federal Contract Tower,0,9,33,0,42,0,48,134,0,182,0,57,167,0,224,381,0,381,605
02/28/2022,TKI,TX,ASW,CE,Federal Contract Tower,0,7,25,0,32,0,37,151,0,188,0,44,176,0,220,396,0,396,616
03/01/2022,TKI,TX,ASW,CE,Federal Contract Tower,0,6,16,0,22,0,31,140,0,171,0,37,156,0,193,333,0,333,526
03/02/2022,TKI,TX,ASW,CE,Federal Contract Tower,0,2,38,0,40,0,39,106,0,145,0,41,144,0,185,373,0,373,558
03/03/2022,TKI,TX,ASW,CE,Federal Contract Tower,0,10,52,0,62,0,13,162,0,175,0,23,214,0,237,335,0,335,572
03/04/2022,TKI,TX,ASW,CE,Federal Contract Tower,0,15,67,0,82,0,7,72,0,79,0,22,139,0,161,215,0,215,376
03/05/2022,TKI,TX,ASW,CE,Federal Contract Tower,0,12,45,0,57,0,7,35,0,42,0,19,80,0,99,36,0,36,135
03/06/2022,TKI,TX,ASW,CE,Federal Contract Tower,0,6,36,2,44,0,2,19,0,21,0,8,55,2,65,35,4,39,104
03/07/2022,TKI,TX,ASW,CE,Federal Contract Tower,0,4,33,0,37,0,23,106,0,129,0,27,139,0,166,305,0,305,471
03/08/2022,TKI,TX,ASW,CE,Federal Contract Tower,0,10,38,0,48,0,16,73,0,89,0,26,111,0,137,395,0,395,532
03/09/2022,TKI,TX,ASW,CE,Federal Contract Tower,0,3,48,2,53,0,13,153,0,166,0,16,201,2,219,413,0,413,632
03/10/2022,TKI,TX,ASW,CE,Federal Contract Tower,0,14,30,0,44,0,18,135,0,153,0,32,165,0,197,396,0,396,593
03/11/2022,TKI,TX,ASW,CE,Federal Contract Tower,0,9,16,0,25,0,2,10,0,12,0,11,26,0,37,13,0,13,50
03/12/2022,TKI,TX,ASW,CE,Federal Contract Tower,0,6,31,0,37,0,13,130,0,143,0,19,161,0,180,206,0,206,386
03/13/2022,TKI,TX,ASW,CE,Federal Contract Tower,0,3,25,0,28,0,22,93,0,115,0,25,118,0,143,134,0,134,277
03/14/2022,TKI,TX,ASW,CE,Federal Contract Tower,0,5,37,0,42,0,14,17,0,31,0,19,54,0,73,62,0,62,135
03/15/2022,TKI,TX,ASW,CE,Federal Contract Tower,0,8,51,0,59,0,12,133,0,145,0,20,184,0,204,358,0,358,562
03/16/2022,TKI,TX,ASW,CE,Federal Contract Tower,0,6,35,0,41,0,22,166,0,188,0,28,201,0,229,447,0,447,676
03/17/2022,TKI,TX,ASW,CE,Federal Contract Tower,0,11,38,0,49,0,11,58,0,69,0,22,96,0,118,121,0,121,239
03/18/2022,TKI,TX,ASW,CE,Federal Contract Tower,0,7,28,0,35,0,15,43,0,58,0,22,71,0,93,80,0,80,173
03/19/2022,TKI,TX,ASW,CE,Federal Contract Tower,0,6,22,0,28,0,21,195,0,216,0,27,217,0,244,317,0,317,561
03/20/2022,TKI,TX,ASW,CE,Federal Contract Tower,0,10,24,0,34,0,15,98,5,118,0,25,122,5,152,266,0,266,418
03/21/2022,TKI,TX,ASW,CE,Federal Contract Tower,0,2,16,0,18,0,0,0,0,0,0,2,16,0,18,0,0,0,18
03/22/2022,TKI,TX,ASW,CE,Federal Contract Tower,0,14,30,0,44,0,8,24,7,39,0,22,54,7,83,114,0,114,197
03/23/2022,TKI,TX,ASW,CE,Federal Contract Tower,0,5,21,0,26,0,9,76,0,85,0,14,97,0,111,114,0,114,225
03/24/2022,TKI,TX,ASW,CE,Federal Contract Tower,0,15,44,0,59,0,14,149,0,163,0,29,193,0,222,258,0,258,480
03/25/2022,TKI,TX,ASW,CE,Federal Contract Tower,0,3,32,0,35,0,23,182,0,205,0,26,214,0,240,428,0,428,668
03/26/2022,TKI,TX,ASW,CE,Federal Contract Tower,0,5,20,0,25,0,19,125,0,144,0,24,145,0,169,360,0,360,529
03/27/2022,TKI,TX,ASW,CE,Federal Contract Tower,0,6,42,0,48,0,23,122,0,145,0,29,164,0,193,279,0,279,472
03/28/2022,TKI,TX,ASW,CE,Federal Contract Tower,0,3,24,2,29,0,11,85,0,96,0,14,109,2,125,214,0,214,339
03/29/2022,TKI,TX,ASW,CE,Federal Contract Tower,0,14,38,1,53,0,7,30,3,40,0,21,68,4,93,118,14,132,225
03/30/2022,TKI,TX,ASW,CE,Federal Contract Tower,0,3,26,0,29,0,8,44,0,52,0,11,70,0,81,51,0,51,132
03/31/2022,TKI,TX,ASW,CE,Federal Contract Tower,0,8,40,0,48,0,34,129,2,165,0,42,169,2,213,226,0,226,439
04/01/2022,TKI,TX,ASW,CE,Federal Contract Tower,0,15,33,0,48,0,19,173,0,192,0,34,206,0,240,216,0,216,456
04/02/2022,TKI,TX,ASW,CE,Federal Contract Tower,0,2,26,0,28,0,12,251,0,263,0,14,277,0,291,175,0,175,466
04/03/2022,TKI,TX,ASW,CE,Federal Contract Tower,0,15,30,0,45,0,7,114,0,121,0,22,144,0,166,185,0,185,351
04/04/2022,TKI,TX,ASW,CE,Federal Contract Tower,0,3,51,0,54,0,2,30,0,32,0,5,81,0,86,162,0,162,248
04/05/2022,TKI,TX,ASW,CE,Federal Contract Tower,0,4,42,0,46,0,23,131,0,154,0,27,173,0,200,308,0,308,508
04/06/2022,TKI,TX,ASW,CE,Federal Contract Tower,0,5,27,0,32,0,15,63,0,78,0,20,90,0,110,107,0,107,217
04/07/2022,TKI,TX,ASW,CE,Federal Contract Tower,0,7,29,1,37,0,6,53,2,61,0,13,82,3,98,47,1,48,146
04/08/2022,TKI,TX,ASW,CE,Federal Contract Tower,0,8,35,0,43,0,6,90,3,99,0,14,125,3,142,103,0,103,245
04/09/2022,TKI,TX,ASW,CE,Federal Contract Tower,0,7,29,0,36,0,12,128,0,140,0,19,157,0,176,243,0,243,419
04/10/2022,TKI,TX,ASW,CE,Federal Contract Tower,0,13,41,0,54,0,6,31,0,37,0,19,72,0,91,29,0,29,120
04/11/2022,TKI,TX,ASW,CE,Federal Contract Tower,0,18,44,0,62,0,2,58,0,60,0,20,102,0,122,219,0,219,341
04/12/2022,TKI,TX,ASW,CE,Federal Contract Tower,0,8,55,0,63,0,5,14,0,19,0,13,69,0,82,119,0,119,201
04/13/2022,TKI,TX,ASW,CE,Federal Contract Tower,0,8,28,0,36,0,5,30,0,35,0,13,58,0,71,101,0,101,172
04/14/2022,TKI,TX,ASW,CE,Federal Contract Tower,0,11,37,0,48,0,35,187,0,222,0,46,224,0,270,413,0,413,683
04/15/2022,TKI,TX,ASW,CE,Federal Contract Tower,0,12,62,0,74,0,15,81,0,96,0,27,143,0,170,306,0,306,476
04/16/2022,TKI,TX,ASW,CE,Federal Contract Tower,0,4,46,0,50,0,13,10,0,23,0,17,56,0,73,98,0,98,171
04/17/2022,TKI,TX,ASW,CE,Federal Contract Tower,0,12,24,0,36,0,2,36,0,38,0,14,60,0,74,76,0,76,150
04/18/2022,TKI,TX,ASW,CE,Federal Contract Tower,0,10,43,0,53,0,12,119,0,131,0,22,162,0,184,395,0,395,579
04/19/2022,TKI,TX,ASW,CE,Federal Contract Tower,0,2,29,2,33,0,12,107,0,119,0,14,136,2,152,307,0,307,459
04/20/2022,TKI,TX,ASW,CE,Federal Contract Tower,0,9,35,0,44,0,4,24,0,28,0,13,59,0,72,51,0,51,123
04/21/2022,TKI,TX,ASW,CE,Federal Contract Tower,0,12,68,0,80,0,19,44,0,63,0,31,112,0,143,163,0,163,306
04/22/2022,TKI,TX,ASW,CE,Federal Contract Tower,0,6,38,0,44,0,25,56,0,81,0,31,94,0,125,82,0,82,207
04/23/2022,TKI,TX,ASW,CE,Federal Contract Tower,0,6,26,0,32,0,10,35,0,45,0,16,61,0,77,85,0,85,162
04/24/2022,TKI,TX,ASW,CE,Federal Contract Tower,0,7,36,0,43,0,5,17,0,22,0,12,53,0,65,74,0,74,139
04/25/2022,TKI,TX,ASW,CE,Federal Contract Tower,0,2,23,0,25,0,21,83,0,104,0,23,106,0,129,284,0,284,413
04/26/2022,TKI,TX,ASW,CE,Federal Contract Tower,0,5,28,0,33,0,30,183,0,213,0,35,211,0,246,603,0,603,849
04/27/2022,TKI,TX,ASW,CE,Federal Contract Tower,0,6,40,0,46,0,20,153,0,173,0,26,193,0,219,426,0,426,645
04/28/2022,TKI,TX,ASW,CE,Federal Contract Tower,0,7,42,0,49,0,26,107,0,133,0,33,149,0,182,276,0,276,458
04/29/2022,TKI,TX,ASW,CE,Federal Contract Tower,0,5,43,0,48,0,12,44,0,56,0,17,87,0,104,144,0,144,248
04/30/2022,TKI,TX,ASW,CE,Federal Contract Tower,0,7,33,0,40,0,23,119,0,142,0,30,152,0,182,344,0,344,526
05/01/2022,TKI,TX,ASW,CE,Federal Contract Tower,0,3,30,0,33,0,8,112,0,120,0,11,142,0,153,274,0,274,427
05/02/2022,TKI,TX,ASW,CE,Federal Contract Tower,0,13,28,0,41,0,11,55,0,66,0,24,83,0,107,125,0,125,232
05/03/2022,TKI,TX,ASW,CE,Federal Contract Tower,0,10,60,0,70,0,1,11,0,12,0,11,71,0,82,36,0,36,118
05/04/2022,TKI,TX,ASW,CE,Federal Contract Tower,0,3,27,0,30,0,8,36,0,44,0,11,63,0,74,18,0,18,92
05/05/2022,TKI,TX,ASW,CE,Federal Contract Tower,0,5,37,0,42,0,3,25,0,28,0,8,62,0,70,33,0,33,103
05/06/2022,TKI,TX,ASW,CE,Federal Contract Tower,0,2,34,0,36,0,30,143,0,173,0,32,177,0,209,329,0,329,538
05/07/2022,TKI,TX,ASW,CE,Federal Contract Tower,0,14,41,0,55,0,12,68,0,80,0,26,109,0,135,184,0,184,319
05/08/2022,TKI,TX,ASW,CE,Federal Contract Tower,0,9,25,0,34,0,7,68,0,75,0,16,93,0,109,86,0,86,195
05/09/2022,TKI,TX,ASW,CE,Federal Contract Tower,0,16,35,0,51,0,10,63,0,73,0,26,98,0,124,204,0,204,328
05/10/2022,TKI,TX,ASW,CE,Federal Contract Tower,0,9,43,0,52,0,21,100,0,121,0,30,143,0,173,279,0,279,452
05/11/2022,TKI,TX,ASW,CE,Federal Contract Tower,0,6,38,0,44,0,47,114,0,161,0,53,152,0,205,272,0,272,477
05/12/2022,TKI,TX,ASW,CE,Federal Contract Tower,0,6,53,0,59,0,12,168,0,180,0,18,221,0,239,293,0,293,532
05/13/2022,TKI,TX,ASW,CE,Federal Contract Tower,0,7,34,0,41,0,21,152,1,174,0,28,186,1,215,386,0,386,601
05/14/2022,TKI,TX,ASW,CE,Federal Contract Tower,0,7,28,0,35,0,23,113,0,136,0,30,141,0,171,214,0,214,385
05/15/2022,TKI,TX,ASW,CE,Federal Contract Tower,0,13,31,0,44,0,22,100,0,122,0,35,131,0,166,235,0,235,401
05/16/2022,TKI,TX,ASW,CE,Federal Contract Tower,0,12,39,0,51,0,22,129,4,155,0,34,168,4,206,312,0,312,518
05/17/2022,TKI,TX,ASW,CE,Federal Contract Tower,0,9,14,0,23,0,26,135,0,161,0,35,149,0,184,380,0,380,564
05/18/2022,TKI,TX,ASW,CE,Federal Contract Tower,0,5,21,0,26,0,34,97,0,131,0,39,118,0,157,232,0,232,389
05/19/2022,TKI,TX,ASW,CE,Federal Contract Tower,0,6,27,0,33,0,7,94,0,101,0,13,121,0,134,145,0,145,279
05/20/2022,TKI,TX,ASW,CE,Federal Contract Tower,0,6,50,0,56,0,5,58,0,63,0,11,108,0,119,89,0,89,208
05/21/2022,TKI,TX,ASW,CE,Federal Contract Tower,0,13,28,0,41,0,7,41,0,48,0,20,69,0,89,202,0,202,291
05/22/2022,TKI,TX,ASW,CE,Federal Contract Tower,0,16,51,0,67,0,3,63,0,66,0,19,114,0,133,325,0,325,458
05/23/2022,TKI,TX,ASW,CE,Federal Contract Tower,0,9,51,0,60,0,8,30,0,38,0,17,81,0,98,134,0,134,232
05/24/2022,TKI,TX,ASW,CE,Federal Contract Tower,0,0,22,0,22,0,2,17,0,19,0,2,39,0,41,9,0,9,50
05/25/2022,TKI,TX,ASW,CE,Federal Contract Tower,0,9,41,0,50,0,6,43,0,49,0,15,84,0,99,55,0,55,154
05/26/2022,TKI,TX,ASW,CE,Federal Contract Tower,0,4,28,0,32,0,34,154,0,188,0,38,182,0,220,292,0,292,512
05/27/2022,TKI,TX,ASW,CE,Federal Contract Tower,0,7,25,0,32,0,36,212,0,248,0,43,237,0,280,505,0,505,785
05/28/2022,TKI,TX,ASW,CE,Federal Contract Tower,0,2,18,0,20,0,25,113,0,138,0,27,131,0,158,282,0,282,440
05/29/2022,TKI,TX,ASW,CE,Federal Contract Tower,0,5,17,0,22,0,13,53,0,66,0,18,70,0,88,67,0,67,155
05/30/2022,TKI,TX,ASW,CE,Federal Contract Tower,0,1,26,0,27,0,3,48,0,51,0,4,74,0,78,112,0,112,190
05/31/2022,TKI,TX,ASW,CE,Federal Contract Tower,0,1,38,0,39,0,8,83,0,91,0,9,121,0,130,266,0,266,396
06/01/2022,TKI,TX,ASW,CE,Federal Contract Tower,0,3,30,0,33,0,15,73,0,88,0,18,103,0,121,186,0,186,307
06/02/2022,TKI,TX,ASW,CE,Federal Contract Tower,0,7,30,0,37,0,15,65,0,80,0,22,95,0,117,233,0,233,350
06/03/2022,TKI,TX,ASW,CE,Federal Contract Tower,0,1,37,0,38,0,17,79,0,96,0,18,116,0,134,319,0,319,453
06/04/2022,TKI,TX,ASW,CE,Federal Contract Tower,0,5,20,0,25,0,8,129,0,137,0,13,149,0,162,311,0,311,473
06/05/2022,TKI,TX,ASW,CE,Federal Contract Tower,0,1,21,0,22,0,16,83,0,99,0,17,104,0,121,145,0,145,266
06/06/2022,TKI,TX,ASW,CE,Federal Contract Tower,0,14,37,0,51,0,20,130,0,150,0,34,167,0,201,232,0,232,433
06/07/2022,TKI,TX,ASW,CE,Federal Contract Tower,0,2,32,0,34,0,20,127,0,147,0,22,159,0,181,297,0,297,478
06/08/2022,TKI,TX,ASW,CE,Federal Contract Tower,0,5,28,0,33,0,31,105,0,136,0,36,133,0,169,358,0,358,527
06/09/2022,TKI,TX,ASW,CE,Federal Contract Tower,0,3,42,0,45,0,26,118,0,144,0,29,160,0,189,515,0,515,704
06/10/2022,TKI,TX,ASW,CE,Federal Contract Tower,0,10,44,0,54,0,26,138,0,164,0,36,182,0,218,265,0,265,483
06/11/2022,TKI,TX,ASW,CE,Federal Contract Tower,0,12,22,0,34,0,37,126,0,163,0,49,148,0,197,219,0,219,416
06/12/2022,TKI,TX,ASW,CE,Federal Contract Tower,0,4,20,0,24,0,31,102,0,133,0,35,122,0,157,128,0,128,285
06/13/2022,TKI,TX,ASW,CE,Federal Contract Tower,0,4,10,0,14,0,15,98,0,113,0,19,108,0,127,233,0,233,360
06/14/2022,TKI,TX,ASW,CE,Federal Contract Tower,0,3,29,0,32,0,9,88,0,97,0,12,117,0,129,160,0,160,289
06/15/2022,TKI,TX,ASW,CE,Federal Contract Tower,0,3,25,0,28,0,14,119,0,133,0,17,144,0,161,249,0,249,410
06/16/2022,TKI,TX,ASW,CE,Federal Contract Tower,0,3,30,0,33,0,30,144,0,174,0,33,174,0,207,459,0,459,666
06/17/2022,TKI,TX,ASW,CE,Federal Contract Tower,0,7,32,0,39,0,21,150,0,171,0,28,182,0,210,272,0,272,482
06/18/2022,TKI,TX,ASW,CE,Federal Contract Tower,0,7,18,0,25,0,24,100,0,124,0,31,118,0,149,169,0,169,318
06/19/2022,TKI,TX,ASW,CE,Federal Contract Tower,0,3,24,0,27,0,17,112,0,129,0,20,136,0,156,266,0,266,422
06/20/2022,TKI,TX,ASW,CE,Federal Contract Tower,0,2,24,0,26,0,36,126,0,162,0,38,150,0,188,277,0,277,465
06/21/2022,TKI,TX,ASW,CE,Federal Contract Tower,0,3,31,0,34,0,34,124,0,158,0,37,155,0,192,238,0,238,430
06/22/2022,TKI,TX,ASW,CE,Federal Contract Tower,0,9,19,0,28,0,13,173,0,186,0,22,192,0,214,373,0,373,587
06/23/2022,TKI,TX,ASW,CE,Federal Contract Tower,0,4,31,0,35,0,26,136,0,162,0,30,167,0,197,381,0,381,578
06/24/2022,TKI,TX,ASW,CE,Federal Contract Tower,0,5,32,0,37,0,14,115,0,129,0,19,147,0,166,250,0,250,416
06/25/2022,TKI,TX,ASW,CE,Federal Contract Tower,0,6,27,0,33,0,33,99,0,132,0,39,126,0,165,292,0,292,457
06/26/2022,TKI,TX,ASW,CE,Federal Contract Tower,0,13,27,0,40,0,19,85,0,104,0,32,112,0,144,211,0,211,355
06/27/2022,TKI,TX,ASW,CE,Federal Contract Tower,0,6,30,0,36,0,22,102,0,124,0,28,132,0,160,323,0,323,483
06/28/2022,TKI,TX,ASW,CE,Federal Contract Tower,0,5,26,0,31,0,17,126,0,143,0,22,152,0,174,360,0,360,534
06/29/2022,TKI,TX,ASW,CE,Federal Contract Tower,0,6,32,0,38,0,8,151,0,159,0,14,183,0,197,342,0,342,539
06/30/2022,TKI,TX,ASW,CE,Federal Contract Tower,0,11,23,0,34,0,26,135,0,161,0,37,158,0,195,332,0,332,527
07/01/2022,TKI,TX,ASW,CE,Federal Contract Tower,0,9,19,0,28,0,25,119,0,144,0,34,138,0,172,340,0,340,512
07/02/2022,TKI,TX,ASW,CE,Federal Contract Tower,0,1,19,0,20,0,13,109,0,122,0,14,128,0,142,290,0,290,432
07/03/2022,TKI,TX,ASW,CE,Federal Contract Tower,0,6,22,0,28,0,12,45,0,57,0,18,67,0,85,122,0,122,207
07/04/2022,TKI,TX,ASW,CE,Federal Contract Tower,0,5,11,0,16,0,22,83,0,105,0,27,94,0,121,187,0,187,308
07/05/2022,TKI,TX,ASW,CE,Federal Contract Tower,0,4,32,0,36,0,12,106,0,118,0,16,138,0,154,228,0,228,382
07/06/2022,TKI,TX,ASW,CE,Federal Contract Tower,0,5,22,0,27,0,29,113,0,142,0,34,135,0,169,185,0,185,354
07/07/2022,TKI,TX,ASW,CE,Federal Contract Tower,0,6,20,0,26,0,18,123,0,141,0,24,143,0,167,270,0,270,437
07/08/2022,TKI,TX,ASW,CE,Federal Contract Tower,0,7,25,0,32,0,42,93,0,135,0,49,118,0,167,235,0,235,402
07/09/2022,TKI,TX,ASW,CE,Federal Contract Tower,0,1,15,0,16,0,21,88,0,109,0,22,103,0,125,190,0,190,315
07/10/2022,TKI,TX,ASW,CE,Federal Contract Tower,0,5,20,0,25,0,30,69,0,99,0,35,89,0,124,157,0,157,281
07/11/2022,TKI,TX,ASW,CE,Federal Contract Tower,0,3,21,3,27,0,31,88,1,120,0,34,109,4,147,291,0,291,438
07/12/2022,TKI,TX,ASW,CE,Federal Contract Tower,0,6,26,0,32,0,29,104,0,133,0,35,130,0,165,278,0,278,443
07/13/2022,TKI,TX,ASW,CE,Federal Contract Tower,0,3,28,0,31,0,25,120,0,145,0,28,148,0,176,293,0,293,469
07/14/2022,TKI,TX,ASW,CE,Federal Contract Tower,0,2,32,0,34,0,14,56,0,70,0,16,88,0,104,241,0,241,345
07/15/2022,TKI,TX,ASW,CE,Federal Contract Tower,0,8,27,0,35,0,21,109,0,130,0,29,136,0,165,363,0,363,528
07/16/2022,TKI,TX,ASW,CE,Federal Contract Tower,0,3,25,0,28,0,31,145,0,176,0,34,170,0,204,191,0,191,395
07/17/2022,TKI,TX,ASW,CE,Federal Contract Tower,0,7,18,0,25,0,16,89,0,105,0,23,107,0,130,234,0,234,364
07/18/2022,TKI,TX,ASW,CE,Federal Contract Tower,0,4,22,0,26,0,31,109,3,143,0,35,131,3,169,381,0,381,550
07/19/2022,TKI,TX,ASW,CE,Federal Contract Tower,0,6,31,0,37,0,8,66,0,74,0,14,97,0,111,197,0,197,308
07/20/2022,TKI,TX,ASW,CE,Federal Contract Tower,0,3,29,0,32,0,10,94,0,104,0,13,123,0,136,176,0,176,312
07/21/2022,TKI,TX,ASW,CE,Federal Contract Tower,0,17,25,0,42,0,31,111,0,142,0,48,136,0,184,281,0,281,465
07/22/2022,TKI,TX,ASW,CE,Federal Contract Tower,0,5,25,0,30,0,9,100,0,109,0,14,125,0,139,159,0,159,298
07/23/2022,TKI,TX,ASW,CE,Federal Contract Tower,0,4,27,0,31,0,13,104,0,117,0,17,131,0,148,283,0,283,431
07/24/2022,TKI,TX,ASW,CE,Federal Contract Tower,0,5,25,0,30,0,22,91,0,113,0,27,116,0,143,213,0,213,356
07/25/2022,TKI,TX,ASW,CE,Federal Contract Tower,0,4,17,0,21,0,35,98,0,133,0,39,115,0,154,249,0,249,403
07/26/2022,TKI,TX,ASW,CE,Federal Contract Tower,0,7,22,0,29,0,36,96,0,132,0,43,118,0,161,228,0,228,389
07/27/2022,TKI,TX,ASW,CE,Federal Contract Tower,0,6,40,0,46,0,15,117,0,132,0,21,157,0,178,261,0,261,439
07/28/2022,TKI,TX,ASW,CE,Federal Contract Tower,0,11,43,0,54,0,23,96,0,119,0,34,139,0,173,208,0,208,381
07/29/2022,TKI,TX,ASW,CE,Federal Contract Tower,0,8,30,0,38,0,16,117,0,133,0,24,147,0,171,332,0,332,503
07/30/2022,TKI,TX,ASW,CE,Federal Contract Tower,0,5,12,0,17,0,38,76,0,114,0,43,88,0,131,150,0,150,281
07/31/2022,TKI,TX,ASW,CE,Federal Contract Tower,0,5,25,0,30,0,20,113,0,133,0,25,138,0,163,284,0,284,447
08/01/2022,TKI,TX,ASW,CE,Federal Contract Tower,0,5,14,0,19,0,40,106,0,146,0,45,120,0,165,346,0,346,511
08/02/2022,TKI,TX,ASW,CE,Federal Contract Tower,0,3,20,0,23,0,20,123,0,143,0,23,143,0,166,392,0,392,558
08/03/2022,TKI,TX,ASW,CE,Federal Contract Tower,0,12,25,0,37,0,22,110,0,132,0,34,135,0,169,259,0,259,428
08/04/2022,TKI,TX,ASW,CE,Federal Contract Tower,0,5,24,0,29,0,22,95,1,118,0,27,119,1,147,464,0,464,611
08/05/2022,TKI,TX,ASW,CE,Federal Contract Tower,0,6,32,0,38,0,21,108,0,129,0,27,140,0,167,327,0,327,494
08/06/2022,TKI,TX,ASW,CE,Federal Contract Tower,0,4,15,0,19,0,20,108,0,128,0,24,123,0,147,249,0,249,396
08/07/2022,TKI,TX,ASW,CE,Federal Contract Tower,0,3,28,0,31,0,18,101,0,119,0,21,129,0,150,256,0,256,406
08/08/2022,TKI,TX,ASW,CE,Federal Contract Tower,0,5,22,0,27,0,31,94,0,125,0,36,116,0,152,231,0,231,383
08/09/2022,TKI,TX,ASW,CE,Federal Contract Tower,0,8,27,0,35,0,12,65,4,81,0,20,92,4,116,246,0,246,362
08/10/2022,TKI,TX,ASW,CE,Federal Contract Tower,0,5,28,0,33,0,13,107,0,120,0,18,135,0,153,294,0,294,447
08/11/2022,TKI,TX,ASW,CE,Federal Contract Tower,0,4,40,0,44,0,22,132,0,154,0,26,172,0,198,361,0,361,559
08/12/2022,TKI,TX,ASW,CE,Federal Contract Tower,0,5,37,0,42,0,14,131,0,145,0,19,168,0,187,363,0,363,550
08/13/2022,TKI,TX,ASW,CE,Federal Contract Tower,0,3,18,0,21,0,29,115,0,144,0,32,133,0,165,290,0,290,455
08/14/2022,TKI,TX,ASW,CE,Federal Contract Tower,0,4,32,0,36,0,17,110,0,127,0,21,142,0,163,222,0,222,385
08/15/2022,TKI,TX,ASW,CE,Federal Contract Tower,0,9,27,0,36,0,25,103,0,128,0,34,130,0,164,302,0,302,466
08/16/2022,TKI,TX,ASW,CE,Federal Contract Tower,0,4,30,0,34,0,18,126,0,144,0,22,156,0,178,430,0,430,608
08/17/2022,TKI,TX,ASW,CE,Federal Contract Tower,0,5,15,2,22,0,20,103,0,123,0,25,118,2,145,332,0,332,477
08/18/2022,TKI,TX,ASW,CE,Federal Contract Tower,0,12,45,0,57,0,5,31,0,36,0,17,76,0,93,106,0,106,199
08/19/2022,TKI,TX,ASW,CE,Federal Contract Tower,0,5,59,0,64,0,20,103,0,123,0,25,162,0,187,258,0,258,445
08/20/2022,TKI,TX,ASW,CE,Federal Contract Tower,0,10,37,0,47,0,10,112,0,122,0,20,149,0,169,354,0,354,523
08/21/2022,TKI,TX,ASW,CE,Federal Contract Tower,0,7,32,0,39,0,2,12,0,14,0,9,44,0,53,31,0,31,84
08/22/2022,TKI,TX,ASW,CE,Federal Contract Tower,0,12,23,0,35,0,2,0,0,2,0,14,23,0,37,3,0,3,40
08/23/2022,TKI,TX,ASW,CE,Federal Contract Tower,0,6,46,0,52,0,7,37,0,44,0,13,83,0,96,153,0,153,249
08/24/2022,TKI,TX,ASW,CE,Federal Contract Tower,0,10,59,0,69,0,33,94,0,127,0,43,153,0,196,293,0,293,489
08/25/2022,TKI,TX,ASW,CE,Federal Contract Tower,0,5,28,0,33,0,30,171,0,201,0,35,199,0,234,452,0,452,686
08/26/2022,TKI,TX,ASW,CE,Federal Contract Tower,0,10,42,0,52,0,30,139,0,169,0,40,181,0,221,386,0,386,607
08/27/2022,TKI,TX,ASW,CE,Federal Contract Tower,0,9,18,0,27,0,10,151,0,161,0,19,169,0,188,314,0,314,502
08/28/2022,TKI,TX,ASW,CE,Federal Contract Tower,0,1,21,0,22,0,33,123,0,156,0,34,144,0,178,272,0,272,450
08/29/2022,TKI,TX,ASW,CE,Federal Contract Tower,0,8,23,0,31,0,16,104,0,120,0,24,127,0,151,343,0,343,494
08/30/2022,TKI,TX,ASW,CE,Federal Contract Tower,0,16,38,0,54,0,7,15,0,22,0,23,53,0,76,125,0,125,201
08/31/2022,TKI,TX,ASW,CE,Federal Contract Tower,0,14,37,0,51,0,7,69,0,76,0,21,106,0,127,300,0,300,427
09/01/2022,TKI,TX,ASW,CE,Federal Contract Tower,0,5,26,0,31,0,25,86,0,111,0,30,112,0,142,267,0,267,409
09/02/2022,TKI,TX,ASW,CE,Federal Contract Tower,0,12,42,0,54,0,21,79,0,100,0,33,121,0,154,248,0,248,402
09/03/2022,TKI,TX,ASW,CE,Federal Contract Tower,0,3,14,0,17,0,34,125,0,159,0,37,139,0,176,340,0,340,516
09/04/2022,TKI,TX,ASW,CE,Federal Contract Tower,0,2,10,0,12,0,17,77,0,94,0,19,87,0,106,130,0,130,236
09/05/2022,TKI,TX,ASW,CE,Federal Contract Tower,0,3,30,0,33,0,25,133,0,158,0,28,163,0,191,343,0,343,534
09/06/2022,TKI,TX,ASW,CE,Federal Contract Tower,0,4,17,0,21,0,21,120,0,141,0,25,137,0,162,360,0,360,522
09/07/2022,TKI,TX,ASW,CE,Federal Contract Tower,0,8,35,0,43,0,27,132,0,159,0,35,167,0,202,462,0,462,664
09/08/2022,TKI,TX,ASW,CE,Federal Contract Tower,0,3,23,1,27,0,32,130,1,163,0,35,153,2,190,308,0,308,498
09/09/2022,TKI,TX,ASW,CE,Federal Contract Tower,0,5,30,0,35,0,17,135,0,152,0,22,165,0,187,382,0,382,569
09/10/2022,TKI,TX,ASW,CE,Federal Contract Tower,0,6,18,0,24,0,13,104,1,118,0,19,122,1,142,387,0,387,529
09/11/2022,TKI,TX,ASW,CE,Federal Contract Tower,0,4,23,0,27,0,17,111,1,129,0,21,134,1,156,171,0,171,327
09/12/2022,TKI,TX,ASW,CE,Federal Contract Tower,0,8,27,0,35,0,34,114,0,148,0,42,141,0,183,443,0,443,626
09/13/2022,TKI,TX,ASW,CE,Federal Contract Tower,0,6,17,0,23,0,27,125,0,152,0,33,142,0,175,434,0,434,609
09/14/2022,TKI,TX,ASW,CE,Federal Contract Tower,0,9,22,0,31,0,19,129,0,148,0,28,151,0,179,346,0,346,525
09/15/2022,TKI,TX,ASW,CE,Federal Contract Tower,0,5,25,0,30,0,25,152,0,177,0,30,177,0,207,460,0,460,667
09/16/2022,TKI,TX,ASW,CE,Federal Contract Tower,0,7,28,0,35,0,18,133,0,151,0,25,161,0,186,375,0,375,561
09/17/2022,TKI,TX,ASW,CE,Federal Contract Tower,0,5,29,0,34,0,6,55,0,61,0,11,84,0,95,142,0,142,237
09/18/2022,TKI,TX,ASW,CE,Federal Contract Tower,0,8,23,0,31,0,16,107,0,123,0,24,130,0,154,240,0,240,394
09/19/2022,TKI,TX,ASW,CE,Federal Contract Tower,0,7,37,0,44,0,16,107,0,123,0,23,144,0,167,329,0,329,496
09/20/2022,TKI,TX,ASW,CE,Federal Contract Tower,0,4,31,0,35,0,21,126,0,147,0,25,157,0,182,410,0,410,592
09/21/2022,TKI,TX,ASW,CE,Federal Contract Tower,0,3,31,0,34,0,17,133,0,150,0,20,164,0,184,457,0,457,641
09/22/2022,TKI,TX,ASW,CE,Federal Contract Tower,0,3,35,0,38,0,11,154,0,165,0,14,189,0,203,391,0,391,594
09/23/2022,TKI,TX,ASW,CE,Federal Contract Tower,0,5,34,0,39,0,11,142,0,153,0,16,176,0,192,310,0,310,502
09/24/2022,TKI,TX,ASW,CE,Federal Contract Tower,0,3,18,2,23,0,10,135,2,147,0,13,153,4,170,248,0,248,418
09/25/2022,TKI,TX,ASW,CE,Federal Contract Tower,0,4,32,0,36,0,16,92,0,108,0,20,124,0,144,193,0,193,337
09/26/2022,TKI,TX,ASW,CE,Federal Contract Tower,0,11,25,0,36,0,12,125,0,137,0,23,150,0,173,312,0,312,485
09/27/2022,TKI,TX,ASW,CE,Federal Contract Tower,0,5,17,0,22,0,27,145,0,172,0,32,162,0,194,414,0,414,608
09/28/2022,TKI,TX,ASW,CE,Federal Contract Tower,0,7,33,0,40,0,28,140,0,168,0,35,173,0,208,363,0,363,571
09/29/2022,TKI,TX,ASW,CE,Federal Contract Tower,0,10,28,0,38,0,20,111,0,131,0,30,139,0,169,235,0,235,404
09/30/2022,TKI,TX,ASW,CE,Federal Contract Tower,0,7,28,0,35,0,31,162,0,193,0,38,190,0,228,449,0,449,677
10/01/2022,TKI,TX,ASW,CE,Federal Contract Tower,0,8,13,0,21,0,11,138,2,151,0,19,151,2,172,373,0,373,545
10/02/2022,TKI,TX,ASW,CE,Federal Contract Tower,0,11,23,0,34,0,9,108,0,117,0,20,131,0,151,245,0,245,396
10/03/2022,TKI,TX,ASW,CE,Federal Contract Tower,0,7,16,0,23,0,16,108,0,124,0,23,124,0,147,450,0,450,597
10/04/2022,TKI,TX,ASW,CE,Federal Contract Tower,0,4,30,0,34,0,24,178,0,202,0,28,208,0,236,508,0,508,744
10/05/2022,TKI,TX,ASW,CE,Federal Contract Tower,0,8,33,0,41,0,27,142,0,169,0,35,175,0,210,451,0,451,661
10/06/2022,TKI,TX,ASW,CE,Federal Contract Tower,0,4,26,0,30,0,37,165,0,202,0,41,191,0,232,415,0,415,647
10/07/2022,TKI,TX,ASW,CE,Federal Contract Tower,0,5,29,0,34,0,26,134,0,160,0,31,163,0,194,358,0,358,552
10/08/2022,TKI,TX,ASW,CE,Federal Contract Tower,0,3,27,0,30,0,20,103,0,123,0,23,130,0,153,180,0,180,333
10/09/2022,TKI,TX,ASW,CE,Federal Contract Tower,0,6,28,0,34,0,27,114,0,141,0,33,142,0,175,256,0,256,431
10/10/2022,TKI,TX,ASW,CE,Federal Contract Tower,0,7,29,0,36,0,28,121,0,149,0,35,150,0,185,444,0,444,629
10/11/2022,TKI,TX,ASW,CE,Federal Contract Tower,0,8,15,0,23,0,19,96,0,115,0,27,111,0,138,344,0,344,482
10/12/2022,TKI,TX,ASW,CE,Federal Contract Tower,0,6,26,0,32,0,26,126,0,152,0,32,152,0,184,398,0,398,582
10/13/2022,TKI,TX,ASW,CE,Federal Contract Tower,0,4,28,0,32,0,39,139,0,178,0,43,167,0,210,344,0,344,554
10/14/2022,TKI,TX,ASW,CE,Federal Contract Tower,0,9,35,0,44,0,29,122,0,151,0,38,157,0,195,381,0,381,576
10/15/2022,TKI,TX,ASW,CE,Federal Contract Tower,0,3,17,0,20,0,17,113,0,130,0,20,130,0,150,274,0,274,424
10/16/2022,TKI,TX,ASW,CE,Federal Contract Tower,0,11,46,0,57,0,7,8,0,15,0,18,54,0,72,38,0,38,110
10/17/2022,TKI,TX,ASW,CE,Federal Contract Tower,0,4,28,0,32,0,24,98,0,122,0,28,126,0,154,296,0,296,450
10/18/2022,TKI,TX,ASW,CE,Federal Contract Tower,0,10,38,0,48,0,19,136,0,155,0,29,174,0,203,234,0,234,437
10/19/2022,TKI,TX,ASW,CE,Federal Contract Tower,0,8,32,0,40,0,38,140,0,178,0,46,172,0,218,445,0,445,663
10/20/2022,TKI,TX,ASW,CE,Federal Contract Tower,0,5,43,0,48,0,26,115,0,141,0,31,158,0,189,240,0,240,429
10/21/2022,TKI,TX,ASW,CE,Federal Contract Tower,0,13,43,0,56,0,17,152,0,169,0,30,195,0,225,275,0,275,500
10/22/2022,TKI,TX,ASW,CE,Federal Contract Tower,0,7,21,0,28,0,14,56,0,70,0,21,77,0,98,107,0,107,205
10/23/2022,TKI,TX,ASW,CE,Federal Contract Tower,0,11,41,0,52,0,8,32,0,40,0,19,73,0,92,51,0,51,143
10/24/2022,TKI,TX,ASW,CE,Federal Contract Tower,0,11,25,0,36,0,0,1,0,1,0,11,26,0,37,0,0,0,37
10/25/2022,TKI,TX,ASW,CE,Federal Contract Tower,0,8,48,0,56,0,12,60,0,72,0,20,108,0,128,100,0,100,228
10/26/2022,TKI,TX,ASW,CE,Federal Contract Tower,0,4,41,0,45,0,20,141,0,161,0,24,182,0,206,413,0,413,619
10/27/2022,TKI,TX,ASW,CE,Federal Contract Tower,0,8,43,0,51,0,16,138,0,154,0,24,181,0,205,414,0,414,619
10/28/2022,TKI,TX,ASW,CE,Federal Contract Tower,0,5,22,0,27,0,1,3,0,4,0,6,25,0,31,0,0,0,31
10/29/2022,TKI,TX,ASW,CE,Federal Contract Tower,0,10,40,0,50,0,3,7,0,10,0,13,47,0,60,8,0,8,68
10/30/2022,TKI,TX,ASW,CE,Federal Contract Tower,0,7,20,0,27,0,19,143,0,162,0,26,163,0,189,413,0,413,602
10/31/2022,TKI,TX,ASW,CE,Federal Contract Tower,0,7,30,0,37,0,22,113,0,135,0,29,143,0,172,278,0,278,450
11/01/2022,TKI,TX,ASW,CE,Federal Contract Tower,0,5,31,0,36,0,18,112,0,130,0,23,143,0,166,268,15,283,449
11/02/2022,TKI,TX,ASW,CE,Federal Contract Tower,0,8,44,0,52,0,17,68,0,85,0,25,112,0,137,262,0,262,399
11/03/2022,TKI,TX,ASW,CE,Federal Contract Tower,0,7,65,0,72,0,7,17,0,24,0,14,82,0,96,75,0,75,171
11/04/2022,TKI,TX,ASW,CE,Federal Contract Tower,0,7,23,0,30,0,3,3,0,6,0,10,26,0,36,34,0,34,70
11/05/2022,TKI,TX,ASW,CE,Federal Contract Tower,0,4,15,0,19,0,15,145,0,160,0,19,160,0,179,353,0,353,532
11/06/2022,TKI,TX,ASW,CE,Federal Contract Tower,0,4,20,0,24,0,12,109,0,121,0,16,129,0,145,282,0,282,427
11/07/2022,TKI,TX,ASW,CE,Federal Contract Tower,0,8,45,0,53,0,3,5,0,8,0,11,50,0,61,5,0,5,66
11/08/2022,TKI,TX,ASW,CE,Federal Contract Tower,0,10,76,0,86,0,1,25,0,26,0,11,101,0,112,163,0,163,275
11/09/2022,TKI,TX,ASW,CE,Federal Contract Tower,0,15,40,0,55,0,11,98,0,109,0,26,138,0,164,282,0,282,446
11/10/2022,TKI,TX,ASW,CE,Federal Contract Tower,0,14,68,0,82,0,17,71,0,88,0,31,139,0,170,216,0,216,386
11/11/2022,TKI,TX,ASW,CE,Federal Contract Tower,0,5,23,0,28,0,0,2,0,2,0,5,25,0,30,6,0,6,36
11/12/2022,TKI,TX,ASW,CE,Federal Contract Tower,0,4,31,0,35,0,16,134,0,150,0,20,165,0,185,278,0,278,463
11/13/2022,TKI,TX,ASW,CE,Federal Contract Tower,0,6,34,0,40,0,18,87,0,105,0,24,121,0,145,240,0,240,385
11/14/2022,TKI,TX,ASW,CE,Federal Contract Tower,0,12,22,0,34,0,1,10,0,11,0,13,32,0,45,9,0,9,54
11/15/2022,TKI,TX,ASW,CE,Federal Contract Tower,0,15,33,0,48,0,6,43,0,49,0,21,76,0,97,183,0,183,280
11/16/2022,TKI,TX,ASW,CE,Federal Contract Tower,0,7,32,0,39,0,34,142,0,176,0,41,174,0,215,453,0,453,668
11/17/2022,TKI,TX,ASW,CE,Federal Contract Tower,0,13,42,0,55,0,19,160,0,179,0,32,202,0,234,433,0,433,667
11/18/2022,TKI,TX,ASW,CE,Federal Contract Tower,0,8,20,0,28,0,8,128,0,136,0,16,148,0,164,487,0,487,651
11/19/2022,TKI,TX,ASW,CE,Federal Contract Tower,0,6,29,0,35,0,13,104,0,117,0,19,133,0,152,304,0,304,456
11/20/2022,TKI,TX,ASW,CE,Federal Contract Tower,0,13,22,0,35,0,14,98,0,112,0,27,120,0,147,227,0,227,374
11/21/2022,TKI,TX,ASW,CE,Federal Contract Tower,0,12,22,0,34,0,21,97,0,118,0,33,119,0,152,380,0,380,532
11/22/2022,TKI,TX,ASW,CE,Federal Contract Tower,0,13,24,0,37,0,16,132,0,148,0,29,156,0,185,440,0,440,625
11/23/2022,TKI,TX,ASW,CE,Federal Contract Tower,0,11,46,0,57,0,7,15,0,22,0,18,61,0,79,43,0,43,122
11/24/2022,TKI,TX,ASW,CE,Federal Contract Tower,0,1,5,0,6,0,0,0,0,0,0,1,5,0,6,0,0,0,6
11/25/2022,TKI,TX,ASW,CE,Federal Contract Tower,0,10,21,0,31,0,1,7,0,8,0,11,28,0,39,15,0,15,54
11/26/2022,TKI,TX,ASW,CE,Federal Contract Tower,0,12,19,0,31,0,0,1,0,1,0,12,20,0,32,0,0,0,32
11/27/2022,TKI,TX,ASW,CE,Federal Contract Tower,0,6,38,0,44,0,17,106,0,123,0,23,144,0,167,303,0,303,470
11/28/2022,TKI,TX,ASW,CE,Federal Contract Tower,0,13,29,0,42,0,22,120,0,142,0,35,149,0,184,319,0,319,503
11/29/2022,TKI,TX,ASW,CE,Federal Contract Tower,0,10,39,0,49,0,12,55,0,67,0,22,94,0,116,132,0,132,248
11/30/2022,TKI,TX,ASW,CE,Federal Contract Tower,0,8,54,2,64,0,27,149,2,178,0,35,203,4,242,413,0,413,655
12/01/2022,TKI,TX,ASW,CE,Federal Contract Tower,0,16,48,0,64,0,23,129,0,152,0,39,177,0,216,333,0,333,549
12/02/2022,TKI,TX,ASW,CE,Federal Contract Tower,0,10,43,0,53,0,2,0,0,2,0,12,43,0,55,2,0,2,57
12/03/2022,TKI,TX,ASW,CE,Federal Contract Tower,0,10,22,0,32,0,9,90,0,99,0,19,112,0,131,253,0,253,384
12/04/2022,TKI,TX,ASW,CE,Federal Contract Tower,0,8,30,0,38,0,15,82,0,97,0,23,112,0,135,223,0,223,358
12/05/2022,TKI,TX,ASW,CE,Federal Contract Tower,0,4,31,0,35,0,0,0,0,0,0,4,31,0,35,202,0,202,237
12/06/2022,TKI,TX,ASW,CE,Federal Contract Tower,0,9,31,0,40,0,23,125,0,148,0,32,156,0,188,401,0,401,589
12/07/2022,TKI,TX,ASW,CE,Federal Contract Tower,0,11,34,2,47,0,0,1,0,1,0,11,35,2,48,3,0,3,51
12/08/2022,TKI,TX,ASW,CE,Federal Contract Tower,0,4,61,0,65,0,7,52,0,59,0,11,113,0,124,248,0,248,372
12/09/2022,TKI,TX,ASW,CE,Federal Contract Tower,0,11,52,0,63,0,5,11,0,16,0,16,63,0,79,12,0,12,91
12/10/2022,TKI,TX,ASW,CE,Federal Contract Tower,0,3,12,0,15,0,0,0,0,0,0,3,12,0,15,2,0,2,17
12/11/2022,TKI,TX,ASW,CE,Federal Contract Tower,0,10,43,0,53,0,11,6,0,17,0,21,49,0,70,47,0,47,117
12/12/2022,TKI,TX,ASW,CE,Federal Contract Tower,0,5,30,0,35,0,0,0,0,0,0,5,30,0,35,4,0,4,39
12/13/2022,TKI,TX,ASW,CE,Federal Contract Tower,0,6,30,0,36,0,0,0,0,0,0,6,30,0,36,249,0,249,285
12/14/2022,TKI,TX,ASW,CE,Federal Contract Tower,0,3,36,0,39,0,15,141,0,156,0,18,177,0,195,427,0,427,622
12/15/2022,TKI,TX,ASW,CE,Federal Contract Tower,0,10,42,2,54,0,22,115,0,137,0,32,157,2,191,377,0,377,568
12/16/2022,TKI,TX,ASW,CE,Federal Contract Tower,0,9,31,0,40,0,24,141,0,165,0,33,172,0,205,419,0,419,624
12/17/2022,TKI,TX,ASW,CE,Federal Contract Tower,0,0,0,0,0,0,3,4,0,7,0,3,4,0,7,0,0,0,7
12/18/2022,TKI,TX,ASW,CE,Federal Contract Tower,0,0,0,0,0,0,8,3,0,11,0,8,3,0,11,0,0,0,11
12/19/2022,TKI,TX,ASW,CE,Federal Contract Tower,0,12,14,0,26,0,4,56,0,60,0,16,70,0,86,326,0,326,412
12/20/2022,TKI,TX,ASW,CE,Federal Contract Tower,0,8,32,0,40,0,13,121,0,134,0,21,153,0,174,284,0,284,458
12/21/2022,TKI,TX,ASW,CE,Federal Contract Tower,0,5,40,0,45,0,18,102,0,120,0,23,142,0,165,369,0,369,534
12/22/2022,TKI,TX,ASW,CE,Federal Contract Tower,0,7,11,0,18,0,1,0,0,1,0,8,11,0,19,2,0,2,21
12/23/2022,TKI,TX,ASW,CE,Federal Contract Tower,0,6,25,0,31,0,10,19,0,29,0,16,44,0,60,20,0,20,80
12/24/2022,TKI,TX,ASW,CE,Federal Contract Tower,0,3,12,0,15,0,17,36,0,53,0,20,48,0,68,16,0,16,84
12/25/2022,TKI,TX,ASW,CE,Federal Contract Tower,0,5,6,0,11,0,9,19,0,28,0,14,25,0,39,6,0,6,45
12/26/2022,TKI,TX,ASW,CE,Federal Contract Tower,0,10,23,0,33,0,9,61,0,70,0,19,84,0,103,76,0,76,179
12/27/2022,TKI,TX,ASW,CE,Federal Contract Tower,0,4,35,0,39,0,24,100,0,124,0,28,135,0,163,219,0,219,382
12/28/2022,TKI,TX,ASW,CE,Federal Contract Tower,0,6,19,0,25,0,4,23,0,27,0,10,42,0,52,17,0,17,69
12/29/2022,TKI,TX,ASW,CE,Federal Contract Tower,0,12,34,0,46,0,16,75,0,91,0,28,109,0,137,259,0,259,396
12/30/2022,TKI,TX,ASW,CE,Federal Contract Tower,0,7,39,0,46,0,16,100,0,116,0,23,139,0,162,308,0,308,470
12/31/2022,TKI,TX,ASW,CE,Federal Contract Tower,0,4,10,0,14,0,7,88,0,95,0,11,98,0,109,110,0,110,219
01/01/2023,TKI,TX,ASW,CE,Federal Contract Tower,0,3,21,0,24,0,3,65,0,68,0,6,86,0,92,64,0,64,156
01/02/2023,TKI,TX,ASW,CE,Federal Contract Tower,0,7,17,0,24,0,6,6,0,12,0,13,23,0,36,4,0,4,40
01/03/2023,TKI,TX,ASW,CE,Federal Contract Tower,0,6,25,0,31,0,12,82,0,94,0,18,107,0,125,255,0,255,380
01/04/2023,TKI,TX,ASW,CE,Federal Contract Tower,0,5,24,0,29,0,12,136,0,148,0,17,160,0,177,361,0,361,538
01/05/2023,TKI,TX,ASW,CE,Federal Contract Tower,0,7,24,0,31,0,4,101,0,105,0,11,125,0,136,429,0,429,565
01/06/2023,TKI,TX,ASW,CE,Federal Contract Tower,0,13,41,0,54,0,18,104,0,122,0,31,145,0,176,276,0,276,452
01/07/2023,TKI,TX,ASW,CE,Federal Contract Tower,0,4,28,0,32,0,11,142,0,153,0,15,170,0,185,331,0,331,516
01/08/2023,TKI,TX,ASW,CE,Federal Contract Tower,0,6,32,0,38,0,13,134,0,147,0,19,166,0,185,191,0,191,376
01/09/2023,TKI,TX,ASW,CE,Federal Contract Tower,0,2,29,0,31,0,9,123,0,132,0,11,152,0,163,335,0,335,498
01/10/2023,TKI,TX,ASW,CE,Federal Contract Tower,0,2,18,0,20,0,15,102,3,120,0,17,120,3,140,272,0,272,412
01/11/2023,TKI,TX,ASW,CE,Federal Contract Tower,0,3,20,0,23,0,14,86,0,100,0,17,106,0,123,277,0,277,400
01/12/2023,TKI,TX,ASW,CE,Federal Contract Tower,0,3,35,0,38,0,12,48,0,60,0,15,83,0,98,126,0,126,224
01/13/2023,TKI,TX,ASW,CE,Federal Contract Tower,0,4,22,0,26,0,10,133,0,143,0,14,155,0,169,294,0,294,463
01/14/2023,TKI,TX,ASW,CE,Federal Contract Tower,0,1,15,0,16,0,15,109,0,124,0,16,124,0,140,244,0,244,384
01/15/2023,TKI,TX,ASW,CE,Federal Contract Tower,0,3,26,0,29,0,10,36,0,46,0,13,62,0,75,32,0,32,107
01/16/2023,TKI,TX,ASW,CE,Federal Contract Tower,0,4,23,0,27,0,19,94,0,113,0,23,117,0,140,307,0,307,447
01/17/2023,TKI,TX,ASW,CE,Federal Contract Tower,0,8,42,0,50,0,30,149,0,179,0,38,191,0,229,474,0,474,703
01/18/2023,TKI,TX,ASW,CE,Federal Contract Tower,0,4,35,0,39,0,12,40,0,52,0,16,75,0,91,132,0,132,223
01/19/2023,TKI,TX,ASW,CE,Federal Contract Tower,0,4,37,0,41,0,21,87,0,108,0,25,124,0,149,247,0,247,396
01/20/2023,TKI,TX,ASW,CE,Federal Contract Tower,0,10,27,0,37,0,18,124,0,142,0,28,151,0,179,373,0,373,552
01/21/2023,TKI,TX,ASW,CE,Federal Contract Tower,0,3,24,0,27,0,12,97,0,109,0,15,121,0,136,332,0,332,468
01/22/2023,TKI,TX,ASW,CE,Federal Contract Tower,0,3,22,0,25,0,14,51,0,65,0,17,73,0,90,132,0,132,222
01/23/2023,TKI,TX,ASW,CE,Federal Contract Tower,0,9,16,4,29,0,27,147,0,174,0,36,163,4,203,375,0,375,578
01/24/2023,TKI,TX,ASW,CE,Federal Contract Tower,0,2,16,0,18,0,0,5,0,5,0,2,21,0,23,16,0,16,39
01/25/2023,TKI,TX,ASW,CE,Federal Contract Tower,0,10,29,0,39,0,8,22,0,30,0,18,51,0,69,138,0,138,207
01/26/2023,TKI,TX,ASW,CE,Federal Contract Tower,0,6,31,2,39,0,11,129,0,140,0,17,160,2,179,339,0,339,518
01/27/2023,TKI,TX,ASW,CE,Federal Contract Tower,0,3,35,2,40,0,18,137,2,157,0,21,172,4,197,308,0,308,505
01/28/2023,TKI,TX,ASW,CE,Federal Contract Tower,0,7,29,0,36,0,5,17,0,22,0,12,46,0,58,30,0,30,88
01/29/2023,TKI,TX,ASW,CE,Federal Contract Tower,0,9,31,0,40,0,0,0,0,0,0,9,31,0,40,2,0,2,42
01/30/2023,TKI,TX,ASW,CE,Federal Contract Tower,0,3,19,0,22,0,0,2,0,2,0,3,21,0,24,0,0,0,24
01/31/2023,TKI,TX,ASW,CE,Federal Contract Tower,0,0,0,0,0,0,0,0,0,0,0,0,0,0,0,0,0,0,0
02/01/2023,TKI,TX,ASW,CE,Federal Contract Tower,0,0,1,0,1,0,0,0,0,0,0,0,1,0,1,0,0,0,1
02/02/2023,TKI,TX,ASW,CE,Federal Contract Tower,0,7,13,0,20,0,0,1,0,1,0,7,14,0,21,0,0,0,21
02/03/2023,TKI,TX,ASW,CE,Federal Contract Tower,0,6,34,0,40,0,20,97,2,119,0,26,131,2,159,255,0,255,414
02/04/2023,TKI,TX,ASW,CE,Federal Contract Tower,0,4,30,0,34,0,14,102,1,117,0,18,132,1,151,255,0,255,406
02/05/2023,TKI,TX,ASW,CE,Federal Contract Tower,0,5,22,0,27,0,22,129,0,151,0,27,151,0,178,278,0,278,456
02/06/2023,TKI,TX,ASW,CE,Federal Contract Tower,0,7,49,0,56,0,2,15,0,17,0,9,64,0,73,74,0,74,147
02/07/2023,TKI,TX,ASW,CE,Federal Contract Tower,0,4,35,0,39,0,1,2,0,3,0,5,37,0,42,6,0,6,48
02/08/2023,TKI,TX,ASW,CE,Federal Contract Tower,0,11,34,0,45,0,1,5,0,6,0,12,39,0,51,15,0,15,66
02/09/2023,TKI,TX,ASW,CE,Federal Contract Tower,0,4,32,0,36,0,30,114,0,144,0,34,146,0,180,477,0,477,657
02/10/2023,TKI,TX,ASW,CE,Federal Contract Tower,0,8,28,0,36,0,16,56,0,72,0,24,84,0,108,205,0,205,313
02/11/2023,TKI,TX,ASW,CE,Federal Contract Tower,0,3,29,0,32,0,16,118,0,134,0,19,147,0,166,301,0,301,467
02/12/2023,TKI,TX,ASW,CE,Federal Contract Tower,0,5,14,0,19,0,12,123,0,135,0,17,137,0,154,295,0,295,449
02/13/2023,TKI,TX,ASW,CE,Federal Contract Tower,0,7,28,0,35,0,23,119,2,144,0,30,147,2,179,394,0,394,573
02/14/2023,TKI,TX,ASW,CE,Federal Contract Tower,0,3,11,0,14,0,17,15,0,32,0,20,26,0,46,16,0,16,62
02/15/2023,TKI,TX,ASW,CE,Federal Contract Tower,0,9,49,0,58,0,22,118,0,140,0,31,167,0,198,484,0,484,682
02/16/2023,TKI,TX,ASW,CE,Federal Contract Tower,0,3,37,0,40,0,12,53,0,65,0,15,90,0,105,71,0,71,176
02/17/2023,TKI,TX,ASW,CE,Federal Contract Tower,0,3,29,0,32,0,26,116,0,142,0,29,145,0,174,471,0,471,645
02/18/2023,TKI,TX,ASW,CE,Federal Contract Tower,0,2,12,0,14,0,15,102,0,117,0,17,114,0,131,411,0,411,542
02/19/2023,TKI,TX,ASW,CE,Federal Contract Tower,0,5,20,0,25,0,11,77,0,88,0,16,97,0,113,297,0,297,410
02/20/2023,TKI,TX,ASW,CE,Federal Contract Tower,0,10,19,0,29,0,18,68,0,86,0,28,87,0,115,133,0,133,248
02/21/2023,TKI,TX,ASW,CE,Federal Contract Tower,0,3,35,1,39,0,26,95,1,122,0,29,130,2,161,439,0,439,600
02/22/2023,TKI,TX,ASW,CE,Federal Contract Tower,0,10,20,0,30,0,24,26,0,50,0,34,46,0,80,74,0,74,154
02/23/2023,TKI,TX,ASW,CE,Federal Contract Tower,0,7,43,0,50,0,25,106,0,131,0,32,149,0,181,447,0,447,628
02/24/2023,TKI,TX,ASW,CE,Federal Contract Tower,0,12,47,0,59,0,9,4,0,13,0,21,51,0,72,301,0,301,373
02/25/2023,TKI,TX,ASW,CE,Federal Contract Tower,0,7,23,0,30,0,2,1,0,3,0,9,24,0,33,6,0,6,39
02/26/2023,TKI,TX,ASW,CE,Federal Contract Tower,0,5,17,0,22,0,0,4,0,4,0,5,21,0,26,0,0,0,26
02/27/2023,TKI,TX,ASW,CE,Federal Contract Tower,0,10,21,0,31,0,22,127,0,149,0,32,148,0,180,421,0,421,601
02/28/2023,TKI,TX,ASW,CE,Federal Contract Tower,0,4,34,0,38,0,23,150,2,175,0,27,184,2,213,435,0,435,648
03/01/2023,TKI,TX,ASW,CE,Federal Contract Tower,0,11,52,0,63,0,11,42,0,53,0,22,94,0,116,216,0,216,332
03/02/2023,TKI,TX,ASW,CE,Federal Contract Tower,0,8,25,0,33,0,3,15,0,18,0,11,40,0,51,25,0,25,76
03/03/2023,TKI,TX,ASW,CE,Federal Contract Tower,0,11,27,0,38,0,15,75,4,94,0,26,102,4,132,220,0,220,352
03/04/2023,TKI,TX,ASW,CE,Federal Contract Tower,0,7,12,0,19,0,16,173,0,189,0,23,185,0,208,456,0,456,664
03/05/2023,TKI,TX,ASW,CE,Federal Contract Tower,0,2,18,0,20,0,16,126,0,142,0,18,144,0,162,287,0,287,449
03/06/2023,TKI,TX,ASW,CE,Federal Contract Tower,3,0,28,0,31,0,20,122,0,142,3,20,150,0,173,418,0,418,591
03/07/2023,TKI,TX,ASW,CE,Federal Contract Tower,0,10,47,0,57,0,5,6,0,11,0,15,53,0,68,35,0,35,103
03/08/2023,TKI,TX,ASW,CE,Federal Contract Tower,0,11,41,0,52,0,0,0,0,0,0,11,41,0,52,5,0,5,57
03/09/2023,TKI,TX,ASW,CE,Federal Contract Tower,0,3,21,0,24,0,0,0,0,0,0,3,21,0,24,0,0,0,24
03/10/2023,TKI,TX,ASW,CE,Federal Contract Tower,0,7,35,0,42,0,33,109,4,146,0,40,144,4,188,535,0,535,723
03/11/2023,TKI,TX,ASW,CE,Federal Contract Tower,0,7,41,0,48,0,10,59,0,69,0,17,100,0,117,180,0,180,297
03/12/2023,TKI,TX,ASW,CE,Federal Contract Tower,0,12,31,0,43,0,19,75,0,94,0,31,106,0,137,330,0,330,467
03/13/2023,TKI,TX,ASW,CE,Federal Contract Tower,0,8,27,0,35,0,39,138,0,177,0,47,165,0,212,519,0,519,731
03/14/2023,TKI,TX,ASW,CE,Federal Contract Tower,0,6,42,0,48,0,26,137,0,163,0,32,179,0,211,339,0,339,550
03/15/2023,TKI,TX,ASW,CE,Federal Contract Tower,0,4,28,0,32,0,35,149,0,184,0,39,177,0,216,225,0,225,441
03/16/2023,TKI,TX,ASW,CE,Federal Contract Tower,0,7,16,0,23,0,2,0,0,2,0,9,16,0,25,1,0,1,26
03/17/2023,TKI,TX,ASW,CE,Federal Contract Tower,0,9,19,0,28,0,22,102,0,124,0,31,121,0,152,208,0,208,360
03/18/2023,TKI,TX,ASW,CE,Federal Contract Tower,0,4,17,0,21,0,28,148,0,176,0,32,165,0,197,369,0,369,566
03/19/2023,TKI,TX,ASW,CE,Federal Contract Tower,0,9,21,0,30,0,22,147,0,169,0,31,168,0,199,382,0,382,581
03/20/2023,TKI,TX,ASW,CE,Federal Contract Tower,0,5,28,0,33,0,39,123,0,162,0,44,151,0,195,395,0,395,590
03/21/2023,TKI,TX,ASW,CE,Federal Contract Tower,0,9,39,1,49,0,5,1,0,6,0,14,40,1,55,10,0,10,65
03/22/2023,TKI,TX,ASW,CE,Federal Contract Tower,0,17,47,0,64,0,28,74,1,103,0,45,121,1,167,231,0,231,398
03/23/2023,TKI,TX,ASW,CE,Federal Contract Tower,0,11,40,0,51,0,15,43,0,58,0,26,83,0,109,142,0,142,251
03/24/2023,TKI,TX,ASW,CE,Federal Contract Tower,0,6,24,0,30,0,20,24,0,44,0,26,48,0,74,141,0,141,215
03/25/2023,TKI,TX,ASW,CE,Federal Contract Tower,0,5,24,0,29,0,43,139,0,182,0,48,163,0,211,199,0,199,410
03/26/2023,TKI,TX,ASW,CE,Federal Contract Tower,0,5,37,0,42,0,36,143,0,179,0,41,180,0,221,430,0,430,651
03/27/2023,TKI,TX,ASW,CE,Federal Contract Tower,0,4,31,0,35,0,18,115,0,133,0,22,146,0,168,408,0,408,576
03/28/2023,TKI,TX,ASW,CE,Federal Contract Tower,0,6,21,0,27,0,35,119,2,156,0,41,140,2,183,368,0,368,551
03/29/2023,TKI,TX,ASW,CE,Federal Contract Tower,0,1,25,0,26,0,48,54,0,102,0,49,79,0,128,180,0,180,308
03/30/2023,TKI,TX,ASW,CE,Federal Contract Tower,0,2,61,0,63,0,8,10,0,18,0,10,71,0,81,66,0,66,147
03/31/2023,TKI,TX,ASW,CE,Federal Contract Tower,0,4,23,0,27,0,5,13,0,18,0,9,36,0,45,29,0,29,74
04/01/2023,TKI,TX,ASW,CE,Federal Contract Tower,0,5,19,0,24,0,61,137,0,198,0,66,156,0,222,447,0,447,669
04/02/2023,TKI,TX,ASW,CE,Federal Contract Tower,0,5,18,0,23,0,9,37,0,46,0,14,55,0,69,118,0,118,187
04/03/2023,TKI,TX,ASW,CE,Federal Contract Tower,0,9,26,1,36,0,40,72,0,112,0,49,98,1,148,290,0,290,438
04/04/2023,TKI,TX,ASW,CE,Federal Contract Tower,0,16,39,1,56,0,8,50,0,58,0,24,89,1,114,217,0,217,331
04/05/2023,TKI,TX,ASW,CE,Federal Contract Tower,0,10,24,0,34,0,50,86,0,136,0,60,110,0,170,374,0,374,544
04/06/2023,TKI,TX,ASW,CE,Federal Contract Tower,0,14,22,0,36,0,56,91,0,147,0,70,113,0,183,469,0,469,652
04/07/2023,TKI,TX,ASW,CE,Federal Contract Tower,0,9,45,0,54,0,33,79,0,112,0,42,124,0,166,420,0,420,586
04/08/2023,TKI,TX,ASW,CE,Federal Contract Tower,0,7,16,0,23,0,53,119,0,172,0,60,135,0,195,494,0,494,689
04/09/2023,TKI,TX,ASW,CE,Federal Contract Tower,0,8,15,0,23,0,40,50,0,90,0,48,65,0,113,142,0,142,255
04/10/2023,TKI,TX,ASW,CE,Federal Contract Tower,0,20,38,1,59,0,77,126,0,203,0,97,164,1,262,484,0,484,746
04/11/2023,TKI,TX,ASW,CE,Federal Contract Tower,0,13,44,0,57,0,73,137,2,212,0,86,181,2,269,429,0,429,698
04/12/2023,TKI,TX,ASW,CE,Federal Contract Tower,0,6,32,0,38,0,75,181,2,258,0,81,213,2,296,448,0,448,744
04/13/2023,TKI,TX,ASW,CE,Federal Contract Tower,0,9,42,0,51,0,63,112,0,175,0,72,154,0,226,367,0,367,593
04/14/2023,TKI,TX,ASW,CE,Federal Contract Tower,0,10,51,1,62,0,30,84,0,114,0,40,135,1,176,346,0,346,522
04/15/2023,TKI,TX,ASW,CE,Federal Contract Tower,0,6,20,0,26,0,16,26,0,42,0,22,46,0,68,79,0,79,147
04/16/2023,TKI,TX,ASW,CE,Federal Contract Tower,0,8,17,0,25,0,50,101,0,151,0,58,118,0,176,257,0,257,433
04/17/2023,TKI,TX,ASW,CE,Federal Contract Tower,0,10,24,0,34,0,91,143,0,234,0,101,167,0,268,315,0,315,583
04/18/2023,TKI,TX,ASW,CE,Federal Contract Tower,0,5,21,0,26,0,36,60,0,96,0,41,81,0,122,192,0,192,314
04/19/2023,TKI,TX,ASW,CE,Federal Contract Tower,0,11,33,0,44,0,20,20,0,40,0,31,53,0,84,50,0,50,134
04/20/2023,TKI,TX,ASW,CE,Federal Contract Tower,0,5,34,0,39,0,17,15,0,32,0,22,49,0,71,258,0,258,329
04/21/2023,TKI,TX,ASW,CE,Federal Contract Tower,0,9,31,0,40,0,80,119,0,199,0,89,150,0,239,418,0,418,657
04/22/2023,TKI,TX,ASW,CE,Federal Contract Tower,0,4,21,0,25,0,51,112,0,163,0,55,133,0,188,429,0,429,617
04/23/2023,TKI,TX,ASW,CE,Federal Contract Tower,0,8,29,0,37,0,10,19,0,29,0,18,48,0,66,102,0,102,168
04/24/2023,TKI,TX,ASW,CE,Federal Contract Tower,0,7,23,0,30,0,49,122,0,171,0,56,145,0,201,438,0,438,639
04/25/2023,TKI,TX,ASW,CE,Federal Contract Tower,0,4,32,0,36,0,38,39,0,77,0,42,71,0,113,297,0,297,410
04/26/2023,TKI,TX,ASW,CE,Federal Contract Tower,0,9,29,0,38,0,0,1,0,1,0,9,30,0,39,3,0,3,42
04/27/2023,TKI,TX,ASW,CE,Federal Contract Tower,0,12,41,0,53,0,34,31,0,65,0,46,72,0,118,102,0,102,220
04/28/2023,TKI,TX,ASW,CE,Federal Contract Tower,0,11,25,0,36,0,32,66,0,98,0,43,91,0,134,305,0,305,439
04/29/2023,TKI,TX,ASW,CE,Federal Contract Tower,0,7,14,0,21,0,17,46,0,63,0,24,60,0,84,106,0,106,190
04/30/2023,TKI,TX,ASW,CE,Federal Contract Tower,0,6,24,0,30,0,58,136,0,194,0,64,160,0,224,462,0,462,686
05/01/2023,TKI,TX,ASW,CE,Federal Contract Tower,0,4,33,0,37,0,88,105,0,193,0,92,138,0,230,552,0,552,782
05/02/2023,TKI,TX,ASW,CE,Federal Contract Tower,0,9,38,0,47,0,84,110,0,194,0,93,148,0,241,575,0,575,816
05/03/2023,TKI,TX,ASW,CE,Federal Contract Tower,0,4,44,0,48,0,52,113,0,165,0,56,157,0,213,377,0,377,590
05/04/2023,TKI,TX,ASW,CE,Federal Contract Tower,0,13,40,0,53,0,52,55,0,107,0,65,95,0,160,306,0,306,466
05/05/2023,TKI,TX,ASW,CE,Federal Contract Tower,0,11,47,0,58,0,31,59,0,90,0,42,106,0,148,201,0,201,349
05/06/2023,TKI,TX,ASW,CE,Federal Contract Tower,0,10,24,0,34,0,62,87,0,149,0,72,111,0,183,322,0,322,505
05/07/2023,TKI,TX,ASW,CE,Federal Contract Tower,0,17,38,0,55,0,28,47,0,75,0,45,85,0,130,282,0,282,412
05/08/2023,TKI,TX,ASW,CE,Federal Contract Tower,0,14,22,0,36,0,60,60,0,120,0,74,82,0,156,364,0,364,520
05/09/2023,TKI,TX,ASW,CE,Federal Contract Tower,0,14,46,0,60,0,47,62,0,109,0,61,108,0,169,379,0,379,548
05/10/2023,TKI,TX,ASW,CE,Federal Contract Tower,0,13,40,0,53,0,6,5,0,11,0,19,45,0,64,5,0,5,69
05/11/2023,TKI,TX,ASW,CE,Federal Contract Tower,0,23,49,0,72,0,12,33,0,45,0,35,82,0,117,103,0,103,220
05/12/2023,TKI,TX,ASW,CE,Federal Contract Tower,0,15,56,0,71,0,22,35,0,57,0,37,91,0,128,146,0,146,274
05/13/2023,TKI,TX,ASW,CE,Federal Contract Tower,0,12,19,0,31,0,30,65,0,95,0,42,84,0,126,211,0,211,337
05/14/2023,TKI,TX,ASW,CE,Federal Contract Tower,0,22,36,0,58,0,3,6,0,9,0,25,42,0,67,41,0,41,108
05/15/2023,TKI,TX,ASW,CE,Federal Contract Tower,0,13,29,0,42,0,40,50,0,90,0,53,79,0,132,229,0,229,361
05/16/2023,TKI,TX,ASW,CE,Federal Contract Tower,0,22,31,1,54,0,72,97,3,172,0,94,128,4,226,505,0,505,731
05/17/2023,TKI,TX,ASW,CE,Federal Contract Tower,0,10,26,0,36,0,95,118,0,213,0,105,144,0,249,397,0,397,646
05/18/2023,TKI,TX,ASW,CE,Federal Contract Tower,0,6,29,0,35,0,75,136,0,211,0,81,165,0,246,466,0,466,712
05/19/2023,TKI,TX,ASW,CE,Federal Contract Tower,0,4,32,0,36,0,54,80,0,134,0,58,112,0,170,259,0,259,429
05/20/2023,TKI,TX,ASW,CE,Federal Contract Tower,0,17,33,0,50,0,65,84,0,149,0,82,117,0,199,364,0,364,563
05/21/2023,TKI,TX,ASW,CE,Federal Contract Tower,0,12,24,0,36,0,64,105,0,169,0,76,129,0,205,284,0,284,489
05/22/2023,TKI,TX,ASW,CE,Federal Contract Tower,0,8,26,0,34,0,81,124,0,205,0,89,150,0,239,572,0,572,811
05/23/2023,TKI,TX,ASW,CE,Federal Contract Tower,0,3,30,0,33,0,73,100,0,173,0,76,130,0,206,482,0,482,688
05/24/2023,TKI,TX,ASW,CE,Federal Contract Tower,0,7,22,0,29,0,93,93,0,186,0,100,115,0,215,394,0,394,609
05/25/2023,TKI,TX,ASW,CE,Federal Contract Tower,0,12,26,0,38,0,97,115,0,212,0,109,141,0,250,377,0,377,627
05/26/2023,TKI,TX,ASW,CE,Federal Contract Tower,0,8,33,0,41,0,71,108,0,179,0,79,141,0,220,395,0,395,615
05/27/2023,TKI,TX,ASW,CE,Federal Contract Tower,0,2,24,0,26,0,51,82,0,133,0,53,106,0,159,269,0,269,428
05/28/2023,TKI,TX,ASW,CE,Federal Contract Tower,0,12,17,0,29,0,51,75,0,126,0,63,92,0,155,214,0,214,369
05/29/2023,TKI,TX,ASW,CE,Federal Contract Tower,0,3,19,0,22,0,44,63,0,107,0,47,82,0,129,197,0,197,326
05/30/2023,TKI,TX,ASW,CE,Federal Contract Tower,0,10,30,0,40,0,67,47,0,114,0,77,77,0,154,162,0,162,316
05/31/2023,TKI,TX,ASW,CE,Federal Contract Tower,0,11,24,0,35,0,66,101,0,167,0,77,125,0,202,431,0,431,633
06/01/2023,TKI,TX,ASW,CE,Federal Contract Tower,0,11,24,0,35,0,78,117,0,195,0,89,141,0,230,386,0,386,616
06/02/2023,TKI,TX,ASW,CE,Federal Contract Tower,0,8,23,0,31,0,52,104,0,156,0,60,127,0,187,341,0,341,528
06/03/2023,TKI,TX,ASW,CE,Federal Contract Tower,0,9,14,0,23,0,24,52,0,76,0,33,66,0,99,183,0,183,282
06/04/2023,TKI,TX,ASW,CE,Federal Contract Tower,0,6,22,0,28,0,50,36,0,86,0,56,58,0,114,238,0,238,352
06/05/2023,TKI,TX,ASW,CE,Federal Contract Tower,0,11,22,0,33,0,77,59,0,136,0,88,81,0,169,319,0,319,488
06/06/2023,TKI,TX,ASW,CE,Federal Contract Tower,0,7,21,0,28,0,56,61,0,117,0,63,82,0,145,374,0,374,519
06/07/2023,TKI,TX,ASW,CE,Federal Contract Tower,0,11,28,0,39,0,66,119,0,185,0,77,147,0,224,442,0,442,666
06/08/2023,TKI,TX,ASW,CE,Federal Contract Tower,0,17,26,0,43,0,42,90,0,132,0,59,116,0,175,344,0,344,519
06/09/2023,TKI,TX,ASW,CE,Federal Contract Tower,0,6,25,0,31,0,77,121,0,198,0,83,146,0,229,537,0,537,766
06/10/2023,TKI,TX,ASW,CE,Federal Contract Tower,0,2,17,0,19,0,33,60,0,93,0,35,77,0,112,134,0,134,246
06/11/2023,TKI,TX,ASW,CE,Federal Contract Tower,0,10,30,0,40,0,50,93,0,143,0,60,123,0,183,248,0,248,431
06/12/2023,TKI,TX,ASW,CE,Federal Contract Tower,0,10,36,0,46,0,31,63,0,94,0,41,99,0,140,168,0,168,308
06/13/2023,TKI,TX,ASW,CE,Federal Contract Tower,0,11,47,0,58,0,0,0,0,0,0,11,47,0,58,6,0,6,64
06/14/2023,TKI,TX,ASW,CE,Federal Contract Tower,0,14,36,0,50,0,25,29,0,54,0,39,65,0,104,206,0,206,310
06/15/2023,TKI,TX,ASW,CE,Federal Contract Tower,0,7,29,0,36,0,46,51,0,97,0,53,80,0,133,226,0,226,359
06/16/2023,TKI,TX,ASW,CE,Federal Contract Tower,0,27,36,0,63,0,67,60,0,127,0,94,96,0,190,366,0,366,556
06/17/2023,TKI,TX,ASW,CE,Federal Contract Tower,0,15,22,0,37,0,32,60,0,92,0,47,82,0,129,231,0,231,360
06/18/2023,TKI,TX,ASW,CE,Federal Contract Tower,0,17,27,0,44,0,29,31,0,60,0,46,58,0,104,100,0,100,204
06/19/2023,TKI,TX,ASW,CE,Federal Contract Tower,0,8,39,0,47,0,72,71,0,143,0,80,110,0,190,269,0,269,459
06/20/2023,TKI,TX,ASW,CE,Federal Contract Tower,0,9,28,0,37,0,49,52,0,101,0,58,80,0,138,191,0,191,329
06/21/2023,TKI,TX,ASW,CE,Federal Contract Tower,0,16,41,0,57,0,40,93,0,133,0,56,134,0,190,242,0,242,432
06/22/2023,TKI,TX,ASW,CE,Federal Contract Tower,0,16,23,0,39,0,66,91,0,157,0,82,114,0,196,343,0,343,539
06/23/2023,TKI,TX,ASW,CE,Federal Contract Tower,0,15,31,0,46,0,0,0,0,0,0,15,31,0,46,265,0,265,311
06/24/2023,TKI,TX,ASW,CE,Federal Contract Tower,0,2,11,0,13,0,38,73,0,111,0,40,84,0,124,180,0,180,304
06/25/2023,TKI,TX,ASW,CE,Federal Contract Tower,0,11,16,0,27,0,42,94,0,136,0,53,110,0,163,160,0,160,323
06/26/2023,TKI,TX,ASW,CE,Federal Contract Tower,0,8,17,0,25,0,66,73,0,139,0,74,90,0,164,323,0,323,487
06/27/2023,TKI,TX,ASW,CE,Federal Contract Tower,0,14,23,0,37,0,34,84,0,118,0,48,107,0,155,365,0,365,520
06/28/2023,TKI,TX,ASW,CE,Federal Contract Tower,0,9,21,0,30,0,66,88,0,154,0,75,109,0,184,387,0,387,571
06/29/2023,TKI,TX,ASW,CE,Federal Contract Tower,0,7,22,0,29,0,72,98,0,170,0,79,120,0,199,343,0,343,542
06/30/2023,TKI,TX,ASW,CE,Federal Contract Tower,0,15,29,0,44,0,65,79,0,144,0,80,108,0,188,294,0,294,482
07/01/2023,TKI,TX,ASW,CE,Federal Contract Tower,0,6,19,0,25,0,51,78,0,129,0,57,97,0,154,280,0,280,434
07/02/2023,TKI,TX,ASW,CE,Federal Contract Tower,0,12,16,0,28,0,51,73,0,124,0,63,89,0,152,218,0,218,370
07/03/2023,TKI,TX,ASW,CE,Federal Contract Tower,0,4,18,0,22,0,38,95,0,133,0,42,113,0,155,296,0,296,451
07/04/2023,TKI,TX,ASW,CE,Federal Contract Tower,0,1,15,0,16,0,51,66,1,118,0,52,81,1,134,245,0,245,379
07/05/2023,TKI,TX,ASW,CE,Federal Contract Tower,0,15,29,0,44,0,52,80,0,132,0,67,109,0,176,301,0,301,477
07/06/2023,TKI,TX,ASW,CE,Federal Contract Tower,0,9,19,0,28,0,78,58,0,136,0,87,77,0,164,456,0,456,620
07/07/2023,TKI,TX,ASW,CE,Federal Contract Tower,0,10,36,0,46,0,73,68,0,141,0,83,104,0,187,374,0,374,561
07/08/2023,TKI,TX,ASW,CE,Federal Contract Tower,0,5,26,0,31,0,53,91,0,144,0,58,117,0,175,317,0,317,492
07/09/2023,TKI,TX,ASW,CE,Federal Contract Tower,0,9,27,0,36,0,37,47,0,84,0,46,74,0,120,260,0,260,380
07/10/2023,TKI,TX,ASW,CE,Federal Contract Tower,0,13,29,0,42,0,42,49,0,91,0,55,78,0,133,273,0,273,406
07/11/2023,TKI,TX,ASW,CE,Federal Contract Tower,0,5,36,0,41,0,53,44,0,97,0,58,80,0,138,256,0,256,394
07/12/2023,TKI,TX,ASW,CE,Federal Contract Tower,0,10,31,0,41,0,56,74,0,130,0,66,105,0,171,355,0,355,526
07/13/2023,TKI,TX,ASW,CE,Federal Contract Tower,0,2,28,0,30,0,54,65,0,119,0,56,93,0,149,285,0,285,434
07/14/2023,TKI,TX,ASW,CE,Federal Contract Tower,0,2,21,0,23,0,71,91,0,162,0,73,112,0,185,367,0,367,552
07/15/2023,TKI,TX,ASW,CE,Federal Contract Tower,0,5,23,0,28,0,50,106,0,156,0,55,129,0,184,277,0,277,461
07/16/2023,TKI,TX,ASW,CE,Federal Contract Tower,0,4,18,0,22,0,25,41,0,66,0,29,59,0,88,81,0,81,169
07/17/2023,TKI,TX,ASW,CE,Federal Contract Tower,0,6,27,0,33,0,50,90,0,140,0,56,117,0,173,344,0,344,517
07/18/2023,TKI,TX,ASW,CE,Federal Contract Tower,0,7,30,0,37,0,67,80,0,147,0,74,110,0,184,344,0,344,528
07/19/2023,TKI,TX,ASW,CE,Federal Contract Tower,0,12,47,0,59,0,68,83,0,151,0,80,130,0,210,246,0,246,456
07/20/2023,TKI,TX,ASW,CE,Federal Contract Tower,0,8,27,0,35,0,57,90,0,147,0,65,117,0,182,393,0,393,575
07/21/2023,TKI,TX,ASW,CE,Federal Contract Tower,0,6,27,0,33,0,60,103,0,163,0,66,130,0,196,377,0,377,573
07/22/2023,TKI,TX,ASW,CE,Federal Contract Tower,0,7,23,0,30,0,64,96,0,160,0,71,119,0,190,331,0,331,521
07/23/2023,TKI,TX,ASW,CE,Federal Contract Tower,0,11,25,0,36,0,46,96,0,142,0,57,121,0,178,282,0,282,460
07/24/2023,TKI,TX,ASW,CE,Federal Contract Tower,0,4,14,0,18,0,61,81,0,142,0,65,95,0,160,380,0,380,540
07/25/2023,TKI,TX,ASW,CE,Federal Contract Tower,0,10,11,0,21,0,72,73,0,145,0,82,84,0,166,345,0,345,511
07/26/2023,TKI,TX,ASW,CE,Federal Contract Tower,0,14,24,0,38,0,53,79,0,132,0,67,103,0,170,423,0,423,593
07/27/2023,TKI,TX,ASW,CE,Federal Contract Tower,0,15,16,0,31,0,35,76,0,111,0,50,92,0,142,191,0,191,333
07/28/2023,TKI,TX,ASW,CE,Federal Contract Tower,0,10,31,0,41,0,49,64,0,113,0,59,95,0,154,278,0,278,432
07/29/2023,TKI,TX,ASW,CE,Federal Contract Tower,0,10,18,0,28,0,37,83,0,120,0,47,101,0,148,294,0,294,442
07/30/2023,TKI,TX,ASW,CE,Federal Contract Tower,0,4,24,0,28,0,30,90,0,120,0,34,114,0,148,251,0,251,399
07/31/2023,TKI,TX,ASW,CE,Federal Contract Tower,0,7,19,0,26,0,46,70,0,116,0,53,89,0,142,338,0,338,480
08/01/2023,TKI,TX,ASW,CE,Federal Contract Tower,0,9,23,0,32,0,56,79,0,135,0,65,102,0,167,461,0,461,628
08/02/2023,TKI,TX,ASW,CE,Federal Contract Tower,0,6,15,0,21,0,47,76,0,123,0,53,91,0,144,433,0,433,577
08/03/2023,TKI,TX,ASW,CE,Federal Contract Tower,0,9,24,0,33,0,55,79,0,134,0,64,103,0,167,338,0,338,505
08/04/2023,TKI,TX,ASW,CE,Federal Contract Tower,0,6,19,0,25,0,54,64,0,118,0,60,83,0,143,290,0,290,433
08/05/2023,TKI,TX,ASW,CE,Federal Contract Tower,0,5,16,0,21,0,58,89,0,147,0,63,105,0,168,243,0,243,411
08/06/2023,TKI,TX,ASW,CE,Federal Contract Tower,0,9,16,0,25,0,62,68,0,130,0,71,84,0,155,292,0,292,447
08/07/2023,TKI,TX,ASW,CE,Federal Contract Tower,0,9,25,0,34,0,55,53,0,108,0,64,78,0,142,296,0,296,438
08/08/2023,TKI,TX,ASW,CE,Federal Contract Tower,0,7,23,0,30,0,64,68,0,132,0,71,91,0,162,192,0,192,354
08/09/2023,TKI,TX,ASW,CE,Federal Contract Tower,0,6,25,0,31,0,43,56,0,99,0,49,81,0,130,182,0,182,312
08/10/2023,TKI,TX,ASW,CE,Federal Contract Tower,0,8,31,0,39,0,63,87,0,150,0,71,118,0,189,370,0,370,559
08/11/2023,TKI,TX,ASW,CE,Federal Contract Tower,0,14,37,0,51,0,60,113,0,173,0,74,150,0,224,321,0,321,545
08/12/2023,TKI,TX,ASW,CE,Federal Contract Tower,0,6,10,0,16,0,65,72,0,137,0,71,82,0,153,274,0,274,427
08/13/2023,TKI,TX,ASW,CE,Federal Contract Tower,0,6,24,0,30,0,54,98,0,152,0,60,122,0,182,243,0,243,425
08/14/2023,TKI,TX,ASW,CE,Federal Contract Tower,0,8,27,0,35,0,51,65,0,116,0,59,92,0,151,290,0,290,441
08/15/2023,TKI,TX,ASW,CE,Federal Contract Tower,0,8,31,0,39,0,95,96,0,191,0,103,127,0,230,349,0,349,579
08/16/2023,TKI,TX,ASW,CE,Federal Contract Tower,0,7,26,0,33,0,70,95,0,165,0,77,121,0,198,380,0,380,578
08/17/2023,TKI,TX,ASW,CE,Federal Contract Tower,0,13,30,0,43,0,66,71,0,137,0,79,101,0,180,318,0,318,498
08/18/2023,TKI,TX,ASW,CE,Federal Contract Tower,0,6,21,0,27,0,63,123,0,186,0,69,144,0,213,289,0,289,502
08/19/2023,TKI,TX,ASW,CE,Federal Contract Tower,0,4,25,0,29,0,68,85,0,153,0,72,110,0,182,246,0,246,428
08/20/2023,TKI,TX,ASW,CE,Federal Contract Tower,0,7,20,0,27,0,53,59,0,112,0,60,79,0,139,174,0,174,313
08/21/2023,TKI,TX,ASW,CE,Federal Contract Tower,0,4,21,0,25,0,100,65,0,165,0,104,86,0,190,309,0,309,499
08/22/2023,TKI,TX,ASW,CE,Federal Contract Tower,0,12,29,0,41,0,63,88,0,151,0,75,117,0,192,400,0,400,592
08/23/2023,TKI,TX,ASW,CE,Federal Contract Tower,0,11,22,0,33,0,80,77,0,157,0,91,99,0,190,328,0,328,518
08/24/2023,TKI,TX,ASW,CE,Federal Contract Tower,0,9,28,0,37,0,80,88,0,168,0,89,116,0,205,341,0,341,546
08/25/2023,TKI,TX,ASW,CE,Federal Contract Tower,0,5,17,0,22,0,67,101,0,168,0,72,118,0,190,316,0,316,506
08/26/2023,TKI,TX,ASW,CE,Federal Contract Tower,0,3,17,0,20,0,74,110,0,184,0,77,127,0,204,273,0,273,477
08/27/2023,TKI,TX,ASW,CE,Federal Contract Tower,0,5,12,0,17,0,60,77,0,137,0,65,89,0,154,282,0,282,436
08/28/2023,TKI,TX,ASW,CE,Federal Contract Tower,0,9,26,0,35,0,71,73,0,144,0,80,99,0,179,427,0,427,606
08/29/2023,TKI,TX,ASW,CE,Federal Contract Tower,0,7,18,0,25,0,100,87,0,187,0,107,105,0,212,347,0,347,559
08/30/2023,TKI,TX,ASW,CE,Federal Contract Tower,0,11,23,0,34,0,102,106,0,208,0,113,129,0,242,368,0,368,610
08/31/2023,TKI,TX,ASW,CE,Federal Contract Tower,0,14,32,0,46,0,87,98,0,185,0,101,130,0,231,357,0,357,588
01/01/2020,TKI,TX,ASW,CE,Federal Contract Tower,0,3,8,0,11,0,3,54,0,57,0,6,62,0,68,145,0,145,213
01/02/2020,TKI,TX,ASW,CE,Federal Contract Tower,0,4,17,0,21,0,7,94,0,101,0,11,111,0,122,406,0,406,528
01/03/2020,TKI,TX,ASW,CE,Federal Contract Tower,0,6,25,0,31,0,7,83,0,90,0,13,108,0,121,217,0,217,338
01/04/2020,TKI,TX,ASW,CE,Federal Contract Tower,0,3,22,0,25,0,7,171,0,178,0,10,193,0,203,293,0,293,496
01/05/2020,TKI,TX,ASW,CE,Federal Contract Tower,0,7,21,0,28,0,5,123,0,128,0,12,144,0,156,173,0,173,329
01/06/2020,TKI,TX,ASW,CE,Federal Contract Tower,0,4,19,0,23,0,12,126,0,138,0,16,145,0,161,501,0,501,662
01/07/2020,TKI,TX,ASW,CE,Federal Contract Tower,0,8,23,0,31,0,14,142,0,156,0,22,165,0,187,536,0,536,723
01/08/2020,TKI,TX,ASW,CE,Federal Contract Tower,0,3,16,0,19,0,10,117,2,129,0,13,133,2,148,267,0,267,415
01/09/2020,TKI,TX,ASW,CE,Federal Contract Tower,0,2,34,0,36,0,5,5,0,10,0,7,39,0,46,4,0,4,50
01/10/2020,TKI,TX,ASW,CE,Federal Contract Tower,0,5,17,0,22,0,0,0,0,0,0,5,17,0,22,1,0,1,23
01/11/2020,TKI,TX,ASW,CE,Federal Contract Tower,0,5,29,0,34,0,5,41,0,46,0,10,70,0,80,123,0,123,203
01/12/2020,TKI,TX,ASW,CE,Federal Contract Tower,0,6,33,0,39,0,6,130,0,136,0,12,163,0,175,271,0,271,446
01/13/2020,TKI,TX,ASW,CE,Federal Contract Tower,0,3,45,0,48,0,4,7,0,11,0,7,52,0,59,95,0,95,154
01/14/2020,TKI,TX,ASW,CE,Federal Contract Tower,0,14,42,0,56,0,6,64,0,70,0,20,106,0,126,307,0,307,433
01/15/2020,TKI,TX,ASW,CE,Federal Contract Tower,0,1,51,0,52,0,1,53,0,54,0,2,104,0,106,162,0,162,268
01/16/2020,TKI,TX,ASW,CE,Federal Contract Tower,0,12,35,0,47,0,1,2,0,3,0,13,37,0,50,5,0,5,55
01/17/2020,TKI,TX,ASW,CE,Federal Contract Tower,0,10,19,0,29,0,0,0,0,0,0,10,19,0,29,9,0,9,38
01/18/2020,TKI,TX,ASW,CE,Federal Contract Tower,0,1,26,0,27,0,4,90,0,94,0,5,116,0,121,228,0,228,349
01/19/2020,TKI,TX,ASW,CE,Federal Contract Tower,0,6,12,0,18,0,3,128,0,131,0,9,140,0,149,340,0,340,489
01/20/2020,TKI,TX,ASW,CE,Federal Contract Tower,0,3,27,0,30,0,6,185,0,191,0,9,212,0,221,434,0,434,655
01/21/2020,TKI,TX,ASW,CE,Federal Contract Tower,0,4,32,0,36,0,14,154,1,169,0,18,186,1,205,447,1,448,653
01/22/2020,TKI,TX,ASW,CE,Federal Contract Tower,0,7,30,0,37,0,0,0,0,0,0,7,30,0,37,5,0,5,42
01/23/2020,TKI,TX,ASW,CE,Federal Contract Tower,0,9,43,0,52,0,9,88,0,97,0,18,131,0,149,312,0,312,461
01/24/2020,TKI,TX,ASW,CE,Federal Contract Tower,0,11,17,0,28,0,13,173,0,186,0,24,190,0,214,388,0,388,602
01/25/2020,TKI,TX,ASW,CE,Federal Contract Tower,0,8,7,0,15,0,11,159,0,170,0,19,166,0,185,298,0,298,483
01/26/2020,TKI,TX,ASW,CE,Federal Contract Tower,0,11,40,0,51,0,8,60,0,68,0,19,100,0,119,174,0,174,293
01/27/2020,TKI,TX,ASW,CE,Federal Contract Tower,0,13,40,0,53,0,8,36,0,44,0,21,76,0,97,79,0,79,176
01/28/2020,TKI,TX,ASW,CE,Federal Contract Tower,0,5,28,0,33,0,7,5,0,12,0,12,33,0,45,3,0,3,48
01/29/2020,TKI,TX,ASW,CE,Federal Contract Tower,0,9,33,0,42,0,4,22,0,26,0,13,55,0,68,98,0,98,166
01/30/2020,TKI,TX,ASW,CE,Federal Contract Tower,0,6,49,0,55,0,3,4,0,7,0,9,53,0,62,60,0,60,122
01/31/2020,TKI,TX,ASW,CE,Federal Contract Tower,0,5,27,0,32,0,12,114,0,126,0,17,141,0,158,465,0,465,623
02/01/2020,TKI,TX,ASW,CE,Federal Contract Tower,0,0,16,0,16,0,14,201,0,215,0,14,217,0,231,390,0,390,621
02/02/2020,TKI,TX,ASW,CE,Federal Contract Tower,0,6,14,0,20,0,0,137,0,137,0,6,151,0,157,191,0,191,348
02/03/2020,TKI,TX,ASW,CE,Federal Contract Tower,0,11,33,0,44,0,13,74,0,87,0,24,107,0,131,207,0,207,338
02/04/2020,TKI,TX,ASW,CE,Federal Contract Tower,0,4,47,0,51,0,2,2,0,4,0,6,49,0,55,17,0,17,72
02/05/2020,TKI,TX,ASW,CE,Federal Contract Tower,0,1,12,0,13,0,2,0,0,2,0,3,12,0,15,7,0,7,22
02/06/2020,TKI,TX,ASW,CE,Federal Contract Tower,0,6,21,0,27,0,16,119,1,136,0,22,140,1,163,418,1,419,582
02/07/2020,TKI,TX,ASW,CE,Federal Contract Tower,0,6,21,0,27,0,13,165,0,178,0,19,186,0,205,550,0,550,755
02/08/2020,TKI,TX,ASW,CE,Federal Contract Tower,0,1,12,0,13,0,17,208,0,225,0,18,220,0,238,405,0,405,643
02/09/2020,TKI,TX,ASW,CE,Federal Contract Tower,0,4,22,0,26,0,0,0,0,0,0,4,22,0,26,3,0,3,29
02/10/2020,TKI,TX,ASW,CE,Federal Contract Tower,0,2,37,0,39,0,0,30,0,30,0,2,67,0,69,213,0,213,282
02/11/2020,TKI,TX,ASW,CE,Federal Contract Tower,0,6,32,0,38,0,0,2,0,2,0,6,34,0,40,8,0,8,48
02/12/2020,TKI,TX,ASW,CE,Federal Contract Tower,0,3,41,1,45,0,2,9,0,11,0,5,50,1,56,70,0,70,126
02/13/2020,TKI,TX,ASW,CE,Federal Contract Tower,0,9,46,1,56,0,9,96,0,105,0,18,142,1,161,502,0,502,663
02/14/2020,TKI,TX,ASW,CE,Federal Contract Tower,0,5,15,0,20,0,7,110,0,117,0,12,125,0,137,342,0,342,479
02/15/2020,TKI,TX,ASW,CE,Federal Contract Tower,0,5,12,0,17,0,6,140,0,146,0,11,152,0,163,270,0,270,433
02/16/2020,TKI,TX,ASW,CE,Federal Contract Tower,0,4,26,0,30,0,14,113,0,127,0,18,139,0,157,274,0,274,431
02/17/2020,TKI,TX,ASW,CE,Federal Contract Tower,0,6,35,0,41,0,16,88,0,104,0,22,123,0,145,314,0,314,459
02/18/2020,TKI,TX,ASW,CE,Federal Contract Tower,0,2,25,0,27,0,7,38,0,45,0,9,63,0,72,214,0,214,286
02/19/2020,TKI,TX,ASW,CE,Federal Contract Tower,0,6,37,0,43,0,8,71,0,79,0,14,108,0,122,293,0,293,415
02/20/2020,TKI,TX,ASW,CE,Federal Contract Tower,0,8,32,0,40,0,9,78,0,87,0,17,110,0,127,225,0,225,352
02/21/2020,TKI,TX,ASW,CE,Federal Contract Tower,0,3,21,0,24,0,20,191,0,211,0,23,212,0,235,396,0,396,631
02/22/2020,TKI,TX,ASW,CE,Federal Contract Tower,0,9,13,0,22,0,6,159,0,165,0,15,172,0,187,311,0,311,498
02/23/2020,TKI,TX,ASW,CE,Federal Contract Tower,0,4,38,0,42,0,1,21,0,22,0,5,59,0,64,103,0,103,167
02/24/2020,TKI,TX,ASW,CE,Federal Contract Tower,0,4,21,0,25,0,6,47,0,53,0,10,68,0,78,73,0,73,151
02/25/2020,TKI,TX,ASW,CE,Federal Contract Tower,0,4,20,0,24,0,24,129,3,156,0,28,149,3,180,420,0,420,600
02/26/2020,TKI,TX,ASW,CE,Federal Contract Tower,0,7,24,0,31,0,17,58,3,78,0,24,82,3,109,90,0,90,199
02/27/2020,TKI,TX,ASW,CE,Federal Contract Tower,0,4,18,0,22,0,14,154,0,168,0,18,172,0,190,417,0,417,607
02/28/2020,TKI,TX,ASW,CE,Federal Contract Tower,0,3,16,0,19,0,14,167,0,181,0,17,183,0,200,493,0,493,693
02/29/2020,TKI,TX,ASW,CE,Federal Contract Tower,0,1,12,0,13,0,7,148,0,155,0,8,160,0,168,258,0,258,426
03/01/2020,TKI,TX,ASW,CE,Federal Contract Tower,0,5,18,0,23,0,2,22,0,24,0,7,40,0,47,53,0,53,100
03/02/2020,TKI,TX,ASW,CE,Federal Contract Tower,0,4,35,0,39,0,7,114,0,121,0,11,149,0,160,462,0,462,622
03/03/2020,TKI,TX,ASW,CE,Federal Contract Tower,0,7,28,0,35,0,11,95,0,106,0,18,123,0,141,453,0,453,594
03/04/2020,TKI,TX,ASW,CE,Federal Contract Tower,0,6,29,0,35,0,5,12,0,17,0,11,41,0,52,17,0,17,69
03/05/2020,TKI,TX,ASW,CE,Federal Contract Tower,0,12,36,0,48,0,13,196,0,209,0,25,232,0,257,448,0,448,705
03/06/2020,TKI,TX,ASW,CE,Federal Contract Tower,0,8,26,0,34,0,22,163,0,185,0,30,189,0,219,448,0,448,667
03/07/2020,TKI,TX,ASW,CE,Federal Contract Tower,0,1,18,0,19,0,4,170,0,174,0,5,188,0,193,246,0,246,439
03/08/2020,TKI,TX,ASW,CE,Federal Contract Tower,0,13,37,0,50,0,7,39,0,46,0,20,76,0,96,153,0,153,249
03/09/2020,TKI,TX,ASW,CE,Federal Contract Tower,0,13,21,0,34,0,5,23,0,28,0,18,44,0,62,119,0,119,181
03/10/2020,TKI,TX,ASW,CE,Federal Contract Tower,0,5,32,0,37,0,14,205,0,219,0,19,237,0,256,625,0,625,881
03/11/2020,TKI,TX,ASW,CE,Federal Contract Tower,0,5,27,0,32,0,11,79,0,90,0,16,106,0,122,251,0,251,373
03/12/2020,TKI,TX,ASW,CE,Federal Contract Tower,0,10,50,0,60,0,13,109,0,122,0,23,159,0,182,257,0,257,439
03/13/2020,TKI,TX,ASW,CE,Federal Contract Tower,0,5,29,0,34,0,2,0,0,2,0,7,29,0,36,1,0,1,37
03/14/2020,TKI,TX,ASW,CE,Federal Contract Tower,0,3,25,0,28,0,0,0,0,0,0,3,25,0,28,7,0,7,35
03/15/2020,TKI,TX,ASW,CE,Federal Contract Tower,0,11,34,0,45,0,0,0,0,0,0,11,34,0,45,9,0,9,54
03/16/2020,TKI,TX,ASW,CE,Federal Contract Tower,0,5,44,0,49,0,0,6,0,6,0,5,50,0,55,42,0,42,97
03/17/2020,TKI,TX,ASW,CE,Federal Contract Tower,0,5,20,0,25,0,0,0,0,0,0,5,20,0,25,5,0,5,30
03/18/2020,TKI,TX,ASW,CE,Federal Contract Tower,0,0,33,0,33,0,4,47,0,51,0,4,80,0,84,181,0,181,265
03/19/2020,TKI,TX,ASW,CE,Federal Contract Tower,0,9,7,0,16,0,3,19,0,22,0,12,26,0,38,35,0,35,73
03/20/2020,TKI,TX,ASW,CE,Federal Contract Tower,0,9,28,0,37,0,9,39,0,48,0,18,67,0,85,172,0,172,257
03/21/2020,TKI,TX,ASW,CE,Federal Contract Tower,0,0,37,0,37,0,1,34,0,35,0,1,71,0,72,256,0,256,328
03/22/2020,TKI,TX,ASW,CE,Federal Contract Tower,0,4,14,0,18,0,0,0,0,0,0,4,14,0,18,6,0,6,24
03/23/2020,TKI,TX,ASW,CE,Federal Contract Tower,0,4,29,0,33,0,0,0,0,0,0,4,29,0,33,19,0,19,52
03/24/2020,TKI,TX,ASW,CE,Federal Contract Tower,0,4,19,0,23,0,16,56,0,72,0,20,75,0,95,162,0,162,257
03/25/2020,TKI,TX,ASW,CE,Federal Contract Tower,0,3,10,0,13,0,8,162,0,170,0,11,172,0,183,367,0,367,550
03/26/2020,TKI,TX,ASW,CE,Federal Contract Tower,0,2,7,0,9,0,8,84,0,92,0,10,91,0,101,217,0,217,318
03/27/2020,TKI,TX,ASW,CE,Federal Contract Tower,0,3,10,0,13,0,5,39,0,44,0,8,49,0,57,77,0,77,134
03/28/2020,TKI,TX,ASW,CE,Federal Contract Tower,0,0,2,0,2,0,6,44,0,50,0,6,46,0,52,69,0,69,121
03/29/2020,TKI,TX,ASW,CE,Federal Contract Tower,0,1,8,0,9,0,12,128,0,140,0,13,136,0,149,498,0,498,647
03/30/2020,TKI,TX,ASW,CE,Federal Contract Tower,0,3,3,0,6,0,3,13,0,16,0,6,16,0,22,45,0,45,67
03/31/2020,TKI,TX,ASW,CE,Federal Contract Tower,0,11,11,0,22,0,19,63,0,82,0,30,74,0,104,353,0,353,457
04/01/2020,TKI,TX,ASW,CE,Federal Contract Tower,0,4,12,0,16,0,16,126,0,142,0,20,138,0,158,315,0,315,473
04/02/2020,TKI,TX,ASW,CE,Federal Contract Tower,0,5,16,0,21,0,2,21,0,23,0,7,37,0,44,60,0,60,104
04/03/2020,TKI,TX,ASW,CE,Federal Contract Tower,0,13,13,0,26,0,0,0,0,0,0,13,13,0,26,14,0,14,40
04/04/2020,TKI,TX,ASW,CE,Federal Contract Tower,0,5,10,0,15,0,0,0,0,0,0,5,10,0,15,5,0,5,20
04/05/2020,TKI,TX,ASW,CE,Federal Contract Tower,0,6,18,0,24,0,3,4,0,7,0,9,22,0,31,45,0,45,76
04/06/2020,TKI,TX,ASW,CE,Federal Contract Tower,0,2,17,0,19,0,17,37,0,54,0,19,54,0,73,118,0,118,191
04/07/2020,TKI,TX,ASW,CE,Federal Contract Tower,0,6,9,0,15,0,13,80,2,95,0,19,89,2,110,210,0,210,320
04/08/2020,TKI,TX,ASW,CE,Federal Contract Tower,0,5,1,0,6,0,21,84,2,107,0,26,85,2,113,182,0,182,295
04/09/2020,TKI,TX,ASW,CE,Federal Contract Tower,0,2,11,0,13,0,17,44,2,63,0,19,55,2,76,98,4,102,178
04/10/2020,TKI,TX,ASW,CE,Federal Contract Tower,0,0,11,0,11,0,15,125,0,140,0,15,136,0,151,232,0,232,383
04/11/2020,TKI,TX,ASW,CE,Federal Contract Tower,0,0,8,0,8,0,1,13,0,14,0,1,21,0,22,28,0,28,50
04/12/2020,TKI,TX,ASW,CE,Federal Contract Tower,0,5,1,0,6,0,4,26,0,30,0,9,27,0,36,70,0,70,106
04/13/2020,TKI,TX,ASW,CE,Federal Contract Tower,0,0,9,2,11,0,16,60,0,76,0,16,69,2,87,121,0,121,208
04/14/2020,TKI,TX,ASW,CE,Federal Contract Tower,0,0,8,0,8,0,16,68,0,84,0,16,76,0,92,210,0,210,302
04/15/2020,TKI,TX,ASW,CE,Federal Contract Tower,0,0,3,0,3,0,16,97,0,113,0,16,100,0,116,276,0,276,392
04/16/2020,TKI,TX,ASW,CE,Federal Contract Tower,0,2,8,0,10,0,6,59,0,65,0,8,67,0,75,94,0,94,169
04/17/2020,TKI,TX,ASW,CE,Federal Contract Tower,0,1,26,0,27,0,6,36,0,42,0,7,62,0,69,190,0,190,259
04/18/2020,TKI,TX,ASW,CE,Federal Contract Tower,0,0,4,0,4,0,18,71,0,89,0,18,75,0,93,212,0,212,305
04/19/2020,TKI,TX,ASW,CE,Federal Contract Tower,0,1,17,0,18,0,6,12,0,18,0,7,29,0,36,25,0,25,61
04/20/2020,TKI,TX,ASW,CE,Federal Contract Tower,0,2,15,0,17,0,16,57,0,73,0,18,72,0,90,180,0,180,270
04/21/2020,TKI,TX,ASW,CE,Federal Contract Tower,0,3,7,0,10,0,14,88,0,102,0,17,95,0,112,300,0,300,412
04/22/2020,TKI,TX,ASW,CE,Federal Contract Tower,0,1,3,0,4,0,0,0,0,0,0,1,3,0,4,0,0,0,4
04/23/2020,TKI,TX,ASW,CE,Federal Contract Tower,0,1,7,0,8,0,6,136,0,142,0,7,143,0,150,348,0,348,498
04/24/2020,TKI,TX,ASW,CE,Federal Contract Tower,0,0,14,0,14,0,9,83,0,92,0,9,97,0,106,129,0,129,235
04/25/2020,TKI,TX,ASW,CE,Federal Contract Tower,0,0,9,0,9,0,8,73,0,81,0,8,82,0,90,159,0,159,249
04/26/2020,TKI,TX,ASW,CE,Federal Contract Tower,0,1,13,0,14,0,12,120,0,132,0,13,133,0,146,370,0,370,516
04/27/2020,TKI,TX,ASW,CE,Federal Contract Tower,0,4,12,0,16,0,5,36,0,41,0,9,48,0,57,98,0,98,155
04/28/2020,TKI,TX,ASW,CE,Federal Contract Tower,0,7,14,0,21,0,8,43,0,51,0,15,57,0,72,103,0,103,175
04/29/2020,TKI,TX,ASW,CE,Federal Contract Tower,0,2,11,0,13,0,3,52,0,55,0,5,63,0,68,166,0,166,234
04/30/2020,TKI,TX,ASW,CE,Federal Contract Tower,0,1,9,0,10,0,13,166,0,179,0,14,175,0,189,402,0,402,591
05/01/2020,TKI,TX,ASW,CE,Federal Contract Tower,0,3,8,0,11,0,8,61,0,69,0,11,69,0,80,115,0,115,195
05/02/2020,TKI,TX,ASW,CE,Federal Contract Tower,0,0,11,0,11,0,5,49,0,54,0,5,60,0,65,88,0,88,153
05/03/2020,TKI,TX,ASW,CE,Federal Contract Tower,0,2,12,0,14,0,9,86,0,95,0,11,98,0,109,270,0,270,379
05/04/2020,TKI,TX,ASW,CE,Federal Contract Tower,0,4,12,0,16,0,17,77,0,94,0,21,89,0,110,159,0,159,269
05/05/2020,TKI,TX,ASW,CE,Federal Contract Tower,0,1,16,0,17,0,10,62,0,72,0,11,78,0,89,271,0,271,360
05/06/2020,TKI,TX,ASW,CE,Federal Contract Tower,0,9,20,0,29,0,23,159,0,182,0,32,179,0,211,443,0,443,654
05/07/2020,TKI,TX,ASW,CE,Federal Contract Tower,0,6,19,0,25,0,6,79,0,85,0,12,98,0,110,180,0,180,290
05/08/2020,TKI,TX,ASW,CE,Federal Contract Tower,0,5,19,0,24,0,4,23,0,27,0,9,42,0,51,26,0,26,77
05/09/2020,TKI,TX,ASW,CE,Federal Contract Tower,0,4,10,0,14,0,9,120,0,129,0,13,130,0,143,444,0,444,587
05/10/2020,TKI,TX,ASW,CE,Federal Contract Tower,0,5,8,0,13,0,5,71,0,76,0,10,79,0,89,155,0,155,244
05/11/2020,TKI,TX,ASW,CE,Federal Contract Tower,0,0,23,0,23,0,13,112,1,126,0,13,135,1,149,335,0,335,484
05/12/2020,TKI,TX,ASW,CE,Federal Contract Tower,0,2,18,0,20,0,0,3,0,3,0,2,21,0,23,13,0,13,36
05/13/2020,TKI,TX,ASW,CE,Federal Contract Tower,0,3,31,0,34,0,15,52,0,67,0,18,83,0,101,216,0,216,317
05/14/2020,TKI,TX,ASW,CE,Federal Contract Tower,0,5,39,0,44,0,3,88,0,91,0,8,127,0,135,254,0,254,389
05/15/2020,TKI,TX,ASW,CE,Federal Contract Tower,0,11,44,0,55,0,8,32,0,40,0,19,76,0,95,97,0,97,192
05/16/2020,TKI,TX,ASW,CE,Federal Contract Tower,0,4,8,0,12,0,0,0,0,0,0,4,8,0,12,0,0,0,12
05/17/2020,TKI,TX,ASW,CE,Federal Contract Tower,0,9,17,0,26,0,18,87,0,105,0,27,104,0,131,313,0,313,444
05/18/2020,TKI,TX,ASW,CE,Federal Contract Tower,0,5,16,0,21,0,14,144,0,158,0,19,160,0,179,483,0,483,662
05/19/2020,TKI,TX,ASW,CE,Federal Contract Tower,0,1,26,1,28,0,22,154,4,180,0,23,180,5,208,517,0,517,725
05/20/2020,TKI,TX,ASW,CE,Federal Contract Tower,0,5,44,0,49,0,11,55,0,66,0,16,99,0,115,212,0,212,327
05/21/2020,TKI,TX,ASW,CE,Federal Contract Tower,0,14,39,0,53,0,5,57,0,62,0,19,96,0,115,146,0,146,261
05/22/2020,TKI,TX,ASW,CE,Federal Contract Tower,0,9,27,0,36,0,3,39,0,42,0,12,66,0,78,228,0,228,306
05/23/2020,TKI,TX,ASW,CE,Federal Contract Tower,0,3,12,0,15,0,6,61,0,67,0,9,73,0,82,166,0,166,248
05/24/2020,TKI,TX,ASW,CE,Federal Contract Tower,0,10,14,0,24,0,7,37,0,44,0,17,51,0,68,87,0,87,155
05/25/2020,TKI,TX,ASW,CE,Federal Contract Tower,0,4,16,0,20,0,5,0,0,5,0,9,16,0,25,5,0,5,30
05/26/2020,TKI,TX,ASW,CE,Federal Contract Tower,0,10,36,0,46,0,12,75,0,87,0,22,111,0,133,291,0,291,424
05/27/2020,TKI,TX,ASW,CE,Federal Contract Tower,0,7,22,0,29,0,18,138,0,156,0,25,160,0,185,423,0,423,608
05/28/2020,TKI,TX,ASW,CE,Federal Contract Tower,0,6,29,0,35,0,14,124,0,138,0,20,153,0,173,335,0,335,508
05/29/2020,TKI,TX,ASW,CE,Federal Contract Tower,0,6,18,0,24,0,9,144,0,153,0,15,162,0,177,350,0,350,527
05/30/2020,TKI,TX,ASW,CE,Federal Contract Tower,0,2,7,0,9,0,4,165,0,169,0,6,172,0,178,441,0,441,619
05/31/2020,TKI,TX,ASW,CE,Federal Contract Tower,0,1,14,0,15,0,15,128,0,143,0,16,142,0,158,388,0,388,546
06/01/2020,TKI,TX,ASW,CE,Federal Contract Tower,0,4,27,0,31,0,10,113,0,123,0,14,140,0,154,456,0,456,610
06/02/2020,TKI,TX,ASW,CE,Federal Contract Tower,0,9,22,0,31,0,18,77,0,95,0,27,99,0,126,340,0,340,466
06/03/2020,TKI,TX,ASW,CE,Federal Contract Tower,0,7,38,0,45,0,23,114,0,137,0,30,152,0,182,326,0,326,508
06/04/2020,TKI,TX,ASW,CE,Federal Contract Tower,0,4,22,0,26,0,16,114,0,130,0,20,136,0,156,384,0,384,540
06/05/2020,TKI,TX,ASW,CE,Federal Contract Tower,0,3,27,0,30,0,8,116,0,124,0,11,143,0,154,347,0,347,501
06/06/2020,TKI,TX,ASW,CE,Federal Contract Tower,0,5,28,0,33,0,11,124,0,135,0,16,152,0,168,356,0,356,524
06/07/2020,TKI,TX,ASW,CE,Federal Contract Tower,0,1,18,0,19,0,14,114,0,128,0,15,132,0,147,284,0,284,431
06/08/2020,TKI,TX,ASW,CE,Federal Contract Tower,0,2,22,0,24,0,22,131,0,153,0,24,153,0,177,402,0,402,579
06/09/2020,TKI,TX,ASW,CE,Federal Contract Tower,0,8,5,0,13,0,14,27,0,41,0,22,32,0,54,120,0,120,174
06/10/2020,TKI,TX,ASW,CE,Federal Contract Tower,0,4,15,0,19,0,13,87,0,100,0,17,102,0,119,262,0,262,381
06/11/2020,TKI,TX,ASW,CE,Federal Contract Tower,0,9,48,0,57,0,25,101,0,126,0,34,149,0,183,213,0,213,396
06/12/2020,TKI,TX,ASW,CE,Federal Contract Tower,0,6,43,0,49,0,15,180,0,195,0,21,223,0,244,466,0,466,710
06/13/2020,TKI,TX,ASW,CE,Federal Contract Tower,0,1,19,0,20,0,12,120,0,132,0,13,139,0,152,299,0,299,451
06/14/2020,TKI,TX,ASW,CE,Federal Contract Tower,0,9,19,0,28,0,12,108,0,120,0,21,127,0,148,223,0,223,371
06/15/2020,TKI,TX,ASW,CE,Federal Contract Tower,0,2,20,0,22,0,11,115,0,126,0,13,135,0,148,393,0,393,541
06/16/2020,TKI,TX,ASW,CE,Federal Contract Tower,0,7,22,0,29,0,18,118,0,136,0,25,140,0,165,347,0,347,512
06/17/2020,TKI,TX,ASW,CE,Federal Contract Tower,0,11,24,0,35,0,23,139,0,162,0,34,163,0,197,372,0,372,569
06/18/2020,TKI,TX,ASW,CE,Federal Contract Tower,0,6,23,0,29,0,19,121,1,141,0,25,144,1,170,290,0,290,460
06/19/2020,TKI,TX,ASW,CE,Federal Contract Tower,0,6,41,0,47,0,8,92,1,101,0,14,133,1,148,348,1,349,497
06/20/2020,TKI,TX,ASW,CE,Federal Contract Tower,0,5,39,0,44,0,17,78,0,95,0,22,117,0,139,233,0,233,372
06/21/2020,TKI,TX,ASW,CE,Federal Contract Tower,0,6,17,0,23,0,11,34,0,45,0,17,51,0,68,81,0,81,149
06/22/2020,TKI,TX,ASW,CE,Federal Contract Tower,0,5,22,0,27,0,19,80,0,99,0,24,102,0,126,256,0,256,382
06/23/2020,TKI,TX,ASW,CE,Federal Contract Tower,0,7,15,0,22,0,7,36,0,43,0,14,51,0,65,93,0,93,158
06/24/2020,TKI,TX,ASW,CE,Federal Contract Tower,0,7,22,0,29,0,33,149,0,182,0,40,171,0,211,369,0,369,580
06/25/2020,TKI,TX,ASW,CE,Federal Contract Tower,0,12,29,0,41,0,14,82,0,96,0,26,111,0,137,185,0,185,322
06/26/2020,TKI,TX,ASW,CE,Federal Contract Tower,0,9,32,0,41,0,7,62,0,69,0,16,94,0,110,180,0,180,290
06/27/2020,TKI,TX,ASW,CE,Federal Contract Tower,0,7,38,0,45,0,9,68,0,77,0,16,106,0,122,159,0,159,281
06/28/2020,TKI,TX,ASW,CE,Federal Contract Tower,0,10,16,0,26,0,8,11,0,19,0,18,27,0,45,28,0,28,73
06/29/2020,TKI,TX,ASW,CE,Federal Contract Tower,0,4,40,0,44,0,5,42,0,47,0,9,82,0,91,144,0,144,235
06/30/2020,TKI,TX,ASW,CE,Federal Contract Tower,0,7,43,0,50,0,16,59,2,77,0,23,102,2,127,171,0,171,298
07/01/2020,TKI,TX,ASW,CE,Federal Contract Tower,0,12,41,0,53,0,16,73,0,89,0,28,114,0,142,312,0,312,454
07/02/2020,TKI,TX,ASW,CE,Federal Contract Tower,0,10,39,0,49,0,15,93,0,108,0,25,132,0,157,272,0,272,429
07/03/2020,TKI,TX,ASW,CE,Federal Contract Tower,0,0,27,0,27,0,11,122,0,133,0,11,149,0,160,329,0,329,489
07/04/2020,TKI,TX,ASW,CE,Federal Contract Tower,0,4,7,0,11,0,11,82,0,93,0,15,89,0,104,186,0,186,290
07/05/2020,TKI,TX,ASW,CE,Federal Contract Tower,0,1,31,0,32,0,15,70,0,85,0,16,101,0,117,221,0,221,338
07/06/2020,TKI,TX,ASW,CE,Federal Contract Tower,0,9,27,0,36,0,8,38,0,46,0,17,65,0,82,133,0,133,215
07/07/2020,TKI,TX,ASW,CE,Federal Contract Tower,0,8,30,0,38,0,22,45,0,67,0,30,75,0,105,240,0,240,345
07/08/2020,TKI,TX,ASW,CE,Federal Contract Tower,0,7,39,0,46,0,23,100,0,123,0,30,139,0,169,359,0,359,528
07/09/2020,TKI,TX,ASW,CE,Federal Contract Tower,0,6,43,0,49,0,20,115,0,135,0,26,158,0,184,287,0,287,471
07/10/2020,TKI,TX,ASW,CE,Federal Contract Tower,0,6,24,0,30,0,21,128,0,149,0,27,152,0,179,309,0,309,488
07/11/2020,TKI,TX,ASW,CE,Federal Contract Tower,0,9,21,0,30,0,12,99,0,111,0,21,120,0,141,260,0,260,401
07/12/2020,TKI,TX,ASW,CE,Federal Contract Tower,0,11,21,0,32,0,26,91,0,117,0,37,112,0,149,254,0,254,403
07/13/2020,TKI,TX,ASW,CE,Federal Contract Tower,0,3,11,0,14,0,31,93,0,124,0,34,104,0,138,450,0,450,588
07/14/2020,TKI,TX,ASW,CE,Federal Contract Tower,0,7,23,0,30,0,28,97,0,125,0,35,120,0,155,297,0,297,452
07/15/2020,TKI,TX,ASW,CE,Federal Contract Tower,0,4,22,0,26,0,25,107,0,132,0,29,129,0,158,347,0,347,505
07/16/2020,TKI,TX,ASW,CE,Federal Contract Tower,0,6,13,0,19,0,24,122,0,146,0,30,135,0,165,500,0,500,665
07/17/2020,TKI,TX,ASW,CE,Federal Contract Tower,0,5,18,0,23,0,15,145,0,160,0,20,163,0,183,373,0,373,556
07/18/2020,TKI,TX,ASW,CE,Federal Contract Tower,0,11,20,0,31,0,9,119,0,128,0,20,139,0,159,314,0,314,473
07/19/2020,TKI,TX,ASW,CE,Federal Contract Tower,0,8,18,0,26,0,13,117,0,130,0,21,135,0,156,307,0,307,463
07/20/2020,TKI,TX,ASW,CE,Federal Contract Tower,0,7,23,0,30,0,30,112,0,142,0,37,135,0,172,471,0,471,643
07/21/2020,TKI,TX,ASW,CE,Federal Contract Tower,0,9,57,0,66,0,25,63,0,88,0,34,120,0,154,272,0,272,426
07/22/2020,TKI,TX,ASW,CE,Federal Contract Tower,0,8,48,0,56,0,17,47,0,64,0,25,95,0,120,113,0,113,233
07/23/2020,TKI,TX,ASW,CE,Federal Contract Tower,0,12,22,0,34,0,9,97,0,106,0,21,119,0,140,211,0,211,351
07/24/2020,TKI,TX,ASW,CE,Federal Contract Tower,0,6,25,0,31,0,16,119,0,135,0,22,144,0,166,425,0,425,591
07/25/2020,TKI,TX,ASW,CE,Federal Contract Tower,0,1,32,0,33,0,8,85,0,93,0,9,117,0,126,298,0,298,424
07/26/2020,TKI,TX,ASW,CE,Federal Contract Tower,0,6,37,0,43,0,21,74,0,95,0,27,111,0,138,258,0,258,396
07/27/2020,TKI,TX,ASW,CE,Federal Contract Tower,0,7,46,1,54,0,27,102,1,130,0,34,148,2,184,385,0,385,569
07/28/2020,TKI,TX,ASW,CE,Federal Contract Tower,0,3,32,0,35,0,21,42,0,63,0,24,74,0,98,182,0,182,280
07/29/2020,TKI,TX,ASW,CE,Federal Contract Tower,0,2,27,0,29,0,23,144,0,167,0,25,171,0,196,387,0,387,583
07/30/2020,TKI,TX,ASW,CE,Federal Contract Tower,0,6,27,0,33,0,17,143,0,160,0,23,170,0,193,305,0,305,498
07/31/2020,TKI,TX,ASW,CE,Federal Contract Tower,0,12,39,0,51,0,16,124,0,140,0,28,163,0,191,338,0,338,529
08/01/2020,TKI,TX,ASW,CE,Federal Contract Tower,0,5,14,0,19,0,22,139,0,161,0,27,153,0,180,289,0,289,469
08/02/2020,TKI,TX,ASW,CE,Federal Contract Tower,0,7,18,0,25,0,21,101,0,122,0,28,119,0,147,211,0,211,358
08/03/2020,TKI,TX,ASW,CE,Federal Contract Tower,0,3,23,0,26,0,18,110,0,128,0,21,133,0,154,402,0,402,556
08/04/2020,TKI,TX,ASW,CE,Federal Contract Tower,0,2,27,0,29,0,17,135,0,152,0,19,162,0,181,418,0,418,599
08/05/2020,TKI,TX,ASW,CE,Federal Contract Tower,0,6,18,0,24,0,27,100,0,127,0,33,118,0,151,266,0,266,417
08/06/2020,TKI,TX,ASW,CE,Federal Contract Tower,0,10,33,0,43,0,12,109,0,121,0,22,142,0,164,281,0,281,445
08/07/2020,TKI,TX,ASW,CE,Federal Contract Tower,0,6,25,0,31,0,11,126,0,137,0,17,151,0,168,396,0,396,564
08/08/2020,TKI,TX,ASW,CE,Federal Contract Tower,0,1,22,0,23,0,18,99,0,117,0,19,121,0,140,146,0,146,286
08/09/2020,TKI,TX,ASW,CE,Federal Contract Tower,0,7,17,0,24,0,10,96,0,106,0,17,113,0,130,133,0,133,263
08/10/2020,TKI,TX,ASW,CE,Federal Contract Tower,0,4,22,0,26,0,18,115,0,133,0,22,137,0,159,306,0,306,465
08/11/2020,TKI,TX,ASW,CE,Federal Contract Tower,0,4,24,0,28,0,34,124,0,158,0,38,148,0,186,323,0,323,509
08/12/2020,TKI,TX,ASW,CE,Federal Contract Tower,0,8,33,0,41,0,20,100,0,120,0,28,133,0,161,205,0,205,366
08/13/2020,TKI,TX,ASW,CE,Federal Contract Tower,0,2,24,0,26,0,35,136,0,171,0,37,160,0,197,380,0,380,577
08/14/2020,TKI,TX,ASW,CE,Federal Contract Tower,0,4,21,0,25,0,17,115,0,132,0,21,136,0,157,262,0,262,419
08/15/2020,TKI,TX,ASW,CE,Federal Contract Tower,0,5,12,0,17,0,14,112,0,126,0,19,124,0,143,271,0,271,414
08/16/2020,TKI,TX,ASW,CE,Federal Contract Tower,0,11,17,0,28,0,10,106,0,116,0,21,123,0,144,209,0,209,353
08/17/2020,TKI,TX,ASW,CE,Federal Contract Tower,0,2,13,0,15,0,20,118,0,138,0,22,131,0,153,358,0,358,511
08/18/2020,TKI,TX,ASW,CE,Federal Contract Tower,0,3,23,0,26,0,26,107,0,133,0,29,130,0,159,301,0,301,460
08/19/2020,TKI,TX,ASW,CE,Federal Contract Tower,0,5,12,0,17,0,28,155,0,183,0,33,167,0,200,329,0,329,529
08/20/2020,TKI,TX,ASW,CE,Federal Contract Tower,0,6,26,0,32,0,30,134,0,164,0,36,160,0,196,396,0,396,592
08/21/2020,TKI,TX,ASW,CE,Federal Contract Tower,0,3,21,0,24,0,25,149,0,174,0,28,170,0,198,343,0,343,541
08/22/2020,TKI,TX,ASW,CE,Federal Contract Tower,0,2,10,0,12,0,29,89,0,118,0,31,99,0,130,179,0,179,309
08/23/2020,TKI,TX,ASW,CE,Federal Contract Tower,0,9,19,0,28,0,18,125,0,143,0,27,144,0,171,244,0,244,415
08/24/2020,TKI,TX,ASW,CE,Federal Contract Tower,0,3,20,0,23,0,21,106,0,127,0,24,126,0,150,319,0,319,469
08/25/2020,TKI,TX,ASW,CE,Federal Contract Tower,0,7,18,0,25,0,28,120,0,148,0,35,138,0,173,357,0,357,530
08/26/2020,TKI,TX,ASW,CE,Federal Contract Tower,0,6,25,0,31,0,5,40,0,45,0,11,65,0,76,207,0,207,283
08/27/2020,TKI,TX,ASW,CE,Federal Contract Tower,0,3,31,0,34,0,25,77,0,102,0,28,108,0,136,272,0,272,408
08/28/2020,TKI,TX,ASW,CE,Federal Contract Tower,0,10,22,0,32,0,20,131,0,151,0,30,153,0,183,327,0,327,510
08/29/2020,TKI,TX,ASW,CE,Federal Contract Tower,0,3,17,0,20,0,23,110,0,133,0,26,127,0,153,262,0,262,415
08/30/2020,TKI,TX,ASW,CE,Federal Contract Tower,0,6,19,0,25,0,24,67,0,91,0,30,86,0,116,211,0,211,327
08/31/2020,TKI,TX,ASW,CE,Federal Contract Tower,0,5,20,0,25,0,23,100,0,123,0,28,120,0,148,447,0,447,595
09/01/2020,TKI,TX,ASW,CE,Federal Contract Tower,0,2,13,0,15,0,3,20,0,23,0,5,33,0,38,23,0,23,61
09/02/2020,TKI,TX,ASW,CE,Federal Contract Tower,0,10,29,0,39,0,6,24,0,30,0,16,53,0,69,98,0,98,167
09/03/2020,TKI,TX,ASW,CE,Federal Contract Tower,0,18,46,0,64,0,10,37,0,47,0,28,83,0,111,157,0,157,268
09/04/2020,TKI,TX,ASW,CE,Federal Contract Tower,0,11,35,0,46,0,9,68,0,77,0,20,103,0,123,302,0,302,425
09/05/2020,TKI,TX,ASW,CE,Federal Contract Tower,0,4,26,0,30,0,18,114,0,132,0,22,140,0,162,291,0,291,453
09/06/2020,TKI,TX,ASW,CE,Federal Contract Tower,0,4,14,0,18,0,15,119,0,134,0,19,133,0,152,348,0,348,500
09/07/2020,TKI,TX,ASW,CE,Federal Contract Tower,0,6,24,0,30,0,18,143,0,161,0,24,167,0,191,360,0,360,551
09/08/2020,TKI,TX,ASW,CE,Federal Contract Tower,0,15,52,0,67,0,16,43,0,59,0,31,95,0,126,84,0,84,210
09/09/2020,TKI,TX,ASW,CE,Federal Contract Tower,0,5,35,0,40,0,10,34,0,44,0,15,69,0,84,77,0,77,161
09/10/2020,TKI,TX,ASW,CE,Federal Contract Tower,0,16,55,0,71,0,1,26,0,27,0,17,81,0,98,78,0,78,176
09/11/2020,TKI,TX,ASW,CE,Federal Contract Tower,0,13,38,1,52,0,11,107,1,119,0,24,145,2,171,218,0,218,389
09/12/2020,TKI,TX,ASW,CE,Federal Contract Tower,0,3,17,0,20,0,17,139,0,156,0,20,156,0,176,276,0,276,452
09/13/2020,TKI,TX,ASW,CE,Federal Contract Tower,0,3,21,0,24,0,20,113,0,133,0,23,134,0,157,380,0,380,537
09/14/2020,TKI,TX,ASW,CE,Federal Contract Tower,0,1,19,0,20,0,33,132,0,165,0,34,151,0,185,450,0,450,635
09/15/2020,TKI,TX,ASW,CE,Federal Contract Tower,0,1,29,0,30,0,33,134,0,167,0,34,163,0,197,307,0,307,504
09/16/2020,TKI,TX,ASW,CE,Federal Contract Tower,0,6,27,0,33,0,15,94,0,109,0,21,121,0,142,263,0,263,405
09/17/2020,TKI,TX,ASW,CE,Federal Contract Tower,0,3,35,0,38,0,14,98,0,112,0,17,133,0,150,349,0,349,499
09/18/2020,TKI,TX,ASW,CE,Federal Contract Tower,0,4,28,0,32,0,19,120,0,139,0,23,148,0,171,386,0,386,557
09/19/2020,TKI,TX,ASW,CE,Federal Contract Tower,0,4,13,0,17,0,16,124,0,140,0,20,137,0,157,297,0,297,454
09/20/2020,TKI,TX,ASW,CE,Federal Contract Tower,0,12,23,0,35,0,19,115,0,134,0,31,138,0,169,330,0,330,499
09/21/2020,TKI,TX,ASW,CE,Federal Contract Tower,0,15,44,0,59,0,5,25,0,30,0,20,69,0,89,179,0,179,268
09/22/2020,TKI,TX,ASW,CE,Federal Contract Tower,0,7,27,0,34,0,0,0,0,0,0,7,27,0,34,10,0,10,44
09/23/2020,TKI,TX,ASW,CE,Federal Contract Tower,0,16,34,0,50,0,14,14,0,28,0,30,48,0,78,93,0,93,171
09/24/2020,TKI,TX,ASW,CE,Federal Contract Tower,0,16,56,0,72,0,21,114,0,135,0,37,170,0,207,306,0,306,513
09/25/2020,TKI,TX,ASW,CE,Federal Contract Tower,0,6,36,0,42,0,21,188,0,209,0,27,224,0,251,437,0,437,688
09/26/2020,TKI,TX,ASW,CE,Federal Contract Tower,0,4,35,0,39,0,14,93,0,107,0,18,128,0,146,206,0,206,352
09/27/2020,TKI,TX,ASW,CE,Federal Contract Tower,0,9,40,0,49,0,15,26,0,41,0,24,66,0,90,65,0,65,155
09/28/2020,TKI,TX,ASW,CE,Federal Contract Tower,0,1,25,0,26,0,14,93,0,107,0,15,118,0,133,231,0,231,364
09/29/2020,TKI,TX,ASW,CE,Federal Contract Tower,0,10,17,0,27,0,32,134,0,166,0,42,151,0,193,331,0,331,524
09/30/2020,TKI,TX,ASW,CE,Federal Contract Tower,0,4,32,2,38,0,21,125,2,148,0,25,157,4,186,385,0,385,571
10/01/2020,TKI,TX,ASW,CE,Federal Contract Tower,0,7,23,0,30,0,9,136,1,146,0,16,159,1,176,363,1,364,540
10/02/2020,TKI,TX,ASW,CE,Federal Contract Tower,0,6,23,0,29,0,7,155,0,162,0,13,178,0,191,241,0,241,432
10/03/2020,TKI,TX,ASW,CE,Federal Contract Tower,0,3,16,1,20,0,5,121,0,126,0,8,137,1,146,237,0,237,383
10/04/2020,TKI,TX,ASW,CE,Federal Contract Tower,0,8,24,1,33,0,11,80,0,91,0,19,104,1,124,186,7,193,317
10/05/2020,TKI,TX,ASW,CE,Federal Contract Tower,0,1,17,0,18,0,16,113,0,129,0,17,130,0,147,299,0,299,446
10/06/2020,TKI,TX,ASW,CE,Federal Contract Tower,0,13,24,0,37,0,28,116,0,144,0,41,140,0,181,407,0,407,588
10/07/2020,TKI,TX,ASW,CE,Federal Contract Tower,0,5,23,0,28,0,17,131,0,148,0,22,154,0,176,411,0,411,587
10/08/2020,TKI,TX,ASW,CE,Federal Contract Tower,0,4,31,0,35,0,34,113,0,147,0,38,144,0,182,359,0,359,541
10/09/2020,TKI,TX,ASW,CE,Federal Contract Tower,0,14,41,0,55,0,7,37,0,44,0,21,78,0,99,233,0,233,332
10/10/2020,TKI,TX,ASW,CE,Federal Contract Tower,0,5,16,0,21,0,18,104,0,122,0,23,120,0,143,223,0,223,366
10/11/2020,TKI,TX,ASW,CE,Federal Contract Tower,0,2,26,0,28,0,17,80,0,97,0,19,106,0,125,144,0,144,269
10/12/2020,TKI,TX,ASW,CE,Federal Contract Tower,0,5,27,0,32,0,18,62,0,80,0,23,89,0,112,122,0,122,234
10/13/2020,TKI,TX,ASW,CE,Federal Contract Tower,0,2,26,0,28,0,25,113,0,138,0,27,139,0,166,341,0,341,507
10/14/2020,TKI,TX,ASW,CE,Federal Contract Tower,0,5,24,0,29,0,42,129,0,171,0,47,153,0,200,377,0,377,577
10/15/2020,TKI,TX,ASW,CE,Federal Contract Tower,0,14,37,0,51,0,14,23,0,37,0,28,60,0,88,94,0,94,182
10/16/2020,TKI,TX,ASW,CE,Federal Contract Tower,0,6,23,0,29,0,34,139,0,173,0,40,162,0,202,324,0,324,526
10/17/2020,TKI,TX,ASW,CE,Federal Contract Tower,0,2,23,0,25,0,19,93,0,112,0,21,116,0,137,173,0,173,310
10/18/2020,TKI,TX,ASW,CE,Federal Contract Tower,0,3,28,0,31,0,12,97,0,109,0,15,125,0,140,160,0,160,300
10/19/2020,TKI,TX,ASW,CE,Federal Contract Tower,0,12,45,0,57,0,9,27,0,36,0,21,72,0,93,92,0,92,185
10/20/2020,TKI,TX,ASW,CE,Federal Contract Tower,0,11,30,0,41,0,19,72,0,91,0,30,102,0,132,293,0,293,425
10/21/2020,TKI,TX,ASW,CE,Federal Contract Tower,0,17,49,0,66,0,13,82,0,95,0,30,131,0,161,330,0,330,491
10/22/2020,TKI,TX,ASW,CE,Federal Contract Tower,0,10,46,0,56,0,20,86,0,106,0,30,132,0,162,293,0,293,455
10/23/2020,TKI,TX,ASW,CE,Federal Contract Tower,0,9,14,1,24,0,0,8,0,8,0,9,22,1,32,21,0,21,53
10/24/2020,TKI,TX,ASW,CE,Federal Contract Tower,0,13,29,1,43,0,30,127,0,157,0,43,156,1,200,396,0,396,596
10/25/2020,TKI,TX,ASW,CE,Federal Contract Tower,0,11,31,0,42,0,1,0,0,1,0,12,31,0,43,2,0,2,45
10/26/2020,TKI,TX,ASW,CE,Federal Contract Tower,0,8,25,0,33,0,0,0,0,0,0,8,25,0,33,2,0,2,35
10/27/2020,TKI,TX,ASW,CE,Federal Contract Tower,0,8,17,0,25,0,0,0,0,0,0,8,17,0,25,5,0,5,30
10/28/2020,TKI,TX,ASW,CE,Federal Contract Tower,0,5,22,0,27,0,0,0,0,0,0,5,22,0,27,13,0,13,40
10/29/2020,TKI,TX,ASW,CE,Federal Contract Tower,0,11,28,0,39,0,9,53,0,62,0,20,81,0,101,221,0,221,322
10/30/2020,TKI,TX,ASW,CE,Federal Contract Tower,0,8,21,1,30,0,16,157,0,173,0,24,178,1,203,481,0,481,684
10/31/2020,TKI,TX,ASW,CE,Federal Contract Tower,0,4,13,0,17,0,19,161,0,180,0,23,174,0,197,241,0,241,438
11/01/2020,TKI,TX,ASW,CE,Federal Contract Tower,0,7,21,0,28,0,31,133,0,164,0,38,154,0,192,228,0,228,420
11/02/2020,TKI,TX,ASW,CE,Federal Contract Tower,0,5,25,0,30,0,25,145,2,172,0,30,170,2,202,307,0,307,509
11/03/2020,TKI,TX,ASW,CE,Federal Contract Tower,0,5,14,0,19,0,24,122,0,146,0,29,136,0,165,296,0,296,461
11/04/2020,TKI,TX,ASW,CE,Federal Contract Tower,0,2,10,0,12,0,22,123,0,145,0,24,133,0,157,381,0,381,538
11/05/2020,TKI,TX,ASW,CE,Federal Contract Tower,0,11,50,0,61,0,13,75,0,88,0,24,125,0,149,282,0,282,431
11/06/2020,TKI,TX,ASW,CE,Federal Contract Tower,0,15,31,0,46,0,25,139,0,164,0,40,170,0,210,342,0,342,552
11/07/2020,TKI,TX,ASW,CE,Federal Contract Tower,0,3,6,0,9,0,21,128,0,149,0,24,134,0,158,345,0,345,503
11/08/2020,TKI,TX,ASW,CE,Federal Contract Tower,0,16,25,0,41,0,20,33,0,53,0,36,58,0,94,117,0,117,211
11/09/2020,TKI,TX,ASW,CE,Federal Contract Tower,0,5,47,0,52,0,19,83,0,102,0,24,130,0,154,133,0,133,287
11/10/2020,TKI,TX,ASW,CE,Federal Contract Tower,0,8,26,1,35,0,18,102,1,121,0,26,128,2,156,398,0,398,554
11/11/2020,TKI,TX,ASW,CE,Federal Contract Tower,0,4,23,0,27,0,33,154,0,187,0,37,177,0,214,400,0,400,614
11/12/2020,TKI,TX,ASW,CE,Federal Contract Tower,0,12,27,0,39,0,31,132,0,163,0,43,159,0,202,368,0,368,570
11/13/2020,TKI,TX,ASW,CE,Federal Contract Tower,0,5,32,0,37,0,22,128,0,150,0,27,160,0,187,354,0,354,541
11/14/2020,TKI,TX,ASW,CE,Federal Contract Tower,0,9,17,0,26,0,6,17,0,23,0,15,34,0,49,35,0,35,84
11/15/2020,TKI,TX,ASW,CE,Federal Contract Tower,0,2,11,0,13,0,26,115,0,141,0,28,126,0,154,277,0,277,431
11/16/2020,TKI,TX,ASW,CE,Federal Contract Tower,0,10,22,0,32,0,30,122,0,152,0,40,144,0,184,321,0,321,505
11/17/2020,TKI,TX,ASW,CE,Federal Contract Tower,0,9,22,0,31,0,31,148,0,179,0,40,170,0,210,332,0,332,542
11/18/2020,TKI,TX,ASW,CE,Federal Contract Tower,0,6,24,0,30,0,23,117,0,140,0,29,141,0,170,405,0,405,575
11/19/2020,TKI,TX,ASW,CE,Federal Contract Tower,0,3,37,0,40,0,9,82,0,91,0,12,119,0,131,237,0,237,368
11/20/2020,TKI,TX,ASW,CE,Federal Contract Tower,0,16,49,0,65,0,10,44,0,54,0,26,93,0,119,252,0,252,371
11/21/2020,TKI,TX,ASW,CE,Federal Contract Tower,0,11,31,0,42,0,6,48,0,54,0,17,79,0,96,144,0,144,240
11/22/2020,TKI,TX,ASW,CE,Federal Contract Tower,0,17,33,0,50,0,5,22,0,27,0,22,55,0,77,56,0,56,133
11/23/2020,TKI,TX,ASW,CE,Federal Contract Tower,0,13,37,0,50,0,15,72,0,87,0,28,109,0,137,301,0,301,438
11/24/2020,TKI,TX,ASW,CE,Federal Contract Tower,0,9,25,0,34,0,2,5,2,9,0,11,30,2,43,19,0,19,62
11/25/2020,TKI,TX,ASW,CE,Federal Contract Tower,0,3,19,0,22,0,20,124,0,144,0,23,143,0,166,195,0,195,361
11/26/2020,TKI,TX,ASW,CE,Federal Contract Tower,0,1,10,0,11,0,13,46,0,59,0,14,56,0,70,93,0,93,163
11/27/2020,TKI,TX,ASW,CE,Federal Contract Tower,0,2,22,0,24,0,18,75,0,93,0,20,97,0,117,216,0,216,333
11/28/2020,TKI,TX,ASW,CE,Federal Contract Tower,0,5,13,0,18,0,17,49,0,66,0,22,62,0,84,164,0,164,248
11/29/2020,TKI,TX,ASW,CE,Federal Contract Tower,0,12,45,0,57,0,13,21,0,34,0,25,66,0,91,75,0,75,166
11/30/2020,TKI,TX,ASW,CE,Federal Contract Tower,0,7,15,0,22,0,24,89,0,113,0,31,104,0,135,370,0,370,505
12/01/2020,TKI,TX,ASW,CE,Federal Contract Tower,0,2,17,0,19,0,21,100,0,121,0,23,117,0,140,262,0,262,402
12/02/2020,TKI,TX,ASW,CE,Federal Contract Tower,0,16,28,0,44,0,8,12,0,20,0,24,40,0,64,59,0,59,123
12/03/2020,TKI,TX,ASW,CE,Federal Contract Tower,0,13,34,0,47,0,17,21,0,38,0,30,55,0,85,203,0,203,288
12/04/2020,TKI,TX,ASW,CE,Federal Contract Tower,0,5,22,0,27,0,20,159,0,179,0,25,181,0,206,489,0,489,695
12/05/2020,TKI,TX,ASW,CE,Federal Contract Tower,0,4,14,0,18,0,32,122,0,154,0,36,136,0,172,296,0,296,468
12/06/2020,TKI,TX,ASW,CE,Federal Contract Tower,0,10,13,0,23,0,18,69,0,87,0,28,82,0,110,231,0,231,341
12/07/2020,TKI,TX,ASW,CE,Federal Contract Tower,0,1,19,0,20,0,24,74,0,98,0,25,93,0,118,359,0,359,477
12/08/2020,TKI,TX,ASW,CE,Federal Contract Tower,0,8,29,0,37,0,24,106,1,131,0,32,135,1,168,298,0,298,466
12/09/2020,TKI,TX,ASW,CE,Federal Contract Tower,0,5,26,1,32,0,12,126,0,138,0,17,152,1,170,314,0,314,484
12/10/2020,TKI,TX,ASW,CE,Federal Contract Tower,0,10,13,0,23,0,22,119,4,145,0,32,132,4,168,315,4,319,487
12/11/2020,TKI,TX,ASW,CE,Federal Contract Tower,0,4,15,2,21,0,17,18,0,35,0,21,33,2,56,95,0,95,151
12/12/2020,TKI,TX,ASW,CE,Federal Contract Tower,0,4,11,0,15,0,25,118,0,143,0,29,129,0,158,329,0,329,487
12/13/2020,TKI,TX,ASW,CE,Federal Contract Tower,0,5,10,0,15,0,0,0,0,0,0,5,10,0,15,0,0,0,15
12/14/2020,TKI,TX,ASW,CE,Federal Contract Tower,0,8,29,0,37,0,31,113,1,145,0,39,142,1,182,308,0,308,490
12/15/2020,TKI,TX,ASW,CE,Federal Contract Tower,0,8,19,1,28,0,0,0,0,0,0,8,19,1,28,0,0,0,28
12/16/2020,TKI,TX,ASW,CE,Federal Contract Tower,0,10,34,0,44,0,26,59,0,85,0,36,93,0,129,243,0,243,372
12/17/2020,TKI,TX,ASW,CE,Federal Contract Tower,0,12,27,1,40,0,21,123,0,144,0,33,150,1,184,400,0,400,584
12/18/2020,TKI,TX,ASW,CE,Federal Contract Tower,0,5,26,0,31,0,18,75,0,93,0,23,101,0,124,202,0,202,326
12/19/2020,TKI,TX,ASW,CE,Federal Contract Tower,0,7,36,0,43,0,9,22,0,31,0,16,58,0,74,84,0,84,158
12/20/2020,TKI,TX,ASW,CE,Federal Contract Tower,0,10,14,0,24,0,24,109,0,133,0,34,123,0,157,246,0,246,403
12/21/2020,TKI,TX,ASW,CE,Federal Contract Tower,0,8,23,0,31,0,28,148,0,176,0,36,171,0,207,303,0,303,510
12/22/2020,TKI,TX,ASW,CE,Federal Contract Tower,0,6,15,0,21,0,11,100,0,111,0,17,115,0,132,231,0,231,363
12/23/2020,TKI,TX,ASW,CE,Federal Contract Tower,0,12,22,0,34,0,12,33,0,45,0,24,55,0,79,61,0,61,140
12/24/2020,TKI,TX,ASW,CE,Federal Contract Tower,0,3,4,0,7,0,10,27,0,37,0,13,31,0,44,65,0,65,109
12/25/2020,TKI,TX,ASW,CE,Federal Contract Tower,0,0,0,0,0,0,9,41,0,50,0,9,41,0,50,79,0,79,129
12/26/2020,TKI,TX,ASW,CE,Federal Contract Tower,0,6,21,0,27,0,24,92,0,116,0,30,113,0,143,113,0,113,256
12/27/2020,TKI,TX,ASW,CE,Federal Contract Tower,0,4,28,0,32,0,21,68,0,89,0,25,96,0,121,181,0,181,302
12/28/2020,TKI,TX,ASW,CE,Federal Contract Tower,0,3,35,0,38,0,19,66,0,85,0,22,101,0,123,232,0,232,355
12/29/2020,TKI,TX,ASW,CE,Federal Contract Tower,0,8,18,0,26,0,9,22,0,31,0,17,40,0,57,90,0,90,147
12/30/2020,TKI,TX,ASW,CE,Federal Contract Tower,0,7,16,0,23,0,0,0,0,0,0,7,16,0,23,2,0,2,25
12/31/2020,TKI,TX,ASW,CE,Federal Contract Tower,0,7,4,0,11,0,0,0,0,0,0,7,4,0,11,0,0,0,11
01/01/2021,TKI,TX,ASW,CE,Federal Contract Tower,0,2,10,0,12,0,4,6,0,10,0,6,16,0,22,66,0,66,88
01/02/2021,TKI,TX,ASW,CE,Federal Contract Tower,0,5,14,0,19,0,16,107,0,123,0,21,121,0,142,300,0,300,442
01/03/2021,TKI,TX,ASW,CE,Federal Contract Tower,0,17,13,0,30,0,28,84,0,112,0,45,97,0,142,221,0,221,363
01/04/2021,TKI,TX,ASW,CE,Federal Contract Tower,0,6,11,0,17,0,20,116,0,136,0,26,127,0,153,235,0,235,388
01/05/2021,TKI,TX,ASW,CE,Federal Contract Tower,0,6,22,0,28,0,25,128,0,153,0,31,150,0,181,379,0,379,560
01/06/2021,TKI,TX,ASW,CE,Federal Contract Tower,0,21,25,0,46,0,0,5,0,5,0,21,30,0,51,59,0,59,110
01/07/2021,TKI,TX,ASW,CE,Federal Contract Tower,0,14,29,0,43,0,28,50,0,78,0,42,79,0,121,211,0,211,332
01/08/2021,TKI,TX,ASW,CE,Federal Contract Tower,0,9,22,0,31,0,16,81,0,97,0,25,103,0,128,308,0,308,436
01/09/2021,TKI,TX,ASW,CE,Federal Contract Tower,0,8,15,0,23,0,27,177,0,204,0,35,192,0,227,372,0,372,599
01/10/2021,TKI,TX,ASW,CE,Federal Contract Tower,0,6,3,0,9,0,2,0,0,2,0,8,3,0,11,19,0,19,30
01/11/2021,TKI,TX,ASW,CE,Federal Contract Tower,0,4,15,0,19,0,14,102,0,116,0,18,117,0,135,328,0,328,463
01/12/2021,TKI,TX,ASW,CE,Federal Contract Tower,0,9,30,0,39,0,20,169,0,189,0,29,199,0,228,321,0,321,549
01/13/2021,TKI,TX,ASW,CE,Federal Contract Tower,0,4,23,0,27,0,21,134,0,155,0,25,157,0,182,235,0,235,417
01/14/2021,TKI,TX,ASW,CE,Federal Contract Tower,0,6,36,0,42,0,10,38,0,48,0,16,74,0,90,64,0,64,154
01/15/2021,TKI,TX,ASW,CE,Federal Contract Tower,0,7,9,0,16,0,5,24,0,29,0,12,33,0,45,8,0,8,53
01/16/2021,TKI,TX,ASW,CE,Federal Contract Tower,0,1,16,0,17,0,24,123,0,147,0,25,139,0,164,255,0,255,419
01/17/2021,TKI,TX,ASW,CE,Federal Contract Tower,0,10,15,0,25,0,9,96,0,105,0,19,111,0,130,218,0,218,348
01/18/2021,TKI,TX,ASW,CE,Federal Contract Tower,0,9,26,0,35,0,35,121,0,156,0,44,147,0,191,316,0,316,507
01/19/2021,TKI,TX,ASW,CE,Federal Contract Tower,0,4,17,0,21,0,21,84,0,105,0,25,101,0,126,205,0,205,331
01/20/2021,TKI,TX,ASW,CE,Federal Contract Tower,0,6,23,0,29,0,15,16,0,31,0,21,39,0,60,109,0,109,169
01/21/2021,TKI,TX,ASW,CE,Federal Contract Tower,0,2,37,0,39,0,11,62,0,73,0,13,99,0,112,115,0,115,227
01/22/2021,TKI,TX,ASW,CE,Federal Contract Tower,0,11,39,0,50,0,4,2,0,6,0,15,41,0,56,33,0,33,89
01/23/2021,TKI,TX,ASW,CE,Federal Contract Tower,0,9,34,0,43,0,0,3,0,3,0,9,37,0,46,5,0,5,51
01/24/2021,TKI,TX,ASW,CE,Federal Contract Tower,0,2,17,0,19,0,0,0,0,0,0,2,17,0,19,7,0,7,26
01/25/2021,TKI,TX,ASW,CE,Federal Contract Tower,0,6,19,0,25,0,19,105,0,124,0,25,124,0,149,182,0,182,331
01/26/2021,TKI,TX,ASW,CE,Federal Contract Tower,0,4,26,0,30,0,28,160,18,206,0,32,186,18,236,440,0,440,676
01/27/2021,TKI,TX,ASW,CE,Federal Contract Tower,0,5,19,0,24,0,20,130,0,150,0,25,149,0,174,256,0,256,430
01/28/2021,TKI,TX,ASW,CE,Federal Contract Tower,0,8,23,0,31,0,21,103,10,134,0,29,126,10,165,336,0,336,501
01/29/2021,TKI,TX,ASW,CE,Federal Contract Tower,0,9,27,2,38,0,26,126,8,160,0,35,153,10,198,314,0,314,512
01/30/2021,TKI,TX,ASW,CE,Federal Contract Tower,0,7,7,0,14,0,3,7,0,10,0,10,14,0,24,1,0,1,25
01/31/2021,TKI,TX,ASW,CE,Federal Contract Tower,0,4,24,0,28,0,9,75,0,84,0,13,99,0,112,205,0,205,317
02/01/2021,TKI,TX,ASW,CE,Federal Contract Tower,0,5,18,0,23,0,33,115,0,148,0,38,133,0,171,331,0,331,502
02/02/2021,TKI,TX,ASW,CE,Federal Contract Tower,0,3,15,0,18,0,40,110,0,150,0,43,125,0,168,357,0,357,525
02/03/2021,TKI,TX,ASW,CE,Federal Contract Tower,0,0,21,0,21,0,16,106,0,122,0,16,127,0,143,240,0,240,383
02/04/2021,TKI,TX,ASW,CE,Federal Contract Tower,0,4,17,0,21,0,11,72,0,83,0,15,89,0,104,120,0,120,224
02/05/2021,TKI,TX,ASW,CE,Federal Contract Tower,0,5,19,0,24,0,22,135,2,159,0,27,154,2,183,271,0,271,454
02/06/2021,TKI,TX,ASW,CE,Federal Contract Tower,0,10,29,0,39,0,5,22,0,27,0,15,51,0,66,125,0,125,191
02/07/2021,TKI,TX,ASW,CE,Federal Contract Tower,0,7,21,0,28,0,22,83,0,105,0,29,104,0,133,240,0,240,373
02/08/2021,TKI,TX,ASW,CE,Federal Contract Tower,0,6,34,0,40,0,4,26,0,30,0,10,60,0,70,55,0,55,125
02/09/2021,TKI,TX,ASW,CE,Federal Contract Tower,0,2,37,0,39,0,0,0,0,0,0,2,37,0,39,12,0,12,51
02/10/2021,TKI,TX,ASW,CE,Federal Contract Tower,0,3,10,0,13,0,0,0,0,0,0,3,10,0,13,0,0,0,13
02/11/2021,TKI,TX,ASW,CE,Federal Contract Tower,0,10,12,0,22,0,3,3,0,6,0,13,15,0,28,2,0,2,30
02/12/2021,TKI,TX,ASW,CE,Federal Contract Tower,0,8,22,0,30,0,9,3,0,12,0,17,25,0,42,2,0,2,44
02/13/2021,TKI,TX,ASW,CE,Federal Contract Tower,0,6,3,0,9,0,10,31,0,41,0,16,34,0,50,120,0,120,170
02/14/2021,TKI,TX,ASW,CE,Federal Contract Tower,0,0,0,0,0,0,0,0,0,0,0,0,0,0,0,0,0,0,0
02/15/2021,TKI,TX,ASW,CE,Federal Contract Tower,0,1,1,0,2,0,0,13,0,13,0,1,14,0,15,0,0,0,15
02/16/2021,TKI,TX,ASW,CE,Federal Contract Tower,0,0,4,0,4,0,14,2,0,16,0,14,6,0,20,1,0,1,21
02/17/2021,TKI,TX,ASW,CE,Federal Contract Tower,0,0,3,0,3,0,2,2,0,4,0,2,5,0,7,0,0,0,7
02/18/2021,TKI,TX,ASW,CE,Federal Contract Tower,0,1,5,0,6,0,12,3,0,15,0,13,8,0,21,13,0,13,34
02/19/2021,TKI,TX,ASW,CE,Federal Contract Tower,0,3,14,0,17,0,35,46,0,81,0,38,60,0,98,167,0,167,265
02/20/2021,TKI,TX,ASW,CE,Federal Contract Tower,0,7,19,0,26,0,24,85,0,109,0,31,104,0,135,362,0,362,497
02/21/2021,TKI,TX,ASW,CE,Federal Contract Tower,0,5,14,0,19,0,10,26,0,36,0,15,40,0,55,92,0,92,147
02/22/2021,TKI,TX,ASW,CE,Federal Contract Tower,0,7,14,0,21,0,31,157,0,188,0,38,171,0,209,376,0,376,585
02/23/2021,TKI,TX,ASW,CE,Federal Contract Tower,0,0,20,0,20,0,16,135,0,151,0,16,155,0,171,282,0,282,453
02/24/2021,TKI,TX,ASW,CE,Federal Contract Tower,0,6,28,0,34,0,22,111,0,133,0,28,139,0,167,247,0,247,414
02/25/2021,TKI,TX,ASW,CE,Federal Contract Tower,0,8,37,0,45,0,16,59,0,75,0,24,96,0,120,188,0,188,308
02/26/2021,TKI,TX,ASW,CE,Federal Contract Tower,0,8,33,0,41,0,3,24,0,27,0,11,57,0,68,90,0,90,158
02/27/2021,TKI,TX,ASW,CE,Federal Contract Tower,0,1,8,0,9,0,0,0,0,0,0,1,8,0,9,0,0,0,9
02/28/2021,TKI,TX,ASW,CE,Federal Contract Tower,0,8,21,0,29,0,2,5,0,7,0,10,26,0,36,20,0,20,56
03/01/2021,TKI,TX,ASW,CE,Federal Contract Tower,0,3,25,1,29,0,12,84,0,96,0,15,109,1,125,245,0,245,370
03/02/2021,TKI,TX,ASW,CE,Federal Contract Tower,0,0,27,1,28,0,29,166,0,195,0,29,193,1,223,329,0,329,552
03/03/2021,TKI,TX,ASW,CE,Federal Contract Tower,0,0,37,0,37,0,17,143,0,160,0,17,180,0,197,330,0,330,527
03/04/2021,TKI,TX,ASW,CE,Federal Contract Tower,0,11,20,0,31,0,26,125,0,151,0,37,145,0,182,402,0,402,584
03/05/2021,TKI,TX,ASW,CE,Federal Contract Tower,0,12,39,0,51,0,8,41,0,49,0,20,80,0,100,197,0,197,297
03/06/2021,TKI,TX,ASW,CE,Federal Contract Tower,0,4,13,0,17,0,16,158,0,174,0,20,171,0,191,244,0,244,435
03/07/2021,TKI,TX,ASW,CE,Federal Contract Tower,0,5,24,0,29,0,18,129,0,147,0,23,153,0,176,185,0,185,361
03/08/2021,TKI,TX,ASW,CE,Federal Contract Tower,0,2,27,0,29,0,22,108,0,130,0,24,135,0,159,309,0,309,468
03/09/2021,TKI,TX,ASW,CE,Federal Contract Tower,0,12,36,0,48,0,15,48,0,63,0,27,84,0,111,248,0,248,359
03/10/2021,TKI,TX,ASW,CE,Federal Contract Tower,0,1,24,0,25,0,3,23,0,26,0,4,47,0,51,31,0,31,82
03/11/2021,TKI,TX,ASW,CE,Federal Contract Tower,0,6,36,0,42,0,20,43,1,64,0,26,79,1,106,0,168,168,274
03/12/2021,TKI,TX,ASW,CE,Federal Contract Tower,0,9,26,0,35,0,12,24,0,36,0,21,50,0,71,102,0,102,173
03/13/2021,TKI,TX,ASW,CE,Federal Contract Tower,0,14,24,0,38,0,11,60,0,71,0,25,84,0,109,105,0,105,214
03/14/2021,TKI,TX,ASW,CE,Federal Contract Tower,0,7,20,0,27,0,18,66,0,84,0,25,86,0,111,244,0,244,355
03/15/2021,TKI,TX,ASW,CE,Federal Contract Tower,0,9,21,0,30,0,21,108,0,129,0,30,129,0,159,218,0,218,377
03/16/2021,TKI,TX,ASW,CE,Federal Contract Tower,0,6,27,0,33,0,30,87,0,117,0,36,114,0,150,339,0,339,489
03/17/2021,TKI,TX,ASW,CE,Federal Contract Tower,0,7,6,0,13,0,12,29,0,41,0,19,35,0,54,98,0,98,152
03/18/2021,TKI,TX,ASW,CE,Federal Contract Tower,0,5,21,0,26,0,15,85,0,100,0,20,106,0,126,158,0,158,284
03/19/2021,TKI,TX,ASW,CE,Federal Contract Tower,0,4,32,0,36,0,23,152,4,179,0,27,184,4,215,340,0,340,555
03/20/2021,TKI,TX,ASW,CE,Federal Contract Tower,0,6,28,0,34,0,19,162,0,181,0,25,190,0,215,306,0,306,521
03/21/2021,TKI,TX,ASW,CE,Federal Contract Tower,0,8,32,0,40,0,14,107,0,121,0,22,139,0,161,229,0,229,390
03/22/2021,TKI,TX,ASW,CE,Federal Contract Tower,0,9,20,0,29,0,3,4,0,7,0,12,24,0,36,3,0,3,39
03/23/2021,TKI,TX,ASW,CE,Federal Contract Tower,0,8,15,0,23,0,21,114,0,135,0,29,129,0,158,250,0,250,408
03/24/2021,TKI,TX,ASW,CE,Federal Contract Tower,0,7,21,0,28,0,18,95,0,113,0,25,116,0,141,310,0,310,451
03/25/2021,TKI,TX,ASW,CE,Federal Contract Tower,0,13,28,0,41,0,8,47,0,55,0,21,75,0,96,296,0,296,392
03/26/2021,TKI,TX,ASW,CE,Federal Contract Tower,0,8,35,0,43,0,21,163,0,184,0,29,198,0,227,337,0,337,564
03/27/2021,TKI,TX,ASW,CE,Federal Contract Tower,0,4,24,0,28,0,8,66,0,74,0,12,90,0,102,230,0,230,332
03/28/2021,TKI,TX,ASW,CE,Federal Contract Tower,0,3,36,0,39,0,12,135,0,147,0,15,171,0,186,220,0,220,406
03/29/2021,TKI,TX,ASW,CE,Federal Contract Tower,0,5,20,0,25,0,18,123,0,141,0,23,143,0,166,292,0,292,458
03/30/2021,TKI,TX,ASW,CE,Federal Contract Tower,0,10,30,0,40,0,23,68,0,91,0,33,98,0,131,223,0,223,354
03/31/2021,TKI,TX,ASW,CE,Federal Contract Tower,0,7,20,0,27,0,10,59,0,69,0,17,79,0,96,139,0,139,235
04/01/2021,TKI,TX,ASW,CE,Federal Contract Tower,0,9,22,0,31,0,14,137,0,151,0,23,159,0,182,469,0,469,651
04/02/2021,TKI,TX,ASW,CE,Federal Contract Tower,0,3,20,2,25,0,13,142,0,155,0,16,162,2,180,420,0,420,600
04/03/2021,TKI,TX,ASW,CE,Federal Contract Tower,0,3,13,0,16,0,12,104,0,116,0,15,117,0,132,319,0,319,451
04/04/2021,TKI,TX,ASW,CE,Federal Contract Tower,0,5,13,0,18,0,18,75,0,93,0,23,88,0,111,184,0,184,295
04/05/2021,TKI,TX,ASW,CE,Federal Contract Tower,0,6,20,0,26,0,19,111,0,130,0,25,131,0,156,235,0,235,391
04/06/2021,TKI,TX,ASW,CE,Federal Contract Tower,0,5,22,0,27,0,8,19,0,27,0,13,41,0,54,32,0,32,86
04/07/2021,TKI,TX,ASW,CE,Federal Contract Tower,0,2,23,0,25,0,8,40,0,48,0,10,63,0,73,73,0,73,146
04/08/2021,TKI,TX,ASW,CE,Federal Contract Tower,0,1,21,0,22,0,22,161,0,183,0,23,182,0,205,500,0,500,705
04/09/2021,TKI,TX,ASW,CE,Federal Contract Tower,0,8,30,0,38,0,0,51,0,51,0,8,81,0,89,232,0,232,321
04/10/2021,TKI,TX,ASW,CE,Federal Contract Tower,0,7,15,0,22,0,15,104,0,119,0,22,119,0,141,227,0,227,368
04/11/2021,TKI,TX,ASW,CE,Federal Contract Tower,0,16,20,0,36,0,17,140,0,157,0,33,160,0,193,279,0,279,472
04/12/2021,TKI,TX,ASW,CE,Federal Contract Tower,0,8,22,0,30,0,17,107,0,124,0,25,129,0,154,227,0,227,381
04/13/2021,TKI,TX,ASW,CE,Federal Contract Tower,0,9,18,0,27,0,30,113,0,143,0,39,131,0,170,282,0,282,452
04/14/2021,TKI,TX,ASW,CE,Federal Contract Tower,0,12,34,0,46,0,6,16,0,22,0,18,50,0,68,116,0,116,184
04/15/2021,TKI,TX,ASW,CE,Federal Contract Tower,0,3,27,0,30,0,4,24,0,28,0,7,51,0,58,150,0,150,208
04/16/2021,TKI,TX,ASW,CE,Federal Contract Tower,0,2,17,0,19,0,0,0,0,0,0,2,17,0,19,5,0,5,24
04/17/2021,TKI,TX,ASW,CE,Federal Contract Tower,0,0,32,0,32,0,13,89,0,102,0,13,121,0,134,192,0,192,326
04/18/2021,TKI,TX,ASW,CE,Federal Contract Tower,0,9,27,0,36,0,12,126,0,138,0,21,153,0,174,282,0,282,456
04/19/2021,TKI,TX,ASW,CE,Federal Contract Tower,0,2,16,0,18,0,15,135,0,150,0,17,151,0,168,343,0,343,511
04/20/2021,TKI,TX,ASW,CE,Federal Contract Tower,0,5,12,0,17,0,21,91,0,112,0,26,103,0,129,227,0,227,356
04/21/2021,TKI,TX,ASW,CE,Federal Contract Tower,0,4,28,0,32,0,30,136,0,166,0,34,164,0,198,483,0,483,681
04/22/2021,TKI,TX,ASW,CE,Federal Contract Tower,0,3,42,0,45,0,22,107,0,129,0,25,149,0,174,405,0,405,579
04/23/2021,TKI,TX,ASW,CE,Federal Contract Tower,0,3,17,0,20,0,0,1,0,1,0,3,18,0,21,5,0,5,26
04/24/2021,TKI,TX,ASW,CE,Federal Contract Tower,0,3,34,0,37,0,16,146,0,162,0,19,180,0,199,172,0,172,371
04/25/2021,TKI,TX,ASW,CE,Federal Contract Tower,0,4,22,0,26,0,10,143,0,153,0,14,165,0,179,270,0,270,449
04/26/2021,TKI,TX,ASW,CE,Federal Contract Tower,0,8,23,0,31,0,14,90,0,104,0,22,113,0,135,227,0,227,362
04/27/2021,TKI,TX,ASW,CE,Federal Contract Tower,0,21,43,0,64,0,6,17,0,23,0,27,60,0,87,95,0,95,182
04/28/2021,TKI,TX,ASW,CE,Federal Contract Tower,0,9,21,0,30,0,5,11,0,16,0,14,32,0,46,97,0,97,143
04/29/2021,TKI,TX,ASW,CE,Federal Contract Tower,0,10,32,0,42,0,1,3,0,4,0,11,35,0,46,15,0,15,61
04/30/2021,TKI,TX,ASW,CE,Federal Contract Tower,0,5,32,0,37,0,8,43,0,51,0,13,75,0,88,158,0,158,246
05/01/2021,TKI,TX,ASW,CE,Federal Contract Tower,0,4,26,0,30,0,7,33,0,40,0,11,59,0,70,91,0,91,161
05/02/2021,TKI,TX,ASW,CE,Federal Contract Tower,0,7,28,0,35,0,21,101,0,122,0,28,129,0,157,309,0,309,466
05/03/2021,TKI,TX,ASW,CE,Federal Contract Tower,0,5,34,0,39,0,13,78,0,91,0,18,112,0,130,226,0,226,356
05/04/2021,TKI,TX,ASW,CE,Federal Contract Tower,0,12,30,0,42,0,16,57,0,73,0,28,87,0,115,250,0,250,365
05/06/2021,TKI,TX,ASW,CE,Federal Contract Tower,0,9,43,0,52,0,13,137,0,150,0,22,180,0,202,338,0,338,540
05/07/2021,TKI,TX,ASW,CE,Federal Contract Tower,0,4,12,0,16,0,24,113,0,137,0,28,125,0,153,265,0,265,418
05/08/2021,TKI,TX,ASW,CE,Federal Contract Tower,0,10,19,0,29,0,10,38,0,48,0,20,57,0,77,48,0,48,125
05/09/2021,TKI,TX,ASW,CE,Federal Contract Tower,0,13,24,0,37,0,11,40,0,51,0,24,64,0,88,85,0,85,173
05/10/2021,TKI,TX,ASW,CE,Federal Contract Tower,0,12,44,0,56,0,0,0,0,0,0,12,44,0,56,7,0,7,63
05/11/2021,TKI,TX,ASW,CE,Federal Contract Tower,0,4,32,0,36,0,0,0,0,0,0,4,32,0,36,0,0,0,36
05/12/2021,TKI,TX,ASW,CE,Federal Contract Tower,0,9,52,0,61,0,0,20,0,20,0,9,72,0,81,81,0,81,162
05/13/2021,TKI,TX,ASW,CE,Federal Contract Tower,0,12,42,0,54,0,34,157,0,191,0,46,199,0,245,304,0,304,549
05/14/2021,TKI,TX,ASW,CE,Federal Contract Tower,0,6,29,0,35,0,25,138,0,163,0,31,167,0,198,249,0,249,447
05/15/2021,TKI,TX,ASW,CE,Federal Contract Tower,0,5,24,0,29,0,19,114,0,133,0,24,138,0,162,261,0,261,423
05/16/2021,TKI,TX,ASW,CE,Federal Contract Tower,0,32,35,0,67,0,1,1,0,2,0,33,36,0,69,1,0,1,70
05/17/2021,TKI,TX,ASW,CE,Federal Contract Tower,0,7,12,0,19,0,11,61,0,72,0,18,73,0,91,216,0,216,307
05/18/2021,TKI,TX,ASW,CE,Federal Contract Tower,0,7,15,0,22,0,3,15,0,18,0,10,30,0,40,29,0,29,69
05/19/2021,TKI,TX,ASW,CE,Federal Contract Tower,0,4,23,0,27,0,16,95,2,113,0,20,118,2,140,281,0,281,421
05/20/2021,TKI,TX,ASW,CE,Federal Contract Tower,0,10,38,2,50,0,9,21,0,30,0,19,59,2,80,66,0,66,146
05/21/2021,TKI,TX,ASW,CE,Federal Contract Tower,0,18,42,0,60,0,10,39,0,49,0,28,81,0,109,171,0,171,280
05/22/2021,TKI,TX,ASW,CE,Federal Contract Tower,0,5,51,0,56,0,5,10,0,15,0,10,61,0,71,18,0,18,89
05/23/2021,TKI,TX,ASW,CE,Federal Contract Tower,0,7,38,0,45,0,20,95,0,115,0,27,133,0,160,290,0,290,450
05/24/2021,TKI,TX,ASW,CE,Federal Contract Tower,0,9,28,0,37,0,4,15,0,19,0,13,43,0,56,62,0,62,118
05/25/2021,TKI,TX,ASW,CE,Federal Contract Tower,0,8,29,0,37,0,19,55,0,74,0,27,84,0,111,212,0,212,323
05/26/2021,TKI,TX,ASW,CE,Federal Contract Tower,0,9,57,0,66,0,22,104,2,128,0,31,161,2,194,308,0,308,502
05/27/2021,TKI,TX,ASW,CE,Federal Contract Tower,0,10,30,1,41,0,27,132,3,162,0,37,162,4,203,321,0,321,524
05/28/2021,TKI,TX,ASW,CE,Federal Contract Tower,0,9,29,0,38,0,2,65,0,67,0,11,94,0,105,250,0,250,355
05/29/2021,TKI,TX,ASW,CE,Federal Contract Tower,0,2,31,0,33,0,34,93,0,127,0,36,124,0,160,287,0,287,447
05/30/2021,TKI,TX,ASW,CE,Federal Contract Tower,0,2,30,0,32,0,16,87,0,103,0,18,117,0,135,216,0,216,351
05/31/2021,TKI,TX,ASW,CE,Federal Contract Tower,0,5,24,0,29,0,0,14,0,14,0,5,38,0,43,35,0,35,78
06/01/2021,TKI,TX,ASW,CE,Federal Contract Tower,0,5,36,0,41,0,8,26,0,34,0,13,62,0,75,149,0,149,224
06/02/2021,TKI,TX,ASW,CE,Federal Contract Tower,0,3,29,0,32,0,30,131,0,161,0,33,160,0,193,456,0,456,649
06/03/2021,TKI,TX,ASW,CE,Federal Contract Tower,0,7,20,0,27,0,31,131,0,162,0,38,151,0,189,345,0,345,534
06/04/2021,TKI,TX,ASW,CE,Federal Contract Tower,0,3,21,0,24,0,17,137,0,154,0,20,158,0,178,324,0,324,502
06/05/2021,TKI,TX,ASW,CE,Federal Contract Tower,0,7,8,0,15,0,3,34,0,37,0,10,42,0,52,118,0,118,170
06/06/2021,TKI,TX,ASW,CE,Federal Contract Tower,0,8,31,0,39,0,14,60,0,74,0,22,91,0,113,211,0,211,324
06/07/2021,TKI,TX,ASW,CE,Federal Contract Tower,0,7,24,0,31,0,2,11,0,13,0,9,35,0,44,24,0,24,68
06/08/2021,TKI,TX,ASW,CE,Federal Contract Tower,0,9,31,0,40,0,24,69,0,93,0,33,100,0,133,271,0,271,404
06/09/2021,TKI,TX,ASW,CE,Federal Contract Tower,0,6,46,0,52,0,16,84,0,100,0,22,130,0,152,357,0,357,509
06/10/2021,TKI,TX,ASW,CE,Federal Contract Tower,0,4,47,0,51,0,14,113,0,127,0,18,160,0,178,338,0,338,516
06/11/2021,TKI,TX,ASW,CE,Federal Contract Tower,0,15,37,0,52,0,14,132,0,146,0,29,169,0,198,364,0,364,562
06/12/2021,TKI,TX,ASW,CE,Federal Contract Tower,0,5,22,0,27,0,9,158,0,167,0,14,180,0,194,191,0,191,385
06/13/2021,TKI,TX,ASW,CE,Federal Contract Tower,0,9,20,0,29,0,19,133,0,152,0,28,153,0,181,235,0,235,416
06/14/2021,TKI,TX,ASW,CE,Federal Contract Tower,0,7,33,0,40,0,33,139,0,172,0,40,172,0,212,323,0,323,535
06/15/2021,TKI,TX,ASW,CE,Federal Contract Tower,0,8,24,0,32,0,27,141,0,168,0,35,165,0,200,293,0,293,493
06/16/2021,TKI,TX,ASW,CE,Federal Contract Tower,0,4,34,0,38,0,28,139,0,167,0,32,173,0,205,346,0,346,551
06/17/2021,TKI,TX,ASW,CE,Federal Contract Tower,0,10,31,0,41,0,12,161,0,173,0,22,192,0,214,356,0,356,570
06/18/2021,TKI,TX,ASW,CE,Federal Contract Tower,0,6,34,0,40,0,10,156,0,166,0,16,190,0,206,317,0,317,523
06/19/2021,TKI,TX,ASW,CE,Federal Contract Tower,0,6,16,0,22,0,8,112,0,120,0,14,128,0,142,271,0,271,413
06/20/2021,TKI,TX,ASW,CE,Federal Contract Tower,0,3,21,0,24,0,14,89,0,103,0,17,110,0,127,153,0,153,280
06/21/2021,TKI,TX,ASW,CE,Federal Contract Tower,0,6,29,0,35,0,17,45,0,62,0,23,74,0,97,170,0,170,267
06/22/2021,TKI,TX,ASW,CE,Federal Contract Tower,0,8,18,0,26,0,30,159,0,189,0,38,177,0,215,390,0,390,605
06/23/2021,TKI,TX,ASW,CE,Federal Contract Tower,0,0,42,0,42,0,19,75,0,94,0,19,117,0,136,224,0,224,360
06/24/2021,TKI,TX,ASW,CE,Federal Contract Tower,0,11,47,0,58,0,27,118,0,145,0,38,165,0,203,338,0,338,541
06/25/2021,TKI,TX,ASW,CE,Federal Contract Tower,0,3,29,0,32,0,32,102,0,134,0,35,131,0,166,282,0,282,448
06/26/2021,TKI,TX,ASW,CE,Federal Contract Tower,0,7,12,0,19,0,18,84,0,102,0,25,96,0,121,180,0,180,301
06/27/2021,TKI,TX,ASW,CE,Federal Contract Tower,0,7,26,0,33,0,23,77,0,100,0,30,103,0,133,270,0,270,403
06/28/2021,TKI,TX,ASW,CE,Federal Contract Tower,0,4,28,0,32,0,9,22,0,31,0,13,50,0,63,72,0,72,135
06/29/2021,TKI,TX,ASW,CE,Federal Contract Tower,0,17,43,0,60,0,14,81,0,95,0,31,124,0,155,202,0,202,357
06/30/2021,TKI,TX,ASW,CE,Federal Contract Tower,0,12,38,0,50,0,27,81,2,110,0,39,119,2,160,327,0,327,487
07/01/2021,TKI,TX,ASW,CE,Federal Contract Tower,0,11,28,0,39,0,28,135,0,163,0,39,163,0,202,440,0,440,642
07/02/2021,TKI,TX,ASW,CE,Federal Contract Tower,0,18,31,0,49,0,13,21,0,34,0,31,52,0,83,141,0,141,224
07/03/2021,TKI,TX,ASW,CE,Federal Contract Tower,0,6,23,0,29,0,14,49,0,63,0,20,72,0,92,151,0,151,243
07/04/2021,TKI,TX,ASW,CE,Federal Contract Tower,0,5,15,0,20,0,28,82,0,110,0,33,97,0,130,276,0,276,406
07/05/2021,TKI,TX,ASW,CE,Federal Contract Tower,0,3,28,0,31,0,46,128,0,174,0,49,156,0,205,342,0,342,547
07/06/2021,TKI,TX,ASW,CE,Federal Contract Tower,0,3,22,0,25,0,33,144,0,177,0,36,166,0,202,357,0,357,559
07/07/2021,TKI,TX,ASW,CE,Federal Contract Tower,0,2,18,0,20,0,61,102,0,163,0,63,120,0,183,400,0,400,583
07/08/2021,TKI,TX,ASW,CE,Federal Contract Tower,0,8,28,0,36,0,42,106,0,148,0,50,134,0,184,366,0,366,550
07/09/2021,TKI,TX,ASW,CE,Federal Contract Tower,0,8,43,0,51,0,17,84,0,101,0,25,127,0,152,339,0,339,491
07/10/2021,TKI,TX,ASW,CE,Federal Contract Tower,0,13,41,0,54,0,19,78,0,97,0,32,119,0,151,201,0,201,352
07/11/2021,TKI,TX,ASW,CE,Federal Contract Tower,0,9,12,0,21,0,12,69,0,81,0,21,81,0,102,194,0,194,296
07/12/2021,TKI,TX,ASW,CE,Federal Contract Tower,0,5,15,0,20,0,20,120,0,140,0,25,135,0,160,417,0,417,577
07/13/2021,TKI,TX,ASW,CE,Federal Contract Tower,0,11,18,0,29,0,33,132,0,165,0,44,150,0,194,281,0,281,475
07/14/2021,TKI,TX,ASW,CE,Federal Contract Tower,0,5,32,0,37,0,38,144,0,182,0,43,176,0,219,313,0,313,532
07/15/2021,TKI,TX,ASW,CE,Federal Contract Tower,0,7,40,0,47,0,21,115,0,136,0,28,155,0,183,256,0,256,439
07/16/2021,TKI,TX,ASW,CE,Federal Contract Tower,0,12,40,0,52,0,19,85,0,104,0,31,125,0,156,253,0,253,409
07/17/2021,TKI,TX,ASW,CE,Federal Contract Tower,0,12,32,0,44,0,22,132,0,154,0,34,164,0,198,265,0,265,463
07/18/2021,TKI,TX,ASW,CE,Federal Contract Tower,0,9,12,0,21,0,16,85,0,101,0,25,97,0,122,148,0,148,270
07/19/2021,TKI,TX,ASW,CE,Federal Contract Tower,0,7,14,0,21,0,10,34,0,44,0,17,48,0,65,90,0,90,155
07/20/2021,TKI,TX,ASW,CE,Federal Contract Tower,0,7,20,0,27,0,28,121,0,149,0,35,141,0,176,360,0,360,536
07/21/2021,TKI,TX,ASW,CE,Federal Contract Tower,0,5,20,0,25,0,39,168,0,207,0,44,188,0,232,465,0,465,697
07/23/2021,TKI,TX,ASW,CE,Federal Contract Tower,0,4,30,0,34,0,19,136,0,155,0,23,166,0,189,459,0,459,648
07/24/2021,TKI,TX,ASW,CE,Federal Contract Tower,0,1,25,0,26,0,17,125,0,142,0,18,150,0,168,273,0,273,441
07/25/2021,TKI,TX,ASW,CE,Federal Contract Tower,0,1,28,0,29,0,29,128,0,157,0,30,156,0,186,191,0,191,377
07/26/2021,TKI,TX,ASW,CE,Federal Contract Tower,0,16,21,0,37,0,40,92,0,132,0,56,113,0,169,347,0,347,516
07/27/2021,TKI,TX,ASW,CE,Federal Contract Tower,0,10,27,0,37,0,43,108,0,151,0,53,135,0,188,290,0,290,478
07/28/2021,TKI,TX,ASW,CE,Federal Contract Tower,0,11,24,0,35,0,57,138,0,195,0,68,162,0,230,398,0,398,628
07/29/2021,TKI,TX,ASW,CE,Federal Contract Tower,0,5,26,0,31,0,39,131,0,170,0,44,157,0,201,343,0,343,544
07/30/2021,TKI,TX,ASW,CE,Federal Contract Tower,0,4,31,0,35,0,0,0,0,0,0,4,31,0,35,335,0,335,370
07/31/2021,TKI,TX,ASW,CE,Federal Contract Tower,0,7,9,0,16,0,46,141,0,187,0,53,150,0,203,191,0,191,394
08/01/2021,TKI,TX,ASW,CE,Federal Contract Tower,0,14,32,0,46,0,19,74,0,93,0,33,106,0,139,172,0,172,311
08/02/2021,TKI,TX,ASW,CE,Federal Contract Tower,0,17,36,0,53,0,24,89,0,113,0,41,125,0,166,284,0,284,450
08/03/2021,TKI,TX,ASW,CE,Federal Contract Tower,0,11,19,0,30,0,32,139,0,171,0,43,158,0,201,485,0,485,686
08/04/2021,TKI,TX,ASW,CE,Federal Contract Tower,0,5,25,0,30,0,33,131,0,164,0,38,156,0,194,343,0,343,537
08/05/2021,TKI,TX,ASW,CE,Federal Contract Tower,0,4,34,0,38,0,23,118,0,141,0,27,152,0,179,215,0,215,394
08/06/2021,TKI,TX,ASW,CE,Federal Contract Tower,0,7,34,0,41,0,40,130,0,170,0,47,164,0,211,261,0,261,472
08/07/2021,TKI,TX,ASW,CE,Federal Contract Tower,0,3,32,0,35,0,18,84,0,102,0,21,116,0,137,200,0,200,337
08/08/2021,TKI,TX,ASW,CE,Federal Contract Tower,0,9,29,0,38,0,11,91,0,102,0,20,120,0,140,151,0,151,291
08/09/2021,TKI,TX,ASW,CE,Federal Contract Tower,0,5,35,0,40,0,18,63,0,81,0,23,98,0,121,178,0,178,299
08/10/2021,TKI,TX,ASW,CE,Federal Contract Tower,0,2,19,0,21,0,28,102,4,134,0,30,121,4,155,254,0,254,409
08/11/2021,TKI,TX,ASW,CE,Federal Contract Tower,0,5,24,0,29,0,25,112,2,139,0,30,136,2,168,356,0,356,524
08/12/2021,TKI,TX,ASW,CE,Federal Contract Tower,0,10,27,0,37,0,28,115,0,143,0,38,142,0,180,336,0,336,516
08/13/2021,TKI,TX,ASW,CE,Federal Contract Tower,0,5,25,0,30,0,29,123,0,152,0,34,148,0,182,405,0,405,587
08/14/2021,TKI,TX,ASW,CE,Federal Contract Tower,0,6,17,0,23,0,16,114,0,130,0,22,131,0,153,246,0,246,399
08/15/2021,TKI,TX,ASW,CE,Federal Contract Tower,0,5,19,0,24,0,27,78,0,105,0,32,97,0,129,249,0,249,378
08/16/2021,TKI,TX,ASW,CE,Federal Contract Tower,0,8,21,0,29,0,16,84,0,100,0,24,105,0,129,248,0,248,377
08/17/2021,TKI,TX,ASW,CE,Federal Contract Tower,0,2,25,0,27,0,12,82,0,94,0,14,107,0,121,79,0,79,200
08/18/2021,TKI,TX,ASW,CE,Federal Contract Tower,0,1,30,0,31,0,2,8,0,10,0,3,38,0,41,24,0,24,65
08/19/2021,TKI,TX,ASW,CE,Federal Contract Tower,0,4,29,0,33,0,16,64,0,80,0,20,93,0,113,199,0,199,312
08/20/2021,TKI,TX,ASW,CE,Federal Contract Tower,0,5,37,0,42,0,30,141,0,171,0,35,178,0,213,290,0,290,503
08/21/2021,TKI,TX,ASW,CE,Federal Contract Tower,0,2,21,0,23,0,36,146,0,182,0,38,167,0,205,280,0,280,485
08/22/2021,TKI,TX,ASW,CE,Federal Contract Tower,0,4,33,0,37,0,25,112,0,137,0,29,145,0,174,254,0,254,428
08/23/2021,TKI,TX,ASW,CE,Federal Contract Tower,0,2,22,3,27,0,29,145,0,174,0,31,167,3,201,314,0,314,515
08/24/2021,TKI,TX,ASW,CE,Federal Contract Tower,0,1,32,0,33,0,40,129,0,169,0,41,161,0,202,260,0,260,462
08/25/2021,TKI,TX,ASW,CE,Federal Contract Tower,0,9,19,0,28,0,38,146,0,184,0,47,165,0,212,344,0,344,556
08/26/2021,TKI,TX,ASW,CE,Federal Contract Tower,0,5,29,0,34,0,26,136,0,162,0,31,165,0,196,387,0,387,583
08/27/2021,TKI,TX,ASW,CE,Federal Contract Tower,0,10,30,0,40,0,35,111,0,146,0,45,141,0,186,301,0,301,487
08/28/2021,TKI,TX,ASW,CE,Federal Contract Tower,0,3,27,0,30,0,37,109,0,146,0,40,136,0,176,312,0,312,488
08/29/2021,TKI,TX,ASW,CE,Federal Contract Tower,0,13,48,0,61,0,16,71,0,87,0,29,119,0,148,147,0,147,295
08/30/2021,TKI,TX,ASW,CE,Federal Contract Tower,0,8,13,0,21,0,15,103,0,118,0,23,116,0,139,254,0,254,393
08/31/2021,TKI,TX,ASW,CE,Federal Contract Tower,0,2,26,0,28,0,19,120,0,139,0,21,146,0,167,248,0,248,415
09/01/2021,TKI,TX,ASW,CE,Federal Contract Tower,0,0,31,0,31,0,22,131,0,153,0,22,162,0,184,438,0,438,622
09/02/2021,TKI,TX,ASW,CE,Federal Contract Tower,0,5,30,0,35,0,17,156,0,173,0,22,186,0,208,306,0,306,514
09/03/2021,TKI,TX,ASW,CE,Federal Contract Tower,0,6,34,0,40,0,23,163,0,186,0,29,197,0,226,347,0,347,573
09/04/2021,TKI,TX,ASW,CE,Federal Contract Tower,0,3,21,0,24,0,22,113,0,135,0,25,134,0,159,315,0,315,474
09/05/2021,TKI,TX,ASW,CE,Federal Contract Tower,0,0,21,0,21,0,32,82,0,114,0,32,103,0,135,199,0,199,334
09/06/2021,TKI,TX,ASW,CE,Federal Contract Tower,0,7,36,0,43,0,32,111,0,143,0,39,147,0,186,296,0,296,482
09/07/2021,TKI,TX,ASW,CE,Federal Contract Tower,0,7,31,0,38,0,36,144,2,182,0,43,175,2,220,358,0,358,578
09/08/2021,TKI,TX,ASW,CE,Federal Contract Tower,0,6,20,0,26,0,11,112,0,123,0,17,132,0,149,333,0,333,482
09/09/2021,TKI,TX,ASW,CE,Federal Contract Tower,0,7,34,0,41,0,28,111,0,139,0,35,145,0,180,372,0,372,552
09/10/2021,TKI,TX,ASW,CE,Federal Contract Tower,0,9,31,0,40,0,21,148,0,169,0,30,179,0,209,364,0,364,573
09/11/2021,TKI,TX,ASW,CE,Federal Contract Tower,0,13,25,0,38,0,32,146,0,178,0,45,171,0,216,367,0,367,583
09/12/2021,TKI,TX,ASW,CE,Federal Contract Tower,0,8,24,0,32,0,37,114,0,151,0,45,138,0,183,330,0,330,513
09/13/2021,TKI,TX,ASW,CE,Federal Contract Tower,0,12,30,0,42,0,21,51,0,72,0,33,81,0,114,131,0,131,245
09/14/2021,TKI,TX,ASW,CE,Federal Contract Tower,0,6,27,0,33,0,24,116,0,140,0,30,143,0,173,324,0,324,497
09/15/2021,TKI,TX,ASW,CE,Federal Contract Tower,0,6,16,0,22,0,41,97,0,138,0,47,113,0,160,242,0,242,402
09/16/2021,TKI,TX,ASW,CE,Federal Contract Tower,0,8,33,0,41,0,14,112,0,126,0,22,145,0,167,366,0,366,533
09/17/2021,TKI,TX,ASW,CE,Federal Contract Tower,0,14,44,2,60,0,15,124,0,139,0,29,168,2,199,340,0,340,539
09/18/2021,TKI,TX,ASW,CE,Federal Contract Tower,0,3,18,0,21,0,20,136,0,156,0,23,154,0,177,244,0,244,421
09/19/2021,TKI,TX,ASW,CE,Federal Contract Tower,0,9,40,0,49,0,34,129,0,163,0,43,169,0,212,243,0,243,455
09/20/2021,TKI,TX,ASW,CE,Federal Contract Tower,0,8,29,0,37,0,27,126,0,153,0,35,155,0,190,320,0,320,510
09/21/2021,TKI,TX,ASW,CE,Federal Contract Tower,0,6,32,0,38,0,15,69,0,84,0,21,101,0,122,210,1,211,333
09/22/2021,TKI,TX,ASW,CE,Federal Contract Tower,0,1,41,0,42,0,31,146,0,177,0,32,187,0,219,303,0,303,522
09/23/2021,TKI,TX,ASW,CE,Federal Contract Tower,0,11,27,0,38,0,35,150,0,185,0,46,177,0,223,407,0,407,630
09/24/2021,TKI,TX,ASW,CE,Federal Contract Tower,0,4,27,0,31,0,31,156,0,187,0,35,183,0,218,316,0,316,534
09/25/2021,TKI,TX,ASW,CE,Federal Contract Tower,0,8,14,0,22,0,37,136,0,173,0,45,150,0,195,361,0,361,556
09/26/2021,TKI,TX,ASW,CE,Federal Contract Tower,0,10,19,0,29,0,33,132,0,165,0,43,151,0,194,304,0,304,498
09/27/2021,TKI,TX,ASW,CE,Federal Contract Tower,0,8,23,0,31,0,25,152,0,177,0,33,175,0,208,296,0,296,504
09/28/2021,TKI,TX,ASW,CE,Federal Contract Tower,0,3,26,0,29,0,22,117,0,139,0,25,143,0,168,322,0,322,490
09/29/2021,TKI,TX,ASW,CE,Federal Contract Tower,3,31,0,0,34,0,35,97,0,132,3,66,97,0,166,359,0,359,525
09/30/2021,TKI,TX,ASW,CE,Federal Contract Tower,0,14,51,0,65,0,6,70,0,76,0,20,121,0,141,143,0,143,284
10/02/2021,TKI,TX,ASW,CE,Federal Contract Tower,0,10,26,0,36,0,14,43,0,57,0,24,69,0,93,123,0,123,216
10/03/2021,TKI,TX,ASW,CE,Federal Contract Tower,0,15,24,0,39,0,26,140,0,166,0,41,164,0,205,317,0,317,522
10/04/2021,TKI,TX,ASW,CE,Federal Contract Tower,0,3,27,0,30,0,49,121,0,170,0,52,148,0,200,305,0,305,505
10/05/2021,TKI,TX,ASW,CE,Federal Contract Tower,0,0,27,0,27,0,44,144,0,188,0,44,171,0,215,379,0,379,594
10/06/2021,TKI,TX,ASW,CE,Federal Contract Tower,0,16,38,0,54,0,28,147,0,175,0,44,185,0,229,410,0,410,639
10/07/2021,TKI,TX,ASW,CE,Federal Contract Tower,0,3,22,0,25,0,31,150,0,181,0,34,172,0,206,392,0,392,598
10/08/2021,TKI,TX,ASW,CE,Federal Contract Tower,0,5,33,0,38,0,25,158,0,183,0,30,191,0,221,159,0,159,380
10/09/2021,TKI,TX,ASW,CE,Federal Contract Tower,0,8,21,0,29,0,13,167,0,180,0,21,188,0,209,188,0,188,397
10/10/2021,TKI,TX,ASW,CE,Federal Contract Tower,0,10,37,0,47,0,7,18,0,25,0,17,55,0,72,34,0,34,106
10/11/2021,TKI,TX,ASW,CE,Federal Contract Tower,0,7,19,0,26,0,32,182,0,214,0,39,201,0,240,387,0,387,627
10/12/2021,TKI,TX,ASW,CE,Federal Contract Tower,0,9,35,0,44,0,15,35,2,52,0,24,70,2,96,132,0,132,228
10/13/2021,TKI,TX,ASW,CE,Federal Contract Tower,0,4,29,0,33,0,5,10,0,15,0,9,39,0,48,25,0,25,73
10/14/2021,TKI,TX,ASW,CE,Federal Contract Tower,0,10,42,0,52,0,15,39,0,54,0,25,81,0,106,93,0,93,199
10/15/2021,TKI,TX,ASW,CE,Federal Contract Tower,0,15,69,2,86,0,9,49,0,58,0,24,118,2,144,105,0,105,249
10/16/2021,TKI,TX,ASW,CE,Federal Contract Tower,0,9,23,0,32,0,55,164,0,219,0,64,187,0,251,290,0,290,541
10/17/2021,TKI,TX,ASW,CE,Federal Contract Tower,0,9,37,0,46,0,44,160,0,204,0,53,197,0,250,265,0,265,515
10/18/2021,TKI,TX,ASW,CE,Federal Contract Tower,0,11,28,0,39,0,21,131,0,152,0,32,159,0,191,350,0,350,541
10/19/2021,TKI,TX,ASW,CE,Federal Contract Tower,0,7,30,0,37,0,34,143,0,177,0,41,173,0,214,367,0,367,581
10/20/2021,TKI,TX,ASW,CE,Federal Contract Tower,0,9,52,0,61,0,31,114,0,145,0,40,166,0,206,386,0,386,592
10/21/2021,TKI,TX,ASW,CE,Federal Contract Tower,0,5,29,0,34,0,34,125,0,159,0,39,154,0,193,367,0,367,560
10/22/2021,TKI,TX,ASW,CE,Federal Contract Tower,0,8,29,0,37,0,10,110,0,120,0,18,139,0,157,323,0,323,480
10/23/2021,TKI,TX,ASW,CE,Federal Contract Tower,0,6,41,0,47,0,20,66,0,86,0,26,107,0,133,223,0,223,356
10/24/2021,TKI,TX,ASW,CE,Federal Contract Tower,0,10,55,0,65,0,4,37,0,41,0,14,92,0,106,46,0,46,152
10/25/2021,TKI,TX,ASW,CE,Federal Contract Tower,0,3,44,0,47,0,34,159,0,193,0,37,203,0,240,467,0,467,707
10/26/2021,TKI,TX,ASW,CE,Federal Contract Tower,0,10,36,0,46,0,24,41,0,65,0,34,77,0,111,117,0,117,228
10/27/2021,TKI,TX,ASW,CE,Federal Contract Tower,0,14,27,0,41,0,7,15,0,22,0,21,42,0,63,29,0,29,92
10/28/2021,TKI,TX,ASW,CE,Federal Contract Tower,0,2,20,0,22,0,5,6,0,11,0,7,26,0,33,2,0,2,35
10/29/2021,TKI,TX,ASW,CE,Federal Contract Tower,0,12,21,0,33,0,4,42,0,46,0,16,63,0,79,27,0,27,106
10/30/2021,TKI,TX,ASW,CE,Federal Contract Tower,0,3,31,0,34,0,37,150,0,187,0,40,181,0,221,380,0,380,601
10/31/2021,TKI,TX,ASW,CE,Federal Contract Tower,0,4,25,0,29,0,30,141,0,171,0,34,166,0,200,351,0,351,551
11/01/2021,TKI,TX,ASW,CE,Federal Contract Tower,0,1,27,0,28,0,47,179,0,226,0,48,206,0,254,410,0,410,664
11/02/2021,TKI,TX,ASW,CE,Federal Contract Tower,0,14,49,0,63,0,4,17,0,21,0,18,66,0,84,122,0,122,206
11/03/2021,TKI,TX,ASW,CE,Federal Contract Tower,0,15,37,0,52,0,0,0,0,0,0,15,37,0,52,24,0,24,76
11/04/2021,TKI,TX,ASW,CE,Federal Contract Tower,0,3,28,0,31,0,32,148,0,180,0,35,176,0,211,482,0,482,693
11/05/2021,TKI,TX,ASW,CE,Federal Contract Tower,0,2,26,0,28,0,25,162,0,187,0,27,188,0,215,447,0,447,662
11/06/2021,TKI,TX,ASW,CE,Federal Contract Tower,0,3,15,0,18,0,30,177,0,207,0,33,192,0,225,360,0,360,585
11/07/2021,TKI,TX,ASW,CE,Federal Contract Tower,0,11,28,0,39,0,25,131,0,156,0,36,159,0,195,249,0,249,444
11/08/2021,TKI,TX,ASW,CE,Federal Contract Tower,0,5,27,0,32,0,21,117,0,138,0,26,144,0,170,285,0,285,455
11/09/2021,TKI,TX,ASW,CE,Federal Contract Tower,0,3,30,0,33,0,38,130,0,168,0,41,160,0,201,278,0,278,479
11/10/2021,TKI,TX,ASW,CE,Federal Contract Tower,0,9,63,0,72,0,9,20,0,29,0,18,83,0,101,49,0,49,150
11/11/2021,TKI,TX,ASW,CE,Federal Contract Tower,0,5,29,0,34,0,22,146,0,168,0,27,175,0,202,384,0,384,586
11/12/2021,TKI,TX,ASW,CE,Federal Contract Tower,0,9,43,0,52,0,15,161,0,176,0,24,204,0,228,268,0,268,496
11/13/2021,TKI,TX,ASW,CE,Federal Contract Tower,0,4,21,0,25,0,24,155,0,179,0,28,176,0,204,334,0,334,538
11/14/2021,TKI,TX,ASW,CE,Federal Contract Tower,0,11,18,0,29,0,45,130,0,175,0,56,148,0,204,323,0,323,527
11/15/2021,TKI,TX,ASW,CE,Federal Contract Tower,0,4,21,0,25,0,37,151,0,188,0,41,172,0,213,342,0,342,555
11/16/2021,TKI,TX,ASW,CE,Federal Contract Tower,0,11,48,0,59,0,11,52,1,64,0,22,100,1,123,70,0,70,193
11/17/2021,TKI,TX,ASW,CE,Federal Contract Tower,0,4,41,0,45,0,6,56,1,63,0,10,97,1,108,103,0,103,211
11/18/2021,TKI,TX,ASW,CE,Federal Contract Tower,0,9,37,0,46,0,22,68,0,90,0,31,105,0,136,175,0,175,311
11/19/2021,TKI,TX,ASW,CE,Federal Contract Tower,0,9,36,0,45,0,16,123,0,139,0,25,159,0,184,363,0,363,547
11/20/2021,TKI,TX,ASW,CE,Federal Contract Tower,0,8,29,0,37,0,15,138,0,153,0,23,167,0,190,188,0,188,378
11/21/2021,TKI,TX,ASW,CE,Federal Contract Tower,0,13,45,0,58,0,10,48,0,58,0,23,93,0,116,149,0,149,265
11/22/2021,TKI,TX,ASW,CE,Federal Contract Tower,0,7,20,0,27,0,34,144,0,178,0,41,164,0,205,252,0,252,457
11/23/2021,TKI,TX,ASW,CE,Federal Contract Tower,0,5,32,0,37,0,21,157,0,178,0,26,189,0,215,305,0,305,520
11/24/2021,TKI,TX,ASW,CE,Federal Contract Tower,0,10,29,0,39,0,11,62,0,73,0,21,91,0,112,112,0,112,224
11/25/2021,TKI,TX,ASW,CE,Federal Contract Tower,0,10,12,0,22,0,4,18,0,22,0,14,30,0,44,14,0,14,58
11/26/2021,TKI,TX,ASW,CE,Federal Contract Tower,0,4,22,0,26,0,30,124,0,154,0,34,146,0,180,146,0,146,326
11/27/2021,TKI,TX,ASW,CE,Federal Contract Tower,0,7,35,0,42,0,24,46,0,70,0,31,81,0,112,149,0,149,261
11/28/2021,TKI,TX,ASW,CE,Federal Contract Tower,0,7,35,0,42,0,30,136,0,166,0,37,171,0,208,257,0,257,465
11/29/2021,TKI,TX,ASW,CE,Federal Contract Tower,0,11,46,0,57,0,33,155,0,188,0,44,201,0,245,339,0,339,584
11/30/2021,TKI,TX,ASW,CE,Federal Contract Tower,0,9,34,2,45,0,48,171,0,219,0,57,205,2,264,285,0,285,549
12/01/2021,TKI,TX,ASW,CE,Federal Contract Tower,0,8,30,0,38,0,21,129,0,150,0,29,159,0,188,295,0,295,483
12/02/2021,TKI,TX,ASW,CE,Federal Contract Tower,0,2,27,0,29,0,26,113,2,141,0,28,140,2,170,278,0,278,448
12/03/2021,TKI,TX,ASW,CE,Federal Contract Tower,0,11,53,0,64,0,14,42,0,56,0,25,95,0,120,96,0,96,216
12/04/2021,TKI,TX,ASW,CE,Federal Contract Tower,0,17,49,0,66,0,13,16,0,29,0,30,65,0,95,40,0,40,135
12/05/2021,TKI,TX,ASW,CE,Federal Contract Tower,0,13,41,2,56,0,15,40,1,56,0,28,81,3,112,111,6,117,229
12/06/2021,TKI,TX,ASW,CE,Federal Contract Tower,0,13,21,0,34,0,10,59,0,69,0,23,80,0,103,124,0,124,227
12/07/2021,TKI,TX,ASW,CE,Federal Contract Tower,0,10,39,0,49,0,31,153,0,184,0,41,192,0,233,272,0,272,505
12/08/2021,TKI,TX,ASW,CE,Federal Contract Tower,0,15,40,0,55,0,1,28,0,29,0,16,68,0,84,98,0,98,182
12/09/2021,TKI,TX,ASW,CE,Federal Contract Tower,0,13,41,0,54,0,21,100,0,121,0,34,141,0,175,242,0,242,417
12/10/2021,TKI,TX,ASW,CE,Federal Contract Tower,0,6,58,0,64,0,12,56,0,68,0,18,114,0,132,125,0,125,257
12/11/2021,TKI,TX,ASW,CE,Federal Contract Tower,0,6,21,0,27,0,13,122,0,135,0,19,143,0,162,295,0,295,457
12/12/2021,TKI,TX,ASW,CE,Federal Contract Tower,0,5,26,0,31,0,24,170,0,194,0,29,196,0,225,265,0,265,490
12/13/2021,TKI,TX,ASW,CE,Federal Contract Tower,0,5,41,0,46,0,20,157,0,177,0,25,198,0,223,342,0,342,565
12/14/2021,TKI,TX,ASW,CE,Federal Contract Tower,0,17,52,0,69,0,3,0,0,3,0,20,52,0,72,15,0,15,87
12/15/2021,TKI,TX,ASW,CE,Federal Contract Tower,0,8,32,0,40,0,9,31,0,40,0,17,63,0,80,58,0,58,138
12/16/2021,TKI,TX,ASW,CE,Federal Contract Tower,0,10,62,0,72,0,15,66,0,81,0,25,128,0,153,258,0,258,411
12/17/2021,TKI,TX,ASW,CE,Federal Contract Tower,0,7,41,0,48,0,14,57,4,75,0,21,98,4,123,76,0,76,199
12/18/2021,TKI,TX,ASW,CE,Federal Contract Tower,0,4,20,0,24,0,4,41,0,45,0,8,61,0,69,73,0,73,142
12/19/2021,TKI,TX,ASW,CE,Federal Contract Tower,0,6,33,0,39,0,30,108,0,138,0,36,141,0,177,307,0,307,484
12/20/2021,TKI,TX,ASW,CE,Federal Contract Tower,0,9,37,0,46,0,27,52,0,79,0,36,89,0,125,197,0,197,322
12/21/2021,TKI,TX,ASW,CE,Federal Contract Tower,0,6,34,0,40,0,36,184,0,220,0,42,218,0,260,300,0,300,560
12/22/2021,TKI,TX,ASW,CE,Federal Contract Tower,0,4,33,0,37,0,24,162,0,186,0,28,195,0,223,277,0,277,500
12/23/2021,TKI,TX,ASW,CE,Federal Contract Tower,0,6,31,0,37,0,19,82,0,101,0,25,113,0,138,145,0,145,283
12/24/2021,TKI,TX,ASW,CE,Federal Contract Tower,0,5,16,0,21,0,6,29,0,35,0,11,45,0,56,30,0,30,86
12/25/2021,TKI,TX,ASW,CE,Federal Contract Tower,0,3,5,0,8,0,4,37,0,41,0,7,42,0,49,11,0,11,60
12/26/2021,TKI,TX,ASW,CE,Federal Contract Tower,0,11,11,0,22,0,7,36,0,43,0,18,47,0,65,20,0,20,85
12/27/2021,TKI,TX,ASW,CE,Federal Contract Tower,0,11,37,0,48,0,26,101,0,127,0,37,138,0,175,195,0,195,370
12/28/2021,TKI,TX,ASW,CE,Federal Contract Tower,0,10,28,0,38,0,24,87,0,111,0,34,115,0,149,163,0,163,312
12/29/2021,TKI,TX,ASW,CE,Federal Contract Tower,0,4,30,0,34,0,10,59,0,69,0,14,89,0,103,108,0,108,211
12/30/2021,TKI,TX,ASW,CE,Federal Contract Tower,0,12,33,0,45,0,17,117,0,134,0,29,150,0,179,380,0,380,559
12/31/2021,TKI,TX,ASW,CE,Federal Contract Tower,0,4,30,0,34,0,0,5,0,5,0,4,35,0,39,6,0,6,45
01/01/2022,TKI,TX,ASW,CE,Federal Contract Tower,0,12,13,0,25,0,2,11,0,13,0,14,24,0,38,1,0,1,39
01/02/2022,TKI,TX,ASW,CE,Federal Contract Tower,0,8,17,0,25,0,4,63,0,67,0,12,80,0,92,55,0,55,147
01/03/2022,TKI,TX,ASW,CE,Federal Contract Tower,0,8,27,0,35,0,27,124,0,151,0,35,151,0,186,230,0,230,416
01/04/2022,TKI,TX,ASW,CE,Federal Contract Tower,0,13,17,0,30,0,27,97,0,124,0,40,114,0,154,134,0,134,288
01/05/2022,TKI,TX,ASW,CE,Federal Contract Tower,0,8,25,0,33,0,33,115,0,148,0,41,140,0,181,343,0,343,524
01/06/2022,TKI,TX,ASW,CE,Federal Contract Tower,0,4,25,0,29,0,17,80,0,97,0,21,105,0,126,166,0,166,292
01/07/2022,TKI,TX,ASW,CE,Federal Contract Tower,0,3,34,0,37,0,21,97,0,118,0,24,131,0,155,246,0,246,401
01/08/2022,TKI,TX,ASW,CE,Federal Contract Tower,0,4,17,0,21,0,0,0,0,0,0,4,17,0,21,0,0,0,21
01/09/2022,TKI,TX,ASW,CE,Federal Contract Tower,0,8,34,0,42,0,4,44,0,48,0,12,78,0,90,75,0,75,165
01/10/2022,TKI,TX,ASW,CE,Federal Contract Tower,0,0,23,0,23,0,28,123,0,151,0,28,146,0,174,245,0,245,419
01/11/2022,TKI,TX,ASW,CE,Federal Contract Tower,0,1,22,0,23,0,32,151,0,183,0,33,173,0,206,334,0,334,540
01/12/2022,TKI,TX,ASW,CE,Federal Contract Tower,0,3,22,0,25,0,17,61,0,78,0,20,83,0,103,230,0,230,333
01/13/2022,TKI,TX,ASW,CE,Federal Contract Tower,0,2,31,0,33,0,24,110,0,134,0,26,141,0,167,303,0,303,470
01/14/2022,TKI,TX,ASW,CE,Federal Contract Tower,0,8,33,0,41,0,22,113,0,135,0,30,146,0,176,311,0,311,487
01/15/2022,TKI,TX,ASW,CE,Federal Contract Tower,0,3,11,0,14,0,7,3,0,10,0,10,14,0,24,1,0,1,25
01/16/2022,TKI,TX,ASW,CE,Federal Contract Tower,0,7,17,0,24,0,41,130,0,171,0,48,147,0,195,360,0,360,555
01/17/2022,TKI,TX,ASW,CE,Federal Contract Tower,0,1,25,0,26,0,33,167,0,200,0,34,192,0,226,407,0,407,633
01/18/2022,TKI,TX,ASW,CE,Federal Contract Tower,0,4,32,0,36,0,12,86,0,98,0,16,118,0,134,143,0,143,277
01/19/2022,TKI,TX,ASW,CE,Federal Contract Tower,0,4,35,0,39,0,10,60,0,70,0,14,95,0,109,244,0,244,353
01/20/2022,TKI,TX,ASW,CE,Federal Contract Tower,0,10,23,0,33,0,15,86,0,101,0,25,109,0,134,242,0,242,376
01/21/2022,TKI,TX,ASW,CE,Federal Contract Tower,0,8,24,0,32,0,42,103,0,145,0,50,127,0,177,408,0,408,585
01/22/2022,TKI,TX,ASW,CE,Federal Contract Tower,0,2,17,0,19,0,27,135,0,162,0,29,152,0,181,365,0,365,546
01/23/2022,TKI,TX,ASW,CE,Federal Contract Tower,0,3,25,0,28,0,25,144,0,169,0,28,169,0,197,346,0,346,543
01/24/2022,TKI,TX,ASW,CE,Federal Contract Tower,0,8,27,0,35,0,24,126,0,150,0,32,153,0,185,322,0,322,507
01/25/2022,TKI,TX,ASW,CE,Federal Contract Tower,0,4,38,0,42,0,24,129,0,153,0,28,167,0,195,358,0,358,553
01/26/2022,TKI,TX,ASW,CE,Federal Contract Tower,0,2,16,0,18,0,24,113,0,137,0,26,129,0,155,326,0,326,481
01/27/2022,TKI,TX,ASW,CE,Federal Contract Tower,0,6,38,0,44,0,32,93,0,125,0,38,131,0,169,351,0,351,520
01/28/2022,TKI,TX,ASW,CE,Federal Contract Tower,0,7,42,0,49,0,16,112,0,128,0,23,154,0,177,267,0,267,444
01/29/2022,TKI,TX,ASW,CE,Federal Contract Tower,0,5,27,0,32,0,31,138,0,169,0,36,165,0,201,258,0,258,459
01/30/2022,TKI,TX,ASW,CE,Federal Contract Tower,0,6,42,0,48,0,36,117,0,153,0,42,159,0,201,265,0,265,466
01/31/2022,TKI,TX,ASW,CE,Federal Contract Tower,0,8,54,0,62,0,30,92,2,124,0,38,146,2,186,205,0,205,391
02/01/2022,TKI,TX,ASW,CE,Federal Contract Tower,0,9,40,0,49,0,13,91,0,104,0,22,131,0,153,248,0,248,401
02/02/2022,TKI,TX,ASW,CE,Federal Contract Tower,0,0,20,0,20,0,0,0,0,0,0,0,20,0,20,1,0,1,21
02/03/2022,TKI,TX,ASW,CE,Federal Contract Tower,0,0,0,0,0,0,2,0,0,2,0,2,0,0,2,0,0,0,2
02/04/2022,TKI,TX,ASW,CE,Federal Contract Tower,0,3,8,0,11,0,10,10,0,20,0,13,18,0,31,5,0,5,36
02/05/2022,TKI,TX,ASW,CE,Federal Contract Tower,0,5,16,0,21,0,28,71,0,99,0,33,87,0,120,301,0,301,421
02/06/2022,TKI,TX,ASW,CE,Federal Contract Tower,0,10,23,0,33,0,26,99,0,125,0,36,122,0,158,330,0,330,488
02/07/2022,TKI,TX,ASW,CE,Federal Contract Tower,0,3,27,0,30,0,27,98,0,125,0,30,125,0,155,292,0,292,447
02/08/2022,TKI,TX,ASW,CE,Federal Contract Tower,0,1,29,0,30,0,15,123,0,138,0,16,152,0,168,296,0,296,464
02/09/2022,TKI,TX,ASW,CE,Federal Contract Tower,0,2,39,0,41,0,24,159,0,183,0,26,198,0,224,401,0,401,625
02/10/2022,TKI,TX,ASW,CE,Federal Contract Tower,0,4,45,0,49,0,33,131,0,164,0,37,176,0,213,301,0,301,514
02/11/2022,TKI,TX,ASW,CE,Federal Contract Tower,0,14,30,0,44,0,31,146,0,177,0,45,176,0,221,300,0,300,521
02/12/2022,TKI,TX,ASW,CE,Federal Contract Tower,0,6,13,1,20,0,7,38,0,45,0,13,51,1,65,105,0,105,170
02/13/2022,TKI,TX,ASW,CE,Federal Contract Tower,0,5,14,0,19,0,25,105,1,131,0,30,119,1,150,258,0,258,408
02/14/2022,TKI,TX,ASW,CE,Federal Contract Tower,0,4,30,0,34,0,23,101,0,124,0,27,131,0,158,311,0,311,469
02/15/2022,TKI,TX,ASW,CE,Federal Contract Tower,0,7,19,0,26,0,5,85,0,90,0,12,104,0,116,97,0,97,213
02/16/2022,TKI,TX,ASW,CE,Federal Contract Tower,0,10,41,0,51,0,2,8,0,10,0,12,49,0,61,2,0,2,63
02/17/2022,TKI,TX,ASW,CE,Federal Contract Tower,0,10,24,0,34,0,4,13,0,17,0,14,37,0,51,21,0,21,72
02/18/2022,TKI,TX,ASW,CE,Federal Contract Tower,0,10,47,0,57,0,32,184,0,216,0,42,231,0,273,520,0,520,793
02/19/2022,TKI,TX,ASW,CE,Federal Contract Tower,0,9,20,0,29,0,38,149,0,187,0,47,169,0,216,428,0,428,644
02/20/2022,TKI,TX,ASW,CE,Federal Contract Tower,0,11,30,0,41,0,27,145,0,172,0,38,175,0,213,312,0,312,525
02/21/2022,TKI,TX,ASW,CE,Federal Contract Tower,0,7,23,0,30,0,19,35,0,54,0,26,58,0,84,189,0,189,273
02/22/2022,TKI,TX,ASW,CE,Federal Contract Tower,0,7,26,0,33,0,15,72,0,87,0,22,98,0,120,284,0,284,404
02/23/2022,TKI,TX,ASW,CE,Federal Contract Tower,0,3,4,0,7,0,0,0,0,0,0,3,4,0,7,0,0,0,7
02/24/2022,TKI,TX,ASW,CE,Federal Contract Tower,0,9,10,0,19,0,0,0,0,0,0,9,10,0,19,0,0,0,19
02/25/2022,TKI,TX,ASW,CE,Federal Contract Tower,0,11,20,0,31,0,41,84,0,125,0,52,104,0,156,409,0,409,565
02/26/2022,TKI,TX,ASW,CE,Federal Contract Tower,0,5,5,0,10,0,6,4,0,10,0,11,9,0,20,51,0,51,71
02/27/2022,TKI,TX,ASW,CE,Federal Contract Tower,0,9,33,0,42,0,48,134,0,182,0,57,167,0,224,381,0,381,605
02/28/2022,TKI,TX,ASW,CE,Federal Contract Tower,0,7,25,0,32,0,37,151,0,188,0,44,176,0,220,396,0,396,616
03/01/2022,TKI,TX,ASW,CE,Federal Contract Tower,0,6,16,0,22,0,31,140,0,171,0,37,156,0,193,333,0,333,526
03/02/2022,TKI,TX,ASW,CE,Federal Contract Tower,0,2,38,0,40,0,39,106,0,145,0,41,144,0,185,373,0,373,558
03/03/2022,TKI,TX,ASW,CE,Federal Contract Tower,0,10,52,0,62,0,13,162,0,175,0,23,214,0,237,335,0,335,572
03/04/2022,TKI,TX,ASW,CE,Federal Contract Tower,0,15,67,0,82,0,7,72,0,79,0,22,139,0,161,215,0,215,376
03/05/2022,TKI,TX,ASW,CE,Federal Contract Tower,0,12,45,0,57,0,7,35,0,42,0,19,80,0,99,36,0,36,135
03/06/2022,TKI,TX,ASW,CE,Federal Contract Tower,0,6,36,2,44,0,2,19,0,21,0,8,55,2,65,35,4,39,104
03/07/2022,TKI,TX,ASW,CE,Federal Contract Tower,0,4,33,0,37,0,23,106,0,129,0,27,139,0,166,305,0,305,471
03/08/2022,TKI,TX,ASW,CE,Federal Contract Tower,0,10,38,0,48,0,16,73,0,89,0,26,111,0,137,395,0,395,532
03/09/2022,TKI,TX,ASW,CE,Federal Contract Tower,0,3,48,2,53,0,13,153,0,166,0,16,201,2,219,413,0,413,632
03/10/2022,TKI,TX,ASW,CE,Federal Contract Tower,0,14,30,0,44,0,18,135,0,153,0,32,165,0,197,396,0,396,593
03/11/2022,TKI,TX,ASW,CE,Federal Contract Tower,0,9,16,0,25,0,2,10,0,12,0,11,26,0,37,13,0,13,50
03/12/2022,TKI,TX,ASW,CE,Federal Contract Tower,0,6,31,0,37,0,13,130,0,143,0,19,161,0,180,206,0,206,386
03/13/2022,TKI,TX,ASW,CE,Federal Contract Tower,0,3,25,0,28,0,22,93,0,115,0,25,118,0,143,134,0,134,277
03/14/2022,TKI,TX,ASW,CE,Federal Contract Tower,0,5,37,0,42,0,14,17,0,31,0,19,54,0,73,62,0,62,135
03/15/2022,TKI,TX,ASW,CE,Federal Contract Tower,0,8,51,0,59,0,12,133,0,145,0,20,184,0,204,358,0,358,562
03/16/2022,TKI,TX,ASW,CE,Federal Contract Tower,0,6,35,0,41,0,22,166,0,188,0,28,201,0,229,447,0,447,676
03/17/2022,TKI,TX,ASW,CE,Federal Contract Tower,0,11,38,0,49,0,11,58,0,69,0,22,96,0,118,121,0,121,239
03/18/2022,TKI,TX,ASW,CE,Federal Contract Tower,0,7,28,0,35,0,15,43,0,58,0,22,71,0,93,80,0,80,173
03/19/2022,TKI,TX,ASW,CE,Federal Contract Tower,0,6,22,0,28,0,21,195,0,216,0,27,217,0,244,317,0,317,561
03/20/2022,TKI,TX,ASW,CE,Federal Contract Tower,0,10,24,0,34,0,15,98,5,118,0,25,122,5,152,266,0,266,418
03/21/2022,TKI,TX,ASW,CE,Federal Contract Tower,0,2,16,0,18,0,0,0,0,0,0,2,16,0,18,0,0,0,18
03/22/2022,TKI,TX,ASW,CE,Federal Contract Tower,0,14,30,0,44,0,8,24,7,39,0,22,54,7,83,114,0,114,197
03/23/2022,TKI,TX,ASW,CE,Federal Contract Tower,0,5,21,0,26,0,9,76,0,85,0,14,97,0,111,114,0,114,225
03/24/2022,TKI,TX,ASW,CE,Federal Contract Tower,0,15,44,0,59,0,14,149,0,163,0,29,193,0,222,258,0,258,480
03/25/2022,TKI,TX,ASW,CE,Federal Contract Tower,0,3,32,0,35,0,23,182,0,205,0,26,214,0,240,428,0,428,668
03/26/2022,TKI,TX,ASW,CE,Federal Contract Tower,0,5,20,0,25,0,19,125,0,144,0,24,145,0,169,360,0,360,529
03/27/2022,TKI,TX,ASW,CE,Federal Contract Tower,0,6,42,0,48,0,23,122,0,145,0,29,164,0,193,279,0,279,472
03/28/2022,TKI,TX,ASW,CE,Federal Contract Tower,0,3,24,2,29,0,11,85,0,96,0,14,109,2,125,214,0,214,339
03/29/2022,TKI,TX,ASW,CE,Federal Contract Tower,0,14,38,1,53,0,7,30,3,40,0,21,68,4,93,118,14,132,225
03/30/2022,TKI,TX,ASW,CE,Federal Contract Tower,0,3,26,0,29,0,8,44,0,52,0,11,70,0,81,51,0,51,132
03/31/2022,TKI,TX,ASW,CE,Federal Contract Tower,0,8,40,0,48,0,34,129,2,165,0,42,169,2,213,226,0,226,439
04/01/2022,TKI,TX,ASW,CE,Federal Contract Tower,0,15,33,0,48,0,19,173,0,192,0,34,206,0,240,216,0,216,456
04/02/2022,TKI,TX,ASW,CE,Federal Contract Tower,0,2,26,0,28,0,12,251,0,263,0,14,277,0,291,175,0,175,466
04/03/2022,TKI,TX,ASW,CE,Federal Contract Tower,0,15,30,0,45,0,7,114,0,121,0,22,144,0,166,185,0,185,351
04/04/2022,TKI,TX,ASW,CE,Federal Contract Tower,0,3,51,0,54,0,2,30,0,32,0,5,81,0,86,162,0,162,248
04/05/2022,TKI,TX,ASW,CE,Federal Contract Tower,0,4,42,0,46,0,23,131,0,154,0,27,173,0,200,308,0,308,508
04/06/2022,TKI,TX,ASW,CE,Federal Contract Tower,0,5,27,0,32,0,15,63,0,78,0,20,90,0,110,107,0,107,217
04/07/2022,TKI,TX,ASW,CE,Federal Contract Tower,0,7,29,1,37,0,6,53,2,61,0,13,82,3,98,47,1,48,146
04/08/2022,TKI,TX,ASW,CE,Federal Contract Tower,0,8,35,0,43,0,6,90,3,99,0,14,125,3,142,103,0,103,245
04/09/2022,TKI,TX,ASW,CE,Federal Contract Tower,0,7,29,0,36,0,12,128,0,140,0,19,157,0,176,243,0,243,419
04/10/2022,TKI,TX,ASW,CE,Federal Contract Tower,0,13,41,0,54,0,6,31,0,37,0,19,72,0,91,29,0,29,120
04/11/2022,TKI,TX,ASW,CE,Federal Contract Tower,0,18,44,0,62,0,2,58,0,60,0,20,102,0,122,219,0,219,341
04/12/2022,TKI,TX,ASW,CE,Federal Contract Tower,0,8,55,0,63,0,5,14,0,19,0,13,69,0,82,119,0,119,201
04/13/2022,TKI,TX,ASW,CE,Federal Contract Tower,0,8,28,0,36,0,5,30,0,35,0,13,58,0,71,101,0,101,172
04/14/2022,TKI,TX,ASW,CE,Federal Contract Tower,0,11,37,0,48,0,35,187,0,222,0,46,224,0,270,413,0,413,683
04/15/2022,TKI,TX,ASW,CE,Federal Contract Tower,0,12,62,0,74,0,15,81,0,96,0,27,143,0,170,306,0,306,476
04/16/2022,TKI,TX,ASW,CE,Federal Contract Tower,0,4,46,0,50,0,13,10,0,23,0,17,56,0,73,98,0,98,171
04/17/2022,TKI,TX,ASW,CE,Federal Contract Tower,0,12,24,0,36,0,2,36,0,38,0,14,60,0,74,76,0,76,150
04/18/2022,TKI,TX,ASW,CE,Federal Contract Tower,0,10,43,0,53,0,12,119,0,131,0,22,162,0,184,395,0,395,579
04/19/2022,TKI,TX,ASW,CE,Federal Contract Tower,0,2,29,2,33,0,12,107,0,119,0,14,136,2,152,307,0,307,459
04/20/2022,TKI,TX,ASW,CE,Federal Contract Tower,0,9,35,0,44,0,4,24,0,28,0,13,59,0,72,51,0,51,123
04/21/2022,TKI,TX,ASW,CE,Federal Contract Tower,0,12,68,0,80,0,19,44,0,63,0,31,112,0,143,163,0,163,306
04/22/2022,TKI,TX,ASW,CE,Federal Contract Tower,0,6,38,0,44,0,25,56,0,81,0,31,94,0,125,82,0,82,207
04/23/2022,TKI,TX,ASW,CE,Federal Contract Tower,0,6,26,0,32,0,10,35,0,45,0,16,61,0,77,85,0,85,162
04/24/2022,TKI,TX,ASW,CE,Federal Contract Tower,0,7,36,0,43,0,5,17,0,22,0,12,53,0,65,74,0,74,139
04/25/2022,TKI,TX,ASW,CE,Federal Contract Tower,0,2,23,0,25,0,21,83,0,104,0,23,106,0,129,284,0,284,413
04/26/2022,TKI,TX,ASW,CE,Federal Contract Tower,0,5,28,0,33,0,30,183,0,213,0,35,211,0,246,603,0,603,849
04/27/2022,TKI,TX,ASW,CE,Federal Contract Tower,0,6,40,0,46,0,20,153,0,173,0,26,193,0,219,426,0,426,645
04/28/2022,TKI,TX,ASW,CE,Federal Contract Tower,0,7,42,0,49,0,26,107,0,133,0,33,149,0,182,276,0,276,458
04/29/2022,TKI,TX,ASW,CE,Federal Contract Tower,0,5,43,0,48,0,12,44,0,56,0,17,87,0,104,144,0,144,248
04/30/2022,TKI,TX,ASW,CE,Federal Contract Tower,0,7,33,0,40,0,23,119,0,142,0,30,152,0,182,344,0,344,526
05/01/2022,TKI,TX,ASW,CE,Federal Contract Tower,0,3,30,0,33,0,8,112,0,120,0,11,142,0,153,274,0,274,427
05/02/2022,TKI,TX,ASW,CE,Federal Contract Tower,0,13,28,0,41,0,11,55,0,66,0,24,83,0,107,125,0,125,232
05/03/2022,TKI,TX,ASW,CE,Federal Contract Tower,0,10,60,0,70,0,1,11,0,12,0,11,71,0,82,36,0,36,118
05/04/2022,TKI,TX,ASW,CE,Federal Contract Tower,0,3,27,0,30,0,8,36,0,44,0,11,63,0,74,18,0,18,92
05/05/2022,TKI,TX,ASW,CE,Federal Contract Tower,0,5,37,0,42,0,3,25,0,28,0,8,62,0,70,33,0,33,103
05/06/2022,TKI,TX,ASW,CE,Federal Contract Tower,0,2,34,0,36,0,30,143,0,173,0,32,177,0,209,329,0,329,538
05/07/2022,TKI,TX,ASW,CE,Federal Contract Tower,0,14,41,0,55,0,12,68,0,80,0,26,109,0,135,184,0,184,319
05/08/2022,TKI,TX,ASW,CE,Federal Contract Tower,0,9,25,0,34,0,7,68,0,75,0,16,93,0,109,86,0,86,195
05/09/2022,TKI,TX,ASW,CE,Federal Contract Tower,0,16,35,0,51,0,10,63,0,73,0,26,98,0,124,204,0,204,328
05/10/2022,TKI,TX,ASW,CE,Federal Contract Tower,0,9,43,0,52,0,21,100,0,121,0,30,143,0,173,279,0,279,452
05/11/2022,TKI,TX,ASW,CE,Federal Contract Tower,0,6,38,0,44,0,47,114,0,161,0,53,152,0,205,272,0,272,477
05/12/2022,TKI,TX,ASW,CE,Federal Contract Tower,0,6,53,0,59,0,12,168,0,180,0,18,221,0,239,293,0,293,532
05/13/2022,TKI,TX,ASW,CE,Federal Contract Tower,0,7,34,0,41,0,21,152,1,174,0,28,186,1,215,386,0,386,601
05/14/2022,TKI,TX,ASW,CE,Federal Contract Tower,0,7,28,0,35,0,23,113,0,136,0,30,141,0,171,214,0,214,385
05/15/2022,TKI,TX,ASW,CE,Federal Contract Tower,0,13,31,0,44,0,22,100,0,122,0,35,131,0,166,235,0,235,401
05/16/2022,TKI,TX,ASW,CE,Federal Contract Tower,0,12,39,0,51,0,22,129,4,155,0,34,168,4,206,312,0,312,518
05/17/2022,TKI,TX,ASW,CE,Federal Contract Tower,0,9,14,0,23,0,26,135,0,161,0,35,149,0,184,380,0,380,564
05/18/2022,TKI,TX,ASW,CE,Federal Contract Tower,0,5,21,0,26,0,34,97,0,131,0,39,118,0,157,232,0,232,389
05/19/2022,TKI,TX,ASW,CE,Federal Contract Tower,0,6,27,0,33,0,7,94,0,101,0,13,121,0,134,145,0,145,279
05/20/2022,TKI,TX,ASW,CE,Federal Contract Tower,0,6,50,0,56,0,5,58,0,63,0,11,108,0,119,89,0,89,208
05/21/2022,TKI,TX,ASW,CE,Federal Contract Tower,0,13,28,0,41,0,7,41,0,48,0,20,69,0,89,202,0,202,291
05/22/2022,TKI,TX,ASW,CE,Federal Contract Tower,0,16,51,0,67,0,3,63,0,66,0,19,114,0,133,325,0,325,458
05/23/2022,TKI,TX,ASW,CE,Federal Contract Tower,0,9,51,0,60,0,8,30,0,38,0,17,81,0,98,134,0,134,232
05/24/2022,TKI,TX,ASW,CE,Federal Contract Tower,0,0,22,0,22,0,2,17,0,19,0,2,39,0,41,9,0,9,50
05/25/2022,TKI,TX,ASW,CE,Federal Contract Tower,0,9,41,0,50,0,6,43,0,49,0,15,84,0,99,55,0,55,154
05/26/2022,TKI,TX,ASW,CE,Federal Contract Tower,0,4,28,0,32,0,34,154,0,188,0,38,182,0,220,292,0,292,512
05/27/2022,TKI,TX,ASW,CE,Federal Contract Tower,0,7,25,0,32,0,36,212,0,248,0,43,237,0,280,505,0,505,785
05/28/2022,TKI,TX,ASW,CE,Federal Contract Tower,0,2,18,0,20,0,25,113,0,138,0,27,131,0,158,282,0,282,440
05/29/2022,TKI,TX,ASW,CE,Federal Contract Tower,0,5,17,0,22,0,13,53,0,66,0,18,70,0,88,67,0,67,155
05/30/2022,TKI,TX,ASW,CE,Federal Contract Tower,0,1,26,0,27,0,3,48,0,51,0,4,74,0,78,112,0,112,190
05/31/2022,TKI,TX,ASW,CE,Federal Contract Tower,0,1,38,0,39,0,8,83,0,91,0,9,121,0,130,266,0,266,396
06/01/2022,TKI,TX,ASW,CE,Federal Contract Tower,0,3,30,0,33,0,15,73,0,88,0,18,103,0,121,186,0,186,307
06/02/2022,TKI,TX,ASW,CE,Federal Contract Tower,0,7,30,0,37,0,15,65,0,80,0,22,95,0,117,233,0,233,350
06/03/2022,TKI,TX,ASW,CE,Federal Contract Tower,0,1,37,0,38,0,17,79,0,96,0,18,116,0,134,319,0,319,453
06/04/2022,TKI,TX,ASW,CE,Federal Contract Tower,0,5,20,0,25,0,8,129,0,137,0,13,149,0,162,311,0,311,473
06/05/2022,TKI,TX,ASW,CE,Federal Contract Tower,0,1,21,0,22,0,16,83,0,99,0,17,104,0,121,145,0,145,266
06/06/2022,TKI,TX,ASW,CE,Federal Contract Tower,0,14,37,0,51,0,20,130,0,150,0,34,167,0,201,232,0,232,433
06/07/2022,TKI,TX,ASW,CE,Federal Contract Tower,0,2,32,0,34,0,20,127,0,147,0,22,159,0,181,297,0,297,478
06/08/2022,TKI,TX,ASW,CE,Federal Contract Tower,0,5,28,0,33,0,31,105,0,136,0,36,133,0,169,358,0,358,527
06/09/2022,TKI,TX,ASW,CE,Federal Contract Tower,0,3,42,0,45,0,26,118,0,144,0,29,160,0,189,515,0,515,704
06/10/2022,TKI,TX,ASW,CE,Federal Contract Tower,0,10,44,0,54,0,26,138,0,164,0,36,182,0,218,265,0,265,483
06/11/2022,TKI,TX,ASW,CE,Federal Contract Tower,0,12,22,0,34,0,37,126,0,163,0,49,148,0,197,219,0,219,416
06/12/2022,TKI,TX,ASW,CE,Federal Contract Tower,0,4,20,0,24,0,31,102,0,133,0,35,122,0,157,128,0,128,285
06/13/2022,TKI,TX,ASW,CE,Federal Contract Tower,0,4,10,0,14,0,15,98,0,113,0,19,108,0,127,233,0,233,360
06/14/2022,TKI,TX,ASW,CE,Federal Contract Tower,0,3,29,0,32,0,9,88,0,97,0,12,117,0,129,160,0,160,289
06/15/2022,TKI,TX,ASW,CE,Federal Contract Tower,0,3,25,0,28,0,14,119,0,133,0,17,144,0,161,249,0,249,410
06/16/2022,TKI,TX,ASW,CE,Federal Contract Tower,0,3,30,0,33,0,30,144,0,174,0,33,174,0,207,459,0,459,666
06/17/2022,TKI,TX,ASW,CE,Federal Contract Tower,0,7,32,0,39,0,21,150,0,171,0,28,182,0,210,272,0,272,482
06/18/2022,TKI,TX,ASW,CE,Federal Contract Tower,0,7,18,0,25,0,24,100,0,124,0,31,118,0,149,169,0,169,318
06/19/2022,TKI,TX,ASW,CE,Federal Contract Tower,0,3,24,0,27,0,17,112,0,129,0,20,136,0,156,266,0,266,422
06/20/2022,TKI,TX,ASW,CE,Federal Contract Tower,0,2,24,0,26,0,36,126,0,162,0,38,150,0,188,277,0,277,465
06/21/2022,TKI,TX,ASW,CE,Federal Contract Tower,0,3,31,0,34,0,34,124,0,158,0,37,155,0,192,238,0,238,430
06/22/2022,TKI,TX,ASW,CE,Federal Contract Tower,0,9,19,0,28,0,13,173,0,186,0,22,192,0,214,373,0,373,587
06/23/2022,TKI,TX,ASW,CE,Federal Contract Tower,0,4,31,0,35,0,26,136,0,162,0,30,167,0,197,381,0,381,578
06/24/2022,TKI,TX,ASW,CE,Federal Contract Tower,0,5,32,0,37,0,14,115,0,129,0,19,147,0,166,250,0,250,416
06/25/2022,TKI,TX,ASW,CE,Federal Contract Tower,0,6,27,0,33,0,33,99,0,132,0,39,126,0,165,292,0,292,457
06/26/2022,TKI,TX,ASW,CE,Federal Contract Tower,0,13,27,0,40,0,19,85,0,104,0,32,112,0,144,211,0,211,355
06/27/2022,TKI,TX,ASW,CE,Federal Contract Tower,0,6,30,0,36,0,22,102,0,124,0,28,132,0,160,323,0,323,483
06/28/2022,TKI,TX,ASW,CE,Federal Contract Tower,0,5,26,0,31,0,17,126,0,143,0,22,152,0,174,360,0,360,534
06/29/2022,TKI,TX,ASW,CE,Federal Contract Tower,0,6,32,0,38,0,8,151,0,159,0,14,183,0,197,342,0,342,539
06/30/2022,TKI,TX,ASW,CE,Federal Contract Tower,0,11,23,0,34,0,26,135,0,161,0,37,158,0,195,332,0,332,527
07/01/2022,TKI,TX,ASW,CE,Federal Contract Tower,0,9,19,0,28,0,25,119,0,144,0,34,138,0,172,340,0,340,512
07/02/2022,TKI,TX,ASW,CE,Federal Contract Tower,0,1,19,0,20,0,13,109,0,122,0,14,128,0,142,290,0,290,432
07/03/2022,TKI,TX,ASW,CE,Federal Contract Tower,0,6,22,0,28,0,12,45,0,57,0,18,67,0,85,122,0,122,207
07/04/2022,TKI,TX,ASW,CE,Federal Contract Tower,0,5,11,0,16,0,22,83,0,105,0,27,94,0,121,187,0,187,308
07/05/2022,TKI,TX,ASW,CE,Federal Contract Tower,0,4,32,0,36,0,12,106,0,118,0,16,138,0,154,228,0,228,382
07/06/2022,TKI,TX,ASW,CE,Federal Contract Tower,0,5,22,0,27,0,29,113,0,142,0,34,135,0,169,185,0,185,354
07/07/2022,TKI,TX,ASW,CE,Federal Contract Tower,0,6,20,0,26,0,18,123,0,141,0,24,143,0,167,270,0,270,437
07/08/2022,TKI,TX,ASW,CE,Federal Contract Tower,0,7,25,0,32,0,42,93,0,135,0,49,118,0,167,235,0,235,402
07/09/2022,TKI,TX,ASW,CE,Federal Contract Tower,0,1,15,0,16,0,21,88,0,109,0,22,103,0,125,190,0,190,315
07/10/2022,TKI,TX,ASW,CE,Federal Contract Tower,0,5,20,0,25,0,30,69,0,99,0,35,89,0,124,157,0,157,281
07/11/2022,TKI,TX,ASW,CE,Federal Contract Tower,0,3,21,3,27,0,31,88,1,120,0,34,109,4,147,291,0,291,438
07/12/2022,TKI,TX,ASW,CE,Federal Contract Tower,0,6,26,0,32,0,29,104,0,133,0,35,130,0,165,278,0,278,443
07/13/2022,TKI,TX,ASW,CE,Federal Contract Tower,0,3,28,0,31,0,25,120,0,145,0,28,148,0,176,293,0,293,469
07/14/2022,TKI,TX,ASW,CE,Federal Contract Tower,0,2,32,0,34,0,14,56,0,70,0,16,88,0,104,241,0,241,345
07/15/2022,TKI,TX,ASW,CE,Federal Contract Tower,0,8,27,0,35,0,21,109,0,130,0,29,136,0,165,363,0,363,528
07/16/2022,TKI,TX,ASW,CE,Federal Contract Tower,0,3,25,0,28,0,31,145,0,176,0,34,170,0,204,191,0,191,395
07/17/2022,TKI,TX,ASW,CE,Federal Contract Tower,0,7,18,0,25,0,16,89,0,105,0,23,107,0,130,234,0,234,364
07/18/2022,TKI,TX,ASW,CE,Federal Contract Tower,0,4,22,0,26,0,31,109,3,143,0,35,131,3,169,381,0,381,550
07/19/2022,TKI,TX,ASW,CE,Federal Contract Tower,0,6,31,0,37,0,8,66,0,74,0,14,97,0,111,197,0,197,308
07/20/2022,TKI,TX,ASW,CE,Federal Contract Tower,0,3,29,0,32,0,10,94,0,104,0,13,123,0,136,176,0,176,312
07/21/2022,TKI,TX,ASW,CE,Federal Contract Tower,0,17,25,0,42,0,31,111,0,142,0,48,136,0,184,281,0,281,465
07/22/2022,TKI,TX,ASW,CE,Federal Contract Tower,0,5,25,0,30,0,9,100,0,109,0,14,125,0,139,159,0,159,298
07/23/2022,TKI,TX,ASW,CE,Federal Contract Tower,0,4,27,0,31,0,13,104,0,117,0,17,131,0,148,283,0,283,431
07/24/2022,TKI,TX,ASW,CE,Federal Contract Tower,0,5,25,0,30,0,22,91,0,113,0,27,116,0,143,213,0,213,356
07/25/2022,TKI,TX,ASW,CE,Federal Contract Tower,0,4,17,0,21,0,35,98,0,133,0,39,115,0,154,249,0,249,403
07/26/2022,TKI,TX,ASW,CE,Federal Contract Tower,0,7,22,0,29,0,36,96,0,132,0,43,118,0,161,228,0,228,389
07/27/2022,TKI,TX,ASW,CE,Federal Contract Tower,0,6,40,0,46,0,15,117,0,132,0,21,157,0,178,261,0,261,439
07/28/2022,TKI,TX,ASW,CE,Federal Contract Tower,0,11,43,0,54,0,23,96,0,119,0,34,139,0,173,208,0,208,381
07/29/2022,TKI,TX,ASW,CE,Federal Contract Tower,0,8,30,0,38,0,16,117,0,133,0,24,147,0,171,332,0,332,503
07/30/2022,TKI,TX,ASW,CE,Federal Contract Tower,0,5,12,0,17,0,38,76,0,114,0,43,88,0,131,150,0,150,281
07/31/2022,TKI,TX,ASW,CE,Federal Contract Tower,0,5,25,0,30,0,20,113,0,133,0,25,138,0,163,284,0,284,447
08/01/2022,TKI,TX,ASW,CE,Federal Contract Tower,0,5,14,0,19,0,40,106,0,146,0,45,120,0,165,346,0,346,511
08/02/2022,TKI,TX,ASW,CE,Federal Contract Tower,0,3,20,0,23,0,20,123,0,143,0,23,143,0,166,392,0,392,558
08/03/2022,TKI,TX,ASW,CE,Federal Contract Tower,0,12,25,0,37,0,22,110,0,132,0,34,135,0,169,259,0,259,428
08/04/2022,TKI,TX,ASW,CE,Federal Contract Tower,0,5,24,0,29,0,22,95,1,118,0,27,119,1,147,464,0,464,611
08/05/2022,TKI,TX,ASW,CE,Federal Contract Tower,0,6,32,0,38,0,21,108,0,129,0,27,140,0,167,327,0,327,494
08/06/2022,TKI,TX,ASW,CE,Federal Contract Tower,0,4,15,0,19,0,20,108,0,128,0,24,123,0,147,249,0,249,396
08/07/2022,TKI,TX,ASW,CE,Federal Contract Tower,0,3,28,0,31,0,18,101,0,119,0,21,129,0,150,256,0,256,406
08/08/2022,TKI,TX,ASW,CE,Federal Contract Tower,0,5,22,0,27,0,31,94,0,125,0,36,116,0,152,231,0,231,383
08/09/2022,TKI,TX,ASW,CE,Federal Contract Tower,0,8,27,0,35,0,12,65,4,81,0,20,92,4,116,246,0,246,362
08/10/2022,TKI,TX,ASW,CE,Federal Contract Tower,0,5,28,0,33,0,13,107,0,120,0,18,135,0,153,294,0,294,447
08/11/2022,TKI,TX,ASW,CE,Federal Contract Tower,0,4,40,0,44,0,22,132,0,154,0,26,172,0,198,361,0,361,559
08/12/2022,TKI,TX,ASW,CE,Federal Contract Tower,0,5,37,0,42,0,14,131,0,145,0,19,168,0,187,363,0,363,550
08/13/2022,TKI,TX,ASW,CE,Federal Contract Tower,0,3,18,0,21,0,29,115,0,144,0,32,133,0,165,290,0,290,455
08/14/2022,TKI,TX,ASW,CE,Federal Contract Tower,0,4,32,0,36,0,17,110,0,127,0,21,142,0,163,222,0,222,385
08/15/2022,TKI,TX,ASW,CE,Federal Contract Tower,0,9,27,0,36,0,25,103,0,128,0,34,130,0,164,302,0,302,466
08/16/2022,TKI,TX,ASW,CE,Federal Contract Tower,0,4,30,0,34,0,18,126,0,144,0,22,156,0,178,430,0,430,608
08/17/2022,TKI,TX,ASW,CE,Federal Contract Tower,0,5,15,2,22,0,20,103,0,123,0,25,118,2,145,332,0,332,477
08/18/2022,TKI,TX,ASW,CE,Federal Contract Tower,0,12,45,0,57,0,5,31,0,36,0,17,76,0,93,106,0,106,199
08/19/2022,TKI,TX,ASW,CE,Federal Contract Tower,0,5,59,0,64,0,20,103,0,123,0,25,162,0,187,258,0,258,445
08/20/2022,TKI,TX,ASW,CE,Federal Contract Tower,0,10,37,0,47,0,10,112,0,122,0,20,149,0,169,354,0,354,523
08/21/2022,TKI,TX,ASW,CE,Federal Contract Tower,0,7,32,0,39,0,2,12,0,14,0,9,44,0,53,31,0,31,84
08/22/2022,TKI,TX,ASW,CE,Federal Contract Tower,0,12,23,0,35,0,2,0,0,2,0,14,23,0,37,3,0,3,40
08/23/2022,TKI,TX,ASW,CE,Federal Contract Tower,0,6,46,0,52,0,7,37,0,44,0,13,83,0,96,153,0,153,249
08/24/2022,TKI,TX,ASW,CE,Federal Contract Tower,0,10,59,0,69,0,33,94,0,127,0,43,153,0,196,293,0,293,489
08/25/2022,TKI,TX,ASW,CE,Federal Contract Tower,0,5,28,0,33,0,30,171,0,201,0,35,199,0,234,452,0,452,686
08/26/2022,TKI,TX,ASW,CE,Federal Contract Tower,0,10,42,0,52,0,30,139,0,169,0,40,181,0,221,386,0,386,607
08/27/2022,TKI,TX,ASW,CE,Federal Contract Tower,0,9,18,0,27,0,10,151,0,161,0,19,169,0,188,314,0,314,502
08/28/2022,TKI,TX,ASW,CE,Federal Contract Tower,0,1,21,0,22,0,33,123,0,156,0,34,144,0,178,272,0,272,450
08/29/2022,TKI,TX,ASW,CE,Federal Contract Tower,0,8,23,0,31,0,16,104,0,120,0,24,127,0,151,343,0,343,494
08/30/2022,TKI,TX,ASW,CE,Federal Contract Tower,0,16,38,0,54,0,7,15,0,22,0,23,53,0,76,125,0,125,201
08/31/2022,TKI,TX,ASW,CE,Federal Contract Tower,0,14,37,0,51,0,7,69,0,76,0,21,106,0,127,300,0,300,427
09/01/2022,TKI,TX,ASW,CE,Federal Contract Tower,0,5,26,0,31,0,25,86,0,111,0,30,112,0,142,267,0,267,409
09/02/2022,TKI,TX,ASW,CE,Federal Contract Tower,0,12,42,0,54,0,21,79,0,100,0,33,121,0,154,248,0,248,402
09/03/2022,TKI,TX,ASW,CE,Federal Contract Tower,0,3,14,0,17,0,34,125,0,159,0,37,139,0,176,340,0,340,516
09/04/2022,TKI,TX,ASW,CE,Federal Contract Tower,0,2,10,0,12,0,17,77,0,94,0,19,87,0,106,130,0,130,236
09/05/2022,TKI,TX,ASW,CE,Federal Contract Tower,0,3,30,0,33,0,25,133,0,158,0,28,163,0,191,343,0,343,534
09/06/2022,TKI,TX,ASW,CE,Federal Contract Tower,0,4,17,0,21,0,21,120,0,141,0,25,137,0,162,360,0,360,522
09/07/2022,TKI,TX,ASW,CE,Federal Contract Tower,0,8,35,0,43,0,27,132,0,159,0,35,167,0,202,462,0,462,664
09/08/2022,TKI,TX,ASW,CE,Federal Contract Tower,0,3,23,1,27,0,32,130,1,163,0,35,153,2,190,308,0,308,498
09/09/2022,TKI,TX,ASW,CE,Federal Contract Tower,0,5,30,0,35,0,17,135,0,152,0,22,165,0,187,382,0,382,569
09/10/2022,TKI,TX,ASW,CE,Federal Contract Tower,0,6,18,0,24,0,13,104,1,118,0,19,122,1,142,387,0,387,529
09/11/2022,TKI,TX,ASW,CE,Federal Contract Tower,0,4,23,0,27,0,17,111,1,129,0,21,134,1,156,171,0,171,327
09/12/2022,TKI,TX,ASW,CE,Federal Contract Tower,0,8,27,0,35,0,34,114,0,148,0,42,141,0,183,443,0,443,626
09/13/2022,TKI,TX,ASW,CE,Federal Contract Tower,0,6,17,0,23,0,27,125,0,152,0,33,142,0,175,434,0,434,609
09/14/2022,TKI,TX,ASW,CE,Federal Contract Tower,0,9,22,0,31,0,19,129,0,148,0,28,151,0,179,346,0,346,525
09/15/2022,TKI,TX,ASW,CE,Federal Contract Tower,0,5,25,0,30,0,25,152,0,177,0,30,177,0,207,460,0,460,667
09/16/2022,TKI,TX,ASW,CE,Federal Contract Tower,0,7,28,0,35,0,18,133,0,151,0,25,161,0,186,375,0,375,561
09/17/2022,TKI,TX,ASW,CE,Federal Contract Tower,0,5,29,0,34,0,6,55,0,61,0,11,84,0,95,142,0,142,237
09/18/2022,TKI,TX,ASW,CE,Federal Contract Tower,0,8,23,0,31,0,16,107,0,123,0,24,130,0,154,240,0,240,394
09/19/2022,TKI,TX,ASW,CE,Federal Contract Tower,0,7,37,0,44,0,16,107,0,123,0,23,144,0,167,329,0,329,496
09/20/2022,TKI,TX,ASW,CE,Federal Contract Tower,0,4,31,0,35,0,21,126,0,147,0,25,157,0,182,410,0,410,592
09/21/2022,TKI,TX,ASW,CE,Federal Contract Tower,0,3,31,0,34,0,17,133,0,150,0,20,164,0,184,457,0,457,641
09/22/2022,TKI,TX,ASW,CE,Federal Contract Tower,0,3,35,0,38,0,11,154,0,165,0,14,189,0,203,391,0,391,594
09/23/2022,TKI,TX,ASW,CE,Federal Contract Tower,0,5,34,0,39,0,11,142,0,153,0,16,176,0,192,310,0,310,502
09/24/2022,TKI,TX,ASW,CE,Federal Contract Tower,0,3,18,2,23,0,10,135,2,147,0,13,153,4,170,248,0,248,418
09/25/2022,TKI,TX,ASW,CE,Federal Contract Tower,0,4,32,0,36,0,16,92,0,108,0,20,124,0,144,193,0,193,337
09/26/2022,TKI,TX,ASW,CE,Federal Contract Tower,0,11,25,0,36,0,12,125,0,137,0,23,150,0,173,312,0,312,485
09/27/2022,TKI,TX,ASW,CE,Federal Contract Tower,0,5,17,0,22,0,27,145,0,172,0,32,162,0,194,414,0,414,608
09/28/2022,TKI,TX,ASW,CE,Federal Contract Tower,0,7,33,0,40,0,28,140,0,168,0,35,173,0,208,363,0,363,571
09/29/2022,TKI,TX,ASW,CE,Federal Contract Tower,0,10,28,0,38,0,20,111,0,131,0,30,139,0,169,235,0,235,404
09/30/2022,TKI,TX,ASW,CE,Federal Contract Tower,0,7,28,0,35,0,31,162,0,193,0,38,190,0,228,449,0,449,677
10/01/2022,TKI,TX,ASW,CE,Federal Contract Tower,0,8,13,0,21,0,11,138,2,151,0,19,151,2,172,373,0,373,545
10/02/2022,TKI,TX,ASW,CE,Federal Contract Tower,0,11,23,0,34,0,9,108,0,117,0,20,131,0,151,245,0,245,396
10/03/2022,TKI,TX,ASW,CE,Federal Contract Tower,0,7,16,0,23,0,16,108,0,124,0,23,124,0,147,450,0,450,597
10/04/2022,TKI,TX,ASW,CE,Federal Contract Tower,0,4,30,0,34,0,24,178,0,202,0,28,208,0,236,508,0,508,744
10/05/2022,TKI,TX,ASW,CE,Federal Contract Tower,0,8,33,0,41,0,27,142,0,169,0,35,175,0,210,451,0,451,661
10/06/2022,TKI,TX,ASW,CE,Federal Contract Tower,0,4,26,0,30,0,37,165,0,202,0,41,191,0,232,415,0,415,647
10/07/2022,TKI,TX,ASW,CE,Federal Contract Tower,0,5,29,0,34,0,26,134,0,160,0,31,163,0,194,358,0,358,552
10/08/2022,TKI,TX,ASW,CE,Federal Contract Tower,0,3,27,0,30,0,20,103,0,123,0,23,130,0,153,180,0,180,333
10/09/2022,TKI,TX,ASW,CE,Federal Contract Tower,0,6,28,0,34,0,27,114,0,141,0,33,142,0,175,256,0,256,431
10/10/2022,TKI,TX,ASW,CE,Federal Contract Tower,0,7,29,0,36,0,28,121,0,149,0,35,150,0,185,444,0,444,629
10/11/2022,TKI,TX,ASW,CE,Federal Contract Tower,0,8,15,0,23,0,19,96,0,115,0,27,111,0,138,344,0,344,482
10/12/2022,TKI,TX,ASW,CE,Federal Contract Tower,0,6,26,0,32,0,26,126,0,152,0,32,152,0,184,398,0,398,582
10/13/2022,TKI,TX,ASW,CE,Federal Contract Tower,0,4,28,0,32,0,39,139,0,178,0,43,167,0,210,344,0,344,554
10/14/2022,TKI,TX,ASW,CE,Federal Contract Tower,0,9,35,0,44,0,29,122,0,151,0,38,157,0,195,381,0,381,576
10/15/2022,TKI,TX,ASW,CE,Federal Contract Tower,0,3,17,0,20,0,17,113,0,130,0,20,130,0,150,274,0,274,424
10/16/2022,TKI,TX,ASW,CE,Federal Contract Tower,0,11,46,0,57,0,7,8,0,15,0,18,54,0,72,38,0,38,110
10/17/2022,TKI,TX,ASW,CE,Federal Contract Tower,0,4,28,0,32,0,24,98,0,122,0,28,126,0,154,296,0,296,450
10/18/2022,TKI,TX,ASW,CE,Federal Contract Tower,0,10,38,0,48,0,19,136,0,155,0,29,174,0,203,234,0,234,437
10/19/2022,TKI,TX,ASW,CE,Federal Contract Tower,0,8,32,0,40,0,38,140,0,178,0,46,172,0,218,445,0,445,663
10/20/2022,TKI,TX,ASW,CE,Federal Contract Tower,0,5,43,0,48,0,26,115,0,141,0,31,158,0,189,240,0,240,429
10/21/2022,TKI,TX,ASW,CE,Federal Contract Tower,0,13,43,0,56,0,17,152,0,169,0,30,195,0,225,275,0,275,500
10/22/2022,TKI,TX,ASW,CE,Federal Contract Tower,0,7,21,0,28,0,14,56,0,70,0,21,77,0,98,107,0,107,205
10/23/2022,TKI,TX,ASW,CE,Federal Contract Tower,0,11,41,0,52,0,8,32,0,40,0,19,73,0,92,51,0,51,143
10/24/2022,TKI,TX,ASW,CE,Federal Contract Tower,0,11,25,0,36,0,0,1,0,1,0,11,26,0,37,0,0,0,37
10/25/2022,TKI,TX,ASW,CE,Federal Contract Tower,0,8,48,0,56,0,12,60,0,72,0,20,108,0,128,100,0,100,228
10/26/2022,TKI,TX,ASW,CE,Federal Contract Tower,0,4,41,0,45,0,20,141,0,161,0,24,182,0,206,413,0,413,619
10/27/2022,TKI,TX,ASW,CE,Federal Contract Tower,0,8,43,0,51,0,16,138,0,154,0,24,181,0,205,414,0,414,619
10/28/2022,TKI,TX,ASW,CE,Federal Contract Tower,0,5,22,0,27,0,1,3,0,4,0,6,25,0,31,0,0,0,31
10/29/2022,TKI,TX,ASW,CE,Federal Contract Tower,0,10,40,0,50,0,3,7,0,10,0,13,47,0,60,8,0,8,68
10/30/2022,TKI,TX,ASW,CE,Federal Contract Tower,0,7,20,0,27,0,19,143,0,162,0,26,163,0,189,413,0,413,602
10/31/2022,TKI,TX,ASW,CE,Federal Contract Tower,0,7,30,0,37,0,22,113,0,135,0,29,143,0,172,278,0,278,450
11/01/2022,TKI,TX,ASW,CE,Federal Contract Tower,0,5,31,0,36,0,18,112,0,130,0,23,143,0,166,268,15,283,449
11/02/2022,TKI,TX,ASW,CE,Federal Contract Tower,0,8,44,0,52,0,17,68,0,85,0,25,112,0,137,262,0,262,399
11/03/2022,TKI,TX,ASW,CE,Federal Contract Tower,0,7,65,0,72,0,7,17,0,24,0,14,82,0,96,75,0,75,171
11/04/2022,TKI,TX,ASW,CE,Federal Contract Tower,0,7,23,0,30,0,3,3,0,6,0,10,26,0,36,34,0,34,70
11/05/2022,TKI,TX,ASW,CE,Federal Contract Tower,0,4,15,0,19,0,15,145,0,160,0,19,160,0,179,353,0,353,532
11/06/2022,TKI,TX,ASW,CE,Federal Contract Tower,0,4,20,0,24,0,12,109,0,121,0,16,129,0,145,282,0,282,427
11/07/2022,TKI,TX,ASW,CE,Federal Contract Tower,0,8,45,0,53,0,3,5,0,8,0,11,50,0,61,5,0,5,66
11/08/2022,TKI,TX,ASW,CE,Federal Contract Tower,0,10,76,0,86,0,1,25,0,26,0,11,101,0,112,163,0,163,275
11/09/2022,TKI,TX,ASW,CE,Federal Contract Tower,0,15,40,0,55,0,11,98,0,109,0,26,138,0,164,282,0,282,446
11/10/2022,TKI,TX,ASW,CE,Federal Contract Tower,0,14,68,0,82,0,17,71,0,88,0,31,139,0,170,216,0,216,386
11/11/2022,TKI,TX,ASW,CE,Federal Contract Tower,0,5,23,0,28,0,0,2,0,2,0,5,25,0,30,6,0,6,36
11/12/2022,TKI,TX,ASW,CE,Federal Contract Tower,0,4,31,0,35,0,16,134,0,150,0,20,165,0,185,278,0,278,463
11/13/2022,TKI,TX,ASW,CE,Federal Contract Tower,0,6,34,0,40,0,18,87,0,105,0,24,121,0,145,240,0,240,385
11/14/2022,TKI,TX,ASW,CE,Federal Contract Tower,0,12,22,0,34,0,1,10,0,11,0,13,32,0,45,9,0,9,54
11/15/2022,TKI,TX,ASW,CE,Federal Contract Tower,0,15,33,0,48,0,6,43,0,49,0,21,76,0,97,183,0,183,280
11/16/2022,TKI,TX,ASW,CE,Federal Contract Tower,0,7,32,0,39,0,34,142,0,176,0,41,174,0,215,453,0,453,668
11/17/2022,TKI,TX,ASW,CE,Federal Contract Tower,0,13,42,0,55,0,19,160,0,179,0,32,202,0,234,433,0,433,667
11/18/2022,TKI,TX,ASW,CE,Federal Contract Tower,0,8,20,0,28,0,8,128,0,136,0,16,148,0,164,487,0,487,651
11/19/2022,TKI,TX,ASW,CE,Federal Contract Tower,0,6,29,0,35,0,13,104,0,117,0,19,133,0,152,304,0,304,456
11/20/2022,TKI,TX,ASW,CE,Federal Contract Tower,0,13,22,0,35,0,14,98,0,112,0,27,120,0,147,227,0,227,374
11/21/2022,TKI,TX,ASW,CE,Federal Contract Tower,0,12,22,0,34,0,21,97,0,118,0,33,119,0,152,380,0,380,532
11/22/2022,TKI,TX,ASW,CE,Federal Contract Tower,0,13,24,0,37,0,16,132,0,148,0,29,156,0,185,440,0,440,625
11/23/2022,TKI,TX,ASW,CE,Federal Contract Tower,0,11,46,0,57,0,7,15,0,22,0,18,61,0,79,43,0,43,122
11/24/2022,TKI,TX,ASW,CE,Federal Contract Tower,0,1,5,0,6,0,0,0,0,0,0,1,5,0,6,0,0,0,6
11/25/2022,TKI,TX,ASW,CE,Federal Contract Tower,0,10,21,0,31,0,1,7,0,8,0,11,28,0,39,15,0,15,54
11/26/2022,TKI,TX,ASW,CE,Federal Contract Tower,0,12,19,0,31,0,0,1,0,1,0,12,20,0,32,0,0,0,32
11/27/2022,TKI,TX,ASW,CE,Federal Contract Tower,0,6,38,0,44,0,17,106,0,123,0,23,144,0,167,303,0,303,470
11/28/2022,TKI,TX,ASW,CE,Federal Contract Tower,0,13,29,0,42,0,22,120,0,142,0,35,149,0,184,319,0,319,503
11/29/2022,TKI,TX,ASW,CE,Federal Contract Tower,0,10,39,0,49,0,12,55,0,67,0,22,94,0,116,132,0,132,248
11/30/2022,TKI,TX,ASW,CE,Federal Contract Tower,0,8,54,2,64,0,27,149,2,178,0,35,203,4,242,413,0,413,655
12/01/2022,TKI,TX,ASW,CE,Federal Contract Tower,0,16,48,0,64,0,23,129,0,152,0,39,177,0,216,333,0,333,549
12/02/2022,TKI,TX,ASW,CE,Federal Contract Tower,0,10,43,0,53,0,2,0,0,2,0,12,43,0,55,2,0,2,57
12/03/2022,TKI,TX,ASW,CE,Federal Contract Tower,0,10,22,0,32,0,9,90,0,99,0,19,112,0,131,253,0,253,384
12/04/2022,TKI,TX,ASW,CE,Federal Contract Tower,0,8,30,0,38,0,15,82,0,97,0,23,112,0,135,223,0,223,358
12/05/2022,TKI,TX,ASW,CE,Federal Contract Tower,0,4,31,0,35,0,0,0,0,0,0,4,31,0,35,202,0,202,237
12/06/2022,TKI,TX,ASW,CE,Federal Contract Tower,0,9,31,0,40,0,23,125,0,148,0,32,156,0,188,401,0,401,589
12/07/2022,TKI,TX,ASW,CE,Federal Contract Tower,0,11,34,2,47,0,0,1,0,1,0,11,35,2,48,3,0,3,51
12/08/2022,TKI,TX,ASW,CE,Federal Contract Tower,0,4,61,0,65,0,7,52,0,59,0,11,113,0,124,248,0,248,372
12/09/2022,TKI,TX,ASW,CE,Federal Contract Tower,0,11,52,0,63,0,5,11,0,16,0,16,63,0,79,12,0,12,91
12/10/2022,TKI,TX,ASW,CE,Federal Contract Tower,0,3,12,0,15,0,0,0,0,0,0,3,12,0,15,2,0,2,17
12/11/2022,TKI,TX,ASW,CE,Federal Contract Tower,0,10,43,0,53,0,11,6,0,17,0,21,49,0,70,47,0,47,117
12/12/2022,TKI,TX,ASW,CE,Federal Contract Tower,0,5,30,0,35,0,0,0,0,0,0,5,30,0,35,4,0,4,39
12/13/2022,TKI,TX,ASW,CE,Federal Contract Tower,0,6,30,0,36,0,0,0,0,0,0,6,30,0,36,249,0,249,285
12/14/2022,TKI,TX,ASW,CE,Federal Contract Tower,0,3,36,0,39,0,15,141,0,156,0,18,177,0,195,427,0,427,622
12/15/2022,TKI,TX,ASW,CE,Federal Contract Tower,0,10,42,2,54,0,22,115,0,137,0,32,157,2,191,377,0,377,568
12/16/2022,TKI,TX,ASW,CE,Federal Contract Tower,0,9,31,0,40,0,24,141,0,165,0,33,172,0,205,419,0,419,624
12/17/2022,TKI,TX,ASW,CE,Federal Contract Tower,0,0,0,0,0,0,3,4,0,7,0,3,4,0,7,0,0,0,7
12/18/2022,TKI,TX,ASW,CE,Federal Contract Tower,0,0,0,0,0,0,8,3,0,11,0,8,3,0,11,0,0,0,11
12/19/2022,TKI,TX,ASW,CE,Federal Contract Tower,0,12,14,0,26,0,4,56,0,60,0,16,70,0,86,326,0,326,412
12/20/2022,TKI,TX,ASW,CE,Federal Contract Tower,0,8,32,0,40,0,13,121,0,134,0,21,153,0,174,284,0,284,458
12/21/2022,TKI,TX,ASW,CE,Federal Contract Tower,0,5,40,0,45,0,18,102,0,120,0,23,142,0,165,369,0,369,534
12/22/2022,TKI,TX,ASW,CE,Federal Contract Tower,0,7,11,0,18,0,1,0,0,1,0,8,11,0,19,2,0,2,21
12/23/2022,TKI,TX,ASW,CE,Federal Contract Tower,0,6,25,0,31,0,10,19,0,29,0,16,44,0,60,20,0,20,80
12/24/2022,TKI,TX,ASW,CE,Federal Contract Tower,0,3,12,0,15,0,17,36,0,53,0,20,48,0,68,16,0,16,84
12/25/2022,TKI,TX,ASW,CE,Federal Contract Tower,0,5,6,0,11,0,9,19,0,28,0,14,25,0,39,6,0,6,45
12/26/2022,TKI,TX,ASW,CE,Federal Contract Tower,0,10,23,0,33,0,9,61,0,70,0,19,84,0,103,76,0,76,179
12/27/2022,TKI,TX,ASW,CE,Federal Contract Tower,0,4,35,0,39,0,24,100,0,124,0,28,135,0,163,219,0,219,382
12/28/2022,TKI,TX,ASW,CE,Federal Contract Tower,0,6,19,0,25,0,4,23,0,27,0,10,42,0,52,17,0,17,69
12/29/2022,TKI,TX,ASW,CE,Federal Contract Tower,0,12,34,0,46,0,16,75,0,91,0,28,109,0,137,259,0,259,396
12/30/2022,TKI,TX,ASW,CE,Federal Contract Tower,0,7,39,0,46,0,16,100,0,116,0,23,139,0,162,308,0,308,470
12/31/2022,TKI,TX,ASW,CE,Federal Contract Tower,0,4,10,0,14,0,7,88,0,95,0,11,98,0,109,110,0,110,219
01/01/2023,TKI,TX,ASW,CE,Federal Contract Tower,0,3,21,0,24,0,3,65,0,68,0,6,86,0,92,64,0,64,156
01/02/2023,TKI,TX,ASW,CE,Federal Contract Tower,0,7,17,0,24,0,6,6,0,12,0,13,23,0,36,4,0,4,40
01/03/2023,TKI,TX,ASW,CE,Federal Contract Tower,0,6,25,0,31,0,12,82,0,94,0,18,107,0,125,255,0,255,380
01/04/2023,TKI,TX,ASW,CE,Federal Contract Tower,0,5,24,0,29,0,12,136,0,148,0,17,160,0,177,361,0,361,538
01/05/2023,TKI,TX,ASW,CE,Federal Contract Tower,0,7,24,0,31,0,4,101,0,105,0,11,125,0,136,429,0,429,565
01/06/2023,TKI,TX,ASW,CE,Federal Contract Tower,0,13,41,0,54,0,18,104,0,122,0,31,145,0,176,276,0,276,452
01/07/2023,TKI,TX,ASW,CE,Federal Contract Tower,0,4,28,0,32,0,11,142,0,153,0,15,170,0,185,331,0,331,516
01/08/2023,TKI,TX,ASW,CE,Federal Contract Tower,0,6,32,0,38,0,13,134,0,147,0,19,166,0,185,191,0,191,376
01/09/2023,TKI,TX,ASW,CE,Federal Contract Tower,0,2,29,0,31,0,9,123,0,132,0,11,152,0,163,335,0,335,498
01/10/2023,TKI,TX,ASW,CE,Federal Contract Tower,0,2,18,0,20,0,15,102,3,120,0,17,120,3,140,272,0,272,412
01/11/2023,TKI,TX,ASW,CE,Federal Contract Tower,0,3,20,0,23,0,14,86,0,100,0,17,106,0,123,277,0,277,400
01/12/2023,TKI,TX,ASW,CE,Federal Contract Tower,0,3,35,0,38,0,12,48,0,60,0,15,83,0,98,126,0,126,224
01/13/2023,TKI,TX,ASW,CE,Federal Contract Tower,0,4,22,0,26,0,10,133,0,143,0,14,155,0,169,294,0,294,463
01/14/2023,TKI,TX,ASW,CE,Federal Contract Tower,0,1,15,0,16,0,15,109,0,124,0,16,124,0,140,244,0,244,384
01/15/2023,TKI,TX,ASW,CE,Federal Contract Tower,0,3,26,0,29,0,10,36,0,46,0,13,62,0,75,32,0,32,107
01/16/2023,TKI,TX,ASW,CE,Federal Contract Tower,0,4,23,0,27,0,19,94,0,113,0,23,117,0,140,307,0,307,447
01/17/2023,TKI,TX,ASW,CE,Federal Contract Tower,0,8,42,0,50,0,30,149,0,179,0,38,191,0,229,474,0,474,703
01/18/2023,TKI,TX,ASW,CE,Federal Contract Tower,0,4,35,0,39,0,12,40,0,52,0,16,75,0,91,132,0,132,223
01/19/2023,TKI,TX,ASW,CE,Federal Contract Tower,0,4,37,0,41,0,21,87,0,108,0,25,124,0,149,247,0,247,396
01/20/2023,TKI,TX,ASW,CE,Federal Contract Tower,0,10,27,0,37,0,18,124,0,142,0,28,151,0,179,373,0,373,552
01/21/2023,TKI,TX,ASW,CE,Federal Contract Tower,0,3,24,0,27,0,12,97,0,109,0,15,121,0,136,332,0,332,468
01/22/2023,TKI,TX,ASW,CE,Federal Contract Tower,0,3,22,0,25,0,14,51,0,65,0,17,73,0,90,132,0,132,222
01/23/2023,TKI,TX,ASW,CE,Federal Contract Tower,0,9,16,4,29,0,27,147,0,174,0,36,163,4,203,375,0,375,578
01/24/2023,TKI,TX,ASW,CE,Federal Contract Tower,0,2,16,0,18,0,0,5,0,5,0,2,21,0,23,16,0,16,39
01/25/2023,TKI,TX,ASW,CE,Federal Contract Tower,0,10,29,0,39,0,8,22,0,30,0,18,51,0,69,138,0,138,207
01/26/2023,TKI,TX,ASW,CE,Federal Contract Tower,0,6,31,2,39,0,11,129,0,140,0,17,160,2,179,339,0,339,518
01/27/2023,TKI,TX,ASW,CE,Federal Contract Tower,0,3,35,2,40,0,18,137,2,157,0,21,172,4,197,308,0,308,505
01/28/2023,TKI,TX,ASW,CE,Federal Contract Tower,0,7,29,0,36,0,5,17,0,22,0,12,46,0,58,30,0,30,88
01/29/2023,TKI,TX,ASW,CE,Federal Contract Tower,0,9,31,0,40,0,0,0,0,0,0,9,31,0,40,2,0,2,42
01/30/2023,TKI,TX,ASW,CE,Federal Contract Tower,0,3,19,0,22,0,0,2,0,2,0,3,21,0,24,0,0,0,24
01/31/2023,TKI,TX,ASW,CE,Federal Contract Tower,0,0,0,0,0,0,0,0,0,0,0,0,0,0,0,0,0,0,0
02/01/2023,TKI,TX,ASW,CE,Federal Contract Tower,0,0,1,0,1,0,0,0,0,0,0,0,1,0,1,0,0,0,1
02/02/2023,TKI,TX,ASW,CE,Federal Contract Tower,0,7,13,0,20,0,0,1,0,1,0,7,14,0,21,0,0,0,21
02/03/2023,TKI,TX,ASW,CE,Federal Contract Tower,0,6,34,0,40,0,20,97,2,119,0,26,131,2,159,255,0,255,414
02/04/2023,TKI,TX,ASW,CE,Federal Contract Tower,0,4,30,0,34,0,14,102,1,117,0,18,132,1,151,255,0,255,406
02/05/2023,TKI,TX,ASW,CE,Federal Contract Tower,0,5,22,0,27,0,22,129,0,151,0,27,151,0,178,278,0,278,456
02/06/2023,TKI,TX,ASW,CE,Federal Contract Tower,0,7,49,0,56,0,2,15,0,17,0,9,64,0,73,74,0,74,147
02/07/2023,TKI,TX,ASW,CE,Federal Contract Tower,0,4,35,0,39,0,1,2,0,3,0,5,37,0,42,6,0,6,48
02/08/2023,TKI,TX,ASW,CE,Federal Contract Tower,0,11,34,0,45,0,1,5,0,6,0,12,39,0,51,15,0,15,66
02/09/2023,TKI,TX,ASW,CE,Federal Contract Tower,0,4,32,0,36,0,30,114,0,144,0,34,146,0,180,477,0,477,657
02/10/2023,TKI,TX,ASW,CE,Federal Contract Tower,0,8,28,0,36,0,16,56,0,72,0,24,84,0,108,205,0,205,313
02/11/2023,TKI,TX,ASW,CE,Federal Contract Tower,0,3,29,0,32,0,16,118,0,134,0,19,147,0,166,301,0,301,467
02/12/2023,TKI,TX,ASW,CE,Federal Contract Tower,0,5,14,0,19,0,12,123,0,135,0,17,137,0,154,295,0,295,449
02/13/2023,TKI,TX,ASW,CE,Federal Contract Tower,0,7,28,0,35,0,23,119,2,144,0,30,147,2,179,394,0,394,573
02/14/2023,TKI,TX,ASW,CE,Federal Contract Tower,0,3,11,0,14,0,17,15,0,32,0,20,26,0,46,16,0,16,62
02/15/2023,TKI,TX,ASW,CE,Federal Contract Tower,0,9,49,0,58,0,22,118,0,140,0,31,167,0,198,484,0,484,682
02/16/2023,TKI,TX,ASW,CE,Federal Contract Tower,0,3,37,0,40,0,12,53,0,65,0,15,90,0,105,71,0,71,176
02/17/2023,TKI,TX,ASW,CE,Federal Contract Tower,0,3,29,0,32,0,26,116,0,142,0,29,145,0,174,471,0,471,645
02/18/2023,TKI,TX,ASW,CE,Federal Contract Tower,0,2,12,0,14,0,15,102,0,117,0,17,114,0,131,411,0,411,542
02/19/2023,TKI,TX,ASW,CE,Federal Contract Tower,0,5,20,0,25,0,11,77,0,88,0,16,97,0,113,297,0,297,410
02/20/2023,TKI,TX,ASW,CE,Federal Contract Tower,0,10,19,0,29,0,18,68,0,86,0,28,87,0,115,133,0,133,248
02/21/2023,TKI,TX,ASW,CE,Federal Contract Tower,0,3,35,1,39,0,26,95,1,122,0,29,130,2,161,439,0,439,600
02/22/2023,TKI,TX,ASW,CE,Federal Contract Tower,0,10,20,0,30,0,24,26,0,50,0,34,46,0,80,74,0,74,154
02/23/2023,TKI,TX,ASW,CE,Federal Contract Tower,0,7,43,0,50,0,25,106,0,131,0,32,149,0,181,447,0,447,628
02/24/2023,TKI,TX,ASW,CE,Federal Contract Tower,0,12,47,0,59,0,9,4,0,13,0,21,51,0,72,301,0,301,373
02/25/2023,TKI,TX,ASW,CE,Federal Contract Tower,0,7,23,0,30,0,2,1,0,3,0,9,24,0,33,6,0,6,39
02/26/2023,TKI,TX,ASW,CE,Federal Contract Tower,0,5,17,0,22,0,0,4,0,4,0,5,21,0,26,0,0,0,26
02/27/2023,TKI,TX,ASW,CE,Federal Contract Tower,0,10,21,0,31,0,22,127,0,149,0,32,148,0,180,421,0,421,601
02/28/2023,TKI,TX,ASW,CE,Federal Contract Tower,0,4,34,0,38,0,23,150,2,175,0,27,184,2,213,435,0,435,648
03/01/2023,TKI,TX,ASW,CE,Federal Contract Tower,0,11,52,0,63,0,11,42,0,53,0,22,94,0,116,216,0,216,332
03/02/2023,TKI,TX,ASW,CE,Federal Contract Tower,0,8,25,0,33,0,3,15,0,18,0,11,40,0,51,25,0,25,76
03/03/2023,TKI,TX,ASW,CE,Federal Contract Tower,0,11,27,0,38,0,15,75,4,94,0,26,102,4,132,220,0,220,352
03/04/2023,TKI,TX,ASW,CE,Federal Contract Tower,0,7,12,0,19,0,16,173,0,189,0,23,185,0,208,456,0,456,664
03/05/2023,TKI,TX,ASW,CE,Federal Contract Tower,0,2,18,0,20,0,16,126,0,142,0,18,144,0,162,287,0,287,449
03/06/2023,TKI,TX,ASW,CE,Federal Contract Tower,3,0,28,0,31,0,20,122,0,142,3,20,150,0,173,418,0,418,591
03/07/2023,TKI,TX,ASW,CE,Federal Contract Tower,0,10,47,0,57,0,5,6,0,11,0,15,53,0,68,35,0,35,103
03/08/2023,TKI,TX,ASW,CE,Federal Contract Tower,0,11,41,0,52,0,0,0,0,0,0,11,41,0,52,5,0,5,57
03/09/2023,TKI,TX,ASW,CE,Federal Contract Tower,0,3,21,0,24,0,0,0,0,0,0,3,21,0,24,0,0,0,24
03/10/2023,TKI,TX,ASW,CE,Federal Contract Tower,0,7,35,0,42,0,33,109,4,146,0,40,144,4,188,535,0,535,723
03/11/2023,TKI,TX,ASW,CE,Federal Contract Tower,0,7,41,0,48,0,10,59,0,69,0,17,100,0,117,180,0,180,297
03/12/2023,TKI,TX,ASW,CE,Federal Contract Tower,0,12,31,0,43,0,19,75,0,94,0,31,106,0,137,330,0,330,467
03/13/2023,TKI,TX,ASW,CE,Federal Contract Tower,0,8,27,0,35,0,39,138,0,177,0,47,165,0,212,519,0,519,731
03/14/2023,TKI,TX,ASW,CE,Federal Contract Tower,0,6,42,0,48,0,26,137,0,163,0,32,179,0,211,339,0,339,550
03/15/2023,TKI,TX,ASW,CE,Federal Contract Tower,0,4,28,0,32,0,35,149,0,184,0,39,177,0,216,225,0,225,441
03/16/2023,TKI,TX,ASW,CE,Federal Contract Tower,0,7,16,0,23,0,2,0,0,2,0,9,16,0,25,1,0,1,26
03/17/2023,TKI,TX,ASW,CE,Federal Contract Tower,0,9,19,0,28,0,22,102,0,124,0,31,121,0,152,208,0,208,360
03/18/2023,TKI,TX,ASW,CE,Federal Contract Tower,0,4,17,0,21,0,28,148,0,176,0,32,165,0,197,369,0,369,566
03/19/2023,TKI,TX,ASW,CE,Federal Contract Tower,0,9,21,0,30,0,22,147,0,169,0,31,168,0,199,382,0,382,581
03/20/2023,TKI,TX,ASW,CE,Federal Contract Tower,0,5,28,0,33,0,39,123,0,162,0,44,151,0,195,395,0,395,590
03/21/2023,TKI,TX,ASW,CE,Federal Contract Tower,0,9,39,1,49,0,5,1,0,6,0,14,40,1,55,10,0,10,65
03/22/2023,TKI,TX,ASW,CE,Federal Contract Tower,0,17,47,0,64,0,28,74,1,103,0,45,121,1,167,231,0,231,398
03/23/2023,TKI,TX,ASW,CE,Federal Contract Tower,0,11,40,0,51,0,15,43,0,58,0,26,83,0,109,142,0,142,251
03/24/2023,TKI,TX,ASW,CE,Federal Contract Tower,0,6,24,0,30,0,20,24,0,44,0,26,48,0,74,141,0,141,215
03/25/2023,TKI,TX,ASW,CE,Federal Contract Tower,0,5,24,0,29,0,43,139,0,182,0,48,163,0,211,199,0,199,410
03/26/2023,TKI,TX,ASW,CE,Federal Contract Tower,0,5,37,0,42,0,36,143,0,179,0,41,180,0,221,430,0,430,651
03/27/2023,TKI,TX,ASW,CE,Federal Contract Tower,0,4,31,0,35,0,18,115,0,133,0,22,146,0,168,408,0,408,576
03/28/2023,TKI,TX,ASW,CE,Federal Contract Tower,0,6,21,0,27,0,35,119,2,156,0,41,140,2,183,368,0,368,551
03/29/2023,TKI,TX,ASW,CE,Federal Contract Tower,0,1,25,0,26,0,48,54,0,102,0,49,79,0,128,180,0,180,308
03/30/2023,TKI,TX,ASW,CE,Federal Contract Tower,0,2,61,0,63,0,8,10,0,18,0,10,71,0,81,66,0,66,147
03/31/2023,TKI,TX,ASW,CE,Federal Contract Tower,0,4,23,0,27,0,5,13,0,18,0,9,36,0,45,29,0,29,74
04/01/2023,TKI,TX,ASW,CE,Federal Contract Tower,0,5,19,0,24,0,61,137,0,198,0,66,156,0,222,447,0,447,669
04/02/2023,TKI,TX,ASW,CE,Federal Contract Tower,0,5,18,0,23,0,9,37,0,46,0,14,55,0,69,118,0,118,187
04/03/2023,TKI,TX,ASW,CE,Federal Contract Tower,0,9,26,1,36,0,40,72,0,112,0,49,98,1,148,290,0,290,438
04/04/2023,TKI,TX,ASW,CE,Federal Contract Tower,0,16,39,1,56,0,8,50,0,58,0,24,89,1,114,217,0,217,331
04/05/2023,TKI,TX,ASW,CE,Federal Contract Tower,0,10,24,0,34,0,50,86,0,136,0,60,110,0,170,374,0,374,544
04/06/2023,TKI,TX,ASW,CE,Federal Contract Tower,0,14,22,0,36,0,56,91,0,147,0,70,113,0,183,469,0,469,652
04/07/2023,TKI,TX,ASW,CE,Federal Contract Tower,0,9,45,0,54,0,33,79,0,112,0,42,124,0,166,420,0,420,586
04/08/2023,TKI,TX,ASW,CE,Federal Contract Tower,0,7,16,0,23,0,53,119,0,172,0,60,135,0,195,494,0,494,689
04/09/2023,TKI,TX,ASW,CE,Federal Contract Tower,0,8,15,0,23,0,40,50,0,90,0,48,65,0,113,142,0,142,255
04/10/2023,TKI,TX,ASW,CE,Federal Contract Tower,0,20,38,1,59,0,77,126,0,203,0,97,164,1,262,484,0,484,746
04/11/2023,TKI,TX,ASW,CE,Federal Contract Tower,0,13,44,0,57,0,73,137,2,212,0,86,181,2,269,429,0,429,698
04/12/2023,TKI,TX,ASW,CE,Federal Contract Tower,0,6,32,0,38,0,75,181,2,258,0,81,213,2,296,448,0,448,744
04/13/2023,TKI,TX,ASW,CE,Federal Contract Tower,0,9,42,0,51,0,63,112,0,175,0,72,154,0,226,367,0,367,593
04/14/2023,TKI,TX,ASW,CE,Federal Contract Tower,0,10,51,1,62,0,30,84,0,114,0,40,135,1,176,346,0,346,522
04/15/2023,TKI,TX,ASW,CE,Federal Contract Tower,0,6,20,0,26,0,16,26,0,42,0,22,46,0,68,79,0,79,147
04/16/2023,TKI,TX,ASW,CE,Federal Contract Tower,0,8,17,0,25,0,50,101,0,151,0,58,118,0,176,257,0,257,433
04/17/2023,TKI,TX,ASW,CE,Federal Contract Tower,0,10,24,0,34,0,91,143,0,234,0,101,167,0,268,315,0,315,583
04/18/2023,TKI,TX,ASW,CE,Federal Contract Tower,0,5,21,0,26,0,36,60,0,96,0,41,81,0,122,192,0,192,314
04/19/2023,TKI,TX,ASW,CE,Federal Contract Tower,0,11,33,0,44,0,20,20,0,40,0,31,53,0,84,50,0,50,134
04/20/2023,TKI,TX,ASW,CE,Federal Contract Tower,0,5,34,0,39,0,17,15,0,32,0,22,49,0,71,258,0,258,329
04/21/2023,TKI,TX,ASW,CE,Federal Contract Tower,0,9,31,0,40,0,80,119,0,199,0,89,150,0,239,418,0,418,657
04/22/2023,TKI,TX,ASW,CE,Federal Contract Tower,0,4,21,0,25,0,51,112,0,163,0,55,133,0,188,429,0,429,617
04/23/2023,TKI,TX,ASW,CE,Federal Contract Tower,0,8,29,0,37,0,10,19,0,29,0,18,48,0,66,102,0,102,168
04/24/2023,TKI,TX,ASW,CE,Federal Contract Tower,0,7,23,0,30,0,49,122,0,171,0,56,145,0,201,438,0,438,639
04/25/2023,TKI,TX,ASW,CE,Federal Contract Tower,0,4,32,0,36,0,38,39,0,77,0,42,71,0,113,297,0,297,410
04/26/2023,TKI,TX,ASW,CE,Federal Contract Tower,0,9,29,0,38,0,0,1,0,1,0,9,30,0,39,3,0,3,42
04/27/2023,TKI,TX,ASW,CE,Federal Contract Tower,0,12,41,0,53,0,34,31,0,65,0,46,72,0,118,102,0,102,220
04/28/2023,TKI,TX,ASW,CE,Federal Contract Tower,0,11,25,0,36,0,32,66,0,98,0,43,91,0,134,305,0,305,439
04/29/2023,TKI,TX,ASW,CE,Federal Contract Tower,0,7,14,0,21,0,17,46,0,63,0,24,60,0,84,106,0,106,190
04/30/2023,TKI,TX,ASW,CE,Federal Contract Tower,0,6,24,0,30,0,58,136,0,194,0,64,160,0,224,462,0,462,686
05/01/2023,TKI,TX,ASW,CE,Federal Contract Tower,0,4,33,0,37,0,88,105,0,193,0,92,138,0,230,552,0,552,782
05/02/2023,TKI,TX,ASW,CE,Federal Contract Tower,0,9,38,0,47,0,84,110,0,194,0,93,148,0,241,575,0,575,816
05/03/2023,TKI,TX,ASW,CE,Federal Contract Tower,0,4,44,0,48,0,52,113,0,165,0,56,157,0,213,377,0,377,590
05/04/2023,TKI,TX,ASW,CE,Federal Contract Tower,0,13,40,0,53,0,52,55,0,107,0,65,95,0,160,306,0,306,466
05/05/2023,TKI,TX,ASW,CE,Federal Contract Tower,0,11,47,0,58,0,31,59,0,90,0,42,106,0,148,201,0,201,349
05/06/2023,TKI,TX,ASW,CE,Federal Contract Tower,0,10,24,0,34,0,62,87,0,149,0,72,111,0,183,322,0,322,505
05/07/2023,TKI,TX,ASW,CE,Federal Contract Tower,0,17,38,0,55,0,28,47,0,75,0,45,85,0,130,282,0,282,412
05/08/2023,TKI,TX,ASW,CE,Federal Contract Tower,0,14,22,0,36,0,60,60,0,120,0,74,82,0,156,364,0,364,520
05/09/2023,TKI,TX,ASW,CE,Federal Contract Tower,0,14,46,0,60,0,47,62,0,109,0,61,108,0,169,379,0,379,548
05/10/2023,TKI,TX,ASW,CE,Federal Contract Tower,0,13,40,0,53,0,6,5,0,11,0,19,45,0,64,5,0,5,69
05/11/2023,TKI,TX,ASW,CE,Federal Contract Tower,0,23,49,0,72,0,12,33,0,45,0,35,82,0,117,103,0,103,220
05/12/2023,TKI,TX,ASW,CE,Federal Contract Tower,0,15,56,0,71,0,22,35,0,57,0,37,91,0,128,146,0,146,274
05/13/2023,TKI,TX,ASW,CE,Federal Contract Tower,0,12,19,0,31,0,30,65,0,95,0,42,84,0,126,211,0,211,337
05/14/2023,TKI,TX,ASW,CE,Federal Contract Tower,0,22,36,0,58,0,3,6,0,9,0,25,42,0,67,41,0,41,108
05/15/2023,TKI,TX,ASW,CE,Federal Contract Tower,0,13,29,0,42,0,40,50,0,90,0,53,79,0,132,229,0,229,361
05/16/2023,TKI,TX,ASW,CE,Federal Contract Tower,0,22,31,1,54,0,72,97,3,172,0,94,128,4,226,505,0,505,731
05/17/2023,TKI,TX,ASW,CE,Federal Contract Tower,0,10,26,0,36,0,95,118,0,213,0,105,144,0,249,397,0,397,646
05/18/2023,TKI,TX,ASW,CE,Federal Contract Tower,0,6,29,0,35,0,75,136,0,211,0,81,165,0,246,466,0,466,712
05/19/2023,TKI,TX,ASW,CE,Federal Contract Tower,0,4,32,0,36,0,54,80,0,134,0,58,112,0,170,259,0,259,429
05/20/2023,TKI,TX,ASW,CE,Federal Contract Tower,0,17,33,0,50,0,65,84,0,149,0,82,117,0,199,364,0,364,563
05/21/2023,TKI,TX,ASW,CE,Federal Contract Tower,0,12,24,0,36,0,64,105,0,169,0,76,129,0,205,284,0,284,489
05/22/2023,TKI,TX,ASW,CE,Federal Contract Tower,0,8,26,0,34,0,81,124,0,205,0,89,150,0,239,572,0,572,811
05/23/2023,TKI,TX,ASW,CE,Federal Contract Tower,0,3,30,0,33,0,73,100,0,173,0,76,130,0,206,482,0,482,688
05/24/2023,TKI,TX,ASW,CE,Federal Contract Tower,0,7,22,0,29,0,93,93,0,186,0,100,115,0,215,394,0,394,609
05/25/2023,TKI,TX,ASW,CE,Federal Contract Tower,0,12,26,0,38,0,97,115,0,212,0,109,141,0,250,377,0,377,627
05/26/2023,TKI,TX,ASW,CE,Federal Contract Tower,0,8,33,0,41,0,71,108,0,179,0,79,141,0,220,395,0,395,615
05/27/2023,TKI,TX,ASW,CE,Federal Contract Tower,0,2,24,0,26,0,51,82,0,133,0,53,106,0,159,269,0,269,428
05/28/2023,TKI,TX,ASW,CE,Federal Contract Tower,0,12,17,0,29,0,51,75,0,126,0,63,92,0,155,214,0,214,369
05/29/2023,TKI,TX,ASW,CE,Federal Contract Tower,0,3,19,0,22,0,44,63,0,107,0,47,82,0,129,197,0,197,326
05/30/2023,TKI,TX,ASW,CE,Federal Contract Tower,0,10,30,0,40,0,67,47,0,114,0,77,77,0,154,162,0,162,316
05/31/2023,TKI,TX,ASW,CE,Federal Contract Tower,0,11,24,0,35,0,66,101,0,167,0,77,125,0,202,431,0,431,633
06/01/2023,TKI,TX,ASW,CE,Federal Contract Tower,0,11,24,0,35,0,78,117,0,195,0,89,141,0,230,386,0,386,616
06/02/2023,TKI,TX,ASW,CE,Federal Contract Tower,0,8,23,0,31,0,52,104,0,156,0,60,127,0,187,341,0,341,528
06/03/2023,TKI,TX,ASW,CE,Federal Contract Tower,0,9,14,0,23,0,24,52,0,76,0,33,66,0,99,183,0,183,282
06/04/2023,TKI,TX,ASW,CE,Federal Contract Tower,0,6,22,0,28,0,50,36,0,86,0,56,58,0,114,238,0,238,352
06/05/2023,TKI,TX,ASW,CE,Federal Contract Tower,0,11,22,0,33,0,77,59,0,136,0,88,81,0,169,319,0,319,488
06/06/2023,TKI,TX,ASW,CE,Federal Contract Tower,0,7,21,0,28,0,56,61,0,117,0,63,82,0,145,374,0,374,519
06/07/2023,TKI,TX,ASW,CE,Federal Contract Tower,0,11,28,0,39,0,66,119,0,185,0,77,147,0,224,442,0,442,666
06/08/2023,TKI,TX,ASW,CE,Federal Contract Tower,0,17,26,0,43,0,42,90,0,132,0,59,116,0,175,344,0,344,519
06/09/2023,TKI,TX,ASW,CE,Federal Contract Tower,0,6,25,0,31,0,77,121,0,198,0,83,146,0,229,537,0,537,766
06/10/2023,TKI,TX,ASW,CE,Federal Contract Tower,0,2,17,0,19,0,33,60,0,93,0,35,77,0,112,134,0,134,246
06/11/2023,TKI,TX,ASW,CE,Federal Contract Tower,0,10,30,0,40,0,50,93,0,143,0,60,123,0,183,248,0,248,431
06/12/2023,TKI,TX,ASW,CE,Federal Contract Tower,0,10,36,0,46,0,31,63,0,94,0,41,99,0,140,168,0,168,308
06/13/2023,TKI,TX,ASW,CE,Federal Contract Tower,0,11,47,0,58,0,0,0,0,0,0,11,47,0,58,6,0,6,64
06/14/2023,TKI,TX,ASW,CE,Federal Contract Tower,0,14,36,0,50,0,25,29,0,54,0,39,65,0,104,206,0,206,310
06/15/2023,TKI,TX,ASW,CE,Federal Contract Tower,0,7,29,0,36,0,46,51,0,97,0,53,80,0,133,226,0,226,359
06/16/2023,TKI,TX,ASW,CE,Federal Contract Tower,0,27,36,0,63,0,67,60,0,127,0,94,96,0,190,366,0,366,556
06/17/2023,TKI,TX,ASW,CE,Federal Contract Tower,0,15,22,0,37,0,32,60,0,92,0,47,82,0,129,231,0,231,360
06/18/2023,TKI,TX,ASW,CE,Federal Contract Tower,0,17,27,0,44,0,29,31,0,60,0,46,58,0,104,100,0,100,204
06/19/2023,TKI,TX,ASW,CE,Federal Contract Tower,0,8,39,0,47,0,72,71,0,143,0,80,110,0,190,269,0,269,459
06/20/2023,TKI,TX,ASW,CE,Federal Contract Tower,0,9,28,0,37,0,49,52,0,101,0,58,80,0,138,191,0,191,329
06/21/2023,TKI,TX,ASW,CE,Federal Contract Tower,0,16,41,0,57,0,40,93,0,133,0,56,134,0,190,242,0,242,432
06/22/2023,TKI,TX,ASW,CE,Federal Contract Tower,0,16,23,0,39,0,66,91,0,157,0,82,114,0,196,343,0,343,539
06/23/2023,TKI,TX,ASW,CE,Federal Contract Tower,0,15,31,0,46,0,0,0,0,0,0,15,31,0,46,265,0,265,311
06/24/2023,TKI,TX,ASW,CE,Federal Contract Tower,0,2,11,0,13,0,38,73,0,111,0,40,84,0,124,180,0,180,304
06/25/2023,TKI,TX,ASW,CE,Federal Contract Tower,0,11,16,0,27,0,42,94,0,136,0,53,110,0,163,160,0,160,323
06/26/2023,TKI,TX,ASW,CE,Federal Contract Tower,0,8,17,0,25,0,66,73,0,139,0,74,90,0,164,323,0,323,487
06/27/2023,TKI,TX,ASW,CE,Federal Contract Tower,0,14,23,0,37,0,34,84,0,118,0,48,107,0,155,365,0,365,520
06/28/2023,TKI,TX,ASW,CE,Federal Contract Tower,0,9,21,0,30,0,66,88,0,154,0,75,109,0,184,387,0,387,571
06/29/2023,TKI,TX,ASW,CE,Federal Contract Tower,0,7,22,0,29,0,72,98,0,170,0,79,120,0,199,343,0,343,542
06/30/2023,TKI,TX,ASW,CE,Federal Contract Tower,0,15,29,0,44,0,65,79,0,144,0,80,108,0,188,294,0,294,482
07/01/2023,TKI,TX,ASW,CE,Federal Contract Tower,0,6,19,0,25,0,51,78,0,129,0,57,97,0,154,280,0,280,434
07/02/2023,TKI,TX,ASW,CE,Federal Contract Tower,0,12,16,0,28,0,51,73,0,124,0,63,89,0,152,218,0,218,370
07/03/2023,TKI,TX,ASW,CE,Federal Contract Tower,0,4,18,0,22,0,38,95,0,133,0,42,113,0,155,296,0,296,451
07/04/2023,TKI,TX,ASW,CE,Federal Contract Tower,0,1,15,0,16,0,51,66,1,118,0,52,81,1,134,245,0,245,379
07/05/2023,TKI,TX,ASW,CE,Federal Contract Tower,0,15,29,0,44,0,52,80,0,132,0,67,109,0,176,301,0,301,477
07/06/2023,TKI,TX,ASW,CE,Federal Contract Tower,0,9,19,0,28,0,78,58,0,136,0,87,77,0,164,456,0,456,620
07/07/2023,TKI,TX,ASW,CE,Federal Contract Tower,0,10,36,0,46,0,73,68,0,141,0,83,104,0,187,374,0,374,561
07/08/2023,TKI,TX,ASW,CE,Federal Contract Tower,0,5,26,0,31,0,53,91,0,144,0,58,117,0,175,317,0,317,492
07/09/2023,TKI,TX,ASW,CE,Federal Contract Tower,0,9,27,0,36,0,37,47,0,84,0,46,74,0,120,260,0,260,380
07/10/2023,TKI,TX,ASW,CE,Federal Contract Tower,0,13,29,0,42,0,42,49,0,91,0,55,78,0,133,273,0,273,406
07/11/2023,TKI,TX,ASW,CE,Federal Contract Tower,0,5,36,0,41,0,53,44,0,97,0,58,80,0,138,256,0,256,394
07/12/2023,TKI,TX,ASW,CE,Federal Contract Tower,0,10,31,0,41,0,56,74,0,130,0,66,105,0,171,355,0,355,526
07/13/2023,TKI,TX,ASW,CE,Federal Contract Tower,0,2,28,0,30,0,54,65,0,119,0,56,93,0,149,285,0,285,434
07/14/2023,TKI,TX,ASW,CE,Federal Contract Tower,0,2,21,0,23,0,71,91,0,162,0,73,112,0,185,367,0,367,552
07/15/2023,TKI,TX,ASW,CE,Federal Contract Tower,0,5,23,0,28,0,50,106,0,156,0,55,129,0,184,277,0,277,461
07/16/2023,TKI,TX,ASW,CE,Federal Contract Tower,0,4,18,0,22,0,25,41,0,66,0,29,59,0,88,81,0,81,169
07/17/2023,TKI,TX,ASW,CE,Federal Contract Tower,0,6,27,0,33,0,50,90,0,140,0,56,117,0,173,344,0,344,517
07/18/2023,TKI,TX,ASW,CE,Federal Contract Tower,0,7,30,0,37,0,67,80,0,147,0,74,110,0,184,344,0,344,528
07/19/2023,TKI,TX,ASW,CE,Federal Contract Tower,0,12,47,0,59,0,68,83,0,151,0,80,130,0,210,246,0,246,456
07/20/2023,TKI,TX,ASW,CE,Federal Contract Tower,0,8,27,0,35,0,57,90,0,147,0,65,117,0,182,393,0,393,575
07/21/2023,TKI,TX,ASW,CE,Federal Contract Tower,0,6,27,0,33,0,60,103,0,163,0,66,130,0,196,377,0,377,573
07/22/2023,TKI,TX,ASW,CE,Federal Contract Tower,0,7,23,0,30,0,64,96,0,160,0,71,119,0,190,331,0,331,521
07/23/2023,TKI,TX,ASW,CE,Federal Contract Tower,0,11,25,0,36,0,46,96,0,142,0,57,121,0,178,282,0,282,460
07/24/2023,TKI,TX,ASW,CE,Federal Contract Tower,0,4,14,0,18,0,61,81,0,142,0,65,95,0,160,380,0,380,540
07/25/2023,TKI,TX,ASW,CE,Federal Contract Tower,0,10,11,0,21,0,72,73,0,145,0,82,84,0,166,345,0,345,511
07/26/2023,TKI,TX,ASW,CE,Federal Contract Tower,0,14,24,0,38,0,53,79,0,132,0,67,103,0,170,423,0,423,593
07/27/2023,TKI,TX,ASW,CE,Federal Contract Tower,0,15,16,0,31,0,35,76,0,111,0,50,92,0,142,191,0,191,333
07/28/2023,TKI,TX,ASW,CE,Federal Contract Tower,0,10,31,0,41,0,49,64,0,113,0,59,95,0,154,278,0,278,432
07/29/2023,TKI,TX,ASW,CE,Federal Contract Tower,0,10,18,0,28,0,37,83,0,120,0,47,101,0,148,294,0,294,442
07/30/2023,TKI,TX,ASW,CE,Federal Contract Tower,0,4,24,0,28,0,30,90,0,120,0,34,114,0,148,251,0,251,399
07/31/2023,TKI,TX,ASW,CE,Federal Contract Tower,0,7,19,0,26,0,46,70,0,116,0,53,89,0,142,338,0,338,480
08/01/2023,TKI,TX,ASW,CE,Federal Contract Tower,0,9,23,0,32,0,56,79,0,135,0,65,102,0,167,461,0,461,628
08/02/2023,TKI,TX,ASW,CE,Federal Contract Tower,0,6,15,0,21,0,47,76,0,123,0,53,91,0,144,433,0,433,577
08/03/2023,TKI,TX,ASW,CE,Federal Contract Tower,0,9,24,0,33,0,55,79,0,134,0,64,103,0,167,338,0,338,505
08/04/2023,TKI,TX,ASW,CE,Federal Contract Tower,0,6,19,0,25,0,54,64,0,118,0,60,83,0,143,290,0,290,433
08/05/2023,TKI,TX,ASW,CE,Federal Contract Tower,0,5,16,0,21,0,58,89,0,147,0,63,105,0,168,243,0,243,411
08/06/2023,TKI,TX,ASW,CE,Federal Contract Tower,0,9,16,0,25,0,62,68,0,130,0,71,84,0,155,292,0,292,447
08/07/2023,TKI,TX,ASW,CE,Federal Contract Tower,0,9,25,0,34,0,55,53,0,108,0,64,78,0,142,296,0,296,438
08/08/2023,TKI,TX,ASW,CE,Federal Contract Tower,0,7,23,0,30,0,64,68,0,132,0,71,91,0,162,192,0,192,354
08/09/2023,TKI,TX,ASW,CE,Federal Contract Tower,0,6,25,0,31,0,43,56,0,99,0,49,81,0,130,182,0,182,312
08/10/2023,TKI,TX,ASW,CE,Federal Contract Tower,0,8,31,0,39,0,63,87,0,150,0,71,118,0,189,370,0,370,559
08/11/2023,TKI,TX,ASW,CE,Federal Contract Tower,0,14,37,0,51,0,60,113,0,173,0,74,150,0,224,321,0,321,545
08/12/2023,TKI,TX,ASW,CE,Federal Contract Tower,0,6,10,0,16,0,65,72,0,137,0,71,82,0,153,274,0,274,427
08/13/2023,TKI,TX,ASW,CE,Federal Contract Tower,0,6,24,0,30,0,54,98,0,152,0,60,122,0,182,243,0,243,425
08/14/2023,TKI,TX,ASW,CE,Federal Contract Tower,0,8,27,0,35,0,51,65,0,116,0,59,92,0,151,290,0,290,441
08/15/2023,TKI,TX,ASW,CE,Federal Contract Tower,0,8,31,0,39,0,95,96,0,191,0,103,127,0,230,349,0,349,579
08/16/2023,TKI,TX,ASW,CE,Federal Contract Tower,0,7,26,0,33,0,70,95,0,165,0,77,121,0,198,380,0,380,578
08/17/2023,TKI,TX,ASW,CE,Federal Contract Tower,0,13,30,0,43,0,66,71,0,137,0,79,101,0,180,318,0,318,498
08/18/2023,TKI,TX,ASW,CE,Federal Contract Tower,0,6,21,0,27,0,63,123,0,186,0,69,144,0,213,289,0,289,502
08/19/2023,TKI,TX,ASW,CE,Federal Contract Tower,0,4,25,0,29,0,68,85,0,153,0,72,110,0,182,246,0,246,428
08/20/2023,TKI,TX,ASW,CE,Federal Contract Tower,0,7,20,0,27,0,53,59,0,112,0,60,79,0,139,174,0,174,313
08/21/2023,TKI,TX,ASW,CE,Federal Contract Tower,0,4,21,0,25,0,100,65,0,165,0,104,86,0,190,309,0,309,499
08/22/2023,TKI,TX,ASW,CE,Federal Contract Tower,0,12,29,0,41,0,63,88,0,151,0,75,117,0,192,400,0,400,592
08/23/2023,TKI,TX,ASW,CE,Federal Contract Tower,0,11,22,0,33,0,80,77,0,157,0,91,99,0,190,328,0,328,518
08/24/2023,TKI,TX,ASW,CE,Federal Contract Tower,0,9,28,0,37,0,80,88,0,168,0,89,116,0,205,341,0,341,546
08/25/2023,TKI,TX,ASW,CE,Federal Contract Tower,0,5,17,0,22,0,67,101,0,168,0,72,118,0,190,316,0,316,506
08/26/2023,TKI,TX,ASW,CE,Federal Contract Tower,0,3,17,0,20,0,74,110,0,184,0,77,127,0,204,273,0,273,477
08/27/2023,TKI,TX,ASW,CE,Federal Contract Tower,0,5,12,0,17,0,60,77,0,137,0,65,89,0,154,282,0,282,436
08/28/2023,TKI,TX,ASW,CE,Federal Contract Tower,0,9,26,0,35,0,71,73,0,144,0,80,99,0,179,427,0,427,606
08/29/2023,TKI,TX,ASW,CE,Federal Contract Tower,0,7,18,0,25,0,100,87,0,187,0,107,105,0,212,347,0,347,559
08/30/2023,TKI,TX,ASW,CE,Federal Contract Tower,0,11,23,0,34,0,102,106,0,208,0,113,129,0,242,368,0,368,610
08/31/2023,TKI,TX,ASW,CE,Federal Contract Tower,0,14,32,0,46,0,87,98,0,185,0,101,130,0,231,357,0,357,588
