01/01/2020,TLH,FL,ASO,ES,Combined TRACON& Tower with Radar,19,10,21,0,50,0,5,42,0,47,19,15,63,0,97,44,0,44,141
01/02/2020,TLH,FL,ASO,ES,Combined TRACON& Tower with Radar,25,31,18,2,76,0,7,30,1,38,25,38,48,3,114,28,0,28,142
01/03/2020,TLH,FL,ASO,ES,Combined TRACON& Tower with Radar,26,29,23,12,90,0,0,1,4,5,26,29,24,16,95,0,0,0,95
01/04/2020,TLH,FL,ASO,ES,Combined TRACON& Tower with Radar,27,21,26,9,83,0,6,17,3,26,27,27,43,12,109,0,0,0,109
01/05/2020,TLH,FL,ASO,ES,Combined TRACON& Tower with Radar,25,20,31,9,85,0,10,53,7,70,25,30,84,16,155,60,0,60,215
01/06/2020,TLH,FL,ASO,ES,Combined TRACON& Tower with Radar,34,24,41,13,112,0,15,46,1,62,34,39,87,14,174,24,10,34,208
01/07/2020,TLH,FL,ASO,ES,Combined TRACON& Tower with Radar,27,17,39,36,119,0,9,44,5,58,27,26,83,41,177,14,22,36,213
01/08/2020,TLH,FL,ASO,ES,Combined TRACON& Tower with Radar,32,18,48,23,121,0,9,46,2,57,32,27,94,25,178,80,4,84,262
01/09/2020,TLH,FL,ASO,ES,Combined TRACON& Tower with Radar,29,28,45,29,131,0,10,44,3,57,29,38,89,32,188,22,48,70,258
01/10/2020,TLH,FL,ASO,ES,Combined TRACON& Tower with Radar,27,30,53,69,179,0,8,46,20,74,27,38,99,89,253,30,8,38,291
01/11/2020,TLH,FL,ASO,ES,Combined TRACON& Tower with Radar,21,11,4,6,42,0,0,2,0,2,21,11,6,6,44,2,0,2,46
01/12/2020,TLH,FL,ASO,ES,Combined TRACON& Tower with Radar,27,23,24,4,78,0,0,0,0,0,27,23,24,4,78,0,0,0,78
01/13/2020,TLH,FL,ASO,ES,Combined TRACON& Tower with Radar,35,20,47,24,126,0,0,10,2,12,35,20,57,26,138,36,4,40,178
01/14/2020,TLH,FL,ASO,ES,Combined TRACON& Tower with Radar,32,29,54,62,177,0,3,32,6,41,32,32,86,68,218,44,50,94,312
01/15/2020,TLH,FL,ASO,ES,Combined TRACON& Tower with Radar,39,30,55,35,159,0,0,11,1,12,39,30,66,36,171,66,12,78,249
01/16/2020,TLH,FL,ASO,ES,Combined TRACON& Tower with Radar,33,31,69,30,163,0,2,10,0,12,33,33,79,30,175,30,8,38,213
01/17/2020,TLH,FL,ASO,ES,Combined TRACON& Tower with Radar,31,34,46,62,173,0,9,72,18,99,31,43,118,80,272,50,14,64,336
01/18/2020,TLH,FL,ASO,ES,Combined TRACON& Tower with Radar,19,9,25,10,63,0,5,46,1,52,19,14,71,11,115,0,0,0,115
01/19/2020,TLH,FL,ASO,ES,Combined TRACON& Tower with Radar,21,22,23,6,72,0,0,10,10,20,21,22,33,16,92,26,0,26,118
01/20/2020,TLH,FL,ASO,ES,Combined TRACON& Tower with Radar,27,28,51,4,110,0,8,49,3,60,27,36,100,7,170,64,0,64,234
01/21/2020,TLH,FL,ASO,ES,Combined TRACON& Tower with Radar,28,32,46,31,137,0,2,58,1,61,28,34,104,32,198,10,0,10,208
01/22/2020,TLH,FL,ASO,ES,Combined TRACON& Tower with Radar,29,27,56,48,160,0,7,66,2,75,29,34,122,50,235,38,44,82,317
01/23/2020,TLH,FL,ASO,ES,Combined TRACON& Tower with Radar,29,37,58,70,194,0,0,42,0,42,29,37,100,70,236,84,62,146,382
01/24/2020,TLH,FL,ASO,ES,Combined TRACON& Tower with Radar,30,28,40,33,131,0,3,10,20,33,30,31,50,53,164,10,0,10,174
01/25/2020,TLH,FL,ASO,ES,Combined TRACON& Tower with Radar,21,14,34,4,73,0,10,48,3,61,21,24,82,7,134,16,12,28,162
01/26/2020,TLH,FL,ASO,ES,Combined TRACON& Tower with Radar,28,20,36,34,118,0,6,38,28,72,28,26,74,62,190,76,20,96,286
01/27/2020,TLH,FL,ASO,ES,Combined TRACON& Tower with Radar,29,19,64,44,156,0,0,37,5,42,29,19,101,49,198,64,64,128,326
01/28/2020,TLH,FL,ASO,ES,Combined TRACON& Tower with Radar,27,31,62,47,167,0,3,63,4,70,27,34,125,51,237,52,72,124,361
01/29/2020,TLH,FL,ASO,ES,Combined TRACON& Tower with Radar,34,40,69,44,187,0,4,13,1,18,34,44,82,45,205,2,8,10,215
01/30/2020,TLH,FL,ASO,ES,Combined TRACON& Tower with Radar,29,39,70,31,169,0,4,45,2,51,29,43,115,33,220,16,0,16,236
01/31/2020,TLH,FL,ASO,ES,Combined TRACON& Tower with Radar,32,26,56,14,128,0,0,0,0,0,32,26,56,14,128,0,0,0,128
02/01/2020,TLH,FL,ASO,ES,Combined TRACON& Tower with Radar,23,13,30,2,68,0,0,6,0,6,23,13,36,2,74,0,0,0,74
02/02/2020,TLH,FL,ASO,ES,Combined TRACON& Tower with Radar,28,27,40,4,99,0,10,44,6,60,28,37,84,10,159,44,0,44,203
02/03/2020,TLH,FL,ASO,ES,Combined TRACON& Tower with Radar,30,41,73,53,197,0,10,71,6,87,30,51,144,59,284,48,28,76,360
02/04/2020,TLH,FL,ASO,ES,Combined TRACON& Tower with Radar,27,37,68,86,218,0,4,24,4,32,27,41,92,90,250,50,22,72,322
02/05/2020,TLH,FL,ASO,ES,Combined TRACON& Tower with Radar,37,30,47,22,136,0,2,3,1,6,37,32,50,23,142,2,0,2,144
02/06/2020,TLH,FL,ASO,ES,Combined TRACON& Tower with Radar,33,23,18,2,76,0,0,0,0,0,33,23,18,2,76,0,0,0,76
02/07/2020,TLH,FL,ASO,ES,Combined TRACON& Tower with Radar,31,34,34,85,184,0,8,53,8,69,31,42,87,93,253,30,8,38,291
02/08/2020,TLH,FL,ASO,ES,Combined TRACON& Tower with Radar,18,12,47,39,116,0,5,53,6,64,18,17,100,45,180,40,2,42,222
02/09/2020,TLH,FL,ASO,ES,Combined TRACON& Tower with Radar,28,19,43,22,112,0,22,56,15,93,28,41,99,37,205,26,0,26,231
02/10/2020,TLH,FL,ASO,ES,Combined TRACON& Tower with Radar,30,24,47,46,147,0,0,46,2,48,30,24,93,48,195,12,10,22,217
02/11/2020,TLH,FL,ASO,ES,Combined TRACON& Tower with Radar,31,22,73,40,166,0,0,13,1,14,31,22,86,41,180,12,14,26,206
02/12/2020,TLH,FL,ASO,ES,Combined TRACON& Tower with Radar,29,26,51,14,120,0,2,3,1,6,29,28,54,15,126,14,0,14,140
02/13/2020,TLH,FL,ASO,ES,Combined TRACON& Tower with Radar,31,31,48,3,113,0,0,3,0,3,31,31,51,3,116,0,0,0,116
02/14/2020,TLH,FL,ASO,ES,Combined TRACON& Tower with Radar,30,21,46,29,126,0,3,29,0,32,30,24,75,29,158,38,6,44,202
02/15/2020,TLH,FL,ASO,ES,Combined TRACON& Tower with Radar,20,9,27,3,59,0,4,64,13,81,20,13,91,16,140,56,16,72,212
02/16/2020,TLH,FL,ASO,ES,Combined TRACON& Tower with Radar,21,20,42,1,84,0,0,1,0,1,21,20,43,1,85,0,0,0,85
02/17/2020,TLH,FL,ASO,ES,Combined TRACON& Tower with Radar,29,25,40,2,96,0,0,0,0,0,29,25,40,2,96,0,0,0,96
02/18/2020,TLH,FL,ASO,ES,Combined TRACON& Tower with Radar,30,25,53,23,131,0,2,12,7,21,30,27,65,30,152,14,32,46,198
02/19/2020,TLH,FL,ASO,ES,Combined TRACON& Tower with Radar,27,30,67,104,228,0,3,34,6,43,27,33,101,110,271,104,78,182,453
02/20/2020,TLH,FL,ASO,ES,Combined TRACON& Tower with Radar,29,26,42,19,116,0,0,0,0,0,29,26,42,19,116,0,0,0,116
02/21/2020,TLH,FL,ASO,ES,Combined TRACON& Tower with Radar,31,27,41,19,118,0,4,32,10,46,31,31,73,29,164,4,0,4,168
02/22/2020,TLH,FL,ASO,ES,Combined TRACON& Tower with Radar,23,23,37,17,100,0,4,49,3,56,23,27,86,20,156,46,16,62,218
02/23/2020,TLH,FL,ASO,ES,Combined TRACON& Tower with Radar,28,21,31,16,96,0,19,61,8,88,28,40,92,24,184,20,0,20,204
02/24/2020,TLH,FL,ASO,ES,Combined TRACON& Tower with Radar,31,19,49,46,145,0,2,36,1,39,31,21,85,47,184,54,32,86,270
02/25/2020,TLH,FL,ASO,ES,Combined TRACON& Tower with Radar,29,30,28,12,99,0,0,2,3,5,29,30,30,15,104,0,0,0,104
02/26/2020,TLH,FL,ASO,ES,Combined TRACON& Tower with Radar,27,24,25,15,91,0,0,9,0,9,27,24,34,15,100,0,22,22,122
02/27/2020,TLH,FL,ASO,ES,Combined TRACON& Tower with Radar,31,34,72,22,159,0,11,56,7,74,31,45,128,29,233,40,46,86,319
02/28/2020,TLH,FL,ASO,ES,Combined TRACON& Tower with Radar,30,27,54,59,170,0,8,57,12,77,30,35,111,71,247,26,30,56,303
02/29/2020,TLH,FL,ASO,ES,Combined TRACON& Tower with Radar,24,10,26,13,73,0,10,55,5,70,24,20,81,18,143,10,30,40,183
03/01/2020,TLH,FL,ASO,ES,Combined TRACON& Tower with Radar,28,22,52,21,123,0,12,50,9,71,28,34,102,30,194,20,18,38,232
03/02/2020,TLH,FL,ASO,ES,Combined TRACON& Tower with Radar,30,23,55,65,173,0,0,30,5,35,30,23,85,70,208,62,18,80,288
03/03/2020,TLH,FL,ASO,ES,Combined TRACON& Tower with Radar,28,16,44,36,124,0,2,13,3,18,28,18,57,39,142,16,0,16,158
03/04/2020,TLH,FL,ASO,ES,Combined TRACON& Tower with Radar,29,20,31,12,92,0,6,2,1,9,29,26,33,13,101,0,22,22,123
03/05/2020,TLH,FL,ASO,ES,Combined TRACON& Tower with Radar,31,25,31,14,101,0,0,1,0,1,31,25,32,14,102,0,0,0,102
03/06/2020,TLH,FL,ASO,ES,Combined TRACON& Tower with Radar,31,26,59,54,170,0,9,55,6,70,31,35,114,60,240,12,25,37,277
03/07/2020,TLH,FL,ASO,ES,Combined TRACON& Tower with Radar,21,14,40,10,85,0,4,62,3,69,21,18,102,13,154,42,8,50,204
03/08/2020,TLH,FL,ASO,ES,Combined TRACON& Tower with Radar,31,13,44,13,101,0,6,47,12,65,31,19,91,25,166,6,0,6,172
03/09/2020,TLH,FL,ASO,ES,Combined TRACON& Tower with Radar,28,23,45,32,128,0,6,39,7,52,28,29,84,39,180,48,6,54,234
03/10/2020,TLH,FL,ASO,ES,Combined TRACON& Tower with Radar,31,27,50,70,178,0,3,48,2,53,31,30,98,72,231,22,73,95,326
03/11/2020,TLH,FL,ASO,ES,Combined TRACON& Tower with Radar,26,24,48,54,152,0,6,24,2,32,26,30,72,56,184,2,18,20,204
03/12/2020,TLH,FL,ASO,ES,Combined TRACON& Tower with Radar,28,23,41,45,137,0,1,38,1,40,28,24,79,46,177,22,0,22,199
03/13/2020,TLH,FL,ASO,ES,Combined TRACON& Tower with Radar,30,27,30,62,149,0,2,35,12,49,30,29,65,74,198,30,26,56,254
03/14/2020,TLH,FL,ASO,ES,Combined TRACON& Tower with Radar,21,15,32,7,75,0,4,36,3,43,21,19,68,10,118,44,0,44,162
03/15/2020,TLH,FL,ASO,ES,Combined TRACON& Tower with Radar,27,21,30,55,133,0,1,30,14,45,27,22,60,69,178,18,0,18,196
03/16/2020,TLH,FL,ASO,ES,Combined TRACON& Tower with Radar,29,31,24,67,151,0,2,32,2,36,29,33,56,69,187,6,44,50,237
03/17/2020,TLH,FL,ASO,ES,Combined TRACON& Tower with Radar,26,23,21,22,92,0,0,19,0,19,26,23,40,22,111,18,26,44,155
03/18/2020,TLH,FL,ASO,ES,Combined TRACON& Tower with Radar,28,22,27,40,117,0,2,31,3,36,28,24,58,43,153,12,98,110,263
03/19/2020,TLH,FL,ASO,ES,Combined TRACON& Tower with Radar,24,23,27,21,95,0,7,40,6,53,24,30,67,27,148,10,46,56,204
03/20/2020,TLH,FL,ASO,ES,Combined TRACON& Tower with Radar,26,22,19,37,104,0,3,36,5,44,26,25,55,42,148,24,44,68,216
03/21/2020,TLH,FL,ASO,ES,Combined TRACON& Tower with Radar,21,14,26,7,68,0,0,23,0,23,21,14,49,7,91,24,0,24,115
03/22/2020,TLH,FL,ASO,ES,Combined TRACON& Tower with Radar,25,20,23,14,82,0,0,13,2,15,25,20,36,16,97,0,0,0,97
03/23/2020,TLH,FL,ASO,ES,Combined TRACON& Tower with Radar,24,19,11,9,63,0,0,11,0,11,24,19,22,9,74,16,0,16,90
03/24/2020,TLH,FL,ASO,ES,Combined TRACON& Tower with Radar,20,16,25,19,80,0,9,12,7,28,20,25,37,26,108,0,8,8,116
03/25/2020,TLH,FL,ASO,ES,Combined TRACON& Tower with Radar,16,18,28,34,96,0,5,27,4,36,16,23,55,38,132,8,6,14,146
03/26/2020,TLH,FL,ASO,ES,Combined TRACON& Tower with Radar,17,35,25,34,111,0,11,21,0,32,17,46,46,34,143,5,53,58,201
03/27/2020,TLH,FL,ASO,ES,Combined TRACON& Tower with Radar,23,22,27,14,86,0,7,35,1,43,23,29,62,15,129,0,0,0,129
03/28/2020,TLH,FL,ASO,ES,Combined TRACON& Tower with Radar,13,6,13,16,48,0,0,31,3,34,13,6,44,19,82,0,0,0,82
03/29/2020,TLH,FL,ASO,ES,Combined TRACON& Tower with Radar,13,12,39,2,66,0,4,14,0,18,13,16,53,2,84,14,0,14,98
03/30/2020,TLH,FL,ASO,ES,Combined TRACON& Tower with Radar,17,11,13,21,62,0,4,30,2,36,17,15,43,23,98,50,14,64,162
03/31/2020,TLH,FL,ASO,ES,Combined TRACON& Tower with Radar,16,14,4,13,47,0,2,4,1,7,16,16,8,14,54,0,28,28,82
04/01/2020,TLH,FL,ASO,ES,Combined TRACON& Tower with Radar,13,15,26,18,72,0,4,43,2,49,13,19,69,20,121,72,6,78,199
04/02/2020,TLH,FL,ASO,ES,Combined TRACON& Tower with Radar,15,13,20,5,53,0,2,38,0,40,15,15,58,5,93,32,0,32,125
04/03/2020,TLH,FL,ASO,ES,Combined TRACON& Tower with Radar,15,16,15,6,52,0,6,23,0,29,15,22,38,6,81,22,0,22,103
04/04/2020,TLH,FL,ASO,ES,Combined TRACON& Tower with Radar,11,5,11,2,29,0,6,30,0,36,11,11,41,2,65,26,0,26,91
04/05/2020,TLH,FL,ASO,ES,Combined TRACON& Tower with Radar,13,5,22,0,40,0,0,15,0,15,13,5,37,0,55,0,0,0,55
04/06/2020,TLH,FL,ASO,ES,Combined TRACON& Tower with Radar,13,7,23,12,55,0,1,30,1,32,13,8,53,13,87,42,16,58,145
04/07/2020,TLH,FL,ASO,ES,Combined TRACON& Tower with Radar,13,11,18,35,77,0,2,26,0,28,13,13,44,35,105,2,22,24,129
04/08/2020,TLH,FL,ASO,ES,Combined TRACON& Tower with Radar,15,9,18,15,57,0,2,14,0,16,15,11,32,15,73,10,8,18,91
04/09/2020,TLH,FL,ASO,ES,Combined TRACON& Tower with Radar,16,9,19,17,61,0,2,23,0,25,16,11,42,17,86,25,31,56,142
04/10/2020,TLH,FL,ASO,ES,Combined TRACON& Tower with Radar,15,2,25,0,42,0,2,19,0,21,15,4,44,0,63,6,0,6,69
04/11/2020,TLH,FL,ASO,ES,Combined TRACON& Tower with Radar,10,2,34,0,46,0,0,28,1,29,10,2,62,1,75,0,0,0,75
04/12/2020,TLH,FL,ASO,ES,Combined TRACON& Tower with Radar,11,2,0,0,13,0,0,4,0,4,11,2,4,0,17,0,0,0,17
04/13/2020,TLH,FL,ASO,ES,Combined TRACON& Tower with Radar,11,4,20,36,71,0,2,13,2,17,11,6,33,38,88,0,0,0,88
04/14/2020,TLH,FL,ASO,ES,Combined TRACON& Tower with Radar,14,7,10,0,31,0,1,6,0,7,14,8,16,0,38,16,0,16,54
04/15/2020,TLH,FL,ASO,ES,Combined TRACON& Tower with Radar,13,6,14,29,62,0,4,5,0,9,13,10,19,29,71,0,8,8,79
04/16/2020,TLH,FL,ASO,ES,Combined TRACON& Tower with Radar,12,12,17,4,45,0,8,35,4,47,12,20,52,8,92,12,6,18,110
04/17/2020,TLH,FL,ASO,ES,Combined TRACON& Tower with Radar,16,6,28,1,51,0,2,37,1,40,16,8,65,2,91,0,0,0,91
04/18/2020,TLH,FL,ASO,ES,Combined TRACON& Tower with Radar,8,4,12,2,26,0,1,2,0,3,8,5,14,2,29,4,0,4,33
04/19/2020,TLH,FL,ASO,ES,Combined TRACON& Tower with Radar,8,3,7,0,18,0,0,8,0,8,8,3,15,0,26,0,0,0,26
04/20/2020,TLH,FL,ASO,ES,Combined TRACON& Tower with Radar,10,4,28,12,54,0,4,13,2,19,10,8,41,14,73,0,2,2,75
04/21/2020,TLH,FL,ASO,ES,Combined TRACON& Tower with Radar,11,11,35,21,78,0,2,33,4,39,11,13,68,25,117,38,16,54,171
04/22/2020,TLH,FL,ASO,ES,Combined TRACON& Tower with Radar,8,11,25,37,81,0,2,24,6,32,8,13,49,43,113,24,16,40,153
04/23/2020,TLH,FL,ASO,ES,Combined TRACON& Tower with Radar,6,1,8,0,15,0,0,5,0,5,6,1,13,0,20,0,0,0,20
04/24/2020,TLH,FL,ASO,ES,Combined TRACON& Tower with Radar,7,5,10,28,50,0,4,11,0,15,7,9,21,28,65,18,0,18,83
04/25/2020,TLH,FL,ASO,ES,Combined TRACON& Tower with Radar,6,1,24,8,39,0,0,16,0,16,6,1,40,8,55,6,8,14,69
04/26/2020,TLH,FL,ASO,ES,Combined TRACON& Tower with Radar,6,6,22,5,39,0,0,14,1,15,6,6,36,6,54,0,0,0,54
04/27/2020,TLH,FL,ASO,ES,Combined TRACON& Tower with Radar,5,15,18,26,64,0,2,40,2,44,5,17,58,28,108,28,0,28,136
04/28/2020,TLH,FL,ASO,ES,Combined TRACON& Tower with Radar,7,9,29,24,69,0,4,35,0,39,7,13,64,24,108,36,20,56,164
04/29/2020,TLH,FL,ASO,ES,Combined TRACON& Tower with Radar,7,5,16,0,28,0,4,4,0,8,7,9,20,0,36,14,0,14,50
04/30/2020,TLH,FL,ASO,ES,Combined TRACON& Tower with Radar,7,14,22,27,70,0,5,26,5,36,7,19,48,32,106,0,4,4,110
05/01/2020,TLH,FL,ASO,ES,Combined TRACON& Tower with Radar,11,6,33,20,70,0,6,42,2,50,11,12,75,22,120,20,2,22,142
05/02/2020,TLH,FL,ASO,ES,Combined TRACON& Tower with Radar,5,8,16,4,33,0,4,26,0,30,5,12,42,4,63,0,6,6,69
05/03/2020,TLH,FL,ASO,ES,Combined TRACON& Tower with Radar,7,5,29,14,55,0,0,25,2,27,7,5,54,16,82,18,0,18,100
05/04/2020,TLH,FL,ASO,ES,Combined TRACON& Tower with Radar,6,5,8,5,24,0,2,22,4,28,6,7,30,9,52,0,12,12,64
05/05/2020,TLH,FL,ASO,ES,Combined TRACON& Tower with Radar,5,9,31,45,90,0,2,16,0,18,5,11,47,45,108,6,0,6,114
05/06/2020,TLH,FL,ASO,ES,Combined TRACON& Tower with Radar,11,6,17,34,68,0,0,19,2,21,11,6,36,36,89,6,22,28,117
05/07/2020,TLH,FL,ASO,ES,Combined TRACON& Tower with Radar,8,12,34,25,79,0,4,42,4,50,8,16,76,29,129,4,4,8,137
05/08/2020,TLH,FL,ASO,ES,Combined TRACON& Tower with Radar,9,8,21,25,63,0,2,23,1,26,9,10,44,26,89,0,0,0,89
05/09/2020,TLH,FL,ASO,ES,Combined TRACON& Tower with Radar,10,1,29,10,50,0,1,35,5,41,10,2,64,15,91,18,0,18,109
05/10/2020,TLH,FL,ASO,ES,Combined TRACON& Tower with Radar,7,0,13,0,20,0,0,24,0,24,7,0,37,0,44,0,0,0,44
05/11/2020,TLH,FL,ASO,ES,Combined TRACON& Tower with Radar,8,7,30,36,81,0,6,34,12,52,8,13,64,48,133,10,12,22,155
05/12/2020,TLH,FL,ASO,ES,Combined TRACON& Tower with Radar,9,3,16,50,78,0,7,54,2,63,9,10,70,52,141,38,12,50,191
05/13/2020,TLH,FL,ASO,ES,Combined TRACON& Tower with Radar,9,21,36,29,95,0,8,41,10,59,9,29,77,39,154,40,28,68,222
05/14/2020,TLH,FL,ASO,ES,Combined TRACON& Tower with Radar,10,16,33,36,95,0,6,40,10,56,10,22,73,46,151,72,8,80,231
05/15/2020,TLH,FL,ASO,ES,Combined TRACON& Tower with Radar,8,12,20,36,76,0,5,50,22,77,8,17,70,58,153,78,34,112,265
05/16/2020,TLH,FL,ASO,ES,Combined TRACON& Tower with Radar,9,11,21,4,45,0,3,22,4,29,9,14,43,8,74,2,0,2,76
05/17/2020,TLH,FL,ASO,ES,Combined TRACON& Tower with Radar,7,7,28,4,46,0,0,17,4,21,7,7,45,8,67,26,10,36,103
05/18/2020,TLH,FL,ASO,ES,Combined TRACON& Tower with Radar,9,7,11,7,34,0,2,5,0,7,9,9,16,7,41,18,0,18,59
05/19/2020,TLH,FL,ASO,ES,Combined TRACON& Tower with Radar,8,6,31,62,107,0,2,45,0,47,8,8,76,62,154,56,36,92,246
05/20/2020,TLH,FL,ASO,ES,Combined TRACON& Tower with Radar,7,2,20,0,29,0,0,6,0,6,7,2,26,0,35,0,0,0,35
05/21/2020,TLH,FL,ASO,ES,Combined TRACON& Tower with Radar,9,11,33,35,88,0,4,12,1,17,9,15,45,36,105,40,38,78,183
05/22/2020,TLH,FL,ASO,ES,Combined TRACON& Tower with Radar,10,7,42,0,59,0,0,40,0,40,10,7,82,0,99,30,0,30,129
05/23/2020,TLH,FL,ASO,ES,Combined TRACON& Tower with Radar,9,2,20,0,31,0,1,29,1,31,9,3,49,1,62,22,0,22,84
05/24/2020,TLH,FL,ASO,ES,Combined TRACON& Tower with Radar,9,2,24,0,35,0,8,22,0,30,9,10,46,0,65,16,0,16,81
05/25/2020,TLH,FL,ASO,ES,Combined TRACON& Tower with Radar,9,10,11,0,30,0,1,8,0,9,9,11,19,0,39,44,0,44,83
05/26/2020,TLH,FL,ASO,ES,Combined TRACON& Tower with Radar,9,5,25,9,48,0,0,5,1,6,9,5,30,10,54,36,0,36,90
05/27/2020,TLH,FL,ASO,ES,Combined TRACON& Tower with Radar,14,6,22,23,65,0,2,12,0,14,14,8,34,23,79,0,0,0,79
05/28/2020,TLH,FL,ASO,ES,Combined TRACON& Tower with Radar,10,3,16,8,37,0,0,25,0,25,10,3,41,8,62,22,6,28,90
05/29/2020,TLH,FL,ASO,ES,Combined TRACON& Tower with Radar,12,4,25,5,46,0,3,8,1,12,12,7,33,6,58,24,0,24,82
05/30/2020,TLH,FL,ASO,ES,Combined TRACON& Tower with Radar,9,10,17,6,42,0,2,26,4,32,9,12,43,10,74,12,0,12,86
05/31/2020,TLH,FL,ASO,ES,Combined TRACON& Tower with Radar,9,11,22,4,46,0,3,38,1,42,9,14,60,5,88,20,0,20,108
06/01/2020,TLH,FL,ASO,ES,Combined TRACON& Tower with Radar,10,12,17,28,67,0,5,32,4,41,10,17,49,32,108,55,16,71,179
06/02/2020,TLH,FL,ASO,ES,Combined TRACON& Tower with Radar,10,8,29,6,53,0,0,48,1,49,10,8,77,7,102,20,10,30,132
06/03/2020,TLH,FL,ASO,ES,Combined TRACON& Tower with Radar,11,6,30,8,55,0,0,23,2,25,11,6,53,10,80,16,16,32,112
06/04/2020,TLH,FL,ASO,ES,Combined TRACON& Tower with Radar,10,10,22,29,71,0,0,29,8,37,10,10,51,37,108,24,0,24,132
06/05/2020,TLH,FL,ASO,ES,Combined TRACON& Tower with Radar,10,5,14,33,62,0,0,21,6,27,10,5,35,39,89,20,12,32,121
06/06/2020,TLH,FL,ASO,ES,Combined TRACON& Tower with Radar,10,7,6,0,23,0,0,0,0,0,10,7,6,0,23,0,0,0,23
06/07/2020,TLH,FL,ASO,ES,Combined TRACON& Tower with Radar,9,7,7,0,23,0,0,1,0,1,9,7,8,0,24,0,0,0,24
06/08/2020,TLH,FL,ASO,ES,Combined TRACON& Tower with Radar,9,11,20,37,77,0,2,6,1,9,9,13,26,38,86,0,0,0,86
06/09/2020,TLH,FL,ASO,ES,Combined TRACON& Tower with Radar,10,9,8,0,27,0,0,3,0,3,10,9,11,0,30,0,0,0,30
06/10/2020,TLH,FL,ASO,ES,Combined TRACON& Tower with Radar,10,6,27,22,65,0,2,31,2,35,10,8,58,24,100,20,4,24,124
06/11/2020,TLH,FL,ASO,ES,Combined TRACON& Tower with Radar,10,11,36,10,67,0,0,13,0,13,10,11,49,10,80,0,0,0,80
06/12/2020,TLH,FL,ASO,ES,Combined TRACON& Tower with Radar,9,5,29,17,60,0,0,32,0,32,9,5,61,17,92,66,12,78,170
06/13/2020,TLH,FL,ASO,ES,Combined TRACON& Tower with Radar,9,7,12,0,28,0,1,21,1,23,9,8,33,1,51,18,0,18,69
06/14/2020,TLH,FL,ASO,ES,Combined TRACON& Tower with Radar,9,14,32,8,63,0,2,33,9,44,9,16,65,17,107,0,0,0,107
06/15/2020,TLH,FL,ASO,ES,Combined TRACON& Tower with Radar,9,13,23,30,75,0,0,56,1,57,9,13,79,31,132,34,0,34,166
06/16/2020,TLH,FL,ASO,ES,Combined TRACON& Tower with Radar,10,14,39,42,105,0,6,42,4,52,10,20,81,46,157,54,32,86,243
06/17/2020,TLH,FL,ASO,ES,Combined TRACON& Tower with Radar,9,7,29,31,76,0,10,41,3,54,9,17,70,34,130,64,12,76,206
06/18/2020,TLH,FL,ASO,ES,Combined TRACON& Tower with Radar,10,15,31,46,102,0,4,32,11,47,10,19,63,57,149,56,28,84,233
06/19/2020,TLH,FL,ASO,ES,Combined TRACON& Tower with Radar,9,12,34,11,66,0,1,45,4,50,9,13,79,15,116,22,0,22,138
06/20/2020,TLH,FL,ASO,ES,Combined TRACON& Tower with Radar,9,6,28,15,58,0,5,40,9,54,9,11,68,24,112,16,0,16,128
06/21/2020,TLH,FL,ASO,ES,Combined TRACON& Tower with Radar,9,4,25,21,59,0,4,32,4,40,9,8,57,25,99,4,6,10,109
06/22/2020,TLH,FL,ASO,ES,Combined TRACON& Tower with Radar,9,9,24,14,56,0,4,49,2,55,9,13,73,16,111,12,0,12,123
06/23/2020,TLH,FL,ASO,ES,Combined TRACON& Tower with Radar,9,8,26,10,53,0,0,22,0,22,9,8,48,10,75,18,4,22,97
06/24/2020,TLH,FL,ASO,ES,Combined TRACON& Tower with Radar,9,10,22,8,49,0,0,24,0,24,9,10,46,8,73,14,0,14,87
06/25/2020,TLH,FL,ASO,ES,Combined TRACON& Tower with Radar,10,16,45,12,83,0,2,31,0,33,10,18,76,12,116,8,0,8,124
06/26/2020,TLH,FL,ASO,ES,Combined TRACON& Tower with Radar,11,12,27,32,82,0,1,22,2,25,11,13,49,34,107,38,0,38,145
06/27/2020,TLH,FL,ASO,ES,Combined TRACON& Tower with Radar,9,7,16,0,32,0,0,28,0,28,9,7,44,0,60,20,0,20,80
06/28/2020,TLH,FL,ASO,ES,Combined TRACON& Tower with Radar,9,3,18,34,64,0,2,18,2,22,9,5,36,36,86,0,0,0,86
06/29/2020,TLH,FL,ASO,ES,Combined TRACON& Tower with Radar,12,10,31,2,55,0,2,28,0,30,12,12,59,2,85,16,0,16,101
06/30/2020,TLH,FL,ASO,ES,Combined TRACON& Tower with Radar,10,5,35,11,61,0,0,24,2,26,10,5,59,13,87,72,0,72,159
07/01/2020,TLH,FL,ASO,ES,Combined TRACON& Tower with Radar,9,8,29,16,62,0,0,21,0,21,9,8,50,16,83,26,40,66,149
07/02/2020,TLH,FL,ASO,ES,Combined TRACON& Tower with Radar,13,10,25,14,62,0,0,22,1,23,13,10,47,15,85,26,20,46,131
07/03/2020,TLH,FL,ASO,ES,Combined TRACON& Tower with Radar,11,5,14,0,30,0,0,11,0,11,11,5,25,0,41,32,0,32,73
07/04/2020,TLH,FL,ASO,ES,Combined TRACON& Tower with Radar,9,3,1,0,13,0,0,9,0,9,9,3,10,0,22,0,0,0,22
07/05/2020,TLH,FL,ASO,ES,Combined TRACON& Tower with Radar,10,6,16,0,32,0,0,3,0,3,10,6,19,0,35,20,0,20,55
07/06/2020,TLH,FL,ASO,ES,Combined TRACON& Tower with Radar,11,10,9,0,30,0,2,10,0,12,11,12,19,0,42,0,0,0,42
07/07/2020,TLH,FL,ASO,ES,Combined TRACON& Tower with Radar,13,6,15,1,35,0,0,3,0,3,13,6,18,1,38,0,0,0,38
07/08/2020,TLH,FL,ASO,ES,Combined TRACON& Tower with Radar,12,10,35,66,123,0,0,14,1,15,12,10,49,67,138,4,12,16,154
07/09/2020,TLH,FL,ASO,ES,Combined TRACON& Tower with Radar,14,13,14,8,49,0,3,38,0,41,14,16,52,8,90,14,0,14,104
07/10/2020,TLH,FL,ASO,ES,Combined TRACON& Tower with Radar,16,12,25,22,75,0,0,37,0,37,16,12,62,22,112,0,0,0,112
07/11/2020,TLH,FL,ASO,ES,Combined TRACON& Tower with Radar,14,9,13,18,54,0,3,29,7,39,14,12,42,25,93,0,0,0,93
07/12/2020,TLH,FL,ASO,ES,Combined TRACON& Tower with Radar,14,6,27,2,49,0,16,34,2,52,14,22,61,4,101,28,0,28,129
07/13/2020,TLH,FL,ASO,ES,Combined TRACON& Tower with Radar,16,12,12,29,69,0,2,30,4,36,16,14,42,33,105,26,10,36,141
07/14/2020,TLH,FL,ASO,ES,Combined TRACON& Tower with Radar,14,11,23,10,58,0,1,21,3,25,14,12,44,13,83,54,0,54,137
07/15/2020,TLH,FL,ASO,ES,Combined TRACON& Tower with Radar,14,11,19,31,75,0,0,23,13,36,14,11,42,44,111,44,18,62,173
07/16/2020,TLH,FL,ASO,ES,Combined TRACON& Tower with Radar,15,8,26,23,72,0,1,45,8,54,15,9,71,31,126,44,6,50,176
07/17/2020,TLH,FL,ASO,ES,Combined TRACON& Tower with Radar,16,11,36,12,75,0,3,37,0,40,16,14,73,12,115,20,8,28,143
07/18/2020,TLH,FL,ASO,ES,Combined TRACON& Tower with Radar,14,9,25,2,50,0,4,31,0,35,14,13,56,2,85,18,0,18,103
07/19/2020,TLH,FL,ASO,ES,Combined TRACON& Tower with Radar,14,6,21,20,61,0,3,14,13,30,14,9,35,33,91,10,5,15,106
07/20/2020,TLH,FL,ASO,ES,Combined TRACON& Tower with Radar,14,14,32,3,63,0,2,30,3,35,14,16,62,6,98,32,0,32,130
07/21/2020,TLH,FL,ASO,ES,Combined TRACON& Tower with Radar,12,11,18,4,45,0,2,25,0,27,12,13,43,4,72,8,0,8,80
07/22/2020,TLH,FL,ASO,ES,Combined TRACON& Tower with Radar,16,11,20,15,62,0,4,29,4,37,16,15,49,19,99,49,0,49,148
07/23/2020,TLH,FL,ASO,ES,Combined TRACON& Tower with Radar,11,11,21,8,51,0,0,12,0,12,11,11,33,8,63,0,0,0,63
07/24/2020,TLH,FL,ASO,ES,Combined TRACON& Tower with Radar,16,11,18,27,72,0,2,22,3,27,16,13,40,30,99,64,12,76,175
07/25/2020,TLH,FL,ASO,ES,Combined TRACON& Tower with Radar,14,4,22,18,58,0,1,20,2,23,14,5,42,20,81,10,0,10,91
07/26/2020,TLH,FL,ASO,ES,Combined TRACON& Tower with Radar,12,0,19,17,48,0,0,14,3,17,12,0,33,20,65,8,0,8,73
07/27/2020,TLH,FL,ASO,ES,Combined TRACON& Tower with Radar,14,9,28,5,56,0,0,31,1,32,14,9,59,6,88,40,0,40,128
07/28/2020,TLH,FL,ASO,ES,Combined TRACON& Tower with Radar,13,6,20,1,40,0,0,20,1,21,13,6,40,2,61,0,0,0,61
07/29/2020,TLH,FL,ASO,ES,Combined TRACON& Tower with Radar,12,5,30,21,68,0,0,33,1,34,12,5,63,22,102,58,0,58,160
07/30/2020,TLH,FL,ASO,ES,Combined TRACON& Tower with Radar,13,11,27,27,78,0,0,29,2,31,13,11,56,29,109,42,54,96,205
07/31/2020,TLH,FL,ASO,ES,Combined TRACON& Tower with Radar,13,10,40,27,90,0,0,17,4,21,13,10,57,31,111,48,52,100,211
08/01/2020,TLH,FL,ASO,ES,Combined TRACON& Tower with Radar,14,4,12,6,36,0,0,26,1,27,14,4,38,7,63,32,0,32,95
08/02/2020,TLH,FL,ASO,ES,Combined TRACON& Tower with Radar,14,2,22,8,46,0,0,23,0,23,14,2,45,8,69,64,2,66,135
08/03/2020,TLH,FL,ASO,ES,Combined TRACON& Tower with Radar,17,11,26,20,74,0,1,31,3,35,17,12,57,23,109,16,6,22,131
08/04/2020,TLH,FL,ASO,ES,Combined TRACON& Tower with Radar,16,7,22,16,61,0,4,36,4,44,16,11,58,20,105,20,12,32,137
08/05/2020,TLH,FL,ASO,ES,Combined TRACON& Tower with Radar,14,7,26,21,68,0,0,51,5,56,14,7,77,26,124,78,32,110,234
08/06/2020,TLH,FL,ASO,ES,Combined TRACON& Tower with Radar,15,10,31,27,83,0,1,29,3,33,15,11,60,30,116,14,4,18,134
08/07/2020,TLH,FL,ASO,ES,Combined TRACON& Tower with Radar,15,10,31,5,61,0,0,41,3,44,15,10,72,8,105,0,0,0,105
08/08/2020,TLH,FL,ASO,ES,Combined TRACON& Tower with Radar,14,9,17,2,42,0,0,38,2,40,14,9,55,4,82,0,0,0,82
08/09/2020,TLH,FL,ASO,ES,Combined TRACON& Tower with Radar,14,9,29,1,53,0,20,26,1,47,14,29,55,2,100,2,0,2,102
08/10/2020,TLH,FL,ASO,ES,Combined TRACON& Tower with Radar,15,10,29,9,63,0,0,22,7,29,15,10,51,16,92,8,0,8,100
08/11/2020,TLH,FL,ASO,ES,Combined TRACON& Tower with Radar,12,12,25,8,57,0,0,25,2,27,12,12,50,10,84,58,22,80,164
08/12/2020,TLH,FL,ASO,ES,Combined TRACON& Tower with Radar,17,10,37,49,113,0,0,54,5,59,17,10,91,54,172,58,46,104,276
08/13/2020,TLH,FL,ASO,ES,Combined TRACON& Tower with Radar,16,6,25,36,83,0,0,21,8,29,16,6,46,44,112,2,50,52,164
08/14/2020,TLH,FL,ASO,ES,Combined TRACON& Tower with Radar,15,9,27,8,59,0,0,34,0,34,15,9,61,8,93,14,0,14,107
08/15/2020,TLH,FL,ASO,ES,Combined TRACON& Tower with Radar,14,3,12,0,29,0,1,28,0,29,14,4,40,0,58,6,0,6,64
08/16/2020,TLH,FL,ASO,ES,Combined TRACON& Tower with Radar,13,5,34,32,84,0,0,37,4,41,13,5,71,36,125,18,0,18,143
08/17/2020,TLH,FL,ASO,ES,Combined TRACON& Tower with Radar,14,12,24,11,61,0,0,31,1,32,14,12,55,12,93,10,16,26,119
08/18/2020,TLH,FL,ASO,ES,Combined TRACON& Tower with Radar,14,7,20,30,71,0,1,27,0,28,14,8,47,30,99,8,16,24,123
08/19/2020,TLH,FL,ASO,ES,Combined TRACON& Tower with Radar,14,10,29,23,76,0,0,32,2,34,14,10,61,25,110,4,22,26,136
08/20/2020,TLH,FL,ASO,ES,Combined TRACON& Tower with Radar,15,10,34,2,61,0,0,21,0,21,15,10,55,2,82,22,0,22,104
08/21/2020,TLH,FL,ASO,ES,Combined TRACON& Tower with Radar,16,6,25,15,62,0,0,18,0,18,16,6,43,15,80,0,0,0,80
08/22/2020,TLH,FL,ASO,ES,Combined TRACON& Tower with Radar,15,2,13,1,31,0,0,12,2,14,15,2,25,3,45,0,0,0,45
08/23/2020,TLH,FL,ASO,ES,Combined TRACON& Tower with Radar,14,8,22,0,44,0,1,9,0,10,14,9,31,0,54,0,0,0,54
08/24/2020,TLH,FL,ASO,ES,Combined TRACON& Tower with Radar,19,11,17,13,60,0,1,4,1,6,19,12,21,14,66,0,0,0,66
08/25/2020,TLH,FL,ASO,ES,Combined TRACON& Tower with Radar,15,10,33,59,117,0,0,27,4,31,15,10,60,63,148,24,0,24,172
08/26/2020,TLH,FL,ASO,ES,Combined TRACON& Tower with Radar,15,6,22,20,63,0,0,30,1,31,15,6,52,21,94,37,0,37,131
08/27/2020,TLH,FL,ASO,ES,Combined TRACON& Tower with Radar,16,8,17,49,90,0,0,22,2,24,16,8,39,51,114,16,34,50,164
08/28/2020,TLH,FL,ASO,ES,Combined TRACON& Tower with Radar,16,10,23,50,99,0,3,39,13,55,16,13,62,63,154,22,28,50,204
08/29/2020,TLH,FL,ASO,ES,Combined TRACON& Tower with Radar,15,2,6,1,24,0,0,2,0,2,15,2,8,1,26,22,0,22,48
08/30/2020,TLH,FL,ASO,ES,Combined TRACON& Tower with Radar,18,6,10,5,39,0,0,6,4,10,18,6,16,9,49,26,0,26,75
08/31/2020,TLH,FL,ASO,ES,Combined TRACON& Tower with Radar,18,8,15,24,65,0,0,15,2,17,18,8,30,26,82,104,56,160,242
09/01/2020,TLH,FL,ASO,ES,Combined TRACON& Tower with Radar,14,8,17,12,51,0,0,11,0,11,14,8,28,12,62,16,0,16,78
09/02/2020,TLH,FL,ASO,ES,Combined TRACON& Tower with Radar,15,11,34,33,93,0,0,40,3,43,15,11,74,36,136,42,38,80,216
09/03/2020,TLH,FL,ASO,ES,Combined TRACON& Tower with Radar,16,8,30,26,80,0,1,45,3,49,16,9,75,29,129,40,18,58,187
09/04/2020,TLH,FL,ASO,ES,Combined TRACON& Tower with Radar,17,8,38,15,78,0,4,50,3,57,17,12,88,18,135,90,40,130,265
09/05/2020,TLH,FL,ASO,ES,Combined TRACON& Tower with Radar,20,5,14,0,39,0,39,51,0,90,20,44,65,0,129,10,0,10,139
09/06/2020,TLH,FL,ASO,ES,Combined TRACON& Tower with Radar,14,6,8,0,28,0,5,21,1,27,14,11,29,1,55,0,0,0,55
09/07/2020,TLH,FL,ASO,ES,Combined TRACON& Tower with Radar,15,5,31,0,51,0,1,33,2,36,15,6,64,2,87,66,0,66,153
09/08/2020,TLH,FL,ASO,ES,Combined TRACON& Tower with Radar,16,10,22,40,88,0,0,22,1,23,16,10,44,41,111,54,12,66,177
09/09/2020,TLH,FL,ASO,ES,Combined TRACON& Tower with Radar,15,7,53,40,115,0,0,38,6,44,15,7,91,46,159,30,6,36,195
09/10/2020,TLH,FL,ASO,ES,Combined TRACON& Tower with Radar,18,9,28,16,71,0,0,11,2,13,18,9,39,18,84,12,4,16,100
09/11/2020,TLH,FL,ASO,ES,Combined TRACON& Tower with Radar,17,9,32,13,71,0,0,8,3,11,17,9,40,16,82,14,0,14,96
09/12/2020,TLH,FL,ASO,ES,Combined TRACON& Tower with Radar,16,5,35,10,66,0,0,11,4,15,16,5,46,14,81,12,10,22,103
09/13/2020,TLH,FL,ASO,ES,Combined TRACON& Tower with Radar,20,12,17,0,49,0,0,2,0,2,20,12,19,0,51,0,0,0,51
09/14/2020,TLH,FL,ASO,ES,Combined TRACON& Tower with Radar,17,5,7,6,35,0,0,4,0,4,17,5,11,6,39,10,0,10,49
09/15/2020,TLH,FL,ASO,ES,Combined TRACON& Tower with Radar,16,7,14,0,37,0,0,0,0,0,16,7,14,0,37,0,0,0,37
09/16/2020,TLH,FL,ASO,ES,Combined TRACON& Tower with Radar,16,2,15,0,33,0,0,0,0,0,16,2,15,0,33,0,0,0,33
09/17/2020,TLH,FL,ASO,ES,Combined TRACON& Tower with Radar,16,7,26,19,68,0,0,3,3,6,16,7,29,22,74,10,0,10,84
09/18/2020,TLH,FL,ASO,ES,Combined TRACON& Tower with Radar,23,21,34,21,99,0,2,56,10,68,23,23,90,31,167,72,6,78,245
09/19/2020,TLH,FL,ASO,ES,Combined TRACON& Tower with Radar,16,5,32,2,55,0,0,19,1,20,16,5,51,3,75,82,0,82,157
09/20/2020,TLH,FL,ASO,ES,Combined TRACON& Tower with Radar,16,6,29,2,53,0,0,14,0,14,16,6,43,2,67,0,0,0,67
09/21/2020,TLH,FL,ASO,ES,Combined TRACON& Tower with Radar,15,9,25,31,80,0,1,31,1,33,15,10,56,32,113,6,0,6,119
09/22/2020,TLH,FL,ASO,ES,Combined TRACON& Tower with Radar,17,5,23,59,104,0,5,44,13,62,17,10,67,72,166,28,18,46,212
09/23/2020,TLH,FL,ASO,ES,Combined TRACON& Tower with Radar,16,10,40,56,122,0,1,48,7,56,16,11,88,63,178,4,14,18,196
09/24/2020,TLH,FL,ASO,ES,Combined TRACON& Tower with Radar,18,18,26,12,74,0,1,14,0,15,18,19,40,12,89,6,0,6,95
09/25/2020,TLH,FL,ASO,ES,Combined TRACON& Tower with Radar,23,7,32,10,72,0,0,24,7,31,23,7,56,17,103,40,0,40,143
09/26/2020,TLH,FL,ASO,ES,Combined TRACON& Tower with Radar,18,0,22,22,62,0,0,46,9,55,18,0,68,31,117,60,0,60,177
09/27/2020,TLH,FL,ASO,ES,Combined TRACON& Tower with Radar,18,2,26,2,48,0,1,3,5,9,18,3,29,7,57,22,0,22,79
09/28/2020,TLH,FL,ASO,ES,Combined TRACON& Tower with Radar,17,8,21,42,88,0,1,8,3,12,17,9,29,45,100,6,22,28,128
09/29/2020,TLH,FL,ASO,ES,Combined TRACON& Tower with Radar,17,8,22,5,52,0,1,1,1,3,17,9,23,6,55,0,0,0,55
09/30/2020,TLH,FL,ASO,ES,Combined TRACON& Tower with Radar,17,13,37,46,113,0,0,74,2,76,17,13,111,48,189,34,8,42,231
10/01/2020,TLH,FL,ASO,ES,Combined TRACON& Tower with Radar,20,11,37,2,70,0,2,81,3,86,20,13,118,5,156,24,10,34,190
10/02/2020,TLH,FL,ASO,ES,Combined TRACON& Tower with Radar,17,15,42,45,119,0,11,52,18,81,17,26,94,63,200,28,0,28,228
10/03/2020,TLH,FL,ASO,ES,Combined TRACON& Tower with Radar,19,2,30,7,58,0,0,44,1,45,19,2,74,8,103,16,0,16,119
10/04/2020,TLH,FL,ASO,ES,Combined TRACON& Tower with Radar,19,18,38,4,79,0,0,30,10,40,19,18,68,14,119,0,0,0,119
10/05/2020,TLH,FL,ASO,ES,Combined TRACON& Tower with Radar,18,6,35,26,85,0,0,48,0,48,18,6,83,26,133,52,22,74,207
10/06/2020,TLH,FL,ASO,ES,Combined TRACON& Tower with Radar,14,5,33,27,79,0,0,41,3,44,14,5,74,30,123,74,6,80,203
10/07/2020,TLH,FL,ASO,ES,Combined TRACON& Tower with Radar,13,7,42,12,74,0,0,13,0,13,13,7,55,12,87,14,0,14,101
10/08/2020,TLH,FL,ASO,ES,Combined TRACON& Tower with Radar,20,16,37,4,77,0,0,27,0,27,20,16,64,4,104,28,0,28,132
10/09/2020,TLH,FL,ASO,ES,Combined TRACON& Tower with Radar,20,6,28,16,70,0,0,36,3,39,20,6,64,19,109,40,24,64,173
10/10/2020,TLH,FL,ASO,ES,Combined TRACON& Tower with Radar,22,2,33,0,57,0,0,9,0,9,22,2,42,0,66,46,0,46,112
10/11/2020,TLH,FL,ASO,ES,Combined TRACON& Tower with Radar,18,6,32,38,94,0,0,36,0,36,18,6,68,38,130,6,0,6,136
10/12/2020,TLH,FL,ASO,ES,Combined TRACON& Tower with Radar,19,18,49,1,87,0,2,27,1,30,19,20,76,2,117,62,0,62,179
10/13/2020,TLH,FL,ASO,ES,Combined TRACON& Tower with Radar,14,6,26,34,80,0,0,38,5,43,14,6,64,39,123,98,33,131,254
10/14/2020,TLH,FL,ASO,ES,Combined TRACON& Tower with Radar,16,7,36,38,97,0,5,43,8,56,16,12,79,46,153,36,28,64,217
10/15/2020,TLH,FL,ASO,ES,Combined TRACON& Tower with Radar,21,12,32,28,93,0,4,31,4,39,21,16,63,32,132,44,12,56,188
10/16/2020,TLH,FL,ASO,ES,Combined TRACON& Tower with Radar,22,18,67,73,180,0,9,34,13,56,22,27,101,86,236,72,78,150,386
10/17/2020,TLH,FL,ASO,ES,Combined TRACON& Tower with Radar,18,5,40,18,81,0,0,61,3,64,18,5,101,21,145,94,30,124,269
10/18/2020,TLH,FL,ASO,ES,Combined TRACON& Tower with Radar,19,10,47,33,109,0,1,41,3,45,19,11,88,36,154,40,12,52,206
10/19/2020,TLH,FL,ASO,ES,Combined TRACON& Tower with Radar,19,10,31,1,61,0,0,27,1,28,19,10,58,2,89,30,0,30,119
10/20/2020,TLH,FL,ASO,ES,Combined TRACON& Tower with Radar,14,7,23,27,71,0,0,29,2,31,14,7,52,29,102,54,0,54,156
10/21/2020,TLH,FL,ASO,ES,Combined TRACON& Tower with Radar,14,16,48,12,90,0,0,16,1,17,14,16,64,13,107,0,0,0,107
10/22/2020,TLH,FL,ASO,ES,Combined TRACON& Tower with Radar,19,7,47,3,76,0,0,25,0,25,19,7,72,3,101,30,0,30,131
10/23/2020,TLH,FL,ASO,ES,Combined TRACON& Tower with Radar,23,20,44,27,114,0,0,35,15,50,23,20,79,42,164,26,20,46,210
10/24/2020,TLH,FL,ASO,ES,Combined TRACON& Tower with Radar,21,4,20,3,48,0,0,12,0,12,21,4,32,3,60,40,0,40,100
10/25/2020,TLH,FL,ASO,ES,Combined TRACON& Tower with Radar,20,7,37,33,97,0,0,28,7,35,20,7,65,40,132,102,10,112,244
10/26/2020,TLH,FL,ASO,ES,Combined TRACON& Tower with Radar,21,10,39,13,83,0,2,49,5,56,21,12,88,18,139,42,0,42,181
10/27/2020,TLH,FL,ASO,ES,Combined TRACON& Tower with Radar,18,14,15,12,59,0,0,8,0,8,18,14,23,12,67,4,0,4,71
10/28/2020,TLH,FL,ASO,ES,Combined TRACON& Tower with Radar,17,6,35,8,66,0,0,22,1,23,17,6,57,9,89,34,0,34,123
10/29/2020,TLH,FL,ASO,ES,Combined TRACON& Tower with Radar,22,7,26,8,63,0,0,7,0,7,22,7,33,8,70,0,10,10,80
10/30/2020,TLH,FL,ASO,ES,Combined TRACON& Tower with Radar,21,6,38,60,125,0,1,68,5,74,21,7,106,65,199,20,18,38,237
10/31/2020,TLH,FL,ASO,ES,Combined TRACON& Tower with Radar,17,4,34,4,59,0,38,43,0,81,17,42,77,4,140,60,0,60,200
11/01/2020,TLH,FL,ASO,ES,Combined TRACON& Tower with Radar,17,11,26,2,56,0,0,30,0,30,17,11,56,2,86,36,0,36,122
11/02/2020,TLH,FL,ASO,ES,Combined TRACON& Tower with Radar,17,15,30,69,131,0,0,26,1,27,17,15,56,70,158,42,0,42,200
11/03/2020,TLH,FL,ASO,ES,Combined TRACON& Tower with Radar,14,8,25,42,89,0,4,40,8,52,14,12,65,50,141,124,44,168,309
11/04/2020,TLH,FL,ASO,ES,Combined TRACON& Tower with Radar,17,16,50,20,103,0,1,61,0,62,17,17,111,20,165,72,18,90,255
11/05/2020,TLH,FL,ASO,ES,Combined TRACON& Tower with Radar,23,18,39,27,107,0,1,44,3,48,23,19,83,30,155,82,46,128,283
11/06/2020,TLH,FL,ASO,ES,Combined TRACON& Tower with Radar,23,12,53,27,115,0,0,44,2,46,23,12,97,29,161,62,14,76,237
11/07/2020,TLH,FL,ASO,ES,Combined TRACON& Tower with Radar,21,7,34,8,70,0,0,16,0,16,21,7,50,8,86,12,0,12,98
11/08/2020,TLH,FL,ASO,ES,Combined TRACON& Tower with Radar,18,14,30,4,66,0,0,10,2,12,18,14,40,6,78,60,8,68,146
11/09/2020,TLH,FL,ASO,ES,Combined TRACON& Tower with Radar,19,16,14,26,75,0,1,16,0,17,19,17,30,26,92,24,0,24,116
11/10/2020,TLH,FL,ASO,ES,Combined TRACON& Tower with Radar,15,12,12,21,60,0,0,7,3,10,15,12,19,24,70,0,0,0,70
11/11/2020,TLH,FL,ASO,ES,Combined TRACON& Tower with Radar,18,6,21,0,45,0,0,14,0,14,18,6,35,0,59,10,0,10,69
11/12/2020,TLH,FL,ASO,ES,Combined TRACON& Tower with Radar,19,17,24,22,82,0,0,4,0,4,19,17,28,22,86,0,0,0,86
11/13/2020,TLH,FL,ASO,ES,Combined TRACON& Tower with Radar,22,12,41,17,92,0,2,33,3,38,22,14,74,20,130,54,0,54,184
11/14/2020,TLH,FL,ASO,ES,Combined TRACON& Tower with Radar,18,7,28,8,61,0,43,43,0,86,18,50,71,8,147,72,0,72,219
11/15/2020,TLH,FL,ASO,ES,Combined TRACON& Tower with Radar,18,12,35,11,76,0,0,29,3,32,18,12,64,14,108,6,8,14,122
11/16/2020,TLH,FL,ASO,ES,Combined TRACON& Tower with Radar,19,14,30,86,149,0,1,50,4,55,19,15,80,90,204,44,36,80,284
11/17/2020,TLH,FL,ASO,ES,Combined TRACON& Tower with Radar,13,13,45,17,88,0,4,53,2,59,13,17,98,19,147,38,0,38,185
11/18/2020,TLH,FL,ASO,ES,Combined TRACON& Tower with Radar,17,14,39,29,99,0,2,39,1,42,17,16,78,30,141,50,22,72,213
11/19/2020,TLH,FL,ASO,ES,Combined TRACON& Tower with Radar,19,21,44,9,93,0,3,53,3,59,19,24,97,12,152,10,2,12,164
11/20/2020,TLH,FL,ASO,ES,Combined TRACON& Tower with Radar,25,26,50,70,171,0,2,56,28,86,25,28,106,98,257,0,0,0,257
11/21/2020,TLH,FL,ASO,ES,Combined TRACON& Tower with Radar,23,18,42,13,96,0,0,48,2,50,23,18,90,15,146,8,0,8,154
11/22/2020,TLH,FL,ASO,ES,Combined TRACON& Tower with Radar,24,18,32,41,115,0,6,33,25,64,24,24,65,66,179,14,16,30,209
11/23/2020,TLH,FL,ASO,ES,Combined TRACON& Tower with Radar,18,14,32,17,81,0,4,42,3,49,18,18,74,20,130,30,12,42,172
11/24/2020,TLH,FL,ASO,ES,Combined TRACON& Tower with Radar,22,16,33,12,83,0,3,56,1,60,22,19,89,13,143,38,18,56,199
11/25/2020,TLH,FL,ASO,ES,Combined TRACON& Tower with Radar,26,12,40,21,99,0,1,37,4,42,26,13,77,25,141,30,40,70,211
11/26/2020,TLH,FL,ASO,ES,Combined TRACON& Tower with Radar,11,4,13,0,28,0,0,11,0,11,11,4,24,0,39,10,0,10,49
11/27/2020,TLH,FL,ASO,ES,Combined TRACON& Tower with Radar,26,11,30,4,71,0,0,6,0,6,26,11,36,4,77,6,0,6,83
11/28/2020,TLH,FL,ASO,ES,Combined TRACON& Tower with Radar,25,8,33,0,66,0,3,19,0,22,25,11,52,0,88,0,0,0,88
11/29/2020,TLH,FL,ASO,ES,Combined TRACON& Tower with Radar,24,14,39,0,77,0,0,0,0,0,24,14,39,0,77,0,0,0,77
11/30/2020,TLH,FL,ASO,ES,Combined TRACON& Tower with Radar,24,16,40,48,128,0,1,25,4,30,24,17,65,52,158,0,10,10,168
12/01/2020,TLH,FL,ASO,ES,Combined TRACON& Tower with Radar,21,15,24,44,104,0,6,49,2,57,21,21,73,46,161,28,18,46,207
12/02/2020,TLH,FL,ASO,ES,Combined TRACON& Tower with Radar,21,13,45,22,101,0,6,54,0,60,21,19,99,22,161,18,18,36,197
12/03/2020,TLH,FL,ASO,ES,Combined TRACON& Tower with Radar,22,25,41,19,107,0,3,45,5,53,22,28,86,24,160,0,0,0,160
12/04/2020,TLH,FL,ASO,ES,Combined TRACON& Tower with Radar,22,19,41,11,93,0,0,18,19,37,22,19,59,30,130,18,16,34,164
12/05/2020,TLH,FL,ASO,ES,Combined TRACON& Tower with Radar,20,10,30,14,74,0,9,45,6,60,20,19,75,20,134,56,0,56,190
12/06/2020,TLH,FL,ASO,ES,Combined TRACON& Tower with Radar,20,13,35,14,82,0,36,40,20,96,20,49,75,34,178,34,0,34,212
12/07/2020,TLH,FL,ASO,ES,Combined TRACON& Tower with Radar,21,15,39,21,96,0,0,26,7,33,21,15,65,28,129,16,10,26,155
12/08/2020,TLH,FL,ASO,ES,Combined TRACON& Tower with Radar,19,16,36,26,97,0,2,51,7,60,19,18,87,33,157,56,34,90,247
12/09/2020,TLH,FL,ASO,ES,Combined TRACON& Tower with Radar,21,12,42,25,100,0,3,74,5,82,21,15,116,30,182,0,14,14,196
12/10/2020,TLH,FL,ASO,ES,Combined TRACON& Tower with Radar,21,26,35,21,103,0,2,47,1,50,21,28,82,22,153,30,6,36,189
12/11/2020,TLH,FL,ASO,ES,Combined TRACON& Tower with Radar,22,14,44,75,155,0,2,39,9,50,22,16,83,84,205,0,20,20,225
12/12/2020,TLH,FL,ASO,ES,Combined TRACON& Tower with Radar,24,3,40,16,83,0,1,35,9,45,24,4,75,25,128,0,0,0,128
12/13/2020,TLH,FL,ASO,ES,Combined TRACON& Tower with Radar,21,12,55,9,97,0,0,9,5,14,21,12,64,14,111,0,0,0,111
12/14/2020,TLH,FL,ASO,ES,Combined TRACON& Tower with Radar,21,14,37,41,113,0,1,20,4,25,21,15,57,45,138,14,40,54,192
12/15/2020,TLH,FL,ASO,ES,Combined TRACON& Tower with Radar,20,13,63,47,143,0,0,44,11,55,20,13,107,58,198,72,34,106,304
12/16/2020,TLH,FL,ASO,ES,Combined TRACON& Tower with Radar,26,10,31,2,69,0,0,0,0,0,26,10,31,2,69,0,0,0,69
12/17/2020,TLH,FL,ASO,ES,Combined TRACON& Tower with Radar,23,19,51,25,118,0,3,18,3,24,23,22,69,28,142,32,62,94,236
12/18/2020,TLH,FL,ASO,ES,Combined TRACON& Tower with Radar,27,15,41,59,142,0,6,64,2,72,27,21,105,61,214,44,58,102,316
12/19/2020,TLH,FL,ASO,ES,Combined TRACON& Tower with Radar,26,6,38,12,82,0,5,38,0,43,26,11,76,12,125,26,0,26,151
12/20/2020,TLH,FL,ASO,ES,Combined TRACON& Tower with Radar,25,7,17,0,49,0,0,0,0,0,25,7,17,0,49,0,0,0,49
12/21/2020,TLH,FL,ASO,ES,Combined TRACON& Tower with Radar,24,15,29,14,82,0,0,23,8,31,24,15,52,22,113,0,0,0,113
12/22/2020,TLH,FL,ASO,ES,Combined TRACON& Tower with Radar,27,16,26,23,92,0,3,65,8,76,27,19,91,31,168,0,6,6,174
12/23/2020,TLH,FL,ASO,ES,Combined TRACON& Tower with Radar,27,12,34,10,83,0,3,36,0,39,27,15,70,10,122,0,0,0,122
12/24/2020,TLH,FL,ASO,ES,Combined TRACON& Tower with Radar,19,9,5,0,33,0,0,0,0,0,19,9,5,0,33,0,0,0,33
12/25/2020,TLH,FL,ASO,ES,Combined TRACON& Tower with Radar,15,3,9,4,31,0,1,9,0,10,15,4,18,4,41,0,0,0,41
12/26/2020,TLH,FL,ASO,ES,Combined TRACON& Tower with Radar,23,6,30,0,59,0,1,19,2,22,23,7,49,2,81,18,0,18,99
12/27/2020,TLH,FL,ASO,ES,Combined TRACON& Tower with Radar,24,4,18,0,46,0,0,23,0,23,24,4,41,0,69,30,0,30,99
12/28/2020,TLH,FL,ASO,ES,Combined TRACON& Tower with Radar,25,14,25,12,76,0,0,33,2,35,25,14,58,14,111,48,20,68,179
12/29/2020,TLH,FL,ASO,ES,Combined TRACON& Tower with Radar,25,10,24,8,67,0,4,42,0,46,25,14,66,8,113,2,4,6,119
12/30/2020,TLH,FL,ASO,ES,Combined TRACON& Tower with Radar,26,13,33,32,104,0,1,47,0,48,26,14,80,32,152,14,30,44,196
12/31/2020,TLH,FL,ASO,ES,Combined TRACON& Tower with Radar,20,15,11,0,46,0,0,4,0,4,20,15,15,0,50,0,0,0,50
01/01/2021,TLH,FL,ASO,ES,Combined TRACON& Tower with Radar,20,5,13,0,38,0,0,0,0,0,20,5,13,0,38,0,0,0,38
01/02/2021,TLH,FL,ASO,ES,Combined TRACON& Tower with Radar,28,5,8,0,41,0,0,0,0,0,28,5,8,0,41,0,0,0,41
01/03/2021,TLH,FL,ASO,ES,Combined TRACON& Tower with Radar,24,10,33,6,73,0,1,24,0,25,24,11,57,6,98,50,0,50,148
01/04/2021,TLH,FL,ASO,ES,Combined TRACON& Tower with Radar,23,11,33,20,87,0,5,50,2,57,23,16,83,22,144,58,10,68,212
01/05/2021,TLH,FL,ASO,ES,Combined TRACON& Tower with Radar,16,18,25,51,110,0,4,39,10,53,16,22,64,61,163,50,2,52,215
01/06/2021,TLH,FL,ASO,ES,Combined TRACON& Tower with Radar,17,22,49,32,120,0,9,49,10,68,17,31,98,42,188,48,24,72,260
01/07/2021,TLH,FL,ASO,ES,Combined TRACON& Tower with Radar,20,12,19,6,57,0,0,7,0,7,20,12,26,6,64,2,8,10,74
01/08/2021,TLH,FL,ASO,ES,Combined TRACON& Tower with Radar,22,23,36,96,177,0,0,17,30,47,22,23,53,126,224,0,0,0,224
01/09/2021,TLH,FL,ASO,ES,Combined TRACON& Tower with Radar,17,6,19,13,55,0,1,35,0,36,17,7,54,13,91,0,0,0,91
01/10/2021,TLH,FL,ASO,ES,Combined TRACON& Tower with Radar,20,8,30,30,88,0,2,29,28,59,20,10,59,58,147,24,0,24,171
01/11/2021,TLH,FL,ASO,ES,Combined TRACON& Tower with Radar,20,11,42,30,103,0,0,12,4,16,20,11,54,34,119,16,34,50,169
01/12/2021,TLH,FL,ASO,ES,Combined TRACON& Tower with Radar,19,17,27,52,115,0,1,9,0,10,19,18,36,52,125,0,0,0,125
01/13/2021,TLH,FL,ASO,ES,Combined TRACON& Tower with Radar,18,25,40,10,93,0,1,19,4,24,18,26,59,14,117,28,0,28,145
01/14/2021,TLH,FL,ASO,ES,Combined TRACON& Tower with Radar,20,14,53,64,151,0,0,65,10,75,20,14,118,74,226,42,28,70,296
01/15/2021,TLH,FL,ASO,ES,Combined TRACON& Tower with Radar,23,13,46,16,98,0,0,24,1,25,23,13,70,17,123,28,0,28,151
01/16/2021,TLH,FL,ASO,ES,Combined TRACON& Tower with Radar,18,13,29,16,76,0,1,75,3,79,18,14,104,19,155,34,14,48,203
01/17/2021,TLH,FL,ASO,ES,Combined TRACON& Tower with Radar,26,13,33,12,84,0,0,43,0,43,26,13,76,12,127,2,4,6,133
01/18/2021,TLH,FL,ASO,ES,Combined TRACON& Tower with Radar,21,15,56,9,101,0,8,74,3,85,21,23,130,12,186,22,0,22,208
01/19/2021,TLH,FL,ASO,ES,Combined TRACON& Tower with Radar,17,11,52,74,154,0,2,62,11,75,17,13,114,85,229,14,32,46,275
01/20/2021,TLH,FL,ASO,ES,Combined TRACON& Tower with Radar,16,9,48,33,106,0,8,62,7,77,16,17,110,40,183,0,0,0,183
01/21/2021,TLH,FL,ASO,ES,Combined TRACON& Tower with Radar,23,12,34,59,128,0,0,47,4,51,23,12,81,63,179,14,14,28,207
01/22/2021,TLH,FL,ASO,ES,Combined TRACON& Tower with Radar,23,8,28,44,103,0,0,3,7,10,23,8,31,51,113,10,0,10,123
01/23/2021,TLH,FL,ASO,ES,Combined TRACON& Tower with Radar,16,8,24,14,62,0,2,42,12,56,16,10,66,26,118,6,0,6,124
01/24/2021,TLH,FL,ASO,ES,Combined TRACON& Tower with Radar,20,8,44,67,139,0,0,5,16,21,20,8,49,83,160,28,0,28,188
01/25/2021,TLH,FL,ASO,ES,Combined TRACON& Tower with Radar,19,16,26,27,88,0,2,15,5,22,19,18,41,32,110,26,0,26,136
01/26/2021,TLH,FL,ASO,ES,Combined TRACON& Tower with Radar,18,13,24,0,55,0,0,0,0,0,18,13,24,0,55,0,0,0,55
01/27/2021,TLH,FL,ASO,ES,Combined TRACON& Tower with Radar,19,5,38,0,62,0,0,3,2,5,19,5,41,2,67,0,0,0,67
01/28/2021,TLH,FL,ASO,ES,Combined TRACON& Tower with Radar,18,17,33,27,95,0,0,49,1,50,18,17,82,28,145,0,0,0,145
01/29/2021,TLH,FL,ASO,ES,Combined TRACON& Tower with Radar,22,14,41,51,128,0,0,76,16,92,22,14,117,67,220,0,0,0,220
01/30/2021,TLH,FL,ASO,ES,Combined TRACON& Tower with Radar,17,7,32,18,74,0,5,64,17,86,17,12,96,35,160,0,0,0,160
01/31/2021,TLH,FL,ASO,ES,Combined TRACON& Tower with Radar,20,10,16,30,76,0,0,4,8,12,20,10,20,38,88,0,0,0,88
02/01/2021,TLH,FL,ASO,ES,Combined TRACON& Tower with Radar,22,14,21,49,106,0,0,23,0,23,22,14,44,49,129,0,0,0,129
02/02/2021,TLH,FL,ASO,ES,Combined TRACON& Tower with Radar,20,13,22,12,67,0,3,33,2,38,20,16,55,14,105,4,0,4,109
02/03/2021,TLH,FL,ASO,ES,Combined TRACON& Tower with Radar,19,24,39,31,113,0,1,49,5,55,19,25,88,36,168,16,10,26,194
02/04/2021,TLH,FL,ASO,ES,Combined TRACON& Tower with Radar,22,21,50,36,129,0,5,60,2,67,22,26,110,38,196,52,12,64,260
02/05/2021,TLH,FL,ASO,ES,Combined TRACON& Tower with Radar,24,11,28,2,65,0,0,11,0,11,24,11,39,2,76,24,0,24,100
02/06/2021,TLH,FL,ASO,ES,Combined TRACON& Tower with Radar,20,12,11,17,60,0,1,5,3,9,20,13,16,20,69,20,8,28,97
02/07/2021,TLH,FL,ASO,ES,Combined TRACON& Tower with Radar,22,11,53,25,111,0,0,5,1,6,22,11,58,26,117,0,0,0,117
02/08/2021,TLH,FL,ASO,ES,Combined TRACON& Tower with Radar,21,19,40,13,93,0,1,32,0,33,21,20,72,13,126,8,10,18,144
02/09/2021,TLH,FL,ASO,ES,Combined TRACON& Tower with Radar,22,9,21,6,58,0,0,0,0,0,22,9,21,6,58,0,0,0,58
02/10/2021,TLH,FL,ASO,ES,Combined TRACON& Tower with Radar,22,8,29,0,59,0,0,0,0,0,22,8,29,0,59,0,0,0,59
02/11/2021,TLH,FL,ASO,ES,Combined TRACON& Tower with Radar,21,19,39,19,98,0,0,9,1,10,21,19,48,20,108,0,0,0,108
02/12/2021,TLH,FL,ASO,ES,Combined TRACON& Tower with Radar,27,15,20,14,76,0,0,17,2,19,27,15,37,16,95,40,0,40,135
02/13/2021,TLH,FL,ASO,ES,Combined TRACON& Tower with Radar,20,9,14,3,46,0,0,0,0,0,20,9,14,3,46,0,0,0,46
02/14/2021,TLH,FL,ASO,ES,Combined TRACON& Tower with Radar,23,11,22,0,56,0,0,0,0,0,23,11,22,0,56,0,0,0,56
02/15/2021,TLH,FL,ASO,ES,Combined TRACON& Tower with Radar,21,14,25,0,60,0,0,0,0,0,21,14,25,0,60,0,0,0,60
02/16/2021,TLH,FL,ASO,ES,Combined TRACON& Tower with Radar,16,12,49,32,109,0,2,46,5,53,16,14,95,37,162,74,46,120,282
02/17/2021,TLH,FL,ASO,ES,Combined TRACON& Tower with Radar,14,17,59,35,125,0,0,42,5,47,14,17,101,40,172,6,0,6,178
02/18/2021,TLH,FL,ASO,ES,Combined TRACON& Tower with Radar,23,8,18,6,55,0,0,0,0,0,23,8,18,6,55,0,0,0,55
02/19/2021,TLH,FL,ASO,ES,Combined TRACON& Tower with Radar,22,21,33,76,152,0,0,10,7,17,22,21,43,83,169,0,0,0,169
02/20/2021,TLH,FL,ASO,ES,Combined TRACON& Tower with Radar,22,16,52,5,95,0,2,59,5,66,22,18,111,10,161,16,0,16,177
02/21/2021,TLH,FL,ASO,ES,Combined TRACON& Tower with Radar,25,16,38,14,93,0,7,40,4,51,25,23,78,18,144,20,0,20,164
02/22/2021,TLH,FL,ASO,ES,Combined TRACON& Tower with Radar,21,10,19,34,84,0,0,11,0,11,21,10,30,34,95,0,0,0,95
02/23/2021,TLH,FL,ASO,ES,Combined TRACON& Tower with Radar,20,15,24,9,68,0,3,62,10,75,20,18,86,19,143,84,0,84,227
02/24/2021,TLH,FL,ASO,ES,Combined TRACON& Tower with Radar,20,19,43,75,157,0,0,78,5,83,20,19,121,80,240,80,30,110,350
02/25/2021,TLH,FL,ASO,ES,Combined TRACON& Tower with Radar,22,17,49,44,132,0,3,40,13,56,22,20,89,57,188,20,36,56,244
02/26/2021,TLH,FL,ASO,ES,Combined TRACON& Tower with Radar,29,17,41,53,140,0,4,32,10,46,29,21,73,63,186,38,0,38,224
02/27/2021,TLH,FL,ASO,ES,Combined TRACON& Tower with Radar,23,15,24,44,106,0,0,37,12,49,23,15,61,56,155,26,14,40,195
02/28/2021,TLH,FL,ASO,ES,Combined TRACON& Tower with Radar,24,16,38,47,125,0,0,24,13,37,24,16,62,60,162,0,0,0,162
03/01/2021,TLH,FL,ASO,ES,Combined TRACON& Tower with Radar,21,19,35,51,126,0,0,14,0,14,21,19,49,51,140,2,26,28,168
03/02/2021,TLH,FL,ASO,ES,Combined TRACON& Tower with Radar,18,13,42,26,99,0,0,0,0,0,18,13,42,26,99,0,0,0,99
03/03/2021,TLH,FL,ASO,ES,Combined TRACON& Tower with Radar,19,17,57,31,124,0,0,7,1,8,19,17,64,32,132,0,8,8,140
03/04/2021,TLH,FL,ASO,ES,Combined TRACON& Tower with Radar,26,22,68,25,141,0,4,79,7,90,26,26,147,32,231,50,8,58,289
03/05/2021,TLH,FL,ASO,ES,Combined TRACON& Tower with Radar,28,13,43,48,132,0,0,65,17,82,28,13,108,65,214,56,17,73,287
03/06/2021,TLH,FL,ASO,ES,Combined TRACON& Tower with Radar,21,17,15,14,67,0,1,50,0,51,21,18,65,14,118,38,0,38,156
03/07/2021,TLH,FL,ASO,ES,Combined TRACON& Tower with Radar,24,15,26,51,116,0,0,45,21,66,24,15,71,72,182,51,10,61,243
03/08/2021,TLH,FL,ASO,ES,Combined TRACON& Tower with Radar,24,18,44,17,103,0,1,68,8,77,24,19,112,25,180,128,0,128,308
03/09/2021,TLH,FL,ASO,ES,Combined TRACON& Tower with Radar,24,19,44,39,126,0,2,59,6,67,24,21,103,45,193,38,0,38,231
03/10/2021,TLH,FL,ASO,ES,Combined TRACON& Tower with Radar,23,15,29,60,127,0,2,50,2,54,23,17,79,62,181,32,0,32,213
03/11/2021,TLH,FL,ASO,ES,Combined TRACON& Tower with Radar,27,30,52,31,140,0,7,57,11,75,27,37,109,42,215,20,37,57,272
03/12/2021,TLH,FL,ASO,ES,Combined TRACON& Tower with Radar,23,18,50,85,176,0,6,46,20,72,23,24,96,105,248,0,0,0,248
03/13/2021,TLH,FL,ASO,ES,Combined TRACON& Tower with Radar,18,16,40,22,96,0,27,45,4,76,18,43,85,26,172,0,0,0,172
03/14/2021,TLH,FL,ASO,ES,Combined TRACON& Tower with Radar,25,24,39,15,103,0,10,60,7,77,25,34,99,22,180,56,26,82,262
03/15/2021,TLH,FL,ASO,ES,Combined TRACON& Tower with Radar,23,19,34,32,108,0,3,35,0,38,23,22,69,32,146,66,36,102,248
03/16/2021,TLH,FL,ASO,ES,Combined TRACON& Tower with Radar,24,19,31,38,112,0,4,18,0,22,24,23,49,38,134,30,32,62,196
03/17/2021,TLH,FL,ASO,ES,Combined TRACON& Tower with Radar,20,19,49,49,137,0,0,17,2,19,20,19,66,51,156,2,38,40,196
03/18/2021,TLH,FL,ASO,ES,Combined TRACON& Tower with Radar,25,22,43,19,109,0,0,16,5,21,25,22,59,24,130,12,6,18,148
03/19/2021,TLH,FL,ASO,ES,Combined TRACON& Tower with Radar,24,19,59,47,149,0,6,72,16,94,24,25,131,63,243,30,0,30,273
03/20/2021,TLH,FL,ASO,ES,Combined TRACON& Tower with Radar,18,13,27,7,65,0,10,31,0,41,18,23,58,7,106,36,0,36,142
03/21/2021,TLH,FL,ASO,ES,Combined TRACON& Tower with Radar,23,15,44,13,95,0,0,18,6,24,23,15,62,19,119,0,0,0,119
03/22/2021,TLH,FL,ASO,ES,Combined TRACON& Tower with Radar,28,23,51,39,141,0,0,32,15,47,28,23,83,54,188,52,14,66,254
03/23/2021,TLH,FL,ASO,ES,Combined TRACON& Tower with Radar,22,18,52,58,150,0,4,43,4,51,22,22,95,62,201,76,38,114,315
03/24/2021,TLH,FL,ASO,ES,Combined TRACON& Tower with Radar,23,18,61,96,198,0,3,31,0,34,23,21,92,96,232,22,22,44,276
03/25/2021,TLH,FL,ASO,ES,Combined TRACON& Tower with Radar,24,30,42,30,126,0,0,19,0,19,24,30,61,30,145,8,14,22,167
03/26/2021,TLH,FL,ASO,ES,Combined TRACON& Tower with Radar,25,16,39,113,193,0,0,41,10,51,25,16,80,123,244,12,40,52,296
03/27/2021,TLH,FL,ASO,ES,Combined TRACON& Tower with Radar,19,8,25,2,54,0,0,35,0,35,19,8,60,2,89,18,0,18,107
03/28/2021,TLH,FL,ASO,ES,Combined TRACON& Tower with Radar,23,16,32,44,115,0,0,12,16,28,23,16,44,60,143,0,0,0,143
03/29/2021,TLH,FL,ASO,ES,Combined TRACON& Tower with Radar,24,25,24,37,110,0,0,51,5,56,24,25,75,42,166,20,0,20,186
03/30/2021,TLH,FL,ASO,ES,Combined TRACON& Tower with Radar,22,18,35,31,106,0,0,10,6,16,22,18,45,37,122,32,14,46,168
03/31/2021,TLH,FL,ASO,ES,Combined TRACON& Tower with Radar,22,17,35,48,122,0,0,39,0,39,22,17,74,48,161,36,70,106,267
04/01/2021,TLH,FL,ASO,ES,Combined TRACON& Tower with Radar,25,26,40,44,135,0,0,29,3,32,25,26,69,47,167,0,0,0,167
04/02/2021,TLH,FL,ASO,ES,Combined TRACON& Tower with Radar,24,16,54,16,110,0,3,68,2,73,24,19,122,18,183,16,0,16,199
04/03/2021,TLH,FL,ASO,ES,Combined TRACON& Tower with Radar,19,11,33,0,63,0,4,69,0,73,19,15,102,0,136,60,0,60,196
04/04/2021,TLH,FL,ASO,ES,Combined TRACON& Tower with Radar,20,20,34,0,74,0,32,46,0,78,20,52,80,0,152,28,0,28,180
04/05/2021,TLH,FL,ASO,ES,Combined TRACON& Tower with Radar,22,19,44,36,121,0,5,70,6,81,22,24,114,42,202,32,16,48,250
04/06/2021,TLH,FL,ASO,ES,Combined TRACON& Tower with Radar,21,17,48,19,105,0,0,63,3,66,21,17,111,22,171,48,0,48,219
04/07/2021,TLH,FL,ASO,ES,Combined TRACON& Tower with Radar,22,15,45,73,155,0,1,41,7,49,22,16,86,80,204,100,20,120,324
04/08/2021,TLH,FL,ASO,ES,Combined TRACON& Tower with Radar,27,32,53,12,124,0,0,11,1,12,27,32,64,13,136,0,0,0,136
04/09/2021,TLH,FL,ASO,ES,Combined TRACON& Tower with Radar,25,19,39,0,83,0,0,0,1,1,25,19,39,1,84,0,0,0,84
04/10/2021,TLH,FL,ASO,ES,Combined TRACON& Tower with Radar,21,12,21,0,54,0,0,3,2,5,21,12,24,2,59,0,0,0,59
04/11/2021,TLH,FL,ASO,ES,Combined TRACON& Tower with Radar,23,20,39,0,82,0,0,3,0,3,23,20,42,0,85,0,0,0,85
04/12/2021,TLH,FL,ASO,ES,Combined TRACON& Tower with Radar,24,29,40,6,99,0,2,44,4,50,24,31,84,10,149,52,0,52,201
04/13/2021,TLH,FL,ASO,ES,Combined TRACON& Tower with Radar,23,20,29,8,80,0,6,46,6,58,23,26,75,14,138,84,16,100,238
04/14/2021,TLH,FL,ASO,ES,Combined TRACON& Tower with Radar,23,16,34,28,101,0,6,34,8,48,23,22,68,36,149,50,6,56,205
04/15/2021,TLH,FL,ASO,ES,Combined TRACON& Tower with Radar,24,14,36,5,79,0,0,10,2,12,24,14,46,7,91,0,0,0,91
04/16/2021,TLH,FL,ASO,ES,Combined TRACON& Tower with Radar,24,13,36,9,82,0,0,17,19,36,24,13,53,28,118,6,2,8,126
04/17/2021,TLH,FL,ASO,ES,Combined TRACON& Tower with Radar,30,7,17,0,54,0,0,9,0,9,30,7,26,0,63,0,0,0,63
04/18/2021,TLH,FL,ASO,ES,Combined TRACON& Tower with Radar,25,16,33,1,75,0,0,9,1,10,25,16,42,2,85,0,0,0,85
04/19/2021,TLH,FL,ASO,ES,Combined TRACON& Tower with Radar,25,41,33,15,114,0,7,41,3,51,25,48,74,18,165,10,0,10,175
04/20/2021,TLH,FL,ASO,ES,Combined TRACON& Tower with Radar,22,19,40,24,105,0,0,45,8,53,22,19,85,32,158,0,0,0,158
04/21/2021,TLH,FL,ASO,ES,Combined TRACON& Tower with Radar,23,15,39,27,104,0,1,48,15,64,23,16,87,42,168,14,10,24,192
04/22/2021,TLH,FL,ASO,ES,Combined TRACON& Tower with Radar,24,20,54,31,129,0,1,63,5,69,24,21,117,36,198,8,0,8,206
04/23/2021,TLH,FL,ASO,ES,Combined TRACON& Tower with Radar,23,17,56,29,125,0,2,34,10,46,23,19,90,39,171,34,34,68,239
04/24/2021,TLH,FL,ASO,ES,Combined TRACON& Tower with Radar,20,14,25,0,59,0,0,6,2,8,20,14,31,2,67,0,0,0,67
04/25/2021,TLH,FL,ASO,ES,Combined TRACON& Tower with Radar,25,18,42,16,101,0,0,25,1,26,25,18,67,17,127,46,0,46,173
04/26/2021,TLH,FL,ASO,ES,Combined TRACON& Tower with Radar,25,19,41,27,112,0,0,53,4,57,25,19,94,31,169,84,26,110,279
04/27/2021,TLH,FL,ASO,ES,Combined TRACON& Tower with Radar,23,28,32,21,104,0,4,57,8,69,23,32,89,29,173,72,30,102,275
04/28/2021,TLH,FL,ASO,ES,Combined TRACON& Tower with Radar,23,19,53,41,136,0,1,41,8,50,23,20,94,49,186,50,0,50,236
04/29/2021,TLH,FL,ASO,ES,Combined TRACON& Tower with Radar,24,27,41,30,122,0,6,34,17,57,24,33,75,47,179,62,28,90,269
04/30/2021,TLH,FL,ASO,ES,Combined TRACON& Tower with Radar,25,20,15,28,88,0,4,27,10,41,25,24,42,38,129,0,4,4,133
05/01/2021,TLH,FL,ASO,ES,Combined TRACON& Tower with Radar,20,10,19,18,67,0,18,37,6,61,20,28,56,24,128,30,12,42,170
05/02/2021,TLH,FL,ASO,ES,Combined TRACON& Tower with Radar,22,20,29,3,74,0,1,34,5,40,22,21,63,8,114,26,4,30,144
05/03/2021,TLH,FL,ASO,ES,Combined TRACON& Tower with Radar,19,23,38,22,102,0,0,13,0,13,19,23,51,22,115,7,14,21,136
05/04/2021,TLH,FL,ASO,ES,Combined TRACON& Tower with Radar,28,17,37,41,123,0,0,20,3,23,28,17,57,44,146,42,0,42,188
05/05/2021,TLH,FL,ASO,ES,Combined TRACON& Tower with Radar,23,17,24,0,64,0,0,13,9,22,23,17,37,9,86,10,0,10,96
05/06/2021,TLH,FL,ASO,ES,Combined TRACON& Tower with Radar,29,21,32,26,108,0,5,33,12,50,29,26,65,38,158,24,6,30,188
05/07/2021,TLH,FL,ASO,ES,Combined TRACON& Tower with Radar,24,20,27,50,121,0,0,42,24,66,24,20,69,74,187,24,16,40,227
05/08/2021,TLH,FL,ASO,ES,Combined TRACON& Tower with Radar,20,15,21,34,90,0,14,46,14,74,20,29,67,48,164,24,0,24,188
05/09/2021,TLH,FL,ASO,ES,Combined TRACON& Tower with Radar,23,15,27,33,98,0,2,26,17,45,23,17,53,50,143,0,0,0,143
05/10/2021,TLH,FL,ASO,ES,Combined TRACON& Tower with Radar,23,27,18,11,79,0,0,6,1,7,23,27,24,12,86,0,0,0,86
05/11/2021,TLH,FL,ASO,ES,Combined TRACON& Tower with Radar,24,8,20,19,71,0,0,11,5,16,24,8,31,24,87,0,0,0,87
05/12/2021,TLH,FL,ASO,ES,Combined TRACON& Tower with Radar,25,17,35,31,108,0,1,10,12,23,25,18,45,43,131,26,0,26,157
05/13/2021,TLH,FL,ASO,ES,Combined TRACON& Tower with Radar,24,19,43,28,114,0,1,5,8,14,24,20,48,36,128,0,0,0,128
05/14/2021,TLH,FL,ASO,ES,Combined TRACON& Tower with Radar,24,18,47,48,137,0,2,54,15,71,24,20,101,63,208,28,4,32,240
05/15/2021,TLH,FL,ASO,ES,Combined TRACON& Tower with Radar,19,16,40,20,95,0,7,58,9,74,19,23,98,29,169,36,6,42,211
05/16/2021,TLH,FL,ASO,ES,Combined TRACON& Tower with Radar,21,15,31,13,80,0,4,46,13,63,21,19,77,26,143,36,0,36,179
05/17/2021,TLH,FL,ASO,ES,Combined TRACON& Tower with Radar,24,26,38,34,122,0,3,47,16,66,24,29,85,50,188,70,28,98,286
05/18/2021,TLH,FL,ASO,ES,Combined TRACON& Tower with Radar,23,20,38,46,127,0,0,41,14,55,23,20,79,60,182,90,28,118,300
05/19/2021,TLH,FL,ASO,ES,Combined TRACON& Tower with Radar,24,22,36,35,117,0,1,33,18,52,24,23,69,53,169,0,0,0,169
05/20/2021,TLH,FL,ASO,ES,Combined TRACON& Tower with Radar,23,23,40,42,128,0,14,31,25,70,23,37,71,67,198,48,0,48,246
05/21/2021,TLH,FL,ASO,ES,Combined TRACON& Tower with Radar,24,14,23,84,145,0,0,50,25,75,24,14,73,109,220,26,22,48,268
05/22/2021,TLH,FL,ASO,ES,Combined TRACON& Tower with Radar,19,13,26,32,90,0,0,39,9,48,19,13,65,41,138,7,8,15,153
05/23/2021,TLH,FL,ASO,ES,Combined TRACON& Tower with Radar,23,14,17,48,102,0,6,47,36,89,23,20,64,84,191,46,0,46,237
05/24/2021,TLH,FL,ASO,ES,Combined TRACON& Tower with Radar,23,19,29,45,116,0,2,45,10,57,23,21,74,55,173,24,0,24,197
05/25/2021,TLH,FL,ASO,ES,Combined TRACON& Tower with Radar,25,26,51,57,159,0,5,55,17,77,25,31,106,74,236,12,30,42,278
05/26/2021,TLH,FL,ASO,ES,Combined TRACON& Tower with Radar,25,20,46,77,168,0,4,47,19,70,25,24,93,96,238,72,18,90,328
05/27/2021,TLH,FL,ASO,ES,Combined TRACON& Tower with Radar,22,20,45,19,106,0,4,35,14,53,22,24,80,33,159,16,0,16,175
05/28/2021,TLH,FL,ASO,ES,Combined TRACON& Tower with Radar,23,20,31,25,99,0,5,37,11,53,23,25,68,36,152,0,0,0,152
05/29/2021,TLH,FL,ASO,ES,Combined TRACON& Tower with Radar,18,8,21,0,47,0,0,30,0,30,18,8,51,0,77,34,0,34,111
05/30/2021,TLH,FL,ASO,ES,Combined TRACON& Tower with Radar,19,12,25,2,58,0,0,36,0,36,19,12,61,2,94,32,0,32,126
05/31/2021,TLH,FL,ASO,ES,Combined TRACON& Tower with Radar,22,10,23,8,63,0,0,35,0,35,22,10,58,8,98,0,0,0,98
06/01/2021,TLH,FL,ASO,ES,Combined TRACON& Tower with Radar,26,15,33,42,116,0,3,62,12,77,26,18,95,54,193,8,48,56,249
06/02/2021,TLH,FL,ASO,ES,Combined TRACON& Tower with Radar,27,13,42,97,179,0,3,36,31,70,27,16,78,128,249,40,46,86,335
06/03/2021,TLH,FL,ASO,ES,Combined TRACON& Tower with Radar,25,12,36,77,150,0,1,30,5,36,25,13,66,82,186,22,12,34,220
06/04/2021,TLH,FL,ASO,ES,Combined TRACON& Tower with Radar,27,11,22,53,113,0,1,26,18,45,27,12,48,71,158,40,36,76,234
06/05/2021,TLH,FL,ASO,ES,Combined TRACON& Tower with Radar,19,14,26,3,62,0,0,21,12,33,19,14,47,15,95,52,0,52,147
06/06/2021,TLH,FL,ASO,ES,Combined TRACON& Tower with Radar,25,17,29,28,99,0,1,25,13,39,25,18,54,41,138,12,2,14,152
06/07/2021,TLH,FL,ASO,ES,Combined TRACON& Tower with Radar,28,18,30,28,104,0,0,15,0,15,28,18,45,28,119,0,22,22,141
06/08/2021,TLH,FL,ASO,ES,Combined TRACON& Tower with Radar,29,15,37,21,102,0,0,24,11,35,29,15,61,32,137,30,16,46,183
06/09/2021,TLH,FL,ASO,ES,Combined TRACON& Tower with Radar,32,19,35,52,138,0,2,43,18,63,32,21,78,70,201,44,16,60,261
06/10/2021,TLH,FL,ASO,ES,Combined TRACON& Tower with Radar,28,22,51,39,140,0,1,53,25,79,28,23,104,64,219,20,38,58,277
06/11/2021,TLH,FL,ASO,ES,Combined TRACON& Tower with Radar,36,12,49,35,132,0,4,44,11,59,36,16,93,46,191,20,26,46,237
06/12/2021,TLH,FL,ASO,ES,Combined TRACON& Tower with Radar,21,5,16,2,44,0,0,10,3,13,21,5,26,5,57,20,0,20,77
06/13/2021,TLH,FL,ASO,ES,Combined TRACON& Tower with Radar,30,7,30,0,67,0,0,17,0,17,30,7,47,0,84,6,0,6,90
06/14/2021,TLH,FL,ASO,ES,Combined TRACON& Tower with Radar,28,18,28,18,92,0,9,40,8,57,28,27,68,26,149,80,10,90,239
06/15/2021,TLH,FL,ASO,ES,Combined TRACON& Tower with Radar,29,18,22,1,70,0,5,13,3,21,29,23,35,4,91,16,0,16,107
06/16/2021,TLH,FL,ASO,ES,Combined TRACON& Tower with Radar,28,16,46,10,100,0,0,37,7,44,28,16,83,17,144,48,0,48,192
06/17/2021,TLH,FL,ASO,ES,Combined TRACON& Tower with Radar,28,14,44,26,112,0,2,48,12,62,28,16,92,38,174,22,8,30,204
06/18/2021,TLH,FL,ASO,ES,Combined TRACON& Tower with Radar,29,14,38,4,85,0,0,23,14,37,29,14,61,18,122,30,0,30,152
06/19/2021,TLH,FL,ASO,ES,Combined TRACON& Tower with Radar,23,5,12,0,40,0,0,5,0,5,23,5,17,0,45,0,0,0,45
06/20/2021,TLH,FL,ASO,ES,Combined TRACON& Tower with Radar,28,8,15,2,53,0,0,6,10,16,28,8,21,12,69,0,0,0,69
06/21/2021,TLH,FL,ASO,ES,Combined TRACON& Tower with Radar,24,15,24,4,67,0,1,6,0,7,24,16,30,4,74,0,0,0,74
06/22/2021,TLH,FL,ASO,ES,Combined TRACON& Tower with Radar,30,13,20,6,69,0,0,5,0,5,30,13,25,6,74,0,0,0,74
06/23/2021,TLH,FL,ASO,ES,Combined TRACON& Tower with Radar,31,13,33,6,83,0,0,1,5,6,31,13,34,11,89,0,0,0,89
06/24/2021,TLH,FL,ASO,ES,Combined TRACON& Tower with Radar,31,7,33,4,75,0,0,3,0,3,31,7,36,4,78,0,0,0,78
06/25/2021,TLH,FL,ASO,ES,Combined TRACON& Tower with Radar,30,19,46,47,142,0,2,37,17,56,30,21,83,64,198,14,2,16,214
06/26/2021,TLH,FL,ASO,ES,Combined TRACON& Tower with Radar,20,3,25,7,55,0,2,22,6,30,20,5,47,13,85,14,14,28,113
06/27/2021,TLH,FL,ASO,ES,Combined TRACON& Tower with Radar,27,13,28,20,88,0,2,29,10,41,27,15,57,30,129,2,8,10,139
06/28/2021,TLH,FL,ASO,ES,Combined TRACON& Tower with Radar,28,12,36,33,109,0,0,28,9,37,28,12,64,42,146,70,20,90,236
06/29/2021,TLH,FL,ASO,ES,Combined TRACON& Tower with Radar,30,13,28,12,83,0,3,14,8,25,30,16,42,20,108,2,16,18,126
06/30/2021,TLH,FL,ASO,ES,Combined TRACON& Tower with Radar,26,10,41,8,85,0,0,18,10,28,26,10,59,18,113,0,0,0,113
07/01/2021,TLH,FL,ASO,ES,Combined TRACON& Tower with Radar,25,15,37,2,79,0,0,21,3,24,25,15,58,5,103,32,0,32,135
07/02/2021,TLH,FL,ASO,ES,Combined TRACON& Tower with Radar,22,9,28,0,59,0,0,26,6,32,22,9,54,6,91,30,0,30,121
07/03/2021,TLH,FL,ASO,ES,Combined TRACON& Tower with Radar,21,5,15,0,41,0,0,3,4,7,21,5,18,4,48,8,0,8,56
07/04/2021,TLH,FL,ASO,ES,Combined TRACON& Tower with Radar,20,5,17,0,42,0,0,8,0,8,20,5,25,0,50,0,0,0,50
07/05/2021,TLH,FL,ASO,ES,Combined TRACON& Tower with Radar,24,9,15,0,48,0,0,3,0,3,24,9,18,0,51,0,0,0,51
07/06/2021,TLH,FL,ASO,ES,Combined TRACON& Tower with Radar,24,7,11,0,42,0,0,11,2,13,24,7,22,2,55,0,0,0,55
07/07/2021,TLH,FL,ASO,ES,Combined TRACON& Tower with Radar,28,12,5,2,47,0,0,0,5,5,28,12,5,7,52,0,0,0,52
07/08/2021,TLH,FL,ASO,ES,Combined TRACON& Tower with Radar,28,16,28,26,98,0,0,18,8,26,28,16,46,34,124,26,10,36,160
07/09/2021,TLH,FL,ASO,ES,Combined TRACON& Tower with Radar,23,14,31,15,83,0,0,4,3,7,23,14,35,18,90,0,0,0,90
07/10/2021,TLH,FL,ASO,ES,Combined TRACON& Tower with Radar,19,11,24,6,60,0,2,25,5,32,19,13,49,11,92,24,6,30,122
07/11/2021,TLH,FL,ASO,ES,Combined TRACON& Tower with Radar,27,18,26,17,88,0,3,51,10,64,27,21,77,27,152,52,0,52,204
07/12/2021,TLH,FL,ASO,ES,Combined TRACON& Tower with Radar,25,17,23,22,87,0,3,17,3,23,25,20,40,25,110,0,0,0,110
07/13/2021,TLH,FL,ASO,ES,Combined TRACON& Tower with Radar,27,12,44,66,149,0,1,43,14,58,27,13,87,80,207,60,18,78,285
07/14/2021,TLH,FL,ASO,ES,Combined TRACON& Tower with Radar,25,13,46,33,117,0,4,30,16,50,25,17,76,49,167,20,30,50,217
07/15/2021,TLH,FL,ASO,ES,Combined TRACON& Tower with Radar,29,18,45,14,106,0,10,31,7,48,29,28,76,21,154,14,4,18,172
07/16/2021,TLH,FL,ASO,ES,Combined TRACON& Tower with Radar,27,12,40,50,129,0,0,34,28,62,27,12,74,78,191,42,0,42,233
07/17/2021,TLH,FL,ASO,ES,Combined TRACON& Tower with Radar,18,9,36,26,89,0,0,36,10,46,18,9,72,36,135,14,0,14,149
07/18/2021,TLH,FL,ASO,ES,Combined TRACON& Tower with Radar,26,15,22,56,119,0,1,23,24,48,26,16,45,80,167,0,0,0,167
07/19/2021,TLH,FL,ASO,ES,Combined TRACON& Tower with Radar,25,16,20,7,68,0,0,13,5,18,25,16,33,12,86,6,30,36,122
07/20/2021,TLH,FL,ASO,ES,Combined TRACON& Tower with Radar,26,10,34,9,79,0,0,7,3,10,26,10,41,12,89,24,28,52,141
07/21/2021,TLH,FL,ASO,ES,Combined TRACON& Tower with Radar,28,15,38,6,87,0,0,15,9,24,28,15,53,15,111,6,12,18,129
07/22/2021,TLH,FL,ASO,ES,Combined TRACON& Tower with Radar,26,13,46,13,98,0,0,35,9,44,26,13,81,22,142,30,0,30,172
07/23/2021,TLH,FL,ASO,ES,Combined TRACON& Tower with Radar,28,11,26,10,75,0,1,14,12,27,28,12,40,22,102,4,0,4,106
07/24/2021,TLH,FL,ASO,ES,Combined TRACON& Tower with Radar,19,6,22,25,72,0,0,18,10,28,19,6,40,35,100,0,0,0,100
07/25/2021,TLH,FL,ASO,ES,Combined TRACON& Tower with Radar,27,14,24,60,125,0,0,28,4,32,27,14,52,64,157,46,0,46,203
07/26/2021,TLH,FL,ASO,ES,Combined TRACON& Tower with Radar,25,15,42,55,137,0,5,35,13,53,25,20,77,68,190,58,26,84,274
07/27/2021,TLH,FL,ASO,ES,Combined TRACON& Tower with Radar,29,13,26,18,86,0,2,21,0,23,29,15,47,18,109,0,16,16,125
07/28/2021,TLH,FL,ASO,ES,Combined TRACON& Tower with Radar,29,12,30,20,91,0,1,22,13,36,29,13,52,33,127,6,0,6,133
07/29/2021,TLH,FL,ASO,ES,Combined TRACON& Tower with Radar,28,13,32,8,81,0,2,17,13,32,28,15,49,21,113,32,8,40,153
07/30/2021,TLH,FL,ASO,ES,Combined TRACON& Tower with Radar,27,13,35,19,94,0,4,29,13,46,27,17,64,32,140,32,6,38,178
07/31/2021,TLH,FL,ASO,ES,Combined TRACON& Tower with Radar,21,6,30,0,57,0,0,24,4,28,21,6,54,4,85,22,0,22,107
08/01/2021,TLH,FL,ASO,ES,Combined TRACON& Tower with Radar,23,15,25,8,71,0,0,26,11,37,23,15,51,19,108,6,6,12,120
08/02/2021,TLH,FL,ASO,ES,Combined TRACON& Tower with Radar,25,12,32,44,113,0,0,15,6,21,25,12,47,50,134,52,24,76,210
08/03/2021,TLH,FL,ASO,ES,Combined TRACON& Tower with Radar,26,9,32,6,73,0,0,11,4,15,26,9,43,10,88,0,0,0,88
08/04/2021,TLH,FL,ASO,ES,Combined TRACON& Tower with Radar,27,9,29,3,68,0,0,8,3,11,27,9,37,6,79,10,0,10,89
08/05/2021,TLH,FL,ASO,ES,Combined TRACON& Tower with Radar,27,9,41,4,81,0,0,10,3,13,27,9,51,7,94,0,0,0,94
08/06/2021,TLH,FL,ASO,ES,Combined TRACON& Tower with Radar,26,16,39,20,101,0,1,13,14,28,26,17,52,34,129,0,6,6,135
08/07/2021,TLH,FL,ASO,ES,Combined TRACON& Tower with Radar,20,8,19,9,56,0,0,21,7,28,20,8,40,16,84,4,4,8,92
08/08/2021,TLH,FL,ASO,ES,Combined TRACON& Tower with Radar,26,12,24,17,79,0,0,52,15,67,26,12,76,32,146,30,0,30,176
08/09/2021,TLH,FL,ASO,ES,Combined TRACON& Tower with Radar,25,11,30,26,92,0,4,33,11,48,25,15,63,37,140,42,24,66,206
08/10/2021,TLH,FL,ASO,ES,Combined TRACON& Tower with Radar,25,12,26,26,89,0,4,40,2,46,25,16,66,28,135,12,14,26,161
08/11/2021,TLH,FL,ASO,ES,Combined TRACON& Tower with Radar,24,10,12,40,86,0,6,35,14,55,24,16,47,54,141,54,28,82,223
08/12/2021,TLH,FL,ASO,ES,Combined TRACON& Tower with Radar,26,12,40,18,96,0,4,30,9,43,26,16,70,27,139,22,0,22,161
08/13/2021,TLH,FL,ASO,ES,Combined TRACON& Tower with Radar,26,14,24,32,96,0,0,35,15,50,26,14,59,47,146,32,0,32,178
08/14/2021,TLH,FL,ASO,ES,Combined TRACON& Tower with Radar,17,14,24,0,55,0,0,36,2,38,17,14,60,2,93,10,0,10,103
08/15/2021,TLH,FL,ASO,ES,Combined TRACON& Tower with Radar,25,13,22,6,66,0,0,9,0,9,25,13,31,6,75,48,0,48,123
08/16/2021,TLH,FL,ASO,ES,Combined TRACON& Tower with Radar,20,9,9,0,38,0,0,0,0,0,20,9,9,0,38,0,0,0,38
08/17/2021,TLH,FL,ASO,ES,Combined TRACON& Tower with Radar,21,14,42,41,118,0,1,30,5,36,21,15,72,46,154,19,22,41,195
08/18/2021,TLH,FL,ASO,ES,Combined TRACON& Tower with Radar,23,15,29,19,86,0,2,18,4,24,23,17,47,23,110,44,28,72,182
08/19/2021,TLH,FL,ASO,ES,Combined TRACON& Tower with Radar,28,12,32,28,100,0,0,31,13,44,28,12,63,41,144,30,0,30,174
08/20/2021,TLH,FL,ASO,ES,Combined TRACON& Tower with Radar,29,17,27,52,125,0,2,25,14,41,29,19,52,66,166,22,18,40,206
08/21/2021,TLH,FL,ASO,ES,Combined TRACON& Tower with Radar,21,7,30,7,65,0,0,19,4,23,21,7,49,11,88,16,0,16,104
08/22/2021,TLH,FL,ASO,ES,Combined TRACON& Tower with Radar,27,13,38,0,78,0,1,20,3,24,27,14,58,3,102,36,0,36,138
08/23/2021,TLH,FL,ASO,ES,Combined TRACON& Tower with Radar,27,11,32,21,91,0,6,26,1,33,27,17,58,22,124,0,0,0,124
08/24/2021,TLH,FL,ASO,ES,Combined TRACON& Tower with Radar,25,13,45,10,93,0,0,16,5,21,25,13,61,15,114,0,4,4,118
08/25/2021,TLH,FL,ASO,ES,Combined TRACON& Tower with Radar,25,18,32,3,78,0,0,14,9,23,25,18,46,12,101,8,0,8,109
08/26/2021,TLH,FL,ASO,ES,Combined TRACON& Tower with Radar,28,15,50,27,120,0,0,32,11,43,28,15,82,38,163,34,0,34,197
08/27/2021,TLH,FL,ASO,ES,Combined TRACON& Tower with Radar,29,16,38,31,114,0,3,12,13,28,29,19,50,44,142,0,0,0,142
08/28/2021,TLH,FL,ASO,ES,Combined TRACON& Tower with Radar,21,11,34,0,66,0,0,12,3,15,21,11,46,3,81,14,0,14,95
08/29/2021,TLH,FL,ASO,ES,Combined TRACON& Tower with Radar,28,16,20,12,76,0,0,19,3,22,28,16,39,15,98,8,0,8,106
08/30/2021,TLH,FL,ASO,ES,Combined TRACON& Tower with Radar,25,22,23,8,78,0,3,16,1,20,25,25,39,9,98,0,6,6,104
08/31/2021,TLH,FL,ASO,ES,Combined TRACON& Tower with Radar,25,7,20,1,53,0,0,6,7,13,25,7,26,8,66,0,0,0,66
09/01/2021,TLH,FL,ASO,ES,Combined TRACON& Tower with Radar,24,14,43,11,92,0,1,21,20,42,24,15,64,31,134,42,0,42,176
09/02/2021,TLH,FL,ASO,ES,Combined TRACON& Tower with Radar,32,17,30,9,88,0,1,31,12,44,32,18,61,21,132,0,0,0,132
09/03/2021,TLH,FL,ASO,ES,Combined TRACON& Tower with Radar,26,23,51,5,105,0,0,33,5,38,26,23,84,10,143,10,0,10,153
09/04/2021,TLH,FL,ASO,ES,Combined TRACON& Tower with Radar,20,21,46,0,87,0,12,41,3,56,20,33,87,3,143,10,0,10,153
09/05/2021,TLH,FL,ASO,ES,Combined TRACON& Tower with Radar,23,31,61,0,115,0,2,58,5,65,23,33,119,5,180,26,0,26,206
09/06/2021,TLH,FL,ASO,ES,Combined TRACON& Tower with Radar,23,40,62,0,125,0,3,63,0,66,23,43,125,0,191,10,0,10,201
09/07/2021,TLH,FL,ASO,ES,Combined TRACON& Tower with Radar,26,9,33,31,99,0,0,32,4,36,26,9,65,35,135,56,34,90,225
09/08/2021,TLH,FL,ASO,ES,Combined TRACON& Tower with Radar,22,5,28,2,57,0,0,3,4,7,22,5,31,6,64,0,0,0,64
09/09/2021,TLH,FL,ASO,ES,Combined TRACON& Tower with Radar,26,14,53,5,98,0,0,14,5,19,26,14,67,10,117,2,0,2,119
09/10/2021,TLH,FL,ASO,ES,Combined TRACON& Tower with Radar,26,21,42,34,123,0,1,36,24,61,26,22,78,58,184,34,12,46,230
09/11/2021,TLH,FL,ASO,ES,Combined TRACON& Tower with Radar,21,7,37,1,66,0,0,37,9,46,21,7,74,10,112,16,0,16,128
09/12/2021,TLH,FL,ASO,ES,Combined TRACON& Tower with Radar,28,18,31,12,89,0,0,53,6,59,28,18,84,18,148,96,0,96,244
09/13/2021,TLH,FL,ASO,ES,Combined TRACON& Tower with Radar,28,16,33,70,147,0,2,57,14,73,28,18,90,84,220,62,42,104,324
09/14/2021,TLH,FL,ASO,ES,Combined TRACON& Tower with Radar,23,14,49,41,127,0,0,33,13,46,23,14,82,54,173,6,8,14,187
09/15/2021,TLH,FL,ASO,ES,Combined TRACON& Tower with Radar,23,15,43,17,98,0,0,14,8,22,23,15,57,25,120,0,12,12,132
09/16/2021,TLH,FL,ASO,ES,Combined TRACON& Tower with Radar,31,14,38,9,92,0,1,4,4,9,31,15,42,13,101,0,0,0,101
09/17/2021,TLH,FL,ASO,ES,Combined TRACON& Tower with Radar,31,14,38,13,96,0,0,9,9,18,31,14,47,22,114,0,0,0,114
09/18/2021,TLH,FL,ASO,ES,Combined TRACON& Tower with Radar,25,10,21,4,60,0,0,24,1,25,25,10,45,5,85,44,0,44,129
09/19/2021,TLH,FL,ASO,ES,Combined TRACON& Tower with Radar,27,11,43,0,81,0,0,4,0,4,27,11,47,0,85,54,0,54,139
09/20/2021,TLH,FL,ASO,ES,Combined TRACON& Tower with Radar,27,16,37,0,80,0,0,6,0,6,27,16,43,0,86,0,0,0,86
09/21/2021,TLH,FL,ASO,ES,Combined TRACON& Tower with Radar,23,19,57,27,126,0,2,16,3,21,23,21,73,30,147,40,30,70,217
09/22/2021,TLH,FL,ASO,ES,Combined TRACON& Tower with Radar,24,23,56,12,115,0,0,29,8,37,24,23,85,20,152,10,0,10,162
09/23/2021,TLH,FL,ASO,ES,Combined TRACON& Tower with Radar,32,19,71,38,160,0,5,72,12,89,32,24,143,50,249,24,27,51,300
09/24/2021,TLH,FL,ASO,ES,Combined TRACON& Tower with Radar,27,15,49,47,138,0,7,52,8,67,27,22,101,55,205,36,31,67,272
09/25/2021,TLH,FL,ASO,ES,Combined TRACON& Tower with Radar,27,20,54,0,101,0,24,50,2,76,27,44,104,2,177,26,0,26,203
09/26/2021,TLH,FL,ASO,ES,Combined TRACON& Tower with Radar,28,12,37,0,77,0,24,66,0,90,28,36,103,0,167,16,0,16,183
09/27/2021,TLH,FL,ASO,ES,Combined TRACON& Tower with Radar,28,14,35,40,117,0,2,28,7,37,28,16,63,47,154,114,0,114,268
09/28/2021,TLH,FL,ASO,ES,Combined TRACON& Tower with Radar,22,15,34,53,124,0,6,36,20,62,22,21,70,73,186,58,40,98,284
09/29/2021,TLH,FL,ASO,ES,Combined TRACON& Tower with Radar,26,24,43,44,137,0,9,35,33,77,26,33,78,77,214,24,40,64,278
09/30/2021,TLH,FL,ASO,ES,Combined TRACON& Tower with Radar,28,24,52,72,176,0,0,55,29,84,28,24,107,101,260,0,0,0,260
10/01/2021,TLH,FL,ASO,ES,Combined TRACON& Tower with Radar,31,18,59,50,158,0,0,41,18,59,31,18,100,68,217,50,12,62,279
10/02/2021,TLH,FL,ASO,ES,Combined TRACON& Tower with Radar,25,7,43,41,116,0,0,59,7,66,25,7,102,48,182,52,2,54,236
10/03/2021,TLH,FL,ASO,ES,Combined TRACON& Tower with Radar,28,15,59,18,120,0,0,39,10,49,28,15,98,28,169,46,0,46,215
10/04/2021,TLH,FL,ASO,ES,Combined TRACON& Tower with Radar,30,13,28,36,107,0,1,22,0,23,30,14,50,36,130,61,24,85,215
10/05/2021,TLH,FL,ASO,ES,Combined TRACON& Tower with Radar,23,8,28,0,59,0,0,6,0,6,23,8,34,0,65,4,0,4,69
10/06/2021,TLH,FL,ASO,ES,Combined TRACON& Tower with Radar,25,14,31,1,71,0,0,6,2,8,25,14,37,3,79,0,0,0,79
10/07/2021,TLH,FL,ASO,ES,Combined TRACON& Tower with Radar,32,11,47,23,113,0,0,7,4,11,32,11,54,27,124,0,0,0,124
10/08/2021,TLH,FL,ASO,ES,Combined TRACON& Tower with Radar,36,8,40,10,94,0,0,32,4,36,36,8,72,14,130,12,0,12,142
10/09/2021,TLH,FL,ASO,ES,Combined TRACON& Tower with Radar,30,10,39,0,79,0,4,61,0,65,30,14,100,0,144,22,0,22,166
10/10/2021,TLH,FL,ASO,ES,Combined TRACON& Tower with Radar,32,2,43,0,77,0,0,49,0,49,32,2,92,0,126,28,0,28,154
10/11/2021,TLH,FL,ASO,ES,Combined TRACON& Tower with Radar,35,16,64,4,119,0,6,47,2,55,35,22,111,6,174,54,0,54,228
10/12/2021,TLH,FL,ASO,ES,Combined TRACON& Tower with Radar,29,18,46,52,145,0,11,51,12,74,29,29,97,64,219,86,20,106,325
10/13/2021,TLH,FL,ASO,ES,Combined TRACON& Tower with Radar,29,8,50,43,130,0,0,53,12,65,29,8,103,55,195,60,6,66,261
10/14/2021,TLH,FL,ASO,ES,Combined TRACON& Tower with Radar,32,7,34,42,115,0,1,51,12,64,32,8,85,54,179,68,10,78,257
10/15/2021,TLH,FL,ASO,ES,Combined TRACON& Tower with Radar,35,16,54,30,135,0,3,48,6,57,35,19,102,36,192,24,8,32,224
10/16/2021,TLH,FL,ASO,ES,Combined TRACON& Tower with Radar,29,8,43,2,82,0,0,36,4,40,29,8,79,6,122,10,0,10,132
10/17/2021,TLH,FL,ASO,ES,Combined TRACON& Tower with Radar,32,10,35,21,98,0,0,51,12,63,32,10,86,33,161,54,18,72,233
10/18/2021,TLH,FL,ASO,ES,Combined TRACON& Tower with Radar,34,14,51,21,120,0,4,41,10,55,34,18,92,31,175,48,18,66,241
10/19/2021,TLH,FL,ASO,ES,Combined TRACON& Tower with Radar,30,20,54,20,124,0,6,52,9,67,30,26,106,29,191,41,24,65,256
10/20/2021,TLH,FL,ASO,ES,Combined TRACON& Tower with Radar,31,13,59,31,134,0,3,59,14,76,31,16,118,45,210,28,22,50,260
10/21/2021,TLH,FL,ASO,ES,Combined TRACON& Tower with Radar,33,20,53,62,168,0,2,40,19,61,33,22,93,81,229,46,34,80,309
10/22/2021,TLH,FL,ASO,ES,Combined TRACON& Tower with Radar,35,31,51,65,182,0,6,47,17,70,35,37,98,82,252,40,32,72,324
10/23/2021,TLH,FL,ASO,ES,Combined TRACON& Tower with Radar,29,8,51,6,94,0,22,67,12,101,29,30,118,18,195,46,10,56,251
10/24/2021,TLH,FL,ASO,ES,Combined TRACON& Tower with Radar,32,7,51,20,110,0,0,53,5,58,32,7,104,25,168,66,4,70,238
10/25/2021,TLH,FL,ASO,ES,Combined TRACON& Tower with Radar,32,8,51,109,200,0,1,21,6,28,32,9,72,115,228,66,76,142,370
10/26/2021,TLH,FL,ASO,ES,Combined TRACON& Tower with Radar,30,9,36,47,122,0,0,62,11,73,30,9,98,58,195,20,10,30,225
10/27/2021,TLH,FL,ASO,ES,Combined TRACON& Tower with Radar,30,12,52,11,105,0,2,59,11,72,30,14,111,22,177,24,10,34,211
10/28/2021,TLH,FL,ASO,ES,Combined TRACON& Tower with Radar,31,8,22,48,109,0,0,5,8,13,31,8,27,56,122,0,6,6,128
10/29/2021,TLH,FL,ASO,ES,Combined TRACON& Tower with Radar,38,13,48,56,155,0,2,40,16,58,38,15,88,72,213,20,24,44,257
10/30/2021,TLH,FL,ASO,ES,Combined TRACON& Tower with Radar,31,7,36,27,101,0,0,21,7,28,31,7,57,34,129,8,6,14,143
10/31/2021,TLH,FL,ASO,ES,Combined TRACON& Tower with Radar,27,9,59,41,136,0,4,36,15,55,27,13,95,56,191,66,0,66,257
11/01/2021,TLH,FL,ASO,ES,Combined TRACON& Tower with Radar,31,19,43,66,159,0,0,42,9,51,31,19,85,75,210,32,36,68,278
11/02/2021,TLH,FL,ASO,ES,Combined TRACON& Tower with Radar,31,14,65,53,163,0,0,51,20,71,31,14,116,73,234,58,12,70,304
11/03/2021,TLH,FL,ASO,ES,Combined TRACON& Tower with Radar,30,19,55,51,155,0,4,49,23,76,30,23,104,74,231,28,41,69,300
11/04/2021,TLH,FL,ASO,ES,Combined TRACON& Tower with Radar,29,18,64,38,149,0,2,33,7,42,29,20,97,45,191,10,16,26,217
11/05/2021,TLH,FL,ASO,ES,Combined TRACON& Tower with Radar,33,27,37,12,109,0,0,2,4,6,33,27,39,16,115,0,0,0,115
11/06/2021,TLH,FL,ASO,ES,Combined TRACON& Tower with Radar,28,19,68,0,115,0,1,40,4,45,28,20,108,4,160,24,0,24,184
11/07/2021,TLH,FL,ASO,ES,Combined TRACON& Tower with Radar,28,11,50,45,134,0,2,57,1,60,28,13,107,46,194,18,2,20,214
11/08/2021,TLH,FL,ASO,ES,Combined TRACON& Tower with Radar,28,19,26,39,112,0,4,40,4,48,28,23,66,43,160,68,22,90,250
11/09/2021,TLH,FL,ASO,ES,Combined TRACON& Tower with Radar,28,15,38,39,120,0,0,44,9,53,28,15,82,48,173,56,42,98,271
11/10/2021,TLH,FL,ASO,ES,Combined TRACON& Tower with Radar,29,18,56,28,131,0,0,47,20,67,29,18,103,48,198,22,26,48,246
11/11/2021,TLH,FL,ASO,ES,Combined TRACON& Tower with Radar,27,24,44,4,99,0,1,8,6,15,27,25,52,10,114,6,0,6,120
11/12/2021,TLH,FL,ASO,ES,Combined TRACON& Tower with Radar,32,34,74,23,163,0,3,46,8,57,32,37,120,31,220,0,0,0,220
11/13/2021,TLH,FL,ASO,ES,Combined TRACON& Tower with Radar,27,31,57,1,116,0,5,40,3,48,27,36,97,4,164,16,0,16,180
11/14/2021,TLH,FL,ASO,ES,Combined TRACON& Tower with Radar,29,18,58,2,107,0,32,67,2,101,29,50,125,4,208,46,0,46,254
11/15/2021,TLH,FL,ASO,ES,Combined TRACON& Tower with Radar,29,14,60,47,150,0,2,60,6,68,29,16,120,53,218,54,42,96,314
11/16/2021,TLH,FL,ASO,ES,Combined TRACON& Tower with Radar,28,28,44,50,150,0,4,53,14,71,28,32,97,64,221,36,12,48,269
11/17/2021,TLH,FL,ASO,ES,Combined TRACON& Tower with Radar,29,11,64,15,119,0,0,53,7,60,29,11,117,22,179,58,10,68,247
11/18/2021,TLH,FL,ASO,ES,Combined TRACON& Tower with Radar,29,22,61,36,148,0,3,33,6,42,29,25,94,42,190,64,10,74,264
11/19/2021,TLH,FL,ASO,ES,Combined TRACON& Tower with Radar,31,16,53,48,148,0,2,61,12,75,31,18,114,60,223,8,0,8,231
11/20/2021,TLH,FL,ASO,ES,Combined TRACON& Tower with Radar,26,12,41,13,92,0,0,49,7,56,26,12,90,20,148,21,0,21,169
11/21/2021,TLH,FL,ASO,ES,Combined TRACON& Tower with Radar,25,10,50,84,169,0,0,31,15,46,25,10,81,99,215,26,0,26,241
11/22/2021,TLH,FL,ASO,ES,Combined TRACON& Tower with Radar,28,16,51,42,137,0,0,40,1,41,28,16,91,43,178,70,52,122,300
11/23/2021,TLH,FL,ASO,ES,Combined TRACON& Tower with Radar,28,20,44,38,130,0,0,46,8,54,28,20,90,46,184,74,28,102,286
11/24/2021,TLH,FL,ASO,ES,Combined TRACON& Tower with Radar,34,15,50,12,111,0,6,49,5,60,34,21,99,17,171,16,0,16,187
11/25/2021,TLH,FL,ASO,ES,Combined TRACON& Tower with Radar,18,2,10,0,30,0,2,1,0,3,18,4,11,0,33,0,0,0,33
11/26/2021,TLH,FL,ASO,ES,Combined TRACON& Tower with Radar,25,13,25,0,63,0,0,9,0,9,25,13,34,0,72,18,0,18,90
11/27/2021,TLH,FL,ASO,ES,Combined TRACON& Tower with Radar,31,3,35,8,77,0,2,42,0,44,31,5,77,8,121,30,0,30,151
11/28/2021,TLH,FL,ASO,ES,Combined TRACON& Tower with Radar,29,15,49,6,99,0,0,35,0,35,29,15,84,6,134,36,0,36,170
11/29/2021,TLH,FL,ASO,ES,Combined TRACON& Tower with Radar,31,17,51,47,146,0,6,43,15,64,31,23,94,62,210,42,0,42,252
11/30/2021,TLH,FL,ASO,ES,Combined TRACON& Tower with Radar,28,20,55,43,146,0,3,53,7,63,28,23,108,50,209,40,48,88,297
12/01/2021,TLH,FL,ASO,ES,Combined TRACON& Tower with Radar,29,22,55,34,140,0,1,44,12,57,29,23,99,46,197,78,36,114,311
12/02/2021,TLH,FL,ASO,ES,Combined TRACON& Tower with Radar,30,21,47,43,141,0,5,41,14,60,30,26,88,57,201,32,20,52,253
12/03/2021,TLH,FL,ASO,ES,Combined TRACON& Tower with Radar,31,21,43,58,153,0,1,40,8,49,31,22,83,66,202,40,8,48,250
12/04/2021,TLH,FL,ASO,ES,Combined TRACON& Tower with Radar,25,8,25,25,83,0,1,27,7,35,25,9,52,32,118,64,26,90,208
12/05/2021,TLH,FL,ASO,ES,Combined TRACON& Tower with Radar,32,12,30,16,90,0,0,17,0,17,32,12,47,16,107,40,0,40,147
12/06/2021,TLH,FL,ASO,ES,Combined TRACON& Tower with Radar,28,11,40,54,133,0,0,17,5,22,28,11,57,59,155,0,22,22,177
12/07/2021,TLH,FL,ASO,ES,Combined TRACON& Tower with Radar,29,17,30,16,92,0,0,8,4,12,29,17,38,20,104,48,0,48,152
12/08/2021,TLH,FL,ASO,ES,Combined TRACON& Tower with Radar,30,7,34,28,99,0,2,7,6,15,30,9,41,34,114,4,0,4,118
12/09/2021,TLH,FL,ASO,ES,Combined TRACON& Tower with Radar,28,24,71,49,172,0,0,2,2,4,28,24,73,51,176,6,0,6,182
12/10/2021,TLH,FL,ASO,ES,Combined TRACON& Tower with Radar,34,29,61,25,149,0,0,5,12,17,34,29,66,37,166,10,0,10,176
12/11/2021,TLH,FL,ASO,ES,Combined TRACON& Tower with Radar,26,12,35,10,83,0,0,12,0,12,26,12,47,10,95,0,0,0,95
12/12/2021,TLH,FL,ASO,ES,Combined TRACON& Tower with Radar,31,11,24,14,80,0,0,52,14,66,31,11,76,28,146,99,4,103,249
12/13/2021,TLH,FL,ASO,ES,Combined TRACON& Tower with Radar,31,20,70,35,156,0,0,5,1,6,31,20,75,36,162,8,10,18,180
12/14/2021,TLH,FL,ASO,ES,Combined TRACON& Tower with Radar,27,10,53,50,140,0,0,44,15,59,27,10,97,65,199,48,20,68,267
12/15/2021,TLH,FL,ASO,ES,Combined TRACON& Tower with Radar,28,32,76,33,169,0,0,37,18,55,28,32,113,51,224,22,14,36,260
12/16/2021,TLH,FL,ASO,ES,Combined TRACON& Tower with Radar,35,15,45,40,135,0,0,15,4,19,35,15,60,44,154,22,0,22,176
12/17/2021,TLH,FL,ASO,ES,Combined TRACON& Tower with Radar,38,42,62,61,203,0,2,36,10,48,38,44,98,71,251,0,0,0,251
12/18/2021,TLH,FL,ASO,ES,Combined TRACON& Tower with Radar,28,5,34,9,76,0,0,15,1,16,28,5,49,10,92,56,0,56,148
12/19/2021,TLH,FL,ASO,ES,Combined TRACON& Tower with Radar,30,10,39,34,113,0,0,12,2,14,30,10,51,36,127,10,0,10,137
12/20/2021,TLH,FL,ASO,ES,Combined TRACON& Tower with Radar,26,19,34,8,87,0,0,0,0,0,26,19,34,8,87,0,0,0,87
12/21/2021,TLH,FL,ASO,ES,Combined TRACON& Tower with Radar,30,11,15,0,56,0,0,0,0,0,30,11,15,0,56,0,0,0,56
12/22/2021,TLH,FL,ASO,ES,Combined TRACON& Tower with Radar,31,21,34,16,102,0,8,50,16,74,31,29,84,32,176,74,6,80,256
12/23/2021,TLH,FL,ASO,ES,Combined TRACON& Tower with Radar,33,10,28,0,71,0,0,42,5,47,33,10,70,5,118,72,0,72,190
12/24/2021,TLH,FL,ASO,ES,Combined TRACON& Tower with Radar,27,9,6,0,42,0,1,23,2,26,27,10,29,2,68,18,0,18,86
12/25/2021,TLH,FL,ASO,ES,Combined TRACON& Tower with Radar,24,4,6,0,34,0,1,17,0,18,24,5,23,0,52,0,0,0,52
12/26/2021,TLH,FL,ASO,ES,Combined TRACON& Tower with Radar,25,3,23,0,51,0,0,23,2,25,25,3,46,2,76,0,0,0,76
12/27/2021,TLH,FL,ASO,ES,Combined TRACON& Tower with Radar,32,16,37,0,85,0,0,18,0,18,32,16,55,0,103,54,0,54,157
12/28/2021,TLH,FL,ASO,ES,Combined TRACON& Tower with Radar,32,10,24,27,93,0,2,8,3,13,32,12,32,30,106,0,0,0,106
12/29/2021,TLH,FL,ASO,ES,Combined TRACON& Tower with Radar,33,12,38,15,98,0,1,5,0,6,33,13,43,15,104,0,0,0,104
12/30/2021,TLH,FL,ASO,ES,Combined TRACON& Tower with Radar,33,13,24,0,70,0,0,2,0,2,33,13,26,0,72,0,0,0,72
12/31/2021,TLH,FL,ASO,ES,Combined TRACON& Tower with Radar,23,6,21,0,50,0,0,1,2,3,23,6,22,2,53,0,0,0,53
01/01/2022,TLH,FL,ASO,ES,Combined TRACON& Tower with Radar,22,3,12,0,37,0,0,9,0,9,22,3,21,0,46,10,0,10,56
01/02/2022,TLH,FL,ASO,ES,Combined TRACON& Tower with Radar,24,8,17,0,49,0,0,4,0,4,24,8,21,0,53,14,0,14,67
01/03/2022,TLH,FL,ASO,ES,Combined TRACON& Tower with Radar,31,18,44,2,95,0,0,21,0,21,31,18,65,2,116,30,6,36,152
01/04/2022,TLH,FL,ASO,ES,Combined TRACON& Tower with Radar,26,10,35,29,100,0,0,40,4,44,26,10,75,33,144,60,66,126,270
01/05/2022,TLH,FL,ASO,ES,Combined TRACON& Tower with Radar,26,20,37,73,156,0,2,47,15,64,26,22,84,88,220,20,40,60,280
01/06/2022,TLH,FL,ASO,ES,Combined TRACON& Tower with Radar,23,26,39,66,154,0,5,21,7,33,23,31,60,73,187,54,59,113,300
01/07/2022,TLH,FL,ASO,ES,Combined TRACON& Tower with Radar,27,11,37,86,161,0,5,51,28,84,27,16,88,114,245,32,22,54,299
01/08/2022,TLH,FL,ASO,ES,Combined TRACON& Tower with Radar,28,3,33,5,69,0,3,49,7,59,28,6,82,12,128,12,0,12,140
01/09/2022,TLH,FL,ASO,ES,Combined TRACON& Tower with Radar,27,19,38,52,136,0,1,32,11,44,27,20,70,63,180,38,0,38,218
01/10/2022,TLH,FL,ASO,ES,Combined TRACON& Tower with Radar,24,14,35,13,86,0,2,24,2,28,24,16,59,15,114,20,8,28,142
01/11/2022,TLH,FL,ASO,ES,Combined TRACON& Tower with Radar,25,20,60,27,132,0,4,54,9,67,25,24,114,36,199,20,14,34,233
01/12/2022,TLH,FL,ASO,ES,Combined TRACON& Tower with Radar,30,20,38,14,102,0,15,35,9,59,30,35,73,23,161,62,6,68,229
01/13/2022,TLH,FL,ASO,ES,Combined TRACON& Tower with Radar,27,21,34,23,105,0,2,48,8,58,27,23,82,31,163,30,18,48,211
01/14/2022,TLH,FL,ASO,ES,Combined TRACON& Tower with Radar,29,12,55,24,120,0,1,56,18,75,29,13,111,42,195,42,8,50,245
01/15/2022,TLH,FL,ASO,ES,Combined TRACON& Tower with Radar,24,12,27,3,66,0,0,42,1,43,24,12,69,4,109,79,0,79,188
01/16/2022,TLH,FL,ASO,ES,Combined TRACON& Tower with Radar,18,5,16,6,45,0,0,7,1,8,18,5,23,7,53,0,0,0,53
01/17/2022,TLH,FL,ASO,ES,Combined TRACON& Tower with Radar,31,17,35,12,95,0,0,46,0,46,31,17,81,12,141,40,6,46,187
01/18/2022,TLH,FL,ASO,ES,Combined TRACON& Tower with Radar,26,24,61,17,128,0,6,62,4,72,26,30,123,21,200,18,10,28,228
01/19/2022,TLH,FL,ASO,ES,Combined TRACON& Tower with Radar,28,15,75,85,203,0,4,48,20,72,28,19,123,105,275,54,32,86,361
01/20/2022,TLH,FL,ASO,ES,Combined TRACON& Tower with Radar,29,12,40,20,101,0,0,11,0,11,29,12,51,20,112,12,8,20,132
01/21/2022,TLH,FL,ASO,ES,Combined TRACON& Tower with Radar,29,13,37,6,85,0,0,1,0,1,29,13,38,6,86,0,0,0,86
01/22/2022,TLH,FL,ASO,ES,Combined TRACON& Tower with Radar,24,3,21,9,57,0,0,7,5,12,24,3,28,14,69,0,0,0,69
01/23/2022,TLH,FL,ASO,ES,Combined TRACON& Tower with Radar,28,10,58,17,113,0,0,54,10,64,28,10,112,27,177,34,0,34,211
01/24/2022,TLH,FL,ASO,ES,Combined TRACON& Tower with Radar,22,24,67,35,148,0,0,57,3,60,22,24,124,38,208,78,6,84,292
01/25/2022,TLH,FL,ASO,ES,Combined TRACON& Tower with Radar,24,14,57,14,109,0,0,6,2,8,24,14,63,16,117,44,0,44,161
01/26/2022,TLH,FL,ASO,ES,Combined TRACON& Tower with Radar,28,20,58,47,153,0,3,47,10,60,28,23,105,57,213,108,28,136,349
01/27/2022,TLH,FL,ASO,ES,Combined TRACON& Tower with Radar,32,20,71,14,137,0,2,51,13,66,32,22,122,27,203,50,0,50,253
01/28/2022,TLH,FL,ASO,ES,Combined TRACON& Tower with Radar,30,14,47,62,153,0,2,38,24,64,30,16,85,86,217,90,18,108,325
01/29/2022,TLH,FL,ASO,ES,Combined TRACON& Tower with Radar,24,12,26,2,64,0,4,32,2,38,24,16,58,4,102,26,0,26,128
01/30/2022,TLH,FL,ASO,ES,Combined TRACON& Tower with Radar,29,10,33,20,92,0,2,55,18,75,29,12,88,38,167,24,0,24,191
01/31/2022,TLH,FL,ASO,ES,Combined TRACON& Tower with Radar,23,12,54,27,116,0,4,56,1,61,23,16,110,28,177,72,30,102,279
02/01/2022,TLH,FL,ASO,ES,Combined TRACON& Tower with Radar,22,16,52,39,129,0,1,39,14,54,22,17,91,53,183,34,20,54,237
02/02/2022,TLH,FL,ASO,ES,Combined TRACON& Tower with Radar,27,11,46,53,137,0,2,53,20,75,27,13,99,73,212,18,24,42,254
02/03/2022,TLH,FL,ASO,ES,Combined TRACON& Tower with Radar,27,17,57,81,182,0,0,24,12,36,27,17,81,93,218,8,46,54,272
02/04/2022,TLH,FL,ASO,ES,Combined TRACON& Tower with Radar,25,12,29,0,66,0,0,1,0,1,25,12,30,0,67,0,0,0,67
02/05/2022,TLH,FL,ASO,ES,Combined TRACON& Tower with Radar,24,11,24,15,74,0,6,44,13,63,24,17,68,28,137,50,2,52,189
02/06/2022,TLH,FL,ASO,ES,Combined TRACON& Tower with Radar,31,14,52,22,119,0,0,14,7,21,31,14,66,29,140,28,2,30,170
02/07/2022,TLH,FL,ASO,ES,Combined TRACON& Tower with Radar,25,17,40,22,104,0,1,6,1,8,25,18,46,23,112,10,14,24,136
02/08/2022,TLH,FL,ASO,ES,Combined TRACON& Tower with Radar,24,17,47,40,128,0,1,30,11,42,24,18,77,51,170,34,4,38,208
02/09/2022,TLH,FL,ASO,ES,Combined TRACON& Tower with Radar,27,21,58,25,131,0,2,38,11,51,27,23,96,36,182,42,12,54,236
02/10/2022,TLH,FL,ASO,ES,Combined TRACON& Tower with Radar,29,19,47,32,127,0,3,47,11,61,29,22,94,43,188,22,10,32,220
02/11/2022,TLH,FL,ASO,ES,Combined TRACON& Tower with Radar,31,11,44,57,143,0,10,66,23,99,31,21,110,80,242,26,4,30,272
02/12/2022,TLH,FL,ASO,ES,Combined TRACON& Tower with Radar,23,8,42,17,90,0,38,55,5,98,23,46,97,22,188,20,0,20,208
02/13/2022,TLH,FL,ASO,ES,Combined TRACON& Tower with Radar,28,14,32,14,88,0,0,27,11,38,28,14,59,25,126,18,0,18,144
02/14/2022,TLH,FL,ASO,ES,Combined TRACON& Tower with Radar,27,12,50,36,125,0,13,59,8,80,27,25,109,44,205,70,10,80,285
02/15/2022,TLH,FL,ASO,ES,Combined TRACON& Tower with Radar,25,20,60,48,153,0,3,55,6,64,25,23,115,54,217,40,10,50,267
02/16/2022,TLH,FL,ASO,ES,Combined TRACON& Tower with Radar,29,22,46,26,123,0,0,58,13,71,29,22,104,39,194,70,16,86,280
02/17/2022,TLH,FL,ASO,ES,Combined TRACON& Tower with Radar,28,22,69,32,151,0,0,14,2,16,28,22,83,34,167,20,4,24,191
02/18/2022,TLH,FL,ASO,ES,Combined TRACON& Tower with Radar,28,19,52,54,153,0,0,25,29,54,28,19,77,83,207,62,26,88,295
02/19/2022,TLH,FL,ASO,ES,Combined TRACON& Tower with Radar,23,4,46,10,83,0,7,64,11,82,23,11,110,21,165,76,0,76,241
02/20/2022,TLH,FL,ASO,ES,Combined TRACON& Tower with Radar,24,9,35,16,84,0,28,71,12,111,24,37,106,28,195,38,0,38,233
02/21/2022,TLH,FL,ASO,ES,Combined TRACON& Tower with Radar,30,20,43,0,93,0,5,57,0,62,30,25,100,0,155,52,10,62,217
02/22/2022,TLH,FL,ASO,ES,Combined TRACON& Tower with Radar,21,14,53,60,148,0,2,55,12,69,21,16,108,72,217,54,16,70,287
02/23/2022,TLH,FL,ASO,ES,Combined TRACON& Tower with Radar,27,13,73,39,152,0,0,33,9,42,27,13,106,48,194,62,46,108,302
02/24/2022,TLH,FL,ASO,ES,Combined TRACON& Tower with Radar,21,22,63,62,168,0,4,35,11,50,21,26,98,73,218,14,24,38,256
02/25/2022,TLH,FL,ASO,ES,Combined TRACON& Tower with Radar,30,24,63,90,207,0,0,33,26,59,30,24,96,116,266,38,6,44,310
02/26/2022,TLH,FL,ASO,ES,Combined TRACON& Tower with Radar,24,12,33,15,84,0,0,68,13,81,24,12,101,28,165,74,2,76,241
02/27/2022,TLH,FL,ASO,ES,Combined TRACON& Tower with Radar,29,24,46,73,172,0,5,46,12,63,29,29,92,85,235,14,0,14,249
02/28/2022,TLH,FL,ASO,ES,Combined TRACON& Tower with Radar,26,16,44,13,99,0,0,3,1,4,26,16,47,14,103,0,0,0,103
03/01/2022,TLH,FL,ASO,ES,Combined TRACON& Tower with Radar,27,23,45,32,127,0,1,46,14,61,27,24,91,46,188,102,30,132,320
03/02/2022,TLH,FL,ASO,ES,Combined TRACON& Tower with Radar,28,17,42,24,111,0,0,56,13,69,28,17,98,37,180,74,0,74,254
03/03/2022,TLH,FL,ASO,ES,Combined TRACON& Tower with Radar,26,17,31,27,101,0,2,57,18,77,26,19,88,45,178,74,2,76,254
03/04/2022,TLH,FL,ASO,ES,Combined TRACON& Tower with Radar,29,9,27,37,102,0,1,40,18,59,29,10,67,55,161,72,0,72,233
03/05/2022,TLH,FL,ASO,ES,Combined TRACON& Tower with Radar,24,10,42,14,90,0,1,67,5,73,24,11,109,19,163,32,0,32,195
03/06/2022,TLH,FL,ASO,ES,Combined TRACON& Tower with Radar,23,11,37,39,110,0,2,30,11,43,23,13,67,50,153,20,2,22,175
03/07/2022,TLH,FL,ASO,ES,Combined TRACON& Tower with Radar,25,13,41,96,175,0,2,33,8,43,25,15,74,104,218,46,32,78,296
03/08/2022,TLH,FL,ASO,ES,Combined TRACON& Tower with Radar,25,13,56,72,166,0,2,19,4,25,25,15,75,76,191,36,0,36,227
03/09/2022,TLH,FL,ASO,ES,Combined TRACON& Tower with Radar,24,9,24,0,57,0,0,0,0,0,24,9,24,0,57,0,0,0,57
03/10/2022,TLH,FL,ASO,ES,Combined TRACON& Tower with Radar,27,15,40,14,96,0,0,2,0,2,27,15,42,14,98,0,0,0,98
03/11/2022,TLH,FL,ASO,ES,Combined TRACON& Tower with Radar,27,21,25,0,73,0,0,2,0,2,27,21,27,0,75,0,0,0,75
03/12/2022,TLH,FL,ASO,ES,Combined TRACON& Tower with Radar,25,4,28,0,57,0,1,4,0,5,25,5,32,0,62,0,0,0,62
03/13/2022,TLH,FL,ASO,ES,Combined TRACON& Tower with Radar,24,13,34,7,78,0,14,58,2,74,24,27,92,9,152,30,0,30,182
03/14/2022,TLH,FL,ASO,ES,Combined TRACON& Tower with Radar,25,16,36,23,100,0,10,65,7,82,25,26,101,30,182,22,10,32,214
03/15/2022,TLH,FL,ASO,ES,Combined TRACON& Tower with Radar,28,4,15,6,53,0,0,7,3,10,28,4,22,9,63,48,2,50,113
03/16/2022,TLH,FL,ASO,ES,Combined TRACON& Tower with Radar,25,10,35,59,129,0,0,35,23,58,25,10,70,82,187,28,72,100,287
03/17/2022,TLH,FL,ASO,ES,Combined TRACON& Tower with Radar,25,23,31,54,133,0,1,42,19,62,25,24,73,73,195,36,48,84,279
03/18/2022,TLH,FL,ASO,ES,Combined TRACON& Tower with Radar,22,19,26,2,69,0,0,16,2,18,22,19,42,4,87,54,0,54,141
03/19/2022,TLH,FL,ASO,ES,Combined TRACON& Tower with Radar,22,4,21,2,49,0,0,6,2,8,22,4,27,4,57,0,0,0,57
03/20/2022,TLH,FL,ASO,ES,Combined TRACON& Tower with Radar,24,15,50,16,105,0,9,39,4,52,24,24,89,20,157,34,0,34,191
03/21/2022,TLH,FL,ASO,ES,Combined TRACON& Tower with Radar,24,15,43,15,97,0,4,68,8,80,24,19,111,23,177,64,18,82,259
03/22/2022,TLH,FL,ASO,ES,Combined TRACON& Tower with Radar,25,15,56,30,126,0,8,37,9,54,25,23,93,39,180,52,14,66,246
03/23/2022,TLH,FL,ASO,ES,Combined TRACON& Tower with Radar,24,8,19,6,57,0,0,0,0,0,24,8,19,6,57,0,0,0,57
03/24/2022,TLH,FL,ASO,ES,Combined TRACON& Tower with Radar,24,15,48,21,108,0,1,21,10,32,24,16,69,31,140,62,2,64,204
03/25/2022,TLH,FL,ASO,ES,Combined TRACON& Tower with Radar,27,14,39,63,143,0,1,63,18,82,27,15,102,81,225,42,0,42,267
03/26/2022,TLH,FL,ASO,ES,Combined TRACON& Tower with Radar,24,7,29,6,66,0,5,28,3,36,24,12,57,9,102,72,0,72,174
03/27/2022,TLH,FL,ASO,ES,Combined TRACON& Tower with Radar,25,10,44,52,131,0,2,53,21,76,25,12,97,73,207,54,10,64,271
03/28/2022,TLH,FL,ASO,ES,Combined TRACON& Tower with Radar,24,16,46,55,141,0,5,44,8,57,24,21,90,63,198,32,8,40,238
03/29/2022,TLH,FL,ASO,ES,Combined TRACON& Tower with Radar,26,17,37,38,118,0,6,28,14,48,26,23,65,52,166,56,6,62,228
03/30/2022,TLH,FL,ASO,ES,Combined TRACON& Tower with Radar,25,14,43,8,90,0,2,29,7,38,25,16,72,15,128,28,0,28,156
03/31/2022,TLH,FL,ASO,ES,Combined TRACON& Tower with Radar,23,17,31,13,84,0,1,4,5,10,23,18,35,18,94,8,0,8,102
04/01/2022,TLH,FL,ASO,ES,Combined TRACON& Tower with Radar,23,19,60,48,150,0,7,66,18,91,23,26,126,66,241,86,6,92,333
04/02/2022,TLH,FL,ASO,ES,Combined TRACON& Tower with Radar,18,11,22,5,56,0,3,21,2,26,18,14,43,7,82,12,0,12,94
04/03/2022,TLH,FL,ASO,ES,Combined TRACON& Tower with Radar,20,12,51,21,104,0,2,47,11,60,20,14,98,32,164,38,6,44,208
04/04/2022,TLH,FL,ASO,ES,Combined TRACON& Tower with Radar,22,13,55,28,118,0,7,52,12,71,22,20,107,40,189,48,8,56,245
04/05/2022,TLH,FL,ASO,ES,Combined TRACON& Tower with Radar,24,16,30,16,86,0,1,0,0,1,24,17,30,16,87,0,0,0,87
04/06/2022,TLH,FL,ASO,ES,Combined TRACON& Tower with Radar,27,17,30,2,76,0,0,0,0,0,27,17,30,2,76,0,0,0,76
04/07/2022,TLH,FL,ASO,ES,Combined TRACON& Tower with Radar,31,22,48,18,119,0,3,27,17,47,31,25,75,35,166,38,0,38,204
04/08/2022,TLH,FL,ASO,ES,Combined TRACON& Tower with Radar,27,14,44,17,102,0,1,37,14,52,27,15,81,31,154,52,0,52,206
04/09/2022,TLH,FL,ASO,ES,Combined TRACON& Tower with Radar,25,13,35,4,77,0,1,24,7,32,25,14,59,11,109,0,0,0,109
04/10/2022,TLH,FL,ASO,ES,Combined TRACON& Tower with Radar,27,10,50,19,106,0,36,55,16,107,27,46,105,35,213,80,0,80,293
04/11/2022,TLH,FL,ASO,ES,Combined TRACON& Tower with Radar,27,19,39,87,172,0,0,41,10,51,27,19,80,97,223,95,38,133,356
04/12/2022,TLH,FL,ASO,ES,Combined TRACON& Tower with Radar,28,16,34,77,155,0,3,54,16,73,28,19,88,93,228,76,34,110,338
04/13/2022,TLH,FL,ASO,ES,Combined TRACON& Tower with Radar,30,19,63,66,178,0,0,45,18,63,30,19,108,84,241,94,26,120,361
04/14/2022,TLH,FL,ASO,ES,Combined TRACON& Tower with Radar,29,18,35,6,88,0,0,17,11,28,29,18,52,17,116,38,0,38,154
04/15/2022,TLH,FL,ASO,ES,Combined TRACON& Tower with Radar,28,11,33,12,84,0,1,49,16,66,28,12,82,28,150,108,2,110,260
04/16/2022,TLH,FL,ASO,ES,Combined TRACON& Tower with Radar,27,2,32,0,61,0,1,20,4,25,27,3,52,4,86,52,0,52,138
04/17/2022,TLH,FL,ASO,ES,Combined TRACON& Tower with Radar,29,5,22,8,64,0,2,25,11,38,29,7,47,19,102,40,22,62,164
04/18/2022,TLH,FL,ASO,ES,Combined TRACON& Tower with Radar,26,19,61,60,166,0,3,21,1,25,26,22,82,61,191,92,20,112,303
04/19/2022,TLH,FL,ASO,ES,Combined TRACON& Tower with Radar,28,10,46,20,104,0,8,43,10,61,28,18,89,30,165,78,0,78,243
04/20/2022,TLH,FL,ASO,ES,Combined TRACON& Tower with Radar,27,11,48,68,154,0,14,59,15,88,27,25,107,83,242,84,14,98,340
04/21/2022,TLH,FL,ASO,ES,Combined TRACON& Tower with Radar,30,19,42,17,108,0,3,49,10,62,30,22,91,27,170,34,0,34,204
04/22/2022,TLH,FL,ASO,ES,Combined TRACON& Tower with Radar,28,18,33,20,99,0,0,49,15,64,28,18,82,35,163,42,0,42,205
04/23/2022,TLH,FL,ASO,ES,Combined TRACON& Tower with Radar,29,8,39,2,78,0,3,55,4,62,29,11,94,6,140,42,0,42,182
04/24/2022,TLH,FL,ASO,ES,Combined TRACON& Tower with Radar,28,13,28,36,105,0,10,41,20,71,28,23,69,56,176,40,23,63,239
04/25/2022,TLH,FL,ASO,ES,Combined TRACON& Tower with Radar,27,13,47,33,120,0,6,44,9,59,27,19,91,42,179,110,26,136,315
04/26/2022,TLH,FL,ASO,ES,Combined TRACON& Tower with Radar,29,16,22,16,83,0,1,40,4,45,29,17,62,20,128,84,0,84,212
04/27/2022,TLH,FL,ASO,ES,Combined TRACON& Tower with Radar,26,14,48,30,118,0,3,56,25,84,26,17,104,55,202,94,4,98,300
04/28/2022,TLH,FL,ASO,ES,Combined TRACON& Tower with Radar,26,11,52,52,141,0,4,57,14,75,26,15,109,66,216,92,36,128,344
04/29/2022,TLH,FL,ASO,ES,Combined TRACON& Tower with Radar,28,18,87,30,163,0,0,47,16,63,28,18,134,46,226,58,6,64,290
04/30/2022,TLH,FL,ASO,ES,Combined TRACON& Tower with Radar,27,11,40,0,78,0,0,38,2,40,27,11,78,2,118,90,0,90,208
05/01/2022,TLH,FL,ASO,ES,Combined TRACON& Tower with Radar,27,13,35,36,111,0,0,21,18,39,27,13,56,54,150,20,0,20,170
05/02/2022,TLH,FL,ASO,ES,Combined TRACON& Tower with Radar,27,15,42,31,115,0,2,58,3,63,27,17,100,34,178,34,40,74,252
05/03/2022,TLH,FL,ASO,ES,Combined TRACON& Tower with Radar,28,13,30,11,82,0,2,43,5,50,28,15,73,16,132,30,6,36,168
05/04/2022,TLH,FL,ASO,ES,Combined TRACON& Tower with Radar,27,22,61,31,141,0,0,30,4,34,27,22,91,35,175,22,0,22,197
05/05/2022,TLH,FL,ASO,ES,Combined TRACON& Tower with Radar,27,25,36,38,126,0,6,63,18,87,27,31,99,56,213,50,28,78,291
05/06/2022,TLH,FL,ASO,ES,Combined TRACON& Tower with Radar,26,12,34,0,72,0,0,6,6,12,26,12,40,6,84,0,0,0,84
05/07/2022,TLH,FL,ASO,ES,Combined TRACON& Tower with Radar,24,8,21,4,57,0,3,44,6,53,24,11,65,10,110,34,0,34,144
05/08/2022,TLH,FL,ASO,ES,Combined TRACON& Tower with Radar,28,8,20,23,79,0,7,51,10,68,28,15,71,33,147,18,0,18,165
05/09/2022,TLH,FL,ASO,ES,Combined TRACON& Tower with Radar,25,27,47,22,121,0,7,44,9,60,25,34,91,31,181,32,30,62,243
05/10/2022,TLH,FL,ASO,ES,Combined TRACON& Tower with Radar,25,14,34,24,97,0,8,60,21,89,25,22,94,45,186,50,38,88,274
05/11/2022,TLH,FL,ASO,ES,Combined TRACON& Tower with Radar,25,19,51,23,118,0,3,59,15,77,25,22,110,38,195,32,22,54,249
05/12/2022,TLH,FL,ASO,ES,Combined TRACON& Tower with Radar,28,13,56,47,144,0,1,41,16,58,28,14,97,63,202,20,18,38,240
05/13/2022,TLH,FL,ASO,ES,Combined TRACON& Tower with Radar,27,7,42,8,84,0,2,26,15,43,27,9,68,23,127,18,6,24,151
05/14/2022,TLH,FL,ASO,ES,Combined TRACON& Tower with Radar,26,9,25,10,70,0,13,47,4,64,26,22,72,14,134,96,0,96,230
05/15/2022,TLH,FL,ASO,ES,Combined TRACON& Tower with Radar,25,14,25,21,85,0,1,35,11,47,25,15,60,32,132,36,0,36,168
05/16/2022,TLH,FL,ASO,ES,Combined TRACON& Tower with Radar,25,14,42,20,101,0,6,43,3,52,25,20,85,23,153,73,0,73,226
05/17/2022,TLH,FL,ASO,ES,Combined TRACON& Tower with Radar,25,9,44,18,96,0,1,46,10,57,25,10,90,28,153,58,6,64,217
05/18/2022,TLH,FL,ASO,ES,Combined TRACON& Tower with Radar,26,17,38,24,105,0,0,61,10,71,26,17,99,34,176,50,12,62,238
05/19/2022,TLH,FL,ASO,ES,Combined TRACON& Tower with Radar,25,22,77,18,142,0,6,38,4,48,25,28,115,22,190,29,4,33,223
05/20/2022,TLH,FL,ASO,ES,Combined TRACON& Tower with Radar,22,17,41,34,114,0,1,42,13,56,22,18,83,47,170,17,8,25,195
05/21/2022,TLH,FL,ASO,ES,Combined TRACON& Tower with Radar,24,8,13,1,46,0,0,4,4,8,24,8,17,5,54,44,0,44,98
05/22/2022,TLH,FL,ASO,ES,Combined TRACON& Tower with Radar,27,17,36,18,98,0,1,14,0,15,27,18,50,18,113,78,0,78,191
05/23/2022,TLH,FL,ASO,ES,Combined TRACON& Tower with Radar,27,14,33,11,85,0,0,6,2,8,27,14,39,13,93,56,0,56,149
05/24/2022,TLH,FL,ASO,ES,Combined TRACON& Tower with Radar,23,17,45,69,154,0,2,38,9,49,23,19,83,78,203,42,60,102,305
05/25/2022,TLH,FL,ASO,ES,Combined TRACON& Tower with Radar,27,11,48,5,91,0,2,36,6,44,27,13,84,11,135,47,2,49,184
05/26/2022,TLH,FL,ASO,ES,Combined TRACON& Tower with Radar,26,23,31,0,80,0,0,10,2,12,26,23,41,2,92,10,0,10,102
05/27/2022,TLH,FL,ASO,ES,Combined TRACON& Tower with Radar,27,12,47,5,91,0,2,37,9,48,27,14,84,14,139,1,0,1,140
05/28/2022,TLH,FL,ASO,ES,Combined TRACON& Tower with Radar,20,4,25,0,49,0,2,58,3,63,20,6,83,3,112,24,0,24,136
05/29/2022,TLH,FL,ASO,ES,Combined TRACON& Tower with Radar,24,7,20,0,51,0,0,29,0,29,24,7,49,0,80,28,0,28,108
05/30/2022,TLH,FL,ASO,ES,Combined TRACON& Tower with Radar,24,8,23,0,55,0,2,38,1,41,24,10,61,1,96,20,0,20,116
05/31/2022,TLH,FL,ASO,ES,Combined TRACON& Tower with Radar,28,16,36,22,102,0,0,40,10,50,28,16,76,32,152,34,0,34,186
06/01/2022,TLH,FL,ASO,ES,Combined TRACON& Tower with Radar,24,9,54,46,133,0,1,57,16,74,24,10,111,62,207,26,12,38,245
06/02/2022,TLH,FL,ASO,ES,Combined TRACON& Tower with Radar,28,16,39,51,134,0,7,59,9,75,28,23,98,60,209,24,6,30,239
06/03/2022,TLH,FL,ASO,ES,Combined TRACON& Tower with Radar,25,15,31,66,137,0,2,40,22,64,25,17,71,88,201,33,38,71,272
06/04/2022,TLH,FL,ASO,ES,Combined TRACON& Tower with Radar,24,7,14,3,48,0,1,23,12,36,24,8,37,15,84,90,0,90,174
06/05/2022,TLH,FL,ASO,ES,Combined TRACON& Tower with Radar,25,13,20,10,68,0,0,27,5,32,25,13,47,15,100,0,6,6,106
06/06/2022,TLH,FL,ASO,ES,Combined TRACON& Tower with Radar,28,17,18,14,77,0,0,27,2,29,28,17,45,16,106,48,24,72,178
06/07/2022,TLH,FL,ASO,ES,Combined TRACON& Tower with Radar,27,26,41,46,140,0,2,41,5,48,27,28,82,51,188,76,18,94,282
06/08/2022,TLH,FL,ASO,ES,Combined TRACON& Tower with Radar,26,11,52,51,140,0,15,48,16,79,26,26,100,67,219,54,4,58,277
06/09/2022,TLH,FL,ASO,ES,Combined TRACON& Tower with Radar,26,11,34,7,78,0,1,29,8,38,26,12,63,15,116,16,4,20,136
06/10/2022,TLH,FL,ASO,ES,Combined TRACON& Tower with Radar,26,6,24,12,68,0,3,29,14,46,26,9,53,26,114,0,0,0,114
06/11/2022,TLH,FL,ASO,ES,Combined TRACON& Tower with Radar,23,8,21,1,53,0,0,17,9,26,23,8,38,10,79,38,0,38,117
06/12/2022,TLH,FL,ASO,ES,Combined TRACON& Tower with Radar,26,17,21,0,64,0,0,16,4,20,26,17,37,4,84,36,0,36,120
06/13/2022,TLH,FL,ASO,ES,Combined TRACON& Tower with Radar,26,10,26,12,74,0,5,22,6,33,26,15,48,18,107,58,0,58,165
06/14/2022,TLH,FL,ASO,ES,Combined TRACON& Tower with Radar,21,12,30,10,73,0,5,36,3,44,21,17,66,13,117,120,0,120,237
06/15/2022,TLH,FL,ASO,ES,Combined TRACON& Tower with Radar,30,12,39,46,127,0,2,36,15,53,30,14,75,61,180,48,22,70,250
06/16/2022,TLH,FL,ASO,ES,Combined TRACON& Tower with Radar,26,11,42,17,96,0,5,42,13,60,26,16,84,30,156,58,0,58,214
06/17/2022,TLH,FL,ASO,ES,Combined TRACON& Tower with Radar,26,13,32,22,93,0,25,32,15,72,26,38,64,37,165,56,0,56,221
06/18/2022,TLH,FL,ASO,ES,Combined TRACON& Tower with Radar,26,10,20,0,56,0,4,66,0,70,26,14,86,0,126,50,0,50,176
06/19/2022,TLH,FL,ASO,ES,Combined TRACON& Tower with Radar,26,7,19,10,62,0,1,53,4,58,26,8,72,14,120,50,0,50,170
06/20/2022,TLH,FL,ASO,ES,Combined TRACON& Tower with Radar,28,10,38,7,83,0,3,28,1,32,28,13,66,8,115,34,0,34,149
06/21/2022,TLH,FL,ASO,ES,Combined TRACON& Tower with Radar,25,13,24,58,120,0,0,58,19,77,25,13,82,77,197,46,26,72,269
06/22/2022,TLH,FL,ASO,ES,Combined TRACON& Tower with Radar,25,10,47,43,125,0,8,59,23,90,25,18,106,66,215,38,36,74,289
06/23/2022,TLH,FL,ASO,ES,Combined TRACON& Tower with Radar,27,9,43,48,127,0,9,38,4,51,27,18,81,52,178,34,40,74,252
06/24/2022,TLH,FL,ASO,ES,Combined TRACON& Tower with Radar,31,5,16,41,93,0,0,30,7,37,31,5,46,48,130,26,24,50,180
06/25/2022,TLH,FL,ASO,ES,Combined TRACON& Tower with Radar,25,2,12,4,43,0,0,15,2,17,25,2,27,6,60,78,0,78,138
06/26/2022,TLH,FL,ASO,ES,Combined TRACON& Tower with Radar,25,4,20,6,55,0,1,29,5,35,25,5,49,11,90,26,0,26,116
06/27/2022,TLH,FL,ASO,ES,Combined TRACON& Tower with Radar,26,6,46,76,154,0,1,59,12,72,26,7,105,88,226,30,28,58,284
06/28/2022,TLH,FL,ASO,ES,Combined TRACON& Tower with Radar,27,7,28,18,80,0,0,28,4,32,27,7,56,22,112,40,10,50,162
06/29/2022,TLH,FL,ASO,ES,Combined TRACON& Tower with Radar,27,7,29,25,88,0,0,29,3,32,27,7,58,28,120,20,2,22,142
06/30/2022,TLH,FL,ASO,ES,Combined TRACON& Tower with Radar,26,10,32,15,83,0,0,20,5,25,26,10,52,20,108,14,4,18,126
07/01/2022,TLH,FL,ASO,ES,Combined TRACON& Tower with Radar,31,12,34,2,79,0,0,34,7,41,31,12,68,9,120,6,0,6,126
07/02/2022,TLH,FL,ASO,ES,Combined TRACON& Tower with Radar,23,2,17,2,44,0,0,28,0,28,23,2,45,2,72,6,0,6,78
07/03/2022,TLH,FL,ASO,ES,Combined TRACON& Tower with Radar,24,4,16,0,44,0,1,10,0,11,24,5,26,0,55,26,0,26,81
07/04/2022,TLH,FL,ASO,ES,Combined TRACON& Tower with Radar,23,8,14,0,45,0,1,28,4,33,23,9,42,4,78,8,0,8,86
07/05/2022,TLH,FL,ASO,ES,Combined TRACON& Tower with Radar,26,6,19,13,64,0,0,28,5,33,26,6,47,18,97,28,14,42,139
07/06/2022,TLH,FL,ASO,ES,Combined TRACON& Tower with Radar,27,12,32,74,145,0,6,32,12,50,27,18,64,86,195,44,22,66,261
07/07/2022,TLH,FL,ASO,ES,Combined TRACON& Tower with Radar,27,9,31,67,134,0,3,46,20,69,27,12,77,87,203,10,20,30,233
07/08/2022,TLH,FL,ASO,ES,Combined TRACON& Tower with Radar,26,10,21,38,95,0,3,36,9,48,26,13,57,47,143,16,2,18,161
07/09/2022,TLH,FL,ASO,ES,Combined TRACON& Tower with Radar,25,1,17,6,49,0,0,22,6,28,25,1,39,12,77,24,0,24,101
07/10/2022,TLH,FL,ASO,ES,Combined TRACON& Tower with Radar,27,11,22,10,70,0,0,7,4,11,27,11,29,14,81,0,0,0,81
07/11/2022,TLH,FL,ASO,ES,Combined TRACON& Tower with Radar,26,13,27,0,66,0,1,10,0,11,26,14,37,0,77,24,0,24,101
07/12/2022,TLH,FL,ASO,ES,Combined TRACON& Tower with Radar,27,10,22,0,59,0,1,5,0,6,27,11,27,0,65,0,0,0,65
07/13/2022,TLH,FL,ASO,ES,Combined TRACON& Tower with Radar,27,13,47,8,95,0,0,21,6,27,27,13,68,14,122,62,10,72,194
07/14/2022,TLH,FL,ASO,ES,Combined TRACON& Tower with Radar,29,6,31,11,77,0,0,23,11,34,29,6,54,22,111,12,0,12,123
07/15/2022,TLH,FL,ASO,ES,Combined TRACON& Tower with Radar,27,7,19,8,61,0,0,18,4,22,27,7,37,12,83,82,0,82,165
07/16/2022,TLH,FL,ASO,ES,Combined TRACON& Tower with Radar,24,4,21,4,53,0,3,36,2,41,24,7,57,6,94,40,0,40,134
07/17/2022,TLH,FL,ASO,ES,Combined TRACON& Tower with Radar,27,4,22,2,55,0,0,30,0,30,27,4,52,2,85,62,0,62,147
07/18/2022,TLH,FL,ASO,ES,Combined TRACON& Tower with Radar,27,15,25,4,71,0,4,30,2,36,27,19,55,6,107,46,0,46,153
07/19/2022,TLH,FL,ASO,ES,Combined TRACON& Tower with Radar,28,12,26,6,72,0,3,21,5,29,28,15,47,11,101,22,0,22,123
07/20/2022,TLH,FL,ASO,ES,Combined TRACON& Tower with Radar,27,15,36,2,80,0,5,28,7,40,27,20,64,9,120,18,0,18,138
07/21/2022,TLH,FL,ASO,ES,Combined TRACON& Tower with Radar,27,11,28,20,86,0,1,41,10,52,27,12,69,30,138,24,12,36,174
07/22/2022,TLH,FL,ASO,ES,Combined TRACON& Tower with Radar,28,10,28,36,102,0,0,42,17,59,28,10,70,53,161,30,10,40,201
07/23/2022,TLH,FL,ASO,ES,Combined TRACON& Tower with Radar,24,3,22,1,50,0,0,49,7,56,24,3,71,8,106,18,0,18,124
07/24/2022,TLH,FL,ASO,ES,Combined TRACON& Tower with Radar,27,6,14,24,71,0,0,22,10,32,27,6,36,34,103,28,0,28,131
07/25/2022,TLH,FL,ASO,ES,Combined TRACON& Tower with Radar,25,22,12,27,86,0,3,17,6,26,25,25,29,33,112,36,18,54,166
07/26/2022,TLH,FL,ASO,ES,Combined TRACON& Tower with Radar,27,14,23,31,95,0,8,31,6,45,27,22,54,37,140,68,20,88,228
07/27/2022,TLH,FL,ASO,ES,Combined TRACON& Tower with Radar,27,10,25,7,69,0,5,29,5,39,27,15,54,12,108,0,0,0,108
07/28/2022,TLH,FL,ASO,ES,Combined TRACON& Tower with Radar,27,8,18,7,60,0,6,23,5,34,27,14,41,12,94,12,10,22,116
07/29/2022,TLH,FL,ASO,ES,Combined TRACON& Tower with Radar,26,9,34,26,95,0,1,37,10,48,26,10,71,36,143,32,20,52,195
07/30/2022,TLH,FL,ASO,ES,Combined TRACON& Tower with Radar,24,4,22,0,50,0,7,51,2,60,24,11,73,2,110,62,0,62,172
07/31/2022,TLH,FL,ASO,ES,Combined TRACON& Tower with Radar,27,12,25,8,72,0,9,37,9,55,27,21,62,17,127,46,0,46,173
08/01/2022,TLH,FL,ASO,ES,Combined TRACON& Tower with Radar,27,15,28,27,97,0,7,17,10,34,27,22,45,37,131,36,10,46,177
08/02/2022,TLH,FL,ASO,ES,Combined TRACON& Tower with Radar,27,18,28,29,102,0,3,38,5,46,27,21,66,34,148,8,18,26,174
08/03/2022,TLH,FL,ASO,ES,Combined TRACON& Tower with Radar,27,11,28,69,135,0,2,33,12,47,27,13,61,81,182,42,8,50,232
08/04/2022,TLH,FL,ASO,ES,Combined TRACON& Tower with Radar,30,16,47,13,106,0,2,42,8,52,30,18,89,21,158,34,0,34,192
08/05/2022,TLH,FL,ASO,ES,Combined TRACON& Tower with Radar,30,9,21,33,93,0,4,31,20,55,30,13,52,53,148,20,0,20,168
08/06/2022,TLH,FL,ASO,ES,Combined TRACON& Tower with Radar,29,1,15,0,45,0,0,33,2,35,29,1,48,2,80,24,0,24,104
08/07/2022,TLH,FL,ASO,ES,Combined TRACON& Tower with Radar,29,6,21,15,71,0,1,33,10,44,29,7,54,25,115,18,0,18,133
08/08/2022,TLH,FL,ASO,ES,Combined TRACON& Tower with Radar,29,15,17,26,87,0,0,26,2,28,29,15,43,28,115,4,16,20,135
08/09/2022,TLH,FL,ASO,ES,Combined TRACON& Tower with Radar,29,9,12,18,68,0,4,28,9,41,29,13,40,27,109,30,10,40,149
08/10/2022,TLH,FL,ASO,ES,Combined TRACON& Tower with Radar,30,9,14,26,79,0,1,12,8,21,30,10,26,34,100,0,12,12,112
08/11/2022,TLH,FL,ASO,ES,Combined TRACON& Tower with Radar,27,11,28,23,89,0,0,19,2,21,27,11,47,25,110,0,14,14,124
08/12/2022,TLH,FL,ASO,ES,Combined TRACON& Tower with Radar,30,9,31,13,83,0,0,27,16,43,30,9,58,29,126,48,0,48,174
08/13/2022,TLH,FL,ASO,ES,Combined TRACON& Tower with Radar,27,4,19,0,50,0,2,20,0,22,27,6,39,0,72,50,0,50,122
08/14/2022,TLH,FL,ASO,ES,Combined TRACON& Tower with Radar,29,9,24,23,85,0,3,37,16,56,29,12,61,39,141,100,0,100,241
08/15/2022,TLH,FL,ASO,ES,Combined TRACON& Tower with Radar,30,17,35,39,121,0,2,43,7,52,30,19,78,46,173,42,32,74,247
08/16/2022,TLH,FL,ASO,ES,Combined TRACON& Tower with Radar,30,8,38,17,93,0,6,45,3,54,30,14,83,20,147,26,0,26,173
08/17/2022,TLH,FL,ASO,ES,Combined TRACON& Tower with Radar,25,7,48,22,102,0,3,31,14,48,25,10,79,36,150,22,4,26,176
08/18/2022,TLH,FL,ASO,ES,Combined TRACON& Tower with Radar,28,11,28,1,68,0,0,10,8,18,28,11,38,9,86,66,0,66,152
08/19/2022,TLH,FL,ASO,ES,Combined TRACON& Tower with Radar,26,12,30,43,111,0,1,44,25,70,26,13,74,68,181,30,4,34,215
08/20/2022,TLH,FL,ASO,ES,Combined TRACON& Tower with Radar,25,10,29,0,64,0,0,39,6,45,25,10,68,6,109,62,0,62,171
08/21/2022,TLH,FL,ASO,ES,Combined TRACON& Tower with Radar,24,8,33,11,76,0,0,26,12,38,24,8,59,23,114,66,0,66,180
08/22/2022,TLH,FL,ASO,ES,Combined TRACON& Tower with Radar,26,14,23,84,147,0,5,38,7,50,26,19,61,91,197,80,56,136,333
08/23/2022,TLH,FL,ASO,ES,Combined TRACON& Tower with Radar,24,13,37,61,135,0,5,31,9,45,24,18,68,70,180,50,22,72,252
08/24/2022,TLH,FL,ASO,ES,Combined TRACON& Tower with Radar,26,16,38,19,99,0,1,35,4,40,26,17,73,23,139,30,40,70,209
08/25/2022,TLH,FL,ASO,ES,Combined TRACON& Tower with Radar,26,25,26,15,92,0,1,8,4,13,26,26,34,19,105,18,8,26,131
08/26/2022,TLH,FL,ASO,ES,Combined TRACON& Tower with Radar,30,19,48,35,132,0,0,30,11,41,30,19,78,46,173,26,10,36,209
08/27/2022,TLH,FL,ASO,ES,Combined TRACON& Tower with Radar,25,10,48,0,83,0,0,27,2,29,25,10,75,2,112,0,0,0,112
08/28/2022,TLH,FL,ASO,ES,Combined TRACON& Tower with Radar,24,13,30,10,77,0,0,27,3,30,24,13,57,13,107,32,0,32,139
08/29/2022,TLH,FL,ASO,ES,Combined TRACON& Tower with Radar,27,12,19,18,76,0,0,21,1,22,27,12,40,19,98,86,0,86,184
08/30/2022,TLH,FL,ASO,ES,Combined TRACON& Tower with Radar,27,9,37,48,121,0,0,35,8,43,27,9,72,56,164,42,14,56,220
08/31/2022,TLH,FL,ASO,ES,Combined TRACON& Tower with Radar,25,13,33,43,114,0,0,32,11,43,25,13,65,54,157,22,28,50,207
09/01/2022,TLH,FL,ASO,ES,Combined TRACON& Tower with Radar,29,18,19,15,81,0,3,31,18,52,29,21,50,33,133,62,14,76,209
09/02/2022,TLH,FL,ASO,ES,Combined TRACON& Tower with Radar,27,9,39,0,75,0,0,28,6,34,27,9,67,6,109,138,0,138,247
09/03/2022,TLH,FL,ASO,ES,Combined TRACON& Tower with Radar,23,5,33,3,64,0,1,35,11,47,23,6,68,14,111,82,0,82,193
09/04/2022,TLH,FL,ASO,ES,Combined TRACON& Tower with Radar,24,7,11,4,46,0,2,27,0,29,24,9,38,4,75,30,0,30,105
09/05/2022,TLH,FL,ASO,ES,Combined TRACON& Tower with Radar,26,21,37,1,85,0,2,25,1,28,26,23,62,2,113,48,2,50,163
09/06/2022,TLH,FL,ASO,ES,Combined TRACON& Tower with Radar,27,13,31,66,137,0,6,57,9,72,27,19,88,75,209,36,18,54,263
09/07/2022,TLH,FL,ASO,ES,Combined TRACON& Tower with Radar,26,16,37,85,164,0,0,53,15,68,26,16,90,100,232,40,32,72,304
09/08/2022,TLH,FL,ASO,ES,Combined TRACON& Tower with Radar,28,15,29,24,96,0,0,28,9,37,28,15,57,33,133,8,0,8,141
09/09/2022,TLH,FL,ASO,ES,Combined TRACON& Tower with Radar,30,15,27,26,98,0,0,11,2,13,30,15,38,28,111,116,6,122,233
09/10/2022,TLH,FL,ASO,ES,Combined TRACON& Tower with Radar,23,7,16,4,50,0,0,8,4,12,23,7,24,8,62,74,6,80,142
09/11/2022,TLH,FL,ASO,ES,Combined TRACON& Tower with Radar,27,12,17,0,56,0,1,16,2,19,27,13,33,2,75,68,0,68,143
09/12/2022,TLH,FL,ASO,ES,Combined TRACON& Tower with Radar,27,17,32,33,109,0,1,18,4,23,27,18,50,37,132,72,18,90,222
09/13/2022,TLH,FL,ASO,ES,Combined TRACON& Tower with Radar,24,16,39,18,97,0,0,37,8,45,24,16,76,26,142,52,0,52,194
09/14/2022,TLH,FL,ASO,ES,Combined TRACON& Tower with Radar,24,13,30,29,96,0,3,47,12,62,24,16,77,41,158,135,32,167,325
09/15/2022,TLH,FL,ASO,ES,Combined TRACON& Tower with Radar,29,15,46,33,123,0,8,61,15,84,29,23,107,48,207,44,16,60,267
09/16/2022,TLH,FL,ASO,ES,Combined TRACON& Tower with Radar,27,10,27,44,108,0,3,42,20,65,27,13,69,64,173,50,34,84,257
09/17/2022,TLH,FL,ASO,ES,Combined TRACON& Tower with Radar,24,10,40,6,80,0,1,62,8,71,24,11,102,14,151,56,0,56,207
09/18/2022,TLH,FL,ASO,ES,Combined TRACON& Tower with Radar,28,13,34,17,92,0,0,42,5,47,28,13,76,22,139,80,0,80,219
09/19/2022,TLH,FL,ASO,ES,Combined TRACON& Tower with Radar,27,31,31,39,128,0,7,41,3,51,27,38,72,42,179,72,30,102,281
09/20/2022,TLH,FL,ASO,ES,Combined TRACON& Tower with Radar,24,17,41,40,122,0,0,39,17,56,24,17,80,57,178,94,14,108,286
09/21/2022,TLH,FL,ASO,ES,Combined TRACON& Tower with Radar,25,16,41,51,133,0,2,38,6,46,25,18,79,57,179,76,50,126,305
09/22/2022,TLH,FL,ASO,ES,Combined TRACON& Tower with Radar,28,14,55,29,126,0,16,49,16,81,28,30,104,45,207,48,14,62,269
09/23/2022,TLH,FL,ASO,ES,Combined TRACON& Tower with Radar,30,31,50,25,136,0,1,68,7,76,30,32,118,32,212,23,10,33,245
09/24/2022,TLH,FL,ASO,ES,Combined TRACON& Tower with Radar,24,6,34,6,70,0,12,63,8,83,24,18,97,14,153,98,0,98,251
09/25/2022,TLH,FL,ASO,ES,Combined TRACON& Tower with Radar,30,20,50,29,129,0,20,58,13,91,30,40,108,42,220,42,0,42,262
09/26/2022,TLH,FL,ASO,ES,Combined TRACON& Tower with Radar,28,21,39,5,93,0,13,46,1,60,28,34,85,6,153,84,0,84,237
09/27/2022,TLH,FL,ASO,ES,Combined TRACON& Tower with Radar,24,9,45,0,78,0,6,42,13,61,24,15,87,13,139,50,0,50,189
09/28/2022,TLH,FL,ASO,ES,Combined TRACON& Tower with Radar,21,3,10,0,34,0,0,13,10,23,21,3,23,10,57,0,0,0,57
09/29/2022,TLH,FL,ASO,ES,Combined TRACON& Tower with Radar,31,8,27,8,74,0,0,32,11,43,31,8,59,19,117,0,0,0,117
09/30/2022,TLH,FL,ASO,ES,Combined TRACON& Tower with Radar,28,12,48,11,99,0,1,39,6,46,28,13,87,17,145,26,0,26,171
10/01/2022,TLH,FL,ASO,ES,Combined TRACON& Tower with Radar,23,14,72,3,112,0,7,61,3,71,23,21,133,6,183,54,0,54,237
10/02/2022,TLH,FL,ASO,ES,Combined TRACON& Tower with Radar,27,18,37,3,85,0,2,69,0,71,27,20,106,3,156,46,0,46,202
10/03/2022,TLH,FL,ASO,ES,Combined TRACON& Tower with Radar,29,21,49,17,116,0,3,51,2,56,29,24,100,19,172,80,12,92,264
10/04/2022,TLH,FL,ASO,ES,Combined TRACON& Tower with Radar,25,15,56,49,145,0,7,40,14,61,25,22,96,63,206,40,10,50,256
10/05/2022,TLH,FL,ASO,ES,Combined TRACON& Tower with Radar,28,12,50,25,115,0,3,49,19,71,28,15,99,44,186,38,20,58,244
10/06/2022,TLH,FL,ASO,ES,Combined TRACON& Tower with Radar,25,18,41,13,97,0,7,39,9,55,25,25,80,22,152,6,0,6,158
10/07/2022,TLH,FL,ASO,ES,Combined TRACON& Tower with Radar,28,21,45,35,129,0,7,58,11,76,28,28,103,46,205,36,16,52,257
10/08/2022,TLH,FL,ASO,ES,Combined TRACON& Tower with Radar,22,12,14,1,49,0,33,46,4,83,22,45,60,5,132,64,0,64,196
10/09/2022,TLH,FL,ASO,ES,Combined TRACON& Tower with Radar,26,22,25,2,75,0,21,39,6,66,26,43,64,8,141,24,0,24,165
10/10/2022,TLH,FL,ASO,ES,Combined TRACON& Tower with Radar,28,31,41,15,115,0,0,48,3,51,28,31,89,18,166,26,6,32,198
10/11/2022,TLH,FL,ASO,ES,Combined TRACON& Tower with Radar,29,19,44,26,118,0,2,27,4,33,29,21,71,30,151,24,22,46,197
10/12/2022,TLH,FL,ASO,ES,Combined TRACON& Tower with Radar,26,23,47,34,130,0,0,27,7,34,26,23,74,41,164,50,12,62,226
10/13/2022,TLH,FL,ASO,ES,Combined TRACON& Tower with Radar,24,34,39,26,123,0,8,33,21,62,24,42,72,47,185,36,18,54,239
10/14/2022,TLH,FL,ASO,ES,Combined TRACON& Tower with Radar,30,32,52,28,142,0,2,71,16,89,30,34,123,44,231,60,8,68,299
10/15/2022,TLH,FL,ASO,ES,Combined TRACON& Tower with Radar,23,30,60,6,119,0,28,65,5,98,23,58,125,11,217,34,0,34,251
10/16/2022,TLH,FL,ASO,ES,Combined TRACON& Tower with Radar,26,41,66,27,160,0,20,78,9,107,26,61,144,36,267,48,0,48,315
10/17/2022,TLH,FL,ASO,ES,Combined TRACON& Tower with Radar,23,28,45,25,121,0,2,29,4,35,23,30,74,29,156,67,0,67,223
10/18/2022,TLH,FL,ASO,ES,Combined TRACON& Tower with Radar,28,19,25,36,108,0,4,41,10,55,28,23,66,46,163,54,6,60,223
10/19/2022,TLH,FL,ASO,ES,Combined TRACON& Tower with Radar,27,26,50,26,129,0,1,58,11,70,27,27,108,37,199,34,0,34,233
10/20/2022,TLH,FL,ASO,ES,Combined TRACON& Tower with Radar,28,13,48,18,107,0,13,51,10,74,28,26,99,28,181,26,12,38,219
10/21/2022,TLH,FL,ASO,ES,Combined TRACON& Tower with Radar,26,20,44,73,163,0,18,53,38,109,26,38,97,111,272,59,36,95,367
10/22/2022,TLH,FL,ASO,ES,Combined TRACON& Tower with Radar,24,16,29,6,75,0,4,52,4,60,24,20,81,10,135,126,0,126,261
10/23/2022,TLH,FL,ASO,ES,Combined TRACON& Tower with Radar,26,17,29,32,104,0,10,43,18,71,26,27,72,50,175,59,8,67,242
10/24/2022,TLH,FL,ASO,ES,Combined TRACON& Tower with Radar,23,19,34,40,116,0,7,43,5,55,23,26,77,45,171,28,26,54,225
10/25/2022,TLH,FL,ASO,ES,Combined TRACON& Tower with Radar,26,31,46,24,127,0,7,38,5,50,26,38,84,29,177,100,12,112,289
10/26/2022,TLH,FL,ASO,ES,Combined TRACON& Tower with Radar,26,18,29,47,120,0,4,44,13,61,26,22,73,60,181,74,8,82,263
10/27/2022,TLH,FL,ASO,ES,Combined TRACON& Tower with Radar,26,27,56,35,144,0,0,72,14,86,26,27,128,49,230,22,14,36,266
10/28/2022,TLH,FL,ASO,ES,Combined TRACON& Tower with Radar,27,30,68,47,172,0,1,37,11,49,27,31,105,58,221,32,0,32,253
10/29/2022,TLH,FL,ASO,ES,Combined TRACON& Tower with Radar,20,17,47,0,84,0,0,4,0,4,20,17,51,0,88,0,0,0,88
10/30/2022,TLH,FL,ASO,ES,Combined TRACON& Tower with Radar,24,23,36,12,95,0,1,14,7,22,24,24,50,19,117,54,0,54,171
10/31/2022,TLH,FL,ASO,ES,Combined TRACON& Tower with Radar,22,28,38,15,103,0,2,25,2,29,22,30,63,17,132,52,0,52,184
11/01/2022,TLH,FL,ASO,ES,Combined TRACON& Tower with Radar,27,21,34,43,125,0,5,47,17,69,27,26,81,60,194,59,20,79,273
11/02/2022,TLH,FL,ASO,ES,Combined TRACON& Tower with Radar,27,13,45,49,134,0,6,43,8,57,27,19,88,57,191,68,0,68,259
11/03/2022,TLH,FL,ASO,ES,Combined TRACON& Tower with Radar,26,25,50,20,121,0,8,47,6,61,26,33,97,26,182,86,20,106,288
11/04/2022,TLH,FL,ASO,ES,Combined TRACON& Tower with Radar,25,17,49,53,144,0,2,52,38,92,25,19,101,91,236,32,20,52,288
11/05/2022,TLH,FL,ASO,ES,Combined TRACON& Tower with Radar,22,16,39,8,85,0,1,56,4,61,22,17,95,12,146,72,0,72,218
11/06/2022,TLH,FL,ASO,ES,Combined TRACON& Tower with Radar,23,23,40,19,105,0,0,42,29,71,23,23,82,48,176,66,0,66,242
11/07/2022,TLH,FL,ASO,ES,Combined TRACON& Tower with Radar,23,38,32,55,148,0,1,36,2,39,23,39,68,57,187,46,60,106,293
11/08/2022,TLH,FL,ASO,ES,Combined TRACON& Tower with Radar,25,20,50,6,101,0,2,55,8,65,25,22,105,14,166,22,10,32,198
11/09/2022,TLH,FL,ASO,ES,Combined TRACON& Tower with Radar,32,16,27,18,93,0,2,29,14,45,32,18,56,32,138,32,10,42,180
11/10/2022,TLH,FL,ASO,ES,Combined TRACON& Tower with Radar,25,3,1,0,29,0,0,0,0,0,25,3,1,0,29,0,0,0,29
11/11/2022,TLH,FL,ASO,ES,Combined TRACON& Tower with Radar,27,14,29,7,77,0,1,16,5,22,27,15,45,12,99,32,0,32,131
11/12/2022,TLH,FL,ASO,ES,Combined TRACON& Tower with Radar,23,5,27,2,57,0,0,46,2,48,23,5,73,4,105,74,0,74,179
11/13/2022,TLH,FL,ASO,ES,Combined TRACON& Tower with Radar,25,9,36,1,71,0,1,44,1,46,25,10,80,2,117,48,0,48,165
11/14/2022,TLH,FL,ASO,ES,Combined TRACON& Tower with Radar,26,12,41,28,107,0,4,49,6,59,26,16,90,34,166,48,16,64,230
11/15/2022,TLH,FL,ASO,ES,Combined TRACON& Tower with Radar,26,14,30,8,78,0,0,1,0,1,26,14,31,8,79,0,0,0,79
11/16/2022,TLH,FL,ASO,ES,Combined TRACON& Tower with Radar,25,20,52,33,130,0,4,30,8,42,25,24,82,41,172,44,28,72,244
11/17/2022,TLH,FL,ASO,ES,Combined TRACON& Tower with Radar,26,19,51,39,135,0,0,43,13,56,26,19,94,52,191,10,0,10,201
11/18/2022,TLH,FL,ASO,ES,Combined TRACON& Tower with Radar,28,33,44,91,196,0,6,64,14,84,28,39,108,105,280,70,28,98,378
11/19/2022,TLH,FL,ASO,ES,Combined TRACON& Tower with Radar,25,19,44,8,96,0,1,63,4,68,25,20,107,12,164,28,0,28,192
11/20/2022,TLH,FL,ASO,ES,Combined TRACON& Tower with Radar,25,17,41,14,97,0,1,37,7,45,25,18,78,21,142,75,0,75,217
11/21/2022,TLH,FL,ASO,ES,Combined TRACON& Tower with Radar,26,12,39,52,129,0,3,39,5,47,26,15,78,57,176,46,16,62,238
11/22/2022,TLH,FL,ASO,ES,Combined TRACON& Tower with Radar,27,13,48,34,122,0,0,30,12,42,27,13,78,46,164,85,24,109,273
11/23/2022,TLH,FL,ASO,ES,Combined TRACON& Tower with Radar,26,8,40,6,80,0,0,40,0,40,26,8,80,6,120,56,0,56,176
11/24/2022,TLH,FL,ASO,ES,Combined TRACON& Tower with Radar,19,14,13,0,46,0,0,5,0,5,19,14,18,0,51,26,0,26,77
11/25/2022,TLH,FL,ASO,ES,Combined TRACON& Tower with Radar,24,32,65,0,121,0,0,4,0,4,24,32,69,0,125,0,0,0,125
11/26/2022,TLH,FL,ASO,ES,Combined TRACON& Tower with Radar,27,18,42,0,87,0,0,1,0,1,27,18,43,0,88,0,0,0,88
11/27/2022,TLH,FL,ASO,ES,Combined TRACON& Tower with Radar,24,15,51,6,96,0,0,32,0,32,24,15,83,6,128,18,0,18,146
11/28/2022,TLH,FL,ASO,ES,Combined TRACON& Tower with Radar,25,25,35,55,140,0,1,49,11,61,25,26,84,66,201,66,20,86,287
11/29/2022,TLH,FL,ASO,ES,Combined TRACON& Tower with Radar,26,20,51,26,123,0,6,39,7,52,26,26,90,33,175,53,37,90,265
11/30/2022,TLH,FL,ASO,ES,Combined TRACON& Tower with Radar,26,10,30,4,70,0,0,7,0,7,26,10,37,4,77,20,0,20,97
12/01/2022,TLH,FL,ASO,ES,Combined TRACON& Tower with Radar,25,15,43,18,101,0,3,43,8,54,25,18,86,26,155,16,6,22,177
12/02/2022,TLH,FL,ASO,ES,Combined TRACON& Tower with Radar,27,14,39,85,165,0,1,51,21,73,27,15,90,106,238,30,14,44,282
12/03/2022,TLH,FL,ASO,ES,Combined TRACON& Tower with Radar,22,2,26,0,50,0,14,67,4,85,22,16,93,4,135,66,0,66,201
12/04/2022,TLH,FL,ASO,ES,Combined TRACON& Tower with Radar,24,11,39,46,120,0,0,27,19,46,24,11,66,65,166,28,0,28,194
12/05/2022,TLH,FL,ASO,ES,Combined TRACON& Tower with Radar,26,11,27,43,107,0,1,27,0,28,26,12,54,43,135,42,12,54,189
12/06/2022,TLH,FL,ASO,ES,Combined TRACON& Tower with Radar,30,25,41,22,118,0,1,14,11,26,30,26,55,33,144,67,18,85,229
12/07/2022,TLH,FL,ASO,ES,Combined TRACON& Tower with Radar,27,20,39,29,115,0,3,36,10,49,27,23,75,39,164,34,14,48,212
12/08/2022,TLH,FL,ASO,ES,Combined TRACON& Tower with Radar,27,27,42,20,116,0,3,37,17,57,27,30,79,37,173,42,12,54,227
12/09/2022,TLH,FL,ASO,ES,Combined TRACON& Tower with Radar,27,19,47,50,143,0,4,28,9,41,27,23,75,59,184,20,0,20,204
12/10/2022,TLH,FL,ASO,ES,Combined TRACON& Tower with Radar,23,3,26,6,58,0,0,0,2,2,23,3,26,8,60,0,0,0,60
12/11/2022,TLH,FL,ASO,ES,Combined TRACON& Tower with Radar,24,12,32,55,123,0,0,3,1,4,24,12,35,56,127,24,0,24,151
12/12/2022,TLH,FL,ASO,ES,Combined TRACON& Tower with Radar,25,16,58,51,150,0,0,12,8,20,25,16,70,59,170,71,34,105,275
12/13/2022,TLH,FL,ASO,ES,Combined TRACON& Tower with Radar,23,25,58,83,189,0,2,44,15,61,23,27,102,98,250,88,78,166,416
12/14/2022,TLH,FL,ASO,ES,Combined TRACON& Tower with Radar,24,17,41,18,100,0,0,5,0,5,24,17,46,18,105,18,0,18,123
12/15/2022,TLH,FL,ASO,ES,Combined TRACON& Tower with Radar,29,20,34,17,100,0,0,34,14,48,29,20,68,31,148,17,4,21,169
12/16/2022,TLH,FL,ASO,ES,Combined TRACON& Tower with Radar,23,16,46,57,142,0,8,46,20,74,23,24,92,77,216,72,0,72,288
12/17/2022,TLH,FL,ASO,ES,Combined TRACON& Tower with Radar,23,5,29,28,85,0,2,55,5,62,23,7,84,33,147,34,4,38,185
12/18/2022,TLH,FL,ASO,ES,Combined TRACON& Tower with Radar,25,19,26,34,104,0,4,57,17,78,25,23,83,51,182,28,0,28,210
12/19/2022,TLH,FL,ASO,ES,Combined TRACON& Tower with Radar,25,22,42,30,119,0,3,56,3,62,25,25,98,33,181,72,18,90,271
12/20/2022,TLH,FL,ASO,ES,Combined TRACON& Tower with Radar,25,13,8,18,64,0,0,0,0,0,25,13,8,18,64,14,0,14,78
12/21/2022,TLH,FL,ASO,ES,Combined TRACON& Tower with Radar,27,17,48,20,112,0,0,4,0,4,27,17,52,20,116,0,0,0,116
12/22/2022,TLH,FL,ASO,ES,Combined TRACON& Tower with Radar,22,16,32,8,78,0,1,6,0,7,22,17,38,8,85,6,8,14,99
12/23/2022,TLH,FL,ASO,ES,Combined TRACON& Tower with Radar,25,7,27,3,62,0,1,28,4,33,25,8,55,7,95,6,0,6,101
12/24/2022,TLH,FL,ASO,ES,Combined TRACON& Tower with Radar,20,2,3,0,25,0,2,12,0,14,20,4,15,0,39,6,0,6,45
12/25/2022,TLH,FL,ASO,ES,Combined TRACON& Tower with Radar,21,8,0,0,29,0,1,14,0,15,21,9,14,0,44,6,0,6,50
12/26/2022,TLH,FL,ASO,ES,Combined TRACON& Tower with Radar,23,17,26,0,66,0,1,25,0,26,23,18,51,0,92,0,0,0,92
12/27/2022,TLH,FL,ASO,ES,Combined TRACON& Tower with Radar,25,16,23,21,85,0,5,48,7,60,25,21,71,28,145,13,46,59,204
12/28/2022,TLH,FL,ASO,ES,Combined TRACON& Tower with Radar,24,21,33,14,92,0,2,45,3,50,24,23,78,17,142,62,0,62,204
12/29/2022,TLH,FL,ASO,ES,Combined TRACON& Tower with Radar,24,15,28,2,69,0,2,50,9,61,24,17,78,11,130,42,0,42,172
12/30/2022,TLH,FL,ASO,ES,Combined TRACON& Tower with Radar,24,11,24,0,59,0,2,44,8,54,24,13,68,8,113,54,0,54,167
12/31/2022,TLH,FL,ASO,ES,Combined TRACON& Tower with Radar,20,4,14,0,38,0,1,3,0,4,20,5,17,0,42,12,0,12,54
01/01/2023,TLH,FL,ASO,ES,Combined TRACON& Tower with Radar,22,8,11,0,41,0,0,17,0,17,22,8,28,0,58,20,0,20,78
01/02/2023,TLH,FL,ASO,ES,Combined TRACON& Tower with Radar,22,36,71,0,129,0,5,8,5,18,22,41,79,5,147,42,0,42,189
01/03/2023,TLH,FL,ASO,ES,Combined TRACON& Tower with Radar,25,55,102,3,185,0,0,1,1,2,25,55,103,4,187,32,0,32,219
01/04/2023,TLH,FL,ASO,ES,Combined TRACON& Tower with Radar,26,23,56,7,112,0,0,3,1,4,26,23,59,8,116,0,0,0,116
01/05/2023,TLH,FL,ASO,ES,Combined TRACON& Tower with Radar,24,18,39,38,119,0,3,56,17,76,24,21,95,55,195,30,18,48,243
01/06/2023,TLH,FL,ASO,ES,Combined TRACON& Tower with Radar,26,19,26,76,147,0,9,56,22,87,26,28,82,98,234,82,36,118,352
01/07/2023,TLH,FL,ASO,ES,Combined TRACON& Tower with Radar,22,5,26,4,57,0,3,75,2,80,22,8,101,6,137,34,0,34,171
01/08/2023,TLH,FL,ASO,ES,Combined TRACON& Tower with Radar,22,12,29,74,137,0,0,53,20,73,22,12,82,94,210,60,6,66,276
01/09/2023,TLH,FL,ASO,ES,Combined TRACON& Tower with Radar,23,14,49,11,97,0,10,45,5,60,23,24,94,16,157,61,0,61,218
01/10/2023,TLH,FL,ASO,ES,Combined TRACON& Tower with Radar,25,13,44,23,105,0,7,48,8,63,25,20,92,31,168,50,12,62,230
01/11/2023,TLH,FL,ASO,ES,Combined TRACON& Tower with Radar,27,13,40,27,107,0,6,46,7,59,27,19,86,34,166,30,0,30,196
01/12/2023,TLH,FL,ASO,ES,Combined TRACON& Tower with Radar,26,10,27,35,98,0,4,18,0,22,26,14,45,35,120,24,28,52,172
01/13/2023,TLH,FL,ASO,ES,Combined TRACON& Tower with Radar,30,17,42,14,103,0,1,38,23,62,30,18,80,37,165,44,0,44,209
01/14/2023,TLH,FL,ASO,ES,Combined TRACON& Tower with Radar,26,9,28,10,73,0,5,38,3,46,26,14,66,13,119,36,0,36,155
01/15/2023,TLH,FL,ASO,ES,Combined TRACON& Tower with Radar,28,8,31,18,85,0,4,48,18,70,28,12,79,36,155,74,0,74,229
01/16/2023,TLH,FL,ASO,ES,Combined TRACON& Tower with Radar,30,12,55,6,103,0,8,51,1,60,30,20,106,7,163,48,0,48,211
01/17/2023,TLH,FL,ASO,ES,Combined TRACON& Tower with Radar,29,23,49,38,139,0,4,32,5,41,29,27,81,43,180,20,4,24,204
01/18/2023,TLH,FL,ASO,ES,Combined TRACON& Tower with Radar,30,16,44,31,121,0,3,12,9,24,30,19,56,40,145,0,8,8,153
01/19/2023,TLH,FL,ASO,ES,Combined TRACON& Tower with Radar,27,22,43,23,115,0,3,23,6,32,27,25,66,29,147,20,6,26,173
01/20/2023,TLH,FL,ASO,ES,Combined TRACON& Tower with Radar,29,19,23,53,124,0,9,73,13,95,29,28,96,66,219,48,24,72,291
01/21/2023,TLH,FL,ASO,ES,Combined TRACON& Tower with Radar,29,4,17,1,51,0,4,31,4,39,29,8,48,5,90,47,0,47,137
01/22/2023,TLH,FL,ASO,ES,Combined TRACON& Tower with Radar,35,14,19,7,75,0,0,0,6,6,35,14,19,13,81,0,0,0,81
01/23/2023,TLH,FL,ASO,ES,Combined TRACON& Tower with Radar,29,19,52,74,174,0,4,63,18,85,29,23,115,92,259,54,50,104,363
01/24/2023,TLH,FL,ASO,ES,Combined TRACON& Tower with Radar,31,18,43,24,116,0,2,62,8,72,31,20,105,32,188,45,12,57,245
01/25/2023,TLH,FL,ASO,ES,Combined TRACON& Tower with Radar,30,18,26,8,82,0,0,6,2,8,30,18,32,10,90,0,0,0,90
01/26/2023,TLH,FL,ASO,ES,Combined TRACON& Tower with Radar,29,27,55,73,184,0,7,58,16,81,29,34,113,89,265,52,78,130,395
01/27/2023,TLH,FL,ASO,ES,Combined TRACON& Tower with Radar,27,21,33,106,187,0,4,67,15,86,27,25,100,121,273,56,48,104,377
01/28/2023,TLH,FL,ASO,ES,Combined TRACON& Tower with Radar,27,6,42,19,94,0,29,92,11,132,27,35,134,30,226,18,4,22,248
01/29/2023,TLH,FL,ASO,ES,Combined TRACON& Tower with Radar,29,10,23,15,77,0,0,11,4,15,29,10,34,19,92,90,0,90,182
01/30/2023,TLH,FL,ASO,ES,Combined TRACON& Tower with Radar,26,18,37,20,101,0,1,11,0,12,26,19,48,20,113,52,14,66,179
01/31/2023,TLH,FL,ASO,ES,Combined TRACON& Tower with Radar,27,20,27,26,100,0,1,9,2,12,27,21,36,28,112,4,0,4,116
02/01/2023,TLH,FL,ASO,ES,Combined TRACON& Tower with Radar,24,10,36,32,102,0,1,9,3,13,24,11,45,35,115,50,0,50,165
02/02/2023,TLH,FL,ASO,ES,Combined TRACON& Tower with Radar,28,13,47,31,119,0,0,5,0,5,28,13,52,31,124,0,0,0,124
02/03/2023,TLH,FL,ASO,ES,Combined TRACON& Tower with Radar,29,20,49,63,161,0,2,41,30,73,29,22,90,93,234,36,30,66,300
02/04/2023,TLH,FL,ASO,ES,Combined TRACON& Tower with Radar,22,9,32,12,75,0,0,56,7,63,22,9,88,19,138,34,2,36,174
02/05/2023,TLH,FL,ASO,ES,Combined TRACON& Tower with Radar,27,16,40,26,109,0,0,38,17,55,27,16,78,43,164,120,0,120,284
02/06/2023,TLH,FL,ASO,ES,Combined TRACON& Tower with Radar,24,19,44,51,138,0,8,64,3,75,24,27,108,54,213,80,0,80,293
02/07/2023,TLH,FL,ASO,ES,Combined TRACON& Tower with Radar,26,16,65,47,154,0,4,63,8,75,26,20,128,55,229,68,26,94,323
02/08/2023,TLH,FL,ASO,ES,Combined TRACON& Tower with Radar,30,23,45,56,154,0,9,65,16,90,30,32,110,72,244,42,24,66,310
02/09/2023,TLH,FL,ASO,ES,Combined TRACON& Tower with Radar,24,17,36,35,112,0,2,45,8,55,24,19,81,43,167,146,28,174,341
02/10/2023,TLH,FL,ASO,ES,Combined TRACON& Tower with Radar,27,7,30,1,65,0,0,0,0,0,27,7,30,1,65,0,0,0,65
02/11/2023,TLH,FL,ASO,ES,Combined TRACON& Tower with Radar,25,15,13,0,53,0,0,0,0,0,25,15,13,0,53,0,0,0,53
02/12/2023,TLH,FL,ASO,ES,Combined TRACON& Tower with Radar,28,9,34,1,72,0,0,17,2,19,28,9,51,3,91,32,4,36,127
02/13/2023,TLH,FL,ASO,ES,Combined TRACON& Tower with Radar,25,18,58,43,144,0,4,68,5,77,25,22,126,48,221,70,22,92,313
02/14/2023,TLH,FL,ASO,ES,Combined TRACON& Tower with Radar,28,17,34,23,102,0,2,74,6,82,28,19,108,29,184,24,20,44,228
02/15/2023,TLH,FL,ASO,ES,Combined TRACON& Tower with Radar,27,22,53,69,171,0,5,48,11,64,27,27,101,80,235,140,24,164,399
02/16/2023,TLH,FL,ASO,ES,Combined TRACON& Tower with Radar,27,24,49,40,140,0,0,37,6,43,27,24,86,46,183,20,26,46,229
02/17/2023,TLH,FL,ASO,ES,Combined TRACON& Tower with Radar,28,10,31,25,94,0,0,10,8,18,28,10,41,33,112,4,0,4,116
02/18/2023,TLH,FL,ASO,ES,Combined TRACON& Tower with Radar,23,17,37,0,77,0,1,105,4,110,23,18,142,4,187,114,0,114,301
02/19/2023,TLH,FL,ASO,ES,Combined TRACON& Tower with Radar,26,11,44,19,100,0,26,106,3,135,26,37,150,22,235,114,0,114,349
02/20/2023,TLH,FL,ASO,ES,Combined TRACON& Tower with Radar,25,17,47,2,91,0,3,56,0,59,25,20,103,2,150,52,0,52,202
02/21/2023,TLH,FL,ASO,ES,Combined TRACON& Tower with Radar,24,20,62,69,175,0,1,48,6,55,24,21,110,75,230,22,2,24,254
02/22/2023,TLH,FL,ASO,ES,Combined TRACON& Tower with Radar,28,26,67,39,160,0,4,37,8,49,28,30,104,47,209,40,2,42,251
02/23/2023,TLH,FL,ASO,ES,Combined TRACON& Tower with Radar,27,22,69,85,203,0,1,20,4,25,27,23,89,89,228,36,0,36,264
02/24/2023,TLH,FL,ASO,ES,Combined TRACON& Tower with Radar,31,20,47,103,201,0,3,34,22,59,31,23,81,125,260,48,22,70,330
02/25/2023,TLH,FL,ASO,ES,Combined TRACON& Tower with Radar,23,14,52,28,117,0,2,33,12,47,23,16,85,40,164,10,0,10,174
02/26/2023,TLH,FL,ASO,ES,Combined TRACON& Tower with Radar,31,17,25,44,117,0,0,62,26,88,31,17,87,70,205,98,0,98,303
02/27/2023,TLH,FL,ASO,ES,Combined TRACON& Tower with Radar,28,19,26,41,114,0,0,36,9,45,28,19,62,50,159,24,42,66,225
02/28/2023,TLH,FL,ASO,ES,Combined TRACON& Tower with Radar,24,15,59,58,156,0,4,28,7,39,24,19,87,65,195,22,28,50,245
03/01/2023,TLH,FL,ASO,ES,Combined TRACON& Tower with Radar,26,15,63,36,140,0,3,37,10,50,26,18,100,46,190,48,48,96,286
03/02/2023,TLH,FL,ASO,ES,Combined TRACON& Tower with Radar,28,30,52,51,161,0,0,29,9,38,28,30,81,60,199,60,38,98,297
03/03/2023,TLH,FL,ASO,ES,Combined TRACON& Tower with Radar,36,7,26,25,94,0,0,11,9,20,36,7,37,34,114,20,16,36,150
03/04/2023,TLH,FL,ASO,ES,Combined TRACON& Tower with Radar,24,9,32,0,65,0,0,53,2,55,24,9,85,2,120,90,0,90,210
03/05/2023,TLH,FL,ASO,ES,Combined TRACON& Tower with Radar,27,13,30,13,83,0,2,52,5,59,27,15,82,18,142,124,0,124,266
03/06/2023,TLH,FL,ASO,ES,Combined TRACON& Tower with Radar,27,20,50,36,133,0,2,40,5,47,27,22,90,41,180,62,22,84,264
03/07/2023,TLH,FL,ASO,ES,Combined TRACON& Tower with Radar,29,30,38,30,127,0,5,45,2,52,29,35,83,32,179,70,0,70,249
03/08/2023,TLH,FL,ASO,ES,Combined TRACON& Tower with Radar,28,54,72,38,192,0,9,59,6,74,28,63,131,44,266,72,20,92,358
03/09/2023,TLH,FL,ASO,ES,Combined TRACON& Tower with Radar,28,28,79,53,188,0,2,49,12,63,28,30,128,65,251,52,76,128,379
03/10/2023,TLH,FL,ASO,ES,Combined TRACON& Tower with Radar,28,20,51,38,137,0,0,11,22,33,28,20,62,60,170,74,0,74,244
03/11/2023,TLH,FL,ASO,ES,Combined TRACON& Tower with Radar,24,27,35,4,90,0,21,54,7,82,24,48,89,11,172,92,0,92,264
03/12/2023,TLH,FL,ASO,ES,Combined TRACON& Tower with Radar,31,17,26,19,93,0,5,7,6,18,31,22,33,25,111,0,0,0,111
03/13/2023,TLH,FL,ASO,ES,Combined TRACON& Tower with Radar,28,18,43,20,109,0,2,17,8,27,28,20,60,28,136,0,22,22,158
03/14/2023,TLH,FL,ASO,ES,Combined TRACON& Tower with Radar,28,19,36,54,137,0,15,49,5,69,28,34,85,59,206,42,20,62,268
03/15/2023,TLH,FL,ASO,ES,Combined TRACON& Tower with Radar,29,28,69,17,143,0,9,58,14,81,29,37,127,31,224,44,0,44,268
03/16/2023,TLH,FL,ASO,ES,Combined TRACON& Tower with Radar,27,16,39,20,102,0,7,57,18,82,27,23,96,38,184,54,0,54,238
03/17/2023,TLH,FL,ASO,ES,Combined TRACON& Tower with Radar,32,14,37,48,131,0,0,29,5,34,32,14,66,53,165,64,4,68,233
03/18/2023,TLH,FL,ASO,ES,Combined TRACON& Tower with Radar,25,4,20,31,80,0,0,8,17,25,25,4,28,48,105,24,22,46,151
03/19/2023,TLH,FL,ASO,ES,Combined TRACON& Tower with Radar,27,18,31,30,106,0,13,43,6,62,27,31,74,36,168,70,0,70,238
03/20/2023,TLH,FL,ASO,ES,Combined TRACON& Tower with Radar,28,19,29,61,137,0,4,68,9,81,28,23,97,70,218,104,58,162,380
03/21/2023,TLH,FL,ASO,ES,Combined TRACON& Tower with Radar,28,24,49,68,169,0,11,56,8,75,28,35,105,76,244,72,40,112,356
03/22/2023,TLH,FL,ASO,ES,Combined TRACON& Tower with Radar,27,38,67,18,150,0,5,49,4,58,27,43,116,22,208,56,0,56,264
03/23/2023,TLH,FL,ASO,ES,Combined TRACON& Tower with Radar,29,33,33,14,109,0,4,48,11,63,29,37,81,25,172,28,4,32,204
03/24/2023,TLH,FL,ASO,ES,Combined TRACON& Tower with Radar,27,26,41,30,124,0,1,26,17,44,27,27,67,47,168,62,18,80,248
03/25/2023,TLH,FL,ASO,ES,Combined TRACON& Tower with Radar,25,10,22,1,58,0,0,6,0,6,25,10,28,1,64,36,0,36,100
03/26/2023,TLH,FL,ASO,ES,Combined TRACON& Tower with Radar,30,17,25,22,94,0,4,19,4,27,30,21,44,26,121,54,0,54,175
03/27/2023,TLH,FL,ASO,ES,Combined TRACON& Tower with Radar,28,22,57,19,126,0,6,10,11,27,28,28,67,30,153,98,30,128,281
03/28/2023,TLH,FL,ASO,ES,Combined TRACON& Tower with Radar,27,21,41,1,90,0,1,4,3,8,27,22,45,4,98,16,0,16,114
03/29/2023,TLH,FL,ASO,ES,Combined TRACON& Tower with Radar,29,32,67,3,131,0,6,71,13,90,29,38,138,16,221,30,0,30,251
03/30/2023,TLH,FL,ASO,ES,Combined TRACON& Tower with Radar,32,27,50,6,115,0,9,74,14,97,32,36,124,20,212,44,44,88,300
03/31/2023,TLH,FL,ASO,ES,Combined TRACON& Tower with Radar,27,20,52,11,110,0,6,52,26,84,27,26,104,37,194,4,0,4,198
04/01/2023,TLH,FL,ASO,ES,Combined TRACON& Tower with Radar,23,9,20,1,53,0,2,7,3,12,23,11,27,4,65,0,0,0,65
04/02/2023,TLH,FL,ASO,ES,Combined TRACON& Tower with Radar,27,22,37,7,93,0,11,76,1,88,27,33,113,8,181,32,0,32,213
04/03/2023,TLH,FL,ASO,ES,Combined TRACON& Tower with Radar,28,15,36,10,89,0,3,7,3,13,28,18,43,13,102,44,0,44,146
04/04/2023,TLH,FL,ASO,ES,Combined TRACON& Tower with Radar,23,22,51,38,134,0,1,36,9,46,23,23,87,47,180,98,0,98,278
04/05/2023,TLH,FL,ASO,ES,Combined TRACON& Tower with Radar,20,39,61,53,173,0,8,68,14,90,20,47,129,67,263,100,30,130,393
04/06/2023,TLH,FL,ASO,ES,Combined TRACON& Tower with Radar,25,21,39,83,168,0,6,55,17,78,25,27,94,100,246,52,16,68,314
04/07/2023,TLH,FL,ASO,ES,Combined TRACON& Tower with Radar,24,29,40,33,126,0,7,40,11,58,24,36,80,44,184,32,4,36,220
04/08/2023,TLH,FL,ASO,ES,Combined TRACON& Tower with Radar,19,11,19,1,50,0,0,0,1,1,19,11,19,2,51,0,0,0,51
04/09/2023,TLH,FL,ASO,ES,Combined TRACON& Tower with Radar,22,16,27,6,71,0,0,2,0,2,22,16,29,6,73,0,0,0,73
04/10/2023,TLH,FL,ASO,ES,Combined TRACON& Tower with Radar,25,26,51,24,126,0,4,31,6,41,25,30,82,30,167,52,4,56,223
04/11/2023,TLH,FL,ASO,ES,Combined TRACON& Tower with Radar,23,32,48,21,124,0,15,56,8,79,23,47,104,29,203,122,14,136,339
04/12/2023,TLH,FL,ASO,ES,Combined TRACON& Tower with Radar,21,37,51,17,126,0,2,39,7,48,21,39,90,24,174,64,4,68,242
04/13/2023,TLH,FL,ASO,ES,Combined TRACON& Tower with Radar,31,41,33,7,112,0,1,16,7,24,31,42,49,14,136,34,10,44,180
04/14/2023,TLH,FL,ASO,ES,Combined TRACON& Tower with Radar,27,49,48,78,202,0,4,38,16,58,27,53,86,94,260,22,0,22,282
04/15/2023,TLH,FL,ASO,ES,Combined TRACON& Tower with Radar,17,33,29,2,81,0,6,63,4,73,17,39,92,6,154,84,0,84,238
04/16/2023,TLH,FL,ASO,ES,Combined TRACON& Tower with Radar,26,37,30,12,105,0,2,14,7,23,26,39,44,19,128,44,0,44,172
04/17/2023,TLH,FL,ASO,ES,Combined TRACON& Tower with Radar,25,26,46,20,117,0,5,65,1,71,25,31,111,21,188,65,8,73,261
04/18/2023,TLH,FL,ASO,ES,Combined TRACON& Tower with Radar,22,43,57,35,157,0,8,77,10,95,22,51,134,45,252,76,10,86,338
04/19/2023,TLH,FL,ASO,ES,Combined TRACON& Tower with Radar,24,36,42,41,143,0,9,64,17,90,24,45,106,58,233,38,18,56,289
04/20/2023,TLH,FL,ASO,ES,Combined TRACON& Tower with Radar,27,37,31,25,120,0,8,60,14,82,27,45,91,39,202,46,8,54,256
04/21/2023,TLH,FL,ASO,ES,Combined TRACON& Tower with Radar,28,22,35,74,159,0,8,47,22,77,28,30,82,96,236,16,20,36,272
04/22/2023,TLH,FL,ASO,ES,Combined TRACON& Tower with Radar,20,19,27,3,69,0,2,38,3,43,20,21,65,6,112,42,0,42,154
04/23/2023,TLH,FL,ASO,ES,Combined TRACON& Tower with Radar,23,27,40,48,138,0,8,67,10,85,23,35,107,58,223,116,16,132,355
04/24/2023,TLH,FL,ASO,ES,Combined TRACON& Tower with Radar,25,24,57,21,127,0,3,60,10,73,25,27,117,31,200,52,0,52,252
04/25/2023,TLH,FL,ASO,ES,Combined TRACON& Tower with Radar,24,18,46,11,99,0,9,43,8,60,24,27,89,19,159,166,4,170,329
04/26/2023,TLH,FL,ASO,ES,Combined TRACON& Tower with Radar,20,30,36,13,99,0,10,44,6,60,20,40,80,19,159,132,2,134,293
04/27/2023,TLH,FL,ASO,ES,Combined TRACON& Tower with Radar,31,20,39,7,97,0,3,6,5,14,31,23,45,12,111,0,0,0,111
04/28/2023,TLH,FL,ASO,ES,Combined TRACON& Tower with Radar,24,25,38,23,110,0,0,15,12,27,24,25,53,35,137,28,2,30,167
04/29/2023,TLH,FL,ASO,ES,Combined TRACON& Tower with Radar,20,15,11,1,47,0,0,12,1,13,20,15,23,2,60,8,0,8,68
04/30/2023,TLH,FL,ASO,ES,Combined TRACON& Tower with Radar,24,28,26,4,82,0,2,18,3,23,24,30,44,7,105,60,0,60,165
05/01/2023,TLH,FL,ASO,ES,Combined TRACON& Tower with Radar,25,33,25,26,109,0,13,43,9,65,25,46,68,35,174,54,18,72,246
05/02/2023,TLH,FL,ASO,ES,Combined TRACON& Tower with Radar,25,34,33,48,140,0,5,59,15,79,25,39,92,63,219,62,40,102,321
05/03/2023,TLH,FL,ASO,ES,Combined TRACON& Tower with Radar,22,32,41,22,117,0,8,71,13,92,22,40,112,35,209,58,2,60,269
05/04/2023,TLH,FL,ASO,ES,Combined TRACON& Tower with Radar,25,26,60,17,128,0,8,76,21,105,25,34,136,38,233,56,0,56,289
05/05/2023,TLH,FL,ASO,ES,Combined TRACON& Tower with Radar,23,35,52,63,173,0,5,59,13,77,23,40,111,76,250,62,0,62,312
05/06/2023,TLH,FL,ASO,ES,Combined TRACON& Tower with Radar,20,29,18,32,99,0,16,71,4,91,20,45,89,36,190,38,0,38,228
05/07/2023,TLH,FL,ASO,ES,Combined TRACON& Tower with Radar,23,36,39,32,130,0,23,58,9,90,23,59,97,41,220,78,0,78,298
05/08/2023,TLH,FL,ASO,ES,Combined TRACON& Tower with Radar,25,33,39,40,137,0,11,47,7,65,25,44,86,47,202,58,10,68,270
05/09/2023,TLH,FL,ASO,ES,Combined TRACON& Tower with Radar,22,33,41,83,179,0,2,34,17,53,22,35,75,100,232,48,4,52,284
05/10/2023,TLH,FL,ASO,ES,Combined TRACON& Tower with Radar,20,31,43,42,136,0,3,39,13,55,20,34,82,55,191,26,0,26,217
05/11/2023,TLH,FL,ASO,ES,Combined TRACON& Tower with Radar,21,35,57,24,137,0,4,25,12,41,21,39,82,36,178,4,0,4,182
05/12/2023,TLH,FL,ASO,ES,Combined TRACON& Tower with Radar,23,35,23,37,118,0,4,23,12,39,23,39,46,49,157,0,0,0,157
05/13/2023,TLH,FL,ASO,ES,Combined TRACON& Tower with Radar,19,11,30,25,85,0,2,57,6,65,19,13,87,31,150,22,4,26,176
05/14/2023,TLH,FL,ASO,ES,Combined TRACON& Tower with Radar,22,28,24,25,99,0,3,32,14,49,22,31,56,39,148,34,8,42,190
05/15/2023,TLH,FL,ASO,ES,Combined TRACON& Tower with Radar,23,20,23,11,77,0,2,17,2,21,23,22,40,13,98,6,0,6,104
05/16/2023,TLH,FL,ASO,ES,Combined TRACON& Tower with Radar,20,24,37,10,91,0,2,25,8,35,20,26,62,18,126,73,21,94,220
05/17/2023,TLH,FL,ASO,ES,Combined TRACON& Tower with Radar,23,20,45,6,94,0,1,13,1,15,23,21,58,7,109,28,4,32,141
05/18/2023,TLH,FL,ASO,ES,Combined TRACON& Tower with Radar,23,20,40,20,103,0,2,21,8,31,23,22,61,28,134,18,24,42,176
05/19/2023,TLH,FL,ASO,ES,Combined TRACON& Tower with Radar,23,33,47,48,151,0,3,23,9,35,23,36,70,57,186,58,68,126,312
05/20/2023,TLH,FL,ASO,ES,Combined TRACON& Tower with Radar,21,18,44,34,117,0,8,40,5,53,21,26,84,39,170,60,0,60,230
05/21/2023,TLH,FL,ASO,ES,Combined TRACON& Tower with Radar,22,32,19,10,83,0,6,32,8,46,22,38,51,18,129,38,0,38,167
05/22/2023,TLH,FL,ASO,ES,Combined TRACON& Tower with Radar,23,24,30,6,83,0,0,4,0,4,23,24,34,6,87,0,0,0,87
05/23/2023,TLH,FL,ASO,ES,Combined TRACON& Tower with Radar,21,27,26,0,74,0,0,14,8,22,21,27,40,8,96,100,0,100,196
05/24/2023,TLH,FL,ASO,ES,Combined TRACON& Tower with Radar,25,34,32,10,101,0,4,9,2,15,25,38,41,12,116,4,0,4,120
05/25/2023,TLH,FL,ASO,ES,Combined TRACON& Tower with Radar,23,32,28,8,91,0,7,72,8,87,23,39,100,16,178,62,0,62,240
05/26/2023,TLH,FL,ASO,ES,Combined TRACON& Tower with Radar,23,25,44,6,98,0,2,16,7,25,23,27,60,13,123,107,0,107,230
05/27/2023,TLH,FL,ASO,ES,Combined TRACON& Tower with Radar,17,17,17,0,51,0,9,51,4,64,17,26,68,4,115,16,0,16,131
05/28/2023,TLH,FL,ASO,ES,Combined TRACON& Tower with Radar,19,23,16,0,58,0,16,36,0,52,19,39,52,0,110,48,0,48,158
05/29/2023,TLH,FL,ASO,ES,Combined TRACON& Tower with Radar,21,16,19,0,56,0,10,33,1,44,21,26,52,1,100,6,0,6,106
05/30/2023,TLH,FL,ASO,ES,Combined TRACON& Tower with Radar,23,24,28,17,92,0,20,49,5,74,23,44,77,22,166,112,0,112,278
05/31/2023,TLH,FL,ASO,ES,Combined TRACON& Tower with Radar,22,29,25,7,83,0,9,34,2,45,22,38,59,9,128,56,0,56,184
06/01/2023,TLH,FL,ASO,ES,Combined TRACON& Tower with Radar,25,25,32,13,95,0,1,3,8,12,25,26,35,21,107,0,0,0,107
06/02/2023,TLH,FL,ASO,ES,Combined TRACON& Tower with Radar,25,24,25,33,107,0,4,61,11,76,25,28,86,44,183,34,0,34,217
06/03/2023,TLH,FL,ASO,ES,Combined TRACON& Tower with Radar,21,19,24,1,65,0,5,52,8,65,21,24,76,9,130,14,0,14,144
06/04/2023,TLH,FL,ASO,ES,Combined TRACON& Tower with Radar,23,11,22,4,60,0,2,18,10,30,23,13,40,14,90,4,0,4,94
06/05/2023,TLH,FL,ASO,ES,Combined TRACON& Tower with Radar,25,31,38,41,135,0,8,37,21,66,25,39,75,62,201,90,6,96,297
06/06/2023,TLH,FL,ASO,ES,Combined TRACON& Tower with Radar,25,23,35,19,102,0,9,45,3,57,25,32,80,22,159,114,10,124,283
06/07/2023,TLH,FL,ASO,ES,Combined TRACON& Tower with Radar,24,27,40,7,98,0,2,16,6,24,24,29,56,13,122,0,0,0,122
06/08/2023,TLH,FL,ASO,ES,Combined TRACON& Tower with Radar,22,25,35,31,113,0,4,42,7,53,22,29,77,38,166,22,6,28,194
06/09/2023,TLH,FL,ASO,ES,Combined TRACON& Tower with Radar,27,26,26,32,111,0,1,40,9,50,27,27,66,41,161,70,0,70,231
06/10/2023,TLH,FL,ASO,ES,Combined TRACON& Tower with Radar,20,18,36,0,74,0,2,21,2,25,20,20,57,2,99,0,0,0,99
06/11/2023,TLH,FL,ASO,ES,Combined TRACON& Tower with Radar,23,24,20,11,78,0,2,27,11,40,23,26,47,22,118,66,18,84,202
06/12/2023,TLH,FL,ASO,ES,Combined TRACON& Tower with Radar,25,31,37,22,115,0,5,23,0,28,25,36,60,22,143,56,8,64,207
06/13/2023,TLH,FL,ASO,ES,Combined TRACON& Tower with Radar,23,19,22,6,70,0,4,34,10,48,23,23,56,16,118,48,0,48,166
06/14/2023,TLH,FL,ASO,ES,Combined TRACON& Tower with Radar,24,27,35,19,105,0,1,12,4,17,24,28,47,23,122,34,0,34,156
06/15/2023,TLH,FL,ASO,ES,Combined TRACON& Tower with Radar,25,13,22,8,68,0,0,11,0,11,25,13,33,8,79,8,0,8,87
06/16/2023,TLH,FL,ASO,ES,Combined TRACON& Tower with Radar,25,23,37,16,101,0,2,31,8,41,25,25,68,24,142,4,0,4,146
06/17/2023,TLH,FL,ASO,ES,Combined TRACON& Tower with Radar,26,21,16,0,63,0,7,22,2,31,26,28,38,2,94,10,0,10,104
06/18/2023,TLH,FL,ASO,ES,Combined TRACON& Tower with Radar,26,14,30,5,75,0,10,34,0,44,26,24,64,5,119,50,0,50,169
06/19/2023,TLH,FL,ASO,ES,Combined TRACON& Tower with Radar,22,14,23,0,59,0,2,13,1,16,22,16,36,1,75,2,0,2,77
06/20/2023,TLH,FL,ASO,ES,Combined TRACON& Tower with Radar,25,22,35,63,145,0,8,41,7,56,25,30,76,70,201,70,16,86,287
06/21/2023,TLH,FL,ASO,ES,Combined TRACON& Tower with Radar,26,17,18,0,61,0,0,11,0,11,26,17,29,0,72,8,0,8,80
06/22/2023,TLH,FL,ASO,ES,Combined TRACON& Tower with Radar,25,16,21,4,66,0,0,24,6,30,25,16,45,10,96,60,0,60,156
06/23/2023,TLH,FL,ASO,ES,Combined TRACON& Tower with Radar,24,28,25,10,87,0,6,34,12,52,24,34,59,22,139,40,0,40,179
06/24/2023,TLH,FL,ASO,ES,Combined TRACON& Tower with Radar,22,20,38,12,92,0,8,34,5,47,22,28,72,17,139,34,0,34,173
06/25/2023,TLH,FL,ASO,ES,Combined TRACON& Tower with Radar,24,30,11,10,75,0,34,64,9,107,24,64,75,19,182,54,0,54,236
06/26/2023,TLH,FL,ASO,ES,Combined TRACON& Tower with Radar,25,40,26,23,114,0,13,38,6,57,25,53,64,29,171,34,4,38,209
06/27/2023,TLH,FL,ASO,ES,Combined TRACON& Tower with Radar,25,29,30,25,109,0,10,32,5,47,25,39,62,30,156,36,14,50,206
06/28/2023,TLH,FL,ASO,ES,Combined TRACON& Tower with Radar,24,33,26,54,137,0,11,45,12,68,24,44,71,66,205,104,6,110,315
06/29/2023,TLH,FL,ASO,ES,Combined TRACON& Tower with Radar,24,28,39,59,150,0,15,49,12,76,24,43,88,71,226,38,6,44,270
06/30/2023,TLH,FL,ASO,ES,Combined TRACON& Tower with Radar,24,32,40,21,117,0,17,55,9,81,24,49,95,30,198,30,10,40,238
07/01/2023,TLH,FL,ASO,ES,Combined TRACON& Tower with Radar,19,15,23,8,65,0,11,35,4,50,19,26,58,12,115,26,0,26,141
07/02/2023,TLH,FL,ASO,ES,Combined TRACON& Tower with Radar,18,24,15,0,57,0,9,26,2,37,18,33,41,2,94,66,0,66,160
07/03/2023,TLH,FL,ASO,ES,Combined TRACON& Tower with Radar,21,17,11,0,49,0,15,37,1,53,21,32,48,1,102,46,0,46,148
07/04/2023,TLH,FL,ASO,ES,Combined TRACON& Tower with Radar,19,14,13,0,46,0,11,21,3,35,19,25,34,3,81,52,0,52,133
07/05/2023,TLH,FL,ASO,ES,Combined TRACON& Tower with Radar,22,18,11,6,57,0,6,28,9,43,22,24,39,15,100,98,10,108,208
07/06/2023,TLH,FL,ASO,ES,Combined TRACON& Tower with Radar,21,27,27,17,92,0,7,40,12,59,21,34,67,29,151,88,0,88,239
07/07/2023,TLH,FL,ASO,ES,Combined TRACON& Tower with Radar,24,25,29,42,120,0,8,38,21,67,24,33,67,63,187,12,0,12,199
07/08/2023,TLH,FL,ASO,ES,Combined TRACON& Tower with Radar,21,19,22,4,66,0,7,37,5,49,21,26,59,9,115,56,0,56,171
07/09/2023,TLH,FL,ASO,ES,Combined TRACON& Tower with Radar,20,22,19,4,65,0,4,14,3,21,20,26,33,7,86,104,0,104,190
07/10/2023,TLH,FL,ASO,ES,Combined TRACON& Tower with Radar,24,26,20,0,70,0,2,13,0,15,24,28,33,0,85,28,0,28,113
07/11/2023,TLH,FL,ASO,ES,Combined TRACON& Tower with Radar,25,26,34,16,101,0,2,43,5,50,25,28,77,21,151,73,11,84,235
07/12/2023,TLH,FL,ASO,ES,Combined TRACON& Tower with Radar,25,25,33,36,119,0,7,32,15,54,25,32,65,51,173,48,16,64,237
07/13/2023,TLH,FL,ASO,ES,Combined TRACON& Tower with Radar,24,20,24,14,82,0,9,24,10,43,24,29,48,24,125,74,8,82,207
07/14/2023,TLH,FL,ASO,ES,Combined TRACON& Tower with Radar,24,19,37,5,85,0,4,13,1,18,24,23,50,6,103,0,0,0,103
07/15/2023,TLH,FL,ASO,ES,Combined TRACON& Tower with Radar,23,9,20,2,54,0,1,6,4,11,23,10,26,6,65,2,0,2,67
07/16/2023,TLH,FL,ASO,ES,Combined TRACON& Tower with Radar,21,15,29,2,67,0,0,9,1,10,21,15,38,3,77,16,0,16,93
07/17/2023,TLH,FL,ASO,ES,Combined TRACON& Tower with Radar,26,33,30,18,107,0,12,33,3,48,26,45,63,21,155,62,14,76,231
07/18/2023,TLH,FL,ASO,ES,Combined TRACON& Tower with Radar,24,22,36,34,116,0,10,47,6,63,24,32,83,40,179,88,6,94,273
07/19/2023,TLH,FL,ASO,ES,Combined TRACON& Tower with Radar,26,27,60,56,169,0,4,50,8,62,26,31,110,64,231,76,24,100,331
07/20/2023,TLH,FL,ASO,ES,Combined TRACON& Tower with Radar,33,32,49,58,172,0,14,43,16,73,33,46,92,74,245,30,14,44,289
07/21/2023,TLH,FL,ASO,ES,Combined TRACON& Tower with Radar,27,30,28,50,135,0,23,38,13,74,27,53,66,63,209,80,18,98,307
07/22/2023,TLH,FL,ASO,ES,Combined TRACON& Tower with Radar,22,10,20,8,60,0,4,32,4,40,22,14,52,12,100,18,0,18,118
07/23/2023,TLH,FL,ASO,ES,Combined TRACON& Tower with Radar,22,14,28,5,69,0,1,5,1,7,22,15,33,6,76,34,0,34,110
07/24/2023,TLH,FL,ASO,ES,Combined TRACON& Tower with Radar,25,30,37,4,96,0,2,18,0,20,25,32,55,4,116,108,0,108,224
07/25/2023,TLH,FL,ASO,ES,Combined TRACON& Tower with Radar,26,37,36,63,162,0,15,39,11,65,26,52,75,74,227,78,16,94,321
07/26/2023,TLH,FL,ASO,ES,Combined TRACON& Tower with Radar,26,37,45,65,173,0,20,42,17,79,26,57,87,82,252,24,6,30,282
07/27/2023,TLH,FL,ASO,ES,Combined TRACON& Tower with Radar,23,45,29,27,124,0,22,41,12,75,23,67,70,39,199,36,10,46,245
07/28/2023,TLH,FL,ASO,ES,Combined TRACON& Tower with Radar,24,24,21,13,82,0,11,27,17,55,24,35,48,30,137,22,10,32,169
07/29/2023,TLH,FL,ASO,ES,Combined TRACON& Tower with Radar,22,16,16,10,64,0,4,30,2,36,22,20,46,12,100,14,0,14,114
07/30/2023,TLH,FL,ASO,ES,Combined TRACON& Tower with Radar,24,23,19,17,83,0,9,29,5,43,24,32,48,22,126,4,0,4,130
07/31/2023,TLH,FL,ASO,ES,Combined TRACON& Tower with Radar,24,33,26,28,111,0,16,37,6,59,24,49,63,34,170,106,2,108,278
08/01/2023,TLH,FL,ASO,ES,Combined TRACON& Tower with Radar,25,31,51,9,116,0,5,42,7,54,25,36,93,16,170,34,10,44,214
08/02/2023,TLH,FL,ASO,ES,Combined TRACON& Tower with Radar,24,35,34,53,146,0,8,49,17,74,24,43,83,70,220,34,24,58,278
08/03/2023,TLH,FL,ASO,ES,Combined TRACON& Tower with Radar,25,33,51,27,136,0,17,53,6,76,25,50,104,33,212,28,0,28,240
08/04/2023,TLH,FL,ASO,ES,Combined TRACON& Tower with Radar,25,20,23,29,97,0,7,35,10,52,25,27,58,39,149,42,8,50,199
08/05/2023,TLH,FL,ASO,ES,Combined TRACON& Tower with Radar,23,10,9,0,42,0,6,12,1,19,23,16,21,1,61,54,0,54,115
08/06/2023,TLH,FL,ASO,ES,Combined TRACON& Tower with Radar,26,13,44,18,101,0,7,24,4,35,26,20,68,22,136,18,0,18,154
08/07/2023,TLH,FL,ASO,ES,Combined TRACON& Tower with Radar,22,25,22,16,85,0,13,47,8,68,22,38,69,24,153,24,46,70,223
08/08/2023,TLH,FL,ASO,ES,Combined TRACON& Tower with Radar,26,28,40,11,105,0,6,46,11,63,26,34,86,22,168,46,0,46,214
08/09/2023,TLH,FL,ASO,ES,Combined TRACON& Tower with Radar,25,22,34,17,98,0,3,50,14,67,25,25,84,31,165,30,2,32,197
08/10/2023,TLH,FL,ASO,ES,Combined TRACON& Tower with Radar,26,24,28,25,103,0,13,49,16,78,26,37,77,41,181,78,0,78,259
08/11/2023,TLH,FL,ASO,ES,Combined TRACON& Tower with Radar,26,20,12,32,90,0,13,23,10,46,26,33,35,42,136,0,0,0,136
08/12/2023,TLH,FL,ASO,ES,Combined TRACON& Tower with Radar,22,19,8,6,55,0,9,23,0,32,22,28,31,6,87,70,0,70,157
08/13/2023,TLH,FL,ASO,ES,Combined TRACON& Tower with Radar,23,19,19,16,77,0,11,34,8,53,23,30,53,24,130,42,0,42,172
08/14/2023,TLH,FL,ASO,ES,Combined TRACON& Tower with Radar,23,20,35,4,82,0,3,22,5,30,23,23,57,9,112,30,0,30,142
08/15/2023,TLH,FL,ASO,ES,Combined TRACON& Tower with Radar,29,17,24,5,75,0,8,19,9,36,29,25,43,14,111,10,0,10,121
08/16/2023,TLH,FL,ASO,ES,Combined TRACON& Tower with Radar,29,20,27,18,94,0,3,16,8,27,29,23,43,26,121,32,6,38,159
08/17/2023,TLH,FL,ASO,ES,Combined TRACON& Tower with Radar,27,19,27,32,105,0,5,46,12,63,27,24,73,44,168,14,6,20,188
08/18/2023,TLH,FL,ASO,ES,Combined TRACON& Tower with Radar,29,23,13,29,94,0,2,57,14,73,29,25,70,43,167,40,0,40,207
08/19/2023,TLH,FL,ASO,ES,Combined TRACON& Tower with Radar,24,15,13,14,66,0,14,25,7,46,24,29,38,21,112,50,0,50,162
08/20/2023,TLH,FL,ASO,ES,Combined TRACON& Tower with Radar,28,14,21,0,63,0,3,36,6,45,28,17,57,6,108,54,0,54,162
08/21/2023,TLH,FL,ASO,ES,Combined TRACON& Tower with Radar,27,27,38,23,115,0,11,29,5,45,27,38,67,28,160,56,0,56,216
08/22/2023,TLH,FL,ASO,ES,Combined TRACON& Tower with Radar,28,27,27,19,101,0,43,49,8,100,28,70,76,27,201,14,0,14,215
08/23/2023,TLH,FL,ASO,ES,Combined TRACON& Tower with Radar,27,21,25,17,90,0,13,33,7,53,27,34,58,24,143,40,0,40,183
08/24/2023,TLH,FL,ASO,ES,Combined TRACON& Tower with Radar,30,26,38,12,106,0,9,59,6,74,30,35,97,18,180,8,0,8,188
08/25/2023,TLH,FL,ASO,ES,Combined TRACON& Tower with Radar,27,24,33,47,131,0,34,28,22,84,27,58,61,69,215,52,0,52,267
08/26/2023,TLH,FL,ASO,ES,Combined TRACON& Tower with Radar,23,19,20,5,67,0,9,40,3,52,23,28,60,8,119,20,0,20,139
08/27/2023,TLH,FL,ASO,ES,Combined TRACON& Tower with Radar,27,15,27,1,70,0,5,22,17,44,27,20,49,18,114,70,0,70,184
08/28/2023,TLH,FL,ASO,ES,Combined TRACON& Tower with Radar,27,29,24,6,86,0,13,29,3,45,27,42,53,9,131,17,0,17,148
08/29/2023,TLH,FL,ASO,ES,Combined TRACON& Tower with Radar,28,16,19,2,65,0,0,4,3,7,28,16,23,5,72,0,0,0,72
08/30/2023,TLH,FL,ASO,ES,Combined TRACON& Tower with Radar,2,3,3,0,8,0,4,10,6,20,2,7,13,6,28,0,0,0,28
08/31/2023,TLH,FL,ASO,ES,Combined TRACON& Tower with Radar,20,19,39,3,81,0,6,55,9,70,20,25,94,12,151,6,0,6,157
01/01/2020,TLH,FL,ASO,ES,Combined TRACON& Tower with Radar,19,10,21,0,50,0,5,42,0,47,19,15,63,0,97,44,0,44,141
01/02/2020,TLH,FL,ASO,ES,Combined TRACON& Tower with Radar,25,31,18,2,76,0,7,30,1,38,25,38,48,3,114,28,0,28,142
01/03/2020,TLH,FL,ASO,ES,Combined TRACON& Tower with Radar,26,29,23,12,90,0,0,1,4,5,26,29,24,16,95,0,0,0,95
01/04/2020,TLH,FL,ASO,ES,Combined TRACON& Tower with Radar,27,21,26,9,83,0,6,17,3,26,27,27,43,12,109,0,0,0,109
01/05/2020,TLH,FL,ASO,ES,Combined TRACON& Tower with Radar,25,20,31,9,85,0,10,53,7,70,25,30,84,16,155,60,0,60,215
01/06/2020,TLH,FL,ASO,ES,Combined TRACON& Tower with Radar,34,24,41,13,112,0,15,46,1,62,34,39,87,14,174,24,10,34,208
01/07/2020,TLH,FL,ASO,ES,Combined TRACON& Tower with Radar,27,17,39,36,119,0,9,44,5,58,27,26,83,41,177,14,22,36,213
01/08/2020,TLH,FL,ASO,ES,Combined TRACON& Tower with Radar,32,18,48,23,121,0,9,46,2,57,32,27,94,25,178,80,4,84,262
01/09/2020,TLH,FL,ASO,ES,Combined TRACON& Tower with Radar,29,28,45,29,131,0,10,44,3,57,29,38,89,32,188,22,48,70,258
01/10/2020,TLH,FL,ASO,ES,Combined TRACON& Tower with Radar,27,30,53,69,179,0,8,46,20,74,27,38,99,89,253,30,8,38,291
01/11/2020,TLH,FL,ASO,ES,Combined TRACON& Tower with Radar,21,11,4,6,42,0,0,2,0,2,21,11,6,6,44,2,0,2,46
01/12/2020,TLH,FL,ASO,ES,Combined TRACON& Tower with Radar,27,23,24,4,78,0,0,0,0,0,27,23,24,4,78,0,0,0,78
01/13/2020,TLH,FL,ASO,ES,Combined TRACON& Tower with Radar,35,20,47,24,126,0,0,10,2,12,35,20,57,26,138,36,4,40,178
01/14/2020,TLH,FL,ASO,ES,Combined TRACON& Tower with Radar,32,29,54,62,177,0,3,32,6,41,32,32,86,68,218,44,50,94,312
01/15/2020,TLH,FL,ASO,ES,Combined TRACON& Tower with Radar,39,30,55,35,159,0,0,11,1,12,39,30,66,36,171,66,12,78,249
01/16/2020,TLH,FL,ASO,ES,Combined TRACON& Tower with Radar,33,31,69,30,163,0,2,10,0,12,33,33,79,30,175,30,8,38,213
01/17/2020,TLH,FL,ASO,ES,Combined TRACON& Tower with Radar,31,34,46,62,173,0,9,72,18,99,31,43,118,80,272,50,14,64,336
01/18/2020,TLH,FL,ASO,ES,Combined TRACON& Tower with Radar,19,9,25,10,63,0,5,46,1,52,19,14,71,11,115,0,0,0,115
01/19/2020,TLH,FL,ASO,ES,Combined TRACON& Tower with Radar,21,22,23,6,72,0,0,10,10,20,21,22,33,16,92,26,0,26,118
01/20/2020,TLH,FL,ASO,ES,Combined TRACON& Tower with Radar,27,28,51,4,110,0,8,49,3,60,27,36,100,7,170,64,0,64,234
01/21/2020,TLH,FL,ASO,ES,Combined TRACON& Tower with Radar,28,32,46,31,137,0,2,58,1,61,28,34,104,32,198,10,0,10,208
01/22/2020,TLH,FL,ASO,ES,Combined TRACON& Tower with Radar,29,27,56,48,160,0,7,66,2,75,29,34,122,50,235,38,44,82,317
01/23/2020,TLH,FL,ASO,ES,Combined TRACON& Tower with Radar,29,37,58,70,194,0,0,42,0,42,29,37,100,70,236,84,62,146,382
01/24/2020,TLH,FL,ASO,ES,Combined TRACON& Tower with Radar,30,28,40,33,131,0,3,10,20,33,30,31,50,53,164,10,0,10,174
01/25/2020,TLH,FL,ASO,ES,Combined TRACON& Tower with Radar,21,14,34,4,73,0,10,48,3,61,21,24,82,7,134,16,12,28,162
01/26/2020,TLH,FL,ASO,ES,Combined TRACON& Tower with Radar,28,20,36,34,118,0,6,38,28,72,28,26,74,62,190,76,20,96,286
01/27/2020,TLH,FL,ASO,ES,Combined TRACON& Tower with Radar,29,19,64,44,156,0,0,37,5,42,29,19,101,49,198,64,64,128,326
01/28/2020,TLH,FL,ASO,ES,Combined TRACON& Tower with Radar,27,31,62,47,167,0,3,63,4,70,27,34,125,51,237,52,72,124,361
01/29/2020,TLH,FL,ASO,ES,Combined TRACON& Tower with Radar,34,40,69,44,187,0,4,13,1,18,34,44,82,45,205,2,8,10,215
01/30/2020,TLH,FL,ASO,ES,Combined TRACON& Tower with Radar,29,39,70,31,169,0,4,45,2,51,29,43,115,33,220,16,0,16,236
01/31/2020,TLH,FL,ASO,ES,Combined TRACON& Tower with Radar,32,26,56,14,128,0,0,0,0,0,32,26,56,14,128,0,0,0,128
02/01/2020,TLH,FL,ASO,ES,Combined TRACON& Tower with Radar,23,13,30,2,68,0,0,6,0,6,23,13,36,2,74,0,0,0,74
02/02/2020,TLH,FL,ASO,ES,Combined TRACON& Tower with Radar,28,27,40,4,99,0,10,44,6,60,28,37,84,10,159,44,0,44,203
02/03/2020,TLH,FL,ASO,ES,Combined TRACON& Tower with Radar,30,41,73,53,197,0,10,71,6,87,30,51,144,59,284,48,28,76,360
02/04/2020,TLH,FL,ASO,ES,Combined TRACON& Tower with Radar,27,37,68,86,218,0,4,24,4,32,27,41,92,90,250,50,22,72,322
02/05/2020,TLH,FL,ASO,ES,Combined TRACON& Tower with Radar,37,30,47,22,136,0,2,3,1,6,37,32,50,23,142,2,0,2,144
02/06/2020,TLH,FL,ASO,ES,Combined TRACON& Tower with Radar,33,23,18,2,76,0,0,0,0,0,33,23,18,2,76,0,0,0,76
02/07/2020,TLH,FL,ASO,ES,Combined TRACON& Tower with Radar,31,34,34,85,184,0,8,53,8,69,31,42,87,93,253,30,8,38,291
02/08/2020,TLH,FL,ASO,ES,Combined TRACON& Tower with Radar,18,12,47,39,116,0,5,53,6,64,18,17,100,45,180,40,2,42,222
02/09/2020,TLH,FL,ASO,ES,Combined TRACON& Tower with Radar,28,19,43,22,112,0,22,56,15,93,28,41,99,37,205,26,0,26,231
02/10/2020,TLH,FL,ASO,ES,Combined TRACON& Tower with Radar,30,24,47,46,147,0,0,46,2,48,30,24,93,48,195,12,10,22,217
02/11/2020,TLH,FL,ASO,ES,Combined TRACON& Tower with Radar,31,22,73,40,166,0,0,13,1,14,31,22,86,41,180,12,14,26,206
02/12/2020,TLH,FL,ASO,ES,Combined TRACON& Tower with Radar,29,26,51,14,120,0,2,3,1,6,29,28,54,15,126,14,0,14,140
02/13/2020,TLH,FL,ASO,ES,Combined TRACON& Tower with Radar,31,31,48,3,113,0,0,3,0,3,31,31,51,3,116,0,0,0,116
02/14/2020,TLH,FL,ASO,ES,Combined TRACON& Tower with Radar,30,21,46,29,126,0,3,29,0,32,30,24,75,29,158,38,6,44,202
02/15/2020,TLH,FL,ASO,ES,Combined TRACON& Tower with Radar,20,9,27,3,59,0,4,64,13,81,20,13,91,16,140,56,16,72,212
02/16/2020,TLH,FL,ASO,ES,Combined TRACON& Tower with Radar,21,20,42,1,84,0,0,1,0,1,21,20,43,1,85,0,0,0,85
02/17/2020,TLH,FL,ASO,ES,Combined TRACON& Tower with Radar,29,25,40,2,96,0,0,0,0,0,29,25,40,2,96,0,0,0,96
02/18/2020,TLH,FL,ASO,ES,Combined TRACON& Tower with Radar,30,25,53,23,131,0,2,12,7,21,30,27,65,30,152,14,32,46,198
02/19/2020,TLH,FL,ASO,ES,Combined TRACON& Tower with Radar,27,30,67,104,228,0,3,34,6,43,27,33,101,110,271,104,78,182,453
02/20/2020,TLH,FL,ASO,ES,Combined TRACON& Tower with Radar,29,26,42,19,116,0,0,0,0,0,29,26,42,19,116,0,0,0,116
02/21/2020,TLH,FL,ASO,ES,Combined TRACON& Tower with Radar,31,27,41,19,118,0,4,32,10,46,31,31,73,29,164,4,0,4,168
02/22/2020,TLH,FL,ASO,ES,Combined TRACON& Tower with Radar,23,23,37,17,100,0,4,49,3,56,23,27,86,20,156,46,16,62,218
02/23/2020,TLH,FL,ASO,ES,Combined TRACON& Tower with Radar,28,21,31,16,96,0,19,61,8,88,28,40,92,24,184,20,0,20,204
02/24/2020,TLH,FL,ASO,ES,Combined TRACON& Tower with Radar,31,19,49,46,145,0,2,36,1,39,31,21,85,47,184,54,32,86,270
02/25/2020,TLH,FL,ASO,ES,Combined TRACON& Tower with Radar,29,30,28,12,99,0,0,2,3,5,29,30,30,15,104,0,0,0,104
02/26/2020,TLH,FL,ASO,ES,Combined TRACON& Tower with Radar,27,24,25,15,91,0,0,9,0,9,27,24,34,15,100,0,22,22,122
02/27/2020,TLH,FL,ASO,ES,Combined TRACON& Tower with Radar,31,34,72,22,159,0,11,56,7,74,31,45,128,29,233,40,46,86,319
02/28/2020,TLH,FL,ASO,ES,Combined TRACON& Tower with Radar,30,27,54,59,170,0,8,57,12,77,30,35,111,71,247,26,30,56,303
02/29/2020,TLH,FL,ASO,ES,Combined TRACON& Tower with Radar,24,10,26,13,73,0,10,55,5,70,24,20,81,18,143,10,30,40,183
03/01/2020,TLH,FL,ASO,ES,Combined TRACON& Tower with Radar,28,22,52,21,123,0,12,50,9,71,28,34,102,30,194,20,18,38,232
03/02/2020,TLH,FL,ASO,ES,Combined TRACON& Tower with Radar,30,23,55,65,173,0,0,30,5,35,30,23,85,70,208,62,18,80,288
03/03/2020,TLH,FL,ASO,ES,Combined TRACON& Tower with Radar,28,16,44,36,124,0,2,13,3,18,28,18,57,39,142,16,0,16,158
03/04/2020,TLH,FL,ASO,ES,Combined TRACON& Tower with Radar,29,20,31,12,92,0,6,2,1,9,29,26,33,13,101,0,22,22,123
03/05/2020,TLH,FL,ASO,ES,Combined TRACON& Tower with Radar,31,25,31,14,101,0,0,1,0,1,31,25,32,14,102,0,0,0,102
03/06/2020,TLH,FL,ASO,ES,Combined TRACON& Tower with Radar,31,26,59,54,170,0,9,55,6,70,31,35,114,60,240,12,25,37,277
03/07/2020,TLH,FL,ASO,ES,Combined TRACON& Tower with Radar,21,14,40,10,85,0,4,62,3,69,21,18,102,13,154,42,8,50,204
03/08/2020,TLH,FL,ASO,ES,Combined TRACON& Tower with Radar,31,13,44,13,101,0,6,47,12,65,31,19,91,25,166,6,0,6,172
03/09/2020,TLH,FL,ASO,ES,Combined TRACON& Tower with Radar,28,23,45,32,128,0,6,39,7,52,28,29,84,39,180,48,6,54,234
03/10/2020,TLH,FL,ASO,ES,Combined TRACON& Tower with Radar,31,27,50,70,178,0,3,48,2,53,31,30,98,72,231,22,73,95,326
03/11/2020,TLH,FL,ASO,ES,Combined TRACON& Tower with Radar,26,24,48,54,152,0,6,24,2,32,26,30,72,56,184,2,18,20,204
03/12/2020,TLH,FL,ASO,ES,Combined TRACON& Tower with Radar,28,23,41,45,137,0,1,38,1,40,28,24,79,46,177,22,0,22,199
03/13/2020,TLH,FL,ASO,ES,Combined TRACON& Tower with Radar,30,27,30,62,149,0,2,35,12,49,30,29,65,74,198,30,26,56,254
03/14/2020,TLH,FL,ASO,ES,Combined TRACON& Tower with Radar,21,15,32,7,75,0,4,36,3,43,21,19,68,10,118,44,0,44,162
03/15/2020,TLH,FL,ASO,ES,Combined TRACON& Tower with Radar,27,21,30,55,133,0,1,30,14,45,27,22,60,69,178,18,0,18,196
03/16/2020,TLH,FL,ASO,ES,Combined TRACON& Tower with Radar,29,31,24,67,151,0,2,32,2,36,29,33,56,69,187,6,44,50,237
03/17/2020,TLH,FL,ASO,ES,Combined TRACON& Tower with Radar,26,23,21,22,92,0,0,19,0,19,26,23,40,22,111,18,26,44,155
03/18/2020,TLH,FL,ASO,ES,Combined TRACON& Tower with Radar,28,22,27,40,117,0,2,31,3,36,28,24,58,43,153,12,98,110,263
03/19/2020,TLH,FL,ASO,ES,Combined TRACON& Tower with Radar,24,23,27,21,95,0,7,40,6,53,24,30,67,27,148,10,46,56,204
03/20/2020,TLH,FL,ASO,ES,Combined TRACON& Tower with Radar,26,22,19,37,104,0,3,36,5,44,26,25,55,42,148,24,44,68,216
03/21/2020,TLH,FL,ASO,ES,Combined TRACON& Tower with Radar,21,14,26,7,68,0,0,23,0,23,21,14,49,7,91,24,0,24,115
03/22/2020,TLH,FL,ASO,ES,Combined TRACON& Tower with Radar,25,20,23,14,82,0,0,13,2,15,25,20,36,16,97,0,0,0,97
03/23/2020,TLH,FL,ASO,ES,Combined TRACON& Tower with Radar,24,19,11,9,63,0,0,11,0,11,24,19,22,9,74,16,0,16,90
03/24/2020,TLH,FL,ASO,ES,Combined TRACON& Tower with Radar,20,16,25,19,80,0,9,12,7,28,20,25,37,26,108,0,8,8,116
03/25/2020,TLH,FL,ASO,ES,Combined TRACON& Tower with Radar,16,18,28,34,96,0,5,27,4,36,16,23,55,38,132,8,6,14,146
03/26/2020,TLH,FL,ASO,ES,Combined TRACON& Tower with Radar,17,35,25,34,111,0,11,21,0,32,17,46,46,34,143,5,53,58,201
03/27/2020,TLH,FL,ASO,ES,Combined TRACON& Tower with Radar,23,22,27,14,86,0,7,35,1,43,23,29,62,15,129,0,0,0,129
03/28/2020,TLH,FL,ASO,ES,Combined TRACON& Tower with Radar,13,6,13,16,48,0,0,31,3,34,13,6,44,19,82,0,0,0,82
03/29/2020,TLH,FL,ASO,ES,Combined TRACON& Tower with Radar,13,12,39,2,66,0,4,14,0,18,13,16,53,2,84,14,0,14,98
03/30/2020,TLH,FL,ASO,ES,Combined TRACON& Tower with Radar,17,11,13,21,62,0,4,30,2,36,17,15,43,23,98,50,14,64,162
03/31/2020,TLH,FL,ASO,ES,Combined TRACON& Tower with Radar,16,14,4,13,47,0,2,4,1,7,16,16,8,14,54,0,28,28,82
04/01/2020,TLH,FL,ASO,ES,Combined TRACON& Tower with Radar,13,15,26,18,72,0,4,43,2,49,13,19,69,20,121,72,6,78,199
04/02/2020,TLH,FL,ASO,ES,Combined TRACON& Tower with Radar,15,13,20,5,53,0,2,38,0,40,15,15,58,5,93,32,0,32,125
04/03/2020,TLH,FL,ASO,ES,Combined TRACON& Tower with Radar,15,16,15,6,52,0,6,23,0,29,15,22,38,6,81,22,0,22,103
04/04/2020,TLH,FL,ASO,ES,Combined TRACON& Tower with Radar,11,5,11,2,29,0,6,30,0,36,11,11,41,2,65,26,0,26,91
04/05/2020,TLH,FL,ASO,ES,Combined TRACON& Tower with Radar,13,5,22,0,40,0,0,15,0,15,13,5,37,0,55,0,0,0,55
04/06/2020,TLH,FL,ASO,ES,Combined TRACON& Tower with Radar,13,7,23,12,55,0,1,30,1,32,13,8,53,13,87,42,16,58,145
04/07/2020,TLH,FL,ASO,ES,Combined TRACON& Tower with Radar,13,11,18,35,77,0,2,26,0,28,13,13,44,35,105,2,22,24,129
04/08/2020,TLH,FL,ASO,ES,Combined TRACON& Tower with Radar,15,9,18,15,57,0,2,14,0,16,15,11,32,15,73,10,8,18,91
04/09/2020,TLH,FL,ASO,ES,Combined TRACON& Tower with Radar,16,9,19,17,61,0,2,23,0,25,16,11,42,17,86,25,31,56,142
04/10/2020,TLH,FL,ASO,ES,Combined TRACON& Tower with Radar,15,2,25,0,42,0,2,19,0,21,15,4,44,0,63,6,0,6,69
04/11/2020,TLH,FL,ASO,ES,Combined TRACON& Tower with Radar,10,2,34,0,46,0,0,28,1,29,10,2,62,1,75,0,0,0,75
04/12/2020,TLH,FL,ASO,ES,Combined TRACON& Tower with Radar,11,2,0,0,13,0,0,4,0,4,11,2,4,0,17,0,0,0,17
04/13/2020,TLH,FL,ASO,ES,Combined TRACON& Tower with Radar,11,4,20,36,71,0,2,13,2,17,11,6,33,38,88,0,0,0,88
04/14/2020,TLH,FL,ASO,ES,Combined TRACON& Tower with Radar,14,7,10,0,31,0,1,6,0,7,14,8,16,0,38,16,0,16,54
04/15/2020,TLH,FL,ASO,ES,Combined TRACON& Tower with Radar,13,6,14,29,62,0,4,5,0,9,13,10,19,29,71,0,8,8,79
04/16/2020,TLH,FL,ASO,ES,Combined TRACON& Tower with Radar,12,12,17,4,45,0,8,35,4,47,12,20,52,8,92,12,6,18,110
04/17/2020,TLH,FL,ASO,ES,Combined TRACON& Tower with Radar,16,6,28,1,51,0,2,37,1,40,16,8,65,2,91,0,0,0,91
04/18/2020,TLH,FL,ASO,ES,Combined TRACON& Tower with Radar,8,4,12,2,26,0,1,2,0,3,8,5,14,2,29,4,0,4,33
04/19/2020,TLH,FL,ASO,ES,Combined TRACON& Tower with Radar,8,3,7,0,18,0,0,8,0,8,8,3,15,0,26,0,0,0,26
04/20/2020,TLH,FL,ASO,ES,Combined TRACON& Tower with Radar,10,4,28,12,54,0,4,13,2,19,10,8,41,14,73,0,2,2,75
04/21/2020,TLH,FL,ASO,ES,Combined TRACON& Tower with Radar,11,11,35,21,78,0,2,33,4,39,11,13,68,25,117,38,16,54,171
04/22/2020,TLH,FL,ASO,ES,Combined TRACON& Tower with Radar,8,11,25,37,81,0,2,24,6,32,8,13,49,43,113,24,16,40,153
04/23/2020,TLH,FL,ASO,ES,Combined TRACON& Tower with Radar,6,1,8,0,15,0,0,5,0,5,6,1,13,0,20,0,0,0,20
04/24/2020,TLH,FL,ASO,ES,Combined TRACON& Tower with Radar,7,5,10,28,50,0,4,11,0,15,7,9,21,28,65,18,0,18,83
04/25/2020,TLH,FL,ASO,ES,Combined TRACON& Tower with Radar,6,1,24,8,39,0,0,16,0,16,6,1,40,8,55,6,8,14,69
04/26/2020,TLH,FL,ASO,ES,Combined TRACON& Tower with Radar,6,6,22,5,39,0,0,14,1,15,6,6,36,6,54,0,0,0,54
04/27/2020,TLH,FL,ASO,ES,Combined TRACON& Tower with Radar,5,15,18,26,64,0,2,40,2,44,5,17,58,28,108,28,0,28,136
04/28/2020,TLH,FL,ASO,ES,Combined TRACON& Tower with Radar,7,9,29,24,69,0,4,35,0,39,7,13,64,24,108,36,20,56,164
04/29/2020,TLH,FL,ASO,ES,Combined TRACON& Tower with Radar,7,5,16,0,28,0,4,4,0,8,7,9,20,0,36,14,0,14,50
04/30/2020,TLH,FL,ASO,ES,Combined TRACON& Tower with Radar,7,14,22,27,70,0,5,26,5,36,7,19,48,32,106,0,4,4,110
05/01/2020,TLH,FL,ASO,ES,Combined TRACON& Tower with Radar,11,6,33,20,70,0,6,42,2,50,11,12,75,22,120,20,2,22,142
05/02/2020,TLH,FL,ASO,ES,Combined TRACON& Tower with Radar,5,8,16,4,33,0,4,26,0,30,5,12,42,4,63,0,6,6,69
05/03/2020,TLH,FL,ASO,ES,Combined TRACON& Tower with Radar,7,5,29,14,55,0,0,25,2,27,7,5,54,16,82,18,0,18,100
05/04/2020,TLH,FL,ASO,ES,Combined TRACON& Tower with Radar,6,5,8,5,24,0,2,22,4,28,6,7,30,9,52,0,12,12,64
05/05/2020,TLH,FL,ASO,ES,Combined TRACON& Tower with Radar,5,9,31,45,90,0,2,16,0,18,5,11,47,45,108,6,0,6,114
05/06/2020,TLH,FL,ASO,ES,Combined TRACON& Tower with Radar,11,6,17,34,68,0,0,19,2,21,11,6,36,36,89,6,22,28,117
05/07/2020,TLH,FL,ASO,ES,Combined TRACON& Tower with Radar,8,12,34,25,79,0,4,42,4,50,8,16,76,29,129,4,4,8,137
05/08/2020,TLH,FL,ASO,ES,Combined TRACON& Tower with Radar,9,8,21,25,63,0,2,23,1,26,9,10,44,26,89,0,0,0,89
05/09/2020,TLH,FL,ASO,ES,Combined TRACON& Tower with Radar,10,1,29,10,50,0,1,35,5,41,10,2,64,15,91,18,0,18,109
05/10/2020,TLH,FL,ASO,ES,Combined TRACON& Tower with Radar,7,0,13,0,20,0,0,24,0,24,7,0,37,0,44,0,0,0,44
05/11/2020,TLH,FL,ASO,ES,Combined TRACON& Tower with Radar,8,7,30,36,81,0,6,34,12,52,8,13,64,48,133,10,12,22,155
05/12/2020,TLH,FL,ASO,ES,Combined TRACON& Tower with Radar,9,3,16,50,78,0,7,54,2,63,9,10,70,52,141,38,12,50,191
05/13/2020,TLH,FL,ASO,ES,Combined TRACON& Tower with Radar,9,21,36,29,95,0,8,41,10,59,9,29,77,39,154,40,28,68,222
05/14/2020,TLH,FL,ASO,ES,Combined TRACON& Tower with Radar,10,16,33,36,95,0,6,40,10,56,10,22,73,46,151,72,8,80,231
05/15/2020,TLH,FL,ASO,ES,Combined TRACON& Tower with Radar,8,12,20,36,76,0,5,50,22,77,8,17,70,58,153,78,34,112,265
05/16/2020,TLH,FL,ASO,ES,Combined TRACON& Tower with Radar,9,11,21,4,45,0,3,22,4,29,9,14,43,8,74,2,0,2,76
05/17/2020,TLH,FL,ASO,ES,Combined TRACON& Tower with Radar,7,7,28,4,46,0,0,17,4,21,7,7,45,8,67,26,10,36,103
05/18/2020,TLH,FL,ASO,ES,Combined TRACON& Tower with Radar,9,7,11,7,34,0,2,5,0,7,9,9,16,7,41,18,0,18,59
05/19/2020,TLH,FL,ASO,ES,Combined TRACON& Tower with Radar,8,6,31,62,107,0,2,45,0,47,8,8,76,62,154,56,36,92,246
05/20/2020,TLH,FL,ASO,ES,Combined TRACON& Tower with Radar,7,2,20,0,29,0,0,6,0,6,7,2,26,0,35,0,0,0,35
05/21/2020,TLH,FL,ASO,ES,Combined TRACON& Tower with Radar,9,11,33,35,88,0,4,12,1,17,9,15,45,36,105,40,38,78,183
05/22/2020,TLH,FL,ASO,ES,Combined TRACON& Tower with Radar,10,7,42,0,59,0,0,40,0,40,10,7,82,0,99,30,0,30,129
05/23/2020,TLH,FL,ASO,ES,Combined TRACON& Tower with Radar,9,2,20,0,31,0,1,29,1,31,9,3,49,1,62,22,0,22,84
05/24/2020,TLH,FL,ASO,ES,Combined TRACON& Tower with Radar,9,2,24,0,35,0,8,22,0,30,9,10,46,0,65,16,0,16,81
05/25/2020,TLH,FL,ASO,ES,Combined TRACON& Tower with Radar,9,10,11,0,30,0,1,8,0,9,9,11,19,0,39,44,0,44,83
05/26/2020,TLH,FL,ASO,ES,Combined TRACON& Tower with Radar,9,5,25,9,48,0,0,5,1,6,9,5,30,10,54,36,0,36,90
05/27/2020,TLH,FL,ASO,ES,Combined TRACON& Tower with Radar,14,6,22,23,65,0,2,12,0,14,14,8,34,23,79,0,0,0,79
05/28/2020,TLH,FL,ASO,ES,Combined TRACON& Tower with Radar,10,3,16,8,37,0,0,25,0,25,10,3,41,8,62,22,6,28,90
05/29/2020,TLH,FL,ASO,ES,Combined TRACON& Tower with Radar,12,4,25,5,46,0,3,8,1,12,12,7,33,6,58,24,0,24,82
05/30/2020,TLH,FL,ASO,ES,Combined TRACON& Tower with Radar,9,10,17,6,42,0,2,26,4,32,9,12,43,10,74,12,0,12,86
05/31/2020,TLH,FL,ASO,ES,Combined TRACON& Tower with Radar,9,11,22,4,46,0,3,38,1,42,9,14,60,5,88,20,0,20,108
06/01/2020,TLH,FL,ASO,ES,Combined TRACON& Tower with Radar,10,12,17,28,67,0,5,32,4,41,10,17,49,32,108,55,16,71,179
06/02/2020,TLH,FL,ASO,ES,Combined TRACON& Tower with Radar,10,8,29,6,53,0,0,48,1,49,10,8,77,7,102,20,10,30,132
06/03/2020,TLH,FL,ASO,ES,Combined TRACON& Tower with Radar,11,6,30,8,55,0,0,23,2,25,11,6,53,10,80,16,16,32,112
06/04/2020,TLH,FL,ASO,ES,Combined TRACON& Tower with Radar,10,10,22,29,71,0,0,29,8,37,10,10,51,37,108,24,0,24,132
06/05/2020,TLH,FL,ASO,ES,Combined TRACON& Tower with Radar,10,5,14,33,62,0,0,21,6,27,10,5,35,39,89,20,12,32,121
06/06/2020,TLH,FL,ASO,ES,Combined TRACON& Tower with Radar,10,7,6,0,23,0,0,0,0,0,10,7,6,0,23,0,0,0,23
06/07/2020,TLH,FL,ASO,ES,Combined TRACON& Tower with Radar,9,7,7,0,23,0,0,1,0,1,9,7,8,0,24,0,0,0,24
06/08/2020,TLH,FL,ASO,ES,Combined TRACON& Tower with Radar,9,11,20,37,77,0,2,6,1,9,9,13,26,38,86,0,0,0,86
06/09/2020,TLH,FL,ASO,ES,Combined TRACON& Tower with Radar,10,9,8,0,27,0,0,3,0,3,10,9,11,0,30,0,0,0,30
06/10/2020,TLH,FL,ASO,ES,Combined TRACON& Tower with Radar,10,6,27,22,65,0,2,31,2,35,10,8,58,24,100,20,4,24,124
06/11/2020,TLH,FL,ASO,ES,Combined TRACON& Tower with Radar,10,11,36,10,67,0,0,13,0,13,10,11,49,10,80,0,0,0,80
06/12/2020,TLH,FL,ASO,ES,Combined TRACON& Tower with Radar,9,5,29,17,60,0,0,32,0,32,9,5,61,17,92,66,12,78,170
06/13/2020,TLH,FL,ASO,ES,Combined TRACON& Tower with Radar,9,7,12,0,28,0,1,21,1,23,9,8,33,1,51,18,0,18,69
06/14/2020,TLH,FL,ASO,ES,Combined TRACON& Tower with Radar,9,14,32,8,63,0,2,33,9,44,9,16,65,17,107,0,0,0,107
06/15/2020,TLH,FL,ASO,ES,Combined TRACON& Tower with Radar,9,13,23,30,75,0,0,56,1,57,9,13,79,31,132,34,0,34,166
06/16/2020,TLH,FL,ASO,ES,Combined TRACON& Tower with Radar,10,14,39,42,105,0,6,42,4,52,10,20,81,46,157,54,32,86,243
06/17/2020,TLH,FL,ASO,ES,Combined TRACON& Tower with Radar,9,7,29,31,76,0,10,41,3,54,9,17,70,34,130,64,12,76,206
06/18/2020,TLH,FL,ASO,ES,Combined TRACON& Tower with Radar,10,15,31,46,102,0,4,32,11,47,10,19,63,57,149,56,28,84,233
06/19/2020,TLH,FL,ASO,ES,Combined TRACON& Tower with Radar,9,12,34,11,66,0,1,45,4,50,9,13,79,15,116,22,0,22,138
06/20/2020,TLH,FL,ASO,ES,Combined TRACON& Tower with Radar,9,6,28,15,58,0,5,40,9,54,9,11,68,24,112,16,0,16,128
06/21/2020,TLH,FL,ASO,ES,Combined TRACON& Tower with Radar,9,4,25,21,59,0,4,32,4,40,9,8,57,25,99,4,6,10,109
06/22/2020,TLH,FL,ASO,ES,Combined TRACON& Tower with Radar,9,9,24,14,56,0,4,49,2,55,9,13,73,16,111,12,0,12,123
06/23/2020,TLH,FL,ASO,ES,Combined TRACON& Tower with Radar,9,8,26,10,53,0,0,22,0,22,9,8,48,10,75,18,4,22,97
06/24/2020,TLH,FL,ASO,ES,Combined TRACON& Tower with Radar,9,10,22,8,49,0,0,24,0,24,9,10,46,8,73,14,0,14,87
06/25/2020,TLH,FL,ASO,ES,Combined TRACON& Tower with Radar,10,16,45,12,83,0,2,31,0,33,10,18,76,12,116,8,0,8,124
06/26/2020,TLH,FL,ASO,ES,Combined TRACON& Tower with Radar,11,12,27,32,82,0,1,22,2,25,11,13,49,34,107,38,0,38,145
06/27/2020,TLH,FL,ASO,ES,Combined TRACON& Tower with Radar,9,7,16,0,32,0,0,28,0,28,9,7,44,0,60,20,0,20,80
06/28/2020,TLH,FL,ASO,ES,Combined TRACON& Tower with Radar,9,3,18,34,64,0,2,18,2,22,9,5,36,36,86,0,0,0,86
06/29/2020,TLH,FL,ASO,ES,Combined TRACON& Tower with Radar,12,10,31,2,55,0,2,28,0,30,12,12,59,2,85,16,0,16,101
06/30/2020,TLH,FL,ASO,ES,Combined TRACON& Tower with Radar,10,5,35,11,61,0,0,24,2,26,10,5,59,13,87,72,0,72,159
07/01/2020,TLH,FL,ASO,ES,Combined TRACON& Tower with Radar,9,8,29,16,62,0,0,21,0,21,9,8,50,16,83,26,40,66,149
07/02/2020,TLH,FL,ASO,ES,Combined TRACON& Tower with Radar,13,10,25,14,62,0,0,22,1,23,13,10,47,15,85,26,20,46,131
07/03/2020,TLH,FL,ASO,ES,Combined TRACON& Tower with Radar,11,5,14,0,30,0,0,11,0,11,11,5,25,0,41,32,0,32,73
07/04/2020,TLH,FL,ASO,ES,Combined TRACON& Tower with Radar,9,3,1,0,13,0,0,9,0,9,9,3,10,0,22,0,0,0,22
07/05/2020,TLH,FL,ASO,ES,Combined TRACON& Tower with Radar,10,6,16,0,32,0,0,3,0,3,10,6,19,0,35,20,0,20,55
07/06/2020,TLH,FL,ASO,ES,Combined TRACON& Tower with Radar,11,10,9,0,30,0,2,10,0,12,11,12,19,0,42,0,0,0,42
07/07/2020,TLH,FL,ASO,ES,Combined TRACON& Tower with Radar,13,6,15,1,35,0,0,3,0,3,13,6,18,1,38,0,0,0,38
07/08/2020,TLH,FL,ASO,ES,Combined TRACON& Tower with Radar,12,10,35,66,123,0,0,14,1,15,12,10,49,67,138,4,12,16,154
07/09/2020,TLH,FL,ASO,ES,Combined TRACON& Tower with Radar,14,13,14,8,49,0,3,38,0,41,14,16,52,8,90,14,0,14,104
07/10/2020,TLH,FL,ASO,ES,Combined TRACON& Tower with Radar,16,12,25,22,75,0,0,37,0,37,16,12,62,22,112,0,0,0,112
07/11/2020,TLH,FL,ASO,ES,Combined TRACON& Tower with Radar,14,9,13,18,54,0,3,29,7,39,14,12,42,25,93,0,0,0,93
07/12/2020,TLH,FL,ASO,ES,Combined TRACON& Tower with Radar,14,6,27,2,49,0,16,34,2,52,14,22,61,4,101,28,0,28,129
07/13/2020,TLH,FL,ASO,ES,Combined TRACON& Tower with Radar,16,12,12,29,69,0,2,30,4,36,16,14,42,33,105,26,10,36,141
07/14/2020,TLH,FL,ASO,ES,Combined TRACON& Tower with Radar,14,11,23,10,58,0,1,21,3,25,14,12,44,13,83,54,0,54,137
07/15/2020,TLH,FL,ASO,ES,Combined TRACON& Tower with Radar,14,11,19,31,75,0,0,23,13,36,14,11,42,44,111,44,18,62,173
07/16/2020,TLH,FL,ASO,ES,Combined TRACON& Tower with Radar,15,8,26,23,72,0,1,45,8,54,15,9,71,31,126,44,6,50,176
07/17/2020,TLH,FL,ASO,ES,Combined TRACON& Tower with Radar,16,11,36,12,75,0,3,37,0,40,16,14,73,12,115,20,8,28,143
07/18/2020,TLH,FL,ASO,ES,Combined TRACON& Tower with Radar,14,9,25,2,50,0,4,31,0,35,14,13,56,2,85,18,0,18,103
07/19/2020,TLH,FL,ASO,ES,Combined TRACON& Tower with Radar,14,6,21,20,61,0,3,14,13,30,14,9,35,33,91,10,5,15,106
07/20/2020,TLH,FL,ASO,ES,Combined TRACON& Tower with Radar,14,14,32,3,63,0,2,30,3,35,14,16,62,6,98,32,0,32,130
07/21/2020,TLH,FL,ASO,ES,Combined TRACON& Tower with Radar,12,11,18,4,45,0,2,25,0,27,12,13,43,4,72,8,0,8,80
07/22/2020,TLH,FL,ASO,ES,Combined TRACON& Tower with Radar,16,11,20,15,62,0,4,29,4,37,16,15,49,19,99,49,0,49,148
07/23/2020,TLH,FL,ASO,ES,Combined TRACON& Tower with Radar,11,11,21,8,51,0,0,12,0,12,11,11,33,8,63,0,0,0,63
07/24/2020,TLH,FL,ASO,ES,Combined TRACON& Tower with Radar,16,11,18,27,72,0,2,22,3,27,16,13,40,30,99,64,12,76,175
07/25/2020,TLH,FL,ASO,ES,Combined TRACON& Tower with Radar,14,4,22,18,58,0,1,20,2,23,14,5,42,20,81,10,0,10,91
07/26/2020,TLH,FL,ASO,ES,Combined TRACON& Tower with Radar,12,0,19,17,48,0,0,14,3,17,12,0,33,20,65,8,0,8,73
07/27/2020,TLH,FL,ASO,ES,Combined TRACON& Tower with Radar,14,9,28,5,56,0,0,31,1,32,14,9,59,6,88,40,0,40,128
07/28/2020,TLH,FL,ASO,ES,Combined TRACON& Tower with Radar,13,6,20,1,40,0,0,20,1,21,13,6,40,2,61,0,0,0,61
07/29/2020,TLH,FL,ASO,ES,Combined TRACON& Tower with Radar,12,5,30,21,68,0,0,33,1,34,12,5,63,22,102,58,0,58,160
07/30/2020,TLH,FL,ASO,ES,Combined TRACON& Tower with Radar,13,11,27,27,78,0,0,29,2,31,13,11,56,29,109,42,54,96,205
07/31/2020,TLH,FL,ASO,ES,Combined TRACON& Tower with Radar,13,10,40,27,90,0,0,17,4,21,13,10,57,31,111,48,52,100,211
08/01/2020,TLH,FL,ASO,ES,Combined TRACON& Tower with Radar,14,4,12,6,36,0,0,26,1,27,14,4,38,7,63,32,0,32,95
08/02/2020,TLH,FL,ASO,ES,Combined TRACON& Tower with Radar,14,2,22,8,46,0,0,23,0,23,14,2,45,8,69,64,2,66,135
08/03/2020,TLH,FL,ASO,ES,Combined TRACON& Tower with Radar,17,11,26,20,74,0,1,31,3,35,17,12,57,23,109,16,6,22,131
08/04/2020,TLH,FL,ASO,ES,Combined TRACON& Tower with Radar,16,7,22,16,61,0,4,36,4,44,16,11,58,20,105,20,12,32,137
08/05/2020,TLH,FL,ASO,ES,Combined TRACON& Tower with Radar,14,7,26,21,68,0,0,51,5,56,14,7,77,26,124,78,32,110,234
08/06/2020,TLH,FL,ASO,ES,Combined TRACON& Tower with Radar,15,10,31,27,83,0,1,29,3,33,15,11,60,30,116,14,4,18,134
08/07/2020,TLH,FL,ASO,ES,Combined TRACON& Tower with Radar,15,10,31,5,61,0,0,41,3,44,15,10,72,8,105,0,0,0,105
08/08/2020,TLH,FL,ASO,ES,Combined TRACON& Tower with Radar,14,9,17,2,42,0,0,38,2,40,14,9,55,4,82,0,0,0,82
08/09/2020,TLH,FL,ASO,ES,Combined TRACON& Tower with Radar,14,9,29,1,53,0,20,26,1,47,14,29,55,2,100,2,0,2,102
08/10/2020,TLH,FL,ASO,ES,Combined TRACON& Tower with Radar,15,10,29,9,63,0,0,22,7,29,15,10,51,16,92,8,0,8,100
08/11/2020,TLH,FL,ASO,ES,Combined TRACON& Tower with Radar,12,12,25,8,57,0,0,25,2,27,12,12,50,10,84,58,22,80,164
08/12/2020,TLH,FL,ASO,ES,Combined TRACON& Tower with Radar,17,10,37,49,113,0,0,54,5,59,17,10,91,54,172,58,46,104,276
08/13/2020,TLH,FL,ASO,ES,Combined TRACON& Tower with Radar,16,6,25,36,83,0,0,21,8,29,16,6,46,44,112,2,50,52,164
08/14/2020,TLH,FL,ASO,ES,Combined TRACON& Tower with Radar,15,9,27,8,59,0,0,34,0,34,15,9,61,8,93,14,0,14,107
08/15/2020,TLH,FL,ASO,ES,Combined TRACON& Tower with Radar,14,3,12,0,29,0,1,28,0,29,14,4,40,0,58,6,0,6,64
08/16/2020,TLH,FL,ASO,ES,Combined TRACON& Tower with Radar,13,5,34,32,84,0,0,37,4,41,13,5,71,36,125,18,0,18,143
08/17/2020,TLH,FL,ASO,ES,Combined TRACON& Tower with Radar,14,12,24,11,61,0,0,31,1,32,14,12,55,12,93,10,16,26,119
08/18/2020,TLH,FL,ASO,ES,Combined TRACON& Tower with Radar,14,7,20,30,71,0,1,27,0,28,14,8,47,30,99,8,16,24,123
08/19/2020,TLH,FL,ASO,ES,Combined TRACON& Tower with Radar,14,10,29,23,76,0,0,32,2,34,14,10,61,25,110,4,22,26,136
08/20/2020,TLH,FL,ASO,ES,Combined TRACON& Tower with Radar,15,10,34,2,61,0,0,21,0,21,15,10,55,2,82,22,0,22,104
08/21/2020,TLH,FL,ASO,ES,Combined TRACON& Tower with Radar,16,6,25,15,62,0,0,18,0,18,16,6,43,15,80,0,0,0,80
08/22/2020,TLH,FL,ASO,ES,Combined TRACON& Tower with Radar,15,2,13,1,31,0,0,12,2,14,15,2,25,3,45,0,0,0,45
08/23/2020,TLH,FL,ASO,ES,Combined TRACON& Tower with Radar,14,8,22,0,44,0,1,9,0,10,14,9,31,0,54,0,0,0,54
08/24/2020,TLH,FL,ASO,ES,Combined TRACON& Tower with Radar,19,11,17,13,60,0,1,4,1,6,19,12,21,14,66,0,0,0,66
08/25/2020,TLH,FL,ASO,ES,Combined TRACON& Tower with Radar,15,10,33,59,117,0,0,27,4,31,15,10,60,63,148,24,0,24,172
08/26/2020,TLH,FL,ASO,ES,Combined TRACON& Tower with Radar,15,6,22,20,63,0,0,30,1,31,15,6,52,21,94,37,0,37,131
08/27/2020,TLH,FL,ASO,ES,Combined TRACON& Tower with Radar,16,8,17,49,90,0,0,22,2,24,16,8,39,51,114,16,34,50,164
08/28/2020,TLH,FL,ASO,ES,Combined TRACON& Tower with Radar,16,10,23,50,99,0,3,39,13,55,16,13,62,63,154,22,28,50,204
08/29/2020,TLH,FL,ASO,ES,Combined TRACON& Tower with Radar,15,2,6,1,24,0,0,2,0,2,15,2,8,1,26,22,0,22,48
08/30/2020,TLH,FL,ASO,ES,Combined TRACON& Tower with Radar,18,6,10,5,39,0,0,6,4,10,18,6,16,9,49,26,0,26,75
08/31/2020,TLH,FL,ASO,ES,Combined TRACON& Tower with Radar,18,8,15,24,65,0,0,15,2,17,18,8,30,26,82,104,56,160,242
09/01/2020,TLH,FL,ASO,ES,Combined TRACON& Tower with Radar,14,8,17,12,51,0,0,11,0,11,14,8,28,12,62,16,0,16,78
09/02/2020,TLH,FL,ASO,ES,Combined TRACON& Tower with Radar,15,11,34,33,93,0,0,40,3,43,15,11,74,36,136,42,38,80,216
09/03/2020,TLH,FL,ASO,ES,Combined TRACON& Tower with Radar,16,8,30,26,80,0,1,45,3,49,16,9,75,29,129,40,18,58,187
09/04/2020,TLH,FL,ASO,ES,Combined TRACON& Tower with Radar,17,8,38,15,78,0,4,50,3,57,17,12,88,18,135,90,40,130,265
09/05/2020,TLH,FL,ASO,ES,Combined TRACON& Tower with Radar,20,5,14,0,39,0,39,51,0,90,20,44,65,0,129,10,0,10,139
09/06/2020,TLH,FL,ASO,ES,Combined TRACON& Tower with Radar,14,6,8,0,28,0,5,21,1,27,14,11,29,1,55,0,0,0,55
09/07/2020,TLH,FL,ASO,ES,Combined TRACON& Tower with Radar,15,5,31,0,51,0,1,33,2,36,15,6,64,2,87,66,0,66,153
09/08/2020,TLH,FL,ASO,ES,Combined TRACON& Tower with Radar,16,10,22,40,88,0,0,22,1,23,16,10,44,41,111,54,12,66,177
09/09/2020,TLH,FL,ASO,ES,Combined TRACON& Tower with Radar,15,7,53,40,115,0,0,38,6,44,15,7,91,46,159,30,6,36,195
09/10/2020,TLH,FL,ASO,ES,Combined TRACON& Tower with Radar,18,9,28,16,71,0,0,11,2,13,18,9,39,18,84,12,4,16,100
09/11/2020,TLH,FL,ASO,ES,Combined TRACON& Tower with Radar,17,9,32,13,71,0,0,8,3,11,17,9,40,16,82,14,0,14,96
09/12/2020,TLH,FL,ASO,ES,Combined TRACON& Tower with Radar,16,5,35,10,66,0,0,11,4,15,16,5,46,14,81,12,10,22,103
09/13/2020,TLH,FL,ASO,ES,Combined TRACON& Tower with Radar,20,12,17,0,49,0,0,2,0,2,20,12,19,0,51,0,0,0,51
09/14/2020,TLH,FL,ASO,ES,Combined TRACON& Tower with Radar,17,5,7,6,35,0,0,4,0,4,17,5,11,6,39,10,0,10,49
09/15/2020,TLH,FL,ASO,ES,Combined TRACON& Tower with Radar,16,7,14,0,37,0,0,0,0,0,16,7,14,0,37,0,0,0,37
09/16/2020,TLH,FL,ASO,ES,Combined TRACON& Tower with Radar,16,2,15,0,33,0,0,0,0,0,16,2,15,0,33,0,0,0,33
09/17/2020,TLH,FL,ASO,ES,Combined TRACON& Tower with Radar,16,7,26,19,68,0,0,3,3,6,16,7,29,22,74,10,0,10,84
09/18/2020,TLH,FL,ASO,ES,Combined TRACON& Tower with Radar,23,21,34,21,99,0,2,56,10,68,23,23,90,31,167,72,6,78,245
09/19/2020,TLH,FL,ASO,ES,Combined TRACON& Tower with Radar,16,5,32,2,55,0,0,19,1,20,16,5,51,3,75,82,0,82,157
09/20/2020,TLH,FL,ASO,ES,Combined TRACON& Tower with Radar,16,6,29,2,53,0,0,14,0,14,16,6,43,2,67,0,0,0,67
09/21/2020,TLH,FL,ASO,ES,Combined TRACON& Tower with Radar,15,9,25,31,80,0,1,31,1,33,15,10,56,32,113,6,0,6,119
09/22/2020,TLH,FL,ASO,ES,Combined TRACON& Tower with Radar,17,5,23,59,104,0,5,44,13,62,17,10,67,72,166,28,18,46,212
09/23/2020,TLH,FL,ASO,ES,Combined TRACON& Tower with Radar,16,10,40,56,122,0,1,48,7,56,16,11,88,63,178,4,14,18,196
09/24/2020,TLH,FL,ASO,ES,Combined TRACON& Tower with Radar,18,18,26,12,74,0,1,14,0,15,18,19,40,12,89,6,0,6,95
09/25/2020,TLH,FL,ASO,ES,Combined TRACON& Tower with Radar,23,7,32,10,72,0,0,24,7,31,23,7,56,17,103,40,0,40,143
09/26/2020,TLH,FL,ASO,ES,Combined TRACON& Tower with Radar,18,0,22,22,62,0,0,46,9,55,18,0,68,31,117,60,0,60,177
09/27/2020,TLH,FL,ASO,ES,Combined TRACON& Tower with Radar,18,2,26,2,48,0,1,3,5,9,18,3,29,7,57,22,0,22,79
09/28/2020,TLH,FL,ASO,ES,Combined TRACON& Tower with Radar,17,8,21,42,88,0,1,8,3,12,17,9,29,45,100,6,22,28,128
09/29/2020,TLH,FL,ASO,ES,Combined TRACON& Tower with Radar,17,8,22,5,52,0,1,1,1,3,17,9,23,6,55,0,0,0,55
09/30/2020,TLH,FL,ASO,ES,Combined TRACON& Tower with Radar,17,13,37,46,113,0,0,74,2,76,17,13,111,48,189,34,8,42,231
10/01/2020,TLH,FL,ASO,ES,Combined TRACON& Tower with Radar,20,11,37,2,70,0,2,81,3,86,20,13,118,5,156,24,10,34,190
10/02/2020,TLH,FL,ASO,ES,Combined TRACON& Tower with Radar,17,15,42,45,119,0,11,52,18,81,17,26,94,63,200,28,0,28,228
10/03/2020,TLH,FL,ASO,ES,Combined TRACON& Tower with Radar,19,2,30,7,58,0,0,44,1,45,19,2,74,8,103,16,0,16,119
10/04/2020,TLH,FL,ASO,ES,Combined TRACON& Tower with Radar,19,18,38,4,79,0,0,30,10,40,19,18,68,14,119,0,0,0,119
10/05/2020,TLH,FL,ASO,ES,Combined TRACON& Tower with Radar,18,6,35,26,85,0,0,48,0,48,18,6,83,26,133,52,22,74,207
10/06/2020,TLH,FL,ASO,ES,Combined TRACON& Tower with Radar,14,5,33,27,79,0,0,41,3,44,14,5,74,30,123,74,6,80,203
10/07/2020,TLH,FL,ASO,ES,Combined TRACON& Tower with Radar,13,7,42,12,74,0,0,13,0,13,13,7,55,12,87,14,0,14,101
10/08/2020,TLH,FL,ASO,ES,Combined TRACON& Tower with Radar,20,16,37,4,77,0,0,27,0,27,20,16,64,4,104,28,0,28,132
10/09/2020,TLH,FL,ASO,ES,Combined TRACON& Tower with Radar,20,6,28,16,70,0,0,36,3,39,20,6,64,19,109,40,24,64,173
10/10/2020,TLH,FL,ASO,ES,Combined TRACON& Tower with Radar,22,2,33,0,57,0,0,9,0,9,22,2,42,0,66,46,0,46,112
10/11/2020,TLH,FL,ASO,ES,Combined TRACON& Tower with Radar,18,6,32,38,94,0,0,36,0,36,18,6,68,38,130,6,0,6,136
10/12/2020,TLH,FL,ASO,ES,Combined TRACON& Tower with Radar,19,18,49,1,87,0,2,27,1,30,19,20,76,2,117,62,0,62,179
10/13/2020,TLH,FL,ASO,ES,Combined TRACON& Tower with Radar,14,6,26,34,80,0,0,38,5,43,14,6,64,39,123,98,33,131,254
10/14/2020,TLH,FL,ASO,ES,Combined TRACON& Tower with Radar,16,7,36,38,97,0,5,43,8,56,16,12,79,46,153,36,28,64,217
10/15/2020,TLH,FL,ASO,ES,Combined TRACON& Tower with Radar,21,12,32,28,93,0,4,31,4,39,21,16,63,32,132,44,12,56,188
10/16/2020,TLH,FL,ASO,ES,Combined TRACON& Tower with Radar,22,18,67,73,180,0,9,34,13,56,22,27,101,86,236,72,78,150,386
10/17/2020,TLH,FL,ASO,ES,Combined TRACON& Tower with Radar,18,5,40,18,81,0,0,61,3,64,18,5,101,21,145,94,30,124,269
10/18/2020,TLH,FL,ASO,ES,Combined TRACON& Tower with Radar,19,10,47,33,109,0,1,41,3,45,19,11,88,36,154,40,12,52,206
10/19/2020,TLH,FL,ASO,ES,Combined TRACON& Tower with Radar,19,10,31,1,61,0,0,27,1,28,19,10,58,2,89,30,0,30,119
10/20/2020,TLH,FL,ASO,ES,Combined TRACON& Tower with Radar,14,7,23,27,71,0,0,29,2,31,14,7,52,29,102,54,0,54,156
10/21/2020,TLH,FL,ASO,ES,Combined TRACON& Tower with Radar,14,16,48,12,90,0,0,16,1,17,14,16,64,13,107,0,0,0,107
10/22/2020,TLH,FL,ASO,ES,Combined TRACON& Tower with Radar,19,7,47,3,76,0,0,25,0,25,19,7,72,3,101,30,0,30,131
10/23/2020,TLH,FL,ASO,ES,Combined TRACON& Tower with Radar,23,20,44,27,114,0,0,35,15,50,23,20,79,42,164,26,20,46,210
10/24/2020,TLH,FL,ASO,ES,Combined TRACON& Tower with Radar,21,4,20,3,48,0,0,12,0,12,21,4,32,3,60,40,0,40,100
10/25/2020,TLH,FL,ASO,ES,Combined TRACON& Tower with Radar,20,7,37,33,97,0,0,28,7,35,20,7,65,40,132,102,10,112,244
10/26/2020,TLH,FL,ASO,ES,Combined TRACON& Tower with Radar,21,10,39,13,83,0,2,49,5,56,21,12,88,18,139,42,0,42,181
10/27/2020,TLH,FL,ASO,ES,Combined TRACON& Tower with Radar,18,14,15,12,59,0,0,8,0,8,18,14,23,12,67,4,0,4,71
10/28/2020,TLH,FL,ASO,ES,Combined TRACON& Tower with Radar,17,6,35,8,66,0,0,22,1,23,17,6,57,9,89,34,0,34,123
10/29/2020,TLH,FL,ASO,ES,Combined TRACON& Tower with Radar,22,7,26,8,63,0,0,7,0,7,22,7,33,8,70,0,10,10,80
10/30/2020,TLH,FL,ASO,ES,Combined TRACON& Tower with Radar,21,6,38,60,125,0,1,68,5,74,21,7,106,65,199,20,18,38,237
10/31/2020,TLH,FL,ASO,ES,Combined TRACON& Tower with Radar,17,4,34,4,59,0,38,43,0,81,17,42,77,4,140,60,0,60,200
11/01/2020,TLH,FL,ASO,ES,Combined TRACON& Tower with Radar,17,11,26,2,56,0,0,30,0,30,17,11,56,2,86,36,0,36,122
11/02/2020,TLH,FL,ASO,ES,Combined TRACON& Tower with Radar,17,15,30,69,131,0,0,26,1,27,17,15,56,70,158,42,0,42,200
11/03/2020,TLH,FL,ASO,ES,Combined TRACON& Tower with Radar,14,8,25,42,89,0,4,40,8,52,14,12,65,50,141,124,44,168,309
11/04/2020,TLH,FL,ASO,ES,Combined TRACON& Tower with Radar,17,16,50,20,103,0,1,61,0,62,17,17,111,20,165,72,18,90,255
11/05/2020,TLH,FL,ASO,ES,Combined TRACON& Tower with Radar,23,18,39,27,107,0,1,44,3,48,23,19,83,30,155,82,46,128,283
11/06/2020,TLH,FL,ASO,ES,Combined TRACON& Tower with Radar,23,12,53,27,115,0,0,44,2,46,23,12,97,29,161,62,14,76,237
11/07/2020,TLH,FL,ASO,ES,Combined TRACON& Tower with Radar,21,7,34,8,70,0,0,16,0,16,21,7,50,8,86,12,0,12,98
11/08/2020,TLH,FL,ASO,ES,Combined TRACON& Tower with Radar,18,14,30,4,66,0,0,10,2,12,18,14,40,6,78,60,8,68,146
11/09/2020,TLH,FL,ASO,ES,Combined TRACON& Tower with Radar,19,16,14,26,75,0,1,16,0,17,19,17,30,26,92,24,0,24,116
11/10/2020,TLH,FL,ASO,ES,Combined TRACON& Tower with Radar,15,12,12,21,60,0,0,7,3,10,15,12,19,24,70,0,0,0,70
11/11/2020,TLH,FL,ASO,ES,Combined TRACON& Tower with Radar,18,6,21,0,45,0,0,14,0,14,18,6,35,0,59,10,0,10,69
11/12/2020,TLH,FL,ASO,ES,Combined TRACON& Tower with Radar,19,17,24,22,82,0,0,4,0,4,19,17,28,22,86,0,0,0,86
11/13/2020,TLH,FL,ASO,ES,Combined TRACON& Tower with Radar,22,12,41,17,92,0,2,33,3,38,22,14,74,20,130,54,0,54,184
11/14/2020,TLH,FL,ASO,ES,Combined TRACON& Tower with Radar,18,7,28,8,61,0,43,43,0,86,18,50,71,8,147,72,0,72,219
11/15/2020,TLH,FL,ASO,ES,Combined TRACON& Tower with Radar,18,12,35,11,76,0,0,29,3,32,18,12,64,14,108,6,8,14,122
11/16/2020,TLH,FL,ASO,ES,Combined TRACON& Tower with Radar,19,14,30,86,149,0,1,50,4,55,19,15,80,90,204,44,36,80,284
11/17/2020,TLH,FL,ASO,ES,Combined TRACON& Tower with Radar,13,13,45,17,88,0,4,53,2,59,13,17,98,19,147,38,0,38,185
11/18/2020,TLH,FL,ASO,ES,Combined TRACON& Tower with Radar,17,14,39,29,99,0,2,39,1,42,17,16,78,30,141,50,22,72,213
11/19/2020,TLH,FL,ASO,ES,Combined TRACON& Tower with Radar,19,21,44,9,93,0,3,53,3,59,19,24,97,12,152,10,2,12,164
11/20/2020,TLH,FL,ASO,ES,Combined TRACON& Tower with Radar,25,26,50,70,171,0,2,56,28,86,25,28,106,98,257,0,0,0,257
11/21/2020,TLH,FL,ASO,ES,Combined TRACON& Tower with Radar,23,18,42,13,96,0,0,48,2,50,23,18,90,15,146,8,0,8,154
11/22/2020,TLH,FL,ASO,ES,Combined TRACON& Tower with Radar,24,18,32,41,115,0,6,33,25,64,24,24,65,66,179,14,16,30,209
11/23/2020,TLH,FL,ASO,ES,Combined TRACON& Tower with Radar,18,14,32,17,81,0,4,42,3,49,18,18,74,20,130,30,12,42,172
11/24/2020,TLH,FL,ASO,ES,Combined TRACON& Tower with Radar,22,16,33,12,83,0,3,56,1,60,22,19,89,13,143,38,18,56,199
11/25/2020,TLH,FL,ASO,ES,Combined TRACON& Tower with Radar,26,12,40,21,99,0,1,37,4,42,26,13,77,25,141,30,40,70,211
11/26/2020,TLH,FL,ASO,ES,Combined TRACON& Tower with Radar,11,4,13,0,28,0,0,11,0,11,11,4,24,0,39,10,0,10,49
11/27/2020,TLH,FL,ASO,ES,Combined TRACON& Tower with Radar,26,11,30,4,71,0,0,6,0,6,26,11,36,4,77,6,0,6,83
11/28/2020,TLH,FL,ASO,ES,Combined TRACON& Tower with Radar,25,8,33,0,66,0,3,19,0,22,25,11,52,0,88,0,0,0,88
11/29/2020,TLH,FL,ASO,ES,Combined TRACON& Tower with Radar,24,14,39,0,77,0,0,0,0,0,24,14,39,0,77,0,0,0,77
11/30/2020,TLH,FL,ASO,ES,Combined TRACON& Tower with Radar,24,16,40,48,128,0,1,25,4,30,24,17,65,52,158,0,10,10,168
12/01/2020,TLH,FL,ASO,ES,Combined TRACON& Tower with Radar,21,15,24,44,104,0,6,49,2,57,21,21,73,46,161,28,18,46,207
12/02/2020,TLH,FL,ASO,ES,Combined TRACON& Tower with Radar,21,13,45,22,101,0,6,54,0,60,21,19,99,22,161,18,18,36,197
12/03/2020,TLH,FL,ASO,ES,Combined TRACON& Tower with Radar,22,25,41,19,107,0,3,45,5,53,22,28,86,24,160,0,0,0,160
12/04/2020,TLH,FL,ASO,ES,Combined TRACON& Tower with Radar,22,19,41,11,93,0,0,18,19,37,22,19,59,30,130,18,16,34,164
12/05/2020,TLH,FL,ASO,ES,Combined TRACON& Tower with Radar,20,10,30,14,74,0,9,45,6,60,20,19,75,20,134,56,0,56,190
12/06/2020,TLH,FL,ASO,ES,Combined TRACON& Tower with Radar,20,13,35,14,82,0,36,40,20,96,20,49,75,34,178,34,0,34,212
12/07/2020,TLH,FL,ASO,ES,Combined TRACON& Tower with Radar,21,15,39,21,96,0,0,26,7,33,21,15,65,28,129,16,10,26,155
12/08/2020,TLH,FL,ASO,ES,Combined TRACON& Tower with Radar,19,16,36,26,97,0,2,51,7,60,19,18,87,33,157,56,34,90,247
12/09/2020,TLH,FL,ASO,ES,Combined TRACON& Tower with Radar,21,12,42,25,100,0,3,74,5,82,21,15,116,30,182,0,14,14,196
12/10/2020,TLH,FL,ASO,ES,Combined TRACON& Tower with Radar,21,26,35,21,103,0,2,47,1,50,21,28,82,22,153,30,6,36,189
12/11/2020,TLH,FL,ASO,ES,Combined TRACON& Tower with Radar,22,14,44,75,155,0,2,39,9,50,22,16,83,84,205,0,20,20,225
12/12/2020,TLH,FL,ASO,ES,Combined TRACON& Tower with Radar,24,3,40,16,83,0,1,35,9,45,24,4,75,25,128,0,0,0,128
12/13/2020,TLH,FL,ASO,ES,Combined TRACON& Tower with Radar,21,12,55,9,97,0,0,9,5,14,21,12,64,14,111,0,0,0,111
12/14/2020,TLH,FL,ASO,ES,Combined TRACON& Tower with Radar,21,14,37,41,113,0,1,20,4,25,21,15,57,45,138,14,40,54,192
12/15/2020,TLH,FL,ASO,ES,Combined TRACON& Tower with Radar,20,13,63,47,143,0,0,44,11,55,20,13,107,58,198,72,34,106,304
12/16/2020,TLH,FL,ASO,ES,Combined TRACON& Tower with Radar,26,10,31,2,69,0,0,0,0,0,26,10,31,2,69,0,0,0,69
12/17/2020,TLH,FL,ASO,ES,Combined TRACON& Tower with Radar,23,19,51,25,118,0,3,18,3,24,23,22,69,28,142,32,62,94,236
12/18/2020,TLH,FL,ASO,ES,Combined TRACON& Tower with Radar,27,15,41,59,142,0,6,64,2,72,27,21,105,61,214,44,58,102,316
12/19/2020,TLH,FL,ASO,ES,Combined TRACON& Tower with Radar,26,6,38,12,82,0,5,38,0,43,26,11,76,12,125,26,0,26,151
12/20/2020,TLH,FL,ASO,ES,Combined TRACON& Tower with Radar,25,7,17,0,49,0,0,0,0,0,25,7,17,0,49,0,0,0,49
12/21/2020,TLH,FL,ASO,ES,Combined TRACON& Tower with Radar,24,15,29,14,82,0,0,23,8,31,24,15,52,22,113,0,0,0,113
12/22/2020,TLH,FL,ASO,ES,Combined TRACON& Tower with Radar,27,16,26,23,92,0,3,65,8,76,27,19,91,31,168,0,6,6,174
12/23/2020,TLH,FL,ASO,ES,Combined TRACON& Tower with Radar,27,12,34,10,83,0,3,36,0,39,27,15,70,10,122,0,0,0,122
12/24/2020,TLH,FL,ASO,ES,Combined TRACON& Tower with Radar,19,9,5,0,33,0,0,0,0,0,19,9,5,0,33,0,0,0,33
12/25/2020,TLH,FL,ASO,ES,Combined TRACON& Tower with Radar,15,3,9,4,31,0,1,9,0,10,15,4,18,4,41,0,0,0,41
12/26/2020,TLH,FL,ASO,ES,Combined TRACON& Tower with Radar,23,6,30,0,59,0,1,19,2,22,23,7,49,2,81,18,0,18,99
12/27/2020,TLH,FL,ASO,ES,Combined TRACON& Tower with Radar,24,4,18,0,46,0,0,23,0,23,24,4,41,0,69,30,0,30,99
12/28/2020,TLH,FL,ASO,ES,Combined TRACON& Tower with Radar,25,14,25,12,76,0,0,33,2,35,25,14,58,14,111,48,20,68,179
12/29/2020,TLH,FL,ASO,ES,Combined TRACON& Tower with Radar,25,10,24,8,67,0,4,42,0,46,25,14,66,8,113,2,4,6,119
12/30/2020,TLH,FL,ASO,ES,Combined TRACON& Tower with Radar,26,13,33,32,104,0,1,47,0,48,26,14,80,32,152,14,30,44,196
12/31/2020,TLH,FL,ASO,ES,Combined TRACON& Tower with Radar,20,15,11,0,46,0,0,4,0,4,20,15,15,0,50,0,0,0,50
01/01/2021,TLH,FL,ASO,ES,Combined TRACON& Tower with Radar,20,5,13,0,38,0,0,0,0,0,20,5,13,0,38,0,0,0,38
01/02/2021,TLH,FL,ASO,ES,Combined TRACON& Tower with Radar,28,5,8,0,41,0,0,0,0,0,28,5,8,0,41,0,0,0,41
01/03/2021,TLH,FL,ASO,ES,Combined TRACON& Tower with Radar,24,10,33,6,73,0,1,24,0,25,24,11,57,6,98,50,0,50,148
01/04/2021,TLH,FL,ASO,ES,Combined TRACON& Tower with Radar,23,11,33,20,87,0,5,50,2,57,23,16,83,22,144,58,10,68,212
01/05/2021,TLH,FL,ASO,ES,Combined TRACON& Tower with Radar,16,18,25,51,110,0,4,39,10,53,16,22,64,61,163,50,2,52,215
01/06/2021,TLH,FL,ASO,ES,Combined TRACON& Tower with Radar,17,22,49,32,120,0,9,49,10,68,17,31,98,42,188,48,24,72,260
01/07/2021,TLH,FL,ASO,ES,Combined TRACON& Tower with Radar,20,12,19,6,57,0,0,7,0,7,20,12,26,6,64,2,8,10,74
01/08/2021,TLH,FL,ASO,ES,Combined TRACON& Tower with Radar,22,23,36,96,177,0,0,17,30,47,22,23,53,126,224,0,0,0,224
01/09/2021,TLH,FL,ASO,ES,Combined TRACON& Tower with Radar,17,6,19,13,55,0,1,35,0,36,17,7,54,13,91,0,0,0,91
01/10/2021,TLH,FL,ASO,ES,Combined TRACON& Tower with Radar,20,8,30,30,88,0,2,29,28,59,20,10,59,58,147,24,0,24,171
01/11/2021,TLH,FL,ASO,ES,Combined TRACON& Tower with Radar,20,11,42,30,103,0,0,12,4,16,20,11,54,34,119,16,34,50,169
01/12/2021,TLH,FL,ASO,ES,Combined TRACON& Tower with Radar,19,17,27,52,115,0,1,9,0,10,19,18,36,52,125,0,0,0,125
01/13/2021,TLH,FL,ASO,ES,Combined TRACON& Tower with Radar,18,25,40,10,93,0,1,19,4,24,18,26,59,14,117,28,0,28,145
01/14/2021,TLH,FL,ASO,ES,Combined TRACON& Tower with Radar,20,14,53,64,151,0,0,65,10,75,20,14,118,74,226,42,28,70,296
01/15/2021,TLH,FL,ASO,ES,Combined TRACON& Tower with Radar,23,13,46,16,98,0,0,24,1,25,23,13,70,17,123,28,0,28,151
01/16/2021,TLH,FL,ASO,ES,Combined TRACON& Tower with Radar,18,13,29,16,76,0,1,75,3,79,18,14,104,19,155,34,14,48,203
01/17/2021,TLH,FL,ASO,ES,Combined TRACON& Tower with Radar,26,13,33,12,84,0,0,43,0,43,26,13,76,12,127,2,4,6,133
01/18/2021,TLH,FL,ASO,ES,Combined TRACON& Tower with Radar,21,15,56,9,101,0,8,74,3,85,21,23,130,12,186,22,0,22,208
01/19/2021,TLH,FL,ASO,ES,Combined TRACON& Tower with Radar,17,11,52,74,154,0,2,62,11,75,17,13,114,85,229,14,32,46,275
01/20/2021,TLH,FL,ASO,ES,Combined TRACON& Tower with Radar,16,9,48,33,106,0,8,62,7,77,16,17,110,40,183,0,0,0,183
01/21/2021,TLH,FL,ASO,ES,Combined TRACON& Tower with Radar,23,12,34,59,128,0,0,47,4,51,23,12,81,63,179,14,14,28,207
01/22/2021,TLH,FL,ASO,ES,Combined TRACON& Tower with Radar,23,8,28,44,103,0,0,3,7,10,23,8,31,51,113,10,0,10,123
01/23/2021,TLH,FL,ASO,ES,Combined TRACON& Tower with Radar,16,8,24,14,62,0,2,42,12,56,16,10,66,26,118,6,0,6,124
01/24/2021,TLH,FL,ASO,ES,Combined TRACON& Tower with Radar,20,8,44,67,139,0,0,5,16,21,20,8,49,83,160,28,0,28,188
01/25/2021,TLH,FL,ASO,ES,Combined TRACON& Tower with Radar,19,16,26,27,88,0,2,15,5,22,19,18,41,32,110,26,0,26,136
01/26/2021,TLH,FL,ASO,ES,Combined TRACON& Tower with Radar,18,13,24,0,55,0,0,0,0,0,18,13,24,0,55,0,0,0,55
01/27/2021,TLH,FL,ASO,ES,Combined TRACON& Tower with Radar,19,5,38,0,62,0,0,3,2,5,19,5,41,2,67,0,0,0,67
01/28/2021,TLH,FL,ASO,ES,Combined TRACON& Tower with Radar,18,17,33,27,95,0,0,49,1,50,18,17,82,28,145,0,0,0,145
01/29/2021,TLH,FL,ASO,ES,Combined TRACON& Tower with Radar,22,14,41,51,128,0,0,76,16,92,22,14,117,67,220,0,0,0,220
01/30/2021,TLH,FL,ASO,ES,Combined TRACON& Tower with Radar,17,7,32,18,74,0,5,64,17,86,17,12,96,35,160,0,0,0,160
01/31/2021,TLH,FL,ASO,ES,Combined TRACON& Tower with Radar,20,10,16,30,76,0,0,4,8,12,20,10,20,38,88,0,0,0,88
02/01/2021,TLH,FL,ASO,ES,Combined TRACON& Tower with Radar,22,14,21,49,106,0,0,23,0,23,22,14,44,49,129,0,0,0,129
02/02/2021,TLH,FL,ASO,ES,Combined TRACON& Tower with Radar,20,13,22,12,67,0,3,33,2,38,20,16,55,14,105,4,0,4,109
02/03/2021,TLH,FL,ASO,ES,Combined TRACON& Tower with Radar,19,24,39,31,113,0,1,49,5,55,19,25,88,36,168,16,10,26,194
02/04/2021,TLH,FL,ASO,ES,Combined TRACON& Tower with Radar,22,21,50,36,129,0,5,60,2,67,22,26,110,38,196,52,12,64,260
02/05/2021,TLH,FL,ASO,ES,Combined TRACON& Tower with Radar,24,11,28,2,65,0,0,11,0,11,24,11,39,2,76,24,0,24,100
02/06/2021,TLH,FL,ASO,ES,Combined TRACON& Tower with Radar,20,12,11,17,60,0,1,5,3,9,20,13,16,20,69,20,8,28,97
02/07/2021,TLH,FL,ASO,ES,Combined TRACON& Tower with Radar,22,11,53,25,111,0,0,5,1,6,22,11,58,26,117,0,0,0,117
02/08/2021,TLH,FL,ASO,ES,Combined TRACON& Tower with Radar,21,19,40,13,93,0,1,32,0,33,21,20,72,13,126,8,10,18,144
02/09/2021,TLH,FL,ASO,ES,Combined TRACON& Tower with Radar,22,9,21,6,58,0,0,0,0,0,22,9,21,6,58,0,0,0,58
02/10/2021,TLH,FL,ASO,ES,Combined TRACON& Tower with Radar,22,8,29,0,59,0,0,0,0,0,22,8,29,0,59,0,0,0,59
02/11/2021,TLH,FL,ASO,ES,Combined TRACON& Tower with Radar,21,19,39,19,98,0,0,9,1,10,21,19,48,20,108,0,0,0,108
02/12/2021,TLH,FL,ASO,ES,Combined TRACON& Tower with Radar,27,15,20,14,76,0,0,17,2,19,27,15,37,16,95,40,0,40,135
02/13/2021,TLH,FL,ASO,ES,Combined TRACON& Tower with Radar,20,9,14,3,46,0,0,0,0,0,20,9,14,3,46,0,0,0,46
02/14/2021,TLH,FL,ASO,ES,Combined TRACON& Tower with Radar,23,11,22,0,56,0,0,0,0,0,23,11,22,0,56,0,0,0,56
02/15/2021,TLH,FL,ASO,ES,Combined TRACON& Tower with Radar,21,14,25,0,60,0,0,0,0,0,21,14,25,0,60,0,0,0,60
02/16/2021,TLH,FL,ASO,ES,Combined TRACON& Tower with Radar,16,12,49,32,109,0,2,46,5,53,16,14,95,37,162,74,46,120,282
02/17/2021,TLH,FL,ASO,ES,Combined TRACON& Tower with Radar,14,17,59,35,125,0,0,42,5,47,14,17,101,40,172,6,0,6,178
02/18/2021,TLH,FL,ASO,ES,Combined TRACON& Tower with Radar,23,8,18,6,55,0,0,0,0,0,23,8,18,6,55,0,0,0,55
02/19/2021,TLH,FL,ASO,ES,Combined TRACON& Tower with Radar,22,21,33,76,152,0,0,10,7,17,22,21,43,83,169,0,0,0,169
02/20/2021,TLH,FL,ASO,ES,Combined TRACON& Tower with Radar,22,16,52,5,95,0,2,59,5,66,22,18,111,10,161,16,0,16,177
02/21/2021,TLH,FL,ASO,ES,Combined TRACON& Tower with Radar,25,16,38,14,93,0,7,40,4,51,25,23,78,18,144,20,0,20,164
02/22/2021,TLH,FL,ASO,ES,Combined TRACON& Tower with Radar,21,10,19,34,84,0,0,11,0,11,21,10,30,34,95,0,0,0,95
02/23/2021,TLH,FL,ASO,ES,Combined TRACON& Tower with Radar,20,15,24,9,68,0,3,62,10,75,20,18,86,19,143,84,0,84,227
02/24/2021,TLH,FL,ASO,ES,Combined TRACON& Tower with Radar,20,19,43,75,157,0,0,78,5,83,20,19,121,80,240,80,30,110,350
02/25/2021,TLH,FL,ASO,ES,Combined TRACON& Tower with Radar,22,17,49,44,132,0,3,40,13,56,22,20,89,57,188,20,36,56,244
02/26/2021,TLH,FL,ASO,ES,Combined TRACON& Tower with Radar,29,17,41,53,140,0,4,32,10,46,29,21,73,63,186,38,0,38,224
02/27/2021,TLH,FL,ASO,ES,Combined TRACON& Tower with Radar,23,15,24,44,106,0,0,37,12,49,23,15,61,56,155,26,14,40,195
02/28/2021,TLH,FL,ASO,ES,Combined TRACON& Tower with Radar,24,16,38,47,125,0,0,24,13,37,24,16,62,60,162,0,0,0,162
03/01/2021,TLH,FL,ASO,ES,Combined TRACON& Tower with Radar,21,19,35,51,126,0,0,14,0,14,21,19,49,51,140,2,26,28,168
03/02/2021,TLH,FL,ASO,ES,Combined TRACON& Tower with Radar,18,13,42,26,99,0,0,0,0,0,18,13,42,26,99,0,0,0,99
03/03/2021,TLH,FL,ASO,ES,Combined TRACON& Tower with Radar,19,17,57,31,124,0,0,7,1,8,19,17,64,32,132,0,8,8,140
03/04/2021,TLH,FL,ASO,ES,Combined TRACON& Tower with Radar,26,22,68,25,141,0,4,79,7,90,26,26,147,32,231,50,8,58,289
03/05/2021,TLH,FL,ASO,ES,Combined TRACON& Tower with Radar,28,13,43,48,132,0,0,65,17,82,28,13,108,65,214,56,17,73,287
03/06/2021,TLH,FL,ASO,ES,Combined TRACON& Tower with Radar,21,17,15,14,67,0,1,50,0,51,21,18,65,14,118,38,0,38,156
03/07/2021,TLH,FL,ASO,ES,Combined TRACON& Tower with Radar,24,15,26,51,116,0,0,45,21,66,24,15,71,72,182,51,10,61,243
03/08/2021,TLH,FL,ASO,ES,Combined TRACON& Tower with Radar,24,18,44,17,103,0,1,68,8,77,24,19,112,25,180,128,0,128,308
03/09/2021,TLH,FL,ASO,ES,Combined TRACON& Tower with Radar,24,19,44,39,126,0,2,59,6,67,24,21,103,45,193,38,0,38,231
03/10/2021,TLH,FL,ASO,ES,Combined TRACON& Tower with Radar,23,15,29,60,127,0,2,50,2,54,23,17,79,62,181,32,0,32,213
03/11/2021,TLH,FL,ASO,ES,Combined TRACON& Tower with Radar,27,30,52,31,140,0,7,57,11,75,27,37,109,42,215,20,37,57,272
03/12/2021,TLH,FL,ASO,ES,Combined TRACON& Tower with Radar,23,18,50,85,176,0,6,46,20,72,23,24,96,105,248,0,0,0,248
03/13/2021,TLH,FL,ASO,ES,Combined TRACON& Tower with Radar,18,16,40,22,96,0,27,45,4,76,18,43,85,26,172,0,0,0,172
03/14/2021,TLH,FL,ASO,ES,Combined TRACON& Tower with Radar,25,24,39,15,103,0,10,60,7,77,25,34,99,22,180,56,26,82,262
03/15/2021,TLH,FL,ASO,ES,Combined TRACON& Tower with Radar,23,19,34,32,108,0,3,35,0,38,23,22,69,32,146,66,36,102,248
03/16/2021,TLH,FL,ASO,ES,Combined TRACON& Tower with Radar,24,19,31,38,112,0,4,18,0,22,24,23,49,38,134,30,32,62,196
03/17/2021,TLH,FL,ASO,ES,Combined TRACON& Tower with Radar,20,19,49,49,137,0,0,17,2,19,20,19,66,51,156,2,38,40,196
03/18/2021,TLH,FL,ASO,ES,Combined TRACON& Tower with Radar,25,22,43,19,109,0,0,16,5,21,25,22,59,24,130,12,6,18,148
03/19/2021,TLH,FL,ASO,ES,Combined TRACON& Tower with Radar,24,19,59,47,149,0,6,72,16,94,24,25,131,63,243,30,0,30,273
03/20/2021,TLH,FL,ASO,ES,Combined TRACON& Tower with Radar,18,13,27,7,65,0,10,31,0,41,18,23,58,7,106,36,0,36,142
03/21/2021,TLH,FL,ASO,ES,Combined TRACON& Tower with Radar,23,15,44,13,95,0,0,18,6,24,23,15,62,19,119,0,0,0,119
03/22/2021,TLH,FL,ASO,ES,Combined TRACON& Tower with Radar,28,23,51,39,141,0,0,32,15,47,28,23,83,54,188,52,14,66,254
03/23/2021,TLH,FL,ASO,ES,Combined TRACON& Tower with Radar,22,18,52,58,150,0,4,43,4,51,22,22,95,62,201,76,38,114,315
03/24/2021,TLH,FL,ASO,ES,Combined TRACON& Tower with Radar,23,18,61,96,198,0,3,31,0,34,23,21,92,96,232,22,22,44,276
03/25/2021,TLH,FL,ASO,ES,Combined TRACON& Tower with Radar,24,30,42,30,126,0,0,19,0,19,24,30,61,30,145,8,14,22,167
03/26/2021,TLH,FL,ASO,ES,Combined TRACON& Tower with Radar,25,16,39,113,193,0,0,41,10,51,25,16,80,123,244,12,40,52,296
03/27/2021,TLH,FL,ASO,ES,Combined TRACON& Tower with Radar,19,8,25,2,54,0,0,35,0,35,19,8,60,2,89,18,0,18,107
03/28/2021,TLH,FL,ASO,ES,Combined TRACON& Tower with Radar,23,16,32,44,115,0,0,12,16,28,23,16,44,60,143,0,0,0,143
03/29/2021,TLH,FL,ASO,ES,Combined TRACON& Tower with Radar,24,25,24,37,110,0,0,51,5,56,24,25,75,42,166,20,0,20,186
03/30/2021,TLH,FL,ASO,ES,Combined TRACON& Tower with Radar,22,18,35,31,106,0,0,10,6,16,22,18,45,37,122,32,14,46,168
03/31/2021,TLH,FL,ASO,ES,Combined TRACON& Tower with Radar,22,17,35,48,122,0,0,39,0,39,22,17,74,48,161,36,70,106,267
04/01/2021,TLH,FL,ASO,ES,Combined TRACON& Tower with Radar,25,26,40,44,135,0,0,29,3,32,25,26,69,47,167,0,0,0,167
04/02/2021,TLH,FL,ASO,ES,Combined TRACON& Tower with Radar,24,16,54,16,110,0,3,68,2,73,24,19,122,18,183,16,0,16,199
04/03/2021,TLH,FL,ASO,ES,Combined TRACON& Tower with Radar,19,11,33,0,63,0,4,69,0,73,19,15,102,0,136,60,0,60,196
04/04/2021,TLH,FL,ASO,ES,Combined TRACON& Tower with Radar,20,20,34,0,74,0,32,46,0,78,20,52,80,0,152,28,0,28,180
04/05/2021,TLH,FL,ASO,ES,Combined TRACON& Tower with Radar,22,19,44,36,121,0,5,70,6,81,22,24,114,42,202,32,16,48,250
04/06/2021,TLH,FL,ASO,ES,Combined TRACON& Tower with Radar,21,17,48,19,105,0,0,63,3,66,21,17,111,22,171,48,0,48,219
04/07/2021,TLH,FL,ASO,ES,Combined TRACON& Tower with Radar,22,15,45,73,155,0,1,41,7,49,22,16,86,80,204,100,20,120,324
04/08/2021,TLH,FL,ASO,ES,Combined TRACON& Tower with Radar,27,32,53,12,124,0,0,11,1,12,27,32,64,13,136,0,0,0,136
04/09/2021,TLH,FL,ASO,ES,Combined TRACON& Tower with Radar,25,19,39,0,83,0,0,0,1,1,25,19,39,1,84,0,0,0,84
04/10/2021,TLH,FL,ASO,ES,Combined TRACON& Tower with Radar,21,12,21,0,54,0,0,3,2,5,21,12,24,2,59,0,0,0,59
04/11/2021,TLH,FL,ASO,ES,Combined TRACON& Tower with Radar,23,20,39,0,82,0,0,3,0,3,23,20,42,0,85,0,0,0,85
04/12/2021,TLH,FL,ASO,ES,Combined TRACON& Tower with Radar,24,29,40,6,99,0,2,44,4,50,24,31,84,10,149,52,0,52,201
04/13/2021,TLH,FL,ASO,ES,Combined TRACON& Tower with Radar,23,20,29,8,80,0,6,46,6,58,23,26,75,14,138,84,16,100,238
04/14/2021,TLH,FL,ASO,ES,Combined TRACON& Tower with Radar,23,16,34,28,101,0,6,34,8,48,23,22,68,36,149,50,6,56,205
04/15/2021,TLH,FL,ASO,ES,Combined TRACON& Tower with Radar,24,14,36,5,79,0,0,10,2,12,24,14,46,7,91,0,0,0,91
04/16/2021,TLH,FL,ASO,ES,Combined TRACON& Tower with Radar,24,13,36,9,82,0,0,17,19,36,24,13,53,28,118,6,2,8,126
04/17/2021,TLH,FL,ASO,ES,Combined TRACON& Tower with Radar,30,7,17,0,54,0,0,9,0,9,30,7,26,0,63,0,0,0,63
04/18/2021,TLH,FL,ASO,ES,Combined TRACON& Tower with Radar,25,16,33,1,75,0,0,9,1,10,25,16,42,2,85,0,0,0,85
04/19/2021,TLH,FL,ASO,ES,Combined TRACON& Tower with Radar,25,41,33,15,114,0,7,41,3,51,25,48,74,18,165,10,0,10,175
04/20/2021,TLH,FL,ASO,ES,Combined TRACON& Tower with Radar,22,19,40,24,105,0,0,45,8,53,22,19,85,32,158,0,0,0,158
04/21/2021,TLH,FL,ASO,ES,Combined TRACON& Tower with Radar,23,15,39,27,104,0,1,48,15,64,23,16,87,42,168,14,10,24,192
04/22/2021,TLH,FL,ASO,ES,Combined TRACON& Tower with Radar,24,20,54,31,129,0,1,63,5,69,24,21,117,36,198,8,0,8,206
04/23/2021,TLH,FL,ASO,ES,Combined TRACON& Tower with Radar,23,17,56,29,125,0,2,34,10,46,23,19,90,39,171,34,34,68,239
04/24/2021,TLH,FL,ASO,ES,Combined TRACON& Tower with Radar,20,14,25,0,59,0,0,6,2,8,20,14,31,2,67,0,0,0,67
04/25/2021,TLH,FL,ASO,ES,Combined TRACON& Tower with Radar,25,18,42,16,101,0,0,25,1,26,25,18,67,17,127,46,0,46,173
04/26/2021,TLH,FL,ASO,ES,Combined TRACON& Tower with Radar,25,19,41,27,112,0,0,53,4,57,25,19,94,31,169,84,26,110,279
04/27/2021,TLH,FL,ASO,ES,Combined TRACON& Tower with Radar,23,28,32,21,104,0,4,57,8,69,23,32,89,29,173,72,30,102,275
04/28/2021,TLH,FL,ASO,ES,Combined TRACON& Tower with Radar,23,19,53,41,136,0,1,41,8,50,23,20,94,49,186,50,0,50,236
04/29/2021,TLH,FL,ASO,ES,Combined TRACON& Tower with Radar,24,27,41,30,122,0,6,34,17,57,24,33,75,47,179,62,28,90,269
04/30/2021,TLH,FL,ASO,ES,Combined TRACON& Tower with Radar,25,20,15,28,88,0,4,27,10,41,25,24,42,38,129,0,4,4,133
05/01/2021,TLH,FL,ASO,ES,Combined TRACON& Tower with Radar,20,10,19,18,67,0,18,37,6,61,20,28,56,24,128,30,12,42,170
05/02/2021,TLH,FL,ASO,ES,Combined TRACON& Tower with Radar,22,20,29,3,74,0,1,34,5,40,22,21,63,8,114,26,4,30,144
05/03/2021,TLH,FL,ASO,ES,Combined TRACON& Tower with Radar,19,23,38,22,102,0,0,13,0,13,19,23,51,22,115,7,14,21,136
05/04/2021,TLH,FL,ASO,ES,Combined TRACON& Tower with Radar,28,17,37,41,123,0,0,20,3,23,28,17,57,44,146,42,0,42,188
05/05/2021,TLH,FL,ASO,ES,Combined TRACON& Tower with Radar,23,17,24,0,64,0,0,13,9,22,23,17,37,9,86,10,0,10,96
05/06/2021,TLH,FL,ASO,ES,Combined TRACON& Tower with Radar,29,21,32,26,108,0,5,33,12,50,29,26,65,38,158,24,6,30,188
05/07/2021,TLH,FL,ASO,ES,Combined TRACON& Tower with Radar,24,20,27,50,121,0,0,42,24,66,24,20,69,74,187,24,16,40,227
05/08/2021,TLH,FL,ASO,ES,Combined TRACON& Tower with Radar,20,15,21,34,90,0,14,46,14,74,20,29,67,48,164,24,0,24,188
05/09/2021,TLH,FL,ASO,ES,Combined TRACON& Tower with Radar,23,15,27,33,98,0,2,26,17,45,23,17,53,50,143,0,0,0,143
05/10/2021,TLH,FL,ASO,ES,Combined TRACON& Tower with Radar,23,27,18,11,79,0,0,6,1,7,23,27,24,12,86,0,0,0,86
05/11/2021,TLH,FL,ASO,ES,Combined TRACON& Tower with Radar,24,8,20,19,71,0,0,11,5,16,24,8,31,24,87,0,0,0,87
05/12/2021,TLH,FL,ASO,ES,Combined TRACON& Tower with Radar,25,17,35,31,108,0,1,10,12,23,25,18,45,43,131,26,0,26,157
05/13/2021,TLH,FL,ASO,ES,Combined TRACON& Tower with Radar,24,19,43,28,114,0,1,5,8,14,24,20,48,36,128,0,0,0,128
05/14/2021,TLH,FL,ASO,ES,Combined TRACON& Tower with Radar,24,18,47,48,137,0,2,54,15,71,24,20,101,63,208,28,4,32,240
05/15/2021,TLH,FL,ASO,ES,Combined TRACON& Tower with Radar,19,16,40,20,95,0,7,58,9,74,19,23,98,29,169,36,6,42,211
05/16/2021,TLH,FL,ASO,ES,Combined TRACON& Tower with Radar,21,15,31,13,80,0,4,46,13,63,21,19,77,26,143,36,0,36,179
05/17/2021,TLH,FL,ASO,ES,Combined TRACON& Tower with Radar,24,26,38,34,122,0,3,47,16,66,24,29,85,50,188,70,28,98,286
05/18/2021,TLH,FL,ASO,ES,Combined TRACON& Tower with Radar,23,20,38,46,127,0,0,41,14,55,23,20,79,60,182,90,28,118,300
05/19/2021,TLH,FL,ASO,ES,Combined TRACON& Tower with Radar,24,22,36,35,117,0,1,33,18,52,24,23,69,53,169,0,0,0,169
05/20/2021,TLH,FL,ASO,ES,Combined TRACON& Tower with Radar,23,23,40,42,128,0,14,31,25,70,23,37,71,67,198,48,0,48,246
05/21/2021,TLH,FL,ASO,ES,Combined TRACON& Tower with Radar,24,14,23,84,145,0,0,50,25,75,24,14,73,109,220,26,22,48,268
05/22/2021,TLH,FL,ASO,ES,Combined TRACON& Tower with Radar,19,13,26,32,90,0,0,39,9,48,19,13,65,41,138,7,8,15,153
05/23/2021,TLH,FL,ASO,ES,Combined TRACON& Tower with Radar,23,14,17,48,102,0,6,47,36,89,23,20,64,84,191,46,0,46,237
05/24/2021,TLH,FL,ASO,ES,Combined TRACON& Tower with Radar,23,19,29,45,116,0,2,45,10,57,23,21,74,55,173,24,0,24,197
05/25/2021,TLH,FL,ASO,ES,Combined TRACON& Tower with Radar,25,26,51,57,159,0,5,55,17,77,25,31,106,74,236,12,30,42,278
05/26/2021,TLH,FL,ASO,ES,Combined TRACON& Tower with Radar,25,20,46,77,168,0,4,47,19,70,25,24,93,96,238,72,18,90,328
05/27/2021,TLH,FL,ASO,ES,Combined TRACON& Tower with Radar,22,20,45,19,106,0,4,35,14,53,22,24,80,33,159,16,0,16,175
05/28/2021,TLH,FL,ASO,ES,Combined TRACON& Tower with Radar,23,20,31,25,99,0,5,37,11,53,23,25,68,36,152,0,0,0,152
05/29/2021,TLH,FL,ASO,ES,Combined TRACON& Tower with Radar,18,8,21,0,47,0,0,30,0,30,18,8,51,0,77,34,0,34,111
05/30/2021,TLH,FL,ASO,ES,Combined TRACON& Tower with Radar,19,12,25,2,58,0,0,36,0,36,19,12,61,2,94,32,0,32,126
05/31/2021,TLH,FL,ASO,ES,Combined TRACON& Tower with Radar,22,10,23,8,63,0,0,35,0,35,22,10,58,8,98,0,0,0,98
06/01/2021,TLH,FL,ASO,ES,Combined TRACON& Tower with Radar,26,15,33,42,116,0,3,62,12,77,26,18,95,54,193,8,48,56,249
06/02/2021,TLH,FL,ASO,ES,Combined TRACON& Tower with Radar,27,13,42,97,179,0,3,36,31,70,27,16,78,128,249,40,46,86,335
06/03/2021,TLH,FL,ASO,ES,Combined TRACON& Tower with Radar,25,12,36,77,150,0,1,30,5,36,25,13,66,82,186,22,12,34,220
06/04/2021,TLH,FL,ASO,ES,Combined TRACON& Tower with Radar,27,11,22,53,113,0,1,26,18,45,27,12,48,71,158,40,36,76,234
06/05/2021,TLH,FL,ASO,ES,Combined TRACON& Tower with Radar,19,14,26,3,62,0,0,21,12,33,19,14,47,15,95,52,0,52,147
06/06/2021,TLH,FL,ASO,ES,Combined TRACON& Tower with Radar,25,17,29,28,99,0,1,25,13,39,25,18,54,41,138,12,2,14,152
06/07/2021,TLH,FL,ASO,ES,Combined TRACON& Tower with Radar,28,18,30,28,104,0,0,15,0,15,28,18,45,28,119,0,22,22,141
06/08/2021,TLH,FL,ASO,ES,Combined TRACON& Tower with Radar,29,15,37,21,102,0,0,24,11,35,29,15,61,32,137,30,16,46,183
06/09/2021,TLH,FL,ASO,ES,Combined TRACON& Tower with Radar,32,19,35,52,138,0,2,43,18,63,32,21,78,70,201,44,16,60,261
06/10/2021,TLH,FL,ASO,ES,Combined TRACON& Tower with Radar,28,22,51,39,140,0,1,53,25,79,28,23,104,64,219,20,38,58,277
06/11/2021,TLH,FL,ASO,ES,Combined TRACON& Tower with Radar,36,12,49,35,132,0,4,44,11,59,36,16,93,46,191,20,26,46,237
06/12/2021,TLH,FL,ASO,ES,Combined TRACON& Tower with Radar,21,5,16,2,44,0,0,10,3,13,21,5,26,5,57,20,0,20,77
06/13/2021,TLH,FL,ASO,ES,Combined TRACON& Tower with Radar,30,7,30,0,67,0,0,17,0,17,30,7,47,0,84,6,0,6,90
06/14/2021,TLH,FL,ASO,ES,Combined TRACON& Tower with Radar,28,18,28,18,92,0,9,40,8,57,28,27,68,26,149,80,10,90,239
06/15/2021,TLH,FL,ASO,ES,Combined TRACON& Tower with Radar,29,18,22,1,70,0,5,13,3,21,29,23,35,4,91,16,0,16,107
06/16/2021,TLH,FL,ASO,ES,Combined TRACON& Tower with Radar,28,16,46,10,100,0,0,37,7,44,28,16,83,17,144,48,0,48,192
06/17/2021,TLH,FL,ASO,ES,Combined TRACON& Tower with Radar,28,14,44,26,112,0,2,48,12,62,28,16,92,38,174,22,8,30,204
06/18/2021,TLH,FL,ASO,ES,Combined TRACON& Tower with Radar,29,14,38,4,85,0,0,23,14,37,29,14,61,18,122,30,0,30,152
06/19/2021,TLH,FL,ASO,ES,Combined TRACON& Tower with Radar,23,5,12,0,40,0,0,5,0,5,23,5,17,0,45,0,0,0,45
06/20/2021,TLH,FL,ASO,ES,Combined TRACON& Tower with Radar,28,8,15,2,53,0,0,6,10,16,28,8,21,12,69,0,0,0,69
06/21/2021,TLH,FL,ASO,ES,Combined TRACON& Tower with Radar,24,15,24,4,67,0,1,6,0,7,24,16,30,4,74,0,0,0,74
06/22/2021,TLH,FL,ASO,ES,Combined TRACON& Tower with Radar,30,13,20,6,69,0,0,5,0,5,30,13,25,6,74,0,0,0,74
06/23/2021,TLH,FL,ASO,ES,Combined TRACON& Tower with Radar,31,13,33,6,83,0,0,1,5,6,31,13,34,11,89,0,0,0,89
06/24/2021,TLH,FL,ASO,ES,Combined TRACON& Tower with Radar,31,7,33,4,75,0,0,3,0,3,31,7,36,4,78,0,0,0,78
06/25/2021,TLH,FL,ASO,ES,Combined TRACON& Tower with Radar,30,19,46,47,142,0,2,37,17,56,30,21,83,64,198,14,2,16,214
06/26/2021,TLH,FL,ASO,ES,Combined TRACON& Tower with Radar,20,3,25,7,55,0,2,22,6,30,20,5,47,13,85,14,14,28,113
06/27/2021,TLH,FL,ASO,ES,Combined TRACON& Tower with Radar,27,13,28,20,88,0,2,29,10,41,27,15,57,30,129,2,8,10,139
06/28/2021,TLH,FL,ASO,ES,Combined TRACON& Tower with Radar,28,12,36,33,109,0,0,28,9,37,28,12,64,42,146,70,20,90,236
06/29/2021,TLH,FL,ASO,ES,Combined TRACON& Tower with Radar,30,13,28,12,83,0,3,14,8,25,30,16,42,20,108,2,16,18,126
06/30/2021,TLH,FL,ASO,ES,Combined TRACON& Tower with Radar,26,10,41,8,85,0,0,18,10,28,26,10,59,18,113,0,0,0,113
07/01/2021,TLH,FL,ASO,ES,Combined TRACON& Tower with Radar,25,15,37,2,79,0,0,21,3,24,25,15,58,5,103,32,0,32,135
07/02/2021,TLH,FL,ASO,ES,Combined TRACON& Tower with Radar,22,9,28,0,59,0,0,26,6,32,22,9,54,6,91,30,0,30,121
07/03/2021,TLH,FL,ASO,ES,Combined TRACON& Tower with Radar,21,5,15,0,41,0,0,3,4,7,21,5,18,4,48,8,0,8,56
07/04/2021,TLH,FL,ASO,ES,Combined TRACON& Tower with Radar,20,5,17,0,42,0,0,8,0,8,20,5,25,0,50,0,0,0,50
07/05/2021,TLH,FL,ASO,ES,Combined TRACON& Tower with Radar,24,9,15,0,48,0,0,3,0,3,24,9,18,0,51,0,0,0,51
07/06/2021,TLH,FL,ASO,ES,Combined TRACON& Tower with Radar,24,7,11,0,42,0,0,11,2,13,24,7,22,2,55,0,0,0,55
07/07/2021,TLH,FL,ASO,ES,Combined TRACON& Tower with Radar,28,12,5,2,47,0,0,0,5,5,28,12,5,7,52,0,0,0,52
07/08/2021,TLH,FL,ASO,ES,Combined TRACON& Tower with Radar,28,16,28,26,98,0,0,18,8,26,28,16,46,34,124,26,10,36,160
07/09/2021,TLH,FL,ASO,ES,Combined TRACON& Tower with Radar,23,14,31,15,83,0,0,4,3,7,23,14,35,18,90,0,0,0,90
07/10/2021,TLH,FL,ASO,ES,Combined TRACON& Tower with Radar,19,11,24,6,60,0,2,25,5,32,19,13,49,11,92,24,6,30,122
07/11/2021,TLH,FL,ASO,ES,Combined TRACON& Tower with Radar,27,18,26,17,88,0,3,51,10,64,27,21,77,27,152,52,0,52,204
07/12/2021,TLH,FL,ASO,ES,Combined TRACON& Tower with Radar,25,17,23,22,87,0,3,17,3,23,25,20,40,25,110,0,0,0,110
07/13/2021,TLH,FL,ASO,ES,Combined TRACON& Tower with Radar,27,12,44,66,149,0,1,43,14,58,27,13,87,80,207,60,18,78,285
07/14/2021,TLH,FL,ASO,ES,Combined TRACON& Tower with Radar,25,13,46,33,117,0,4,30,16,50,25,17,76,49,167,20,30,50,217
07/15/2021,TLH,FL,ASO,ES,Combined TRACON& Tower with Radar,29,18,45,14,106,0,10,31,7,48,29,28,76,21,154,14,4,18,172
07/16/2021,TLH,FL,ASO,ES,Combined TRACON& Tower with Radar,27,12,40,50,129,0,0,34,28,62,27,12,74,78,191,42,0,42,233
07/17/2021,TLH,FL,ASO,ES,Combined TRACON& Tower with Radar,18,9,36,26,89,0,0,36,10,46,18,9,72,36,135,14,0,14,149
07/18/2021,TLH,FL,ASO,ES,Combined TRACON& Tower with Radar,26,15,22,56,119,0,1,23,24,48,26,16,45,80,167,0,0,0,167
07/19/2021,TLH,FL,ASO,ES,Combined TRACON& Tower with Radar,25,16,20,7,68,0,0,13,5,18,25,16,33,12,86,6,30,36,122
07/20/2021,TLH,FL,ASO,ES,Combined TRACON& Tower with Radar,26,10,34,9,79,0,0,7,3,10,26,10,41,12,89,24,28,52,141
07/21/2021,TLH,FL,ASO,ES,Combined TRACON& Tower with Radar,28,15,38,6,87,0,0,15,9,24,28,15,53,15,111,6,12,18,129
07/22/2021,TLH,FL,ASO,ES,Combined TRACON& Tower with Radar,26,13,46,13,98,0,0,35,9,44,26,13,81,22,142,30,0,30,172
07/23/2021,TLH,FL,ASO,ES,Combined TRACON& Tower with Radar,28,11,26,10,75,0,1,14,12,27,28,12,40,22,102,4,0,4,106
07/24/2021,TLH,FL,ASO,ES,Combined TRACON& Tower with Radar,19,6,22,25,72,0,0,18,10,28,19,6,40,35,100,0,0,0,100
07/25/2021,TLH,FL,ASO,ES,Combined TRACON& Tower with Radar,27,14,24,60,125,0,0,28,4,32,27,14,52,64,157,46,0,46,203
07/26/2021,TLH,FL,ASO,ES,Combined TRACON& Tower with Radar,25,15,42,55,137,0,5,35,13,53,25,20,77,68,190,58,26,84,274
07/27/2021,TLH,FL,ASO,ES,Combined TRACON& Tower with Radar,29,13,26,18,86,0,2,21,0,23,29,15,47,18,109,0,16,16,125
07/28/2021,TLH,FL,ASO,ES,Combined TRACON& Tower with Radar,29,12,30,20,91,0,1,22,13,36,29,13,52,33,127,6,0,6,133
07/29/2021,TLH,FL,ASO,ES,Combined TRACON& Tower with Radar,28,13,32,8,81,0,2,17,13,32,28,15,49,21,113,32,8,40,153
07/30/2021,TLH,FL,ASO,ES,Combined TRACON& Tower with Radar,27,13,35,19,94,0,4,29,13,46,27,17,64,32,140,32,6,38,178
07/31/2021,TLH,FL,ASO,ES,Combined TRACON& Tower with Radar,21,6,30,0,57,0,0,24,4,28,21,6,54,4,85,22,0,22,107
08/01/2021,TLH,FL,ASO,ES,Combined TRACON& Tower with Radar,23,15,25,8,71,0,0,26,11,37,23,15,51,19,108,6,6,12,120
08/02/2021,TLH,FL,ASO,ES,Combined TRACON& Tower with Radar,25,12,32,44,113,0,0,15,6,21,25,12,47,50,134,52,24,76,210
08/03/2021,TLH,FL,ASO,ES,Combined TRACON& Tower with Radar,26,9,32,6,73,0,0,11,4,15,26,9,43,10,88,0,0,0,88
08/04/2021,TLH,FL,ASO,ES,Combined TRACON& Tower with Radar,27,9,29,3,68,0,0,8,3,11,27,9,37,6,79,10,0,10,89
08/05/2021,TLH,FL,ASO,ES,Combined TRACON& Tower with Radar,27,9,41,4,81,0,0,10,3,13,27,9,51,7,94,0,0,0,94
08/06/2021,TLH,FL,ASO,ES,Combined TRACON& Tower with Radar,26,16,39,20,101,0,1,13,14,28,26,17,52,34,129,0,6,6,135
08/07/2021,TLH,FL,ASO,ES,Combined TRACON& Tower with Radar,20,8,19,9,56,0,0,21,7,28,20,8,40,16,84,4,4,8,92
08/08/2021,TLH,FL,ASO,ES,Combined TRACON& Tower with Radar,26,12,24,17,79,0,0,52,15,67,26,12,76,32,146,30,0,30,176
08/09/2021,TLH,FL,ASO,ES,Combined TRACON& Tower with Radar,25,11,30,26,92,0,4,33,11,48,25,15,63,37,140,42,24,66,206
08/10/2021,TLH,FL,ASO,ES,Combined TRACON& Tower with Radar,25,12,26,26,89,0,4,40,2,46,25,16,66,28,135,12,14,26,161
08/11/2021,TLH,FL,ASO,ES,Combined TRACON& Tower with Radar,24,10,12,40,86,0,6,35,14,55,24,16,47,54,141,54,28,82,223
08/12/2021,TLH,FL,ASO,ES,Combined TRACON& Tower with Radar,26,12,40,18,96,0,4,30,9,43,26,16,70,27,139,22,0,22,161
08/13/2021,TLH,FL,ASO,ES,Combined TRACON& Tower with Radar,26,14,24,32,96,0,0,35,15,50,26,14,59,47,146,32,0,32,178
08/14/2021,TLH,FL,ASO,ES,Combined TRACON& Tower with Radar,17,14,24,0,55,0,0,36,2,38,17,14,60,2,93,10,0,10,103
08/15/2021,TLH,FL,ASO,ES,Combined TRACON& Tower with Radar,25,13,22,6,66,0,0,9,0,9,25,13,31,6,75,48,0,48,123
08/16/2021,TLH,FL,ASO,ES,Combined TRACON& Tower with Radar,20,9,9,0,38,0,0,0,0,0,20,9,9,0,38,0,0,0,38
08/17/2021,TLH,FL,ASO,ES,Combined TRACON& Tower with Radar,21,14,42,41,118,0,1,30,5,36,21,15,72,46,154,19,22,41,195
08/18/2021,TLH,FL,ASO,ES,Combined TRACON& Tower with Radar,23,15,29,19,86,0,2,18,4,24,23,17,47,23,110,44,28,72,182
08/19/2021,TLH,FL,ASO,ES,Combined TRACON& Tower with Radar,28,12,32,28,100,0,0,31,13,44,28,12,63,41,144,30,0,30,174
08/20/2021,TLH,FL,ASO,ES,Combined TRACON& Tower with Radar,29,17,27,52,125,0,2,25,14,41,29,19,52,66,166,22,18,40,206
08/21/2021,TLH,FL,ASO,ES,Combined TRACON& Tower with Radar,21,7,30,7,65,0,0,19,4,23,21,7,49,11,88,16,0,16,104
08/22/2021,TLH,FL,ASO,ES,Combined TRACON& Tower with Radar,27,13,38,0,78,0,1,20,3,24,27,14,58,3,102,36,0,36,138
08/23/2021,TLH,FL,ASO,ES,Combined TRACON& Tower with Radar,27,11,32,21,91,0,6,26,1,33,27,17,58,22,124,0,0,0,124
08/24/2021,TLH,FL,ASO,ES,Combined TRACON& Tower with Radar,25,13,45,10,93,0,0,16,5,21,25,13,61,15,114,0,4,4,118
08/25/2021,TLH,FL,ASO,ES,Combined TRACON& Tower with Radar,25,18,32,3,78,0,0,14,9,23,25,18,46,12,101,8,0,8,109
08/26/2021,TLH,FL,ASO,ES,Combined TRACON& Tower with Radar,28,15,50,27,120,0,0,32,11,43,28,15,82,38,163,34,0,34,197
08/27/2021,TLH,FL,ASO,ES,Combined TRACON& Tower with Radar,29,16,38,31,114,0,3,12,13,28,29,19,50,44,142,0,0,0,142
08/28/2021,TLH,FL,ASO,ES,Combined TRACON& Tower with Radar,21,11,34,0,66,0,0,12,3,15,21,11,46,3,81,14,0,14,95
08/29/2021,TLH,FL,ASO,ES,Combined TRACON& Tower with Radar,28,16,20,12,76,0,0,19,3,22,28,16,39,15,98,8,0,8,106
08/30/2021,TLH,FL,ASO,ES,Combined TRACON& Tower with Radar,25,22,23,8,78,0,3,16,1,20,25,25,39,9,98,0,6,6,104
08/31/2021,TLH,FL,ASO,ES,Combined TRACON& Tower with Radar,25,7,20,1,53,0,0,6,7,13,25,7,26,8,66,0,0,0,66
09/01/2021,TLH,FL,ASO,ES,Combined TRACON& Tower with Radar,24,14,43,11,92,0,1,21,20,42,24,15,64,31,134,42,0,42,176
09/02/2021,TLH,FL,ASO,ES,Combined TRACON& Tower with Radar,32,17,30,9,88,0,1,31,12,44,32,18,61,21,132,0,0,0,132
09/03/2021,TLH,FL,ASO,ES,Combined TRACON& Tower with Radar,26,23,51,5,105,0,0,33,5,38,26,23,84,10,143,10,0,10,153
09/04/2021,TLH,FL,ASO,ES,Combined TRACON& Tower with Radar,20,21,46,0,87,0,12,41,3,56,20,33,87,3,143,10,0,10,153
09/05/2021,TLH,FL,ASO,ES,Combined TRACON& Tower with Radar,23,31,61,0,115,0,2,58,5,65,23,33,119,5,180,26,0,26,206
09/06/2021,TLH,FL,ASO,ES,Combined TRACON& Tower with Radar,23,40,62,0,125,0,3,63,0,66,23,43,125,0,191,10,0,10,201
09/07/2021,TLH,FL,ASO,ES,Combined TRACON& Tower with Radar,26,9,33,31,99,0,0,32,4,36,26,9,65,35,135,56,34,90,225
09/08/2021,TLH,FL,ASO,ES,Combined TRACON& Tower with Radar,22,5,28,2,57,0,0,3,4,7,22,5,31,6,64,0,0,0,64
09/09/2021,TLH,FL,ASO,ES,Combined TRACON& Tower with Radar,26,14,53,5,98,0,0,14,5,19,26,14,67,10,117,2,0,2,119
09/10/2021,TLH,FL,ASO,ES,Combined TRACON& Tower with Radar,26,21,42,34,123,0,1,36,24,61,26,22,78,58,184,34,12,46,230
09/11/2021,TLH,FL,ASO,ES,Combined TRACON& Tower with Radar,21,7,37,1,66,0,0,37,9,46,21,7,74,10,112,16,0,16,128
09/12/2021,TLH,FL,ASO,ES,Combined TRACON& Tower with Radar,28,18,31,12,89,0,0,53,6,59,28,18,84,18,148,96,0,96,244
09/13/2021,TLH,FL,ASO,ES,Combined TRACON& Tower with Radar,28,16,33,70,147,0,2,57,14,73,28,18,90,84,220,62,42,104,324
09/14/2021,TLH,FL,ASO,ES,Combined TRACON& Tower with Radar,23,14,49,41,127,0,0,33,13,46,23,14,82,54,173,6,8,14,187
09/15/2021,TLH,FL,ASO,ES,Combined TRACON& Tower with Radar,23,15,43,17,98,0,0,14,8,22,23,15,57,25,120,0,12,12,132
09/16/2021,TLH,FL,ASO,ES,Combined TRACON& Tower with Radar,31,14,38,9,92,0,1,4,4,9,31,15,42,13,101,0,0,0,101
09/17/2021,TLH,FL,ASO,ES,Combined TRACON& Tower with Radar,31,14,38,13,96,0,0,9,9,18,31,14,47,22,114,0,0,0,114
09/18/2021,TLH,FL,ASO,ES,Combined TRACON& Tower with Radar,25,10,21,4,60,0,0,24,1,25,25,10,45,5,85,44,0,44,129
09/19/2021,TLH,FL,ASO,ES,Combined TRACON& Tower with Radar,27,11,43,0,81,0,0,4,0,4,27,11,47,0,85,54,0,54,139
09/20/2021,TLH,FL,ASO,ES,Combined TRACON& Tower with Radar,27,16,37,0,80,0,0,6,0,6,27,16,43,0,86,0,0,0,86
09/21/2021,TLH,FL,ASO,ES,Combined TRACON& Tower with Radar,23,19,57,27,126,0,2,16,3,21,23,21,73,30,147,40,30,70,217
09/22/2021,TLH,FL,ASO,ES,Combined TRACON& Tower with Radar,24,23,56,12,115,0,0,29,8,37,24,23,85,20,152,10,0,10,162
09/23/2021,TLH,FL,ASO,ES,Combined TRACON& Tower with Radar,32,19,71,38,160,0,5,72,12,89,32,24,143,50,249,24,27,51,300
09/24/2021,TLH,FL,ASO,ES,Combined TRACON& Tower with Radar,27,15,49,47,138,0,7,52,8,67,27,22,101,55,205,36,31,67,272
09/25/2021,TLH,FL,ASO,ES,Combined TRACON& Tower with Radar,27,20,54,0,101,0,24,50,2,76,27,44,104,2,177,26,0,26,203
09/26/2021,TLH,FL,ASO,ES,Combined TRACON& Tower with Radar,28,12,37,0,77,0,24,66,0,90,28,36,103,0,167,16,0,16,183
09/27/2021,TLH,FL,ASO,ES,Combined TRACON& Tower with Radar,28,14,35,40,117,0,2,28,7,37,28,16,63,47,154,114,0,114,268
09/28/2021,TLH,FL,ASO,ES,Combined TRACON& Tower with Radar,22,15,34,53,124,0,6,36,20,62,22,21,70,73,186,58,40,98,284
09/29/2021,TLH,FL,ASO,ES,Combined TRACON& Tower with Radar,26,24,43,44,137,0,9,35,33,77,26,33,78,77,214,24,40,64,278
09/30/2021,TLH,FL,ASO,ES,Combined TRACON& Tower with Radar,28,24,52,72,176,0,0,55,29,84,28,24,107,101,260,0,0,0,260
10/01/2021,TLH,FL,ASO,ES,Combined TRACON& Tower with Radar,31,18,59,50,158,0,0,41,18,59,31,18,100,68,217,50,12,62,279
10/02/2021,TLH,FL,ASO,ES,Combined TRACON& Tower with Radar,25,7,43,41,116,0,0,59,7,66,25,7,102,48,182,52,2,54,236
10/03/2021,TLH,FL,ASO,ES,Combined TRACON& Tower with Radar,28,15,59,18,120,0,0,39,10,49,28,15,98,28,169,46,0,46,215
10/04/2021,TLH,FL,ASO,ES,Combined TRACON& Tower with Radar,30,13,28,36,107,0,1,22,0,23,30,14,50,36,130,61,24,85,215
10/05/2021,TLH,FL,ASO,ES,Combined TRACON& Tower with Radar,23,8,28,0,59,0,0,6,0,6,23,8,34,0,65,4,0,4,69
10/06/2021,TLH,FL,ASO,ES,Combined TRACON& Tower with Radar,25,14,31,1,71,0,0,6,2,8,25,14,37,3,79,0,0,0,79
10/07/2021,TLH,FL,ASO,ES,Combined TRACON& Tower with Radar,32,11,47,23,113,0,0,7,4,11,32,11,54,27,124,0,0,0,124
10/08/2021,TLH,FL,ASO,ES,Combined TRACON& Tower with Radar,36,8,40,10,94,0,0,32,4,36,36,8,72,14,130,12,0,12,142
10/09/2021,TLH,FL,ASO,ES,Combined TRACON& Tower with Radar,30,10,39,0,79,0,4,61,0,65,30,14,100,0,144,22,0,22,166
10/10/2021,TLH,FL,ASO,ES,Combined TRACON& Tower with Radar,32,2,43,0,77,0,0,49,0,49,32,2,92,0,126,28,0,28,154
10/11/2021,TLH,FL,ASO,ES,Combined TRACON& Tower with Radar,35,16,64,4,119,0,6,47,2,55,35,22,111,6,174,54,0,54,228
10/12/2021,TLH,FL,ASO,ES,Combined TRACON& Tower with Radar,29,18,46,52,145,0,11,51,12,74,29,29,97,64,219,86,20,106,325
10/13/2021,TLH,FL,ASO,ES,Combined TRACON& Tower with Radar,29,8,50,43,130,0,0,53,12,65,29,8,103,55,195,60,6,66,261
10/14/2021,TLH,FL,ASO,ES,Combined TRACON& Tower with Radar,32,7,34,42,115,0,1,51,12,64,32,8,85,54,179,68,10,78,257
10/15/2021,TLH,FL,ASO,ES,Combined TRACON& Tower with Radar,35,16,54,30,135,0,3,48,6,57,35,19,102,36,192,24,8,32,224
10/16/2021,TLH,FL,ASO,ES,Combined TRACON& Tower with Radar,29,8,43,2,82,0,0,36,4,40,29,8,79,6,122,10,0,10,132
10/17/2021,TLH,FL,ASO,ES,Combined TRACON& Tower with Radar,32,10,35,21,98,0,0,51,12,63,32,10,86,33,161,54,18,72,233
10/18/2021,TLH,FL,ASO,ES,Combined TRACON& Tower with Radar,34,14,51,21,120,0,4,41,10,55,34,18,92,31,175,48,18,66,241
10/19/2021,TLH,FL,ASO,ES,Combined TRACON& Tower with Radar,30,20,54,20,124,0,6,52,9,67,30,26,106,29,191,41,24,65,256
10/20/2021,TLH,FL,ASO,ES,Combined TRACON& Tower with Radar,31,13,59,31,134,0,3,59,14,76,31,16,118,45,210,28,22,50,260
10/21/2021,TLH,FL,ASO,ES,Combined TRACON& Tower with Radar,33,20,53,62,168,0,2,40,19,61,33,22,93,81,229,46,34,80,309
10/22/2021,TLH,FL,ASO,ES,Combined TRACON& Tower with Radar,35,31,51,65,182,0,6,47,17,70,35,37,98,82,252,40,32,72,324
10/23/2021,TLH,FL,ASO,ES,Combined TRACON& Tower with Radar,29,8,51,6,94,0,22,67,12,101,29,30,118,18,195,46,10,56,251
10/24/2021,TLH,FL,ASO,ES,Combined TRACON& Tower with Radar,32,7,51,20,110,0,0,53,5,58,32,7,104,25,168,66,4,70,238
10/25/2021,TLH,FL,ASO,ES,Combined TRACON& Tower with Radar,32,8,51,109,200,0,1,21,6,28,32,9,72,115,228,66,76,142,370
10/26/2021,TLH,FL,ASO,ES,Combined TRACON& Tower with Radar,30,9,36,47,122,0,0,62,11,73,30,9,98,58,195,20,10,30,225
10/27/2021,TLH,FL,ASO,ES,Combined TRACON& Tower with Radar,30,12,52,11,105,0,2,59,11,72,30,14,111,22,177,24,10,34,211
10/28/2021,TLH,FL,ASO,ES,Combined TRACON& Tower with Radar,31,8,22,48,109,0,0,5,8,13,31,8,27,56,122,0,6,6,128
10/29/2021,TLH,FL,ASO,ES,Combined TRACON& Tower with Radar,38,13,48,56,155,0,2,40,16,58,38,15,88,72,213,20,24,44,257
10/30/2021,TLH,FL,ASO,ES,Combined TRACON& Tower with Radar,31,7,36,27,101,0,0,21,7,28,31,7,57,34,129,8,6,14,143
10/31/2021,TLH,FL,ASO,ES,Combined TRACON& Tower with Radar,27,9,59,41,136,0,4,36,15,55,27,13,95,56,191,66,0,66,257
11/01/2021,TLH,FL,ASO,ES,Combined TRACON& Tower with Radar,31,19,43,66,159,0,0,42,9,51,31,19,85,75,210,32,36,68,278
11/02/2021,TLH,FL,ASO,ES,Combined TRACON& Tower with Radar,31,14,65,53,163,0,0,51,20,71,31,14,116,73,234,58,12,70,304
11/03/2021,TLH,FL,ASO,ES,Combined TRACON& Tower with Radar,30,19,55,51,155,0,4,49,23,76,30,23,104,74,231,28,41,69,300
11/04/2021,TLH,FL,ASO,ES,Combined TRACON& Tower with Radar,29,18,64,38,149,0,2,33,7,42,29,20,97,45,191,10,16,26,217
11/05/2021,TLH,FL,ASO,ES,Combined TRACON& Tower with Radar,33,27,37,12,109,0,0,2,4,6,33,27,39,16,115,0,0,0,115
11/06/2021,TLH,FL,ASO,ES,Combined TRACON& Tower with Radar,28,19,68,0,115,0,1,40,4,45,28,20,108,4,160,24,0,24,184
11/07/2021,TLH,FL,ASO,ES,Combined TRACON& Tower with Radar,28,11,50,45,134,0,2,57,1,60,28,13,107,46,194,18,2,20,214
11/08/2021,TLH,FL,ASO,ES,Combined TRACON& Tower with Radar,28,19,26,39,112,0,4,40,4,48,28,23,66,43,160,68,22,90,250
11/09/2021,TLH,FL,ASO,ES,Combined TRACON& Tower with Radar,28,15,38,39,120,0,0,44,9,53,28,15,82,48,173,56,42,98,271
11/10/2021,TLH,FL,ASO,ES,Combined TRACON& Tower with Radar,29,18,56,28,131,0,0,47,20,67,29,18,103,48,198,22,26,48,246
11/11/2021,TLH,FL,ASO,ES,Combined TRACON& Tower with Radar,27,24,44,4,99,0,1,8,6,15,27,25,52,10,114,6,0,6,120
11/12/2021,TLH,FL,ASO,ES,Combined TRACON& Tower with Radar,32,34,74,23,163,0,3,46,8,57,32,37,120,31,220,0,0,0,220
11/13/2021,TLH,FL,ASO,ES,Combined TRACON& Tower with Radar,27,31,57,1,116,0,5,40,3,48,27,36,97,4,164,16,0,16,180
11/14/2021,TLH,FL,ASO,ES,Combined TRACON& Tower with Radar,29,18,58,2,107,0,32,67,2,101,29,50,125,4,208,46,0,46,254
11/15/2021,TLH,FL,ASO,ES,Combined TRACON& Tower with Radar,29,14,60,47,150,0,2,60,6,68,29,16,120,53,218,54,42,96,314
11/16/2021,TLH,FL,ASO,ES,Combined TRACON& Tower with Radar,28,28,44,50,150,0,4,53,14,71,28,32,97,64,221,36,12,48,269
11/17/2021,TLH,FL,ASO,ES,Combined TRACON& Tower with Radar,29,11,64,15,119,0,0,53,7,60,29,11,117,22,179,58,10,68,247
11/18/2021,TLH,FL,ASO,ES,Combined TRACON& Tower with Radar,29,22,61,36,148,0,3,33,6,42,29,25,94,42,190,64,10,74,264
11/19/2021,TLH,FL,ASO,ES,Combined TRACON& Tower with Radar,31,16,53,48,148,0,2,61,12,75,31,18,114,60,223,8,0,8,231
11/20/2021,TLH,FL,ASO,ES,Combined TRACON& Tower with Radar,26,12,41,13,92,0,0,49,7,56,26,12,90,20,148,21,0,21,169
11/21/2021,TLH,FL,ASO,ES,Combined TRACON& Tower with Radar,25,10,50,84,169,0,0,31,15,46,25,10,81,99,215,26,0,26,241
11/22/2021,TLH,FL,ASO,ES,Combined TRACON& Tower with Radar,28,16,51,42,137,0,0,40,1,41,28,16,91,43,178,70,52,122,300
11/23/2021,TLH,FL,ASO,ES,Combined TRACON& Tower with Radar,28,20,44,38,130,0,0,46,8,54,28,20,90,46,184,74,28,102,286
11/24/2021,TLH,FL,ASO,ES,Combined TRACON& Tower with Radar,34,15,50,12,111,0,6,49,5,60,34,21,99,17,171,16,0,16,187
11/25/2021,TLH,FL,ASO,ES,Combined TRACON& Tower with Radar,18,2,10,0,30,0,2,1,0,3,18,4,11,0,33,0,0,0,33
11/26/2021,TLH,FL,ASO,ES,Combined TRACON& Tower with Radar,25,13,25,0,63,0,0,9,0,9,25,13,34,0,72,18,0,18,90
11/27/2021,TLH,FL,ASO,ES,Combined TRACON& Tower with Radar,31,3,35,8,77,0,2,42,0,44,31,5,77,8,121,30,0,30,151
11/28/2021,TLH,FL,ASO,ES,Combined TRACON& Tower with Radar,29,15,49,6,99,0,0,35,0,35,29,15,84,6,134,36,0,36,170
11/29/2021,TLH,FL,ASO,ES,Combined TRACON& Tower with Radar,31,17,51,47,146,0,6,43,15,64,31,23,94,62,210,42,0,42,252
11/30/2021,TLH,FL,ASO,ES,Combined TRACON& Tower with Radar,28,20,55,43,146,0,3,53,7,63,28,23,108,50,209,40,48,88,297
12/01/2021,TLH,FL,ASO,ES,Combined TRACON& Tower with Radar,29,22,55,34,140,0,1,44,12,57,29,23,99,46,197,78,36,114,311
12/02/2021,TLH,FL,ASO,ES,Combined TRACON& Tower with Radar,30,21,47,43,141,0,5,41,14,60,30,26,88,57,201,32,20,52,253
12/03/2021,TLH,FL,ASO,ES,Combined TRACON& Tower with Radar,31,21,43,58,153,0,1,40,8,49,31,22,83,66,202,40,8,48,250
12/04/2021,TLH,FL,ASO,ES,Combined TRACON& Tower with Radar,25,8,25,25,83,0,1,27,7,35,25,9,52,32,118,64,26,90,208
12/05/2021,TLH,FL,ASO,ES,Combined TRACON& Tower with Radar,32,12,30,16,90,0,0,17,0,17,32,12,47,16,107,40,0,40,147
12/06/2021,TLH,FL,ASO,ES,Combined TRACON& Tower with Radar,28,11,40,54,133,0,0,17,5,22,28,11,57,59,155,0,22,22,177
12/07/2021,TLH,FL,ASO,ES,Combined TRACON& Tower with Radar,29,17,30,16,92,0,0,8,4,12,29,17,38,20,104,48,0,48,152
12/08/2021,TLH,FL,ASO,ES,Combined TRACON& Tower with Radar,30,7,34,28,99,0,2,7,6,15,30,9,41,34,114,4,0,4,118
12/09/2021,TLH,FL,ASO,ES,Combined TRACON& Tower with Radar,28,24,71,49,172,0,0,2,2,4,28,24,73,51,176,6,0,6,182
12/10/2021,TLH,FL,ASO,ES,Combined TRACON& Tower with Radar,34,29,61,25,149,0,0,5,12,17,34,29,66,37,166,10,0,10,176
12/11/2021,TLH,FL,ASO,ES,Combined TRACON& Tower with Radar,26,12,35,10,83,0,0,12,0,12,26,12,47,10,95,0,0,0,95
12/12/2021,TLH,FL,ASO,ES,Combined TRACON& Tower with Radar,31,11,24,14,80,0,0,52,14,66,31,11,76,28,146,99,4,103,249
12/13/2021,TLH,FL,ASO,ES,Combined TRACON& Tower with Radar,31,20,70,35,156,0,0,5,1,6,31,20,75,36,162,8,10,18,180
12/14/2021,TLH,FL,ASO,ES,Combined TRACON& Tower with Radar,27,10,53,50,140,0,0,44,15,59,27,10,97,65,199,48,20,68,267
12/15/2021,TLH,FL,ASO,ES,Combined TRACON& Tower with Radar,28,32,76,33,169,0,0,37,18,55,28,32,113,51,224,22,14,36,260
12/16/2021,TLH,FL,ASO,ES,Combined TRACON& Tower with Radar,35,15,45,40,135,0,0,15,4,19,35,15,60,44,154,22,0,22,176
12/17/2021,TLH,FL,ASO,ES,Combined TRACON& Tower with Radar,38,42,62,61,203,0,2,36,10,48,38,44,98,71,251,0,0,0,251
12/18/2021,TLH,FL,ASO,ES,Combined TRACON& Tower with Radar,28,5,34,9,76,0,0,15,1,16,28,5,49,10,92,56,0,56,148
12/19/2021,TLH,FL,ASO,ES,Combined TRACON& Tower with Radar,30,10,39,34,113,0,0,12,2,14,30,10,51,36,127,10,0,10,137
12/20/2021,TLH,FL,ASO,ES,Combined TRACON& Tower with Radar,26,19,34,8,87,0,0,0,0,0,26,19,34,8,87,0,0,0,87
12/21/2021,TLH,FL,ASO,ES,Combined TRACON& Tower with Radar,30,11,15,0,56,0,0,0,0,0,30,11,15,0,56,0,0,0,56
12/22/2021,TLH,FL,ASO,ES,Combined TRACON& Tower with Radar,31,21,34,16,102,0,8,50,16,74,31,29,84,32,176,74,6,80,256
12/23/2021,TLH,FL,ASO,ES,Combined TRACON& Tower with Radar,33,10,28,0,71,0,0,42,5,47,33,10,70,5,118,72,0,72,190
12/24/2021,TLH,FL,ASO,ES,Combined TRACON& Tower with Radar,27,9,6,0,42,0,1,23,2,26,27,10,29,2,68,18,0,18,86
12/25/2021,TLH,FL,ASO,ES,Combined TRACON& Tower with Radar,24,4,6,0,34,0,1,17,0,18,24,5,23,0,52,0,0,0,52
12/26/2021,TLH,FL,ASO,ES,Combined TRACON& Tower with Radar,25,3,23,0,51,0,0,23,2,25,25,3,46,2,76,0,0,0,76
12/27/2021,TLH,FL,ASO,ES,Combined TRACON& Tower with Radar,32,16,37,0,85,0,0,18,0,18,32,16,55,0,103,54,0,54,157
12/28/2021,TLH,FL,ASO,ES,Combined TRACON& Tower with Radar,32,10,24,27,93,0,2,8,3,13,32,12,32,30,106,0,0,0,106
12/29/2021,TLH,FL,ASO,ES,Combined TRACON& Tower with Radar,33,12,38,15,98,0,1,5,0,6,33,13,43,15,104,0,0,0,104
12/30/2021,TLH,FL,ASO,ES,Combined TRACON& Tower with Radar,33,13,24,0,70,0,0,2,0,2,33,13,26,0,72,0,0,0,72
12/31/2021,TLH,FL,ASO,ES,Combined TRACON& Tower with Radar,23,6,21,0,50,0,0,1,2,3,23,6,22,2,53,0,0,0,53
01/01/2022,TLH,FL,ASO,ES,Combined TRACON& Tower with Radar,22,3,12,0,37,0,0,9,0,9,22,3,21,0,46,10,0,10,56
01/02/2022,TLH,FL,ASO,ES,Combined TRACON& Tower with Radar,24,8,17,0,49,0,0,4,0,4,24,8,21,0,53,14,0,14,67
01/03/2022,TLH,FL,ASO,ES,Combined TRACON& Tower with Radar,31,18,44,2,95,0,0,21,0,21,31,18,65,2,116,30,6,36,152
01/04/2022,TLH,FL,ASO,ES,Combined TRACON& Tower with Radar,26,10,35,29,100,0,0,40,4,44,26,10,75,33,144,60,66,126,270
01/05/2022,TLH,FL,ASO,ES,Combined TRACON& Tower with Radar,26,20,37,73,156,0,2,47,15,64,26,22,84,88,220,20,40,60,280
01/06/2022,TLH,FL,ASO,ES,Combined TRACON& Tower with Radar,23,26,39,66,154,0,5,21,7,33,23,31,60,73,187,54,59,113,300
01/07/2022,TLH,FL,ASO,ES,Combined TRACON& Tower with Radar,27,11,37,86,161,0,5,51,28,84,27,16,88,114,245,32,22,54,299
01/08/2022,TLH,FL,ASO,ES,Combined TRACON& Tower with Radar,28,3,33,5,69,0,3,49,7,59,28,6,82,12,128,12,0,12,140
01/09/2022,TLH,FL,ASO,ES,Combined TRACON& Tower with Radar,27,19,38,52,136,0,1,32,11,44,27,20,70,63,180,38,0,38,218
01/10/2022,TLH,FL,ASO,ES,Combined TRACON& Tower with Radar,24,14,35,13,86,0,2,24,2,28,24,16,59,15,114,20,8,28,142
01/11/2022,TLH,FL,ASO,ES,Combined TRACON& Tower with Radar,25,20,60,27,132,0,4,54,9,67,25,24,114,36,199,20,14,34,233
01/12/2022,TLH,FL,ASO,ES,Combined TRACON& Tower with Radar,30,20,38,14,102,0,15,35,9,59,30,35,73,23,161,62,6,68,229
01/13/2022,TLH,FL,ASO,ES,Combined TRACON& Tower with Radar,27,21,34,23,105,0,2,48,8,58,27,23,82,31,163,30,18,48,211
01/14/2022,TLH,FL,ASO,ES,Combined TRACON& Tower with Radar,29,12,55,24,120,0,1,56,18,75,29,13,111,42,195,42,8,50,245
01/15/2022,TLH,FL,ASO,ES,Combined TRACON& Tower with Radar,24,12,27,3,66,0,0,42,1,43,24,12,69,4,109,79,0,79,188
01/16/2022,TLH,FL,ASO,ES,Combined TRACON& Tower with Radar,18,5,16,6,45,0,0,7,1,8,18,5,23,7,53,0,0,0,53
01/17/2022,TLH,FL,ASO,ES,Combined TRACON& Tower with Radar,31,17,35,12,95,0,0,46,0,46,31,17,81,12,141,40,6,46,187
01/18/2022,TLH,FL,ASO,ES,Combined TRACON& Tower with Radar,26,24,61,17,128,0,6,62,4,72,26,30,123,21,200,18,10,28,228
01/19/2022,TLH,FL,ASO,ES,Combined TRACON& Tower with Radar,28,15,75,85,203,0,4,48,20,72,28,19,123,105,275,54,32,86,361
01/20/2022,TLH,FL,ASO,ES,Combined TRACON& Tower with Radar,29,12,40,20,101,0,0,11,0,11,29,12,51,20,112,12,8,20,132
01/21/2022,TLH,FL,ASO,ES,Combined TRACON& Tower with Radar,29,13,37,6,85,0,0,1,0,1,29,13,38,6,86,0,0,0,86
01/22/2022,TLH,FL,ASO,ES,Combined TRACON& Tower with Radar,24,3,21,9,57,0,0,7,5,12,24,3,28,14,69,0,0,0,69
01/23/2022,TLH,FL,ASO,ES,Combined TRACON& Tower with Radar,28,10,58,17,113,0,0,54,10,64,28,10,112,27,177,34,0,34,211
01/24/2022,TLH,FL,ASO,ES,Combined TRACON& Tower with Radar,22,24,67,35,148,0,0,57,3,60,22,24,124,38,208,78,6,84,292
01/25/2022,TLH,FL,ASO,ES,Combined TRACON& Tower with Radar,24,14,57,14,109,0,0,6,2,8,24,14,63,16,117,44,0,44,161
01/26/2022,TLH,FL,ASO,ES,Combined TRACON& Tower with Radar,28,20,58,47,153,0,3,47,10,60,28,23,105,57,213,108,28,136,349
01/27/2022,TLH,FL,ASO,ES,Combined TRACON& Tower with Radar,32,20,71,14,137,0,2,51,13,66,32,22,122,27,203,50,0,50,253
01/28/2022,TLH,FL,ASO,ES,Combined TRACON& Tower with Radar,30,14,47,62,153,0,2,38,24,64,30,16,85,86,217,90,18,108,325
01/29/2022,TLH,FL,ASO,ES,Combined TRACON& Tower with Radar,24,12,26,2,64,0,4,32,2,38,24,16,58,4,102,26,0,26,128
01/30/2022,TLH,FL,ASO,ES,Combined TRACON& Tower with Radar,29,10,33,20,92,0,2,55,18,75,29,12,88,38,167,24,0,24,191
01/31/2022,TLH,FL,ASO,ES,Combined TRACON& Tower with Radar,23,12,54,27,116,0,4,56,1,61,23,16,110,28,177,72,30,102,279
02/01/2022,TLH,FL,ASO,ES,Combined TRACON& Tower with Radar,22,16,52,39,129,0,1,39,14,54,22,17,91,53,183,34,20,54,237
02/02/2022,TLH,FL,ASO,ES,Combined TRACON& Tower with Radar,27,11,46,53,137,0,2,53,20,75,27,13,99,73,212,18,24,42,254
02/03/2022,TLH,FL,ASO,ES,Combined TRACON& Tower with Radar,27,17,57,81,182,0,0,24,12,36,27,17,81,93,218,8,46,54,272
02/04/2022,TLH,FL,ASO,ES,Combined TRACON& Tower with Radar,25,12,29,0,66,0,0,1,0,1,25,12,30,0,67,0,0,0,67
02/05/2022,TLH,FL,ASO,ES,Combined TRACON& Tower with Radar,24,11,24,15,74,0,6,44,13,63,24,17,68,28,137,50,2,52,189
02/06/2022,TLH,FL,ASO,ES,Combined TRACON& Tower with Radar,31,14,52,22,119,0,0,14,7,21,31,14,66,29,140,28,2,30,170
02/07/2022,TLH,FL,ASO,ES,Combined TRACON& Tower with Radar,25,17,40,22,104,0,1,6,1,8,25,18,46,23,112,10,14,24,136
02/08/2022,TLH,FL,ASO,ES,Combined TRACON& Tower with Radar,24,17,47,40,128,0,1,30,11,42,24,18,77,51,170,34,4,38,208
02/09/2022,TLH,FL,ASO,ES,Combined TRACON& Tower with Radar,27,21,58,25,131,0,2,38,11,51,27,23,96,36,182,42,12,54,236
02/10/2022,TLH,FL,ASO,ES,Combined TRACON& Tower with Radar,29,19,47,32,127,0,3,47,11,61,29,22,94,43,188,22,10,32,220
02/11/2022,TLH,FL,ASO,ES,Combined TRACON& Tower with Radar,31,11,44,57,143,0,10,66,23,99,31,21,110,80,242,26,4,30,272
02/12/2022,TLH,FL,ASO,ES,Combined TRACON& Tower with Radar,23,8,42,17,90,0,38,55,5,98,23,46,97,22,188,20,0,20,208
02/13/2022,TLH,FL,ASO,ES,Combined TRACON& Tower with Radar,28,14,32,14,88,0,0,27,11,38,28,14,59,25,126,18,0,18,144
02/14/2022,TLH,FL,ASO,ES,Combined TRACON& Tower with Radar,27,12,50,36,125,0,13,59,8,80,27,25,109,44,205,70,10,80,285
02/15/2022,TLH,FL,ASO,ES,Combined TRACON& Tower with Radar,25,20,60,48,153,0,3,55,6,64,25,23,115,54,217,40,10,50,267
02/16/2022,TLH,FL,ASO,ES,Combined TRACON& Tower with Radar,29,22,46,26,123,0,0,58,13,71,29,22,104,39,194,70,16,86,280
02/17/2022,TLH,FL,ASO,ES,Combined TRACON& Tower with Radar,28,22,69,32,151,0,0,14,2,16,28,22,83,34,167,20,4,24,191
02/18/2022,TLH,FL,ASO,ES,Combined TRACON& Tower with Radar,28,19,52,54,153,0,0,25,29,54,28,19,77,83,207,62,26,88,295
02/19/2022,TLH,FL,ASO,ES,Combined TRACON& Tower with Radar,23,4,46,10,83,0,7,64,11,82,23,11,110,21,165,76,0,76,241
02/20/2022,TLH,FL,ASO,ES,Combined TRACON& Tower with Radar,24,9,35,16,84,0,28,71,12,111,24,37,106,28,195,38,0,38,233
02/21/2022,TLH,FL,ASO,ES,Combined TRACON& Tower with Radar,30,20,43,0,93,0,5,57,0,62,30,25,100,0,155,52,10,62,217
02/22/2022,TLH,FL,ASO,ES,Combined TRACON& Tower with Radar,21,14,53,60,148,0,2,55,12,69,21,16,108,72,217,54,16,70,287
02/23/2022,TLH,FL,ASO,ES,Combined TRACON& Tower with Radar,27,13,73,39,152,0,0,33,9,42,27,13,106,48,194,62,46,108,302
02/24/2022,TLH,FL,ASO,ES,Combined TRACON& Tower with Radar,21,22,63,62,168,0,4,35,11,50,21,26,98,73,218,14,24,38,256
02/25/2022,TLH,FL,ASO,ES,Combined TRACON& Tower with Radar,30,24,63,90,207,0,0,33,26,59,30,24,96,116,266,38,6,44,310
02/26/2022,TLH,FL,ASO,ES,Combined TRACON& Tower with Radar,24,12,33,15,84,0,0,68,13,81,24,12,101,28,165,74,2,76,241
02/27/2022,TLH,FL,ASO,ES,Combined TRACON& Tower with Radar,29,24,46,73,172,0,5,46,12,63,29,29,92,85,235,14,0,14,249
02/28/2022,TLH,FL,ASO,ES,Combined TRACON& Tower with Radar,26,16,44,13,99,0,0,3,1,4,26,16,47,14,103,0,0,0,103
03/01/2022,TLH,FL,ASO,ES,Combined TRACON& Tower with Radar,27,23,45,32,127,0,1,46,14,61,27,24,91,46,188,102,30,132,320
03/02/2022,TLH,FL,ASO,ES,Combined TRACON& Tower with Radar,28,17,42,24,111,0,0,56,13,69,28,17,98,37,180,74,0,74,254
03/03/2022,TLH,FL,ASO,ES,Combined TRACON& Tower with Radar,26,17,31,27,101,0,2,57,18,77,26,19,88,45,178,74,2,76,254
03/04/2022,TLH,FL,ASO,ES,Combined TRACON& Tower with Radar,29,9,27,37,102,0,1,40,18,59,29,10,67,55,161,72,0,72,233
03/05/2022,TLH,FL,ASO,ES,Combined TRACON& Tower with Radar,24,10,42,14,90,0,1,67,5,73,24,11,109,19,163,32,0,32,195
03/06/2022,TLH,FL,ASO,ES,Combined TRACON& Tower with Radar,23,11,37,39,110,0,2,30,11,43,23,13,67,50,153,20,2,22,175
03/07/2022,TLH,FL,ASO,ES,Combined TRACON& Tower with Radar,25,13,41,96,175,0,2,33,8,43,25,15,74,104,218,46,32,78,296
03/08/2022,TLH,FL,ASO,ES,Combined TRACON& Tower with Radar,25,13,56,72,166,0,2,19,4,25,25,15,75,76,191,36,0,36,227
03/09/2022,TLH,FL,ASO,ES,Combined TRACON& Tower with Radar,24,9,24,0,57,0,0,0,0,0,24,9,24,0,57,0,0,0,57
03/10/2022,TLH,FL,ASO,ES,Combined TRACON& Tower with Radar,27,15,40,14,96,0,0,2,0,2,27,15,42,14,98,0,0,0,98
03/11/2022,TLH,FL,ASO,ES,Combined TRACON& Tower with Radar,27,21,25,0,73,0,0,2,0,2,27,21,27,0,75,0,0,0,75
03/12/2022,TLH,FL,ASO,ES,Combined TRACON& Tower with Radar,25,4,28,0,57,0,1,4,0,5,25,5,32,0,62,0,0,0,62
03/13/2022,TLH,FL,ASO,ES,Combined TRACON& Tower with Radar,24,13,34,7,78,0,14,58,2,74,24,27,92,9,152,30,0,30,182
03/14/2022,TLH,FL,ASO,ES,Combined TRACON& Tower with Radar,25,16,36,23,100,0,10,65,7,82,25,26,101,30,182,22,10,32,214
03/15/2022,TLH,FL,ASO,ES,Combined TRACON& Tower with Radar,28,4,15,6,53,0,0,7,3,10,28,4,22,9,63,48,2,50,113
03/16/2022,TLH,FL,ASO,ES,Combined TRACON& Tower with Radar,25,10,35,59,129,0,0,35,23,58,25,10,70,82,187,28,72,100,287
03/17/2022,TLH,FL,ASO,ES,Combined TRACON& Tower with Radar,25,23,31,54,133,0,1,42,19,62,25,24,73,73,195,36,48,84,279
03/18/2022,TLH,FL,ASO,ES,Combined TRACON& Tower with Radar,22,19,26,2,69,0,0,16,2,18,22,19,42,4,87,54,0,54,141
03/19/2022,TLH,FL,ASO,ES,Combined TRACON& Tower with Radar,22,4,21,2,49,0,0,6,2,8,22,4,27,4,57,0,0,0,57
03/20/2022,TLH,FL,ASO,ES,Combined TRACON& Tower with Radar,24,15,50,16,105,0,9,39,4,52,24,24,89,20,157,34,0,34,191
03/21/2022,TLH,FL,ASO,ES,Combined TRACON& Tower with Radar,24,15,43,15,97,0,4,68,8,80,24,19,111,23,177,64,18,82,259
03/22/2022,TLH,FL,ASO,ES,Combined TRACON& Tower with Radar,25,15,56,30,126,0,8,37,9,54,25,23,93,39,180,52,14,66,246
03/23/2022,TLH,FL,ASO,ES,Combined TRACON& Tower with Radar,24,8,19,6,57,0,0,0,0,0,24,8,19,6,57,0,0,0,57
03/24/2022,TLH,FL,ASO,ES,Combined TRACON& Tower with Radar,24,15,48,21,108,0,1,21,10,32,24,16,69,31,140,62,2,64,204
03/25/2022,TLH,FL,ASO,ES,Combined TRACON& Tower with Radar,27,14,39,63,143,0,1,63,18,82,27,15,102,81,225,42,0,42,267
03/26/2022,TLH,FL,ASO,ES,Combined TRACON& Tower with Radar,24,7,29,6,66,0,5,28,3,36,24,12,57,9,102,72,0,72,174
03/27/2022,TLH,FL,ASO,ES,Combined TRACON& Tower with Radar,25,10,44,52,131,0,2,53,21,76,25,12,97,73,207,54,10,64,271
03/28/2022,TLH,FL,ASO,ES,Combined TRACON& Tower with Radar,24,16,46,55,141,0,5,44,8,57,24,21,90,63,198,32,8,40,238
03/29/2022,TLH,FL,ASO,ES,Combined TRACON& Tower with Radar,26,17,37,38,118,0,6,28,14,48,26,23,65,52,166,56,6,62,228
03/30/2022,TLH,FL,ASO,ES,Combined TRACON& Tower with Radar,25,14,43,8,90,0,2,29,7,38,25,16,72,15,128,28,0,28,156
03/31/2022,TLH,FL,ASO,ES,Combined TRACON& Tower with Radar,23,17,31,13,84,0,1,4,5,10,23,18,35,18,94,8,0,8,102
04/01/2022,TLH,FL,ASO,ES,Combined TRACON& Tower with Radar,23,19,60,48,150,0,7,66,18,91,23,26,126,66,241,86,6,92,333
04/02/2022,TLH,FL,ASO,ES,Combined TRACON& Tower with Radar,18,11,22,5,56,0,3,21,2,26,18,14,43,7,82,12,0,12,94
04/03/2022,TLH,FL,ASO,ES,Combined TRACON& Tower with Radar,20,12,51,21,104,0,2,47,11,60,20,14,98,32,164,38,6,44,208
04/04/2022,TLH,FL,ASO,ES,Combined TRACON& Tower with Radar,22,13,55,28,118,0,7,52,12,71,22,20,107,40,189,48,8,56,245
04/05/2022,TLH,FL,ASO,ES,Combined TRACON& Tower with Radar,24,16,30,16,86,0,1,0,0,1,24,17,30,16,87,0,0,0,87
04/06/2022,TLH,FL,ASO,ES,Combined TRACON& Tower with Radar,27,17,30,2,76,0,0,0,0,0,27,17,30,2,76,0,0,0,76
04/07/2022,TLH,FL,ASO,ES,Combined TRACON& Tower with Radar,31,22,48,18,119,0,3,27,17,47,31,25,75,35,166,38,0,38,204
04/08/2022,TLH,FL,ASO,ES,Combined TRACON& Tower with Radar,27,14,44,17,102,0,1,37,14,52,27,15,81,31,154,52,0,52,206
04/09/2022,TLH,FL,ASO,ES,Combined TRACON& Tower with Radar,25,13,35,4,77,0,1,24,7,32,25,14,59,11,109,0,0,0,109
04/10/2022,TLH,FL,ASO,ES,Combined TRACON& Tower with Radar,27,10,50,19,106,0,36,55,16,107,27,46,105,35,213,80,0,80,293
04/11/2022,TLH,FL,ASO,ES,Combined TRACON& Tower with Radar,27,19,39,87,172,0,0,41,10,51,27,19,80,97,223,95,38,133,356
04/12/2022,TLH,FL,ASO,ES,Combined TRACON& Tower with Radar,28,16,34,77,155,0,3,54,16,73,28,19,88,93,228,76,34,110,338
04/13/2022,TLH,FL,ASO,ES,Combined TRACON& Tower with Radar,30,19,63,66,178,0,0,45,18,63,30,19,108,84,241,94,26,120,361
04/14/2022,TLH,FL,ASO,ES,Combined TRACON& Tower with Radar,29,18,35,6,88,0,0,17,11,28,29,18,52,17,116,38,0,38,154
04/15/2022,TLH,FL,ASO,ES,Combined TRACON& Tower with Radar,28,11,33,12,84,0,1,49,16,66,28,12,82,28,150,108,2,110,260
04/16/2022,TLH,FL,ASO,ES,Combined TRACON& Tower with Radar,27,2,32,0,61,0,1,20,4,25,27,3,52,4,86,52,0,52,138
04/17/2022,TLH,FL,ASO,ES,Combined TRACON& Tower with Radar,29,5,22,8,64,0,2,25,11,38,29,7,47,19,102,40,22,62,164
04/18/2022,TLH,FL,ASO,ES,Combined TRACON& Tower with Radar,26,19,61,60,166,0,3,21,1,25,26,22,82,61,191,92,20,112,303
04/19/2022,TLH,FL,ASO,ES,Combined TRACON& Tower with Radar,28,10,46,20,104,0,8,43,10,61,28,18,89,30,165,78,0,78,243
04/20/2022,TLH,FL,ASO,ES,Combined TRACON& Tower with Radar,27,11,48,68,154,0,14,59,15,88,27,25,107,83,242,84,14,98,340
04/21/2022,TLH,FL,ASO,ES,Combined TRACON& Tower with Radar,30,19,42,17,108,0,3,49,10,62,30,22,91,27,170,34,0,34,204
04/22/2022,TLH,FL,ASO,ES,Combined TRACON& Tower with Radar,28,18,33,20,99,0,0,49,15,64,28,18,82,35,163,42,0,42,205
04/23/2022,TLH,FL,ASO,ES,Combined TRACON& Tower with Radar,29,8,39,2,78,0,3,55,4,62,29,11,94,6,140,42,0,42,182
04/24/2022,TLH,FL,ASO,ES,Combined TRACON& Tower with Radar,28,13,28,36,105,0,10,41,20,71,28,23,69,56,176,40,23,63,239
04/25/2022,TLH,FL,ASO,ES,Combined TRACON& Tower with Radar,27,13,47,33,120,0,6,44,9,59,27,19,91,42,179,110,26,136,315
04/26/2022,TLH,FL,ASO,ES,Combined TRACON& Tower with Radar,29,16,22,16,83,0,1,40,4,45,29,17,62,20,128,84,0,84,212
04/27/2022,TLH,FL,ASO,ES,Combined TRACON& Tower with Radar,26,14,48,30,118,0,3,56,25,84,26,17,104,55,202,94,4,98,300
04/28/2022,TLH,FL,ASO,ES,Combined TRACON& Tower with Radar,26,11,52,52,141,0,4,57,14,75,26,15,109,66,216,92,36,128,344
04/29/2022,TLH,FL,ASO,ES,Combined TRACON& Tower with Radar,28,18,87,30,163,0,0,47,16,63,28,18,134,46,226,58,6,64,290
04/30/2022,TLH,FL,ASO,ES,Combined TRACON& Tower with Radar,27,11,40,0,78,0,0,38,2,40,27,11,78,2,118,90,0,90,208
05/01/2022,TLH,FL,ASO,ES,Combined TRACON& Tower with Radar,27,13,35,36,111,0,0,21,18,39,27,13,56,54,150,20,0,20,170
05/02/2022,TLH,FL,ASO,ES,Combined TRACON& Tower with Radar,27,15,42,31,115,0,2,58,3,63,27,17,100,34,178,34,40,74,252
05/03/2022,TLH,FL,ASO,ES,Combined TRACON& Tower with Radar,28,13,30,11,82,0,2,43,5,50,28,15,73,16,132,30,6,36,168
05/04/2022,TLH,FL,ASO,ES,Combined TRACON& Tower with Radar,27,22,61,31,141,0,0,30,4,34,27,22,91,35,175,22,0,22,197
05/05/2022,TLH,FL,ASO,ES,Combined TRACON& Tower with Radar,27,25,36,38,126,0,6,63,18,87,27,31,99,56,213,50,28,78,291
05/06/2022,TLH,FL,ASO,ES,Combined TRACON& Tower with Radar,26,12,34,0,72,0,0,6,6,12,26,12,40,6,84,0,0,0,84
05/07/2022,TLH,FL,ASO,ES,Combined TRACON& Tower with Radar,24,8,21,4,57,0,3,44,6,53,24,11,65,10,110,34,0,34,144
05/08/2022,TLH,FL,ASO,ES,Combined TRACON& Tower with Radar,28,8,20,23,79,0,7,51,10,68,28,15,71,33,147,18,0,18,165
05/09/2022,TLH,FL,ASO,ES,Combined TRACON& Tower with Radar,25,27,47,22,121,0,7,44,9,60,25,34,91,31,181,32,30,62,243
05/10/2022,TLH,FL,ASO,ES,Combined TRACON& Tower with Radar,25,14,34,24,97,0,8,60,21,89,25,22,94,45,186,50,38,88,274
05/11/2022,TLH,FL,ASO,ES,Combined TRACON& Tower with Radar,25,19,51,23,118,0,3,59,15,77,25,22,110,38,195,32,22,54,249
05/12/2022,TLH,FL,ASO,ES,Combined TRACON& Tower with Radar,28,13,56,47,144,0,1,41,16,58,28,14,97,63,202,20,18,38,240
05/13/2022,TLH,FL,ASO,ES,Combined TRACON& Tower with Radar,27,7,42,8,84,0,2,26,15,43,27,9,68,23,127,18,6,24,151
05/14/2022,TLH,FL,ASO,ES,Combined TRACON& Tower with Radar,26,9,25,10,70,0,13,47,4,64,26,22,72,14,134,96,0,96,230
05/15/2022,TLH,FL,ASO,ES,Combined TRACON& Tower with Radar,25,14,25,21,85,0,1,35,11,47,25,15,60,32,132,36,0,36,168
05/16/2022,TLH,FL,ASO,ES,Combined TRACON& Tower with Radar,25,14,42,20,101,0,6,43,3,52,25,20,85,23,153,73,0,73,226
05/17/2022,TLH,FL,ASO,ES,Combined TRACON& Tower with Radar,25,9,44,18,96,0,1,46,10,57,25,10,90,28,153,58,6,64,217
05/18/2022,TLH,FL,ASO,ES,Combined TRACON& Tower with Radar,26,17,38,24,105,0,0,61,10,71,26,17,99,34,176,50,12,62,238
05/19/2022,TLH,FL,ASO,ES,Combined TRACON& Tower with Radar,25,22,77,18,142,0,6,38,4,48,25,28,115,22,190,29,4,33,223
05/20/2022,TLH,FL,ASO,ES,Combined TRACON& Tower with Radar,22,17,41,34,114,0,1,42,13,56,22,18,83,47,170,17,8,25,195
05/21/2022,TLH,FL,ASO,ES,Combined TRACON& Tower with Radar,24,8,13,1,46,0,0,4,4,8,24,8,17,5,54,44,0,44,98
05/22/2022,TLH,FL,ASO,ES,Combined TRACON& Tower with Radar,27,17,36,18,98,0,1,14,0,15,27,18,50,18,113,78,0,78,191
05/23/2022,TLH,FL,ASO,ES,Combined TRACON& Tower with Radar,27,14,33,11,85,0,0,6,2,8,27,14,39,13,93,56,0,56,149
05/24/2022,TLH,FL,ASO,ES,Combined TRACON& Tower with Radar,23,17,45,69,154,0,2,38,9,49,23,19,83,78,203,42,60,102,305
05/25/2022,TLH,FL,ASO,ES,Combined TRACON& Tower with Radar,27,11,48,5,91,0,2,36,6,44,27,13,84,11,135,47,2,49,184
05/26/2022,TLH,FL,ASO,ES,Combined TRACON& Tower with Radar,26,23,31,0,80,0,0,10,2,12,26,23,41,2,92,10,0,10,102
05/27/2022,TLH,FL,ASO,ES,Combined TRACON& Tower with Radar,27,12,47,5,91,0,2,37,9,48,27,14,84,14,139,1,0,1,140
05/28/2022,TLH,FL,ASO,ES,Combined TRACON& Tower with Radar,20,4,25,0,49,0,2,58,3,63,20,6,83,3,112,24,0,24,136
05/29/2022,TLH,FL,ASO,ES,Combined TRACON& Tower with Radar,24,7,20,0,51,0,0,29,0,29,24,7,49,0,80,28,0,28,108
05/30/2022,TLH,FL,ASO,ES,Combined TRACON& Tower with Radar,24,8,23,0,55,0,2,38,1,41,24,10,61,1,96,20,0,20,116
05/31/2022,TLH,FL,ASO,ES,Combined TRACON& Tower with Radar,28,16,36,22,102,0,0,40,10,50,28,16,76,32,152,34,0,34,186
06/01/2022,TLH,FL,ASO,ES,Combined TRACON& Tower with Radar,24,9,54,46,133,0,1,57,16,74,24,10,111,62,207,26,12,38,245
06/02/2022,TLH,FL,ASO,ES,Combined TRACON& Tower with Radar,28,16,39,51,134,0,7,59,9,75,28,23,98,60,209,24,6,30,239
06/03/2022,TLH,FL,ASO,ES,Combined TRACON& Tower with Radar,25,15,31,66,137,0,2,40,22,64,25,17,71,88,201,33,38,71,272
06/04/2022,TLH,FL,ASO,ES,Combined TRACON& Tower with Radar,24,7,14,3,48,0,1,23,12,36,24,8,37,15,84,90,0,90,174
06/05/2022,TLH,FL,ASO,ES,Combined TRACON& Tower with Radar,25,13,20,10,68,0,0,27,5,32,25,13,47,15,100,0,6,6,106
06/06/2022,TLH,FL,ASO,ES,Combined TRACON& Tower with Radar,28,17,18,14,77,0,0,27,2,29,28,17,45,16,106,48,24,72,178
06/07/2022,TLH,FL,ASO,ES,Combined TRACON& Tower with Radar,27,26,41,46,140,0,2,41,5,48,27,28,82,51,188,76,18,94,282
06/08/2022,TLH,FL,ASO,ES,Combined TRACON& Tower with Radar,26,11,52,51,140,0,15,48,16,79,26,26,100,67,219,54,4,58,277
06/09/2022,TLH,FL,ASO,ES,Combined TRACON& Tower with Radar,26,11,34,7,78,0,1,29,8,38,26,12,63,15,116,16,4,20,136
06/10/2022,TLH,FL,ASO,ES,Combined TRACON& Tower with Radar,26,6,24,12,68,0,3,29,14,46,26,9,53,26,114,0,0,0,114
06/11/2022,TLH,FL,ASO,ES,Combined TRACON& Tower with Radar,23,8,21,1,53,0,0,17,9,26,23,8,38,10,79,38,0,38,117
06/12/2022,TLH,FL,ASO,ES,Combined TRACON& Tower with Radar,26,17,21,0,64,0,0,16,4,20,26,17,37,4,84,36,0,36,120
06/13/2022,TLH,FL,ASO,ES,Combined TRACON& Tower with Radar,26,10,26,12,74,0,5,22,6,33,26,15,48,18,107,58,0,58,165
06/14/2022,TLH,FL,ASO,ES,Combined TRACON& Tower with Radar,21,12,30,10,73,0,5,36,3,44,21,17,66,13,117,120,0,120,237
06/15/2022,TLH,FL,ASO,ES,Combined TRACON& Tower with Radar,30,12,39,46,127,0,2,36,15,53,30,14,75,61,180,48,22,70,250
06/16/2022,TLH,FL,ASO,ES,Combined TRACON& Tower with Radar,26,11,42,17,96,0,5,42,13,60,26,16,84,30,156,58,0,58,214
06/17/2022,TLH,FL,ASO,ES,Combined TRACON& Tower with Radar,26,13,32,22,93,0,25,32,15,72,26,38,64,37,165,56,0,56,221
06/18/2022,TLH,FL,ASO,ES,Combined TRACON& Tower with Radar,26,10,20,0,56,0,4,66,0,70,26,14,86,0,126,50,0,50,176
06/19/2022,TLH,FL,ASO,ES,Combined TRACON& Tower with Radar,26,7,19,10,62,0,1,53,4,58,26,8,72,14,120,50,0,50,170
06/20/2022,TLH,FL,ASO,ES,Combined TRACON& Tower with Radar,28,10,38,7,83,0,3,28,1,32,28,13,66,8,115,34,0,34,149
06/21/2022,TLH,FL,ASO,ES,Combined TRACON& Tower with Radar,25,13,24,58,120,0,0,58,19,77,25,13,82,77,197,46,26,72,269
06/22/2022,TLH,FL,ASO,ES,Combined TRACON& Tower with Radar,25,10,47,43,125,0,8,59,23,90,25,18,106,66,215,38,36,74,289
06/23/2022,TLH,FL,ASO,ES,Combined TRACON& Tower with Radar,27,9,43,48,127,0,9,38,4,51,27,18,81,52,178,34,40,74,252
06/24/2022,TLH,FL,ASO,ES,Combined TRACON& Tower with Radar,31,5,16,41,93,0,0,30,7,37,31,5,46,48,130,26,24,50,180
06/25/2022,TLH,FL,ASO,ES,Combined TRACON& Tower with Radar,25,2,12,4,43,0,0,15,2,17,25,2,27,6,60,78,0,78,138
06/26/2022,TLH,FL,ASO,ES,Combined TRACON& Tower with Radar,25,4,20,6,55,0,1,29,5,35,25,5,49,11,90,26,0,26,116
06/27/2022,TLH,FL,ASO,ES,Combined TRACON& Tower with Radar,26,6,46,76,154,0,1,59,12,72,26,7,105,88,226,30,28,58,284
06/28/2022,TLH,FL,ASO,ES,Combined TRACON& Tower with Radar,27,7,28,18,80,0,0,28,4,32,27,7,56,22,112,40,10,50,162
06/29/2022,TLH,FL,ASO,ES,Combined TRACON& Tower with Radar,27,7,29,25,88,0,0,29,3,32,27,7,58,28,120,20,2,22,142
06/30/2022,TLH,FL,ASO,ES,Combined TRACON& Tower with Radar,26,10,32,15,83,0,0,20,5,25,26,10,52,20,108,14,4,18,126
07/01/2022,TLH,FL,ASO,ES,Combined TRACON& Tower with Radar,31,12,34,2,79,0,0,34,7,41,31,12,68,9,120,6,0,6,126
07/02/2022,TLH,FL,ASO,ES,Combined TRACON& Tower with Radar,23,2,17,2,44,0,0,28,0,28,23,2,45,2,72,6,0,6,78
07/03/2022,TLH,FL,ASO,ES,Combined TRACON& Tower with Radar,24,4,16,0,44,0,1,10,0,11,24,5,26,0,55,26,0,26,81
07/04/2022,TLH,FL,ASO,ES,Combined TRACON& Tower with Radar,23,8,14,0,45,0,1,28,4,33,23,9,42,4,78,8,0,8,86
07/05/2022,TLH,FL,ASO,ES,Combined TRACON& Tower with Radar,26,6,19,13,64,0,0,28,5,33,26,6,47,18,97,28,14,42,139
07/06/2022,TLH,FL,ASO,ES,Combined TRACON& Tower with Radar,27,12,32,74,145,0,6,32,12,50,27,18,64,86,195,44,22,66,261
07/07/2022,TLH,FL,ASO,ES,Combined TRACON& Tower with Radar,27,9,31,67,134,0,3,46,20,69,27,12,77,87,203,10,20,30,233
07/08/2022,TLH,FL,ASO,ES,Combined TRACON& Tower with Radar,26,10,21,38,95,0,3,36,9,48,26,13,57,47,143,16,2,18,161
07/09/2022,TLH,FL,ASO,ES,Combined TRACON& Tower with Radar,25,1,17,6,49,0,0,22,6,28,25,1,39,12,77,24,0,24,101
07/10/2022,TLH,FL,ASO,ES,Combined TRACON& Tower with Radar,27,11,22,10,70,0,0,7,4,11,27,11,29,14,81,0,0,0,81
07/11/2022,TLH,FL,ASO,ES,Combined TRACON& Tower with Radar,26,13,27,0,66,0,1,10,0,11,26,14,37,0,77,24,0,24,101
07/12/2022,TLH,FL,ASO,ES,Combined TRACON& Tower with Radar,27,10,22,0,59,0,1,5,0,6,27,11,27,0,65,0,0,0,65
07/13/2022,TLH,FL,ASO,ES,Combined TRACON& Tower with Radar,27,13,47,8,95,0,0,21,6,27,27,13,68,14,122,62,10,72,194
07/14/2022,TLH,FL,ASO,ES,Combined TRACON& Tower with Radar,29,6,31,11,77,0,0,23,11,34,29,6,54,22,111,12,0,12,123
07/15/2022,TLH,FL,ASO,ES,Combined TRACON& Tower with Radar,27,7,19,8,61,0,0,18,4,22,27,7,37,12,83,82,0,82,165
07/16/2022,TLH,FL,ASO,ES,Combined TRACON& Tower with Radar,24,4,21,4,53,0,3,36,2,41,24,7,57,6,94,40,0,40,134
07/17/2022,TLH,FL,ASO,ES,Combined TRACON& Tower with Radar,27,4,22,2,55,0,0,30,0,30,27,4,52,2,85,62,0,62,147
07/18/2022,TLH,FL,ASO,ES,Combined TRACON& Tower with Radar,27,15,25,4,71,0,4,30,2,36,27,19,55,6,107,46,0,46,153
07/19/2022,TLH,FL,ASO,ES,Combined TRACON& Tower with Radar,28,12,26,6,72,0,3,21,5,29,28,15,47,11,101,22,0,22,123
07/20/2022,TLH,FL,ASO,ES,Combined TRACON& Tower with Radar,27,15,36,2,80,0,5,28,7,40,27,20,64,9,120,18,0,18,138
07/21/2022,TLH,FL,ASO,ES,Combined TRACON& Tower with Radar,27,11,28,20,86,0,1,41,10,52,27,12,69,30,138,24,12,36,174
07/22/2022,TLH,FL,ASO,ES,Combined TRACON& Tower with Radar,28,10,28,36,102,0,0,42,17,59,28,10,70,53,161,30,10,40,201
07/23/2022,TLH,FL,ASO,ES,Combined TRACON& Tower with Radar,24,3,22,1,50,0,0,49,7,56,24,3,71,8,106,18,0,18,124
07/24/2022,TLH,FL,ASO,ES,Combined TRACON& Tower with Radar,27,6,14,24,71,0,0,22,10,32,27,6,36,34,103,28,0,28,131
07/25/2022,TLH,FL,ASO,ES,Combined TRACON& Tower with Radar,25,22,12,27,86,0,3,17,6,26,25,25,29,33,112,36,18,54,166
07/26/2022,TLH,FL,ASO,ES,Combined TRACON& Tower with Radar,27,14,23,31,95,0,8,31,6,45,27,22,54,37,140,68,20,88,228
07/27/2022,TLH,FL,ASO,ES,Combined TRACON& Tower with Radar,27,10,25,7,69,0,5,29,5,39,27,15,54,12,108,0,0,0,108
07/28/2022,TLH,FL,ASO,ES,Combined TRACON& Tower with Radar,27,8,18,7,60,0,6,23,5,34,27,14,41,12,94,12,10,22,116
07/29/2022,TLH,FL,ASO,ES,Combined TRACON& Tower with Radar,26,9,34,26,95,0,1,37,10,48,26,10,71,36,143,32,20,52,195
07/30/2022,TLH,FL,ASO,ES,Combined TRACON& Tower with Radar,24,4,22,0,50,0,7,51,2,60,24,11,73,2,110,62,0,62,172
07/31/2022,TLH,FL,ASO,ES,Combined TRACON& Tower with Radar,27,12,25,8,72,0,9,37,9,55,27,21,62,17,127,46,0,46,173
08/01/2022,TLH,FL,ASO,ES,Combined TRACON& Tower with Radar,27,15,28,27,97,0,7,17,10,34,27,22,45,37,131,36,10,46,177
08/02/2022,TLH,FL,ASO,ES,Combined TRACON& Tower with Radar,27,18,28,29,102,0,3,38,5,46,27,21,66,34,148,8,18,26,174
08/03/2022,TLH,FL,ASO,ES,Combined TRACON& Tower with Radar,27,11,28,69,135,0,2,33,12,47,27,13,61,81,182,42,8,50,232
08/04/2022,TLH,FL,ASO,ES,Combined TRACON& Tower with Radar,30,16,47,13,106,0,2,42,8,52,30,18,89,21,158,34,0,34,192
08/05/2022,TLH,FL,ASO,ES,Combined TRACON& Tower with Radar,30,9,21,33,93,0,4,31,20,55,30,13,52,53,148,20,0,20,168
08/06/2022,TLH,FL,ASO,ES,Combined TRACON& Tower with Radar,29,1,15,0,45,0,0,33,2,35,29,1,48,2,80,24,0,24,104
08/07/2022,TLH,FL,ASO,ES,Combined TRACON& Tower with Radar,29,6,21,15,71,0,1,33,10,44,29,7,54,25,115,18,0,18,133
08/08/2022,TLH,FL,ASO,ES,Combined TRACON& Tower with Radar,29,15,17,26,87,0,0,26,2,28,29,15,43,28,115,4,16,20,135
08/09/2022,TLH,FL,ASO,ES,Combined TRACON& Tower with Radar,29,9,12,18,68,0,4,28,9,41,29,13,40,27,109,30,10,40,149
08/10/2022,TLH,FL,ASO,ES,Combined TRACON& Tower with Radar,30,9,14,26,79,0,1,12,8,21,30,10,26,34,100,0,12,12,112
08/11/2022,TLH,FL,ASO,ES,Combined TRACON& Tower with Radar,27,11,28,23,89,0,0,19,2,21,27,11,47,25,110,0,14,14,124
08/12/2022,TLH,FL,ASO,ES,Combined TRACON& Tower with Radar,30,9,31,13,83,0,0,27,16,43,30,9,58,29,126,48,0,48,174
08/13/2022,TLH,FL,ASO,ES,Combined TRACON& Tower with Radar,27,4,19,0,50,0,2,20,0,22,27,6,39,0,72,50,0,50,122
08/14/2022,TLH,FL,ASO,ES,Combined TRACON& Tower with Radar,29,9,24,23,85,0,3,37,16,56,29,12,61,39,141,100,0,100,241
08/15/2022,TLH,FL,ASO,ES,Combined TRACON& Tower with Radar,30,17,35,39,121,0,2,43,7,52,30,19,78,46,173,42,32,74,247
08/16/2022,TLH,FL,ASO,ES,Combined TRACON& Tower with Radar,30,8,38,17,93,0,6,45,3,54,30,14,83,20,147,26,0,26,173
08/17/2022,TLH,FL,ASO,ES,Combined TRACON& Tower with Radar,25,7,48,22,102,0,3,31,14,48,25,10,79,36,150,22,4,26,176
08/18/2022,TLH,FL,ASO,ES,Combined TRACON& Tower with Radar,28,11,28,1,68,0,0,10,8,18,28,11,38,9,86,66,0,66,152
08/19/2022,TLH,FL,ASO,ES,Combined TRACON& Tower with Radar,26,12,30,43,111,0,1,44,25,70,26,13,74,68,181,30,4,34,215
08/20/2022,TLH,FL,ASO,ES,Combined TRACON& Tower with Radar,25,10,29,0,64,0,0,39,6,45,25,10,68,6,109,62,0,62,171
08/21/2022,TLH,FL,ASO,ES,Combined TRACON& Tower with Radar,24,8,33,11,76,0,0,26,12,38,24,8,59,23,114,66,0,66,180
08/22/2022,TLH,FL,ASO,ES,Combined TRACON& Tower with Radar,26,14,23,84,147,0,5,38,7,50,26,19,61,91,197,80,56,136,333
08/23/2022,TLH,FL,ASO,ES,Combined TRACON& Tower with Radar,24,13,37,61,135,0,5,31,9,45,24,18,68,70,180,50,22,72,252
08/24/2022,TLH,FL,ASO,ES,Combined TRACON& Tower with Radar,26,16,38,19,99,0,1,35,4,40,26,17,73,23,139,30,40,70,209
08/25/2022,TLH,FL,ASO,ES,Combined TRACON& Tower with Radar,26,25,26,15,92,0,1,8,4,13,26,26,34,19,105,18,8,26,131
08/26/2022,TLH,FL,ASO,ES,Combined TRACON& Tower with Radar,30,19,48,35,132,0,0,30,11,41,30,19,78,46,173,26,10,36,209
08/27/2022,TLH,FL,ASO,ES,Combined TRACON& Tower with Radar,25,10,48,0,83,0,0,27,2,29,25,10,75,2,112,0,0,0,112
08/28/2022,TLH,FL,ASO,ES,Combined TRACON& Tower with Radar,24,13,30,10,77,0,0,27,3,30,24,13,57,13,107,32,0,32,139
08/29/2022,TLH,FL,ASO,ES,Combined TRACON& Tower with Radar,27,12,19,18,76,0,0,21,1,22,27,12,40,19,98,86,0,86,184
08/30/2022,TLH,FL,ASO,ES,Combined TRACON& Tower with Radar,27,9,37,48,121,0,0,35,8,43,27,9,72,56,164,42,14,56,220
08/31/2022,TLH,FL,ASO,ES,Combined TRACON& Tower with Radar,25,13,33,43,114,0,0,32,11,43,25,13,65,54,157,22,28,50,207
09/01/2022,TLH,FL,ASO,ES,Combined TRACON& Tower with Radar,29,18,19,15,81,0,3,31,18,52,29,21,50,33,133,62,14,76,209
09/02/2022,TLH,FL,ASO,ES,Combined TRACON& Tower with Radar,27,9,39,0,75,0,0,28,6,34,27,9,67,6,109,138,0,138,247
09/03/2022,TLH,FL,ASO,ES,Combined TRACON& Tower with Radar,23,5,33,3,64,0,1,35,11,47,23,6,68,14,111,82,0,82,193
09/04/2022,TLH,FL,ASO,ES,Combined TRACON& Tower with Radar,24,7,11,4,46,0,2,27,0,29,24,9,38,4,75,30,0,30,105
09/05/2022,TLH,FL,ASO,ES,Combined TRACON& Tower with Radar,26,21,37,1,85,0,2,25,1,28,26,23,62,2,113,48,2,50,163
09/06/2022,TLH,FL,ASO,ES,Combined TRACON& Tower with Radar,27,13,31,66,137,0,6,57,9,72,27,19,88,75,209,36,18,54,263
09/07/2022,TLH,FL,ASO,ES,Combined TRACON& Tower with Radar,26,16,37,85,164,0,0,53,15,68,26,16,90,100,232,40,32,72,304
09/08/2022,TLH,FL,ASO,ES,Combined TRACON& Tower with Radar,28,15,29,24,96,0,0,28,9,37,28,15,57,33,133,8,0,8,141
09/09/2022,TLH,FL,ASO,ES,Combined TRACON& Tower with Radar,30,15,27,26,98,0,0,11,2,13,30,15,38,28,111,116,6,122,233
09/10/2022,TLH,FL,ASO,ES,Combined TRACON& Tower with Radar,23,7,16,4,50,0,0,8,4,12,23,7,24,8,62,74,6,80,142
09/11/2022,TLH,FL,ASO,ES,Combined TRACON& Tower with Radar,27,12,17,0,56,0,1,16,2,19,27,13,33,2,75,68,0,68,143
09/12/2022,TLH,FL,ASO,ES,Combined TRACON& Tower with Radar,27,17,32,33,109,0,1,18,4,23,27,18,50,37,132,72,18,90,222
09/13/2022,TLH,FL,ASO,ES,Combined TRACON& Tower with Radar,24,16,39,18,97,0,0,37,8,45,24,16,76,26,142,52,0,52,194
09/14/2022,TLH,FL,ASO,ES,Combined TRACON& Tower with Radar,24,13,30,29,96,0,3,47,12,62,24,16,77,41,158,135,32,167,325
09/15/2022,TLH,FL,ASO,ES,Combined TRACON& Tower with Radar,29,15,46,33,123,0,8,61,15,84,29,23,107,48,207,44,16,60,267
09/16/2022,TLH,FL,ASO,ES,Combined TRACON& Tower with Radar,27,10,27,44,108,0,3,42,20,65,27,13,69,64,173,50,34,84,257
09/17/2022,TLH,FL,ASO,ES,Combined TRACON& Tower with Radar,24,10,40,6,80,0,1,62,8,71,24,11,102,14,151,56,0,56,207
09/18/2022,TLH,FL,ASO,ES,Combined TRACON& Tower with Radar,28,13,34,17,92,0,0,42,5,47,28,13,76,22,139,80,0,80,219
09/19/2022,TLH,FL,ASO,ES,Combined TRACON& Tower with Radar,27,31,31,39,128,0,7,41,3,51,27,38,72,42,179,72,30,102,281
09/20/2022,TLH,FL,ASO,ES,Combined TRACON& Tower with Radar,24,17,41,40,122,0,0,39,17,56,24,17,80,57,178,94,14,108,286
09/21/2022,TLH,FL,ASO,ES,Combined TRACON& Tower with Radar,25,16,41,51,133,0,2,38,6,46,25,18,79,57,179,76,50,126,305
09/22/2022,TLH,FL,ASO,ES,Combined TRACON& Tower with Radar,28,14,55,29,126,0,16,49,16,81,28,30,104,45,207,48,14,62,269
09/23/2022,TLH,FL,ASO,ES,Combined TRACON& Tower with Radar,30,31,50,25,136,0,1,68,7,76,30,32,118,32,212,23,10,33,245
09/24/2022,TLH,FL,ASO,ES,Combined TRACON& Tower with Radar,24,6,34,6,70,0,12,63,8,83,24,18,97,14,153,98,0,98,251
09/25/2022,TLH,FL,ASO,ES,Combined TRACON& Tower with Radar,30,20,50,29,129,0,20,58,13,91,30,40,108,42,220,42,0,42,262
09/26/2022,TLH,FL,ASO,ES,Combined TRACON& Tower with Radar,28,21,39,5,93,0,13,46,1,60,28,34,85,6,153,84,0,84,237
09/27/2022,TLH,FL,ASO,ES,Combined TRACON& Tower with Radar,24,9,45,0,78,0,6,42,13,61,24,15,87,13,139,50,0,50,189
09/28/2022,TLH,FL,ASO,ES,Combined TRACON& Tower with Radar,21,3,10,0,34,0,0,13,10,23,21,3,23,10,57,0,0,0,57
09/29/2022,TLH,FL,ASO,ES,Combined TRACON& Tower with Radar,31,8,27,8,74,0,0,32,11,43,31,8,59,19,117,0,0,0,117
09/30/2022,TLH,FL,ASO,ES,Combined TRACON& Tower with Radar,28,12,48,11,99,0,1,39,6,46,28,13,87,17,145,26,0,26,171
10/01/2022,TLH,FL,ASO,ES,Combined TRACON& Tower with Radar,23,14,72,3,112,0,7,61,3,71,23,21,133,6,183,54,0,54,237
10/02/2022,TLH,FL,ASO,ES,Combined TRACON& Tower with Radar,27,18,37,3,85,0,2,69,0,71,27,20,106,3,156,46,0,46,202
10/03/2022,TLH,FL,ASO,ES,Combined TRACON& Tower with Radar,29,21,49,17,116,0,3,51,2,56,29,24,100,19,172,80,12,92,264
10/04/2022,TLH,FL,ASO,ES,Combined TRACON& Tower with Radar,25,15,56,49,145,0,7,40,14,61,25,22,96,63,206,40,10,50,256
10/05/2022,TLH,FL,ASO,ES,Combined TRACON& Tower with Radar,28,12,50,25,115,0,3,49,19,71,28,15,99,44,186,38,20,58,244
10/06/2022,TLH,FL,ASO,ES,Combined TRACON& Tower with Radar,25,18,41,13,97,0,7,39,9,55,25,25,80,22,152,6,0,6,158
10/07/2022,TLH,FL,ASO,ES,Combined TRACON& Tower with Radar,28,21,45,35,129,0,7,58,11,76,28,28,103,46,205,36,16,52,257
10/08/2022,TLH,FL,ASO,ES,Combined TRACON& Tower with Radar,22,12,14,1,49,0,33,46,4,83,22,45,60,5,132,64,0,64,196
10/09/2022,TLH,FL,ASO,ES,Combined TRACON& Tower with Radar,26,22,25,2,75,0,21,39,6,66,26,43,64,8,141,24,0,24,165
10/10/2022,TLH,FL,ASO,ES,Combined TRACON& Tower with Radar,28,31,41,15,115,0,0,48,3,51,28,31,89,18,166,26,6,32,198
10/11/2022,TLH,FL,ASO,ES,Combined TRACON& Tower with Radar,29,19,44,26,118,0,2,27,4,33,29,21,71,30,151,24,22,46,197
10/12/2022,TLH,FL,ASO,ES,Combined TRACON& Tower with Radar,26,23,47,34,130,0,0,27,7,34,26,23,74,41,164,50,12,62,226
10/13/2022,TLH,FL,ASO,ES,Combined TRACON& Tower with Radar,24,34,39,26,123,0,8,33,21,62,24,42,72,47,185,36,18,54,239
10/14/2022,TLH,FL,ASO,ES,Combined TRACON& Tower with Radar,30,32,52,28,142,0,2,71,16,89,30,34,123,44,231,60,8,68,299
10/15/2022,TLH,FL,ASO,ES,Combined TRACON& Tower with Radar,23,30,60,6,119,0,28,65,5,98,23,58,125,11,217,34,0,34,251
10/16/2022,TLH,FL,ASO,ES,Combined TRACON& Tower with Radar,26,41,66,27,160,0,20,78,9,107,26,61,144,36,267,48,0,48,315
10/17/2022,TLH,FL,ASO,ES,Combined TRACON& Tower with Radar,23,28,45,25,121,0,2,29,4,35,23,30,74,29,156,67,0,67,223
10/18/2022,TLH,FL,ASO,ES,Combined TRACON& Tower with Radar,28,19,25,36,108,0,4,41,10,55,28,23,66,46,163,54,6,60,223
10/19/2022,TLH,FL,ASO,ES,Combined TRACON& Tower with Radar,27,26,50,26,129,0,1,58,11,70,27,27,108,37,199,34,0,34,233
10/20/2022,TLH,FL,ASO,ES,Combined TRACON& Tower with Radar,28,13,48,18,107,0,13,51,10,74,28,26,99,28,181,26,12,38,219
10/21/2022,TLH,FL,ASO,ES,Combined TRACON& Tower with Radar,26,20,44,73,163,0,18,53,38,109,26,38,97,111,272,59,36,95,367
10/22/2022,TLH,FL,ASO,ES,Combined TRACON& Tower with Radar,24,16,29,6,75,0,4,52,4,60,24,20,81,10,135,126,0,126,261
10/23/2022,TLH,FL,ASO,ES,Combined TRACON& Tower with Radar,26,17,29,32,104,0,10,43,18,71,26,27,72,50,175,59,8,67,242
10/24/2022,TLH,FL,ASO,ES,Combined TRACON& Tower with Radar,23,19,34,40,116,0,7,43,5,55,23,26,77,45,171,28,26,54,225
10/25/2022,TLH,FL,ASO,ES,Combined TRACON& Tower with Radar,26,31,46,24,127,0,7,38,5,50,26,38,84,29,177,100,12,112,289
10/26/2022,TLH,FL,ASO,ES,Combined TRACON& Tower with Radar,26,18,29,47,120,0,4,44,13,61,26,22,73,60,181,74,8,82,263
10/27/2022,TLH,FL,ASO,ES,Combined TRACON& Tower with Radar,26,27,56,35,144,0,0,72,14,86,26,27,128,49,230,22,14,36,266
10/28/2022,TLH,FL,ASO,ES,Combined TRACON& Tower with Radar,27,30,68,47,172,0,1,37,11,49,27,31,105,58,221,32,0,32,253
10/29/2022,TLH,FL,ASO,ES,Combined TRACON& Tower with Radar,20,17,47,0,84,0,0,4,0,4,20,17,51,0,88,0,0,0,88
10/30/2022,TLH,FL,ASO,ES,Combined TRACON& Tower with Radar,24,23,36,12,95,0,1,14,7,22,24,24,50,19,117,54,0,54,171
10/31/2022,TLH,FL,ASO,ES,Combined TRACON& Tower with Radar,22,28,38,15,103,0,2,25,2,29,22,30,63,17,132,52,0,52,184
11/01/2022,TLH,FL,ASO,ES,Combined TRACON& Tower with Radar,27,21,34,43,125,0,5,47,17,69,27,26,81,60,194,59,20,79,273
11/02/2022,TLH,FL,ASO,ES,Combined TRACON& Tower with Radar,27,13,45,49,134,0,6,43,8,57,27,19,88,57,191,68,0,68,259
11/03/2022,TLH,FL,ASO,ES,Combined TRACON& Tower with Radar,26,25,50,20,121,0,8,47,6,61,26,33,97,26,182,86,20,106,288
11/04/2022,TLH,FL,ASO,ES,Combined TRACON& Tower with Radar,25,17,49,53,144,0,2,52,38,92,25,19,101,91,236,32,20,52,288
11/05/2022,TLH,FL,ASO,ES,Combined TRACON& Tower with Radar,22,16,39,8,85,0,1,56,4,61,22,17,95,12,146,72,0,72,218
11/06/2022,TLH,FL,ASO,ES,Combined TRACON& Tower with Radar,23,23,40,19,105,0,0,42,29,71,23,23,82,48,176,66,0,66,242
11/07/2022,TLH,FL,ASO,ES,Combined TRACON& Tower with Radar,23,38,32,55,148,0,1,36,2,39,23,39,68,57,187,46,60,106,293
11/08/2022,TLH,FL,ASO,ES,Combined TRACON& Tower with Radar,25,20,50,6,101,0,2,55,8,65,25,22,105,14,166,22,10,32,198
11/09/2022,TLH,FL,ASO,ES,Combined TRACON& Tower with Radar,32,16,27,18,93,0,2,29,14,45,32,18,56,32,138,32,10,42,180
11/10/2022,TLH,FL,ASO,ES,Combined TRACON& Tower with Radar,25,3,1,0,29,0,0,0,0,0,25,3,1,0,29,0,0,0,29
11/11/2022,TLH,FL,ASO,ES,Combined TRACON& Tower with Radar,27,14,29,7,77,0,1,16,5,22,27,15,45,12,99,32,0,32,131
11/12/2022,TLH,FL,ASO,ES,Combined TRACON& Tower with Radar,23,5,27,2,57,0,0,46,2,48,23,5,73,4,105,74,0,74,179
11/13/2022,TLH,FL,ASO,ES,Combined TRACON& Tower with Radar,25,9,36,1,71,0,1,44,1,46,25,10,80,2,117,48,0,48,165
11/14/2022,TLH,FL,ASO,ES,Combined TRACON& Tower with Radar,26,12,41,28,107,0,4,49,6,59,26,16,90,34,166,48,16,64,230
11/15/2022,TLH,FL,ASO,ES,Combined TRACON& Tower with Radar,26,14,30,8,78,0,0,1,0,1,26,14,31,8,79,0,0,0,79
11/16/2022,TLH,FL,ASO,ES,Combined TRACON& Tower with Radar,25,20,52,33,130,0,4,30,8,42,25,24,82,41,172,44,28,72,244
11/17/2022,TLH,FL,ASO,ES,Combined TRACON& Tower with Radar,26,19,51,39,135,0,0,43,13,56,26,19,94,52,191,10,0,10,201
11/18/2022,TLH,FL,ASO,ES,Combined TRACON& Tower with Radar,28,33,44,91,196,0,6,64,14,84,28,39,108,105,280,70,28,98,378
11/19/2022,TLH,FL,ASO,ES,Combined TRACON& Tower with Radar,25,19,44,8,96,0,1,63,4,68,25,20,107,12,164,28,0,28,192
11/20/2022,TLH,FL,ASO,ES,Combined TRACON& Tower with Radar,25,17,41,14,97,0,1,37,7,45,25,18,78,21,142,75,0,75,217
11/21/2022,TLH,FL,ASO,ES,Combined TRACON& Tower with Radar,26,12,39,52,129,0,3,39,5,47,26,15,78,57,176,46,16,62,238
11/22/2022,TLH,FL,ASO,ES,Combined TRACON& Tower with Radar,27,13,48,34,122,0,0,30,12,42,27,13,78,46,164,85,24,109,273
11/23/2022,TLH,FL,ASO,ES,Combined TRACON& Tower with Radar,26,8,40,6,80,0,0,40,0,40,26,8,80,6,120,56,0,56,176
11/24/2022,TLH,FL,ASO,ES,Combined TRACON& Tower with Radar,19,14,13,0,46,0,0,5,0,5,19,14,18,0,51,26,0,26,77
11/25/2022,TLH,FL,ASO,ES,Combined TRACON& Tower with Radar,24,32,65,0,121,0,0,4,0,4,24,32,69,0,125,0,0,0,125
11/26/2022,TLH,FL,ASO,ES,Combined TRACON& Tower with Radar,27,18,42,0,87,0,0,1,0,1,27,18,43,0,88,0,0,0,88
11/27/2022,TLH,FL,ASO,ES,Combined TRACON& Tower with Radar,24,15,51,6,96,0,0,32,0,32,24,15,83,6,128,18,0,18,146
11/28/2022,TLH,FL,ASO,ES,Combined TRACON& Tower with Radar,25,25,35,55,140,0,1,49,11,61,25,26,84,66,201,66,20,86,287
11/29/2022,TLH,FL,ASO,ES,Combined TRACON& Tower with Radar,26,20,51,26,123,0,6,39,7,52,26,26,90,33,175,53,37,90,265
11/30/2022,TLH,FL,ASO,ES,Combined TRACON& Tower with Radar,26,10,30,4,70,0,0,7,0,7,26,10,37,4,77,20,0,20,97
12/01/2022,TLH,FL,ASO,ES,Combined TRACON& Tower with Radar,25,15,43,18,101,0,3,43,8,54,25,18,86,26,155,16,6,22,177
12/02/2022,TLH,FL,ASO,ES,Combined TRACON& Tower with Radar,27,14,39,85,165,0,1,51,21,73,27,15,90,106,238,30,14,44,282
12/03/2022,TLH,FL,ASO,ES,Combined TRACON& Tower with Radar,22,2,26,0,50,0,14,67,4,85,22,16,93,4,135,66,0,66,201
12/04/2022,TLH,FL,ASO,ES,Combined TRACON& Tower with Radar,24,11,39,46,120,0,0,27,19,46,24,11,66,65,166,28,0,28,194
12/05/2022,TLH,FL,ASO,ES,Combined TRACON& Tower with Radar,26,11,27,43,107,0,1,27,0,28,26,12,54,43,135,42,12,54,189
12/06/2022,TLH,FL,ASO,ES,Combined TRACON& Tower with Radar,30,25,41,22,118,0,1,14,11,26,30,26,55,33,144,67,18,85,229
12/07/2022,TLH,FL,ASO,ES,Combined TRACON& Tower with Radar,27,20,39,29,115,0,3,36,10,49,27,23,75,39,164,34,14,48,212
12/08/2022,TLH,FL,ASO,ES,Combined TRACON& Tower with Radar,27,27,42,20,116,0,3,37,17,57,27,30,79,37,173,42,12,54,227
12/09/2022,TLH,FL,ASO,ES,Combined TRACON& Tower with Radar,27,19,47,50,143,0,4,28,9,41,27,23,75,59,184,20,0,20,204
12/10/2022,TLH,FL,ASO,ES,Combined TRACON& Tower with Radar,23,3,26,6,58,0,0,0,2,2,23,3,26,8,60,0,0,0,60
12/11/2022,TLH,FL,ASO,ES,Combined TRACON& Tower with Radar,24,12,32,55,123,0,0,3,1,4,24,12,35,56,127,24,0,24,151
12/12/2022,TLH,FL,ASO,ES,Combined TRACON& Tower with Radar,25,16,58,51,150,0,0,12,8,20,25,16,70,59,170,71,34,105,275
12/13/2022,TLH,FL,ASO,ES,Combined TRACON& Tower with Radar,23,25,58,83,189,0,2,44,15,61,23,27,102,98,250,88,78,166,416
12/14/2022,TLH,FL,ASO,ES,Combined TRACON& Tower with Radar,24,17,41,18,100,0,0,5,0,5,24,17,46,18,105,18,0,18,123
12/15/2022,TLH,FL,ASO,ES,Combined TRACON& Tower with Radar,29,20,34,17,100,0,0,34,14,48,29,20,68,31,148,17,4,21,169
12/16/2022,TLH,FL,ASO,ES,Combined TRACON& Tower with Radar,23,16,46,57,142,0,8,46,20,74,23,24,92,77,216,72,0,72,288
12/17/2022,TLH,FL,ASO,ES,Combined TRACON& Tower with Radar,23,5,29,28,85,0,2,55,5,62,23,7,84,33,147,34,4,38,185
12/18/2022,TLH,FL,ASO,ES,Combined TRACON& Tower with Radar,25,19,26,34,104,0,4,57,17,78,25,23,83,51,182,28,0,28,210
12/19/2022,TLH,FL,ASO,ES,Combined TRACON& Tower with Radar,25,22,42,30,119,0,3,56,3,62,25,25,98,33,181,72,18,90,271
12/20/2022,TLH,FL,ASO,ES,Combined TRACON& Tower with Radar,25,13,8,18,64,0,0,0,0,0,25,13,8,18,64,14,0,14,78
12/21/2022,TLH,FL,ASO,ES,Combined TRACON& Tower with Radar,27,17,48,20,112,0,0,4,0,4,27,17,52,20,116,0,0,0,116
12/22/2022,TLH,FL,ASO,ES,Combined TRACON& Tower with Radar,22,16,32,8,78,0,1,6,0,7,22,17,38,8,85,6,8,14,99
12/23/2022,TLH,FL,ASO,ES,Combined TRACON& Tower with Radar,25,7,27,3,62,0,1,28,4,33,25,8,55,7,95,6,0,6,101
12/24/2022,TLH,FL,ASO,ES,Combined TRACON& Tower with Radar,20,2,3,0,25,0,2,12,0,14,20,4,15,0,39,6,0,6,45
12/25/2022,TLH,FL,ASO,ES,Combined TRACON& Tower with Radar,21,8,0,0,29,0,1,14,0,15,21,9,14,0,44,6,0,6,50
12/26/2022,TLH,FL,ASO,ES,Combined TRACON& Tower with Radar,23,17,26,0,66,0,1,25,0,26,23,18,51,0,92,0,0,0,92
12/27/2022,TLH,FL,ASO,ES,Combined TRACON& Tower with Radar,25,16,23,21,85,0,5,48,7,60,25,21,71,28,145,13,46,59,204
12/28/2022,TLH,FL,ASO,ES,Combined TRACON& Tower with Radar,24,21,33,14,92,0,2,45,3,50,24,23,78,17,142,62,0,62,204
12/29/2022,TLH,FL,ASO,ES,Combined TRACON& Tower with Radar,24,15,28,2,69,0,2,50,9,61,24,17,78,11,130,42,0,42,172
12/30/2022,TLH,FL,ASO,ES,Combined TRACON& Tower with Radar,24,11,24,0,59,0,2,44,8,54,24,13,68,8,113,54,0,54,167
12/31/2022,TLH,FL,ASO,ES,Combined TRACON& Tower with Radar,20,4,14,0,38,0,1,3,0,4,20,5,17,0,42,12,0,12,54
01/01/2023,TLH,FL,ASO,ES,Combined TRACON& Tower with Radar,22,8,11,0,41,0,0,17,0,17,22,8,28,0,58,20,0,20,78
01/02/2023,TLH,FL,ASO,ES,Combined TRACON& Tower with Radar,22,36,71,0,129,0,5,8,5,18,22,41,79,5,147,42,0,42,189
01/03/2023,TLH,FL,ASO,ES,Combined TRACON& Tower with Radar,25,55,102,3,185,0,0,1,1,2,25,55,103,4,187,32,0,32,219
01/04/2023,TLH,FL,ASO,ES,Combined TRACON& Tower with Radar,26,23,56,7,112,0,0,3,1,4,26,23,59,8,116,0,0,0,116
01/05/2023,TLH,FL,ASO,ES,Combined TRACON& Tower with Radar,24,18,39,38,119,0,3,56,17,76,24,21,95,55,195,30,18,48,243
01/06/2023,TLH,FL,ASO,ES,Combined TRACON& Tower with Radar,26,19,26,76,147,0,9,56,22,87,26,28,82,98,234,82,36,118,352
01/07/2023,TLH,FL,ASO,ES,Combined TRACON& Tower with Radar,22,5,26,4,57,0,3,75,2,80,22,8,101,6,137,34,0,34,171
01/08/2023,TLH,FL,ASO,ES,Combined TRACON& Tower with Radar,22,12,29,74,137,0,0,53,20,73,22,12,82,94,210,60,6,66,276
01/09/2023,TLH,FL,ASO,ES,Combined TRACON& Tower with Radar,23,14,49,11,97,0,10,45,5,60,23,24,94,16,157,61,0,61,218
01/10/2023,TLH,FL,ASO,ES,Combined TRACON& Tower with Radar,25,13,44,23,105,0,7,48,8,63,25,20,92,31,168,50,12,62,230
01/11/2023,TLH,FL,ASO,ES,Combined TRACON& Tower with Radar,27,13,40,27,107,0,6,46,7,59,27,19,86,34,166,30,0,30,196
01/12/2023,TLH,FL,ASO,ES,Combined TRACON& Tower with Radar,26,10,27,35,98,0,4,18,0,22,26,14,45,35,120,24,28,52,172
01/13/2023,TLH,FL,ASO,ES,Combined TRACON& Tower with Radar,30,17,42,14,103,0,1,38,23,62,30,18,80,37,165,44,0,44,209
01/14/2023,TLH,FL,ASO,ES,Combined TRACON& Tower with Radar,26,9,28,10,73,0,5,38,3,46,26,14,66,13,119,36,0,36,155
01/15/2023,TLH,FL,ASO,ES,Combined TRACON& Tower with Radar,28,8,31,18,85,0,4,48,18,70,28,12,79,36,155,74,0,74,229
01/16/2023,TLH,FL,ASO,ES,Combined TRACON& Tower with Radar,30,12,55,6,103,0,8,51,1,60,30,20,106,7,163,48,0,48,211
01/17/2023,TLH,FL,ASO,ES,Combined TRACON& Tower with Radar,29,23,49,38,139,0,4,32,5,41,29,27,81,43,180,20,4,24,204
01/18/2023,TLH,FL,ASO,ES,Combined TRACON& Tower with Radar,30,16,44,31,121,0,3,12,9,24,30,19,56,40,145,0,8,8,153
01/19/2023,TLH,FL,ASO,ES,Combined TRACON& Tower with Radar,27,22,43,23,115,0,3,23,6,32,27,25,66,29,147,20,6,26,173
01/20/2023,TLH,FL,ASO,ES,Combined TRACON& Tower with Radar,29,19,23,53,124,0,9,73,13,95,29,28,96,66,219,48,24,72,291
01/21/2023,TLH,FL,ASO,ES,Combined TRACON& Tower with Radar,29,4,17,1,51,0,4,31,4,39,29,8,48,5,90,47,0,47,137
01/22/2023,TLH,FL,ASO,ES,Combined TRACON& Tower with Radar,35,14,19,7,75,0,0,0,6,6,35,14,19,13,81,0,0,0,81
01/23/2023,TLH,FL,ASO,ES,Combined TRACON& Tower with Radar,29,19,52,74,174,0,4,63,18,85,29,23,115,92,259,54,50,104,363
01/24/2023,TLH,FL,ASO,ES,Combined TRACON& Tower with Radar,31,18,43,24,116,0,2,62,8,72,31,20,105,32,188,45,12,57,245
01/25/2023,TLH,FL,ASO,ES,Combined TRACON& Tower with Radar,30,18,26,8,82,0,0,6,2,8,30,18,32,10,90,0,0,0,90
01/26/2023,TLH,FL,ASO,ES,Combined TRACON& Tower with Radar,29,27,55,73,184,0,7,58,16,81,29,34,113,89,265,52,78,130,395
01/27/2023,TLH,FL,ASO,ES,Combined TRACON& Tower with Radar,27,21,33,106,187,0,4,67,15,86,27,25,100,121,273,56,48,104,377
01/28/2023,TLH,FL,ASO,ES,Combined TRACON& Tower with Radar,27,6,42,19,94,0,29,92,11,132,27,35,134,30,226,18,4,22,248
01/29/2023,TLH,FL,ASO,ES,Combined TRACON& Tower with Radar,29,10,23,15,77,0,0,11,4,15,29,10,34,19,92,90,0,90,182
01/30/2023,TLH,FL,ASO,ES,Combined TRACON& Tower with Radar,26,18,37,20,101,0,1,11,0,12,26,19,48,20,113,52,14,66,179
01/31/2023,TLH,FL,ASO,ES,Combined TRACON& Tower with Radar,27,20,27,26,100,0,1,9,2,12,27,21,36,28,112,4,0,4,116
02/01/2023,TLH,FL,ASO,ES,Combined TRACON& Tower with Radar,24,10,36,32,102,0,1,9,3,13,24,11,45,35,115,50,0,50,165
02/02/2023,TLH,FL,ASO,ES,Combined TRACON& Tower with Radar,28,13,47,31,119,0,0,5,0,5,28,13,52,31,124,0,0,0,124
02/03/2023,TLH,FL,ASO,ES,Combined TRACON& Tower with Radar,29,20,49,63,161,0,2,41,30,73,29,22,90,93,234,36,30,66,300
02/04/2023,TLH,FL,ASO,ES,Combined TRACON& Tower with Radar,22,9,32,12,75,0,0,56,7,63,22,9,88,19,138,34,2,36,174
02/05/2023,TLH,FL,ASO,ES,Combined TRACON& Tower with Radar,27,16,40,26,109,0,0,38,17,55,27,16,78,43,164,120,0,120,284
02/06/2023,TLH,FL,ASO,ES,Combined TRACON& Tower with Radar,24,19,44,51,138,0,8,64,3,75,24,27,108,54,213,80,0,80,293
02/07/2023,TLH,FL,ASO,ES,Combined TRACON& Tower with Radar,26,16,65,47,154,0,4,63,8,75,26,20,128,55,229,68,26,94,323
02/08/2023,TLH,FL,ASO,ES,Combined TRACON& Tower with Radar,30,23,45,56,154,0,9,65,16,90,30,32,110,72,244,42,24,66,310
02/09/2023,TLH,FL,ASO,ES,Combined TRACON& Tower with Radar,24,17,36,35,112,0,2,45,8,55,24,19,81,43,167,146,28,174,341
02/10/2023,TLH,FL,ASO,ES,Combined TRACON& Tower with Radar,27,7,30,1,65,0,0,0,0,0,27,7,30,1,65,0,0,0,65
02/11/2023,TLH,FL,ASO,ES,Combined TRACON& Tower with Radar,25,15,13,0,53,0,0,0,0,0,25,15,13,0,53,0,0,0,53
02/12/2023,TLH,FL,ASO,ES,Combined TRACON& Tower with Radar,28,9,34,1,72,0,0,17,2,19,28,9,51,3,91,32,4,36,127
02/13/2023,TLH,FL,ASO,ES,Combined TRACON& Tower with Radar,25,18,58,43,144,0,4,68,5,77,25,22,126,48,221,70,22,92,313
02/14/2023,TLH,FL,ASO,ES,Combined TRACON& Tower with Radar,28,17,34,23,102,0,2,74,6,82,28,19,108,29,184,24,20,44,228
02/15/2023,TLH,FL,ASO,ES,Combined TRACON& Tower with Radar,27,22,53,69,171,0,5,48,11,64,27,27,101,80,235,140,24,164,399
02/16/2023,TLH,FL,ASO,ES,Combined TRACON& Tower with Radar,27,24,49,40,140,0,0,37,6,43,27,24,86,46,183,20,26,46,229
02/17/2023,TLH,FL,ASO,ES,Combined TRACON& Tower with Radar,28,10,31,25,94,0,0,10,8,18,28,10,41,33,112,4,0,4,116
02/18/2023,TLH,FL,ASO,ES,Combined TRACON& Tower with Radar,23,17,37,0,77,0,1,105,4,110,23,18,142,4,187,114,0,114,301
02/19/2023,TLH,FL,ASO,ES,Combined TRACON& Tower with Radar,26,11,44,19,100,0,26,106,3,135,26,37,150,22,235,114,0,114,349
02/20/2023,TLH,FL,ASO,ES,Combined TRACON& Tower with Radar,25,17,47,2,91,0,3,56,0,59,25,20,103,2,150,52,0,52,202
02/21/2023,TLH,FL,ASO,ES,Combined TRACON& Tower with Radar,24,20,62,69,175,0,1,48,6,55,24,21,110,75,230,22,2,24,254
02/22/2023,TLH,FL,ASO,ES,Combined TRACON& Tower with Radar,28,26,67,39,160,0,4,37,8,49,28,30,104,47,209,40,2,42,251
02/23/2023,TLH,FL,ASO,ES,Combined TRACON& Tower with Radar,27,22,69,85,203,0,1,20,4,25,27,23,89,89,228,36,0,36,264
02/24/2023,TLH,FL,ASO,ES,Combined TRACON& Tower with Radar,31,20,47,103,201,0,3,34,22,59,31,23,81,125,260,48,22,70,330
02/25/2023,TLH,FL,ASO,ES,Combined TRACON& Tower with Radar,23,14,52,28,117,0,2,33,12,47,23,16,85,40,164,10,0,10,174
02/26/2023,TLH,FL,ASO,ES,Combined TRACON& Tower with Radar,31,17,25,44,117,0,0,62,26,88,31,17,87,70,205,98,0,98,303
02/27/2023,TLH,FL,ASO,ES,Combined TRACON& Tower with Radar,28,19,26,41,114,0,0,36,9,45,28,19,62,50,159,24,42,66,225
02/28/2023,TLH,FL,ASO,ES,Combined TRACON& Tower with Radar,24,15,59,58,156,0,4,28,7,39,24,19,87,65,195,22,28,50,245
03/01/2023,TLH,FL,ASO,ES,Combined TRACON& Tower with Radar,26,15,63,36,140,0,3,37,10,50,26,18,100,46,190,48,48,96,286
03/02/2023,TLH,FL,ASO,ES,Combined TRACON& Tower with Radar,28,30,52,51,161,0,0,29,9,38,28,30,81,60,199,60,38,98,297
03/03/2023,TLH,FL,ASO,ES,Combined TRACON& Tower with Radar,36,7,26,25,94,0,0,11,9,20,36,7,37,34,114,20,16,36,150
03/04/2023,TLH,FL,ASO,ES,Combined TRACON& Tower with Radar,24,9,32,0,65,0,0,53,2,55,24,9,85,2,120,90,0,90,210
03/05/2023,TLH,FL,ASO,ES,Combined TRACON& Tower with Radar,27,13,30,13,83,0,2,52,5,59,27,15,82,18,142,124,0,124,266
03/06/2023,TLH,FL,ASO,ES,Combined TRACON& Tower with Radar,27,20,50,36,133,0,2,40,5,47,27,22,90,41,180,62,22,84,264
03/07/2023,TLH,FL,ASO,ES,Combined TRACON& Tower with Radar,29,30,38,30,127,0,5,45,2,52,29,35,83,32,179,70,0,70,249
03/08/2023,TLH,FL,ASO,ES,Combined TRACON& Tower with Radar,28,54,72,38,192,0,9,59,6,74,28,63,131,44,266,72,20,92,358
03/09/2023,TLH,FL,ASO,ES,Combined TRACON& Tower with Radar,28,28,79,53,188,0,2,49,12,63,28,30,128,65,251,52,76,128,379
03/10/2023,TLH,FL,ASO,ES,Combined TRACON& Tower with Radar,28,20,51,38,137,0,0,11,22,33,28,20,62,60,170,74,0,74,244
03/11/2023,TLH,FL,ASO,ES,Combined TRACON& Tower with Radar,24,27,35,4,90,0,21,54,7,82,24,48,89,11,172,92,0,92,264
03/12/2023,TLH,FL,ASO,ES,Combined TRACON& Tower with Radar,31,17,26,19,93,0,5,7,6,18,31,22,33,25,111,0,0,0,111
03/13/2023,TLH,FL,ASO,ES,Combined TRACON& Tower with Radar,28,18,43,20,109,0,2,17,8,27,28,20,60,28,136,0,22,22,158
03/14/2023,TLH,FL,ASO,ES,Combined TRACON& Tower with Radar,28,19,36,54,137,0,15,49,5,69,28,34,85,59,206,42,20,62,268
03/15/2023,TLH,FL,ASO,ES,Combined TRACON& Tower with Radar,29,28,69,17,143,0,9,58,14,81,29,37,127,31,224,44,0,44,268
03/16/2023,TLH,FL,ASO,ES,Combined TRACON& Tower with Radar,27,16,39,20,102,0,7,57,18,82,27,23,96,38,184,54,0,54,238
03/17/2023,TLH,FL,ASO,ES,Combined TRACON& Tower with Radar,32,14,37,48,131,0,0,29,5,34,32,14,66,53,165,64,4,68,233
03/18/2023,TLH,FL,ASO,ES,Combined TRACON& Tower with Radar,25,4,20,31,80,0,0,8,17,25,25,4,28,48,105,24,22,46,151
03/19/2023,TLH,FL,ASO,ES,Combined TRACON& Tower with Radar,27,18,31,30,106,0,13,43,6,62,27,31,74,36,168,70,0,70,238
03/20/2023,TLH,FL,ASO,ES,Combined TRACON& Tower with Radar,28,19,29,61,137,0,4,68,9,81,28,23,97,70,218,104,58,162,380
03/21/2023,TLH,FL,ASO,ES,Combined TRACON& Tower with Radar,28,24,49,68,169,0,11,56,8,75,28,35,105,76,244,72,40,112,356
03/22/2023,TLH,FL,ASO,ES,Combined TRACON& Tower with Radar,27,38,67,18,150,0,5,49,4,58,27,43,116,22,208,56,0,56,264
03/23/2023,TLH,FL,ASO,ES,Combined TRACON& Tower with Radar,29,33,33,14,109,0,4,48,11,63,29,37,81,25,172,28,4,32,204
03/24/2023,TLH,FL,ASO,ES,Combined TRACON& Tower with Radar,27,26,41,30,124,0,1,26,17,44,27,27,67,47,168,62,18,80,248
03/25/2023,TLH,FL,ASO,ES,Combined TRACON& Tower with Radar,25,10,22,1,58,0,0,6,0,6,25,10,28,1,64,36,0,36,100
03/26/2023,TLH,FL,ASO,ES,Combined TRACON& Tower with Radar,30,17,25,22,94,0,4,19,4,27,30,21,44,26,121,54,0,54,175
03/27/2023,TLH,FL,ASO,ES,Combined TRACON& Tower with Radar,28,22,57,19,126,0,6,10,11,27,28,28,67,30,153,98,30,128,281
03/28/2023,TLH,FL,ASO,ES,Combined TRACON& Tower with Radar,27,21,41,1,90,0,1,4,3,8,27,22,45,4,98,16,0,16,114
03/29/2023,TLH,FL,ASO,ES,Combined TRACON& Tower with Radar,29,32,67,3,131,0,6,71,13,90,29,38,138,16,221,30,0,30,251
03/30/2023,TLH,FL,ASO,ES,Combined TRACON& Tower with Radar,32,27,50,6,115,0,9,74,14,97,32,36,124,20,212,44,44,88,300
03/31/2023,TLH,FL,ASO,ES,Combined TRACON& Tower with Radar,27,20,52,11,110,0,6,52,26,84,27,26,104,37,194,4,0,4,198
04/01/2023,TLH,FL,ASO,ES,Combined TRACON& Tower with Radar,23,9,20,1,53,0,2,7,3,12,23,11,27,4,65,0,0,0,65
04/02/2023,TLH,FL,ASO,ES,Combined TRACON& Tower with Radar,27,22,37,7,93,0,11,76,1,88,27,33,113,8,181,32,0,32,213
04/03/2023,TLH,FL,ASO,ES,Combined TRACON& Tower with Radar,28,15,36,10,89,0,3,7,3,13,28,18,43,13,102,44,0,44,146
04/04/2023,TLH,FL,ASO,ES,Combined TRACON& Tower with Radar,23,22,51,38,134,0,1,36,9,46,23,23,87,47,180,98,0,98,278
04/05/2023,TLH,FL,ASO,ES,Combined TRACON& Tower with Radar,20,39,61,53,173,0,8,68,14,90,20,47,129,67,263,100,30,130,393
04/06/2023,TLH,FL,ASO,ES,Combined TRACON& Tower with Radar,25,21,39,83,168,0,6,55,17,78,25,27,94,100,246,52,16,68,314
04/07/2023,TLH,FL,ASO,ES,Combined TRACON& Tower with Radar,24,29,40,33,126,0,7,40,11,58,24,36,80,44,184,32,4,36,220
04/08/2023,TLH,FL,ASO,ES,Combined TRACON& Tower with Radar,19,11,19,1,50,0,0,0,1,1,19,11,19,2,51,0,0,0,51
04/09/2023,TLH,FL,ASO,ES,Combined TRACON& Tower with Radar,22,16,27,6,71,0,0,2,0,2,22,16,29,6,73,0,0,0,73
04/10/2023,TLH,FL,ASO,ES,Combined TRACON& Tower with Radar,25,26,51,24,126,0,4,31,6,41,25,30,82,30,167,52,4,56,223
04/11/2023,TLH,FL,ASO,ES,Combined TRACON& Tower with Radar,23,32,48,21,124,0,15,56,8,79,23,47,104,29,203,122,14,136,339
04/12/2023,TLH,FL,ASO,ES,Combined TRACON& Tower with Radar,21,37,51,17,126,0,2,39,7,48,21,39,90,24,174,64,4,68,242
04/13/2023,TLH,FL,ASO,ES,Combined TRACON& Tower with Radar,31,41,33,7,112,0,1,16,7,24,31,42,49,14,136,34,10,44,180
04/14/2023,TLH,FL,ASO,ES,Combined TRACON& Tower with Radar,27,49,48,78,202,0,4,38,16,58,27,53,86,94,260,22,0,22,282
04/15/2023,TLH,FL,ASO,ES,Combined TRACON& Tower with Radar,17,33,29,2,81,0,6,63,4,73,17,39,92,6,154,84,0,84,238
04/16/2023,TLH,FL,ASO,ES,Combined TRACON& Tower with Radar,26,37,30,12,105,0,2,14,7,23,26,39,44,19,128,44,0,44,172
04/17/2023,TLH,FL,ASO,ES,Combined TRACON& Tower with Radar,25,26,46,20,117,0,5,65,1,71,25,31,111,21,188,65,8,73,261
04/18/2023,TLH,FL,ASO,ES,Combined TRACON& Tower with Radar,22,43,57,35,157,0,8,77,10,95,22,51,134,45,252,76,10,86,338
04/19/2023,TLH,FL,ASO,ES,Combined TRACON& Tower with Radar,24,36,42,41,143,0,9,64,17,90,24,45,106,58,233,38,18,56,289
04/20/2023,TLH,FL,ASO,ES,Combined TRACON& Tower with Radar,27,37,31,25,120,0,8,60,14,82,27,45,91,39,202,46,8,54,256
04/21/2023,TLH,FL,ASO,ES,Combined TRACON& Tower with Radar,28,22,35,74,159,0,8,47,22,77,28,30,82,96,236,16,20,36,272
04/22/2023,TLH,FL,ASO,ES,Combined TRACON& Tower with Radar,20,19,27,3,69,0,2,38,3,43,20,21,65,6,112,42,0,42,154
04/23/2023,TLH,FL,ASO,ES,Combined TRACON& Tower with Radar,23,27,40,48,138,0,8,67,10,85,23,35,107,58,223,116,16,132,355
04/24/2023,TLH,FL,ASO,ES,Combined TRACON& Tower with Radar,25,24,57,21,127,0,3,60,10,73,25,27,117,31,200,52,0,52,252
04/25/2023,TLH,FL,ASO,ES,Combined TRACON& Tower with Radar,24,18,46,11,99,0,9,43,8,60,24,27,89,19,159,166,4,170,329
04/26/2023,TLH,FL,ASO,ES,Combined TRACON& Tower with Radar,20,30,36,13,99,0,10,44,6,60,20,40,80,19,159,132,2,134,293
04/27/2023,TLH,FL,ASO,ES,Combined TRACON& Tower with Radar,31,20,39,7,97,0,3,6,5,14,31,23,45,12,111,0,0,0,111
04/28/2023,TLH,FL,ASO,ES,Combined TRACON& Tower with Radar,24,25,38,23,110,0,0,15,12,27,24,25,53,35,137,28,2,30,167
04/29/2023,TLH,FL,ASO,ES,Combined TRACON& Tower with Radar,20,15,11,1,47,0,0,12,1,13,20,15,23,2,60,8,0,8,68
04/30/2023,TLH,FL,ASO,ES,Combined TRACON& Tower with Radar,24,28,26,4,82,0,2,18,3,23,24,30,44,7,105,60,0,60,165
05/01/2023,TLH,FL,ASO,ES,Combined TRACON& Tower with Radar,25,33,25,26,109,0,13,43,9,65,25,46,68,35,174,54,18,72,246
05/02/2023,TLH,FL,ASO,ES,Combined TRACON& Tower with Radar,25,34,33,48,140,0,5,59,15,79,25,39,92,63,219,62,40,102,321
05/03/2023,TLH,FL,ASO,ES,Combined TRACON& Tower with Radar,22,32,41,22,117,0,8,71,13,92,22,40,112,35,209,58,2,60,269
05/04/2023,TLH,FL,ASO,ES,Combined TRACON& Tower with Radar,25,26,60,17,128,0,8,76,21,105,25,34,136,38,233,56,0,56,289
05/05/2023,TLH,FL,ASO,ES,Combined TRACON& Tower with Radar,23,35,52,63,173,0,5,59,13,77,23,40,111,76,250,62,0,62,312
05/06/2023,TLH,FL,ASO,ES,Combined TRACON& Tower with Radar,20,29,18,32,99,0,16,71,4,91,20,45,89,36,190,38,0,38,228
05/07/2023,TLH,FL,ASO,ES,Combined TRACON& Tower with Radar,23,36,39,32,130,0,23,58,9,90,23,59,97,41,220,78,0,78,298
05/08/2023,TLH,FL,ASO,ES,Combined TRACON& Tower with Radar,25,33,39,40,137,0,11,47,7,65,25,44,86,47,202,58,10,68,270
05/09/2023,TLH,FL,ASO,ES,Combined TRACON& Tower with Radar,22,33,41,83,179,0,2,34,17,53,22,35,75,100,232,48,4,52,284
05/10/2023,TLH,FL,ASO,ES,Combined TRACON& Tower with Radar,20,31,43,42,136,0,3,39,13,55,20,34,82,55,191,26,0,26,217
05/11/2023,TLH,FL,ASO,ES,Combined TRACON& Tower with Radar,21,35,57,24,137,0,4,25,12,41,21,39,82,36,178,4,0,4,182
05/12/2023,TLH,FL,ASO,ES,Combined TRACON& Tower with Radar,23,35,23,37,118,0,4,23,12,39,23,39,46,49,157,0,0,0,157
05/13/2023,TLH,FL,ASO,ES,Combined TRACON& Tower with Radar,19,11,30,25,85,0,2,57,6,65,19,13,87,31,150,22,4,26,176
05/14/2023,TLH,FL,ASO,ES,Combined TRACON& Tower with Radar,22,28,24,25,99,0,3,32,14,49,22,31,56,39,148,34,8,42,190
05/15/2023,TLH,FL,ASO,ES,Combined TRACON& Tower with Radar,23,20,23,11,77,0,2,17,2,21,23,22,40,13,98,6,0,6,104
05/16/2023,TLH,FL,ASO,ES,Combined TRACON& Tower with Radar,20,24,37,10,91,0,2,25,8,35,20,26,62,18,126,73,21,94,220
05/17/2023,TLH,FL,ASO,ES,Combined TRACON& Tower with Radar,23,20,45,6,94,0,1,13,1,15,23,21,58,7,109,28,4,32,141
05/18/2023,TLH,FL,ASO,ES,Combined TRACON& Tower with Radar,23,20,40,20,103,0,2,21,8,31,23,22,61,28,134,18,24,42,176
05/19/2023,TLH,FL,ASO,ES,Combined TRACON& Tower with Radar,23,33,47,48,151,0,3,23,9,35,23,36,70,57,186,58,68,126,312
05/20/2023,TLH,FL,ASO,ES,Combined TRACON& Tower with Radar,21,18,44,34,117,0,8,40,5,53,21,26,84,39,170,60,0,60,230
05/21/2023,TLH,FL,ASO,ES,Combined TRACON& Tower with Radar,22,32,19,10,83,0,6,32,8,46,22,38,51,18,129,38,0,38,167
05/22/2023,TLH,FL,ASO,ES,Combined TRACON& Tower with Radar,23,24,30,6,83,0,0,4,0,4,23,24,34,6,87,0,0,0,87
05/23/2023,TLH,FL,ASO,ES,Combined TRACON& Tower with Radar,21,27,26,0,74,0,0,14,8,22,21,27,40,8,96,100,0,100,196
05/24/2023,TLH,FL,ASO,ES,Combined TRACON& Tower with Radar,25,34,32,10,101,0,4,9,2,15,25,38,41,12,116,4,0,4,120
05/25/2023,TLH,FL,ASO,ES,Combined TRACON& Tower with Radar,23,32,28,8,91,0,7,72,8,87,23,39,100,16,178,62,0,62,240
05/26/2023,TLH,FL,ASO,ES,Combined TRACON& Tower with Radar,23,25,44,6,98,0,2,16,7,25,23,27,60,13,123,107,0,107,230
05/27/2023,TLH,FL,ASO,ES,Combined TRACON& Tower with Radar,17,17,17,0,51,0,9,51,4,64,17,26,68,4,115,16,0,16,131
05/28/2023,TLH,FL,ASO,ES,Combined TRACON& Tower with Radar,19,23,16,0,58,0,16,36,0,52,19,39,52,0,110,48,0,48,158
05/29/2023,TLH,FL,ASO,ES,Combined TRACON& Tower with Radar,21,16,19,0,56,0,10,33,1,44,21,26,52,1,100,6,0,6,106
05/30/2023,TLH,FL,ASO,ES,Combined TRACON& Tower with Radar,23,24,28,17,92,0,20,49,5,74,23,44,77,22,166,112,0,112,278
05/31/2023,TLH,FL,ASO,ES,Combined TRACON& Tower with Radar,22,29,25,7,83,0,9,34,2,45,22,38,59,9,128,56,0,56,184
06/01/2023,TLH,FL,ASO,ES,Combined TRACON& Tower with Radar,25,25,32,13,95,0,1,3,8,12,25,26,35,21,107,0,0,0,107
06/02/2023,TLH,FL,ASO,ES,Combined TRACON& Tower with Radar,25,24,25,33,107,0,4,61,11,76,25,28,86,44,183,34,0,34,217
06/03/2023,TLH,FL,ASO,ES,Combined TRACON& Tower with Radar,21,19,24,1,65,0,5,52,8,65,21,24,76,9,130,14,0,14,144
06/04/2023,TLH,FL,ASO,ES,Combined TRACON& Tower with Radar,23,11,22,4,60,0,2,18,10,30,23,13,40,14,90,4,0,4,94
06/05/2023,TLH,FL,ASO,ES,Combined TRACON& Tower with Radar,25,31,38,41,135,0,8,37,21,66,25,39,75,62,201,90,6,96,297
06/06/2023,TLH,FL,ASO,ES,Combined TRACON& Tower with Radar,25,23,35,19,102,0,9,45,3,57,25,32,80,22,159,114,10,124,283
06/07/2023,TLH,FL,ASO,ES,Combined TRACON& Tower with Radar,24,27,40,7,98,0,2,16,6,24,24,29,56,13,122,0,0,0,122
06/08/2023,TLH,FL,ASO,ES,Combined TRACON& Tower with Radar,22,25,35,31,113,0,4,42,7,53,22,29,77,38,166,22,6,28,194
06/09/2023,TLH,FL,ASO,ES,Combined TRACON& Tower with Radar,27,26,26,32,111,0,1,40,9,50,27,27,66,41,161,70,0,70,231
06/10/2023,TLH,FL,ASO,ES,Combined TRACON& Tower with Radar,20,18,36,0,74,0,2,21,2,25,20,20,57,2,99,0,0,0,99
06/11/2023,TLH,FL,ASO,ES,Combined TRACON& Tower with Radar,23,24,20,11,78,0,2,27,11,40,23,26,47,22,118,66,18,84,202
06/12/2023,TLH,FL,ASO,ES,Combined TRACON& Tower with Radar,25,31,37,22,115,0,5,23,0,28,25,36,60,22,143,56,8,64,207
06/13/2023,TLH,FL,ASO,ES,Combined TRACON& Tower with Radar,23,19,22,6,70,0,4,34,10,48,23,23,56,16,118,48,0,48,166
06/14/2023,TLH,FL,ASO,ES,Combined TRACON& Tower with Radar,24,27,35,19,105,0,1,12,4,17,24,28,47,23,122,34,0,34,156
06/15/2023,TLH,FL,ASO,ES,Combined TRACON& Tower with Radar,25,13,22,8,68,0,0,11,0,11,25,13,33,8,79,8,0,8,87
06/16/2023,TLH,FL,ASO,ES,Combined TRACON& Tower with Radar,25,23,37,16,101,0,2,31,8,41,25,25,68,24,142,4,0,4,146
06/17/2023,TLH,FL,ASO,ES,Combined TRACON& Tower with Radar,26,21,16,0,63,0,7,22,2,31,26,28,38,2,94,10,0,10,104
06/18/2023,TLH,FL,ASO,ES,Combined TRACON& Tower with Radar,26,14,30,5,75,0,10,34,0,44,26,24,64,5,119,50,0,50,169
06/19/2023,TLH,FL,ASO,ES,Combined TRACON& Tower with Radar,22,14,23,0,59,0,2,13,1,16,22,16,36,1,75,2,0,2,77
06/20/2023,TLH,FL,ASO,ES,Combined TRACON& Tower with Radar,25,22,35,63,145,0,8,41,7,56,25,30,76,70,201,70,16,86,287
06/21/2023,TLH,FL,ASO,ES,Combined TRACON& Tower with Radar,26,17,18,0,61,0,0,11,0,11,26,17,29,0,72,8,0,8,80
06/22/2023,TLH,FL,ASO,ES,Combined TRACON& Tower with Radar,25,16,21,4,66,0,0,24,6,30,25,16,45,10,96,60,0,60,156
06/23/2023,TLH,FL,ASO,ES,Combined TRACON& Tower with Radar,24,28,25,10,87,0,6,34,12,52,24,34,59,22,139,40,0,40,179
06/24/2023,TLH,FL,ASO,ES,Combined TRACON& Tower with Radar,22,20,38,12,92,0,8,34,5,47,22,28,72,17,139,34,0,34,173
06/25/2023,TLH,FL,ASO,ES,Combined TRACON& Tower with Radar,24,30,11,10,75,0,34,64,9,107,24,64,75,19,182,54,0,54,236
06/26/2023,TLH,FL,ASO,ES,Combined TRACON& Tower with Radar,25,40,26,23,114,0,13,38,6,57,25,53,64,29,171,34,4,38,209
06/27/2023,TLH,FL,ASO,ES,Combined TRACON& Tower with Radar,25,29,30,25,109,0,10,32,5,47,25,39,62,30,156,36,14,50,206
06/28/2023,TLH,FL,ASO,ES,Combined TRACON& Tower with Radar,24,33,26,54,137,0,11,45,12,68,24,44,71,66,205,104,6,110,315
06/29/2023,TLH,FL,ASO,ES,Combined TRACON& Tower with Radar,24,28,39,59,150,0,15,49,12,76,24,43,88,71,226,38,6,44,270
06/30/2023,TLH,FL,ASO,ES,Combined TRACON& Tower with Radar,24,32,40,21,117,0,17,55,9,81,24,49,95,30,198,30,10,40,238
07/01/2023,TLH,FL,ASO,ES,Combined TRACON& Tower with Radar,19,15,23,8,65,0,11,35,4,50,19,26,58,12,115,26,0,26,141
07/02/2023,TLH,FL,ASO,ES,Combined TRACON& Tower with Radar,18,24,15,0,57,0,9,26,2,37,18,33,41,2,94,66,0,66,160
07/03/2023,TLH,FL,ASO,ES,Combined TRACON& Tower with Radar,21,17,11,0,49,0,15,37,1,53,21,32,48,1,102,46,0,46,148
07/04/2023,TLH,FL,ASO,ES,Combined TRACON& Tower with Radar,19,14,13,0,46,0,11,21,3,35,19,25,34,3,81,52,0,52,133
07/05/2023,TLH,FL,ASO,ES,Combined TRACON& Tower with Radar,22,18,11,6,57,0,6,28,9,43,22,24,39,15,100,98,10,108,208
07/06/2023,TLH,FL,ASO,ES,Combined TRACON& Tower with Radar,21,27,27,17,92,0,7,40,12,59,21,34,67,29,151,88,0,88,239
07/07/2023,TLH,FL,ASO,ES,Combined TRACON& Tower with Radar,24,25,29,42,120,0,8,38,21,67,24,33,67,63,187,12,0,12,199
07/08/2023,TLH,FL,ASO,ES,Combined TRACON& Tower with Radar,21,19,22,4,66,0,7,37,5,49,21,26,59,9,115,56,0,56,171
07/09/2023,TLH,FL,ASO,ES,Combined TRACON& Tower with Radar,20,22,19,4,65,0,4,14,3,21,20,26,33,7,86,104,0,104,190
07/10/2023,TLH,FL,ASO,ES,Combined TRACON& Tower with Radar,24,26,20,0,70,0,2,13,0,15,24,28,33,0,85,28,0,28,113
07/11/2023,TLH,FL,ASO,ES,Combined TRACON& Tower with Radar,25,26,34,16,101,0,2,43,5,50,25,28,77,21,151,73,11,84,235
07/12/2023,TLH,FL,ASO,ES,Combined TRACON& Tower with Radar,25,25,33,36,119,0,7,32,15,54,25,32,65,51,173,48,16,64,237
07/13/2023,TLH,FL,ASO,ES,Combined TRACON& Tower with Radar,24,20,24,14,82,0,9,24,10,43,24,29,48,24,125,74,8,82,207
07/14/2023,TLH,FL,ASO,ES,Combined TRACON& Tower with Radar,24,19,37,5,85,0,4,13,1,18,24,23,50,6,103,0,0,0,103
07/15/2023,TLH,FL,ASO,ES,Combined TRACON& Tower with Radar,23,9,20,2,54,0,1,6,4,11,23,10,26,6,65,2,0,2,67
07/16/2023,TLH,FL,ASO,ES,Combined TRACON& Tower with Radar,21,15,29,2,67,0,0,9,1,10,21,15,38,3,77,16,0,16,93
07/17/2023,TLH,FL,ASO,ES,Combined TRACON& Tower with Radar,26,33,30,18,107,0,12,33,3,48,26,45,63,21,155,62,14,76,231
07/18/2023,TLH,FL,ASO,ES,Combined TRACON& Tower with Radar,24,22,36,34,116,0,10,47,6,63,24,32,83,40,179,88,6,94,273
07/19/2023,TLH,FL,ASO,ES,Combined TRACON& Tower with Radar,26,27,60,56,169,0,4,50,8,62,26,31,110,64,231,76,24,100,331
07/20/2023,TLH,FL,ASO,ES,Combined TRACON& Tower with Radar,33,32,49,58,172,0,14,43,16,73,33,46,92,74,245,30,14,44,289
07/21/2023,TLH,FL,ASO,ES,Combined TRACON& Tower with Radar,27,30,28,50,135,0,23,38,13,74,27,53,66,63,209,80,18,98,307
07/22/2023,TLH,FL,ASO,ES,Combined TRACON& Tower with Radar,22,10,20,8,60,0,4,32,4,40,22,14,52,12,100,18,0,18,118
07/23/2023,TLH,FL,ASO,ES,Combined TRACON& Tower with Radar,22,14,28,5,69,0,1,5,1,7,22,15,33,6,76,34,0,34,110
07/24/2023,TLH,FL,ASO,ES,Combined TRACON& Tower with Radar,25,30,37,4,96,0,2,18,0,20,25,32,55,4,116,108,0,108,224
07/25/2023,TLH,FL,ASO,ES,Combined TRACON& Tower with Radar,26,37,36,63,162,0,15,39,11,65,26,52,75,74,227,78,16,94,321
07/26/2023,TLH,FL,ASO,ES,Combined TRACON& Tower with Radar,26,37,45,65,173,0,20,42,17,79,26,57,87,82,252,24,6,30,282
07/27/2023,TLH,FL,ASO,ES,Combined TRACON& Tower with Radar,23,45,29,27,124,0,22,41,12,75,23,67,70,39,199,36,10,46,245
07/28/2023,TLH,FL,ASO,ES,Combined TRACON& Tower with Radar,24,24,21,13,82,0,11,27,17,55,24,35,48,30,137,22,10,32,169
07/29/2023,TLH,FL,ASO,ES,Combined TRACON& Tower with Radar,22,16,16,10,64,0,4,30,2,36,22,20,46,12,100,14,0,14,114
07/30/2023,TLH,FL,ASO,ES,Combined TRACON& Tower with Radar,24,23,19,17,83,0,9,29,5,43,24,32,48,22,126,4,0,4,130
07/31/2023,TLH,FL,ASO,ES,Combined TRACON& Tower with Radar,24,33,26,28,111,0,16,37,6,59,24,49,63,34,170,106,2,108,278
08/01/2023,TLH,FL,ASO,ES,Combined TRACON& Tower with Radar,25,31,51,9,116,0,5,42,7,54,25,36,93,16,170,34,10,44,214
08/02/2023,TLH,FL,ASO,ES,Combined TRACON& Tower with Radar,24,35,34,53,146,0,8,49,17,74,24,43,83,70,220,34,24,58,278
08/03/2023,TLH,FL,ASO,ES,Combined TRACON& Tower with Radar,25,33,51,27,136,0,17,53,6,76,25,50,104,33,212,28,0,28,240
08/04/2023,TLH,FL,ASO,ES,Combined TRACON& Tower with Radar,25,20,23,29,97,0,7,35,10,52,25,27,58,39,149,42,8,50,199
08/05/2023,TLH,FL,ASO,ES,Combined TRACON& Tower with Radar,23,10,9,0,42,0,6,12,1,19,23,16,21,1,61,54,0,54,115
08/06/2023,TLH,FL,ASO,ES,Combined TRACON& Tower with Radar,26,13,44,18,101,0,7,24,4,35,26,20,68,22,136,18,0,18,154
08/07/2023,TLH,FL,ASO,ES,Combined TRACON& Tower with Radar,22,25,22,16,85,0,13,47,8,68,22,38,69,24,153,24,46,70,223
08/08/2023,TLH,FL,ASO,ES,Combined TRACON& Tower with Radar,26,28,40,11,105,0,6,46,11,63,26,34,86,22,168,46,0,46,214
08/09/2023,TLH,FL,ASO,ES,Combined TRACON& Tower with Radar,25,22,34,17,98,0,3,50,14,67,25,25,84,31,165,30,2,32,197
08/10/2023,TLH,FL,ASO,ES,Combined TRACON& Tower with Radar,26,24,28,25,103,0,13,49,16,78,26,37,77,41,181,78,0,78,259
08/11/2023,TLH,FL,ASO,ES,Combined TRACON& Tower with Radar,26,20,12,32,90,0,13,23,10,46,26,33,35,42,136,0,0,0,136
08/12/2023,TLH,FL,ASO,ES,Combined TRACON& Tower with Radar,22,19,8,6,55,0,9,23,0,32,22,28,31,6,87,70,0,70,157
08/13/2023,TLH,FL,ASO,ES,Combined TRACON& Tower with Radar,23,19,19,16,77,0,11,34,8,53,23,30,53,24,130,42,0,42,172
08/14/2023,TLH,FL,ASO,ES,Combined TRACON& Tower with Radar,23,20,35,4,82,0,3,22,5,30,23,23,57,9,112,30,0,30,142
08/15/2023,TLH,FL,ASO,ES,Combined TRACON& Tower with Radar,29,17,24,5,75,0,8,19,9,36,29,25,43,14,111,10,0,10,121
08/16/2023,TLH,FL,ASO,ES,Combined TRACON& Tower with Radar,29,20,27,18,94,0,3,16,8,27,29,23,43,26,121,32,6,38,159
08/17/2023,TLH,FL,ASO,ES,Combined TRACON& Tower with Radar,27,19,27,32,105,0,5,46,12,63,27,24,73,44,168,14,6,20,188
08/18/2023,TLH,FL,ASO,ES,Combined TRACON& Tower with Radar,29,23,13,29,94,0,2,57,14,73,29,25,70,43,167,40,0,40,207
08/19/2023,TLH,FL,ASO,ES,Combined TRACON& Tower with Radar,24,15,13,14,66,0,14,25,7,46,24,29,38,21,112,50,0,50,162
08/20/2023,TLH,FL,ASO,ES,Combined TRACON& Tower with Radar,28,14,21,0,63,0,3,36,6,45,28,17,57,6,108,54,0,54,162
08/21/2023,TLH,FL,ASO,ES,Combined TRACON& Tower with Radar,27,27,38,23,115,0,11,29,5,45,27,38,67,28,160,56,0,56,216
08/22/2023,TLH,FL,ASO,ES,Combined TRACON& Tower with Radar,28,27,27,19,101,0,43,49,8,100,28,70,76,27,201,14,0,14,215
08/23/2023,TLH,FL,ASO,ES,Combined TRACON& Tower with Radar,27,21,25,17,90,0,13,33,7,53,27,34,58,24,143,40,0,40,183
08/24/2023,TLH,FL,ASO,ES,Combined TRACON& Tower with Radar,30,26,38,12,106,0,9,59,6,74,30,35,97,18,180,8,0,8,188
08/25/2023,TLH,FL,ASO,ES,Combined TRACON& Tower with Radar,27,24,33,47,131,0,34,28,22,84,27,58,61,69,215,52,0,52,267
08/26/2023,TLH,FL,ASO,ES,Combined TRACON& Tower with Radar,23,19,20,5,67,0,9,40,3,52,23,28,60,8,119,20,0,20,139
08/27/2023,TLH,FL,ASO,ES,Combined TRACON& Tower with Radar,27,15,27,1,70,0,5,22,17,44,27,20,49,18,114,70,0,70,184
08/28/2023,TLH,FL,ASO,ES,Combined TRACON& Tower with Radar,27,29,24,6,86,0,13,29,3,45,27,42,53,9,131,17,0,17,148
08/29/2023,TLH,FL,ASO,ES,Combined TRACON& Tower with Radar,28,16,19,2,65,0,0,4,3,7,28,16,23,5,72,0,0,0,72
08/30/2023,TLH,FL,ASO,ES,Combined TRACON& Tower with Radar,2,3,3,0,8,0,4,10,6,20,2,7,13,6,28,0,0,0,28
08/31/2023,TLH,FL,ASO,ES,Combined TRACON& Tower with Radar,20,19,39,3,81,0,6,55,9,70,20,25,94,12,151,6,0,6,157
