01/01/2020,TMB,FL,ASO,ES,Towers with Radar,0,4,41,0,45,0,0,165,0,165,0,4,206,0,210,90,0,90,300
01/02/2020,TMB,FL,ASO,ES,Towers with Radar,0,16,80,2,98,0,2,338,1,341,0,18,418,3,439,435,0,435,874
01/03/2020,TMB,FL,ASO,ES,Towers with Radar,0,16,90,0,106,0,0,210,2,212,0,16,300,2,318,229,0,229,547
01/04/2020,TMB,FL,ASO,ES,Towers with Radar,0,29,66,0,95,0,0,250,0,250,0,29,316,0,345,226,0,226,571
01/05/2020,TMB,FL,ASO,ES,Towers with Radar,0,25,69,0,94,0,0,225,0,225,0,25,294,0,319,121,0,121,440
01/06/2020,TMB,FL,ASO,ES,Towers with Radar,0,13,98,0,111,0,0,322,0,322,0,13,420,0,433,377,0,377,810
01/07/2020,TMB,FL,ASO,ES,Towers with Radar,0,12,65,0,77,0,4,358,0,362,0,16,423,0,439,424,0,424,863
01/08/2020,TMB,FL,ASO,ES,Towers with Radar,0,5,78,0,83,0,0,308,0,308,0,5,386,0,391,313,0,313,704
01/09/2020,TMB,FL,ASO,ES,Towers with Radar,0,6,58,0,64,0,3,151,2,156,0,9,209,2,220,81,0,81,301
01/10/2020,TMB,FL,ASO,ES,Towers with Radar,0,13,44,0,57,0,2,103,0,105,0,15,147,0,162,105,0,105,267
01/11/2020,TMB,FL,ASO,ES,Towers with Radar,0,11,41,0,52,0,2,137,0,139,0,13,178,0,191,115,0,115,306
01/12/2020,TMB,FL,ASO,ES,Towers with Radar,0,13,64,0,77,0,1,166,0,167,0,14,230,0,244,92,0,92,336
01/13/2020,TMB,FL,ASO,ES,Towers with Radar,0,4,87,0,91,0,1,253,0,254,0,5,340,0,345,325,0,325,670
01/14/2020,TMB,FL,ASO,ES,Towers with Radar,0,6,76,1,83,0,0,328,3,331,0,6,404,4,414,548,0,548,962
01/15/2020,TMB,FL,ASO,ES,Towers with Radar,0,7,68,0,75,0,2,411,0,413,0,9,479,0,488,562,0,562,1050
01/16/2020,TMB,FL,ASO,ES,Towers with Radar,0,20,88,0,108,0,4,338,0,342,0,24,426,0,450,506,0,506,956
01/17/2020,TMB,FL,ASO,ES,Towers with Radar,0,9,82,0,91,0,0,190,0,190,0,9,272,0,281,217,0,217,498
01/18/2020,TMB,FL,ASO,ES,Towers with Radar,0,1,51,0,52,0,0,245,0,245,0,1,296,0,297,267,0,267,564
01/19/2020,TMB,FL,ASO,ES,Towers with Radar,0,3,65,0,68,0,1,358,0,359,0,4,423,0,427,465,0,465,892
01/20/2020,TMB,FL,ASO,ES,Towers with Radar,0,18,70,0,88,0,0,266,0,266,0,18,336,0,354,336,0,336,690
01/21/2020,TMB,FL,ASO,ES,Towers with Radar,0,13,74,0,87,0,0,260,3,263,0,13,334,3,350,287,0,287,637
01/22/2020,TMB,FL,ASO,ES,Towers with Radar,0,10,52,0,62,0,2,234,0,236,0,12,286,0,298,176,0,176,474
01/23/2020,TMB,FL,ASO,ES,Towers with Radar,0,8,56,0,64,0,0,214,0,214,0,8,270,0,278,232,0,232,510
01/24/2020,TMB,FL,ASO,ES,Towers with Radar,0,11,104,0,115,0,3,406,1,410,0,14,510,1,525,477,0,477,1002
01/25/2020,TMB,FL,ASO,ES,Towers with Radar,0,7,48,0,55,0,0,372,0,372,0,7,420,0,427,472,0,472,899
01/26/2020,TMB,FL,ASO,ES,Towers with Radar,0,8,85,0,93,0,3,342,0,345,0,11,427,0,438,298,0,298,736
01/27/2020,TMB,FL,ASO,ES,Towers with Radar,0,5,58,4,67,0,1,296,3,300,0,6,354,7,367,442,0,442,809
01/28/2020,TMB,FL,ASO,ES,Towers with Radar,1,1,103,0,105,0,2,303,0,305,1,3,406,0,410,471,0,471,881
01/29/2020,TMB,FL,ASO,ES,Towers with Radar,0,7,30,0,37,0,1,323,1,325,0,8,353,1,362,421,0,421,783
01/30/2020,TMB,FL,ASO,ES,Towers with Radar,0,13,43,0,56,0,0,328,2,330,0,13,371,2,386,252,0,252,638
01/31/2020,TMB,FL,ASO,ES,Towers with Radar,0,19,52,0,71,0,0,285,0,285,0,19,337,0,356,258,0,258,614
02/01/2020,TMB,FL,ASO,ES,Towers with Radar,0,21,31,0,52,0,1,71,0,72,0,22,102,0,124,204,0,204,328
02/02/2020,TMB,FL,ASO,ES,Towers with Radar,0,9,45,0,54,0,0,176,0,176,0,9,221,0,230,90,0,90,320
02/03/2020,TMB,FL,ASO,ES,Towers with Radar,1,14,64,0,79,0,1,295,0,296,1,15,359,0,375,413,0,413,788
02/04/2020,TMB,FL,ASO,ES,Towers with Radar,0,2,108,0,110,0,1,363,0,364,0,3,471,0,474,559,0,559,1033
02/05/2020,TMB,FL,ASO,ES,Towers with Radar,0,9,92,0,101,0,4,371,0,375,0,13,463,0,476,376,0,376,852
02/06/2020,TMB,FL,ASO,ES,Towers with Radar,0,8,51,0,59,0,0,163,0,163,0,8,214,0,222,100,0,100,322
02/07/2020,TMB,FL,ASO,ES,Towers with Radar,0,6,60,0,66,0,1,145,0,146,0,7,205,0,212,281,0,281,493
02/08/2020,TMB,FL,ASO,ES,Towers with Radar,0,9,63,0,72,0,2,396,0,398,0,11,459,0,470,323,0,323,793
02/09/2020,TMB,FL,ASO,ES,Towers with Radar,0,8,79,0,87,0,0,258,0,258,0,8,337,0,345,173,0,173,518
02/10/2020,TMB,FL,ASO,ES,Towers with Radar,0,1,99,0,100,0,0,223,1,224,0,1,322,1,324,191,0,191,515
02/11/2020,TMB,FL,ASO,ES,Towers with Radar,0,10,111,0,121,0,1,366,0,367,0,11,477,0,488,389,0,389,877
02/12/2020,TMB,FL,ASO,ES,Towers with Radar,0,17,102,0,119,0,2,337,1,340,0,19,439,1,459,356,0,356,815
02/13/2020,TMB,FL,ASO,ES,Towers with Radar,0,21,125,0,146,0,2,329,1,332,0,23,454,1,478,183,0,183,661
02/14/2020,TMB,FL,ASO,ES,Towers with Radar,0,15,76,0,91,0,0,257,0,257,0,15,333,0,348,315,0,315,663
02/15/2020,TMB,FL,ASO,ES,Towers with Radar,0,6,77,0,83,0,0,163,0,163,0,6,240,0,246,180,0,180,426
02/16/2020,TMB,FL,ASO,ES,Towers with Radar,0,7,75,0,82,0,0,183,0,183,0,7,258,0,265,201,0,201,466
02/17/2020,TMB,FL,ASO,ES,Towers with Radar,0,10,152,0,162,0,4,474,0,478,0,14,626,0,640,442,0,442,1082
02/18/2020,TMB,FL,ASO,ES,Towers with Radar,0,15,124,0,139,0,5,420,0,425,0,20,544,0,564,510,0,510,1074
02/19/2020,TMB,FL,ASO,ES,Towers with Radar,0,12,124,0,136,0,4,436,0,440,0,16,560,0,576,534,0,534,1110
02/20/2020,TMB,FL,ASO,ES,Towers with Radar,1,9,99,0,109,0,2,443,0,445,1,11,542,0,554,450,0,450,1004
02/21/2020,TMB,FL,ASO,ES,Towers with Radar,0,13,74,0,87,0,1,78,0,79,0,14,152,0,166,104,0,104,270
02/22/2020,TMB,FL,ASO,ES,Towers with Radar,0,5,108,0,113,0,0,325,0,325,0,5,433,0,438,175,0,175,613
02/23/2020,TMB,FL,ASO,ES,Towers with Radar,0,15,61,0,76,0,0,305,1,306,0,15,366,1,382,227,0,227,609
02/24/2020,TMB,FL,ASO,ES,Towers with Radar,0,6,86,0,92,0,2,431,4,437,0,8,517,4,529,275,0,275,804
02/25/2020,TMB,FL,ASO,ES,Towers with Radar,0,3,111,0,114,0,10,455,0,465,0,13,566,0,579,446,0,446,1025
02/26/2020,TMB,FL,ASO,ES,Towers with Radar,0,9,71,0,80,0,1,203,0,204,0,10,274,0,284,273,0,273,557
02/27/2020,TMB,FL,ASO,ES,Towers with Radar,0,12,75,0,87,0,6,282,2,290,0,18,357,2,377,145,0,145,522
02/28/2020,TMB,FL,ASO,ES,Towers with Radar,0,15,83,0,98,0,1,324,1,326,0,16,407,1,424,153,0,153,577
02/29/2020,TMB,FL,ASO,ES,Towers with Radar,0,4,79,0,83,0,4,362,0,366,0,8,441,0,449,298,0,298,747
03/01/2020,TMB,FL,ASO,ES,Towers with Radar,0,17,55,0,72,0,2,346,0,348,0,19,401,0,420,228,0,228,648
03/02/2020,TMB,FL,ASO,ES,Towers with Radar,0,11,76,0,87,0,11,309,0,320,0,22,385,0,407,288,0,288,695
03/03/2020,TMB,FL,ASO,ES,Towers with Radar,0,9,62,0,71,0,4,325,1,330,0,13,387,1,401,392,0,392,793
03/04/2020,TMB,FL,ASO,ES,Towers with Radar,0,5,104,0,109,0,1,369,0,370,0,6,473,0,479,399,0,399,878
03/05/2020,TMB,FL,ASO,ES,Towers with Radar,0,3,81,0,84,0,1,370,0,371,0,4,451,0,455,311,0,311,766
03/06/2020,TMB,FL,ASO,ES,Towers with Radar,0,5,73,0,78,0,0,215,0,215,0,5,288,0,293,163,0,163,456
03/07/2020,TMB,FL,ASO,ES,Towers with Radar,0,5,80,0,85,0,0,249,0,249,0,5,329,0,334,177,0,177,511
03/08/2020,TMB,FL,ASO,ES,Towers with Radar,0,11,70,0,81,0,0,161,0,161,0,11,231,0,242,61,0,61,303
03/09/2020,TMB,FL,ASO,ES,Towers with Radar,0,13,62,0,75,0,1,166,0,167,0,14,228,0,242,96,0,96,338
03/10/2020,TMB,FL,ASO,ES,Towers with Radar,0,2,97,0,99,0,0,370,0,370,0,2,467,0,469,467,0,467,936
03/11/2020,TMB,FL,ASO,ES,Towers with Radar,0,9,93,0,102,0,1,428,0,429,0,10,521,0,531,540,0,540,1071
03/12/2020,TMB,FL,ASO,ES,Towers with Radar,0,5,90,0,95,0,5,389,0,394,0,10,479,0,489,561,0,561,1050
03/13/2020,TMB,FL,ASO,ES,Towers with Radar,0,17,94,0,111,0,2,402,0,404,0,19,496,0,515,477,0,477,992
03/14/2020,TMB,FL,ASO,ES,Towers with Radar,0,18,61,0,79,0,0,298,0,298,0,18,359,0,377,371,0,371,748
03/15/2020,TMB,FL,ASO,ES,Towers with Radar,0,16,85,0,101,0,0,372,0,372,0,16,457,0,473,297,0,297,770
03/16/2020,TMB,FL,ASO,ES,Towers with Radar,0,11,81,0,92,0,0,362,0,362,0,11,443,0,454,510,0,510,964
03/17/2020,TMB,FL,ASO,ES,Towers with Radar,0,8,70,0,78,0,0,343,0,343,0,8,413,0,421,531,0,531,952
03/18/2020,TMB,FL,ASO,ES,Towers with Radar,0,8,76,0,84,0,0,318,0,318,0,8,394,0,402,420,0,420,822
03/19/2020,TMB,FL,ASO,ES,Towers with Radar,0,7,82,0,89,0,0,232,0,232,0,7,314,0,321,323,0,323,644
03/20/2020,TMB,FL,ASO,ES,Towers with Radar,0,3,84,0,87,0,0,281,0,281,0,3,365,0,368,389,0,389,757
03/21/2020,TMB,FL,ASO,ES,Towers with Radar,0,8,72,0,80,0,0,242,1,243,0,8,314,1,323,358,0,358,681
03/22/2020,TMB,FL,ASO,ES,Towers with Radar,0,6,38,0,44,0,0,186,0,186,0,6,224,0,230,261,0,261,491
03/23/2020,TMB,FL,ASO,ES,Towers with Radar,0,4,52,0,56,0,0,176,0,176,0,4,228,0,232,346,0,346,578
03/24/2020,TMB,FL,ASO,ES,Towers with Radar,0,2,55,0,57,0,0,216,0,216,0,2,271,0,273,340,0,340,613
03/25/2020,TMB,FL,ASO,ES,Towers with Radar,0,1,46,0,47,0,0,153,0,153,0,1,199,0,200,454,0,454,654
03/26/2020,TMB,FL,ASO,ES,Towers with Radar,0,5,53,0,58,0,0,183,0,183,0,5,236,0,241,260,0,260,501
03/27/2020,TMB,FL,ASO,ES,Towers with Radar,0,1,43,0,44,0,0,161,0,161,0,1,204,0,205,315,0,315,520
03/28/2020,TMB,FL,ASO,ES,Towers with Radar,0,3,43,0,46,0,0,154,0,154,0,3,197,0,200,265,0,265,465
03/29/2020,TMB,FL,ASO,ES,Towers with Radar,0,3,12,0,15,0,0,140,0,140,0,3,152,0,155,126,0,126,281
03/30/2020,TMB,FL,ASO,ES,Towers with Radar,0,3,24,0,27,0,0,154,0,154,0,3,178,0,181,285,0,285,466
03/31/2020,TMB,FL,ASO,ES,Towers with Radar,0,4,29,0,33,0,0,179,0,179,0,4,208,0,212,310,0,310,522
04/01/2020,TMB,FL,ASO,ES,Towers with Radar,0,1,27,0,28,0,0,124,0,124,0,1,151,0,152,335,0,335,487
04/02/2020,TMB,FL,ASO,ES,Towers with Radar,0,4,39,0,43,0,0,202,0,202,0,4,241,0,245,422,0,422,667
04/03/2020,TMB,FL,ASO,ES,Towers with Radar,0,1,31,0,32,0,0,162,0,162,0,1,193,0,194,331,0,331,525
04/04/2020,TMB,FL,ASO,ES,Towers with Radar,0,2,27,1,30,0,0,127,3,130,0,2,154,4,160,134,0,134,294
04/05/2020,TMB,FL,ASO,ES,Towers with Radar,0,0,15,0,15,0,0,58,0,58,0,0,73,0,73,83,0,83,156
04/06/2020,TMB,FL,ASO,ES,Towers with Radar,0,0,34,0,34,0,0,83,0,83,0,0,117,0,117,166,0,166,283
04/07/2020,TMB,FL,ASO,ES,Towers with Radar,0,2,41,0,43,0,0,111,0,111,0,2,152,0,154,70,0,70,224
04/08/2020,TMB,FL,ASO,ES,Towers with Radar,0,0,31,0,31,0,0,113,0,113,0,0,144,0,144,216,0,216,360
04/09/2020,TMB,FL,ASO,ES,Towers with Radar,0,0,22,0,22,0,0,103,0,103,0,0,125,0,125,178,0,178,303
04/10/2020,TMB,FL,ASO,ES,Towers with Radar,0,2,14,0,16,0,0,107,0,107,0,2,121,0,123,222,0,222,345
04/11/2020,TMB,FL,ASO,ES,Towers with Radar,0,0,31,0,31,0,0,91,0,91,0,0,122,0,122,193,0,193,315
04/12/2020,TMB,FL,ASO,ES,Towers with Radar,0,0,12,0,12,0,0,52,0,52,0,0,64,0,64,84,0,84,148
04/13/2020,TMB,FL,ASO,ES,Towers with Radar,0,0,24,0,24,0,0,108,0,108,0,0,132,0,132,66,0,66,198
04/14/2020,TMB,FL,ASO,ES,Towers with Radar,0,1,34,0,35,0,0,133,0,133,0,1,167,0,168,182,0,182,350
04/15/2020,TMB,FL,ASO,ES,Towers with Radar,0,5,24,0,29,0,0,137,0,137,0,5,161,0,166,122,0,122,288
04/16/2020,TMB,FL,ASO,ES,Towers with Radar,0,3,31,0,34,0,0,138,0,138,0,3,169,0,172,156,0,156,328
04/17/2020,TMB,FL,ASO,ES,Towers with Radar,0,4,26,2,32,0,0,107,0,107,0,4,133,2,139,187,0,187,326
04/18/2020,TMB,FL,ASO,ES,Towers with Radar,0,0,20,0,20,0,0,97,0,97,0,0,117,0,117,113,0,113,230
04/19/2020,TMB,FL,ASO,ES,Towers with Radar,0,1,31,0,32,0,1,169,0,170,0,2,200,0,202,188,0,188,390
04/20/2020,TMB,FL,ASO,ES,Towers with Radar,0,2,14,0,16,0,1,85,0,86,0,3,99,0,102,98,0,98,200
04/21/2020,TMB,FL,ASO,ES,Towers with Radar,0,2,35,0,37,0,0,130,0,130,0,2,165,0,167,259,0,259,426
04/22/2020,TMB,FL,ASO,ES,Towers with Radar,0,0,69,0,69,0,2,218,0,220,0,2,287,0,289,328,0,328,617
04/23/2020,TMB,FL,ASO,ES,Towers with Radar,0,4,57,6,67,0,0,224,0,224,0,4,281,6,291,157,0,157,448
04/24/2020,TMB,FL,ASO,ES,Towers with Radar,0,2,31,0,33,0,0,142,0,142,0,2,173,0,175,161,0,161,336
04/25/2020,TMB,FL,ASO,ES,Towers with Radar,0,2,12,4,18,0,0,70,0,70,0,2,82,4,88,135,0,135,223
04/26/2020,TMB,FL,ASO,ES,Towers with Radar,0,4,14,0,18,0,0,68,0,68,0,4,82,0,86,156,0,156,242
04/27/2020,TMB,FL,ASO,ES,Towers with Radar,0,1,36,1,38,0,0,232,0,232,0,1,268,1,270,277,0,277,547
04/28/2020,TMB,FL,ASO,ES,Towers with Radar,0,0,52,1,53,0,0,216,1,217,0,0,268,2,270,296,0,296,566
04/29/2020,TMB,FL,ASO,ES,Towers with Radar,0,0,63,0,63,0,0,226,0,226,0,0,289,0,289,238,0,238,527
04/30/2020,TMB,FL,ASO,ES,Towers with Radar,0,2,26,0,28,0,0,93,0,93,0,2,119,0,121,155,0,155,276
05/01/2020,TMB,FL,ASO,ES,Towers with Radar,0,4,79,0,83,4,0,261,0,265,4,4,340,0,348,265,0,265,613
05/02/2020,TMB,FL,ASO,ES,Towers with Radar,0,0,56,0,56,0,0,237,0,237,0,0,293,0,293,162,0,162,455
05/03/2020,TMB,FL,ASO,ES,Towers with Radar,0,1,36,0,37,0,0,138,0,138,0,1,174,0,175,94,0,94,269
05/04/2020,TMB,FL,ASO,ES,Towers with Radar,0,3,57,0,60,0,0,193,0,193,0,3,250,0,253,321,0,321,574
05/05/2020,TMB,FL,ASO,ES,Towers with Radar,0,0,60,0,60,0,0,201,0,201,0,0,261,0,261,291,0,291,552
05/06/2020,TMB,FL,ASO,ES,Towers with Radar,0,0,48,0,48,0,0,164,0,164,0,0,212,0,212,218,0,218,430
05/07/2020,TMB,FL,ASO,ES,Towers with Radar,0,2,70,0,72,0,0,219,0,219,0,2,289,0,291,210,0,210,501
05/08/2020,TMB,FL,ASO,ES,Towers with Radar,0,1,68,0,69,0,0,255,0,255,0,1,323,0,324,322,0,322,646
05/09/2020,TMB,FL,ASO,ES,Towers with Radar,0,1,54,1,56,0,0,311,0,311,0,1,365,1,367,303,0,303,670
05/10/2020,TMB,FL,ASO,ES,Towers with Radar,0,7,11,0,18,0,0,0,0,0,0,7,11,0,18,9,0,9,27
05/11/2020,TMB,FL,ASO,ES,Towers with Radar,0,2,58,0,60,0,0,221,0,221,0,2,279,0,281,228,0,228,509
05/12/2020,TMB,FL,ASO,ES,Towers with Radar,0,2,62,0,64,0,0,224,0,224,0,2,286,0,288,163,0,163,451
05/13/2020,TMB,FL,ASO,ES,Towers with Radar,0,3,41,0,44,0,0,151,0,151,0,3,192,0,195,165,0,165,360
05/14/2020,TMB,FL,ASO,ES,Towers with Radar,0,2,29,1,32,0,0,23,0,23,0,2,52,1,55,11,0,11,66
05/15/2020,TMB,FL,ASO,ES,Towers with Radar,0,4,10,1,15,0,0,18,0,18,0,4,28,1,33,18,0,18,51
05/16/2020,TMB,FL,ASO,ES,Towers with Radar,0,8,65,0,73,0,0,188,0,188,0,8,253,0,261,165,0,165,426
05/17/2020,TMB,FL,ASO,ES,Towers with Radar,0,6,42,0,48,0,0,137,0,137,0,6,179,0,185,133,0,133,318
05/18/2020,TMB,FL,ASO,ES,Towers with Radar,0,8,68,0,76,0,0,131,0,131,0,8,199,0,207,124,0,124,331
05/19/2020,TMB,FL,ASO,ES,Towers with Radar,0,6,27,0,33,0,0,94,0,94,0,6,121,0,127,161,0,161,288
05/20/2020,TMB,FL,ASO,ES,Towers with Radar,0,8,67,0,75,0,0,239,0,239,0,8,306,0,314,314,0,314,628
05/21/2020,TMB,FL,ASO,ES,Towers with Radar,0,4,71,0,75,0,0,180,0,180,0,4,251,0,255,238,0,238,493
05/22/2020,TMB,FL,ASO,ES,Towers with Radar,0,6,69,0,75,0,0,249,0,249,0,6,318,0,324,364,0,364,688
05/23/2020,TMB,FL,ASO,ES,Towers with Radar,0,6,42,0,48,0,0,163,0,163,0,6,205,0,211,241,0,241,452
05/24/2020,TMB,FL,ASO,ES,Towers with Radar,0,7,10,0,17,0,0,6,0,6,0,7,16,0,23,2,0,2,25
05/25/2020,TMB,FL,ASO,ES,Towers with Radar,0,2,12,0,14,0,0,11,0,11,0,2,23,0,25,0,0,0,25
05/26/2020,TMB,FL,ASO,ES,Towers with Radar,0,5,19,0,24,0,0,81,0,81,0,5,100,0,105,111,0,111,216
05/27/2020,TMB,FL,ASO,ES,Towers with Radar,0,4,41,0,45,0,0,218,0,218,0,4,259,0,263,265,0,265,528
05/28/2020,TMB,FL,ASO,ES,Towers with Radar,0,4,104,2,110,0,0,382,0,382,0,4,486,2,492,328,0,328,820
05/29/2020,TMB,FL,ASO,ES,Towers with Radar,0,3,71,4,78,0,1,314,0,315,0,4,385,4,393,365,0,365,758
05/30/2020,TMB,FL,ASO,ES,Towers with Radar,0,2,66,0,68,0,0,349,0,349,0,2,415,0,417,314,0,314,731
05/31/2020,TMB,FL,ASO,ES,Towers with Radar,0,9,42,0,51,0,0,216,0,216,0,9,258,0,267,156,0,156,423
06/01/2020,TMB,FL,ASO,ES,Towers with Radar,0,3,72,1,76,0,1,288,0,289,0,4,360,1,365,321,0,321,686
06/02/2020,TMB,FL,ASO,ES,Towers with Radar,0,6,69,1,76,0,0,158,0,158,0,6,227,1,234,251,0,251,485
06/03/2020,TMB,FL,ASO,ES,Towers with Radar,0,5,52,0,57,0,1,74,0,75,0,6,126,0,132,117,0,117,249
06/04/2020,TMB,FL,ASO,ES,Towers with Radar,0,5,31,0,36,0,0,55,0,55,0,5,86,0,91,110,0,110,201
06/05/2020,TMB,FL,ASO,ES,Towers with Radar,0,2,66,0,68,0,0,130,0,130,0,2,196,0,198,159,0,159,357
06/06/2020,TMB,FL,ASO,ES,Towers with Radar,0,4,62,0,66,0,0,37,0,37,0,4,99,0,103,0,0,0,103
06/07/2020,TMB,FL,ASO,ES,Towers with Radar,0,4,32,0,36,0,0,189,0,189,0,4,221,0,225,135,0,135,360
06/08/2020,TMB,FL,ASO,ES,Towers with Radar,0,8,45,0,53,0,0,180,0,180,0,8,225,0,233,228,0,228,461
06/09/2020,TMB,FL,ASO,ES,Towers with Radar,0,1,83,0,84,0,0,329,2,331,0,1,412,2,415,387,0,387,802
06/10/2020,TMB,FL,ASO,ES,Towers with Radar,0,8,66,0,74,0,0,298,0,298,0,8,364,0,372,391,0,391,763
06/11/2020,TMB,FL,ASO,ES,Towers with Radar,0,6,56,0,62,0,0,213,0,213,0,6,269,0,275,283,0,283,558
06/12/2020,TMB,FL,ASO,ES,Towers with Radar,0,3,85,0,88,0,0,352,2,354,0,3,437,2,442,375,0,375,817
06/13/2020,TMB,FL,ASO,ES,Towers with Radar,0,4,79,0,83,0,0,319,0,319,0,4,398,0,402,297,0,297,699
06/14/2020,TMB,FL,ASO,ES,Towers with Radar,0,1,59,0,60,0,1,106,0,107,0,2,165,0,167,104,0,104,271
06/15/2020,TMB,FL,ASO,ES,Towers with Radar,0,5,43,1,49,0,0,142,0,142,0,5,185,1,191,257,0,257,448
06/16/2020,TMB,FL,ASO,ES,Towers with Radar,0,3,90,0,93,0,0,317,0,317,0,3,407,0,410,350,0,350,760
06/17/2020,TMB,FL,ASO,ES,Towers with Radar,0,6,38,0,44,0,0,106,0,106,0,6,144,0,150,144,0,144,294
06/18/2020,TMB,FL,ASO,ES,Towers with Radar,0,9,39,0,48,0,0,78,0,78,0,9,117,0,126,126,0,126,252
06/19/2020,TMB,FL,ASO,ES,Towers with Radar,0,1,71,0,72,0,0,135,0,135,0,1,206,0,207,236,0,236,443
06/20/2020,TMB,FL,ASO,ES,Towers with Radar,0,1,64,0,65,0,0,200,0,200,0,1,264,0,265,285,0,285,550
06/21/2020,TMB,FL,ASO,ES,Towers with Radar,0,3,56,0,59,0,0,116,0,116,0,3,172,0,175,71,0,71,246
06/22/2020,TMB,FL,ASO,ES,Towers with Radar,0,2,94,2,98,0,0,377,4,381,0,2,471,6,479,471,0,471,950
06/23/2020,TMB,FL,ASO,ES,Towers with Radar,0,0,75,0,75,0,2,350,0,352,0,2,425,0,427,492,0,492,919
06/24/2020,TMB,FL,ASO,ES,Towers with Radar,0,1,87,0,88,0,0,314,0,314,0,1,401,0,402,402,0,402,804
06/25/2020,TMB,FL,ASO,ES,Towers with Radar,0,6,78,4,88,0,3,347,2,352,0,9,425,6,440,374,0,374,814
06/26/2020,TMB,FL,ASO,ES,Towers with Radar,0,4,74,2,80,0,5,361,0,366,0,9,435,2,446,385,0,385,831
06/27/2020,TMB,FL,ASO,ES,Towers with Radar,0,7,70,1,78,0,0,274,0,274,0,7,344,1,352,344,0,344,696
06/28/2020,TMB,FL,ASO,ES,Towers with Radar,0,8,74,0,82,0,0,175,0,175,0,8,249,0,257,151,0,151,408
06/29/2020,TMB,FL,ASO,ES,Towers with Radar,0,6,55,0,61,0,1,179,0,180,0,7,234,0,241,359,0,359,600
06/30/2020,TMB,FL,ASO,ES,Towers with Radar,0,5,65,0,70,0,0,272,0,272,0,5,337,0,342,464,0,464,806
07/01/2020,TMB,FL,ASO,ES,Towers with Radar,0,4,68,0,72,0,0,270,0,270,0,4,338,0,342,314,0,314,656
07/02/2020,TMB,FL,ASO,ES,Towers with Radar,0,9,96,4,109,0,0,276,0,276,0,9,372,4,385,345,0,345,730
07/03/2020,TMB,FL,ASO,ES,Towers with Radar,0,8,76,2,86,0,0,246,0,246,0,8,322,2,332,255,0,255,587
07/04/2020,TMB,FL,ASO,ES,Towers with Radar,0,4,37,0,41,0,0,193,0,193,0,4,230,0,234,253,0,253,487
07/05/2020,TMB,FL,ASO,ES,Towers with Radar,0,7,37,0,44,0,1,61,0,62,0,8,98,0,106,53,0,53,159
07/06/2020,TMB,FL,ASO,ES,Towers with Radar,0,8,77,3,88,0,2,169,0,171,0,10,246,3,259,154,0,154,413
07/07/2020,TMB,FL,ASO,ES,Towers with Radar,0,5,78,0,83,0,0,228,0,228,0,5,306,0,311,198,0,198,509
07/08/2020,TMB,FL,ASO,ES,Towers with Radar,0,9,89,4,102,0,0,237,0,237,0,9,326,4,339,311,0,311,650
07/09/2020,TMB,FL,ASO,ES,Towers with Radar,0,10,56,0,66,0,1,228,0,229,0,11,284,0,295,186,0,186,481
07/10/2020,TMB,FL,ASO,ES,Towers with Radar,0,6,33,0,39,0,0,80,0,80,0,6,113,0,119,71,0,71,190
07/11/2020,TMB,FL,ASO,ES,Towers with Radar,0,11,30,2,43,0,1,112,0,113,0,12,142,2,156,107,0,107,263
07/12/2020,TMB,FL,ASO,ES,Towers with Radar,0,5,29,0,34,0,0,141,0,141,0,5,170,0,175,103,0,103,278
07/13/2020,TMB,FL,ASO,ES,Towers with Radar,0,5,44,0,49,0,0,145,0,145,0,5,189,0,194,205,0,205,399
07/14/2020,TMB,FL,ASO,ES,Towers with Radar,0,8,45,0,53,0,0,191,0,191,0,8,236,0,244,289,0,289,533
07/15/2020,TMB,FL,ASO,ES,Towers with Radar,0,8,48,1,57,0,1,195,0,196,0,9,243,1,253,199,0,199,452
07/16/2020,TMB,FL,ASO,ES,Towers with Radar,0,5,57,2,64,0,6,216,1,223,0,11,273,3,287,362,0,362,649
07/17/2020,TMB,FL,ASO,ES,Towers with Radar,0,3,40,0,43,0,0,126,0,126,0,3,166,0,169,107,0,107,276
07/18/2020,TMB,FL,ASO,ES,Towers with Radar,0,5,28,0,33,0,0,52,0,52,0,5,80,0,85,43,0,43,128
07/19/2020,TMB,FL,ASO,ES,Towers with Radar,0,0,41,0,41,0,0,138,0,138,0,0,179,0,179,121,0,121,300
07/20/2020,TMB,FL,ASO,ES,Towers with Radar,0,5,66,0,71,0,3,187,0,190,0,8,253,0,261,191,0,191,452
07/21/2020,TMB,FL,ASO,ES,Towers with Radar,0,6,32,0,38,0,0,93,0,93,0,6,125,0,131,143,0,143,274
07/22/2020,TMB,FL,ASO,ES,Towers with Radar,0,4,33,0,37,0,0,89,0,89,0,4,122,0,126,94,0,94,220
07/23/2020,TMB,FL,ASO,ES,Towers with Radar,0,4,31,0,35,0,0,133,0,133,0,4,164,0,168,265,0,265,433
07/24/2020,TMB,FL,ASO,ES,Towers with Radar,0,6,86,0,92,0,0,268,0,268,0,6,354,0,360,363,0,363,723
07/25/2020,TMB,FL,ASO,ES,Towers with Radar,0,6,63,0,69,0,0,187,0,187,0,6,250,0,256,181,0,181,437
07/26/2020,TMB,FL,ASO,ES,Towers with Radar,0,5,59,0,64,0,2,185,0,187,0,7,244,0,251,144,0,144,395
07/27/2020,TMB,FL,ASO,ES,Towers with Radar,0,7,77,2,86,0,1,237,2,240,0,8,314,4,326,217,0,217,543
07/28/2020,TMB,FL,ASO,ES,Towers with Radar,0,5,81,0,86,0,0,204,0,204,0,5,285,0,290,381,0,381,671
07/29/2020,TMB,FL,ASO,ES,Towers with Radar,0,3,69,6,78,0,2,276,6,284,0,5,345,12,362,294,0,294,656
07/30/2020,TMB,FL,ASO,ES,Towers with Radar,0,5,72,0,77,0,1,288,0,289,0,6,360,0,366,356,0,356,722
07/31/2020,TMB,FL,ASO,ES,Towers with Radar,0,8,54,0,62,0,4,213,0,217,0,12,267,0,279,168,0,168,447
08/01/2020,TMB,FL,ASO,ES,Towers with Radar,0,2,6,0,8,0,0,4,0,4,0,2,10,0,12,0,0,0,12
08/02/2020,TMB,FL,ASO,ES,Towers with Radar,0,9,16,0,25,0,0,17,0,17,0,9,33,0,42,1,0,1,43
08/03/2020,TMB,FL,ASO,ES,Towers with Radar,0,9,27,0,36,0,0,108,0,108,0,9,135,0,144,178,0,178,322
08/04/2020,TMB,FL,ASO,ES,Towers with Radar,0,4,45,0,49,0,2,161,0,163,0,6,206,0,212,157,0,157,369
08/05/2020,TMB,FL,ASO,ES,Towers with Radar,0,4,48,0,52,0,0,169,0,169,0,4,217,0,221,324,0,324,545
08/06/2020,TMB,FL,ASO,ES,Towers with Radar,0,5,58,0,63,0,6,233,0,239,0,11,291,0,302,192,0,192,494
08/07/2020,TMB,FL,ASO,ES,Towers with Radar,0,3,58,0,61,0,0,224,0,224,0,3,282,0,285,293,0,293,578
08/08/2020,TMB,FL,ASO,ES,Towers with Radar,0,5,48,0,53,0,0,204,0,204,0,5,252,0,257,279,0,279,536
08/09/2020,TMB,FL,ASO,ES,Towers with Radar,0,1,39,0,40,0,0,141,0,141,0,1,180,0,181,132,0,132,313
08/10/2020,TMB,FL,ASO,ES,Towers with Radar,0,14,68,0,82,0,0,195,0,195,0,14,263,0,277,289,0,289,566
08/11/2020,TMB,FL,ASO,ES,Towers with Radar,0,1,77,0,78,0,0,269,0,269,0,1,346,0,347,412,0,412,759
08/12/2020,TMB,FL,ASO,ES,Towers with Radar,0,2,73,0,75,0,0,250,0,250,0,2,323,0,325,305,0,305,630
08/13/2020,TMB,FL,ASO,ES,Towers with Radar,0,5,98,0,103,0,1,263,0,264,0,6,361,0,367,440,0,440,807
08/14/2020,TMB,FL,ASO,ES,Towers with Radar,0,5,71,0,76,0,3,250,2,255,0,8,321,2,331,281,0,281,612
08/15/2020,TMB,FL,ASO,ES,Towers with Radar,0,6,34,0,40,0,0,136,0,136,0,6,170,0,176,149,0,149,325
08/16/2020,TMB,FL,ASO,ES,Towers with Radar,0,3,43,0,46,0,0,180,0,180,0,3,223,0,226,65,0,65,291
08/17/2020,TMB,FL,ASO,ES,Towers with Radar,0,2,50,0,52,0,0,214,0,214,0,2,264,0,266,341,0,341,607
08/18/2020,TMB,FL,ASO,ES,Towers with Radar,0,4,55,0,59,0,0,217,0,217,0,4,272,0,276,354,0,354,630
08/19/2020,TMB,FL,ASO,ES,Towers with Radar,0,4,50,0,54,0,0,91,0,91,0,4,141,0,145,194,0,194,339
08/20/2020,TMB,FL,ASO,ES,Towers with Radar,0,8,40,0,48,0,0,117,0,117,0,8,157,0,165,157,0,157,322
08/21/2020,TMB,FL,ASO,ES,Towers with Radar,0,3,82,0,85,0,0,294,1,295,0,3,376,1,380,275,0,275,655
08/22/2020,TMB,FL,ASO,ES,Towers with Radar,0,2,25,0,27,0,0,213,0,213,0,2,238,0,240,92,0,92,332
08/23/2020,TMB,FL,ASO,ES,Towers with Radar,0,1,27,0,28,0,0,94,0,94,0,1,121,0,122,21,0,21,143
08/24/2020,TMB,FL,ASO,ES,Towers with Radar,0,1,15,0,16,0,0,29,0,29,0,1,44,0,45,0,0,0,45
08/25/2020,TMB,FL,ASO,ES,Towers with Radar,0,4,41,0,45,0,0,209,0,209,0,4,250,0,254,301,0,301,555
08/26/2020,TMB,FL,ASO,ES,Towers with Radar,0,3,77,0,80,0,0,258,0,258,0,3,335,0,338,333,0,333,671
08/27/2020,TMB,FL,ASO,ES,Towers with Radar,0,3,56,0,59,0,2,238,0,240,0,5,294,0,299,185,0,185,484
08/28/2020,TMB,FL,ASO,ES,Towers with Radar,0,7,54,0,61,0,1,222,0,223,0,8,276,0,284,338,0,338,622
08/29/2020,TMB,FL,ASO,ES,Towers with Radar,0,5,63,0,68,0,0,230,0,230,0,5,293,0,298,291,0,291,589
08/30/2020,TMB,FL,ASO,ES,Towers with Radar,0,5,28,0,33,0,0,97,0,97,0,5,125,0,130,69,0,69,199
08/31/2020,TMB,FL,ASO,ES,Towers with Radar,0,4,44,0,48,0,0,152,0,152,0,4,196,0,200,245,0,245,445
09/01/2020,TMB,FL,ASO,ES,Towers with Radar,0,2,66,0,68,0,2,267,1,270,0,4,333,1,338,337,0,337,675
09/02/2020,TMB,FL,ASO,ES,Towers with Radar,0,7,77,0,84,0,0,284,0,284,0,7,361,0,368,460,0,460,828
09/03/2020,TMB,FL,ASO,ES,Towers with Radar,0,5,90,0,95,0,1,276,1,278,0,6,366,1,373,384,0,384,757
09/04/2020,TMB,FL,ASO,ES,Towers with Radar,0,4,81,0,85,0,0,288,0,288,0,4,369,0,373,343,0,343,716
09/05/2020,TMB,FL,ASO,ES,Towers with Radar,0,2,55,0,57,0,0,209,0,209,0,2,264,0,266,213,0,213,479
09/06/2020,TMB,FL,ASO,ES,Towers with Radar,0,2,16,0,18,0,0,99,0,99,0,2,115,0,117,71,0,71,188
09/07/2020,TMB,FL,ASO,ES,Towers with Radar,0,14,67,0,81,0,2,118,0,120,0,16,185,0,201,170,0,170,371
09/08/2020,TMB,FL,ASO,ES,Towers with Radar,0,5,61,0,66,0,0,153,0,153,0,5,214,0,219,252,0,252,471
09/09/2020,TMB,FL,ASO,ES,Towers with Radar,0,3,58,0,61,0,0,156,0,156,0,3,214,0,217,162,0,162,379
09/10/2020,TMB,FL,ASO,ES,Towers with Radar,0,1,70,0,71,0,0,163,0,163,0,1,233,0,234,184,0,184,418
09/11/2020,TMB,FL,ASO,ES,Towers with Radar,0,6,66,0,72,0,6,209,0,215,0,12,275,0,287,304,0,304,591
09/12/2020,TMB,FL,ASO,ES,Towers with Radar,0,3,13,0,16,0,0,6,0,6,0,3,19,0,22,0,0,0,22
09/13/2020,TMB,FL,ASO,ES,Towers with Radar,0,7,38,0,45,0,0,73,0,73,0,7,111,0,118,76,0,76,194
09/14/2020,TMB,FL,ASO,ES,Towers with Radar,0,6,88,1,95,0,0,298,0,298,0,6,386,1,393,378,0,378,771
09/15/2020,TMB,FL,ASO,ES,Towers with Radar,0,2,95,0,97,0,1,299,0,300,0,3,394,0,397,371,0,371,768
09/16/2020,TMB,FL,ASO,ES,Towers with Radar,0,5,100,0,105,0,0,273,0,273,0,5,373,0,378,223,0,223,601
09/17/2020,TMB,FL,ASO,ES,Towers with Radar,0,5,77,0,82,0,3,264,0,267,0,8,341,0,349,196,0,196,545
09/18/2020,TMB,FL,ASO,ES,Towers with Radar,0,5,55,0,60,0,3,261,0,264,0,8,316,0,324,365,0,365,689
09/19/2020,TMB,FL,ASO,ES,Towers with Radar,0,4,70,0,74,0,2,226,0,228,0,6,296,0,302,218,0,218,520
09/20/2020,TMB,FL,ASO,ES,Towers with Radar,0,1,43,0,44,0,0,174,0,174,0,1,217,0,218,50,0,50,268
09/21/2020,TMB,FL,ASO,ES,Towers with Radar,0,0,24,0,24,0,0,42,0,42,0,0,66,0,66,10,0,10,76
09/22/2020,TMB,FL,ASO,ES,Towers with Radar,0,5,62,0,67,0,0,242,0,242,0,5,304,0,309,223,0,223,532
09/23/2020,TMB,FL,ASO,ES,Towers with Radar,0,11,82,0,93,0,0,239,0,239,0,11,321,0,332,273,0,273,605
09/24/2020,TMB,FL,ASO,ES,Towers with Radar,0,3,39,0,42,0,0,105,0,105,0,3,144,0,147,83,0,83,230
09/25/2020,TMB,FL,ASO,ES,Towers with Radar,0,15,37,0,52,0,2,53,0,55,0,17,90,0,107,17,0,17,124
09/26/2020,TMB,FL,ASO,ES,Towers with Radar,0,5,53,0,58,0,3,215,0,218,0,8,268,0,276,149,0,149,425
09/27/2020,TMB,FL,ASO,ES,Towers with Radar,0,9,44,0,53,0,0,175,0,175,0,9,219,0,228,101,0,101,329
09/28/2020,TMB,FL,ASO,ES,Towers with Radar,0,7,54,0,61,0,0,134,0,134,0,7,188,0,195,161,0,161,356
09/29/2020,TMB,FL,ASO,ES,Towers with Radar,0,3,94,0,97,0,3,265,0,268,0,6,359,0,365,309,0,309,674
09/30/2020,TMB,FL,ASO,ES,Towers with Radar,0,5,73,0,78,0,0,221,0,221,0,5,294,0,299,351,0,351,650
10/01/2020,TMB,FL,ASO,ES,Towers with Radar,0,11,49,0,60,0,1,131,0,132,0,12,180,0,192,204,0,204,396
10/02/2020,TMB,FL,ASO,ES,Towers with Radar,0,7,38,0,45,0,1,134,0,135,0,8,172,0,180,232,0,232,412
10/03/2020,TMB,FL,ASO,ES,Towers with Radar,0,3,34,0,37,0,0,42,0,42,0,3,76,0,79,48,0,48,127
10/04/2020,TMB,FL,ASO,ES,Towers with Radar,0,9,44,0,53,0,1,133,0,134,0,10,177,0,187,85,0,85,272
10/05/2020,TMB,FL,ASO,ES,Towers with Radar,0,6,61,0,67,0,0,198,0,198,0,6,259,0,265,223,0,223,488
10/06/2020,TMB,FL,ASO,ES,Towers with Radar,2,7,48,0,57,0,1,170,0,171,2,8,218,0,228,232,0,232,460
10/07/2020,TMB,FL,ASO,ES,Towers with Radar,0,7,57,0,64,0,0,244,0,244,0,7,301,0,308,196,0,196,504
10/08/2020,TMB,FL,ASO,ES,Towers with Radar,0,3,60,0,63,0,2,260,0,262,0,5,320,0,325,320,0,320,645
10/09/2020,TMB,FL,ASO,ES,Towers with Radar,0,10,65,0,75,0,3,209,0,212,0,13,274,0,287,236,0,236,523
10/10/2020,TMB,FL,ASO,ES,Towers with Radar,0,1,28,0,29,0,0,166,0,166,0,1,194,0,195,110,0,110,305
10/11/2020,TMB,FL,ASO,ES,Towers with Radar,0,3,31,0,34,0,0,134,0,134,0,3,165,0,168,100,0,100,268
10/12/2020,TMB,FL,ASO,ES,Towers with Radar,0,12,39,0,51,0,2,207,0,209,0,14,246,0,260,257,0,257,517
10/13/2020,TMB,FL,ASO,ES,Towers with Radar,0,3,54,0,57,0,4,220,0,224,0,7,274,0,281,363,0,363,644
10/14/2020,TMB,FL,ASO,ES,Towers with Radar,0,3,62,0,65,0,2,215,0,217,0,5,277,0,282,334,0,334,616
10/15/2020,TMB,FL,ASO,ES,Towers with Radar,0,17,45,0,62,0,2,182,0,184,0,19,227,0,246,193,0,193,439
10/16/2020,TMB,FL,ASO,ES,Towers with Radar,0,12,31,0,43,0,0,30,0,30,0,12,61,0,73,6,0,6,79
10/17/2020,TMB,FL,ASO,ES,Towers with Radar,0,11,55,0,66,0,3,186,0,189,0,14,241,0,255,165,0,165,420
10/18/2020,TMB,FL,ASO,ES,Towers with Radar,0,7,40,0,47,0,0,102,0,102,0,7,142,0,149,33,0,33,182
10/19/2020,TMB,FL,ASO,ES,Towers with Radar,0,15,39,0,54,0,2,77,0,79,0,17,116,0,133,132,0,132,265
10/20/2020,TMB,FL,ASO,ES,Towers with Radar,0,3,35,0,38,0,0,62,0,62,0,3,97,0,100,166,0,166,266
10/21/2020,TMB,FL,ASO,ES,Towers with Radar,0,12,30,0,42,0,0,8,0,8,0,12,38,0,50,0,0,0,50
10/22/2020,TMB,FL,ASO,ES,Towers with Radar,0,12,69,0,81,0,0,202,0,202,0,12,271,0,283,331,0,331,614
10/23/2020,TMB,FL,ASO,ES,Towers with Radar,0,9,66,0,75,0,0,328,0,328,0,9,394,0,403,326,0,326,729
10/24/2020,TMB,FL,ASO,ES,Towers with Radar,0,8,43,0,51,0,3,173,0,176,0,11,216,0,227,129,0,129,356
10/25/2020,TMB,FL,ASO,ES,Towers with Radar,0,13,41,0,54,0,0,47,0,47,0,13,88,0,101,24,0,24,125
10/26/2020,TMB,FL,ASO,ES,Towers with Radar,0,6,76,0,82,0,1,177,0,178,0,7,253,0,260,267,0,267,527
10/27/2020,TMB,FL,ASO,ES,Towers with Radar,0,7,63,0,70,0,3,247,0,250,0,10,310,0,320,308,0,308,628
10/28/2020,TMB,FL,ASO,ES,Towers with Radar,0,10,55,0,65,0,2,227,1,230,0,12,282,1,295,251,0,251,546
10/29/2020,TMB,FL,ASO,ES,Towers with Radar,0,10,72,0,82,0,0,134,0,134,0,10,206,0,216,116,0,116,332
10/30/2020,TMB,FL,ASO,ES,Towers with Radar,0,9,62,0,71,0,2,200,0,202,0,11,262,0,273,229,0,229,502
10/31/2020,TMB,FL,ASO,ES,Towers with Radar,0,8,66,0,74,0,0,233,0,233,0,8,299,0,307,345,0,345,652
11/01/2020,TMB,FL,ASO,ES,Towers with Radar,0,11,46,0,57,0,0,106,0,106,0,11,152,0,163,179,0,179,342
11/02/2020,TMB,FL,ASO,ES,Towers with Radar,0,7,27,0,34,0,0,41,0,41,0,7,68,0,75,15,0,15,90
11/03/2020,TMB,FL,ASO,ES,Towers with Radar,0,5,52,0,57,0,3,117,0,120,0,8,169,0,177,123,0,123,300
11/04/2020,TMB,FL,ASO,ES,Towers with Radar,0,7,37,0,44,0,1,116,0,117,0,8,153,0,161,79,0,79,240
11/05/2020,TMB,FL,ASO,ES,Towers with Radar,0,9,34,0,43,0,0,55,0,55,0,9,89,0,98,63,0,63,161
11/06/2020,TMB,FL,ASO,ES,Towers with Radar,0,11,53,0,64,0,0,127,0,127,0,11,180,0,191,124,0,124,315
11/07/2020,TMB,FL,ASO,ES,Towers with Radar,0,9,39,0,48,0,0,57,0,57,0,9,96,0,105,71,0,71,176
11/08/2020,TMB,FL,ASO,ES,Towers with Radar,0,10,16,0,26,0,0,0,0,0,0,10,16,0,26,0,0,0,26
11/09/2020,TMB,FL,ASO,ES,Towers with Radar,0,2,5,0,7,0,0,21,0,21,0,2,26,0,28,0,0,0,28
11/10/2020,TMB,FL,ASO,ES,Towers with Radar,0,2,33,0,35,0,0,38,0,38,0,2,71,0,73,54,0,54,127
11/11/2020,TMB,FL,ASO,ES,Towers with Radar,0,5,27,0,32,0,0,58,0,58,0,5,85,0,90,10,0,10,100
11/12/2020,TMB,FL,ASO,ES,Towers with Radar,0,13,37,0,50,0,0,124,1,125,0,13,161,1,175,154,0,154,329
11/13/2020,TMB,FL,ASO,ES,Towers with Radar,0,9,90,0,99,0,0,160,0,160,0,9,250,0,259,186,0,186,445
11/14/2020,TMB,FL,ASO,ES,Towers with Radar,0,4,67,0,71,0,0,192,0,192,0,4,259,0,263,248,0,248,511
11/15/2020,TMB,FL,ASO,ES,Towers with Radar,0,13,49,0,62,0,0,186,0,186,0,13,235,0,248,164,0,164,412
11/16/2020,TMB,FL,ASO,ES,Towers with Radar,0,8,50,0,58,0,0,265,0,265,0,8,315,0,323,218,0,218,541
11/17/2020,TMB,FL,ASO,ES,Towers with Radar,0,8,58,0,66,0,0,167,0,167,0,8,225,0,233,178,0,178,411
11/18/2020,TMB,FL,ASO,ES,Towers with Radar,0,9,57,0,66,0,0,120,0,120,0,9,177,0,186,70,0,70,256
11/19/2020,TMB,FL,ASO,ES,Towers with Radar,0,5,46,0,51,0,0,92,0,92,0,5,138,0,143,74,0,74,217
11/20/2020,TMB,FL,ASO,ES,Towers with Radar,0,15,71,0,86,0,1,164,0,165,0,16,235,0,251,100,0,100,351
11/21/2020,TMB,FL,ASO,ES,Towers with Radar,0,17,74,0,91,0,0,253,0,253,0,17,327,0,344,250,0,250,594
11/22/2020,TMB,FL,ASO,ES,Towers with Radar,0,12,67,0,79,0,0,95,0,95,0,12,162,0,174,51,0,51,225
11/23/2020,TMB,FL,ASO,ES,Towers with Radar,0,19,49,0,68,0,0,268,0,268,0,19,317,0,336,208,0,208,544
11/24/2020,TMB,FL,ASO,ES,Towers with Radar,0,4,85,0,89,0,3,229,0,232,0,7,314,0,321,214,0,214,535
11/25/2020,TMB,FL,ASO,ES,Towers with Radar,0,9,69,0,78,0,2,153,0,155,0,11,222,0,233,159,0,159,392
11/26/2020,TMB,FL,ASO,ES,Towers with Radar,0,8,38,0,46,0,0,149,0,149,0,8,187,0,195,190,0,190,385
11/27/2020,TMB,FL,ASO,ES,Towers with Radar,0,5,75,0,80,0,0,198,2,200,0,5,273,2,280,222,0,222,502
11/28/2020,TMB,FL,ASO,ES,Towers with Radar,0,15,36,0,51,0,1,177,0,178,0,16,213,0,229,256,0,256,485
11/29/2020,TMB,FL,ASO,ES,Towers with Radar,0,20,71,0,91,0,1,185,0,186,0,21,256,0,277,161,0,161,438
11/30/2020,TMB,FL,ASO,ES,Towers with Radar,0,10,55,0,65,0,2,119,0,121,0,12,174,0,186,125,0,125,311
12/01/2020,TMB,FL,ASO,ES,Towers with Radar,0,14,40,0,54,0,2,221,0,223,0,16,261,0,277,168,0,168,445
12/02/2020,TMB,FL,ASO,ES,Towers with Radar,0,6,53,2,61,0,0,227,0,227,0,6,280,2,288,95,0,95,383
12/03/2020,TMB,FL,ASO,ES,Towers with Radar,0,6,58,0,64,0,0,222,1,223,0,6,280,1,287,261,0,261,548
12/04/2020,TMB,FL,ASO,ES,Towers with Radar,0,9,71,0,80,0,3,206,0,209,0,12,277,0,289,306,0,306,595
12/05/2020,TMB,FL,ASO,ES,Towers with Radar,0,7,48,0,55,0,3,227,0,230,0,10,275,0,285,390,0,390,675
12/06/2020,TMB,FL,ASO,ES,Towers with Radar,0,10,45,0,55,0,0,168,0,168,0,10,213,0,223,173,0,173,396
12/07/2020,TMB,FL,ASO,ES,Towers with Radar,0,11,38,0,49,0,2,89,0,91,0,13,127,0,140,95,0,95,235
12/08/2020,TMB,FL,ASO,ES,Towers with Radar,0,7,48,0,55,0,0,217,0,217,0,7,265,0,272,210,0,210,482
12/09/2020,TMB,FL,ASO,ES,Towers with Radar,0,2,57,0,59,0,3,263,0,266,0,5,320,0,325,183,0,183,508
12/10/2020,TMB,FL,ASO,ES,Towers with Radar,0,9,66,0,75,0,1,250,0,251,0,10,316,0,326,347,0,347,673
12/11/2020,TMB,FL,ASO,ES,Towers with Radar,0,5,90,0,95,0,2,245,0,247,0,7,335,0,342,345,0,345,687
12/12/2020,TMB,FL,ASO,ES,Towers with Radar,0,3,61,0,64,0,0,146,0,146,0,3,207,0,210,307,0,307,517
12/13/2020,TMB,FL,ASO,ES,Towers with Radar,0,2,48,0,50,0,0,227,0,227,0,2,275,0,277,135,0,135,412
12/14/2020,TMB,FL,ASO,ES,Towers with Radar,0,5,45,2,52,0,0,158,0,158,0,5,203,2,210,401,0,401,611
12/15/2020,TMB,FL,ASO,ES,Towers with Radar,0,11,67,0,78,0,4,198,0,202,0,15,265,0,280,272,0,272,552
12/16/2020,TMB,FL,ASO,ES,Towers with Radar,0,11,64,2,77,0,0,233,0,233,0,11,297,2,310,309,0,309,619
12/17/2020,TMB,FL,ASO,ES,Towers with Radar,0,5,54,0,59,0,1,138,0,139,0,6,192,0,198,286,0,286,484
12/18/2020,TMB,FL,ASO,ES,Towers with Radar,1,17,48,0,66,0,1,209,1,211,1,18,257,1,277,201,0,201,478
12/19/2020,TMB,FL,ASO,ES,Towers with Radar,1,20,89,0,110,0,0,309,0,309,1,20,398,0,419,362,0,362,781
12/20/2020,TMB,FL,ASO,ES,Towers with Radar,0,15,39,0,54,0,0,189,0,189,0,15,228,0,243,110,0,110,353
12/21/2020,TMB,FL,ASO,ES,Towers with Radar,0,13,49,0,62,0,0,173,0,173,0,13,222,0,235,233,0,233,468
12/22/2020,TMB,FL,ASO,ES,Towers with Radar,0,12,52,0,64,0,3,282,0,285,0,15,334,0,349,170,0,170,519
12/23/2020,TMB,FL,ASO,ES,Towers with Radar,0,11,54,0,65,0,0,99,0,99,0,11,153,0,164,113,0,113,277
12/24/2020,TMB,FL,ASO,ES,Towers with Radar,0,11,15,0,26,0,0,86,0,86,0,11,101,0,112,85,0,85,197
12/25/2020,TMB,FL,ASO,ES,Towers with Radar,0,16,16,0,32,0,1,39,0,40,0,17,55,0,72,1,0,1,73
12/26/2020,TMB,FL,ASO,ES,Towers with Radar,0,25,66,0,91,0,1,214,0,215,0,26,280,0,306,80,0,80,386
12/27/2020,TMB,FL,ASO,ES,Towers with Radar,0,35,65,0,100,0,1,105,0,106,0,36,170,0,206,56,0,56,262
12/28/2020,TMB,FL,ASO,ES,Towers with Radar,0,13,58,0,71,0,1,169,0,170,0,14,227,0,241,223,0,223,464
12/29/2020,TMB,FL,ASO,ES,Towers with Radar,0,11,43,0,54,0,0,211,0,211,0,11,254,0,265,205,0,205,470
12/30/2020,TMB,FL,ASO,ES,Towers with Radar,0,9,52,0,61,0,0,127,0,127,0,9,179,0,188,93,0,93,281
12/31/2020,TMB,FL,ASO,ES,Towers with Radar,0,4,32,0,36,0,0,109,0,109,0,4,141,0,145,63,0,63,208
01/01/2021,TMB,FL,ASO,ES,Towers with Radar,0,9,25,0,34,0,5,49,0,54,0,14,74,0,88,1,0,1,89
01/02/2021,TMB,FL,ASO,ES,Towers with Radar,0,26,61,0,87,0,0,176,0,176,0,26,237,0,263,88,0,88,351
01/03/2021,TMB,FL,ASO,ES,Towers with Radar,0,31,76,0,107,0,1,132,0,133,0,32,208,0,240,20,0,20,260
01/04/2021,TMB,FL,ASO,ES,Towers with Radar,0,20,59,0,79,0,3,151,0,154,0,23,210,0,233,204,0,204,437
01/05/2021,TMB,FL,ASO,ES,Towers with Radar,0,22,52,0,74,0,0,161,0,161,0,22,213,0,235,160,0,160,395
01/06/2021,TMB,FL,ASO,ES,Towers with Radar,0,10,62,0,72,0,3,172,0,175,0,13,234,0,247,238,0,238,485
01/07/2021,TMB,FL,ASO,ES,Towers with Radar,0,14,50,2,66,0,0,128,0,128,0,14,178,2,194,228,0,228,422
01/08/2021,TMB,FL,ASO,ES,Towers with Radar,0,5,46,0,51,0,0,172,0,172,0,5,218,0,223,323,0,323,546
01/09/2021,TMB,FL,ASO,ES,Towers with Radar,0,6,56,0,62,0,0,230,0,230,0,6,286,0,292,180,0,180,472
01/10/2021,TMB,FL,ASO,ES,Towers with Radar,1,9,47,0,57,0,0,183,0,183,1,9,230,0,240,155,0,155,395
01/11/2021,TMB,FL,ASO,ES,Towers with Radar,0,8,46,0,54,0,0,206,0,206,0,8,252,0,260,483,0,483,743
01/12/2021,TMB,FL,ASO,ES,Towers with Radar,0,10,59,1,70,0,0,162,0,162,0,10,221,1,232,340,0,340,572
01/13/2021,TMB,FL,ASO,ES,Towers with Radar,0,7,40,1,48,0,3,172,0,175,0,10,212,1,223,235,0,235,458
01/14/2021,TMB,FL,ASO,ES,Towers with Radar,0,19,65,0,84,0,0,149,0,149,0,19,214,0,233,168,0,168,401
01/15/2021,TMB,FL,ASO,ES,Towers with Radar,0,18,55,0,73,0,0,208,0,208,0,18,263,0,281,299,0,299,580
01/16/2021,TMB,FL,ASO,ES,Towers with Radar,0,5,31,0,36,0,0,154,0,154,0,5,185,0,190,176,0,176,366
01/17/2021,TMB,FL,ASO,ES,Towers with Radar,0,4,47,0,51,0,0,148,0,148,0,4,195,0,199,200,0,200,399
01/18/2021,TMB,FL,ASO,ES,Towers with Radar,0,13,66,0,79,0,1,230,0,231,0,14,296,0,310,427,0,427,737
01/19/2021,TMB,FL,ASO,ES,Towers with Radar,0,3,66,0,69,0,0,276,1,277,0,3,342,1,346,352,0,352,698
01/20/2021,TMB,FL,ASO,ES,Towers with Radar,2,8,69,0,79,0,3,244,0,247,2,11,313,0,326,306,0,306,632
01/21/2021,TMB,FL,ASO,ES,Towers with Radar,0,5,64,0,69,0,0,225,1,226,0,5,289,1,295,362,0,362,657
01/22/2021,TMB,FL,ASO,ES,Towers with Radar,0,3,59,0,62,0,1,244,0,245,0,4,303,0,307,297,0,297,604
01/23/2021,TMB,FL,ASO,ES,Towers with Radar,0,0,36,0,36,0,0,217,0,217,0,0,253,0,253,186,0,186,439
01/24/2021,TMB,FL,ASO,ES,Towers with Radar,0,5,43,0,48,0,0,99,0,99,0,5,142,0,147,141,0,141,288
01/25/2021,TMB,FL,ASO,ES,Towers with Radar,0,0,60,2,62,0,2,193,0,195,0,2,253,2,257,222,0,222,479
01/26/2021,TMB,FL,ASO,ES,Towers with Radar,0,3,58,0,61,0,0,217,0,217,0,3,275,0,278,333,0,333,611
01/27/2021,TMB,FL,ASO,ES,Towers with Radar,0,9,59,0,68,0,0,181,0,181,0,9,240,0,249,258,0,258,507
01/28/2021,TMB,FL,ASO,ES,Towers with Radar,0,14,48,0,62,0,0,132,0,132,0,14,180,0,194,164,0,164,358
01/29/2021,TMB,FL,ASO,ES,Towers with Radar,0,6,66,0,72,0,0,308,0,308,0,6,374,0,380,277,0,277,657
01/30/2021,TMB,FL,ASO,ES,Towers with Radar,0,9,50,0,59,0,0,253,0,253,0,9,303,0,312,231,0,231,543
01/31/2021,TMB,FL,ASO,ES,Towers with Radar,0,21,58,0,79,0,0,176,0,176,0,21,234,0,255,94,0,94,349
02/01/2021,TMB,FL,ASO,ES,Towers with Radar,0,7,28,0,35,0,0,63,0,63,0,7,91,0,98,12,0,12,110
02/02/2021,TMB,FL,ASO,ES,Towers with Radar,0,8,31,0,39,0,0,113,1,114,0,8,144,1,153,66,0,66,219
02/03/2021,TMB,FL,ASO,ES,Towers with Radar,0,13,42,0,55,0,0,167,1,168,0,13,209,1,223,193,0,193,416
02/04/2021,TMB,FL,ASO,ES,Towers with Radar,0,10,54,0,64,0,2,254,0,256,0,12,308,0,320,262,0,262,582
02/05/2021,TMB,FL,ASO,ES,Towers with Radar,0,16,49,0,65,0,2,235,0,237,0,18,284,0,302,226,0,226,528
02/06/2021,TMB,FL,ASO,ES,Towers with Radar,0,16,46,0,62,0,0,103,0,103,0,16,149,0,165,54,0,54,219
02/07/2021,TMB,FL,ASO,ES,Towers with Radar,0,19,31,0,50,0,2,107,0,109,0,21,138,0,159,42,0,42,201
02/08/2021,TMB,FL,ASO,ES,Towers with Radar,0,17,57,0,74,0,0,158,0,158,0,17,215,0,232,181,0,181,413
02/09/2021,TMB,FL,ASO,ES,Towers with Radar,0,17,52,0,69,0,0,264,0,264,0,17,316,0,333,406,0,406,739
02/10/2021,TMB,FL,ASO,ES,Towers with Radar,0,23,65,0,88,0,0,283,0,283,0,23,348,0,371,334,0,334,705
02/11/2021,TMB,FL,ASO,ES,Towers with Radar,0,21,54,0,75,0,2,342,0,344,0,23,396,0,419,365,0,365,784
02/12/2021,TMB,FL,ASO,ES,Towers with Radar,0,15,57,0,72,0,6,203,0,209,0,21,260,0,281,349,0,349,630
02/13/2021,TMB,FL,ASO,ES,Towers with Radar,0,8,39,0,47,0,0,210,0,210,0,8,249,0,257,151,0,151,408
02/14/2021,TMB,FL,ASO,ES,Towers with Radar,0,14,36,0,50,0,0,150,0,150,0,14,186,0,200,64,0,64,264
02/15/2021,TMB,FL,ASO,ES,Towers with Radar,0,16,62,0,78,0,0,249,0,249,0,16,311,0,327,170,0,170,497
02/16/2021,TMB,FL,ASO,ES,Towers with Radar,0,12,32,0,44,0,2,40,0,42,0,14,72,0,86,42,0,42,128
02/17/2021,TMB,FL,ASO,ES,Towers with Radar,0,8,61,0,69,0,1,281,0,282,0,9,342,0,351,356,0,356,707
02/18/2021,TMB,FL,ASO,ES,Towers with Radar,0,10,72,0,82,0,0,228,0,228,0,10,300,0,310,291,0,291,601
02/19/2021,TMB,FL,ASO,ES,Towers with Radar,0,15,46,0,61,0,0,188,0,188,0,15,234,0,249,260,0,260,509
02/20/2021,TMB,FL,ASO,ES,Towers with Radar,0,21,50,0,71,0,0,227,0,227,0,21,277,0,298,89,0,89,387
02/21/2021,TMB,FL,ASO,ES,Towers with Radar,0,19,68,0,87,0,0,105,0,105,0,19,173,0,192,26,0,26,218
02/22/2021,TMB,FL,ASO,ES,Towers with Radar,0,9,49,0,58,0,0,183,0,183,0,9,232,0,241,233,0,233,474
02/23/2021,TMB,FL,ASO,ES,Towers with Radar,0,7,44,0,51,0,1,142,0,143,0,8,186,0,194,240,0,240,434
02/24/2021,TMB,FL,ASO,ES,Towers with Radar,0,7,48,0,55,0,0,132,0,132,0,7,180,0,187,233,0,233,420
02/25/2021,TMB,FL,ASO,ES,Towers with Radar,0,19,55,0,74,0,2,218,0,220,0,21,273,0,294,281,0,281,575
02/26/2021,TMB,FL,ASO,ES,Towers with Radar,0,16,67,0,83,0,0,289,0,289,0,16,356,0,372,266,0,266,638
02/27/2021,TMB,FL,ASO,ES,Towers with Radar,0,14,82,0,96,0,1,303,0,304,0,15,385,0,400,184,0,184,584
02/28/2021,TMB,FL,ASO,ES,Towers with Radar,0,15,98,0,113,0,1,144,0,145,0,16,242,0,258,155,0,155,413
03/01/2021,TMB,FL,ASO,ES,Towers with Radar,1,11,81,0,93,0,3,292,0,295,1,14,373,0,388,327,0,327,715
03/02/2021,TMB,FL,ASO,ES,Towers with Radar,0,8,62,0,70,0,0,306,1,307,0,8,368,1,377,392,0,392,769
03/03/2021,TMB,FL,ASO,ES,Towers with Radar,0,8,56,0,64,0,0,188,0,188,0,8,244,0,252,200,0,200,452
03/04/2021,TMB,FL,ASO,ES,Towers with Radar,0,7,53,0,60,0,1,229,0,230,0,8,282,0,290,319,0,319,609
03/05/2021,TMB,FL,ASO,ES,Towers with Radar,0,7,65,0,72,0,3,296,0,299,0,10,361,0,371,299,0,299,670
03/06/2021,TMB,FL,ASO,ES,Towers with Radar,0,8,57,0,65,0,0,121,0,121,0,8,178,0,186,131,0,131,317
03/07/2021,TMB,FL,ASO,ES,Towers with Radar,0,19,47,0,66,0,0,107,0,107,0,19,154,0,173,45,0,45,218
03/08/2021,TMB,FL,ASO,ES,Towers with Radar,0,10,46,0,56,0,3,148,0,151,0,13,194,0,207,152,0,152,359
03/09/2021,TMB,FL,ASO,ES,Towers with Radar,0,8,59,0,67,0,1,166,0,167,0,9,225,0,234,186,0,186,420
03/10/2021,TMB,FL,ASO,ES,Towers with Radar,0,8,58,0,66,0,0,153,0,153,0,8,211,0,219,105,0,105,324
03/11/2021,TMB,FL,ASO,ES,Towers with Radar,0,12,60,0,72,0,0,266,0,266,0,12,326,0,338,163,0,163,501
03/12/2021,TMB,FL,ASO,ES,Towers with Radar,0,19,65,0,84,0,1,270,0,271,0,20,335,0,355,334,0,334,689
03/13/2021,TMB,FL,ASO,ES,Towers with Radar,0,10,80,0,90,0,0,305,0,305,0,10,385,0,395,356,0,356,751
03/14/2021,TMB,FL,ASO,ES,Towers with Radar,0,21,51,0,72,0,1,192,0,193,0,22,243,0,265,219,0,219,484
03/15/2021,TMB,FL,ASO,ES,Towers with Radar,0,8,71,0,79,0,0,223,0,223,0,8,294,0,302,208,0,208,510
03/16/2021,TMB,FL,ASO,ES,Towers with Radar,1,13,68,0,82,0,0,200,0,200,1,13,268,0,282,259,0,259,541
03/17/2021,TMB,FL,ASO,ES,Towers with Radar,0,10,73,2,85,0,0,189,0,189,0,10,262,2,274,269,0,269,543
03/18/2021,TMB,FL,ASO,ES,Towers with Radar,0,20,65,0,85,0,4,137,0,141,0,24,202,0,226,179,0,179,405
03/19/2021,TMB,FL,ASO,ES,Towers with Radar,0,16,69,0,85,0,2,241,0,243,0,18,310,0,328,329,0,329,657
03/20/2021,TMB,FL,ASO,ES,Towers with Radar,0,10,47,0,57,0,0,303,0,303,0,10,350,0,360,313,0,313,673
03/21/2021,TMB,FL,ASO,ES,Towers with Radar,0,19,67,0,86,0,2,183,0,185,0,21,250,0,271,205,0,205,476
03/22/2021,TMB,FL,ASO,ES,Towers with Radar,0,18,65,0,83,0,1,277,0,278,0,19,342,0,361,356,0,356,717
03/23/2021,TMB,FL,ASO,ES,Towers with Radar,0,17,62,2,81,0,1,247,0,248,0,18,309,2,329,419,0,419,748
03/24/2021,TMB,FL,ASO,ES,Towers with Radar,0,11,58,0,69,0,3,215,0,218,0,14,273,0,287,321,0,321,608
03/25/2021,TMB,FL,ASO,ES,Towers with Radar,0,13,76,0,89,0,1,212,0,213,0,14,288,0,302,195,0,195,497
03/26/2021,TMB,FL,ASO,ES,Towers with Radar,0,21,81,0,102,0,0,219,0,219,0,21,300,0,321,222,0,222,543
03/27/2021,TMB,FL,ASO,ES,Towers with Radar,0,26,62,0,88,0,0,163,0,163,0,26,225,0,251,188,0,188,439
03/28/2021,TMB,FL,ASO,ES,Towers with Radar,0,31,49,0,80,0,2,177,0,179,0,33,226,0,259,117,0,117,376
03/29/2021,TMB,FL,ASO,ES,Towers with Radar,0,18,76,0,94,0,0,252,0,252,0,18,328,0,346,318,0,318,664
03/30/2021,TMB,FL,ASO,ES,Towers with Radar,0,11,64,0,75,0,1,246,0,247,0,12,310,0,322,284,0,284,606
03/31/2021,TMB,FL,ASO,ES,Towers with Radar,0,23,92,0,115,0,0,329,2,331,0,23,421,2,446,280,0,280,726
04/01/2021,TMB,FL,ASO,ES,Towers with Radar,0,18,73,0,91,0,0,253,0,253,0,18,326,0,344,298,0,298,642
04/02/2021,TMB,FL,ASO,ES,Towers with Radar,0,22,45,0,67,0,1,139,0,140,0,23,184,0,207,15,0,15,222
04/03/2021,TMB,FL,ASO,ES,Towers with Radar,0,20,51,0,71,0,0,128,0,128,0,20,179,0,199,99,0,99,298
04/04/2021,TMB,FL,ASO,ES,Towers with Radar,0,6,66,0,72,0,0,153,0,153,0,6,219,0,225,33,0,33,258
04/05/2021,TMB,FL,ASO,ES,Towers with Radar,0,24,85,0,109,0,0,236,0,236,0,24,321,0,345,287,0,287,632
04/06/2021,TMB,FL,ASO,ES,Towers with Radar,0,6,82,0,88,0,0,256,0,256,0,6,338,0,344,349,0,349,693
04/07/2021,TMB,FL,ASO,ES,Towers with Radar,0,19,62,0,81,0,0,254,0,254,0,19,316,0,335,329,0,329,664
04/08/2021,TMB,FL,ASO,ES,Towers with Radar,0,9,59,0,68,0,1,291,0,292,0,10,350,0,360,371,0,371,731
04/09/2021,TMB,FL,ASO,ES,Towers with Radar,0,19,74,2,95,0,1,280,0,281,0,20,354,2,376,308,0,308,684
04/10/2021,TMB,FL,ASO,ES,Towers with Radar,0,16,53,0,69,0,1,208,0,209,0,17,261,0,278,118,0,118,396
04/11/2021,TMB,FL,ASO,ES,Towers with Radar,0,18,41,0,59,0,3,73,0,76,0,21,114,0,135,22,0,22,157
04/12/2021,TMB,FL,ASO,ES,Towers with Radar,0,20,61,0,81,0,0,219,0,219,0,20,280,0,300,323,0,323,623
04/13/2021,TMB,FL,ASO,ES,Towers with Radar,0,5,81,0,86,0,0,241,0,241,0,5,322,0,327,321,0,321,648
04/14/2021,TMB,FL,ASO,ES,Towers with Radar,0,11,68,0,79,0,0,214,0,214,0,11,282,0,293,398,0,398,691
04/15/2021,TMB,FL,ASO,ES,Towers with Radar,0,15,89,0,104,0,2,213,0,215,0,17,302,0,319,275,0,275,594
04/16/2021,TMB,FL,ASO,ES,Towers with Radar,0,19,63,0,82,0,1,191,0,192,0,20,254,0,274,306,0,306,580
04/17/2021,TMB,FL,ASO,ES,Towers with Radar,0,5,27,0,32,0,1,169,0,170,0,6,196,0,202,128,0,128,330
04/18/2021,TMB,FL,ASO,ES,Towers with Radar,0,14,48,0,62,0,0,142,0,142,0,14,190,0,204,120,0,120,324
04/19/2021,TMB,FL,ASO,ES,Towers with Radar,0,10,54,0,64,0,0,123,0,123,0,10,177,0,187,141,0,141,328
04/20/2021,TMB,FL,ASO,ES,Towers with Radar,0,20,49,0,69,0,1,97,0,98,0,21,146,0,167,199,0,199,366
04/21/2021,TMB,FL,ASO,ES,Towers with Radar,0,21,59,0,80,0,1,144,0,145,0,22,203,0,225,466,0,466,691
04/22/2021,TMB,FL,ASO,ES,Towers with Radar,0,11,94,0,105,0,0,279,0,279,0,11,373,0,384,389,0,389,773
04/23/2021,TMB,FL,ASO,ES,Towers with Radar,0,24,104,0,128,0,5,232,0,237,0,29,336,0,365,260,0,260,625
04/24/2021,TMB,FL,ASO,ES,Towers with Radar,0,20,49,0,69,0,0,150,0,150,0,20,199,0,219,82,0,82,301
04/25/2021,TMB,FL,ASO,ES,Towers with Radar,0,8,61,0,69,0,1,105,0,106,0,9,166,0,175,82,0,82,257
04/26/2021,TMB,FL,ASO,ES,Towers with Radar,0,8,82,0,90,0,0,182,0,182,0,8,264,0,272,209,0,209,481
04/27/2021,TMB,FL,ASO,ES,Towers with Radar,0,7,69,0,76,0,5,195,0,200,0,12,264,0,276,237,0,237,513
04/28/2021,TMB,FL,ASO,ES,Towers with Radar,0,6,98,0,104,0,1,288,0,289,0,7,386,0,393,407,0,407,800
04/29/2021,TMB,FL,ASO,ES,Towers with Radar,0,4,76,0,80,0,1,264,0,265,0,5,340,0,345,225,0,225,570
04/30/2021,TMB,FL,ASO,ES,Towers with Radar,0,11,64,0,75,0,0,261,0,261,0,11,325,0,336,204,0,204,540
05/01/2021,TMB,FL,ASO,ES,Towers with Radar,0,9,49,0,58,0,0,290,0,290,0,9,339,0,348,285,0,285,633
05/02/2021,TMB,FL,ASO,ES,Towers with Radar,0,11,35,0,46,0,0,149,0,149,0,11,184,0,195,61,0,61,256
05/03/2021,TMB,FL,ASO,ES,Towers with Radar,0,3,51,0,54,0,0,189,0,189,0,3,240,0,243,151,0,151,394
05/04/2021,TMB,FL,ASO,ES,Towers with Radar,0,9,67,0,76,0,0,180,0,180,0,9,247,0,256,237,0,237,493
05/05/2021,TMB,FL,ASO,ES,Towers with Radar,0,7,69,0,76,0,0,213,0,213,0,7,282,0,289,298,0,298,587
05/06/2021,TMB,FL,ASO,ES,Towers with Radar,0,22,57,0,79,0,0,173,2,175,0,22,230,2,254,165,0,165,419
05/07/2021,TMB,FL,ASO,ES,Towers with Radar,0,11,67,0,78,0,2,186,0,188,0,13,253,0,266,251,0,251,517
05/08/2021,TMB,FL,ASO,ES,Towers with Radar,0,4,44,0,48,0,0,253,0,253,0,4,297,0,301,139,0,139,440
05/09/2021,TMB,FL,ASO,ES,Towers with Radar,0,6,44,0,50,0,0,98,0,98,0,6,142,0,148,76,0,76,224
05/10/2021,TMB,FL,ASO,ES,Towers with Radar,0,7,72,0,79,0,0,199,0,199,0,7,271,0,278,374,0,374,652
05/11/2021,TMB,FL,ASO,ES,Towers with Radar,0,5,90,1,96,0,0,251,0,251,0,5,341,1,347,374,0,374,721
05/12/2021,TMB,FL,ASO,ES,Towers with Radar,0,8,69,0,77,0,0,232,0,232,0,8,301,0,309,286,0,286,595
05/13/2021,TMB,FL,ASO,ES,Towers with Radar,0,9,49,2,60,0,0,137,0,137,0,9,186,2,197,302,0,302,499
05/14/2021,TMB,FL,ASO,ES,Towers with Radar,0,21,77,0,98,0,0,158,0,158,0,21,235,0,256,279,0,279,535
05/15/2021,TMB,FL,ASO,ES,Towers with Radar,0,8,53,0,61,0,0,163,0,163,0,8,216,0,224,156,0,156,380
05/16/2021,TMB,FL,ASO,ES,Towers with Radar,0,11,40,0,51,0,0,147,0,147,0,11,187,0,198,43,0,43,241
05/17/2021,TMB,FL,ASO,ES,Towers with Radar,0,5,72,0,77,0,2,168,0,170,0,7,240,0,247,334,0,334,581
05/18/2021,TMB,FL,ASO,ES,Towers with Radar,0,11,45,0,56,0,0,157,0,157,0,11,202,0,213,142,0,142,355
05/19/2021,TMB,FL,ASO,ES,Towers with Radar,0,5,54,0,59,0,2,117,2,121,0,7,171,2,180,219,0,219,399
05/20/2021,TMB,FL,ASO,ES,Towers with Radar,0,10,60,0,70,0,2,89,0,91,0,12,149,0,161,31,0,31,192
05/21/2021,TMB,FL,ASO,ES,Towers with Radar,0,6,52,0,58,0,0,155,0,155,0,6,207,0,213,132,0,132,345
05/22/2021,TMB,FL,ASO,ES,Towers with Radar,0,7,53,0,60,0,0,172,0,172,0,7,225,0,232,81,0,81,313
05/23/2021,TMB,FL,ASO,ES,Towers with Radar,0,9,61,0,70,0,0,167,0,167,0,9,228,0,237,88,0,88,325
05/24/2021,TMB,FL,ASO,ES,Towers with Radar,0,8,93,0,101,0,1,252,0,253,0,9,345,0,354,303,0,303,657
05/25/2021,TMB,FL,ASO,ES,Towers with Radar,0,5,60,0,65,0,0,261,0,261,0,5,321,0,326,363,0,363,689
05/26/2021,TMB,FL,ASO,ES,Towers with Radar,0,6,76,0,82,0,0,242,0,242,0,6,318,0,324,316,0,316,640
05/27/2021,TMB,FL,ASO,ES,Towers with Radar,0,12,78,0,90,0,0,313,2,315,0,12,391,2,405,386,0,386,791
05/28/2021,TMB,FL,ASO,ES,Towers with Radar,0,14,60,0,74,0,4,222,0,226,0,18,282,0,300,376,0,376,676
05/29/2021,TMB,FL,ASO,ES,Towers with Radar,0,5,70,0,75,0,0,232,0,232,0,5,302,0,307,216,0,216,523
05/30/2021,TMB,FL,ASO,ES,Towers with Radar,0,6,28,0,34,0,0,131,0,131,0,6,159,0,165,164,0,164,329
05/31/2021,TMB,FL,ASO,ES,Towers with Radar,0,12,66,0,78,0,0,231,0,231,0,12,297,0,309,200,0,200,509
06/01/2021,TMB,FL,ASO,ES,Towers with Radar,0,7,62,0,69,0,1,107,0,108,0,8,169,0,177,149,0,149,326
06/02/2021,TMB,FL,ASO,ES,Towers with Radar,0,10,55,0,65,0,1,134,0,135,0,11,189,0,200,234,0,234,434
06/03/2021,TMB,FL,ASO,ES,Towers with Radar,0,16,40,0,56,0,0,91,0,91,0,16,131,0,147,132,0,132,279
06/04/2021,TMB,FL,ASO,ES,Towers with Radar,0,13,80,0,93,0,0,253,0,253,0,13,333,0,346,334,0,334,680
06/05/2021,TMB,FL,ASO,ES,Towers with Radar,0,9,46,0,55,0,0,225,0,225,0,9,271,0,280,253,0,253,533
06/06/2021,TMB,FL,ASO,ES,Towers with Radar,0,9,55,0,64,0,0,157,0,157,0,9,212,0,221,87,0,87,308
06/07/2021,TMB,FL,ASO,ES,Towers with Radar,0,9,71,0,80,0,0,274,0,274,0,9,345,0,354,371,0,371,725
06/08/2021,TMB,FL,ASO,ES,Towers with Radar,0,11,59,0,70,0,2,248,0,250,0,13,307,0,320,333,0,333,653
06/09/2021,TMB,FL,ASO,ES,Towers with Radar,0,12,72,0,84,0,1,267,0,268,0,13,339,0,352,417,0,417,769
06/10/2021,TMB,FL,ASO,ES,Towers with Radar,0,12,82,0,94,0,2,324,0,326,0,14,406,0,420,338,0,338,758
06/11/2021,TMB,FL,ASO,ES,Towers with Radar,0,11,74,0,85,0,0,269,0,269,0,11,343,0,354,409,0,409,763
06/12/2021,TMB,FL,ASO,ES,Towers with Radar,0,7,62,0,69,0,0,166,0,166,0,7,228,0,235,190,0,190,425
06/13/2021,TMB,FL,ASO,ES,Towers with Radar,0,11,39,0,50,0,0,203,0,203,0,11,242,0,253,197,0,197,450
06/14/2021,TMB,FL,ASO,ES,Towers with Radar,0,20,35,0,55,0,2,53,0,55,0,22,88,0,110,54,0,54,164
06/15/2021,TMB,FL,ASO,ES,Towers with Radar,0,8,58,0,66,0,0,178,0,178,0,8,236,0,244,320,0,320,564
06/16/2021,TMB,FL,ASO,ES,Towers with Radar,0,7,39,0,46,0,0,115,0,115,0,7,154,0,161,268,0,268,429
06/17/2021,TMB,FL,ASO,ES,Towers with Radar,0,17,64,0,81,0,1,249,0,250,0,18,313,0,331,390,0,390,721
06/18/2021,TMB,FL,ASO,ES,Towers with Radar,0,12,66,0,78,0,0,249,0,249,0,12,315,0,327,457,0,457,784
06/19/2021,TMB,FL,ASO,ES,Towers with Radar,0,13,60,0,73,0,0,308,0,308,0,13,368,0,381,278,0,278,659
06/20/2021,TMB,FL,ASO,ES,Towers with Radar,0,6,39,0,45,0,0,128,0,128,0,6,167,0,173,76,0,76,249
06/21/2021,TMB,FL,ASO,ES,Towers with Radar,0,2,59,0,61,0,0,270,0,270,0,2,329,0,331,327,0,327,658
06/22/2021,TMB,FL,ASO,ES,Towers with Radar,0,8,55,0,63,0,0,209,0,209,0,8,264,0,272,207,0,207,479
06/23/2021,TMB,FL,ASO,ES,Towers with Radar,0,7,56,1,64,0,0,252,2,254,0,7,308,3,318,289,0,289,607
06/24/2021,TMB,FL,ASO,ES,Towers with Radar,0,10,41,0,51,0,2,101,0,103,0,12,142,0,154,193,0,193,347
06/25/2021,TMB,FL,ASO,ES,Towers with Radar,0,6,49,0,55,0,0,143,0,143,0,6,192,0,198,119,0,119,317
06/26/2021,TMB,FL,ASO,ES,Towers with Radar,0,15,60,0,75,0,1,226,0,227,0,16,286,0,302,282,0,282,584
06/27/2021,TMB,FL,ASO,ES,Towers with Radar,0,14,43,0,57,0,1,173,0,174,0,15,216,0,231,220,0,220,451
06/28/2021,TMB,FL,ASO,ES,Towers with Radar,0,3,37,2,42,0,0,170,0,170,0,3,207,2,212,277,0,277,489
06/29/2021,TMB,FL,ASO,ES,Towers with Radar,1,4,38,0,43,0,0,177,0,177,1,4,215,0,220,353,0,353,573
06/30/2021,TMB,FL,ASO,ES,Towers with Radar,0,1,60,0,61,0,0,111,0,111,0,1,171,0,172,245,0,245,417
07/01/2021,TMB,FL,ASO,ES,Towers with Radar,0,21,90,0,111,0,1,71,0,72,0,22,161,0,183,29,0,29,212
07/02/2021,TMB,FL,ASO,ES,Towers with Radar,0,8,65,0,73,0,0,279,0,279,0,8,344,0,352,411,0,411,763
07/03/2021,TMB,FL,ASO,ES,Towers with Radar,0,2,56,0,58,0,2,294,0,296,0,4,350,0,354,239,0,239,593
07/04/2021,TMB,FL,ASO,ES,Towers with Radar,0,2,24,0,26,0,3,188,0,191,0,5,212,0,217,165,0,165,382
07/05/2021,TMB,FL,ASO,ES,Towers with Radar,0,14,57,0,71,0,0,109,0,109,0,14,166,0,180,212,0,212,392
07/06/2021,TMB,FL,ASO,ES,Towers with Radar,0,3,16,0,19,0,0,20,0,20,0,3,36,0,39,19,0,19,58
07/07/2021,TMB,FL,ASO,ES,Towers with Radar,0,3,77,0,80,0,1,203,0,204,0,4,280,0,284,447,0,447,731
07/08/2021,TMB,FL,ASO,ES,Towers with Radar,0,8,51,0,59,0,0,223,0,223,0,8,274,0,282,376,0,376,658
07/09/2021,TMB,FL,ASO,ES,Towers with Radar,0,2,79,0,81,0,2,290,0,292,0,4,369,0,373,482,0,482,855
07/10/2021,TMB,FL,ASO,ES,Towers with Radar,0,7,54,0,61,0,1,134,0,135,0,8,188,0,196,210,0,210,406
07/11/2021,TMB,FL,ASO,ES,Towers with Radar,0,10,44,0,54,0,0,157,0,157,0,10,201,0,211,90,0,90,301
07/12/2021,TMB,FL,ASO,ES,Towers with Radar,0,3,49,0,52,0,0,117,0,117,0,3,166,0,169,160,0,160,329
07/13/2021,TMB,FL,ASO,ES,Towers with Radar,0,7,31,0,38,0,0,93,1,94,0,7,124,1,132,219,0,219,351
07/14/2021,TMB,FL,ASO,ES,Towers with Radar,0,9,77,0,86,0,0,249,2,251,0,9,326,2,337,338,0,338,675
07/15/2021,TMB,FL,ASO,ES,Towers with Radar,0,8,70,0,78,0,0,310,0,310,0,8,380,0,388,345,0,345,733
07/16/2021,TMB,FL,ASO,ES,Towers with Radar,0,6,78,0,84,0,2,306,0,308,0,8,384,0,392,325,0,325,717
07/17/2021,TMB,FL,ASO,ES,Towers with Radar,0,11,64,0,75,0,2,267,0,269,0,13,331,0,344,202,0,202,546
07/18/2021,TMB,FL,ASO,ES,Towers with Radar,0,6,62,0,68,0,0,195,0,195,0,6,257,0,263,180,0,180,443
07/19/2021,TMB,FL,ASO,ES,Towers with Radar,0,2,77,0,79,0,0,249,0,249,0,2,326,0,328,326,0,326,654
07/20/2021,TMB,FL,ASO,ES,Towers with Radar,0,6,42,0,48,0,0,129,0,129,0,6,171,0,177,279,0,279,456
07/21/2021,TMB,FL,ASO,ES,Towers with Radar,0,2,68,0,70,0,1,254,0,255,0,3,322,0,325,477,0,477,802
07/22/2021,TMB,FL,ASO,ES,Towers with Radar,0,4,70,0,74,0,0,286,0,286,0,4,356,0,360,410,0,410,770
07/23/2021,TMB,FL,ASO,ES,Towers with Radar,0,7,54,0,61,0,0,190,1,191,0,7,244,1,252,227,0,227,479
07/24/2021,TMB,FL,ASO,ES,Towers with Radar,0,7,37,0,44,0,0,195,0,195,0,7,232,0,239,202,0,202,441
07/25/2021,TMB,FL,ASO,ES,Towers with Radar,0,4,26,0,30,0,1,165,0,166,0,5,191,0,196,173,0,173,369
07/26/2021,TMB,FL,ASO,ES,Towers with Radar,0,7,58,0,65,0,1,236,1,238,0,8,294,1,303,405,0,405,708
07/27/2021,TMB,FL,ASO,ES,Towers with Radar,0,10,59,0,69,0,1,223,0,224,0,11,282,0,293,357,0,357,650
07/28/2021,TMB,FL,ASO,ES,Towers with Radar,0,8,49,0,57,0,1,229,0,230,0,9,278,0,287,229,0,229,516
07/29/2021,TMB,FL,ASO,ES,Towers with Radar,0,1,50,0,51,0,0,192,1,193,0,1,242,1,244,303,0,303,547
07/30/2021,TMB,FL,ASO,ES,Towers with Radar,0,9,56,0,65,0,2,203,0,205,0,11,259,0,270,273,0,273,543
07/31/2021,TMB,FL,ASO,ES,Towers with Radar,0,1,51,0,52,0,0,238,0,238,0,1,289,0,290,331,0,331,621
08/01/2021,TMB,FL,ASO,ES,Towers with Radar,0,10,27,0,37,0,0,136,0,136,0,10,163,0,173,163,0,163,336
08/02/2021,TMB,FL,ASO,ES,Towers with Radar,0,12,44,0,56,0,0,157,0,157,0,12,201,0,213,318,0,318,531
08/03/2021,TMB,FL,ASO,ES,Towers with Radar,0,9,37,0,46,0,1,121,0,122,0,10,158,0,168,206,0,206,374
08/04/2021,TMB,FL,ASO,ES,Towers with Radar,0,3,34,0,37,0,0,145,1,146,0,3,179,1,183,329,0,329,512
08/05/2021,TMB,FL,ASO,ES,Towers with Radar,0,6,69,0,75,0,0,248,0,248,0,6,317,0,323,460,0,460,783
08/06/2021,TMB,FL,ASO,ES,Towers with Radar,0,14,54,0,68,0,3,204,0,207,0,17,258,0,275,412,0,412,687
08/07/2021,TMB,FL,ASO,ES,Towers with Radar,0,14,27,0,41,0,0,159,0,159,0,14,186,0,200,142,0,142,342
08/08/2021,TMB,FL,ASO,ES,Towers with Radar,0,8,49,0,57,0,0,186,0,186,0,8,235,0,243,281,0,281,524
08/09/2021,TMB,FL,ASO,ES,Towers with Radar,0,4,96,0,100,0,2,279,0,281,0,6,375,0,381,458,0,458,839
08/10/2021,TMB,FL,ASO,ES,Towers with Radar,0,9,37,1,47,0,0,171,0,171,0,9,208,1,218,302,0,302,520
08/11/2021,TMB,FL,ASO,ES,Towers with Radar,0,10,60,0,70,0,0,245,0,245,0,10,305,0,315,333,0,333,648
08/12/2021,TMB,FL,ASO,ES,Towers with Radar,0,12,38,0,50,0,2,192,1,195,0,14,230,1,245,273,0,273,518
08/13/2021,TMB,FL,ASO,ES,Towers with Radar,0,6,32,0,38,0,0,64,0,64,0,6,96,0,102,108,0,108,210
08/14/2021,TMB,FL,ASO,ES,Towers with Radar,0,4,12,0,16,0,0,26,0,26,0,4,38,0,42,18,0,18,60
08/15/2021,TMB,FL,ASO,ES,Towers with Radar,0,14,34,0,48,0,0,79,0,79,0,14,113,0,127,184,0,184,311
08/16/2021,TMB,FL,ASO,ES,Towers with Radar,0,8,78,0,86,0,1,237,0,238,0,9,315,0,324,428,0,428,752
08/17/2021,TMB,FL,ASO,ES,Towers with Radar,0,4,82,1,87,0,0,244,0,244,0,4,326,1,331,380,0,380,711
08/18/2021,TMB,FL,ASO,ES,Towers with Radar,0,3,61,0,64,0,0,261,0,261,0,3,322,0,325,389,0,389,714
08/19/2021,TMB,FL,ASO,ES,Towers with Radar,0,8,72,1,81,0,0,292,0,292,0,8,364,1,373,434,0,434,807
08/20/2021,TMB,FL,ASO,ES,Towers with Radar,0,8,62,0,70,0,1,275,0,276,0,9,337,0,346,348,0,348,694
08/21/2021,TMB,FL,ASO,ES,Towers with Radar,0,8,60,0,68,0,0,286,0,286,0,8,346,0,354,197,0,197,551
08/22/2021,TMB,FL,ASO,ES,Towers with Radar,0,11,45,0,56,0,0,167,0,167,0,11,212,0,223,117,0,117,340
08/23/2021,TMB,FL,ASO,ES,Towers with Radar,0,5,79,6,90,0,0,224,0,224,0,5,303,6,314,294,0,294,608
08/24/2021,TMB,FL,ASO,ES,Towers with Radar,0,8,55,0,63,0,4,201,0,205,0,12,256,0,268,321,0,321,589
08/25/2021,TMB,FL,ASO,ES,Towers with Radar,0,9,51,0,60,0,0,82,0,82,0,9,133,0,142,88,0,88,230
08/26/2021,TMB,FL,ASO,ES,Towers with Radar,0,9,73,0,82,0,2,206,1,209,0,11,279,1,291,270,0,270,561
08/27/2021,TMB,FL,ASO,ES,Towers with Radar,0,6,52,0,58,0,0,183,0,183,0,6,235,0,241,221,0,221,462
08/28/2021,TMB,FL,ASO,ES,Towers with Radar,0,4,54,0,58,0,2,173,0,175,0,6,227,0,233,155,0,155,388
08/29/2021,TMB,FL,ASO,ES,Towers with Radar,0,1,54,0,55,0,0,152,0,152,0,1,206,0,207,154,0,154,361
08/30/2021,TMB,FL,ASO,ES,Towers with Radar,0,7,52,0,59,0,0,156,0,156,0,7,208,0,215,226,0,226,441
08/31/2021,TMB,FL,ASO,ES,Towers with Radar,0,4,51,0,55,0,0,195,0,195,0,4,246,0,250,245,0,245,495
09/01/2021,TMB,FL,ASO,ES,Towers with Radar,0,9,63,0,72,0,1,221,0,222,0,10,284,0,294,634,0,634,928
09/02/2021,TMB,FL,ASO,ES,Towers with Radar,0,8,61,0,69,0,1,216,0,217,0,9,277,0,286,285,0,285,571
09/03/2021,TMB,FL,ASO,ES,Towers with Radar,0,8,56,0,64,0,1,156,0,157,0,9,212,0,221,268,0,268,489
09/04/2021,TMB,FL,ASO,ES,Towers with Radar,0,7,48,0,55,0,0,171,0,171,0,7,219,0,226,231,0,231,457
09/05/2021,TMB,FL,ASO,ES,Towers with Radar,0,4,25,0,29,0,0,175,0,175,0,4,200,0,204,183,0,183,387
09/06/2021,TMB,FL,ASO,ES,Towers with Radar,0,11,75,0,86,0,0,221,0,221,0,11,296,0,307,318,0,318,625
09/07/2021,TMB,FL,ASO,ES,Towers with Radar,0,8,52,0,60,0,0,218,0,218,0,8,270,0,278,302,0,302,580
09/08/2021,TMB,FL,ASO,ES,Towers with Radar,0,9,74,0,83,0,0,228,0,228,0,9,302,0,311,322,0,322,633
09/09/2021,TMB,FL,ASO,ES,Towers with Radar,0,7,55,0,62,0,0,255,0,255,0,7,310,0,317,381,0,381,698
09/10/2021,TMB,FL,ASO,ES,Towers with Radar,0,5,72,0,77,0,3,269,0,272,0,8,341,0,349,342,0,342,691
09/11/2021,TMB,FL,ASO,ES,Towers with Radar,0,2,57,0,59,0,0,316,1,317,0,2,373,1,376,381,0,381,757
09/12/2021,TMB,FL,ASO,ES,Towers with Radar,0,3,37,0,40,0,0,176,0,176,0,3,213,0,216,127,0,127,343
09/13/2021,TMB,FL,ASO,ES,Towers with Radar,0,7,54,0,61,0,0,150,0,150,0,7,204,0,211,256,0,256,467
09/14/2021,TMB,FL,ASO,ES,Towers with Radar,0,4,55,0,59,0,0,270,0,270,0,4,325,0,329,474,0,474,803
09/15/2021,TMB,FL,ASO,ES,Towers with Radar,0,6,57,0,63,0,2,213,0,215,0,8,270,0,278,341,0,341,619
09/16/2021,TMB,FL,ASO,ES,Towers with Radar,0,10,49,0,59,0,0,192,0,192,0,10,241,0,251,284,0,284,535
09/17/2021,TMB,FL,ASO,ES,Towers with Radar,0,3,65,0,68,0,0,150,0,150,0,3,215,0,218,125,0,125,343
09/18/2021,TMB,FL,ASO,ES,Towers with Radar,0,8,52,0,60,0,0,251,0,251,0,8,303,0,311,255,0,255,566
09/19/2021,TMB,FL,ASO,ES,Towers with Radar,0,4,43,0,47,0,0,148,0,148,0,4,191,0,195,212,0,212,407
09/20/2021,TMB,FL,ASO,ES,Towers with Radar,0,7,63,0,70,0,0,202,0,202,0,7,265,0,272,171,0,171,443
09/21/2021,TMB,FL,ASO,ES,Towers with Radar,0,5,37,0,42,0,0,165,0,165,0,5,202,0,207,291,0,291,498
09/22/2021,TMB,FL,ASO,ES,Towers with Radar,0,10,45,0,55,0,0,138,0,138,0,10,183,0,193,247,0,247,440
09/23/2021,TMB,FL,ASO,ES,Towers with Radar,0,11,66,0,77,0,1,265,0,266,0,12,331,0,343,313,0,313,656
09/24/2021,TMB,FL,ASO,ES,Towers with Radar,0,10,58,0,68,0,3,182,1,186,0,13,240,1,254,267,0,267,521
09/25/2021,TMB,FL,ASO,ES,Towers with Radar,0,5,42,0,47,0,0,162,0,162,0,5,204,0,209,183,0,183,392
09/26/2021,TMB,FL,ASO,ES,Towers with Radar,0,3,61,0,64,0,1,200,0,201,0,4,261,0,265,180,0,180,445
09/27/2021,TMB,FL,ASO,ES,Towers with Radar,0,10,81,0,91,0,2,330,1,333,0,12,411,1,424,229,0,229,653
09/28/2021,TMB,FL,ASO,ES,Towers with Radar,0,7,66,0,73,0,4,305,0,309,0,11,371,0,382,359,0,359,741
09/29/2021,TMB,FL,ASO,ES,Towers with Radar,0,4,52,0,56,0,0,331,0,331,0,4,383,0,387,426,0,426,813
09/30/2021,TMB,FL,ASO,ES,Towers with Radar,0,5,71,0,76,0,4,317,0,321,0,9,388,0,397,389,0,389,786
10/01/2021,TMB,FL,ASO,ES,Towers with Radar,0,16,62,0,78,0,0,133,0,133,0,16,195,0,211,136,0,136,347
10/02/2021,TMB,FL,ASO,ES,Towers with Radar,0,5,49,0,54,0,0,216,0,216,0,5,265,0,270,195,0,195,465
10/03/2021,TMB,FL,ASO,ES,Towers with Radar,0,5,49,0,54,0,0,203,1,204,0,5,252,1,258,143,0,143,401
10/04/2021,TMB,FL,ASO,ES,Towers with Radar,1,11,69,0,81,0,0,240,0,240,1,11,309,0,321,332,0,332,653
10/05/2021,TMB,FL,ASO,ES,Towers with Radar,0,7,63,0,70,0,6,272,0,278,0,13,335,0,348,334,0,334,682
10/06/2021,TMB,FL,ASO,ES,Towers with Radar,0,6,72,0,78,0,2,245,0,247,0,8,317,0,325,339,0,339,664
10/07/2021,TMB,FL,ASO,ES,Towers with Radar,0,12,71,0,83,0,4,223,0,227,0,16,294,0,310,308,0,308,618
10/08/2021,TMB,FL,ASO,ES,Towers with Radar,0,6,68,0,74,0,0,231,1,232,0,6,299,1,306,287,0,287,593
10/09/2021,TMB,FL,ASO,ES,Towers with Radar,0,4,50,0,54,0,0,210,0,210,0,4,260,0,264,240,0,240,504
10/10/2021,TMB,FL,ASO,ES,Towers with Radar,0,2,33,0,35,0,0,199,0,199,0,2,232,0,234,202,0,202,436
10/11/2021,TMB,FL,ASO,ES,Towers with Radar,0,6,53,0,59,0,0,223,0,223,0,6,276,0,282,360,0,360,642
10/12/2021,TMB,FL,ASO,ES,Towers with Radar,0,9,50,0,59,0,0,258,0,258,0,9,308,0,317,262,0,262,579
10/13/2021,TMB,FL,ASO,ES,Towers with Radar,0,8,60,0,68,0,0,264,0,264,0,8,324,0,332,363,0,363,695
10/14/2021,TMB,FL,ASO,ES,Towers with Radar,0,5,71,0,76,0,0,262,0,262,0,5,333,0,338,278,0,278,616
10/15/2021,TMB,FL,ASO,ES,Towers with Radar,0,10,71,0,81,0,1,243,0,244,0,11,314,0,325,369,0,369,694
10/16/2021,TMB,FL,ASO,ES,Towers with Radar,0,7,52,0,59,0,1,323,0,324,0,8,375,0,383,189,0,189,572
10/17/2021,TMB,FL,ASO,ES,Towers with Radar,0,16,40,0,56,0,0,339,0,339,0,16,379,0,395,168,0,168,563
10/18/2021,TMB,FL,ASO,ES,Towers with Radar,0,13,60,0,73,0,3,214,2,219,0,16,274,2,292,473,0,473,765
10/19/2021,TMB,FL,ASO,ES,Towers with Radar,0,16,65,0,81,0,4,310,1,315,0,20,375,1,396,305,0,305,701
10/20/2021,TMB,FL,ASO,ES,Towers with Radar,0,10,57,0,67,0,3,213,1,217,0,13,270,1,284,207,0,207,491
10/21/2021,TMB,FL,ASO,ES,Towers with Radar,0,9,74,0,83,0,3,297,0,300,0,12,371,0,383,403,0,403,786
10/22/2021,TMB,FL,ASO,ES,Towers with Radar,0,7,49,0,56,0,0,107,0,107,0,7,156,0,163,183,0,183,346
10/23/2021,TMB,FL,ASO,ES,Towers with Radar,0,3,39,0,42,0,0,220,0,220,0,3,259,0,262,343,0,343,605
10/24/2021,TMB,FL,ASO,ES,Towers with Radar,0,6,44,0,50,0,0,123,0,123,0,6,167,0,173,232,0,232,405
10/25/2021,TMB,FL,ASO,ES,Towers with Radar,0,7,39,0,46,0,0,113,1,114,0,7,152,1,160,91,0,91,251
10/26/2021,TMB,FL,ASO,ES,Towers with Radar,0,6,50,0,56,0,0,192,0,192,0,6,242,0,248,316,0,316,564
10/27/2021,TMB,FL,ASO,ES,Towers with Radar,0,6,66,0,72,0,1,288,0,289,0,7,354,0,361,413,0,413,774
10/28/2021,TMB,FL,ASO,ES,Towers with Radar,0,10,52,0,62,0,2,183,0,185,0,12,235,0,247,252,0,252,499
10/29/2021,TMB,FL,ASO,ES,Towers with Radar,0,10,58,0,68,0,2,190,0,192,0,12,248,0,260,219,0,219,479
10/30/2021,TMB,FL,ASO,ES,Towers with Radar,0,10,37,0,47,0,0,269,1,270,0,10,306,1,317,269,0,269,586
10/31/2021,TMB,FL,ASO,ES,Towers with Radar,0,10,58,0,68,0,0,211,0,211,0,10,269,0,279,124,0,124,403
11/01/2021,TMB,FL,ASO,ES,Towers with Radar,0,6,71,0,77,0,2,420,0,422,0,8,491,0,499,195,0,195,694
11/02/2021,TMB,FL,ASO,ES,Towers with Radar,0,15,67,0,82,0,1,152,0,153,0,16,219,0,235,191,0,191,426
11/03/2021,TMB,FL,ASO,ES,Towers with Radar,0,17,69,0,86,0,0,299,0,299,0,17,368,0,385,361,0,361,746
11/04/2021,TMB,FL,ASO,ES,Towers with Radar,0,9,94,0,103,0,2,283,0,285,0,11,377,0,388,485,0,485,873
11/05/2021,TMB,FL,ASO,ES,Towers with Radar,0,14,31,0,45,0,0,29,0,29,0,14,60,0,74,141,0,141,215
11/06/2021,TMB,FL,ASO,ES,Towers with Radar,0,5,61,0,66,0,2,151,0,153,0,7,212,0,219,78,0,78,297
11/07/2021,TMB,FL,ASO,ES,Towers with Radar,0,20,71,0,91,0,0,238,0,238,0,20,309,0,329,151,0,151,480
11/08/2021,TMB,FL,ASO,ES,Towers with Radar,2,7,75,2,86,0,0,406,0,406,2,7,481,2,492,312,0,312,804
11/09/2021,TMB,FL,ASO,ES,Towers with Radar,0,7,76,0,83,0,3,313,1,317,0,10,389,1,400,327,0,327,727
11/10/2021,TMB,FL,ASO,ES,Towers with Radar,0,16,110,0,126,0,4,297,0,301,0,20,407,0,427,269,0,269,696
11/11/2021,TMB,FL,ASO,ES,Towers with Radar,0,16,53,0,69,0,0,249,0,249,0,16,302,0,318,297,0,297,615
11/12/2021,TMB,FL,ASO,ES,Towers with Radar,0,7,72,0,79,0,0,192,0,192,0,7,264,0,271,271,0,271,542
11/13/2021,TMB,FL,ASO,ES,Towers with Radar,1,13,57,0,71,0,0,275,2,277,1,13,332,2,348,278,0,278,626
11/14/2021,TMB,FL,ASO,ES,Towers with Radar,0,9,73,1,83,0,0,244,0,244,0,9,317,1,327,222,0,222,549
11/15/2021,TMB,FL,ASO,ES,Towers with Radar,0,14,73,0,87,0,3,290,0,293,0,17,363,0,380,335,0,335,715
11/16/2021,TMB,FL,ASO,ES,Towers with Radar,0,5,109,0,114,0,0,337,0,337,0,5,446,0,451,439,0,439,890
11/17/2021,TMB,FL,ASO,ES,Towers with Radar,0,19,63,0,82,0,0,198,0,198,0,19,261,0,280,293,0,293,573
11/18/2021,TMB,FL,ASO,ES,Towers with Radar,0,14,55,0,69,0,0,74,0,74,0,14,129,0,143,144,0,144,287
11/19/2021,TMB,FL,ASO,ES,Towers with Radar,0,22,83,0,105,0,2,116,0,118,0,24,199,0,223,97,0,97,320
11/20/2021,TMB,FL,ASO,ES,Towers with Radar,0,30,62,0,92,0,0,76,0,76,0,30,138,0,168,40,0,40,208
11/21/2021,TMB,FL,ASO,ES,Towers with Radar,0,19,64,0,83,0,0,173,0,173,0,19,237,0,256,235,0,235,491
11/22/2021,TMB,FL,ASO,ES,Towers with Radar,0,19,62,0,81,0,3,194,0,197,0,22,256,0,278,197,0,197,475
11/23/2021,TMB,FL,ASO,ES,Towers with Radar,0,20,68,0,88,0,2,288,0,290,0,22,356,0,378,102,0,102,480
11/24/2021,TMB,FL,ASO,ES,Towers with Radar,0,4,107,0,111,0,1,384,0,385,0,5,491,0,496,356,0,356,852
11/25/2021,TMB,FL,ASO,ES,Towers with Radar,0,3,67,0,70,0,1,163,0,164,0,4,230,0,234,73,0,73,307
11/26/2021,TMB,FL,ASO,ES,Towers with Radar,0,12,64,0,76,0,3,356,0,359,0,15,420,0,435,324,0,324,759
11/27/2021,TMB,FL,ASO,ES,Towers with Radar,0,12,51,0,63,0,1,341,1,343,0,13,392,1,406,333,0,333,739
11/28/2021,TMB,FL,ASO,ES,Towers with Radar,0,24,107,0,131,0,2,264,0,266,0,26,371,0,397,135,0,135,532
11/29/2021,TMB,FL,ASO,ES,Towers with Radar,0,23,88,0,111,0,0,241,0,241,0,23,329,0,352,175,0,175,527
11/30/2021,TMB,FL,ASO,ES,Towers with Radar,0,28,89,0,117,0,0,356,0,356,0,28,445,0,473,432,0,432,905
12/01/2021,TMB,FL,ASO,ES,Towers with Radar,0,15,85,0,100,0,5,346,1,352,0,20,431,1,452,321,0,321,773
12/02/2021,TMB,FL,ASO,ES,Towers with Radar,0,20,63,0,83,0,1,269,0,270,0,21,332,0,353,400,0,400,753
12/03/2021,TMB,FL,ASO,ES,Towers with Radar,0,13,89,0,102,0,4,305,0,309,0,17,394,0,411,372,0,372,783
12/04/2021,TMB,FL,ASO,ES,Towers with Radar,0,11,56,0,67,0,0,279,0,279,0,11,335,0,346,273,0,273,619
12/05/2021,TMB,FL,ASO,ES,Towers with Radar,0,14,55,0,69,0,1,254,0,255,0,15,309,0,324,165,0,165,489
12/06/2021,TMB,FL,ASO,ES,Towers with Radar,0,17,44,0,61,0,0,137,0,137,0,17,181,0,198,174,0,174,372
12/07/2021,TMB,FL,ASO,ES,Towers with Radar,0,7,75,0,82,0,5,354,0,359,0,12,429,0,441,456,0,456,897
12/08/2021,TMB,FL,ASO,ES,Towers with Radar,0,9,81,1,91,0,2,280,0,282,0,11,361,1,373,427,0,427,800
12/09/2021,TMB,FL,ASO,ES,Towers with Radar,0,9,96,0,105,0,3,281,0,284,0,12,377,0,389,337,0,337,726
12/10/2021,TMB,FL,ASO,ES,Towers with Radar,0,14,56,0,70,0,0,301,0,301,0,14,357,0,371,384,0,384,755
12/11/2021,TMB,FL,ASO,ES,Towers with Radar,0,8,64,0,72,0,0,319,0,319,0,8,383,0,391,197,0,197,588
12/12/2021,TMB,FL,ASO,ES,Towers with Radar,0,5,75,0,80,0,0,265,1,266,0,5,340,1,346,187,0,187,533
12/13/2021,TMB,FL,ASO,ES,Towers with Radar,0,7,82,0,89,0,0,239,0,239,0,7,321,0,328,410,0,410,738
12/14/2021,TMB,FL,ASO,ES,Towers with Radar,0,7,91,0,98,0,0,328,0,328,0,7,419,0,426,269,0,269,695
12/15/2021,TMB,FL,ASO,ES,Towers with Radar,0,9,80,0,89,0,1,246,0,247,0,10,326,0,336,245,0,245,581
12/16/2021,TMB,FL,ASO,ES,Towers with Radar,0,10,61,0,71,0,0,206,0,206,0,10,267,0,277,185,0,185,462
12/17/2021,TMB,FL,ASO,ES,Towers with Radar,0,14,92,0,106,0,0,236,0,236,0,14,328,0,342,334,0,334,676
12/18/2021,TMB,FL,ASO,ES,Towers with Radar,0,26,41,0,67,0,0,243,0,243,0,26,284,0,310,116,0,116,426
12/19/2021,TMB,FL,ASO,ES,Towers with Radar,0,13,50,0,63,0,0,155,0,155,0,13,205,0,218,163,0,163,381
12/20/2021,TMB,FL,ASO,ES,Towers with Radar,0,9,75,4,88,0,1,222,0,223,0,10,297,4,311,244,0,244,555
12/21/2021,TMB,FL,ASO,ES,Towers with Radar,0,16,30,0,46,0,0,59,0,59,0,16,89,0,105,72,0,72,177
12/22/2021,TMB,FL,ASO,ES,Towers with Radar,0,23,56,0,79,0,5,269,1,275,0,28,325,1,354,167,0,167,521
12/23/2021,TMB,FL,ASO,ES,Towers with Radar,1,13,60,0,74,0,1,278,0,279,1,14,338,0,353,203,0,203,556
12/24/2021,TMB,FL,ASO,ES,Towers with Radar,0,3,39,0,42,0,0,146,0,146,0,3,185,0,188,145,0,145,333
12/25/2021,TMB,FL,ASO,ES,Towers with Radar,0,12,22,0,34,0,0,80,0,80,0,12,102,0,114,56,0,56,170
12/26/2021,TMB,FL,ASO,ES,Towers with Radar,0,25,90,0,115,0,0,215,0,215,0,25,305,0,330,64,0,64,394
12/27/2021,TMB,FL,ASO,ES,Towers with Radar,0,25,78,0,103,0,0,231,0,231,0,25,309,0,334,233,0,233,567
12/28/2021,TMB,FL,ASO,ES,Towers with Radar,0,15,45,0,60,0,2,197,0,199,0,17,242,0,259,244,0,244,503
12/29/2021,TMB,FL,ASO,ES,Towers with Radar,0,12,54,0,66,0,0,252,0,252,0,12,306,0,318,251,0,251,569
12/30/2021,TMB,FL,ASO,ES,Towers with Radar,0,10,45,0,55,0,0,209,0,209,0,10,254,0,264,186,0,186,450
12/31/2021,TMB,FL,ASO,ES,Towers with Radar,1,11,30,0,42,0,1,152,0,153,1,12,182,0,195,96,0,96,291
01/01/2022,TMB,FL,ASO,ES,Towers with Radar,0,14,44,0,58,0,0,143,0,143,0,14,187,0,201,70,0,70,271
01/02/2022,TMB,FL,ASO,ES,Towers with Radar,0,50,82,1,133,1,1,166,0,168,1,51,248,1,301,59,0,59,360
01/03/2022,TMB,FL,ASO,ES,Towers with Radar,0,24,67,0,91,0,4,184,0,188,0,28,251,0,279,128,0,128,407
01/04/2022,TMB,FL,ASO,ES,Towers with Radar,0,23,77,0,100,0,0,218,0,218,0,23,295,0,318,219,0,219,537
01/05/2022,TMB,FL,ASO,ES,Towers with Radar,0,14,48,0,62,0,0,165,0,165,0,14,213,0,227,193,0,193,420
01/06/2022,TMB,FL,ASO,ES,Towers with Radar,0,11,56,0,67,0,6,236,0,242,0,17,292,0,309,191,0,191,500
01/07/2022,TMB,FL,ASO,ES,Towers with Radar,0,11,77,4,92,0,0,220,0,220,0,11,297,4,312,275,0,275,587
01/08/2022,TMB,FL,ASO,ES,Towers with Radar,0,5,40,0,45,0,0,112,0,112,0,5,152,0,157,9,0,9,166
01/09/2022,TMB,FL,ASO,ES,Towers with Radar,0,16,55,0,71,0,0,115,0,115,0,16,170,0,186,76,0,76,262
01/10/2022,TMB,FL,ASO,ES,Towers with Radar,0,13,51,0,64,0,0,215,0,215,0,13,266,0,279,249,0,249,528
01/11/2022,TMB,FL,ASO,ES,Towers with Radar,0,6,57,0,63,0,0,171,0,171,0,6,228,0,234,204,0,204,438
01/12/2022,TMB,FL,ASO,ES,Towers with Radar,0,9,76,0,85,0,0,191,0,191,0,9,267,0,276,241,0,241,517
01/13/2022,TMB,FL,ASO,ES,Towers with Radar,0,14,60,0,74,0,0,259,0,259,0,14,319,0,333,270,0,270,603
01/14/2022,TMB,FL,ASO,ES,Towers with Radar,0,11,83,0,94,0,3,262,0,265,0,14,345,0,359,146,0,146,505
01/15/2022,TMB,FL,ASO,ES,Towers with Radar,0,13,74,0,87,0,3,336,0,339,0,16,410,0,426,305,0,305,731
01/16/2022,TMB,FL,ASO,ES,Towers with Radar,0,15,31,0,46,0,0,38,0,38,0,15,69,0,84,0,0,0,84
01/17/2022,TMB,FL,ASO,ES,Towers with Radar,0,32,87,0,119,0,0,262,0,262,0,32,349,0,381,135,0,135,516
01/18/2022,TMB,FL,ASO,ES,Towers with Radar,0,16,76,0,92,0,5,309,0,314,0,21,385,0,406,413,0,413,819
01/19/2022,TMB,FL,ASO,ES,Towers with Radar,0,19,61,0,80,0,2,178,0,180,0,21,239,0,260,151,0,151,411
01/20/2022,TMB,FL,ASO,ES,Towers with Radar,0,8,86,0,94,0,0,250,0,250,0,8,336,0,344,260,0,260,604
01/21/2022,TMB,FL,ASO,ES,Towers with Radar,0,16,84,0,100,0,3,272,0,275,0,19,356,0,375,405,0,405,780
01/22/2022,TMB,FL,ASO,ES,Towers with Radar,0,12,39,0,51,0,0,120,0,120,0,12,159,0,171,216,0,216,387
01/23/2022,TMB,FL,ASO,ES,Towers with Radar,0,7,67,0,74,0,1,63,0,64,0,8,130,0,138,43,0,43,181
01/24/2022,TMB,FL,ASO,ES,Towers with Radar,0,16,58,0,74,0,2,309,0,311,0,18,367,0,385,230,0,230,615
01/25/2022,TMB,FL,ASO,ES,Towers with Radar,0,15,81,0,96,0,4,300,0,304,0,19,381,0,400,471,0,471,871
01/26/2022,TMB,FL,ASO,ES,Towers with Radar,0,16,74,0,90,0,0,110,0,110,0,16,184,0,200,147,0,147,347
01/27/2022,TMB,FL,ASO,ES,Towers with Radar,0,13,78,0,91,0,1,225,0,226,0,14,303,0,317,365,0,365,682
01/28/2022,TMB,FL,ASO,ES,Towers with Radar,0,16,82,0,98,0,1,131,0,132,0,17,213,0,230,74,0,74,304
01/29/2022,TMB,FL,ASO,ES,Towers with Radar,0,18,23,0,41,0,0,92,0,92,0,18,115,0,133,52,0,52,185
01/30/2022,TMB,FL,ASO,ES,Towers with Radar,0,17,73,0,90,0,1,320,0,321,0,18,393,0,411,281,0,281,692
01/31/2022,TMB,FL,ASO,ES,Towers with Radar,0,8,72,0,80,0,2,372,0,374,0,10,444,0,454,315,0,315,769
02/01/2022,TMB,FL,ASO,ES,Towers with Radar,0,11,86,0,97,0,0,325,0,325,0,11,411,0,422,346,0,346,768
02/02/2022,TMB,FL,ASO,ES,Towers with Radar,0,13,75,0,88,0,2,239,0,241,0,15,314,0,329,248,0,248,577
02/03/2022,TMB,FL,ASO,ES,Towers with Radar,0,7,74,0,81,0,0,272,0,272,0,7,346,0,353,308,0,308,661
02/04/2022,TMB,FL,ASO,ES,Towers with Radar,0,15,67,0,82,0,0,301,0,301,0,15,368,0,383,430,0,430,813
02/05/2022,TMB,FL,ASO,ES,Towers with Radar,0,9,77,1,87,0,1,384,0,385,0,10,461,1,472,433,0,433,905
02/06/2022,TMB,FL,ASO,ES,Towers with Radar,0,13,62,0,75,0,1,244,0,245,0,14,306,0,320,229,0,229,549
02/07/2022,TMB,FL,ASO,ES,Towers with Radar,0,11,75,0,86,0,1,244,0,245,0,12,319,0,331,243,0,243,574
02/08/2022,TMB,FL,ASO,ES,Towers with Radar,0,12,68,0,80,0,1,251,0,252,0,13,319,0,332,281,0,281,613
02/09/2022,TMB,FL,ASO,ES,Towers with Radar,0,13,59,0,72,0,0,67,0,67,0,13,126,0,139,42,0,42,181
02/10/2022,TMB,FL,ASO,ES,Towers with Radar,0,20,78,0,98,0,0,352,0,352,0,20,430,0,450,344,0,344,794
02/11/2022,TMB,FL,ASO,ES,Towers with Radar,0,21,91,0,112,72,4,308,0,384,72,25,399,0,496,516,0,516,1012
02/12/2022,TMB,FL,ASO,ES,Towers with Radar,0,6,64,0,70,0,4,414,0,418,0,10,478,0,488,503,0,503,991
02/13/2022,TMB,FL,ASO,ES,Towers with Radar,0,23,50,0,73,0,4,122,0,126,0,27,172,0,199,97,0,97,296
02/14/2022,TMB,FL,ASO,ES,Towers with Radar,0,17,45,0,62,0,3,258,0,261,0,20,303,0,323,153,0,153,476
02/15/2022,TMB,FL,ASO,ES,Towers with Radar,0,10,89,0,99,0,2,231,0,233,0,12,320,0,332,163,0,163,495
02/16/2022,TMB,FL,ASO,ES,Towers with Radar,0,30,72,5,107,0,1,201,5,207,0,31,273,10,314,210,0,210,524
02/17/2022,TMB,FL,ASO,ES,Towers with Radar,0,29,94,0,123,66,0,186,0,252,66,29,280,0,375,354,0,354,729
02/18/2022,TMB,FL,ASO,ES,Towers with Radar,0,22,126,1,149,0,4,370,0,374,0,26,496,1,523,399,0,399,922
02/19/2022,TMB,FL,ASO,ES,Towers with Radar,0,22,75,0,97,0,1,247,0,248,0,23,322,0,345,226,0,226,571
02/20/2022,TMB,FL,ASO,ES,Towers with Radar,0,27,70,0,97,0,0,318,0,318,0,27,388,0,415,168,0,168,583
02/21/2022,TMB,FL,ASO,ES,Towers with Radar,0,29,120,0,149,0,2,423,0,425,0,31,543,0,574,456,0,456,1030
02/22/2022,TMB,FL,ASO,ES,Towers with Radar,0,13,72,2,87,0,0,326,0,326,0,13,398,2,413,348,0,348,761
02/23/2022,TMB,FL,ASO,ES,Towers with Radar,0,19,97,0,116,0,4,312,0,316,0,23,409,0,432,413,0,413,845
02/24/2022,TMB,FL,ASO,ES,Towers with Radar,0,12,79,0,91,0,1,326,0,327,0,13,405,0,418,492,0,492,910
02/25/2022,TMB,FL,ASO,ES,Towers with Radar,0,16,132,0,148,0,3,409,0,412,0,19,541,0,560,459,0,459,1019
02/26/2022,TMB,FL,ASO,ES,Towers with Radar,0,15,83,0,98,0,4,343,0,347,0,19,426,0,445,288,0,288,733
02/27/2022,TMB,FL,ASO,ES,Towers with Radar,0,18,71,0,89,0,0,266,0,266,0,18,337,0,355,231,0,231,586
02/28/2022,TMB,FL,ASO,ES,Towers with Radar,0,21,76,0,97,0,1,286,0,287,0,22,362,0,384,347,0,347,731
03/01/2022,TMB,FL,ASO,ES,Towers with Radar,0,17,79,0,96,0,2,238,0,240,0,19,317,0,336,346,0,346,682
03/02/2022,TMB,FL,ASO,ES,Towers with Radar,0,13,78,0,91,0,2,216,0,218,0,15,294,0,309,377,0,377,686
03/03/2022,TMB,FL,ASO,ES,Towers with Radar,0,11,80,2,93,0,2,374,0,376,0,13,454,2,469,462,0,462,931
03/04/2022,TMB,FL,ASO,ES,Towers with Radar,0,25,72,3,100,0,1,286,0,287,0,26,358,3,387,235,0,235,622
03/05/2022,TMB,FL,ASO,ES,Towers with Radar,0,7,43,0,50,0,2,191,1,194,0,9,234,1,244,18,0,18,262
03/06/2022,TMB,FL,ASO,ES,Towers with Radar,0,11,61,0,72,0,0,172,0,172,0,11,233,0,244,220,0,220,464
03/07/2022,TMB,FL,ASO,ES,Towers with Radar,0,26,60,0,86,0,0,141,0,141,0,26,201,0,227,127,0,127,354
03/08/2022,TMB,FL,ASO,ES,Towers with Radar,0,12,79,0,91,0,2,264,0,266,0,14,343,0,357,266,0,266,623
03/09/2022,TMB,FL,ASO,ES,Towers with Radar,0,16,58,0,74,0,0,221,0,221,0,16,279,0,295,241,0,241,536
03/10/2022,TMB,FL,ASO,ES,Towers with Radar,0,11,60,0,71,0,1,282,0,283,0,12,342,0,354,306,0,306,660
03/11/2022,TMB,FL,ASO,ES,Towers with Radar,0,20,86,0,106,0,1,297,0,298,0,21,383,0,404,333,0,333,737
03/12/2022,TMB,FL,ASO,ES,Towers with Radar,0,20,45,0,65,0,1,110,0,111,0,21,155,0,176,27,0,27,203
03/13/2022,TMB,FL,ASO,ES,Towers with Radar,0,25,84,0,109,0,1,211,0,212,0,26,295,0,321,59,0,59,380
03/14/2022,TMB,FL,ASO,ES,Towers with Radar,0,27,88,0,115,0,3,213,0,216,0,30,301,0,331,125,0,125,456
03/15/2022,TMB,FL,ASO,ES,Towers with Radar,0,8,44,0,52,0,0,84,0,84,0,8,128,0,136,119,0,119,255
03/16/2022,TMB,FL,ASO,ES,Towers with Radar,0,11,73,0,84,0,2,269,0,271,0,13,342,0,355,267,0,267,622
03/17/2022,TMB,FL,ASO,ES,Towers with Radar,0,15,65,0,80,0,1,235,0,236,0,16,300,0,316,497,0,497,813
03/18/2022,TMB,FL,ASO,ES,Towers with Radar,0,21,99,0,120,0,6,392,0,398,0,27,491,0,518,542,0,542,1060
03/19/2022,TMB,FL,ASO,ES,Towers with Radar,0,19,88,0,107,0,0,349,0,349,0,19,437,0,456,480,0,480,936
03/20/2022,TMB,FL,ASO,ES,Towers with Radar,0,23,71,0,94,0,2,190,0,192,0,25,261,0,286,180,0,180,466
03/21/2022,TMB,FL,ASO,ES,Towers with Radar,0,12,66,0,78,0,4,328,0,332,0,16,394,0,410,326,0,326,736
03/22/2022,TMB,FL,ASO,ES,Towers with Radar,0,7,72,0,79,0,1,269,0,270,0,8,341,0,349,279,0,279,628
03/23/2022,TMB,FL,ASO,ES,Towers with Radar,0,17,79,0,96,0,0,257,0,257,0,17,336,0,353,346,0,346,699
03/24/2022,TMB,FL,ASO,ES,Towers with Radar,0,18,53,0,71,0,0,118,2,120,0,18,171,2,191,82,0,82,273
03/25/2022,TMB,FL,ASO,ES,Towers with Radar,0,18,73,0,91,0,1,45,0,46,0,19,118,0,137,0,0,0,137
03/26/2022,TMB,FL,ASO,ES,Towers with Radar,0,13,51,0,64,0,2,390,1,393,0,15,441,1,457,220,0,220,677
03/27/2022,TMB,FL,ASO,ES,Towers with Radar,0,30,92,0,122,0,1,242,0,243,0,31,334,0,365,92,0,92,457
03/28/2022,TMB,FL,ASO,ES,Towers with Radar,0,12,85,5,102,0,3,350,0,353,0,15,435,5,455,439,0,439,894
03/29/2022,TMB,FL,ASO,ES,Towers with Radar,1,18,92,0,111,0,0,427,0,427,1,18,519,0,538,512,0,512,1050
03/30/2022,TMB,FL,ASO,ES,Towers with Radar,0,26,65,0,91,0,1,175,0,176,0,27,240,0,267,194,0,194,461
03/31/2022,TMB,FL,ASO,ES,Towers with Radar,0,14,74,1,89,0,0,148,0,148,0,14,222,1,237,105,0,105,342
04/01/2022,TMB,FL,ASO,ES,Towers with Radar,0,20,79,1,100,0,1,325,0,326,0,21,404,1,426,316,0,316,742
04/02/2022,TMB,FL,ASO,ES,Towers with Radar,0,13,61,0,74,0,0,359,0,359,0,13,420,0,433,291,0,291,724
04/03/2022,TMB,FL,ASO,ES,Towers with Radar,0,28,85,0,113,0,0,214,0,214,0,28,299,0,327,218,0,218,545
04/04/2022,TMB,FL,ASO,ES,Towers with Radar,0,20,42,0,62,0,0,124,0,124,0,20,166,0,186,220,0,220,406
04/05/2022,TMB,FL,ASO,ES,Towers with Radar,0,8,93,0,101,0,0,353,0,353,0,8,446,0,454,287,0,287,741
04/06/2022,TMB,FL,ASO,ES,Towers with Radar,0,12,88,0,100,0,2,316,0,318,0,14,404,0,418,365,0,365,783
04/07/2022,TMB,FL,ASO,ES,Towers with Radar,0,14,79,0,93,0,1,199,0,200,0,15,278,0,293,183,0,183,476
04/08/2022,TMB,FL,ASO,ES,Towers with Radar,0,32,89,0,121,0,0,378,0,378,0,32,467,0,499,324,0,324,823
04/09/2022,TMB,FL,ASO,ES,Towers with Radar,0,29,66,0,95,0,3,297,2,302,0,32,363,2,397,239,0,239,636
04/10/2022,TMB,FL,ASO,ES,Towers with Radar,0,24,94,0,118,0,1,322,0,323,0,25,416,0,441,131,0,131,572
04/11/2022,TMB,FL,ASO,ES,Towers with Radar,0,15,100,0,115,0,1,303,0,304,0,16,403,0,419,310,0,310,729
04/12/2022,TMB,FL,ASO,ES,Towers with Radar,0,11,82,0,93,0,0,333,0,333,0,11,415,0,426,226,0,226,652
04/13/2022,TMB,FL,ASO,ES,Towers with Radar,0,20,68,0,88,0,0,414,0,414,0,20,482,0,502,338,0,338,840
04/14/2022,TMB,FL,ASO,ES,Towers with Radar,0,24,107,0,131,0,2,283,0,285,0,26,390,0,416,456,0,456,872
04/15/2022,TMB,FL,ASO,ES,Towers with Radar,0,30,47,0,77,0,0,158,0,158,0,30,205,0,235,264,0,264,499
04/16/2022,TMB,FL,ASO,ES,Towers with Radar,0,19,74,0,93,0,0,364,2,366,0,19,438,2,459,297,0,297,756
04/17/2022,TMB,FL,ASO,ES,Towers with Radar,0,14,64,0,78,0,1,275,0,276,0,15,339,0,354,183,0,183,537
04/18/2022,TMB,FL,ASO,ES,Towers with Radar,0,26,111,0,137,0,3,306,0,309,0,29,417,0,446,273,0,273,719
04/19/2022,TMB,FL,ASO,ES,Towers with Radar,1,9,79,0,89,0,2,284,0,286,1,11,363,0,375,268,0,268,643
04/20/2022,TMB,FL,ASO,ES,Towers with Radar,0,15,67,0,82,0,0,264,0,264,0,15,331,0,346,301,0,301,647
04/21/2022,TMB,FL,ASO,ES,Towers with Radar,0,12,75,0,87,0,3,187,0,190,0,15,262,0,277,180,0,180,457
04/22/2022,TMB,FL,ASO,ES,Towers with Radar,0,8,63,0,71,0,0,121,0,121,0,8,184,0,192,120,0,120,312
04/23/2022,TMB,FL,ASO,ES,Towers with Radar,0,6,58,0,64,0,2,345,1,348,0,8,403,1,412,202,0,202,614
04/24/2022,TMB,FL,ASO,ES,Towers with Radar,0,17,78,0,95,0,0,272,0,272,0,17,350,0,367,163,0,163,530
04/25/2022,TMB,FL,ASO,ES,Towers with Radar,0,18,82,0,100,0,2,309,0,311,0,20,391,0,411,337,0,337,748
04/26/2022,TMB,FL,ASO,ES,Towers with Radar,0,7,70,0,77,0,0,357,0,357,0,7,427,0,434,382,0,382,816
04/27/2022,TMB,FL,ASO,ES,Towers with Radar,0,9,74,0,83,0,2,336,0,338,0,11,410,0,421,429,0,429,850
04/28/2022,TMB,FL,ASO,ES,Towers with Radar,0,7,62,0,69,0,1,273,0,274,0,8,335,0,343,295,0,295,638
04/29/2022,TMB,FL,ASO,ES,Towers with Radar,0,7,72,0,79,0,0,296,0,296,0,7,368,0,375,501,0,501,876
04/30/2022,TMB,FL,ASO,ES,Towers with Radar,0,3,51,1,55,0,1,178,1,180,0,4,229,2,235,166,0,166,401
05/01/2022,TMB,FL,ASO,ES,Towers with Radar,0,11,69,0,80,0,0,273,0,273,0,11,342,0,353,117,0,117,470
05/02/2022,TMB,FL,ASO,ES,Towers with Radar,0,17,60,0,77,0,0,291,0,291,0,17,351,0,368,398,0,398,766
05/03/2022,TMB,FL,ASO,ES,Towers with Radar,0,7,71,0,78,0,2,248,0,250,0,9,319,0,328,385,0,385,713
05/04/2022,TMB,FL,ASO,ES,Towers with Radar,0,14,56,0,70,0,0,261,0,261,0,14,317,0,331,231,0,231,562
05/05/2022,TMB,FL,ASO,ES,Towers with Radar,0,13,61,0,74,0,4,280,0,284,0,17,341,0,358,317,0,317,675
05/06/2022,TMB,FL,ASO,ES,Towers with Radar,0,14,89,0,103,0,2,327,1,330,0,16,416,1,433,403,0,403,836
05/07/2022,TMB,FL,ASO,ES,Towers with Radar,0,14,46,0,60,0,0,249,0,249,0,14,295,0,309,181,0,181,490
05/08/2022,TMB,FL,ASO,ES,Towers with Radar,0,16,60,0,76,0,0,205,0,205,0,16,265,0,281,122,0,122,403
05/09/2022,TMB,FL,ASO,ES,Towers with Radar,0,20,113,0,133,0,4,356,0,360,0,24,469,0,493,378,0,378,871
05/10/2022,TMB,FL,ASO,ES,Towers with Radar,0,7,48,0,55,0,2,312,0,314,0,9,360,0,369,391,0,391,760
05/11/2022,TMB,FL,ASO,ES,Towers with Radar,0,6,63,0,69,0,0,299,0,299,0,6,362,0,368,189,0,189,557
05/12/2022,TMB,FL,ASO,ES,Towers with Radar,0,4,66,0,70,0,0,254,2,256,0,4,320,2,326,252,0,252,578
05/13/2022,TMB,FL,ASO,ES,Towers with Radar,0,13,70,0,83,0,3,282,0,285,0,16,352,0,368,238,0,238,606
05/14/2022,TMB,FL,ASO,ES,Towers with Radar,0,3,27,0,30,0,1,298,1,300,0,4,325,1,330,146,0,146,476
05/15/2022,TMB,FL,ASO,ES,Towers with Radar,0,8,59,0,67,0,0,173,0,173,0,8,232,0,240,147,0,147,387
05/16/2022,TMB,FL,ASO,ES,Towers with Radar,0,11,46,0,57,0,0,175,0,175,0,11,221,0,232,314,0,314,546
05/17/2022,TMB,FL,ASO,ES,Towers with Radar,0,5,49,0,54,0,6,273,1,280,0,11,322,1,334,406,0,406,740
05/18/2022,TMB,FL,ASO,ES,Towers with Radar,0,14,64,0,78,0,2,309,0,311,0,16,373,0,389,356,0,356,745
05/19/2022,TMB,FL,ASO,ES,Towers with Radar,0,7,60,0,67,0,3,274,0,277,0,10,334,0,344,357,0,357,701
05/20/2022,TMB,FL,ASO,ES,Towers with Radar,0,12,59,0,71,0,0,141,0,141,0,12,200,0,212,197,0,197,409
05/21/2022,TMB,FL,ASO,ES,Towers with Radar,0,5,49,0,54,0,0,148,0,148,0,5,197,0,202,98,0,98,300
05/22/2022,TMB,FL,ASO,ES,Towers with Radar,0,10,68,0,78,0,0,219,1,220,0,10,287,1,298,170,0,170,468
05/23/2022,TMB,FL,ASO,ES,Towers with Radar,0,5,52,0,57,0,0,249,0,249,0,5,301,0,306,259,0,259,565
05/24/2022,TMB,FL,ASO,ES,Towers with Radar,0,11,71,0,82,0,2,312,0,314,0,13,383,0,396,379,0,379,775
05/25/2022,TMB,FL,ASO,ES,Towers with Radar,0,18,65,0,83,0,5,237,2,244,0,23,302,2,327,245,0,245,572
05/26/2022,TMB,FL,ASO,ES,Towers with Radar,0,16,87,0,103,0,0,355,0,355,0,16,442,0,458,343,0,343,801
05/27/2022,TMB,FL,ASO,ES,Towers with Radar,0,20,88,0,108,0,5,399,0,404,0,25,487,0,512,326,0,326,838
05/28/2022,TMB,FL,ASO,ES,Towers with Radar,0,6,52,0,58,0,0,227,1,228,0,6,279,1,286,240,0,240,526
05/29/2022,TMB,FL,ASO,ES,Towers with Radar,0,6,43,0,49,0,0,101,0,101,0,6,144,0,150,88,0,88,238
05/30/2022,TMB,FL,ASO,ES,Towers with Radar,0,26,63,0,89,0,1,203,0,204,0,27,266,0,293,200,0,200,493
05/31/2022,TMB,FL,ASO,ES,Towers with Radar,0,19,65,0,84,0,1,261,1,263,0,20,326,1,347,376,0,376,723
06/01/2022,TMB,FL,ASO,ES,Towers with Radar,0,15,50,0,65,0,1,255,0,256,0,16,305,0,321,277,0,277,598
06/02/2022,TMB,FL,ASO,ES,Towers with Radar,0,12,80,0,92,0,2,301,0,303,0,14,381,0,395,336,0,336,731
06/03/2022,TMB,FL,ASO,ES,Towers with Radar,0,18,36,0,54,0,0,18,0,18,0,18,54,0,72,0,0,0,72
06/04/2022,TMB,FL,ASO,ES,Towers with Radar,0,2,15,0,17,0,0,29,0,29,0,2,44,0,46,29,0,29,75
06/05/2022,TMB,FL,ASO,ES,Towers with Radar,0,11,68,4,83,0,1,271,0,272,0,12,339,4,355,260,0,260,615
06/06/2022,TMB,FL,ASO,ES,Towers with Radar,0,10,64,4,78,0,3,194,0,197,0,13,258,4,275,186,0,186,461
06/07/2022,TMB,FL,ASO,ES,Towers with Radar,0,7,42,0,49,0,0,170,0,170,0,7,212,0,219,236,0,236,455
06/08/2022,TMB,FL,ASO,ES,Towers with Radar,0,13,51,0,64,0,0,271,0,271,0,13,322,0,335,342,0,342,677
06/09/2022,TMB,FL,ASO,ES,Towers with Radar,0,22,56,0,78,0,1,269,0,270,0,23,325,0,348,305,0,305,653
06/10/2022,TMB,FL,ASO,ES,Towers with Radar,0,5,43,0,48,0,3,238,0,241,0,8,281,0,289,292,0,292,581
06/11/2022,TMB,FL,ASO,ES,Towers with Radar,0,4,47,0,51,0,1,271,2,274,0,5,318,2,325,137,0,137,462
06/12/2022,TMB,FL,ASO,ES,Towers with Radar,0,12,50,0,62,0,0,273,0,273,0,12,323,0,335,220,0,220,555
06/13/2022,TMB,FL,ASO,ES,Towers with Radar,0,9,70,0,79,0,1,322,0,323,0,10,392,0,402,388,0,388,790
06/14/2022,TMB,FL,ASO,ES,Towers with Radar,0,7,61,0,68,0,4,267,0,271,0,11,328,0,339,424,0,424,763
06/15/2022,TMB,FL,ASO,ES,Towers with Radar,0,7,81,0,88,0,4,321,0,325,0,11,402,0,413,380,0,380,793
06/16/2022,TMB,FL,ASO,ES,Towers with Radar,0,13,85,0,98,0,9,332,0,341,0,22,417,0,439,392,0,392,831
06/17/2022,TMB,FL,ASO,ES,Towers with Radar,0,8,73,0,81,0,2,254,0,256,0,10,327,0,337,266,0,266,603
06/18/2022,TMB,FL,ASO,ES,Towers with Radar,0,4,56,0,60,0,5,336,1,342,0,9,392,1,402,270,0,270,672
06/19/2022,TMB,FL,ASO,ES,Towers with Radar,0,14,47,0,61,0,0,233,0,233,0,14,280,0,294,161,0,161,455
06/20/2022,TMB,FL,ASO,ES,Towers with Radar,0,9,48,0,57,0,2,242,0,244,0,11,290,0,301,230,0,230,531
06/21/2022,TMB,FL,ASO,ES,Towers with Radar,0,13,73,0,86,0,0,243,0,243,0,13,316,0,329,308,0,308,637
06/22/2022,TMB,FL,ASO,ES,Towers with Radar,0,2,79,0,81,0,0,332,0,332,0,2,411,0,413,274,0,274,687
06/23/2022,TMB,FL,ASO,ES,Towers with Radar,0,14,85,0,99,0,1,373,0,374,0,15,458,0,473,468,0,468,941
06/24/2022,TMB,FL,ASO,ES,Towers with Radar,0,6,52,0,58,0,1,359,0,360,0,7,411,0,418,462,0,462,880
06/25/2022,TMB,FL,ASO,ES,Towers with Radar,0,8,42,0,50,0,0,231,1,232,0,8,273,1,282,209,0,209,491
06/26/2022,TMB,FL,ASO,ES,Towers with Radar,0,6,51,0,57,0,0,209,0,209,0,6,260,0,266,177,0,177,443
06/27/2022,TMB,FL,ASO,ES,Towers with Radar,0,14,64,0,78,0,2,267,0,269,0,16,331,0,347,348,0,348,695
06/28/2022,TMB,FL,ASO,ES,Towers with Radar,0,1,70,0,71,0,0,262,0,262,0,1,332,0,333,444,0,444,777
06/29/2022,TMB,FL,ASO,ES,Towers with Radar,0,9,49,0,58,0,0,256,0,256,0,9,305,0,314,380,0,380,694
06/30/2022,TMB,FL,ASO,ES,Towers with Radar,0,7,61,0,68,0,1,317,0,318,0,8,378,0,386,434,0,434,820
07/01/2022,TMB,FL,ASO,ES,Towers with Radar,0,8,82,2,92,0,6,345,0,351,0,14,427,2,443,409,0,409,852
07/02/2022,TMB,FL,ASO,ES,Towers with Radar,0,13,62,0,75,0,0,310,1,311,0,13,372,1,386,283,0,283,669
07/03/2022,TMB,FL,ASO,ES,Towers with Radar,0,9,39,0,48,0,0,234,0,234,0,9,273,0,282,217,0,217,499
07/04/2022,TMB,FL,ASO,ES,Towers with Radar,0,5,42,0,47,0,1,258,0,259,0,6,300,0,306,160,0,160,466
07/05/2022,TMB,FL,ASO,ES,Towers with Radar,0,12,80,0,92,0,1,255,0,256,0,13,335,0,348,370,0,370,718
07/06/2022,TMB,FL,ASO,ES,Towers with Radar,0,3,31,0,34,0,0,146,1,147,0,3,177,1,181,239,0,239,420
07/07/2022,TMB,FL,ASO,ES,Towers with Radar,0,7,69,0,76,0,2,335,0,337,0,9,404,0,413,486,0,486,899
07/08/2022,TMB,FL,ASO,ES,Towers with Radar,0,4,61,0,65,0,0,385,0,385,0,4,446,0,450,505,0,505,955
07/09/2022,TMB,FL,ASO,ES,Towers with Radar,0,5,53,0,58,0,0,331,0,331,0,5,384,0,389,295,0,295,684
07/10/2022,TMB,FL,ASO,ES,Towers with Radar,0,10,45,0,55,0,0,234,0,234,0,10,279,0,289,251,0,251,540
07/11/2022,TMB,FL,ASO,ES,Towers with Radar,0,9,41,0,50,0,1,258,0,259,0,10,299,0,309,409,0,409,718
07/12/2022,TMB,FL,ASO,ES,Towers with Radar,0,3,81,0,84,0,2,243,0,245,0,5,324,0,329,336,0,336,665
07/13/2022,TMB,FL,ASO,ES,Towers with Radar,0,7,49,0,56,0,0,207,0,207,0,7,256,0,263,330,0,330,593
07/14/2022,TMB,FL,ASO,ES,Towers with Radar,0,6,71,0,77,0,2,332,0,334,0,8,403,0,411,480,0,480,891
07/15/2022,TMB,FL,ASO,ES,Towers with Radar,0,8,62,0,70,0,0,248,0,248,0,8,310,0,318,409,0,409,727
07/16/2022,TMB,FL,ASO,ES,Towers with Radar,0,13,31,0,44,0,1,154,0,155,0,14,185,0,199,137,0,137,336
07/17/2022,TMB,FL,ASO,ES,Towers with Radar,0,9,54,0,63,0,1,167,0,168,0,10,221,0,231,149,0,149,380
07/18/2022,TMB,FL,ASO,ES,Towers with Radar,0,4,70,0,74,0,0,276,0,276,0,4,346,0,350,404,0,404,754
07/19/2022,TMB,FL,ASO,ES,Towers with Radar,0,9,68,0,77,0,8,316,0,324,0,17,384,0,401,415,0,415,816
07/20/2022,TMB,FL,ASO,ES,Towers with Radar,0,4,70,2,76,0,0,261,0,261,0,4,331,2,337,323,0,323,660
07/21/2022,TMB,FL,ASO,ES,Towers with Radar,0,6,81,0,87,0,0,335,0,335,0,6,416,0,422,377,0,377,799
07/22/2022,TMB,FL,ASO,ES,Towers with Radar,0,3,47,0,50,0,0,282,0,282,0,3,329,0,332,458,0,458,790
07/23/2022,TMB,FL,ASO,ES,Towers with Radar,0,6,59,0,65,0,1,288,0,289,0,7,347,0,354,328,0,328,682
07/24/2022,TMB,FL,ASO,ES,Towers with Radar,0,6,54,0,60,0,1,224,0,225,0,7,278,0,285,128,0,128,413
07/25/2022,TMB,FL,ASO,ES,Towers with Radar,0,2,51,0,53,0,3,252,0,255,0,5,303,0,308,381,0,381,689
07/26/2022,TMB,FL,ASO,ES,Towers with Radar,0,4,23,0,27,0,1,49,2,52,0,5,72,2,79,62,0,62,141
07/27/2022,TMB,FL,ASO,ES,Towers with Radar,1,7,87,0,95,0,5,287,0,292,1,12,374,0,387,594,0,594,981
07/28/2022,TMB,FL,ASO,ES,Towers with Radar,0,6,95,0,101,0,3,299,0,302,0,9,394,0,403,407,0,407,810
07/29/2022,TMB,FL,ASO,ES,Towers with Radar,0,5,65,0,70,0,2,318,0,320,0,7,383,0,390,359,0,359,749
07/30/2022,TMB,FL,ASO,ES,Towers with Radar,0,1,59,0,60,0,3,319,0,322,0,4,378,0,382,379,0,379,761
07/31/2022,TMB,FL,ASO,ES,Towers with Radar,0,9,50,0,59,0,1,283,0,284,0,10,333,0,343,257,0,257,600
08/01/2022,TMB,FL,ASO,ES,Towers with Radar,0,4,66,0,70,0,0,336,0,336,0,4,402,0,406,411,0,411,817
08/02/2022,TMB,FL,ASO,ES,Towers with Radar,0,9,60,0,69,0,0,310,0,310,0,9,370,0,379,343,0,343,722
08/03/2022,TMB,FL,ASO,ES,Towers with Radar,0,5,77,0,82,0,2,303,0,305,0,7,380,0,387,384,0,384,771
08/04/2022,TMB,FL,ASO,ES,Towers with Radar,0,5,68,0,73,0,4,322,0,326,0,9,390,0,399,441,0,441,840
08/05/2022,TMB,FL,ASO,ES,Towers with Radar,0,6,69,0,75,0,0,265,0,265,0,6,334,0,340,340,0,340,680
08/06/2022,TMB,FL,ASO,ES,Towers with Radar,0,4,45,0,49,0,1,268,2,271,0,5,313,2,320,279,0,279,599
08/07/2022,TMB,FL,ASO,ES,Towers with Radar,0,10,60,0,70,0,0,241,0,241,0,10,301,0,311,266,0,266,577
08/08/2022,TMB,FL,ASO,ES,Towers with Radar,0,7,77,0,84,0,2,331,0,333,0,9,408,0,417,323,0,323,740
08/09/2022,TMB,FL,ASO,ES,Towers with Radar,0,6,65,0,71,0,0,220,0,220,0,6,285,0,291,205,0,205,496
08/10/2022,TMB,FL,ASO,ES,Towers with Radar,0,6,71,0,77,0,2,361,0,363,0,8,432,0,440,425,0,425,865
08/11/2022,TMB,FL,ASO,ES,Towers with Radar,0,3,75,0,78,0,2,368,0,370,0,5,443,0,448,606,0,606,1054
08/12/2022,TMB,FL,ASO,ES,Towers with Radar,0,4,70,0,74,0,2,416,1,419,0,6,486,1,493,550,0,550,1043
08/13/2022,TMB,FL,ASO,ES,Towers with Radar,0,6,43,0,49,0,0,275,2,277,0,6,318,2,326,222,0,222,548
08/14/2022,TMB,FL,ASO,ES,Towers with Radar,0,5,32,0,37,0,0,259,2,261,0,5,291,2,298,315,1,316,614
08/15/2022,TMB,FL,ASO,ES,Towers with Radar,0,7,28,0,35,0,1,250,0,251,0,8,278,0,286,298,0,298,584
08/16/2022,TMB,FL,ASO,ES,Towers with Radar,0,9,48,0,57,0,0,270,0,270,0,9,318,0,327,366,0,366,693
08/17/2022,TMB,FL,ASO,ES,Towers with Radar,0,9,54,0,63,0,2,305,0,307,0,11,359,0,370,558,0,558,928
08/18/2022,TMB,FL,ASO,ES,Towers with Radar,0,7,62,0,69,0,0,274,0,274,0,7,336,0,343,427,0,427,770
08/19/2022,TMB,FL,ASO,ES,Towers with Radar,0,7,76,0,83,0,0,381,0,381,0,7,457,0,464,350,0,350,814
08/20/2022,TMB,FL,ASO,ES,Towers with Radar,0,1,63,0,64,0,0,338,2,340,0,1,401,2,404,220,0,220,624
08/21/2022,TMB,FL,ASO,ES,Towers with Radar,0,7,37,0,44,0,0,269,0,269,0,7,306,0,313,258,0,258,571
08/22/2022,TMB,FL,ASO,ES,Towers with Radar,0,0,74,0,74,0,0,328,0,328,0,0,402,0,402,421,0,421,823
08/23/2022,TMB,FL,ASO,ES,Towers with Radar,0,9,43,0,52,0,0,229,0,229,0,9,272,0,281,477,0,477,758
08/24/2022,TMB,FL,ASO,ES,Towers with Radar,0,2,76,0,78,0,0,256,0,256,0,2,332,0,334,271,0,271,605
08/25/2022,TMB,FL,ASO,ES,Towers with Radar,0,4,72,1,77,0,1,333,0,334,0,5,405,1,411,357,0,357,768
08/26/2022,TMB,FL,ASO,ES,Towers with Radar,0,4,60,0,64,0,2,289,0,291,0,6,349,0,355,420,0,420,775
08/27/2022,TMB,FL,ASO,ES,Towers with Radar,0,3,45,0,48,0,0,285,0,285,0,3,330,0,333,274,0,274,607
08/28/2022,TMB,FL,ASO,ES,Towers with Radar,0,1,50,0,51,0,2,227,0,229,0,3,277,0,280,140,0,140,420
08/29/2022,TMB,FL,ASO,ES,Towers with Radar,0,6,46,0,52,0,0,252,0,252,0,6,298,0,304,277,0,277,581
08/30/2022,TMB,FL,ASO,ES,Towers with Radar,0,5,72,0,77,0,0,313,0,313,0,5,385,0,390,366,0,366,756
08/31/2022,TMB,FL,ASO,ES,Towers with Radar,0,5,52,0,57,0,0,224,0,224,0,5,276,0,281,305,0,305,586
09/01/2022,TMB,FL,ASO,ES,Towers with Radar,0,9,72,0,81,0,1,274,0,275,0,10,346,0,356,277,0,277,633
09/02/2022,TMB,FL,ASO,ES,Towers with Radar,0,2,52,0,54,0,4,348,0,352,0,6,400,0,406,456,0,456,862
09/03/2022,TMB,FL,ASO,ES,Towers with Radar,0,0,54,0,54,0,3,350,2,355,0,3,404,2,409,251,0,251,660
09/04/2022,TMB,FL,ASO,ES,Towers with Radar,0,3,35,0,38,0,0,217,0,217,0,3,252,0,255,151,0,151,406
09/05/2022,TMB,FL,ASO,ES,Towers with Radar,0,7,72,0,79,0,0,353,2,355,0,7,425,2,434,353,0,353,787
09/06/2022,TMB,FL,ASO,ES,Towers with Radar,0,12,71,0,83,0,1,291,0,292,0,13,362,0,375,278,0,278,653
09/07/2022,TMB,FL,ASO,ES,Towers with Radar,0,8,55,0,63,0,2,299,0,301,0,10,354,0,364,306,0,306,670
09/08/2022,TMB,FL,ASO,ES,Towers with Radar,0,12,44,0,56,0,2,192,0,194,0,14,236,0,250,172,0,172,422
09/09/2022,TMB,FL,ASO,ES,Towers with Radar,0,4,45,0,49,0,0,303,0,303,0,4,348,0,352,340,0,340,692
09/10/2022,TMB,FL,ASO,ES,Towers with Radar,0,10,52,0,62,0,1,307,1,309,0,11,359,1,371,182,0,182,553
09/11/2022,TMB,FL,ASO,ES,Towers with Radar,0,7,62,0,69,0,0,246,0,246,0,7,308,0,315,199,0,199,514
09/12/2022,TMB,FL,ASO,ES,Towers with Radar,0,4,55,0,59,0,1,257,0,258,0,5,312,0,317,293,0,293,610
09/13/2022,TMB,FL,ASO,ES,Towers with Radar,0,6,55,0,61,0,0,265,0,265,0,6,320,0,326,269,0,269,595
09/14/2022,TMB,FL,ASO,ES,Towers with Radar,0,5,70,0,75,0,0,166,0,166,0,5,236,0,241,246,0,246,487
09/15/2022,TMB,FL,ASO,ES,Towers with Radar,0,7,63,0,70,0,0,188,1,189,0,7,251,1,259,216,0,216,475
09/16/2022,TMB,FL,ASO,ES,Towers with Radar,0,8,64,0,72,0,1,251,0,252,0,9,315,0,324,446,0,446,770
09/17/2022,TMB,FL,ASO,ES,Towers with Radar,0,4,63,0,67,0,0,286,0,286,0,4,349,0,353,221,0,221,574
09/18/2022,TMB,FL,ASO,ES,Towers with Radar,0,14,55,0,69,0,1,185,0,186,0,15,240,0,255,260,0,260,515
09/19/2022,TMB,FL,ASO,ES,Towers with Radar,0,7,73,0,80,0,1,239,0,240,0,8,312,0,320,433,0,433,753
09/20/2022,TMB,FL,ASO,ES,Towers with Radar,0,16,63,1,80,0,0,281,1,282,0,16,344,2,362,336,0,336,698
09/21/2022,TMB,FL,ASO,ES,Towers with Radar,0,9,80,0,89,0,1,297,0,298,0,10,377,0,387,331,0,331,718
09/22/2022,TMB,FL,ASO,ES,Towers with Radar,0,3,59,0,62,0,2,271,0,273,0,5,330,0,335,232,0,232,567
09/23/2022,TMB,FL,ASO,ES,Towers with Radar,0,9,98,1,108,0,0,375,1,376,0,9,473,2,484,458,0,458,942
09/24/2022,TMB,FL,ASO,ES,Towers with Radar,0,6,67,0,73,0,0,259,0,259,0,6,326,0,332,184,0,184,516
09/25/2022,TMB,FL,ASO,ES,Towers with Radar,0,7,63,0,70,0,0,237,0,237,0,7,300,0,307,183,0,183,490
09/26/2022,TMB,FL,ASO,ES,Towers with Radar,0,10,60,3,73,0,0,148,0,148,0,10,208,3,221,207,0,207,428
09/27/2022,TMB,FL,ASO,ES,Towers with Radar,0,7,18,0,25,0,0,6,0,6,0,7,24,0,31,0,0,0,31
09/28/2022,TMB,FL,ASO,ES,Towers with Radar,0,1,2,0,3,0,0,4,0,4,0,1,6,0,7,0,0,0,7
09/29/2022,TMB,FL,ASO,ES,Towers with Radar,0,3,28,0,31,0,0,80,0,80,0,3,108,0,111,128,0,128,239
09/30/2022,TMB,FL,ASO,ES,Towers with Radar,0,7,82,1,90,0,2,400,0,402,0,9,482,1,492,363,0,363,855
10/01/2022,TMB,FL,ASO,ES,Towers with Radar,0,7,49,0,56,0,0,321,2,323,0,7,370,2,379,300,0,300,679
10/02/2022,TMB,FL,ASO,ES,Towers with Radar,1,9,56,0,66,0,2,247,0,249,1,11,303,0,315,258,0,258,573
10/03/2022,TMB,FL,ASO,ES,Towers with Radar,0,2,50,0,52,0,0,239,0,239,0,2,289,0,291,527,0,527,818
10/04/2022,TMB,FL,ASO,ES,Towers with Radar,0,6,66,0,72,0,2,273,0,275,0,8,339,0,347,318,0,318,665
10/05/2022,TMB,FL,ASO,ES,Towers with Radar,0,10,72,0,82,0,4,345,0,349,0,14,417,0,431,523,0,523,954
10/06/2022,TMB,FL,ASO,ES,Towers with Radar,0,13,85,0,98,0,2,345,0,347,0,15,430,0,445,505,0,505,950
10/07/2022,TMB,FL,ASO,ES,Towers with Radar,0,17,82,0,99,0,2,355,0,357,0,19,437,0,456,372,0,372,828
10/08/2022,TMB,FL,ASO,ES,Towers with Radar,0,7,62,0,69,0,0,301,2,303,0,7,363,2,372,221,0,221,593
10/09/2022,TMB,FL,ASO,ES,Towers with Radar,0,8,58,0,66,0,0,102,0,102,0,8,160,0,168,145,0,145,313
10/10/2022,TMB,FL,ASO,ES,Towers with Radar,0,8,72,0,80,0,3,311,0,314,0,11,383,0,394,366,0,366,760
10/11/2022,TMB,FL,ASO,ES,Towers with Radar,0,10,69,0,79,0,1,296,0,297,0,11,365,0,376,266,0,266,642
10/12/2022,TMB,FL,ASO,ES,Towers with Radar,0,9,82,0,91,0,2,335,0,337,0,11,417,0,428,342,0,342,770
10/13/2022,TMB,FL,ASO,ES,Towers with Radar,0,20,48,0,68,0,0,147,1,148,0,20,195,1,216,187,0,187,403
10/14/2022,TMB,FL,ASO,ES,Towers with Radar,0,9,73,0,82,0,2,350,0,352,0,11,423,0,434,420,0,420,854
10/15/2022,TMB,FL,ASO,ES,Towers with Radar,0,10,60,0,70,0,0,265,2,267,0,10,325,2,337,292,0,292,629
10/16/2022,TMB,FL,ASO,ES,Towers with Radar,0,6,70,0,76,0,0,249,0,249,0,6,319,0,325,226,0,226,551
10/17/2022,TMB,FL,ASO,ES,Towers with Radar,0,12,68,0,80,0,2,264,0,266,0,14,332,0,346,431,0,431,777
10/18/2022,TMB,FL,ASO,ES,Towers with Radar,0,2,49,0,51,0,0,260,0,260,0,2,309,0,311,433,0,433,744
10/19/2022,TMB,FL,ASO,ES,Towers with Radar,0,11,67,0,78,0,0,142,0,142,0,11,209,0,220,170,0,170,390
10/20/2022,TMB,FL,ASO,ES,Towers with Radar,0,8,60,0,68,0,0,369,0,369,0,8,429,0,437,571,0,571,1008
10/21/2022,TMB,FL,ASO,ES,Towers with Radar,0,28,57,0,85,0,0,313,0,313,0,28,370,0,398,347,0,347,745
10/22/2022,TMB,FL,ASO,ES,Towers with Radar,0,24,77,0,101,0,2,405,0,407,0,26,482,0,508,265,0,265,773
10/23/2022,TMB,FL,ASO,ES,Towers with Radar,0,17,71,0,88,0,0,269,0,269,0,17,340,0,357,190,0,190,547
10/24/2022,TMB,FL,ASO,ES,Towers with Radar,0,2,92,1,95,0,5,302,0,307,0,7,394,1,402,462,0,462,864
10/25/2022,TMB,FL,ASO,ES,Towers with Radar,2,9,71,0,82,0,0,297,0,297,2,9,368,0,379,453,0,453,832
10/26/2022,TMB,FL,ASO,ES,Towers with Radar,0,1,71,0,72,0,0,362,0,362,0,1,433,0,434,464,0,464,898
10/27/2022,TMB,FL,ASO,ES,Towers with Radar,0,3,95,0,98,0,2,384,0,386,0,5,479,0,484,510,0,510,994
10/28/2022,TMB,FL,ASO,ES,Towers with Radar,0,2,76,2,80,0,2,415,1,418,0,4,491,3,498,522,0,522,1020
10/29/2022,TMB,FL,ASO,ES,Towers with Radar,0,8,53,0,61,0,0,382,0,382,0,8,435,0,443,357,0,357,800
10/30/2022,TMB,FL,ASO,ES,Towers with Radar,0,9,68,0,77,0,0,262,0,262,0,9,330,0,339,224,0,224,563
10/31/2022,TMB,FL,ASO,ES,Towers with Radar,0,4,57,0,61,0,0,269,0,269,0,4,326,0,330,397,0,397,727
11/01/2022,TMB,FL,ASO,ES,Towers with Radar,0,19,72,0,91,0,1,188,0,189,0,20,260,0,280,297,0,297,577
11/02/2022,TMB,FL,ASO,ES,Towers with Radar,0,21,61,0,82,0,2,300,0,302,0,23,361,0,384,450,0,450,834
11/03/2022,TMB,FL,ASO,ES,Towers with Radar,0,7,82,0,89,0,7,393,1,401,0,14,475,1,490,471,0,471,961
11/04/2022,TMB,FL,ASO,ES,Towers with Radar,1,16,83,0,100,0,1,306,1,308,1,17,389,1,408,381,0,381,789
11/05/2022,TMB,FL,ASO,ES,Towers with Radar,0,6,58,0,64,0,3,326,2,331,0,9,384,2,395,281,0,281,676
11/06/2022,TMB,FL,ASO,ES,Towers with Radar,0,14,68,0,82,0,0,241,0,241,0,14,309,0,323,254,0,254,577
11/07/2022,TMB,FL,ASO,ES,Towers with Radar,0,13,45,3,61,0,4,189,0,193,0,17,234,3,254,146,0,146,400
11/08/2022,TMB,FL,ASO,ES,Towers with Radar,1,15,46,0,62,0,1,140,0,141,1,16,186,0,203,88,0,88,291
11/09/2022,TMB,FL,ASO,ES,Towers with Radar,0,17,18,0,35,0,0,7,0,7,0,17,25,0,42,1,0,1,43
11/10/2022,TMB,FL,ASO,ES,Towers with Radar,0,5,39,0,44,0,0,54,0,54,0,5,93,0,98,48,0,48,146
11/11/2022,TMB,FL,ASO,ES,Towers with Radar,0,17,76,0,93,0,2,356,0,358,0,19,432,0,451,325,0,325,776
11/12/2022,TMB,FL,ASO,ES,Towers with Radar,0,14,78,0,92,0,1,351,0,352,0,15,429,0,444,267,0,267,711
11/13/2022,TMB,FL,ASO,ES,Towers with Radar,0,14,66,0,80,0,2,268,0,270,0,16,334,0,350,313,0,313,663
11/14/2022,TMB,FL,ASO,ES,Towers with Radar,0,22,78,0,100,0,3,241,0,244,0,25,319,0,344,464,0,464,808
11/15/2022,TMB,FL,ASO,ES,Towers with Radar,0,23,67,3,93,0,2,334,1,337,0,25,401,4,430,526,0,526,956
11/16/2022,TMB,FL,ASO,ES,Towers with Radar,0,12,91,0,103,0,3,291,0,294,0,15,382,0,397,395,0,395,792
11/17/2022,TMB,FL,ASO,ES,Towers with Radar,0,18,101,0,119,0,0,162,0,162,0,18,263,0,281,182,0,182,463
11/18/2022,TMB,FL,ASO,ES,Towers with Radar,0,16,93,0,109,0,1,412,0,413,0,17,505,0,522,390,0,390,912
11/19/2022,TMB,FL,ASO,ES,Towers with Radar,0,21,77,0,98,0,5,245,0,250,0,26,322,0,348,185,0,185,533
11/20/2022,TMB,FL,ASO,ES,Towers with Radar,0,34,67,0,101,0,0,2,0,2,0,34,69,0,103,1,0,1,104
11/21/2022,TMB,FL,ASO,ES,Towers with Radar,0,18,71,0,89,0,0,55,0,55,0,18,126,0,144,70,0,70,214
11/22/2022,TMB,FL,ASO,ES,Towers with Radar,0,26,109,0,135,0,0,312,0,312,0,26,421,0,447,398,0,398,845
11/23/2022,TMB,FL,ASO,ES,Towers with Radar,0,15,81,0,96,0,0,341,0,341,0,15,422,0,437,398,0,398,835
11/24/2022,TMB,FL,ASO,ES,Towers with Radar,0,3,42,0,45,0,1,213,0,214,0,4,255,0,259,179,0,179,438
11/25/2022,TMB,FL,ASO,ES,Towers with Radar,0,4,56,0,60,0,0,341,0,341,0,4,397,0,401,423,0,423,824
11/26/2022,TMB,FL,ASO,ES,Towers with Radar,0,19,48,0,67,0,2,361,1,364,0,21,409,1,431,277,0,277,708
11/27/2022,TMB,FL,ASO,ES,Towers with Radar,0,30,84,0,114,0,0,260,0,260,0,30,344,0,374,179,0,179,553
11/28/2022,TMB,FL,ASO,ES,Towers with Radar,0,14,101,0,115,0,0,307,0,307,0,14,408,0,422,276,0,276,698
11/29/2022,TMB,FL,ASO,ES,Towers with Radar,0,18,74,0,92,0,0,296,0,296,0,18,370,0,388,342,24,366,754
11/30/2022,TMB,FL,ASO,ES,Towers with Radar,0,18,83,0,101,0,1,309,0,310,0,19,392,0,411,325,0,325,736
12/01/2022,TMB,FL,ASO,ES,Towers with Radar,0,28,73,0,101,0,0,169,0,169,0,28,242,0,270,175,0,175,445
12/02/2022,TMB,FL,ASO,ES,Towers with Radar,0,19,83,0,102,0,4,302,0,306,0,23,385,0,408,217,0,217,625
12/03/2022,TMB,FL,ASO,ES,Towers with Radar,0,7,62,0,69,0,0,396,0,396,0,7,458,0,465,269,0,269,734
12/04/2022,TMB,FL,ASO,ES,Towers with Radar,0,19,68,0,87,0,0,229,0,229,0,19,297,0,316,130,0,130,446
12/05/2022,TMB,FL,ASO,ES,Towers with Radar,0,10,77,0,87,0,1,273,0,274,0,11,350,0,361,382,0,382,743
12/06/2022,TMB,FL,ASO,ES,Towers with Radar,0,3,88,0,91,0,2,301,0,303,0,5,389,0,394,379,0,379,773
12/07/2022,TMB,FL,ASO,ES,Towers with Radar,0,10,84,0,94,0,0,350,0,350,0,10,434,0,444,350,0,350,794
12/08/2022,TMB,FL,ASO,ES,Towers with Radar,0,8,101,0,109,0,2,373,0,375,0,10,474,0,484,553,0,553,1037
12/09/2022,TMB,FL,ASO,ES,Towers with Radar,0,7,87,0,94,0,0,339,0,339,0,7,426,0,433,442,0,442,875
12/10/2022,TMB,FL,ASO,ES,Towers with Radar,0,3,69,0,72,0,3,300,2,305,0,6,369,2,377,234,0,234,611
12/11/2022,TMB,FL,ASO,ES,Towers with Radar,0,5,67,0,72,0,0,274,0,274,0,5,341,0,346,200,0,200,546
12/12/2022,TMB,FL,ASO,ES,Towers with Radar,0,15,55,0,70,0,3,159,0,162,0,18,214,0,232,322,0,322,554
12/13/2022,TMB,FL,ASO,ES,Towers with Radar,0,10,102,0,112,0,4,279,0,283,0,14,381,0,395,316,0,316,711
12/14/2022,TMB,FL,ASO,ES,Towers with Radar,0,5,81,0,86,0,2,276,0,278,0,7,357,0,364,474,0,474,838
12/15/2022,TMB,FL,ASO,ES,Towers with Radar,0,12,58,0,70,0,2,256,0,258,0,14,314,0,328,218,0,218,546
12/16/2022,TMB,FL,ASO,ES,Towers with Radar,0,9,86,0,95,0,0,200,0,200,0,9,286,0,295,346,0,346,641
12/17/2022,TMB,FL,ASO,ES,Towers with Radar,0,10,77,0,87,0,1,135,0,136,0,11,212,0,223,273,0,273,496
12/18/2022,TMB,FL,ASO,ES,Towers with Radar,0,5,59,0,64,0,0,112,0,112,0,5,171,0,176,40,0,40,216
12/19/2022,TMB,FL,ASO,ES,Towers with Radar,0,7,71,0,78,0,4,283,4,291,0,11,354,4,369,387,0,387,756
12/20/2022,TMB,FL,ASO,ES,Towers with Radar,0,8,61,0,69,0,2,230,0,232,0,10,291,0,301,279,0,279,580
12/21/2022,TMB,FL,ASO,ES,Towers with Radar,0,10,61,0,71,0,0,314,0,314,0,10,375,0,385,328,0,328,713
12/22/2022,TMB,FL,ASO,ES,Towers with Radar,0,20,85,0,105,0,0,359,7,366,0,20,444,7,471,389,0,389,860
12/23/2022,TMB,FL,ASO,ES,Towers with Radar,0,11,50,0,61,0,0,169,5,174,0,11,219,5,235,251,0,251,486
12/24/2022,TMB,FL,ASO,ES,Towers with Radar,0,3,34,1,38,0,0,159,0,159,0,3,193,1,197,24,0,24,221
12/25/2022,TMB,FL,ASO,ES,Towers with Radar,0,20,10,0,30,0,0,33,0,33,0,20,43,0,63,12,0,12,75
12/26/2022,TMB,FL,ASO,ES,Towers with Radar,0,28,112,0,140,0,0,75,0,75,0,28,187,0,215,28,0,28,243
12/27/2022,TMB,FL,ASO,ES,Towers with Radar,0,20,90,0,110,0,0,183,0,183,0,20,273,0,293,149,0,149,442
12/28/2022,TMB,FL,ASO,ES,Towers with Radar,0,31,61,0,92,0,1,418,0,419,0,32,479,0,511,232,0,232,743
12/29/2022,TMB,FL,ASO,ES,Towers with Radar,0,12,69,0,81,0,1,318,0,319,0,13,387,0,400,266,0,266,666
12/30/2022,TMB,FL,ASO,ES,Towers with Radar,0,6,55,0,61,0,0,382,12,394,0,6,437,12,455,309,0,309,764
12/31/2022,TMB,FL,ASO,ES,Towers with Radar,0,9,44,0,53,0,0,254,9,263,0,9,298,9,316,167,0,167,483
01/01/2023,TMB,FL,ASO,ES,Towers with Radar,0,21,49,0,70,0,0,116,0,116,0,21,165,0,186,67,0,67,253
01/02/2023,TMB,FL,ASO,ES,Towers with Radar,0,45,87,0,132,0,1,305,0,306,0,46,392,0,438,260,0,260,698
01/03/2023,TMB,FL,ASO,ES,Towers with Radar,0,14,83,0,97,0,2,259,0,261,0,16,342,0,358,241,0,241,599
01/04/2023,TMB,FL,ASO,ES,Towers with Radar,0,14,60,0,74,0,2,272,0,274,0,16,332,0,348,233,0,233,581
01/05/2023,TMB,FL,ASO,ES,Towers with Radar,2,8,64,0,74,0,2,350,1,353,2,10,414,1,427,350,0,350,777
01/06/2023,TMB,FL,ASO,ES,Towers with Radar,0,10,70,0,80,0,0,318,1,319,0,10,388,1,399,247,0,247,646
01/07/2023,TMB,FL,ASO,ES,Towers with Radar,0,14,72,0,86,0,0,390,11,401,0,14,462,11,487,308,0,308,795
01/08/2023,TMB,FL,ASO,ES,Towers with Radar,0,10,55,0,65,0,0,243,12,255,0,10,298,12,320,219,0,219,539
01/09/2023,TMB,FL,ASO,ES,Towers with Radar,0,7,58,0,65,0,4,208,7,219,0,11,266,7,284,318,0,318,602
01/10/2023,TMB,FL,ASO,ES,Towers with Radar,0,10,56,0,66,0,0,313,0,313,0,10,369,0,379,370,0,370,749
01/11/2023,TMB,FL,ASO,ES,Towers with Radar,0,4,42,0,46,0,1,367,0,368,0,5,409,0,414,265,0,265,679
01/12/2023,TMB,FL,ASO,ES,Towers with Radar,0,11,80,0,91,0,0,307,1,308,0,11,387,1,399,132,0,132,531
01/13/2023,TMB,FL,ASO,ES,Towers with Radar,0,16,61,0,77,0,1,183,1,185,0,17,244,1,262,215,0,215,477
01/14/2023,TMB,FL,ASO,ES,Towers with Radar,0,9,50,0,59,0,0,222,0,222,0,9,272,0,281,104,0,104,385
01/15/2023,TMB,FL,ASO,ES,Towers with Radar,0,11,90,0,101,0,2,229,8,239,0,13,319,8,340,294,0,294,634
01/16/2023,TMB,FL,ASO,ES,Towers with Radar,0,8,100,0,108,0,2,374,5,381,0,10,474,5,489,458,0,458,947
01/17/2023,TMB,FL,ASO,ES,Towers with Radar,0,11,75,0,86,0,4,333,0,337,0,15,408,0,423,397,0,397,820
01/18/2023,TMB,FL,ASO,ES,Towers with Radar,0,11,94,0,105,0,0,354,0,354,0,11,448,0,459,366,0,366,825
01/19/2023,TMB,FL,ASO,ES,Towers with Radar,0,11,108,0,119,0,2,366,8,376,0,13,474,8,495,346,0,346,841
01/20/2023,TMB,FL,ASO,ES,Towers with Radar,0,8,85,2,95,0,6,320,6,332,0,14,405,8,427,341,0,341,768
01/21/2023,TMB,FL,ASO,ES,Towers with Radar,0,5,50,0,55,0,0,314,11,325,0,5,364,11,380,340,0,340,720
01/22/2023,TMB,FL,ASO,ES,Towers with Radar,0,3,54,0,57,0,1,210,0,211,0,4,264,0,268,45,0,45,313
01/23/2023,TMB,FL,ASO,ES,Towers with Radar,0,5,45,0,50,0,0,284,2,286,0,5,329,2,336,409,0,409,745
01/24/2023,TMB,FL,ASO,ES,Towers with Radar,0,10,90,0,100,0,0,228,0,228,0,10,318,0,328,439,0,439,767
01/25/2023,TMB,FL,ASO,ES,Towers with Radar,0,6,87,0,93,0,0,223,0,223,0,6,310,0,316,289,0,289,605
01/26/2023,TMB,FL,ASO,ES,Towers with Radar,0,8,73,0,81,0,1,281,2,284,0,9,354,2,365,340,0,340,705
01/27/2023,TMB,FL,ASO,ES,Towers with Radar,0,11,65,0,76,0,0,224,0,224,0,11,289,0,300,143,0,143,443
01/28/2023,TMB,FL,ASO,ES,Towers with Radar,0,1,75,0,76,0,0,299,2,301,0,1,374,2,377,194,0,194,571
01/29/2023,TMB,FL,ASO,ES,Towers with Radar,0,11,82,0,93,0,0,249,0,249,0,11,331,0,342,276,0,276,618
01/30/2023,TMB,FL,ASO,ES,Towers with Radar,0,2,77,0,79,0,0,290,6,296,0,2,367,6,375,466,0,466,841
01/31/2023,TMB,FL,ASO,ES,Towers with Radar,0,10,77,0,87,0,1,326,0,327,0,11,403,0,414,417,0,417,831
02/01/2023,TMB,FL,ASO,ES,Towers with Radar,0,9,76,0,85,0,4,327,0,331,0,13,403,0,416,400,0,400,816
02/02/2023,TMB,FL,ASO,ES,Towers with Radar,0,10,70,0,80,0,0,325,6,331,0,10,395,6,411,356,0,356,767
02/03/2023,TMB,FL,ASO,ES,Towers with Radar,0,13,67,0,80,0,0,380,0,380,0,13,447,0,460,449,0,449,909
02/04/2023,TMB,FL,ASO,ES,Towers with Radar,0,14,61,0,75,0,0,90,0,90,0,14,151,0,165,31,0,31,196
02/05/2023,TMB,FL,ASO,ES,Towers with Radar,0,25,43,0,68,0,0,83,0,83,0,25,126,0,151,204,0,204,355
02/06/2023,TMB,FL,ASO,ES,Towers with Radar,0,9,98,0,107,0,0,361,1,362,0,9,459,1,469,399,0,399,868
02/07/2023,TMB,FL,ASO,ES,Towers with Radar,0,12,75,0,87,0,0,291,1,292,0,12,366,1,379,261,0,261,640
02/08/2023,TMB,FL,ASO,ES,Towers with Radar,0,4,89,0,93,0,0,362,2,364,0,4,451,2,457,463,0,463,920
02/09/2023,TMB,FL,ASO,ES,Towers with Radar,0,23,76,0,99,0,0,246,0,246,0,23,322,0,345,286,0,286,631
02/10/2023,TMB,FL,ASO,ES,Towers with Radar,0,14,87,0,101,0,0,354,1,355,0,14,441,1,456,361,0,361,817
02/11/2023,TMB,FL,ASO,ES,Towers with Radar,0,13,62,0,75,0,2,326,7,335,0,15,388,7,410,222,0,222,632
02/12/2023,TMB,FL,ASO,ES,Towers with Radar,0,17,40,0,57,0,1,197,0,198,0,18,237,0,255,140,0,140,395
02/13/2023,TMB,FL,ASO,ES,Towers with Radar,0,12,78,0,90,0,0,306,4,310,0,12,384,4,400,305,0,305,705
02/14/2023,TMB,FL,ASO,ES,Towers with Radar,0,6,52,0,58,0,2,334,0,336,0,8,386,0,394,399,0,399,793
02/15/2023,TMB,FL,ASO,ES,Towers with Radar,0,26,103,0,129,0,0,346,1,347,0,26,449,1,476,282,0,282,758
02/16/2023,TMB,FL,ASO,ES,Towers with Radar,0,11,121,0,132,0,1,314,0,315,0,12,435,0,447,324,0,324,771
02/17/2023,TMB,FL,ASO,ES,Towers with Radar,0,24,101,0,125,0,3,287,0,290,0,27,388,0,415,318,0,318,733
02/18/2023,TMB,FL,ASO,ES,Towers with Radar,0,16,88,0,104,0,0,256,0,256,0,16,344,0,360,284,0,284,644
02/19/2023,TMB,FL,ASO,ES,Towers with Radar,0,17,61,1,79,0,0,277,13,290,0,17,338,14,369,278,0,278,647
02/20/2023,TMB,FL,ASO,ES,Towers with Radar,0,20,75,0,95,0,0,350,2,352,0,20,425,2,447,407,0,407,854
02/21/2023,TMB,FL,ASO,ES,Towers with Radar,0,13,57,0,70,0,1,305,2,308,0,14,362,2,378,491,0,491,869
02/22/2023,TMB,FL,ASO,ES,Towers with Radar,0,11,55,0,66,0,2,312,0,314,0,13,367,0,380,209,0,209,589
02/23/2023,TMB,FL,ASO,ES,Towers with Radar,0,22,80,0,102,0,0,286,0,286,0,22,366,0,388,403,0,403,791
02/24/2023,TMB,FL,ASO,ES,Towers with Radar,0,16,72,0,88,0,0,336,0,336,0,16,408,0,424,456,0,456,880
02/25/2023,TMB,FL,ASO,ES,Towers with Radar,0,9,69,0,78,0,0,430,0,430,0,9,499,0,508,262,0,262,770
02/26/2023,TMB,FL,ASO,ES,Towers with Radar,0,26,73,0,99,0,1,290,0,291,0,27,363,0,390,342,0,342,732
02/27/2023,TMB,FL,ASO,ES,Towers with Radar,0,17,47,0,64,0,2,239,0,241,0,19,286,0,305,316,0,316,621
02/28/2023,TMB,FL,ASO,ES,Towers with Radar,0,14,65,0,79,0,3,294,0,297,0,17,359,0,376,554,0,554,930
03/01/2023,TMB,FL,ASO,ES,Towers with Radar,0,23,84,0,107,0,3,328,0,331,0,26,412,0,438,540,0,540,978
03/02/2023,TMB,FL,ASO,ES,Towers with Radar,0,12,66,0,78,0,1,266,0,267,0,13,332,0,345,291,0,291,636
03/03/2023,TMB,FL,ASO,ES,Towers with Radar,0,17,68,0,85,0,0,197,0,197,0,17,265,0,282,167,0,167,449
03/04/2023,TMB,FL,ASO,ES,Towers with Radar,0,10,52,0,62,0,0,333,1,334,0,10,385,1,396,233,0,233,629
03/05/2023,TMB,FL,ASO,ES,Towers with Radar,0,18,74,0,92,0,1,291,0,292,0,19,365,0,384,262,0,262,646
03/06/2023,TMB,FL,ASO,ES,Towers with Radar,0,12,83,0,95,0,0,271,0,271,0,12,354,0,366,373,0,373,739
03/07/2023,TMB,FL,ASO,ES,Towers with Radar,0,12,64,0,76,0,2,294,0,296,0,14,358,0,372,377,0,377,749
03/08/2023,TMB,FL,ASO,ES,Towers with Radar,0,17,82,0,99,0,0,288,0,288,0,17,370,0,387,360,0,360,747
03/09/2023,TMB,FL,ASO,ES,Towers with Radar,0,9,89,0,98,0,2,345,0,347,0,11,434,0,445,403,0,403,848
03/10/2023,TMB,FL,ASO,ES,Towers with Radar,0,20,85,2,107,0,1,366,8,375,0,21,451,10,482,313,0,313,795
03/11/2023,TMB,FL,ASO,ES,Towers with Radar,0,20,62,0,82,0,1,424,12,437,0,21,486,12,519,318,0,318,837
03/12/2023,TMB,FL,ASO,ES,Towers with Radar,0,24,68,0,92,0,1,303,14,318,0,25,371,14,410,277,0,277,687
03/13/2023,TMB,FL,ASO,ES,Towers with Radar,0,9,56,0,65,0,0,319,0,319,0,9,375,0,384,361,0,361,745
03/14/2023,TMB,FL,ASO,ES,Towers with Radar,0,9,77,0,86,0,0,248,0,248,0,9,325,0,334,351,0,351,685
03/15/2023,TMB,FL,ASO,ES,Towers with Radar,0,4,123,0,127,0,4,370,1,375,0,8,493,1,502,384,0,384,886
03/16/2023,TMB,FL,ASO,ES,Towers with Radar,0,15,116,0,131,0,1,503,0,504,0,16,619,0,635,400,0,400,1035
03/17/2023,TMB,FL,ASO,ES,Towers with Radar,0,19,104,0,123,0,0,391,2,393,0,19,495,2,516,428,0,428,944
03/18/2023,TMB,FL,ASO,ES,Towers with Radar,0,35,73,0,108,0,0,373,2,375,0,35,446,2,483,258,0,258,741
03/19/2023,TMB,FL,ASO,ES,Towers with Radar,0,25,57,0,82,0,0,146,0,146,0,25,203,0,228,179,0,179,407
03/20/2023,TMB,FL,ASO,ES,Towers with Radar,0,9,61,1,71,0,2,277,0,279,0,11,338,1,350,167,0,167,517
03/21/2023,TMB,FL,ASO,ES,Towers with Radar,0,7,81,0,88,0,0,408,3,411,0,7,489,3,499,482,0,482,981
03/22/2023,TMB,FL,ASO,ES,Towers with Radar,0,8,94,0,102,0,6,424,0,430,0,14,518,0,532,446,0,446,978
03/23/2023,TMB,FL,ASO,ES,Towers with Radar,0,11,84,0,95,0,1,392,2,395,0,12,476,2,490,446,0,446,936
03/24/2023,TMB,FL,ASO,ES,Towers with Radar,0,21,82,2,105,0,0,375,16,391,0,21,457,18,496,539,0,539,1035
03/25/2023,TMB,FL,ASO,ES,Towers with Radar,0,10,77,0,87,0,3,330,16,349,0,13,407,16,436,213,0,213,649
03/26/2023,TMB,FL,ASO,ES,Towers with Radar,1,21,91,0,113,0,3,293,2,298,1,24,384,2,411,217,0,217,628
03/27/2023,TMB,FL,ASO,ES,Towers with Radar,0,9,99,0,108,0,1,327,10,338,0,10,426,10,446,313,0,313,759
03/28/2023,TMB,FL,ASO,ES,Towers with Radar,0,10,56,0,66,0,0,297,1,298,0,10,353,1,364,506,0,506,870
03/29/2023,TMB,FL,ASO,ES,Towers with Radar,0,6,62,4,72,0,0,262,0,262,0,6,324,4,334,325,0,325,659
03/30/2023,TMB,FL,ASO,ES,Towers with Radar,0,15,63,0,78,0,0,202,0,202,0,15,265,0,280,309,0,309,589
03/31/2023,TMB,FL,ASO,ES,Towers with Radar,0,14,74,2,90,0,2,395,0,397,0,16,469,2,487,350,0,350,837
04/01/2023,TMB,FL,ASO,ES,Towers with Radar,0,17,58,2,77,0,0,352,0,352,0,17,410,2,429,208,0,208,637
04/02/2023,TMB,FL,ASO,ES,Towers with Radar,0,22,46,0,68,0,0,292,0,292,0,22,338,0,360,264,0,264,624
04/03/2023,TMB,FL,ASO,ES,Towers with Radar,0,12,79,0,91,0,0,311,0,311,0,12,390,0,402,371,0,371,773
04/04/2023,TMB,FL,ASO,ES,Towers with Radar,0,10,76,5,91,0,0,366,3,369,0,10,442,8,460,465,0,465,925
04/05/2023,TMB,FL,ASO,ES,Towers with Radar,1,9,104,0,114,0,1,313,0,314,1,10,417,0,428,363,0,363,791
04/06/2023,TMB,FL,ASO,ES,Towers with Radar,0,14,107,0,121,0,2,330,0,332,0,16,437,0,453,307,0,307,760
04/07/2023,TMB,FL,ASO,ES,Towers with Radar,0,12,89,0,101,0,2,375,2,379,0,14,464,2,480,225,0,225,705
04/08/2023,TMB,FL,ASO,ES,Towers with Radar,0,12,73,0,85,0,2,331,12,345,0,14,404,12,430,366,0,366,796
04/09/2023,TMB,FL,ASO,ES,Towers with Radar,0,31,58,0,89,0,1,253,8,262,0,32,311,8,351,251,0,251,602
04/10/2023,TMB,FL,ASO,ES,Towers with Radar,0,29,82,1,112,0,0,77,0,77,0,29,159,1,189,28,0,28,217
04/11/2023,TMB,FL,ASO,ES,Towers with Radar,0,25,46,0,71,0,0,26,0,26,0,25,72,0,97,41,0,41,138
04/12/2023,TMB,FL,ASO,ES,Towers with Radar,0,19,55,0,74,0,0,16,0,16,0,19,71,0,90,26,0,26,116
04/13/2023,TMB,FL,ASO,ES,Towers with Radar,0,15,90,0,105,0,4,298,1,303,0,19,388,1,408,342,0,342,750
04/14/2023,TMB,FL,ASO,ES,Towers with Radar,0,28,86,0,114,0,3,321,0,324,0,31,407,0,438,330,0,330,768
04/15/2023,TMB,FL,ASO,ES,Towers with Radar,0,15,92,0,107,0,2,407,2,411,0,17,499,2,518,252,0,252,770
04/16/2023,TMB,FL,ASO,ES,Towers with Radar,1,17,61,0,79,0,1,272,0,273,1,18,333,0,352,195,0,195,547
04/17/2023,TMB,FL,ASO,ES,Towers with Radar,0,15,49,0,64,0,0,267,0,267,0,15,316,0,331,388,0,388,719
04/18/2023,TMB,FL,ASO,ES,Towers with Radar,0,10,105,0,115,0,2,427,0,429,0,12,532,0,544,351,0,351,895
04/19/2023,TMB,FL,ASO,ES,Towers with Radar,0,10,92,5,107,0,2,397,7,406,0,12,489,12,513,479,0,479,992
04/20/2023,TMB,FL,ASO,ES,Towers with Radar,0,16,91,0,107,0,2,385,0,387,0,18,476,0,494,451,0,451,945
04/21/2023,TMB,FL,ASO,ES,Towers with Radar,0,10,88,0,98,0,0,374,1,375,0,10,462,1,473,527,0,527,1000
04/22/2023,TMB,FL,ASO,ES,Towers with Radar,0,9,69,0,78,0,1,332,2,335,0,10,401,2,413,301,0,301,714
04/23/2023,TMB,FL,ASO,ES,Towers with Radar,0,11,73,0,84,0,1,315,0,316,0,12,388,0,400,311,0,311,711
04/24/2023,TMB,FL,ASO,ES,Towers with Radar,0,11,57,0,68,0,3,137,0,140,0,14,194,0,208,332,0,332,540
04/25/2023,TMB,FL,ASO,ES,Towers with Radar,0,6,69,0,75,0,0,237,0,237,0,6,306,0,312,440,0,440,752
04/26/2023,TMB,FL,ASO,ES,Towers with Radar,0,8,91,0,99,0,0,313,0,313,0,8,404,0,412,398,0,398,810
04/27/2023,TMB,FL,ASO,ES,Towers with Radar,0,8,103,0,111,0,0,363,0,363,0,8,466,0,474,424,0,424,898
04/28/2023,TMB,FL,ASO,ES,Towers with Radar,0,14,55,0,69,0,0,133,0,133,0,14,188,0,202,104,0,104,306
04/29/2023,TMB,FL,ASO,ES,Towers with Radar,0,10,50,0,60,0,0,283,1,284,0,10,333,1,344,151,0,151,495
04/30/2023,TMB,FL,ASO,ES,Towers with Radar,0,9,32,0,41,0,0,88,0,88,0,9,120,0,129,25,0,25,154
05/01/2023,TMB,FL,ASO,ES,Towers with Radar,0,8,96,0,104,0,0,336,0,336,0,8,432,0,440,382,0,382,822
05/02/2023,TMB,FL,ASO,ES,Towers with Radar,0,7,61,0,68,0,0,341,0,341,0,7,402,0,409,469,0,469,878
05/03/2023,TMB,FL,ASO,ES,Towers with Radar,0,6,82,0,88,0,4,354,0,358,0,10,436,0,446,407,0,407,853
05/04/2023,TMB,FL,ASO,ES,Towers with Radar,0,20,76,0,96,0,0,369,0,369,0,20,445,0,465,498,0,498,963
05/05/2023,TMB,FL,ASO,ES,Towers with Radar,0,10,84,0,94,0,4,366,0,370,0,14,450,0,464,498,0,498,962
05/06/2023,TMB,FL,ASO,ES,Towers with Radar,0,4,75,0,79,0,0,340,0,340,0,4,415,0,419,368,0,368,787
05/07/2023,TMB,FL,ASO,ES,Towers with Radar,0,15,41,0,56,0,1,217,1,219,0,16,258,1,275,97,0,97,372
05/08/2023,TMB,FL,ASO,ES,Towers with Radar,0,19,112,0,131,0,3,311,0,314,0,22,423,0,445,431,0,431,876
05/09/2023,TMB,FL,ASO,ES,Towers with Radar,0,3,77,0,80,0,1,333,0,334,0,4,410,0,414,376,0,376,790
05/10/2023,TMB,FL,ASO,ES,Towers with Radar,0,14,77,0,91,0,0,290,0,290,0,14,367,0,381,538,0,538,919
05/11/2023,TMB,FL,ASO,ES,Towers with Radar,0,13,89,1,103,0,1,308,0,309,0,14,397,1,412,419,0,419,831
05/12/2023,TMB,FL,ASO,ES,Towers with Radar,0,3,89,0,92,0,2,392,0,394,0,5,481,0,486,388,0,388,874
05/13/2023,TMB,FL,ASO,ES,Towers with Radar,0,8,66,0,74,0,2,312,0,314,0,10,378,0,388,295,0,295,683
05/14/2023,TMB,FL,ASO,ES,Towers with Radar,0,8,54,0,62,0,0,197,0,197,0,8,251,0,259,252,0,252,511
05/15/2023,TMB,FL,ASO,ES,Towers with Radar,0,5,73,0,78,0,0,238,0,238,0,5,311,0,316,345,2,347,663
05/16/2023,TMB,FL,ASO,ES,Towers with Radar,0,6,103,0,109,0,0,316,0,316,0,6,419,0,425,505,0,505,930
05/17/2023,TMB,FL,ASO,ES,Towers with Radar,0,9,71,0,80,0,0,302,0,302,0,9,373,0,382,348,0,348,730
05/18/2023,TMB,FL,ASO,ES,Towers with Radar,0,15,56,0,71,0,0,276,0,276,0,15,332,0,347,216,0,216,563
05/19/2023,TMB,FL,ASO,ES,Towers with Radar,0,11,66,0,77,0,0,266,0,266,0,11,332,0,343,299,0,299,642
05/20/2023,TMB,FL,ASO,ES,Towers with Radar,0,5,92,0,97,0,0,279,0,279,0,5,371,0,376,252,0,252,628
05/21/2023,TMB,FL,ASO,ES,Towers with Radar,0,17,75,0,92,0,0,253,0,253,0,17,328,0,345,238,0,238,583
05/22/2023,TMB,FL,ASO,ES,Towers with Radar,0,19,107,0,126,0,3,305,0,308,0,22,412,0,434,462,0,462,896
05/23/2023,TMB,FL,ASO,ES,Towers with Radar,0,15,71,0,86,0,0,237,0,237,0,15,308,0,323,359,0,359,682
05/24/2023,TMB,FL,ASO,ES,Towers with Radar,0,6,50,0,56,0,0,247,0,247,0,6,297,0,303,288,0,288,591
05/25/2023,TMB,FL,ASO,ES,Towers with Radar,0,15,65,1,81,0,2,224,5,231,0,17,289,6,312,370,0,370,682
05/26/2023,TMB,FL,ASO,ES,Towers with Radar,0,17,81,0,98,0,3,322,0,325,0,20,403,0,423,206,0,206,629
05/27/2023,TMB,FL,ASO,ES,Towers with Radar,0,6,67,0,73,0,0,413,2,415,0,6,480,2,488,279,0,279,767
05/28/2023,TMB,FL,ASO,ES,Towers with Radar,0,11,35,0,46,0,0,244,0,244,0,11,279,0,290,286,0,286,576
05/29/2023,TMB,FL,ASO,ES,Towers with Radar,0,26,85,0,111,0,0,424,0,424,0,26,509,0,535,379,0,379,914
05/30/2023,TMB,FL,ASO,ES,Towers with Radar,0,9,59,0,68,0,4,274,0,278,0,13,333,0,346,423,0,423,769
05/31/2023,TMB,FL,ASO,ES,Towers with Radar,0,6,46,0,52,0,0,303,0,303,0,6,349,0,355,431,0,431,786
06/01/2023,TMB,FL,ASO,ES,Towers with Radar,0,11,74,0,85,0,0,229,2,231,0,11,303,2,316,305,17,322,638
06/02/2023,TMB,FL,ASO,ES,Towers with Radar,0,13,55,0,68,0,4,237,0,241,0,17,292,0,309,340,0,340,649
06/03/2023,TMB,FL,ASO,ES,Towers with Radar,0,4,44,0,48,0,0,221,1,222,0,4,265,1,270,182,0,182,452
06/04/2023,TMB,FL,ASO,ES,Towers with Radar,0,6,60,0,66,0,2,182,0,184,0,8,242,0,250,238,0,238,488
06/05/2023,TMB,FL,ASO,ES,Towers with Radar,0,9,80,0,89,0,3,271,0,274,0,12,351,0,363,346,0,346,709
06/06/2023,TMB,FL,ASO,ES,Towers with Radar,0,5,91,0,96,0,4,211,5,220,0,9,302,5,316,313,0,313,629
06/07/2023,TMB,FL,ASO,ES,Towers with Radar,0,7,40,0,47,0,0,231,0,231,0,7,271,0,278,205,0,205,483
06/08/2023,TMB,FL,ASO,ES,Towers with Radar,0,6,52,0,58,0,1,273,0,274,0,7,325,0,332,455,0,455,787
06/09/2023,TMB,FL,ASO,ES,Towers with Radar,0,16,54,0,70,0,1,353,0,354,0,17,407,0,424,516,0,516,940
06/10/2023,TMB,FL,ASO,ES,Towers with Radar,0,14,58,0,72,0,0,348,2,350,0,14,406,2,422,345,0,345,767
06/11/2023,TMB,FL,ASO,ES,Towers with Radar,0,9,63,0,72,0,0,233,0,233,0,9,296,0,305,278,0,278,583
06/12/2023,TMB,FL,ASO,ES,Towers with Radar,0,7,32,0,39,0,0,192,0,192,0,7,224,0,231,400,0,400,631
06/13/2023,TMB,FL,ASO,ES,Towers with Radar,0,6,72,2,80,0,0,342,6,348,0,6,414,8,428,495,0,495,923
06/14/2023,TMB,FL,ASO,ES,Towers with Radar,0,2,94,0,96,0,0,380,0,380,0,2,474,0,476,546,4,550,1026
06/15/2023,TMB,FL,ASO,ES,Towers with Radar,0,9,92,0,101,0,0,370,0,370,0,9,462,0,471,423,0,423,894
06/16/2023,TMB,FL,ASO,ES,Towers with Radar,0,9,50,0,59,0,3,320,0,323,0,12,370,0,382,495,0,495,877
06/17/2023,TMB,FL,ASO,ES,Towers with Radar,0,4,46,0,50,0,0,270,1,271,0,4,316,1,321,245,0,245,566
06/18/2023,TMB,FL,ASO,ES,Towers with Radar,0,6,32,0,38,0,0,182,0,182,0,6,214,0,220,202,0,202,422
06/19/2023,TMB,FL,ASO,ES,Towers with Radar,0,4,51,0,55,0,2,216,0,218,0,6,267,0,273,259,0,259,532
06/20/2023,TMB,FL,ASO,ES,Towers with Radar,0,6,75,0,81,0,1,319,0,320,0,7,394,0,401,551,0,551,952
06/21/2023,TMB,FL,ASO,ES,Towers with Radar,0,9,74,0,83,0,2,308,0,310,0,11,382,0,393,509,0,509,902
06/22/2023,TMB,FL,ASO,ES,Towers with Radar,0,5,72,0,77,0,0,380,0,380,0,5,452,0,457,727,0,727,1184
06/23/2023,TMB,FL,ASO,ES,Towers with Radar,0,9,102,0,111,0,0,377,0,377,0,9,479,0,488,770,0,770,1258
06/24/2023,TMB,FL,ASO,ES,Towers with Radar,0,5,63,0,68,0,0,174,2,176,0,5,237,2,244,158,0,158,402
06/25/2023,TMB,FL,ASO,ES,Towers with Radar,0,11,65,0,76,0,1,247,1,249,0,12,312,1,325,229,0,229,554
06/26/2023,TMB,FL,ASO,ES,Towers with Radar,0,9,67,2,78,0,4,275,0,279,0,13,342,2,357,358,0,358,715
06/27/2023,TMB,FL,ASO,ES,Towers with Radar,0,1,76,0,77,0,0,305,0,305,0,1,381,0,382,532,0,532,914
06/28/2023,TMB,FL,ASO,ES,Towers with Radar,0,4,49,0,53,0,0,353,0,353,0,4,402,0,406,612,0,612,1018
06/29/2023,TMB,FL,ASO,ES,Towers with Radar,0,4,73,2,79,0,3,273,0,276,0,7,346,2,355,445,0,445,800
06/30/2023,TMB,FL,ASO,ES,Towers with Radar,0,12,83,0,95,0,1,305,0,306,0,13,388,0,401,420,0,420,821
07/01/2023,TMB,FL,ASO,ES,Towers with Radar,0,8,63,0,71,0,2,278,1,281,0,10,341,1,352,205,0,205,557
07/02/2023,TMB,FL,ASO,ES,Towers with Radar,0,13,42,0,55,0,0,180,0,180,0,13,222,0,235,160,0,160,395
07/03/2023,TMB,FL,ASO,ES,Towers with Radar,0,2,54,0,56,0,0,277,0,277,0,2,331,0,333,389,0,389,722
07/04/2023,TMB,FL,ASO,ES,Towers with Radar,0,6,58,0,64,0,1,272,0,273,0,7,330,0,337,306,0,306,643
07/05/2023,TMB,FL,ASO,ES,Towers with Radar,0,7,64,2,73,0,1,369,0,370,0,8,433,2,443,473,0,473,916
07/06/2023,TMB,FL,ASO,ES,Towers with Radar,0,14,59,2,75,0,1,269,0,270,0,15,328,2,345,405,0,405,750
07/07/2023,TMB,FL,ASO,ES,Towers with Radar,0,12,61,0,73,0,2,279,0,281,0,14,340,0,354,406,0,406,760
07/08/2023,TMB,FL,ASO,ES,Towers with Radar,0,8,59,2,69,0,4,334,0,338,0,12,393,2,407,372,0,372,779
07/09/2023,TMB,FL,ASO,ES,Towers with Radar,0,5,68,0,73,0,2,287,0,289,0,7,355,0,362,382,0,382,744
07/10/2023,TMB,FL,ASO,ES,Towers with Radar,0,14,56,0,70,0,2,292,0,294,0,16,348,0,364,605,0,605,969
07/11/2023,TMB,FL,ASO,ES,Towers with Radar,0,14,71,0,85,0,2,295,0,297,0,16,366,0,382,514,0,514,896
07/12/2023,TMB,FL,ASO,ES,Towers with Radar,0,11,58,0,69,0,6,369,0,375,0,17,427,0,444,596,0,596,1040
07/13/2023,TMB,FL,ASO,ES,Towers with Radar,0,8,47,0,55,0,2,256,0,258,0,10,303,0,313,554,0,554,867
07/14/2023,TMB,FL,ASO,ES,Towers with Radar,0,10,46,2,58,0,5,245,3,253,0,15,291,5,311,447,0,447,758
07/15/2023,TMB,FL,ASO,ES,Towers with Radar,0,6,44,0,50,0,2,289,0,291,0,8,333,0,341,305,0,305,646
07/16/2023,TMB,FL,ASO,ES,Towers with Radar,0,9,58,0,67,0,2,216,0,218,0,11,274,0,285,184,0,184,469
07/17/2023,TMB,FL,ASO,ES,Towers with Radar,0,4,37,0,41,0,2,250,0,252,0,6,287,0,293,426,0,426,719
07/18/2023,TMB,FL,ASO,ES,Towers with Radar,0,1,54,0,55,0,0,324,0,324,0,1,378,0,379,451,0,451,830
07/19/2023,TMB,FL,ASO,ES,Towers with Radar,0,13,72,0,85,0,0,311,2,313,0,13,383,2,398,556,2,558,956
07/20/2023,TMB,FL,ASO,ES,Towers with Radar,0,10,85,0,95,0,3,378,4,385,0,13,463,4,480,640,4,644,1124
07/21/2023,TMB,FL,ASO,ES,Towers with Radar,0,6,78,0,84,0,1,251,0,252,0,7,329,0,336,413,0,413,749
07/22/2023,TMB,FL,ASO,ES,Towers with Radar,0,5,51,0,56,0,3,321,0,324,0,8,372,0,380,390,0,390,770
07/23/2023,TMB,FL,ASO,ES,Towers with Radar,0,5,49,0,54,0,0,325,0,325,0,5,374,0,379,281,0,281,660
07/24/2023,TMB,FL,ASO,ES,Towers with Radar,0,11,38,0,49,0,5,245,1,251,0,16,283,1,300,511,9,520,820
07/25/2023,TMB,FL,ASO,ES,Towers with Radar,0,8,64,0,72,0,6,361,0,367,0,14,425,0,439,706,0,706,1145
07/26/2023,TMB,FL,ASO,ES,Towers with Radar,0,3,49,0,52,0,0,106,0,106,0,3,155,0,158,180,0,180,338
07/27/2023,TMB,FL,ASO,ES,Towers with Radar,0,12,60,0,72,0,0,186,0,186,0,12,246,0,258,436,0,436,694
07/28/2023,TMB,FL,ASO,ES,Towers with Radar,0,12,61,0,73,0,4,195,0,199,0,16,256,0,272,268,0,268,540
07/29/2023,TMB,FL,ASO,ES,Towers with Radar,0,11,70,0,81,0,1,301,0,302,0,12,371,0,383,333,0,333,716
07/30/2023,TMB,FL,ASO,ES,Towers with Radar,0,11,73,0,84,0,3,261,0,264,0,14,334,0,348,307,0,307,655
07/31/2023,TMB,FL,ASO,ES,Towers with Radar,0,5,46,0,51,0,3,232,0,235,0,8,278,0,286,335,0,335,621
08/01/2023,TMB,FL,ASO,ES,Towers with Radar,0,9,60,0,69,0,7,291,0,298,0,16,351,0,367,499,0,499,866
08/02/2023,TMB,FL,ASO,ES,Towers with Radar,0,6,45,0,51,0,3,256,0,259,0,9,301,0,310,299,0,299,609
08/03/2023,TMB,FL,ASO,ES,Towers with Radar,0,9,77,0,86,0,1,276,0,277,0,10,353,0,363,291,0,291,654
08/04/2023,TMB,FL,ASO,ES,Towers with Radar,0,12,67,1,80,0,0,324,2,326,0,12,391,3,406,429,2,431,837
08/05/2023,TMB,FL,ASO,ES,Towers with Radar,0,5,51,0,56,0,0,330,2,332,0,5,381,2,388,331,0,331,719
08/06/2023,TMB,FL,ASO,ES,Towers with Radar,0,14,74,0,88,0,1,257,0,258,0,15,331,0,346,281,0,281,627
08/07/2023,TMB,FL,ASO,ES,Towers with Radar,0,11,59,0,70,0,3,343,0,346,0,14,402,0,416,512,0,512,928
08/08/2023,TMB,FL,ASO,ES,Towers with Radar,0,8,75,0,83,0,0,257,0,257,0,8,332,0,340,490,0,490,830
08/09/2023,TMB,FL,ASO,ES,Towers with Radar,0,13,70,0,83,0,2,297,0,299,0,15,367,0,382,437,0,437,819
08/10/2023,TMB,FL,ASO,ES,Towers with Radar,0,8,61,0,69,0,2,300,0,302,0,10,361,0,371,471,0,471,842
08/11/2023,TMB,FL,ASO,ES,Towers with Radar,0,10,66,0,76,0,3,295,0,298,0,13,361,0,374,449,0,449,823
08/12/2023,TMB,FL,ASO,ES,Towers with Radar,0,8,56,0,64,0,2,325,1,328,0,10,381,1,392,329,0,329,721
08/13/2023,TMB,FL,ASO,ES,Towers with Radar,0,12,61,0,73,0,1,285,0,286,0,13,346,0,359,181,0,181,540
08/14/2023,TMB,FL,ASO,ES,Towers with Radar,0,14,67,0,81,0,2,327,0,329,0,16,394,0,410,497,0,497,907
08/15/2023,TMB,FL,ASO,ES,Towers with Radar,0,9,50,0,59,0,0,157,0,157,0,9,207,0,216,274,0,274,490
08/16/2023,TMB,FL,ASO,ES,Towers with Radar,0,11,65,0,76,0,0,261,0,261,0,11,326,0,337,339,0,339,676
08/17/2023,TMB,FL,ASO,ES,Towers with Radar,0,15,60,0,75,0,1,259,0,260,0,16,319,0,335,404,0,404,739
08/18/2023,TMB,FL,ASO,ES,Towers with Radar,0,13,46,0,59,0,1,221,0,222,0,14,267,0,281,291,0,291,572
08/19/2023,TMB,FL,ASO,ES,Towers with Radar,0,10,55,0,65,0,1,246,0,247,0,11,301,0,312,419,0,419,731
08/20/2023,TMB,FL,ASO,ES,Towers with Radar,0,12,46,0,58,0,4,148,0,152,0,16,194,0,210,64,0,64,274
08/21/2023,TMB,FL,ASO,ES,Towers with Radar,0,3,66,1,70,0,1,221,2,224,0,4,287,3,294,398,21,419,713
08/22/2023,TMB,FL,ASO,ES,Towers with Radar,0,8,89,0,97,0,3,282,0,285,0,11,371,0,382,420,0,420,802
08/23/2023,TMB,FL,ASO,ES,Towers with Radar,0,6,79,0,85,0,2,350,0,352,0,8,429,0,437,511,0,511,948
08/24/2023,TMB,FL,ASO,ES,Towers with Radar,0,11,85,0,96,0,2,344,0,346,0,13,429,0,442,479,0,479,921
08/25/2023,TMB,FL,ASO,ES,Towers with Radar,0,10,80,0,90,0,3,273,0,276,0,13,353,0,366,452,0,452,818
08/26/2023,TMB,FL,ASO,ES,Towers with Radar,0,13,68,0,81,0,7,306,1,314,0,20,374,1,395,328,0,328,723
08/27/2023,TMB,FL,ASO,ES,Towers with Radar,0,11,41,0,52,0,2,212,0,214,0,13,253,0,266,289,0,289,555
08/28/2023,TMB,FL,ASO,ES,Towers with Radar,0,6,56,0,62,0,0,184,0,184,0,6,240,0,246,415,0,415,661
08/29/2023,TMB,FL,ASO,ES,Towers with Radar,0,6,22,0,28,0,0,92,0,92,0,6,114,0,120,177,0,177,297
08/30/2023,TMB,FL,ASO,ES,Towers with Radar,0,1,23,3,27,0,1,28,0,29,0,2,51,3,56,47,0,47,103
08/31/2023,TMB,FL,ASO,ES,Towers with Radar,0,13,46,0,59,0,2,278,0,280,0,15,324,0,339,465,0,465,804
01/01/2020,TMB,FL,ASO,ES,Towers with Radar,0,4,41,0,45,0,0,165,0,165,0,4,206,0,210,90,0,90,300
01/02/2020,TMB,FL,ASO,ES,Towers with Radar,0,16,80,2,98,0,2,338,1,341,0,18,418,3,439,435,0,435,874
01/03/2020,TMB,FL,ASO,ES,Towers with Radar,0,16,90,0,106,0,0,210,2,212,0,16,300,2,318,229,0,229,547
01/04/2020,TMB,FL,ASO,ES,Towers with Radar,0,29,66,0,95,0,0,250,0,250,0,29,316,0,345,226,0,226,571
01/05/2020,TMB,FL,ASO,ES,Towers with Radar,0,25,69,0,94,0,0,225,0,225,0,25,294,0,319,121,0,121,440
01/06/2020,TMB,FL,ASO,ES,Towers with Radar,0,13,98,0,111,0,0,322,0,322,0,13,420,0,433,377,0,377,810
01/07/2020,TMB,FL,ASO,ES,Towers with Radar,0,12,65,0,77,0,4,358,0,362,0,16,423,0,439,424,0,424,863
01/08/2020,TMB,FL,ASO,ES,Towers with Radar,0,5,78,0,83,0,0,308,0,308,0,5,386,0,391,313,0,313,704
01/09/2020,TMB,FL,ASO,ES,Towers with Radar,0,6,58,0,64,0,3,151,2,156,0,9,209,2,220,81,0,81,301
01/10/2020,TMB,FL,ASO,ES,Towers with Radar,0,13,44,0,57,0,2,103,0,105,0,15,147,0,162,105,0,105,267
01/11/2020,TMB,FL,ASO,ES,Towers with Radar,0,11,41,0,52,0,2,137,0,139,0,13,178,0,191,115,0,115,306
01/12/2020,TMB,FL,ASO,ES,Towers with Radar,0,13,64,0,77,0,1,166,0,167,0,14,230,0,244,92,0,92,336
01/13/2020,TMB,FL,ASO,ES,Towers with Radar,0,4,87,0,91,0,1,253,0,254,0,5,340,0,345,325,0,325,670
01/14/2020,TMB,FL,ASO,ES,Towers with Radar,0,6,76,1,83,0,0,328,3,331,0,6,404,4,414,548,0,548,962
01/15/2020,TMB,FL,ASO,ES,Towers with Radar,0,7,68,0,75,0,2,411,0,413,0,9,479,0,488,562,0,562,1050
01/16/2020,TMB,FL,ASO,ES,Towers with Radar,0,20,88,0,108,0,4,338,0,342,0,24,426,0,450,506,0,506,956
01/17/2020,TMB,FL,ASO,ES,Towers with Radar,0,9,82,0,91,0,0,190,0,190,0,9,272,0,281,217,0,217,498
01/18/2020,TMB,FL,ASO,ES,Towers with Radar,0,1,51,0,52,0,0,245,0,245,0,1,296,0,297,267,0,267,564
01/19/2020,TMB,FL,ASO,ES,Towers with Radar,0,3,65,0,68,0,1,358,0,359,0,4,423,0,427,465,0,465,892
01/20/2020,TMB,FL,ASO,ES,Towers with Radar,0,18,70,0,88,0,0,266,0,266,0,18,336,0,354,336,0,336,690
01/21/2020,TMB,FL,ASO,ES,Towers with Radar,0,13,74,0,87,0,0,260,3,263,0,13,334,3,350,287,0,287,637
01/22/2020,TMB,FL,ASO,ES,Towers with Radar,0,10,52,0,62,0,2,234,0,236,0,12,286,0,298,176,0,176,474
01/23/2020,TMB,FL,ASO,ES,Towers with Radar,0,8,56,0,64,0,0,214,0,214,0,8,270,0,278,232,0,232,510
01/24/2020,TMB,FL,ASO,ES,Towers with Radar,0,11,104,0,115,0,3,406,1,410,0,14,510,1,525,477,0,477,1002
01/25/2020,TMB,FL,ASO,ES,Towers with Radar,0,7,48,0,55,0,0,372,0,372,0,7,420,0,427,472,0,472,899
01/26/2020,TMB,FL,ASO,ES,Towers with Radar,0,8,85,0,93,0,3,342,0,345,0,11,427,0,438,298,0,298,736
01/27/2020,TMB,FL,ASO,ES,Towers with Radar,0,5,58,4,67,0,1,296,3,300,0,6,354,7,367,442,0,442,809
01/28/2020,TMB,FL,ASO,ES,Towers with Radar,1,1,103,0,105,0,2,303,0,305,1,3,406,0,410,471,0,471,881
01/29/2020,TMB,FL,ASO,ES,Towers with Radar,0,7,30,0,37,0,1,323,1,325,0,8,353,1,362,421,0,421,783
01/30/2020,TMB,FL,ASO,ES,Towers with Radar,0,13,43,0,56,0,0,328,2,330,0,13,371,2,386,252,0,252,638
01/31/2020,TMB,FL,ASO,ES,Towers with Radar,0,19,52,0,71,0,0,285,0,285,0,19,337,0,356,258,0,258,614
02/01/2020,TMB,FL,ASO,ES,Towers with Radar,0,21,31,0,52,0,1,71,0,72,0,22,102,0,124,204,0,204,328
02/02/2020,TMB,FL,ASO,ES,Towers with Radar,0,9,45,0,54,0,0,176,0,176,0,9,221,0,230,90,0,90,320
02/03/2020,TMB,FL,ASO,ES,Towers with Radar,1,14,64,0,79,0,1,295,0,296,1,15,359,0,375,413,0,413,788
02/04/2020,TMB,FL,ASO,ES,Towers with Radar,0,2,108,0,110,0,1,363,0,364,0,3,471,0,474,559,0,559,1033
02/05/2020,TMB,FL,ASO,ES,Towers with Radar,0,9,92,0,101,0,4,371,0,375,0,13,463,0,476,376,0,376,852
02/06/2020,TMB,FL,ASO,ES,Towers with Radar,0,8,51,0,59,0,0,163,0,163,0,8,214,0,222,100,0,100,322
02/07/2020,TMB,FL,ASO,ES,Towers with Radar,0,6,60,0,66,0,1,145,0,146,0,7,205,0,212,281,0,281,493
02/08/2020,TMB,FL,ASO,ES,Towers with Radar,0,9,63,0,72,0,2,396,0,398,0,11,459,0,470,323,0,323,793
02/09/2020,TMB,FL,ASO,ES,Towers with Radar,0,8,79,0,87,0,0,258,0,258,0,8,337,0,345,173,0,173,518
02/10/2020,TMB,FL,ASO,ES,Towers with Radar,0,1,99,0,100,0,0,223,1,224,0,1,322,1,324,191,0,191,515
02/11/2020,TMB,FL,ASO,ES,Towers with Radar,0,10,111,0,121,0,1,366,0,367,0,11,477,0,488,389,0,389,877
02/12/2020,TMB,FL,ASO,ES,Towers with Radar,0,17,102,0,119,0,2,337,1,340,0,19,439,1,459,356,0,356,815
02/13/2020,TMB,FL,ASO,ES,Towers with Radar,0,21,125,0,146,0,2,329,1,332,0,23,454,1,478,183,0,183,661
02/14/2020,TMB,FL,ASO,ES,Towers with Radar,0,15,76,0,91,0,0,257,0,257,0,15,333,0,348,315,0,315,663
02/15/2020,TMB,FL,ASO,ES,Towers with Radar,0,6,77,0,83,0,0,163,0,163,0,6,240,0,246,180,0,180,426
02/16/2020,TMB,FL,ASO,ES,Towers with Radar,0,7,75,0,82,0,0,183,0,183,0,7,258,0,265,201,0,201,466
02/17/2020,TMB,FL,ASO,ES,Towers with Radar,0,10,152,0,162,0,4,474,0,478,0,14,626,0,640,442,0,442,1082
02/18/2020,TMB,FL,ASO,ES,Towers with Radar,0,15,124,0,139,0,5,420,0,425,0,20,544,0,564,510,0,510,1074
02/19/2020,TMB,FL,ASO,ES,Towers with Radar,0,12,124,0,136,0,4,436,0,440,0,16,560,0,576,534,0,534,1110
02/20/2020,TMB,FL,ASO,ES,Towers with Radar,1,9,99,0,109,0,2,443,0,445,1,11,542,0,554,450,0,450,1004
02/21/2020,TMB,FL,ASO,ES,Towers with Radar,0,13,74,0,87,0,1,78,0,79,0,14,152,0,166,104,0,104,270
02/22/2020,TMB,FL,ASO,ES,Towers with Radar,0,5,108,0,113,0,0,325,0,325,0,5,433,0,438,175,0,175,613
02/23/2020,TMB,FL,ASO,ES,Towers with Radar,0,15,61,0,76,0,0,305,1,306,0,15,366,1,382,227,0,227,609
02/24/2020,TMB,FL,ASO,ES,Towers with Radar,0,6,86,0,92,0,2,431,4,437,0,8,517,4,529,275,0,275,804
02/25/2020,TMB,FL,ASO,ES,Towers with Radar,0,3,111,0,114,0,10,455,0,465,0,13,566,0,579,446,0,446,1025
02/26/2020,TMB,FL,ASO,ES,Towers with Radar,0,9,71,0,80,0,1,203,0,204,0,10,274,0,284,273,0,273,557
02/27/2020,TMB,FL,ASO,ES,Towers with Radar,0,12,75,0,87,0,6,282,2,290,0,18,357,2,377,145,0,145,522
02/28/2020,TMB,FL,ASO,ES,Towers with Radar,0,15,83,0,98,0,1,324,1,326,0,16,407,1,424,153,0,153,577
02/29/2020,TMB,FL,ASO,ES,Towers with Radar,0,4,79,0,83,0,4,362,0,366,0,8,441,0,449,298,0,298,747
03/01/2020,TMB,FL,ASO,ES,Towers with Radar,0,17,55,0,72,0,2,346,0,348,0,19,401,0,420,228,0,228,648
03/02/2020,TMB,FL,ASO,ES,Towers with Radar,0,11,76,0,87,0,11,309,0,320,0,22,385,0,407,288,0,288,695
03/03/2020,TMB,FL,ASO,ES,Towers with Radar,0,9,62,0,71,0,4,325,1,330,0,13,387,1,401,392,0,392,793
03/04/2020,TMB,FL,ASO,ES,Towers with Radar,0,5,104,0,109,0,1,369,0,370,0,6,473,0,479,399,0,399,878
03/05/2020,TMB,FL,ASO,ES,Towers with Radar,0,3,81,0,84,0,1,370,0,371,0,4,451,0,455,311,0,311,766
03/06/2020,TMB,FL,ASO,ES,Towers with Radar,0,5,73,0,78,0,0,215,0,215,0,5,288,0,293,163,0,163,456
03/07/2020,TMB,FL,ASO,ES,Towers with Radar,0,5,80,0,85,0,0,249,0,249,0,5,329,0,334,177,0,177,511
03/08/2020,TMB,FL,ASO,ES,Towers with Radar,0,11,70,0,81,0,0,161,0,161,0,11,231,0,242,61,0,61,303
03/09/2020,TMB,FL,ASO,ES,Towers with Radar,0,13,62,0,75,0,1,166,0,167,0,14,228,0,242,96,0,96,338
03/10/2020,TMB,FL,ASO,ES,Towers with Radar,0,2,97,0,99,0,0,370,0,370,0,2,467,0,469,467,0,467,936
03/11/2020,TMB,FL,ASO,ES,Towers with Radar,0,9,93,0,102,0,1,428,0,429,0,10,521,0,531,540,0,540,1071
03/12/2020,TMB,FL,ASO,ES,Towers with Radar,0,5,90,0,95,0,5,389,0,394,0,10,479,0,489,561,0,561,1050
03/13/2020,TMB,FL,ASO,ES,Towers with Radar,0,17,94,0,111,0,2,402,0,404,0,19,496,0,515,477,0,477,992
03/14/2020,TMB,FL,ASO,ES,Towers with Radar,0,18,61,0,79,0,0,298,0,298,0,18,359,0,377,371,0,371,748
03/15/2020,TMB,FL,ASO,ES,Towers with Radar,0,16,85,0,101,0,0,372,0,372,0,16,457,0,473,297,0,297,770
03/16/2020,TMB,FL,ASO,ES,Towers with Radar,0,11,81,0,92,0,0,362,0,362,0,11,443,0,454,510,0,510,964
03/17/2020,TMB,FL,ASO,ES,Towers with Radar,0,8,70,0,78,0,0,343,0,343,0,8,413,0,421,531,0,531,952
03/18/2020,TMB,FL,ASO,ES,Towers with Radar,0,8,76,0,84,0,0,318,0,318,0,8,394,0,402,420,0,420,822
03/19/2020,TMB,FL,ASO,ES,Towers with Radar,0,7,82,0,89,0,0,232,0,232,0,7,314,0,321,323,0,323,644
03/20/2020,TMB,FL,ASO,ES,Towers with Radar,0,3,84,0,87,0,0,281,0,281,0,3,365,0,368,389,0,389,757
03/21/2020,TMB,FL,ASO,ES,Towers with Radar,0,8,72,0,80,0,0,242,1,243,0,8,314,1,323,358,0,358,681
03/22/2020,TMB,FL,ASO,ES,Towers with Radar,0,6,38,0,44,0,0,186,0,186,0,6,224,0,230,261,0,261,491
03/23/2020,TMB,FL,ASO,ES,Towers with Radar,0,4,52,0,56,0,0,176,0,176,0,4,228,0,232,346,0,346,578
03/24/2020,TMB,FL,ASO,ES,Towers with Radar,0,2,55,0,57,0,0,216,0,216,0,2,271,0,273,340,0,340,613
03/25/2020,TMB,FL,ASO,ES,Towers with Radar,0,1,46,0,47,0,0,153,0,153,0,1,199,0,200,454,0,454,654
03/26/2020,TMB,FL,ASO,ES,Towers with Radar,0,5,53,0,58,0,0,183,0,183,0,5,236,0,241,260,0,260,501
03/27/2020,TMB,FL,ASO,ES,Towers with Radar,0,1,43,0,44,0,0,161,0,161,0,1,204,0,205,315,0,315,520
03/28/2020,TMB,FL,ASO,ES,Towers with Radar,0,3,43,0,46,0,0,154,0,154,0,3,197,0,200,265,0,265,465
03/29/2020,TMB,FL,ASO,ES,Towers with Radar,0,3,12,0,15,0,0,140,0,140,0,3,152,0,155,126,0,126,281
03/30/2020,TMB,FL,ASO,ES,Towers with Radar,0,3,24,0,27,0,0,154,0,154,0,3,178,0,181,285,0,285,466
03/31/2020,TMB,FL,ASO,ES,Towers with Radar,0,4,29,0,33,0,0,179,0,179,0,4,208,0,212,310,0,310,522
04/01/2020,TMB,FL,ASO,ES,Towers with Radar,0,1,27,0,28,0,0,124,0,124,0,1,151,0,152,335,0,335,487
04/02/2020,TMB,FL,ASO,ES,Towers with Radar,0,4,39,0,43,0,0,202,0,202,0,4,241,0,245,422,0,422,667
04/03/2020,TMB,FL,ASO,ES,Towers with Radar,0,1,31,0,32,0,0,162,0,162,0,1,193,0,194,331,0,331,525
04/04/2020,TMB,FL,ASO,ES,Towers with Radar,0,2,27,1,30,0,0,127,3,130,0,2,154,4,160,134,0,134,294
04/05/2020,TMB,FL,ASO,ES,Towers with Radar,0,0,15,0,15,0,0,58,0,58,0,0,73,0,73,83,0,83,156
04/06/2020,TMB,FL,ASO,ES,Towers with Radar,0,0,34,0,34,0,0,83,0,83,0,0,117,0,117,166,0,166,283
04/07/2020,TMB,FL,ASO,ES,Towers with Radar,0,2,41,0,43,0,0,111,0,111,0,2,152,0,154,70,0,70,224
04/08/2020,TMB,FL,ASO,ES,Towers with Radar,0,0,31,0,31,0,0,113,0,113,0,0,144,0,144,216,0,216,360
04/09/2020,TMB,FL,ASO,ES,Towers with Radar,0,0,22,0,22,0,0,103,0,103,0,0,125,0,125,178,0,178,303
04/10/2020,TMB,FL,ASO,ES,Towers with Radar,0,2,14,0,16,0,0,107,0,107,0,2,121,0,123,222,0,222,345
04/11/2020,TMB,FL,ASO,ES,Towers with Radar,0,0,31,0,31,0,0,91,0,91,0,0,122,0,122,193,0,193,315
04/12/2020,TMB,FL,ASO,ES,Towers with Radar,0,0,12,0,12,0,0,52,0,52,0,0,64,0,64,84,0,84,148
04/13/2020,TMB,FL,ASO,ES,Towers with Radar,0,0,24,0,24,0,0,108,0,108,0,0,132,0,132,66,0,66,198
04/14/2020,TMB,FL,ASO,ES,Towers with Radar,0,1,34,0,35,0,0,133,0,133,0,1,167,0,168,182,0,182,350
04/15/2020,TMB,FL,ASO,ES,Towers with Radar,0,5,24,0,29,0,0,137,0,137,0,5,161,0,166,122,0,122,288
04/16/2020,TMB,FL,ASO,ES,Towers with Radar,0,3,31,0,34,0,0,138,0,138,0,3,169,0,172,156,0,156,328
04/17/2020,TMB,FL,ASO,ES,Towers with Radar,0,4,26,2,32,0,0,107,0,107,0,4,133,2,139,187,0,187,326
04/18/2020,TMB,FL,ASO,ES,Towers with Radar,0,0,20,0,20,0,0,97,0,97,0,0,117,0,117,113,0,113,230
04/19/2020,TMB,FL,ASO,ES,Towers with Radar,0,1,31,0,32,0,1,169,0,170,0,2,200,0,202,188,0,188,390
04/20/2020,TMB,FL,ASO,ES,Towers with Radar,0,2,14,0,16,0,1,85,0,86,0,3,99,0,102,98,0,98,200
04/21/2020,TMB,FL,ASO,ES,Towers with Radar,0,2,35,0,37,0,0,130,0,130,0,2,165,0,167,259,0,259,426
04/22/2020,TMB,FL,ASO,ES,Towers with Radar,0,0,69,0,69,0,2,218,0,220,0,2,287,0,289,328,0,328,617
04/23/2020,TMB,FL,ASO,ES,Towers with Radar,0,4,57,6,67,0,0,224,0,224,0,4,281,6,291,157,0,157,448
04/24/2020,TMB,FL,ASO,ES,Towers with Radar,0,2,31,0,33,0,0,142,0,142,0,2,173,0,175,161,0,161,336
04/25/2020,TMB,FL,ASO,ES,Towers with Radar,0,2,12,4,18,0,0,70,0,70,0,2,82,4,88,135,0,135,223
04/26/2020,TMB,FL,ASO,ES,Towers with Radar,0,4,14,0,18,0,0,68,0,68,0,4,82,0,86,156,0,156,242
04/27/2020,TMB,FL,ASO,ES,Towers with Radar,0,1,36,1,38,0,0,232,0,232,0,1,268,1,270,277,0,277,547
04/28/2020,TMB,FL,ASO,ES,Towers with Radar,0,0,52,1,53,0,0,216,1,217,0,0,268,2,270,296,0,296,566
04/29/2020,TMB,FL,ASO,ES,Towers with Radar,0,0,63,0,63,0,0,226,0,226,0,0,289,0,289,238,0,238,527
04/30/2020,TMB,FL,ASO,ES,Towers with Radar,0,2,26,0,28,0,0,93,0,93,0,2,119,0,121,155,0,155,276
05/01/2020,TMB,FL,ASO,ES,Towers with Radar,0,4,79,0,83,4,0,261,0,265,4,4,340,0,348,265,0,265,613
05/02/2020,TMB,FL,ASO,ES,Towers with Radar,0,0,56,0,56,0,0,237,0,237,0,0,293,0,293,162,0,162,455
05/03/2020,TMB,FL,ASO,ES,Towers with Radar,0,1,36,0,37,0,0,138,0,138,0,1,174,0,175,94,0,94,269
05/04/2020,TMB,FL,ASO,ES,Towers with Radar,0,3,57,0,60,0,0,193,0,193,0,3,250,0,253,321,0,321,574
05/05/2020,TMB,FL,ASO,ES,Towers with Radar,0,0,60,0,60,0,0,201,0,201,0,0,261,0,261,291,0,291,552
05/06/2020,TMB,FL,ASO,ES,Towers with Radar,0,0,48,0,48,0,0,164,0,164,0,0,212,0,212,218,0,218,430
05/07/2020,TMB,FL,ASO,ES,Towers with Radar,0,2,70,0,72,0,0,219,0,219,0,2,289,0,291,210,0,210,501
05/08/2020,TMB,FL,ASO,ES,Towers with Radar,0,1,68,0,69,0,0,255,0,255,0,1,323,0,324,322,0,322,646
05/09/2020,TMB,FL,ASO,ES,Towers with Radar,0,1,54,1,56,0,0,311,0,311,0,1,365,1,367,303,0,303,670
05/10/2020,TMB,FL,ASO,ES,Towers with Radar,0,7,11,0,18,0,0,0,0,0,0,7,11,0,18,9,0,9,27
05/11/2020,TMB,FL,ASO,ES,Towers with Radar,0,2,58,0,60,0,0,221,0,221,0,2,279,0,281,228,0,228,509
05/12/2020,TMB,FL,ASO,ES,Towers with Radar,0,2,62,0,64,0,0,224,0,224,0,2,286,0,288,163,0,163,451
05/13/2020,TMB,FL,ASO,ES,Towers with Radar,0,3,41,0,44,0,0,151,0,151,0,3,192,0,195,165,0,165,360
05/14/2020,TMB,FL,ASO,ES,Towers with Radar,0,2,29,1,32,0,0,23,0,23,0,2,52,1,55,11,0,11,66
05/15/2020,TMB,FL,ASO,ES,Towers with Radar,0,4,10,1,15,0,0,18,0,18,0,4,28,1,33,18,0,18,51
05/16/2020,TMB,FL,ASO,ES,Towers with Radar,0,8,65,0,73,0,0,188,0,188,0,8,253,0,261,165,0,165,426
05/17/2020,TMB,FL,ASO,ES,Towers with Radar,0,6,42,0,48,0,0,137,0,137,0,6,179,0,185,133,0,133,318
05/18/2020,TMB,FL,ASO,ES,Towers with Radar,0,8,68,0,76,0,0,131,0,131,0,8,199,0,207,124,0,124,331
05/19/2020,TMB,FL,ASO,ES,Towers with Radar,0,6,27,0,33,0,0,94,0,94,0,6,121,0,127,161,0,161,288
05/20/2020,TMB,FL,ASO,ES,Towers with Radar,0,8,67,0,75,0,0,239,0,239,0,8,306,0,314,314,0,314,628
05/21/2020,TMB,FL,ASO,ES,Towers with Radar,0,4,71,0,75,0,0,180,0,180,0,4,251,0,255,238,0,238,493
05/22/2020,TMB,FL,ASO,ES,Towers with Radar,0,6,69,0,75,0,0,249,0,249,0,6,318,0,324,364,0,364,688
05/23/2020,TMB,FL,ASO,ES,Towers with Radar,0,6,42,0,48,0,0,163,0,163,0,6,205,0,211,241,0,241,452
05/24/2020,TMB,FL,ASO,ES,Towers with Radar,0,7,10,0,17,0,0,6,0,6,0,7,16,0,23,2,0,2,25
05/25/2020,TMB,FL,ASO,ES,Towers with Radar,0,2,12,0,14,0,0,11,0,11,0,2,23,0,25,0,0,0,25
05/26/2020,TMB,FL,ASO,ES,Towers with Radar,0,5,19,0,24,0,0,81,0,81,0,5,100,0,105,111,0,111,216
05/27/2020,TMB,FL,ASO,ES,Towers with Radar,0,4,41,0,45,0,0,218,0,218,0,4,259,0,263,265,0,265,528
05/28/2020,TMB,FL,ASO,ES,Towers with Radar,0,4,104,2,110,0,0,382,0,382,0,4,486,2,492,328,0,328,820
05/29/2020,TMB,FL,ASO,ES,Towers with Radar,0,3,71,4,78,0,1,314,0,315,0,4,385,4,393,365,0,365,758
05/30/2020,TMB,FL,ASO,ES,Towers with Radar,0,2,66,0,68,0,0,349,0,349,0,2,415,0,417,314,0,314,731
05/31/2020,TMB,FL,ASO,ES,Towers with Radar,0,9,42,0,51,0,0,216,0,216,0,9,258,0,267,156,0,156,423
06/01/2020,TMB,FL,ASO,ES,Towers with Radar,0,3,72,1,76,0,1,288,0,289,0,4,360,1,365,321,0,321,686
06/02/2020,TMB,FL,ASO,ES,Towers with Radar,0,6,69,1,76,0,0,158,0,158,0,6,227,1,234,251,0,251,485
06/03/2020,TMB,FL,ASO,ES,Towers with Radar,0,5,52,0,57,0,1,74,0,75,0,6,126,0,132,117,0,117,249
06/04/2020,TMB,FL,ASO,ES,Towers with Radar,0,5,31,0,36,0,0,55,0,55,0,5,86,0,91,110,0,110,201
06/05/2020,TMB,FL,ASO,ES,Towers with Radar,0,2,66,0,68,0,0,130,0,130,0,2,196,0,198,159,0,159,357
06/06/2020,TMB,FL,ASO,ES,Towers with Radar,0,4,62,0,66,0,0,37,0,37,0,4,99,0,103,0,0,0,103
06/07/2020,TMB,FL,ASO,ES,Towers with Radar,0,4,32,0,36,0,0,189,0,189,0,4,221,0,225,135,0,135,360
06/08/2020,TMB,FL,ASO,ES,Towers with Radar,0,8,45,0,53,0,0,180,0,180,0,8,225,0,233,228,0,228,461
06/09/2020,TMB,FL,ASO,ES,Towers with Radar,0,1,83,0,84,0,0,329,2,331,0,1,412,2,415,387,0,387,802
06/10/2020,TMB,FL,ASO,ES,Towers with Radar,0,8,66,0,74,0,0,298,0,298,0,8,364,0,372,391,0,391,763
06/11/2020,TMB,FL,ASO,ES,Towers with Radar,0,6,56,0,62,0,0,213,0,213,0,6,269,0,275,283,0,283,558
06/12/2020,TMB,FL,ASO,ES,Towers with Radar,0,3,85,0,88,0,0,352,2,354,0,3,437,2,442,375,0,375,817
06/13/2020,TMB,FL,ASO,ES,Towers with Radar,0,4,79,0,83,0,0,319,0,319,0,4,398,0,402,297,0,297,699
06/14/2020,TMB,FL,ASO,ES,Towers with Radar,0,1,59,0,60,0,1,106,0,107,0,2,165,0,167,104,0,104,271
06/15/2020,TMB,FL,ASO,ES,Towers with Radar,0,5,43,1,49,0,0,142,0,142,0,5,185,1,191,257,0,257,448
06/16/2020,TMB,FL,ASO,ES,Towers with Radar,0,3,90,0,93,0,0,317,0,317,0,3,407,0,410,350,0,350,760
06/17/2020,TMB,FL,ASO,ES,Towers with Radar,0,6,38,0,44,0,0,106,0,106,0,6,144,0,150,144,0,144,294
06/18/2020,TMB,FL,ASO,ES,Towers with Radar,0,9,39,0,48,0,0,78,0,78,0,9,117,0,126,126,0,126,252
06/19/2020,TMB,FL,ASO,ES,Towers with Radar,0,1,71,0,72,0,0,135,0,135,0,1,206,0,207,236,0,236,443
06/20/2020,TMB,FL,ASO,ES,Towers with Radar,0,1,64,0,65,0,0,200,0,200,0,1,264,0,265,285,0,285,550
06/21/2020,TMB,FL,ASO,ES,Towers with Radar,0,3,56,0,59,0,0,116,0,116,0,3,172,0,175,71,0,71,246
06/22/2020,TMB,FL,ASO,ES,Towers with Radar,0,2,94,2,98,0,0,377,4,381,0,2,471,6,479,471,0,471,950
06/23/2020,TMB,FL,ASO,ES,Towers with Radar,0,0,75,0,75,0,2,350,0,352,0,2,425,0,427,492,0,492,919
06/24/2020,TMB,FL,ASO,ES,Towers with Radar,0,1,87,0,88,0,0,314,0,314,0,1,401,0,402,402,0,402,804
06/25/2020,TMB,FL,ASO,ES,Towers with Radar,0,6,78,4,88,0,3,347,2,352,0,9,425,6,440,374,0,374,814
06/26/2020,TMB,FL,ASO,ES,Towers with Radar,0,4,74,2,80,0,5,361,0,366,0,9,435,2,446,385,0,385,831
06/27/2020,TMB,FL,ASO,ES,Towers with Radar,0,7,70,1,78,0,0,274,0,274,0,7,344,1,352,344,0,344,696
06/28/2020,TMB,FL,ASO,ES,Towers with Radar,0,8,74,0,82,0,0,175,0,175,0,8,249,0,257,151,0,151,408
06/29/2020,TMB,FL,ASO,ES,Towers with Radar,0,6,55,0,61,0,1,179,0,180,0,7,234,0,241,359,0,359,600
06/30/2020,TMB,FL,ASO,ES,Towers with Radar,0,5,65,0,70,0,0,272,0,272,0,5,337,0,342,464,0,464,806
07/01/2020,TMB,FL,ASO,ES,Towers with Radar,0,4,68,0,72,0,0,270,0,270,0,4,338,0,342,314,0,314,656
07/02/2020,TMB,FL,ASO,ES,Towers with Radar,0,9,96,4,109,0,0,276,0,276,0,9,372,4,385,345,0,345,730
07/03/2020,TMB,FL,ASO,ES,Towers with Radar,0,8,76,2,86,0,0,246,0,246,0,8,322,2,332,255,0,255,587
07/04/2020,TMB,FL,ASO,ES,Towers with Radar,0,4,37,0,41,0,0,193,0,193,0,4,230,0,234,253,0,253,487
07/05/2020,TMB,FL,ASO,ES,Towers with Radar,0,7,37,0,44,0,1,61,0,62,0,8,98,0,106,53,0,53,159
07/06/2020,TMB,FL,ASO,ES,Towers with Radar,0,8,77,3,88,0,2,169,0,171,0,10,246,3,259,154,0,154,413
07/07/2020,TMB,FL,ASO,ES,Towers with Radar,0,5,78,0,83,0,0,228,0,228,0,5,306,0,311,198,0,198,509
07/08/2020,TMB,FL,ASO,ES,Towers with Radar,0,9,89,4,102,0,0,237,0,237,0,9,326,4,339,311,0,311,650
07/09/2020,TMB,FL,ASO,ES,Towers with Radar,0,10,56,0,66,0,1,228,0,229,0,11,284,0,295,186,0,186,481
07/10/2020,TMB,FL,ASO,ES,Towers with Radar,0,6,33,0,39,0,0,80,0,80,0,6,113,0,119,71,0,71,190
07/11/2020,TMB,FL,ASO,ES,Towers with Radar,0,11,30,2,43,0,1,112,0,113,0,12,142,2,156,107,0,107,263
07/12/2020,TMB,FL,ASO,ES,Towers with Radar,0,5,29,0,34,0,0,141,0,141,0,5,170,0,175,103,0,103,278
07/13/2020,TMB,FL,ASO,ES,Towers with Radar,0,5,44,0,49,0,0,145,0,145,0,5,189,0,194,205,0,205,399
07/14/2020,TMB,FL,ASO,ES,Towers with Radar,0,8,45,0,53,0,0,191,0,191,0,8,236,0,244,289,0,289,533
07/15/2020,TMB,FL,ASO,ES,Towers with Radar,0,8,48,1,57,0,1,195,0,196,0,9,243,1,253,199,0,199,452
07/16/2020,TMB,FL,ASO,ES,Towers with Radar,0,5,57,2,64,0,6,216,1,223,0,11,273,3,287,362,0,362,649
07/17/2020,TMB,FL,ASO,ES,Towers with Radar,0,3,40,0,43,0,0,126,0,126,0,3,166,0,169,107,0,107,276
07/18/2020,TMB,FL,ASO,ES,Towers with Radar,0,5,28,0,33,0,0,52,0,52,0,5,80,0,85,43,0,43,128
07/19/2020,TMB,FL,ASO,ES,Towers with Radar,0,0,41,0,41,0,0,138,0,138,0,0,179,0,179,121,0,121,300
07/20/2020,TMB,FL,ASO,ES,Towers with Radar,0,5,66,0,71,0,3,187,0,190,0,8,253,0,261,191,0,191,452
07/21/2020,TMB,FL,ASO,ES,Towers with Radar,0,6,32,0,38,0,0,93,0,93,0,6,125,0,131,143,0,143,274
07/22/2020,TMB,FL,ASO,ES,Towers with Radar,0,4,33,0,37,0,0,89,0,89,0,4,122,0,126,94,0,94,220
07/23/2020,TMB,FL,ASO,ES,Towers with Radar,0,4,31,0,35,0,0,133,0,133,0,4,164,0,168,265,0,265,433
07/24/2020,TMB,FL,ASO,ES,Towers with Radar,0,6,86,0,92,0,0,268,0,268,0,6,354,0,360,363,0,363,723
07/25/2020,TMB,FL,ASO,ES,Towers with Radar,0,6,63,0,69,0,0,187,0,187,0,6,250,0,256,181,0,181,437
07/26/2020,TMB,FL,ASO,ES,Towers with Radar,0,5,59,0,64,0,2,185,0,187,0,7,244,0,251,144,0,144,395
07/27/2020,TMB,FL,ASO,ES,Towers with Radar,0,7,77,2,86,0,1,237,2,240,0,8,314,4,326,217,0,217,543
07/28/2020,TMB,FL,ASO,ES,Towers with Radar,0,5,81,0,86,0,0,204,0,204,0,5,285,0,290,381,0,381,671
07/29/2020,TMB,FL,ASO,ES,Towers with Radar,0,3,69,6,78,0,2,276,6,284,0,5,345,12,362,294,0,294,656
07/30/2020,TMB,FL,ASO,ES,Towers with Radar,0,5,72,0,77,0,1,288,0,289,0,6,360,0,366,356,0,356,722
07/31/2020,TMB,FL,ASO,ES,Towers with Radar,0,8,54,0,62,0,4,213,0,217,0,12,267,0,279,168,0,168,447
08/01/2020,TMB,FL,ASO,ES,Towers with Radar,0,2,6,0,8,0,0,4,0,4,0,2,10,0,12,0,0,0,12
08/02/2020,TMB,FL,ASO,ES,Towers with Radar,0,9,16,0,25,0,0,17,0,17,0,9,33,0,42,1,0,1,43
08/03/2020,TMB,FL,ASO,ES,Towers with Radar,0,9,27,0,36,0,0,108,0,108,0,9,135,0,144,178,0,178,322
08/04/2020,TMB,FL,ASO,ES,Towers with Radar,0,4,45,0,49,0,2,161,0,163,0,6,206,0,212,157,0,157,369
08/05/2020,TMB,FL,ASO,ES,Towers with Radar,0,4,48,0,52,0,0,169,0,169,0,4,217,0,221,324,0,324,545
08/06/2020,TMB,FL,ASO,ES,Towers with Radar,0,5,58,0,63,0,6,233,0,239,0,11,291,0,302,192,0,192,494
08/07/2020,TMB,FL,ASO,ES,Towers with Radar,0,3,58,0,61,0,0,224,0,224,0,3,282,0,285,293,0,293,578
08/08/2020,TMB,FL,ASO,ES,Towers with Radar,0,5,48,0,53,0,0,204,0,204,0,5,252,0,257,279,0,279,536
08/09/2020,TMB,FL,ASO,ES,Towers with Radar,0,1,39,0,40,0,0,141,0,141,0,1,180,0,181,132,0,132,313
08/10/2020,TMB,FL,ASO,ES,Towers with Radar,0,14,68,0,82,0,0,195,0,195,0,14,263,0,277,289,0,289,566
08/11/2020,TMB,FL,ASO,ES,Towers with Radar,0,1,77,0,78,0,0,269,0,269,0,1,346,0,347,412,0,412,759
08/12/2020,TMB,FL,ASO,ES,Towers with Radar,0,2,73,0,75,0,0,250,0,250,0,2,323,0,325,305,0,305,630
08/13/2020,TMB,FL,ASO,ES,Towers with Radar,0,5,98,0,103,0,1,263,0,264,0,6,361,0,367,440,0,440,807
08/14/2020,TMB,FL,ASO,ES,Towers with Radar,0,5,71,0,76,0,3,250,2,255,0,8,321,2,331,281,0,281,612
08/15/2020,TMB,FL,ASO,ES,Towers with Radar,0,6,34,0,40,0,0,136,0,136,0,6,170,0,176,149,0,149,325
08/16/2020,TMB,FL,ASO,ES,Towers with Radar,0,3,43,0,46,0,0,180,0,180,0,3,223,0,226,65,0,65,291
08/17/2020,TMB,FL,ASO,ES,Towers with Radar,0,2,50,0,52,0,0,214,0,214,0,2,264,0,266,341,0,341,607
08/18/2020,TMB,FL,ASO,ES,Towers with Radar,0,4,55,0,59,0,0,217,0,217,0,4,272,0,276,354,0,354,630
08/19/2020,TMB,FL,ASO,ES,Towers with Radar,0,4,50,0,54,0,0,91,0,91,0,4,141,0,145,194,0,194,339
08/20/2020,TMB,FL,ASO,ES,Towers with Radar,0,8,40,0,48,0,0,117,0,117,0,8,157,0,165,157,0,157,322
08/21/2020,TMB,FL,ASO,ES,Towers with Radar,0,3,82,0,85,0,0,294,1,295,0,3,376,1,380,275,0,275,655
08/22/2020,TMB,FL,ASO,ES,Towers with Radar,0,2,25,0,27,0,0,213,0,213,0,2,238,0,240,92,0,92,332
08/23/2020,TMB,FL,ASO,ES,Towers with Radar,0,1,27,0,28,0,0,94,0,94,0,1,121,0,122,21,0,21,143
08/24/2020,TMB,FL,ASO,ES,Towers with Radar,0,1,15,0,16,0,0,29,0,29,0,1,44,0,45,0,0,0,45
08/25/2020,TMB,FL,ASO,ES,Towers with Radar,0,4,41,0,45,0,0,209,0,209,0,4,250,0,254,301,0,301,555
08/26/2020,TMB,FL,ASO,ES,Towers with Radar,0,3,77,0,80,0,0,258,0,258,0,3,335,0,338,333,0,333,671
08/27/2020,TMB,FL,ASO,ES,Towers with Radar,0,3,56,0,59,0,2,238,0,240,0,5,294,0,299,185,0,185,484
08/28/2020,TMB,FL,ASO,ES,Towers with Radar,0,7,54,0,61,0,1,222,0,223,0,8,276,0,284,338,0,338,622
08/29/2020,TMB,FL,ASO,ES,Towers with Radar,0,5,63,0,68,0,0,230,0,230,0,5,293,0,298,291,0,291,589
08/30/2020,TMB,FL,ASO,ES,Towers with Radar,0,5,28,0,33,0,0,97,0,97,0,5,125,0,130,69,0,69,199
08/31/2020,TMB,FL,ASO,ES,Towers with Radar,0,4,44,0,48,0,0,152,0,152,0,4,196,0,200,245,0,245,445
09/01/2020,TMB,FL,ASO,ES,Towers with Radar,0,2,66,0,68,0,2,267,1,270,0,4,333,1,338,337,0,337,675
09/02/2020,TMB,FL,ASO,ES,Towers with Radar,0,7,77,0,84,0,0,284,0,284,0,7,361,0,368,460,0,460,828
09/03/2020,TMB,FL,ASO,ES,Towers with Radar,0,5,90,0,95,0,1,276,1,278,0,6,366,1,373,384,0,384,757
09/04/2020,TMB,FL,ASO,ES,Towers with Radar,0,4,81,0,85,0,0,288,0,288,0,4,369,0,373,343,0,343,716
09/05/2020,TMB,FL,ASO,ES,Towers with Radar,0,2,55,0,57,0,0,209,0,209,0,2,264,0,266,213,0,213,479
09/06/2020,TMB,FL,ASO,ES,Towers with Radar,0,2,16,0,18,0,0,99,0,99,0,2,115,0,117,71,0,71,188
09/07/2020,TMB,FL,ASO,ES,Towers with Radar,0,14,67,0,81,0,2,118,0,120,0,16,185,0,201,170,0,170,371
09/08/2020,TMB,FL,ASO,ES,Towers with Radar,0,5,61,0,66,0,0,153,0,153,0,5,214,0,219,252,0,252,471
09/09/2020,TMB,FL,ASO,ES,Towers with Radar,0,3,58,0,61,0,0,156,0,156,0,3,214,0,217,162,0,162,379
09/10/2020,TMB,FL,ASO,ES,Towers with Radar,0,1,70,0,71,0,0,163,0,163,0,1,233,0,234,184,0,184,418
09/11/2020,TMB,FL,ASO,ES,Towers with Radar,0,6,66,0,72,0,6,209,0,215,0,12,275,0,287,304,0,304,591
09/12/2020,TMB,FL,ASO,ES,Towers with Radar,0,3,13,0,16,0,0,6,0,6,0,3,19,0,22,0,0,0,22
09/13/2020,TMB,FL,ASO,ES,Towers with Radar,0,7,38,0,45,0,0,73,0,73,0,7,111,0,118,76,0,76,194
09/14/2020,TMB,FL,ASO,ES,Towers with Radar,0,6,88,1,95,0,0,298,0,298,0,6,386,1,393,378,0,378,771
09/15/2020,TMB,FL,ASO,ES,Towers with Radar,0,2,95,0,97,0,1,299,0,300,0,3,394,0,397,371,0,371,768
09/16/2020,TMB,FL,ASO,ES,Towers with Radar,0,5,100,0,105,0,0,273,0,273,0,5,373,0,378,223,0,223,601
09/17/2020,TMB,FL,ASO,ES,Towers with Radar,0,5,77,0,82,0,3,264,0,267,0,8,341,0,349,196,0,196,545
09/18/2020,TMB,FL,ASO,ES,Towers with Radar,0,5,55,0,60,0,3,261,0,264,0,8,316,0,324,365,0,365,689
09/19/2020,TMB,FL,ASO,ES,Towers with Radar,0,4,70,0,74,0,2,226,0,228,0,6,296,0,302,218,0,218,520
09/20/2020,TMB,FL,ASO,ES,Towers with Radar,0,1,43,0,44,0,0,174,0,174,0,1,217,0,218,50,0,50,268
09/21/2020,TMB,FL,ASO,ES,Towers with Radar,0,0,24,0,24,0,0,42,0,42,0,0,66,0,66,10,0,10,76
09/22/2020,TMB,FL,ASO,ES,Towers with Radar,0,5,62,0,67,0,0,242,0,242,0,5,304,0,309,223,0,223,532
09/23/2020,TMB,FL,ASO,ES,Towers with Radar,0,11,82,0,93,0,0,239,0,239,0,11,321,0,332,273,0,273,605
09/24/2020,TMB,FL,ASO,ES,Towers with Radar,0,3,39,0,42,0,0,105,0,105,0,3,144,0,147,83,0,83,230
09/25/2020,TMB,FL,ASO,ES,Towers with Radar,0,15,37,0,52,0,2,53,0,55,0,17,90,0,107,17,0,17,124
09/26/2020,TMB,FL,ASO,ES,Towers with Radar,0,5,53,0,58,0,3,215,0,218,0,8,268,0,276,149,0,149,425
09/27/2020,TMB,FL,ASO,ES,Towers with Radar,0,9,44,0,53,0,0,175,0,175,0,9,219,0,228,101,0,101,329
09/28/2020,TMB,FL,ASO,ES,Towers with Radar,0,7,54,0,61,0,0,134,0,134,0,7,188,0,195,161,0,161,356
09/29/2020,TMB,FL,ASO,ES,Towers with Radar,0,3,94,0,97,0,3,265,0,268,0,6,359,0,365,309,0,309,674
09/30/2020,TMB,FL,ASO,ES,Towers with Radar,0,5,73,0,78,0,0,221,0,221,0,5,294,0,299,351,0,351,650
10/01/2020,TMB,FL,ASO,ES,Towers with Radar,0,11,49,0,60,0,1,131,0,132,0,12,180,0,192,204,0,204,396
10/02/2020,TMB,FL,ASO,ES,Towers with Radar,0,7,38,0,45,0,1,134,0,135,0,8,172,0,180,232,0,232,412
10/03/2020,TMB,FL,ASO,ES,Towers with Radar,0,3,34,0,37,0,0,42,0,42,0,3,76,0,79,48,0,48,127
10/04/2020,TMB,FL,ASO,ES,Towers with Radar,0,9,44,0,53,0,1,133,0,134,0,10,177,0,187,85,0,85,272
10/05/2020,TMB,FL,ASO,ES,Towers with Radar,0,6,61,0,67,0,0,198,0,198,0,6,259,0,265,223,0,223,488
10/06/2020,TMB,FL,ASO,ES,Towers with Radar,2,7,48,0,57,0,1,170,0,171,2,8,218,0,228,232,0,232,460
10/07/2020,TMB,FL,ASO,ES,Towers with Radar,0,7,57,0,64,0,0,244,0,244,0,7,301,0,308,196,0,196,504
10/08/2020,TMB,FL,ASO,ES,Towers with Radar,0,3,60,0,63,0,2,260,0,262,0,5,320,0,325,320,0,320,645
10/09/2020,TMB,FL,ASO,ES,Towers with Radar,0,10,65,0,75,0,3,209,0,212,0,13,274,0,287,236,0,236,523
10/10/2020,TMB,FL,ASO,ES,Towers with Radar,0,1,28,0,29,0,0,166,0,166,0,1,194,0,195,110,0,110,305
10/11/2020,TMB,FL,ASO,ES,Towers with Radar,0,3,31,0,34,0,0,134,0,134,0,3,165,0,168,100,0,100,268
10/12/2020,TMB,FL,ASO,ES,Towers with Radar,0,12,39,0,51,0,2,207,0,209,0,14,246,0,260,257,0,257,517
10/13/2020,TMB,FL,ASO,ES,Towers with Radar,0,3,54,0,57,0,4,220,0,224,0,7,274,0,281,363,0,363,644
10/14/2020,TMB,FL,ASO,ES,Towers with Radar,0,3,62,0,65,0,2,215,0,217,0,5,277,0,282,334,0,334,616
10/15/2020,TMB,FL,ASO,ES,Towers with Radar,0,17,45,0,62,0,2,182,0,184,0,19,227,0,246,193,0,193,439
10/16/2020,TMB,FL,ASO,ES,Towers with Radar,0,12,31,0,43,0,0,30,0,30,0,12,61,0,73,6,0,6,79
10/17/2020,TMB,FL,ASO,ES,Towers with Radar,0,11,55,0,66,0,3,186,0,189,0,14,241,0,255,165,0,165,420
10/18/2020,TMB,FL,ASO,ES,Towers with Radar,0,7,40,0,47,0,0,102,0,102,0,7,142,0,149,33,0,33,182
10/19/2020,TMB,FL,ASO,ES,Towers with Radar,0,15,39,0,54,0,2,77,0,79,0,17,116,0,133,132,0,132,265
10/20/2020,TMB,FL,ASO,ES,Towers with Radar,0,3,35,0,38,0,0,62,0,62,0,3,97,0,100,166,0,166,266
10/21/2020,TMB,FL,ASO,ES,Towers with Radar,0,12,30,0,42,0,0,8,0,8,0,12,38,0,50,0,0,0,50
10/22/2020,TMB,FL,ASO,ES,Towers with Radar,0,12,69,0,81,0,0,202,0,202,0,12,271,0,283,331,0,331,614
10/23/2020,TMB,FL,ASO,ES,Towers with Radar,0,9,66,0,75,0,0,328,0,328,0,9,394,0,403,326,0,326,729
10/24/2020,TMB,FL,ASO,ES,Towers with Radar,0,8,43,0,51,0,3,173,0,176,0,11,216,0,227,129,0,129,356
10/25/2020,TMB,FL,ASO,ES,Towers with Radar,0,13,41,0,54,0,0,47,0,47,0,13,88,0,101,24,0,24,125
10/26/2020,TMB,FL,ASO,ES,Towers with Radar,0,6,76,0,82,0,1,177,0,178,0,7,253,0,260,267,0,267,527
10/27/2020,TMB,FL,ASO,ES,Towers with Radar,0,7,63,0,70,0,3,247,0,250,0,10,310,0,320,308,0,308,628
10/28/2020,TMB,FL,ASO,ES,Towers with Radar,0,10,55,0,65,0,2,227,1,230,0,12,282,1,295,251,0,251,546
10/29/2020,TMB,FL,ASO,ES,Towers with Radar,0,10,72,0,82,0,0,134,0,134,0,10,206,0,216,116,0,116,332
10/30/2020,TMB,FL,ASO,ES,Towers with Radar,0,9,62,0,71,0,2,200,0,202,0,11,262,0,273,229,0,229,502
10/31/2020,TMB,FL,ASO,ES,Towers with Radar,0,8,66,0,74,0,0,233,0,233,0,8,299,0,307,345,0,345,652
11/01/2020,TMB,FL,ASO,ES,Towers with Radar,0,11,46,0,57,0,0,106,0,106,0,11,152,0,163,179,0,179,342
11/02/2020,TMB,FL,ASO,ES,Towers with Radar,0,7,27,0,34,0,0,41,0,41,0,7,68,0,75,15,0,15,90
11/03/2020,TMB,FL,ASO,ES,Towers with Radar,0,5,52,0,57,0,3,117,0,120,0,8,169,0,177,123,0,123,300
11/04/2020,TMB,FL,ASO,ES,Towers with Radar,0,7,37,0,44,0,1,116,0,117,0,8,153,0,161,79,0,79,240
11/05/2020,TMB,FL,ASO,ES,Towers with Radar,0,9,34,0,43,0,0,55,0,55,0,9,89,0,98,63,0,63,161
11/06/2020,TMB,FL,ASO,ES,Towers with Radar,0,11,53,0,64,0,0,127,0,127,0,11,180,0,191,124,0,124,315
11/07/2020,TMB,FL,ASO,ES,Towers with Radar,0,9,39,0,48,0,0,57,0,57,0,9,96,0,105,71,0,71,176
11/08/2020,TMB,FL,ASO,ES,Towers with Radar,0,10,16,0,26,0,0,0,0,0,0,10,16,0,26,0,0,0,26
11/09/2020,TMB,FL,ASO,ES,Towers with Radar,0,2,5,0,7,0,0,21,0,21,0,2,26,0,28,0,0,0,28
11/10/2020,TMB,FL,ASO,ES,Towers with Radar,0,2,33,0,35,0,0,38,0,38,0,2,71,0,73,54,0,54,127
11/11/2020,TMB,FL,ASO,ES,Towers with Radar,0,5,27,0,32,0,0,58,0,58,0,5,85,0,90,10,0,10,100
11/12/2020,TMB,FL,ASO,ES,Towers with Radar,0,13,37,0,50,0,0,124,1,125,0,13,161,1,175,154,0,154,329
11/13/2020,TMB,FL,ASO,ES,Towers with Radar,0,9,90,0,99,0,0,160,0,160,0,9,250,0,259,186,0,186,445
11/14/2020,TMB,FL,ASO,ES,Towers with Radar,0,4,67,0,71,0,0,192,0,192,0,4,259,0,263,248,0,248,511
11/15/2020,TMB,FL,ASO,ES,Towers with Radar,0,13,49,0,62,0,0,186,0,186,0,13,235,0,248,164,0,164,412
11/16/2020,TMB,FL,ASO,ES,Towers with Radar,0,8,50,0,58,0,0,265,0,265,0,8,315,0,323,218,0,218,541
11/17/2020,TMB,FL,ASO,ES,Towers with Radar,0,8,58,0,66,0,0,167,0,167,0,8,225,0,233,178,0,178,411
11/18/2020,TMB,FL,ASO,ES,Towers with Radar,0,9,57,0,66,0,0,120,0,120,0,9,177,0,186,70,0,70,256
11/19/2020,TMB,FL,ASO,ES,Towers with Radar,0,5,46,0,51,0,0,92,0,92,0,5,138,0,143,74,0,74,217
11/20/2020,TMB,FL,ASO,ES,Towers with Radar,0,15,71,0,86,0,1,164,0,165,0,16,235,0,251,100,0,100,351
11/21/2020,TMB,FL,ASO,ES,Towers with Radar,0,17,74,0,91,0,0,253,0,253,0,17,327,0,344,250,0,250,594
11/22/2020,TMB,FL,ASO,ES,Towers with Radar,0,12,67,0,79,0,0,95,0,95,0,12,162,0,174,51,0,51,225
11/23/2020,TMB,FL,ASO,ES,Towers with Radar,0,19,49,0,68,0,0,268,0,268,0,19,317,0,336,208,0,208,544
11/24/2020,TMB,FL,ASO,ES,Towers with Radar,0,4,85,0,89,0,3,229,0,232,0,7,314,0,321,214,0,214,535
11/25/2020,TMB,FL,ASO,ES,Towers with Radar,0,9,69,0,78,0,2,153,0,155,0,11,222,0,233,159,0,159,392
11/26/2020,TMB,FL,ASO,ES,Towers with Radar,0,8,38,0,46,0,0,149,0,149,0,8,187,0,195,190,0,190,385
11/27/2020,TMB,FL,ASO,ES,Towers with Radar,0,5,75,0,80,0,0,198,2,200,0,5,273,2,280,222,0,222,502
11/28/2020,TMB,FL,ASO,ES,Towers with Radar,0,15,36,0,51,0,1,177,0,178,0,16,213,0,229,256,0,256,485
11/29/2020,TMB,FL,ASO,ES,Towers with Radar,0,20,71,0,91,0,1,185,0,186,0,21,256,0,277,161,0,161,438
11/30/2020,TMB,FL,ASO,ES,Towers with Radar,0,10,55,0,65,0,2,119,0,121,0,12,174,0,186,125,0,125,311
12/01/2020,TMB,FL,ASO,ES,Towers with Radar,0,14,40,0,54,0,2,221,0,223,0,16,261,0,277,168,0,168,445
12/02/2020,TMB,FL,ASO,ES,Towers with Radar,0,6,53,2,61,0,0,227,0,227,0,6,280,2,288,95,0,95,383
12/03/2020,TMB,FL,ASO,ES,Towers with Radar,0,6,58,0,64,0,0,222,1,223,0,6,280,1,287,261,0,261,548
12/04/2020,TMB,FL,ASO,ES,Towers with Radar,0,9,71,0,80,0,3,206,0,209,0,12,277,0,289,306,0,306,595
12/05/2020,TMB,FL,ASO,ES,Towers with Radar,0,7,48,0,55,0,3,227,0,230,0,10,275,0,285,390,0,390,675
12/06/2020,TMB,FL,ASO,ES,Towers with Radar,0,10,45,0,55,0,0,168,0,168,0,10,213,0,223,173,0,173,396
12/07/2020,TMB,FL,ASO,ES,Towers with Radar,0,11,38,0,49,0,2,89,0,91,0,13,127,0,140,95,0,95,235
12/08/2020,TMB,FL,ASO,ES,Towers with Radar,0,7,48,0,55,0,0,217,0,217,0,7,265,0,272,210,0,210,482
12/09/2020,TMB,FL,ASO,ES,Towers with Radar,0,2,57,0,59,0,3,263,0,266,0,5,320,0,325,183,0,183,508
12/10/2020,TMB,FL,ASO,ES,Towers with Radar,0,9,66,0,75,0,1,250,0,251,0,10,316,0,326,347,0,347,673
12/11/2020,TMB,FL,ASO,ES,Towers with Radar,0,5,90,0,95,0,2,245,0,247,0,7,335,0,342,345,0,345,687
12/12/2020,TMB,FL,ASO,ES,Towers with Radar,0,3,61,0,64,0,0,146,0,146,0,3,207,0,210,307,0,307,517
12/13/2020,TMB,FL,ASO,ES,Towers with Radar,0,2,48,0,50,0,0,227,0,227,0,2,275,0,277,135,0,135,412
12/14/2020,TMB,FL,ASO,ES,Towers with Radar,0,5,45,2,52,0,0,158,0,158,0,5,203,2,210,401,0,401,611
12/15/2020,TMB,FL,ASO,ES,Towers with Radar,0,11,67,0,78,0,4,198,0,202,0,15,265,0,280,272,0,272,552
12/16/2020,TMB,FL,ASO,ES,Towers with Radar,0,11,64,2,77,0,0,233,0,233,0,11,297,2,310,309,0,309,619
12/17/2020,TMB,FL,ASO,ES,Towers with Radar,0,5,54,0,59,0,1,138,0,139,0,6,192,0,198,286,0,286,484
12/18/2020,TMB,FL,ASO,ES,Towers with Radar,1,17,48,0,66,0,1,209,1,211,1,18,257,1,277,201,0,201,478
12/19/2020,TMB,FL,ASO,ES,Towers with Radar,1,20,89,0,110,0,0,309,0,309,1,20,398,0,419,362,0,362,781
12/20/2020,TMB,FL,ASO,ES,Towers with Radar,0,15,39,0,54,0,0,189,0,189,0,15,228,0,243,110,0,110,353
12/21/2020,TMB,FL,ASO,ES,Towers with Radar,0,13,49,0,62,0,0,173,0,173,0,13,222,0,235,233,0,233,468
12/22/2020,TMB,FL,ASO,ES,Towers with Radar,0,12,52,0,64,0,3,282,0,285,0,15,334,0,349,170,0,170,519
12/23/2020,TMB,FL,ASO,ES,Towers with Radar,0,11,54,0,65,0,0,99,0,99,0,11,153,0,164,113,0,113,277
12/24/2020,TMB,FL,ASO,ES,Towers with Radar,0,11,15,0,26,0,0,86,0,86,0,11,101,0,112,85,0,85,197
12/25/2020,TMB,FL,ASO,ES,Towers with Radar,0,16,16,0,32,0,1,39,0,40,0,17,55,0,72,1,0,1,73
12/26/2020,TMB,FL,ASO,ES,Towers with Radar,0,25,66,0,91,0,1,214,0,215,0,26,280,0,306,80,0,80,386
12/27/2020,TMB,FL,ASO,ES,Towers with Radar,0,35,65,0,100,0,1,105,0,106,0,36,170,0,206,56,0,56,262
12/28/2020,TMB,FL,ASO,ES,Towers with Radar,0,13,58,0,71,0,1,169,0,170,0,14,227,0,241,223,0,223,464
12/29/2020,TMB,FL,ASO,ES,Towers with Radar,0,11,43,0,54,0,0,211,0,211,0,11,254,0,265,205,0,205,470
12/30/2020,TMB,FL,ASO,ES,Towers with Radar,0,9,52,0,61,0,0,127,0,127,0,9,179,0,188,93,0,93,281
12/31/2020,TMB,FL,ASO,ES,Towers with Radar,0,4,32,0,36,0,0,109,0,109,0,4,141,0,145,63,0,63,208
01/01/2021,TMB,FL,ASO,ES,Towers with Radar,0,9,25,0,34,0,5,49,0,54,0,14,74,0,88,1,0,1,89
01/02/2021,TMB,FL,ASO,ES,Towers with Radar,0,26,61,0,87,0,0,176,0,176,0,26,237,0,263,88,0,88,351
01/03/2021,TMB,FL,ASO,ES,Towers with Radar,0,31,76,0,107,0,1,132,0,133,0,32,208,0,240,20,0,20,260
01/04/2021,TMB,FL,ASO,ES,Towers with Radar,0,20,59,0,79,0,3,151,0,154,0,23,210,0,233,204,0,204,437
01/05/2021,TMB,FL,ASO,ES,Towers with Radar,0,22,52,0,74,0,0,161,0,161,0,22,213,0,235,160,0,160,395
01/06/2021,TMB,FL,ASO,ES,Towers with Radar,0,10,62,0,72,0,3,172,0,175,0,13,234,0,247,238,0,238,485
01/07/2021,TMB,FL,ASO,ES,Towers with Radar,0,14,50,2,66,0,0,128,0,128,0,14,178,2,194,228,0,228,422
01/08/2021,TMB,FL,ASO,ES,Towers with Radar,0,5,46,0,51,0,0,172,0,172,0,5,218,0,223,323,0,323,546
01/09/2021,TMB,FL,ASO,ES,Towers with Radar,0,6,56,0,62,0,0,230,0,230,0,6,286,0,292,180,0,180,472
01/10/2021,TMB,FL,ASO,ES,Towers with Radar,1,9,47,0,57,0,0,183,0,183,1,9,230,0,240,155,0,155,395
01/11/2021,TMB,FL,ASO,ES,Towers with Radar,0,8,46,0,54,0,0,206,0,206,0,8,252,0,260,483,0,483,743
01/12/2021,TMB,FL,ASO,ES,Towers with Radar,0,10,59,1,70,0,0,162,0,162,0,10,221,1,232,340,0,340,572
01/13/2021,TMB,FL,ASO,ES,Towers with Radar,0,7,40,1,48,0,3,172,0,175,0,10,212,1,223,235,0,235,458
01/14/2021,TMB,FL,ASO,ES,Towers with Radar,0,19,65,0,84,0,0,149,0,149,0,19,214,0,233,168,0,168,401
01/15/2021,TMB,FL,ASO,ES,Towers with Radar,0,18,55,0,73,0,0,208,0,208,0,18,263,0,281,299,0,299,580
01/16/2021,TMB,FL,ASO,ES,Towers with Radar,0,5,31,0,36,0,0,154,0,154,0,5,185,0,190,176,0,176,366
01/17/2021,TMB,FL,ASO,ES,Towers with Radar,0,4,47,0,51,0,0,148,0,148,0,4,195,0,199,200,0,200,399
01/18/2021,TMB,FL,ASO,ES,Towers with Radar,0,13,66,0,79,0,1,230,0,231,0,14,296,0,310,427,0,427,737
01/19/2021,TMB,FL,ASO,ES,Towers with Radar,0,3,66,0,69,0,0,276,1,277,0,3,342,1,346,352,0,352,698
01/20/2021,TMB,FL,ASO,ES,Towers with Radar,2,8,69,0,79,0,3,244,0,247,2,11,313,0,326,306,0,306,632
01/21/2021,TMB,FL,ASO,ES,Towers with Radar,0,5,64,0,69,0,0,225,1,226,0,5,289,1,295,362,0,362,657
01/22/2021,TMB,FL,ASO,ES,Towers with Radar,0,3,59,0,62,0,1,244,0,245,0,4,303,0,307,297,0,297,604
01/23/2021,TMB,FL,ASO,ES,Towers with Radar,0,0,36,0,36,0,0,217,0,217,0,0,253,0,253,186,0,186,439
01/24/2021,TMB,FL,ASO,ES,Towers with Radar,0,5,43,0,48,0,0,99,0,99,0,5,142,0,147,141,0,141,288
01/25/2021,TMB,FL,ASO,ES,Towers with Radar,0,0,60,2,62,0,2,193,0,195,0,2,253,2,257,222,0,222,479
01/26/2021,TMB,FL,ASO,ES,Towers with Radar,0,3,58,0,61,0,0,217,0,217,0,3,275,0,278,333,0,333,611
01/27/2021,TMB,FL,ASO,ES,Towers with Radar,0,9,59,0,68,0,0,181,0,181,0,9,240,0,249,258,0,258,507
01/28/2021,TMB,FL,ASO,ES,Towers with Radar,0,14,48,0,62,0,0,132,0,132,0,14,180,0,194,164,0,164,358
01/29/2021,TMB,FL,ASO,ES,Towers with Radar,0,6,66,0,72,0,0,308,0,308,0,6,374,0,380,277,0,277,657
01/30/2021,TMB,FL,ASO,ES,Towers with Radar,0,9,50,0,59,0,0,253,0,253,0,9,303,0,312,231,0,231,543
01/31/2021,TMB,FL,ASO,ES,Towers with Radar,0,21,58,0,79,0,0,176,0,176,0,21,234,0,255,94,0,94,349
02/01/2021,TMB,FL,ASO,ES,Towers with Radar,0,7,28,0,35,0,0,63,0,63,0,7,91,0,98,12,0,12,110
02/02/2021,TMB,FL,ASO,ES,Towers with Radar,0,8,31,0,39,0,0,113,1,114,0,8,144,1,153,66,0,66,219
02/03/2021,TMB,FL,ASO,ES,Towers with Radar,0,13,42,0,55,0,0,167,1,168,0,13,209,1,223,193,0,193,416
02/04/2021,TMB,FL,ASO,ES,Towers with Radar,0,10,54,0,64,0,2,254,0,256,0,12,308,0,320,262,0,262,582
02/05/2021,TMB,FL,ASO,ES,Towers with Radar,0,16,49,0,65,0,2,235,0,237,0,18,284,0,302,226,0,226,528
02/06/2021,TMB,FL,ASO,ES,Towers with Radar,0,16,46,0,62,0,0,103,0,103,0,16,149,0,165,54,0,54,219
02/07/2021,TMB,FL,ASO,ES,Towers with Radar,0,19,31,0,50,0,2,107,0,109,0,21,138,0,159,42,0,42,201
02/08/2021,TMB,FL,ASO,ES,Towers with Radar,0,17,57,0,74,0,0,158,0,158,0,17,215,0,232,181,0,181,413
02/09/2021,TMB,FL,ASO,ES,Towers with Radar,0,17,52,0,69,0,0,264,0,264,0,17,316,0,333,406,0,406,739
02/10/2021,TMB,FL,ASO,ES,Towers with Radar,0,23,65,0,88,0,0,283,0,283,0,23,348,0,371,334,0,334,705
02/11/2021,TMB,FL,ASO,ES,Towers with Radar,0,21,54,0,75,0,2,342,0,344,0,23,396,0,419,365,0,365,784
02/12/2021,TMB,FL,ASO,ES,Towers with Radar,0,15,57,0,72,0,6,203,0,209,0,21,260,0,281,349,0,349,630
02/13/2021,TMB,FL,ASO,ES,Towers with Radar,0,8,39,0,47,0,0,210,0,210,0,8,249,0,257,151,0,151,408
02/14/2021,TMB,FL,ASO,ES,Towers with Radar,0,14,36,0,50,0,0,150,0,150,0,14,186,0,200,64,0,64,264
02/15/2021,TMB,FL,ASO,ES,Towers with Radar,0,16,62,0,78,0,0,249,0,249,0,16,311,0,327,170,0,170,497
02/16/2021,TMB,FL,ASO,ES,Towers with Radar,0,12,32,0,44,0,2,40,0,42,0,14,72,0,86,42,0,42,128
02/17/2021,TMB,FL,ASO,ES,Towers with Radar,0,8,61,0,69,0,1,281,0,282,0,9,342,0,351,356,0,356,707
02/18/2021,TMB,FL,ASO,ES,Towers with Radar,0,10,72,0,82,0,0,228,0,228,0,10,300,0,310,291,0,291,601
02/19/2021,TMB,FL,ASO,ES,Towers with Radar,0,15,46,0,61,0,0,188,0,188,0,15,234,0,249,260,0,260,509
02/20/2021,TMB,FL,ASO,ES,Towers with Radar,0,21,50,0,71,0,0,227,0,227,0,21,277,0,298,89,0,89,387
02/21/2021,TMB,FL,ASO,ES,Towers with Radar,0,19,68,0,87,0,0,105,0,105,0,19,173,0,192,26,0,26,218
02/22/2021,TMB,FL,ASO,ES,Towers with Radar,0,9,49,0,58,0,0,183,0,183,0,9,232,0,241,233,0,233,474
02/23/2021,TMB,FL,ASO,ES,Towers with Radar,0,7,44,0,51,0,1,142,0,143,0,8,186,0,194,240,0,240,434
02/24/2021,TMB,FL,ASO,ES,Towers with Radar,0,7,48,0,55,0,0,132,0,132,0,7,180,0,187,233,0,233,420
02/25/2021,TMB,FL,ASO,ES,Towers with Radar,0,19,55,0,74,0,2,218,0,220,0,21,273,0,294,281,0,281,575
02/26/2021,TMB,FL,ASO,ES,Towers with Radar,0,16,67,0,83,0,0,289,0,289,0,16,356,0,372,266,0,266,638
02/27/2021,TMB,FL,ASO,ES,Towers with Radar,0,14,82,0,96,0,1,303,0,304,0,15,385,0,400,184,0,184,584
02/28/2021,TMB,FL,ASO,ES,Towers with Radar,0,15,98,0,113,0,1,144,0,145,0,16,242,0,258,155,0,155,413
03/01/2021,TMB,FL,ASO,ES,Towers with Radar,1,11,81,0,93,0,3,292,0,295,1,14,373,0,388,327,0,327,715
03/02/2021,TMB,FL,ASO,ES,Towers with Radar,0,8,62,0,70,0,0,306,1,307,0,8,368,1,377,392,0,392,769
03/03/2021,TMB,FL,ASO,ES,Towers with Radar,0,8,56,0,64,0,0,188,0,188,0,8,244,0,252,200,0,200,452
03/04/2021,TMB,FL,ASO,ES,Towers with Radar,0,7,53,0,60,0,1,229,0,230,0,8,282,0,290,319,0,319,609
03/05/2021,TMB,FL,ASO,ES,Towers with Radar,0,7,65,0,72,0,3,296,0,299,0,10,361,0,371,299,0,299,670
03/06/2021,TMB,FL,ASO,ES,Towers with Radar,0,8,57,0,65,0,0,121,0,121,0,8,178,0,186,131,0,131,317
03/07/2021,TMB,FL,ASO,ES,Towers with Radar,0,19,47,0,66,0,0,107,0,107,0,19,154,0,173,45,0,45,218
03/08/2021,TMB,FL,ASO,ES,Towers with Radar,0,10,46,0,56,0,3,148,0,151,0,13,194,0,207,152,0,152,359
03/09/2021,TMB,FL,ASO,ES,Towers with Radar,0,8,59,0,67,0,1,166,0,167,0,9,225,0,234,186,0,186,420
03/10/2021,TMB,FL,ASO,ES,Towers with Radar,0,8,58,0,66,0,0,153,0,153,0,8,211,0,219,105,0,105,324
03/11/2021,TMB,FL,ASO,ES,Towers with Radar,0,12,60,0,72,0,0,266,0,266,0,12,326,0,338,163,0,163,501
03/12/2021,TMB,FL,ASO,ES,Towers with Radar,0,19,65,0,84,0,1,270,0,271,0,20,335,0,355,334,0,334,689
03/13/2021,TMB,FL,ASO,ES,Towers with Radar,0,10,80,0,90,0,0,305,0,305,0,10,385,0,395,356,0,356,751
03/14/2021,TMB,FL,ASO,ES,Towers with Radar,0,21,51,0,72,0,1,192,0,193,0,22,243,0,265,219,0,219,484
03/15/2021,TMB,FL,ASO,ES,Towers with Radar,0,8,71,0,79,0,0,223,0,223,0,8,294,0,302,208,0,208,510
03/16/2021,TMB,FL,ASO,ES,Towers with Radar,1,13,68,0,82,0,0,200,0,200,1,13,268,0,282,259,0,259,541
03/17/2021,TMB,FL,ASO,ES,Towers with Radar,0,10,73,2,85,0,0,189,0,189,0,10,262,2,274,269,0,269,543
03/18/2021,TMB,FL,ASO,ES,Towers with Radar,0,20,65,0,85,0,4,137,0,141,0,24,202,0,226,179,0,179,405
03/19/2021,TMB,FL,ASO,ES,Towers with Radar,0,16,69,0,85,0,2,241,0,243,0,18,310,0,328,329,0,329,657
03/20/2021,TMB,FL,ASO,ES,Towers with Radar,0,10,47,0,57,0,0,303,0,303,0,10,350,0,360,313,0,313,673
03/21/2021,TMB,FL,ASO,ES,Towers with Radar,0,19,67,0,86,0,2,183,0,185,0,21,250,0,271,205,0,205,476
03/22/2021,TMB,FL,ASO,ES,Towers with Radar,0,18,65,0,83,0,1,277,0,278,0,19,342,0,361,356,0,356,717
03/23/2021,TMB,FL,ASO,ES,Towers with Radar,0,17,62,2,81,0,1,247,0,248,0,18,309,2,329,419,0,419,748
03/24/2021,TMB,FL,ASO,ES,Towers with Radar,0,11,58,0,69,0,3,215,0,218,0,14,273,0,287,321,0,321,608
03/25/2021,TMB,FL,ASO,ES,Towers with Radar,0,13,76,0,89,0,1,212,0,213,0,14,288,0,302,195,0,195,497
03/26/2021,TMB,FL,ASO,ES,Towers with Radar,0,21,81,0,102,0,0,219,0,219,0,21,300,0,321,222,0,222,543
03/27/2021,TMB,FL,ASO,ES,Towers with Radar,0,26,62,0,88,0,0,163,0,163,0,26,225,0,251,188,0,188,439
03/28/2021,TMB,FL,ASO,ES,Towers with Radar,0,31,49,0,80,0,2,177,0,179,0,33,226,0,259,117,0,117,376
03/29/2021,TMB,FL,ASO,ES,Towers with Radar,0,18,76,0,94,0,0,252,0,252,0,18,328,0,346,318,0,318,664
03/30/2021,TMB,FL,ASO,ES,Towers with Radar,0,11,64,0,75,0,1,246,0,247,0,12,310,0,322,284,0,284,606
03/31/2021,TMB,FL,ASO,ES,Towers with Radar,0,23,92,0,115,0,0,329,2,331,0,23,421,2,446,280,0,280,726
04/01/2021,TMB,FL,ASO,ES,Towers with Radar,0,18,73,0,91,0,0,253,0,253,0,18,326,0,344,298,0,298,642
04/02/2021,TMB,FL,ASO,ES,Towers with Radar,0,22,45,0,67,0,1,139,0,140,0,23,184,0,207,15,0,15,222
04/03/2021,TMB,FL,ASO,ES,Towers with Radar,0,20,51,0,71,0,0,128,0,128,0,20,179,0,199,99,0,99,298
04/04/2021,TMB,FL,ASO,ES,Towers with Radar,0,6,66,0,72,0,0,153,0,153,0,6,219,0,225,33,0,33,258
04/05/2021,TMB,FL,ASO,ES,Towers with Radar,0,24,85,0,109,0,0,236,0,236,0,24,321,0,345,287,0,287,632
04/06/2021,TMB,FL,ASO,ES,Towers with Radar,0,6,82,0,88,0,0,256,0,256,0,6,338,0,344,349,0,349,693
04/07/2021,TMB,FL,ASO,ES,Towers with Radar,0,19,62,0,81,0,0,254,0,254,0,19,316,0,335,329,0,329,664
04/08/2021,TMB,FL,ASO,ES,Towers with Radar,0,9,59,0,68,0,1,291,0,292,0,10,350,0,360,371,0,371,731
04/09/2021,TMB,FL,ASO,ES,Towers with Radar,0,19,74,2,95,0,1,280,0,281,0,20,354,2,376,308,0,308,684
04/10/2021,TMB,FL,ASO,ES,Towers with Radar,0,16,53,0,69,0,1,208,0,209,0,17,261,0,278,118,0,118,396
04/11/2021,TMB,FL,ASO,ES,Towers with Radar,0,18,41,0,59,0,3,73,0,76,0,21,114,0,135,22,0,22,157
04/12/2021,TMB,FL,ASO,ES,Towers with Radar,0,20,61,0,81,0,0,219,0,219,0,20,280,0,300,323,0,323,623
04/13/2021,TMB,FL,ASO,ES,Towers with Radar,0,5,81,0,86,0,0,241,0,241,0,5,322,0,327,321,0,321,648
04/14/2021,TMB,FL,ASO,ES,Towers with Radar,0,11,68,0,79,0,0,214,0,214,0,11,282,0,293,398,0,398,691
04/15/2021,TMB,FL,ASO,ES,Towers with Radar,0,15,89,0,104,0,2,213,0,215,0,17,302,0,319,275,0,275,594
04/16/2021,TMB,FL,ASO,ES,Towers with Radar,0,19,63,0,82,0,1,191,0,192,0,20,254,0,274,306,0,306,580
04/17/2021,TMB,FL,ASO,ES,Towers with Radar,0,5,27,0,32,0,1,169,0,170,0,6,196,0,202,128,0,128,330
04/18/2021,TMB,FL,ASO,ES,Towers with Radar,0,14,48,0,62,0,0,142,0,142,0,14,190,0,204,120,0,120,324
04/19/2021,TMB,FL,ASO,ES,Towers with Radar,0,10,54,0,64,0,0,123,0,123,0,10,177,0,187,141,0,141,328
04/20/2021,TMB,FL,ASO,ES,Towers with Radar,0,20,49,0,69,0,1,97,0,98,0,21,146,0,167,199,0,199,366
04/21/2021,TMB,FL,ASO,ES,Towers with Radar,0,21,59,0,80,0,1,144,0,145,0,22,203,0,225,466,0,466,691
04/22/2021,TMB,FL,ASO,ES,Towers with Radar,0,11,94,0,105,0,0,279,0,279,0,11,373,0,384,389,0,389,773
04/23/2021,TMB,FL,ASO,ES,Towers with Radar,0,24,104,0,128,0,5,232,0,237,0,29,336,0,365,260,0,260,625
04/24/2021,TMB,FL,ASO,ES,Towers with Radar,0,20,49,0,69,0,0,150,0,150,0,20,199,0,219,82,0,82,301
04/25/2021,TMB,FL,ASO,ES,Towers with Radar,0,8,61,0,69,0,1,105,0,106,0,9,166,0,175,82,0,82,257
04/26/2021,TMB,FL,ASO,ES,Towers with Radar,0,8,82,0,90,0,0,182,0,182,0,8,264,0,272,209,0,209,481
04/27/2021,TMB,FL,ASO,ES,Towers with Radar,0,7,69,0,76,0,5,195,0,200,0,12,264,0,276,237,0,237,513
04/28/2021,TMB,FL,ASO,ES,Towers with Radar,0,6,98,0,104,0,1,288,0,289,0,7,386,0,393,407,0,407,800
04/29/2021,TMB,FL,ASO,ES,Towers with Radar,0,4,76,0,80,0,1,264,0,265,0,5,340,0,345,225,0,225,570
04/30/2021,TMB,FL,ASO,ES,Towers with Radar,0,11,64,0,75,0,0,261,0,261,0,11,325,0,336,204,0,204,540
05/01/2021,TMB,FL,ASO,ES,Towers with Radar,0,9,49,0,58,0,0,290,0,290,0,9,339,0,348,285,0,285,633
05/02/2021,TMB,FL,ASO,ES,Towers with Radar,0,11,35,0,46,0,0,149,0,149,0,11,184,0,195,61,0,61,256
05/03/2021,TMB,FL,ASO,ES,Towers with Radar,0,3,51,0,54,0,0,189,0,189,0,3,240,0,243,151,0,151,394
05/04/2021,TMB,FL,ASO,ES,Towers with Radar,0,9,67,0,76,0,0,180,0,180,0,9,247,0,256,237,0,237,493
05/05/2021,TMB,FL,ASO,ES,Towers with Radar,0,7,69,0,76,0,0,213,0,213,0,7,282,0,289,298,0,298,587
05/06/2021,TMB,FL,ASO,ES,Towers with Radar,0,22,57,0,79,0,0,173,2,175,0,22,230,2,254,165,0,165,419
05/07/2021,TMB,FL,ASO,ES,Towers with Radar,0,11,67,0,78,0,2,186,0,188,0,13,253,0,266,251,0,251,517
05/08/2021,TMB,FL,ASO,ES,Towers with Radar,0,4,44,0,48,0,0,253,0,253,0,4,297,0,301,139,0,139,440
05/09/2021,TMB,FL,ASO,ES,Towers with Radar,0,6,44,0,50,0,0,98,0,98,0,6,142,0,148,76,0,76,224
05/10/2021,TMB,FL,ASO,ES,Towers with Radar,0,7,72,0,79,0,0,199,0,199,0,7,271,0,278,374,0,374,652
05/11/2021,TMB,FL,ASO,ES,Towers with Radar,0,5,90,1,96,0,0,251,0,251,0,5,341,1,347,374,0,374,721
05/12/2021,TMB,FL,ASO,ES,Towers with Radar,0,8,69,0,77,0,0,232,0,232,0,8,301,0,309,286,0,286,595
05/13/2021,TMB,FL,ASO,ES,Towers with Radar,0,9,49,2,60,0,0,137,0,137,0,9,186,2,197,302,0,302,499
05/14/2021,TMB,FL,ASO,ES,Towers with Radar,0,21,77,0,98,0,0,158,0,158,0,21,235,0,256,279,0,279,535
05/15/2021,TMB,FL,ASO,ES,Towers with Radar,0,8,53,0,61,0,0,163,0,163,0,8,216,0,224,156,0,156,380
05/16/2021,TMB,FL,ASO,ES,Towers with Radar,0,11,40,0,51,0,0,147,0,147,0,11,187,0,198,43,0,43,241
05/17/2021,TMB,FL,ASO,ES,Towers with Radar,0,5,72,0,77,0,2,168,0,170,0,7,240,0,247,334,0,334,581
05/18/2021,TMB,FL,ASO,ES,Towers with Radar,0,11,45,0,56,0,0,157,0,157,0,11,202,0,213,142,0,142,355
05/19/2021,TMB,FL,ASO,ES,Towers with Radar,0,5,54,0,59,0,2,117,2,121,0,7,171,2,180,219,0,219,399
05/20/2021,TMB,FL,ASO,ES,Towers with Radar,0,10,60,0,70,0,2,89,0,91,0,12,149,0,161,31,0,31,192
05/21/2021,TMB,FL,ASO,ES,Towers with Radar,0,6,52,0,58,0,0,155,0,155,0,6,207,0,213,132,0,132,345
05/22/2021,TMB,FL,ASO,ES,Towers with Radar,0,7,53,0,60,0,0,172,0,172,0,7,225,0,232,81,0,81,313
05/23/2021,TMB,FL,ASO,ES,Towers with Radar,0,9,61,0,70,0,0,167,0,167,0,9,228,0,237,88,0,88,325
05/24/2021,TMB,FL,ASO,ES,Towers with Radar,0,8,93,0,101,0,1,252,0,253,0,9,345,0,354,303,0,303,657
05/25/2021,TMB,FL,ASO,ES,Towers with Radar,0,5,60,0,65,0,0,261,0,261,0,5,321,0,326,363,0,363,689
05/26/2021,TMB,FL,ASO,ES,Towers with Radar,0,6,76,0,82,0,0,242,0,242,0,6,318,0,324,316,0,316,640
05/27/2021,TMB,FL,ASO,ES,Towers with Radar,0,12,78,0,90,0,0,313,2,315,0,12,391,2,405,386,0,386,791
05/28/2021,TMB,FL,ASO,ES,Towers with Radar,0,14,60,0,74,0,4,222,0,226,0,18,282,0,300,376,0,376,676
05/29/2021,TMB,FL,ASO,ES,Towers with Radar,0,5,70,0,75,0,0,232,0,232,0,5,302,0,307,216,0,216,523
05/30/2021,TMB,FL,ASO,ES,Towers with Radar,0,6,28,0,34,0,0,131,0,131,0,6,159,0,165,164,0,164,329
05/31/2021,TMB,FL,ASO,ES,Towers with Radar,0,12,66,0,78,0,0,231,0,231,0,12,297,0,309,200,0,200,509
06/01/2021,TMB,FL,ASO,ES,Towers with Radar,0,7,62,0,69,0,1,107,0,108,0,8,169,0,177,149,0,149,326
06/02/2021,TMB,FL,ASO,ES,Towers with Radar,0,10,55,0,65,0,1,134,0,135,0,11,189,0,200,234,0,234,434
06/03/2021,TMB,FL,ASO,ES,Towers with Radar,0,16,40,0,56,0,0,91,0,91,0,16,131,0,147,132,0,132,279
06/04/2021,TMB,FL,ASO,ES,Towers with Radar,0,13,80,0,93,0,0,253,0,253,0,13,333,0,346,334,0,334,680
06/05/2021,TMB,FL,ASO,ES,Towers with Radar,0,9,46,0,55,0,0,225,0,225,0,9,271,0,280,253,0,253,533
06/06/2021,TMB,FL,ASO,ES,Towers with Radar,0,9,55,0,64,0,0,157,0,157,0,9,212,0,221,87,0,87,308
06/07/2021,TMB,FL,ASO,ES,Towers with Radar,0,9,71,0,80,0,0,274,0,274,0,9,345,0,354,371,0,371,725
06/08/2021,TMB,FL,ASO,ES,Towers with Radar,0,11,59,0,70,0,2,248,0,250,0,13,307,0,320,333,0,333,653
06/09/2021,TMB,FL,ASO,ES,Towers with Radar,0,12,72,0,84,0,1,267,0,268,0,13,339,0,352,417,0,417,769
06/10/2021,TMB,FL,ASO,ES,Towers with Radar,0,12,82,0,94,0,2,324,0,326,0,14,406,0,420,338,0,338,758
06/11/2021,TMB,FL,ASO,ES,Towers with Radar,0,11,74,0,85,0,0,269,0,269,0,11,343,0,354,409,0,409,763
06/12/2021,TMB,FL,ASO,ES,Towers with Radar,0,7,62,0,69,0,0,166,0,166,0,7,228,0,235,190,0,190,425
06/13/2021,TMB,FL,ASO,ES,Towers with Radar,0,11,39,0,50,0,0,203,0,203,0,11,242,0,253,197,0,197,450
06/14/2021,TMB,FL,ASO,ES,Towers with Radar,0,20,35,0,55,0,2,53,0,55,0,22,88,0,110,54,0,54,164
06/15/2021,TMB,FL,ASO,ES,Towers with Radar,0,8,58,0,66,0,0,178,0,178,0,8,236,0,244,320,0,320,564
06/16/2021,TMB,FL,ASO,ES,Towers with Radar,0,7,39,0,46,0,0,115,0,115,0,7,154,0,161,268,0,268,429
06/17/2021,TMB,FL,ASO,ES,Towers with Radar,0,17,64,0,81,0,1,249,0,250,0,18,313,0,331,390,0,390,721
06/18/2021,TMB,FL,ASO,ES,Towers with Radar,0,12,66,0,78,0,0,249,0,249,0,12,315,0,327,457,0,457,784
06/19/2021,TMB,FL,ASO,ES,Towers with Radar,0,13,60,0,73,0,0,308,0,308,0,13,368,0,381,278,0,278,659
06/20/2021,TMB,FL,ASO,ES,Towers with Radar,0,6,39,0,45,0,0,128,0,128,0,6,167,0,173,76,0,76,249
06/21/2021,TMB,FL,ASO,ES,Towers with Radar,0,2,59,0,61,0,0,270,0,270,0,2,329,0,331,327,0,327,658
06/22/2021,TMB,FL,ASO,ES,Towers with Radar,0,8,55,0,63,0,0,209,0,209,0,8,264,0,272,207,0,207,479
06/23/2021,TMB,FL,ASO,ES,Towers with Radar,0,7,56,1,64,0,0,252,2,254,0,7,308,3,318,289,0,289,607
06/24/2021,TMB,FL,ASO,ES,Towers with Radar,0,10,41,0,51,0,2,101,0,103,0,12,142,0,154,193,0,193,347
06/25/2021,TMB,FL,ASO,ES,Towers with Radar,0,6,49,0,55,0,0,143,0,143,0,6,192,0,198,119,0,119,317
06/26/2021,TMB,FL,ASO,ES,Towers with Radar,0,15,60,0,75,0,1,226,0,227,0,16,286,0,302,282,0,282,584
06/27/2021,TMB,FL,ASO,ES,Towers with Radar,0,14,43,0,57,0,1,173,0,174,0,15,216,0,231,220,0,220,451
06/28/2021,TMB,FL,ASO,ES,Towers with Radar,0,3,37,2,42,0,0,170,0,170,0,3,207,2,212,277,0,277,489
06/29/2021,TMB,FL,ASO,ES,Towers with Radar,1,4,38,0,43,0,0,177,0,177,1,4,215,0,220,353,0,353,573
06/30/2021,TMB,FL,ASO,ES,Towers with Radar,0,1,60,0,61,0,0,111,0,111,0,1,171,0,172,245,0,245,417
07/01/2021,TMB,FL,ASO,ES,Towers with Radar,0,21,90,0,111,0,1,71,0,72,0,22,161,0,183,29,0,29,212
07/02/2021,TMB,FL,ASO,ES,Towers with Radar,0,8,65,0,73,0,0,279,0,279,0,8,344,0,352,411,0,411,763
07/03/2021,TMB,FL,ASO,ES,Towers with Radar,0,2,56,0,58,0,2,294,0,296,0,4,350,0,354,239,0,239,593
07/04/2021,TMB,FL,ASO,ES,Towers with Radar,0,2,24,0,26,0,3,188,0,191,0,5,212,0,217,165,0,165,382
07/05/2021,TMB,FL,ASO,ES,Towers with Radar,0,14,57,0,71,0,0,109,0,109,0,14,166,0,180,212,0,212,392
07/06/2021,TMB,FL,ASO,ES,Towers with Radar,0,3,16,0,19,0,0,20,0,20,0,3,36,0,39,19,0,19,58
07/07/2021,TMB,FL,ASO,ES,Towers with Radar,0,3,77,0,80,0,1,203,0,204,0,4,280,0,284,447,0,447,731
07/08/2021,TMB,FL,ASO,ES,Towers with Radar,0,8,51,0,59,0,0,223,0,223,0,8,274,0,282,376,0,376,658
07/09/2021,TMB,FL,ASO,ES,Towers with Radar,0,2,79,0,81,0,2,290,0,292,0,4,369,0,373,482,0,482,855
07/10/2021,TMB,FL,ASO,ES,Towers with Radar,0,7,54,0,61,0,1,134,0,135,0,8,188,0,196,210,0,210,406
07/11/2021,TMB,FL,ASO,ES,Towers with Radar,0,10,44,0,54,0,0,157,0,157,0,10,201,0,211,90,0,90,301
07/12/2021,TMB,FL,ASO,ES,Towers with Radar,0,3,49,0,52,0,0,117,0,117,0,3,166,0,169,160,0,160,329
07/13/2021,TMB,FL,ASO,ES,Towers with Radar,0,7,31,0,38,0,0,93,1,94,0,7,124,1,132,219,0,219,351
07/14/2021,TMB,FL,ASO,ES,Towers with Radar,0,9,77,0,86,0,0,249,2,251,0,9,326,2,337,338,0,338,675
07/15/2021,TMB,FL,ASO,ES,Towers with Radar,0,8,70,0,78,0,0,310,0,310,0,8,380,0,388,345,0,345,733
07/16/2021,TMB,FL,ASO,ES,Towers with Radar,0,6,78,0,84,0,2,306,0,308,0,8,384,0,392,325,0,325,717
07/17/2021,TMB,FL,ASO,ES,Towers with Radar,0,11,64,0,75,0,2,267,0,269,0,13,331,0,344,202,0,202,546
07/18/2021,TMB,FL,ASO,ES,Towers with Radar,0,6,62,0,68,0,0,195,0,195,0,6,257,0,263,180,0,180,443
07/19/2021,TMB,FL,ASO,ES,Towers with Radar,0,2,77,0,79,0,0,249,0,249,0,2,326,0,328,326,0,326,654
07/20/2021,TMB,FL,ASO,ES,Towers with Radar,0,6,42,0,48,0,0,129,0,129,0,6,171,0,177,279,0,279,456
07/21/2021,TMB,FL,ASO,ES,Towers with Radar,0,2,68,0,70,0,1,254,0,255,0,3,322,0,325,477,0,477,802
07/22/2021,TMB,FL,ASO,ES,Towers with Radar,0,4,70,0,74,0,0,286,0,286,0,4,356,0,360,410,0,410,770
07/23/2021,TMB,FL,ASO,ES,Towers with Radar,0,7,54,0,61,0,0,190,1,191,0,7,244,1,252,227,0,227,479
07/24/2021,TMB,FL,ASO,ES,Towers with Radar,0,7,37,0,44,0,0,195,0,195,0,7,232,0,239,202,0,202,441
07/25/2021,TMB,FL,ASO,ES,Towers with Radar,0,4,26,0,30,0,1,165,0,166,0,5,191,0,196,173,0,173,369
07/26/2021,TMB,FL,ASO,ES,Towers with Radar,0,7,58,0,65,0,1,236,1,238,0,8,294,1,303,405,0,405,708
07/27/2021,TMB,FL,ASO,ES,Towers with Radar,0,10,59,0,69,0,1,223,0,224,0,11,282,0,293,357,0,357,650
07/28/2021,TMB,FL,ASO,ES,Towers with Radar,0,8,49,0,57,0,1,229,0,230,0,9,278,0,287,229,0,229,516
07/29/2021,TMB,FL,ASO,ES,Towers with Radar,0,1,50,0,51,0,0,192,1,193,0,1,242,1,244,303,0,303,547
07/30/2021,TMB,FL,ASO,ES,Towers with Radar,0,9,56,0,65,0,2,203,0,205,0,11,259,0,270,273,0,273,543
07/31/2021,TMB,FL,ASO,ES,Towers with Radar,0,1,51,0,52,0,0,238,0,238,0,1,289,0,290,331,0,331,621
08/01/2021,TMB,FL,ASO,ES,Towers with Radar,0,10,27,0,37,0,0,136,0,136,0,10,163,0,173,163,0,163,336
08/02/2021,TMB,FL,ASO,ES,Towers with Radar,0,12,44,0,56,0,0,157,0,157,0,12,201,0,213,318,0,318,531
08/03/2021,TMB,FL,ASO,ES,Towers with Radar,0,9,37,0,46,0,1,121,0,122,0,10,158,0,168,206,0,206,374
08/04/2021,TMB,FL,ASO,ES,Towers with Radar,0,3,34,0,37,0,0,145,1,146,0,3,179,1,183,329,0,329,512
08/05/2021,TMB,FL,ASO,ES,Towers with Radar,0,6,69,0,75,0,0,248,0,248,0,6,317,0,323,460,0,460,783
08/06/2021,TMB,FL,ASO,ES,Towers with Radar,0,14,54,0,68,0,3,204,0,207,0,17,258,0,275,412,0,412,687
08/07/2021,TMB,FL,ASO,ES,Towers with Radar,0,14,27,0,41,0,0,159,0,159,0,14,186,0,200,142,0,142,342
08/08/2021,TMB,FL,ASO,ES,Towers with Radar,0,8,49,0,57,0,0,186,0,186,0,8,235,0,243,281,0,281,524
08/09/2021,TMB,FL,ASO,ES,Towers with Radar,0,4,96,0,100,0,2,279,0,281,0,6,375,0,381,458,0,458,839
08/10/2021,TMB,FL,ASO,ES,Towers with Radar,0,9,37,1,47,0,0,171,0,171,0,9,208,1,218,302,0,302,520
08/11/2021,TMB,FL,ASO,ES,Towers with Radar,0,10,60,0,70,0,0,245,0,245,0,10,305,0,315,333,0,333,648
08/12/2021,TMB,FL,ASO,ES,Towers with Radar,0,12,38,0,50,0,2,192,1,195,0,14,230,1,245,273,0,273,518
08/13/2021,TMB,FL,ASO,ES,Towers with Radar,0,6,32,0,38,0,0,64,0,64,0,6,96,0,102,108,0,108,210
08/14/2021,TMB,FL,ASO,ES,Towers with Radar,0,4,12,0,16,0,0,26,0,26,0,4,38,0,42,18,0,18,60
08/15/2021,TMB,FL,ASO,ES,Towers with Radar,0,14,34,0,48,0,0,79,0,79,0,14,113,0,127,184,0,184,311
08/16/2021,TMB,FL,ASO,ES,Towers with Radar,0,8,78,0,86,0,1,237,0,238,0,9,315,0,324,428,0,428,752
08/17/2021,TMB,FL,ASO,ES,Towers with Radar,0,4,82,1,87,0,0,244,0,244,0,4,326,1,331,380,0,380,711
08/18/2021,TMB,FL,ASO,ES,Towers with Radar,0,3,61,0,64,0,0,261,0,261,0,3,322,0,325,389,0,389,714
08/19/2021,TMB,FL,ASO,ES,Towers with Radar,0,8,72,1,81,0,0,292,0,292,0,8,364,1,373,434,0,434,807
08/20/2021,TMB,FL,ASO,ES,Towers with Radar,0,8,62,0,70,0,1,275,0,276,0,9,337,0,346,348,0,348,694
08/21/2021,TMB,FL,ASO,ES,Towers with Radar,0,8,60,0,68,0,0,286,0,286,0,8,346,0,354,197,0,197,551
08/22/2021,TMB,FL,ASO,ES,Towers with Radar,0,11,45,0,56,0,0,167,0,167,0,11,212,0,223,117,0,117,340
08/23/2021,TMB,FL,ASO,ES,Towers with Radar,0,5,79,6,90,0,0,224,0,224,0,5,303,6,314,294,0,294,608
08/24/2021,TMB,FL,ASO,ES,Towers with Radar,0,8,55,0,63,0,4,201,0,205,0,12,256,0,268,321,0,321,589
08/25/2021,TMB,FL,ASO,ES,Towers with Radar,0,9,51,0,60,0,0,82,0,82,0,9,133,0,142,88,0,88,230
08/26/2021,TMB,FL,ASO,ES,Towers with Radar,0,9,73,0,82,0,2,206,1,209,0,11,279,1,291,270,0,270,561
08/27/2021,TMB,FL,ASO,ES,Towers with Radar,0,6,52,0,58,0,0,183,0,183,0,6,235,0,241,221,0,221,462
08/28/2021,TMB,FL,ASO,ES,Towers with Radar,0,4,54,0,58,0,2,173,0,175,0,6,227,0,233,155,0,155,388
08/29/2021,TMB,FL,ASO,ES,Towers with Radar,0,1,54,0,55,0,0,152,0,152,0,1,206,0,207,154,0,154,361
08/30/2021,TMB,FL,ASO,ES,Towers with Radar,0,7,52,0,59,0,0,156,0,156,0,7,208,0,215,226,0,226,441
08/31/2021,TMB,FL,ASO,ES,Towers with Radar,0,4,51,0,55,0,0,195,0,195,0,4,246,0,250,245,0,245,495
09/01/2021,TMB,FL,ASO,ES,Towers with Radar,0,9,63,0,72,0,1,221,0,222,0,10,284,0,294,634,0,634,928
09/02/2021,TMB,FL,ASO,ES,Towers with Radar,0,8,61,0,69,0,1,216,0,217,0,9,277,0,286,285,0,285,571
09/03/2021,TMB,FL,ASO,ES,Towers with Radar,0,8,56,0,64,0,1,156,0,157,0,9,212,0,221,268,0,268,489
09/04/2021,TMB,FL,ASO,ES,Towers with Radar,0,7,48,0,55,0,0,171,0,171,0,7,219,0,226,231,0,231,457
09/05/2021,TMB,FL,ASO,ES,Towers with Radar,0,4,25,0,29,0,0,175,0,175,0,4,200,0,204,183,0,183,387
09/06/2021,TMB,FL,ASO,ES,Towers with Radar,0,11,75,0,86,0,0,221,0,221,0,11,296,0,307,318,0,318,625
09/07/2021,TMB,FL,ASO,ES,Towers with Radar,0,8,52,0,60,0,0,218,0,218,0,8,270,0,278,302,0,302,580
09/08/2021,TMB,FL,ASO,ES,Towers with Radar,0,9,74,0,83,0,0,228,0,228,0,9,302,0,311,322,0,322,633
09/09/2021,TMB,FL,ASO,ES,Towers with Radar,0,7,55,0,62,0,0,255,0,255,0,7,310,0,317,381,0,381,698
09/10/2021,TMB,FL,ASO,ES,Towers with Radar,0,5,72,0,77,0,3,269,0,272,0,8,341,0,349,342,0,342,691
09/11/2021,TMB,FL,ASO,ES,Towers with Radar,0,2,57,0,59,0,0,316,1,317,0,2,373,1,376,381,0,381,757
09/12/2021,TMB,FL,ASO,ES,Towers with Radar,0,3,37,0,40,0,0,176,0,176,0,3,213,0,216,127,0,127,343
09/13/2021,TMB,FL,ASO,ES,Towers with Radar,0,7,54,0,61,0,0,150,0,150,0,7,204,0,211,256,0,256,467
09/14/2021,TMB,FL,ASO,ES,Towers with Radar,0,4,55,0,59,0,0,270,0,270,0,4,325,0,329,474,0,474,803
09/15/2021,TMB,FL,ASO,ES,Towers with Radar,0,6,57,0,63,0,2,213,0,215,0,8,270,0,278,341,0,341,619
09/16/2021,TMB,FL,ASO,ES,Towers with Radar,0,10,49,0,59,0,0,192,0,192,0,10,241,0,251,284,0,284,535
09/17/2021,TMB,FL,ASO,ES,Towers with Radar,0,3,65,0,68,0,0,150,0,150,0,3,215,0,218,125,0,125,343
09/18/2021,TMB,FL,ASO,ES,Towers with Radar,0,8,52,0,60,0,0,251,0,251,0,8,303,0,311,255,0,255,566
09/19/2021,TMB,FL,ASO,ES,Towers with Radar,0,4,43,0,47,0,0,148,0,148,0,4,191,0,195,212,0,212,407
09/20/2021,TMB,FL,ASO,ES,Towers with Radar,0,7,63,0,70,0,0,202,0,202,0,7,265,0,272,171,0,171,443
09/21/2021,TMB,FL,ASO,ES,Towers with Radar,0,5,37,0,42,0,0,165,0,165,0,5,202,0,207,291,0,291,498
09/22/2021,TMB,FL,ASO,ES,Towers with Radar,0,10,45,0,55,0,0,138,0,138,0,10,183,0,193,247,0,247,440
09/23/2021,TMB,FL,ASO,ES,Towers with Radar,0,11,66,0,77,0,1,265,0,266,0,12,331,0,343,313,0,313,656
09/24/2021,TMB,FL,ASO,ES,Towers with Radar,0,10,58,0,68,0,3,182,1,186,0,13,240,1,254,267,0,267,521
09/25/2021,TMB,FL,ASO,ES,Towers with Radar,0,5,42,0,47,0,0,162,0,162,0,5,204,0,209,183,0,183,392
09/26/2021,TMB,FL,ASO,ES,Towers with Radar,0,3,61,0,64,0,1,200,0,201,0,4,261,0,265,180,0,180,445
09/27/2021,TMB,FL,ASO,ES,Towers with Radar,0,10,81,0,91,0,2,330,1,333,0,12,411,1,424,229,0,229,653
09/28/2021,TMB,FL,ASO,ES,Towers with Radar,0,7,66,0,73,0,4,305,0,309,0,11,371,0,382,359,0,359,741
09/29/2021,TMB,FL,ASO,ES,Towers with Radar,0,4,52,0,56,0,0,331,0,331,0,4,383,0,387,426,0,426,813
09/30/2021,TMB,FL,ASO,ES,Towers with Radar,0,5,71,0,76,0,4,317,0,321,0,9,388,0,397,389,0,389,786
10/01/2021,TMB,FL,ASO,ES,Towers with Radar,0,16,62,0,78,0,0,133,0,133,0,16,195,0,211,136,0,136,347
10/02/2021,TMB,FL,ASO,ES,Towers with Radar,0,5,49,0,54,0,0,216,0,216,0,5,265,0,270,195,0,195,465
10/03/2021,TMB,FL,ASO,ES,Towers with Radar,0,5,49,0,54,0,0,203,1,204,0,5,252,1,258,143,0,143,401
10/04/2021,TMB,FL,ASO,ES,Towers with Radar,1,11,69,0,81,0,0,240,0,240,1,11,309,0,321,332,0,332,653
10/05/2021,TMB,FL,ASO,ES,Towers with Radar,0,7,63,0,70,0,6,272,0,278,0,13,335,0,348,334,0,334,682
10/06/2021,TMB,FL,ASO,ES,Towers with Radar,0,6,72,0,78,0,2,245,0,247,0,8,317,0,325,339,0,339,664
10/07/2021,TMB,FL,ASO,ES,Towers with Radar,0,12,71,0,83,0,4,223,0,227,0,16,294,0,310,308,0,308,618
10/08/2021,TMB,FL,ASO,ES,Towers with Radar,0,6,68,0,74,0,0,231,1,232,0,6,299,1,306,287,0,287,593
10/09/2021,TMB,FL,ASO,ES,Towers with Radar,0,4,50,0,54,0,0,210,0,210,0,4,260,0,264,240,0,240,504
10/10/2021,TMB,FL,ASO,ES,Towers with Radar,0,2,33,0,35,0,0,199,0,199,0,2,232,0,234,202,0,202,436
10/11/2021,TMB,FL,ASO,ES,Towers with Radar,0,6,53,0,59,0,0,223,0,223,0,6,276,0,282,360,0,360,642
10/12/2021,TMB,FL,ASO,ES,Towers with Radar,0,9,50,0,59,0,0,258,0,258,0,9,308,0,317,262,0,262,579
10/13/2021,TMB,FL,ASO,ES,Towers with Radar,0,8,60,0,68,0,0,264,0,264,0,8,324,0,332,363,0,363,695
10/14/2021,TMB,FL,ASO,ES,Towers with Radar,0,5,71,0,76,0,0,262,0,262,0,5,333,0,338,278,0,278,616
10/15/2021,TMB,FL,ASO,ES,Towers with Radar,0,10,71,0,81,0,1,243,0,244,0,11,314,0,325,369,0,369,694
10/16/2021,TMB,FL,ASO,ES,Towers with Radar,0,7,52,0,59,0,1,323,0,324,0,8,375,0,383,189,0,189,572
10/17/2021,TMB,FL,ASO,ES,Towers with Radar,0,16,40,0,56,0,0,339,0,339,0,16,379,0,395,168,0,168,563
10/18/2021,TMB,FL,ASO,ES,Towers with Radar,0,13,60,0,73,0,3,214,2,219,0,16,274,2,292,473,0,473,765
10/19/2021,TMB,FL,ASO,ES,Towers with Radar,0,16,65,0,81,0,4,310,1,315,0,20,375,1,396,305,0,305,701
10/20/2021,TMB,FL,ASO,ES,Towers with Radar,0,10,57,0,67,0,3,213,1,217,0,13,270,1,284,207,0,207,491
10/21/2021,TMB,FL,ASO,ES,Towers with Radar,0,9,74,0,83,0,3,297,0,300,0,12,371,0,383,403,0,403,786
10/22/2021,TMB,FL,ASO,ES,Towers with Radar,0,7,49,0,56,0,0,107,0,107,0,7,156,0,163,183,0,183,346
10/23/2021,TMB,FL,ASO,ES,Towers with Radar,0,3,39,0,42,0,0,220,0,220,0,3,259,0,262,343,0,343,605
10/24/2021,TMB,FL,ASO,ES,Towers with Radar,0,6,44,0,50,0,0,123,0,123,0,6,167,0,173,232,0,232,405
10/25/2021,TMB,FL,ASO,ES,Towers with Radar,0,7,39,0,46,0,0,113,1,114,0,7,152,1,160,91,0,91,251
10/26/2021,TMB,FL,ASO,ES,Towers with Radar,0,6,50,0,56,0,0,192,0,192,0,6,242,0,248,316,0,316,564
10/27/2021,TMB,FL,ASO,ES,Towers with Radar,0,6,66,0,72,0,1,288,0,289,0,7,354,0,361,413,0,413,774
10/28/2021,TMB,FL,ASO,ES,Towers with Radar,0,10,52,0,62,0,2,183,0,185,0,12,235,0,247,252,0,252,499
10/29/2021,TMB,FL,ASO,ES,Towers with Radar,0,10,58,0,68,0,2,190,0,192,0,12,248,0,260,219,0,219,479
10/30/2021,TMB,FL,ASO,ES,Towers with Radar,0,10,37,0,47,0,0,269,1,270,0,10,306,1,317,269,0,269,586
10/31/2021,TMB,FL,ASO,ES,Towers with Radar,0,10,58,0,68,0,0,211,0,211,0,10,269,0,279,124,0,124,403
11/01/2021,TMB,FL,ASO,ES,Towers with Radar,0,6,71,0,77,0,2,420,0,422,0,8,491,0,499,195,0,195,694
11/02/2021,TMB,FL,ASO,ES,Towers with Radar,0,15,67,0,82,0,1,152,0,153,0,16,219,0,235,191,0,191,426
11/03/2021,TMB,FL,ASO,ES,Towers with Radar,0,17,69,0,86,0,0,299,0,299,0,17,368,0,385,361,0,361,746
11/04/2021,TMB,FL,ASO,ES,Towers with Radar,0,9,94,0,103,0,2,283,0,285,0,11,377,0,388,485,0,485,873
11/05/2021,TMB,FL,ASO,ES,Towers with Radar,0,14,31,0,45,0,0,29,0,29,0,14,60,0,74,141,0,141,215
11/06/2021,TMB,FL,ASO,ES,Towers with Radar,0,5,61,0,66,0,2,151,0,153,0,7,212,0,219,78,0,78,297
11/07/2021,TMB,FL,ASO,ES,Towers with Radar,0,20,71,0,91,0,0,238,0,238,0,20,309,0,329,151,0,151,480
11/08/2021,TMB,FL,ASO,ES,Towers with Radar,2,7,75,2,86,0,0,406,0,406,2,7,481,2,492,312,0,312,804
11/09/2021,TMB,FL,ASO,ES,Towers with Radar,0,7,76,0,83,0,3,313,1,317,0,10,389,1,400,327,0,327,727
11/10/2021,TMB,FL,ASO,ES,Towers with Radar,0,16,110,0,126,0,4,297,0,301,0,20,407,0,427,269,0,269,696
11/11/2021,TMB,FL,ASO,ES,Towers with Radar,0,16,53,0,69,0,0,249,0,249,0,16,302,0,318,297,0,297,615
11/12/2021,TMB,FL,ASO,ES,Towers with Radar,0,7,72,0,79,0,0,192,0,192,0,7,264,0,271,271,0,271,542
11/13/2021,TMB,FL,ASO,ES,Towers with Radar,1,13,57,0,71,0,0,275,2,277,1,13,332,2,348,278,0,278,626
11/14/2021,TMB,FL,ASO,ES,Towers with Radar,0,9,73,1,83,0,0,244,0,244,0,9,317,1,327,222,0,222,549
11/15/2021,TMB,FL,ASO,ES,Towers with Radar,0,14,73,0,87,0,3,290,0,293,0,17,363,0,380,335,0,335,715
11/16/2021,TMB,FL,ASO,ES,Towers with Radar,0,5,109,0,114,0,0,337,0,337,0,5,446,0,451,439,0,439,890
11/17/2021,TMB,FL,ASO,ES,Towers with Radar,0,19,63,0,82,0,0,198,0,198,0,19,261,0,280,293,0,293,573
11/18/2021,TMB,FL,ASO,ES,Towers with Radar,0,14,55,0,69,0,0,74,0,74,0,14,129,0,143,144,0,144,287
11/19/2021,TMB,FL,ASO,ES,Towers with Radar,0,22,83,0,105,0,2,116,0,118,0,24,199,0,223,97,0,97,320
11/20/2021,TMB,FL,ASO,ES,Towers with Radar,0,30,62,0,92,0,0,76,0,76,0,30,138,0,168,40,0,40,208
11/21/2021,TMB,FL,ASO,ES,Towers with Radar,0,19,64,0,83,0,0,173,0,173,0,19,237,0,256,235,0,235,491
11/22/2021,TMB,FL,ASO,ES,Towers with Radar,0,19,62,0,81,0,3,194,0,197,0,22,256,0,278,197,0,197,475
11/23/2021,TMB,FL,ASO,ES,Towers with Radar,0,20,68,0,88,0,2,288,0,290,0,22,356,0,378,102,0,102,480
11/24/2021,TMB,FL,ASO,ES,Towers with Radar,0,4,107,0,111,0,1,384,0,385,0,5,491,0,496,356,0,356,852
11/25/2021,TMB,FL,ASO,ES,Towers with Radar,0,3,67,0,70,0,1,163,0,164,0,4,230,0,234,73,0,73,307
11/26/2021,TMB,FL,ASO,ES,Towers with Radar,0,12,64,0,76,0,3,356,0,359,0,15,420,0,435,324,0,324,759
11/27/2021,TMB,FL,ASO,ES,Towers with Radar,0,12,51,0,63,0,1,341,1,343,0,13,392,1,406,333,0,333,739
11/28/2021,TMB,FL,ASO,ES,Towers with Radar,0,24,107,0,131,0,2,264,0,266,0,26,371,0,397,135,0,135,532
11/29/2021,TMB,FL,ASO,ES,Towers with Radar,0,23,88,0,111,0,0,241,0,241,0,23,329,0,352,175,0,175,527
11/30/2021,TMB,FL,ASO,ES,Towers with Radar,0,28,89,0,117,0,0,356,0,356,0,28,445,0,473,432,0,432,905
12/01/2021,TMB,FL,ASO,ES,Towers with Radar,0,15,85,0,100,0,5,346,1,352,0,20,431,1,452,321,0,321,773
12/02/2021,TMB,FL,ASO,ES,Towers with Radar,0,20,63,0,83,0,1,269,0,270,0,21,332,0,353,400,0,400,753
12/03/2021,TMB,FL,ASO,ES,Towers with Radar,0,13,89,0,102,0,4,305,0,309,0,17,394,0,411,372,0,372,783
12/04/2021,TMB,FL,ASO,ES,Towers with Radar,0,11,56,0,67,0,0,279,0,279,0,11,335,0,346,273,0,273,619
12/05/2021,TMB,FL,ASO,ES,Towers with Radar,0,14,55,0,69,0,1,254,0,255,0,15,309,0,324,165,0,165,489
12/06/2021,TMB,FL,ASO,ES,Towers with Radar,0,17,44,0,61,0,0,137,0,137,0,17,181,0,198,174,0,174,372
12/07/2021,TMB,FL,ASO,ES,Towers with Radar,0,7,75,0,82,0,5,354,0,359,0,12,429,0,441,456,0,456,897
12/08/2021,TMB,FL,ASO,ES,Towers with Radar,0,9,81,1,91,0,2,280,0,282,0,11,361,1,373,427,0,427,800
12/09/2021,TMB,FL,ASO,ES,Towers with Radar,0,9,96,0,105,0,3,281,0,284,0,12,377,0,389,337,0,337,726
12/10/2021,TMB,FL,ASO,ES,Towers with Radar,0,14,56,0,70,0,0,301,0,301,0,14,357,0,371,384,0,384,755
12/11/2021,TMB,FL,ASO,ES,Towers with Radar,0,8,64,0,72,0,0,319,0,319,0,8,383,0,391,197,0,197,588
12/12/2021,TMB,FL,ASO,ES,Towers with Radar,0,5,75,0,80,0,0,265,1,266,0,5,340,1,346,187,0,187,533
12/13/2021,TMB,FL,ASO,ES,Towers with Radar,0,7,82,0,89,0,0,239,0,239,0,7,321,0,328,410,0,410,738
12/14/2021,TMB,FL,ASO,ES,Towers with Radar,0,7,91,0,98,0,0,328,0,328,0,7,419,0,426,269,0,269,695
12/15/2021,TMB,FL,ASO,ES,Towers with Radar,0,9,80,0,89,0,1,246,0,247,0,10,326,0,336,245,0,245,581
12/16/2021,TMB,FL,ASO,ES,Towers with Radar,0,10,61,0,71,0,0,206,0,206,0,10,267,0,277,185,0,185,462
12/17/2021,TMB,FL,ASO,ES,Towers with Radar,0,14,92,0,106,0,0,236,0,236,0,14,328,0,342,334,0,334,676
12/18/2021,TMB,FL,ASO,ES,Towers with Radar,0,26,41,0,67,0,0,243,0,243,0,26,284,0,310,116,0,116,426
12/19/2021,TMB,FL,ASO,ES,Towers with Radar,0,13,50,0,63,0,0,155,0,155,0,13,205,0,218,163,0,163,381
12/20/2021,TMB,FL,ASO,ES,Towers with Radar,0,9,75,4,88,0,1,222,0,223,0,10,297,4,311,244,0,244,555
12/21/2021,TMB,FL,ASO,ES,Towers with Radar,0,16,30,0,46,0,0,59,0,59,0,16,89,0,105,72,0,72,177
12/22/2021,TMB,FL,ASO,ES,Towers with Radar,0,23,56,0,79,0,5,269,1,275,0,28,325,1,354,167,0,167,521
12/23/2021,TMB,FL,ASO,ES,Towers with Radar,1,13,60,0,74,0,1,278,0,279,1,14,338,0,353,203,0,203,556
12/24/2021,TMB,FL,ASO,ES,Towers with Radar,0,3,39,0,42,0,0,146,0,146,0,3,185,0,188,145,0,145,333
12/25/2021,TMB,FL,ASO,ES,Towers with Radar,0,12,22,0,34,0,0,80,0,80,0,12,102,0,114,56,0,56,170
12/26/2021,TMB,FL,ASO,ES,Towers with Radar,0,25,90,0,115,0,0,215,0,215,0,25,305,0,330,64,0,64,394
12/27/2021,TMB,FL,ASO,ES,Towers with Radar,0,25,78,0,103,0,0,231,0,231,0,25,309,0,334,233,0,233,567
12/28/2021,TMB,FL,ASO,ES,Towers with Radar,0,15,45,0,60,0,2,197,0,199,0,17,242,0,259,244,0,244,503
12/29/2021,TMB,FL,ASO,ES,Towers with Radar,0,12,54,0,66,0,0,252,0,252,0,12,306,0,318,251,0,251,569
12/30/2021,TMB,FL,ASO,ES,Towers with Radar,0,10,45,0,55,0,0,209,0,209,0,10,254,0,264,186,0,186,450
12/31/2021,TMB,FL,ASO,ES,Towers with Radar,1,11,30,0,42,0,1,152,0,153,1,12,182,0,195,96,0,96,291
01/01/2022,TMB,FL,ASO,ES,Towers with Radar,0,14,44,0,58,0,0,143,0,143,0,14,187,0,201,70,0,70,271
01/02/2022,TMB,FL,ASO,ES,Towers with Radar,0,50,82,1,133,1,1,166,0,168,1,51,248,1,301,59,0,59,360
01/03/2022,TMB,FL,ASO,ES,Towers with Radar,0,24,67,0,91,0,4,184,0,188,0,28,251,0,279,128,0,128,407
01/04/2022,TMB,FL,ASO,ES,Towers with Radar,0,23,77,0,100,0,0,218,0,218,0,23,295,0,318,219,0,219,537
01/05/2022,TMB,FL,ASO,ES,Towers with Radar,0,14,48,0,62,0,0,165,0,165,0,14,213,0,227,193,0,193,420
01/06/2022,TMB,FL,ASO,ES,Towers with Radar,0,11,56,0,67,0,6,236,0,242,0,17,292,0,309,191,0,191,500
01/07/2022,TMB,FL,ASO,ES,Towers with Radar,0,11,77,4,92,0,0,220,0,220,0,11,297,4,312,275,0,275,587
01/08/2022,TMB,FL,ASO,ES,Towers with Radar,0,5,40,0,45,0,0,112,0,112,0,5,152,0,157,9,0,9,166
01/09/2022,TMB,FL,ASO,ES,Towers with Radar,0,16,55,0,71,0,0,115,0,115,0,16,170,0,186,76,0,76,262
01/10/2022,TMB,FL,ASO,ES,Towers with Radar,0,13,51,0,64,0,0,215,0,215,0,13,266,0,279,249,0,249,528
01/11/2022,TMB,FL,ASO,ES,Towers with Radar,0,6,57,0,63,0,0,171,0,171,0,6,228,0,234,204,0,204,438
01/12/2022,TMB,FL,ASO,ES,Towers with Radar,0,9,76,0,85,0,0,191,0,191,0,9,267,0,276,241,0,241,517
01/13/2022,TMB,FL,ASO,ES,Towers with Radar,0,14,60,0,74,0,0,259,0,259,0,14,319,0,333,270,0,270,603
01/14/2022,TMB,FL,ASO,ES,Towers with Radar,0,11,83,0,94,0,3,262,0,265,0,14,345,0,359,146,0,146,505
01/15/2022,TMB,FL,ASO,ES,Towers with Radar,0,13,74,0,87,0,3,336,0,339,0,16,410,0,426,305,0,305,731
01/16/2022,TMB,FL,ASO,ES,Towers with Radar,0,15,31,0,46,0,0,38,0,38,0,15,69,0,84,0,0,0,84
01/17/2022,TMB,FL,ASO,ES,Towers with Radar,0,32,87,0,119,0,0,262,0,262,0,32,349,0,381,135,0,135,516
01/18/2022,TMB,FL,ASO,ES,Towers with Radar,0,16,76,0,92,0,5,309,0,314,0,21,385,0,406,413,0,413,819
01/19/2022,TMB,FL,ASO,ES,Towers with Radar,0,19,61,0,80,0,2,178,0,180,0,21,239,0,260,151,0,151,411
01/20/2022,TMB,FL,ASO,ES,Towers with Radar,0,8,86,0,94,0,0,250,0,250,0,8,336,0,344,260,0,260,604
01/21/2022,TMB,FL,ASO,ES,Towers with Radar,0,16,84,0,100,0,3,272,0,275,0,19,356,0,375,405,0,405,780
01/22/2022,TMB,FL,ASO,ES,Towers with Radar,0,12,39,0,51,0,0,120,0,120,0,12,159,0,171,216,0,216,387
01/23/2022,TMB,FL,ASO,ES,Towers with Radar,0,7,67,0,74,0,1,63,0,64,0,8,130,0,138,43,0,43,181
01/24/2022,TMB,FL,ASO,ES,Towers with Radar,0,16,58,0,74,0,2,309,0,311,0,18,367,0,385,230,0,230,615
01/25/2022,TMB,FL,ASO,ES,Towers with Radar,0,15,81,0,96,0,4,300,0,304,0,19,381,0,400,471,0,471,871
01/26/2022,TMB,FL,ASO,ES,Towers with Radar,0,16,74,0,90,0,0,110,0,110,0,16,184,0,200,147,0,147,347
01/27/2022,TMB,FL,ASO,ES,Towers with Radar,0,13,78,0,91,0,1,225,0,226,0,14,303,0,317,365,0,365,682
01/28/2022,TMB,FL,ASO,ES,Towers with Radar,0,16,82,0,98,0,1,131,0,132,0,17,213,0,230,74,0,74,304
01/29/2022,TMB,FL,ASO,ES,Towers with Radar,0,18,23,0,41,0,0,92,0,92,0,18,115,0,133,52,0,52,185
01/30/2022,TMB,FL,ASO,ES,Towers with Radar,0,17,73,0,90,0,1,320,0,321,0,18,393,0,411,281,0,281,692
01/31/2022,TMB,FL,ASO,ES,Towers with Radar,0,8,72,0,80,0,2,372,0,374,0,10,444,0,454,315,0,315,769
02/01/2022,TMB,FL,ASO,ES,Towers with Radar,0,11,86,0,97,0,0,325,0,325,0,11,411,0,422,346,0,346,768
02/02/2022,TMB,FL,ASO,ES,Towers with Radar,0,13,75,0,88,0,2,239,0,241,0,15,314,0,329,248,0,248,577
02/03/2022,TMB,FL,ASO,ES,Towers with Radar,0,7,74,0,81,0,0,272,0,272,0,7,346,0,353,308,0,308,661
02/04/2022,TMB,FL,ASO,ES,Towers with Radar,0,15,67,0,82,0,0,301,0,301,0,15,368,0,383,430,0,430,813
02/05/2022,TMB,FL,ASO,ES,Towers with Radar,0,9,77,1,87,0,1,384,0,385,0,10,461,1,472,433,0,433,905
02/06/2022,TMB,FL,ASO,ES,Towers with Radar,0,13,62,0,75,0,1,244,0,245,0,14,306,0,320,229,0,229,549
02/07/2022,TMB,FL,ASO,ES,Towers with Radar,0,11,75,0,86,0,1,244,0,245,0,12,319,0,331,243,0,243,574
02/08/2022,TMB,FL,ASO,ES,Towers with Radar,0,12,68,0,80,0,1,251,0,252,0,13,319,0,332,281,0,281,613
02/09/2022,TMB,FL,ASO,ES,Towers with Radar,0,13,59,0,72,0,0,67,0,67,0,13,126,0,139,42,0,42,181
02/10/2022,TMB,FL,ASO,ES,Towers with Radar,0,20,78,0,98,0,0,352,0,352,0,20,430,0,450,344,0,344,794
02/11/2022,TMB,FL,ASO,ES,Towers with Radar,0,21,91,0,112,72,4,308,0,384,72,25,399,0,496,516,0,516,1012
02/12/2022,TMB,FL,ASO,ES,Towers with Radar,0,6,64,0,70,0,4,414,0,418,0,10,478,0,488,503,0,503,991
02/13/2022,TMB,FL,ASO,ES,Towers with Radar,0,23,50,0,73,0,4,122,0,126,0,27,172,0,199,97,0,97,296
02/14/2022,TMB,FL,ASO,ES,Towers with Radar,0,17,45,0,62,0,3,258,0,261,0,20,303,0,323,153,0,153,476
02/15/2022,TMB,FL,ASO,ES,Towers with Radar,0,10,89,0,99,0,2,231,0,233,0,12,320,0,332,163,0,163,495
02/16/2022,TMB,FL,ASO,ES,Towers with Radar,0,30,72,5,107,0,1,201,5,207,0,31,273,10,314,210,0,210,524
02/17/2022,TMB,FL,ASO,ES,Towers with Radar,0,29,94,0,123,66,0,186,0,252,66,29,280,0,375,354,0,354,729
02/18/2022,TMB,FL,ASO,ES,Towers with Radar,0,22,126,1,149,0,4,370,0,374,0,26,496,1,523,399,0,399,922
02/19/2022,TMB,FL,ASO,ES,Towers with Radar,0,22,75,0,97,0,1,247,0,248,0,23,322,0,345,226,0,226,571
02/20/2022,TMB,FL,ASO,ES,Towers with Radar,0,27,70,0,97,0,0,318,0,318,0,27,388,0,415,168,0,168,583
02/21/2022,TMB,FL,ASO,ES,Towers with Radar,0,29,120,0,149,0,2,423,0,425,0,31,543,0,574,456,0,456,1030
02/22/2022,TMB,FL,ASO,ES,Towers with Radar,0,13,72,2,87,0,0,326,0,326,0,13,398,2,413,348,0,348,761
02/23/2022,TMB,FL,ASO,ES,Towers with Radar,0,19,97,0,116,0,4,312,0,316,0,23,409,0,432,413,0,413,845
02/24/2022,TMB,FL,ASO,ES,Towers with Radar,0,12,79,0,91,0,1,326,0,327,0,13,405,0,418,492,0,492,910
02/25/2022,TMB,FL,ASO,ES,Towers with Radar,0,16,132,0,148,0,3,409,0,412,0,19,541,0,560,459,0,459,1019
02/26/2022,TMB,FL,ASO,ES,Towers with Radar,0,15,83,0,98,0,4,343,0,347,0,19,426,0,445,288,0,288,733
02/27/2022,TMB,FL,ASO,ES,Towers with Radar,0,18,71,0,89,0,0,266,0,266,0,18,337,0,355,231,0,231,586
02/28/2022,TMB,FL,ASO,ES,Towers with Radar,0,21,76,0,97,0,1,286,0,287,0,22,362,0,384,347,0,347,731
03/01/2022,TMB,FL,ASO,ES,Towers with Radar,0,17,79,0,96,0,2,238,0,240,0,19,317,0,336,346,0,346,682
03/02/2022,TMB,FL,ASO,ES,Towers with Radar,0,13,78,0,91,0,2,216,0,218,0,15,294,0,309,377,0,377,686
03/03/2022,TMB,FL,ASO,ES,Towers with Radar,0,11,80,2,93,0,2,374,0,376,0,13,454,2,469,462,0,462,931
03/04/2022,TMB,FL,ASO,ES,Towers with Radar,0,25,72,3,100,0,1,286,0,287,0,26,358,3,387,235,0,235,622
03/05/2022,TMB,FL,ASO,ES,Towers with Radar,0,7,43,0,50,0,2,191,1,194,0,9,234,1,244,18,0,18,262
03/06/2022,TMB,FL,ASO,ES,Towers with Radar,0,11,61,0,72,0,0,172,0,172,0,11,233,0,244,220,0,220,464
03/07/2022,TMB,FL,ASO,ES,Towers with Radar,0,26,60,0,86,0,0,141,0,141,0,26,201,0,227,127,0,127,354
03/08/2022,TMB,FL,ASO,ES,Towers with Radar,0,12,79,0,91,0,2,264,0,266,0,14,343,0,357,266,0,266,623
03/09/2022,TMB,FL,ASO,ES,Towers with Radar,0,16,58,0,74,0,0,221,0,221,0,16,279,0,295,241,0,241,536
03/10/2022,TMB,FL,ASO,ES,Towers with Radar,0,11,60,0,71,0,1,282,0,283,0,12,342,0,354,306,0,306,660
03/11/2022,TMB,FL,ASO,ES,Towers with Radar,0,20,86,0,106,0,1,297,0,298,0,21,383,0,404,333,0,333,737
03/12/2022,TMB,FL,ASO,ES,Towers with Radar,0,20,45,0,65,0,1,110,0,111,0,21,155,0,176,27,0,27,203
03/13/2022,TMB,FL,ASO,ES,Towers with Radar,0,25,84,0,109,0,1,211,0,212,0,26,295,0,321,59,0,59,380
03/14/2022,TMB,FL,ASO,ES,Towers with Radar,0,27,88,0,115,0,3,213,0,216,0,30,301,0,331,125,0,125,456
03/15/2022,TMB,FL,ASO,ES,Towers with Radar,0,8,44,0,52,0,0,84,0,84,0,8,128,0,136,119,0,119,255
03/16/2022,TMB,FL,ASO,ES,Towers with Radar,0,11,73,0,84,0,2,269,0,271,0,13,342,0,355,267,0,267,622
03/17/2022,TMB,FL,ASO,ES,Towers with Radar,0,15,65,0,80,0,1,235,0,236,0,16,300,0,316,497,0,497,813
03/18/2022,TMB,FL,ASO,ES,Towers with Radar,0,21,99,0,120,0,6,392,0,398,0,27,491,0,518,542,0,542,1060
03/19/2022,TMB,FL,ASO,ES,Towers with Radar,0,19,88,0,107,0,0,349,0,349,0,19,437,0,456,480,0,480,936
03/20/2022,TMB,FL,ASO,ES,Towers with Radar,0,23,71,0,94,0,2,190,0,192,0,25,261,0,286,180,0,180,466
03/21/2022,TMB,FL,ASO,ES,Towers with Radar,0,12,66,0,78,0,4,328,0,332,0,16,394,0,410,326,0,326,736
03/22/2022,TMB,FL,ASO,ES,Towers with Radar,0,7,72,0,79,0,1,269,0,270,0,8,341,0,349,279,0,279,628
03/23/2022,TMB,FL,ASO,ES,Towers with Radar,0,17,79,0,96,0,0,257,0,257,0,17,336,0,353,346,0,346,699
03/24/2022,TMB,FL,ASO,ES,Towers with Radar,0,18,53,0,71,0,0,118,2,120,0,18,171,2,191,82,0,82,273
03/25/2022,TMB,FL,ASO,ES,Towers with Radar,0,18,73,0,91,0,1,45,0,46,0,19,118,0,137,0,0,0,137
03/26/2022,TMB,FL,ASO,ES,Towers with Radar,0,13,51,0,64,0,2,390,1,393,0,15,441,1,457,220,0,220,677
03/27/2022,TMB,FL,ASO,ES,Towers with Radar,0,30,92,0,122,0,1,242,0,243,0,31,334,0,365,92,0,92,457
03/28/2022,TMB,FL,ASO,ES,Towers with Radar,0,12,85,5,102,0,3,350,0,353,0,15,435,5,455,439,0,439,894
03/29/2022,TMB,FL,ASO,ES,Towers with Radar,1,18,92,0,111,0,0,427,0,427,1,18,519,0,538,512,0,512,1050
03/30/2022,TMB,FL,ASO,ES,Towers with Radar,0,26,65,0,91,0,1,175,0,176,0,27,240,0,267,194,0,194,461
03/31/2022,TMB,FL,ASO,ES,Towers with Radar,0,14,74,1,89,0,0,148,0,148,0,14,222,1,237,105,0,105,342
04/01/2022,TMB,FL,ASO,ES,Towers with Radar,0,20,79,1,100,0,1,325,0,326,0,21,404,1,426,316,0,316,742
04/02/2022,TMB,FL,ASO,ES,Towers with Radar,0,13,61,0,74,0,0,359,0,359,0,13,420,0,433,291,0,291,724
04/03/2022,TMB,FL,ASO,ES,Towers with Radar,0,28,85,0,113,0,0,214,0,214,0,28,299,0,327,218,0,218,545
04/04/2022,TMB,FL,ASO,ES,Towers with Radar,0,20,42,0,62,0,0,124,0,124,0,20,166,0,186,220,0,220,406
04/05/2022,TMB,FL,ASO,ES,Towers with Radar,0,8,93,0,101,0,0,353,0,353,0,8,446,0,454,287,0,287,741
04/06/2022,TMB,FL,ASO,ES,Towers with Radar,0,12,88,0,100,0,2,316,0,318,0,14,404,0,418,365,0,365,783
04/07/2022,TMB,FL,ASO,ES,Towers with Radar,0,14,79,0,93,0,1,199,0,200,0,15,278,0,293,183,0,183,476
04/08/2022,TMB,FL,ASO,ES,Towers with Radar,0,32,89,0,121,0,0,378,0,378,0,32,467,0,499,324,0,324,823
04/09/2022,TMB,FL,ASO,ES,Towers with Radar,0,29,66,0,95,0,3,297,2,302,0,32,363,2,397,239,0,239,636
04/10/2022,TMB,FL,ASO,ES,Towers with Radar,0,24,94,0,118,0,1,322,0,323,0,25,416,0,441,131,0,131,572
04/11/2022,TMB,FL,ASO,ES,Towers with Radar,0,15,100,0,115,0,1,303,0,304,0,16,403,0,419,310,0,310,729
04/12/2022,TMB,FL,ASO,ES,Towers with Radar,0,11,82,0,93,0,0,333,0,333,0,11,415,0,426,226,0,226,652
04/13/2022,TMB,FL,ASO,ES,Towers with Radar,0,20,68,0,88,0,0,414,0,414,0,20,482,0,502,338,0,338,840
04/14/2022,TMB,FL,ASO,ES,Towers with Radar,0,24,107,0,131,0,2,283,0,285,0,26,390,0,416,456,0,456,872
04/15/2022,TMB,FL,ASO,ES,Towers with Radar,0,30,47,0,77,0,0,158,0,158,0,30,205,0,235,264,0,264,499
04/16/2022,TMB,FL,ASO,ES,Towers with Radar,0,19,74,0,93,0,0,364,2,366,0,19,438,2,459,297,0,297,756
04/17/2022,TMB,FL,ASO,ES,Towers with Radar,0,14,64,0,78,0,1,275,0,276,0,15,339,0,354,183,0,183,537
04/18/2022,TMB,FL,ASO,ES,Towers with Radar,0,26,111,0,137,0,3,306,0,309,0,29,417,0,446,273,0,273,719
04/19/2022,TMB,FL,ASO,ES,Towers with Radar,1,9,79,0,89,0,2,284,0,286,1,11,363,0,375,268,0,268,643
04/20/2022,TMB,FL,ASO,ES,Towers with Radar,0,15,67,0,82,0,0,264,0,264,0,15,331,0,346,301,0,301,647
04/21/2022,TMB,FL,ASO,ES,Towers with Radar,0,12,75,0,87,0,3,187,0,190,0,15,262,0,277,180,0,180,457
04/22/2022,TMB,FL,ASO,ES,Towers with Radar,0,8,63,0,71,0,0,121,0,121,0,8,184,0,192,120,0,120,312
04/23/2022,TMB,FL,ASO,ES,Towers with Radar,0,6,58,0,64,0,2,345,1,348,0,8,403,1,412,202,0,202,614
04/24/2022,TMB,FL,ASO,ES,Towers with Radar,0,17,78,0,95,0,0,272,0,272,0,17,350,0,367,163,0,163,530
04/25/2022,TMB,FL,ASO,ES,Towers with Radar,0,18,82,0,100,0,2,309,0,311,0,20,391,0,411,337,0,337,748
04/26/2022,TMB,FL,ASO,ES,Towers with Radar,0,7,70,0,77,0,0,357,0,357,0,7,427,0,434,382,0,382,816
04/27/2022,TMB,FL,ASO,ES,Towers with Radar,0,9,74,0,83,0,2,336,0,338,0,11,410,0,421,429,0,429,850
04/28/2022,TMB,FL,ASO,ES,Towers with Radar,0,7,62,0,69,0,1,273,0,274,0,8,335,0,343,295,0,295,638
04/29/2022,TMB,FL,ASO,ES,Towers with Radar,0,7,72,0,79,0,0,296,0,296,0,7,368,0,375,501,0,501,876
04/30/2022,TMB,FL,ASO,ES,Towers with Radar,0,3,51,1,55,0,1,178,1,180,0,4,229,2,235,166,0,166,401
05/01/2022,TMB,FL,ASO,ES,Towers with Radar,0,11,69,0,80,0,0,273,0,273,0,11,342,0,353,117,0,117,470
05/02/2022,TMB,FL,ASO,ES,Towers with Radar,0,17,60,0,77,0,0,291,0,291,0,17,351,0,368,398,0,398,766
05/03/2022,TMB,FL,ASO,ES,Towers with Radar,0,7,71,0,78,0,2,248,0,250,0,9,319,0,328,385,0,385,713
05/04/2022,TMB,FL,ASO,ES,Towers with Radar,0,14,56,0,70,0,0,261,0,261,0,14,317,0,331,231,0,231,562
05/05/2022,TMB,FL,ASO,ES,Towers with Radar,0,13,61,0,74,0,4,280,0,284,0,17,341,0,358,317,0,317,675
05/06/2022,TMB,FL,ASO,ES,Towers with Radar,0,14,89,0,103,0,2,327,1,330,0,16,416,1,433,403,0,403,836
05/07/2022,TMB,FL,ASO,ES,Towers with Radar,0,14,46,0,60,0,0,249,0,249,0,14,295,0,309,181,0,181,490
05/08/2022,TMB,FL,ASO,ES,Towers with Radar,0,16,60,0,76,0,0,205,0,205,0,16,265,0,281,122,0,122,403
05/09/2022,TMB,FL,ASO,ES,Towers with Radar,0,20,113,0,133,0,4,356,0,360,0,24,469,0,493,378,0,378,871
05/10/2022,TMB,FL,ASO,ES,Towers with Radar,0,7,48,0,55,0,2,312,0,314,0,9,360,0,369,391,0,391,760
05/11/2022,TMB,FL,ASO,ES,Towers with Radar,0,6,63,0,69,0,0,299,0,299,0,6,362,0,368,189,0,189,557
05/12/2022,TMB,FL,ASO,ES,Towers with Radar,0,4,66,0,70,0,0,254,2,256,0,4,320,2,326,252,0,252,578
05/13/2022,TMB,FL,ASO,ES,Towers with Radar,0,13,70,0,83,0,3,282,0,285,0,16,352,0,368,238,0,238,606
05/14/2022,TMB,FL,ASO,ES,Towers with Radar,0,3,27,0,30,0,1,298,1,300,0,4,325,1,330,146,0,146,476
05/15/2022,TMB,FL,ASO,ES,Towers with Radar,0,8,59,0,67,0,0,173,0,173,0,8,232,0,240,147,0,147,387
05/16/2022,TMB,FL,ASO,ES,Towers with Radar,0,11,46,0,57,0,0,175,0,175,0,11,221,0,232,314,0,314,546
05/17/2022,TMB,FL,ASO,ES,Towers with Radar,0,5,49,0,54,0,6,273,1,280,0,11,322,1,334,406,0,406,740
05/18/2022,TMB,FL,ASO,ES,Towers with Radar,0,14,64,0,78,0,2,309,0,311,0,16,373,0,389,356,0,356,745
05/19/2022,TMB,FL,ASO,ES,Towers with Radar,0,7,60,0,67,0,3,274,0,277,0,10,334,0,344,357,0,357,701
05/20/2022,TMB,FL,ASO,ES,Towers with Radar,0,12,59,0,71,0,0,141,0,141,0,12,200,0,212,197,0,197,409
05/21/2022,TMB,FL,ASO,ES,Towers with Radar,0,5,49,0,54,0,0,148,0,148,0,5,197,0,202,98,0,98,300
05/22/2022,TMB,FL,ASO,ES,Towers with Radar,0,10,68,0,78,0,0,219,1,220,0,10,287,1,298,170,0,170,468
05/23/2022,TMB,FL,ASO,ES,Towers with Radar,0,5,52,0,57,0,0,249,0,249,0,5,301,0,306,259,0,259,565
05/24/2022,TMB,FL,ASO,ES,Towers with Radar,0,11,71,0,82,0,2,312,0,314,0,13,383,0,396,379,0,379,775
05/25/2022,TMB,FL,ASO,ES,Towers with Radar,0,18,65,0,83,0,5,237,2,244,0,23,302,2,327,245,0,245,572
05/26/2022,TMB,FL,ASO,ES,Towers with Radar,0,16,87,0,103,0,0,355,0,355,0,16,442,0,458,343,0,343,801
05/27/2022,TMB,FL,ASO,ES,Towers with Radar,0,20,88,0,108,0,5,399,0,404,0,25,487,0,512,326,0,326,838
05/28/2022,TMB,FL,ASO,ES,Towers with Radar,0,6,52,0,58,0,0,227,1,228,0,6,279,1,286,240,0,240,526
05/29/2022,TMB,FL,ASO,ES,Towers with Radar,0,6,43,0,49,0,0,101,0,101,0,6,144,0,150,88,0,88,238
05/30/2022,TMB,FL,ASO,ES,Towers with Radar,0,26,63,0,89,0,1,203,0,204,0,27,266,0,293,200,0,200,493
05/31/2022,TMB,FL,ASO,ES,Towers with Radar,0,19,65,0,84,0,1,261,1,263,0,20,326,1,347,376,0,376,723
06/01/2022,TMB,FL,ASO,ES,Towers with Radar,0,15,50,0,65,0,1,255,0,256,0,16,305,0,321,277,0,277,598
06/02/2022,TMB,FL,ASO,ES,Towers with Radar,0,12,80,0,92,0,2,301,0,303,0,14,381,0,395,336,0,336,731
06/03/2022,TMB,FL,ASO,ES,Towers with Radar,0,18,36,0,54,0,0,18,0,18,0,18,54,0,72,0,0,0,72
06/04/2022,TMB,FL,ASO,ES,Towers with Radar,0,2,15,0,17,0,0,29,0,29,0,2,44,0,46,29,0,29,75
06/05/2022,TMB,FL,ASO,ES,Towers with Radar,0,11,68,4,83,0,1,271,0,272,0,12,339,4,355,260,0,260,615
06/06/2022,TMB,FL,ASO,ES,Towers with Radar,0,10,64,4,78,0,3,194,0,197,0,13,258,4,275,186,0,186,461
06/07/2022,TMB,FL,ASO,ES,Towers with Radar,0,7,42,0,49,0,0,170,0,170,0,7,212,0,219,236,0,236,455
06/08/2022,TMB,FL,ASO,ES,Towers with Radar,0,13,51,0,64,0,0,271,0,271,0,13,322,0,335,342,0,342,677
06/09/2022,TMB,FL,ASO,ES,Towers with Radar,0,22,56,0,78,0,1,269,0,270,0,23,325,0,348,305,0,305,653
06/10/2022,TMB,FL,ASO,ES,Towers with Radar,0,5,43,0,48,0,3,238,0,241,0,8,281,0,289,292,0,292,581
06/11/2022,TMB,FL,ASO,ES,Towers with Radar,0,4,47,0,51,0,1,271,2,274,0,5,318,2,325,137,0,137,462
06/12/2022,TMB,FL,ASO,ES,Towers with Radar,0,12,50,0,62,0,0,273,0,273,0,12,323,0,335,220,0,220,555
06/13/2022,TMB,FL,ASO,ES,Towers with Radar,0,9,70,0,79,0,1,322,0,323,0,10,392,0,402,388,0,388,790
06/14/2022,TMB,FL,ASO,ES,Towers with Radar,0,7,61,0,68,0,4,267,0,271,0,11,328,0,339,424,0,424,763
06/15/2022,TMB,FL,ASO,ES,Towers with Radar,0,7,81,0,88,0,4,321,0,325,0,11,402,0,413,380,0,380,793
06/16/2022,TMB,FL,ASO,ES,Towers with Radar,0,13,85,0,98,0,9,332,0,341,0,22,417,0,439,392,0,392,831
06/17/2022,TMB,FL,ASO,ES,Towers with Radar,0,8,73,0,81,0,2,254,0,256,0,10,327,0,337,266,0,266,603
06/18/2022,TMB,FL,ASO,ES,Towers with Radar,0,4,56,0,60,0,5,336,1,342,0,9,392,1,402,270,0,270,672
06/19/2022,TMB,FL,ASO,ES,Towers with Radar,0,14,47,0,61,0,0,233,0,233,0,14,280,0,294,161,0,161,455
06/20/2022,TMB,FL,ASO,ES,Towers with Radar,0,9,48,0,57,0,2,242,0,244,0,11,290,0,301,230,0,230,531
06/21/2022,TMB,FL,ASO,ES,Towers with Radar,0,13,73,0,86,0,0,243,0,243,0,13,316,0,329,308,0,308,637
06/22/2022,TMB,FL,ASO,ES,Towers with Radar,0,2,79,0,81,0,0,332,0,332,0,2,411,0,413,274,0,274,687
06/23/2022,TMB,FL,ASO,ES,Towers with Radar,0,14,85,0,99,0,1,373,0,374,0,15,458,0,473,468,0,468,941
06/24/2022,TMB,FL,ASO,ES,Towers with Radar,0,6,52,0,58,0,1,359,0,360,0,7,411,0,418,462,0,462,880
06/25/2022,TMB,FL,ASO,ES,Towers with Radar,0,8,42,0,50,0,0,231,1,232,0,8,273,1,282,209,0,209,491
06/26/2022,TMB,FL,ASO,ES,Towers with Radar,0,6,51,0,57,0,0,209,0,209,0,6,260,0,266,177,0,177,443
06/27/2022,TMB,FL,ASO,ES,Towers with Radar,0,14,64,0,78,0,2,267,0,269,0,16,331,0,347,348,0,348,695
06/28/2022,TMB,FL,ASO,ES,Towers with Radar,0,1,70,0,71,0,0,262,0,262,0,1,332,0,333,444,0,444,777
06/29/2022,TMB,FL,ASO,ES,Towers with Radar,0,9,49,0,58,0,0,256,0,256,0,9,305,0,314,380,0,380,694
06/30/2022,TMB,FL,ASO,ES,Towers with Radar,0,7,61,0,68,0,1,317,0,318,0,8,378,0,386,434,0,434,820
07/01/2022,TMB,FL,ASO,ES,Towers with Radar,0,8,82,2,92,0,6,345,0,351,0,14,427,2,443,409,0,409,852
07/02/2022,TMB,FL,ASO,ES,Towers with Radar,0,13,62,0,75,0,0,310,1,311,0,13,372,1,386,283,0,283,669
07/03/2022,TMB,FL,ASO,ES,Towers with Radar,0,9,39,0,48,0,0,234,0,234,0,9,273,0,282,217,0,217,499
07/04/2022,TMB,FL,ASO,ES,Towers with Radar,0,5,42,0,47,0,1,258,0,259,0,6,300,0,306,160,0,160,466
07/05/2022,TMB,FL,ASO,ES,Towers with Radar,0,12,80,0,92,0,1,255,0,256,0,13,335,0,348,370,0,370,718
07/06/2022,TMB,FL,ASO,ES,Towers with Radar,0,3,31,0,34,0,0,146,1,147,0,3,177,1,181,239,0,239,420
07/07/2022,TMB,FL,ASO,ES,Towers with Radar,0,7,69,0,76,0,2,335,0,337,0,9,404,0,413,486,0,486,899
07/08/2022,TMB,FL,ASO,ES,Towers with Radar,0,4,61,0,65,0,0,385,0,385,0,4,446,0,450,505,0,505,955
07/09/2022,TMB,FL,ASO,ES,Towers with Radar,0,5,53,0,58,0,0,331,0,331,0,5,384,0,389,295,0,295,684
07/10/2022,TMB,FL,ASO,ES,Towers with Radar,0,10,45,0,55,0,0,234,0,234,0,10,279,0,289,251,0,251,540
07/11/2022,TMB,FL,ASO,ES,Towers with Radar,0,9,41,0,50,0,1,258,0,259,0,10,299,0,309,409,0,409,718
07/12/2022,TMB,FL,ASO,ES,Towers with Radar,0,3,81,0,84,0,2,243,0,245,0,5,324,0,329,336,0,336,665
07/13/2022,TMB,FL,ASO,ES,Towers with Radar,0,7,49,0,56,0,0,207,0,207,0,7,256,0,263,330,0,330,593
07/14/2022,TMB,FL,ASO,ES,Towers with Radar,0,6,71,0,77,0,2,332,0,334,0,8,403,0,411,480,0,480,891
07/15/2022,TMB,FL,ASO,ES,Towers with Radar,0,8,62,0,70,0,0,248,0,248,0,8,310,0,318,409,0,409,727
07/16/2022,TMB,FL,ASO,ES,Towers with Radar,0,13,31,0,44,0,1,154,0,155,0,14,185,0,199,137,0,137,336
07/17/2022,TMB,FL,ASO,ES,Towers with Radar,0,9,54,0,63,0,1,167,0,168,0,10,221,0,231,149,0,149,380
07/18/2022,TMB,FL,ASO,ES,Towers with Radar,0,4,70,0,74,0,0,276,0,276,0,4,346,0,350,404,0,404,754
07/19/2022,TMB,FL,ASO,ES,Towers with Radar,0,9,68,0,77,0,8,316,0,324,0,17,384,0,401,415,0,415,816
07/20/2022,TMB,FL,ASO,ES,Towers with Radar,0,4,70,2,76,0,0,261,0,261,0,4,331,2,337,323,0,323,660
07/21/2022,TMB,FL,ASO,ES,Towers with Radar,0,6,81,0,87,0,0,335,0,335,0,6,416,0,422,377,0,377,799
07/22/2022,TMB,FL,ASO,ES,Towers with Radar,0,3,47,0,50,0,0,282,0,282,0,3,329,0,332,458,0,458,790
07/23/2022,TMB,FL,ASO,ES,Towers with Radar,0,6,59,0,65,0,1,288,0,289,0,7,347,0,354,328,0,328,682
07/24/2022,TMB,FL,ASO,ES,Towers with Radar,0,6,54,0,60,0,1,224,0,225,0,7,278,0,285,128,0,128,413
07/25/2022,TMB,FL,ASO,ES,Towers with Radar,0,2,51,0,53,0,3,252,0,255,0,5,303,0,308,381,0,381,689
07/26/2022,TMB,FL,ASO,ES,Towers with Radar,0,4,23,0,27,0,1,49,2,52,0,5,72,2,79,62,0,62,141
07/27/2022,TMB,FL,ASO,ES,Towers with Radar,1,7,87,0,95,0,5,287,0,292,1,12,374,0,387,594,0,594,981
07/28/2022,TMB,FL,ASO,ES,Towers with Radar,0,6,95,0,101,0,3,299,0,302,0,9,394,0,403,407,0,407,810
07/29/2022,TMB,FL,ASO,ES,Towers with Radar,0,5,65,0,70,0,2,318,0,320,0,7,383,0,390,359,0,359,749
07/30/2022,TMB,FL,ASO,ES,Towers with Radar,0,1,59,0,60,0,3,319,0,322,0,4,378,0,382,379,0,379,761
07/31/2022,TMB,FL,ASO,ES,Towers with Radar,0,9,50,0,59,0,1,283,0,284,0,10,333,0,343,257,0,257,600
08/01/2022,TMB,FL,ASO,ES,Towers with Radar,0,4,66,0,70,0,0,336,0,336,0,4,402,0,406,411,0,411,817
08/02/2022,TMB,FL,ASO,ES,Towers with Radar,0,9,60,0,69,0,0,310,0,310,0,9,370,0,379,343,0,343,722
08/03/2022,TMB,FL,ASO,ES,Towers with Radar,0,5,77,0,82,0,2,303,0,305,0,7,380,0,387,384,0,384,771
08/04/2022,TMB,FL,ASO,ES,Towers with Radar,0,5,68,0,73,0,4,322,0,326,0,9,390,0,399,441,0,441,840
08/05/2022,TMB,FL,ASO,ES,Towers with Radar,0,6,69,0,75,0,0,265,0,265,0,6,334,0,340,340,0,340,680
08/06/2022,TMB,FL,ASO,ES,Towers with Radar,0,4,45,0,49,0,1,268,2,271,0,5,313,2,320,279,0,279,599
08/07/2022,TMB,FL,ASO,ES,Towers with Radar,0,10,60,0,70,0,0,241,0,241,0,10,301,0,311,266,0,266,577
08/08/2022,TMB,FL,ASO,ES,Towers with Radar,0,7,77,0,84,0,2,331,0,333,0,9,408,0,417,323,0,323,740
08/09/2022,TMB,FL,ASO,ES,Towers with Radar,0,6,65,0,71,0,0,220,0,220,0,6,285,0,291,205,0,205,496
08/10/2022,TMB,FL,ASO,ES,Towers with Radar,0,6,71,0,77,0,2,361,0,363,0,8,432,0,440,425,0,425,865
08/11/2022,TMB,FL,ASO,ES,Towers with Radar,0,3,75,0,78,0,2,368,0,370,0,5,443,0,448,606,0,606,1054
08/12/2022,TMB,FL,ASO,ES,Towers with Radar,0,4,70,0,74,0,2,416,1,419,0,6,486,1,493,550,0,550,1043
08/13/2022,TMB,FL,ASO,ES,Towers with Radar,0,6,43,0,49,0,0,275,2,277,0,6,318,2,326,222,0,222,548
08/14/2022,TMB,FL,ASO,ES,Towers with Radar,0,5,32,0,37,0,0,259,2,261,0,5,291,2,298,315,1,316,614
08/15/2022,TMB,FL,ASO,ES,Towers with Radar,0,7,28,0,35,0,1,250,0,251,0,8,278,0,286,298,0,298,584
08/16/2022,TMB,FL,ASO,ES,Towers with Radar,0,9,48,0,57,0,0,270,0,270,0,9,318,0,327,366,0,366,693
08/17/2022,TMB,FL,ASO,ES,Towers with Radar,0,9,54,0,63,0,2,305,0,307,0,11,359,0,370,558,0,558,928
08/18/2022,TMB,FL,ASO,ES,Towers with Radar,0,7,62,0,69,0,0,274,0,274,0,7,336,0,343,427,0,427,770
08/19/2022,TMB,FL,ASO,ES,Towers with Radar,0,7,76,0,83,0,0,381,0,381,0,7,457,0,464,350,0,350,814
08/20/2022,TMB,FL,ASO,ES,Towers with Radar,0,1,63,0,64,0,0,338,2,340,0,1,401,2,404,220,0,220,624
08/21/2022,TMB,FL,ASO,ES,Towers with Radar,0,7,37,0,44,0,0,269,0,269,0,7,306,0,313,258,0,258,571
08/22/2022,TMB,FL,ASO,ES,Towers with Radar,0,0,74,0,74,0,0,328,0,328,0,0,402,0,402,421,0,421,823
08/23/2022,TMB,FL,ASO,ES,Towers with Radar,0,9,43,0,52,0,0,229,0,229,0,9,272,0,281,477,0,477,758
08/24/2022,TMB,FL,ASO,ES,Towers with Radar,0,2,76,0,78,0,0,256,0,256,0,2,332,0,334,271,0,271,605
08/25/2022,TMB,FL,ASO,ES,Towers with Radar,0,4,72,1,77,0,1,333,0,334,0,5,405,1,411,357,0,357,768
08/26/2022,TMB,FL,ASO,ES,Towers with Radar,0,4,60,0,64,0,2,289,0,291,0,6,349,0,355,420,0,420,775
08/27/2022,TMB,FL,ASO,ES,Towers with Radar,0,3,45,0,48,0,0,285,0,285,0,3,330,0,333,274,0,274,607
08/28/2022,TMB,FL,ASO,ES,Towers with Radar,0,1,50,0,51,0,2,227,0,229,0,3,277,0,280,140,0,140,420
08/29/2022,TMB,FL,ASO,ES,Towers with Radar,0,6,46,0,52,0,0,252,0,252,0,6,298,0,304,277,0,277,581
08/30/2022,TMB,FL,ASO,ES,Towers with Radar,0,5,72,0,77,0,0,313,0,313,0,5,385,0,390,366,0,366,756
08/31/2022,TMB,FL,ASO,ES,Towers with Radar,0,5,52,0,57,0,0,224,0,224,0,5,276,0,281,305,0,305,586
09/01/2022,TMB,FL,ASO,ES,Towers with Radar,0,9,72,0,81,0,1,274,0,275,0,10,346,0,356,277,0,277,633
09/02/2022,TMB,FL,ASO,ES,Towers with Radar,0,2,52,0,54,0,4,348,0,352,0,6,400,0,406,456,0,456,862
09/03/2022,TMB,FL,ASO,ES,Towers with Radar,0,0,54,0,54,0,3,350,2,355,0,3,404,2,409,251,0,251,660
09/04/2022,TMB,FL,ASO,ES,Towers with Radar,0,3,35,0,38,0,0,217,0,217,0,3,252,0,255,151,0,151,406
09/05/2022,TMB,FL,ASO,ES,Towers with Radar,0,7,72,0,79,0,0,353,2,355,0,7,425,2,434,353,0,353,787
09/06/2022,TMB,FL,ASO,ES,Towers with Radar,0,12,71,0,83,0,1,291,0,292,0,13,362,0,375,278,0,278,653
09/07/2022,TMB,FL,ASO,ES,Towers with Radar,0,8,55,0,63,0,2,299,0,301,0,10,354,0,364,306,0,306,670
09/08/2022,TMB,FL,ASO,ES,Towers with Radar,0,12,44,0,56,0,2,192,0,194,0,14,236,0,250,172,0,172,422
09/09/2022,TMB,FL,ASO,ES,Towers with Radar,0,4,45,0,49,0,0,303,0,303,0,4,348,0,352,340,0,340,692
09/10/2022,TMB,FL,ASO,ES,Towers with Radar,0,10,52,0,62,0,1,307,1,309,0,11,359,1,371,182,0,182,553
09/11/2022,TMB,FL,ASO,ES,Towers with Radar,0,7,62,0,69,0,0,246,0,246,0,7,308,0,315,199,0,199,514
09/12/2022,TMB,FL,ASO,ES,Towers with Radar,0,4,55,0,59,0,1,257,0,258,0,5,312,0,317,293,0,293,610
09/13/2022,TMB,FL,ASO,ES,Towers with Radar,0,6,55,0,61,0,0,265,0,265,0,6,320,0,326,269,0,269,595
09/14/2022,TMB,FL,ASO,ES,Towers with Radar,0,5,70,0,75,0,0,166,0,166,0,5,236,0,241,246,0,246,487
09/15/2022,TMB,FL,ASO,ES,Towers with Radar,0,7,63,0,70,0,0,188,1,189,0,7,251,1,259,216,0,216,475
09/16/2022,TMB,FL,ASO,ES,Towers with Radar,0,8,64,0,72,0,1,251,0,252,0,9,315,0,324,446,0,446,770
09/17/2022,TMB,FL,ASO,ES,Towers with Radar,0,4,63,0,67,0,0,286,0,286,0,4,349,0,353,221,0,221,574
09/18/2022,TMB,FL,ASO,ES,Towers with Radar,0,14,55,0,69,0,1,185,0,186,0,15,240,0,255,260,0,260,515
09/19/2022,TMB,FL,ASO,ES,Towers with Radar,0,7,73,0,80,0,1,239,0,240,0,8,312,0,320,433,0,433,753
09/20/2022,TMB,FL,ASO,ES,Towers with Radar,0,16,63,1,80,0,0,281,1,282,0,16,344,2,362,336,0,336,698
09/21/2022,TMB,FL,ASO,ES,Towers with Radar,0,9,80,0,89,0,1,297,0,298,0,10,377,0,387,331,0,331,718
09/22/2022,TMB,FL,ASO,ES,Towers with Radar,0,3,59,0,62,0,2,271,0,273,0,5,330,0,335,232,0,232,567
09/23/2022,TMB,FL,ASO,ES,Towers with Radar,0,9,98,1,108,0,0,375,1,376,0,9,473,2,484,458,0,458,942
09/24/2022,TMB,FL,ASO,ES,Towers with Radar,0,6,67,0,73,0,0,259,0,259,0,6,326,0,332,184,0,184,516
09/25/2022,TMB,FL,ASO,ES,Towers with Radar,0,7,63,0,70,0,0,237,0,237,0,7,300,0,307,183,0,183,490
09/26/2022,TMB,FL,ASO,ES,Towers with Radar,0,10,60,3,73,0,0,148,0,148,0,10,208,3,221,207,0,207,428
09/27/2022,TMB,FL,ASO,ES,Towers with Radar,0,7,18,0,25,0,0,6,0,6,0,7,24,0,31,0,0,0,31
09/28/2022,TMB,FL,ASO,ES,Towers with Radar,0,1,2,0,3,0,0,4,0,4,0,1,6,0,7,0,0,0,7
09/29/2022,TMB,FL,ASO,ES,Towers with Radar,0,3,28,0,31,0,0,80,0,80,0,3,108,0,111,128,0,128,239
09/30/2022,TMB,FL,ASO,ES,Towers with Radar,0,7,82,1,90,0,2,400,0,402,0,9,482,1,492,363,0,363,855
10/01/2022,TMB,FL,ASO,ES,Towers with Radar,0,7,49,0,56,0,0,321,2,323,0,7,370,2,379,300,0,300,679
10/02/2022,TMB,FL,ASO,ES,Towers with Radar,1,9,56,0,66,0,2,247,0,249,1,11,303,0,315,258,0,258,573
10/03/2022,TMB,FL,ASO,ES,Towers with Radar,0,2,50,0,52,0,0,239,0,239,0,2,289,0,291,527,0,527,818
10/04/2022,TMB,FL,ASO,ES,Towers with Radar,0,6,66,0,72,0,2,273,0,275,0,8,339,0,347,318,0,318,665
10/05/2022,TMB,FL,ASO,ES,Towers with Radar,0,10,72,0,82,0,4,345,0,349,0,14,417,0,431,523,0,523,954
10/06/2022,TMB,FL,ASO,ES,Towers with Radar,0,13,85,0,98,0,2,345,0,347,0,15,430,0,445,505,0,505,950
10/07/2022,TMB,FL,ASO,ES,Towers with Radar,0,17,82,0,99,0,2,355,0,357,0,19,437,0,456,372,0,372,828
10/08/2022,TMB,FL,ASO,ES,Towers with Radar,0,7,62,0,69,0,0,301,2,303,0,7,363,2,372,221,0,221,593
10/09/2022,TMB,FL,ASO,ES,Towers with Radar,0,8,58,0,66,0,0,102,0,102,0,8,160,0,168,145,0,145,313
10/10/2022,TMB,FL,ASO,ES,Towers with Radar,0,8,72,0,80,0,3,311,0,314,0,11,383,0,394,366,0,366,760
10/11/2022,TMB,FL,ASO,ES,Towers with Radar,0,10,69,0,79,0,1,296,0,297,0,11,365,0,376,266,0,266,642
10/12/2022,TMB,FL,ASO,ES,Towers with Radar,0,9,82,0,91,0,2,335,0,337,0,11,417,0,428,342,0,342,770
10/13/2022,TMB,FL,ASO,ES,Towers with Radar,0,20,48,0,68,0,0,147,1,148,0,20,195,1,216,187,0,187,403
10/14/2022,TMB,FL,ASO,ES,Towers with Radar,0,9,73,0,82,0,2,350,0,352,0,11,423,0,434,420,0,420,854
10/15/2022,TMB,FL,ASO,ES,Towers with Radar,0,10,60,0,70,0,0,265,2,267,0,10,325,2,337,292,0,292,629
10/16/2022,TMB,FL,ASO,ES,Towers with Radar,0,6,70,0,76,0,0,249,0,249,0,6,319,0,325,226,0,226,551
10/17/2022,TMB,FL,ASO,ES,Towers with Radar,0,12,68,0,80,0,2,264,0,266,0,14,332,0,346,431,0,431,777
10/18/2022,TMB,FL,ASO,ES,Towers with Radar,0,2,49,0,51,0,0,260,0,260,0,2,309,0,311,433,0,433,744
10/19/2022,TMB,FL,ASO,ES,Towers with Radar,0,11,67,0,78,0,0,142,0,142,0,11,209,0,220,170,0,170,390
10/20/2022,TMB,FL,ASO,ES,Towers with Radar,0,8,60,0,68,0,0,369,0,369,0,8,429,0,437,571,0,571,1008
10/21/2022,TMB,FL,ASO,ES,Towers with Radar,0,28,57,0,85,0,0,313,0,313,0,28,370,0,398,347,0,347,745
10/22/2022,TMB,FL,ASO,ES,Towers with Radar,0,24,77,0,101,0,2,405,0,407,0,26,482,0,508,265,0,265,773
10/23/2022,TMB,FL,ASO,ES,Towers with Radar,0,17,71,0,88,0,0,269,0,269,0,17,340,0,357,190,0,190,547
10/24/2022,TMB,FL,ASO,ES,Towers with Radar,0,2,92,1,95,0,5,302,0,307,0,7,394,1,402,462,0,462,864
10/25/2022,TMB,FL,ASO,ES,Towers with Radar,2,9,71,0,82,0,0,297,0,297,2,9,368,0,379,453,0,453,832
10/26/2022,TMB,FL,ASO,ES,Towers with Radar,0,1,71,0,72,0,0,362,0,362,0,1,433,0,434,464,0,464,898
10/27/2022,TMB,FL,ASO,ES,Towers with Radar,0,3,95,0,98,0,2,384,0,386,0,5,479,0,484,510,0,510,994
10/28/2022,TMB,FL,ASO,ES,Towers with Radar,0,2,76,2,80,0,2,415,1,418,0,4,491,3,498,522,0,522,1020
10/29/2022,TMB,FL,ASO,ES,Towers with Radar,0,8,53,0,61,0,0,382,0,382,0,8,435,0,443,357,0,357,800
10/30/2022,TMB,FL,ASO,ES,Towers with Radar,0,9,68,0,77,0,0,262,0,262,0,9,330,0,339,224,0,224,563
10/31/2022,TMB,FL,ASO,ES,Towers with Radar,0,4,57,0,61,0,0,269,0,269,0,4,326,0,330,397,0,397,727
11/01/2022,TMB,FL,ASO,ES,Towers with Radar,0,19,72,0,91,0,1,188,0,189,0,20,260,0,280,297,0,297,577
11/02/2022,TMB,FL,ASO,ES,Towers with Radar,0,21,61,0,82,0,2,300,0,302,0,23,361,0,384,450,0,450,834
11/03/2022,TMB,FL,ASO,ES,Towers with Radar,0,7,82,0,89,0,7,393,1,401,0,14,475,1,490,471,0,471,961
11/04/2022,TMB,FL,ASO,ES,Towers with Radar,1,16,83,0,100,0,1,306,1,308,1,17,389,1,408,381,0,381,789
11/05/2022,TMB,FL,ASO,ES,Towers with Radar,0,6,58,0,64,0,3,326,2,331,0,9,384,2,395,281,0,281,676
11/06/2022,TMB,FL,ASO,ES,Towers with Radar,0,14,68,0,82,0,0,241,0,241,0,14,309,0,323,254,0,254,577
11/07/2022,TMB,FL,ASO,ES,Towers with Radar,0,13,45,3,61,0,4,189,0,193,0,17,234,3,254,146,0,146,400
11/08/2022,TMB,FL,ASO,ES,Towers with Radar,1,15,46,0,62,0,1,140,0,141,1,16,186,0,203,88,0,88,291
11/09/2022,TMB,FL,ASO,ES,Towers with Radar,0,17,18,0,35,0,0,7,0,7,0,17,25,0,42,1,0,1,43
11/10/2022,TMB,FL,ASO,ES,Towers with Radar,0,5,39,0,44,0,0,54,0,54,0,5,93,0,98,48,0,48,146
11/11/2022,TMB,FL,ASO,ES,Towers with Radar,0,17,76,0,93,0,2,356,0,358,0,19,432,0,451,325,0,325,776
11/12/2022,TMB,FL,ASO,ES,Towers with Radar,0,14,78,0,92,0,1,351,0,352,0,15,429,0,444,267,0,267,711
11/13/2022,TMB,FL,ASO,ES,Towers with Radar,0,14,66,0,80,0,2,268,0,270,0,16,334,0,350,313,0,313,663
11/14/2022,TMB,FL,ASO,ES,Towers with Radar,0,22,78,0,100,0,3,241,0,244,0,25,319,0,344,464,0,464,808
11/15/2022,TMB,FL,ASO,ES,Towers with Radar,0,23,67,3,93,0,2,334,1,337,0,25,401,4,430,526,0,526,956
11/16/2022,TMB,FL,ASO,ES,Towers with Radar,0,12,91,0,103,0,3,291,0,294,0,15,382,0,397,395,0,395,792
11/17/2022,TMB,FL,ASO,ES,Towers with Radar,0,18,101,0,119,0,0,162,0,162,0,18,263,0,281,182,0,182,463
11/18/2022,TMB,FL,ASO,ES,Towers with Radar,0,16,93,0,109,0,1,412,0,413,0,17,505,0,522,390,0,390,912
11/19/2022,TMB,FL,ASO,ES,Towers with Radar,0,21,77,0,98,0,5,245,0,250,0,26,322,0,348,185,0,185,533
11/20/2022,TMB,FL,ASO,ES,Towers with Radar,0,34,67,0,101,0,0,2,0,2,0,34,69,0,103,1,0,1,104
11/21/2022,TMB,FL,ASO,ES,Towers with Radar,0,18,71,0,89,0,0,55,0,55,0,18,126,0,144,70,0,70,214
11/22/2022,TMB,FL,ASO,ES,Towers with Radar,0,26,109,0,135,0,0,312,0,312,0,26,421,0,447,398,0,398,845
11/23/2022,TMB,FL,ASO,ES,Towers with Radar,0,15,81,0,96,0,0,341,0,341,0,15,422,0,437,398,0,398,835
11/24/2022,TMB,FL,ASO,ES,Towers with Radar,0,3,42,0,45,0,1,213,0,214,0,4,255,0,259,179,0,179,438
11/25/2022,TMB,FL,ASO,ES,Towers with Radar,0,4,56,0,60,0,0,341,0,341,0,4,397,0,401,423,0,423,824
11/26/2022,TMB,FL,ASO,ES,Towers with Radar,0,19,48,0,67,0,2,361,1,364,0,21,409,1,431,277,0,277,708
11/27/2022,TMB,FL,ASO,ES,Towers with Radar,0,30,84,0,114,0,0,260,0,260,0,30,344,0,374,179,0,179,553
11/28/2022,TMB,FL,ASO,ES,Towers with Radar,0,14,101,0,115,0,0,307,0,307,0,14,408,0,422,276,0,276,698
11/29/2022,TMB,FL,ASO,ES,Towers with Radar,0,18,74,0,92,0,0,296,0,296,0,18,370,0,388,342,24,366,754
11/30/2022,TMB,FL,ASO,ES,Towers with Radar,0,18,83,0,101,0,1,309,0,310,0,19,392,0,411,325,0,325,736
12/01/2022,TMB,FL,ASO,ES,Towers with Radar,0,28,73,0,101,0,0,169,0,169,0,28,242,0,270,175,0,175,445
12/02/2022,TMB,FL,ASO,ES,Towers with Radar,0,19,83,0,102,0,4,302,0,306,0,23,385,0,408,217,0,217,625
12/03/2022,TMB,FL,ASO,ES,Towers with Radar,0,7,62,0,69,0,0,396,0,396,0,7,458,0,465,269,0,269,734
12/04/2022,TMB,FL,ASO,ES,Towers with Radar,0,19,68,0,87,0,0,229,0,229,0,19,297,0,316,130,0,130,446
12/05/2022,TMB,FL,ASO,ES,Towers with Radar,0,10,77,0,87,0,1,273,0,274,0,11,350,0,361,382,0,382,743
12/06/2022,TMB,FL,ASO,ES,Towers with Radar,0,3,88,0,91,0,2,301,0,303,0,5,389,0,394,379,0,379,773
12/07/2022,TMB,FL,ASO,ES,Towers with Radar,0,10,84,0,94,0,0,350,0,350,0,10,434,0,444,350,0,350,794
12/08/2022,TMB,FL,ASO,ES,Towers with Radar,0,8,101,0,109,0,2,373,0,375,0,10,474,0,484,553,0,553,1037
12/09/2022,TMB,FL,ASO,ES,Towers with Radar,0,7,87,0,94,0,0,339,0,339,0,7,426,0,433,442,0,442,875
12/10/2022,TMB,FL,ASO,ES,Towers with Radar,0,3,69,0,72,0,3,300,2,305,0,6,369,2,377,234,0,234,611
12/11/2022,TMB,FL,ASO,ES,Towers with Radar,0,5,67,0,72,0,0,274,0,274,0,5,341,0,346,200,0,200,546
12/12/2022,TMB,FL,ASO,ES,Towers with Radar,0,15,55,0,70,0,3,159,0,162,0,18,214,0,232,322,0,322,554
12/13/2022,TMB,FL,ASO,ES,Towers with Radar,0,10,102,0,112,0,4,279,0,283,0,14,381,0,395,316,0,316,711
12/14/2022,TMB,FL,ASO,ES,Towers with Radar,0,5,81,0,86,0,2,276,0,278,0,7,357,0,364,474,0,474,838
12/15/2022,TMB,FL,ASO,ES,Towers with Radar,0,12,58,0,70,0,2,256,0,258,0,14,314,0,328,218,0,218,546
12/16/2022,TMB,FL,ASO,ES,Towers with Radar,0,9,86,0,95,0,0,200,0,200,0,9,286,0,295,346,0,346,641
12/17/2022,TMB,FL,ASO,ES,Towers with Radar,0,10,77,0,87,0,1,135,0,136,0,11,212,0,223,273,0,273,496
12/18/2022,TMB,FL,ASO,ES,Towers with Radar,0,5,59,0,64,0,0,112,0,112,0,5,171,0,176,40,0,40,216
12/19/2022,TMB,FL,ASO,ES,Towers with Radar,0,7,71,0,78,0,4,283,4,291,0,11,354,4,369,387,0,387,756
12/20/2022,TMB,FL,ASO,ES,Towers with Radar,0,8,61,0,69,0,2,230,0,232,0,10,291,0,301,279,0,279,580
12/21/2022,TMB,FL,ASO,ES,Towers with Radar,0,10,61,0,71,0,0,314,0,314,0,10,375,0,385,328,0,328,713
12/22/2022,TMB,FL,ASO,ES,Towers with Radar,0,20,85,0,105,0,0,359,7,366,0,20,444,7,471,389,0,389,860
12/23/2022,TMB,FL,ASO,ES,Towers with Radar,0,11,50,0,61,0,0,169,5,174,0,11,219,5,235,251,0,251,486
12/24/2022,TMB,FL,ASO,ES,Towers with Radar,0,3,34,1,38,0,0,159,0,159,0,3,193,1,197,24,0,24,221
12/25/2022,TMB,FL,ASO,ES,Towers with Radar,0,20,10,0,30,0,0,33,0,33,0,20,43,0,63,12,0,12,75
12/26/2022,TMB,FL,ASO,ES,Towers with Radar,0,28,112,0,140,0,0,75,0,75,0,28,187,0,215,28,0,28,243
12/27/2022,TMB,FL,ASO,ES,Towers with Radar,0,20,90,0,110,0,0,183,0,183,0,20,273,0,293,149,0,149,442
12/28/2022,TMB,FL,ASO,ES,Towers with Radar,0,31,61,0,92,0,1,418,0,419,0,32,479,0,511,232,0,232,743
12/29/2022,TMB,FL,ASO,ES,Towers with Radar,0,12,69,0,81,0,1,318,0,319,0,13,387,0,400,266,0,266,666
12/30/2022,TMB,FL,ASO,ES,Towers with Radar,0,6,55,0,61,0,0,382,12,394,0,6,437,12,455,309,0,309,764
12/31/2022,TMB,FL,ASO,ES,Towers with Radar,0,9,44,0,53,0,0,254,9,263,0,9,298,9,316,167,0,167,483
01/01/2023,TMB,FL,ASO,ES,Towers with Radar,0,21,49,0,70,0,0,116,0,116,0,21,165,0,186,67,0,67,253
01/02/2023,TMB,FL,ASO,ES,Towers with Radar,0,45,87,0,132,0,1,305,0,306,0,46,392,0,438,260,0,260,698
01/03/2023,TMB,FL,ASO,ES,Towers with Radar,0,14,83,0,97,0,2,259,0,261,0,16,342,0,358,241,0,241,599
01/04/2023,TMB,FL,ASO,ES,Towers with Radar,0,14,60,0,74,0,2,272,0,274,0,16,332,0,348,233,0,233,581
01/05/2023,TMB,FL,ASO,ES,Towers with Radar,2,8,64,0,74,0,2,350,1,353,2,10,414,1,427,350,0,350,777
01/06/2023,TMB,FL,ASO,ES,Towers with Radar,0,10,70,0,80,0,0,318,1,319,0,10,388,1,399,247,0,247,646
01/07/2023,TMB,FL,ASO,ES,Towers with Radar,0,14,72,0,86,0,0,390,11,401,0,14,462,11,487,308,0,308,795
01/08/2023,TMB,FL,ASO,ES,Towers with Radar,0,10,55,0,65,0,0,243,12,255,0,10,298,12,320,219,0,219,539
01/09/2023,TMB,FL,ASO,ES,Towers with Radar,0,7,58,0,65,0,4,208,7,219,0,11,266,7,284,318,0,318,602
01/10/2023,TMB,FL,ASO,ES,Towers with Radar,0,10,56,0,66,0,0,313,0,313,0,10,369,0,379,370,0,370,749
01/11/2023,TMB,FL,ASO,ES,Towers with Radar,0,4,42,0,46,0,1,367,0,368,0,5,409,0,414,265,0,265,679
01/12/2023,TMB,FL,ASO,ES,Towers with Radar,0,11,80,0,91,0,0,307,1,308,0,11,387,1,399,132,0,132,531
01/13/2023,TMB,FL,ASO,ES,Towers with Radar,0,16,61,0,77,0,1,183,1,185,0,17,244,1,262,215,0,215,477
01/14/2023,TMB,FL,ASO,ES,Towers with Radar,0,9,50,0,59,0,0,222,0,222,0,9,272,0,281,104,0,104,385
01/15/2023,TMB,FL,ASO,ES,Towers with Radar,0,11,90,0,101,0,2,229,8,239,0,13,319,8,340,294,0,294,634
01/16/2023,TMB,FL,ASO,ES,Towers with Radar,0,8,100,0,108,0,2,374,5,381,0,10,474,5,489,458,0,458,947
01/17/2023,TMB,FL,ASO,ES,Towers with Radar,0,11,75,0,86,0,4,333,0,337,0,15,408,0,423,397,0,397,820
01/18/2023,TMB,FL,ASO,ES,Towers with Radar,0,11,94,0,105,0,0,354,0,354,0,11,448,0,459,366,0,366,825
01/19/2023,TMB,FL,ASO,ES,Towers with Radar,0,11,108,0,119,0,2,366,8,376,0,13,474,8,495,346,0,346,841
01/20/2023,TMB,FL,ASO,ES,Towers with Radar,0,8,85,2,95,0,6,320,6,332,0,14,405,8,427,341,0,341,768
01/21/2023,TMB,FL,ASO,ES,Towers with Radar,0,5,50,0,55,0,0,314,11,325,0,5,364,11,380,340,0,340,720
01/22/2023,TMB,FL,ASO,ES,Towers with Radar,0,3,54,0,57,0,1,210,0,211,0,4,264,0,268,45,0,45,313
01/23/2023,TMB,FL,ASO,ES,Towers with Radar,0,5,45,0,50,0,0,284,2,286,0,5,329,2,336,409,0,409,745
01/24/2023,TMB,FL,ASO,ES,Towers with Radar,0,10,90,0,100,0,0,228,0,228,0,10,318,0,328,439,0,439,767
01/25/2023,TMB,FL,ASO,ES,Towers with Radar,0,6,87,0,93,0,0,223,0,223,0,6,310,0,316,289,0,289,605
01/26/2023,TMB,FL,ASO,ES,Towers with Radar,0,8,73,0,81,0,1,281,2,284,0,9,354,2,365,340,0,340,705
01/27/2023,TMB,FL,ASO,ES,Towers with Radar,0,11,65,0,76,0,0,224,0,224,0,11,289,0,300,143,0,143,443
01/28/2023,TMB,FL,ASO,ES,Towers with Radar,0,1,75,0,76,0,0,299,2,301,0,1,374,2,377,194,0,194,571
01/29/2023,TMB,FL,ASO,ES,Towers with Radar,0,11,82,0,93,0,0,249,0,249,0,11,331,0,342,276,0,276,618
01/30/2023,TMB,FL,ASO,ES,Towers with Radar,0,2,77,0,79,0,0,290,6,296,0,2,367,6,375,466,0,466,841
01/31/2023,TMB,FL,ASO,ES,Towers with Radar,0,10,77,0,87,0,1,326,0,327,0,11,403,0,414,417,0,417,831
02/01/2023,TMB,FL,ASO,ES,Towers with Radar,0,9,76,0,85,0,4,327,0,331,0,13,403,0,416,400,0,400,816
02/02/2023,TMB,FL,ASO,ES,Towers with Radar,0,10,70,0,80,0,0,325,6,331,0,10,395,6,411,356,0,356,767
02/03/2023,TMB,FL,ASO,ES,Towers with Radar,0,13,67,0,80,0,0,380,0,380,0,13,447,0,460,449,0,449,909
02/04/2023,TMB,FL,ASO,ES,Towers with Radar,0,14,61,0,75,0,0,90,0,90,0,14,151,0,165,31,0,31,196
02/05/2023,TMB,FL,ASO,ES,Towers with Radar,0,25,43,0,68,0,0,83,0,83,0,25,126,0,151,204,0,204,355
02/06/2023,TMB,FL,ASO,ES,Towers with Radar,0,9,98,0,107,0,0,361,1,362,0,9,459,1,469,399,0,399,868
02/07/2023,TMB,FL,ASO,ES,Towers with Radar,0,12,75,0,87,0,0,291,1,292,0,12,366,1,379,261,0,261,640
02/08/2023,TMB,FL,ASO,ES,Towers with Radar,0,4,89,0,93,0,0,362,2,364,0,4,451,2,457,463,0,463,920
02/09/2023,TMB,FL,ASO,ES,Towers with Radar,0,23,76,0,99,0,0,246,0,246,0,23,322,0,345,286,0,286,631
02/10/2023,TMB,FL,ASO,ES,Towers with Radar,0,14,87,0,101,0,0,354,1,355,0,14,441,1,456,361,0,361,817
02/11/2023,TMB,FL,ASO,ES,Towers with Radar,0,13,62,0,75,0,2,326,7,335,0,15,388,7,410,222,0,222,632
02/12/2023,TMB,FL,ASO,ES,Towers with Radar,0,17,40,0,57,0,1,197,0,198,0,18,237,0,255,140,0,140,395
02/13/2023,TMB,FL,ASO,ES,Towers with Radar,0,12,78,0,90,0,0,306,4,310,0,12,384,4,400,305,0,305,705
02/14/2023,TMB,FL,ASO,ES,Towers with Radar,0,6,52,0,58,0,2,334,0,336,0,8,386,0,394,399,0,399,793
02/15/2023,TMB,FL,ASO,ES,Towers with Radar,0,26,103,0,129,0,0,346,1,347,0,26,449,1,476,282,0,282,758
02/16/2023,TMB,FL,ASO,ES,Towers with Radar,0,11,121,0,132,0,1,314,0,315,0,12,435,0,447,324,0,324,771
02/17/2023,TMB,FL,ASO,ES,Towers with Radar,0,24,101,0,125,0,3,287,0,290,0,27,388,0,415,318,0,318,733
02/18/2023,TMB,FL,ASO,ES,Towers with Radar,0,16,88,0,104,0,0,256,0,256,0,16,344,0,360,284,0,284,644
02/19/2023,TMB,FL,ASO,ES,Towers with Radar,0,17,61,1,79,0,0,277,13,290,0,17,338,14,369,278,0,278,647
02/20/2023,TMB,FL,ASO,ES,Towers with Radar,0,20,75,0,95,0,0,350,2,352,0,20,425,2,447,407,0,407,854
02/21/2023,TMB,FL,ASO,ES,Towers with Radar,0,13,57,0,70,0,1,305,2,308,0,14,362,2,378,491,0,491,869
02/22/2023,TMB,FL,ASO,ES,Towers with Radar,0,11,55,0,66,0,2,312,0,314,0,13,367,0,380,209,0,209,589
02/23/2023,TMB,FL,ASO,ES,Towers with Radar,0,22,80,0,102,0,0,286,0,286,0,22,366,0,388,403,0,403,791
02/24/2023,TMB,FL,ASO,ES,Towers with Radar,0,16,72,0,88,0,0,336,0,336,0,16,408,0,424,456,0,456,880
02/25/2023,TMB,FL,ASO,ES,Towers with Radar,0,9,69,0,78,0,0,430,0,430,0,9,499,0,508,262,0,262,770
02/26/2023,TMB,FL,ASO,ES,Towers with Radar,0,26,73,0,99,0,1,290,0,291,0,27,363,0,390,342,0,342,732
02/27/2023,TMB,FL,ASO,ES,Towers with Radar,0,17,47,0,64,0,2,239,0,241,0,19,286,0,305,316,0,316,621
02/28/2023,TMB,FL,ASO,ES,Towers with Radar,0,14,65,0,79,0,3,294,0,297,0,17,359,0,376,554,0,554,930
03/01/2023,TMB,FL,ASO,ES,Towers with Radar,0,23,84,0,107,0,3,328,0,331,0,26,412,0,438,540,0,540,978
03/02/2023,TMB,FL,ASO,ES,Towers with Radar,0,12,66,0,78,0,1,266,0,267,0,13,332,0,345,291,0,291,636
03/03/2023,TMB,FL,ASO,ES,Towers with Radar,0,17,68,0,85,0,0,197,0,197,0,17,265,0,282,167,0,167,449
03/04/2023,TMB,FL,ASO,ES,Towers with Radar,0,10,52,0,62,0,0,333,1,334,0,10,385,1,396,233,0,233,629
03/05/2023,TMB,FL,ASO,ES,Towers with Radar,0,18,74,0,92,0,1,291,0,292,0,19,365,0,384,262,0,262,646
03/06/2023,TMB,FL,ASO,ES,Towers with Radar,0,12,83,0,95,0,0,271,0,271,0,12,354,0,366,373,0,373,739
03/07/2023,TMB,FL,ASO,ES,Towers with Radar,0,12,64,0,76,0,2,294,0,296,0,14,358,0,372,377,0,377,749
03/08/2023,TMB,FL,ASO,ES,Towers with Radar,0,17,82,0,99,0,0,288,0,288,0,17,370,0,387,360,0,360,747
03/09/2023,TMB,FL,ASO,ES,Towers with Radar,0,9,89,0,98,0,2,345,0,347,0,11,434,0,445,403,0,403,848
03/10/2023,TMB,FL,ASO,ES,Towers with Radar,0,20,85,2,107,0,1,366,8,375,0,21,451,10,482,313,0,313,795
03/11/2023,TMB,FL,ASO,ES,Towers with Radar,0,20,62,0,82,0,1,424,12,437,0,21,486,12,519,318,0,318,837
03/12/2023,TMB,FL,ASO,ES,Towers with Radar,0,24,68,0,92,0,1,303,14,318,0,25,371,14,410,277,0,277,687
03/13/2023,TMB,FL,ASO,ES,Towers with Radar,0,9,56,0,65,0,0,319,0,319,0,9,375,0,384,361,0,361,745
03/14/2023,TMB,FL,ASO,ES,Towers with Radar,0,9,77,0,86,0,0,248,0,248,0,9,325,0,334,351,0,351,685
03/15/2023,TMB,FL,ASO,ES,Towers with Radar,0,4,123,0,127,0,4,370,1,375,0,8,493,1,502,384,0,384,886
03/16/2023,TMB,FL,ASO,ES,Towers with Radar,0,15,116,0,131,0,1,503,0,504,0,16,619,0,635,400,0,400,1035
03/17/2023,TMB,FL,ASO,ES,Towers with Radar,0,19,104,0,123,0,0,391,2,393,0,19,495,2,516,428,0,428,944
03/18/2023,TMB,FL,ASO,ES,Towers with Radar,0,35,73,0,108,0,0,373,2,375,0,35,446,2,483,258,0,258,741
03/19/2023,TMB,FL,ASO,ES,Towers with Radar,0,25,57,0,82,0,0,146,0,146,0,25,203,0,228,179,0,179,407
03/20/2023,TMB,FL,ASO,ES,Towers with Radar,0,9,61,1,71,0,2,277,0,279,0,11,338,1,350,167,0,167,517
03/21/2023,TMB,FL,ASO,ES,Towers with Radar,0,7,81,0,88,0,0,408,3,411,0,7,489,3,499,482,0,482,981
03/22/2023,TMB,FL,ASO,ES,Towers with Radar,0,8,94,0,102,0,6,424,0,430,0,14,518,0,532,446,0,446,978
03/23/2023,TMB,FL,ASO,ES,Towers with Radar,0,11,84,0,95,0,1,392,2,395,0,12,476,2,490,446,0,446,936
03/24/2023,TMB,FL,ASO,ES,Towers with Radar,0,21,82,2,105,0,0,375,16,391,0,21,457,18,496,539,0,539,1035
03/25/2023,TMB,FL,ASO,ES,Towers with Radar,0,10,77,0,87,0,3,330,16,349,0,13,407,16,436,213,0,213,649
03/26/2023,TMB,FL,ASO,ES,Towers with Radar,1,21,91,0,113,0,3,293,2,298,1,24,384,2,411,217,0,217,628
03/27/2023,TMB,FL,ASO,ES,Towers with Radar,0,9,99,0,108,0,1,327,10,338,0,10,426,10,446,313,0,313,759
03/28/2023,TMB,FL,ASO,ES,Towers with Radar,0,10,56,0,66,0,0,297,1,298,0,10,353,1,364,506,0,506,870
03/29/2023,TMB,FL,ASO,ES,Towers with Radar,0,6,62,4,72,0,0,262,0,262,0,6,324,4,334,325,0,325,659
03/30/2023,TMB,FL,ASO,ES,Towers with Radar,0,15,63,0,78,0,0,202,0,202,0,15,265,0,280,309,0,309,589
03/31/2023,TMB,FL,ASO,ES,Towers with Radar,0,14,74,2,90,0,2,395,0,397,0,16,469,2,487,350,0,350,837
04/01/2023,TMB,FL,ASO,ES,Towers with Radar,0,17,58,2,77,0,0,352,0,352,0,17,410,2,429,208,0,208,637
04/02/2023,TMB,FL,ASO,ES,Towers with Radar,0,22,46,0,68,0,0,292,0,292,0,22,338,0,360,264,0,264,624
04/03/2023,TMB,FL,ASO,ES,Towers with Radar,0,12,79,0,91,0,0,311,0,311,0,12,390,0,402,371,0,371,773
04/04/2023,TMB,FL,ASO,ES,Towers with Radar,0,10,76,5,91,0,0,366,3,369,0,10,442,8,460,465,0,465,925
04/05/2023,TMB,FL,ASO,ES,Towers with Radar,1,9,104,0,114,0,1,313,0,314,1,10,417,0,428,363,0,363,791
04/06/2023,TMB,FL,ASO,ES,Towers with Radar,0,14,107,0,121,0,2,330,0,332,0,16,437,0,453,307,0,307,760
04/07/2023,TMB,FL,ASO,ES,Towers with Radar,0,12,89,0,101,0,2,375,2,379,0,14,464,2,480,225,0,225,705
04/08/2023,TMB,FL,ASO,ES,Towers with Radar,0,12,73,0,85,0,2,331,12,345,0,14,404,12,430,366,0,366,796
04/09/2023,TMB,FL,ASO,ES,Towers with Radar,0,31,58,0,89,0,1,253,8,262,0,32,311,8,351,251,0,251,602
04/10/2023,TMB,FL,ASO,ES,Towers with Radar,0,29,82,1,112,0,0,77,0,77,0,29,159,1,189,28,0,28,217
04/11/2023,TMB,FL,ASO,ES,Towers with Radar,0,25,46,0,71,0,0,26,0,26,0,25,72,0,97,41,0,41,138
04/12/2023,TMB,FL,ASO,ES,Towers with Radar,0,19,55,0,74,0,0,16,0,16,0,19,71,0,90,26,0,26,116
04/13/2023,TMB,FL,ASO,ES,Towers with Radar,0,15,90,0,105,0,4,298,1,303,0,19,388,1,408,342,0,342,750
04/14/2023,TMB,FL,ASO,ES,Towers with Radar,0,28,86,0,114,0,3,321,0,324,0,31,407,0,438,330,0,330,768
04/15/2023,TMB,FL,ASO,ES,Towers with Radar,0,15,92,0,107,0,2,407,2,411,0,17,499,2,518,252,0,252,770
04/16/2023,TMB,FL,ASO,ES,Towers with Radar,1,17,61,0,79,0,1,272,0,273,1,18,333,0,352,195,0,195,547
04/17/2023,TMB,FL,ASO,ES,Towers with Radar,0,15,49,0,64,0,0,267,0,267,0,15,316,0,331,388,0,388,719
04/18/2023,TMB,FL,ASO,ES,Towers with Radar,0,10,105,0,115,0,2,427,0,429,0,12,532,0,544,351,0,351,895
04/19/2023,TMB,FL,ASO,ES,Towers with Radar,0,10,92,5,107,0,2,397,7,406,0,12,489,12,513,479,0,479,992
04/20/2023,TMB,FL,ASO,ES,Towers with Radar,0,16,91,0,107,0,2,385,0,387,0,18,476,0,494,451,0,451,945
04/21/2023,TMB,FL,ASO,ES,Towers with Radar,0,10,88,0,98,0,0,374,1,375,0,10,462,1,473,527,0,527,1000
04/22/2023,TMB,FL,ASO,ES,Towers with Radar,0,9,69,0,78,0,1,332,2,335,0,10,401,2,413,301,0,301,714
04/23/2023,TMB,FL,ASO,ES,Towers with Radar,0,11,73,0,84,0,1,315,0,316,0,12,388,0,400,311,0,311,711
04/24/2023,TMB,FL,ASO,ES,Towers with Radar,0,11,57,0,68,0,3,137,0,140,0,14,194,0,208,332,0,332,540
04/25/2023,TMB,FL,ASO,ES,Towers with Radar,0,6,69,0,75,0,0,237,0,237,0,6,306,0,312,440,0,440,752
04/26/2023,TMB,FL,ASO,ES,Towers with Radar,0,8,91,0,99,0,0,313,0,313,0,8,404,0,412,398,0,398,810
04/27/2023,TMB,FL,ASO,ES,Towers with Radar,0,8,103,0,111,0,0,363,0,363,0,8,466,0,474,424,0,424,898
04/28/2023,TMB,FL,ASO,ES,Towers with Radar,0,14,55,0,69,0,0,133,0,133,0,14,188,0,202,104,0,104,306
04/29/2023,TMB,FL,ASO,ES,Towers with Radar,0,10,50,0,60,0,0,283,1,284,0,10,333,1,344,151,0,151,495
04/30/2023,TMB,FL,ASO,ES,Towers with Radar,0,9,32,0,41,0,0,88,0,88,0,9,120,0,129,25,0,25,154
05/01/2023,TMB,FL,ASO,ES,Towers with Radar,0,8,96,0,104,0,0,336,0,336,0,8,432,0,440,382,0,382,822
05/02/2023,TMB,FL,ASO,ES,Towers with Radar,0,7,61,0,68,0,0,341,0,341,0,7,402,0,409,469,0,469,878
05/03/2023,TMB,FL,ASO,ES,Towers with Radar,0,6,82,0,88,0,4,354,0,358,0,10,436,0,446,407,0,407,853
05/04/2023,TMB,FL,ASO,ES,Towers with Radar,0,20,76,0,96,0,0,369,0,369,0,20,445,0,465,498,0,498,963
05/05/2023,TMB,FL,ASO,ES,Towers with Radar,0,10,84,0,94,0,4,366,0,370,0,14,450,0,464,498,0,498,962
05/06/2023,TMB,FL,ASO,ES,Towers with Radar,0,4,75,0,79,0,0,340,0,340,0,4,415,0,419,368,0,368,787
05/07/2023,TMB,FL,ASO,ES,Towers with Radar,0,15,41,0,56,0,1,217,1,219,0,16,258,1,275,97,0,97,372
05/08/2023,TMB,FL,ASO,ES,Towers with Radar,0,19,112,0,131,0,3,311,0,314,0,22,423,0,445,431,0,431,876
05/09/2023,TMB,FL,ASO,ES,Towers with Radar,0,3,77,0,80,0,1,333,0,334,0,4,410,0,414,376,0,376,790
05/10/2023,TMB,FL,ASO,ES,Towers with Radar,0,14,77,0,91,0,0,290,0,290,0,14,367,0,381,538,0,538,919
05/11/2023,TMB,FL,ASO,ES,Towers with Radar,0,13,89,1,103,0,1,308,0,309,0,14,397,1,412,419,0,419,831
05/12/2023,TMB,FL,ASO,ES,Towers with Radar,0,3,89,0,92,0,2,392,0,394,0,5,481,0,486,388,0,388,874
05/13/2023,TMB,FL,ASO,ES,Towers with Radar,0,8,66,0,74,0,2,312,0,314,0,10,378,0,388,295,0,295,683
05/14/2023,TMB,FL,ASO,ES,Towers with Radar,0,8,54,0,62,0,0,197,0,197,0,8,251,0,259,252,0,252,511
05/15/2023,TMB,FL,ASO,ES,Towers with Radar,0,5,73,0,78,0,0,238,0,238,0,5,311,0,316,345,2,347,663
05/16/2023,TMB,FL,ASO,ES,Towers with Radar,0,6,103,0,109,0,0,316,0,316,0,6,419,0,425,505,0,505,930
05/17/2023,TMB,FL,ASO,ES,Towers with Radar,0,9,71,0,80,0,0,302,0,302,0,9,373,0,382,348,0,348,730
05/18/2023,TMB,FL,ASO,ES,Towers with Radar,0,15,56,0,71,0,0,276,0,276,0,15,332,0,347,216,0,216,563
05/19/2023,TMB,FL,ASO,ES,Towers with Radar,0,11,66,0,77,0,0,266,0,266,0,11,332,0,343,299,0,299,642
05/20/2023,TMB,FL,ASO,ES,Towers with Radar,0,5,92,0,97,0,0,279,0,279,0,5,371,0,376,252,0,252,628
05/21/2023,TMB,FL,ASO,ES,Towers with Radar,0,17,75,0,92,0,0,253,0,253,0,17,328,0,345,238,0,238,583
05/22/2023,TMB,FL,ASO,ES,Towers with Radar,0,19,107,0,126,0,3,305,0,308,0,22,412,0,434,462,0,462,896
05/23/2023,TMB,FL,ASO,ES,Towers with Radar,0,15,71,0,86,0,0,237,0,237,0,15,308,0,323,359,0,359,682
05/24/2023,TMB,FL,ASO,ES,Towers with Radar,0,6,50,0,56,0,0,247,0,247,0,6,297,0,303,288,0,288,591
05/25/2023,TMB,FL,ASO,ES,Towers with Radar,0,15,65,1,81,0,2,224,5,231,0,17,289,6,312,370,0,370,682
05/26/2023,TMB,FL,ASO,ES,Towers with Radar,0,17,81,0,98,0,3,322,0,325,0,20,403,0,423,206,0,206,629
05/27/2023,TMB,FL,ASO,ES,Towers with Radar,0,6,67,0,73,0,0,413,2,415,0,6,480,2,488,279,0,279,767
05/28/2023,TMB,FL,ASO,ES,Towers with Radar,0,11,35,0,46,0,0,244,0,244,0,11,279,0,290,286,0,286,576
05/29/2023,TMB,FL,ASO,ES,Towers with Radar,0,26,85,0,111,0,0,424,0,424,0,26,509,0,535,379,0,379,914
05/30/2023,TMB,FL,ASO,ES,Towers with Radar,0,9,59,0,68,0,4,274,0,278,0,13,333,0,346,423,0,423,769
05/31/2023,TMB,FL,ASO,ES,Towers with Radar,0,6,46,0,52,0,0,303,0,303,0,6,349,0,355,431,0,431,786
06/01/2023,TMB,FL,ASO,ES,Towers with Radar,0,11,74,0,85,0,0,229,2,231,0,11,303,2,316,305,17,322,638
06/02/2023,TMB,FL,ASO,ES,Towers with Radar,0,13,55,0,68,0,4,237,0,241,0,17,292,0,309,340,0,340,649
06/03/2023,TMB,FL,ASO,ES,Towers with Radar,0,4,44,0,48,0,0,221,1,222,0,4,265,1,270,182,0,182,452
06/04/2023,TMB,FL,ASO,ES,Towers with Radar,0,6,60,0,66,0,2,182,0,184,0,8,242,0,250,238,0,238,488
06/05/2023,TMB,FL,ASO,ES,Towers with Radar,0,9,80,0,89,0,3,271,0,274,0,12,351,0,363,346,0,346,709
06/06/2023,TMB,FL,ASO,ES,Towers with Radar,0,5,91,0,96,0,4,211,5,220,0,9,302,5,316,313,0,313,629
06/07/2023,TMB,FL,ASO,ES,Towers with Radar,0,7,40,0,47,0,0,231,0,231,0,7,271,0,278,205,0,205,483
06/08/2023,TMB,FL,ASO,ES,Towers with Radar,0,6,52,0,58,0,1,273,0,274,0,7,325,0,332,455,0,455,787
06/09/2023,TMB,FL,ASO,ES,Towers with Radar,0,16,54,0,70,0,1,353,0,354,0,17,407,0,424,516,0,516,940
06/10/2023,TMB,FL,ASO,ES,Towers with Radar,0,14,58,0,72,0,0,348,2,350,0,14,406,2,422,345,0,345,767
06/11/2023,TMB,FL,ASO,ES,Towers with Radar,0,9,63,0,72,0,0,233,0,233,0,9,296,0,305,278,0,278,583
06/12/2023,TMB,FL,ASO,ES,Towers with Radar,0,7,32,0,39,0,0,192,0,192,0,7,224,0,231,400,0,400,631
06/13/2023,TMB,FL,ASO,ES,Towers with Radar,0,6,72,2,80,0,0,342,6,348,0,6,414,8,428,495,0,495,923
06/14/2023,TMB,FL,ASO,ES,Towers with Radar,0,2,94,0,96,0,0,380,0,380,0,2,474,0,476,546,4,550,1026
06/15/2023,TMB,FL,ASO,ES,Towers with Radar,0,9,92,0,101,0,0,370,0,370,0,9,462,0,471,423,0,423,894
06/16/2023,TMB,FL,ASO,ES,Towers with Radar,0,9,50,0,59,0,3,320,0,323,0,12,370,0,382,495,0,495,877
06/17/2023,TMB,FL,ASO,ES,Towers with Radar,0,4,46,0,50,0,0,270,1,271,0,4,316,1,321,245,0,245,566
06/18/2023,TMB,FL,ASO,ES,Towers with Radar,0,6,32,0,38,0,0,182,0,182,0,6,214,0,220,202,0,202,422
06/19/2023,TMB,FL,ASO,ES,Towers with Radar,0,4,51,0,55,0,2,216,0,218,0,6,267,0,273,259,0,259,532
06/20/2023,TMB,FL,ASO,ES,Towers with Radar,0,6,75,0,81,0,1,319,0,320,0,7,394,0,401,551,0,551,952
06/21/2023,TMB,FL,ASO,ES,Towers with Radar,0,9,74,0,83,0,2,308,0,310,0,11,382,0,393,509,0,509,902
06/22/2023,TMB,FL,ASO,ES,Towers with Radar,0,5,72,0,77,0,0,380,0,380,0,5,452,0,457,727,0,727,1184
06/23/2023,TMB,FL,ASO,ES,Towers with Radar,0,9,102,0,111,0,0,377,0,377,0,9,479,0,488,770,0,770,1258
06/24/2023,TMB,FL,ASO,ES,Towers with Radar,0,5,63,0,68,0,0,174,2,176,0,5,237,2,244,158,0,158,402
06/25/2023,TMB,FL,ASO,ES,Towers with Radar,0,11,65,0,76,0,1,247,1,249,0,12,312,1,325,229,0,229,554
06/26/2023,TMB,FL,ASO,ES,Towers with Radar,0,9,67,2,78,0,4,275,0,279,0,13,342,2,357,358,0,358,715
06/27/2023,TMB,FL,ASO,ES,Towers with Radar,0,1,76,0,77,0,0,305,0,305,0,1,381,0,382,532,0,532,914
06/28/2023,TMB,FL,ASO,ES,Towers with Radar,0,4,49,0,53,0,0,353,0,353,0,4,402,0,406,612,0,612,1018
06/29/2023,TMB,FL,ASO,ES,Towers with Radar,0,4,73,2,79,0,3,273,0,276,0,7,346,2,355,445,0,445,800
06/30/2023,TMB,FL,ASO,ES,Towers with Radar,0,12,83,0,95,0,1,305,0,306,0,13,388,0,401,420,0,420,821
07/01/2023,TMB,FL,ASO,ES,Towers with Radar,0,8,63,0,71,0,2,278,1,281,0,10,341,1,352,205,0,205,557
07/02/2023,TMB,FL,ASO,ES,Towers with Radar,0,13,42,0,55,0,0,180,0,180,0,13,222,0,235,160,0,160,395
07/03/2023,TMB,FL,ASO,ES,Towers with Radar,0,2,54,0,56,0,0,277,0,277,0,2,331,0,333,389,0,389,722
07/04/2023,TMB,FL,ASO,ES,Towers with Radar,0,6,58,0,64,0,1,272,0,273,0,7,330,0,337,306,0,306,643
07/05/2023,TMB,FL,ASO,ES,Towers with Radar,0,7,64,2,73,0,1,369,0,370,0,8,433,2,443,473,0,473,916
07/06/2023,TMB,FL,ASO,ES,Towers with Radar,0,14,59,2,75,0,1,269,0,270,0,15,328,2,345,405,0,405,750
07/07/2023,TMB,FL,ASO,ES,Towers with Radar,0,12,61,0,73,0,2,279,0,281,0,14,340,0,354,406,0,406,760
07/08/2023,TMB,FL,ASO,ES,Towers with Radar,0,8,59,2,69,0,4,334,0,338,0,12,393,2,407,372,0,372,779
07/09/2023,TMB,FL,ASO,ES,Towers with Radar,0,5,68,0,73,0,2,287,0,289,0,7,355,0,362,382,0,382,744
07/10/2023,TMB,FL,ASO,ES,Towers with Radar,0,14,56,0,70,0,2,292,0,294,0,16,348,0,364,605,0,605,969
07/11/2023,TMB,FL,ASO,ES,Towers with Radar,0,14,71,0,85,0,2,295,0,297,0,16,366,0,382,514,0,514,896
07/12/2023,TMB,FL,ASO,ES,Towers with Radar,0,11,58,0,69,0,6,369,0,375,0,17,427,0,444,596,0,596,1040
07/13/2023,TMB,FL,ASO,ES,Towers with Radar,0,8,47,0,55,0,2,256,0,258,0,10,303,0,313,554,0,554,867
07/14/2023,TMB,FL,ASO,ES,Towers with Radar,0,10,46,2,58,0,5,245,3,253,0,15,291,5,311,447,0,447,758
07/15/2023,TMB,FL,ASO,ES,Towers with Radar,0,6,44,0,50,0,2,289,0,291,0,8,333,0,341,305,0,305,646
07/16/2023,TMB,FL,ASO,ES,Towers with Radar,0,9,58,0,67,0,2,216,0,218,0,11,274,0,285,184,0,184,469
07/17/2023,TMB,FL,ASO,ES,Towers with Radar,0,4,37,0,41,0,2,250,0,252,0,6,287,0,293,426,0,426,719
07/18/2023,TMB,FL,ASO,ES,Towers with Radar,0,1,54,0,55,0,0,324,0,324,0,1,378,0,379,451,0,451,830
07/19/2023,TMB,FL,ASO,ES,Towers with Radar,0,13,72,0,85,0,0,311,2,313,0,13,383,2,398,556,2,558,956
07/20/2023,TMB,FL,ASO,ES,Towers with Radar,0,10,85,0,95,0,3,378,4,385,0,13,463,4,480,640,4,644,1124
07/21/2023,TMB,FL,ASO,ES,Towers with Radar,0,6,78,0,84,0,1,251,0,252,0,7,329,0,336,413,0,413,749
07/22/2023,TMB,FL,ASO,ES,Towers with Radar,0,5,51,0,56,0,3,321,0,324,0,8,372,0,380,390,0,390,770
07/23/2023,TMB,FL,ASO,ES,Towers with Radar,0,5,49,0,54,0,0,325,0,325,0,5,374,0,379,281,0,281,660
07/24/2023,TMB,FL,ASO,ES,Towers with Radar,0,11,38,0,49,0,5,245,1,251,0,16,283,1,300,511,9,520,820
07/25/2023,TMB,FL,ASO,ES,Towers with Radar,0,8,64,0,72,0,6,361,0,367,0,14,425,0,439,706,0,706,1145
07/26/2023,TMB,FL,ASO,ES,Towers with Radar,0,3,49,0,52,0,0,106,0,106,0,3,155,0,158,180,0,180,338
07/27/2023,TMB,FL,ASO,ES,Towers with Radar,0,12,60,0,72,0,0,186,0,186,0,12,246,0,258,436,0,436,694
07/28/2023,TMB,FL,ASO,ES,Towers with Radar,0,12,61,0,73,0,4,195,0,199,0,16,256,0,272,268,0,268,540
07/29/2023,TMB,FL,ASO,ES,Towers with Radar,0,11,70,0,81,0,1,301,0,302,0,12,371,0,383,333,0,333,716
07/30/2023,TMB,FL,ASO,ES,Towers with Radar,0,11,73,0,84,0,3,261,0,264,0,14,334,0,348,307,0,307,655
07/31/2023,TMB,FL,ASO,ES,Towers with Radar,0,5,46,0,51,0,3,232,0,235,0,8,278,0,286,335,0,335,621
08/01/2023,TMB,FL,ASO,ES,Towers with Radar,0,9,60,0,69,0,7,291,0,298,0,16,351,0,367,499,0,499,866
08/02/2023,TMB,FL,ASO,ES,Towers with Radar,0,6,45,0,51,0,3,256,0,259,0,9,301,0,310,299,0,299,609
08/03/2023,TMB,FL,ASO,ES,Towers with Radar,0,9,77,0,86,0,1,276,0,277,0,10,353,0,363,291,0,291,654
08/04/2023,TMB,FL,ASO,ES,Towers with Radar,0,12,67,1,80,0,0,324,2,326,0,12,391,3,406,429,2,431,837
08/05/2023,TMB,FL,ASO,ES,Towers with Radar,0,5,51,0,56,0,0,330,2,332,0,5,381,2,388,331,0,331,719
08/06/2023,TMB,FL,ASO,ES,Towers with Radar,0,14,74,0,88,0,1,257,0,258,0,15,331,0,346,281,0,281,627
08/07/2023,TMB,FL,ASO,ES,Towers with Radar,0,11,59,0,70,0,3,343,0,346,0,14,402,0,416,512,0,512,928
08/08/2023,TMB,FL,ASO,ES,Towers with Radar,0,8,75,0,83,0,0,257,0,257,0,8,332,0,340,490,0,490,830
08/09/2023,TMB,FL,ASO,ES,Towers with Radar,0,13,70,0,83,0,2,297,0,299,0,15,367,0,382,437,0,437,819
08/10/2023,TMB,FL,ASO,ES,Towers with Radar,0,8,61,0,69,0,2,300,0,302,0,10,361,0,371,471,0,471,842
08/11/2023,TMB,FL,ASO,ES,Towers with Radar,0,10,66,0,76,0,3,295,0,298,0,13,361,0,374,449,0,449,823
08/12/2023,TMB,FL,ASO,ES,Towers with Radar,0,8,56,0,64,0,2,325,1,328,0,10,381,1,392,329,0,329,721
08/13/2023,TMB,FL,ASO,ES,Towers with Radar,0,12,61,0,73,0,1,285,0,286,0,13,346,0,359,181,0,181,540
08/14/2023,TMB,FL,ASO,ES,Towers with Radar,0,14,67,0,81,0,2,327,0,329,0,16,394,0,410,497,0,497,907
08/15/2023,TMB,FL,ASO,ES,Towers with Radar,0,9,50,0,59,0,0,157,0,157,0,9,207,0,216,274,0,274,490
08/16/2023,TMB,FL,ASO,ES,Towers with Radar,0,11,65,0,76,0,0,261,0,261,0,11,326,0,337,339,0,339,676
08/17/2023,TMB,FL,ASO,ES,Towers with Radar,0,15,60,0,75,0,1,259,0,260,0,16,319,0,335,404,0,404,739
08/18/2023,TMB,FL,ASO,ES,Towers with Radar,0,13,46,0,59,0,1,221,0,222,0,14,267,0,281,291,0,291,572
08/19/2023,TMB,FL,ASO,ES,Towers with Radar,0,10,55,0,65,0,1,246,0,247,0,11,301,0,312,419,0,419,731
08/20/2023,TMB,FL,ASO,ES,Towers with Radar,0,12,46,0,58,0,4,148,0,152,0,16,194,0,210,64,0,64,274
08/21/2023,TMB,FL,ASO,ES,Towers with Radar,0,3,66,1,70,0,1,221,2,224,0,4,287,3,294,398,21,419,713
08/22/2023,TMB,FL,ASO,ES,Towers with Radar,0,8,89,0,97,0,3,282,0,285,0,11,371,0,382,420,0,420,802
08/23/2023,TMB,FL,ASO,ES,Towers with Radar,0,6,79,0,85,0,2,350,0,352,0,8,429,0,437,511,0,511,948
08/24/2023,TMB,FL,ASO,ES,Towers with Radar,0,11,85,0,96,0,2,344,0,346,0,13,429,0,442,479,0,479,921
08/25/2023,TMB,FL,ASO,ES,Towers with Radar,0,10,80,0,90,0,3,273,0,276,0,13,353,0,366,452,0,452,818
08/26/2023,TMB,FL,ASO,ES,Towers with Radar,0,13,68,0,81,0,7,306,1,314,0,20,374,1,395,328,0,328,723
08/27/2023,TMB,FL,ASO,ES,Towers with Radar,0,11,41,0,52,0,2,212,0,214,0,13,253,0,266,289,0,289,555
08/28/2023,TMB,FL,ASO,ES,Towers with Radar,0,6,56,0,62,0,0,184,0,184,0,6,240,0,246,415,0,415,661
08/29/2023,TMB,FL,ASO,ES,Towers with Radar,0,6,22,0,28,0,0,92,0,92,0,6,114,0,120,177,0,177,297
08/30/2023,TMB,FL,ASO,ES,Towers with Radar,0,1,23,3,27,0,1,28,0,29,0,2,51,3,56,47,0,47,103
08/31/2023,TMB,FL,ASO,ES,Towers with Radar,0,13,46,0,59,0,2,278,0,280,0,15,324,0,339,465,0,465,804
