01/01/2020,TOL,OH,AGL,CE,Combined TRACON& Tower with Radar,1,11,8,0,20,0,1,1,0,2,1,12,9,0,22,0,0,0,22
01/02/2020,TOL,OH,AGL,CE,Combined TRACON& Tower with Radar,4,13,17,5,39,0,2,16,0,18,4,15,33,5,57,4,0,4,61
01/03/2020,TOL,OH,AGL,CE,Combined TRACON& Tower with Radar,4,10,10,6,30,0,1,2,0,3,4,11,12,6,33,0,0,0,33
01/04/2020,TOL,OH,AGL,CE,Combined TRACON& Tower with Radar,4,11,7,0,22,0,0,1,0,1,4,11,8,0,23,0,0,0,23
01/05/2020,TOL,OH,AGL,CE,Combined TRACON& Tower with Radar,4,12,10,0,26,0,0,1,0,1,4,12,11,0,27,0,0,0,27
01/06/2020,TOL,OH,AGL,CE,Combined TRACON& Tower with Radar,4,10,19,4,37,0,3,21,0,24,4,13,40,4,61,10,0,10,71
01/07/2020,TOL,OH,AGL,CE,Combined TRACON& Tower with Radar,2,21,24,15,62,0,4,22,0,26,2,25,46,15,88,22,12,34,122
01/08/2020,TOL,OH,AGL,CE,Combined TRACON& Tower with Radar,2,11,23,24,60,0,5,18,0,23,2,16,41,24,83,6,36,42,125
01/09/2020,TOL,OH,AGL,CE,Combined TRACON& Tower with Radar,2,15,22,15,54,0,8,10,8,26,2,23,32,23,80,2,4,6,86
01/10/2020,TOL,OH,AGL,CE,Combined TRACON& Tower with Radar,2,10,18,16,46,0,0,6,1,7,2,10,24,17,53,0,0,0,53
01/11/2020,TOL,OH,AGL,CE,Combined TRACON& Tower with Radar,1,7,5,0,13,0,0,0,0,0,1,7,5,0,13,0,0,0,13
01/12/2020,TOL,OH,AGL,CE,Combined TRACON& Tower with Radar,2,12,8,5,27,0,0,3,0,3,2,12,11,5,30,0,0,0,30
01/13/2020,TOL,OH,AGL,CE,Combined TRACON& Tower with Radar,2,15,10,8,35,0,2,21,0,23,2,17,31,8,58,0,22,22,80
01/14/2020,TOL,OH,AGL,CE,Combined TRACON& Tower with Radar,2,14,37,15,68,0,0,2,0,2,2,14,39,15,70,2,0,2,72
01/15/2020,TOL,OH,AGL,CE,Combined TRACON& Tower with Radar,2,17,29,6,54,0,0,0,0,0,2,17,29,6,54,10,0,10,64
01/16/2020,TOL,OH,AGL,CE,Combined TRACON& Tower with Radar,2,11,32,11,56,0,7,13,0,20,2,18,45,11,76,0,15,15,91
01/17/2020,TOL,OH,AGL,CE,Combined TRACON& Tower with Radar,4,10,31,0,45,0,3,12,0,15,4,13,43,0,60,4,0,4,64
01/18/2020,TOL,OH,AGL,CE,Combined TRACON& Tower with Radar,3,11,2,0,16,0,0,0,0,0,3,11,2,0,16,0,0,0,16
01/19/2020,TOL,OH,AGL,CE,Combined TRACON& Tower with Radar,2,14,4,0,20,0,0,0,0,0,2,14,4,0,20,0,0,0,20
01/20/2020,TOL,OH,AGL,CE,Combined TRACON& Tower with Radar,2,16,48,0,66,0,7,22,0,29,2,23,70,0,95,90,0,90,185
01/21/2020,TOL,OH,AGL,CE,Combined TRACON& Tower with Radar,2,16,57,13,88,0,1,29,1,31,2,17,86,14,119,41,15,56,175
01/22/2020,TOL,OH,AGL,CE,Combined TRACON& Tower with Radar,4,17,26,14,61,0,3,24,0,27,4,20,50,14,88,10,0,10,98
01/23/2020,TOL,OH,AGL,CE,Combined TRACON& Tower with Radar,2,13,33,25,73,0,3,30,0,33,2,16,63,25,106,10,35,45,151
01/24/2020,TOL,OH,AGL,CE,Combined TRACON& Tower with Radar,2,15,19,0,36,0,0,0,0,0,2,15,19,0,36,0,0,0,36
01/25/2020,TOL,OH,AGL,CE,Combined TRACON& Tower with Radar,2,8,1,0,11,0,0,0,0,0,2,8,1,0,11,0,0,0,11
01/26/2020,TOL,OH,AGL,CE,Combined TRACON& Tower with Radar,2,12,5,0,19,0,0,0,0,0,2,12,5,0,19,0,0,0,19
01/27/2020,TOL,OH,AGL,CE,Combined TRACON& Tower with Radar,2,14,19,16,51,0,1,2,0,3,2,15,21,16,54,0,6,6,60
01/28/2020,TOL,OH,AGL,CE,Combined TRACON& Tower with Radar,2,14,22,7,45,0,2,8,0,10,2,16,30,7,55,6,0,6,61
01/29/2020,TOL,OH,AGL,CE,Combined TRACON& Tower with Radar,3,14,30,34,81,0,4,16,7,27,3,18,46,41,108,2,20,22,130
01/30/2020,TOL,OH,AGL,CE,Combined TRACON& Tower with Radar,5,15,35,16,71,0,0,16,0,16,5,15,51,16,87,17,0,17,104
01/31/2020,TOL,OH,AGL,CE,Combined TRACON& Tower with Radar,3,12,20,2,37,0,2,9,0,11,3,14,29,2,48,16,4,20,68
02/01/2020,TOL,OH,AGL,CE,Combined TRACON& Tower with Radar,2,11,5,0,18,0,0,1,0,1,2,11,6,0,19,4,0,4,23
02/02/2020,TOL,OH,AGL,CE,Combined TRACON& Tower with Radar,2,12,8,0,22,0,4,16,0,20,2,16,24,0,42,22,0,22,64
02/03/2020,TOL,OH,AGL,CE,Combined TRACON& Tower with Radar,2,14,28,0,44,0,7,29,0,36,2,21,57,0,80,20,0,20,100
02/04/2020,TOL,OH,AGL,CE,Combined TRACON& Tower with Radar,2,17,20,17,56,0,0,4,0,4,2,17,24,17,60,7,0,7,67
02/05/2020,TOL,OH,AGL,CE,Combined TRACON& Tower with Radar,4,11,32,6,53,0,0,19,0,19,4,11,51,6,72,0,0,0,72
02/06/2020,TOL,OH,AGL,CE,Combined TRACON& Tower with Radar,1,12,10,6,29,0,0,0,0,0,1,12,10,6,29,0,0,0,29
02/07/2020,TOL,OH,AGL,CE,Combined TRACON& Tower with Radar,5,16,11,0,32,0,0,8,0,8,5,16,19,0,40,14,0,14,54
02/08/2020,TOL,OH,AGL,CE,Combined TRACON& Tower with Radar,2,8,8,2,20,0,1,13,0,14,2,9,21,2,34,10,4,14,48
02/09/2020,TOL,OH,AGL,CE,Combined TRACON& Tower with Radar,3,12,12,2,29,0,2,10,0,12,3,14,22,2,41,0,10,10,51
02/10/2020,TOL,OH,AGL,CE,Combined TRACON& Tower with Radar,3,17,14,10,44,0,0,4,0,4,3,17,18,10,48,0,16,16,64
02/11/2020,TOL,OH,AGL,CE,Combined TRACON& Tower with Radar,2,11,35,3,51,0,2,18,1,21,2,13,53,4,72,19,0,19,91
02/12/2020,TOL,OH,AGL,CE,Combined TRACON& Tower with Radar,5,17,34,2,58,0,0,30,0,30,5,17,64,2,88,0,0,0,88
02/13/2020,TOL,OH,AGL,CE,Combined TRACON& Tower with Radar,2,13,19,0,34,0,1,3,0,4,2,14,22,0,38,0,0,0,38
02/14/2020,TOL,OH,AGL,CE,Combined TRACON& Tower with Radar,5,13,25,0,43,0,5,30,0,35,5,18,55,0,78,68,0,68,146
02/15/2020,TOL,OH,AGL,CE,Combined TRACON& Tower with Radar,2,12,15,0,29,0,7,11,0,18,2,19,26,0,47,14,0,14,61
02/16/2020,TOL,OH,AGL,CE,Combined TRACON& Tower with Radar,4,10,23,0,37,0,2,24,0,26,4,12,47,0,63,11,0,11,74
02/17/2020,TOL,OH,AGL,CE,Combined TRACON& Tower with Radar,4,15,24,0,43,0,2,24,0,26,4,17,48,0,69,0,0,0,69
02/18/2020,TOL,OH,AGL,CE,Combined TRACON& Tower with Radar,4,14,19,2,39,0,5,0,0,5,4,19,19,2,44,2,0,2,46
02/19/2020,TOL,OH,AGL,CE,Combined TRACON& Tower with Radar,4,25,38,6,73,0,7,19,0,26,4,32,57,6,99,8,8,16,115
02/20/2020,TOL,OH,AGL,CE,Combined TRACON& Tower with Radar,4,12,30,6,52,1,6,18,1,26,5,18,48,7,78,8,8,16,94
02/21/2020,TOL,OH,AGL,CE,Combined TRACON& Tower with Radar,6,16,35,1,58,0,11,28,0,39,6,27,63,1,97,36,0,36,133
02/22/2020,TOL,OH,AGL,CE,Combined TRACON& Tower with Radar,2,11,14,3,30,0,3,34,0,37,2,14,48,3,67,16,0,16,83
02/23/2020,TOL,OH,AGL,CE,Combined TRACON& Tower with Radar,2,20,15,5,42,0,9,30,0,39,2,29,45,5,81,0,0,0,81
02/24/2020,TOL,OH,AGL,CE,Combined TRACON& Tower with Radar,4,10,17,0,31,0,4,4,0,8,4,14,21,0,39,2,0,2,41
02/25/2020,TOL,OH,AGL,CE,Combined TRACON& Tower with Radar,4,16,34,0,54,0,0,0,0,0,4,16,34,0,54,0,0,0,54
02/26/2020,TOL,OH,AGL,CE,Combined TRACON& Tower with Radar,4,11,18,0,33,0,0,0,0,0,4,11,18,0,33,0,0,0,33
02/27/2020,TOL,OH,AGL,CE,Combined TRACON& Tower with Radar,2,16,22,7,47,0,1,4,0,5,2,17,26,7,52,0,12,12,64
02/28/2020,TOL,OH,AGL,CE,Combined TRACON& Tower with Radar,5,17,20,0,42,0,1,9,0,10,5,18,29,0,52,0,0,0,52
02/29/2020,TOL,OH,AGL,CE,Combined TRACON& Tower with Radar,2,17,11,0,30,0,11,21,0,32,2,28,32,0,62,14,0,14,76
03/01/2020,TOL,OH,AGL,CE,Combined TRACON& Tower with Radar,2,13,18,0,33,0,7,18,0,25,2,20,36,0,58,16,0,16,74
03/02/2020,TOL,OH,AGL,CE,Combined TRACON& Tower with Radar,4,11,25,10,50,0,1,1,0,2,4,12,26,10,52,6,0,6,58
03/03/2020,TOL,OH,AGL,CE,Combined TRACON& Tower with Radar,4,10,18,18,50,0,0,6,0,6,4,10,24,18,56,10,11,21,77
03/04/2020,TOL,OH,AGL,CE,Combined TRACON& Tower with Radar,4,12,21,13,50,0,7,16,0,23,4,19,37,13,73,12,6,18,91
03/05/2020,TOL,OH,AGL,CE,Combined TRACON& Tower with Radar,2,13,20,10,45,0,6,26,0,32,2,19,46,10,77,34,4,38,115
03/06/2020,TOL,OH,AGL,CE,Combined TRACON& Tower with Radar,5,12,6,0,23,0,1,1,0,2,5,13,7,0,25,0,0,0,25
03/07/2020,TOL,OH,AGL,CE,Combined TRACON& Tower with Radar,6,12,23,18,59,0,7,42,2,51,6,19,65,20,110,4,20,24,134
03/08/2020,TOL,OH,AGL,CE,Combined TRACON& Tower with Radar,2,12,18,8,40,0,2,13,1,16,2,14,31,9,56,0,0,0,56
03/09/2020,TOL,OH,AGL,CE,Combined TRACON& Tower with Radar,4,11,16,23,54,0,0,4,0,4,4,11,20,23,58,2,46,48,106
03/10/2020,TOL,OH,AGL,CE,Combined TRACON& Tower with Radar,5,14,43,12,74,0,2,8,0,10,5,16,51,12,84,8,0,8,92
03/11/2020,TOL,OH,AGL,CE,Combined TRACON& Tower with Radar,5,16,29,13,63,0,4,0,0,4,5,20,29,13,67,0,0,0,67
03/12/2020,TOL,OH,AGL,CE,Combined TRACON& Tower with Radar,2,13,26,7,48,0,0,15,0,15,2,13,41,7,63,6,0,6,69
03/13/2020,TOL,OH,AGL,CE,Combined TRACON& Tower with Radar,4,14,11,0,29,0,0,7,0,7,4,14,18,0,36,2,0,2,38
03/14/2020,TOL,OH,AGL,CE,Combined TRACON& Tower with Radar,6,9,22,0,37,0,3,22,0,25,6,12,44,0,62,2,0,2,64
03/15/2020,TOL,OH,AGL,CE,Combined TRACON& Tower with Radar,2,12,10,0,24,0,1,18,0,19,2,13,28,0,43,0,0,0,43
03/16/2020,TOL,OH,AGL,CE,Combined TRACON& Tower with Radar,4,17,25,18,64,0,5,11,0,16,4,22,36,18,80,4,0,4,84
03/17/2020,TOL,OH,AGL,CE,Combined TRACON& Tower with Radar,6,13,39,4,62,0,7,19,0,26,6,20,58,4,88,30,0,30,118
03/18/2020,TOL,OH,AGL,CE,Combined TRACON& Tower with Radar,6,10,24,2,42,0,0,12,0,12,6,10,36,2,54,0,0,0,54
03/19/2020,TOL,OH,AGL,CE,Combined TRACON& Tower with Radar,2,11,9,0,22,0,0,0,0,0,2,11,9,0,22,4,0,4,26
03/20/2020,TOL,OH,AGL,CE,Combined TRACON& Tower with Radar,4,10,7,0,21,0,6,2,0,8,4,16,9,0,29,0,0,0,29
03/21/2020,TOL,OH,AGL,CE,Combined TRACON& Tower with Radar,6,6,13,0,25,0,2,7,0,9,6,8,20,0,34,0,0,0,34
03/22/2020,TOL,OH,AGL,CE,Combined TRACON& Tower with Radar,2,10,10,0,22,0,2,26,0,28,2,12,36,0,50,0,0,0,50
03/23/2020,TOL,OH,AGL,CE,Combined TRACON& Tower with Radar,4,8,10,4,26,0,0,4,0,4,4,8,14,4,30,0,0,0,30
03/24/2020,TOL,OH,AGL,CE,Combined TRACON& Tower with Radar,6,8,0,2,16,0,0,0,0,0,6,8,0,2,16,0,0,0,16
03/25/2020,TOL,OH,AGL,CE,Combined TRACON& Tower with Radar,0,9,6,6,21,0,1,8,1,10,0,10,14,7,31,0,0,0,31
03/26/2020,TOL,OH,AGL,CE,Combined TRACON& Tower with Radar,0,6,6,6,18,0,2,4,0,6,0,8,10,6,24,0,0,0,24
03/27/2020,TOL,OH,AGL,CE,Combined TRACON& Tower with Radar,2,8,3,4,17,0,0,1,0,1,2,8,4,4,18,0,0,0,18
03/28/2020,TOL,OH,AGL,CE,Combined TRACON& Tower with Radar,4,7,1,0,12,0,0,0,0,0,4,7,1,0,12,0,0,0,12
03/29/2020,TOL,OH,AGL,CE,Combined TRACON& Tower with Radar,0,11,0,0,11,0,0,1,0,1,0,11,1,0,12,0,0,0,12
03/30/2020,TOL,OH,AGL,CE,Combined TRACON& Tower with Radar,0,6,7,4,17,0,0,4,0,4,0,6,11,4,21,0,0,0,21
03/31/2020,TOL,OH,AGL,CE,Combined TRACON& Tower with Radar,2,11,4,6,23,0,2,4,0,6,2,13,8,6,29,0,0,0,29
04/01/2020,TOL,OH,AGL,CE,Combined TRACON& Tower with Radar,4,15,9,4,32,0,0,1,0,1,4,15,10,4,33,0,0,0,33
04/02/2020,TOL,OH,AGL,CE,Combined TRACON& Tower with Radar,0,8,12,2,22,0,2,10,0,12,0,10,22,2,34,3,2,5,39
04/03/2020,TOL,OH,AGL,CE,Combined TRACON& Tower with Radar,0,9,3,4,16,0,2,9,0,11,0,11,12,4,27,0,8,8,35
04/04/2020,TOL,OH,AGL,CE,Combined TRACON& Tower with Radar,5,9,11,0,25,0,2,18,0,20,5,11,29,0,45,0,0,0,45
04/05/2020,TOL,OH,AGL,CE,Combined TRACON& Tower with Radar,0,9,9,2,20,0,0,10,0,10,0,9,19,2,30,2,0,2,32
04/06/2020,TOL,OH,AGL,CE,Combined TRACON& Tower with Radar,0,8,6,6,20,0,1,18,0,19,0,9,24,6,39,16,0,16,55
04/07/2020,TOL,OH,AGL,CE,Combined TRACON& Tower with Radar,4,9,2,2,17,0,2,4,0,6,4,11,6,2,23,0,0,0,23
04/08/2020,TOL,OH,AGL,CE,Combined TRACON& Tower with Radar,2,8,8,6,24,0,1,14,2,17,2,9,22,8,41,4,0,4,45
04/09/2020,TOL,OH,AGL,CE,Combined TRACON& Tower with Radar,3,6,4,2,15,0,1,7,0,8,3,7,11,2,23,0,0,0,23
04/10/2020,TOL,OH,AGL,CE,Combined TRACON& Tower with Radar,0,4,3,4,11,0,3,12,0,15,0,7,15,4,26,4,6,10,36
04/11/2020,TOL,OH,AGL,CE,Combined TRACON& Tower with Radar,3,4,4,0,11,0,2,13,0,15,3,6,17,0,26,0,0,0,26
04/12/2020,TOL,OH,AGL,CE,Combined TRACON& Tower with Radar,2,4,1,0,7,0,3,4,0,7,2,7,5,0,14,0,0,0,14
04/13/2020,TOL,OH,AGL,CE,Combined TRACON& Tower with Radar,0,5,2,6,13,0,2,2,0,4,0,7,4,6,17,0,0,0,17
04/14/2020,TOL,OH,AGL,CE,Combined TRACON& Tower with Radar,0,8,13,4,25,0,1,7,0,8,0,9,20,4,33,0,0,0,33
04/15/2020,TOL,OH,AGL,CE,Combined TRACON& Tower with Radar,4,4,6,6,20,0,0,3,0,3,4,4,9,6,23,0,0,0,23
04/16/2020,TOL,OH,AGL,CE,Combined TRACON& Tower with Radar,0,8,11,4,23,0,5,25,2,32,0,13,36,6,55,0,0,0,55
04/17/2020,TOL,OH,AGL,CE,Combined TRACON& Tower with Radar,0,4,2,0,6,0,0,0,0,0,0,4,2,0,6,0,0,0,6
04/18/2020,TOL,OH,AGL,CE,Combined TRACON& Tower with Radar,0,6,17,0,23,0,0,19,0,19,0,6,36,0,42,0,0,0,42
04/19/2020,TOL,OH,AGL,CE,Combined TRACON& Tower with Radar,0,5,10,0,15,0,4,6,0,10,0,9,16,0,25,4,0,4,29
04/20/2020,TOL,OH,AGL,CE,Combined TRACON& Tower with Radar,0,5,14,8,27,0,3,23,0,26,0,8,37,8,53,8,4,12,65
04/21/2020,TOL,OH,AGL,CE,Combined TRACON& Tower with Radar,2,5,4,5,16,0,0,5,1,6,2,5,9,6,22,16,2,18,40
04/22/2020,TOL,OH,AGL,CE,Combined TRACON& Tower with Radar,2,10,1,9,22,0,0,6,0,6,2,10,7,9,28,2,14,16,44
04/23/2020,TOL,OH,AGL,CE,Combined TRACON& Tower with Radar,2,7,4,5,18,0,4,2,2,8,2,11,6,7,26,0,0,0,26
04/24/2020,TOL,OH,AGL,CE,Combined TRACON& Tower with Radar,0,3,6,7,16,0,1,11,0,12,0,4,17,7,28,4,4,8,36
04/25/2020,TOL,OH,AGL,CE,Combined TRACON& Tower with Radar,2,4,4,9,19,0,1,4,0,5,2,5,8,9,24,0,0,0,24
04/26/2020,TOL,OH,AGL,CE,Combined TRACON& Tower with Radar,2,3,6,8,19,0,2,7,0,9,2,5,13,8,28,0,6,6,34
04/27/2020,TOL,OH,AGL,CE,Combined TRACON& Tower with Radar,0,2,18,9,29,0,2,33,0,35,0,4,51,9,64,16,4,20,84
04/28/2020,TOL,OH,AGL,CE,Combined TRACON& Tower with Radar,2,2,9,6,19,0,0,9,0,9,2,2,18,6,28,2,0,2,30
04/29/2020,TOL,OH,AGL,CE,Combined TRACON& Tower with Radar,2,4,3,6,15,0,0,4,0,4,2,4,7,6,19,0,0,0,19
04/30/2020,TOL,OH,AGL,CE,Combined TRACON& Tower with Radar,2,7,16,7,32,0,0,1,0,1,2,7,17,7,33,0,8,8,41
05/01/2020,TOL,OH,AGL,CE,Combined TRACON& Tower with Radar,0,10,21,12,43,0,3,15,0,18,0,13,36,12,61,20,6,26,87
05/02/2020,TOL,OH,AGL,CE,Combined TRACON& Tower with Radar,2,14,9,0,25,0,1,18,0,19,2,15,27,0,44,12,0,12,56
05/03/2020,TOL,OH,AGL,CE,Combined TRACON& Tower with Radar,2,3,7,0,12,0,4,17,0,21,2,7,24,0,33,14,0,14,47
05/04/2020,TOL,OH,AGL,CE,Combined TRACON& Tower with Radar,0,7,25,33,65,0,4,16,7,27,0,11,41,40,92,14,0,14,106
05/05/2020,TOL,OH,AGL,CE,Combined TRACON& Tower with Radar,2,6,7,12,27,0,0,6,0,6,2,6,13,12,33,2,6,8,41
05/06/2020,TOL,OH,AGL,CE,Combined TRACON& Tower with Radar,0,4,15,10,29,0,2,10,4,16,0,6,25,14,45,0,26,26,71
05/07/2020,TOL,OH,AGL,CE,Combined TRACON& Tower with Radar,2,9,28,8,47,0,3,12,7,22,2,12,40,15,69,0,0,0,69
05/08/2020,TOL,OH,AGL,CE,Combined TRACON& Tower with Radar,0,6,13,0,19,0,1,7,0,8,0,7,20,0,27,8,0,8,35
05/09/2020,TOL,OH,AGL,CE,Combined TRACON& Tower with Radar,2,2,7,0,11,0,2,15,0,17,2,4,22,0,28,0,0,0,28
05/10/2020,TOL,OH,AGL,CE,Combined TRACON& Tower with Radar,2,4,15,0,21,0,2,7,0,9,2,6,22,0,30,0,0,0,30
05/11/2020,TOL,OH,AGL,CE,Combined TRACON& Tower with Radar,0,6,12,12,30,0,1,19,0,20,0,7,31,12,50,26,2,28,78
05/12/2020,TOL,OH,AGL,CE,Combined TRACON& Tower with Radar,2,3,33,13,51,0,3,30,1,34,2,6,63,14,85,0,0,0,85
05/13/2020,TOL,OH,AGL,CE,Combined TRACON& Tower with Radar,0,9,26,11,46,0,0,31,2,33,0,9,57,13,79,34,14,48,127
05/14/2020,TOL,OH,AGL,CE,Combined TRACON& Tower with Radar,2,10,4,11,27,0,0,6,1,7,2,10,10,12,34,0,0,0,34
05/15/2020,TOL,OH,AGL,CE,Combined TRACON& Tower with Radar,2,7,7,0,16,0,3,6,0,9,2,10,13,0,25,4,0,4,29
05/16/2020,TOL,OH,AGL,CE,Combined TRACON& Tower with Radar,2,3,41,14,60,0,4,11,0,15,2,7,52,14,75,5,12,17,92
05/17/2020,TOL,OH,AGL,CE,Combined TRACON& Tower with Radar,2,5,4,8,19,0,0,2,0,2,2,5,6,8,21,2,12,14,35
05/18/2020,TOL,OH,AGL,CE,Combined TRACON& Tower with Radar,2,11,6,13,32,0,0,0,2,2,2,11,6,15,34,0,0,0,34
05/19/2020,TOL,OH,AGL,CE,Combined TRACON& Tower with Radar,3,4,20,11,38,0,0,3,0,3,3,4,23,11,41,0,2,2,43
05/20/2020,TOL,OH,AGL,CE,Combined TRACON& Tower with Radar,0,9,25,18,52,0,5,37,0,42,0,14,62,18,94,14,9,23,117
05/21/2020,TOL,OH,AGL,CE,Combined TRACON& Tower with Radar,3,11,35,12,61,0,3,12,0,15,3,14,47,12,76,0,0,0,76
05/22/2020,TOL,OH,AGL,CE,Combined TRACON& Tower with Radar,2,10,18,0,30,0,0,3,0,3,2,10,21,0,33,0,0,0,33
05/23/2020,TOL,OH,AGL,CE,Combined TRACON& Tower with Radar,2,4,12,0,18,0,2,18,2,22,2,6,30,2,40,0,0,0,40
05/24/2020,TOL,OH,AGL,CE,Combined TRACON& Tower with Radar,2,4,11,0,17,0,12,25,2,39,2,16,36,2,56,0,0,0,56
05/25/2020,TOL,OH,AGL,CE,Combined TRACON& Tower with Radar,2,9,12,0,23,0,2,17,0,19,2,11,29,0,42,4,0,4,46
05/26/2020,TOL,OH,AGL,CE,Combined TRACON& Tower with Radar,2,5,15,14,36,0,1,20,0,21,2,6,35,14,57,12,0,12,69
05/27/2020,TOL,OH,AGL,CE,Combined TRACON& Tower with Radar,0,6,8,13,27,0,0,18,1,19,0,6,26,14,46,14,0,14,60
05/28/2020,TOL,OH,AGL,CE,Combined TRACON& Tower with Radar,2,5,32,15,54,0,5,6,1,12,2,10,38,16,66,22,12,34,100
05/29/2020,TOL,OH,AGL,CE,Combined TRACON& Tower with Radar,2,6,27,0,35,0,0,9,0,9,2,6,36,0,44,0,0,0,44
05/30/2020,TOL,OH,AGL,CE,Combined TRACON& Tower with Radar,2,2,12,0,16,0,4,14,0,18,2,6,26,0,34,0,0,0,34
05/31/2020,TOL,OH,AGL,CE,Combined TRACON& Tower with Radar,2,7,20,0,29,0,4,19,0,23,2,11,39,0,52,8,0,8,60
06/01/2020,TOL,OH,AGL,CE,Combined TRACON& Tower with Radar,2,7,30,14,53,0,5,18,0,23,2,12,48,14,76,10,10,20,96
06/02/2020,TOL,OH,AGL,CE,Combined TRACON& Tower with Radar,2,6,18,13,39,0,2,18,2,22,2,8,36,15,61,39,8,47,108
06/03/2020,TOL,OH,AGL,CE,Combined TRACON& Tower with Radar,2,12,17,14,45,0,5,10,0,15,2,17,27,14,60,6,0,6,66
06/04/2020,TOL,OH,AGL,CE,Combined TRACON& Tower with Radar,2,10,35,12,59,0,0,24,0,24,2,10,59,12,83,14,2,16,99
06/05/2020,TOL,OH,AGL,CE,Combined TRACON& Tower with Radar,2,8,27,0,37,0,1,23,0,24,2,9,50,0,61,20,0,20,81
06/06/2020,TOL,OH,AGL,CE,Combined TRACON& Tower with Radar,2,2,6,12,22,0,6,18,0,24,2,8,24,12,46,26,10,36,82
06/07/2020,TOL,OH,AGL,CE,Combined TRACON& Tower with Radar,4,4,9,8,25,0,3,17,0,20,4,7,26,8,45,6,6,12,57
06/08/2020,TOL,OH,AGL,CE,Combined TRACON& Tower with Radar,3,4,15,15,37,0,4,23,0,27,3,8,38,15,64,12,0,12,76
06/09/2020,TOL,OH,AGL,CE,Combined TRACON& Tower with Radar,3,6,15,12,36,0,5,17,0,22,3,11,32,12,58,2,0,2,60
06/10/2020,TOL,OH,AGL,CE,Combined TRACON& Tower with Radar,2,11,14,9,36,0,2,1,0,3,2,13,15,9,39,0,0,0,39
06/11/2020,TOL,OH,AGL,CE,Combined TRACON& Tower with Radar,3,6,25,19,53,0,11,27,0,38,3,17,52,19,91,36,4,40,131
06/12/2020,TOL,OH,AGL,CE,Combined TRACON& Tower with Radar,5,7,27,0,39,0,4,25,0,29,5,11,52,0,68,12,0,12,80
06/13/2020,TOL,OH,AGL,CE,Combined TRACON& Tower with Radar,2,5,21,0,28,0,2,22,0,24,2,7,43,0,52,47,0,47,99
06/14/2020,TOL,OH,AGL,CE,Combined TRACON& Tower with Radar,1,7,17,0,25,0,6,24,0,30,1,13,41,0,55,4,0,4,59
06/15/2020,TOL,OH,AGL,CE,Combined TRACON& Tower with Radar,3,6,19,14,42,0,0,20,2,22,3,6,39,16,64,6,6,12,76
06/16/2020,TOL,OH,AGL,CE,Combined TRACON& Tower with Radar,2,7,26,12,47,0,9,18,1,28,2,16,44,13,75,14,0,14,89
06/17/2020,TOL,OH,AGL,CE,Combined TRACON& Tower with Radar,4,9,21,14,48,0,10,41,0,51,4,19,62,14,99,52,4,56,155
06/18/2020,TOL,OH,AGL,CE,Combined TRACON& Tower with Radar,6,13,17,15,51,0,6,16,0,22,6,19,33,15,73,26,18,44,117
06/19/2020,TOL,OH,AGL,CE,Combined TRACON& Tower with Radar,4,8,19,3,34,0,1,24,0,25,4,9,43,3,59,6,0,6,65
06/20/2020,TOL,OH,AGL,CE,Combined TRACON& Tower with Radar,3,3,26,9,41,0,10,29,0,39,3,13,55,9,80,0,2,2,82
06/21/2020,TOL,OH,AGL,CE,Combined TRACON& Tower with Radar,3,5,7,3,18,0,2,9,0,11,3,7,16,3,29,0,0,0,29
06/22/2020,TOL,OH,AGL,CE,Combined TRACON& Tower with Radar,5,4,17,18,44,0,3,9,0,12,5,7,26,18,56,0,0,0,56
06/23/2020,TOL,OH,AGL,CE,Combined TRACON& Tower with Radar,5,4,22,26,57,0,1,2,2,5,5,5,24,28,62,4,12,16,78
06/24/2020,TOL,OH,AGL,CE,Combined TRACON& Tower with Radar,5,8,37,32,82,0,6,30,0,36,5,14,67,32,118,28,19,47,165
06/25/2020,TOL,OH,AGL,CE,Combined TRACON& Tower with Radar,4,6,21,10,41,0,2,41,0,43,4,8,62,10,84,40,0,40,124
06/26/2020,TOL,OH,AGL,CE,Combined TRACON& Tower with Radar,4,6,12,8,30,0,2,21,0,23,4,8,33,8,53,26,0,26,79
06/27/2020,TOL,OH,AGL,CE,Combined TRACON& Tower with Radar,2,5,15,0,22,0,3,10,0,13,2,8,25,0,35,2,0,2,37
06/28/2020,TOL,OH,AGL,CE,Combined TRACON& Tower with Radar,2,5,22,0,29,0,2,19,1,22,2,7,41,1,51,12,0,12,63
06/29/2020,TOL,OH,AGL,CE,Combined TRACON& Tower with Radar,4,6,23,0,33,0,1,42,0,43,4,7,65,0,76,36,0,36,112
06/30/2020,TOL,OH,AGL,CE,Combined TRACON& Tower with Radar,6,4,28,11,49,0,7,32,0,39,6,11,60,11,88,2,0,2,90
07/01/2020,TOL,OH,AGL,CE,Combined TRACON& Tower with Radar,4,4,20,16,44,0,4,32,0,36,4,8,52,16,80,12,0,12,92
07/02/2020,TOL,OH,AGL,CE,Combined TRACON& Tower with Radar,2,8,21,0,31,0,4,17,0,21,2,12,38,0,52,16,0,16,68
07/03/2020,TOL,OH,AGL,CE,Combined TRACON& Tower with Radar,2,5,25,0,32,0,4,24,0,28,2,9,49,0,60,30,0,30,90
07/04/2020,TOL,OH,AGL,CE,Combined TRACON& Tower with Radar,4,5,7,0,16,0,3,10,1,14,4,8,17,1,30,0,0,0,30
07/05/2020,TOL,OH,AGL,CE,Combined TRACON& Tower with Radar,2,9,9,0,20,0,6,10,0,16,2,15,19,0,36,2,12,14,50
07/06/2020,TOL,OH,AGL,CE,Combined TRACON& Tower with Radar,5,9,13,22,49,0,5,18,0,23,5,14,31,22,72,10,10,20,92
07/07/2020,TOL,OH,AGL,CE,Combined TRACON& Tower with Radar,5,8,25,22,60,0,2,24,0,26,5,10,49,22,86,4,10,14,100
07/08/2020,TOL,OH,AGL,CE,Combined TRACON& Tower with Radar,10,12,19,22,63,0,2,18,2,22,10,14,37,24,85,14,0,14,99
07/09/2020,TOL,OH,AGL,CE,Combined TRACON& Tower with Radar,8,8,17,16,49,0,2,19,0,21,8,10,36,16,70,24,0,24,94
07/10/2020,TOL,OH,AGL,CE,Combined TRACON& Tower with Radar,9,9,15,0,33,0,0,6,0,6,9,9,21,0,39,0,0,0,39
07/11/2020,TOL,OH,AGL,CE,Combined TRACON& Tower with Radar,8,5,17,0,30,0,0,11,0,11,8,5,28,0,41,6,0,6,47
07/12/2020,TOL,OH,AGL,CE,Combined TRACON& Tower with Radar,6,10,16,0,32,0,4,8,0,12,6,14,24,0,44,0,0,0,44
07/13/2020,TOL,OH,AGL,CE,Combined TRACON& Tower with Radar,8,6,23,16,53,0,5,27,0,32,8,11,50,16,85,28,0,28,113
07/14/2020,TOL,OH,AGL,CE,Combined TRACON& Tower with Radar,8,7,41,21,77,0,8,38,0,46,8,15,79,21,123,47,20,67,190
07/15/2020,TOL,OH,AGL,CE,Combined TRACON& Tower with Radar,10,10,21,19,60,0,7,28,0,35,10,17,49,19,95,16,6,22,117
07/16/2020,TOL,OH,AGL,CE,Combined TRACON& Tower with Radar,7,6,26,0,39,0,6,5,0,11,7,12,31,0,50,8,0,8,58
07/17/2020,TOL,OH,AGL,CE,Combined TRACON& Tower with Radar,10,8,35,1,54,0,7,24,0,31,10,15,59,1,85,18,0,18,103
07/18/2020,TOL,OH,AGL,CE,Combined TRACON& Tower with Radar,8,10,13,0,31,0,3,23,2,28,8,13,36,2,59,18,0,18,77
07/19/2020,TOL,OH,AGL,CE,Combined TRACON& Tower with Radar,6,9,5,0,20,0,1,7,0,8,6,10,12,0,28,10,0,10,38
07/20/2020,TOL,OH,AGL,CE,Combined TRACON& Tower with Radar,8,4,18,19,49,0,4,25,0,29,8,8,43,19,78,12,4,16,94
07/21/2020,TOL,OH,AGL,CE,Combined TRACON& Tower with Radar,6,2,22,16,46,0,1,32,3,36,6,3,54,19,82,28,0,28,110
07/22/2020,TOL,OH,AGL,CE,Combined TRACON& Tower with Radar,13,8,45,16,82,0,1,8,0,9,13,9,53,16,91,11,0,11,102
07/23/2020,TOL,OH,AGL,CE,Combined TRACON& Tower with Radar,8,18,36,16,78,0,5,23,0,28,8,23,59,16,106,22,2,24,130
07/24/2020,TOL,OH,AGL,CE,Combined TRACON& Tower with Radar,9,4,17,0,30,0,7,35,0,42,9,11,52,0,72,28,0,28,100
07/25/2020,TOL,OH,AGL,CE,Combined TRACON& Tower with Radar,8,8,6,0,22,0,6,23,0,29,8,14,29,0,51,13,0,13,64
07/26/2020,TOL,OH,AGL,CE,Combined TRACON& Tower with Radar,6,7,24,1,38,0,15,13,0,28,6,22,37,1,66,10,0,10,76
07/27/2020,TOL,OH,AGL,CE,Combined TRACON& Tower with Radar,7,7,18,17,49,0,4,2,0,6,7,11,20,17,55,2,2,4,59
07/28/2020,TOL,OH,AGL,CE,Combined TRACON& Tower with Radar,8,14,27,18,67,0,4,39,1,44,8,18,66,19,111,46,4,50,161
07/29/2020,TOL,OH,AGL,CE,Combined TRACON& Tower with Radar,9,8,18,21,56,0,8,25,0,33,9,16,43,21,89,10,18,28,117
07/30/2020,TOL,OH,AGL,CE,Combined TRACON& Tower with Radar,8,4,24,21,57,0,3,23,1,27,8,7,47,22,84,72,16,88,172
07/31/2020,TOL,OH,AGL,CE,Combined TRACON& Tower with Radar,9,7,25,0,41,0,10,32,1,43,9,17,57,1,84,20,0,20,104
08/01/2020,TOL,OH,AGL,CE,Combined TRACON& Tower with Radar,6,0,17,0,23,0,3,2,0,5,6,3,19,0,28,12,0,12,40
08/02/2020,TOL,OH,AGL,CE,Combined TRACON& Tower with Radar,6,4,25,0,35,0,0,5,0,5,6,4,30,0,40,0,0,0,40
08/03/2020,TOL,OH,AGL,CE,Combined TRACON& Tower with Radar,7,7,20,13,47,0,2,25,0,27,7,9,45,13,74,26,0,26,100
08/04/2020,TOL,OH,AGL,CE,Combined TRACON& Tower with Radar,8,6,35,8,57,0,8,16,0,24,8,14,51,8,81,38,2,40,121
08/05/2020,TOL,OH,AGL,CE,Combined TRACON& Tower with Radar,8,2,24,14,48,0,2,26,1,29,8,4,50,15,77,6,16,22,99
08/06/2020,TOL,OH,AGL,CE,Combined TRACON& Tower with Radar,8,6,26,16,56,0,5,22,0,27,8,11,48,16,83,6,14,20,103
08/07/2020,TOL,OH,AGL,CE,Combined TRACON& Tower with Radar,10,10,27,0,47,0,7,31,0,38,10,17,58,0,85,18,0,18,103
08/08/2020,TOL,OH,AGL,CE,Combined TRACON& Tower with Radar,6,5,27,1,39,0,7,23,0,30,6,12,50,1,69,10,0,10,79
08/09/2020,TOL,OH,AGL,CE,Combined TRACON& Tower with Radar,6,2,20,5,33,0,3,19,0,22,6,5,39,5,55,8,0,8,63
08/10/2020,TOL,OH,AGL,CE,Combined TRACON& Tower with Radar,7,15,27,9,58,0,4,18,1,23,7,19,45,10,81,6,4,10,91
08/11/2020,TOL,OH,AGL,CE,Combined TRACON& Tower with Radar,11,9,37,16,73,0,4,13,0,17,11,13,50,16,90,22,4,26,116
08/12/2020,TOL,OH,AGL,CE,Combined TRACON& Tower with Radar,11,0,26,17,54,0,7,24,0,31,11,7,50,17,85,28,0,28,113
08/13/2020,TOL,OH,AGL,CE,Combined TRACON& Tower with Radar,11,2,35,20,68,0,1,43,2,46,11,3,78,22,114,22,4,26,140
08/14/2020,TOL,OH,AGL,CE,Combined TRACON& Tower with Radar,7,9,17,0,33,0,4,10,0,14,7,13,27,0,47,20,0,20,67
08/15/2020,TOL,OH,AGL,CE,Combined TRACON& Tower with Radar,6,2,19,0,27,0,1,16,0,17,6,3,35,0,44,10,0,10,54
08/16/2020,TOL,OH,AGL,CE,Combined TRACON& Tower with Radar,6,6,32,0,44,0,4,12,0,16,6,10,44,0,60,4,0,4,64
08/17/2020,TOL,OH,AGL,CE,Combined TRACON& Tower with Radar,7,3,40,20,70,0,1,28,0,29,7,4,68,20,99,15,6,21,120
08/18/2020,TOL,OH,AGL,CE,Combined TRACON& Tower with Radar,9,0,33,23,65,0,2,31,0,33,9,2,64,23,98,22,10,32,130
08/19/2020,TOL,OH,AGL,CE,Combined TRACON& Tower with Radar,10,5,20,25,60,0,4,23,0,27,10,9,43,25,87,4,0,4,91
08/20/2020,TOL,OH,AGL,CE,Combined TRACON& Tower with Radar,8,4,23,24,59,0,11,40,0,51,8,15,63,24,110,12,0,12,122
08/21/2020,TOL,OH,AGL,CE,Combined TRACON& Tower with Radar,17,4,24,4,49,0,6,37,0,43,17,10,61,4,92,24,0,24,116
08/22/2020,TOL,OH,AGL,CE,Combined TRACON& Tower with Radar,6,0,19,0,25,0,1,33,0,34,6,1,52,0,59,20,0,20,79
08/23/2020,TOL,OH,AGL,CE,Combined TRACON& Tower with Radar,6,9,27,0,42,0,3,28,0,31,6,12,55,0,73,4,0,4,77
08/24/2020,TOL,OH,AGL,CE,Combined TRACON& Tower with Radar,7,3,27,16,53,0,0,16,0,16,7,3,43,16,69,47,0,47,116
08/25/2020,TOL,OH,AGL,CE,Combined TRACON& Tower with Radar,8,8,19,18,53,0,4,27,0,31,8,12,46,18,84,47,0,47,131
08/26/2020,TOL,OH,AGL,CE,Combined TRACON& Tower with Radar,10,6,20,19,55,0,1,15,0,16,10,7,35,19,71,22,8,30,101
08/27/2020,TOL,OH,AGL,CE,Combined TRACON& Tower with Radar,8,7,31,18,64,0,3,11,0,14,8,10,42,18,78,4,6,10,88
08/28/2020,TOL,OH,AGL,CE,Combined TRACON& Tower with Radar,5,6,14,0,25,0,0,0,0,0,5,6,14,0,25,0,0,0,25
08/29/2020,TOL,OH,AGL,CE,Combined TRACON& Tower with Radar,6,2,19,0,27,0,3,15,0,18,6,5,34,0,45,8,0,8,53
08/30/2020,TOL,OH,AGL,CE,Combined TRACON& Tower with Radar,8,2,32,0,42,0,3,25,0,28,8,5,57,0,70,12,0,12,82
08/31/2020,TOL,OH,AGL,CE,Combined TRACON& Tower with Radar,8,6,25,20,59,0,5,36,0,41,8,11,61,20,100,8,14,22,122
09/01/2020,TOL,OH,AGL,CE,Combined TRACON& Tower with Radar,10,2,30,18,60,0,2,16,0,18,10,4,46,18,78,12,25,37,115
09/02/2020,TOL,OH,AGL,CE,Combined TRACON& Tower with Radar,8,7,32,11,58,0,1,18,0,19,8,8,50,11,77,6,4,10,87
09/03/2020,TOL,OH,AGL,CE,Combined TRACON& Tower with Radar,9,14,37,16,76,0,3,22,0,25,9,17,59,16,101,0,0,0,101
09/04/2020,TOL,OH,AGL,CE,Combined TRACON& Tower with Radar,9,14,31,0,54,0,6,29,0,35,9,20,60,0,89,20,0,20,109
09/05/2020,TOL,OH,AGL,CE,Combined TRACON& Tower with Radar,7,3,14,0,24,0,8,22,0,30,7,11,36,0,54,32,0,32,86
09/06/2020,TOL,OH,AGL,CE,Combined TRACON& Tower with Radar,6,5,13,0,24,0,6,19,0,25,6,11,32,0,49,12,0,12,61
09/07/2020,TOL,OH,AGL,CE,Combined TRACON& Tower with Radar,6,7,26,0,39,0,1,10,0,11,6,8,36,0,50,6,0,6,56
09/08/2020,TOL,OH,AGL,CE,Combined TRACON& Tower with Radar,12,6,23,14,55,0,2,8,0,10,12,8,31,14,65,0,0,0,65
09/09/2020,TOL,OH,AGL,CE,Combined TRACON& Tower with Radar,10,8,36,14,68,0,1,12,0,13,10,9,48,14,81,0,2,2,83
09/10/2020,TOL,OH,AGL,CE,Combined TRACON& Tower with Radar,8,8,45,18,79,0,0,4,0,4,8,8,49,18,83,16,10,26,109
09/11/2020,TOL,OH,AGL,CE,Combined TRACON& Tower with Radar,10,0,48,7,65,0,4,27,1,32,10,4,75,8,97,42,8,50,147
09/12/2020,TOL,OH,AGL,CE,Combined TRACON& Tower with Radar,11,2,21,7,41,0,2,25,0,27,11,4,46,7,68,0,0,0,68
09/13/2020,TOL,OH,AGL,CE,Combined TRACON& Tower with Radar,7,0,17,2,26,0,2,11,0,13,7,2,28,2,39,33,5,38,77
09/14/2020,TOL,OH,AGL,CE,Combined TRACON& Tower with Radar,8,10,25,19,62,0,5,31,0,36,8,15,56,19,98,27,14,41,139
09/15/2020,TOL,OH,AGL,CE,Combined TRACON& Tower with Radar,7,3,15,20,45,0,8,27,3,38,7,11,42,23,83,38,10,48,131
09/16/2020,TOL,OH,AGL,CE,Combined TRACON& Tower with Radar,6,2,36,19,63,0,1,33,1,35,6,3,69,20,98,50,2,52,150
09/17/2020,TOL,OH,AGL,CE,Combined TRACON& Tower with Radar,9,10,23,17,59,0,5,17,8,30,9,15,40,25,89,8,2,10,99
09/18/2020,TOL,OH,AGL,CE,Combined TRACON& Tower with Radar,11,8,33,15,67,0,5,29,0,34,11,13,62,15,101,66,2,68,169
09/19/2020,TOL,OH,AGL,CE,Combined TRACON& Tower with Radar,8,6,12,3,29,0,2,33,1,36,8,8,45,4,65,14,0,14,79
09/20/2020,TOL,OH,AGL,CE,Combined TRACON& Tower with Radar,6,1,14,1,22,0,2,36,0,38,6,3,50,1,60,18,0,18,78
09/21/2020,TOL,OH,AGL,CE,Combined TRACON& Tower with Radar,7,0,24,22,53,0,3,3,0,6,7,3,27,22,59,0,21,21,80
09/22/2020,TOL,OH,AGL,CE,Combined TRACON& Tower with Radar,10,4,21,17,52,0,4,28,2,34,10,8,49,19,86,24,18,42,128
09/23/2020,TOL,OH,AGL,CE,Combined TRACON& Tower with Radar,7,7,20,18,52,0,6,22,3,31,7,13,42,21,83,24,12,36,119
09/24/2020,TOL,OH,AGL,CE,Combined TRACON& Tower with Radar,8,5,24,27,64,0,4,18,2,24,8,9,42,29,88,43,15,58,146
09/25/2020,TOL,OH,AGL,CE,Combined TRACON& Tower with Radar,9,16,46,0,71,0,7,43,0,50,9,23,89,0,121,46,0,46,167
09/26/2020,TOL,OH,AGL,CE,Combined TRACON& Tower with Radar,7,5,17,0,29,0,6,23,0,29,7,11,40,0,58,0,0,0,58
09/27/2020,TOL,OH,AGL,CE,Combined TRACON& Tower with Radar,6,2,31,0,39,0,3,17,0,20,6,5,48,0,59,20,0,20,79
09/28/2020,TOL,OH,AGL,CE,Combined TRACON& Tower with Radar,7,3,32,14,56,0,0,1,0,1,7,3,33,14,57,14,0,14,71
09/29/2020,TOL,OH,AGL,CE,Combined TRACON& Tower with Radar,9,6,29,15,59,0,5,19,2,26,9,11,48,17,85,40,8,48,133
09/30/2020,TOL,OH,AGL,CE,Combined TRACON& Tower with Radar,12,10,22,16,60,0,10,12,0,22,12,20,34,16,82,41,8,49,131
10/01/2020,TOL,OH,AGL,CE,Combined TRACON& Tower with Radar,13,18,36,22,89,0,3,16,0,19,13,21,52,22,108,10,0,10,118
10/02/2020,TOL,OH,AGL,CE,Combined TRACON& Tower with Radar,13,13,36,3,65,0,3,28,0,31,13,16,64,3,96,58,6,64,160
10/03/2020,TOL,OH,AGL,CE,Combined TRACON& Tower with Radar,15,2,18,11,46,0,10,22,0,32,15,12,40,11,78,14,6,20,98
10/04/2020,TOL,OH,AGL,CE,Combined TRACON& Tower with Radar,6,2,9,6,23,0,0,2,0,2,6,2,11,6,25,0,0,0,25
10/05/2020,TOL,OH,AGL,CE,Combined TRACON& Tower with Radar,10,0,23,2,35,0,0,30,0,30,10,0,53,2,65,30,0,30,95
10/06/2020,TOL,OH,AGL,CE,Combined TRACON& Tower with Radar,11,0,18,2,31,0,5,8,0,13,11,5,26,2,44,10,0,10,54
10/07/2020,TOL,OH,AGL,CE,Combined TRACON& Tower with Radar,10,4,24,4,42,0,1,3,1,5,10,5,27,5,47,0,0,0,47
10/08/2020,TOL,OH,AGL,CE,Combined TRACON& Tower with Radar,12,12,45,0,69,0,10,32,0,42,12,22,77,0,111,28,0,28,139
10/09/2020,TOL,OH,AGL,CE,Combined TRACON& Tower with Radar,9,13,35,2,59,0,5,36,0,41,9,18,71,2,100,40,6,46,146
10/10/2020,TOL,OH,AGL,CE,Combined TRACON& Tower with Radar,10,4,11,3,28,0,2,12,1,15,10,6,23,4,43,0,0,0,43
10/11/2020,TOL,OH,AGL,CE,Combined TRACON& Tower with Radar,8,4,17,2,31,0,4,9,0,13,8,8,26,2,44,4,0,4,48
10/12/2020,TOL,OH,AGL,CE,Combined TRACON& Tower with Radar,6,11,29,5,51,0,2,3,0,5,6,13,32,5,56,4,0,4,60
10/13/2020,TOL,OH,AGL,CE,Combined TRACON& Tower with Radar,7,10,31,10,58,0,5,29,0,34,7,15,60,10,92,22,14,36,128
10/14/2020,TOL,OH,AGL,CE,Combined TRACON& Tower with Radar,6,6,27,9,48,0,6,13,1,20,6,12,40,10,68,18,0,18,86
10/15/2020,TOL,OH,AGL,CE,Combined TRACON& Tower with Radar,8,9,16,11,44,0,0,6,0,6,8,9,22,11,50,2,2,4,54
10/16/2020,TOL,OH,AGL,CE,Combined TRACON& Tower with Radar,9,23,32,0,64,0,3,28,0,31,9,26,60,0,95,28,0,28,123
10/17/2020,TOL,OH,AGL,CE,Combined TRACON& Tower with Radar,7,4,16,0,27,0,5,18,0,23,7,9,34,0,50,2,0,2,52
10/18/2020,TOL,OH,AGL,CE,Combined TRACON& Tower with Radar,6,4,24,1,35,0,1,6,0,7,6,5,30,1,42,0,0,0,42
10/19/2020,TOL,OH,AGL,CE,Combined TRACON& Tower with Radar,6,4,17,7,34,0,3,3,0,6,6,7,20,7,40,4,0,4,44
10/20/2020,TOL,OH,AGL,CE,Combined TRACON& Tower with Radar,7,3,40,8,58,0,1,7,0,8,7,4,47,8,66,6,0,6,72
10/21/2020,TOL,OH,AGL,CE,Combined TRACON& Tower with Radar,8,3,30,6,47,0,3,17,1,21,8,6,47,7,68,16,0,16,84
10/22/2020,TOL,OH,AGL,CE,Combined TRACON& Tower with Radar,8,19,38,6,71,0,1,6,0,7,8,20,44,6,78,0,0,0,78
10/23/2020,TOL,OH,AGL,CE,Combined TRACON& Tower with Radar,7,9,13,6,35,0,0,8,0,8,7,9,21,6,43,0,0,0,43
10/24/2020,TOL,OH,AGL,CE,Combined TRACON& Tower with Radar,10,3,32,2,47,0,2,51,0,53,10,5,83,2,100,0,0,0,100
10/25/2020,TOL,OH,AGL,CE,Combined TRACON& Tower with Radar,6,6,16,2,30,0,1,29,0,30,6,7,45,2,60,6,0,6,66
10/26/2020,TOL,OH,AGL,CE,Combined TRACON& Tower with Radar,10,9,34,7,60,0,0,4,0,4,10,9,38,7,64,6,0,6,70
10/27/2020,TOL,OH,AGL,CE,Combined TRACON& Tower with Radar,11,7,24,10,52,0,5,7,1,13,11,12,31,11,65,0,10,10,75
10/28/2020,TOL,OH,AGL,CE,Combined TRACON& Tower with Radar,8,9,32,13,62,0,5,30,0,35,8,14,62,13,97,22,14,36,133
10/29/2020,TOL,OH,AGL,CE,Combined TRACON& Tower with Radar,16,7,27,6,56,0,4,7,0,11,16,11,34,6,67,0,4,4,71
10/30/2020,TOL,OH,AGL,CE,Combined TRACON& Tower with Radar,12,12,30,0,54,0,3,14,0,17,12,15,44,0,71,12,0,12,83
10/31/2020,TOL,OH,AGL,CE,Combined TRACON& Tower with Radar,10,11,14,0,35,0,5,21,0,26,10,16,35,0,61,14,0,14,75
11/01/2020,TOL,OH,AGL,CE,Combined TRACON& Tower with Radar,8,3,7,0,18,0,2,6,0,8,8,5,13,0,26,0,0,0,26
11/02/2020,TOL,OH,AGL,CE,Combined TRACON& Tower with Radar,9,2,18,10,39,0,3,14,0,17,9,5,32,10,56,12,12,24,80
11/03/2020,TOL,OH,AGL,CE,Combined TRACON& Tower with Radar,7,8,27,8,50,0,5,17,0,22,7,13,44,8,72,27,0,27,99
11/04/2020,TOL,OH,AGL,CE,Combined TRACON& Tower with Radar,8,6,34,8,56,0,6,40,0,46,8,12,74,8,102,26,0,26,128
11/05/2020,TOL,OH,AGL,CE,Combined TRACON& Tower with Radar,7,14,44,2,67,0,1,27,1,29,7,15,71,3,96,12,0,12,108
11/06/2020,TOL,OH,AGL,CE,Combined TRACON& Tower with Radar,5,11,12,1,29,0,7,26,0,33,5,18,38,1,62,21,0,21,83
11/07/2020,TOL,OH,AGL,CE,Combined TRACON& Tower with Radar,5,11,12,6,34,0,13,41,0,54,5,24,53,6,88,18,4,22,110
11/08/2020,TOL,OH,AGL,CE,Combined TRACON& Tower with Radar,5,7,17,7,36,0,2,39,0,41,5,9,56,7,77,32,0,32,109
11/09/2020,TOL,OH,AGL,CE,Combined TRACON& Tower with Radar,7,10,24,7,48,0,5,24,0,29,7,15,48,7,77,14,14,28,105
11/10/2020,TOL,OH,AGL,CE,Combined TRACON& Tower with Radar,4,12,21,6,43,0,1,19,0,20,4,13,40,6,63,12,8,20,83
11/11/2020,TOL,OH,AGL,CE,Combined TRACON& Tower with Radar,5,15,26,0,46,0,4,30,0,34,5,19,56,0,80,76,0,76,156
11/12/2020,TOL,OH,AGL,CE,Combined TRACON& Tower with Radar,3,18,23,8,52,0,0,46,1,47,3,18,69,9,99,22,7,29,128
11/13/2020,TOL,OH,AGL,CE,Combined TRACON& Tower with Radar,6,20,23,10,59,0,2,10,0,12,6,22,33,10,71,18,8,26,97
11/14/2020,TOL,OH,AGL,CE,Combined TRACON& Tower with Radar,6,16,23,0,45,0,4,28,0,32,6,20,51,0,77,12,0,12,89
11/15/2020,TOL,OH,AGL,CE,Combined TRACON& Tower with Radar,6,7,6,0,19,1,1,1,0,3,7,8,7,0,22,0,0,0,22
11/16/2020,TOL,OH,AGL,CE,Combined TRACON& Tower with Radar,5,18,33,8,64,0,7,16,0,23,5,25,49,8,87,32,8,40,127
11/17/2020,TOL,OH,AGL,CE,Combined TRACON& Tower with Radar,2,11,17,8,38,0,3,23,0,26,2,14,40,8,64,53,0,53,117
11/18/2020,TOL,OH,AGL,CE,Combined TRACON& Tower with Radar,12,28,22,7,69,0,2,32,3,37,12,30,54,10,106,12,2,14,120
11/19/2020,TOL,OH,AGL,CE,Combined TRACON& Tower with Radar,3,20,7,6,36,0,6,6,0,12,3,26,13,6,48,10,0,10,58
11/20/2020,TOL,OH,AGL,CE,Combined TRACON& Tower with Radar,5,30,33,2,70,0,5,21,2,28,5,35,54,4,98,46,0,46,144
11/21/2020,TOL,OH,AGL,CE,Combined TRACON& Tower with Radar,3,14,29,0,46,0,8,16,0,24,3,22,45,0,70,30,0,30,100
11/22/2020,TOL,OH,AGL,CE,Combined TRACON& Tower with Radar,3,11,6,0,20,0,0,1,0,1,3,11,7,0,21,0,0,0,21
11/23/2020,TOL,OH,AGL,CE,Combined TRACON& Tower with Radar,3,9,19,6,37,0,3,22,0,25,3,12,41,6,62,8,0,8,70
11/24/2020,TOL,OH,AGL,CE,Combined TRACON& Tower with Radar,12,12,24,2,50,0,4,19,0,23,12,16,43,2,73,0,0,0,73
11/25/2020,TOL,OH,AGL,CE,Combined TRACON& Tower with Radar,4,11,16,0,31,0,1,2,0,3,4,12,18,0,34,0,0,0,34
11/26/2020,TOL,OH,AGL,CE,Combined TRACON& Tower with Radar,0,1,1,0,2,0,3,1,0,4,0,4,2,0,6,0,0,0,6
11/27/2020,TOL,OH,AGL,CE,Combined TRACON& Tower with Radar,3,5,26,0,34,0,2,1,0,3,3,7,27,0,37,10,0,10,47
11/28/2020,TOL,OH,AGL,CE,Combined TRACON& Tower with Radar,4,7,13,0,24,0,5,32,0,37,4,12,45,0,61,16,0,16,77
11/29/2020,TOL,OH,AGL,CE,Combined TRACON& Tower with Radar,3,11,21,0,35,0,3,35,0,38,3,14,56,0,73,0,0,0,73
11/30/2020,TOL,OH,AGL,CE,Combined TRACON& Tower with Radar,8,8,12,0,28,0,1,0,0,1,8,9,12,0,29,0,7,7,36
12/01/2020,TOL,OH,AGL,CE,Combined TRACON& Tower with Radar,7,14,6,2,29,0,0,0,0,0,7,14,6,2,29,0,0,0,29
12/02/2020,TOL,OH,AGL,CE,Combined TRACON& Tower with Radar,10,12,28,6,56,0,2,30,2,34,10,14,58,8,90,52,8,60,150
12/03/2020,TOL,OH,AGL,CE,Combined TRACON& Tower with Radar,5,19,37,0,61,0,6,6,0,12,5,25,43,0,73,6,0,6,79
12/04/2020,TOL,OH,AGL,CE,Combined TRACON& Tower with Radar,6,12,12,1,31,0,3,21,0,24,6,15,33,1,55,34,0,34,89
12/05/2020,TOL,OH,AGL,CE,Combined TRACON& Tower with Radar,6,12,18,0,36,0,4,9,0,13,6,16,27,0,49,0,0,0,49
12/06/2020,TOL,OH,AGL,CE,Combined TRACON& Tower with Radar,4,8,16,0,28,0,3,13,0,16,4,11,29,0,44,14,0,14,58
12/07/2020,TOL,OH,AGL,CE,Combined TRACON& Tower with Radar,6,10,17,2,35,0,3,21,0,24,6,13,38,2,59,0,0,0,59
12/08/2020,TOL,OH,AGL,CE,Combined TRACON& Tower with Radar,12,13,23,4,52,0,3,16,0,19,12,16,39,4,71,8,0,8,79
12/09/2020,TOL,OH,AGL,CE,Combined TRACON& Tower with Radar,8,20,34,2,64,0,1,6,0,7,8,21,40,2,71,7,0,7,78
12/10/2020,TOL,OH,AGL,CE,Combined TRACON& Tower with Radar,13,15,9,2,39,0,2,33,0,35,13,17,42,2,74,0,0,0,74
12/11/2020,TOL,OH,AGL,CE,Combined TRACON& Tower with Radar,10,22,22,1,55,0,4,26,0,30,10,26,48,1,85,35,0,35,120
12/12/2020,TOL,OH,AGL,CE,Combined TRACON& Tower with Radar,6,14,1,0,21,0,0,0,0,0,6,14,1,0,21,0,0,0,21
12/13/2020,TOL,OH,AGL,CE,Combined TRACON& Tower with Radar,6,15,8,0,29,0,4,5,0,9,6,19,13,0,38,2,0,2,40
12/14/2020,TOL,OH,AGL,CE,Combined TRACON& Tower with Radar,7,13,28,8,56,0,15,13,1,29,7,28,41,9,85,0,0,0,85
12/15/2020,TOL,OH,AGL,CE,Combined TRACON& Tower with Radar,3,14,18,6,41,0,9,18,2,29,3,23,36,8,70,16,6,22,92
12/16/2020,TOL,OH,AGL,CE,Combined TRACON& Tower with Radar,2,20,10,0,32,0,0,1,0,1,2,20,11,0,33,0,0,0,33
12/17/2020,TOL,OH,AGL,CE,Combined TRACON& Tower with Radar,8,25,3,0,36,0,0,0,0,0,8,25,3,0,36,0,0,0,36
12/18/2020,TOL,OH,AGL,CE,Combined TRACON& Tower with Radar,10,15,22,0,47,0,0,25,0,25,10,15,47,0,72,0,0,0,72
12/19/2020,TOL,OH,AGL,CE,Combined TRACON& Tower with Radar,5,8,11,0,24,0,4,8,0,12,5,12,19,0,36,0,0,0,36
12/20/2020,TOL,OH,AGL,CE,Combined TRACON& Tower with Radar,7,11,19,0,37,0,2,4,0,6,7,13,23,0,43,36,0,36,79
12/21/2020,TOL,OH,AGL,CE,Combined TRACON& Tower with Radar,2,11,13,4,30,0,4,2,0,6,2,15,15,4,36,0,0,0,36
12/22/2020,TOL,OH,AGL,CE,Combined TRACON& Tower with Radar,7,13,12,6,38,0,1,10,0,11,7,14,22,6,49,6,0,6,55
12/23/2020,TOL,OH,AGL,CE,Combined TRACON& Tower with Radar,10,10,13,0,33,0,0,7,0,7,10,10,20,0,40,0,0,0,40
12/24/2020,TOL,OH,AGL,CE,Combined TRACON& Tower with Radar,5,8,6,0,19,0,0,8,1,9,5,8,14,1,28,0,0,0,28
12/25/2020,TOL,OH,AGL,CE,Combined TRACON& Tower with Radar,0,8,3,0,11,0,1,0,0,1,0,9,3,0,12,0,0,0,12
12/26/2020,TOL,OH,AGL,CE,Combined TRACON& Tower with Radar,4,6,5,0,15,0,5,5,0,10,4,11,10,0,25,0,0,0,25
12/27/2020,TOL,OH,AGL,CE,Combined TRACON& Tower with Radar,2,12,7,0,21,0,0,28,0,28,2,12,35,0,49,8,0,8,57
12/28/2020,TOL,OH,AGL,CE,Combined TRACON& Tower with Radar,4,13,8,6,31,0,0,12,0,12,4,13,20,6,43,10,0,10,53
12/29/2020,TOL,OH,AGL,CE,Combined TRACON& Tower with Radar,4,8,28,6,46,0,2,42,0,44,4,10,70,6,90,4,10,14,104
12/30/2020,TOL,OH,AGL,CE,Combined TRACON& Tower with Radar,4,12,4,0,20,0,0,0,0,0,4,12,4,0,20,0,0,0,20
12/31/2020,TOL,OH,AGL,CE,Combined TRACON& Tower with Radar,4,4,21,0,29,0,1,19,0,20,4,5,40,0,49,0,0,0,49
01/01/2021,TOL,OH,AGL,CE,Combined TRACON& Tower with Radar,0,4,2,0,6,0,1,1,2,4,0,5,3,2,10,0,0,0,10
01/02/2021,TOL,OH,AGL,CE,Combined TRACON& Tower with Radar,2,12,8,0,22,0,0,0,0,0,2,12,8,0,22,0,0,0,22
01/03/2021,TOL,OH,AGL,CE,Combined TRACON& Tower with Radar,4,10,20,0,34,0,1,4,0,5,4,11,24,0,39,0,0,0,39
01/04/2021,TOL,OH,AGL,CE,Combined TRACON& Tower with Radar,4,6,17,6,33,0,1,4,0,5,4,7,21,6,38,35,0,35,73
01/05/2021,TOL,OH,AGL,CE,Combined TRACON& Tower with Radar,3,3,10,0,16,0,0,1,0,1,3,3,11,0,17,21,0,21,38
01/06/2021,TOL,OH,AGL,CE,Combined TRACON& Tower with Radar,6,3,18,6,33,0,6,14,1,21,6,9,32,7,54,0,0,0,54
01/07/2021,TOL,OH,AGL,CE,Combined TRACON& Tower with Radar,8,6,18,6,38,0,2,25,0,27,8,8,43,6,65,49,0,49,114
01/08/2021,TOL,OH,AGL,CE,Combined TRACON& Tower with Radar,6,9,23,0,38,0,3,10,0,13,6,12,33,0,51,0,0,0,51
01/09/2021,TOL,OH,AGL,CE,Combined TRACON& Tower with Radar,5,6,28,10,49,0,3,37,0,40,5,9,65,10,89,20,16,36,125
01/10/2021,TOL,OH,AGL,CE,Combined TRACON& Tower with Radar,2,17,28,4,51,0,2,19,0,21,2,19,47,4,72,25,6,31,103
01/11/2021,TOL,OH,AGL,CE,Combined TRACON& Tower with Radar,2,6,15,6,29,0,2,7,1,10,2,8,22,7,39,0,0,0,39
01/12/2021,TOL,OH,AGL,CE,Combined TRACON& Tower with Radar,3,4,14,7,28,0,0,1,0,1,3,4,15,7,29,0,0,0,29
01/13/2021,TOL,OH,AGL,CE,Combined TRACON& Tower with Radar,6,11,26,6,49,0,5,48,0,53,6,16,74,6,102,18,10,28,130
01/14/2021,TOL,OH,AGL,CE,Combined TRACON& Tower with Radar,4,9,34,6,53,0,6,26,0,32,4,15,60,6,85,39,8,47,132
01/15/2021,TOL,OH,AGL,CE,Combined TRACON& Tower with Radar,4,10,12,0,26,0,0,3,0,3,4,10,15,0,29,6,0,6,35
01/16/2021,TOL,OH,AGL,CE,Combined TRACON& Tower with Radar,3,6,6,0,15,0,0,0,0,0,3,6,6,0,15,0,0,0,15
01/17/2021,TOL,OH,AGL,CE,Combined TRACON& Tower with Radar,3,9,6,0,18,0,1,3,0,4,3,10,9,0,22,0,0,0,22
01/18/2021,TOL,OH,AGL,CE,Combined TRACON& Tower with Radar,2,7,23,2,34,0,2,2,0,4,2,9,25,2,38,12,0,12,50
01/19/2021,TOL,OH,AGL,CE,Combined TRACON& Tower with Radar,2,6,15,18,41,0,2,10,0,12,2,8,25,18,53,10,15,25,78
01/20/2021,TOL,OH,AGL,CE,Combined TRACON& Tower with Radar,3,8,28,2,41,0,1,49,1,51,3,9,77,3,92,105,5,110,202
01/21/2021,TOL,OH,AGL,CE,Combined TRACON& Tower with Radar,6,7,19,12,44,0,6,14,0,20,6,13,33,12,64,6,12,18,82
01/22/2021,TOL,OH,AGL,CE,Combined TRACON& Tower with Radar,2,9,21,0,32,0,2,20,0,22,2,11,41,0,54,0,0,0,54
01/23/2021,TOL,OH,AGL,CE,Combined TRACON& Tower with Radar,5,8,30,3,46,0,8,55,1,64,5,16,85,4,110,16,0,16,126
01/24/2021,TOL,OH,AGL,CE,Combined TRACON& Tower with Radar,2,14,8,0,24,0,2,11,1,14,2,16,19,1,38,20,0,20,58
01/25/2021,TOL,OH,AGL,CE,Combined TRACON& Tower with Radar,2,9,12,12,35,0,0,3,0,3,2,9,15,12,38,0,6,6,44
01/26/2021,TOL,OH,AGL,CE,Combined TRACON& Tower with Radar,2,2,4,0,8,0,0,0,0,0,2,2,4,0,8,0,0,0,8
01/27/2021,TOL,OH,AGL,CE,Combined TRACON& Tower with Radar,2,7,30,6,45,0,9,49,0,58,2,16,79,6,103,66,34,100,203
01/28/2021,TOL,OH,AGL,CE,Combined TRACON& Tower with Radar,3,14,36,6,59,0,7,12,2,21,3,21,48,8,80,18,0,18,98
01/29/2021,TOL,OH,AGL,CE,Combined TRACON& Tower with Radar,4,15,29,0,48,0,5,43,1,49,4,20,72,1,97,36,0,36,133
01/30/2021,TOL,OH,AGL,CE,Combined TRACON& Tower with Radar,2,8,11,0,21,0,5,34,0,39,2,13,45,0,60,50,0,50,110
01/31/2021,TOL,OH,AGL,CE,Combined TRACON& Tower with Radar,2,6,5,0,13,0,0,0,0,0,2,6,5,0,13,0,0,0,13
02/01/2021,TOL,OH,AGL,CE,Combined TRACON& Tower with Radar,3,9,7,9,28,0,2,0,0,2,3,11,7,9,30,10,16,26,56
02/02/2021,TOL,OH,AGL,CE,Combined TRACON& Tower with Radar,3,5,30,7,45,0,9,37,2,48,3,14,67,9,93,0,0,0,93
02/03/2021,TOL,OH,AGL,CE,Combined TRACON& Tower with Radar,2,6,34,15,57,0,4,48,0,52,2,10,82,15,109,74,4,78,187
02/04/2021,TOL,OH,AGL,CE,Combined TRACON& Tower with Radar,1,10,31,7,49,0,0,16,2,18,1,10,47,9,67,12,0,12,79
02/05/2021,TOL,OH,AGL,CE,Combined TRACON& Tower with Radar,5,9,12,0,26,0,3,1,0,4,5,12,13,0,30,0,0,0,30
02/06/2021,TOL,OH,AGL,CE,Combined TRACON& Tower with Radar,7,5,16,6,34,0,0,23,0,23,7,5,39,6,57,18,2,20,77
02/07/2021,TOL,OH,AGL,CE,Combined TRACON& Tower with Radar,2,11,19,4,36,0,0,17,0,17,2,11,36,4,53,2,6,8,61
02/08/2021,TOL,OH,AGL,CE,Combined TRACON& Tower with Radar,6,9,13,9,37,0,0,9,0,9,6,9,22,9,46,4,10,14,60
02/09/2021,TOL,OH,AGL,CE,Combined TRACON& Tower with Radar,8,9,22,8,47,0,6,17,6,29,8,15,39,14,76,36,9,45,121
02/10/2021,TOL,OH,AGL,CE,Combined TRACON& Tower with Radar,3,9,23,9,44,0,2,24,1,27,3,11,47,10,71,20,0,20,91
02/11/2021,TOL,OH,AGL,CE,Combined TRACON& Tower with Radar,2,15,44,13,74,0,0,29,0,29,2,15,73,13,103,16,0,16,119
02/12/2021,TOL,OH,AGL,CE,Combined TRACON& Tower with Radar,5,10,36,0,51,0,3,15,0,18,5,13,51,0,69,24,0,24,93
02/13/2021,TOL,OH,AGL,CE,Combined TRACON& Tower with Radar,3,8,5,2,18,0,4,1,0,5,3,12,6,2,23,0,0,0,23
02/14/2021,TOL,OH,AGL,CE,Combined TRACON& Tower with Radar,2,4,10,0,16,0,1,16,0,17,2,5,26,0,33,0,0,0,33
02/15/2021,TOL,OH,AGL,CE,Combined TRACON& Tower with Radar,4,5,8,0,17,0,0,0,0,0,4,5,8,0,17,0,0,0,17
02/16/2021,TOL,OH,AGL,CE,Combined TRACON& Tower with Radar,4,3,5,0,12,0,0,0,0,0,4,3,5,0,12,0,0,0,12
02/17/2021,TOL,OH,AGL,CE,Combined TRACON& Tower with Radar,4,3,16,5,28,0,3,20,0,23,4,6,36,5,51,8,8,16,67
02/18/2021,TOL,OH,AGL,CE,Combined TRACON& Tower with Radar,7,11,5,0,23,0,0,0,0,0,7,11,5,0,23,0,0,0,23
02/19/2021,TOL,OH,AGL,CE,Combined TRACON& Tower with Radar,9,12,19,0,40,0,2,5,0,7,9,14,24,0,47,0,0,0,47
02/20/2021,TOL,OH,AGL,CE,Combined TRACON& Tower with Radar,12,16,12,0,40,0,0,24,0,24,12,16,36,0,64,0,0,0,64
02/21/2021,TOL,OH,AGL,CE,Combined TRACON& Tower with Radar,5,11,29,0,45,0,6,26,0,32,5,17,55,0,77,10,0,10,87
02/22/2021,TOL,OH,AGL,CE,Combined TRACON& Tower with Radar,10,6,13,8,37,0,3,2,0,5,10,9,15,8,42,6,4,10,52
02/23/2021,TOL,OH,AGL,CE,Combined TRACON& Tower with Radar,12,4,40,17,73,0,3,31,2,36,12,7,71,19,109,22,8,30,139
02/24/2021,TOL,OH,AGL,CE,Combined TRACON& Tower with Radar,7,4,27,11,49,0,2,33,1,36,7,6,60,12,85,14,12,26,111
02/25/2021,TOL,OH,AGL,CE,Combined TRACON& Tower with Radar,6,9,41,5,61,0,10,40,0,50,6,19,81,5,111,18,20,38,149
02/26/2021,TOL,OH,AGL,CE,Combined TRACON& Tower with Radar,10,10,42,0,62,0,10,31,0,41,10,20,73,0,103,8,0,8,111
02/27/2021,TOL,OH,AGL,CE,Combined TRACON& Tower with Radar,3,7,37,0,47,0,2,21,0,23,3,9,58,0,70,14,0,14,84
02/28/2021,TOL,OH,AGL,CE,Combined TRACON& Tower with Radar,3,7,19,0,29,0,1,10,0,11,3,8,29,0,40,8,0,8,48
03/01/2021,TOL,OH,AGL,CE,Combined TRACON& Tower with Radar,4,9,16,18,47,0,7,6,0,13,4,16,22,18,60,6,0,6,66
03/02/2021,TOL,OH,AGL,CE,Combined TRACON& Tower with Radar,9,15,36,16,76,0,8,24,0,32,9,23,60,16,108,18,14,32,140
03/03/2021,TOL,OH,AGL,CE,Combined TRACON& Tower with Radar,9,9,30,21,69,0,8,38,3,49,9,17,68,24,118,26,8,34,152
03/04/2021,TOL,OH,AGL,CE,Combined TRACON& Tower with Radar,8,12,30,11,61,0,2,11,0,13,8,14,41,11,74,0,0,0,74
03/05/2021,TOL,OH,AGL,CE,Combined TRACON& Tower with Radar,7,17,32,0,56,0,6,27,0,33,7,23,59,0,89,2,0,2,91
03/06/2021,TOL,OH,AGL,CE,Combined TRACON& Tower with Radar,11,9,16,16,52,0,3,22,1,26,11,12,38,17,78,14,8,22,100
03/07/2021,TOL,OH,AGL,CE,Combined TRACON& Tower with Radar,5,7,21,14,47,0,2,23,0,25,5,9,44,14,72,12,20,32,104
03/08/2021,TOL,OH,AGL,CE,Combined TRACON& Tower with Radar,7,9,14,0,30,0,3,19,0,22,7,12,33,0,52,12,0,12,64
03/09/2021,TOL,OH,AGL,CE,Combined TRACON& Tower with Radar,10,15,39,22,86,0,6,33,0,39,10,21,72,22,125,29,25,54,179
03/10/2021,TOL,OH,AGL,CE,Combined TRACON& Tower with Radar,8,4,21,22,55,0,8,7,0,15,8,12,28,22,70,29,45,74,144
03/11/2021,TOL,OH,AGL,CE,Combined TRACON& Tower with Radar,7,6,13,16,42,0,7,9,0,16,7,13,22,16,58,40,2,42,100
03/12/2021,TOL,OH,AGL,CE,Combined TRACON& Tower with Radar,5,9,26,1,41,0,5,30,0,35,5,14,56,1,76,56,0,56,132
03/13/2021,TOL,OH,AGL,CE,Combined TRACON& Tower with Radar,10,9,20,0,39,0,2,21,0,23,10,11,41,0,62,8,0,8,70
03/14/2021,TOL,OH,AGL,CE,Combined TRACON& Tower with Radar,3,7,16,0,26,0,4,24,0,28,3,11,40,0,54,0,0,0,54
03/15/2021,TOL,OH,AGL,CE,Combined TRACON& Tower with Radar,4,7,30,22,63,0,1,21,0,22,4,8,51,22,85,26,27,53,138
03/16/2021,TOL,OH,AGL,CE,Combined TRACON& Tower with Radar,7,6,34,14,61,0,0,11,0,11,7,6,45,14,72,0,0,0,72
03/17/2021,TOL,OH,AGL,CE,Combined TRACON& Tower with Radar,10,6,8,17,41,0,9,54,1,64,10,15,62,18,105,6,14,20,125
03/18/2021,TOL,OH,AGL,CE,Combined TRACON& Tower with Radar,7,9,7,6,29,0,0,0,0,0,7,9,7,6,29,0,4,4,33
03/19/2021,TOL,OH,AGL,CE,Combined TRACON& Tower with Radar,12,4,15,0,31,0,14,24,0,38,12,18,39,0,69,25,0,25,94
03/20/2021,TOL,OH,AGL,CE,Combined TRACON& Tower with Radar,13,10,24,0,47,0,7,49,0,56,13,17,73,0,103,2,0,2,105
03/21/2021,TOL,OH,AGL,CE,Combined TRACON& Tower with Radar,9,10,15,0,34,0,3,34,0,37,9,13,49,0,71,18,18,36,107
03/22/2021,TOL,OH,AGL,CE,Combined TRACON& Tower with Radar,10,8,15,20,53,0,8,25,0,33,10,16,40,20,86,10,8,18,104
03/23/2021,TOL,OH,AGL,CE,Combined TRACON& Tower with Radar,12,9,20,15,56,0,5,13,0,18,12,14,33,15,74,2,8,10,84
03/24/2021,TOL,OH,AGL,CE,Combined TRACON& Tower with Radar,14,9,19,18,60,0,7,9,0,16,14,16,28,18,76,0,32,32,108
03/25/2021,TOL,OH,AGL,CE,Combined TRACON& Tower with Radar,6,11,13,14,44,0,4,17,0,21,6,15,30,14,65,0,16,16,81
03/26/2021,TOL,OH,AGL,CE,Combined TRACON& Tower with Radar,8,10,23,2,43,0,1,4,0,5,8,11,27,2,48,0,8,8,56
03/27/2021,TOL,OH,AGL,CE,Combined TRACON& Tower with Radar,13,10,37,0,60,0,2,18,0,20,13,12,55,0,80,8,0,8,88
03/28/2021,TOL,OH,AGL,CE,Combined TRACON& Tower with Radar,8,13,8,0,29,0,0,3,0,3,8,13,11,0,32,0,0,0,32
03/29/2021,TOL,OH,AGL,CE,Combined TRACON& Tower with Radar,6,5,46,16,73,0,3,40,0,43,6,8,86,16,116,18,8,26,142
03/30/2021,TOL,OH,AGL,CE,Combined TRACON& Tower with Radar,10,9,11,14,44,0,6,21,0,27,10,15,32,14,71,8,0,8,79
03/31/2021,TOL,OH,AGL,CE,Combined TRACON& Tower with Radar,11,8,21,16,56,0,2,42,0,44,11,10,63,16,100,20,17,37,137
04/01/2021,TOL,OH,AGL,CE,Combined TRACON& Tower with Radar,7,16,21,12,56,0,0,11,0,11,7,16,32,12,67,71,2,73,140
04/02/2021,TOL,OH,AGL,CE,Combined TRACON& Tower with Radar,6,13,36,1,56,0,6,46,0,52,6,19,82,1,108,26,0,26,134
04/03/2021,TOL,OH,AGL,CE,Combined TRACON& Tower with Radar,8,5,10,1,24,0,2,15,0,17,8,7,25,1,41,6,0,6,47
04/04/2021,TOL,OH,AGL,CE,Combined TRACON& Tower with Radar,4,6,11,0,21,0,2,13,0,15,4,8,24,0,36,0,0,0,36
04/05/2021,TOL,OH,AGL,CE,Combined TRACON& Tower with Radar,6,5,9,17,37,0,3,16,2,21,6,8,25,19,58,64,6,70,128
04/06/2021,TOL,OH,AGL,CE,Combined TRACON& Tower with Radar,10,4,14,13,41,0,2,26,1,29,10,6,40,14,70,24,0,24,94
04/07/2021,TOL,OH,AGL,CE,Combined TRACON& Tower with Radar,14,10,24,17,65,0,9,30,3,42,14,19,54,20,107,38,22,60,167
04/08/2021,TOL,OH,AGL,CE,Combined TRACON& Tower with Radar,7,6,17,12,42,0,3,10,2,15,7,9,27,14,57,2,0,2,59
04/09/2021,TOL,OH,AGL,CE,Combined TRACON& Tower with Radar,8,11,10,0,29,0,3,13,1,17,8,14,23,1,46,8,6,14,60
04/10/2021,TOL,OH,AGL,CE,Combined TRACON& Tower with Radar,9,9,20,15,53,0,2,19,1,22,9,11,39,16,75,0,0,0,75
04/11/2021,TOL,OH,AGL,CE,Combined TRACON& Tower with Radar,3,7,11,12,33,0,2,5,4,11,3,9,16,16,44,2,0,2,46
04/12/2021,TOL,OH,AGL,CE,Combined TRACON& Tower with Radar,8,10,41,0,59,0,0,7,0,7,8,10,48,0,66,6,0,6,72
04/13/2021,TOL,OH,AGL,CE,Combined TRACON& Tower with Radar,4,10,23,22,59,0,4,32,1,37,4,14,55,23,96,22,8,30,126
04/14/2021,TOL,OH,AGL,CE,Combined TRACON& Tower with Radar,7,6,24,23,60,0,9,32,0,41,7,15,56,23,101,40,20,60,161
04/15/2021,TOL,OH,AGL,CE,Combined TRACON& Tower with Radar,6,8,11,14,39,0,3,27,1,31,6,11,38,15,70,24,2,26,96
04/16/2021,TOL,OH,AGL,CE,Combined TRACON& Tower with Radar,3,9,30,0,42,0,1,9,0,10,3,10,39,0,52,14,0,14,66
04/17/2021,TOL,OH,AGL,CE,Combined TRACON& Tower with Radar,4,5,25,4,38,0,1,30,0,31,4,6,55,4,69,0,0,0,69
04/18/2021,TOL,OH,AGL,CE,Combined TRACON& Tower with Radar,2,11,17,0,30,0,6,21,0,27,2,17,38,0,57,10,0,10,67
04/19/2021,TOL,OH,AGL,CE,Combined TRACON& Tower with Radar,3,9,12,15,39,0,3,15,1,19,3,12,27,16,58,6,26,32,90
04/20/2021,TOL,OH,AGL,CE,Combined TRACON& Tower with Radar,4,9,12,15,40,0,0,1,2,3,4,9,13,17,43,8,4,12,55
04/21/2021,TOL,OH,AGL,CE,Combined TRACON& Tower with Radar,5,7,15,17,44,0,0,18,0,18,5,7,33,17,62,42,23,65,127
04/22/2021,TOL,OH,AGL,CE,Combined TRACON& Tower with Radar,6,6,19,12,43,0,4,29,0,33,6,10,48,12,76,34,2,36,112
04/23/2021,TOL,OH,AGL,CE,Combined TRACON& Tower with Radar,4,11,21,0,36,0,4,12,1,17,4,15,33,1,53,6,0,6,59
04/24/2021,TOL,OH,AGL,CE,Combined TRACON& Tower with Radar,6,8,15,2,31,0,2,20,2,24,6,10,35,4,55,44,0,44,99
04/25/2021,TOL,OH,AGL,CE,Combined TRACON& Tower with Radar,4,7,26,0,37,0,3,17,0,20,4,10,43,0,57,0,0,0,57
04/26/2021,TOL,OH,AGL,CE,Combined TRACON& Tower with Radar,5,10,41,11,67,0,9,27,1,37,5,19,68,12,104,20,12,32,136
04/27/2021,TOL,OH,AGL,CE,Combined TRACON& Tower with Radar,3,15,17,18,53,0,9,30,1,40,3,24,47,19,93,16,2,18,111
04/28/2021,TOL,OH,AGL,CE,Combined TRACON& Tower with Radar,6,5,19,9,39,0,0,28,0,28,6,5,47,9,67,22,0,22,89
04/29/2021,TOL,OH,AGL,CE,Combined TRACON& Tower with Radar,9,15,8,4,36,0,2,0,2,4,9,17,8,6,40,2,0,2,42
04/30/2021,TOL,OH,AGL,CE,Combined TRACON& Tower with Radar,5,20,16,0,41,0,7,16,0,23,5,27,32,0,64,10,0,10,74
05/01/2021,TOL,OH,AGL,CE,Combined TRACON& Tower with Radar,6,5,15,0,26,0,11,11,0,22,6,16,26,0,48,0,0,0,48
05/02/2021,TOL,OH,AGL,CE,Combined TRACON& Tower with Radar,4,5,18,0,27,0,1,13,0,14,4,6,31,0,41,18,0,18,59
05/03/2021,TOL,OH,AGL,CE,Combined TRACON& Tower with Radar,4,7,23,0,34,0,2,3,0,5,4,9,26,0,39,0,0,0,39
05/04/2021,TOL,OH,AGL,CE,Combined TRACON& Tower with Radar,4,9,18,10,41,0,2,4,0,6,4,11,22,10,47,10,4,14,61
05/05/2021,TOL,OH,AGL,CE,Combined TRACON& Tower with Radar,7,17,18,12,54,0,2,34,0,36,7,19,52,12,90,38,8,46,136
05/06/2021,TOL,OH,AGL,CE,Combined TRACON& Tower with Radar,7,15,25,10,57,0,1,12,0,13,7,16,37,10,70,6,8,14,84
05/07/2021,TOL,OH,AGL,CE,Combined TRACON& Tower with Radar,5,10,26,0,41,0,6,15,0,21,5,16,41,0,62,2,0,2,64
05/08/2021,TOL,OH,AGL,CE,Combined TRACON& Tower with Radar,8,5,19,0,32,0,4,22,0,26,8,9,41,0,58,12,0,12,70
05/09/2021,TOL,OH,AGL,CE,Combined TRACON& Tower with Radar,5,7,4,0,16,0,0,0,0,0,5,7,4,0,16,0,0,0,16
05/10/2021,TOL,OH,AGL,CE,Combined TRACON& Tower with Radar,6,4,24,12,46,0,10,16,0,26,6,14,40,12,72,12,8,20,92
05/11/2021,TOL,OH,AGL,CE,Combined TRACON& Tower with Radar,5,15,29,10,59,0,8,19,2,29,5,23,48,12,88,39,28,67,155
05/12/2021,TOL,OH,AGL,CE,Combined TRACON& Tower with Radar,5,22,29,18,74,0,11,45,0,56,5,33,74,18,130,95,4,99,229
05/13/2021,TOL,OH,AGL,CE,Combined TRACON& Tower with Radar,8,7,29,7,51,0,3,27,1,31,8,10,56,8,82,18,6,24,106
05/14/2021,TOL,OH,AGL,CE,Combined TRACON& Tower with Radar,7,8,39,0,54,0,9,35,0,44,7,17,74,0,98,16,0,16,114
05/15/2021,TOL,OH,AGL,CE,Combined TRACON& Tower with Radar,7,11,19,13,50,0,7,11,0,18,7,18,30,13,68,0,4,4,72
05/16/2021,TOL,OH,AGL,CE,Combined TRACON& Tower with Radar,6,9,19,0,34,0,12,21,0,33,6,21,40,0,67,36,0,36,103
05/17/2021,TOL,OH,AGL,CE,Combined TRACON& Tower with Radar,6,6,24,17,53,0,7,13,0,20,6,13,37,17,73,6,16,22,95
05/18/2021,TOL,OH,AGL,CE,Combined TRACON& Tower with Radar,7,15,18,9,49,0,12,23,0,35,7,27,41,9,84,28,0,28,112
05/19/2021,TOL,OH,AGL,CE,Combined TRACON& Tower with Radar,8,16,44,13,81,0,11,35,0,46,8,27,79,13,127,79,8,87,214
05/20/2021,TOL,OH,AGL,CE,Combined TRACON& Tower with Radar,7,16,41,11,75,0,7,29,2,38,7,23,70,13,113,75,2,77,190
05/21/2021,TOL,OH,AGL,CE,Combined TRACON& Tower with Radar,6,9,24,0,39,0,6,20,0,26,6,15,44,0,65,4,0,4,69
05/22/2021,TOL,OH,AGL,CE,Combined TRACON& Tower with Radar,6,7,35,2,50,0,7,76,0,83,6,14,111,2,133,26,0,26,159
05/23/2021,TOL,OH,AGL,CE,Combined TRACON& Tower with Radar,6,7,22,0,35,0,1,68,0,69,6,8,90,0,104,38,0,38,142
05/24/2021,TOL,OH,AGL,CE,Combined TRACON& Tower with Radar,6,5,22,9,42,0,1,22,0,23,6,6,44,9,65,18,0,18,83
05/25/2021,TOL,OH,AGL,CE,Combined TRACON& Tower with Radar,5,8,35,7,55,0,18,16,0,34,5,26,51,7,89,40,16,56,145
05/26/2021,TOL,OH,AGL,CE,Combined TRACON& Tower with Radar,11,10,39,11,71,0,2,13,2,17,11,12,52,13,88,22,8,30,118
05/27/2021,TOL,OH,AGL,CE,Combined TRACON& Tower with Radar,8,9,33,6,56,0,4,24,0,28,8,13,57,6,84,12,6,18,102
05/28/2021,TOL,OH,AGL,CE,Combined TRACON& Tower with Radar,6,7,8,0,21,0,0,0,0,0,6,7,8,0,21,0,0,0,21
05/29/2021,TOL,OH,AGL,CE,Combined TRACON& Tower with Radar,8,7,17,0,32,0,8,5,0,13,8,15,22,0,45,0,0,0,45
05/30/2021,TOL,OH,AGL,CE,Combined TRACON& Tower with Radar,6,7,16,0,29,0,4,22,0,26,6,11,38,0,55,0,0,0,55
05/31/2021,TOL,OH,AGL,CE,Combined TRACON& Tower with Radar,6,6,22,2,36,0,2,21,2,25,6,8,43,4,61,8,4,12,73
06/01/2021,TOL,OH,AGL,CE,Combined TRACON& Tower with Radar,5,8,49,15,77,0,12,26,0,38,5,20,75,15,115,34,15,49,164
06/02/2021,TOL,OH,AGL,CE,Combined TRACON& Tower with Radar,9,8,42,7,66,0,2,1,0,3,9,10,43,7,69,0,0,0,69
06/03/2021,TOL,OH,AGL,CE,Combined TRACON& Tower with Radar,8,12,28,7,55,0,9,15,0,24,8,21,43,7,79,8,0,8,87
06/04/2021,TOL,OH,AGL,CE,Combined TRACON& Tower with Radar,13,13,35,1,62,0,11,31,0,42,13,24,66,1,104,18,0,18,122
06/05/2021,TOL,OH,AGL,CE,Combined TRACON& Tower with Radar,11,16,22,15,64,0,11,25,0,36,11,27,47,15,100,16,7,23,123
06/06/2021,TOL,OH,AGL,CE,Combined TRACON& Tower with Radar,9,8,16,4,37,0,7,17,0,24,9,15,33,4,61,52,0,52,113
06/07/2021,TOL,OH,AGL,CE,Combined TRACON& Tower with Radar,22,8,30,1,61,0,1,7,0,8,22,9,37,1,69,0,0,0,69
06/08/2021,TOL,OH,AGL,CE,Combined TRACON& Tower with Radar,13,7,34,11,65,0,0,10,0,10,13,7,44,11,75,2,22,24,99
06/09/2021,TOL,OH,AGL,CE,Combined TRACON& Tower with Radar,21,14,35,12,82,0,2,5,1,8,21,16,40,13,90,6,2,8,98
06/10/2021,TOL,OH,AGL,CE,Combined TRACON& Tower with Radar,26,13,39,7,85,0,4,24,0,28,26,17,63,7,113,38,20,58,171
06/11/2021,TOL,OH,AGL,CE,Combined TRACON& Tower with Radar,14,11,14,0,39,0,5,12,0,17,14,16,26,0,56,14,0,14,70
06/12/2021,TOL,OH,AGL,CE,Combined TRACON& Tower with Radar,16,11,21,0,48,0,4,14,0,18,16,15,35,0,66,2,0,2,68
06/13/2021,TOL,OH,AGL,CE,Combined TRACON& Tower with Radar,8,7,17,7,39,0,9,23,2,34,8,16,40,9,73,12,6,18,91
06/14/2021,TOL,OH,AGL,CE,Combined TRACON& Tower with Radar,16,10,24,11,61,0,6,23,0,29,16,16,47,11,90,8,0,8,98
06/15/2021,TOL,OH,AGL,CE,Combined TRACON& Tower with Radar,15,9,31,14,69,0,6,27,0,33,15,15,58,14,102,26,6,32,134
06/16/2021,TOL,OH,AGL,CE,Combined TRACON& Tower with Radar,19,12,40,25,96,0,4,50,0,54,19,16,90,25,150,34,26,60,210
06/17/2021,TOL,OH,AGL,CE,Combined TRACON& Tower with Radar,20,12,44,6,82,0,8,45,0,53,20,20,89,6,135,97,0,97,232
06/18/2021,TOL,OH,AGL,CE,Combined TRACON& Tower with Radar,13,16,13,0,42,0,7,7,0,14,13,23,20,0,56,0,0,0,56
06/19/2021,TOL,OH,AGL,CE,Combined TRACON& Tower with Radar,14,12,11,0,37,0,1,5,0,6,14,13,16,0,43,0,0,0,43
06/20/2021,TOL,OH,AGL,CE,Combined TRACON& Tower with Radar,8,9,19,0,36,0,1,6,0,7,8,10,25,0,43,0,0,0,43
06/21/2021,TOL,OH,AGL,CE,Combined TRACON& Tower with Radar,9,11,34,9,63,0,5,4,0,9,9,16,38,9,72,14,0,14,86
06/22/2021,TOL,OH,AGL,CE,Combined TRACON& Tower with Radar,17,20,22,14,73,0,10,39,0,49,17,30,61,14,122,22,0,22,144
06/23/2021,TOL,OH,AGL,CE,Combined TRACON& Tower with Radar,11,20,35,18,84,0,6,28,4,38,11,26,63,22,122,68,26,94,216
06/24/2021,TOL,OH,AGL,CE,Combined TRACON& Tower with Radar,15,17,24,1,57,0,7,51,0,58,15,24,75,1,115,31,0,31,146
06/25/2021,TOL,OH,AGL,CE,Combined TRACON& Tower with Radar,13,16,9,0,38,0,2,1,0,3,13,18,10,0,41,0,0,0,41
06/26/2021,TOL,OH,AGL,CE,Combined TRACON& Tower with Radar,9,8,14,4,35,0,1,10,0,11,9,9,24,4,46,4,4,8,54
06/27/2021,TOL,OH,AGL,CE,Combined TRACON& Tower with Radar,7,12,11,0,30,0,2,11,0,13,7,14,22,0,43,6,0,6,49
06/28/2021,TOL,OH,AGL,CE,Combined TRACON& Tower with Radar,12,10,23,9,54,0,7,14,1,22,12,17,37,10,76,14,15,29,105
06/29/2021,TOL,OH,AGL,CE,Combined TRACON& Tower with Radar,15,16,47,8,86,0,0,17,0,17,15,16,64,8,103,10,0,10,113
06/30/2021,TOL,OH,AGL,CE,Combined TRACON& Tower with Radar,12,9,34,6,61,0,2,8,0,10,12,11,42,6,71,4,8,12,83
07/01/2021,TOL,OH,AGL,CE,Combined TRACON& Tower with Radar,13,13,45,11,82,0,2,26,0,28,13,15,71,11,110,16,0,16,126
07/02/2021,TOL,OH,AGL,CE,Combined TRACON& Tower with Radar,12,23,26,0,61,0,2,13,0,15,12,25,39,0,76,0,0,0,76
07/03/2021,TOL,OH,AGL,CE,Combined TRACON& Tower with Radar,8,14,15,0,37,0,4,24,0,28,8,18,39,0,65,12,0,12,77
07/04/2021,TOL,OH,AGL,CE,Combined TRACON& Tower with Radar,4,10,10,0,24,0,0,20,0,20,4,10,30,0,44,0,0,0,44
07/05/2021,TOL,OH,AGL,CE,Combined TRACON& Tower with Radar,3,11,10,0,24,0,4,21,0,25,3,15,31,0,49,20,0,20,69
07/06/2021,TOL,OH,AGL,CE,Combined TRACON& Tower with Radar,7,18,41,12,78,0,20,38,3,61,7,38,79,15,139,0,0,0,139
07/07/2021,TOL,OH,AGL,CE,Combined TRACON& Tower with Radar,13,18,24,9,64,0,0,13,0,13,13,18,37,9,77,12,0,12,89
07/08/2021,TOL,OH,AGL,CE,Combined TRACON& Tower with Radar,15,15,41,6,77,0,2,3,0,5,15,17,44,6,82,2,0,2,84
07/09/2021,TOL,OH,AGL,CE,Combined TRACON& Tower with Radar,17,11,57,4,89,0,3,31,0,34,17,14,88,4,123,14,0,14,137
07/10/2021,TOL,OH,AGL,CE,Combined TRACON& Tower with Radar,9,11,20,1,41,0,19,21,0,40,9,30,41,1,81,15,0,15,96
07/11/2021,TOL,OH,AGL,CE,Combined TRACON& Tower with Radar,8,10,20,0,38,0,0,0,0,0,8,10,20,0,38,0,0,0,38
07/12/2021,TOL,OH,AGL,CE,Combined TRACON& Tower with Radar,9,20,18,4,51,0,1,1,0,2,9,21,19,4,53,4,0,4,57
07/13/2021,TOL,OH,AGL,CE,Combined TRACON& Tower with Radar,11,18,22,2,53,0,0,0,0,0,11,18,22,2,53,0,0,0,53
07/14/2021,TOL,OH,AGL,CE,Combined TRACON& Tower with Radar,7,10,56,8,81,0,6,17,0,23,7,16,73,8,104,0,0,0,104
07/15/2021,TOL,OH,AGL,CE,Combined TRACON& Tower with Radar,8,16,28,4,56,0,7,26,0,33,8,23,54,4,89,30,0,30,119
07/16/2021,TOL,OH,AGL,CE,Combined TRACON& Tower with Radar,8,13,13,2,36,0,0,1,0,1,8,13,14,2,37,6,0,6,43
07/17/2021,TOL,OH,AGL,CE,Combined TRACON& Tower with Radar,8,13,16,3,40,0,2,25,0,27,8,15,41,3,67,2,0,2,69
07/18/2021,TOL,OH,AGL,CE,Combined TRACON& Tower with Radar,6,13,23,0,42,0,6,38,0,44,6,19,61,0,86,22,0,22,108
07/19/2021,TOL,OH,AGL,CE,Combined TRACON& Tower with Radar,8,12,31,13,64,0,5,24,0,29,8,17,55,13,93,36,6,42,135
07/20/2021,TOL,OH,AGL,CE,Combined TRACON& Tower with Radar,8,22,24,8,62,0,10,19,0,29,8,32,43,8,91,10,4,14,105
07/21/2021,TOL,OH,AGL,CE,Combined TRACON& Tower with Radar,13,16,45,10,84,0,7,31,2,40,13,23,76,12,124,20,12,32,156
07/22/2021,TOL,OH,AGL,CE,Combined TRACON& Tower with Radar,12,20,31,5,68,0,15,33,0,48,12,35,64,5,116,24,0,24,140
07/23/2021,TOL,OH,AGL,CE,Combined TRACON& Tower with Radar,9,10,17,0,36,0,4,17,0,21,9,14,34,0,57,9,0,9,66
07/24/2021,TOL,OH,AGL,CE,Combined TRACON& Tower with Radar,8,8,20,0,36,0,6,6,0,12,8,14,26,0,48,0,0,0,48
07/25/2021,TOL,OH,AGL,CE,Combined TRACON& Tower with Radar,6,11,19,0,36,0,3,16,0,19,6,14,35,0,55,0,0,0,55
07/26/2021,TOL,OH,AGL,CE,Combined TRACON& Tower with Radar,6,14,26,12,58,0,11,29,0,40,6,25,55,12,98,8,4,12,110
07/27/2021,TOL,OH,AGL,CE,Combined TRACON& Tower with Radar,8,14,21,7,50,0,12,32,1,45,8,26,53,8,95,20,0,20,115
07/28/2021,TOL,OH,AGL,CE,Combined TRACON& Tower with Radar,11,16,27,18,72,0,11,18,0,29,11,27,45,18,101,28,3,31,132
07/29/2021,TOL,OH,AGL,CE,Combined TRACON& Tower with Radar,10,10,25,0,45,0,1,14,0,15,10,11,39,0,60,7,0,7,67
07/30/2021,TOL,OH,AGL,CE,Combined TRACON& Tower with Radar,13,20,20,0,53,0,7,34,2,43,13,27,54,2,96,0,0,0,96
07/31/2021,TOL,OH,AGL,CE,Combined TRACON& Tower with Radar,7,11,11,4,33,0,6,28,0,34,7,17,39,4,67,0,0,0,67
08/01/2021,TOL,OH,AGL,CE,Combined TRACON& Tower with Radar,5,12,17,0,34,0,3,11,0,14,5,15,28,0,48,10,0,10,58
08/02/2021,TOL,OH,AGL,CE,Combined TRACON& Tower with Radar,13,14,31,12,70,0,6,27,0,33,13,20,58,12,103,10,2,12,115
08/03/2021,TOL,OH,AGL,CE,Combined TRACON& Tower with Radar,19,16,36,9,80,0,10,20,5,35,19,26,56,14,115,5,0,5,120
08/04/2021,TOL,OH,AGL,CE,Combined TRACON& Tower with Radar,16,18,35,12,81,0,9,35,0,44,16,27,70,12,125,22,8,30,155
08/05/2021,TOL,OH,AGL,CE,Combined TRACON& Tower with Radar,17,21,26,9,73,0,8,49,5,62,17,29,75,14,135,46,2,48,183
08/06/2021,TOL,OH,AGL,CE,Combined TRACON& Tower with Radar,22,23,21,2,68,0,6,22,0,28,22,29,43,2,96,2,0,2,98
08/07/2021,TOL,OH,AGL,CE,Combined TRACON& Tower with Radar,11,13,17,7,48,0,0,22,1,23,11,13,39,8,71,18,10,28,99
08/08/2021,TOL,OH,AGL,CE,Combined TRACON& Tower with Radar,9,10,28,11,58,0,5,19,2,26,9,15,47,13,84,2,8,10,94
08/09/2021,TOL,OH,AGL,CE,Combined TRACON& Tower with Radar,13,8,30,10,61,0,5,7,0,12,13,13,37,10,73,10,8,18,91
08/10/2021,TOL,OH,AGL,CE,Combined TRACON& Tower with Radar,12,20,34,12,78,0,4,11,0,15,12,24,45,12,93,38,4,42,135
08/11/2021,TOL,OH,AGL,CE,Combined TRACON& Tower with Radar,13,16,22,8,59,0,3,15,0,18,13,19,37,8,77,33,10,43,120
08/12/2021,TOL,OH,AGL,CE,Combined TRACON& Tower with Radar,16,15,41,12,84,0,5,13,0,18,16,20,54,12,102,14,0,14,116
08/13/2021,TOL,OH,AGL,CE,Combined TRACON& Tower with Radar,11,10,12,0,33,0,1,10,0,11,11,11,22,0,44,16,0,16,60
08/14/2021,TOL,OH,AGL,CE,Combined TRACON& Tower with Radar,12,14,16,0,42,0,7,24,0,31,12,21,40,0,73,8,0,8,81
08/15/2021,TOL,OH,AGL,CE,Combined TRACON& Tower with Radar,13,10,27,0,50,0,6,18,0,24,13,16,45,0,74,0,0,0,74
08/16/2021,TOL,OH,AGL,CE,Combined TRACON& Tower with Radar,9,16,43,11,79,0,3,11,0,14,9,19,54,11,93,2,0,2,95
08/17/2021,TOL,OH,AGL,CE,Combined TRACON& Tower with Radar,14,28,29,10,81,0,4,12,0,16,14,32,41,10,97,46,0,46,143
08/18/2021,TOL,OH,AGL,CE,Combined TRACON& Tower with Radar,14,15,35,12,76,0,12,24,0,36,14,27,59,12,112,8,0,8,120
08/19/2021,TOL,OH,AGL,CE,Combined TRACON& Tower with Radar,13,27,43,11,94,0,2,49,0,51,13,29,92,11,145,12,2,14,159
08/20/2021,TOL,OH,AGL,CE,Combined TRACON& Tower with Radar,9,17,29,1,56,0,4,32,0,36,9,21,61,1,92,31,0,31,123
08/21/2021,TOL,OH,AGL,CE,Combined TRACON& Tower with Radar,7,11,25,0,43,0,2,18,0,20,7,13,43,0,63,28,0,28,91
08/22/2021,TOL,OH,AGL,CE,Combined TRACON& Tower with Radar,13,10,37,0,60,0,5,23,0,28,13,15,60,0,88,8,0,8,96
08/23/2021,TOL,OH,AGL,CE,Combined TRACON& Tower with Radar,6,11,32,9,58,0,4,18,0,22,6,15,50,9,80,52,6,58,138
08/24/2021,TOL,OH,AGL,CE,Combined TRACON& Tower with Radar,17,21,41,12,91,0,7,25,0,32,17,28,66,12,123,25,0,25,148
08/25/2021,TOL,OH,AGL,CE,Combined TRACON& Tower with Radar,11,17,39,12,79,0,1,24,0,25,11,18,63,12,104,16,0,16,120
08/26/2021,TOL,OH,AGL,CE,Combined TRACON& Tower with Radar,14,20,33,12,79,0,4,16,0,20,14,24,49,12,99,14,0,14,113
08/27/2021,TOL,OH,AGL,CE,Combined TRACON& Tower with Radar,14,16,44,2,76,0,6,16,0,22,14,22,60,2,98,6,0,6,104
08/28/2021,TOL,OH,AGL,CE,Combined TRACON& Tower with Radar,13,14,15,2,44,0,1,8,1,10,13,15,23,3,54,4,0,4,58
08/29/2021,TOL,OH,AGL,CE,Combined TRACON& Tower with Radar,11,11,16,0,38,0,5,28,0,33,11,16,44,0,71,0,0,0,71
08/30/2021,TOL,OH,AGL,CE,Combined TRACON& Tower with Radar,13,16,40,5,74,0,2,19,0,21,13,18,59,5,95,28,0,28,123
08/31/2021,TOL,OH,AGL,CE,Combined TRACON& Tower with Radar,15,21,36,15,87,0,9,26,2,37,15,30,62,17,124,2,0,2,126
09/01/2021,TOL,OH,AGL,CE,Combined TRACON& Tower with Radar,16,19,16,9,60,0,4,20,1,25,16,23,36,10,85,6,0,6,91
09/02/2021,TOL,OH,AGL,CE,Combined TRACON& Tower with Radar,17,24,56,10,107,0,13,38,1,52,17,37,94,11,159,14,4,18,177
09/03/2021,TOL,OH,AGL,CE,Combined TRACON& Tower with Radar,16,23,25,0,64,0,11,37,3,51,16,34,62,3,115,22,0,22,137
09/04/2021,TOL,OH,AGL,CE,Combined TRACON& Tower with Radar,11,14,20,0,45,0,8,15,0,23,11,22,35,0,68,10,0,10,78
09/05/2021,TOL,OH,AGL,CE,Combined TRACON& Tower with Radar,9,14,9,0,32,0,2,11,0,13,9,16,20,0,45,4,0,4,49
09/06/2021,TOL,OH,AGL,CE,Combined TRACON& Tower with Radar,13,13,25,0,51,0,4,28,0,32,13,17,53,0,83,4,0,4,87
09/07/2021,TOL,OH,AGL,CE,Combined TRACON& Tower with Radar,15,10,22,8,55,0,4,17,2,23,15,14,39,10,78,14,0,14,92
09/08/2021,TOL,OH,AGL,CE,Combined TRACON& Tower with Radar,7,15,39,11,72,0,6,28,2,36,7,21,67,13,108,2,0,2,110
09/09/2021,TOL,OH,AGL,CE,Combined TRACON& Tower with Radar,12,19,34,15,80,0,15,27,1,43,12,34,61,16,123,70,16,86,209
09/10/2021,TOL,OH,AGL,CE,Combined TRACON& Tower with Radar,13,13,33,0,59,0,11,47,2,60,13,24,80,2,119,30,0,30,149
09/11/2021,TOL,OH,AGL,CE,Combined TRACON& Tower with Radar,10,20,18,0,48,0,5,12,6,23,10,25,30,6,71,12,36,48,119
09/12/2021,TOL,OH,AGL,CE,Combined TRACON& Tower with Radar,7,20,24,8,59,0,9,27,0,36,7,29,51,8,95,28,0,28,123
09/13/2021,TOL,OH,AGL,CE,Combined TRACON& Tower with Radar,7,15,21,10,53,0,3,24,0,27,7,18,45,10,80,18,6,24,104
09/14/2021,TOL,OH,AGL,CE,Combined TRACON& Tower with Radar,9,15,18,4,46,0,5,11,0,16,9,20,29,4,62,18,0,18,80
09/15/2021,TOL,OH,AGL,CE,Combined TRACON& Tower with Radar,10,21,27,6,64,0,5,28,1,34,10,26,55,7,98,10,0,10,108
09/16/2021,TOL,OH,AGL,CE,Combined TRACON& Tower with Radar,13,17,43,14,87,0,6,51,6,63,13,23,94,20,150,64,22,86,236
09/17/2021,TOL,OH,AGL,CE,Combined TRACON& Tower with Radar,5,23,32,0,60,0,7,30,0,37,5,30,62,0,97,10,0,10,107
09/18/2021,TOL,OH,AGL,CE,Combined TRACON& Tower with Radar,9,17,15,0,41,0,4,20,0,24,9,21,35,0,65,16,0,16,81
09/19/2021,TOL,OH,AGL,CE,Combined TRACON& Tower with Radar,9,9,31,0,49,0,8,15,0,23,9,17,46,0,72,8,0,8,80
09/20/2021,TOL,OH,AGL,CE,Combined TRACON& Tower with Radar,11,15,21,27,74,0,3,8,2,13,11,18,29,29,87,4,70,74,161
09/21/2021,TOL,OH,AGL,CE,Combined TRACON& Tower with Radar,17,10,32,6,65,0,9,1,2,12,17,19,33,8,77,0,0,0,77
09/22/2021,TOL,OH,AGL,CE,Combined TRACON& Tower with Radar,10,19,14,1,44,0,0,0,0,0,10,19,14,1,44,0,0,0,44
09/23/2021,TOL,OH,AGL,CE,Combined TRACON& Tower with Radar,11,13,31,0,55,0,1,2,0,3,11,14,33,0,58,12,0,12,70
09/24/2021,TOL,OH,AGL,CE,Combined TRACON& Tower with Radar,17,25,37,0,79,0,8,36,0,44,17,33,73,0,123,0,0,0,123
09/25/2021,TOL,OH,AGL,CE,Combined TRACON& Tower with Radar,17,16,25,0,58,0,5,15,0,20,17,21,40,0,78,16,0,16,94
09/26/2021,TOL,OH,AGL,CE,Combined TRACON& Tower with Radar,7,12,26,0,45,0,4,38,0,42,7,16,64,0,87,36,0,36,123
09/27/2021,TOL,OH,AGL,CE,Combined TRACON& Tower with Radar,12,27,31,0,70,0,3,16,0,19,12,30,47,0,89,14,0,14,103
09/28/2021,TOL,OH,AGL,CE,Combined TRACON& Tower with Radar,11,24,50,0,85,0,7,30,0,37,11,31,80,0,122,66,0,66,188
09/29/2021,TOL,OH,AGL,CE,Combined TRACON& Tower with Radar,12,16,29,0,57,0,12,42,0,54,12,28,71,0,111,22,0,22,133
09/30/2021,TOL,OH,AGL,CE,Combined TRACON& Tower with Radar,11,19,45,0,75,0,3,53,0,56,11,22,98,0,131,42,0,42,173
10/01/2021,TOL,OH,AGL,CE,Combined TRACON& Tower with Radar,17,15,29,0,61,0,9,33,0,42,17,24,62,0,103,12,0,12,115
10/02/2021,TOL,OH,AGL,CE,Combined TRACON& Tower with Radar,7,13,18,9,47,0,1,16,2,19,7,14,34,11,66,4,14,18,84
10/03/2021,TOL,OH,AGL,CE,Combined TRACON& Tower with Radar,7,13,30,5,55,0,0,9,0,9,7,13,39,5,64,0,0,0,64
10/04/2021,TOL,OH,AGL,CE,Combined TRACON& Tower with Radar,10,16,36,4,66,0,0,0,0,0,10,16,36,4,66,0,0,0,66
10/05/2021,TOL,OH,AGL,CE,Combined TRACON& Tower with Radar,15,10,54,5,84,0,3,4,1,8,15,13,58,6,92,2,0,2,94
10/06/2021,TOL,OH,AGL,CE,Combined TRACON& Tower with Radar,17,14,48,15,94,0,0,0,2,2,17,14,48,17,96,4,0,4,100
10/07/2021,TOL,OH,AGL,CE,Combined TRACON& Tower with Radar,21,16,33,6,76,0,2,17,0,19,21,18,50,6,95,10,2,12,107
10/08/2021,TOL,OH,AGL,CE,Combined TRACON& Tower with Radar,18,11,15,0,44,0,0,4,0,4,18,11,19,0,48,0,0,0,48
10/09/2021,TOL,OH,AGL,CE,Combined TRACON& Tower with Radar,11,7,16,6,40,0,0,19,0,19,11,7,35,6,59,18,0,18,77
10/10/2021,TOL,OH,AGL,CE,Combined TRACON& Tower with Radar,9,11,18,0,38,0,4,15,0,19,9,15,33,0,57,10,0,10,67
10/11/2021,TOL,OH,AGL,CE,Combined TRACON& Tower with Radar,14,12,41,0,67,0,6,36,0,42,14,18,77,0,109,20,0,20,129
10/12/2021,TOL,OH,AGL,CE,Combined TRACON& Tower with Radar,16,17,31,11,75,0,3,8,0,11,16,20,39,11,86,0,0,0,86
10/13/2021,TOL,OH,AGL,CE,Combined TRACON& Tower with Radar,17,20,47,10,94,0,5,28,0,33,17,25,75,10,127,30,2,32,159
10/14/2021,TOL,OH,AGL,CE,Combined TRACON& Tower with Radar,15,22,22,8,67,0,3,24,0,27,15,25,46,8,94,24,2,26,120
10/15/2021,TOL,OH,AGL,CE,Combined TRACON& Tower with Radar,17,10,24,2,53,0,0,1,0,1,17,10,25,2,54,0,0,0,54
10/16/2021,TOL,OH,AGL,CE,Combined TRACON& Tower with Radar,13,10,16,0,39,0,2,13,0,15,13,12,29,0,54,0,0,0,54
10/17/2021,TOL,OH,AGL,CE,Combined TRACON& Tower with Radar,14,11,28,0,53,0,2,32,0,34,14,13,60,0,87,33,0,33,120
10/18/2021,TOL,OH,AGL,CE,Combined TRACON& Tower with Radar,10,15,29,16,70,0,11,29,1,41,10,26,58,17,111,18,4,22,133
10/19/2021,TOL,OH,AGL,CE,Combined TRACON& Tower with Radar,17,24,29,8,78,0,11,45,0,56,17,35,74,8,134,80,12,92,226
10/20/2021,TOL,OH,AGL,CE,Combined TRACON& Tower with Radar,17,13,37,18,85,0,3,28,1,32,17,16,65,19,117,38,11,49,166
10/21/2021,TOL,OH,AGL,CE,Combined TRACON& Tower with Radar,17,18,20,16,71,0,2,18,0,20,17,20,38,16,91,22,17,39,130
10/22/2021,TOL,OH,AGL,CE,Combined TRACON& Tower with Radar,15,16,21,2,54,0,3,31,0,34,15,19,52,2,88,6,0,6,94
10/23/2021,TOL,OH,AGL,CE,Combined TRACON& Tower with Radar,10,15,21,0,46,0,4,16,0,20,10,19,37,0,66,2,0,2,68
10/24/2021,TOL,OH,AGL,CE,Combined TRACON& Tower with Radar,11,10,22,0,43,0,1,3,0,4,11,11,25,0,47,0,0,0,47
10/25/2021,TOL,OH,AGL,CE,Combined TRACON& Tower with Radar,13,11,15,0,39,0,0,0,0,0,13,11,15,0,39,0,0,0,39
10/26/2021,TOL,OH,AGL,CE,Combined TRACON& Tower with Radar,19,12,37,10,78,0,6,24,0,30,19,18,61,10,108,42,0,42,150
10/27/2021,TOL,OH,AGL,CE,Combined TRACON& Tower with Radar,16,11,35,8,70,0,4,1,0,5,16,15,36,8,75,6,0,6,81
10/28/2021,TOL,OH,AGL,CE,Combined TRACON& Tower with Radar,19,22,25,9,75,0,5,5,3,13,19,27,30,12,88,2,0,2,90
10/29/2021,TOL,OH,AGL,CE,Combined TRACON& Tower with Radar,15,12,22,0,49,0,0,0,0,0,15,12,22,0,49,0,0,0,49
10/30/2021,TOL,OH,AGL,CE,Combined TRACON& Tower with Radar,9,10,7,5,31,0,0,2,0,2,9,10,9,5,33,0,0,0,33
10/31/2021,TOL,OH,AGL,CE,Combined TRACON& Tower with Radar,12,9,27,0,48,0,4,19,0,23,12,13,46,0,71,28,0,28,99
11/01/2021,TOL,OH,AGL,CE,Combined TRACON& Tower with Radar,12,17,38,12,79,0,12,37,1,50,12,29,75,13,129,36,0,36,165
11/02/2021,TOL,OH,AGL,CE,Combined TRACON& Tower with Radar,12,10,24,20,66,0,4,9,2,15,12,14,33,22,81,0,16,16,97
11/03/2021,TOL,OH,AGL,CE,Combined TRACON& Tower with Radar,8,22,26,28,84,0,2,24,0,26,8,24,50,28,110,22,30,52,162
11/04/2021,TOL,OH,AGL,CE,Combined TRACON& Tower with Radar,15,24,36,16,91,0,5,41,0,46,15,29,77,16,137,36,16,52,189
11/05/2021,TOL,OH,AGL,CE,Combined TRACON& Tower with Radar,19,28,27,12,86,0,8,32,0,40,19,36,59,12,126,0,0,0,126
11/06/2021,TOL,OH,AGL,CE,Combined TRACON& Tower with Radar,18,11,23,11,63,0,10,30,0,40,18,21,53,11,103,20,14,34,137
11/07/2021,TOL,OH,AGL,CE,Combined TRACON& Tower with Radar,15,17,20,19,71,0,3,32,0,35,15,20,52,19,106,20,28,48,154
11/08/2021,TOL,OH,AGL,CE,Combined TRACON& Tower with Radar,13,21,29,16,79,0,9,27,0,36,13,30,56,16,115,40,20,60,175
11/09/2021,TOL,OH,AGL,CE,Combined TRACON& Tower with Radar,21,21,33,15,90,0,7,20,0,27,21,28,53,15,117,18,2,20,137
11/10/2021,TOL,OH,AGL,CE,Combined TRACON& Tower with Radar,18,19,47,23,107,0,0,11,0,11,18,19,58,23,118,4,8,12,130
11/11/2021,TOL,OH,AGL,CE,Combined TRACON& Tower with Radar,15,19,16,0,50,0,3,0,0,3,15,22,16,0,53,0,0,0,53
11/12/2021,TOL,OH,AGL,CE,Combined TRACON& Tower with Radar,8,22,18,0,48,0,4,10,0,14,8,26,28,0,62,0,0,0,62
11/13/2021,TOL,OH,AGL,CE,Combined TRACON& Tower with Radar,11,6,5,0,22,0,0,2,0,2,11,6,7,0,24,0,0,0,24
11/14/2021,TOL,OH,AGL,CE,Combined TRACON& Tower with Radar,8,8,18,2,36,0,1,2,0,3,8,9,20,2,39,0,0,0,39
11/15/2021,TOL,OH,AGL,CE,Combined TRACON& Tower with Radar,13,15,27,16,71,0,3,12,0,15,13,18,39,16,86,10,6,16,102
11/16/2021,TOL,OH,AGL,CE,Combined TRACON& Tower with Radar,11,10,36,14,71,0,6,22,2,30,11,16,58,16,101,16,12,28,129
11/17/2021,TOL,OH,AGL,CE,Combined TRACON& Tower with Radar,24,12,18,15,69,0,3,4,0,7,24,15,22,15,76,0,0,0,76
11/18/2021,TOL,OH,AGL,CE,Combined TRACON& Tower with Radar,21,20,31,8,80,0,2,10,1,13,21,22,41,9,93,26,0,26,119
11/19/2021,TOL,OH,AGL,CE,Combined TRACON& Tower with Radar,20,17,31,0,68,0,9,30,1,40,20,26,61,1,108,11,0,11,119
11/20/2021,TOL,OH,AGL,CE,Combined TRACON& Tower with Radar,14,21,12,0,47,0,5,19,0,24,14,26,31,0,71,4,12,16,87
11/21/2021,TOL,OH,AGL,CE,Combined TRACON& Tower with Radar,12,18,13,0,43,0,3,1,0,4,12,21,14,0,47,8,0,8,55
11/22/2021,TOL,OH,AGL,CE,Combined TRACON& Tower with Radar,14,15,24,22,75,0,4,31,0,35,14,19,55,22,110,42,4,46,156
11/23/2021,TOL,OH,AGL,CE,Combined TRACON& Tower with Radar,21,23,31,26,101,0,4,42,0,46,21,27,73,26,147,8,4,12,159
11/24/2021,TOL,OH,AGL,CE,Combined TRACON& Tower with Radar,20,20,18,10,68,0,1,22,2,25,20,21,40,12,93,2,18,20,113
11/25/2021,TOL,OH,AGL,CE,Combined TRACON& Tower with Radar,8,10,1,0,19,0,0,0,0,0,8,10,1,0,19,0,0,0,19
11/26/2021,TOL,OH,AGL,CE,Combined TRACON& Tower with Radar,3,6,17,0,26,0,8,14,0,22,3,14,31,0,48,0,0,0,48
11/27/2021,TOL,OH,AGL,CE,Combined TRACON& Tower with Radar,12,12,13,1,38,0,3,9,1,13,12,15,22,2,51,6,0,6,57
11/28/2021,TOL,OH,AGL,CE,Combined TRACON& Tower with Radar,17,11,18,0,46,0,1,10,0,11,17,12,28,0,57,0,0,0,57
11/29/2021,TOL,OH,AGL,CE,Combined TRACON& Tower with Radar,14,12,40,18,84,0,4,23,0,27,14,16,63,18,111,8,10,18,129
11/30/2021,TOL,OH,AGL,CE,Combined TRACON& Tower with Radar,18,15,41,9,83,0,5,20,0,25,18,20,61,9,108,6,0,6,114
12/01/2021,TOL,OH,AGL,CE,Combined TRACON& Tower with Radar,15,11,22,11,59,0,3,12,0,15,15,14,34,11,74,4,10,14,88
12/02/2021,TOL,OH,AGL,CE,Combined TRACON& Tower with Radar,24,12,31,11,78,0,8,32,0,40,24,20,63,11,118,98,0,98,216
12/03/2021,TOL,OH,AGL,CE,Combined TRACON& Tower with Radar,22,11,14,0,47,0,1,1,0,2,22,12,15,0,49,0,0,0,49
12/04/2021,TOL,OH,AGL,CE,Combined TRACON& Tower with Radar,12,16,19,12,59,0,0,12,0,12,12,16,31,12,71,0,26,26,97
12/05/2021,TOL,OH,AGL,CE,Combined TRACON& Tower with Radar,12,8,14,1,35,0,0,14,0,14,12,8,28,1,49,12,0,12,61
12/06/2021,TOL,OH,AGL,CE,Combined TRACON& Tower with Radar,9,9,18,12,48,0,0,6,1,7,9,9,24,13,55,12,0,12,67
12/07/2021,TOL,OH,AGL,CE,Combined TRACON& Tower with Radar,14,32,19,9,74,0,1,24,2,27,14,33,43,11,101,6,26,32,133
12/08/2021,TOL,OH,AGL,CE,Combined TRACON& Tower with Radar,16,11,23,17,67,0,2,12,0,14,16,13,35,17,81,26,18,44,125
12/09/2021,TOL,OH,AGL,CE,Combined TRACON& Tower with Radar,23,12,44,10,89,0,0,24,0,24,23,12,68,10,113,24,0,24,137
12/10/2021,TOL,OH,AGL,CE,Combined TRACON& Tower with Radar,22,12,20,0,54,0,0,0,0,0,22,12,20,0,54,0,0,0,54
12/11/2021,TOL,OH,AGL,CE,Combined TRACON& Tower with Radar,15,22,7,0,44,0,0,1,0,1,15,22,8,0,45,0,0,0,45
12/12/2021,TOL,OH,AGL,CE,Combined TRACON& Tower with Radar,19,10,17,0,46,0,7,13,0,20,19,17,30,0,66,71,0,71,137
12/13/2021,TOL,OH,AGL,CE,Combined TRACON& Tower with Radar,10,17,31,11,69,0,10,47,0,57,10,27,78,11,126,0,0,0,126
12/14/2021,TOL,OH,AGL,CE,Combined TRACON& Tower with Radar,15,26,50,4,95,0,5,37,0,42,15,31,87,4,137,56,0,56,193
12/15/2021,TOL,OH,AGL,CE,Combined TRACON& Tower with Radar,20,26,28,12,86,0,6,3,1,10,20,32,31,13,96,2,0,2,98
12/16/2021,TOL,OH,AGL,CE,Combined TRACON& Tower with Radar,21,25,13,8,67,0,3,1,3,7,21,28,14,11,74,29,0,29,103
12/17/2021,TOL,OH,AGL,CE,Combined TRACON& Tower with Radar,15,15,15,0,45,0,4,35,0,39,15,19,50,0,84,0,0,0,84
12/18/2021,TOL,OH,AGL,CE,Combined TRACON& Tower with Radar,13,16,11,0,40,0,0,1,0,1,13,16,12,0,41,0,0,0,41
12/19/2021,TOL,OH,AGL,CE,Combined TRACON& Tower with Radar,13,14,17,0,44,0,2,17,0,19,13,16,34,0,63,16,0,16,79
12/20/2021,TOL,OH,AGL,CE,Combined TRACON& Tower with Radar,14,20,28,12,74,0,2,21,1,24,14,22,49,13,98,8,0,8,106
12/21/2021,TOL,OH,AGL,CE,Combined TRACON& Tower with Radar,19,26,24,8,77,0,3,18,0,21,19,29,42,8,98,8,0,8,106
12/22/2021,TOL,OH,AGL,CE,Combined TRACON& Tower with Radar,20,13,18,11,62,0,4,11,0,15,20,17,29,11,77,0,0,0,77
12/23/2021,TOL,OH,AGL,CE,Combined TRACON& Tower with Radar,22,16,20,0,58,0,10,25,0,35,22,26,45,0,93,2,0,2,95
12/24/2021,TOL,OH,AGL,CE,Combined TRACON& Tower with Radar,4,6,3,0,13,0,0,0,0,0,4,6,3,0,13,0,0,0,13
12/25/2021,TOL,OH,AGL,CE,Combined TRACON& Tower with Radar,3,5,2,0,10,0,2,0,0,2,3,7,2,0,12,0,0,0,12
12/26/2021,TOL,OH,AGL,CE,Combined TRACON& Tower with Radar,4,12,23,0,39,0,2,3,0,5,4,14,26,0,44,8,0,8,52
12/27/2021,TOL,OH,AGL,CE,Combined TRACON& Tower with Radar,8,4,15,0,27,0,0,0,0,0,8,4,15,0,27,16,4,20,47
12/28/2021,TOL,OH,AGL,CE,Combined TRACON& Tower with Radar,8,20,8,2,38,0,0,2,0,2,8,20,10,2,40,2,0,2,42
12/29/2021,TOL,OH,AGL,CE,Combined TRACON& Tower with Radar,6,12,12,0,30,0,0,2,0,2,6,12,14,0,32,10,0,10,42
12/30/2021,TOL,OH,AGL,CE,Combined TRACON& Tower with Radar,11,10,10,0,31,0,0,0,0,0,11,10,10,0,31,0,0,0,31
12/31/2021,TOL,OH,AGL,CE,Combined TRACON& Tower with Radar,2,4,17,5,28,0,0,4,0,4,2,4,21,5,32,0,0,0,32
01/01/2022,TOL,OH,AGL,CE,Combined TRACON& Tower with Radar,0,4,4,0,8,0,0,0,0,0,0,4,4,0,8,0,0,0,8
01/02/2022,TOL,OH,AGL,CE,Combined TRACON& Tower with Radar,8,0,18,0,26,0,2,8,0,10,8,2,26,0,36,11,0,11,47
01/03/2022,TOL,OH,AGL,CE,Combined TRACON& Tower with Radar,8,8,22,12,50,0,4,22,0,26,8,12,44,12,76,10,4,14,90
01/04/2022,TOL,OH,AGL,CE,Combined TRACON& Tower with Radar,9,13,24,11,57,0,5,23,1,29,9,18,47,12,86,0,0,0,86
01/05/2022,TOL,OH,AGL,CE,Combined TRACON& Tower with Radar,12,14,9,8,43,0,0,1,1,2,12,14,10,9,45,0,0,0,45
01/06/2022,TOL,OH,AGL,CE,Combined TRACON& Tower with Radar,11,12,13,7,43,0,3,10,1,14,11,15,23,8,57,47,0,47,104
01/07/2022,TOL,OH,AGL,CE,Combined TRACON& Tower with Radar,13,5,12,0,30,0,1,19,0,20,13,6,31,0,50,23,0,23,73
01/08/2022,TOL,OH,AGL,CE,Combined TRACON& Tower with Radar,14,6,17,0,37,0,3,25,0,28,14,9,42,0,65,0,0,0,65
01/09/2022,TOL,OH,AGL,CE,Combined TRACON& Tower with Radar,9,8,12,0,29,0,0,0,0,0,9,8,12,0,29,12,0,12,41
01/10/2022,TOL,OH,AGL,CE,Combined TRACON& Tower with Radar,12,8,24,14,58,0,3,1,0,4,12,11,25,14,62,0,2,2,64
01/11/2022,TOL,OH,AGL,CE,Combined TRACON& Tower with Radar,19,14,27,14,74,0,2,15,0,17,19,16,42,14,91,8,0,8,99
01/12/2022,TOL,OH,AGL,CE,Combined TRACON& Tower with Radar,16,13,14,12,55,0,2,15,0,17,16,15,29,12,72,16,16,32,104
01/13/2022,TOL,OH,AGL,CE,Combined TRACON& Tower with Radar,14,16,21,10,61,0,0,6,2,8,14,16,27,12,69,16,8,24,93
01/14/2022,TOL,OH,AGL,CE,Combined TRACON& Tower with Radar,13,10,22,0,45,0,0,2,0,2,13,10,24,0,47,16,0,16,63
01/15/2022,TOL,OH,AGL,CE,Combined TRACON& Tower with Radar,15,5,11,0,31,0,1,15,0,16,15,6,26,0,47,0,0,0,47
01/16/2022,TOL,OH,AGL,CE,Combined TRACON& Tower with Radar,12,12,13,0,37,0,0,18,0,18,12,12,31,0,55,0,0,0,55
01/17/2022,TOL,OH,AGL,CE,Combined TRACON& Tower with Radar,11,16,18,0,45,0,1,2,0,3,11,17,20,0,48,14,0,14,62
01/18/2022,TOL,OH,AGL,CE,Combined TRACON& Tower with Radar,15,11,22,12,60,0,2,14,0,16,15,13,36,12,76,8,0,8,84
01/19/2022,TOL,OH,AGL,CE,Combined TRACON& Tower with Radar,13,26,16,14,69,0,5,9,0,14,13,31,25,14,83,12,12,24,107
01/20/2022,TOL,OH,AGL,CE,Combined TRACON& Tower with Radar,14,17,44,4,79,0,8,25,0,33,14,25,69,4,112,33,0,33,145
01/21/2022,TOL,OH,AGL,CE,Combined TRACON& Tower with Radar,19,9,41,2,71,0,8,30,0,38,19,17,71,2,109,8,0,8,117
01/22/2022,TOL,OH,AGL,CE,Combined TRACON& Tower with Radar,16,13,9,0,38,0,6,10,0,16,16,19,19,0,54,6,0,6,60
01/23/2022,TOL,OH,AGL,CE,Combined TRACON& Tower with Radar,7,11,7,2,27,0,1,0,0,1,7,12,7,2,28,0,0,0,28
01/24/2022,TOL,OH,AGL,CE,Combined TRACON& Tower with Radar,6,12,24,0,42,0,2,0,0,2,6,14,24,0,44,0,0,0,44
01/25/2022,TOL,OH,AGL,CE,Combined TRACON& Tower with Radar,11,9,35,10,65,0,1,29,0,30,11,10,64,10,95,14,6,20,115
01/26/2022,TOL,OH,AGL,CE,Combined TRACON& Tower with Radar,16,25,29,10,80,0,7,23,1,31,16,32,52,11,111,24,16,40,151
01/27/2022,TOL,OH,AGL,CE,Combined TRACON& Tower with Radar,17,13,17,5,52,0,0,10,0,10,17,13,27,5,62,16,0,16,78
01/28/2022,TOL,OH,AGL,CE,Combined TRACON& Tower with Radar,16,10,34,0,60,0,0,9,0,9,16,10,43,0,69,6,0,6,75
01/29/2022,TOL,OH,AGL,CE,Combined TRACON& Tower with Radar,13,10,16,0,39,0,4,23,0,27,13,14,39,0,66,50,0,50,116
01/30/2022,TOL,OH,AGL,CE,Combined TRACON& Tower with Radar,11,8,19,0,38,0,2,17,0,19,11,10,36,0,57,12,0,12,69
01/31/2022,TOL,OH,AGL,CE,Combined TRACON& Tower with Radar,9,13,34,16,72,0,2,24,0,26,9,15,58,16,98,20,0,20,118
02/01/2022,TOL,OH,AGL,CE,Combined TRACON& Tower with Radar,13,24,27,8,72,0,3,23,0,26,13,27,50,8,98,10,9,19,117
02/02/2022,TOL,OH,AGL,CE,Combined TRACON& Tower with Radar,12,7,6,0,25,0,0,0,0,0,12,7,6,0,25,0,0,0,25
02/03/2022,TOL,OH,AGL,CE,Combined TRACON& Tower with Radar,8,11,5,0,24,0,0,0,0,0,8,11,5,0,24,0,0,0,24
02/04/2022,TOL,OH,AGL,CE,Combined TRACON& Tower with Radar,11,10,14,0,35,0,0,6,0,6,11,10,20,0,41,0,0,0,41
02/05/2022,TOL,OH,AGL,CE,Combined TRACON& Tower with Radar,10,4,13,9,36,0,1,8,0,9,10,5,21,9,45,0,0,0,45
02/06/2022,TOL,OH,AGL,CE,Combined TRACON& Tower with Radar,10,6,19,6,41,0,7,16,1,24,10,13,35,7,65,0,0,0,65
02/07/2022,TOL,OH,AGL,CE,Combined TRACON& Tower with Radar,11,8,14,4,37,0,7,1,0,8,11,15,15,4,45,0,0,0,45
02/08/2022,TOL,OH,AGL,CE,Combined TRACON& Tower with Radar,12,8,51,5,76,0,11,24,0,35,12,19,75,5,111,20,4,24,135
02/09/2022,TOL,OH,AGL,CE,Combined TRACON& Tower with Radar,13,10,24,15,62,0,1,16,3,20,13,11,40,18,82,10,4,14,96
02/10/2022,TOL,OH,AGL,CE,Combined TRACON& Tower with Radar,14,10,11,0,35,0,3,12,0,15,14,13,23,0,50,7,0,7,57
02/11/2022,TOL,OH,AGL,CE,Combined TRACON& Tower with Radar,11,9,19,0,39,0,0,0,0,0,11,9,19,0,39,2,0,2,41
02/12/2022,TOL,OH,AGL,CE,Combined TRACON& Tower with Radar,13,11,15,0,39,0,1,12,0,13,13,12,27,0,52,0,0,0,52
02/13/2022,TOL,OH,AGL,CE,Combined TRACON& Tower with Radar,8,13,16,0,37,0,1,9,0,10,8,14,25,0,47,17,0,17,64
02/14/2022,TOL,OH,AGL,CE,Combined TRACON& Tower with Radar,9,15,25,8,57,0,5,25,0,30,9,20,50,8,87,67,0,67,154
02/15/2022,TOL,OH,AGL,CE,Combined TRACON& Tower with Radar,9,11,42,17,79,0,13,26,0,39,9,24,68,17,118,6,44,50,168
02/16/2022,TOL,OH,AGL,CE,Combined TRACON& Tower with Radar,16,17,8,6,47,0,3,5,2,10,16,20,13,8,57,0,0,0,57
02/17/2022,TOL,OH,AGL,CE,Combined TRACON& Tower with Radar,9,5,16,0,30,0,0,0,0,0,9,5,16,0,30,0,0,0,30
02/18/2022,TOL,OH,AGL,CE,Combined TRACON& Tower with Radar,12,8,20,1,41,0,2,7,0,9,12,10,27,1,50,16,0,16,66
02/19/2022,TOL,OH,AGL,CE,Combined TRACON& Tower with Radar,11,9,9,0,29,0,4,6,0,10,11,13,15,0,39,0,0,0,39
02/20/2022,TOL,OH,AGL,CE,Combined TRACON& Tower with Radar,7,15,10,1,33,0,5,7,0,12,7,20,17,1,45,0,0,0,45
02/21/2022,TOL,OH,AGL,CE,Combined TRACON& Tower with Radar,9,13,44,0,66,0,7,32,0,39,9,20,76,0,105,38,0,38,143
02/22/2022,TOL,OH,AGL,CE,Combined TRACON& Tower with Radar,11,6,23,0,40,0,0,4,0,4,11,6,27,0,44,0,0,0,44
02/23/2022,TOL,OH,AGL,CE,Combined TRACON& Tower with Radar,7,13,26,12,58,0,4,17,0,21,7,17,43,12,79,10,0,10,89
02/24/2022,TOL,OH,AGL,CE,Combined TRACON& Tower with Radar,12,12,21,4,49,0,1,12,4,17,12,13,33,8,66,26,0,26,92
02/25/2022,TOL,OH,AGL,CE,Combined TRACON& Tower with Radar,16,20,18,0,54,0,1,1,0,2,16,21,19,0,56,0,0,0,56
02/26/2022,TOL,OH,AGL,CE,Combined TRACON& Tower with Radar,11,10,20,0,41,0,2,11,0,13,11,12,31,0,54,0,0,0,54
02/27/2022,TOL,OH,AGL,CE,Combined TRACON& Tower with Radar,8,4,20,0,32,0,3,16,0,19,8,7,36,0,51,4,0,4,55
02/28/2022,TOL,OH,AGL,CE,Combined TRACON& Tower with Radar,13,15,37,12,77,0,21,44,1,66,13,36,81,13,143,32,0,32,175
03/01/2022,TOL,OH,AGL,CE,Combined TRACON& Tower with Radar,15,17,33,10,75,0,0,11,0,11,15,17,44,10,86,14,0,14,100
03/02/2022,TOL,OH,AGL,CE,Combined TRACON& Tower with Radar,16,13,28,10,67,0,1,24,1,26,16,14,52,11,93,6,0,6,99
03/03/2022,TOL,OH,AGL,CE,Combined TRACON& Tower with Radar,11,25,42,3,81,0,14,27,0,41,11,39,69,3,122,14,0,14,136
03/04/2022,TOL,OH,AGL,CE,Combined TRACON& Tower with Radar,15,10,12,4,41,0,1,31,0,32,15,11,43,4,73,16,0,16,89
03/05/2022,TOL,OH,AGL,CE,Combined TRACON& Tower with Radar,11,15,13,2,41,0,6,21,0,27,11,21,34,2,68,4,0,4,72
03/06/2022,TOL,OH,AGL,CE,Combined TRACON& Tower with Radar,11,8,13,0,32,0,2,4,0,6,11,10,17,0,38,0,0,0,38
03/07/2022,TOL,OH,AGL,CE,Combined TRACON& Tower with Radar,12,8,4,3,27,0,1,1,0,2,12,9,5,3,29,0,0,0,29
03/08/2022,TOL,OH,AGL,CE,Combined TRACON& Tower with Radar,17,20,36,0,73,0,6,18,0,24,17,26,54,0,97,16,0,16,113
03/09/2022,TOL,OH,AGL,CE,Combined TRACON& Tower with Radar,15,15,27,0,57,0,9,28,0,37,15,24,55,0,94,42,0,42,136
03/10/2022,TOL,OH,AGL,CE,Combined TRACON& Tower with Radar,11,10,25,0,46,0,6,37,0,43,11,16,62,0,89,10,0,10,99
03/11/2022,TOL,OH,AGL,CE,Combined TRACON& Tower with Radar,12,4,11,0,27,0,0,3,0,3,12,4,14,0,30,0,0,0,30
03/12/2022,TOL,OH,AGL,CE,Combined TRACON& Tower with Radar,13,7,3,6,29,0,1,7,0,8,13,8,10,6,37,0,0,0,37
03/13/2022,TOL,OH,AGL,CE,Combined TRACON& Tower with Radar,8,6,20,0,34,0,1,4,0,5,8,7,24,0,39,0,0,0,39
03/14/2022,TOL,OH,AGL,CE,Combined TRACON& Tower with Radar,15,14,33,2,64,0,7,32,0,39,15,21,65,2,103,2,0,2,105
03/15/2022,TOL,OH,AGL,CE,Combined TRACON& Tower with Radar,14,16,41,4,75,0,5,32,0,37,14,21,73,4,112,6,4,10,122
03/16/2022,TOL,OH,AGL,CE,Combined TRACON& Tower with Radar,18,12,39,4,73,0,2,37,0,39,18,14,76,4,112,4,4,8,120
03/17/2022,TOL,OH,AGL,CE,Combined TRACON& Tower with Radar,12,21,30,2,65,0,2,61,0,63,12,23,91,2,128,38,0,38,166
03/18/2022,TOL,OH,AGL,CE,Combined TRACON& Tower with Radar,19,10,19,3,51,0,6,29,0,35,19,16,48,3,86,40,0,40,126
03/19/2022,TOL,OH,AGL,CE,Combined TRACON& Tower with Radar,19,11,15,2,47,0,0,0,0,0,19,11,15,2,47,0,0,0,47
03/20/2022,TOL,OH,AGL,CE,Combined TRACON& Tower with Radar,9,12,32,0,53,0,4,39,0,43,9,16,71,0,96,12,0,12,108
03/21/2022,TOL,OH,AGL,CE,Combined TRACON& Tower with Radar,13,11,48,6,78,0,10,40,0,50,13,21,88,6,128,74,2,76,204
03/22/2022,TOL,OH,AGL,CE,Combined TRACON& Tower with Radar,14,8,25,5,52,0,0,5,0,5,14,8,30,5,57,0,0,0,57
03/23/2022,TOL,OH,AGL,CE,Combined TRACON& Tower with Radar,17,15,17,10,59,0,2,2,0,4,17,17,19,10,63,0,0,0,63
03/24/2022,TOL,OH,AGL,CE,Combined TRACON& Tower with Radar,17,8,23,4,52,0,0,15,0,15,17,8,38,4,67,18,0,18,85
03/25/2022,TOL,OH,AGL,CE,Combined TRACON& Tower with Radar,15,14,7,0,36,0,1,2,1,4,15,15,9,1,40,8,0,8,48
03/26/2022,TOL,OH,AGL,CE,Combined TRACON& Tower with Radar,19,8,6,0,33,0,1,4,0,5,19,9,10,0,38,0,0,0,38
03/27/2022,TOL,OH,AGL,CE,Combined TRACON& Tower with Radar,10,4,23,0,37,0,1,7,0,8,10,5,30,0,45,0,0,0,45
03/28/2022,TOL,OH,AGL,CE,Combined TRACON& Tower with Radar,12,10,30,10,62,0,4,36,1,41,12,14,66,11,103,36,8,44,147
03/29/2022,TOL,OH,AGL,CE,Combined TRACON& Tower with Radar,11,17,41,4,73,0,3,24,0,27,11,20,65,4,100,4,5,9,109
03/30/2022,TOL,OH,AGL,CE,Combined TRACON& Tower with Radar,19,8,14,13,54,0,4,10,2,16,19,12,24,15,70,0,0,0,70
03/31/2022,TOL,OH,AGL,CE,Combined TRACON& Tower with Radar,13,8,25,4,50,0,0,1,0,1,13,8,26,4,51,0,0,0,51
04/01/2022,TOL,OH,AGL,CE,Combined TRACON& Tower with Radar,16,10,22,0,48,0,2,14,0,16,16,12,36,0,64,10,0,10,74
04/02/2022,TOL,OH,AGL,CE,Combined TRACON& Tower with Radar,18,16,33,0,67,0,1,41,0,42,18,17,74,0,109,22,0,22,131
04/03/2022,TOL,OH,AGL,CE,Combined TRACON& Tower with Radar,8,4,22,0,34,0,0,11,0,11,8,4,33,0,45,0,0,0,45
04/04/2022,TOL,OH,AGL,CE,Combined TRACON& Tower with Radar,14,10,29,2,55,0,1,5,0,6,14,11,34,2,61,2,0,2,63
04/05/2022,TOL,OH,AGL,CE,Combined TRACON& Tower with Radar,14,12,35,8,69,0,3,19,1,23,14,15,54,9,92,19,0,19,111
04/06/2022,TOL,OH,AGL,CE,Combined TRACON& Tower with Radar,19,10,37,0,66,0,0,8,0,8,19,10,45,0,74,4,0,4,78
04/07/2022,TOL,OH,AGL,CE,Combined TRACON& Tower with Radar,15,16,49,11,91,0,2,28,0,30,15,18,77,11,121,33,2,35,156
04/08/2022,TOL,OH,AGL,CE,Combined TRACON& Tower with Radar,13,8,25,0,46,0,0,2,0,2,13,8,27,0,48,2,0,2,50
04/09/2022,TOL,OH,AGL,CE,Combined TRACON& Tower with Radar,9,6,11,7,33,0,1,12,1,14,9,7,23,8,47,0,15,15,62
04/10/2022,TOL,OH,AGL,CE,Combined TRACON& Tower with Radar,12,13,36,8,69,0,9,39,0,48,12,22,75,8,117,10,24,34,151
04/11/2022,TOL,OH,AGL,CE,Combined TRACON& Tower with Radar,10,6,29,10,55,0,1,6,4,11,10,7,35,14,66,2,0,2,68
04/12/2022,TOL,OH,AGL,CE,Combined TRACON& Tower with Radar,15,10,49,10,84,0,0,30,0,30,15,10,79,10,114,14,4,18,132
04/13/2022,TOL,OH,AGL,CE,Combined TRACON& Tower with Radar,15,13,23,2,53,0,0,0,0,0,15,13,23,2,53,0,0,0,53
04/14/2022,TOL,OH,AGL,CE,Combined TRACON& Tower with Radar,11,6,25,5,47,0,0,1,2,3,11,6,26,7,50,0,0,0,50
04/15/2022,TOL,OH,AGL,CE,Combined TRACON& Tower with Radar,9,7,18,1,35,0,0,3,0,3,9,7,21,1,38,2,14,16,54
04/16/2022,TOL,OH,AGL,CE,Combined TRACON& Tower with Radar,10,4,24,0,38,0,0,17,3,20,10,4,41,3,58,0,0,0,58
04/17/2022,TOL,OH,AGL,CE,Combined TRACON& Tower with Radar,9,6,17,0,32,0,2,14,0,16,9,8,31,0,48,44,3,47,95
04/18/2022,TOL,OH,AGL,CE,Combined TRACON& Tower with Radar,9,12,21,6,48,0,0,0,0,0,9,12,21,6,48,0,6,6,54
04/19/2022,TOL,OH,AGL,CE,Combined TRACON& Tower with Radar,11,11,25,12,59,0,2,7,0,9,11,13,32,12,68,0,22,22,90
04/20/2022,TOL,OH,AGL,CE,Combined TRACON& Tower with Radar,9,13,42,13,77,0,6,34,6,46,9,19,76,19,123,4,30,34,157
04/21/2022,TOL,OH,AGL,CE,Combined TRACON& Tower with Radar,8,8,33,9,58,0,1,2,1,4,8,9,35,10,62,4,0,4,66
04/22/2022,TOL,OH,AGL,CE,Combined TRACON& Tower with Radar,10,11,17,0,38,0,4,8,0,12,10,15,25,0,50,0,0,0,50
04/23/2022,TOL,OH,AGL,CE,Combined TRACON& Tower with Radar,11,10,14,0,35,0,7,27,0,34,11,17,41,0,69,0,0,0,69
04/24/2022,TOL,OH,AGL,CE,Combined TRACON& Tower with Radar,8,8,22,1,39,0,2,3,0,5,8,10,25,1,44,0,0,0,44
04/25/2022,TOL,OH,AGL,CE,Combined TRACON& Tower with Radar,11,12,36,12,71,0,3,11,0,14,11,15,47,12,85,37,0,37,122
04/26/2022,TOL,OH,AGL,CE,Combined TRACON& Tower with Radar,10,7,39,12,68,0,5,18,0,23,10,12,57,12,91,18,6,24,115
04/27/2022,TOL,OH,AGL,CE,Combined TRACON& Tower with Radar,15,16,30,17,78,0,6,19,1,26,15,22,49,18,104,0,18,18,122
04/28/2022,TOL,OH,AGL,CE,Combined TRACON& Tower with Radar,8,8,38,9,63,0,10,34,0,44,8,18,72,9,107,42,0,42,149
04/29/2022,TOL,OH,AGL,CE,Combined TRACON& Tower with Radar,13,10,25,0,48,0,14,40,0,54,13,24,65,0,102,14,0,14,116
04/30/2022,TOL,OH,AGL,CE,Combined TRACON& Tower with Radar,11,5,6,1,23,0,2,8,0,10,11,7,14,1,33,0,0,0,33
05/01/2022,TOL,OH,AGL,CE,Combined TRACON& Tower with Radar,7,15,10,0,32,0,3,3,0,6,7,18,13,0,38,0,0,0,38
05/02/2022,TOL,OH,AGL,CE,Combined TRACON& Tower with Radar,10,15,22,14,61,0,7,11,0,18,10,22,33,14,79,16,0,16,95
05/03/2022,TOL,OH,AGL,CE,Combined TRACON& Tower with Radar,11,12,15,0,38,0,0,3,0,3,11,12,18,0,41,20,0,20,61
05/04/2022,TOL,OH,AGL,CE,Combined TRACON& Tower with Radar,14,15,29,12,70,0,4,19,0,23,14,19,48,12,93,0,0,0,93
05/05/2022,TOL,OH,AGL,CE,Combined TRACON& Tower with Radar,11,8,39,6,64,0,0,10,1,11,11,8,49,7,75,2,12,14,89
05/06/2022,TOL,OH,AGL,CE,Combined TRACON& Tower with Radar,10,12,14,0,36,0,2,2,0,4,10,14,16,0,40,0,0,0,40
05/07/2022,TOL,OH,AGL,CE,Combined TRACON& Tower with Radar,11,5,20,0,36,0,3,10,0,13,11,8,30,0,49,8,0,8,57
05/08/2022,TOL,OH,AGL,CE,Combined TRACON& Tower with Radar,9,15,17,2,43,0,11,16,0,27,9,26,33,2,70,10,0,10,80
05/09/2022,TOL,OH,AGL,CE,Combined TRACON& Tower with Radar,9,12,28,20,69,0,3,20,0,23,9,15,48,20,92,8,14,22,114
05/10/2022,TOL,OH,AGL,CE,Combined TRACON& Tower with Radar,8,22,45,14,89,0,12,23,0,35,8,34,68,14,124,10,22,32,156
05/11/2022,TOL,OH,AGL,CE,Combined TRACON& Tower with Radar,12,9,49,18,88,0,8,28,0,36,12,17,77,18,124,9,10,19,143
05/12/2022,TOL,OH,AGL,CE,Combined TRACON& Tower with Radar,10,6,39,13,68,0,8,41,1,50,10,14,80,14,118,28,0,28,146
05/13/2022,TOL,OH,AGL,CE,Combined TRACON& Tower with Radar,13,18,19,0,50,0,5,21,0,26,13,23,40,0,76,4,0,4,80
05/14/2022,TOL,OH,AGL,CE,Combined TRACON& Tower with Radar,13,9,15,22,59,0,1,42,2,45,13,10,57,24,104,40,8,48,152
05/15/2022,TOL,OH,AGL,CE,Combined TRACON& Tower with Radar,8,12,15,18,53,0,0,92,0,92,8,12,107,18,145,22,0,22,167
05/16/2022,TOL,OH,AGL,CE,Combined TRACON& Tower with Radar,11,14,28,19,72,0,2,20,1,23,11,16,48,20,95,18,0,18,113
05/17/2022,TOL,OH,AGL,CE,Combined TRACON& Tower with Radar,8,11,49,14,82,0,14,26,0,40,8,25,75,14,122,22,2,24,146
05/18/2022,TOL,OH,AGL,CE,Combined TRACON& Tower with Radar,10,10,38,24,82,0,1,6,0,7,10,11,44,24,89,4,18,22,111
05/19/2022,TOL,OH,AGL,CE,Combined TRACON& Tower with Radar,10,9,46,6,71,0,2,28,0,30,10,11,74,6,101,4,0,4,105
05/20/2022,TOL,OH,AGL,CE,Combined TRACON& Tower with Radar,9,10,20,0,39,0,9,8,0,17,9,19,28,0,56,0,0,0,56
05/21/2022,TOL,OH,AGL,CE,Combined TRACON& Tower with Radar,8,10,9,0,27,0,3,8,0,11,8,13,17,0,38,0,0,0,38
05/22/2022,TOL,OH,AGL,CE,Combined TRACON& Tower with Radar,12,8,27,0,47,0,4,19,0,23,12,12,46,0,70,0,0,0,70
05/23/2022,TOL,OH,AGL,CE,Combined TRACON& Tower with Radar,12,7,22,17,58,0,7,53,4,64,12,14,75,21,122,6,22,28,150
05/24/2022,TOL,OH,AGL,CE,Combined TRACON& Tower with Radar,12,9,30,16,67,0,12,37,1,50,12,21,67,17,117,20,2,22,139
05/25/2022,TOL,OH,AGL,CE,Combined TRACON& Tower with Radar,11,8,36,16,71,0,5,13,0,18,11,13,49,16,89,4,4,8,97
05/26/2022,TOL,OH,AGL,CE,Combined TRACON& Tower with Radar,12,8,46,0,66,0,0,8,0,8,12,8,54,0,74,0,0,0,74
05/27/2022,TOL,OH,AGL,CE,Combined TRACON& Tower with Radar,8,5,28,0,41,0,6,7,0,13,8,11,35,0,54,4,0,4,58
05/28/2022,TOL,OH,AGL,CE,Combined TRACON& Tower with Radar,12,10,21,1,44,0,5,15,1,21,12,15,36,2,65,24,0,24,89
05/29/2022,TOL,OH,AGL,CE,Combined TRACON& Tower with Radar,5,8,12,0,25,0,13,13,0,26,5,21,25,0,51,0,0,0,51
05/30/2022,TOL,OH,AGL,CE,Combined TRACON& Tower with Radar,8,6,8,1,23,0,2,25,3,30,8,8,33,4,53,0,4,4,57
05/31/2022,TOL,OH,AGL,CE,Combined TRACON& Tower with Radar,12,9,28,20,69,0,7,17,1,25,12,16,45,21,94,0,6,6,100
06/01/2022,TOL,OH,AGL,CE,Combined TRACON& Tower with Radar,11,14,12,18,55,0,7,24,0,31,11,21,36,18,86,34,10,44,130
06/02/2022,TOL,OH,AGL,CE,Combined TRACON& Tower with Radar,14,18,33,15,80,0,4,23,0,27,14,22,56,15,107,20,0,20,127
06/03/2022,TOL,OH,AGL,CE,Combined TRACON& Tower with Radar,11,11,35,0,57,0,5,23,1,29,11,16,58,1,86,16,0,16,102
06/04/2022,TOL,OH,AGL,CE,Combined TRACON& Tower with Radar,10,17,14,14,55,0,8,29,1,38,10,25,43,15,93,0,0,0,93
06/05/2022,TOL,OH,AGL,CE,Combined TRACON& Tower with Radar,10,20,26,14,70,0,8,17,1,26,10,28,43,15,96,0,20,20,116
06/06/2022,TOL,OH,AGL,CE,Combined TRACON& Tower with Radar,10,11,19,19,59,0,0,7,3,10,10,11,26,22,69,0,16,16,85
06/07/2022,TOL,OH,AGL,CE,Combined TRACON& Tower with Radar,19,11,26,12,68,0,3,6,0,9,19,14,32,12,77,4,2,6,83
06/08/2022,TOL,OH,AGL,CE,Combined TRACON& Tower with Radar,12,8,37,17,74,0,2,31,2,35,12,10,68,19,109,6,8,14,123
06/09/2022,TOL,OH,AGL,CE,Combined TRACON& Tower with Radar,14,10,37,9,70,0,4,20,1,25,14,14,57,10,95,25,4,29,124
06/10/2022,TOL,OH,AGL,CE,Combined TRACON& Tower with Radar,18,14,27,0,59,0,3,11,0,14,18,17,38,0,73,4,0,4,77
06/11/2022,TOL,OH,AGL,CE,Combined TRACON& Tower with Radar,9,12,9,0,30,0,7,18,0,25,9,19,27,0,55,12,0,12,67
06/12/2022,TOL,OH,AGL,CE,Combined TRACON& Tower with Radar,11,10,19,0,40,0,2,14,0,16,11,12,33,0,56,4,0,4,60
06/13/2022,TOL,OH,AGL,CE,Combined TRACON& Tower with Radar,12,11,11,18,52,0,1,16,2,19,12,12,27,20,71,0,35,35,106
06/14/2022,TOL,OH,AGL,CE,Combined TRACON& Tower with Radar,19,9,23,22,73,0,3,16,1,20,19,12,39,23,93,4,6,10,103
06/15/2022,TOL,OH,AGL,CE,Combined TRACON& Tower with Radar,19,6,27,16,68,0,13,35,1,49,19,19,62,17,117,0,24,24,141
06/16/2022,TOL,OH,AGL,CE,Combined TRACON& Tower with Radar,18,9,28,12,67,0,6,23,0,29,18,15,51,12,96,9,6,15,111
06/17/2022,TOL,OH,AGL,CE,Combined TRACON& Tower with Radar,10,5,15,2,32,0,3,18,0,21,10,8,33,2,53,4,0,4,57
06/18/2022,TOL,OH,AGL,CE,Combined TRACON& Tower with Radar,15,13,9,0,37,0,4,18,0,22,15,17,27,0,59,12,0,12,71
06/19/2022,TOL,OH,AGL,CE,Combined TRACON& Tower with Radar,8,5,14,0,27,0,1,19,0,20,8,6,33,0,47,0,0,0,47
06/20/2022,TOL,OH,AGL,CE,Combined TRACON& Tower with Radar,14,7,22,0,43,0,3,35,0,38,14,10,57,0,81,59,0,59,140
06/21/2022,TOL,OH,AGL,CE,Combined TRACON& Tower with Radar,13,4,31,14,62,0,7,36,2,45,13,11,67,16,107,29,2,31,138
06/22/2022,TOL,OH,AGL,CE,Combined TRACON& Tower with Radar,15,5,35,15,70,0,9,29,0,38,15,14,64,15,108,48,9,57,165
06/23/2022,TOL,OH,AGL,CE,Combined TRACON& Tower with Radar,7,7,30,7,51,0,10,43,2,55,7,17,73,9,106,34,0,34,140
06/24/2022,TOL,OH,AGL,CE,Combined TRACON& Tower with Radar,11,10,28,0,49,1,4,34,1,40,12,14,62,1,89,32,0,32,121
06/25/2022,TOL,OH,AGL,CE,Combined TRACON& Tower with Radar,5,10,9,1,25,1,4,19,3,27,6,14,28,4,52,32,0,32,84
06/26/2022,TOL,OH,AGL,CE,Combined TRACON& Tower with Radar,9,8,28,0,45,0,6,11,0,17,9,14,39,0,62,16,0,16,78
06/27/2022,TOL,OH,AGL,CE,Combined TRACON& Tower with Radar,12,7,22,21,62,0,6,19,2,27,12,13,41,23,89,42,12,54,143
06/28/2022,TOL,OH,AGL,CE,Combined TRACON& Tower with Radar,14,7,31,11,63,1,8,19,2,30,15,15,50,13,93,14,0,14,107
06/29/2022,TOL,OH,AGL,CE,Combined TRACON& Tower with Radar,15,23,35,16,89,0,7,49,0,56,15,30,84,16,145,22,10,32,177
06/30/2022,TOL,OH,AGL,CE,Combined TRACON& Tower with Radar,21,18,38,6,83,1,4,36,0,41,22,22,74,6,124,32,0,32,156
07/01/2022,TOL,OH,AGL,CE,Combined TRACON& Tower with Radar,19,8,29,0,56,0,0,21,0,21,19,8,50,0,77,26,0,26,103
07/02/2022,TOL,OH,AGL,CE,Combined TRACON& Tower with Radar,8,6,28,0,42,1,3,25,0,29,9,9,53,0,71,4,0,4,75
07/03/2022,TOL,OH,AGL,CE,Combined TRACON& Tower with Radar,11,6,19,0,36,0,1,8,1,10,11,7,27,1,46,0,0,0,46
07/04/2022,TOL,OH,AGL,CE,Combined TRACON& Tower with Radar,5,9,15,0,29,0,0,14,0,14,5,9,29,0,43,0,0,0,43
07/05/2022,TOL,OH,AGL,CE,Combined TRACON& Tower with Radar,8,10,22,9,49,0,6,3,2,11,8,16,25,11,60,2,25,27,87
07/06/2022,TOL,OH,AGL,CE,Combined TRACON& Tower with Radar,6,9,25,11,51,1,0,10,0,11,7,9,35,11,62,0,0,0,62
07/07/2022,TOL,OH,AGL,CE,Combined TRACON& Tower with Radar,7,14,43,10,74,0,12,19,0,31,7,26,62,10,105,20,0,20,125
07/08/2022,TOL,OH,AGL,CE,Combined TRACON& Tower with Radar,8,6,20,0,34,1,4,19,0,24,9,10,39,0,58,16,0,16,74
07/09/2022,TOL,OH,AGL,CE,Combined TRACON& Tower with Radar,6,8,15,0,29,1,6,27,0,34,7,14,42,0,63,2,0,2,65
07/10/2022,TOL,OH,AGL,CE,Combined TRACON& Tower with Radar,6,7,29,0,42,1,7,31,0,39,7,14,60,0,81,0,0,0,81
07/11/2022,TOL,OH,AGL,CE,Combined TRACON& Tower with Radar,6,11,20,9,46,0,2,23,0,25,6,13,43,9,71,2,12,14,85
07/12/2022,TOL,OH,AGL,CE,Combined TRACON& Tower with Radar,6,11,24,24,65,1,8,20,0,29,7,19,44,24,94,14,0,14,108
07/13/2022,TOL,OH,AGL,CE,Combined TRACON& Tower with Radar,7,8,27,9,51,0,2,28,0,30,7,10,55,9,81,29,0,29,110
07/14/2022,TOL,OH,AGL,CE,Combined TRACON& Tower with Radar,10,17,45,8,80,0,12,34,1,47,10,29,79,9,127,27,8,35,162
07/15/2022,TOL,OH,AGL,CE,Combined TRACON& Tower with Radar,10,15,30,1,56,0,7,20,1,28,10,22,50,2,84,6,0,6,90
07/16/2022,TOL,OH,AGL,CE,Combined TRACON& Tower with Radar,8,7,19,0,34,1,1,7,3,12,9,8,26,3,46,12,0,12,58
07/17/2022,TOL,OH,AGL,CE,Combined TRACON& Tower with Radar,7,11,11,0,29,1,0,3,1,5,8,11,14,1,34,0,0,0,34
07/18/2022,TOL,OH,AGL,CE,Combined TRACON& Tower with Radar,8,16,27,7,58,0,6,26,0,32,8,22,53,7,90,0,14,14,104
07/19/2022,TOL,OH,AGL,CE,Combined TRACON& Tower with Radar,8,9,40,11,68,0,7,45,7,59,8,16,85,18,127,42,0,42,169
07/20/2022,TOL,OH,AGL,CE,Combined TRACON& Tower with Radar,10,13,21,15,59,0,2,16,1,19,10,15,37,16,78,22,20,42,120
07/21/2022,TOL,OH,AGL,CE,Combined TRACON& Tower with Radar,9,19,34,0,62,0,6,17,0,23,9,25,51,0,85,8,0,8,93
07/22/2022,TOL,OH,AGL,CE,Combined TRACON& Tower with Radar,11,13,31,0,55,0,12,28,0,40,11,25,59,0,95,39,0,39,134
07/23/2022,TOL,OH,AGL,CE,Combined TRACON& Tower with Radar,10,7,15,0,32,0,4,12,0,16,10,11,27,0,48,0,0,0,48
07/24/2022,TOL,OH,AGL,CE,Combined TRACON& Tower with Radar,10,9,16,0,35,0,1,8,0,9,10,10,24,0,44,0,0,0,44
07/25/2022,TOL,OH,AGL,CE,Combined TRACON& Tower with Radar,9,13,34,17,73,0,5,35,1,41,9,18,69,18,114,30,14,44,158
07/26/2022,TOL,OH,AGL,CE,Combined TRACON& Tower with Radar,8,20,38,18,84,0,4,26,1,31,8,24,64,19,115,0,0,0,115
07/27/2022,TOL,OH,AGL,CE,Combined TRACON& Tower with Radar,8,19,45,14,86,1,3,7,1,12,9,22,52,15,98,2,2,4,102
07/28/2022,TOL,OH,AGL,CE,Combined TRACON& Tower with Radar,11,15,45,12,83,1,6,47,0,54,12,21,92,12,137,16,8,24,161
07/29/2022,TOL,OH,AGL,CE,Combined TRACON& Tower with Radar,11,9,34,4,58,0,7,19,0,26,11,16,53,4,84,0,0,0,84
07/30/2022,TOL,OH,AGL,CE,Combined TRACON& Tower with Radar,11,15,22,0,48,0,8,23,0,31,11,23,45,0,79,7,0,7,86
07/31/2022,TOL,OH,AGL,CE,Combined TRACON& Tower with Radar,11,10,24,0,45,0,5,29,4,38,11,15,53,4,83,8,0,8,91
08/01/2022,TOL,OH,AGL,CE,Combined TRACON& Tower with Radar,7,18,18,2,45,0,1,5,0,6,7,19,23,2,51,12,0,12,63
08/02/2022,TOL,OH,AGL,CE,Combined TRACON& Tower with Radar,7,19,38,2,66,0,6,24,0,30,7,25,62,2,96,24,0,24,120
08/03/2022,TOL,OH,AGL,CE,Combined TRACON& Tower with Radar,10,11,42,2,65,0,0,35,0,35,10,11,77,2,100,18,0,18,118
08/04/2022,TOL,OH,AGL,CE,Combined TRACON& Tower with Radar,7,9,31,4,51,1,3,30,0,34,8,12,61,4,85,26,0,26,111
08/05/2022,TOL,OH,AGL,CE,Combined TRACON& Tower with Radar,8,8,18,7,41,0,9,9,1,19,8,17,27,8,60,0,22,22,82
08/06/2022,TOL,OH,AGL,CE,Combined TRACON& Tower with Radar,6,11,17,0,34,1,9,15,0,25,7,20,32,0,59,12,0,12,71
08/07/2022,TOL,OH,AGL,CE,Combined TRACON& Tower with Radar,7,13,21,0,41,0,3,13,0,16,7,16,34,0,57,15,0,15,72
08/08/2022,TOL,OH,AGL,CE,Combined TRACON& Tower with Radar,6,9,18,0,33,0,3,4,0,7,6,12,22,0,40,0,0,0,40
08/09/2022,TOL,OH,AGL,CE,Combined TRACON& Tower with Radar,9,17,61,12,99,1,2,10,0,13,10,19,71,12,112,12,8,20,132
08/10/2022,TOL,OH,AGL,CE,Combined TRACON& Tower with Radar,10,18,49,24,101,1,8,35,4,48,11,26,84,28,149,44,17,61,210
08/11/2022,TOL,OH,AGL,CE,Combined TRACON& Tower with Radar,6,15,41,18,80,1,3,33,2,39,7,18,74,20,119,41,0,41,160
08/12/2022,TOL,OH,AGL,CE,Combined TRACON& Tower with Radar,10,8,33,0,51,1,4,30,0,35,11,12,63,0,86,10,0,10,96
08/13/2022,TOL,OH,AGL,CE,Combined TRACON& Tower with Radar,8,8,13,0,29,0,1,11,0,12,8,9,24,0,41,10,0,10,51
08/14/2022,TOL,OH,AGL,CE,Combined TRACON& Tower with Radar,8,11,11,0,30,0,6,12,0,18,8,17,23,0,48,0,0,0,48
08/15/2022,TOL,OH,AGL,CE,Combined TRACON& Tower with Radar,7,8,27,18,60,0,6,41,0,47,7,14,68,18,107,52,0,52,159
08/16/2022,TOL,OH,AGL,CE,Combined TRACON& Tower with Radar,8,12,23,24,67,0,0,20,3,23,8,12,43,27,90,54,16,70,160
08/17/2022,TOL,OH,AGL,CE,Combined TRACON& Tower with Radar,8,17,28,13,66,0,1,26,2,29,8,18,54,15,95,10,18,28,123
08/18/2022,TOL,OH,AGL,CE,Combined TRACON& Tower with Radar,9,11,39,18,77,0,7,37,0,44,9,18,76,18,121,19,8,27,148
08/19/2022,TOL,OH,AGL,CE,Combined TRACON& Tower with Radar,10,7,32,6,55,0,2,68,1,71,10,9,100,7,126,74,0,74,200
08/20/2022,TOL,OH,AGL,CE,Combined TRACON& Tower with Radar,6,9,20,3,38,1,4,54,3,62,7,13,74,6,100,4,0,4,104
08/21/2022,TOL,OH,AGL,CE,Combined TRACON& Tower with Radar,7,4,12,0,23,0,0,18,3,21,7,4,30,3,44,26,0,26,70
08/22/2022,TOL,OH,AGL,CE,Combined TRACON& Tower with Radar,5,11,28,14,58,0,4,35,1,40,5,15,63,15,98,60,0,60,158
08/23/2022,TOL,OH,AGL,CE,Combined TRACON& Tower with Radar,8,8,34,13,63,1,5,21,1,28,9,13,55,14,91,22,10,32,123
08/24/2022,TOL,OH,AGL,CE,Combined TRACON& Tower with Radar,9,12,27,15,63,0,19,23,0,42,9,31,50,15,105,22,8,30,135
08/25/2022,TOL,OH,AGL,CE,Combined TRACON& Tower with Radar,8,16,32,10,66,1,9,34,0,44,9,25,66,10,110,9,0,9,119
08/26/2022,TOL,OH,AGL,CE,Combined TRACON& Tower with Radar,7,10,31,0,48,0,2,10,0,12,7,12,41,0,60,2,0,2,62
08/27/2022,TOL,OH,AGL,CE,Combined TRACON& Tower with Radar,6,17,23,0,46,0,2,38,0,40,6,19,61,0,86,14,0,14,100
08/28/2022,TOL,OH,AGL,CE,Combined TRACON& Tower with Radar,8,10,23,5,46,0,5,42,0,47,8,15,65,5,93,10,0,10,103
08/29/2022,TOL,OH,AGL,CE,Combined TRACON& Tower with Radar,5,13,15,5,38,0,0,9,1,10,5,13,24,6,48,0,4,4,52
08/30/2022,TOL,OH,AGL,CE,Combined TRACON& Tower with Radar,5,9,48,16,78,0,5,14,1,20,5,14,62,17,98,24,10,34,132
08/31/2022,TOL,OH,AGL,CE,Combined TRACON& Tower with Radar,6,9,41,16,72,0,8,36,0,44,6,17,77,16,116,6,0,6,122
09/01/2022,TOL,OH,AGL,CE,Combined TRACON& Tower with Radar,8,11,28,15,62,0,10,25,5,40,8,21,53,20,102,10,12,22,124
09/02/2022,TOL,OH,AGL,CE,Combined TRACON& Tower with Radar,11,10,28,2,51,0,6,27,0,33,11,16,55,2,84,16,0,16,100
09/03/2022,TOL,OH,AGL,CE,Combined TRACON& Tower with Radar,10,8,14,0,32,0,5,28,0,33,10,13,42,0,65,7,0,7,72
09/04/2022,TOL,OH,AGL,CE,Combined TRACON& Tower with Radar,10,8,15,0,33,0,1,3,0,4,10,9,18,0,37,0,0,0,37
09/05/2022,TOL,OH,AGL,CE,Combined TRACON& Tower with Radar,7,11,15,9,42,0,0,4,1,5,7,11,19,10,47,0,0,0,47
09/06/2022,TOL,OH,AGL,CE,Combined TRACON& Tower with Radar,12,5,24,11,52,0,1,12,0,13,12,6,36,11,65,6,6,12,77
09/07/2022,TOL,OH,AGL,CE,Combined TRACON& Tower with Radar,8,10,35,19,72,0,3,28,2,33,8,13,63,21,105,40,18,58,163
09/08/2022,TOL,OH,AGL,CE,Combined TRACON& Tower with Radar,8,7,37,13,65,0,6,32,0,38,8,13,69,13,103,36,0,36,139
09/09/2022,TOL,OH,AGL,CE,Combined TRACON& Tower with Radar,9,0,15,0,24,0,6,22,0,28,9,6,37,0,52,2,0,2,54
09/10/2022,TOL,OH,AGL,CE,Combined TRACON& Tower with Radar,10,8,11,4,33,0,2,10,0,12,10,10,21,4,45,0,10,10,55
09/11/2022,TOL,OH,AGL,CE,Combined TRACON& Tower with Radar,9,2,25,7,43,0,1,0,2,3,9,3,25,9,46,0,22,22,68
09/12/2022,TOL,OH,AGL,CE,Combined TRACON& Tower with Radar,5,7,34,14,60,0,3,18,0,21,5,10,52,14,81,8,4,12,93
09/13/2022,TOL,OH,AGL,CE,Combined TRACON& Tower with Radar,12,2,45,8,67,0,2,17,0,19,12,4,62,8,86,0,0,0,86
09/14/2022,TOL,OH,AGL,CE,Combined TRACON& Tower with Radar,10,5,33,10,58,0,4,19,0,23,10,9,52,10,81,30,4,34,115
09/15/2022,TOL,OH,AGL,CE,Combined TRACON& Tower with Radar,8,12,43,14,77,0,7,27,0,34,8,19,70,14,111,32,0,32,143
09/16/2022,TOL,OH,AGL,CE,Combined TRACON& Tower with Radar,12,10,31,0,53,0,7,29,0,36,12,17,60,0,89,2,0,2,91
09/17/2022,TOL,OH,AGL,CE,Combined TRACON& Tower with Radar,6,9,26,0,41,0,4,31,0,35,6,13,57,0,76,26,0,26,102
09/18/2022,TOL,OH,AGL,CE,Combined TRACON& Tower with Radar,8,3,19,0,30,0,13,28,0,41,8,16,47,0,71,0,0,0,71
09/19/2022,TOL,OH,AGL,CE,Combined TRACON& Tower with Radar,7,9,29,1,46,0,10,35,0,45,7,19,64,1,91,28,0,28,119
09/20/2022,TOL,OH,AGL,CE,Combined TRACON& Tower with Radar,11,8,30,2,51,0,6,19,0,25,11,14,49,2,76,4,0,4,80
09/21/2022,TOL,OH,AGL,CE,Combined TRACON& Tower with Radar,9,13,28,0,50,0,13,12,2,27,9,26,40,2,77,6,0,6,83
09/22/2022,TOL,OH,AGL,CE,Combined TRACON& Tower with Radar,10,10,32,1,53,0,2,12,0,14,10,12,44,1,67,16,0,16,83
09/23/2022,TOL,OH,AGL,CE,Combined TRACON& Tower with Radar,10,6,19,3,38,0,4,30,0,34,10,10,49,3,72,28,0,28,100
09/24/2022,TOL,OH,AGL,CE,Combined TRACON& Tower with Radar,8,8,9,0,25,0,4,20,0,24,8,12,29,0,49,0,0,0,49
09/25/2022,TOL,OH,AGL,CE,Combined TRACON& Tower with Radar,12,12,15,0,39,0,0,0,0,0,12,12,15,0,39,2,10,12,51
09/26/2022,TOL,OH,AGL,CE,Combined TRACON& Tower with Radar,9,7,30,3,49,0,4,5,2,11,9,11,35,5,60,0,0,0,60
09/27/2022,TOL,OH,AGL,CE,Combined TRACON& Tower with Radar,8,5,21,8,42,0,6,14,0,20,8,11,35,8,62,36,0,36,98
09/28/2022,TOL,OH,AGL,CE,Combined TRACON& Tower with Radar,7,20,43,4,74,0,3,19,1,23,7,23,62,5,97,48,2,50,147
09/29/2022,TOL,OH,AGL,CE,Combined TRACON& Tower with Radar,8,16,36,0,60,0,4,26,0,30,8,20,62,0,90,40,0,40,130
09/30/2022,TOL,OH,AGL,CE,Combined TRACON& Tower with Radar,7,7,28,0,42,0,3,38,0,41,7,10,66,0,83,43,0,43,126
10/01/2022,TOL,OH,AGL,CE,Combined TRACON& Tower with Radar,9,4,12,4,29,0,10,9,1,20,9,14,21,5,49,0,0,0,49
10/02/2022,TOL,OH,AGL,CE,Combined TRACON& Tower with Radar,14,6,27,0,47,0,6,21,0,27,14,12,48,0,74,6,0,6,80
10/03/2022,TOL,OH,AGL,CE,Combined TRACON& Tower with Radar,5,9,29,24,67,0,7,16,0,23,5,16,45,24,90,18,20,38,128
10/04/2022,TOL,OH,AGL,CE,Combined TRACON& Tower with Radar,9,25,47,7,88,0,5,59,0,64,9,30,106,7,152,139,6,145,297
10/05/2022,TOL,OH,AGL,CE,Combined TRACON& Tower with Radar,9,5,29,12,55,0,5,42,1,48,9,10,71,13,103,52,0,52,155
10/06/2022,TOL,OH,AGL,CE,Combined TRACON& Tower with Radar,10,20,35,9,74,0,6,17,0,23,10,26,52,9,97,10,0,10,107
10/07/2022,TOL,OH,AGL,CE,Combined TRACON& Tower with Radar,10,18,42,3,73,0,2,16,0,18,10,20,58,3,91,8,0,8,99
10/08/2022,TOL,OH,AGL,CE,Combined TRACON& Tower with Radar,12,1,10,0,23,0,4,21,0,25,12,5,31,0,48,7,0,7,55
10/09/2022,TOL,OH,AGL,CE,Combined TRACON& Tower with Radar,11,11,16,0,38,0,0,25,0,25,11,11,41,0,63,0,0,0,63
10/10/2022,TOL,OH,AGL,CE,Combined TRACON& Tower with Radar,7,8,31,0,46,0,10,27,0,37,7,18,58,0,83,24,0,24,107
10/11/2022,TOL,OH,AGL,CE,Combined TRACON& Tower with Radar,11,12,30,17,70,0,4,34,1,39,11,16,64,18,109,34,0,34,143
10/12/2022,TOL,OH,AGL,CE,Combined TRACON& Tower with Radar,13,20,15,15,63,0,6,8,0,14,13,26,23,15,77,0,2,2,79
10/13/2022,TOL,OH,AGL,CE,Combined TRACON& Tower with Radar,9,3,39,8,59,0,6,10,0,16,9,9,49,8,75,14,0,14,89
10/14/2022,TOL,OH,AGL,CE,Combined TRACON& Tower with Radar,10,12,14,0,36,0,4,19,0,23,10,16,33,0,59,22,0,22,81
10/15/2022,TOL,OH,AGL,CE,Combined TRACON& Tower with Radar,11,4,3,11,29,0,7,24,1,32,11,11,27,12,61,0,0,0,61
10/16/2022,TOL,OH,AGL,CE,Combined TRACON& Tower with Radar,6,5,30,9,50,0,3,36,0,39,6,8,66,9,89,27,2,29,118
10/17/2022,TOL,OH,AGL,CE,Combined TRACON& Tower with Radar,9,5,19,14,47,0,4,3,0,7,9,9,22,14,54,0,0,0,54
10/18/2022,TOL,OH,AGL,CE,Combined TRACON& Tower with Radar,10,11,30,8,59,0,0,4,0,4,10,11,34,8,63,0,0,0,63
10/19/2022,TOL,OH,AGL,CE,Combined TRACON& Tower with Radar,11,13,16,8,48,0,3,13,1,17,11,16,29,9,65,37,12,49,114
10/20/2022,TOL,OH,AGL,CE,Combined TRACON& Tower with Radar,7,10,29,8,54,0,8,10,0,18,7,18,39,8,72,0,24,24,96
10/21/2022,TOL,OH,AGL,CE,Combined TRACON& Tower with Radar,13,7,21,7,48,0,4,15,3,22,13,11,36,10,70,8,4,12,82
10/22/2022,TOL,OH,AGL,CE,Combined TRACON& Tower with Radar,16,9,8,0,33,0,2,16,0,18,16,11,24,0,51,0,0,0,51
10/23/2022,TOL,OH,AGL,CE,Combined TRACON& Tower with Radar,10,15,25,4,54,0,2,30,0,32,10,17,55,4,86,60,0,60,146
10/24/2022,TOL,OH,AGL,CE,Combined TRACON& Tower with Radar,11,11,31,17,70,0,7,14,1,22,11,18,45,18,92,0,14,14,106
10/25/2022,TOL,OH,AGL,CE,Combined TRACON& Tower with Radar,11,12,29,18,70,0,9,41,2,52,11,21,70,20,122,31,12,43,165
10/26/2022,TOL,OH,AGL,CE,Combined TRACON& Tower with Radar,12,0,34,11,57,0,0,8,0,8,12,0,42,11,65,20,0,20,85
10/27/2022,TOL,OH,AGL,CE,Combined TRACON& Tower with Radar,10,7,42,2,61,0,2,29,0,31,10,9,71,2,92,14,0,14,106
10/28/2022,TOL,OH,AGL,CE,Combined TRACON& Tower with Radar,11,8,20,4,43,0,6,21,0,27,11,14,41,4,70,0,0,0,70
10/29/2022,TOL,OH,AGL,CE,Combined TRACON& Tower with Radar,12,11,10,6,39,0,4,52,0,56,12,15,62,6,95,4,0,4,99
10/30/2022,TOL,OH,AGL,CE,Combined TRACON& Tower with Radar,11,11,19,0,41,0,1,15,0,16,11,12,34,0,57,4,0,4,61
10/31/2022,TOL,OH,AGL,CE,Combined TRACON& Tower with Radar,12,10,30,3,55,0,0,0,0,0,12,10,30,3,55,0,0,0,55
11/01/2022,TOL,OH,AGL,CE,Combined TRACON& Tower with Radar,20,9,40,0,69,0,1,12,0,13,20,10,52,0,82,44,0,44,126
11/02/2022,TOL,OH,AGL,CE,Combined TRACON& Tower with Radar,12,11,16,2,41,0,6,16,0,22,12,17,32,2,63,38,0,38,101
11/03/2022,TOL,OH,AGL,CE,Combined TRACON& Tower with Radar,16,3,29,0,48,0,3,17,0,20,16,6,46,0,68,46,0,46,114
11/04/2022,TOL,OH,AGL,CE,Combined TRACON& Tower with Radar,13,8,11,0,32,0,4,15,0,19,13,12,26,0,51,54,0,54,105
11/05/2022,TOL,OH,AGL,CE,Combined TRACON& Tower with Radar,17,2,5,2,26,0,1,2,0,3,17,3,7,2,29,0,0,0,29
11/06/2022,TOL,OH,AGL,CE,Combined TRACON& Tower with Radar,16,6,17,0,39,0,7,27,0,34,16,13,44,0,73,16,0,16,89
11/07/2022,TOL,OH,AGL,CE,Combined TRACON& Tower with Radar,9,9,36,3,57,0,10,33,0,43,9,19,69,3,100,12,0,12,112
11/08/2022,TOL,OH,AGL,CE,Combined TRACON& Tower with Radar,14,1,48,7,70,0,9,32,0,41,14,10,80,7,111,6,0,6,117
11/09/2022,TOL,OH,AGL,CE,Combined TRACON& Tower with Radar,16,4,43,6,69,1,7,24,0,32,17,11,67,6,101,8,8,16,117
11/10/2022,TOL,OH,AGL,CE,Combined TRACON& Tower with Radar,13,4,39,5,61,0,9,25,1,35,13,13,64,6,96,38,0,38,134
11/11/2022,TOL,OH,AGL,CE,Combined TRACON& Tower with Radar,12,1,31,0,44,0,6,15,0,21,12,7,46,0,65,0,0,0,65
11/12/2022,TOL,OH,AGL,CE,Combined TRACON& Tower with Radar,19,5,12,0,36,0,7,2,0,9,19,12,14,0,45,8,0,8,53
11/13/2022,TOL,OH,AGL,CE,Combined TRACON& Tower with Radar,12,3,22,0,37,0,3,16,0,19,12,6,38,0,56,18,0,18,74
11/14/2022,TOL,OH,AGL,CE,Combined TRACON& Tower with Radar,11,8,18,11,48,0,3,13,0,16,11,11,31,11,64,0,0,0,64
11/15/2022,TOL,OH,AGL,CE,Combined TRACON& Tower with Radar,14,11,36,6,67,0,1,6,0,7,14,12,42,6,74,47,0,47,121
11/16/2022,TOL,OH,AGL,CE,Combined TRACON& Tower with Radar,18,2,27,8,55,0,0,2,0,2,18,2,29,8,57,4,0,4,61
11/17/2022,TOL,OH,AGL,CE,Combined TRACON& Tower with Radar,15,2,33,14,64,0,0,5,0,5,15,2,38,14,69,0,0,0,69
11/18/2022,TOL,OH,AGL,CE,Combined TRACON& Tower with Radar,16,0,14,1,31,0,2,5,0,7,16,2,19,1,38,0,0,0,38
11/19/2022,TOL,OH,AGL,CE,Combined TRACON& Tower with Radar,13,3,13,1,30,0,1,3,0,4,13,4,16,1,34,0,0,0,34
11/20/2022,TOL,OH,AGL,CE,Combined TRACON& Tower with Radar,14,6,17,1,38,0,5,18,0,23,14,11,35,1,61,6,0,6,67
11/21/2022,TOL,OH,AGL,CE,Combined TRACON& Tower with Radar,14,12,23,15,64,0,2,8,1,11,14,14,31,16,75,6,8,14,89
11/22/2022,TOL,OH,AGL,CE,Combined TRACON& Tower with Radar,18,13,37,14,82,0,10,57,0,67,18,23,94,14,149,21,10,31,180
11/23/2022,TOL,OH,AGL,CE,Combined TRACON& Tower with Radar,14,10,28,17,69,0,1,22,2,25,14,11,50,19,94,8,10,18,112
11/24/2022,TOL,OH,AGL,CE,Combined TRACON& Tower with Radar,7,4,3,0,14,0,7,9,0,16,7,11,12,0,30,0,0,0,30
11/25/2022,TOL,OH,AGL,CE,Combined TRACON& Tower with Radar,10,3,17,0,30,0,4,26,0,30,10,7,43,0,60,0,0,0,60
11/26/2022,TOL,OH,AGL,CE,Combined TRACON& Tower with Radar,13,3,28,0,44,0,4,31,0,35,13,7,59,0,79,14,0,14,93
11/27/2022,TOL,OH,AGL,CE,Combined TRACON& Tower with Radar,10,0,19,0,29,0,1,0,0,1,10,1,19,0,30,0,0,0,30
11/28/2022,TOL,OH,AGL,CE,Combined TRACON& Tower with Radar,12,2,31,12,57,0,2,19,0,21,12,4,50,12,78,6,2,8,86
11/29/2022,TOL,OH,AGL,CE,Combined TRACON& Tower with Radar,20,2,25,17,64,0,3,10,0,13,20,5,35,17,77,4,8,12,89
11/30/2022,TOL,OH,AGL,CE,Combined TRACON& Tower with Radar,20,5,19,17,61,0,2,2,1,5,20,7,21,18,66,0,8,8,74
12/01/2022,TOL,OH,AGL,CE,Combined TRACON& Tower with Radar,14,12,42,10,78,0,5,31,0,36,14,17,73,10,114,16,18,34,148
12/02/2022,TOL,OH,AGL,CE,Combined TRACON& Tower with Radar,13,9,15,0,37,0,10,6,0,16,13,19,21,0,53,0,0,0,53
12/03/2022,TOL,OH,AGL,CE,Combined TRACON& Tower with Radar,23,4,7,14,48,0,2,6,0,8,23,6,13,14,56,14,6,20,76
12/04/2022,TOL,OH,AGL,CE,Combined TRACON& Tower with Radar,9,12,29,4,54,0,3,39,1,43,9,15,68,5,97,4,8,12,109
12/05/2022,TOL,OH,AGL,CE,Combined TRACON& Tower with Radar,17,14,23,15,69,0,6,28,0,34,17,20,51,15,103,20,0,20,123
12/06/2022,TOL,OH,AGL,CE,Combined TRACON& Tower with Radar,11,10,46,13,80,0,0,3,0,3,11,10,49,13,83,0,0,0,83
12/07/2022,TOL,OH,AGL,CE,Combined TRACON& Tower with Radar,19,16,29,6,70,0,0,0,0,0,19,16,29,6,70,0,0,0,70
12/08/2022,TOL,OH,AGL,CE,Combined TRACON& Tower with Radar,17,3,41,13,74,0,4,7,0,11,17,7,48,13,85,28,0,28,113
12/09/2022,TOL,OH,AGL,CE,Combined TRACON& Tower with Radar,18,9,26,1,54,0,2,0,0,2,18,11,26,1,56,8,0,8,64
12/10/2022,TOL,OH,AGL,CE,Combined TRACON& Tower with Radar,19,13,14,0,46,0,5,6,0,11,19,18,20,0,57,0,0,0,57
12/11/2022,TOL,OH,AGL,CE,Combined TRACON& Tower with Radar,26,10,17,0,53,0,0,2,0,2,26,10,19,0,55,0,0,0,55
12/12/2022,TOL,OH,AGL,CE,Combined TRACON& Tower with Radar,14,13,35,16,78,0,4,19,1,24,14,17,54,17,102,20,0,20,122
12/13/2022,TOL,OH,AGL,CE,Combined TRACON& Tower with Radar,17,6,33,13,69,0,2,21,1,24,17,8,54,14,93,111,0,111,204
12/14/2022,TOL,OH,AGL,CE,Combined TRACON& Tower with Radar,22,3,28,22,75,0,6,7,1,14,22,9,35,23,89,0,0,0,89
12/15/2022,TOL,OH,AGL,CE,Combined TRACON& Tower with Radar,28,11,27,12,78,0,4,13,1,18,28,15,40,13,96,6,0,6,102
12/16/2022,TOL,OH,AGL,CE,Combined TRACON& Tower with Radar,19,6,22,1,48,0,0,14,0,14,19,6,36,1,62,24,0,24,86
12/17/2022,TOL,OH,AGL,CE,Combined TRACON& Tower with Radar,26,4,12,0,42,0,0,10,0,10,26,4,22,0,52,4,0,4,56
12/18/2022,TOL,OH,AGL,CE,Combined TRACON& Tower with Radar,20,1,14,0,35,0,6,4,0,10,20,7,18,0,45,0,0,0,45
12/19/2022,TOL,OH,AGL,CE,Combined TRACON& Tower with Radar,20,16,24,14,74,0,1,7,0,8,20,17,31,14,82,2,12,14,96
12/20/2022,TOL,OH,AGL,CE,Combined TRACON& Tower with Radar,21,10,38,9,78,0,7,39,0,46,21,17,77,9,124,31,16,47,171
12/21/2022,TOL,OH,AGL,CE,Combined TRACON& Tower with Radar,29,9,26,16,80,0,4,23,0,27,29,13,49,16,107,24,0,24,131
12/22/2022,TOL,OH,AGL,CE,Combined TRACON& Tower with Radar,22,11,19,10,62,0,0,7,0,7,22,11,26,10,69,2,0,2,71
12/23/2022,TOL,OH,AGL,CE,Combined TRACON& Tower with Radar,1,1,2,0,4,0,0,0,0,0,1,1,2,0,4,0,0,0,4
12/24/2022,TOL,OH,AGL,CE,Combined TRACON& Tower with Radar,7,3,6,0,16,0,0,0,0,0,7,3,6,0,16,0,0,0,16
12/25/2022,TOL,OH,AGL,CE,Combined TRACON& Tower with Radar,7,1,6,0,14,0,1,1,0,2,7,2,7,0,16,0,0,0,16
12/26/2022,TOL,OH,AGL,CE,Combined TRACON& Tower with Radar,4,2,16,0,22,0,2,8,0,10,4,4,24,0,32,0,0,0,32
12/27/2022,TOL,OH,AGL,CE,Combined TRACON& Tower with Radar,10,4,12,6,32,0,1,5,0,6,10,5,17,6,38,6,0,6,44
12/28/2022,TOL,OH,AGL,CE,Combined TRACON& Tower with Radar,12,4,17,10,43,0,6,12,3,21,12,10,29,13,64,2,6,8,72
12/29/2022,TOL,OH,AGL,CE,Combined TRACON& Tower with Radar,8,5,6,5,24,0,6,3,0,9,8,11,9,5,33,0,0,0,33
12/30/2022,TOL,OH,AGL,CE,Combined TRACON& Tower with Radar,8,0,9,0,17,0,0,0,0,0,8,0,9,0,17,0,0,0,17
12/31/2022,TOL,OH,AGL,CE,Combined TRACON& Tower with Radar,7,0,5,0,12,0,0,0,0,0,7,0,5,0,12,0,0,0,12
01/01/2023,TOL,OH,AGL,CE,Combined TRACON& Tower with Radar,4,2,13,0,19,0,0,0,0,0,4,2,13,0,19,0,0,0,19
01/02/2023,TOL,OH,AGL,CE,Combined TRACON& Tower with Radar,9,2,15,0,26,0,0,0,0,0,9,2,15,0,26,0,0,0,26
01/03/2023,TOL,OH,AGL,CE,Combined TRACON& Tower with Radar,6,8,14,0,28,0,0,0,0,0,6,8,14,0,28,0,0,0,28
01/04/2023,TOL,OH,AGL,CE,Combined TRACON& Tower with Radar,3,4,41,22,70,0,1,9,0,10,3,5,50,22,80,32,12,44,124
01/05/2023,TOL,OH,AGL,CE,Combined TRACON& Tower with Radar,8,6,31,13,58,0,8,11,1,20,8,14,42,14,78,8,12,20,98
01/06/2023,TOL,OH,AGL,CE,Combined TRACON& Tower with Radar,9,1,14,1,25,0,0,0,0,0,9,1,14,1,25,0,0,0,25
01/07/2023,TOL,OH,AGL,CE,Combined TRACON& Tower with Radar,11,5,11,11,38,0,3,7,0,10,11,8,18,11,48,18,12,30,78
01/08/2023,TOL,OH,AGL,CE,Combined TRACON& Tower with Radar,14,3,29,12,58,0,1,29,0,30,14,4,58,12,88,16,4,20,108
01/09/2023,TOL,OH,AGL,CE,Combined TRACON& Tower with Radar,9,3,23,20,55,0,8,18,1,27,9,11,41,21,82,57,12,69,151
01/10/2023,TOL,OH,AGL,CE,Combined TRACON& Tower with Radar,16,6,42,8,72,0,6,10,0,16,16,12,52,8,88,14,10,24,112
01/11/2023,TOL,OH,AGL,CE,Combined TRACON& Tower with Radar,8,13,19,14,54,0,0,6,0,6,8,13,25,14,60,0,0,0,60
01/12/2023,TOL,OH,AGL,CE,Combined TRACON& Tower with Radar,14,12,12,0,38,0,0,0,0,0,14,12,12,0,38,0,0,0,38
01/13/2023,TOL,OH,AGL,CE,Combined TRACON& Tower with Radar,9,9,15,2,35,0,0,7,1,8,9,9,22,3,43,0,0,0,43
01/14/2023,TOL,OH,AGL,CE,Combined TRACON& Tower with Radar,9,5,17,7,38,0,7,52,0,59,9,12,69,7,97,45,0,45,142
01/15/2023,TOL,OH,AGL,CE,Combined TRACON& Tower with Radar,11,3,16,4,34,0,3,30,0,33,11,6,46,4,67,18,0,18,85
01/16/2023,TOL,OH,AGL,CE,Combined TRACON& Tower with Radar,6,9,18,2,35,0,0,18,0,18,6,9,36,2,53,16,0,16,69
01/17/2023,TOL,OH,AGL,CE,Combined TRACON& Tower with Radar,8,9,17,13,47,0,0,6,4,10,8,9,23,17,57,8,10,18,75
01/18/2023,TOL,OH,AGL,CE,Combined TRACON& Tower with Radar,7,9,15,18,49,0,3,14,0,17,7,12,29,18,66,24,4,28,94
01/19/2023,TOL,OH,AGL,CE,Combined TRACON& Tower with Radar,16,6,20,6,48,0,0,1,0,1,16,6,21,6,49,0,6,6,55
01/20/2023,TOL,OH,AGL,CE,Combined TRACON& Tower with Radar,11,11,20,0,42,0,0,8,0,8,11,11,28,0,50,6,0,6,56
01/21/2023,TOL,OH,AGL,CE,Combined TRACON& Tower with Radar,12,8,17,6,43,0,3,14,0,17,12,11,31,6,60,16,0,16,76
01/22/2023,TOL,OH,AGL,CE,Combined TRACON& Tower with Radar,12,7,6,4,29,0,0,0,0,0,12,7,6,4,29,0,0,0,29
01/23/2023,TOL,OH,AGL,CE,Combined TRACON& Tower with Radar,9,21,18,4,52,0,2,19,0,21,9,23,37,4,73,24,0,24,97
01/24/2023,TOL,OH,AGL,CE,Combined TRACON& Tower with Radar,15,8,32,12,67,0,0,19,0,19,15,8,51,12,86,14,2,16,102
01/25/2023,TOL,OH,AGL,CE,Combined TRACON& Tower with Radar,11,12,3,0,26,0,0,0,0,0,11,12,3,0,26,0,0,0,26
01/26/2023,TOL,OH,AGL,CE,Combined TRACON& Tower with Radar,14,19,18,0,51,0,0,0,0,0,14,19,18,0,51,0,0,0,51
01/27/2023,TOL,OH,AGL,CE,Combined TRACON& Tower with Radar,16,10,15,0,41,0,4,11,0,15,16,14,26,0,56,0,0,0,56
01/28/2023,TOL,OH,AGL,CE,Combined TRACON& Tower with Radar,16,6,23,6,51,0,2,22,0,24,16,8,45,6,75,0,0,0,75
01/29/2023,TOL,OH,AGL,CE,Combined TRACON& Tower with Radar,14,13,4,8,39,0,0,0,0,0,14,13,4,8,39,6,0,6,45
01/30/2023,TOL,OH,AGL,CE,Combined TRACON& Tower with Radar,12,6,20,10,48,0,0,3,0,3,12,6,23,10,51,10,0,10,61
01/31/2023,TOL,OH,AGL,CE,Combined TRACON& Tower with Radar,10,5,38,16,69,0,6,32,0,38,10,11,70,16,107,1,18,19,126
02/01/2023,TOL,OH,AGL,CE,Combined TRACON& Tower with Radar,6,5,39,19,69,0,7,57,1,65,6,12,96,20,134,30,18,48,182
02/02/2023,TOL,OH,AGL,CE,Combined TRACON& Tower with Radar,8,16,32,5,61,0,10,12,2,24,8,26,44,7,85,8,6,14,99
02/03/2023,TOL,OH,AGL,CE,Combined TRACON& Tower with Radar,12,2,29,4,47,0,10,23,0,33,12,12,52,4,80,14,0,14,94
02/04/2023,TOL,OH,AGL,CE,Combined TRACON& Tower with Radar,14,3,13,4,34,0,6,6,1,13,14,9,19,5,47,6,2,8,55
02/05/2023,TOL,OH,AGL,CE,Combined TRACON& Tower with Radar,14,9,16,11,50,0,6,14,0,20,14,15,30,11,70,12,12,24,94
02/06/2023,TOL,OH,AGL,CE,Combined TRACON& Tower with Radar,8,14,30,9,61,0,4,11,0,15,8,18,41,9,76,12,0,12,88
02/07/2023,TOL,OH,AGL,CE,Combined TRACON& Tower with Radar,12,6,33,8,59,0,6,5,0,11,12,12,38,8,70,6,2,8,78
02/08/2023,TOL,OH,AGL,CE,Combined TRACON& Tower with Radar,14,7,45,18,84,0,4,46,0,50,14,11,91,18,134,34,4,38,172
02/09/2023,TOL,OH,AGL,CE,Combined TRACON& Tower with Radar,18,9,11,6,44,0,0,0,0,0,18,9,11,6,44,0,0,0,44
02/10/2023,TOL,OH,AGL,CE,Combined TRACON& Tower with Radar,14,11,19,0,44,0,3,10,0,13,14,14,29,0,57,0,0,0,57
02/11/2023,TOL,OH,AGL,CE,Combined TRACON& Tower with Radar,14,7,26,0,47,0,9,43,0,52,14,16,69,0,99,40,0,40,139
02/12/2023,TOL,OH,AGL,CE,Combined TRACON& Tower with Radar,21,5,20,4,50,0,3,34,0,37,21,8,54,4,87,20,0,20,107
02/13/2023,TOL,OH,AGL,CE,Combined TRACON& Tower with Radar,11,5,38,17,71,0,10,18,1,29,11,15,56,18,100,10,16,26,126
02/14/2023,TOL,OH,AGL,CE,Combined TRACON& Tower with Radar,14,6,38,16,74,0,2,31,1,34,14,8,69,17,108,18,13,31,139
02/15/2023,TOL,OH,AGL,CE,Combined TRACON& Tower with Radar,15,11,18,14,58,0,1,3,2,6,15,12,21,16,64,0,0,0,64
02/16/2023,TOL,OH,AGL,CE,Combined TRACON& Tower with Radar,17,15,11,0,43,0,2,4,0,6,17,17,15,0,49,0,0,0,49
02/17/2023,TOL,OH,AGL,CE,Combined TRACON& Tower with Radar,15,8,18,0,41,0,2,5,0,7,15,10,23,0,48,14,0,14,62
02/18/2023,TOL,OH,AGL,CE,Combined TRACON& Tower with Radar,14,2,18,0,34,0,10,11,0,21,14,12,29,0,55,0,0,0,55
02/19/2023,TOL,OH,AGL,CE,Combined TRACON& Tower with Radar,12,4,23,0,39,0,5,10,0,15,12,9,33,0,54,0,0,0,54
02/20/2023,TOL,OH,AGL,CE,Combined TRACON& Tower with Radar,11,7,47,0,65,0,8,32,0,40,11,15,79,0,105,12,0,12,117
02/21/2023,TOL,OH,AGL,CE,Combined TRACON& Tower with Radar,13,9,34,11,67,0,5,11,2,18,13,14,45,13,85,2,2,4,89
02/22/2023,TOL,OH,AGL,CE,Combined TRACON& Tower with Radar,20,6,12,0,38,0,0,0,0,0,20,6,12,0,38,0,0,0,38
02/23/2023,TOL,OH,AGL,CE,Combined TRACON& Tower with Radar,11,2,29,0,42,0,0,5,0,5,11,2,34,0,47,0,0,0,47
02/24/2023,TOL,OH,AGL,CE,Combined TRACON& Tower with Radar,13,6,50,0,69,0,0,42,0,42,13,6,92,0,111,71,0,71,182
02/25/2023,TOL,OH,AGL,CE,Combined TRACON& Tower with Radar,17,10,9,6,42,0,0,24,0,24,17,10,33,6,66,24,4,28,94
02/26/2023,TOL,OH,AGL,CE,Combined TRACON& Tower with Radar,9,5,24,8,46,0,3,33,0,36,9,8,57,8,82,18,6,24,106
02/27/2023,TOL,OH,AGL,CE,Combined TRACON& Tower with Radar,11,11,12,2,36,0,3,0,0,3,11,14,12,2,39,0,0,0,39
02/28/2023,TOL,OH,AGL,CE,Combined TRACON& Tower with Radar,9,11,39,12,71,0,5,41,0,46,9,16,80,12,117,43,4,47,164
03/01/2023,TOL,OH,AGL,CE,Combined TRACON& Tower with Radar,11,12,37,13,73,0,16,37,0,53,11,28,74,13,126,20,6,26,152
03/02/2023,TOL,OH,AGL,CE,Combined TRACON& Tower with Radar,12,6,31,15,64,0,6,22,0,28,12,12,53,15,92,32,10,42,134
03/03/2023,TOL,OH,AGL,CE,Combined TRACON& Tower with Radar,9,6,5,0,20,0,0,4,0,4,9,6,9,0,24,12,27,39,63
03/04/2023,TOL,OH,AGL,CE,Combined TRACON& Tower with Radar,20,10,26,8,64,0,2,22,2,26,20,12,48,10,90,0,0,0,90
03/05/2023,TOL,OH,AGL,CE,Combined TRACON& Tower with Radar,7,8,38,7,60,0,2,59,0,61,7,10,97,7,121,8,0,8,129
03/06/2023,TOL,OH,AGL,CE,Combined TRACON& Tower with Radar,9,5,17,11,42,0,0,2,0,2,9,5,19,11,44,0,4,4,48
03/07/2023,TOL,OH,AGL,CE,Combined TRACON& Tower with Radar,16,2,44,10,72,0,5,38,0,43,16,7,82,10,115,56,2,58,173
03/08/2023,TOL,OH,AGL,CE,Combined TRACON& Tower with Radar,14,10,30,16,70,0,4,45,0,49,14,14,75,16,119,29,0,29,148
03/09/2023,TOL,OH,AGL,CE,Combined TRACON& Tower with Radar,10,12,35,7,64,0,0,38,0,38,10,12,73,7,102,17,8,25,127
03/10/2023,TOL,OH,AGL,CE,Combined TRACON& Tower with Radar,14,7,4,0,25,0,0,0,0,0,14,7,4,0,25,10,0,10,35
03/11/2023,TOL,OH,AGL,CE,Combined TRACON& Tower with Radar,17,4,12,10,43,0,5,19,0,24,17,9,31,10,67,0,0,0,67
03/12/2023,TOL,OH,AGL,CE,Combined TRACON& Tower with Radar,8,1,14,6,29,0,0,0,0,0,8,1,14,6,29,0,0,0,29
03/13/2023,TOL,OH,AGL,CE,Combined TRACON& Tower with Radar,9,7,11,5,32,0,0,1,0,1,9,7,12,5,33,0,0,0,33
03/14/2023,TOL,OH,AGL,CE,Combined TRACON& Tower with Radar,17,6,22,10,55,0,5,18,3,26,17,11,40,13,81,29,8,37,118
03/15/2023,TOL,OH,AGL,CE,Combined TRACON& Tower with Radar,19,11,46,23,99,0,9,39,1,49,19,20,85,24,148,36,14,50,198
03/16/2023,TOL,OH,AGL,CE,Combined TRACON& Tower with Radar,14,1,21,10,46,0,2,24,0,26,14,3,45,10,72,6,8,14,86
03/17/2023,TOL,OH,AGL,CE,Combined TRACON& Tower with Radar,12,2,9,3,26,0,6,2,0,8,12,8,11,3,34,0,0,0,34
03/18/2023,TOL,OH,AGL,CE,Combined TRACON& Tower with Radar,12,3,11,6,32,0,1,5,0,6,12,4,16,6,38,2,0,2,40
03/19/2023,TOL,OH,AGL,CE,Combined TRACON& Tower with Radar,9,3,30,7,49,0,6,26,0,32,9,9,56,7,81,12,0,12,93
03/20/2023,TOL,OH,AGL,CE,Combined TRACON& Tower with Radar,8,1,16,20,45,0,6,8,0,14,8,7,24,20,59,2,15,17,76
03/21/2023,TOL,OH,AGL,CE,Combined TRACON& Tower with Radar,11,2,45,10,68,0,2,39,1,42,11,4,84,11,110,24,10,34,144
03/22/2023,TOL,OH,AGL,CE,Combined TRACON& Tower with Radar,12,5,41,10,68,0,0,0,0,0,12,5,41,10,68,4,6,10,78
03/23/2023,TOL,OH,AGL,CE,Combined TRACON& Tower with Radar,9,13,30,9,61,0,0,3,0,3,9,13,33,9,64,0,0,0,64
03/24/2023,TOL,OH,AGL,CE,Combined TRACON& Tower with Radar,11,8,39,0,58,0,3,18,0,21,11,11,57,0,79,0,0,0,79
03/25/2023,TOL,OH,AGL,CE,Combined TRACON& Tower with Radar,17,3,3,4,27,0,0,0,0,0,17,3,3,4,27,0,0,0,27
03/26/2023,TOL,OH,AGL,CE,Combined TRACON& Tower with Radar,8,8,40,10,66,0,4,47,0,51,8,12,87,10,117,0,4,4,121
03/27/2023,TOL,OH,AGL,CE,Combined TRACON& Tower with Radar,14,2,9,4,29,0,0,2,0,2,14,2,11,4,31,0,0,0,31
03/28/2023,TOL,OH,AGL,CE,Combined TRACON& Tower with Radar,15,9,23,12,59,0,12,43,2,57,15,21,66,14,116,66,12,78,194
03/29/2023,TOL,OH,AGL,CE,Combined TRACON& Tower with Radar,19,3,18,25,65,0,4,12,0,16,19,7,30,25,81,8,6,14,95
03/30/2023,TOL,OH,AGL,CE,Combined TRACON& Tower with Radar,13,9,30,15,67,0,6,39,3,48,13,15,69,18,115,14,14,28,143
03/31/2023,TOL,OH,AGL,CE,Combined TRACON& Tower with Radar,15,5,20,2,42,0,0,0,0,0,15,5,20,2,42,0,0,0,42
04/01/2023,TOL,OH,AGL,CE,Combined TRACON& Tower with Radar,17,6,6,0,29,0,4,3,0,7,17,10,9,0,36,0,0,0,36
04/02/2023,TOL,OH,AGL,CE,Combined TRACON& Tower with Radar,8,5,35,0,48,0,0,24,0,24,8,5,59,0,72,20,0,20,92
04/03/2023,TOL,OH,AGL,CE,Combined TRACON& Tower with Radar,7,9,30,15,61,0,4,22,0,26,7,13,52,15,87,32,12,44,131
04/04/2023,TOL,OH,AGL,CE,Combined TRACON& Tower with Radar,16,5,31,8,60,0,3,1,0,4,16,8,32,8,64,2,0,2,66
04/05/2023,TOL,OH,AGL,CE,Combined TRACON& Tower with Radar,15,4,8,6,33,0,4,1,0,5,15,8,9,6,38,0,0,0,38
04/06/2023,TOL,OH,AGL,CE,Combined TRACON& Tower with Radar,13,4,35,8,60,0,15,28,0,43,13,19,63,8,103,8,8,16,119
04/07/2023,TOL,OH,AGL,CE,Combined TRACON& Tower with Radar,9,11,50,2,72,0,13,37,5,55,9,24,87,7,127,12,0,12,139
04/08/2023,TOL,OH,AGL,CE,Combined TRACON& Tower with Radar,13,6,17,4,40,0,1,43,0,44,13,7,60,4,84,13,6,19,103
04/09/2023,TOL,OH,AGL,CE,Combined TRACON& Tower with Radar,6,7,17,0,30,0,2,16,2,20,6,9,33,2,50,2,0,2,52
04/10/2023,TOL,OH,AGL,CE,Combined TRACON& Tower with Radar,8,12,27,17,64,0,12,29,1,42,8,24,56,18,106,0,10,10,116
04/11/2023,TOL,OH,AGL,CE,Combined TRACON& Tower with Radar,11,7,28,31,77,0,7,49,0,56,11,14,77,31,133,17,10,27,160
04/12/2023,TOL,OH,AGL,CE,Combined TRACON& Tower with Radar,11,6,39,22,78,0,10,23,0,33,11,16,62,22,111,14,10,24,135
04/13/2023,TOL,OH,AGL,CE,Combined TRACON& Tower with Radar,7,9,45,23,84,0,12,40,0,52,7,21,85,23,136,0,0,0,136
04/14/2023,TOL,OH,AGL,CE,Combined TRACON& Tower with Radar,10,3,39,0,52,0,8,36,0,44,10,11,75,0,96,26,0,26,122
04/15/2023,TOL,OH,AGL,CE,Combined TRACON& Tower with Radar,10,3,19,0,32,0,6,33,0,39,10,9,52,0,71,6,0,6,77
04/16/2023,TOL,OH,AGL,CE,Combined TRACON& Tower with Radar,6,6,13,0,25,0,5,8,0,13,6,11,21,0,38,2,0,2,40
04/17/2023,TOL,OH,AGL,CE,Combined TRACON& Tower with Radar,8,8,24,15,55,0,0,1,0,1,8,8,25,15,56,0,0,0,56
04/18/2023,TOL,OH,AGL,CE,Combined TRACON& Tower with Radar,14,4,21,24,63,0,9,17,2,28,14,13,38,26,91,8,12,20,111
04/19/2023,TOL,OH,AGL,CE,Combined TRACON& Tower with Radar,13,14,46,15,88,0,8,31,1,40,13,22,77,16,128,56,14,70,198
04/20/2023,TOL,OH,AGL,CE,Combined TRACON& Tower with Radar,7,2,29,9,47,0,9,19,0,28,7,11,48,9,75,0,0,0,75
04/21/2023,TOL,OH,AGL,CE,Combined TRACON& Tower with Radar,8,4,46,1,59,0,2,3,0,5,8,6,49,1,64,24,0,24,88
04/22/2023,TOL,OH,AGL,CE,Combined TRACON& Tower with Radar,12,7,25,0,44,0,0,3,0,3,12,7,28,0,47,0,0,0,47
04/23/2023,TOL,OH,AGL,CE,Combined TRACON& Tower with Radar,8,3,16,2,29,0,2,8,0,10,8,5,24,2,39,0,0,0,39
04/24/2023,TOL,OH,AGL,CE,Combined TRACON& Tower with Radar,7,10,44,14,75,0,10,25,0,35,7,20,69,14,110,20,4,24,134
04/25/2023,TOL,OH,AGL,CE,Combined TRACON& Tower with Radar,8,9,14,15,46,0,0,2,1,3,8,9,16,16,49,30,2,32,81
04/26/2023,TOL,OH,AGL,CE,Combined TRACON& Tower with Radar,12,15,44,25,96,0,6,18,0,24,12,21,62,25,120,34,10,44,164
04/27/2023,TOL,OH,AGL,CE,Combined TRACON& Tower with Radar,8,10,26,16,60,0,1,26,3,30,8,11,52,19,90,14,0,14,104
04/28/2023,TOL,OH,AGL,CE,Combined TRACON& Tower with Radar,6,8,21,0,35,0,0,0,0,0,6,8,21,0,35,6,0,6,41
04/29/2023,TOL,OH,AGL,CE,Combined TRACON& Tower with Radar,10,2,31,0,43,0,2,2,0,4,10,4,33,0,47,0,0,0,47
04/30/2023,TOL,OH,AGL,CE,Combined TRACON& Tower with Radar,6,0,17,5,28,0,2,9,0,11,6,2,26,5,39,0,0,0,39
05/01/2023,TOL,OH,AGL,CE,Combined TRACON& Tower with Radar,7,7,14,0,28,0,0,0,0,0,7,7,14,0,28,0,0,0,28
05/02/2023,TOL,OH,AGL,CE,Combined TRACON& Tower with Radar,7,6,23,12,48,0,0,5,0,5,7,6,28,12,53,0,2,2,55
05/03/2023,TOL,OH,AGL,CE,Combined TRACON& Tower with Radar,12,11,27,19,69,0,7,8,1,16,12,18,35,20,85,6,0,6,91
05/04/2023,TOL,OH,AGL,CE,Combined TRACON& Tower with Radar,9,3,34,4,50,0,8,34,0,42,9,11,68,4,92,10,10,20,112
05/05/2023,TOL,OH,AGL,CE,Combined TRACON& Tower with Radar,7,11,23,20,61,0,2,35,0,37,7,13,58,20,98,38,0,38,136
05/06/2023,TOL,OH,AGL,CE,Combined TRACON& Tower with Radar,9,6,20,20,55,0,5,130,1,136,9,11,150,21,191,0,0,0,191
05/07/2023,TOL,OH,AGL,CE,Combined TRACON& Tower with Radar,7,4,19,2,32,0,1,66,0,67,7,5,85,2,99,22,0,22,121
05/08/2023,TOL,OH,AGL,CE,Combined TRACON& Tower with Radar,8,8,52,18,86,0,0,6,0,6,8,8,58,18,92,6,0,6,98
05/09/2023,TOL,OH,AGL,CE,Combined TRACON& Tower with Radar,8,4,40,12,64,0,5,32,3,40,8,9,72,15,104,30,2,32,136
05/10/2023,TOL,OH,AGL,CE,Combined TRACON& Tower with Radar,11,6,56,19,92,0,10,38,0,48,11,16,94,19,140,12,0,12,152
05/11/2023,TOL,OH,AGL,CE,Combined TRACON& Tower with Radar,8,1,40,20,69,0,3,32,5,40,8,4,72,25,109,34,0,34,143
05/12/2023,TOL,OH,AGL,CE,Combined TRACON& Tower with Radar,9,5,30,0,44,0,2,18,0,20,9,7,48,0,64,18,0,18,82
05/13/2023,TOL,OH,AGL,CE,Combined TRACON& Tower with Radar,9,1,33,0,43,0,0,14,0,14,9,1,47,0,57,0,0,0,57
05/14/2023,TOL,OH,AGL,CE,Combined TRACON& Tower with Radar,8,2,19,3,32,0,6,15,3,24,8,8,34,6,56,6,0,6,62
05/15/2023,TOL,OH,AGL,CE,Combined TRACON& Tower with Radar,8,6,24,15,53,0,14,50,8,72,8,20,74,23,125,4,0,4,129
05/16/2023,TOL,OH,AGL,CE,Combined TRACON& Tower with Radar,7,12,31,32,82,0,4,20,4,28,7,16,51,36,110,10,20,30,140
05/17/2023,TOL,OH,AGL,CE,Combined TRACON& Tower with Radar,9,8,47,33,97,0,6,15,3,24,9,14,62,36,121,14,24,38,159
05/18/2023,TOL,OH,AGL,CE,Combined TRACON& Tower with Radar,9,2,38,14,63,0,8,41,4,53,9,10,79,18,116,34,27,61,177
05/19/2023,TOL,OH,AGL,CE,Combined TRACON& Tower with Radar,5,4,30,0,39,0,6,23,0,29,5,10,53,0,68,0,0,0,68
05/20/2023,TOL,OH,AGL,CE,Combined TRACON& Tower with Radar,10,0,25,0,35,0,3,21,0,24,10,3,46,0,59,14,0,14,73
05/21/2023,TOL,OH,AGL,CE,Combined TRACON& Tower with Radar,11,6,28,0,45,0,3,20,0,23,11,9,48,0,68,28,0,28,96
05/22/2023,TOL,OH,AGL,CE,Combined TRACON& Tower with Radar,6,9,34,15,64,0,8,23,0,31,6,17,57,15,95,2,0,2,97
05/23/2023,TOL,OH,AGL,CE,Combined TRACON& Tower with Radar,8,9,34,18,69,0,2,33,0,35,8,11,67,18,104,24,12,36,140
05/24/2023,TOL,OH,AGL,CE,Combined TRACON& Tower with Radar,8,4,25,26,63,0,2,16,0,18,8,6,41,26,81,40,20,60,141
05/25/2023,TOL,OH,AGL,CE,Combined TRACON& Tower with Radar,10,6,23,31,70,0,3,30,1,34,10,9,53,32,104,0,14,14,118
05/26/2023,TOL,OH,AGL,CE,Combined TRACON& Tower with Radar,7,4,40,0,51,0,6,35,0,41,7,10,75,0,92,4,0,4,96
05/27/2023,TOL,OH,AGL,CE,Combined TRACON& Tower with Radar,10,7,15,1,33,0,8,24,1,33,10,15,39,2,66,0,0,0,66
05/28/2023,TOL,OH,AGL,CE,Combined TRACON& Tower with Radar,8,6,9,4,27,0,8,20,0,28,8,14,29,4,55,4,2,6,61
05/29/2023,TOL,OH,AGL,CE,Combined TRACON& Tower with Radar,4,2,9,2,17,0,3,22,2,27,4,5,31,4,44,10,0,10,54
05/30/2023,TOL,OH,AGL,CE,Combined TRACON& Tower with Radar,11,0,23,18,52,0,6,25,0,31,11,6,48,18,83,2,16,18,101
05/31/2023,TOL,OH,AGL,CE,Combined TRACON& Tower with Radar,7,7,56,17,87,0,10,33,0,43,7,17,89,17,130,64,4,68,198
06/01/2023,TOL,OH,AGL,CE,Combined TRACON& Tower with Radar,7,4,40,13,64,0,4,20,0,24,7,8,60,13,88,0,10,10,98
06/02/2023,TOL,OH,AGL,CE,Combined TRACON& Tower with Radar,8,6,34,0,48,0,6,11,0,17,8,12,45,0,65,10,0,10,75
06/03/2023,TOL,OH,AGL,CE,Combined TRACON& Tower with Radar,8,7,12,11,38,0,3,20,0,23,8,10,32,11,61,4,27,31,92
06/04/2023,TOL,OH,AGL,CE,Combined TRACON& Tower with Radar,6,8,25,10,49,0,3,13,1,17,6,11,38,11,66,0,24,24,90
06/05/2023,TOL,OH,AGL,CE,Combined TRACON& Tower with Radar,6,11,29,19,65,0,3,11,0,14,6,14,40,19,79,26,24,50,129
06/06/2023,TOL,OH,AGL,CE,Combined TRACON& Tower with Radar,9,12,30,13,64,0,9,29,0,38,9,21,59,13,102,14,10,24,126
06/07/2023,TOL,OH,AGL,CE,Combined TRACON& Tower with Radar,9,6,41,15,71,0,5,12,0,17,9,11,53,15,88,8,4,12,100
06/08/2023,TOL,OH,AGL,CE,Combined TRACON& Tower with Radar,8,6,29,20,63,0,8,24,0,32,8,14,53,20,95,8,2,10,105
06/09/2023,TOL,OH,AGL,CE,Combined TRACON& Tower with Radar,10,10,12,0,32,0,4,24,0,28,10,14,36,0,60,4,0,4,64
06/10/2023,TOL,OH,AGL,CE,Combined TRACON& Tower with Radar,11,10,14,0,35,0,5,33,0,38,11,15,47,0,73,6,0,6,79
06/11/2023,TOL,OH,AGL,CE,Combined TRACON& Tower with Radar,7,4,19,0,30,0,1,11,0,12,7,5,30,0,42,0,0,0,42
06/12/2023,TOL,OH,AGL,CE,Combined TRACON& Tower with Radar,9,9,41,12,71,0,6,13,0,19,9,15,54,12,90,12,4,16,106
06/13/2023,TOL,OH,AGL,CE,Combined TRACON& Tower with Radar,12,4,23,11,50,0,3,3,1,7,12,7,26,12,57,0,6,6,63
06/14/2023,TOL,OH,AGL,CE,Combined TRACON& Tower with Radar,16,7,43,37,103,0,6,31,2,39,16,13,74,39,142,12,0,12,154
06/15/2023,TOL,OH,AGL,CE,Combined TRACON& Tower with Radar,13,4,26,22,65,0,6,18,0,24,13,10,44,22,89,2,28,30,119
06/16/2023,TOL,OH,AGL,CE,Combined TRACON& Tower with Radar,12,1,25,4,42,0,0,10,0,10,12,1,35,4,52,0,0,0,52
06/17/2023,TOL,OH,AGL,CE,Combined TRACON& Tower with Radar,7,2,21,0,30,0,4,27,0,31,7,6,48,0,61,0,0,0,61
06/18/2023,TOL,OH,AGL,CE,Combined TRACON& Tower with Radar,8,2,14,0,24,0,5,17,1,23,8,7,31,1,47,6,0,6,53
06/19/2023,TOL,OH,AGL,CE,Combined TRACON& Tower with Radar,6,7,31,0,44,0,6,25,0,31,6,13,56,0,75,2,0,2,77
06/20/2023,TOL,OH,AGL,CE,Combined TRACON& Tower with Radar,7,12,28,14,61,0,3,25,0,28,7,15,53,14,89,41,0,41,130
06/21/2023,TOL,OH,AGL,CE,Combined TRACON& Tower with Radar,10,8,22,10,50,0,4,31,0,35,10,12,53,10,85,22,33,55,140
06/22/2023,TOL,OH,AGL,CE,Combined TRACON& Tower with Radar,11,6,27,13,57,0,12,17,0,29,11,18,44,13,86,0,11,11,97
06/23/2023,TOL,OH,AGL,CE,Combined TRACON& Tower with Radar,12,2,23,2,39,0,0,1,0,1,12,2,24,2,40,0,0,0,40
06/24/2023,TOL,OH,AGL,CE,Combined TRACON& Tower with Radar,13,4,35,0,52,0,3,10,0,13,13,7,45,0,65,0,0,0,65
06/25/2023,TOL,OH,AGL,CE,Combined TRACON& Tower with Radar,8,2,20,0,30,0,2,14,0,16,8,4,34,0,46,0,0,0,46
06/26/2023,TOL,OH,AGL,CE,Combined TRACON& Tower with Radar,11,0,19,11,41,0,3,5,0,8,11,3,24,11,49,10,4,14,63
06/27/2023,TOL,OH,AGL,CE,Combined TRACON& Tower with Radar,17,6,48,16,87,0,1,0,1,2,17,7,48,17,89,6,0,6,95
06/28/2023,TOL,OH,AGL,CE,Combined TRACON& Tower with Radar,10,0,24,8,42,0,0,1,0,1,10,0,25,8,43,0,0,0,43
06/29/2023,TOL,OH,AGL,CE,Combined TRACON& Tower with Radar,11,2,38,7,58,0,0,0,0,0,11,2,38,7,58,0,0,0,58
06/30/2023,TOL,OH,AGL,CE,Combined TRACON& Tower with Radar,12,1,40,0,53,0,2,6,0,8,12,3,46,0,61,0,0,0,61
07/01/2023,TOL,OH,AGL,CE,Combined TRACON& Tower with Radar,7,5,25,0,37,0,1,2,0,3,7,6,27,0,40,0,0,0,40
07/02/2023,TOL,OH,AGL,CE,Combined TRACON& Tower with Radar,4,1,9,0,14,0,0,5,0,5,4,1,14,0,19,0,0,0,19
07/03/2023,TOL,OH,AGL,CE,Combined TRACON& Tower with Radar,7,2,18,0,27,0,2,4,0,6,7,4,22,0,33,0,0,0,33
07/04/2023,TOL,OH,AGL,CE,Combined TRACON& Tower with Radar,1,1,9,0,11,0,5,16,0,21,1,6,25,0,32,2,0,2,34
07/05/2023,TOL,OH,AGL,CE,Combined TRACON& Tower with Radar,2,4,20,15,41,0,4,31,1,36,2,8,51,16,77,30,16,46,123
07/06/2023,TOL,OH,AGL,CE,Combined TRACON& Tower with Radar,4,2,24,24,54,0,9,15,2,26,4,11,39,26,80,4,0,4,84
07/07/2023,TOL,OH,AGL,CE,Combined TRACON& Tower with Radar,8,4,37,15,64,0,13,29,0,42,8,17,66,15,106,62,8,70,176
07/08/2023,TOL,OH,AGL,CE,Combined TRACON& Tower with Radar,4,3,18,0,25,0,0,9,0,9,4,3,27,0,34,0,0,0,34
07/09/2023,TOL,OH,AGL,CE,Combined TRACON& Tower with Radar,4,1,41,0,46,0,4,19,0,23,4,5,60,0,69,22,0,22,91
07/10/2023,TOL,OH,AGL,CE,Combined TRACON& Tower with Radar,6,8,40,20,74,0,11,43,0,54,6,19,83,20,128,14,14,28,156
07/11/2023,TOL,OH,AGL,CE,Combined TRACON& Tower with Radar,4,16,22,26,68,0,17,32,0,49,4,33,54,26,117,14,2,16,133
07/12/2023,TOL,OH,AGL,CE,Combined TRACON& Tower with Radar,10,12,25,19,66,0,5,12,0,17,10,17,37,19,83,8,8,16,99
07/13/2023,TOL,OH,AGL,CE,Combined TRACON& Tower with Radar,12,4,43,19,78,0,3,24,0,27,12,7,67,19,105,4,0,4,109
07/14/2023,TOL,OH,AGL,CE,Combined TRACON& Tower with Radar,6,9,32,0,47,0,5,13,0,18,6,14,45,0,65,8,0,8,73
07/15/2023,TOL,OH,AGL,CE,Combined TRACON& Tower with Radar,6,2,8,0,16,0,0,5,0,5,6,2,13,0,21,0,0,0,21
07/16/2023,TOL,OH,AGL,CE,Combined TRACON& Tower with Radar,10,5,24,0,39,0,0,11,0,11,10,5,35,0,50,8,0,8,58
07/17/2023,TOL,OH,AGL,CE,Combined TRACON& Tower with Radar,10,1,24,16,51,0,5,20,0,25,10,6,44,16,76,24,19,43,119
07/18/2023,TOL,OH,AGL,CE,Combined TRACON& Tower with Radar,7,9,27,21,64,0,5,33,0,38,7,14,60,21,102,16,23,39,141
07/19/2023,TOL,OH,AGL,CE,Combined TRACON& Tower with Radar,7,7,30,18,62,0,4,32,0,36,7,11,62,18,98,14,16,30,128
07/20/2023,TOL,OH,AGL,CE,Combined TRACON& Tower with Radar,11,10,31,0,52,0,2,15,0,17,11,12,46,0,69,2,0,2,71
07/21/2023,TOL,OH,AGL,CE,Combined TRACON& Tower with Radar,7,7,30,2,46,0,5,25,0,30,7,12,55,2,76,24,0,24,100
07/22/2023,TOL,OH,AGL,CE,Combined TRACON& Tower with Radar,8,2,9,2,21,0,8,30,0,38,8,10,39,2,59,4,0,4,63
07/23/2023,TOL,OH,AGL,CE,Combined TRACON& Tower with Radar,6,0,16,1,23,0,3,19,0,22,6,3,35,1,45,0,0,0,45
07/24/2023,TOL,OH,AGL,CE,Combined TRACON& Tower with Radar,12,2,29,15,58,0,2,30,0,32,12,4,59,15,90,42,10,52,142
07/25/2023,TOL,OH,AGL,CE,Combined TRACON& Tower with Radar,13,16,50,12,91,0,6,36,1,43,13,22,86,13,134,0,21,21,155
07/26/2023,TOL,OH,AGL,CE,Combined TRACON& Tower with Radar,9,9,35,22,75,0,6,18,1,25,9,15,53,23,100,12,17,29,129
07/27/2023,TOL,OH,AGL,CE,Combined TRACON& Tower with Radar,12,15,40,17,84,0,5,27,0,32,12,20,67,17,116,0,0,0,116
07/28/2023,TOL,OH,AGL,CE,Combined TRACON& Tower with Radar,10,8,19,0,37,0,4,37,0,41,10,12,56,0,78,6,0,6,84
07/29/2023,TOL,OH,AGL,CE,Combined TRACON& Tower with Radar,9,7,27,0,43,0,7,18,0,25,9,14,45,0,68,0,0,0,68
07/30/2023,TOL,OH,AGL,CE,Combined TRACON& Tower with Radar,10,3,23,0,36,0,4,25,0,29,10,7,48,0,65,4,0,4,69
07/31/2023,TOL,OH,AGL,CE,Combined TRACON& Tower with Radar,6,6,35,26,73,0,3,48,0,51,6,9,83,26,124,12,14,26,150
08/01/2023,TOL,OH,AGL,CE,Combined TRACON& Tower with Radar,12,10,48,24,94,0,12,15,0,27,12,22,63,24,121,22,24,46,167
08/02/2023,TOL,OH,AGL,CE,Combined TRACON& Tower with Radar,11,13,39,26,89,0,7,26,1,34,11,20,65,27,123,22,12,34,157
08/03/2023,TOL,OH,AGL,CE,Combined TRACON& Tower with Radar,10,7,25,17,59,0,1,28,0,29,10,8,53,17,88,24,4,28,116
08/04/2023,TOL,OH,AGL,CE,Combined TRACON& Tower with Radar,9,3,34,0,46,0,11,19,0,30,9,14,53,0,76,4,0,4,80
08/05/2023,TOL,OH,AGL,CE,Combined TRACON& Tower with Radar,8,4,21,4,37,0,11,43,0,54,8,15,64,4,91,28,0,28,119
08/06/2023,TOL,OH,AGL,CE,Combined TRACON& Tower with Radar,6,9,19,4,38,0,0,5,0,5,6,9,24,4,43,8,0,8,51
08/07/2023,TOL,OH,AGL,CE,Combined TRACON& Tower with Radar,8,5,29,12,54,0,0,11,0,11,8,5,40,12,65,29,0,29,94
08/08/2023,TOL,OH,AGL,CE,Combined TRACON& Tower with Radar,10,6,44,8,68,0,13,40,4,57,10,19,84,12,125,49,0,49,174
08/09/2023,TOL,OH,AGL,CE,Combined TRACON& Tower with Radar,6,4,21,14,45,0,8,53,2,63,6,12,74,16,108,12,0,12,120
08/10/2023,TOL,OH,AGL,CE,Combined TRACON& Tower with Radar,8,3,44,6,61,0,2,59,2,63,8,5,103,8,124,31,0,31,155
08/11/2023,TOL,OH,AGL,CE,Combined TRACON& Tower with Radar,12,17,26,0,55,0,0,16,1,17,12,17,42,1,72,0,0,0,72
08/12/2023,TOL,OH,AGL,CE,Combined TRACON& Tower with Radar,11,8,12,0,31,0,5,15,0,20,11,13,27,0,51,0,0,0,51
08/13/2023,TOL,OH,AGL,CE,Combined TRACON& Tower with Radar,7,4,21,0,32,0,3,27,3,33,7,7,48,3,65,29,4,33,98
08/14/2023,TOL,OH,AGL,CE,Combined TRACON& Tower with Radar,14,8,29,11,62,0,3,3,0,6,14,11,32,11,68,0,0,0,68
08/15/2023,TOL,OH,AGL,CE,Combined TRACON& Tower with Radar,10,13,39,6,68,0,0,4,0,4,10,13,43,6,72,12,0,12,84
08/16/2023,TOL,OH,AGL,CE,Combined TRACON& Tower with Radar,8,9,48,10,75,0,1,38,1,40,8,10,86,11,115,18,0,18,133
08/17/2023,TOL,OH,AGL,CE,Combined TRACON& Tower with Radar,7,2,33,1,43,0,3,4,3,10,7,5,37,4,53,0,16,16,69
08/18/2023,TOL,OH,AGL,CE,Combined TRACON& Tower with Radar,5,9,34,7,55,0,5,27,10,42,5,14,61,17,97,20,0,20,117
08/19/2023,TOL,OH,AGL,CE,Combined TRACON& Tower with Radar,6,8,14,2,30,0,7,18,1,26,6,15,32,3,56,2,0,2,58
08/20/2023,TOL,OH,AGL,CE,Combined TRACON& Tower with Radar,6,1,16,0,23,0,9,12,0,21,6,10,28,0,44,4,0,4,48
08/21/2023,TOL,OH,AGL,CE,Combined TRACON& Tower with Radar,5,11,44,12,72,0,8,17,0,25,5,19,61,12,97,0,0,0,97
08/22/2023,TOL,OH,AGL,CE,Combined TRACON& Tower with Radar,10,9,40,11,70,0,5,12,0,17,10,14,52,11,87,0,22,22,109
08/23/2023,TOL,OH,AGL,CE,Combined TRACON& Tower with Radar,5,12,38,12,67,0,2,9,0,11,5,14,47,12,78,8,0,8,86
08/24/2023,TOL,OH,AGL,CE,Combined TRACON& Tower with Radar,14,9,39,11,73,0,2,13,3,18,14,11,52,14,91,0,0,0,91
08/25/2023,TOL,OH,AGL,CE,Combined TRACON& Tower with Radar,7,2,54,3,66,0,2,3,0,5,7,4,57,3,71,8,0,8,79
08/26/2023,TOL,OH,AGL,CE,Combined TRACON& Tower with Radar,5,5,29,1,40,0,1,14,0,15,5,6,43,1,55,35,0,35,90
08/27/2023,TOL,OH,AGL,CE,Combined TRACON& Tower with Radar,6,4,28,0,38,0,4,19,0,23,6,8,47,0,61,0,0,0,61
08/28/2023,TOL,OH,AGL,CE,Combined TRACON& Tower with Radar,5,6,33,20,64,0,2,34,2,38,5,8,67,22,102,34,22,56,158
08/29/2023,TOL,OH,AGL,CE,Combined TRACON& Tower with Radar,6,5,34,12,57,0,4,19,0,23,6,9,53,12,80,12,0,12,92
08/30/2023,TOL,OH,AGL,CE,Combined TRACON& Tower with Radar,6,13,45,12,76,0,5,15,0,20,6,18,60,12,96,35,0,35,131
08/31/2023,TOL,OH,AGL,CE,Combined TRACON& Tower with Radar,8,5,38,11,62,0,10,50,0,60,8,15,88,11,122,27,0,27,149
01/01/2020,TOL,OH,AGL,CE,Combined TRACON& Tower with Radar,1,11,8,0,20,0,1,1,0,2,1,12,9,0,22,0,0,0,22
01/02/2020,TOL,OH,AGL,CE,Combined TRACON& Tower with Radar,4,13,17,5,39,0,2,16,0,18,4,15,33,5,57,4,0,4,61
01/03/2020,TOL,OH,AGL,CE,Combined TRACON& Tower with Radar,4,10,10,6,30,0,1,2,0,3,4,11,12,6,33,0,0,0,33
01/04/2020,TOL,OH,AGL,CE,Combined TRACON& Tower with Radar,4,11,7,0,22,0,0,1,0,1,4,11,8,0,23,0,0,0,23
01/05/2020,TOL,OH,AGL,CE,Combined TRACON& Tower with Radar,4,12,10,0,26,0,0,1,0,1,4,12,11,0,27,0,0,0,27
01/06/2020,TOL,OH,AGL,CE,Combined TRACON& Tower with Radar,4,10,19,4,37,0,3,21,0,24,4,13,40,4,61,10,0,10,71
01/07/2020,TOL,OH,AGL,CE,Combined TRACON& Tower with Radar,2,21,24,15,62,0,4,22,0,26,2,25,46,15,88,22,12,34,122
01/08/2020,TOL,OH,AGL,CE,Combined TRACON& Tower with Radar,2,11,23,24,60,0,5,18,0,23,2,16,41,24,83,6,36,42,125
01/09/2020,TOL,OH,AGL,CE,Combined TRACON& Tower with Radar,2,15,22,15,54,0,8,10,8,26,2,23,32,23,80,2,4,6,86
01/10/2020,TOL,OH,AGL,CE,Combined TRACON& Tower with Radar,2,10,18,16,46,0,0,6,1,7,2,10,24,17,53,0,0,0,53
01/11/2020,TOL,OH,AGL,CE,Combined TRACON& Tower with Radar,1,7,5,0,13,0,0,0,0,0,1,7,5,0,13,0,0,0,13
01/12/2020,TOL,OH,AGL,CE,Combined TRACON& Tower with Radar,2,12,8,5,27,0,0,3,0,3,2,12,11,5,30,0,0,0,30
01/13/2020,TOL,OH,AGL,CE,Combined TRACON& Tower with Radar,2,15,10,8,35,0,2,21,0,23,2,17,31,8,58,0,22,22,80
01/14/2020,TOL,OH,AGL,CE,Combined TRACON& Tower with Radar,2,14,37,15,68,0,0,2,0,2,2,14,39,15,70,2,0,2,72
01/15/2020,TOL,OH,AGL,CE,Combined TRACON& Tower with Radar,2,17,29,6,54,0,0,0,0,0,2,17,29,6,54,10,0,10,64
01/16/2020,TOL,OH,AGL,CE,Combined TRACON& Tower with Radar,2,11,32,11,56,0,7,13,0,20,2,18,45,11,76,0,15,15,91
01/17/2020,TOL,OH,AGL,CE,Combined TRACON& Tower with Radar,4,10,31,0,45,0,3,12,0,15,4,13,43,0,60,4,0,4,64
01/18/2020,TOL,OH,AGL,CE,Combined TRACON& Tower with Radar,3,11,2,0,16,0,0,0,0,0,3,11,2,0,16,0,0,0,16
01/19/2020,TOL,OH,AGL,CE,Combined TRACON& Tower with Radar,2,14,4,0,20,0,0,0,0,0,2,14,4,0,20,0,0,0,20
01/20/2020,TOL,OH,AGL,CE,Combined TRACON& Tower with Radar,2,16,48,0,66,0,7,22,0,29,2,23,70,0,95,90,0,90,185
01/21/2020,TOL,OH,AGL,CE,Combined TRACON& Tower with Radar,2,16,57,13,88,0,1,29,1,31,2,17,86,14,119,41,15,56,175
01/22/2020,TOL,OH,AGL,CE,Combined TRACON& Tower with Radar,4,17,26,14,61,0,3,24,0,27,4,20,50,14,88,10,0,10,98
01/23/2020,TOL,OH,AGL,CE,Combined TRACON& Tower with Radar,2,13,33,25,73,0,3,30,0,33,2,16,63,25,106,10,35,45,151
01/24/2020,TOL,OH,AGL,CE,Combined TRACON& Tower with Radar,2,15,19,0,36,0,0,0,0,0,2,15,19,0,36,0,0,0,36
01/25/2020,TOL,OH,AGL,CE,Combined TRACON& Tower with Radar,2,8,1,0,11,0,0,0,0,0,2,8,1,0,11,0,0,0,11
01/26/2020,TOL,OH,AGL,CE,Combined TRACON& Tower with Radar,2,12,5,0,19,0,0,0,0,0,2,12,5,0,19,0,0,0,19
01/27/2020,TOL,OH,AGL,CE,Combined TRACON& Tower with Radar,2,14,19,16,51,0,1,2,0,3,2,15,21,16,54,0,6,6,60
01/28/2020,TOL,OH,AGL,CE,Combined TRACON& Tower with Radar,2,14,22,7,45,0,2,8,0,10,2,16,30,7,55,6,0,6,61
01/29/2020,TOL,OH,AGL,CE,Combined TRACON& Tower with Radar,3,14,30,34,81,0,4,16,7,27,3,18,46,41,108,2,20,22,130
01/30/2020,TOL,OH,AGL,CE,Combined TRACON& Tower with Radar,5,15,35,16,71,0,0,16,0,16,5,15,51,16,87,17,0,17,104
01/31/2020,TOL,OH,AGL,CE,Combined TRACON& Tower with Radar,3,12,20,2,37,0,2,9,0,11,3,14,29,2,48,16,4,20,68
02/01/2020,TOL,OH,AGL,CE,Combined TRACON& Tower with Radar,2,11,5,0,18,0,0,1,0,1,2,11,6,0,19,4,0,4,23
02/02/2020,TOL,OH,AGL,CE,Combined TRACON& Tower with Radar,2,12,8,0,22,0,4,16,0,20,2,16,24,0,42,22,0,22,64
02/03/2020,TOL,OH,AGL,CE,Combined TRACON& Tower with Radar,2,14,28,0,44,0,7,29,0,36,2,21,57,0,80,20,0,20,100
02/04/2020,TOL,OH,AGL,CE,Combined TRACON& Tower with Radar,2,17,20,17,56,0,0,4,0,4,2,17,24,17,60,7,0,7,67
02/05/2020,TOL,OH,AGL,CE,Combined TRACON& Tower with Radar,4,11,32,6,53,0,0,19,0,19,4,11,51,6,72,0,0,0,72
02/06/2020,TOL,OH,AGL,CE,Combined TRACON& Tower with Radar,1,12,10,6,29,0,0,0,0,0,1,12,10,6,29,0,0,0,29
02/07/2020,TOL,OH,AGL,CE,Combined TRACON& Tower with Radar,5,16,11,0,32,0,0,8,0,8,5,16,19,0,40,14,0,14,54
02/08/2020,TOL,OH,AGL,CE,Combined TRACON& Tower with Radar,2,8,8,2,20,0,1,13,0,14,2,9,21,2,34,10,4,14,48
02/09/2020,TOL,OH,AGL,CE,Combined TRACON& Tower with Radar,3,12,12,2,29,0,2,10,0,12,3,14,22,2,41,0,10,10,51
02/10/2020,TOL,OH,AGL,CE,Combined TRACON& Tower with Radar,3,17,14,10,44,0,0,4,0,4,3,17,18,10,48,0,16,16,64
02/11/2020,TOL,OH,AGL,CE,Combined TRACON& Tower with Radar,2,11,35,3,51,0,2,18,1,21,2,13,53,4,72,19,0,19,91
02/12/2020,TOL,OH,AGL,CE,Combined TRACON& Tower with Radar,5,17,34,2,58,0,0,30,0,30,5,17,64,2,88,0,0,0,88
02/13/2020,TOL,OH,AGL,CE,Combined TRACON& Tower with Radar,2,13,19,0,34,0,1,3,0,4,2,14,22,0,38,0,0,0,38
02/14/2020,TOL,OH,AGL,CE,Combined TRACON& Tower with Radar,5,13,25,0,43,0,5,30,0,35,5,18,55,0,78,68,0,68,146
02/15/2020,TOL,OH,AGL,CE,Combined TRACON& Tower with Radar,2,12,15,0,29,0,7,11,0,18,2,19,26,0,47,14,0,14,61
02/16/2020,TOL,OH,AGL,CE,Combined TRACON& Tower with Radar,4,10,23,0,37,0,2,24,0,26,4,12,47,0,63,11,0,11,74
02/17/2020,TOL,OH,AGL,CE,Combined TRACON& Tower with Radar,4,15,24,0,43,0,2,24,0,26,4,17,48,0,69,0,0,0,69
02/18/2020,TOL,OH,AGL,CE,Combined TRACON& Tower with Radar,4,14,19,2,39,0,5,0,0,5,4,19,19,2,44,2,0,2,46
02/19/2020,TOL,OH,AGL,CE,Combined TRACON& Tower with Radar,4,25,38,6,73,0,7,19,0,26,4,32,57,6,99,8,8,16,115
02/20/2020,TOL,OH,AGL,CE,Combined TRACON& Tower with Radar,4,12,30,6,52,1,6,18,1,26,5,18,48,7,78,8,8,16,94
02/21/2020,TOL,OH,AGL,CE,Combined TRACON& Tower with Radar,6,16,35,1,58,0,11,28,0,39,6,27,63,1,97,36,0,36,133
02/22/2020,TOL,OH,AGL,CE,Combined TRACON& Tower with Radar,2,11,14,3,30,0,3,34,0,37,2,14,48,3,67,16,0,16,83
02/23/2020,TOL,OH,AGL,CE,Combined TRACON& Tower with Radar,2,20,15,5,42,0,9,30,0,39,2,29,45,5,81,0,0,0,81
02/24/2020,TOL,OH,AGL,CE,Combined TRACON& Tower with Radar,4,10,17,0,31,0,4,4,0,8,4,14,21,0,39,2,0,2,41
02/25/2020,TOL,OH,AGL,CE,Combined TRACON& Tower with Radar,4,16,34,0,54,0,0,0,0,0,4,16,34,0,54,0,0,0,54
02/26/2020,TOL,OH,AGL,CE,Combined TRACON& Tower with Radar,4,11,18,0,33,0,0,0,0,0,4,11,18,0,33,0,0,0,33
02/27/2020,TOL,OH,AGL,CE,Combined TRACON& Tower with Radar,2,16,22,7,47,0,1,4,0,5,2,17,26,7,52,0,12,12,64
02/28/2020,TOL,OH,AGL,CE,Combined TRACON& Tower with Radar,5,17,20,0,42,0,1,9,0,10,5,18,29,0,52,0,0,0,52
02/29/2020,TOL,OH,AGL,CE,Combined TRACON& Tower with Radar,2,17,11,0,30,0,11,21,0,32,2,28,32,0,62,14,0,14,76
03/01/2020,TOL,OH,AGL,CE,Combined TRACON& Tower with Radar,2,13,18,0,33,0,7,18,0,25,2,20,36,0,58,16,0,16,74
03/02/2020,TOL,OH,AGL,CE,Combined TRACON& Tower with Radar,4,11,25,10,50,0,1,1,0,2,4,12,26,10,52,6,0,6,58
03/03/2020,TOL,OH,AGL,CE,Combined TRACON& Tower with Radar,4,10,18,18,50,0,0,6,0,6,4,10,24,18,56,10,11,21,77
03/04/2020,TOL,OH,AGL,CE,Combined TRACON& Tower with Radar,4,12,21,13,50,0,7,16,0,23,4,19,37,13,73,12,6,18,91
03/05/2020,TOL,OH,AGL,CE,Combined TRACON& Tower with Radar,2,13,20,10,45,0,6,26,0,32,2,19,46,10,77,34,4,38,115
03/06/2020,TOL,OH,AGL,CE,Combined TRACON& Tower with Radar,5,12,6,0,23,0,1,1,0,2,5,13,7,0,25,0,0,0,25
03/07/2020,TOL,OH,AGL,CE,Combined TRACON& Tower with Radar,6,12,23,18,59,0,7,42,2,51,6,19,65,20,110,4,20,24,134
03/08/2020,TOL,OH,AGL,CE,Combined TRACON& Tower with Radar,2,12,18,8,40,0,2,13,1,16,2,14,31,9,56,0,0,0,56
03/09/2020,TOL,OH,AGL,CE,Combined TRACON& Tower with Radar,4,11,16,23,54,0,0,4,0,4,4,11,20,23,58,2,46,48,106
03/10/2020,TOL,OH,AGL,CE,Combined TRACON& Tower with Radar,5,14,43,12,74,0,2,8,0,10,5,16,51,12,84,8,0,8,92
03/11/2020,TOL,OH,AGL,CE,Combined TRACON& Tower with Radar,5,16,29,13,63,0,4,0,0,4,5,20,29,13,67,0,0,0,67
03/12/2020,TOL,OH,AGL,CE,Combined TRACON& Tower with Radar,2,13,26,7,48,0,0,15,0,15,2,13,41,7,63,6,0,6,69
03/13/2020,TOL,OH,AGL,CE,Combined TRACON& Tower with Radar,4,14,11,0,29,0,0,7,0,7,4,14,18,0,36,2,0,2,38
03/14/2020,TOL,OH,AGL,CE,Combined TRACON& Tower with Radar,6,9,22,0,37,0,3,22,0,25,6,12,44,0,62,2,0,2,64
03/15/2020,TOL,OH,AGL,CE,Combined TRACON& Tower with Radar,2,12,10,0,24,0,1,18,0,19,2,13,28,0,43,0,0,0,43
03/16/2020,TOL,OH,AGL,CE,Combined TRACON& Tower with Radar,4,17,25,18,64,0,5,11,0,16,4,22,36,18,80,4,0,4,84
03/17/2020,TOL,OH,AGL,CE,Combined TRACON& Tower with Radar,6,13,39,4,62,0,7,19,0,26,6,20,58,4,88,30,0,30,118
03/18/2020,TOL,OH,AGL,CE,Combined TRACON& Tower with Radar,6,10,24,2,42,0,0,12,0,12,6,10,36,2,54,0,0,0,54
03/19/2020,TOL,OH,AGL,CE,Combined TRACON& Tower with Radar,2,11,9,0,22,0,0,0,0,0,2,11,9,0,22,4,0,4,26
03/20/2020,TOL,OH,AGL,CE,Combined TRACON& Tower with Radar,4,10,7,0,21,0,6,2,0,8,4,16,9,0,29,0,0,0,29
03/21/2020,TOL,OH,AGL,CE,Combined TRACON& Tower with Radar,6,6,13,0,25,0,2,7,0,9,6,8,20,0,34,0,0,0,34
03/22/2020,TOL,OH,AGL,CE,Combined TRACON& Tower with Radar,2,10,10,0,22,0,2,26,0,28,2,12,36,0,50,0,0,0,50
03/23/2020,TOL,OH,AGL,CE,Combined TRACON& Tower with Radar,4,8,10,4,26,0,0,4,0,4,4,8,14,4,30,0,0,0,30
03/24/2020,TOL,OH,AGL,CE,Combined TRACON& Tower with Radar,6,8,0,2,16,0,0,0,0,0,6,8,0,2,16,0,0,0,16
03/25/2020,TOL,OH,AGL,CE,Combined TRACON& Tower with Radar,0,9,6,6,21,0,1,8,1,10,0,10,14,7,31,0,0,0,31
03/26/2020,TOL,OH,AGL,CE,Combined TRACON& Tower with Radar,0,6,6,6,18,0,2,4,0,6,0,8,10,6,24,0,0,0,24
03/27/2020,TOL,OH,AGL,CE,Combined TRACON& Tower with Radar,2,8,3,4,17,0,0,1,0,1,2,8,4,4,18,0,0,0,18
03/28/2020,TOL,OH,AGL,CE,Combined TRACON& Tower with Radar,4,7,1,0,12,0,0,0,0,0,4,7,1,0,12,0,0,0,12
03/29/2020,TOL,OH,AGL,CE,Combined TRACON& Tower with Radar,0,11,0,0,11,0,0,1,0,1,0,11,1,0,12,0,0,0,12
03/30/2020,TOL,OH,AGL,CE,Combined TRACON& Tower with Radar,0,6,7,4,17,0,0,4,0,4,0,6,11,4,21,0,0,0,21
03/31/2020,TOL,OH,AGL,CE,Combined TRACON& Tower with Radar,2,11,4,6,23,0,2,4,0,6,2,13,8,6,29,0,0,0,29
04/01/2020,TOL,OH,AGL,CE,Combined TRACON& Tower with Radar,4,15,9,4,32,0,0,1,0,1,4,15,10,4,33,0,0,0,33
04/02/2020,TOL,OH,AGL,CE,Combined TRACON& Tower with Radar,0,8,12,2,22,0,2,10,0,12,0,10,22,2,34,3,2,5,39
04/03/2020,TOL,OH,AGL,CE,Combined TRACON& Tower with Radar,0,9,3,4,16,0,2,9,0,11,0,11,12,4,27,0,8,8,35
04/04/2020,TOL,OH,AGL,CE,Combined TRACON& Tower with Radar,5,9,11,0,25,0,2,18,0,20,5,11,29,0,45,0,0,0,45
04/05/2020,TOL,OH,AGL,CE,Combined TRACON& Tower with Radar,0,9,9,2,20,0,0,10,0,10,0,9,19,2,30,2,0,2,32
04/06/2020,TOL,OH,AGL,CE,Combined TRACON& Tower with Radar,0,8,6,6,20,0,1,18,0,19,0,9,24,6,39,16,0,16,55
04/07/2020,TOL,OH,AGL,CE,Combined TRACON& Tower with Radar,4,9,2,2,17,0,2,4,0,6,4,11,6,2,23,0,0,0,23
04/08/2020,TOL,OH,AGL,CE,Combined TRACON& Tower with Radar,2,8,8,6,24,0,1,14,2,17,2,9,22,8,41,4,0,4,45
04/09/2020,TOL,OH,AGL,CE,Combined TRACON& Tower with Radar,3,6,4,2,15,0,1,7,0,8,3,7,11,2,23,0,0,0,23
04/10/2020,TOL,OH,AGL,CE,Combined TRACON& Tower with Radar,0,4,3,4,11,0,3,12,0,15,0,7,15,4,26,4,6,10,36
04/11/2020,TOL,OH,AGL,CE,Combined TRACON& Tower with Radar,3,4,4,0,11,0,2,13,0,15,3,6,17,0,26,0,0,0,26
04/12/2020,TOL,OH,AGL,CE,Combined TRACON& Tower with Radar,2,4,1,0,7,0,3,4,0,7,2,7,5,0,14,0,0,0,14
04/13/2020,TOL,OH,AGL,CE,Combined TRACON& Tower with Radar,0,5,2,6,13,0,2,2,0,4,0,7,4,6,17,0,0,0,17
04/14/2020,TOL,OH,AGL,CE,Combined TRACON& Tower with Radar,0,8,13,4,25,0,1,7,0,8,0,9,20,4,33,0,0,0,33
04/15/2020,TOL,OH,AGL,CE,Combined TRACON& Tower with Radar,4,4,6,6,20,0,0,3,0,3,4,4,9,6,23,0,0,0,23
04/16/2020,TOL,OH,AGL,CE,Combined TRACON& Tower with Radar,0,8,11,4,23,0,5,25,2,32,0,13,36,6,55,0,0,0,55
04/17/2020,TOL,OH,AGL,CE,Combined TRACON& Tower with Radar,0,4,2,0,6,0,0,0,0,0,0,4,2,0,6,0,0,0,6
04/18/2020,TOL,OH,AGL,CE,Combined TRACON& Tower with Radar,0,6,17,0,23,0,0,19,0,19,0,6,36,0,42,0,0,0,42
04/19/2020,TOL,OH,AGL,CE,Combined TRACON& Tower with Radar,0,5,10,0,15,0,4,6,0,10,0,9,16,0,25,4,0,4,29
04/20/2020,TOL,OH,AGL,CE,Combined TRACON& Tower with Radar,0,5,14,8,27,0,3,23,0,26,0,8,37,8,53,8,4,12,65
04/21/2020,TOL,OH,AGL,CE,Combined TRACON& Tower with Radar,2,5,4,5,16,0,0,5,1,6,2,5,9,6,22,16,2,18,40
04/22/2020,TOL,OH,AGL,CE,Combined TRACON& Tower with Radar,2,10,1,9,22,0,0,6,0,6,2,10,7,9,28,2,14,16,44
04/23/2020,TOL,OH,AGL,CE,Combined TRACON& Tower with Radar,2,7,4,5,18,0,4,2,2,8,2,11,6,7,26,0,0,0,26
04/24/2020,TOL,OH,AGL,CE,Combined TRACON& Tower with Radar,0,3,6,7,16,0,1,11,0,12,0,4,17,7,28,4,4,8,36
04/25/2020,TOL,OH,AGL,CE,Combined TRACON& Tower with Radar,2,4,4,9,19,0,1,4,0,5,2,5,8,9,24,0,0,0,24
04/26/2020,TOL,OH,AGL,CE,Combined TRACON& Tower with Radar,2,3,6,8,19,0,2,7,0,9,2,5,13,8,28,0,6,6,34
04/27/2020,TOL,OH,AGL,CE,Combined TRACON& Tower with Radar,0,2,18,9,29,0,2,33,0,35,0,4,51,9,64,16,4,20,84
04/28/2020,TOL,OH,AGL,CE,Combined TRACON& Tower with Radar,2,2,9,6,19,0,0,9,0,9,2,2,18,6,28,2,0,2,30
04/29/2020,TOL,OH,AGL,CE,Combined TRACON& Tower with Radar,2,4,3,6,15,0,0,4,0,4,2,4,7,6,19,0,0,0,19
04/30/2020,TOL,OH,AGL,CE,Combined TRACON& Tower with Radar,2,7,16,7,32,0,0,1,0,1,2,7,17,7,33,0,8,8,41
05/01/2020,TOL,OH,AGL,CE,Combined TRACON& Tower with Radar,0,10,21,12,43,0,3,15,0,18,0,13,36,12,61,20,6,26,87
05/02/2020,TOL,OH,AGL,CE,Combined TRACON& Tower with Radar,2,14,9,0,25,0,1,18,0,19,2,15,27,0,44,12,0,12,56
05/03/2020,TOL,OH,AGL,CE,Combined TRACON& Tower with Radar,2,3,7,0,12,0,4,17,0,21,2,7,24,0,33,14,0,14,47
05/04/2020,TOL,OH,AGL,CE,Combined TRACON& Tower with Radar,0,7,25,33,65,0,4,16,7,27,0,11,41,40,92,14,0,14,106
05/05/2020,TOL,OH,AGL,CE,Combined TRACON& Tower with Radar,2,6,7,12,27,0,0,6,0,6,2,6,13,12,33,2,6,8,41
05/06/2020,TOL,OH,AGL,CE,Combined TRACON& Tower with Radar,0,4,15,10,29,0,2,10,4,16,0,6,25,14,45,0,26,26,71
05/07/2020,TOL,OH,AGL,CE,Combined TRACON& Tower with Radar,2,9,28,8,47,0,3,12,7,22,2,12,40,15,69,0,0,0,69
05/08/2020,TOL,OH,AGL,CE,Combined TRACON& Tower with Radar,0,6,13,0,19,0,1,7,0,8,0,7,20,0,27,8,0,8,35
05/09/2020,TOL,OH,AGL,CE,Combined TRACON& Tower with Radar,2,2,7,0,11,0,2,15,0,17,2,4,22,0,28,0,0,0,28
05/10/2020,TOL,OH,AGL,CE,Combined TRACON& Tower with Radar,2,4,15,0,21,0,2,7,0,9,2,6,22,0,30,0,0,0,30
05/11/2020,TOL,OH,AGL,CE,Combined TRACON& Tower with Radar,0,6,12,12,30,0,1,19,0,20,0,7,31,12,50,26,2,28,78
05/12/2020,TOL,OH,AGL,CE,Combined TRACON& Tower with Radar,2,3,33,13,51,0,3,30,1,34,2,6,63,14,85,0,0,0,85
05/13/2020,TOL,OH,AGL,CE,Combined TRACON& Tower with Radar,0,9,26,11,46,0,0,31,2,33,0,9,57,13,79,34,14,48,127
05/14/2020,TOL,OH,AGL,CE,Combined TRACON& Tower with Radar,2,10,4,11,27,0,0,6,1,7,2,10,10,12,34,0,0,0,34
05/15/2020,TOL,OH,AGL,CE,Combined TRACON& Tower with Radar,2,7,7,0,16,0,3,6,0,9,2,10,13,0,25,4,0,4,29
05/16/2020,TOL,OH,AGL,CE,Combined TRACON& Tower with Radar,2,3,41,14,60,0,4,11,0,15,2,7,52,14,75,5,12,17,92
05/17/2020,TOL,OH,AGL,CE,Combined TRACON& Tower with Radar,2,5,4,8,19,0,0,2,0,2,2,5,6,8,21,2,12,14,35
05/18/2020,TOL,OH,AGL,CE,Combined TRACON& Tower with Radar,2,11,6,13,32,0,0,0,2,2,2,11,6,15,34,0,0,0,34
05/19/2020,TOL,OH,AGL,CE,Combined TRACON& Tower with Radar,3,4,20,11,38,0,0,3,0,3,3,4,23,11,41,0,2,2,43
05/20/2020,TOL,OH,AGL,CE,Combined TRACON& Tower with Radar,0,9,25,18,52,0,5,37,0,42,0,14,62,18,94,14,9,23,117
05/21/2020,TOL,OH,AGL,CE,Combined TRACON& Tower with Radar,3,11,35,12,61,0,3,12,0,15,3,14,47,12,76,0,0,0,76
05/22/2020,TOL,OH,AGL,CE,Combined TRACON& Tower with Radar,2,10,18,0,30,0,0,3,0,3,2,10,21,0,33,0,0,0,33
05/23/2020,TOL,OH,AGL,CE,Combined TRACON& Tower with Radar,2,4,12,0,18,0,2,18,2,22,2,6,30,2,40,0,0,0,40
05/24/2020,TOL,OH,AGL,CE,Combined TRACON& Tower with Radar,2,4,11,0,17,0,12,25,2,39,2,16,36,2,56,0,0,0,56
05/25/2020,TOL,OH,AGL,CE,Combined TRACON& Tower with Radar,2,9,12,0,23,0,2,17,0,19,2,11,29,0,42,4,0,4,46
05/26/2020,TOL,OH,AGL,CE,Combined TRACON& Tower with Radar,2,5,15,14,36,0,1,20,0,21,2,6,35,14,57,12,0,12,69
05/27/2020,TOL,OH,AGL,CE,Combined TRACON& Tower with Radar,0,6,8,13,27,0,0,18,1,19,0,6,26,14,46,14,0,14,60
05/28/2020,TOL,OH,AGL,CE,Combined TRACON& Tower with Radar,2,5,32,15,54,0,5,6,1,12,2,10,38,16,66,22,12,34,100
05/29/2020,TOL,OH,AGL,CE,Combined TRACON& Tower with Radar,2,6,27,0,35,0,0,9,0,9,2,6,36,0,44,0,0,0,44
05/30/2020,TOL,OH,AGL,CE,Combined TRACON& Tower with Radar,2,2,12,0,16,0,4,14,0,18,2,6,26,0,34,0,0,0,34
05/31/2020,TOL,OH,AGL,CE,Combined TRACON& Tower with Radar,2,7,20,0,29,0,4,19,0,23,2,11,39,0,52,8,0,8,60
06/01/2020,TOL,OH,AGL,CE,Combined TRACON& Tower with Radar,2,7,30,14,53,0,5,18,0,23,2,12,48,14,76,10,10,20,96
06/02/2020,TOL,OH,AGL,CE,Combined TRACON& Tower with Radar,2,6,18,13,39,0,2,18,2,22,2,8,36,15,61,39,8,47,108
06/03/2020,TOL,OH,AGL,CE,Combined TRACON& Tower with Radar,2,12,17,14,45,0,5,10,0,15,2,17,27,14,60,6,0,6,66
06/04/2020,TOL,OH,AGL,CE,Combined TRACON& Tower with Radar,2,10,35,12,59,0,0,24,0,24,2,10,59,12,83,14,2,16,99
06/05/2020,TOL,OH,AGL,CE,Combined TRACON& Tower with Radar,2,8,27,0,37,0,1,23,0,24,2,9,50,0,61,20,0,20,81
06/06/2020,TOL,OH,AGL,CE,Combined TRACON& Tower with Radar,2,2,6,12,22,0,6,18,0,24,2,8,24,12,46,26,10,36,82
06/07/2020,TOL,OH,AGL,CE,Combined TRACON& Tower with Radar,4,4,9,8,25,0,3,17,0,20,4,7,26,8,45,6,6,12,57
06/08/2020,TOL,OH,AGL,CE,Combined TRACON& Tower with Radar,3,4,15,15,37,0,4,23,0,27,3,8,38,15,64,12,0,12,76
06/09/2020,TOL,OH,AGL,CE,Combined TRACON& Tower with Radar,3,6,15,12,36,0,5,17,0,22,3,11,32,12,58,2,0,2,60
06/10/2020,TOL,OH,AGL,CE,Combined TRACON& Tower with Radar,2,11,14,9,36,0,2,1,0,3,2,13,15,9,39,0,0,0,39
06/11/2020,TOL,OH,AGL,CE,Combined TRACON& Tower with Radar,3,6,25,19,53,0,11,27,0,38,3,17,52,19,91,36,4,40,131
06/12/2020,TOL,OH,AGL,CE,Combined TRACON& Tower with Radar,5,7,27,0,39,0,4,25,0,29,5,11,52,0,68,12,0,12,80
06/13/2020,TOL,OH,AGL,CE,Combined TRACON& Tower with Radar,2,5,21,0,28,0,2,22,0,24,2,7,43,0,52,47,0,47,99
06/14/2020,TOL,OH,AGL,CE,Combined TRACON& Tower with Radar,1,7,17,0,25,0,6,24,0,30,1,13,41,0,55,4,0,4,59
06/15/2020,TOL,OH,AGL,CE,Combined TRACON& Tower with Radar,3,6,19,14,42,0,0,20,2,22,3,6,39,16,64,6,6,12,76
06/16/2020,TOL,OH,AGL,CE,Combined TRACON& Tower with Radar,2,7,26,12,47,0,9,18,1,28,2,16,44,13,75,14,0,14,89
06/17/2020,TOL,OH,AGL,CE,Combined TRACON& Tower with Radar,4,9,21,14,48,0,10,41,0,51,4,19,62,14,99,52,4,56,155
06/18/2020,TOL,OH,AGL,CE,Combined TRACON& Tower with Radar,6,13,17,15,51,0,6,16,0,22,6,19,33,15,73,26,18,44,117
06/19/2020,TOL,OH,AGL,CE,Combined TRACON& Tower with Radar,4,8,19,3,34,0,1,24,0,25,4,9,43,3,59,6,0,6,65
06/20/2020,TOL,OH,AGL,CE,Combined TRACON& Tower with Radar,3,3,26,9,41,0,10,29,0,39,3,13,55,9,80,0,2,2,82
06/21/2020,TOL,OH,AGL,CE,Combined TRACON& Tower with Radar,3,5,7,3,18,0,2,9,0,11,3,7,16,3,29,0,0,0,29
06/22/2020,TOL,OH,AGL,CE,Combined TRACON& Tower with Radar,5,4,17,18,44,0,3,9,0,12,5,7,26,18,56,0,0,0,56
06/23/2020,TOL,OH,AGL,CE,Combined TRACON& Tower with Radar,5,4,22,26,57,0,1,2,2,5,5,5,24,28,62,4,12,16,78
06/24/2020,TOL,OH,AGL,CE,Combined TRACON& Tower with Radar,5,8,37,32,82,0,6,30,0,36,5,14,67,32,118,28,19,47,165
06/25/2020,TOL,OH,AGL,CE,Combined TRACON& Tower with Radar,4,6,21,10,41,0,2,41,0,43,4,8,62,10,84,40,0,40,124
06/26/2020,TOL,OH,AGL,CE,Combined TRACON& Tower with Radar,4,6,12,8,30,0,2,21,0,23,4,8,33,8,53,26,0,26,79
06/27/2020,TOL,OH,AGL,CE,Combined TRACON& Tower with Radar,2,5,15,0,22,0,3,10,0,13,2,8,25,0,35,2,0,2,37
06/28/2020,TOL,OH,AGL,CE,Combined TRACON& Tower with Radar,2,5,22,0,29,0,2,19,1,22,2,7,41,1,51,12,0,12,63
06/29/2020,TOL,OH,AGL,CE,Combined TRACON& Tower with Radar,4,6,23,0,33,0,1,42,0,43,4,7,65,0,76,36,0,36,112
06/30/2020,TOL,OH,AGL,CE,Combined TRACON& Tower with Radar,6,4,28,11,49,0,7,32,0,39,6,11,60,11,88,2,0,2,90
07/01/2020,TOL,OH,AGL,CE,Combined TRACON& Tower with Radar,4,4,20,16,44,0,4,32,0,36,4,8,52,16,80,12,0,12,92
07/02/2020,TOL,OH,AGL,CE,Combined TRACON& Tower with Radar,2,8,21,0,31,0,4,17,0,21,2,12,38,0,52,16,0,16,68
07/03/2020,TOL,OH,AGL,CE,Combined TRACON& Tower with Radar,2,5,25,0,32,0,4,24,0,28,2,9,49,0,60,30,0,30,90
07/04/2020,TOL,OH,AGL,CE,Combined TRACON& Tower with Radar,4,5,7,0,16,0,3,10,1,14,4,8,17,1,30,0,0,0,30
07/05/2020,TOL,OH,AGL,CE,Combined TRACON& Tower with Radar,2,9,9,0,20,0,6,10,0,16,2,15,19,0,36,2,12,14,50
07/06/2020,TOL,OH,AGL,CE,Combined TRACON& Tower with Radar,5,9,13,22,49,0,5,18,0,23,5,14,31,22,72,10,10,20,92
07/07/2020,TOL,OH,AGL,CE,Combined TRACON& Tower with Radar,5,8,25,22,60,0,2,24,0,26,5,10,49,22,86,4,10,14,100
07/08/2020,TOL,OH,AGL,CE,Combined TRACON& Tower with Radar,10,12,19,22,63,0,2,18,2,22,10,14,37,24,85,14,0,14,99
07/09/2020,TOL,OH,AGL,CE,Combined TRACON& Tower with Radar,8,8,17,16,49,0,2,19,0,21,8,10,36,16,70,24,0,24,94
07/10/2020,TOL,OH,AGL,CE,Combined TRACON& Tower with Radar,9,9,15,0,33,0,0,6,0,6,9,9,21,0,39,0,0,0,39
07/11/2020,TOL,OH,AGL,CE,Combined TRACON& Tower with Radar,8,5,17,0,30,0,0,11,0,11,8,5,28,0,41,6,0,6,47
07/12/2020,TOL,OH,AGL,CE,Combined TRACON& Tower with Radar,6,10,16,0,32,0,4,8,0,12,6,14,24,0,44,0,0,0,44
07/13/2020,TOL,OH,AGL,CE,Combined TRACON& Tower with Radar,8,6,23,16,53,0,5,27,0,32,8,11,50,16,85,28,0,28,113
07/14/2020,TOL,OH,AGL,CE,Combined TRACON& Tower with Radar,8,7,41,21,77,0,8,38,0,46,8,15,79,21,123,47,20,67,190
07/15/2020,TOL,OH,AGL,CE,Combined TRACON& Tower with Radar,10,10,21,19,60,0,7,28,0,35,10,17,49,19,95,16,6,22,117
07/16/2020,TOL,OH,AGL,CE,Combined TRACON& Tower with Radar,7,6,26,0,39,0,6,5,0,11,7,12,31,0,50,8,0,8,58
07/17/2020,TOL,OH,AGL,CE,Combined TRACON& Tower with Radar,10,8,35,1,54,0,7,24,0,31,10,15,59,1,85,18,0,18,103
07/18/2020,TOL,OH,AGL,CE,Combined TRACON& Tower with Radar,8,10,13,0,31,0,3,23,2,28,8,13,36,2,59,18,0,18,77
07/19/2020,TOL,OH,AGL,CE,Combined TRACON& Tower with Radar,6,9,5,0,20,0,1,7,0,8,6,10,12,0,28,10,0,10,38
07/20/2020,TOL,OH,AGL,CE,Combined TRACON& Tower with Radar,8,4,18,19,49,0,4,25,0,29,8,8,43,19,78,12,4,16,94
07/21/2020,TOL,OH,AGL,CE,Combined TRACON& Tower with Radar,6,2,22,16,46,0,1,32,3,36,6,3,54,19,82,28,0,28,110
07/22/2020,TOL,OH,AGL,CE,Combined TRACON& Tower with Radar,13,8,45,16,82,0,1,8,0,9,13,9,53,16,91,11,0,11,102
07/23/2020,TOL,OH,AGL,CE,Combined TRACON& Tower with Radar,8,18,36,16,78,0,5,23,0,28,8,23,59,16,106,22,2,24,130
07/24/2020,TOL,OH,AGL,CE,Combined TRACON& Tower with Radar,9,4,17,0,30,0,7,35,0,42,9,11,52,0,72,28,0,28,100
07/25/2020,TOL,OH,AGL,CE,Combined TRACON& Tower with Radar,8,8,6,0,22,0,6,23,0,29,8,14,29,0,51,13,0,13,64
07/26/2020,TOL,OH,AGL,CE,Combined TRACON& Tower with Radar,6,7,24,1,38,0,15,13,0,28,6,22,37,1,66,10,0,10,76
07/27/2020,TOL,OH,AGL,CE,Combined TRACON& Tower with Radar,7,7,18,17,49,0,4,2,0,6,7,11,20,17,55,2,2,4,59
07/28/2020,TOL,OH,AGL,CE,Combined TRACON& Tower with Radar,8,14,27,18,67,0,4,39,1,44,8,18,66,19,111,46,4,50,161
07/29/2020,TOL,OH,AGL,CE,Combined TRACON& Tower with Radar,9,8,18,21,56,0,8,25,0,33,9,16,43,21,89,10,18,28,117
07/30/2020,TOL,OH,AGL,CE,Combined TRACON& Tower with Radar,8,4,24,21,57,0,3,23,1,27,8,7,47,22,84,72,16,88,172
07/31/2020,TOL,OH,AGL,CE,Combined TRACON& Tower with Radar,9,7,25,0,41,0,10,32,1,43,9,17,57,1,84,20,0,20,104
08/01/2020,TOL,OH,AGL,CE,Combined TRACON& Tower with Radar,6,0,17,0,23,0,3,2,0,5,6,3,19,0,28,12,0,12,40
08/02/2020,TOL,OH,AGL,CE,Combined TRACON& Tower with Radar,6,4,25,0,35,0,0,5,0,5,6,4,30,0,40,0,0,0,40
08/03/2020,TOL,OH,AGL,CE,Combined TRACON& Tower with Radar,7,7,20,13,47,0,2,25,0,27,7,9,45,13,74,26,0,26,100
08/04/2020,TOL,OH,AGL,CE,Combined TRACON& Tower with Radar,8,6,35,8,57,0,8,16,0,24,8,14,51,8,81,38,2,40,121
08/05/2020,TOL,OH,AGL,CE,Combined TRACON& Tower with Radar,8,2,24,14,48,0,2,26,1,29,8,4,50,15,77,6,16,22,99
08/06/2020,TOL,OH,AGL,CE,Combined TRACON& Tower with Radar,8,6,26,16,56,0,5,22,0,27,8,11,48,16,83,6,14,20,103
08/07/2020,TOL,OH,AGL,CE,Combined TRACON& Tower with Radar,10,10,27,0,47,0,7,31,0,38,10,17,58,0,85,18,0,18,103
08/08/2020,TOL,OH,AGL,CE,Combined TRACON& Tower with Radar,6,5,27,1,39,0,7,23,0,30,6,12,50,1,69,10,0,10,79
08/09/2020,TOL,OH,AGL,CE,Combined TRACON& Tower with Radar,6,2,20,5,33,0,3,19,0,22,6,5,39,5,55,8,0,8,63
08/10/2020,TOL,OH,AGL,CE,Combined TRACON& Tower with Radar,7,15,27,9,58,0,4,18,1,23,7,19,45,10,81,6,4,10,91
08/11/2020,TOL,OH,AGL,CE,Combined TRACON& Tower with Radar,11,9,37,16,73,0,4,13,0,17,11,13,50,16,90,22,4,26,116
08/12/2020,TOL,OH,AGL,CE,Combined TRACON& Tower with Radar,11,0,26,17,54,0,7,24,0,31,11,7,50,17,85,28,0,28,113
08/13/2020,TOL,OH,AGL,CE,Combined TRACON& Tower with Radar,11,2,35,20,68,0,1,43,2,46,11,3,78,22,114,22,4,26,140
08/14/2020,TOL,OH,AGL,CE,Combined TRACON& Tower with Radar,7,9,17,0,33,0,4,10,0,14,7,13,27,0,47,20,0,20,67
08/15/2020,TOL,OH,AGL,CE,Combined TRACON& Tower with Radar,6,2,19,0,27,0,1,16,0,17,6,3,35,0,44,10,0,10,54
08/16/2020,TOL,OH,AGL,CE,Combined TRACON& Tower with Radar,6,6,32,0,44,0,4,12,0,16,6,10,44,0,60,4,0,4,64
08/17/2020,TOL,OH,AGL,CE,Combined TRACON& Tower with Radar,7,3,40,20,70,0,1,28,0,29,7,4,68,20,99,15,6,21,120
08/18/2020,TOL,OH,AGL,CE,Combined TRACON& Tower with Radar,9,0,33,23,65,0,2,31,0,33,9,2,64,23,98,22,10,32,130
08/19/2020,TOL,OH,AGL,CE,Combined TRACON& Tower with Radar,10,5,20,25,60,0,4,23,0,27,10,9,43,25,87,4,0,4,91
08/20/2020,TOL,OH,AGL,CE,Combined TRACON& Tower with Radar,8,4,23,24,59,0,11,40,0,51,8,15,63,24,110,12,0,12,122
08/21/2020,TOL,OH,AGL,CE,Combined TRACON& Tower with Radar,17,4,24,4,49,0,6,37,0,43,17,10,61,4,92,24,0,24,116
08/22/2020,TOL,OH,AGL,CE,Combined TRACON& Tower with Radar,6,0,19,0,25,0,1,33,0,34,6,1,52,0,59,20,0,20,79
08/23/2020,TOL,OH,AGL,CE,Combined TRACON& Tower with Radar,6,9,27,0,42,0,3,28,0,31,6,12,55,0,73,4,0,4,77
08/24/2020,TOL,OH,AGL,CE,Combined TRACON& Tower with Radar,7,3,27,16,53,0,0,16,0,16,7,3,43,16,69,47,0,47,116
08/25/2020,TOL,OH,AGL,CE,Combined TRACON& Tower with Radar,8,8,19,18,53,0,4,27,0,31,8,12,46,18,84,47,0,47,131
08/26/2020,TOL,OH,AGL,CE,Combined TRACON& Tower with Radar,10,6,20,19,55,0,1,15,0,16,10,7,35,19,71,22,8,30,101
08/27/2020,TOL,OH,AGL,CE,Combined TRACON& Tower with Radar,8,7,31,18,64,0,3,11,0,14,8,10,42,18,78,4,6,10,88
08/28/2020,TOL,OH,AGL,CE,Combined TRACON& Tower with Radar,5,6,14,0,25,0,0,0,0,0,5,6,14,0,25,0,0,0,25
08/29/2020,TOL,OH,AGL,CE,Combined TRACON& Tower with Radar,6,2,19,0,27,0,3,15,0,18,6,5,34,0,45,8,0,8,53
08/30/2020,TOL,OH,AGL,CE,Combined TRACON& Tower with Radar,8,2,32,0,42,0,3,25,0,28,8,5,57,0,70,12,0,12,82
08/31/2020,TOL,OH,AGL,CE,Combined TRACON& Tower with Radar,8,6,25,20,59,0,5,36,0,41,8,11,61,20,100,8,14,22,122
09/01/2020,TOL,OH,AGL,CE,Combined TRACON& Tower with Radar,10,2,30,18,60,0,2,16,0,18,10,4,46,18,78,12,25,37,115
09/02/2020,TOL,OH,AGL,CE,Combined TRACON& Tower with Radar,8,7,32,11,58,0,1,18,0,19,8,8,50,11,77,6,4,10,87
09/03/2020,TOL,OH,AGL,CE,Combined TRACON& Tower with Radar,9,14,37,16,76,0,3,22,0,25,9,17,59,16,101,0,0,0,101
09/04/2020,TOL,OH,AGL,CE,Combined TRACON& Tower with Radar,9,14,31,0,54,0,6,29,0,35,9,20,60,0,89,20,0,20,109
09/05/2020,TOL,OH,AGL,CE,Combined TRACON& Tower with Radar,7,3,14,0,24,0,8,22,0,30,7,11,36,0,54,32,0,32,86
09/06/2020,TOL,OH,AGL,CE,Combined TRACON& Tower with Radar,6,5,13,0,24,0,6,19,0,25,6,11,32,0,49,12,0,12,61
09/07/2020,TOL,OH,AGL,CE,Combined TRACON& Tower with Radar,6,7,26,0,39,0,1,10,0,11,6,8,36,0,50,6,0,6,56
09/08/2020,TOL,OH,AGL,CE,Combined TRACON& Tower with Radar,12,6,23,14,55,0,2,8,0,10,12,8,31,14,65,0,0,0,65
09/09/2020,TOL,OH,AGL,CE,Combined TRACON& Tower with Radar,10,8,36,14,68,0,1,12,0,13,10,9,48,14,81,0,2,2,83
09/10/2020,TOL,OH,AGL,CE,Combined TRACON& Tower with Radar,8,8,45,18,79,0,0,4,0,4,8,8,49,18,83,16,10,26,109
09/11/2020,TOL,OH,AGL,CE,Combined TRACON& Tower with Radar,10,0,48,7,65,0,4,27,1,32,10,4,75,8,97,42,8,50,147
09/12/2020,TOL,OH,AGL,CE,Combined TRACON& Tower with Radar,11,2,21,7,41,0,2,25,0,27,11,4,46,7,68,0,0,0,68
09/13/2020,TOL,OH,AGL,CE,Combined TRACON& Tower with Radar,7,0,17,2,26,0,2,11,0,13,7,2,28,2,39,33,5,38,77
09/14/2020,TOL,OH,AGL,CE,Combined TRACON& Tower with Radar,8,10,25,19,62,0,5,31,0,36,8,15,56,19,98,27,14,41,139
09/15/2020,TOL,OH,AGL,CE,Combined TRACON& Tower with Radar,7,3,15,20,45,0,8,27,3,38,7,11,42,23,83,38,10,48,131
09/16/2020,TOL,OH,AGL,CE,Combined TRACON& Tower with Radar,6,2,36,19,63,0,1,33,1,35,6,3,69,20,98,50,2,52,150
09/17/2020,TOL,OH,AGL,CE,Combined TRACON& Tower with Radar,9,10,23,17,59,0,5,17,8,30,9,15,40,25,89,8,2,10,99
09/18/2020,TOL,OH,AGL,CE,Combined TRACON& Tower with Radar,11,8,33,15,67,0,5,29,0,34,11,13,62,15,101,66,2,68,169
09/19/2020,TOL,OH,AGL,CE,Combined TRACON& Tower with Radar,8,6,12,3,29,0,2,33,1,36,8,8,45,4,65,14,0,14,79
09/20/2020,TOL,OH,AGL,CE,Combined TRACON& Tower with Radar,6,1,14,1,22,0,2,36,0,38,6,3,50,1,60,18,0,18,78
09/21/2020,TOL,OH,AGL,CE,Combined TRACON& Tower with Radar,7,0,24,22,53,0,3,3,0,6,7,3,27,22,59,0,21,21,80
09/22/2020,TOL,OH,AGL,CE,Combined TRACON& Tower with Radar,10,4,21,17,52,0,4,28,2,34,10,8,49,19,86,24,18,42,128
09/23/2020,TOL,OH,AGL,CE,Combined TRACON& Tower with Radar,7,7,20,18,52,0,6,22,3,31,7,13,42,21,83,24,12,36,119
09/24/2020,TOL,OH,AGL,CE,Combined TRACON& Tower with Radar,8,5,24,27,64,0,4,18,2,24,8,9,42,29,88,43,15,58,146
09/25/2020,TOL,OH,AGL,CE,Combined TRACON& Tower with Radar,9,16,46,0,71,0,7,43,0,50,9,23,89,0,121,46,0,46,167
09/26/2020,TOL,OH,AGL,CE,Combined TRACON& Tower with Radar,7,5,17,0,29,0,6,23,0,29,7,11,40,0,58,0,0,0,58
09/27/2020,TOL,OH,AGL,CE,Combined TRACON& Tower with Radar,6,2,31,0,39,0,3,17,0,20,6,5,48,0,59,20,0,20,79
09/28/2020,TOL,OH,AGL,CE,Combined TRACON& Tower with Radar,7,3,32,14,56,0,0,1,0,1,7,3,33,14,57,14,0,14,71
09/29/2020,TOL,OH,AGL,CE,Combined TRACON& Tower with Radar,9,6,29,15,59,0,5,19,2,26,9,11,48,17,85,40,8,48,133
09/30/2020,TOL,OH,AGL,CE,Combined TRACON& Tower with Radar,12,10,22,16,60,0,10,12,0,22,12,20,34,16,82,41,8,49,131
10/01/2020,TOL,OH,AGL,CE,Combined TRACON& Tower with Radar,13,18,36,22,89,0,3,16,0,19,13,21,52,22,108,10,0,10,118
10/02/2020,TOL,OH,AGL,CE,Combined TRACON& Tower with Radar,13,13,36,3,65,0,3,28,0,31,13,16,64,3,96,58,6,64,160
10/03/2020,TOL,OH,AGL,CE,Combined TRACON& Tower with Radar,15,2,18,11,46,0,10,22,0,32,15,12,40,11,78,14,6,20,98
10/04/2020,TOL,OH,AGL,CE,Combined TRACON& Tower with Radar,6,2,9,6,23,0,0,2,0,2,6,2,11,6,25,0,0,0,25
10/05/2020,TOL,OH,AGL,CE,Combined TRACON& Tower with Radar,10,0,23,2,35,0,0,30,0,30,10,0,53,2,65,30,0,30,95
10/06/2020,TOL,OH,AGL,CE,Combined TRACON& Tower with Radar,11,0,18,2,31,0,5,8,0,13,11,5,26,2,44,10,0,10,54
10/07/2020,TOL,OH,AGL,CE,Combined TRACON& Tower with Radar,10,4,24,4,42,0,1,3,1,5,10,5,27,5,47,0,0,0,47
10/08/2020,TOL,OH,AGL,CE,Combined TRACON& Tower with Radar,12,12,45,0,69,0,10,32,0,42,12,22,77,0,111,28,0,28,139
10/09/2020,TOL,OH,AGL,CE,Combined TRACON& Tower with Radar,9,13,35,2,59,0,5,36,0,41,9,18,71,2,100,40,6,46,146
10/10/2020,TOL,OH,AGL,CE,Combined TRACON& Tower with Radar,10,4,11,3,28,0,2,12,1,15,10,6,23,4,43,0,0,0,43
10/11/2020,TOL,OH,AGL,CE,Combined TRACON& Tower with Radar,8,4,17,2,31,0,4,9,0,13,8,8,26,2,44,4,0,4,48
10/12/2020,TOL,OH,AGL,CE,Combined TRACON& Tower with Radar,6,11,29,5,51,0,2,3,0,5,6,13,32,5,56,4,0,4,60
10/13/2020,TOL,OH,AGL,CE,Combined TRACON& Tower with Radar,7,10,31,10,58,0,5,29,0,34,7,15,60,10,92,22,14,36,128
10/14/2020,TOL,OH,AGL,CE,Combined TRACON& Tower with Radar,6,6,27,9,48,0,6,13,1,20,6,12,40,10,68,18,0,18,86
10/15/2020,TOL,OH,AGL,CE,Combined TRACON& Tower with Radar,8,9,16,11,44,0,0,6,0,6,8,9,22,11,50,2,2,4,54
10/16/2020,TOL,OH,AGL,CE,Combined TRACON& Tower with Radar,9,23,32,0,64,0,3,28,0,31,9,26,60,0,95,28,0,28,123
10/17/2020,TOL,OH,AGL,CE,Combined TRACON& Tower with Radar,7,4,16,0,27,0,5,18,0,23,7,9,34,0,50,2,0,2,52
10/18/2020,TOL,OH,AGL,CE,Combined TRACON& Tower with Radar,6,4,24,1,35,0,1,6,0,7,6,5,30,1,42,0,0,0,42
10/19/2020,TOL,OH,AGL,CE,Combined TRACON& Tower with Radar,6,4,17,7,34,0,3,3,0,6,6,7,20,7,40,4,0,4,44
10/20/2020,TOL,OH,AGL,CE,Combined TRACON& Tower with Radar,7,3,40,8,58,0,1,7,0,8,7,4,47,8,66,6,0,6,72
10/21/2020,TOL,OH,AGL,CE,Combined TRACON& Tower with Radar,8,3,30,6,47,0,3,17,1,21,8,6,47,7,68,16,0,16,84
10/22/2020,TOL,OH,AGL,CE,Combined TRACON& Tower with Radar,8,19,38,6,71,0,1,6,0,7,8,20,44,6,78,0,0,0,78
10/23/2020,TOL,OH,AGL,CE,Combined TRACON& Tower with Radar,7,9,13,6,35,0,0,8,0,8,7,9,21,6,43,0,0,0,43
10/24/2020,TOL,OH,AGL,CE,Combined TRACON& Tower with Radar,10,3,32,2,47,0,2,51,0,53,10,5,83,2,100,0,0,0,100
10/25/2020,TOL,OH,AGL,CE,Combined TRACON& Tower with Radar,6,6,16,2,30,0,1,29,0,30,6,7,45,2,60,6,0,6,66
10/26/2020,TOL,OH,AGL,CE,Combined TRACON& Tower with Radar,10,9,34,7,60,0,0,4,0,4,10,9,38,7,64,6,0,6,70
10/27/2020,TOL,OH,AGL,CE,Combined TRACON& Tower with Radar,11,7,24,10,52,0,5,7,1,13,11,12,31,11,65,0,10,10,75
10/28/2020,TOL,OH,AGL,CE,Combined TRACON& Tower with Radar,8,9,32,13,62,0,5,30,0,35,8,14,62,13,97,22,14,36,133
10/29/2020,TOL,OH,AGL,CE,Combined TRACON& Tower with Radar,16,7,27,6,56,0,4,7,0,11,16,11,34,6,67,0,4,4,71
10/30/2020,TOL,OH,AGL,CE,Combined TRACON& Tower with Radar,12,12,30,0,54,0,3,14,0,17,12,15,44,0,71,12,0,12,83
10/31/2020,TOL,OH,AGL,CE,Combined TRACON& Tower with Radar,10,11,14,0,35,0,5,21,0,26,10,16,35,0,61,14,0,14,75
11/01/2020,TOL,OH,AGL,CE,Combined TRACON& Tower with Radar,8,3,7,0,18,0,2,6,0,8,8,5,13,0,26,0,0,0,26
11/02/2020,TOL,OH,AGL,CE,Combined TRACON& Tower with Radar,9,2,18,10,39,0,3,14,0,17,9,5,32,10,56,12,12,24,80
11/03/2020,TOL,OH,AGL,CE,Combined TRACON& Tower with Radar,7,8,27,8,50,0,5,17,0,22,7,13,44,8,72,27,0,27,99
11/04/2020,TOL,OH,AGL,CE,Combined TRACON& Tower with Radar,8,6,34,8,56,0,6,40,0,46,8,12,74,8,102,26,0,26,128
11/05/2020,TOL,OH,AGL,CE,Combined TRACON& Tower with Radar,7,14,44,2,67,0,1,27,1,29,7,15,71,3,96,12,0,12,108
11/06/2020,TOL,OH,AGL,CE,Combined TRACON& Tower with Radar,5,11,12,1,29,0,7,26,0,33,5,18,38,1,62,21,0,21,83
11/07/2020,TOL,OH,AGL,CE,Combined TRACON& Tower with Radar,5,11,12,6,34,0,13,41,0,54,5,24,53,6,88,18,4,22,110
11/08/2020,TOL,OH,AGL,CE,Combined TRACON& Tower with Radar,5,7,17,7,36,0,2,39,0,41,5,9,56,7,77,32,0,32,109
11/09/2020,TOL,OH,AGL,CE,Combined TRACON& Tower with Radar,7,10,24,7,48,0,5,24,0,29,7,15,48,7,77,14,14,28,105
11/10/2020,TOL,OH,AGL,CE,Combined TRACON& Tower with Radar,4,12,21,6,43,0,1,19,0,20,4,13,40,6,63,12,8,20,83
11/11/2020,TOL,OH,AGL,CE,Combined TRACON& Tower with Radar,5,15,26,0,46,0,4,30,0,34,5,19,56,0,80,76,0,76,156
11/12/2020,TOL,OH,AGL,CE,Combined TRACON& Tower with Radar,3,18,23,8,52,0,0,46,1,47,3,18,69,9,99,22,7,29,128
11/13/2020,TOL,OH,AGL,CE,Combined TRACON& Tower with Radar,6,20,23,10,59,0,2,10,0,12,6,22,33,10,71,18,8,26,97
11/14/2020,TOL,OH,AGL,CE,Combined TRACON& Tower with Radar,6,16,23,0,45,0,4,28,0,32,6,20,51,0,77,12,0,12,89
11/15/2020,TOL,OH,AGL,CE,Combined TRACON& Tower with Radar,6,7,6,0,19,1,1,1,0,3,7,8,7,0,22,0,0,0,22
11/16/2020,TOL,OH,AGL,CE,Combined TRACON& Tower with Radar,5,18,33,8,64,0,7,16,0,23,5,25,49,8,87,32,8,40,127
11/17/2020,TOL,OH,AGL,CE,Combined TRACON& Tower with Radar,2,11,17,8,38,0,3,23,0,26,2,14,40,8,64,53,0,53,117
11/18/2020,TOL,OH,AGL,CE,Combined TRACON& Tower with Radar,12,28,22,7,69,0,2,32,3,37,12,30,54,10,106,12,2,14,120
11/19/2020,TOL,OH,AGL,CE,Combined TRACON& Tower with Radar,3,20,7,6,36,0,6,6,0,12,3,26,13,6,48,10,0,10,58
11/20/2020,TOL,OH,AGL,CE,Combined TRACON& Tower with Radar,5,30,33,2,70,0,5,21,2,28,5,35,54,4,98,46,0,46,144
11/21/2020,TOL,OH,AGL,CE,Combined TRACON& Tower with Radar,3,14,29,0,46,0,8,16,0,24,3,22,45,0,70,30,0,30,100
11/22/2020,TOL,OH,AGL,CE,Combined TRACON& Tower with Radar,3,11,6,0,20,0,0,1,0,1,3,11,7,0,21,0,0,0,21
11/23/2020,TOL,OH,AGL,CE,Combined TRACON& Tower with Radar,3,9,19,6,37,0,3,22,0,25,3,12,41,6,62,8,0,8,70
11/24/2020,TOL,OH,AGL,CE,Combined TRACON& Tower with Radar,12,12,24,2,50,0,4,19,0,23,12,16,43,2,73,0,0,0,73
11/25/2020,TOL,OH,AGL,CE,Combined TRACON& Tower with Radar,4,11,16,0,31,0,1,2,0,3,4,12,18,0,34,0,0,0,34
11/26/2020,TOL,OH,AGL,CE,Combined TRACON& Tower with Radar,0,1,1,0,2,0,3,1,0,4,0,4,2,0,6,0,0,0,6
11/27/2020,TOL,OH,AGL,CE,Combined TRACON& Tower with Radar,3,5,26,0,34,0,2,1,0,3,3,7,27,0,37,10,0,10,47
11/28/2020,TOL,OH,AGL,CE,Combined TRACON& Tower with Radar,4,7,13,0,24,0,5,32,0,37,4,12,45,0,61,16,0,16,77
11/29/2020,TOL,OH,AGL,CE,Combined TRACON& Tower with Radar,3,11,21,0,35,0,3,35,0,38,3,14,56,0,73,0,0,0,73
11/30/2020,TOL,OH,AGL,CE,Combined TRACON& Tower with Radar,8,8,12,0,28,0,1,0,0,1,8,9,12,0,29,0,7,7,36
12/01/2020,TOL,OH,AGL,CE,Combined TRACON& Tower with Radar,7,14,6,2,29,0,0,0,0,0,7,14,6,2,29,0,0,0,29
12/02/2020,TOL,OH,AGL,CE,Combined TRACON& Tower with Radar,10,12,28,6,56,0,2,30,2,34,10,14,58,8,90,52,8,60,150
12/03/2020,TOL,OH,AGL,CE,Combined TRACON& Tower with Radar,5,19,37,0,61,0,6,6,0,12,5,25,43,0,73,6,0,6,79
12/04/2020,TOL,OH,AGL,CE,Combined TRACON& Tower with Radar,6,12,12,1,31,0,3,21,0,24,6,15,33,1,55,34,0,34,89
12/05/2020,TOL,OH,AGL,CE,Combined TRACON& Tower with Radar,6,12,18,0,36,0,4,9,0,13,6,16,27,0,49,0,0,0,49
12/06/2020,TOL,OH,AGL,CE,Combined TRACON& Tower with Radar,4,8,16,0,28,0,3,13,0,16,4,11,29,0,44,14,0,14,58
12/07/2020,TOL,OH,AGL,CE,Combined TRACON& Tower with Radar,6,10,17,2,35,0,3,21,0,24,6,13,38,2,59,0,0,0,59
12/08/2020,TOL,OH,AGL,CE,Combined TRACON& Tower with Radar,12,13,23,4,52,0,3,16,0,19,12,16,39,4,71,8,0,8,79
12/09/2020,TOL,OH,AGL,CE,Combined TRACON& Tower with Radar,8,20,34,2,64,0,1,6,0,7,8,21,40,2,71,7,0,7,78
12/10/2020,TOL,OH,AGL,CE,Combined TRACON& Tower with Radar,13,15,9,2,39,0,2,33,0,35,13,17,42,2,74,0,0,0,74
12/11/2020,TOL,OH,AGL,CE,Combined TRACON& Tower with Radar,10,22,22,1,55,0,4,26,0,30,10,26,48,1,85,35,0,35,120
12/12/2020,TOL,OH,AGL,CE,Combined TRACON& Tower with Radar,6,14,1,0,21,0,0,0,0,0,6,14,1,0,21,0,0,0,21
12/13/2020,TOL,OH,AGL,CE,Combined TRACON& Tower with Radar,6,15,8,0,29,0,4,5,0,9,6,19,13,0,38,2,0,2,40
12/14/2020,TOL,OH,AGL,CE,Combined TRACON& Tower with Radar,7,13,28,8,56,0,15,13,1,29,7,28,41,9,85,0,0,0,85
12/15/2020,TOL,OH,AGL,CE,Combined TRACON& Tower with Radar,3,14,18,6,41,0,9,18,2,29,3,23,36,8,70,16,6,22,92
12/16/2020,TOL,OH,AGL,CE,Combined TRACON& Tower with Radar,2,20,10,0,32,0,0,1,0,1,2,20,11,0,33,0,0,0,33
12/17/2020,TOL,OH,AGL,CE,Combined TRACON& Tower with Radar,8,25,3,0,36,0,0,0,0,0,8,25,3,0,36,0,0,0,36
12/18/2020,TOL,OH,AGL,CE,Combined TRACON& Tower with Radar,10,15,22,0,47,0,0,25,0,25,10,15,47,0,72,0,0,0,72
12/19/2020,TOL,OH,AGL,CE,Combined TRACON& Tower with Radar,5,8,11,0,24,0,4,8,0,12,5,12,19,0,36,0,0,0,36
12/20/2020,TOL,OH,AGL,CE,Combined TRACON& Tower with Radar,7,11,19,0,37,0,2,4,0,6,7,13,23,0,43,36,0,36,79
12/21/2020,TOL,OH,AGL,CE,Combined TRACON& Tower with Radar,2,11,13,4,30,0,4,2,0,6,2,15,15,4,36,0,0,0,36
12/22/2020,TOL,OH,AGL,CE,Combined TRACON& Tower with Radar,7,13,12,6,38,0,1,10,0,11,7,14,22,6,49,6,0,6,55
12/23/2020,TOL,OH,AGL,CE,Combined TRACON& Tower with Radar,10,10,13,0,33,0,0,7,0,7,10,10,20,0,40,0,0,0,40
12/24/2020,TOL,OH,AGL,CE,Combined TRACON& Tower with Radar,5,8,6,0,19,0,0,8,1,9,5,8,14,1,28,0,0,0,28
12/25/2020,TOL,OH,AGL,CE,Combined TRACON& Tower with Radar,0,8,3,0,11,0,1,0,0,1,0,9,3,0,12,0,0,0,12
12/26/2020,TOL,OH,AGL,CE,Combined TRACON& Tower with Radar,4,6,5,0,15,0,5,5,0,10,4,11,10,0,25,0,0,0,25
12/27/2020,TOL,OH,AGL,CE,Combined TRACON& Tower with Radar,2,12,7,0,21,0,0,28,0,28,2,12,35,0,49,8,0,8,57
12/28/2020,TOL,OH,AGL,CE,Combined TRACON& Tower with Radar,4,13,8,6,31,0,0,12,0,12,4,13,20,6,43,10,0,10,53
12/29/2020,TOL,OH,AGL,CE,Combined TRACON& Tower with Radar,4,8,28,6,46,0,2,42,0,44,4,10,70,6,90,4,10,14,104
12/30/2020,TOL,OH,AGL,CE,Combined TRACON& Tower with Radar,4,12,4,0,20,0,0,0,0,0,4,12,4,0,20,0,0,0,20
12/31/2020,TOL,OH,AGL,CE,Combined TRACON& Tower with Radar,4,4,21,0,29,0,1,19,0,20,4,5,40,0,49,0,0,0,49
01/01/2021,TOL,OH,AGL,CE,Combined TRACON& Tower with Radar,0,4,2,0,6,0,1,1,2,4,0,5,3,2,10,0,0,0,10
01/02/2021,TOL,OH,AGL,CE,Combined TRACON& Tower with Radar,2,12,8,0,22,0,0,0,0,0,2,12,8,0,22,0,0,0,22
01/03/2021,TOL,OH,AGL,CE,Combined TRACON& Tower with Radar,4,10,20,0,34,0,1,4,0,5,4,11,24,0,39,0,0,0,39
01/04/2021,TOL,OH,AGL,CE,Combined TRACON& Tower with Radar,4,6,17,6,33,0,1,4,0,5,4,7,21,6,38,35,0,35,73
01/05/2021,TOL,OH,AGL,CE,Combined TRACON& Tower with Radar,3,3,10,0,16,0,0,1,0,1,3,3,11,0,17,21,0,21,38
01/06/2021,TOL,OH,AGL,CE,Combined TRACON& Tower with Radar,6,3,18,6,33,0,6,14,1,21,6,9,32,7,54,0,0,0,54
01/07/2021,TOL,OH,AGL,CE,Combined TRACON& Tower with Radar,8,6,18,6,38,0,2,25,0,27,8,8,43,6,65,49,0,49,114
01/08/2021,TOL,OH,AGL,CE,Combined TRACON& Tower with Radar,6,9,23,0,38,0,3,10,0,13,6,12,33,0,51,0,0,0,51
01/09/2021,TOL,OH,AGL,CE,Combined TRACON& Tower with Radar,5,6,28,10,49,0,3,37,0,40,5,9,65,10,89,20,16,36,125
01/10/2021,TOL,OH,AGL,CE,Combined TRACON& Tower with Radar,2,17,28,4,51,0,2,19,0,21,2,19,47,4,72,25,6,31,103
01/11/2021,TOL,OH,AGL,CE,Combined TRACON& Tower with Radar,2,6,15,6,29,0,2,7,1,10,2,8,22,7,39,0,0,0,39
01/12/2021,TOL,OH,AGL,CE,Combined TRACON& Tower with Radar,3,4,14,7,28,0,0,1,0,1,3,4,15,7,29,0,0,0,29
01/13/2021,TOL,OH,AGL,CE,Combined TRACON& Tower with Radar,6,11,26,6,49,0,5,48,0,53,6,16,74,6,102,18,10,28,130
01/14/2021,TOL,OH,AGL,CE,Combined TRACON& Tower with Radar,4,9,34,6,53,0,6,26,0,32,4,15,60,6,85,39,8,47,132
01/15/2021,TOL,OH,AGL,CE,Combined TRACON& Tower with Radar,4,10,12,0,26,0,0,3,0,3,4,10,15,0,29,6,0,6,35
01/16/2021,TOL,OH,AGL,CE,Combined TRACON& Tower with Radar,3,6,6,0,15,0,0,0,0,0,3,6,6,0,15,0,0,0,15
01/17/2021,TOL,OH,AGL,CE,Combined TRACON& Tower with Radar,3,9,6,0,18,0,1,3,0,4,3,10,9,0,22,0,0,0,22
01/18/2021,TOL,OH,AGL,CE,Combined TRACON& Tower with Radar,2,7,23,2,34,0,2,2,0,4,2,9,25,2,38,12,0,12,50
01/19/2021,TOL,OH,AGL,CE,Combined TRACON& Tower with Radar,2,6,15,18,41,0,2,10,0,12,2,8,25,18,53,10,15,25,78
01/20/2021,TOL,OH,AGL,CE,Combined TRACON& Tower with Radar,3,8,28,2,41,0,1,49,1,51,3,9,77,3,92,105,5,110,202
01/21/2021,TOL,OH,AGL,CE,Combined TRACON& Tower with Radar,6,7,19,12,44,0,6,14,0,20,6,13,33,12,64,6,12,18,82
01/22/2021,TOL,OH,AGL,CE,Combined TRACON& Tower with Radar,2,9,21,0,32,0,2,20,0,22,2,11,41,0,54,0,0,0,54
01/23/2021,TOL,OH,AGL,CE,Combined TRACON& Tower with Radar,5,8,30,3,46,0,8,55,1,64,5,16,85,4,110,16,0,16,126
01/24/2021,TOL,OH,AGL,CE,Combined TRACON& Tower with Radar,2,14,8,0,24,0,2,11,1,14,2,16,19,1,38,20,0,20,58
01/25/2021,TOL,OH,AGL,CE,Combined TRACON& Tower with Radar,2,9,12,12,35,0,0,3,0,3,2,9,15,12,38,0,6,6,44
01/26/2021,TOL,OH,AGL,CE,Combined TRACON& Tower with Radar,2,2,4,0,8,0,0,0,0,0,2,2,4,0,8,0,0,0,8
01/27/2021,TOL,OH,AGL,CE,Combined TRACON& Tower with Radar,2,7,30,6,45,0,9,49,0,58,2,16,79,6,103,66,34,100,203
01/28/2021,TOL,OH,AGL,CE,Combined TRACON& Tower with Radar,3,14,36,6,59,0,7,12,2,21,3,21,48,8,80,18,0,18,98
01/29/2021,TOL,OH,AGL,CE,Combined TRACON& Tower with Radar,4,15,29,0,48,0,5,43,1,49,4,20,72,1,97,36,0,36,133
01/30/2021,TOL,OH,AGL,CE,Combined TRACON& Tower with Radar,2,8,11,0,21,0,5,34,0,39,2,13,45,0,60,50,0,50,110
01/31/2021,TOL,OH,AGL,CE,Combined TRACON& Tower with Radar,2,6,5,0,13,0,0,0,0,0,2,6,5,0,13,0,0,0,13
02/01/2021,TOL,OH,AGL,CE,Combined TRACON& Tower with Radar,3,9,7,9,28,0,2,0,0,2,3,11,7,9,30,10,16,26,56
02/02/2021,TOL,OH,AGL,CE,Combined TRACON& Tower with Radar,3,5,30,7,45,0,9,37,2,48,3,14,67,9,93,0,0,0,93
02/03/2021,TOL,OH,AGL,CE,Combined TRACON& Tower with Radar,2,6,34,15,57,0,4,48,0,52,2,10,82,15,109,74,4,78,187
02/04/2021,TOL,OH,AGL,CE,Combined TRACON& Tower with Radar,1,10,31,7,49,0,0,16,2,18,1,10,47,9,67,12,0,12,79
02/05/2021,TOL,OH,AGL,CE,Combined TRACON& Tower with Radar,5,9,12,0,26,0,3,1,0,4,5,12,13,0,30,0,0,0,30
02/06/2021,TOL,OH,AGL,CE,Combined TRACON& Tower with Radar,7,5,16,6,34,0,0,23,0,23,7,5,39,6,57,18,2,20,77
02/07/2021,TOL,OH,AGL,CE,Combined TRACON& Tower with Radar,2,11,19,4,36,0,0,17,0,17,2,11,36,4,53,2,6,8,61
02/08/2021,TOL,OH,AGL,CE,Combined TRACON& Tower with Radar,6,9,13,9,37,0,0,9,0,9,6,9,22,9,46,4,10,14,60
02/09/2021,TOL,OH,AGL,CE,Combined TRACON& Tower with Radar,8,9,22,8,47,0,6,17,6,29,8,15,39,14,76,36,9,45,121
02/10/2021,TOL,OH,AGL,CE,Combined TRACON& Tower with Radar,3,9,23,9,44,0,2,24,1,27,3,11,47,10,71,20,0,20,91
02/11/2021,TOL,OH,AGL,CE,Combined TRACON& Tower with Radar,2,15,44,13,74,0,0,29,0,29,2,15,73,13,103,16,0,16,119
02/12/2021,TOL,OH,AGL,CE,Combined TRACON& Tower with Radar,5,10,36,0,51,0,3,15,0,18,5,13,51,0,69,24,0,24,93
02/13/2021,TOL,OH,AGL,CE,Combined TRACON& Tower with Radar,3,8,5,2,18,0,4,1,0,5,3,12,6,2,23,0,0,0,23
02/14/2021,TOL,OH,AGL,CE,Combined TRACON& Tower with Radar,2,4,10,0,16,0,1,16,0,17,2,5,26,0,33,0,0,0,33
02/15/2021,TOL,OH,AGL,CE,Combined TRACON& Tower with Radar,4,5,8,0,17,0,0,0,0,0,4,5,8,0,17,0,0,0,17
02/16/2021,TOL,OH,AGL,CE,Combined TRACON& Tower with Radar,4,3,5,0,12,0,0,0,0,0,4,3,5,0,12,0,0,0,12
02/17/2021,TOL,OH,AGL,CE,Combined TRACON& Tower with Radar,4,3,16,5,28,0,3,20,0,23,4,6,36,5,51,8,8,16,67
02/18/2021,TOL,OH,AGL,CE,Combined TRACON& Tower with Radar,7,11,5,0,23,0,0,0,0,0,7,11,5,0,23,0,0,0,23
02/19/2021,TOL,OH,AGL,CE,Combined TRACON& Tower with Radar,9,12,19,0,40,0,2,5,0,7,9,14,24,0,47,0,0,0,47
02/20/2021,TOL,OH,AGL,CE,Combined TRACON& Tower with Radar,12,16,12,0,40,0,0,24,0,24,12,16,36,0,64,0,0,0,64
02/21/2021,TOL,OH,AGL,CE,Combined TRACON& Tower with Radar,5,11,29,0,45,0,6,26,0,32,5,17,55,0,77,10,0,10,87
02/22/2021,TOL,OH,AGL,CE,Combined TRACON& Tower with Radar,10,6,13,8,37,0,3,2,0,5,10,9,15,8,42,6,4,10,52
02/23/2021,TOL,OH,AGL,CE,Combined TRACON& Tower with Radar,12,4,40,17,73,0,3,31,2,36,12,7,71,19,109,22,8,30,139
02/24/2021,TOL,OH,AGL,CE,Combined TRACON& Tower with Radar,7,4,27,11,49,0,2,33,1,36,7,6,60,12,85,14,12,26,111
02/25/2021,TOL,OH,AGL,CE,Combined TRACON& Tower with Radar,6,9,41,5,61,0,10,40,0,50,6,19,81,5,111,18,20,38,149
02/26/2021,TOL,OH,AGL,CE,Combined TRACON& Tower with Radar,10,10,42,0,62,0,10,31,0,41,10,20,73,0,103,8,0,8,111
02/27/2021,TOL,OH,AGL,CE,Combined TRACON& Tower with Radar,3,7,37,0,47,0,2,21,0,23,3,9,58,0,70,14,0,14,84
02/28/2021,TOL,OH,AGL,CE,Combined TRACON& Tower with Radar,3,7,19,0,29,0,1,10,0,11,3,8,29,0,40,8,0,8,48
03/01/2021,TOL,OH,AGL,CE,Combined TRACON& Tower with Radar,4,9,16,18,47,0,7,6,0,13,4,16,22,18,60,6,0,6,66
03/02/2021,TOL,OH,AGL,CE,Combined TRACON& Tower with Radar,9,15,36,16,76,0,8,24,0,32,9,23,60,16,108,18,14,32,140
03/03/2021,TOL,OH,AGL,CE,Combined TRACON& Tower with Radar,9,9,30,21,69,0,8,38,3,49,9,17,68,24,118,26,8,34,152
03/04/2021,TOL,OH,AGL,CE,Combined TRACON& Tower with Radar,8,12,30,11,61,0,2,11,0,13,8,14,41,11,74,0,0,0,74
03/05/2021,TOL,OH,AGL,CE,Combined TRACON& Tower with Radar,7,17,32,0,56,0,6,27,0,33,7,23,59,0,89,2,0,2,91
03/06/2021,TOL,OH,AGL,CE,Combined TRACON& Tower with Radar,11,9,16,16,52,0,3,22,1,26,11,12,38,17,78,14,8,22,100
03/07/2021,TOL,OH,AGL,CE,Combined TRACON& Tower with Radar,5,7,21,14,47,0,2,23,0,25,5,9,44,14,72,12,20,32,104
03/08/2021,TOL,OH,AGL,CE,Combined TRACON& Tower with Radar,7,9,14,0,30,0,3,19,0,22,7,12,33,0,52,12,0,12,64
03/09/2021,TOL,OH,AGL,CE,Combined TRACON& Tower with Radar,10,15,39,22,86,0,6,33,0,39,10,21,72,22,125,29,25,54,179
03/10/2021,TOL,OH,AGL,CE,Combined TRACON& Tower with Radar,8,4,21,22,55,0,8,7,0,15,8,12,28,22,70,29,45,74,144
03/11/2021,TOL,OH,AGL,CE,Combined TRACON& Tower with Radar,7,6,13,16,42,0,7,9,0,16,7,13,22,16,58,40,2,42,100
03/12/2021,TOL,OH,AGL,CE,Combined TRACON& Tower with Radar,5,9,26,1,41,0,5,30,0,35,5,14,56,1,76,56,0,56,132
03/13/2021,TOL,OH,AGL,CE,Combined TRACON& Tower with Radar,10,9,20,0,39,0,2,21,0,23,10,11,41,0,62,8,0,8,70
03/14/2021,TOL,OH,AGL,CE,Combined TRACON& Tower with Radar,3,7,16,0,26,0,4,24,0,28,3,11,40,0,54,0,0,0,54
03/15/2021,TOL,OH,AGL,CE,Combined TRACON& Tower with Radar,4,7,30,22,63,0,1,21,0,22,4,8,51,22,85,26,27,53,138
03/16/2021,TOL,OH,AGL,CE,Combined TRACON& Tower with Radar,7,6,34,14,61,0,0,11,0,11,7,6,45,14,72,0,0,0,72
03/17/2021,TOL,OH,AGL,CE,Combined TRACON& Tower with Radar,10,6,8,17,41,0,9,54,1,64,10,15,62,18,105,6,14,20,125
03/18/2021,TOL,OH,AGL,CE,Combined TRACON& Tower with Radar,7,9,7,6,29,0,0,0,0,0,7,9,7,6,29,0,4,4,33
03/19/2021,TOL,OH,AGL,CE,Combined TRACON& Tower with Radar,12,4,15,0,31,0,14,24,0,38,12,18,39,0,69,25,0,25,94
03/20/2021,TOL,OH,AGL,CE,Combined TRACON& Tower with Radar,13,10,24,0,47,0,7,49,0,56,13,17,73,0,103,2,0,2,105
03/21/2021,TOL,OH,AGL,CE,Combined TRACON& Tower with Radar,9,10,15,0,34,0,3,34,0,37,9,13,49,0,71,18,18,36,107
03/22/2021,TOL,OH,AGL,CE,Combined TRACON& Tower with Radar,10,8,15,20,53,0,8,25,0,33,10,16,40,20,86,10,8,18,104
03/23/2021,TOL,OH,AGL,CE,Combined TRACON& Tower with Radar,12,9,20,15,56,0,5,13,0,18,12,14,33,15,74,2,8,10,84
03/24/2021,TOL,OH,AGL,CE,Combined TRACON& Tower with Radar,14,9,19,18,60,0,7,9,0,16,14,16,28,18,76,0,32,32,108
03/25/2021,TOL,OH,AGL,CE,Combined TRACON& Tower with Radar,6,11,13,14,44,0,4,17,0,21,6,15,30,14,65,0,16,16,81
03/26/2021,TOL,OH,AGL,CE,Combined TRACON& Tower with Radar,8,10,23,2,43,0,1,4,0,5,8,11,27,2,48,0,8,8,56
03/27/2021,TOL,OH,AGL,CE,Combined TRACON& Tower with Radar,13,10,37,0,60,0,2,18,0,20,13,12,55,0,80,8,0,8,88
03/28/2021,TOL,OH,AGL,CE,Combined TRACON& Tower with Radar,8,13,8,0,29,0,0,3,0,3,8,13,11,0,32,0,0,0,32
03/29/2021,TOL,OH,AGL,CE,Combined TRACON& Tower with Radar,6,5,46,16,73,0,3,40,0,43,6,8,86,16,116,18,8,26,142
03/30/2021,TOL,OH,AGL,CE,Combined TRACON& Tower with Radar,10,9,11,14,44,0,6,21,0,27,10,15,32,14,71,8,0,8,79
03/31/2021,TOL,OH,AGL,CE,Combined TRACON& Tower with Radar,11,8,21,16,56,0,2,42,0,44,11,10,63,16,100,20,17,37,137
04/01/2021,TOL,OH,AGL,CE,Combined TRACON& Tower with Radar,7,16,21,12,56,0,0,11,0,11,7,16,32,12,67,71,2,73,140
04/02/2021,TOL,OH,AGL,CE,Combined TRACON& Tower with Radar,6,13,36,1,56,0,6,46,0,52,6,19,82,1,108,26,0,26,134
04/03/2021,TOL,OH,AGL,CE,Combined TRACON& Tower with Radar,8,5,10,1,24,0,2,15,0,17,8,7,25,1,41,6,0,6,47
04/04/2021,TOL,OH,AGL,CE,Combined TRACON& Tower with Radar,4,6,11,0,21,0,2,13,0,15,4,8,24,0,36,0,0,0,36
04/05/2021,TOL,OH,AGL,CE,Combined TRACON& Tower with Radar,6,5,9,17,37,0,3,16,2,21,6,8,25,19,58,64,6,70,128
04/06/2021,TOL,OH,AGL,CE,Combined TRACON& Tower with Radar,10,4,14,13,41,0,2,26,1,29,10,6,40,14,70,24,0,24,94
04/07/2021,TOL,OH,AGL,CE,Combined TRACON& Tower with Radar,14,10,24,17,65,0,9,30,3,42,14,19,54,20,107,38,22,60,167
04/08/2021,TOL,OH,AGL,CE,Combined TRACON& Tower with Radar,7,6,17,12,42,0,3,10,2,15,7,9,27,14,57,2,0,2,59
04/09/2021,TOL,OH,AGL,CE,Combined TRACON& Tower with Radar,8,11,10,0,29,0,3,13,1,17,8,14,23,1,46,8,6,14,60
04/10/2021,TOL,OH,AGL,CE,Combined TRACON& Tower with Radar,9,9,20,15,53,0,2,19,1,22,9,11,39,16,75,0,0,0,75
04/11/2021,TOL,OH,AGL,CE,Combined TRACON& Tower with Radar,3,7,11,12,33,0,2,5,4,11,3,9,16,16,44,2,0,2,46
04/12/2021,TOL,OH,AGL,CE,Combined TRACON& Tower with Radar,8,10,41,0,59,0,0,7,0,7,8,10,48,0,66,6,0,6,72
04/13/2021,TOL,OH,AGL,CE,Combined TRACON& Tower with Radar,4,10,23,22,59,0,4,32,1,37,4,14,55,23,96,22,8,30,126
04/14/2021,TOL,OH,AGL,CE,Combined TRACON& Tower with Radar,7,6,24,23,60,0,9,32,0,41,7,15,56,23,101,40,20,60,161
04/15/2021,TOL,OH,AGL,CE,Combined TRACON& Tower with Radar,6,8,11,14,39,0,3,27,1,31,6,11,38,15,70,24,2,26,96
04/16/2021,TOL,OH,AGL,CE,Combined TRACON& Tower with Radar,3,9,30,0,42,0,1,9,0,10,3,10,39,0,52,14,0,14,66
04/17/2021,TOL,OH,AGL,CE,Combined TRACON& Tower with Radar,4,5,25,4,38,0,1,30,0,31,4,6,55,4,69,0,0,0,69
04/18/2021,TOL,OH,AGL,CE,Combined TRACON& Tower with Radar,2,11,17,0,30,0,6,21,0,27,2,17,38,0,57,10,0,10,67
04/19/2021,TOL,OH,AGL,CE,Combined TRACON& Tower with Radar,3,9,12,15,39,0,3,15,1,19,3,12,27,16,58,6,26,32,90
04/20/2021,TOL,OH,AGL,CE,Combined TRACON& Tower with Radar,4,9,12,15,40,0,0,1,2,3,4,9,13,17,43,8,4,12,55
04/21/2021,TOL,OH,AGL,CE,Combined TRACON& Tower with Radar,5,7,15,17,44,0,0,18,0,18,5,7,33,17,62,42,23,65,127
04/22/2021,TOL,OH,AGL,CE,Combined TRACON& Tower with Radar,6,6,19,12,43,0,4,29,0,33,6,10,48,12,76,34,2,36,112
04/23/2021,TOL,OH,AGL,CE,Combined TRACON& Tower with Radar,4,11,21,0,36,0,4,12,1,17,4,15,33,1,53,6,0,6,59
04/24/2021,TOL,OH,AGL,CE,Combined TRACON& Tower with Radar,6,8,15,2,31,0,2,20,2,24,6,10,35,4,55,44,0,44,99
04/25/2021,TOL,OH,AGL,CE,Combined TRACON& Tower with Radar,4,7,26,0,37,0,3,17,0,20,4,10,43,0,57,0,0,0,57
04/26/2021,TOL,OH,AGL,CE,Combined TRACON& Tower with Radar,5,10,41,11,67,0,9,27,1,37,5,19,68,12,104,20,12,32,136
04/27/2021,TOL,OH,AGL,CE,Combined TRACON& Tower with Radar,3,15,17,18,53,0,9,30,1,40,3,24,47,19,93,16,2,18,111
04/28/2021,TOL,OH,AGL,CE,Combined TRACON& Tower with Radar,6,5,19,9,39,0,0,28,0,28,6,5,47,9,67,22,0,22,89
04/29/2021,TOL,OH,AGL,CE,Combined TRACON& Tower with Radar,9,15,8,4,36,0,2,0,2,4,9,17,8,6,40,2,0,2,42
04/30/2021,TOL,OH,AGL,CE,Combined TRACON& Tower with Radar,5,20,16,0,41,0,7,16,0,23,5,27,32,0,64,10,0,10,74
05/01/2021,TOL,OH,AGL,CE,Combined TRACON& Tower with Radar,6,5,15,0,26,0,11,11,0,22,6,16,26,0,48,0,0,0,48
05/02/2021,TOL,OH,AGL,CE,Combined TRACON& Tower with Radar,4,5,18,0,27,0,1,13,0,14,4,6,31,0,41,18,0,18,59
05/03/2021,TOL,OH,AGL,CE,Combined TRACON& Tower with Radar,4,7,23,0,34,0,2,3,0,5,4,9,26,0,39,0,0,0,39
05/04/2021,TOL,OH,AGL,CE,Combined TRACON& Tower with Radar,4,9,18,10,41,0,2,4,0,6,4,11,22,10,47,10,4,14,61
05/05/2021,TOL,OH,AGL,CE,Combined TRACON& Tower with Radar,7,17,18,12,54,0,2,34,0,36,7,19,52,12,90,38,8,46,136
05/06/2021,TOL,OH,AGL,CE,Combined TRACON& Tower with Radar,7,15,25,10,57,0,1,12,0,13,7,16,37,10,70,6,8,14,84
05/07/2021,TOL,OH,AGL,CE,Combined TRACON& Tower with Radar,5,10,26,0,41,0,6,15,0,21,5,16,41,0,62,2,0,2,64
05/08/2021,TOL,OH,AGL,CE,Combined TRACON& Tower with Radar,8,5,19,0,32,0,4,22,0,26,8,9,41,0,58,12,0,12,70
05/09/2021,TOL,OH,AGL,CE,Combined TRACON& Tower with Radar,5,7,4,0,16,0,0,0,0,0,5,7,4,0,16,0,0,0,16
05/10/2021,TOL,OH,AGL,CE,Combined TRACON& Tower with Radar,6,4,24,12,46,0,10,16,0,26,6,14,40,12,72,12,8,20,92
05/11/2021,TOL,OH,AGL,CE,Combined TRACON& Tower with Radar,5,15,29,10,59,0,8,19,2,29,5,23,48,12,88,39,28,67,155
05/12/2021,TOL,OH,AGL,CE,Combined TRACON& Tower with Radar,5,22,29,18,74,0,11,45,0,56,5,33,74,18,130,95,4,99,229
05/13/2021,TOL,OH,AGL,CE,Combined TRACON& Tower with Radar,8,7,29,7,51,0,3,27,1,31,8,10,56,8,82,18,6,24,106
05/14/2021,TOL,OH,AGL,CE,Combined TRACON& Tower with Radar,7,8,39,0,54,0,9,35,0,44,7,17,74,0,98,16,0,16,114
05/15/2021,TOL,OH,AGL,CE,Combined TRACON& Tower with Radar,7,11,19,13,50,0,7,11,0,18,7,18,30,13,68,0,4,4,72
05/16/2021,TOL,OH,AGL,CE,Combined TRACON& Tower with Radar,6,9,19,0,34,0,12,21,0,33,6,21,40,0,67,36,0,36,103
05/17/2021,TOL,OH,AGL,CE,Combined TRACON& Tower with Radar,6,6,24,17,53,0,7,13,0,20,6,13,37,17,73,6,16,22,95
05/18/2021,TOL,OH,AGL,CE,Combined TRACON& Tower with Radar,7,15,18,9,49,0,12,23,0,35,7,27,41,9,84,28,0,28,112
05/19/2021,TOL,OH,AGL,CE,Combined TRACON& Tower with Radar,8,16,44,13,81,0,11,35,0,46,8,27,79,13,127,79,8,87,214
05/20/2021,TOL,OH,AGL,CE,Combined TRACON& Tower with Radar,7,16,41,11,75,0,7,29,2,38,7,23,70,13,113,75,2,77,190
05/21/2021,TOL,OH,AGL,CE,Combined TRACON& Tower with Radar,6,9,24,0,39,0,6,20,0,26,6,15,44,0,65,4,0,4,69
05/22/2021,TOL,OH,AGL,CE,Combined TRACON& Tower with Radar,6,7,35,2,50,0,7,76,0,83,6,14,111,2,133,26,0,26,159
05/23/2021,TOL,OH,AGL,CE,Combined TRACON& Tower with Radar,6,7,22,0,35,0,1,68,0,69,6,8,90,0,104,38,0,38,142
05/24/2021,TOL,OH,AGL,CE,Combined TRACON& Tower with Radar,6,5,22,9,42,0,1,22,0,23,6,6,44,9,65,18,0,18,83
05/25/2021,TOL,OH,AGL,CE,Combined TRACON& Tower with Radar,5,8,35,7,55,0,18,16,0,34,5,26,51,7,89,40,16,56,145
05/26/2021,TOL,OH,AGL,CE,Combined TRACON& Tower with Radar,11,10,39,11,71,0,2,13,2,17,11,12,52,13,88,22,8,30,118
05/27/2021,TOL,OH,AGL,CE,Combined TRACON& Tower with Radar,8,9,33,6,56,0,4,24,0,28,8,13,57,6,84,12,6,18,102
05/28/2021,TOL,OH,AGL,CE,Combined TRACON& Tower with Radar,6,7,8,0,21,0,0,0,0,0,6,7,8,0,21,0,0,0,21
05/29/2021,TOL,OH,AGL,CE,Combined TRACON& Tower with Radar,8,7,17,0,32,0,8,5,0,13,8,15,22,0,45,0,0,0,45
05/30/2021,TOL,OH,AGL,CE,Combined TRACON& Tower with Radar,6,7,16,0,29,0,4,22,0,26,6,11,38,0,55,0,0,0,55
05/31/2021,TOL,OH,AGL,CE,Combined TRACON& Tower with Radar,6,6,22,2,36,0,2,21,2,25,6,8,43,4,61,8,4,12,73
06/01/2021,TOL,OH,AGL,CE,Combined TRACON& Tower with Radar,5,8,49,15,77,0,12,26,0,38,5,20,75,15,115,34,15,49,164
06/02/2021,TOL,OH,AGL,CE,Combined TRACON& Tower with Radar,9,8,42,7,66,0,2,1,0,3,9,10,43,7,69,0,0,0,69
06/03/2021,TOL,OH,AGL,CE,Combined TRACON& Tower with Radar,8,12,28,7,55,0,9,15,0,24,8,21,43,7,79,8,0,8,87
06/04/2021,TOL,OH,AGL,CE,Combined TRACON& Tower with Radar,13,13,35,1,62,0,11,31,0,42,13,24,66,1,104,18,0,18,122
06/05/2021,TOL,OH,AGL,CE,Combined TRACON& Tower with Radar,11,16,22,15,64,0,11,25,0,36,11,27,47,15,100,16,7,23,123
06/06/2021,TOL,OH,AGL,CE,Combined TRACON& Tower with Radar,9,8,16,4,37,0,7,17,0,24,9,15,33,4,61,52,0,52,113
06/07/2021,TOL,OH,AGL,CE,Combined TRACON& Tower with Radar,22,8,30,1,61,0,1,7,0,8,22,9,37,1,69,0,0,0,69
06/08/2021,TOL,OH,AGL,CE,Combined TRACON& Tower with Radar,13,7,34,11,65,0,0,10,0,10,13,7,44,11,75,2,22,24,99
06/09/2021,TOL,OH,AGL,CE,Combined TRACON& Tower with Radar,21,14,35,12,82,0,2,5,1,8,21,16,40,13,90,6,2,8,98
06/10/2021,TOL,OH,AGL,CE,Combined TRACON& Tower with Radar,26,13,39,7,85,0,4,24,0,28,26,17,63,7,113,38,20,58,171
06/11/2021,TOL,OH,AGL,CE,Combined TRACON& Tower with Radar,14,11,14,0,39,0,5,12,0,17,14,16,26,0,56,14,0,14,70
06/12/2021,TOL,OH,AGL,CE,Combined TRACON& Tower with Radar,16,11,21,0,48,0,4,14,0,18,16,15,35,0,66,2,0,2,68
06/13/2021,TOL,OH,AGL,CE,Combined TRACON& Tower with Radar,8,7,17,7,39,0,9,23,2,34,8,16,40,9,73,12,6,18,91
06/14/2021,TOL,OH,AGL,CE,Combined TRACON& Tower with Radar,16,10,24,11,61,0,6,23,0,29,16,16,47,11,90,8,0,8,98
06/15/2021,TOL,OH,AGL,CE,Combined TRACON& Tower with Radar,15,9,31,14,69,0,6,27,0,33,15,15,58,14,102,26,6,32,134
06/16/2021,TOL,OH,AGL,CE,Combined TRACON& Tower with Radar,19,12,40,25,96,0,4,50,0,54,19,16,90,25,150,34,26,60,210
06/17/2021,TOL,OH,AGL,CE,Combined TRACON& Tower with Radar,20,12,44,6,82,0,8,45,0,53,20,20,89,6,135,97,0,97,232
06/18/2021,TOL,OH,AGL,CE,Combined TRACON& Tower with Radar,13,16,13,0,42,0,7,7,0,14,13,23,20,0,56,0,0,0,56
06/19/2021,TOL,OH,AGL,CE,Combined TRACON& Tower with Radar,14,12,11,0,37,0,1,5,0,6,14,13,16,0,43,0,0,0,43
06/20/2021,TOL,OH,AGL,CE,Combined TRACON& Tower with Radar,8,9,19,0,36,0,1,6,0,7,8,10,25,0,43,0,0,0,43
06/21/2021,TOL,OH,AGL,CE,Combined TRACON& Tower with Radar,9,11,34,9,63,0,5,4,0,9,9,16,38,9,72,14,0,14,86
06/22/2021,TOL,OH,AGL,CE,Combined TRACON& Tower with Radar,17,20,22,14,73,0,10,39,0,49,17,30,61,14,122,22,0,22,144
06/23/2021,TOL,OH,AGL,CE,Combined TRACON& Tower with Radar,11,20,35,18,84,0,6,28,4,38,11,26,63,22,122,68,26,94,216
06/24/2021,TOL,OH,AGL,CE,Combined TRACON& Tower with Radar,15,17,24,1,57,0,7,51,0,58,15,24,75,1,115,31,0,31,146
06/25/2021,TOL,OH,AGL,CE,Combined TRACON& Tower with Radar,13,16,9,0,38,0,2,1,0,3,13,18,10,0,41,0,0,0,41
06/26/2021,TOL,OH,AGL,CE,Combined TRACON& Tower with Radar,9,8,14,4,35,0,1,10,0,11,9,9,24,4,46,4,4,8,54
06/27/2021,TOL,OH,AGL,CE,Combined TRACON& Tower with Radar,7,12,11,0,30,0,2,11,0,13,7,14,22,0,43,6,0,6,49
06/28/2021,TOL,OH,AGL,CE,Combined TRACON& Tower with Radar,12,10,23,9,54,0,7,14,1,22,12,17,37,10,76,14,15,29,105
06/29/2021,TOL,OH,AGL,CE,Combined TRACON& Tower with Radar,15,16,47,8,86,0,0,17,0,17,15,16,64,8,103,10,0,10,113
06/30/2021,TOL,OH,AGL,CE,Combined TRACON& Tower with Radar,12,9,34,6,61,0,2,8,0,10,12,11,42,6,71,4,8,12,83
07/01/2021,TOL,OH,AGL,CE,Combined TRACON& Tower with Radar,13,13,45,11,82,0,2,26,0,28,13,15,71,11,110,16,0,16,126
07/02/2021,TOL,OH,AGL,CE,Combined TRACON& Tower with Radar,12,23,26,0,61,0,2,13,0,15,12,25,39,0,76,0,0,0,76
07/03/2021,TOL,OH,AGL,CE,Combined TRACON& Tower with Radar,8,14,15,0,37,0,4,24,0,28,8,18,39,0,65,12,0,12,77
07/04/2021,TOL,OH,AGL,CE,Combined TRACON& Tower with Radar,4,10,10,0,24,0,0,20,0,20,4,10,30,0,44,0,0,0,44
07/05/2021,TOL,OH,AGL,CE,Combined TRACON& Tower with Radar,3,11,10,0,24,0,4,21,0,25,3,15,31,0,49,20,0,20,69
07/06/2021,TOL,OH,AGL,CE,Combined TRACON& Tower with Radar,7,18,41,12,78,0,20,38,3,61,7,38,79,15,139,0,0,0,139
07/07/2021,TOL,OH,AGL,CE,Combined TRACON& Tower with Radar,13,18,24,9,64,0,0,13,0,13,13,18,37,9,77,12,0,12,89
07/08/2021,TOL,OH,AGL,CE,Combined TRACON& Tower with Radar,15,15,41,6,77,0,2,3,0,5,15,17,44,6,82,2,0,2,84
07/09/2021,TOL,OH,AGL,CE,Combined TRACON& Tower with Radar,17,11,57,4,89,0,3,31,0,34,17,14,88,4,123,14,0,14,137
07/10/2021,TOL,OH,AGL,CE,Combined TRACON& Tower with Radar,9,11,20,1,41,0,19,21,0,40,9,30,41,1,81,15,0,15,96
07/11/2021,TOL,OH,AGL,CE,Combined TRACON& Tower with Radar,8,10,20,0,38,0,0,0,0,0,8,10,20,0,38,0,0,0,38
07/12/2021,TOL,OH,AGL,CE,Combined TRACON& Tower with Radar,9,20,18,4,51,0,1,1,0,2,9,21,19,4,53,4,0,4,57
07/13/2021,TOL,OH,AGL,CE,Combined TRACON& Tower with Radar,11,18,22,2,53,0,0,0,0,0,11,18,22,2,53,0,0,0,53
07/14/2021,TOL,OH,AGL,CE,Combined TRACON& Tower with Radar,7,10,56,8,81,0,6,17,0,23,7,16,73,8,104,0,0,0,104
07/15/2021,TOL,OH,AGL,CE,Combined TRACON& Tower with Radar,8,16,28,4,56,0,7,26,0,33,8,23,54,4,89,30,0,30,119
07/16/2021,TOL,OH,AGL,CE,Combined TRACON& Tower with Radar,8,13,13,2,36,0,0,1,0,1,8,13,14,2,37,6,0,6,43
07/17/2021,TOL,OH,AGL,CE,Combined TRACON& Tower with Radar,8,13,16,3,40,0,2,25,0,27,8,15,41,3,67,2,0,2,69
07/18/2021,TOL,OH,AGL,CE,Combined TRACON& Tower with Radar,6,13,23,0,42,0,6,38,0,44,6,19,61,0,86,22,0,22,108
07/19/2021,TOL,OH,AGL,CE,Combined TRACON& Tower with Radar,8,12,31,13,64,0,5,24,0,29,8,17,55,13,93,36,6,42,135
07/20/2021,TOL,OH,AGL,CE,Combined TRACON& Tower with Radar,8,22,24,8,62,0,10,19,0,29,8,32,43,8,91,10,4,14,105
07/21/2021,TOL,OH,AGL,CE,Combined TRACON& Tower with Radar,13,16,45,10,84,0,7,31,2,40,13,23,76,12,124,20,12,32,156
07/22/2021,TOL,OH,AGL,CE,Combined TRACON& Tower with Radar,12,20,31,5,68,0,15,33,0,48,12,35,64,5,116,24,0,24,140
07/23/2021,TOL,OH,AGL,CE,Combined TRACON& Tower with Radar,9,10,17,0,36,0,4,17,0,21,9,14,34,0,57,9,0,9,66
07/24/2021,TOL,OH,AGL,CE,Combined TRACON& Tower with Radar,8,8,20,0,36,0,6,6,0,12,8,14,26,0,48,0,0,0,48
07/25/2021,TOL,OH,AGL,CE,Combined TRACON& Tower with Radar,6,11,19,0,36,0,3,16,0,19,6,14,35,0,55,0,0,0,55
07/26/2021,TOL,OH,AGL,CE,Combined TRACON& Tower with Radar,6,14,26,12,58,0,11,29,0,40,6,25,55,12,98,8,4,12,110
07/27/2021,TOL,OH,AGL,CE,Combined TRACON& Tower with Radar,8,14,21,7,50,0,12,32,1,45,8,26,53,8,95,20,0,20,115
07/28/2021,TOL,OH,AGL,CE,Combined TRACON& Tower with Radar,11,16,27,18,72,0,11,18,0,29,11,27,45,18,101,28,3,31,132
07/29/2021,TOL,OH,AGL,CE,Combined TRACON& Tower with Radar,10,10,25,0,45,0,1,14,0,15,10,11,39,0,60,7,0,7,67
07/30/2021,TOL,OH,AGL,CE,Combined TRACON& Tower with Radar,13,20,20,0,53,0,7,34,2,43,13,27,54,2,96,0,0,0,96
07/31/2021,TOL,OH,AGL,CE,Combined TRACON& Tower with Radar,7,11,11,4,33,0,6,28,0,34,7,17,39,4,67,0,0,0,67
08/01/2021,TOL,OH,AGL,CE,Combined TRACON& Tower with Radar,5,12,17,0,34,0,3,11,0,14,5,15,28,0,48,10,0,10,58
08/02/2021,TOL,OH,AGL,CE,Combined TRACON& Tower with Radar,13,14,31,12,70,0,6,27,0,33,13,20,58,12,103,10,2,12,115
08/03/2021,TOL,OH,AGL,CE,Combined TRACON& Tower with Radar,19,16,36,9,80,0,10,20,5,35,19,26,56,14,115,5,0,5,120
08/04/2021,TOL,OH,AGL,CE,Combined TRACON& Tower with Radar,16,18,35,12,81,0,9,35,0,44,16,27,70,12,125,22,8,30,155
08/05/2021,TOL,OH,AGL,CE,Combined TRACON& Tower with Radar,17,21,26,9,73,0,8,49,5,62,17,29,75,14,135,46,2,48,183
08/06/2021,TOL,OH,AGL,CE,Combined TRACON& Tower with Radar,22,23,21,2,68,0,6,22,0,28,22,29,43,2,96,2,0,2,98
08/07/2021,TOL,OH,AGL,CE,Combined TRACON& Tower with Radar,11,13,17,7,48,0,0,22,1,23,11,13,39,8,71,18,10,28,99
08/08/2021,TOL,OH,AGL,CE,Combined TRACON& Tower with Radar,9,10,28,11,58,0,5,19,2,26,9,15,47,13,84,2,8,10,94
08/09/2021,TOL,OH,AGL,CE,Combined TRACON& Tower with Radar,13,8,30,10,61,0,5,7,0,12,13,13,37,10,73,10,8,18,91
08/10/2021,TOL,OH,AGL,CE,Combined TRACON& Tower with Radar,12,20,34,12,78,0,4,11,0,15,12,24,45,12,93,38,4,42,135
08/11/2021,TOL,OH,AGL,CE,Combined TRACON& Tower with Radar,13,16,22,8,59,0,3,15,0,18,13,19,37,8,77,33,10,43,120
08/12/2021,TOL,OH,AGL,CE,Combined TRACON& Tower with Radar,16,15,41,12,84,0,5,13,0,18,16,20,54,12,102,14,0,14,116
08/13/2021,TOL,OH,AGL,CE,Combined TRACON& Tower with Radar,11,10,12,0,33,0,1,10,0,11,11,11,22,0,44,16,0,16,60
08/14/2021,TOL,OH,AGL,CE,Combined TRACON& Tower with Radar,12,14,16,0,42,0,7,24,0,31,12,21,40,0,73,8,0,8,81
08/15/2021,TOL,OH,AGL,CE,Combined TRACON& Tower with Radar,13,10,27,0,50,0,6,18,0,24,13,16,45,0,74,0,0,0,74
08/16/2021,TOL,OH,AGL,CE,Combined TRACON& Tower with Radar,9,16,43,11,79,0,3,11,0,14,9,19,54,11,93,2,0,2,95
08/17/2021,TOL,OH,AGL,CE,Combined TRACON& Tower with Radar,14,28,29,10,81,0,4,12,0,16,14,32,41,10,97,46,0,46,143
08/18/2021,TOL,OH,AGL,CE,Combined TRACON& Tower with Radar,14,15,35,12,76,0,12,24,0,36,14,27,59,12,112,8,0,8,120
08/19/2021,TOL,OH,AGL,CE,Combined TRACON& Tower with Radar,13,27,43,11,94,0,2,49,0,51,13,29,92,11,145,12,2,14,159
08/20/2021,TOL,OH,AGL,CE,Combined TRACON& Tower with Radar,9,17,29,1,56,0,4,32,0,36,9,21,61,1,92,31,0,31,123
08/21/2021,TOL,OH,AGL,CE,Combined TRACON& Tower with Radar,7,11,25,0,43,0,2,18,0,20,7,13,43,0,63,28,0,28,91
08/22/2021,TOL,OH,AGL,CE,Combined TRACON& Tower with Radar,13,10,37,0,60,0,5,23,0,28,13,15,60,0,88,8,0,8,96
08/23/2021,TOL,OH,AGL,CE,Combined TRACON& Tower with Radar,6,11,32,9,58,0,4,18,0,22,6,15,50,9,80,52,6,58,138
08/24/2021,TOL,OH,AGL,CE,Combined TRACON& Tower with Radar,17,21,41,12,91,0,7,25,0,32,17,28,66,12,123,25,0,25,148
08/25/2021,TOL,OH,AGL,CE,Combined TRACON& Tower with Radar,11,17,39,12,79,0,1,24,0,25,11,18,63,12,104,16,0,16,120
08/26/2021,TOL,OH,AGL,CE,Combined TRACON& Tower with Radar,14,20,33,12,79,0,4,16,0,20,14,24,49,12,99,14,0,14,113
08/27/2021,TOL,OH,AGL,CE,Combined TRACON& Tower with Radar,14,16,44,2,76,0,6,16,0,22,14,22,60,2,98,6,0,6,104
08/28/2021,TOL,OH,AGL,CE,Combined TRACON& Tower with Radar,13,14,15,2,44,0,1,8,1,10,13,15,23,3,54,4,0,4,58
08/29/2021,TOL,OH,AGL,CE,Combined TRACON& Tower with Radar,11,11,16,0,38,0,5,28,0,33,11,16,44,0,71,0,0,0,71
08/30/2021,TOL,OH,AGL,CE,Combined TRACON& Tower with Radar,13,16,40,5,74,0,2,19,0,21,13,18,59,5,95,28,0,28,123
08/31/2021,TOL,OH,AGL,CE,Combined TRACON& Tower with Radar,15,21,36,15,87,0,9,26,2,37,15,30,62,17,124,2,0,2,126
09/01/2021,TOL,OH,AGL,CE,Combined TRACON& Tower with Radar,16,19,16,9,60,0,4,20,1,25,16,23,36,10,85,6,0,6,91
09/02/2021,TOL,OH,AGL,CE,Combined TRACON& Tower with Radar,17,24,56,10,107,0,13,38,1,52,17,37,94,11,159,14,4,18,177
09/03/2021,TOL,OH,AGL,CE,Combined TRACON& Tower with Radar,16,23,25,0,64,0,11,37,3,51,16,34,62,3,115,22,0,22,137
09/04/2021,TOL,OH,AGL,CE,Combined TRACON& Tower with Radar,11,14,20,0,45,0,8,15,0,23,11,22,35,0,68,10,0,10,78
09/05/2021,TOL,OH,AGL,CE,Combined TRACON& Tower with Radar,9,14,9,0,32,0,2,11,0,13,9,16,20,0,45,4,0,4,49
09/06/2021,TOL,OH,AGL,CE,Combined TRACON& Tower with Radar,13,13,25,0,51,0,4,28,0,32,13,17,53,0,83,4,0,4,87
09/07/2021,TOL,OH,AGL,CE,Combined TRACON& Tower with Radar,15,10,22,8,55,0,4,17,2,23,15,14,39,10,78,14,0,14,92
09/08/2021,TOL,OH,AGL,CE,Combined TRACON& Tower with Radar,7,15,39,11,72,0,6,28,2,36,7,21,67,13,108,2,0,2,110
09/09/2021,TOL,OH,AGL,CE,Combined TRACON& Tower with Radar,12,19,34,15,80,0,15,27,1,43,12,34,61,16,123,70,16,86,209
09/10/2021,TOL,OH,AGL,CE,Combined TRACON& Tower with Radar,13,13,33,0,59,0,11,47,2,60,13,24,80,2,119,30,0,30,149
09/11/2021,TOL,OH,AGL,CE,Combined TRACON& Tower with Radar,10,20,18,0,48,0,5,12,6,23,10,25,30,6,71,12,36,48,119
09/12/2021,TOL,OH,AGL,CE,Combined TRACON& Tower with Radar,7,20,24,8,59,0,9,27,0,36,7,29,51,8,95,28,0,28,123
09/13/2021,TOL,OH,AGL,CE,Combined TRACON& Tower with Radar,7,15,21,10,53,0,3,24,0,27,7,18,45,10,80,18,6,24,104
09/14/2021,TOL,OH,AGL,CE,Combined TRACON& Tower with Radar,9,15,18,4,46,0,5,11,0,16,9,20,29,4,62,18,0,18,80
09/15/2021,TOL,OH,AGL,CE,Combined TRACON& Tower with Radar,10,21,27,6,64,0,5,28,1,34,10,26,55,7,98,10,0,10,108
09/16/2021,TOL,OH,AGL,CE,Combined TRACON& Tower with Radar,13,17,43,14,87,0,6,51,6,63,13,23,94,20,150,64,22,86,236
09/17/2021,TOL,OH,AGL,CE,Combined TRACON& Tower with Radar,5,23,32,0,60,0,7,30,0,37,5,30,62,0,97,10,0,10,107
09/18/2021,TOL,OH,AGL,CE,Combined TRACON& Tower with Radar,9,17,15,0,41,0,4,20,0,24,9,21,35,0,65,16,0,16,81
09/19/2021,TOL,OH,AGL,CE,Combined TRACON& Tower with Radar,9,9,31,0,49,0,8,15,0,23,9,17,46,0,72,8,0,8,80
09/20/2021,TOL,OH,AGL,CE,Combined TRACON& Tower with Radar,11,15,21,27,74,0,3,8,2,13,11,18,29,29,87,4,70,74,161
09/21/2021,TOL,OH,AGL,CE,Combined TRACON& Tower with Radar,17,10,32,6,65,0,9,1,2,12,17,19,33,8,77,0,0,0,77
09/22/2021,TOL,OH,AGL,CE,Combined TRACON& Tower with Radar,10,19,14,1,44,0,0,0,0,0,10,19,14,1,44,0,0,0,44
09/23/2021,TOL,OH,AGL,CE,Combined TRACON& Tower with Radar,11,13,31,0,55,0,1,2,0,3,11,14,33,0,58,12,0,12,70
09/24/2021,TOL,OH,AGL,CE,Combined TRACON& Tower with Radar,17,25,37,0,79,0,8,36,0,44,17,33,73,0,123,0,0,0,123
09/25/2021,TOL,OH,AGL,CE,Combined TRACON& Tower with Radar,17,16,25,0,58,0,5,15,0,20,17,21,40,0,78,16,0,16,94
09/26/2021,TOL,OH,AGL,CE,Combined TRACON& Tower with Radar,7,12,26,0,45,0,4,38,0,42,7,16,64,0,87,36,0,36,123
09/27/2021,TOL,OH,AGL,CE,Combined TRACON& Tower with Radar,12,27,31,0,70,0,3,16,0,19,12,30,47,0,89,14,0,14,103
09/28/2021,TOL,OH,AGL,CE,Combined TRACON& Tower with Radar,11,24,50,0,85,0,7,30,0,37,11,31,80,0,122,66,0,66,188
09/29/2021,TOL,OH,AGL,CE,Combined TRACON& Tower with Radar,12,16,29,0,57,0,12,42,0,54,12,28,71,0,111,22,0,22,133
09/30/2021,TOL,OH,AGL,CE,Combined TRACON& Tower with Radar,11,19,45,0,75,0,3,53,0,56,11,22,98,0,131,42,0,42,173
10/01/2021,TOL,OH,AGL,CE,Combined TRACON& Tower with Radar,17,15,29,0,61,0,9,33,0,42,17,24,62,0,103,12,0,12,115
10/02/2021,TOL,OH,AGL,CE,Combined TRACON& Tower with Radar,7,13,18,9,47,0,1,16,2,19,7,14,34,11,66,4,14,18,84
10/03/2021,TOL,OH,AGL,CE,Combined TRACON& Tower with Radar,7,13,30,5,55,0,0,9,0,9,7,13,39,5,64,0,0,0,64
10/04/2021,TOL,OH,AGL,CE,Combined TRACON& Tower with Radar,10,16,36,4,66,0,0,0,0,0,10,16,36,4,66,0,0,0,66
10/05/2021,TOL,OH,AGL,CE,Combined TRACON& Tower with Radar,15,10,54,5,84,0,3,4,1,8,15,13,58,6,92,2,0,2,94
10/06/2021,TOL,OH,AGL,CE,Combined TRACON& Tower with Radar,17,14,48,15,94,0,0,0,2,2,17,14,48,17,96,4,0,4,100
10/07/2021,TOL,OH,AGL,CE,Combined TRACON& Tower with Radar,21,16,33,6,76,0,2,17,0,19,21,18,50,6,95,10,2,12,107
10/08/2021,TOL,OH,AGL,CE,Combined TRACON& Tower with Radar,18,11,15,0,44,0,0,4,0,4,18,11,19,0,48,0,0,0,48
10/09/2021,TOL,OH,AGL,CE,Combined TRACON& Tower with Radar,11,7,16,6,40,0,0,19,0,19,11,7,35,6,59,18,0,18,77
10/10/2021,TOL,OH,AGL,CE,Combined TRACON& Tower with Radar,9,11,18,0,38,0,4,15,0,19,9,15,33,0,57,10,0,10,67
10/11/2021,TOL,OH,AGL,CE,Combined TRACON& Tower with Radar,14,12,41,0,67,0,6,36,0,42,14,18,77,0,109,20,0,20,129
10/12/2021,TOL,OH,AGL,CE,Combined TRACON& Tower with Radar,16,17,31,11,75,0,3,8,0,11,16,20,39,11,86,0,0,0,86
10/13/2021,TOL,OH,AGL,CE,Combined TRACON& Tower with Radar,17,20,47,10,94,0,5,28,0,33,17,25,75,10,127,30,2,32,159
10/14/2021,TOL,OH,AGL,CE,Combined TRACON& Tower with Radar,15,22,22,8,67,0,3,24,0,27,15,25,46,8,94,24,2,26,120
10/15/2021,TOL,OH,AGL,CE,Combined TRACON& Tower with Radar,17,10,24,2,53,0,0,1,0,1,17,10,25,2,54,0,0,0,54
10/16/2021,TOL,OH,AGL,CE,Combined TRACON& Tower with Radar,13,10,16,0,39,0,2,13,0,15,13,12,29,0,54,0,0,0,54
10/17/2021,TOL,OH,AGL,CE,Combined TRACON& Tower with Radar,14,11,28,0,53,0,2,32,0,34,14,13,60,0,87,33,0,33,120
10/18/2021,TOL,OH,AGL,CE,Combined TRACON& Tower with Radar,10,15,29,16,70,0,11,29,1,41,10,26,58,17,111,18,4,22,133
10/19/2021,TOL,OH,AGL,CE,Combined TRACON& Tower with Radar,17,24,29,8,78,0,11,45,0,56,17,35,74,8,134,80,12,92,226
10/20/2021,TOL,OH,AGL,CE,Combined TRACON& Tower with Radar,17,13,37,18,85,0,3,28,1,32,17,16,65,19,117,38,11,49,166
10/21/2021,TOL,OH,AGL,CE,Combined TRACON& Tower with Radar,17,18,20,16,71,0,2,18,0,20,17,20,38,16,91,22,17,39,130
10/22/2021,TOL,OH,AGL,CE,Combined TRACON& Tower with Radar,15,16,21,2,54,0,3,31,0,34,15,19,52,2,88,6,0,6,94
10/23/2021,TOL,OH,AGL,CE,Combined TRACON& Tower with Radar,10,15,21,0,46,0,4,16,0,20,10,19,37,0,66,2,0,2,68
10/24/2021,TOL,OH,AGL,CE,Combined TRACON& Tower with Radar,11,10,22,0,43,0,1,3,0,4,11,11,25,0,47,0,0,0,47
10/25/2021,TOL,OH,AGL,CE,Combined TRACON& Tower with Radar,13,11,15,0,39,0,0,0,0,0,13,11,15,0,39,0,0,0,39
10/26/2021,TOL,OH,AGL,CE,Combined TRACON& Tower with Radar,19,12,37,10,78,0,6,24,0,30,19,18,61,10,108,42,0,42,150
10/27/2021,TOL,OH,AGL,CE,Combined TRACON& Tower with Radar,16,11,35,8,70,0,4,1,0,5,16,15,36,8,75,6,0,6,81
10/28/2021,TOL,OH,AGL,CE,Combined TRACON& Tower with Radar,19,22,25,9,75,0,5,5,3,13,19,27,30,12,88,2,0,2,90
10/29/2021,TOL,OH,AGL,CE,Combined TRACON& Tower with Radar,15,12,22,0,49,0,0,0,0,0,15,12,22,0,49,0,0,0,49
10/30/2021,TOL,OH,AGL,CE,Combined TRACON& Tower with Radar,9,10,7,5,31,0,0,2,0,2,9,10,9,5,33,0,0,0,33
10/31/2021,TOL,OH,AGL,CE,Combined TRACON& Tower with Radar,12,9,27,0,48,0,4,19,0,23,12,13,46,0,71,28,0,28,99
11/01/2021,TOL,OH,AGL,CE,Combined TRACON& Tower with Radar,12,17,38,12,79,0,12,37,1,50,12,29,75,13,129,36,0,36,165
11/02/2021,TOL,OH,AGL,CE,Combined TRACON& Tower with Radar,12,10,24,20,66,0,4,9,2,15,12,14,33,22,81,0,16,16,97
11/03/2021,TOL,OH,AGL,CE,Combined TRACON& Tower with Radar,8,22,26,28,84,0,2,24,0,26,8,24,50,28,110,22,30,52,162
11/04/2021,TOL,OH,AGL,CE,Combined TRACON& Tower with Radar,15,24,36,16,91,0,5,41,0,46,15,29,77,16,137,36,16,52,189
11/05/2021,TOL,OH,AGL,CE,Combined TRACON& Tower with Radar,19,28,27,12,86,0,8,32,0,40,19,36,59,12,126,0,0,0,126
11/06/2021,TOL,OH,AGL,CE,Combined TRACON& Tower with Radar,18,11,23,11,63,0,10,30,0,40,18,21,53,11,103,20,14,34,137
11/07/2021,TOL,OH,AGL,CE,Combined TRACON& Tower with Radar,15,17,20,19,71,0,3,32,0,35,15,20,52,19,106,20,28,48,154
11/08/2021,TOL,OH,AGL,CE,Combined TRACON& Tower with Radar,13,21,29,16,79,0,9,27,0,36,13,30,56,16,115,40,20,60,175
11/09/2021,TOL,OH,AGL,CE,Combined TRACON& Tower with Radar,21,21,33,15,90,0,7,20,0,27,21,28,53,15,117,18,2,20,137
11/10/2021,TOL,OH,AGL,CE,Combined TRACON& Tower with Radar,18,19,47,23,107,0,0,11,0,11,18,19,58,23,118,4,8,12,130
11/11/2021,TOL,OH,AGL,CE,Combined TRACON& Tower with Radar,15,19,16,0,50,0,3,0,0,3,15,22,16,0,53,0,0,0,53
11/12/2021,TOL,OH,AGL,CE,Combined TRACON& Tower with Radar,8,22,18,0,48,0,4,10,0,14,8,26,28,0,62,0,0,0,62
11/13/2021,TOL,OH,AGL,CE,Combined TRACON& Tower with Radar,11,6,5,0,22,0,0,2,0,2,11,6,7,0,24,0,0,0,24
11/14/2021,TOL,OH,AGL,CE,Combined TRACON& Tower with Radar,8,8,18,2,36,0,1,2,0,3,8,9,20,2,39,0,0,0,39
11/15/2021,TOL,OH,AGL,CE,Combined TRACON& Tower with Radar,13,15,27,16,71,0,3,12,0,15,13,18,39,16,86,10,6,16,102
11/16/2021,TOL,OH,AGL,CE,Combined TRACON& Tower with Radar,11,10,36,14,71,0,6,22,2,30,11,16,58,16,101,16,12,28,129
11/17/2021,TOL,OH,AGL,CE,Combined TRACON& Tower with Radar,24,12,18,15,69,0,3,4,0,7,24,15,22,15,76,0,0,0,76
11/18/2021,TOL,OH,AGL,CE,Combined TRACON& Tower with Radar,21,20,31,8,80,0,2,10,1,13,21,22,41,9,93,26,0,26,119
11/19/2021,TOL,OH,AGL,CE,Combined TRACON& Tower with Radar,20,17,31,0,68,0,9,30,1,40,20,26,61,1,108,11,0,11,119
11/20/2021,TOL,OH,AGL,CE,Combined TRACON& Tower with Radar,14,21,12,0,47,0,5,19,0,24,14,26,31,0,71,4,12,16,87
11/21/2021,TOL,OH,AGL,CE,Combined TRACON& Tower with Radar,12,18,13,0,43,0,3,1,0,4,12,21,14,0,47,8,0,8,55
11/22/2021,TOL,OH,AGL,CE,Combined TRACON& Tower with Radar,14,15,24,22,75,0,4,31,0,35,14,19,55,22,110,42,4,46,156
11/23/2021,TOL,OH,AGL,CE,Combined TRACON& Tower with Radar,21,23,31,26,101,0,4,42,0,46,21,27,73,26,147,8,4,12,159
11/24/2021,TOL,OH,AGL,CE,Combined TRACON& Tower with Radar,20,20,18,10,68,0,1,22,2,25,20,21,40,12,93,2,18,20,113
11/25/2021,TOL,OH,AGL,CE,Combined TRACON& Tower with Radar,8,10,1,0,19,0,0,0,0,0,8,10,1,0,19,0,0,0,19
11/26/2021,TOL,OH,AGL,CE,Combined TRACON& Tower with Radar,3,6,17,0,26,0,8,14,0,22,3,14,31,0,48,0,0,0,48
11/27/2021,TOL,OH,AGL,CE,Combined TRACON& Tower with Radar,12,12,13,1,38,0,3,9,1,13,12,15,22,2,51,6,0,6,57
11/28/2021,TOL,OH,AGL,CE,Combined TRACON& Tower with Radar,17,11,18,0,46,0,1,10,0,11,17,12,28,0,57,0,0,0,57
11/29/2021,TOL,OH,AGL,CE,Combined TRACON& Tower with Radar,14,12,40,18,84,0,4,23,0,27,14,16,63,18,111,8,10,18,129
11/30/2021,TOL,OH,AGL,CE,Combined TRACON& Tower with Radar,18,15,41,9,83,0,5,20,0,25,18,20,61,9,108,6,0,6,114
12/01/2021,TOL,OH,AGL,CE,Combined TRACON& Tower with Radar,15,11,22,11,59,0,3,12,0,15,15,14,34,11,74,4,10,14,88
12/02/2021,TOL,OH,AGL,CE,Combined TRACON& Tower with Radar,24,12,31,11,78,0,8,32,0,40,24,20,63,11,118,98,0,98,216
12/03/2021,TOL,OH,AGL,CE,Combined TRACON& Tower with Radar,22,11,14,0,47,0,1,1,0,2,22,12,15,0,49,0,0,0,49
12/04/2021,TOL,OH,AGL,CE,Combined TRACON& Tower with Radar,12,16,19,12,59,0,0,12,0,12,12,16,31,12,71,0,26,26,97
12/05/2021,TOL,OH,AGL,CE,Combined TRACON& Tower with Radar,12,8,14,1,35,0,0,14,0,14,12,8,28,1,49,12,0,12,61
12/06/2021,TOL,OH,AGL,CE,Combined TRACON& Tower with Radar,9,9,18,12,48,0,0,6,1,7,9,9,24,13,55,12,0,12,67
12/07/2021,TOL,OH,AGL,CE,Combined TRACON& Tower with Radar,14,32,19,9,74,0,1,24,2,27,14,33,43,11,101,6,26,32,133
12/08/2021,TOL,OH,AGL,CE,Combined TRACON& Tower with Radar,16,11,23,17,67,0,2,12,0,14,16,13,35,17,81,26,18,44,125
12/09/2021,TOL,OH,AGL,CE,Combined TRACON& Tower with Radar,23,12,44,10,89,0,0,24,0,24,23,12,68,10,113,24,0,24,137
12/10/2021,TOL,OH,AGL,CE,Combined TRACON& Tower with Radar,22,12,20,0,54,0,0,0,0,0,22,12,20,0,54,0,0,0,54
12/11/2021,TOL,OH,AGL,CE,Combined TRACON& Tower with Radar,15,22,7,0,44,0,0,1,0,1,15,22,8,0,45,0,0,0,45
12/12/2021,TOL,OH,AGL,CE,Combined TRACON& Tower with Radar,19,10,17,0,46,0,7,13,0,20,19,17,30,0,66,71,0,71,137
12/13/2021,TOL,OH,AGL,CE,Combined TRACON& Tower with Radar,10,17,31,11,69,0,10,47,0,57,10,27,78,11,126,0,0,0,126
12/14/2021,TOL,OH,AGL,CE,Combined TRACON& Tower with Radar,15,26,50,4,95,0,5,37,0,42,15,31,87,4,137,56,0,56,193
12/15/2021,TOL,OH,AGL,CE,Combined TRACON& Tower with Radar,20,26,28,12,86,0,6,3,1,10,20,32,31,13,96,2,0,2,98
12/16/2021,TOL,OH,AGL,CE,Combined TRACON& Tower with Radar,21,25,13,8,67,0,3,1,3,7,21,28,14,11,74,29,0,29,103
12/17/2021,TOL,OH,AGL,CE,Combined TRACON& Tower with Radar,15,15,15,0,45,0,4,35,0,39,15,19,50,0,84,0,0,0,84
12/18/2021,TOL,OH,AGL,CE,Combined TRACON& Tower with Radar,13,16,11,0,40,0,0,1,0,1,13,16,12,0,41,0,0,0,41
12/19/2021,TOL,OH,AGL,CE,Combined TRACON& Tower with Radar,13,14,17,0,44,0,2,17,0,19,13,16,34,0,63,16,0,16,79
12/20/2021,TOL,OH,AGL,CE,Combined TRACON& Tower with Radar,14,20,28,12,74,0,2,21,1,24,14,22,49,13,98,8,0,8,106
12/21/2021,TOL,OH,AGL,CE,Combined TRACON& Tower with Radar,19,26,24,8,77,0,3,18,0,21,19,29,42,8,98,8,0,8,106
12/22/2021,TOL,OH,AGL,CE,Combined TRACON& Tower with Radar,20,13,18,11,62,0,4,11,0,15,20,17,29,11,77,0,0,0,77
12/23/2021,TOL,OH,AGL,CE,Combined TRACON& Tower with Radar,22,16,20,0,58,0,10,25,0,35,22,26,45,0,93,2,0,2,95
12/24/2021,TOL,OH,AGL,CE,Combined TRACON& Tower with Radar,4,6,3,0,13,0,0,0,0,0,4,6,3,0,13,0,0,0,13
12/25/2021,TOL,OH,AGL,CE,Combined TRACON& Tower with Radar,3,5,2,0,10,0,2,0,0,2,3,7,2,0,12,0,0,0,12
12/26/2021,TOL,OH,AGL,CE,Combined TRACON& Tower with Radar,4,12,23,0,39,0,2,3,0,5,4,14,26,0,44,8,0,8,52
12/27/2021,TOL,OH,AGL,CE,Combined TRACON& Tower with Radar,8,4,15,0,27,0,0,0,0,0,8,4,15,0,27,16,4,20,47
12/28/2021,TOL,OH,AGL,CE,Combined TRACON& Tower with Radar,8,20,8,2,38,0,0,2,0,2,8,20,10,2,40,2,0,2,42
12/29/2021,TOL,OH,AGL,CE,Combined TRACON& Tower with Radar,6,12,12,0,30,0,0,2,0,2,6,12,14,0,32,10,0,10,42
12/30/2021,TOL,OH,AGL,CE,Combined TRACON& Tower with Radar,11,10,10,0,31,0,0,0,0,0,11,10,10,0,31,0,0,0,31
12/31/2021,TOL,OH,AGL,CE,Combined TRACON& Tower with Radar,2,4,17,5,28,0,0,4,0,4,2,4,21,5,32,0,0,0,32
01/01/2022,TOL,OH,AGL,CE,Combined TRACON& Tower with Radar,0,4,4,0,8,0,0,0,0,0,0,4,4,0,8,0,0,0,8
01/02/2022,TOL,OH,AGL,CE,Combined TRACON& Tower with Radar,8,0,18,0,26,0,2,8,0,10,8,2,26,0,36,11,0,11,47
01/03/2022,TOL,OH,AGL,CE,Combined TRACON& Tower with Radar,8,8,22,12,50,0,4,22,0,26,8,12,44,12,76,10,4,14,90
01/04/2022,TOL,OH,AGL,CE,Combined TRACON& Tower with Radar,9,13,24,11,57,0,5,23,1,29,9,18,47,12,86,0,0,0,86
01/05/2022,TOL,OH,AGL,CE,Combined TRACON& Tower with Radar,12,14,9,8,43,0,0,1,1,2,12,14,10,9,45,0,0,0,45
01/06/2022,TOL,OH,AGL,CE,Combined TRACON& Tower with Radar,11,12,13,7,43,0,3,10,1,14,11,15,23,8,57,47,0,47,104
01/07/2022,TOL,OH,AGL,CE,Combined TRACON& Tower with Radar,13,5,12,0,30,0,1,19,0,20,13,6,31,0,50,23,0,23,73
01/08/2022,TOL,OH,AGL,CE,Combined TRACON& Tower with Radar,14,6,17,0,37,0,3,25,0,28,14,9,42,0,65,0,0,0,65
01/09/2022,TOL,OH,AGL,CE,Combined TRACON& Tower with Radar,9,8,12,0,29,0,0,0,0,0,9,8,12,0,29,12,0,12,41
01/10/2022,TOL,OH,AGL,CE,Combined TRACON& Tower with Radar,12,8,24,14,58,0,3,1,0,4,12,11,25,14,62,0,2,2,64
01/11/2022,TOL,OH,AGL,CE,Combined TRACON& Tower with Radar,19,14,27,14,74,0,2,15,0,17,19,16,42,14,91,8,0,8,99
01/12/2022,TOL,OH,AGL,CE,Combined TRACON& Tower with Radar,16,13,14,12,55,0,2,15,0,17,16,15,29,12,72,16,16,32,104
01/13/2022,TOL,OH,AGL,CE,Combined TRACON& Tower with Radar,14,16,21,10,61,0,0,6,2,8,14,16,27,12,69,16,8,24,93
01/14/2022,TOL,OH,AGL,CE,Combined TRACON& Tower with Radar,13,10,22,0,45,0,0,2,0,2,13,10,24,0,47,16,0,16,63
01/15/2022,TOL,OH,AGL,CE,Combined TRACON& Tower with Radar,15,5,11,0,31,0,1,15,0,16,15,6,26,0,47,0,0,0,47
01/16/2022,TOL,OH,AGL,CE,Combined TRACON& Tower with Radar,12,12,13,0,37,0,0,18,0,18,12,12,31,0,55,0,0,0,55
01/17/2022,TOL,OH,AGL,CE,Combined TRACON& Tower with Radar,11,16,18,0,45,0,1,2,0,3,11,17,20,0,48,14,0,14,62
01/18/2022,TOL,OH,AGL,CE,Combined TRACON& Tower with Radar,15,11,22,12,60,0,2,14,0,16,15,13,36,12,76,8,0,8,84
01/19/2022,TOL,OH,AGL,CE,Combined TRACON& Tower with Radar,13,26,16,14,69,0,5,9,0,14,13,31,25,14,83,12,12,24,107
01/20/2022,TOL,OH,AGL,CE,Combined TRACON& Tower with Radar,14,17,44,4,79,0,8,25,0,33,14,25,69,4,112,33,0,33,145
01/21/2022,TOL,OH,AGL,CE,Combined TRACON& Tower with Radar,19,9,41,2,71,0,8,30,0,38,19,17,71,2,109,8,0,8,117
01/22/2022,TOL,OH,AGL,CE,Combined TRACON& Tower with Radar,16,13,9,0,38,0,6,10,0,16,16,19,19,0,54,6,0,6,60
01/23/2022,TOL,OH,AGL,CE,Combined TRACON& Tower with Radar,7,11,7,2,27,0,1,0,0,1,7,12,7,2,28,0,0,0,28
01/24/2022,TOL,OH,AGL,CE,Combined TRACON& Tower with Radar,6,12,24,0,42,0,2,0,0,2,6,14,24,0,44,0,0,0,44
01/25/2022,TOL,OH,AGL,CE,Combined TRACON& Tower with Radar,11,9,35,10,65,0,1,29,0,30,11,10,64,10,95,14,6,20,115
01/26/2022,TOL,OH,AGL,CE,Combined TRACON& Tower with Radar,16,25,29,10,80,0,7,23,1,31,16,32,52,11,111,24,16,40,151
01/27/2022,TOL,OH,AGL,CE,Combined TRACON& Tower with Radar,17,13,17,5,52,0,0,10,0,10,17,13,27,5,62,16,0,16,78
01/28/2022,TOL,OH,AGL,CE,Combined TRACON& Tower with Radar,16,10,34,0,60,0,0,9,0,9,16,10,43,0,69,6,0,6,75
01/29/2022,TOL,OH,AGL,CE,Combined TRACON& Tower with Radar,13,10,16,0,39,0,4,23,0,27,13,14,39,0,66,50,0,50,116
01/30/2022,TOL,OH,AGL,CE,Combined TRACON& Tower with Radar,11,8,19,0,38,0,2,17,0,19,11,10,36,0,57,12,0,12,69
01/31/2022,TOL,OH,AGL,CE,Combined TRACON& Tower with Radar,9,13,34,16,72,0,2,24,0,26,9,15,58,16,98,20,0,20,118
02/01/2022,TOL,OH,AGL,CE,Combined TRACON& Tower with Radar,13,24,27,8,72,0,3,23,0,26,13,27,50,8,98,10,9,19,117
02/02/2022,TOL,OH,AGL,CE,Combined TRACON& Tower with Radar,12,7,6,0,25,0,0,0,0,0,12,7,6,0,25,0,0,0,25
02/03/2022,TOL,OH,AGL,CE,Combined TRACON& Tower with Radar,8,11,5,0,24,0,0,0,0,0,8,11,5,0,24,0,0,0,24
02/04/2022,TOL,OH,AGL,CE,Combined TRACON& Tower with Radar,11,10,14,0,35,0,0,6,0,6,11,10,20,0,41,0,0,0,41
02/05/2022,TOL,OH,AGL,CE,Combined TRACON& Tower with Radar,10,4,13,9,36,0,1,8,0,9,10,5,21,9,45,0,0,0,45
02/06/2022,TOL,OH,AGL,CE,Combined TRACON& Tower with Radar,10,6,19,6,41,0,7,16,1,24,10,13,35,7,65,0,0,0,65
02/07/2022,TOL,OH,AGL,CE,Combined TRACON& Tower with Radar,11,8,14,4,37,0,7,1,0,8,11,15,15,4,45,0,0,0,45
02/08/2022,TOL,OH,AGL,CE,Combined TRACON& Tower with Radar,12,8,51,5,76,0,11,24,0,35,12,19,75,5,111,20,4,24,135
02/09/2022,TOL,OH,AGL,CE,Combined TRACON& Tower with Radar,13,10,24,15,62,0,1,16,3,20,13,11,40,18,82,10,4,14,96
02/10/2022,TOL,OH,AGL,CE,Combined TRACON& Tower with Radar,14,10,11,0,35,0,3,12,0,15,14,13,23,0,50,7,0,7,57
02/11/2022,TOL,OH,AGL,CE,Combined TRACON& Tower with Radar,11,9,19,0,39,0,0,0,0,0,11,9,19,0,39,2,0,2,41
02/12/2022,TOL,OH,AGL,CE,Combined TRACON& Tower with Radar,13,11,15,0,39,0,1,12,0,13,13,12,27,0,52,0,0,0,52
02/13/2022,TOL,OH,AGL,CE,Combined TRACON& Tower with Radar,8,13,16,0,37,0,1,9,0,10,8,14,25,0,47,17,0,17,64
02/14/2022,TOL,OH,AGL,CE,Combined TRACON& Tower with Radar,9,15,25,8,57,0,5,25,0,30,9,20,50,8,87,67,0,67,154
02/15/2022,TOL,OH,AGL,CE,Combined TRACON& Tower with Radar,9,11,42,17,79,0,13,26,0,39,9,24,68,17,118,6,44,50,168
02/16/2022,TOL,OH,AGL,CE,Combined TRACON& Tower with Radar,16,17,8,6,47,0,3,5,2,10,16,20,13,8,57,0,0,0,57
02/17/2022,TOL,OH,AGL,CE,Combined TRACON& Tower with Radar,9,5,16,0,30,0,0,0,0,0,9,5,16,0,30,0,0,0,30
02/18/2022,TOL,OH,AGL,CE,Combined TRACON& Tower with Radar,12,8,20,1,41,0,2,7,0,9,12,10,27,1,50,16,0,16,66
02/19/2022,TOL,OH,AGL,CE,Combined TRACON& Tower with Radar,11,9,9,0,29,0,4,6,0,10,11,13,15,0,39,0,0,0,39
02/20/2022,TOL,OH,AGL,CE,Combined TRACON& Tower with Radar,7,15,10,1,33,0,5,7,0,12,7,20,17,1,45,0,0,0,45
02/21/2022,TOL,OH,AGL,CE,Combined TRACON& Tower with Radar,9,13,44,0,66,0,7,32,0,39,9,20,76,0,105,38,0,38,143
02/22/2022,TOL,OH,AGL,CE,Combined TRACON& Tower with Radar,11,6,23,0,40,0,0,4,0,4,11,6,27,0,44,0,0,0,44
02/23/2022,TOL,OH,AGL,CE,Combined TRACON& Tower with Radar,7,13,26,12,58,0,4,17,0,21,7,17,43,12,79,10,0,10,89
02/24/2022,TOL,OH,AGL,CE,Combined TRACON& Tower with Radar,12,12,21,4,49,0,1,12,4,17,12,13,33,8,66,26,0,26,92
02/25/2022,TOL,OH,AGL,CE,Combined TRACON& Tower with Radar,16,20,18,0,54,0,1,1,0,2,16,21,19,0,56,0,0,0,56
02/26/2022,TOL,OH,AGL,CE,Combined TRACON& Tower with Radar,11,10,20,0,41,0,2,11,0,13,11,12,31,0,54,0,0,0,54
02/27/2022,TOL,OH,AGL,CE,Combined TRACON& Tower with Radar,8,4,20,0,32,0,3,16,0,19,8,7,36,0,51,4,0,4,55
02/28/2022,TOL,OH,AGL,CE,Combined TRACON& Tower with Radar,13,15,37,12,77,0,21,44,1,66,13,36,81,13,143,32,0,32,175
03/01/2022,TOL,OH,AGL,CE,Combined TRACON& Tower with Radar,15,17,33,10,75,0,0,11,0,11,15,17,44,10,86,14,0,14,100
03/02/2022,TOL,OH,AGL,CE,Combined TRACON& Tower with Radar,16,13,28,10,67,0,1,24,1,26,16,14,52,11,93,6,0,6,99
03/03/2022,TOL,OH,AGL,CE,Combined TRACON& Tower with Radar,11,25,42,3,81,0,14,27,0,41,11,39,69,3,122,14,0,14,136
03/04/2022,TOL,OH,AGL,CE,Combined TRACON& Tower with Radar,15,10,12,4,41,0,1,31,0,32,15,11,43,4,73,16,0,16,89
03/05/2022,TOL,OH,AGL,CE,Combined TRACON& Tower with Radar,11,15,13,2,41,0,6,21,0,27,11,21,34,2,68,4,0,4,72
03/06/2022,TOL,OH,AGL,CE,Combined TRACON& Tower with Radar,11,8,13,0,32,0,2,4,0,6,11,10,17,0,38,0,0,0,38
03/07/2022,TOL,OH,AGL,CE,Combined TRACON& Tower with Radar,12,8,4,3,27,0,1,1,0,2,12,9,5,3,29,0,0,0,29
03/08/2022,TOL,OH,AGL,CE,Combined TRACON& Tower with Radar,17,20,36,0,73,0,6,18,0,24,17,26,54,0,97,16,0,16,113
03/09/2022,TOL,OH,AGL,CE,Combined TRACON& Tower with Radar,15,15,27,0,57,0,9,28,0,37,15,24,55,0,94,42,0,42,136
03/10/2022,TOL,OH,AGL,CE,Combined TRACON& Tower with Radar,11,10,25,0,46,0,6,37,0,43,11,16,62,0,89,10,0,10,99
03/11/2022,TOL,OH,AGL,CE,Combined TRACON& Tower with Radar,12,4,11,0,27,0,0,3,0,3,12,4,14,0,30,0,0,0,30
03/12/2022,TOL,OH,AGL,CE,Combined TRACON& Tower with Radar,13,7,3,6,29,0,1,7,0,8,13,8,10,6,37,0,0,0,37
03/13/2022,TOL,OH,AGL,CE,Combined TRACON& Tower with Radar,8,6,20,0,34,0,1,4,0,5,8,7,24,0,39,0,0,0,39
03/14/2022,TOL,OH,AGL,CE,Combined TRACON& Tower with Radar,15,14,33,2,64,0,7,32,0,39,15,21,65,2,103,2,0,2,105
03/15/2022,TOL,OH,AGL,CE,Combined TRACON& Tower with Radar,14,16,41,4,75,0,5,32,0,37,14,21,73,4,112,6,4,10,122
03/16/2022,TOL,OH,AGL,CE,Combined TRACON& Tower with Radar,18,12,39,4,73,0,2,37,0,39,18,14,76,4,112,4,4,8,120
03/17/2022,TOL,OH,AGL,CE,Combined TRACON& Tower with Radar,12,21,30,2,65,0,2,61,0,63,12,23,91,2,128,38,0,38,166
03/18/2022,TOL,OH,AGL,CE,Combined TRACON& Tower with Radar,19,10,19,3,51,0,6,29,0,35,19,16,48,3,86,40,0,40,126
03/19/2022,TOL,OH,AGL,CE,Combined TRACON& Tower with Radar,19,11,15,2,47,0,0,0,0,0,19,11,15,2,47,0,0,0,47
03/20/2022,TOL,OH,AGL,CE,Combined TRACON& Tower with Radar,9,12,32,0,53,0,4,39,0,43,9,16,71,0,96,12,0,12,108
03/21/2022,TOL,OH,AGL,CE,Combined TRACON& Tower with Radar,13,11,48,6,78,0,10,40,0,50,13,21,88,6,128,74,2,76,204
03/22/2022,TOL,OH,AGL,CE,Combined TRACON& Tower with Radar,14,8,25,5,52,0,0,5,0,5,14,8,30,5,57,0,0,0,57
03/23/2022,TOL,OH,AGL,CE,Combined TRACON& Tower with Radar,17,15,17,10,59,0,2,2,0,4,17,17,19,10,63,0,0,0,63
03/24/2022,TOL,OH,AGL,CE,Combined TRACON& Tower with Radar,17,8,23,4,52,0,0,15,0,15,17,8,38,4,67,18,0,18,85
03/25/2022,TOL,OH,AGL,CE,Combined TRACON& Tower with Radar,15,14,7,0,36,0,1,2,1,4,15,15,9,1,40,8,0,8,48
03/26/2022,TOL,OH,AGL,CE,Combined TRACON& Tower with Radar,19,8,6,0,33,0,1,4,0,5,19,9,10,0,38,0,0,0,38
03/27/2022,TOL,OH,AGL,CE,Combined TRACON& Tower with Radar,10,4,23,0,37,0,1,7,0,8,10,5,30,0,45,0,0,0,45
03/28/2022,TOL,OH,AGL,CE,Combined TRACON& Tower with Radar,12,10,30,10,62,0,4,36,1,41,12,14,66,11,103,36,8,44,147
03/29/2022,TOL,OH,AGL,CE,Combined TRACON& Tower with Radar,11,17,41,4,73,0,3,24,0,27,11,20,65,4,100,4,5,9,109
03/30/2022,TOL,OH,AGL,CE,Combined TRACON& Tower with Radar,19,8,14,13,54,0,4,10,2,16,19,12,24,15,70,0,0,0,70
03/31/2022,TOL,OH,AGL,CE,Combined TRACON& Tower with Radar,13,8,25,4,50,0,0,1,0,1,13,8,26,4,51,0,0,0,51
04/01/2022,TOL,OH,AGL,CE,Combined TRACON& Tower with Radar,16,10,22,0,48,0,2,14,0,16,16,12,36,0,64,10,0,10,74
04/02/2022,TOL,OH,AGL,CE,Combined TRACON& Tower with Radar,18,16,33,0,67,0,1,41,0,42,18,17,74,0,109,22,0,22,131
04/03/2022,TOL,OH,AGL,CE,Combined TRACON& Tower with Radar,8,4,22,0,34,0,0,11,0,11,8,4,33,0,45,0,0,0,45
04/04/2022,TOL,OH,AGL,CE,Combined TRACON& Tower with Radar,14,10,29,2,55,0,1,5,0,6,14,11,34,2,61,2,0,2,63
04/05/2022,TOL,OH,AGL,CE,Combined TRACON& Tower with Radar,14,12,35,8,69,0,3,19,1,23,14,15,54,9,92,19,0,19,111
04/06/2022,TOL,OH,AGL,CE,Combined TRACON& Tower with Radar,19,10,37,0,66,0,0,8,0,8,19,10,45,0,74,4,0,4,78
04/07/2022,TOL,OH,AGL,CE,Combined TRACON& Tower with Radar,15,16,49,11,91,0,2,28,0,30,15,18,77,11,121,33,2,35,156
04/08/2022,TOL,OH,AGL,CE,Combined TRACON& Tower with Radar,13,8,25,0,46,0,0,2,0,2,13,8,27,0,48,2,0,2,50
04/09/2022,TOL,OH,AGL,CE,Combined TRACON& Tower with Radar,9,6,11,7,33,0,1,12,1,14,9,7,23,8,47,0,15,15,62
04/10/2022,TOL,OH,AGL,CE,Combined TRACON& Tower with Radar,12,13,36,8,69,0,9,39,0,48,12,22,75,8,117,10,24,34,151
04/11/2022,TOL,OH,AGL,CE,Combined TRACON& Tower with Radar,10,6,29,10,55,0,1,6,4,11,10,7,35,14,66,2,0,2,68
04/12/2022,TOL,OH,AGL,CE,Combined TRACON& Tower with Radar,15,10,49,10,84,0,0,30,0,30,15,10,79,10,114,14,4,18,132
04/13/2022,TOL,OH,AGL,CE,Combined TRACON& Tower with Radar,15,13,23,2,53,0,0,0,0,0,15,13,23,2,53,0,0,0,53
04/14/2022,TOL,OH,AGL,CE,Combined TRACON& Tower with Radar,11,6,25,5,47,0,0,1,2,3,11,6,26,7,50,0,0,0,50
04/15/2022,TOL,OH,AGL,CE,Combined TRACON& Tower with Radar,9,7,18,1,35,0,0,3,0,3,9,7,21,1,38,2,14,16,54
04/16/2022,TOL,OH,AGL,CE,Combined TRACON& Tower with Radar,10,4,24,0,38,0,0,17,3,20,10,4,41,3,58,0,0,0,58
04/17/2022,TOL,OH,AGL,CE,Combined TRACON& Tower with Radar,9,6,17,0,32,0,2,14,0,16,9,8,31,0,48,44,3,47,95
04/18/2022,TOL,OH,AGL,CE,Combined TRACON& Tower with Radar,9,12,21,6,48,0,0,0,0,0,9,12,21,6,48,0,6,6,54
04/19/2022,TOL,OH,AGL,CE,Combined TRACON& Tower with Radar,11,11,25,12,59,0,2,7,0,9,11,13,32,12,68,0,22,22,90
04/20/2022,TOL,OH,AGL,CE,Combined TRACON& Tower with Radar,9,13,42,13,77,0,6,34,6,46,9,19,76,19,123,4,30,34,157
04/21/2022,TOL,OH,AGL,CE,Combined TRACON& Tower with Radar,8,8,33,9,58,0,1,2,1,4,8,9,35,10,62,4,0,4,66
04/22/2022,TOL,OH,AGL,CE,Combined TRACON& Tower with Radar,10,11,17,0,38,0,4,8,0,12,10,15,25,0,50,0,0,0,50
04/23/2022,TOL,OH,AGL,CE,Combined TRACON& Tower with Radar,11,10,14,0,35,0,7,27,0,34,11,17,41,0,69,0,0,0,69
04/24/2022,TOL,OH,AGL,CE,Combined TRACON& Tower with Radar,8,8,22,1,39,0,2,3,0,5,8,10,25,1,44,0,0,0,44
04/25/2022,TOL,OH,AGL,CE,Combined TRACON& Tower with Radar,11,12,36,12,71,0,3,11,0,14,11,15,47,12,85,37,0,37,122
04/26/2022,TOL,OH,AGL,CE,Combined TRACON& Tower with Radar,10,7,39,12,68,0,5,18,0,23,10,12,57,12,91,18,6,24,115
04/27/2022,TOL,OH,AGL,CE,Combined TRACON& Tower with Radar,15,16,30,17,78,0,6,19,1,26,15,22,49,18,104,0,18,18,122
04/28/2022,TOL,OH,AGL,CE,Combined TRACON& Tower with Radar,8,8,38,9,63,0,10,34,0,44,8,18,72,9,107,42,0,42,149
04/29/2022,TOL,OH,AGL,CE,Combined TRACON& Tower with Radar,13,10,25,0,48,0,14,40,0,54,13,24,65,0,102,14,0,14,116
04/30/2022,TOL,OH,AGL,CE,Combined TRACON& Tower with Radar,11,5,6,1,23,0,2,8,0,10,11,7,14,1,33,0,0,0,33
05/01/2022,TOL,OH,AGL,CE,Combined TRACON& Tower with Radar,7,15,10,0,32,0,3,3,0,6,7,18,13,0,38,0,0,0,38
05/02/2022,TOL,OH,AGL,CE,Combined TRACON& Tower with Radar,10,15,22,14,61,0,7,11,0,18,10,22,33,14,79,16,0,16,95
05/03/2022,TOL,OH,AGL,CE,Combined TRACON& Tower with Radar,11,12,15,0,38,0,0,3,0,3,11,12,18,0,41,20,0,20,61
05/04/2022,TOL,OH,AGL,CE,Combined TRACON& Tower with Radar,14,15,29,12,70,0,4,19,0,23,14,19,48,12,93,0,0,0,93
05/05/2022,TOL,OH,AGL,CE,Combined TRACON& Tower with Radar,11,8,39,6,64,0,0,10,1,11,11,8,49,7,75,2,12,14,89
05/06/2022,TOL,OH,AGL,CE,Combined TRACON& Tower with Radar,10,12,14,0,36,0,2,2,0,4,10,14,16,0,40,0,0,0,40
05/07/2022,TOL,OH,AGL,CE,Combined TRACON& Tower with Radar,11,5,20,0,36,0,3,10,0,13,11,8,30,0,49,8,0,8,57
05/08/2022,TOL,OH,AGL,CE,Combined TRACON& Tower with Radar,9,15,17,2,43,0,11,16,0,27,9,26,33,2,70,10,0,10,80
05/09/2022,TOL,OH,AGL,CE,Combined TRACON& Tower with Radar,9,12,28,20,69,0,3,20,0,23,9,15,48,20,92,8,14,22,114
05/10/2022,TOL,OH,AGL,CE,Combined TRACON& Tower with Radar,8,22,45,14,89,0,12,23,0,35,8,34,68,14,124,10,22,32,156
05/11/2022,TOL,OH,AGL,CE,Combined TRACON& Tower with Radar,12,9,49,18,88,0,8,28,0,36,12,17,77,18,124,9,10,19,143
05/12/2022,TOL,OH,AGL,CE,Combined TRACON& Tower with Radar,10,6,39,13,68,0,8,41,1,50,10,14,80,14,118,28,0,28,146
05/13/2022,TOL,OH,AGL,CE,Combined TRACON& Tower with Radar,13,18,19,0,50,0,5,21,0,26,13,23,40,0,76,4,0,4,80
05/14/2022,TOL,OH,AGL,CE,Combined TRACON& Tower with Radar,13,9,15,22,59,0,1,42,2,45,13,10,57,24,104,40,8,48,152
05/15/2022,TOL,OH,AGL,CE,Combined TRACON& Tower with Radar,8,12,15,18,53,0,0,92,0,92,8,12,107,18,145,22,0,22,167
05/16/2022,TOL,OH,AGL,CE,Combined TRACON& Tower with Radar,11,14,28,19,72,0,2,20,1,23,11,16,48,20,95,18,0,18,113
05/17/2022,TOL,OH,AGL,CE,Combined TRACON& Tower with Radar,8,11,49,14,82,0,14,26,0,40,8,25,75,14,122,22,2,24,146
05/18/2022,TOL,OH,AGL,CE,Combined TRACON& Tower with Radar,10,10,38,24,82,0,1,6,0,7,10,11,44,24,89,4,18,22,111
05/19/2022,TOL,OH,AGL,CE,Combined TRACON& Tower with Radar,10,9,46,6,71,0,2,28,0,30,10,11,74,6,101,4,0,4,105
05/20/2022,TOL,OH,AGL,CE,Combined TRACON& Tower with Radar,9,10,20,0,39,0,9,8,0,17,9,19,28,0,56,0,0,0,56
05/21/2022,TOL,OH,AGL,CE,Combined TRACON& Tower with Radar,8,10,9,0,27,0,3,8,0,11,8,13,17,0,38,0,0,0,38
05/22/2022,TOL,OH,AGL,CE,Combined TRACON& Tower with Radar,12,8,27,0,47,0,4,19,0,23,12,12,46,0,70,0,0,0,70
05/23/2022,TOL,OH,AGL,CE,Combined TRACON& Tower with Radar,12,7,22,17,58,0,7,53,4,64,12,14,75,21,122,6,22,28,150
05/24/2022,TOL,OH,AGL,CE,Combined TRACON& Tower with Radar,12,9,30,16,67,0,12,37,1,50,12,21,67,17,117,20,2,22,139
05/25/2022,TOL,OH,AGL,CE,Combined TRACON& Tower with Radar,11,8,36,16,71,0,5,13,0,18,11,13,49,16,89,4,4,8,97
05/26/2022,TOL,OH,AGL,CE,Combined TRACON& Tower with Radar,12,8,46,0,66,0,0,8,0,8,12,8,54,0,74,0,0,0,74
05/27/2022,TOL,OH,AGL,CE,Combined TRACON& Tower with Radar,8,5,28,0,41,0,6,7,0,13,8,11,35,0,54,4,0,4,58
05/28/2022,TOL,OH,AGL,CE,Combined TRACON& Tower with Radar,12,10,21,1,44,0,5,15,1,21,12,15,36,2,65,24,0,24,89
05/29/2022,TOL,OH,AGL,CE,Combined TRACON& Tower with Radar,5,8,12,0,25,0,13,13,0,26,5,21,25,0,51,0,0,0,51
05/30/2022,TOL,OH,AGL,CE,Combined TRACON& Tower with Radar,8,6,8,1,23,0,2,25,3,30,8,8,33,4,53,0,4,4,57
05/31/2022,TOL,OH,AGL,CE,Combined TRACON& Tower with Radar,12,9,28,20,69,0,7,17,1,25,12,16,45,21,94,0,6,6,100
06/01/2022,TOL,OH,AGL,CE,Combined TRACON& Tower with Radar,11,14,12,18,55,0,7,24,0,31,11,21,36,18,86,34,10,44,130
06/02/2022,TOL,OH,AGL,CE,Combined TRACON& Tower with Radar,14,18,33,15,80,0,4,23,0,27,14,22,56,15,107,20,0,20,127
06/03/2022,TOL,OH,AGL,CE,Combined TRACON& Tower with Radar,11,11,35,0,57,0,5,23,1,29,11,16,58,1,86,16,0,16,102
06/04/2022,TOL,OH,AGL,CE,Combined TRACON& Tower with Radar,10,17,14,14,55,0,8,29,1,38,10,25,43,15,93,0,0,0,93
06/05/2022,TOL,OH,AGL,CE,Combined TRACON& Tower with Radar,10,20,26,14,70,0,8,17,1,26,10,28,43,15,96,0,20,20,116
06/06/2022,TOL,OH,AGL,CE,Combined TRACON& Tower with Radar,10,11,19,19,59,0,0,7,3,10,10,11,26,22,69,0,16,16,85
06/07/2022,TOL,OH,AGL,CE,Combined TRACON& Tower with Radar,19,11,26,12,68,0,3,6,0,9,19,14,32,12,77,4,2,6,83
06/08/2022,TOL,OH,AGL,CE,Combined TRACON& Tower with Radar,12,8,37,17,74,0,2,31,2,35,12,10,68,19,109,6,8,14,123
06/09/2022,TOL,OH,AGL,CE,Combined TRACON& Tower with Radar,14,10,37,9,70,0,4,20,1,25,14,14,57,10,95,25,4,29,124
06/10/2022,TOL,OH,AGL,CE,Combined TRACON& Tower with Radar,18,14,27,0,59,0,3,11,0,14,18,17,38,0,73,4,0,4,77
06/11/2022,TOL,OH,AGL,CE,Combined TRACON& Tower with Radar,9,12,9,0,30,0,7,18,0,25,9,19,27,0,55,12,0,12,67
06/12/2022,TOL,OH,AGL,CE,Combined TRACON& Tower with Radar,11,10,19,0,40,0,2,14,0,16,11,12,33,0,56,4,0,4,60
06/13/2022,TOL,OH,AGL,CE,Combined TRACON& Tower with Radar,12,11,11,18,52,0,1,16,2,19,12,12,27,20,71,0,35,35,106
06/14/2022,TOL,OH,AGL,CE,Combined TRACON& Tower with Radar,19,9,23,22,73,0,3,16,1,20,19,12,39,23,93,4,6,10,103
06/15/2022,TOL,OH,AGL,CE,Combined TRACON& Tower with Radar,19,6,27,16,68,0,13,35,1,49,19,19,62,17,117,0,24,24,141
06/16/2022,TOL,OH,AGL,CE,Combined TRACON& Tower with Radar,18,9,28,12,67,0,6,23,0,29,18,15,51,12,96,9,6,15,111
06/17/2022,TOL,OH,AGL,CE,Combined TRACON& Tower with Radar,10,5,15,2,32,0,3,18,0,21,10,8,33,2,53,4,0,4,57
06/18/2022,TOL,OH,AGL,CE,Combined TRACON& Tower with Radar,15,13,9,0,37,0,4,18,0,22,15,17,27,0,59,12,0,12,71
06/19/2022,TOL,OH,AGL,CE,Combined TRACON& Tower with Radar,8,5,14,0,27,0,1,19,0,20,8,6,33,0,47,0,0,0,47
06/20/2022,TOL,OH,AGL,CE,Combined TRACON& Tower with Radar,14,7,22,0,43,0,3,35,0,38,14,10,57,0,81,59,0,59,140
06/21/2022,TOL,OH,AGL,CE,Combined TRACON& Tower with Radar,13,4,31,14,62,0,7,36,2,45,13,11,67,16,107,29,2,31,138
06/22/2022,TOL,OH,AGL,CE,Combined TRACON& Tower with Radar,15,5,35,15,70,0,9,29,0,38,15,14,64,15,108,48,9,57,165
06/23/2022,TOL,OH,AGL,CE,Combined TRACON& Tower with Radar,7,7,30,7,51,0,10,43,2,55,7,17,73,9,106,34,0,34,140
06/24/2022,TOL,OH,AGL,CE,Combined TRACON& Tower with Radar,11,10,28,0,49,1,4,34,1,40,12,14,62,1,89,32,0,32,121
06/25/2022,TOL,OH,AGL,CE,Combined TRACON& Tower with Radar,5,10,9,1,25,1,4,19,3,27,6,14,28,4,52,32,0,32,84
06/26/2022,TOL,OH,AGL,CE,Combined TRACON& Tower with Radar,9,8,28,0,45,0,6,11,0,17,9,14,39,0,62,16,0,16,78
06/27/2022,TOL,OH,AGL,CE,Combined TRACON& Tower with Radar,12,7,22,21,62,0,6,19,2,27,12,13,41,23,89,42,12,54,143
06/28/2022,TOL,OH,AGL,CE,Combined TRACON& Tower with Radar,14,7,31,11,63,1,8,19,2,30,15,15,50,13,93,14,0,14,107
06/29/2022,TOL,OH,AGL,CE,Combined TRACON& Tower with Radar,15,23,35,16,89,0,7,49,0,56,15,30,84,16,145,22,10,32,177
06/30/2022,TOL,OH,AGL,CE,Combined TRACON& Tower with Radar,21,18,38,6,83,1,4,36,0,41,22,22,74,6,124,32,0,32,156
07/01/2022,TOL,OH,AGL,CE,Combined TRACON& Tower with Radar,19,8,29,0,56,0,0,21,0,21,19,8,50,0,77,26,0,26,103
07/02/2022,TOL,OH,AGL,CE,Combined TRACON& Tower with Radar,8,6,28,0,42,1,3,25,0,29,9,9,53,0,71,4,0,4,75
07/03/2022,TOL,OH,AGL,CE,Combined TRACON& Tower with Radar,11,6,19,0,36,0,1,8,1,10,11,7,27,1,46,0,0,0,46
07/04/2022,TOL,OH,AGL,CE,Combined TRACON& Tower with Radar,5,9,15,0,29,0,0,14,0,14,5,9,29,0,43,0,0,0,43
07/05/2022,TOL,OH,AGL,CE,Combined TRACON& Tower with Radar,8,10,22,9,49,0,6,3,2,11,8,16,25,11,60,2,25,27,87
07/06/2022,TOL,OH,AGL,CE,Combined TRACON& Tower with Radar,6,9,25,11,51,1,0,10,0,11,7,9,35,11,62,0,0,0,62
07/07/2022,TOL,OH,AGL,CE,Combined TRACON& Tower with Radar,7,14,43,10,74,0,12,19,0,31,7,26,62,10,105,20,0,20,125
07/08/2022,TOL,OH,AGL,CE,Combined TRACON& Tower with Radar,8,6,20,0,34,1,4,19,0,24,9,10,39,0,58,16,0,16,74
07/09/2022,TOL,OH,AGL,CE,Combined TRACON& Tower with Radar,6,8,15,0,29,1,6,27,0,34,7,14,42,0,63,2,0,2,65
07/10/2022,TOL,OH,AGL,CE,Combined TRACON& Tower with Radar,6,7,29,0,42,1,7,31,0,39,7,14,60,0,81,0,0,0,81
07/11/2022,TOL,OH,AGL,CE,Combined TRACON& Tower with Radar,6,11,20,9,46,0,2,23,0,25,6,13,43,9,71,2,12,14,85
07/12/2022,TOL,OH,AGL,CE,Combined TRACON& Tower with Radar,6,11,24,24,65,1,8,20,0,29,7,19,44,24,94,14,0,14,108
07/13/2022,TOL,OH,AGL,CE,Combined TRACON& Tower with Radar,7,8,27,9,51,0,2,28,0,30,7,10,55,9,81,29,0,29,110
07/14/2022,TOL,OH,AGL,CE,Combined TRACON& Tower with Radar,10,17,45,8,80,0,12,34,1,47,10,29,79,9,127,27,8,35,162
07/15/2022,TOL,OH,AGL,CE,Combined TRACON& Tower with Radar,10,15,30,1,56,0,7,20,1,28,10,22,50,2,84,6,0,6,90
07/16/2022,TOL,OH,AGL,CE,Combined TRACON& Tower with Radar,8,7,19,0,34,1,1,7,3,12,9,8,26,3,46,12,0,12,58
07/17/2022,TOL,OH,AGL,CE,Combined TRACON& Tower with Radar,7,11,11,0,29,1,0,3,1,5,8,11,14,1,34,0,0,0,34
07/18/2022,TOL,OH,AGL,CE,Combined TRACON& Tower with Radar,8,16,27,7,58,0,6,26,0,32,8,22,53,7,90,0,14,14,104
07/19/2022,TOL,OH,AGL,CE,Combined TRACON& Tower with Radar,8,9,40,11,68,0,7,45,7,59,8,16,85,18,127,42,0,42,169
07/20/2022,TOL,OH,AGL,CE,Combined TRACON& Tower with Radar,10,13,21,15,59,0,2,16,1,19,10,15,37,16,78,22,20,42,120
07/21/2022,TOL,OH,AGL,CE,Combined TRACON& Tower with Radar,9,19,34,0,62,0,6,17,0,23,9,25,51,0,85,8,0,8,93
07/22/2022,TOL,OH,AGL,CE,Combined TRACON& Tower with Radar,11,13,31,0,55,0,12,28,0,40,11,25,59,0,95,39,0,39,134
07/23/2022,TOL,OH,AGL,CE,Combined TRACON& Tower with Radar,10,7,15,0,32,0,4,12,0,16,10,11,27,0,48,0,0,0,48
07/24/2022,TOL,OH,AGL,CE,Combined TRACON& Tower with Radar,10,9,16,0,35,0,1,8,0,9,10,10,24,0,44,0,0,0,44
07/25/2022,TOL,OH,AGL,CE,Combined TRACON& Tower with Radar,9,13,34,17,73,0,5,35,1,41,9,18,69,18,114,30,14,44,158
07/26/2022,TOL,OH,AGL,CE,Combined TRACON& Tower with Radar,8,20,38,18,84,0,4,26,1,31,8,24,64,19,115,0,0,0,115
07/27/2022,TOL,OH,AGL,CE,Combined TRACON& Tower with Radar,8,19,45,14,86,1,3,7,1,12,9,22,52,15,98,2,2,4,102
07/28/2022,TOL,OH,AGL,CE,Combined TRACON& Tower with Radar,11,15,45,12,83,1,6,47,0,54,12,21,92,12,137,16,8,24,161
07/29/2022,TOL,OH,AGL,CE,Combined TRACON& Tower with Radar,11,9,34,4,58,0,7,19,0,26,11,16,53,4,84,0,0,0,84
07/30/2022,TOL,OH,AGL,CE,Combined TRACON& Tower with Radar,11,15,22,0,48,0,8,23,0,31,11,23,45,0,79,7,0,7,86
07/31/2022,TOL,OH,AGL,CE,Combined TRACON& Tower with Radar,11,10,24,0,45,0,5,29,4,38,11,15,53,4,83,8,0,8,91
08/01/2022,TOL,OH,AGL,CE,Combined TRACON& Tower with Radar,7,18,18,2,45,0,1,5,0,6,7,19,23,2,51,12,0,12,63
08/02/2022,TOL,OH,AGL,CE,Combined TRACON& Tower with Radar,7,19,38,2,66,0,6,24,0,30,7,25,62,2,96,24,0,24,120
08/03/2022,TOL,OH,AGL,CE,Combined TRACON& Tower with Radar,10,11,42,2,65,0,0,35,0,35,10,11,77,2,100,18,0,18,118
08/04/2022,TOL,OH,AGL,CE,Combined TRACON& Tower with Radar,7,9,31,4,51,1,3,30,0,34,8,12,61,4,85,26,0,26,111
08/05/2022,TOL,OH,AGL,CE,Combined TRACON& Tower with Radar,8,8,18,7,41,0,9,9,1,19,8,17,27,8,60,0,22,22,82
08/06/2022,TOL,OH,AGL,CE,Combined TRACON& Tower with Radar,6,11,17,0,34,1,9,15,0,25,7,20,32,0,59,12,0,12,71
08/07/2022,TOL,OH,AGL,CE,Combined TRACON& Tower with Radar,7,13,21,0,41,0,3,13,0,16,7,16,34,0,57,15,0,15,72
08/08/2022,TOL,OH,AGL,CE,Combined TRACON& Tower with Radar,6,9,18,0,33,0,3,4,0,7,6,12,22,0,40,0,0,0,40
08/09/2022,TOL,OH,AGL,CE,Combined TRACON& Tower with Radar,9,17,61,12,99,1,2,10,0,13,10,19,71,12,112,12,8,20,132
08/10/2022,TOL,OH,AGL,CE,Combined TRACON& Tower with Radar,10,18,49,24,101,1,8,35,4,48,11,26,84,28,149,44,17,61,210
08/11/2022,TOL,OH,AGL,CE,Combined TRACON& Tower with Radar,6,15,41,18,80,1,3,33,2,39,7,18,74,20,119,41,0,41,160
08/12/2022,TOL,OH,AGL,CE,Combined TRACON& Tower with Radar,10,8,33,0,51,1,4,30,0,35,11,12,63,0,86,10,0,10,96
08/13/2022,TOL,OH,AGL,CE,Combined TRACON& Tower with Radar,8,8,13,0,29,0,1,11,0,12,8,9,24,0,41,10,0,10,51
08/14/2022,TOL,OH,AGL,CE,Combined TRACON& Tower with Radar,8,11,11,0,30,0,6,12,0,18,8,17,23,0,48,0,0,0,48
08/15/2022,TOL,OH,AGL,CE,Combined TRACON& Tower with Radar,7,8,27,18,60,0,6,41,0,47,7,14,68,18,107,52,0,52,159
08/16/2022,TOL,OH,AGL,CE,Combined TRACON& Tower with Radar,8,12,23,24,67,0,0,20,3,23,8,12,43,27,90,54,16,70,160
08/17/2022,TOL,OH,AGL,CE,Combined TRACON& Tower with Radar,8,17,28,13,66,0,1,26,2,29,8,18,54,15,95,10,18,28,123
08/18/2022,TOL,OH,AGL,CE,Combined TRACON& Tower with Radar,9,11,39,18,77,0,7,37,0,44,9,18,76,18,121,19,8,27,148
08/19/2022,TOL,OH,AGL,CE,Combined TRACON& Tower with Radar,10,7,32,6,55,0,2,68,1,71,10,9,100,7,126,74,0,74,200
08/20/2022,TOL,OH,AGL,CE,Combined TRACON& Tower with Radar,6,9,20,3,38,1,4,54,3,62,7,13,74,6,100,4,0,4,104
08/21/2022,TOL,OH,AGL,CE,Combined TRACON& Tower with Radar,7,4,12,0,23,0,0,18,3,21,7,4,30,3,44,26,0,26,70
08/22/2022,TOL,OH,AGL,CE,Combined TRACON& Tower with Radar,5,11,28,14,58,0,4,35,1,40,5,15,63,15,98,60,0,60,158
08/23/2022,TOL,OH,AGL,CE,Combined TRACON& Tower with Radar,8,8,34,13,63,1,5,21,1,28,9,13,55,14,91,22,10,32,123
08/24/2022,TOL,OH,AGL,CE,Combined TRACON& Tower with Radar,9,12,27,15,63,0,19,23,0,42,9,31,50,15,105,22,8,30,135
08/25/2022,TOL,OH,AGL,CE,Combined TRACON& Tower with Radar,8,16,32,10,66,1,9,34,0,44,9,25,66,10,110,9,0,9,119
08/26/2022,TOL,OH,AGL,CE,Combined TRACON& Tower with Radar,7,10,31,0,48,0,2,10,0,12,7,12,41,0,60,2,0,2,62
08/27/2022,TOL,OH,AGL,CE,Combined TRACON& Tower with Radar,6,17,23,0,46,0,2,38,0,40,6,19,61,0,86,14,0,14,100
08/28/2022,TOL,OH,AGL,CE,Combined TRACON& Tower with Radar,8,10,23,5,46,0,5,42,0,47,8,15,65,5,93,10,0,10,103
08/29/2022,TOL,OH,AGL,CE,Combined TRACON& Tower with Radar,5,13,15,5,38,0,0,9,1,10,5,13,24,6,48,0,4,4,52
08/30/2022,TOL,OH,AGL,CE,Combined TRACON& Tower with Radar,5,9,48,16,78,0,5,14,1,20,5,14,62,17,98,24,10,34,132
08/31/2022,TOL,OH,AGL,CE,Combined TRACON& Tower with Radar,6,9,41,16,72,0,8,36,0,44,6,17,77,16,116,6,0,6,122
09/01/2022,TOL,OH,AGL,CE,Combined TRACON& Tower with Radar,8,11,28,15,62,0,10,25,5,40,8,21,53,20,102,10,12,22,124
09/02/2022,TOL,OH,AGL,CE,Combined TRACON& Tower with Radar,11,10,28,2,51,0,6,27,0,33,11,16,55,2,84,16,0,16,100
09/03/2022,TOL,OH,AGL,CE,Combined TRACON& Tower with Radar,10,8,14,0,32,0,5,28,0,33,10,13,42,0,65,7,0,7,72
09/04/2022,TOL,OH,AGL,CE,Combined TRACON& Tower with Radar,10,8,15,0,33,0,1,3,0,4,10,9,18,0,37,0,0,0,37
09/05/2022,TOL,OH,AGL,CE,Combined TRACON& Tower with Radar,7,11,15,9,42,0,0,4,1,5,7,11,19,10,47,0,0,0,47
09/06/2022,TOL,OH,AGL,CE,Combined TRACON& Tower with Radar,12,5,24,11,52,0,1,12,0,13,12,6,36,11,65,6,6,12,77
09/07/2022,TOL,OH,AGL,CE,Combined TRACON& Tower with Radar,8,10,35,19,72,0,3,28,2,33,8,13,63,21,105,40,18,58,163
09/08/2022,TOL,OH,AGL,CE,Combined TRACON& Tower with Radar,8,7,37,13,65,0,6,32,0,38,8,13,69,13,103,36,0,36,139
09/09/2022,TOL,OH,AGL,CE,Combined TRACON& Tower with Radar,9,0,15,0,24,0,6,22,0,28,9,6,37,0,52,2,0,2,54
09/10/2022,TOL,OH,AGL,CE,Combined TRACON& Tower with Radar,10,8,11,4,33,0,2,10,0,12,10,10,21,4,45,0,10,10,55
09/11/2022,TOL,OH,AGL,CE,Combined TRACON& Tower with Radar,9,2,25,7,43,0,1,0,2,3,9,3,25,9,46,0,22,22,68
09/12/2022,TOL,OH,AGL,CE,Combined TRACON& Tower with Radar,5,7,34,14,60,0,3,18,0,21,5,10,52,14,81,8,4,12,93
09/13/2022,TOL,OH,AGL,CE,Combined TRACON& Tower with Radar,12,2,45,8,67,0,2,17,0,19,12,4,62,8,86,0,0,0,86
09/14/2022,TOL,OH,AGL,CE,Combined TRACON& Tower with Radar,10,5,33,10,58,0,4,19,0,23,10,9,52,10,81,30,4,34,115
09/15/2022,TOL,OH,AGL,CE,Combined TRACON& Tower with Radar,8,12,43,14,77,0,7,27,0,34,8,19,70,14,111,32,0,32,143
09/16/2022,TOL,OH,AGL,CE,Combined TRACON& Tower with Radar,12,10,31,0,53,0,7,29,0,36,12,17,60,0,89,2,0,2,91
09/17/2022,TOL,OH,AGL,CE,Combined TRACON& Tower with Radar,6,9,26,0,41,0,4,31,0,35,6,13,57,0,76,26,0,26,102
09/18/2022,TOL,OH,AGL,CE,Combined TRACON& Tower with Radar,8,3,19,0,30,0,13,28,0,41,8,16,47,0,71,0,0,0,71
09/19/2022,TOL,OH,AGL,CE,Combined TRACON& Tower with Radar,7,9,29,1,46,0,10,35,0,45,7,19,64,1,91,28,0,28,119
09/20/2022,TOL,OH,AGL,CE,Combined TRACON& Tower with Radar,11,8,30,2,51,0,6,19,0,25,11,14,49,2,76,4,0,4,80
09/21/2022,TOL,OH,AGL,CE,Combined TRACON& Tower with Radar,9,13,28,0,50,0,13,12,2,27,9,26,40,2,77,6,0,6,83
09/22/2022,TOL,OH,AGL,CE,Combined TRACON& Tower with Radar,10,10,32,1,53,0,2,12,0,14,10,12,44,1,67,16,0,16,83
09/23/2022,TOL,OH,AGL,CE,Combined TRACON& Tower with Radar,10,6,19,3,38,0,4,30,0,34,10,10,49,3,72,28,0,28,100
09/24/2022,TOL,OH,AGL,CE,Combined TRACON& Tower with Radar,8,8,9,0,25,0,4,20,0,24,8,12,29,0,49,0,0,0,49
09/25/2022,TOL,OH,AGL,CE,Combined TRACON& Tower with Radar,12,12,15,0,39,0,0,0,0,0,12,12,15,0,39,2,10,12,51
09/26/2022,TOL,OH,AGL,CE,Combined TRACON& Tower with Radar,9,7,30,3,49,0,4,5,2,11,9,11,35,5,60,0,0,0,60
09/27/2022,TOL,OH,AGL,CE,Combined TRACON& Tower with Radar,8,5,21,8,42,0,6,14,0,20,8,11,35,8,62,36,0,36,98
09/28/2022,TOL,OH,AGL,CE,Combined TRACON& Tower with Radar,7,20,43,4,74,0,3,19,1,23,7,23,62,5,97,48,2,50,147
09/29/2022,TOL,OH,AGL,CE,Combined TRACON& Tower with Radar,8,16,36,0,60,0,4,26,0,30,8,20,62,0,90,40,0,40,130
09/30/2022,TOL,OH,AGL,CE,Combined TRACON& Tower with Radar,7,7,28,0,42,0,3,38,0,41,7,10,66,0,83,43,0,43,126
10/01/2022,TOL,OH,AGL,CE,Combined TRACON& Tower with Radar,9,4,12,4,29,0,10,9,1,20,9,14,21,5,49,0,0,0,49
10/02/2022,TOL,OH,AGL,CE,Combined TRACON& Tower with Radar,14,6,27,0,47,0,6,21,0,27,14,12,48,0,74,6,0,6,80
10/03/2022,TOL,OH,AGL,CE,Combined TRACON& Tower with Radar,5,9,29,24,67,0,7,16,0,23,5,16,45,24,90,18,20,38,128
10/04/2022,TOL,OH,AGL,CE,Combined TRACON& Tower with Radar,9,25,47,7,88,0,5,59,0,64,9,30,106,7,152,139,6,145,297
10/05/2022,TOL,OH,AGL,CE,Combined TRACON& Tower with Radar,9,5,29,12,55,0,5,42,1,48,9,10,71,13,103,52,0,52,155
10/06/2022,TOL,OH,AGL,CE,Combined TRACON& Tower with Radar,10,20,35,9,74,0,6,17,0,23,10,26,52,9,97,10,0,10,107
10/07/2022,TOL,OH,AGL,CE,Combined TRACON& Tower with Radar,10,18,42,3,73,0,2,16,0,18,10,20,58,3,91,8,0,8,99
10/08/2022,TOL,OH,AGL,CE,Combined TRACON& Tower with Radar,12,1,10,0,23,0,4,21,0,25,12,5,31,0,48,7,0,7,55
10/09/2022,TOL,OH,AGL,CE,Combined TRACON& Tower with Radar,11,11,16,0,38,0,0,25,0,25,11,11,41,0,63,0,0,0,63
10/10/2022,TOL,OH,AGL,CE,Combined TRACON& Tower with Radar,7,8,31,0,46,0,10,27,0,37,7,18,58,0,83,24,0,24,107
10/11/2022,TOL,OH,AGL,CE,Combined TRACON& Tower with Radar,11,12,30,17,70,0,4,34,1,39,11,16,64,18,109,34,0,34,143
10/12/2022,TOL,OH,AGL,CE,Combined TRACON& Tower with Radar,13,20,15,15,63,0,6,8,0,14,13,26,23,15,77,0,2,2,79
10/13/2022,TOL,OH,AGL,CE,Combined TRACON& Tower with Radar,9,3,39,8,59,0,6,10,0,16,9,9,49,8,75,14,0,14,89
10/14/2022,TOL,OH,AGL,CE,Combined TRACON& Tower with Radar,10,12,14,0,36,0,4,19,0,23,10,16,33,0,59,22,0,22,81
10/15/2022,TOL,OH,AGL,CE,Combined TRACON& Tower with Radar,11,4,3,11,29,0,7,24,1,32,11,11,27,12,61,0,0,0,61
10/16/2022,TOL,OH,AGL,CE,Combined TRACON& Tower with Radar,6,5,30,9,50,0,3,36,0,39,6,8,66,9,89,27,2,29,118
10/17/2022,TOL,OH,AGL,CE,Combined TRACON& Tower with Radar,9,5,19,14,47,0,4,3,0,7,9,9,22,14,54,0,0,0,54
10/18/2022,TOL,OH,AGL,CE,Combined TRACON& Tower with Radar,10,11,30,8,59,0,0,4,0,4,10,11,34,8,63,0,0,0,63
10/19/2022,TOL,OH,AGL,CE,Combined TRACON& Tower with Radar,11,13,16,8,48,0,3,13,1,17,11,16,29,9,65,37,12,49,114
10/20/2022,TOL,OH,AGL,CE,Combined TRACON& Tower with Radar,7,10,29,8,54,0,8,10,0,18,7,18,39,8,72,0,24,24,96
10/21/2022,TOL,OH,AGL,CE,Combined TRACON& Tower with Radar,13,7,21,7,48,0,4,15,3,22,13,11,36,10,70,8,4,12,82
10/22/2022,TOL,OH,AGL,CE,Combined TRACON& Tower with Radar,16,9,8,0,33,0,2,16,0,18,16,11,24,0,51,0,0,0,51
10/23/2022,TOL,OH,AGL,CE,Combined TRACON& Tower with Radar,10,15,25,4,54,0,2,30,0,32,10,17,55,4,86,60,0,60,146
10/24/2022,TOL,OH,AGL,CE,Combined TRACON& Tower with Radar,11,11,31,17,70,0,7,14,1,22,11,18,45,18,92,0,14,14,106
10/25/2022,TOL,OH,AGL,CE,Combined TRACON& Tower with Radar,11,12,29,18,70,0,9,41,2,52,11,21,70,20,122,31,12,43,165
10/26/2022,TOL,OH,AGL,CE,Combined TRACON& Tower with Radar,12,0,34,11,57,0,0,8,0,8,12,0,42,11,65,20,0,20,85
10/27/2022,TOL,OH,AGL,CE,Combined TRACON& Tower with Radar,10,7,42,2,61,0,2,29,0,31,10,9,71,2,92,14,0,14,106
10/28/2022,TOL,OH,AGL,CE,Combined TRACON& Tower with Radar,11,8,20,4,43,0,6,21,0,27,11,14,41,4,70,0,0,0,70
10/29/2022,TOL,OH,AGL,CE,Combined TRACON& Tower with Radar,12,11,10,6,39,0,4,52,0,56,12,15,62,6,95,4,0,4,99
10/30/2022,TOL,OH,AGL,CE,Combined TRACON& Tower with Radar,11,11,19,0,41,0,1,15,0,16,11,12,34,0,57,4,0,4,61
10/31/2022,TOL,OH,AGL,CE,Combined TRACON& Tower with Radar,12,10,30,3,55,0,0,0,0,0,12,10,30,3,55,0,0,0,55
11/01/2022,TOL,OH,AGL,CE,Combined TRACON& Tower with Radar,20,9,40,0,69,0,1,12,0,13,20,10,52,0,82,44,0,44,126
11/02/2022,TOL,OH,AGL,CE,Combined TRACON& Tower with Radar,12,11,16,2,41,0,6,16,0,22,12,17,32,2,63,38,0,38,101
11/03/2022,TOL,OH,AGL,CE,Combined TRACON& Tower with Radar,16,3,29,0,48,0,3,17,0,20,16,6,46,0,68,46,0,46,114
11/04/2022,TOL,OH,AGL,CE,Combined TRACON& Tower with Radar,13,8,11,0,32,0,4,15,0,19,13,12,26,0,51,54,0,54,105
11/05/2022,TOL,OH,AGL,CE,Combined TRACON& Tower with Radar,17,2,5,2,26,0,1,2,0,3,17,3,7,2,29,0,0,0,29
11/06/2022,TOL,OH,AGL,CE,Combined TRACON& Tower with Radar,16,6,17,0,39,0,7,27,0,34,16,13,44,0,73,16,0,16,89
11/07/2022,TOL,OH,AGL,CE,Combined TRACON& Tower with Radar,9,9,36,3,57,0,10,33,0,43,9,19,69,3,100,12,0,12,112
11/08/2022,TOL,OH,AGL,CE,Combined TRACON& Tower with Radar,14,1,48,7,70,0,9,32,0,41,14,10,80,7,111,6,0,6,117
11/09/2022,TOL,OH,AGL,CE,Combined TRACON& Tower with Radar,16,4,43,6,69,1,7,24,0,32,17,11,67,6,101,8,8,16,117
11/10/2022,TOL,OH,AGL,CE,Combined TRACON& Tower with Radar,13,4,39,5,61,0,9,25,1,35,13,13,64,6,96,38,0,38,134
11/11/2022,TOL,OH,AGL,CE,Combined TRACON& Tower with Radar,12,1,31,0,44,0,6,15,0,21,12,7,46,0,65,0,0,0,65
11/12/2022,TOL,OH,AGL,CE,Combined TRACON& Tower with Radar,19,5,12,0,36,0,7,2,0,9,19,12,14,0,45,8,0,8,53
11/13/2022,TOL,OH,AGL,CE,Combined TRACON& Tower with Radar,12,3,22,0,37,0,3,16,0,19,12,6,38,0,56,18,0,18,74
11/14/2022,TOL,OH,AGL,CE,Combined TRACON& Tower with Radar,11,8,18,11,48,0,3,13,0,16,11,11,31,11,64,0,0,0,64
11/15/2022,TOL,OH,AGL,CE,Combined TRACON& Tower with Radar,14,11,36,6,67,0,1,6,0,7,14,12,42,6,74,47,0,47,121
11/16/2022,TOL,OH,AGL,CE,Combined TRACON& Tower with Radar,18,2,27,8,55,0,0,2,0,2,18,2,29,8,57,4,0,4,61
11/17/2022,TOL,OH,AGL,CE,Combined TRACON& Tower with Radar,15,2,33,14,64,0,0,5,0,5,15,2,38,14,69,0,0,0,69
11/18/2022,TOL,OH,AGL,CE,Combined TRACON& Tower with Radar,16,0,14,1,31,0,2,5,0,7,16,2,19,1,38,0,0,0,38
11/19/2022,TOL,OH,AGL,CE,Combined TRACON& Tower with Radar,13,3,13,1,30,0,1,3,0,4,13,4,16,1,34,0,0,0,34
11/20/2022,TOL,OH,AGL,CE,Combined TRACON& Tower with Radar,14,6,17,1,38,0,5,18,0,23,14,11,35,1,61,6,0,6,67
11/21/2022,TOL,OH,AGL,CE,Combined TRACON& Tower with Radar,14,12,23,15,64,0,2,8,1,11,14,14,31,16,75,6,8,14,89
11/22/2022,TOL,OH,AGL,CE,Combined TRACON& Tower with Radar,18,13,37,14,82,0,10,57,0,67,18,23,94,14,149,21,10,31,180
11/23/2022,TOL,OH,AGL,CE,Combined TRACON& Tower with Radar,14,10,28,17,69,0,1,22,2,25,14,11,50,19,94,8,10,18,112
11/24/2022,TOL,OH,AGL,CE,Combined TRACON& Tower with Radar,7,4,3,0,14,0,7,9,0,16,7,11,12,0,30,0,0,0,30
11/25/2022,TOL,OH,AGL,CE,Combined TRACON& Tower with Radar,10,3,17,0,30,0,4,26,0,30,10,7,43,0,60,0,0,0,60
11/26/2022,TOL,OH,AGL,CE,Combined TRACON& Tower with Radar,13,3,28,0,44,0,4,31,0,35,13,7,59,0,79,14,0,14,93
11/27/2022,TOL,OH,AGL,CE,Combined TRACON& Tower with Radar,10,0,19,0,29,0,1,0,0,1,10,1,19,0,30,0,0,0,30
11/28/2022,TOL,OH,AGL,CE,Combined TRACON& Tower with Radar,12,2,31,12,57,0,2,19,0,21,12,4,50,12,78,6,2,8,86
11/29/2022,TOL,OH,AGL,CE,Combined TRACON& Tower with Radar,20,2,25,17,64,0,3,10,0,13,20,5,35,17,77,4,8,12,89
11/30/2022,TOL,OH,AGL,CE,Combined TRACON& Tower with Radar,20,5,19,17,61,0,2,2,1,5,20,7,21,18,66,0,8,8,74
12/01/2022,TOL,OH,AGL,CE,Combined TRACON& Tower with Radar,14,12,42,10,78,0,5,31,0,36,14,17,73,10,114,16,18,34,148
12/02/2022,TOL,OH,AGL,CE,Combined TRACON& Tower with Radar,13,9,15,0,37,0,10,6,0,16,13,19,21,0,53,0,0,0,53
12/03/2022,TOL,OH,AGL,CE,Combined TRACON& Tower with Radar,23,4,7,14,48,0,2,6,0,8,23,6,13,14,56,14,6,20,76
12/04/2022,TOL,OH,AGL,CE,Combined TRACON& Tower with Radar,9,12,29,4,54,0,3,39,1,43,9,15,68,5,97,4,8,12,109
12/05/2022,TOL,OH,AGL,CE,Combined TRACON& Tower with Radar,17,14,23,15,69,0,6,28,0,34,17,20,51,15,103,20,0,20,123
12/06/2022,TOL,OH,AGL,CE,Combined TRACON& Tower with Radar,11,10,46,13,80,0,0,3,0,3,11,10,49,13,83,0,0,0,83
12/07/2022,TOL,OH,AGL,CE,Combined TRACON& Tower with Radar,19,16,29,6,70,0,0,0,0,0,19,16,29,6,70,0,0,0,70
12/08/2022,TOL,OH,AGL,CE,Combined TRACON& Tower with Radar,17,3,41,13,74,0,4,7,0,11,17,7,48,13,85,28,0,28,113
12/09/2022,TOL,OH,AGL,CE,Combined TRACON& Tower with Radar,18,9,26,1,54,0,2,0,0,2,18,11,26,1,56,8,0,8,64
12/10/2022,TOL,OH,AGL,CE,Combined TRACON& Tower with Radar,19,13,14,0,46,0,5,6,0,11,19,18,20,0,57,0,0,0,57
12/11/2022,TOL,OH,AGL,CE,Combined TRACON& Tower with Radar,26,10,17,0,53,0,0,2,0,2,26,10,19,0,55,0,0,0,55
12/12/2022,TOL,OH,AGL,CE,Combined TRACON& Tower with Radar,14,13,35,16,78,0,4,19,1,24,14,17,54,17,102,20,0,20,122
12/13/2022,TOL,OH,AGL,CE,Combined TRACON& Tower with Radar,17,6,33,13,69,0,2,21,1,24,17,8,54,14,93,111,0,111,204
12/14/2022,TOL,OH,AGL,CE,Combined TRACON& Tower with Radar,22,3,28,22,75,0,6,7,1,14,22,9,35,23,89,0,0,0,89
12/15/2022,TOL,OH,AGL,CE,Combined TRACON& Tower with Radar,28,11,27,12,78,0,4,13,1,18,28,15,40,13,96,6,0,6,102
12/16/2022,TOL,OH,AGL,CE,Combined TRACON& Tower with Radar,19,6,22,1,48,0,0,14,0,14,19,6,36,1,62,24,0,24,86
12/17/2022,TOL,OH,AGL,CE,Combined TRACON& Tower with Radar,26,4,12,0,42,0,0,10,0,10,26,4,22,0,52,4,0,4,56
12/18/2022,TOL,OH,AGL,CE,Combined TRACON& Tower with Radar,20,1,14,0,35,0,6,4,0,10,20,7,18,0,45,0,0,0,45
12/19/2022,TOL,OH,AGL,CE,Combined TRACON& Tower with Radar,20,16,24,14,74,0,1,7,0,8,20,17,31,14,82,2,12,14,96
12/20/2022,TOL,OH,AGL,CE,Combined TRACON& Tower with Radar,21,10,38,9,78,0,7,39,0,46,21,17,77,9,124,31,16,47,171
12/21/2022,TOL,OH,AGL,CE,Combined TRACON& Tower with Radar,29,9,26,16,80,0,4,23,0,27,29,13,49,16,107,24,0,24,131
12/22/2022,TOL,OH,AGL,CE,Combined TRACON& Tower with Radar,22,11,19,10,62,0,0,7,0,7,22,11,26,10,69,2,0,2,71
12/23/2022,TOL,OH,AGL,CE,Combined TRACON& Tower with Radar,1,1,2,0,4,0,0,0,0,0,1,1,2,0,4,0,0,0,4
12/24/2022,TOL,OH,AGL,CE,Combined TRACON& Tower with Radar,7,3,6,0,16,0,0,0,0,0,7,3,6,0,16,0,0,0,16
12/25/2022,TOL,OH,AGL,CE,Combined TRACON& Tower with Radar,7,1,6,0,14,0,1,1,0,2,7,2,7,0,16,0,0,0,16
12/26/2022,TOL,OH,AGL,CE,Combined TRACON& Tower with Radar,4,2,16,0,22,0,2,8,0,10,4,4,24,0,32,0,0,0,32
12/27/2022,TOL,OH,AGL,CE,Combined TRACON& Tower with Radar,10,4,12,6,32,0,1,5,0,6,10,5,17,6,38,6,0,6,44
12/28/2022,TOL,OH,AGL,CE,Combined TRACON& Tower with Radar,12,4,17,10,43,0,6,12,3,21,12,10,29,13,64,2,6,8,72
12/29/2022,TOL,OH,AGL,CE,Combined TRACON& Tower with Radar,8,5,6,5,24,0,6,3,0,9,8,11,9,5,33,0,0,0,33
12/30/2022,TOL,OH,AGL,CE,Combined TRACON& Tower with Radar,8,0,9,0,17,0,0,0,0,0,8,0,9,0,17,0,0,0,17
12/31/2022,TOL,OH,AGL,CE,Combined TRACON& Tower with Radar,7,0,5,0,12,0,0,0,0,0,7,0,5,0,12,0,0,0,12
01/01/2023,TOL,OH,AGL,CE,Combined TRACON& Tower with Radar,4,2,13,0,19,0,0,0,0,0,4,2,13,0,19,0,0,0,19
01/02/2023,TOL,OH,AGL,CE,Combined TRACON& Tower with Radar,9,2,15,0,26,0,0,0,0,0,9,2,15,0,26,0,0,0,26
01/03/2023,TOL,OH,AGL,CE,Combined TRACON& Tower with Radar,6,8,14,0,28,0,0,0,0,0,6,8,14,0,28,0,0,0,28
01/04/2023,TOL,OH,AGL,CE,Combined TRACON& Tower with Radar,3,4,41,22,70,0,1,9,0,10,3,5,50,22,80,32,12,44,124
01/05/2023,TOL,OH,AGL,CE,Combined TRACON& Tower with Radar,8,6,31,13,58,0,8,11,1,20,8,14,42,14,78,8,12,20,98
01/06/2023,TOL,OH,AGL,CE,Combined TRACON& Tower with Radar,9,1,14,1,25,0,0,0,0,0,9,1,14,1,25,0,0,0,25
01/07/2023,TOL,OH,AGL,CE,Combined TRACON& Tower with Radar,11,5,11,11,38,0,3,7,0,10,11,8,18,11,48,18,12,30,78
01/08/2023,TOL,OH,AGL,CE,Combined TRACON& Tower with Radar,14,3,29,12,58,0,1,29,0,30,14,4,58,12,88,16,4,20,108
01/09/2023,TOL,OH,AGL,CE,Combined TRACON& Tower with Radar,9,3,23,20,55,0,8,18,1,27,9,11,41,21,82,57,12,69,151
01/10/2023,TOL,OH,AGL,CE,Combined TRACON& Tower with Radar,16,6,42,8,72,0,6,10,0,16,16,12,52,8,88,14,10,24,112
01/11/2023,TOL,OH,AGL,CE,Combined TRACON& Tower with Radar,8,13,19,14,54,0,0,6,0,6,8,13,25,14,60,0,0,0,60
01/12/2023,TOL,OH,AGL,CE,Combined TRACON& Tower with Radar,14,12,12,0,38,0,0,0,0,0,14,12,12,0,38,0,0,0,38
01/13/2023,TOL,OH,AGL,CE,Combined TRACON& Tower with Radar,9,9,15,2,35,0,0,7,1,8,9,9,22,3,43,0,0,0,43
01/14/2023,TOL,OH,AGL,CE,Combined TRACON& Tower with Radar,9,5,17,7,38,0,7,52,0,59,9,12,69,7,97,45,0,45,142
01/15/2023,TOL,OH,AGL,CE,Combined TRACON& Tower with Radar,11,3,16,4,34,0,3,30,0,33,11,6,46,4,67,18,0,18,85
01/16/2023,TOL,OH,AGL,CE,Combined TRACON& Tower with Radar,6,9,18,2,35,0,0,18,0,18,6,9,36,2,53,16,0,16,69
01/17/2023,TOL,OH,AGL,CE,Combined TRACON& Tower with Radar,8,9,17,13,47,0,0,6,4,10,8,9,23,17,57,8,10,18,75
01/18/2023,TOL,OH,AGL,CE,Combined TRACON& Tower with Radar,7,9,15,18,49,0,3,14,0,17,7,12,29,18,66,24,4,28,94
01/19/2023,TOL,OH,AGL,CE,Combined TRACON& Tower with Radar,16,6,20,6,48,0,0,1,0,1,16,6,21,6,49,0,6,6,55
01/20/2023,TOL,OH,AGL,CE,Combined TRACON& Tower with Radar,11,11,20,0,42,0,0,8,0,8,11,11,28,0,50,6,0,6,56
01/21/2023,TOL,OH,AGL,CE,Combined TRACON& Tower with Radar,12,8,17,6,43,0,3,14,0,17,12,11,31,6,60,16,0,16,76
01/22/2023,TOL,OH,AGL,CE,Combined TRACON& Tower with Radar,12,7,6,4,29,0,0,0,0,0,12,7,6,4,29,0,0,0,29
01/23/2023,TOL,OH,AGL,CE,Combined TRACON& Tower with Radar,9,21,18,4,52,0,2,19,0,21,9,23,37,4,73,24,0,24,97
01/24/2023,TOL,OH,AGL,CE,Combined TRACON& Tower with Radar,15,8,32,12,67,0,0,19,0,19,15,8,51,12,86,14,2,16,102
01/25/2023,TOL,OH,AGL,CE,Combined TRACON& Tower with Radar,11,12,3,0,26,0,0,0,0,0,11,12,3,0,26,0,0,0,26
01/26/2023,TOL,OH,AGL,CE,Combined TRACON& Tower with Radar,14,19,18,0,51,0,0,0,0,0,14,19,18,0,51,0,0,0,51
01/27/2023,TOL,OH,AGL,CE,Combined TRACON& Tower with Radar,16,10,15,0,41,0,4,11,0,15,16,14,26,0,56,0,0,0,56
01/28/2023,TOL,OH,AGL,CE,Combined TRACON& Tower with Radar,16,6,23,6,51,0,2,22,0,24,16,8,45,6,75,0,0,0,75
01/29/2023,TOL,OH,AGL,CE,Combined TRACON& Tower with Radar,14,13,4,8,39,0,0,0,0,0,14,13,4,8,39,6,0,6,45
01/30/2023,TOL,OH,AGL,CE,Combined TRACON& Tower with Radar,12,6,20,10,48,0,0,3,0,3,12,6,23,10,51,10,0,10,61
01/31/2023,TOL,OH,AGL,CE,Combined TRACON& Tower with Radar,10,5,38,16,69,0,6,32,0,38,10,11,70,16,107,1,18,19,126
02/01/2023,TOL,OH,AGL,CE,Combined TRACON& Tower with Radar,6,5,39,19,69,0,7,57,1,65,6,12,96,20,134,30,18,48,182
02/02/2023,TOL,OH,AGL,CE,Combined TRACON& Tower with Radar,8,16,32,5,61,0,10,12,2,24,8,26,44,7,85,8,6,14,99
02/03/2023,TOL,OH,AGL,CE,Combined TRACON& Tower with Radar,12,2,29,4,47,0,10,23,0,33,12,12,52,4,80,14,0,14,94
02/04/2023,TOL,OH,AGL,CE,Combined TRACON& Tower with Radar,14,3,13,4,34,0,6,6,1,13,14,9,19,5,47,6,2,8,55
02/05/2023,TOL,OH,AGL,CE,Combined TRACON& Tower with Radar,14,9,16,11,50,0,6,14,0,20,14,15,30,11,70,12,12,24,94
02/06/2023,TOL,OH,AGL,CE,Combined TRACON& Tower with Radar,8,14,30,9,61,0,4,11,0,15,8,18,41,9,76,12,0,12,88
02/07/2023,TOL,OH,AGL,CE,Combined TRACON& Tower with Radar,12,6,33,8,59,0,6,5,0,11,12,12,38,8,70,6,2,8,78
02/08/2023,TOL,OH,AGL,CE,Combined TRACON& Tower with Radar,14,7,45,18,84,0,4,46,0,50,14,11,91,18,134,34,4,38,172
02/09/2023,TOL,OH,AGL,CE,Combined TRACON& Tower with Radar,18,9,11,6,44,0,0,0,0,0,18,9,11,6,44,0,0,0,44
02/10/2023,TOL,OH,AGL,CE,Combined TRACON& Tower with Radar,14,11,19,0,44,0,3,10,0,13,14,14,29,0,57,0,0,0,57
02/11/2023,TOL,OH,AGL,CE,Combined TRACON& Tower with Radar,14,7,26,0,47,0,9,43,0,52,14,16,69,0,99,40,0,40,139
02/12/2023,TOL,OH,AGL,CE,Combined TRACON& Tower with Radar,21,5,20,4,50,0,3,34,0,37,21,8,54,4,87,20,0,20,107
02/13/2023,TOL,OH,AGL,CE,Combined TRACON& Tower with Radar,11,5,38,17,71,0,10,18,1,29,11,15,56,18,100,10,16,26,126
02/14/2023,TOL,OH,AGL,CE,Combined TRACON& Tower with Radar,14,6,38,16,74,0,2,31,1,34,14,8,69,17,108,18,13,31,139
02/15/2023,TOL,OH,AGL,CE,Combined TRACON& Tower with Radar,15,11,18,14,58,0,1,3,2,6,15,12,21,16,64,0,0,0,64
02/16/2023,TOL,OH,AGL,CE,Combined TRACON& Tower with Radar,17,15,11,0,43,0,2,4,0,6,17,17,15,0,49,0,0,0,49
02/17/2023,TOL,OH,AGL,CE,Combined TRACON& Tower with Radar,15,8,18,0,41,0,2,5,0,7,15,10,23,0,48,14,0,14,62
02/18/2023,TOL,OH,AGL,CE,Combined TRACON& Tower with Radar,14,2,18,0,34,0,10,11,0,21,14,12,29,0,55,0,0,0,55
02/19/2023,TOL,OH,AGL,CE,Combined TRACON& Tower with Radar,12,4,23,0,39,0,5,10,0,15,12,9,33,0,54,0,0,0,54
02/20/2023,TOL,OH,AGL,CE,Combined TRACON& Tower with Radar,11,7,47,0,65,0,8,32,0,40,11,15,79,0,105,12,0,12,117
02/21/2023,TOL,OH,AGL,CE,Combined TRACON& Tower with Radar,13,9,34,11,67,0,5,11,2,18,13,14,45,13,85,2,2,4,89
02/22/2023,TOL,OH,AGL,CE,Combined TRACON& Tower with Radar,20,6,12,0,38,0,0,0,0,0,20,6,12,0,38,0,0,0,38
02/23/2023,TOL,OH,AGL,CE,Combined TRACON& Tower with Radar,11,2,29,0,42,0,0,5,0,5,11,2,34,0,47,0,0,0,47
02/24/2023,TOL,OH,AGL,CE,Combined TRACON& Tower with Radar,13,6,50,0,69,0,0,42,0,42,13,6,92,0,111,71,0,71,182
02/25/2023,TOL,OH,AGL,CE,Combined TRACON& Tower with Radar,17,10,9,6,42,0,0,24,0,24,17,10,33,6,66,24,4,28,94
02/26/2023,TOL,OH,AGL,CE,Combined TRACON& Tower with Radar,9,5,24,8,46,0,3,33,0,36,9,8,57,8,82,18,6,24,106
02/27/2023,TOL,OH,AGL,CE,Combined TRACON& Tower with Radar,11,11,12,2,36,0,3,0,0,3,11,14,12,2,39,0,0,0,39
02/28/2023,TOL,OH,AGL,CE,Combined TRACON& Tower with Radar,9,11,39,12,71,0,5,41,0,46,9,16,80,12,117,43,4,47,164
03/01/2023,TOL,OH,AGL,CE,Combined TRACON& Tower with Radar,11,12,37,13,73,0,16,37,0,53,11,28,74,13,126,20,6,26,152
03/02/2023,TOL,OH,AGL,CE,Combined TRACON& Tower with Radar,12,6,31,15,64,0,6,22,0,28,12,12,53,15,92,32,10,42,134
03/03/2023,TOL,OH,AGL,CE,Combined TRACON& Tower with Radar,9,6,5,0,20,0,0,4,0,4,9,6,9,0,24,12,27,39,63
03/04/2023,TOL,OH,AGL,CE,Combined TRACON& Tower with Radar,20,10,26,8,64,0,2,22,2,26,20,12,48,10,90,0,0,0,90
03/05/2023,TOL,OH,AGL,CE,Combined TRACON& Tower with Radar,7,8,38,7,60,0,2,59,0,61,7,10,97,7,121,8,0,8,129
03/06/2023,TOL,OH,AGL,CE,Combined TRACON& Tower with Radar,9,5,17,11,42,0,0,2,0,2,9,5,19,11,44,0,4,4,48
03/07/2023,TOL,OH,AGL,CE,Combined TRACON& Tower with Radar,16,2,44,10,72,0,5,38,0,43,16,7,82,10,115,56,2,58,173
03/08/2023,TOL,OH,AGL,CE,Combined TRACON& Tower with Radar,14,10,30,16,70,0,4,45,0,49,14,14,75,16,119,29,0,29,148
03/09/2023,TOL,OH,AGL,CE,Combined TRACON& Tower with Radar,10,12,35,7,64,0,0,38,0,38,10,12,73,7,102,17,8,25,127
03/10/2023,TOL,OH,AGL,CE,Combined TRACON& Tower with Radar,14,7,4,0,25,0,0,0,0,0,14,7,4,0,25,10,0,10,35
03/11/2023,TOL,OH,AGL,CE,Combined TRACON& Tower with Radar,17,4,12,10,43,0,5,19,0,24,17,9,31,10,67,0,0,0,67
03/12/2023,TOL,OH,AGL,CE,Combined TRACON& Tower with Radar,8,1,14,6,29,0,0,0,0,0,8,1,14,6,29,0,0,0,29
03/13/2023,TOL,OH,AGL,CE,Combined TRACON& Tower with Radar,9,7,11,5,32,0,0,1,0,1,9,7,12,5,33,0,0,0,33
03/14/2023,TOL,OH,AGL,CE,Combined TRACON& Tower with Radar,17,6,22,10,55,0,5,18,3,26,17,11,40,13,81,29,8,37,118
03/15/2023,TOL,OH,AGL,CE,Combined TRACON& Tower with Radar,19,11,46,23,99,0,9,39,1,49,19,20,85,24,148,36,14,50,198
03/16/2023,TOL,OH,AGL,CE,Combined TRACON& Tower with Radar,14,1,21,10,46,0,2,24,0,26,14,3,45,10,72,6,8,14,86
03/17/2023,TOL,OH,AGL,CE,Combined TRACON& Tower with Radar,12,2,9,3,26,0,6,2,0,8,12,8,11,3,34,0,0,0,34
03/18/2023,TOL,OH,AGL,CE,Combined TRACON& Tower with Radar,12,3,11,6,32,0,1,5,0,6,12,4,16,6,38,2,0,2,40
03/19/2023,TOL,OH,AGL,CE,Combined TRACON& Tower with Radar,9,3,30,7,49,0,6,26,0,32,9,9,56,7,81,12,0,12,93
03/20/2023,TOL,OH,AGL,CE,Combined TRACON& Tower with Radar,8,1,16,20,45,0,6,8,0,14,8,7,24,20,59,2,15,17,76
03/21/2023,TOL,OH,AGL,CE,Combined TRACON& Tower with Radar,11,2,45,10,68,0,2,39,1,42,11,4,84,11,110,24,10,34,144
03/22/2023,TOL,OH,AGL,CE,Combined TRACON& Tower with Radar,12,5,41,10,68,0,0,0,0,0,12,5,41,10,68,4,6,10,78
03/23/2023,TOL,OH,AGL,CE,Combined TRACON& Tower with Radar,9,13,30,9,61,0,0,3,0,3,9,13,33,9,64,0,0,0,64
03/24/2023,TOL,OH,AGL,CE,Combined TRACON& Tower with Radar,11,8,39,0,58,0,3,18,0,21,11,11,57,0,79,0,0,0,79
03/25/2023,TOL,OH,AGL,CE,Combined TRACON& Tower with Radar,17,3,3,4,27,0,0,0,0,0,17,3,3,4,27,0,0,0,27
03/26/2023,TOL,OH,AGL,CE,Combined TRACON& Tower with Radar,8,8,40,10,66,0,4,47,0,51,8,12,87,10,117,0,4,4,121
03/27/2023,TOL,OH,AGL,CE,Combined TRACON& Tower with Radar,14,2,9,4,29,0,0,2,0,2,14,2,11,4,31,0,0,0,31
03/28/2023,TOL,OH,AGL,CE,Combined TRACON& Tower with Radar,15,9,23,12,59,0,12,43,2,57,15,21,66,14,116,66,12,78,194
03/29/2023,TOL,OH,AGL,CE,Combined TRACON& Tower with Radar,19,3,18,25,65,0,4,12,0,16,19,7,30,25,81,8,6,14,95
03/30/2023,TOL,OH,AGL,CE,Combined TRACON& Tower with Radar,13,9,30,15,67,0,6,39,3,48,13,15,69,18,115,14,14,28,143
03/31/2023,TOL,OH,AGL,CE,Combined TRACON& Tower with Radar,15,5,20,2,42,0,0,0,0,0,15,5,20,2,42,0,0,0,42
04/01/2023,TOL,OH,AGL,CE,Combined TRACON& Tower with Radar,17,6,6,0,29,0,4,3,0,7,17,10,9,0,36,0,0,0,36
04/02/2023,TOL,OH,AGL,CE,Combined TRACON& Tower with Radar,8,5,35,0,48,0,0,24,0,24,8,5,59,0,72,20,0,20,92
04/03/2023,TOL,OH,AGL,CE,Combined TRACON& Tower with Radar,7,9,30,15,61,0,4,22,0,26,7,13,52,15,87,32,12,44,131
04/04/2023,TOL,OH,AGL,CE,Combined TRACON& Tower with Radar,16,5,31,8,60,0,3,1,0,4,16,8,32,8,64,2,0,2,66
04/05/2023,TOL,OH,AGL,CE,Combined TRACON& Tower with Radar,15,4,8,6,33,0,4,1,0,5,15,8,9,6,38,0,0,0,38
04/06/2023,TOL,OH,AGL,CE,Combined TRACON& Tower with Radar,13,4,35,8,60,0,15,28,0,43,13,19,63,8,103,8,8,16,119
04/07/2023,TOL,OH,AGL,CE,Combined TRACON& Tower with Radar,9,11,50,2,72,0,13,37,5,55,9,24,87,7,127,12,0,12,139
04/08/2023,TOL,OH,AGL,CE,Combined TRACON& Tower with Radar,13,6,17,4,40,0,1,43,0,44,13,7,60,4,84,13,6,19,103
04/09/2023,TOL,OH,AGL,CE,Combined TRACON& Tower with Radar,6,7,17,0,30,0,2,16,2,20,6,9,33,2,50,2,0,2,52
04/10/2023,TOL,OH,AGL,CE,Combined TRACON& Tower with Radar,8,12,27,17,64,0,12,29,1,42,8,24,56,18,106,0,10,10,116
04/11/2023,TOL,OH,AGL,CE,Combined TRACON& Tower with Radar,11,7,28,31,77,0,7,49,0,56,11,14,77,31,133,17,10,27,160
04/12/2023,TOL,OH,AGL,CE,Combined TRACON& Tower with Radar,11,6,39,22,78,0,10,23,0,33,11,16,62,22,111,14,10,24,135
04/13/2023,TOL,OH,AGL,CE,Combined TRACON& Tower with Radar,7,9,45,23,84,0,12,40,0,52,7,21,85,23,136,0,0,0,136
04/14/2023,TOL,OH,AGL,CE,Combined TRACON& Tower with Radar,10,3,39,0,52,0,8,36,0,44,10,11,75,0,96,26,0,26,122
04/15/2023,TOL,OH,AGL,CE,Combined TRACON& Tower with Radar,10,3,19,0,32,0,6,33,0,39,10,9,52,0,71,6,0,6,77
04/16/2023,TOL,OH,AGL,CE,Combined TRACON& Tower with Radar,6,6,13,0,25,0,5,8,0,13,6,11,21,0,38,2,0,2,40
04/17/2023,TOL,OH,AGL,CE,Combined TRACON& Tower with Radar,8,8,24,15,55,0,0,1,0,1,8,8,25,15,56,0,0,0,56
04/18/2023,TOL,OH,AGL,CE,Combined TRACON& Tower with Radar,14,4,21,24,63,0,9,17,2,28,14,13,38,26,91,8,12,20,111
04/19/2023,TOL,OH,AGL,CE,Combined TRACON& Tower with Radar,13,14,46,15,88,0,8,31,1,40,13,22,77,16,128,56,14,70,198
04/20/2023,TOL,OH,AGL,CE,Combined TRACON& Tower with Radar,7,2,29,9,47,0,9,19,0,28,7,11,48,9,75,0,0,0,75
04/21/2023,TOL,OH,AGL,CE,Combined TRACON& Tower with Radar,8,4,46,1,59,0,2,3,0,5,8,6,49,1,64,24,0,24,88
04/22/2023,TOL,OH,AGL,CE,Combined TRACON& Tower with Radar,12,7,25,0,44,0,0,3,0,3,12,7,28,0,47,0,0,0,47
04/23/2023,TOL,OH,AGL,CE,Combined TRACON& Tower with Radar,8,3,16,2,29,0,2,8,0,10,8,5,24,2,39,0,0,0,39
04/24/2023,TOL,OH,AGL,CE,Combined TRACON& Tower with Radar,7,10,44,14,75,0,10,25,0,35,7,20,69,14,110,20,4,24,134
04/25/2023,TOL,OH,AGL,CE,Combined TRACON& Tower with Radar,8,9,14,15,46,0,0,2,1,3,8,9,16,16,49,30,2,32,81
04/26/2023,TOL,OH,AGL,CE,Combined TRACON& Tower with Radar,12,15,44,25,96,0,6,18,0,24,12,21,62,25,120,34,10,44,164
04/27/2023,TOL,OH,AGL,CE,Combined TRACON& Tower with Radar,8,10,26,16,60,0,1,26,3,30,8,11,52,19,90,14,0,14,104
04/28/2023,TOL,OH,AGL,CE,Combined TRACON& Tower with Radar,6,8,21,0,35,0,0,0,0,0,6,8,21,0,35,6,0,6,41
04/29/2023,TOL,OH,AGL,CE,Combined TRACON& Tower with Radar,10,2,31,0,43,0,2,2,0,4,10,4,33,0,47,0,0,0,47
04/30/2023,TOL,OH,AGL,CE,Combined TRACON& Tower with Radar,6,0,17,5,28,0,2,9,0,11,6,2,26,5,39,0,0,0,39
05/01/2023,TOL,OH,AGL,CE,Combined TRACON& Tower with Radar,7,7,14,0,28,0,0,0,0,0,7,7,14,0,28,0,0,0,28
05/02/2023,TOL,OH,AGL,CE,Combined TRACON& Tower with Radar,7,6,23,12,48,0,0,5,0,5,7,6,28,12,53,0,2,2,55
05/03/2023,TOL,OH,AGL,CE,Combined TRACON& Tower with Radar,12,11,27,19,69,0,7,8,1,16,12,18,35,20,85,6,0,6,91
05/04/2023,TOL,OH,AGL,CE,Combined TRACON& Tower with Radar,9,3,34,4,50,0,8,34,0,42,9,11,68,4,92,10,10,20,112
05/05/2023,TOL,OH,AGL,CE,Combined TRACON& Tower with Radar,7,11,23,20,61,0,2,35,0,37,7,13,58,20,98,38,0,38,136
05/06/2023,TOL,OH,AGL,CE,Combined TRACON& Tower with Radar,9,6,20,20,55,0,5,130,1,136,9,11,150,21,191,0,0,0,191
05/07/2023,TOL,OH,AGL,CE,Combined TRACON& Tower with Radar,7,4,19,2,32,0,1,66,0,67,7,5,85,2,99,22,0,22,121
05/08/2023,TOL,OH,AGL,CE,Combined TRACON& Tower with Radar,8,8,52,18,86,0,0,6,0,6,8,8,58,18,92,6,0,6,98
05/09/2023,TOL,OH,AGL,CE,Combined TRACON& Tower with Radar,8,4,40,12,64,0,5,32,3,40,8,9,72,15,104,30,2,32,136
05/10/2023,TOL,OH,AGL,CE,Combined TRACON& Tower with Radar,11,6,56,19,92,0,10,38,0,48,11,16,94,19,140,12,0,12,152
05/11/2023,TOL,OH,AGL,CE,Combined TRACON& Tower with Radar,8,1,40,20,69,0,3,32,5,40,8,4,72,25,109,34,0,34,143
05/12/2023,TOL,OH,AGL,CE,Combined TRACON& Tower with Radar,9,5,30,0,44,0,2,18,0,20,9,7,48,0,64,18,0,18,82
05/13/2023,TOL,OH,AGL,CE,Combined TRACON& Tower with Radar,9,1,33,0,43,0,0,14,0,14,9,1,47,0,57,0,0,0,57
05/14/2023,TOL,OH,AGL,CE,Combined TRACON& Tower with Radar,8,2,19,3,32,0,6,15,3,24,8,8,34,6,56,6,0,6,62
05/15/2023,TOL,OH,AGL,CE,Combined TRACON& Tower with Radar,8,6,24,15,53,0,14,50,8,72,8,20,74,23,125,4,0,4,129
05/16/2023,TOL,OH,AGL,CE,Combined TRACON& Tower with Radar,7,12,31,32,82,0,4,20,4,28,7,16,51,36,110,10,20,30,140
05/17/2023,TOL,OH,AGL,CE,Combined TRACON& Tower with Radar,9,8,47,33,97,0,6,15,3,24,9,14,62,36,121,14,24,38,159
05/18/2023,TOL,OH,AGL,CE,Combined TRACON& Tower with Radar,9,2,38,14,63,0,8,41,4,53,9,10,79,18,116,34,27,61,177
05/19/2023,TOL,OH,AGL,CE,Combined TRACON& Tower with Radar,5,4,30,0,39,0,6,23,0,29,5,10,53,0,68,0,0,0,68
05/20/2023,TOL,OH,AGL,CE,Combined TRACON& Tower with Radar,10,0,25,0,35,0,3,21,0,24,10,3,46,0,59,14,0,14,73
05/21/2023,TOL,OH,AGL,CE,Combined TRACON& Tower with Radar,11,6,28,0,45,0,3,20,0,23,11,9,48,0,68,28,0,28,96
05/22/2023,TOL,OH,AGL,CE,Combined TRACON& Tower with Radar,6,9,34,15,64,0,8,23,0,31,6,17,57,15,95,2,0,2,97
05/23/2023,TOL,OH,AGL,CE,Combined TRACON& Tower with Radar,8,9,34,18,69,0,2,33,0,35,8,11,67,18,104,24,12,36,140
05/24/2023,TOL,OH,AGL,CE,Combined TRACON& Tower with Radar,8,4,25,26,63,0,2,16,0,18,8,6,41,26,81,40,20,60,141
05/25/2023,TOL,OH,AGL,CE,Combined TRACON& Tower with Radar,10,6,23,31,70,0,3,30,1,34,10,9,53,32,104,0,14,14,118
05/26/2023,TOL,OH,AGL,CE,Combined TRACON& Tower with Radar,7,4,40,0,51,0,6,35,0,41,7,10,75,0,92,4,0,4,96
05/27/2023,TOL,OH,AGL,CE,Combined TRACON& Tower with Radar,10,7,15,1,33,0,8,24,1,33,10,15,39,2,66,0,0,0,66
05/28/2023,TOL,OH,AGL,CE,Combined TRACON& Tower with Radar,8,6,9,4,27,0,8,20,0,28,8,14,29,4,55,4,2,6,61
05/29/2023,TOL,OH,AGL,CE,Combined TRACON& Tower with Radar,4,2,9,2,17,0,3,22,2,27,4,5,31,4,44,10,0,10,54
05/30/2023,TOL,OH,AGL,CE,Combined TRACON& Tower with Radar,11,0,23,18,52,0,6,25,0,31,11,6,48,18,83,2,16,18,101
05/31/2023,TOL,OH,AGL,CE,Combined TRACON& Tower with Radar,7,7,56,17,87,0,10,33,0,43,7,17,89,17,130,64,4,68,198
06/01/2023,TOL,OH,AGL,CE,Combined TRACON& Tower with Radar,7,4,40,13,64,0,4,20,0,24,7,8,60,13,88,0,10,10,98
06/02/2023,TOL,OH,AGL,CE,Combined TRACON& Tower with Radar,8,6,34,0,48,0,6,11,0,17,8,12,45,0,65,10,0,10,75
06/03/2023,TOL,OH,AGL,CE,Combined TRACON& Tower with Radar,8,7,12,11,38,0,3,20,0,23,8,10,32,11,61,4,27,31,92
06/04/2023,TOL,OH,AGL,CE,Combined TRACON& Tower with Radar,6,8,25,10,49,0,3,13,1,17,6,11,38,11,66,0,24,24,90
06/05/2023,TOL,OH,AGL,CE,Combined TRACON& Tower with Radar,6,11,29,19,65,0,3,11,0,14,6,14,40,19,79,26,24,50,129
06/06/2023,TOL,OH,AGL,CE,Combined TRACON& Tower with Radar,9,12,30,13,64,0,9,29,0,38,9,21,59,13,102,14,10,24,126
06/07/2023,TOL,OH,AGL,CE,Combined TRACON& Tower with Radar,9,6,41,15,71,0,5,12,0,17,9,11,53,15,88,8,4,12,100
06/08/2023,TOL,OH,AGL,CE,Combined TRACON& Tower with Radar,8,6,29,20,63,0,8,24,0,32,8,14,53,20,95,8,2,10,105
06/09/2023,TOL,OH,AGL,CE,Combined TRACON& Tower with Radar,10,10,12,0,32,0,4,24,0,28,10,14,36,0,60,4,0,4,64
06/10/2023,TOL,OH,AGL,CE,Combined TRACON& Tower with Radar,11,10,14,0,35,0,5,33,0,38,11,15,47,0,73,6,0,6,79
06/11/2023,TOL,OH,AGL,CE,Combined TRACON& Tower with Radar,7,4,19,0,30,0,1,11,0,12,7,5,30,0,42,0,0,0,42
06/12/2023,TOL,OH,AGL,CE,Combined TRACON& Tower with Radar,9,9,41,12,71,0,6,13,0,19,9,15,54,12,90,12,4,16,106
06/13/2023,TOL,OH,AGL,CE,Combined TRACON& Tower with Radar,12,4,23,11,50,0,3,3,1,7,12,7,26,12,57,0,6,6,63
06/14/2023,TOL,OH,AGL,CE,Combined TRACON& Tower with Radar,16,7,43,37,103,0,6,31,2,39,16,13,74,39,142,12,0,12,154
06/15/2023,TOL,OH,AGL,CE,Combined TRACON& Tower with Radar,13,4,26,22,65,0,6,18,0,24,13,10,44,22,89,2,28,30,119
06/16/2023,TOL,OH,AGL,CE,Combined TRACON& Tower with Radar,12,1,25,4,42,0,0,10,0,10,12,1,35,4,52,0,0,0,52
06/17/2023,TOL,OH,AGL,CE,Combined TRACON& Tower with Radar,7,2,21,0,30,0,4,27,0,31,7,6,48,0,61,0,0,0,61
06/18/2023,TOL,OH,AGL,CE,Combined TRACON& Tower with Radar,8,2,14,0,24,0,5,17,1,23,8,7,31,1,47,6,0,6,53
06/19/2023,TOL,OH,AGL,CE,Combined TRACON& Tower with Radar,6,7,31,0,44,0,6,25,0,31,6,13,56,0,75,2,0,2,77
06/20/2023,TOL,OH,AGL,CE,Combined TRACON& Tower with Radar,7,12,28,14,61,0,3,25,0,28,7,15,53,14,89,41,0,41,130
06/21/2023,TOL,OH,AGL,CE,Combined TRACON& Tower with Radar,10,8,22,10,50,0,4,31,0,35,10,12,53,10,85,22,33,55,140
06/22/2023,TOL,OH,AGL,CE,Combined TRACON& Tower with Radar,11,6,27,13,57,0,12,17,0,29,11,18,44,13,86,0,11,11,97
06/23/2023,TOL,OH,AGL,CE,Combined TRACON& Tower with Radar,12,2,23,2,39,0,0,1,0,1,12,2,24,2,40,0,0,0,40
06/24/2023,TOL,OH,AGL,CE,Combined TRACON& Tower with Radar,13,4,35,0,52,0,3,10,0,13,13,7,45,0,65,0,0,0,65
06/25/2023,TOL,OH,AGL,CE,Combined TRACON& Tower with Radar,8,2,20,0,30,0,2,14,0,16,8,4,34,0,46,0,0,0,46
06/26/2023,TOL,OH,AGL,CE,Combined TRACON& Tower with Radar,11,0,19,11,41,0,3,5,0,8,11,3,24,11,49,10,4,14,63
06/27/2023,TOL,OH,AGL,CE,Combined TRACON& Tower with Radar,17,6,48,16,87,0,1,0,1,2,17,7,48,17,89,6,0,6,95
06/28/2023,TOL,OH,AGL,CE,Combined TRACON& Tower with Radar,10,0,24,8,42,0,0,1,0,1,10,0,25,8,43,0,0,0,43
06/29/2023,TOL,OH,AGL,CE,Combined TRACON& Tower with Radar,11,2,38,7,58,0,0,0,0,0,11,2,38,7,58,0,0,0,58
06/30/2023,TOL,OH,AGL,CE,Combined TRACON& Tower with Radar,12,1,40,0,53,0,2,6,0,8,12,3,46,0,61,0,0,0,61
07/01/2023,TOL,OH,AGL,CE,Combined TRACON& Tower with Radar,7,5,25,0,37,0,1,2,0,3,7,6,27,0,40,0,0,0,40
07/02/2023,TOL,OH,AGL,CE,Combined TRACON& Tower with Radar,4,1,9,0,14,0,0,5,0,5,4,1,14,0,19,0,0,0,19
07/03/2023,TOL,OH,AGL,CE,Combined TRACON& Tower with Radar,7,2,18,0,27,0,2,4,0,6,7,4,22,0,33,0,0,0,33
07/04/2023,TOL,OH,AGL,CE,Combined TRACON& Tower with Radar,1,1,9,0,11,0,5,16,0,21,1,6,25,0,32,2,0,2,34
07/05/2023,TOL,OH,AGL,CE,Combined TRACON& Tower with Radar,2,4,20,15,41,0,4,31,1,36,2,8,51,16,77,30,16,46,123
07/06/2023,TOL,OH,AGL,CE,Combined TRACON& Tower with Radar,4,2,24,24,54,0,9,15,2,26,4,11,39,26,80,4,0,4,84
07/07/2023,TOL,OH,AGL,CE,Combined TRACON& Tower with Radar,8,4,37,15,64,0,13,29,0,42,8,17,66,15,106,62,8,70,176
07/08/2023,TOL,OH,AGL,CE,Combined TRACON& Tower with Radar,4,3,18,0,25,0,0,9,0,9,4,3,27,0,34,0,0,0,34
07/09/2023,TOL,OH,AGL,CE,Combined TRACON& Tower with Radar,4,1,41,0,46,0,4,19,0,23,4,5,60,0,69,22,0,22,91
07/10/2023,TOL,OH,AGL,CE,Combined TRACON& Tower with Radar,6,8,40,20,74,0,11,43,0,54,6,19,83,20,128,14,14,28,156
07/11/2023,TOL,OH,AGL,CE,Combined TRACON& Tower with Radar,4,16,22,26,68,0,17,32,0,49,4,33,54,26,117,14,2,16,133
07/12/2023,TOL,OH,AGL,CE,Combined TRACON& Tower with Radar,10,12,25,19,66,0,5,12,0,17,10,17,37,19,83,8,8,16,99
07/13/2023,TOL,OH,AGL,CE,Combined TRACON& Tower with Radar,12,4,43,19,78,0,3,24,0,27,12,7,67,19,105,4,0,4,109
07/14/2023,TOL,OH,AGL,CE,Combined TRACON& Tower with Radar,6,9,32,0,47,0,5,13,0,18,6,14,45,0,65,8,0,8,73
07/15/2023,TOL,OH,AGL,CE,Combined TRACON& Tower with Radar,6,2,8,0,16,0,0,5,0,5,6,2,13,0,21,0,0,0,21
07/16/2023,TOL,OH,AGL,CE,Combined TRACON& Tower with Radar,10,5,24,0,39,0,0,11,0,11,10,5,35,0,50,8,0,8,58
07/17/2023,TOL,OH,AGL,CE,Combined TRACON& Tower with Radar,10,1,24,16,51,0,5,20,0,25,10,6,44,16,76,24,19,43,119
07/18/2023,TOL,OH,AGL,CE,Combined TRACON& Tower with Radar,7,9,27,21,64,0,5,33,0,38,7,14,60,21,102,16,23,39,141
07/19/2023,TOL,OH,AGL,CE,Combined TRACON& Tower with Radar,7,7,30,18,62,0,4,32,0,36,7,11,62,18,98,14,16,30,128
07/20/2023,TOL,OH,AGL,CE,Combined TRACON& Tower with Radar,11,10,31,0,52,0,2,15,0,17,11,12,46,0,69,2,0,2,71
07/21/2023,TOL,OH,AGL,CE,Combined TRACON& Tower with Radar,7,7,30,2,46,0,5,25,0,30,7,12,55,2,76,24,0,24,100
07/22/2023,TOL,OH,AGL,CE,Combined TRACON& Tower with Radar,8,2,9,2,21,0,8,30,0,38,8,10,39,2,59,4,0,4,63
07/23/2023,TOL,OH,AGL,CE,Combined TRACON& Tower with Radar,6,0,16,1,23,0,3,19,0,22,6,3,35,1,45,0,0,0,45
07/24/2023,TOL,OH,AGL,CE,Combined TRACON& Tower with Radar,12,2,29,15,58,0,2,30,0,32,12,4,59,15,90,42,10,52,142
07/25/2023,TOL,OH,AGL,CE,Combined TRACON& Tower with Radar,13,16,50,12,91,0,6,36,1,43,13,22,86,13,134,0,21,21,155
07/26/2023,TOL,OH,AGL,CE,Combined TRACON& Tower with Radar,9,9,35,22,75,0,6,18,1,25,9,15,53,23,100,12,17,29,129
07/27/2023,TOL,OH,AGL,CE,Combined TRACON& Tower with Radar,12,15,40,17,84,0,5,27,0,32,12,20,67,17,116,0,0,0,116
07/28/2023,TOL,OH,AGL,CE,Combined TRACON& Tower with Radar,10,8,19,0,37,0,4,37,0,41,10,12,56,0,78,6,0,6,84
07/29/2023,TOL,OH,AGL,CE,Combined TRACON& Tower with Radar,9,7,27,0,43,0,7,18,0,25,9,14,45,0,68,0,0,0,68
07/30/2023,TOL,OH,AGL,CE,Combined TRACON& Tower with Radar,10,3,23,0,36,0,4,25,0,29,10,7,48,0,65,4,0,4,69
07/31/2023,TOL,OH,AGL,CE,Combined TRACON& Tower with Radar,6,6,35,26,73,0,3,48,0,51,6,9,83,26,124,12,14,26,150
08/01/2023,TOL,OH,AGL,CE,Combined TRACON& Tower with Radar,12,10,48,24,94,0,12,15,0,27,12,22,63,24,121,22,24,46,167
08/02/2023,TOL,OH,AGL,CE,Combined TRACON& Tower with Radar,11,13,39,26,89,0,7,26,1,34,11,20,65,27,123,22,12,34,157
08/03/2023,TOL,OH,AGL,CE,Combined TRACON& Tower with Radar,10,7,25,17,59,0,1,28,0,29,10,8,53,17,88,24,4,28,116
08/04/2023,TOL,OH,AGL,CE,Combined TRACON& Tower with Radar,9,3,34,0,46,0,11,19,0,30,9,14,53,0,76,4,0,4,80
08/05/2023,TOL,OH,AGL,CE,Combined TRACON& Tower with Radar,8,4,21,4,37,0,11,43,0,54,8,15,64,4,91,28,0,28,119
08/06/2023,TOL,OH,AGL,CE,Combined TRACON& Tower with Radar,6,9,19,4,38,0,0,5,0,5,6,9,24,4,43,8,0,8,51
08/07/2023,TOL,OH,AGL,CE,Combined TRACON& Tower with Radar,8,5,29,12,54,0,0,11,0,11,8,5,40,12,65,29,0,29,94
08/08/2023,TOL,OH,AGL,CE,Combined TRACON& Tower with Radar,10,6,44,8,68,0,13,40,4,57,10,19,84,12,125,49,0,49,174
08/09/2023,TOL,OH,AGL,CE,Combined TRACON& Tower with Radar,6,4,21,14,45,0,8,53,2,63,6,12,74,16,108,12,0,12,120
08/10/2023,TOL,OH,AGL,CE,Combined TRACON& Tower with Radar,8,3,44,6,61,0,2,59,2,63,8,5,103,8,124,31,0,31,155
08/11/2023,TOL,OH,AGL,CE,Combined TRACON& Tower with Radar,12,17,26,0,55,0,0,16,1,17,12,17,42,1,72,0,0,0,72
08/12/2023,TOL,OH,AGL,CE,Combined TRACON& Tower with Radar,11,8,12,0,31,0,5,15,0,20,11,13,27,0,51,0,0,0,51
08/13/2023,TOL,OH,AGL,CE,Combined TRACON& Tower with Radar,7,4,21,0,32,0,3,27,3,33,7,7,48,3,65,29,4,33,98
08/14/2023,TOL,OH,AGL,CE,Combined TRACON& Tower with Radar,14,8,29,11,62,0,3,3,0,6,14,11,32,11,68,0,0,0,68
08/15/2023,TOL,OH,AGL,CE,Combined TRACON& Tower with Radar,10,13,39,6,68,0,0,4,0,4,10,13,43,6,72,12,0,12,84
08/16/2023,TOL,OH,AGL,CE,Combined TRACON& Tower with Radar,8,9,48,10,75,0,1,38,1,40,8,10,86,11,115,18,0,18,133
08/17/2023,TOL,OH,AGL,CE,Combined TRACON& Tower with Radar,7,2,33,1,43,0,3,4,3,10,7,5,37,4,53,0,16,16,69
08/18/2023,TOL,OH,AGL,CE,Combined TRACON& Tower with Radar,5,9,34,7,55,0,5,27,10,42,5,14,61,17,97,20,0,20,117
08/19/2023,TOL,OH,AGL,CE,Combined TRACON& Tower with Radar,6,8,14,2,30,0,7,18,1,26,6,15,32,3,56,2,0,2,58
08/20/2023,TOL,OH,AGL,CE,Combined TRACON& Tower with Radar,6,1,16,0,23,0,9,12,0,21,6,10,28,0,44,4,0,4,48
08/21/2023,TOL,OH,AGL,CE,Combined TRACON& Tower with Radar,5,11,44,12,72,0,8,17,0,25,5,19,61,12,97,0,0,0,97
08/22/2023,TOL,OH,AGL,CE,Combined TRACON& Tower with Radar,10,9,40,11,70,0,5,12,0,17,10,14,52,11,87,0,22,22,109
08/23/2023,TOL,OH,AGL,CE,Combined TRACON& Tower with Radar,5,12,38,12,67,0,2,9,0,11,5,14,47,12,78,8,0,8,86
08/24/2023,TOL,OH,AGL,CE,Combined TRACON& Tower with Radar,14,9,39,11,73,0,2,13,3,18,14,11,52,14,91,0,0,0,91
08/25/2023,TOL,OH,AGL,CE,Combined TRACON& Tower with Radar,7,2,54,3,66,0,2,3,0,5,7,4,57,3,71,8,0,8,79
08/26/2023,TOL,OH,AGL,CE,Combined TRACON& Tower with Radar,5,5,29,1,40,0,1,14,0,15,5,6,43,1,55,35,0,35,90
08/27/2023,TOL,OH,AGL,CE,Combined TRACON& Tower with Radar,6,4,28,0,38,0,4,19,0,23,6,8,47,0,61,0,0,0,61
08/28/2023,TOL,OH,AGL,CE,Combined TRACON& Tower with Radar,5,6,33,20,64,0,2,34,2,38,5,8,67,22,102,34,22,56,158
08/29/2023,TOL,OH,AGL,CE,Combined TRACON& Tower with Radar,6,5,34,12,57,0,4,19,0,23,6,9,53,12,80,12,0,12,92
08/30/2023,TOL,OH,AGL,CE,Combined TRACON& Tower with Radar,6,13,45,12,76,0,5,15,0,20,6,18,60,12,96,35,0,35,131
08/31/2023,TOL,OH,AGL,CE,Combined TRACON& Tower with Radar,8,5,38,11,62,0,10,50,0,60,8,15,88,11,122,27,0,27,149
