01/01/2020,TPA,FL,ASO,ES,Combined TRACON& Tower with Radar,465,32,56,0,553,1,1,19,1,22,466,33,75,1,575,0,0,0,575
01/02/2020,TPA,FL,ASO,ES,Combined TRACON& Tower with Radar,567,53,40,0,660,1,0,13,0,14,568,53,53,0,674,0,0,0,674
01/03/2020,TPA,FL,ASO,ES,Combined TRACON& Tower with Radar,569,62,37,0,668,1,0,15,0,16,570,62,52,0,684,0,0,0,684
01/04/2020,TPA,FL,ASO,ES,Combined TRACON& Tower with Radar,558,49,36,0,643,0,2,3,0,5,558,51,39,0,648,0,0,0,648
01/05/2020,TPA,FL,ASO,ES,Combined TRACON& Tower with Radar,564,39,46,0,649,1,2,20,0,23,565,41,66,0,672,0,0,0,672
01/06/2020,TPA,FL,ASO,ES,Combined TRACON& Tower with Radar,513,39,45,0,597,1,2,18,0,21,514,41,63,0,618,0,0,0,618
01/07/2020,TPA,FL,ASO,ES,Combined TRACON& Tower with Radar,463,39,49,4,555,1,4,12,0,17,464,43,61,4,572,0,0,0,572
01/08/2020,TPA,FL,ASO,ES,Combined TRACON& Tower with Radar,488,40,63,0,591,1,1,12,0,14,489,41,75,0,605,0,0,0,605
01/09/2020,TPA,FL,ASO,ES,Combined TRACON& Tower with Radar,508,58,67,0,633,1,2,26,0,29,509,60,93,0,662,0,0,0,662
01/10/2020,TPA,FL,ASO,ES,Combined TRACON& Tower with Radar,482,46,30,0,558,1,2,15,0,18,483,48,45,0,576,0,0,0,576
01/11/2020,TPA,FL,ASO,ES,Combined TRACON& Tower with Radar,466,45,42,0,553,1,1,10,0,12,467,46,52,0,565,0,0,0,565
01/12/2020,TPA,FL,ASO,ES,Combined TRACON& Tower with Radar,515,48,40,0,603,1,0,17,0,18,516,48,57,0,621,0,0,0,621
01/13/2020,TPA,FL,ASO,ES,Combined TRACON& Tower with Radar,498,49,40,0,587,0,1,6,0,7,498,50,46,0,594,0,0,0,594
01/14/2020,TPA,FL,ASO,ES,Combined TRACON& Tower with Radar,461,49,43,3,556,0,3,11,0,14,461,52,54,3,570,0,0,0,570
01/15/2020,TPA,FL,ASO,ES,Combined TRACON& Tower with Radar,485,53,65,1,604,1,0,33,0,34,486,53,98,1,638,0,0,0,638
01/16/2020,TPA,FL,ASO,ES,Combined TRACON& Tower with Radar,496,67,43,2,608,1,1,20,0,22,497,68,63,2,630,0,0,0,630
01/17/2020,TPA,FL,ASO,ES,Combined TRACON& Tower with Radar,493,49,67,0,609,1,1,15,1,18,494,50,82,1,627,0,0,0,627
01/18/2020,TPA,FL,ASO,ES,Combined TRACON& Tower with Radar,473,33,35,1,542,1,1,15,0,17,474,34,50,1,559,0,0,0,559
01/19/2020,TPA,FL,ASO,ES,Combined TRACON& Tower with Radar,500,40,42,0,582,1,1,12,0,14,501,41,54,0,596,0,0,0,596
01/20/2020,TPA,FL,ASO,ES,Combined TRACON& Tower with Radar,515,68,70,1,654,1,1,16,0,18,516,69,86,1,672,0,0,0,672
01/21/2020,TPA,FL,ASO,ES,Combined TRACON& Tower with Radar,515,81,55,1,652,2,2,19,1,24,517,83,74,2,676,0,0,0,676
01/22/2020,TPA,FL,ASO,ES,Combined TRACON& Tower with Radar,530,57,60,0,647,1,3,22,0,26,531,60,82,0,673,0,0,0,673
01/23/2020,TPA,FL,ASO,ES,Combined TRACON& Tower with Radar,502,73,61,0,636,1,0,6,0,7,503,73,67,0,643,0,0,0,643
01/24/2020,TPA,FL,ASO,ES,Combined TRACON& Tower with Radar,501,60,57,8,626,0,0,12,5,17,501,60,69,13,643,0,0,0,643
01/25/2020,TPA,FL,ASO,ES,Combined TRACON& Tower with Radar,490,39,45,0,574,0,2,16,0,18,490,41,61,0,592,0,0,0,592
01/26/2020,TPA,FL,ASO,ES,Combined TRACON& Tower with Radar,535,45,40,5,625,1,1,12,4,18,536,46,52,9,643,0,0,0,643
01/27/2020,TPA,FL,ASO,ES,Combined TRACON& Tower with Radar,488,40,48,0,576,1,0,13,1,15,489,40,61,1,591,0,0,0,591
01/28/2020,TPA,FL,ASO,ES,Combined TRACON& Tower with Radar,474,52,47,0,573,1,5,17,0,23,475,57,64,0,596,0,0,0,596
01/29/2020,TPA,FL,ASO,ES,Combined TRACON& Tower with Radar,481,49,54,0,584,1,2,19,0,22,482,51,73,0,606,0,0,0,606
01/30/2020,TPA,FL,ASO,ES,Combined TRACON& Tower with Radar,517,95,87,1,700,1,1,15,0,17,518,96,102,1,717,0,0,0,717
01/31/2020,TPA,FL,ASO,ES,Combined TRACON& Tower with Radar,497,73,46,0,616,1,2,10,0,13,498,75,56,0,629,0,0,0,629
02/01/2020,TPA,FL,ASO,ES,Combined TRACON& Tower with Radar,503,46,22,0,571,1,2,4,0,7,504,48,26,0,578,0,0,0,578
02/02/2020,TPA,FL,ASO,ES,Combined TRACON& Tower with Radar,523,57,46,0,626,0,0,17,0,17,523,57,63,0,643,0,0,0,643
02/03/2020,TPA,FL,ASO,ES,Combined TRACON& Tower with Radar,497,71,59,2,629,1,0,11,0,12,498,71,70,2,641,0,0,0,641
02/04/2020,TPA,FL,ASO,ES,Combined TRACON& Tower with Radar,456,62,48,3,569,0,5,25,0,30,456,67,73,3,599,0,0,0,599
02/05/2020,TPA,FL,ASO,ES,Combined TRACON& Tower with Radar,471,53,57,3,584,1,5,37,0,43,472,58,94,3,627,0,0,0,627
02/06/2020,TPA,FL,ASO,ES,Combined TRACON& Tower with Radar,467,76,58,0,601,0,0,4,0,4,467,76,62,0,605,0,0,0,605
02/07/2020,TPA,FL,ASO,ES,Combined TRACON& Tower with Radar,530,59,62,2,653,0,6,18,0,24,530,65,80,2,677,0,0,0,677
02/08/2020,TPA,FL,ASO,ES,Combined TRACON& Tower with Radar,502,33,40,0,575,1,3,17,0,21,503,36,57,0,596,0,0,0,596
02/09/2020,TPA,FL,ASO,ES,Combined TRACON& Tower with Radar,514,41,41,2,598,1,0,19,0,20,515,41,60,2,618,0,0,0,618
02/10/2020,TPA,FL,ASO,ES,Combined TRACON& Tower with Radar,491,59,42,0,592,1,0,25,0,26,492,59,67,0,618,0,0,0,618
02/11/2020,TPA,FL,ASO,ES,Combined TRACON& Tower with Radar,472,60,54,5,591,0,3,25,0,28,472,63,79,5,619,0,0,0,619
02/12/2020,TPA,FL,ASO,ES,Combined TRACON& Tower with Radar,496,64,78,0,638,1,0,26,0,27,497,64,104,0,665,0,0,0,665
02/13/2020,TPA,FL,ASO,ES,Combined TRACON& Tower with Radar,519,67,104,0,690,0,1,9,0,10,519,68,113,0,700,0,0,0,700
02/14/2020,TPA,FL,ASO,ES,Combined TRACON& Tower with Radar,535,60,74,0,669,1,0,5,0,6,536,60,79,0,675,0,0,0,675
02/15/2020,TPA,FL,ASO,ES,Combined TRACON& Tower with Radar,526,43,45,0,614,1,1,27,0,29,527,44,72,0,643,0,0,0,643
02/16/2020,TPA,FL,ASO,ES,Combined TRACON& Tower with Radar,537,55,54,2,648,1,0,13,0,14,538,55,67,2,662,0,0,0,662
02/17/2020,TPA,FL,ASO,ES,Combined TRACON& Tower with Radar,520,47,71,0,638,1,0,16,0,17,521,47,87,0,655,0,0,0,655
02/18/2020,TPA,FL,ASO,ES,Combined TRACON& Tower with Radar,521,58,68,0,647,0,1,24,0,25,521,59,92,0,672,0,0,0,672
02/19/2020,TPA,FL,ASO,ES,Combined TRACON& Tower with Radar,538,63,96,3,700,0,2,27,0,29,538,65,123,3,729,0,0,0,729
02/20/2020,TPA,FL,ASO,ES,Combined TRACON& Tower with Radar,528,55,96,1,680,0,1,17,1,19,528,56,113,2,699,0,0,0,699
02/21/2020,TPA,FL,ASO,ES,Combined TRACON& Tower with Radar,565,73,66,1,705,1,1,9,0,11,566,74,75,1,716,0,0,0,716
02/22/2020,TPA,FL,ASO,ES,Combined TRACON& Tower with Radar,560,49,37,1,647,1,4,6,0,11,561,53,43,1,658,0,0,0,658
02/23/2020,TPA,FL,ASO,ES,Combined TRACON& Tower with Radar,545,51,55,0,651,1,0,13,0,14,546,51,68,0,665,0,0,0,665
02/24/2020,TPA,FL,ASO,ES,Combined TRACON& Tower with Radar,530,64,67,2,663,1,1,21,0,23,531,65,88,2,686,0,0,0,686
02/25/2020,TPA,FL,ASO,ES,Combined TRACON& Tower with Radar,525,56,53,2,636,0,0,8,0,8,525,56,61,2,644,0,0,0,644
02/26/2020,TPA,FL,ASO,ES,Combined TRACON& Tower with Radar,540,77,68,0,685,0,1,7,0,8,540,78,75,0,693,0,0,0,693
02/27/2020,TPA,FL,ASO,ES,Combined TRACON& Tower with Radar,533,77,82,3,695,0,2,32,1,35,533,79,114,4,730,0,0,0,730
02/28/2020,TPA,FL,ASO,ES,Combined TRACON& Tower with Radar,534,63,80,1,678,1,7,23,0,31,535,70,103,1,709,0,0,0,709
02/29/2020,TPA,FL,ASO,ES,Combined TRACON& Tower with Radar,535,39,47,0,621,0,1,4,0,5,535,40,51,0,626,0,0,0,626
03/01/2020,TPA,FL,ASO,ES,Combined TRACON& Tower with Radar,547,47,55,0,649,1,0,14,0,15,548,47,69,0,664,0,0,0,664
03/02/2020,TPA,FL,ASO,ES,Combined TRACON& Tower with Radar,516,70,44,3,633,1,0,21,0,22,517,70,65,3,655,0,0,0,655
03/03/2020,TPA,FL,ASO,ES,Combined TRACON& Tower with Radar,519,72,63,5,659,0,5,15,2,22,519,77,78,7,681,0,0,0,681
03/04/2020,TPA,FL,ASO,ES,Combined TRACON& Tower with Radar,528,64,56,1,649,1,3,17,0,21,529,67,73,1,670,0,0,0,670
03/05/2020,TPA,FL,ASO,ES,Combined TRACON& Tower with Radar,544,63,68,0,675,0,1,7,0,8,544,64,75,0,683,0,0,0,683
03/06/2020,TPA,FL,ASO,ES,Combined TRACON& Tower with Radar,562,79,64,2,707,1,5,17,1,24,563,84,81,3,731,0,0,0,731
03/07/2020,TPA,FL,ASO,ES,Combined TRACON& Tower with Radar,612,56,51,1,720,1,2,25,6,34,613,58,76,7,754,0,0,0,754
03/08/2020,TPA,FL,ASO,ES,Combined TRACON& Tower with Radar,577,39,37,1,654,1,0,6,4,11,578,39,43,5,665,0,0,0,665
03/09/2020,TPA,FL,ASO,ES,Combined TRACON& Tower with Radar,563,39,47,1,650,1,0,15,1,17,564,39,62,2,667,0,0,0,667
03/10/2020,TPA,FL,ASO,ES,Combined TRACON& Tower with Radar,564,60,55,0,679,0,3,25,0,28,564,63,80,0,707,0,0,0,707
03/11/2020,TPA,FL,ASO,ES,Combined TRACON& Tower with Radar,576,68,58,1,703,1,3,15,0,19,577,71,73,1,722,0,0,0,722
03/12/2020,TPA,FL,ASO,ES,Combined TRACON& Tower with Radar,572,49,50,0,671,0,3,19,0,22,572,52,69,0,693,0,0,0,693
03/13/2020,TPA,FL,ASO,ES,Combined TRACON& Tower with Radar,573,55,53,1,682,1,0,21,1,23,574,55,74,2,705,0,0,0,705
03/14/2020,TPA,FL,ASO,ES,Combined TRACON& Tower with Radar,623,54,56,0,733,1,0,6,0,7,624,54,62,0,740,0,0,0,740
03/15/2020,TPA,FL,ASO,ES,Combined TRACON& Tower with Radar,596,47,54,0,697,1,0,15,0,16,597,47,69,0,713,0,0,0,713
03/16/2020,TPA,FL,ASO,ES,Combined TRACON& Tower with Radar,558,45,52,0,655,1,1,15,0,17,559,46,67,0,672,0,0,0,672
03/17/2020,TPA,FL,ASO,ES,Combined TRACON& Tower with Radar,552,52,47,1,652,0,0,15,0,15,552,52,62,1,667,0,0,0,667
03/18/2020,TPA,FL,ASO,ES,Combined TRACON& Tower with Radar,538,62,47,0,647,1,2,19,2,24,539,64,66,2,671,0,0,0,671
03/19/2020,TPA,FL,ASO,ES,Combined TRACON& Tower with Radar,513,51,46,0,610,0,6,15,0,21,513,57,61,0,631,0,0,0,631
03/20/2020,TPA,FL,ASO,ES,Combined TRACON& Tower with Radar,473,50,47,2,572,1,2,20,3,26,474,52,67,5,598,0,0,0,598
03/21/2020,TPA,FL,ASO,ES,Combined TRACON& Tower with Radar,560,49,30,1,640,1,3,22,4,30,561,52,52,5,670,0,0,0,670
03/22/2020,TPA,FL,ASO,ES,Combined TRACON& Tower with Radar,441,43,22,0,506,0,0,10,0,10,441,43,32,0,516,0,0,0,516
03/23/2020,TPA,FL,ASO,ES,Combined TRACON& Tower with Radar,365,39,33,0,437,0,0,15,0,15,365,39,48,0,452,0,0,0,452
03/24/2020,TPA,FL,ASO,ES,Combined TRACON& Tower with Radar,379,35,14,0,428,0,3,10,0,13,379,38,24,0,441,0,0,0,441
03/25/2020,TPA,FL,ASO,ES,Combined TRACON& Tower with Radar,374,28,16,0,418,0,0,10,0,10,374,28,26,0,428,0,0,0,428
03/26/2020,TPA,FL,ASO,ES,Combined TRACON& Tower with Radar,359,26,15,6,406,0,1,21,6,28,359,27,36,12,434,0,0,0,434
03/27/2020,TPA,FL,ASO,ES,Combined TRACON& Tower with Radar,320,31,12,0,363,0,3,14,2,19,320,34,26,2,382,0,0,0,382
03/28/2020,TPA,FL,ASO,ES,Combined TRACON& Tower with Radar,341,21,20,2,384,0,1,5,3,9,341,22,25,5,393,0,0,0,393
03/29/2020,TPA,FL,ASO,ES,Combined TRACON& Tower with Radar,298,20,15,0,333,0,0,10,0,10,298,20,25,0,343,0,0,0,343
03/30/2020,TPA,FL,ASO,ES,Combined TRACON& Tower with Radar,268,13,10,2,293,0,0,9,2,11,268,13,19,4,304,0,0,0,304
03/31/2020,TPA,FL,ASO,ES,Combined TRACON& Tower with Radar,243,18,9,0,270,0,1,8,2,11,243,19,17,2,281,0,0,0,281
04/01/2020,TPA,FL,ASO,ES,Combined TRACON& Tower with Radar,280,15,12,0,307,0,2,18,1,21,280,17,30,1,328,0,0,0,328
04/02/2020,TPA,FL,ASO,ES,Combined TRACON& Tower with Radar,251,11,9,0,271,0,2,10,2,14,251,13,19,2,285,0,0,0,285
04/03/2020,TPA,FL,ASO,ES,Combined TRACON& Tower with Radar,248,25,18,0,291,0,1,11,4,16,248,26,29,4,307,0,0,0,307
04/04/2020,TPA,FL,ASO,ES,Combined TRACON& Tower with Radar,264,22,13,0,299,0,2,14,0,16,264,24,27,0,315,0,0,0,315
04/05/2020,TPA,FL,ASO,ES,Combined TRACON& Tower with Radar,270,24,25,2,321,0,2,8,0,10,270,26,33,2,331,0,0,0,331
04/06/2020,TPA,FL,ASO,ES,Combined TRACON& Tower with Radar,230,20,30,0,280,0,0,9,0,9,230,20,39,0,289,0,0,0,289
04/07/2020,TPA,FL,ASO,ES,Combined TRACON& Tower with Radar,228,9,25,4,266,0,3,14,0,17,228,12,39,4,283,0,0,0,283
04/08/2020,TPA,FL,ASO,ES,Combined TRACON& Tower with Radar,212,11,19,0,242,0,1,16,0,17,212,12,35,0,259,0,0,0,259
04/09/2020,TPA,FL,ASO,ES,Combined TRACON& Tower with Radar,218,14,27,0,259,0,0,7,4,11,218,14,34,4,270,0,0,0,270
04/10/2020,TPA,FL,ASO,ES,Combined TRACON& Tower with Radar,229,11,10,8,258,0,1,7,0,8,229,12,17,8,266,0,0,0,266
04/11/2020,TPA,FL,ASO,ES,Combined TRACON& Tower with Radar,202,14,5,0,221,0,2,8,2,12,202,16,13,2,233,0,0,0,233
04/12/2020,TPA,FL,ASO,ES,Combined TRACON& Tower with Radar,199,9,14,0,222,0,0,14,0,14,199,9,28,0,236,0,0,0,236
04/13/2020,TPA,FL,ASO,ES,Combined TRACON& Tower with Radar,189,14,25,3,231,0,0,3,2,5,189,14,28,5,236,0,0,0,236
04/14/2020,TPA,FL,ASO,ES,Combined TRACON& Tower with Radar,160,21,16,0,197,0,0,1,0,1,160,21,17,0,198,0,0,0,198
04/15/2020,TPA,FL,ASO,ES,Combined TRACON& Tower with Radar,140,7,20,15,182,0,0,7,0,7,140,7,27,15,189,0,0,0,189
04/16/2020,TPA,FL,ASO,ES,Combined TRACON& Tower with Radar,135,29,20,1,185,0,0,11,3,14,135,29,31,4,199,0,0,0,199
04/17/2020,TPA,FL,ASO,ES,Combined TRACON& Tower with Radar,125,11,22,1,159,0,1,13,1,15,125,12,35,2,174,0,0,0,174
04/18/2020,TPA,FL,ASO,ES,Combined TRACON& Tower with Radar,150,13,3,0,166,0,0,6,0,6,150,13,9,0,172,0,0,0,172
04/19/2020,TPA,FL,ASO,ES,Combined TRACON& Tower with Radar,111,16,15,4,146,0,0,10,2,12,111,16,25,6,158,0,0,0,158
04/20/2020,TPA,FL,ASO,ES,Combined TRACON& Tower with Radar,122,17,16,4,159,0,1,7,4,12,122,18,23,8,171,0,0,0,171
04/21/2020,TPA,FL,ASO,ES,Combined TRACON& Tower with Radar,130,14,7,0,151,0,0,22,0,22,130,14,29,0,173,0,0,0,173
04/22/2020,TPA,FL,ASO,ES,Combined TRACON& Tower with Radar,133,14,15,0,162,0,0,17,0,17,133,14,32,0,179,0,0,0,179
04/23/2020,TPA,FL,ASO,ES,Combined TRACON& Tower with Radar,137,21,22,8,188,0,2,11,4,17,137,23,33,12,205,0,0,0,205
04/24/2020,TPA,FL,ASO,ES,Combined TRACON& Tower with Radar,114,23,13,0,150,0,2,1,0,3,114,25,14,0,153,0,0,0,153
04/25/2020,TPA,FL,ASO,ES,Combined TRACON& Tower with Radar,141,12,7,0,160,0,2,12,0,14,141,14,19,0,174,0,0,0,174
04/26/2020,TPA,FL,ASO,ES,Combined TRACON& Tower with Radar,119,23,19,0,161,0,0,11,4,15,119,23,30,4,176,0,0,0,176
04/27/2020,TPA,FL,ASO,ES,Combined TRACON& Tower with Radar,124,15,36,9,184,0,1,19,8,28,124,16,55,17,212,0,0,0,212
04/28/2020,TPA,FL,ASO,ES,Combined TRACON& Tower with Radar,139,25,14,4,182,0,2,10,5,17,139,27,24,9,199,0,0,0,199
04/29/2020,TPA,FL,ASO,ES,Combined TRACON& Tower with Radar,135,14,33,0,182,0,1,15,1,17,135,15,48,1,199,0,0,0,199
04/30/2020,TPA,FL,ASO,ES,Combined TRACON& Tower with Radar,137,16,29,0,182,0,0,16,0,16,137,16,45,0,198,0,0,0,198
05/01/2020,TPA,FL,ASO,ES,Combined TRACON& Tower with Radar,147,16,26,0,189,0,3,16,10,29,147,19,42,10,218,0,0,0,218
05/02/2020,TPA,FL,ASO,ES,Combined TRACON& Tower with Radar,153,17,11,0,181,0,1,23,4,28,153,18,34,4,209,0,0,0,209
05/03/2020,TPA,FL,ASO,ES,Combined TRACON& Tower with Radar,126,7,23,0,156,0,0,14,3,17,126,7,37,3,173,0,0,0,173
05/04/2020,TPA,FL,ASO,ES,Combined TRACON& Tower with Radar,133,21,32,0,186,0,0,9,5,14,133,21,41,5,200,0,0,0,200
05/05/2020,TPA,FL,ASO,ES,Combined TRACON& Tower with Radar,133,20,21,0,174,0,4,24,4,32,133,24,45,4,206,0,0,0,206
05/06/2020,TPA,FL,ASO,ES,Combined TRACON& Tower with Radar,142,22,27,0,191,0,3,15,3,21,142,25,42,3,212,0,0,0,212
05/07/2020,TPA,FL,ASO,ES,Combined TRACON& Tower with Radar,147,22,20,0,189,0,3,19,0,22,147,25,39,0,211,0,0,0,211
05/08/2020,TPA,FL,ASO,ES,Combined TRACON& Tower with Radar,140,19,27,0,186,0,3,20,0,23,140,22,47,0,209,0,0,0,209
05/09/2020,TPA,FL,ASO,ES,Combined TRACON& Tower with Radar,112,11,13,1,137,0,2,21,1,24,112,13,34,2,161,0,0,0,161
05/10/2020,TPA,FL,ASO,ES,Combined TRACON& Tower with Radar,122,15,8,3,148,0,0,1,0,1,122,15,9,3,149,0,0,0,149
05/11/2020,TPA,FL,ASO,ES,Combined TRACON& Tower with Radar,120,21,32,3,176,0,0,16,2,18,120,21,48,5,194,0,0,0,194
05/12/2020,TPA,FL,ASO,ES,Combined TRACON& Tower with Radar,126,19,29,0,174,0,5,30,2,37,126,24,59,2,211,0,0,0,211
05/13/2020,TPA,FL,ASO,ES,Combined TRACON& Tower with Radar,128,24,37,5,194,0,5,29,4,38,128,29,66,9,232,0,0,0,232
05/14/2020,TPA,FL,ASO,ES,Combined TRACON& Tower with Radar,135,24,35,0,194,1,4,21,2,28,136,28,56,2,222,0,0,0,222
05/15/2020,TPA,FL,ASO,ES,Combined TRACON& Tower with Radar,136,20,32,1,189,0,7,14,4,25,136,27,46,5,214,0,0,0,214
05/16/2020,TPA,FL,ASO,ES,Combined TRACON& Tower with Radar,110,13,10,1,134,0,1,5,2,8,110,14,15,3,142,0,0,0,142
05/17/2020,TPA,FL,ASO,ES,Combined TRACON& Tower with Radar,124,21,17,0,162,0,0,8,2,10,124,21,25,2,172,0,0,0,172
05/18/2020,TPA,FL,ASO,ES,Combined TRACON& Tower with Radar,128,32,24,0,184,0,0,6,2,8,128,32,30,2,192,0,0,0,192
05/19/2020,TPA,FL,ASO,ES,Combined TRACON& Tower with Radar,125,28,37,2,192,0,3,19,0,22,125,31,56,2,214,0,0,0,214
05/20/2020,TPA,FL,ASO,ES,Combined TRACON& Tower with Radar,141,32,49,0,222,0,1,16,0,17,141,33,65,0,239,0,0,0,239
05/21/2020,TPA,FL,ASO,ES,Combined TRACON& Tower with Radar,161,26,45,2,234,0,2,18,0,20,161,28,63,2,254,0,0,0,254
05/22/2020,TPA,FL,ASO,ES,Combined TRACON& Tower with Radar,150,30,35,0,215,0,1,20,2,23,150,31,55,2,238,0,0,0,238
05/23/2020,TPA,FL,ASO,ES,Combined TRACON& Tower with Radar,139,21,13,2,175,0,1,7,1,9,139,22,20,3,184,0,0,0,184
05/24/2020,TPA,FL,ASO,ES,Combined TRACON& Tower with Radar,129,9,20,6,164,0,0,11,0,11,129,9,31,6,175,0,0,0,175
05/25/2020,TPA,FL,ASO,ES,Combined TRACON& Tower with Radar,135,16,20,0,171,0,1,2,1,4,135,17,22,1,175,0,0,0,175
05/26/2020,TPA,FL,ASO,ES,Combined TRACON& Tower with Radar,135,9,35,3,182,0,0,11,4,15,135,9,46,7,197,0,0,0,197
05/27/2020,TPA,FL,ASO,ES,Combined TRACON& Tower with Radar,145,19,40,1,205,0,2,8,2,12,145,21,48,3,217,0,0,0,217
05/28/2020,TPA,FL,ASO,ES,Combined TRACON& Tower with Radar,150,19,27,5,201,0,1,7,4,12,150,20,34,9,213,0,0,0,213
05/29/2020,TPA,FL,ASO,ES,Combined TRACON& Tower with Radar,150,25,38,1,214,0,2,6,0,8,150,27,44,1,222,0,0,0,222
05/30/2020,TPA,FL,ASO,ES,Combined TRACON& Tower with Radar,130,27,27,4,188,0,2,23,0,25,130,29,50,4,213,0,0,0,213
05/31/2020,TPA,FL,ASO,ES,Combined TRACON& Tower with Radar,148,31,32,2,213,0,1,63,16,80,148,32,95,18,293,0,0,0,293
06/01/2020,TPA,FL,ASO,ES,Combined TRACON& Tower with Radar,141,23,35,0,199,0,0,12,1,13,141,23,47,1,212,0,0,0,212
06/02/2020,TPA,FL,ASO,ES,Combined TRACON& Tower with Radar,148,20,45,0,213,0,2,35,2,39,148,22,80,2,252,0,0,0,252
06/03/2020,TPA,FL,ASO,ES,Combined TRACON& Tower with Radar,167,31,38,0,236,0,1,17,4,22,167,32,55,4,258,0,0,0,258
06/04/2020,TPA,FL,ASO,ES,Combined TRACON& Tower with Radar,181,31,53,0,265,0,1,6,1,8,181,32,59,1,273,0,0,0,273
06/05/2020,TPA,FL,ASO,ES,Combined TRACON& Tower with Radar,178,30,59,0,267,0,2,15,0,17,178,32,74,0,284,0,0,0,284
06/06/2020,TPA,FL,ASO,ES,Combined TRACON& Tower with Radar,172,19,18,0,209,0,1,0,0,1,172,20,18,0,210,0,0,0,210
06/07/2020,TPA,FL,ASO,ES,Combined TRACON& Tower with Radar,184,26,20,0,230,0,0,4,0,4,184,26,24,0,234,0,0,0,234
06/08/2020,TPA,FL,ASO,ES,Combined TRACON& Tower with Radar,172,36,32,0,240,0,0,8,0,8,172,36,40,0,248,0,0,0,248
06/09/2020,TPA,FL,ASO,ES,Combined TRACON& Tower with Radar,172,30,39,1,242,0,3,13,1,17,172,33,52,2,259,0,0,0,259
06/10/2020,TPA,FL,ASO,ES,Combined TRACON& Tower with Radar,191,29,44,3,267,0,0,14,2,16,191,29,58,5,283,0,0,0,283
06/11/2020,TPA,FL,ASO,ES,Combined TRACON& Tower with Radar,213,31,50,3,297,0,0,17,0,17,213,31,67,3,314,0,0,0,314
06/12/2020,TPA,FL,ASO,ES,Combined TRACON& Tower with Radar,217,23,43,3,286,0,2,16,0,18,217,25,59,3,304,0,0,0,304
06/13/2020,TPA,FL,ASO,ES,Combined TRACON& Tower with Radar,199,18,27,1,245,0,1,15,0,16,199,19,42,1,261,0,0,0,261
06/14/2020,TPA,FL,ASO,ES,Combined TRACON& Tower with Radar,212,19,34,2,267,0,1,22,0,23,212,20,56,2,290,0,0,0,290
06/15/2020,TPA,FL,ASO,ES,Combined TRACON& Tower with Radar,212,29,26,0,267,0,0,16,0,16,212,29,42,0,283,0,0,0,283
06/16/2020,TPA,FL,ASO,ES,Combined TRACON& Tower with Radar,192,34,26,1,253,0,3,15,1,19,192,37,41,2,272,0,0,0,272
06/17/2020,TPA,FL,ASO,ES,Combined TRACON& Tower with Radar,202,27,43,5,277,0,2,17,2,21,202,29,60,7,298,12,0,12,310
06/18/2020,TPA,FL,ASO,ES,Combined TRACON& Tower with Radar,230,40,40,6,316,0,1,15,0,16,230,41,55,6,332,0,0,0,332
06/19/2020,TPA,FL,ASO,ES,Combined TRACON& Tower with Radar,216,36,39,2,293,0,1,19,0,20,216,37,58,2,313,0,0,0,313
06/20/2020,TPA,FL,ASO,ES,Combined TRACON& Tower with Radar,208,37,26,0,271,0,1,19,0,20,208,38,45,0,291,0,0,0,291
06/21/2020,TPA,FL,ASO,ES,Combined TRACON& Tower with Radar,225,31,41,0,297,0,0,7,0,7,225,31,48,0,304,0,0,0,304
06/22/2020,TPA,FL,ASO,ES,Combined TRACON& Tower with Radar,238,27,35,0,300,1,0,25,0,26,239,27,60,0,326,0,0,0,326
06/23/2020,TPA,FL,ASO,ES,Combined TRACON& Tower with Radar,222,26,41,3,292,1,2,27,0,30,223,28,68,3,322,0,0,0,322
06/24/2020,TPA,FL,ASO,ES,Combined TRACON& Tower with Radar,233,27,41,3,304,0,1,24,0,25,233,28,65,3,329,0,0,0,329
06/25/2020,TPA,FL,ASO,ES,Combined TRACON& Tower with Radar,254,27,41,3,325,0,5,24,0,29,254,32,65,3,354,0,0,0,354
06/26/2020,TPA,FL,ASO,ES,Combined TRACON& Tower with Radar,251,30,40,0,321,0,2,14,0,16,251,32,54,0,337,0,0,0,337
06/27/2020,TPA,FL,ASO,ES,Combined TRACON& Tower with Radar,223,28,25,0,276,0,1,39,0,40,223,29,64,0,316,0,0,0,316
06/28/2020,TPA,FL,ASO,ES,Combined TRACON& Tower with Radar,228,27,25,2,282,0,0,12,0,12,228,27,37,2,294,0,0,0,294
06/29/2020,TPA,FL,ASO,ES,Combined TRACON& Tower with Radar,240,32,24,3,299,1,2,8,0,11,241,34,32,3,310,0,0,0,310
06/30/2020,TPA,FL,ASO,ES,Combined TRACON& Tower with Radar,229,32,45,0,306,0,3,21,0,24,229,35,66,0,330,0,0,0,330
07/01/2020,TPA,FL,ASO,ES,Combined TRACON& Tower with Radar,264,35,59,8,366,0,4,18,0,22,264,39,77,8,388,0,0,0,388
07/02/2020,TPA,FL,ASO,ES,Combined TRACON& Tower with Radar,310,49,42,7,408,0,3,22,0,25,310,52,64,7,433,0,0,0,433
07/03/2020,TPA,FL,ASO,ES,Combined TRACON& Tower with Radar,270,35,24,2,331,0,3,8,0,11,270,38,32,2,342,0,0,0,342
07/04/2020,TPA,FL,ASO,ES,Combined TRACON& Tower with Radar,199,28,3,0,230,0,1,5,0,6,199,29,8,0,236,0,0,0,236
07/05/2020,TPA,FL,ASO,ES,Combined TRACON& Tower with Radar,277,31,34,0,342,0,0,11,0,11,277,31,45,0,353,0,0,0,353
07/06/2020,TPA,FL,ASO,ES,Combined TRACON& Tower with Radar,284,36,31,0,351,0,0,12,0,12,284,36,43,0,363,0,0,0,363
07/07/2020,TPA,FL,ASO,ES,Combined TRACON& Tower with Radar,288,26,34,2,350,0,0,12,0,12,288,26,46,2,362,0,0,0,362
07/08/2020,TPA,FL,ASO,ES,Combined TRACON& Tower with Radar,301,34,44,0,379,0,3,27,1,31,301,37,71,1,410,0,0,0,410
07/09/2020,TPA,FL,ASO,ES,Combined TRACON& Tower with Radar,321,38,39,4,402,0,2,27,0,29,321,40,66,4,431,0,0,0,431
07/10/2020,TPA,FL,ASO,ES,Combined TRACON& Tower with Radar,315,40,49,0,404,0,2,15,0,17,315,42,64,0,421,0,0,0,421
07/11/2020,TPA,FL,ASO,ES,Combined TRACON& Tower with Radar,295,31,25,0,351,0,1,21,0,22,295,32,46,0,373,0,0,0,373
07/12/2020,TPA,FL,ASO,ES,Combined TRACON& Tower with Radar,302,35,32,2,371,0,0,13,1,14,302,35,45,3,385,0,0,0,385
07/13/2020,TPA,FL,ASO,ES,Combined TRACON& Tower with Radar,300,34,35,4,373,0,0,12,0,12,300,34,47,4,385,0,0,0,385
07/14/2020,TPA,FL,ASO,ES,Combined TRACON& Tower with Radar,290,24,37,6,357,0,1,23,0,24,290,25,60,6,381,0,0,0,381
07/15/2020,TPA,FL,ASO,ES,Combined TRACON& Tower with Radar,296,25,31,0,352,0,0,13,0,13,296,25,44,0,365,0,0,0,365
07/16/2020,TPA,FL,ASO,ES,Combined TRACON& Tower with Radar,314,34,37,4,389,0,0,13,0,13,314,34,50,4,402,0,0,0,402
07/17/2020,TPA,FL,ASO,ES,Combined TRACON& Tower with Radar,317,43,41,2,403,0,2,18,0,20,317,45,59,2,423,0,0,0,423
07/18/2020,TPA,FL,ASO,ES,Combined TRACON& Tower with Radar,299,32,11,0,342,0,0,11,0,11,299,32,22,0,353,0,0,0,353
07/19/2020,TPA,FL,ASO,ES,Combined TRACON& Tower with Radar,295,30,31,0,356,0,0,11,0,11,295,30,42,0,367,0,0,0,367
07/20/2020,TPA,FL,ASO,ES,Combined TRACON& Tower with Radar,314,39,35,2,390,0,0,20,0,20,314,39,55,2,410,0,0,0,410
07/21/2020,TPA,FL,ASO,ES,Combined TRACON& Tower with Radar,273,32,34,0,339,0,2,23,0,25,273,34,57,0,364,0,0,0,364
07/22/2020,TPA,FL,ASO,ES,Combined TRACON& Tower with Radar,274,41,34,0,349,0,0,12,0,12,274,41,46,0,361,0,0,0,361
07/23/2020,TPA,FL,ASO,ES,Combined TRACON& Tower with Radar,302,44,43,0,389,0,0,10,4,14,302,44,53,4,403,0,0,0,403
07/24/2020,TPA,FL,ASO,ES,Combined TRACON& Tower with Radar,299,36,33,4,372,0,0,11,1,12,299,36,44,5,384,0,0,0,384
07/25/2020,TPA,FL,ASO,ES,Combined TRACON& Tower with Radar,287,37,27,1,352,0,2,13,6,21,287,39,40,7,373,0,0,0,373
07/26/2020,TPA,FL,ASO,ES,Combined TRACON& Tower with Radar,293,30,28,0,351,0,0,15,0,15,293,30,43,0,366,0,0,0,366
07/27/2020,TPA,FL,ASO,ES,Combined TRACON& Tower with Radar,282,40,53,0,375,0,0,20,0,20,282,40,73,0,395,0,0,0,395
07/28/2020,TPA,FL,ASO,ES,Combined TRACON& Tower with Radar,278,28,39,6,351,0,0,13,0,13,278,28,52,6,364,0,0,0,364
07/29/2020,TPA,FL,ASO,ES,Combined TRACON& Tower with Radar,271,37,41,4,353,0,0,29,1,30,271,37,70,5,383,0,0,0,383
07/30/2020,TPA,FL,ASO,ES,Combined TRACON& Tower with Radar,299,40,41,1,381,0,0,25,0,25,299,40,66,1,406,0,0,0,406
07/31/2020,TPA,FL,ASO,ES,Combined TRACON& Tower with Radar,299,40,50,6,395,0,0,24,4,28,299,40,74,10,423,0,0,0,423
08/01/2020,TPA,FL,ASO,ES,Combined TRACON& Tower with Radar,270,33,32,2,337,0,1,10,0,11,270,34,42,2,348,0,0,0,348
08/02/2020,TPA,FL,ASO,ES,Combined TRACON& Tower with Radar,299,28,28,1,356,0,0,10,0,10,299,28,38,1,366,0,0,0,366
08/03/2020,TPA,FL,ASO,ES,Combined TRACON& Tower with Radar,285,30,37,3,355,0,1,22,2,25,285,31,59,5,380,0,0,0,380
08/04/2020,TPA,FL,ASO,ES,Combined TRACON& Tower with Radar,255,23,37,2,317,0,2,20,0,22,255,25,57,2,339,0,0,0,339
08/05/2020,TPA,FL,ASO,ES,Combined TRACON& Tower with Radar,252,28,36,8,324,0,1,22,0,23,252,29,58,8,347,0,0,0,347
08/06/2020,TPA,FL,ASO,ES,Combined TRACON& Tower with Radar,307,30,34,0,371,0,1,17,0,18,307,31,51,0,389,0,0,0,389
08/07/2020,TPA,FL,ASO,ES,Combined TRACON& Tower with Radar,307,37,33,0,377,0,1,25,0,26,307,38,58,0,403,0,0,0,403
08/08/2020,TPA,FL,ASO,ES,Combined TRACON& Tower with Radar,276,42,22,1,341,0,1,14,0,15,276,43,36,1,356,0,0,0,356
08/09/2020,TPA,FL,ASO,ES,Combined TRACON& Tower with Radar,294,32,30,4,360,0,0,12,0,12,294,32,42,4,372,0,0,0,372
08/10/2020,TPA,FL,ASO,ES,Combined TRACON& Tower with Radar,276,48,28,2,354,0,0,25,0,25,276,48,53,2,379,0,0,0,379
08/11/2020,TPA,FL,ASO,ES,Combined TRACON& Tower with Radar,238,28,44,0,310,0,1,21,1,23,238,29,65,1,333,0,0,0,333
08/12/2020,TPA,FL,ASO,ES,Combined TRACON& Tower with Radar,246,39,51,1,337,0,1,31,0,32,246,40,82,1,369,0,0,0,369
08/13/2020,TPA,FL,ASO,ES,Combined TRACON& Tower with Radar,291,37,43,0,371,0,2,26,2,30,291,39,69,2,401,0,0,0,401
08/14/2020,TPA,FL,ASO,ES,Combined TRACON& Tower with Radar,276,43,36,2,357,0,0,11,0,11,276,43,47,2,368,0,0,0,368
08/15/2020,TPA,FL,ASO,ES,Combined TRACON& Tower with Radar,259,25,15,0,299,0,2,11,0,13,259,27,26,0,312,0,0,0,312
08/16/2020,TPA,FL,ASO,ES,Combined TRACON& Tower with Radar,267,38,42,0,347,0,0,16,0,16,267,38,58,0,363,0,0,0,363
08/17/2020,TPA,FL,ASO,ES,Combined TRACON& Tower with Radar,268,37,37,2,344,0,0,16,0,16,268,37,53,2,360,0,0,0,360
08/18/2020,TPA,FL,ASO,ES,Combined TRACON& Tower with Radar,240,21,40,0,301,0,1,14,2,17,240,22,54,2,318,0,0,0,318
08/19/2020,TPA,FL,ASO,ES,Combined TRACON& Tower with Radar,237,42,39,0,318,0,0,21,0,21,237,42,60,0,339,0,0,0,339
08/20/2020,TPA,FL,ASO,ES,Combined TRACON& Tower with Radar,294,52,38,0,384,0,0,12,0,12,294,52,50,0,396,0,0,0,396
08/21/2020,TPA,FL,ASO,ES,Combined TRACON& Tower with Radar,269,43,34,0,346,0,1,7,0,8,269,44,41,0,354,0,0,0,354
08/22/2020,TPA,FL,ASO,ES,Combined TRACON& Tower with Radar,251,33,34,3,321,0,0,7,0,7,251,33,41,3,328,0,0,0,328
08/23/2020,TPA,FL,ASO,ES,Combined TRACON& Tower with Radar,271,30,26,0,327,0,1,14,0,15,271,31,40,0,342,0,0,0,342
08/24/2020,TPA,FL,ASO,ES,Combined TRACON& Tower with Radar,263,33,41,0,337,0,0,10,0,10,263,33,51,0,347,0,0,0,347
08/25/2020,TPA,FL,ASO,ES,Combined TRACON& Tower with Radar,232,41,40,0,313,0,0,16,0,16,232,41,56,0,329,0,0,0,329
08/26/2020,TPA,FL,ASO,ES,Combined TRACON& Tower with Radar,226,36,51,0,313,0,2,23,2,27,226,38,74,2,340,0,0,0,340
08/27/2020,TPA,FL,ASO,ES,Combined TRACON& Tower with Radar,276,29,42,0,347,0,0,22,0,22,276,29,64,0,369,0,0,0,369
08/28/2020,TPA,FL,ASO,ES,Combined TRACON& Tower with Radar,267,28,45,0,340,0,1,27,0,28,267,29,72,0,368,0,0,0,368
08/29/2020,TPA,FL,ASO,ES,Combined TRACON& Tower with Radar,251,35,15,0,301,0,0,8,0,8,251,35,23,0,309,0,0,0,309
08/30/2020,TPA,FL,ASO,ES,Combined TRACON& Tower with Radar,254,35,24,0,313,0,0,8,0,8,254,35,32,0,321,0,0,0,321
08/31/2020,TPA,FL,ASO,ES,Combined TRACON& Tower with Radar,259,36,41,0,336,0,0,20,0,20,259,36,61,0,356,0,0,0,356
09/01/2020,TPA,FL,ASO,ES,Combined TRACON& Tower with Radar,234,34,29,0,297,0,0,16,0,16,234,34,45,0,313,0,0,0,313
09/02/2020,TPA,FL,ASO,ES,Combined TRACON& Tower with Radar,232,38,33,0,303,0,0,14,0,14,232,38,47,0,317,0,0,0,317
09/03/2020,TPA,FL,ASO,ES,Combined TRACON& Tower with Radar,284,37,46,0,367,0,2,23,0,25,284,39,69,0,392,0,0,0,392
09/04/2020,TPA,FL,ASO,ES,Combined TRACON& Tower with Radar,277,38,59,0,374,0,1,9,0,10,277,39,68,0,384,0,0,0,384
09/05/2020,TPA,FL,ASO,ES,Combined TRACON& Tower with Radar,248,39,29,0,316,0,1,10,0,11,248,40,39,0,327,0,0,0,327
09/06/2020,TPA,FL,ASO,ES,Combined TRACON& Tower with Radar,215,35,22,0,272,0,0,8,0,8,215,35,30,0,280,0,0,0,280
09/07/2020,TPA,FL,ASO,ES,Combined TRACON& Tower with Radar,221,32,65,0,318,0,2,9,0,11,221,34,74,0,329,0,0,0,329
09/08/2020,TPA,FL,ASO,ES,Combined TRACON& Tower with Radar,192,26,56,0,274,0,0,8,2,10,192,26,64,2,284,0,0,0,284
09/09/2020,TPA,FL,ASO,ES,Combined TRACON& Tower with Radar,196,35,55,1,287,0,3,12,0,15,196,38,67,1,302,0,0,0,302
09/10/2020,TPA,FL,ASO,ES,Combined TRACON& Tower with Radar,224,50,25,3,302,0,2,22,0,24,224,52,47,3,326,0,0,0,326
09/11/2020,TPA,FL,ASO,ES,Combined TRACON& Tower with Radar,221,54,44,0,319,0,1,19,0,20,221,55,63,0,339,0,0,0,339
09/12/2020,TPA,FL,ASO,ES,Combined TRACON& Tower with Radar,201,21,30,0,252,0,2,8,0,10,201,23,38,0,262,0,0,0,262
09/13/2020,TPA,FL,ASO,ES,Combined TRACON& Tower with Radar,208,33,25,0,266,0,0,5,0,5,208,33,30,0,271,0,0,0,271
09/14/2020,TPA,FL,ASO,ES,Combined TRACON& Tower with Radar,202,38,27,0,267,0,0,11,0,11,202,38,38,0,278,0,0,0,278
09/15/2020,TPA,FL,ASO,ES,Combined TRACON& Tower with Radar,174,39,34,1,248,0,1,16,0,17,174,40,50,1,265,0,0,0,265
09/16/2020,TPA,FL,ASO,ES,Combined TRACON& Tower with Radar,188,34,41,0,263,0,2,13,0,15,188,36,54,0,278,0,0,0,278
09/17/2020,TPA,FL,ASO,ES,Combined TRACON& Tower with Radar,223,45,38,0,306,0,1,13,0,14,223,46,51,0,320,0,0,0,320
09/18/2020,TPA,FL,ASO,ES,Combined TRACON& Tower with Radar,225,35,38,0,298,0,0,22,0,22,225,35,60,0,320,0,0,0,320
09/19/2020,TPA,FL,ASO,ES,Combined TRACON& Tower with Radar,205,27,21,0,253,0,1,9,0,10,205,28,30,0,263,0,0,0,263
09/20/2020,TPA,FL,ASO,ES,Combined TRACON& Tower with Radar,217,40,52,0,309,0,0,9,0,9,217,40,61,0,318,0,0,0,318
09/21/2020,TPA,FL,ASO,ES,Combined TRACON& Tower with Radar,206,38,38,1,283,0,0,11,3,14,206,38,49,4,297,0,0,0,297
09/22/2020,TPA,FL,ASO,ES,Combined TRACON& Tower with Radar,173,36,37,0,246,0,3,20,0,23,173,39,57,0,269,0,0,0,269
09/23/2020,TPA,FL,ASO,ES,Combined TRACON& Tower with Radar,188,34,48,1,271,0,9,27,7,43,188,43,75,8,314,0,0,0,314
09/24/2020,TPA,FL,ASO,ES,Combined TRACON& Tower with Radar,225,45,47,4,321,0,12,21,0,33,225,57,68,4,354,0,0,0,354
09/25/2020,TPA,FL,ASO,ES,Combined TRACON& Tower with Radar,220,34,40,1,295,0,1,13,0,14,220,35,53,1,309,0,0,0,309
09/26/2020,TPA,FL,ASO,ES,Combined TRACON& Tower with Radar,203,28,35,0,266,0,2,18,0,20,203,30,53,0,286,0,0,0,286
09/27/2020,TPA,FL,ASO,ES,Combined TRACON& Tower with Radar,215,31,43,0,289,0,0,13,0,13,215,31,56,0,302,0,0,0,302
09/28/2020,TPA,FL,ASO,ES,Combined TRACON& Tower with Radar,220,42,31,0,293,0,0,14,0,14,220,42,45,0,307,0,0,0,307
09/29/2020,TPA,FL,ASO,ES,Combined TRACON& Tower with Radar,177,27,42,0,246,0,0,13,0,13,177,27,55,0,259,0,0,0,259
09/30/2020,TPA,FL,ASO,ES,Combined TRACON& Tower with Radar,193,46,55,0,294,0,5,23,0,28,193,51,78,0,322,0,0,0,322
10/01/2020,TPA,FL,ASO,ES,Combined TRACON& Tower with Radar,239,40,57,0,336,0,5,17,1,23,239,45,74,1,359,0,0,0,359
10/02/2020,TPA,FL,ASO,ES,Combined TRACON& Tower with Radar,242,46,46,0,334,0,4,24,0,28,242,50,70,0,362,0,0,0,362
10/03/2020,TPA,FL,ASO,ES,Combined TRACON& Tower with Radar,212,29,26,0,267,0,1,7,0,8,212,30,33,0,275,0,0,0,275
10/04/2020,TPA,FL,ASO,ES,Combined TRACON& Tower with Radar,230,60,67,0,357,0,0,2,0,2,230,60,69,0,359,0,0,0,359
10/05/2020,TPA,FL,ASO,ES,Combined TRACON& Tower with Radar,235,44,44,3,326,0,0,15,0,15,235,44,59,3,341,0,0,0,341
10/06/2020,TPA,FL,ASO,ES,Combined TRACON& Tower with Radar,183,35,40,2,260,0,0,20,1,21,183,35,60,3,281,0,0,0,281
10/07/2020,TPA,FL,ASO,ES,Combined TRACON& Tower with Radar,209,48,59,1,317,0,0,29,0,29,209,48,88,1,346,0,0,0,346
10/08/2020,TPA,FL,ASO,ES,Combined TRACON& Tower with Radar,295,52,62,1,410,0,2,21,2,25,295,54,83,3,435,0,0,0,435
10/09/2020,TPA,FL,ASO,ES,Combined TRACON& Tower with Radar,302,35,37,0,374,0,4,28,0,32,302,39,65,0,406,0,0,0,406
10/10/2020,TPA,FL,ASO,ES,Combined TRACON& Tower with Radar,260,36,14,0,310,0,1,18,0,19,260,37,32,0,329,0,0,0,329
10/11/2020,TPA,FL,ASO,ES,Combined TRACON& Tower with Radar,281,37,39,0,357,0,0,12,0,12,281,37,51,0,369,0,0,0,369
10/12/2020,TPA,FL,ASO,ES,Combined TRACON& Tower with Radar,294,49,53,1,397,0,0,23,1,24,294,49,76,2,421,0,0,0,421
10/13/2020,TPA,FL,ASO,ES,Combined TRACON& Tower with Radar,220,39,69,0,328,0,1,25,0,26,220,40,94,0,354,0,0,0,354
10/14/2020,TPA,FL,ASO,ES,Combined TRACON& Tower with Radar,223,50,47,4,324,0,5,24,0,29,223,55,71,4,353,0,0,0,353
10/15/2020,TPA,FL,ASO,ES,Combined TRACON& Tower with Radar,294,57,68,1,420,0,4,22,2,28,294,61,90,3,448,0,0,0,448
10/16/2020,TPA,FL,ASO,ES,Combined TRACON& Tower with Radar,294,55,50,0,399,0,1,27,1,29,294,56,77,1,428,0,0,0,428
10/17/2020,TPA,FL,ASO,ES,Combined TRACON& Tower with Radar,272,34,27,0,333,0,1,15,0,16,272,35,42,0,349,0,0,0,349
10/18/2020,TPA,FL,ASO,ES,Combined TRACON& Tower with Radar,302,57,55,1,415,0,0,20,3,23,302,57,75,4,438,0,0,0,438
10/19/2020,TPA,FL,ASO,ES,Combined TRACON& Tower with Radar,289,37,34,7,367,1,0,17,2,20,290,37,51,9,387,0,0,0,387
10/20/2020,TPA,FL,ASO,ES,Combined TRACON& Tower with Radar,216,26,48,5,295,0,0,5,0,5,216,26,53,5,300,0,0,0,300
10/21/2020,TPA,FL,ASO,ES,Combined TRACON& Tower with Radar,212,34,60,0,306,0,1,9,0,10,212,35,69,0,316,0,0,0,316
10/22/2020,TPA,FL,ASO,ES,Combined TRACON& Tower with Radar,298,47,55,5,405,0,3,21,1,25,298,50,76,6,430,0,0,0,430
10/23/2020,TPA,FL,ASO,ES,Combined TRACON& Tower with Radar,262,49,45,2,358,0,2,12,0,14,262,51,57,2,372,0,0,0,372
10/24/2020,TPA,FL,ASO,ES,Combined TRACON& Tower with Radar,243,37,33,0,313,0,0,10,0,10,243,37,43,0,323,0,0,0,323
10/25/2020,TPA,FL,ASO,ES,Combined TRACON& Tower with Radar,271,38,58,1,368,0,0,15,0,15,271,38,73,1,383,0,0,0,383
10/26/2020,TPA,FL,ASO,ES,Combined TRACON& Tower with Radar,254,35,53,0,342,0,0,10,0,10,254,35,63,0,352,0,0,0,352
10/27/2020,TPA,FL,ASO,ES,Combined TRACON& Tower with Radar,206,28,45,0,279,0,2,19,0,21,206,30,64,0,300,0,0,0,300
10/28/2020,TPA,FL,ASO,ES,Combined TRACON& Tower with Radar,203,51,81,8,343,0,2,15,0,17,203,53,96,8,360,0,0,0,360
10/29/2020,TPA,FL,ASO,ES,Combined TRACON& Tower with Radar,276,43,50,6,375,0,0,20,0,20,276,43,70,6,395,0,0,0,395
10/30/2020,TPA,FL,ASO,ES,Combined TRACON& Tower with Radar,265,53,50,2,370,0,6,25,0,31,265,59,75,2,401,0,0,0,401
10/31/2020,TPA,FL,ASO,ES,Combined TRACON& Tower with Radar,191,34,34,0,259,0,1,6,0,7,191,35,40,0,266,0,0,0,266
11/01/2020,TPA,FL,ASO,ES,Combined TRACON& Tower with Radar,254,43,44,0,341,0,0,11,0,11,254,43,55,0,352,0,0,0,352
11/02/2020,TPA,FL,ASO,ES,Combined TRACON& Tower with Radar,268,46,41,0,355,0,0,20,1,21,268,46,61,1,376,0,0,0,376
11/03/2020,TPA,FL,ASO,ES,Combined TRACON& Tower with Radar,205,34,29,1,269,0,4,22,0,26,205,38,51,1,295,0,0,0,295
11/04/2020,TPA,FL,ASO,ES,Combined TRACON& Tower with Radar,245,44,58,1,348,0,1,27,0,28,245,45,85,1,376,0,0,0,376
11/05/2020,TPA,FL,ASO,ES,Combined TRACON& Tower with Radar,327,42,58,0,427,0,1,16,0,17,327,43,74,0,444,0,0,0,444
11/06/2020,TPA,FL,ASO,ES,Combined TRACON& Tower with Radar,329,43,48,0,420,0,2,19,1,22,329,45,67,1,442,0,0,0,442
11/07/2020,TPA,FL,ASO,ES,Combined TRACON& Tower with Radar,284,39,31,0,354,0,1,9,0,10,284,40,40,0,364,0,0,0,364
11/08/2020,TPA,FL,ASO,ES,Combined TRACON& Tower with Radar,331,52,49,0,432,0,0,9,0,9,331,52,58,0,441,0,0,0,441
11/09/2020,TPA,FL,ASO,ES,Combined TRACON& Tower with Radar,336,36,42,0,414,0,0,5,0,5,336,36,47,0,419,0,0,0,419
11/10/2020,TPA,FL,ASO,ES,Combined TRACON& Tower with Radar,243,34,42,2,321,0,0,12,0,12,243,34,54,2,333,0,0,0,333
11/11/2020,TPA,FL,ASO,ES,Combined TRACON& Tower with Radar,146,35,26,0,207,0,1,3,0,4,146,36,29,0,211,0,0,0,211
11/12/2020,TPA,FL,ASO,ES,Combined TRACON& Tower with Radar,300,39,29,0,368,0,0,6,0,6,300,39,35,0,374,0,0,0,374
11/13/2020,TPA,FL,ASO,ES,Combined TRACON& Tower with Radar,334,36,47,0,417,0,2,18,0,20,334,38,65,0,437,0,0,0,437
11/14/2020,TPA,FL,ASO,ES,Combined TRACON& Tower with Radar,284,26,20,0,330,0,1,13,0,14,284,27,33,0,344,0,0,0,344
11/15/2020,TPA,FL,ASO,ES,Combined TRACON& Tower with Radar,354,58,33,0,445,0,0,14,0,14,354,58,47,0,459,0,0,0,459
11/16/2020,TPA,FL,ASO,ES,Combined TRACON& Tower with Radar,331,39,54,1,425,0,1,16,0,17,331,40,70,1,442,0,0,0,442
11/17/2020,TPA,FL,ASO,ES,Combined TRACON& Tower with Radar,259,29,59,5,352,0,8,15,3,26,259,37,74,8,378,0,0,0,378
11/18/2020,TPA,FL,ASO,ES,Combined TRACON& Tower with Radar,297,44,68,0,409,0,2,31,0,33,297,46,99,0,442,0,0,0,442
11/19/2020,TPA,FL,ASO,ES,Combined TRACON& Tower with Radar,386,44,58,2,490,0,0,20,0,20,386,44,78,2,510,0,0,0,510
11/20/2020,TPA,FL,ASO,ES,Combined TRACON& Tower with Radar,410,47,49,0,506,0,5,28,0,33,410,52,77,0,539,0,0,0,539
11/21/2020,TPA,FL,ASO,ES,Combined TRACON& Tower with Radar,430,53,34,1,518,0,2,6,0,8,430,55,40,1,526,0,0,0,526
11/22/2020,TPA,FL,ASO,ES,Combined TRACON& Tower with Radar,398,39,51,0,488,0,1,9,1,11,398,40,60,1,499,0,0,0,499
11/23/2020,TPA,FL,ASO,ES,Combined TRACON& Tower with Radar,409,51,66,2,528,0,3,8,0,11,409,54,74,2,539,0,0,0,539
11/24/2020,TPA,FL,ASO,ES,Combined TRACON& Tower with Radar,412,26,65,0,503,0,3,43,0,46,412,29,108,0,549,0,0,0,549
11/25/2020,TPA,FL,ASO,ES,Combined TRACON& Tower with Radar,418,41,55,1,515,0,5,14,0,19,418,46,69,1,534,0,0,0,534
11/26/2020,TPA,FL,ASO,ES,Combined TRACON& Tower with Radar,237,24,12,2,275,0,1,22,0,23,237,25,34,2,298,0,0,0,298
11/27/2020,TPA,FL,ASO,ES,Combined TRACON& Tower with Radar,345,25,26,4,400,0,0,16,0,16,345,25,42,4,416,0,0,0,416
11/28/2020,TPA,FL,ASO,ES,Combined TRACON& Tower with Radar,434,28,46,1,509,0,2,17,0,19,434,30,63,1,528,0,0,0,528
11/29/2020,TPA,FL,ASO,ES,Combined TRACON& Tower with Radar,449,77,74,2,602,0,0,22,0,22,449,77,96,2,624,0,0,0,624
11/30/2020,TPA,FL,ASO,ES,Combined TRACON& Tower with Radar,431,39,35,2,507,0,0,17,0,17,431,39,52,2,524,0,0,0,524
12/01/2020,TPA,FL,ASO,ES,Combined TRACON& Tower with Radar,388,37,52,0,477,0,3,30,1,34,388,40,82,1,511,0,0,0,511
12/02/2020,TPA,FL,ASO,ES,Combined TRACON& Tower with Radar,275,33,47,0,355,0,5,33,0,38,275,38,80,0,393,0,0,0,393
12/03/2020,TPA,FL,ASO,ES,Combined TRACON& Tower with Radar,323,36,49,3,411,0,2,20,0,22,323,38,69,3,433,0,0,0,433
12/04/2020,TPA,FL,ASO,ES,Combined TRACON& Tower with Radar,313,40,41,3,397,0,0,15,0,15,313,40,56,3,412,0,0,0,412
12/05/2020,TPA,FL,ASO,ES,Combined TRACON& Tower with Radar,269,21,27,0,317,0,1,13,0,14,269,22,40,0,331,0,0,0,331
12/06/2020,TPA,FL,ASO,ES,Combined TRACON& Tower with Radar,305,24,45,0,374,0,0,21,0,21,305,24,66,0,395,0,0,0,395
12/07/2020,TPA,FL,ASO,ES,Combined TRACON& Tower with Radar,325,48,52,0,425,0,0,14,0,14,325,48,66,0,439,0,0,0,439
12/08/2020,TPA,FL,ASO,ES,Combined TRACON& Tower with Radar,270,20,48,3,341,0,3,21,1,25,270,23,69,4,366,0,0,0,366
12/09/2020,TPA,FL,ASO,ES,Combined TRACON& Tower with Radar,257,25,47,1,330,0,3,11,0,14,257,28,58,1,344,0,0,0,344
12/10/2020,TPA,FL,ASO,ES,Combined TRACON& Tower with Radar,319,50,60,2,431,0,2,22,0,24,319,52,82,2,455,0,0,0,455
12/11/2020,TPA,FL,ASO,ES,Combined TRACON& Tower with Radar,314,44,64,2,424,0,0,15,0,15,314,44,79,2,439,0,0,0,439
12/12/2020,TPA,FL,ASO,ES,Combined TRACON& Tower with Radar,271,35,38,0,344,0,3,32,1,36,271,38,70,1,380,0,0,0,380
12/13/2020,TPA,FL,ASO,ES,Combined TRACON& Tower with Radar,306,51,52,3,412,0,0,17,2,19,306,51,69,5,431,0,0,0,431
12/14/2020,TPA,FL,ASO,ES,Combined TRACON& Tower with Radar,305,34,40,8,387,0,0,12,0,12,305,34,52,8,399,0,0,0,399
12/15/2020,TPA,FL,ASO,ES,Combined TRACON& Tower with Radar,254,38,43,3,338,0,3,22,0,25,254,41,65,3,363,0,0,0,363
12/16/2020,TPA,FL,ASO,ES,Combined TRACON& Tower with Radar,283,45,35,1,364,0,0,12,2,14,283,45,47,3,378,0,0,0,378
12/17/2020,TPA,FL,ASO,ES,Combined TRACON& Tower with Radar,413,42,59,1,515,0,1,20,0,21,413,43,79,1,536,0,0,0,536
12/18/2020,TPA,FL,ASO,ES,Combined TRACON& Tower with Radar,432,59,69,0,560,0,1,25,0,26,432,60,94,0,586,0,0,0,586
12/19/2020,TPA,FL,ASO,ES,Combined TRACON& Tower with Radar,471,55,28,0,554,0,1,14,0,15,471,56,42,0,569,0,0,0,569
12/20/2020,TPA,FL,ASO,ES,Combined TRACON& Tower with Radar,420,37,46,0,503,0,0,6,0,6,420,37,52,0,509,0,0,0,509
12/21/2020,TPA,FL,ASO,ES,Combined TRACON& Tower with Radar,444,45,55,0,544,0,0,18,0,18,444,45,73,0,562,0,0,0,562
12/22/2020,TPA,FL,ASO,ES,Combined TRACON& Tower with Radar,437,32,64,0,533,0,2,20,0,22,437,34,84,0,555,0,0,0,555
12/23/2020,TPA,FL,ASO,ES,Combined TRACON& Tower with Radar,448,57,43,0,548,0,1,24,0,25,448,58,67,0,573,0,0,0,573
12/24/2020,TPA,FL,ASO,ES,Combined TRACON& Tower with Radar,330,44,30,0,404,0,0,6,0,6,330,44,36,0,410,0,0,0,410
12/25/2020,TPA,FL,ASO,ES,Combined TRACON& Tower with Radar,280,33,7,0,320,0,0,7,0,7,280,33,14,0,327,0,0,0,327
12/26/2020,TPA,FL,ASO,ES,Combined TRACON& Tower with Radar,452,39,51,0,542,0,0,12,0,12,452,39,63,0,554,0,0,0,554
12/27/2020,TPA,FL,ASO,ES,Combined TRACON& Tower with Radar,433,32,48,0,513,0,0,12,0,12,433,32,60,0,525,0,0,0,525
12/28/2020,TPA,FL,ASO,ES,Combined TRACON& Tower with Radar,414,34,50,0,498,0,1,18,0,19,414,35,68,0,517,0,0,0,517
12/29/2020,TPA,FL,ASO,ES,Combined TRACON& Tower with Radar,419,41,38,0,498,0,4,22,0,26,419,45,60,0,524,0,0,0,524
12/30/2020,TPA,FL,ASO,ES,Combined TRACON& Tower with Radar,419,47,43,0,509,0,4,14,0,18,419,51,57,0,527,0,0,0,527
12/31/2020,TPA,FL,ASO,ES,Combined TRACON& Tower with Radar,337,40,33,0,410,0,1,22,0,23,337,41,55,0,433,0,0,0,433
01/01/2021,TPA,FL,ASO,ES,Combined TRACON& Tower with Radar,321,38,23,0,382,0,1,8,0,9,321,39,31,0,391,0,0,0,391
01/02/2021,TPA,FL,ASO,ES,Combined TRACON& Tower with Radar,439,58,113,0,610,0,3,9,0,12,439,61,122,0,622,0,0,0,622
01/03/2021,TPA,FL,ASO,ES,Combined TRACON& Tower with Radar,483,69,85,0,637,0,0,12,0,12,483,69,97,0,649,0,0,0,649
01/04/2021,TPA,FL,ASO,ES,Combined TRACON& Tower with Radar,415,34,34,0,483,0,0,22,0,22,415,34,56,0,505,0,0,0,505
01/05/2021,TPA,FL,ASO,ES,Combined TRACON& Tower with Radar,394,40,46,2,482,0,1,10,0,11,394,41,56,2,493,0,0,0,493
01/06/2021,TPA,FL,ASO,ES,Combined TRACON& Tower with Radar,322,33,38,0,393,0,1,19,0,20,322,34,57,0,413,20,0,20,433
01/07/2021,TPA,FL,ASO,ES,Combined TRACON& Tower with Radar,356,33,45,3,437,0,1,22,1,24,356,34,67,4,461,0,0,0,461
01/08/2021,TPA,FL,ASO,ES,Combined TRACON& Tower with Radar,390,38,71,1,500,0,0,25,1,26,390,38,96,2,526,0,0,0,526
01/09/2021,TPA,FL,ASO,ES,Combined TRACON& Tower with Radar,319,28,51,0,398,0,0,10,0,10,319,28,61,0,408,0,0,0,408
01/10/2021,TPA,FL,ASO,ES,Combined TRACON& Tower with Radar,342,31,38,1,412,0,0,20,0,20,342,31,58,1,432,0,0,0,432
01/11/2021,TPA,FL,ASO,ES,Combined TRACON& Tower with Radar,340,33,35,0,408,1,0,18,0,19,341,33,53,0,427,0,0,0,427
01/12/2021,TPA,FL,ASO,ES,Combined TRACON& Tower with Radar,287,31,58,3,379,0,0,10,2,12,287,31,68,5,391,0,0,0,391
01/13/2021,TPA,FL,ASO,ES,Combined TRACON& Tower with Radar,280,44,52,0,376,0,1,13,1,15,280,45,65,1,391,0,0,0,391
01/14/2021,TPA,FL,ASO,ES,Combined TRACON& Tower with Radar,364,53,48,2,467,0,0,19,1,20,364,53,67,3,487,0,0,0,487
01/15/2021,TPA,FL,ASO,ES,Combined TRACON& Tower with Radar,362,63,62,1,488,1,2,17,0,20,363,65,79,1,508,0,0,0,508
01/16/2021,TPA,FL,ASO,ES,Combined TRACON& Tower with Radar,308,34,30,4,376,0,0,14,0,14,308,34,44,4,390,0,0,0,390
01/17/2021,TPA,FL,ASO,ES,Combined TRACON& Tower with Radar,341,37,36,0,414,0,0,18,0,18,341,37,54,0,432,0,0,0,432
01/18/2021,TPA,FL,ASO,ES,Combined TRACON& Tower with Radar,347,47,48,0,442,0,0,21,0,21,347,47,69,0,463,0,0,0,463
01/19/2021,TPA,FL,ASO,ES,Combined TRACON& Tower with Radar,272,46,52,2,372,0,1,20,0,21,272,47,72,2,393,0,0,0,393
01/20/2021,TPA,FL,ASO,ES,Combined TRACON& Tower with Radar,284,40,36,0,360,0,0,20,0,20,284,40,56,0,380,6,0,6,386
01/21/2021,TPA,FL,ASO,ES,Combined TRACON& Tower with Radar,352,38,68,0,458,0,4,23,0,27,352,42,91,0,485,0,0,0,485
01/22/2021,TPA,FL,ASO,ES,Combined TRACON& Tower with Radar,350,45,61,1,457,0,0,34,6,40,350,45,95,7,497,0,0,0,497
01/23/2021,TPA,FL,ASO,ES,Combined TRACON& Tower with Radar,307,34,24,0,365,0,2,9,0,11,307,36,33,0,376,0,0,0,376
01/24/2021,TPA,FL,ASO,ES,Combined TRACON& Tower with Radar,344,30,42,2,418,0,0,13,5,18,344,30,55,7,436,0,0,0,436
01/25/2021,TPA,FL,ASO,ES,Combined TRACON& Tower with Radar,339,16,51,0,406,1,0,23,0,24,340,16,74,0,430,0,0,0,430
01/26/2021,TPA,FL,ASO,ES,Combined TRACON& Tower with Radar,268,33,55,4,360,0,0,25,0,25,268,33,80,4,385,0,0,0,385
01/27/2021,TPA,FL,ASO,ES,Combined TRACON& Tower with Radar,284,41,45,2,372,0,0,10,2,12,284,41,55,4,384,0,0,0,384
01/28/2021,TPA,FL,ASO,ES,Combined TRACON& Tower with Radar,379,57,53,0,489,0,0,18,0,18,379,57,71,0,507,0,0,0,507
01/29/2021,TPA,FL,ASO,ES,Combined TRACON& Tower with Radar,368,49,39,0,456,0,1,28,0,29,368,50,67,0,485,0,0,0,485
01/30/2021,TPA,FL,ASO,ES,Combined TRACON& Tower with Radar,295,34,32,2,363,0,2,25,2,29,295,36,57,4,392,0,0,0,392
01/31/2021,TPA,FL,ASO,ES,Combined TRACON& Tower with Radar,325,35,37,0,397,1,0,24,0,25,326,35,61,0,422,0,0,0,422
02/01/2021,TPA,FL,ASO,ES,Combined TRACON& Tower with Radar,305,40,40,4,389,1,0,13,2,16,306,40,53,6,405,0,0,0,405
02/02/2021,TPA,FL,ASO,ES,Combined TRACON& Tower with Radar,278,35,53,2,368,0,3,14,4,21,278,38,67,6,389,0,0,0,389
02/03/2021,TPA,FL,ASO,ES,Combined TRACON& Tower with Radar,295,42,34,2,373,0,2,21,5,28,295,44,55,7,401,0,0,0,401
02/04/2021,TPA,FL,ASO,ES,Combined TRACON& Tower with Radar,352,62,44,2,460,0,1,26,4,31,352,63,70,6,491,0,0,0,491
02/05/2021,TPA,FL,ASO,ES,Combined TRACON& Tower with Radar,369,74,62,0,505,0,0,34,0,34,369,74,96,0,539,0,0,0,539
02/06/2021,TPA,FL,ASO,ES,Combined TRACON& Tower with Radar,308,71,82,0,461,0,0,20,0,20,308,71,102,0,481,0,0,0,481
02/07/2021,TPA,FL,ASO,ES,Combined TRACON& Tower with Radar,362,83,90,0,535,0,1,33,1,35,362,84,123,1,570,0,0,0,570
02/08/2021,TPA,FL,ASO,ES,Combined TRACON& Tower with Radar,359,138,123,0,620,0,0,15,0,15,359,138,138,0,635,0,0,0,635
02/09/2021,TPA,FL,ASO,ES,Combined TRACON& Tower with Radar,283,52,66,1,402,0,1,13,0,14,283,53,79,1,416,0,0,0,416
02/10/2021,TPA,FL,ASO,ES,Combined TRACON& Tower with Radar,289,49,62,0,400,0,1,21,1,23,289,50,83,1,423,0,0,0,423
02/11/2021,TPA,FL,ASO,ES,Combined TRACON& Tower with Radar,351,40,69,1,461,0,0,16,0,16,351,40,85,1,477,0,0,0,477
02/12/2021,TPA,FL,ASO,ES,Combined TRACON& Tower with Radar,387,66,64,2,519,1,2,15,0,18,388,68,79,2,537,0,0,0,537
02/13/2021,TPA,FL,ASO,ES,Combined TRACON& Tower with Radar,365,36,29,0,430,1,0,7,0,8,366,36,36,0,438,0,0,0,438
02/14/2021,TPA,FL,ASO,ES,Combined TRACON& Tower with Radar,342,38,57,0,437,0,2,4,0,6,342,40,61,0,443,0,0,0,443
02/15/2021,TPA,FL,ASO,ES,Combined TRACON& Tower with Radar,325,39,52,0,416,0,0,11,0,11,325,39,63,0,427,0,0,0,427
02/16/2021,TPA,FL,ASO,ES,Combined TRACON& Tower with Radar,273,55,60,4,392,0,6,16,0,22,273,61,76,4,414,0,0,0,414
02/17/2021,TPA,FL,ASO,ES,Combined TRACON& Tower with Radar,274,40,58,2,374,0,1,10,0,11,274,41,68,2,385,0,0,0,385
02/18/2021,TPA,FL,ASO,ES,Combined TRACON& Tower with Radar,325,56,50,2,433,0,1,14,0,15,325,57,64,2,448,0,0,0,448
02/19/2021,TPA,FL,ASO,ES,Combined TRACON& Tower with Radar,389,65,64,0,518,0,0,6,0,6,389,65,70,0,524,0,0,0,524
02/20/2021,TPA,FL,ASO,ES,Combined TRACON& Tower with Radar,374,38,52,0,464,0,0,18,0,18,374,38,70,0,482,0,0,0,482
02/21/2021,TPA,FL,ASO,ES,Combined TRACON& Tower with Radar,361,47,58,0,466,0,0,18,0,18,361,47,76,0,484,0,0,0,484
02/22/2021,TPA,FL,ASO,ES,Combined TRACON& Tower with Radar,353,48,44,1,446,0,2,19,0,21,353,50,63,1,467,0,0,0,467
02/23/2021,TPA,FL,ASO,ES,Combined TRACON& Tower with Radar,299,48,38,3,388,0,0,26,0,26,299,48,64,3,414,0,0,0,414
02/24/2021,TPA,FL,ASO,ES,Combined TRACON& Tower with Radar,296,41,78,4,419,0,4,22,1,27,296,45,100,5,446,0,0,0,446
02/25/2021,TPA,FL,ASO,ES,Combined TRACON& Tower with Radar,368,37,75,6,486,0,8,25,0,33,368,45,100,6,519,0,0,0,519
02/26/2021,TPA,FL,ASO,ES,Combined TRACON& Tower with Radar,369,48,53,11,481,0,2,26,4,32,369,50,79,15,513,0,0,0,513
02/27/2021,TPA,FL,ASO,ES,Combined TRACON& Tower with Radar,363,36,50,1,450,0,2,18,0,20,363,38,68,1,470,0,0,0,470
02/28/2021,TPA,FL,ASO,ES,Combined TRACON& Tower with Radar,359,47,49,9,464,0,0,8,3,11,359,47,57,12,475,0,0,0,475
03/01/2021,TPA,FL,ASO,ES,Combined TRACON& Tower with Radar,351,50,61,1,463,0,1,10,0,11,351,51,71,1,474,0,0,0,474
03/02/2021,TPA,FL,ASO,ES,Combined TRACON& Tower with Radar,302,44,67,1,414,0,1,18,0,19,302,45,85,1,433,0,0,0,433
03/03/2021,TPA,FL,ASO,ES,Combined TRACON& Tower with Radar,307,64,60,0,431,0,0,16,0,16,307,64,76,0,447,0,0,0,447
03/04/2021,TPA,FL,ASO,ES,Combined TRACON& Tower with Radar,396,55,66,0,517,0,1,25,2,28,396,56,91,2,545,0,0,0,545
03/05/2021,TPA,FL,ASO,ES,Combined TRACON& Tower with Radar,386,62,71,7,526,0,1,29,4,34,386,63,100,11,560,0,0,0,560
03/06/2021,TPA,FL,ASO,ES,Combined TRACON& Tower with Radar,386,34,39,2,461,0,3,6,0,9,386,37,45,2,470,0,0,0,470
03/07/2021,TPA,FL,ASO,ES,Combined TRACON& Tower with Radar,441,35,61,8,545,0,0,15,2,17,441,35,76,10,562,0,0,0,562
03/08/2021,TPA,FL,ASO,ES,Combined TRACON& Tower with Radar,427,40,64,2,533,0,4,17,0,21,427,44,81,2,554,0,0,0,554
03/09/2021,TPA,FL,ASO,ES,Combined TRACON& Tower with Radar,349,43,48,3,443,0,1,30,1,32,349,44,78,4,475,0,0,0,475
03/10/2021,TPA,FL,ASO,ES,Combined TRACON& Tower with Radar,368,55,76,2,501,0,7,20,2,29,368,62,96,4,530,0,0,0,530
03/11/2021,TPA,FL,ASO,ES,Combined TRACON& Tower with Radar,463,52,62,4,581,0,4,24,0,28,463,56,86,4,609,0,0,0,609
03/12/2021,TPA,FL,ASO,ES,Combined TRACON& Tower with Radar,469,75,72,8,624,0,2,21,1,24,469,77,93,9,648,0,0,0,648
03/13/2021,TPA,FL,ASO,ES,Combined TRACON& Tower with Radar,502,41,48,4,595,0,1,20,0,21,502,42,68,4,616,0,0,0,616
03/14/2021,TPA,FL,ASO,ES,Combined TRACON& Tower with Radar,432,32,41,6,511,0,2,8,0,10,432,34,49,6,521,0,0,0,521
03/15/2021,TPA,FL,ASO,ES,Combined TRACON& Tower with Radar,434,56,63,1,554,0,0,27,0,27,434,56,90,1,581,0,0,0,581
03/16/2021,TPA,FL,ASO,ES,Combined TRACON& Tower with Radar,425,61,42,4,532,0,1,26,0,27,425,62,68,4,559,0,0,0,559
03/17/2021,TPA,FL,ASO,ES,Combined TRACON& Tower with Radar,421,76,65,15,577,0,5,27,1,33,421,81,92,16,610,0,0,0,610
03/18/2021,TPA,FL,ASO,ES,Combined TRACON& Tower with Radar,466,65,81,12,624,0,0,18,0,18,466,65,99,12,642,0,0,0,642
03/19/2021,TPA,FL,ASO,ES,Combined TRACON& Tower with Radar,466,54,88,0,608,0,0,17,1,18,466,54,105,1,626,0,0,0,626
03/20/2021,TPA,FL,ASO,ES,Combined TRACON& Tower with Radar,517,50,58,0,625,0,1,14,0,15,517,51,72,0,640,0,0,0,640
03/21/2021,TPA,FL,ASO,ES,Combined TRACON& Tower with Radar,470,63,97,4,634,0,0,12,2,14,470,63,109,6,648,0,0,0,648
03/22/2021,TPA,FL,ASO,ES,Combined TRACON& Tower with Radar,451,68,51,11,581,0,0,3,0,3,451,68,54,11,584,0,0,0,584
03/23/2021,TPA,FL,ASO,ES,Combined TRACON& Tower with Radar,422,39,61,12,534,0,4,13,1,18,422,43,74,13,552,0,0,0,552
03/24/2021,TPA,FL,ASO,ES,Combined TRACON& Tower with Radar,423,61,67,11,562,0,4,13,0,17,423,65,80,11,579,0,0,0,579
03/25/2021,TPA,FL,ASO,ES,Combined TRACON& Tower with Radar,473,69,77,19,638,0,0,26,0,26,473,69,103,19,664,0,0,0,664
03/26/2021,TPA,FL,ASO,ES,Combined TRACON& Tower with Radar,467,61,79,8,615,0,2,12,0,14,467,63,91,8,629,0,0,0,629
03/27/2021,TPA,FL,ASO,ES,Combined TRACON& Tower with Radar,516,46,47,12,621,0,10,18,0,28,516,56,65,12,649,0,0,0,649
03/28/2021,TPA,FL,ASO,ES,Combined TRACON& Tower with Radar,448,36,71,5,560,0,0,18,0,18,448,36,89,5,578,0,0,0,578
03/29/2021,TPA,FL,ASO,ES,Combined TRACON& Tower with Radar,440,54,58,12,564,0,1,10,2,13,440,55,68,14,577,0,0,0,577
03/30/2021,TPA,FL,ASO,ES,Combined TRACON& Tower with Radar,418,40,55,12,525,0,1,13,0,14,418,41,68,12,539,0,0,0,539
03/31/2021,TPA,FL,ASO,ES,Combined TRACON& Tower with Radar,421,58,69,12,560,0,0,10,0,10,421,58,79,12,570,0,0,0,570
04/01/2021,TPA,FL,ASO,ES,Combined TRACON& Tower with Radar,487,68,46,11,612,1,2,10,0,13,488,70,56,11,625,0,0,0,625
04/02/2021,TPA,FL,ASO,ES,Combined TRACON& Tower with Radar,484,62,56,2,604,0,1,13,0,14,484,63,69,2,618,0,0,0,618
04/03/2021,TPA,FL,ASO,ES,Combined TRACON& Tower with Radar,515,25,59,0,599,0,5,14,0,19,515,30,73,0,618,0,0,0,618
04/04/2021,TPA,FL,ASO,ES,Combined TRACON& Tower with Radar,436,39,45,0,520,0,0,13,1,14,436,39,58,1,534,0,0,0,534
04/05/2021,TPA,FL,ASO,ES,Combined TRACON& Tower with Radar,470,64,61,0,595,1,6,13,0,20,471,70,74,0,615,0,0,0,615
04/06/2021,TPA,FL,ASO,ES,Combined TRACON& Tower with Radar,411,62,60,2,535,0,2,14,0,16,411,64,74,2,551,0,0,0,551
04/07/2021,TPA,FL,ASO,ES,Combined TRACON& Tower with Radar,411,53,65,1,530,0,2,30,0,32,411,55,95,1,562,0,0,0,562
04/08/2021,TPA,FL,ASO,ES,Combined TRACON& Tower with Radar,449,64,63,1,577,0,2,28,0,30,449,66,91,1,607,0,0,0,607
04/09/2021,TPA,FL,ASO,ES,Combined TRACON& Tower with Radar,463,59,73,0,595,0,5,24,4,33,463,64,97,4,628,0,0,0,628
04/10/2021,TPA,FL,ASO,ES,Combined TRACON& Tower with Radar,515,39,49,0,603,0,4,10,0,14,515,43,59,0,617,0,0,0,617
04/11/2021,TPA,FL,ASO,ES,Combined TRACON& Tower with Radar,371,42,48,0,461,0,0,4,0,4,371,42,52,0,465,0,0,0,465
04/12/2021,TPA,FL,ASO,ES,Combined TRACON& Tower with Radar,432,76,58,0,566,0,6,17,1,24,432,82,75,1,590,0,0,0,590
04/13/2021,TPA,FL,ASO,ES,Combined TRACON& Tower with Radar,377,42,80,2,501,0,5,38,0,43,377,47,118,2,544,0,0,0,544
04/14/2021,TPA,FL,ASO,ES,Combined TRACON& Tower with Radar,351,51,57,0,459,0,2,30,0,32,351,53,87,0,491,0,0,0,491
04/15/2021,TPA,FL,ASO,ES,Combined TRACON& Tower with Radar,439,51,69,0,559,0,0,19,0,19,439,51,88,0,578,0,0,0,578
04/16/2021,TPA,FL,ASO,ES,Combined TRACON& Tower with Radar,433,53,93,9,588,0,0,14,0,14,433,53,107,9,602,0,0,0,602
04/17/2021,TPA,FL,ASO,ES,Combined TRACON& Tower with Radar,469,41,53,1,564,0,1,10,0,11,469,42,63,1,575,0,0,0,575
04/18/2021,TPA,FL,ASO,ES,Combined TRACON& Tower with Radar,423,48,65,0,536,0,0,6,0,6,423,48,71,0,542,0,0,0,542
04/19/2021,TPA,FL,ASO,ES,Combined TRACON& Tower with Radar,425,55,50,0,530,0,0,6,0,6,425,55,56,0,536,0,0,0,536
04/20/2021,TPA,FL,ASO,ES,Combined TRACON& Tower with Radar,401,55,57,0,513,0,2,8,0,10,401,57,65,0,523,0,0,0,523
04/21/2021,TPA,FL,ASO,ES,Combined TRACON& Tower with Radar,372,63,80,0,515,0,0,20,0,20,372,63,100,0,535,0,0,0,535
04/22/2021,TPA,FL,ASO,ES,Combined TRACON& Tower with Radar,438,72,75,0,585,0,1,17,0,18,438,73,92,0,603,0,0,0,603
04/23/2021,TPA,FL,ASO,ES,Combined TRACON& Tower with Radar,431,69,74,2,576,0,2,26,3,31,431,71,100,5,607,0,0,0,607
04/24/2021,TPA,FL,ASO,ES,Combined TRACON& Tower with Radar,432,26,47,1,506,0,2,23,0,25,432,28,70,1,531,0,0,0,531
04/25/2021,TPA,FL,ASO,ES,Combined TRACON& Tower with Radar,465,48,77,1,591,0,5,16,2,23,465,53,93,3,614,0,0,0,614
04/26/2021,TPA,FL,ASO,ES,Combined TRACON& Tower with Radar,415,46,57,3,521,0,2,25,0,27,415,48,82,3,548,0,0,0,548
04/27/2021,TPA,FL,ASO,ES,Combined TRACON& Tower with Radar,355,47,65,7,474,0,4,16,0,20,355,51,81,7,494,0,0,0,494
04/28/2021,TPA,FL,ASO,ES,Combined TRACON& Tower with Radar,358,78,75,1,512,0,0,24,2,26,358,78,99,3,538,0,0,0,538
04/29/2021,TPA,FL,ASO,ES,Combined TRACON& Tower with Radar,422,67,77,0,566,0,1,26,0,27,422,68,103,0,593,0,0,0,593
04/30/2021,TPA,FL,ASO,ES,Combined TRACON& Tower with Radar,423,54,60,2,539,0,0,25,0,25,423,54,85,2,564,0,0,0,564
05/01/2021,TPA,FL,ASO,ES,Combined TRACON& Tower with Radar,453,46,57,0,556,0,2,13,2,17,453,48,70,2,573,0,0,0,573
05/02/2021,TPA,FL,ASO,ES,Combined TRACON& Tower with Radar,409,50,63,0,522,0,0,15,0,15,409,50,78,0,537,0,0,0,537
05/03/2021,TPA,FL,ASO,ES,Combined TRACON& Tower with Radar,404,55,52,0,511,0,0,23,0,23,404,55,75,0,534,0,0,0,534
05/04/2021,TPA,FL,ASO,ES,Combined TRACON& Tower with Radar,346,45,51,14,456,0,1,16,0,17,346,46,67,14,473,0,0,0,473
05/05/2021,TPA,FL,ASO,ES,Combined TRACON& Tower with Radar,363,44,69,2,478,0,4,14,0,18,363,48,83,2,496,0,0,0,496
05/06/2021,TPA,FL,ASO,ES,Combined TRACON& Tower with Radar,441,56,79,13,589,0,0,11,0,11,441,56,90,13,600,0,0,0,600
05/07/2021,TPA,FL,ASO,ES,Combined TRACON& Tower with Radar,446,74,48,2,570,0,5,29,0,34,446,79,77,2,604,0,0,0,604
05/08/2021,TPA,FL,ASO,ES,Combined TRACON& Tower with Radar,458,44,55,0,557,0,3,16,0,19,458,47,71,0,576,0,0,0,576
05/09/2021,TPA,FL,ASO,ES,Combined TRACON& Tower with Radar,412,36,62,1,511,0,0,12,1,13,412,36,74,2,524,0,0,0,524
05/10/2021,TPA,FL,ASO,ES,Combined TRACON& Tower with Radar,415,53,83,0,551,0,0,13,0,13,415,53,96,0,564,0,0,0,564
05/11/2021,TPA,FL,ASO,ES,Combined TRACON& Tower with Radar,386,52,45,5,488,0,3,29,0,32,386,55,74,5,520,0,0,0,520
05/12/2021,TPA,FL,ASO,ES,Combined TRACON& Tower with Radar,419,44,65,0,528,0,4,16,0,20,419,48,81,0,548,0,0,0,548
05/13/2021,TPA,FL,ASO,ES,Combined TRACON& Tower with Radar,430,68,60,0,558,0,0,19,0,19,430,68,79,0,577,0,0,0,577
05/14/2021,TPA,FL,ASO,ES,Combined TRACON& Tower with Radar,443,61,72,0,576,0,2,28,4,34,443,63,100,4,610,0,0,0,610
05/15/2021,TPA,FL,ASO,ES,Combined TRACON& Tower with Radar,458,29,39,0,526,0,3,9,0,12,458,32,48,0,538,0,0,0,538
05/16/2021,TPA,FL,ASO,ES,Combined TRACON& Tower with Radar,408,59,57,0,524,0,1,32,0,33,408,60,89,0,557,0,0,0,557
05/17/2021,TPA,FL,ASO,ES,Combined TRACON& Tower with Radar,422,74,45,6,547,0,2,23,0,25,422,76,68,6,572,0,0,0,572
05/18/2021,TPA,FL,ASO,ES,Combined TRACON& Tower with Radar,401,51,63,4,519,0,3,13,0,16,401,54,76,4,535,0,0,0,535
05/19/2021,TPA,FL,ASO,ES,Combined TRACON& Tower with Radar,396,52,55,1,504,0,3,29,0,32,396,55,84,1,536,0,0,0,536
05/20/2021,TPA,FL,ASO,ES,Combined TRACON& Tower with Radar,421,62,54,3,540,0,1,29,0,30,421,63,83,3,570,0,0,0,570
05/21/2021,TPA,FL,ASO,ES,Combined TRACON& Tower with Radar,432,73,58,1,564,0,2,20,1,23,432,75,78,2,587,0,0,0,587
05/22/2021,TPA,FL,ASO,ES,Combined TRACON& Tower with Radar,450,27,35,0,512,0,3,18,0,21,450,30,53,0,533,0,0,0,533
05/23/2021,TPA,FL,ASO,ES,Combined TRACON& Tower with Radar,417,56,46,0,519,0,1,15,0,16,417,57,61,0,535,0,0,0,535
05/24/2021,TPA,FL,ASO,ES,Combined TRACON& Tower with Radar,422,64,67,1,554,0,4,11,0,15,422,68,78,1,569,0,0,0,569
05/25/2021,TPA,FL,ASO,ES,Combined TRACON& Tower with Radar,408,41,69,2,520,0,6,15,0,21,408,47,84,2,541,0,0,0,541
05/26/2021,TPA,FL,ASO,ES,Combined TRACON& Tower with Radar,396,52,69,1,518,0,3,31,0,34,396,55,100,1,552,0,0,0,552
05/27/2021,TPA,FL,ASO,ES,Combined TRACON& Tower with Radar,425,64,62,0,551,0,1,15,0,16,425,65,77,0,567,0,0,0,567
05/28/2021,TPA,FL,ASO,ES,Combined TRACON& Tower with Radar,432,63,79,0,574,0,4,21,0,25,432,67,100,0,599,0,0,0,599
05/29/2021,TPA,FL,ASO,ES,Combined TRACON& Tower with Radar,458,36,40,0,534,0,1,21,0,22,458,37,61,0,556,0,0,0,556
05/30/2021,TPA,FL,ASO,ES,Combined TRACON& Tower with Radar,415,24,26,0,465,0,0,20,0,20,415,24,46,0,485,0,0,0,485
05/31/2021,TPA,FL,ASO,ES,Combined TRACON& Tower with Radar,424,41,61,0,526,0,0,20,0,20,424,41,81,0,546,0,0,0,546
06/01/2021,TPA,FL,ASO,ES,Combined TRACON& Tower with Radar,399,33,51,0,483,0,4,15,1,20,399,37,66,1,503,0,0,0,503
06/02/2021,TPA,FL,ASO,ES,Combined TRACON& Tower with Radar,416,38,37,0,491,0,2,7,0,9,416,40,44,0,500,0,0,0,500
06/03/2021,TPA,FL,ASO,ES,Combined TRACON& Tower with Radar,421,61,48,2,532,0,0,7,0,7,421,61,55,2,539,0,0,0,539
06/04/2021,TPA,FL,ASO,ES,Combined TRACON& Tower with Radar,438,66,60,0,564,0,2,16,0,18,438,68,76,0,582,0,0,0,582
06/05/2021,TPA,FL,ASO,ES,Combined TRACON& Tower with Radar,462,42,37,0,541,0,0,15,0,15,462,42,52,0,556,0,0,0,556
06/06/2021,TPA,FL,ASO,ES,Combined TRACON& Tower with Radar,427,50,68,0,545,0,1,16,0,17,427,51,84,0,562,0,0,0,562
06/07/2021,TPA,FL,ASO,ES,Combined TRACON& Tower with Radar,408,72,42,0,522,1,0,18,0,19,409,72,60,0,541,0,0,0,541
06/08/2021,TPA,FL,ASO,ES,Combined TRACON& Tower with Radar,390,43,72,0,505,0,1,15,0,16,390,44,87,0,521,0,0,0,521
06/09/2021,TPA,FL,ASO,ES,Combined TRACON& Tower with Radar,400,64,66,0,530,0,1,20,0,21,400,65,86,0,551,0,0,0,551
06/10/2021,TPA,FL,ASO,ES,Combined TRACON& Tower with Radar,409,53,64,0,526,1,3,11,0,15,410,56,75,0,541,0,0,0,541
06/11/2021,TPA,FL,ASO,ES,Combined TRACON& Tower with Radar,420,57,79,1,557,0,0,27,0,27,420,57,106,1,584,0,0,0,584
06/12/2021,TPA,FL,ASO,ES,Combined TRACON& Tower with Radar,497,43,41,0,581,0,2,14,1,17,497,45,55,1,598,0,0,0,598
06/13/2021,TPA,FL,ASO,ES,Combined TRACON& Tower with Radar,456,46,62,1,565,0,0,18,0,18,456,46,80,1,583,0,0,0,583
06/14/2021,TPA,FL,ASO,ES,Combined TRACON& Tower with Radar,437,57,78,0,572,0,0,37,0,37,437,57,115,0,609,0,0,0,609
06/15/2021,TPA,FL,ASO,ES,Combined TRACON& Tower with Radar,373,42,46,1,462,0,1,13,1,15,373,43,59,2,477,0,0,0,477
06/16/2021,TPA,FL,ASO,ES,Combined TRACON& Tower with Radar,395,59,56,2,512,0,1,12,1,14,395,60,68,3,526,0,0,0,526
06/17/2021,TPA,FL,ASO,ES,Combined TRACON& Tower with Radar,407,62,63,0,532,1,0,11,0,12,408,62,74,0,544,0,0,0,544
06/18/2021,TPA,FL,ASO,ES,Combined TRACON& Tower with Radar,407,56,61,29,553,0,5,13,0,18,407,61,74,29,571,0,0,0,571
06/19/2021,TPA,FL,ASO,ES,Combined TRACON& Tower with Radar,478,32,30,0,540,1,2,11,2,16,479,34,41,2,556,0,0,0,556
06/20/2021,TPA,FL,ASO,ES,Combined TRACON& Tower with Radar,445,48,76,0,569,1,0,10,0,11,446,48,86,0,580,0,0,0,580
06/21/2021,TPA,FL,ASO,ES,Combined TRACON& Tower with Radar,392,59,54,28,533,0,0,18,0,18,392,59,72,28,551,0,0,0,551
06/22/2021,TPA,FL,ASO,ES,Combined TRACON& Tower with Radar,428,55,60,0,543,0,1,15,1,17,428,56,75,1,560,0,0,0,560
06/23/2021,TPA,FL,ASO,ES,Combined TRACON& Tower with Radar,401,51,68,2,522,0,1,9,0,10,401,52,77,2,532,0,0,0,532
06/24/2021,TPA,FL,ASO,ES,Combined TRACON& Tower with Radar,405,56,72,6,539,1,0,3,0,4,406,56,75,6,543,0,0,0,543
06/25/2021,TPA,FL,ASO,ES,Combined TRACON& Tower with Radar,427,60,65,1,553,0,2,18,0,20,427,62,83,1,573,0,0,0,573
06/26/2021,TPA,FL,ASO,ES,Combined TRACON& Tower with Radar,464,26,34,1,525,0,0,6,1,7,464,26,40,2,532,0,0,0,532
06/27/2021,TPA,FL,ASO,ES,Combined TRACON& Tower with Radar,430,37,50,1,518,1,0,14,0,15,431,37,64,1,533,0,0,0,533
06/28/2021,TPA,FL,ASO,ES,Combined TRACON& Tower with Radar,399,65,67,4,535,0,1,19,0,20,399,66,86,4,555,0,0,0,555
06/29/2021,TPA,FL,ASO,ES,Combined TRACON& Tower with Radar,387,48,65,0,500,0,1,8,0,9,387,49,73,0,509,0,0,0,509
06/30/2021,TPA,FL,ASO,ES,Combined TRACON& Tower with Radar,389,50,66,0,505,0,2,10,0,12,389,52,76,0,517,0,0,0,517
07/01/2021,TPA,FL,ASO,ES,Combined TRACON& Tower with Radar,419,80,59,0,558,1,0,9,0,10,420,80,68,0,568,0,0,0,568
07/02/2021,TPA,FL,ASO,ES,Combined TRACON& Tower with Radar,396,56,45,5,502,1,0,11,1,13,397,56,56,6,515,0,0,0,515
07/03/2021,TPA,FL,ASO,ES,Combined TRACON& Tower with Radar,498,54,36,0,588,0,1,2,0,3,498,55,38,0,591,0,0,0,591
07/04/2021,TPA,FL,ASO,ES,Combined TRACON& Tower with Radar,406,41,15,4,466,0,0,15,0,15,406,41,30,4,481,0,0,0,481
07/05/2021,TPA,FL,ASO,ES,Combined TRACON& Tower with Radar,389,48,43,2,482,1,0,14,1,16,390,48,57,3,498,0,0,0,498
07/06/2021,TPA,FL,ASO,ES,Combined TRACON& Tower with Radar,271,18,23,0,312,0,0,3,1,4,271,18,26,1,316,0,0,0,316
07/07/2021,TPA,FL,ASO,ES,Combined TRACON& Tower with Radar,286,64,54,0,404,0,0,3,0,3,286,64,57,0,407,0,0,0,407
07/08/2021,TPA,FL,ASO,ES,Combined TRACON& Tower with Radar,437,70,60,0,567,1,0,13,0,14,438,70,73,0,581,0,0,0,581
07/09/2021,TPA,FL,ASO,ES,Combined TRACON& Tower with Radar,421,53,66,0,540,0,0,20,3,23,421,53,86,3,563,0,0,0,563
07/10/2021,TPA,FL,ASO,ES,Combined TRACON& Tower with Radar,484,40,28,0,552,1,3,8,0,12,485,43,36,0,564,0,0,0,564
07/11/2021,TPA,FL,ASO,ES,Combined TRACON& Tower with Radar,423,41,72,1,537,1,2,11,3,17,424,43,83,4,554,0,0,0,554
07/12/2021,TPA,FL,ASO,ES,Combined TRACON& Tower with Radar,398,45,58,3,504,0,4,10,0,14,398,49,68,3,518,0,0,0,518
07/13/2021,TPA,FL,ASO,ES,Combined TRACON& Tower with Radar,398,44,66,0,508,0,0,17,0,17,398,44,83,0,525,0,0,0,525
07/14/2021,TPA,FL,ASO,ES,Combined TRACON& Tower with Radar,387,52,64,3,506,1,1,16,0,18,388,53,80,3,524,0,0,0,524
07/15/2021,TPA,FL,ASO,ES,Combined TRACON& Tower with Radar,416,80,75,0,571,1,0,14,0,15,417,80,89,0,586,0,0,0,586
07/16/2021,TPA,FL,ASO,ES,Combined TRACON& Tower with Radar,423,48,45,3,519,0,1,27,2,30,423,49,72,5,549,0,0,0,549
07/17/2021,TPA,FL,ASO,ES,Combined TRACON& Tower with Radar,464,29,44,0,537,0,1,9,0,10,464,30,53,0,547,0,0,0,547
07/18/2021,TPA,FL,ASO,ES,Combined TRACON& Tower with Radar,423,37,59,5,524,1,0,4,0,5,424,37,63,5,529,0,0,0,529
07/19/2021,TPA,FL,ASO,ES,Combined TRACON& Tower with Radar,414,49,47,1,511,0,0,7,1,8,414,49,54,2,519,0,0,0,519
07/20/2021,TPA,FL,ASO,ES,Combined TRACON& Tower with Radar,408,49,57,0,514,1,1,13,0,15,409,50,70,0,529,0,0,0,529
07/21/2021,TPA,FL,ASO,ES,Combined TRACON& Tower with Radar,396,56,68,2,522,0,3,22,1,26,396,59,90,3,548,0,0,0,548
07/22/2021,TPA,FL,ASO,ES,Combined TRACON& Tower with Radar,424,62,55,7,548,1,3,19,2,25,425,65,74,9,573,0,0,0,573
07/23/2021,TPA,FL,ASO,ES,Combined TRACON& Tower with Radar,412,64,40,0,516,1,0,15,0,16,413,64,55,0,532,0,0,0,532
07/24/2021,TPA,FL,ASO,ES,Combined TRACON& Tower with Radar,492,41,33,1,567,0,1,16,0,17,492,42,49,1,584,0,0,0,584
07/25/2021,TPA,FL,ASO,ES,Combined TRACON& Tower with Radar,434,53,44,0,531,1,0,13,0,14,435,53,57,0,545,0,0,0,545
07/26/2021,TPA,FL,ASO,ES,Combined TRACON& Tower with Radar,406,53,30,0,489,0,2,14,0,16,406,55,44,0,505,0,0,0,505
07/27/2021,TPA,FL,ASO,ES,Combined TRACON& Tower with Radar,394,43,37,0,474,0,1,6,0,7,394,44,43,0,481,0,0,0,481
07/28/2021,TPA,FL,ASO,ES,Combined TRACON& Tower with Radar,411,46,42,1,500,0,0,22,0,22,411,46,64,1,522,0,0,0,522
07/29/2021,TPA,FL,ASO,ES,Combined TRACON& Tower with Radar,419,43,55,3,520,1,2,9,1,13,420,45,64,4,533,0,0,0,533
07/30/2021,TPA,FL,ASO,ES,Combined TRACON& Tower with Radar,418,48,59,0,525,1,3,24,0,28,419,51,83,0,553,0,0,0,553
07/31/2021,TPA,FL,ASO,ES,Combined TRACON& Tower with Radar,471,46,39,1,557,0,1,18,0,19,471,47,57,1,576,0,0,0,576
08/01/2021,TPA,FL,ASO,ES,Combined TRACON& Tower with Radar,414,51,48,1,514,1,0,15,0,16,415,51,63,1,530,0,0,0,530
08/02/2021,TPA,FL,ASO,ES,Combined TRACON& Tower with Radar,396,59,40,0,495,0,0,6,0,6,396,59,46,0,501,0,0,0,501
08/03/2021,TPA,FL,ASO,ES,Combined TRACON& Tower with Radar,362,46,59,0,467,0,0,16,0,16,362,46,75,0,483,0,0,0,483
08/04/2021,TPA,FL,ASO,ES,Combined TRACON& Tower with Radar,371,52,38,0,461,1,0,6,0,7,372,52,44,0,468,0,0,0,468
08/05/2021,TPA,FL,ASO,ES,Combined TRACON& Tower with Radar,397,56,71,4,528,1,2,13,0,16,398,58,84,4,544,0,0,0,544
08/06/2021,TPA,FL,ASO,ES,Combined TRACON& Tower with Radar,399,53,67,0,519,0,1,18,2,21,399,54,85,2,540,0,0,0,540
08/07/2021,TPA,FL,ASO,ES,Combined TRACON& Tower with Radar,457,35,34,0,526,1,1,6,0,8,458,36,40,0,534,0,0,0,534
08/08/2021,TPA,FL,ASO,ES,Combined TRACON& Tower with Radar,433,49,62,1,545,1,0,9,0,10,434,49,71,1,555,0,0,0,555
08/09/2021,TPA,FL,ASO,ES,Combined TRACON& Tower with Radar,396,48,47,0,491,0,3,10,0,13,396,51,57,0,504,0,0,0,504
08/10/2021,TPA,FL,ASO,ES,Combined TRACON& Tower with Radar,385,28,57,5,475,1,2,18,0,21,386,30,75,5,496,0,0,0,496
08/11/2021,TPA,FL,ASO,ES,Combined TRACON& Tower with Radar,380,33,35,0,448,0,3,8,0,11,380,36,43,0,459,0,0,0,459
08/12/2021,TPA,FL,ASO,ES,Combined TRACON& Tower with Radar,411,44,57,0,512,1,1,9,0,11,412,45,66,0,523,0,0,0,523
08/13/2021,TPA,FL,ASO,ES,Combined TRACON& Tower with Radar,424,62,47,0,533,0,5,21,0,26,424,67,68,0,559,0,0,0,559
08/14/2021,TPA,FL,ASO,ES,Combined TRACON& Tower with Radar,478,40,34,0,552,1,3,8,0,12,479,43,42,0,564,0,0,0,564
08/15/2021,TPA,FL,ASO,ES,Combined TRACON& Tower with Radar,418,35,35,0,488,1,0,6,0,7,419,35,41,0,495,0,0,0,495
08/16/2021,TPA,FL,ASO,ES,Combined TRACON& Tower with Radar,401,37,44,0,482,0,0,10,2,12,401,37,54,2,494,0,0,0,494
08/17/2021,TPA,FL,ASO,ES,Combined TRACON& Tower with Radar,365,25,39,0,429,0,4,13,0,17,365,29,52,0,446,0,0,0,446
08/18/2021,TPA,FL,ASO,ES,Combined TRACON& Tower with Radar,365,33,35,2,435,0,2,14,1,17,365,35,49,3,452,0,0,0,452
08/19/2021,TPA,FL,ASO,ES,Combined TRACON& Tower with Radar,406,49,51,0,506,1,2,24,4,31,407,51,75,4,537,0,0,0,537
08/20/2021,TPA,FL,ASO,ES,Combined TRACON& Tower with Radar,411,55,58,1,525,0,2,21,0,23,411,57,79,1,548,0,0,0,548
08/21/2021,TPA,FL,ASO,ES,Combined TRACON& Tower with Radar,457,36,35,0,528,1,5,20,0,26,458,41,55,0,554,0,0,0,554
08/22/2021,TPA,FL,ASO,ES,Combined TRACON& Tower with Radar,395,42,46,1,484,1,0,14,0,15,396,42,60,1,499,0,0,0,499
08/23/2021,TPA,FL,ASO,ES,Combined TRACON& Tower with Radar,390,41,50,0,481,0,4,13,0,17,390,45,63,0,498,0,0,0,498
08/24/2021,TPA,FL,ASO,ES,Combined TRACON& Tower with Radar,386,27,58,1,472,1,2,18,0,21,387,29,76,1,493,0,0,0,493
08/25/2021,TPA,FL,ASO,ES,Combined TRACON& Tower with Radar,374,38,49,0,461,0,5,18,0,23,374,43,67,0,484,0,0,0,484
08/26/2021,TPA,FL,ASO,ES,Combined TRACON& Tower with Radar,413,53,62,1,529,0,2,9,0,11,413,55,71,1,540,0,0,0,540
08/27/2021,TPA,FL,ASO,ES,Combined TRACON& Tower with Radar,411,51,47,2,511,0,0,24,0,24,411,51,71,2,535,0,0,0,535
08/28/2021,TPA,FL,ASO,ES,Combined TRACON& Tower with Radar,474,27,29,27,557,0,1,13,0,14,474,28,42,27,571,0,0,0,571
08/29/2021,TPA,FL,ASO,ES,Combined TRACON& Tower with Radar,416,44,42,0,502,0,0,22,0,22,416,44,64,0,524,0,0,0,524
08/30/2021,TPA,FL,ASO,ES,Combined TRACON& Tower with Radar,385,29,47,2,463,0,2,19,1,22,385,31,66,3,485,0,0,0,485
08/31/2021,TPA,FL,ASO,ES,Combined TRACON& Tower with Radar,368,38,59,2,467,0,4,15,0,19,368,42,74,2,486,0,0,0,486
09/01/2021,TPA,FL,ASO,ES,Combined TRACON& Tower with Radar,367,47,40,2,456,1,2,3,1,7,368,49,43,3,463,0,0,0,463
09/02/2021,TPA,FL,ASO,ES,Combined TRACON& Tower with Radar,400,55,75,25,555,0,1,13,0,14,400,56,88,25,569,0,0,0,569
09/03/2021,TPA,FL,ASO,ES,Combined TRACON& Tower with Radar,402,51,51,2,506,0,2,20,0,22,402,53,71,2,528,0,0,0,528
09/04/2021,TPA,FL,ASO,ES,Combined TRACON& Tower with Radar,456,35,26,1,518,1,0,10,0,11,457,35,36,1,529,0,0,0,529
09/05/2021,TPA,FL,ASO,ES,Combined TRACON& Tower with Radar,391,30,34,0,455,0,2,13,0,15,391,32,47,0,470,0,0,0,470
09/06/2021,TPA,FL,ASO,ES,Combined TRACON& Tower with Radar,374,45,61,0,480,0,0,14,0,14,374,45,75,0,494,0,0,0,494
09/07/2021,TPA,FL,ASO,ES,Combined TRACON& Tower with Radar,349,36,45,3,433,0,2,19,0,21,349,38,64,3,454,0,0,0,454
09/08/2021,TPA,FL,ASO,ES,Combined TRACON& Tower with Radar,366,35,69,2,472,0,2,28,0,30,366,37,97,2,502,0,0,0,502
09/09/2021,TPA,FL,ASO,ES,Combined TRACON& Tower with Radar,381,88,123,4,596,0,6,18,0,24,381,94,141,4,620,0,0,0,620
09/10/2021,TPA,FL,ASO,ES,Combined TRACON& Tower with Radar,402,77,102,2,583,1,4,17,1,23,403,81,119,3,606,0,0,0,606
09/11/2021,TPA,FL,ASO,ES,Combined TRACON& Tower with Radar,385,38,38,2,463,0,2,16,2,20,385,40,54,4,483,0,0,0,483
09/12/2021,TPA,FL,ASO,ES,Combined TRACON& Tower with Radar,397,55,53,0,505,1,0,12,0,13,398,55,65,0,518,0,0,0,518
09/13/2021,TPA,FL,ASO,ES,Combined TRACON& Tower with Radar,388,49,49,2,488,0,2,22,0,24,388,51,71,2,512,0,0,0,512
09/14/2021,TPA,FL,ASO,ES,Combined TRACON& Tower with Radar,343,50,53,0,446,0,3,16,0,19,343,53,69,0,465,0,0,0,465
09/15/2021,TPA,FL,ASO,ES,Combined TRACON& Tower with Radar,344,43,53,0,440,0,2,14,1,17,344,45,67,1,457,0,0,0,457
09/16/2021,TPA,FL,ASO,ES,Combined TRACON& Tower with Radar,385,52,43,1,481,0,5,23,0,28,385,57,66,1,509,0,0,0,509
09/17/2021,TPA,FL,ASO,ES,Combined TRACON& Tower with Radar,397,54,68,2,521,1,3,7,0,11,398,57,75,2,532,0,0,0,532
09/18/2021,TPA,FL,ASO,ES,Combined TRACON& Tower with Radar,382,41,45,1,469,1,1,10,0,12,383,42,55,1,481,0,0,0,481
09/19/2021,TPA,FL,ASO,ES,Combined TRACON& Tower with Radar,402,69,77,0,548,0,0,10,2,12,402,69,87,2,560,0,0,0,560
09/20/2021,TPA,FL,ASO,ES,Combined TRACON& Tower with Radar,377,41,49,2,469,0,0,23,0,23,377,41,72,2,492,0,0,0,492
09/21/2021,TPA,FL,ASO,ES,Combined TRACON& Tower with Radar,354,37,50,0,441,1,4,20,0,25,355,41,70,0,466,0,0,0,466
09/22/2021,TPA,FL,ASO,ES,Combined TRACON& Tower with Radar,348,49,63,2,462,0,1,15,0,16,348,50,78,2,478,0,0,0,478
09/23/2021,TPA,FL,ASO,ES,Combined TRACON& Tower with Radar,376,40,53,2,471,0,3,13,1,17,376,43,66,3,488,0,0,0,488
09/24/2021,TPA,FL,ASO,ES,Combined TRACON& Tower with Radar,400,49,59,0,508,0,7,16,0,23,400,56,75,0,531,0,0,0,531
09/25/2021,TPA,FL,ASO,ES,Combined TRACON& Tower with Radar,396,38,36,0,470,0,2,23,0,25,396,40,59,0,495,0,0,0,495
09/26/2021,TPA,FL,ASO,ES,Combined TRACON& Tower with Radar,398,37,56,0,491,1,0,18,0,19,399,37,74,0,510,0,0,0,510
09/27/2021,TPA,FL,ASO,ES,Combined TRACON& Tower with Radar,388,65,54,2,509,0,4,20,0,24,388,69,74,2,533,0,0,0,533
09/28/2021,TPA,FL,ASO,ES,Combined TRACON& Tower with Radar,336,61,72,2,471,1,3,29,2,35,337,64,101,4,506,0,0,0,506
09/29/2021,TPA,FL,ASO,ES,Combined TRACON& Tower with Radar,345,36,69,0,450,0,5,23,0,28,345,41,92,0,478,0,0,0,478
09/30/2021,TPA,FL,ASO,ES,Combined TRACON& Tower with Radar,394,48,68,0,510,0,1,16,0,17,394,49,84,0,527,0,0,0,527
10/01/2021,TPA,FL,ASO,ES,Combined TRACON& Tower with Radar,397,57,55,0,509,0,5,29,2,36,397,62,84,2,545,0,0,0,545
10/02/2021,TPA,FL,ASO,ES,Combined TRACON& Tower with Radar,379,42,34,0,455,1,3,11,0,15,380,45,45,0,470,0,0,0,470
10/03/2021,TPA,FL,ASO,ES,Combined TRACON& Tower with Radar,401,40,57,0,498,0,3,15,0,18,401,43,72,0,516,0,0,0,516
10/04/2021,TPA,FL,ASO,ES,Combined TRACON& Tower with Radar,389,51,76,0,516,0,0,19,0,19,389,51,95,0,535,0,0,0,535
10/05/2021,TPA,FL,ASO,ES,Combined TRACON& Tower with Radar,357,49,70,2,478,1,2,19,0,22,358,51,89,2,500,0,0,0,500
10/06/2021,TPA,FL,ASO,ES,Combined TRACON& Tower with Radar,357,52,81,0,490,0,8,19,0,27,357,60,100,0,517,0,0,0,517
10/07/2021,TPA,FL,ASO,ES,Combined TRACON& Tower with Radar,411,53,73,0,537,0,1,22,1,24,411,54,95,1,561,0,0,0,561
10/08/2021,TPA,FL,ASO,ES,Combined TRACON& Tower with Radar,367,54,73,1,495,0,4,19,3,26,367,58,92,4,521,0,0,0,521
10/09/2021,TPA,FL,ASO,ES,Combined TRACON& Tower with Radar,379,53,59,0,491,0,2,14,2,18,379,55,73,2,509,0,0,0,509
10/10/2021,TPA,FL,ASO,ES,Combined TRACON& Tower with Radar,384,78,91,0,553,0,0,22,2,24,384,78,113,2,577,0,0,0,577
10/11/2021,TPA,FL,ASO,ES,Combined TRACON& Tower with Radar,396,57,80,0,533,0,2,19,0,21,396,59,99,0,554,0,0,0,554
10/12/2021,TPA,FL,ASO,ES,Combined TRACON& Tower with Radar,376,57,64,0,497,0,6,22,0,28,376,63,86,0,525,0,0,0,525
10/13/2021,TPA,FL,ASO,ES,Combined TRACON& Tower with Radar,374,52,75,0,501,0,1,24,0,25,374,53,99,0,526,0,0,0,526
10/14/2021,TPA,FL,ASO,ES,Combined TRACON& Tower with Radar,418,67,71,0,556,0,1,19,0,20,418,68,90,0,576,0,0,0,576
10/15/2021,TPA,FL,ASO,ES,Combined TRACON& Tower with Radar,428,70,52,12,562,0,3,30,1,34,428,73,82,13,596,0,0,0,596
10/16/2021,TPA,FL,ASO,ES,Combined TRACON& Tower with Radar,427,32,45,0,504,1,1,18,0,20,428,33,63,0,524,0,0,0,524
10/17/2021,TPA,FL,ASO,ES,Combined TRACON& Tower with Radar,433,52,73,4,562,0,0,22,1,23,433,52,95,5,585,0,0,0,585
10/18/2021,TPA,FL,ASO,ES,Combined TRACON& Tower with Radar,422,64,53,0,539,0,0,22,0,22,422,64,75,0,561,0,0,0,561
10/19/2021,TPA,FL,ASO,ES,Combined TRACON& Tower with Radar,374,56,56,2,488,1,4,12,0,17,375,60,68,2,505,0,0,0,505
10/20/2021,TPA,FL,ASO,ES,Combined TRACON& Tower with Radar,380,51,78,2,511,0,0,29,2,31,380,51,107,4,542,0,0,0,542
10/21/2021,TPA,FL,ASO,ES,Combined TRACON& Tower with Radar,427,79,57,5,568,0,0,11,0,11,427,79,68,5,579,0,0,0,579
10/22/2021,TPA,FL,ASO,ES,Combined TRACON& Tower with Radar,431,76,73,7,587,0,0,15,0,15,431,76,88,7,602,0,0,0,602
10/23/2021,TPA,FL,ASO,ES,Combined TRACON& Tower with Radar,432,45,40,0,517,0,3,12,0,15,432,48,52,0,532,0,0,0,532
10/24/2021,TPA,FL,ASO,ES,Combined TRACON& Tower with Radar,433,84,90,3,610,0,0,15,2,17,433,84,105,5,627,0,0,0,627
10/25/2021,TPA,FL,ASO,ES,Combined TRACON& Tower with Radar,410,80,69,1,560,0,0,12,0,12,410,80,81,1,572,0,0,0,572
10/26/2021,TPA,FL,ASO,ES,Combined TRACON& Tower with Radar,390,37,61,0,488,0,7,18,0,25,390,44,79,0,513,0,0,0,513
10/27/2021,TPA,FL,ASO,ES,Combined TRACON& Tower with Radar,376,58,58,2,494,0,2,25,2,29,376,60,83,4,523,0,0,0,523
10/28/2021,TPA,FL,ASO,ES,Combined TRACON& Tower with Radar,419,63,66,1,549,0,1,18,0,19,419,64,84,1,568,0,0,0,568
10/29/2021,TPA,FL,ASO,ES,Combined TRACON& Tower with Radar,432,79,85,4,600,1,1,20,0,22,433,80,105,4,622,0,0,0,622
10/30/2021,TPA,FL,ASO,ES,Combined TRACON& Tower with Radar,413,60,41,2,516,0,0,20,0,20,413,60,61,2,536,0,0,0,536
10/31/2021,TPA,FL,ASO,ES,Combined TRACON& Tower with Radar,384,62,54,1,501,0,0,15,0,15,384,62,69,1,516,0,0,0,516
11/01/2021,TPA,FL,ASO,ES,Combined TRACON& Tower with Radar,421,58,62,3,544,0,2,18,1,21,421,60,80,4,565,0,0,0,565
11/02/2021,TPA,FL,ASO,ES,Combined TRACON& Tower with Radar,407,38,52,0,497,0,3,40,0,43,407,41,92,0,540,0,0,0,540
11/03/2021,TPA,FL,ASO,ES,Combined TRACON& Tower with Radar,410,42,74,0,526,1,1,30,0,32,411,43,104,0,558,0,0,0,558
11/04/2021,TPA,FL,ASO,ES,Combined TRACON& Tower with Radar,471,62,80,4,617,0,0,21,0,21,471,62,101,4,638,0,0,0,638
11/05/2021,TPA,FL,ASO,ES,Combined TRACON& Tower with Radar,501,68,62,0,631,1,0,2,0,3,502,68,64,0,634,0,0,0,634
11/06/2021,TPA,FL,ASO,ES,Combined TRACON& Tower with Radar,491,59,36,4,590,2,0,3,0,5,493,59,39,4,595,0,0,0,595
11/07/2021,TPA,FL,ASO,ES,Combined TRACON& Tower with Radar,475,61,61,4,601,1,2,25,1,29,476,63,86,5,630,0,0,0,630
11/08/2021,TPA,FL,ASO,ES,Combined TRACON& Tower with Radar,515,74,83,2,674,0,3,31,1,35,515,77,114,3,709,0,0,0,709
11/09/2021,TPA,FL,ASO,ES,Combined TRACON& Tower with Radar,415,52,75,4,546,1,2,13,0,16,416,54,88,4,562,0,0,0,562
11/10/2021,TPA,FL,ASO,ES,Combined TRACON& Tower with Radar,394,48,64,0,506,1,4,17,0,22,395,52,81,0,528,0,0,0,528
11/11/2021,TPA,FL,ASO,ES,Combined TRACON& Tower with Radar,474,61,78,0,613,0,1,24,0,25,474,62,102,0,638,0,0,0,638
11/12/2021,TPA,FL,ASO,ES,Combined TRACON& Tower with Radar,486,58,61,4,609,0,1,18,0,19,486,59,79,4,628,0,0,0,628
11/13/2021,TPA,FL,ASO,ES,Combined TRACON& Tower with Radar,438,55,54,4,551,1,2,11,0,14,439,57,65,4,565,0,0,0,565
11/14/2021,TPA,FL,ASO,ES,Combined TRACON& Tower with Radar,483,47,66,2,598,0,0,9,0,9,483,47,75,2,607,0,0,0,607
11/15/2021,TPA,FL,ASO,ES,Combined TRACON& Tower with Radar,501,54,56,0,611,0,5,17,0,22,501,59,73,0,633,0,0,0,633
11/16/2021,TPA,FL,ASO,ES,Combined TRACON& Tower with Radar,406,38,85,0,529,0,1,16,0,17,406,39,101,0,546,0,0,0,546
11/17/2021,TPA,FL,ASO,ES,Combined TRACON& Tower with Radar,450,56,82,2,590,1,3,17,0,21,451,59,99,2,611,0,0,0,611
11/18/2021,TPA,FL,ASO,ES,Combined TRACON& Tower with Radar,504,56,91,3,654,0,1,18,0,19,504,57,109,3,673,0,0,0,673
11/19/2021,TPA,FL,ASO,ES,Combined TRACON& Tower with Radar,529,63,84,6,682,0,2,18,0,20,529,65,102,6,702,0,0,0,702
11/20/2021,TPA,FL,ASO,ES,Combined TRACON& Tower with Radar,575,68,52,6,701,0,1,10,0,11,575,69,62,6,712,0,0,0,712
11/21/2021,TPA,FL,ASO,ES,Combined TRACON& Tower with Radar,526,40,58,4,628,1,2,12,0,15,527,42,70,4,643,0,0,0,643
11/22/2021,TPA,FL,ASO,ES,Combined TRACON& Tower with Radar,524,88,78,0,690,0,0,27,0,27,524,88,105,0,717,0,0,0,717
11/23/2021,TPA,FL,ASO,ES,Combined TRACON& Tower with Radar,563,86,85,0,734,1,1,36,1,39,564,87,121,1,773,0,0,0,773
11/24/2021,TPA,FL,ASO,ES,Combined TRACON& Tower with Radar,567,54,64,0,685,0,1,25,0,26,567,55,89,0,711,0,0,0,711
11/25/2021,TPA,FL,ASO,ES,Combined TRACON& Tower with Radar,349,34,18,0,401,0,1,11,1,13,349,35,29,1,414,0,0,0,414
11/26/2021,TPA,FL,ASO,ES,Combined TRACON& Tower with Radar,410,42,52,0,504,0,1,18,0,19,410,43,70,0,523,0,0,0,523
11/27/2021,TPA,FL,ASO,ES,Combined TRACON& Tower with Radar,584,73,53,0,710,0,0,16,0,16,584,73,69,0,726,0,0,0,726
11/28/2021,TPA,FL,ASO,ES,Combined TRACON& Tower with Radar,561,69,90,1,721,1,0,21,0,22,562,69,111,1,743,0,0,0,743
11/29/2021,TPA,FL,ASO,ES,Combined TRACON& Tower with Radar,563,67,43,3,676,0,2,27,0,29,563,69,70,3,705,0,0,0,705
11/30/2021,TPA,FL,ASO,ES,Combined TRACON& Tower with Radar,492,60,53,1,606,1,0,22,0,23,493,60,75,1,629,0,0,0,629
12/01/2021,TPA,FL,ASO,ES,Combined TRACON& Tower with Radar,456,59,62,4,581,0,2,27,0,29,456,61,89,4,610,0,0,0,610
12/02/2021,TPA,FL,ASO,ES,Combined TRACON& Tower with Radar,502,57,78,4,641,1,3,25,0,29,503,60,103,4,670,0,0,0,670
12/03/2021,TPA,FL,ASO,ES,Combined TRACON& Tower with Radar,506,45,82,4,637,0,0,17,0,17,506,45,99,4,654,0,0,0,654
12/04/2021,TPA,FL,ASO,ES,Combined TRACON& Tower with Radar,470,39,43,2,554,1,2,22,0,25,471,41,65,2,579,0,0,0,579
12/05/2021,TPA,FL,ASO,ES,Combined TRACON& Tower with Radar,511,53,54,0,618,0,0,22,0,22,511,53,76,0,640,0,0,0,640
12/06/2021,TPA,FL,ASO,ES,Combined TRACON& Tower with Radar,504,42,71,2,619,0,0,21,0,21,504,42,92,2,640,0,0,0,640
12/07/2021,TPA,FL,ASO,ES,Combined TRACON& Tower with Radar,425,45,72,8,550,0,0,16,0,16,425,45,88,8,566,0,0,0,566
12/08/2021,TPA,FL,ASO,ES,Combined TRACON& Tower with Radar,422,63,74,0,559,0,1,25,2,28,422,64,99,2,587,0,0,0,587
12/09/2021,TPA,FL,ASO,ES,Combined TRACON& Tower with Radar,497,65,89,2,653,1,0,18,0,19,498,65,107,2,672,0,0,0,672
12/10/2021,TPA,FL,ASO,ES,Combined TRACON& Tower with Radar,494,72,84,0,650,0,0,25,0,25,494,72,109,0,675,0,0,0,675
12/11/2021,TPA,FL,ASO,ES,Combined TRACON& Tower with Radar,469,54,33,1,557,0,2,14,0,16,469,56,47,1,573,0,0,0,573
12/12/2021,TPA,FL,ASO,ES,Combined TRACON& Tower with Radar,512,95,99,0,706,1,3,11,2,17,513,98,110,2,723,0,0,0,723
12/13/2021,TPA,FL,ASO,ES,Combined TRACON& Tower with Radar,491,62,77,5,635,0,0,17,0,17,491,62,94,5,652,0,0,0,652
12/14/2021,TPA,FL,ASO,ES,Combined TRACON& Tower with Radar,421,52,74,2,549,1,0,16,0,17,422,52,90,2,566,0,0,0,566
12/15/2021,TPA,FL,ASO,ES,Combined TRACON& Tower with Radar,434,68,52,2,556,0,0,21,1,22,434,68,73,3,578,0,0,0,578
12/16/2021,TPA,FL,ASO,ES,Combined TRACON& Tower with Radar,525,57,90,0,672,0,2,22,1,25,525,59,112,1,697,0,0,0,697
12/17/2021,TPA,FL,ASO,ES,Combined TRACON& Tower with Radar,531,74,77,4,686,0,2,16,1,19,531,76,93,5,705,0,0,0,705
12/18/2021,TPA,FL,ASO,ES,Combined TRACON& Tower with Radar,545,45,58,0,648,1,2,22,0,25,546,47,80,0,673,0,0,0,673
12/19/2021,TPA,FL,ASO,ES,Combined TRACON& Tower with Radar,528,54,83,1,666,0,1,23,0,24,528,55,106,1,690,0,0,0,690
12/20/2021,TPA,FL,ASO,ES,Combined TRACON& Tower with Radar,524,72,67,1,664,0,0,12,0,12,524,72,79,1,676,0,0,0,676
12/21/2021,TPA,FL,ASO,ES,Combined TRACON& Tower with Radar,553,56,61,0,670,1,0,1,0,2,554,56,62,0,672,0,0,0,672
12/22/2021,TPA,FL,ASO,ES,Combined TRACON& Tower with Radar,578,45,50,0,673,0,3,16,0,19,578,48,66,0,692,0,0,0,692
12/23/2021,TPA,FL,ASO,ES,Combined TRACON& Tower with Radar,579,66,72,0,717,0,4,25,0,29,579,70,97,0,746,0,0,0,746
12/24/2021,TPA,FL,ASO,ES,Combined TRACON& Tower with Radar,451,51,29,0,531,0,2,11,0,13,451,53,40,0,544,0,0,0,544
12/25/2021,TPA,FL,ASO,ES,Combined TRACON& Tower with Radar,424,19,19,0,462,0,0,4,0,4,424,19,23,0,466,0,0,0,466
12/26/2021,TPA,FL,ASO,ES,Combined TRACON& Tower with Radar,510,46,47,0,603,2,1,21,0,24,512,47,68,0,627,0,0,0,627
12/27/2021,TPA,FL,ASO,ES,Combined TRACON& Tower with Radar,526,48,57,0,631,0,0,15,2,17,526,48,72,2,648,0,0,0,648
12/28/2021,TPA,FL,ASO,ES,Combined TRACON& Tower with Radar,559,51,51,0,661,0,3,19,0,22,559,54,70,0,683,0,0,0,683
12/29/2021,TPA,FL,ASO,ES,Combined TRACON& Tower with Radar,564,42,70,0,676,0,1,20,2,23,564,43,90,2,699,0,0,0,699
12/30/2021,TPA,FL,ASO,ES,Combined TRACON& Tower with Radar,562,58,78,0,698,1,0,4,0,5,563,58,82,0,703,0,0,0,703
12/31/2021,TPA,FL,ASO,ES,Combined TRACON& Tower with Radar,452,55,48,0,555,0,0,5,0,5,452,55,53,0,560,0,0,0,560
01/01/2022,TPA,FL,ASO,ES,Combined TRACON& Tower with Radar,462,46,80,0,588,0,1,8,0,9,462,47,88,0,597,0,0,0,597
01/02/2022,TPA,FL,ASO,ES,Combined TRACON& Tower with Radar,493,69,77,0,639,1,0,13,0,14,494,69,90,0,653,0,0,0,653
01/03/2022,TPA,FL,ASO,ES,Combined TRACON& Tower with Radar,526,42,52,0,620,0,0,20,0,20,526,42,72,0,640,0,0,0,640
01/04/2022,TPA,FL,ASO,ES,Combined TRACON& Tower with Radar,506,38,39,0,583,2,1,16,0,19,508,39,55,0,602,0,0,0,602
01/05/2022,TPA,FL,ASO,ES,Combined TRACON& Tower with Radar,432,54,50,3,539,1,6,9,0,16,433,60,59,3,555,0,0,0,555
01/06/2022,TPA,FL,ASO,ES,Combined TRACON& Tower with Radar,447,32,38,1,518,0,0,19,0,19,447,32,57,1,537,0,0,0,537
01/07/2022,TPA,FL,ASO,ES,Combined TRACON& Tower with Radar,454,33,42,4,533,1,2,15,3,21,455,35,57,7,554,0,0,0,554
01/08/2022,TPA,FL,ASO,ES,Combined TRACON& Tower with Radar,434,35,46,0,515,0,1,17,0,18,434,36,63,0,533,0,0,0,533
01/09/2022,TPA,FL,ASO,ES,Combined TRACON& Tower with Radar,482,56,50,1,589,1,0,21,2,24,483,56,71,3,613,0,0,0,613
01/10/2022,TPA,FL,ASO,ES,Combined TRACON& Tower with Radar,472,41,50,1,564,0,0,10,0,10,472,41,60,1,574,0,0,0,574
01/11/2022,TPA,FL,ASO,ES,Combined TRACON& Tower with Radar,433,44,68,2,547,0,3,21,0,24,433,47,89,2,571,0,0,0,571
01/12/2022,TPA,FL,ASO,ES,Combined TRACON& Tower with Radar,439,68,57,2,566,1,3,19,0,23,440,71,76,2,589,0,0,0,589
01/13/2022,TPA,FL,ASO,ES,Combined TRACON& Tower with Radar,484,53,71,2,610,0,3,18,2,23,484,56,89,4,633,0,0,0,633
01/14/2022,TPA,FL,ASO,ES,Combined TRACON& Tower with Radar,511,80,68,0,659,1,3,28,0,32,512,83,96,0,691,0,0,0,691
01/15/2022,TPA,FL,ASO,ES,Combined TRACON& Tower with Radar,449,55,65,0,569,0,1,16,0,17,449,56,81,0,586,0,0,0,586
01/16/2022,TPA,FL,ASO,ES,Combined TRACON& Tower with Radar,438,77,75,1,591,1,0,10,0,11,439,77,85,1,602,0,0,0,602
01/17/2022,TPA,FL,ASO,ES,Combined TRACON& Tower with Radar,451,70,81,0,602,0,0,25,1,26,451,70,106,1,628,0,0,0,628
01/18/2022,TPA,FL,ASO,ES,Combined TRACON& Tower with Radar,455,40,80,7,582,0,0,27,0,27,455,40,107,7,609,0,0,0,609
01/19/2022,TPA,FL,ASO,ES,Combined TRACON& Tower with Radar,444,56,80,0,580,0,2,15,2,19,444,58,95,2,599,0,0,0,599
01/20/2022,TPA,FL,ASO,ES,Combined TRACON& Tower with Radar,485,52,75,1,613,0,2,17,2,21,485,54,92,3,634,0,0,0,634
01/21/2022,TPA,FL,ASO,ES,Combined TRACON& Tower with Radar,488,53,64,2,607,0,1,22,0,23,488,54,86,2,630,0,0,0,630
01/22/2022,TPA,FL,ASO,ES,Combined TRACON& Tower with Radar,459,53,40,2,554,0,1,15,0,16,459,54,55,2,570,0,0,0,570
01/23/2022,TPA,FL,ASO,ES,Combined TRACON& Tower with Radar,511,124,145,0,780,1,0,17,1,19,512,124,162,1,799,0,0,0,799
01/24/2022,TPA,FL,ASO,ES,Combined TRACON& Tower with Radar,472,51,60,1,584,0,2,20,0,22,472,53,80,1,606,0,0,0,606
01/25/2022,TPA,FL,ASO,ES,Combined TRACON& Tower with Radar,432,41,74,0,547,0,1,8,0,9,432,42,82,0,556,0,0,0,556
01/26/2022,TPA,FL,ASO,ES,Combined TRACON& Tower with Radar,448,65,97,2,612,0,1,1,0,2,448,66,98,2,614,0,0,0,614
01/27/2022,TPA,FL,ASO,ES,Combined TRACON& Tower with Radar,504,68,82,0,654,0,0,8,2,10,504,68,90,2,664,0,0,0,664
01/28/2022,TPA,FL,ASO,ES,Combined TRACON& Tower with Radar,494,64,66,0,624,0,2,16,7,25,494,66,82,7,649,0,0,0,649
01/29/2022,TPA,FL,ASO,ES,Combined TRACON& Tower with Radar,404,48,32,0,484,0,1,16,0,17,404,49,48,0,501,0,0,0,501
01/30/2022,TPA,FL,ASO,ES,Combined TRACON& Tower with Radar,466,43,47,3,559,1,0,17,4,22,467,43,64,7,581,0,0,0,581
01/31/2022,TPA,FL,ASO,ES,Combined TRACON& Tower with Radar,483,37,57,0,577,1,0,7,0,8,484,37,64,0,585,0,0,0,585
02/01/2022,TPA,FL,ASO,ES,Combined TRACON& Tower with Radar,420,48,56,0,524,0,0,23,0,23,420,48,79,0,547,0,0,0,547
02/02/2022,TPA,FL,ASO,ES,Combined TRACON& Tower with Radar,413,45,65,0,523,0,1,17,0,18,413,46,82,0,541,0,0,0,541
02/03/2022,TPA,FL,ASO,ES,Combined TRACON& Tower with Radar,405,37,70,0,512,0,1,21,2,24,405,38,91,2,536,0,0,0,536
02/04/2022,TPA,FL,ASO,ES,Combined TRACON& Tower with Radar,432,47,47,0,526,1,2,7,0,10,433,49,54,0,536,0,0,0,536
02/05/2022,TPA,FL,ASO,ES,Combined TRACON& Tower with Radar,413,44,69,1,527,0,0,8,0,8,413,44,77,1,535,0,0,0,535
02/06/2022,TPA,FL,ASO,ES,Combined TRACON& Tower with Radar,454,55,82,0,591,1,0,0,0,1,455,55,82,0,592,0,0,0,592
02/07/2022,TPA,FL,ASO,ES,Combined TRACON& Tower with Radar,478,57,64,1,600,0,0,4,0,4,478,57,68,1,604,0,0,0,604
02/08/2022,TPA,FL,ASO,ES,Combined TRACON& Tower with Radar,444,63,95,0,602,0,1,2,0,3,444,64,97,0,605,0,0,0,605
02/09/2022,TPA,FL,ASO,ES,Combined TRACON& Tower with Radar,460,57,108,0,625,1,2,20,0,23,461,59,128,0,648,0,0,0,648
02/10/2022,TPA,FL,ASO,ES,Combined TRACON& Tower with Radar,517,73,90,3,683,0,3,16,0,19,517,76,106,3,702,0,0,0,702
02/11/2022,TPA,FL,ASO,ES,Combined TRACON& Tower with Radar,491,52,80,0,623,0,3,18,1,22,491,55,98,1,645,0,0,0,645
02/12/2022,TPA,FL,ASO,ES,Combined TRACON& Tower with Radar,452,29,39,1,521,0,0,13,0,13,452,29,52,1,534,0,0,0,534
02/13/2022,TPA,FL,ASO,ES,Combined TRACON& Tower with Radar,479,50,39,2,570,0,0,4,0,4,479,50,43,2,574,0,0,0,574
02/14/2022,TPA,FL,ASO,ES,Combined TRACON& Tower with Radar,508,44,51,4,607,0,0,16,1,17,508,44,67,5,624,0,0,0,624
02/15/2022,TPA,FL,ASO,ES,Combined TRACON& Tower with Radar,448,65,65,0,578,0,3,21,0,24,448,68,86,0,602,0,0,0,602
02/16/2022,TPA,FL,ASO,ES,Combined TRACON& Tower with Radar,456,55,75,0,586,0,2,9,0,11,456,57,84,0,597,0,0,0,597
02/17/2022,TPA,FL,ASO,ES,Combined TRACON& Tower with Radar,504,59,75,1,639,0,3,18,0,21,504,62,93,1,660,0,0,0,660
02/18/2022,TPA,FL,ASO,ES,Combined TRACON& Tower with Radar,518,63,71,4,656,1,1,18,0,20,519,64,89,4,676,0,0,0,676
02/19/2022,TPA,FL,ASO,ES,Combined TRACON& Tower with Radar,541,43,41,0,625,0,0,25,0,25,541,43,66,0,650,0,0,0,650
02/20/2022,TPA,FL,ASO,ES,Combined TRACON& Tower with Radar,500,42,54,3,599,1,1,7,0,9,501,43,61,3,608,0,0,0,608
02/21/2022,TPA,FL,ASO,ES,Combined TRACON& Tower with Radar,511,42,66,0,619,0,0,21,0,21,511,42,87,0,640,0,0,0,640
02/22/2022,TPA,FL,ASO,ES,Combined TRACON& Tower with Radar,496,57,90,6,649,0,2,25,0,27,496,59,115,6,676,0,0,0,676
02/23/2022,TPA,FL,ASO,ES,Combined TRACON& Tower with Radar,476,66,100,0,642,1,1,11,0,13,477,67,111,0,655,0,0,0,655
02/24/2022,TPA,FL,ASO,ES,Combined TRACON& Tower with Radar,498,70,82,2,652,0,1,25,0,26,498,71,107,2,678,0,0,0,678
02/25/2022,TPA,FL,ASO,ES,Combined TRACON& Tower with Radar,504,72,82,3,661,0,3,42,0,45,504,75,124,3,706,0,0,0,706
02/26/2022,TPA,FL,ASO,ES,Combined TRACON& Tower with Radar,510,47,56,2,615,0,2,24,0,26,510,49,80,2,641,0,0,0,641
02/27/2022,TPA,FL,ASO,ES,Combined TRACON& Tower with Radar,513,50,103,1,667,0,0,27,0,27,513,50,130,1,694,0,0,0,694
02/28/2022,TPA,FL,ASO,ES,Combined TRACON& Tower with Radar,527,40,75,2,644,0,0,19,0,19,527,40,94,2,663,0,0,0,663
03/01/2022,TPA,FL,ASO,ES,Combined TRACON& Tower with Radar,483,51,64,4,602,0,0,18,0,18,483,51,82,4,620,0,0,0,620
03/02/2022,TPA,FL,ASO,ES,Combined TRACON& Tower with Radar,482,34,81,2,599,0,2,19,0,21,482,36,100,2,620,0,0,0,620
03/03/2022,TPA,FL,ASO,ES,Combined TRACON& Tower with Radar,525,59,72,0,656,0,3,22,0,25,525,62,94,0,681,0,0,0,681
03/04/2022,TPA,FL,ASO,ES,Combined TRACON& Tower with Radar,531,58,83,0,672,0,1,16,1,18,531,59,99,1,690,0,0,0,690
03/05/2022,TPA,FL,ASO,ES,Combined TRACON& Tower with Radar,498,35,35,0,568,1,0,13,0,14,499,35,48,0,582,0,0,0,582
03/06/2022,TPA,FL,ASO,ES,Combined TRACON& Tower with Radar,504,53,70,0,627,1,0,11,0,12,505,53,81,0,639,0,0,0,639
03/07/2022,TPA,FL,ASO,ES,Combined TRACON& Tower with Radar,532,59,44,0,635,0,0,30,0,30,532,59,74,0,665,0,0,0,665
03/08/2022,TPA,FL,ASO,ES,Combined TRACON& Tower with Radar,479,62,71,0,612,0,0,21,0,21,479,62,92,0,633,0,0,0,633
03/09/2022,TPA,FL,ASO,ES,Combined TRACON& Tower with Radar,488,68,102,2,660,0,1,18,0,19,488,69,120,2,679,0,0,0,679
03/10/2022,TPA,FL,ASO,ES,Combined TRACON& Tower with Radar,542,82,72,0,696,0,2,14,0,16,542,84,86,0,712,0,0,0,712
03/11/2022,TPA,FL,ASO,ES,Combined TRACON& Tower with Radar,527,75,102,1,705,1,3,16,0,20,528,78,118,1,725,0,0,0,725
03/12/2022,TPA,FL,ASO,ES,Combined TRACON& Tower with Radar,550,61,68,0,679,0,1,7,0,8,550,62,75,0,687,0,0,0,687
03/13/2022,TPA,FL,ASO,ES,Combined TRACON& Tower with Radar,529,65,119,1,714,0,0,30,0,30,529,65,149,1,744,0,0,0,744
03/14/2022,TPA,FL,ASO,ES,Combined TRACON& Tower with Radar,559,46,64,0,669,0,1,25,2,28,559,47,89,2,697,0,0,0,697
03/15/2022,TPA,FL,ASO,ES,Combined TRACON& Tower with Radar,504,30,63,2,599,0,2,6,0,8,504,32,69,2,607,0,0,0,607
03/16/2022,TPA,FL,ASO,ES,Combined TRACON& Tower with Radar,526,41,75,0,642,0,3,11,2,16,526,44,86,2,658,0,0,0,658
03/17/2022,TPA,FL,ASO,ES,Combined TRACON& Tower with Radar,542,46,99,2,689,0,7,18,0,25,542,53,117,2,714,0,0,0,714
03/18/2022,TPA,FL,ASO,ES,Combined TRACON& Tower with Radar,556,53,69,12,690,0,1,13,0,14,556,54,82,12,704,0,0,0,704
03/19/2022,TPA,FL,ASO,ES,Combined TRACON& Tower with Radar,561,47,52,11,671,0,3,24,0,27,561,50,76,11,698,0,0,0,698
03/20/2022,TPA,FL,ASO,ES,Combined TRACON& Tower with Radar,575,47,92,0,714,1,2,16,0,19,576,49,108,0,733,0,0,0,733
03/21/2022,TPA,FL,ASO,ES,Combined TRACON& Tower with Radar,530,46,53,0,629,0,0,19,0,19,530,46,72,0,648,0,0,0,648
03/22/2022,TPA,FL,ASO,ES,Combined TRACON& Tower with Radar,509,36,58,0,603,0,1,16,0,17,509,37,74,0,620,0,0,0,620
03/23/2022,TPA,FL,ASO,ES,Combined TRACON& Tower with Radar,513,50,66,0,629,1,1,24,0,26,514,51,90,0,655,0,0,0,655
03/24/2022,TPA,FL,ASO,ES,Combined TRACON& Tower with Radar,548,42,47,2,639,0,1,5,0,6,548,43,52,2,645,0,0,0,645
03/25/2022,TPA,FL,ASO,ES,Combined TRACON& Tower with Radar,593,59,55,1,708,0,3,19,0,22,593,62,74,1,730,0,0,0,730
03/26/2022,TPA,FL,ASO,ES,Combined TRACON& Tower with Radar,584,43,39,3,669,0,2,22,0,24,584,45,61,3,693,0,0,0,693
03/27/2022,TPA,FL,ASO,ES,Combined TRACON& Tower with Radar,557,60,71,1,689,0,0,19,0,19,557,60,90,1,708,0,0,0,708
03/28/2022,TPA,FL,ASO,ES,Combined TRACON& Tower with Radar,540,48,57,1,646,0,0,14,0,14,540,48,71,1,660,0,0,0,660
03/29/2022,TPA,FL,ASO,ES,Combined TRACON& Tower with Radar,520,43,79,1,643,0,0,22,0,22,520,43,101,1,665,0,0,0,665
03/30/2022,TPA,FL,ASO,ES,Combined TRACON& Tower with Radar,509,67,70,0,646,1,0,16,0,17,510,67,86,0,663,0,0,0,663
03/31/2022,TPA,FL,ASO,ES,Combined TRACON& Tower with Radar,499,74,57,1,631,0,2,18,0,20,499,76,75,1,651,0,0,0,651
04/01/2022,TPA,FL,ASO,ES,Combined TRACON& Tower with Radar,525,56,70,4,655,0,1,14,0,15,525,57,84,4,670,0,0,0,670
04/02/2022,TPA,FL,ASO,ES,Combined TRACON& Tower with Radar,365,45,46,2,458,0,1,5,0,6,365,46,51,2,464,0,0,0,464
04/03/2022,TPA,FL,ASO,ES,Combined TRACON& Tower with Radar,466,59,77,1,603,0,0,24,0,24,466,59,101,1,627,0,0,0,627
04/04/2022,TPA,FL,ASO,ES,Combined TRACON& Tower with Radar,475,51,61,0,587,1,0,21,0,22,476,51,82,0,609,0,0,0,609
04/05/2022,TPA,FL,ASO,ES,Combined TRACON& Tower with Radar,474,44,89,11,618,0,2,15,0,17,474,46,104,11,635,0,0,0,635
04/06/2022,TPA,FL,ASO,ES,Combined TRACON& Tower with Radar,463,50,86,9,608,0,2,21,2,25,463,52,107,11,633,0,0,0,633
04/07/2022,TPA,FL,ASO,ES,Combined TRACON& Tower with Radar,470,66,110,0,646,0,0,13,0,13,470,66,123,0,659,0,0,0,659
04/08/2022,TPA,FL,ASO,ES,Combined TRACON& Tower with Radar,537,65,96,0,698,1,4,32,1,38,538,69,128,1,736,0,0,0,736
04/09/2022,TPA,FL,ASO,ES,Combined TRACON& Tower with Radar,508,51,67,0,626,0,2,27,0,29,508,53,94,0,655,0,0,0,655
04/10/2022,TPA,FL,ASO,ES,Combined TRACON& Tower with Radar,490,53,83,2,628,3,1,32,0,36,493,54,115,2,664,0,0,0,664
04/11/2022,TPA,FL,ASO,ES,Combined TRACON& Tower with Radar,502,48,78,1,629,1,0,12,0,13,503,48,90,1,642,0,0,0,642
04/12/2022,TPA,FL,ASO,ES,Combined TRACON& Tower with Radar,490,38,67,5,600,0,0,28,0,28,490,38,95,5,628,0,0,0,628
04/13/2022,TPA,FL,ASO,ES,Combined TRACON& Tower with Radar,478,51,73,1,603,0,2,19,2,23,478,53,92,3,626,0,0,0,626
04/14/2022,TPA,FL,ASO,ES,Combined TRACON& Tower with Radar,520,61,71,4,656,0,1,20,0,21,520,62,91,4,677,0,0,0,677
04/15/2022,TPA,FL,ASO,ES,Combined TRACON& Tower with Radar,568,72,60,2,702,0,3,25,1,29,568,75,85,3,731,0,0,0,731
04/16/2022,TPA,FL,ASO,ES,Combined TRACON& Tower with Radar,534,42,37,2,615,0,1,12,0,13,534,43,49,2,628,0,0,0,628
04/17/2022,TPA,FL,ASO,ES,Combined TRACON& Tower with Radar,518,38,44,0,600,0,1,14,0,15,518,39,58,0,615,0,0,0,615
04/18/2022,TPA,FL,ASO,ES,Combined TRACON& Tower with Radar,495,59,63,2,619,1,0,22,1,24,496,59,85,3,643,0,0,0,643
04/19/2022,TPA,FL,ASO,ES,Combined TRACON& Tower with Radar,501,43,92,0,636,0,0,18,1,19,501,43,110,1,655,0,0,0,655
04/20/2022,TPA,FL,ASO,ES,Combined TRACON& Tower with Radar,480,61,69,0,610,0,2,20,0,22,480,63,89,0,632,0,0,0,632
04/21/2022,TPA,FL,ASO,ES,Combined TRACON& Tower with Radar,508,71,70,0,649,0,1,17,0,18,508,72,87,0,667,0,0,0,667
04/22/2022,TPA,FL,ASO,ES,Combined TRACON& Tower with Radar,530,75,81,2,688,0,2,37,0,39,530,77,118,2,727,0,0,0,727
04/23/2022,TPA,FL,ASO,ES,Combined TRACON& Tower with Radar,498,50,46,0,594,0,5,15,0,20,498,55,61,0,614,0,0,0,614
04/24/2022,TPA,FL,ASO,ES,Combined TRACON& Tower with Radar,486,69,83,1,639,1,0,31,0,32,487,69,114,1,671,0,0,0,671
04/25/2022,TPA,FL,ASO,ES,Combined TRACON& Tower with Radar,489,74,60,7,630,0,0,24,0,24,489,74,84,7,654,0,0,0,654
04/26/2022,TPA,FL,ASO,ES,Combined TRACON& Tower with Radar,463,39,71,1,574,0,0,27,1,28,463,39,98,2,602,0,0,0,602
04/27/2022,TPA,FL,ASO,ES,Combined TRACON& Tower with Radar,471,55,80,2,608,1,2,20,0,23,472,57,100,2,631,0,0,0,631
04/28/2022,TPA,FL,ASO,ES,Combined TRACON& Tower with Radar,488,58,66,0,612,0,2,15,0,17,488,60,81,0,629,0,0,0,629
04/29/2022,TPA,FL,ASO,ES,Combined TRACON& Tower with Radar,514,58,78,1,651,0,2,16,3,21,514,60,94,4,672,0,0,0,672
04/30/2022,TPA,FL,ASO,ES,Combined TRACON& Tower with Radar,473,44,25,0,542,0,0,10,0,10,473,44,35,0,552,0,0,0,552
05/01/2022,TPA,FL,ASO,ES,Combined TRACON& Tower with Radar,467,51,63,1,582,1,1,15,2,19,468,52,78,3,601,0,0,0,601
05/02/2022,TPA,FL,ASO,ES,Combined TRACON& Tower with Radar,474,60,64,0,598,0,1,24,0,25,474,61,88,0,623,0,0,0,623
05/03/2022,TPA,FL,ASO,ES,Combined TRACON& Tower with Radar,468,50,61,0,579,0,2,24,0,26,468,52,85,0,605,0,0,0,605
05/04/2022,TPA,FL,ASO,ES,Combined TRACON& Tower with Radar,460,46,78,4,588,1,2,22,0,25,461,48,100,4,613,0,0,0,613
05/05/2022,TPA,FL,ASO,ES,Combined TRACON& Tower with Radar,469,55,76,0,600,0,5,33,0,38,469,60,109,0,638,0,0,0,638
05/06/2022,TPA,FL,ASO,ES,Combined TRACON& Tower with Radar,474,64,70,2,610,0,11,19,0,30,474,75,89,2,640,0,0,0,640
05/07/2022,TPA,FL,ASO,ES,Combined TRACON& Tower with Radar,481,32,38,0,551,0,1,9,1,11,481,33,47,1,562,0,0,0,562
05/08/2022,TPA,FL,ASO,ES,Combined TRACON& Tower with Radar,444,46,62,0,552,1,0,22,0,23,445,46,84,0,575,0,0,0,575
05/09/2022,TPA,FL,ASO,ES,Combined TRACON& Tower with Radar,469,52,55,0,576,0,1,20,0,21,469,53,75,0,597,0,0,0,597
05/10/2022,TPA,FL,ASO,ES,Combined TRACON& Tower with Radar,440,36,63,0,539,0,2,21,0,23,440,38,84,0,562,0,0,0,562
05/11/2022,TPA,FL,ASO,ES,Combined TRACON& Tower with Radar,448,49,89,0,586,1,2,30,0,33,449,51,119,0,619,0,0,0,619
05/12/2022,TPA,FL,ASO,ES,Combined TRACON& Tower with Radar,459,54,70,0,583,0,2,26,0,28,459,56,96,0,611,0,0,0,611
05/13/2022,TPA,FL,ASO,ES,Combined TRACON& Tower with Radar,479,61,75,0,615,0,1,17,0,18,479,62,92,0,633,0,0,0,633
05/14/2022,TPA,FL,ASO,ES,Combined TRACON& Tower with Radar,468,39,43,1,551,0,1,18,1,20,468,40,61,2,571,0,0,0,571
05/15/2022,TPA,FL,ASO,ES,Combined TRACON& Tower with Radar,460,47,58,1,566,1,0,23,0,24,461,47,81,1,590,0,0,0,590
05/16/2022,TPA,FL,ASO,ES,Combined TRACON& Tower with Radar,452,51,66,0,569,0,0,28,2,30,452,51,94,2,599,0,0,0,599
05/17/2022,TPA,FL,ASO,ES,Combined TRACON& Tower with Radar,443,49,75,0,567,0,1,29,1,31,443,50,104,1,598,0,0,0,598
05/18/2022,TPA,FL,ASO,ES,Combined TRACON& Tower with Radar,450,58,79,1,588,0,2,17,1,20,450,60,96,2,608,0,0,0,608
05/19/2022,TPA,FL,ASO,ES,Combined TRACON& Tower with Radar,463,64,62,5,594,0,3,19,1,23,463,67,81,6,617,0,0,0,617
05/20/2022,TPA,FL,ASO,ES,Combined TRACON& Tower with Radar,440,52,64,1,557,1,2,4,0,7,441,54,68,1,564,0,0,0,564
05/21/2022,TPA,FL,ASO,ES,Combined TRACON& Tower with Radar,474,42,31,1,548,0,2,6,0,8,474,44,37,1,556,0,0,0,556
05/22/2022,TPA,FL,ASO,ES,Combined TRACON& Tower with Radar,419,51,47,0,517,1,0,24,0,25,420,51,71,0,542,0,0,0,542
05/23/2022,TPA,FL,ASO,ES,Combined TRACON& Tower with Radar,456,45,55,0,556,1,1,19,2,23,457,46,74,2,579,0,0,0,579
05/24/2022,TPA,FL,ASO,ES,Combined TRACON& Tower with Radar,443,57,48,0,548,0,5,17,2,24,443,62,65,2,572,0,0,0,572
05/25/2022,TPA,FL,ASO,ES,Combined TRACON& Tower with Radar,446,55,49,4,554,1,4,19,4,28,447,59,68,8,582,0,0,0,582
05/26/2022,TPA,FL,ASO,ES,Combined TRACON& Tower with Radar,467,52,74,0,593,0,5,21,2,28,467,57,95,2,621,0,0,0,621
05/27/2022,TPA,FL,ASO,ES,Combined TRACON& Tower with Radar,450,54,70,0,574,0,5,20,1,26,450,59,90,1,600,0,0,0,600
05/28/2022,TPA,FL,ASO,ES,Combined TRACON& Tower with Radar,462,36,41,1,540,0,5,17,1,23,462,41,58,2,563,0,0,0,563
05/29/2022,TPA,FL,ASO,ES,Combined TRACON& Tower with Radar,477,36,32,1,546,1,0,10,0,11,478,36,42,1,557,0,0,0,557
05/30/2022,TPA,FL,ASO,ES,Combined TRACON& Tower with Radar,422,45,58,0,525,0,2,19,0,21,422,47,77,0,546,0,0,0,546
05/31/2022,TPA,FL,ASO,ES,Combined TRACON& Tower with Radar,437,47,50,0,534,0,0,10,0,10,437,47,60,0,544,0,0,0,544
06/01/2022,TPA,FL,ASO,ES,Combined TRACON& Tower with Radar,439,49,56,1,545,1,4,20,0,25,440,53,76,1,570,0,0,0,570
06/02/2022,TPA,FL,ASO,ES,Combined TRACON& Tower with Radar,429,32,52,2,515,0,5,11,0,16,429,37,63,2,531,0,0,0,531
06/03/2022,TPA,FL,ASO,ES,Combined TRACON& Tower with Radar,443,38,47,0,528,1,4,7,0,12,444,42,54,0,540,0,0,0,540
06/04/2022,TPA,FL,ASO,ES,Combined TRACON& Tower with Radar,446,36,23,2,507,0,0,9,2,11,446,36,32,4,518,0,0,0,518
06/05/2022,TPA,FL,ASO,ES,Combined TRACON& Tower with Radar,409,58,52,0,519,0,0,5,2,7,409,58,57,2,526,0,0,0,526
06/06/2022,TPA,FL,ASO,ES,Combined TRACON& Tower with Radar,414,62,41,0,517,1,0,10,0,11,415,62,51,0,528,0,0,0,528
06/07/2022,TPA,FL,ASO,ES,Combined TRACON& Tower with Radar,421,39,56,0,516,0,5,18,0,23,421,44,74,0,539,0,0,0,539
06/08/2022,TPA,FL,ASO,ES,Combined TRACON& Tower with Radar,447,40,59,4,550,0,4,27,0,31,447,44,86,4,581,0,0,0,581
06/09/2022,TPA,FL,ASO,ES,Combined TRACON& Tower with Radar,434,44,39,0,517,0,3,14,0,17,434,47,53,0,534,0,0,0,534
06/10/2022,TPA,FL,ASO,ES,Combined TRACON& Tower with Radar,416,47,46,3,512,1,5,9,0,15,417,52,55,3,527,0,0,0,527
06/11/2022,TPA,FL,ASO,ES,Combined TRACON& Tower with Radar,443,32,39,2,516,0,3,16,0,19,443,35,55,2,535,0,0,0,535
06/12/2022,TPA,FL,ASO,ES,Combined TRACON& Tower with Radar,422,42,56,3,523,0,0,15,4,19,422,42,71,7,542,0,0,0,542
06/13/2022,TPA,FL,ASO,ES,Combined TRACON& Tower with Radar,414,54,59,0,527,1,0,12,0,13,415,54,71,0,540,0,0,0,540
06/14/2022,TPA,FL,ASO,ES,Combined TRACON& Tower with Radar,417,58,73,0,548,0,4,23,0,27,417,62,96,0,575,0,0,0,575
06/15/2022,TPA,FL,ASO,ES,Combined TRACON& Tower with Radar,429,44,97,2,572,1,4,11,0,16,430,48,108,2,588,0,0,0,588
06/16/2022,TPA,FL,ASO,ES,Combined TRACON& Tower with Radar,389,60,55,0,504,0,4,23,0,27,389,64,78,0,531,0,0,0,531
06/17/2022,TPA,FL,ASO,ES,Combined TRACON& Tower with Radar,433,57,46,0,536,0,3,9,2,14,433,60,55,2,550,0,0,0,550
06/18/2022,TPA,FL,ASO,ES,Combined TRACON& Tower with Radar,445,37,61,1,544,0,4,24,0,28,445,41,85,1,572,0,0,0,572
06/19/2022,TPA,FL,ASO,ES,Combined TRACON& Tower with Radar,418,33,39,1,491,1,0,8,0,9,419,33,47,1,500,0,0,0,500
06/20/2022,TPA,FL,ASO,ES,Combined TRACON& Tower with Radar,418,62,58,0,538,1,0,17,0,18,419,62,75,0,556,0,0,0,556
06/21/2022,TPA,FL,ASO,ES,Combined TRACON& Tower with Radar,420,51,73,0,544,0,5,24,0,29,420,56,97,0,573,0,0,0,573
06/22/2022,TPA,FL,ASO,ES,Combined TRACON& Tower with Radar,402,46,89,0,537,0,8,17,0,25,402,54,106,0,562,0,0,0,562
06/23/2022,TPA,FL,ASO,ES,Combined TRACON& Tower with Radar,416,75,79,0,570,1,4,23,0,28,417,79,102,0,598,0,0,0,598
06/24/2022,TPA,FL,ASO,ES,Combined TRACON& Tower with Radar,455,51,59,0,565,1,6,15,2,24,456,57,74,2,589,0,0,0,589
06/25/2022,TPA,FL,ASO,ES,Combined TRACON& Tower with Radar,487,36,39,0,562,0,3,8,0,11,487,39,47,0,573,0,0,0,573
06/26/2022,TPA,FL,ASO,ES,Combined TRACON& Tower with Radar,398,47,90,0,535,1,0,7,2,10,399,47,97,2,545,0,0,0,545
06/27/2022,TPA,FL,ASO,ES,Combined TRACON& Tower with Radar,393,53,66,2,514,1,0,18,0,19,394,53,84,2,533,0,0,0,533
06/28/2022,TPA,FL,ASO,ES,Combined TRACON& Tower with Radar,400,40,76,2,518,0,5,17,0,22,400,45,93,2,540,0,0,0,540
06/29/2022,TPA,FL,ASO,ES,Combined TRACON& Tower with Radar,409,55,64,0,528,0,4,6,0,10,409,59,70,0,538,0,0,0,538
06/30/2022,TPA,FL,ASO,ES,Combined TRACON& Tower with Radar,421,47,76,1,545,0,4,23,2,29,421,51,99,3,574,0,0,0,574
07/01/2022,TPA,FL,ASO,ES,Combined TRACON& Tower with Radar,435,52,68,0,555,1,7,11,0,19,436,59,79,0,574,0,0,0,574
07/02/2022,TPA,FL,ASO,ES,Combined TRACON& Tower with Radar,444,34,44,1,523,0,5,11,0,16,444,39,55,1,539,0,0,0,539
07/03/2022,TPA,FL,ASO,ES,Combined TRACON& Tower with Radar,406,35,32,1,474,0,0,10,0,10,406,35,42,1,484,0,0,0,484
07/04/2022,TPA,FL,ASO,ES,Combined TRACON& Tower with Radar,380,29,23,0,432,1,0,14,0,15,381,29,37,0,447,0,0,0,447
07/05/2022,TPA,FL,ASO,ES,Combined TRACON& Tower with Radar,377,51,44,0,472,0,0,13,0,13,377,51,57,0,485,0,0,0,485
07/06/2022,TPA,FL,ASO,ES,Combined TRACON& Tower with Radar,413,32,42,0,487,0,4,14,1,19,413,36,56,1,506,0,0,0,506
07/07/2022,TPA,FL,ASO,ES,Combined TRACON& Tower with Radar,419,40,38,0,497,0,4,12,0,16,419,44,50,0,513,0,0,0,513
07/08/2022,TPA,FL,ASO,ES,Combined TRACON& Tower with Radar,437,50,51,0,538,0,7,11,0,18,437,57,62,0,556,0,0,0,556
07/09/2022,TPA,FL,ASO,ES,Combined TRACON& Tower with Radar,465,38,28,0,531,0,6,9,0,15,465,44,37,0,546,0,0,0,546
07/10/2022,TPA,FL,ASO,ES,Combined TRACON& Tower with Radar,409,46,39,0,494,1,0,7,0,8,410,46,46,0,502,0,0,0,502
07/11/2022,TPA,FL,ASO,ES,Combined TRACON& Tower with Radar,424,43,47,2,516,1,3,19,0,23,425,46,66,2,539,0,0,0,539
07/12/2022,TPA,FL,ASO,ES,Combined TRACON& Tower with Radar,401,36,62,1,500,0,6,18,0,24,401,42,80,1,524,0,0,0,524
07/13/2022,TPA,FL,ASO,ES,Combined TRACON& Tower with Radar,427,51,55,1,534,0,2,21,0,23,427,53,76,1,557,0,0,0,557
07/14/2022,TPA,FL,ASO,ES,Combined TRACON& Tower with Radar,429,47,73,0,549,0,2,18,1,21,429,49,91,1,570,0,0,0,570
07/15/2022,TPA,FL,ASO,ES,Combined TRACON& Tower with Radar,440,52,73,3,568,0,5,15,0,20,440,57,88,3,588,0,0,0,588
07/16/2022,TPA,FL,ASO,ES,Combined TRACON& Tower with Radar,448,37,36,0,521,1,4,13,0,18,449,41,49,0,539,0,0,0,539
07/17/2022,TPA,FL,ASO,ES,Combined TRACON& Tower with Radar,417,54,51,0,522,1,0,17,0,18,418,54,68,0,540,0,0,0,540
07/18/2022,TPA,FL,ASO,ES,Combined TRACON& Tower with Radar,402,47,58,0,507,1,0,17,0,18,403,47,75,0,525,0,0,0,525
07/19/2022,TPA,FL,ASO,ES,Combined TRACON& Tower with Radar,413,40,54,0,507,0,0,19,0,19,413,40,73,0,526,0,0,0,526
07/20/2022,TPA,FL,ASO,ES,Combined TRACON& Tower with Radar,429,51,50,0,530,0,1,20,0,21,429,52,70,0,551,0,0,0,551
07/21/2022,TPA,FL,ASO,ES,Combined TRACON& Tower with Radar,424,44,56,0,524,0,2,20,0,22,424,46,76,0,546,0,0,0,546
07/22/2022,TPA,FL,ASO,ES,Combined TRACON& Tower with Radar,439,58,43,0,540,1,0,11,0,12,440,58,54,0,552,0,0,0,552
07/23/2022,TPA,FL,ASO,ES,Combined TRACON& Tower with Radar,456,31,33,0,520,0,0,10,0,10,456,31,43,0,530,0,0,0,530
07/24/2022,TPA,FL,ASO,ES,Combined TRACON& Tower with Radar,410,41,53,0,504,0,0,12,0,12,410,41,65,0,516,0,0,0,516
07/25/2022,TPA,FL,ASO,ES,Combined TRACON& Tower with Radar,405,47,62,0,514,0,0,16,0,16,405,47,78,0,530,0,0,0,530
07/26/2022,TPA,FL,ASO,ES,Combined TRACON& Tower with Radar,420,32,45,0,497,0,7,9,0,16,420,39,54,0,513,0,0,0,513
07/27/2022,TPA,FL,ASO,ES,Combined TRACON& Tower with Radar,423,39,82,2,546,1,4,16,0,21,424,43,98,2,567,0,0,0,567
07/28/2022,TPA,FL,ASO,ES,Combined TRACON& Tower with Radar,430,51,63,0,544,0,5,22,0,27,430,56,85,0,571,0,0,0,571
07/29/2022,TPA,FL,ASO,ES,Combined TRACON& Tower with Radar,439,44,65,2,550,0,4,12,0,16,439,48,77,2,566,0,0,0,566
07/30/2022,TPA,FL,ASO,ES,Combined TRACON& Tower with Radar,461,39,42,0,542,0,5,18,2,25,461,44,60,2,567,0,0,0,567
07/31/2022,TPA,FL,ASO,ES,Combined TRACON& Tower with Radar,406,60,50,0,516,1,0,27,2,30,407,60,77,2,546,0,0,0,546
08/01/2022,TPA,FL,ASO,ES,Combined TRACON& Tower with Radar,429,51,56,0,536,0,2,18,0,20,429,53,74,0,556,0,0,0,556
08/02/2022,TPA,FL,ASO,ES,Combined TRACON& Tower with Radar,404,55,47,2,508,0,0,4,3,7,404,55,51,5,515,0,0,0,515
08/03/2022,TPA,FL,ASO,ES,Combined TRACON& Tower with Radar,404,40,59,0,503,1,6,16,0,23,405,46,75,0,526,0,0,0,526
08/04/2022,TPA,FL,ASO,ES,Combined TRACON& Tower with Radar,400,65,65,2,532,0,2,17,0,19,400,67,82,2,551,0,0,0,551
08/05/2022,TPA,FL,ASO,ES,Combined TRACON& Tower with Radar,404,44,49,0,497,0,2,19,3,24,404,46,68,3,521,0,0,0,521
08/06/2022,TPA,FL,ASO,ES,Combined TRACON& Tower with Radar,442,44,27,0,513,0,0,16,1,17,442,44,43,1,530,0,0,0,530
08/07/2022,TPA,FL,ASO,ES,Combined TRACON& Tower with Radar,401,45,66,1,513,0,0,24,3,27,401,45,90,4,540,0,0,0,540
08/08/2022,TPA,FL,ASO,ES,Combined TRACON& Tower with Radar,416,52,48,0,516,1,1,4,0,6,417,53,52,0,522,0,0,0,522
08/09/2022,TPA,FL,ASO,ES,Combined TRACON& Tower with Radar,393,39,35,0,467,0,2,23,0,25,393,41,58,0,492,0,0,0,492
08/10/2022,TPA,FL,ASO,ES,Combined TRACON& Tower with Radar,401,30,39,0,470,0,3,17,2,22,401,33,56,2,492,0,0,0,492
08/11/2022,TPA,FL,ASO,ES,Combined TRACON& Tower with Radar,412,51,55,1,519,0,2,17,0,19,412,53,72,1,538,0,0,0,538
08/12/2022,TPA,FL,ASO,ES,Combined TRACON& Tower with Radar,427,46,55,2,530,1,3,17,0,21,428,49,72,2,551,0,0,0,551
08/13/2022,TPA,FL,ASO,ES,Combined TRACON& Tower with Radar,437,54,36,1,528,0,2,20,0,22,437,56,56,1,550,0,0,0,550
08/14/2022,TPA,FL,ASO,ES,Combined TRACON& Tower with Radar,409,40,43,3,495,0,0,12,3,15,409,40,55,6,510,0,0,0,510
08/15/2022,TPA,FL,ASO,ES,Combined TRACON& Tower with Radar,397,36,56,3,492,1,2,21,2,26,398,38,77,5,518,0,0,0,518
08/16/2022,TPA,FL,ASO,ES,Combined TRACON& Tower with Radar,396,30,45,6,477,0,4,15,0,19,396,34,60,6,496,0,0,0,496
08/17/2022,TPA,FL,ASO,ES,Combined TRACON& Tower with Radar,414,39,56,4,513,0,3,20,2,25,414,42,76,6,538,0,0,0,538
08/18/2022,TPA,FL,ASO,ES,Combined TRACON& Tower with Radar,406,50,69,4,529,0,5,18,6,29,406,55,87,10,558,0,0,0,558
08/19/2022,TPA,FL,ASO,ES,Combined TRACON& Tower with Radar,444,54,52,4,554,2,6,30,1,39,446,60,82,5,593,0,0,0,593
08/20/2022,TPA,FL,ASO,ES,Combined TRACON& Tower with Radar,456,43,34,0,533,0,3,22,1,26,456,46,56,1,559,0,0,0,559
08/21/2022,TPA,FL,ASO,ES,Combined TRACON& Tower with Radar,401,54,59,0,514,0,2,17,4,23,401,56,76,4,537,0,0,0,537
08/22/2022,TPA,FL,ASO,ES,Combined TRACON& Tower with Radar,389,41,51,10,491,1,0,26,2,29,390,41,77,12,520,0,0,0,520
08/23/2022,TPA,FL,ASO,ES,Combined TRACON& Tower with Radar,390,37,62,4,493,0,4,23,2,29,390,41,85,6,522,0,0,0,522
08/24/2022,TPA,FL,ASO,ES,Combined TRACON& Tower with Radar,401,47,66,6,520,0,3,12,2,17,401,50,78,8,537,0,0,0,537
08/25/2022,TPA,FL,ASO,ES,Combined TRACON& Tower with Radar,417,57,63,5,542,0,3,12,2,17,417,60,75,7,559,0,0,0,559
08/26/2022,TPA,FL,ASO,ES,Combined TRACON& Tower with Radar,434,50,51,3,538,1,4,13,0,18,435,54,64,3,556,0,0,0,556
08/27/2022,TPA,FL,ASO,ES,Combined TRACON& Tower with Radar,450,34,27,3,514,0,0,11,0,11,450,34,38,3,525,0,0,0,525
08/28/2022,TPA,FL,ASO,ES,Combined TRACON& Tower with Radar,410,40,40,3,493,0,0,9,0,9,410,40,49,3,502,0,0,0,502
08/29/2022,TPA,FL,ASO,ES,Combined TRACON& Tower with Radar,397,54,46,1,498,1,0,12,2,15,398,54,58,3,513,0,0,0,513
08/30/2022,TPA,FL,ASO,ES,Combined TRACON& Tower with Radar,384,39,56,5,484,0,1,16,4,21,384,40,72,9,505,0,0,0,505
08/31/2022,TPA,FL,ASO,ES,Combined TRACON& Tower with Radar,407,34,78,2,521,0,2,17,2,21,407,36,95,4,542,0,0,0,542
09/01/2022,TPA,FL,ASO,ES,Combined TRACON& Tower with Radar,417,55,58,2,532,0,0,22,0,22,417,55,80,2,554,0,0,0,554
09/02/2022,TPA,FL,ASO,ES,Combined TRACON& Tower with Radar,437,47,47,1,532,1,2,18,0,21,438,49,65,1,553,0,0,0,553
09/03/2022,TPA,FL,ASO,ES,Combined TRACON& Tower with Radar,432,35,32,0,499,0,2,13,1,16,432,37,45,1,515,0,0,0,515
09/04/2022,TPA,FL,ASO,ES,Combined TRACON& Tower with Radar,370,30,23,0,423,0,0,7,0,7,370,30,30,0,430,0,0,0,430
09/05/2022,TPA,FL,ASO,ES,Combined TRACON& Tower with Radar,399,55,66,0,520,0,0,17,0,17,399,55,83,0,537,0,0,0,537
09/06/2022,TPA,FL,ASO,ES,Combined TRACON& Tower with Radar,380,38,47,0,465,0,0,17,0,17,380,38,64,0,482,0,0,0,482
09/07/2022,TPA,FL,ASO,ES,Combined TRACON& Tower with Radar,379,40,44,2,465,1,3,15,4,23,380,43,59,6,488,0,0,0,488
09/08/2022,TPA,FL,ASO,ES,Combined TRACON& Tower with Radar,422,56,37,1,516,0,2,9,2,13,422,58,46,3,529,0,0,0,529
09/09/2022,TPA,FL,ASO,ES,Combined TRACON& Tower with Radar,414,72,50,2,538,1,1,14,2,18,415,73,64,4,556,0,0,0,556
09/10/2022,TPA,FL,ASO,ES,Combined TRACON& Tower with Radar,403,39,22,0,464,0,1,14,0,15,403,40,36,0,479,0,0,0,479
09/11/2022,TPA,FL,ASO,ES,Combined TRACON& Tower with Radar,401,41,51,2,495,0,0,23,0,23,401,41,74,2,518,0,0,0,518
09/12/2022,TPA,FL,ASO,ES,Combined TRACON& Tower with Radar,408,53,49,0,510,1,0,10,1,12,409,53,59,1,522,0,0,0,522
09/13/2022,TPA,FL,ASO,ES,Combined TRACON& Tower with Radar,381,60,64,0,505,0,0,23,1,24,381,60,87,1,529,0,0,0,529
09/14/2022,TPA,FL,ASO,ES,Combined TRACON& Tower with Radar,414,51,70,0,535,0,1,19,2,22,414,52,89,2,557,0,0,0,557
09/15/2022,TPA,FL,ASO,ES,Combined TRACON& Tower with Radar,421,61,55,0,537,0,1,23,2,26,421,62,78,2,563,0,0,0,563
09/16/2022,TPA,FL,ASO,ES,Combined TRACON& Tower with Radar,407,54,58,4,523,1,1,12,0,14,408,55,70,4,537,0,0,0,537
09/17/2022,TPA,FL,ASO,ES,Combined TRACON& Tower with Radar,404,34,33,0,471,0,0,12,0,12,404,34,45,0,483,0,0,0,483
09/18/2022,TPA,FL,ASO,ES,Combined TRACON& Tower with Radar,401,53,50,0,504,0,0,15,0,15,401,53,65,0,519,0,0,0,519
09/19/2022,TPA,FL,ASO,ES,Combined TRACON& Tower with Radar,423,54,66,0,543,1,0,20,4,25,424,54,86,4,568,0,0,0,568
09/20/2022,TPA,FL,ASO,ES,Combined TRACON& Tower with Radar,376,48,46,2,472,0,1,23,4,28,376,49,69,6,500,0,0,0,500
09/21/2022,TPA,FL,ASO,ES,Combined TRACON& Tower with Radar,379,39,74,0,492,0,3,31,2,36,379,42,105,2,528,0,0,0,528
09/22/2022,TPA,FL,ASO,ES,Combined TRACON& Tower with Radar,407,55,51,0,513,0,1,32,4,37,407,56,83,4,550,0,0,0,550
09/23/2022,TPA,FL,ASO,ES,Combined TRACON& Tower with Radar,437,58,64,0,559,1,0,23,0,24,438,58,87,0,583,0,0,0,583
09/24/2022,TPA,FL,ASO,ES,Combined TRACON& Tower with Radar,406,45,36,0,487,0,0,28,3,31,406,45,64,3,518,0,0,0,518
09/25/2022,TPA,FL,ASO,ES,Combined TRACON& Tower with Radar,399,79,83,2,563,0,0,32,0,32,399,79,115,2,595,0,0,0,595
09/26/2022,TPA,FL,ASO,ES,Combined TRACON& Tower with Radar,407,74,90,4,575,1,1,8,0,10,408,75,98,4,585,0,0,0,585
09/27/2022,TPA,FL,ASO,ES,Combined TRACON& Tower with Radar,259,76,58,4,397,0,1,15,2,18,259,77,73,6,415,0,0,0,415
09/28/2022,TPA,FL,ASO,ES,Combined TRACON& Tower with Radar,0,0,0,0,0,0,0,0,0,0,0,0,0,0,0,0,0,0,0
09/29/2022,TPA,FL,ASO,ES,Combined TRACON& Tower with Radar,2,4,0,0,6,0,0,5,0,5,2,4,5,0,11,0,0,0,11
09/30/2022,TPA,FL,ASO,ES,Combined TRACON& Tower with Radar,250,36,51,0,337,1,2,16,3,22,251,38,67,3,359,0,0,0,359
10/01/2022,TPA,FL,ASO,ES,Combined TRACON& Tower with Radar,391,54,47,0,492,0,1,22,1,24,391,55,69,1,516,0,0,0,516
10/02/2022,TPA,FL,ASO,ES,Combined TRACON& Tower with Radar,414,72,76,0,562,0,0,35,1,36,414,72,111,1,598,0,0,0,598
10/03/2022,TPA,FL,ASO,ES,Combined TRACON& Tower with Radar,414,79,67,3,563,0,0,22,2,24,414,79,89,5,587,0,0,0,587
10/04/2022,TPA,FL,ASO,ES,Combined TRACON& Tower with Radar,384,38,64,0,486,0,1,24,0,25,384,39,88,0,511,0,0,0,511
10/05/2022,TPA,FL,ASO,ES,Combined TRACON& Tower with Radar,384,35,58,0,477,0,3,14,5,22,384,38,72,5,499,0,0,0,499
10/06/2022,TPA,FL,ASO,ES,Combined TRACON& Tower with Radar,416,67,78,0,561,0,2,23,3,28,416,69,101,3,589,0,0,0,589
10/07/2022,TPA,FL,ASO,ES,Combined TRACON& Tower with Radar,434,51,59,0,544,1,1,31,0,33,435,52,90,0,577,0,0,0,577
10/08/2022,TPA,FL,ASO,ES,Combined TRACON& Tower with Radar,424,46,39,0,509,0,3,12,0,15,424,49,51,0,524,0,0,0,524
10/09/2022,TPA,FL,ASO,ES,Combined TRACON& Tower with Radar,414,65,78,0,557,0,0,24,1,25,414,65,102,1,582,0,0,0,582
10/10/2022,TPA,FL,ASO,ES,Combined TRACON& Tower with Radar,414,68,57,1,540,1,0,28,2,31,415,68,85,3,571,0,0,0,571
10/11/2022,TPA,FL,ASO,ES,Combined TRACON& Tower with Radar,412,53,58,4,527,0,4,29,0,33,412,57,87,4,560,0,0,0,560
10/12/2022,TPA,FL,ASO,ES,Combined TRACON& Tower with Radar,410,53,63,4,530,0,2,24,2,28,410,55,87,6,558,0,0,0,558
10/13/2022,TPA,FL,ASO,ES,Combined TRACON& Tower with Radar,421,70,73,1,565,0,1,27,2,30,421,71,100,3,595,0,0,0,595
10/14/2022,TPA,FL,ASO,ES,Combined TRACON& Tower with Radar,441,68,81,1,591,1,0,21,2,24,442,68,102,3,615,0,0,0,615
10/15/2022,TPA,FL,ASO,ES,Combined TRACON& Tower with Radar,416,41,40,0,497,0,2,12,0,14,416,43,52,0,511,0,0,0,511
10/16/2022,TPA,FL,ASO,ES,Combined TRACON& Tower with Radar,421,67,49,2,539,0,0,29,0,29,421,67,78,2,568,0,0,0,568
10/17/2022,TPA,FL,ASO,ES,Combined TRACON& Tower with Radar,414,70,61,4,549,1,0,17,1,19,415,70,78,5,568,0,0,0,568
10/18/2022,TPA,FL,ASO,ES,Combined TRACON& Tower with Radar,411,47,44,4,506,0,1,31,0,32,411,48,75,4,538,0,0,0,538
10/19/2022,TPA,FL,ASO,ES,Combined TRACON& Tower with Radar,432,56,65,5,558,0,1,17,1,19,432,57,82,6,577,0,0,0,577
10/20/2022,TPA,FL,ASO,ES,Combined TRACON& Tower with Radar,427,74,77,9,587,0,2,31,2,35,427,76,108,11,622,0,0,0,622
10/21/2022,TPA,FL,ASO,ES,Combined TRACON& Tower with Radar,441,72,62,5,580,1,1,18,0,20,442,73,80,5,600,0,0,0,600
10/22/2022,TPA,FL,ASO,ES,Combined TRACON& Tower with Radar,425,67,43,2,537,0,2,13,0,15,425,69,56,2,552,0,0,0,552
10/23/2022,TPA,FL,ASO,ES,Combined TRACON& Tower with Radar,419,53,86,2,560,0,0,27,1,28,419,53,113,3,588,0,0,0,588
10/24/2022,TPA,FL,ASO,ES,Combined TRACON& Tower with Radar,413,58,58,5,534,0,0,28,2,30,413,58,86,7,564,0,0,0,564
10/25/2022,TPA,FL,ASO,ES,Combined TRACON& Tower with Radar,393,47,69,4,513,0,1,47,0,48,393,48,116,4,561,0,0,0,561
10/26/2022,TPA,FL,ASO,ES,Combined TRACON& Tower with Radar,410,70,65,7,552,1,3,23,3,30,411,73,88,10,582,0,0,0,582
10/27/2022,TPA,FL,ASO,ES,Combined TRACON& Tower with Radar,420,88,87,2,597,0,1,25,0,26,420,89,112,2,623,0,0,0,623
10/28/2022,TPA,FL,ASO,ES,Combined TRACON& Tower with Radar,427,84,67,1,579,0,0,13,1,14,427,84,80,2,593,0,0,0,593
10/29/2022,TPA,FL,ASO,ES,Combined TRACON& Tower with Radar,415,41,49,0,505,0,1,15,0,16,415,42,64,0,521,0,0,0,521
10/30/2022,TPA,FL,ASO,ES,Combined TRACON& Tower with Radar,426,53,46,2,527,1,0,15,0,16,427,53,61,2,543,0,0,0,543
10/31/2022,TPA,FL,ASO,ES,Combined TRACON& Tower with Radar,407,64,41,0,512,0,0,18,1,19,407,64,59,1,531,0,0,0,531
11/01/2022,TPA,FL,ASO,ES,Combined TRACON& Tower with Radar,410,49,54,0,513,0,2,15,0,17,410,51,69,0,530,0,0,0,530
11/02/2022,TPA,FL,ASO,ES,Combined TRACON& Tower with Radar,423,73,70,0,566,0,1,15,2,18,423,74,85,2,584,0,0,0,584
11/03/2022,TPA,FL,ASO,ES,Combined TRACON& Tower with Radar,440,72,68,0,580,0,2,16,5,23,440,74,84,5,603,0,0,0,603
11/04/2022,TPA,FL,ASO,ES,Combined TRACON& Tower with Radar,440,73,65,0,578,0,1,28,0,29,440,74,93,0,607,0,0,0,607
11/05/2022,TPA,FL,ASO,ES,Combined TRACON& Tower with Radar,453,55,48,2,558,0,1,12,0,13,453,56,60,2,571,0,0,0,571
11/06/2022,TPA,FL,ASO,ES,Combined TRACON& Tower with Radar,438,78,92,0,608,1,2,23,0,26,439,80,115,0,634,0,0,0,634
11/07/2022,TPA,FL,ASO,ES,Combined TRACON& Tower with Radar,454,62,85,1,602,0,0,17,2,19,454,62,102,3,621,0,0,0,621
11/08/2022,TPA,FL,ASO,ES,Combined TRACON& Tower with Radar,447,79,98,0,624,0,3,15,2,20,447,82,113,2,644,0,0,0,644
11/09/2022,TPA,FL,ASO,ES,Combined TRACON& Tower with Radar,467,78,61,1,607,1,2,7,2,12,468,80,68,3,619,0,0,0,619
11/10/2022,TPA,FL,ASO,ES,Combined TRACON& Tower with Radar,381,44,25,0,450,0,0,4,0,4,381,44,29,0,454,0,0,0,454
11/11/2022,TPA,FL,ASO,ES,Combined TRACON& Tower with Radar,458,61,37,0,556,0,2,22,2,26,458,63,59,2,582,0,0,0,582
11/12/2022,TPA,FL,ASO,ES,Combined TRACON& Tower with Radar,513,44,43,0,600,0,1,14,1,16,513,45,57,1,616,0,0,0,616
11/13/2022,TPA,FL,ASO,ES,Combined TRACON& Tower with Radar,461,47,69,0,577,1,0,18,0,19,462,47,87,0,596,0,0,0,596
11/14/2022,TPA,FL,ASO,ES,Combined TRACON& Tower with Radar,458,64,87,1,610,2,0,11,2,15,460,64,98,3,625,0,0,0,625
11/15/2022,TPA,FL,ASO,ES,Combined TRACON& Tower with Radar,432,68,68,1,569,0,2,19,4,25,432,70,87,5,594,0,0,0,594
11/16/2022,TPA,FL,ASO,ES,Combined TRACON& Tower with Radar,438,59,63,6,566,1,0,17,0,18,439,59,80,6,584,0,0,0,584
11/17/2022,TPA,FL,ASO,ES,Combined TRACON& Tower with Radar,479,80,84,0,643,0,3,30,3,36,479,83,114,3,679,0,0,0,679
11/18/2022,TPA,FL,ASO,ES,Combined TRACON& Tower with Radar,473,69,64,1,607,0,0,20,2,22,473,69,84,3,629,0,0,0,629
11/19/2022,TPA,FL,ASO,ES,Combined TRACON& Tower with Radar,527,36,51,1,615,0,2,13,2,17,527,38,64,3,632,0,0,0,632
11/20/2022,TPA,FL,ASO,ES,Combined TRACON& Tower with Radar,478,63,71,0,612,1,0,7,0,8,479,63,78,0,620,0,0,0,620
11/21/2022,TPA,FL,ASO,ES,Combined TRACON& Tower with Radar,477,69,45,0,591,0,0,15,2,17,477,69,60,2,608,0,0,0,608
11/22/2022,TPA,FL,ASO,ES,Combined TRACON& Tower with Radar,487,84,71,0,642,0,0,12,0,12,487,84,83,0,654,0,0,0,654
11/23/2022,TPA,FL,ASO,ES,Combined TRACON& Tower with Radar,537,68,62,0,667,0,1,8,0,9,537,69,70,0,676,0,0,0,676
11/24/2022,TPA,FL,ASO,ES,Combined TRACON& Tower with Radar,345,52,14,0,411,0,0,5,0,5,345,52,19,0,416,0,0,0,416
11/25/2022,TPA,FL,ASO,ES,Combined TRACON& Tower with Radar,417,57,49,0,523,2,0,9,0,11,419,57,58,0,534,0,0,0,534
11/26/2022,TPA,FL,ASO,ES,Combined TRACON& Tower with Radar,532,56,63,0,651,1,0,9,0,10,533,56,72,0,661,0,0,0,661
11/27/2022,TPA,FL,ASO,ES,Combined TRACON& Tower with Radar,487,62,76,0,625,0,0,5,0,5,487,62,81,0,630,0,0,0,630
11/28/2022,TPA,FL,ASO,ES,Combined TRACON& Tower with Radar,503,51,64,0,618,1,0,23,2,26,504,51,87,2,644,0,0,0,644
11/29/2022,TPA,FL,ASO,ES,Combined TRACON& Tower with Radar,446,67,63,0,576,0,2,24,2,28,446,69,87,2,604,0,0,0,604
11/30/2022,TPA,FL,ASO,ES,Combined TRACON& Tower with Radar,444,61,71,0,576,0,3,14,2,19,444,64,85,2,595,0,0,0,595
12/01/2022,TPA,FL,ASO,ES,Combined TRACON& Tower with Radar,468,93,74,0,635,1,1,12,2,16,469,94,86,2,651,0,0,0,651
12/02/2022,TPA,FL,ASO,ES,Combined TRACON& Tower with Radar,468,54,78,0,600,0,1,20,0,21,468,55,98,0,621,0,0,0,621
12/03/2022,TPA,FL,ASO,ES,Combined TRACON& Tower with Radar,504,49,41,0,594,0,0,14,0,14,504,49,55,0,608,0,0,0,608
12/04/2022,TPA,FL,ASO,ES,Combined TRACON& Tower with Radar,468,49,72,0,589,0,0,13,0,13,468,49,85,0,602,0,0,0,602
12/05/2022,TPA,FL,ASO,ES,Combined TRACON& Tower with Radar,446,72,89,4,611,0,1,16,2,19,446,73,105,6,630,0,0,0,630
12/06/2022,TPA,FL,ASO,ES,Combined TRACON& Tower with Radar,445,75,78,0,598,0,4,15,1,20,445,79,93,1,618,0,0,0,618
12/07/2022,TPA,FL,ASO,ES,Combined TRACON& Tower with Radar,444,61,82,1,588,0,1,23,0,24,444,62,105,1,612,0,0,0,612
12/08/2022,TPA,FL,ASO,ES,Combined TRACON& Tower with Radar,474,80,70,0,624,0,3,13,0,16,474,83,83,0,640,0,0,0,640
12/09/2022,TPA,FL,ASO,ES,Combined TRACON& Tower with Radar,486,73,65,1,625,1,2,11,0,14,487,75,76,1,639,0,0,0,639
12/10/2022,TPA,FL,ASO,ES,Combined TRACON& Tower with Radar,521,51,50,0,622,0,1,7,0,8,521,52,57,0,630,0,0,0,630
12/11/2022,TPA,FL,ASO,ES,Combined TRACON& Tower with Radar,461,57,50,1,569,0,0,8,0,8,461,57,58,1,577,0,0,0,577
12/12/2022,TPA,FL,ASO,ES,Combined TRACON& Tower with Radar,467,61,80,0,608,1,0,15,0,16,468,61,95,0,624,0,0,0,624
12/13/2022,TPA,FL,ASO,ES,Combined TRACON& Tower with Radar,444,61,69,0,574,0,1,13,0,14,444,62,82,0,588,0,0,0,588
12/14/2022,TPA,FL,ASO,ES,Combined TRACON& Tower with Radar,446,66,71,4,587,1,1,22,0,24,447,67,93,4,611,0,0,0,611
12/15/2022,TPA,FL,ASO,ES,Combined TRACON& Tower with Radar,486,73,48,0,607,0,0,3,2,5,486,73,51,2,612,0,0,0,612
12/16/2022,TPA,FL,ASO,ES,Combined TRACON& Tower with Radar,516,79,57,0,652,1,2,14,3,20,517,81,71,3,672,0,0,0,672
12/17/2022,TPA,FL,ASO,ES,Combined TRACON& Tower with Radar,549,51,38,0,638,1,0,15,0,16,550,51,53,0,654,0,0,0,654
12/18/2022,TPA,FL,ASO,ES,Combined TRACON& Tower with Radar,513,70,79,0,662,1,0,19,1,21,514,70,98,1,683,0,0,0,683
12/19/2022,TPA,FL,ASO,ES,Combined TRACON& Tower with Radar,499,70,56,0,625,0,0,22,2,24,499,70,78,2,649,0,0,0,649
12/20/2022,TPA,FL,ASO,ES,Combined TRACON& Tower with Radar,484,43,39,0,566,0,1,11,0,12,484,44,50,0,578,0,0,0,578
12/21/2022,TPA,FL,ASO,ES,Combined TRACON& Tower with Radar,527,56,63,0,646,0,1,6,0,7,527,57,69,0,653,0,0,0,653
12/22/2022,TPA,FL,ASO,ES,Combined TRACON& Tower with Radar,514,82,58,0,654,1,0,3,0,4,515,82,61,0,658,0,0,0,658
12/23/2022,TPA,FL,ASO,ES,Combined TRACON& Tower with Radar,454,68,61,0,583,1,1,4,0,6,455,69,65,0,589,0,0,0,589
12/24/2022,TPA,FL,ASO,ES,Combined TRACON& Tower with Radar,423,42,24,0,489,1,2,6,0,9,424,44,30,0,498,0,0,0,498
12/25/2022,TPA,FL,ASO,ES,Combined TRACON& Tower with Radar,349,38,12,0,399,0,0,0,0,0,349,38,12,0,399,0,0,0,399
12/26/2022,TPA,FL,ASO,ES,Combined TRACON& Tower with Radar,394,55,65,0,514,1,0,30,0,31,395,55,95,0,545,0,0,0,545
12/27/2022,TPA,FL,ASO,ES,Combined TRACON& Tower with Radar,411,48,73,2,534,0,0,13,2,15,411,48,86,4,549,0,0,0,549
12/28/2022,TPA,FL,ASO,ES,Combined TRACON& Tower with Radar,426,38,61,0,525,0,3,20,2,25,426,41,81,2,550,0,0,0,550
12/29/2022,TPA,FL,ASO,ES,Combined TRACON& Tower with Radar,433,58,46,0,537,1,0,20,2,23,434,58,66,2,560,0,0,0,560
12/30/2022,TPA,FL,ASO,ES,Combined TRACON& Tower with Radar,536,67,63,0,666,1,2,12,1,16,537,69,75,1,682,0,0,0,682
12/31/2022,TPA,FL,ASO,ES,Combined TRACON& Tower with Radar,512,38,42,0,592,1,1,3,0,5,513,39,45,0,597,0,0,0,597
01/01/2023,TPA,FL,ASO,ES,Combined TRACON& Tower with Radar,458,54,49,0,561,0,0,5,0,5,458,54,54,0,566,0,0,0,566
01/02/2023,TPA,FL,ASO,ES,Combined TRACON& Tower with Radar,487,75,103,0,665,3,3,26,1,33,490,78,129,1,698,0,0,0,698
01/03/2023,TPA,FL,ASO,ES,Combined TRACON& Tower with Radar,479,52,69,0,600,0,3,22,0,25,479,55,91,0,625,0,0,0,625
01/04/2023,TPA,FL,ASO,ES,Combined TRACON& Tower with Radar,397,77,53,0,527,1,4,14,2,21,398,81,67,2,548,0,0,0,548
01/05/2023,TPA,FL,ASO,ES,Combined TRACON& Tower with Radar,494,85,89,0,668,1,0,14,0,15,495,85,103,0,683,0,0,0,683
01/06/2023,TPA,FL,ASO,ES,Combined TRACON& Tower with Radar,518,64,70,0,652,0,5,22,0,27,518,69,92,0,679,0,0,0,679
01/07/2023,TPA,FL,ASO,ES,Combined TRACON& Tower with Radar,498,49,35,0,582,1,2,10,0,13,499,51,45,0,595,0,0,0,595
01/08/2023,TPA,FL,ASO,ES,Combined TRACON& Tower with Radar,519,48,63,0,630,0,0,12,0,12,519,48,75,0,642,0,0,0,642
01/09/2023,TPA,FL,ASO,ES,Combined TRACON& Tower with Radar,475,41,57,0,573,0,0,11,2,13,475,41,68,2,586,0,0,0,586
01/10/2023,TPA,FL,ASO,ES,Combined TRACON& Tower with Radar,452,50,41,2,545,0,5,17,1,23,452,55,58,3,568,0,0,0,568
01/11/2023,TPA,FL,ASO,ES,Combined TRACON& Tower with Radar,421,51,87,7,566,1,6,35,6,48,422,57,122,13,614,0,0,0,614
01/12/2023,TPA,FL,ASO,ES,Combined TRACON& Tower with Radar,492,59,97,0,648,1,2,27,0,30,493,61,124,0,678,0,0,0,678
01/13/2023,TPA,FL,ASO,ES,Combined TRACON& Tower with Radar,504,55,68,2,629,0,1,18,1,20,504,56,86,3,649,0,0,0,649
01/14/2023,TPA,FL,ASO,ES,Combined TRACON& Tower with Radar,499,52,39,2,592,0,3,19,0,22,499,55,58,2,614,0,0,0,614
01/15/2023,TPA,FL,ASO,ES,Combined TRACON& Tower with Radar,509,48,51,1,609,0,0,17,0,17,509,48,68,1,626,0,0,0,626
01/16/2023,TPA,FL,ASO,ES,Combined TRACON& Tower with Radar,468,75,109,1,653,0,0,18,0,18,468,75,127,1,671,0,0,0,671
01/17/2023,TPA,FL,ASO,ES,Combined TRACON& Tower with Radar,439,111,104,1,655,0,3,30,0,33,439,114,134,1,688,0,0,0,688
01/18/2023,TPA,FL,ASO,ES,Combined TRACON& Tower with Radar,447,57,68,0,572,0,2,14,1,17,447,59,82,1,589,0,0,0,589
01/19/2023,TPA,FL,ASO,ES,Combined TRACON& Tower with Radar,477,72,75,1,625,0,2,29,0,31,477,74,104,1,656,0,0,0,656
01/20/2023,TPA,FL,ASO,ES,Combined TRACON& Tower with Radar,490,64,95,4,653,0,1,12,2,15,490,65,107,6,668,0,0,0,668
01/21/2023,TPA,FL,ASO,ES,Combined TRACON& Tower with Radar,483,48,30,1,562,1,2,17,0,20,484,50,47,1,582,0,0,0,582
01/22/2023,TPA,FL,ASO,ES,Combined TRACON& Tower with Radar,499,36,49,1,585,1,0,9,0,10,500,36,58,1,595,0,0,0,595
01/23/2023,TPA,FL,ASO,ES,Combined TRACON& Tower with Radar,485,47,50,4,586,0,0,9,4,13,485,47,59,8,599,0,0,0,599
01/24/2023,TPA,FL,ASO,ES,Combined TRACON& Tower with Radar,449,62,70,0,581,0,0,13,2,15,449,62,83,2,596,0,0,0,596
01/25/2023,TPA,FL,ASO,ES,Combined TRACON& Tower with Radar,437,84,69,0,590,0,5,11,1,17,437,89,80,1,607,0,0,0,607
01/26/2023,TPA,FL,ASO,ES,Combined TRACON& Tower with Radar,492,88,88,0,668,1,2,13,2,18,493,90,101,2,686,0,0,0,686
01/27/2023,TPA,FL,ASO,ES,Combined TRACON& Tower with Radar,517,65,64,0,646,0,4,12,1,17,517,69,76,1,663,0,0,0,663
01/28/2023,TPA,FL,ASO,ES,Combined TRACON& Tower with Radar,481,51,48,2,582,1,5,25,2,33,482,56,73,4,615,0,0,0,615
01/29/2023,TPA,FL,ASO,ES,Combined TRACON& Tower with Radar,506,64,47,1,618,0,2,12,0,14,506,66,59,1,632,0,0,0,632
01/30/2023,TPA,FL,ASO,ES,Combined TRACON& Tower with Radar,469,62,67,0,598,0,4,16,2,22,469,66,83,2,620,0,0,0,620
01/31/2023,TPA,FL,ASO,ES,Combined TRACON& Tower with Radar,419,63,66,0,548,0,5,13,0,18,419,68,79,0,566,0,0,0,566
02/01/2023,TPA,FL,ASO,ES,Combined TRACON& Tower with Radar,424,84,86,0,594,1,2,34,0,37,425,86,120,0,631,0,0,0,631
02/02/2023,TPA,FL,ASO,ES,Combined TRACON& Tower with Radar,468,73,72,0,613,0,1,35,2,38,468,74,107,2,651,0,0,0,651
02/03/2023,TPA,FL,ASO,ES,Combined TRACON& Tower with Radar,510,82,69,2,663,0,0,11,0,11,510,82,80,2,674,0,0,0,674
02/04/2023,TPA,FL,ASO,ES,Combined TRACON& Tower with Radar,494,49,42,1,586,0,9,21,0,30,494,58,63,1,616,0,0,0,616
02/05/2023,TPA,FL,ASO,ES,Combined TRACON& Tower with Radar,519,52,46,2,619,1,2,18,0,21,520,54,64,2,640,0,0,0,640
02/06/2023,TPA,FL,ASO,ES,Combined TRACON& Tower with Radar,490,53,58,1,602,0,4,27,1,32,490,57,85,2,634,0,0,0,634
02/07/2023,TPA,FL,ASO,ES,Combined TRACON& Tower with Radar,453,63,69,1,586,0,9,21,2,32,453,72,90,3,618,0,0,0,618
02/08/2023,TPA,FL,ASO,ES,Combined TRACON& Tower with Radar,459,70,80,1,610,1,4,32,0,37,460,74,112,1,647,0,0,0,647
02/09/2023,TPA,FL,ASO,ES,Combined TRACON& Tower with Radar,490,65,49,3,607,0,2,6,2,10,490,67,55,5,617,0,0,0,617
02/10/2023,TPA,FL,ASO,ES,Combined TRACON& Tower with Radar,503,57,63,0,623,1,2,7,2,12,504,59,70,2,635,0,0,0,635
02/11/2023,TPA,FL,ASO,ES,Combined TRACON& Tower with Radar,512,37,46,0,595,0,6,7,0,13,512,43,53,0,608,0,0,0,608
02/12/2023,TPA,FL,ASO,ES,Combined TRACON& Tower with Radar,513,42,57,3,615,1,0,8,0,9,514,42,65,3,624,0,0,0,624
02/13/2023,TPA,FL,ASO,ES,Combined TRACON& Tower with Radar,487,74,70,4,635,1,3,28,2,34,488,77,98,6,669,0,0,0,669
02/14/2023,TPA,FL,ASO,ES,Combined TRACON& Tower with Radar,460,61,63,3,587,0,5,34,0,39,460,66,97,3,626,0,0,0,626
02/15/2023,TPA,FL,ASO,ES,Combined TRACON& Tower with Radar,464,54,65,0,583,0,2,28,2,32,464,56,93,2,615,0,0,0,615
02/16/2023,TPA,FL,ASO,ES,Combined TRACON& Tower with Radar,495,86,83,0,664,0,3,17,2,22,495,89,100,2,686,0,0,0,686
02/17/2023,TPA,FL,ASO,ES,Combined TRACON& Tower with Radar,489,78,82,1,650,1,2,23,3,29,490,80,105,4,679,0,0,0,679
02/18/2023,TPA,FL,ASO,ES,Combined TRACON& Tower with Radar,534,49,51,0,634,0,7,25,0,32,534,56,76,0,666,0,0,0,666
02/19/2023,TPA,FL,ASO,ES,Combined TRACON& Tower with Radar,519,50,51,2,622,1,5,15,0,21,520,55,66,2,643,0,0,0,643
02/20/2023,TPA,FL,ASO,ES,Combined TRACON& Tower with Radar,483,52,62,1,598,1,5,30,1,37,484,57,92,2,635,0,0,0,635
02/21/2023,TPA,FL,ASO,ES,Combined TRACON& Tower with Radar,480,56,55,0,591,0,4,13,2,19,480,60,68,2,610,0,0,0,610
02/22/2023,TPA,FL,ASO,ES,Combined TRACON& Tower with Radar,467,62,76,0,605,0,2,18,2,22,467,64,94,2,627,0,0,0,627
02/23/2023,TPA,FL,ASO,ES,Combined TRACON& Tower with Radar,493,93,81,0,667,0,3,34,0,37,493,96,115,0,704,0,0,0,704
02/24/2023,TPA,FL,ASO,ES,Combined TRACON& Tower with Radar,512,71,70,1,654,0,2,21,0,23,512,73,91,1,677,0,0,0,677
02/25/2023,TPA,FL,ASO,ES,Combined TRACON& Tower with Radar,514,43,35,1,593,0,3,12,2,17,514,46,47,3,610,0,0,0,610
02/26/2023,TPA,FL,ASO,ES,Combined TRACON& Tower with Radar,519,58,51,0,628,1,2,11,0,14,520,60,62,0,642,0,0,0,642
02/27/2023,TPA,FL,ASO,ES,Combined TRACON& Tower with Radar,493,56,52,2,603,1,2,23,2,28,494,58,75,4,631,0,0,0,631
02/28/2023,TPA,FL,ASO,ES,Combined TRACON& Tower with Radar,486,64,79,0,629,0,3,15,0,18,486,67,94,0,647,0,0,0,647
03/01/2023,TPA,FL,ASO,ES,Combined TRACON& Tower with Radar,488,66,72,4,630,1,0,17,0,18,489,66,89,4,648,0,0,0,648
03/02/2023,TPA,FL,ASO,ES,Combined TRACON& Tower with Radar,498,74,77,2,651,0,3,29,2,34,498,77,106,4,685,0,0,0,685
03/03/2023,TPA,FL,ASO,ES,Combined TRACON& Tower with Radar,489,78,72,0,639,1,0,17,2,20,490,78,89,2,659,0,0,0,659
03/04/2023,TPA,FL,ASO,ES,Combined TRACON& Tower with Radar,504,47,51,1,603,0,4,9,0,13,504,51,60,1,616,0,0,0,616
03/05/2023,TPA,FL,ASO,ES,Combined TRACON& Tower with Radar,533,58,89,3,683,1,2,19,0,22,534,60,108,3,705,0,0,0,705
03/06/2023,TPA,FL,ASO,ES,Combined TRACON& Tower with Radar,509,60,79,3,651,1,4,13,2,20,510,64,92,5,671,0,0,0,671
03/07/2023,TPA,FL,ASO,ES,Combined TRACON& Tower with Radar,486,83,81,0,650,0,1,26,0,27,486,84,107,0,677,0,0,0,677
03/08/2023,TPA,FL,ASO,ES,Combined TRACON& Tower with Radar,479,73,74,2,628,0,1,33,2,36,479,74,107,4,664,0,0,0,664
03/09/2023,TPA,FL,ASO,ES,Combined TRACON& Tower with Radar,531,91,73,2,697,0,0,14,2,16,531,91,87,4,713,0,0,0,713
03/10/2023,TPA,FL,ASO,ES,Combined TRACON& Tower with Radar,546,75,73,1,695,1,1,15,3,20,547,76,88,4,715,0,0,0,715
03/11/2023,TPA,FL,ASO,ES,Combined TRACON& Tower with Radar,604,52,71,1,728,0,2,12,0,14,604,54,83,1,742,0,0,0,742
03/12/2023,TPA,FL,ASO,ES,Combined TRACON& Tower with Radar,541,65,77,0,683,0,0,24,1,25,541,65,101,1,708,0,0,0,708
03/13/2023,TPA,FL,ASO,ES,Combined TRACON& Tower with Radar,581,72,51,1,705,1,0,12,0,13,582,72,63,1,718,0,0,0,718
03/14/2023,TPA,FL,ASO,ES,Combined TRACON& Tower with Radar,529,58,68,4,659,0,1,28,2,31,529,59,96,6,690,0,0,0,690
03/15/2023,TPA,FL,ASO,ES,Combined TRACON& Tower with Radar,539,64,55,0,658,0,4,19,0,23,539,68,74,0,681,0,0,0,681
03/16/2023,TPA,FL,ASO,ES,Combined TRACON& Tower with Radar,538,69,64,0,671,0,3,21,0,24,538,72,85,0,695,0,0,0,695
03/17/2023,TPA,FL,ASO,ES,Combined TRACON& Tower with Radar,542,66,61,2,671,1,3,36,4,44,543,69,97,6,715,0,0,0,715
03/18/2023,TPA,FL,ASO,ES,Combined TRACON& Tower with Radar,609,54,54,0,717,0,3,14,0,17,609,57,68,0,734,0,0,0,734
03/19/2023,TPA,FL,ASO,ES,Combined TRACON& Tower with Radar,575,87,76,1,739,0,0,12,2,14,575,87,88,3,753,0,0,0,753
03/20/2023,TPA,FL,ASO,ES,Combined TRACON& Tower with Radar,577,58,52,0,687,1,1,13,2,17,578,59,65,2,704,0,0,0,704
03/21/2023,TPA,FL,ASO,ES,Combined TRACON& Tower with Radar,525,62,47,0,634,0,6,13,2,21,525,68,60,2,655,0,0,0,655
03/22/2023,TPA,FL,ASO,ES,Combined TRACON& Tower with Radar,527,65,66,1,659,0,5,22,0,27,527,70,88,1,686,0,0,0,686
03/23/2023,TPA,FL,ASO,ES,Combined TRACON& Tower with Radar,537,70,47,4,658,0,4,20,0,24,537,74,67,4,682,0,0,0,682
03/24/2023,TPA,FL,ASO,ES,Combined TRACON& Tower with Radar,554,64,68,1,687,1,10,26,4,41,555,74,94,5,728,0,0,0,728
03/25/2023,TPA,FL,ASO,ES,Combined TRACON& Tower with Radar,607,62,32,2,703,0,6,13,0,19,607,68,45,2,722,0,0,0,722
03/26/2023,TPA,FL,ASO,ES,Combined TRACON& Tower with Radar,546,50,71,0,667,0,2,13,0,15,546,52,84,0,682,0,0,0,682
03/27/2023,TPA,FL,ASO,ES,Combined TRACON& Tower with Radar,545,55,64,2,666,1,4,14,2,21,546,59,78,4,687,0,0,0,687
03/28/2023,TPA,FL,ASO,ES,Combined TRACON& Tower with Radar,513,72,71,2,658,0,4,15,3,22,513,76,86,5,680,0,0,0,680
03/29/2023,TPA,FL,ASO,ES,Combined TRACON& Tower with Radar,529,64,88,2,683,1,4,13,4,22,530,68,101,6,705,0,0,0,705
03/30/2023,TPA,FL,ASO,ES,Combined TRACON& Tower with Radar,553,66,69,3,691,0,3,28,0,31,553,69,97,3,722,0,0,0,722
03/31/2023,TPA,FL,ASO,ES,Combined TRACON& Tower with Radar,533,62,79,3,677,0,5,21,2,28,533,67,100,5,705,0,0,0,705
04/01/2023,TPA,FL,ASO,ES,Combined TRACON& Tower with Radar,580,60,52,0,692,0,4,19,0,23,580,64,71,0,715,0,0,0,715
04/02/2023,TPA,FL,ASO,ES,Combined TRACON& Tower with Radar,559,65,69,0,693,1,0,28,0,29,560,65,97,0,722,0,0,0,722
04/03/2023,TPA,FL,ASO,ES,Combined TRACON& Tower with Radar,544,58,55,5,662,1,1,18,0,20,545,59,73,5,682,0,0,0,682
04/04/2023,TPA,FL,ASO,ES,Combined TRACON& Tower with Radar,515,42,58,2,617,0,9,7,3,19,515,51,65,5,636,0,0,0,636
04/05/2023,TPA,FL,ASO,ES,Combined TRACON& Tower with Radar,498,62,94,2,656,0,4,19,3,26,498,66,113,5,682,0,0,0,682
04/06/2023,TPA,FL,ASO,ES,Combined TRACON& Tower with Radar,550,73,77,4,704,0,3,19,0,22,550,76,96,4,726,0,0,0,726
04/07/2023,TPA,FL,ASO,ES,Combined TRACON& Tower with Radar,567,74,60,2,703,0,3,11,2,16,567,77,71,4,719,0,0,0,719
04/08/2023,TPA,FL,ASO,ES,Combined TRACON& Tower with Radar,618,74,51,0,743,0,4,17,0,21,618,78,68,0,764,0,0,0,764
04/09/2023,TPA,FL,ASO,ES,Combined TRACON& Tower with Radar,593,43,55,0,691,1,0,12,0,13,594,43,67,0,704,0,0,0,704
04/10/2023,TPA,FL,ASO,ES,Combined TRACON& Tower with Radar,544,57,87,0,688,0,0,15,2,17,544,57,102,2,705,0,0,0,705
04/11/2023,TPA,FL,ASO,ES,Combined TRACON& Tower with Radar,513,69,65,0,647,0,2,13,0,15,513,71,78,0,662,0,0,0,662
04/12/2023,TPA,FL,ASO,ES,Combined TRACON& Tower with Radar,521,62,73,0,656,1,2,8,0,11,522,64,81,0,667,0,0,0,667
04/13/2023,TPA,FL,ASO,ES,Combined TRACON& Tower with Radar,545,90,114,4,753,0,3,24,2,29,545,93,138,6,782,0,0,0,782
04/14/2023,TPA,FL,ASO,ES,Combined TRACON& Tower with Radar,549,101,116,4,770,0,0,34,4,38,549,101,150,8,808,0,0,0,808
04/15/2023,TPA,FL,ASO,ES,Combined TRACON& Tower with Radar,530,82,78,0,690,0,3,16,0,19,530,85,94,0,709,0,0,0,709
04/16/2023,TPA,FL,ASO,ES,Combined TRACON& Tower with Radar,551,68,90,0,709,0,0,15,2,17,551,68,105,2,726,0,0,0,726
04/17/2023,TPA,FL,ASO,ES,Combined TRACON& Tower with Radar,582,69,47,7,705,2,0,14,1,17,584,69,61,8,722,0,0,0,722
04/18/2023,TPA,FL,ASO,ES,Combined TRACON& Tower with Radar,518,55,53,1,627,0,3,20,0,23,518,58,73,1,650,0,0,0,650
04/19/2023,TPA,FL,ASO,ES,Combined TRACON& Tower with Radar,497,60,69,0,626,1,3,23,0,27,498,63,92,0,653,0,0,0,653
04/20/2023,TPA,FL,ASO,ES,Combined TRACON& Tower with Radar,522,68,69,2,661,0,3,40,2,45,522,71,109,4,706,0,0,0,706
04/21/2023,TPA,FL,ASO,ES,Combined TRACON& Tower with Radar,537,67,66,1,671,0,6,27,2,35,537,73,93,3,706,0,0,0,706
04/22/2023,TPA,FL,ASO,ES,Combined TRACON& Tower with Radar,526,44,51,0,621,0,6,11,0,17,526,50,62,0,638,0,0,0,638
04/23/2023,TPA,FL,ASO,ES,Combined TRACON& Tower with Radar,540,52,87,1,680,1,2,9,0,12,541,54,96,1,692,0,0,0,692
04/24/2023,TPA,FL,ASO,ES,Combined TRACON& Tower with Radar,525,59,66,9,659,1,4,11,2,18,526,63,77,11,677,0,0,0,677
04/25/2023,TPA,FL,ASO,ES,Combined TRACON& Tower with Radar,514,64,57,3,638,0,1,25,2,28,514,65,82,5,666,0,0,0,666
04/26/2023,TPA,FL,ASO,ES,Combined TRACON& Tower with Radar,493,63,76,6,638,0,3,21,2,26,493,66,97,8,664,0,0,0,664
04/27/2023,TPA,FL,ASO,ES,Combined TRACON& Tower with Radar,464,66,66,4,600,0,0,13,2,15,464,66,79,6,615,0,0,0,615
04/28/2023,TPA,FL,ASO,ES,Combined TRACON& Tower with Radar,589,73,44,2,708,1,7,13,1,22,590,80,57,3,730,0,0,0,730
04/29/2023,TPA,FL,ASO,ES,Combined TRACON& Tower with Radar,529,53,51,0,633,0,2,4,0,6,529,55,55,0,639,0,0,0,639
04/30/2023,TPA,FL,ASO,ES,Combined TRACON& Tower with Radar,511,45,56,0,612,0,1,13,1,15,511,46,69,1,627,0,0,0,627
05/01/2023,TPA,FL,ASO,ES,Combined TRACON& Tower with Radar,520,57,33,0,610,1,8,16,0,25,521,65,49,0,635,0,0,0,635
05/02/2023,TPA,FL,ASO,ES,Combined TRACON& Tower with Radar,488,48,63,2,601,0,4,27,2,33,488,52,90,4,634,0,0,0,634
05/03/2023,TPA,FL,ASO,ES,Combined TRACON& Tower with Radar,476,62,80,0,618,1,6,26,0,33,477,68,106,0,651,0,0,0,651
05/04/2023,TPA,FL,ASO,ES,Combined TRACON& Tower with Radar,516,73,94,0,683,0,2,25,2,29,516,75,119,2,712,0,0,0,712
05/05/2023,TPA,FL,ASO,ES,Combined TRACON& Tower with Radar,498,64,59,3,624,0,3,31,6,40,498,67,90,9,664,0,0,0,664
05/06/2023,TPA,FL,ASO,ES,Combined TRACON& Tower with Radar,489,34,42,1,566,0,4,15,0,19,489,38,57,1,585,0,0,0,585
05/07/2023,TPA,FL,ASO,ES,Combined TRACON& Tower with Radar,481,65,60,3,609,0,2,17,1,20,481,67,77,4,629,0,0,0,629
05/08/2023,TPA,FL,ASO,ES,Combined TRACON& Tower with Radar,489,74,93,3,659,1,3,24,2,30,490,77,117,5,689,6,0,6,695
05/09/2023,TPA,FL,ASO,ES,Combined TRACON& Tower with Radar,474,67,61,2,604,0,7,23,3,33,474,74,84,5,637,0,0,0,637
05/10/2023,TPA,FL,ASO,ES,Combined TRACON& Tower with Radar,460,73,82,2,617,0,7,19,6,32,460,80,101,8,649,0,0,0,649
05/11/2023,TPA,FL,ASO,ES,Combined TRACON& Tower with Radar,487,64,69,4,624,0,4,16,2,22,487,68,85,6,646,0,0,0,646
05/12/2023,TPA,FL,ASO,ES,Combined TRACON& Tower with Radar,489,66,55,4,614,1,9,9,2,21,490,75,64,6,635,0,0,0,635
05/13/2023,TPA,FL,ASO,ES,Combined TRACON& Tower with Radar,488,56,32,3,579,0,8,24,1,33,488,64,56,4,612,0,0,0,612
05/14/2023,TPA,FL,ASO,ES,Combined TRACON& Tower with Radar,482,64,60,1,607,1,4,11,0,16,483,68,71,1,623,0,0,0,623
05/15/2023,TPA,FL,ASO,ES,Combined TRACON& Tower with Radar,472,61,57,1,591,0,1,16,2,19,472,62,73,3,610,0,0,0,610
05/16/2023,TPA,FL,ASO,ES,Combined TRACON& Tower with Radar,473,62,68,3,606,0,6,17,2,25,473,68,85,5,631,0,0,0,631
05/17/2023,TPA,FL,ASO,ES,Combined TRACON& Tower with Radar,462,55,64,4,585,0,8,17,0,25,462,63,81,4,610,0,0,0,610
05/18/2023,TPA,FL,ASO,ES,Combined TRACON& Tower with Radar,531,63,97,2,693,0,5,14,2,21,531,68,111,4,714,0,0,0,714
05/19/2023,TPA,FL,ASO,ES,Combined TRACON& Tower with Radar,500,71,62,0,633,1,2,22,2,27,501,73,84,2,660,0,0,0,660
05/20/2023,TPA,FL,ASO,ES,Combined TRACON& Tower with Radar,485,51,47,0,583,0,4,19,0,23,485,55,66,0,606,0,0,0,606
05/21/2023,TPA,FL,ASO,ES,Combined TRACON& Tower with Radar,528,55,64,0,647,0,0,20,0,20,528,55,84,0,667,0,0,0,667
05/22/2023,TPA,FL,ASO,ES,Combined TRACON& Tower with Radar,523,53,38,0,614,1,1,18,5,25,524,54,56,5,639,0,0,0,639
05/23/2023,TPA,FL,ASO,ES,Combined TRACON& Tower with Radar,472,59,68,0,599,0,1,9,0,10,472,60,77,0,609,0,0,0,609
05/24/2023,TPA,FL,ASO,ES,Combined TRACON& Tower with Radar,451,49,60,0,560,0,5,9,0,14,451,54,69,0,574,0,0,0,574
05/25/2023,TPA,FL,ASO,ES,Combined TRACON& Tower with Radar,507,59,72,0,638,0,0,14,2,16,507,59,86,2,654,0,0,0,654
05/26/2023,TPA,FL,ASO,ES,Combined TRACON& Tower with Radar,495,54,73,0,622,1,6,14,0,21,496,60,87,0,643,0,0,0,643
05/27/2023,TPA,FL,ASO,ES,Combined TRACON& Tower with Radar,488,42,39,0,569,0,6,15,0,21,488,48,54,0,590,0,0,0,590
05/28/2023,TPA,FL,ASO,ES,Combined TRACON& Tower with Radar,477,31,44,0,552,1,2,22,0,25,478,33,66,0,577,0,0,0,577
05/29/2023,TPA,FL,ASO,ES,Combined TRACON& Tower with Radar,469,35,61,0,565,1,2,21,0,24,470,37,82,0,589,0,0,0,589
05/30/2023,TPA,FL,ASO,ES,Combined TRACON& Tower with Radar,478,55,56,0,589,0,2,34,2,38,478,57,90,2,627,0,0,0,627
05/31/2023,TPA,FL,ASO,ES,Combined TRACON& Tower with Radar,474,60,53,0,587,1,2,15,1,19,475,62,68,1,606,0,0,0,606
06/01/2023,TPA,FL,ASO,ES,Combined TRACON& Tower with Radar,485,75,49,0,609,0,3,19,2,24,485,78,68,2,633,0,0,0,633
06/02/2023,TPA,FL,ASO,ES,Combined TRACON& Tower with Radar,474,67,69,0,610,0,1,12,0,13,474,68,81,0,623,0,0,0,623
06/03/2023,TPA,FL,ASO,ES,Combined TRACON& Tower with Radar,501,49,29,0,579,0,2,19,0,21,501,51,48,0,600,0,0,0,600
06/04/2023,TPA,FL,ASO,ES,Combined TRACON& Tower with Radar,491,50,45,0,586,1,1,20,0,22,492,51,65,0,608,0,0,0,608
06/05/2023,TPA,FL,ASO,ES,Combined TRACON& Tower with Radar,464,56,47,0,567,1,0,26,2,29,465,56,73,2,596,0,0,0,596
06/06/2023,TPA,FL,ASO,ES,Combined TRACON& Tower with Radar,446,48,55,0,549,0,4,18,2,24,446,52,73,2,573,0,0,0,573
06/07/2023,TPA,FL,ASO,ES,Combined TRACON& Tower with Radar,446,64,44,0,554,0,3,13,2,18,446,67,57,2,572,0,0,0,572
06/08/2023,TPA,FL,ASO,ES,Combined TRACON& Tower with Radar,489,64,60,1,614,0,0,10,4,14,489,64,70,5,628,0,0,0,628
06/09/2023,TPA,FL,ASO,ES,Combined TRACON& Tower with Radar,471,51,49,1,572,3,0,17,2,22,474,51,66,3,594,0,0,0,594
06/10/2023,TPA,FL,ASO,ES,Combined TRACON& Tower with Radar,547,35,30,0,612,0,2,15,0,17,547,37,45,0,629,0,0,0,629
06/11/2023,TPA,FL,ASO,ES,Combined TRACON& Tower with Radar,467,46,48,0,561,1,0,17,2,20,468,46,65,2,581,0,0,0,581
06/12/2023,TPA,FL,ASO,ES,Combined TRACON& Tower with Radar,463,43,32,0,538,0,2,12,2,16,463,45,44,2,554,0,0,0,554
06/13/2023,TPA,FL,ASO,ES,Combined TRACON& Tower with Radar,450,49,54,0,553,0,5,18,2,25,450,54,72,2,578,0,0,0,578
06/14/2023,TPA,FL,ASO,ES,Combined TRACON& Tower with Radar,438,58,48,0,544,1,2,23,2,28,439,60,71,2,572,0,0,0,572
06/15/2023,TPA,FL,ASO,ES,Combined TRACON& Tower with Radar,463,80,58,1,602,0,0,9,2,11,463,80,67,3,613,0,0,0,613
06/16/2023,TPA,FL,ASO,ES,Combined TRACON& Tower with Radar,492,58,46,0,596,1,0,9,5,15,493,58,55,5,611,0,0,0,611
06/17/2023,TPA,FL,ASO,ES,Combined TRACON& Tower with Radar,539,43,57,0,639,0,6,7,0,13,539,49,64,0,652,0,0,0,652
06/18/2023,TPA,FL,ASO,ES,Combined TRACON& Tower with Radar,486,52,45,0,583,0,2,13,0,15,486,54,58,0,598,0,0,0,598
06/19/2023,TPA,FL,ASO,ES,Combined TRACON& Tower with Radar,511,43,37,0,591,1,0,15,1,17,512,43,52,1,608,0,0,0,608
06/20/2023,TPA,FL,ASO,ES,Combined TRACON& Tower with Radar,506,59,50,0,615,0,0,20,2,22,506,59,70,2,637,0,0,0,637
06/21/2023,TPA,FL,ASO,ES,Combined TRACON& Tower with Radar,452,51,54,1,558,0,0,7,0,7,452,51,61,1,565,0,0,0,565
06/22/2023,TPA,FL,ASO,ES,Combined TRACON& Tower with Radar,503,59,46,7,615,0,2,12,2,16,503,61,58,9,631,0,0,0,631
06/23/2023,TPA,FL,ASO,ES,Combined TRACON& Tower with Radar,475,52,59,0,586,0,1,12,4,17,475,53,71,4,603,0,0,0,603
06/24/2023,TPA,FL,ASO,ES,Combined TRACON& Tower with Radar,543,64,36,0,643,0,0,14,1,15,543,64,50,1,658,0,0,0,658
06/25/2023,TPA,FL,ASO,ES,Combined TRACON& Tower with Radar,472,47,53,0,572,2,0,8,0,10,474,47,61,0,582,0,0,0,582
06/26/2023,TPA,FL,ASO,ES,Combined TRACON& Tower with Radar,474,53,45,2,574,0,0,13,0,13,474,53,58,2,587,0,0,0,587
06/27/2023,TPA,FL,ASO,ES,Combined TRACON& Tower with Radar,438,57,46,3,544,0,2,18,0,20,438,59,64,3,564,0,0,0,564
06/28/2023,TPA,FL,ASO,ES,Combined TRACON& Tower with Radar,446,60,63,0,569,1,2,11,2,16,447,62,74,2,585,0,0,0,585
06/29/2023,TPA,FL,ASO,ES,Combined TRACON& Tower with Radar,458,67,72,4,601,0,1,17,0,18,458,68,89,4,619,0,0,0,619
06/30/2023,TPA,FL,ASO,ES,Combined TRACON& Tower with Radar,478,61,70,0,609,0,0,25,0,25,478,61,95,0,634,0,0,0,634
07/01/2023,TPA,FL,ASO,ES,Combined TRACON& Tower with Radar,520,50,34,0,604,0,3,13,0,16,520,53,47,0,620,0,0,0,620
07/02/2023,TPA,FL,ASO,ES,Combined TRACON& Tower with Radar,486,38,36,0,560,0,0,18,0,18,486,38,54,0,578,0,0,0,578
07/03/2023,TPA,FL,ASO,ES,Combined TRACON& Tower with Radar,445,53,29,0,527,0,0,16,2,18,445,53,45,2,545,0,0,0,545
07/04/2023,TPA,FL,ASO,ES,Combined TRACON& Tower with Radar,411,41,20,0,472,0,0,4,0,4,411,41,24,0,476,0,0,0,476
07/05/2023,TPA,FL,ASO,ES,Combined TRACON& Tower with Radar,436,44,50,5,535,1,0,15,2,18,437,44,65,7,553,0,0,0,553
07/06/2023,TPA,FL,ASO,ES,Combined TRACON& Tower with Radar,474,68,46,0,588,0,2,15,2,19,474,70,61,2,607,14,0,14,621
07/07/2023,TPA,FL,ASO,ES,Combined TRACON& Tower with Radar,462,56,56,1,575,1,0,25,2,28,463,56,81,3,603,0,0,0,603
07/08/2023,TPA,FL,ASO,ES,Combined TRACON& Tower with Radar,507,62,60,0,629,0,2,7,0,9,507,64,67,0,638,0,0,0,638
07/09/2023,TPA,FL,ASO,ES,Combined TRACON& Tower with Radar,473,58,43,0,574,1,2,16,0,19,474,60,59,0,593,0,0,0,593
07/10/2023,TPA,FL,ASO,ES,Combined TRACON& Tower with Radar,469,54,45,0,568,1,0,12,2,15,470,54,57,2,583,0,0,0,583
07/11/2023,TPA,FL,ASO,ES,Combined TRACON& Tower with Radar,459,55,49,0,563,0,2,24,0,26,459,57,73,0,589,0,0,0,589
07/12/2023,TPA,FL,ASO,ES,Combined TRACON& Tower with Radar,439,53,68,0,560,0,2,7,2,11,439,55,75,2,571,0,0,0,571
07/13/2023,TPA,FL,ASO,ES,Combined TRACON& Tower with Radar,484,58,36,0,578,0,1,22,2,25,484,59,58,2,603,0,0,0,603
07/14/2023,TPA,FL,ASO,ES,Combined TRACON& Tower with Radar,443,56,55,0,554,1,3,16,6,26,444,59,71,6,580,0,0,0,580
07/15/2023,TPA,FL,ASO,ES,Combined TRACON& Tower with Radar,522,30,23,1,576,0,2,10,0,12,522,32,33,1,588,0,0,0,588
07/16/2023,TPA,FL,ASO,ES,Combined TRACON& Tower with Radar,486,41,45,0,572,1,0,21,0,22,487,41,66,0,594,0,0,0,594
07/17/2023,TPA,FL,ASO,ES,Combined TRACON& Tower with Radar,467,50,47,0,564,0,0,25,0,25,467,50,72,0,589,0,0,0,589
07/18/2023,TPA,FL,ASO,ES,Combined TRACON& Tower with Radar,454,56,50,2,562,0,2,6,2,10,454,58,56,4,572,0,0,0,572
07/19/2023,TPA,FL,ASO,ES,Combined TRACON& Tower with Radar,456,57,42,0,555,1,1,17,2,21,457,58,59,2,576,0,0,0,576
07/20/2023,TPA,FL,ASO,ES,Combined TRACON& Tower with Radar,461,67,57,4,589,1,0,20,2,23,462,67,77,6,612,0,0,0,612
07/21/2023,TPA,FL,ASO,ES,Combined TRACON& Tower with Radar,466,59,67,1,593,0,2,15,3,20,466,61,82,4,613,0,0,0,613
07/22/2023,TPA,FL,ASO,ES,Combined TRACON& Tower with Radar,513,45,20,0,578,0,1,13,0,14,513,46,33,0,592,0,0,0,592
07/23/2023,TPA,FL,ASO,ES,Combined TRACON& Tower with Radar,473,35,32,0,540,1,0,14,0,15,474,35,46,0,555,0,0,0,555
07/24/2023,TPA,FL,ASO,ES,Combined TRACON& Tower with Radar,467,61,50,0,578,0,0,18,2,20,467,61,68,2,598,0,0,0,598
07/25/2023,TPA,FL,ASO,ES,Combined TRACON& Tower with Radar,436,53,57,5,551,0,2,26,2,30,436,55,83,7,581,0,0,0,581
07/26/2023,TPA,FL,ASO,ES,Combined TRACON& Tower with Radar,452,44,52,0,548,1,2,9,2,14,453,46,61,2,562,0,0,0,562
07/27/2023,TPA,FL,ASO,ES,Combined TRACON& Tower with Radar,467,54,59,0,580,1,0,21,2,24,468,54,80,2,604,0,0,0,604
07/28/2023,TPA,FL,ASO,ES,Combined TRACON& Tower with Radar,453,51,47,0,551,0,1,8,1,10,453,52,55,1,561,0,0,0,561
07/29/2023,TPA,FL,ASO,ES,Combined TRACON& Tower with Radar,504,45,38,0,587,0,4,9,0,13,504,49,47,0,600,0,0,0,600
07/30/2023,TPA,FL,ASO,ES,Combined TRACON& Tower with Radar,512,51,40,0,603,1,0,22,1,24,513,51,62,1,627,0,0,0,627
07/31/2023,TPA,FL,ASO,ES,Combined TRACON& Tower with Radar,485,49,53,0,587,0,3,13,2,18,485,52,66,2,605,0,0,0,605
08/01/2023,TPA,FL,ASO,ES,Combined TRACON& Tower with Radar,446,68,44,0,558,0,4,17,2,23,446,72,61,2,581,0,0,0,581
08/02/2023,TPA,FL,ASO,ES,Combined TRACON& Tower with Radar,444,60,53,0,557,1,6,17,0,24,445,66,70,0,581,0,0,0,581
08/03/2023,TPA,FL,ASO,ES,Combined TRACON& Tower with Radar,461,50,50,1,562,0,0,20,1,21,461,50,70,2,583,0,0,0,583
08/04/2023,TPA,FL,ASO,ES,Combined TRACON& Tower with Radar,471,63,67,0,601,0,3,19,3,25,471,66,86,3,626,0,0,0,626
08/05/2023,TPA,FL,ASO,ES,Combined TRACON& Tower with Radar,522,55,48,0,625,0,2,17,0,19,522,57,65,0,644,0,0,0,644
08/06/2023,TPA,FL,ASO,ES,Combined TRACON& Tower with Radar,471,38,59,1,569,1,0,24,1,26,472,38,83,2,595,0,0,0,595
08/07/2023,TPA,FL,ASO,ES,Combined TRACON& Tower with Radar,430,47,60,0,537,0,5,18,2,25,430,52,78,2,562,0,0,0,562
08/08/2023,TPA,FL,ASO,ES,Combined TRACON& Tower with Radar,453,47,41,0,541,0,7,14,2,23,453,54,55,2,564,0,0,0,564
08/09/2023,TPA,FL,ASO,ES,Combined TRACON& Tower with Radar,440,54,48,0,542,1,5,34,0,40,441,59,82,0,582,0,0,0,582
08/10/2023,TPA,FL,ASO,ES,Combined TRACON& Tower with Radar,457,64,56,0,577,0,3,19,2,24,457,67,75,2,601,0,0,0,601
08/11/2023,TPA,FL,ASO,ES,Combined TRACON& Tower with Radar,469,62,54,0,585,1,5,20,2,28,470,67,74,2,613,0,0,0,613
08/12/2023,TPA,FL,ASO,ES,Combined TRACON& Tower with Radar,514,39,44,0,597,1,4,7,0,12,515,43,51,0,609,0,0,0,609
08/13/2023,TPA,FL,ASO,ES,Combined TRACON& Tower with Radar,478,46,44,0,568,0,0,19,0,19,478,46,63,0,587,0,0,0,587
08/14/2023,TPA,FL,ASO,ES,Combined TRACON& Tower with Radar,456,54,43,2,555,0,1,18,2,21,456,55,61,4,576,0,0,0,576
08/15/2023,TPA,FL,ASO,ES,Combined TRACON& Tower with Radar,464,69,39,0,572,1,3,22,2,28,465,72,61,2,600,0,0,0,600
08/16/2023,TPA,FL,ASO,ES,Combined TRACON& Tower with Radar,424,47,48,0,519,1,8,19,0,28,425,55,67,0,547,0,0,0,547
08/17/2023,TPA,FL,ASO,ES,Combined TRACON& Tower with Radar,449,50,59,0,558,1,3,14,0,18,450,53,73,0,576,0,0,0,576
08/18/2023,TPA,FL,ASO,ES,Combined TRACON& Tower with Radar,442,58,38,0,538,1,5,17,0,23,443,63,55,0,561,0,0,0,561
08/19/2023,TPA,FL,ASO,ES,Combined TRACON& Tower with Radar,483,41,27,0,551,0,5,4,0,9,483,46,31,0,560,0,0,0,560
08/20/2023,TPA,FL,ASO,ES,Combined TRACON& Tower with Radar,444,45,45,0,534,0,0,10,0,10,444,45,55,0,544,0,0,0,544
08/21/2023,TPA,FL,ASO,ES,Combined TRACON& Tower with Radar,431,52,55,0,538,0,1,11,2,14,431,53,66,2,552,0,0,0,552
08/22/2023,TPA,FL,ASO,ES,Combined TRACON& Tower with Radar,413,50,51,0,514,0,4,24,0,28,413,54,75,0,542,0,0,0,542
08/23/2023,TPA,FL,ASO,ES,Combined TRACON& Tower with Radar,414,56,62,0,532,1,6,29,2,38,415,62,91,2,570,0,0,0,570
08/24/2023,TPA,FL,ASO,ES,Combined TRACON& Tower with Radar,444,67,42,0,553,0,1,17,2,20,444,68,59,2,573,0,0,0,573
08/25/2023,TPA,FL,ASO,ES,Combined TRACON& Tower with Radar,436,50,61,1,548,1,4,18,2,25,437,54,79,3,573,0,0,0,573
08/26/2023,TPA,FL,ASO,ES,Combined TRACON& Tower with Radar,477,46,41,1,565,0,2,7,0,9,477,48,48,1,574,0,0,0,574
08/27/2023,TPA,FL,ASO,ES,Combined TRACON& Tower with Radar,421,33,41,0,495,0,0,11,0,11,421,33,52,0,506,0,0,0,506
08/28/2023,TPA,FL,ASO,ES,Combined TRACON& Tower with Radar,433,64,69,0,566,0,3,16,0,19,433,67,85,0,585,0,0,0,585
08/29/2023,TPA,FL,ASO,ES,Combined TRACON& Tower with Radar,26,10,1,0,37,0,2,2,0,4,26,12,3,0,41,0,0,0,41
08/30/2023,TPA,FL,ASO,ES,Combined TRACON& Tower with Radar,47,3,3,0,53,0,0,5,0,5,47,3,8,0,58,0,0,0,58
08/31/2023,TPA,FL,ASO,ES,Combined TRACON& Tower with Radar,435,53,73,0,561,0,1,17,2,20,435,54,90,2,581,0,0,0,581
01/01/2020,TPA,FL,ASO,ES,Combined TRACON& Tower with Radar,465,32,56,0,553,1,1,19,1,22,466,33,75,1,575,0,0,0,575
01/02/2020,TPA,FL,ASO,ES,Combined TRACON& Tower with Radar,567,53,40,0,660,1,0,13,0,14,568,53,53,0,674,0,0,0,674
01/03/2020,TPA,FL,ASO,ES,Combined TRACON& Tower with Radar,569,62,37,0,668,1,0,15,0,16,570,62,52,0,684,0,0,0,684
01/04/2020,TPA,FL,ASO,ES,Combined TRACON& Tower with Radar,558,49,36,0,643,0,2,3,0,5,558,51,39,0,648,0,0,0,648
01/05/2020,TPA,FL,ASO,ES,Combined TRACON& Tower with Radar,564,39,46,0,649,1,2,20,0,23,565,41,66,0,672,0,0,0,672
01/06/2020,TPA,FL,ASO,ES,Combined TRACON& Tower with Radar,513,39,45,0,597,1,2,18,0,21,514,41,63,0,618,0,0,0,618
01/07/2020,TPA,FL,ASO,ES,Combined TRACON& Tower with Radar,463,39,49,4,555,1,4,12,0,17,464,43,61,4,572,0,0,0,572
01/08/2020,TPA,FL,ASO,ES,Combined TRACON& Tower with Radar,488,40,63,0,591,1,1,12,0,14,489,41,75,0,605,0,0,0,605
01/09/2020,TPA,FL,ASO,ES,Combined TRACON& Tower with Radar,508,58,67,0,633,1,2,26,0,29,509,60,93,0,662,0,0,0,662
01/10/2020,TPA,FL,ASO,ES,Combined TRACON& Tower with Radar,482,46,30,0,558,1,2,15,0,18,483,48,45,0,576,0,0,0,576
01/11/2020,TPA,FL,ASO,ES,Combined TRACON& Tower with Radar,466,45,42,0,553,1,1,10,0,12,467,46,52,0,565,0,0,0,565
01/12/2020,TPA,FL,ASO,ES,Combined TRACON& Tower with Radar,515,48,40,0,603,1,0,17,0,18,516,48,57,0,621,0,0,0,621
01/13/2020,TPA,FL,ASO,ES,Combined TRACON& Tower with Radar,498,49,40,0,587,0,1,6,0,7,498,50,46,0,594,0,0,0,594
01/14/2020,TPA,FL,ASO,ES,Combined TRACON& Tower with Radar,461,49,43,3,556,0,3,11,0,14,461,52,54,3,570,0,0,0,570
01/15/2020,TPA,FL,ASO,ES,Combined TRACON& Tower with Radar,485,53,65,1,604,1,0,33,0,34,486,53,98,1,638,0,0,0,638
01/16/2020,TPA,FL,ASO,ES,Combined TRACON& Tower with Radar,496,67,43,2,608,1,1,20,0,22,497,68,63,2,630,0,0,0,630
01/17/2020,TPA,FL,ASO,ES,Combined TRACON& Tower with Radar,493,49,67,0,609,1,1,15,1,18,494,50,82,1,627,0,0,0,627
01/18/2020,TPA,FL,ASO,ES,Combined TRACON& Tower with Radar,473,33,35,1,542,1,1,15,0,17,474,34,50,1,559,0,0,0,559
01/19/2020,TPA,FL,ASO,ES,Combined TRACON& Tower with Radar,500,40,42,0,582,1,1,12,0,14,501,41,54,0,596,0,0,0,596
01/20/2020,TPA,FL,ASO,ES,Combined TRACON& Tower with Radar,515,68,70,1,654,1,1,16,0,18,516,69,86,1,672,0,0,0,672
01/21/2020,TPA,FL,ASO,ES,Combined TRACON& Tower with Radar,515,81,55,1,652,2,2,19,1,24,517,83,74,2,676,0,0,0,676
01/22/2020,TPA,FL,ASO,ES,Combined TRACON& Tower with Radar,530,57,60,0,647,1,3,22,0,26,531,60,82,0,673,0,0,0,673
01/23/2020,TPA,FL,ASO,ES,Combined TRACON& Tower with Radar,502,73,61,0,636,1,0,6,0,7,503,73,67,0,643,0,0,0,643
01/24/2020,TPA,FL,ASO,ES,Combined TRACON& Tower with Radar,501,60,57,8,626,0,0,12,5,17,501,60,69,13,643,0,0,0,643
01/25/2020,TPA,FL,ASO,ES,Combined TRACON& Tower with Radar,490,39,45,0,574,0,2,16,0,18,490,41,61,0,592,0,0,0,592
01/26/2020,TPA,FL,ASO,ES,Combined TRACON& Tower with Radar,535,45,40,5,625,1,1,12,4,18,536,46,52,9,643,0,0,0,643
01/27/2020,TPA,FL,ASO,ES,Combined TRACON& Tower with Radar,488,40,48,0,576,1,0,13,1,15,489,40,61,1,591,0,0,0,591
01/28/2020,TPA,FL,ASO,ES,Combined TRACON& Tower with Radar,474,52,47,0,573,1,5,17,0,23,475,57,64,0,596,0,0,0,596
01/29/2020,TPA,FL,ASO,ES,Combined TRACON& Tower with Radar,481,49,54,0,584,1,2,19,0,22,482,51,73,0,606,0,0,0,606
01/30/2020,TPA,FL,ASO,ES,Combined TRACON& Tower with Radar,517,95,87,1,700,1,1,15,0,17,518,96,102,1,717,0,0,0,717
01/31/2020,TPA,FL,ASO,ES,Combined TRACON& Tower with Radar,497,73,46,0,616,1,2,10,0,13,498,75,56,0,629,0,0,0,629
02/01/2020,TPA,FL,ASO,ES,Combined TRACON& Tower with Radar,503,46,22,0,571,1,2,4,0,7,504,48,26,0,578,0,0,0,578
02/02/2020,TPA,FL,ASO,ES,Combined TRACON& Tower with Radar,523,57,46,0,626,0,0,17,0,17,523,57,63,0,643,0,0,0,643
02/03/2020,TPA,FL,ASO,ES,Combined TRACON& Tower with Radar,497,71,59,2,629,1,0,11,0,12,498,71,70,2,641,0,0,0,641
02/04/2020,TPA,FL,ASO,ES,Combined TRACON& Tower with Radar,456,62,48,3,569,0,5,25,0,30,456,67,73,3,599,0,0,0,599
02/05/2020,TPA,FL,ASO,ES,Combined TRACON& Tower with Radar,471,53,57,3,584,1,5,37,0,43,472,58,94,3,627,0,0,0,627
02/06/2020,TPA,FL,ASO,ES,Combined TRACON& Tower with Radar,467,76,58,0,601,0,0,4,0,4,467,76,62,0,605,0,0,0,605
02/07/2020,TPA,FL,ASO,ES,Combined TRACON& Tower with Radar,530,59,62,2,653,0,6,18,0,24,530,65,80,2,677,0,0,0,677
02/08/2020,TPA,FL,ASO,ES,Combined TRACON& Tower with Radar,502,33,40,0,575,1,3,17,0,21,503,36,57,0,596,0,0,0,596
02/09/2020,TPA,FL,ASO,ES,Combined TRACON& Tower with Radar,514,41,41,2,598,1,0,19,0,20,515,41,60,2,618,0,0,0,618
02/10/2020,TPA,FL,ASO,ES,Combined TRACON& Tower with Radar,491,59,42,0,592,1,0,25,0,26,492,59,67,0,618,0,0,0,618
02/11/2020,TPA,FL,ASO,ES,Combined TRACON& Tower with Radar,472,60,54,5,591,0,3,25,0,28,472,63,79,5,619,0,0,0,619
02/12/2020,TPA,FL,ASO,ES,Combined TRACON& Tower with Radar,496,64,78,0,638,1,0,26,0,27,497,64,104,0,665,0,0,0,665
02/13/2020,TPA,FL,ASO,ES,Combined TRACON& Tower with Radar,519,67,104,0,690,0,1,9,0,10,519,68,113,0,700,0,0,0,700
02/14/2020,TPA,FL,ASO,ES,Combined TRACON& Tower with Radar,535,60,74,0,669,1,0,5,0,6,536,60,79,0,675,0,0,0,675
02/15/2020,TPA,FL,ASO,ES,Combined TRACON& Tower with Radar,526,43,45,0,614,1,1,27,0,29,527,44,72,0,643,0,0,0,643
02/16/2020,TPA,FL,ASO,ES,Combined TRACON& Tower with Radar,537,55,54,2,648,1,0,13,0,14,538,55,67,2,662,0,0,0,662
02/17/2020,TPA,FL,ASO,ES,Combined TRACON& Tower with Radar,520,47,71,0,638,1,0,16,0,17,521,47,87,0,655,0,0,0,655
02/18/2020,TPA,FL,ASO,ES,Combined TRACON& Tower with Radar,521,58,68,0,647,0,1,24,0,25,521,59,92,0,672,0,0,0,672
02/19/2020,TPA,FL,ASO,ES,Combined TRACON& Tower with Radar,538,63,96,3,700,0,2,27,0,29,538,65,123,3,729,0,0,0,729
02/20/2020,TPA,FL,ASO,ES,Combined TRACON& Tower with Radar,528,55,96,1,680,0,1,17,1,19,528,56,113,2,699,0,0,0,699
02/21/2020,TPA,FL,ASO,ES,Combined TRACON& Tower with Radar,565,73,66,1,705,1,1,9,0,11,566,74,75,1,716,0,0,0,716
02/22/2020,TPA,FL,ASO,ES,Combined TRACON& Tower with Radar,560,49,37,1,647,1,4,6,0,11,561,53,43,1,658,0,0,0,658
02/23/2020,TPA,FL,ASO,ES,Combined TRACON& Tower with Radar,545,51,55,0,651,1,0,13,0,14,546,51,68,0,665,0,0,0,665
02/24/2020,TPA,FL,ASO,ES,Combined TRACON& Tower with Radar,530,64,67,2,663,1,1,21,0,23,531,65,88,2,686,0,0,0,686
02/25/2020,TPA,FL,ASO,ES,Combined TRACON& Tower with Radar,525,56,53,2,636,0,0,8,0,8,525,56,61,2,644,0,0,0,644
02/26/2020,TPA,FL,ASO,ES,Combined TRACON& Tower with Radar,540,77,68,0,685,0,1,7,0,8,540,78,75,0,693,0,0,0,693
02/27/2020,TPA,FL,ASO,ES,Combined TRACON& Tower with Radar,533,77,82,3,695,0,2,32,1,35,533,79,114,4,730,0,0,0,730
02/28/2020,TPA,FL,ASO,ES,Combined TRACON& Tower with Radar,534,63,80,1,678,1,7,23,0,31,535,70,103,1,709,0,0,0,709
02/29/2020,TPA,FL,ASO,ES,Combined TRACON& Tower with Radar,535,39,47,0,621,0,1,4,0,5,535,40,51,0,626,0,0,0,626
03/01/2020,TPA,FL,ASO,ES,Combined TRACON& Tower with Radar,547,47,55,0,649,1,0,14,0,15,548,47,69,0,664,0,0,0,664
03/02/2020,TPA,FL,ASO,ES,Combined TRACON& Tower with Radar,516,70,44,3,633,1,0,21,0,22,517,70,65,3,655,0,0,0,655
03/03/2020,TPA,FL,ASO,ES,Combined TRACON& Tower with Radar,519,72,63,5,659,0,5,15,2,22,519,77,78,7,681,0,0,0,681
03/04/2020,TPA,FL,ASO,ES,Combined TRACON& Tower with Radar,528,64,56,1,649,1,3,17,0,21,529,67,73,1,670,0,0,0,670
03/05/2020,TPA,FL,ASO,ES,Combined TRACON& Tower with Radar,544,63,68,0,675,0,1,7,0,8,544,64,75,0,683,0,0,0,683
03/06/2020,TPA,FL,ASO,ES,Combined TRACON& Tower with Radar,562,79,64,2,707,1,5,17,1,24,563,84,81,3,731,0,0,0,731
03/07/2020,TPA,FL,ASO,ES,Combined TRACON& Tower with Radar,612,56,51,1,720,1,2,25,6,34,613,58,76,7,754,0,0,0,754
03/08/2020,TPA,FL,ASO,ES,Combined TRACON& Tower with Radar,577,39,37,1,654,1,0,6,4,11,578,39,43,5,665,0,0,0,665
03/09/2020,TPA,FL,ASO,ES,Combined TRACON& Tower with Radar,563,39,47,1,650,1,0,15,1,17,564,39,62,2,667,0,0,0,667
03/10/2020,TPA,FL,ASO,ES,Combined TRACON& Tower with Radar,564,60,55,0,679,0,3,25,0,28,564,63,80,0,707,0,0,0,707
03/11/2020,TPA,FL,ASO,ES,Combined TRACON& Tower with Radar,576,68,58,1,703,1,3,15,0,19,577,71,73,1,722,0,0,0,722
03/12/2020,TPA,FL,ASO,ES,Combined TRACON& Tower with Radar,572,49,50,0,671,0,3,19,0,22,572,52,69,0,693,0,0,0,693
03/13/2020,TPA,FL,ASO,ES,Combined TRACON& Tower with Radar,573,55,53,1,682,1,0,21,1,23,574,55,74,2,705,0,0,0,705
03/14/2020,TPA,FL,ASO,ES,Combined TRACON& Tower with Radar,623,54,56,0,733,1,0,6,0,7,624,54,62,0,740,0,0,0,740
03/15/2020,TPA,FL,ASO,ES,Combined TRACON& Tower with Radar,596,47,54,0,697,1,0,15,0,16,597,47,69,0,713,0,0,0,713
03/16/2020,TPA,FL,ASO,ES,Combined TRACON& Tower with Radar,558,45,52,0,655,1,1,15,0,17,559,46,67,0,672,0,0,0,672
03/17/2020,TPA,FL,ASO,ES,Combined TRACON& Tower with Radar,552,52,47,1,652,0,0,15,0,15,552,52,62,1,667,0,0,0,667
03/18/2020,TPA,FL,ASO,ES,Combined TRACON& Tower with Radar,538,62,47,0,647,1,2,19,2,24,539,64,66,2,671,0,0,0,671
03/19/2020,TPA,FL,ASO,ES,Combined TRACON& Tower with Radar,513,51,46,0,610,0,6,15,0,21,513,57,61,0,631,0,0,0,631
03/20/2020,TPA,FL,ASO,ES,Combined TRACON& Tower with Radar,473,50,47,2,572,1,2,20,3,26,474,52,67,5,598,0,0,0,598
03/21/2020,TPA,FL,ASO,ES,Combined TRACON& Tower with Radar,560,49,30,1,640,1,3,22,4,30,561,52,52,5,670,0,0,0,670
03/22/2020,TPA,FL,ASO,ES,Combined TRACON& Tower with Radar,441,43,22,0,506,0,0,10,0,10,441,43,32,0,516,0,0,0,516
03/23/2020,TPA,FL,ASO,ES,Combined TRACON& Tower with Radar,365,39,33,0,437,0,0,15,0,15,365,39,48,0,452,0,0,0,452
03/24/2020,TPA,FL,ASO,ES,Combined TRACON& Tower with Radar,379,35,14,0,428,0,3,10,0,13,379,38,24,0,441,0,0,0,441
03/25/2020,TPA,FL,ASO,ES,Combined TRACON& Tower with Radar,374,28,16,0,418,0,0,10,0,10,374,28,26,0,428,0,0,0,428
03/26/2020,TPA,FL,ASO,ES,Combined TRACON& Tower with Radar,359,26,15,6,406,0,1,21,6,28,359,27,36,12,434,0,0,0,434
03/27/2020,TPA,FL,ASO,ES,Combined TRACON& Tower with Radar,320,31,12,0,363,0,3,14,2,19,320,34,26,2,382,0,0,0,382
03/28/2020,TPA,FL,ASO,ES,Combined TRACON& Tower with Radar,341,21,20,2,384,0,1,5,3,9,341,22,25,5,393,0,0,0,393
03/29/2020,TPA,FL,ASO,ES,Combined TRACON& Tower with Radar,298,20,15,0,333,0,0,10,0,10,298,20,25,0,343,0,0,0,343
03/30/2020,TPA,FL,ASO,ES,Combined TRACON& Tower with Radar,268,13,10,2,293,0,0,9,2,11,268,13,19,4,304,0,0,0,304
03/31/2020,TPA,FL,ASO,ES,Combined TRACON& Tower with Radar,243,18,9,0,270,0,1,8,2,11,243,19,17,2,281,0,0,0,281
04/01/2020,TPA,FL,ASO,ES,Combined TRACON& Tower with Radar,280,15,12,0,307,0,2,18,1,21,280,17,30,1,328,0,0,0,328
04/02/2020,TPA,FL,ASO,ES,Combined TRACON& Tower with Radar,251,11,9,0,271,0,2,10,2,14,251,13,19,2,285,0,0,0,285
04/03/2020,TPA,FL,ASO,ES,Combined TRACON& Tower with Radar,248,25,18,0,291,0,1,11,4,16,248,26,29,4,307,0,0,0,307
04/04/2020,TPA,FL,ASO,ES,Combined TRACON& Tower with Radar,264,22,13,0,299,0,2,14,0,16,264,24,27,0,315,0,0,0,315
04/05/2020,TPA,FL,ASO,ES,Combined TRACON& Tower with Radar,270,24,25,2,321,0,2,8,0,10,270,26,33,2,331,0,0,0,331
04/06/2020,TPA,FL,ASO,ES,Combined TRACON& Tower with Radar,230,20,30,0,280,0,0,9,0,9,230,20,39,0,289,0,0,0,289
04/07/2020,TPA,FL,ASO,ES,Combined TRACON& Tower with Radar,228,9,25,4,266,0,3,14,0,17,228,12,39,4,283,0,0,0,283
04/08/2020,TPA,FL,ASO,ES,Combined TRACON& Tower with Radar,212,11,19,0,242,0,1,16,0,17,212,12,35,0,259,0,0,0,259
04/09/2020,TPA,FL,ASO,ES,Combined TRACON& Tower with Radar,218,14,27,0,259,0,0,7,4,11,218,14,34,4,270,0,0,0,270
04/10/2020,TPA,FL,ASO,ES,Combined TRACON& Tower with Radar,229,11,10,8,258,0,1,7,0,8,229,12,17,8,266,0,0,0,266
04/11/2020,TPA,FL,ASO,ES,Combined TRACON& Tower with Radar,202,14,5,0,221,0,2,8,2,12,202,16,13,2,233,0,0,0,233
04/12/2020,TPA,FL,ASO,ES,Combined TRACON& Tower with Radar,199,9,14,0,222,0,0,14,0,14,199,9,28,0,236,0,0,0,236
04/13/2020,TPA,FL,ASO,ES,Combined TRACON& Tower with Radar,189,14,25,3,231,0,0,3,2,5,189,14,28,5,236,0,0,0,236
04/14/2020,TPA,FL,ASO,ES,Combined TRACON& Tower with Radar,160,21,16,0,197,0,0,1,0,1,160,21,17,0,198,0,0,0,198
04/15/2020,TPA,FL,ASO,ES,Combined TRACON& Tower with Radar,140,7,20,15,182,0,0,7,0,7,140,7,27,15,189,0,0,0,189
04/16/2020,TPA,FL,ASO,ES,Combined TRACON& Tower with Radar,135,29,20,1,185,0,0,11,3,14,135,29,31,4,199,0,0,0,199
04/17/2020,TPA,FL,ASO,ES,Combined TRACON& Tower with Radar,125,11,22,1,159,0,1,13,1,15,125,12,35,2,174,0,0,0,174
04/18/2020,TPA,FL,ASO,ES,Combined TRACON& Tower with Radar,150,13,3,0,166,0,0,6,0,6,150,13,9,0,172,0,0,0,172
04/19/2020,TPA,FL,ASO,ES,Combined TRACON& Tower with Radar,111,16,15,4,146,0,0,10,2,12,111,16,25,6,158,0,0,0,158
04/20/2020,TPA,FL,ASO,ES,Combined TRACON& Tower with Radar,122,17,16,4,159,0,1,7,4,12,122,18,23,8,171,0,0,0,171
04/21/2020,TPA,FL,ASO,ES,Combined TRACON& Tower with Radar,130,14,7,0,151,0,0,22,0,22,130,14,29,0,173,0,0,0,173
04/22/2020,TPA,FL,ASO,ES,Combined TRACON& Tower with Radar,133,14,15,0,162,0,0,17,0,17,133,14,32,0,179,0,0,0,179
04/23/2020,TPA,FL,ASO,ES,Combined TRACON& Tower with Radar,137,21,22,8,188,0,2,11,4,17,137,23,33,12,205,0,0,0,205
04/24/2020,TPA,FL,ASO,ES,Combined TRACON& Tower with Radar,114,23,13,0,150,0,2,1,0,3,114,25,14,0,153,0,0,0,153
04/25/2020,TPA,FL,ASO,ES,Combined TRACON& Tower with Radar,141,12,7,0,160,0,2,12,0,14,141,14,19,0,174,0,0,0,174
04/26/2020,TPA,FL,ASO,ES,Combined TRACON& Tower with Radar,119,23,19,0,161,0,0,11,4,15,119,23,30,4,176,0,0,0,176
04/27/2020,TPA,FL,ASO,ES,Combined TRACON& Tower with Radar,124,15,36,9,184,0,1,19,8,28,124,16,55,17,212,0,0,0,212
04/28/2020,TPA,FL,ASO,ES,Combined TRACON& Tower with Radar,139,25,14,4,182,0,2,10,5,17,139,27,24,9,199,0,0,0,199
04/29/2020,TPA,FL,ASO,ES,Combined TRACON& Tower with Radar,135,14,33,0,182,0,1,15,1,17,135,15,48,1,199,0,0,0,199
04/30/2020,TPA,FL,ASO,ES,Combined TRACON& Tower with Radar,137,16,29,0,182,0,0,16,0,16,137,16,45,0,198,0,0,0,198
05/01/2020,TPA,FL,ASO,ES,Combined TRACON& Tower with Radar,147,16,26,0,189,0,3,16,10,29,147,19,42,10,218,0,0,0,218
05/02/2020,TPA,FL,ASO,ES,Combined TRACON& Tower with Radar,153,17,11,0,181,0,1,23,4,28,153,18,34,4,209,0,0,0,209
05/03/2020,TPA,FL,ASO,ES,Combined TRACON& Tower with Radar,126,7,23,0,156,0,0,14,3,17,126,7,37,3,173,0,0,0,173
05/04/2020,TPA,FL,ASO,ES,Combined TRACON& Tower with Radar,133,21,32,0,186,0,0,9,5,14,133,21,41,5,200,0,0,0,200
05/05/2020,TPA,FL,ASO,ES,Combined TRACON& Tower with Radar,133,20,21,0,174,0,4,24,4,32,133,24,45,4,206,0,0,0,206
05/06/2020,TPA,FL,ASO,ES,Combined TRACON& Tower with Radar,142,22,27,0,191,0,3,15,3,21,142,25,42,3,212,0,0,0,212
05/07/2020,TPA,FL,ASO,ES,Combined TRACON& Tower with Radar,147,22,20,0,189,0,3,19,0,22,147,25,39,0,211,0,0,0,211
05/08/2020,TPA,FL,ASO,ES,Combined TRACON& Tower with Radar,140,19,27,0,186,0,3,20,0,23,140,22,47,0,209,0,0,0,209
05/09/2020,TPA,FL,ASO,ES,Combined TRACON& Tower with Radar,112,11,13,1,137,0,2,21,1,24,112,13,34,2,161,0,0,0,161
05/10/2020,TPA,FL,ASO,ES,Combined TRACON& Tower with Radar,122,15,8,3,148,0,0,1,0,1,122,15,9,3,149,0,0,0,149
05/11/2020,TPA,FL,ASO,ES,Combined TRACON& Tower with Radar,120,21,32,3,176,0,0,16,2,18,120,21,48,5,194,0,0,0,194
05/12/2020,TPA,FL,ASO,ES,Combined TRACON& Tower with Radar,126,19,29,0,174,0,5,30,2,37,126,24,59,2,211,0,0,0,211
05/13/2020,TPA,FL,ASO,ES,Combined TRACON& Tower with Radar,128,24,37,5,194,0,5,29,4,38,128,29,66,9,232,0,0,0,232
05/14/2020,TPA,FL,ASO,ES,Combined TRACON& Tower with Radar,135,24,35,0,194,1,4,21,2,28,136,28,56,2,222,0,0,0,222
05/15/2020,TPA,FL,ASO,ES,Combined TRACON& Tower with Radar,136,20,32,1,189,0,7,14,4,25,136,27,46,5,214,0,0,0,214
05/16/2020,TPA,FL,ASO,ES,Combined TRACON& Tower with Radar,110,13,10,1,134,0,1,5,2,8,110,14,15,3,142,0,0,0,142
05/17/2020,TPA,FL,ASO,ES,Combined TRACON& Tower with Radar,124,21,17,0,162,0,0,8,2,10,124,21,25,2,172,0,0,0,172
05/18/2020,TPA,FL,ASO,ES,Combined TRACON& Tower with Radar,128,32,24,0,184,0,0,6,2,8,128,32,30,2,192,0,0,0,192
05/19/2020,TPA,FL,ASO,ES,Combined TRACON& Tower with Radar,125,28,37,2,192,0,3,19,0,22,125,31,56,2,214,0,0,0,214
05/20/2020,TPA,FL,ASO,ES,Combined TRACON& Tower with Radar,141,32,49,0,222,0,1,16,0,17,141,33,65,0,239,0,0,0,239
05/21/2020,TPA,FL,ASO,ES,Combined TRACON& Tower with Radar,161,26,45,2,234,0,2,18,0,20,161,28,63,2,254,0,0,0,254
05/22/2020,TPA,FL,ASO,ES,Combined TRACON& Tower with Radar,150,30,35,0,215,0,1,20,2,23,150,31,55,2,238,0,0,0,238
05/23/2020,TPA,FL,ASO,ES,Combined TRACON& Tower with Radar,139,21,13,2,175,0,1,7,1,9,139,22,20,3,184,0,0,0,184
05/24/2020,TPA,FL,ASO,ES,Combined TRACON& Tower with Radar,129,9,20,6,164,0,0,11,0,11,129,9,31,6,175,0,0,0,175
05/25/2020,TPA,FL,ASO,ES,Combined TRACON& Tower with Radar,135,16,20,0,171,0,1,2,1,4,135,17,22,1,175,0,0,0,175
05/26/2020,TPA,FL,ASO,ES,Combined TRACON& Tower with Radar,135,9,35,3,182,0,0,11,4,15,135,9,46,7,197,0,0,0,197
05/27/2020,TPA,FL,ASO,ES,Combined TRACON& Tower with Radar,145,19,40,1,205,0,2,8,2,12,145,21,48,3,217,0,0,0,217
05/28/2020,TPA,FL,ASO,ES,Combined TRACON& Tower with Radar,150,19,27,5,201,0,1,7,4,12,150,20,34,9,213,0,0,0,213
05/29/2020,TPA,FL,ASO,ES,Combined TRACON& Tower with Radar,150,25,38,1,214,0,2,6,0,8,150,27,44,1,222,0,0,0,222
05/30/2020,TPA,FL,ASO,ES,Combined TRACON& Tower with Radar,130,27,27,4,188,0,2,23,0,25,130,29,50,4,213,0,0,0,213
05/31/2020,TPA,FL,ASO,ES,Combined TRACON& Tower with Radar,148,31,32,2,213,0,1,63,16,80,148,32,95,18,293,0,0,0,293
06/01/2020,TPA,FL,ASO,ES,Combined TRACON& Tower with Radar,141,23,35,0,199,0,0,12,1,13,141,23,47,1,212,0,0,0,212
06/02/2020,TPA,FL,ASO,ES,Combined TRACON& Tower with Radar,148,20,45,0,213,0,2,35,2,39,148,22,80,2,252,0,0,0,252
06/03/2020,TPA,FL,ASO,ES,Combined TRACON& Tower with Radar,167,31,38,0,236,0,1,17,4,22,167,32,55,4,258,0,0,0,258
06/04/2020,TPA,FL,ASO,ES,Combined TRACON& Tower with Radar,181,31,53,0,265,0,1,6,1,8,181,32,59,1,273,0,0,0,273
06/05/2020,TPA,FL,ASO,ES,Combined TRACON& Tower with Radar,178,30,59,0,267,0,2,15,0,17,178,32,74,0,284,0,0,0,284
06/06/2020,TPA,FL,ASO,ES,Combined TRACON& Tower with Radar,172,19,18,0,209,0,1,0,0,1,172,20,18,0,210,0,0,0,210
06/07/2020,TPA,FL,ASO,ES,Combined TRACON& Tower with Radar,184,26,20,0,230,0,0,4,0,4,184,26,24,0,234,0,0,0,234
06/08/2020,TPA,FL,ASO,ES,Combined TRACON& Tower with Radar,172,36,32,0,240,0,0,8,0,8,172,36,40,0,248,0,0,0,248
06/09/2020,TPA,FL,ASO,ES,Combined TRACON& Tower with Radar,172,30,39,1,242,0,3,13,1,17,172,33,52,2,259,0,0,0,259
06/10/2020,TPA,FL,ASO,ES,Combined TRACON& Tower with Radar,191,29,44,3,267,0,0,14,2,16,191,29,58,5,283,0,0,0,283
06/11/2020,TPA,FL,ASO,ES,Combined TRACON& Tower with Radar,213,31,50,3,297,0,0,17,0,17,213,31,67,3,314,0,0,0,314
06/12/2020,TPA,FL,ASO,ES,Combined TRACON& Tower with Radar,217,23,43,3,286,0,2,16,0,18,217,25,59,3,304,0,0,0,304
06/13/2020,TPA,FL,ASO,ES,Combined TRACON& Tower with Radar,199,18,27,1,245,0,1,15,0,16,199,19,42,1,261,0,0,0,261
06/14/2020,TPA,FL,ASO,ES,Combined TRACON& Tower with Radar,212,19,34,2,267,0,1,22,0,23,212,20,56,2,290,0,0,0,290
06/15/2020,TPA,FL,ASO,ES,Combined TRACON& Tower with Radar,212,29,26,0,267,0,0,16,0,16,212,29,42,0,283,0,0,0,283
06/16/2020,TPA,FL,ASO,ES,Combined TRACON& Tower with Radar,192,34,26,1,253,0,3,15,1,19,192,37,41,2,272,0,0,0,272
06/17/2020,TPA,FL,ASO,ES,Combined TRACON& Tower with Radar,202,27,43,5,277,0,2,17,2,21,202,29,60,7,298,12,0,12,310
06/18/2020,TPA,FL,ASO,ES,Combined TRACON& Tower with Radar,230,40,40,6,316,0,1,15,0,16,230,41,55,6,332,0,0,0,332
06/19/2020,TPA,FL,ASO,ES,Combined TRACON& Tower with Radar,216,36,39,2,293,0,1,19,0,20,216,37,58,2,313,0,0,0,313
06/20/2020,TPA,FL,ASO,ES,Combined TRACON& Tower with Radar,208,37,26,0,271,0,1,19,0,20,208,38,45,0,291,0,0,0,291
06/21/2020,TPA,FL,ASO,ES,Combined TRACON& Tower with Radar,225,31,41,0,297,0,0,7,0,7,225,31,48,0,304,0,0,0,304
06/22/2020,TPA,FL,ASO,ES,Combined TRACON& Tower with Radar,238,27,35,0,300,1,0,25,0,26,239,27,60,0,326,0,0,0,326
06/23/2020,TPA,FL,ASO,ES,Combined TRACON& Tower with Radar,222,26,41,3,292,1,2,27,0,30,223,28,68,3,322,0,0,0,322
06/24/2020,TPA,FL,ASO,ES,Combined TRACON& Tower with Radar,233,27,41,3,304,0,1,24,0,25,233,28,65,3,329,0,0,0,329
06/25/2020,TPA,FL,ASO,ES,Combined TRACON& Tower with Radar,254,27,41,3,325,0,5,24,0,29,254,32,65,3,354,0,0,0,354
06/26/2020,TPA,FL,ASO,ES,Combined TRACON& Tower with Radar,251,30,40,0,321,0,2,14,0,16,251,32,54,0,337,0,0,0,337
06/27/2020,TPA,FL,ASO,ES,Combined TRACON& Tower with Radar,223,28,25,0,276,0,1,39,0,40,223,29,64,0,316,0,0,0,316
06/28/2020,TPA,FL,ASO,ES,Combined TRACON& Tower with Radar,228,27,25,2,282,0,0,12,0,12,228,27,37,2,294,0,0,0,294
06/29/2020,TPA,FL,ASO,ES,Combined TRACON& Tower with Radar,240,32,24,3,299,1,2,8,0,11,241,34,32,3,310,0,0,0,310
06/30/2020,TPA,FL,ASO,ES,Combined TRACON& Tower with Radar,229,32,45,0,306,0,3,21,0,24,229,35,66,0,330,0,0,0,330
07/01/2020,TPA,FL,ASO,ES,Combined TRACON& Tower with Radar,264,35,59,8,366,0,4,18,0,22,264,39,77,8,388,0,0,0,388
07/02/2020,TPA,FL,ASO,ES,Combined TRACON& Tower with Radar,310,49,42,7,408,0,3,22,0,25,310,52,64,7,433,0,0,0,433
07/03/2020,TPA,FL,ASO,ES,Combined TRACON& Tower with Radar,270,35,24,2,331,0,3,8,0,11,270,38,32,2,342,0,0,0,342
07/04/2020,TPA,FL,ASO,ES,Combined TRACON& Tower with Radar,199,28,3,0,230,0,1,5,0,6,199,29,8,0,236,0,0,0,236
07/05/2020,TPA,FL,ASO,ES,Combined TRACON& Tower with Radar,277,31,34,0,342,0,0,11,0,11,277,31,45,0,353,0,0,0,353
07/06/2020,TPA,FL,ASO,ES,Combined TRACON& Tower with Radar,284,36,31,0,351,0,0,12,0,12,284,36,43,0,363,0,0,0,363
07/07/2020,TPA,FL,ASO,ES,Combined TRACON& Tower with Radar,288,26,34,2,350,0,0,12,0,12,288,26,46,2,362,0,0,0,362
07/08/2020,TPA,FL,ASO,ES,Combined TRACON& Tower with Radar,301,34,44,0,379,0,3,27,1,31,301,37,71,1,410,0,0,0,410
07/09/2020,TPA,FL,ASO,ES,Combined TRACON& Tower with Radar,321,38,39,4,402,0,2,27,0,29,321,40,66,4,431,0,0,0,431
07/10/2020,TPA,FL,ASO,ES,Combined TRACON& Tower with Radar,315,40,49,0,404,0,2,15,0,17,315,42,64,0,421,0,0,0,421
07/11/2020,TPA,FL,ASO,ES,Combined TRACON& Tower with Radar,295,31,25,0,351,0,1,21,0,22,295,32,46,0,373,0,0,0,373
07/12/2020,TPA,FL,ASO,ES,Combined TRACON& Tower with Radar,302,35,32,2,371,0,0,13,1,14,302,35,45,3,385,0,0,0,385
07/13/2020,TPA,FL,ASO,ES,Combined TRACON& Tower with Radar,300,34,35,4,373,0,0,12,0,12,300,34,47,4,385,0,0,0,385
07/14/2020,TPA,FL,ASO,ES,Combined TRACON& Tower with Radar,290,24,37,6,357,0,1,23,0,24,290,25,60,6,381,0,0,0,381
07/15/2020,TPA,FL,ASO,ES,Combined TRACON& Tower with Radar,296,25,31,0,352,0,0,13,0,13,296,25,44,0,365,0,0,0,365
07/16/2020,TPA,FL,ASO,ES,Combined TRACON& Tower with Radar,314,34,37,4,389,0,0,13,0,13,314,34,50,4,402,0,0,0,402
07/17/2020,TPA,FL,ASO,ES,Combined TRACON& Tower with Radar,317,43,41,2,403,0,2,18,0,20,317,45,59,2,423,0,0,0,423
07/18/2020,TPA,FL,ASO,ES,Combined TRACON& Tower with Radar,299,32,11,0,342,0,0,11,0,11,299,32,22,0,353,0,0,0,353
07/19/2020,TPA,FL,ASO,ES,Combined TRACON& Tower with Radar,295,30,31,0,356,0,0,11,0,11,295,30,42,0,367,0,0,0,367
07/20/2020,TPA,FL,ASO,ES,Combined TRACON& Tower with Radar,314,39,35,2,390,0,0,20,0,20,314,39,55,2,410,0,0,0,410
07/21/2020,TPA,FL,ASO,ES,Combined TRACON& Tower with Radar,273,32,34,0,339,0,2,23,0,25,273,34,57,0,364,0,0,0,364
07/22/2020,TPA,FL,ASO,ES,Combined TRACON& Tower with Radar,274,41,34,0,349,0,0,12,0,12,274,41,46,0,361,0,0,0,361
07/23/2020,TPA,FL,ASO,ES,Combined TRACON& Tower with Radar,302,44,43,0,389,0,0,10,4,14,302,44,53,4,403,0,0,0,403
07/24/2020,TPA,FL,ASO,ES,Combined TRACON& Tower with Radar,299,36,33,4,372,0,0,11,1,12,299,36,44,5,384,0,0,0,384
07/25/2020,TPA,FL,ASO,ES,Combined TRACON& Tower with Radar,287,37,27,1,352,0,2,13,6,21,287,39,40,7,373,0,0,0,373
07/26/2020,TPA,FL,ASO,ES,Combined TRACON& Tower with Radar,293,30,28,0,351,0,0,15,0,15,293,30,43,0,366,0,0,0,366
07/27/2020,TPA,FL,ASO,ES,Combined TRACON& Tower with Radar,282,40,53,0,375,0,0,20,0,20,282,40,73,0,395,0,0,0,395
07/28/2020,TPA,FL,ASO,ES,Combined TRACON& Tower with Radar,278,28,39,6,351,0,0,13,0,13,278,28,52,6,364,0,0,0,364
07/29/2020,TPA,FL,ASO,ES,Combined TRACON& Tower with Radar,271,37,41,4,353,0,0,29,1,30,271,37,70,5,383,0,0,0,383
07/30/2020,TPA,FL,ASO,ES,Combined TRACON& Tower with Radar,299,40,41,1,381,0,0,25,0,25,299,40,66,1,406,0,0,0,406
07/31/2020,TPA,FL,ASO,ES,Combined TRACON& Tower with Radar,299,40,50,6,395,0,0,24,4,28,299,40,74,10,423,0,0,0,423
08/01/2020,TPA,FL,ASO,ES,Combined TRACON& Tower with Radar,270,33,32,2,337,0,1,10,0,11,270,34,42,2,348,0,0,0,348
08/02/2020,TPA,FL,ASO,ES,Combined TRACON& Tower with Radar,299,28,28,1,356,0,0,10,0,10,299,28,38,1,366,0,0,0,366
08/03/2020,TPA,FL,ASO,ES,Combined TRACON& Tower with Radar,285,30,37,3,355,0,1,22,2,25,285,31,59,5,380,0,0,0,380
08/04/2020,TPA,FL,ASO,ES,Combined TRACON& Tower with Radar,255,23,37,2,317,0,2,20,0,22,255,25,57,2,339,0,0,0,339
08/05/2020,TPA,FL,ASO,ES,Combined TRACON& Tower with Radar,252,28,36,8,324,0,1,22,0,23,252,29,58,8,347,0,0,0,347
08/06/2020,TPA,FL,ASO,ES,Combined TRACON& Tower with Radar,307,30,34,0,371,0,1,17,0,18,307,31,51,0,389,0,0,0,389
08/07/2020,TPA,FL,ASO,ES,Combined TRACON& Tower with Radar,307,37,33,0,377,0,1,25,0,26,307,38,58,0,403,0,0,0,403
08/08/2020,TPA,FL,ASO,ES,Combined TRACON& Tower with Radar,276,42,22,1,341,0,1,14,0,15,276,43,36,1,356,0,0,0,356
08/09/2020,TPA,FL,ASO,ES,Combined TRACON& Tower with Radar,294,32,30,4,360,0,0,12,0,12,294,32,42,4,372,0,0,0,372
08/10/2020,TPA,FL,ASO,ES,Combined TRACON& Tower with Radar,276,48,28,2,354,0,0,25,0,25,276,48,53,2,379,0,0,0,379
08/11/2020,TPA,FL,ASO,ES,Combined TRACON& Tower with Radar,238,28,44,0,310,0,1,21,1,23,238,29,65,1,333,0,0,0,333
08/12/2020,TPA,FL,ASO,ES,Combined TRACON& Tower with Radar,246,39,51,1,337,0,1,31,0,32,246,40,82,1,369,0,0,0,369
08/13/2020,TPA,FL,ASO,ES,Combined TRACON& Tower with Radar,291,37,43,0,371,0,2,26,2,30,291,39,69,2,401,0,0,0,401
08/14/2020,TPA,FL,ASO,ES,Combined TRACON& Tower with Radar,276,43,36,2,357,0,0,11,0,11,276,43,47,2,368,0,0,0,368
08/15/2020,TPA,FL,ASO,ES,Combined TRACON& Tower with Radar,259,25,15,0,299,0,2,11,0,13,259,27,26,0,312,0,0,0,312
08/16/2020,TPA,FL,ASO,ES,Combined TRACON& Tower with Radar,267,38,42,0,347,0,0,16,0,16,267,38,58,0,363,0,0,0,363
08/17/2020,TPA,FL,ASO,ES,Combined TRACON& Tower with Radar,268,37,37,2,344,0,0,16,0,16,268,37,53,2,360,0,0,0,360
08/18/2020,TPA,FL,ASO,ES,Combined TRACON& Tower with Radar,240,21,40,0,301,0,1,14,2,17,240,22,54,2,318,0,0,0,318
08/19/2020,TPA,FL,ASO,ES,Combined TRACON& Tower with Radar,237,42,39,0,318,0,0,21,0,21,237,42,60,0,339,0,0,0,339
08/20/2020,TPA,FL,ASO,ES,Combined TRACON& Tower with Radar,294,52,38,0,384,0,0,12,0,12,294,52,50,0,396,0,0,0,396
08/21/2020,TPA,FL,ASO,ES,Combined TRACON& Tower with Radar,269,43,34,0,346,0,1,7,0,8,269,44,41,0,354,0,0,0,354
08/22/2020,TPA,FL,ASO,ES,Combined TRACON& Tower with Radar,251,33,34,3,321,0,0,7,0,7,251,33,41,3,328,0,0,0,328
08/23/2020,TPA,FL,ASO,ES,Combined TRACON& Tower with Radar,271,30,26,0,327,0,1,14,0,15,271,31,40,0,342,0,0,0,342
08/24/2020,TPA,FL,ASO,ES,Combined TRACON& Tower with Radar,263,33,41,0,337,0,0,10,0,10,263,33,51,0,347,0,0,0,347
08/25/2020,TPA,FL,ASO,ES,Combined TRACON& Tower with Radar,232,41,40,0,313,0,0,16,0,16,232,41,56,0,329,0,0,0,329
08/26/2020,TPA,FL,ASO,ES,Combined TRACON& Tower with Radar,226,36,51,0,313,0,2,23,2,27,226,38,74,2,340,0,0,0,340
08/27/2020,TPA,FL,ASO,ES,Combined TRACON& Tower with Radar,276,29,42,0,347,0,0,22,0,22,276,29,64,0,369,0,0,0,369
08/28/2020,TPA,FL,ASO,ES,Combined TRACON& Tower with Radar,267,28,45,0,340,0,1,27,0,28,267,29,72,0,368,0,0,0,368
08/29/2020,TPA,FL,ASO,ES,Combined TRACON& Tower with Radar,251,35,15,0,301,0,0,8,0,8,251,35,23,0,309,0,0,0,309
08/30/2020,TPA,FL,ASO,ES,Combined TRACON& Tower with Radar,254,35,24,0,313,0,0,8,0,8,254,35,32,0,321,0,0,0,321
08/31/2020,TPA,FL,ASO,ES,Combined TRACON& Tower with Radar,259,36,41,0,336,0,0,20,0,20,259,36,61,0,356,0,0,0,356
09/01/2020,TPA,FL,ASO,ES,Combined TRACON& Tower with Radar,234,34,29,0,297,0,0,16,0,16,234,34,45,0,313,0,0,0,313
09/02/2020,TPA,FL,ASO,ES,Combined TRACON& Tower with Radar,232,38,33,0,303,0,0,14,0,14,232,38,47,0,317,0,0,0,317
09/03/2020,TPA,FL,ASO,ES,Combined TRACON& Tower with Radar,284,37,46,0,367,0,2,23,0,25,284,39,69,0,392,0,0,0,392
09/04/2020,TPA,FL,ASO,ES,Combined TRACON& Tower with Radar,277,38,59,0,374,0,1,9,0,10,277,39,68,0,384,0,0,0,384
09/05/2020,TPA,FL,ASO,ES,Combined TRACON& Tower with Radar,248,39,29,0,316,0,1,10,0,11,248,40,39,0,327,0,0,0,327
09/06/2020,TPA,FL,ASO,ES,Combined TRACON& Tower with Radar,215,35,22,0,272,0,0,8,0,8,215,35,30,0,280,0,0,0,280
09/07/2020,TPA,FL,ASO,ES,Combined TRACON& Tower with Radar,221,32,65,0,318,0,2,9,0,11,221,34,74,0,329,0,0,0,329
09/08/2020,TPA,FL,ASO,ES,Combined TRACON& Tower with Radar,192,26,56,0,274,0,0,8,2,10,192,26,64,2,284,0,0,0,284
09/09/2020,TPA,FL,ASO,ES,Combined TRACON& Tower with Radar,196,35,55,1,287,0,3,12,0,15,196,38,67,1,302,0,0,0,302
09/10/2020,TPA,FL,ASO,ES,Combined TRACON& Tower with Radar,224,50,25,3,302,0,2,22,0,24,224,52,47,3,326,0,0,0,326
09/11/2020,TPA,FL,ASO,ES,Combined TRACON& Tower with Radar,221,54,44,0,319,0,1,19,0,20,221,55,63,0,339,0,0,0,339
09/12/2020,TPA,FL,ASO,ES,Combined TRACON& Tower with Radar,201,21,30,0,252,0,2,8,0,10,201,23,38,0,262,0,0,0,262
09/13/2020,TPA,FL,ASO,ES,Combined TRACON& Tower with Radar,208,33,25,0,266,0,0,5,0,5,208,33,30,0,271,0,0,0,271
09/14/2020,TPA,FL,ASO,ES,Combined TRACON& Tower with Radar,202,38,27,0,267,0,0,11,0,11,202,38,38,0,278,0,0,0,278
09/15/2020,TPA,FL,ASO,ES,Combined TRACON& Tower with Radar,174,39,34,1,248,0,1,16,0,17,174,40,50,1,265,0,0,0,265
09/16/2020,TPA,FL,ASO,ES,Combined TRACON& Tower with Radar,188,34,41,0,263,0,2,13,0,15,188,36,54,0,278,0,0,0,278
09/17/2020,TPA,FL,ASO,ES,Combined TRACON& Tower with Radar,223,45,38,0,306,0,1,13,0,14,223,46,51,0,320,0,0,0,320
09/18/2020,TPA,FL,ASO,ES,Combined TRACON& Tower with Radar,225,35,38,0,298,0,0,22,0,22,225,35,60,0,320,0,0,0,320
09/19/2020,TPA,FL,ASO,ES,Combined TRACON& Tower with Radar,205,27,21,0,253,0,1,9,0,10,205,28,30,0,263,0,0,0,263
09/20/2020,TPA,FL,ASO,ES,Combined TRACON& Tower with Radar,217,40,52,0,309,0,0,9,0,9,217,40,61,0,318,0,0,0,318
09/21/2020,TPA,FL,ASO,ES,Combined TRACON& Tower with Radar,206,38,38,1,283,0,0,11,3,14,206,38,49,4,297,0,0,0,297
09/22/2020,TPA,FL,ASO,ES,Combined TRACON& Tower with Radar,173,36,37,0,246,0,3,20,0,23,173,39,57,0,269,0,0,0,269
09/23/2020,TPA,FL,ASO,ES,Combined TRACON& Tower with Radar,188,34,48,1,271,0,9,27,7,43,188,43,75,8,314,0,0,0,314
09/24/2020,TPA,FL,ASO,ES,Combined TRACON& Tower with Radar,225,45,47,4,321,0,12,21,0,33,225,57,68,4,354,0,0,0,354
09/25/2020,TPA,FL,ASO,ES,Combined TRACON& Tower with Radar,220,34,40,1,295,0,1,13,0,14,220,35,53,1,309,0,0,0,309
09/26/2020,TPA,FL,ASO,ES,Combined TRACON& Tower with Radar,203,28,35,0,266,0,2,18,0,20,203,30,53,0,286,0,0,0,286
09/27/2020,TPA,FL,ASO,ES,Combined TRACON& Tower with Radar,215,31,43,0,289,0,0,13,0,13,215,31,56,0,302,0,0,0,302
09/28/2020,TPA,FL,ASO,ES,Combined TRACON& Tower with Radar,220,42,31,0,293,0,0,14,0,14,220,42,45,0,307,0,0,0,307
09/29/2020,TPA,FL,ASO,ES,Combined TRACON& Tower with Radar,177,27,42,0,246,0,0,13,0,13,177,27,55,0,259,0,0,0,259
09/30/2020,TPA,FL,ASO,ES,Combined TRACON& Tower with Radar,193,46,55,0,294,0,5,23,0,28,193,51,78,0,322,0,0,0,322
10/01/2020,TPA,FL,ASO,ES,Combined TRACON& Tower with Radar,239,40,57,0,336,0,5,17,1,23,239,45,74,1,359,0,0,0,359
10/02/2020,TPA,FL,ASO,ES,Combined TRACON& Tower with Radar,242,46,46,0,334,0,4,24,0,28,242,50,70,0,362,0,0,0,362
10/03/2020,TPA,FL,ASO,ES,Combined TRACON& Tower with Radar,212,29,26,0,267,0,1,7,0,8,212,30,33,0,275,0,0,0,275
10/04/2020,TPA,FL,ASO,ES,Combined TRACON& Tower with Radar,230,60,67,0,357,0,0,2,0,2,230,60,69,0,359,0,0,0,359
10/05/2020,TPA,FL,ASO,ES,Combined TRACON& Tower with Radar,235,44,44,3,326,0,0,15,0,15,235,44,59,3,341,0,0,0,341
10/06/2020,TPA,FL,ASO,ES,Combined TRACON& Tower with Radar,183,35,40,2,260,0,0,20,1,21,183,35,60,3,281,0,0,0,281
10/07/2020,TPA,FL,ASO,ES,Combined TRACON& Tower with Radar,209,48,59,1,317,0,0,29,0,29,209,48,88,1,346,0,0,0,346
10/08/2020,TPA,FL,ASO,ES,Combined TRACON& Tower with Radar,295,52,62,1,410,0,2,21,2,25,295,54,83,3,435,0,0,0,435
10/09/2020,TPA,FL,ASO,ES,Combined TRACON& Tower with Radar,302,35,37,0,374,0,4,28,0,32,302,39,65,0,406,0,0,0,406
10/10/2020,TPA,FL,ASO,ES,Combined TRACON& Tower with Radar,260,36,14,0,310,0,1,18,0,19,260,37,32,0,329,0,0,0,329
10/11/2020,TPA,FL,ASO,ES,Combined TRACON& Tower with Radar,281,37,39,0,357,0,0,12,0,12,281,37,51,0,369,0,0,0,369
10/12/2020,TPA,FL,ASO,ES,Combined TRACON& Tower with Radar,294,49,53,1,397,0,0,23,1,24,294,49,76,2,421,0,0,0,421
10/13/2020,TPA,FL,ASO,ES,Combined TRACON& Tower with Radar,220,39,69,0,328,0,1,25,0,26,220,40,94,0,354,0,0,0,354
10/14/2020,TPA,FL,ASO,ES,Combined TRACON& Tower with Radar,223,50,47,4,324,0,5,24,0,29,223,55,71,4,353,0,0,0,353
10/15/2020,TPA,FL,ASO,ES,Combined TRACON& Tower with Radar,294,57,68,1,420,0,4,22,2,28,294,61,90,3,448,0,0,0,448
10/16/2020,TPA,FL,ASO,ES,Combined TRACON& Tower with Radar,294,55,50,0,399,0,1,27,1,29,294,56,77,1,428,0,0,0,428
10/17/2020,TPA,FL,ASO,ES,Combined TRACON& Tower with Radar,272,34,27,0,333,0,1,15,0,16,272,35,42,0,349,0,0,0,349
10/18/2020,TPA,FL,ASO,ES,Combined TRACON& Tower with Radar,302,57,55,1,415,0,0,20,3,23,302,57,75,4,438,0,0,0,438
10/19/2020,TPA,FL,ASO,ES,Combined TRACON& Tower with Radar,289,37,34,7,367,1,0,17,2,20,290,37,51,9,387,0,0,0,387
10/20/2020,TPA,FL,ASO,ES,Combined TRACON& Tower with Radar,216,26,48,5,295,0,0,5,0,5,216,26,53,5,300,0,0,0,300
10/21/2020,TPA,FL,ASO,ES,Combined TRACON& Tower with Radar,212,34,60,0,306,0,1,9,0,10,212,35,69,0,316,0,0,0,316
10/22/2020,TPA,FL,ASO,ES,Combined TRACON& Tower with Radar,298,47,55,5,405,0,3,21,1,25,298,50,76,6,430,0,0,0,430
10/23/2020,TPA,FL,ASO,ES,Combined TRACON& Tower with Radar,262,49,45,2,358,0,2,12,0,14,262,51,57,2,372,0,0,0,372
10/24/2020,TPA,FL,ASO,ES,Combined TRACON& Tower with Radar,243,37,33,0,313,0,0,10,0,10,243,37,43,0,323,0,0,0,323
10/25/2020,TPA,FL,ASO,ES,Combined TRACON& Tower with Radar,271,38,58,1,368,0,0,15,0,15,271,38,73,1,383,0,0,0,383
10/26/2020,TPA,FL,ASO,ES,Combined TRACON& Tower with Radar,254,35,53,0,342,0,0,10,0,10,254,35,63,0,352,0,0,0,352
10/27/2020,TPA,FL,ASO,ES,Combined TRACON& Tower with Radar,206,28,45,0,279,0,2,19,0,21,206,30,64,0,300,0,0,0,300
10/28/2020,TPA,FL,ASO,ES,Combined TRACON& Tower with Radar,203,51,81,8,343,0,2,15,0,17,203,53,96,8,360,0,0,0,360
10/29/2020,TPA,FL,ASO,ES,Combined TRACON& Tower with Radar,276,43,50,6,375,0,0,20,0,20,276,43,70,6,395,0,0,0,395
10/30/2020,TPA,FL,ASO,ES,Combined TRACON& Tower with Radar,265,53,50,2,370,0,6,25,0,31,265,59,75,2,401,0,0,0,401
10/31/2020,TPA,FL,ASO,ES,Combined TRACON& Tower with Radar,191,34,34,0,259,0,1,6,0,7,191,35,40,0,266,0,0,0,266
11/01/2020,TPA,FL,ASO,ES,Combined TRACON& Tower with Radar,254,43,44,0,341,0,0,11,0,11,254,43,55,0,352,0,0,0,352
11/02/2020,TPA,FL,ASO,ES,Combined TRACON& Tower with Radar,268,46,41,0,355,0,0,20,1,21,268,46,61,1,376,0,0,0,376
11/03/2020,TPA,FL,ASO,ES,Combined TRACON& Tower with Radar,205,34,29,1,269,0,4,22,0,26,205,38,51,1,295,0,0,0,295
11/04/2020,TPA,FL,ASO,ES,Combined TRACON& Tower with Radar,245,44,58,1,348,0,1,27,0,28,245,45,85,1,376,0,0,0,376
11/05/2020,TPA,FL,ASO,ES,Combined TRACON& Tower with Radar,327,42,58,0,427,0,1,16,0,17,327,43,74,0,444,0,0,0,444
11/06/2020,TPA,FL,ASO,ES,Combined TRACON& Tower with Radar,329,43,48,0,420,0,2,19,1,22,329,45,67,1,442,0,0,0,442
11/07/2020,TPA,FL,ASO,ES,Combined TRACON& Tower with Radar,284,39,31,0,354,0,1,9,0,10,284,40,40,0,364,0,0,0,364
11/08/2020,TPA,FL,ASO,ES,Combined TRACON& Tower with Radar,331,52,49,0,432,0,0,9,0,9,331,52,58,0,441,0,0,0,441
11/09/2020,TPA,FL,ASO,ES,Combined TRACON& Tower with Radar,336,36,42,0,414,0,0,5,0,5,336,36,47,0,419,0,0,0,419
11/10/2020,TPA,FL,ASO,ES,Combined TRACON& Tower with Radar,243,34,42,2,321,0,0,12,0,12,243,34,54,2,333,0,0,0,333
11/11/2020,TPA,FL,ASO,ES,Combined TRACON& Tower with Radar,146,35,26,0,207,0,1,3,0,4,146,36,29,0,211,0,0,0,211
11/12/2020,TPA,FL,ASO,ES,Combined TRACON& Tower with Radar,300,39,29,0,368,0,0,6,0,6,300,39,35,0,374,0,0,0,374
11/13/2020,TPA,FL,ASO,ES,Combined TRACON& Tower with Radar,334,36,47,0,417,0,2,18,0,20,334,38,65,0,437,0,0,0,437
11/14/2020,TPA,FL,ASO,ES,Combined TRACON& Tower with Radar,284,26,20,0,330,0,1,13,0,14,284,27,33,0,344,0,0,0,344
11/15/2020,TPA,FL,ASO,ES,Combined TRACON& Tower with Radar,354,58,33,0,445,0,0,14,0,14,354,58,47,0,459,0,0,0,459
11/16/2020,TPA,FL,ASO,ES,Combined TRACON& Tower with Radar,331,39,54,1,425,0,1,16,0,17,331,40,70,1,442,0,0,0,442
11/17/2020,TPA,FL,ASO,ES,Combined TRACON& Tower with Radar,259,29,59,5,352,0,8,15,3,26,259,37,74,8,378,0,0,0,378
11/18/2020,TPA,FL,ASO,ES,Combined TRACON& Tower with Radar,297,44,68,0,409,0,2,31,0,33,297,46,99,0,442,0,0,0,442
11/19/2020,TPA,FL,ASO,ES,Combined TRACON& Tower with Radar,386,44,58,2,490,0,0,20,0,20,386,44,78,2,510,0,0,0,510
11/20/2020,TPA,FL,ASO,ES,Combined TRACON& Tower with Radar,410,47,49,0,506,0,5,28,0,33,410,52,77,0,539,0,0,0,539
11/21/2020,TPA,FL,ASO,ES,Combined TRACON& Tower with Radar,430,53,34,1,518,0,2,6,0,8,430,55,40,1,526,0,0,0,526
11/22/2020,TPA,FL,ASO,ES,Combined TRACON& Tower with Radar,398,39,51,0,488,0,1,9,1,11,398,40,60,1,499,0,0,0,499
11/23/2020,TPA,FL,ASO,ES,Combined TRACON& Tower with Radar,409,51,66,2,528,0,3,8,0,11,409,54,74,2,539,0,0,0,539
11/24/2020,TPA,FL,ASO,ES,Combined TRACON& Tower with Radar,412,26,65,0,503,0,3,43,0,46,412,29,108,0,549,0,0,0,549
11/25/2020,TPA,FL,ASO,ES,Combined TRACON& Tower with Radar,418,41,55,1,515,0,5,14,0,19,418,46,69,1,534,0,0,0,534
11/26/2020,TPA,FL,ASO,ES,Combined TRACON& Tower with Radar,237,24,12,2,275,0,1,22,0,23,237,25,34,2,298,0,0,0,298
11/27/2020,TPA,FL,ASO,ES,Combined TRACON& Tower with Radar,345,25,26,4,400,0,0,16,0,16,345,25,42,4,416,0,0,0,416
11/28/2020,TPA,FL,ASO,ES,Combined TRACON& Tower with Radar,434,28,46,1,509,0,2,17,0,19,434,30,63,1,528,0,0,0,528
11/29/2020,TPA,FL,ASO,ES,Combined TRACON& Tower with Radar,449,77,74,2,602,0,0,22,0,22,449,77,96,2,624,0,0,0,624
11/30/2020,TPA,FL,ASO,ES,Combined TRACON& Tower with Radar,431,39,35,2,507,0,0,17,0,17,431,39,52,2,524,0,0,0,524
12/01/2020,TPA,FL,ASO,ES,Combined TRACON& Tower with Radar,388,37,52,0,477,0,3,30,1,34,388,40,82,1,511,0,0,0,511
12/02/2020,TPA,FL,ASO,ES,Combined TRACON& Tower with Radar,275,33,47,0,355,0,5,33,0,38,275,38,80,0,393,0,0,0,393
12/03/2020,TPA,FL,ASO,ES,Combined TRACON& Tower with Radar,323,36,49,3,411,0,2,20,0,22,323,38,69,3,433,0,0,0,433
12/04/2020,TPA,FL,ASO,ES,Combined TRACON& Tower with Radar,313,40,41,3,397,0,0,15,0,15,313,40,56,3,412,0,0,0,412
12/05/2020,TPA,FL,ASO,ES,Combined TRACON& Tower with Radar,269,21,27,0,317,0,1,13,0,14,269,22,40,0,331,0,0,0,331
12/06/2020,TPA,FL,ASO,ES,Combined TRACON& Tower with Radar,305,24,45,0,374,0,0,21,0,21,305,24,66,0,395,0,0,0,395
12/07/2020,TPA,FL,ASO,ES,Combined TRACON& Tower with Radar,325,48,52,0,425,0,0,14,0,14,325,48,66,0,439,0,0,0,439
12/08/2020,TPA,FL,ASO,ES,Combined TRACON& Tower with Radar,270,20,48,3,341,0,3,21,1,25,270,23,69,4,366,0,0,0,366
12/09/2020,TPA,FL,ASO,ES,Combined TRACON& Tower with Radar,257,25,47,1,330,0,3,11,0,14,257,28,58,1,344,0,0,0,344
12/10/2020,TPA,FL,ASO,ES,Combined TRACON& Tower with Radar,319,50,60,2,431,0,2,22,0,24,319,52,82,2,455,0,0,0,455
12/11/2020,TPA,FL,ASO,ES,Combined TRACON& Tower with Radar,314,44,64,2,424,0,0,15,0,15,314,44,79,2,439,0,0,0,439
12/12/2020,TPA,FL,ASO,ES,Combined TRACON& Tower with Radar,271,35,38,0,344,0,3,32,1,36,271,38,70,1,380,0,0,0,380
12/13/2020,TPA,FL,ASO,ES,Combined TRACON& Tower with Radar,306,51,52,3,412,0,0,17,2,19,306,51,69,5,431,0,0,0,431
12/14/2020,TPA,FL,ASO,ES,Combined TRACON& Tower with Radar,305,34,40,8,387,0,0,12,0,12,305,34,52,8,399,0,0,0,399
12/15/2020,TPA,FL,ASO,ES,Combined TRACON& Tower with Radar,254,38,43,3,338,0,3,22,0,25,254,41,65,3,363,0,0,0,363
12/16/2020,TPA,FL,ASO,ES,Combined TRACON& Tower with Radar,283,45,35,1,364,0,0,12,2,14,283,45,47,3,378,0,0,0,378
12/17/2020,TPA,FL,ASO,ES,Combined TRACON& Tower with Radar,413,42,59,1,515,0,1,20,0,21,413,43,79,1,536,0,0,0,536
12/18/2020,TPA,FL,ASO,ES,Combined TRACON& Tower with Radar,432,59,69,0,560,0,1,25,0,26,432,60,94,0,586,0,0,0,586
12/19/2020,TPA,FL,ASO,ES,Combined TRACON& Tower with Radar,471,55,28,0,554,0,1,14,0,15,471,56,42,0,569,0,0,0,569
12/20/2020,TPA,FL,ASO,ES,Combined TRACON& Tower with Radar,420,37,46,0,503,0,0,6,0,6,420,37,52,0,509,0,0,0,509
12/21/2020,TPA,FL,ASO,ES,Combined TRACON& Tower with Radar,444,45,55,0,544,0,0,18,0,18,444,45,73,0,562,0,0,0,562
12/22/2020,TPA,FL,ASO,ES,Combined TRACON& Tower with Radar,437,32,64,0,533,0,2,20,0,22,437,34,84,0,555,0,0,0,555
12/23/2020,TPA,FL,ASO,ES,Combined TRACON& Tower with Radar,448,57,43,0,548,0,1,24,0,25,448,58,67,0,573,0,0,0,573
12/24/2020,TPA,FL,ASO,ES,Combined TRACON& Tower with Radar,330,44,30,0,404,0,0,6,0,6,330,44,36,0,410,0,0,0,410
12/25/2020,TPA,FL,ASO,ES,Combined TRACON& Tower with Radar,280,33,7,0,320,0,0,7,0,7,280,33,14,0,327,0,0,0,327
12/26/2020,TPA,FL,ASO,ES,Combined TRACON& Tower with Radar,452,39,51,0,542,0,0,12,0,12,452,39,63,0,554,0,0,0,554
12/27/2020,TPA,FL,ASO,ES,Combined TRACON& Tower with Radar,433,32,48,0,513,0,0,12,0,12,433,32,60,0,525,0,0,0,525
12/28/2020,TPA,FL,ASO,ES,Combined TRACON& Tower with Radar,414,34,50,0,498,0,1,18,0,19,414,35,68,0,517,0,0,0,517
12/29/2020,TPA,FL,ASO,ES,Combined TRACON& Tower with Radar,419,41,38,0,498,0,4,22,0,26,419,45,60,0,524,0,0,0,524
12/30/2020,TPA,FL,ASO,ES,Combined TRACON& Tower with Radar,419,47,43,0,509,0,4,14,0,18,419,51,57,0,527,0,0,0,527
12/31/2020,TPA,FL,ASO,ES,Combined TRACON& Tower with Radar,337,40,33,0,410,0,1,22,0,23,337,41,55,0,433,0,0,0,433
01/01/2021,TPA,FL,ASO,ES,Combined TRACON& Tower with Radar,321,38,23,0,382,0,1,8,0,9,321,39,31,0,391,0,0,0,391
01/02/2021,TPA,FL,ASO,ES,Combined TRACON& Tower with Radar,439,58,113,0,610,0,3,9,0,12,439,61,122,0,622,0,0,0,622
01/03/2021,TPA,FL,ASO,ES,Combined TRACON& Tower with Radar,483,69,85,0,637,0,0,12,0,12,483,69,97,0,649,0,0,0,649
01/04/2021,TPA,FL,ASO,ES,Combined TRACON& Tower with Radar,415,34,34,0,483,0,0,22,0,22,415,34,56,0,505,0,0,0,505
01/05/2021,TPA,FL,ASO,ES,Combined TRACON& Tower with Radar,394,40,46,2,482,0,1,10,0,11,394,41,56,2,493,0,0,0,493
01/06/2021,TPA,FL,ASO,ES,Combined TRACON& Tower with Radar,322,33,38,0,393,0,1,19,0,20,322,34,57,0,413,20,0,20,433
01/07/2021,TPA,FL,ASO,ES,Combined TRACON& Tower with Radar,356,33,45,3,437,0,1,22,1,24,356,34,67,4,461,0,0,0,461
01/08/2021,TPA,FL,ASO,ES,Combined TRACON& Tower with Radar,390,38,71,1,500,0,0,25,1,26,390,38,96,2,526,0,0,0,526
01/09/2021,TPA,FL,ASO,ES,Combined TRACON& Tower with Radar,319,28,51,0,398,0,0,10,0,10,319,28,61,0,408,0,0,0,408
01/10/2021,TPA,FL,ASO,ES,Combined TRACON& Tower with Radar,342,31,38,1,412,0,0,20,0,20,342,31,58,1,432,0,0,0,432
01/11/2021,TPA,FL,ASO,ES,Combined TRACON& Tower with Radar,340,33,35,0,408,1,0,18,0,19,341,33,53,0,427,0,0,0,427
01/12/2021,TPA,FL,ASO,ES,Combined TRACON& Tower with Radar,287,31,58,3,379,0,0,10,2,12,287,31,68,5,391,0,0,0,391
01/13/2021,TPA,FL,ASO,ES,Combined TRACON& Tower with Radar,280,44,52,0,376,0,1,13,1,15,280,45,65,1,391,0,0,0,391
01/14/2021,TPA,FL,ASO,ES,Combined TRACON& Tower with Radar,364,53,48,2,467,0,0,19,1,20,364,53,67,3,487,0,0,0,487
01/15/2021,TPA,FL,ASO,ES,Combined TRACON& Tower with Radar,362,63,62,1,488,1,2,17,0,20,363,65,79,1,508,0,0,0,508
01/16/2021,TPA,FL,ASO,ES,Combined TRACON& Tower with Radar,308,34,30,4,376,0,0,14,0,14,308,34,44,4,390,0,0,0,390
01/17/2021,TPA,FL,ASO,ES,Combined TRACON& Tower with Radar,341,37,36,0,414,0,0,18,0,18,341,37,54,0,432,0,0,0,432
01/18/2021,TPA,FL,ASO,ES,Combined TRACON& Tower with Radar,347,47,48,0,442,0,0,21,0,21,347,47,69,0,463,0,0,0,463
01/19/2021,TPA,FL,ASO,ES,Combined TRACON& Tower with Radar,272,46,52,2,372,0,1,20,0,21,272,47,72,2,393,0,0,0,393
01/20/2021,TPA,FL,ASO,ES,Combined TRACON& Tower with Radar,284,40,36,0,360,0,0,20,0,20,284,40,56,0,380,6,0,6,386
01/21/2021,TPA,FL,ASO,ES,Combined TRACON& Tower with Radar,352,38,68,0,458,0,4,23,0,27,352,42,91,0,485,0,0,0,485
01/22/2021,TPA,FL,ASO,ES,Combined TRACON& Tower with Radar,350,45,61,1,457,0,0,34,6,40,350,45,95,7,497,0,0,0,497
01/23/2021,TPA,FL,ASO,ES,Combined TRACON& Tower with Radar,307,34,24,0,365,0,2,9,0,11,307,36,33,0,376,0,0,0,376
01/24/2021,TPA,FL,ASO,ES,Combined TRACON& Tower with Radar,344,30,42,2,418,0,0,13,5,18,344,30,55,7,436,0,0,0,436
01/25/2021,TPA,FL,ASO,ES,Combined TRACON& Tower with Radar,339,16,51,0,406,1,0,23,0,24,340,16,74,0,430,0,0,0,430
01/26/2021,TPA,FL,ASO,ES,Combined TRACON& Tower with Radar,268,33,55,4,360,0,0,25,0,25,268,33,80,4,385,0,0,0,385
01/27/2021,TPA,FL,ASO,ES,Combined TRACON& Tower with Radar,284,41,45,2,372,0,0,10,2,12,284,41,55,4,384,0,0,0,384
01/28/2021,TPA,FL,ASO,ES,Combined TRACON& Tower with Radar,379,57,53,0,489,0,0,18,0,18,379,57,71,0,507,0,0,0,507
01/29/2021,TPA,FL,ASO,ES,Combined TRACON& Tower with Radar,368,49,39,0,456,0,1,28,0,29,368,50,67,0,485,0,0,0,485
01/30/2021,TPA,FL,ASO,ES,Combined TRACON& Tower with Radar,295,34,32,2,363,0,2,25,2,29,295,36,57,4,392,0,0,0,392
01/31/2021,TPA,FL,ASO,ES,Combined TRACON& Tower with Radar,325,35,37,0,397,1,0,24,0,25,326,35,61,0,422,0,0,0,422
02/01/2021,TPA,FL,ASO,ES,Combined TRACON& Tower with Radar,305,40,40,4,389,1,0,13,2,16,306,40,53,6,405,0,0,0,405
02/02/2021,TPA,FL,ASO,ES,Combined TRACON& Tower with Radar,278,35,53,2,368,0,3,14,4,21,278,38,67,6,389,0,0,0,389
02/03/2021,TPA,FL,ASO,ES,Combined TRACON& Tower with Radar,295,42,34,2,373,0,2,21,5,28,295,44,55,7,401,0,0,0,401
02/04/2021,TPA,FL,ASO,ES,Combined TRACON& Tower with Radar,352,62,44,2,460,0,1,26,4,31,352,63,70,6,491,0,0,0,491
02/05/2021,TPA,FL,ASO,ES,Combined TRACON& Tower with Radar,369,74,62,0,505,0,0,34,0,34,369,74,96,0,539,0,0,0,539
02/06/2021,TPA,FL,ASO,ES,Combined TRACON& Tower with Radar,308,71,82,0,461,0,0,20,0,20,308,71,102,0,481,0,0,0,481
02/07/2021,TPA,FL,ASO,ES,Combined TRACON& Tower with Radar,362,83,90,0,535,0,1,33,1,35,362,84,123,1,570,0,0,0,570
02/08/2021,TPA,FL,ASO,ES,Combined TRACON& Tower with Radar,359,138,123,0,620,0,0,15,0,15,359,138,138,0,635,0,0,0,635
02/09/2021,TPA,FL,ASO,ES,Combined TRACON& Tower with Radar,283,52,66,1,402,0,1,13,0,14,283,53,79,1,416,0,0,0,416
02/10/2021,TPA,FL,ASO,ES,Combined TRACON& Tower with Radar,289,49,62,0,400,0,1,21,1,23,289,50,83,1,423,0,0,0,423
02/11/2021,TPA,FL,ASO,ES,Combined TRACON& Tower with Radar,351,40,69,1,461,0,0,16,0,16,351,40,85,1,477,0,0,0,477
02/12/2021,TPA,FL,ASO,ES,Combined TRACON& Tower with Radar,387,66,64,2,519,1,2,15,0,18,388,68,79,2,537,0,0,0,537
02/13/2021,TPA,FL,ASO,ES,Combined TRACON& Tower with Radar,365,36,29,0,430,1,0,7,0,8,366,36,36,0,438,0,0,0,438
02/14/2021,TPA,FL,ASO,ES,Combined TRACON& Tower with Radar,342,38,57,0,437,0,2,4,0,6,342,40,61,0,443,0,0,0,443
02/15/2021,TPA,FL,ASO,ES,Combined TRACON& Tower with Radar,325,39,52,0,416,0,0,11,0,11,325,39,63,0,427,0,0,0,427
02/16/2021,TPA,FL,ASO,ES,Combined TRACON& Tower with Radar,273,55,60,4,392,0,6,16,0,22,273,61,76,4,414,0,0,0,414
02/17/2021,TPA,FL,ASO,ES,Combined TRACON& Tower with Radar,274,40,58,2,374,0,1,10,0,11,274,41,68,2,385,0,0,0,385
02/18/2021,TPA,FL,ASO,ES,Combined TRACON& Tower with Radar,325,56,50,2,433,0,1,14,0,15,325,57,64,2,448,0,0,0,448
02/19/2021,TPA,FL,ASO,ES,Combined TRACON& Tower with Radar,389,65,64,0,518,0,0,6,0,6,389,65,70,0,524,0,0,0,524
02/20/2021,TPA,FL,ASO,ES,Combined TRACON& Tower with Radar,374,38,52,0,464,0,0,18,0,18,374,38,70,0,482,0,0,0,482
02/21/2021,TPA,FL,ASO,ES,Combined TRACON& Tower with Radar,361,47,58,0,466,0,0,18,0,18,361,47,76,0,484,0,0,0,484
02/22/2021,TPA,FL,ASO,ES,Combined TRACON& Tower with Radar,353,48,44,1,446,0,2,19,0,21,353,50,63,1,467,0,0,0,467
02/23/2021,TPA,FL,ASO,ES,Combined TRACON& Tower with Radar,299,48,38,3,388,0,0,26,0,26,299,48,64,3,414,0,0,0,414
02/24/2021,TPA,FL,ASO,ES,Combined TRACON& Tower with Radar,296,41,78,4,419,0,4,22,1,27,296,45,100,5,446,0,0,0,446
02/25/2021,TPA,FL,ASO,ES,Combined TRACON& Tower with Radar,368,37,75,6,486,0,8,25,0,33,368,45,100,6,519,0,0,0,519
02/26/2021,TPA,FL,ASO,ES,Combined TRACON& Tower with Radar,369,48,53,11,481,0,2,26,4,32,369,50,79,15,513,0,0,0,513
02/27/2021,TPA,FL,ASO,ES,Combined TRACON& Tower with Radar,363,36,50,1,450,0,2,18,0,20,363,38,68,1,470,0,0,0,470
02/28/2021,TPA,FL,ASO,ES,Combined TRACON& Tower with Radar,359,47,49,9,464,0,0,8,3,11,359,47,57,12,475,0,0,0,475
03/01/2021,TPA,FL,ASO,ES,Combined TRACON& Tower with Radar,351,50,61,1,463,0,1,10,0,11,351,51,71,1,474,0,0,0,474
03/02/2021,TPA,FL,ASO,ES,Combined TRACON& Tower with Radar,302,44,67,1,414,0,1,18,0,19,302,45,85,1,433,0,0,0,433
03/03/2021,TPA,FL,ASO,ES,Combined TRACON& Tower with Radar,307,64,60,0,431,0,0,16,0,16,307,64,76,0,447,0,0,0,447
03/04/2021,TPA,FL,ASO,ES,Combined TRACON& Tower with Radar,396,55,66,0,517,0,1,25,2,28,396,56,91,2,545,0,0,0,545
03/05/2021,TPA,FL,ASO,ES,Combined TRACON& Tower with Radar,386,62,71,7,526,0,1,29,4,34,386,63,100,11,560,0,0,0,560
03/06/2021,TPA,FL,ASO,ES,Combined TRACON& Tower with Radar,386,34,39,2,461,0,3,6,0,9,386,37,45,2,470,0,0,0,470
03/07/2021,TPA,FL,ASO,ES,Combined TRACON& Tower with Radar,441,35,61,8,545,0,0,15,2,17,441,35,76,10,562,0,0,0,562
03/08/2021,TPA,FL,ASO,ES,Combined TRACON& Tower with Radar,427,40,64,2,533,0,4,17,0,21,427,44,81,2,554,0,0,0,554
03/09/2021,TPA,FL,ASO,ES,Combined TRACON& Tower with Radar,349,43,48,3,443,0,1,30,1,32,349,44,78,4,475,0,0,0,475
03/10/2021,TPA,FL,ASO,ES,Combined TRACON& Tower with Radar,368,55,76,2,501,0,7,20,2,29,368,62,96,4,530,0,0,0,530
03/11/2021,TPA,FL,ASO,ES,Combined TRACON& Tower with Radar,463,52,62,4,581,0,4,24,0,28,463,56,86,4,609,0,0,0,609
03/12/2021,TPA,FL,ASO,ES,Combined TRACON& Tower with Radar,469,75,72,8,624,0,2,21,1,24,469,77,93,9,648,0,0,0,648
03/13/2021,TPA,FL,ASO,ES,Combined TRACON& Tower with Radar,502,41,48,4,595,0,1,20,0,21,502,42,68,4,616,0,0,0,616
03/14/2021,TPA,FL,ASO,ES,Combined TRACON& Tower with Radar,432,32,41,6,511,0,2,8,0,10,432,34,49,6,521,0,0,0,521
03/15/2021,TPA,FL,ASO,ES,Combined TRACON& Tower with Radar,434,56,63,1,554,0,0,27,0,27,434,56,90,1,581,0,0,0,581
03/16/2021,TPA,FL,ASO,ES,Combined TRACON& Tower with Radar,425,61,42,4,532,0,1,26,0,27,425,62,68,4,559,0,0,0,559
03/17/2021,TPA,FL,ASO,ES,Combined TRACON& Tower with Radar,421,76,65,15,577,0,5,27,1,33,421,81,92,16,610,0,0,0,610
03/18/2021,TPA,FL,ASO,ES,Combined TRACON& Tower with Radar,466,65,81,12,624,0,0,18,0,18,466,65,99,12,642,0,0,0,642
03/19/2021,TPA,FL,ASO,ES,Combined TRACON& Tower with Radar,466,54,88,0,608,0,0,17,1,18,466,54,105,1,626,0,0,0,626
03/20/2021,TPA,FL,ASO,ES,Combined TRACON& Tower with Radar,517,50,58,0,625,0,1,14,0,15,517,51,72,0,640,0,0,0,640
03/21/2021,TPA,FL,ASO,ES,Combined TRACON& Tower with Radar,470,63,97,4,634,0,0,12,2,14,470,63,109,6,648,0,0,0,648
03/22/2021,TPA,FL,ASO,ES,Combined TRACON& Tower with Radar,451,68,51,11,581,0,0,3,0,3,451,68,54,11,584,0,0,0,584
03/23/2021,TPA,FL,ASO,ES,Combined TRACON& Tower with Radar,422,39,61,12,534,0,4,13,1,18,422,43,74,13,552,0,0,0,552
03/24/2021,TPA,FL,ASO,ES,Combined TRACON& Tower with Radar,423,61,67,11,562,0,4,13,0,17,423,65,80,11,579,0,0,0,579
03/25/2021,TPA,FL,ASO,ES,Combined TRACON& Tower with Radar,473,69,77,19,638,0,0,26,0,26,473,69,103,19,664,0,0,0,664
03/26/2021,TPA,FL,ASO,ES,Combined TRACON& Tower with Radar,467,61,79,8,615,0,2,12,0,14,467,63,91,8,629,0,0,0,629
03/27/2021,TPA,FL,ASO,ES,Combined TRACON& Tower with Radar,516,46,47,12,621,0,10,18,0,28,516,56,65,12,649,0,0,0,649
03/28/2021,TPA,FL,ASO,ES,Combined TRACON& Tower with Radar,448,36,71,5,560,0,0,18,0,18,448,36,89,5,578,0,0,0,578
03/29/2021,TPA,FL,ASO,ES,Combined TRACON& Tower with Radar,440,54,58,12,564,0,1,10,2,13,440,55,68,14,577,0,0,0,577
03/30/2021,TPA,FL,ASO,ES,Combined TRACON& Tower with Radar,418,40,55,12,525,0,1,13,0,14,418,41,68,12,539,0,0,0,539
03/31/2021,TPA,FL,ASO,ES,Combined TRACON& Tower with Radar,421,58,69,12,560,0,0,10,0,10,421,58,79,12,570,0,0,0,570
04/01/2021,TPA,FL,ASO,ES,Combined TRACON& Tower with Radar,487,68,46,11,612,1,2,10,0,13,488,70,56,11,625,0,0,0,625
04/02/2021,TPA,FL,ASO,ES,Combined TRACON& Tower with Radar,484,62,56,2,604,0,1,13,0,14,484,63,69,2,618,0,0,0,618
04/03/2021,TPA,FL,ASO,ES,Combined TRACON& Tower with Radar,515,25,59,0,599,0,5,14,0,19,515,30,73,0,618,0,0,0,618
04/04/2021,TPA,FL,ASO,ES,Combined TRACON& Tower with Radar,436,39,45,0,520,0,0,13,1,14,436,39,58,1,534,0,0,0,534
04/05/2021,TPA,FL,ASO,ES,Combined TRACON& Tower with Radar,470,64,61,0,595,1,6,13,0,20,471,70,74,0,615,0,0,0,615
04/06/2021,TPA,FL,ASO,ES,Combined TRACON& Tower with Radar,411,62,60,2,535,0,2,14,0,16,411,64,74,2,551,0,0,0,551
04/07/2021,TPA,FL,ASO,ES,Combined TRACON& Tower with Radar,411,53,65,1,530,0,2,30,0,32,411,55,95,1,562,0,0,0,562
04/08/2021,TPA,FL,ASO,ES,Combined TRACON& Tower with Radar,449,64,63,1,577,0,2,28,0,30,449,66,91,1,607,0,0,0,607
04/09/2021,TPA,FL,ASO,ES,Combined TRACON& Tower with Radar,463,59,73,0,595,0,5,24,4,33,463,64,97,4,628,0,0,0,628
04/10/2021,TPA,FL,ASO,ES,Combined TRACON& Tower with Radar,515,39,49,0,603,0,4,10,0,14,515,43,59,0,617,0,0,0,617
04/11/2021,TPA,FL,ASO,ES,Combined TRACON& Tower with Radar,371,42,48,0,461,0,0,4,0,4,371,42,52,0,465,0,0,0,465
04/12/2021,TPA,FL,ASO,ES,Combined TRACON& Tower with Radar,432,76,58,0,566,0,6,17,1,24,432,82,75,1,590,0,0,0,590
04/13/2021,TPA,FL,ASO,ES,Combined TRACON& Tower with Radar,377,42,80,2,501,0,5,38,0,43,377,47,118,2,544,0,0,0,544
04/14/2021,TPA,FL,ASO,ES,Combined TRACON& Tower with Radar,351,51,57,0,459,0,2,30,0,32,351,53,87,0,491,0,0,0,491
04/15/2021,TPA,FL,ASO,ES,Combined TRACON& Tower with Radar,439,51,69,0,559,0,0,19,0,19,439,51,88,0,578,0,0,0,578
04/16/2021,TPA,FL,ASO,ES,Combined TRACON& Tower with Radar,433,53,93,9,588,0,0,14,0,14,433,53,107,9,602,0,0,0,602
04/17/2021,TPA,FL,ASO,ES,Combined TRACON& Tower with Radar,469,41,53,1,564,0,1,10,0,11,469,42,63,1,575,0,0,0,575
04/18/2021,TPA,FL,ASO,ES,Combined TRACON& Tower with Radar,423,48,65,0,536,0,0,6,0,6,423,48,71,0,542,0,0,0,542
04/19/2021,TPA,FL,ASO,ES,Combined TRACON& Tower with Radar,425,55,50,0,530,0,0,6,0,6,425,55,56,0,536,0,0,0,536
04/20/2021,TPA,FL,ASO,ES,Combined TRACON& Tower with Radar,401,55,57,0,513,0,2,8,0,10,401,57,65,0,523,0,0,0,523
04/21/2021,TPA,FL,ASO,ES,Combined TRACON& Tower with Radar,372,63,80,0,515,0,0,20,0,20,372,63,100,0,535,0,0,0,535
04/22/2021,TPA,FL,ASO,ES,Combined TRACON& Tower with Radar,438,72,75,0,585,0,1,17,0,18,438,73,92,0,603,0,0,0,603
04/23/2021,TPA,FL,ASO,ES,Combined TRACON& Tower with Radar,431,69,74,2,576,0,2,26,3,31,431,71,100,5,607,0,0,0,607
04/24/2021,TPA,FL,ASO,ES,Combined TRACON& Tower with Radar,432,26,47,1,506,0,2,23,0,25,432,28,70,1,531,0,0,0,531
04/25/2021,TPA,FL,ASO,ES,Combined TRACON& Tower with Radar,465,48,77,1,591,0,5,16,2,23,465,53,93,3,614,0,0,0,614
04/26/2021,TPA,FL,ASO,ES,Combined TRACON& Tower with Radar,415,46,57,3,521,0,2,25,0,27,415,48,82,3,548,0,0,0,548
04/27/2021,TPA,FL,ASO,ES,Combined TRACON& Tower with Radar,355,47,65,7,474,0,4,16,0,20,355,51,81,7,494,0,0,0,494
04/28/2021,TPA,FL,ASO,ES,Combined TRACON& Tower with Radar,358,78,75,1,512,0,0,24,2,26,358,78,99,3,538,0,0,0,538
04/29/2021,TPA,FL,ASO,ES,Combined TRACON& Tower with Radar,422,67,77,0,566,0,1,26,0,27,422,68,103,0,593,0,0,0,593
04/30/2021,TPA,FL,ASO,ES,Combined TRACON& Tower with Radar,423,54,60,2,539,0,0,25,0,25,423,54,85,2,564,0,0,0,564
05/01/2021,TPA,FL,ASO,ES,Combined TRACON& Tower with Radar,453,46,57,0,556,0,2,13,2,17,453,48,70,2,573,0,0,0,573
05/02/2021,TPA,FL,ASO,ES,Combined TRACON& Tower with Radar,409,50,63,0,522,0,0,15,0,15,409,50,78,0,537,0,0,0,537
05/03/2021,TPA,FL,ASO,ES,Combined TRACON& Tower with Radar,404,55,52,0,511,0,0,23,0,23,404,55,75,0,534,0,0,0,534
05/04/2021,TPA,FL,ASO,ES,Combined TRACON& Tower with Radar,346,45,51,14,456,0,1,16,0,17,346,46,67,14,473,0,0,0,473
05/05/2021,TPA,FL,ASO,ES,Combined TRACON& Tower with Radar,363,44,69,2,478,0,4,14,0,18,363,48,83,2,496,0,0,0,496
05/06/2021,TPA,FL,ASO,ES,Combined TRACON& Tower with Radar,441,56,79,13,589,0,0,11,0,11,441,56,90,13,600,0,0,0,600
05/07/2021,TPA,FL,ASO,ES,Combined TRACON& Tower with Radar,446,74,48,2,570,0,5,29,0,34,446,79,77,2,604,0,0,0,604
05/08/2021,TPA,FL,ASO,ES,Combined TRACON& Tower with Radar,458,44,55,0,557,0,3,16,0,19,458,47,71,0,576,0,0,0,576
05/09/2021,TPA,FL,ASO,ES,Combined TRACON& Tower with Radar,412,36,62,1,511,0,0,12,1,13,412,36,74,2,524,0,0,0,524
05/10/2021,TPA,FL,ASO,ES,Combined TRACON& Tower with Radar,415,53,83,0,551,0,0,13,0,13,415,53,96,0,564,0,0,0,564
05/11/2021,TPA,FL,ASO,ES,Combined TRACON& Tower with Radar,386,52,45,5,488,0,3,29,0,32,386,55,74,5,520,0,0,0,520
05/12/2021,TPA,FL,ASO,ES,Combined TRACON& Tower with Radar,419,44,65,0,528,0,4,16,0,20,419,48,81,0,548,0,0,0,548
05/13/2021,TPA,FL,ASO,ES,Combined TRACON& Tower with Radar,430,68,60,0,558,0,0,19,0,19,430,68,79,0,577,0,0,0,577
05/14/2021,TPA,FL,ASO,ES,Combined TRACON& Tower with Radar,443,61,72,0,576,0,2,28,4,34,443,63,100,4,610,0,0,0,610
05/15/2021,TPA,FL,ASO,ES,Combined TRACON& Tower with Radar,458,29,39,0,526,0,3,9,0,12,458,32,48,0,538,0,0,0,538
05/16/2021,TPA,FL,ASO,ES,Combined TRACON& Tower with Radar,408,59,57,0,524,0,1,32,0,33,408,60,89,0,557,0,0,0,557
05/17/2021,TPA,FL,ASO,ES,Combined TRACON& Tower with Radar,422,74,45,6,547,0,2,23,0,25,422,76,68,6,572,0,0,0,572
05/18/2021,TPA,FL,ASO,ES,Combined TRACON& Tower with Radar,401,51,63,4,519,0,3,13,0,16,401,54,76,4,535,0,0,0,535
05/19/2021,TPA,FL,ASO,ES,Combined TRACON& Tower with Radar,396,52,55,1,504,0,3,29,0,32,396,55,84,1,536,0,0,0,536
05/20/2021,TPA,FL,ASO,ES,Combined TRACON& Tower with Radar,421,62,54,3,540,0,1,29,0,30,421,63,83,3,570,0,0,0,570
05/21/2021,TPA,FL,ASO,ES,Combined TRACON& Tower with Radar,432,73,58,1,564,0,2,20,1,23,432,75,78,2,587,0,0,0,587
05/22/2021,TPA,FL,ASO,ES,Combined TRACON& Tower with Radar,450,27,35,0,512,0,3,18,0,21,450,30,53,0,533,0,0,0,533
05/23/2021,TPA,FL,ASO,ES,Combined TRACON& Tower with Radar,417,56,46,0,519,0,1,15,0,16,417,57,61,0,535,0,0,0,535
05/24/2021,TPA,FL,ASO,ES,Combined TRACON& Tower with Radar,422,64,67,1,554,0,4,11,0,15,422,68,78,1,569,0,0,0,569
05/25/2021,TPA,FL,ASO,ES,Combined TRACON& Tower with Radar,408,41,69,2,520,0,6,15,0,21,408,47,84,2,541,0,0,0,541
05/26/2021,TPA,FL,ASO,ES,Combined TRACON& Tower with Radar,396,52,69,1,518,0,3,31,0,34,396,55,100,1,552,0,0,0,552
05/27/2021,TPA,FL,ASO,ES,Combined TRACON& Tower with Radar,425,64,62,0,551,0,1,15,0,16,425,65,77,0,567,0,0,0,567
05/28/2021,TPA,FL,ASO,ES,Combined TRACON& Tower with Radar,432,63,79,0,574,0,4,21,0,25,432,67,100,0,599,0,0,0,599
05/29/2021,TPA,FL,ASO,ES,Combined TRACON& Tower with Radar,458,36,40,0,534,0,1,21,0,22,458,37,61,0,556,0,0,0,556
05/30/2021,TPA,FL,ASO,ES,Combined TRACON& Tower with Radar,415,24,26,0,465,0,0,20,0,20,415,24,46,0,485,0,0,0,485
05/31/2021,TPA,FL,ASO,ES,Combined TRACON& Tower with Radar,424,41,61,0,526,0,0,20,0,20,424,41,81,0,546,0,0,0,546
06/01/2021,TPA,FL,ASO,ES,Combined TRACON& Tower with Radar,399,33,51,0,483,0,4,15,1,20,399,37,66,1,503,0,0,0,503
06/02/2021,TPA,FL,ASO,ES,Combined TRACON& Tower with Radar,416,38,37,0,491,0,2,7,0,9,416,40,44,0,500,0,0,0,500
06/03/2021,TPA,FL,ASO,ES,Combined TRACON& Tower with Radar,421,61,48,2,532,0,0,7,0,7,421,61,55,2,539,0,0,0,539
06/04/2021,TPA,FL,ASO,ES,Combined TRACON& Tower with Radar,438,66,60,0,564,0,2,16,0,18,438,68,76,0,582,0,0,0,582
06/05/2021,TPA,FL,ASO,ES,Combined TRACON& Tower with Radar,462,42,37,0,541,0,0,15,0,15,462,42,52,0,556,0,0,0,556
06/06/2021,TPA,FL,ASO,ES,Combined TRACON& Tower with Radar,427,50,68,0,545,0,1,16,0,17,427,51,84,0,562,0,0,0,562
06/07/2021,TPA,FL,ASO,ES,Combined TRACON& Tower with Radar,408,72,42,0,522,1,0,18,0,19,409,72,60,0,541,0,0,0,541
06/08/2021,TPA,FL,ASO,ES,Combined TRACON& Tower with Radar,390,43,72,0,505,0,1,15,0,16,390,44,87,0,521,0,0,0,521
06/09/2021,TPA,FL,ASO,ES,Combined TRACON& Tower with Radar,400,64,66,0,530,0,1,20,0,21,400,65,86,0,551,0,0,0,551
06/10/2021,TPA,FL,ASO,ES,Combined TRACON& Tower with Radar,409,53,64,0,526,1,3,11,0,15,410,56,75,0,541,0,0,0,541
06/11/2021,TPA,FL,ASO,ES,Combined TRACON& Tower with Radar,420,57,79,1,557,0,0,27,0,27,420,57,106,1,584,0,0,0,584
06/12/2021,TPA,FL,ASO,ES,Combined TRACON& Tower with Radar,497,43,41,0,581,0,2,14,1,17,497,45,55,1,598,0,0,0,598
06/13/2021,TPA,FL,ASO,ES,Combined TRACON& Tower with Radar,456,46,62,1,565,0,0,18,0,18,456,46,80,1,583,0,0,0,583
06/14/2021,TPA,FL,ASO,ES,Combined TRACON& Tower with Radar,437,57,78,0,572,0,0,37,0,37,437,57,115,0,609,0,0,0,609
06/15/2021,TPA,FL,ASO,ES,Combined TRACON& Tower with Radar,373,42,46,1,462,0,1,13,1,15,373,43,59,2,477,0,0,0,477
06/16/2021,TPA,FL,ASO,ES,Combined TRACON& Tower with Radar,395,59,56,2,512,0,1,12,1,14,395,60,68,3,526,0,0,0,526
06/17/2021,TPA,FL,ASO,ES,Combined TRACON& Tower with Radar,407,62,63,0,532,1,0,11,0,12,408,62,74,0,544,0,0,0,544
06/18/2021,TPA,FL,ASO,ES,Combined TRACON& Tower with Radar,407,56,61,29,553,0,5,13,0,18,407,61,74,29,571,0,0,0,571
06/19/2021,TPA,FL,ASO,ES,Combined TRACON& Tower with Radar,478,32,30,0,540,1,2,11,2,16,479,34,41,2,556,0,0,0,556
06/20/2021,TPA,FL,ASO,ES,Combined TRACON& Tower with Radar,445,48,76,0,569,1,0,10,0,11,446,48,86,0,580,0,0,0,580
06/21/2021,TPA,FL,ASO,ES,Combined TRACON& Tower with Radar,392,59,54,28,533,0,0,18,0,18,392,59,72,28,551,0,0,0,551
06/22/2021,TPA,FL,ASO,ES,Combined TRACON& Tower with Radar,428,55,60,0,543,0,1,15,1,17,428,56,75,1,560,0,0,0,560
06/23/2021,TPA,FL,ASO,ES,Combined TRACON& Tower with Radar,401,51,68,2,522,0,1,9,0,10,401,52,77,2,532,0,0,0,532
06/24/2021,TPA,FL,ASO,ES,Combined TRACON& Tower with Radar,405,56,72,6,539,1,0,3,0,4,406,56,75,6,543,0,0,0,543
06/25/2021,TPA,FL,ASO,ES,Combined TRACON& Tower with Radar,427,60,65,1,553,0,2,18,0,20,427,62,83,1,573,0,0,0,573
06/26/2021,TPA,FL,ASO,ES,Combined TRACON& Tower with Radar,464,26,34,1,525,0,0,6,1,7,464,26,40,2,532,0,0,0,532
06/27/2021,TPA,FL,ASO,ES,Combined TRACON& Tower with Radar,430,37,50,1,518,1,0,14,0,15,431,37,64,1,533,0,0,0,533
06/28/2021,TPA,FL,ASO,ES,Combined TRACON& Tower with Radar,399,65,67,4,535,0,1,19,0,20,399,66,86,4,555,0,0,0,555
06/29/2021,TPA,FL,ASO,ES,Combined TRACON& Tower with Radar,387,48,65,0,500,0,1,8,0,9,387,49,73,0,509,0,0,0,509
06/30/2021,TPA,FL,ASO,ES,Combined TRACON& Tower with Radar,389,50,66,0,505,0,2,10,0,12,389,52,76,0,517,0,0,0,517
07/01/2021,TPA,FL,ASO,ES,Combined TRACON& Tower with Radar,419,80,59,0,558,1,0,9,0,10,420,80,68,0,568,0,0,0,568
07/02/2021,TPA,FL,ASO,ES,Combined TRACON& Tower with Radar,396,56,45,5,502,1,0,11,1,13,397,56,56,6,515,0,0,0,515
07/03/2021,TPA,FL,ASO,ES,Combined TRACON& Tower with Radar,498,54,36,0,588,0,1,2,0,3,498,55,38,0,591,0,0,0,591
07/04/2021,TPA,FL,ASO,ES,Combined TRACON& Tower with Radar,406,41,15,4,466,0,0,15,0,15,406,41,30,4,481,0,0,0,481
07/05/2021,TPA,FL,ASO,ES,Combined TRACON& Tower with Radar,389,48,43,2,482,1,0,14,1,16,390,48,57,3,498,0,0,0,498
07/06/2021,TPA,FL,ASO,ES,Combined TRACON& Tower with Radar,271,18,23,0,312,0,0,3,1,4,271,18,26,1,316,0,0,0,316
07/07/2021,TPA,FL,ASO,ES,Combined TRACON& Tower with Radar,286,64,54,0,404,0,0,3,0,3,286,64,57,0,407,0,0,0,407
07/08/2021,TPA,FL,ASO,ES,Combined TRACON& Tower with Radar,437,70,60,0,567,1,0,13,0,14,438,70,73,0,581,0,0,0,581
07/09/2021,TPA,FL,ASO,ES,Combined TRACON& Tower with Radar,421,53,66,0,540,0,0,20,3,23,421,53,86,3,563,0,0,0,563
07/10/2021,TPA,FL,ASO,ES,Combined TRACON& Tower with Radar,484,40,28,0,552,1,3,8,0,12,485,43,36,0,564,0,0,0,564
07/11/2021,TPA,FL,ASO,ES,Combined TRACON& Tower with Radar,423,41,72,1,537,1,2,11,3,17,424,43,83,4,554,0,0,0,554
07/12/2021,TPA,FL,ASO,ES,Combined TRACON& Tower with Radar,398,45,58,3,504,0,4,10,0,14,398,49,68,3,518,0,0,0,518
07/13/2021,TPA,FL,ASO,ES,Combined TRACON& Tower with Radar,398,44,66,0,508,0,0,17,0,17,398,44,83,0,525,0,0,0,525
07/14/2021,TPA,FL,ASO,ES,Combined TRACON& Tower with Radar,387,52,64,3,506,1,1,16,0,18,388,53,80,3,524,0,0,0,524
07/15/2021,TPA,FL,ASO,ES,Combined TRACON& Tower with Radar,416,80,75,0,571,1,0,14,0,15,417,80,89,0,586,0,0,0,586
07/16/2021,TPA,FL,ASO,ES,Combined TRACON& Tower with Radar,423,48,45,3,519,0,1,27,2,30,423,49,72,5,549,0,0,0,549
07/17/2021,TPA,FL,ASO,ES,Combined TRACON& Tower with Radar,464,29,44,0,537,0,1,9,0,10,464,30,53,0,547,0,0,0,547
07/18/2021,TPA,FL,ASO,ES,Combined TRACON& Tower with Radar,423,37,59,5,524,1,0,4,0,5,424,37,63,5,529,0,0,0,529
07/19/2021,TPA,FL,ASO,ES,Combined TRACON& Tower with Radar,414,49,47,1,511,0,0,7,1,8,414,49,54,2,519,0,0,0,519
07/20/2021,TPA,FL,ASO,ES,Combined TRACON& Tower with Radar,408,49,57,0,514,1,1,13,0,15,409,50,70,0,529,0,0,0,529
07/21/2021,TPA,FL,ASO,ES,Combined TRACON& Tower with Radar,396,56,68,2,522,0,3,22,1,26,396,59,90,3,548,0,0,0,548
07/22/2021,TPA,FL,ASO,ES,Combined TRACON& Tower with Radar,424,62,55,7,548,1,3,19,2,25,425,65,74,9,573,0,0,0,573
07/23/2021,TPA,FL,ASO,ES,Combined TRACON& Tower with Radar,412,64,40,0,516,1,0,15,0,16,413,64,55,0,532,0,0,0,532
07/24/2021,TPA,FL,ASO,ES,Combined TRACON& Tower with Radar,492,41,33,1,567,0,1,16,0,17,492,42,49,1,584,0,0,0,584
07/25/2021,TPA,FL,ASO,ES,Combined TRACON& Tower with Radar,434,53,44,0,531,1,0,13,0,14,435,53,57,0,545,0,0,0,545
07/26/2021,TPA,FL,ASO,ES,Combined TRACON& Tower with Radar,406,53,30,0,489,0,2,14,0,16,406,55,44,0,505,0,0,0,505
07/27/2021,TPA,FL,ASO,ES,Combined TRACON& Tower with Radar,394,43,37,0,474,0,1,6,0,7,394,44,43,0,481,0,0,0,481
07/28/2021,TPA,FL,ASO,ES,Combined TRACON& Tower with Radar,411,46,42,1,500,0,0,22,0,22,411,46,64,1,522,0,0,0,522
07/29/2021,TPA,FL,ASO,ES,Combined TRACON& Tower with Radar,419,43,55,3,520,1,2,9,1,13,420,45,64,4,533,0,0,0,533
07/30/2021,TPA,FL,ASO,ES,Combined TRACON& Tower with Radar,418,48,59,0,525,1,3,24,0,28,419,51,83,0,553,0,0,0,553
07/31/2021,TPA,FL,ASO,ES,Combined TRACON& Tower with Radar,471,46,39,1,557,0,1,18,0,19,471,47,57,1,576,0,0,0,576
08/01/2021,TPA,FL,ASO,ES,Combined TRACON& Tower with Radar,414,51,48,1,514,1,0,15,0,16,415,51,63,1,530,0,0,0,530
08/02/2021,TPA,FL,ASO,ES,Combined TRACON& Tower with Radar,396,59,40,0,495,0,0,6,0,6,396,59,46,0,501,0,0,0,501
08/03/2021,TPA,FL,ASO,ES,Combined TRACON& Tower with Radar,362,46,59,0,467,0,0,16,0,16,362,46,75,0,483,0,0,0,483
08/04/2021,TPA,FL,ASO,ES,Combined TRACON& Tower with Radar,371,52,38,0,461,1,0,6,0,7,372,52,44,0,468,0,0,0,468
08/05/2021,TPA,FL,ASO,ES,Combined TRACON& Tower with Radar,397,56,71,4,528,1,2,13,0,16,398,58,84,4,544,0,0,0,544
08/06/2021,TPA,FL,ASO,ES,Combined TRACON& Tower with Radar,399,53,67,0,519,0,1,18,2,21,399,54,85,2,540,0,0,0,540
08/07/2021,TPA,FL,ASO,ES,Combined TRACON& Tower with Radar,457,35,34,0,526,1,1,6,0,8,458,36,40,0,534,0,0,0,534
08/08/2021,TPA,FL,ASO,ES,Combined TRACON& Tower with Radar,433,49,62,1,545,1,0,9,0,10,434,49,71,1,555,0,0,0,555
08/09/2021,TPA,FL,ASO,ES,Combined TRACON& Tower with Radar,396,48,47,0,491,0,3,10,0,13,396,51,57,0,504,0,0,0,504
08/10/2021,TPA,FL,ASO,ES,Combined TRACON& Tower with Radar,385,28,57,5,475,1,2,18,0,21,386,30,75,5,496,0,0,0,496
08/11/2021,TPA,FL,ASO,ES,Combined TRACON& Tower with Radar,380,33,35,0,448,0,3,8,0,11,380,36,43,0,459,0,0,0,459
08/12/2021,TPA,FL,ASO,ES,Combined TRACON& Tower with Radar,411,44,57,0,512,1,1,9,0,11,412,45,66,0,523,0,0,0,523
08/13/2021,TPA,FL,ASO,ES,Combined TRACON& Tower with Radar,424,62,47,0,533,0,5,21,0,26,424,67,68,0,559,0,0,0,559
08/14/2021,TPA,FL,ASO,ES,Combined TRACON& Tower with Radar,478,40,34,0,552,1,3,8,0,12,479,43,42,0,564,0,0,0,564
08/15/2021,TPA,FL,ASO,ES,Combined TRACON& Tower with Radar,418,35,35,0,488,1,0,6,0,7,419,35,41,0,495,0,0,0,495
08/16/2021,TPA,FL,ASO,ES,Combined TRACON& Tower with Radar,401,37,44,0,482,0,0,10,2,12,401,37,54,2,494,0,0,0,494
08/17/2021,TPA,FL,ASO,ES,Combined TRACON& Tower with Radar,365,25,39,0,429,0,4,13,0,17,365,29,52,0,446,0,0,0,446
08/18/2021,TPA,FL,ASO,ES,Combined TRACON& Tower with Radar,365,33,35,2,435,0,2,14,1,17,365,35,49,3,452,0,0,0,452
08/19/2021,TPA,FL,ASO,ES,Combined TRACON& Tower with Radar,406,49,51,0,506,1,2,24,4,31,407,51,75,4,537,0,0,0,537
08/20/2021,TPA,FL,ASO,ES,Combined TRACON& Tower with Radar,411,55,58,1,525,0,2,21,0,23,411,57,79,1,548,0,0,0,548
08/21/2021,TPA,FL,ASO,ES,Combined TRACON& Tower with Radar,457,36,35,0,528,1,5,20,0,26,458,41,55,0,554,0,0,0,554
08/22/2021,TPA,FL,ASO,ES,Combined TRACON& Tower with Radar,395,42,46,1,484,1,0,14,0,15,396,42,60,1,499,0,0,0,499
08/23/2021,TPA,FL,ASO,ES,Combined TRACON& Tower with Radar,390,41,50,0,481,0,4,13,0,17,390,45,63,0,498,0,0,0,498
08/24/2021,TPA,FL,ASO,ES,Combined TRACON& Tower with Radar,386,27,58,1,472,1,2,18,0,21,387,29,76,1,493,0,0,0,493
08/25/2021,TPA,FL,ASO,ES,Combined TRACON& Tower with Radar,374,38,49,0,461,0,5,18,0,23,374,43,67,0,484,0,0,0,484
08/26/2021,TPA,FL,ASO,ES,Combined TRACON& Tower with Radar,413,53,62,1,529,0,2,9,0,11,413,55,71,1,540,0,0,0,540
08/27/2021,TPA,FL,ASO,ES,Combined TRACON& Tower with Radar,411,51,47,2,511,0,0,24,0,24,411,51,71,2,535,0,0,0,535
08/28/2021,TPA,FL,ASO,ES,Combined TRACON& Tower with Radar,474,27,29,27,557,0,1,13,0,14,474,28,42,27,571,0,0,0,571
08/29/2021,TPA,FL,ASO,ES,Combined TRACON& Tower with Radar,416,44,42,0,502,0,0,22,0,22,416,44,64,0,524,0,0,0,524
08/30/2021,TPA,FL,ASO,ES,Combined TRACON& Tower with Radar,385,29,47,2,463,0,2,19,1,22,385,31,66,3,485,0,0,0,485
08/31/2021,TPA,FL,ASO,ES,Combined TRACON& Tower with Radar,368,38,59,2,467,0,4,15,0,19,368,42,74,2,486,0,0,0,486
09/01/2021,TPA,FL,ASO,ES,Combined TRACON& Tower with Radar,367,47,40,2,456,1,2,3,1,7,368,49,43,3,463,0,0,0,463
09/02/2021,TPA,FL,ASO,ES,Combined TRACON& Tower with Radar,400,55,75,25,555,0,1,13,0,14,400,56,88,25,569,0,0,0,569
09/03/2021,TPA,FL,ASO,ES,Combined TRACON& Tower with Radar,402,51,51,2,506,0,2,20,0,22,402,53,71,2,528,0,0,0,528
09/04/2021,TPA,FL,ASO,ES,Combined TRACON& Tower with Radar,456,35,26,1,518,1,0,10,0,11,457,35,36,1,529,0,0,0,529
09/05/2021,TPA,FL,ASO,ES,Combined TRACON& Tower with Radar,391,30,34,0,455,0,2,13,0,15,391,32,47,0,470,0,0,0,470
09/06/2021,TPA,FL,ASO,ES,Combined TRACON& Tower with Radar,374,45,61,0,480,0,0,14,0,14,374,45,75,0,494,0,0,0,494
09/07/2021,TPA,FL,ASO,ES,Combined TRACON& Tower with Radar,349,36,45,3,433,0,2,19,0,21,349,38,64,3,454,0,0,0,454
09/08/2021,TPA,FL,ASO,ES,Combined TRACON& Tower with Radar,366,35,69,2,472,0,2,28,0,30,366,37,97,2,502,0,0,0,502
09/09/2021,TPA,FL,ASO,ES,Combined TRACON& Tower with Radar,381,88,123,4,596,0,6,18,0,24,381,94,141,4,620,0,0,0,620
09/10/2021,TPA,FL,ASO,ES,Combined TRACON& Tower with Radar,402,77,102,2,583,1,4,17,1,23,403,81,119,3,606,0,0,0,606
09/11/2021,TPA,FL,ASO,ES,Combined TRACON& Tower with Radar,385,38,38,2,463,0,2,16,2,20,385,40,54,4,483,0,0,0,483
09/12/2021,TPA,FL,ASO,ES,Combined TRACON& Tower with Radar,397,55,53,0,505,1,0,12,0,13,398,55,65,0,518,0,0,0,518
09/13/2021,TPA,FL,ASO,ES,Combined TRACON& Tower with Radar,388,49,49,2,488,0,2,22,0,24,388,51,71,2,512,0,0,0,512
09/14/2021,TPA,FL,ASO,ES,Combined TRACON& Tower with Radar,343,50,53,0,446,0,3,16,0,19,343,53,69,0,465,0,0,0,465
09/15/2021,TPA,FL,ASO,ES,Combined TRACON& Tower with Radar,344,43,53,0,440,0,2,14,1,17,344,45,67,1,457,0,0,0,457
09/16/2021,TPA,FL,ASO,ES,Combined TRACON& Tower with Radar,385,52,43,1,481,0,5,23,0,28,385,57,66,1,509,0,0,0,509
09/17/2021,TPA,FL,ASO,ES,Combined TRACON& Tower with Radar,397,54,68,2,521,1,3,7,0,11,398,57,75,2,532,0,0,0,532
09/18/2021,TPA,FL,ASO,ES,Combined TRACON& Tower with Radar,382,41,45,1,469,1,1,10,0,12,383,42,55,1,481,0,0,0,481
09/19/2021,TPA,FL,ASO,ES,Combined TRACON& Tower with Radar,402,69,77,0,548,0,0,10,2,12,402,69,87,2,560,0,0,0,560
09/20/2021,TPA,FL,ASO,ES,Combined TRACON& Tower with Radar,377,41,49,2,469,0,0,23,0,23,377,41,72,2,492,0,0,0,492
09/21/2021,TPA,FL,ASO,ES,Combined TRACON& Tower with Radar,354,37,50,0,441,1,4,20,0,25,355,41,70,0,466,0,0,0,466
09/22/2021,TPA,FL,ASO,ES,Combined TRACON& Tower with Radar,348,49,63,2,462,0,1,15,0,16,348,50,78,2,478,0,0,0,478
09/23/2021,TPA,FL,ASO,ES,Combined TRACON& Tower with Radar,376,40,53,2,471,0,3,13,1,17,376,43,66,3,488,0,0,0,488
09/24/2021,TPA,FL,ASO,ES,Combined TRACON& Tower with Radar,400,49,59,0,508,0,7,16,0,23,400,56,75,0,531,0,0,0,531
09/25/2021,TPA,FL,ASO,ES,Combined TRACON& Tower with Radar,396,38,36,0,470,0,2,23,0,25,396,40,59,0,495,0,0,0,495
09/26/2021,TPA,FL,ASO,ES,Combined TRACON& Tower with Radar,398,37,56,0,491,1,0,18,0,19,399,37,74,0,510,0,0,0,510
09/27/2021,TPA,FL,ASO,ES,Combined TRACON& Tower with Radar,388,65,54,2,509,0,4,20,0,24,388,69,74,2,533,0,0,0,533
09/28/2021,TPA,FL,ASO,ES,Combined TRACON& Tower with Radar,336,61,72,2,471,1,3,29,2,35,337,64,101,4,506,0,0,0,506
09/29/2021,TPA,FL,ASO,ES,Combined TRACON& Tower with Radar,345,36,69,0,450,0,5,23,0,28,345,41,92,0,478,0,0,0,478
09/30/2021,TPA,FL,ASO,ES,Combined TRACON& Tower with Radar,394,48,68,0,510,0,1,16,0,17,394,49,84,0,527,0,0,0,527
10/01/2021,TPA,FL,ASO,ES,Combined TRACON& Tower with Radar,397,57,55,0,509,0,5,29,2,36,397,62,84,2,545,0,0,0,545
10/02/2021,TPA,FL,ASO,ES,Combined TRACON& Tower with Radar,379,42,34,0,455,1,3,11,0,15,380,45,45,0,470,0,0,0,470
10/03/2021,TPA,FL,ASO,ES,Combined TRACON& Tower with Radar,401,40,57,0,498,0,3,15,0,18,401,43,72,0,516,0,0,0,516
10/04/2021,TPA,FL,ASO,ES,Combined TRACON& Tower with Radar,389,51,76,0,516,0,0,19,0,19,389,51,95,0,535,0,0,0,535
10/05/2021,TPA,FL,ASO,ES,Combined TRACON& Tower with Radar,357,49,70,2,478,1,2,19,0,22,358,51,89,2,500,0,0,0,500
10/06/2021,TPA,FL,ASO,ES,Combined TRACON& Tower with Radar,357,52,81,0,490,0,8,19,0,27,357,60,100,0,517,0,0,0,517
10/07/2021,TPA,FL,ASO,ES,Combined TRACON& Tower with Radar,411,53,73,0,537,0,1,22,1,24,411,54,95,1,561,0,0,0,561
10/08/2021,TPA,FL,ASO,ES,Combined TRACON& Tower with Radar,367,54,73,1,495,0,4,19,3,26,367,58,92,4,521,0,0,0,521
10/09/2021,TPA,FL,ASO,ES,Combined TRACON& Tower with Radar,379,53,59,0,491,0,2,14,2,18,379,55,73,2,509,0,0,0,509
10/10/2021,TPA,FL,ASO,ES,Combined TRACON& Tower with Radar,384,78,91,0,553,0,0,22,2,24,384,78,113,2,577,0,0,0,577
10/11/2021,TPA,FL,ASO,ES,Combined TRACON& Tower with Radar,396,57,80,0,533,0,2,19,0,21,396,59,99,0,554,0,0,0,554
10/12/2021,TPA,FL,ASO,ES,Combined TRACON& Tower with Radar,376,57,64,0,497,0,6,22,0,28,376,63,86,0,525,0,0,0,525
10/13/2021,TPA,FL,ASO,ES,Combined TRACON& Tower with Radar,374,52,75,0,501,0,1,24,0,25,374,53,99,0,526,0,0,0,526
10/14/2021,TPA,FL,ASO,ES,Combined TRACON& Tower with Radar,418,67,71,0,556,0,1,19,0,20,418,68,90,0,576,0,0,0,576
10/15/2021,TPA,FL,ASO,ES,Combined TRACON& Tower with Radar,428,70,52,12,562,0,3,30,1,34,428,73,82,13,596,0,0,0,596
10/16/2021,TPA,FL,ASO,ES,Combined TRACON& Tower with Radar,427,32,45,0,504,1,1,18,0,20,428,33,63,0,524,0,0,0,524
10/17/2021,TPA,FL,ASO,ES,Combined TRACON& Tower with Radar,433,52,73,4,562,0,0,22,1,23,433,52,95,5,585,0,0,0,585
10/18/2021,TPA,FL,ASO,ES,Combined TRACON& Tower with Radar,422,64,53,0,539,0,0,22,0,22,422,64,75,0,561,0,0,0,561
10/19/2021,TPA,FL,ASO,ES,Combined TRACON& Tower with Radar,374,56,56,2,488,1,4,12,0,17,375,60,68,2,505,0,0,0,505
10/20/2021,TPA,FL,ASO,ES,Combined TRACON& Tower with Radar,380,51,78,2,511,0,0,29,2,31,380,51,107,4,542,0,0,0,542
10/21/2021,TPA,FL,ASO,ES,Combined TRACON& Tower with Radar,427,79,57,5,568,0,0,11,0,11,427,79,68,5,579,0,0,0,579
10/22/2021,TPA,FL,ASO,ES,Combined TRACON& Tower with Radar,431,76,73,7,587,0,0,15,0,15,431,76,88,7,602,0,0,0,602
10/23/2021,TPA,FL,ASO,ES,Combined TRACON& Tower with Radar,432,45,40,0,517,0,3,12,0,15,432,48,52,0,532,0,0,0,532
10/24/2021,TPA,FL,ASO,ES,Combined TRACON& Tower with Radar,433,84,90,3,610,0,0,15,2,17,433,84,105,5,627,0,0,0,627
10/25/2021,TPA,FL,ASO,ES,Combined TRACON& Tower with Radar,410,80,69,1,560,0,0,12,0,12,410,80,81,1,572,0,0,0,572
10/26/2021,TPA,FL,ASO,ES,Combined TRACON& Tower with Radar,390,37,61,0,488,0,7,18,0,25,390,44,79,0,513,0,0,0,513
10/27/2021,TPA,FL,ASO,ES,Combined TRACON& Tower with Radar,376,58,58,2,494,0,2,25,2,29,376,60,83,4,523,0,0,0,523
10/28/2021,TPA,FL,ASO,ES,Combined TRACON& Tower with Radar,419,63,66,1,549,0,1,18,0,19,419,64,84,1,568,0,0,0,568
10/29/2021,TPA,FL,ASO,ES,Combined TRACON& Tower with Radar,432,79,85,4,600,1,1,20,0,22,433,80,105,4,622,0,0,0,622
10/30/2021,TPA,FL,ASO,ES,Combined TRACON& Tower with Radar,413,60,41,2,516,0,0,20,0,20,413,60,61,2,536,0,0,0,536
10/31/2021,TPA,FL,ASO,ES,Combined TRACON& Tower with Radar,384,62,54,1,501,0,0,15,0,15,384,62,69,1,516,0,0,0,516
11/01/2021,TPA,FL,ASO,ES,Combined TRACON& Tower with Radar,421,58,62,3,544,0,2,18,1,21,421,60,80,4,565,0,0,0,565
11/02/2021,TPA,FL,ASO,ES,Combined TRACON& Tower with Radar,407,38,52,0,497,0,3,40,0,43,407,41,92,0,540,0,0,0,540
11/03/2021,TPA,FL,ASO,ES,Combined TRACON& Tower with Radar,410,42,74,0,526,1,1,30,0,32,411,43,104,0,558,0,0,0,558
11/04/2021,TPA,FL,ASO,ES,Combined TRACON& Tower with Radar,471,62,80,4,617,0,0,21,0,21,471,62,101,4,638,0,0,0,638
11/05/2021,TPA,FL,ASO,ES,Combined TRACON& Tower with Radar,501,68,62,0,631,1,0,2,0,3,502,68,64,0,634,0,0,0,634
11/06/2021,TPA,FL,ASO,ES,Combined TRACON& Tower with Radar,491,59,36,4,590,2,0,3,0,5,493,59,39,4,595,0,0,0,595
11/07/2021,TPA,FL,ASO,ES,Combined TRACON& Tower with Radar,475,61,61,4,601,1,2,25,1,29,476,63,86,5,630,0,0,0,630
11/08/2021,TPA,FL,ASO,ES,Combined TRACON& Tower with Radar,515,74,83,2,674,0,3,31,1,35,515,77,114,3,709,0,0,0,709
11/09/2021,TPA,FL,ASO,ES,Combined TRACON& Tower with Radar,415,52,75,4,546,1,2,13,0,16,416,54,88,4,562,0,0,0,562
11/10/2021,TPA,FL,ASO,ES,Combined TRACON& Tower with Radar,394,48,64,0,506,1,4,17,0,22,395,52,81,0,528,0,0,0,528
11/11/2021,TPA,FL,ASO,ES,Combined TRACON& Tower with Radar,474,61,78,0,613,0,1,24,0,25,474,62,102,0,638,0,0,0,638
11/12/2021,TPA,FL,ASO,ES,Combined TRACON& Tower with Radar,486,58,61,4,609,0,1,18,0,19,486,59,79,4,628,0,0,0,628
11/13/2021,TPA,FL,ASO,ES,Combined TRACON& Tower with Radar,438,55,54,4,551,1,2,11,0,14,439,57,65,4,565,0,0,0,565
11/14/2021,TPA,FL,ASO,ES,Combined TRACON& Tower with Radar,483,47,66,2,598,0,0,9,0,9,483,47,75,2,607,0,0,0,607
11/15/2021,TPA,FL,ASO,ES,Combined TRACON& Tower with Radar,501,54,56,0,611,0,5,17,0,22,501,59,73,0,633,0,0,0,633
11/16/2021,TPA,FL,ASO,ES,Combined TRACON& Tower with Radar,406,38,85,0,529,0,1,16,0,17,406,39,101,0,546,0,0,0,546
11/17/2021,TPA,FL,ASO,ES,Combined TRACON& Tower with Radar,450,56,82,2,590,1,3,17,0,21,451,59,99,2,611,0,0,0,611
11/18/2021,TPA,FL,ASO,ES,Combined TRACON& Tower with Radar,504,56,91,3,654,0,1,18,0,19,504,57,109,3,673,0,0,0,673
11/19/2021,TPA,FL,ASO,ES,Combined TRACON& Tower with Radar,529,63,84,6,682,0,2,18,0,20,529,65,102,6,702,0,0,0,702
11/20/2021,TPA,FL,ASO,ES,Combined TRACON& Tower with Radar,575,68,52,6,701,0,1,10,0,11,575,69,62,6,712,0,0,0,712
11/21/2021,TPA,FL,ASO,ES,Combined TRACON& Tower with Radar,526,40,58,4,628,1,2,12,0,15,527,42,70,4,643,0,0,0,643
11/22/2021,TPA,FL,ASO,ES,Combined TRACON& Tower with Radar,524,88,78,0,690,0,0,27,0,27,524,88,105,0,717,0,0,0,717
11/23/2021,TPA,FL,ASO,ES,Combined TRACON& Tower with Radar,563,86,85,0,734,1,1,36,1,39,564,87,121,1,773,0,0,0,773
11/24/2021,TPA,FL,ASO,ES,Combined TRACON& Tower with Radar,567,54,64,0,685,0,1,25,0,26,567,55,89,0,711,0,0,0,711
11/25/2021,TPA,FL,ASO,ES,Combined TRACON& Tower with Radar,349,34,18,0,401,0,1,11,1,13,349,35,29,1,414,0,0,0,414
11/26/2021,TPA,FL,ASO,ES,Combined TRACON& Tower with Radar,410,42,52,0,504,0,1,18,0,19,410,43,70,0,523,0,0,0,523
11/27/2021,TPA,FL,ASO,ES,Combined TRACON& Tower with Radar,584,73,53,0,710,0,0,16,0,16,584,73,69,0,726,0,0,0,726
11/28/2021,TPA,FL,ASO,ES,Combined TRACON& Tower with Radar,561,69,90,1,721,1,0,21,0,22,562,69,111,1,743,0,0,0,743
11/29/2021,TPA,FL,ASO,ES,Combined TRACON& Tower with Radar,563,67,43,3,676,0,2,27,0,29,563,69,70,3,705,0,0,0,705
11/30/2021,TPA,FL,ASO,ES,Combined TRACON& Tower with Radar,492,60,53,1,606,1,0,22,0,23,493,60,75,1,629,0,0,0,629
12/01/2021,TPA,FL,ASO,ES,Combined TRACON& Tower with Radar,456,59,62,4,581,0,2,27,0,29,456,61,89,4,610,0,0,0,610
12/02/2021,TPA,FL,ASO,ES,Combined TRACON& Tower with Radar,502,57,78,4,641,1,3,25,0,29,503,60,103,4,670,0,0,0,670
12/03/2021,TPA,FL,ASO,ES,Combined TRACON& Tower with Radar,506,45,82,4,637,0,0,17,0,17,506,45,99,4,654,0,0,0,654
12/04/2021,TPA,FL,ASO,ES,Combined TRACON& Tower with Radar,470,39,43,2,554,1,2,22,0,25,471,41,65,2,579,0,0,0,579
12/05/2021,TPA,FL,ASO,ES,Combined TRACON& Tower with Radar,511,53,54,0,618,0,0,22,0,22,511,53,76,0,640,0,0,0,640
12/06/2021,TPA,FL,ASO,ES,Combined TRACON& Tower with Radar,504,42,71,2,619,0,0,21,0,21,504,42,92,2,640,0,0,0,640
12/07/2021,TPA,FL,ASO,ES,Combined TRACON& Tower with Radar,425,45,72,8,550,0,0,16,0,16,425,45,88,8,566,0,0,0,566
12/08/2021,TPA,FL,ASO,ES,Combined TRACON& Tower with Radar,422,63,74,0,559,0,1,25,2,28,422,64,99,2,587,0,0,0,587
12/09/2021,TPA,FL,ASO,ES,Combined TRACON& Tower with Radar,497,65,89,2,653,1,0,18,0,19,498,65,107,2,672,0,0,0,672
12/10/2021,TPA,FL,ASO,ES,Combined TRACON& Tower with Radar,494,72,84,0,650,0,0,25,0,25,494,72,109,0,675,0,0,0,675
12/11/2021,TPA,FL,ASO,ES,Combined TRACON& Tower with Radar,469,54,33,1,557,0,2,14,0,16,469,56,47,1,573,0,0,0,573
12/12/2021,TPA,FL,ASO,ES,Combined TRACON& Tower with Radar,512,95,99,0,706,1,3,11,2,17,513,98,110,2,723,0,0,0,723
12/13/2021,TPA,FL,ASO,ES,Combined TRACON& Tower with Radar,491,62,77,5,635,0,0,17,0,17,491,62,94,5,652,0,0,0,652
12/14/2021,TPA,FL,ASO,ES,Combined TRACON& Tower with Radar,421,52,74,2,549,1,0,16,0,17,422,52,90,2,566,0,0,0,566
12/15/2021,TPA,FL,ASO,ES,Combined TRACON& Tower with Radar,434,68,52,2,556,0,0,21,1,22,434,68,73,3,578,0,0,0,578
12/16/2021,TPA,FL,ASO,ES,Combined TRACON& Tower with Radar,525,57,90,0,672,0,2,22,1,25,525,59,112,1,697,0,0,0,697
12/17/2021,TPA,FL,ASO,ES,Combined TRACON& Tower with Radar,531,74,77,4,686,0,2,16,1,19,531,76,93,5,705,0,0,0,705
12/18/2021,TPA,FL,ASO,ES,Combined TRACON& Tower with Radar,545,45,58,0,648,1,2,22,0,25,546,47,80,0,673,0,0,0,673
12/19/2021,TPA,FL,ASO,ES,Combined TRACON& Tower with Radar,528,54,83,1,666,0,1,23,0,24,528,55,106,1,690,0,0,0,690
12/20/2021,TPA,FL,ASO,ES,Combined TRACON& Tower with Radar,524,72,67,1,664,0,0,12,0,12,524,72,79,1,676,0,0,0,676
12/21/2021,TPA,FL,ASO,ES,Combined TRACON& Tower with Radar,553,56,61,0,670,1,0,1,0,2,554,56,62,0,672,0,0,0,672
12/22/2021,TPA,FL,ASO,ES,Combined TRACON& Tower with Radar,578,45,50,0,673,0,3,16,0,19,578,48,66,0,692,0,0,0,692
12/23/2021,TPA,FL,ASO,ES,Combined TRACON& Tower with Radar,579,66,72,0,717,0,4,25,0,29,579,70,97,0,746,0,0,0,746
12/24/2021,TPA,FL,ASO,ES,Combined TRACON& Tower with Radar,451,51,29,0,531,0,2,11,0,13,451,53,40,0,544,0,0,0,544
12/25/2021,TPA,FL,ASO,ES,Combined TRACON& Tower with Radar,424,19,19,0,462,0,0,4,0,4,424,19,23,0,466,0,0,0,466
12/26/2021,TPA,FL,ASO,ES,Combined TRACON& Tower with Radar,510,46,47,0,603,2,1,21,0,24,512,47,68,0,627,0,0,0,627
12/27/2021,TPA,FL,ASO,ES,Combined TRACON& Tower with Radar,526,48,57,0,631,0,0,15,2,17,526,48,72,2,648,0,0,0,648
12/28/2021,TPA,FL,ASO,ES,Combined TRACON& Tower with Radar,559,51,51,0,661,0,3,19,0,22,559,54,70,0,683,0,0,0,683
12/29/2021,TPA,FL,ASO,ES,Combined TRACON& Tower with Radar,564,42,70,0,676,0,1,20,2,23,564,43,90,2,699,0,0,0,699
12/30/2021,TPA,FL,ASO,ES,Combined TRACON& Tower with Radar,562,58,78,0,698,1,0,4,0,5,563,58,82,0,703,0,0,0,703
12/31/2021,TPA,FL,ASO,ES,Combined TRACON& Tower with Radar,452,55,48,0,555,0,0,5,0,5,452,55,53,0,560,0,0,0,560
01/01/2022,TPA,FL,ASO,ES,Combined TRACON& Tower with Radar,462,46,80,0,588,0,1,8,0,9,462,47,88,0,597,0,0,0,597
01/02/2022,TPA,FL,ASO,ES,Combined TRACON& Tower with Radar,493,69,77,0,639,1,0,13,0,14,494,69,90,0,653,0,0,0,653
01/03/2022,TPA,FL,ASO,ES,Combined TRACON& Tower with Radar,526,42,52,0,620,0,0,20,0,20,526,42,72,0,640,0,0,0,640
01/04/2022,TPA,FL,ASO,ES,Combined TRACON& Tower with Radar,506,38,39,0,583,2,1,16,0,19,508,39,55,0,602,0,0,0,602
01/05/2022,TPA,FL,ASO,ES,Combined TRACON& Tower with Radar,432,54,50,3,539,1,6,9,0,16,433,60,59,3,555,0,0,0,555
01/06/2022,TPA,FL,ASO,ES,Combined TRACON& Tower with Radar,447,32,38,1,518,0,0,19,0,19,447,32,57,1,537,0,0,0,537
01/07/2022,TPA,FL,ASO,ES,Combined TRACON& Tower with Radar,454,33,42,4,533,1,2,15,3,21,455,35,57,7,554,0,0,0,554
01/08/2022,TPA,FL,ASO,ES,Combined TRACON& Tower with Radar,434,35,46,0,515,0,1,17,0,18,434,36,63,0,533,0,0,0,533
01/09/2022,TPA,FL,ASO,ES,Combined TRACON& Tower with Radar,482,56,50,1,589,1,0,21,2,24,483,56,71,3,613,0,0,0,613
01/10/2022,TPA,FL,ASO,ES,Combined TRACON& Tower with Radar,472,41,50,1,564,0,0,10,0,10,472,41,60,1,574,0,0,0,574
01/11/2022,TPA,FL,ASO,ES,Combined TRACON& Tower with Radar,433,44,68,2,547,0,3,21,0,24,433,47,89,2,571,0,0,0,571
01/12/2022,TPA,FL,ASO,ES,Combined TRACON& Tower with Radar,439,68,57,2,566,1,3,19,0,23,440,71,76,2,589,0,0,0,589
01/13/2022,TPA,FL,ASO,ES,Combined TRACON& Tower with Radar,484,53,71,2,610,0,3,18,2,23,484,56,89,4,633,0,0,0,633
01/14/2022,TPA,FL,ASO,ES,Combined TRACON& Tower with Radar,511,80,68,0,659,1,3,28,0,32,512,83,96,0,691,0,0,0,691
01/15/2022,TPA,FL,ASO,ES,Combined TRACON& Tower with Radar,449,55,65,0,569,0,1,16,0,17,449,56,81,0,586,0,0,0,586
01/16/2022,TPA,FL,ASO,ES,Combined TRACON& Tower with Radar,438,77,75,1,591,1,0,10,0,11,439,77,85,1,602,0,0,0,602
01/17/2022,TPA,FL,ASO,ES,Combined TRACON& Tower with Radar,451,70,81,0,602,0,0,25,1,26,451,70,106,1,628,0,0,0,628
01/18/2022,TPA,FL,ASO,ES,Combined TRACON& Tower with Radar,455,40,80,7,582,0,0,27,0,27,455,40,107,7,609,0,0,0,609
01/19/2022,TPA,FL,ASO,ES,Combined TRACON& Tower with Radar,444,56,80,0,580,0,2,15,2,19,444,58,95,2,599,0,0,0,599
01/20/2022,TPA,FL,ASO,ES,Combined TRACON& Tower with Radar,485,52,75,1,613,0,2,17,2,21,485,54,92,3,634,0,0,0,634
01/21/2022,TPA,FL,ASO,ES,Combined TRACON& Tower with Radar,488,53,64,2,607,0,1,22,0,23,488,54,86,2,630,0,0,0,630
01/22/2022,TPA,FL,ASO,ES,Combined TRACON& Tower with Radar,459,53,40,2,554,0,1,15,0,16,459,54,55,2,570,0,0,0,570
01/23/2022,TPA,FL,ASO,ES,Combined TRACON& Tower with Radar,511,124,145,0,780,1,0,17,1,19,512,124,162,1,799,0,0,0,799
01/24/2022,TPA,FL,ASO,ES,Combined TRACON& Tower with Radar,472,51,60,1,584,0,2,20,0,22,472,53,80,1,606,0,0,0,606
01/25/2022,TPA,FL,ASO,ES,Combined TRACON& Tower with Radar,432,41,74,0,547,0,1,8,0,9,432,42,82,0,556,0,0,0,556
01/26/2022,TPA,FL,ASO,ES,Combined TRACON& Tower with Radar,448,65,97,2,612,0,1,1,0,2,448,66,98,2,614,0,0,0,614
01/27/2022,TPA,FL,ASO,ES,Combined TRACON& Tower with Radar,504,68,82,0,654,0,0,8,2,10,504,68,90,2,664,0,0,0,664
01/28/2022,TPA,FL,ASO,ES,Combined TRACON& Tower with Radar,494,64,66,0,624,0,2,16,7,25,494,66,82,7,649,0,0,0,649
01/29/2022,TPA,FL,ASO,ES,Combined TRACON& Tower with Radar,404,48,32,0,484,0,1,16,0,17,404,49,48,0,501,0,0,0,501
01/30/2022,TPA,FL,ASO,ES,Combined TRACON& Tower with Radar,466,43,47,3,559,1,0,17,4,22,467,43,64,7,581,0,0,0,581
01/31/2022,TPA,FL,ASO,ES,Combined TRACON& Tower with Radar,483,37,57,0,577,1,0,7,0,8,484,37,64,0,585,0,0,0,585
02/01/2022,TPA,FL,ASO,ES,Combined TRACON& Tower with Radar,420,48,56,0,524,0,0,23,0,23,420,48,79,0,547,0,0,0,547
02/02/2022,TPA,FL,ASO,ES,Combined TRACON& Tower with Radar,413,45,65,0,523,0,1,17,0,18,413,46,82,0,541,0,0,0,541
02/03/2022,TPA,FL,ASO,ES,Combined TRACON& Tower with Radar,405,37,70,0,512,0,1,21,2,24,405,38,91,2,536,0,0,0,536
02/04/2022,TPA,FL,ASO,ES,Combined TRACON& Tower with Radar,432,47,47,0,526,1,2,7,0,10,433,49,54,0,536,0,0,0,536
02/05/2022,TPA,FL,ASO,ES,Combined TRACON& Tower with Radar,413,44,69,1,527,0,0,8,0,8,413,44,77,1,535,0,0,0,535
02/06/2022,TPA,FL,ASO,ES,Combined TRACON& Tower with Radar,454,55,82,0,591,1,0,0,0,1,455,55,82,0,592,0,0,0,592
02/07/2022,TPA,FL,ASO,ES,Combined TRACON& Tower with Radar,478,57,64,1,600,0,0,4,0,4,478,57,68,1,604,0,0,0,604
02/08/2022,TPA,FL,ASO,ES,Combined TRACON& Tower with Radar,444,63,95,0,602,0,1,2,0,3,444,64,97,0,605,0,0,0,605
02/09/2022,TPA,FL,ASO,ES,Combined TRACON& Tower with Radar,460,57,108,0,625,1,2,20,0,23,461,59,128,0,648,0,0,0,648
02/10/2022,TPA,FL,ASO,ES,Combined TRACON& Tower with Radar,517,73,90,3,683,0,3,16,0,19,517,76,106,3,702,0,0,0,702
02/11/2022,TPA,FL,ASO,ES,Combined TRACON& Tower with Radar,491,52,80,0,623,0,3,18,1,22,491,55,98,1,645,0,0,0,645
02/12/2022,TPA,FL,ASO,ES,Combined TRACON& Tower with Radar,452,29,39,1,521,0,0,13,0,13,452,29,52,1,534,0,0,0,534
02/13/2022,TPA,FL,ASO,ES,Combined TRACON& Tower with Radar,479,50,39,2,570,0,0,4,0,4,479,50,43,2,574,0,0,0,574
02/14/2022,TPA,FL,ASO,ES,Combined TRACON& Tower with Radar,508,44,51,4,607,0,0,16,1,17,508,44,67,5,624,0,0,0,624
02/15/2022,TPA,FL,ASO,ES,Combined TRACON& Tower with Radar,448,65,65,0,578,0,3,21,0,24,448,68,86,0,602,0,0,0,602
02/16/2022,TPA,FL,ASO,ES,Combined TRACON& Tower with Radar,456,55,75,0,586,0,2,9,0,11,456,57,84,0,597,0,0,0,597
02/17/2022,TPA,FL,ASO,ES,Combined TRACON& Tower with Radar,504,59,75,1,639,0,3,18,0,21,504,62,93,1,660,0,0,0,660
02/18/2022,TPA,FL,ASO,ES,Combined TRACON& Tower with Radar,518,63,71,4,656,1,1,18,0,20,519,64,89,4,676,0,0,0,676
02/19/2022,TPA,FL,ASO,ES,Combined TRACON& Tower with Radar,541,43,41,0,625,0,0,25,0,25,541,43,66,0,650,0,0,0,650
02/20/2022,TPA,FL,ASO,ES,Combined TRACON& Tower with Radar,500,42,54,3,599,1,1,7,0,9,501,43,61,3,608,0,0,0,608
02/21/2022,TPA,FL,ASO,ES,Combined TRACON& Tower with Radar,511,42,66,0,619,0,0,21,0,21,511,42,87,0,640,0,0,0,640
02/22/2022,TPA,FL,ASO,ES,Combined TRACON& Tower with Radar,496,57,90,6,649,0,2,25,0,27,496,59,115,6,676,0,0,0,676
02/23/2022,TPA,FL,ASO,ES,Combined TRACON& Tower with Radar,476,66,100,0,642,1,1,11,0,13,477,67,111,0,655,0,0,0,655
02/24/2022,TPA,FL,ASO,ES,Combined TRACON& Tower with Radar,498,70,82,2,652,0,1,25,0,26,498,71,107,2,678,0,0,0,678
02/25/2022,TPA,FL,ASO,ES,Combined TRACON& Tower with Radar,504,72,82,3,661,0,3,42,0,45,504,75,124,3,706,0,0,0,706
02/26/2022,TPA,FL,ASO,ES,Combined TRACON& Tower with Radar,510,47,56,2,615,0,2,24,0,26,510,49,80,2,641,0,0,0,641
02/27/2022,TPA,FL,ASO,ES,Combined TRACON& Tower with Radar,513,50,103,1,667,0,0,27,0,27,513,50,130,1,694,0,0,0,694
02/28/2022,TPA,FL,ASO,ES,Combined TRACON& Tower with Radar,527,40,75,2,644,0,0,19,0,19,527,40,94,2,663,0,0,0,663
03/01/2022,TPA,FL,ASO,ES,Combined TRACON& Tower with Radar,483,51,64,4,602,0,0,18,0,18,483,51,82,4,620,0,0,0,620
03/02/2022,TPA,FL,ASO,ES,Combined TRACON& Tower with Radar,482,34,81,2,599,0,2,19,0,21,482,36,100,2,620,0,0,0,620
03/03/2022,TPA,FL,ASO,ES,Combined TRACON& Tower with Radar,525,59,72,0,656,0,3,22,0,25,525,62,94,0,681,0,0,0,681
03/04/2022,TPA,FL,ASO,ES,Combined TRACON& Tower with Radar,531,58,83,0,672,0,1,16,1,18,531,59,99,1,690,0,0,0,690
03/05/2022,TPA,FL,ASO,ES,Combined TRACON& Tower with Radar,498,35,35,0,568,1,0,13,0,14,499,35,48,0,582,0,0,0,582
03/06/2022,TPA,FL,ASO,ES,Combined TRACON& Tower with Radar,504,53,70,0,627,1,0,11,0,12,505,53,81,0,639,0,0,0,639
03/07/2022,TPA,FL,ASO,ES,Combined TRACON& Tower with Radar,532,59,44,0,635,0,0,30,0,30,532,59,74,0,665,0,0,0,665
03/08/2022,TPA,FL,ASO,ES,Combined TRACON& Tower with Radar,479,62,71,0,612,0,0,21,0,21,479,62,92,0,633,0,0,0,633
03/09/2022,TPA,FL,ASO,ES,Combined TRACON& Tower with Radar,488,68,102,2,660,0,1,18,0,19,488,69,120,2,679,0,0,0,679
03/10/2022,TPA,FL,ASO,ES,Combined TRACON& Tower with Radar,542,82,72,0,696,0,2,14,0,16,542,84,86,0,712,0,0,0,712
03/11/2022,TPA,FL,ASO,ES,Combined TRACON& Tower with Radar,527,75,102,1,705,1,3,16,0,20,528,78,118,1,725,0,0,0,725
03/12/2022,TPA,FL,ASO,ES,Combined TRACON& Tower with Radar,550,61,68,0,679,0,1,7,0,8,550,62,75,0,687,0,0,0,687
03/13/2022,TPA,FL,ASO,ES,Combined TRACON& Tower with Radar,529,65,119,1,714,0,0,30,0,30,529,65,149,1,744,0,0,0,744
03/14/2022,TPA,FL,ASO,ES,Combined TRACON& Tower with Radar,559,46,64,0,669,0,1,25,2,28,559,47,89,2,697,0,0,0,697
03/15/2022,TPA,FL,ASO,ES,Combined TRACON& Tower with Radar,504,30,63,2,599,0,2,6,0,8,504,32,69,2,607,0,0,0,607
03/16/2022,TPA,FL,ASO,ES,Combined TRACON& Tower with Radar,526,41,75,0,642,0,3,11,2,16,526,44,86,2,658,0,0,0,658
03/17/2022,TPA,FL,ASO,ES,Combined TRACON& Tower with Radar,542,46,99,2,689,0,7,18,0,25,542,53,117,2,714,0,0,0,714
03/18/2022,TPA,FL,ASO,ES,Combined TRACON& Tower with Radar,556,53,69,12,690,0,1,13,0,14,556,54,82,12,704,0,0,0,704
03/19/2022,TPA,FL,ASO,ES,Combined TRACON& Tower with Radar,561,47,52,11,671,0,3,24,0,27,561,50,76,11,698,0,0,0,698
03/20/2022,TPA,FL,ASO,ES,Combined TRACON& Tower with Radar,575,47,92,0,714,1,2,16,0,19,576,49,108,0,733,0,0,0,733
03/21/2022,TPA,FL,ASO,ES,Combined TRACON& Tower with Radar,530,46,53,0,629,0,0,19,0,19,530,46,72,0,648,0,0,0,648
03/22/2022,TPA,FL,ASO,ES,Combined TRACON& Tower with Radar,509,36,58,0,603,0,1,16,0,17,509,37,74,0,620,0,0,0,620
03/23/2022,TPA,FL,ASO,ES,Combined TRACON& Tower with Radar,513,50,66,0,629,1,1,24,0,26,514,51,90,0,655,0,0,0,655
03/24/2022,TPA,FL,ASO,ES,Combined TRACON& Tower with Radar,548,42,47,2,639,0,1,5,0,6,548,43,52,2,645,0,0,0,645
03/25/2022,TPA,FL,ASO,ES,Combined TRACON& Tower with Radar,593,59,55,1,708,0,3,19,0,22,593,62,74,1,730,0,0,0,730
03/26/2022,TPA,FL,ASO,ES,Combined TRACON& Tower with Radar,584,43,39,3,669,0,2,22,0,24,584,45,61,3,693,0,0,0,693
03/27/2022,TPA,FL,ASO,ES,Combined TRACON& Tower with Radar,557,60,71,1,689,0,0,19,0,19,557,60,90,1,708,0,0,0,708
03/28/2022,TPA,FL,ASO,ES,Combined TRACON& Tower with Radar,540,48,57,1,646,0,0,14,0,14,540,48,71,1,660,0,0,0,660
03/29/2022,TPA,FL,ASO,ES,Combined TRACON& Tower with Radar,520,43,79,1,643,0,0,22,0,22,520,43,101,1,665,0,0,0,665
03/30/2022,TPA,FL,ASO,ES,Combined TRACON& Tower with Radar,509,67,70,0,646,1,0,16,0,17,510,67,86,0,663,0,0,0,663
03/31/2022,TPA,FL,ASO,ES,Combined TRACON& Tower with Radar,499,74,57,1,631,0,2,18,0,20,499,76,75,1,651,0,0,0,651
04/01/2022,TPA,FL,ASO,ES,Combined TRACON& Tower with Radar,525,56,70,4,655,0,1,14,0,15,525,57,84,4,670,0,0,0,670
04/02/2022,TPA,FL,ASO,ES,Combined TRACON& Tower with Radar,365,45,46,2,458,0,1,5,0,6,365,46,51,2,464,0,0,0,464
04/03/2022,TPA,FL,ASO,ES,Combined TRACON& Tower with Radar,466,59,77,1,603,0,0,24,0,24,466,59,101,1,627,0,0,0,627
04/04/2022,TPA,FL,ASO,ES,Combined TRACON& Tower with Radar,475,51,61,0,587,1,0,21,0,22,476,51,82,0,609,0,0,0,609
04/05/2022,TPA,FL,ASO,ES,Combined TRACON& Tower with Radar,474,44,89,11,618,0,2,15,0,17,474,46,104,11,635,0,0,0,635
04/06/2022,TPA,FL,ASO,ES,Combined TRACON& Tower with Radar,463,50,86,9,608,0,2,21,2,25,463,52,107,11,633,0,0,0,633
04/07/2022,TPA,FL,ASO,ES,Combined TRACON& Tower with Radar,470,66,110,0,646,0,0,13,0,13,470,66,123,0,659,0,0,0,659
04/08/2022,TPA,FL,ASO,ES,Combined TRACON& Tower with Radar,537,65,96,0,698,1,4,32,1,38,538,69,128,1,736,0,0,0,736
04/09/2022,TPA,FL,ASO,ES,Combined TRACON& Tower with Radar,508,51,67,0,626,0,2,27,0,29,508,53,94,0,655,0,0,0,655
04/10/2022,TPA,FL,ASO,ES,Combined TRACON& Tower with Radar,490,53,83,2,628,3,1,32,0,36,493,54,115,2,664,0,0,0,664
04/11/2022,TPA,FL,ASO,ES,Combined TRACON& Tower with Radar,502,48,78,1,629,1,0,12,0,13,503,48,90,1,642,0,0,0,642
04/12/2022,TPA,FL,ASO,ES,Combined TRACON& Tower with Radar,490,38,67,5,600,0,0,28,0,28,490,38,95,5,628,0,0,0,628
04/13/2022,TPA,FL,ASO,ES,Combined TRACON& Tower with Radar,478,51,73,1,603,0,2,19,2,23,478,53,92,3,626,0,0,0,626
04/14/2022,TPA,FL,ASO,ES,Combined TRACON& Tower with Radar,520,61,71,4,656,0,1,20,0,21,520,62,91,4,677,0,0,0,677
04/15/2022,TPA,FL,ASO,ES,Combined TRACON& Tower with Radar,568,72,60,2,702,0,3,25,1,29,568,75,85,3,731,0,0,0,731
04/16/2022,TPA,FL,ASO,ES,Combined TRACON& Tower with Radar,534,42,37,2,615,0,1,12,0,13,534,43,49,2,628,0,0,0,628
04/17/2022,TPA,FL,ASO,ES,Combined TRACON& Tower with Radar,518,38,44,0,600,0,1,14,0,15,518,39,58,0,615,0,0,0,615
04/18/2022,TPA,FL,ASO,ES,Combined TRACON& Tower with Radar,495,59,63,2,619,1,0,22,1,24,496,59,85,3,643,0,0,0,643
04/19/2022,TPA,FL,ASO,ES,Combined TRACON& Tower with Radar,501,43,92,0,636,0,0,18,1,19,501,43,110,1,655,0,0,0,655
04/20/2022,TPA,FL,ASO,ES,Combined TRACON& Tower with Radar,480,61,69,0,610,0,2,20,0,22,480,63,89,0,632,0,0,0,632
04/21/2022,TPA,FL,ASO,ES,Combined TRACON& Tower with Radar,508,71,70,0,649,0,1,17,0,18,508,72,87,0,667,0,0,0,667
04/22/2022,TPA,FL,ASO,ES,Combined TRACON& Tower with Radar,530,75,81,2,688,0,2,37,0,39,530,77,118,2,727,0,0,0,727
04/23/2022,TPA,FL,ASO,ES,Combined TRACON& Tower with Radar,498,50,46,0,594,0,5,15,0,20,498,55,61,0,614,0,0,0,614
04/24/2022,TPA,FL,ASO,ES,Combined TRACON& Tower with Radar,486,69,83,1,639,1,0,31,0,32,487,69,114,1,671,0,0,0,671
04/25/2022,TPA,FL,ASO,ES,Combined TRACON& Tower with Radar,489,74,60,7,630,0,0,24,0,24,489,74,84,7,654,0,0,0,654
04/26/2022,TPA,FL,ASO,ES,Combined TRACON& Tower with Radar,463,39,71,1,574,0,0,27,1,28,463,39,98,2,602,0,0,0,602
04/27/2022,TPA,FL,ASO,ES,Combined TRACON& Tower with Radar,471,55,80,2,608,1,2,20,0,23,472,57,100,2,631,0,0,0,631
04/28/2022,TPA,FL,ASO,ES,Combined TRACON& Tower with Radar,488,58,66,0,612,0,2,15,0,17,488,60,81,0,629,0,0,0,629
04/29/2022,TPA,FL,ASO,ES,Combined TRACON& Tower with Radar,514,58,78,1,651,0,2,16,3,21,514,60,94,4,672,0,0,0,672
04/30/2022,TPA,FL,ASO,ES,Combined TRACON& Tower with Radar,473,44,25,0,542,0,0,10,0,10,473,44,35,0,552,0,0,0,552
05/01/2022,TPA,FL,ASO,ES,Combined TRACON& Tower with Radar,467,51,63,1,582,1,1,15,2,19,468,52,78,3,601,0,0,0,601
05/02/2022,TPA,FL,ASO,ES,Combined TRACON& Tower with Radar,474,60,64,0,598,0,1,24,0,25,474,61,88,0,623,0,0,0,623
05/03/2022,TPA,FL,ASO,ES,Combined TRACON& Tower with Radar,468,50,61,0,579,0,2,24,0,26,468,52,85,0,605,0,0,0,605
05/04/2022,TPA,FL,ASO,ES,Combined TRACON& Tower with Radar,460,46,78,4,588,1,2,22,0,25,461,48,100,4,613,0,0,0,613
05/05/2022,TPA,FL,ASO,ES,Combined TRACON& Tower with Radar,469,55,76,0,600,0,5,33,0,38,469,60,109,0,638,0,0,0,638
05/06/2022,TPA,FL,ASO,ES,Combined TRACON& Tower with Radar,474,64,70,2,610,0,11,19,0,30,474,75,89,2,640,0,0,0,640
05/07/2022,TPA,FL,ASO,ES,Combined TRACON& Tower with Radar,481,32,38,0,551,0,1,9,1,11,481,33,47,1,562,0,0,0,562
05/08/2022,TPA,FL,ASO,ES,Combined TRACON& Tower with Radar,444,46,62,0,552,1,0,22,0,23,445,46,84,0,575,0,0,0,575
05/09/2022,TPA,FL,ASO,ES,Combined TRACON& Tower with Radar,469,52,55,0,576,0,1,20,0,21,469,53,75,0,597,0,0,0,597
05/10/2022,TPA,FL,ASO,ES,Combined TRACON& Tower with Radar,440,36,63,0,539,0,2,21,0,23,440,38,84,0,562,0,0,0,562
05/11/2022,TPA,FL,ASO,ES,Combined TRACON& Tower with Radar,448,49,89,0,586,1,2,30,0,33,449,51,119,0,619,0,0,0,619
05/12/2022,TPA,FL,ASO,ES,Combined TRACON& Tower with Radar,459,54,70,0,583,0,2,26,0,28,459,56,96,0,611,0,0,0,611
05/13/2022,TPA,FL,ASO,ES,Combined TRACON& Tower with Radar,479,61,75,0,615,0,1,17,0,18,479,62,92,0,633,0,0,0,633
05/14/2022,TPA,FL,ASO,ES,Combined TRACON& Tower with Radar,468,39,43,1,551,0,1,18,1,20,468,40,61,2,571,0,0,0,571
05/15/2022,TPA,FL,ASO,ES,Combined TRACON& Tower with Radar,460,47,58,1,566,1,0,23,0,24,461,47,81,1,590,0,0,0,590
05/16/2022,TPA,FL,ASO,ES,Combined TRACON& Tower with Radar,452,51,66,0,569,0,0,28,2,30,452,51,94,2,599,0,0,0,599
05/17/2022,TPA,FL,ASO,ES,Combined TRACON& Tower with Radar,443,49,75,0,567,0,1,29,1,31,443,50,104,1,598,0,0,0,598
05/18/2022,TPA,FL,ASO,ES,Combined TRACON& Tower with Radar,450,58,79,1,588,0,2,17,1,20,450,60,96,2,608,0,0,0,608
05/19/2022,TPA,FL,ASO,ES,Combined TRACON& Tower with Radar,463,64,62,5,594,0,3,19,1,23,463,67,81,6,617,0,0,0,617
05/20/2022,TPA,FL,ASO,ES,Combined TRACON& Tower with Radar,440,52,64,1,557,1,2,4,0,7,441,54,68,1,564,0,0,0,564
05/21/2022,TPA,FL,ASO,ES,Combined TRACON& Tower with Radar,474,42,31,1,548,0,2,6,0,8,474,44,37,1,556,0,0,0,556
05/22/2022,TPA,FL,ASO,ES,Combined TRACON& Tower with Radar,419,51,47,0,517,1,0,24,0,25,420,51,71,0,542,0,0,0,542
05/23/2022,TPA,FL,ASO,ES,Combined TRACON& Tower with Radar,456,45,55,0,556,1,1,19,2,23,457,46,74,2,579,0,0,0,579
05/24/2022,TPA,FL,ASO,ES,Combined TRACON& Tower with Radar,443,57,48,0,548,0,5,17,2,24,443,62,65,2,572,0,0,0,572
05/25/2022,TPA,FL,ASO,ES,Combined TRACON& Tower with Radar,446,55,49,4,554,1,4,19,4,28,447,59,68,8,582,0,0,0,582
05/26/2022,TPA,FL,ASO,ES,Combined TRACON& Tower with Radar,467,52,74,0,593,0,5,21,2,28,467,57,95,2,621,0,0,0,621
05/27/2022,TPA,FL,ASO,ES,Combined TRACON& Tower with Radar,450,54,70,0,574,0,5,20,1,26,450,59,90,1,600,0,0,0,600
05/28/2022,TPA,FL,ASO,ES,Combined TRACON& Tower with Radar,462,36,41,1,540,0,5,17,1,23,462,41,58,2,563,0,0,0,563
05/29/2022,TPA,FL,ASO,ES,Combined TRACON& Tower with Radar,477,36,32,1,546,1,0,10,0,11,478,36,42,1,557,0,0,0,557
05/30/2022,TPA,FL,ASO,ES,Combined TRACON& Tower with Radar,422,45,58,0,525,0,2,19,0,21,422,47,77,0,546,0,0,0,546
05/31/2022,TPA,FL,ASO,ES,Combined TRACON& Tower with Radar,437,47,50,0,534,0,0,10,0,10,437,47,60,0,544,0,0,0,544
06/01/2022,TPA,FL,ASO,ES,Combined TRACON& Tower with Radar,439,49,56,1,545,1,4,20,0,25,440,53,76,1,570,0,0,0,570
06/02/2022,TPA,FL,ASO,ES,Combined TRACON& Tower with Radar,429,32,52,2,515,0,5,11,0,16,429,37,63,2,531,0,0,0,531
06/03/2022,TPA,FL,ASO,ES,Combined TRACON& Tower with Radar,443,38,47,0,528,1,4,7,0,12,444,42,54,0,540,0,0,0,540
06/04/2022,TPA,FL,ASO,ES,Combined TRACON& Tower with Radar,446,36,23,2,507,0,0,9,2,11,446,36,32,4,518,0,0,0,518
06/05/2022,TPA,FL,ASO,ES,Combined TRACON& Tower with Radar,409,58,52,0,519,0,0,5,2,7,409,58,57,2,526,0,0,0,526
06/06/2022,TPA,FL,ASO,ES,Combined TRACON& Tower with Radar,414,62,41,0,517,1,0,10,0,11,415,62,51,0,528,0,0,0,528
06/07/2022,TPA,FL,ASO,ES,Combined TRACON& Tower with Radar,421,39,56,0,516,0,5,18,0,23,421,44,74,0,539,0,0,0,539
06/08/2022,TPA,FL,ASO,ES,Combined TRACON& Tower with Radar,447,40,59,4,550,0,4,27,0,31,447,44,86,4,581,0,0,0,581
06/09/2022,TPA,FL,ASO,ES,Combined TRACON& Tower with Radar,434,44,39,0,517,0,3,14,0,17,434,47,53,0,534,0,0,0,534
06/10/2022,TPA,FL,ASO,ES,Combined TRACON& Tower with Radar,416,47,46,3,512,1,5,9,0,15,417,52,55,3,527,0,0,0,527
06/11/2022,TPA,FL,ASO,ES,Combined TRACON& Tower with Radar,443,32,39,2,516,0,3,16,0,19,443,35,55,2,535,0,0,0,535
06/12/2022,TPA,FL,ASO,ES,Combined TRACON& Tower with Radar,422,42,56,3,523,0,0,15,4,19,422,42,71,7,542,0,0,0,542
06/13/2022,TPA,FL,ASO,ES,Combined TRACON& Tower with Radar,414,54,59,0,527,1,0,12,0,13,415,54,71,0,540,0,0,0,540
06/14/2022,TPA,FL,ASO,ES,Combined TRACON& Tower with Radar,417,58,73,0,548,0,4,23,0,27,417,62,96,0,575,0,0,0,575
06/15/2022,TPA,FL,ASO,ES,Combined TRACON& Tower with Radar,429,44,97,2,572,1,4,11,0,16,430,48,108,2,588,0,0,0,588
06/16/2022,TPA,FL,ASO,ES,Combined TRACON& Tower with Radar,389,60,55,0,504,0,4,23,0,27,389,64,78,0,531,0,0,0,531
06/17/2022,TPA,FL,ASO,ES,Combined TRACON& Tower with Radar,433,57,46,0,536,0,3,9,2,14,433,60,55,2,550,0,0,0,550
06/18/2022,TPA,FL,ASO,ES,Combined TRACON& Tower with Radar,445,37,61,1,544,0,4,24,0,28,445,41,85,1,572,0,0,0,572
06/19/2022,TPA,FL,ASO,ES,Combined TRACON& Tower with Radar,418,33,39,1,491,1,0,8,0,9,419,33,47,1,500,0,0,0,500
06/20/2022,TPA,FL,ASO,ES,Combined TRACON& Tower with Radar,418,62,58,0,538,1,0,17,0,18,419,62,75,0,556,0,0,0,556
06/21/2022,TPA,FL,ASO,ES,Combined TRACON& Tower with Radar,420,51,73,0,544,0,5,24,0,29,420,56,97,0,573,0,0,0,573
06/22/2022,TPA,FL,ASO,ES,Combined TRACON& Tower with Radar,402,46,89,0,537,0,8,17,0,25,402,54,106,0,562,0,0,0,562
06/23/2022,TPA,FL,ASO,ES,Combined TRACON& Tower with Radar,416,75,79,0,570,1,4,23,0,28,417,79,102,0,598,0,0,0,598
06/24/2022,TPA,FL,ASO,ES,Combined TRACON& Tower with Radar,455,51,59,0,565,1,6,15,2,24,456,57,74,2,589,0,0,0,589
06/25/2022,TPA,FL,ASO,ES,Combined TRACON& Tower with Radar,487,36,39,0,562,0,3,8,0,11,487,39,47,0,573,0,0,0,573
06/26/2022,TPA,FL,ASO,ES,Combined TRACON& Tower with Radar,398,47,90,0,535,1,0,7,2,10,399,47,97,2,545,0,0,0,545
06/27/2022,TPA,FL,ASO,ES,Combined TRACON& Tower with Radar,393,53,66,2,514,1,0,18,0,19,394,53,84,2,533,0,0,0,533
06/28/2022,TPA,FL,ASO,ES,Combined TRACON& Tower with Radar,400,40,76,2,518,0,5,17,0,22,400,45,93,2,540,0,0,0,540
06/29/2022,TPA,FL,ASO,ES,Combined TRACON& Tower with Radar,409,55,64,0,528,0,4,6,0,10,409,59,70,0,538,0,0,0,538
06/30/2022,TPA,FL,ASO,ES,Combined TRACON& Tower with Radar,421,47,76,1,545,0,4,23,2,29,421,51,99,3,574,0,0,0,574
07/01/2022,TPA,FL,ASO,ES,Combined TRACON& Tower with Radar,435,52,68,0,555,1,7,11,0,19,436,59,79,0,574,0,0,0,574
07/02/2022,TPA,FL,ASO,ES,Combined TRACON& Tower with Radar,444,34,44,1,523,0,5,11,0,16,444,39,55,1,539,0,0,0,539
07/03/2022,TPA,FL,ASO,ES,Combined TRACON& Tower with Radar,406,35,32,1,474,0,0,10,0,10,406,35,42,1,484,0,0,0,484
07/04/2022,TPA,FL,ASO,ES,Combined TRACON& Tower with Radar,380,29,23,0,432,1,0,14,0,15,381,29,37,0,447,0,0,0,447
07/05/2022,TPA,FL,ASO,ES,Combined TRACON& Tower with Radar,377,51,44,0,472,0,0,13,0,13,377,51,57,0,485,0,0,0,485
07/06/2022,TPA,FL,ASO,ES,Combined TRACON& Tower with Radar,413,32,42,0,487,0,4,14,1,19,413,36,56,1,506,0,0,0,506
07/07/2022,TPA,FL,ASO,ES,Combined TRACON& Tower with Radar,419,40,38,0,497,0,4,12,0,16,419,44,50,0,513,0,0,0,513
07/08/2022,TPA,FL,ASO,ES,Combined TRACON& Tower with Radar,437,50,51,0,538,0,7,11,0,18,437,57,62,0,556,0,0,0,556
07/09/2022,TPA,FL,ASO,ES,Combined TRACON& Tower with Radar,465,38,28,0,531,0,6,9,0,15,465,44,37,0,546,0,0,0,546
07/10/2022,TPA,FL,ASO,ES,Combined TRACON& Tower with Radar,409,46,39,0,494,1,0,7,0,8,410,46,46,0,502,0,0,0,502
07/11/2022,TPA,FL,ASO,ES,Combined TRACON& Tower with Radar,424,43,47,2,516,1,3,19,0,23,425,46,66,2,539,0,0,0,539
07/12/2022,TPA,FL,ASO,ES,Combined TRACON& Tower with Radar,401,36,62,1,500,0,6,18,0,24,401,42,80,1,524,0,0,0,524
07/13/2022,TPA,FL,ASO,ES,Combined TRACON& Tower with Radar,427,51,55,1,534,0,2,21,0,23,427,53,76,1,557,0,0,0,557
07/14/2022,TPA,FL,ASO,ES,Combined TRACON& Tower with Radar,429,47,73,0,549,0,2,18,1,21,429,49,91,1,570,0,0,0,570
07/15/2022,TPA,FL,ASO,ES,Combined TRACON& Tower with Radar,440,52,73,3,568,0,5,15,0,20,440,57,88,3,588,0,0,0,588
07/16/2022,TPA,FL,ASO,ES,Combined TRACON& Tower with Radar,448,37,36,0,521,1,4,13,0,18,449,41,49,0,539,0,0,0,539
07/17/2022,TPA,FL,ASO,ES,Combined TRACON& Tower with Radar,417,54,51,0,522,1,0,17,0,18,418,54,68,0,540,0,0,0,540
07/18/2022,TPA,FL,ASO,ES,Combined TRACON& Tower with Radar,402,47,58,0,507,1,0,17,0,18,403,47,75,0,525,0,0,0,525
07/19/2022,TPA,FL,ASO,ES,Combined TRACON& Tower with Radar,413,40,54,0,507,0,0,19,0,19,413,40,73,0,526,0,0,0,526
07/20/2022,TPA,FL,ASO,ES,Combined TRACON& Tower with Radar,429,51,50,0,530,0,1,20,0,21,429,52,70,0,551,0,0,0,551
07/21/2022,TPA,FL,ASO,ES,Combined TRACON& Tower with Radar,424,44,56,0,524,0,2,20,0,22,424,46,76,0,546,0,0,0,546
07/22/2022,TPA,FL,ASO,ES,Combined TRACON& Tower with Radar,439,58,43,0,540,1,0,11,0,12,440,58,54,0,552,0,0,0,552
07/23/2022,TPA,FL,ASO,ES,Combined TRACON& Tower with Radar,456,31,33,0,520,0,0,10,0,10,456,31,43,0,530,0,0,0,530
07/24/2022,TPA,FL,ASO,ES,Combined TRACON& Tower with Radar,410,41,53,0,504,0,0,12,0,12,410,41,65,0,516,0,0,0,516
07/25/2022,TPA,FL,ASO,ES,Combined TRACON& Tower with Radar,405,47,62,0,514,0,0,16,0,16,405,47,78,0,530,0,0,0,530
07/26/2022,TPA,FL,ASO,ES,Combined TRACON& Tower with Radar,420,32,45,0,497,0,7,9,0,16,420,39,54,0,513,0,0,0,513
07/27/2022,TPA,FL,ASO,ES,Combined TRACON& Tower with Radar,423,39,82,2,546,1,4,16,0,21,424,43,98,2,567,0,0,0,567
07/28/2022,TPA,FL,ASO,ES,Combined TRACON& Tower with Radar,430,51,63,0,544,0,5,22,0,27,430,56,85,0,571,0,0,0,571
07/29/2022,TPA,FL,ASO,ES,Combined TRACON& Tower with Radar,439,44,65,2,550,0,4,12,0,16,439,48,77,2,566,0,0,0,566
07/30/2022,TPA,FL,ASO,ES,Combined TRACON& Tower with Radar,461,39,42,0,542,0,5,18,2,25,461,44,60,2,567,0,0,0,567
07/31/2022,TPA,FL,ASO,ES,Combined TRACON& Tower with Radar,406,60,50,0,516,1,0,27,2,30,407,60,77,2,546,0,0,0,546
08/01/2022,TPA,FL,ASO,ES,Combined TRACON& Tower with Radar,429,51,56,0,536,0,2,18,0,20,429,53,74,0,556,0,0,0,556
08/02/2022,TPA,FL,ASO,ES,Combined TRACON& Tower with Radar,404,55,47,2,508,0,0,4,3,7,404,55,51,5,515,0,0,0,515
08/03/2022,TPA,FL,ASO,ES,Combined TRACON& Tower with Radar,404,40,59,0,503,1,6,16,0,23,405,46,75,0,526,0,0,0,526
08/04/2022,TPA,FL,ASO,ES,Combined TRACON& Tower with Radar,400,65,65,2,532,0,2,17,0,19,400,67,82,2,551,0,0,0,551
08/05/2022,TPA,FL,ASO,ES,Combined TRACON& Tower with Radar,404,44,49,0,497,0,2,19,3,24,404,46,68,3,521,0,0,0,521
08/06/2022,TPA,FL,ASO,ES,Combined TRACON& Tower with Radar,442,44,27,0,513,0,0,16,1,17,442,44,43,1,530,0,0,0,530
08/07/2022,TPA,FL,ASO,ES,Combined TRACON& Tower with Radar,401,45,66,1,513,0,0,24,3,27,401,45,90,4,540,0,0,0,540
08/08/2022,TPA,FL,ASO,ES,Combined TRACON& Tower with Radar,416,52,48,0,516,1,1,4,0,6,417,53,52,0,522,0,0,0,522
08/09/2022,TPA,FL,ASO,ES,Combined TRACON& Tower with Radar,393,39,35,0,467,0,2,23,0,25,393,41,58,0,492,0,0,0,492
08/10/2022,TPA,FL,ASO,ES,Combined TRACON& Tower with Radar,401,30,39,0,470,0,3,17,2,22,401,33,56,2,492,0,0,0,492
08/11/2022,TPA,FL,ASO,ES,Combined TRACON& Tower with Radar,412,51,55,1,519,0,2,17,0,19,412,53,72,1,538,0,0,0,538
08/12/2022,TPA,FL,ASO,ES,Combined TRACON& Tower with Radar,427,46,55,2,530,1,3,17,0,21,428,49,72,2,551,0,0,0,551
08/13/2022,TPA,FL,ASO,ES,Combined TRACON& Tower with Radar,437,54,36,1,528,0,2,20,0,22,437,56,56,1,550,0,0,0,550
08/14/2022,TPA,FL,ASO,ES,Combined TRACON& Tower with Radar,409,40,43,3,495,0,0,12,3,15,409,40,55,6,510,0,0,0,510
08/15/2022,TPA,FL,ASO,ES,Combined TRACON& Tower with Radar,397,36,56,3,492,1,2,21,2,26,398,38,77,5,518,0,0,0,518
08/16/2022,TPA,FL,ASO,ES,Combined TRACON& Tower with Radar,396,30,45,6,477,0,4,15,0,19,396,34,60,6,496,0,0,0,496
08/17/2022,TPA,FL,ASO,ES,Combined TRACON& Tower with Radar,414,39,56,4,513,0,3,20,2,25,414,42,76,6,538,0,0,0,538
08/18/2022,TPA,FL,ASO,ES,Combined TRACON& Tower with Radar,406,50,69,4,529,0,5,18,6,29,406,55,87,10,558,0,0,0,558
08/19/2022,TPA,FL,ASO,ES,Combined TRACON& Tower with Radar,444,54,52,4,554,2,6,30,1,39,446,60,82,5,593,0,0,0,593
08/20/2022,TPA,FL,ASO,ES,Combined TRACON& Tower with Radar,456,43,34,0,533,0,3,22,1,26,456,46,56,1,559,0,0,0,559
08/21/2022,TPA,FL,ASO,ES,Combined TRACON& Tower with Radar,401,54,59,0,514,0,2,17,4,23,401,56,76,4,537,0,0,0,537
08/22/2022,TPA,FL,ASO,ES,Combined TRACON& Tower with Radar,389,41,51,10,491,1,0,26,2,29,390,41,77,12,520,0,0,0,520
08/23/2022,TPA,FL,ASO,ES,Combined TRACON& Tower with Radar,390,37,62,4,493,0,4,23,2,29,390,41,85,6,522,0,0,0,522
08/24/2022,TPA,FL,ASO,ES,Combined TRACON& Tower with Radar,401,47,66,6,520,0,3,12,2,17,401,50,78,8,537,0,0,0,537
08/25/2022,TPA,FL,ASO,ES,Combined TRACON& Tower with Radar,417,57,63,5,542,0,3,12,2,17,417,60,75,7,559,0,0,0,559
08/26/2022,TPA,FL,ASO,ES,Combined TRACON& Tower with Radar,434,50,51,3,538,1,4,13,0,18,435,54,64,3,556,0,0,0,556
08/27/2022,TPA,FL,ASO,ES,Combined TRACON& Tower with Radar,450,34,27,3,514,0,0,11,0,11,450,34,38,3,525,0,0,0,525
08/28/2022,TPA,FL,ASO,ES,Combined TRACON& Tower with Radar,410,40,40,3,493,0,0,9,0,9,410,40,49,3,502,0,0,0,502
08/29/2022,TPA,FL,ASO,ES,Combined TRACON& Tower with Radar,397,54,46,1,498,1,0,12,2,15,398,54,58,3,513,0,0,0,513
08/30/2022,TPA,FL,ASO,ES,Combined TRACON& Tower with Radar,384,39,56,5,484,0,1,16,4,21,384,40,72,9,505,0,0,0,505
08/31/2022,TPA,FL,ASO,ES,Combined TRACON& Tower with Radar,407,34,78,2,521,0,2,17,2,21,407,36,95,4,542,0,0,0,542
09/01/2022,TPA,FL,ASO,ES,Combined TRACON& Tower with Radar,417,55,58,2,532,0,0,22,0,22,417,55,80,2,554,0,0,0,554
09/02/2022,TPA,FL,ASO,ES,Combined TRACON& Tower with Radar,437,47,47,1,532,1,2,18,0,21,438,49,65,1,553,0,0,0,553
09/03/2022,TPA,FL,ASO,ES,Combined TRACON& Tower with Radar,432,35,32,0,499,0,2,13,1,16,432,37,45,1,515,0,0,0,515
09/04/2022,TPA,FL,ASO,ES,Combined TRACON& Tower with Radar,370,30,23,0,423,0,0,7,0,7,370,30,30,0,430,0,0,0,430
09/05/2022,TPA,FL,ASO,ES,Combined TRACON& Tower with Radar,399,55,66,0,520,0,0,17,0,17,399,55,83,0,537,0,0,0,537
09/06/2022,TPA,FL,ASO,ES,Combined TRACON& Tower with Radar,380,38,47,0,465,0,0,17,0,17,380,38,64,0,482,0,0,0,482
09/07/2022,TPA,FL,ASO,ES,Combined TRACON& Tower with Radar,379,40,44,2,465,1,3,15,4,23,380,43,59,6,488,0,0,0,488
09/08/2022,TPA,FL,ASO,ES,Combined TRACON& Tower with Radar,422,56,37,1,516,0,2,9,2,13,422,58,46,3,529,0,0,0,529
09/09/2022,TPA,FL,ASO,ES,Combined TRACON& Tower with Radar,414,72,50,2,538,1,1,14,2,18,415,73,64,4,556,0,0,0,556
09/10/2022,TPA,FL,ASO,ES,Combined TRACON& Tower with Radar,403,39,22,0,464,0,1,14,0,15,403,40,36,0,479,0,0,0,479
09/11/2022,TPA,FL,ASO,ES,Combined TRACON& Tower with Radar,401,41,51,2,495,0,0,23,0,23,401,41,74,2,518,0,0,0,518
09/12/2022,TPA,FL,ASO,ES,Combined TRACON& Tower with Radar,408,53,49,0,510,1,0,10,1,12,409,53,59,1,522,0,0,0,522
09/13/2022,TPA,FL,ASO,ES,Combined TRACON& Tower with Radar,381,60,64,0,505,0,0,23,1,24,381,60,87,1,529,0,0,0,529
09/14/2022,TPA,FL,ASO,ES,Combined TRACON& Tower with Radar,414,51,70,0,535,0,1,19,2,22,414,52,89,2,557,0,0,0,557
09/15/2022,TPA,FL,ASO,ES,Combined TRACON& Tower with Radar,421,61,55,0,537,0,1,23,2,26,421,62,78,2,563,0,0,0,563
09/16/2022,TPA,FL,ASO,ES,Combined TRACON& Tower with Radar,407,54,58,4,523,1,1,12,0,14,408,55,70,4,537,0,0,0,537
09/17/2022,TPA,FL,ASO,ES,Combined TRACON& Tower with Radar,404,34,33,0,471,0,0,12,0,12,404,34,45,0,483,0,0,0,483
09/18/2022,TPA,FL,ASO,ES,Combined TRACON& Tower with Radar,401,53,50,0,504,0,0,15,0,15,401,53,65,0,519,0,0,0,519
09/19/2022,TPA,FL,ASO,ES,Combined TRACON& Tower with Radar,423,54,66,0,543,1,0,20,4,25,424,54,86,4,568,0,0,0,568
09/20/2022,TPA,FL,ASO,ES,Combined TRACON& Tower with Radar,376,48,46,2,472,0,1,23,4,28,376,49,69,6,500,0,0,0,500
09/21/2022,TPA,FL,ASO,ES,Combined TRACON& Tower with Radar,379,39,74,0,492,0,3,31,2,36,379,42,105,2,528,0,0,0,528
09/22/2022,TPA,FL,ASO,ES,Combined TRACON& Tower with Radar,407,55,51,0,513,0,1,32,4,37,407,56,83,4,550,0,0,0,550
09/23/2022,TPA,FL,ASO,ES,Combined TRACON& Tower with Radar,437,58,64,0,559,1,0,23,0,24,438,58,87,0,583,0,0,0,583
09/24/2022,TPA,FL,ASO,ES,Combined TRACON& Tower with Radar,406,45,36,0,487,0,0,28,3,31,406,45,64,3,518,0,0,0,518
09/25/2022,TPA,FL,ASO,ES,Combined TRACON& Tower with Radar,399,79,83,2,563,0,0,32,0,32,399,79,115,2,595,0,0,0,595
09/26/2022,TPA,FL,ASO,ES,Combined TRACON& Tower with Radar,407,74,90,4,575,1,1,8,0,10,408,75,98,4,585,0,0,0,585
09/27/2022,TPA,FL,ASO,ES,Combined TRACON& Tower with Radar,259,76,58,4,397,0,1,15,2,18,259,77,73,6,415,0,0,0,415
09/28/2022,TPA,FL,ASO,ES,Combined TRACON& Tower with Radar,0,0,0,0,0,0,0,0,0,0,0,0,0,0,0,0,0,0,0
09/29/2022,TPA,FL,ASO,ES,Combined TRACON& Tower with Radar,2,4,0,0,6,0,0,5,0,5,2,4,5,0,11,0,0,0,11
09/30/2022,TPA,FL,ASO,ES,Combined TRACON& Tower with Radar,250,36,51,0,337,1,2,16,3,22,251,38,67,3,359,0,0,0,359
10/01/2022,TPA,FL,ASO,ES,Combined TRACON& Tower with Radar,391,54,47,0,492,0,1,22,1,24,391,55,69,1,516,0,0,0,516
10/02/2022,TPA,FL,ASO,ES,Combined TRACON& Tower with Radar,414,72,76,0,562,0,0,35,1,36,414,72,111,1,598,0,0,0,598
10/03/2022,TPA,FL,ASO,ES,Combined TRACON& Tower with Radar,414,79,67,3,563,0,0,22,2,24,414,79,89,5,587,0,0,0,587
10/04/2022,TPA,FL,ASO,ES,Combined TRACON& Tower with Radar,384,38,64,0,486,0,1,24,0,25,384,39,88,0,511,0,0,0,511
10/05/2022,TPA,FL,ASO,ES,Combined TRACON& Tower with Radar,384,35,58,0,477,0,3,14,5,22,384,38,72,5,499,0,0,0,499
10/06/2022,TPA,FL,ASO,ES,Combined TRACON& Tower with Radar,416,67,78,0,561,0,2,23,3,28,416,69,101,3,589,0,0,0,589
10/07/2022,TPA,FL,ASO,ES,Combined TRACON& Tower with Radar,434,51,59,0,544,1,1,31,0,33,435,52,90,0,577,0,0,0,577
10/08/2022,TPA,FL,ASO,ES,Combined TRACON& Tower with Radar,424,46,39,0,509,0,3,12,0,15,424,49,51,0,524,0,0,0,524
10/09/2022,TPA,FL,ASO,ES,Combined TRACON& Tower with Radar,414,65,78,0,557,0,0,24,1,25,414,65,102,1,582,0,0,0,582
10/10/2022,TPA,FL,ASO,ES,Combined TRACON& Tower with Radar,414,68,57,1,540,1,0,28,2,31,415,68,85,3,571,0,0,0,571
10/11/2022,TPA,FL,ASO,ES,Combined TRACON& Tower with Radar,412,53,58,4,527,0,4,29,0,33,412,57,87,4,560,0,0,0,560
10/12/2022,TPA,FL,ASO,ES,Combined TRACON& Tower with Radar,410,53,63,4,530,0,2,24,2,28,410,55,87,6,558,0,0,0,558
10/13/2022,TPA,FL,ASO,ES,Combined TRACON& Tower with Radar,421,70,73,1,565,0,1,27,2,30,421,71,100,3,595,0,0,0,595
10/14/2022,TPA,FL,ASO,ES,Combined TRACON& Tower with Radar,441,68,81,1,591,1,0,21,2,24,442,68,102,3,615,0,0,0,615
10/15/2022,TPA,FL,ASO,ES,Combined TRACON& Tower with Radar,416,41,40,0,497,0,2,12,0,14,416,43,52,0,511,0,0,0,511
10/16/2022,TPA,FL,ASO,ES,Combined TRACON& Tower with Radar,421,67,49,2,539,0,0,29,0,29,421,67,78,2,568,0,0,0,568
10/17/2022,TPA,FL,ASO,ES,Combined TRACON& Tower with Radar,414,70,61,4,549,1,0,17,1,19,415,70,78,5,568,0,0,0,568
10/18/2022,TPA,FL,ASO,ES,Combined TRACON& Tower with Radar,411,47,44,4,506,0,1,31,0,32,411,48,75,4,538,0,0,0,538
10/19/2022,TPA,FL,ASO,ES,Combined TRACON& Tower with Radar,432,56,65,5,558,0,1,17,1,19,432,57,82,6,577,0,0,0,577
10/20/2022,TPA,FL,ASO,ES,Combined TRACON& Tower with Radar,427,74,77,9,587,0,2,31,2,35,427,76,108,11,622,0,0,0,622
10/21/2022,TPA,FL,ASO,ES,Combined TRACON& Tower with Radar,441,72,62,5,580,1,1,18,0,20,442,73,80,5,600,0,0,0,600
10/22/2022,TPA,FL,ASO,ES,Combined TRACON& Tower with Radar,425,67,43,2,537,0,2,13,0,15,425,69,56,2,552,0,0,0,552
10/23/2022,TPA,FL,ASO,ES,Combined TRACON& Tower with Radar,419,53,86,2,560,0,0,27,1,28,419,53,113,3,588,0,0,0,588
10/24/2022,TPA,FL,ASO,ES,Combined TRACON& Tower with Radar,413,58,58,5,534,0,0,28,2,30,413,58,86,7,564,0,0,0,564
10/25/2022,TPA,FL,ASO,ES,Combined TRACON& Tower with Radar,393,47,69,4,513,0,1,47,0,48,393,48,116,4,561,0,0,0,561
10/26/2022,TPA,FL,ASO,ES,Combined TRACON& Tower with Radar,410,70,65,7,552,1,3,23,3,30,411,73,88,10,582,0,0,0,582
10/27/2022,TPA,FL,ASO,ES,Combined TRACON& Tower with Radar,420,88,87,2,597,0,1,25,0,26,420,89,112,2,623,0,0,0,623
10/28/2022,TPA,FL,ASO,ES,Combined TRACON& Tower with Radar,427,84,67,1,579,0,0,13,1,14,427,84,80,2,593,0,0,0,593
10/29/2022,TPA,FL,ASO,ES,Combined TRACON& Tower with Radar,415,41,49,0,505,0,1,15,0,16,415,42,64,0,521,0,0,0,521
10/30/2022,TPA,FL,ASO,ES,Combined TRACON& Tower with Radar,426,53,46,2,527,1,0,15,0,16,427,53,61,2,543,0,0,0,543
10/31/2022,TPA,FL,ASO,ES,Combined TRACON& Tower with Radar,407,64,41,0,512,0,0,18,1,19,407,64,59,1,531,0,0,0,531
11/01/2022,TPA,FL,ASO,ES,Combined TRACON& Tower with Radar,410,49,54,0,513,0,2,15,0,17,410,51,69,0,530,0,0,0,530
11/02/2022,TPA,FL,ASO,ES,Combined TRACON& Tower with Radar,423,73,70,0,566,0,1,15,2,18,423,74,85,2,584,0,0,0,584
11/03/2022,TPA,FL,ASO,ES,Combined TRACON& Tower with Radar,440,72,68,0,580,0,2,16,5,23,440,74,84,5,603,0,0,0,603
11/04/2022,TPA,FL,ASO,ES,Combined TRACON& Tower with Radar,440,73,65,0,578,0,1,28,0,29,440,74,93,0,607,0,0,0,607
11/05/2022,TPA,FL,ASO,ES,Combined TRACON& Tower with Radar,453,55,48,2,558,0,1,12,0,13,453,56,60,2,571,0,0,0,571
11/06/2022,TPA,FL,ASO,ES,Combined TRACON& Tower with Radar,438,78,92,0,608,1,2,23,0,26,439,80,115,0,634,0,0,0,634
11/07/2022,TPA,FL,ASO,ES,Combined TRACON& Tower with Radar,454,62,85,1,602,0,0,17,2,19,454,62,102,3,621,0,0,0,621
11/08/2022,TPA,FL,ASO,ES,Combined TRACON& Tower with Radar,447,79,98,0,624,0,3,15,2,20,447,82,113,2,644,0,0,0,644
11/09/2022,TPA,FL,ASO,ES,Combined TRACON& Tower with Radar,467,78,61,1,607,1,2,7,2,12,468,80,68,3,619,0,0,0,619
11/10/2022,TPA,FL,ASO,ES,Combined TRACON& Tower with Radar,381,44,25,0,450,0,0,4,0,4,381,44,29,0,454,0,0,0,454
11/11/2022,TPA,FL,ASO,ES,Combined TRACON& Tower with Radar,458,61,37,0,556,0,2,22,2,26,458,63,59,2,582,0,0,0,582
11/12/2022,TPA,FL,ASO,ES,Combined TRACON& Tower with Radar,513,44,43,0,600,0,1,14,1,16,513,45,57,1,616,0,0,0,616
11/13/2022,TPA,FL,ASO,ES,Combined TRACON& Tower with Radar,461,47,69,0,577,1,0,18,0,19,462,47,87,0,596,0,0,0,596
11/14/2022,TPA,FL,ASO,ES,Combined TRACON& Tower with Radar,458,64,87,1,610,2,0,11,2,15,460,64,98,3,625,0,0,0,625
11/15/2022,TPA,FL,ASO,ES,Combined TRACON& Tower with Radar,432,68,68,1,569,0,2,19,4,25,432,70,87,5,594,0,0,0,594
11/16/2022,TPA,FL,ASO,ES,Combined TRACON& Tower with Radar,438,59,63,6,566,1,0,17,0,18,439,59,80,6,584,0,0,0,584
11/17/2022,TPA,FL,ASO,ES,Combined TRACON& Tower with Radar,479,80,84,0,643,0,3,30,3,36,479,83,114,3,679,0,0,0,679
11/18/2022,TPA,FL,ASO,ES,Combined TRACON& Tower with Radar,473,69,64,1,607,0,0,20,2,22,473,69,84,3,629,0,0,0,629
11/19/2022,TPA,FL,ASO,ES,Combined TRACON& Tower with Radar,527,36,51,1,615,0,2,13,2,17,527,38,64,3,632,0,0,0,632
11/20/2022,TPA,FL,ASO,ES,Combined TRACON& Tower with Radar,478,63,71,0,612,1,0,7,0,8,479,63,78,0,620,0,0,0,620
11/21/2022,TPA,FL,ASO,ES,Combined TRACON& Tower with Radar,477,69,45,0,591,0,0,15,2,17,477,69,60,2,608,0,0,0,608
11/22/2022,TPA,FL,ASO,ES,Combined TRACON& Tower with Radar,487,84,71,0,642,0,0,12,0,12,487,84,83,0,654,0,0,0,654
11/23/2022,TPA,FL,ASO,ES,Combined TRACON& Tower with Radar,537,68,62,0,667,0,1,8,0,9,537,69,70,0,676,0,0,0,676
11/24/2022,TPA,FL,ASO,ES,Combined TRACON& Tower with Radar,345,52,14,0,411,0,0,5,0,5,345,52,19,0,416,0,0,0,416
11/25/2022,TPA,FL,ASO,ES,Combined TRACON& Tower with Radar,417,57,49,0,523,2,0,9,0,11,419,57,58,0,534,0,0,0,534
11/26/2022,TPA,FL,ASO,ES,Combined TRACON& Tower with Radar,532,56,63,0,651,1,0,9,0,10,533,56,72,0,661,0,0,0,661
11/27/2022,TPA,FL,ASO,ES,Combined TRACON& Tower with Radar,487,62,76,0,625,0,0,5,0,5,487,62,81,0,630,0,0,0,630
11/28/2022,TPA,FL,ASO,ES,Combined TRACON& Tower with Radar,503,51,64,0,618,1,0,23,2,26,504,51,87,2,644,0,0,0,644
11/29/2022,TPA,FL,ASO,ES,Combined TRACON& Tower with Radar,446,67,63,0,576,0,2,24,2,28,446,69,87,2,604,0,0,0,604
11/30/2022,TPA,FL,ASO,ES,Combined TRACON& Tower with Radar,444,61,71,0,576,0,3,14,2,19,444,64,85,2,595,0,0,0,595
12/01/2022,TPA,FL,ASO,ES,Combined TRACON& Tower with Radar,468,93,74,0,635,1,1,12,2,16,469,94,86,2,651,0,0,0,651
12/02/2022,TPA,FL,ASO,ES,Combined TRACON& Tower with Radar,468,54,78,0,600,0,1,20,0,21,468,55,98,0,621,0,0,0,621
12/03/2022,TPA,FL,ASO,ES,Combined TRACON& Tower with Radar,504,49,41,0,594,0,0,14,0,14,504,49,55,0,608,0,0,0,608
12/04/2022,TPA,FL,ASO,ES,Combined TRACON& Tower with Radar,468,49,72,0,589,0,0,13,0,13,468,49,85,0,602,0,0,0,602
12/05/2022,TPA,FL,ASO,ES,Combined TRACON& Tower with Radar,446,72,89,4,611,0,1,16,2,19,446,73,105,6,630,0,0,0,630
12/06/2022,TPA,FL,ASO,ES,Combined TRACON& Tower with Radar,445,75,78,0,598,0,4,15,1,20,445,79,93,1,618,0,0,0,618
12/07/2022,TPA,FL,ASO,ES,Combined TRACON& Tower with Radar,444,61,82,1,588,0,1,23,0,24,444,62,105,1,612,0,0,0,612
12/08/2022,TPA,FL,ASO,ES,Combined TRACON& Tower with Radar,474,80,70,0,624,0,3,13,0,16,474,83,83,0,640,0,0,0,640
12/09/2022,TPA,FL,ASO,ES,Combined TRACON& Tower with Radar,486,73,65,1,625,1,2,11,0,14,487,75,76,1,639,0,0,0,639
12/10/2022,TPA,FL,ASO,ES,Combined TRACON& Tower with Radar,521,51,50,0,622,0,1,7,0,8,521,52,57,0,630,0,0,0,630
12/11/2022,TPA,FL,ASO,ES,Combined TRACON& Tower with Radar,461,57,50,1,569,0,0,8,0,8,461,57,58,1,577,0,0,0,577
12/12/2022,TPA,FL,ASO,ES,Combined TRACON& Tower with Radar,467,61,80,0,608,1,0,15,0,16,468,61,95,0,624,0,0,0,624
12/13/2022,TPA,FL,ASO,ES,Combined TRACON& Tower with Radar,444,61,69,0,574,0,1,13,0,14,444,62,82,0,588,0,0,0,588
12/14/2022,TPA,FL,ASO,ES,Combined TRACON& Tower with Radar,446,66,71,4,587,1,1,22,0,24,447,67,93,4,611,0,0,0,611
12/15/2022,TPA,FL,ASO,ES,Combined TRACON& Tower with Radar,486,73,48,0,607,0,0,3,2,5,486,73,51,2,612,0,0,0,612
12/16/2022,TPA,FL,ASO,ES,Combined TRACON& Tower with Radar,516,79,57,0,652,1,2,14,3,20,517,81,71,3,672,0,0,0,672
12/17/2022,TPA,FL,ASO,ES,Combined TRACON& Tower with Radar,549,51,38,0,638,1,0,15,0,16,550,51,53,0,654,0,0,0,654
12/18/2022,TPA,FL,ASO,ES,Combined TRACON& Tower with Radar,513,70,79,0,662,1,0,19,1,21,514,70,98,1,683,0,0,0,683
12/19/2022,TPA,FL,ASO,ES,Combined TRACON& Tower with Radar,499,70,56,0,625,0,0,22,2,24,499,70,78,2,649,0,0,0,649
12/20/2022,TPA,FL,ASO,ES,Combined TRACON& Tower with Radar,484,43,39,0,566,0,1,11,0,12,484,44,50,0,578,0,0,0,578
12/21/2022,TPA,FL,ASO,ES,Combined TRACON& Tower with Radar,527,56,63,0,646,0,1,6,0,7,527,57,69,0,653,0,0,0,653
12/22/2022,TPA,FL,ASO,ES,Combined TRACON& Tower with Radar,514,82,58,0,654,1,0,3,0,4,515,82,61,0,658,0,0,0,658
12/23/2022,TPA,FL,ASO,ES,Combined TRACON& Tower with Radar,454,68,61,0,583,1,1,4,0,6,455,69,65,0,589,0,0,0,589
12/24/2022,TPA,FL,ASO,ES,Combined TRACON& Tower with Radar,423,42,24,0,489,1,2,6,0,9,424,44,30,0,498,0,0,0,498
12/25/2022,TPA,FL,ASO,ES,Combined TRACON& Tower with Radar,349,38,12,0,399,0,0,0,0,0,349,38,12,0,399,0,0,0,399
12/26/2022,TPA,FL,ASO,ES,Combined TRACON& Tower with Radar,394,55,65,0,514,1,0,30,0,31,395,55,95,0,545,0,0,0,545
12/27/2022,TPA,FL,ASO,ES,Combined TRACON& Tower with Radar,411,48,73,2,534,0,0,13,2,15,411,48,86,4,549,0,0,0,549
12/28/2022,TPA,FL,ASO,ES,Combined TRACON& Tower with Radar,426,38,61,0,525,0,3,20,2,25,426,41,81,2,550,0,0,0,550
12/29/2022,TPA,FL,ASO,ES,Combined TRACON& Tower with Radar,433,58,46,0,537,1,0,20,2,23,434,58,66,2,560,0,0,0,560
12/30/2022,TPA,FL,ASO,ES,Combined TRACON& Tower with Radar,536,67,63,0,666,1,2,12,1,16,537,69,75,1,682,0,0,0,682
12/31/2022,TPA,FL,ASO,ES,Combined TRACON& Tower with Radar,512,38,42,0,592,1,1,3,0,5,513,39,45,0,597,0,0,0,597
01/01/2023,TPA,FL,ASO,ES,Combined TRACON& Tower with Radar,458,54,49,0,561,0,0,5,0,5,458,54,54,0,566,0,0,0,566
01/02/2023,TPA,FL,ASO,ES,Combined TRACON& Tower with Radar,487,75,103,0,665,3,3,26,1,33,490,78,129,1,698,0,0,0,698
01/03/2023,TPA,FL,ASO,ES,Combined TRACON& Tower with Radar,479,52,69,0,600,0,3,22,0,25,479,55,91,0,625,0,0,0,625
01/04/2023,TPA,FL,ASO,ES,Combined TRACON& Tower with Radar,397,77,53,0,527,1,4,14,2,21,398,81,67,2,548,0,0,0,548
01/05/2023,TPA,FL,ASO,ES,Combined TRACON& Tower with Radar,494,85,89,0,668,1,0,14,0,15,495,85,103,0,683,0,0,0,683
01/06/2023,TPA,FL,ASO,ES,Combined TRACON& Tower with Radar,518,64,70,0,652,0,5,22,0,27,518,69,92,0,679,0,0,0,679
01/07/2023,TPA,FL,ASO,ES,Combined TRACON& Tower with Radar,498,49,35,0,582,1,2,10,0,13,499,51,45,0,595,0,0,0,595
01/08/2023,TPA,FL,ASO,ES,Combined TRACON& Tower with Radar,519,48,63,0,630,0,0,12,0,12,519,48,75,0,642,0,0,0,642
01/09/2023,TPA,FL,ASO,ES,Combined TRACON& Tower with Radar,475,41,57,0,573,0,0,11,2,13,475,41,68,2,586,0,0,0,586
01/10/2023,TPA,FL,ASO,ES,Combined TRACON& Tower with Radar,452,50,41,2,545,0,5,17,1,23,452,55,58,3,568,0,0,0,568
01/11/2023,TPA,FL,ASO,ES,Combined TRACON& Tower with Radar,421,51,87,7,566,1,6,35,6,48,422,57,122,13,614,0,0,0,614
01/12/2023,TPA,FL,ASO,ES,Combined TRACON& Tower with Radar,492,59,97,0,648,1,2,27,0,30,493,61,124,0,678,0,0,0,678
01/13/2023,TPA,FL,ASO,ES,Combined TRACON& Tower with Radar,504,55,68,2,629,0,1,18,1,20,504,56,86,3,649,0,0,0,649
01/14/2023,TPA,FL,ASO,ES,Combined TRACON& Tower with Radar,499,52,39,2,592,0,3,19,0,22,499,55,58,2,614,0,0,0,614
01/15/2023,TPA,FL,ASO,ES,Combined TRACON& Tower with Radar,509,48,51,1,609,0,0,17,0,17,509,48,68,1,626,0,0,0,626
01/16/2023,TPA,FL,ASO,ES,Combined TRACON& Tower with Radar,468,75,109,1,653,0,0,18,0,18,468,75,127,1,671,0,0,0,671
01/17/2023,TPA,FL,ASO,ES,Combined TRACON& Tower with Radar,439,111,104,1,655,0,3,30,0,33,439,114,134,1,688,0,0,0,688
01/18/2023,TPA,FL,ASO,ES,Combined TRACON& Tower with Radar,447,57,68,0,572,0,2,14,1,17,447,59,82,1,589,0,0,0,589
01/19/2023,TPA,FL,ASO,ES,Combined TRACON& Tower with Radar,477,72,75,1,625,0,2,29,0,31,477,74,104,1,656,0,0,0,656
01/20/2023,TPA,FL,ASO,ES,Combined TRACON& Tower with Radar,490,64,95,4,653,0,1,12,2,15,490,65,107,6,668,0,0,0,668
01/21/2023,TPA,FL,ASO,ES,Combined TRACON& Tower with Radar,483,48,30,1,562,1,2,17,0,20,484,50,47,1,582,0,0,0,582
01/22/2023,TPA,FL,ASO,ES,Combined TRACON& Tower with Radar,499,36,49,1,585,1,0,9,0,10,500,36,58,1,595,0,0,0,595
01/23/2023,TPA,FL,ASO,ES,Combined TRACON& Tower with Radar,485,47,50,4,586,0,0,9,4,13,485,47,59,8,599,0,0,0,599
01/24/2023,TPA,FL,ASO,ES,Combined TRACON& Tower with Radar,449,62,70,0,581,0,0,13,2,15,449,62,83,2,596,0,0,0,596
01/25/2023,TPA,FL,ASO,ES,Combined TRACON& Tower with Radar,437,84,69,0,590,0,5,11,1,17,437,89,80,1,607,0,0,0,607
01/26/2023,TPA,FL,ASO,ES,Combined TRACON& Tower with Radar,492,88,88,0,668,1,2,13,2,18,493,90,101,2,686,0,0,0,686
01/27/2023,TPA,FL,ASO,ES,Combined TRACON& Tower with Radar,517,65,64,0,646,0,4,12,1,17,517,69,76,1,663,0,0,0,663
01/28/2023,TPA,FL,ASO,ES,Combined TRACON& Tower with Radar,481,51,48,2,582,1,5,25,2,33,482,56,73,4,615,0,0,0,615
01/29/2023,TPA,FL,ASO,ES,Combined TRACON& Tower with Radar,506,64,47,1,618,0,2,12,0,14,506,66,59,1,632,0,0,0,632
01/30/2023,TPA,FL,ASO,ES,Combined TRACON& Tower with Radar,469,62,67,0,598,0,4,16,2,22,469,66,83,2,620,0,0,0,620
01/31/2023,TPA,FL,ASO,ES,Combined TRACON& Tower with Radar,419,63,66,0,548,0,5,13,0,18,419,68,79,0,566,0,0,0,566
02/01/2023,TPA,FL,ASO,ES,Combined TRACON& Tower with Radar,424,84,86,0,594,1,2,34,0,37,425,86,120,0,631,0,0,0,631
02/02/2023,TPA,FL,ASO,ES,Combined TRACON& Tower with Radar,468,73,72,0,613,0,1,35,2,38,468,74,107,2,651,0,0,0,651
02/03/2023,TPA,FL,ASO,ES,Combined TRACON& Tower with Radar,510,82,69,2,663,0,0,11,0,11,510,82,80,2,674,0,0,0,674
02/04/2023,TPA,FL,ASO,ES,Combined TRACON& Tower with Radar,494,49,42,1,586,0,9,21,0,30,494,58,63,1,616,0,0,0,616
02/05/2023,TPA,FL,ASO,ES,Combined TRACON& Tower with Radar,519,52,46,2,619,1,2,18,0,21,520,54,64,2,640,0,0,0,640
02/06/2023,TPA,FL,ASO,ES,Combined TRACON& Tower with Radar,490,53,58,1,602,0,4,27,1,32,490,57,85,2,634,0,0,0,634
02/07/2023,TPA,FL,ASO,ES,Combined TRACON& Tower with Radar,453,63,69,1,586,0,9,21,2,32,453,72,90,3,618,0,0,0,618
02/08/2023,TPA,FL,ASO,ES,Combined TRACON& Tower with Radar,459,70,80,1,610,1,4,32,0,37,460,74,112,1,647,0,0,0,647
02/09/2023,TPA,FL,ASO,ES,Combined TRACON& Tower with Radar,490,65,49,3,607,0,2,6,2,10,490,67,55,5,617,0,0,0,617
02/10/2023,TPA,FL,ASO,ES,Combined TRACON& Tower with Radar,503,57,63,0,623,1,2,7,2,12,504,59,70,2,635,0,0,0,635
02/11/2023,TPA,FL,ASO,ES,Combined TRACON& Tower with Radar,512,37,46,0,595,0,6,7,0,13,512,43,53,0,608,0,0,0,608
02/12/2023,TPA,FL,ASO,ES,Combined TRACON& Tower with Radar,513,42,57,3,615,1,0,8,0,9,514,42,65,3,624,0,0,0,624
02/13/2023,TPA,FL,ASO,ES,Combined TRACON& Tower with Radar,487,74,70,4,635,1,3,28,2,34,488,77,98,6,669,0,0,0,669
02/14/2023,TPA,FL,ASO,ES,Combined TRACON& Tower with Radar,460,61,63,3,587,0,5,34,0,39,460,66,97,3,626,0,0,0,626
02/15/2023,TPA,FL,ASO,ES,Combined TRACON& Tower with Radar,464,54,65,0,583,0,2,28,2,32,464,56,93,2,615,0,0,0,615
02/16/2023,TPA,FL,ASO,ES,Combined TRACON& Tower with Radar,495,86,83,0,664,0,3,17,2,22,495,89,100,2,686,0,0,0,686
02/17/2023,TPA,FL,ASO,ES,Combined TRACON& Tower with Radar,489,78,82,1,650,1,2,23,3,29,490,80,105,4,679,0,0,0,679
02/18/2023,TPA,FL,ASO,ES,Combined TRACON& Tower with Radar,534,49,51,0,634,0,7,25,0,32,534,56,76,0,666,0,0,0,666
02/19/2023,TPA,FL,ASO,ES,Combined TRACON& Tower with Radar,519,50,51,2,622,1,5,15,0,21,520,55,66,2,643,0,0,0,643
02/20/2023,TPA,FL,ASO,ES,Combined TRACON& Tower with Radar,483,52,62,1,598,1,5,30,1,37,484,57,92,2,635,0,0,0,635
02/21/2023,TPA,FL,ASO,ES,Combined TRACON& Tower with Radar,480,56,55,0,591,0,4,13,2,19,480,60,68,2,610,0,0,0,610
02/22/2023,TPA,FL,ASO,ES,Combined TRACON& Tower with Radar,467,62,76,0,605,0,2,18,2,22,467,64,94,2,627,0,0,0,627
02/23/2023,TPA,FL,ASO,ES,Combined TRACON& Tower with Radar,493,93,81,0,667,0,3,34,0,37,493,96,115,0,704,0,0,0,704
02/24/2023,TPA,FL,ASO,ES,Combined TRACON& Tower with Radar,512,71,70,1,654,0,2,21,0,23,512,73,91,1,677,0,0,0,677
02/25/2023,TPA,FL,ASO,ES,Combined TRACON& Tower with Radar,514,43,35,1,593,0,3,12,2,17,514,46,47,3,610,0,0,0,610
02/26/2023,TPA,FL,ASO,ES,Combined TRACON& Tower with Radar,519,58,51,0,628,1,2,11,0,14,520,60,62,0,642,0,0,0,642
02/27/2023,TPA,FL,ASO,ES,Combined TRACON& Tower with Radar,493,56,52,2,603,1,2,23,2,28,494,58,75,4,631,0,0,0,631
02/28/2023,TPA,FL,ASO,ES,Combined TRACON& Tower with Radar,486,64,79,0,629,0,3,15,0,18,486,67,94,0,647,0,0,0,647
03/01/2023,TPA,FL,ASO,ES,Combined TRACON& Tower with Radar,488,66,72,4,630,1,0,17,0,18,489,66,89,4,648,0,0,0,648
03/02/2023,TPA,FL,ASO,ES,Combined TRACON& Tower with Radar,498,74,77,2,651,0,3,29,2,34,498,77,106,4,685,0,0,0,685
03/03/2023,TPA,FL,ASO,ES,Combined TRACON& Tower with Radar,489,78,72,0,639,1,0,17,2,20,490,78,89,2,659,0,0,0,659
03/04/2023,TPA,FL,ASO,ES,Combined TRACON& Tower with Radar,504,47,51,1,603,0,4,9,0,13,504,51,60,1,616,0,0,0,616
03/05/2023,TPA,FL,ASO,ES,Combined TRACON& Tower with Radar,533,58,89,3,683,1,2,19,0,22,534,60,108,3,705,0,0,0,705
03/06/2023,TPA,FL,ASO,ES,Combined TRACON& Tower with Radar,509,60,79,3,651,1,4,13,2,20,510,64,92,5,671,0,0,0,671
03/07/2023,TPA,FL,ASO,ES,Combined TRACON& Tower with Radar,486,83,81,0,650,0,1,26,0,27,486,84,107,0,677,0,0,0,677
03/08/2023,TPA,FL,ASO,ES,Combined TRACON& Tower with Radar,479,73,74,2,628,0,1,33,2,36,479,74,107,4,664,0,0,0,664
03/09/2023,TPA,FL,ASO,ES,Combined TRACON& Tower with Radar,531,91,73,2,697,0,0,14,2,16,531,91,87,4,713,0,0,0,713
03/10/2023,TPA,FL,ASO,ES,Combined TRACON& Tower with Radar,546,75,73,1,695,1,1,15,3,20,547,76,88,4,715,0,0,0,715
03/11/2023,TPA,FL,ASO,ES,Combined TRACON& Tower with Radar,604,52,71,1,728,0,2,12,0,14,604,54,83,1,742,0,0,0,742
03/12/2023,TPA,FL,ASO,ES,Combined TRACON& Tower with Radar,541,65,77,0,683,0,0,24,1,25,541,65,101,1,708,0,0,0,708
03/13/2023,TPA,FL,ASO,ES,Combined TRACON& Tower with Radar,581,72,51,1,705,1,0,12,0,13,582,72,63,1,718,0,0,0,718
03/14/2023,TPA,FL,ASO,ES,Combined TRACON& Tower with Radar,529,58,68,4,659,0,1,28,2,31,529,59,96,6,690,0,0,0,690
03/15/2023,TPA,FL,ASO,ES,Combined TRACON& Tower with Radar,539,64,55,0,658,0,4,19,0,23,539,68,74,0,681,0,0,0,681
03/16/2023,TPA,FL,ASO,ES,Combined TRACON& Tower with Radar,538,69,64,0,671,0,3,21,0,24,538,72,85,0,695,0,0,0,695
03/17/2023,TPA,FL,ASO,ES,Combined TRACON& Tower with Radar,542,66,61,2,671,1,3,36,4,44,543,69,97,6,715,0,0,0,715
03/18/2023,TPA,FL,ASO,ES,Combined TRACON& Tower with Radar,609,54,54,0,717,0,3,14,0,17,609,57,68,0,734,0,0,0,734
03/19/2023,TPA,FL,ASO,ES,Combined TRACON& Tower with Radar,575,87,76,1,739,0,0,12,2,14,575,87,88,3,753,0,0,0,753
03/20/2023,TPA,FL,ASO,ES,Combined TRACON& Tower with Radar,577,58,52,0,687,1,1,13,2,17,578,59,65,2,704,0,0,0,704
03/21/2023,TPA,FL,ASO,ES,Combined TRACON& Tower with Radar,525,62,47,0,634,0,6,13,2,21,525,68,60,2,655,0,0,0,655
03/22/2023,TPA,FL,ASO,ES,Combined TRACON& Tower with Radar,527,65,66,1,659,0,5,22,0,27,527,70,88,1,686,0,0,0,686
03/23/2023,TPA,FL,ASO,ES,Combined TRACON& Tower with Radar,537,70,47,4,658,0,4,20,0,24,537,74,67,4,682,0,0,0,682
03/24/2023,TPA,FL,ASO,ES,Combined TRACON& Tower with Radar,554,64,68,1,687,1,10,26,4,41,555,74,94,5,728,0,0,0,728
03/25/2023,TPA,FL,ASO,ES,Combined TRACON& Tower with Radar,607,62,32,2,703,0,6,13,0,19,607,68,45,2,722,0,0,0,722
03/26/2023,TPA,FL,ASO,ES,Combined TRACON& Tower with Radar,546,50,71,0,667,0,2,13,0,15,546,52,84,0,682,0,0,0,682
03/27/2023,TPA,FL,ASO,ES,Combined TRACON& Tower with Radar,545,55,64,2,666,1,4,14,2,21,546,59,78,4,687,0,0,0,687
03/28/2023,TPA,FL,ASO,ES,Combined TRACON& Tower with Radar,513,72,71,2,658,0,4,15,3,22,513,76,86,5,680,0,0,0,680
03/29/2023,TPA,FL,ASO,ES,Combined TRACON& Tower with Radar,529,64,88,2,683,1,4,13,4,22,530,68,101,6,705,0,0,0,705
03/30/2023,TPA,FL,ASO,ES,Combined TRACON& Tower with Radar,553,66,69,3,691,0,3,28,0,31,553,69,97,3,722,0,0,0,722
03/31/2023,TPA,FL,ASO,ES,Combined TRACON& Tower with Radar,533,62,79,3,677,0,5,21,2,28,533,67,100,5,705,0,0,0,705
04/01/2023,TPA,FL,ASO,ES,Combined TRACON& Tower with Radar,580,60,52,0,692,0,4,19,0,23,580,64,71,0,715,0,0,0,715
04/02/2023,TPA,FL,ASO,ES,Combined TRACON& Tower with Radar,559,65,69,0,693,1,0,28,0,29,560,65,97,0,722,0,0,0,722
04/03/2023,TPA,FL,ASO,ES,Combined TRACON& Tower with Radar,544,58,55,5,662,1,1,18,0,20,545,59,73,5,682,0,0,0,682
04/04/2023,TPA,FL,ASO,ES,Combined TRACON& Tower with Radar,515,42,58,2,617,0,9,7,3,19,515,51,65,5,636,0,0,0,636
04/05/2023,TPA,FL,ASO,ES,Combined TRACON& Tower with Radar,498,62,94,2,656,0,4,19,3,26,498,66,113,5,682,0,0,0,682
04/06/2023,TPA,FL,ASO,ES,Combined TRACON& Tower with Radar,550,73,77,4,704,0,3,19,0,22,550,76,96,4,726,0,0,0,726
04/07/2023,TPA,FL,ASO,ES,Combined TRACON& Tower with Radar,567,74,60,2,703,0,3,11,2,16,567,77,71,4,719,0,0,0,719
04/08/2023,TPA,FL,ASO,ES,Combined TRACON& Tower with Radar,618,74,51,0,743,0,4,17,0,21,618,78,68,0,764,0,0,0,764
04/09/2023,TPA,FL,ASO,ES,Combined TRACON& Tower with Radar,593,43,55,0,691,1,0,12,0,13,594,43,67,0,704,0,0,0,704
04/10/2023,TPA,FL,ASO,ES,Combined TRACON& Tower with Radar,544,57,87,0,688,0,0,15,2,17,544,57,102,2,705,0,0,0,705
04/11/2023,TPA,FL,ASO,ES,Combined TRACON& Tower with Radar,513,69,65,0,647,0,2,13,0,15,513,71,78,0,662,0,0,0,662
04/12/2023,TPA,FL,ASO,ES,Combined TRACON& Tower with Radar,521,62,73,0,656,1,2,8,0,11,522,64,81,0,667,0,0,0,667
04/13/2023,TPA,FL,ASO,ES,Combined TRACON& Tower with Radar,545,90,114,4,753,0,3,24,2,29,545,93,138,6,782,0,0,0,782
04/14/2023,TPA,FL,ASO,ES,Combined TRACON& Tower with Radar,549,101,116,4,770,0,0,34,4,38,549,101,150,8,808,0,0,0,808
04/15/2023,TPA,FL,ASO,ES,Combined TRACON& Tower with Radar,530,82,78,0,690,0,3,16,0,19,530,85,94,0,709,0,0,0,709
04/16/2023,TPA,FL,ASO,ES,Combined TRACON& Tower with Radar,551,68,90,0,709,0,0,15,2,17,551,68,105,2,726,0,0,0,726
04/17/2023,TPA,FL,ASO,ES,Combined TRACON& Tower with Radar,582,69,47,7,705,2,0,14,1,17,584,69,61,8,722,0,0,0,722
04/18/2023,TPA,FL,ASO,ES,Combined TRACON& Tower with Radar,518,55,53,1,627,0,3,20,0,23,518,58,73,1,650,0,0,0,650
04/19/2023,TPA,FL,ASO,ES,Combined TRACON& Tower with Radar,497,60,69,0,626,1,3,23,0,27,498,63,92,0,653,0,0,0,653
04/20/2023,TPA,FL,ASO,ES,Combined TRACON& Tower with Radar,522,68,69,2,661,0,3,40,2,45,522,71,109,4,706,0,0,0,706
04/21/2023,TPA,FL,ASO,ES,Combined TRACON& Tower with Radar,537,67,66,1,671,0,6,27,2,35,537,73,93,3,706,0,0,0,706
04/22/2023,TPA,FL,ASO,ES,Combined TRACON& Tower with Radar,526,44,51,0,621,0,6,11,0,17,526,50,62,0,638,0,0,0,638
04/23/2023,TPA,FL,ASO,ES,Combined TRACON& Tower with Radar,540,52,87,1,680,1,2,9,0,12,541,54,96,1,692,0,0,0,692
04/24/2023,TPA,FL,ASO,ES,Combined TRACON& Tower with Radar,525,59,66,9,659,1,4,11,2,18,526,63,77,11,677,0,0,0,677
04/25/2023,TPA,FL,ASO,ES,Combined TRACON& Tower with Radar,514,64,57,3,638,0,1,25,2,28,514,65,82,5,666,0,0,0,666
04/26/2023,TPA,FL,ASO,ES,Combined TRACON& Tower with Radar,493,63,76,6,638,0,3,21,2,26,493,66,97,8,664,0,0,0,664
04/27/2023,TPA,FL,ASO,ES,Combined TRACON& Tower with Radar,464,66,66,4,600,0,0,13,2,15,464,66,79,6,615,0,0,0,615
04/28/2023,TPA,FL,ASO,ES,Combined TRACON& Tower with Radar,589,73,44,2,708,1,7,13,1,22,590,80,57,3,730,0,0,0,730
04/29/2023,TPA,FL,ASO,ES,Combined TRACON& Tower with Radar,529,53,51,0,633,0,2,4,0,6,529,55,55,0,639,0,0,0,639
04/30/2023,TPA,FL,ASO,ES,Combined TRACON& Tower with Radar,511,45,56,0,612,0,1,13,1,15,511,46,69,1,627,0,0,0,627
05/01/2023,TPA,FL,ASO,ES,Combined TRACON& Tower with Radar,520,57,33,0,610,1,8,16,0,25,521,65,49,0,635,0,0,0,635
05/02/2023,TPA,FL,ASO,ES,Combined TRACON& Tower with Radar,488,48,63,2,601,0,4,27,2,33,488,52,90,4,634,0,0,0,634
05/03/2023,TPA,FL,ASO,ES,Combined TRACON& Tower with Radar,476,62,80,0,618,1,6,26,0,33,477,68,106,0,651,0,0,0,651
05/04/2023,TPA,FL,ASO,ES,Combined TRACON& Tower with Radar,516,73,94,0,683,0,2,25,2,29,516,75,119,2,712,0,0,0,712
05/05/2023,TPA,FL,ASO,ES,Combined TRACON& Tower with Radar,498,64,59,3,624,0,3,31,6,40,498,67,90,9,664,0,0,0,664
05/06/2023,TPA,FL,ASO,ES,Combined TRACON& Tower with Radar,489,34,42,1,566,0,4,15,0,19,489,38,57,1,585,0,0,0,585
05/07/2023,TPA,FL,ASO,ES,Combined TRACON& Tower with Radar,481,65,60,3,609,0,2,17,1,20,481,67,77,4,629,0,0,0,629
05/08/2023,TPA,FL,ASO,ES,Combined TRACON& Tower with Radar,489,74,93,3,659,1,3,24,2,30,490,77,117,5,689,6,0,6,695
05/09/2023,TPA,FL,ASO,ES,Combined TRACON& Tower with Radar,474,67,61,2,604,0,7,23,3,33,474,74,84,5,637,0,0,0,637
05/10/2023,TPA,FL,ASO,ES,Combined TRACON& Tower with Radar,460,73,82,2,617,0,7,19,6,32,460,80,101,8,649,0,0,0,649
05/11/2023,TPA,FL,ASO,ES,Combined TRACON& Tower with Radar,487,64,69,4,624,0,4,16,2,22,487,68,85,6,646,0,0,0,646
05/12/2023,TPA,FL,ASO,ES,Combined TRACON& Tower with Radar,489,66,55,4,614,1,9,9,2,21,490,75,64,6,635,0,0,0,635
05/13/2023,TPA,FL,ASO,ES,Combined TRACON& Tower with Radar,488,56,32,3,579,0,8,24,1,33,488,64,56,4,612,0,0,0,612
05/14/2023,TPA,FL,ASO,ES,Combined TRACON& Tower with Radar,482,64,60,1,607,1,4,11,0,16,483,68,71,1,623,0,0,0,623
05/15/2023,TPA,FL,ASO,ES,Combined TRACON& Tower with Radar,472,61,57,1,591,0,1,16,2,19,472,62,73,3,610,0,0,0,610
05/16/2023,TPA,FL,ASO,ES,Combined TRACON& Tower with Radar,473,62,68,3,606,0,6,17,2,25,473,68,85,5,631,0,0,0,631
05/17/2023,TPA,FL,ASO,ES,Combined TRACON& Tower with Radar,462,55,64,4,585,0,8,17,0,25,462,63,81,4,610,0,0,0,610
05/18/2023,TPA,FL,ASO,ES,Combined TRACON& Tower with Radar,531,63,97,2,693,0,5,14,2,21,531,68,111,4,714,0,0,0,714
05/19/2023,TPA,FL,ASO,ES,Combined TRACON& Tower with Radar,500,71,62,0,633,1,2,22,2,27,501,73,84,2,660,0,0,0,660
05/20/2023,TPA,FL,ASO,ES,Combined TRACON& Tower with Radar,485,51,47,0,583,0,4,19,0,23,485,55,66,0,606,0,0,0,606
05/21/2023,TPA,FL,ASO,ES,Combined TRACON& Tower with Radar,528,55,64,0,647,0,0,20,0,20,528,55,84,0,667,0,0,0,667
05/22/2023,TPA,FL,ASO,ES,Combined TRACON& Tower with Radar,523,53,38,0,614,1,1,18,5,25,524,54,56,5,639,0,0,0,639
05/23/2023,TPA,FL,ASO,ES,Combined TRACON& Tower with Radar,472,59,68,0,599,0,1,9,0,10,472,60,77,0,609,0,0,0,609
05/24/2023,TPA,FL,ASO,ES,Combined TRACON& Tower with Radar,451,49,60,0,560,0,5,9,0,14,451,54,69,0,574,0,0,0,574
05/25/2023,TPA,FL,ASO,ES,Combined TRACON& Tower with Radar,507,59,72,0,638,0,0,14,2,16,507,59,86,2,654,0,0,0,654
05/26/2023,TPA,FL,ASO,ES,Combined TRACON& Tower with Radar,495,54,73,0,622,1,6,14,0,21,496,60,87,0,643,0,0,0,643
05/27/2023,TPA,FL,ASO,ES,Combined TRACON& Tower with Radar,488,42,39,0,569,0,6,15,0,21,488,48,54,0,590,0,0,0,590
05/28/2023,TPA,FL,ASO,ES,Combined TRACON& Tower with Radar,477,31,44,0,552,1,2,22,0,25,478,33,66,0,577,0,0,0,577
05/29/2023,TPA,FL,ASO,ES,Combined TRACON& Tower with Radar,469,35,61,0,565,1,2,21,0,24,470,37,82,0,589,0,0,0,589
05/30/2023,TPA,FL,ASO,ES,Combined TRACON& Tower with Radar,478,55,56,0,589,0,2,34,2,38,478,57,90,2,627,0,0,0,627
05/31/2023,TPA,FL,ASO,ES,Combined TRACON& Tower with Radar,474,60,53,0,587,1,2,15,1,19,475,62,68,1,606,0,0,0,606
06/01/2023,TPA,FL,ASO,ES,Combined TRACON& Tower with Radar,485,75,49,0,609,0,3,19,2,24,485,78,68,2,633,0,0,0,633
06/02/2023,TPA,FL,ASO,ES,Combined TRACON& Tower with Radar,474,67,69,0,610,0,1,12,0,13,474,68,81,0,623,0,0,0,623
06/03/2023,TPA,FL,ASO,ES,Combined TRACON& Tower with Radar,501,49,29,0,579,0,2,19,0,21,501,51,48,0,600,0,0,0,600
06/04/2023,TPA,FL,ASO,ES,Combined TRACON& Tower with Radar,491,50,45,0,586,1,1,20,0,22,492,51,65,0,608,0,0,0,608
06/05/2023,TPA,FL,ASO,ES,Combined TRACON& Tower with Radar,464,56,47,0,567,1,0,26,2,29,465,56,73,2,596,0,0,0,596
06/06/2023,TPA,FL,ASO,ES,Combined TRACON& Tower with Radar,446,48,55,0,549,0,4,18,2,24,446,52,73,2,573,0,0,0,573
06/07/2023,TPA,FL,ASO,ES,Combined TRACON& Tower with Radar,446,64,44,0,554,0,3,13,2,18,446,67,57,2,572,0,0,0,572
06/08/2023,TPA,FL,ASO,ES,Combined TRACON& Tower with Radar,489,64,60,1,614,0,0,10,4,14,489,64,70,5,628,0,0,0,628
06/09/2023,TPA,FL,ASO,ES,Combined TRACON& Tower with Radar,471,51,49,1,572,3,0,17,2,22,474,51,66,3,594,0,0,0,594
06/10/2023,TPA,FL,ASO,ES,Combined TRACON& Tower with Radar,547,35,30,0,612,0,2,15,0,17,547,37,45,0,629,0,0,0,629
06/11/2023,TPA,FL,ASO,ES,Combined TRACON& Tower with Radar,467,46,48,0,561,1,0,17,2,20,468,46,65,2,581,0,0,0,581
06/12/2023,TPA,FL,ASO,ES,Combined TRACON& Tower with Radar,463,43,32,0,538,0,2,12,2,16,463,45,44,2,554,0,0,0,554
06/13/2023,TPA,FL,ASO,ES,Combined TRACON& Tower with Radar,450,49,54,0,553,0,5,18,2,25,450,54,72,2,578,0,0,0,578
06/14/2023,TPA,FL,ASO,ES,Combined TRACON& Tower with Radar,438,58,48,0,544,1,2,23,2,28,439,60,71,2,572,0,0,0,572
06/15/2023,TPA,FL,ASO,ES,Combined TRACON& Tower with Radar,463,80,58,1,602,0,0,9,2,11,463,80,67,3,613,0,0,0,613
06/16/2023,TPA,FL,ASO,ES,Combined TRACON& Tower with Radar,492,58,46,0,596,1,0,9,5,15,493,58,55,5,611,0,0,0,611
06/17/2023,TPA,FL,ASO,ES,Combined TRACON& Tower with Radar,539,43,57,0,639,0,6,7,0,13,539,49,64,0,652,0,0,0,652
06/18/2023,TPA,FL,ASO,ES,Combined TRACON& Tower with Radar,486,52,45,0,583,0,2,13,0,15,486,54,58,0,598,0,0,0,598
06/19/2023,TPA,FL,ASO,ES,Combined TRACON& Tower with Radar,511,43,37,0,591,1,0,15,1,17,512,43,52,1,608,0,0,0,608
06/20/2023,TPA,FL,ASO,ES,Combined TRACON& Tower with Radar,506,59,50,0,615,0,0,20,2,22,506,59,70,2,637,0,0,0,637
06/21/2023,TPA,FL,ASO,ES,Combined TRACON& Tower with Radar,452,51,54,1,558,0,0,7,0,7,452,51,61,1,565,0,0,0,565
06/22/2023,TPA,FL,ASO,ES,Combined TRACON& Tower with Radar,503,59,46,7,615,0,2,12,2,16,503,61,58,9,631,0,0,0,631
06/23/2023,TPA,FL,ASO,ES,Combined TRACON& Tower with Radar,475,52,59,0,586,0,1,12,4,17,475,53,71,4,603,0,0,0,603
06/24/2023,TPA,FL,ASO,ES,Combined TRACON& Tower with Radar,543,64,36,0,643,0,0,14,1,15,543,64,50,1,658,0,0,0,658
06/25/2023,TPA,FL,ASO,ES,Combined TRACON& Tower with Radar,472,47,53,0,572,2,0,8,0,10,474,47,61,0,582,0,0,0,582
06/26/2023,TPA,FL,ASO,ES,Combined TRACON& Tower with Radar,474,53,45,2,574,0,0,13,0,13,474,53,58,2,587,0,0,0,587
06/27/2023,TPA,FL,ASO,ES,Combined TRACON& Tower with Radar,438,57,46,3,544,0,2,18,0,20,438,59,64,3,564,0,0,0,564
06/28/2023,TPA,FL,ASO,ES,Combined TRACON& Tower with Radar,446,60,63,0,569,1,2,11,2,16,447,62,74,2,585,0,0,0,585
06/29/2023,TPA,FL,ASO,ES,Combined TRACON& Tower with Radar,458,67,72,4,601,0,1,17,0,18,458,68,89,4,619,0,0,0,619
06/30/2023,TPA,FL,ASO,ES,Combined TRACON& Tower with Radar,478,61,70,0,609,0,0,25,0,25,478,61,95,0,634,0,0,0,634
07/01/2023,TPA,FL,ASO,ES,Combined TRACON& Tower with Radar,520,50,34,0,604,0,3,13,0,16,520,53,47,0,620,0,0,0,620
07/02/2023,TPA,FL,ASO,ES,Combined TRACON& Tower with Radar,486,38,36,0,560,0,0,18,0,18,486,38,54,0,578,0,0,0,578
07/03/2023,TPA,FL,ASO,ES,Combined TRACON& Tower with Radar,445,53,29,0,527,0,0,16,2,18,445,53,45,2,545,0,0,0,545
07/04/2023,TPA,FL,ASO,ES,Combined TRACON& Tower with Radar,411,41,20,0,472,0,0,4,0,4,411,41,24,0,476,0,0,0,476
07/05/2023,TPA,FL,ASO,ES,Combined TRACON& Tower with Radar,436,44,50,5,535,1,0,15,2,18,437,44,65,7,553,0,0,0,553
07/06/2023,TPA,FL,ASO,ES,Combined TRACON& Tower with Radar,474,68,46,0,588,0,2,15,2,19,474,70,61,2,607,14,0,14,621
07/07/2023,TPA,FL,ASO,ES,Combined TRACON& Tower with Radar,462,56,56,1,575,1,0,25,2,28,463,56,81,3,603,0,0,0,603
07/08/2023,TPA,FL,ASO,ES,Combined TRACON& Tower with Radar,507,62,60,0,629,0,2,7,0,9,507,64,67,0,638,0,0,0,638
07/09/2023,TPA,FL,ASO,ES,Combined TRACON& Tower with Radar,473,58,43,0,574,1,2,16,0,19,474,60,59,0,593,0,0,0,593
07/10/2023,TPA,FL,ASO,ES,Combined TRACON& Tower with Radar,469,54,45,0,568,1,0,12,2,15,470,54,57,2,583,0,0,0,583
07/11/2023,TPA,FL,ASO,ES,Combined TRACON& Tower with Radar,459,55,49,0,563,0,2,24,0,26,459,57,73,0,589,0,0,0,589
07/12/2023,TPA,FL,ASO,ES,Combined TRACON& Tower with Radar,439,53,68,0,560,0,2,7,2,11,439,55,75,2,571,0,0,0,571
07/13/2023,TPA,FL,ASO,ES,Combined TRACON& Tower with Radar,484,58,36,0,578,0,1,22,2,25,484,59,58,2,603,0,0,0,603
07/14/2023,TPA,FL,ASO,ES,Combined TRACON& Tower with Radar,443,56,55,0,554,1,3,16,6,26,444,59,71,6,580,0,0,0,580
07/15/2023,TPA,FL,ASO,ES,Combined TRACON& Tower with Radar,522,30,23,1,576,0,2,10,0,12,522,32,33,1,588,0,0,0,588
07/16/2023,TPA,FL,ASO,ES,Combined TRACON& Tower with Radar,486,41,45,0,572,1,0,21,0,22,487,41,66,0,594,0,0,0,594
07/17/2023,TPA,FL,ASO,ES,Combined TRACON& Tower with Radar,467,50,47,0,564,0,0,25,0,25,467,50,72,0,589,0,0,0,589
07/18/2023,TPA,FL,ASO,ES,Combined TRACON& Tower with Radar,454,56,50,2,562,0,2,6,2,10,454,58,56,4,572,0,0,0,572
07/19/2023,TPA,FL,ASO,ES,Combined TRACON& Tower with Radar,456,57,42,0,555,1,1,17,2,21,457,58,59,2,576,0,0,0,576
07/20/2023,TPA,FL,ASO,ES,Combined TRACON& Tower with Radar,461,67,57,4,589,1,0,20,2,23,462,67,77,6,612,0,0,0,612
07/21/2023,TPA,FL,ASO,ES,Combined TRACON& Tower with Radar,466,59,67,1,593,0,2,15,3,20,466,61,82,4,613,0,0,0,613
07/22/2023,TPA,FL,ASO,ES,Combined TRACON& Tower with Radar,513,45,20,0,578,0,1,13,0,14,513,46,33,0,592,0,0,0,592
07/23/2023,TPA,FL,ASO,ES,Combined TRACON& Tower with Radar,473,35,32,0,540,1,0,14,0,15,474,35,46,0,555,0,0,0,555
07/24/2023,TPA,FL,ASO,ES,Combined TRACON& Tower with Radar,467,61,50,0,578,0,0,18,2,20,467,61,68,2,598,0,0,0,598
07/25/2023,TPA,FL,ASO,ES,Combined TRACON& Tower with Radar,436,53,57,5,551,0,2,26,2,30,436,55,83,7,581,0,0,0,581
07/26/2023,TPA,FL,ASO,ES,Combined TRACON& Tower with Radar,452,44,52,0,548,1,2,9,2,14,453,46,61,2,562,0,0,0,562
07/27/2023,TPA,FL,ASO,ES,Combined TRACON& Tower with Radar,467,54,59,0,580,1,0,21,2,24,468,54,80,2,604,0,0,0,604
07/28/2023,TPA,FL,ASO,ES,Combined TRACON& Tower with Radar,453,51,47,0,551,0,1,8,1,10,453,52,55,1,561,0,0,0,561
07/29/2023,TPA,FL,ASO,ES,Combined TRACON& Tower with Radar,504,45,38,0,587,0,4,9,0,13,504,49,47,0,600,0,0,0,600
07/30/2023,TPA,FL,ASO,ES,Combined TRACON& Tower with Radar,512,51,40,0,603,1,0,22,1,24,513,51,62,1,627,0,0,0,627
07/31/2023,TPA,FL,ASO,ES,Combined TRACON& Tower with Radar,485,49,53,0,587,0,3,13,2,18,485,52,66,2,605,0,0,0,605
08/01/2023,TPA,FL,ASO,ES,Combined TRACON& Tower with Radar,446,68,44,0,558,0,4,17,2,23,446,72,61,2,581,0,0,0,581
08/02/2023,TPA,FL,ASO,ES,Combined TRACON& Tower with Radar,444,60,53,0,557,1,6,17,0,24,445,66,70,0,581,0,0,0,581
08/03/2023,TPA,FL,ASO,ES,Combined TRACON& Tower with Radar,461,50,50,1,562,0,0,20,1,21,461,50,70,2,583,0,0,0,583
08/04/2023,TPA,FL,ASO,ES,Combined TRACON& Tower with Radar,471,63,67,0,601,0,3,19,3,25,471,66,86,3,626,0,0,0,626
08/05/2023,TPA,FL,ASO,ES,Combined TRACON& Tower with Radar,522,55,48,0,625,0,2,17,0,19,522,57,65,0,644,0,0,0,644
08/06/2023,TPA,FL,ASO,ES,Combined TRACON& Tower with Radar,471,38,59,1,569,1,0,24,1,26,472,38,83,2,595,0,0,0,595
08/07/2023,TPA,FL,ASO,ES,Combined TRACON& Tower with Radar,430,47,60,0,537,0,5,18,2,25,430,52,78,2,562,0,0,0,562
08/08/2023,TPA,FL,ASO,ES,Combined TRACON& Tower with Radar,453,47,41,0,541,0,7,14,2,23,453,54,55,2,564,0,0,0,564
08/09/2023,TPA,FL,ASO,ES,Combined TRACON& Tower with Radar,440,54,48,0,542,1,5,34,0,40,441,59,82,0,582,0,0,0,582
08/10/2023,TPA,FL,ASO,ES,Combined TRACON& Tower with Radar,457,64,56,0,577,0,3,19,2,24,457,67,75,2,601,0,0,0,601
08/11/2023,TPA,FL,ASO,ES,Combined TRACON& Tower with Radar,469,62,54,0,585,1,5,20,2,28,470,67,74,2,613,0,0,0,613
08/12/2023,TPA,FL,ASO,ES,Combined TRACON& Tower with Radar,514,39,44,0,597,1,4,7,0,12,515,43,51,0,609,0,0,0,609
08/13/2023,TPA,FL,ASO,ES,Combined TRACON& Tower with Radar,478,46,44,0,568,0,0,19,0,19,478,46,63,0,587,0,0,0,587
08/14/2023,TPA,FL,ASO,ES,Combined TRACON& Tower with Radar,456,54,43,2,555,0,1,18,2,21,456,55,61,4,576,0,0,0,576
08/15/2023,TPA,FL,ASO,ES,Combined TRACON& Tower with Radar,464,69,39,0,572,1,3,22,2,28,465,72,61,2,600,0,0,0,600
08/16/2023,TPA,FL,ASO,ES,Combined TRACON& Tower with Radar,424,47,48,0,519,1,8,19,0,28,425,55,67,0,547,0,0,0,547
08/17/2023,TPA,FL,ASO,ES,Combined TRACON& Tower with Radar,449,50,59,0,558,1,3,14,0,18,450,53,73,0,576,0,0,0,576
08/18/2023,TPA,FL,ASO,ES,Combined TRACON& Tower with Radar,442,58,38,0,538,1,5,17,0,23,443,63,55,0,561,0,0,0,561
08/19/2023,TPA,FL,ASO,ES,Combined TRACON& Tower with Radar,483,41,27,0,551,0,5,4,0,9,483,46,31,0,560,0,0,0,560
08/20/2023,TPA,FL,ASO,ES,Combined TRACON& Tower with Radar,444,45,45,0,534,0,0,10,0,10,444,45,55,0,544,0,0,0,544
08/21/2023,TPA,FL,ASO,ES,Combined TRACON& Tower with Radar,431,52,55,0,538,0,1,11,2,14,431,53,66,2,552,0,0,0,552
08/22/2023,TPA,FL,ASO,ES,Combined TRACON& Tower with Radar,413,50,51,0,514,0,4,24,0,28,413,54,75,0,542,0,0,0,542
08/23/2023,TPA,FL,ASO,ES,Combined TRACON& Tower with Radar,414,56,62,0,532,1,6,29,2,38,415,62,91,2,570,0,0,0,570
08/24/2023,TPA,FL,ASO,ES,Combined TRACON& Tower with Radar,444,67,42,0,553,0,1,17,2,20,444,68,59,2,573,0,0,0,573
08/25/2023,TPA,FL,ASO,ES,Combined TRACON& Tower with Radar,436,50,61,1,548,1,4,18,2,25,437,54,79,3,573,0,0,0,573
08/26/2023,TPA,FL,ASO,ES,Combined TRACON& Tower with Radar,477,46,41,1,565,0,2,7,0,9,477,48,48,1,574,0,0,0,574
08/27/2023,TPA,FL,ASO,ES,Combined TRACON& Tower with Radar,421,33,41,0,495,0,0,11,0,11,421,33,52,0,506,0,0,0,506
08/28/2023,TPA,FL,ASO,ES,Combined TRACON& Tower with Radar,433,64,69,0,566,0,3,16,0,19,433,67,85,0,585,0,0,0,585
08/29/2023,TPA,FL,ASO,ES,Combined TRACON& Tower with Radar,26,10,1,0,37,0,2,2,0,4,26,12,3,0,41,0,0,0,41
08/30/2023,TPA,FL,ASO,ES,Combined TRACON& Tower with Radar,47,3,3,0,53,0,0,5,0,5,47,3,8,0,58,0,0,0,58
08/31/2023,TPA,FL,ASO,ES,Combined TRACON& Tower with Radar,435,53,73,0,561,0,1,17,2,20,435,54,90,2,581,0,0,0,581
