01/01/2020,TUL,OK,ASW,CE,Combined TRACON& Tower with Radar,78,16,19,0,113,0,0,6,0,6,78,16,25,0,119,0,0,0,119
01/02/2020,TUL,OK,ASW,CE,Combined TRACON& Tower with Radar,92,38,45,3,178,0,0,6,2,8,92,38,51,5,186,0,0,0,186
01/03/2020,TUL,OK,ASW,CE,Combined TRACON& Tower with Radar,105,36,27,17,185,0,2,21,2,25,105,38,48,19,210,0,0,0,210
01/04/2020,TUL,OK,ASW,CE,Combined TRACON& Tower with Radar,74,37,23,4,138,0,0,32,0,32,74,37,55,4,170,0,0,0,170
01/05/2020,TUL,OK,ASW,CE,Combined TRACON& Tower with Radar,88,32,31,0,151,0,2,10,0,12,88,34,41,0,163,0,0,0,163
01/06/2020,TUL,OK,ASW,CE,Combined TRACON& Tower with Radar,102,42,29,45,218,0,0,14,6,20,102,42,43,51,238,18,34,52,290
01/07/2020,TUL,OK,ASW,CE,Combined TRACON& Tower with Radar,109,34,40,65,248,0,0,16,0,16,109,34,56,65,264,0,0,0,264
01/08/2020,TUL,OK,ASW,CE,Combined TRACON& Tower with Radar,94,43,50,84,271,0,1,24,6,31,94,44,74,90,302,0,4,4,306
01/09/2020,TUL,OK,ASW,CE,Combined TRACON& Tower with Radar,97,49,44,55,245,0,0,4,0,4,97,49,48,55,249,0,0,0,249
01/10/2020,TUL,OK,ASW,CE,Combined TRACON& Tower with Radar,90,37,19,0,146,0,0,2,0,2,90,37,21,0,148,0,0,0,148
01/11/2020,TUL,OK,ASW,CE,Combined TRACON& Tower with Radar,58,21,11,0,90,0,0,2,1,3,58,21,13,1,93,0,30,30,123
01/12/2020,TUL,OK,ASW,CE,Combined TRACON& Tower with Radar,79,30,24,9,142,0,0,6,5,11,79,30,30,14,153,0,0,0,153
01/13/2020,TUL,OK,ASW,CE,Combined TRACON& Tower with Radar,98,24,52,108,282,0,0,6,5,11,98,24,58,113,293,0,0,0,293
01/14/2020,TUL,OK,ASW,CE,Combined TRACON& Tower with Radar,92,36,68,47,243,0,0,3,3,6,92,36,71,50,249,0,0,0,249
01/15/2020,TUL,OK,ASW,CE,Combined TRACON& Tower with Radar,91,38,78,49,256,0,0,14,2,16,91,38,92,51,272,0,0,0,272
01/16/2020,TUL,OK,ASW,CE,Combined TRACON& Tower with Radar,98,41,54,30,223,0,0,19,4,23,98,41,73,34,246,0,0,0,246
01/17/2020,TUL,OK,ASW,CE,Combined TRACON& Tower with Radar,101,36,39,0,176,0,0,0,0,0,101,36,39,0,176,0,0,0,176
01/18/2020,TUL,OK,ASW,CE,Combined TRACON& Tower with Radar,63,24,39,2,128,0,4,16,2,22,63,28,55,4,150,0,0,0,150
01/19/2020,TUL,OK,ASW,CE,Combined TRACON& Tower with Radar,80,29,29,0,138,0,0,18,0,18,80,29,47,0,156,0,0,0,156
01/20/2020,TUL,OK,ASW,CE,Combined TRACON& Tower with Radar,93,30,41,15,179,0,4,40,16,60,93,34,81,31,239,20,0,20,259
01/21/2020,TUL,OK,ASW,CE,Combined TRACON& Tower with Radar,99,33,38,58,228,0,3,17,6,26,99,36,55,64,254,24,4,28,282
01/22/2020,TUL,OK,ASW,CE,Combined TRACON& Tower with Radar,96,32,21,2,151,0,0,0,0,0,96,32,21,2,151,0,0,0,151
01/23/2020,TUL,OK,ASW,CE,Combined TRACON& Tower with Radar,99,44,47,33,223,0,0,1,5,6,99,44,48,38,229,0,0,0,229
01/24/2020,TUL,OK,ASW,CE,Combined TRACON& Tower with Radar,108,30,33,13,184,0,0,6,1,7,108,30,39,14,191,0,0,0,191
01/25/2020,TUL,OK,ASW,CE,Combined TRACON& Tower with Radar,60,19,20,0,99,0,0,35,1,36,60,19,55,1,135,0,0,0,135
01/26/2020,TUL,OK,ASW,CE,Combined TRACON& Tower with Radar,81,27,18,24,150,0,8,33,9,50,81,35,51,33,200,0,0,0,200
01/27/2020,TUL,OK,ASW,CE,Combined TRACON& Tower with Radar,110,55,45,42,252,0,5,37,1,43,110,60,82,43,295,0,0,0,295
01/28/2020,TUL,OK,ASW,CE,Combined TRACON& Tower with Radar,98,34,26,6,164,0,0,0,0,0,98,34,26,6,164,0,0,0,164
01/29/2020,TUL,OK,ASW,CE,Combined TRACON& Tower with Radar,100,37,40,14,191,0,0,2,0,2,100,37,42,14,193,0,0,0,193
01/30/2020,TUL,OK,ASW,CE,Combined TRACON& Tower with Radar,99,37,42,46,224,0,0,6,2,8,99,37,48,48,232,0,0,0,232
01/31/2020,TUL,OK,ASW,CE,Combined TRACON& Tower with Radar,100,45,66,32,243,0,3,31,4,38,100,48,97,36,281,0,0,0,281
02/01/2020,TUL,OK,ASW,CE,Combined TRACON& Tower with Radar,62,23,28,14,127,0,2,34,3,39,62,25,62,17,166,0,0,0,166
02/02/2020,TUL,OK,ASW,CE,Combined TRACON& Tower with Radar,76,25,14,13,128,0,0,26,1,27,76,25,40,14,155,0,0,0,155
02/03/2020,TUL,OK,ASW,CE,Combined TRACON& Tower with Radar,97,37,42,57,233,0,0,14,4,18,97,37,56,61,251,0,0,0,251
02/04/2020,TUL,OK,ASW,CE,Combined TRACON& Tower with Radar,94,32,36,3,165,0,2,0,1,3,94,34,36,4,168,0,0,0,168
02/05/2020,TUL,OK,ASW,CE,Combined TRACON& Tower with Radar,86,27,12,1,126,0,0,0,0,0,86,27,12,1,126,0,0,0,126
02/06/2020,TUL,OK,ASW,CE,Combined TRACON& Tower with Radar,112,38,52,4,206,0,3,12,6,21,112,41,64,10,227,0,0,0,227
02/07/2020,TUL,OK,ASW,CE,Combined TRACON& Tower with Radar,98,38,40,13,189,0,4,29,2,35,98,42,69,15,224,0,0,0,224
02/08/2020,TUL,OK,ASW,CE,Combined TRACON& Tower with Radar,64,25,30,0,119,0,2,64,0,66,64,27,94,0,185,20,0,20,205
02/09/2020,TUL,OK,ASW,CE,Combined TRACON& Tower with Radar,81,28,27,4,140,0,0,1,0,1,81,28,28,4,141,0,0,0,141
02/10/2020,TUL,OK,ASW,CE,Combined TRACON& Tower with Radar,104,38,50,36,228,0,0,21,1,22,104,38,71,37,250,42,14,56,306
02/11/2020,TUL,OK,ASW,CE,Combined TRACON& Tower with Radar,98,35,54,113,300,0,0,7,2,9,98,35,61,115,309,0,30,30,339
02/12/2020,TUL,OK,ASW,CE,Combined TRACON& Tower with Radar,94,36,34,2,166,0,0,0,0,0,94,36,34,2,166,0,0,0,166
02/13/2020,TUL,OK,ASW,CE,Combined TRACON& Tower with Radar,100,40,53,49,242,0,1,34,12,47,100,41,87,61,289,0,0,0,289
02/14/2020,TUL,OK,ASW,CE,Combined TRACON& Tower with Radar,106,51,39,6,202,0,5,30,2,37,106,56,69,8,239,0,0,0,239
02/15/2020,TUL,OK,ASW,CE,Combined TRACON& Tower with Radar,69,28,16,0,113,0,5,22,5,32,69,33,38,5,145,0,0,0,145
02/16/2020,TUL,OK,ASW,CE,Combined TRACON& Tower with Radar,74,28,36,1,139,0,3,6,0,9,74,31,42,1,148,0,0,0,148
02/17/2020,TUL,OK,ASW,CE,Combined TRACON& Tower with Radar,97,42,37,20,196,0,0,6,0,6,97,42,43,20,202,0,0,0,202
02/18/2020,TUL,OK,ASW,CE,Combined TRACON& Tower with Radar,95,53,38,60,246,0,4,24,0,28,95,57,62,60,274,0,24,24,298
02/19/2020,TUL,OK,ASW,CE,Combined TRACON& Tower with Radar,92,60,44,95,291,0,2,26,12,40,92,62,70,107,331,0,16,16,347
02/20/2020,TUL,OK,ASW,CE,Combined TRACON& Tower with Radar,99,40,64,54,257,0,2,16,4,22,99,42,80,58,279,0,0,0,279
02/21/2020,TUL,OK,ASW,CE,Combined TRACON& Tower with Radar,102,43,58,46,249,0,2,51,3,56,102,45,109,49,305,0,0,0,305
02/22/2020,TUL,OK,ASW,CE,Combined TRACON& Tower with Radar,64,23,27,9,123,0,2,26,0,28,64,25,53,9,151,0,0,0,151
02/23/2020,TUL,OK,ASW,CE,Combined TRACON& Tower with Radar,78,32,35,14,159,0,0,0,1,1,78,32,35,15,160,0,0,0,160
02/24/2020,TUL,OK,ASW,CE,Combined TRACON& Tower with Radar,100,45,48,58,251,0,0,5,0,5,100,45,53,58,256,0,12,12,268
02/25/2020,TUL,OK,ASW,CE,Combined TRACON& Tower with Radar,94,42,61,26,223,0,0,8,2,10,94,42,69,28,233,0,9,9,242
02/26/2020,TUL,OK,ASW,CE,Combined TRACON& Tower with Radar,101,38,62,19,220,0,2,16,5,23,101,40,78,24,243,0,0,0,243
02/27/2020,TUL,OK,ASW,CE,Combined TRACON& Tower with Radar,101,45,42,11,199,0,0,25,1,26,101,45,67,12,225,0,0,0,225
02/28/2020,TUL,OK,ASW,CE,Combined TRACON& Tower with Radar,110,50,33,66,259,0,0,16,7,23,110,50,49,73,282,0,10,10,292
02/29/2020,TUL,OK,ASW,CE,Combined TRACON& Tower with Radar,63,30,40,0,133,0,3,36,1,40,63,33,76,1,173,30,0,30,203
03/01/2020,TUL,OK,ASW,CE,Combined TRACON& Tower with Radar,81,35,43,2,161,0,0,8,0,8,81,35,51,2,169,20,0,20,189
03/02/2020,TUL,OK,ASW,CE,Combined TRACON& Tower with Radar,99,38,43,50,230,0,0,4,0,4,99,38,47,50,234,10,0,10,244
03/03/2020,TUL,OK,ASW,CE,Combined TRACON& Tower with Radar,90,38,29,89,246,0,2,32,3,37,90,40,61,92,283,0,0,0,283
03/04/2020,TUL,OK,ASW,CE,Combined TRACON& Tower with Radar,92,51,43,94,280,0,4,16,1,21,92,55,59,95,301,0,0,0,301
03/05/2020,TUL,OK,ASW,CE,Combined TRACON& Tower with Radar,96,60,77,39,272,0,2,41,5,48,96,62,118,44,320,0,0,0,320
03/06/2020,TUL,OK,ASW,CE,Combined TRACON& Tower with Radar,101,45,54,44,244,0,5,35,3,43,101,50,89,47,287,0,0,0,287
03/07/2020,TUL,OK,ASW,CE,Combined TRACON& Tower with Radar,56,34,41,16,147,0,0,13,2,15,56,34,54,18,162,0,0,0,162
03/08/2020,TUL,OK,ASW,CE,Combined TRACON& Tower with Radar,71,32,62,63,228,0,2,8,2,12,71,34,70,65,240,0,0,0,240
03/09/2020,TUL,OK,ASW,CE,Combined TRACON& Tower with Radar,90,49,31,28,198,0,0,1,0,1,90,49,32,28,199,0,38,38,237
03/10/2020,TUL,OK,ASW,CE,Combined TRACON& Tower with Radar,88,56,40,55,239,0,3,21,4,28,88,59,61,59,267,0,0,0,267
03/11/2020,TUL,OK,ASW,CE,Combined TRACON& Tower with Radar,88,54,51,63,256,0,3,27,2,32,88,57,78,65,288,48,54,102,390
03/12/2020,TUL,OK,ASW,CE,Combined TRACON& Tower with Radar,91,61,33,49,234,0,0,19,3,22,91,61,52,52,256,0,0,0,256
03/13/2020,TUL,OK,ASW,CE,Combined TRACON& Tower with Radar,97,58,33,0,188,0,0,5,2,7,97,58,38,2,195,0,0,0,195
03/14/2020,TUL,OK,ASW,CE,Combined TRACON& Tower with Radar,63,39,35,0,137,0,0,0,0,0,63,39,35,0,137,0,0,0,137
03/15/2020,TUL,OK,ASW,CE,Combined TRACON& Tower with Radar,87,42,37,5,171,0,0,0,0,0,87,42,37,5,171,0,0,0,171
03/16/2020,TUL,OK,ASW,CE,Combined TRACON& Tower with Radar,91,44,25,2,162,0,0,0,0,0,91,44,25,2,162,0,0,0,162
03/17/2020,TUL,OK,ASW,CE,Combined TRACON& Tower with Radar,79,46,49,65,239,0,0,5,0,5,79,46,54,65,244,0,0,0,244
03/18/2020,TUL,OK,ASW,CE,Combined TRACON& Tower with Radar,87,51,38,45,221,0,0,18,5,23,87,51,56,50,244,0,0,0,244
03/19/2020,TUL,OK,ASW,CE,Combined TRACON& Tower with Radar,90,34,19,20,163,0,0,5,6,11,90,34,24,26,174,0,0,0,174
03/20/2020,TUL,OK,ASW,CE,Combined TRACON& Tower with Radar,101,49,33,80,263,0,5,8,5,18,101,54,41,85,281,4,52,56,337
03/21/2020,TUL,OK,ASW,CE,Combined TRACON& Tower with Radar,48,26,25,2,101,0,0,36,0,36,48,26,61,2,137,0,0,0,137
03/22/2020,TUL,OK,ASW,CE,Combined TRACON& Tower with Radar,70,22,15,0,107,0,0,0,0,0,70,22,15,0,107,0,0,0,107
03/23/2020,TUL,OK,ASW,CE,Combined TRACON& Tower with Radar,78,20,17,48,163,0,0,2,0,2,78,20,19,48,165,0,0,0,165
03/24/2020,TUL,OK,ASW,CE,Combined TRACON& Tower with Radar,68,35,20,36,159,0,0,9,5,14,68,35,29,41,173,0,8,8,181
03/25/2020,TUL,OK,ASW,CE,Combined TRACON& Tower with Radar,52,32,16,41,141,0,0,19,2,21,52,32,35,43,162,0,0,0,162
03/26/2020,TUL,OK,ASW,CE,Combined TRACON& Tower with Radar,60,33,12,40,145,0,2,38,18,58,60,35,50,58,203,0,0,0,203
03/27/2020,TUL,OK,ASW,CE,Combined TRACON& Tower with Radar,59,27,20,19,125,0,2,9,0,11,59,29,29,19,136,0,0,0,136
03/28/2020,TUL,OK,ASW,CE,Combined TRACON& Tower with Radar,45,17,2,1,65,0,0,2,1,3,45,17,4,2,68,0,0,0,68
03/29/2020,TUL,OK,ASW,CE,Combined TRACON& Tower with Radar,48,16,11,2,77,0,0,46,2,48,48,16,57,4,125,0,0,0,125
03/30/2020,TUL,OK,ASW,CE,Combined TRACON& Tower with Radar,45,14,18,2,79,0,0,12,0,12,45,14,30,2,91,30,66,96,187
03/31/2020,TUL,OK,ASW,CE,Combined TRACON& Tower with Radar,53,25,12,56,146,0,0,22,8,30,53,25,34,64,176,0,0,0,176
04/01/2020,TUL,OK,ASW,CE,Combined TRACON& Tower with Radar,51,25,22,40,138,0,0,33,6,39,51,25,55,46,177,10,18,28,205
04/02/2020,TUL,OK,ASW,CE,Combined TRACON& Tower with Radar,55,15,12,73,155,0,0,8,2,10,55,15,20,75,165,0,48,48,213
04/03/2020,TUL,OK,ASW,CE,Combined TRACON& Tower with Radar,46,16,15,0,77,0,0,0,0,0,46,16,15,0,77,0,0,0,77
04/04/2020,TUL,OK,ASW,CE,Combined TRACON& Tower with Radar,35,11,14,0,60,0,0,0,0,0,35,11,14,0,60,0,0,0,60
04/05/2020,TUL,OK,ASW,CE,Combined TRACON& Tower with Radar,34,5,1,0,40,0,0,7,0,7,34,5,8,0,47,0,0,0,47
04/06/2020,TUL,OK,ASW,CE,Combined TRACON& Tower with Radar,37,9,16,64,126,0,0,10,0,10,37,9,26,64,136,0,0,0,136
04/07/2020,TUL,OK,ASW,CE,Combined TRACON& Tower with Radar,37,22,27,54,140,0,0,17,2,19,37,22,44,56,159,0,0,0,159
04/08/2020,TUL,OK,ASW,CE,Combined TRACON& Tower with Radar,44,14,19,49,126,0,2,24,7,33,44,16,43,56,159,0,0,0,159
04/09/2020,TUL,OK,ASW,CE,Combined TRACON& Tower with Radar,50,20,15,61,146,0,2,22,19,43,50,22,37,80,189,0,0,0,189
04/10/2020,TUL,OK,ASW,CE,Combined TRACON& Tower with Radar,49,13,10,77,149,0,5,45,6,56,49,18,55,83,205,0,0,0,205
04/11/2020,TUL,OK,ASW,CE,Combined TRACON& Tower with Radar,30,7,1,18,56,0,0,5,0,5,30,7,6,18,61,0,0,0,61
04/12/2020,TUL,OK,ASW,CE,Combined TRACON& Tower with Radar,31,2,0,0,33,0,0,0,0,0,31,2,0,0,33,0,0,0,33
04/13/2020,TUL,OK,ASW,CE,Combined TRACON& Tower with Radar,44,12,11,43,110,0,0,14,3,17,44,12,25,46,127,0,0,0,127
04/14/2020,TUL,OK,ASW,CE,Combined TRACON& Tower with Radar,45,16,13,23,97,0,0,3,5,8,45,16,16,28,105,0,0,0,105
04/15/2020,TUL,OK,ASW,CE,Combined TRACON& Tower with Radar,45,15,21,43,124,0,0,33,11,44,45,15,54,54,168,0,0,0,168
04/16/2020,TUL,OK,ASW,CE,Combined TRACON& Tower with Radar,41,15,21,26,103,0,0,18,6,24,41,15,39,32,127,0,0,0,127
04/17/2020,TUL,OK,ASW,CE,Combined TRACON& Tower with Radar,46,13,18,36,113,0,0,6,1,7,46,13,24,37,120,0,0,0,120
04/18/2020,TUL,OK,ASW,CE,Combined TRACON& Tower with Radar,33,6,21,41,101,0,1,31,3,35,33,7,52,44,136,0,0,0,136
04/19/2020,TUL,OK,ASW,CE,Combined TRACON& Tower with Radar,27,4,17,0,48,0,0,9,1,10,27,4,26,1,58,0,0,0,58
04/20/2020,TUL,OK,ASW,CE,Combined TRACON& Tower with Radar,38,14,16,38,106,0,0,39,0,39,38,14,55,38,145,0,0,0,145
04/21/2020,TUL,OK,ASW,CE,Combined TRACON& Tower with Radar,35,18,25,52,130,0,2,35,10,47,35,20,60,62,177,0,0,0,177
04/22/2020,TUL,OK,ASW,CE,Combined TRACON& Tower with Radar,33,15,4,0,52,0,0,0,0,0,33,15,4,0,52,0,0,0,52
04/23/2020,TUL,OK,ASW,CE,Combined TRACON& Tower with Radar,36,31,24,58,149,0,0,21,5,26,36,31,45,63,175,0,0,0,175
04/24/2020,TUL,OK,ASW,CE,Combined TRACON& Tower with Radar,36,9,13,33,91,0,2,7,0,9,36,11,20,33,100,0,0,0,100
04/25/2020,TUL,OK,ASW,CE,Combined TRACON& Tower with Radar,26,6,13,64,109,0,2,20,2,24,26,8,33,66,133,0,0,0,133
04/26/2020,TUL,OK,ASW,CE,Combined TRACON& Tower with Radar,28,9,17,0,54,0,0,40,1,41,28,9,57,1,95,0,0,0,95
04/27/2020,TUL,OK,ASW,CE,Combined TRACON& Tower with Radar,31,13,19,29,92,0,0,17,4,21,31,13,36,33,113,0,0,0,113
04/28/2020,TUL,OK,ASW,CE,Combined TRACON& Tower with Radar,30,14,10,47,101,0,0,5,0,5,30,14,15,47,106,0,0,0,106
04/29/2020,TUL,OK,ASW,CE,Combined TRACON& Tower with Radar,32,21,23,28,104,0,0,10,5,15,32,21,33,33,119,0,0,0,119
04/30/2020,TUL,OK,ASW,CE,Combined TRACON& Tower with Radar,27,21,16,41,105,0,0,41,11,52,27,21,57,52,157,0,0,0,157
05/01/2020,TUL,OK,ASW,CE,Combined TRACON& Tower with Radar,41,19,18,52,130,0,0,24,5,29,41,19,42,57,159,0,0,0,159
05/02/2020,TUL,OK,ASW,CE,Combined TRACON& Tower with Radar,36,9,9,22,76,0,2,27,0,29,36,11,36,22,105,0,0,0,105
05/03/2020,TUL,OK,ASW,CE,Combined TRACON& Tower with Radar,36,9,22,12,79,0,0,2,0,2,36,9,24,12,81,0,0,0,81
05/04/2020,TUL,OK,ASW,CE,Combined TRACON& Tower with Radar,33,12,19,50,114,0,1,9,0,10,33,13,28,50,124,0,0,0,124
05/05/2020,TUL,OK,ASW,CE,Combined TRACON& Tower with Radar,39,18,22,57,136,0,0,19,6,25,39,18,41,63,161,0,0,0,161
05/06/2020,TUL,OK,ASW,CE,Combined TRACON& Tower with Radar,38,17,32,54,141,0,0,42,9,51,38,17,74,63,192,0,0,0,192
05/07/2020,TUL,OK,ASW,CE,Combined TRACON& Tower with Radar,45,15,15,37,112,0,0,12,0,12,45,15,27,37,124,0,0,0,124
05/08/2020,TUL,OK,ASW,CE,Combined TRACON& Tower with Radar,44,11,15,67,137,0,2,6,6,14,44,13,21,73,151,0,0,0,151
05/09/2020,TUL,OK,ASW,CE,Combined TRACON& Tower with Radar,34,9,35,55,133,0,2,51,6,59,34,11,86,61,192,0,0,0,192
05/10/2020,TUL,OK,ASW,CE,Combined TRACON& Tower with Radar,35,6,6,1,48,0,0,12,0,12,35,6,18,1,60,0,0,0,60
05/11/2020,TUL,OK,ASW,CE,Combined TRACON& Tower with Radar,38,14,24,42,118,0,0,14,1,15,38,14,38,43,133,0,0,0,133
05/12/2020,TUL,OK,ASW,CE,Combined TRACON& Tower with Radar,40,19,24,63,146,0,0,0,0,0,40,19,24,63,146,0,0,0,146
05/13/2020,TUL,OK,ASW,CE,Combined TRACON& Tower with Radar,41,15,30,69,155,0,0,3,3,6,41,15,33,72,161,0,0,0,161
05/14/2020,TUL,OK,ASW,CE,Combined TRACON& Tower with Radar,42,19,33,112,206,0,0,23,3,26,42,19,56,115,232,0,0,0,232
05/15/2020,TUL,OK,ASW,CE,Combined TRACON& Tower with Radar,41,23,8,4,76,0,0,4,0,4,41,23,12,4,80,0,0,0,80
05/16/2020,TUL,OK,ASW,CE,Combined TRACON& Tower with Radar,36,8,10,4,58,0,0,4,0,4,36,8,14,4,62,0,0,0,62
05/17/2020,TUL,OK,ASW,CE,Combined TRACON& Tower with Radar,33,2,20,49,104,0,2,18,8,28,33,4,38,57,132,0,0,0,132
05/18/2020,TUL,OK,ASW,CE,Combined TRACON& Tower with Radar,42,13,32,84,171,0,4,51,13,68,42,17,83,97,239,0,0,0,239
05/19/2020,TUL,OK,ASW,CE,Combined TRACON& Tower with Radar,37,15,33,80,165,0,0,32,12,44,37,15,65,92,209,0,0,0,209
05/20/2020,TUL,OK,ASW,CE,Combined TRACON& Tower with Radar,40,25,43,63,171,0,2,45,4,51,40,27,88,67,222,0,0,0,222
05/21/2020,TUL,OK,ASW,CE,Combined TRACON& Tower with Radar,42,23,29,35,129,0,0,9,1,10,42,23,38,36,139,0,0,0,139
05/22/2020,TUL,OK,ASW,CE,Combined TRACON& Tower with Radar,50,15,29,9,103,0,0,9,3,12,50,15,38,12,115,0,0,0,115
05/23/2020,TUL,OK,ASW,CE,Combined TRACON& Tower with Radar,34,8,21,5,68,0,2,13,0,15,34,10,34,5,83,0,0,0,83
05/24/2020,TUL,OK,ASW,CE,Combined TRACON& Tower with Radar,31,9,9,0,49,0,0,11,1,12,31,9,20,1,61,0,0,0,61
05/25/2020,TUL,OK,ASW,CE,Combined TRACON& Tower with Radar,42,6,16,2,66,0,0,0,1,1,42,6,16,3,67,0,0,0,67
05/26/2020,TUL,OK,ASW,CE,Combined TRACON& Tower with Radar,32,13,17,43,105,0,0,4,1,5,32,13,21,44,110,0,0,0,110
05/27/2020,TUL,OK,ASW,CE,Combined TRACON& Tower with Radar,46,18,14,18,96,0,0,5,1,6,46,18,19,19,102,0,0,0,102
05/28/2020,TUL,OK,ASW,CE,Combined TRACON& Tower with Radar,44,20,31,14,109,0,0,3,2,5,44,20,34,16,114,0,0,0,114
05/29/2020,TUL,OK,ASW,CE,Combined TRACON& Tower with Radar,52,27,21,42,142,0,2,39,1,42,52,29,60,43,184,40,86,126,310
05/30/2020,TUL,OK,ASW,CE,Combined TRACON& Tower with Radar,33,14,24,27,98,0,0,36,6,42,33,14,60,33,140,16,72,88,228
05/31/2020,TUL,OK,ASW,CE,Combined TRACON& Tower with Radar,33,7,35,0,75,0,1,22,1,24,33,8,57,1,99,6,0,6,105
06/01/2020,TUL,OK,ASW,CE,Combined TRACON& Tower with Radar,38,23,39,114,214,0,0,32,5,37,38,23,71,119,251,18,70,88,339
06/02/2020,TUL,OK,ASW,CE,Combined TRACON& Tower with Radar,40,30,28,112,210,0,0,18,2,20,40,30,46,114,230,0,0,0,230
06/03/2020,TUL,OK,ASW,CE,Combined TRACON& Tower with Radar,38,29,25,116,208,0,0,21,4,25,38,29,46,120,233,0,0,0,233
06/04/2020,TUL,OK,ASW,CE,Combined TRACON& Tower with Radar,52,20,55,151,278,0,0,36,2,38,52,20,91,153,316,0,0,0,316
06/05/2020,TUL,OK,ASW,CE,Combined TRACON& Tower with Radar,48,21,31,60,160,0,1,26,10,37,48,22,57,70,197,0,0,0,197
06/06/2020,TUL,OK,ASW,CE,Combined TRACON& Tower with Radar,38,16,22,43,119,0,2,9,7,18,38,18,31,50,137,0,50,50,187
06/07/2020,TUL,OK,ASW,CE,Combined TRACON& Tower with Radar,33,8,19,0,60,0,2,16,0,18,33,10,35,0,78,4,0,4,82
06/08/2020,TUL,OK,ASW,CE,Combined TRACON& Tower with Radar,42,23,27,75,167,0,3,23,4,30,42,26,50,79,197,32,16,48,245
06/09/2020,TUL,OK,ASW,CE,Combined TRACON& Tower with Radar,39,22,31,17,109,0,0,18,2,20,39,22,49,19,129,26,4,30,159
06/10/2020,TUL,OK,ASW,CE,Combined TRACON& Tower with Radar,45,27,39,63,174,0,4,9,4,17,45,31,48,67,191,0,2,2,193
06/11/2020,TUL,OK,ASW,CE,Combined TRACON& Tower with Radar,44,23,51,59,177,0,0,45,2,47,44,23,96,61,224,90,62,152,376
06/12/2020,TUL,OK,ASW,CE,Combined TRACON& Tower with Radar,49,27,35,68,179,0,1,29,13,43,49,28,64,81,222,0,0,0,222
06/13/2020,TUL,OK,ASW,CE,Combined TRACON& Tower with Radar,40,15,23,16,94,0,5,20,3,28,40,20,43,19,122,0,0,0,122
06/14/2020,TUL,OK,ASW,CE,Combined TRACON& Tower with Radar,37,15,17,4,73,0,3,16,0,19,37,18,33,4,92,0,0,0,92
06/15/2020,TUL,OK,ASW,CE,Combined TRACON& Tower with Radar,43,24,45,76,188,0,1,36,1,38,43,25,81,77,226,0,0,0,226
06/16/2020,TUL,OK,ASW,CE,Combined TRACON& Tower with Radar,41,21,30,120,212,0,2,28,10,40,41,23,58,130,252,0,0,0,252
06/17/2020,TUL,OK,ASW,CE,Combined TRACON& Tower with Radar,46,19,57,73,195,0,2,31,10,43,46,21,88,83,238,0,0,0,238
06/18/2020,TUL,OK,ASW,CE,Combined TRACON& Tower with Radar,47,22,35,32,136,0,0,26,6,32,47,22,61,38,168,0,0,0,168
06/19/2020,TUL,OK,ASW,CE,Combined TRACON& Tower with Radar,48,25,32,4,109,0,0,7,1,8,48,25,39,5,117,0,0,0,117
06/20/2020,TUL,OK,ASW,CE,Combined TRACON& Tower with Radar,38,22,19,8,87,0,0,6,0,6,38,22,25,8,93,0,0,0,93
06/21/2020,TUL,OK,ASW,CE,Combined TRACON& Tower with Radar,40,14,17,4,75,0,0,14,0,14,40,14,31,4,89,0,0,0,89
06/22/2020,TUL,OK,ASW,CE,Combined TRACON& Tower with Radar,47,21,24,80,172,0,2,17,1,20,47,23,41,81,192,0,0,0,192
06/23/2020,TUL,OK,ASW,CE,Combined TRACON& Tower with Radar,46,25,39,146,256,0,2,21,22,45,46,27,60,168,301,0,0,0,301
06/24/2020,TUL,OK,ASW,CE,Combined TRACON& Tower with Radar,44,20,26,72,162,0,0,31,6,37,44,20,57,78,199,8,82,90,289
06/25/2020,TUL,OK,ASW,CE,Combined TRACON& Tower with Radar,49,34,40,94,217,0,0,23,5,28,49,34,63,99,245,0,0,0,245
06/26/2020,TUL,OK,ASW,CE,Combined TRACON& Tower with Radar,55,24,40,91,210,0,0,19,3,22,55,24,59,94,232,0,14,14,246
06/27/2020,TUL,OK,ASW,CE,Combined TRACON& Tower with Radar,38,13,20,14,85,0,0,3,0,3,38,13,23,14,88,0,0,0,88
06/28/2020,TUL,OK,ASW,CE,Combined TRACON& Tower with Radar,44,12,33,20,109,0,3,10,0,13,44,15,43,20,122,24,6,30,152
06/29/2020,TUL,OK,ASW,CE,Combined TRACON& Tower with Radar,49,26,45,37,157,0,0,12,2,14,49,26,57,39,171,22,32,54,225
06/30/2020,TUL,OK,ASW,CE,Combined TRACON& Tower with Radar,49,26,30,59,164,0,0,9,4,13,49,26,39,63,177,36,48,84,261
07/01/2020,TUL,OK,ASW,CE,Combined TRACON& Tower with Radar,46,32,41,46,165,0,0,28,10,38,46,32,69,56,203,16,54,70,273
07/02/2020,TUL,OK,ASW,CE,Combined TRACON& Tower with Radar,54,30,30,9,123,0,0,18,2,20,54,30,48,11,143,0,0,0,143
07/03/2020,TUL,OK,ASW,CE,Combined TRACON& Tower with Radar,61,27,27,1,116,0,2,20,0,22,61,29,47,1,138,0,0,0,138
07/04/2020,TUL,OK,ASW,CE,Combined TRACON& Tower with Radar,31,9,9,1,50,0,0,12,2,14,31,9,21,3,64,0,0,0,64
07/05/2020,TUL,OK,ASW,CE,Combined TRACON& Tower with Radar,50,27,26,0,103,0,0,6,1,7,50,27,32,1,110,0,0,0,110
07/06/2020,TUL,OK,ASW,CE,Combined TRACON& Tower with Radar,57,29,26,10,122,0,4,9,0,13,57,33,35,10,135,4,2,6,141
07/07/2020,TUL,OK,ASW,CE,Combined TRACON& Tower with Radar,61,20,27,54,162,0,1,33,27,61,61,21,60,81,223,0,0,0,223
07/08/2020,TUL,OK,ASW,CE,Combined TRACON& Tower with Radar,59,27,45,50,181,0,0,25,3,28,59,27,70,53,209,0,0,0,209
07/09/2020,TUL,OK,ASW,CE,Combined TRACON& Tower with Radar,73,26,41,31,171,0,0,12,1,13,73,26,53,32,184,0,0,0,184
07/10/2020,TUL,OK,ASW,CE,Combined TRACON& Tower with Radar,73,22,34,13,142,0,2,23,4,29,73,24,57,17,171,4,40,44,215
07/11/2020,TUL,OK,ASW,CE,Combined TRACON& Tower with Radar,55,16,13,4,88,0,0,16,3,19,55,16,29,7,107,0,0,0,107
07/12/2020,TUL,OK,ASW,CE,Combined TRACON& Tower with Radar,67,10,36,8,121,0,4,16,0,20,67,14,52,8,141,0,0,0,141
07/13/2020,TUL,OK,ASW,CE,Combined TRACON& Tower with Radar,75,20,25,78,198,0,4,19,2,25,75,24,44,80,223,0,0,0,223
07/14/2020,TUL,OK,ASW,CE,Combined TRACON& Tower with Radar,65,18,53,91,227,0,1,24,6,31,65,19,77,97,258,6,0,6,264
07/15/2020,TUL,OK,ASW,CE,Combined TRACON& Tower with Radar,61,34,33,100,228,0,2,24,10,36,61,36,57,110,264,0,0,0,264
07/16/2020,TUL,OK,ASW,CE,Combined TRACON& Tower with Radar,78,25,34,42,179,0,2,18,11,31,78,27,52,53,210,4,14,18,228
07/17/2020,TUL,OK,ASW,CE,Combined TRACON& Tower with Radar,79,34,53,57,223,0,2,28,3,33,79,36,81,60,256,44,40,84,340
07/18/2020,TUL,OK,ASW,CE,Combined TRACON& Tower with Radar,69,13,17,26,125,0,1,13,1,15,69,14,30,27,140,0,14,14,154
07/19/2020,TUL,OK,ASW,CE,Combined TRACON& Tower with Radar,62,17,34,0,113,0,2,18,0,20,62,19,52,0,133,6,0,6,139
07/20/2020,TUL,OK,ASW,CE,Combined TRACON& Tower with Radar,70,24,23,76,193,0,4,22,8,34,70,28,45,84,227,0,0,0,227
07/21/2020,TUL,OK,ASW,CE,Combined TRACON& Tower with Radar,64,27,37,12,140,0,0,16,2,18,64,27,53,14,158,0,0,0,158
07/22/2020,TUL,OK,ASW,CE,Combined TRACON& Tower with Radar,59,23,38,49,169,0,0,20,2,22,59,23,58,51,191,0,0,0,191
07/23/2020,TUL,OK,ASW,CE,Combined TRACON& Tower with Radar,75,26,36,55,192,0,2,17,2,21,75,28,53,57,213,0,0,0,213
07/24/2020,TUL,OK,ASW,CE,Combined TRACON& Tower with Radar,74,20,28,34,156,0,2,32,5,39,74,22,60,39,195,0,0,0,195
07/25/2020,TUL,OK,ASW,CE,Combined TRACON& Tower with Radar,60,19,46,8,133,0,0,22,0,22,60,19,68,8,155,0,0,0,155
07/26/2020,TUL,OK,ASW,CE,Combined TRACON& Tower with Radar,60,18,35,0,113,0,0,16,0,16,60,18,51,0,129,0,0,0,129
07/27/2020,TUL,OK,ASW,CE,Combined TRACON& Tower with Radar,66,18,27,18,129,0,0,12,0,12,66,18,39,18,141,0,0,0,141
07/28/2020,TUL,OK,ASW,CE,Combined TRACON& Tower with Radar,61,22,25,21,129,0,0,5,7,12,61,22,30,28,141,0,0,0,141
07/29/2020,TUL,OK,ASW,CE,Combined TRACON& Tower with Radar,60,24,28,16,128,0,0,6,2,8,60,24,34,18,136,0,0,0,136
07/30/2020,TUL,OK,ASW,CE,Combined TRACON& Tower with Radar,69,37,33,18,157,0,2,31,5,38,69,39,64,23,195,0,0,0,195
07/31/2020,TUL,OK,ASW,CE,Combined TRACON& Tower with Radar,74,29,27,18,148,0,2,6,1,9,74,31,33,19,157,0,0,0,157
08/01/2020,TUL,OK,ASW,CE,Combined TRACON& Tower with Radar,62,19,13,19,113,0,0,33,1,34,62,19,46,20,147,0,0,0,147
08/02/2020,TUL,OK,ASW,CE,Combined TRACON& Tower with Radar,62,12,16,1,91,0,0,18,0,18,62,12,34,1,109,0,0,0,109
08/03/2020,TUL,OK,ASW,CE,Combined TRACON& Tower with Radar,74,29,28,93,224,0,0,23,9,32,74,29,51,102,256,0,0,0,256
08/04/2020,TUL,OK,ASW,CE,Combined TRACON& Tower with Radar,69,34,41,79,223,0,0,27,0,27,69,34,68,79,250,0,0,0,250
08/05/2020,TUL,OK,ASW,CE,Combined TRACON& Tower with Radar,65,21,33,48,167,0,0,19,1,20,65,21,52,49,187,0,0,0,187
08/06/2020,TUL,OK,ASW,CE,Combined TRACON& Tower with Radar,83,22,42,37,184,0,2,12,0,14,83,24,54,37,198,24,18,42,240
08/07/2020,TUL,OK,ASW,CE,Combined TRACON& Tower with Radar,82,30,27,20,159,0,3,18,2,23,82,33,45,22,182,0,0,0,182
08/08/2020,TUL,OK,ASW,CE,Combined TRACON& Tower with Radar,70,23,13,39,145,0,1,21,3,25,70,24,34,42,170,0,0,0,170
08/09/2020,TUL,OK,ASW,CE,Combined TRACON& Tower with Radar,68,13,23,0,104,0,0,18,0,18,68,13,41,0,122,0,0,0,122
08/10/2020,TUL,OK,ASW,CE,Combined TRACON& Tower with Radar,76,20,42,73,211,0,0,32,6,38,76,20,74,79,249,0,0,0,249
08/11/2020,TUL,OK,ASW,CE,Combined TRACON& Tower with Radar,76,29,43,12,160,0,0,12,3,15,76,29,55,15,175,0,0,0,175
08/12/2020,TUL,OK,ASW,CE,Combined TRACON& Tower with Radar,72,38,32,40,182,0,1,17,1,19,72,39,49,41,201,0,0,0,201
08/13/2020,TUL,OK,ASW,CE,Combined TRACON& Tower with Radar,88,36,59,29,212,0,3,33,3,39,88,39,92,32,251,0,0,0,251
08/14/2020,TUL,OK,ASW,CE,Combined TRACON& Tower with Radar,86,27,26,15,154,0,0,28,4,32,86,27,54,19,186,0,0,0,186
08/15/2020,TUL,OK,ASW,CE,Combined TRACON& Tower with Radar,69,26,11,32,138,0,0,18,0,18,69,26,29,32,156,0,0,0,156
08/16/2020,TUL,OK,ASW,CE,Combined TRACON& Tower with Radar,89,19,31,2,141,0,0,26,4,30,89,19,57,6,171,0,0,0,171
08/17/2020,TUL,OK,ASW,CE,Combined TRACON& Tower with Radar,92,32,19,33,176,0,4,35,0,39,92,36,54,33,215,0,0,0,215
08/18/2020,TUL,OK,ASW,CE,Combined TRACON& Tower with Radar,80,34,42,50,206,0,3,40,4,47,80,37,82,54,253,0,0,0,253
08/19/2020,TUL,OK,ASW,CE,Combined TRACON& Tower with Radar,72,30,45,26,173,0,1,30,7,38,72,31,75,33,211,0,0,0,211
08/20/2020,TUL,OK,ASW,CE,Combined TRACON& Tower with Radar,86,34,52,33,205,0,2,49,7,58,86,36,101,40,263,0,0,0,263
08/21/2020,TUL,OK,ASW,CE,Combined TRACON& Tower with Radar,92,32,29,39,192,0,0,44,3,47,92,32,73,42,239,0,0,0,239
08/22/2020,TUL,OK,ASW,CE,Combined TRACON& Tower with Radar,66,21,28,18,133,0,0,30,12,42,66,21,58,30,175,0,0,0,175
08/23/2020,TUL,OK,ASW,CE,Combined TRACON& Tower with Radar,72,29,27,2,130,0,5,18,1,24,72,34,45,3,154,0,0,0,154
08/24/2020,TUL,OK,ASW,CE,Combined TRACON& Tower with Radar,86,28,22,82,218,0,0,17,0,17,86,28,39,82,235,0,0,0,235
08/25/2020,TUL,OK,ASW,CE,Combined TRACON& Tower with Radar,77,31,39,63,210,0,2,17,7,26,77,33,56,70,236,0,0,0,236
08/26/2020,TUL,OK,ASW,CE,Combined TRACON& Tower with Radar,64,29,33,22,148,0,3,26,7,36,64,32,59,29,184,10,32,42,226
08/27/2020,TUL,OK,ASW,CE,Combined TRACON& Tower with Radar,77,30,32,17,156,0,0,21,4,25,77,30,53,21,181,12,10,22,203
08/28/2020,TUL,OK,ASW,CE,Combined TRACON& Tower with Radar,87,26,32,13,158,0,2,34,3,39,87,28,66,16,197,14,0,14,211
08/29/2020,TUL,OK,ASW,CE,Combined TRACON& Tower with Radar,65,20,15,2,102,0,2,18,2,22,65,22,33,4,124,0,0,0,124
08/30/2020,TUL,OK,ASW,CE,Combined TRACON& Tower with Radar,68,16,20,2,106,0,0,6,1,7,68,16,26,3,113,0,0,0,113
08/31/2020,TUL,OK,ASW,CE,Combined TRACON& Tower with Radar,85,19,22,12,138,0,0,13,0,13,85,19,35,12,151,0,0,0,151
09/01/2020,TUL,OK,ASW,CE,Combined TRACON& Tower with Radar,78,27,42,39,186,0,0,2,5,7,78,27,44,44,193,0,0,0,193
09/02/2020,TUL,OK,ASW,CE,Combined TRACON& Tower with Radar,72,29,34,52,187,0,0,10,2,12,72,29,44,54,199,0,0,0,199
09/03/2020,TUL,OK,ASW,CE,Combined TRACON& Tower with Radar,83,42,59,11,195,0,4,31,3,38,83,46,90,14,233,0,0,0,233
09/04/2020,TUL,OK,ASW,CE,Combined TRACON& Tower with Radar,91,34,35,0,160,0,2,24,4,30,91,36,59,4,190,0,0,0,190
09/05/2020,TUL,OK,ASW,CE,Combined TRACON& Tower with Radar,73,21,28,0,122,0,0,23,0,23,73,21,51,0,145,0,0,0,145
09/06/2020,TUL,OK,ASW,CE,Combined TRACON& Tower with Radar,50,8,14,0,72,0,0,16,1,17,50,8,30,1,89,0,0,0,89
09/07/2020,TUL,OK,ASW,CE,Combined TRACON& Tower with Radar,60,25,24,0,109,0,0,26,1,27,60,25,50,1,136,0,0,0,136
09/08/2020,TUL,OK,ASW,CE,Combined TRACON& Tower with Radar,48,35,44,71,198,0,0,19,8,27,48,35,63,79,225,0,0,0,225
09/09/2020,TUL,OK,ASW,CE,Combined TRACON& Tower with Radar,67,37,26,58,188,0,0,1,0,1,67,37,27,58,189,0,0,0,189
09/10/2020,TUL,OK,ASW,CE,Combined TRACON& Tower with Radar,67,38,47,8,160,0,0,1,1,2,67,38,48,9,162,0,0,0,162
09/11/2020,TUL,OK,ASW,CE,Combined TRACON& Tower with Radar,83,32,44,17,176,0,0,0,0,0,83,32,44,17,176,0,0,0,176
09/12/2020,TUL,OK,ASW,CE,Combined TRACON& Tower with Radar,56,25,26,18,125,0,5,17,8,30,56,30,43,26,155,0,0,0,155
09/13/2020,TUL,OK,ASW,CE,Combined TRACON& Tower with Radar,64,16,16,10,106,0,3,14,2,19,64,19,30,12,125,0,0,0,125
09/14/2020,TUL,OK,ASW,CE,Combined TRACON& Tower with Radar,63,25,43,40,171,0,5,36,4,45,63,30,79,44,216,0,0,0,216
09/15/2020,TUL,OK,ASW,CE,Combined TRACON& Tower with Radar,58,41,48,69,216,0,4,34,2,40,58,45,82,71,256,0,0,0,256
09/16/2020,TUL,OK,ASW,CE,Combined TRACON& Tower with Radar,65,35,40,22,162,0,6,22,3,31,65,41,62,25,193,0,0,0,193
09/17/2020,TUL,OK,ASW,CE,Combined TRACON& Tower with Radar,66,38,42,27,173,0,2,30,2,34,66,40,72,29,207,0,0,0,207
09/18/2020,TUL,OK,ASW,CE,Combined TRACON& Tower with Radar,75,34,27,2,138,0,0,24,3,27,75,34,51,5,165,0,0,0,165
09/19/2020,TUL,OK,ASW,CE,Combined TRACON& Tower with Radar,60,12,25,27,124,0,4,31,0,35,60,16,56,27,159,0,0,0,159
09/20/2020,TUL,OK,ASW,CE,Combined TRACON& Tower with Radar,62,12,35,2,111,0,1,23,0,24,62,13,58,2,135,0,0,0,135
09/21/2020,TUL,OK,ASW,CE,Combined TRACON& Tower with Radar,64,30,48,89,231,0,2,42,2,46,64,32,90,91,277,0,0,0,277
09/22/2020,TUL,OK,ASW,CE,Combined TRACON& Tower with Radar,58,36,28,10,132,0,0,0,0,0,58,36,28,10,132,0,0,0,132
09/23/2020,TUL,OK,ASW,CE,Combined TRACON& Tower with Radar,67,43,47,76,233,0,1,13,4,18,67,44,60,80,251,0,0,0,251
09/24/2020,TUL,OK,ASW,CE,Combined TRACON& Tower with Radar,66,37,59,63,225,0,4,25,3,32,66,41,84,66,257,0,0,0,257
09/25/2020,TUL,OK,ASW,CE,Combined TRACON& Tower with Radar,76,38,64,34,212,0,8,41,2,51,76,46,105,36,263,0,0,0,263
09/26/2020,TUL,OK,ASW,CE,Combined TRACON& Tower with Radar,58,21,50,32,161,0,0,28,0,28,58,21,78,32,189,0,0,0,189
09/27/2020,TUL,OK,ASW,CE,Combined TRACON& Tower with Radar,62,20,69,1,152,0,5,3,0,8,62,25,72,1,160,0,0,0,160
09/28/2020,TUL,OK,ASW,CE,Combined TRACON& Tower with Radar,62,34,54,71,221,0,1,24,11,36,62,35,78,82,257,0,0,0,257
09/29/2020,TUL,OK,ASW,CE,Combined TRACON& Tower with Radar,64,38,41,41,184,0,4,26,10,40,64,42,67,51,224,0,0,0,224
09/30/2020,TUL,OK,ASW,CE,Combined TRACON& Tower with Radar,74,34,50,49,207,0,0,47,5,52,74,34,97,54,259,0,0,0,259
10/01/2020,TUL,OK,ASW,CE,Combined TRACON& Tower with Radar,68,46,44,30,188,0,4,34,0,38,68,50,78,30,226,0,0,0,226
10/02/2020,TUL,OK,ASW,CE,Combined TRACON& Tower with Radar,73,32,57,90,252,0,4,57,31,92,73,36,114,121,344,0,0,0,344
10/03/2020,TUL,OK,ASW,CE,Combined TRACON& Tower with Radar,54,18,32,4,108,0,0,20,2,22,54,18,52,6,130,0,0,0,130
10/04/2020,TUL,OK,ASW,CE,Combined TRACON& Tower with Radar,58,27,42,0,127,0,2,22,3,27,58,29,64,3,154,0,0,0,154
10/05/2020,TUL,OK,ASW,CE,Combined TRACON& Tower with Radar,63,22,37,35,157,0,3,28,7,38,63,25,65,42,195,0,0,0,195
10/06/2020,TUL,OK,ASW,CE,Combined TRACON& Tower with Radar,56,31,46,33,166,0,2,16,9,27,56,33,62,42,193,0,0,0,193
10/07/2020,TUL,OK,ASW,CE,Combined TRACON& Tower with Radar,59,27,30,32,148,0,2,16,0,18,59,29,46,32,166,0,0,0,166
10/08/2020,TUL,OK,ASW,CE,Combined TRACON& Tower with Radar,68,38,47,57,210,0,0,25,2,27,68,38,72,59,237,12,90,102,339
10/09/2020,TUL,OK,ASW,CE,Combined TRACON& Tower with Radar,75,33,46,44,198,0,5,19,0,24,75,38,65,44,222,0,0,0,222
10/10/2020,TUL,OK,ASW,CE,Combined TRACON& Tower with Radar,51,20,34,36,141,0,1,35,0,36,51,21,69,36,177,28,62,90,267
10/11/2020,TUL,OK,ASW,CE,Combined TRACON& Tower with Radar,57,25,32,1,115,0,0,20,1,21,57,25,52,2,136,0,0,0,136
10/12/2020,TUL,OK,ASW,CE,Combined TRACON& Tower with Radar,63,31,41,0,135,0,3,24,0,27,63,34,65,0,162,0,0,0,162
10/13/2020,TUL,OK,ASW,CE,Combined TRACON& Tower with Radar,58,34,67,87,246,0,3,46,4,53,58,37,113,91,299,6,112,118,417
10/14/2020,TUL,OK,ASW,CE,Combined TRACON& Tower with Radar,62,24,41,41,168,0,1,27,8,36,62,25,68,49,204,0,48,48,252
10/15/2020,TUL,OK,ASW,CE,Combined TRACON& Tower with Radar,67,52,59,36,214,0,3,10,7,20,67,55,69,43,234,0,0,0,234
10/16/2020,TUL,OK,ASW,CE,Combined TRACON& Tower with Radar,73,27,54,22,176,0,6,44,0,50,73,33,98,22,226,34,4,38,264
10/17/2020,TUL,OK,ASW,CE,Combined TRACON& Tower with Radar,53,19,20,0,92,0,1,6,0,7,53,20,26,0,99,0,0,0,99
10/18/2020,TUL,OK,ASW,CE,Combined TRACON& Tower with Radar,70,21,33,0,124,0,0,2,0,2,70,21,35,0,126,0,0,0,126
10/19/2020,TUL,OK,ASW,CE,Combined TRACON& Tower with Radar,65,31,28,22,146,0,0,0,0,0,65,31,28,22,146,0,0,0,146
10/20/2020,TUL,OK,ASW,CE,Combined TRACON& Tower with Radar,63,31,57,24,175,0,1,1,1,3,63,32,58,25,178,0,0,0,178
10/21/2020,TUL,OK,ASW,CE,Combined TRACON& Tower with Radar,58,28,49,44,179,0,6,25,6,37,58,34,74,50,216,0,0,0,216
10/22/2020,TUL,OK,ASW,CE,Combined TRACON& Tower with Radar,70,35,66,47,218,0,0,24,7,31,70,35,90,54,249,20,74,94,343
10/23/2020,TUL,OK,ASW,CE,Combined TRACON& Tower with Radar,75,32,41,20,168,0,0,2,2,4,75,32,43,22,172,0,0,0,172
10/24/2020,TUL,OK,ASW,CE,Combined TRACON& Tower with Radar,62,12,32,8,114,0,4,42,0,46,62,16,74,8,160,30,0,30,190
10/25/2020,TUL,OK,ASW,CE,Combined TRACON& Tower with Radar,62,27,38,0,127,0,2,4,0,6,62,29,42,0,133,0,0,0,133
10/26/2020,TUL,OK,ASW,CE,Combined TRACON& Tower with Radar,64,17,19,1,101,0,0,0,0,0,64,17,19,1,101,0,0,0,101
10/27/2020,TUL,OK,ASW,CE,Combined TRACON& Tower with Radar,59,19,24,0,102,0,0,0,0,0,59,19,24,0,102,0,0,0,102
10/28/2020,TUL,OK,ASW,CE,Combined TRACON& Tower with Radar,59,23,23,0,105,0,0,0,0,0,59,23,23,0,105,0,0,0,105
10/29/2020,TUL,OK,ASW,CE,Combined TRACON& Tower with Radar,70,36,47,24,177,0,5,13,2,20,70,41,60,26,197,20,0,20,217
10/30/2020,TUL,OK,ASW,CE,Combined TRACON& Tower with Radar,87,36,53,47,223,0,2,49,6,57,87,38,102,53,280,0,0,0,280
10/31/2020,TUL,OK,ASW,CE,Combined TRACON& Tower with Radar,48,26,27,17,118,0,1,39,1,41,48,27,66,18,159,0,0,0,159
11/01/2020,TUL,OK,ASW,CE,Combined TRACON& Tower with Radar,53,42,29,8,132,0,7,30,0,37,53,49,59,8,169,8,0,8,177
11/02/2020,TUL,OK,ASW,CE,Combined TRACON& Tower with Radar,69,27,28,38,162,0,2,35,6,43,69,29,63,44,205,4,30,34,239
11/03/2020,TUL,OK,ASW,CE,Combined TRACON& Tower with Radar,64,28,38,72,202,0,1,43,5,49,64,29,81,77,251,26,16,42,293
11/04/2020,TUL,OK,ASW,CE,Combined TRACON& Tower with Radar,57,40,33,29,159,0,9,27,8,44,57,49,60,37,203,14,50,64,267
11/05/2020,TUL,OK,ASW,CE,Combined TRACON& Tower with Radar,74,43,75,52,244,0,3,33,15,51,74,46,108,67,295,34,46,80,375
11/06/2020,TUL,OK,ASW,CE,Combined TRACON& Tower with Radar,77,29,67,27,200,0,2,37,6,45,77,31,104,33,245,0,30,30,275
11/07/2020,TUL,OK,ASW,CE,Combined TRACON& Tower with Radar,52,26,63,27,168,0,2,58,3,63,52,28,121,30,231,28,6,34,265
11/08/2020,TUL,OK,ASW,CE,Combined TRACON& Tower with Radar,60,25,39,32,156,0,0,1,0,1,60,25,40,32,157,10,10,20,177
11/09/2020,TUL,OK,ASW,CE,Combined TRACON& Tower with Radar,68,27,34,89,218,0,1,12,1,14,68,28,46,90,232,20,78,98,330
11/10/2020,TUL,OK,ASW,CE,Combined TRACON& Tower with Radar,61,35,41,19,156,0,2,4,1,7,61,37,45,20,163,0,6,6,169
11/11/2020,TUL,OK,ASW,CE,Combined TRACON& Tower with Radar,55,36,46,0,137,1,2,40,0,43,56,38,86,0,180,2,0,2,182
11/12/2020,TUL,OK,ASW,CE,Combined TRACON& Tower with Radar,73,42,47,80,242,0,5,36,0,41,73,47,83,80,283,14,22,36,319
11/13/2020,TUL,OK,ASW,CE,Combined TRACON& Tower with Radar,80,35,39,22,176,0,0,20,6,26,80,35,59,28,202,6,0,6,208
11/14/2020,TUL,OK,ASW,CE,Combined TRACON& Tower with Radar,54,31,25,2,112,0,0,4,0,4,54,31,29,2,116,0,0,0,116
11/15/2020,TUL,OK,ASW,CE,Combined TRACON& Tower with Radar,62,25,26,5,118,0,3,33,2,38,62,28,59,7,156,20,0,20,176
11/16/2020,TUL,OK,ASW,CE,Combined TRACON& Tower with Radar,69,29,36,38,172,0,2,27,4,33,69,31,63,42,205,0,36,36,241
11/17/2020,TUL,OK,ASW,CE,Combined TRACON& Tower with Radar,58,38,47,49,192,0,0,32,5,37,58,38,79,54,229,2,4,6,235
11/18/2020,TUL,OK,ASW,CE,Combined TRACON& Tower with Radar,59,39,38,51,187,0,0,18,6,24,59,39,56,57,211,10,12,22,233
11/19/2020,TUL,OK,ASW,CE,Combined TRACON& Tower with Radar,75,48,44,64,231,0,2,23,1,26,75,50,67,65,257,4,20,24,281
11/20/2020,TUL,OK,ASW,CE,Combined TRACON& Tower with Radar,79,36,54,39,208,0,1,34,6,41,79,37,88,45,249,0,6,6,255
11/21/2020,TUL,OK,ASW,CE,Combined TRACON& Tower with Radar,61,26,22,4,113,0,0,0,0,0,61,26,22,4,113,0,0,0,113
11/22/2020,TUL,OK,ASW,CE,Combined TRACON& Tower with Radar,74,21,19,16,130,0,0,3,0,3,74,21,22,16,133,20,0,20,153
11/23/2020,TUL,OK,ASW,CE,Combined TRACON& Tower with Radar,65,40,42,57,204,0,0,25,5,30,65,40,67,62,234,4,18,22,256
11/24/2020,TUL,OK,ASW,CE,Combined TRACON& Tower with Radar,77,18,31,0,126,0,0,0,0,0,77,18,31,0,126,0,0,0,126
11/25/2020,TUL,OK,ASW,CE,Combined TRACON& Tower with Radar,84,22,25,2,133,0,0,20,0,20,84,22,45,2,153,6,0,6,159
11/26/2020,TUL,OK,ASW,CE,Combined TRACON& Tower with Radar,30,14,6,0,50,0,0,8,0,8,30,14,14,0,58,4,0,4,62
11/27/2020,TUL,OK,ASW,CE,Combined TRACON& Tower with Radar,67,22,18,2,109,0,1,19,0,20,67,23,37,2,129,16,0,16,145
11/28/2020,TUL,OK,ASW,CE,Combined TRACON& Tower with Radar,75,29,24,0,128,0,0,21,0,21,75,29,45,0,149,16,0,16,165
11/29/2020,TUL,OK,ASW,CE,Combined TRACON& Tower with Radar,68,37,30,0,135,0,1,6,0,7,68,38,36,0,142,0,0,0,142
11/30/2020,TUL,OK,ASW,CE,Combined TRACON& Tower with Radar,67,25,25,60,177,0,1,29,0,30,67,26,54,60,207,0,14,14,221
12/01/2020,TUL,OK,ASW,CE,Combined TRACON& Tower with Radar,84,30,36,36,186,0,0,41,12,53,84,30,77,48,239,66,8,74,313
12/02/2020,TUL,OK,ASW,CE,Combined TRACON& Tower with Radar,61,33,29,10,133,0,0,4,3,7,61,33,33,13,140,0,0,0,140
12/03/2020,TUL,OK,ASW,CE,Combined TRACON& Tower with Radar,65,31,21,0,117,0,0,0,1,1,65,31,21,1,118,0,8,8,126
12/04/2020,TUL,OK,ASW,CE,Combined TRACON& Tower with Radar,76,30,40,24,170,0,3,35,10,48,76,33,75,34,218,30,10,40,258
12/05/2020,TUL,OK,ASW,CE,Combined TRACON& Tower with Radar,50,15,28,13,106,0,4,47,0,51,50,19,75,13,157,12,0,12,169
12/06/2020,TUL,OK,ASW,CE,Combined TRACON& Tower with Radar,57,19,24,0,100,0,2,31,0,33,57,21,55,0,133,2,0,2,135
12/07/2020,TUL,OK,ASW,CE,Combined TRACON& Tower with Radar,61,30,31,52,174,0,3,33,8,44,61,33,64,60,218,6,0,6,224
12/08/2020,TUL,OK,ASW,CE,Combined TRACON& Tower with Radar,65,37,52,49,203,0,2,27,2,31,65,39,79,51,234,34,2,36,270
12/09/2020,TUL,OK,ASW,CE,Combined TRACON& Tower with Radar,55,36,46,29,166,0,0,37,8,45,55,36,83,37,211,14,52,66,277
12/10/2020,TUL,OK,ASW,CE,Combined TRACON& Tower with Radar,63,36,59,52,210,0,2,46,7,55,63,38,105,59,265,6,32,38,303
12/11/2020,TUL,OK,ASW,CE,Combined TRACON& Tower with Radar,70,22,37,9,138,0,0,4,3,7,70,22,41,12,145,0,36,36,181
12/12/2020,TUL,OK,ASW,CE,Combined TRACON& Tower with Radar,49,22,14,0,85,0,2,4,0,6,49,24,18,0,91,0,0,0,91
12/13/2020,TUL,OK,ASW,CE,Combined TRACON& Tower with Radar,43,13,9,0,65,0,0,0,0,0,43,13,9,0,65,0,0,0,65
12/14/2020,TUL,OK,ASW,CE,Combined TRACON& Tower with Radar,66,34,40,11,151,0,1,16,2,19,66,35,56,13,170,4,6,10,180
12/15/2020,TUL,OK,ASW,CE,Combined TRACON& Tower with Radar,67,24,35,0,126,0,0,5,2,7,67,24,40,2,133,0,14,14,147
12/16/2020,TUL,OK,ASW,CE,Combined TRACON& Tower with Radar,58,34,31,6,129,0,0,6,1,7,58,34,37,7,136,0,0,0,136
12/17/2020,TUL,OK,ASW,CE,Combined TRACON& Tower with Radar,75,37,52,22,186,0,2,36,0,38,75,39,88,22,224,10,0,10,234
12/18/2020,TUL,OK,ASW,CE,Combined TRACON& Tower with Radar,87,36,24,19,166,0,0,14,2,16,87,36,38,21,182,0,30,30,212
12/19/2020,TUL,OK,ASW,CE,Combined TRACON& Tower with Radar,74,37,36,6,153,0,0,30,2,32,74,37,66,8,185,0,4,4,189
12/20/2020,TUL,OK,ASW,CE,Combined TRACON& Tower with Radar,73,22,34,14,143,0,0,23,0,23,73,22,57,14,166,6,6,12,178
12/21/2020,TUL,OK,ASW,CE,Combined TRACON& Tower with Radar,76,36,33,22,167,0,2,28,3,33,76,38,61,25,200,16,2,18,218
12/22/2020,TUL,OK,ASW,CE,Combined TRACON& Tower with Radar,86,40,39,44,209,0,0,23,7,30,86,40,62,51,239,0,16,16,255
12/23/2020,TUL,OK,ASW,CE,Combined TRACON& Tower with Radar,82,27,15,3,127,0,0,9,1,10,82,27,24,4,137,0,6,6,143
12/24/2020,TUL,OK,ASW,CE,Combined TRACON& Tower with Radar,55,22,6,0,83,0,2,3,1,6,55,24,9,1,89,0,0,0,89
12/25/2020,TUL,OK,ASW,CE,Combined TRACON& Tower with Radar,32,14,5,0,51,0,1,8,0,9,32,15,13,0,60,0,0,0,60
12/26/2020,TUL,OK,ASW,CE,Combined TRACON& Tower with Radar,70,30,36,0,136,0,5,19,0,24,70,35,55,0,160,12,0,12,172
12/27/2020,TUL,OK,ASW,CE,Combined TRACON& Tower with Radar,68,27,35,0,130,0,2,17,0,19,68,29,52,0,149,0,0,0,149
12/28/2020,TUL,OK,ASW,CE,Combined TRACON& Tower with Radar,65,33,26,3,127,0,2,20,0,22,65,35,46,3,149,2,0,2,151
12/29/2020,TUL,OK,ASW,CE,Combined TRACON& Tower with Radar,74,27,43,16,160,0,0,1,0,1,74,27,44,16,161,0,6,6,167
12/30/2020,TUL,OK,ASW,CE,Combined TRACON& Tower with Radar,87,34,27,1,149,0,0,3,0,3,87,34,30,1,152,0,0,0,152
12/31/2020,TUL,OK,ASW,CE,Combined TRACON& Tower with Radar,53,29,21,0,103,0,0,9,0,9,53,29,30,0,112,4,0,4,116
01/01/2021,TUL,OK,ASW,CE,Combined TRACON& Tower with Radar,39,23,9,0,71,0,0,2,0,2,39,23,11,0,73,0,0,0,73
01/02/2021,TUL,OK,ASW,CE,Combined TRACON& Tower with Radar,73,30,29,1,133,0,2,1,0,3,73,32,30,1,136,0,0,0,136
01/03/2021,TUL,OK,ASW,CE,Combined TRACON& Tower with Radar,66,31,42,4,143,0,2,26,0,28,66,33,68,4,171,56,0,56,227
01/04/2021,TUL,OK,ASW,CE,Combined TRACON& Tower with Radar,64,30,40,3,137,0,0,35,0,35,64,30,75,3,172,12,8,20,192
01/05/2021,TUL,OK,ASW,CE,Combined TRACON& Tower with Radar,68,28,57,40,193,0,1,38,0,39,68,29,95,40,232,46,18,64,296
01/06/2021,TUL,OK,ASW,CE,Combined TRACON& Tower with Radar,64,28,20,7,119,0,0,1,0,1,64,28,21,7,120,0,0,0,120
01/07/2021,TUL,OK,ASW,CE,Combined TRACON& Tower with Radar,65,39,18,30,152,0,0,2,8,10,65,39,20,38,162,0,40,40,202
01/08/2021,TUL,OK,ASW,CE,Combined TRACON& Tower with Radar,68,34,48,69,219,0,0,16,3,19,68,34,64,72,238,0,54,54,292
01/09/2021,TUL,OK,ASW,CE,Combined TRACON& Tower with Radar,45,27,35,43,150,0,8,28,2,38,45,35,63,45,188,2,0,2,190
01/10/2021,TUL,OK,ASW,CE,Combined TRACON& Tower with Radar,35,19,32,8,94,0,0,8,0,8,35,19,40,8,102,0,0,0,102
01/11/2021,TUL,OK,ASW,CE,Combined TRACON& Tower with Radar,61,26,21,43,151,0,0,29,7,36,61,26,50,50,187,10,16,26,213
01/12/2021,TUL,OK,ASW,CE,Combined TRACON& Tower with Radar,57,34,62,53,206,0,0,51,6,57,57,34,113,59,263,36,26,62,325
01/13/2021,TUL,OK,ASW,CE,Combined TRACON& Tower with Radar,54,36,41,56,187,0,3,27,4,34,54,39,68,60,221,22,76,98,319
01/14/2021,TUL,OK,ASW,CE,Combined TRACON& Tower with Radar,64,37,36,59,196,0,0,20,8,28,64,37,56,67,224,4,60,64,288
01/15/2021,TUL,OK,ASW,CE,Combined TRACON& Tower with Radar,66,29,36,4,135,0,0,9,0,9,66,29,45,4,144,0,0,0,144
01/16/2021,TUL,OK,ASW,CE,Combined TRACON& Tower with Radar,57,19,31,8,115,0,1,30,6,37,57,20,61,14,152,32,0,32,184
01/17/2021,TUL,OK,ASW,CE,Combined TRACON& Tower with Radar,43,21,26,11,101,0,0,20,4,24,43,21,46,15,125,12,6,18,143
01/18/2021,TUL,OK,ASW,CE,Combined TRACON& Tower with Radar,55,19,31,2,107,0,0,21,0,21,55,19,52,2,128,4,0,4,132
01/19/2021,TUL,OK,ASW,CE,Combined TRACON& Tower with Radar,60,36,36,57,189,0,1,16,1,18,60,37,52,58,207,0,12,12,219
01/20/2021,TUL,OK,ASW,CE,Combined TRACON& Tower with Radar,59,30,28,32,149,0,0,12,5,17,59,30,40,37,166,18,72,90,256
01/21/2021,TUL,OK,ASW,CE,Combined TRACON& Tower with Radar,62,37,44,20,163,0,0,6,1,7,62,37,50,21,170,14,14,28,198
01/22/2021,TUL,OK,ASW,CE,Combined TRACON& Tower with Radar,72,27,39,42,180,0,4,25,11,40,72,31,64,53,220,30,28,58,278
01/23/2021,TUL,OK,ASW,CE,Combined TRACON& Tower with Radar,47,14,22,10,93,0,0,8,0,8,47,14,30,10,101,0,4,4,105
01/24/2021,TUL,OK,ASW,CE,Combined TRACON& Tower with Radar,44,25,14,8,91,0,0,0,0,0,44,25,14,8,91,0,0,0,91
01/25/2021,TUL,OK,ASW,CE,Combined TRACON& Tower with Radar,61,25,21,16,123,0,0,2,0,2,61,25,23,16,125,0,0,0,125
01/26/2021,TUL,OK,ASW,CE,Combined TRACON& Tower with Radar,61,24,44,17,146,0,2,8,2,12,61,26,52,19,158,8,28,36,194
01/27/2021,TUL,OK,ASW,CE,Combined TRACON& Tower with Radar,68,30,41,35,174,0,0,6,2,8,68,30,47,37,182,0,8,8,190
01/28/2021,TUL,OK,ASW,CE,Combined TRACON& Tower with Radar,59,25,50,21,155,0,0,27,3,30,59,25,77,24,185,0,14,14,199
01/29/2021,TUL,OK,ASW,CE,Combined TRACON& Tower with Radar,70,33,33,22,158,0,1,23,8,32,70,34,56,30,190,2,22,24,214
01/30/2021,TUL,OK,ASW,CE,Combined TRACON& Tower with Radar,50,21,13,0,84,0,0,1,0,1,50,21,14,0,85,2,0,2,87
01/31/2021,TUL,OK,ASW,CE,Combined TRACON& Tower with Radar,43,21,21,0,85,0,0,13,0,13,43,21,34,0,98,2,0,2,100
02/01/2021,TUL,OK,ASW,CE,Combined TRACON& Tower with Radar,60,30,23,75,188,0,3,32,9,44,60,33,55,84,232,32,142,174,406
02/02/2021,TUL,OK,ASW,CE,Combined TRACON& Tower with Radar,60,26,47,70,203,0,1,46,8,55,60,27,93,78,258,12,98,110,368
02/03/2021,TUL,OK,ASW,CE,Combined TRACON& Tower with Radar,61,34,39,72,206,0,3,32,5,40,61,37,71,77,246,54,48,102,348
02/04/2021,TUL,OK,ASW,CE,Combined TRACON& Tower with Radar,65,32,33,50,180,0,0,14,7,21,65,32,47,57,201,0,80,80,281
02/05/2021,TUL,OK,ASW,CE,Combined TRACON& Tower with Radar,70,26,42,52,190,0,0,35,5,40,70,26,77,57,230,14,6,20,250
02/06/2021,TUL,OK,ASW,CE,Combined TRACON& Tower with Radar,50,18,14,12,94,0,0,2,1,3,50,18,16,13,97,0,24,24,121
02/07/2021,TUL,OK,ASW,CE,Combined TRACON& Tower with Radar,44,30,19,4,97,0,0,0,0,0,44,30,19,4,97,0,0,0,97
02/08/2021,TUL,OK,ASW,CE,Combined TRACON& Tower with Radar,60,18,14,0,92,0,0,0,0,0,60,18,14,0,92,0,0,0,92
02/09/2021,TUL,OK,ASW,CE,Combined TRACON& Tower with Radar,59,22,24,0,105,0,0,0,0,0,59,22,24,0,105,0,0,0,105
02/10/2021,TUL,OK,ASW,CE,Combined TRACON& Tower with Radar,55,17,22,0,94,0,0,0,0,0,55,17,22,0,94,0,0,0,94
02/11/2021,TUL,OK,ASW,CE,Combined TRACON& Tower with Radar,59,38,29,0,126,0,0,1,0,1,59,38,30,0,127,0,0,0,127
02/12/2021,TUL,OK,ASW,CE,Combined TRACON& Tower with Radar,80,33,21,0,134,0,0,4,0,4,80,33,25,0,138,0,0,0,138
02/13/2021,TUL,OK,ASW,CE,Combined TRACON& Tower with Radar,57,39,16,0,112,0,0,15,0,15,57,39,31,0,127,6,0,6,133
02/14/2021,TUL,OK,ASW,CE,Combined TRACON& Tower with Radar,23,10,1,0,34,0,0,0,0,0,23,10,1,0,34,0,0,0,34
02/15/2021,TUL,OK,ASW,CE,Combined TRACON& Tower with Radar,35,16,20,0,71,0,0,0,0,0,35,16,20,0,71,2,0,2,73
02/16/2021,TUL,OK,ASW,CE,Combined TRACON& Tower with Radar,29,25,15,0,69,0,1,2,2,5,29,26,17,2,74,6,0,6,80
02/17/2021,TUL,OK,ASW,CE,Combined TRACON& Tower with Radar,30,12,15,1,58,0,0,0,0,0,30,12,15,1,58,0,0,0,58
02/18/2021,TUL,OK,ASW,CE,Combined TRACON& Tower with Radar,43,45,24,1,113,0,2,17,1,20,43,47,41,2,133,12,0,12,145
02/19/2021,TUL,OK,ASW,CE,Combined TRACON& Tower with Radar,64,37,26,15,142,0,0,26,2,28,64,37,52,17,170,0,4,4,174
02/20/2021,TUL,OK,ASW,CE,Combined TRACON& Tower with Radar,49,31,21,1,102,0,1,31,3,35,49,32,52,4,137,10,0,10,147
02/21/2021,TUL,OK,ASW,CE,Combined TRACON& Tower with Radar,51,25,37,2,115,0,1,4,0,5,51,26,41,2,120,0,0,0,120
02/22/2021,TUL,OK,ASW,CE,Combined TRACON& Tower with Radar,74,31,34,79,218,0,2,46,6,54,74,33,80,85,272,16,32,48,320
02/23/2021,TUL,OK,ASW,CE,Combined TRACON& Tower with Radar,62,43,55,42,202,0,1,50,9,60,62,44,105,51,262,6,42,48,310
02/24/2021,TUL,OK,ASW,CE,Combined TRACON& Tower with Radar,69,40,34,49,192,0,4,25,8,37,69,44,59,57,229,0,42,42,271
02/25/2021,TUL,OK,ASW,CE,Combined TRACON& Tower with Radar,68,37,35,73,213,0,1,34,13,48,68,38,69,86,261,8,90,98,359
02/26/2021,TUL,OK,ASW,CE,Combined TRACON& Tower with Radar,71,50,37,6,164,0,0,0,5,5,71,50,37,11,169,8,22,30,199
02/27/2021,TUL,OK,ASW,CE,Combined TRACON& Tower with Radar,53,22,27,0,102,0,1,9,0,10,53,23,36,0,112,0,0,0,112
02/28/2021,TUL,OK,ASW,CE,Combined TRACON& Tower with Radar,58,21,15,0,94,0,1,10,0,11,58,22,25,0,105,26,28,54,159
03/01/2021,TUL,OK,ASW,CE,Combined TRACON& Tower with Radar,68,44,28,68,208,0,7,40,4,51,68,51,68,72,259,20,32,52,311
03/02/2021,TUL,OK,ASW,CE,Combined TRACON& Tower with Radar,73,36,29,71,209,0,6,35,4,45,73,42,64,75,254,8,126,134,388
03/03/2021,TUL,OK,ASW,CE,Combined TRACON& Tower with Radar,67,43,44,21,175,0,5,37,2,44,67,48,81,23,219,6,38,44,263
03/04/2021,TUL,OK,ASW,CE,Combined TRACON& Tower with Radar,70,37,36,20,163,0,4,30,5,39,70,41,66,25,202,20,10,30,232
03/05/2021,TUL,OK,ASW,CE,Combined TRACON& Tower with Radar,75,43,47,31,196,0,1,7,6,14,75,44,54,37,210,6,34,40,250
03/06/2021,TUL,OK,ASW,CE,Combined TRACON& Tower with Radar,56,29,54,20,159,0,5,31,0,36,56,34,85,20,195,8,12,20,215
03/07/2021,TUL,OK,ASW,CE,Combined TRACON& Tower with Radar,67,37,50,39,193,0,3,24,2,29,67,40,74,41,222,2,30,32,254
03/08/2021,TUL,OK,ASW,CE,Combined TRACON& Tower with Radar,74,25,31,116,246,0,4,24,5,33,74,29,55,121,279,40,136,176,455
03/09/2021,TUL,OK,ASW,CE,Combined TRACON& Tower with Radar,62,35,37,72,206,0,1,14,0,15,62,36,51,72,221,8,16,24,245
03/10/2021,TUL,OK,ASW,CE,Combined TRACON& Tower with Radar,63,31,36,62,192,0,1,7,1,9,63,32,43,63,201,2,4,6,207
03/11/2021,TUL,OK,ASW,CE,Combined TRACON& Tower with Radar,73,42,56,15,186,0,0,0,2,2,73,42,56,17,188,0,0,0,188
03/12/2021,TUL,OK,ASW,CE,Combined TRACON& Tower with Radar,81,39,39,0,159,0,0,2,1,3,81,39,41,1,162,2,0,2,164
03/13/2021,TUL,OK,ASW,CE,Combined TRACON& Tower with Radar,57,35,39,2,133,0,2,4,1,7,57,37,43,3,140,14,18,32,172
03/14/2021,TUL,OK,ASW,CE,Combined TRACON& Tower with Radar,58,24,25,8,115,0,0,0,1,1,58,24,25,9,116,0,0,0,116
03/15/2021,TUL,OK,ASW,CE,Combined TRACON& Tower with Radar,81,43,36,80,240,0,5,14,4,23,81,48,50,84,263,6,106,112,375
03/16/2021,TUL,OK,ASW,CE,Combined TRACON& Tower with Radar,73,36,37,88,234,0,1,38,14,53,73,37,75,102,287,0,86,86,373
03/17/2021,TUL,OK,ASW,CE,Combined TRACON& Tower with Radar,69,31,19,6,125,0,0,3,0,3,69,31,22,6,128,0,16,16,144
03/18/2021,TUL,OK,ASW,CE,Combined TRACON& Tower with Radar,79,33,36,25,173,0,0,6,1,7,79,33,42,26,180,0,22,22,202
03/19/2021,TUL,OK,ASW,CE,Combined TRACON& Tower with Radar,86,35,37,65,223,0,12,37,6,55,86,47,74,71,278,36,26,62,340
03/20/2021,TUL,OK,ASW,CE,Combined TRACON& Tower with Radar,61,43,31,6,141,0,5,59,3,67,61,48,90,9,208,20,12,32,240
03/21/2021,TUL,OK,ASW,CE,Combined TRACON& Tower with Radar,62,43,30,7,142,0,0,13,0,13,62,43,43,7,155,0,18,18,173
03/22/2021,TUL,OK,ASW,CE,Combined TRACON& Tower with Radar,71,34,28,37,170,0,0,6,3,9,71,34,34,40,179,0,6,6,185
03/23/2021,TUL,OK,ASW,CE,Combined TRACON& Tower with Radar,84,34,58,26,202,0,2,9,5,16,84,36,67,31,218,26,36,62,280
03/24/2021,TUL,OK,ASW,CE,Combined TRACON& Tower with Radar,88,37,52,163,340,0,4,35,14,53,88,41,87,177,393,22,48,70,463
03/25/2021,TUL,OK,ASW,CE,Combined TRACON& Tower with Radar,80,35,34,16,165,0,2,3,2,7,80,37,37,18,172,8,0,8,180
03/26/2021,TUL,OK,ASW,CE,Combined TRACON& Tower with Radar,88,43,46,66,243,0,9,27,15,51,88,52,73,81,294,30,86,116,410
03/27/2021,TUL,OK,ASW,CE,Combined TRACON& Tower with Radar,57,32,30,24,143,0,0,20,2,22,57,32,50,26,165,22,14,36,201
03/28/2021,TUL,OK,ASW,CE,Combined TRACON& Tower with Radar,61,25,26,26,138,0,0,30,4,34,61,25,56,30,172,4,0,4,176
03/29/2021,TUL,OK,ASW,CE,Combined TRACON& Tower with Radar,76,26,30,56,188,0,1,32,1,34,76,27,62,57,222,10,8,18,240
03/30/2021,TUL,OK,ASW,CE,Combined TRACON& Tower with Radar,75,30,31,79,215,0,2,12,3,17,75,32,43,82,232,0,16,16,248
03/31/2021,TUL,OK,ASW,CE,Combined TRACON& Tower with Radar,82,37,43,61,223,0,2,31,14,47,82,39,74,75,270,8,34,42,312
04/01/2021,TUL,OK,ASW,CE,Combined TRACON& Tower with Radar,76,43,45,63,227,0,3,24,9,36,76,46,69,72,263,22,204,226,489
04/02/2021,TUL,OK,ASW,CE,Combined TRACON& Tower with Radar,87,34,39,18,178,0,3,34,4,41,87,37,73,22,219,26,26,52,271
04/03/2021,TUL,OK,ASW,CE,Combined TRACON& Tower with Radar,55,24,18,0,97,0,0,20,0,20,55,24,38,0,117,0,0,0,117
04/04/2021,TUL,OK,ASW,CE,Combined TRACON& Tower with Radar,66,24,13,0,103,0,1,25,2,28,66,25,38,2,131,16,6,22,153
04/05/2021,TUL,OK,ASW,CE,Combined TRACON& Tower with Radar,79,34,47,67,227,0,3,13,6,22,79,37,60,73,249,14,4,18,267
04/06/2021,TUL,OK,ASW,CE,Combined TRACON& Tower with Radar,76,30,48,91,245,0,1,9,0,10,76,31,57,91,255,2,12,14,269
04/07/2021,TUL,OK,ASW,CE,Combined TRACON& Tower with Radar,83,43,33,13,172,0,2,5,3,10,83,45,38,16,182,10,4,14,196
04/08/2021,TUL,OK,ASW,CE,Combined TRACON& Tower with Radar,80,27,38,26,171,0,0,27,10,37,80,27,65,36,208,6,6,12,220
04/09/2021,TUL,OK,ASW,CE,Combined TRACON& Tower with Radar,88,33,37,22,180,0,0,12,5,17,88,33,49,27,197,4,4,8,205
04/10/2021,TUL,OK,ASW,CE,Combined TRACON& Tower with Radar,62,35,26,12,135,0,1,9,0,10,62,36,35,12,145,0,20,20,165
04/11/2021,TUL,OK,ASW,CE,Combined TRACON& Tower with Radar,67,30,26,20,143,0,0,24,0,24,67,30,50,20,167,30,24,54,221
04/12/2021,TUL,OK,ASW,CE,Combined TRACON& Tower with Radar,93,33,28,86,240,0,5,26,1,32,93,38,54,87,272,0,42,42,314
04/13/2021,TUL,OK,ASW,CE,Combined TRACON& Tower with Radar,79,35,43,118,275,0,1,13,9,23,79,36,56,127,298,6,58,64,362
04/14/2021,TUL,OK,ASW,CE,Combined TRACON& Tower with Radar,73,42,43,36,194,0,0,14,6,20,73,42,57,42,214,10,16,26,240
04/15/2021,TUL,OK,ASW,CE,Combined TRACON& Tower with Radar,90,57,50,59,256,0,0,22,3,25,90,57,72,62,281,6,66,72,353
04/16/2021,TUL,OK,ASW,CE,Combined TRACON& Tower with Radar,84,31,35,0,150,0,0,2,0,2,84,31,37,0,152,0,0,0,152
04/17/2021,TUL,OK,ASW,CE,Combined TRACON& Tower with Radar,64,31,31,12,138,0,3,8,0,11,64,34,39,12,149,0,16,16,165
04/18/2021,TUL,OK,ASW,CE,Combined TRACON& Tower with Radar,71,35,29,10,145,0,1,28,2,31,71,36,57,12,176,16,0,16,192
04/19/2021,TUL,OK,ASW,CE,Combined TRACON& Tower with Radar,84,32,35,53,204,0,6,48,2,56,84,38,83,55,260,24,60,84,344
04/20/2021,TUL,OK,ASW,CE,Combined TRACON& Tower with Radar,72,32,45,13,162,0,1,2,2,5,72,33,47,15,167,0,0,0,167
04/21/2021,TUL,OK,ASW,CE,Combined TRACON& Tower with Radar,72,37,38,51,198,0,6,41,6,53,72,43,79,57,251,54,46,100,351
04/22/2021,TUL,OK,ASW,CE,Combined TRACON& Tower with Radar,83,30,42,130,285,0,4,22,8,34,83,34,64,138,319,12,90,102,421
04/23/2021,TUL,OK,ASW,CE,Combined TRACON& Tower with Radar,92,27,40,33,192,0,5,2,0,7,92,32,42,33,199,22,0,22,221
04/24/2021,TUL,OK,ASW,CE,Combined TRACON& Tower with Radar,65,29,16,4,114,0,0,9,2,11,65,29,25,6,125,14,0,14,139
04/25/2021,TUL,OK,ASW,CE,Combined TRACON& Tower with Radar,75,39,39,4,157,0,9,21,2,32,75,48,60,6,189,0,0,0,189
04/26/2021,TUL,OK,ASW,CE,Combined TRACON& Tower with Radar,81,34,39,116,270,0,0,14,3,17,81,34,53,119,287,0,64,64,351
04/27/2021,TUL,OK,ASW,CE,Combined TRACON& Tower with Radar,75,32,38,48,193,0,0,6,2,8,75,32,44,50,201,0,34,34,235
04/28/2021,TUL,OK,ASW,CE,Combined TRACON& Tower with Radar,69,30,17,2,118,0,0,0,0,0,69,30,17,2,118,0,0,0,118
04/29/2021,TUL,OK,ASW,CE,Combined TRACON& Tower with Radar,86,34,40,70,230,0,4,25,5,34,86,38,65,75,264,50,24,74,338
04/30/2021,TUL,OK,ASW,CE,Combined TRACON& Tower with Radar,91,38,30,76,235,0,9,41,14,64,91,47,71,90,299,12,28,40,339
05/01/2021,TUL,OK,ASW,CE,Combined TRACON& Tower with Radar,62,37,23,31,153,0,17,18,9,44,62,54,41,40,197,6,8,14,211
05/02/2021,TUL,OK,ASW,CE,Combined TRACON& Tower with Radar,77,36,32,15,160,0,3,11,0,14,77,39,43,15,174,0,0,0,174
05/03/2021,TUL,OK,ASW,CE,Combined TRACON& Tower with Radar,82,30,20,63,195,0,1,6,0,7,82,31,26,63,202,0,26,26,228
05/04/2021,TUL,OK,ASW,CE,Combined TRACON& Tower with Radar,80,24,29,8,141,0,1,7,1,9,80,25,36,9,150,0,28,28,178
05/05/2021,TUL,OK,ASW,CE,Combined TRACON& Tower with Radar,72,31,34,38,175,0,6,40,8,54,72,37,74,46,229,6,6,12,241
05/06/2021,TUL,OK,ASW,CE,Combined TRACON& Tower with Radar,95,36,26,35,192,0,7,29,10,46,95,43,55,45,238,4,20,24,262
05/07/2021,TUL,OK,ASW,CE,Combined TRACON& Tower with Radar,94,30,38,32,194,0,3,7,5,15,94,33,45,37,209,4,34,38,247
05/08/2021,TUL,OK,ASW,CE,Combined TRACON& Tower with Radar,77,31,26,2,136,0,3,26,1,30,77,34,52,3,166,0,0,0,166
05/09/2021,TUL,OK,ASW,CE,Combined TRACON& Tower with Radar,71,21,23,4,119,0,1,0,3,4,71,22,23,7,123,0,0,0,123
05/10/2021,TUL,OK,ASW,CE,Combined TRACON& Tower with Radar,98,27,38,69,232,0,6,7,1,14,98,33,45,70,246,0,24,24,270
05/11/2021,TUL,OK,ASW,CE,Combined TRACON& Tower with Radar,98,32,33,15,178,0,3,2,3,8,98,35,35,18,186,0,18,18,204
05/12/2021,TUL,OK,ASW,CE,Combined TRACON& Tower with Radar,87,32,46,63,228,0,0,26,6,32,87,32,72,69,260,24,2,26,286
05/13/2021,TUL,OK,ASW,CE,Combined TRACON& Tower with Radar,89,34,41,55,219,0,2,41,4,47,89,36,82,59,266,4,22,26,292
05/14/2021,TUL,OK,ASW,CE,Combined TRACON& Tower with Radar,88,28,49,55,220,0,0,27,12,39,88,28,76,67,259,0,68,68,327
05/15/2021,TUL,OK,ASW,CE,Combined TRACON& Tower with Radar,70,23,29,19,141,0,2,15,2,19,70,25,44,21,160,18,0,18,178
05/16/2021,TUL,OK,ASW,CE,Combined TRACON& Tower with Radar,71,20,18,30,139,0,5,3,1,9,71,25,21,31,148,2,24,26,174
05/17/2021,TUL,OK,ASW,CE,Combined TRACON& Tower with Radar,92,32,33,82,239,0,0,7,0,7,92,32,40,82,246,0,102,102,348
05/18/2021,TUL,OK,ASW,CE,Combined TRACON& Tower with Radar,96,29,52,68,245,0,2,6,1,9,96,31,58,69,254,4,40,44,298
05/19/2021,TUL,OK,ASW,CE,Combined TRACON& Tower with Radar,74,21,33,6,134,0,0,2,0,2,74,21,35,6,136,26,0,26,162
05/20/2021,TUL,OK,ASW,CE,Combined TRACON& Tower with Radar,97,42,48,11,198,0,0,3,0,3,97,42,51,11,201,20,0,20,221
05/21/2021,TUL,OK,ASW,CE,Combined TRACON& Tower with Radar,94,43,44,42,223,0,0,2,3,5,94,43,46,45,228,36,54,90,318
05/22/2021,TUL,OK,ASW,CE,Combined TRACON& Tower with Radar,71,35,19,0,125,0,3,8,4,15,71,38,27,4,140,50,0,50,190
05/23/2021,TUL,OK,ASW,CE,Combined TRACON& Tower with Radar,76,27,24,10,137,0,1,4,4,9,76,28,28,14,146,18,0,18,164
05/24/2021,TUL,OK,ASW,CE,Combined TRACON& Tower with Radar,111,30,40,86,267,0,2,26,0,28,111,32,66,86,295,0,18,18,313
05/25/2021,TUL,OK,ASW,CE,Combined TRACON& Tower with Radar,89,34,51,46,220,0,0,9,0,9,89,34,60,46,229,0,14,14,243
05/26/2021,TUL,OK,ASW,CE,Combined TRACON& Tower with Radar,88,34,39,11,172,0,0,10,4,14,88,34,49,15,186,24,2,26,212
05/27/2021,TUL,OK,ASW,CE,Combined TRACON& Tower with Radar,85,24,45,0,154,0,0,4,0,4,85,24,49,0,158,0,0,0,158
05/28/2021,TUL,OK,ASW,CE,Combined TRACON& Tower with Radar,95,35,41,0,171,0,2,16,2,20,95,37,57,2,191,16,0,16,207
05/29/2021,TUL,OK,ASW,CE,Combined TRACON& Tower with Radar,66,17,25,4,112,0,4,20,3,27,66,21,45,7,139,0,0,0,139
05/30/2021,TUL,OK,ASW,CE,Combined TRACON& Tower with Radar,69,34,31,0,134,0,6,28,0,34,69,40,59,0,168,30,0,30,198
05/31/2021,TUL,OK,ASW,CE,Combined TRACON& Tower with Radar,75,21,27,3,126,0,0,3,0,3,75,21,30,3,129,10,0,10,139
06/01/2021,TUL,OK,ASW,CE,Combined TRACON& Tower with Radar,84,18,32,3,137,0,0,1,0,1,84,18,33,3,138,0,0,0,138
06/02/2021,TUL,OK,ASW,CE,Combined TRACON& Tower with Radar,88,40,46,31,205,0,0,24,7,31,88,40,70,38,236,2,20,22,258
06/03/2021,TUL,OK,ASW,CE,Combined TRACON& Tower with Radar,88,42,56,44,230,0,2,44,6,52,88,44,100,50,282,52,32,84,366
06/04/2021,TUL,OK,ASW,CE,Combined TRACON& Tower with Radar,95,38,29,40,202,0,6,42,12,60,95,44,71,52,262,18,28,46,308
06/05/2021,TUL,OK,ASW,CE,Combined TRACON& Tower with Radar,81,33,19,32,165,0,8,27,5,40,81,41,46,37,205,0,22,22,227
06/06/2021,TUL,OK,ASW,CE,Combined TRACON& Tower with Radar,74,37,23,33,167,0,0,11,3,14,74,37,34,36,181,0,0,0,181
06/07/2021,TUL,OK,ASW,CE,Combined TRACON& Tower with Radar,81,33,34,0,148,0,3,3,0,6,81,36,37,0,154,0,0,0,154
06/08/2021,TUL,OK,ASW,CE,Combined TRACON& Tower with Radar,88,35,59,23,205,0,7,16,9,32,88,42,75,32,237,18,14,32,269
06/09/2021,TUL,OK,ASW,CE,Combined TRACON& Tower with Radar,93,34,54,15,196,0,11,15,4,30,93,45,69,19,226,12,24,36,262
06/10/2021,TUL,OK,ASW,CE,Combined TRACON& Tower with Radar,89,55,52,26,222,0,5,27,7,39,89,60,79,33,261,36,52,88,349
06/11/2021,TUL,OK,ASW,CE,Combined TRACON& Tower with Radar,103,41,43,43,230,0,0,24,1,25,103,41,67,44,255,0,94,94,349
06/12/2021,TUL,OK,ASW,CE,Combined TRACON& Tower with Radar,77,26,31,17,151,0,7,22,5,34,77,33,53,22,185,4,4,8,193
06/13/2021,TUL,OK,ASW,CE,Combined TRACON& Tower with Radar,80,39,39,2,160,0,2,17,2,21,80,41,56,4,181,16,2,18,199
06/14/2021,TUL,OK,ASW,CE,Combined TRACON& Tower with Radar,94,33,31,76,234,0,5,23,2,30,94,38,54,78,264,76,14,90,354
06/15/2021,TUL,OK,ASW,CE,Combined TRACON& Tower with Radar,84,34,42,92,252,0,6,30,12,48,84,40,72,104,300,2,104,106,406
06/16/2021,TUL,OK,ASW,CE,Combined TRACON& Tower with Radar,94,34,46,58,232,0,10,14,9,33,94,44,60,67,265,24,48,72,337
06/17/2021,TUL,OK,ASW,CE,Combined TRACON& Tower with Radar,86,48,39,54,227,0,2,26,8,36,86,50,65,62,263,4,52,56,319
06/18/2021,TUL,OK,ASW,CE,Combined TRACON& Tower with Radar,94,47,40,7,188,0,3,25,6,34,94,50,65,13,222,0,12,12,234
06/19/2021,TUL,OK,ASW,CE,Combined TRACON& Tower with Radar,85,35,19,4,143,0,2,14,3,19,85,37,33,7,162,0,0,0,162
06/20/2021,TUL,OK,ASW,CE,Combined TRACON& Tower with Radar,82,26,17,9,134,0,5,12,1,18,82,31,29,10,152,10,0,10,162
06/21/2021,TUL,OK,ASW,CE,Combined TRACON& Tower with Radar,88,37,25,16,166,0,0,6,5,11,88,37,31,21,177,8,0,8,185
06/22/2021,TUL,OK,ASW,CE,Combined TRACON& Tower with Radar,91,40,44,66,241,0,5,40,7,52,91,45,84,73,293,0,32,32,325
06/23/2021,TUL,OK,ASW,CE,Combined TRACON& Tower with Radar,89,53,50,91,283,0,0,35,10,45,89,53,85,101,328,0,42,42,370
06/24/2021,TUL,OK,ASW,CE,Combined TRACON& Tower with Radar,86,45,60,71,262,0,2,24,5,31,86,47,84,76,293,0,30,30,323
06/25/2021,TUL,OK,ASW,CE,Combined TRACON& Tower with Radar,91,47,46,50,234,0,3,28,7,38,91,50,74,57,272,2,6,8,280
06/26/2021,TUL,OK,ASW,CE,Combined TRACON& Tower with Radar,83,40,11,1,135,0,0,1,0,1,83,40,12,1,136,2,0,2,138
06/27/2021,TUL,OK,ASW,CE,Combined TRACON& Tower with Radar,81,36,17,0,134,0,0,1,1,2,81,36,18,1,136,0,0,0,136
06/28/2021,TUL,OK,ASW,CE,Combined TRACON& Tower with Radar,98,30,20,13,161,0,0,13,0,13,98,30,33,13,174,2,0,2,176
06/29/2021,TUL,OK,ASW,CE,Combined TRACON& Tower with Radar,90,28,40,54,212,0,2,16,5,23,90,30,56,59,235,4,48,52,287
06/30/2021,TUL,OK,ASW,CE,Combined TRACON& Tower with Radar,95,38,36,33,202,0,4,22,7,33,95,42,58,40,235,24,58,82,317
07/01/2021,TUL,OK,ASW,CE,Combined TRACON& Tower with Radar,95,41,36,1,173,0,0,2,3,5,95,41,38,4,178,0,8,8,186
07/02/2021,TUL,OK,ASW,CE,Combined TRACON& Tower with Radar,98,50,38,1,187,0,1,6,2,9,98,51,44,3,196,0,0,0,196
07/03/2021,TUL,OK,ASW,CE,Combined TRACON& Tower with Radar,76,27,4,0,107,0,0,10,0,10,76,27,14,0,117,0,0,0,117
07/04/2021,TUL,OK,ASW,CE,Combined TRACON& Tower with Radar,72,24,16,1,113,0,2,15,1,18,72,26,31,2,131,2,0,2,133
07/05/2021,TUL,OK,ASW,CE,Combined TRACON& Tower with Radar,86,27,33,0,146,0,0,22,0,22,86,27,55,0,168,4,0,4,172
07/06/2021,TUL,OK,ASW,CE,Combined TRACON& Tower with Radar,94,30,43,61,228,0,4,21,4,29,94,34,64,65,257,0,24,24,281
07/07/2021,TUL,OK,ASW,CE,Combined TRACON& Tower with Radar,94,46,37,66,243,0,3,12,1,16,94,49,49,67,259,38,42,80,339
07/08/2021,TUL,OK,ASW,CE,Combined TRACON& Tower with Radar,85,50,55,87,277,0,8,19,2,29,85,58,74,89,306,16,30,46,352
07/09/2021,TUL,OK,ASW,CE,Combined TRACON& Tower with Radar,109,45,37,125,316,0,0,25,6,31,109,45,62,131,347,4,52,56,403
07/10/2021,TUL,OK,ASW,CE,Combined TRACON& Tower with Radar,84,29,23,22,158,0,0,5,0,5,84,29,28,22,163,0,0,0,163
07/11/2021,TUL,OK,ASW,CE,Combined TRACON& Tower with Radar,82,39,31,11,163,0,0,14,0,14,82,39,45,11,177,0,0,0,177
07/12/2021,TUL,OK,ASW,CE,Combined TRACON& Tower with Radar,84,36,51,72,243,0,0,15,6,21,84,36,66,78,264,4,6,10,274
07/13/2021,TUL,OK,ASW,CE,Combined TRACON& Tower with Radar,92,42,40,86,260,0,3,38,4,45,92,45,78,90,305,10,82,92,397
07/14/2021,TUL,OK,ASW,CE,Combined TRACON& Tower with Radar,90,42,43,65,240,0,3,27,4,34,90,45,70,69,274,10,34,44,318
07/15/2021,TUL,OK,ASW,CE,Combined TRACON& Tower with Radar,88,54,56,57,255,0,4,19,12,35,88,58,75,69,290,0,26,26,316
07/16/2021,TUL,OK,ASW,CE,Combined TRACON& Tower with Radar,103,37,32,19,191,0,4,32,3,39,103,41,64,22,230,0,4,4,234
07/17/2021,TUL,OK,ASW,CE,Combined TRACON& Tower with Radar,85,30,24,0,139,0,0,13,1,14,85,30,37,1,153,0,0,0,153
07/18/2021,TUL,OK,ASW,CE,Combined TRACON& Tower with Radar,79,43,30,2,154,0,4,9,0,13,79,47,39,2,167,0,0,0,167
07/19/2021,TUL,OK,ASW,CE,Combined TRACON& Tower with Radar,89,51,30,62,232,0,5,15,7,27,89,56,45,69,259,8,48,56,315
07/20/2021,TUL,OK,ASW,CE,Combined TRACON& Tower with Radar,92,40,57,76,265,0,2,19,4,25,92,42,76,80,290,8,48,56,346
07/21/2021,TUL,OK,ASW,CE,Combined TRACON& Tower with Radar,94,40,49,75,258,0,0,20,5,25,94,40,69,80,283,0,18,18,301
07/22/2021,TUL,OK,ASW,CE,Combined TRACON& Tower with Radar,102,39,46,65,252,0,6,22,1,29,102,45,68,66,281,18,22,40,321
07/23/2021,TUL,OK,ASW,CE,Combined TRACON& Tower with Radar,102,36,26,20,184,0,5,24,3,32,102,41,50,23,216,20,8,28,244
07/24/2021,TUL,OK,ASW,CE,Combined TRACON& Tower with Radar,85,29,20,1,135,0,2,9,0,11,85,31,29,1,146,10,0,10,156
07/25/2021,TUL,OK,ASW,CE,Combined TRACON& Tower with Radar,80,33,40,6,159,0,0,9,0,9,80,33,49,6,168,4,0,4,172
07/26/2021,TUL,OK,ASW,CE,Combined TRACON& Tower with Radar,102,40,37,57,236,0,0,21,5,26,102,40,58,62,262,0,10,10,272
07/27/2021,TUL,OK,ASW,CE,Combined TRACON& Tower with Radar,99,45,47,66,257,0,3,21,5,29,99,48,68,71,286,4,42,46,332
07/28/2021,TUL,OK,ASW,CE,Combined TRACON& Tower with Radar,98,42,37,71,248,0,5,30,15,50,98,47,67,86,298,4,20,24,322
07/29/2021,TUL,OK,ASW,CE,Combined TRACON& Tower with Radar,98,35,45,25,203,0,2,24,1,27,98,37,69,26,230,0,30,30,260
07/30/2021,TUL,OK,ASW,CE,Combined TRACON& Tower with Radar,104,40,28,55,227,0,1,28,2,31,104,41,56,57,258,4,22,26,284
07/31/2021,TUL,OK,ASW,CE,Combined TRACON& Tower with Radar,81,24,27,8,140,0,2,21,1,24,81,26,48,9,164,18,0,18,182
08/01/2021,TUL,OK,ASW,CE,Combined TRACON& Tower with Radar,98,25,25,4,152,0,1,8,0,9,98,26,33,4,161,2,0,2,163
08/02/2021,TUL,OK,ASW,CE,Combined TRACON& Tower with Radar,86,36,28,42,192,0,2,11,4,17,86,38,39,46,209,4,4,8,217
08/03/2021,TUL,OK,ASW,CE,Combined TRACON& Tower with Radar,88,40,55,32,215,0,0,26,10,36,88,40,81,42,251,0,56,56,307
08/04/2021,TUL,OK,ASW,CE,Combined TRACON& Tower with Radar,90,48,35,35,208,0,1,25,4,30,90,49,60,39,238,0,14,14,252
08/05/2021,TUL,OK,ASW,CE,Combined TRACON& Tower with Radar,88,45,50,12,195,0,0,21,0,21,88,45,71,12,216,0,8,8,224
08/06/2021,TUL,OK,ASW,CE,Combined TRACON& Tower with Radar,99,45,43,52,239,0,6,27,8,41,99,51,70,60,280,0,20,20,300
08/07/2021,TUL,OK,ASW,CE,Combined TRACON& Tower with Radar,78,35,18,24,155,0,0,17,1,18,78,35,35,25,173,4,12,16,189
08/08/2021,TUL,OK,ASW,CE,Combined TRACON& Tower with Radar,79,33,24,17,153,0,0,19,3,22,79,33,43,20,175,16,18,34,209
08/09/2021,TUL,OK,ASW,CE,Combined TRACON& Tower with Radar,90,44,40,33,207,0,0,16,11,27,90,44,56,44,234,0,30,30,264
08/10/2021,TUL,OK,ASW,CE,Combined TRACON& Tower with Radar,88,42,45,68,243,0,3,32,2,37,88,45,77,70,280,10,34,44,324
08/11/2021,TUL,OK,ASW,CE,Combined TRACON& Tower with Radar,93,38,31,64,226,0,1,22,8,31,93,39,53,72,257,8,76,84,341
08/12/2021,TUL,OK,ASW,CE,Combined TRACON& Tower with Radar,100,51,46,91,288,0,4,20,6,30,100,55,66,97,318,36,74,110,428
08/13/2021,TUL,OK,ASW,CE,Combined TRACON& Tower with Radar,110,52,36,33,231,0,2,11,1,14,110,54,47,34,245,16,62,78,323
08/14/2021,TUL,OK,ASW,CE,Combined TRACON& Tower with Radar,73,44,23,26,166,0,3,13,2,18,73,47,36,28,184,10,4,14,198
08/15/2021,TUL,OK,ASW,CE,Combined TRACON& Tower with Radar,86,34,30,12,162,0,4,18,0,22,86,38,48,12,184,16,0,16,200
08/16/2021,TUL,OK,ASW,CE,Combined TRACON& Tower with Radar,98,36,37,60,231,0,2,17,4,23,98,38,54,64,254,0,28,28,282
08/17/2021,TUL,OK,ASW,CE,Combined TRACON& Tower with Radar,99,52,39,20,210,0,2,19,4,25,99,54,58,24,235,6,12,18,253
08/18/2021,TUL,OK,ASW,CE,Combined TRACON& Tower with Radar,81,44,37,23,185,0,4,15,2,21,81,48,52,25,206,10,2,12,218
08/19/2021,TUL,OK,ASW,CE,Combined TRACON& Tower with Radar,94,56,52,56,258,0,0,7,5,12,94,56,59,61,270,4,10,14,284
08/20/2021,TUL,OK,ASW,CE,Combined TRACON& Tower with Radar,96,46,31,51,224,0,5,26,6,37,96,51,57,57,261,6,2,8,269
08/21/2021,TUL,OK,ASW,CE,Combined TRACON& Tower with Radar,74,25,21,2,122,0,0,18,3,21,74,25,39,5,143,8,0,8,151
08/22/2021,TUL,OK,ASW,CE,Combined TRACON& Tower with Radar,81,40,26,5,152,0,0,22,1,23,81,40,48,6,175,4,0,4,179
08/23/2021,TUL,OK,ASW,CE,Combined TRACON& Tower with Radar,90,38,41,28,197,0,0,28,2,30,90,38,69,30,227,4,30,34,261
08/24/2021,TUL,OK,ASW,CE,Combined TRACON& Tower with Radar,84,33,36,57,210,0,0,22,16,38,84,33,58,73,248,12,20,32,280
08/25/2021,TUL,OK,ASW,CE,Combined TRACON& Tower with Radar,91,37,43,56,227,0,5,19,11,35,91,42,62,67,262,10,16,26,288
08/26/2021,TUL,OK,ASW,CE,Combined TRACON& Tower with Radar,93,42,55,47,237,0,3,27,8,38,93,45,82,55,275,8,30,38,313
08/27/2021,TUL,OK,ASW,CE,Combined TRACON& Tower with Radar,93,45,44,43,225,0,0,40,5,45,93,45,84,48,270,0,0,0,270
08/28/2021,TUL,OK,ASW,CE,Combined TRACON& Tower with Radar,73,34,25,32,164,0,0,20,4,24,73,34,45,36,188,0,4,4,192
08/29/2021,TUL,OK,ASW,CE,Combined TRACON& Tower with Radar,70,37,32,0,139,0,0,12,0,12,70,37,44,0,151,6,0,6,157
08/30/2021,TUL,OK,ASW,CE,Combined TRACON& Tower with Radar,87,30,29,60,206,0,3,12,2,17,87,33,41,62,223,0,18,18,241
08/31/2021,TUL,OK,ASW,CE,Combined TRACON& Tower with Radar,80,32,43,43,198,0,1,25,4,30,80,33,68,47,228,2,26,28,256
09/01/2021,TUL,OK,ASW,CE,Combined TRACON& Tower with Radar,86,46,43,82,257,0,3,11,9,23,86,49,54,91,280,16,54,70,350
09/02/2021,TUL,OK,ASW,CE,Combined TRACON& Tower with Radar,89,40,53,28,210,0,3,24,14,41,89,43,77,42,251,2,30,32,283
09/03/2021,TUL,OK,ASW,CE,Combined TRACON& Tower with Radar,95,48,47,15,205,0,2,18,3,23,95,50,65,18,228,0,24,24,252
09/04/2021,TUL,OK,ASW,CE,Combined TRACON& Tower with Radar,63,29,18,0,110,0,2,15,0,17,63,31,33,0,127,0,0,0,127
09/05/2021,TUL,OK,ASW,CE,Combined TRACON& Tower with Radar,60,27,8,2,97,0,0,10,0,10,60,27,18,2,107,14,0,14,121
09/06/2021,TUL,OK,ASW,CE,Combined TRACON& Tower with Radar,75,28,29,2,134,0,4,24,0,28,75,32,53,2,162,34,0,34,196
09/07/2021,TUL,OK,ASW,CE,Combined TRACON& Tower with Radar,76,34,39,42,191,0,0,29,5,34,76,34,68,47,225,0,34,34,259
09/08/2021,TUL,OK,ASW,CE,Combined TRACON& Tower with Radar,81,43,50,16,190,0,2,19,11,32,81,45,69,27,222,18,38,56,278
09/09/2021,TUL,OK,ASW,CE,Combined TRACON& Tower with Radar,92,42,54,40,228,0,0,22,6,28,92,42,76,46,256,2,44,46,302
09/10/2021,TUL,OK,ASW,CE,Combined TRACON& Tower with Radar,100,43,27,51,221,0,5,11,4,20,100,48,38,55,241,6,16,22,263
09/11/2021,TUL,OK,ASW,CE,Combined TRACON& Tower with Radar,67,29,30,24,150,0,5,33,3,41,67,34,63,27,191,0,18,18,209
09/12/2021,TUL,OK,ASW,CE,Combined TRACON& Tower with Radar,78,38,43,35,194,0,2,15,2,19,78,40,58,37,213,6,8,14,227
09/13/2021,TUL,OK,ASW,CE,Combined TRACON& Tower with Radar,91,31,49,54,225,0,2,13,4,19,91,33,62,58,244,0,22,22,266
09/14/2021,TUL,OK,ASW,CE,Combined TRACON& Tower with Radar,95,42,42,85,264,0,2,22,3,27,95,44,64,88,291,10,48,58,349
09/15/2021,TUL,OK,ASW,CE,Combined TRACON& Tower with Radar,92,50,32,104,278,0,1,16,6,23,92,51,48,110,301,0,56,56,357
09/16/2021,TUL,OK,ASW,CE,Combined TRACON& Tower with Radar,92,53,33,33,211,0,6,32,2,40,92,59,65,35,251,4,38,42,293
09/17/2021,TUL,OK,ASW,CE,Combined TRACON& Tower with Radar,102,49,40,18,209,0,3,26,8,37,102,52,66,26,246,0,16,16,262
09/18/2021,TUL,OK,ASW,CE,Combined TRACON& Tower with Radar,72,36,26,4,138,0,2,21,2,25,72,38,47,6,163,0,0,0,163
09/19/2021,TUL,OK,ASW,CE,Combined TRACON& Tower with Radar,88,35,44,22,189,0,2,15,0,17,88,37,59,22,206,0,4,4,210
09/20/2021,TUL,OK,ASW,CE,Combined TRACON& Tower with Radar,97,36,32,46,211,0,0,17,5,22,97,36,49,51,233,0,20,20,253
09/21/2021,TUL,OK,ASW,CE,Combined TRACON& Tower with Radar,87,40,45,92,264,0,4,8,9,21,87,44,53,101,285,6,56,62,347
09/22/2021,TUL,OK,ASW,CE,Combined TRACON& Tower with Radar,88,32,41,16,177,0,3,41,2,46,88,35,82,18,223,2,22,24,247
09/23/2021,TUL,OK,ASW,CE,Combined TRACON& Tower with Radar,90,42,51,32,215,0,3,32,6,41,90,45,83,38,256,6,16,22,278
09/24/2021,TUL,OK,ASW,CE,Combined TRACON& Tower with Radar,101,50,54,45,250,0,3,30,7,40,101,53,84,52,290,0,46,46,336
09/25/2021,TUL,OK,ASW,CE,Combined TRACON& Tower with Radar,68,41,47,0,156,0,0,25,0,25,68,41,72,0,181,0,0,0,181
09/26/2021,TUL,OK,ASW,CE,Combined TRACON& Tower with Radar,85,37,29,6,157,0,0,32,0,32,85,37,61,6,189,4,8,12,201
09/27/2021,TUL,OK,ASW,CE,Combined TRACON& Tower with Radar,94,44,51,66,255,0,2,14,2,18,94,46,65,68,273,0,26,26,299
09/28/2021,TUL,OK,ASW,CE,Combined TRACON& Tower with Radar,83,42,51,53,229,0,6,21,5,32,83,48,72,58,261,2,28,30,291
09/29/2021,TUL,OK,ASW,CE,Combined TRACON& Tower with Radar,92,52,44,20,208,0,2,28,2,32,92,54,72,22,240,0,16,16,256
09/30/2021,TUL,OK,ASW,CE,Combined TRACON& Tower with Radar,88,51,36,6,181,0,2,8,0,10,88,53,44,6,191,0,0,0,191
10/01/2021,TUL,OK,ASW,CE,Combined TRACON& Tower with Radar,102,51,42,8,203,0,1,11,0,12,102,52,53,8,215,0,0,0,215
10/02/2021,TUL,OK,ASW,CE,Combined TRACON& Tower with Radar,72,36,17,6,131,0,2,10,0,12,72,38,27,6,143,6,16,22,165
10/03/2021,TUL,OK,ASW,CE,Combined TRACON& Tower with Radar,79,45,39,10,173,0,4,28,2,34,79,49,67,12,207,0,16,16,223
10/04/2021,TUL,OK,ASW,CE,Combined TRACON& Tower with Radar,90,40,48,37,215,0,7,19,4,30,90,47,67,41,245,2,16,18,263
10/05/2021,TUL,OK,ASW,CE,Combined TRACON& Tower with Radar,85,31,53,63,232,0,3,22,5,30,85,34,75,68,262,2,16,18,280
10/06/2021,TUL,OK,ASW,CE,Combined TRACON& Tower with Radar,88,38,49,10,185,0,0,7,0,7,88,38,56,10,192,6,4,10,202
10/07/2021,TUL,OK,ASW,CE,Combined TRACON& Tower with Radar,91,35,61,54,241,0,7,18,1,26,91,42,79,55,267,2,58,60,327
10/08/2021,TUL,OK,ASW,CE,Combined TRACON& Tower with Radar,108,50,43,22,223,0,1,20,3,24,108,51,63,25,247,0,2,2,249
10/09/2021,TUL,OK,ASW,CE,Combined TRACON& Tower with Radar,65,32,24,0,121,0,0,27,0,27,65,32,51,0,148,0,0,0,148
10/10/2021,TUL,OK,ASW,CE,Combined TRACON& Tower with Radar,60,46,29,0,135,0,1,12,0,13,60,47,41,0,148,0,0,0,148
10/11/2021,TUL,OK,ASW,CE,Combined TRACON& Tower with Radar,97,44,34,0,175,0,4,11,2,17,97,48,45,2,192,8,0,8,200
10/12/2021,TUL,OK,ASW,CE,Combined TRACON& Tower with Radar,91,58,43,26,218,0,1,19,4,24,91,59,62,30,242,2,16,18,260
10/13/2021,TUL,OK,ASW,CE,Combined TRACON& Tower with Radar,85,31,26,23,165,0,0,9,1,10,85,31,35,24,175,0,10,10,185
10/14/2021,TUL,OK,ASW,CE,Combined TRACON& Tower with Radar,99,48,47,17,211,0,0,0,1,1,99,48,47,18,212,0,16,16,228
10/15/2021,TUL,OK,ASW,CE,Combined TRACON& Tower with Radar,115,47,39,101,302,0,0,21,2,23,115,47,60,103,325,0,34,34,359
10/16/2021,TUL,OK,ASW,CE,Combined TRACON& Tower with Radar,73,44,24,10,151,0,0,32,0,32,73,44,56,10,183,6,0,6,189
10/17/2021,TUL,OK,ASW,CE,Combined TRACON& Tower with Radar,76,32,30,19,157,0,2,23,9,34,76,34,53,28,191,4,4,8,199
10/18/2021,TUL,OK,ASW,CE,Combined TRACON& Tower with Radar,91,46,43,36,216,0,6,30,2,38,91,52,73,38,254,4,4,8,262
10/19/2021,TUL,OK,ASW,CE,Combined TRACON& Tower with Radar,82,41,35,29,187,0,0,19,2,21,82,41,54,31,208,0,8,8,216
10/20/2021,TUL,OK,ASW,CE,Combined TRACON& Tower with Radar,91,33,71,53,248,0,0,8,8,16,91,33,79,61,264,6,6,12,276
10/21/2021,TUL,OK,ASW,CE,Combined TRACON& Tower with Radar,86,47,56,44,233,0,3,26,9,38,86,50,82,53,271,0,10,10,281
10/22/2021,TUL,OK,ASW,CE,Combined TRACON& Tower with Radar,95,36,56,43,230,0,3,18,4,25,95,39,74,47,255,18,68,86,341
10/23/2021,TUL,OK,ASW,CE,Combined TRACON& Tower with Radar,74,33,26,24,157,0,3,9,1,13,74,36,35,25,170,22,10,32,202
10/24/2021,TUL,OK,ASW,CE,Combined TRACON& Tower with Radar,81,36,40,22,179,0,0,4,0,4,81,36,44,22,183,0,4,4,187
10/25/2021,TUL,OK,ASW,CE,Combined TRACON& Tower with Radar,92,53,53,55,253,0,6,12,4,22,92,59,65,59,275,0,22,22,297
10/26/2021,TUL,OK,ASW,CE,Combined TRACON& Tower with Radar,86,53,54,28,221,0,0,6,6,12,86,53,60,34,233,4,12,16,249
10/27/2021,TUL,OK,ASW,CE,Combined TRACON& Tower with Radar,87,46,31,9,173,0,0,0,4,4,87,46,31,13,177,0,58,58,235
10/28/2021,TUL,OK,ASW,CE,Combined TRACON& Tower with Radar,94,48,44,0,186,0,0,3,7,10,94,48,47,7,196,0,30,30,226
10/29/2021,TUL,OK,ASW,CE,Combined TRACON& Tower with Radar,101,59,55,31,246,0,2,7,4,13,101,61,62,35,259,0,6,6,265
10/30/2021,TUL,OK,ASW,CE,Combined TRACON& Tower with Radar,66,33,29,0,128,0,0,27,0,27,66,33,56,0,155,0,0,0,155
10/31/2021,TUL,OK,ASW,CE,Combined TRACON& Tower with Radar,69,40,25,1,135,0,1,17,1,19,69,41,42,2,154,0,0,0,154
11/01/2021,TUL,OK,ASW,CE,Combined TRACON& Tower with Radar,86,49,44,61,240,0,0,11,2,13,86,49,55,63,253,0,34,34,287
11/02/2021,TUL,OK,ASW,CE,Combined TRACON& Tower with Radar,88,49,61,35,233,0,0,4,0,4,88,49,65,35,237,0,44,44,281
11/03/2021,TUL,OK,ASW,CE,Combined TRACON& Tower with Radar,88,39,55,31,213,0,0,0,8,8,88,39,55,39,221,0,30,30,251
11/04/2021,TUL,OK,ASW,CE,Combined TRACON& Tower with Radar,95,54,86,61,296,0,0,19,4,23,95,54,105,65,319,0,80,80,399
11/05/2021,TUL,OK,ASW,CE,Combined TRACON& Tower with Radar,106,45,40,44,235,0,1,30,8,39,106,46,70,52,274,10,80,90,364
11/06/2021,TUL,OK,ASW,CE,Combined TRACON& Tower with Radar,74,29,34,30,167,0,1,41,11,53,74,30,75,41,220,0,16,16,236
11/07/2021,TUL,OK,ASW,CE,Combined TRACON& Tower with Radar,78,39,47,4,168,0,0,26,2,28,78,39,73,6,196,10,14,24,220
11/08/2021,TUL,OK,ASW,CE,Combined TRACON& Tower with Radar,92,48,44,50,234,0,2,20,12,34,92,50,64,62,268,0,46,46,314
11/09/2021,TUL,OK,ASW,CE,Combined TRACON& Tower with Radar,83,51,51,42,227,0,1,27,6,34,83,52,78,48,261,0,28,28,289
11/10/2021,TUL,OK,ASW,CE,Combined TRACON& Tower with Radar,82,46,52,24,204,0,0,9,2,11,82,46,61,26,215,0,20,20,235
11/11/2021,TUL,OK,ASW,CE,Combined TRACON& Tower with Radar,97,56,54,2,209,0,4,23,2,29,97,60,77,4,238,14,6,20,258
11/12/2021,TUL,OK,ASW,CE,Combined TRACON& Tower with Radar,96,44,44,38,222,0,2,19,6,27,96,46,63,44,249,0,4,4,253
11/13/2021,TUL,OK,ASW,CE,Combined TRACON& Tower with Radar,74,43,32,15,164,0,1,23,0,24,74,44,55,15,188,2,4,6,194
11/14/2021,TUL,OK,ASW,CE,Combined TRACON& Tower with Radar,74,33,27,0,134,0,3,19,0,22,74,36,46,0,156,0,0,0,156
11/15/2021,TUL,OK,ASW,CE,Combined TRACON& Tower with Radar,95,42,44,45,226,0,2,19,5,26,95,44,63,50,252,6,42,48,300
11/16/2021,TUL,OK,ASW,CE,Combined TRACON& Tower with Radar,85,36,44,47,212,0,2,18,10,30,85,38,62,57,242,0,40,40,282
11/17/2021,TUL,OK,ASW,CE,Combined TRACON& Tower with Radar,83,52,65,78,278,0,5,8,9,22,83,57,73,87,300,0,66,66,366
11/18/2021,TUL,OK,ASW,CE,Combined TRACON& Tower with Radar,105,55,56,53,269,0,2,43,3,48,105,57,99,56,317,46,102,148,465
11/19/2021,TUL,OK,ASW,CE,Combined TRACON& Tower with Radar,91,47,49,27,214,0,1,24,10,35,91,48,73,37,249,4,54,58,307
11/20/2021,TUL,OK,ASW,CE,Combined TRACON& Tower with Radar,72,29,18,8,127,0,0,15,0,15,72,29,33,8,142,0,0,0,142
11/21/2021,TUL,OK,ASW,CE,Combined TRACON& Tower with Radar,86,41,30,3,160,0,3,12,1,16,86,44,42,4,176,4,2,6,182
11/22/2021,TUL,OK,ASW,CE,Combined TRACON& Tower with Radar,93,42,41,84,260,0,3,42,3,48,93,45,83,87,308,4,54,58,366
11/23/2021,TUL,OK,ASW,CE,Combined TRACON& Tower with Radar,112,44,46,76,278,0,3,19,5,27,112,47,65,81,305,14,80,94,399
11/24/2021,TUL,OK,ASW,CE,Combined TRACON& Tower with Radar,91,44,22,38,195,0,2,8,5,15,91,46,30,43,210,4,12,16,226
11/25/2021,TUL,OK,ASW,CE,Combined TRACON& Tower with Radar,53,26,10,0,89,0,2,8,0,10,53,28,18,0,99,2,0,2,101
11/26/2021,TUL,OK,ASW,CE,Combined TRACON& Tower with Radar,68,34,24,0,126,0,1,17,0,18,68,35,41,0,144,12,0,12,156
11/27/2021,TUL,OK,ASW,CE,Combined TRACON& Tower with Radar,83,32,20,0,135,0,0,13,0,13,83,32,33,0,148,0,0,0,148
11/28/2021,TUL,OK,ASW,CE,Combined TRACON& Tower with Radar,87,39,40,0,166,0,2,15,0,17,87,41,55,0,183,6,0,6,189
11/29/2021,TUL,OK,ASW,CE,Combined TRACON& Tower with Radar,90,46,53,65,254,0,2,20,2,24,90,48,73,67,278,8,26,34,312
11/30/2021,TUL,OK,ASW,CE,Combined TRACON& Tower with Radar,84,43,26,31,184,0,9,41,6,56,84,52,67,37,240,14,18,32,272
12/01/2021,TUL,OK,ASW,CE,Combined TRACON& Tower with Radar,84,39,39,34,196,0,4,30,1,35,84,43,69,35,231,12,22,34,265
12/02/2021,TUL,OK,ASW,CE,Combined TRACON& Tower with Radar,95,33,48,73,249,0,2,34,15,51,95,35,82,88,300,4,110,114,414
12/03/2021,TUL,OK,ASW,CE,Combined TRACON& Tower with Radar,89,38,31,51,209,0,3,27,5,35,89,41,58,56,244,4,34,38,282
12/04/2021,TUL,OK,ASW,CE,Combined TRACON& Tower with Radar,76,27,31,13,147,0,0,4,1,5,76,27,35,14,152,16,8,24,176
12/05/2021,TUL,OK,ASW,CE,Combined TRACON& Tower with Radar,78,37,25,24,164,0,4,9,1,14,78,41,34,25,178,4,32,36,214
12/06/2021,TUL,OK,ASW,CE,Combined TRACON& Tower with Radar,89,31,35,61,216,0,5,13,2,20,89,36,48,63,236,16,34,50,286
12/07/2021,TUL,OK,ASW,CE,Combined TRACON& Tower with Radar,87,44,64,66,261,0,4,29,4,37,87,48,93,70,298,8,42,50,348
12/08/2021,TUL,OK,ASW,CE,Combined TRACON& Tower with Radar,85,35,74,57,251,0,3,50,15,68,85,38,124,72,319,12,44,56,375
12/09/2021,TUL,OK,ASW,CE,Combined TRACON& Tower with Radar,91,44,40,53,228,0,2,22,9,33,91,46,62,62,261,4,62,66,327
12/10/2021,TUL,OK,ASW,CE,Combined TRACON& Tower with Radar,94,44,43,16,197,0,1,8,4,13,94,45,51,20,210,0,12,12,222
12/11/2021,TUL,OK,ASW,CE,Combined TRACON& Tower with Radar,80,24,26,4,134,0,0,20,0,20,80,24,46,4,154,10,0,10,164
12/12/2021,TUL,OK,ASW,CE,Combined TRACON& Tower with Radar,77,28,18,0,123,0,3,11,2,16,77,31,29,2,139,2,0,2,141
12/13/2021,TUL,OK,ASW,CE,Combined TRACON& Tower with Radar,87,38,45,76,246,0,1,21,2,24,87,39,66,78,270,4,44,48,318
12/14/2021,TUL,OK,ASW,CE,Combined TRACON& Tower with Radar,87,41,54,16,198,0,1,8,7,16,87,42,62,23,214,0,14,14,228
12/15/2021,TUL,OK,ASW,CE,Combined TRACON& Tower with Radar,92,51,59,20,222,0,2,2,6,10,92,53,61,26,232,0,20,20,252
12/16/2021,TUL,OK,ASW,CE,Combined TRACON& Tower with Radar,91,48,64,32,235,0,1,23,7,31,91,49,87,39,266,2,34,36,302
12/17/2021,TUL,OK,ASW,CE,Combined TRACON& Tower with Radar,78,39,46,1,164,0,0,0,0,0,78,39,46,1,164,0,0,0,164
12/18/2021,TUL,OK,ASW,CE,Combined TRACON& Tower with Radar,74,41,18,14,147,0,1,9,4,14,74,42,27,18,161,2,16,18,179
12/19/2021,TUL,OK,ASW,CE,Combined TRACON& Tower with Radar,74,35,23,0,132,0,0,6,0,6,74,35,29,0,138,50,0,50,188
12/20/2021,TUL,OK,ASW,CE,Combined TRACON& Tower with Radar,76,36,41,57,210,0,1,35,4,40,76,37,76,61,250,18,36,54,304
12/21/2021,TUL,OK,ASW,CE,Combined TRACON& Tower with Radar,83,39,41,75,238,0,3,50,9,62,83,42,91,84,300,16,26,42,342
12/22/2021,TUL,OK,ASW,CE,Combined TRACON& Tower with Radar,91,35,61,53,240,0,2,43,4,49,91,37,104,57,289,4,76,80,369
12/23/2021,TUL,OK,ASW,CE,Combined TRACON& Tower with Radar,91,37,32,0,160,0,0,13,0,13,91,37,45,0,173,14,0,14,187
12/24/2021,TUL,OK,ASW,CE,Combined TRACON& Tower with Radar,71,27,6,0,104,0,0,3,0,3,71,27,9,0,107,0,0,0,107
12/25/2021,TUL,OK,ASW,CE,Combined TRACON& Tower with Radar,48,26,9,0,83,0,0,10,0,10,48,26,19,0,93,4,0,4,97
12/26/2021,TUL,OK,ASW,CE,Combined TRACON& Tower with Radar,75,44,25,0,144,0,0,14,0,14,75,44,39,0,158,0,0,0,158
12/27/2021,TUL,OK,ASW,CE,Combined TRACON& Tower with Radar,70,63,49,15,197,0,2,19,3,24,70,65,68,18,221,16,8,24,245
12/28/2021,TUL,OK,ASW,CE,Combined TRACON& Tower with Radar,86,39,48,7,180,0,1,13,6,20,86,40,61,13,200,0,14,14,214
12/29/2021,TUL,OK,ASW,CE,Combined TRACON& Tower with Radar,89,29,51,6,175,0,0,15,0,15,89,29,66,6,190,12,0,12,202
12/30/2021,TUL,OK,ASW,CE,Combined TRACON& Tower with Radar,86,35,16,0,137,0,0,15,0,15,86,35,31,0,152,2,0,2,154
12/31/2021,TUL,OK,ASW,CE,Combined TRACON& Tower with Radar,72,35,25,0,132,0,0,8,0,8,72,35,33,0,140,0,0,0,140
01/01/2022,TUL,OK,ASW,CE,Combined TRACON& Tower with Radar,48,22,10,0,80,0,0,0,0,0,48,22,10,0,80,0,0,0,80
01/02/2022,TUL,OK,ASW,CE,Combined TRACON& Tower with Radar,63,33,50,0,146,0,0,1,0,1,63,33,51,0,147,0,0,0,147
01/03/2022,TUL,OK,ASW,CE,Combined TRACON& Tower with Radar,67,48,42,10,167,0,1,11,4,16,67,49,53,14,183,0,16,16,199
01/04/2022,TUL,OK,ASW,CE,Combined TRACON& Tower with Radar,77,39,36,15,167,0,2,10,4,16,77,41,46,19,183,0,4,4,187
01/05/2022,TUL,OK,ASW,CE,Combined TRACON& Tower with Radar,72,29,27,42,170,0,0,15,5,20,72,29,42,47,190,0,4,4,194
01/06/2022,TUL,OK,ASW,CE,Combined TRACON& Tower with Radar,76,25,23,16,140,0,2,5,2,9,76,27,28,18,149,6,46,52,201
01/07/2022,TUL,OK,ASW,CE,Combined TRACON& Tower with Radar,81,39,31,45,196,0,1,23,4,28,81,40,54,49,224,6,18,24,248
01/08/2022,TUL,OK,ASW,CE,Combined TRACON& Tower with Radar,58,33,16,5,112,0,0,2,0,2,58,33,18,5,114,0,0,0,114
01/09/2022,TUL,OK,ASW,CE,Combined TRACON& Tower with Radar,76,33,26,4,139,0,2,15,0,17,76,35,41,4,156,4,12,16,172
01/10/2022,TUL,OK,ASW,CE,Combined TRACON& Tower with Radar,80,28,42,60,210,0,1,27,7,35,80,29,69,67,245,42,38,80,325
01/11/2022,TUL,OK,ASW,CE,Combined TRACON& Tower with Radar,75,37,51,80,243,0,2,36,9,47,75,39,87,89,290,8,50,58,348
01/12/2022,TUL,OK,ASW,CE,Combined TRACON& Tower with Radar,78,37,36,53,204,0,3,36,5,44,78,40,72,58,248,42,6,48,296
01/13/2022,TUL,OK,ASW,CE,Combined TRACON& Tower with Radar,90,46,46,63,245,0,6,24,9,39,90,52,70,72,284,0,62,62,346
01/14/2022,TUL,OK,ASW,CE,Combined TRACON& Tower with Radar,82,43,31,57,213,0,1,10,6,17,82,44,41,63,230,4,26,30,260
01/15/2022,TUL,OK,ASW,CE,Combined TRACON& Tower with Radar,67,34,16,0,117,0,0,0,0,0,67,34,16,0,117,0,0,0,117
01/16/2022,TUL,OK,ASW,CE,Combined TRACON& Tower with Radar,64,31,37,0,132,0,0,10,0,10,64,31,47,0,142,0,0,0,142
01/17/2022,TUL,OK,ASW,CE,Combined TRACON& Tower with Radar,83,36,60,0,179,0,0,40,2,42,83,36,100,2,221,36,0,36,257
01/18/2022,TUL,OK,ASW,CE,Combined TRACON& Tower with Radar,78,43,37,85,243,0,6,24,6,36,78,49,61,91,279,6,40,46,325
01/19/2022,TUL,OK,ASW,CE,Combined TRACON& Tower with Radar,80,40,41,10,171,0,4,4,3,11,80,44,45,13,182,10,8,18,200
01/20/2022,TUL,OK,ASW,CE,Combined TRACON& Tower with Radar,85,52,37,48,222,0,5,34,4,43,85,57,71,52,265,14,14,28,293
01/21/2022,TUL,OK,ASW,CE,Combined TRACON& Tower with Radar,93,28,63,55,239,0,5,28,6,39,93,33,91,61,278,0,28,28,306
01/22/2022,TUL,OK,ASW,CE,Combined TRACON& Tower with Radar,64,20,30,6,120,0,1,15,3,19,64,21,45,9,139,0,16,16,155
01/23/2022,TUL,OK,ASW,CE,Combined TRACON& Tower with Radar,78,40,37,8,163,0,3,31,0,34,78,43,68,8,197,6,8,14,211
01/24/2022,TUL,OK,ASW,CE,Combined TRACON& Tower with Radar,82,28,44,65,219,0,0,22,2,24,82,28,66,67,243,6,24,30,273
01/25/2022,TUL,OK,ASW,CE,Combined TRACON& Tower with Radar,80,32,46,102,260,0,3,20,13,36,80,35,66,115,296,10,48,58,354
01/26/2022,TUL,OK,ASW,CE,Combined TRACON& Tower with Radar,78,31,43,29,181,0,0,10,3,13,78,31,53,32,194,8,32,40,234
01/27/2022,TUL,OK,ASW,CE,Combined TRACON& Tower with Radar,90,37,60,43,230,0,5,11,3,19,90,42,71,46,249,12,26,38,287
01/28/2022,TUL,OK,ASW,CE,Combined TRACON& Tower with Radar,86,29,44,60,219,0,2,28,6,36,86,31,72,66,255,0,6,6,261
01/29/2022,TUL,OK,ASW,CE,Combined TRACON& Tower with Radar,66,27,27,16,136,0,1,34,0,35,66,28,61,16,171,16,0,16,187
01/30/2022,TUL,OK,ASW,CE,Combined TRACON& Tower with Radar,74,24,30,4,132,0,2,27,2,31,74,26,57,6,163,64,0,64,227
01/31/2022,TUL,OK,ASW,CE,Combined TRACON& Tower with Radar,80,29,62,54,225,0,1,24,2,27,80,30,86,56,252,10,22,32,284
02/01/2022,TUL,OK,ASW,CE,Combined TRACON& Tower with Radar,72,39,41,17,169,0,0,6,3,9,72,39,47,20,178,0,0,0,178
02/02/2022,TUL,OK,ASW,CE,Combined TRACON& Tower with Radar,45,17,13,0,75,0,0,2,0,2,45,17,15,0,77,0,0,0,77
02/03/2022,TUL,OK,ASW,CE,Combined TRACON& Tower with Radar,31,15,14,0,60,0,0,0,0,0,31,15,14,0,60,0,0,0,60
02/04/2022,TUL,OK,ASW,CE,Combined TRACON& Tower with Radar,53,27,32,0,112,0,0,8,0,8,53,27,40,0,120,0,0,0,120
02/05/2022,TUL,OK,ASW,CE,Combined TRACON& Tower with Radar,59,30,31,2,122,0,5,11,0,16,59,35,42,2,138,4,0,4,142
02/06/2022,TUL,OK,ASW,CE,Combined TRACON& Tower with Radar,71,24,25,0,120,0,3,17,0,20,71,27,42,0,140,20,0,20,160
02/07/2022,TUL,OK,ASW,CE,Combined TRACON& Tower with Radar,86,43,47,72,248,0,2,25,3,30,86,45,72,75,278,2,24,26,304
02/08/2022,TUL,OK,ASW,CE,Combined TRACON& Tower with Radar,80,45,41,87,253,0,7,35,6,48,80,52,76,93,301,0,32,32,333
02/09/2022,TUL,OK,ASW,CE,Combined TRACON& Tower with Radar,78,36,45,88,247,0,3,19,6,28,78,39,64,94,275,16,48,64,339
02/10/2022,TUL,OK,ASW,CE,Combined TRACON& Tower with Radar,88,48,43,42,221,0,4,28,3,35,88,52,71,45,256,16,34,50,306
02/11/2022,TUL,OK,ASW,CE,Combined TRACON& Tower with Radar,77,43,39,43,202,0,7,31,1,39,77,50,70,44,241,12,0,12,253
02/12/2022,TUL,OK,ASW,CE,Combined TRACON& Tower with Radar,62,36,13,33,144,0,0,17,4,21,62,36,30,37,165,14,8,22,187
02/13/2022,TUL,OK,ASW,CE,Combined TRACON& Tower with Radar,67,31,25,1,124,0,0,18,0,18,67,31,43,1,142,0,0,0,142
02/14/2022,TUL,OK,ASW,CE,Combined TRACON& Tower with Radar,77,41,30,57,205,0,7,28,11,46,77,48,58,68,251,8,80,88,339
02/15/2022,TUL,OK,ASW,CE,Combined TRACON& Tower with Radar,78,43,26,118,265,0,2,16,8,26,78,45,42,126,291,0,58,58,349
02/16/2022,TUL,OK,ASW,CE,Combined TRACON& Tower with Radar,78,42,41,49,210,0,0,0,4,4,78,42,41,53,214,6,20,26,240
02/17/2022,TUL,OK,ASW,CE,Combined TRACON& Tower with Radar,89,34,26,0,149,0,0,0,1,1,89,34,26,1,150,0,0,0,150
02/18/2022,TUL,OK,ASW,CE,Combined TRACON& Tower with Radar,79,52,32,28,191,0,7,23,4,34,79,59,55,32,225,18,10,28,253
02/19/2022,TUL,OK,ASW,CE,Combined TRACON& Tower with Radar,68,37,25,5,135,0,3,27,3,33,68,40,52,8,168,24,2,26,194
02/20/2022,TUL,OK,ASW,CE,Combined TRACON& Tower with Radar,64,32,24,10,130,0,2,7,0,9,64,34,31,10,139,6,6,12,151
02/21/2022,TUL,OK,ASW,CE,Combined TRACON& Tower with Radar,75,40,37,2,154,0,2,7,2,11,75,42,44,4,165,12,0,12,177
02/22/2022,TUL,OK,ASW,CE,Combined TRACON& Tower with Radar,81,50,61,82,274,0,0,3,1,4,81,50,64,83,278,0,42,42,320
02/23/2022,TUL,OK,ASW,CE,Combined TRACON& Tower with Radar,28,27,23,0,78,0,0,0,0,0,28,27,23,0,78,0,0,0,78
02/24/2022,TUL,OK,ASW,CE,Combined TRACON& Tower with Radar,56,26,28,0,110,0,0,0,0,0,56,26,28,0,110,0,0,0,110
02/25/2022,TUL,OK,ASW,CE,Combined TRACON& Tower with Radar,88,44,57,2,191,0,2,8,0,10,88,46,65,2,201,0,0,0,201
02/26/2022,TUL,OK,ASW,CE,Combined TRACON& Tower with Radar,65,35,29,9,138,0,2,3,2,7,65,37,32,11,145,0,10,10,155
02/27/2022,TUL,OK,ASW,CE,Combined TRACON& Tower with Radar,73,30,48,18,169,0,0,29,0,29,73,30,77,18,198,8,4,12,210
02/28/2022,TUL,OK,ASW,CE,Combined TRACON& Tower with Radar,81,44,47,38,210,0,4,33,2,39,81,48,80,40,249,4,42,46,295
03/01/2022,TUL,OK,ASW,CE,Combined TRACON& Tower with Radar,74,41,46,37,198,0,2,37,13,52,74,43,83,50,250,0,6,6,256
03/02/2022,TUL,OK,ASW,CE,Combined TRACON& Tower with Radar,76,47,48,12,183,0,2,19,5,26,76,49,67,17,209,0,22,22,231
03/03/2022,TUL,OK,ASW,CE,Combined TRACON& Tower with Radar,83,63,54,58,258,0,4,30,7,41,83,67,84,65,299,0,94,94,393
03/04/2022,TUL,OK,ASW,CE,Combined TRACON& Tower with Radar,93,54,46,51,244,0,2,14,10,26,93,56,60,61,270,0,22,22,292
03/05/2022,TUL,OK,ASW,CE,Combined TRACON& Tower with Radar,61,41,37,43,182,0,0,1,0,1,61,41,38,43,183,0,12,12,195
03/06/2022,TUL,OK,ASW,CE,Combined TRACON& Tower with Radar,69,53,24,8,154,0,2,2,0,4,69,55,26,8,158,0,16,16,174
03/07/2022,TUL,OK,ASW,CE,Combined TRACON& Tower with Radar,80,40,57,38,215,0,2,11,1,14,80,42,68,39,229,6,14,20,249
03/08/2022,TUL,OK,ASW,CE,Combined TRACON& Tower with Radar,82,42,50,73,247,0,0,30,7,37,82,42,80,80,284,2,48,50,334
03/09/2022,TUL,OK,ASW,CE,Combined TRACON& Tower with Radar,74,41,50,95,260,0,4,29,5,38,74,45,79,100,298,0,42,42,340
03/10/2022,TUL,OK,ASW,CE,Combined TRACON& Tower with Radar,81,53,53,21,208,0,6,18,7,31,81,59,71,28,239,14,18,32,271
03/11/2022,TUL,OK,ASW,CE,Combined TRACON& Tower with Radar,85,49,32,0,166,0,0,3,1,4,85,49,35,1,170,2,0,2,172
03/12/2022,TUL,OK,ASW,CE,Combined TRACON& Tower with Radar,63,62,32,6,163,0,5,25,3,33,63,67,57,9,196,6,0,6,202
03/13/2022,TUL,OK,ASW,CE,Combined TRACON& Tower with Radar,74,51,44,0,169,0,2,14,0,16,74,53,58,0,185,4,2,6,191
03/14/2022,TUL,OK,ASW,CE,Combined TRACON& Tower with Radar,94,36,51,27,208,0,2,2,2,6,94,38,53,29,214,0,6,6,220
03/15/2022,TUL,OK,ASW,CE,Combined TRACON& Tower with Radar,81,41,39,34,195,0,0,33,5,38,81,41,72,39,233,0,46,46,279
03/16/2022,TUL,OK,ASW,CE,Combined TRACON& Tower with Radar,82,50,50,69,251,0,3,33,13,49,82,53,83,82,300,8,24,32,332
03/17/2022,TUL,OK,ASW,CE,Combined TRACON& Tower with Radar,81,44,34,72,231,0,2,21,7,30,81,46,55,79,261,0,44,44,305
03/18/2022,TUL,OK,ASW,CE,Combined TRACON& Tower with Radar,94,47,42,11,194,0,0,5,0,5,94,47,47,11,199,0,0,0,199
03/19/2022,TUL,OK,ASW,CE,Combined TRACON& Tower with Radar,61,50,42,2,155,0,1,31,4,36,61,51,73,6,191,0,0,0,191
03/20/2022,TUL,OK,ASW,CE,Combined TRACON& Tower with Radar,75,41,39,8,163,0,1,16,0,17,75,42,55,8,180,0,0,0,180
03/21/2022,TUL,OK,ASW,CE,Combined TRACON& Tower with Radar,73,36,54,5,168,0,0,1,2,3,73,36,55,7,171,0,4,4,175
03/22/2022,TUL,OK,ASW,CE,Combined TRACON& Tower with Radar,81,53,38,27,199,0,0,3,5,8,81,53,41,32,207,0,4,4,211
03/23/2022,TUL,OK,ASW,CE,Combined TRACON& Tower with Radar,76,48,48,43,215,0,6,9,7,22,76,54,57,50,237,6,2,8,245
03/24/2022,TUL,OK,ASW,CE,Combined TRACON& Tower with Radar,82,41,61,76,260,0,4,26,3,33,82,45,87,79,293,8,26,34,327
03/25/2022,TUL,OK,ASW,CE,Combined TRACON& Tower with Radar,90,50,53,51,244,0,5,50,6,61,90,55,103,57,305,16,50,66,371
03/26/2022,TUL,OK,ASW,CE,Combined TRACON& Tower with Radar,59,32,24,2,117,0,9,37,0,46,59,41,61,2,163,4,0,4,167
03/27/2022,TUL,OK,ASW,CE,Combined TRACON& Tower with Radar,80,37,31,9,157,0,3,23,5,31,80,40,54,14,188,0,6,6,194
03/28/2022,TUL,OK,ASW,CE,Combined TRACON& Tower with Radar,84,30,37,72,223,0,3,33,2,38,84,33,70,74,261,0,26,26,287
03/29/2022,TUL,OK,ASW,CE,Combined TRACON& Tower with Radar,81,42,36,45,204,0,2,14,6,22,81,44,50,51,226,4,30,34,260
03/30/2022,TUL,OK,ASW,CE,Combined TRACON& Tower with Radar,79,31,42,45,197,0,0,1,3,4,79,31,43,48,201,0,14,14,215
03/31/2022,TUL,OK,ASW,CE,Combined TRACON& Tower with Radar,77,44,70,15,206,0,4,16,4,24,77,48,86,19,230,4,30,34,264
04/01/2022,TUL,OK,ASW,CE,Combined TRACON& Tower with Radar,92,41,49,15,197,0,1,26,2,29,92,42,75,17,226,0,6,6,232
04/02/2022,TUL,OK,ASW,CE,Combined TRACON& Tower with Radar,60,32,25,16,133,0,2,28,1,31,60,34,53,17,164,0,4,4,168
04/03/2022,TUL,OK,ASW,CE,Combined TRACON& Tower with Radar,79,37,33,11,160,0,5,17,3,25,79,42,50,14,185,0,12,12,197
04/04/2022,TUL,OK,ASW,CE,Combined TRACON& Tower with Radar,85,38,26,17,166,0,1,0,0,1,85,39,26,17,167,0,34,34,201
04/05/2022,TUL,OK,ASW,CE,Combined TRACON& Tower with Radar,83,38,38,75,234,0,0,10,4,14,83,38,48,79,248,6,58,64,312
04/06/2022,TUL,OK,ASW,CE,Combined TRACON& Tower with Radar,82,35,39,22,178,0,1,8,2,11,82,36,47,24,189,0,16,16,205
04/07/2022,TUL,OK,ASW,CE,Combined TRACON& Tower with Radar,87,37,41,38,203,0,1,5,8,14,87,38,46,46,217,2,32,34,251
04/08/2022,TUL,OK,ASW,CE,Combined TRACON& Tower with Radar,93,43,46,54,236,0,2,17,5,24,93,45,63,59,260,16,38,54,314
04/09/2022,TUL,OK,ASW,CE,Combined TRACON& Tower with Radar,66,31,28,30,155,0,10,30,5,45,66,41,58,35,200,0,24,24,224
04/10/2022,TUL,OK,ASW,CE,Combined TRACON& Tower with Radar,76,35,39,55,205,0,1,9,8,18,76,36,48,63,223,4,6,10,233
04/11/2022,TUL,OK,ASW,CE,Combined TRACON& Tower with Radar,87,31,58,19,195,0,0,6,2,8,87,31,64,21,203,0,0,0,203
04/12/2022,TUL,OK,ASW,CE,Combined TRACON& Tower with Radar,89,51,51,50,241,0,1,5,7,13,89,52,56,57,254,0,22,22,276
04/13/2022,TUL,OK,ASW,CE,Combined TRACON& Tower with Radar,84,39,32,21,176,0,2,5,7,14,84,41,37,28,190,2,12,14,204
04/14/2022,TUL,OK,ASW,CE,Combined TRACON& Tower with Radar,88,49,52,39,228,0,10,32,10,52,88,59,84,49,280,4,38,42,322
04/15/2022,TUL,OK,ASW,CE,Combined TRACON& Tower with Radar,90,35,30,9,164,0,2,12,6,20,90,37,42,15,184,10,34,44,228
04/16/2022,TUL,OK,ASW,CE,Combined TRACON& Tower with Radar,65,31,18,0,114,0,0,3,0,3,65,31,21,0,117,0,0,0,117
04/17/2022,TUL,OK,ASW,CE,Combined TRACON& Tower with Radar,71,31,17,0,119,0,0,1,0,1,71,31,18,0,120,0,0,0,120
04/18/2022,TUL,OK,ASW,CE,Combined TRACON& Tower with Radar,87,54,35,95,271,0,4,34,4,42,87,58,69,99,313,2,46,48,361
04/19/2022,TUL,OK,ASW,CE,Combined TRACON& Tower with Radar,84,29,54,57,224,0,0,20,7,27,84,29,74,64,251,2,32,34,285
04/20/2022,TUL,OK,ASW,CE,Combined TRACON& Tower with Radar,82,33,51,51,217,0,2,0,1,3,82,35,51,52,220,0,0,0,220
04/21/2022,TUL,OK,ASW,CE,Combined TRACON& Tower with Radar,83,40,66,68,257,0,0,7,5,12,83,40,73,73,269,0,10,10,279
04/22/2022,TUL,OK,ASW,CE,Combined TRACON& Tower with Radar,89,44,36,60,229,0,2,8,6,16,89,46,44,66,245,0,4,4,249
04/23/2022,TUL,OK,ASW,CE,Combined TRACON& Tower with Radar,72,26,19,2,119,0,0,1,0,1,72,26,20,2,120,0,0,0,120
04/24/2022,TUL,OK,ASW,CE,Combined TRACON& Tower with Radar,68,22,28,4,122,0,0,0,0,0,68,22,28,4,122,0,0,0,122
04/25/2022,TUL,OK,ASW,CE,Combined TRACON& Tower with Radar,89,34,35,49,207,0,0,21,2,23,89,34,56,51,230,4,24,28,258
04/26/2022,TUL,OK,ASW,CE,Combined TRACON& Tower with Radar,92,44,40,18,194,0,2,38,4,44,92,46,78,22,238,0,0,0,238
04/27/2022,TUL,OK,ASW,CE,Combined TRACON& Tower with Radar,80,47,36,30,193,0,0,30,8,38,80,47,66,38,231,0,0,0,231
04/28/2022,TUL,OK,ASW,CE,Combined TRACON& Tower with Radar,87,46,38,28,199,0,2,10,1,13,87,48,48,29,212,0,16,16,228
04/29/2022,TUL,OK,ASW,CE,Combined TRACON& Tower with Radar,90,34,28,39,191,0,0,1,4,5,90,34,29,43,196,0,0,0,196
04/30/2022,TUL,OK,ASW,CE,Combined TRACON& Tower with Radar,67,26,25,19,137,0,1,12,3,16,67,27,37,22,153,0,14,14,167
05/01/2022,TUL,OK,ASW,CE,Combined TRACON& Tower with Radar,72,33,23,17,145,0,3,15,3,21,72,36,38,20,166,12,22,34,200
05/02/2022,TUL,OK,ASW,CE,Combined TRACON& Tower with Radar,87,36,32,6,161,0,0,0,1,1,87,36,32,7,162,0,4,4,166
05/03/2022,TUL,OK,ASW,CE,Combined TRACON& Tower with Radar,86,49,77,29,241,0,0,14,3,17,86,49,91,32,258,2,18,20,278
05/04/2022,TUL,OK,ASW,CE,Combined TRACON& Tower with Radar,72,30,27,0,129,0,0,0,0,0,72,30,27,0,129,0,0,0,129
05/05/2022,TUL,OK,ASW,CE,Combined TRACON& Tower with Radar,83,40,40,6,169,0,0,1,6,7,83,40,41,12,176,0,16,16,192
05/06/2022,TUL,OK,ASW,CE,Combined TRACON& Tower with Radar,97,42,48,28,215,0,0,16,11,27,97,42,64,39,242,26,0,26,268
05/07/2022,TUL,OK,ASW,CE,Combined TRACON& Tower with Radar,67,23,19,5,114,0,0,33,2,35,67,23,52,7,149,10,0,10,159
05/08/2022,TUL,OK,ASW,CE,Combined TRACON& Tower with Radar,73,43,28,14,158,0,0,2,2,4,73,43,30,16,162,0,2,2,164
05/09/2022,TUL,OK,ASW,CE,Combined TRACON& Tower with Radar,89,34,44,32,199,0,3,7,4,14,89,37,51,36,213,24,28,52,265
05/10/2022,TUL,OK,ASW,CE,Combined TRACON& Tower with Radar,88,38,55,69,250,0,2,18,7,27,88,40,73,76,277,8,70,78,355
05/11/2022,TUL,OK,ASW,CE,Combined TRACON& Tower with Radar,88,34,44,23,189,0,3,22,1,26,88,37,66,24,215,0,8,8,223
05/12/2022,TUL,OK,ASW,CE,Combined TRACON& Tower with Radar,95,31,49,85,260,0,0,35,9,44,95,31,84,94,304,2,88,90,394
05/13/2022,TUL,OK,ASW,CE,Combined TRACON& Tower with Radar,93,30,43,18,184,0,3,15,1,19,93,33,58,19,203,0,28,28,231
05/14/2022,TUL,OK,ASW,CE,Combined TRACON& Tower with Radar,73,30,17,4,124,0,1,50,3,54,73,31,67,7,178,36,10,46,224
05/15/2022,TUL,OK,ASW,CE,Combined TRACON& Tower with Radar,76,43,24,5,148,0,3,7,1,11,76,46,31,6,159,4,0,4,163
05/16/2022,TUL,OK,ASW,CE,Combined TRACON& Tower with Radar,86,58,35,49,228,0,5,20,7,32,86,63,55,56,260,30,36,66,326
05/17/2022,TUL,OK,ASW,CE,Combined TRACON& Tower with Radar,91,46,40,31,208,0,0,15,3,18,91,46,55,34,226,0,42,42,268
05/18/2022,TUL,OK,ASW,CE,Combined TRACON& Tower with Radar,87,46,67,48,248,0,3,17,8,28,87,49,84,56,276,6,36,42,318
05/19/2022,TUL,OK,ASW,CE,Combined TRACON& Tower with Radar,92,52,89,28,261,0,2,18,9,29,92,54,107,37,290,10,20,30,320
05/20/2022,TUL,OK,ASW,CE,Combined TRACON& Tower with Radar,89,53,76,7,225,0,0,14,5,19,89,53,90,12,244,0,6,6,250
05/21/2022,TUL,OK,ASW,CE,Combined TRACON& Tower with Radar,76,49,35,2,162,0,0,0,0,0,76,49,35,2,162,0,0,0,162
05/22/2022,TUL,OK,ASW,CE,Combined TRACON& Tower with Radar,84,44,72,1,201,0,1,11,0,12,84,45,83,1,213,2,0,2,215
05/23/2022,TUL,OK,ASW,CE,Combined TRACON& Tower with Radar,87,46,52,10,195,0,0,1,3,4,87,46,53,13,199,0,0,0,199
05/24/2022,TUL,OK,ASW,CE,Combined TRACON& Tower with Radar,91,44,25,0,160,0,0,0,0,0,91,44,25,0,160,0,0,0,160
05/25/2022,TUL,OK,ASW,CE,Combined TRACON& Tower with Radar,103,45,57,11,216,0,0,2,2,4,103,45,59,13,220,0,0,0,220
05/26/2022,TUL,OK,ASW,CE,Combined TRACON& Tower with Radar,97,40,48,13,198,0,0,6,3,9,97,40,54,16,207,0,26,26,233
05/27/2022,TUL,OK,ASW,CE,Combined TRACON& Tower with Radar,88,40,23,0,151,0,2,33,1,36,88,42,56,1,187,12,0,12,199
05/28/2022,TUL,OK,ASW,CE,Combined TRACON& Tower with Radar,74,33,16,0,123,0,1,6,0,7,74,34,22,0,130,0,0,0,130
05/29/2022,TUL,OK,ASW,CE,Combined TRACON& Tower with Radar,80,22,14,0,116,0,1,5,1,7,80,23,19,1,123,2,0,2,125
05/30/2022,TUL,OK,ASW,CE,Combined TRACON& Tower with Radar,82,25,19,0,126,0,1,5,1,7,82,26,24,1,133,0,0,0,133
05/31/2022,TUL,OK,ASW,CE,Combined TRACON& Tower with Radar,85,35,52,42,214,0,0,10,2,12,85,35,62,44,226,14,0,14,240
06/01/2022,TUL,OK,ASW,CE,Combined TRACON& Tower with Radar,91,39,31,2,163,0,2,3,0,5,91,41,34,2,168,2,0,2,170
06/02/2022,TUL,OK,ASW,CE,Combined TRACON& Tower with Radar,89,50,30,7,176,0,3,28,3,34,89,53,58,10,210,6,0,6,216
06/03/2022,TUL,OK,ASW,CE,Combined TRACON& Tower with Radar,88,39,43,25,195,0,6,22,4,32,88,45,65,29,227,0,4,4,231
06/04/2022,TUL,OK,ASW,CE,Combined TRACON& Tower with Radar,74,36,13,32,155,0,9,13,5,27,74,45,26,37,182,12,36,48,230
06/05/2022,TUL,OK,ASW,CE,Combined TRACON& Tower with Radar,90,26,20,7,143,0,2,10,0,12,90,28,30,7,155,0,0,0,155
06/06/2022,TUL,OK,ASW,CE,Combined TRACON& Tower with Radar,93,41,41,38,213,0,2,21,5,28,93,43,62,43,241,2,10,12,253
06/07/2022,TUL,OK,ASW,CE,Combined TRACON& Tower with Radar,102,50,40,22,214,0,2,19,0,21,102,52,59,22,235,0,18,18,253
06/08/2022,TUL,OK,ASW,CE,Combined TRACON& Tower with Radar,96,45,35,22,198,0,1,10,1,12,96,46,45,23,210,24,44,68,278
06/09/2022,TUL,OK,ASW,CE,Combined TRACON& Tower with Radar,96,50,42,12,200,0,8,41,7,56,96,58,83,19,256,2,8,10,266
06/10/2022,TUL,OK,ASW,CE,Combined TRACON& Tower with Radar,99,61,38,12,210,0,2,23,4,29,99,63,61,16,239,22,8,30,269
06/11/2022,TUL,OK,ASW,CE,Combined TRACON& Tower with Radar,78,35,18,27,158,0,6,35,1,42,78,41,53,28,200,24,0,24,224
06/12/2022,TUL,OK,ASW,CE,Combined TRACON& Tower with Radar,93,51,35,24,203,0,0,20,0,20,93,51,55,24,223,6,0,6,229
06/13/2022,TUL,OK,ASW,CE,Combined TRACON& Tower with Radar,98,53,44,90,285,0,5,16,7,28,98,58,60,97,313,16,78,94,407
06/14/2022,TUL,OK,ASW,CE,Combined TRACON& Tower with Radar,94,33,29,51,207,0,2,21,9,32,94,35,50,60,239,8,12,20,259
06/15/2022,TUL,OK,ASW,CE,Combined TRACON& Tower with Radar,99,42,45,91,277,0,3,16,4,23,99,45,61,95,300,0,62,62,362
06/16/2022,TUL,OK,ASW,CE,Combined TRACON& Tower with Radar,95,45,43,65,248,0,5,15,12,32,95,50,58,77,280,2,78,80,360
06/17/2022,TUL,OK,ASW,CE,Combined TRACON& Tower with Radar,96,51,34,77,258,0,5,19,9,33,96,56,53,86,291,0,40,40,331
06/18/2022,TUL,OK,ASW,CE,Combined TRACON& Tower with Radar,76,22,20,2,120,0,2,22,1,25,76,24,42,3,145,0,0,0,145
06/19/2022,TUL,OK,ASW,CE,Combined TRACON& Tower with Radar,89,28,15,0,132,0,0,13,0,13,89,28,28,0,145,0,0,0,145
06/20/2022,TUL,OK,ASW,CE,Combined TRACON& Tower with Radar,98,46,41,1,186,0,2,19,2,23,98,48,60,3,209,20,0,20,229
06/21/2022,TUL,OK,ASW,CE,Combined TRACON& Tower with Radar,93,48,44,77,262,0,3,25,3,31,93,51,69,80,293,10,56,66,359
06/22/2022,TUL,OK,ASW,CE,Combined TRACON& Tower with Radar,98,50,29,100,277,0,4,15,10,29,98,54,44,110,306,4,44,48,354
06/23/2022,TUL,OK,ASW,CE,Combined TRACON& Tower with Radar,99,42,52,59,252,0,1,16,7,24,99,43,68,66,276,6,38,44,320
06/24/2022,TUL,OK,ASW,CE,Combined TRACON& Tower with Radar,100,40,34,79,253,0,13,16,8,37,100,53,50,87,290,26,52,78,368
06/25/2022,TUL,OK,ASW,CE,Combined TRACON& Tower with Radar,72,24,21,26,143,0,3,16,0,19,72,27,37,26,162,10,0,10,172
06/26/2022,TUL,OK,ASW,CE,Combined TRACON& Tower with Radar,92,38,19,20,169,0,0,8,4,12,92,38,27,24,181,20,10,30,211
06/27/2022,TUL,OK,ASW,CE,Combined TRACON& Tower with Radar,93,29,46,77,245,0,4,29,2,35,93,33,75,79,280,24,22,46,326
06/28/2022,TUL,OK,ASW,CE,Combined TRACON& Tower with Radar,98,30,43,63,234,0,12,35,5,52,98,42,78,68,286,106,28,134,420
06/29/2022,TUL,OK,ASW,CE,Combined TRACON& Tower with Radar,101,48,30,60,239,0,1,33,10,44,101,49,63,70,283,12,14,26,309
06/30/2022,TUL,OK,ASW,CE,Combined TRACON& Tower with Radar,102,52,37,64,255,0,6,25,5,36,102,58,62,69,291,22,56,78,369
07/01/2022,TUL,OK,ASW,CE,Combined TRACON& Tower with Radar,104,53,38,2,197,0,9,44,0,53,104,62,82,2,250,40,0,40,290
07/02/2022,TUL,OK,ASW,CE,Combined TRACON& Tower with Radar,73,28,24,4,129,0,6,16,0,22,73,34,40,4,151,50,0,50,201
07/03/2022,TUL,OK,ASW,CE,Combined TRACON& Tower with Radar,83,25,18,0,126,0,3,8,0,11,83,28,26,0,137,2,0,2,139
07/04/2022,TUL,OK,ASW,CE,Combined TRACON& Tower with Radar,91,24,12,1,128,0,5,11,1,17,91,29,23,2,145,8,8,16,161
07/05/2022,TUL,OK,ASW,CE,Combined TRACON& Tower with Radar,83,41,34,80,238,0,5,14,6,25,83,46,48,86,263,10,32,42,305
07/06/2022,TUL,OK,ASW,CE,Combined TRACON& Tower with Radar,94,45,59,81,279,0,0,14,7,21,94,45,73,88,300,6,46,52,352
07/07/2022,TUL,OK,ASW,CE,Combined TRACON& Tower with Radar,103,50,50,86,289,0,3,20,15,38,103,53,70,101,327,6,70,76,403
07/08/2022,TUL,OK,ASW,CE,Combined TRACON& Tower with Radar,100,36,41,29,206,0,8,29,6,43,100,44,70,35,249,34,10,44,293
07/09/2022,TUL,OK,ASW,CE,Combined TRACON& Tower with Radar,74,28,37,6,145,0,2,22,4,28,74,30,59,10,173,20,2,22,195
07/10/2022,TUL,OK,ASW,CE,Combined TRACON& Tower with Radar,94,31,29,16,170,0,0,22,2,24,94,31,51,18,194,6,18,24,218
07/11/2022,TUL,OK,ASW,CE,Combined TRACON& Tower with Radar,97,40,12,44,193,0,5,12,3,20,97,45,24,47,213,20,36,56,269
07/12/2022,TUL,OK,ASW,CE,Combined TRACON& Tower with Radar,94,42,49,102,287,0,2,20,14,36,94,44,69,116,323,16,74,90,413
07/13/2022,TUL,OK,ASW,CE,Combined TRACON& Tower with Radar,104,42,48,54,248,0,1,30,9,40,104,43,78,63,288,18,22,40,328
07/14/2022,TUL,OK,ASW,CE,Combined TRACON& Tower with Radar,98,35,30,49,212,0,14,25,9,48,98,49,55,58,260,166,90,256,516
07/15/2022,TUL,OK,ASW,CE,Combined TRACON& Tower with Radar,100,39,41,23,203,0,8,19,12,39,100,47,60,35,242,18,22,40,282
07/16/2022,TUL,OK,ASW,CE,Combined TRACON& Tower with Radar,76,34,21,0,131,0,8,9,3,20,76,42,30,3,151,34,0,34,185
07/17/2022,TUL,OK,ASW,CE,Combined TRACON& Tower with Radar,85,38,30,33,186,0,8,15,5,28,85,46,45,38,214,0,4,4,218
07/18/2022,TUL,OK,ASW,CE,Combined TRACON& Tower with Radar,98,39,34,74,245,0,8,12,3,23,98,47,46,77,268,24,70,94,362
07/19/2022,TUL,OK,ASW,CE,Combined TRACON& Tower with Radar,90,35,47,65,237,0,7,29,7,43,90,42,76,72,280,34,48,82,362
07/20/2022,TUL,OK,ASW,CE,Combined TRACON& Tower with Radar,98,39,30,58,225,0,3,13,4,20,98,42,43,62,245,12,10,22,267
07/21/2022,TUL,OK,ASW,CE,Combined TRACON& Tower with Radar,98,44,42,44,228,0,7,12,2,21,98,51,54,46,249,18,26,44,293
07/22/2022,TUL,OK,ASW,CE,Combined TRACON& Tower with Radar,96,43,28,49,216,0,3,20,4,27,96,46,48,53,243,0,30,30,273
07/23/2022,TUL,OK,ASW,CE,Combined TRACON& Tower with Radar,68,42,26,0,136,0,1,12,0,13,68,43,38,0,149,0,0,0,149
07/24/2022,TUL,OK,ASW,CE,Combined TRACON& Tower with Radar,81,42,30,8,161,0,2,11,4,17,81,44,41,12,178,22,0,22,200
07/25/2022,TUL,OK,ASW,CE,Combined TRACON& Tower with Radar,97,47,31,96,271,0,2,13,6,21,97,49,44,102,292,30,48,78,370
07/26/2022,TUL,OK,ASW,CE,Combined TRACON& Tower with Radar,89,46,47,85,267,0,4,17,6,27,89,50,64,91,294,8,80,88,382
07/27/2022,TUL,OK,ASW,CE,Combined TRACON& Tower with Radar,91,50,46,39,226,0,4,18,8,30,91,54,64,47,256,24,46,70,326
07/28/2022,TUL,OK,ASW,CE,Combined TRACON& Tower with Radar,94,40,35,37,206,0,6,10,6,22,94,46,45,43,228,46,30,76,304
07/29/2022,TUL,OK,ASW,CE,Combined TRACON& Tower with Radar,104,37,21,0,162,0,2,2,0,4,104,39,23,0,166,8,0,8,174
07/30/2022,TUL,OK,ASW,CE,Combined TRACON& Tower with Radar,71,25,30,0,126,0,0,5,0,5,71,25,35,0,131,0,0,0,131
07/31/2022,TUL,OK,ASW,CE,Combined TRACON& Tower with Radar,81,39,26,2,148,0,2,9,0,11,81,41,35,2,159,2,6,8,167
08/01/2022,TUL,OK,ASW,CE,Combined TRACON& Tower with Radar,91,40,37,50,218,0,3,13,5,21,91,43,50,55,239,22,36,58,297
08/02/2022,TUL,OK,ASW,CE,Combined TRACON& Tower with Radar,88,41,50,49,228,0,4,25,10,39,88,45,75,59,267,48,44,92,359
08/03/2022,TUL,OK,ASW,CE,Combined TRACON& Tower with Radar,94,41,45,57,237,0,5,21,11,37,94,46,66,68,274,4,60,64,338
08/04/2022,TUL,OK,ASW,CE,Combined TRACON& Tower with Radar,96,35,44,12,187,0,4,9,1,14,96,39,53,13,201,38,32,70,271
08/05/2022,TUL,OK,ASW,CE,Combined TRACON& Tower with Radar,95,34,37,46,212,0,5,26,14,45,95,39,63,60,257,66,36,102,359
08/06/2022,TUL,OK,ASW,CE,Combined TRACON& Tower with Radar,70,28,25,22,145,0,3,38,6,47,70,31,63,28,192,22,38,60,252
08/07/2022,TUL,OK,ASW,CE,Combined TRACON& Tower with Radar,85,28,38,41,192,0,6,11,3,20,85,34,49,44,212,0,22,22,234
08/08/2022,TUL,OK,ASW,CE,Combined TRACON& Tower with Radar,95,43,40,68,246,0,6,12,4,22,95,49,52,72,268,6,44,50,318
08/09/2022,TUL,OK,ASW,CE,Combined TRACON& Tower with Radar,99,49,19,55,222,0,4,10,9,23,99,53,29,64,245,4,66,70,315
08/10/2022,TUL,OK,ASW,CE,Combined TRACON& Tower with Radar,121,46,43,99,309,0,17,24,7,48,121,63,67,106,357,22,26,48,405
08/11/2022,TUL,OK,ASW,CE,Combined TRACON& Tower with Radar,87,48,26,93,254,0,6,21,11,38,87,54,47,104,292,36,64,100,392
08/12/2022,TUL,OK,ASW,CE,Combined TRACON& Tower with Radar,101,47,43,40,231,0,4,25,0,29,101,51,68,40,260,46,6,52,312
08/13/2022,TUL,OK,ASW,CE,Combined TRACON& Tower with Radar,69,30,31,4,134,0,8,18,0,26,69,38,49,4,160,10,0,10,170
08/14/2022,TUL,OK,ASW,CE,Combined TRACON& Tower with Radar,82,35,29,9,155,0,8,12,5,25,82,43,41,14,180,0,0,0,180
08/15/2022,TUL,OK,ASW,CE,Combined TRACON& Tower with Radar,89,41,55,38,223,0,7,25,11,43,89,48,80,49,266,6,18,24,290
08/16/2022,TUL,OK,ASW,CE,Combined TRACON& Tower with Radar,95,36,40,56,227,0,0,18,3,21,95,36,58,59,248,0,52,52,300
08/17/2022,TUL,OK,ASW,CE,Combined TRACON& Tower with Radar,101,38,51,32,222,0,0,3,5,8,101,38,54,37,230,0,8,8,238
08/18/2022,TUL,OK,ASW,CE,Combined TRACON& Tower with Radar,101,44,72,78,295,0,2,39,6,47,101,46,111,84,342,0,40,40,382
08/19/2022,TUL,OK,ASW,CE,Combined TRACON& Tower with Radar,95,42,36,55,228,0,7,30,7,44,95,49,66,62,272,10,22,32,304
08/20/2022,TUL,OK,ASW,CE,Combined TRACON& Tower with Radar,69,31,25,6,131,0,1,24,0,25,69,32,49,6,156,0,0,0,156
08/21/2022,TUL,OK,ASW,CE,Combined TRACON& Tower with Radar,86,34,23,5,148,0,0,5,0,5,86,34,28,5,153,10,0,10,163
08/22/2022,TUL,OK,ASW,CE,Combined TRACON& Tower with Radar,97,38,42,102,279,0,2,17,8,27,97,40,59,110,306,0,58,58,364
08/23/2022,TUL,OK,ASW,CE,Combined TRACON& Tower with Radar,88,38,45,41,212,0,3,15,5,23,88,41,60,46,235,10,92,102,337
08/24/2022,TUL,OK,ASW,CE,Combined TRACON& Tower with Radar,92,47,52,41,232,0,3,29,5,37,92,50,81,46,269,8,18,26,295
08/25/2022,TUL,OK,ASW,CE,Combined TRACON& Tower with Radar,93,41,51,62,247,0,6,30,9,45,93,47,81,71,292,14,38,52,344
08/26/2022,TUL,OK,ASW,CE,Combined TRACON& Tower with Radar,96,39,33,64,232,0,4,33,6,43,96,43,66,70,275,32,26,58,333
08/27/2022,TUL,OK,ASW,CE,Combined TRACON& Tower with Radar,69,25,22,3,119,0,8,30,2,40,69,33,52,5,159,12,0,12,171
08/28/2022,TUL,OK,ASW,CE,Combined TRACON& Tower with Radar,81,35,17,15,148,0,1,8,1,10,81,36,25,16,158,4,4,8,166
08/29/2022,TUL,OK,ASW,CE,Combined TRACON& Tower with Radar,87,34,28,7,156,0,0,9,2,11,87,34,37,9,167,0,2,2,169
08/30/2022,TUL,OK,ASW,CE,Combined TRACON& Tower with Radar,100,41,33,31,205,0,3,20,4,27,100,44,53,35,232,0,12,12,244
08/31/2022,TUL,OK,ASW,CE,Combined TRACON& Tower with Radar,95,45,45,47,232,0,11,35,5,51,95,56,80,52,283,6,10,16,299
09/01/2022,TUL,OK,ASW,CE,Combined TRACON& Tower with Radar,94,49,32,4,179,0,1,18,2,21,94,50,50,6,200,8,42,50,250
09/02/2022,TUL,OK,ASW,CE,Combined TRACON& Tower with Radar,108,54,41,0,203,0,4,8,0,12,108,58,49,0,215,54,0,54,269
09/03/2022,TUL,OK,ASW,CE,Combined TRACON& Tower with Radar,77,32,20,0,129,0,3,25,0,28,77,35,45,0,157,20,0,20,177
09/04/2022,TUL,OK,ASW,CE,Combined TRACON& Tower with Radar,66,20,18,0,104,0,0,8,0,8,66,20,26,0,112,0,0,0,112
09/05/2022,TUL,OK,ASW,CE,Combined TRACON& Tower with Radar,84,30,29,0,143,0,1,13,0,14,84,31,42,0,157,22,0,22,179
09/06/2022,TUL,OK,ASW,CE,Combined TRACON& Tower with Radar,92,42,27,92,253,0,4,15,1,20,92,46,42,93,273,10,64,74,347
09/07/2022,TUL,OK,ASW,CE,Combined TRACON& Tower with Radar,90,36,33,85,244,0,2,23,6,31,90,38,56,91,275,8,98,106,381
09/08/2022,TUL,OK,ASW,CE,Combined TRACON& Tower with Radar,92,48,44,76,260,0,2,26,4,32,92,50,70,80,292,24,60,84,376
09/09/2022,TUL,OK,ASW,CE,Combined TRACON& Tower with Radar,94,44,40,56,234,0,0,31,11,42,94,44,71,67,276,44,18,62,338
09/10/2022,TUL,OK,ASW,CE,Combined TRACON& Tower with Radar,75,30,19,7,131,0,4,17,9,30,75,34,36,16,161,0,30,30,191
09/11/2022,TUL,OK,ASW,CE,Combined TRACON& Tower with Radar,80,37,34,4,155,0,7,22,1,30,80,44,56,5,185,94,0,94,279
09/12/2022,TUL,OK,ASW,CE,Combined TRACON& Tower with Radar,97,46,34,57,234,0,5,23,4,32,97,51,57,61,266,30,26,56,322
09/13/2022,TUL,OK,ASW,CE,Combined TRACON& Tower with Radar,88,31,49,63,231,0,4,40,8,52,88,35,89,71,283,4,34,38,321
09/14/2022,TUL,OK,ASW,CE,Combined TRACON& Tower with Radar,88,56,39,50,233,0,7,19,10,36,88,63,58,60,269,8,42,50,319
09/15/2022,TUL,OK,ASW,CE,Combined TRACON& Tower with Radar,97,72,47,26,242,0,2,18,5,25,97,74,65,31,267,0,30,30,297
09/16/2022,TUL,OK,ASW,CE,Combined TRACON& Tower with Radar,104,52,41,22,219,0,0,22,4,26,104,52,63,26,245,26,38,64,309
09/17/2022,TUL,OK,ASW,CE,Combined TRACON& Tower with Radar,71,30,24,0,125,0,0,12,0,12,71,30,36,0,137,0,0,0,137
09/18/2022,TUL,OK,ASW,CE,Combined TRACON& Tower with Radar,79,65,35,13,192,0,3,11,0,14,79,68,46,13,206,12,0,12,218
09/19/2022,TUL,OK,ASW,CE,Combined TRACON& Tower with Radar,97,53,49,66,265,0,8,8,8,24,97,61,57,74,289,6,36,42,331
09/20/2022,TUL,OK,ASW,CE,Combined TRACON& Tower with Radar,90,53,34,62,239,0,10,18,8,36,90,63,52,70,275,0,36,36,311
09/21/2022,TUL,OK,ASW,CE,Combined TRACON& Tower with Radar,94,46,55,54,249,0,4,21,8,33,94,50,76,62,282,42,18,60,342
09/22/2022,TUL,OK,ASW,CE,Combined TRACON& Tower with Radar,95,50,53,79,277,0,6,10,3,19,95,56,63,82,296,0,36,36,332
09/23/2022,TUL,OK,ASW,CE,Combined TRACON& Tower with Radar,99,53,45,88,285,0,7,34,8,49,99,60,79,96,334,22,52,74,408
09/24/2022,TUL,OK,ASW,CE,Combined TRACON& Tower with Radar,74,41,23,4,142,0,3,20,2,25,74,44,43,6,167,6,16,22,189
09/25/2022,TUL,OK,ASW,CE,Combined TRACON& Tower with Radar,81,40,29,34,184,0,4,21,1,26,81,44,50,35,210,18,8,26,236
09/26/2022,TUL,OK,ASW,CE,Combined TRACON& Tower with Radar,94,42,47,79,262,0,5,18,6,29,94,47,65,85,291,0,62,62,353
09/27/2022,TUL,OK,ASW,CE,Combined TRACON& Tower with Radar,94,58,42,82,276,0,6,35,5,46,94,64,77,87,322,4,52,56,378
09/28/2022,TUL,OK,ASW,CE,Combined TRACON& Tower with Radar,95,60,28,83,266,0,2,20,6,28,95,62,48,89,294,0,70,70,364
09/29/2022,TUL,OK,ASW,CE,Combined TRACON& Tower with Radar,93,38,50,110,291,0,7,28,9,44,93,45,78,119,335,42,112,154,489
09/30/2022,TUL,OK,ASW,CE,Combined TRACON& Tower with Radar,97,45,37,59,238,0,8,27,14,49,97,53,64,73,287,18,36,54,341
10/01/2022,TUL,OK,ASW,CE,Combined TRACON& Tower with Radar,77,32,24,25,158,0,4,19,6,29,77,36,43,31,187,2,30,32,219
10/02/2022,TUL,OK,ASW,CE,Combined TRACON& Tower with Radar,82,48,28,21,179,0,0,18,0,18,82,48,46,21,197,0,34,34,231
10/03/2022,TUL,OK,ASW,CE,Combined TRACON& Tower with Radar,95,32,32,65,224,0,4,21,9,34,95,36,53,74,258,0,120,120,378
10/04/2022,TUL,OK,ASW,CE,Combined TRACON& Tower with Radar,98,50,48,43,239,0,8,21,4,33,98,58,69,47,272,22,18,40,312
10/05/2022,TUL,OK,ASW,CE,Combined TRACON& Tower with Radar,94,52,53,32,231,0,6,26,2,34,94,58,79,34,265,18,24,42,307
10/06/2022,TUL,OK,ASW,CE,Combined TRACON& Tower with Radar,98,54,30,61,243,0,10,34,10,54,98,64,64,71,297,28,44,72,369
10/07/2022,TUL,OK,ASW,CE,Combined TRACON& Tower with Radar,101,47,49,50,247,0,9,26,8,43,101,56,75,58,290,0,10,10,300
10/08/2022,TUL,OK,ASW,CE,Combined TRACON& Tower with Radar,77,36,28,0,141,0,4,15,0,19,77,40,43,0,160,0,0,0,160
10/09/2022,TUL,OK,ASW,CE,Combined TRACON& Tower with Radar,88,49,33,0,170,0,7,15,0,22,88,56,48,0,192,0,0,0,192
10/10/2022,TUL,OK,ASW,CE,Combined TRACON& Tower with Radar,96,46,41,2,185,0,1,16,0,17,96,47,57,2,202,0,0,0,202
10/11/2022,TUL,OK,ASW,CE,Combined TRACON& Tower with Radar,98,51,51,49,249,0,3,12,3,18,98,54,63,52,267,0,8,8,275
10/12/2022,TUL,OK,ASW,CE,Combined TRACON& Tower with Radar,93,51,43,57,244,0,6,22,2,30,93,57,65,59,274,8,32,40,314
10/13/2022,TUL,OK,ASW,CE,Combined TRACON& Tower with Radar,98,52,54,42,246,1,1,14,0,16,99,53,68,42,262,6,10,16,278
10/14/2022,TUL,OK,ASW,CE,Combined TRACON& Tower with Radar,105,73,49,30,257,0,4,21,2,27,105,77,70,32,284,26,44,70,354
10/15/2022,TUL,OK,ASW,CE,Combined TRACON& Tower with Radar,78,54,24,0,156,0,6,24,0,30,78,60,48,0,186,6,0,6,192
10/16/2022,TUL,OK,ASW,CE,Combined TRACON& Tower with Radar,83,67,42,10,202,0,6,18,0,24,83,73,60,10,226,0,0,0,226
10/17/2022,TUL,OK,ASW,CE,Combined TRACON& Tower with Radar,96,44,30,100,270,0,7,20,4,31,96,51,50,104,301,24,32,56,357
10/18/2022,TUL,OK,ASW,CE,Combined TRACON& Tower with Radar,95,43,36,121,295,0,2,18,11,31,95,45,54,132,326,2,66,68,394
10/19/2022,TUL,OK,ASW,CE,Combined TRACON& Tower with Radar,96,54,50,120,320,0,4,27,5,36,96,58,77,125,356,4,44,48,404
10/20/2022,TUL,OK,ASW,CE,Combined TRACON& Tower with Radar,103,56,58,70,287,0,1,25,14,40,103,57,83,84,327,32,18,50,377
10/21/2022,TUL,OK,ASW,CE,Combined TRACON& Tower with Radar,100,55,23,52,230,0,2,17,14,33,100,57,40,66,263,8,24,32,295
10/22/2022,TUL,OK,ASW,CE,Combined TRACON& Tower with Radar,82,37,20,7,146,0,8,16,2,26,82,45,36,9,172,0,2,2,174
10/23/2022,TUL,OK,ASW,CE,Combined TRACON& Tower with Radar,83,40,27,17,167,0,3,6,3,12,83,43,33,20,179,0,16,16,195
10/24/2022,TUL,OK,ASW,CE,Combined TRACON& Tower with Radar,116,31,25,4,176,0,0,0,0,0,116,31,25,4,176,0,0,0,176
10/25/2022,TUL,OK,ASW,CE,Combined TRACON& Tower with Radar,110,57,50,16,233,0,5,19,7,31,110,62,69,23,264,24,16,40,304
10/26/2022,TUL,OK,ASW,CE,Combined TRACON& Tower with Radar,97,57,48,53,255,0,1,40,10,51,97,58,88,63,306,40,34,74,380
10/27/2022,TUL,OK,ASW,CE,Combined TRACON& Tower with Radar,100,58,54,59,271,0,3,32,10,45,100,61,86,69,316,4,46,50,366
10/28/2022,TUL,OK,ASW,CE,Combined TRACON& Tower with Radar,98,42,49,94,283,0,2,27,6,35,98,44,76,100,318,54,66,120,438
10/29/2022,TUL,OK,ASW,CE,Combined TRACON& Tower with Radar,74,44,24,0,142,0,2,18,1,21,74,46,42,1,163,20,0,20,183
10/30/2022,TUL,OK,ASW,CE,Combined TRACON& Tower with Radar,87,45,47,4,183,0,3,7,0,10,87,48,54,4,193,0,0,0,193
10/31/2022,TUL,OK,ASW,CE,Combined TRACON& Tower with Radar,96,28,17,55,196,0,4,21,2,27,96,32,38,57,223,36,14,50,273
11/01/2022,TUL,OK,ASW,CE,Combined TRACON& Tower with Radar,92,36,34,95,257,0,4,33,18,55,92,40,67,113,312,0,68,68,380
11/02/2022,TUL,OK,ASW,CE,Combined TRACON& Tower with Radar,98,50,51,64,263,0,1,24,10,35,98,51,75,74,298,0,0,0,298
11/03/2022,TUL,OK,ASW,CE,Combined TRACON& Tower with Radar,96,72,67,45,280,0,2,16,13,31,96,74,83,58,311,10,50,60,371
11/04/2022,TUL,OK,ASW,CE,Combined TRACON& Tower with Radar,93,54,29,4,180,0,0,3,0,3,93,54,32,4,183,0,0,0,183
11/05/2022,TUL,OK,ASW,CE,Combined TRACON& Tower with Radar,69,41,17,4,131,0,2,29,5,36,69,43,46,9,167,4,6,10,177
11/06/2022,TUL,OK,ASW,CE,Combined TRACON& Tower with Radar,79,66,26,1,172,0,4,21,0,25,79,70,47,1,197,12,0,12,209
11/07/2022,TUL,OK,ASW,CE,Combined TRACON& Tower with Radar,93,61,50,77,281,0,8,5,2,15,93,69,55,79,296,0,28,28,324
11/08/2022,TUL,OK,ASW,CE,Combined TRACON& Tower with Radar,89,31,45,14,179,0,0,1,3,4,89,31,46,17,183,0,0,0,183
11/09/2022,TUL,OK,ASW,CE,Combined TRACON& Tower with Radar,97,62,37,60,256,0,2,6,2,10,97,64,43,62,266,0,0,0,266
11/10/2022,TUL,OK,ASW,CE,Combined TRACON& Tower with Radar,95,32,57,14,198,0,2,8,8,18,95,34,65,22,216,0,0,0,216
11/11/2022,TUL,OK,ASW,CE,Combined TRACON& Tower with Radar,114,49,35,2,200,0,3,14,1,18,114,52,49,3,218,0,0,0,218
11/12/2022,TUL,OK,ASW,CE,Combined TRACON& Tower with Radar,70,29,19,2,120,0,5,28,0,33,70,34,47,2,153,50,0,50,203
11/13/2022,TUL,OK,ASW,CE,Combined TRACON& Tower with Radar,83,30,35,2,150,0,0,17,0,17,83,30,52,2,167,0,0,0,167
11/14/2022,TUL,OK,ASW,CE,Combined TRACON& Tower with Radar,91,37,34,4,166,0,0,1,3,4,91,37,35,7,170,4,22,26,196
11/15/2022,TUL,OK,ASW,CE,Combined TRACON& Tower with Radar,91,38,43,39,211,0,5,14,4,23,91,43,57,43,234,0,0,0,234
11/16/2022,TUL,OK,ASW,CE,Combined TRACON& Tower with Radar,92,41,41,32,206,0,4,16,14,34,92,45,57,46,240,4,32,36,276
11/17/2022,TUL,OK,ASW,CE,Combined TRACON& Tower with Radar,101,56,53,79,289,0,7,26,10,43,101,63,79,89,332,0,44,44,376
11/18/2022,TUL,OK,ASW,CE,Combined TRACON& Tower with Radar,107,62,32,18,219,0,5,19,7,31,107,67,51,25,250,0,60,60,310
11/19/2022,TUL,OK,ASW,CE,Combined TRACON& Tower with Radar,79,35,34,1,149,0,3,13,2,18,79,38,47,3,167,10,0,10,177
11/20/2022,TUL,OK,ASW,CE,Combined TRACON& Tower with Radar,93,20,26,4,143,0,2,15,0,17,93,22,41,4,160,28,0,28,188
11/21/2022,TUL,OK,ASW,CE,Combined TRACON& Tower with Radar,102,46,30,34,212,0,1,36,4,41,102,47,66,38,253,20,26,46,299
11/22/2022,TUL,OK,ASW,CE,Combined TRACON& Tower with Radar,101,39,33,44,217,0,3,20,9,32,101,42,53,53,249,16,24,40,289
11/23/2022,TUL,OK,ASW,CE,Combined TRACON& Tower with Radar,104,39,19,26,188,0,2,1,2,5,104,41,20,28,193,0,8,8,201
11/24/2022,TUL,OK,ASW,CE,Combined TRACON& Tower with Radar,60,17,4,0,81,0,0,0,0,0,60,17,4,0,81,0,0,0,81
11/25/2022,TUL,OK,ASW,CE,Combined TRACON& Tower with Radar,91,38,9,0,138,0,0,11,0,11,91,38,20,0,149,0,0,0,149
11/26/2022,TUL,OK,ASW,CE,Combined TRACON& Tower with Radar,80,35,12,0,127,0,0,0,0,0,80,35,12,0,127,0,0,0,127
11/27/2022,TUL,OK,ASW,CE,Combined TRACON& Tower with Radar,88,42,36,6,172,0,2,10,0,12,88,44,46,6,184,0,0,0,184
11/28/2022,TUL,OK,ASW,CE,Combined TRACON& Tower with Radar,99,42,48,74,263,0,5,15,3,23,99,47,63,77,286,0,34,34,320
11/29/2022,TUL,OK,ASW,CE,Combined TRACON& Tower with Radar,105,38,29,53,225,0,4,5,6,15,105,42,34,59,240,0,80,80,320
11/30/2022,TUL,OK,ASW,CE,Combined TRACON& Tower with Radar,94,36,50,58,238,0,5,23,8,36,94,41,73,66,274,26,42,68,342
12/01/2022,TUL,OK,ASW,CE,Combined TRACON& Tower with Radar,97,35,34,70,236,0,4,6,8,18,97,39,40,78,254,0,54,54,308
12/02/2022,TUL,OK,ASW,CE,Combined TRACON& Tower with Radar,98,33,46,25,202,0,0,0,4,4,98,33,46,29,206,0,8,8,214
12/03/2022,TUL,OK,ASW,CE,Combined TRACON& Tower with Radar,74,28,15,22,139,0,8,29,0,37,74,36,44,22,176,28,8,36,212
12/04/2022,TUL,OK,ASW,CE,Combined TRACON& Tower with Radar,92,40,29,15,176,0,4,14,3,21,92,44,43,18,197,28,6,34,231
12/05/2022,TUL,OK,ASW,CE,Combined TRACON& Tower with Radar,99,37,47,10,193,0,2,0,0,2,99,39,47,10,195,0,0,0,195
12/06/2022,TUL,OK,ASW,CE,Combined TRACON& Tower with Radar,97,39,37,5,178,0,0,3,2,5,97,39,40,7,183,0,0,0,183
12/07/2022,TUL,OK,ASW,CE,Combined TRACON& Tower with Radar,94,39,43,8,184,0,0,1,0,1,94,39,44,8,185,0,0,0,185
12/08/2022,TUL,OK,ASW,CE,Combined TRACON& Tower with Radar,107,65,37,7,216,0,0,0,0,0,107,65,37,7,216,0,0,0,216
12/09/2022,TUL,OK,ASW,CE,Combined TRACON& Tower with Radar,108,34,47,26,215,0,2,29,5,36,108,36,76,31,251,4,80,84,335
12/10/2022,TUL,OK,ASW,CE,Combined TRACON& Tower with Radar,72,37,17,0,126,0,0,0,0,0,72,37,17,0,126,0,0,0,126
12/11/2022,TUL,OK,ASW,CE,Combined TRACON& Tower with Radar,89,39,37,10,175,0,2,1,0,3,89,41,38,10,178,16,2,18,196
12/12/2022,TUL,OK,ASW,CE,Combined TRACON& Tower with Radar,101,40,46,39,226,0,0,1,0,1,101,40,47,39,227,0,0,0,227
12/13/2022,TUL,OK,ASW,CE,Combined TRACON& Tower with Radar,95,35,29,79,238,0,2,17,9,28,95,37,46,88,266,4,72,76,342
12/14/2022,TUL,OK,ASW,CE,Combined TRACON& Tower with Radar,100,37,51,44,232,0,9,46,6,61,100,46,97,50,293,4,52,56,349
12/15/2022,TUL,OK,ASW,CE,Combined TRACON& Tower with Radar,102,38,54,33,227,0,2,21,10,33,102,40,75,43,260,36,22,58,318
12/16/2022,TUL,OK,ASW,CE,Combined TRACON& Tower with Radar,102,39,40,15,196,0,3,14,0,17,102,42,54,15,213,0,0,0,213
12/17/2022,TUL,OK,ASW,CE,Combined TRACON& Tower with Radar,83,36,19,4,142,0,3,22,0,25,83,39,41,4,167,0,0,0,167
12/18/2022,TUL,OK,ASW,CE,Combined TRACON& Tower with Radar,90,44,19,0,153,0,5,17,0,22,90,49,36,0,175,14,0,14,189
12/19/2022,TUL,OK,ASW,CE,Combined TRACON& Tower with Radar,92,42,38,51,223,0,2,17,2,21,92,44,55,53,244,0,24,24,268
12/20/2022,TUL,OK,ASW,CE,Combined TRACON& Tower with Radar,100,38,37,78,253,0,2,4,11,17,100,40,41,89,270,0,24,24,294
12/21/2022,TUL,OK,ASW,CE,Combined TRACON& Tower with Radar,101,41,51,56,249,0,4,11,8,23,101,45,62,64,272,0,0,0,272
12/22/2022,TUL,OK,ASW,CE,Combined TRACON& Tower with Radar,70,26,11,0,107,0,2,0,0,2,70,28,11,0,109,0,0,0,109
12/23/2022,TUL,OK,ASW,CE,Combined TRACON& Tower with Radar,76,26,24,0,126,0,2,11,0,13,76,28,35,0,139,0,0,0,139
12/24/2022,TUL,OK,ASW,CE,Combined TRACON& Tower with Radar,45,26,5,0,76,0,1,7,0,8,45,27,12,0,84,2,0,2,86
12/25/2022,TUL,OK,ASW,CE,Combined TRACON& Tower with Radar,47,16,6,0,69,0,0,3,0,3,47,16,9,0,72,0,0,0,72
12/26/2022,TUL,OK,ASW,CE,Combined TRACON& Tower with Radar,51,45,40,0,136,0,0,4,0,4,51,45,44,0,140,0,0,0,140
12/27/2022,TUL,OK,ASW,CE,Combined TRACON& Tower with Radar,79,47,50,4,180,0,5,13,2,20,79,52,63,6,200,0,0,0,200
12/28/2022,TUL,OK,ASW,CE,Combined TRACON& Tower with Radar,69,44,32,2,147,0,3,16,2,21,69,47,48,4,168,0,4,4,172
12/29/2022,TUL,OK,ASW,CE,Combined TRACON& Tower with Radar,74,26,28,11,139,0,1,9,1,11,74,27,37,12,150,8,10,18,168
12/30/2022,TUL,OK,ASW,CE,Combined TRACON& Tower with Radar,93,37,32,0,162,0,3,23,1,27,93,40,55,1,189,0,0,0,189
12/31/2022,TUL,OK,ASW,CE,Combined TRACON& Tower with Radar,63,28,15,0,106,0,14,11,0,25,63,42,26,0,131,4,0,4,135
01/01/2023,TUL,OK,ASW,CE,Combined TRACON& Tower with Radar,69,31,22,0,122,0,1,19,0,20,69,32,41,0,142,6,0,6,148
01/02/2023,TUL,OK,ASW,CE,Combined TRACON& Tower with Radar,77,39,34,0,150,0,1,4,0,5,77,40,38,0,155,0,0,0,155
01/03/2023,TUL,OK,ASW,CE,Combined TRACON& Tower with Radar,99,35,44,12,190,0,1,16,2,19,99,36,60,14,209,4,10,14,223
01/04/2023,TUL,OK,ASW,CE,Combined TRACON& Tower with Radar,95,40,36,30,201,0,3,18,10,31,95,43,54,40,232,26,20,46,278
01/05/2023,TUL,OK,ASW,CE,Combined TRACON& Tower with Radar,92,34,23,62,211,0,7,32,8,47,92,41,55,70,258,33,110,143,401
01/06/2023,TUL,OK,ASW,CE,Combined TRACON& Tower with Radar,88,35,35,52,210,0,15,25,6,46,88,50,60,58,256,26,30,56,312
01/07/2023,TUL,OK,ASW,CE,Combined TRACON& Tower with Radar,75,18,28,36,157,0,2,8,2,12,75,20,36,38,169,0,16,16,185
01/08/2023,TUL,OK,ASW,CE,Combined TRACON& Tower with Radar,81,26,24,26,157,0,3,16,0,19,81,29,40,26,176,14,14,28,204
01/09/2023,TUL,OK,ASW,CE,Combined TRACON& Tower with Radar,92,27,37,35,191,0,3,24,9,36,92,30,61,44,227,2,20,22,249
01/10/2023,TUL,OK,ASW,CE,Combined TRACON& Tower with Radar,93,26,30,67,216,0,1,21,7,29,93,27,51,74,245,16,36,52,297
01/11/2023,TUL,OK,ASW,CE,Combined TRACON& Tower with Radar,81,31,50,72,234,0,7,27,4,38,81,38,77,76,272,30,20,50,322
01/12/2023,TUL,OK,ASW,CE,Combined TRACON& Tower with Radar,94,48,45,22,209,0,0,2,2,4,94,48,47,24,213,0,6,6,219
01/13/2023,TUL,OK,ASW,CE,Combined TRACON& Tower with Radar,96,29,45,27,197,0,5,16,2,23,96,34,61,29,220,6,0,6,226
01/14/2023,TUL,OK,ASW,CE,Combined TRACON& Tower with Radar,64,18,21,3,106,0,1,19,0,20,64,19,40,3,126,0,2,2,128
01/15/2023,TUL,OK,ASW,CE,Combined TRACON& Tower with Radar,82,24,48,2,156,0,2,2,0,4,82,26,50,2,160,0,0,0,160
01/16/2023,TUL,OK,ASW,CE,Combined TRACON& Tower with Radar,84,32,28,0,144,0,2,11,0,13,84,34,39,0,157,12,0,12,169
01/17/2023,TUL,OK,ASW,CE,Combined TRACON& Tower with Radar,92,34,44,80,250,0,5,29,0,34,92,39,73,80,284,26,42,68,352
01/18/2023,TUL,OK,ASW,CE,Combined TRACON& Tower with Radar,90,39,57,74,260,0,0,18,11,29,90,39,75,85,289,8,40,48,337
01/19/2023,TUL,OK,ASW,CE,Combined TRACON& Tower with Radar,94,39,44,30,207,2,12,17,11,42,96,51,61,41,249,0,28,28,277
01/20/2023,TUL,OK,ASW,CE,Combined TRACON& Tower with Radar,101,30,27,86,244,0,6,49,18,73,101,36,76,104,317,16,98,114,431
01/21/2023,TUL,OK,ASW,CE,Combined TRACON& Tower with Radar,71,18,13,1,103,0,2,7,3,12,71,20,20,4,115,4,24,28,143
01/22/2023,TUL,OK,ASW,CE,Combined TRACON& Tower with Radar,83,24,22,6,135,0,6,1,0,7,83,30,23,6,142,10,0,10,152
01/23/2023,TUL,OK,ASW,CE,Combined TRACON& Tower with Radar,92,48,32,63,235,0,5,42,3,50,92,53,74,66,285,22,64,86,371
01/24/2023,TUL,OK,ASW,CE,Combined TRACON& Tower with Radar,91,23,23,4,141,0,0,0,0,0,91,23,23,4,141,0,0,0,141
01/25/2023,TUL,OK,ASW,CE,Combined TRACON& Tower with Radar,82,42,44,8,176,0,2,10,4,16,82,44,54,12,192,0,2,2,194
01/26/2023,TUL,OK,ASW,CE,Combined TRACON& Tower with Radar,102,31,45,28,206,0,5,40,3,48,102,36,85,31,254,0,0,0,254
01/27/2023,TUL,OK,ASW,CE,Combined TRACON& Tower with Radar,98,29,43,29,199,0,8,33,5,46,98,37,76,34,245,0,16,16,261
01/28/2023,TUL,OK,ASW,CE,Combined TRACON& Tower with Radar,65,24,30,0,119,0,1,5,0,6,65,25,35,0,125,0,0,0,125
01/29/2023,TUL,OK,ASW,CE,Combined TRACON& Tower with Radar,83,13,19,0,115,0,0,0,0,0,83,13,19,0,115,0,0,0,115
01/30/2023,TUL,OK,ASW,CE,Combined TRACON& Tower with Radar,81,27,29,1,138,0,1,0,0,1,81,28,29,1,139,0,0,0,139
01/31/2023,TUL,OK,ASW,CE,Combined TRACON& Tower with Radar,72,34,27,1,134,0,0,3,0,3,72,34,30,1,137,0,0,0,137
02/01/2023,TUL,OK,ASW,CE,Combined TRACON& Tower with Radar,60,33,43,35,171,0,0,16,11,27,60,33,59,46,198,0,6,6,204
02/02/2023,TUL,OK,ASW,CE,Combined TRACON& Tower with Radar,94,41,30,25,190,0,4,9,3,16,94,45,39,28,206,0,12,12,218
02/03/2023,TUL,OK,ASW,CE,Combined TRACON& Tower with Radar,97,37,41,40,215,0,5,28,4,37,97,42,69,44,252,8,8,16,268
02/04/2023,TUL,OK,ASW,CE,Combined TRACON& Tower with Radar,76,22,19,32,149,0,5,9,5,19,76,27,28,37,168,0,38,38,206
02/05/2023,TUL,OK,ASW,CE,Combined TRACON& Tower with Radar,83,29,37,11,160,0,4,32,5,41,83,33,69,16,201,4,20,24,225
02/06/2023,TUL,OK,ASW,CE,Combined TRACON& Tower with Radar,98,23,45,35,201,0,2,15,1,18,98,25,60,36,219,2,6,8,227
02/07/2023,TUL,OK,ASW,CE,Combined TRACON& Tower with Radar,97,28,29,23,177,0,3,2,2,7,97,31,31,25,184,4,22,26,210
02/08/2023,TUL,OK,ASW,CE,Combined TRACON& Tower with Radar,98,54,41,1,194,0,0,0,0,0,98,54,41,1,194,0,0,0,194
02/09/2023,TUL,OK,ASW,CE,Combined TRACON& Tower with Radar,99,37,45,34,215,0,2,25,7,34,99,39,70,41,249,4,50,54,303
02/10/2023,TUL,OK,ASW,CE,Combined TRACON& Tower with Radar,97,33,40,7,177,0,3,6,1,10,97,36,46,8,187,0,6,6,193
02/11/2023,TUL,OK,ASW,CE,Combined TRACON& Tower with Radar,87,16,19,20,142,0,3,36,3,42,87,19,55,23,184,6,12,18,202
02/12/2023,TUL,OK,ASW,CE,Combined TRACON& Tower with Radar,90,16,16,2,124,0,2,10,0,12,90,18,26,2,136,0,0,0,136
02/13/2023,TUL,OK,ASW,CE,Combined TRACON& Tower with Radar,92,29,44,57,222,0,6,20,12,38,92,35,64,69,260,2,20,22,282
02/14/2023,TUL,OK,ASW,CE,Combined TRACON& Tower with Radar,100,37,22,6,165,0,0,5,2,7,100,37,27,8,172,0,0,0,172
02/15/2023,TUL,OK,ASW,CE,Combined TRACON& Tower with Radar,102,37,49,46,234,0,3,17,7,27,102,40,66,53,261,0,16,16,277
02/16/2023,TUL,OK,ASW,CE,Combined TRACON& Tower with Radar,101,39,53,56,249,0,4,8,3,15,101,43,61,59,264,18,38,56,320
02/17/2023,TUL,OK,ASW,CE,Combined TRACON& Tower with Radar,105,45,39,66,255,0,6,38,19,63,105,51,77,85,318,6,64,70,388
02/18/2023,TUL,OK,ASW,CE,Combined TRACON& Tower with Radar,81,25,30,0,136,0,8,20,0,28,81,33,50,0,164,16,0,16,180
02/19/2023,TUL,OK,ASW,CE,Combined TRACON& Tower with Radar,88,33,29,46,196,0,5,23,0,28,88,38,52,46,224,0,0,0,224
02/20/2023,TUL,OK,ASW,CE,Combined TRACON& Tower with Radar,99,33,44,0,176,0,6,26,1,33,99,39,70,1,209,0,0,0,209
02/21/2023,TUL,OK,ASW,CE,Combined TRACON& Tower with Radar,101,52,55,117,325,0,8,14,10,32,101,60,69,127,357,0,38,38,395
02/22/2023,TUL,OK,ASW,CE,Combined TRACON& Tower with Radar,102,37,36,67,242,0,1,6,8,15,102,38,42,75,257,14,18,32,289
02/23/2023,TUL,OK,ASW,CE,Combined TRACON& Tower with Radar,100,44,51,44,239,0,4,38,10,52,100,48,89,54,291,42,28,70,361
02/24/2023,TUL,OK,ASW,CE,Combined TRACON& Tower with Radar,104,72,47,8,231,0,2,20,6,28,104,74,67,14,259,28,8,36,295
02/25/2023,TUL,OK,ASW,CE,Combined TRACON& Tower with Radar,81,31,26,7,145,0,0,0,0,0,81,31,26,7,145,0,0,0,145
02/26/2023,TUL,OK,ASW,CE,Combined TRACON& Tower with Radar,84,42,26,0,152,0,0,0,0,0,84,42,26,0,152,0,0,0,152
02/27/2023,TUL,OK,ASW,CE,Combined TRACON& Tower with Radar,118,34,39,26,217,0,3,26,8,37,118,37,65,34,254,14,24,38,292
02/28/2023,TUL,OK,ASW,CE,Combined TRACON& Tower with Radar,99,44,39,19,201,0,6,22,8,36,99,50,61,27,237,0,12,12,249
03/01/2023,TUL,OK,ASW,CE,Combined TRACON& Tower with Radar,101,35,62,16,214,0,13,30,1,44,101,48,92,17,258,36,14,50,308
03/02/2023,TUL,OK,ASW,CE,Combined TRACON& Tower with Radar,92,55,38,6,191,0,4,11,2,17,92,59,49,8,208,12,22,34,242
03/03/2023,TUL,OK,ASW,CE,Combined TRACON& Tower with Radar,111,35,55,6,207,0,0,18,5,23,111,35,73,11,230,6,14,20,250
03/04/2023,TUL,OK,ASW,CE,Combined TRACON& Tower with Radar,80,55,34,21,190,0,7,24,5,36,80,62,58,26,226,0,22,22,248
03/05/2023,TUL,OK,ASW,CE,Combined TRACON& Tower with Radar,86,41,22,2,151,0,3,20,1,24,86,44,42,3,175,12,24,36,211
03/06/2023,TUL,OK,ASW,CE,Combined TRACON& Tower with Radar,104,27,42,21,194,0,8,29,1,38,104,35,71,22,232,4,24,28,260
03/07/2023,TUL,OK,ASW,CE,Combined TRACON& Tower with Radar,95,26,29,28,178,0,2,15,2,19,95,28,44,30,197,2,64,66,263
03/08/2023,TUL,OK,ASW,CE,Combined TRACON& Tower with Radar,98,40,61,6,205,0,0,1,0,1,98,40,62,6,206,0,0,0,206
03/09/2023,TUL,OK,ASW,CE,Combined TRACON& Tower with Radar,103,34,33,0,170,0,2,2,1,5,103,36,35,1,175,0,0,0,175
03/10/2023,TUL,OK,ASW,CE,Combined TRACON& Tower with Radar,115,52,44,21,232,0,15,30,7,52,115,67,74,28,284,8,22,30,314
03/11/2023,TUL,OK,ASW,CE,Combined TRACON& Tower with Radar,80,47,34,4,165,0,0,5,0,5,80,47,39,4,170,0,0,0,170
03/12/2023,TUL,OK,ASW,CE,Combined TRACON& Tower with Radar,86,55,44,4,189,0,1,9,2,12,86,56,53,6,201,0,0,0,201
03/13/2023,TUL,OK,ASW,CE,Combined TRACON& Tower with Radar,102,37,35,31,205,0,6,34,3,43,102,43,69,34,248,38,22,60,308
03/14/2023,TUL,OK,ASW,CE,Combined TRACON& Tower with Radar,99,39,37,31,206,0,5,44,3,52,99,44,81,34,258,28,0,28,286
03/15/2023,TUL,OK,ASW,CE,Combined TRACON& Tower with Radar,100,36,41,62,239,0,6,22,5,33,100,42,63,67,272,2,36,38,310
03/16/2023,TUL,OK,ASW,CE,Combined TRACON& Tower with Radar,102,35,43,9,189,0,0,3,1,4,102,35,46,10,193,0,0,0,193
03/17/2023,TUL,OK,ASW,CE,Combined TRACON& Tower with Radar,105,49,54,35,243,0,8,13,13,34,105,57,67,48,277,2,8,10,287
03/18/2023,TUL,OK,ASW,CE,Combined TRACON& Tower with Radar,86,49,42,0,177,0,4,26,0,30,86,53,68,0,207,0,0,0,207
03/19/2023,TUL,OK,ASW,CE,Combined TRACON& Tower with Radar,86,61,51,9,207,0,4,10,0,14,86,65,61,9,221,0,0,0,221
03/20/2023,TUL,OK,ASW,CE,Combined TRACON& Tower with Radar,100,34,29,42,205,0,7,10,3,20,100,41,39,45,225,0,70,70,295
03/21/2023,TUL,OK,ASW,CE,Combined TRACON& Tower with Radar,98,37,60,23,218,0,0,0,2,2,98,37,60,25,220,0,28,28,248
03/22/2023,TUL,OK,ASW,CE,Combined TRACON& Tower with Radar,100,57,38,17,212,0,3,11,6,20,100,60,49,23,232,8,24,32,264
03/23/2023,TUL,OK,ASW,CE,Combined TRACON& Tower with Radar,98,44,45,5,192,0,3,5,0,8,98,47,50,5,200,4,34,38,238
03/24/2023,TUL,OK,ASW,CE,Combined TRACON& Tower with Radar,103,53,21,6,183,0,0,1,0,1,103,53,22,6,184,0,0,0,184
03/25/2023,TUL,OK,ASW,CE,Combined TRACON& Tower with Radar,81,34,31,14,160,0,5,30,2,37,81,39,61,16,197,0,14,14,211
03/26/2023,TUL,OK,ASW,CE,Combined TRACON& Tower with Radar,79,30,21,10,140,0,5,27,6,38,79,35,48,16,178,40,10,50,228
03/27/2023,TUL,OK,ASW,CE,Combined TRACON& Tower with Radar,103,38,37,45,223,0,16,8,4,28,103,54,45,49,251,2,10,12,263
03/28/2023,TUL,OK,ASW,CE,Combined TRACON& Tower with Radar,96,39,30,26,191,0,12,20,5,37,96,51,50,31,228,0,152,152,380
03/29/2023,TUL,OK,ASW,CE,Combined TRACON& Tower with Radar,100,28,49,54,231,0,7,39,3,49,100,35,88,57,280,18,24,42,322
03/30/2023,TUL,OK,ASW,CE,Combined TRACON& Tower with Radar,99,31,35,27,192,0,0,6,4,10,99,31,41,31,202,10,6,16,218
03/31/2023,TUL,OK,ASW,CE,Combined TRACON& Tower with Radar,104,34,34,4,176,0,0,0,0,0,104,34,34,4,176,0,0,0,176
04/01/2023,TUL,OK,ASW,CE,Combined TRACON& Tower with Radar,85,35,27,16,163,0,8,21,4,33,85,43,48,20,196,40,18,58,254
04/02/2023,TUL,OK,ASW,CE,Combined TRACON& Tower with Radar,84,33,28,17,162,0,2,5,1,8,84,35,33,18,170,0,6,6,176
04/03/2023,TUL,OK,ASW,CE,Combined TRACON& Tower with Radar,102,24,36,51,213,0,2,21,1,24,102,26,57,52,237,2,4,6,243
04/04/2023,TUL,OK,ASW,CE,Combined TRACON& Tower with Radar,94,24,42,52,212,0,0,3,2,5,94,24,45,54,217,0,20,20,237
04/05/2023,TUL,OK,ASW,CE,Combined TRACON& Tower with Radar,100,24,46,107,277,0,0,22,5,27,100,24,68,112,304,0,86,86,390
04/06/2023,TUL,OK,ASW,CE,Combined TRACON& Tower with Radar,106,44,43,38,231,0,12,23,9,44,106,56,66,47,275,8,54,62,337
04/07/2023,TUL,OK,ASW,CE,Combined TRACON& Tower with Radar,107,33,24,34,198,0,8,26,1,35,107,41,50,35,233,30,12,42,275
04/08/2023,TUL,OK,ASW,CE,Combined TRACON& Tower with Radar,83,22,18,12,135,0,4,31,0,35,83,26,49,12,170,64,0,64,234
04/09/2023,TUL,OK,ASW,CE,Combined TRACON& Tower with Radar,85,23,8,0,116,0,1,8,0,9,85,24,16,0,125,10,0,10,135
04/10/2023,TUL,OK,ASW,CE,Combined TRACON& Tower with Radar,104,30,44,52,230,0,3,14,5,22,104,33,58,57,252,0,28,28,280
04/11/2023,TUL,OK,ASW,CE,Combined TRACON& Tower with Radar,102,36,30,56,224,0,1,19,5,25,102,37,49,61,249,8,92,100,349
04/12/2023,TUL,OK,ASW,CE,Combined TRACON& Tower with Radar,104,44,39,58,245,0,3,33,7,43,104,47,72,65,288,2,80,82,370
04/13/2023,TUL,OK,ASW,CE,Combined TRACON& Tower with Radar,101,46,61,49,257,0,1,16,18,35,101,47,77,67,292,28,44,72,364
04/14/2023,TUL,OK,ASW,CE,Combined TRACON& Tower with Radar,110,31,39,35,215,0,3,26,3,32,110,34,65,38,247,0,46,46,293
04/15/2023,TUL,OK,ASW,CE,Combined TRACON& Tower with Radar,87,19,27,0,133,0,0,5,0,5,87,19,32,0,138,0,0,0,138
04/16/2023,TUL,OK,ASW,CE,Combined TRACON& Tower with Radar,89,24,21,0,134,0,2,12,1,15,89,26,33,1,149,6,0,6,155
04/17/2023,TUL,OK,ASW,CE,Combined TRACON& Tower with Radar,110,32,35,73,250,0,6,24,5,35,110,38,59,78,285,16,28,44,329
04/18/2023,TUL,OK,ASW,CE,Combined TRACON& Tower with Radar,105,24,50,82,261,0,2,8,4,14,105,26,58,86,275,8,12,20,295
04/19/2023,TUL,OK,ASW,CE,Combined TRACON& Tower with Radar,105,31,39,54,229,0,3,3,3,9,105,34,42,57,238,0,118,118,356
04/20/2023,TUL,OK,ASW,CE,Combined TRACON& Tower with Radar,112,36,34,32,214,0,7,11,8,26,112,43,45,40,240,32,0,32,272
04/21/2023,TUL,OK,ASW,CE,Combined TRACON& Tower with Radar,116,41,41,16,214,0,9,12,3,24,116,50,53,19,238,10,20,30,268
04/22/2023,TUL,OK,ASW,CE,Combined TRACON& Tower with Radar,87,26,24,6,143,0,2,21,2,25,87,28,45,8,168,28,0,28,196
04/23/2023,TUL,OK,ASW,CE,Combined TRACON& Tower with Radar,88,25,35,0,148,0,4,15,0,19,88,29,50,0,167,4,0,4,171
04/24/2023,TUL,OK,ASW,CE,Combined TRACON& Tower with Radar,110,32,30,88,260,0,3,16,17,36,110,35,46,105,296,6,90,96,392
04/25/2023,TUL,OK,ASW,CE,Combined TRACON& Tower with Radar,102,28,31,15,176,0,1,3,0,4,102,29,34,15,180,0,0,0,180
04/26/2023,TUL,OK,ASW,CE,Combined TRACON& Tower with Radar,94,25,33,10,162,0,0,1,0,1,94,25,34,10,163,0,0,0,163
04/27/2023,TUL,OK,ASW,CE,Combined TRACON& Tower with Radar,106,32,48,30,216,0,0,0,0,0,106,32,48,30,216,0,8,8,224
04/28/2023,TUL,OK,ASW,CE,Combined TRACON& Tower with Radar,111,39,29,3,182,0,1,5,3,9,111,40,34,6,191,28,14,42,233
04/29/2023,TUL,OK,ASW,CE,Combined TRACON& Tower with Radar,91,29,30,8,158,0,7,19,1,27,91,36,49,9,185,28,0,28,213
04/30/2023,TUL,OK,ASW,CE,Combined TRACON& Tower with Radar,88,19,25,4,136,0,7,4,0,11,88,26,29,4,147,6,0,6,153
05/01/2023,TUL,OK,ASW,CE,Combined TRACON& Tower with Radar,107,32,26,68,233,0,2,21,6,29,107,34,47,74,262,0,58,58,320
05/02/2023,TUL,OK,ASW,CE,Combined TRACON& Tower with Radar,100,28,43,23,194,0,2,31,3,36,100,30,74,26,230,10,42,52,282
05/03/2023,TUL,OK,ASW,CE,Combined TRACON& Tower with Radar,104,29,53,54,240,0,8,28,9,45,104,37,81,63,285,10,48,58,343
05/04/2023,TUL,OK,ASW,CE,Combined TRACON& Tower with Radar,101,38,54,0,193,0,0,3,0,3,101,38,57,0,196,6,0,6,202
05/05/2023,TUL,OK,ASW,CE,Combined TRACON& Tower with Radar,108,33,28,25,194,0,0,5,2,7,108,33,33,27,201,0,0,0,201
05/06/2023,TUL,OK,ASW,CE,Combined TRACON& Tower with Radar,88,19,23,10,140,0,0,7,1,8,88,19,30,11,148,0,0,0,148
05/07/2023,TUL,OK,ASW,CE,Combined TRACON& Tower with Radar,85,33,24,18,160,0,4,4,1,9,85,37,28,19,169,0,0,0,169
05/08/2023,TUL,OK,ASW,CE,Combined TRACON& Tower with Radar,107,26,22,41,196,0,6,28,4,38,107,32,50,45,234,0,0,0,234
05/09/2023,TUL,OK,ASW,CE,Combined TRACON& Tower with Radar,106,43,53,24,226,0,1,7,2,10,106,44,60,26,236,0,0,0,236
05/10/2023,TUL,OK,ASW,CE,Combined TRACON& Tower with Radar,101,36,37,26,200,0,1,13,2,16,101,37,50,28,216,0,0,0,216
05/11/2023,TUL,OK,ASW,CE,Combined TRACON& Tower with Radar,102,49,32,15,198,0,0,6,1,7,102,49,38,16,205,0,0,0,205
05/12/2023,TUL,OK,ASW,CE,Combined TRACON& Tower with Radar,110,44,33,12,199,0,0,6,3,9,110,44,39,15,208,0,0,0,208
05/13/2023,TUL,OK,ASW,CE,Combined TRACON& Tower with Radar,84,36,15,0,135,0,0,6,0,6,84,36,21,0,141,0,0,0,141
05/14/2023,TUL,OK,ASW,CE,Combined TRACON& Tower with Radar,89,33,27,0,149,0,0,1,0,1,89,33,28,0,150,0,0,0,150
05/15/2023,TUL,OK,ASW,CE,Combined TRACON& Tower with Radar,104,33,41,16,194,0,0,3,0,3,104,33,44,16,197,0,0,0,197
05/16/2023,TUL,OK,ASW,CE,Combined TRACON& Tower with Radar,102,41,38,24,205,0,0,7,5,12,102,41,45,29,217,0,14,14,231
05/17/2023,TUL,OK,ASW,CE,Combined TRACON& Tower with Radar,106,34,52,32,224,0,4,13,3,20,106,38,65,35,244,4,40,44,288
05/18/2023,TUL,OK,ASW,CE,Combined TRACON& Tower with Radar,103,47,71,55,276,0,3,28,7,38,103,50,99,62,314,12,34,46,360
05/19/2023,TUL,OK,ASW,CE,Combined TRACON& Tower with Radar,111,34,25,0,170,0,0,0,0,0,111,34,25,0,170,0,0,0,170
05/20/2023,TUL,OK,ASW,CE,Combined TRACON& Tower with Radar,103,34,24,17,178,0,6,37,2,45,103,40,61,19,223,54,4,58,281
05/21/2023,TUL,OK,ASW,CE,Combined TRACON& Tower with Radar,89,31,36,14,170,0,8,21,1,30,89,39,57,15,200,14,6,20,220
05/22/2023,TUL,OK,ASW,CE,Combined TRACON& Tower with Radar,110,36,40,49,235,0,11,19,4,34,110,47,59,53,269,0,28,28,297
05/23/2023,TUL,OK,ASW,CE,Combined TRACON& Tower with Radar,99,35,41,16,191,0,0,22,3,25,99,35,63,19,216,0,14,14,230
05/24/2023,TUL,OK,ASW,CE,Combined TRACON& Tower with Radar,102,45,40,20,207,0,6,15,3,24,102,51,55,23,231,24,46,70,301
05/25/2023,TUL,OK,ASW,CE,Combined TRACON& Tower with Radar,104,41,47,30,222,0,2,19,4,25,104,43,66,34,247,14,40,54,301
05/26/2023,TUL,OK,ASW,CE,Combined TRACON& Tower with Radar,116,34,29,0,179,0,2,28,5,35,116,36,57,5,214,30,20,50,264
05/27/2023,TUL,OK,ASW,CE,Combined TRACON& Tower with Radar,90,26,15,0,131,0,11,14,0,25,90,37,29,0,156,66,0,66,222
05/28/2023,TUL,OK,ASW,CE,Combined TRACON& Tower with Radar,84,17,13,2,116,0,4,8,0,12,84,21,21,2,128,14,0,14,142
05/29/2023,TUL,OK,ASW,CE,Combined TRACON& Tower with Radar,101,21,14,0,136,0,6,5,0,11,101,27,19,0,147,2,0,2,149
05/30/2023,TUL,OK,ASW,CE,Combined TRACON& Tower with Radar,100,38,39,17,194,0,9,24,0,33,100,47,63,17,227,52,20,72,299
05/31/2023,TUL,OK,ASW,CE,Combined TRACON& Tower with Radar,114,51,50,57,272,0,10,22,6,38,114,61,72,63,310,48,118,166,476
06/01/2023,TUL,OK,ASW,CE,Combined TRACON& Tower with Radar,105,34,46,34,219,0,6,16,14,36,105,40,62,48,255,2,60,62,317
06/02/2023,TUL,OK,ASW,CE,Combined TRACON& Tower with Radar,113,24,26,71,234,0,7,19,8,34,113,31,45,79,268,34,66,100,368
06/03/2023,TUL,OK,ASW,CE,Combined TRACON& Tower with Radar,95,24,23,13,155,0,4,2,1,7,95,28,25,14,162,14,36,50,212
06/04/2023,TUL,OK,ASW,CE,Combined TRACON& Tower with Radar,104,27,18,22,171,0,8,9,1,18,104,35,27,23,189,40,24,64,253
06/05/2023,TUL,OK,ASW,CE,Combined TRACON& Tower with Radar,112,30,37,69,248,0,5,19,6,30,112,35,56,75,278,0,70,70,348
06/06/2023,TUL,OK,ASW,CE,Combined TRACON& Tower with Radar,113,25,39,17,194,0,6,24,3,33,113,31,63,20,227,0,32,32,259
06/07/2023,TUL,OK,ASW,CE,Combined TRACON& Tower with Radar,113,33,53,76,275,0,6,24,17,47,113,39,77,93,322,16,54,70,392
06/08/2023,TUL,OK,ASW,CE,Combined TRACON& Tower with Radar,111,31,34,67,243,0,7,24,7,38,111,38,58,74,281,28,26,54,335
06/09/2023,TUL,OK,ASW,CE,Combined TRACON& Tower with Radar,119,32,36,6,193,0,7,33,0,40,119,39,69,6,233,24,16,40,273
06/10/2023,TUL,OK,ASW,CE,Combined TRACON& Tower with Radar,89,23,28,2,142,0,10,7,0,17,89,33,35,2,159,8,0,8,167
06/11/2023,TUL,OK,ASW,CE,Combined TRACON& Tower with Radar,125,54,35,24,238,1,12,22,3,38,126,66,57,27,276,2,2,4,280
06/12/2023,TUL,OK,ASW,CE,Combined TRACON& Tower with Radar,122,50,48,24,244,0,2,13,3,18,122,52,61,27,262,8,44,52,314
06/13/2023,TUL,OK,ASW,CE,Combined TRACON& Tower with Radar,113,37,40,30,220,0,5,30,9,44,113,42,70,39,264,4,60,64,328
06/14/2023,TUL,OK,ASW,CE,Combined TRACON& Tower with Radar,114,37,55,87,293,0,5,18,8,31,114,42,73,95,324,14,36,50,374
06/15/2023,TUL,OK,ASW,CE,Combined TRACON& Tower with Radar,110,38,37,44,229,0,2,35,13,50,110,40,72,57,279,34,40,74,353
06/16/2023,TUL,OK,ASW,CE,Combined TRACON& Tower with Radar,120,40,31,25,216,0,4,35,9,48,120,44,66,34,264,2,12,14,278
06/17/2023,TUL,OK,ASW,CE,Combined TRACON& Tower with Radar,95,24,22,1,142,0,8,17,2,27,95,32,39,3,169,24,0,24,193
06/18/2023,TUL,OK,ASW,CE,Combined TRACON& Tower with Radar,108,25,18,0,151,0,4,11,0,15,108,29,29,0,166,0,0,0,166
06/19/2023,TUL,OK,ASW,CE,Combined TRACON& Tower with Radar,111,38,35,1,185,0,7,23,2,32,111,45,58,3,217,16,0,16,233
06/20/2023,TUL,OK,ASW,CE,Combined TRACON& Tower with Radar,119,47,38,69,273,0,1,21,6,28,119,48,59,75,301,22,38,60,361
06/21/2023,TUL,OK,ASW,CE,Combined TRACON& Tower with Radar,118,37,30,24,209,0,3,23,0,26,118,40,53,24,235,20,0,20,255
06/22/2023,TUL,OK,ASW,CE,Combined TRACON& Tower with Radar,116,40,43,102,301,0,12,28,18,58,116,52,71,120,359,70,72,142,501
06/23/2023,TUL,OK,ASW,CE,Combined TRACON& Tower with Radar,126,32,32,33,223,0,12,13,7,32,126,44,45,40,255,38,84,122,377
06/24/2023,TUL,OK,ASW,CE,Combined TRACON& Tower with Radar,97,30,27,8,162,0,10,9,6,25,97,40,36,14,187,20,18,38,225
06/25/2023,TUL,OK,ASW,CE,Combined TRACON& Tower with Radar,105,22,36,5,168,0,10,14,0,24,105,32,50,5,192,20,0,20,212
06/26/2023,TUL,OK,ASW,CE,Combined TRACON& Tower with Radar,116,21,37,25,199,0,9,18,2,29,116,30,55,27,228,16,24,40,268
06/27/2023,TUL,OK,ASW,CE,Combined TRACON& Tower with Radar,107,25,45,10,187,0,6,18,4,28,107,31,63,14,215,0,20,20,235
06/28/2023,TUL,OK,ASW,CE,Combined TRACON& Tower with Radar,109,36,46,98,289,0,17,17,9,43,109,53,63,107,332,58,70,128,460
06/29/2023,TUL,OK,ASW,CE,Combined TRACON& Tower with Radar,116,36,53,65,270,0,23,17,10,50,116,59,70,75,320,96,52,148,468
06/30/2023,TUL,OK,ASW,CE,Combined TRACON& Tower with Radar,123,36,47,41,247,0,14,29,6,49,123,50,76,47,296,12,34,46,342
07/01/2023,TUL,OK,ASW,CE,Combined TRACON& Tower with Radar,97,21,23,0,141,0,12,10,0,22,97,33,33,0,163,78,0,78,241
07/02/2023,TUL,OK,ASW,CE,Combined TRACON& Tower with Radar,93,17,17,0,127,0,3,16,0,19,93,20,33,0,146,18,2,20,166
07/03/2023,TUL,OK,ASW,CE,Combined TRACON& Tower with Radar,96,23,17,2,138,0,8,5,2,15,96,31,22,4,153,36,4,40,193
07/04/2023,TUL,OK,ASW,CE,Combined TRACON& Tower with Radar,85,14,4,0,103,0,3,9,0,12,85,17,13,0,115,0,0,0,115
07/05/2023,TUL,OK,ASW,CE,Combined TRACON& Tower with Radar,102,22,20,9,153,0,11,14,3,28,102,33,34,12,181,24,24,48,229
07/06/2023,TUL,OK,ASW,CE,Combined TRACON& Tower with Radar,108,43,31,12,194,0,7,10,3,20,108,50,41,15,214,42,44,86,300
07/07/2023,TUL,OK,ASW,CE,Combined TRACON& Tower with Radar,122,43,26,12,203,0,2,3,0,5,122,45,29,12,208,0,124,124,332
07/08/2023,TUL,OK,ASW,CE,Combined TRACON& Tower with Radar,94,33,24,2,153,0,14,7,0,21,94,47,31,2,174,72,0,72,246
07/09/2023,TUL,OK,ASW,CE,Combined TRACON& Tower with Radar,97,29,17,4,147,0,0,8,2,10,97,29,25,6,157,4,0,4,161
07/10/2023,TUL,OK,ASW,CE,Combined TRACON& Tower with Radar,114,27,44,54,239,0,15,32,7,54,114,42,76,61,293,84,30,114,407
07/11/2023,TUL,OK,ASW,CE,Combined TRACON& Tower with Radar,112,27,43,48,230,0,6,26,2,34,112,33,69,50,264,10,22,32,296
07/12/2023,TUL,OK,ASW,CE,Combined TRACON& Tower with Radar,108,34,45,40,227,0,11,28,3,42,108,45,73,43,269,32,6,38,307
07/13/2023,TUL,OK,ASW,CE,Combined TRACON& Tower with Radar,114,29,50,34,227,0,5,23,5,33,114,34,73,39,260,8,26,34,294
07/14/2023,TUL,OK,ASW,CE,Combined TRACON& Tower with Radar,120,36,48,19,223,0,6,15,2,23,120,42,63,21,246,18,52,70,316
07/15/2023,TUL,OK,ASW,CE,Combined TRACON& Tower with Radar,103,19,17,13,152,0,8,17,0,25,103,27,34,13,177,34,0,34,211
07/16/2023,TUL,OK,ASW,CE,Combined TRACON& Tower with Radar,104,31,28,8,171,0,7,13,0,20,104,38,41,8,191,38,0,38,229
07/17/2023,TUL,OK,ASW,CE,Combined TRACON& Tower with Radar,124,21,38,46,229,0,4,24,8,36,124,25,62,54,265,20,64,84,349
07/18/2023,TUL,OK,ASW,CE,Combined TRACON& Tower with Radar,109,32,34,67,242,0,12,29,14,55,109,44,63,81,297,26,32,58,355
07/19/2023,TUL,OK,ASW,CE,Combined TRACON& Tower with Radar,121,26,45,71,263,0,10,19,8,37,121,36,64,79,300,26,36,62,362
07/20/2023,TUL,OK,ASW,CE,Combined TRACON& Tower with Radar,109,40,46,51,246,0,17,26,8,51,109,57,72,59,297,32,42,74,371
07/21/2023,TUL,OK,ASW,CE,Combined TRACON& Tower with Radar,128,28,29,8,193,0,1,9,2,12,128,29,38,10,205,32,0,32,237
07/22/2023,TUL,OK,ASW,CE,Combined TRACON& Tower with Radar,99,32,25,5,161,0,8,35,0,43,99,40,60,5,204,14,0,14,218
07/23/2023,TUL,OK,ASW,CE,Combined TRACON& Tower with Radar,107,31,31,12,181,0,10,16,2,28,107,41,47,14,209,70,6,76,285
07/24/2023,TUL,OK,ASW,CE,Combined TRACON& Tower with Radar,118,40,40,41,239,0,11,14,3,28,118,51,54,44,267,36,50,86,353
07/25/2023,TUL,OK,ASW,CE,Combined TRACON& Tower with Radar,114,28,27,40,209,0,12,18,4,34,114,40,45,44,243,16,28,44,287
07/26/2023,TUL,OK,ASW,CE,Combined TRACON& Tower with Radar,122,38,46,53,259,0,4,26,10,40,122,42,72,63,299,48,56,104,403
07/27/2023,TUL,OK,ASW,CE,Combined TRACON& Tower with Radar,114,30,44,59,247,0,14,27,8,49,114,44,71,67,296,58,100,158,454
07/28/2023,TUL,OK,ASW,CE,Combined TRACON& Tower with Radar,112,49,38,75,274,0,5,20,12,37,112,54,58,87,311,16,36,52,363
07/29/2023,TUL,OK,ASW,CE,Combined TRACON& Tower with Radar,101,42,20,0,163,0,12,25,1,38,101,54,45,1,201,54,0,54,255
07/30/2023,TUL,OK,ASW,CE,Combined TRACON& Tower with Radar,104,47,24,3,178,0,9,15,1,25,104,56,39,4,203,46,0,46,249
07/31/2023,TUL,OK,ASW,CE,Combined TRACON& Tower with Radar,118,39,17,43,217,0,5,15,8,28,118,44,32,51,245,26,42,68,313
08/01/2023,TUL,OK,ASW,CE,Combined TRACON& Tower with Radar,115,32,32,50,229,0,5,29,8,42,115,37,61,58,271,14,18,32,303
08/02/2023,TUL,OK,ASW,CE,Combined TRACON& Tower with Radar,121,29,41,14,205,0,11,14,4,29,121,40,55,18,234,34,38,72,306
08/03/2023,TUL,OK,ASW,CE,Combined TRACON& Tower with Radar,119,25,43,28,215,0,8,23,4,35,119,33,66,32,250,52,70,122,372
08/04/2023,TUL,OK,ASW,CE,Combined TRACON& Tower with Radar,129,18,32,13,192,0,18,29,4,51,129,36,61,17,243,98,12,110,353
08/05/2023,TUL,OK,ASW,CE,Combined TRACON& Tower with Radar,99,20,23,0,142,0,7,13,0,20,99,27,36,0,162,54,0,54,216
08/06/2023,TUL,OK,ASW,CE,Combined TRACON& Tower with Radar,106,23,22,0,151,0,4,15,3,22,106,27,37,3,173,2,0,2,175
08/07/2023,TUL,OK,ASW,CE,Combined TRACON& Tower with Radar,121,25,28,15,189,0,14,16,2,32,121,39,44,17,221,60,24,84,305
08/08/2023,TUL,OK,ASW,CE,Combined TRACON& Tower with Radar,112,45,46,16,219,0,13,23,4,40,112,58,69,20,259,54,48,102,361
08/09/2023,TUL,OK,ASW,CE,Combined TRACON& Tower with Radar,116,46,48,45,255,0,9,11,2,22,116,55,59,47,277,74,44,118,395
08/10/2023,TUL,OK,ASW,CE,Combined TRACON& Tower with Radar,124,29,41,55,249,0,6,22,6,34,124,35,63,61,283,14,42,56,339
08/11/2023,TUL,OK,ASW,CE,Combined TRACON& Tower with Radar,129,34,37,68,268,0,9,30,10,49,129,43,67,78,317,10,46,56,373
08/12/2023,TUL,OK,ASW,CE,Combined TRACON& Tower with Radar,99,17,28,0,144,0,7,7,1,15,99,24,35,1,159,22,0,22,181
08/13/2023,TUL,OK,ASW,CE,Combined TRACON& Tower with Radar,102,21,30,2,155,0,4,11,0,15,102,25,41,2,170,12,0,12,182
08/14/2023,TUL,OK,ASW,CE,Combined TRACON& Tower with Radar,123,37,44,56,260,0,7,20,3,30,123,44,64,59,290,34,0,34,324
08/15/2023,TUL,OK,ASW,CE,Combined TRACON& Tower with Radar,115,29,50,27,221,0,7,26,7,40,115,36,76,34,261,78,36,114,375
08/16/2023,TUL,OK,ASW,CE,Combined TRACON& Tower with Radar,119,23,60,60,262,0,9,26,8,43,119,32,86,68,305,54,42,96,401
08/17/2023,TUL,OK,ASW,CE,Combined TRACON& Tower with Radar,119,24,47,42,232,0,1,26,13,40,119,25,73,55,272,2,34,36,308
08/18/2023,TUL,OK,ASW,CE,Combined TRACON& Tower with Radar,123,25,32,37,217,0,8,29,7,44,123,33,61,44,261,62,8,70,331
08/19/2023,TUL,OK,ASW,CE,Combined TRACON& Tower with Radar,95,16,26,12,149,0,7,19,0,26,95,23,45,12,175,54,12,66,241
08/20/2023,TUL,OK,ASW,CE,Combined TRACON& Tower with Radar,107,35,36,6,184,0,2,4,3,9,107,37,40,9,193,0,2,2,195
08/21/2023,TUL,OK,ASW,CE,Combined TRACON& Tower with Radar,120,29,31,10,190,0,9,24,6,39,120,38,55,16,229,0,0,0,229
08/22/2023,TUL,OK,ASW,CE,Combined TRACON& Tower with Radar,119,27,36,19,201,0,5,31,2,38,119,32,67,21,239,30,0,30,269
08/23/2023,TUL,OK,ASW,CE,Combined TRACON& Tower with Radar,120,22,36,31,209,0,15,20,4,39,120,37,56,35,248,22,10,32,280
08/24/2023,TUL,OK,ASW,CE,Combined TRACON& Tower with Radar,122,40,31,52,245,0,4,24,4,32,122,44,55,56,277,52,52,104,381
08/25/2023,TUL,OK,ASW,CE,Combined TRACON& Tower with Radar,122,26,43,30,221,0,6,17,3,26,122,32,60,33,247,18,28,46,293
08/26/2023,TUL,OK,ASW,CE,Combined TRACON& Tower with Radar,94,10,21,2,127,0,4,21,1,26,94,14,42,3,153,26,0,26,179
08/27/2023,TUL,OK,ASW,CE,Combined TRACON& Tower with Radar,120,19,33,8,180,0,6,6,2,14,120,25,39,10,194,76,0,76,270
08/28/2023,TUL,OK,ASW,CE,Combined TRACON& Tower with Radar,128,29,31,61,249,0,20,43,6,69,128,49,74,67,318,62,44,106,424
08/29/2023,TUL,OK,ASW,CE,Combined TRACON& Tower with Radar,115,43,40,54,252,0,20,38,4,62,115,63,78,58,314,32,106,138,452
08/30/2023,TUL,OK,ASW,CE,Combined TRACON& Tower with Radar,118,30,44,7,199,0,16,32,13,61,118,46,76,20,260,88,14,102,362
08/31/2023,TUL,OK,ASW,CE,Combined TRACON& Tower with Radar,118,36,47,34,235,0,7,23,4,34,118,43,70,38,269,24,16,40,309
01/01/2020,TUL,OK,ASW,CE,Combined TRACON& Tower with Radar,78,16,19,0,113,0,0,6,0,6,78,16,25,0,119,0,0,0,119
01/02/2020,TUL,OK,ASW,CE,Combined TRACON& Tower with Radar,92,38,45,3,178,0,0,6,2,8,92,38,51,5,186,0,0,0,186
01/03/2020,TUL,OK,ASW,CE,Combined TRACON& Tower with Radar,105,36,27,17,185,0,2,21,2,25,105,38,48,19,210,0,0,0,210
01/04/2020,TUL,OK,ASW,CE,Combined TRACON& Tower with Radar,74,37,23,4,138,0,0,32,0,32,74,37,55,4,170,0,0,0,170
01/05/2020,TUL,OK,ASW,CE,Combined TRACON& Tower with Radar,88,32,31,0,151,0,2,10,0,12,88,34,41,0,163,0,0,0,163
01/06/2020,TUL,OK,ASW,CE,Combined TRACON& Tower with Radar,102,42,29,45,218,0,0,14,6,20,102,42,43,51,238,18,34,52,290
01/07/2020,TUL,OK,ASW,CE,Combined TRACON& Tower with Radar,109,34,40,65,248,0,0,16,0,16,109,34,56,65,264,0,0,0,264
01/08/2020,TUL,OK,ASW,CE,Combined TRACON& Tower with Radar,94,43,50,84,271,0,1,24,6,31,94,44,74,90,302,0,4,4,306
01/09/2020,TUL,OK,ASW,CE,Combined TRACON& Tower with Radar,97,49,44,55,245,0,0,4,0,4,97,49,48,55,249,0,0,0,249
01/10/2020,TUL,OK,ASW,CE,Combined TRACON& Tower with Radar,90,37,19,0,146,0,0,2,0,2,90,37,21,0,148,0,0,0,148
01/11/2020,TUL,OK,ASW,CE,Combined TRACON& Tower with Radar,58,21,11,0,90,0,0,2,1,3,58,21,13,1,93,0,30,30,123
01/12/2020,TUL,OK,ASW,CE,Combined TRACON& Tower with Radar,79,30,24,9,142,0,0,6,5,11,79,30,30,14,153,0,0,0,153
01/13/2020,TUL,OK,ASW,CE,Combined TRACON& Tower with Radar,98,24,52,108,282,0,0,6,5,11,98,24,58,113,293,0,0,0,293
01/14/2020,TUL,OK,ASW,CE,Combined TRACON& Tower with Radar,92,36,68,47,243,0,0,3,3,6,92,36,71,50,249,0,0,0,249
01/15/2020,TUL,OK,ASW,CE,Combined TRACON& Tower with Radar,91,38,78,49,256,0,0,14,2,16,91,38,92,51,272,0,0,0,272
01/16/2020,TUL,OK,ASW,CE,Combined TRACON& Tower with Radar,98,41,54,30,223,0,0,19,4,23,98,41,73,34,246,0,0,0,246
01/17/2020,TUL,OK,ASW,CE,Combined TRACON& Tower with Radar,101,36,39,0,176,0,0,0,0,0,101,36,39,0,176,0,0,0,176
01/18/2020,TUL,OK,ASW,CE,Combined TRACON& Tower with Radar,63,24,39,2,128,0,4,16,2,22,63,28,55,4,150,0,0,0,150
01/19/2020,TUL,OK,ASW,CE,Combined TRACON& Tower with Radar,80,29,29,0,138,0,0,18,0,18,80,29,47,0,156,0,0,0,156
01/20/2020,TUL,OK,ASW,CE,Combined TRACON& Tower with Radar,93,30,41,15,179,0,4,40,16,60,93,34,81,31,239,20,0,20,259
01/21/2020,TUL,OK,ASW,CE,Combined TRACON& Tower with Radar,99,33,38,58,228,0,3,17,6,26,99,36,55,64,254,24,4,28,282
01/22/2020,TUL,OK,ASW,CE,Combined TRACON& Tower with Radar,96,32,21,2,151,0,0,0,0,0,96,32,21,2,151,0,0,0,151
01/23/2020,TUL,OK,ASW,CE,Combined TRACON& Tower with Radar,99,44,47,33,223,0,0,1,5,6,99,44,48,38,229,0,0,0,229
01/24/2020,TUL,OK,ASW,CE,Combined TRACON& Tower with Radar,108,30,33,13,184,0,0,6,1,7,108,30,39,14,191,0,0,0,191
01/25/2020,TUL,OK,ASW,CE,Combined TRACON& Tower with Radar,60,19,20,0,99,0,0,35,1,36,60,19,55,1,135,0,0,0,135
01/26/2020,TUL,OK,ASW,CE,Combined TRACON& Tower with Radar,81,27,18,24,150,0,8,33,9,50,81,35,51,33,200,0,0,0,200
01/27/2020,TUL,OK,ASW,CE,Combined TRACON& Tower with Radar,110,55,45,42,252,0,5,37,1,43,110,60,82,43,295,0,0,0,295
01/28/2020,TUL,OK,ASW,CE,Combined TRACON& Tower with Radar,98,34,26,6,164,0,0,0,0,0,98,34,26,6,164,0,0,0,164
01/29/2020,TUL,OK,ASW,CE,Combined TRACON& Tower with Radar,100,37,40,14,191,0,0,2,0,2,100,37,42,14,193,0,0,0,193
01/30/2020,TUL,OK,ASW,CE,Combined TRACON& Tower with Radar,99,37,42,46,224,0,0,6,2,8,99,37,48,48,232,0,0,0,232
01/31/2020,TUL,OK,ASW,CE,Combined TRACON& Tower with Radar,100,45,66,32,243,0,3,31,4,38,100,48,97,36,281,0,0,0,281
02/01/2020,TUL,OK,ASW,CE,Combined TRACON& Tower with Radar,62,23,28,14,127,0,2,34,3,39,62,25,62,17,166,0,0,0,166
02/02/2020,TUL,OK,ASW,CE,Combined TRACON& Tower with Radar,76,25,14,13,128,0,0,26,1,27,76,25,40,14,155,0,0,0,155
02/03/2020,TUL,OK,ASW,CE,Combined TRACON& Tower with Radar,97,37,42,57,233,0,0,14,4,18,97,37,56,61,251,0,0,0,251
02/04/2020,TUL,OK,ASW,CE,Combined TRACON& Tower with Radar,94,32,36,3,165,0,2,0,1,3,94,34,36,4,168,0,0,0,168
02/05/2020,TUL,OK,ASW,CE,Combined TRACON& Tower with Radar,86,27,12,1,126,0,0,0,0,0,86,27,12,1,126,0,0,0,126
02/06/2020,TUL,OK,ASW,CE,Combined TRACON& Tower with Radar,112,38,52,4,206,0,3,12,6,21,112,41,64,10,227,0,0,0,227
02/07/2020,TUL,OK,ASW,CE,Combined TRACON& Tower with Radar,98,38,40,13,189,0,4,29,2,35,98,42,69,15,224,0,0,0,224
02/08/2020,TUL,OK,ASW,CE,Combined TRACON& Tower with Radar,64,25,30,0,119,0,2,64,0,66,64,27,94,0,185,20,0,20,205
02/09/2020,TUL,OK,ASW,CE,Combined TRACON& Tower with Radar,81,28,27,4,140,0,0,1,0,1,81,28,28,4,141,0,0,0,141
02/10/2020,TUL,OK,ASW,CE,Combined TRACON& Tower with Radar,104,38,50,36,228,0,0,21,1,22,104,38,71,37,250,42,14,56,306
02/11/2020,TUL,OK,ASW,CE,Combined TRACON& Tower with Radar,98,35,54,113,300,0,0,7,2,9,98,35,61,115,309,0,30,30,339
02/12/2020,TUL,OK,ASW,CE,Combined TRACON& Tower with Radar,94,36,34,2,166,0,0,0,0,0,94,36,34,2,166,0,0,0,166
02/13/2020,TUL,OK,ASW,CE,Combined TRACON& Tower with Radar,100,40,53,49,242,0,1,34,12,47,100,41,87,61,289,0,0,0,289
02/14/2020,TUL,OK,ASW,CE,Combined TRACON& Tower with Radar,106,51,39,6,202,0,5,30,2,37,106,56,69,8,239,0,0,0,239
02/15/2020,TUL,OK,ASW,CE,Combined TRACON& Tower with Radar,69,28,16,0,113,0,5,22,5,32,69,33,38,5,145,0,0,0,145
02/16/2020,TUL,OK,ASW,CE,Combined TRACON& Tower with Radar,74,28,36,1,139,0,3,6,0,9,74,31,42,1,148,0,0,0,148
02/17/2020,TUL,OK,ASW,CE,Combined TRACON& Tower with Radar,97,42,37,20,196,0,0,6,0,6,97,42,43,20,202,0,0,0,202
02/18/2020,TUL,OK,ASW,CE,Combined TRACON& Tower with Radar,95,53,38,60,246,0,4,24,0,28,95,57,62,60,274,0,24,24,298
02/19/2020,TUL,OK,ASW,CE,Combined TRACON& Tower with Radar,92,60,44,95,291,0,2,26,12,40,92,62,70,107,331,0,16,16,347
02/20/2020,TUL,OK,ASW,CE,Combined TRACON& Tower with Radar,99,40,64,54,257,0,2,16,4,22,99,42,80,58,279,0,0,0,279
02/21/2020,TUL,OK,ASW,CE,Combined TRACON& Tower with Radar,102,43,58,46,249,0,2,51,3,56,102,45,109,49,305,0,0,0,305
02/22/2020,TUL,OK,ASW,CE,Combined TRACON& Tower with Radar,64,23,27,9,123,0,2,26,0,28,64,25,53,9,151,0,0,0,151
02/23/2020,TUL,OK,ASW,CE,Combined TRACON& Tower with Radar,78,32,35,14,159,0,0,0,1,1,78,32,35,15,160,0,0,0,160
02/24/2020,TUL,OK,ASW,CE,Combined TRACON& Tower with Radar,100,45,48,58,251,0,0,5,0,5,100,45,53,58,256,0,12,12,268
02/25/2020,TUL,OK,ASW,CE,Combined TRACON& Tower with Radar,94,42,61,26,223,0,0,8,2,10,94,42,69,28,233,0,9,9,242
02/26/2020,TUL,OK,ASW,CE,Combined TRACON& Tower with Radar,101,38,62,19,220,0,2,16,5,23,101,40,78,24,243,0,0,0,243
02/27/2020,TUL,OK,ASW,CE,Combined TRACON& Tower with Radar,101,45,42,11,199,0,0,25,1,26,101,45,67,12,225,0,0,0,225
02/28/2020,TUL,OK,ASW,CE,Combined TRACON& Tower with Radar,110,50,33,66,259,0,0,16,7,23,110,50,49,73,282,0,10,10,292
02/29/2020,TUL,OK,ASW,CE,Combined TRACON& Tower with Radar,63,30,40,0,133,0,3,36,1,40,63,33,76,1,173,30,0,30,203
03/01/2020,TUL,OK,ASW,CE,Combined TRACON& Tower with Radar,81,35,43,2,161,0,0,8,0,8,81,35,51,2,169,20,0,20,189
03/02/2020,TUL,OK,ASW,CE,Combined TRACON& Tower with Radar,99,38,43,50,230,0,0,4,0,4,99,38,47,50,234,10,0,10,244
03/03/2020,TUL,OK,ASW,CE,Combined TRACON& Tower with Radar,90,38,29,89,246,0,2,32,3,37,90,40,61,92,283,0,0,0,283
03/04/2020,TUL,OK,ASW,CE,Combined TRACON& Tower with Radar,92,51,43,94,280,0,4,16,1,21,92,55,59,95,301,0,0,0,301
03/05/2020,TUL,OK,ASW,CE,Combined TRACON& Tower with Radar,96,60,77,39,272,0,2,41,5,48,96,62,118,44,320,0,0,0,320
03/06/2020,TUL,OK,ASW,CE,Combined TRACON& Tower with Radar,101,45,54,44,244,0,5,35,3,43,101,50,89,47,287,0,0,0,287
03/07/2020,TUL,OK,ASW,CE,Combined TRACON& Tower with Radar,56,34,41,16,147,0,0,13,2,15,56,34,54,18,162,0,0,0,162
03/08/2020,TUL,OK,ASW,CE,Combined TRACON& Tower with Radar,71,32,62,63,228,0,2,8,2,12,71,34,70,65,240,0,0,0,240
03/09/2020,TUL,OK,ASW,CE,Combined TRACON& Tower with Radar,90,49,31,28,198,0,0,1,0,1,90,49,32,28,199,0,38,38,237
03/10/2020,TUL,OK,ASW,CE,Combined TRACON& Tower with Radar,88,56,40,55,239,0,3,21,4,28,88,59,61,59,267,0,0,0,267
03/11/2020,TUL,OK,ASW,CE,Combined TRACON& Tower with Radar,88,54,51,63,256,0,3,27,2,32,88,57,78,65,288,48,54,102,390
03/12/2020,TUL,OK,ASW,CE,Combined TRACON& Tower with Radar,91,61,33,49,234,0,0,19,3,22,91,61,52,52,256,0,0,0,256
03/13/2020,TUL,OK,ASW,CE,Combined TRACON& Tower with Radar,97,58,33,0,188,0,0,5,2,7,97,58,38,2,195,0,0,0,195
03/14/2020,TUL,OK,ASW,CE,Combined TRACON& Tower with Radar,63,39,35,0,137,0,0,0,0,0,63,39,35,0,137,0,0,0,137
03/15/2020,TUL,OK,ASW,CE,Combined TRACON& Tower with Radar,87,42,37,5,171,0,0,0,0,0,87,42,37,5,171,0,0,0,171
03/16/2020,TUL,OK,ASW,CE,Combined TRACON& Tower with Radar,91,44,25,2,162,0,0,0,0,0,91,44,25,2,162,0,0,0,162
03/17/2020,TUL,OK,ASW,CE,Combined TRACON& Tower with Radar,79,46,49,65,239,0,0,5,0,5,79,46,54,65,244,0,0,0,244
03/18/2020,TUL,OK,ASW,CE,Combined TRACON& Tower with Radar,87,51,38,45,221,0,0,18,5,23,87,51,56,50,244,0,0,0,244
03/19/2020,TUL,OK,ASW,CE,Combined TRACON& Tower with Radar,90,34,19,20,163,0,0,5,6,11,90,34,24,26,174,0,0,0,174
03/20/2020,TUL,OK,ASW,CE,Combined TRACON& Tower with Radar,101,49,33,80,263,0,5,8,5,18,101,54,41,85,281,4,52,56,337
03/21/2020,TUL,OK,ASW,CE,Combined TRACON& Tower with Radar,48,26,25,2,101,0,0,36,0,36,48,26,61,2,137,0,0,0,137
03/22/2020,TUL,OK,ASW,CE,Combined TRACON& Tower with Radar,70,22,15,0,107,0,0,0,0,0,70,22,15,0,107,0,0,0,107
03/23/2020,TUL,OK,ASW,CE,Combined TRACON& Tower with Radar,78,20,17,48,163,0,0,2,0,2,78,20,19,48,165,0,0,0,165
03/24/2020,TUL,OK,ASW,CE,Combined TRACON& Tower with Radar,68,35,20,36,159,0,0,9,5,14,68,35,29,41,173,0,8,8,181
03/25/2020,TUL,OK,ASW,CE,Combined TRACON& Tower with Radar,52,32,16,41,141,0,0,19,2,21,52,32,35,43,162,0,0,0,162
03/26/2020,TUL,OK,ASW,CE,Combined TRACON& Tower with Radar,60,33,12,40,145,0,2,38,18,58,60,35,50,58,203,0,0,0,203
03/27/2020,TUL,OK,ASW,CE,Combined TRACON& Tower with Radar,59,27,20,19,125,0,2,9,0,11,59,29,29,19,136,0,0,0,136
03/28/2020,TUL,OK,ASW,CE,Combined TRACON& Tower with Radar,45,17,2,1,65,0,0,2,1,3,45,17,4,2,68,0,0,0,68
03/29/2020,TUL,OK,ASW,CE,Combined TRACON& Tower with Radar,48,16,11,2,77,0,0,46,2,48,48,16,57,4,125,0,0,0,125
03/30/2020,TUL,OK,ASW,CE,Combined TRACON& Tower with Radar,45,14,18,2,79,0,0,12,0,12,45,14,30,2,91,30,66,96,187
03/31/2020,TUL,OK,ASW,CE,Combined TRACON& Tower with Radar,53,25,12,56,146,0,0,22,8,30,53,25,34,64,176,0,0,0,176
04/01/2020,TUL,OK,ASW,CE,Combined TRACON& Tower with Radar,51,25,22,40,138,0,0,33,6,39,51,25,55,46,177,10,18,28,205
04/02/2020,TUL,OK,ASW,CE,Combined TRACON& Tower with Radar,55,15,12,73,155,0,0,8,2,10,55,15,20,75,165,0,48,48,213
04/03/2020,TUL,OK,ASW,CE,Combined TRACON& Tower with Radar,46,16,15,0,77,0,0,0,0,0,46,16,15,0,77,0,0,0,77
04/04/2020,TUL,OK,ASW,CE,Combined TRACON& Tower with Radar,35,11,14,0,60,0,0,0,0,0,35,11,14,0,60,0,0,0,60
04/05/2020,TUL,OK,ASW,CE,Combined TRACON& Tower with Radar,34,5,1,0,40,0,0,7,0,7,34,5,8,0,47,0,0,0,47
04/06/2020,TUL,OK,ASW,CE,Combined TRACON& Tower with Radar,37,9,16,64,126,0,0,10,0,10,37,9,26,64,136,0,0,0,136
04/07/2020,TUL,OK,ASW,CE,Combined TRACON& Tower with Radar,37,22,27,54,140,0,0,17,2,19,37,22,44,56,159,0,0,0,159
04/08/2020,TUL,OK,ASW,CE,Combined TRACON& Tower with Radar,44,14,19,49,126,0,2,24,7,33,44,16,43,56,159,0,0,0,159
04/09/2020,TUL,OK,ASW,CE,Combined TRACON& Tower with Radar,50,20,15,61,146,0,2,22,19,43,50,22,37,80,189,0,0,0,189
04/10/2020,TUL,OK,ASW,CE,Combined TRACON& Tower with Radar,49,13,10,77,149,0,5,45,6,56,49,18,55,83,205,0,0,0,205
04/11/2020,TUL,OK,ASW,CE,Combined TRACON& Tower with Radar,30,7,1,18,56,0,0,5,0,5,30,7,6,18,61,0,0,0,61
04/12/2020,TUL,OK,ASW,CE,Combined TRACON& Tower with Radar,31,2,0,0,33,0,0,0,0,0,31,2,0,0,33,0,0,0,33
04/13/2020,TUL,OK,ASW,CE,Combined TRACON& Tower with Radar,44,12,11,43,110,0,0,14,3,17,44,12,25,46,127,0,0,0,127
04/14/2020,TUL,OK,ASW,CE,Combined TRACON& Tower with Radar,45,16,13,23,97,0,0,3,5,8,45,16,16,28,105,0,0,0,105
04/15/2020,TUL,OK,ASW,CE,Combined TRACON& Tower with Radar,45,15,21,43,124,0,0,33,11,44,45,15,54,54,168,0,0,0,168
04/16/2020,TUL,OK,ASW,CE,Combined TRACON& Tower with Radar,41,15,21,26,103,0,0,18,6,24,41,15,39,32,127,0,0,0,127
04/17/2020,TUL,OK,ASW,CE,Combined TRACON& Tower with Radar,46,13,18,36,113,0,0,6,1,7,46,13,24,37,120,0,0,0,120
04/18/2020,TUL,OK,ASW,CE,Combined TRACON& Tower with Radar,33,6,21,41,101,0,1,31,3,35,33,7,52,44,136,0,0,0,136
04/19/2020,TUL,OK,ASW,CE,Combined TRACON& Tower with Radar,27,4,17,0,48,0,0,9,1,10,27,4,26,1,58,0,0,0,58
04/20/2020,TUL,OK,ASW,CE,Combined TRACON& Tower with Radar,38,14,16,38,106,0,0,39,0,39,38,14,55,38,145,0,0,0,145
04/21/2020,TUL,OK,ASW,CE,Combined TRACON& Tower with Radar,35,18,25,52,130,0,2,35,10,47,35,20,60,62,177,0,0,0,177
04/22/2020,TUL,OK,ASW,CE,Combined TRACON& Tower with Radar,33,15,4,0,52,0,0,0,0,0,33,15,4,0,52,0,0,0,52
04/23/2020,TUL,OK,ASW,CE,Combined TRACON& Tower with Radar,36,31,24,58,149,0,0,21,5,26,36,31,45,63,175,0,0,0,175
04/24/2020,TUL,OK,ASW,CE,Combined TRACON& Tower with Radar,36,9,13,33,91,0,2,7,0,9,36,11,20,33,100,0,0,0,100
04/25/2020,TUL,OK,ASW,CE,Combined TRACON& Tower with Radar,26,6,13,64,109,0,2,20,2,24,26,8,33,66,133,0,0,0,133
04/26/2020,TUL,OK,ASW,CE,Combined TRACON& Tower with Radar,28,9,17,0,54,0,0,40,1,41,28,9,57,1,95,0,0,0,95
04/27/2020,TUL,OK,ASW,CE,Combined TRACON& Tower with Radar,31,13,19,29,92,0,0,17,4,21,31,13,36,33,113,0,0,0,113
04/28/2020,TUL,OK,ASW,CE,Combined TRACON& Tower with Radar,30,14,10,47,101,0,0,5,0,5,30,14,15,47,106,0,0,0,106
04/29/2020,TUL,OK,ASW,CE,Combined TRACON& Tower with Radar,32,21,23,28,104,0,0,10,5,15,32,21,33,33,119,0,0,0,119
04/30/2020,TUL,OK,ASW,CE,Combined TRACON& Tower with Radar,27,21,16,41,105,0,0,41,11,52,27,21,57,52,157,0,0,0,157
05/01/2020,TUL,OK,ASW,CE,Combined TRACON& Tower with Radar,41,19,18,52,130,0,0,24,5,29,41,19,42,57,159,0,0,0,159
05/02/2020,TUL,OK,ASW,CE,Combined TRACON& Tower with Radar,36,9,9,22,76,0,2,27,0,29,36,11,36,22,105,0,0,0,105
05/03/2020,TUL,OK,ASW,CE,Combined TRACON& Tower with Radar,36,9,22,12,79,0,0,2,0,2,36,9,24,12,81,0,0,0,81
05/04/2020,TUL,OK,ASW,CE,Combined TRACON& Tower with Radar,33,12,19,50,114,0,1,9,0,10,33,13,28,50,124,0,0,0,124
05/05/2020,TUL,OK,ASW,CE,Combined TRACON& Tower with Radar,39,18,22,57,136,0,0,19,6,25,39,18,41,63,161,0,0,0,161
05/06/2020,TUL,OK,ASW,CE,Combined TRACON& Tower with Radar,38,17,32,54,141,0,0,42,9,51,38,17,74,63,192,0,0,0,192
05/07/2020,TUL,OK,ASW,CE,Combined TRACON& Tower with Radar,45,15,15,37,112,0,0,12,0,12,45,15,27,37,124,0,0,0,124
05/08/2020,TUL,OK,ASW,CE,Combined TRACON& Tower with Radar,44,11,15,67,137,0,2,6,6,14,44,13,21,73,151,0,0,0,151
05/09/2020,TUL,OK,ASW,CE,Combined TRACON& Tower with Radar,34,9,35,55,133,0,2,51,6,59,34,11,86,61,192,0,0,0,192
05/10/2020,TUL,OK,ASW,CE,Combined TRACON& Tower with Radar,35,6,6,1,48,0,0,12,0,12,35,6,18,1,60,0,0,0,60
05/11/2020,TUL,OK,ASW,CE,Combined TRACON& Tower with Radar,38,14,24,42,118,0,0,14,1,15,38,14,38,43,133,0,0,0,133
05/12/2020,TUL,OK,ASW,CE,Combined TRACON& Tower with Radar,40,19,24,63,146,0,0,0,0,0,40,19,24,63,146,0,0,0,146
05/13/2020,TUL,OK,ASW,CE,Combined TRACON& Tower with Radar,41,15,30,69,155,0,0,3,3,6,41,15,33,72,161,0,0,0,161
05/14/2020,TUL,OK,ASW,CE,Combined TRACON& Tower with Radar,42,19,33,112,206,0,0,23,3,26,42,19,56,115,232,0,0,0,232
05/15/2020,TUL,OK,ASW,CE,Combined TRACON& Tower with Radar,41,23,8,4,76,0,0,4,0,4,41,23,12,4,80,0,0,0,80
05/16/2020,TUL,OK,ASW,CE,Combined TRACON& Tower with Radar,36,8,10,4,58,0,0,4,0,4,36,8,14,4,62,0,0,0,62
05/17/2020,TUL,OK,ASW,CE,Combined TRACON& Tower with Radar,33,2,20,49,104,0,2,18,8,28,33,4,38,57,132,0,0,0,132
05/18/2020,TUL,OK,ASW,CE,Combined TRACON& Tower with Radar,42,13,32,84,171,0,4,51,13,68,42,17,83,97,239,0,0,0,239
05/19/2020,TUL,OK,ASW,CE,Combined TRACON& Tower with Radar,37,15,33,80,165,0,0,32,12,44,37,15,65,92,209,0,0,0,209
05/20/2020,TUL,OK,ASW,CE,Combined TRACON& Tower with Radar,40,25,43,63,171,0,2,45,4,51,40,27,88,67,222,0,0,0,222
05/21/2020,TUL,OK,ASW,CE,Combined TRACON& Tower with Radar,42,23,29,35,129,0,0,9,1,10,42,23,38,36,139,0,0,0,139
05/22/2020,TUL,OK,ASW,CE,Combined TRACON& Tower with Radar,50,15,29,9,103,0,0,9,3,12,50,15,38,12,115,0,0,0,115
05/23/2020,TUL,OK,ASW,CE,Combined TRACON& Tower with Radar,34,8,21,5,68,0,2,13,0,15,34,10,34,5,83,0,0,0,83
05/24/2020,TUL,OK,ASW,CE,Combined TRACON& Tower with Radar,31,9,9,0,49,0,0,11,1,12,31,9,20,1,61,0,0,0,61
05/25/2020,TUL,OK,ASW,CE,Combined TRACON& Tower with Radar,42,6,16,2,66,0,0,0,1,1,42,6,16,3,67,0,0,0,67
05/26/2020,TUL,OK,ASW,CE,Combined TRACON& Tower with Radar,32,13,17,43,105,0,0,4,1,5,32,13,21,44,110,0,0,0,110
05/27/2020,TUL,OK,ASW,CE,Combined TRACON& Tower with Radar,46,18,14,18,96,0,0,5,1,6,46,18,19,19,102,0,0,0,102
05/28/2020,TUL,OK,ASW,CE,Combined TRACON& Tower with Radar,44,20,31,14,109,0,0,3,2,5,44,20,34,16,114,0,0,0,114
05/29/2020,TUL,OK,ASW,CE,Combined TRACON& Tower with Radar,52,27,21,42,142,0,2,39,1,42,52,29,60,43,184,40,86,126,310
05/30/2020,TUL,OK,ASW,CE,Combined TRACON& Tower with Radar,33,14,24,27,98,0,0,36,6,42,33,14,60,33,140,16,72,88,228
05/31/2020,TUL,OK,ASW,CE,Combined TRACON& Tower with Radar,33,7,35,0,75,0,1,22,1,24,33,8,57,1,99,6,0,6,105
06/01/2020,TUL,OK,ASW,CE,Combined TRACON& Tower with Radar,38,23,39,114,214,0,0,32,5,37,38,23,71,119,251,18,70,88,339
06/02/2020,TUL,OK,ASW,CE,Combined TRACON& Tower with Radar,40,30,28,112,210,0,0,18,2,20,40,30,46,114,230,0,0,0,230
06/03/2020,TUL,OK,ASW,CE,Combined TRACON& Tower with Radar,38,29,25,116,208,0,0,21,4,25,38,29,46,120,233,0,0,0,233
06/04/2020,TUL,OK,ASW,CE,Combined TRACON& Tower with Radar,52,20,55,151,278,0,0,36,2,38,52,20,91,153,316,0,0,0,316
06/05/2020,TUL,OK,ASW,CE,Combined TRACON& Tower with Radar,48,21,31,60,160,0,1,26,10,37,48,22,57,70,197,0,0,0,197
06/06/2020,TUL,OK,ASW,CE,Combined TRACON& Tower with Radar,38,16,22,43,119,0,2,9,7,18,38,18,31,50,137,0,50,50,187
06/07/2020,TUL,OK,ASW,CE,Combined TRACON& Tower with Radar,33,8,19,0,60,0,2,16,0,18,33,10,35,0,78,4,0,4,82
06/08/2020,TUL,OK,ASW,CE,Combined TRACON& Tower with Radar,42,23,27,75,167,0,3,23,4,30,42,26,50,79,197,32,16,48,245
06/09/2020,TUL,OK,ASW,CE,Combined TRACON& Tower with Radar,39,22,31,17,109,0,0,18,2,20,39,22,49,19,129,26,4,30,159
06/10/2020,TUL,OK,ASW,CE,Combined TRACON& Tower with Radar,45,27,39,63,174,0,4,9,4,17,45,31,48,67,191,0,2,2,193
06/11/2020,TUL,OK,ASW,CE,Combined TRACON& Tower with Radar,44,23,51,59,177,0,0,45,2,47,44,23,96,61,224,90,62,152,376
06/12/2020,TUL,OK,ASW,CE,Combined TRACON& Tower with Radar,49,27,35,68,179,0,1,29,13,43,49,28,64,81,222,0,0,0,222
06/13/2020,TUL,OK,ASW,CE,Combined TRACON& Tower with Radar,40,15,23,16,94,0,5,20,3,28,40,20,43,19,122,0,0,0,122
06/14/2020,TUL,OK,ASW,CE,Combined TRACON& Tower with Radar,37,15,17,4,73,0,3,16,0,19,37,18,33,4,92,0,0,0,92
06/15/2020,TUL,OK,ASW,CE,Combined TRACON& Tower with Radar,43,24,45,76,188,0,1,36,1,38,43,25,81,77,226,0,0,0,226
06/16/2020,TUL,OK,ASW,CE,Combined TRACON& Tower with Radar,41,21,30,120,212,0,2,28,10,40,41,23,58,130,252,0,0,0,252
06/17/2020,TUL,OK,ASW,CE,Combined TRACON& Tower with Radar,46,19,57,73,195,0,2,31,10,43,46,21,88,83,238,0,0,0,238
06/18/2020,TUL,OK,ASW,CE,Combined TRACON& Tower with Radar,47,22,35,32,136,0,0,26,6,32,47,22,61,38,168,0,0,0,168
06/19/2020,TUL,OK,ASW,CE,Combined TRACON& Tower with Radar,48,25,32,4,109,0,0,7,1,8,48,25,39,5,117,0,0,0,117
06/20/2020,TUL,OK,ASW,CE,Combined TRACON& Tower with Radar,38,22,19,8,87,0,0,6,0,6,38,22,25,8,93,0,0,0,93
06/21/2020,TUL,OK,ASW,CE,Combined TRACON& Tower with Radar,40,14,17,4,75,0,0,14,0,14,40,14,31,4,89,0,0,0,89
06/22/2020,TUL,OK,ASW,CE,Combined TRACON& Tower with Radar,47,21,24,80,172,0,2,17,1,20,47,23,41,81,192,0,0,0,192
06/23/2020,TUL,OK,ASW,CE,Combined TRACON& Tower with Radar,46,25,39,146,256,0,2,21,22,45,46,27,60,168,301,0,0,0,301
06/24/2020,TUL,OK,ASW,CE,Combined TRACON& Tower with Radar,44,20,26,72,162,0,0,31,6,37,44,20,57,78,199,8,82,90,289
06/25/2020,TUL,OK,ASW,CE,Combined TRACON& Tower with Radar,49,34,40,94,217,0,0,23,5,28,49,34,63,99,245,0,0,0,245
06/26/2020,TUL,OK,ASW,CE,Combined TRACON& Tower with Radar,55,24,40,91,210,0,0,19,3,22,55,24,59,94,232,0,14,14,246
06/27/2020,TUL,OK,ASW,CE,Combined TRACON& Tower with Radar,38,13,20,14,85,0,0,3,0,3,38,13,23,14,88,0,0,0,88
06/28/2020,TUL,OK,ASW,CE,Combined TRACON& Tower with Radar,44,12,33,20,109,0,3,10,0,13,44,15,43,20,122,24,6,30,152
06/29/2020,TUL,OK,ASW,CE,Combined TRACON& Tower with Radar,49,26,45,37,157,0,0,12,2,14,49,26,57,39,171,22,32,54,225
06/30/2020,TUL,OK,ASW,CE,Combined TRACON& Tower with Radar,49,26,30,59,164,0,0,9,4,13,49,26,39,63,177,36,48,84,261
07/01/2020,TUL,OK,ASW,CE,Combined TRACON& Tower with Radar,46,32,41,46,165,0,0,28,10,38,46,32,69,56,203,16,54,70,273
07/02/2020,TUL,OK,ASW,CE,Combined TRACON& Tower with Radar,54,30,30,9,123,0,0,18,2,20,54,30,48,11,143,0,0,0,143
07/03/2020,TUL,OK,ASW,CE,Combined TRACON& Tower with Radar,61,27,27,1,116,0,2,20,0,22,61,29,47,1,138,0,0,0,138
07/04/2020,TUL,OK,ASW,CE,Combined TRACON& Tower with Radar,31,9,9,1,50,0,0,12,2,14,31,9,21,3,64,0,0,0,64
07/05/2020,TUL,OK,ASW,CE,Combined TRACON& Tower with Radar,50,27,26,0,103,0,0,6,1,7,50,27,32,1,110,0,0,0,110
07/06/2020,TUL,OK,ASW,CE,Combined TRACON& Tower with Radar,57,29,26,10,122,0,4,9,0,13,57,33,35,10,135,4,2,6,141
07/07/2020,TUL,OK,ASW,CE,Combined TRACON& Tower with Radar,61,20,27,54,162,0,1,33,27,61,61,21,60,81,223,0,0,0,223
07/08/2020,TUL,OK,ASW,CE,Combined TRACON& Tower with Radar,59,27,45,50,181,0,0,25,3,28,59,27,70,53,209,0,0,0,209
07/09/2020,TUL,OK,ASW,CE,Combined TRACON& Tower with Radar,73,26,41,31,171,0,0,12,1,13,73,26,53,32,184,0,0,0,184
07/10/2020,TUL,OK,ASW,CE,Combined TRACON& Tower with Radar,73,22,34,13,142,0,2,23,4,29,73,24,57,17,171,4,40,44,215
07/11/2020,TUL,OK,ASW,CE,Combined TRACON& Tower with Radar,55,16,13,4,88,0,0,16,3,19,55,16,29,7,107,0,0,0,107
07/12/2020,TUL,OK,ASW,CE,Combined TRACON& Tower with Radar,67,10,36,8,121,0,4,16,0,20,67,14,52,8,141,0,0,0,141
07/13/2020,TUL,OK,ASW,CE,Combined TRACON& Tower with Radar,75,20,25,78,198,0,4,19,2,25,75,24,44,80,223,0,0,0,223
07/14/2020,TUL,OK,ASW,CE,Combined TRACON& Tower with Radar,65,18,53,91,227,0,1,24,6,31,65,19,77,97,258,6,0,6,264
07/15/2020,TUL,OK,ASW,CE,Combined TRACON& Tower with Radar,61,34,33,100,228,0,2,24,10,36,61,36,57,110,264,0,0,0,264
07/16/2020,TUL,OK,ASW,CE,Combined TRACON& Tower with Radar,78,25,34,42,179,0,2,18,11,31,78,27,52,53,210,4,14,18,228
07/17/2020,TUL,OK,ASW,CE,Combined TRACON& Tower with Radar,79,34,53,57,223,0,2,28,3,33,79,36,81,60,256,44,40,84,340
07/18/2020,TUL,OK,ASW,CE,Combined TRACON& Tower with Radar,69,13,17,26,125,0,1,13,1,15,69,14,30,27,140,0,14,14,154
07/19/2020,TUL,OK,ASW,CE,Combined TRACON& Tower with Radar,62,17,34,0,113,0,2,18,0,20,62,19,52,0,133,6,0,6,139
07/20/2020,TUL,OK,ASW,CE,Combined TRACON& Tower with Radar,70,24,23,76,193,0,4,22,8,34,70,28,45,84,227,0,0,0,227
07/21/2020,TUL,OK,ASW,CE,Combined TRACON& Tower with Radar,64,27,37,12,140,0,0,16,2,18,64,27,53,14,158,0,0,0,158
07/22/2020,TUL,OK,ASW,CE,Combined TRACON& Tower with Radar,59,23,38,49,169,0,0,20,2,22,59,23,58,51,191,0,0,0,191
07/23/2020,TUL,OK,ASW,CE,Combined TRACON& Tower with Radar,75,26,36,55,192,0,2,17,2,21,75,28,53,57,213,0,0,0,213
07/24/2020,TUL,OK,ASW,CE,Combined TRACON& Tower with Radar,74,20,28,34,156,0,2,32,5,39,74,22,60,39,195,0,0,0,195
07/25/2020,TUL,OK,ASW,CE,Combined TRACON& Tower with Radar,60,19,46,8,133,0,0,22,0,22,60,19,68,8,155,0,0,0,155
07/26/2020,TUL,OK,ASW,CE,Combined TRACON& Tower with Radar,60,18,35,0,113,0,0,16,0,16,60,18,51,0,129,0,0,0,129
07/27/2020,TUL,OK,ASW,CE,Combined TRACON& Tower with Radar,66,18,27,18,129,0,0,12,0,12,66,18,39,18,141,0,0,0,141
07/28/2020,TUL,OK,ASW,CE,Combined TRACON& Tower with Radar,61,22,25,21,129,0,0,5,7,12,61,22,30,28,141,0,0,0,141
07/29/2020,TUL,OK,ASW,CE,Combined TRACON& Tower with Radar,60,24,28,16,128,0,0,6,2,8,60,24,34,18,136,0,0,0,136
07/30/2020,TUL,OK,ASW,CE,Combined TRACON& Tower with Radar,69,37,33,18,157,0,2,31,5,38,69,39,64,23,195,0,0,0,195
07/31/2020,TUL,OK,ASW,CE,Combined TRACON& Tower with Radar,74,29,27,18,148,0,2,6,1,9,74,31,33,19,157,0,0,0,157
08/01/2020,TUL,OK,ASW,CE,Combined TRACON& Tower with Radar,62,19,13,19,113,0,0,33,1,34,62,19,46,20,147,0,0,0,147
08/02/2020,TUL,OK,ASW,CE,Combined TRACON& Tower with Radar,62,12,16,1,91,0,0,18,0,18,62,12,34,1,109,0,0,0,109
08/03/2020,TUL,OK,ASW,CE,Combined TRACON& Tower with Radar,74,29,28,93,224,0,0,23,9,32,74,29,51,102,256,0,0,0,256
08/04/2020,TUL,OK,ASW,CE,Combined TRACON& Tower with Radar,69,34,41,79,223,0,0,27,0,27,69,34,68,79,250,0,0,0,250
08/05/2020,TUL,OK,ASW,CE,Combined TRACON& Tower with Radar,65,21,33,48,167,0,0,19,1,20,65,21,52,49,187,0,0,0,187
08/06/2020,TUL,OK,ASW,CE,Combined TRACON& Tower with Radar,83,22,42,37,184,0,2,12,0,14,83,24,54,37,198,24,18,42,240
08/07/2020,TUL,OK,ASW,CE,Combined TRACON& Tower with Radar,82,30,27,20,159,0,3,18,2,23,82,33,45,22,182,0,0,0,182
08/08/2020,TUL,OK,ASW,CE,Combined TRACON& Tower with Radar,70,23,13,39,145,0,1,21,3,25,70,24,34,42,170,0,0,0,170
08/09/2020,TUL,OK,ASW,CE,Combined TRACON& Tower with Radar,68,13,23,0,104,0,0,18,0,18,68,13,41,0,122,0,0,0,122
08/10/2020,TUL,OK,ASW,CE,Combined TRACON& Tower with Radar,76,20,42,73,211,0,0,32,6,38,76,20,74,79,249,0,0,0,249
08/11/2020,TUL,OK,ASW,CE,Combined TRACON& Tower with Radar,76,29,43,12,160,0,0,12,3,15,76,29,55,15,175,0,0,0,175
08/12/2020,TUL,OK,ASW,CE,Combined TRACON& Tower with Radar,72,38,32,40,182,0,1,17,1,19,72,39,49,41,201,0,0,0,201
08/13/2020,TUL,OK,ASW,CE,Combined TRACON& Tower with Radar,88,36,59,29,212,0,3,33,3,39,88,39,92,32,251,0,0,0,251
08/14/2020,TUL,OK,ASW,CE,Combined TRACON& Tower with Radar,86,27,26,15,154,0,0,28,4,32,86,27,54,19,186,0,0,0,186
08/15/2020,TUL,OK,ASW,CE,Combined TRACON& Tower with Radar,69,26,11,32,138,0,0,18,0,18,69,26,29,32,156,0,0,0,156
08/16/2020,TUL,OK,ASW,CE,Combined TRACON& Tower with Radar,89,19,31,2,141,0,0,26,4,30,89,19,57,6,171,0,0,0,171
08/17/2020,TUL,OK,ASW,CE,Combined TRACON& Tower with Radar,92,32,19,33,176,0,4,35,0,39,92,36,54,33,215,0,0,0,215
08/18/2020,TUL,OK,ASW,CE,Combined TRACON& Tower with Radar,80,34,42,50,206,0,3,40,4,47,80,37,82,54,253,0,0,0,253
08/19/2020,TUL,OK,ASW,CE,Combined TRACON& Tower with Radar,72,30,45,26,173,0,1,30,7,38,72,31,75,33,211,0,0,0,211
08/20/2020,TUL,OK,ASW,CE,Combined TRACON& Tower with Radar,86,34,52,33,205,0,2,49,7,58,86,36,101,40,263,0,0,0,263
08/21/2020,TUL,OK,ASW,CE,Combined TRACON& Tower with Radar,92,32,29,39,192,0,0,44,3,47,92,32,73,42,239,0,0,0,239
08/22/2020,TUL,OK,ASW,CE,Combined TRACON& Tower with Radar,66,21,28,18,133,0,0,30,12,42,66,21,58,30,175,0,0,0,175
08/23/2020,TUL,OK,ASW,CE,Combined TRACON& Tower with Radar,72,29,27,2,130,0,5,18,1,24,72,34,45,3,154,0,0,0,154
08/24/2020,TUL,OK,ASW,CE,Combined TRACON& Tower with Radar,86,28,22,82,218,0,0,17,0,17,86,28,39,82,235,0,0,0,235
08/25/2020,TUL,OK,ASW,CE,Combined TRACON& Tower with Radar,77,31,39,63,210,0,2,17,7,26,77,33,56,70,236,0,0,0,236
08/26/2020,TUL,OK,ASW,CE,Combined TRACON& Tower with Radar,64,29,33,22,148,0,3,26,7,36,64,32,59,29,184,10,32,42,226
08/27/2020,TUL,OK,ASW,CE,Combined TRACON& Tower with Radar,77,30,32,17,156,0,0,21,4,25,77,30,53,21,181,12,10,22,203
08/28/2020,TUL,OK,ASW,CE,Combined TRACON& Tower with Radar,87,26,32,13,158,0,2,34,3,39,87,28,66,16,197,14,0,14,211
08/29/2020,TUL,OK,ASW,CE,Combined TRACON& Tower with Radar,65,20,15,2,102,0,2,18,2,22,65,22,33,4,124,0,0,0,124
08/30/2020,TUL,OK,ASW,CE,Combined TRACON& Tower with Radar,68,16,20,2,106,0,0,6,1,7,68,16,26,3,113,0,0,0,113
08/31/2020,TUL,OK,ASW,CE,Combined TRACON& Tower with Radar,85,19,22,12,138,0,0,13,0,13,85,19,35,12,151,0,0,0,151
09/01/2020,TUL,OK,ASW,CE,Combined TRACON& Tower with Radar,78,27,42,39,186,0,0,2,5,7,78,27,44,44,193,0,0,0,193
09/02/2020,TUL,OK,ASW,CE,Combined TRACON& Tower with Radar,72,29,34,52,187,0,0,10,2,12,72,29,44,54,199,0,0,0,199
09/03/2020,TUL,OK,ASW,CE,Combined TRACON& Tower with Radar,83,42,59,11,195,0,4,31,3,38,83,46,90,14,233,0,0,0,233
09/04/2020,TUL,OK,ASW,CE,Combined TRACON& Tower with Radar,91,34,35,0,160,0,2,24,4,30,91,36,59,4,190,0,0,0,190
09/05/2020,TUL,OK,ASW,CE,Combined TRACON& Tower with Radar,73,21,28,0,122,0,0,23,0,23,73,21,51,0,145,0,0,0,145
09/06/2020,TUL,OK,ASW,CE,Combined TRACON& Tower with Radar,50,8,14,0,72,0,0,16,1,17,50,8,30,1,89,0,0,0,89
09/07/2020,TUL,OK,ASW,CE,Combined TRACON& Tower with Radar,60,25,24,0,109,0,0,26,1,27,60,25,50,1,136,0,0,0,136
09/08/2020,TUL,OK,ASW,CE,Combined TRACON& Tower with Radar,48,35,44,71,198,0,0,19,8,27,48,35,63,79,225,0,0,0,225
09/09/2020,TUL,OK,ASW,CE,Combined TRACON& Tower with Radar,67,37,26,58,188,0,0,1,0,1,67,37,27,58,189,0,0,0,189
09/10/2020,TUL,OK,ASW,CE,Combined TRACON& Tower with Radar,67,38,47,8,160,0,0,1,1,2,67,38,48,9,162,0,0,0,162
09/11/2020,TUL,OK,ASW,CE,Combined TRACON& Tower with Radar,83,32,44,17,176,0,0,0,0,0,83,32,44,17,176,0,0,0,176
09/12/2020,TUL,OK,ASW,CE,Combined TRACON& Tower with Radar,56,25,26,18,125,0,5,17,8,30,56,30,43,26,155,0,0,0,155
09/13/2020,TUL,OK,ASW,CE,Combined TRACON& Tower with Radar,64,16,16,10,106,0,3,14,2,19,64,19,30,12,125,0,0,0,125
09/14/2020,TUL,OK,ASW,CE,Combined TRACON& Tower with Radar,63,25,43,40,171,0,5,36,4,45,63,30,79,44,216,0,0,0,216
09/15/2020,TUL,OK,ASW,CE,Combined TRACON& Tower with Radar,58,41,48,69,216,0,4,34,2,40,58,45,82,71,256,0,0,0,256
09/16/2020,TUL,OK,ASW,CE,Combined TRACON& Tower with Radar,65,35,40,22,162,0,6,22,3,31,65,41,62,25,193,0,0,0,193
09/17/2020,TUL,OK,ASW,CE,Combined TRACON& Tower with Radar,66,38,42,27,173,0,2,30,2,34,66,40,72,29,207,0,0,0,207
09/18/2020,TUL,OK,ASW,CE,Combined TRACON& Tower with Radar,75,34,27,2,138,0,0,24,3,27,75,34,51,5,165,0,0,0,165
09/19/2020,TUL,OK,ASW,CE,Combined TRACON& Tower with Radar,60,12,25,27,124,0,4,31,0,35,60,16,56,27,159,0,0,0,159
09/20/2020,TUL,OK,ASW,CE,Combined TRACON& Tower with Radar,62,12,35,2,111,0,1,23,0,24,62,13,58,2,135,0,0,0,135
09/21/2020,TUL,OK,ASW,CE,Combined TRACON& Tower with Radar,64,30,48,89,231,0,2,42,2,46,64,32,90,91,277,0,0,0,277
09/22/2020,TUL,OK,ASW,CE,Combined TRACON& Tower with Radar,58,36,28,10,132,0,0,0,0,0,58,36,28,10,132,0,0,0,132
09/23/2020,TUL,OK,ASW,CE,Combined TRACON& Tower with Radar,67,43,47,76,233,0,1,13,4,18,67,44,60,80,251,0,0,0,251
09/24/2020,TUL,OK,ASW,CE,Combined TRACON& Tower with Radar,66,37,59,63,225,0,4,25,3,32,66,41,84,66,257,0,0,0,257
09/25/2020,TUL,OK,ASW,CE,Combined TRACON& Tower with Radar,76,38,64,34,212,0,8,41,2,51,76,46,105,36,263,0,0,0,263
09/26/2020,TUL,OK,ASW,CE,Combined TRACON& Tower with Radar,58,21,50,32,161,0,0,28,0,28,58,21,78,32,189,0,0,0,189
09/27/2020,TUL,OK,ASW,CE,Combined TRACON& Tower with Radar,62,20,69,1,152,0,5,3,0,8,62,25,72,1,160,0,0,0,160
09/28/2020,TUL,OK,ASW,CE,Combined TRACON& Tower with Radar,62,34,54,71,221,0,1,24,11,36,62,35,78,82,257,0,0,0,257
09/29/2020,TUL,OK,ASW,CE,Combined TRACON& Tower with Radar,64,38,41,41,184,0,4,26,10,40,64,42,67,51,224,0,0,0,224
09/30/2020,TUL,OK,ASW,CE,Combined TRACON& Tower with Radar,74,34,50,49,207,0,0,47,5,52,74,34,97,54,259,0,0,0,259
10/01/2020,TUL,OK,ASW,CE,Combined TRACON& Tower with Radar,68,46,44,30,188,0,4,34,0,38,68,50,78,30,226,0,0,0,226
10/02/2020,TUL,OK,ASW,CE,Combined TRACON& Tower with Radar,73,32,57,90,252,0,4,57,31,92,73,36,114,121,344,0,0,0,344
10/03/2020,TUL,OK,ASW,CE,Combined TRACON& Tower with Radar,54,18,32,4,108,0,0,20,2,22,54,18,52,6,130,0,0,0,130
10/04/2020,TUL,OK,ASW,CE,Combined TRACON& Tower with Radar,58,27,42,0,127,0,2,22,3,27,58,29,64,3,154,0,0,0,154
10/05/2020,TUL,OK,ASW,CE,Combined TRACON& Tower with Radar,63,22,37,35,157,0,3,28,7,38,63,25,65,42,195,0,0,0,195
10/06/2020,TUL,OK,ASW,CE,Combined TRACON& Tower with Radar,56,31,46,33,166,0,2,16,9,27,56,33,62,42,193,0,0,0,193
10/07/2020,TUL,OK,ASW,CE,Combined TRACON& Tower with Radar,59,27,30,32,148,0,2,16,0,18,59,29,46,32,166,0,0,0,166
10/08/2020,TUL,OK,ASW,CE,Combined TRACON& Tower with Radar,68,38,47,57,210,0,0,25,2,27,68,38,72,59,237,12,90,102,339
10/09/2020,TUL,OK,ASW,CE,Combined TRACON& Tower with Radar,75,33,46,44,198,0,5,19,0,24,75,38,65,44,222,0,0,0,222
10/10/2020,TUL,OK,ASW,CE,Combined TRACON& Tower with Radar,51,20,34,36,141,0,1,35,0,36,51,21,69,36,177,28,62,90,267
10/11/2020,TUL,OK,ASW,CE,Combined TRACON& Tower with Radar,57,25,32,1,115,0,0,20,1,21,57,25,52,2,136,0,0,0,136
10/12/2020,TUL,OK,ASW,CE,Combined TRACON& Tower with Radar,63,31,41,0,135,0,3,24,0,27,63,34,65,0,162,0,0,0,162
10/13/2020,TUL,OK,ASW,CE,Combined TRACON& Tower with Radar,58,34,67,87,246,0,3,46,4,53,58,37,113,91,299,6,112,118,417
10/14/2020,TUL,OK,ASW,CE,Combined TRACON& Tower with Radar,62,24,41,41,168,0,1,27,8,36,62,25,68,49,204,0,48,48,252
10/15/2020,TUL,OK,ASW,CE,Combined TRACON& Tower with Radar,67,52,59,36,214,0,3,10,7,20,67,55,69,43,234,0,0,0,234
10/16/2020,TUL,OK,ASW,CE,Combined TRACON& Tower with Radar,73,27,54,22,176,0,6,44,0,50,73,33,98,22,226,34,4,38,264
10/17/2020,TUL,OK,ASW,CE,Combined TRACON& Tower with Radar,53,19,20,0,92,0,1,6,0,7,53,20,26,0,99,0,0,0,99
10/18/2020,TUL,OK,ASW,CE,Combined TRACON& Tower with Radar,70,21,33,0,124,0,0,2,0,2,70,21,35,0,126,0,0,0,126
10/19/2020,TUL,OK,ASW,CE,Combined TRACON& Tower with Radar,65,31,28,22,146,0,0,0,0,0,65,31,28,22,146,0,0,0,146
10/20/2020,TUL,OK,ASW,CE,Combined TRACON& Tower with Radar,63,31,57,24,175,0,1,1,1,3,63,32,58,25,178,0,0,0,178
10/21/2020,TUL,OK,ASW,CE,Combined TRACON& Tower with Radar,58,28,49,44,179,0,6,25,6,37,58,34,74,50,216,0,0,0,216
10/22/2020,TUL,OK,ASW,CE,Combined TRACON& Tower with Radar,70,35,66,47,218,0,0,24,7,31,70,35,90,54,249,20,74,94,343
10/23/2020,TUL,OK,ASW,CE,Combined TRACON& Tower with Radar,75,32,41,20,168,0,0,2,2,4,75,32,43,22,172,0,0,0,172
10/24/2020,TUL,OK,ASW,CE,Combined TRACON& Tower with Radar,62,12,32,8,114,0,4,42,0,46,62,16,74,8,160,30,0,30,190
10/25/2020,TUL,OK,ASW,CE,Combined TRACON& Tower with Radar,62,27,38,0,127,0,2,4,0,6,62,29,42,0,133,0,0,0,133
10/26/2020,TUL,OK,ASW,CE,Combined TRACON& Tower with Radar,64,17,19,1,101,0,0,0,0,0,64,17,19,1,101,0,0,0,101
10/27/2020,TUL,OK,ASW,CE,Combined TRACON& Tower with Radar,59,19,24,0,102,0,0,0,0,0,59,19,24,0,102,0,0,0,102
10/28/2020,TUL,OK,ASW,CE,Combined TRACON& Tower with Radar,59,23,23,0,105,0,0,0,0,0,59,23,23,0,105,0,0,0,105
10/29/2020,TUL,OK,ASW,CE,Combined TRACON& Tower with Radar,70,36,47,24,177,0,5,13,2,20,70,41,60,26,197,20,0,20,217
10/30/2020,TUL,OK,ASW,CE,Combined TRACON& Tower with Radar,87,36,53,47,223,0,2,49,6,57,87,38,102,53,280,0,0,0,280
10/31/2020,TUL,OK,ASW,CE,Combined TRACON& Tower with Radar,48,26,27,17,118,0,1,39,1,41,48,27,66,18,159,0,0,0,159
11/01/2020,TUL,OK,ASW,CE,Combined TRACON& Tower with Radar,53,42,29,8,132,0,7,30,0,37,53,49,59,8,169,8,0,8,177
11/02/2020,TUL,OK,ASW,CE,Combined TRACON& Tower with Radar,69,27,28,38,162,0,2,35,6,43,69,29,63,44,205,4,30,34,239
11/03/2020,TUL,OK,ASW,CE,Combined TRACON& Tower with Radar,64,28,38,72,202,0,1,43,5,49,64,29,81,77,251,26,16,42,293
11/04/2020,TUL,OK,ASW,CE,Combined TRACON& Tower with Radar,57,40,33,29,159,0,9,27,8,44,57,49,60,37,203,14,50,64,267
11/05/2020,TUL,OK,ASW,CE,Combined TRACON& Tower with Radar,74,43,75,52,244,0,3,33,15,51,74,46,108,67,295,34,46,80,375
11/06/2020,TUL,OK,ASW,CE,Combined TRACON& Tower with Radar,77,29,67,27,200,0,2,37,6,45,77,31,104,33,245,0,30,30,275
11/07/2020,TUL,OK,ASW,CE,Combined TRACON& Tower with Radar,52,26,63,27,168,0,2,58,3,63,52,28,121,30,231,28,6,34,265
11/08/2020,TUL,OK,ASW,CE,Combined TRACON& Tower with Radar,60,25,39,32,156,0,0,1,0,1,60,25,40,32,157,10,10,20,177
11/09/2020,TUL,OK,ASW,CE,Combined TRACON& Tower with Radar,68,27,34,89,218,0,1,12,1,14,68,28,46,90,232,20,78,98,330
11/10/2020,TUL,OK,ASW,CE,Combined TRACON& Tower with Radar,61,35,41,19,156,0,2,4,1,7,61,37,45,20,163,0,6,6,169
11/11/2020,TUL,OK,ASW,CE,Combined TRACON& Tower with Radar,55,36,46,0,137,1,2,40,0,43,56,38,86,0,180,2,0,2,182
11/12/2020,TUL,OK,ASW,CE,Combined TRACON& Tower with Radar,73,42,47,80,242,0,5,36,0,41,73,47,83,80,283,14,22,36,319
11/13/2020,TUL,OK,ASW,CE,Combined TRACON& Tower with Radar,80,35,39,22,176,0,0,20,6,26,80,35,59,28,202,6,0,6,208
11/14/2020,TUL,OK,ASW,CE,Combined TRACON& Tower with Radar,54,31,25,2,112,0,0,4,0,4,54,31,29,2,116,0,0,0,116
11/15/2020,TUL,OK,ASW,CE,Combined TRACON& Tower with Radar,62,25,26,5,118,0,3,33,2,38,62,28,59,7,156,20,0,20,176
11/16/2020,TUL,OK,ASW,CE,Combined TRACON& Tower with Radar,69,29,36,38,172,0,2,27,4,33,69,31,63,42,205,0,36,36,241
11/17/2020,TUL,OK,ASW,CE,Combined TRACON& Tower with Radar,58,38,47,49,192,0,0,32,5,37,58,38,79,54,229,2,4,6,235
11/18/2020,TUL,OK,ASW,CE,Combined TRACON& Tower with Radar,59,39,38,51,187,0,0,18,6,24,59,39,56,57,211,10,12,22,233
11/19/2020,TUL,OK,ASW,CE,Combined TRACON& Tower with Radar,75,48,44,64,231,0,2,23,1,26,75,50,67,65,257,4,20,24,281
11/20/2020,TUL,OK,ASW,CE,Combined TRACON& Tower with Radar,79,36,54,39,208,0,1,34,6,41,79,37,88,45,249,0,6,6,255
11/21/2020,TUL,OK,ASW,CE,Combined TRACON& Tower with Radar,61,26,22,4,113,0,0,0,0,0,61,26,22,4,113,0,0,0,113
11/22/2020,TUL,OK,ASW,CE,Combined TRACON& Tower with Radar,74,21,19,16,130,0,0,3,0,3,74,21,22,16,133,20,0,20,153
11/23/2020,TUL,OK,ASW,CE,Combined TRACON& Tower with Radar,65,40,42,57,204,0,0,25,5,30,65,40,67,62,234,4,18,22,256
11/24/2020,TUL,OK,ASW,CE,Combined TRACON& Tower with Radar,77,18,31,0,126,0,0,0,0,0,77,18,31,0,126,0,0,0,126
11/25/2020,TUL,OK,ASW,CE,Combined TRACON& Tower with Radar,84,22,25,2,133,0,0,20,0,20,84,22,45,2,153,6,0,6,159
11/26/2020,TUL,OK,ASW,CE,Combined TRACON& Tower with Radar,30,14,6,0,50,0,0,8,0,8,30,14,14,0,58,4,0,4,62
11/27/2020,TUL,OK,ASW,CE,Combined TRACON& Tower with Radar,67,22,18,2,109,0,1,19,0,20,67,23,37,2,129,16,0,16,145
11/28/2020,TUL,OK,ASW,CE,Combined TRACON& Tower with Radar,75,29,24,0,128,0,0,21,0,21,75,29,45,0,149,16,0,16,165
11/29/2020,TUL,OK,ASW,CE,Combined TRACON& Tower with Radar,68,37,30,0,135,0,1,6,0,7,68,38,36,0,142,0,0,0,142
11/30/2020,TUL,OK,ASW,CE,Combined TRACON& Tower with Radar,67,25,25,60,177,0,1,29,0,30,67,26,54,60,207,0,14,14,221
12/01/2020,TUL,OK,ASW,CE,Combined TRACON& Tower with Radar,84,30,36,36,186,0,0,41,12,53,84,30,77,48,239,66,8,74,313
12/02/2020,TUL,OK,ASW,CE,Combined TRACON& Tower with Radar,61,33,29,10,133,0,0,4,3,7,61,33,33,13,140,0,0,0,140
12/03/2020,TUL,OK,ASW,CE,Combined TRACON& Tower with Radar,65,31,21,0,117,0,0,0,1,1,65,31,21,1,118,0,8,8,126
12/04/2020,TUL,OK,ASW,CE,Combined TRACON& Tower with Radar,76,30,40,24,170,0,3,35,10,48,76,33,75,34,218,30,10,40,258
12/05/2020,TUL,OK,ASW,CE,Combined TRACON& Tower with Radar,50,15,28,13,106,0,4,47,0,51,50,19,75,13,157,12,0,12,169
12/06/2020,TUL,OK,ASW,CE,Combined TRACON& Tower with Radar,57,19,24,0,100,0,2,31,0,33,57,21,55,0,133,2,0,2,135
12/07/2020,TUL,OK,ASW,CE,Combined TRACON& Tower with Radar,61,30,31,52,174,0,3,33,8,44,61,33,64,60,218,6,0,6,224
12/08/2020,TUL,OK,ASW,CE,Combined TRACON& Tower with Radar,65,37,52,49,203,0,2,27,2,31,65,39,79,51,234,34,2,36,270
12/09/2020,TUL,OK,ASW,CE,Combined TRACON& Tower with Radar,55,36,46,29,166,0,0,37,8,45,55,36,83,37,211,14,52,66,277
12/10/2020,TUL,OK,ASW,CE,Combined TRACON& Tower with Radar,63,36,59,52,210,0,2,46,7,55,63,38,105,59,265,6,32,38,303
12/11/2020,TUL,OK,ASW,CE,Combined TRACON& Tower with Radar,70,22,37,9,138,0,0,4,3,7,70,22,41,12,145,0,36,36,181
12/12/2020,TUL,OK,ASW,CE,Combined TRACON& Tower with Radar,49,22,14,0,85,0,2,4,0,6,49,24,18,0,91,0,0,0,91
12/13/2020,TUL,OK,ASW,CE,Combined TRACON& Tower with Radar,43,13,9,0,65,0,0,0,0,0,43,13,9,0,65,0,0,0,65
12/14/2020,TUL,OK,ASW,CE,Combined TRACON& Tower with Radar,66,34,40,11,151,0,1,16,2,19,66,35,56,13,170,4,6,10,180
12/15/2020,TUL,OK,ASW,CE,Combined TRACON& Tower with Radar,67,24,35,0,126,0,0,5,2,7,67,24,40,2,133,0,14,14,147
12/16/2020,TUL,OK,ASW,CE,Combined TRACON& Tower with Radar,58,34,31,6,129,0,0,6,1,7,58,34,37,7,136,0,0,0,136
12/17/2020,TUL,OK,ASW,CE,Combined TRACON& Tower with Radar,75,37,52,22,186,0,2,36,0,38,75,39,88,22,224,10,0,10,234
12/18/2020,TUL,OK,ASW,CE,Combined TRACON& Tower with Radar,87,36,24,19,166,0,0,14,2,16,87,36,38,21,182,0,30,30,212
12/19/2020,TUL,OK,ASW,CE,Combined TRACON& Tower with Radar,74,37,36,6,153,0,0,30,2,32,74,37,66,8,185,0,4,4,189
12/20/2020,TUL,OK,ASW,CE,Combined TRACON& Tower with Radar,73,22,34,14,143,0,0,23,0,23,73,22,57,14,166,6,6,12,178
12/21/2020,TUL,OK,ASW,CE,Combined TRACON& Tower with Radar,76,36,33,22,167,0,2,28,3,33,76,38,61,25,200,16,2,18,218
12/22/2020,TUL,OK,ASW,CE,Combined TRACON& Tower with Radar,86,40,39,44,209,0,0,23,7,30,86,40,62,51,239,0,16,16,255
12/23/2020,TUL,OK,ASW,CE,Combined TRACON& Tower with Radar,82,27,15,3,127,0,0,9,1,10,82,27,24,4,137,0,6,6,143
12/24/2020,TUL,OK,ASW,CE,Combined TRACON& Tower with Radar,55,22,6,0,83,0,2,3,1,6,55,24,9,1,89,0,0,0,89
12/25/2020,TUL,OK,ASW,CE,Combined TRACON& Tower with Radar,32,14,5,0,51,0,1,8,0,9,32,15,13,0,60,0,0,0,60
12/26/2020,TUL,OK,ASW,CE,Combined TRACON& Tower with Radar,70,30,36,0,136,0,5,19,0,24,70,35,55,0,160,12,0,12,172
12/27/2020,TUL,OK,ASW,CE,Combined TRACON& Tower with Radar,68,27,35,0,130,0,2,17,0,19,68,29,52,0,149,0,0,0,149
12/28/2020,TUL,OK,ASW,CE,Combined TRACON& Tower with Radar,65,33,26,3,127,0,2,20,0,22,65,35,46,3,149,2,0,2,151
12/29/2020,TUL,OK,ASW,CE,Combined TRACON& Tower with Radar,74,27,43,16,160,0,0,1,0,1,74,27,44,16,161,0,6,6,167
12/30/2020,TUL,OK,ASW,CE,Combined TRACON& Tower with Radar,87,34,27,1,149,0,0,3,0,3,87,34,30,1,152,0,0,0,152
12/31/2020,TUL,OK,ASW,CE,Combined TRACON& Tower with Radar,53,29,21,0,103,0,0,9,0,9,53,29,30,0,112,4,0,4,116
01/01/2021,TUL,OK,ASW,CE,Combined TRACON& Tower with Radar,39,23,9,0,71,0,0,2,0,2,39,23,11,0,73,0,0,0,73
01/02/2021,TUL,OK,ASW,CE,Combined TRACON& Tower with Radar,73,30,29,1,133,0,2,1,0,3,73,32,30,1,136,0,0,0,136
01/03/2021,TUL,OK,ASW,CE,Combined TRACON& Tower with Radar,66,31,42,4,143,0,2,26,0,28,66,33,68,4,171,56,0,56,227
01/04/2021,TUL,OK,ASW,CE,Combined TRACON& Tower with Radar,64,30,40,3,137,0,0,35,0,35,64,30,75,3,172,12,8,20,192
01/05/2021,TUL,OK,ASW,CE,Combined TRACON& Tower with Radar,68,28,57,40,193,0,1,38,0,39,68,29,95,40,232,46,18,64,296
01/06/2021,TUL,OK,ASW,CE,Combined TRACON& Tower with Radar,64,28,20,7,119,0,0,1,0,1,64,28,21,7,120,0,0,0,120
01/07/2021,TUL,OK,ASW,CE,Combined TRACON& Tower with Radar,65,39,18,30,152,0,0,2,8,10,65,39,20,38,162,0,40,40,202
01/08/2021,TUL,OK,ASW,CE,Combined TRACON& Tower with Radar,68,34,48,69,219,0,0,16,3,19,68,34,64,72,238,0,54,54,292
01/09/2021,TUL,OK,ASW,CE,Combined TRACON& Tower with Radar,45,27,35,43,150,0,8,28,2,38,45,35,63,45,188,2,0,2,190
01/10/2021,TUL,OK,ASW,CE,Combined TRACON& Tower with Radar,35,19,32,8,94,0,0,8,0,8,35,19,40,8,102,0,0,0,102
01/11/2021,TUL,OK,ASW,CE,Combined TRACON& Tower with Radar,61,26,21,43,151,0,0,29,7,36,61,26,50,50,187,10,16,26,213
01/12/2021,TUL,OK,ASW,CE,Combined TRACON& Tower with Radar,57,34,62,53,206,0,0,51,6,57,57,34,113,59,263,36,26,62,325
01/13/2021,TUL,OK,ASW,CE,Combined TRACON& Tower with Radar,54,36,41,56,187,0,3,27,4,34,54,39,68,60,221,22,76,98,319
01/14/2021,TUL,OK,ASW,CE,Combined TRACON& Tower with Radar,64,37,36,59,196,0,0,20,8,28,64,37,56,67,224,4,60,64,288
01/15/2021,TUL,OK,ASW,CE,Combined TRACON& Tower with Radar,66,29,36,4,135,0,0,9,0,9,66,29,45,4,144,0,0,0,144
01/16/2021,TUL,OK,ASW,CE,Combined TRACON& Tower with Radar,57,19,31,8,115,0,1,30,6,37,57,20,61,14,152,32,0,32,184
01/17/2021,TUL,OK,ASW,CE,Combined TRACON& Tower with Radar,43,21,26,11,101,0,0,20,4,24,43,21,46,15,125,12,6,18,143
01/18/2021,TUL,OK,ASW,CE,Combined TRACON& Tower with Radar,55,19,31,2,107,0,0,21,0,21,55,19,52,2,128,4,0,4,132
01/19/2021,TUL,OK,ASW,CE,Combined TRACON& Tower with Radar,60,36,36,57,189,0,1,16,1,18,60,37,52,58,207,0,12,12,219
01/20/2021,TUL,OK,ASW,CE,Combined TRACON& Tower with Radar,59,30,28,32,149,0,0,12,5,17,59,30,40,37,166,18,72,90,256
01/21/2021,TUL,OK,ASW,CE,Combined TRACON& Tower with Radar,62,37,44,20,163,0,0,6,1,7,62,37,50,21,170,14,14,28,198
01/22/2021,TUL,OK,ASW,CE,Combined TRACON& Tower with Radar,72,27,39,42,180,0,4,25,11,40,72,31,64,53,220,30,28,58,278
01/23/2021,TUL,OK,ASW,CE,Combined TRACON& Tower with Radar,47,14,22,10,93,0,0,8,0,8,47,14,30,10,101,0,4,4,105
01/24/2021,TUL,OK,ASW,CE,Combined TRACON& Tower with Radar,44,25,14,8,91,0,0,0,0,0,44,25,14,8,91,0,0,0,91
01/25/2021,TUL,OK,ASW,CE,Combined TRACON& Tower with Radar,61,25,21,16,123,0,0,2,0,2,61,25,23,16,125,0,0,0,125
01/26/2021,TUL,OK,ASW,CE,Combined TRACON& Tower with Radar,61,24,44,17,146,0,2,8,2,12,61,26,52,19,158,8,28,36,194
01/27/2021,TUL,OK,ASW,CE,Combined TRACON& Tower with Radar,68,30,41,35,174,0,0,6,2,8,68,30,47,37,182,0,8,8,190
01/28/2021,TUL,OK,ASW,CE,Combined TRACON& Tower with Radar,59,25,50,21,155,0,0,27,3,30,59,25,77,24,185,0,14,14,199
01/29/2021,TUL,OK,ASW,CE,Combined TRACON& Tower with Radar,70,33,33,22,158,0,1,23,8,32,70,34,56,30,190,2,22,24,214
01/30/2021,TUL,OK,ASW,CE,Combined TRACON& Tower with Radar,50,21,13,0,84,0,0,1,0,1,50,21,14,0,85,2,0,2,87
01/31/2021,TUL,OK,ASW,CE,Combined TRACON& Tower with Radar,43,21,21,0,85,0,0,13,0,13,43,21,34,0,98,2,0,2,100
02/01/2021,TUL,OK,ASW,CE,Combined TRACON& Tower with Radar,60,30,23,75,188,0,3,32,9,44,60,33,55,84,232,32,142,174,406
02/02/2021,TUL,OK,ASW,CE,Combined TRACON& Tower with Radar,60,26,47,70,203,0,1,46,8,55,60,27,93,78,258,12,98,110,368
02/03/2021,TUL,OK,ASW,CE,Combined TRACON& Tower with Radar,61,34,39,72,206,0,3,32,5,40,61,37,71,77,246,54,48,102,348
02/04/2021,TUL,OK,ASW,CE,Combined TRACON& Tower with Radar,65,32,33,50,180,0,0,14,7,21,65,32,47,57,201,0,80,80,281
02/05/2021,TUL,OK,ASW,CE,Combined TRACON& Tower with Radar,70,26,42,52,190,0,0,35,5,40,70,26,77,57,230,14,6,20,250
02/06/2021,TUL,OK,ASW,CE,Combined TRACON& Tower with Radar,50,18,14,12,94,0,0,2,1,3,50,18,16,13,97,0,24,24,121
02/07/2021,TUL,OK,ASW,CE,Combined TRACON& Tower with Radar,44,30,19,4,97,0,0,0,0,0,44,30,19,4,97,0,0,0,97
02/08/2021,TUL,OK,ASW,CE,Combined TRACON& Tower with Radar,60,18,14,0,92,0,0,0,0,0,60,18,14,0,92,0,0,0,92
02/09/2021,TUL,OK,ASW,CE,Combined TRACON& Tower with Radar,59,22,24,0,105,0,0,0,0,0,59,22,24,0,105,0,0,0,105
02/10/2021,TUL,OK,ASW,CE,Combined TRACON& Tower with Radar,55,17,22,0,94,0,0,0,0,0,55,17,22,0,94,0,0,0,94
02/11/2021,TUL,OK,ASW,CE,Combined TRACON& Tower with Radar,59,38,29,0,126,0,0,1,0,1,59,38,30,0,127,0,0,0,127
02/12/2021,TUL,OK,ASW,CE,Combined TRACON& Tower with Radar,80,33,21,0,134,0,0,4,0,4,80,33,25,0,138,0,0,0,138
02/13/2021,TUL,OK,ASW,CE,Combined TRACON& Tower with Radar,57,39,16,0,112,0,0,15,0,15,57,39,31,0,127,6,0,6,133
02/14/2021,TUL,OK,ASW,CE,Combined TRACON& Tower with Radar,23,10,1,0,34,0,0,0,0,0,23,10,1,0,34,0,0,0,34
02/15/2021,TUL,OK,ASW,CE,Combined TRACON& Tower with Radar,35,16,20,0,71,0,0,0,0,0,35,16,20,0,71,2,0,2,73
02/16/2021,TUL,OK,ASW,CE,Combined TRACON& Tower with Radar,29,25,15,0,69,0,1,2,2,5,29,26,17,2,74,6,0,6,80
02/17/2021,TUL,OK,ASW,CE,Combined TRACON& Tower with Radar,30,12,15,1,58,0,0,0,0,0,30,12,15,1,58,0,0,0,58
02/18/2021,TUL,OK,ASW,CE,Combined TRACON& Tower with Radar,43,45,24,1,113,0,2,17,1,20,43,47,41,2,133,12,0,12,145
02/19/2021,TUL,OK,ASW,CE,Combined TRACON& Tower with Radar,64,37,26,15,142,0,0,26,2,28,64,37,52,17,170,0,4,4,174
02/20/2021,TUL,OK,ASW,CE,Combined TRACON& Tower with Radar,49,31,21,1,102,0,1,31,3,35,49,32,52,4,137,10,0,10,147
02/21/2021,TUL,OK,ASW,CE,Combined TRACON& Tower with Radar,51,25,37,2,115,0,1,4,0,5,51,26,41,2,120,0,0,0,120
02/22/2021,TUL,OK,ASW,CE,Combined TRACON& Tower with Radar,74,31,34,79,218,0,2,46,6,54,74,33,80,85,272,16,32,48,320
02/23/2021,TUL,OK,ASW,CE,Combined TRACON& Tower with Radar,62,43,55,42,202,0,1,50,9,60,62,44,105,51,262,6,42,48,310
02/24/2021,TUL,OK,ASW,CE,Combined TRACON& Tower with Radar,69,40,34,49,192,0,4,25,8,37,69,44,59,57,229,0,42,42,271
02/25/2021,TUL,OK,ASW,CE,Combined TRACON& Tower with Radar,68,37,35,73,213,0,1,34,13,48,68,38,69,86,261,8,90,98,359
02/26/2021,TUL,OK,ASW,CE,Combined TRACON& Tower with Radar,71,50,37,6,164,0,0,0,5,5,71,50,37,11,169,8,22,30,199
02/27/2021,TUL,OK,ASW,CE,Combined TRACON& Tower with Radar,53,22,27,0,102,0,1,9,0,10,53,23,36,0,112,0,0,0,112
02/28/2021,TUL,OK,ASW,CE,Combined TRACON& Tower with Radar,58,21,15,0,94,0,1,10,0,11,58,22,25,0,105,26,28,54,159
03/01/2021,TUL,OK,ASW,CE,Combined TRACON& Tower with Radar,68,44,28,68,208,0,7,40,4,51,68,51,68,72,259,20,32,52,311
03/02/2021,TUL,OK,ASW,CE,Combined TRACON& Tower with Radar,73,36,29,71,209,0,6,35,4,45,73,42,64,75,254,8,126,134,388
03/03/2021,TUL,OK,ASW,CE,Combined TRACON& Tower with Radar,67,43,44,21,175,0,5,37,2,44,67,48,81,23,219,6,38,44,263
03/04/2021,TUL,OK,ASW,CE,Combined TRACON& Tower with Radar,70,37,36,20,163,0,4,30,5,39,70,41,66,25,202,20,10,30,232
03/05/2021,TUL,OK,ASW,CE,Combined TRACON& Tower with Radar,75,43,47,31,196,0,1,7,6,14,75,44,54,37,210,6,34,40,250
03/06/2021,TUL,OK,ASW,CE,Combined TRACON& Tower with Radar,56,29,54,20,159,0,5,31,0,36,56,34,85,20,195,8,12,20,215
03/07/2021,TUL,OK,ASW,CE,Combined TRACON& Tower with Radar,67,37,50,39,193,0,3,24,2,29,67,40,74,41,222,2,30,32,254
03/08/2021,TUL,OK,ASW,CE,Combined TRACON& Tower with Radar,74,25,31,116,246,0,4,24,5,33,74,29,55,121,279,40,136,176,455
03/09/2021,TUL,OK,ASW,CE,Combined TRACON& Tower with Radar,62,35,37,72,206,0,1,14,0,15,62,36,51,72,221,8,16,24,245
03/10/2021,TUL,OK,ASW,CE,Combined TRACON& Tower with Radar,63,31,36,62,192,0,1,7,1,9,63,32,43,63,201,2,4,6,207
03/11/2021,TUL,OK,ASW,CE,Combined TRACON& Tower with Radar,73,42,56,15,186,0,0,0,2,2,73,42,56,17,188,0,0,0,188
03/12/2021,TUL,OK,ASW,CE,Combined TRACON& Tower with Radar,81,39,39,0,159,0,0,2,1,3,81,39,41,1,162,2,0,2,164
03/13/2021,TUL,OK,ASW,CE,Combined TRACON& Tower with Radar,57,35,39,2,133,0,2,4,1,7,57,37,43,3,140,14,18,32,172
03/14/2021,TUL,OK,ASW,CE,Combined TRACON& Tower with Radar,58,24,25,8,115,0,0,0,1,1,58,24,25,9,116,0,0,0,116
03/15/2021,TUL,OK,ASW,CE,Combined TRACON& Tower with Radar,81,43,36,80,240,0,5,14,4,23,81,48,50,84,263,6,106,112,375
03/16/2021,TUL,OK,ASW,CE,Combined TRACON& Tower with Radar,73,36,37,88,234,0,1,38,14,53,73,37,75,102,287,0,86,86,373
03/17/2021,TUL,OK,ASW,CE,Combined TRACON& Tower with Radar,69,31,19,6,125,0,0,3,0,3,69,31,22,6,128,0,16,16,144
03/18/2021,TUL,OK,ASW,CE,Combined TRACON& Tower with Radar,79,33,36,25,173,0,0,6,1,7,79,33,42,26,180,0,22,22,202
03/19/2021,TUL,OK,ASW,CE,Combined TRACON& Tower with Radar,86,35,37,65,223,0,12,37,6,55,86,47,74,71,278,36,26,62,340
03/20/2021,TUL,OK,ASW,CE,Combined TRACON& Tower with Radar,61,43,31,6,141,0,5,59,3,67,61,48,90,9,208,20,12,32,240
03/21/2021,TUL,OK,ASW,CE,Combined TRACON& Tower with Radar,62,43,30,7,142,0,0,13,0,13,62,43,43,7,155,0,18,18,173
03/22/2021,TUL,OK,ASW,CE,Combined TRACON& Tower with Radar,71,34,28,37,170,0,0,6,3,9,71,34,34,40,179,0,6,6,185
03/23/2021,TUL,OK,ASW,CE,Combined TRACON& Tower with Radar,84,34,58,26,202,0,2,9,5,16,84,36,67,31,218,26,36,62,280
03/24/2021,TUL,OK,ASW,CE,Combined TRACON& Tower with Radar,88,37,52,163,340,0,4,35,14,53,88,41,87,177,393,22,48,70,463
03/25/2021,TUL,OK,ASW,CE,Combined TRACON& Tower with Radar,80,35,34,16,165,0,2,3,2,7,80,37,37,18,172,8,0,8,180
03/26/2021,TUL,OK,ASW,CE,Combined TRACON& Tower with Radar,88,43,46,66,243,0,9,27,15,51,88,52,73,81,294,30,86,116,410
03/27/2021,TUL,OK,ASW,CE,Combined TRACON& Tower with Radar,57,32,30,24,143,0,0,20,2,22,57,32,50,26,165,22,14,36,201
03/28/2021,TUL,OK,ASW,CE,Combined TRACON& Tower with Radar,61,25,26,26,138,0,0,30,4,34,61,25,56,30,172,4,0,4,176
03/29/2021,TUL,OK,ASW,CE,Combined TRACON& Tower with Radar,76,26,30,56,188,0,1,32,1,34,76,27,62,57,222,10,8,18,240
03/30/2021,TUL,OK,ASW,CE,Combined TRACON& Tower with Radar,75,30,31,79,215,0,2,12,3,17,75,32,43,82,232,0,16,16,248
03/31/2021,TUL,OK,ASW,CE,Combined TRACON& Tower with Radar,82,37,43,61,223,0,2,31,14,47,82,39,74,75,270,8,34,42,312
04/01/2021,TUL,OK,ASW,CE,Combined TRACON& Tower with Radar,76,43,45,63,227,0,3,24,9,36,76,46,69,72,263,22,204,226,489
04/02/2021,TUL,OK,ASW,CE,Combined TRACON& Tower with Radar,87,34,39,18,178,0,3,34,4,41,87,37,73,22,219,26,26,52,271
04/03/2021,TUL,OK,ASW,CE,Combined TRACON& Tower with Radar,55,24,18,0,97,0,0,20,0,20,55,24,38,0,117,0,0,0,117
04/04/2021,TUL,OK,ASW,CE,Combined TRACON& Tower with Radar,66,24,13,0,103,0,1,25,2,28,66,25,38,2,131,16,6,22,153
04/05/2021,TUL,OK,ASW,CE,Combined TRACON& Tower with Radar,79,34,47,67,227,0,3,13,6,22,79,37,60,73,249,14,4,18,267
04/06/2021,TUL,OK,ASW,CE,Combined TRACON& Tower with Radar,76,30,48,91,245,0,1,9,0,10,76,31,57,91,255,2,12,14,269
04/07/2021,TUL,OK,ASW,CE,Combined TRACON& Tower with Radar,83,43,33,13,172,0,2,5,3,10,83,45,38,16,182,10,4,14,196
04/08/2021,TUL,OK,ASW,CE,Combined TRACON& Tower with Radar,80,27,38,26,171,0,0,27,10,37,80,27,65,36,208,6,6,12,220
04/09/2021,TUL,OK,ASW,CE,Combined TRACON& Tower with Radar,88,33,37,22,180,0,0,12,5,17,88,33,49,27,197,4,4,8,205
04/10/2021,TUL,OK,ASW,CE,Combined TRACON& Tower with Radar,62,35,26,12,135,0,1,9,0,10,62,36,35,12,145,0,20,20,165
04/11/2021,TUL,OK,ASW,CE,Combined TRACON& Tower with Radar,67,30,26,20,143,0,0,24,0,24,67,30,50,20,167,30,24,54,221
04/12/2021,TUL,OK,ASW,CE,Combined TRACON& Tower with Radar,93,33,28,86,240,0,5,26,1,32,93,38,54,87,272,0,42,42,314
04/13/2021,TUL,OK,ASW,CE,Combined TRACON& Tower with Radar,79,35,43,118,275,0,1,13,9,23,79,36,56,127,298,6,58,64,362
04/14/2021,TUL,OK,ASW,CE,Combined TRACON& Tower with Radar,73,42,43,36,194,0,0,14,6,20,73,42,57,42,214,10,16,26,240
04/15/2021,TUL,OK,ASW,CE,Combined TRACON& Tower with Radar,90,57,50,59,256,0,0,22,3,25,90,57,72,62,281,6,66,72,353
04/16/2021,TUL,OK,ASW,CE,Combined TRACON& Tower with Radar,84,31,35,0,150,0,0,2,0,2,84,31,37,0,152,0,0,0,152
04/17/2021,TUL,OK,ASW,CE,Combined TRACON& Tower with Radar,64,31,31,12,138,0,3,8,0,11,64,34,39,12,149,0,16,16,165
04/18/2021,TUL,OK,ASW,CE,Combined TRACON& Tower with Radar,71,35,29,10,145,0,1,28,2,31,71,36,57,12,176,16,0,16,192
04/19/2021,TUL,OK,ASW,CE,Combined TRACON& Tower with Radar,84,32,35,53,204,0,6,48,2,56,84,38,83,55,260,24,60,84,344
04/20/2021,TUL,OK,ASW,CE,Combined TRACON& Tower with Radar,72,32,45,13,162,0,1,2,2,5,72,33,47,15,167,0,0,0,167
04/21/2021,TUL,OK,ASW,CE,Combined TRACON& Tower with Radar,72,37,38,51,198,0,6,41,6,53,72,43,79,57,251,54,46,100,351
04/22/2021,TUL,OK,ASW,CE,Combined TRACON& Tower with Radar,83,30,42,130,285,0,4,22,8,34,83,34,64,138,319,12,90,102,421
04/23/2021,TUL,OK,ASW,CE,Combined TRACON& Tower with Radar,92,27,40,33,192,0,5,2,0,7,92,32,42,33,199,22,0,22,221
04/24/2021,TUL,OK,ASW,CE,Combined TRACON& Tower with Radar,65,29,16,4,114,0,0,9,2,11,65,29,25,6,125,14,0,14,139
04/25/2021,TUL,OK,ASW,CE,Combined TRACON& Tower with Radar,75,39,39,4,157,0,9,21,2,32,75,48,60,6,189,0,0,0,189
04/26/2021,TUL,OK,ASW,CE,Combined TRACON& Tower with Radar,81,34,39,116,270,0,0,14,3,17,81,34,53,119,287,0,64,64,351
04/27/2021,TUL,OK,ASW,CE,Combined TRACON& Tower with Radar,75,32,38,48,193,0,0,6,2,8,75,32,44,50,201,0,34,34,235
04/28/2021,TUL,OK,ASW,CE,Combined TRACON& Tower with Radar,69,30,17,2,118,0,0,0,0,0,69,30,17,2,118,0,0,0,118
04/29/2021,TUL,OK,ASW,CE,Combined TRACON& Tower with Radar,86,34,40,70,230,0,4,25,5,34,86,38,65,75,264,50,24,74,338
04/30/2021,TUL,OK,ASW,CE,Combined TRACON& Tower with Radar,91,38,30,76,235,0,9,41,14,64,91,47,71,90,299,12,28,40,339
05/01/2021,TUL,OK,ASW,CE,Combined TRACON& Tower with Radar,62,37,23,31,153,0,17,18,9,44,62,54,41,40,197,6,8,14,211
05/02/2021,TUL,OK,ASW,CE,Combined TRACON& Tower with Radar,77,36,32,15,160,0,3,11,0,14,77,39,43,15,174,0,0,0,174
05/03/2021,TUL,OK,ASW,CE,Combined TRACON& Tower with Radar,82,30,20,63,195,0,1,6,0,7,82,31,26,63,202,0,26,26,228
05/04/2021,TUL,OK,ASW,CE,Combined TRACON& Tower with Radar,80,24,29,8,141,0,1,7,1,9,80,25,36,9,150,0,28,28,178
05/05/2021,TUL,OK,ASW,CE,Combined TRACON& Tower with Radar,72,31,34,38,175,0,6,40,8,54,72,37,74,46,229,6,6,12,241
05/06/2021,TUL,OK,ASW,CE,Combined TRACON& Tower with Radar,95,36,26,35,192,0,7,29,10,46,95,43,55,45,238,4,20,24,262
05/07/2021,TUL,OK,ASW,CE,Combined TRACON& Tower with Radar,94,30,38,32,194,0,3,7,5,15,94,33,45,37,209,4,34,38,247
05/08/2021,TUL,OK,ASW,CE,Combined TRACON& Tower with Radar,77,31,26,2,136,0,3,26,1,30,77,34,52,3,166,0,0,0,166
05/09/2021,TUL,OK,ASW,CE,Combined TRACON& Tower with Radar,71,21,23,4,119,0,1,0,3,4,71,22,23,7,123,0,0,0,123
05/10/2021,TUL,OK,ASW,CE,Combined TRACON& Tower with Radar,98,27,38,69,232,0,6,7,1,14,98,33,45,70,246,0,24,24,270
05/11/2021,TUL,OK,ASW,CE,Combined TRACON& Tower with Radar,98,32,33,15,178,0,3,2,3,8,98,35,35,18,186,0,18,18,204
05/12/2021,TUL,OK,ASW,CE,Combined TRACON& Tower with Radar,87,32,46,63,228,0,0,26,6,32,87,32,72,69,260,24,2,26,286
05/13/2021,TUL,OK,ASW,CE,Combined TRACON& Tower with Radar,89,34,41,55,219,0,2,41,4,47,89,36,82,59,266,4,22,26,292
05/14/2021,TUL,OK,ASW,CE,Combined TRACON& Tower with Radar,88,28,49,55,220,0,0,27,12,39,88,28,76,67,259,0,68,68,327
05/15/2021,TUL,OK,ASW,CE,Combined TRACON& Tower with Radar,70,23,29,19,141,0,2,15,2,19,70,25,44,21,160,18,0,18,178
05/16/2021,TUL,OK,ASW,CE,Combined TRACON& Tower with Radar,71,20,18,30,139,0,5,3,1,9,71,25,21,31,148,2,24,26,174
05/17/2021,TUL,OK,ASW,CE,Combined TRACON& Tower with Radar,92,32,33,82,239,0,0,7,0,7,92,32,40,82,246,0,102,102,348
05/18/2021,TUL,OK,ASW,CE,Combined TRACON& Tower with Radar,96,29,52,68,245,0,2,6,1,9,96,31,58,69,254,4,40,44,298
05/19/2021,TUL,OK,ASW,CE,Combined TRACON& Tower with Radar,74,21,33,6,134,0,0,2,0,2,74,21,35,6,136,26,0,26,162
05/20/2021,TUL,OK,ASW,CE,Combined TRACON& Tower with Radar,97,42,48,11,198,0,0,3,0,3,97,42,51,11,201,20,0,20,221
05/21/2021,TUL,OK,ASW,CE,Combined TRACON& Tower with Radar,94,43,44,42,223,0,0,2,3,5,94,43,46,45,228,36,54,90,318
05/22/2021,TUL,OK,ASW,CE,Combined TRACON& Tower with Radar,71,35,19,0,125,0,3,8,4,15,71,38,27,4,140,50,0,50,190
05/23/2021,TUL,OK,ASW,CE,Combined TRACON& Tower with Radar,76,27,24,10,137,0,1,4,4,9,76,28,28,14,146,18,0,18,164
05/24/2021,TUL,OK,ASW,CE,Combined TRACON& Tower with Radar,111,30,40,86,267,0,2,26,0,28,111,32,66,86,295,0,18,18,313
05/25/2021,TUL,OK,ASW,CE,Combined TRACON& Tower with Radar,89,34,51,46,220,0,0,9,0,9,89,34,60,46,229,0,14,14,243
05/26/2021,TUL,OK,ASW,CE,Combined TRACON& Tower with Radar,88,34,39,11,172,0,0,10,4,14,88,34,49,15,186,24,2,26,212
05/27/2021,TUL,OK,ASW,CE,Combined TRACON& Tower with Radar,85,24,45,0,154,0,0,4,0,4,85,24,49,0,158,0,0,0,158
05/28/2021,TUL,OK,ASW,CE,Combined TRACON& Tower with Radar,95,35,41,0,171,0,2,16,2,20,95,37,57,2,191,16,0,16,207
05/29/2021,TUL,OK,ASW,CE,Combined TRACON& Tower with Radar,66,17,25,4,112,0,4,20,3,27,66,21,45,7,139,0,0,0,139
05/30/2021,TUL,OK,ASW,CE,Combined TRACON& Tower with Radar,69,34,31,0,134,0,6,28,0,34,69,40,59,0,168,30,0,30,198
05/31/2021,TUL,OK,ASW,CE,Combined TRACON& Tower with Radar,75,21,27,3,126,0,0,3,0,3,75,21,30,3,129,10,0,10,139
06/01/2021,TUL,OK,ASW,CE,Combined TRACON& Tower with Radar,84,18,32,3,137,0,0,1,0,1,84,18,33,3,138,0,0,0,138
06/02/2021,TUL,OK,ASW,CE,Combined TRACON& Tower with Radar,88,40,46,31,205,0,0,24,7,31,88,40,70,38,236,2,20,22,258
06/03/2021,TUL,OK,ASW,CE,Combined TRACON& Tower with Radar,88,42,56,44,230,0,2,44,6,52,88,44,100,50,282,52,32,84,366
06/04/2021,TUL,OK,ASW,CE,Combined TRACON& Tower with Radar,95,38,29,40,202,0,6,42,12,60,95,44,71,52,262,18,28,46,308
06/05/2021,TUL,OK,ASW,CE,Combined TRACON& Tower with Radar,81,33,19,32,165,0,8,27,5,40,81,41,46,37,205,0,22,22,227
06/06/2021,TUL,OK,ASW,CE,Combined TRACON& Tower with Radar,74,37,23,33,167,0,0,11,3,14,74,37,34,36,181,0,0,0,181
06/07/2021,TUL,OK,ASW,CE,Combined TRACON& Tower with Radar,81,33,34,0,148,0,3,3,0,6,81,36,37,0,154,0,0,0,154
06/08/2021,TUL,OK,ASW,CE,Combined TRACON& Tower with Radar,88,35,59,23,205,0,7,16,9,32,88,42,75,32,237,18,14,32,269
06/09/2021,TUL,OK,ASW,CE,Combined TRACON& Tower with Radar,93,34,54,15,196,0,11,15,4,30,93,45,69,19,226,12,24,36,262
06/10/2021,TUL,OK,ASW,CE,Combined TRACON& Tower with Radar,89,55,52,26,222,0,5,27,7,39,89,60,79,33,261,36,52,88,349
06/11/2021,TUL,OK,ASW,CE,Combined TRACON& Tower with Radar,103,41,43,43,230,0,0,24,1,25,103,41,67,44,255,0,94,94,349
06/12/2021,TUL,OK,ASW,CE,Combined TRACON& Tower with Radar,77,26,31,17,151,0,7,22,5,34,77,33,53,22,185,4,4,8,193
06/13/2021,TUL,OK,ASW,CE,Combined TRACON& Tower with Radar,80,39,39,2,160,0,2,17,2,21,80,41,56,4,181,16,2,18,199
06/14/2021,TUL,OK,ASW,CE,Combined TRACON& Tower with Radar,94,33,31,76,234,0,5,23,2,30,94,38,54,78,264,76,14,90,354
06/15/2021,TUL,OK,ASW,CE,Combined TRACON& Tower with Radar,84,34,42,92,252,0,6,30,12,48,84,40,72,104,300,2,104,106,406
06/16/2021,TUL,OK,ASW,CE,Combined TRACON& Tower with Radar,94,34,46,58,232,0,10,14,9,33,94,44,60,67,265,24,48,72,337
06/17/2021,TUL,OK,ASW,CE,Combined TRACON& Tower with Radar,86,48,39,54,227,0,2,26,8,36,86,50,65,62,263,4,52,56,319
06/18/2021,TUL,OK,ASW,CE,Combined TRACON& Tower with Radar,94,47,40,7,188,0,3,25,6,34,94,50,65,13,222,0,12,12,234
06/19/2021,TUL,OK,ASW,CE,Combined TRACON& Tower with Radar,85,35,19,4,143,0,2,14,3,19,85,37,33,7,162,0,0,0,162
06/20/2021,TUL,OK,ASW,CE,Combined TRACON& Tower with Radar,82,26,17,9,134,0,5,12,1,18,82,31,29,10,152,10,0,10,162
06/21/2021,TUL,OK,ASW,CE,Combined TRACON& Tower with Radar,88,37,25,16,166,0,0,6,5,11,88,37,31,21,177,8,0,8,185
06/22/2021,TUL,OK,ASW,CE,Combined TRACON& Tower with Radar,91,40,44,66,241,0,5,40,7,52,91,45,84,73,293,0,32,32,325
06/23/2021,TUL,OK,ASW,CE,Combined TRACON& Tower with Radar,89,53,50,91,283,0,0,35,10,45,89,53,85,101,328,0,42,42,370
06/24/2021,TUL,OK,ASW,CE,Combined TRACON& Tower with Radar,86,45,60,71,262,0,2,24,5,31,86,47,84,76,293,0,30,30,323
06/25/2021,TUL,OK,ASW,CE,Combined TRACON& Tower with Radar,91,47,46,50,234,0,3,28,7,38,91,50,74,57,272,2,6,8,280
06/26/2021,TUL,OK,ASW,CE,Combined TRACON& Tower with Radar,83,40,11,1,135,0,0,1,0,1,83,40,12,1,136,2,0,2,138
06/27/2021,TUL,OK,ASW,CE,Combined TRACON& Tower with Radar,81,36,17,0,134,0,0,1,1,2,81,36,18,1,136,0,0,0,136
06/28/2021,TUL,OK,ASW,CE,Combined TRACON& Tower with Radar,98,30,20,13,161,0,0,13,0,13,98,30,33,13,174,2,0,2,176
06/29/2021,TUL,OK,ASW,CE,Combined TRACON& Tower with Radar,90,28,40,54,212,0,2,16,5,23,90,30,56,59,235,4,48,52,287
06/30/2021,TUL,OK,ASW,CE,Combined TRACON& Tower with Radar,95,38,36,33,202,0,4,22,7,33,95,42,58,40,235,24,58,82,317
07/01/2021,TUL,OK,ASW,CE,Combined TRACON& Tower with Radar,95,41,36,1,173,0,0,2,3,5,95,41,38,4,178,0,8,8,186
07/02/2021,TUL,OK,ASW,CE,Combined TRACON& Tower with Radar,98,50,38,1,187,0,1,6,2,9,98,51,44,3,196,0,0,0,196
07/03/2021,TUL,OK,ASW,CE,Combined TRACON& Tower with Radar,76,27,4,0,107,0,0,10,0,10,76,27,14,0,117,0,0,0,117
07/04/2021,TUL,OK,ASW,CE,Combined TRACON& Tower with Radar,72,24,16,1,113,0,2,15,1,18,72,26,31,2,131,2,0,2,133
07/05/2021,TUL,OK,ASW,CE,Combined TRACON& Tower with Radar,86,27,33,0,146,0,0,22,0,22,86,27,55,0,168,4,0,4,172
07/06/2021,TUL,OK,ASW,CE,Combined TRACON& Tower with Radar,94,30,43,61,228,0,4,21,4,29,94,34,64,65,257,0,24,24,281
07/07/2021,TUL,OK,ASW,CE,Combined TRACON& Tower with Radar,94,46,37,66,243,0,3,12,1,16,94,49,49,67,259,38,42,80,339
07/08/2021,TUL,OK,ASW,CE,Combined TRACON& Tower with Radar,85,50,55,87,277,0,8,19,2,29,85,58,74,89,306,16,30,46,352
07/09/2021,TUL,OK,ASW,CE,Combined TRACON& Tower with Radar,109,45,37,125,316,0,0,25,6,31,109,45,62,131,347,4,52,56,403
07/10/2021,TUL,OK,ASW,CE,Combined TRACON& Tower with Radar,84,29,23,22,158,0,0,5,0,5,84,29,28,22,163,0,0,0,163
07/11/2021,TUL,OK,ASW,CE,Combined TRACON& Tower with Radar,82,39,31,11,163,0,0,14,0,14,82,39,45,11,177,0,0,0,177
07/12/2021,TUL,OK,ASW,CE,Combined TRACON& Tower with Radar,84,36,51,72,243,0,0,15,6,21,84,36,66,78,264,4,6,10,274
07/13/2021,TUL,OK,ASW,CE,Combined TRACON& Tower with Radar,92,42,40,86,260,0,3,38,4,45,92,45,78,90,305,10,82,92,397
07/14/2021,TUL,OK,ASW,CE,Combined TRACON& Tower with Radar,90,42,43,65,240,0,3,27,4,34,90,45,70,69,274,10,34,44,318
07/15/2021,TUL,OK,ASW,CE,Combined TRACON& Tower with Radar,88,54,56,57,255,0,4,19,12,35,88,58,75,69,290,0,26,26,316
07/16/2021,TUL,OK,ASW,CE,Combined TRACON& Tower with Radar,103,37,32,19,191,0,4,32,3,39,103,41,64,22,230,0,4,4,234
07/17/2021,TUL,OK,ASW,CE,Combined TRACON& Tower with Radar,85,30,24,0,139,0,0,13,1,14,85,30,37,1,153,0,0,0,153
07/18/2021,TUL,OK,ASW,CE,Combined TRACON& Tower with Radar,79,43,30,2,154,0,4,9,0,13,79,47,39,2,167,0,0,0,167
07/19/2021,TUL,OK,ASW,CE,Combined TRACON& Tower with Radar,89,51,30,62,232,0,5,15,7,27,89,56,45,69,259,8,48,56,315
07/20/2021,TUL,OK,ASW,CE,Combined TRACON& Tower with Radar,92,40,57,76,265,0,2,19,4,25,92,42,76,80,290,8,48,56,346
07/21/2021,TUL,OK,ASW,CE,Combined TRACON& Tower with Radar,94,40,49,75,258,0,0,20,5,25,94,40,69,80,283,0,18,18,301
07/22/2021,TUL,OK,ASW,CE,Combined TRACON& Tower with Radar,102,39,46,65,252,0,6,22,1,29,102,45,68,66,281,18,22,40,321
07/23/2021,TUL,OK,ASW,CE,Combined TRACON& Tower with Radar,102,36,26,20,184,0,5,24,3,32,102,41,50,23,216,20,8,28,244
07/24/2021,TUL,OK,ASW,CE,Combined TRACON& Tower with Radar,85,29,20,1,135,0,2,9,0,11,85,31,29,1,146,10,0,10,156
07/25/2021,TUL,OK,ASW,CE,Combined TRACON& Tower with Radar,80,33,40,6,159,0,0,9,0,9,80,33,49,6,168,4,0,4,172
07/26/2021,TUL,OK,ASW,CE,Combined TRACON& Tower with Radar,102,40,37,57,236,0,0,21,5,26,102,40,58,62,262,0,10,10,272
07/27/2021,TUL,OK,ASW,CE,Combined TRACON& Tower with Radar,99,45,47,66,257,0,3,21,5,29,99,48,68,71,286,4,42,46,332
07/28/2021,TUL,OK,ASW,CE,Combined TRACON& Tower with Radar,98,42,37,71,248,0,5,30,15,50,98,47,67,86,298,4,20,24,322
07/29/2021,TUL,OK,ASW,CE,Combined TRACON& Tower with Radar,98,35,45,25,203,0,2,24,1,27,98,37,69,26,230,0,30,30,260
07/30/2021,TUL,OK,ASW,CE,Combined TRACON& Tower with Radar,104,40,28,55,227,0,1,28,2,31,104,41,56,57,258,4,22,26,284
07/31/2021,TUL,OK,ASW,CE,Combined TRACON& Tower with Radar,81,24,27,8,140,0,2,21,1,24,81,26,48,9,164,18,0,18,182
08/01/2021,TUL,OK,ASW,CE,Combined TRACON& Tower with Radar,98,25,25,4,152,0,1,8,0,9,98,26,33,4,161,2,0,2,163
08/02/2021,TUL,OK,ASW,CE,Combined TRACON& Tower with Radar,86,36,28,42,192,0,2,11,4,17,86,38,39,46,209,4,4,8,217
08/03/2021,TUL,OK,ASW,CE,Combined TRACON& Tower with Radar,88,40,55,32,215,0,0,26,10,36,88,40,81,42,251,0,56,56,307
08/04/2021,TUL,OK,ASW,CE,Combined TRACON& Tower with Radar,90,48,35,35,208,0,1,25,4,30,90,49,60,39,238,0,14,14,252
08/05/2021,TUL,OK,ASW,CE,Combined TRACON& Tower with Radar,88,45,50,12,195,0,0,21,0,21,88,45,71,12,216,0,8,8,224
08/06/2021,TUL,OK,ASW,CE,Combined TRACON& Tower with Radar,99,45,43,52,239,0,6,27,8,41,99,51,70,60,280,0,20,20,300
08/07/2021,TUL,OK,ASW,CE,Combined TRACON& Tower with Radar,78,35,18,24,155,0,0,17,1,18,78,35,35,25,173,4,12,16,189
08/08/2021,TUL,OK,ASW,CE,Combined TRACON& Tower with Radar,79,33,24,17,153,0,0,19,3,22,79,33,43,20,175,16,18,34,209
08/09/2021,TUL,OK,ASW,CE,Combined TRACON& Tower with Radar,90,44,40,33,207,0,0,16,11,27,90,44,56,44,234,0,30,30,264
08/10/2021,TUL,OK,ASW,CE,Combined TRACON& Tower with Radar,88,42,45,68,243,0,3,32,2,37,88,45,77,70,280,10,34,44,324
08/11/2021,TUL,OK,ASW,CE,Combined TRACON& Tower with Radar,93,38,31,64,226,0,1,22,8,31,93,39,53,72,257,8,76,84,341
08/12/2021,TUL,OK,ASW,CE,Combined TRACON& Tower with Radar,100,51,46,91,288,0,4,20,6,30,100,55,66,97,318,36,74,110,428
08/13/2021,TUL,OK,ASW,CE,Combined TRACON& Tower with Radar,110,52,36,33,231,0,2,11,1,14,110,54,47,34,245,16,62,78,323
08/14/2021,TUL,OK,ASW,CE,Combined TRACON& Tower with Radar,73,44,23,26,166,0,3,13,2,18,73,47,36,28,184,10,4,14,198
08/15/2021,TUL,OK,ASW,CE,Combined TRACON& Tower with Radar,86,34,30,12,162,0,4,18,0,22,86,38,48,12,184,16,0,16,200
08/16/2021,TUL,OK,ASW,CE,Combined TRACON& Tower with Radar,98,36,37,60,231,0,2,17,4,23,98,38,54,64,254,0,28,28,282
08/17/2021,TUL,OK,ASW,CE,Combined TRACON& Tower with Radar,99,52,39,20,210,0,2,19,4,25,99,54,58,24,235,6,12,18,253
08/18/2021,TUL,OK,ASW,CE,Combined TRACON& Tower with Radar,81,44,37,23,185,0,4,15,2,21,81,48,52,25,206,10,2,12,218
08/19/2021,TUL,OK,ASW,CE,Combined TRACON& Tower with Radar,94,56,52,56,258,0,0,7,5,12,94,56,59,61,270,4,10,14,284
08/20/2021,TUL,OK,ASW,CE,Combined TRACON& Tower with Radar,96,46,31,51,224,0,5,26,6,37,96,51,57,57,261,6,2,8,269
08/21/2021,TUL,OK,ASW,CE,Combined TRACON& Tower with Radar,74,25,21,2,122,0,0,18,3,21,74,25,39,5,143,8,0,8,151
08/22/2021,TUL,OK,ASW,CE,Combined TRACON& Tower with Radar,81,40,26,5,152,0,0,22,1,23,81,40,48,6,175,4,0,4,179
08/23/2021,TUL,OK,ASW,CE,Combined TRACON& Tower with Radar,90,38,41,28,197,0,0,28,2,30,90,38,69,30,227,4,30,34,261
08/24/2021,TUL,OK,ASW,CE,Combined TRACON& Tower with Radar,84,33,36,57,210,0,0,22,16,38,84,33,58,73,248,12,20,32,280
08/25/2021,TUL,OK,ASW,CE,Combined TRACON& Tower with Radar,91,37,43,56,227,0,5,19,11,35,91,42,62,67,262,10,16,26,288
08/26/2021,TUL,OK,ASW,CE,Combined TRACON& Tower with Radar,93,42,55,47,237,0,3,27,8,38,93,45,82,55,275,8,30,38,313
08/27/2021,TUL,OK,ASW,CE,Combined TRACON& Tower with Radar,93,45,44,43,225,0,0,40,5,45,93,45,84,48,270,0,0,0,270
08/28/2021,TUL,OK,ASW,CE,Combined TRACON& Tower with Radar,73,34,25,32,164,0,0,20,4,24,73,34,45,36,188,0,4,4,192
08/29/2021,TUL,OK,ASW,CE,Combined TRACON& Tower with Radar,70,37,32,0,139,0,0,12,0,12,70,37,44,0,151,6,0,6,157
08/30/2021,TUL,OK,ASW,CE,Combined TRACON& Tower with Radar,87,30,29,60,206,0,3,12,2,17,87,33,41,62,223,0,18,18,241
08/31/2021,TUL,OK,ASW,CE,Combined TRACON& Tower with Radar,80,32,43,43,198,0,1,25,4,30,80,33,68,47,228,2,26,28,256
09/01/2021,TUL,OK,ASW,CE,Combined TRACON& Tower with Radar,86,46,43,82,257,0,3,11,9,23,86,49,54,91,280,16,54,70,350
09/02/2021,TUL,OK,ASW,CE,Combined TRACON& Tower with Radar,89,40,53,28,210,0,3,24,14,41,89,43,77,42,251,2,30,32,283
09/03/2021,TUL,OK,ASW,CE,Combined TRACON& Tower with Radar,95,48,47,15,205,0,2,18,3,23,95,50,65,18,228,0,24,24,252
09/04/2021,TUL,OK,ASW,CE,Combined TRACON& Tower with Radar,63,29,18,0,110,0,2,15,0,17,63,31,33,0,127,0,0,0,127
09/05/2021,TUL,OK,ASW,CE,Combined TRACON& Tower with Radar,60,27,8,2,97,0,0,10,0,10,60,27,18,2,107,14,0,14,121
09/06/2021,TUL,OK,ASW,CE,Combined TRACON& Tower with Radar,75,28,29,2,134,0,4,24,0,28,75,32,53,2,162,34,0,34,196
09/07/2021,TUL,OK,ASW,CE,Combined TRACON& Tower with Radar,76,34,39,42,191,0,0,29,5,34,76,34,68,47,225,0,34,34,259
09/08/2021,TUL,OK,ASW,CE,Combined TRACON& Tower with Radar,81,43,50,16,190,0,2,19,11,32,81,45,69,27,222,18,38,56,278
09/09/2021,TUL,OK,ASW,CE,Combined TRACON& Tower with Radar,92,42,54,40,228,0,0,22,6,28,92,42,76,46,256,2,44,46,302
09/10/2021,TUL,OK,ASW,CE,Combined TRACON& Tower with Radar,100,43,27,51,221,0,5,11,4,20,100,48,38,55,241,6,16,22,263
09/11/2021,TUL,OK,ASW,CE,Combined TRACON& Tower with Radar,67,29,30,24,150,0,5,33,3,41,67,34,63,27,191,0,18,18,209
09/12/2021,TUL,OK,ASW,CE,Combined TRACON& Tower with Radar,78,38,43,35,194,0,2,15,2,19,78,40,58,37,213,6,8,14,227
09/13/2021,TUL,OK,ASW,CE,Combined TRACON& Tower with Radar,91,31,49,54,225,0,2,13,4,19,91,33,62,58,244,0,22,22,266
09/14/2021,TUL,OK,ASW,CE,Combined TRACON& Tower with Radar,95,42,42,85,264,0,2,22,3,27,95,44,64,88,291,10,48,58,349
09/15/2021,TUL,OK,ASW,CE,Combined TRACON& Tower with Radar,92,50,32,104,278,0,1,16,6,23,92,51,48,110,301,0,56,56,357
09/16/2021,TUL,OK,ASW,CE,Combined TRACON& Tower with Radar,92,53,33,33,211,0,6,32,2,40,92,59,65,35,251,4,38,42,293
09/17/2021,TUL,OK,ASW,CE,Combined TRACON& Tower with Radar,102,49,40,18,209,0,3,26,8,37,102,52,66,26,246,0,16,16,262
09/18/2021,TUL,OK,ASW,CE,Combined TRACON& Tower with Radar,72,36,26,4,138,0,2,21,2,25,72,38,47,6,163,0,0,0,163
09/19/2021,TUL,OK,ASW,CE,Combined TRACON& Tower with Radar,88,35,44,22,189,0,2,15,0,17,88,37,59,22,206,0,4,4,210
09/20/2021,TUL,OK,ASW,CE,Combined TRACON& Tower with Radar,97,36,32,46,211,0,0,17,5,22,97,36,49,51,233,0,20,20,253
09/21/2021,TUL,OK,ASW,CE,Combined TRACON& Tower with Radar,87,40,45,92,264,0,4,8,9,21,87,44,53,101,285,6,56,62,347
09/22/2021,TUL,OK,ASW,CE,Combined TRACON& Tower with Radar,88,32,41,16,177,0,3,41,2,46,88,35,82,18,223,2,22,24,247
09/23/2021,TUL,OK,ASW,CE,Combined TRACON& Tower with Radar,90,42,51,32,215,0,3,32,6,41,90,45,83,38,256,6,16,22,278
09/24/2021,TUL,OK,ASW,CE,Combined TRACON& Tower with Radar,101,50,54,45,250,0,3,30,7,40,101,53,84,52,290,0,46,46,336
09/25/2021,TUL,OK,ASW,CE,Combined TRACON& Tower with Radar,68,41,47,0,156,0,0,25,0,25,68,41,72,0,181,0,0,0,181
09/26/2021,TUL,OK,ASW,CE,Combined TRACON& Tower with Radar,85,37,29,6,157,0,0,32,0,32,85,37,61,6,189,4,8,12,201
09/27/2021,TUL,OK,ASW,CE,Combined TRACON& Tower with Radar,94,44,51,66,255,0,2,14,2,18,94,46,65,68,273,0,26,26,299
09/28/2021,TUL,OK,ASW,CE,Combined TRACON& Tower with Radar,83,42,51,53,229,0,6,21,5,32,83,48,72,58,261,2,28,30,291
09/29/2021,TUL,OK,ASW,CE,Combined TRACON& Tower with Radar,92,52,44,20,208,0,2,28,2,32,92,54,72,22,240,0,16,16,256
09/30/2021,TUL,OK,ASW,CE,Combined TRACON& Tower with Radar,88,51,36,6,181,0,2,8,0,10,88,53,44,6,191,0,0,0,191
10/01/2021,TUL,OK,ASW,CE,Combined TRACON& Tower with Radar,102,51,42,8,203,0,1,11,0,12,102,52,53,8,215,0,0,0,215
10/02/2021,TUL,OK,ASW,CE,Combined TRACON& Tower with Radar,72,36,17,6,131,0,2,10,0,12,72,38,27,6,143,6,16,22,165
10/03/2021,TUL,OK,ASW,CE,Combined TRACON& Tower with Radar,79,45,39,10,173,0,4,28,2,34,79,49,67,12,207,0,16,16,223
10/04/2021,TUL,OK,ASW,CE,Combined TRACON& Tower with Radar,90,40,48,37,215,0,7,19,4,30,90,47,67,41,245,2,16,18,263
10/05/2021,TUL,OK,ASW,CE,Combined TRACON& Tower with Radar,85,31,53,63,232,0,3,22,5,30,85,34,75,68,262,2,16,18,280
10/06/2021,TUL,OK,ASW,CE,Combined TRACON& Tower with Radar,88,38,49,10,185,0,0,7,0,7,88,38,56,10,192,6,4,10,202
10/07/2021,TUL,OK,ASW,CE,Combined TRACON& Tower with Radar,91,35,61,54,241,0,7,18,1,26,91,42,79,55,267,2,58,60,327
10/08/2021,TUL,OK,ASW,CE,Combined TRACON& Tower with Radar,108,50,43,22,223,0,1,20,3,24,108,51,63,25,247,0,2,2,249
10/09/2021,TUL,OK,ASW,CE,Combined TRACON& Tower with Radar,65,32,24,0,121,0,0,27,0,27,65,32,51,0,148,0,0,0,148
10/10/2021,TUL,OK,ASW,CE,Combined TRACON& Tower with Radar,60,46,29,0,135,0,1,12,0,13,60,47,41,0,148,0,0,0,148
10/11/2021,TUL,OK,ASW,CE,Combined TRACON& Tower with Radar,97,44,34,0,175,0,4,11,2,17,97,48,45,2,192,8,0,8,200
10/12/2021,TUL,OK,ASW,CE,Combined TRACON& Tower with Radar,91,58,43,26,218,0,1,19,4,24,91,59,62,30,242,2,16,18,260
10/13/2021,TUL,OK,ASW,CE,Combined TRACON& Tower with Radar,85,31,26,23,165,0,0,9,1,10,85,31,35,24,175,0,10,10,185
10/14/2021,TUL,OK,ASW,CE,Combined TRACON& Tower with Radar,99,48,47,17,211,0,0,0,1,1,99,48,47,18,212,0,16,16,228
10/15/2021,TUL,OK,ASW,CE,Combined TRACON& Tower with Radar,115,47,39,101,302,0,0,21,2,23,115,47,60,103,325,0,34,34,359
10/16/2021,TUL,OK,ASW,CE,Combined TRACON& Tower with Radar,73,44,24,10,151,0,0,32,0,32,73,44,56,10,183,6,0,6,189
10/17/2021,TUL,OK,ASW,CE,Combined TRACON& Tower with Radar,76,32,30,19,157,0,2,23,9,34,76,34,53,28,191,4,4,8,199
10/18/2021,TUL,OK,ASW,CE,Combined TRACON& Tower with Radar,91,46,43,36,216,0,6,30,2,38,91,52,73,38,254,4,4,8,262
10/19/2021,TUL,OK,ASW,CE,Combined TRACON& Tower with Radar,82,41,35,29,187,0,0,19,2,21,82,41,54,31,208,0,8,8,216
10/20/2021,TUL,OK,ASW,CE,Combined TRACON& Tower with Radar,91,33,71,53,248,0,0,8,8,16,91,33,79,61,264,6,6,12,276
10/21/2021,TUL,OK,ASW,CE,Combined TRACON& Tower with Radar,86,47,56,44,233,0,3,26,9,38,86,50,82,53,271,0,10,10,281
10/22/2021,TUL,OK,ASW,CE,Combined TRACON& Tower with Radar,95,36,56,43,230,0,3,18,4,25,95,39,74,47,255,18,68,86,341
10/23/2021,TUL,OK,ASW,CE,Combined TRACON& Tower with Radar,74,33,26,24,157,0,3,9,1,13,74,36,35,25,170,22,10,32,202
10/24/2021,TUL,OK,ASW,CE,Combined TRACON& Tower with Radar,81,36,40,22,179,0,0,4,0,4,81,36,44,22,183,0,4,4,187
10/25/2021,TUL,OK,ASW,CE,Combined TRACON& Tower with Radar,92,53,53,55,253,0,6,12,4,22,92,59,65,59,275,0,22,22,297
10/26/2021,TUL,OK,ASW,CE,Combined TRACON& Tower with Radar,86,53,54,28,221,0,0,6,6,12,86,53,60,34,233,4,12,16,249
10/27/2021,TUL,OK,ASW,CE,Combined TRACON& Tower with Radar,87,46,31,9,173,0,0,0,4,4,87,46,31,13,177,0,58,58,235
10/28/2021,TUL,OK,ASW,CE,Combined TRACON& Tower with Radar,94,48,44,0,186,0,0,3,7,10,94,48,47,7,196,0,30,30,226
10/29/2021,TUL,OK,ASW,CE,Combined TRACON& Tower with Radar,101,59,55,31,246,0,2,7,4,13,101,61,62,35,259,0,6,6,265
10/30/2021,TUL,OK,ASW,CE,Combined TRACON& Tower with Radar,66,33,29,0,128,0,0,27,0,27,66,33,56,0,155,0,0,0,155
10/31/2021,TUL,OK,ASW,CE,Combined TRACON& Tower with Radar,69,40,25,1,135,0,1,17,1,19,69,41,42,2,154,0,0,0,154
11/01/2021,TUL,OK,ASW,CE,Combined TRACON& Tower with Radar,86,49,44,61,240,0,0,11,2,13,86,49,55,63,253,0,34,34,287
11/02/2021,TUL,OK,ASW,CE,Combined TRACON& Tower with Radar,88,49,61,35,233,0,0,4,0,4,88,49,65,35,237,0,44,44,281
11/03/2021,TUL,OK,ASW,CE,Combined TRACON& Tower with Radar,88,39,55,31,213,0,0,0,8,8,88,39,55,39,221,0,30,30,251
11/04/2021,TUL,OK,ASW,CE,Combined TRACON& Tower with Radar,95,54,86,61,296,0,0,19,4,23,95,54,105,65,319,0,80,80,399
11/05/2021,TUL,OK,ASW,CE,Combined TRACON& Tower with Radar,106,45,40,44,235,0,1,30,8,39,106,46,70,52,274,10,80,90,364
11/06/2021,TUL,OK,ASW,CE,Combined TRACON& Tower with Radar,74,29,34,30,167,0,1,41,11,53,74,30,75,41,220,0,16,16,236
11/07/2021,TUL,OK,ASW,CE,Combined TRACON& Tower with Radar,78,39,47,4,168,0,0,26,2,28,78,39,73,6,196,10,14,24,220
11/08/2021,TUL,OK,ASW,CE,Combined TRACON& Tower with Radar,92,48,44,50,234,0,2,20,12,34,92,50,64,62,268,0,46,46,314
11/09/2021,TUL,OK,ASW,CE,Combined TRACON& Tower with Radar,83,51,51,42,227,0,1,27,6,34,83,52,78,48,261,0,28,28,289
11/10/2021,TUL,OK,ASW,CE,Combined TRACON& Tower with Radar,82,46,52,24,204,0,0,9,2,11,82,46,61,26,215,0,20,20,235
11/11/2021,TUL,OK,ASW,CE,Combined TRACON& Tower with Radar,97,56,54,2,209,0,4,23,2,29,97,60,77,4,238,14,6,20,258
11/12/2021,TUL,OK,ASW,CE,Combined TRACON& Tower with Radar,96,44,44,38,222,0,2,19,6,27,96,46,63,44,249,0,4,4,253
11/13/2021,TUL,OK,ASW,CE,Combined TRACON& Tower with Radar,74,43,32,15,164,0,1,23,0,24,74,44,55,15,188,2,4,6,194
11/14/2021,TUL,OK,ASW,CE,Combined TRACON& Tower with Radar,74,33,27,0,134,0,3,19,0,22,74,36,46,0,156,0,0,0,156
11/15/2021,TUL,OK,ASW,CE,Combined TRACON& Tower with Radar,95,42,44,45,226,0,2,19,5,26,95,44,63,50,252,6,42,48,300
11/16/2021,TUL,OK,ASW,CE,Combined TRACON& Tower with Radar,85,36,44,47,212,0,2,18,10,30,85,38,62,57,242,0,40,40,282
11/17/2021,TUL,OK,ASW,CE,Combined TRACON& Tower with Radar,83,52,65,78,278,0,5,8,9,22,83,57,73,87,300,0,66,66,366
11/18/2021,TUL,OK,ASW,CE,Combined TRACON& Tower with Radar,105,55,56,53,269,0,2,43,3,48,105,57,99,56,317,46,102,148,465
11/19/2021,TUL,OK,ASW,CE,Combined TRACON& Tower with Radar,91,47,49,27,214,0,1,24,10,35,91,48,73,37,249,4,54,58,307
11/20/2021,TUL,OK,ASW,CE,Combined TRACON& Tower with Radar,72,29,18,8,127,0,0,15,0,15,72,29,33,8,142,0,0,0,142
11/21/2021,TUL,OK,ASW,CE,Combined TRACON& Tower with Radar,86,41,30,3,160,0,3,12,1,16,86,44,42,4,176,4,2,6,182
11/22/2021,TUL,OK,ASW,CE,Combined TRACON& Tower with Radar,93,42,41,84,260,0,3,42,3,48,93,45,83,87,308,4,54,58,366
11/23/2021,TUL,OK,ASW,CE,Combined TRACON& Tower with Radar,112,44,46,76,278,0,3,19,5,27,112,47,65,81,305,14,80,94,399
11/24/2021,TUL,OK,ASW,CE,Combined TRACON& Tower with Radar,91,44,22,38,195,0,2,8,5,15,91,46,30,43,210,4,12,16,226
11/25/2021,TUL,OK,ASW,CE,Combined TRACON& Tower with Radar,53,26,10,0,89,0,2,8,0,10,53,28,18,0,99,2,0,2,101
11/26/2021,TUL,OK,ASW,CE,Combined TRACON& Tower with Radar,68,34,24,0,126,0,1,17,0,18,68,35,41,0,144,12,0,12,156
11/27/2021,TUL,OK,ASW,CE,Combined TRACON& Tower with Radar,83,32,20,0,135,0,0,13,0,13,83,32,33,0,148,0,0,0,148
11/28/2021,TUL,OK,ASW,CE,Combined TRACON& Tower with Radar,87,39,40,0,166,0,2,15,0,17,87,41,55,0,183,6,0,6,189
11/29/2021,TUL,OK,ASW,CE,Combined TRACON& Tower with Radar,90,46,53,65,254,0,2,20,2,24,90,48,73,67,278,8,26,34,312
11/30/2021,TUL,OK,ASW,CE,Combined TRACON& Tower with Radar,84,43,26,31,184,0,9,41,6,56,84,52,67,37,240,14,18,32,272
12/01/2021,TUL,OK,ASW,CE,Combined TRACON& Tower with Radar,84,39,39,34,196,0,4,30,1,35,84,43,69,35,231,12,22,34,265
12/02/2021,TUL,OK,ASW,CE,Combined TRACON& Tower with Radar,95,33,48,73,249,0,2,34,15,51,95,35,82,88,300,4,110,114,414
12/03/2021,TUL,OK,ASW,CE,Combined TRACON& Tower with Radar,89,38,31,51,209,0,3,27,5,35,89,41,58,56,244,4,34,38,282
12/04/2021,TUL,OK,ASW,CE,Combined TRACON& Tower with Radar,76,27,31,13,147,0,0,4,1,5,76,27,35,14,152,16,8,24,176
12/05/2021,TUL,OK,ASW,CE,Combined TRACON& Tower with Radar,78,37,25,24,164,0,4,9,1,14,78,41,34,25,178,4,32,36,214
12/06/2021,TUL,OK,ASW,CE,Combined TRACON& Tower with Radar,89,31,35,61,216,0,5,13,2,20,89,36,48,63,236,16,34,50,286
12/07/2021,TUL,OK,ASW,CE,Combined TRACON& Tower with Radar,87,44,64,66,261,0,4,29,4,37,87,48,93,70,298,8,42,50,348
12/08/2021,TUL,OK,ASW,CE,Combined TRACON& Tower with Radar,85,35,74,57,251,0,3,50,15,68,85,38,124,72,319,12,44,56,375
12/09/2021,TUL,OK,ASW,CE,Combined TRACON& Tower with Radar,91,44,40,53,228,0,2,22,9,33,91,46,62,62,261,4,62,66,327
12/10/2021,TUL,OK,ASW,CE,Combined TRACON& Tower with Radar,94,44,43,16,197,0,1,8,4,13,94,45,51,20,210,0,12,12,222
12/11/2021,TUL,OK,ASW,CE,Combined TRACON& Tower with Radar,80,24,26,4,134,0,0,20,0,20,80,24,46,4,154,10,0,10,164
12/12/2021,TUL,OK,ASW,CE,Combined TRACON& Tower with Radar,77,28,18,0,123,0,3,11,2,16,77,31,29,2,139,2,0,2,141
12/13/2021,TUL,OK,ASW,CE,Combined TRACON& Tower with Radar,87,38,45,76,246,0,1,21,2,24,87,39,66,78,270,4,44,48,318
12/14/2021,TUL,OK,ASW,CE,Combined TRACON& Tower with Radar,87,41,54,16,198,0,1,8,7,16,87,42,62,23,214,0,14,14,228
12/15/2021,TUL,OK,ASW,CE,Combined TRACON& Tower with Radar,92,51,59,20,222,0,2,2,6,10,92,53,61,26,232,0,20,20,252
12/16/2021,TUL,OK,ASW,CE,Combined TRACON& Tower with Radar,91,48,64,32,235,0,1,23,7,31,91,49,87,39,266,2,34,36,302
12/17/2021,TUL,OK,ASW,CE,Combined TRACON& Tower with Radar,78,39,46,1,164,0,0,0,0,0,78,39,46,1,164,0,0,0,164
12/18/2021,TUL,OK,ASW,CE,Combined TRACON& Tower with Radar,74,41,18,14,147,0,1,9,4,14,74,42,27,18,161,2,16,18,179
12/19/2021,TUL,OK,ASW,CE,Combined TRACON& Tower with Radar,74,35,23,0,132,0,0,6,0,6,74,35,29,0,138,50,0,50,188
12/20/2021,TUL,OK,ASW,CE,Combined TRACON& Tower with Radar,76,36,41,57,210,0,1,35,4,40,76,37,76,61,250,18,36,54,304
12/21/2021,TUL,OK,ASW,CE,Combined TRACON& Tower with Radar,83,39,41,75,238,0,3,50,9,62,83,42,91,84,300,16,26,42,342
12/22/2021,TUL,OK,ASW,CE,Combined TRACON& Tower with Radar,91,35,61,53,240,0,2,43,4,49,91,37,104,57,289,4,76,80,369
12/23/2021,TUL,OK,ASW,CE,Combined TRACON& Tower with Radar,91,37,32,0,160,0,0,13,0,13,91,37,45,0,173,14,0,14,187
12/24/2021,TUL,OK,ASW,CE,Combined TRACON& Tower with Radar,71,27,6,0,104,0,0,3,0,3,71,27,9,0,107,0,0,0,107
12/25/2021,TUL,OK,ASW,CE,Combined TRACON& Tower with Radar,48,26,9,0,83,0,0,10,0,10,48,26,19,0,93,4,0,4,97
12/26/2021,TUL,OK,ASW,CE,Combined TRACON& Tower with Radar,75,44,25,0,144,0,0,14,0,14,75,44,39,0,158,0,0,0,158
12/27/2021,TUL,OK,ASW,CE,Combined TRACON& Tower with Radar,70,63,49,15,197,0,2,19,3,24,70,65,68,18,221,16,8,24,245
12/28/2021,TUL,OK,ASW,CE,Combined TRACON& Tower with Radar,86,39,48,7,180,0,1,13,6,20,86,40,61,13,200,0,14,14,214
12/29/2021,TUL,OK,ASW,CE,Combined TRACON& Tower with Radar,89,29,51,6,175,0,0,15,0,15,89,29,66,6,190,12,0,12,202
12/30/2021,TUL,OK,ASW,CE,Combined TRACON& Tower with Radar,86,35,16,0,137,0,0,15,0,15,86,35,31,0,152,2,0,2,154
12/31/2021,TUL,OK,ASW,CE,Combined TRACON& Tower with Radar,72,35,25,0,132,0,0,8,0,8,72,35,33,0,140,0,0,0,140
01/01/2022,TUL,OK,ASW,CE,Combined TRACON& Tower with Radar,48,22,10,0,80,0,0,0,0,0,48,22,10,0,80,0,0,0,80
01/02/2022,TUL,OK,ASW,CE,Combined TRACON& Tower with Radar,63,33,50,0,146,0,0,1,0,1,63,33,51,0,147,0,0,0,147
01/03/2022,TUL,OK,ASW,CE,Combined TRACON& Tower with Radar,67,48,42,10,167,0,1,11,4,16,67,49,53,14,183,0,16,16,199
01/04/2022,TUL,OK,ASW,CE,Combined TRACON& Tower with Radar,77,39,36,15,167,0,2,10,4,16,77,41,46,19,183,0,4,4,187
01/05/2022,TUL,OK,ASW,CE,Combined TRACON& Tower with Radar,72,29,27,42,170,0,0,15,5,20,72,29,42,47,190,0,4,4,194
01/06/2022,TUL,OK,ASW,CE,Combined TRACON& Tower with Radar,76,25,23,16,140,0,2,5,2,9,76,27,28,18,149,6,46,52,201
01/07/2022,TUL,OK,ASW,CE,Combined TRACON& Tower with Radar,81,39,31,45,196,0,1,23,4,28,81,40,54,49,224,6,18,24,248
01/08/2022,TUL,OK,ASW,CE,Combined TRACON& Tower with Radar,58,33,16,5,112,0,0,2,0,2,58,33,18,5,114,0,0,0,114
01/09/2022,TUL,OK,ASW,CE,Combined TRACON& Tower with Radar,76,33,26,4,139,0,2,15,0,17,76,35,41,4,156,4,12,16,172
01/10/2022,TUL,OK,ASW,CE,Combined TRACON& Tower with Radar,80,28,42,60,210,0,1,27,7,35,80,29,69,67,245,42,38,80,325
01/11/2022,TUL,OK,ASW,CE,Combined TRACON& Tower with Radar,75,37,51,80,243,0,2,36,9,47,75,39,87,89,290,8,50,58,348
01/12/2022,TUL,OK,ASW,CE,Combined TRACON& Tower with Radar,78,37,36,53,204,0,3,36,5,44,78,40,72,58,248,42,6,48,296
01/13/2022,TUL,OK,ASW,CE,Combined TRACON& Tower with Radar,90,46,46,63,245,0,6,24,9,39,90,52,70,72,284,0,62,62,346
01/14/2022,TUL,OK,ASW,CE,Combined TRACON& Tower with Radar,82,43,31,57,213,0,1,10,6,17,82,44,41,63,230,4,26,30,260
01/15/2022,TUL,OK,ASW,CE,Combined TRACON& Tower with Radar,67,34,16,0,117,0,0,0,0,0,67,34,16,0,117,0,0,0,117
01/16/2022,TUL,OK,ASW,CE,Combined TRACON& Tower with Radar,64,31,37,0,132,0,0,10,0,10,64,31,47,0,142,0,0,0,142
01/17/2022,TUL,OK,ASW,CE,Combined TRACON& Tower with Radar,83,36,60,0,179,0,0,40,2,42,83,36,100,2,221,36,0,36,257
01/18/2022,TUL,OK,ASW,CE,Combined TRACON& Tower with Radar,78,43,37,85,243,0,6,24,6,36,78,49,61,91,279,6,40,46,325
01/19/2022,TUL,OK,ASW,CE,Combined TRACON& Tower with Radar,80,40,41,10,171,0,4,4,3,11,80,44,45,13,182,10,8,18,200
01/20/2022,TUL,OK,ASW,CE,Combined TRACON& Tower with Radar,85,52,37,48,222,0,5,34,4,43,85,57,71,52,265,14,14,28,293
01/21/2022,TUL,OK,ASW,CE,Combined TRACON& Tower with Radar,93,28,63,55,239,0,5,28,6,39,93,33,91,61,278,0,28,28,306
01/22/2022,TUL,OK,ASW,CE,Combined TRACON& Tower with Radar,64,20,30,6,120,0,1,15,3,19,64,21,45,9,139,0,16,16,155
01/23/2022,TUL,OK,ASW,CE,Combined TRACON& Tower with Radar,78,40,37,8,163,0,3,31,0,34,78,43,68,8,197,6,8,14,211
01/24/2022,TUL,OK,ASW,CE,Combined TRACON& Tower with Radar,82,28,44,65,219,0,0,22,2,24,82,28,66,67,243,6,24,30,273
01/25/2022,TUL,OK,ASW,CE,Combined TRACON& Tower with Radar,80,32,46,102,260,0,3,20,13,36,80,35,66,115,296,10,48,58,354
01/26/2022,TUL,OK,ASW,CE,Combined TRACON& Tower with Radar,78,31,43,29,181,0,0,10,3,13,78,31,53,32,194,8,32,40,234
01/27/2022,TUL,OK,ASW,CE,Combined TRACON& Tower with Radar,90,37,60,43,230,0,5,11,3,19,90,42,71,46,249,12,26,38,287
01/28/2022,TUL,OK,ASW,CE,Combined TRACON& Tower with Radar,86,29,44,60,219,0,2,28,6,36,86,31,72,66,255,0,6,6,261
01/29/2022,TUL,OK,ASW,CE,Combined TRACON& Tower with Radar,66,27,27,16,136,0,1,34,0,35,66,28,61,16,171,16,0,16,187
01/30/2022,TUL,OK,ASW,CE,Combined TRACON& Tower with Radar,74,24,30,4,132,0,2,27,2,31,74,26,57,6,163,64,0,64,227
01/31/2022,TUL,OK,ASW,CE,Combined TRACON& Tower with Radar,80,29,62,54,225,0,1,24,2,27,80,30,86,56,252,10,22,32,284
02/01/2022,TUL,OK,ASW,CE,Combined TRACON& Tower with Radar,72,39,41,17,169,0,0,6,3,9,72,39,47,20,178,0,0,0,178
02/02/2022,TUL,OK,ASW,CE,Combined TRACON& Tower with Radar,45,17,13,0,75,0,0,2,0,2,45,17,15,0,77,0,0,0,77
02/03/2022,TUL,OK,ASW,CE,Combined TRACON& Tower with Radar,31,15,14,0,60,0,0,0,0,0,31,15,14,0,60,0,0,0,60
02/04/2022,TUL,OK,ASW,CE,Combined TRACON& Tower with Radar,53,27,32,0,112,0,0,8,0,8,53,27,40,0,120,0,0,0,120
02/05/2022,TUL,OK,ASW,CE,Combined TRACON& Tower with Radar,59,30,31,2,122,0,5,11,0,16,59,35,42,2,138,4,0,4,142
02/06/2022,TUL,OK,ASW,CE,Combined TRACON& Tower with Radar,71,24,25,0,120,0,3,17,0,20,71,27,42,0,140,20,0,20,160
02/07/2022,TUL,OK,ASW,CE,Combined TRACON& Tower with Radar,86,43,47,72,248,0,2,25,3,30,86,45,72,75,278,2,24,26,304
02/08/2022,TUL,OK,ASW,CE,Combined TRACON& Tower with Radar,80,45,41,87,253,0,7,35,6,48,80,52,76,93,301,0,32,32,333
02/09/2022,TUL,OK,ASW,CE,Combined TRACON& Tower with Radar,78,36,45,88,247,0,3,19,6,28,78,39,64,94,275,16,48,64,339
02/10/2022,TUL,OK,ASW,CE,Combined TRACON& Tower with Radar,88,48,43,42,221,0,4,28,3,35,88,52,71,45,256,16,34,50,306
02/11/2022,TUL,OK,ASW,CE,Combined TRACON& Tower with Radar,77,43,39,43,202,0,7,31,1,39,77,50,70,44,241,12,0,12,253
02/12/2022,TUL,OK,ASW,CE,Combined TRACON& Tower with Radar,62,36,13,33,144,0,0,17,4,21,62,36,30,37,165,14,8,22,187
02/13/2022,TUL,OK,ASW,CE,Combined TRACON& Tower with Radar,67,31,25,1,124,0,0,18,0,18,67,31,43,1,142,0,0,0,142
02/14/2022,TUL,OK,ASW,CE,Combined TRACON& Tower with Radar,77,41,30,57,205,0,7,28,11,46,77,48,58,68,251,8,80,88,339
02/15/2022,TUL,OK,ASW,CE,Combined TRACON& Tower with Radar,78,43,26,118,265,0,2,16,8,26,78,45,42,126,291,0,58,58,349
02/16/2022,TUL,OK,ASW,CE,Combined TRACON& Tower with Radar,78,42,41,49,210,0,0,0,4,4,78,42,41,53,214,6,20,26,240
02/17/2022,TUL,OK,ASW,CE,Combined TRACON& Tower with Radar,89,34,26,0,149,0,0,0,1,1,89,34,26,1,150,0,0,0,150
02/18/2022,TUL,OK,ASW,CE,Combined TRACON& Tower with Radar,79,52,32,28,191,0,7,23,4,34,79,59,55,32,225,18,10,28,253
02/19/2022,TUL,OK,ASW,CE,Combined TRACON& Tower with Radar,68,37,25,5,135,0,3,27,3,33,68,40,52,8,168,24,2,26,194
02/20/2022,TUL,OK,ASW,CE,Combined TRACON& Tower with Radar,64,32,24,10,130,0,2,7,0,9,64,34,31,10,139,6,6,12,151
02/21/2022,TUL,OK,ASW,CE,Combined TRACON& Tower with Radar,75,40,37,2,154,0,2,7,2,11,75,42,44,4,165,12,0,12,177
02/22/2022,TUL,OK,ASW,CE,Combined TRACON& Tower with Radar,81,50,61,82,274,0,0,3,1,4,81,50,64,83,278,0,42,42,320
02/23/2022,TUL,OK,ASW,CE,Combined TRACON& Tower with Radar,28,27,23,0,78,0,0,0,0,0,28,27,23,0,78,0,0,0,78
02/24/2022,TUL,OK,ASW,CE,Combined TRACON& Tower with Radar,56,26,28,0,110,0,0,0,0,0,56,26,28,0,110,0,0,0,110
02/25/2022,TUL,OK,ASW,CE,Combined TRACON& Tower with Radar,88,44,57,2,191,0,2,8,0,10,88,46,65,2,201,0,0,0,201
02/26/2022,TUL,OK,ASW,CE,Combined TRACON& Tower with Radar,65,35,29,9,138,0,2,3,2,7,65,37,32,11,145,0,10,10,155
02/27/2022,TUL,OK,ASW,CE,Combined TRACON& Tower with Radar,73,30,48,18,169,0,0,29,0,29,73,30,77,18,198,8,4,12,210
02/28/2022,TUL,OK,ASW,CE,Combined TRACON& Tower with Radar,81,44,47,38,210,0,4,33,2,39,81,48,80,40,249,4,42,46,295
03/01/2022,TUL,OK,ASW,CE,Combined TRACON& Tower with Radar,74,41,46,37,198,0,2,37,13,52,74,43,83,50,250,0,6,6,256
03/02/2022,TUL,OK,ASW,CE,Combined TRACON& Tower with Radar,76,47,48,12,183,0,2,19,5,26,76,49,67,17,209,0,22,22,231
03/03/2022,TUL,OK,ASW,CE,Combined TRACON& Tower with Radar,83,63,54,58,258,0,4,30,7,41,83,67,84,65,299,0,94,94,393
03/04/2022,TUL,OK,ASW,CE,Combined TRACON& Tower with Radar,93,54,46,51,244,0,2,14,10,26,93,56,60,61,270,0,22,22,292
03/05/2022,TUL,OK,ASW,CE,Combined TRACON& Tower with Radar,61,41,37,43,182,0,0,1,0,1,61,41,38,43,183,0,12,12,195
03/06/2022,TUL,OK,ASW,CE,Combined TRACON& Tower with Radar,69,53,24,8,154,0,2,2,0,4,69,55,26,8,158,0,16,16,174
03/07/2022,TUL,OK,ASW,CE,Combined TRACON& Tower with Radar,80,40,57,38,215,0,2,11,1,14,80,42,68,39,229,6,14,20,249
03/08/2022,TUL,OK,ASW,CE,Combined TRACON& Tower with Radar,82,42,50,73,247,0,0,30,7,37,82,42,80,80,284,2,48,50,334
03/09/2022,TUL,OK,ASW,CE,Combined TRACON& Tower with Radar,74,41,50,95,260,0,4,29,5,38,74,45,79,100,298,0,42,42,340
03/10/2022,TUL,OK,ASW,CE,Combined TRACON& Tower with Radar,81,53,53,21,208,0,6,18,7,31,81,59,71,28,239,14,18,32,271
03/11/2022,TUL,OK,ASW,CE,Combined TRACON& Tower with Radar,85,49,32,0,166,0,0,3,1,4,85,49,35,1,170,2,0,2,172
03/12/2022,TUL,OK,ASW,CE,Combined TRACON& Tower with Radar,63,62,32,6,163,0,5,25,3,33,63,67,57,9,196,6,0,6,202
03/13/2022,TUL,OK,ASW,CE,Combined TRACON& Tower with Radar,74,51,44,0,169,0,2,14,0,16,74,53,58,0,185,4,2,6,191
03/14/2022,TUL,OK,ASW,CE,Combined TRACON& Tower with Radar,94,36,51,27,208,0,2,2,2,6,94,38,53,29,214,0,6,6,220
03/15/2022,TUL,OK,ASW,CE,Combined TRACON& Tower with Radar,81,41,39,34,195,0,0,33,5,38,81,41,72,39,233,0,46,46,279
03/16/2022,TUL,OK,ASW,CE,Combined TRACON& Tower with Radar,82,50,50,69,251,0,3,33,13,49,82,53,83,82,300,8,24,32,332
03/17/2022,TUL,OK,ASW,CE,Combined TRACON& Tower with Radar,81,44,34,72,231,0,2,21,7,30,81,46,55,79,261,0,44,44,305
03/18/2022,TUL,OK,ASW,CE,Combined TRACON& Tower with Radar,94,47,42,11,194,0,0,5,0,5,94,47,47,11,199,0,0,0,199
03/19/2022,TUL,OK,ASW,CE,Combined TRACON& Tower with Radar,61,50,42,2,155,0,1,31,4,36,61,51,73,6,191,0,0,0,191
03/20/2022,TUL,OK,ASW,CE,Combined TRACON& Tower with Radar,75,41,39,8,163,0,1,16,0,17,75,42,55,8,180,0,0,0,180
03/21/2022,TUL,OK,ASW,CE,Combined TRACON& Tower with Radar,73,36,54,5,168,0,0,1,2,3,73,36,55,7,171,0,4,4,175
03/22/2022,TUL,OK,ASW,CE,Combined TRACON& Tower with Radar,81,53,38,27,199,0,0,3,5,8,81,53,41,32,207,0,4,4,211
03/23/2022,TUL,OK,ASW,CE,Combined TRACON& Tower with Radar,76,48,48,43,215,0,6,9,7,22,76,54,57,50,237,6,2,8,245
03/24/2022,TUL,OK,ASW,CE,Combined TRACON& Tower with Radar,82,41,61,76,260,0,4,26,3,33,82,45,87,79,293,8,26,34,327
03/25/2022,TUL,OK,ASW,CE,Combined TRACON& Tower with Radar,90,50,53,51,244,0,5,50,6,61,90,55,103,57,305,16,50,66,371
03/26/2022,TUL,OK,ASW,CE,Combined TRACON& Tower with Radar,59,32,24,2,117,0,9,37,0,46,59,41,61,2,163,4,0,4,167
03/27/2022,TUL,OK,ASW,CE,Combined TRACON& Tower with Radar,80,37,31,9,157,0,3,23,5,31,80,40,54,14,188,0,6,6,194
03/28/2022,TUL,OK,ASW,CE,Combined TRACON& Tower with Radar,84,30,37,72,223,0,3,33,2,38,84,33,70,74,261,0,26,26,287
03/29/2022,TUL,OK,ASW,CE,Combined TRACON& Tower with Radar,81,42,36,45,204,0,2,14,6,22,81,44,50,51,226,4,30,34,260
03/30/2022,TUL,OK,ASW,CE,Combined TRACON& Tower with Radar,79,31,42,45,197,0,0,1,3,4,79,31,43,48,201,0,14,14,215
03/31/2022,TUL,OK,ASW,CE,Combined TRACON& Tower with Radar,77,44,70,15,206,0,4,16,4,24,77,48,86,19,230,4,30,34,264
04/01/2022,TUL,OK,ASW,CE,Combined TRACON& Tower with Radar,92,41,49,15,197,0,1,26,2,29,92,42,75,17,226,0,6,6,232
04/02/2022,TUL,OK,ASW,CE,Combined TRACON& Tower with Radar,60,32,25,16,133,0,2,28,1,31,60,34,53,17,164,0,4,4,168
04/03/2022,TUL,OK,ASW,CE,Combined TRACON& Tower with Radar,79,37,33,11,160,0,5,17,3,25,79,42,50,14,185,0,12,12,197
04/04/2022,TUL,OK,ASW,CE,Combined TRACON& Tower with Radar,85,38,26,17,166,0,1,0,0,1,85,39,26,17,167,0,34,34,201
04/05/2022,TUL,OK,ASW,CE,Combined TRACON& Tower with Radar,83,38,38,75,234,0,0,10,4,14,83,38,48,79,248,6,58,64,312
04/06/2022,TUL,OK,ASW,CE,Combined TRACON& Tower with Radar,82,35,39,22,178,0,1,8,2,11,82,36,47,24,189,0,16,16,205
04/07/2022,TUL,OK,ASW,CE,Combined TRACON& Tower with Radar,87,37,41,38,203,0,1,5,8,14,87,38,46,46,217,2,32,34,251
04/08/2022,TUL,OK,ASW,CE,Combined TRACON& Tower with Radar,93,43,46,54,236,0,2,17,5,24,93,45,63,59,260,16,38,54,314
04/09/2022,TUL,OK,ASW,CE,Combined TRACON& Tower with Radar,66,31,28,30,155,0,10,30,5,45,66,41,58,35,200,0,24,24,224
04/10/2022,TUL,OK,ASW,CE,Combined TRACON& Tower with Radar,76,35,39,55,205,0,1,9,8,18,76,36,48,63,223,4,6,10,233
04/11/2022,TUL,OK,ASW,CE,Combined TRACON& Tower with Radar,87,31,58,19,195,0,0,6,2,8,87,31,64,21,203,0,0,0,203
04/12/2022,TUL,OK,ASW,CE,Combined TRACON& Tower with Radar,89,51,51,50,241,0,1,5,7,13,89,52,56,57,254,0,22,22,276
04/13/2022,TUL,OK,ASW,CE,Combined TRACON& Tower with Radar,84,39,32,21,176,0,2,5,7,14,84,41,37,28,190,2,12,14,204
04/14/2022,TUL,OK,ASW,CE,Combined TRACON& Tower with Radar,88,49,52,39,228,0,10,32,10,52,88,59,84,49,280,4,38,42,322
04/15/2022,TUL,OK,ASW,CE,Combined TRACON& Tower with Radar,90,35,30,9,164,0,2,12,6,20,90,37,42,15,184,10,34,44,228
04/16/2022,TUL,OK,ASW,CE,Combined TRACON& Tower with Radar,65,31,18,0,114,0,0,3,0,3,65,31,21,0,117,0,0,0,117
04/17/2022,TUL,OK,ASW,CE,Combined TRACON& Tower with Radar,71,31,17,0,119,0,0,1,0,1,71,31,18,0,120,0,0,0,120
04/18/2022,TUL,OK,ASW,CE,Combined TRACON& Tower with Radar,87,54,35,95,271,0,4,34,4,42,87,58,69,99,313,2,46,48,361
04/19/2022,TUL,OK,ASW,CE,Combined TRACON& Tower with Radar,84,29,54,57,224,0,0,20,7,27,84,29,74,64,251,2,32,34,285
04/20/2022,TUL,OK,ASW,CE,Combined TRACON& Tower with Radar,82,33,51,51,217,0,2,0,1,3,82,35,51,52,220,0,0,0,220
04/21/2022,TUL,OK,ASW,CE,Combined TRACON& Tower with Radar,83,40,66,68,257,0,0,7,5,12,83,40,73,73,269,0,10,10,279
04/22/2022,TUL,OK,ASW,CE,Combined TRACON& Tower with Radar,89,44,36,60,229,0,2,8,6,16,89,46,44,66,245,0,4,4,249
04/23/2022,TUL,OK,ASW,CE,Combined TRACON& Tower with Radar,72,26,19,2,119,0,0,1,0,1,72,26,20,2,120,0,0,0,120
04/24/2022,TUL,OK,ASW,CE,Combined TRACON& Tower with Radar,68,22,28,4,122,0,0,0,0,0,68,22,28,4,122,0,0,0,122
04/25/2022,TUL,OK,ASW,CE,Combined TRACON& Tower with Radar,89,34,35,49,207,0,0,21,2,23,89,34,56,51,230,4,24,28,258
04/26/2022,TUL,OK,ASW,CE,Combined TRACON& Tower with Radar,92,44,40,18,194,0,2,38,4,44,92,46,78,22,238,0,0,0,238
04/27/2022,TUL,OK,ASW,CE,Combined TRACON& Tower with Radar,80,47,36,30,193,0,0,30,8,38,80,47,66,38,231,0,0,0,231
04/28/2022,TUL,OK,ASW,CE,Combined TRACON& Tower with Radar,87,46,38,28,199,0,2,10,1,13,87,48,48,29,212,0,16,16,228
04/29/2022,TUL,OK,ASW,CE,Combined TRACON& Tower with Radar,90,34,28,39,191,0,0,1,4,5,90,34,29,43,196,0,0,0,196
04/30/2022,TUL,OK,ASW,CE,Combined TRACON& Tower with Radar,67,26,25,19,137,0,1,12,3,16,67,27,37,22,153,0,14,14,167
05/01/2022,TUL,OK,ASW,CE,Combined TRACON& Tower with Radar,72,33,23,17,145,0,3,15,3,21,72,36,38,20,166,12,22,34,200
05/02/2022,TUL,OK,ASW,CE,Combined TRACON& Tower with Radar,87,36,32,6,161,0,0,0,1,1,87,36,32,7,162,0,4,4,166
05/03/2022,TUL,OK,ASW,CE,Combined TRACON& Tower with Radar,86,49,77,29,241,0,0,14,3,17,86,49,91,32,258,2,18,20,278
05/04/2022,TUL,OK,ASW,CE,Combined TRACON& Tower with Radar,72,30,27,0,129,0,0,0,0,0,72,30,27,0,129,0,0,0,129
05/05/2022,TUL,OK,ASW,CE,Combined TRACON& Tower with Radar,83,40,40,6,169,0,0,1,6,7,83,40,41,12,176,0,16,16,192
05/06/2022,TUL,OK,ASW,CE,Combined TRACON& Tower with Radar,97,42,48,28,215,0,0,16,11,27,97,42,64,39,242,26,0,26,268
05/07/2022,TUL,OK,ASW,CE,Combined TRACON& Tower with Radar,67,23,19,5,114,0,0,33,2,35,67,23,52,7,149,10,0,10,159
05/08/2022,TUL,OK,ASW,CE,Combined TRACON& Tower with Radar,73,43,28,14,158,0,0,2,2,4,73,43,30,16,162,0,2,2,164
05/09/2022,TUL,OK,ASW,CE,Combined TRACON& Tower with Radar,89,34,44,32,199,0,3,7,4,14,89,37,51,36,213,24,28,52,265
05/10/2022,TUL,OK,ASW,CE,Combined TRACON& Tower with Radar,88,38,55,69,250,0,2,18,7,27,88,40,73,76,277,8,70,78,355
05/11/2022,TUL,OK,ASW,CE,Combined TRACON& Tower with Radar,88,34,44,23,189,0,3,22,1,26,88,37,66,24,215,0,8,8,223
05/12/2022,TUL,OK,ASW,CE,Combined TRACON& Tower with Radar,95,31,49,85,260,0,0,35,9,44,95,31,84,94,304,2,88,90,394
05/13/2022,TUL,OK,ASW,CE,Combined TRACON& Tower with Radar,93,30,43,18,184,0,3,15,1,19,93,33,58,19,203,0,28,28,231
05/14/2022,TUL,OK,ASW,CE,Combined TRACON& Tower with Radar,73,30,17,4,124,0,1,50,3,54,73,31,67,7,178,36,10,46,224
05/15/2022,TUL,OK,ASW,CE,Combined TRACON& Tower with Radar,76,43,24,5,148,0,3,7,1,11,76,46,31,6,159,4,0,4,163
05/16/2022,TUL,OK,ASW,CE,Combined TRACON& Tower with Radar,86,58,35,49,228,0,5,20,7,32,86,63,55,56,260,30,36,66,326
05/17/2022,TUL,OK,ASW,CE,Combined TRACON& Tower with Radar,91,46,40,31,208,0,0,15,3,18,91,46,55,34,226,0,42,42,268
05/18/2022,TUL,OK,ASW,CE,Combined TRACON& Tower with Radar,87,46,67,48,248,0,3,17,8,28,87,49,84,56,276,6,36,42,318
05/19/2022,TUL,OK,ASW,CE,Combined TRACON& Tower with Radar,92,52,89,28,261,0,2,18,9,29,92,54,107,37,290,10,20,30,320
05/20/2022,TUL,OK,ASW,CE,Combined TRACON& Tower with Radar,89,53,76,7,225,0,0,14,5,19,89,53,90,12,244,0,6,6,250
05/21/2022,TUL,OK,ASW,CE,Combined TRACON& Tower with Radar,76,49,35,2,162,0,0,0,0,0,76,49,35,2,162,0,0,0,162
05/22/2022,TUL,OK,ASW,CE,Combined TRACON& Tower with Radar,84,44,72,1,201,0,1,11,0,12,84,45,83,1,213,2,0,2,215
05/23/2022,TUL,OK,ASW,CE,Combined TRACON& Tower with Radar,87,46,52,10,195,0,0,1,3,4,87,46,53,13,199,0,0,0,199
05/24/2022,TUL,OK,ASW,CE,Combined TRACON& Tower with Radar,91,44,25,0,160,0,0,0,0,0,91,44,25,0,160,0,0,0,160
05/25/2022,TUL,OK,ASW,CE,Combined TRACON& Tower with Radar,103,45,57,11,216,0,0,2,2,4,103,45,59,13,220,0,0,0,220
05/26/2022,TUL,OK,ASW,CE,Combined TRACON& Tower with Radar,97,40,48,13,198,0,0,6,3,9,97,40,54,16,207,0,26,26,233
05/27/2022,TUL,OK,ASW,CE,Combined TRACON& Tower with Radar,88,40,23,0,151,0,2,33,1,36,88,42,56,1,187,12,0,12,199
05/28/2022,TUL,OK,ASW,CE,Combined TRACON& Tower with Radar,74,33,16,0,123,0,1,6,0,7,74,34,22,0,130,0,0,0,130
05/29/2022,TUL,OK,ASW,CE,Combined TRACON& Tower with Radar,80,22,14,0,116,0,1,5,1,7,80,23,19,1,123,2,0,2,125
05/30/2022,TUL,OK,ASW,CE,Combined TRACON& Tower with Radar,82,25,19,0,126,0,1,5,1,7,82,26,24,1,133,0,0,0,133
05/31/2022,TUL,OK,ASW,CE,Combined TRACON& Tower with Radar,85,35,52,42,214,0,0,10,2,12,85,35,62,44,226,14,0,14,240
06/01/2022,TUL,OK,ASW,CE,Combined TRACON& Tower with Radar,91,39,31,2,163,0,2,3,0,5,91,41,34,2,168,2,0,2,170
06/02/2022,TUL,OK,ASW,CE,Combined TRACON& Tower with Radar,89,50,30,7,176,0,3,28,3,34,89,53,58,10,210,6,0,6,216
06/03/2022,TUL,OK,ASW,CE,Combined TRACON& Tower with Radar,88,39,43,25,195,0,6,22,4,32,88,45,65,29,227,0,4,4,231
06/04/2022,TUL,OK,ASW,CE,Combined TRACON& Tower with Radar,74,36,13,32,155,0,9,13,5,27,74,45,26,37,182,12,36,48,230
06/05/2022,TUL,OK,ASW,CE,Combined TRACON& Tower with Radar,90,26,20,7,143,0,2,10,0,12,90,28,30,7,155,0,0,0,155
06/06/2022,TUL,OK,ASW,CE,Combined TRACON& Tower with Radar,93,41,41,38,213,0,2,21,5,28,93,43,62,43,241,2,10,12,253
06/07/2022,TUL,OK,ASW,CE,Combined TRACON& Tower with Radar,102,50,40,22,214,0,2,19,0,21,102,52,59,22,235,0,18,18,253
06/08/2022,TUL,OK,ASW,CE,Combined TRACON& Tower with Radar,96,45,35,22,198,0,1,10,1,12,96,46,45,23,210,24,44,68,278
06/09/2022,TUL,OK,ASW,CE,Combined TRACON& Tower with Radar,96,50,42,12,200,0,8,41,7,56,96,58,83,19,256,2,8,10,266
06/10/2022,TUL,OK,ASW,CE,Combined TRACON& Tower with Radar,99,61,38,12,210,0,2,23,4,29,99,63,61,16,239,22,8,30,269
06/11/2022,TUL,OK,ASW,CE,Combined TRACON& Tower with Radar,78,35,18,27,158,0,6,35,1,42,78,41,53,28,200,24,0,24,224
06/12/2022,TUL,OK,ASW,CE,Combined TRACON& Tower with Radar,93,51,35,24,203,0,0,20,0,20,93,51,55,24,223,6,0,6,229
06/13/2022,TUL,OK,ASW,CE,Combined TRACON& Tower with Radar,98,53,44,90,285,0,5,16,7,28,98,58,60,97,313,16,78,94,407
06/14/2022,TUL,OK,ASW,CE,Combined TRACON& Tower with Radar,94,33,29,51,207,0,2,21,9,32,94,35,50,60,239,8,12,20,259
06/15/2022,TUL,OK,ASW,CE,Combined TRACON& Tower with Radar,99,42,45,91,277,0,3,16,4,23,99,45,61,95,300,0,62,62,362
06/16/2022,TUL,OK,ASW,CE,Combined TRACON& Tower with Radar,95,45,43,65,248,0,5,15,12,32,95,50,58,77,280,2,78,80,360
06/17/2022,TUL,OK,ASW,CE,Combined TRACON& Tower with Radar,96,51,34,77,258,0,5,19,9,33,96,56,53,86,291,0,40,40,331
06/18/2022,TUL,OK,ASW,CE,Combined TRACON& Tower with Radar,76,22,20,2,120,0,2,22,1,25,76,24,42,3,145,0,0,0,145
06/19/2022,TUL,OK,ASW,CE,Combined TRACON& Tower with Radar,89,28,15,0,132,0,0,13,0,13,89,28,28,0,145,0,0,0,145
06/20/2022,TUL,OK,ASW,CE,Combined TRACON& Tower with Radar,98,46,41,1,186,0,2,19,2,23,98,48,60,3,209,20,0,20,229
06/21/2022,TUL,OK,ASW,CE,Combined TRACON& Tower with Radar,93,48,44,77,262,0,3,25,3,31,93,51,69,80,293,10,56,66,359
06/22/2022,TUL,OK,ASW,CE,Combined TRACON& Tower with Radar,98,50,29,100,277,0,4,15,10,29,98,54,44,110,306,4,44,48,354
06/23/2022,TUL,OK,ASW,CE,Combined TRACON& Tower with Radar,99,42,52,59,252,0,1,16,7,24,99,43,68,66,276,6,38,44,320
06/24/2022,TUL,OK,ASW,CE,Combined TRACON& Tower with Radar,100,40,34,79,253,0,13,16,8,37,100,53,50,87,290,26,52,78,368
06/25/2022,TUL,OK,ASW,CE,Combined TRACON& Tower with Radar,72,24,21,26,143,0,3,16,0,19,72,27,37,26,162,10,0,10,172
06/26/2022,TUL,OK,ASW,CE,Combined TRACON& Tower with Radar,92,38,19,20,169,0,0,8,4,12,92,38,27,24,181,20,10,30,211
06/27/2022,TUL,OK,ASW,CE,Combined TRACON& Tower with Radar,93,29,46,77,245,0,4,29,2,35,93,33,75,79,280,24,22,46,326
06/28/2022,TUL,OK,ASW,CE,Combined TRACON& Tower with Radar,98,30,43,63,234,0,12,35,5,52,98,42,78,68,286,106,28,134,420
06/29/2022,TUL,OK,ASW,CE,Combined TRACON& Tower with Radar,101,48,30,60,239,0,1,33,10,44,101,49,63,70,283,12,14,26,309
06/30/2022,TUL,OK,ASW,CE,Combined TRACON& Tower with Radar,102,52,37,64,255,0,6,25,5,36,102,58,62,69,291,22,56,78,369
07/01/2022,TUL,OK,ASW,CE,Combined TRACON& Tower with Radar,104,53,38,2,197,0,9,44,0,53,104,62,82,2,250,40,0,40,290
07/02/2022,TUL,OK,ASW,CE,Combined TRACON& Tower with Radar,73,28,24,4,129,0,6,16,0,22,73,34,40,4,151,50,0,50,201
07/03/2022,TUL,OK,ASW,CE,Combined TRACON& Tower with Radar,83,25,18,0,126,0,3,8,0,11,83,28,26,0,137,2,0,2,139
07/04/2022,TUL,OK,ASW,CE,Combined TRACON& Tower with Radar,91,24,12,1,128,0,5,11,1,17,91,29,23,2,145,8,8,16,161
07/05/2022,TUL,OK,ASW,CE,Combined TRACON& Tower with Radar,83,41,34,80,238,0,5,14,6,25,83,46,48,86,263,10,32,42,305
07/06/2022,TUL,OK,ASW,CE,Combined TRACON& Tower with Radar,94,45,59,81,279,0,0,14,7,21,94,45,73,88,300,6,46,52,352
07/07/2022,TUL,OK,ASW,CE,Combined TRACON& Tower with Radar,103,50,50,86,289,0,3,20,15,38,103,53,70,101,327,6,70,76,403
07/08/2022,TUL,OK,ASW,CE,Combined TRACON& Tower with Radar,100,36,41,29,206,0,8,29,6,43,100,44,70,35,249,34,10,44,293
07/09/2022,TUL,OK,ASW,CE,Combined TRACON& Tower with Radar,74,28,37,6,145,0,2,22,4,28,74,30,59,10,173,20,2,22,195
07/10/2022,TUL,OK,ASW,CE,Combined TRACON& Tower with Radar,94,31,29,16,170,0,0,22,2,24,94,31,51,18,194,6,18,24,218
07/11/2022,TUL,OK,ASW,CE,Combined TRACON& Tower with Radar,97,40,12,44,193,0,5,12,3,20,97,45,24,47,213,20,36,56,269
07/12/2022,TUL,OK,ASW,CE,Combined TRACON& Tower with Radar,94,42,49,102,287,0,2,20,14,36,94,44,69,116,323,16,74,90,413
07/13/2022,TUL,OK,ASW,CE,Combined TRACON& Tower with Radar,104,42,48,54,248,0,1,30,9,40,104,43,78,63,288,18,22,40,328
07/14/2022,TUL,OK,ASW,CE,Combined TRACON& Tower with Radar,98,35,30,49,212,0,14,25,9,48,98,49,55,58,260,166,90,256,516
07/15/2022,TUL,OK,ASW,CE,Combined TRACON& Tower with Radar,100,39,41,23,203,0,8,19,12,39,100,47,60,35,242,18,22,40,282
07/16/2022,TUL,OK,ASW,CE,Combined TRACON& Tower with Radar,76,34,21,0,131,0,8,9,3,20,76,42,30,3,151,34,0,34,185
07/17/2022,TUL,OK,ASW,CE,Combined TRACON& Tower with Radar,85,38,30,33,186,0,8,15,5,28,85,46,45,38,214,0,4,4,218
07/18/2022,TUL,OK,ASW,CE,Combined TRACON& Tower with Radar,98,39,34,74,245,0,8,12,3,23,98,47,46,77,268,24,70,94,362
07/19/2022,TUL,OK,ASW,CE,Combined TRACON& Tower with Radar,90,35,47,65,237,0,7,29,7,43,90,42,76,72,280,34,48,82,362
07/20/2022,TUL,OK,ASW,CE,Combined TRACON& Tower with Radar,98,39,30,58,225,0,3,13,4,20,98,42,43,62,245,12,10,22,267
07/21/2022,TUL,OK,ASW,CE,Combined TRACON& Tower with Radar,98,44,42,44,228,0,7,12,2,21,98,51,54,46,249,18,26,44,293
07/22/2022,TUL,OK,ASW,CE,Combined TRACON& Tower with Radar,96,43,28,49,216,0,3,20,4,27,96,46,48,53,243,0,30,30,273
07/23/2022,TUL,OK,ASW,CE,Combined TRACON& Tower with Radar,68,42,26,0,136,0,1,12,0,13,68,43,38,0,149,0,0,0,149
07/24/2022,TUL,OK,ASW,CE,Combined TRACON& Tower with Radar,81,42,30,8,161,0,2,11,4,17,81,44,41,12,178,22,0,22,200
07/25/2022,TUL,OK,ASW,CE,Combined TRACON& Tower with Radar,97,47,31,96,271,0,2,13,6,21,97,49,44,102,292,30,48,78,370
07/26/2022,TUL,OK,ASW,CE,Combined TRACON& Tower with Radar,89,46,47,85,267,0,4,17,6,27,89,50,64,91,294,8,80,88,382
07/27/2022,TUL,OK,ASW,CE,Combined TRACON& Tower with Radar,91,50,46,39,226,0,4,18,8,30,91,54,64,47,256,24,46,70,326
07/28/2022,TUL,OK,ASW,CE,Combined TRACON& Tower with Radar,94,40,35,37,206,0,6,10,6,22,94,46,45,43,228,46,30,76,304
07/29/2022,TUL,OK,ASW,CE,Combined TRACON& Tower with Radar,104,37,21,0,162,0,2,2,0,4,104,39,23,0,166,8,0,8,174
07/30/2022,TUL,OK,ASW,CE,Combined TRACON& Tower with Radar,71,25,30,0,126,0,0,5,0,5,71,25,35,0,131,0,0,0,131
07/31/2022,TUL,OK,ASW,CE,Combined TRACON& Tower with Radar,81,39,26,2,148,0,2,9,0,11,81,41,35,2,159,2,6,8,167
08/01/2022,TUL,OK,ASW,CE,Combined TRACON& Tower with Radar,91,40,37,50,218,0,3,13,5,21,91,43,50,55,239,22,36,58,297
08/02/2022,TUL,OK,ASW,CE,Combined TRACON& Tower with Radar,88,41,50,49,228,0,4,25,10,39,88,45,75,59,267,48,44,92,359
08/03/2022,TUL,OK,ASW,CE,Combined TRACON& Tower with Radar,94,41,45,57,237,0,5,21,11,37,94,46,66,68,274,4,60,64,338
08/04/2022,TUL,OK,ASW,CE,Combined TRACON& Tower with Radar,96,35,44,12,187,0,4,9,1,14,96,39,53,13,201,38,32,70,271
08/05/2022,TUL,OK,ASW,CE,Combined TRACON& Tower with Radar,95,34,37,46,212,0,5,26,14,45,95,39,63,60,257,66,36,102,359
08/06/2022,TUL,OK,ASW,CE,Combined TRACON& Tower with Radar,70,28,25,22,145,0,3,38,6,47,70,31,63,28,192,22,38,60,252
08/07/2022,TUL,OK,ASW,CE,Combined TRACON& Tower with Radar,85,28,38,41,192,0,6,11,3,20,85,34,49,44,212,0,22,22,234
08/08/2022,TUL,OK,ASW,CE,Combined TRACON& Tower with Radar,95,43,40,68,246,0,6,12,4,22,95,49,52,72,268,6,44,50,318
08/09/2022,TUL,OK,ASW,CE,Combined TRACON& Tower with Radar,99,49,19,55,222,0,4,10,9,23,99,53,29,64,245,4,66,70,315
08/10/2022,TUL,OK,ASW,CE,Combined TRACON& Tower with Radar,121,46,43,99,309,0,17,24,7,48,121,63,67,106,357,22,26,48,405
08/11/2022,TUL,OK,ASW,CE,Combined TRACON& Tower with Radar,87,48,26,93,254,0,6,21,11,38,87,54,47,104,292,36,64,100,392
08/12/2022,TUL,OK,ASW,CE,Combined TRACON& Tower with Radar,101,47,43,40,231,0,4,25,0,29,101,51,68,40,260,46,6,52,312
08/13/2022,TUL,OK,ASW,CE,Combined TRACON& Tower with Radar,69,30,31,4,134,0,8,18,0,26,69,38,49,4,160,10,0,10,170
08/14/2022,TUL,OK,ASW,CE,Combined TRACON& Tower with Radar,82,35,29,9,155,0,8,12,5,25,82,43,41,14,180,0,0,0,180
08/15/2022,TUL,OK,ASW,CE,Combined TRACON& Tower with Radar,89,41,55,38,223,0,7,25,11,43,89,48,80,49,266,6,18,24,290
08/16/2022,TUL,OK,ASW,CE,Combined TRACON& Tower with Radar,95,36,40,56,227,0,0,18,3,21,95,36,58,59,248,0,52,52,300
08/17/2022,TUL,OK,ASW,CE,Combined TRACON& Tower with Radar,101,38,51,32,222,0,0,3,5,8,101,38,54,37,230,0,8,8,238
08/18/2022,TUL,OK,ASW,CE,Combined TRACON& Tower with Radar,101,44,72,78,295,0,2,39,6,47,101,46,111,84,342,0,40,40,382
08/19/2022,TUL,OK,ASW,CE,Combined TRACON& Tower with Radar,95,42,36,55,228,0,7,30,7,44,95,49,66,62,272,10,22,32,304
08/20/2022,TUL,OK,ASW,CE,Combined TRACON& Tower with Radar,69,31,25,6,131,0,1,24,0,25,69,32,49,6,156,0,0,0,156
08/21/2022,TUL,OK,ASW,CE,Combined TRACON& Tower with Radar,86,34,23,5,148,0,0,5,0,5,86,34,28,5,153,10,0,10,163
08/22/2022,TUL,OK,ASW,CE,Combined TRACON& Tower with Radar,97,38,42,102,279,0,2,17,8,27,97,40,59,110,306,0,58,58,364
08/23/2022,TUL,OK,ASW,CE,Combined TRACON& Tower with Radar,88,38,45,41,212,0,3,15,5,23,88,41,60,46,235,10,92,102,337
08/24/2022,TUL,OK,ASW,CE,Combined TRACON& Tower with Radar,92,47,52,41,232,0,3,29,5,37,92,50,81,46,269,8,18,26,295
08/25/2022,TUL,OK,ASW,CE,Combined TRACON& Tower with Radar,93,41,51,62,247,0,6,30,9,45,93,47,81,71,292,14,38,52,344
08/26/2022,TUL,OK,ASW,CE,Combined TRACON& Tower with Radar,96,39,33,64,232,0,4,33,6,43,96,43,66,70,275,32,26,58,333
08/27/2022,TUL,OK,ASW,CE,Combined TRACON& Tower with Radar,69,25,22,3,119,0,8,30,2,40,69,33,52,5,159,12,0,12,171
08/28/2022,TUL,OK,ASW,CE,Combined TRACON& Tower with Radar,81,35,17,15,148,0,1,8,1,10,81,36,25,16,158,4,4,8,166
08/29/2022,TUL,OK,ASW,CE,Combined TRACON& Tower with Radar,87,34,28,7,156,0,0,9,2,11,87,34,37,9,167,0,2,2,169
08/30/2022,TUL,OK,ASW,CE,Combined TRACON& Tower with Radar,100,41,33,31,205,0,3,20,4,27,100,44,53,35,232,0,12,12,244
08/31/2022,TUL,OK,ASW,CE,Combined TRACON& Tower with Radar,95,45,45,47,232,0,11,35,5,51,95,56,80,52,283,6,10,16,299
09/01/2022,TUL,OK,ASW,CE,Combined TRACON& Tower with Radar,94,49,32,4,179,0,1,18,2,21,94,50,50,6,200,8,42,50,250
09/02/2022,TUL,OK,ASW,CE,Combined TRACON& Tower with Radar,108,54,41,0,203,0,4,8,0,12,108,58,49,0,215,54,0,54,269
09/03/2022,TUL,OK,ASW,CE,Combined TRACON& Tower with Radar,77,32,20,0,129,0,3,25,0,28,77,35,45,0,157,20,0,20,177
09/04/2022,TUL,OK,ASW,CE,Combined TRACON& Tower with Radar,66,20,18,0,104,0,0,8,0,8,66,20,26,0,112,0,0,0,112
09/05/2022,TUL,OK,ASW,CE,Combined TRACON& Tower with Radar,84,30,29,0,143,0,1,13,0,14,84,31,42,0,157,22,0,22,179
09/06/2022,TUL,OK,ASW,CE,Combined TRACON& Tower with Radar,92,42,27,92,253,0,4,15,1,20,92,46,42,93,273,10,64,74,347
09/07/2022,TUL,OK,ASW,CE,Combined TRACON& Tower with Radar,90,36,33,85,244,0,2,23,6,31,90,38,56,91,275,8,98,106,381
09/08/2022,TUL,OK,ASW,CE,Combined TRACON& Tower with Radar,92,48,44,76,260,0,2,26,4,32,92,50,70,80,292,24,60,84,376
09/09/2022,TUL,OK,ASW,CE,Combined TRACON& Tower with Radar,94,44,40,56,234,0,0,31,11,42,94,44,71,67,276,44,18,62,338
09/10/2022,TUL,OK,ASW,CE,Combined TRACON& Tower with Radar,75,30,19,7,131,0,4,17,9,30,75,34,36,16,161,0,30,30,191
09/11/2022,TUL,OK,ASW,CE,Combined TRACON& Tower with Radar,80,37,34,4,155,0,7,22,1,30,80,44,56,5,185,94,0,94,279
09/12/2022,TUL,OK,ASW,CE,Combined TRACON& Tower with Radar,97,46,34,57,234,0,5,23,4,32,97,51,57,61,266,30,26,56,322
09/13/2022,TUL,OK,ASW,CE,Combined TRACON& Tower with Radar,88,31,49,63,231,0,4,40,8,52,88,35,89,71,283,4,34,38,321
09/14/2022,TUL,OK,ASW,CE,Combined TRACON& Tower with Radar,88,56,39,50,233,0,7,19,10,36,88,63,58,60,269,8,42,50,319
09/15/2022,TUL,OK,ASW,CE,Combined TRACON& Tower with Radar,97,72,47,26,242,0,2,18,5,25,97,74,65,31,267,0,30,30,297
09/16/2022,TUL,OK,ASW,CE,Combined TRACON& Tower with Radar,104,52,41,22,219,0,0,22,4,26,104,52,63,26,245,26,38,64,309
09/17/2022,TUL,OK,ASW,CE,Combined TRACON& Tower with Radar,71,30,24,0,125,0,0,12,0,12,71,30,36,0,137,0,0,0,137
09/18/2022,TUL,OK,ASW,CE,Combined TRACON& Tower with Radar,79,65,35,13,192,0,3,11,0,14,79,68,46,13,206,12,0,12,218
09/19/2022,TUL,OK,ASW,CE,Combined TRACON& Tower with Radar,97,53,49,66,265,0,8,8,8,24,97,61,57,74,289,6,36,42,331
09/20/2022,TUL,OK,ASW,CE,Combined TRACON& Tower with Radar,90,53,34,62,239,0,10,18,8,36,90,63,52,70,275,0,36,36,311
09/21/2022,TUL,OK,ASW,CE,Combined TRACON& Tower with Radar,94,46,55,54,249,0,4,21,8,33,94,50,76,62,282,42,18,60,342
09/22/2022,TUL,OK,ASW,CE,Combined TRACON& Tower with Radar,95,50,53,79,277,0,6,10,3,19,95,56,63,82,296,0,36,36,332
09/23/2022,TUL,OK,ASW,CE,Combined TRACON& Tower with Radar,99,53,45,88,285,0,7,34,8,49,99,60,79,96,334,22,52,74,408
09/24/2022,TUL,OK,ASW,CE,Combined TRACON& Tower with Radar,74,41,23,4,142,0,3,20,2,25,74,44,43,6,167,6,16,22,189
09/25/2022,TUL,OK,ASW,CE,Combined TRACON& Tower with Radar,81,40,29,34,184,0,4,21,1,26,81,44,50,35,210,18,8,26,236
09/26/2022,TUL,OK,ASW,CE,Combined TRACON& Tower with Radar,94,42,47,79,262,0,5,18,6,29,94,47,65,85,291,0,62,62,353
09/27/2022,TUL,OK,ASW,CE,Combined TRACON& Tower with Radar,94,58,42,82,276,0,6,35,5,46,94,64,77,87,322,4,52,56,378
09/28/2022,TUL,OK,ASW,CE,Combined TRACON& Tower with Radar,95,60,28,83,266,0,2,20,6,28,95,62,48,89,294,0,70,70,364
09/29/2022,TUL,OK,ASW,CE,Combined TRACON& Tower with Radar,93,38,50,110,291,0,7,28,9,44,93,45,78,119,335,42,112,154,489
09/30/2022,TUL,OK,ASW,CE,Combined TRACON& Tower with Radar,97,45,37,59,238,0,8,27,14,49,97,53,64,73,287,18,36,54,341
10/01/2022,TUL,OK,ASW,CE,Combined TRACON& Tower with Radar,77,32,24,25,158,0,4,19,6,29,77,36,43,31,187,2,30,32,219
10/02/2022,TUL,OK,ASW,CE,Combined TRACON& Tower with Radar,82,48,28,21,179,0,0,18,0,18,82,48,46,21,197,0,34,34,231
10/03/2022,TUL,OK,ASW,CE,Combined TRACON& Tower with Radar,95,32,32,65,224,0,4,21,9,34,95,36,53,74,258,0,120,120,378
10/04/2022,TUL,OK,ASW,CE,Combined TRACON& Tower with Radar,98,50,48,43,239,0,8,21,4,33,98,58,69,47,272,22,18,40,312
10/05/2022,TUL,OK,ASW,CE,Combined TRACON& Tower with Radar,94,52,53,32,231,0,6,26,2,34,94,58,79,34,265,18,24,42,307
10/06/2022,TUL,OK,ASW,CE,Combined TRACON& Tower with Radar,98,54,30,61,243,0,10,34,10,54,98,64,64,71,297,28,44,72,369
10/07/2022,TUL,OK,ASW,CE,Combined TRACON& Tower with Radar,101,47,49,50,247,0,9,26,8,43,101,56,75,58,290,0,10,10,300
10/08/2022,TUL,OK,ASW,CE,Combined TRACON& Tower with Radar,77,36,28,0,141,0,4,15,0,19,77,40,43,0,160,0,0,0,160
10/09/2022,TUL,OK,ASW,CE,Combined TRACON& Tower with Radar,88,49,33,0,170,0,7,15,0,22,88,56,48,0,192,0,0,0,192
10/10/2022,TUL,OK,ASW,CE,Combined TRACON& Tower with Radar,96,46,41,2,185,0,1,16,0,17,96,47,57,2,202,0,0,0,202
10/11/2022,TUL,OK,ASW,CE,Combined TRACON& Tower with Radar,98,51,51,49,249,0,3,12,3,18,98,54,63,52,267,0,8,8,275
10/12/2022,TUL,OK,ASW,CE,Combined TRACON& Tower with Radar,93,51,43,57,244,0,6,22,2,30,93,57,65,59,274,8,32,40,314
10/13/2022,TUL,OK,ASW,CE,Combined TRACON& Tower with Radar,98,52,54,42,246,1,1,14,0,16,99,53,68,42,262,6,10,16,278
10/14/2022,TUL,OK,ASW,CE,Combined TRACON& Tower with Radar,105,73,49,30,257,0,4,21,2,27,105,77,70,32,284,26,44,70,354
10/15/2022,TUL,OK,ASW,CE,Combined TRACON& Tower with Radar,78,54,24,0,156,0,6,24,0,30,78,60,48,0,186,6,0,6,192
10/16/2022,TUL,OK,ASW,CE,Combined TRACON& Tower with Radar,83,67,42,10,202,0,6,18,0,24,83,73,60,10,226,0,0,0,226
10/17/2022,TUL,OK,ASW,CE,Combined TRACON& Tower with Radar,96,44,30,100,270,0,7,20,4,31,96,51,50,104,301,24,32,56,357
10/18/2022,TUL,OK,ASW,CE,Combined TRACON& Tower with Radar,95,43,36,121,295,0,2,18,11,31,95,45,54,132,326,2,66,68,394
10/19/2022,TUL,OK,ASW,CE,Combined TRACON& Tower with Radar,96,54,50,120,320,0,4,27,5,36,96,58,77,125,356,4,44,48,404
10/20/2022,TUL,OK,ASW,CE,Combined TRACON& Tower with Radar,103,56,58,70,287,0,1,25,14,40,103,57,83,84,327,32,18,50,377
10/21/2022,TUL,OK,ASW,CE,Combined TRACON& Tower with Radar,100,55,23,52,230,0,2,17,14,33,100,57,40,66,263,8,24,32,295
10/22/2022,TUL,OK,ASW,CE,Combined TRACON& Tower with Radar,82,37,20,7,146,0,8,16,2,26,82,45,36,9,172,0,2,2,174
10/23/2022,TUL,OK,ASW,CE,Combined TRACON& Tower with Radar,83,40,27,17,167,0,3,6,3,12,83,43,33,20,179,0,16,16,195
10/24/2022,TUL,OK,ASW,CE,Combined TRACON& Tower with Radar,116,31,25,4,176,0,0,0,0,0,116,31,25,4,176,0,0,0,176
10/25/2022,TUL,OK,ASW,CE,Combined TRACON& Tower with Radar,110,57,50,16,233,0,5,19,7,31,110,62,69,23,264,24,16,40,304
10/26/2022,TUL,OK,ASW,CE,Combined TRACON& Tower with Radar,97,57,48,53,255,0,1,40,10,51,97,58,88,63,306,40,34,74,380
10/27/2022,TUL,OK,ASW,CE,Combined TRACON& Tower with Radar,100,58,54,59,271,0,3,32,10,45,100,61,86,69,316,4,46,50,366
10/28/2022,TUL,OK,ASW,CE,Combined TRACON& Tower with Radar,98,42,49,94,283,0,2,27,6,35,98,44,76,100,318,54,66,120,438
10/29/2022,TUL,OK,ASW,CE,Combined TRACON& Tower with Radar,74,44,24,0,142,0,2,18,1,21,74,46,42,1,163,20,0,20,183
10/30/2022,TUL,OK,ASW,CE,Combined TRACON& Tower with Radar,87,45,47,4,183,0,3,7,0,10,87,48,54,4,193,0,0,0,193
10/31/2022,TUL,OK,ASW,CE,Combined TRACON& Tower with Radar,96,28,17,55,196,0,4,21,2,27,96,32,38,57,223,36,14,50,273
11/01/2022,TUL,OK,ASW,CE,Combined TRACON& Tower with Radar,92,36,34,95,257,0,4,33,18,55,92,40,67,113,312,0,68,68,380
11/02/2022,TUL,OK,ASW,CE,Combined TRACON& Tower with Radar,98,50,51,64,263,0,1,24,10,35,98,51,75,74,298,0,0,0,298
11/03/2022,TUL,OK,ASW,CE,Combined TRACON& Tower with Radar,96,72,67,45,280,0,2,16,13,31,96,74,83,58,311,10,50,60,371
11/04/2022,TUL,OK,ASW,CE,Combined TRACON& Tower with Radar,93,54,29,4,180,0,0,3,0,3,93,54,32,4,183,0,0,0,183
11/05/2022,TUL,OK,ASW,CE,Combined TRACON& Tower with Radar,69,41,17,4,131,0,2,29,5,36,69,43,46,9,167,4,6,10,177
11/06/2022,TUL,OK,ASW,CE,Combined TRACON& Tower with Radar,79,66,26,1,172,0,4,21,0,25,79,70,47,1,197,12,0,12,209
11/07/2022,TUL,OK,ASW,CE,Combined TRACON& Tower with Radar,93,61,50,77,281,0,8,5,2,15,93,69,55,79,296,0,28,28,324
11/08/2022,TUL,OK,ASW,CE,Combined TRACON& Tower with Radar,89,31,45,14,179,0,0,1,3,4,89,31,46,17,183,0,0,0,183
11/09/2022,TUL,OK,ASW,CE,Combined TRACON& Tower with Radar,97,62,37,60,256,0,2,6,2,10,97,64,43,62,266,0,0,0,266
11/10/2022,TUL,OK,ASW,CE,Combined TRACON& Tower with Radar,95,32,57,14,198,0,2,8,8,18,95,34,65,22,216,0,0,0,216
11/11/2022,TUL,OK,ASW,CE,Combined TRACON& Tower with Radar,114,49,35,2,200,0,3,14,1,18,114,52,49,3,218,0,0,0,218
11/12/2022,TUL,OK,ASW,CE,Combined TRACON& Tower with Radar,70,29,19,2,120,0,5,28,0,33,70,34,47,2,153,50,0,50,203
11/13/2022,TUL,OK,ASW,CE,Combined TRACON& Tower with Radar,83,30,35,2,150,0,0,17,0,17,83,30,52,2,167,0,0,0,167
11/14/2022,TUL,OK,ASW,CE,Combined TRACON& Tower with Radar,91,37,34,4,166,0,0,1,3,4,91,37,35,7,170,4,22,26,196
11/15/2022,TUL,OK,ASW,CE,Combined TRACON& Tower with Radar,91,38,43,39,211,0,5,14,4,23,91,43,57,43,234,0,0,0,234
11/16/2022,TUL,OK,ASW,CE,Combined TRACON& Tower with Radar,92,41,41,32,206,0,4,16,14,34,92,45,57,46,240,4,32,36,276
11/17/2022,TUL,OK,ASW,CE,Combined TRACON& Tower with Radar,101,56,53,79,289,0,7,26,10,43,101,63,79,89,332,0,44,44,376
11/18/2022,TUL,OK,ASW,CE,Combined TRACON& Tower with Radar,107,62,32,18,219,0,5,19,7,31,107,67,51,25,250,0,60,60,310
11/19/2022,TUL,OK,ASW,CE,Combined TRACON& Tower with Radar,79,35,34,1,149,0,3,13,2,18,79,38,47,3,167,10,0,10,177
11/20/2022,TUL,OK,ASW,CE,Combined TRACON& Tower with Radar,93,20,26,4,143,0,2,15,0,17,93,22,41,4,160,28,0,28,188
11/21/2022,TUL,OK,ASW,CE,Combined TRACON& Tower with Radar,102,46,30,34,212,0,1,36,4,41,102,47,66,38,253,20,26,46,299
11/22/2022,TUL,OK,ASW,CE,Combined TRACON& Tower with Radar,101,39,33,44,217,0,3,20,9,32,101,42,53,53,249,16,24,40,289
11/23/2022,TUL,OK,ASW,CE,Combined TRACON& Tower with Radar,104,39,19,26,188,0,2,1,2,5,104,41,20,28,193,0,8,8,201
11/24/2022,TUL,OK,ASW,CE,Combined TRACON& Tower with Radar,60,17,4,0,81,0,0,0,0,0,60,17,4,0,81,0,0,0,81
11/25/2022,TUL,OK,ASW,CE,Combined TRACON& Tower with Radar,91,38,9,0,138,0,0,11,0,11,91,38,20,0,149,0,0,0,149
11/26/2022,TUL,OK,ASW,CE,Combined TRACON& Tower with Radar,80,35,12,0,127,0,0,0,0,0,80,35,12,0,127,0,0,0,127
11/27/2022,TUL,OK,ASW,CE,Combined TRACON& Tower with Radar,88,42,36,6,172,0,2,10,0,12,88,44,46,6,184,0,0,0,184
11/28/2022,TUL,OK,ASW,CE,Combined TRACON& Tower with Radar,99,42,48,74,263,0,5,15,3,23,99,47,63,77,286,0,34,34,320
11/29/2022,TUL,OK,ASW,CE,Combined TRACON& Tower with Radar,105,38,29,53,225,0,4,5,6,15,105,42,34,59,240,0,80,80,320
11/30/2022,TUL,OK,ASW,CE,Combined TRACON& Tower with Radar,94,36,50,58,238,0,5,23,8,36,94,41,73,66,274,26,42,68,342
12/01/2022,TUL,OK,ASW,CE,Combined TRACON& Tower with Radar,97,35,34,70,236,0,4,6,8,18,97,39,40,78,254,0,54,54,308
12/02/2022,TUL,OK,ASW,CE,Combined TRACON& Tower with Radar,98,33,46,25,202,0,0,0,4,4,98,33,46,29,206,0,8,8,214
12/03/2022,TUL,OK,ASW,CE,Combined TRACON& Tower with Radar,74,28,15,22,139,0,8,29,0,37,74,36,44,22,176,28,8,36,212
12/04/2022,TUL,OK,ASW,CE,Combined TRACON& Tower with Radar,92,40,29,15,176,0,4,14,3,21,92,44,43,18,197,28,6,34,231
12/05/2022,TUL,OK,ASW,CE,Combined TRACON& Tower with Radar,99,37,47,10,193,0,2,0,0,2,99,39,47,10,195,0,0,0,195
12/06/2022,TUL,OK,ASW,CE,Combined TRACON& Tower with Radar,97,39,37,5,178,0,0,3,2,5,97,39,40,7,183,0,0,0,183
12/07/2022,TUL,OK,ASW,CE,Combined TRACON& Tower with Radar,94,39,43,8,184,0,0,1,0,1,94,39,44,8,185,0,0,0,185
12/08/2022,TUL,OK,ASW,CE,Combined TRACON& Tower with Radar,107,65,37,7,216,0,0,0,0,0,107,65,37,7,216,0,0,0,216
12/09/2022,TUL,OK,ASW,CE,Combined TRACON& Tower with Radar,108,34,47,26,215,0,2,29,5,36,108,36,76,31,251,4,80,84,335
12/10/2022,TUL,OK,ASW,CE,Combined TRACON& Tower with Radar,72,37,17,0,126,0,0,0,0,0,72,37,17,0,126,0,0,0,126
12/11/2022,TUL,OK,ASW,CE,Combined TRACON& Tower with Radar,89,39,37,10,175,0,2,1,0,3,89,41,38,10,178,16,2,18,196
12/12/2022,TUL,OK,ASW,CE,Combined TRACON& Tower with Radar,101,40,46,39,226,0,0,1,0,1,101,40,47,39,227,0,0,0,227
12/13/2022,TUL,OK,ASW,CE,Combined TRACON& Tower with Radar,95,35,29,79,238,0,2,17,9,28,95,37,46,88,266,4,72,76,342
12/14/2022,TUL,OK,ASW,CE,Combined TRACON& Tower with Radar,100,37,51,44,232,0,9,46,6,61,100,46,97,50,293,4,52,56,349
12/15/2022,TUL,OK,ASW,CE,Combined TRACON& Tower with Radar,102,38,54,33,227,0,2,21,10,33,102,40,75,43,260,36,22,58,318
12/16/2022,TUL,OK,ASW,CE,Combined TRACON& Tower with Radar,102,39,40,15,196,0,3,14,0,17,102,42,54,15,213,0,0,0,213
12/17/2022,TUL,OK,ASW,CE,Combined TRACON& Tower with Radar,83,36,19,4,142,0,3,22,0,25,83,39,41,4,167,0,0,0,167
12/18/2022,TUL,OK,ASW,CE,Combined TRACON& Tower with Radar,90,44,19,0,153,0,5,17,0,22,90,49,36,0,175,14,0,14,189
12/19/2022,TUL,OK,ASW,CE,Combined TRACON& Tower with Radar,92,42,38,51,223,0,2,17,2,21,92,44,55,53,244,0,24,24,268
12/20/2022,TUL,OK,ASW,CE,Combined TRACON& Tower with Radar,100,38,37,78,253,0,2,4,11,17,100,40,41,89,270,0,24,24,294
12/21/2022,TUL,OK,ASW,CE,Combined TRACON& Tower with Radar,101,41,51,56,249,0,4,11,8,23,101,45,62,64,272,0,0,0,272
12/22/2022,TUL,OK,ASW,CE,Combined TRACON& Tower with Radar,70,26,11,0,107,0,2,0,0,2,70,28,11,0,109,0,0,0,109
12/23/2022,TUL,OK,ASW,CE,Combined TRACON& Tower with Radar,76,26,24,0,126,0,2,11,0,13,76,28,35,0,139,0,0,0,139
12/24/2022,TUL,OK,ASW,CE,Combined TRACON& Tower with Radar,45,26,5,0,76,0,1,7,0,8,45,27,12,0,84,2,0,2,86
12/25/2022,TUL,OK,ASW,CE,Combined TRACON& Tower with Radar,47,16,6,0,69,0,0,3,0,3,47,16,9,0,72,0,0,0,72
12/26/2022,TUL,OK,ASW,CE,Combined TRACON& Tower with Radar,51,45,40,0,136,0,0,4,0,4,51,45,44,0,140,0,0,0,140
12/27/2022,TUL,OK,ASW,CE,Combined TRACON& Tower with Radar,79,47,50,4,180,0,5,13,2,20,79,52,63,6,200,0,0,0,200
12/28/2022,TUL,OK,ASW,CE,Combined TRACON& Tower with Radar,69,44,32,2,147,0,3,16,2,21,69,47,48,4,168,0,4,4,172
12/29/2022,TUL,OK,ASW,CE,Combined TRACON& Tower with Radar,74,26,28,11,139,0,1,9,1,11,74,27,37,12,150,8,10,18,168
12/30/2022,TUL,OK,ASW,CE,Combined TRACON& Tower with Radar,93,37,32,0,162,0,3,23,1,27,93,40,55,1,189,0,0,0,189
12/31/2022,TUL,OK,ASW,CE,Combined TRACON& Tower with Radar,63,28,15,0,106,0,14,11,0,25,63,42,26,0,131,4,0,4,135
01/01/2023,TUL,OK,ASW,CE,Combined TRACON& Tower with Radar,69,31,22,0,122,0,1,19,0,20,69,32,41,0,142,6,0,6,148
01/02/2023,TUL,OK,ASW,CE,Combined TRACON& Tower with Radar,77,39,34,0,150,0,1,4,0,5,77,40,38,0,155,0,0,0,155
01/03/2023,TUL,OK,ASW,CE,Combined TRACON& Tower with Radar,99,35,44,12,190,0,1,16,2,19,99,36,60,14,209,4,10,14,223
01/04/2023,TUL,OK,ASW,CE,Combined TRACON& Tower with Radar,95,40,36,30,201,0,3,18,10,31,95,43,54,40,232,26,20,46,278
01/05/2023,TUL,OK,ASW,CE,Combined TRACON& Tower with Radar,92,34,23,62,211,0,7,32,8,47,92,41,55,70,258,33,110,143,401
01/06/2023,TUL,OK,ASW,CE,Combined TRACON& Tower with Radar,88,35,35,52,210,0,15,25,6,46,88,50,60,58,256,26,30,56,312
01/07/2023,TUL,OK,ASW,CE,Combined TRACON& Tower with Radar,75,18,28,36,157,0,2,8,2,12,75,20,36,38,169,0,16,16,185
01/08/2023,TUL,OK,ASW,CE,Combined TRACON& Tower with Radar,81,26,24,26,157,0,3,16,0,19,81,29,40,26,176,14,14,28,204
01/09/2023,TUL,OK,ASW,CE,Combined TRACON& Tower with Radar,92,27,37,35,191,0,3,24,9,36,92,30,61,44,227,2,20,22,249
01/10/2023,TUL,OK,ASW,CE,Combined TRACON& Tower with Radar,93,26,30,67,216,0,1,21,7,29,93,27,51,74,245,16,36,52,297
01/11/2023,TUL,OK,ASW,CE,Combined TRACON& Tower with Radar,81,31,50,72,234,0,7,27,4,38,81,38,77,76,272,30,20,50,322
01/12/2023,TUL,OK,ASW,CE,Combined TRACON& Tower with Radar,94,48,45,22,209,0,0,2,2,4,94,48,47,24,213,0,6,6,219
01/13/2023,TUL,OK,ASW,CE,Combined TRACON& Tower with Radar,96,29,45,27,197,0,5,16,2,23,96,34,61,29,220,6,0,6,226
01/14/2023,TUL,OK,ASW,CE,Combined TRACON& Tower with Radar,64,18,21,3,106,0,1,19,0,20,64,19,40,3,126,0,2,2,128
01/15/2023,TUL,OK,ASW,CE,Combined TRACON& Tower with Radar,82,24,48,2,156,0,2,2,0,4,82,26,50,2,160,0,0,0,160
01/16/2023,TUL,OK,ASW,CE,Combined TRACON& Tower with Radar,84,32,28,0,144,0,2,11,0,13,84,34,39,0,157,12,0,12,169
01/17/2023,TUL,OK,ASW,CE,Combined TRACON& Tower with Radar,92,34,44,80,250,0,5,29,0,34,92,39,73,80,284,26,42,68,352
01/18/2023,TUL,OK,ASW,CE,Combined TRACON& Tower with Radar,90,39,57,74,260,0,0,18,11,29,90,39,75,85,289,8,40,48,337
01/19/2023,TUL,OK,ASW,CE,Combined TRACON& Tower with Radar,94,39,44,30,207,2,12,17,11,42,96,51,61,41,249,0,28,28,277
01/20/2023,TUL,OK,ASW,CE,Combined TRACON& Tower with Radar,101,30,27,86,244,0,6,49,18,73,101,36,76,104,317,16,98,114,431
01/21/2023,TUL,OK,ASW,CE,Combined TRACON& Tower with Radar,71,18,13,1,103,0,2,7,3,12,71,20,20,4,115,4,24,28,143
01/22/2023,TUL,OK,ASW,CE,Combined TRACON& Tower with Radar,83,24,22,6,135,0,6,1,0,7,83,30,23,6,142,10,0,10,152
01/23/2023,TUL,OK,ASW,CE,Combined TRACON& Tower with Radar,92,48,32,63,235,0,5,42,3,50,92,53,74,66,285,22,64,86,371
01/24/2023,TUL,OK,ASW,CE,Combined TRACON& Tower with Radar,91,23,23,4,141,0,0,0,0,0,91,23,23,4,141,0,0,0,141
01/25/2023,TUL,OK,ASW,CE,Combined TRACON& Tower with Radar,82,42,44,8,176,0,2,10,4,16,82,44,54,12,192,0,2,2,194
01/26/2023,TUL,OK,ASW,CE,Combined TRACON& Tower with Radar,102,31,45,28,206,0,5,40,3,48,102,36,85,31,254,0,0,0,254
01/27/2023,TUL,OK,ASW,CE,Combined TRACON& Tower with Radar,98,29,43,29,199,0,8,33,5,46,98,37,76,34,245,0,16,16,261
01/28/2023,TUL,OK,ASW,CE,Combined TRACON& Tower with Radar,65,24,30,0,119,0,1,5,0,6,65,25,35,0,125,0,0,0,125
01/29/2023,TUL,OK,ASW,CE,Combined TRACON& Tower with Radar,83,13,19,0,115,0,0,0,0,0,83,13,19,0,115,0,0,0,115
01/30/2023,TUL,OK,ASW,CE,Combined TRACON& Tower with Radar,81,27,29,1,138,0,1,0,0,1,81,28,29,1,139,0,0,0,139
01/31/2023,TUL,OK,ASW,CE,Combined TRACON& Tower with Radar,72,34,27,1,134,0,0,3,0,3,72,34,30,1,137,0,0,0,137
02/01/2023,TUL,OK,ASW,CE,Combined TRACON& Tower with Radar,60,33,43,35,171,0,0,16,11,27,60,33,59,46,198,0,6,6,204
02/02/2023,TUL,OK,ASW,CE,Combined TRACON& Tower with Radar,94,41,30,25,190,0,4,9,3,16,94,45,39,28,206,0,12,12,218
02/03/2023,TUL,OK,ASW,CE,Combined TRACON& Tower with Radar,97,37,41,40,215,0,5,28,4,37,97,42,69,44,252,8,8,16,268
02/04/2023,TUL,OK,ASW,CE,Combined TRACON& Tower with Radar,76,22,19,32,149,0,5,9,5,19,76,27,28,37,168,0,38,38,206
02/05/2023,TUL,OK,ASW,CE,Combined TRACON& Tower with Radar,83,29,37,11,160,0,4,32,5,41,83,33,69,16,201,4,20,24,225
02/06/2023,TUL,OK,ASW,CE,Combined TRACON& Tower with Radar,98,23,45,35,201,0,2,15,1,18,98,25,60,36,219,2,6,8,227
02/07/2023,TUL,OK,ASW,CE,Combined TRACON& Tower with Radar,97,28,29,23,177,0,3,2,2,7,97,31,31,25,184,4,22,26,210
02/08/2023,TUL,OK,ASW,CE,Combined TRACON& Tower with Radar,98,54,41,1,194,0,0,0,0,0,98,54,41,1,194,0,0,0,194
02/09/2023,TUL,OK,ASW,CE,Combined TRACON& Tower with Radar,99,37,45,34,215,0,2,25,7,34,99,39,70,41,249,4,50,54,303
02/10/2023,TUL,OK,ASW,CE,Combined TRACON& Tower with Radar,97,33,40,7,177,0,3,6,1,10,97,36,46,8,187,0,6,6,193
02/11/2023,TUL,OK,ASW,CE,Combined TRACON& Tower with Radar,87,16,19,20,142,0,3,36,3,42,87,19,55,23,184,6,12,18,202
02/12/2023,TUL,OK,ASW,CE,Combined TRACON& Tower with Radar,90,16,16,2,124,0,2,10,0,12,90,18,26,2,136,0,0,0,136
02/13/2023,TUL,OK,ASW,CE,Combined TRACON& Tower with Radar,92,29,44,57,222,0,6,20,12,38,92,35,64,69,260,2,20,22,282
02/14/2023,TUL,OK,ASW,CE,Combined TRACON& Tower with Radar,100,37,22,6,165,0,0,5,2,7,100,37,27,8,172,0,0,0,172
02/15/2023,TUL,OK,ASW,CE,Combined TRACON& Tower with Radar,102,37,49,46,234,0,3,17,7,27,102,40,66,53,261,0,16,16,277
02/16/2023,TUL,OK,ASW,CE,Combined TRACON& Tower with Radar,101,39,53,56,249,0,4,8,3,15,101,43,61,59,264,18,38,56,320
02/17/2023,TUL,OK,ASW,CE,Combined TRACON& Tower with Radar,105,45,39,66,255,0,6,38,19,63,105,51,77,85,318,6,64,70,388
02/18/2023,TUL,OK,ASW,CE,Combined TRACON& Tower with Radar,81,25,30,0,136,0,8,20,0,28,81,33,50,0,164,16,0,16,180
02/19/2023,TUL,OK,ASW,CE,Combined TRACON& Tower with Radar,88,33,29,46,196,0,5,23,0,28,88,38,52,46,224,0,0,0,224
02/20/2023,TUL,OK,ASW,CE,Combined TRACON& Tower with Radar,99,33,44,0,176,0,6,26,1,33,99,39,70,1,209,0,0,0,209
02/21/2023,TUL,OK,ASW,CE,Combined TRACON& Tower with Radar,101,52,55,117,325,0,8,14,10,32,101,60,69,127,357,0,38,38,395
02/22/2023,TUL,OK,ASW,CE,Combined TRACON& Tower with Radar,102,37,36,67,242,0,1,6,8,15,102,38,42,75,257,14,18,32,289
02/23/2023,TUL,OK,ASW,CE,Combined TRACON& Tower with Radar,100,44,51,44,239,0,4,38,10,52,100,48,89,54,291,42,28,70,361
02/24/2023,TUL,OK,ASW,CE,Combined TRACON& Tower with Radar,104,72,47,8,231,0,2,20,6,28,104,74,67,14,259,28,8,36,295
02/25/2023,TUL,OK,ASW,CE,Combined TRACON& Tower with Radar,81,31,26,7,145,0,0,0,0,0,81,31,26,7,145,0,0,0,145
02/26/2023,TUL,OK,ASW,CE,Combined TRACON& Tower with Radar,84,42,26,0,152,0,0,0,0,0,84,42,26,0,152,0,0,0,152
02/27/2023,TUL,OK,ASW,CE,Combined TRACON& Tower with Radar,118,34,39,26,217,0,3,26,8,37,118,37,65,34,254,14,24,38,292
02/28/2023,TUL,OK,ASW,CE,Combined TRACON& Tower with Radar,99,44,39,19,201,0,6,22,8,36,99,50,61,27,237,0,12,12,249
03/01/2023,TUL,OK,ASW,CE,Combined TRACON& Tower with Radar,101,35,62,16,214,0,13,30,1,44,101,48,92,17,258,36,14,50,308
03/02/2023,TUL,OK,ASW,CE,Combined TRACON& Tower with Radar,92,55,38,6,191,0,4,11,2,17,92,59,49,8,208,12,22,34,242
03/03/2023,TUL,OK,ASW,CE,Combined TRACON& Tower with Radar,111,35,55,6,207,0,0,18,5,23,111,35,73,11,230,6,14,20,250
03/04/2023,TUL,OK,ASW,CE,Combined TRACON& Tower with Radar,80,55,34,21,190,0,7,24,5,36,80,62,58,26,226,0,22,22,248
03/05/2023,TUL,OK,ASW,CE,Combined TRACON& Tower with Radar,86,41,22,2,151,0,3,20,1,24,86,44,42,3,175,12,24,36,211
03/06/2023,TUL,OK,ASW,CE,Combined TRACON& Tower with Radar,104,27,42,21,194,0,8,29,1,38,104,35,71,22,232,4,24,28,260
03/07/2023,TUL,OK,ASW,CE,Combined TRACON& Tower with Radar,95,26,29,28,178,0,2,15,2,19,95,28,44,30,197,2,64,66,263
03/08/2023,TUL,OK,ASW,CE,Combined TRACON& Tower with Radar,98,40,61,6,205,0,0,1,0,1,98,40,62,6,206,0,0,0,206
03/09/2023,TUL,OK,ASW,CE,Combined TRACON& Tower with Radar,103,34,33,0,170,0,2,2,1,5,103,36,35,1,175,0,0,0,175
03/10/2023,TUL,OK,ASW,CE,Combined TRACON& Tower with Radar,115,52,44,21,232,0,15,30,7,52,115,67,74,28,284,8,22,30,314
03/11/2023,TUL,OK,ASW,CE,Combined TRACON& Tower with Radar,80,47,34,4,165,0,0,5,0,5,80,47,39,4,170,0,0,0,170
03/12/2023,TUL,OK,ASW,CE,Combined TRACON& Tower with Radar,86,55,44,4,189,0,1,9,2,12,86,56,53,6,201,0,0,0,201
03/13/2023,TUL,OK,ASW,CE,Combined TRACON& Tower with Radar,102,37,35,31,205,0,6,34,3,43,102,43,69,34,248,38,22,60,308
03/14/2023,TUL,OK,ASW,CE,Combined TRACON& Tower with Radar,99,39,37,31,206,0,5,44,3,52,99,44,81,34,258,28,0,28,286
03/15/2023,TUL,OK,ASW,CE,Combined TRACON& Tower with Radar,100,36,41,62,239,0,6,22,5,33,100,42,63,67,272,2,36,38,310
03/16/2023,TUL,OK,ASW,CE,Combined TRACON& Tower with Radar,102,35,43,9,189,0,0,3,1,4,102,35,46,10,193,0,0,0,193
03/17/2023,TUL,OK,ASW,CE,Combined TRACON& Tower with Radar,105,49,54,35,243,0,8,13,13,34,105,57,67,48,277,2,8,10,287
03/18/2023,TUL,OK,ASW,CE,Combined TRACON& Tower with Radar,86,49,42,0,177,0,4,26,0,30,86,53,68,0,207,0,0,0,207
03/19/2023,TUL,OK,ASW,CE,Combined TRACON& Tower with Radar,86,61,51,9,207,0,4,10,0,14,86,65,61,9,221,0,0,0,221
03/20/2023,TUL,OK,ASW,CE,Combined TRACON& Tower with Radar,100,34,29,42,205,0,7,10,3,20,100,41,39,45,225,0,70,70,295
03/21/2023,TUL,OK,ASW,CE,Combined TRACON& Tower with Radar,98,37,60,23,218,0,0,0,2,2,98,37,60,25,220,0,28,28,248
03/22/2023,TUL,OK,ASW,CE,Combined TRACON& Tower with Radar,100,57,38,17,212,0,3,11,6,20,100,60,49,23,232,8,24,32,264
03/23/2023,TUL,OK,ASW,CE,Combined TRACON& Tower with Radar,98,44,45,5,192,0,3,5,0,8,98,47,50,5,200,4,34,38,238
03/24/2023,TUL,OK,ASW,CE,Combined TRACON& Tower with Radar,103,53,21,6,183,0,0,1,0,1,103,53,22,6,184,0,0,0,184
03/25/2023,TUL,OK,ASW,CE,Combined TRACON& Tower with Radar,81,34,31,14,160,0,5,30,2,37,81,39,61,16,197,0,14,14,211
03/26/2023,TUL,OK,ASW,CE,Combined TRACON& Tower with Radar,79,30,21,10,140,0,5,27,6,38,79,35,48,16,178,40,10,50,228
03/27/2023,TUL,OK,ASW,CE,Combined TRACON& Tower with Radar,103,38,37,45,223,0,16,8,4,28,103,54,45,49,251,2,10,12,263
03/28/2023,TUL,OK,ASW,CE,Combined TRACON& Tower with Radar,96,39,30,26,191,0,12,20,5,37,96,51,50,31,228,0,152,152,380
03/29/2023,TUL,OK,ASW,CE,Combined TRACON& Tower with Radar,100,28,49,54,231,0,7,39,3,49,100,35,88,57,280,18,24,42,322
03/30/2023,TUL,OK,ASW,CE,Combined TRACON& Tower with Radar,99,31,35,27,192,0,0,6,4,10,99,31,41,31,202,10,6,16,218
03/31/2023,TUL,OK,ASW,CE,Combined TRACON& Tower with Radar,104,34,34,4,176,0,0,0,0,0,104,34,34,4,176,0,0,0,176
04/01/2023,TUL,OK,ASW,CE,Combined TRACON& Tower with Radar,85,35,27,16,163,0,8,21,4,33,85,43,48,20,196,40,18,58,254
04/02/2023,TUL,OK,ASW,CE,Combined TRACON& Tower with Radar,84,33,28,17,162,0,2,5,1,8,84,35,33,18,170,0,6,6,176
04/03/2023,TUL,OK,ASW,CE,Combined TRACON& Tower with Radar,102,24,36,51,213,0,2,21,1,24,102,26,57,52,237,2,4,6,243
04/04/2023,TUL,OK,ASW,CE,Combined TRACON& Tower with Radar,94,24,42,52,212,0,0,3,2,5,94,24,45,54,217,0,20,20,237
04/05/2023,TUL,OK,ASW,CE,Combined TRACON& Tower with Radar,100,24,46,107,277,0,0,22,5,27,100,24,68,112,304,0,86,86,390
04/06/2023,TUL,OK,ASW,CE,Combined TRACON& Tower with Radar,106,44,43,38,231,0,12,23,9,44,106,56,66,47,275,8,54,62,337
04/07/2023,TUL,OK,ASW,CE,Combined TRACON& Tower with Radar,107,33,24,34,198,0,8,26,1,35,107,41,50,35,233,30,12,42,275
04/08/2023,TUL,OK,ASW,CE,Combined TRACON& Tower with Radar,83,22,18,12,135,0,4,31,0,35,83,26,49,12,170,64,0,64,234
04/09/2023,TUL,OK,ASW,CE,Combined TRACON& Tower with Radar,85,23,8,0,116,0,1,8,0,9,85,24,16,0,125,10,0,10,135
04/10/2023,TUL,OK,ASW,CE,Combined TRACON& Tower with Radar,104,30,44,52,230,0,3,14,5,22,104,33,58,57,252,0,28,28,280
04/11/2023,TUL,OK,ASW,CE,Combined TRACON& Tower with Radar,102,36,30,56,224,0,1,19,5,25,102,37,49,61,249,8,92,100,349
04/12/2023,TUL,OK,ASW,CE,Combined TRACON& Tower with Radar,104,44,39,58,245,0,3,33,7,43,104,47,72,65,288,2,80,82,370
04/13/2023,TUL,OK,ASW,CE,Combined TRACON& Tower with Radar,101,46,61,49,257,0,1,16,18,35,101,47,77,67,292,28,44,72,364
04/14/2023,TUL,OK,ASW,CE,Combined TRACON& Tower with Radar,110,31,39,35,215,0,3,26,3,32,110,34,65,38,247,0,46,46,293
04/15/2023,TUL,OK,ASW,CE,Combined TRACON& Tower with Radar,87,19,27,0,133,0,0,5,0,5,87,19,32,0,138,0,0,0,138
04/16/2023,TUL,OK,ASW,CE,Combined TRACON& Tower with Radar,89,24,21,0,134,0,2,12,1,15,89,26,33,1,149,6,0,6,155
04/17/2023,TUL,OK,ASW,CE,Combined TRACON& Tower with Radar,110,32,35,73,250,0,6,24,5,35,110,38,59,78,285,16,28,44,329
04/18/2023,TUL,OK,ASW,CE,Combined TRACON& Tower with Radar,105,24,50,82,261,0,2,8,4,14,105,26,58,86,275,8,12,20,295
04/19/2023,TUL,OK,ASW,CE,Combined TRACON& Tower with Radar,105,31,39,54,229,0,3,3,3,9,105,34,42,57,238,0,118,118,356
04/20/2023,TUL,OK,ASW,CE,Combined TRACON& Tower with Radar,112,36,34,32,214,0,7,11,8,26,112,43,45,40,240,32,0,32,272
04/21/2023,TUL,OK,ASW,CE,Combined TRACON& Tower with Radar,116,41,41,16,214,0,9,12,3,24,116,50,53,19,238,10,20,30,268
04/22/2023,TUL,OK,ASW,CE,Combined TRACON& Tower with Radar,87,26,24,6,143,0,2,21,2,25,87,28,45,8,168,28,0,28,196
04/23/2023,TUL,OK,ASW,CE,Combined TRACON& Tower with Radar,88,25,35,0,148,0,4,15,0,19,88,29,50,0,167,4,0,4,171
04/24/2023,TUL,OK,ASW,CE,Combined TRACON& Tower with Radar,110,32,30,88,260,0,3,16,17,36,110,35,46,105,296,6,90,96,392
04/25/2023,TUL,OK,ASW,CE,Combined TRACON& Tower with Radar,102,28,31,15,176,0,1,3,0,4,102,29,34,15,180,0,0,0,180
04/26/2023,TUL,OK,ASW,CE,Combined TRACON& Tower with Radar,94,25,33,10,162,0,0,1,0,1,94,25,34,10,163,0,0,0,163
04/27/2023,TUL,OK,ASW,CE,Combined TRACON& Tower with Radar,106,32,48,30,216,0,0,0,0,0,106,32,48,30,216,0,8,8,224
04/28/2023,TUL,OK,ASW,CE,Combined TRACON& Tower with Radar,111,39,29,3,182,0,1,5,3,9,111,40,34,6,191,28,14,42,233
04/29/2023,TUL,OK,ASW,CE,Combined TRACON& Tower with Radar,91,29,30,8,158,0,7,19,1,27,91,36,49,9,185,28,0,28,213
04/30/2023,TUL,OK,ASW,CE,Combined TRACON& Tower with Radar,88,19,25,4,136,0,7,4,0,11,88,26,29,4,147,6,0,6,153
05/01/2023,TUL,OK,ASW,CE,Combined TRACON& Tower with Radar,107,32,26,68,233,0,2,21,6,29,107,34,47,74,262,0,58,58,320
05/02/2023,TUL,OK,ASW,CE,Combined TRACON& Tower with Radar,100,28,43,23,194,0,2,31,3,36,100,30,74,26,230,10,42,52,282
05/03/2023,TUL,OK,ASW,CE,Combined TRACON& Tower with Radar,104,29,53,54,240,0,8,28,9,45,104,37,81,63,285,10,48,58,343
05/04/2023,TUL,OK,ASW,CE,Combined TRACON& Tower with Radar,101,38,54,0,193,0,0,3,0,3,101,38,57,0,196,6,0,6,202
05/05/2023,TUL,OK,ASW,CE,Combined TRACON& Tower with Radar,108,33,28,25,194,0,0,5,2,7,108,33,33,27,201,0,0,0,201
05/06/2023,TUL,OK,ASW,CE,Combined TRACON& Tower with Radar,88,19,23,10,140,0,0,7,1,8,88,19,30,11,148,0,0,0,148
05/07/2023,TUL,OK,ASW,CE,Combined TRACON& Tower with Radar,85,33,24,18,160,0,4,4,1,9,85,37,28,19,169,0,0,0,169
05/08/2023,TUL,OK,ASW,CE,Combined TRACON& Tower with Radar,107,26,22,41,196,0,6,28,4,38,107,32,50,45,234,0,0,0,234
05/09/2023,TUL,OK,ASW,CE,Combined TRACON& Tower with Radar,106,43,53,24,226,0,1,7,2,10,106,44,60,26,236,0,0,0,236
05/10/2023,TUL,OK,ASW,CE,Combined TRACON& Tower with Radar,101,36,37,26,200,0,1,13,2,16,101,37,50,28,216,0,0,0,216
05/11/2023,TUL,OK,ASW,CE,Combined TRACON& Tower with Radar,102,49,32,15,198,0,0,6,1,7,102,49,38,16,205,0,0,0,205
05/12/2023,TUL,OK,ASW,CE,Combined TRACON& Tower with Radar,110,44,33,12,199,0,0,6,3,9,110,44,39,15,208,0,0,0,208
05/13/2023,TUL,OK,ASW,CE,Combined TRACON& Tower with Radar,84,36,15,0,135,0,0,6,0,6,84,36,21,0,141,0,0,0,141
05/14/2023,TUL,OK,ASW,CE,Combined TRACON& Tower with Radar,89,33,27,0,149,0,0,1,0,1,89,33,28,0,150,0,0,0,150
05/15/2023,TUL,OK,ASW,CE,Combined TRACON& Tower with Radar,104,33,41,16,194,0,0,3,0,3,104,33,44,16,197,0,0,0,197
05/16/2023,TUL,OK,ASW,CE,Combined TRACON& Tower with Radar,102,41,38,24,205,0,0,7,5,12,102,41,45,29,217,0,14,14,231
05/17/2023,TUL,OK,ASW,CE,Combined TRACON& Tower with Radar,106,34,52,32,224,0,4,13,3,20,106,38,65,35,244,4,40,44,288
05/18/2023,TUL,OK,ASW,CE,Combined TRACON& Tower with Radar,103,47,71,55,276,0,3,28,7,38,103,50,99,62,314,12,34,46,360
05/19/2023,TUL,OK,ASW,CE,Combined TRACON& Tower with Radar,111,34,25,0,170,0,0,0,0,0,111,34,25,0,170,0,0,0,170
05/20/2023,TUL,OK,ASW,CE,Combined TRACON& Tower with Radar,103,34,24,17,178,0,6,37,2,45,103,40,61,19,223,54,4,58,281
05/21/2023,TUL,OK,ASW,CE,Combined TRACON& Tower with Radar,89,31,36,14,170,0,8,21,1,30,89,39,57,15,200,14,6,20,220
05/22/2023,TUL,OK,ASW,CE,Combined TRACON& Tower with Radar,110,36,40,49,235,0,11,19,4,34,110,47,59,53,269,0,28,28,297
05/23/2023,TUL,OK,ASW,CE,Combined TRACON& Tower with Radar,99,35,41,16,191,0,0,22,3,25,99,35,63,19,216,0,14,14,230
05/24/2023,TUL,OK,ASW,CE,Combined TRACON& Tower with Radar,102,45,40,20,207,0,6,15,3,24,102,51,55,23,231,24,46,70,301
05/25/2023,TUL,OK,ASW,CE,Combined TRACON& Tower with Radar,104,41,47,30,222,0,2,19,4,25,104,43,66,34,247,14,40,54,301
05/26/2023,TUL,OK,ASW,CE,Combined TRACON& Tower with Radar,116,34,29,0,179,0,2,28,5,35,116,36,57,5,214,30,20,50,264
05/27/2023,TUL,OK,ASW,CE,Combined TRACON& Tower with Radar,90,26,15,0,131,0,11,14,0,25,90,37,29,0,156,66,0,66,222
05/28/2023,TUL,OK,ASW,CE,Combined TRACON& Tower with Radar,84,17,13,2,116,0,4,8,0,12,84,21,21,2,128,14,0,14,142
05/29/2023,TUL,OK,ASW,CE,Combined TRACON& Tower with Radar,101,21,14,0,136,0,6,5,0,11,101,27,19,0,147,2,0,2,149
05/30/2023,TUL,OK,ASW,CE,Combined TRACON& Tower with Radar,100,38,39,17,194,0,9,24,0,33,100,47,63,17,227,52,20,72,299
05/31/2023,TUL,OK,ASW,CE,Combined TRACON& Tower with Radar,114,51,50,57,272,0,10,22,6,38,114,61,72,63,310,48,118,166,476
06/01/2023,TUL,OK,ASW,CE,Combined TRACON& Tower with Radar,105,34,46,34,219,0,6,16,14,36,105,40,62,48,255,2,60,62,317
06/02/2023,TUL,OK,ASW,CE,Combined TRACON& Tower with Radar,113,24,26,71,234,0,7,19,8,34,113,31,45,79,268,34,66,100,368
06/03/2023,TUL,OK,ASW,CE,Combined TRACON& Tower with Radar,95,24,23,13,155,0,4,2,1,7,95,28,25,14,162,14,36,50,212
06/04/2023,TUL,OK,ASW,CE,Combined TRACON& Tower with Radar,104,27,18,22,171,0,8,9,1,18,104,35,27,23,189,40,24,64,253
06/05/2023,TUL,OK,ASW,CE,Combined TRACON& Tower with Radar,112,30,37,69,248,0,5,19,6,30,112,35,56,75,278,0,70,70,348
06/06/2023,TUL,OK,ASW,CE,Combined TRACON& Tower with Radar,113,25,39,17,194,0,6,24,3,33,113,31,63,20,227,0,32,32,259
06/07/2023,TUL,OK,ASW,CE,Combined TRACON& Tower with Radar,113,33,53,76,275,0,6,24,17,47,113,39,77,93,322,16,54,70,392
06/08/2023,TUL,OK,ASW,CE,Combined TRACON& Tower with Radar,111,31,34,67,243,0,7,24,7,38,111,38,58,74,281,28,26,54,335
06/09/2023,TUL,OK,ASW,CE,Combined TRACON& Tower with Radar,119,32,36,6,193,0,7,33,0,40,119,39,69,6,233,24,16,40,273
06/10/2023,TUL,OK,ASW,CE,Combined TRACON& Tower with Radar,89,23,28,2,142,0,10,7,0,17,89,33,35,2,159,8,0,8,167
06/11/2023,TUL,OK,ASW,CE,Combined TRACON& Tower with Radar,125,54,35,24,238,1,12,22,3,38,126,66,57,27,276,2,2,4,280
06/12/2023,TUL,OK,ASW,CE,Combined TRACON& Tower with Radar,122,50,48,24,244,0,2,13,3,18,122,52,61,27,262,8,44,52,314
06/13/2023,TUL,OK,ASW,CE,Combined TRACON& Tower with Radar,113,37,40,30,220,0,5,30,9,44,113,42,70,39,264,4,60,64,328
06/14/2023,TUL,OK,ASW,CE,Combined TRACON& Tower with Radar,114,37,55,87,293,0,5,18,8,31,114,42,73,95,324,14,36,50,374
06/15/2023,TUL,OK,ASW,CE,Combined TRACON& Tower with Radar,110,38,37,44,229,0,2,35,13,50,110,40,72,57,279,34,40,74,353
06/16/2023,TUL,OK,ASW,CE,Combined TRACON& Tower with Radar,120,40,31,25,216,0,4,35,9,48,120,44,66,34,264,2,12,14,278
06/17/2023,TUL,OK,ASW,CE,Combined TRACON& Tower with Radar,95,24,22,1,142,0,8,17,2,27,95,32,39,3,169,24,0,24,193
06/18/2023,TUL,OK,ASW,CE,Combined TRACON& Tower with Radar,108,25,18,0,151,0,4,11,0,15,108,29,29,0,166,0,0,0,166
06/19/2023,TUL,OK,ASW,CE,Combined TRACON& Tower with Radar,111,38,35,1,185,0,7,23,2,32,111,45,58,3,217,16,0,16,233
06/20/2023,TUL,OK,ASW,CE,Combined TRACON& Tower with Radar,119,47,38,69,273,0,1,21,6,28,119,48,59,75,301,22,38,60,361
06/21/2023,TUL,OK,ASW,CE,Combined TRACON& Tower with Radar,118,37,30,24,209,0,3,23,0,26,118,40,53,24,235,20,0,20,255
06/22/2023,TUL,OK,ASW,CE,Combined TRACON& Tower with Radar,116,40,43,102,301,0,12,28,18,58,116,52,71,120,359,70,72,142,501
06/23/2023,TUL,OK,ASW,CE,Combined TRACON& Tower with Radar,126,32,32,33,223,0,12,13,7,32,126,44,45,40,255,38,84,122,377
06/24/2023,TUL,OK,ASW,CE,Combined TRACON& Tower with Radar,97,30,27,8,162,0,10,9,6,25,97,40,36,14,187,20,18,38,225
06/25/2023,TUL,OK,ASW,CE,Combined TRACON& Tower with Radar,105,22,36,5,168,0,10,14,0,24,105,32,50,5,192,20,0,20,212
06/26/2023,TUL,OK,ASW,CE,Combined TRACON& Tower with Radar,116,21,37,25,199,0,9,18,2,29,116,30,55,27,228,16,24,40,268
06/27/2023,TUL,OK,ASW,CE,Combined TRACON& Tower with Radar,107,25,45,10,187,0,6,18,4,28,107,31,63,14,215,0,20,20,235
06/28/2023,TUL,OK,ASW,CE,Combined TRACON& Tower with Radar,109,36,46,98,289,0,17,17,9,43,109,53,63,107,332,58,70,128,460
06/29/2023,TUL,OK,ASW,CE,Combined TRACON& Tower with Radar,116,36,53,65,270,0,23,17,10,50,116,59,70,75,320,96,52,148,468
06/30/2023,TUL,OK,ASW,CE,Combined TRACON& Tower with Radar,123,36,47,41,247,0,14,29,6,49,123,50,76,47,296,12,34,46,342
07/01/2023,TUL,OK,ASW,CE,Combined TRACON& Tower with Radar,97,21,23,0,141,0,12,10,0,22,97,33,33,0,163,78,0,78,241
07/02/2023,TUL,OK,ASW,CE,Combined TRACON& Tower with Radar,93,17,17,0,127,0,3,16,0,19,93,20,33,0,146,18,2,20,166
07/03/2023,TUL,OK,ASW,CE,Combined TRACON& Tower with Radar,96,23,17,2,138,0,8,5,2,15,96,31,22,4,153,36,4,40,193
07/04/2023,TUL,OK,ASW,CE,Combined TRACON& Tower with Radar,85,14,4,0,103,0,3,9,0,12,85,17,13,0,115,0,0,0,115
07/05/2023,TUL,OK,ASW,CE,Combined TRACON& Tower with Radar,102,22,20,9,153,0,11,14,3,28,102,33,34,12,181,24,24,48,229
07/06/2023,TUL,OK,ASW,CE,Combined TRACON& Tower with Radar,108,43,31,12,194,0,7,10,3,20,108,50,41,15,214,42,44,86,300
07/07/2023,TUL,OK,ASW,CE,Combined TRACON& Tower with Radar,122,43,26,12,203,0,2,3,0,5,122,45,29,12,208,0,124,124,332
07/08/2023,TUL,OK,ASW,CE,Combined TRACON& Tower with Radar,94,33,24,2,153,0,14,7,0,21,94,47,31,2,174,72,0,72,246
07/09/2023,TUL,OK,ASW,CE,Combined TRACON& Tower with Radar,97,29,17,4,147,0,0,8,2,10,97,29,25,6,157,4,0,4,161
07/10/2023,TUL,OK,ASW,CE,Combined TRACON& Tower with Radar,114,27,44,54,239,0,15,32,7,54,114,42,76,61,293,84,30,114,407
07/11/2023,TUL,OK,ASW,CE,Combined TRACON& Tower with Radar,112,27,43,48,230,0,6,26,2,34,112,33,69,50,264,10,22,32,296
07/12/2023,TUL,OK,ASW,CE,Combined TRACON& Tower with Radar,108,34,45,40,227,0,11,28,3,42,108,45,73,43,269,32,6,38,307
07/13/2023,TUL,OK,ASW,CE,Combined TRACON& Tower with Radar,114,29,50,34,227,0,5,23,5,33,114,34,73,39,260,8,26,34,294
07/14/2023,TUL,OK,ASW,CE,Combined TRACON& Tower with Radar,120,36,48,19,223,0,6,15,2,23,120,42,63,21,246,18,52,70,316
07/15/2023,TUL,OK,ASW,CE,Combined TRACON& Tower with Radar,103,19,17,13,152,0,8,17,0,25,103,27,34,13,177,34,0,34,211
07/16/2023,TUL,OK,ASW,CE,Combined TRACON& Tower with Radar,104,31,28,8,171,0,7,13,0,20,104,38,41,8,191,38,0,38,229
07/17/2023,TUL,OK,ASW,CE,Combined TRACON& Tower with Radar,124,21,38,46,229,0,4,24,8,36,124,25,62,54,265,20,64,84,349
07/18/2023,TUL,OK,ASW,CE,Combined TRACON& Tower with Radar,109,32,34,67,242,0,12,29,14,55,109,44,63,81,297,26,32,58,355
07/19/2023,TUL,OK,ASW,CE,Combined TRACON& Tower with Radar,121,26,45,71,263,0,10,19,8,37,121,36,64,79,300,26,36,62,362
07/20/2023,TUL,OK,ASW,CE,Combined TRACON& Tower with Radar,109,40,46,51,246,0,17,26,8,51,109,57,72,59,297,32,42,74,371
07/21/2023,TUL,OK,ASW,CE,Combined TRACON& Tower with Radar,128,28,29,8,193,0,1,9,2,12,128,29,38,10,205,32,0,32,237
07/22/2023,TUL,OK,ASW,CE,Combined TRACON& Tower with Radar,99,32,25,5,161,0,8,35,0,43,99,40,60,5,204,14,0,14,218
07/23/2023,TUL,OK,ASW,CE,Combined TRACON& Tower with Radar,107,31,31,12,181,0,10,16,2,28,107,41,47,14,209,70,6,76,285
07/24/2023,TUL,OK,ASW,CE,Combined TRACON& Tower with Radar,118,40,40,41,239,0,11,14,3,28,118,51,54,44,267,36,50,86,353
07/25/2023,TUL,OK,ASW,CE,Combined TRACON& Tower with Radar,114,28,27,40,209,0,12,18,4,34,114,40,45,44,243,16,28,44,287
07/26/2023,TUL,OK,ASW,CE,Combined TRACON& Tower with Radar,122,38,46,53,259,0,4,26,10,40,122,42,72,63,299,48,56,104,403
07/27/2023,TUL,OK,ASW,CE,Combined TRACON& Tower with Radar,114,30,44,59,247,0,14,27,8,49,114,44,71,67,296,58,100,158,454
07/28/2023,TUL,OK,ASW,CE,Combined TRACON& Tower with Radar,112,49,38,75,274,0,5,20,12,37,112,54,58,87,311,16,36,52,363
07/29/2023,TUL,OK,ASW,CE,Combined TRACON& Tower with Radar,101,42,20,0,163,0,12,25,1,38,101,54,45,1,201,54,0,54,255
07/30/2023,TUL,OK,ASW,CE,Combined TRACON& Tower with Radar,104,47,24,3,178,0,9,15,1,25,104,56,39,4,203,46,0,46,249
07/31/2023,TUL,OK,ASW,CE,Combined TRACON& Tower with Radar,118,39,17,43,217,0,5,15,8,28,118,44,32,51,245,26,42,68,313
08/01/2023,TUL,OK,ASW,CE,Combined TRACON& Tower with Radar,115,32,32,50,229,0,5,29,8,42,115,37,61,58,271,14,18,32,303
08/02/2023,TUL,OK,ASW,CE,Combined TRACON& Tower with Radar,121,29,41,14,205,0,11,14,4,29,121,40,55,18,234,34,38,72,306
08/03/2023,TUL,OK,ASW,CE,Combined TRACON& Tower with Radar,119,25,43,28,215,0,8,23,4,35,119,33,66,32,250,52,70,122,372
08/04/2023,TUL,OK,ASW,CE,Combined TRACON& Tower with Radar,129,18,32,13,192,0,18,29,4,51,129,36,61,17,243,98,12,110,353
08/05/2023,TUL,OK,ASW,CE,Combined TRACON& Tower with Radar,99,20,23,0,142,0,7,13,0,20,99,27,36,0,162,54,0,54,216
08/06/2023,TUL,OK,ASW,CE,Combined TRACON& Tower with Radar,106,23,22,0,151,0,4,15,3,22,106,27,37,3,173,2,0,2,175
08/07/2023,TUL,OK,ASW,CE,Combined TRACON& Tower with Radar,121,25,28,15,189,0,14,16,2,32,121,39,44,17,221,60,24,84,305
08/08/2023,TUL,OK,ASW,CE,Combined TRACON& Tower with Radar,112,45,46,16,219,0,13,23,4,40,112,58,69,20,259,54,48,102,361
08/09/2023,TUL,OK,ASW,CE,Combined TRACON& Tower with Radar,116,46,48,45,255,0,9,11,2,22,116,55,59,47,277,74,44,118,395
08/10/2023,TUL,OK,ASW,CE,Combined TRACON& Tower with Radar,124,29,41,55,249,0,6,22,6,34,124,35,63,61,283,14,42,56,339
08/11/2023,TUL,OK,ASW,CE,Combined TRACON& Tower with Radar,129,34,37,68,268,0,9,30,10,49,129,43,67,78,317,10,46,56,373
08/12/2023,TUL,OK,ASW,CE,Combined TRACON& Tower with Radar,99,17,28,0,144,0,7,7,1,15,99,24,35,1,159,22,0,22,181
08/13/2023,TUL,OK,ASW,CE,Combined TRACON& Tower with Radar,102,21,30,2,155,0,4,11,0,15,102,25,41,2,170,12,0,12,182
08/14/2023,TUL,OK,ASW,CE,Combined TRACON& Tower with Radar,123,37,44,56,260,0,7,20,3,30,123,44,64,59,290,34,0,34,324
08/15/2023,TUL,OK,ASW,CE,Combined TRACON& Tower with Radar,115,29,50,27,221,0,7,26,7,40,115,36,76,34,261,78,36,114,375
08/16/2023,TUL,OK,ASW,CE,Combined TRACON& Tower with Radar,119,23,60,60,262,0,9,26,8,43,119,32,86,68,305,54,42,96,401
08/17/2023,TUL,OK,ASW,CE,Combined TRACON& Tower with Radar,119,24,47,42,232,0,1,26,13,40,119,25,73,55,272,2,34,36,308
08/18/2023,TUL,OK,ASW,CE,Combined TRACON& Tower with Radar,123,25,32,37,217,0,8,29,7,44,123,33,61,44,261,62,8,70,331
08/19/2023,TUL,OK,ASW,CE,Combined TRACON& Tower with Radar,95,16,26,12,149,0,7,19,0,26,95,23,45,12,175,54,12,66,241
08/20/2023,TUL,OK,ASW,CE,Combined TRACON& Tower with Radar,107,35,36,6,184,0,2,4,3,9,107,37,40,9,193,0,2,2,195
08/21/2023,TUL,OK,ASW,CE,Combined TRACON& Tower with Radar,120,29,31,10,190,0,9,24,6,39,120,38,55,16,229,0,0,0,229
08/22/2023,TUL,OK,ASW,CE,Combined TRACON& Tower with Radar,119,27,36,19,201,0,5,31,2,38,119,32,67,21,239,30,0,30,269
08/23/2023,TUL,OK,ASW,CE,Combined TRACON& Tower with Radar,120,22,36,31,209,0,15,20,4,39,120,37,56,35,248,22,10,32,280
08/24/2023,TUL,OK,ASW,CE,Combined TRACON& Tower with Radar,122,40,31,52,245,0,4,24,4,32,122,44,55,56,277,52,52,104,381
08/25/2023,TUL,OK,ASW,CE,Combined TRACON& Tower with Radar,122,26,43,30,221,0,6,17,3,26,122,32,60,33,247,18,28,46,293
08/26/2023,TUL,OK,ASW,CE,Combined TRACON& Tower with Radar,94,10,21,2,127,0,4,21,1,26,94,14,42,3,153,26,0,26,179
08/27/2023,TUL,OK,ASW,CE,Combined TRACON& Tower with Radar,120,19,33,8,180,0,6,6,2,14,120,25,39,10,194,76,0,76,270
08/28/2023,TUL,OK,ASW,CE,Combined TRACON& Tower with Radar,128,29,31,61,249,0,20,43,6,69,128,49,74,67,318,62,44,106,424
08/29/2023,TUL,OK,ASW,CE,Combined TRACON& Tower with Radar,115,43,40,54,252,0,20,38,4,62,115,63,78,58,314,32,106,138,452
08/30/2023,TUL,OK,ASW,CE,Combined TRACON& Tower with Radar,118,30,44,7,199,0,16,32,13,61,118,46,76,20,260,88,14,102,362
08/31/2023,TUL,OK,ASW,CE,Combined TRACON& Tower with Radar,118,36,47,34,235,0,7,23,4,34,118,43,70,38,269,24,16,40,309
