01/01/2020,TUP,MS,ASO,CE,Federal Contract Tower,0,3,3,0,6,0,4,27,0,31,0,7,30,0,37,22,0,22,59
01/02/2020,TUP,MS,ASO,CE,Federal Contract Tower,0,3,2,0,5,0,0,0,0,0,0,3,2,0,5,0,0,0,5
01/03/2020,TUP,MS,ASO,CE,Federal Contract Tower,0,12,3,6,21,0,0,0,0,0,0,12,3,6,21,0,0,0,21
01/04/2020,TUP,MS,ASO,CE,Federal Contract Tower,0,3,0,0,3,0,2,25,1,28,0,5,25,1,31,44,0,44,75
01/05/2020,TUP,MS,ASO,CE,Federal Contract Tower,0,7,6,0,13,0,7,49,7,63,0,14,55,7,76,74,30,104,180
01/06/2020,TUP,MS,ASO,CE,Federal Contract Tower,0,10,15,42,67,0,3,58,9,70,0,13,73,51,137,24,64,88,225
01/07/2020,TUP,MS,ASO,CE,Federal Contract Tower,0,7,13,31,51,0,9,61,8,78,0,16,74,39,129,70,40,110,239
01/08/2020,TUP,MS,ASO,CE,Federal Contract Tower,1,9,10,29,49,0,9,53,18,80,1,18,63,47,129,58,46,104,233
01/09/2020,TUP,MS,ASO,CE,Federal Contract Tower,0,8,13,52,73,0,7,44,32,83,0,15,57,84,156,42,60,102,258
01/10/2020,TUP,MS,ASO,CE,Federal Contract Tower,0,8,5,30,43,0,2,15,8,25,0,10,20,38,68,20,28,48,116
01/11/2020,TUP,MS,ASO,CE,Federal Contract Tower,2,4,3,1,10,0,0,5,5,10,2,4,8,6,20,2,16,18,38
01/12/2020,TUP,MS,ASO,CE,Federal Contract Tower,0,6,6,1,13,0,4,31,1,36,0,10,37,2,49,26,6,32,81
01/13/2020,TUP,MS,ASO,CE,Federal Contract Tower,0,8,12,48,68,0,2,44,17,63,0,10,56,65,131,44,148,192,323
01/14/2020,TUP,MS,ASO,CE,Federal Contract Tower,1,6,10,18,35,0,0,0,0,0,1,6,10,18,35,0,0,0,35
01/15/2020,TUP,MS,ASO,CE,Federal Contract Tower,0,9,9,26,44,0,3,4,0,7,0,12,13,26,51,0,50,50,101
01/16/2020,TUP,MS,ASO,CE,Federal Contract Tower,0,10,15,22,47,0,5,47,30,82,0,15,62,52,129,40,90,130,259
01/17/2020,TUP,MS,ASO,CE,Federal Contract Tower,0,8,8,28,44,0,2,49,11,62,0,10,57,39,106,38,56,94,200
01/18/2020,TUP,MS,ASO,CE,Federal Contract Tower,0,7,0,0,7,0,0,14,0,14,0,7,14,0,21,6,0,6,27
01/19/2020,TUP,MS,ASO,CE,Federal Contract Tower,0,7,4,5,16,0,5,31,3,39,0,12,35,8,55,42,24,66,121
01/20/2020,TUP,MS,ASO,CE,Federal Contract Tower,0,12,5,5,22,0,8,45,2,55,0,20,50,7,77,30,20,50,127
01/21/2020,TUP,MS,ASO,CE,Federal Contract Tower,0,8,8,42,58,0,8,46,18,72,0,16,54,60,130,34,84,118,248
01/22/2020,TUP,MS,ASO,CE,Federal Contract Tower,0,7,16,19,42,0,9,57,22,88,0,16,73,41,130,60,54,114,244
01/23/2020,TUP,MS,ASO,CE,Federal Contract Tower,0,8,7,44,59,0,2,8,8,18,0,10,15,52,77,12,26,38,115
01/24/2020,TUP,MS,ASO,CE,Federal Contract Tower,0,12,11,26,49,0,2,18,20,40,0,14,29,46,89,16,58,74,163
01/25/2020,TUP,MS,ASO,CE,Federal Contract Tower,0,4,0,10,14,0,2,37,14,53,0,6,37,24,67,62,40,102,169
01/26/2020,TUP,MS,ASO,CE,Federal Contract Tower,2,6,5,0,13,0,6,37,6,49,2,12,42,6,62,30,10,40,102
01/27/2020,TUP,MS,ASO,CE,Federal Contract Tower,0,8,9,28,45,0,2,44,10,56,0,10,53,38,101,30,118,148,249
01/28/2020,TUP,MS,ASO,CE,Federal Contract Tower,0,8,3,37,48,0,9,51,16,76,0,17,54,53,124,20,112,132,256
01/29/2020,TUP,MS,ASO,CE,Federal Contract Tower,0,9,8,40,57,0,3,52,20,75,0,12,60,60,132,42,52,94,226
01/30/2020,TUP,MS,ASO,CE,Federal Contract Tower,0,9,11,22,42,0,4,39,16,59,0,13,50,38,101,44,32,76,177
01/31/2020,TUP,MS,ASO,CE,Federal Contract Tower,0,15,16,25,56,0,4,3,0,7,0,19,19,25,63,2,4,6,69
02/01/2020,TUP,MS,ASO,ES,Federal Contract Tower,0,4,19,1,24,0,3,28,4,35,0,7,47,5,59,34,30,64,123
02/02/2020,TUP,MS,ASO,ES,Federal Contract Tower,0,7,5,0,12,0,2,27,5,34,0,9,32,5,46,30,14,44,90
02/03/2020,TUP,MS,ASO,ES,Federal Contract Tower,0,8,16,22,46,0,5,57,14,76,0,13,73,36,122,24,64,88,210
02/04/2020,TUP,MS,ASO,ES,Federal Contract Tower,0,6,8,10,24,0,0,4,0,4,0,6,12,10,28,6,0,6,34
02/05/2020,TUP,MS,ASO,ES,Federal Contract Tower,0,8,9,0,17,0,0,0,0,0,0,8,9,0,17,0,0,0,17
02/06/2020,TUP,MS,ASO,ES,Federal Contract Tower,0,10,7,32,49,0,0,0,0,0,0,10,7,32,49,0,0,0,49
02/07/2020,TUP,MS,ASO,ES,Federal Contract Tower,1,8,3,30,42,0,6,55,16,77,1,14,58,46,119,54,50,104,223
02/08/2020,TUP,MS,ASO,ES,Federal Contract Tower,1,4,10,0,15,0,4,58,7,69,1,8,68,7,84,56,20,76,160
02/09/2020,TUP,MS,ASO,ES,Federal Contract Tower,0,5,3,9,17,0,2,34,5,41,0,7,37,14,58,36,20,56,114
02/10/2020,TUP,MS,ASO,ES,Federal Contract Tower,0,10,2,0,12,0,0,0,0,0,0,10,2,0,12,0,0,0,12
02/11/2020,TUP,MS,ASO,ES,Federal Contract Tower,0,10,12,15,37,0,0,1,0,1,0,10,13,15,38,0,0,0,38
02/12/2020,TUP,MS,ASO,ES,Federal Contract Tower,0,9,10,0,19,0,0,0,0,0,0,9,10,0,19,0,0,0,19
02/13/2020,TUP,MS,ASO,ES,Federal Contract Tower,0,9,10,40,59,0,6,42,22,70,0,15,52,62,129,42,64,106,235
02/14/2020,TUP,MS,ASO,ES,Federal Contract Tower,0,9,11,35,55,0,9,59,14,82,0,18,70,49,137,72,52,124,261
02/15/2020,TUP,MS,ASO,ES,Federal Contract Tower,0,7,8,0,15,0,5,59,3,67,0,12,67,3,82,66,8,74,156
02/16/2020,TUP,MS,ASO,ES,Federal Contract Tower,0,8,10,8,26,0,3,30,1,34,0,11,40,9,60,38,8,46,106
02/17/2020,TUP,MS,ASO,ES,Federal Contract Tower,0,8,13,2,23,0,1,20,0,21,0,9,33,2,44,10,0,10,54
02/18/2020,TUP,MS,ASO,ES,Federal Contract Tower,0,5,8,0,13,0,0,0,0,0,0,5,8,0,13,0,0,0,13
02/19/2020,TUP,MS,ASO,ES,Federal Contract Tower,0,6,17,39,62,0,7,54,12,73,0,13,71,51,135,62,96,158,293
02/20/2020,TUP,MS,ASO,ES,Federal Contract Tower,0,11,10,0,21,0,3,18,18,39,0,14,28,18,60,26,28,54,114
02/21/2020,TUP,MS,ASO,ES,Federal Contract Tower,0,8,13,10,31,0,4,53,14,71,0,12,66,24,102,60,16,76,178
02/22/2020,TUP,MS,ASO,ES,Federal Contract Tower,0,4,2,12,18,0,3,52,15,70,0,7,54,27,88,50,62,112,200
02/23/2020,TUP,MS,ASO,ES,Federal Contract Tower,0,5,12,14,31,0,5,33,12,50,0,10,45,26,81,30,32,62,143
02/24/2020,TUP,MS,ASO,ES,Federal Contract Tower,0,8,10,0,18,0,4,6,0,10,0,12,16,0,28,0,0,0,28
02/25/2020,TUP,MS,ASO,ES,Federal Contract Tower,0,8,16,21,45,0,6,46,18,70,0,14,62,39,115,56,44,100,215
02/26/2020,TUP,MS,ASO,ES,Federal Contract Tower,0,7,17,10,34,0,4,29,4,37,0,11,46,14,71,14,4,18,89
02/27/2020,TUP,MS,ASO,ES,Federal Contract Tower,0,11,23,17,51,0,6,48,24,78,0,17,71,41,129,64,36,100,229
02/28/2020,TUP,MS,ASO,ES,Federal Contract Tower,0,13,6,16,35,0,2,50,10,62,0,15,56,26,97,60,54,114,211
02/29/2020,TUP,MS,ASO,ES,Federal Contract Tower,0,5,10,0,15,0,4,66,3,73,0,9,76,3,88,92,8,100,188
03/01/2020,TUP,MS,ASO,ES,Federal Contract Tower,0,6,8,14,28,0,4,34,4,42,0,10,42,18,70,30,28,58,128
03/02/2020,TUP,MS,ASO,ES,Federal Contract Tower,0,10,10,10,30,0,2,22,6,30,0,12,32,16,60,14,18,32,92
03/03/2020,TUP,MS,ASO,ES,Federal Contract Tower,2,6,11,1,20,0,9,66,7,82,2,15,77,8,102,62,32,94,196
03/04/2020,TUP,MS,ASO,ES,Federal Contract Tower,0,1,10,10,21,0,4,2,0,6,0,5,12,10,27,0,0,0,27
03/05/2020,TUP,MS,ASO,ES,Federal Contract Tower,0,9,5,2,16,0,6,55,18,79,0,15,60,20,95,62,48,110,205
03/06/2020,TUP,MS,ASO,ES,Federal Contract Tower,0,8,16,15,39,0,4,59,11,74,0,12,75,26,113,60,28,88,201
03/07/2020,TUP,MS,ASO,ES,Federal Contract Tower,0,6,4,6,16,0,4,73,3,80,0,10,77,9,96,52,22,74,170
03/08/2020,TUP,MS,ASO,ES,Federal Contract Tower,0,6,2,5,13,0,4,44,0,48,0,10,46,5,61,46,0,46,107
03/09/2020,TUP,MS,ASO,ES,Federal Contract Tower,0,8,14,2,24,0,3,48,3,54,0,11,62,5,78,24,22,46,124
03/10/2020,TUP,MS,ASO,ES,Federal Contract Tower,0,11,10,28,49,0,4,40,10,54,0,15,50,38,103,46,38,84,187
03/11/2020,TUP,MS,ASO,ES,Federal Contract Tower,1,6,6,2,15,0,2,14,10,26,1,8,20,12,41,12,14,26,67
03/12/2020,TUP,MS,ASO,ES,Federal Contract Tower,0,8,7,32,47,0,6,43,26,75,0,14,50,58,122,56,50,106,228
03/13/2020,TUP,MS,ASO,ES,Federal Contract Tower,1,9,10,3,23,0,6,28,10,44,1,15,38,13,67,28,20,48,115
03/14/2020,TUP,MS,ASO,ES,Federal Contract Tower,0,5,4,0,9,0,5,31,3,39,0,10,35,3,48,20,2,22,70
03/15/2020,TUP,MS,ASO,ES,Federal Contract Tower,0,8,9,0,17,0,1,13,0,14,0,9,22,0,31,0,0,0,31
03/16/2020,TUP,MS,ASO,ES,Federal Contract Tower,0,8,10,15,33,0,4,15,0,19,0,12,25,15,52,0,0,0,52
03/17/2020,TUP,MS,ASO,ES,Federal Contract Tower,0,6,9,18,33,0,4,40,2,46,0,10,49,20,79,36,0,36,115
03/18/2020,TUP,MS,ASO,ES,Federal Contract Tower,0,6,3,25,34,0,6,24,4,34,0,12,27,29,68,30,24,54,122
03/19/2020,TUP,MS,ASO,ES,Federal Contract Tower,0,8,4,29,41,0,4,14,30,48,0,12,18,59,89,16,48,64,153
03/20/2020,TUP,MS,ASO,ES,Federal Contract Tower,0,8,4,0,12,0,0,1,0,1,0,8,5,0,13,0,0,0,13
03/21/2020,TUP,MS,ASO,ES,Federal Contract Tower,0,4,5,1,10,0,3,24,14,41,0,7,29,15,51,6,6,12,63
03/22/2020,TUP,MS,ASO,ES,Federal Contract Tower,0,6,4,0,10,0,2,11,8,21,0,8,15,8,31,22,0,22,53
03/23/2020,TUP,MS,ASO,ES,Federal Contract Tower,0,9,6,10,25,0,0,2,0,2,0,9,8,10,27,0,0,0,27
03/24/2020,TUP,MS,ASO,ES,Federal Contract Tower,0,6,2,4,12,0,0,0,2,2,0,6,2,6,14,0,12,12,26
03/25/2020,TUP,MS,ASO,ES,Federal Contract Tower,0,6,5,18,29,0,2,27,9,38,0,8,32,27,67,42,48,90,157
03/26/2020,TUP,MS,ASO,ES,Federal Contract Tower,0,8,5,12,25,0,3,20,8,31,0,11,25,20,56,24,30,54,110
03/27/2020,TUP,MS,ASO,ES,Federal Contract Tower,0,8,10,6,24,0,2,37,3,42,0,10,47,9,66,38,18,56,122
03/28/2020,TUP,MS,ASO,ES,Federal Contract Tower,0,4,0,12,16,0,5,15,10,30,0,9,15,22,46,16,38,54,100
03/29/2020,TUP,MS,ASO,ES,Federal Contract Tower,0,6,2,0,8,0,5,27,4,36,0,11,29,4,44,36,8,44,88
03/30/2020,TUP,MS,ASO,ES,Federal Contract Tower,0,8,4,8,20,0,1,21,3,25,0,9,25,11,45,20,8,28,73
03/31/2020,TUP,MS,ASO,ES,Federal Contract Tower,0,6,1,12,19,0,0,3,3,6,0,6,4,15,25,0,32,32,57
04/01/2020,TUP,MS,ASO,ES,Federal Contract Tower,0,6,2,10,18,0,2,21,6,29,0,8,23,16,47,32,28,60,107
04/02/2020,TUP,MS,ASO,ES,Federal Contract Tower,0,8,1,14,23,0,2,30,8,40,0,10,31,22,63,34,12,46,109
04/03/2020,TUP,MS,ASO,ES,Federal Contract Tower,0,8,1,10,19,0,0,18,7,25,0,8,19,17,44,36,18,54,98
04/04/2020,TUP,MS,ASO,ES,Federal Contract Tower,0,4,5,11,20,0,7,20,6,33,0,11,25,17,53,32,22,54,107
04/05/2020,TUP,MS,ASO,ES,Federal Contract Tower,0,6,3,0,9,0,6,27,3,36,0,12,30,3,45,20,10,30,75
04/06/2020,TUP,MS,ASO,ES,Federal Contract Tower,0,8,7,8,23,0,4,30,0,34,0,12,37,8,57,6,0,6,63
04/07/2020,TUP,MS,ASO,ES,Federal Contract Tower,0,6,7,2,15,0,0,2,1,3,0,6,9,3,18,0,8,8,26
04/08/2020,TUP,MS,ASO,ES,Federal Contract Tower,0,6,2,0,8,0,4,2,2,8,0,10,4,2,16,0,2,2,18
04/09/2020,TUP,MS,ASO,ES,Federal Contract Tower,0,8,4,26,38,0,2,18,21,41,0,10,22,47,79,14,42,56,135
04/10/2020,TUP,MS,ASO,ES,Federal Contract Tower,0,8,4,20,32,0,4,39,3,46,0,12,43,23,78,48,20,68,146
04/11/2020,TUP,MS,ASO,ES,Federal Contract Tower,0,4,2,8,14,0,5,25,3,33,0,9,27,11,47,32,16,48,95
04/12/2020,TUP,MS,ASO,ES,Federal Contract Tower,0,4,1,0,5,0,0,0,0,0,0,4,1,0,5,0,0,0,5
04/13/2020,TUP,MS,ASO,ES,Federal Contract Tower,0,8,5,20,33,0,2,27,10,39,0,10,32,30,72,10,26,36,108
04/14/2020,TUP,MS,ASO,ES,Federal Contract Tower,0,8,3,22,33,0,7,27,24,58,0,15,30,46,91,26,48,74,165
04/15/2020,TUP,MS,ASO,ES,Federal Contract Tower,0,6,3,18,27,0,4,35,18,57,0,10,38,36,84,58,48,106,190
04/16/2020,TUP,MS,ASO,ES,Federal Contract Tower,0,8,3,14,25,0,1,33,22,56,0,9,36,36,81,20,52,72,153
04/17/2020,TUP,MS,ASO,ES,Federal Contract Tower,0,8,10,16,34,0,8,32,6,46,0,16,42,22,80,34,24,58,138
04/18/2020,TUP,MS,ASO,ES,Federal Contract Tower,0,4,5,12,21,0,4,35,3,42,0,8,40,15,63,40,24,64,127
04/19/2020,TUP,MS,ASO,ES,Federal Contract Tower,0,6,0,0,6,0,0,0,0,0,0,6,0,0,6,0,0,0,6
04/20/2020,TUP,MS,ASO,ES,Federal Contract Tower,0,8,4,22,34,0,2,39,4,45,0,10,43,26,79,46,36,82,161
04/21/2020,TUP,MS,ASO,ES,Federal Contract Tower,0,6,8,14,28,0,8,46,22,76,0,14,54,36,104,38,40,78,182
04/22/2020,TUP,MS,ASO,ES,Federal Contract Tower,0,6,0,14,20,0,3,25,18,46,0,9,25,32,66,12,22,34,100
04/23/2020,TUP,MS,ASO,ES,Federal Contract Tower,0,8,5,15,28,0,2,16,18,36,0,10,21,33,64,4,48,52,116
04/24/2020,TUP,MS,ASO,ES,Federal Contract Tower,0,8,0,16,24,0,4,38,2,44,0,12,38,18,68,32,20,52,120
04/25/2020,TUP,MS,ASO,ES,Federal Contract Tower,0,4,2,2,8,0,6,19,3,28,0,10,21,5,36,16,10,26,62
04/26/2020,TUP,MS,ASO,ES,Federal Contract Tower,0,6,4,0,10,0,4,27,6,37,0,10,31,6,47,26,14,40,87
04/27/2020,TUP,MS,ASO,ES,Federal Contract Tower,0,8,3,3,14,0,8,48,0,56,0,16,51,3,70,64,0,64,134
04/28/2020,TUP,MS,ASO,ES,Federal Contract Tower,0,6,5,20,31,0,38,8,0,46,0,44,13,20,77,30,8,38,115
04/29/2020,TUP,MS,ASO,ES,Federal Contract Tower,0,6,5,11,22,0,2,12,10,24,0,8,17,21,46,16,24,40,86
04/30/2020,TUP,MS,ASO,ES,Federal Contract Tower,0,10,10,20,40,0,0,30,32,62,0,10,40,52,102,18,20,38,140
05/01/2020,TUP,MS,ASO,ES,Federal Contract Tower,0,8,8,14,30,0,3,46,2,51,0,11,54,16,81,30,0,30,111
05/02/2020,TUP,MS,ASO,ES,Federal Contract Tower,0,4,4,20,28,0,6,38,5,49,0,10,42,25,77,24,24,48,125
05/03/2020,TUP,MS,ASO,ES,Federal Contract Tower,0,6,4,0,10,0,5,28,1,34,0,11,32,1,44,34,0,34,78
05/04/2020,TUP,MS,ASO,ES,Federal Contract Tower,0,8,7,8,23,0,6,36,0,42,0,14,43,8,65,80,0,80,145
05/05/2020,TUP,MS,ASO,ES,Federal Contract Tower,0,8,1,28,37,0,4,36,21,61,0,12,37,49,98,38,62,100,198
05/06/2020,TUP,MS,ASO,ES,Federal Contract Tower,0,8,9,10,27,0,6,34,10,50,0,14,43,20,77,26,32,58,135
05/07/2020,TUP,MS,ASO,ES,Federal Contract Tower,0,8,3,14,25,0,2,49,20,71,0,10,52,34,96,46,28,74,170
05/08/2020,TUP,MS,ASO,ES,Federal Contract Tower,0,8,4,4,16,0,4,4,0,8,0,12,8,4,24,0,0,0,24
05/09/2020,TUP,MS,ASO,ES,Federal Contract Tower,0,4,2,10,16,0,10,45,8,63,0,14,47,18,79,38,34,72,151
05/10/2020,TUP,MS,ASO,ES,Federal Contract Tower,0,6,2,0,8,0,5,54,0,59,0,11,56,0,67,44,0,44,111
05/11/2020,TUP,MS,ASO,ES,Federal Contract Tower,0,8,12,4,24,0,12,42,2,56,0,20,54,6,80,36,0,36,116
05/12/2020,TUP,MS,ASO,ES,Federal Contract Tower,0,6,7,18,31,0,3,42,24,69,0,9,49,42,100,72,24,96,196
05/13/2020,TUP,MS,ASO,ES,Federal Contract Tower,0,8,12,14,34,0,2,47,8,57,0,10,59,22,91,68,28,96,187
05/14/2020,TUP,MS,ASO,ES,Federal Contract Tower,0,8,15,18,41,0,3,26,24,53,0,11,41,42,94,50,22,72,166
05/15/2020,TUP,MS,ASO,ES,Federal Contract Tower,0,8,7,26,41,0,2,31,7,40,0,10,38,33,81,18,28,46,127
05/16/2020,TUP,MS,ASO,ES,Federal Contract Tower,0,4,3,4,11,0,5,31,7,43,0,9,34,11,54,30,24,54,108
05/17/2020,TUP,MS,ASO,ES,Federal Contract Tower,0,6,1,0,7,0,3,23,0,26,0,9,24,0,33,48,0,48,81
05/18/2020,TUP,MS,ASO,ES,Federal Contract Tower,0,8,9,20,37,0,4,45,6,55,0,12,54,26,92,90,74,164,256
05/19/2020,TUP,MS,ASO,ES,Federal Contract Tower,0,7,7,16,30,0,5,47,11,63,0,12,54,27,93,96,32,128,221
05/20/2020,TUP,MS,ASO,ES,Federal Contract Tower,0,6,4,2,12,0,4,40,10,54,0,10,44,12,66,54,18,72,138
05/21/2020,TUP,MS,ASO,ES,Federal Contract Tower,0,8,11,16,35,0,8,54,21,83,0,16,65,37,118,86,32,118,236
05/22/2020,TUP,MS,ASO,ES,Federal Contract Tower,0,6,5,0,11,0,0,25,4,29,0,6,30,4,40,32,4,36,76
05/23/2020,TUP,MS,ASO,ES,Federal Contract Tower,0,3,4,2,9,0,4,30,2,36,0,7,34,4,45,42,8,50,95
05/24/2020,TUP,MS,ASO,ES,Federal Contract Tower,0,6,3,0,9,0,8,31,2,41,0,14,34,2,50,50,2,52,102
05/25/2020,TUP,MS,ASO,ES,Federal Contract Tower,0,6,6,0,12,0,3,38,0,41,0,9,44,0,53,34,0,34,87
05/26/2020,TUP,MS,ASO,ES,Federal Contract Tower,0,9,5,0,14,0,1,7,0,8,0,10,12,0,22,10,0,10,32
05/27/2020,TUP,MS,ASO,ES,Federal Contract Tower,0,6,15,32,53,0,2,33,7,42,0,8,48,39,95,32,30,62,157
05/28/2020,TUP,MS,ASO,ES,Federal Contract Tower,0,8,8,8,24,0,3,30,14,47,0,11,38,22,71,34,40,74,145
05/29/2020,TUP,MS,ASO,ES,Federal Contract Tower,0,8,9,14,31,0,5,48,3,56,0,13,57,17,87,58,34,92,179
05/30/2020,TUP,MS,ASO,ES,Federal Contract Tower,0,6,5,0,11,0,9,38,3,50,0,15,43,3,61,64,16,80,141
05/31/2020,TUP,MS,ASO,ES,Federal Contract Tower,0,6,7,0,13,0,3,40,2,45,0,9,47,2,58,44,0,44,102
06/01/2020,TUP,MS,ASO,ES,Federal Contract Tower,0,8,8,34,50,0,1,45,10,56,0,9,53,44,106,42,40,82,188
06/02/2020,TUP,MS,ASO,ES,Federal Contract Tower,0,6,1,18,25,0,5,56,9,70,0,11,57,27,95,56,26,82,177
06/03/2020,TUP,MS,ASO,ES,Federal Contract Tower,0,6,13,16,35,0,4,38,8,50,0,10,51,24,85,42,18,60,145
06/04/2020,TUP,MS,ASO,ES,Federal Contract Tower,0,8,6,26,40,0,7,51,11,69,0,15,57,37,109,58,34,92,201
06/05/2020,TUP,MS,ASO,ES,Federal Contract Tower,0,10,4,10,24,0,4,36,6,46,0,14,40,16,70,38,36,74,144
06/06/2020,TUP,MS,ASO,ES,Federal Contract Tower,0,4,4,0,8,0,5,47,11,63,0,9,51,11,71,66,0,66,137
06/07/2020,TUP,MS,ASO,ES,Federal Contract Tower,0,8,6,2,16,0,5,24,7,36,0,13,30,9,52,26,12,38,90
06/08/2020,TUP,MS,ASO,ES,Federal Contract Tower,0,8,2,0,10,0,0,0,0,0,0,8,2,0,10,0,0,0,10
06/09/2020,TUP,MS,ASO,ES,Federal Contract Tower,0,6,4,22,32,0,0,47,11,58,0,6,51,33,90,54,14,68,158
06/10/2020,TUP,MS,ASO,ES,Federal Contract Tower,0,6,10,34,50,0,6,51,12,69,0,12,61,46,119,54,28,82,201
06/11/2020,TUP,MS,ASO,ES,Federal Contract Tower,0,8,8,20,36,0,9,70,26,105,0,17,78,46,141,98,64,162,303
06/12/2020,TUP,MS,ASO,ES,Federal Contract Tower,0,8,9,27,44,0,5,48,8,61,0,13,57,35,105,48,30,78,183
06/13/2020,TUP,MS,ASO,ES,Federal Contract Tower,0,3,15,0,18,0,7,51,1,59,0,10,66,1,77,82,2,84,161
06/14/2020,TUP,MS,ASO,ES,Federal Contract Tower,0,6,7,0,13,0,9,53,2,64,0,15,60,2,77,70,16,86,163
06/15/2020,TUP,MS,ASO,ES,Federal Contract Tower,0,10,3,28,41,0,8,54,2,64,0,18,57,30,105,112,62,174,279
06/16/2020,TUP,MS,ASO,ES,Federal Contract Tower,0,6,5,16,27,0,7,59,3,69,0,13,64,19,96,84,48,132,228
06/17/2020,TUP,MS,ASO,ES,Federal Contract Tower,0,6,4,18,28,0,10,58,8,76,0,16,62,26,104,96,26,122,226
06/18/2020,TUP,MS,ASO,ES,Federal Contract Tower,0,8,7,25,40,0,5,56,24,85,0,13,63,49,125,114,80,194,319
06/19/2020,TUP,MS,ASO,ES,Federal Contract Tower,0,10,3,25,38,0,5,39,8,52,0,15,42,33,90,58,14,72,162
06/20/2020,TUP,MS,ASO,ES,Federal Contract Tower,0,5,7,0,12,0,3,26,2,31,0,8,33,2,43,62,16,78,121
06/22/2020,TUP,MS,ASO,ES,Federal Contract Tower,0,9,8,16,33,0,3,13,0,16,0,12,21,16,49,20,0,20,69
06/23/2020,TUP,MS,ASO,ES,Federal Contract Tower,0,6,12,28,46,0,1,8,2,11,0,7,20,30,57,20,22,42,99
06/24/2020,TUP,MS,ASO,ES,Federal Contract Tower,0,6,11,16,33,0,2,5,2,9,0,8,16,18,42,0,8,8,50
06/25/2020,TUP,MS,ASO,ES,Federal Contract Tower,0,8,6,4,18,0,0,3,5,8,0,8,9,9,26,8,22,30,56
06/26/2020,TUP,MS,ASO,ES,Federal Contract Tower,0,10,7,10,27,0,1,1,10,12,0,11,8,20,39,0,24,24,63
06/27/2020,TUP,MS,ASO,ES,Federal Contract Tower,0,3,1,0,4,0,5,1,8,14,0,8,2,8,18,0,4,4,22
06/28/2020,TUP,MS,ASO,ES,Federal Contract Tower,0,6,2,0,8,0,9,40,2,51,0,15,42,2,59,76,4,80,139
06/29/2020,TUP,MS,ASO,ES,Federal Contract Tower,0,8,16,12,36,0,5,56,1,62,0,13,72,13,98,94,4,98,196
06/30/2020,TUP,MS,ASO,ES,Federal Contract Tower,0,5,4,42,51,0,4,72,29,105,0,9,76,71,156,112,90,202,358
07/01/2020,TUP,MS,ASO,ES,Federal Contract Tower,0,6,12,12,30,0,0,9,0,9,0,6,21,12,39,0,0,0,39
07/02/2020,TUP,MS,ASO,ES,Federal Contract Tower,0,8,6,24,38,0,6,34,10,50,0,14,40,34,88,58,62,120,208
07/03/2020,TUP,MS,ASO,ES,Federal Contract Tower,0,8,2,0,10,0,7,27,7,41,0,15,29,7,51,36,16,52,103
07/04/2020,TUP,MS,ASO,ES,Federal Contract Tower,0,4,0,0,4,0,6,17,2,25,0,10,17,2,29,0,0,0,29
07/05/2020,TUP,MS,ASO,ES,Federal Contract Tower,0,6,11,0,17,0,2,19,2,23,0,8,30,2,40,14,6,20,60
07/06/2020,TUP,MS,ASO,ES,Federal Contract Tower,0,8,4,0,12,0,2,56,2,60,0,10,60,2,72,84,0,84,156
07/07/2020,TUP,MS,ASO,ES,Federal Contract Tower,0,6,10,46,62,0,3,46,20,69,0,9,56,66,131,42,106,148,279
07/08/2020,TUP,MS,ASO,ES,Federal Contract Tower,0,10,8,42,60,0,10,51,10,71,0,20,59,52,131,62,52,114,245
07/09/2020,TUP,MS,ASO,ES,Federal Contract Tower,0,11,6,62,79,0,8,55,13,76,0,19,61,75,155,50,92,142,297
07/10/2020,TUP,MS,ASO,ES,Federal Contract Tower,0,10,3,38,51,0,8,54,14,76,0,18,57,52,127,68,38,106,233
07/11/2020,TUP,MS,ASO,ES,Federal Contract Tower,0,4,5,4,13,0,8,32,8,48,0,12,37,12,61,64,62,126,187
07/12/2020,TUP,MS,ASO,ES,Federal Contract Tower,0,6,4,0,10,0,8,25,1,34,0,14,29,1,44,34,0,34,78
07/13/2020,TUP,MS,ASO,ES,Federal Contract Tower,0,8,8,34,50,0,6,37,5,48,0,14,45,39,98,58,38,96,194
07/14/2020,TUP,MS,ASO,ES,Federal Contract Tower,0,8,14,23,45,0,6,71,16,93,0,14,85,39,138,132,32,164,302
07/15/2020,TUP,MS,ASO,ES,Federal Contract Tower,0,10,1,27,38,0,10,68,17,95,0,20,69,44,133,92,64,156,289
07/16/2020,TUP,MS,ASO,ES,Federal Contract Tower,0,8,6,31,45,0,7,73,22,102,0,15,79,53,147,88,54,142,289
07/17/2020,TUP,MS,ASO,ES,Federal Contract Tower,0,8,9,22,39,0,4,35,10,49,0,12,44,32,88,48,30,78,166
07/18/2020,TUP,MS,ASO,ES,Federal Contract Tower,0,4,5,0,9,0,11,47,6,64,0,15,52,6,73,84,18,102,175
07/19/2020,TUP,MS,ASO,ES,Federal Contract Tower,0,6,6,0,12,0,6,44,2,52,0,12,50,2,64,58,10,68,132
07/20/2020,TUP,MS,ASO,ES,Federal Contract Tower,0,8,11,19,38,0,7,62,3,72,0,15,73,22,110,60,8,68,178
07/21/2020,TUP,MS,ASO,ES,Federal Contract Tower,0,8,3,36,47,0,7,46,7,60,0,15,49,43,107,92,20,112,219
07/22/2020,TUP,MS,ASO,ES,Federal Contract Tower,0,6,7,29,42,0,10,56,10,76,0,16,63,39,118,78,37,115,233
07/23/2020,TUP,MS,ASO,ES,Federal Contract Tower,0,8,3,22,33,0,8,49,9,66,0,16,52,31,99,66,26,92,191
07/24/2020,TUP,MS,ASO,ES,Federal Contract Tower,0,8,8,38,54,0,7,44,15,66,0,15,52,53,120,56,58,114,234
07/25/2020,TUP,MS,ASO,ES,Federal Contract Tower,0,4,10,0,14,0,6,29,5,40,0,10,39,5,54,54,20,74,128
07/26/2020,TUP,MS,ASO,ES,Federal Contract Tower,0,6,3,0,9,0,6,32,0,38,0,12,35,0,47,38,12,50,97
07/27/2020,TUP,MS,ASO,ES,Federal Contract Tower,0,10,5,18,33,0,6,32,2,40,0,16,37,20,73,76,16,92,165
07/28/2020,TUP,MS,ASO,ES,Federal Contract Tower,0,8,9,46,63,0,6,51,20,77,0,14,60,66,140,46,116,162,302
07/29/2020,TUP,MS,ASO,ES,Federal Contract Tower,0,6,9,25,40,0,4,27,12,43,0,10,36,37,83,54,20,74,157
07/30/2020,TUP,MS,ASO,ES,Federal Contract Tower,0,8,6,30,44,0,5,24,8,37,0,13,30,38,81,40,26,66,147
07/31/2020,TUP,MS,ASO,ES,Federal Contract Tower,0,8,4,20,32,0,5,31,11,47,0,13,35,31,79,42,52,94,173
08/01/2020,TUP,MS,ASO,ES,Federal Contract Tower,0,4,6,0,10,0,4,18,0,22,0,8,24,0,32,28,0,28,60
08/02/2020,TUP,MS,ASO,ES,Federal Contract Tower,0,7,4,4,15,0,11,37,3,51,0,18,41,7,66,40,26,66,132
08/03/2020,TUP,MS,ASO,ES,Federal Contract Tower,0,9,7,16,32,0,7,57,5,69,0,16,64,21,101,62,30,92,193
08/04/2020,TUP,MS,ASO,ES,Federal Contract Tower,0,8,5,38,51,0,6,43,14,63,0,14,48,52,114,46,40,86,200
08/05/2020,TUP,MS,ASO,ES,Federal Contract Tower,0,8,3,42,53,0,8,61,12,81,0,16,64,54,134,74,44,118,252
08/06/2020,TUP,MS,ASO,ES,Federal Contract Tower,0,8,11,42,61,0,8,45,10,63,0,16,56,52,124,60,42,102,226
08/07/2020,TUP,MS,ASO,ES,Federal Contract Tower,0,9,5,48,62,0,6,33,6,45,0,15,38,54,107,52,20,72,179
08/08/2020,TUP,MS,ASO,ES,Federal Contract Tower,0,4,3,0,7,0,10,44,8,62,0,14,47,8,69,60,10,70,139
08/09/2020,TUP,MS,ASO,ES,Federal Contract Tower,0,6,2,0,8,0,6,31,8,45,0,12,33,8,53,86,6,92,145
08/10/2020,TUP,MS,ASO,ES,Federal Contract Tower,0,10,8,40,58,0,8,45,5,58,0,18,53,45,116,70,26,96,212
08/11/2020,TUP,MS,ASO,ES,Federal Contract Tower,0,6,4,18,28,0,4,36,6,46,0,10,40,24,74,62,14,76,150
08/12/2020,TUP,MS,ASO,ES,Federal Contract Tower,0,8,8,46,62,0,6,31,5,42,0,14,39,51,104,52,20,72,176
08/13/2020,TUP,MS,ASO,ES,Federal Contract Tower,0,12,9,28,49,0,8,46,6,60,0,20,55,34,109,60,18,78,187
08/14/2020,TUP,MS,ASO,ES,Federal Contract Tower,0,11,7,4,22,0,5,17,7,29,0,16,24,11,51,14,50,64,115
08/15/2020,TUP,MS,ASO,ES,Federal Contract Tower,0,4,8,28,40,0,12,35,7,54,0,16,43,35,94,66,44,110,204
08/16/2020,TUP,MS,ASO,ES,Federal Contract Tower,0,6,1,4,11,0,5,18,3,26,0,11,19,7,37,24,16,40,77
08/17/2020,TUP,MS,ASO,ES,Federal Contract Tower,0,9,6,34,49,0,8,26,7,41,0,17,32,41,90,22,66,88,178
08/18/2020,TUP,MS,ASO,ES,Federal Contract Tower,0,5,5,32,42,0,7,36,12,55,0,12,41,44,97,88,42,130,227
08/19/2020,TUP,MS,ASO,ES,Federal Contract Tower,0,7,12,33,52,0,6,31,5,42,0,13,43,38,94,40,0,40,134
08/20/2020,TUP,MS,ASO,ES,Federal Contract Tower,0,8,14,42,64,0,15,38,30,83,0,23,52,72,147,34,112,146,293
08/21/2020,TUP,MS,ASO,ES,Federal Contract Tower,0,10,15,18,43,0,1,19,9,29,0,11,34,27,72,4,12,16,88
08/22/2020,TUP,MS,ASO,ES,Federal Contract Tower,0,7,4,7,18,0,6,14,5,25,0,13,18,12,43,22,0,22,65
08/23/2020,TUP,MS,ASO,ES,Federal Contract Tower,0,7,7,0,14,0,9,38,1,48,0,16,45,1,62,52,10,62,124
08/24/2020,TUP,MS,ASO,ES,Federal Contract Tower,0,8,7,24,39,0,9,49,20,78,0,17,56,44,117,60,10,70,187
08/25/2020,TUP,MS,ASO,ES,Federal Contract Tower,0,6,7,31,44,0,0,10,5,15,0,6,17,36,59,6,46,52,111
08/26/2020,TUP,MS,ASO,ES,Federal Contract Tower,0,10,4,35,49,0,4,29,6,39,0,14,33,41,88,30,26,56,144
08/27/2020,TUP,MS,ASO,ES,Federal Contract Tower,0,8,6,22,36,0,0,17,24,41,0,8,23,46,77,10,86,96,173
08/28/2020,TUP,MS,ASO,ES,Federal Contract Tower,0,8,7,22,37,0,0,0,0,0,0,8,7,22,37,0,0,0,37
08/29/2020,TUP,MS,ASO,ES,Federal Contract Tower,0,7,9,0,16,0,0,29,13,42,0,7,38,13,58,22,22,44,102
08/30/2020,TUP,MS,ASO,ES,Federal Contract Tower,0,6,8,0,14,0,2,16,2,20,0,8,24,2,34,26,12,38,72
08/31/2020,TUP,MS,ASO,ES,Federal Contract Tower,0,11,11,14,36,0,0,8,5,13,0,11,19,19,49,0,4,4,53
09/01/2020,TUP,MS,ASO,ES,Federal Contract Tower,0,10,22,16,48,0,10,34,14,58,0,20,56,30,106,54,22,76,182
09/02/2020,TUP,MS,ASO,ES,Federal Contract Tower,0,8,24,43,75,0,8,31,7,46,0,16,55,50,121,28,9,37,158
09/03/2020,TUP,MS,ASO,ES,Federal Contract Tower,0,8,12,38,58,0,8,47,11,66,0,16,59,49,124,66,24,90,214
09/04/2020,TUP,MS,ASO,ES,Federal Contract Tower,0,12,10,0,22,0,3,36,2,41,0,15,46,2,63,76,6,82,145
09/05/2020,TUP,MS,ASO,ES,Federal Contract Tower,0,4,5,0,9,0,5,40,4,49,0,9,45,4,58,52,8,60,118
09/06/2020,TUP,MS,ASO,ES,Federal Contract Tower,0,6,1,0,7,0,7,37,5,49,0,13,38,5,56,46,0,46,102
09/07/2020,TUP,MS,ASO,ES,Federal Contract Tower,0,6,4,0,10,0,8,42,0,50,0,14,46,0,60,60,0,60,120
09/08/2020,TUP,MS,ASO,ES,Federal Contract Tower,0,10,9,47,66,0,8,65,13,86,0,18,74,60,152,104,64,168,320
09/09/2020,TUP,MS,ASO,ES,Federal Contract Tower,0,10,2,28,40,0,8,43,9,60,0,18,45,37,100,80,18,98,198
09/10/2020,TUP,MS,ASO,ES,Federal Contract Tower,0,12,11,22,45,0,8,60,7,75,0,20,71,29,120,82,34,116,236
09/11/2020,TUP,MS,ASO,ES,Federal Contract Tower,0,9,11,26,46,0,4,26,8,38,0,13,37,34,84,38,54,92,176
09/12/2020,TUP,MS,ASO,ES,Federal Contract Tower,0,6,4,2,12,0,0,10,2,12,0,6,14,4,24,22,6,28,52
09/13/2020,TUP,MS,ASO,ES,Federal Contract Tower,0,6,7,0,13,0,0,10,0,10,0,6,17,0,23,16,0,16,39
09/14/2020,TUP,MS,ASO,ES,Federal Contract Tower,0,9,13,45,67,0,2,47,6,55,0,11,60,51,122,42,28,70,192
09/15/2020,TUP,MS,ASO,ES,Federal Contract Tower,0,8,7,66,81,0,6,54,19,79,0,14,61,85,160,48,30,78,238
09/16/2020,TUP,MS,ASO,ES,Federal Contract Tower,0,6,9,45,60,0,0,13,1,14,0,6,22,46,74,6,0,6,80
09/17/2020,TUP,MS,ASO,ES,Federal Contract Tower,0,8,6,60,74,0,5,60,23,88,0,13,66,83,162,79,64,143,305
09/18/2020,TUP,MS,ASO,ES,Federal Contract Tower,0,11,7,32,50,0,3,38,28,69,0,14,45,60,119,42,98,140,259
09/19/2020,TUP,MS,ASO,ES,Federal Contract Tower,0,4,6,0,10,0,5,29,9,43,0,9,35,9,53,36,36,72,125
09/20/2020,TUP,MS,ASO,ES,Federal Contract Tower,0,6,3,0,9,0,12,47,2,61,0,18,50,2,70,70,4,74,144
09/21/2020,TUP,MS,ASO,ES,Federal Contract Tower,0,8,6,24,38,0,10,58,10,78,0,18,64,34,116,80,38,118,234
09/22/2020,TUP,MS,ASO,ES,Federal Contract Tower,0,7,11,28,46,0,4,45,21,70,0,11,56,49,116,78,54,132,248
09/23/2020,TUP,MS,ASO,ES,Federal Contract Tower,0,9,18,19,46,0,2,5,1,8,0,11,23,20,54,4,12,16,70
09/24/2020,TUP,MS,ASO,ES,Federal Contract Tower,0,11,5,3,19,0,0,0,0,0,0,11,5,3,19,0,0,0,19
09/25/2020,TUP,MS,ASO,ES,Federal Contract Tower,0,9,11,29,49,0,4,11,3,18,0,13,22,32,67,10,0,10,77
09/26/2020,TUP,MS,ASO,ES,Federal Contract Tower,1,5,7,0,13,0,4,24,0,28,1,9,31,0,41,66,0,66,107
09/27/2020,TUP,MS,ASO,ES,Federal Contract Tower,0,7,4,2,13,0,11,41,0,52,0,18,45,2,65,44,0,44,109
09/28/2020,TUP,MS,ASO,ES,Federal Contract Tower,0,7,8,26,41,0,0,25,1,26,0,7,33,27,67,56,10,66,133
09/29/2020,TUP,MS,ASO,ES,Federal Contract Tower,0,6,9,30,45,0,5,50,7,62,0,11,59,37,107,88,68,156,263
09/30/2020,TUP,MS,ASO,ES,Federal Contract Tower,0,8,15,32,55,0,5,32,8,45,0,13,47,40,100,54,22,76,176
10/01/2020,TUP,MS,ASO,ES,Federal Contract Tower,0,10,13,38,61,0,4,60,11,75,0,14,73,49,136,62,30,92,228
10/02/2020,TUP,MS,ASO,ES,Federal Contract Tower,2,6,5,48,61,0,4,67,13,84,2,10,72,61,145,108,90,198,343
10/03/2020,TUP,MS,ASO,ES,Federal Contract Tower,0,7,2,0,9,0,1,55,7,63,0,8,57,7,72,44,4,48,120
10/04/2020,TUP,MS,ASO,ES,Federal Contract Tower,0,7,3,0,10,0,4,53,0,57,0,11,56,0,67,80,0,80,147
10/05/2020,TUP,MS,ASO,ES,Federal Contract Tower,0,6,8,42,56,0,0,59,12,71,0,6,67,54,127,68,106,174,301
10/06/2020,TUP,MS,ASO,ES,Federal Contract Tower,0,4,6,25,35,0,4,56,7,67,0,8,62,32,102,88,40,128,230
10/07/2020,TUP,MS,ASO,ES,Federal Contract Tower,0,6,23,24,53,0,7,61,8,76,0,13,84,32,129,58,34,92,221
10/08/2020,TUP,MS,ASO,ES,Federal Contract Tower,1,6,6,0,13,0,6,44,6,56,1,12,50,6,69,76,38,114,183
10/09/2020,TUP,MS,ASO,ES,Federal Contract Tower,0,6,5,0,11,0,4,39,4,47,0,10,44,4,58,36,14,50,108
10/10/2020,TUP,MS,ASO,ES,Federal Contract Tower,0,3,0,0,3,0,0,0,0,0,0,3,0,0,3,0,0,0,3
10/11/2020,TUP,MS,ASO,ES,Federal Contract Tower,0,5,7,0,12,0,6,15,0,21,0,11,22,0,33,34,0,34,67
10/12/2020,TUP,MS,ASO,ES,Federal Contract Tower,0,6,26,0,32,0,6,34,0,40,0,12,60,0,72,62,0,62,134
10/13/2020,TUP,MS,ASO,ES,Federal Contract Tower,0,4,21,34,59,0,2,32,7,41,0,6,53,41,100,44,46,90,190
10/14/2020,TUP,MS,ASO,ES,Federal Contract Tower,0,9,5,28,42,0,9,49,8,66,0,18,54,36,108,84,60,144,252
10/15/2020,TUP,MS,ASO,ES,Federal Contract Tower,0,10,13,31,54,0,8,55,18,81,0,18,68,49,135,64,54,118,253
10/16/2020,TUP,MS,ASO,ES,Federal Contract Tower,2,6,11,30,49,0,5,43,19,67,2,11,54,49,116,50,54,104,220
10/17/2020,TUP,MS,ASO,ES,Federal Contract Tower,1,5,1,0,7,0,4,34,2,40,1,9,35,2,47,28,4,32,79
10/18/2020,TUP,MS,ASO,ES,Federal Contract Tower,0,5,9,6,20,0,10,48,7,65,0,15,57,13,85,74,32,106,191
10/19/2020,TUP,MS,ASO,ES,Federal Contract Tower,0,6,6,22,34,0,8,48,8,64,0,14,54,30,98,54,24,78,176
10/20/2020,TUP,MS,ASO,ES,Federal Contract Tower,0,4,9,30,43,0,9,58,18,85,0,13,67,48,128,60,74,134,262
10/21/2020,TUP,MS,ASO,ES,Federal Contract Tower,0,6,16,26,48,0,6,59,12,77,0,12,75,38,125,84,56,140,265
10/22/2020,TUP,MS,ASO,ES,Federal Contract Tower,0,9,16,14,39,0,7,62,17,86,0,16,78,31,125,58,36,94,219
10/23/2020,TUP,MS,ASO,ES,Federal Contract Tower,1,5,17,26,49,0,6,37,18,61,1,11,54,44,110,66,52,118,228
10/24/2020,TUP,MS,ASO,ES,Federal Contract Tower,1,3,3,1,8,0,0,0,0,0,1,3,3,1,8,0,0,0,8
10/25/2020,TUP,MS,ASO,ES,Federal Contract Tower,0,5,8,0,13,0,0,5,5,10,0,5,13,5,23,0,0,0,23
10/26/2020,TUP,MS,ASO,ES,Federal Contract Tower,0,8,27,24,59,0,4,45,1,50,0,12,72,25,109,78,12,90,199
10/27/2020,TUP,MS,ASO,ES,Federal Contract Tower,0,4,20,0,24,0,0,0,0,0,0,4,20,0,24,0,0,0,24
10/28/2020,TUP,MS,ASO,ES,Federal Contract Tower,0,7,6,0,13,0,0,0,0,0,0,7,6,0,13,0,0,0,13
10/29/2020,TUP,MS,ASO,ES,Federal Contract Tower,0,6,18,6,30,0,2,10,6,18,0,8,28,12,48,8,18,26,74
10/30/2020,TUP,MS,ASO,ES,Federal Contract Tower,0,7,9,42,58,0,4,57,12,73,0,11,66,54,131,84,40,124,255
10/31/2020,TUP,MS,ASO,ES,Federal Contract Tower,0,3,1,0,4,0,2,44,2,48,0,5,45,2,52,76,2,78,130
11/01/2020,TUP,MS,ASO,ES,Federal Contract Tower,0,5,2,0,7,0,13,38,2,53,0,18,40,2,60,66,4,70,130
11/02/2020,TUP,MS,ASO,ES,Federal Contract Tower,0,6,6,47,59,0,8,60,4,72,0,14,66,51,131,66,174,240,371
11/03/2020,TUP,MS,ASO,ES,Federal Contract Tower,0,4,4,27,35,0,7,57,13,77,0,11,61,40,112,78,74,152,264
11/04/2020,TUP,MS,ASO,ES,Federal Contract Tower,0,9,5,53,67,0,3,67,13,83,0,12,72,66,150,80,76,156,306
11/05/2020,TUP,MS,ASO,ES,Federal Contract Tower,0,8,7,9,24,0,5,62,24,91,0,13,69,33,115,74,42,116,231
11/06/2020,TUP,MS,ASO,ES,Federal Contract Tower,0,9,4,14,27,0,5,58,17,80,0,14,62,31,107,72,52,124,231
11/07/2020,TUP,MS,ASO,ES,Federal Contract Tower,0,3,1,1,5,0,2,48,11,61,0,5,49,12,66,58,12,70,136
11/08/2020,TUP,MS,ASO,ES,Federal Contract Tower,0,5,4,8,17,0,4,51,2,57,0,9,55,10,74,57,4,61,135
11/09/2020,TUP,MS,ASO,ES,Federal Contract Tower,0,6,9,38,53,0,10,44,2,56,0,16,53,40,109,54,96,150,259
11/10/2020,TUP,MS,ASO,ES,Federal Contract Tower,0,4,17,14,35,0,0,0,0,0,0,4,17,14,35,0,6,6,41
11/11/2020,TUP,MS,ASO,ES,Federal Contract Tower,0,8,5,0,13,0,4,29,7,40,0,12,34,7,53,44,24,68,121
11/12/2020,TUP,MS,ASO,ES,Federal Contract Tower,0,8,11,60,79,0,2,27,24,53,0,10,38,84,132,46,146,192,324
11/13/2020,TUP,MS,ASO,ES,Federal Contract Tower,1,8,12,22,43,0,4,51,20,75,1,12,63,42,118,54,42,96,214
11/14/2020,TUP,MS,ASO,ES,Federal Contract Tower,0,4,6,0,10,0,7,45,16,68,0,11,51,16,78,58,24,82,160
11/15/2020,TUP,MS,ASO,ES,Federal Contract Tower,0,5,6,2,13,0,8,36,10,54,0,13,42,12,67,34,6,40,107
11/16/2020,TUP,MS,ASO,ES,Federal Contract Tower,0,6,15,51,72,0,12,60,2,74,0,18,75,53,146,78,62,140,286
11/17/2020,TUP,MS,ASO,ES,Federal Contract Tower,0,7,5,38,50,0,6,54,18,78,0,13,59,56,128,58,52,110,238
11/18/2020,TUP,MS,ASO,ES,Federal Contract Tower,0,10,10,19,39,0,12,64,21,97,0,22,74,40,136,100,46,146,282
11/19/2020,TUP,MS,ASO,ES,Federal Contract Tower,0,10,6,26,42,0,6,59,18,83,0,16,65,44,125,88,56,144,269
11/20/2020,TUP,MS,ASO,ES,Federal Contract Tower,1,11,15,14,41,0,5,49,11,65,1,16,64,25,106,66,18,84,190
11/21/2020,TUP,MS,ASO,ES,Federal Contract Tower,0,4,4,0,8,0,5,39,4,48,0,9,43,4,56,78,18,96,152
11/22/2020,TUP,MS,ASO,ES,Federal Contract Tower,0,5,6,2,13,0,2,17,2,21,0,7,23,4,34,20,4,24,58
11/23/2020,TUP,MS,ASO,ES,Federal Contract Tower,0,6,14,30,50,0,6,52,5,63,0,12,66,35,113,54,46,100,213
11/24/2020,TUP,MS,ASO,ES,Federal Contract Tower,0,9,2,18,29,0,7,49,17,73,0,16,51,35,102,64,34,98,200
11/25/2020,TUP,MS,ASO,ES,Federal Contract Tower,0,7,10,0,17,0,6,23,5,34,0,13,33,5,51,32,14,46,97
11/26/2020,TUP,MS,ASO,ES,Federal Contract Tower,0,0,4,0,4,0,4,22,0,26,0,4,26,0,30,10,0,10,40
11/27/2020,TUP,MS,ASO,ES,Federal Contract Tower,0,5,9,0,14,0,6,19,3,28,0,11,28,3,42,36,6,42,84
11/28/2020,TUP,MS,ASO,ES,Federal Contract Tower,0,4,14,0,18,0,4,20,0,24,0,8,34,0,42,22,0,22,64
11/29/2020,TUP,MS,ASO,ES,Federal Contract Tower,0,6,18,0,24,0,2,10,0,12,0,8,28,0,36,8,0,8,44
11/30/2020,TUP,MS,ASO,ES,Federal Contract Tower,0,6,15,16,37,0,4,36,6,46,0,10,51,22,83,36,22,58,141
12/01/2020,TUP,MS,ASO,ES,Federal Contract Tower,0,4,10,42,56,0,8,47,17,72,0,12,57,59,128,84,42,126,254
12/02/2020,TUP,MS,ASO,ES,Federal Contract Tower,0,8,6,36,50,0,5,58,14,77,0,13,64,50,127,92,62,154,281
12/03/2020,TUP,MS,ASO,ES,Federal Contract Tower,0,6,10,26,42,0,1,29,6,36,0,7,39,32,78,28,40,68,146
12/04/2020,TUP,MS,ASO,ES,Federal Contract Tower,0,9,7,20,36,0,6,32,8,46,0,15,39,28,82,42,46,88,170
12/05/2020,TUP,MS,ASO,ES,Federal Contract Tower,0,3,9,0,12,0,2,34,6,42,0,5,43,6,54,44,18,62,116
12/06/2020,TUP,MS,ASO,ES,Federal Contract Tower,0,5,0,0,5,0,4,45,6,55,0,9,45,6,60,58,16,74,134
12/07/2020,TUP,MS,ASO,ES,Federal Contract Tower,0,6,5,33,44,0,6,54,7,67,0,12,59,40,111,42,84,126,237
12/08/2020,TUP,MS,ASO,ES,Federal Contract Tower,0,5,7,22,34,0,6,47,18,71,0,11,54,40,105,70,54,124,229
12/09/2020,TUP,MS,ASO,ES,Federal Contract Tower,0,10,8,24,42,0,4,53,17,74,0,14,61,41,116,70,56,126,242
12/10/2020,TUP,MS,ASO,ES,Federal Contract Tower,0,4,10,23,37,0,1,60,30,91,0,5,70,53,128,72,50,122,250
12/11/2020,TUP,MS,ASO,ES,Federal Contract Tower,2,8,7,18,35,0,3,50,11,64,2,11,57,29,99,72,28,100,199
12/12/2020,TUP,MS,ASO,ES,Federal Contract Tower,0,3,2,0,5,0,2,26,3,31,0,5,28,3,36,28,18,46,82
12/13/2020,TUP,MS,ASO,ES,Federal Contract Tower,0,4,2,0,6,0,6,22,3,31,0,10,24,3,37,40,4,44,81
12/14/2020,TUP,MS,ASO,ES,Federal Contract Tower,0,7,10,14,31,0,4,25,1,30,0,11,35,15,61,4,12,16,77
12/15/2020,TUP,MS,ASO,ES,Federal Contract Tower,0,4,17,22,43,0,7,48,10,65,0,11,65,32,108,52,26,78,186
12/16/2020,TUP,MS,ASO,ES,Federal Contract Tower,0,7,6,0,13,0,2,16,5,23,0,9,22,5,36,28,18,46,82
12/17/2020,TUP,MS,ASO,ES,Federal Contract Tower,0,8,9,28,45,0,8,48,10,66,0,16,57,38,111,56,20,76,187
12/18/2020,TUP,MS,ASO,ES,Federal Contract Tower,2,6,14,18,40,0,3,46,9,58,2,9,60,27,98,62,26,88,186
12/19/2020,TUP,MS,ASO,ES,Federal Contract Tower,0,6,4,0,10,0,2,19,4,25,0,8,23,4,35,24,10,34,69
12/20/2020,TUP,MS,ASO,ES,Federal Contract Tower,0,4,3,0,7,0,2,0,0,2,0,6,3,0,9,0,0,0,9
12/21/2020,TUP,MS,ASO,ES,Federal Contract Tower,0,8,11,14,33,0,6,32,3,41,0,14,43,17,74,42,0,42,116
12/22/2020,TUP,MS,ASO,ES,Federal Contract Tower,0,8,9,8,25,0,7,58,7,72,0,15,67,15,97,66,28,94,191
12/23/2020,TUP,MS,ASO,ES,Federal Contract Tower,0,7,9,0,16,0,2,0,0,2,0,9,9,0,18,0,0,0,18
12/24/2020,TUP,MS,ASO,ES,Federal Contract Tower,0,7,0,0,7,0,5,11,1,17,0,12,11,1,24,10,0,10,34
12/25/2020,TUP,MS,ASO,ES,Federal Contract Tower,0,0,2,0,2,0,6,24,0,30,0,6,26,0,32,14,0,14,46
12/26/2020,TUP,MS,ASO,ES,Federal Contract Tower,0,4,5,0,9,0,5,32,0,37,0,9,37,0,46,40,0,40,86
12/27/2020,TUP,MS,ASO,ES,Federal Contract Tower,0,6,5,0,11,0,6,24,0,30,0,12,29,0,41,28,0,28,69
12/28/2020,TUP,MS,ASO,ES,Federal Contract Tower,0,6,12,0,18,0,4,53,0,57,0,10,65,0,75,70,0,70,145
12/29/2020,TUP,MS,ASO,ES,Federal Contract Tower,0,5,13,0,18,0,7,54,0,61,0,12,67,0,79,82,0,82,161
12/30/2020,TUP,MS,ASO,ES,Federal Contract Tower,1,6,17,0,24,0,5,41,0,46,1,11,58,0,70,54,0,54,124
12/31/2020,TUP,MS,ASO,ES,Federal Contract Tower,2,6,8,2,18,0,0,0,0,0,2,6,8,2,18,0,0,0,18
01/01/2021,TUP,MS,ASO,ES,Federal Contract Tower,0,5,1,0,6,0,1,4,0,5,0,6,5,0,11,10,0,10,21
01/02/2021,TUP,MS,ASO,ES,Federal Contract Tower,0,4,6,0,10,0,2,19,0,21,0,6,25,0,31,14,0,14,45
01/03/2021,TUP,MS,ASO,ES,Federal Contract Tower,4,6,9,0,19,0,6,40,0,46,4,12,49,0,65,42,0,42,107
01/04/2021,TUP,MS,ASO,ES,Federal Contract Tower,0,7,7,0,14,0,4,31,34,69,0,11,38,34,83,0,0,0,83
01/05/2021,TUP,MS,ASO,ES,Federal Contract Tower,0,4,9,10,23,0,4,28,10,42,0,8,37,20,65,26,10,36,101
01/06/2021,TUP,MS,ASO,ES,Federal Contract Tower,0,6,9,30,45,0,3,30,5,38,0,9,39,35,83,16,28,44,127
01/07/2021,TUP,MS,ASO,ES,Federal Contract Tower,0,7,7,0,14,0,0,0,0,0,0,7,7,0,14,0,0,0,14
01/08/2021,TUP,MS,ASO,ES,Federal Contract Tower,3,5,6,27,41,0,7,19,6,32,3,12,25,33,73,4,16,20,93
01/09/2021,TUP,MS,ASO,ES,Federal Contract Tower,1,3,1,0,5,0,0,4,0,4,1,3,5,0,9,8,0,8,17
01/10/2021,TUP,MS,ASO,ES,Federal Contract Tower,0,5,4,0,9,0,2,15,0,17,0,7,19,0,26,0,0,0,26
01/11/2021,TUP,MS,ASO,ES,Federal Contract Tower,0,7,6,0,13,0,0,0,0,0,0,7,6,0,13,0,0,0,13
01/12/2021,TUP,MS,ASO,ES,Federal Contract Tower,0,4,10,17,31,0,2,31,9,42,0,6,41,26,73,30,10,40,113
01/13/2021,TUP,MS,ASO,ES,Federal Contract Tower,0,8,11,26,45,0,7,32,11,50,0,15,43,37,95,14,18,32,127
01/14/2021,TUP,MS,ASO,ES,Federal Contract Tower,0,6,4,14,24,0,6,42,19,67,0,12,46,33,91,38,16,54,145
01/15/2021,TUP,MS,ASO,ES,Federal Contract Tower,0,6,12,14,32,0,2,19,6,27,0,8,31,20,59,14,10,24,83
01/16/2021,TUP,MS,ASO,ES,Federal Contract Tower,0,3,4,0,7,0,7,28,2,37,0,10,32,2,44,24,2,26,70
01/17/2021,TUP,MS,ASO,ES,Federal Contract Tower,0,5,4,0,9,0,21,23,2,46,0,26,27,2,55,20,0,20,75
01/18/2021,TUP,MS,ASO,ES,Federal Contract Tower,0,6,4,1,11,0,6,13,1,20,0,12,17,2,31,6,0,6,37
01/19/2021,TUP,MS,ASO,ES,Federal Contract Tower,0,4,5,12,21,0,2,21,6,29,0,6,26,18,50,8,18,26,76
01/20/2021,TUP,MS,ASO,ES,Federal Contract Tower,0,6,3,24,33,0,4,40,10,54,0,10,43,34,87,50,10,60,147
01/21/2021,TUP,MS,ASO,ES,Federal Contract Tower,0,10,2,2,14,0,3,3,0,6,0,13,5,2,20,0,0,0,20
01/22/2021,TUP,MS,ASO,ES,Federal Contract Tower,0,9,7,39,55,0,4,26,61,91,0,13,33,100,146,28,204,232,378
01/23/2021,TUP,MS,ASO,ES,Federal Contract Tower,2,3,4,6,15,0,5,29,21,55,2,8,33,27,70,30,26,56,126
01/24/2021,TUP,MS,ASO,ES,Federal Contract Tower,0,7,7,0,14,0,2,12,0,14,0,9,19,0,28,10,0,10,38
01/25/2021,TUP,MS,ASO,ES,Federal Contract Tower,0,9,7,2,18,0,6,2,0,8,0,15,9,2,26,0,8,8,34
01/26/2021,TUP,MS,ASO,ES,Federal Contract Tower,0,4,8,20,32,0,7,41,22,70,0,11,49,42,102,42,32,74,176
01/27/2021,TUP,MS,ASO,ES,Federal Contract Tower,0,10,12,56,78,0,3,40,15,58,0,13,52,71,136,64,68,132,268
01/28/2021,TUP,MS,ASO,ES,Federal Contract Tower,0,6,8,26,40,0,5,43,27,75,0,11,51,53,115,46,60,106,221
01/29/2021,TUP,MS,ASO,ES,Federal Contract Tower,0,6,5,22,33,0,5,29,17,51,0,11,34,39,84,34,56,90,174
01/30/2021,TUP,MS,ASO,ES,Federal Contract Tower,0,3,3,9,15,0,3,18,6,27,0,6,21,15,42,26,24,50,92
01/31/2021,TUP,MS,ASO,ES,Federal Contract Tower,0,5,9,0,14,0,4,3,0,7,0,9,12,0,21,0,0,0,21
02/01/2021,TUP,MS,ASO,ES,Federal Contract Tower,0,7,9,0,16,0,4,14,1,19,0,11,23,1,35,0,0,0,35
02/02/2021,TUP,MS,ASO,ES,Federal Contract Tower,0,4,10,30,44,0,5,42,20,67,0,9,52,50,111,52,52,104,215
02/03/2021,TUP,MS,ASO,ES,Federal Contract Tower,1,7,16,34,58,0,9,65,19,93,1,16,81,53,151,62,82,144,295
02/04/2021,TUP,MS,ASO,ES,Federal Contract Tower,0,7,5,33,45,0,5,9,4,18,0,12,14,37,63,12,14,26,89
02/05/2021,TUP,MS,ASO,ES,Federal Contract Tower,0,6,11,28,45,0,6,41,10,57,0,12,52,38,102,44,26,70,172
02/06/2021,TUP,MS,ASO,ES,Federal Contract Tower,0,4,3,0,7,0,2,24,1,27,0,6,27,1,34,62,0,62,96
02/07/2021,TUP,MS,ASO,ES,Federal Contract Tower,0,5,3,0,8,0,0,4,1,5,0,5,7,1,13,0,0,0,13
02/08/2021,TUP,MS,ASO,ES,Federal Contract Tower,0,6,11,14,31,0,5,37,0,42,0,11,48,14,73,54,0,54,127
02/09/2021,TUP,MS,ASO,ES,Federal Contract Tower,1,6,7,31,45,0,11,34,26,71,1,17,41,57,116,54,16,70,186
02/10/2021,TUP,MS,ASO,ES,Federal Contract Tower,0,7,11,41,59,0,5,43,13,61,0,12,54,54,120,70,84,154,274
02/11/2021,TUP,MS,ASO,ES,Federal Contract Tower,1,7,4,0,12,0,0,0,0,0,1,7,4,0,12,0,0,0,12
02/12/2021,TUP,MS,ASO,ES,Federal Contract Tower,0,7,11,0,18,0,0,0,0,0,0,7,11,0,18,0,0,0,18
02/13/2021,TUP,MS,ASO,ES,Federal Contract Tower,0,3,7,0,10,0,0,2,0,2,0,3,9,0,12,0,0,0,12
02/14/2021,TUP,MS,ASO,ES,Federal Contract Tower,0,4,6,0,10,0,0,0,0,0,0,4,6,0,10,0,0,0,10
02/15/2021,TUP,MS,ASO,ES,Federal Contract Tower,0,0,0,0,0,0,0,0,0,0,0,0,0,0,0,0,0,0,0
02/16/2021,TUP,MS,ASO,ES,Federal Contract Tower,0,0,0,0,0,0,0,0,0,0,0,0,0,0,0,0,0,0,0
02/17/2021,TUP,MS,ASO,ES,Federal Contract Tower,0,0,0,0,0,0,0,0,0,0,0,0,0,0,0,0,0,0,0
02/18/2021,TUP,MS,ASO,ES,Federal Contract Tower,0,0,0,0,0,0,0,0,0,0,0,0,0,0,0,0,0,0,0
02/19/2021,TUP,MS,ASO,ES,Federal Contract Tower,0,0,0,0,0,0,4,0,0,4,0,4,0,0,4,0,0,0,4
02/20/2021,TUP,MS,ASO,ES,Federal Contract Tower,1,0,2,0,3,0,0,8,0,8,1,0,10,0,11,22,0,22,33
02/21/2021,TUP,MS,ASO,ES,Federal Contract Tower,0,8,4,0,12,0,10,20,2,32,0,18,24,2,44,10,0,10,54
02/22/2021,TUP,MS,ASO,ES,Federal Contract Tower,0,6,12,0,18,0,7,47,0,54,0,13,59,0,72,48,0,48,120
02/23/2021,TUP,MS,ASO,ES,Federal Contract Tower,1,4,12,46,63,0,2,45,24,71,1,6,57,70,134,42,106,148,282
02/24/2021,TUP,MS,ASO,ES,Federal Contract Tower,0,6,12,20,38,0,4,54,23,81,0,10,66,43,119,84,50,134,253
02/25/2021,TUP,MS,ASO,ES,Federal Contract Tower,0,6,11,19,36,0,5,46,41,92,0,11,57,60,128,60,120,180,308
02/26/2021,TUP,MS,ASO,ES,Federal Contract Tower,0,6,12,0,18,0,0,0,0,0,0,6,12,0,18,0,0,0,18
02/27/2021,TUP,MS,ASO,ES,Federal Contract Tower,0,3,4,0,7,0,0,6,9,15,0,3,10,9,22,0,0,0,22
02/28/2021,TUP,MS,ASO,ES,Federal Contract Tower,0,7,6,0,13,0,2,20,0,22,0,9,26,0,35,34,0,34,69
03/01/2021,TUP,MS,ASO,ES,Federal Contract Tower,0,10,11,0,21,0,6,22,0,28,0,16,33,0,49,16,0,16,65
03/02/2021,TUP,MS,ASO,ES,Federal Contract Tower,0,4,8,32,44,0,1,11,9,21,0,5,19,41,65,18,22,40,105
03/03/2021,TUP,MS,ASO,ES,Federal Contract Tower,0,9,14,32,55,0,6,62,16,84,0,15,76,48,139,82,74,156,295
03/04/2021,TUP,MS,ASO,ES,Federal Contract Tower,0,6,9,24,39,0,6,54,14,74,0,12,63,38,113,66,16,82,195
03/05/2021,TUP,MS,ASO,ES,Federal Contract Tower,0,10,7,22,39,0,1,36,9,46,0,11,43,31,85,16,20,36,121
03/06/2021,TUP,MS,ASO,ES,Federal Contract Tower,2,3,5,0,10,0,0,29,0,29,2,3,34,0,39,40,0,40,79
03/07/2021,TUP,MS,ASO,ES,Federal Contract Tower,0,7,7,0,14,0,4,51,0,55,0,11,58,0,69,92,0,92,161
03/08/2021,TUP,MS,ASO,ES,Federal Contract Tower,0,7,15,46,68,0,6,40,11,57,0,13,55,57,125,62,38,100,225
03/09/2021,TUP,MS,ASO,ES,Federal Contract Tower,0,7,13,18,38,0,6,42,17,65,0,13,55,35,103,66,42,108,211
03/10/2021,TUP,MS,ASO,ES,Federal Contract Tower,0,6,5,23,34,0,4,47,22,73,0,10,52,45,107,52,84,136,243
03/11/2021,TUP,MS,ASO,ES,Federal Contract Tower,0,6,18,43,67,0,3,34,34,71,0,9,52,77,138,48,66,114,252
03/12/2021,TUP,MS,ASO,ES,Federal Contract Tower,0,6,21,22,49,0,3,32,8,43,0,9,53,30,92,30,28,58,150
03/13/2021,TUP,MS,ASO,ES,Federal Contract Tower,0,3,7,0,10,0,4,38,3,45,0,7,45,3,55,22,6,28,83
03/14/2021,TUP,MS,ASO,ES,Federal Contract Tower,0,4,11,0,15,0,1,43,0,44,0,5,54,0,59,26,0,26,85
03/15/2021,TUP,MS,ASO,ES,Federal Contract Tower,0,6,13,2,21,0,0,24,2,26,0,6,37,4,47,38,4,42,89
03/16/2021,TUP,MS,ASO,ES,Federal Contract Tower,0,4,12,0,16,0,8,36,13,57,0,12,48,13,73,54,20,74,147
03/17/2021,TUP,MS,ASO,ES,Federal Contract Tower,0,6,3,0,9,0,0,0,0,0,0,6,3,0,9,0,0,0,9
03/18/2021,TUP,MS,ASO,ES,Federal Contract Tower,0,6,11,0,17,0,7,11,11,29,0,13,22,11,46,4,8,12,58
03/19/2021,TUP,MS,ASO,ES,Federal Contract Tower,0,6,23,12,41,0,2,16,12,30,0,8,39,24,71,30,24,54,125
03/20/2021,TUP,MS,ASO,ES,Federal Contract Tower,0,5,4,2,11,0,2,36,10,48,0,7,40,12,59,42,20,62,121
03/21/2021,TUP,MS,ASO,ES,Federal Contract Tower,0,5,4,4,13,0,1,38,0,39,0,6,42,4,52,64,0,64,116
03/22/2021,TUP,MS,ASO,ES,Federal Contract Tower,0,5,9,17,31,0,1,42,7,50,0,6,51,24,81,50,58,108,189
03/23/2021,TUP,MS,ASO,ES,Federal Contract Tower,0,4,4,0,8,0,5,9,7,21,0,9,13,7,29,10,20,30,59
03/24/2021,TUP,MS,ASO,ES,Federal Contract Tower,2,6,12,0,20,0,5,33,12,50,2,11,45,12,70,42,26,68,138
03/25/2021,TUP,MS,ASO,ES,Federal Contract Tower,0,5,6,0,11,0,0,0,0,0,0,5,6,0,11,0,0,0,11
03/26/2021,TUP,MS,ASO,ES,Federal Contract Tower,0,7,18,0,25,0,4,34,11,49,0,11,52,11,74,46,26,72,146
03/27/2021,TUP,MS,ASO,ES,Federal Contract Tower,0,3,3,0,6,0,0,4,0,4,0,3,7,0,10,0,0,0,10
03/28/2021,TUP,MS,ASO,ES,Federal Contract Tower,0,6,17,2,25,0,3,28,4,35,0,9,45,6,60,46,36,82,142
03/29/2021,TUP,MS,ASO,ES,Federal Contract Tower,0,6,8,26,40,0,11,57,6,74,0,17,65,32,114,62,36,98,212
03/30/2021,TUP,MS,ASO,ES,Federal Contract Tower,0,4,9,38,51,0,6,49,16,71,0,10,58,54,122,48,52,100,222
03/31/2021,TUP,MS,ASO,ES,Federal Contract Tower,0,6,13,22,41,0,2,2,3,7,0,8,15,25,48,4,6,10,58
04/01/2021,TUP,MS,ASO,ES,Federal Contract Tower,0,10,15,45,70,0,1,62,33,96,0,11,77,78,166,66,74,140,306
04/02/2021,TUP,MS,ASO,ES,Federal Contract Tower,0,8,10,0,18,0,2,50,0,52,0,10,60,0,70,66,0,66,136
04/03/2021,TUP,MS,ASO,ES,Federal Contract Tower,0,3,8,2,13,0,6,44,10,60,0,9,52,12,73,36,16,52,125
04/04/2021,TUP,MS,ASO,ES,Federal Contract Tower,0,6,6,2,14,0,3,44,2,49,0,9,50,4,63,60,2,62,125
04/05/2021,TUP,MS,ASO,ES,Federal Contract Tower,0,6,7,45,58,0,2,54,7,63,0,8,61,52,121,86,46,132,253
04/06/2021,TUP,MS,ASO,ES,Federal Contract Tower,0,4,11,54,69,0,6,61,12,79,0,10,72,66,148,52,22,74,222
04/07/2021,TUP,MS,ASO,ES,Federal Contract Tower,0,5,11,44,60,0,3,39,17,59,0,8,50,61,119,60,34,94,213
04/08/2021,TUP,MS,ASO,ES,Federal Contract Tower,0,6,11,36,53,0,5,39,28,72,0,11,50,64,125,62,53,115,240
04/09/2021,TUP,MS,ASO,ES,Federal Contract Tower,1,6,12,56,75,0,5,30,11,46,1,11,42,67,121,34,85,119,240
04/10/2021,TUP,MS,ASO,ES,Federal Contract Tower,0,3,3,2,8,0,0,12,0,12,0,3,15,2,20,0,0,0,20
04/11/2021,TUP,MS,ASO,ES,Federal Contract Tower,0,7,4,6,17,0,0,52,3,55,0,7,56,9,72,70,14,84,156
04/12/2021,TUP,MS,ASO,ES,Federal Contract Tower,0,9,21,36,66,0,7,70,8,85,0,16,91,44,151,64,38,102,253
04/13/2021,TUP,MS,ASO,ES,Federal Contract Tower,0,4,5,42,51,0,7,59,16,82,0,11,64,58,133,66,72,138,271
04/14/2021,TUP,MS,ASO,ES,Federal Contract Tower,0,7,7,30,44,0,4,18,6,28,0,11,25,36,72,14,72,86,158
04/15/2021,TUP,MS,ASO,ES,Federal Contract Tower,2,9,17,58,86,0,8,63,21,92,2,17,80,79,178,80,72,152,330
04/16/2021,TUP,MS,ASO,ES,Federal Contract Tower,0,6,13,38,57,0,5,40,15,60,0,11,53,53,117,46,58,104,221
04/17/2021,TUP,MS,ASO,ES,Federal Contract Tower,2,3,4,0,9,0,4,30,3,37,2,7,34,3,46,32,8,40,86
04/18/2021,TUP,MS,ASO,ES,Federal Contract Tower,3,6,3,0,12,0,5,66,13,84,3,11,69,13,96,78,6,84,180
04/19/2021,TUP,MS,ASO,ES,Federal Contract Tower,0,5,15,48,68,0,6,80,15,101,0,11,95,63,169,44,54,98,267
04/20/2021,TUP,MS,ASO,ES,Federal Contract Tower,0,4,14,36,54,0,11,57,10,78,0,15,71,46,132,70,72,142,274
04/21/2021,TUP,MS,ASO,ES,Federal Contract Tower,0,6,10,40,56,0,7,46,18,71,0,13,56,58,127,68,68,136,263
04/22/2021,TUP,MS,ASO,ES,Federal Contract Tower,0,5,13,43,61,0,6,52,23,81,0,11,65,66,142,70,84,154,296
04/23/2021,TUP,MS,ASO,ES,Federal Contract Tower,0,7,11,26,44,0,4,37,15,56,0,11,48,41,100,38,64,102,202
04/24/2021,TUP,MS,ASO,ES,Federal Contract Tower,0,4,2,2,8,0,1,16,5,22,0,5,18,7,30,4,0,4,34
04/25/2021,TUP,MS,ASO,ES,Federal Contract Tower,0,6,14,0,20,0,7,67,3,77,0,13,81,3,97,90,2,92,189
04/26/2021,TUP,MS,ASO,ES,Federal Contract Tower,0,6,12,36,54,0,3,57,39,99,0,9,69,75,153,60,48,108,261
04/27/2021,TUP,MS,ASO,ES,Federal Contract Tower,0,4,4,52,60,0,6,45,30,81,0,10,49,82,141,42,50,92,233
04/28/2021,TUP,MS,ASO,ES,Federal Contract Tower,0,6,22,42,70,0,2,28,15,45,0,8,50,57,115,20,62,82,197
04/29/2021,TUP,MS,ASO,ES,Federal Contract Tower,0,7,14,36,57,0,3,19,17,39,0,10,33,53,96,28,70,98,194
04/30/2021,TUP,MS,ASO,ES,Federal Contract Tower,0,10,11,22,43,0,4,45,16,65,0,14,56,38,108,50,28,78,186
05/01/2021,TUP,MS,ASO,ES,Federal Contract Tower,0,3,8,2,13,0,2,35,4,41,0,5,43,6,54,32,18,50,104
05/02/2021,TUP,MS,ASO,ES,Federal Contract Tower,0,5,6,14,25,0,1,6,3,10,0,6,12,17,35,6,16,22,57
05/03/2021,TUP,MS,ASO,ES,Federal Contract Tower,0,8,11,10,29,0,10,53,3,66,0,18,64,13,95,62,22,84,179
05/04/2021,TUP,MS,ASO,ES,Federal Contract Tower,0,4,8,0,12,0,0,1,0,1,0,4,9,0,13,0,0,0,13
05/05/2021,TUP,MS,ASO,ES,Federal Contract Tower,0,6,22,52,80,0,4,28,19,51,0,10,50,71,131,12,146,158,289
05/06/2021,TUP,MS,ASO,ES,Federal Contract Tower,0,8,12,50,70,0,8,52,34,94,0,16,64,84,164,60,132,192,356
05/07/2021,TUP,MS,ASO,ES,Federal Contract Tower,0,8,24,54,86,0,4,44,15,63,0,12,68,69,149,60,40,100,249
05/08/2021,TUP,MS,ASO,ES,Federal Contract Tower,0,3,4,0,7,0,7,39,10,56,0,10,43,10,63,48,32,80,143
05/09/2021,TUP,MS,ASO,ES,Federal Contract Tower,0,5,6,0,11,0,1,19,1,21,0,6,25,1,32,16,4,20,52
05/10/2021,TUP,MS,ASO,ES,Federal Contract Tower,0,8,18,18,44,0,3,13,0,16,0,11,31,18,60,0,0,0,60
05/11/2021,TUP,MS,ASO,ES,Federal Contract Tower,2,4,19,90,115,0,9,38,32,79,2,13,57,122,194,42,190,232,426
05/12/2021,TUP,MS,ASO,ES,Federal Contract Tower,0,6,5,75,86,0,8,59,41,108,0,14,64,116,194,80,142,222,416
05/13/2021,TUP,MS,ASO,ES,Federal Contract Tower,0,7,5,23,35,0,5,49,32,86,0,12,54,55,121,64,106,170,291
05/14/2021,TUP,MS,ASO,ES,Federal Contract Tower,0,8,12,49,69,0,6,52,15,73,0,14,64,64,142,74,54,128,270
05/15/2021,TUP,MS,ASO,ES,Federal Contract Tower,0,3,5,2,10,0,3,46,14,63,0,6,51,16,73,86,20,106,179
05/16/2021,TUP,MS,ASO,ES,Federal Contract Tower,0,5,8,6,19,0,8,48,6,62,0,13,56,12,81,64,10,74,155
05/17/2021,TUP,MS,ASO,ES,Federal Contract Tower,0,6,9,37,52,0,4,35,3,42,0,10,44,40,94,34,20,54,148
05/18/2021,TUP,MS,ASO,ES,Federal Contract Tower,0,4,9,39,52,0,2,31,21,54,0,6,40,60,106,22,86,108,214
05/19/2021,TUP,MS,ASO,ES,Federal Contract Tower,0,6,18,24,48,0,2,43,26,71,0,8,61,50,119,48,70,118,237
05/20/2021,TUP,MS,ASO,ES,Federal Contract Tower,0,8,4,23,35,0,4,49,30,83,0,12,53,53,118,76,42,118,236
05/21/2021,TUP,MS,ASO,ES,Federal Contract Tower,0,8,9,15,32,0,4,44,29,77,0,12,53,44,109,58,36,94,203
05/22/2021,TUP,MS,ASO,ES,Federal Contract Tower,0,3,8,2,13,0,4,38,19,61,0,7,46,21,74,46,24,70,144
05/23/2021,TUP,MS,ASO,ES,Federal Contract Tower,0,7,3,0,10,0,7,62,2,71,0,14,65,2,81,72,6,78,159
05/24/2021,TUP,MS,ASO,ES,Federal Contract Tower,2,6,6,32,46,0,7,56,10,73,2,13,62,42,119,50,52,102,221
05/25/2021,TUP,MS,ASO,ES,Federal Contract Tower,0,5,14,28,47,0,8,43,11,62,0,13,57,39,109,70,36,106,215
05/26/2021,TUP,MS,ASO,ES,Federal Contract Tower,0,8,17,26,51,0,3,29,15,47,0,11,46,41,98,52,36,88,186
05/27/2021,TUP,MS,ASO,ES,Federal Contract Tower,0,6,17,29,52,0,7,43,19,69,0,13,60,48,121,54,64,118,239
05/28/2021,TUP,MS,ASO,ES,Federal Contract Tower,0,5,12,0,17,0,6,37,13,56,0,11,49,13,73,48,20,68,141
05/29/2021,TUP,MS,ASO,ES,Federal Contract Tower,0,3,4,2,9,0,2,33,3,38,0,5,37,5,47,34,6,40,87
05/30/2021,TUP,MS,ASO,ES,Federal Contract Tower,0,5,1,0,6,0,4,42,0,46,0,9,43,0,52,50,0,50,102
05/31/2021,TUP,MS,ASO,ES,Federal Contract Tower,0,4,6,0,10,0,2,58,1,61,0,6,64,1,71,67,10,77,148
06/01/2021,TUP,MS,ASO,ES,Federal Contract Tower,0,6,19,28,53,0,5,47,11,63,0,11,66,39,116,78,58,136,252
06/02/2021,TUP,MS,ASO,ES,Federal Contract Tower,2,8,8,0,18,0,2,17,1,20,2,10,25,1,38,48,2,50,88
06/03/2021,TUP,MS,ASO,ES,Federal Contract Tower,0,7,11,52,70,0,3,53,20,76,0,10,64,72,146,76,88,164,310
06/04/2021,TUP,MS,ASO,ES,Federal Contract Tower,0,7,6,40,53,0,6,50,15,71,0,13,56,55,124,62,64,126,250
06/05/2021,TUP,MS,ASO,ES,Federal Contract Tower,0,3,7,0,10,0,4,30,3,37,0,7,37,3,47,48,6,54,101
06/06/2021,TUP,MS,ASO,ES,Federal Contract Tower,0,5,8,0,13,0,0,0,0,0,0,5,8,0,13,0,0,0,13
06/07/2021,TUP,MS,ASO,ES,Federal Contract Tower,2,6,13,3,24,0,0,5,0,5,2,6,18,3,29,0,0,0,29
06/08/2021,TUP,MS,ASO,ES,Federal Contract Tower,0,4,12,0,16,0,0,1,0,1,0,4,13,0,17,0,0,0,17
06/09/2021,TUP,MS,ASO,ES,Federal Contract Tower,2,6,7,2,17,0,0,5,0,5,2,6,12,2,22,0,0,0,22
06/10/2021,TUP,MS,ASO,ES,Federal Contract Tower,0,6,9,38,53,0,3,23,14,40,0,9,32,52,93,44,44,88,181
06/11/2021,TUP,MS,ASO,ES,Federal Contract Tower,0,6,11,0,17,0,5,16,7,28,0,11,27,7,45,30,14,44,89
06/12/2021,TUP,MS,ASO,ES,Federal Contract Tower,0,5,4,1,10,0,4,37,4,45,0,9,41,5,55,44,20,64,119
06/13/2021,TUP,MS,ASO,ES,Federal Contract Tower,0,5,13,0,18,0,3,41,1,45,0,8,54,1,63,44,2,46,109
06/14/2021,TUP,MS,ASO,ES,Federal Contract Tower,2,7,16,45,70,0,1,57,9,67,2,8,73,54,137,78,32,110,247
06/15/2021,TUP,MS,ASO,ES,Federal Contract Tower,0,4,15,45,64,0,2,42,10,54,0,6,57,55,118,36,50,86,204
06/16/2021,TUP,MS,ASO,ES,Federal Contract Tower,0,11,16,32,59,0,7,56,10,73,0,18,72,42,132,100,48,148,280
06/17/2021,TUP,MS,ASO,ES,Federal Contract Tower,0,8,19,35,62,0,3,47,10,60,0,11,66,45,122,54,52,106,228
06/18/2021,TUP,MS,ASO,ES,Federal Contract Tower,0,6,12,0,18,0,5,55,8,68,0,11,67,8,86,88,10,98,184
06/19/2021,TUP,MS,ASO,ES,Federal Contract Tower,0,3,15,0,18,0,0,15,1,16,0,3,30,1,34,2,0,2,36
06/20/2021,TUP,MS,ASO,ES,Federal Contract Tower,0,5,7,0,12,0,6,53,6,65,0,11,60,6,77,64,0,64,141
06/21/2021,TUP,MS,ASO,ES,Federal Contract Tower,0,6,9,8,23,0,0,19,1,20,0,6,28,9,43,10,6,16,59
06/22/2021,TUP,MS,ASO,ES,Federal Contract Tower,0,4,13,48,65,0,4,53,10,67,0,8,66,58,132,56,48,104,236
06/23/2021,TUP,MS,ASO,ES,Federal Contract Tower,0,6,23,32,61,0,3,96,8,107,0,9,119,40,168,96,18,114,282
06/24/2021,TUP,MS,ASO,ES,Federal Contract Tower,0,6,15,24,45,0,3,52,44,99,0,9,67,68,144,28,20,48,192
06/25/2021,TUP,MS,ASO,ES,Federal Contract Tower,0,7,10,44,61,0,1,34,22,57,0,8,44,66,118,38,64,102,220
06/26/2021,TUP,MS,ASO,ES,Federal Contract Tower,0,3,6,4,13,0,3,41,9,53,0,6,47,13,66,48,16,64,130
06/27/2021,TUP,MS,ASO,ES,Federal Contract Tower,0,5,6,0,11,0,2,30,0,32,0,7,36,0,43,62,0,62,105
06/28/2021,TUP,MS,ASO,ES,Federal Contract Tower,0,8,18,22,48,0,9,54,2,65,0,17,72,24,113,54,26,80,193
06/29/2021,TUP,MS,ASO,ES,Federal Contract Tower,0,5,12,19,36,0,5,38,9,52,0,10,50,28,88,24,34,58,146
06/30/2021,TUP,MS,ASO,ES,Federal Contract Tower,0,8,25,25,58,0,5,47,9,61,0,13,72,34,119,64,42,106,225
07/01/2021,TUP,MS,ASO,ES,Federal Contract Tower,0,7,26,14,47,0,0,28,1,29,0,7,54,15,76,12,12,24,100
07/02/2021,TUP,MS,ASO,ES,Federal Contract Tower,0,11,13,0,24,0,0,23,0,23,0,11,36,0,47,20,0,20,67
07/03/2021,TUP,MS,ASO,ES,Federal Contract Tower,0,3,3,0,6,0,7,42,0,49,0,10,45,0,55,62,0,62,117
07/04/2021,TUP,MS,ASO,ES,Federal Contract Tower,0,5,6,0,11,0,4,30,0,34,0,9,36,0,45,8,0,8,53
07/05/2021,TUP,MS,ASO,ES,Federal Contract Tower,0,6,3,0,9,0,9,27,1,37,0,15,30,1,46,34,2,36,82
07/06/2021,TUP,MS,ASO,ES,Federal Contract Tower,0,6,12,48,66,0,2,36,22,60,0,8,48,70,126,42,132,174,300
07/07/2021,TUP,MS,ASO,ES,Federal Contract Tower,0,5,2,22,29,0,3,19,6,28,0,8,21,28,57,28,36,64,121
07/08/2021,TUP,MS,ASO,ES,Federal Contract Tower,0,7,16,15,38,0,2,16,18,36,0,9,32,33,74,22,8,30,104
07/09/2021,TUP,MS,ASO,ES,Federal Contract Tower,0,10,6,14,30,0,2,40,14,56,0,12,46,28,86,58,34,92,178
07/10/2021,TUP,MS,ASO,ES,Federal Contract Tower,0,3,14,26,43,0,0,14,8,22,0,3,28,34,65,6,56,62,127
07/11/2021,TUP,MS,ASO,ES,Federal Contract Tower,0,5,9,4,18,0,0,3,0,3,0,5,12,4,21,0,0,0,21
07/12/2021,TUP,MS,ASO,ES,Federal Contract Tower,0,10,11,16,37,0,2,11,1,14,0,12,22,17,51,16,14,30,81
07/13/2021,TUP,MS,ASO,ES,Federal Contract Tower,0,10,12,23,45,0,5,41,18,64,0,15,53,41,109,52,14,66,175
07/14/2021,TUP,MS,ASO,ES,Federal Contract Tower,0,6,12,39,57,0,3,45,12,60,0,9,57,51,117,80,22,102,219
07/15/2021,TUP,MS,ASO,ES,Federal Contract Tower,0,6,9,34,49,0,7,48,18,73,0,13,57,52,122,66,36,102,224
07/16/2021,TUP,MS,ASO,ES,Federal Contract Tower,0,8,18,6,32,0,3,30,10,43,0,11,48,16,75,24,32,56,131
07/17/2021,TUP,MS,ASO,ES,Federal Contract Tower,0,3,7,22,32,0,3,10,6,19,0,6,17,28,51,18,36,54,105
07/18/2021,TUP,MS,ASO,ES,Federal Contract Tower,0,6,5,9,20,0,0,0,1,1,0,6,5,10,21,0,0,0,21
07/19/2021,TUP,MS,ASO,ES,Federal Contract Tower,0,11,11,4,26,0,2,1,0,3,0,13,12,4,29,0,0,0,29
07/20/2021,TUP,MS,ASO,ES,Federal Contract Tower,0,12,12,6,30,0,2,5,3,10,0,14,17,9,40,12,12,24,64
07/21/2021,TUP,MS,ASO,ES,Federal Contract Tower,0,8,9,43,60,0,6,29,16,51,0,14,38,59,111,52,40,92,203
07/22/2021,TUP,MS,ASO,ES,Federal Contract Tower,0,12,5,33,50,0,4,38,13,55,0,16,43,46,105,50,32,82,187
07/23/2021,TUP,MS,ASO,ES,Federal Contract Tower,0,10,9,23,42,0,2,13,5,20,0,12,22,28,62,18,16,34,96
07/24/2021,TUP,MS,ASO,ES,Federal Contract Tower,0,9,6,7,22,0,2,33,2,37,0,11,39,9,59,40,14,54,113
07/25/2021,TUP,MS,ASO,ES,Federal Contract Tower,0,6,12,5,23,0,1,35,2,38,0,7,47,7,61,58,4,62,123
07/26/2021,TUP,MS,ASO,ES,Federal Contract Tower,0,9,7,16,32,0,1,35,1,37,0,10,42,17,69,50,6,56,125
07/27/2021,TUP,MS,ASO,ES,Federal Contract Tower,0,11,8,26,45,0,5,60,18,83,0,16,68,44,128,62,80,142,270
07/28/2021,TUP,MS,ASO,ES,Federal Contract Tower,0,11,15,51,77,0,5,56,11,72,0,16,71,62,149,68,58,126,275
07/29/2021,TUP,MS,ASO,ES,Federal Contract Tower,0,9,14,31,54,0,5,58,28,91,0,14,72,59,145,90,44,134,279
07/30/2021,TUP,MS,ASO,ES,Federal Contract Tower,0,12,13,18,43,0,5,37,11,53,0,17,50,29,96,58,26,84,180
07/31/2021,TUP,MS,ASO,ES,Federal Contract Tower,0,5,13,1,19,0,3,44,11,58,0,8,57,12,77,45,22,67,144
08/01/2021,TUP,MS,ASO,ES,Federal Contract Tower,0,6,13,1,20,0,10,48,2,60,0,16,61,3,80,80,2,82,162
08/02/2021,TUP,MS,ASO,ES,Federal Contract Tower,0,11,4,34,49,0,3,39,19,61,0,14,43,53,110,28,56,84,194
08/03/2021,TUP,MS,ASO,ES,Federal Contract Tower,0,9,12,32,53,0,4,71,14,89,0,13,83,46,142,100,74,174,316
08/04/2021,TUP,MS,ASO,ES,Federal Contract Tower,0,9,8,18,35,0,8,71,18,97,0,17,79,36,132,78,64,142,274
08/05/2021,TUP,MS,ASO,ES,Federal Contract Tower,0,9,18,26,53,0,4,62,16,82,0,13,80,42,135,108,34,142,277
08/06/2021,TUP,MS,ASO,ES,Federal Contract Tower,0,9,15,15,39,0,3,42,11,56,0,12,57,26,95,42,46,88,183
08/07/2021,TUP,MS,ASO,ES,Federal Contract Tower,0,6,6,4,16,0,4,54,5,63,0,10,60,9,79,80,8,88,167
08/08/2021,TUP,MS,ASO,ES,Federal Contract Tower,0,6,11,1,18,0,3,52,5,60,0,9,63,6,78,78,6,84,162
08/09/2021,TUP,MS,ASO,ES,Federal Contract Tower,0,11,5,25,41,0,6,53,8,67,0,17,58,33,108,50,20,70,178
08/10/2021,TUP,MS,ASO,ES,Federal Contract Tower,0,7,18,26,51,0,0,48,33,81,0,7,66,59,132,100,14,114,246
08/11/2021,TUP,MS,ASO,ES,Federal Contract Tower,0,13,12,24,49,0,1,60,16,77,0,14,72,40,126,88,40,128,254
08/12/2021,TUP,MS,ASO,ES,Federal Contract Tower,0,11,13,25,49,0,8,48,26,82,0,19,61,51,131,58,36,94,225
08/13/2021,TUP,MS,ASO,ES,Federal Contract Tower,0,14,10,13,37,0,3,32,12,47,0,17,42,25,84,20,56,76,160
08/14/2021,TUP,MS,ASO,ES,Federal Contract Tower,0,4,7,0,11,0,1,34,8,43,0,5,41,8,54,44,10,54,108
08/15/2021,TUP,MS,ASO,ES,Federal Contract Tower,0,10,10,4,24,0,1,3,0,4,0,11,13,4,28,16,0,16,44
08/16/2021,TUP,MS,ASO,ES,Federal Contract Tower,0,11,12,42,65,0,6,36,9,51,0,17,48,51,116,26,90,116,232
08/17/2021,TUP,MS,ASO,ES,Federal Contract Tower,0,9,12,22,43,0,8,58,16,82,0,17,70,38,125,100,72,172,297
08/18/2021,TUP,MS,ASO,ES,Federal Contract Tower,0,8,11,8,27,0,7,32,5,44,0,15,43,13,71,50,26,76,147
08/19/2021,TUP,MS,ASO,ES,Federal Contract Tower,0,6,15,6,27,0,0,4,0,4,0,6,19,6,31,0,0,0,31
08/20/2021,TUP,MS,ASO,ES,Federal Contract Tower,0,8,9,11,28,0,0,29,9,38,0,8,38,20,66,28,56,84,150
08/21/2021,TUP,MS,ASO,ES,Federal Contract Tower,0,3,8,5,16,0,2,30,14,46,0,5,38,19,62,50,32,82,144
08/22/2021,TUP,MS,ASO,ES,Federal Contract Tower,0,5,6,0,11,0,6,58,6,70,0,11,64,6,81,110,8,118,199
08/23/2021,TUP,MS,ASO,ES,Federal Contract Tower,0,10,6,36,52,0,7,62,9,78,0,17,68,45,130,94,88,182,312
08/24/2021,TUP,MS,ASO,ES,Federal Contract Tower,0,6,6,26,38,0,7,68,15,90,0,13,74,41,128,78,46,124,252
08/25/2021,TUP,MS,ASO,ES,Federal Contract Tower,0,8,10,22,40,0,8,66,25,99,0,16,76,47,139,70,64,134,273
08/26/2021,TUP,MS,ASO,ES,Federal Contract Tower,0,7,12,30,49,0,3,62,28,93,0,10,74,58,142,72,78,150,292
08/27/2021,TUP,MS,ASO,ES,Federal Contract Tower,0,8,15,30,53,0,5,50,12,67,0,13,65,42,120,64,34,98,218
08/28/2021,TUP,MS,ASO,ES,Federal Contract Tower,0,3,7,7,17,0,7,39,6,52,0,10,46,13,69,51,24,75,144
08/29/2021,TUP,MS,ASO,ES,Federal Contract Tower,0,5,5,1,11,0,4,27,6,37,0,9,32,7,48,32,6,38,86
08/30/2021,TUP,MS,ASO,ES,Federal Contract Tower,0,5,0,0,5,0,0,0,0,0,0,5,0,0,5,0,0,0,5
08/31/2021,TUP,MS,ASO,ES,Federal Contract Tower,0,7,2,0,9,0,4,13,7,24,0,11,15,7,33,26,20,46,79
09/01/2021,TUP,MS,ASO,ES,Federal Contract Tower,0,8,8,31,47,0,5,33,12,50,0,13,41,43,97,76,14,90,187
09/02/2021,TUP,MS,ASO,ES,Federal Contract Tower,0,6,9,24,39,0,6,56,8,70,0,12,65,32,109,78,32,110,219
09/03/2021,TUP,MS,ASO,ES,Federal Contract Tower,0,8,6,0,14,0,4,43,5,52,0,12,49,5,66,80,18,98,164
09/04/2021,TUP,MS,ASO,ES,Federal Contract Tower,0,3,7,0,10,0,3,49,8,60,0,6,56,8,70,60,6,66,136
09/05/2021,TUP,MS,ASO,ES,Federal Contract Tower,1,7,1,0,9,0,6,31,2,39,1,13,32,2,48,36,4,40,88
09/06/2021,TUP,MS,ASO,ES,Federal Contract Tower,0,5,11,2,18,0,8,38,0,46,0,13,49,2,64,54,0,54,118
09/07/2021,TUP,MS,ASO,ES,Federal Contract Tower,0,4,8,31,43,0,10,59,14,83,0,14,67,45,126,92,42,134,260
09/08/2021,TUP,MS,ASO,ES,Federal Contract Tower,0,8,7,21,36,0,8,51,23,82,0,16,58,44,118,56,34,90,208
09/09/2021,TUP,MS,ASO,ES,Federal Contract Tower,0,8,8,36,52,0,11,56,34,101,0,19,64,70,153,52,84,136,289
09/10/2021,TUP,MS,ASO,ES,Federal Contract Tower,0,8,11,44,63,0,6,49,10,65,0,14,60,54,128,80,38,118,246
09/11/2021,TUP,MS,ASO,ES,Federal Contract Tower,0,3,6,0,9,0,2,39,7,48,0,5,45,7,57,36,32,68,125
09/12/2021,TUP,MS,ASO,ES,Federal Contract Tower,0,5,8,4,17,0,4,42,2,48,0,9,50,6,65,66,2,68,133
09/13/2021,TUP,MS,ASO,ES,Federal Contract Tower,0,6,12,47,65,0,15,59,8,82,0,21,71,55,147,72,36,108,255
09/14/2021,TUP,MS,ASO,ES,Federal Contract Tower,0,7,6,37,50,0,3,32,9,44,0,10,38,46,94,48,54,102,196
09/15/2021,TUP,MS,ASO,ES,Federal Contract Tower,0,9,12,57,78,0,4,36,18,58,0,13,48,75,136,34,110,144,280
09/16/2021,TUP,MS,ASO,ES,Federal Contract Tower,0,7,14,54,75,0,2,35,23,60,0,9,49,77,135,74,188,262,397
09/17/2021,TUP,MS,ASO,ES,Federal Contract Tower,0,11,7,16,34,0,0,5,0,5,0,11,12,16,39,0,0,0,39
09/18/2021,TUP,MS,ASO,ES,Federal Contract Tower,0,4,4,9,17,0,0,8,20,28,0,4,12,29,45,22,36,58,103
09/19/2021,TUP,MS,ASO,ES,Federal Contract Tower,0,7,4,0,11,0,0,14,0,14,0,7,18,0,25,20,0,20,45
09/20/2021,TUP,MS,ASO,ES,Federal Contract Tower,0,9,14,10,33,0,0,11,4,15,0,9,25,14,48,6,0,6,54
09/21/2021,TUP,MS,ASO,ES,Federal Contract Tower,0,9,12,12,33,0,2,39,12,53,0,11,51,24,86,48,40,88,174
09/22/2021,TUP,MS,ASO,ES,Federal Contract Tower,0,10,10,38,58,0,7,31,18,56,0,17,41,56,114,44,136,180,294
09/23/2021,TUP,MS,ASO,ES,Federal Contract Tower,0,7,14,22,43,0,7,56,30,93,0,14,70,52,136,74,106,180,316
09/24/2021,TUP,MS,ASO,ES,Federal Contract Tower,2,11,9,23,45,0,4,77,12,93,2,15,86,35,138,76,44,120,258
09/25/2021,TUP,MS,ASO,ES,Federal Contract Tower,0,5,6,9,20,0,3,61,9,73,0,8,67,18,93,74,32,106,199
09/26/2021,TUP,MS,ASO,ES,Federal Contract Tower,0,14,4,2,20,0,2,82,0,84,0,16,86,2,104,128,0,128,232
09/27/2021,TUP,MS,ASO,ES,Federal Contract Tower,0,8,6,26,40,0,3,73,3,79,0,11,79,29,119,80,30,110,229
09/28/2021,TUP,MS,ASO,ES,Federal Contract Tower,0,6,6,34,46,0,8,67,23,98,0,14,73,57,144,98,96,194,338
09/29/2021,TUP,MS,ASO,ES,Federal Contract Tower,0,9,12,31,52,0,4,18,7,29,0,13,30,38,81,48,22,70,151
09/30/2021,TUP,MS,ASO,ES,Federal Contract Tower,0,12,9,20,41,0,1,0,0,1,0,13,9,20,42,0,0,0,42
10/01/2021,TUP,MS,ASO,ES,Federal Contract Tower,0,11,5,6,22,0,2,37,8,47,0,13,42,14,69,38,34,72,141
10/02/2021,TUP,MS,ASO,ES,Federal Contract Tower,0,3,11,0,14,0,1,28,0,29,0,4,39,0,43,8,0,8,51
10/03/2021,TUP,MS,ASO,ES,Federal Contract Tower,0,6,6,4,16,0,0,7,0,7,0,6,13,4,23,0,0,0,23
10/04/2021,TUP,MS,ASO,ES,Federal Contract Tower,0,7,16,44,67,0,5,45,23,73,0,12,61,67,140,54,146,200,340
10/05/2021,TUP,MS,ASO,ES,Federal Contract Tower,0,8,4,38,50,0,7,32,19,58,0,15,36,57,108,24,52,76,184
10/06/2021,TUP,MS,ASO,ES,Federal Contract Tower,0,12,9,28,49,0,3,31,18,52,0,15,40,46,101,36,90,126,227
10/07/2021,TUP,MS,ASO,ES,Federal Contract Tower,0,10,15,25,50,0,3,59,24,86,0,13,74,49,136,98,68,166,302
10/08/2021,TUP,MS,ASO,ES,Federal Contract Tower,2,10,6,21,39,0,0,65,14,79,2,10,71,35,118,52,44,96,214
10/09/2021,TUP,MS,ASO,ES,Federal Contract Tower,2,4,6,1,13,0,4,52,5,61,2,8,58,6,74,90,22,112,186
10/10/2021,TUP,MS,ASO,ES,Federal Contract Tower,0,10,12,0,22,0,5,54,1,60,0,15,66,1,82,90,4,94,176
10/11/2021,TUP,MS,ASO,ES,Federal Contract Tower,0,7,15,0,22,0,14,55,0,69,0,21,70,0,91,74,0,74,165
10/12/2021,TUP,MS,ASO,ES,Federal Contract Tower,0,11,13,34,58,0,4,48,23,75,0,15,61,57,133,80,32,112,245
10/13/2021,TUP,MS,ASO,ES,Federal Contract Tower,0,6,17,38,61,0,4,69,18,91,0,10,86,56,152,90,30,120,272
10/14/2021,TUP,MS,ASO,ES,Federal Contract Tower,0,10,10,25,45,0,6,58,17,81,0,16,68,42,126,82,46,128,254
10/15/2021,TUP,MS,ASO,ES,Federal Contract Tower,1,9,13,15,38,0,3,32,20,55,1,12,45,35,93,52,22,74,167
10/16/2021,TUP,MS,ASO,ES,Federal Contract Tower,0,3,8,0,11,0,6,50,6,62,0,9,58,6,73,80,12,92,165
10/17/2021,TUP,MS,ASO,ES,Federal Contract Tower,0,5,12,0,17,0,5,67,1,73,0,10,79,1,90,84,2,86,176
10/18/2021,TUP,MS,ASO,ES,Federal Contract Tower,0,6,10,32,48,0,3,63,5,71,0,9,73,37,119,72,36,108,227
10/19/2021,TUP,MS,ASO,ES,Federal Contract Tower,0,4,6,26,36,0,13,53,10,76,0,17,59,36,112,74,24,98,210
10/20/2021,TUP,MS,ASO,ES,Federal Contract Tower,0,11,11,32,54,0,3,33,11,47,0,14,44,43,101,32,40,72,173
10/21/2021,TUP,MS,ASO,ES,Federal Contract Tower,0,8,3,11,22,0,7,26,12,45,0,15,29,23,67,46,34,80,147
10/22/2021,TUP,MS,ASO,ES,Federal Contract Tower,1,11,12,0,24,0,5,54,20,79,1,16,66,20,103,88,42,130,233
10/23/2021,TUP,MS,ASO,ES,Federal Contract Tower,1,8,13,0,22,0,5,54,9,68,1,13,67,9,90,84,10,94,184
10/24/2021,TUP,MS,ASO,ES,Federal Contract Tower,0,9,13,2,24,0,4,50,5,59,0,13,63,7,83,68,8,76,159
10/25/2021,TUP,MS,ASO,ES,Federal Contract Tower,0,9,11,0,20,0,4,31,7,42,0,13,42,7,62,36,10,46,108
10/26/2021,TUP,MS,ASO,ES,Federal Contract Tower,0,10,10,4,24,0,11,68,18,97,0,21,78,22,121,66,40,106,227
10/27/2021,TUP,MS,ASO,ES,Federal Contract Tower,0,7,11,14,32,0,6,60,14,80,0,13,71,28,112,76,20,96,208
10/28/2021,TUP,MS,ASO,ES,Federal Contract Tower,0,11,22,2,35,0,3,6,2,11,0,14,28,4,46,6,2,8,54
10/29/2021,TUP,MS,ASO,ES,Federal Contract Tower,2,11,7,3,23,0,0,0,0,0,2,11,7,3,23,0,0,0,23
10/30/2021,TUP,MS,ASO,ES,Federal Contract Tower,0,3,13,0,16,0,0,3,0,3,0,3,16,0,19,0,0,0,19
10/31/2021,TUP,MS,ASO,ES,Federal Contract Tower,0,7,9,0,16,0,8,60,1,69,0,15,69,1,85,100,0,100,185
11/01/2021,TUP,MS,ASO,ES,Federal Contract Tower,0,8,13,12,33,0,8,78,5,91,0,16,91,17,124,108,24,132,256
11/02/2021,TUP,MS,ASO,ES,Federal Contract Tower,0,4,10,24,38,0,5,53,18,76,0,9,63,42,114,76,48,124,238
11/03/2021,TUP,MS,ASO,ES,Federal Contract Tower,0,10,6,18,34,0,2,40,11,53,0,12,46,29,87,70,16,86,173
11/04/2021,TUP,MS,ASO,ES,Federal Contract Tower,0,3,13,28,44,0,3,55,24,82,0,6,68,52,126,26,78,104,230
11/05/2021,TUP,MS,ASO,ES,Federal Contract Tower,1,11,18,24,54,0,2,47,10,59,1,13,65,34,113,38,32,70,183
11/06/2021,TUP,MS,ASO,ES,Federal Contract Tower,1,3,10,0,14,0,4,59,6,69,1,7,69,6,83,46,12,58,141
11/07/2021,TUP,MS,ASO,ES,Federal Contract Tower,0,8,13,0,21,0,3,64,10,77,0,11,77,10,98,84,38,122,220
11/08/2021,TUP,MS,ASO,ES,Federal Contract Tower,0,7,10,28,45,0,4,63,12,79,0,11,73,40,124,66,48,114,238
11/09/2021,TUP,MS,ASO,ES,Federal Contract Tower,0,9,14,26,49,0,4,39,18,61,0,13,53,44,110,62,28,90,200
11/10/2021,TUP,MS,ASO,ES,Federal Contract Tower,0,8,15,24,47,0,5,54,11,70,0,13,69,35,117,84,32,116,233
11/11/2021,TUP,MS,ASO,ES,Federal Contract Tower,1,12,14,0,27,0,1,13,3,17,1,13,27,3,44,30,2,32,76
11/12/2021,TUP,MS,ASO,ES,Federal Contract Tower,0,11,8,18,37,0,2,50,13,65,0,13,58,31,102,66,48,114,216
11/13/2021,TUP,MS,ASO,ES,Federal Contract Tower,2,7,8,0,17,0,4,45,5,54,2,11,53,5,71,62,4,66,137
11/14/2021,TUP,MS,ASO,ES,Federal Contract Tower,0,13,18,2,33,0,7,61,2,70,0,20,79,4,103,82,4,86,189
11/15/2021,TUP,MS,ASO,ES,Federal Contract Tower,0,5,7,26,38,0,6,42,8,56,0,11,49,34,94,54,28,82,176
11/16/2021,TUP,MS,ASO,ES,Federal Contract Tower,0,9,14,14,37,0,5,55,12,72,0,14,69,26,109,76,30,106,215
11/17/2021,TUP,MS,ASO,ES,Federal Contract Tower,0,8,6,19,33,0,3,37,14,54,0,11,43,33,87,48,44,92,179
11/18/2021,TUP,MS,ASO,ES,Federal Contract Tower,0,9,13,14,36,0,3,22,18,43,0,12,35,32,79,42,44,86,165
11/19/2021,TUP,MS,ASO,ES,Federal Contract Tower,0,6,8,16,30,0,2,35,18,55,0,8,43,34,85,78,68,146,231
11/20/2021,TUP,MS,ASO,ES,Federal Contract Tower,1,6,6,0,13,0,3,47,4,54,1,9,53,4,67,114,2,116,183
11/21/2021,TUP,MS,ASO,ES,Federal Contract Tower,0,9,14,0,23,0,1,32,0,33,0,10,46,0,56,38,0,38,94
11/22/2021,TUP,MS,ASO,ES,Federal Contract Tower,0,7,8,18,33,0,6,65,7,78,0,13,73,25,111,88,52,140,251
11/23/2021,TUP,MS,ASO,ES,Federal Contract Tower,0,7,4,21,32,0,4,69,18,91,0,11,73,39,123,106,62,168,291
11/24/2021,TUP,MS,ASO,ES,Federal Contract Tower,1,9,9,16,35,0,6,32,5,43,1,15,41,21,78,52,22,74,152
11/25/2021,TUP,MS,ASO,ES,Federal Contract Tower,0,1,4,0,5,0,0,0,0,0,0,1,4,0,5,0,0,0,5
11/26/2021,TUP,MS,ASO,ES,Federal Contract Tower,0,6,12,0,18,0,2,36,0,38,0,8,48,0,56,52,0,52,108
11/27/2021,TUP,MS,ASO,ES,Federal Contract Tower,0,6,8,0,14,0,1,40,0,41,0,7,48,0,55,54,0,54,109
11/28/2021,TUP,MS,ASO,ES,Federal Contract Tower,0,5,10,0,15,0,8,46,0,54,0,13,56,0,69,90,0,90,159
11/29/2021,TUP,MS,ASO,ES,Federal Contract Tower,1,9,7,16,33,0,6,66,10,82,1,15,73,26,115,84,52,136,251
11/30/2021,TUP,MS,ASO,ES,Federal Contract Tower,0,9,7,16,32,0,6,61,14,81,0,15,68,30,113,102,16,118,231
12/01/2021,TUP,MS,ASO,ES,Federal Contract Tower,0,7,14,25,46,0,5,28,10,43,0,12,42,35,89,52,26,78,167
12/02/2021,TUP,MS,ASO,ES,Federal Contract Tower,0,6,17,33,56,0,5,52,20,77,0,11,69,53,133,66,62,128,261
12/03/2021,TUP,MS,ASO,ES,Federal Contract Tower,0,6,11,21,38,0,5,45,14,64,0,11,56,35,102,62,40,102,204
12/04/2021,TUP,MS,ASO,ES,Federal Contract Tower,2,4,8,6,20,0,0,0,0,0,2,4,8,6,20,0,0,0,20
12/05/2021,TUP,MS,ASO,ES,Federal Contract Tower,0,5,14,0,19,0,0,9,0,9,0,5,23,0,28,14,0,14,42
12/06/2021,TUP,MS,ASO,ES,Federal Contract Tower,1,7,8,26,42,0,5,21,6,32,1,12,29,32,74,26,58,84,158
12/07/2021,TUP,MS,ASO,ES,Federal Contract Tower,0,8,17,38,63,0,2,52,26,80,0,10,69,64,143,90,72,162,305
12/08/2021,TUP,MS,ASO,ES,Federal Contract Tower,0,10,9,27,46,0,6,56,25,87,0,16,65,52,133,88,50,138,271
12/09/2021,TUP,MS,ASO,ES,Federal Contract Tower,0,9,13,26,48,0,3,41,18,62,0,12,54,44,110,54,46,100,210
12/10/2021,TUP,MS,ASO,ES,Federal Contract Tower,0,10,6,2,18,0,0,1,8,9,0,10,7,10,27,0,36,36,63
12/11/2021,TUP,MS,ASO,ES,Federal Contract Tower,0,5,4,2,11,0,0,13,3,16,0,5,17,5,27,8,0,8,35
12/12/2021,TUP,MS,ASO,ES,Federal Contract Tower,0,5,5,0,10,0,8,67,3,78,0,13,72,3,88,104,2,106,194
12/13/2021,TUP,MS,ASO,ES,Federal Contract Tower,0,7,14,20,41,0,2,57,5,64,0,9,71,25,105,64,22,86,191
12/14/2021,TUP,MS,ASO,ES,Federal Contract Tower,0,9,5,22,36,0,2,49,30,81,0,11,54,52,117,94,16,110,227
12/15/2021,TUP,MS,ASO,ES,Federal Contract Tower,0,5,17,39,61,0,8,51,12,71,0,13,68,51,132,82,32,114,246
12/16/2021,TUP,MS,ASO,ES,Federal Contract Tower,0,7,17,16,40,0,0,0,2,2,0,7,17,18,42,0,4,4,46
12/17/2021,TUP,MS,ASO,ES,Federal Contract Tower,0,8,13,2,23,0,0,0,0,0,0,8,13,2,23,0,0,0,23
12/18/2021,TUP,MS,ASO,ES,Federal Contract Tower,0,4,6,0,10,0,0,0,0,0,0,4,6,0,10,0,0,0,10
12/19/2021,TUP,MS,ASO,ES,Federal Contract Tower,0,7,8,0,15,0,6,48,0,54,0,13,56,0,69,90,0,90,159
12/20/2021,TUP,MS,ASO,ES,Federal Contract Tower,0,9,11,14,34,0,6,48,14,68,0,15,59,28,102,28,60,88,190
12/21/2021,TUP,MS,ASO,ES,Federal Contract Tower,0,8,15,16,39,0,8,57,25,90,0,16,72,41,129,72,144,216,345
12/22/2021,TUP,MS,ASO,ES,Federal Contract Tower,0,8,8,12,28,0,5,44,11,60,0,13,52,23,88,60,24,84,172
12/23/2021,TUP,MS,ASO,ES,Federal Contract Tower,0,6,17,0,23,0,5,47,1,53,0,11,64,1,76,26,2,28,104
12/24/2021,TUP,MS,ASO,ES,Federal Contract Tower,0,5,6,0,11,0,0,8,0,8,0,5,14,0,19,0,0,0,19
12/25/2021,TUP,MS,ASO,ES,Federal Contract Tower,0,0,0,0,0,0,1,11,0,12,0,1,11,0,12,0,0,0,12
12/26/2021,TUP,MS,ASO,ES,Federal Contract Tower,0,4,12,0,16,0,2,7,0,9,0,6,19,0,25,0,0,0,25
12/27/2021,TUP,MS,ASO,ES,Federal Contract Tower,0,6,15,0,21,0,8,6,0,14,0,14,21,0,35,0,0,0,35
12/28/2021,TUP,MS,ASO,ES,Federal Contract Tower,0,6,15,0,21,0,6,32,11,49,0,12,47,11,70,24,16,40,110
12/29/2021,TUP,MS,ASO,ES,Federal Contract Tower,2,6,0,0,8,0,0,0,0,0,2,6,0,0,8,0,0,0,8
12/30/2021,TUP,MS,ASO,ES,Federal Contract Tower,0,6,8,6,20,0,3,28,1,32,0,9,36,7,52,36,6,42,94
12/31/2021,TUP,MS,ASO,ES,Federal Contract Tower,0,5,4,0,9,0,1,9,0,10,0,6,13,0,19,14,0,14,33
01/01/2022,TUP,MS,ASO,ES,Federal Contract Tower,0,1,12,0,13,0,0,0,0,0,0,1,12,0,13,0,0,0,13
01/02/2022,TUP,MS,ASO,ES,Federal Contract Tower,0,4,7,0,11,0,0,0,0,0,0,4,7,0,11,0,0,0,11
01/03/2022,TUP,MS,ASO,ES,Federal Contract Tower,1,8,8,0,17,0,0,12,0,12,1,8,20,0,29,14,0,14,43
01/04/2022,TUP,MS,ASO,ES,Federal Contract Tower,1,8,9,4,22,0,4,44,14,62,1,12,53,18,84,50,42,92,176
01/05/2022,TUP,MS,ASO,ES,Federal Contract Tower,2,7,14,22,45,0,6,40,13,59,2,13,54,35,104,68,28,96,200
01/06/2022,TUP,MS,ASO,ES,Federal Contract Tower,1,9,5,2,17,0,0,0,0,0,1,9,5,2,17,0,0,0,17
01/07/2022,TUP,MS,ASO,ES,Federal Contract Tower,1,9,1,34,45,0,5,43,23,71,1,14,44,57,116,50,52,102,218
01/08/2022,TUP,MS,ASO,ES,Federal Contract Tower,0,5,5,8,18,0,1,44,14,59,0,6,49,22,77,42,22,64,141
01/09/2022,TUP,MS,ASO,ES,Federal Contract Tower,0,6,6,0,12,0,3,0,0,3,0,9,6,0,15,0,0,0,15
01/10/2022,TUP,MS,ASO,ES,Federal Contract Tower,0,8,15,29,52,0,6,63,6,75,0,14,78,35,127,90,24,114,241
01/11/2022,TUP,MS,ASO,ES,Federal Contract Tower,0,8,12,20,40,0,8,61,16,85,0,16,73,36,125,96,32,128,253
01/12/2022,TUP,MS,ASO,ES,Federal Contract Tower,0,8,6,26,40,0,5,50,18,73,0,13,56,44,113,36,72,108,221
01/13/2022,TUP,MS,ASO,ES,Federal Contract Tower,0,13,8,0,21,0,7,40,32,79,0,20,48,32,100,52,46,98,198
01/14/2022,TUP,MS,ASO,ES,Federal Contract Tower,0,6,8,14,28,0,2,46,14,62,0,8,54,28,90,70,24,94,184
01/15/2022,TUP,MS,ASO,ES,Federal Contract Tower,0,2,4,0,6,0,0,2,0,2,0,2,6,0,8,0,0,0,8
01/16/2022,TUP,MS,ASO,ES,Federal Contract Tower,0,5,0,0,5,0,0,0,0,0,0,5,0,0,5,0,0,0,5
01/17/2022,TUP,MS,ASO,ES,Federal Contract Tower,2,7,8,0,17,0,6,40,0,46,2,13,48,0,63,72,0,72,135
01/18/2022,TUP,MS,ASO,ES,Federal Contract Tower,1,12,7,18,38,0,6,56,30,92,1,18,63,48,130,74,38,112,242
01/19/2022,TUP,MS,ASO,ES,Federal Contract Tower,2,6,8,6,22,0,0,6,0,6,2,6,14,6,28,0,0,0,28
01/20/2022,TUP,MS,ASO,ES,Federal Contract Tower,0,8,7,28,43,0,5,37,28,70,0,13,44,56,113,52,72,124,237
01/21/2022,TUP,MS,ASO,ES,Federal Contract Tower,1,6,9,25,41,0,1,35,26,62,1,7,44,51,103,42,36,78,181
01/22/2022,TUP,MS,ASO,ES,Federal Contract Tower,0,6,5,1,12,0,0,37,12,49,0,6,42,13,61,46,8,54,115
01/23/2022,TUP,MS,ASO,ES,Federal Contract Tower,0,4,10,0,14,0,5,39,4,48,0,9,49,4,62,28,2,30,92
01/24/2022,TUP,MS,ASO,ES,Federal Contract Tower,0,8,13,30,51,0,9,56,5,70,0,17,69,35,121,74,12,86,207
01/25/2022,TUP,MS,ASO,ES,Federal Contract Tower,2,6,13,40,61,0,8,46,14,68,2,14,59,54,129,64,16,80,209
01/26/2022,TUP,MS,ASO,ES,Federal Contract Tower,0,8,7,22,37,0,9,58,17,84,0,17,65,39,121,36,56,92,213
01/27/2022,TUP,MS,ASO,ES,Federal Contract Tower,0,8,18,30,56,0,5,66,22,93,0,13,84,52,149,95,36,131,280
01/28/2022,TUP,MS,ASO,ES,Federal Contract Tower,2,6,7,18,33,0,2,41,5,48,2,8,48,23,81,50,28,78,159
01/29/2022,TUP,MS,ASO,ES,Federal Contract Tower,2,5,7,0,14,0,1,45,18,64,2,6,52,18,78,48,0,48,126
01/30/2022,TUP,MS,ASO,ES,Federal Contract Tower,0,3,10,0,13,0,11,58,1,70,0,14,68,1,83,94,0,94,177
01/31/2022,TUP,MS,ASO,ES,Federal Contract Tower,0,6,5,4,15,0,4,73,0,77,0,10,78,4,92,94,0,94,186
02/01/2022,TUP,MS,ASO,ES,Federal Contract Tower,0,6,5,22,33,0,3,40,17,60,0,9,45,39,93,56,56,112,205
02/02/2022,TUP,MS,ASO,ES,Federal Contract Tower,0,7,3,2,12,0,0,0,0,0,0,7,3,2,12,0,0,0,12
02/03/2022,TUP,MS,ASO,ES,Federal Contract Tower,0,11,2,0,13,0,0,0,0,0,0,11,2,0,13,0,0,0,13
02/04/2022,TUP,MS,ASO,ES,Federal Contract Tower,0,8,5,0,13,0,0,21,13,34,0,8,26,13,47,40,12,52,99
02/05/2022,TUP,MS,ASO,ES,Federal Contract Tower,0,5,4,0,9,0,2,57,8,67,0,7,61,8,76,78,8,86,162
02/06/2022,TUP,MS,ASO,ES,Federal Contract Tower,0,5,9,0,14,0,13,66,0,79,0,18,75,0,93,120,0,120,213
02/07/2022,TUP,MS,ASO,ES,Federal Contract Tower,0,9,7,50,66,0,4,58,32,94,0,13,65,82,160,70,52,122,282
02/08/2022,TUP,MS,ASO,ES,Federal Contract Tower,0,10,5,30,45,0,5,66,18,89,0,15,71,48,134,88,48,136,270
02/09/2022,TUP,MS,ASO,ES,Federal Contract Tower,0,9,8,27,44,0,4,55,19,78,0,13,63,46,122,76,68,144,266
02/10/2022,TUP,MS,ASO,ES,Federal Contract Tower,0,6,14,42,62,0,7,54,40,101,0,13,68,82,163,77,56,133,296
02/11/2022,TUP,MS,ASO,ES,Federal Contract Tower,0,6,8,12,26,0,6,54,17,77,0,12,62,29,103,86,36,122,225
02/12/2022,TUP,MS,ASO,ES,Federal Contract Tower,0,4,3,2,9,0,2,34,10,46,0,6,37,12,55,32,4,36,91
02/13/2022,TUP,MS,ASO,ES,Federal Contract Tower,2,4,8,6,20,0,1,51,4,56,2,5,59,10,76,108,16,124,200
02/14/2022,TUP,MS,ASO,ES,Federal Contract Tower,0,8,7,15,30,0,2,48,8,58,0,10,55,23,88,56,24,80,168
02/15/2022,TUP,MS,ASO,ES,Federal Contract Tower,0,9,16,16,41,0,2,58,18,78,0,11,74,34,119,78,56,134,253
02/16/2022,TUP,MS,ASO,ES,Federal Contract Tower,1,16,11,12,40,0,5,27,8,40,1,21,38,20,80,42,26,68,148
02/17/2022,TUP,MS,ASO,ES,Federal Contract Tower,0,13,4,0,17,0,0,2,0,2,0,13,6,0,19,12,0,12,31
02/18/2022,TUP,MS,ASO,ES,Federal Contract Tower,0,13,8,8,29,0,2,40,24,66,0,15,48,32,95,46,34,80,175
02/19/2022,TUP,MS,ASO,ES,Federal Contract Tower,0,5,5,0,10,0,2,46,8,56,0,7,51,8,66,80,6,86,152
02/20/2022,TUP,MS,ASO,ES,Federal Contract Tower,0,7,7,0,14,0,4,45,2,51,0,11,52,2,65,86,0,86,151
02/21/2022,TUP,MS,ASO,ES,Federal Contract Tower,0,6,13,0,19,0,0,0,0,0,0,6,13,0,19,0,0,0,19
02/22/2022,TUP,MS,ASO,ES,Federal Contract Tower,0,5,16,4,25,0,2,17,0,19,0,7,33,4,44,16,0,16,60
02/23/2022,TUP,MS,ASO,ES,Federal Contract Tower,2,10,15,14,41,0,0,0,0,0,2,10,15,14,41,0,0,0,41
02/24/2022,TUP,MS,ASO,ES,Federal Contract Tower,0,14,10,10,34,0,0,0,0,0,0,14,10,10,34,0,0,0,34
02/25/2022,TUP,MS,ASO,ES,Federal Contract Tower,2,10,14,3,29,0,2,12,2,16,2,12,26,5,45,0,0,0,45
02/26/2022,TUP,MS,ASO,ES,Federal Contract Tower,2,5,13,0,20,0,0,0,0,0,2,5,13,0,20,0,0,0,20
02/27/2022,TUP,MS,ASO,ES,Federal Contract Tower,0,4,16,0,20,0,0,14,0,14,0,4,30,0,34,28,0,28,62
02/28/2022,TUP,MS,ASO,ES,Federal Contract Tower,2,11,13,14,40,0,0,64,6,70,2,11,77,20,110,62,24,86,196
03/01/2022,TUP,MS,ASO,ES,Federal Contract Tower,0,8,11,6,25,0,3,57,15,75,0,11,68,21,100,64,26,90,190
03/02/2022,TUP,MS,ASO,ES,Federal Contract Tower,0,12,13,34,59,0,3,51,12,66,0,15,64,46,125,80,48,128,253
03/03/2022,TUP,MS,ASO,ES,Federal Contract Tower,0,10,24,28,62,0,2,58,38,98,0,12,82,66,160,74,96,170,330
03/04/2022,TUP,MS,ASO,ES,Federal Contract Tower,0,8,7,21,36,0,3,56,19,78,0,11,63,40,114,102,28,130,244
03/05/2022,TUP,MS,ASO,ES,Federal Contract Tower,0,4,9,0,13,0,2,47,2,51,0,6,56,2,64,58,0,58,122
03/06/2022,TUP,MS,ASO,ES,Federal Contract Tower,0,5,13,0,18,0,3,53,2,58,0,8,66,2,76,50,0,50,126
03/07/2022,TUP,MS,ASO,ES,Federal Contract Tower,0,9,9,6,24,0,0,8,1,9,0,9,17,7,33,0,16,16,49
03/08/2022,TUP,MS,ASO,ES,Federal Contract Tower,2,8,10,40,60,0,2,23,5,30,2,10,33,45,90,48,56,104,194
03/09/2022,TUP,MS,ASO,ES,Federal Contract Tower,0,12,12,28,52,0,3,27,16,46,0,15,39,44,98,58,68,126,224
03/10/2022,TUP,MS,ASO,ES,Federal Contract Tower,2,13,8,15,38,0,7,52,32,91,2,20,60,47,129,88,64,152,281
03/11/2022,TUP,MS,ASO,ES,Federal Contract Tower,0,6,12,27,45,0,5,40,18,63,0,11,52,45,108,78,56,134,242
03/12/2022,TUP,MS,ASO,ES,Federal Contract Tower,0,6,7,0,13,0,2,32,5,39,0,8,39,5,52,62,18,80,132
03/13/2022,TUP,MS,ASO,ES,Federal Contract Tower,0,4,8,3,15,0,3,49,1,53,0,7,57,4,68,150,0,150,218
03/14/2022,TUP,MS,ASO,ES,Federal Contract Tower,0,6,9,22,37,0,10,64,2,76,0,16,73,24,113,88,16,104,217
03/15/2022,TUP,MS,ASO,ES,Federal Contract Tower,1,8,19,18,46,0,0,13,4,17,1,8,32,22,63,10,22,32,95
03/16/2022,TUP,MS,ASO,ES,Federal Contract Tower,1,8,15,20,44,0,3,38,13,54,1,11,53,33,98,76,44,120,218
03/17/2022,TUP,MS,ASO,ES,Federal Contract Tower,0,11,16,24,51,0,3,23,24,50,0,14,39,48,101,40,46,86,187
03/18/2022,TUP,MS,ASO,ES,Federal Contract Tower,1,10,12,8,31,0,1,16,20,37,1,11,28,28,68,16,14,30,98
03/19/2022,TUP,MS,ASO,ES,Federal Contract Tower,0,6,10,0,16,0,3,42,17,62,0,9,52,17,78,60,20,80,158
03/20/2022,TUP,MS,ASO,ES,Federal Contract Tower,0,8,14,0,22,0,6,76,2,84,0,14,90,2,106,132,0,132,238
03/21/2022,TUP,MS,ASO,ES,Federal Contract Tower,0,6,10,10,26,0,2,41,10,53,0,8,51,20,79,98,20,118,197
03/22/2022,TUP,MS,ASO,ES,Federal Contract Tower,0,12,5,0,17,0,0,5,0,5,0,12,10,0,22,0,0,0,22
03/23/2022,TUP,MS,ASO,ES,Federal Contract Tower,0,12,10,7,29,0,5,21,11,37,0,17,31,18,66,0,0,0,66
03/24/2022,TUP,MS,ASO,ES,Federal Contract Tower,0,6,7,2,15,0,1,39,19,59,0,7,46,21,74,22,50,72,146
03/25/2022,TUP,MS,ASO,ES,Federal Contract Tower,0,8,12,4,24,0,2,39,18,59,0,10,51,22,83,54,24,78,161
03/26/2022,TUP,MS,ASO,ES,Federal Contract Tower,0,4,7,0,11,0,3,34,3,40,0,7,41,3,51,86,4,90,141
03/27/2022,TUP,MS,ASO,ES,Federal Contract Tower,0,0,8,10,18,0,9,69,0,78,0,9,77,10,96,106,0,106,202
03/28/2022,TUP,MS,ASO,ES,Federal Contract Tower,0,8,10,9,27,0,7,64,3,74,0,15,74,12,101,82,24,106,207
03/29/2022,TUP,MS,ASO,ES,Federal Contract Tower,0,13,8,0,21,0,2,45,16,63,0,15,53,16,84,86,22,108,192
03/30/2022,TUP,MS,ASO,ES,Federal Contract Tower,0,4,3,0,7,0,2,0,4,6,0,6,3,4,13,0,0,0,13
03/31/2022,TUP,MS,ASO,ES,Federal Contract Tower,0,8,14,0,22,0,4,17,22,43,0,12,31,22,65,54,18,72,137
04/01/2022,TUP,MS,ASO,ES,Federal Contract Tower,0,7,8,21,36,0,4,42,18,64,0,11,50,39,100,116,48,164,264
04/02/2022,TUP,MS,ASO,ES,Federal Contract Tower,0,4,3,0,7,0,3,46,4,53,0,7,49,4,60,60,6,66,126
04/03/2022,TUP,MS,ASO,ES,Federal Contract Tower,0,5,9,0,14,0,3,57,1,61,0,8,66,1,75,40,0,40,115
04/04/2022,TUP,MS,ASO,ES,Federal Contract Tower,0,8,9,0,17,0,5,49,3,57,0,13,58,3,74,28,28,56,130
04/05/2022,TUP,MS,ASO,ES,Federal Contract Tower,0,6,7,10,23,0,2,15,10,27,0,8,22,20,50,54,14,68,118
04/06/2022,TUP,MS,ASO,ES,Federal Contract Tower,0,8,13,28,49,0,3,24,10,37,0,11,37,38,86,38,26,64,150
04/07/2022,TUP,MS,ASO,ES,Federal Contract Tower,0,12,5,13,30,0,1,47,16,64,0,13,52,29,94,18,14,32,126
04/08/2022,TUP,MS,ASO,ES,Federal Contract Tower,0,8,12,13,33,0,2,45,20,67,0,10,57,33,100,26,8,34,134
04/09/2022,TUP,MS,ASO,ES,Federal Contract Tower,0,4,9,0,13,0,0,47,7,54,0,4,56,7,67,42,10,52,119
04/10/2022,TUP,MS,ASO,ES,Federal Contract Tower,0,6,12,7,25,0,1,44,15,60,0,7,56,22,85,64,20,84,169
04/11/2022,TUP,MS,ASO,ES,Federal Contract Tower,0,16,14,10,40,0,5,63,4,72,0,21,77,14,112,58,12,70,182
04/12/2022,TUP,MS,ASO,ES,Federal Contract Tower,0,8,10,16,34,0,1,50,19,70,0,9,60,35,104,68,74,142,246
04/13/2022,TUP,MS,ASO,ES,Federal Contract Tower,0,6,3,12,21,0,7,17,7,31,0,13,20,19,52,18,4,22,74
04/14/2022,TUP,MS,ASO,ES,Federal Contract Tower,2,6,11,27,46,0,4,67,26,97,2,10,78,53,143,106,46,152,295
04/15/2022,TUP,MS,ASO,ES,Federal Contract Tower,0,6,6,18,30,0,2,50,18,70,0,8,56,36,100,38,54,92,192
04/16/2022,TUP,MS,ASO,ES,Federal Contract Tower,2,4,2,0,8,0,0,0,0,0,2,4,2,0,8,0,0,0,8
04/17/2022,TUP,MS,ASO,ES,Federal Contract Tower,0,4,10,0,14,0,0,0,0,0,0,4,10,0,14,0,0,0,14
04/18/2022,TUP,MS,ASO,ES,Federal Contract Tower,0,9,14,24,47,0,5,65,3,73,0,14,79,27,120,132,0,132,252
04/19/2022,TUP,MS,ASO,ES,Federal Contract Tower,0,10,16,12,38,0,1,78,52,131,0,11,94,64,169,78,40,118,287
04/20/2022,TUP,MS,ASO,ES,Federal Contract Tower,0,7,22,14,43,0,11,46,16,73,0,18,68,30,116,64,34,98,214
04/21/2022,TUP,MS,ASO,ES,Federal Contract Tower,0,9,13,10,32,0,4,33,27,64,0,13,46,37,96,54,34,88,184
04/22/2022,TUP,MS,ASO,ES,Federal Contract Tower,0,7,13,6,26,0,3,55,32,90,0,10,68,38,116,149,42,191,307
04/23/2022,TUP,MS,ASO,ES,Federal Contract Tower,0,4,7,0,11,0,7,62,12,81,0,11,69,12,92,88,10,98,190
04/24/2022,TUP,MS,ASO,ES,Federal Contract Tower,0,4,7,0,11,0,6,35,7,48,0,10,42,7,59,50,18,68,127
04/25/2022,TUP,MS,ASO,ES,Federal Contract Tower,0,10,4,4,18,0,0,9,1,10,0,10,13,5,28,0,0,0,28
04/26/2022,TUP,MS,ASO,ES,Federal Contract Tower,0,6,12,4,22,0,4,60,11,75,0,10,72,15,97,72,22,94,191
04/27/2022,TUP,MS,ASO,ES,Federal Contract Tower,0,12,12,28,52,0,5,59,15,79,0,17,71,43,131,104,28,132,263
04/28/2022,TUP,MS,ASO,ES,Federal Contract Tower,0,10,8,16,34,0,5,65,12,82,0,15,73,28,116,82,28,110,226
04/29/2022,TUP,MS,ASO,ES,Federal Contract Tower,0,6,8,12,26,0,1,54,12,67,0,7,62,24,93,136,58,194,287
04/30/2022,TUP,MS,ASO,ES,Federal Contract Tower,0,4,14,0,18,0,1,51,3,55,0,5,65,3,73,64,2,66,139
05/01/2022,TUP,MS,ASO,ES,Federal Contract Tower,0,7,6,3,16,0,0,36,4,40,0,7,42,7,56,72,0,72,128
05/02/2022,TUP,MS,ASO,ES,Federal Contract Tower,0,13,6,12,31,0,1,33,1,35,0,14,39,13,66,8,2,10,76
05/03/2022,TUP,MS,ASO,ES,Federal Contract Tower,0,9,12,20,41,0,7,42,25,74,0,16,54,45,115,56,56,112,227
05/04/2022,TUP,MS,ASO,ES,Federal Contract Tower,0,14,5,24,43,0,7,68,18,93,0,21,73,42,136,94,54,148,284
05/05/2022,TUP,MS,ASO,ES,Federal Contract Tower,0,9,13,21,43,0,6,48,14,68,0,15,61,35,111,66,24,90,201
05/06/2022,TUP,MS,ASO,ES,Federal Contract Tower,0,8,6,24,38,0,1,27,3,31,0,9,33,27,69,4,0,4,73
05/07/2022,TUP,MS,ASO,ES,Federal Contract Tower,0,6,10,1,17,0,2,27,7,36,0,8,37,8,53,22,6,28,81
05/08/2022,TUP,MS,ASO,ES,Federal Contract Tower,0,5,8,0,13,0,3,54,2,59,0,8,62,2,72,66,0,66,138
05/09/2022,TUP,MS,ASO,ES,Federal Contract Tower,0,11,19,8,38,0,6,63,6,75,0,17,82,14,113,126,36,162,275
05/10/2022,TUP,MS,ASO,ES,Federal Contract Tower,0,8,8,12,28,0,7,74,9,90,0,15,82,21,118,128,28,156,274
05/11/2022,TUP,MS,ASO,ES,Federal Contract Tower,0,6,12,8,26,0,6,55,8,69,0,12,67,16,95,98,16,114,209
05/12/2022,TUP,MS,ASO,ES,Federal Contract Tower,0,10,8,6,24,0,6,50,17,73,0,16,58,23,97,110,18,128,225
05/13/2022,TUP,MS,ASO,ES,Federal Contract Tower,0,8,15,0,23,0,2,45,10,57,0,10,60,10,80,46,30,76,156
05/14/2022,TUP,MS,ASO,ES,Federal Contract Tower,1,6,6,0,13,0,3,31,3,37,1,9,37,3,50,56,8,64,114
05/15/2022,TUP,MS,ASO,ES,Federal Contract Tower,0,6,6,2,14,0,3,24,2,29,0,9,30,4,43,48,0,48,91
05/16/2022,TUP,MS,ASO,ES,Federal Contract Tower,0,15,15,14,44,0,4,77,6,87,0,19,92,20,131,88,26,114,245
05/17/2022,TUP,MS,ASO,ES,Federal Contract Tower,0,8,7,6,21,0,3,46,10,59,0,11,53,16,80,66,16,82,162
05/18/2022,TUP,MS,ASO,ES,Federal Contract Tower,2,8,10,20,40,0,6,47,8,61,2,14,57,28,101,72,22,94,195
05/19/2022,TUP,MS,ASO,ES,Federal Contract Tower,0,9,12,9,30,0,5,49,24,78,0,14,61,33,108,86,30,116,224
05/20/2022,TUP,MS,ASO,ES,Federal Contract Tower,0,6,10,1,17,0,2,37,26,65,0,8,47,27,82,60,76,136,218
05/21/2022,TUP,MS,ASO,ES,Federal Contract Tower,0,4,8,5,17,0,3,33,11,47,0,7,41,16,64,26,14,40,104
05/22/2022,TUP,MS,ASO,ES,Federal Contract Tower,0,5,6,0,11,0,1,17,0,18,0,6,23,0,29,2,0,2,31
05/23/2022,TUP,MS,ASO,ES,Federal Contract Tower,2,6,12,28,48,0,1,13,2,16,2,7,25,30,64,0,0,0,64
05/24/2022,TUP,MS,ASO,ES,Federal Contract Tower,0,7,19,22,48,0,0,12,9,21,0,7,31,31,69,0,12,12,81
05/25/2022,TUP,MS,ASO,ES,Federal Contract Tower,2,9,11,14,36,0,0,4,0,4,2,9,15,14,40,0,0,0,40
05/26/2022,TUP,MS,ASO,ES,Federal Contract Tower,0,8,7,2,17,0,1,27,7,35,0,9,34,9,52,44,0,44,96
05/27/2022,TUP,MS,ASO,ES,Federal Contract Tower,0,6,20,0,26,0,3,58,4,65,0,9,78,4,91,92,18,110,201
05/28/2022,TUP,MS,ASO,ES,Federal Contract Tower,0,6,16,0,22,0,4,43,4,51,0,10,59,4,73,54,6,60,133
05/29/2022,TUP,MS,ASO,ES,Federal Contract Tower,0,4,4,0,8,0,2,47,4,53,0,6,51,4,61,50,2,52,113
05/30/2022,TUP,MS,ASO,ES,Federal Contract Tower,0,4,12,0,16,0,0,48,0,48,0,4,60,0,64,66,0,66,130
05/31/2022,TUP,MS,ASO,ES,Federal Contract Tower,1,10,5,10,26,0,8,70,11,89,1,18,75,21,115,98,30,128,243
06/01/2022,TUP,MS,ASO,ES,Federal Contract Tower,1,6,8,14,29,0,6,50,11,67,1,12,58,25,96,88,26,114,210
06/02/2022,TUP,MS,ASO,ES,Federal Contract Tower,0,8,9,4,21,0,6,28,13,47,0,14,37,17,68,34,30,64,132
06/03/2022,TUP,MS,ASO,ES,Federal Contract Tower,0,7,10,29,46,0,3,53,21,77,0,10,63,50,123,100,50,150,273
06/04/2022,TUP,MS,ASO,ES,Federal Contract Tower,0,6,8,0,14,0,1,59,21,81,0,7,67,21,95,94,12,106,201
06/05/2022,TUP,MS,ASO,ES,Federal Contract Tower,0,6,12,2,20,0,1,42,10,53,0,7,54,12,73,74,0,74,147
06/06/2022,TUP,MS,ASO,ES,Federal Contract Tower,0,11,7,17,35,0,0,53,5,58,0,11,60,22,93,48,24,72,165
06/07/2022,TUP,MS,ASO,ES,Federal Contract Tower,0,9,12,16,37,0,3,64,8,75,0,12,76,24,112,68,28,96,208
06/08/2022,TUP,MS,ASO,ES,Federal Contract Tower,0,7,14,6,27,0,0,22,4,26,0,7,36,10,53,8,0,8,61
06/09/2022,TUP,MS,ASO,ES,Federal Contract Tower,0,9,11,39,59,0,2,49,30,81,0,11,60,69,140,90,36,126,266
06/10/2022,TUP,MS,ASO,ES,Federal Contract Tower,0,6,9,15,30,0,1,57,9,67,0,7,66,24,97,58,64,122,219
06/11/2022,TUP,MS,ASO,ES,Federal Contract Tower,0,4,5,0,9,0,4,48,4,56,0,8,53,4,65,100,0,100,165
06/12/2022,TUP,MS,ASO,ES,Federal Contract Tower,0,4,14,0,18,0,4,56,4,64,0,8,70,4,82,90,4,94,176
06/13/2022,TUP,MS,ASO,ES,Federal Contract Tower,0,8,12,16,36,0,3,62,10,75,0,11,74,26,111,62,12,74,185
06/14/2022,TUP,MS,ASO,ES,Federal Contract Tower,1,11,11,19,42,0,1,59,5,65,1,12,70,24,107,84,20,104,211
06/15/2022,TUP,MS,ASO,ES,Federal Contract Tower,1,11,2,10,24,0,7,52,10,69,1,18,54,20,93,84,30,114,207
06/16/2022,TUP,MS,ASO,ES,Federal Contract Tower,1,9,13,22,45,0,3,64,17,84,1,12,77,39,129,90,26,116,245
06/17/2022,TUP,MS,ASO,ES,Federal Contract Tower,0,13,16,6,35,0,4,58,16,78,0,17,74,22,113,114,38,152,265
06/18/2022,TUP,MS,ASO,ES,Federal Contract Tower,0,6,5,0,11,0,5,44,4,53,0,11,49,4,64,62,12,74,138
06/19/2022,TUP,MS,ASO,ES,Federal Contract Tower,0,8,9,1,18,0,4,77,7,88,0,12,86,8,106,88,18,106,212
06/20/2022,TUP,MS,ASO,ES,Federal Contract Tower,0,9,10,0,19,0,4,62,0,66,0,13,72,0,85,62,0,62,147
06/21/2022,TUP,MS,ASO,ES,Federal Contract Tower,0,10,10,29,49,0,2,60,18,80,0,12,70,47,129,82,28,110,239
06/22/2022,TUP,MS,ASO,ES,Federal Contract Tower,0,12,23,18,53,0,7,68,18,93,0,19,91,36,146,118,60,178,324
06/23/2022,TUP,MS,ASO,ES,Federal Contract Tower,1,4,12,30,47,0,4,55,18,77,1,8,67,48,124,128,32,160,284
06/24/2022,TUP,MS,ASO,ES,Federal Contract Tower,0,9,9,21,39,0,4,57,15,76,0,13,66,36,115,70,32,102,217
06/25/2022,TUP,MS,ASO,ES,Federal Contract Tower,0,6,10,0,16,0,2,48,1,51,0,8,58,1,67,64,2,66,133
06/26/2022,TUP,MS,ASO,ES,Federal Contract Tower,0,4,12,4,20,0,5,45,4,54,0,9,57,8,74,54,10,64,138
06/27/2022,TUP,MS,ASO,ES,Federal Contract Tower,3,9,15,29,56,0,0,65,11,76,3,9,80,40,132,90,118,208,340
06/28/2022,TUP,MS,ASO,ES,Federal Contract Tower,0,7,3,38,48,0,5,52,21,78,0,12,55,59,126,96,54,150,276
06/29/2022,TUP,MS,ASO,ES,Federal Contract Tower,0,8,8,27,43,0,3,60,27,90,0,11,68,54,133,100,58,158,291
06/30/2022,TUP,MS,ASO,ES,Federal Contract Tower,0,10,3,28,41,0,2,53,26,81,0,12,56,54,122,104,96,200,322
07/01/2022,TUP,MS,ASO,ES,Federal Contract Tower,1,5,14,0,20,0,4,40,4,48,1,9,54,4,68,74,0,74,142
07/02/2022,TUP,MS,ASO,ES,Federal Contract Tower,0,4,11,0,15,0,6,43,0,49,0,10,54,0,64,72,0,72,136
07/03/2022,TUP,MS,ASO,ES,Federal Contract Tower,0,4,5,0,9,0,6,29,0,35,0,10,34,0,44,56,0,56,100
07/04/2022,TUP,MS,ASO,ES,Federal Contract Tower,0,4,2,0,6,0,2,12,0,14,0,6,14,0,20,8,0,8,28
07/05/2022,TUP,MS,ASO,ES,Federal Contract Tower,0,6,11,18,35,0,5,39,13,57,0,11,50,31,92,42,48,90,182
07/06/2022,TUP,MS,ASO,ES,Federal Contract Tower,1,11,2,20,34,0,1,54,9,64,1,12,56,29,98,70,28,98,196
07/07/2022,TUP,MS,ASO,ES,Federal Contract Tower,0,5,5,10,20,0,1,54,23,78,0,6,59,33,98,108,28,136,234
07/08/2022,TUP,MS,ASO,ES,Federal Contract Tower,0,6,5,16,27,0,3,39,11,53,0,9,44,27,80,62,34,96,176
07/09/2022,TUP,MS,ASO,ES,Federal Contract Tower,0,4,6,0,10,0,1,60,0,61,0,5,66,0,71,18,0,18,89
07/10/2022,TUP,MS,ASO,ES,Federal Contract Tower,0,3,16,0,19,0,2,36,0,38,0,5,52,0,57,78,0,78,135
07/11/2022,TUP,MS,ASO,ES,Federal Contract Tower,1,6,15,15,37,0,8,65,0,73,1,14,80,15,110,88,8,96,206
07/12/2022,TUP,MS,ASO,ES,Federal Contract Tower,0,6,3,28,37,0,3,48,24,75,0,9,51,52,112,72,104,176,288
07/13/2022,TUP,MS,ASO,ES,Federal Contract Tower,0,8,7,14,29,0,4,25,3,32,0,12,32,17,61,16,0,16,77
07/14/2022,TUP,MS,ASO,ES,Federal Contract Tower,0,8,9,33,50,0,3,47,11,61,0,11,56,44,111,108,64,172,283
07/15/2022,TUP,MS,ASO,ES,Federal Contract Tower,1,8,10,18,37,0,1,58,11,70,1,9,68,29,107,122,44,166,273
07/16/2022,TUP,MS,ASO,ES,Federal Contract Tower,0,6,1,3,10,0,3,49,7,59,0,9,50,10,69,76,22,98,167
07/17/2022,TUP,MS,ASO,ES,Federal Contract Tower,0,6,8,4,18,0,6,48,6,60,0,12,56,10,78,48,18,66,144
07/18/2022,TUP,MS,ASO,ES,Federal Contract Tower,1,7,13,20,41,0,2,32,2,36,1,9,45,22,77,28,22,50,127
07/19/2022,TUP,MS,ASO,ES,Federal Contract Tower,0,7,4,14,25,0,2,33,7,42,0,9,37,21,67,66,26,92,159
07/20/2022,TUP,MS,ASO,ES,Federal Contract Tower,0,9,16,42,67,0,3,55,12,70,0,12,71,54,137,88,46,134,271
07/21/2022,TUP,MS,ASO,ES,Federal Contract Tower,0,6,13,8,27,0,7,49,15,71,0,13,62,23,98,78,40,118,216
07/22/2022,TUP,MS,ASO,ES,Federal Contract Tower,0,6,11,14,31,0,3,53,14,70,0,9,64,28,101,74,20,94,195
07/23/2022,TUP,MS,ASO,ES,Federal Contract Tower,0,6,6,0,12,0,2,66,3,71,0,8,72,3,83,112,4,116,199
07/24/2022,TUP,MS,ASO,ES,Federal Contract Tower,0,4,9,12,25,0,2,60,1,63,0,6,69,13,88,72,0,72,160
07/25/2022,TUP,MS,ASO,ES,Federal Contract Tower,0,10,9,28,47,0,2,52,6,60,0,12,61,34,107,90,20,110,217
07/26/2022,TUP,MS,ASO,ES,Federal Contract Tower,0,6,8,25,39,0,4,54,6,64,0,10,62,31,103,88,23,111,214
07/27/2022,TUP,MS,ASO,ES,Federal Contract Tower,1,7,14,4,26,0,3,51,6,60,1,10,65,10,86,82,26,108,194
07/28/2022,TUP,MS,ASO,ES,Federal Contract Tower,0,13,12,25,50,0,7,59,22,88,0,20,71,47,138,88,42,130,268
07/29/2022,TUP,MS,ASO,ES,Federal Contract Tower,0,6,2,18,26,0,4,35,7,46,0,10,37,25,72,42,22,64,136
07/30/2022,TUP,MS,ASO,ES,Federal Contract Tower,0,5,8,0,13,0,1,12,1,14,0,6,20,1,27,6,0,6,33
07/31/2022,TUP,MS,ASO,ES,Federal Contract Tower,0,6,10,0,16,0,0,1,0,1,0,6,11,0,17,0,0,0,17
08/01/2022,TUP,MS,ASO,ES,Federal Contract Tower,0,7,14,25,46,0,1,51,6,58,0,8,65,31,104,80,24,104,208
08/02/2022,TUP,MS,ASO,ES,Federal Contract Tower,0,8,5,23,36,0,1,80,20,101,0,9,85,43,137,114,34,148,285
08/03/2022,TUP,MS,ASO,ES,Federal Contract Tower,0,11,11,22,44,0,5,29,10,44,0,16,40,32,88,52,32,84,172
08/04/2022,TUP,MS,ASO,ES,Federal Contract Tower,0,10,18,32,60,0,3,28,22,53,0,13,46,54,113,28,62,90,203
08/05/2022,TUP,MS,ASO,ES,Federal Contract Tower,0,11,10,6,27,0,2,65,7,74,0,13,75,13,101,66,24,90,191
08/06/2022,TUP,MS,ASO,ES,Federal Contract Tower,0,6,8,0,14,0,3,51,36,90,0,9,59,36,104,86,14,100,204
08/07/2022,TUP,MS,ASO,ES,Federal Contract Tower,0,19,9,0,28,0,2,24,17,43,0,21,33,17,71,58,4,62,133
08/08/2022,TUP,MS,ASO,ES,Federal Contract Tower,0,8,10,18,36,0,0,38,0,38,0,8,48,18,74,32,0,32,106
08/09/2022,TUP,MS,ASO,ES,Federal Contract Tower,0,10,6,33,49,0,1,48,14,63,0,11,54,47,112,50,70,120,232
08/10/2022,TUP,MS,ASO,ES,Federal Contract Tower,0,7,11,13,31,0,3,33,9,45,0,10,44,22,76,66,48,114,190
08/11/2022,TUP,MS,ASO,ES,Federal Contract Tower,0,13,15,22,50,0,3,27,8,38,0,16,42,30,88,38,0,38,126
08/12/2022,TUP,MS,ASO,ES,Federal Contract Tower,0,10,4,25,39,0,6,53,18,77,0,16,57,43,116,116,40,156,272
08/13/2022,TUP,MS,ASO,ES,Federal Contract Tower,0,8,7,0,15,0,5,51,6,62,0,13,58,6,77,120,14,134,211
08/14/2022,TUP,MS,ASO,ES,Federal Contract Tower,0,4,6,4,14,0,3,80,4,87,0,7,86,8,101,104,2,106,207
08/15/2022,TUP,MS,ASO,ES,Federal Contract Tower,0,11,10,12,33,0,0,52,3,55,0,11,62,15,88,114,22,136,224
08/16/2022,TUP,MS,ASO,ES,Federal Contract Tower,0,9,11,26,46,0,1,69,17,87,0,10,80,43,133,106,54,160,293
08/17/2022,TUP,MS,ASO,ES,Federal Contract Tower,0,6,11,18,35,0,0,4,1,5,0,6,15,19,40,4,14,18,58
08/18/2022,TUP,MS,ASO,ES,Federal Contract Tower,0,8,18,36,62,0,1,65,16,82,0,9,83,52,144,144,48,192,336
08/19/2022,TUP,MS,ASO,ES,Federal Contract Tower,0,9,12,35,56,0,1,63,7,71,0,10,75,42,127,150,28,178,305
08/20/2022,TUP,MS,ASO,ES,Federal Contract Tower,0,4,4,0,8,0,0,13,0,13,0,4,17,0,21,4,0,4,25
08/21/2022,TUP,MS,ASO,ES,Federal Contract Tower,0,5,17,2,24,0,0,6,2,8,0,5,23,4,32,12,0,12,44
08/22/2022,TUP,MS,ASO,ES,Federal Contract Tower,0,6,7,32,45,0,0,7,7,14,0,6,14,39,59,18,48,66,125
08/23/2022,TUP,MS,ASO,ES,Federal Contract Tower,0,6,10,29,45,0,2,10,20,32,0,8,20,49,77,28,38,66,143
08/24/2022,TUP,MS,ASO,ES,Federal Contract Tower,0,6,8,65,79,0,4,30,21,55,0,10,38,86,134,64,164,228,362
08/25/2022,TUP,MS,ASO,ES,Federal Contract Tower,0,6,13,35,54,0,2,23,33,58,0,8,36,68,112,44,68,112,224
08/26/2022,TUP,MS,ASO,ES,Federal Contract Tower,0,6,10,16,32,0,1,41,19,61,0,7,51,35,93,44,22,66,159
08/27/2022,TUP,MS,ASO,ES,Federal Contract Tower,0,4,8,0,12,0,2,51,17,70,0,6,59,17,82,76,20,96,178
08/28/2022,TUP,MS,ASO,ES,Federal Contract Tower,0,4,6,0,10,0,6,47,2,55,0,10,53,2,65,52,2,54,119
08/29/2022,TUP,MS,ASO,ES,Federal Contract Tower,0,9,7,10,26,0,0,52,7,59,0,9,59,17,85,60,8,68,153
08/30/2022,TUP,MS,ASO,ES,Federal Contract Tower,0,9,7,2,18,0,2,43,22,67,0,11,50,24,85,74,30,104,189
08/31/2022,TUP,MS,ASO,ES,Federal Contract Tower,0,6,13,16,35,0,3,79,31,113,0,9,92,47,148,102,78,180,328
09/01/2022,TUP,MS,ASO,ES,Federal Contract Tower,0,8,9,10,27,0,3,55,23,81,0,11,64,33,108,88,34,122,230
09/02/2022,TUP,MS,ASO,ES,Federal Contract Tower,0,8,9,0,17,0,4,45,10,59,0,12,54,10,76,76,20,96,172
09/03/2022,TUP,MS,ASO,ES,Federal Contract Tower,0,4,1,0,5,0,0,12,0,12,0,4,13,0,17,2,0,2,19
09/04/2022,TUP,MS,ASO,ES,Federal Contract Tower,0,4,3,2,9,0,2,27,5,34,0,6,30,7,43,54,6,60,103
09/05/2022,TUP,MS,ASO,ES,Federal Contract Tower,0,6,12,0,18,0,2,15,0,17,0,8,27,0,35,6,0,6,41
09/06/2022,TUP,MS,ASO,ES,Federal Contract Tower,0,13,15,2,30,0,3,31,15,49,0,16,46,17,79,56,32,88,167
09/07/2022,TUP,MS,ASO,ES,Federal Contract Tower,0,7,12,17,36,0,1,35,11,47,0,8,47,28,83,40,26,66,149
09/08/2022,TUP,MS,ASO,ES,Federal Contract Tower,0,10,13,32,55,0,6,69,10,85,0,16,82,42,140,98,42,140,280
09/09/2022,TUP,MS,ASO,ES,Federal Contract Tower,0,6,12,17,35,0,3,32,4,39,0,9,44,21,74,60,10,70,144
09/10/2022,TUP,MS,ASO,ES,Federal Contract Tower,0,4,3,5,12,0,1,24,4,29,0,5,27,9,41,44,0,44,85
09/11/2022,TUP,MS,ASO,ES,Federal Contract Tower,0,4,12,4,20,0,3,27,4,34,0,7,39,8,54,52,0,52,106
09/12/2022,TUP,MS,ASO,ES,Federal Contract Tower,0,6,15,2,23,0,0,51,3,54,0,6,66,5,77,70,0,70,147
09/13/2022,TUP,MS,ASO,ES,Federal Contract Tower,0,7,40,4,51,0,2,54,10,66,0,9,94,14,117,106,14,120,237
09/14/2022,TUP,MS,ASO,ES,Federal Contract Tower,0,8,12,6,26,0,3,51,10,64,0,11,63,16,90,106,14,120,210
09/15/2022,TUP,MS,ASO,ES,Federal Contract Tower,0,7,19,34,60,0,2,51,13,66,0,9,70,47,126,34,2,36,162
09/16/2022,TUP,MS,ASO,ES,Federal Contract Tower,2,6,14,16,38,0,3,39,18,60,2,9,53,34,98,58,28,86,184
09/17/2022,TUP,MS,ASO,ES,Federal Contract Tower,2,4,2,3,11,0,3,45,8,56,2,7,47,11,67,48,22,70,137
09/18/2022,TUP,MS,ASO,ES,Federal Contract Tower,0,4,5,0,9,0,3,36,2,41,0,7,41,2,50,46,4,50,100
09/19/2022,TUP,MS,ASO,ES,Federal Contract Tower,0,8,14,28,50,0,2,46,0,48,0,10,60,28,98,30,0,30,128
09/20/2022,TUP,MS,ASO,ES,Federal Contract Tower,0,7,13,16,36,0,6,52,8,66,0,13,65,24,102,68,26,94,196
09/21/2022,TUP,MS,ASO,ES,Federal Contract Tower,0,9,15,44,68,0,6,37,9,52,0,15,52,53,120,58,12,70,190
09/22/2022,TUP,MS,ASO,ES,Federal Contract Tower,0,12,16,24,52,0,6,49,7,62,0,18,65,31,114,74,22,96,210
09/23/2022,TUP,MS,ASO,ES,Federal Contract Tower,1,10,11,14,36,0,5,53,11,69,1,15,64,25,105,48,30,78,183
09/24/2022,TUP,MS,ASO,ES,Federal Contract Tower,1,5,8,0,14,0,3,40,5,48,1,8,48,5,62,48,12,60,122
09/25/2022,TUP,MS,ASO,ES,Federal Contract Tower,0,3,10,26,39,0,2,31,10,43,0,5,41,36,82,26,4,30,112
09/26/2022,TUP,MS,ASO,ES,Federal Contract Tower,0,9,13,15,37,0,2,54,13,69,0,11,67,28,106,50,12,62,168
09/27/2022,TUP,MS,ASO,ES,Federal Contract Tower,0,9,13,8,30,0,1,53,6,60,0,10,66,14,90,92,50,142,232
09/28/2022,TUP,MS,ASO,ES,Federal Contract Tower,0,12,9,16,37,0,5,43,11,59,0,17,52,27,96,68,32,100,196
09/29/2022,TUP,MS,ASO,ES,Federal Contract Tower,0,9,15,26,50,0,8,57,12,77,0,17,72,38,127,60,14,74,201
09/30/2022,TUP,MS,ASO,ES,Federal Contract Tower,1,7,7,10,25,0,2,46,17,65,1,9,53,27,90,60,28,88,178
10/01/2022,TUP,MS,ASO,ES,Federal Contract Tower,2,4,7,0,13,0,1,51,3,55,2,5,58,3,68,46,8,54,122
10/02/2022,TUP,MS,ASO,ES,Federal Contract Tower,0,7,3,2,12,0,4,45,3,52,0,11,48,5,64,66,2,68,132
10/03/2022,TUP,MS,ASO,ES,Federal Contract Tower,1,9,9,20,39,0,4,38,2,44,1,13,47,22,83,28,20,48,131
10/04/2022,TUP,MS,ASO,ES,Federal Contract Tower,0,12,10,27,49,0,8,63,12,83,0,20,73,39,132,98,26,124,256
10/05/2022,TUP,MS,ASO,ES,Federal Contract Tower,1,7,12,15,35,0,2,65,18,85,1,9,77,33,120,96,60,156,276
10/06/2022,TUP,MS,ASO,ES,Federal Contract Tower,2,6,20,29,57,0,4,47,31,82,2,10,67,60,139,78,26,104,243
10/07/2022,TUP,MS,ASO,ES,Federal Contract Tower,0,12,12,6,30,0,4,44,13,61,0,16,56,19,91,56,30,86,177
10/08/2022,TUP,MS,ASO,ES,Federal Contract Tower,1,4,5,0,10,0,4,42,9,55,1,8,47,9,65,64,2,66,131
10/09/2022,TUP,MS,ASO,ES,Federal Contract Tower,1,3,11,0,15,0,2,45,5,52,1,5,56,5,67,64,4,68,135
10/10/2022,TUP,MS,ASO,ES,Federal Contract Tower,0,7,18,2,27,0,6,62,0,68,0,13,80,2,95,68,4,72,167
10/11/2022,TUP,MS,ASO,ES,Federal Contract Tower,2,12,10,33,57,0,3,51,15,69,2,15,61,48,126,76,16,92,218
10/12/2022,TUP,MS,ASO,ES,Federal Contract Tower,0,14,11,57,82,0,2,28,27,57,0,16,39,84,139,38,120,158,297
10/13/2022,TUP,MS,ASO,ES,Federal Contract Tower,0,13,9,23,45,0,3,30,24,57,0,16,39,47,102,64,68,132,234
10/14/2022,TUP,MS,ASO,ES,Federal Contract Tower,1,8,10,15,34,0,5,50,27,82,1,13,60,42,116,98,20,118,234
10/15/2022,TUP,MS,ASO,ES,Federal Contract Tower,1,8,8,1,18,0,2,41,11,54,1,10,49,12,72,52,12,64,136
10/16/2022,TUP,MS,ASO,ES,Federal Contract Tower,0,7,11,0,18,0,4,41,2,47,0,11,52,2,65,44,4,48,113
10/17/2022,TUP,MS,ASO,ES,Federal Contract Tower,0,8,14,42,64,0,4,56,6,66,0,12,70,48,130,62,36,98,228
10/18/2022,TUP,MS,ASO,ES,Federal Contract Tower,0,6,14,34,54,0,2,51,10,63,0,8,65,44,117,56,12,68,185
10/19/2022,TUP,MS,ASO,ES,Federal Contract Tower,0,7,6,36,49,0,8,39,9,56,0,15,45,45,105,42,18,60,165
10/20/2022,TUP,MS,ASO,ES,Federal Contract Tower,1,6,7,32,46,0,5,54,13,72,1,11,61,45,118,70,30,100,218
10/21/2022,TUP,MS,ASO,ES,Federal Contract Tower,2,8,14,31,55,0,4,41,21,66,2,12,55,52,121,64,16,80,201
10/22/2022,TUP,MS,ASO,ES,Federal Contract Tower,2,6,9,6,23,0,4,39,12,55,2,10,48,18,78,66,16,82,160
10/23/2022,TUP,MS,ASO,ES,Federal Contract Tower,0,6,21,10,37,0,4,45,8,57,0,10,66,18,94,54,16,70,164
10/24/2022,TUP,MS,ASO,ES,Federal Contract Tower,0,11,14,36,61,0,6,54,6,66,0,17,68,42,127,42,32,74,201
10/25/2022,TUP,MS,ASO,ES,Federal Contract Tower,0,10,16,0,26,0,1,5,4,10,0,11,21,4,36,8,6,14,50
10/26/2022,TUP,MS,ASO,ES,Federal Contract Tower,0,15,13,37,65,0,5,45,24,74,0,20,58,61,139,92,40,132,271
10/27/2022,TUP,MS,ASO,ES,Federal Contract Tower,0,11,17,32,60,0,1,49,16,66,0,12,66,48,126,90,46,136,262
10/28/2022,TUP,MS,ASO,ES,Federal Contract Tower,4,8,13,20,45,0,3,58,9,70,4,11,71,29,115,84,14,98,213
10/29/2022,TUP,MS,ASO,ES,Federal Contract Tower,0,6,4,0,10,0,1,10,1,12,0,7,14,1,22,6,0,6,28
10/30/2022,TUP,MS,ASO,ES,Federal Contract Tower,0,4,4,0,8,0,1,8,0,9,0,5,12,0,17,8,0,8,25
10/31/2022,TUP,MS,ASO,ES,Federal Contract Tower,0,12,13,44,69,0,3,24,1,28,0,15,37,45,97,34,22,56,153
11/01/2022,TUP,MS,ASO,ES,Federal Contract Tower,1,6,21,28,56,0,2,43,14,59,1,8,64,42,115,82,54,136,251
11/02/2022,TUP,MS,ASO,ES,Federal Contract Tower,1,10,11,34,56,0,3,45,15,63,1,13,56,49,119,64,36,100,219
11/03/2022,TUP,MS,ASO,ES,Federal Contract Tower,0,9,13,29,51,0,2,39,27,68,0,11,52,56,119,52,56,108,227
11/04/2022,TUP,MS,ASO,ES,Federal Contract Tower,0,7,18,16,41,0,3,47,18,68,0,10,65,34,109,40,38,78,187
11/05/2022,TUP,MS,ASO,ES,Federal Contract Tower,0,6,2,0,8,0,0,0,0,0,0,6,2,0,8,0,0,0,8
11/06/2022,TUP,MS,ASO,ES,Federal Contract Tower,0,4,10,0,14,0,2,1,0,3,0,6,11,0,17,0,0,0,17
11/07/2022,TUP,MS,ASO,ES,Federal Contract Tower,1,7,11,16,35,0,6,40,3,49,1,13,51,19,84,68,10,78,162
11/08/2022,TUP,MS,ASO,ES,Federal Contract Tower,0,7,9,8,24,0,2,35,4,41,0,9,44,12,65,50,8,58,123
11/09/2022,TUP,MS,ASO,ES,Federal Contract Tower,0,11,8,37,56,0,1,45,5,51,0,12,53,42,107,58,18,76,183
11/10/2022,TUP,MS,ASO,ES,Federal Contract Tower,0,16,15,24,55,0,2,55,10,67,0,18,70,34,122,88,10,98,220
11/11/2022,TUP,MS,ASO,ES,Federal Contract Tower,2,8,15,3,28,0,4,56,11,71,2,12,71,14,99,66,26,92,191
11/12/2022,TUP,MS,ASO,ES,Federal Contract Tower,0,12,27,2,41,0,0,10,8,18,0,12,37,10,59,6,0,6,65
11/13/2022,TUP,MS,ASO,ES,Federal Contract Tower,0,6,13,1,20,0,2,30,1,33,0,8,43,2,53,36,2,38,91
11/14/2022,TUP,MS,ASO,ES,Federal Contract Tower,0,6,5,36,47,0,5,51,7,63,0,11,56,43,110,96,20,116,226
11/15/2022,TUP,MS,ASO,ES,Federal Contract Tower,0,7,14,37,58,0,3,8,21,32,0,10,22,58,90,20,8,28,118
11/16/2022,TUP,MS,ASO,ES,Federal Contract Tower,0,11,10,31,52,0,7,52,19,78,0,18,62,50,130,98,30,128,258
11/17/2022,TUP,MS,ASO,ES,Federal Contract Tower,0,12,15,38,65,0,3,40,19,62,0,15,55,57,127,68,28,96,223
11/18/2022,TUP,MS,ASO,ES,Federal Contract Tower,2,10,16,14,42,0,3,49,12,64,2,13,65,26,106,62,38,100,206
11/19/2022,TUP,MS,ASO,ES,Federal Contract Tower,0,10,3,0,13,0,3,38,6,47,0,13,41,6,60,46,8,54,114
11/20/2022,TUP,MS,ASO,ES,Federal Contract Tower,0,7,5,0,12,0,2,36,2,40,0,9,41,2,52,26,2,28,80
11/21/2022,TUP,MS,ASO,ES,Federal Contract Tower,2,10,11,16,39,0,4,45,10,59,2,14,56,26,98,46,10,56,154
11/22/2022,TUP,MS,ASO,ES,Federal Contract Tower,1,9,9,14,33,0,5,45,9,59,1,14,54,23,92,58,24,82,174
11/23/2022,TUP,MS,ASO,ES,Federal Contract Tower,0,6,7,16,29,0,6,43,6,55,0,12,50,22,84,62,4,66,150
11/24/2022,TUP,MS,ASO,ES,Federal Contract Tower,0,3,3,0,6,0,1,6,0,7,0,4,9,0,13,0,0,0,13
11/25/2022,TUP,MS,ASO,ES,Federal Contract Tower,0,5,6,0,11,0,2,18,0,20,0,7,24,0,31,14,0,14,45
11/26/2022,TUP,MS,ASO,ES,Federal Contract Tower,0,5,5,0,10,0,0,0,0,0,0,5,5,0,10,0,0,0,10
11/27/2022,TUP,MS,ASO,ES,Federal Contract Tower,0,5,19,0,24,0,6,28,0,34,0,11,47,0,58,42,0,42,100
11/28/2022,TUP,MS,ASO,ES,Federal Contract Tower,2,7,10,10,29,0,4,72,3,79,2,11,82,13,108,110,20,130,238
11/29/2022,TUP,MS,ASO,ES,Federal Contract Tower,0,6,2,0,8,0,0,18,0,18,0,6,20,0,26,36,0,36,62
11/30/2022,TUP,MS,ASO,ES,Federal Contract Tower,0,13,6,6,25,0,10,57,21,88,0,23,63,27,113,78,22,100,213
12/01/2022,TUP,MS,ASO,ES,Federal Contract Tower,0,14,13,27,54,0,9,55,31,95,0,23,68,58,149,96,20,116,265
12/02/2022,TUP,MS,ASO,ES,Federal Contract Tower,0,13,9,20,42,0,3,43,21,67,0,16,52,41,109,52,16,68,177
12/03/2022,TUP,MS,ASO,ES,Federal Contract Tower,0,5,7,10,22,0,2,29,17,48,0,7,36,27,70,38,30,68,138
12/04/2022,TUP,MS,ASO,ES,Federal Contract Tower,0,12,12,0,24,0,5,35,5,45,0,17,47,5,69,54,0,54,123
12/05/2022,TUP,MS,ASO,ES,Federal Contract Tower,0,8,5,0,13,0,0,0,0,0,0,8,5,0,13,0,0,0,13
12/06/2022,TUP,MS,ASO,ES,Federal Contract Tower,0,9,14,16,39,0,0,8,16,24,0,9,22,32,63,6,20,26,89
12/07/2022,TUP,MS,ASO,ES,Federal Contract Tower,0,7,11,17,35,0,0,0,0,0,0,7,11,17,35,0,0,0,35
12/08/2022,TUP,MS,ASO,ES,Federal Contract Tower,0,7,15,23,45,0,4,13,5,22,0,11,28,28,67,24,16,40,107
12/09/2022,TUP,MS,ASO,ES,Federal Contract Tower,0,9,22,13,44,0,0,3,0,3,0,9,25,13,47,30,0,30,77
12/10/2022,TUP,MS,ASO,ES,Federal Contract Tower,0,8,4,0,12,0,0,0,0,0,0,8,4,0,12,0,0,0,12
12/11/2022,TUP,MS,ASO,ES,Federal Contract Tower,0,6,9,0,15,0,0,0,0,0,0,6,9,0,15,0,0,0,15
12/12/2022,TUP,MS,ASO,ES,Federal Contract Tower,0,12,24,30,66,0,0,4,0,4,0,12,28,30,70,24,0,24,94
12/13/2022,TUP,MS,ASO,ES,Federal Contract Tower,0,14,17,15,46,0,0,1,0,1,0,14,18,15,47,0,0,0,47
12/14/2022,TUP,MS,ASO,ES,Federal Contract Tower,0,10,4,0,14,0,0,0,0,0,0,10,4,0,14,0,0,0,14
12/15/2022,TUP,MS,ASO,ES,Federal Contract Tower,0,6,19,21,46,0,6,55,14,75,0,12,74,35,121,110,42,152,273
12/17/2022,TUP,MS,ASO,ES,Federal Contract Tower,0,5,5,4,14,0,3,36,9,48,0,8,41,13,62,42,16,58,120
12/18/2022,TUP,MS,ASO,ES,Federal Contract Tower,0,5,5,4,14,0,9,51,5,65,0,14,56,9,79,66,10,76,155
12/19/2022,TUP,MS,ASO,ES,Federal Contract Tower,0,9,8,36,53,0,4,19,9,32,0,13,27,45,85,36,22,58,143
12/20/2022,TUP,MS,ASO,ES,Federal Contract Tower,0,6,11,38,55,0,5,20,18,43,0,11,31,56,98,54,96,150,248
12/21/2022,TUP,MS,ASO,ES,Federal Contract Tower,0,12,14,51,77,0,2,32,21,55,0,14,46,72,132,26,98,124,256
12/22/2022,TUP,MS,ASO,ES,Federal Contract Tower,0,6,4,0,10,0,0,0,0,0,0,6,4,0,10,0,0,0,10
12/23/2022,TUP,MS,ASO,ES,Federal Contract Tower,0,6,6,0,12,0,0,13,0,13,0,6,19,0,25,0,0,0,25
12/24/2022,TUP,MS,ASO,ES,Federal Contract Tower,0,1,1,0,2,0,2,14,0,16,0,3,15,0,18,2,0,2,20
12/25/2022,TUP,MS,ASO,ES,Federal Contract Tower,4,0,0,0,4,0,3,10,0,13,4,3,10,0,17,12,0,12,29
12/26/2022,TUP,MS,ASO,ES,Federal Contract Tower,2,7,10,0,19,0,0,17,0,17,2,7,27,0,36,10,0,10,46
12/27/2022,TUP,MS,ASO,ES,Federal Contract Tower,2,6,15,0,23,0,2,23,1,26,2,8,38,1,49,38,0,38,87
12/28/2022,TUP,MS,ASO,ES,Federal Contract Tower,2,4,5,0,11,0,4,55,0,59,2,8,60,0,70,98,0,98,168
12/29/2022,TUP,MS,ASO,ES,Federal Contract Tower,6,9,9,0,24,0,3,17,1,21,6,12,26,1,45,40,0,40,85
12/30/2022,TUP,MS,ASO,ES,Federal Contract Tower,0,10,5,0,15,0,0,4,0,4,0,10,9,0,19,0,0,0,19
12/31/2022,TUP,MS,ASO,ES,Federal Contract Tower,0,4,4,0,8,0,1,19,0,20,0,5,23,0,28,10,0,10,38
01/01/2023,TUP,MS,ASO,ES,Federal Contract Tower,0,4,10,0,14,0,3,39,0,42,0,7,49,0,56,80,0,80,136
01/02/2023,TUP,MS,ASO,ES,Federal Contract Tower,0,5,10,0,15,0,1,0,0,1,0,6,10,0,16,0,0,0,16
01/03/2023,TUP,MS,ASO,ES,Federal Contract Tower,0,6,6,0,12,0,2,16,15,33,0,8,22,15,45,28,26,54,99
01/04/2023,TUP,MS,ASO,ES,Federal Contract Tower,0,10,7,23,40,0,5,34,17,56,0,15,41,40,96,74,50,124,220
01/05/2023,TUP,MS,ASO,ES,Federal Contract Tower,0,10,8,27,45,0,3,45,26,74,0,13,53,53,119,50,78,128,247
01/06/2023,TUP,MS,ASO,ES,Federal Contract Tower,1,11,4,13,29,0,2,46,22,70,1,13,50,35,99,91,55,146,245
01/07/2023,TUP,MS,ASO,ES,Federal Contract Tower,1,3,2,2,8,0,0,3,2,5,1,3,5,4,13,22,32,54,67
01/08/2023,TUP,MS,ASO,ES,Federal Contract Tower,2,4,8,6,20,0,0,3,0,3,2,4,11,6,23,0,0,0,23
01/09/2023,TUP,MS,ASO,ES,Federal Contract Tower,0,15,14,27,56,0,2,46,13,61,0,17,60,40,117,62,50,112,229
01/10/2023,TUP,MS,ASO,ES,Federal Contract Tower,0,7,11,46,64,0,3,37,18,58,0,10,48,64,122,64,70,134,256
01/11/2023,TUP,MS,ASO,ES,Federal Contract Tower,0,10,6,43,59,0,2,23,21,46,0,12,29,64,105,20,80,100,205
01/12/2023,TUP,MS,ASO,ES,Federal Contract Tower,0,11,8,0,19,0,0,0,10,10,0,11,8,10,29,0,4,4,33
01/13/2023,TUP,MS,ASO,ES,Federal Contract Tower,0,9,12,1,22,0,2,15,3,20,0,11,27,4,42,16,10,26,68
01/14/2023,TUP,MS,ASO,ES,Federal Contract Tower,0,5,8,0,13,0,2,44,6,52,0,7,52,6,65,92,2,94,159
01/15/2023,TUP,MS,ASO,ES,Federal Contract Tower,0,6,10,0,16,0,4,70,2,76,0,10,80,2,92,76,0,76,168
01/16/2023,TUP,MS,ASO,ES,Federal Contract Tower,0,6,5,0,11,0,2,23,0,25,0,8,28,0,36,30,0,30,66
01/17/2023,TUP,MS,ASO,ES,Federal Contract Tower,0,9,16,45,70,0,2,26,14,42,0,11,42,59,112,40,66,106,218
01/18/2023,TUP,MS,ASO,ES,Federal Contract Tower,0,11,2,4,17,0,0,0,0,0,0,11,2,4,17,0,0,0,17
01/19/2023,TUP,MS,ASO,ES,Federal Contract Tower,0,13,13,6,32,0,4,39,23,66,0,17,52,29,98,40,40,80,178
01/20/2023,TUP,MS,ASO,ES,Federal Contract Tower,0,6,14,27,47,0,5,62,19,86,0,11,76,46,133,90,42,132,265
01/21/2023,TUP,MS,ASO,ES,Federal Contract Tower,0,0,4,0,4,0,3,54,8,65,0,3,58,8,69,80,8,88,157
01/22/2023,TUP,MS,ASO,ES,Federal Contract Tower,0,4,3,0,7,0,3,10,0,13,0,7,13,0,20,10,0,10,30
01/23/2023,TUP,MS,ASO,ES,Federal Contract Tower,0,4,17,22,43,0,4,40,5,49,0,8,57,27,92,74,52,126,218
01/24/2023,TUP,MS,ASO,ES,Federal Contract Tower,0,12,4,14,30,0,0,23,8,31,0,12,27,22,61,22,62,84,145
01/25/2023,TUP,MS,ASO,ES,Federal Contract Tower,0,9,7,20,36,0,0,5,8,13,0,9,12,28,49,30,32,62,111
01/26/2023,TUP,MS,ASO,ES,Federal Contract Tower,0,18,10,26,54,0,1,50,31,82,0,19,60,57,136,88,102,190,326
01/27/2023,TUP,MS,ASO,ES,Federal Contract Tower,2,9,13,14,38,0,2,52,20,74,2,11,65,34,112,52,46,98,210
01/28/2023,TUP,MS,ASO,ES,Federal Contract Tower,0,8,8,17,33,0,2,48,7,57,0,10,56,24,90,46,42,88,178
01/29/2023,TUP,MS,ASO,ES,Federal Contract Tower,1,8,8,0,17,0,0,0,0,0,1,8,8,0,17,0,0,0,17
01/30/2023,TUP,MS,ASO,ES,Federal Contract Tower,0,7,10,8,25,0,0,2,0,2,0,7,12,8,27,10,0,10,37
01/31/2023,TUP,MS,ASO,ES,Federal Contract Tower,0,7,5,0,12,0,0,0,0,0,0,7,5,0,12,0,0,0,12
02/01/2023,TUP,MS,ASO,ES,Federal Contract Tower,2,9,4,0,15,0,0,0,0,0,2,9,4,0,15,0,0,0,15
02/02/2023,TUP,MS,ASO,ES,Federal Contract Tower,0,4,15,0,19,0,0,0,0,0,0,4,15,0,19,0,0,0,19
02/03/2023,TUP,MS,ASO,ES,Federal Contract Tower,1,8,13,27,49,0,0,56,7,63,1,8,69,34,112,82,18,100,212
02/04/2023,TUP,MS,ASO,ES,Federal Contract Tower,0,4,10,0,14,0,0,72,5,77,0,4,82,5,91,82,2,84,175
02/05/2023,TUP,MS,ASO,ES,Federal Contract Tower,2,4,13,0,19,0,9,47,0,56,2,13,60,0,75,80,0,80,155
02/06/2023,TUP,MS,ASO,ES,Federal Contract Tower,0,6,12,14,32,0,2,59,2,63,0,8,71,16,95,108,4,112,207
02/07/2023,TUP,MS,ASO,ES,Federal Contract Tower,0,9,10,32,51,0,2,35,21,58,0,11,45,53,109,56,76,132,241
02/08/2023,TUP,MS,ASO,ES,Federal Contract Tower,0,9,5,17,31,0,0,3,4,7,0,9,8,21,38,0,0,0,38
02/09/2023,TUP,MS,ASO,ES,Federal Contract Tower,0,7,15,24,46,0,4,55,21,80,0,11,70,45,126,78,74,152,278
02/10/2023,TUP,MS,ASO,ES,Federal Contract Tower,0,7,2,6,15,0,2,42,24,68,0,9,44,30,83,48,30,78,161
02/11/2023,TUP,MS,ASO,ES,Federal Contract Tower,0,4,13,0,17,0,2,22,8,32,0,6,35,8,49,30,10,40,89
02/12/2023,TUP,MS,ASO,ES,Federal Contract Tower,0,4,5,18,27,0,5,52,8,65,0,9,57,26,92,46,24,70,162
02/13/2023,TUP,MS,ASO,ES,Federal Contract Tower,0,8,8,20,36,0,10,58,7,75,0,18,66,27,111,62,40,102,213
02/14/2023,TUP,MS,ASO,ES,Federal Contract Tower,0,8,3,26,37,0,0,29,4,33,0,8,32,30,70,8,28,36,106
02/15/2023,TUP,MS,ASO,ES,Federal Contract Tower,0,11,9,10,30,0,2,1,0,3,0,13,10,10,33,0,0,0,33
02/16/2023,TUP,MS,ASO,ES,Federal Contract Tower,0,11,3,0,14,0,0,0,0,0,0,11,3,0,14,0,0,0,14
02/17/2023,TUP,MS,ASO,ES,Federal Contract Tower,0,9,18,12,39,0,2,58,10,70,0,11,76,22,109,104,26,130,239
02/18/2023,TUP,MS,ASO,ES,Federal Contract Tower,0,4,11,0,15,0,4,78,10,92,0,8,89,10,107,70,18,88,195
02/19/2023,TUP,MS,ASO,ES,Federal Contract Tower,0,4,12,0,16,0,5,50,2,57,0,9,62,2,73,64,0,64,137
02/20/2023,TUP,MS,ASO,ES,Federal Contract Tower,0,7,16,0,23,0,7,23,0,30,0,14,39,0,53,12,0,12,65
02/21/2023,TUP,MS,ASO,ES,Federal Contract Tower,0,10,9,40,59,0,1,45,21,67,0,11,54,61,126,60,134,194,320
02/22/2023,TUP,MS,ASO,ES,Federal Contract Tower,0,9,7,14,30,0,4,21,11,36,0,13,28,25,66,26,24,50,116
02/23/2023,TUP,MS,ASO,ES,Federal Contract Tower,0,8,14,39,61,0,9,33,27,69,0,17,47,66,130,30,66,96,226
02/24/2023,TUP,MS,ASO,ES,Federal Contract Tower,0,7,8,12,27,0,0,1,1,2,0,7,9,13,29,0,0,0,29
02/25/2023,TUP,MS,ASO,ES,Federal Contract Tower,0,4,2,0,6,0,0,0,0,0,0,4,2,0,6,0,0,0,6
02/26/2023,TUP,MS,ASO,ES,Federal Contract Tower,0,6,6,2,14,0,0,21,0,21,0,6,27,2,35,12,0,12,47
02/27/2023,TUP,MS,ASO,ES,Federal Contract Tower,2,10,7,0,19,0,2,17,9,28,2,12,24,9,47,12,6,18,65
02/28/2023,TUP,MS,ASO,ES,Federal Contract Tower,1,8,4,27,40,0,7,64,26,97,1,15,68,53,137,82,28,110,247
03/01/2023,TUP,MS,ASO,ES,Federal Contract Tower,2,5,15,51,73,0,3,13,14,30,2,8,28,65,103,40,96,136,239
03/02/2023,TUP,MS,ASO,ES,Federal Contract Tower,0,4,11,1,16,0,0,0,0,0,0,4,11,1,16,0,0,0,16
03/03/2023,TUP,MS,ASO,ES,Federal Contract Tower,0,9,3,0,12,0,0,14,0,14,0,9,17,0,26,2,0,2,28
03/04/2023,TUP,MS,ASO,ES,Federal Contract Tower,0,4,10,1,15,0,0,58,13,71,0,4,68,14,86,36,12,48,134
03/05/2023,TUP,MS,ASO,ES,Federal Contract Tower,0,4,6,0,10,0,0,98,2,100,0,4,104,2,110,88,0,88,198
03/06/2023,TUP,MS,ASO,ES,Federal Contract Tower,0,9,8,15,32,0,8,72,6,86,0,17,80,21,118,96,12,108,226
03/07/2023,TUP,MS,ASO,ES,Federal Contract Tower,0,9,11,14,34,0,1,54,23,78,0,10,65,37,112,74,36,110,222
03/08/2023,TUP,MS,ASO,ES,Federal Contract Tower,0,7,7,33,47,0,0,11,0,11,0,7,18,33,58,0,10,10,68
03/09/2023,TUP,MS,ASO,ES,Federal Contract Tower,0,4,1,8,13,0,1,3,0,4,0,5,4,8,17,0,14,14,31
03/10/2023,TUP,MS,ASO,ES,Federal Contract Tower,0,7,21,69,97,0,0,72,25,97,0,7,93,94,194,46,86,132,326
03/11/2023,TUP,MS,ASO,ES,Federal Contract Tower,0,7,25,0,32,0,0,23,0,23,0,7,48,0,55,30,0,30,85
03/12/2023,TUP,MS,ASO,ES,Federal Contract Tower,0,4,5,0,9,0,0,1,0,1,0,4,6,0,10,0,0,0,10
03/13/2023,TUP,MS,ASO,ES,Federal Contract Tower,0,7,13,24,44,0,2,59,0,61,0,9,72,24,105,56,0,56,161
03/14/2023,TUP,MS,ASO,ES,Federal Contract Tower,0,6,7,21,34,0,6,49,10,65,0,12,56,31,99,24,30,54,153
03/15/2023,TUP,MS,ASO,ES,Federal Contract Tower,1,6,10,23,40,0,2,55,14,71,1,8,65,37,111,42,38,80,191
03/16/2023,TUP,MS,ASO,ES,Federal Contract Tower,0,6,16,32,54,0,1,47,16,64,0,7,63,48,118,32,28,60,178
03/17/2023,TUP,MS,ASO,ES,Federal Contract Tower,0,5,10,12,27,0,0,13,1,14,0,5,23,13,41,12,4,16,57
03/18/2023,TUP,MS,ASO,ES,Federal Contract Tower,0,6,10,0,16,0,5,27,1,33,0,11,37,1,49,38,4,42,91
03/19/2023,TUP,MS,ASO,ES,Federal Contract Tower,0,7,18,0,25,0,2,44,1,47,0,9,62,1,72,56,0,56,128
03/20/2023,TUP,MS,ASO,ES,Federal Contract Tower,0,10,10,27,47,0,8,65,6,79,0,18,75,33,126,80,18,98,224
03/21/2023,TUP,MS,ASO,ES,Federal Contract Tower,0,8,6,19,33,0,2,37,21,60,0,10,43,40,93,44,54,98,191
03/22/2023,TUP,MS,ASO,ES,Federal Contract Tower,0,5,11,22,38,0,1,17,10,28,0,6,28,32,66,22,8,30,96
03/23/2023,TUP,MS,ASO,ES,Federal Contract Tower,0,9,24,34,67,0,2,49,17,68,0,11,73,51,135,36,28,64,199
03/24/2023,TUP,MS,ASO,ES,Federal Contract Tower,0,8,14,25,47,0,0,17,6,23,0,8,31,31,70,6,8,14,84
03/25/2023,TUP,MS,ASO,ES,Federal Contract Tower,2,5,5,6,18,0,2,56,6,64,2,7,61,12,82,74,2,76,158
03/26/2023,TUP,MS,ASO,ES,Federal Contract Tower,2,6,6,20,34,0,2,55,23,80,2,8,61,43,114,58,42,100,214
03/27/2023,TUP,MS,ASO,ES,Federal Contract Tower,0,6,15,22,43,0,4,47,2,53,0,10,62,24,96,42,14,56,152
03/28/2023,TUP,MS,ASO,ES,Federal Contract Tower,0,4,11,35,50,0,2,51,23,76,0,6,62,58,126,40,0,40,166
03/29/2023,TUP,MS,ASO,ES,Federal Contract Tower,0,8,10,31,49,0,4,61,10,75,0,12,71,41,124,44,38,82,206
03/30/2023,TUP,MS,ASO,ES,Federal Contract Tower,0,6,17,4,27,0,1,43,10,54,0,7,60,14,81,20,24,44,125
03/31/2023,TUP,MS,ASO,ES,Federal Contract Tower,0,7,2,0,9,0,0,4,0,4,0,7,6,0,13,0,0,0,13
04/01/2023,TUP,MS,ASO,ES,Federal Contract Tower,0,3,5,0,8,0,0,33,0,33,0,3,38,0,41,12,0,12,53
04/02/2023,TUP,MS,ASO,ES,Federal Contract Tower,2,3,4,6,15,0,0,52,2,54,2,3,56,8,69,50,10,60,129
04/03/2023,TUP,MS,ASO,ES,Federal Contract Tower,0,9,10,6,25,0,1,12,3,16,0,10,22,9,41,10,0,10,51
04/04/2023,TUP,MS,ASO,ES,Federal Contract Tower,0,5,9,32,46,0,3,30,19,52,0,8,39,51,98,58,18,76,174
04/05/2023,TUP,MS,ASO,ES,Federal Contract Tower,0,10,12,28,50,0,0,31,6,37,0,10,43,34,87,26,16,42,129
04/06/2023,TUP,MS,ASO,ES,Federal Contract Tower,0,8,18,4,30,0,0,0,0,0,0,8,18,4,30,0,0,0,30
04/07/2023,TUP,MS,ASO,ES,Federal Contract Tower,0,5,7,14,26,0,0,13,0,13,0,5,20,14,39,0,0,0,39
04/08/2023,TUP,MS,ASO,ES,Federal Contract Tower,0,5,11,0,16,0,0,1,0,1,0,5,12,0,17,0,0,0,17
04/09/2023,TUP,MS,ASO,ES,Federal Contract Tower,0,7,11,0,18,0,0,17,0,17,0,7,28,0,35,0,0,0,35
04/10/2023,TUP,MS,ASO,ES,Federal Contract Tower,0,4,23,30,57,0,0,68,7,75,0,4,91,37,132,32,22,54,186
04/11/2023,TUP,MS,ASO,ES,Federal Contract Tower,0,8,13,23,44,0,1,53,9,63,0,9,66,32,107,44,10,54,161
04/12/2023,TUP,MS,ASO,ES,Federal Contract Tower,0,7,22,33,62,0,2,48,13,63,0,9,70,46,125,50,28,78,203
04/13/2023,TUP,MS,ASO,ES,Federal Contract Tower,1,6,7,16,30,0,2,18,8,28,1,8,25,24,58,36,22,58,116
04/14/2023,TUP,MS,ASO,ES,Federal Contract Tower,1,8,14,14,37,0,1,32,6,39,1,9,46,20,76,40,10,50,126
04/15/2023,TUP,MS,ASO,ES,Federal Contract Tower,0,4,11,2,17,0,1,36,5,42,0,5,47,7,59,52,8,60,119
04/16/2023,TUP,MS,ASO,ES,Federal Contract Tower,0,4,7,0,11,0,2,32,1,35,0,6,39,1,46,34,4,38,84
04/17/2023,TUP,MS,ASO,ES,Federal Contract Tower,0,4,15,36,55,0,8,58,5,71,0,12,73,41,126,40,34,74,200
04/18/2023,TUP,MS,ASO,ES,Federal Contract Tower,0,6,10,30,46,0,4,55,10,69,0,10,65,40,115,76,28,104,219
04/19/2023,TUP,MS,ASO,ES,Federal Contract Tower,1,7,13,34,55,0,4,53,18,75,1,11,66,52,130,64,36,100,230
04/20/2023,TUP,MS,ASO,ES,Federal Contract Tower,0,12,10,53,75,0,3,49,16,68,0,15,59,69,143,48,38,86,229
04/21/2023,TUP,MS,ASO,ES,Federal Contract Tower,0,14,17,0,31,0,0,6,0,6,0,14,23,0,37,2,0,2,39
04/22/2023,TUP,MS,ASO,ES,Federal Contract Tower,2,8,9,0,19,0,2,42,8,52,2,10,51,8,71,46,10,56,127
04/23/2023,TUP,MS,ASO,ES,Federal Contract Tower,0,7,11,0,18,0,2,40,4,46,0,9,51,4,64,40,2,42,106
04/24/2023,TUP,MS,ASO,ES,Federal Contract Tower,0,4,16,35,55,0,0,68,13,81,0,4,84,48,136,48,56,104,240
04/25/2023,TUP,MS,ASO,ES,Federal Contract Tower,0,10,18,21,49,0,1,63,17,81,0,11,81,38,130,54,30,84,214
04/26/2023,TUP,MS,ASO,ES,Federal Contract Tower,0,10,13,13,36,0,0,5,4,9,0,10,18,17,45,6,8,14,59
04/27/2023,TUP,MS,ASO,ES,Federal Contract Tower,1,9,18,12,40,0,0,12,0,12,1,9,30,12,52,14,0,14,66
04/28/2023,TUP,MS,ASO,ES,Federal Contract Tower,0,12,25,37,74,0,3,39,8,50,0,15,64,45,124,56,12,68,192
04/29/2023,TUP,MS,ASO,ES,Federal Contract Tower,0,6,5,0,11,0,3,32,2,37,0,9,37,2,48,26,0,26,74
04/30/2023,TUP,MS,ASO,ES,Federal Contract Tower,0,12,15,0,27,0,3,34,4,41,0,15,49,4,68,20,0,20,88
05/01/2023,TUP,MS,ASO,ES,Federal Contract Tower,0,6,12,32,50,0,0,57,1,58,0,6,69,33,108,40,12,52,160
05/02/2023,TUP,MS,ASO,ES,Federal Contract Tower,0,7,13,20,40,0,2,45,16,63,0,9,58,36,103,30,24,54,157
05/03/2023,TUP,MS,ASO,ES,Federal Contract Tower,0,11,19,27,57,0,2,48,12,62,0,13,67,39,119,44,18,62,181
05/04/2023,TUP,MS,ASO,ES,Federal Contract Tower,0,8,11,14,33,0,1,66,9,76,0,9,77,23,109,88,6,94,203
05/05/2023,TUP,MS,ASO,ES,Federal Contract Tower,0,7,6,16,29,0,1,24,4,29,0,8,30,20,58,40,26,66,124
05/06/2023,TUP,MS,ASO,ES,Federal Contract Tower,1,6,11,0,18,0,1,24,2,27,1,7,35,2,45,40,0,40,85
05/07/2023,TUP,MS,ASO,ES,Federal Contract Tower,0,6,10,4,20,0,1,29,10,40,0,7,39,14,60,18,0,18,78
05/08/2023,TUP,MS,ASO,ES,Federal Contract Tower,0,11,19,52,82,0,2,20,0,22,0,13,39,52,104,8,0,8,112
05/09/2023,TUP,MS,ASO,ES,Federal Contract Tower,0,8,10,10,28,0,2,34,16,52,0,10,44,26,80,40,14,54,134
05/10/2023,TUP,MS,ASO,ES,Federal Contract Tower,1,14,12,32,59,0,2,34,12,48,1,16,46,44,107,48,16,64,171
05/11/2023,TUP,MS,ASO,ES,Federal Contract Tower,1,19,20,26,66,0,1,19,5,25,1,20,39,31,91,26,12,38,129
05/12/2023,TUP,MS,ASO,ES,Federal Contract Tower,0,10,12,2,24,0,1,17,1,19,0,11,29,3,43,8,2,10,53
05/13/2023,TUP,MS,ASO,ES,Federal Contract Tower,0,6,17,0,23,0,4,39,9,52,0,10,56,9,75,42,4,46,121
05/14/2023,TUP,MS,ASO,ES,Federal Contract Tower,0,8,20,0,28,0,3,41,3,47,0,11,61,3,75,56,2,58,133
05/15/2023,TUP,MS,ASO,ES,Federal Contract Tower,0,5,17,0,22,0,0,55,0,55,0,5,72,0,77,76,0,76,153
05/16/2023,TUP,MS,ASO,ES,Federal Contract Tower,0,9,10,20,39,0,0,45,9,54,0,9,55,29,93,58,0,58,151
05/17/2023,TUP,MS,ASO,ES,Federal Contract Tower,2,14,13,38,67,0,7,15,6,28,2,21,28,44,95,26,32,58,153
05/18/2023,TUP,MS,ASO,ES,Federal Contract Tower,0,5,21,24,50,0,3,60,20,83,0,8,81,44,133,40,14,54,187
05/19/2023,TUP,MS,ASO,ES,Federal Contract Tower,0,12,21,14,47,0,1,25,1,27,0,13,46,15,74,34,0,34,108
05/20/2023,TUP,MS,ASO,ES,Federal Contract Tower,0,4,10,4,18,0,8,15,4,27,0,12,25,8,45,10,14,24,69
05/21/2023,TUP,MS,ASO,ES,Federal Contract Tower,0,4,10,4,18,0,1,62,10,73,0,5,72,14,91,50,26,76,167
05/22/2023,TUP,MS,ASO,ES,Federal Contract Tower,0,4,16,28,48,0,0,37,7,44,0,4,53,35,92,34,14,48,140
05/23/2023,TUP,MS,ASO,ES,Federal Contract Tower,0,7,8,17,32,0,3,43,24,70,0,10,51,41,102,44,60,104,206
05/24/2023,TUP,MS,ASO,ES,Federal Contract Tower,0,9,12,30,51,0,5,51,21,77,0,14,63,51,128,56,40,96,224
05/25/2023,TUP,MS,ASO,ES,Federal Contract Tower,0,6,10,17,33,0,4,64,9,77,0,10,74,26,110,66,20,86,196
05/26/2023,TUP,MS,ASO,ES,Federal Contract Tower,1,8,10,0,19,0,6,44,0,50,1,14,54,0,69,52,0,52,121
05/27/2023,TUP,MS,ASO,ES,Federal Contract Tower,0,3,14,0,17,0,0,31,0,31,0,3,45,0,48,10,0,10,58
05/28/2023,TUP,MS,ASO,ES,Federal Contract Tower,0,4,8,0,12,0,2,24,0,26,0,6,32,0,38,8,0,8,46
05/29/2023,TUP,MS,ASO,ES,Federal Contract Tower,0,4,10,0,14,0,1,26,0,27,0,5,36,0,41,10,0,10,51
05/30/2023,TUP,MS,ASO,ES,Federal Contract Tower,0,6,8,28,42,0,3,57,19,79,0,9,65,47,121,34,22,56,177
05/31/2023,TUP,MS,ASO,ES,Federal Contract Tower,0,2,18,21,41,0,1,45,17,63,0,3,63,38,104,34,8,42,146
06/01/2023,TUP,MS,ASO,ES,Federal Contract Tower,0,8,8,2,18,0,3,34,17,54,0,11,42,19,72,10,4,14,86
06/02/2023,TUP,MS,ASO,ES,Federal Contract Tower,0,9,12,25,46,0,3,49,14,66,0,12,61,39,112,36,4,40,152
06/03/2023,TUP,MS,ASO,ES,Federal Contract Tower,0,4,10,16,30,0,2,34,2,38,0,6,44,18,68,10,18,28,96
06/04/2023,TUP,MS,ASO,ES,Federal Contract Tower,1,3,9,6,19,0,4,31,3,38,1,7,40,9,57,30,0,30,87
06/05/2023,TUP,MS,ASO,ES,Federal Contract Tower,0,7,19,0,26,0,5,23,5,33,0,12,42,5,59,8,0,8,67
06/06/2023,TUP,MS,ASO,ES,Federal Contract Tower,0,7,9,35,51,0,3,47,11,61,0,10,56,46,112,28,14,42,154
06/07/2023,TUP,MS,ASO,ES,Federal Contract Tower,0,8,7,39,54,0,3,46,8,57,0,11,53,47,111,48,34,82,193
06/08/2023,TUP,MS,ASO,ES,Federal Contract Tower,0,7,9,22,38,0,3,35,5,43,0,10,44,27,81,30,18,48,129
06/09/2023,TUP,MS,ASO,ES,Federal Contract Tower,0,5,12,48,65,0,3,41,9,53,0,8,53,57,118,36,36,72,190
06/10/2023,TUP,MS,ASO,ES,Federal Contract Tower,0,5,9,6,20,0,3,33,8,44,0,8,42,14,64,24,26,50,114
06/11/2023,TUP,MS,ASO,ES,Federal Contract Tower,0,4,4,10,18,0,2,16,7,25,0,6,20,17,43,16,10,26,69
06/12/2023,TUP,MS,ASO,ES,Federal Contract Tower,0,10,17,69,96,0,2,40,12,54,0,12,57,81,150,48,48,96,246
06/13/2023,TUP,MS,ASO,ES,Federal Contract Tower,0,6,5,46,57,0,2,18,16,36,0,8,23,62,93,24,34,58,151
06/14/2023,TUP,MS,ASO,ES,Federal Contract Tower,0,8,5,26,39,0,2,17,11,30,0,10,22,37,69,24,14,38,107
06/15/2023,TUP,MS,ASO,ES,Federal Contract Tower,1,6,12,26,45,0,5,18,12,35,1,11,30,38,80,8,14,22,102
06/16/2023,TUP,MS,ASO,ES,Federal Contract Tower,0,7,9,17,33,0,2,26,7,35,0,9,35,24,68,28,20,48,116
06/17/2023,TUP,MS,ASO,ES,Federal Contract Tower,0,7,9,0,16,0,2,39,4,45,0,9,48,4,61,72,2,74,135
06/18/2023,TUP,MS,ASO,ES,Federal Contract Tower,0,5,12,0,17,0,0,0,0,0,0,5,12,0,17,0,0,0,17
06/19/2023,TUP,MS,ASO,ES,Federal Contract Tower,0,4,9,0,13,0,3,27,0,30,0,7,36,0,43,18,0,18,61
06/20/2023,TUP,MS,ASO,ES,Federal Contract Tower,0,8,15,18,41,0,2,35,18,55,0,10,50,36,96,86,36,122,218
06/21/2023,TUP,MS,ASO,ES,Federal Contract Tower,0,10,15,24,49,0,2,20,3,25,0,12,35,27,74,18,6,24,98
06/22/2023,TUP,MS,ASO,ES,Federal Contract Tower,0,15,7,6,28,0,3,40,21,64,0,18,47,27,92,38,26,64,156
06/23/2023,TUP,MS,ASO,ES,Federal Contract Tower,0,6,6,23,35,0,1,34,21,56,0,7,40,44,91,26,14,40,131
06/24/2023,TUP,MS,ASO,ES,Federal Contract Tower,0,4,7,0,11,0,1,38,6,45,0,5,45,6,56,22,0,22,78
06/25/2023,TUP,MS,ASO,ES,Federal Contract Tower,0,3,4,0,7,0,2,20,0,22,0,5,24,0,29,14,0,14,43
06/26/2023,TUP,MS,ASO,ES,Federal Contract Tower,0,8,6,4,18,0,3,33,11,47,0,11,39,15,65,22,20,42,107
06/27/2023,TUP,MS,ASO,ES,Federal Contract Tower,0,6,16,2,24,0,6,66,14,86,0,12,82,16,110,62,6,68,178
06/28/2023,TUP,MS,ASO,ES,Federal Contract Tower,0,8,6,8,22,0,3,69,11,83,0,11,75,19,105,80,34,114,219
06/29/2023,TUP,MS,ASO,ES,Federal Contract Tower,0,8,14,16,38,0,3,70,12,85,0,11,84,28,123,76,20,96,219
06/30/2023,TUP,MS,ASO,ES,Federal Contract Tower,0,5,12,20,37,0,4,41,13,58,0,9,53,33,95,26,22,48,143
07/01/2023,TUP,MS,ASO,ES,Federal Contract Tower,0,5,9,0,14,0,1,38,0,39,0,6,47,0,53,26,0,26,79
07/02/2023,TUP,MS,ASO,ES,Federal Contract Tower,0,4,4,0,8,0,3,31,3,37,0,7,35,3,45,26,2,28,73
07/03/2023,TUP,MS,ASO,ES,Federal Contract Tower,0,6,4,0,10,0,2,33,0,35,0,8,37,0,45,46,0,46,91
07/04/2023,TUP,MS,ASO,ES,Federal Contract Tower,0,6,4,4,14,0,0,15,0,15,0,6,19,4,29,8,0,8,37
07/05/2023,TUP,MS,ASO,ES,Federal Contract Tower,0,8,12,47,67,0,5,32,12,49,0,13,44,59,116,40,18,58,174
07/06/2023,TUP,MS,ASO,ES,Federal Contract Tower,0,6,7,19,32,0,4,52,19,75,0,10,59,38,107,36,28,64,171
07/07/2023,TUP,MS,ASO,ES,Federal Contract Tower,0,6,3,20,29,0,4,50,9,63,0,10,53,29,92,46,26,72,164
07/08/2023,TUP,MS,ASO,ES,Federal Contract Tower,0,4,2,0,6,0,0,0,0,0,0,4,2,0,6,0,0,0,6
07/09/2023,TUP,MS,ASO,ES,Federal Contract Tower,0,4,18,1,23,0,0,0,0,0,0,4,18,1,23,0,0,0,23
07/10/2023,TUP,MS,ASO,ES,Federal Contract Tower,0,6,9,30,45,0,3,62,7,72,0,9,71,37,117,86,30,116,233
07/11/2023,TUP,MS,ASO,ES,Federal Contract Tower,0,7,11,24,42,0,11,65,14,90,0,18,76,38,132,54,28,82,214
07/12/2023,TUP,MS,ASO,ES,Federal Contract Tower,0,6,10,14,30,0,2,37,2,41,0,8,47,16,71,32,10,42,113
07/13/2023,TUP,MS,ASO,ES,Federal Contract Tower,0,8,9,20,37,0,5,27,5,37,0,13,36,25,74,70,26,96,170
07/14/2023,TUP,MS,ASO,ES,Federal Contract Tower,0,7,13,4,24,0,1,20,1,22,0,8,33,5,46,14,0,14,60
07/15/2023,TUP,MS,ASO,ES,Federal Contract Tower,0,5,12,0,17,0,2,39,7,48,0,7,51,7,65,26,0,26,91
07/16/2023,TUP,MS,ASO,ES,Federal Contract Tower,0,6,9,4,19,0,4,67,1,72,0,10,76,5,91,70,0,70,161
07/17/2023,TUP,MS,ASO,ES,Federal Contract Tower,0,8,10,30,48,0,1,68,9,78,0,9,78,39,126,28,74,102,228
07/18/2023,TUP,MS,ASO,ES,Federal Contract Tower,1,8,5,17,31,0,8,45,5,58,1,16,50,22,89,42,14,56,145
07/19/2023,TUP,MS,ASO,ES,Federal Contract Tower,1,9,18,21,49,0,3,50,6,59,1,12,68,27,108,42,12,54,162
07/20/2023,TUP,MS,ASO,ES,Federal Contract Tower,0,15,6,8,29,0,4,56,8,68,0,19,62,16,97,82,4,86,183
07/21/2023,TUP,MS,ASO,ES,Federal Contract Tower,0,5,12,4,21,0,5,42,15,62,0,10,54,19,83,36,34,70,153
07/22/2023,TUP,MS,ASO,ES,Federal Contract Tower,0,6,9,0,15,0,13,64,0,77,0,19,73,0,92,74,0,74,166
07/23/2023,TUP,MS,ASO,ES,Federal Contract Tower,0,7,4,2,13,0,11,50,2,63,0,18,54,4,76,58,4,62,138
07/24/2023,TUP,MS,ASO,ES,Federal Contract Tower,0,6,12,22,40,0,8,63,8,79,0,14,75,30,119,74,30,104,223
07/25/2023,TUP,MS,ASO,ES,Federal Contract Tower,0,6,14,26,46,0,2,45,9,56,0,8,59,35,102,52,28,80,182
07/26/2023,TUP,MS,ASO,ES,Federal Contract Tower,0,7,17,32,56,0,2,49,14,65,0,9,66,46,121,74,30,104,225
07/27/2023,TUP,MS,ASO,ES,Federal Contract Tower,0,5,16,26,47,0,9,54,7,70,0,14,70,33,117,52,4,56,173
07/28/2023,TUP,MS,ASO,ES,Federal Contract Tower,0,9,10,19,38,0,12,53,11,76,0,21,63,30,114,84,24,108,222
07/29/2023,TUP,MS,ASO,ES,Federal Contract Tower,0,4,2,0,6,0,8,42,1,51,0,12,44,1,57,70,2,72,129
07/30/2023,TUP,MS,ASO,ES,Federal Contract Tower,0,10,15,0,25,0,7,42,4,53,0,17,57,4,78,60,0,60,138
07/31/2023,TUP,MS,ASO,ES,Federal Contract Tower,0,7,13,12,32,0,8,62,5,75,0,15,75,17,107,60,0,60,167
08/01/2023,TUP,MS,ASO,ES,Federal Contract Tower,0,6,11,37,54,0,4,75,14,93,0,10,86,51,147,104,24,128,275
08/02/2023,TUP,MS,ASO,ES,Federal Contract Tower,0,8,14,28,50,0,6,65,19,90,0,14,79,47,140,50,38,88,228
08/03/2023,TUP,MS,ASO,ES,Federal Contract Tower,0,9,10,41,60,0,4,52,19,75,0,13,62,60,135,38,26,64,199
08/04/2023,TUP,MS,ASO,ES,Federal Contract Tower,0,6,4,10,20,0,5,24,0,29,0,11,28,10,49,22,0,22,71
08/05/2023,TUP,MS,ASO,ES,Federal Contract Tower,0,4,6,0,10,0,14,46,0,60,0,18,52,0,70,46,0,46,116
08/06/2023,TUP,MS,ASO,ES,Federal Contract Tower,0,6,0,3,9,0,4,38,1,43,0,10,38,4,52,42,0,42,94
08/07/2023,TUP,MS,ASO,ES,Federal Contract Tower,0,4,10,18,32,0,7,45,0,52,0,11,55,18,84,62,0,62,146
08/08/2023,TUP,MS,ASO,ES,Federal Contract Tower,0,5,6,17,28,0,2,41,15,58,0,7,47,32,86,40,28,68,154
08/09/2023,TUP,MS,ASO,ES,Federal Contract Tower,0,7,14,6,27,0,2,32,13,47,0,9,46,19,74,52,14,66,140
08/10/2023,TUP,MS,ASO,ES,Federal Contract Tower,0,6,13,16,35,0,17,31,16,64,0,23,44,32,99,40,18,58,157
08/11/2023,TUP,MS,ASO,ES,Federal Contract Tower,1,8,9,8,26,0,10,45,13,68,1,18,54,21,94,66,2,68,162
08/12/2023,TUP,MS,ASO,ES,Federal Contract Tower,0,9,8,0,17,0,9,34,0,43,0,18,42,0,60,14,0,14,74
08/13/2023,TUP,MS,ASO,ES,Federal Contract Tower,0,4,8,0,12,0,5,33,4,42,0,9,41,4,54,30,0,30,84
08/14/2023,TUP,MS,ASO,ES,Federal Contract Tower,0,4,18,18,40,0,7,64,21,92,0,11,82,39,132,44,6,50,182
08/15/2023,TUP,MS,ASO,ES,Federal Contract Tower,0,6,7,30,43,0,7,48,23,78,0,13,55,53,121,60,12,72,193
08/16/2023,TUP,MS,ASO,ES,Federal Contract Tower,0,11,7,18,36,0,14,71,18,103,0,25,78,36,139,64,14,78,217
08/17/2023,TUP,MS,ASO,ES,Federal Contract Tower,0,6,15,26,47,0,5,65,26,96,0,11,80,52,143,70,36,106,249
08/18/2023,TUP,MS,ASO,ES,Federal Contract Tower,0,9,7,17,33,0,8,58,17,83,0,17,65,34,116,80,12,92,208
08/19/2023,TUP,MS,ASO,ES,Federal Contract Tower,0,5,7,0,12,0,6,63,0,69,0,11,70,0,81,58,0,58,139
08/20/2023,TUP,MS,ASO,ES,Federal Contract Tower,0,5,7,2,14,0,5,51,0,56,0,10,58,2,70,36,0,36,106
08/21/2023,TUP,MS,ASO,ES,Federal Contract Tower,0,4,12,18,34,0,10,35,4,49,0,14,47,22,83,10,16,26,109
08/22/2023,TUP,MS,ASO,ES,Federal Contract Tower,0,7,13,10,30,0,3,48,22,73,0,10,61,32,103,28,42,70,173
08/23/2023,TUP,MS,ASO,ES,Federal Contract Tower,0,7,16,2,25,0,3,48,17,68,0,10,64,19,93,20,20,40,133
08/25/2023,TUP,MS,ASO,ES,Federal Contract Tower,0,6,6,23,35,0,5,49,16,70,0,11,55,39,105,36,0,36,141
08/26/2023,TUP,MS,ASO,ES,Federal Contract Tower,0,6,7,0,13,0,3,40,0,43,0,9,47,0,56,44,0,44,100
08/27/2023,TUP,MS,ASO,ES,Federal Contract Tower,0,4,6,1,11,0,2,38,0,40,0,6,44,1,51,38,0,38,89
08/28/2023,TUP,MS,ASO,ES,Federal Contract Tower,0,5,22,24,51,0,9,33,9,51,0,14,55,33,102,10,6,16,118
08/29/2023,TUP,MS,ASO,ES,Federal Contract Tower,0,10,14,66,90,0,4,57,45,106,0,14,71,111,196,64,94,158,354
08/30/2023,TUP,MS,ASO,ES,Federal Contract Tower,0,7,10,18,35,0,12,45,10,67,0,19,55,28,102,32,10,42,144
08/31/2023,TUP,MS,ASO,ES,Federal Contract Tower,0,7,7,25,39,0,9,58,26,93,0,16,65,51,132,62,18,80,212
01/01/2020,TUP,MS,ASO,CE,Federal Contract Tower,0,3,3,0,6,0,4,27,0,31,0,7,30,0,37,22,0,22,59
01/02/2020,TUP,MS,ASO,CE,Federal Contract Tower,0,3,2,0,5,0,0,0,0,0,0,3,2,0,5,0,0,0,5
01/03/2020,TUP,MS,ASO,CE,Federal Contract Tower,0,12,3,6,21,0,0,0,0,0,0,12,3,6,21,0,0,0,21
01/04/2020,TUP,MS,ASO,CE,Federal Contract Tower,0,3,0,0,3,0,2,25,1,28,0,5,25,1,31,44,0,44,75
01/05/2020,TUP,MS,ASO,CE,Federal Contract Tower,0,7,6,0,13,0,7,49,7,63,0,14,55,7,76,74,30,104,180
01/06/2020,TUP,MS,ASO,CE,Federal Contract Tower,0,10,15,42,67,0,3,58,9,70,0,13,73,51,137,24,64,88,225
01/07/2020,TUP,MS,ASO,CE,Federal Contract Tower,0,7,13,31,51,0,9,61,8,78,0,16,74,39,129,70,40,110,239
01/08/2020,TUP,MS,ASO,CE,Federal Contract Tower,1,9,10,29,49,0,9,53,18,80,1,18,63,47,129,58,46,104,233
01/09/2020,TUP,MS,ASO,CE,Federal Contract Tower,0,8,13,52,73,0,7,44,32,83,0,15,57,84,156,42,60,102,258
01/10/2020,TUP,MS,ASO,CE,Federal Contract Tower,0,8,5,30,43,0,2,15,8,25,0,10,20,38,68,20,28,48,116
01/11/2020,TUP,MS,ASO,CE,Federal Contract Tower,2,4,3,1,10,0,0,5,5,10,2,4,8,6,20,2,16,18,38
01/12/2020,TUP,MS,ASO,CE,Federal Contract Tower,0,6,6,1,13,0,4,31,1,36,0,10,37,2,49,26,6,32,81
01/13/2020,TUP,MS,ASO,CE,Federal Contract Tower,0,8,12,48,68,0,2,44,17,63,0,10,56,65,131,44,148,192,323
01/14/2020,TUP,MS,ASO,CE,Federal Contract Tower,1,6,10,18,35,0,0,0,0,0,1,6,10,18,35,0,0,0,35
01/15/2020,TUP,MS,ASO,CE,Federal Contract Tower,0,9,9,26,44,0,3,4,0,7,0,12,13,26,51,0,50,50,101
01/16/2020,TUP,MS,ASO,CE,Federal Contract Tower,0,10,15,22,47,0,5,47,30,82,0,15,62,52,129,40,90,130,259
01/17/2020,TUP,MS,ASO,CE,Federal Contract Tower,0,8,8,28,44,0,2,49,11,62,0,10,57,39,106,38,56,94,200
01/18/2020,TUP,MS,ASO,CE,Federal Contract Tower,0,7,0,0,7,0,0,14,0,14,0,7,14,0,21,6,0,6,27
01/19/2020,TUP,MS,ASO,CE,Federal Contract Tower,0,7,4,5,16,0,5,31,3,39,0,12,35,8,55,42,24,66,121
01/20/2020,TUP,MS,ASO,CE,Federal Contract Tower,0,12,5,5,22,0,8,45,2,55,0,20,50,7,77,30,20,50,127
01/21/2020,TUP,MS,ASO,CE,Federal Contract Tower,0,8,8,42,58,0,8,46,18,72,0,16,54,60,130,34,84,118,248
01/22/2020,TUP,MS,ASO,CE,Federal Contract Tower,0,7,16,19,42,0,9,57,22,88,0,16,73,41,130,60,54,114,244
01/23/2020,TUP,MS,ASO,CE,Federal Contract Tower,0,8,7,44,59,0,2,8,8,18,0,10,15,52,77,12,26,38,115
01/24/2020,TUP,MS,ASO,CE,Federal Contract Tower,0,12,11,26,49,0,2,18,20,40,0,14,29,46,89,16,58,74,163
01/25/2020,TUP,MS,ASO,CE,Federal Contract Tower,0,4,0,10,14,0,2,37,14,53,0,6,37,24,67,62,40,102,169
01/26/2020,TUP,MS,ASO,CE,Federal Contract Tower,2,6,5,0,13,0,6,37,6,49,2,12,42,6,62,30,10,40,102
01/27/2020,TUP,MS,ASO,CE,Federal Contract Tower,0,8,9,28,45,0,2,44,10,56,0,10,53,38,101,30,118,148,249
01/28/2020,TUP,MS,ASO,CE,Federal Contract Tower,0,8,3,37,48,0,9,51,16,76,0,17,54,53,124,20,112,132,256
01/29/2020,TUP,MS,ASO,CE,Federal Contract Tower,0,9,8,40,57,0,3,52,20,75,0,12,60,60,132,42,52,94,226
01/30/2020,TUP,MS,ASO,CE,Federal Contract Tower,0,9,11,22,42,0,4,39,16,59,0,13,50,38,101,44,32,76,177
01/31/2020,TUP,MS,ASO,CE,Federal Contract Tower,0,15,16,25,56,0,4,3,0,7,0,19,19,25,63,2,4,6,69
02/01/2020,TUP,MS,ASO,ES,Federal Contract Tower,0,4,19,1,24,0,3,28,4,35,0,7,47,5,59,34,30,64,123
02/02/2020,TUP,MS,ASO,ES,Federal Contract Tower,0,7,5,0,12,0,2,27,5,34,0,9,32,5,46,30,14,44,90
02/03/2020,TUP,MS,ASO,ES,Federal Contract Tower,0,8,16,22,46,0,5,57,14,76,0,13,73,36,122,24,64,88,210
02/04/2020,TUP,MS,ASO,ES,Federal Contract Tower,0,6,8,10,24,0,0,4,0,4,0,6,12,10,28,6,0,6,34
02/05/2020,TUP,MS,ASO,ES,Federal Contract Tower,0,8,9,0,17,0,0,0,0,0,0,8,9,0,17,0,0,0,17
02/06/2020,TUP,MS,ASO,ES,Federal Contract Tower,0,10,7,32,49,0,0,0,0,0,0,10,7,32,49,0,0,0,49
02/07/2020,TUP,MS,ASO,ES,Federal Contract Tower,1,8,3,30,42,0,6,55,16,77,1,14,58,46,119,54,50,104,223
02/08/2020,TUP,MS,ASO,ES,Federal Contract Tower,1,4,10,0,15,0,4,58,7,69,1,8,68,7,84,56,20,76,160
02/09/2020,TUP,MS,ASO,ES,Federal Contract Tower,0,5,3,9,17,0,2,34,5,41,0,7,37,14,58,36,20,56,114
02/10/2020,TUP,MS,ASO,ES,Federal Contract Tower,0,10,2,0,12,0,0,0,0,0,0,10,2,0,12,0,0,0,12
02/11/2020,TUP,MS,ASO,ES,Federal Contract Tower,0,10,12,15,37,0,0,1,0,1,0,10,13,15,38,0,0,0,38
02/12/2020,TUP,MS,ASO,ES,Federal Contract Tower,0,9,10,0,19,0,0,0,0,0,0,9,10,0,19,0,0,0,19
02/13/2020,TUP,MS,ASO,ES,Federal Contract Tower,0,9,10,40,59,0,6,42,22,70,0,15,52,62,129,42,64,106,235
02/14/2020,TUP,MS,ASO,ES,Federal Contract Tower,0,9,11,35,55,0,9,59,14,82,0,18,70,49,137,72,52,124,261
02/15/2020,TUP,MS,ASO,ES,Federal Contract Tower,0,7,8,0,15,0,5,59,3,67,0,12,67,3,82,66,8,74,156
02/16/2020,TUP,MS,ASO,ES,Federal Contract Tower,0,8,10,8,26,0,3,30,1,34,0,11,40,9,60,38,8,46,106
02/17/2020,TUP,MS,ASO,ES,Federal Contract Tower,0,8,13,2,23,0,1,20,0,21,0,9,33,2,44,10,0,10,54
02/18/2020,TUP,MS,ASO,ES,Federal Contract Tower,0,5,8,0,13,0,0,0,0,0,0,5,8,0,13,0,0,0,13
02/19/2020,TUP,MS,ASO,ES,Federal Contract Tower,0,6,17,39,62,0,7,54,12,73,0,13,71,51,135,62,96,158,293
02/20/2020,TUP,MS,ASO,ES,Federal Contract Tower,0,11,10,0,21,0,3,18,18,39,0,14,28,18,60,26,28,54,114
02/21/2020,TUP,MS,ASO,ES,Federal Contract Tower,0,8,13,10,31,0,4,53,14,71,0,12,66,24,102,60,16,76,178
02/22/2020,TUP,MS,ASO,ES,Federal Contract Tower,0,4,2,12,18,0,3,52,15,70,0,7,54,27,88,50,62,112,200
02/23/2020,TUP,MS,ASO,ES,Federal Contract Tower,0,5,12,14,31,0,5,33,12,50,0,10,45,26,81,30,32,62,143
02/24/2020,TUP,MS,ASO,ES,Federal Contract Tower,0,8,10,0,18,0,4,6,0,10,0,12,16,0,28,0,0,0,28
02/25/2020,TUP,MS,ASO,ES,Federal Contract Tower,0,8,16,21,45,0,6,46,18,70,0,14,62,39,115,56,44,100,215
02/26/2020,TUP,MS,ASO,ES,Federal Contract Tower,0,7,17,10,34,0,4,29,4,37,0,11,46,14,71,14,4,18,89
02/27/2020,TUP,MS,ASO,ES,Federal Contract Tower,0,11,23,17,51,0,6,48,24,78,0,17,71,41,129,64,36,100,229
02/28/2020,TUP,MS,ASO,ES,Federal Contract Tower,0,13,6,16,35,0,2,50,10,62,0,15,56,26,97,60,54,114,211
02/29/2020,TUP,MS,ASO,ES,Federal Contract Tower,0,5,10,0,15,0,4,66,3,73,0,9,76,3,88,92,8,100,188
03/01/2020,TUP,MS,ASO,ES,Federal Contract Tower,0,6,8,14,28,0,4,34,4,42,0,10,42,18,70,30,28,58,128
03/02/2020,TUP,MS,ASO,ES,Federal Contract Tower,0,10,10,10,30,0,2,22,6,30,0,12,32,16,60,14,18,32,92
03/03/2020,TUP,MS,ASO,ES,Federal Contract Tower,2,6,11,1,20,0,9,66,7,82,2,15,77,8,102,62,32,94,196
03/04/2020,TUP,MS,ASO,ES,Federal Contract Tower,0,1,10,10,21,0,4,2,0,6,0,5,12,10,27,0,0,0,27
03/05/2020,TUP,MS,ASO,ES,Federal Contract Tower,0,9,5,2,16,0,6,55,18,79,0,15,60,20,95,62,48,110,205
03/06/2020,TUP,MS,ASO,ES,Federal Contract Tower,0,8,16,15,39,0,4,59,11,74,0,12,75,26,113,60,28,88,201
03/07/2020,TUP,MS,ASO,ES,Federal Contract Tower,0,6,4,6,16,0,4,73,3,80,0,10,77,9,96,52,22,74,170
03/08/2020,TUP,MS,ASO,ES,Federal Contract Tower,0,6,2,5,13,0,4,44,0,48,0,10,46,5,61,46,0,46,107
03/09/2020,TUP,MS,ASO,ES,Federal Contract Tower,0,8,14,2,24,0,3,48,3,54,0,11,62,5,78,24,22,46,124
03/10/2020,TUP,MS,ASO,ES,Federal Contract Tower,0,11,10,28,49,0,4,40,10,54,0,15,50,38,103,46,38,84,187
03/11/2020,TUP,MS,ASO,ES,Federal Contract Tower,1,6,6,2,15,0,2,14,10,26,1,8,20,12,41,12,14,26,67
03/12/2020,TUP,MS,ASO,ES,Federal Contract Tower,0,8,7,32,47,0,6,43,26,75,0,14,50,58,122,56,50,106,228
03/13/2020,TUP,MS,ASO,ES,Federal Contract Tower,1,9,10,3,23,0,6,28,10,44,1,15,38,13,67,28,20,48,115
03/14/2020,TUP,MS,ASO,ES,Federal Contract Tower,0,5,4,0,9,0,5,31,3,39,0,10,35,3,48,20,2,22,70
03/15/2020,TUP,MS,ASO,ES,Federal Contract Tower,0,8,9,0,17,0,1,13,0,14,0,9,22,0,31,0,0,0,31
03/16/2020,TUP,MS,ASO,ES,Federal Contract Tower,0,8,10,15,33,0,4,15,0,19,0,12,25,15,52,0,0,0,52
03/17/2020,TUP,MS,ASO,ES,Federal Contract Tower,0,6,9,18,33,0,4,40,2,46,0,10,49,20,79,36,0,36,115
03/18/2020,TUP,MS,ASO,ES,Federal Contract Tower,0,6,3,25,34,0,6,24,4,34,0,12,27,29,68,30,24,54,122
03/19/2020,TUP,MS,ASO,ES,Federal Contract Tower,0,8,4,29,41,0,4,14,30,48,0,12,18,59,89,16,48,64,153
03/20/2020,TUP,MS,ASO,ES,Federal Contract Tower,0,8,4,0,12,0,0,1,0,1,0,8,5,0,13,0,0,0,13
03/21/2020,TUP,MS,ASO,ES,Federal Contract Tower,0,4,5,1,10,0,3,24,14,41,0,7,29,15,51,6,6,12,63
03/22/2020,TUP,MS,ASO,ES,Federal Contract Tower,0,6,4,0,10,0,2,11,8,21,0,8,15,8,31,22,0,22,53
03/23/2020,TUP,MS,ASO,ES,Federal Contract Tower,0,9,6,10,25,0,0,2,0,2,0,9,8,10,27,0,0,0,27
03/24/2020,TUP,MS,ASO,ES,Federal Contract Tower,0,6,2,4,12,0,0,0,2,2,0,6,2,6,14,0,12,12,26
03/25/2020,TUP,MS,ASO,ES,Federal Contract Tower,0,6,5,18,29,0,2,27,9,38,0,8,32,27,67,42,48,90,157
03/26/2020,TUP,MS,ASO,ES,Federal Contract Tower,0,8,5,12,25,0,3,20,8,31,0,11,25,20,56,24,30,54,110
03/27/2020,TUP,MS,ASO,ES,Federal Contract Tower,0,8,10,6,24,0,2,37,3,42,0,10,47,9,66,38,18,56,122
03/28/2020,TUP,MS,ASO,ES,Federal Contract Tower,0,4,0,12,16,0,5,15,10,30,0,9,15,22,46,16,38,54,100
03/29/2020,TUP,MS,ASO,ES,Federal Contract Tower,0,6,2,0,8,0,5,27,4,36,0,11,29,4,44,36,8,44,88
03/30/2020,TUP,MS,ASO,ES,Federal Contract Tower,0,8,4,8,20,0,1,21,3,25,0,9,25,11,45,20,8,28,73
03/31/2020,TUP,MS,ASO,ES,Federal Contract Tower,0,6,1,12,19,0,0,3,3,6,0,6,4,15,25,0,32,32,57
04/01/2020,TUP,MS,ASO,ES,Federal Contract Tower,0,6,2,10,18,0,2,21,6,29,0,8,23,16,47,32,28,60,107
04/02/2020,TUP,MS,ASO,ES,Federal Contract Tower,0,8,1,14,23,0,2,30,8,40,0,10,31,22,63,34,12,46,109
04/03/2020,TUP,MS,ASO,ES,Federal Contract Tower,0,8,1,10,19,0,0,18,7,25,0,8,19,17,44,36,18,54,98
04/04/2020,TUP,MS,ASO,ES,Federal Contract Tower,0,4,5,11,20,0,7,20,6,33,0,11,25,17,53,32,22,54,107
04/05/2020,TUP,MS,ASO,ES,Federal Contract Tower,0,6,3,0,9,0,6,27,3,36,0,12,30,3,45,20,10,30,75
04/06/2020,TUP,MS,ASO,ES,Federal Contract Tower,0,8,7,8,23,0,4,30,0,34,0,12,37,8,57,6,0,6,63
04/07/2020,TUP,MS,ASO,ES,Federal Contract Tower,0,6,7,2,15,0,0,2,1,3,0,6,9,3,18,0,8,8,26
04/08/2020,TUP,MS,ASO,ES,Federal Contract Tower,0,6,2,0,8,0,4,2,2,8,0,10,4,2,16,0,2,2,18
04/09/2020,TUP,MS,ASO,ES,Federal Contract Tower,0,8,4,26,38,0,2,18,21,41,0,10,22,47,79,14,42,56,135
04/10/2020,TUP,MS,ASO,ES,Federal Contract Tower,0,8,4,20,32,0,4,39,3,46,0,12,43,23,78,48,20,68,146
04/11/2020,TUP,MS,ASO,ES,Federal Contract Tower,0,4,2,8,14,0,5,25,3,33,0,9,27,11,47,32,16,48,95
04/12/2020,TUP,MS,ASO,ES,Federal Contract Tower,0,4,1,0,5,0,0,0,0,0,0,4,1,0,5,0,0,0,5
04/13/2020,TUP,MS,ASO,ES,Federal Contract Tower,0,8,5,20,33,0,2,27,10,39,0,10,32,30,72,10,26,36,108
04/14/2020,TUP,MS,ASO,ES,Federal Contract Tower,0,8,3,22,33,0,7,27,24,58,0,15,30,46,91,26,48,74,165
04/15/2020,TUP,MS,ASO,ES,Federal Contract Tower,0,6,3,18,27,0,4,35,18,57,0,10,38,36,84,58,48,106,190
04/16/2020,TUP,MS,ASO,ES,Federal Contract Tower,0,8,3,14,25,0,1,33,22,56,0,9,36,36,81,20,52,72,153
04/17/2020,TUP,MS,ASO,ES,Federal Contract Tower,0,8,10,16,34,0,8,32,6,46,0,16,42,22,80,34,24,58,138
04/18/2020,TUP,MS,ASO,ES,Federal Contract Tower,0,4,5,12,21,0,4,35,3,42,0,8,40,15,63,40,24,64,127
04/19/2020,TUP,MS,ASO,ES,Federal Contract Tower,0,6,0,0,6,0,0,0,0,0,0,6,0,0,6,0,0,0,6
04/20/2020,TUP,MS,ASO,ES,Federal Contract Tower,0,8,4,22,34,0,2,39,4,45,0,10,43,26,79,46,36,82,161
04/21/2020,TUP,MS,ASO,ES,Federal Contract Tower,0,6,8,14,28,0,8,46,22,76,0,14,54,36,104,38,40,78,182
04/22/2020,TUP,MS,ASO,ES,Federal Contract Tower,0,6,0,14,20,0,3,25,18,46,0,9,25,32,66,12,22,34,100
04/23/2020,TUP,MS,ASO,ES,Federal Contract Tower,0,8,5,15,28,0,2,16,18,36,0,10,21,33,64,4,48,52,116
04/24/2020,TUP,MS,ASO,ES,Federal Contract Tower,0,8,0,16,24,0,4,38,2,44,0,12,38,18,68,32,20,52,120
04/25/2020,TUP,MS,ASO,ES,Federal Contract Tower,0,4,2,2,8,0,6,19,3,28,0,10,21,5,36,16,10,26,62
04/26/2020,TUP,MS,ASO,ES,Federal Contract Tower,0,6,4,0,10,0,4,27,6,37,0,10,31,6,47,26,14,40,87
04/27/2020,TUP,MS,ASO,ES,Federal Contract Tower,0,8,3,3,14,0,8,48,0,56,0,16,51,3,70,64,0,64,134
04/28/2020,TUP,MS,ASO,ES,Federal Contract Tower,0,6,5,20,31,0,38,8,0,46,0,44,13,20,77,30,8,38,115
04/29/2020,TUP,MS,ASO,ES,Federal Contract Tower,0,6,5,11,22,0,2,12,10,24,0,8,17,21,46,16,24,40,86
04/30/2020,TUP,MS,ASO,ES,Federal Contract Tower,0,10,10,20,40,0,0,30,32,62,0,10,40,52,102,18,20,38,140
05/01/2020,TUP,MS,ASO,ES,Federal Contract Tower,0,8,8,14,30,0,3,46,2,51,0,11,54,16,81,30,0,30,111
05/02/2020,TUP,MS,ASO,ES,Federal Contract Tower,0,4,4,20,28,0,6,38,5,49,0,10,42,25,77,24,24,48,125
05/03/2020,TUP,MS,ASO,ES,Federal Contract Tower,0,6,4,0,10,0,5,28,1,34,0,11,32,1,44,34,0,34,78
05/04/2020,TUP,MS,ASO,ES,Federal Contract Tower,0,8,7,8,23,0,6,36,0,42,0,14,43,8,65,80,0,80,145
05/05/2020,TUP,MS,ASO,ES,Federal Contract Tower,0,8,1,28,37,0,4,36,21,61,0,12,37,49,98,38,62,100,198
05/06/2020,TUP,MS,ASO,ES,Federal Contract Tower,0,8,9,10,27,0,6,34,10,50,0,14,43,20,77,26,32,58,135
05/07/2020,TUP,MS,ASO,ES,Federal Contract Tower,0,8,3,14,25,0,2,49,20,71,0,10,52,34,96,46,28,74,170
05/08/2020,TUP,MS,ASO,ES,Federal Contract Tower,0,8,4,4,16,0,4,4,0,8,0,12,8,4,24,0,0,0,24
05/09/2020,TUP,MS,ASO,ES,Federal Contract Tower,0,4,2,10,16,0,10,45,8,63,0,14,47,18,79,38,34,72,151
05/10/2020,TUP,MS,ASO,ES,Federal Contract Tower,0,6,2,0,8,0,5,54,0,59,0,11,56,0,67,44,0,44,111
05/11/2020,TUP,MS,ASO,ES,Federal Contract Tower,0,8,12,4,24,0,12,42,2,56,0,20,54,6,80,36,0,36,116
05/12/2020,TUP,MS,ASO,ES,Federal Contract Tower,0,6,7,18,31,0,3,42,24,69,0,9,49,42,100,72,24,96,196
05/13/2020,TUP,MS,ASO,ES,Federal Contract Tower,0,8,12,14,34,0,2,47,8,57,0,10,59,22,91,68,28,96,187
05/14/2020,TUP,MS,ASO,ES,Federal Contract Tower,0,8,15,18,41,0,3,26,24,53,0,11,41,42,94,50,22,72,166
05/15/2020,TUP,MS,ASO,ES,Federal Contract Tower,0,8,7,26,41,0,2,31,7,40,0,10,38,33,81,18,28,46,127
05/16/2020,TUP,MS,ASO,ES,Federal Contract Tower,0,4,3,4,11,0,5,31,7,43,0,9,34,11,54,30,24,54,108
05/17/2020,TUP,MS,ASO,ES,Federal Contract Tower,0,6,1,0,7,0,3,23,0,26,0,9,24,0,33,48,0,48,81
05/18/2020,TUP,MS,ASO,ES,Federal Contract Tower,0,8,9,20,37,0,4,45,6,55,0,12,54,26,92,90,74,164,256
05/19/2020,TUP,MS,ASO,ES,Federal Contract Tower,0,7,7,16,30,0,5,47,11,63,0,12,54,27,93,96,32,128,221
05/20/2020,TUP,MS,ASO,ES,Federal Contract Tower,0,6,4,2,12,0,4,40,10,54,0,10,44,12,66,54,18,72,138
05/21/2020,TUP,MS,ASO,ES,Federal Contract Tower,0,8,11,16,35,0,8,54,21,83,0,16,65,37,118,86,32,118,236
05/22/2020,TUP,MS,ASO,ES,Federal Contract Tower,0,6,5,0,11,0,0,25,4,29,0,6,30,4,40,32,4,36,76
05/23/2020,TUP,MS,ASO,ES,Federal Contract Tower,0,3,4,2,9,0,4,30,2,36,0,7,34,4,45,42,8,50,95
05/24/2020,TUP,MS,ASO,ES,Federal Contract Tower,0,6,3,0,9,0,8,31,2,41,0,14,34,2,50,50,2,52,102
05/25/2020,TUP,MS,ASO,ES,Federal Contract Tower,0,6,6,0,12,0,3,38,0,41,0,9,44,0,53,34,0,34,87
05/26/2020,TUP,MS,ASO,ES,Federal Contract Tower,0,9,5,0,14,0,1,7,0,8,0,10,12,0,22,10,0,10,32
05/27/2020,TUP,MS,ASO,ES,Federal Contract Tower,0,6,15,32,53,0,2,33,7,42,0,8,48,39,95,32,30,62,157
05/28/2020,TUP,MS,ASO,ES,Federal Contract Tower,0,8,8,8,24,0,3,30,14,47,0,11,38,22,71,34,40,74,145
05/29/2020,TUP,MS,ASO,ES,Federal Contract Tower,0,8,9,14,31,0,5,48,3,56,0,13,57,17,87,58,34,92,179
05/30/2020,TUP,MS,ASO,ES,Federal Contract Tower,0,6,5,0,11,0,9,38,3,50,0,15,43,3,61,64,16,80,141
05/31/2020,TUP,MS,ASO,ES,Federal Contract Tower,0,6,7,0,13,0,3,40,2,45,0,9,47,2,58,44,0,44,102
06/01/2020,TUP,MS,ASO,ES,Federal Contract Tower,0,8,8,34,50,0,1,45,10,56,0,9,53,44,106,42,40,82,188
06/02/2020,TUP,MS,ASO,ES,Federal Contract Tower,0,6,1,18,25,0,5,56,9,70,0,11,57,27,95,56,26,82,177
06/03/2020,TUP,MS,ASO,ES,Federal Contract Tower,0,6,13,16,35,0,4,38,8,50,0,10,51,24,85,42,18,60,145
06/04/2020,TUP,MS,ASO,ES,Federal Contract Tower,0,8,6,26,40,0,7,51,11,69,0,15,57,37,109,58,34,92,201
06/05/2020,TUP,MS,ASO,ES,Federal Contract Tower,0,10,4,10,24,0,4,36,6,46,0,14,40,16,70,38,36,74,144
06/06/2020,TUP,MS,ASO,ES,Federal Contract Tower,0,4,4,0,8,0,5,47,11,63,0,9,51,11,71,66,0,66,137
06/07/2020,TUP,MS,ASO,ES,Federal Contract Tower,0,8,6,2,16,0,5,24,7,36,0,13,30,9,52,26,12,38,90
06/08/2020,TUP,MS,ASO,ES,Federal Contract Tower,0,8,2,0,10,0,0,0,0,0,0,8,2,0,10,0,0,0,10
06/09/2020,TUP,MS,ASO,ES,Federal Contract Tower,0,6,4,22,32,0,0,47,11,58,0,6,51,33,90,54,14,68,158
06/10/2020,TUP,MS,ASO,ES,Federal Contract Tower,0,6,10,34,50,0,6,51,12,69,0,12,61,46,119,54,28,82,201
06/11/2020,TUP,MS,ASO,ES,Federal Contract Tower,0,8,8,20,36,0,9,70,26,105,0,17,78,46,141,98,64,162,303
06/12/2020,TUP,MS,ASO,ES,Federal Contract Tower,0,8,9,27,44,0,5,48,8,61,0,13,57,35,105,48,30,78,183
06/13/2020,TUP,MS,ASO,ES,Federal Contract Tower,0,3,15,0,18,0,7,51,1,59,0,10,66,1,77,82,2,84,161
06/14/2020,TUP,MS,ASO,ES,Federal Contract Tower,0,6,7,0,13,0,9,53,2,64,0,15,60,2,77,70,16,86,163
06/15/2020,TUP,MS,ASO,ES,Federal Contract Tower,0,10,3,28,41,0,8,54,2,64,0,18,57,30,105,112,62,174,279
06/16/2020,TUP,MS,ASO,ES,Federal Contract Tower,0,6,5,16,27,0,7,59,3,69,0,13,64,19,96,84,48,132,228
06/17/2020,TUP,MS,ASO,ES,Federal Contract Tower,0,6,4,18,28,0,10,58,8,76,0,16,62,26,104,96,26,122,226
06/18/2020,TUP,MS,ASO,ES,Federal Contract Tower,0,8,7,25,40,0,5,56,24,85,0,13,63,49,125,114,80,194,319
06/19/2020,TUP,MS,ASO,ES,Federal Contract Tower,0,10,3,25,38,0,5,39,8,52,0,15,42,33,90,58,14,72,162
06/20/2020,TUP,MS,ASO,ES,Federal Contract Tower,0,5,7,0,12,0,3,26,2,31,0,8,33,2,43,62,16,78,121
06/22/2020,TUP,MS,ASO,ES,Federal Contract Tower,0,9,8,16,33,0,3,13,0,16,0,12,21,16,49,20,0,20,69
06/23/2020,TUP,MS,ASO,ES,Federal Contract Tower,0,6,12,28,46,0,1,8,2,11,0,7,20,30,57,20,22,42,99
06/24/2020,TUP,MS,ASO,ES,Federal Contract Tower,0,6,11,16,33,0,2,5,2,9,0,8,16,18,42,0,8,8,50
06/25/2020,TUP,MS,ASO,ES,Federal Contract Tower,0,8,6,4,18,0,0,3,5,8,0,8,9,9,26,8,22,30,56
06/26/2020,TUP,MS,ASO,ES,Federal Contract Tower,0,10,7,10,27,0,1,1,10,12,0,11,8,20,39,0,24,24,63
06/27/2020,TUP,MS,ASO,ES,Federal Contract Tower,0,3,1,0,4,0,5,1,8,14,0,8,2,8,18,0,4,4,22
06/28/2020,TUP,MS,ASO,ES,Federal Contract Tower,0,6,2,0,8,0,9,40,2,51,0,15,42,2,59,76,4,80,139
06/29/2020,TUP,MS,ASO,ES,Federal Contract Tower,0,8,16,12,36,0,5,56,1,62,0,13,72,13,98,94,4,98,196
06/30/2020,TUP,MS,ASO,ES,Federal Contract Tower,0,5,4,42,51,0,4,72,29,105,0,9,76,71,156,112,90,202,358
07/01/2020,TUP,MS,ASO,ES,Federal Contract Tower,0,6,12,12,30,0,0,9,0,9,0,6,21,12,39,0,0,0,39
07/02/2020,TUP,MS,ASO,ES,Federal Contract Tower,0,8,6,24,38,0,6,34,10,50,0,14,40,34,88,58,62,120,208
07/03/2020,TUP,MS,ASO,ES,Federal Contract Tower,0,8,2,0,10,0,7,27,7,41,0,15,29,7,51,36,16,52,103
07/04/2020,TUP,MS,ASO,ES,Federal Contract Tower,0,4,0,0,4,0,6,17,2,25,0,10,17,2,29,0,0,0,29
07/05/2020,TUP,MS,ASO,ES,Federal Contract Tower,0,6,11,0,17,0,2,19,2,23,0,8,30,2,40,14,6,20,60
07/06/2020,TUP,MS,ASO,ES,Federal Contract Tower,0,8,4,0,12,0,2,56,2,60,0,10,60,2,72,84,0,84,156
07/07/2020,TUP,MS,ASO,ES,Federal Contract Tower,0,6,10,46,62,0,3,46,20,69,0,9,56,66,131,42,106,148,279
07/08/2020,TUP,MS,ASO,ES,Federal Contract Tower,0,10,8,42,60,0,10,51,10,71,0,20,59,52,131,62,52,114,245
07/09/2020,TUP,MS,ASO,ES,Federal Contract Tower,0,11,6,62,79,0,8,55,13,76,0,19,61,75,155,50,92,142,297
07/10/2020,TUP,MS,ASO,ES,Federal Contract Tower,0,10,3,38,51,0,8,54,14,76,0,18,57,52,127,68,38,106,233
07/11/2020,TUP,MS,ASO,ES,Federal Contract Tower,0,4,5,4,13,0,8,32,8,48,0,12,37,12,61,64,62,126,187
07/12/2020,TUP,MS,ASO,ES,Federal Contract Tower,0,6,4,0,10,0,8,25,1,34,0,14,29,1,44,34,0,34,78
07/13/2020,TUP,MS,ASO,ES,Federal Contract Tower,0,8,8,34,50,0,6,37,5,48,0,14,45,39,98,58,38,96,194
07/14/2020,TUP,MS,ASO,ES,Federal Contract Tower,0,8,14,23,45,0,6,71,16,93,0,14,85,39,138,132,32,164,302
07/15/2020,TUP,MS,ASO,ES,Federal Contract Tower,0,10,1,27,38,0,10,68,17,95,0,20,69,44,133,92,64,156,289
07/16/2020,TUP,MS,ASO,ES,Federal Contract Tower,0,8,6,31,45,0,7,73,22,102,0,15,79,53,147,88,54,142,289
07/17/2020,TUP,MS,ASO,ES,Federal Contract Tower,0,8,9,22,39,0,4,35,10,49,0,12,44,32,88,48,30,78,166
07/18/2020,TUP,MS,ASO,ES,Federal Contract Tower,0,4,5,0,9,0,11,47,6,64,0,15,52,6,73,84,18,102,175
07/19/2020,TUP,MS,ASO,ES,Federal Contract Tower,0,6,6,0,12,0,6,44,2,52,0,12,50,2,64,58,10,68,132
07/20/2020,TUP,MS,ASO,ES,Federal Contract Tower,0,8,11,19,38,0,7,62,3,72,0,15,73,22,110,60,8,68,178
07/21/2020,TUP,MS,ASO,ES,Federal Contract Tower,0,8,3,36,47,0,7,46,7,60,0,15,49,43,107,92,20,112,219
07/22/2020,TUP,MS,ASO,ES,Federal Contract Tower,0,6,7,29,42,0,10,56,10,76,0,16,63,39,118,78,37,115,233
07/23/2020,TUP,MS,ASO,ES,Federal Contract Tower,0,8,3,22,33,0,8,49,9,66,0,16,52,31,99,66,26,92,191
07/24/2020,TUP,MS,ASO,ES,Federal Contract Tower,0,8,8,38,54,0,7,44,15,66,0,15,52,53,120,56,58,114,234
07/25/2020,TUP,MS,ASO,ES,Federal Contract Tower,0,4,10,0,14,0,6,29,5,40,0,10,39,5,54,54,20,74,128
07/26/2020,TUP,MS,ASO,ES,Federal Contract Tower,0,6,3,0,9,0,6,32,0,38,0,12,35,0,47,38,12,50,97
07/27/2020,TUP,MS,ASO,ES,Federal Contract Tower,0,10,5,18,33,0,6,32,2,40,0,16,37,20,73,76,16,92,165
07/28/2020,TUP,MS,ASO,ES,Federal Contract Tower,0,8,9,46,63,0,6,51,20,77,0,14,60,66,140,46,116,162,302
07/29/2020,TUP,MS,ASO,ES,Federal Contract Tower,0,6,9,25,40,0,4,27,12,43,0,10,36,37,83,54,20,74,157
07/30/2020,TUP,MS,ASO,ES,Federal Contract Tower,0,8,6,30,44,0,5,24,8,37,0,13,30,38,81,40,26,66,147
07/31/2020,TUP,MS,ASO,ES,Federal Contract Tower,0,8,4,20,32,0,5,31,11,47,0,13,35,31,79,42,52,94,173
08/01/2020,TUP,MS,ASO,ES,Federal Contract Tower,0,4,6,0,10,0,4,18,0,22,0,8,24,0,32,28,0,28,60
08/02/2020,TUP,MS,ASO,ES,Federal Contract Tower,0,7,4,4,15,0,11,37,3,51,0,18,41,7,66,40,26,66,132
08/03/2020,TUP,MS,ASO,ES,Federal Contract Tower,0,9,7,16,32,0,7,57,5,69,0,16,64,21,101,62,30,92,193
08/04/2020,TUP,MS,ASO,ES,Federal Contract Tower,0,8,5,38,51,0,6,43,14,63,0,14,48,52,114,46,40,86,200
08/05/2020,TUP,MS,ASO,ES,Federal Contract Tower,0,8,3,42,53,0,8,61,12,81,0,16,64,54,134,74,44,118,252
08/06/2020,TUP,MS,ASO,ES,Federal Contract Tower,0,8,11,42,61,0,8,45,10,63,0,16,56,52,124,60,42,102,226
08/07/2020,TUP,MS,ASO,ES,Federal Contract Tower,0,9,5,48,62,0,6,33,6,45,0,15,38,54,107,52,20,72,179
08/08/2020,TUP,MS,ASO,ES,Federal Contract Tower,0,4,3,0,7,0,10,44,8,62,0,14,47,8,69,60,10,70,139
08/09/2020,TUP,MS,ASO,ES,Federal Contract Tower,0,6,2,0,8,0,6,31,8,45,0,12,33,8,53,86,6,92,145
08/10/2020,TUP,MS,ASO,ES,Federal Contract Tower,0,10,8,40,58,0,8,45,5,58,0,18,53,45,116,70,26,96,212
08/11/2020,TUP,MS,ASO,ES,Federal Contract Tower,0,6,4,18,28,0,4,36,6,46,0,10,40,24,74,62,14,76,150
08/12/2020,TUP,MS,ASO,ES,Federal Contract Tower,0,8,8,46,62,0,6,31,5,42,0,14,39,51,104,52,20,72,176
08/13/2020,TUP,MS,ASO,ES,Federal Contract Tower,0,12,9,28,49,0,8,46,6,60,0,20,55,34,109,60,18,78,187
08/14/2020,TUP,MS,ASO,ES,Federal Contract Tower,0,11,7,4,22,0,5,17,7,29,0,16,24,11,51,14,50,64,115
08/15/2020,TUP,MS,ASO,ES,Federal Contract Tower,0,4,8,28,40,0,12,35,7,54,0,16,43,35,94,66,44,110,204
08/16/2020,TUP,MS,ASO,ES,Federal Contract Tower,0,6,1,4,11,0,5,18,3,26,0,11,19,7,37,24,16,40,77
08/17/2020,TUP,MS,ASO,ES,Federal Contract Tower,0,9,6,34,49,0,8,26,7,41,0,17,32,41,90,22,66,88,178
08/18/2020,TUP,MS,ASO,ES,Federal Contract Tower,0,5,5,32,42,0,7,36,12,55,0,12,41,44,97,88,42,130,227
08/19/2020,TUP,MS,ASO,ES,Federal Contract Tower,0,7,12,33,52,0,6,31,5,42,0,13,43,38,94,40,0,40,134
08/20/2020,TUP,MS,ASO,ES,Federal Contract Tower,0,8,14,42,64,0,15,38,30,83,0,23,52,72,147,34,112,146,293
08/21/2020,TUP,MS,ASO,ES,Federal Contract Tower,0,10,15,18,43,0,1,19,9,29,0,11,34,27,72,4,12,16,88
08/22/2020,TUP,MS,ASO,ES,Federal Contract Tower,0,7,4,7,18,0,6,14,5,25,0,13,18,12,43,22,0,22,65
08/23/2020,TUP,MS,ASO,ES,Federal Contract Tower,0,7,7,0,14,0,9,38,1,48,0,16,45,1,62,52,10,62,124
08/24/2020,TUP,MS,ASO,ES,Federal Contract Tower,0,8,7,24,39,0,9,49,20,78,0,17,56,44,117,60,10,70,187
08/25/2020,TUP,MS,ASO,ES,Federal Contract Tower,0,6,7,31,44,0,0,10,5,15,0,6,17,36,59,6,46,52,111
08/26/2020,TUP,MS,ASO,ES,Federal Contract Tower,0,10,4,35,49,0,4,29,6,39,0,14,33,41,88,30,26,56,144
08/27/2020,TUP,MS,ASO,ES,Federal Contract Tower,0,8,6,22,36,0,0,17,24,41,0,8,23,46,77,10,86,96,173
08/28/2020,TUP,MS,ASO,ES,Federal Contract Tower,0,8,7,22,37,0,0,0,0,0,0,8,7,22,37,0,0,0,37
08/29/2020,TUP,MS,ASO,ES,Federal Contract Tower,0,7,9,0,16,0,0,29,13,42,0,7,38,13,58,22,22,44,102
08/30/2020,TUP,MS,ASO,ES,Federal Contract Tower,0,6,8,0,14,0,2,16,2,20,0,8,24,2,34,26,12,38,72
08/31/2020,TUP,MS,ASO,ES,Federal Contract Tower,0,11,11,14,36,0,0,8,5,13,0,11,19,19,49,0,4,4,53
09/01/2020,TUP,MS,ASO,ES,Federal Contract Tower,0,10,22,16,48,0,10,34,14,58,0,20,56,30,106,54,22,76,182
09/02/2020,TUP,MS,ASO,ES,Federal Contract Tower,0,8,24,43,75,0,8,31,7,46,0,16,55,50,121,28,9,37,158
09/03/2020,TUP,MS,ASO,ES,Federal Contract Tower,0,8,12,38,58,0,8,47,11,66,0,16,59,49,124,66,24,90,214
09/04/2020,TUP,MS,ASO,ES,Federal Contract Tower,0,12,10,0,22,0,3,36,2,41,0,15,46,2,63,76,6,82,145
09/05/2020,TUP,MS,ASO,ES,Federal Contract Tower,0,4,5,0,9,0,5,40,4,49,0,9,45,4,58,52,8,60,118
09/06/2020,TUP,MS,ASO,ES,Federal Contract Tower,0,6,1,0,7,0,7,37,5,49,0,13,38,5,56,46,0,46,102
09/07/2020,TUP,MS,ASO,ES,Federal Contract Tower,0,6,4,0,10,0,8,42,0,50,0,14,46,0,60,60,0,60,120
09/08/2020,TUP,MS,ASO,ES,Federal Contract Tower,0,10,9,47,66,0,8,65,13,86,0,18,74,60,152,104,64,168,320
09/09/2020,TUP,MS,ASO,ES,Federal Contract Tower,0,10,2,28,40,0,8,43,9,60,0,18,45,37,100,80,18,98,198
09/10/2020,TUP,MS,ASO,ES,Federal Contract Tower,0,12,11,22,45,0,8,60,7,75,0,20,71,29,120,82,34,116,236
09/11/2020,TUP,MS,ASO,ES,Federal Contract Tower,0,9,11,26,46,0,4,26,8,38,0,13,37,34,84,38,54,92,176
09/12/2020,TUP,MS,ASO,ES,Federal Contract Tower,0,6,4,2,12,0,0,10,2,12,0,6,14,4,24,22,6,28,52
09/13/2020,TUP,MS,ASO,ES,Federal Contract Tower,0,6,7,0,13,0,0,10,0,10,0,6,17,0,23,16,0,16,39
09/14/2020,TUP,MS,ASO,ES,Federal Contract Tower,0,9,13,45,67,0,2,47,6,55,0,11,60,51,122,42,28,70,192
09/15/2020,TUP,MS,ASO,ES,Federal Contract Tower,0,8,7,66,81,0,6,54,19,79,0,14,61,85,160,48,30,78,238
09/16/2020,TUP,MS,ASO,ES,Federal Contract Tower,0,6,9,45,60,0,0,13,1,14,0,6,22,46,74,6,0,6,80
09/17/2020,TUP,MS,ASO,ES,Federal Contract Tower,0,8,6,60,74,0,5,60,23,88,0,13,66,83,162,79,64,143,305
09/18/2020,TUP,MS,ASO,ES,Federal Contract Tower,0,11,7,32,50,0,3,38,28,69,0,14,45,60,119,42,98,140,259
09/19/2020,TUP,MS,ASO,ES,Federal Contract Tower,0,4,6,0,10,0,5,29,9,43,0,9,35,9,53,36,36,72,125
09/20/2020,TUP,MS,ASO,ES,Federal Contract Tower,0,6,3,0,9,0,12,47,2,61,0,18,50,2,70,70,4,74,144
09/21/2020,TUP,MS,ASO,ES,Federal Contract Tower,0,8,6,24,38,0,10,58,10,78,0,18,64,34,116,80,38,118,234
09/22/2020,TUP,MS,ASO,ES,Federal Contract Tower,0,7,11,28,46,0,4,45,21,70,0,11,56,49,116,78,54,132,248
09/23/2020,TUP,MS,ASO,ES,Federal Contract Tower,0,9,18,19,46,0,2,5,1,8,0,11,23,20,54,4,12,16,70
09/24/2020,TUP,MS,ASO,ES,Federal Contract Tower,0,11,5,3,19,0,0,0,0,0,0,11,5,3,19,0,0,0,19
09/25/2020,TUP,MS,ASO,ES,Federal Contract Tower,0,9,11,29,49,0,4,11,3,18,0,13,22,32,67,10,0,10,77
09/26/2020,TUP,MS,ASO,ES,Federal Contract Tower,1,5,7,0,13,0,4,24,0,28,1,9,31,0,41,66,0,66,107
09/27/2020,TUP,MS,ASO,ES,Federal Contract Tower,0,7,4,2,13,0,11,41,0,52,0,18,45,2,65,44,0,44,109
09/28/2020,TUP,MS,ASO,ES,Federal Contract Tower,0,7,8,26,41,0,0,25,1,26,0,7,33,27,67,56,10,66,133
09/29/2020,TUP,MS,ASO,ES,Federal Contract Tower,0,6,9,30,45,0,5,50,7,62,0,11,59,37,107,88,68,156,263
09/30/2020,TUP,MS,ASO,ES,Federal Contract Tower,0,8,15,32,55,0,5,32,8,45,0,13,47,40,100,54,22,76,176
10/01/2020,TUP,MS,ASO,ES,Federal Contract Tower,0,10,13,38,61,0,4,60,11,75,0,14,73,49,136,62,30,92,228
10/02/2020,TUP,MS,ASO,ES,Federal Contract Tower,2,6,5,48,61,0,4,67,13,84,2,10,72,61,145,108,90,198,343
10/03/2020,TUP,MS,ASO,ES,Federal Contract Tower,0,7,2,0,9,0,1,55,7,63,0,8,57,7,72,44,4,48,120
10/04/2020,TUP,MS,ASO,ES,Federal Contract Tower,0,7,3,0,10,0,4,53,0,57,0,11,56,0,67,80,0,80,147
10/05/2020,TUP,MS,ASO,ES,Federal Contract Tower,0,6,8,42,56,0,0,59,12,71,0,6,67,54,127,68,106,174,301
10/06/2020,TUP,MS,ASO,ES,Federal Contract Tower,0,4,6,25,35,0,4,56,7,67,0,8,62,32,102,88,40,128,230
10/07/2020,TUP,MS,ASO,ES,Federal Contract Tower,0,6,23,24,53,0,7,61,8,76,0,13,84,32,129,58,34,92,221
10/08/2020,TUP,MS,ASO,ES,Federal Contract Tower,1,6,6,0,13,0,6,44,6,56,1,12,50,6,69,76,38,114,183
10/09/2020,TUP,MS,ASO,ES,Federal Contract Tower,0,6,5,0,11,0,4,39,4,47,0,10,44,4,58,36,14,50,108
10/10/2020,TUP,MS,ASO,ES,Federal Contract Tower,0,3,0,0,3,0,0,0,0,0,0,3,0,0,3,0,0,0,3
10/11/2020,TUP,MS,ASO,ES,Federal Contract Tower,0,5,7,0,12,0,6,15,0,21,0,11,22,0,33,34,0,34,67
10/12/2020,TUP,MS,ASO,ES,Federal Contract Tower,0,6,26,0,32,0,6,34,0,40,0,12,60,0,72,62,0,62,134
10/13/2020,TUP,MS,ASO,ES,Federal Contract Tower,0,4,21,34,59,0,2,32,7,41,0,6,53,41,100,44,46,90,190
10/14/2020,TUP,MS,ASO,ES,Federal Contract Tower,0,9,5,28,42,0,9,49,8,66,0,18,54,36,108,84,60,144,252
10/15/2020,TUP,MS,ASO,ES,Federal Contract Tower,0,10,13,31,54,0,8,55,18,81,0,18,68,49,135,64,54,118,253
10/16/2020,TUP,MS,ASO,ES,Federal Contract Tower,2,6,11,30,49,0,5,43,19,67,2,11,54,49,116,50,54,104,220
10/17/2020,TUP,MS,ASO,ES,Federal Contract Tower,1,5,1,0,7,0,4,34,2,40,1,9,35,2,47,28,4,32,79
10/18/2020,TUP,MS,ASO,ES,Federal Contract Tower,0,5,9,6,20,0,10,48,7,65,0,15,57,13,85,74,32,106,191
10/19/2020,TUP,MS,ASO,ES,Federal Contract Tower,0,6,6,22,34,0,8,48,8,64,0,14,54,30,98,54,24,78,176
10/20/2020,TUP,MS,ASO,ES,Federal Contract Tower,0,4,9,30,43,0,9,58,18,85,0,13,67,48,128,60,74,134,262
10/21/2020,TUP,MS,ASO,ES,Federal Contract Tower,0,6,16,26,48,0,6,59,12,77,0,12,75,38,125,84,56,140,265
10/22/2020,TUP,MS,ASO,ES,Federal Contract Tower,0,9,16,14,39,0,7,62,17,86,0,16,78,31,125,58,36,94,219
10/23/2020,TUP,MS,ASO,ES,Federal Contract Tower,1,5,17,26,49,0,6,37,18,61,1,11,54,44,110,66,52,118,228
10/24/2020,TUP,MS,ASO,ES,Federal Contract Tower,1,3,3,1,8,0,0,0,0,0,1,3,3,1,8,0,0,0,8
10/25/2020,TUP,MS,ASO,ES,Federal Contract Tower,0,5,8,0,13,0,0,5,5,10,0,5,13,5,23,0,0,0,23
10/26/2020,TUP,MS,ASO,ES,Federal Contract Tower,0,8,27,24,59,0,4,45,1,50,0,12,72,25,109,78,12,90,199
10/27/2020,TUP,MS,ASO,ES,Federal Contract Tower,0,4,20,0,24,0,0,0,0,0,0,4,20,0,24,0,0,0,24
10/28/2020,TUP,MS,ASO,ES,Federal Contract Tower,0,7,6,0,13,0,0,0,0,0,0,7,6,0,13,0,0,0,13
10/29/2020,TUP,MS,ASO,ES,Federal Contract Tower,0,6,18,6,30,0,2,10,6,18,0,8,28,12,48,8,18,26,74
10/30/2020,TUP,MS,ASO,ES,Federal Contract Tower,0,7,9,42,58,0,4,57,12,73,0,11,66,54,131,84,40,124,255
10/31/2020,TUP,MS,ASO,ES,Federal Contract Tower,0,3,1,0,4,0,2,44,2,48,0,5,45,2,52,76,2,78,130
11/01/2020,TUP,MS,ASO,ES,Federal Contract Tower,0,5,2,0,7,0,13,38,2,53,0,18,40,2,60,66,4,70,130
11/02/2020,TUP,MS,ASO,ES,Federal Contract Tower,0,6,6,47,59,0,8,60,4,72,0,14,66,51,131,66,174,240,371
11/03/2020,TUP,MS,ASO,ES,Federal Contract Tower,0,4,4,27,35,0,7,57,13,77,0,11,61,40,112,78,74,152,264
11/04/2020,TUP,MS,ASO,ES,Federal Contract Tower,0,9,5,53,67,0,3,67,13,83,0,12,72,66,150,80,76,156,306
11/05/2020,TUP,MS,ASO,ES,Federal Contract Tower,0,8,7,9,24,0,5,62,24,91,0,13,69,33,115,74,42,116,231
11/06/2020,TUP,MS,ASO,ES,Federal Contract Tower,0,9,4,14,27,0,5,58,17,80,0,14,62,31,107,72,52,124,231
11/07/2020,TUP,MS,ASO,ES,Federal Contract Tower,0,3,1,1,5,0,2,48,11,61,0,5,49,12,66,58,12,70,136
11/08/2020,TUP,MS,ASO,ES,Federal Contract Tower,0,5,4,8,17,0,4,51,2,57,0,9,55,10,74,57,4,61,135
11/09/2020,TUP,MS,ASO,ES,Federal Contract Tower,0,6,9,38,53,0,10,44,2,56,0,16,53,40,109,54,96,150,259
11/10/2020,TUP,MS,ASO,ES,Federal Contract Tower,0,4,17,14,35,0,0,0,0,0,0,4,17,14,35,0,6,6,41
11/11/2020,TUP,MS,ASO,ES,Federal Contract Tower,0,8,5,0,13,0,4,29,7,40,0,12,34,7,53,44,24,68,121
11/12/2020,TUP,MS,ASO,ES,Federal Contract Tower,0,8,11,60,79,0,2,27,24,53,0,10,38,84,132,46,146,192,324
11/13/2020,TUP,MS,ASO,ES,Federal Contract Tower,1,8,12,22,43,0,4,51,20,75,1,12,63,42,118,54,42,96,214
11/14/2020,TUP,MS,ASO,ES,Federal Contract Tower,0,4,6,0,10,0,7,45,16,68,0,11,51,16,78,58,24,82,160
11/15/2020,TUP,MS,ASO,ES,Federal Contract Tower,0,5,6,2,13,0,8,36,10,54,0,13,42,12,67,34,6,40,107
11/16/2020,TUP,MS,ASO,ES,Federal Contract Tower,0,6,15,51,72,0,12,60,2,74,0,18,75,53,146,78,62,140,286
11/17/2020,TUP,MS,ASO,ES,Federal Contract Tower,0,7,5,38,50,0,6,54,18,78,0,13,59,56,128,58,52,110,238
11/18/2020,TUP,MS,ASO,ES,Federal Contract Tower,0,10,10,19,39,0,12,64,21,97,0,22,74,40,136,100,46,146,282
11/19/2020,TUP,MS,ASO,ES,Federal Contract Tower,0,10,6,26,42,0,6,59,18,83,0,16,65,44,125,88,56,144,269
11/20/2020,TUP,MS,ASO,ES,Federal Contract Tower,1,11,15,14,41,0,5,49,11,65,1,16,64,25,106,66,18,84,190
11/21/2020,TUP,MS,ASO,ES,Federal Contract Tower,0,4,4,0,8,0,5,39,4,48,0,9,43,4,56,78,18,96,152
11/22/2020,TUP,MS,ASO,ES,Federal Contract Tower,0,5,6,2,13,0,2,17,2,21,0,7,23,4,34,20,4,24,58
11/23/2020,TUP,MS,ASO,ES,Federal Contract Tower,0,6,14,30,50,0,6,52,5,63,0,12,66,35,113,54,46,100,213
11/24/2020,TUP,MS,ASO,ES,Federal Contract Tower,0,9,2,18,29,0,7,49,17,73,0,16,51,35,102,64,34,98,200
11/25/2020,TUP,MS,ASO,ES,Federal Contract Tower,0,7,10,0,17,0,6,23,5,34,0,13,33,5,51,32,14,46,97
11/26/2020,TUP,MS,ASO,ES,Federal Contract Tower,0,0,4,0,4,0,4,22,0,26,0,4,26,0,30,10,0,10,40
11/27/2020,TUP,MS,ASO,ES,Federal Contract Tower,0,5,9,0,14,0,6,19,3,28,0,11,28,3,42,36,6,42,84
11/28/2020,TUP,MS,ASO,ES,Federal Contract Tower,0,4,14,0,18,0,4,20,0,24,0,8,34,0,42,22,0,22,64
11/29/2020,TUP,MS,ASO,ES,Federal Contract Tower,0,6,18,0,24,0,2,10,0,12,0,8,28,0,36,8,0,8,44
11/30/2020,TUP,MS,ASO,ES,Federal Contract Tower,0,6,15,16,37,0,4,36,6,46,0,10,51,22,83,36,22,58,141
12/01/2020,TUP,MS,ASO,ES,Federal Contract Tower,0,4,10,42,56,0,8,47,17,72,0,12,57,59,128,84,42,126,254
12/02/2020,TUP,MS,ASO,ES,Federal Contract Tower,0,8,6,36,50,0,5,58,14,77,0,13,64,50,127,92,62,154,281
12/03/2020,TUP,MS,ASO,ES,Federal Contract Tower,0,6,10,26,42,0,1,29,6,36,0,7,39,32,78,28,40,68,146
12/04/2020,TUP,MS,ASO,ES,Federal Contract Tower,0,9,7,20,36,0,6,32,8,46,0,15,39,28,82,42,46,88,170
12/05/2020,TUP,MS,ASO,ES,Federal Contract Tower,0,3,9,0,12,0,2,34,6,42,0,5,43,6,54,44,18,62,116
12/06/2020,TUP,MS,ASO,ES,Federal Contract Tower,0,5,0,0,5,0,4,45,6,55,0,9,45,6,60,58,16,74,134
12/07/2020,TUP,MS,ASO,ES,Federal Contract Tower,0,6,5,33,44,0,6,54,7,67,0,12,59,40,111,42,84,126,237
12/08/2020,TUP,MS,ASO,ES,Federal Contract Tower,0,5,7,22,34,0,6,47,18,71,0,11,54,40,105,70,54,124,229
12/09/2020,TUP,MS,ASO,ES,Federal Contract Tower,0,10,8,24,42,0,4,53,17,74,0,14,61,41,116,70,56,126,242
12/10/2020,TUP,MS,ASO,ES,Federal Contract Tower,0,4,10,23,37,0,1,60,30,91,0,5,70,53,128,72,50,122,250
12/11/2020,TUP,MS,ASO,ES,Federal Contract Tower,2,8,7,18,35,0,3,50,11,64,2,11,57,29,99,72,28,100,199
12/12/2020,TUP,MS,ASO,ES,Federal Contract Tower,0,3,2,0,5,0,2,26,3,31,0,5,28,3,36,28,18,46,82
12/13/2020,TUP,MS,ASO,ES,Federal Contract Tower,0,4,2,0,6,0,6,22,3,31,0,10,24,3,37,40,4,44,81
12/14/2020,TUP,MS,ASO,ES,Federal Contract Tower,0,7,10,14,31,0,4,25,1,30,0,11,35,15,61,4,12,16,77
12/15/2020,TUP,MS,ASO,ES,Federal Contract Tower,0,4,17,22,43,0,7,48,10,65,0,11,65,32,108,52,26,78,186
12/16/2020,TUP,MS,ASO,ES,Federal Contract Tower,0,7,6,0,13,0,2,16,5,23,0,9,22,5,36,28,18,46,82
12/17/2020,TUP,MS,ASO,ES,Federal Contract Tower,0,8,9,28,45,0,8,48,10,66,0,16,57,38,111,56,20,76,187
12/18/2020,TUP,MS,ASO,ES,Federal Contract Tower,2,6,14,18,40,0,3,46,9,58,2,9,60,27,98,62,26,88,186
12/19/2020,TUP,MS,ASO,ES,Federal Contract Tower,0,6,4,0,10,0,2,19,4,25,0,8,23,4,35,24,10,34,69
12/20/2020,TUP,MS,ASO,ES,Federal Contract Tower,0,4,3,0,7,0,2,0,0,2,0,6,3,0,9,0,0,0,9
12/21/2020,TUP,MS,ASO,ES,Federal Contract Tower,0,8,11,14,33,0,6,32,3,41,0,14,43,17,74,42,0,42,116
12/22/2020,TUP,MS,ASO,ES,Federal Contract Tower,0,8,9,8,25,0,7,58,7,72,0,15,67,15,97,66,28,94,191
12/23/2020,TUP,MS,ASO,ES,Federal Contract Tower,0,7,9,0,16,0,2,0,0,2,0,9,9,0,18,0,0,0,18
12/24/2020,TUP,MS,ASO,ES,Federal Contract Tower,0,7,0,0,7,0,5,11,1,17,0,12,11,1,24,10,0,10,34
12/25/2020,TUP,MS,ASO,ES,Federal Contract Tower,0,0,2,0,2,0,6,24,0,30,0,6,26,0,32,14,0,14,46
12/26/2020,TUP,MS,ASO,ES,Federal Contract Tower,0,4,5,0,9,0,5,32,0,37,0,9,37,0,46,40,0,40,86
12/27/2020,TUP,MS,ASO,ES,Federal Contract Tower,0,6,5,0,11,0,6,24,0,30,0,12,29,0,41,28,0,28,69
12/28/2020,TUP,MS,ASO,ES,Federal Contract Tower,0,6,12,0,18,0,4,53,0,57,0,10,65,0,75,70,0,70,145
12/29/2020,TUP,MS,ASO,ES,Federal Contract Tower,0,5,13,0,18,0,7,54,0,61,0,12,67,0,79,82,0,82,161
12/30/2020,TUP,MS,ASO,ES,Federal Contract Tower,1,6,17,0,24,0,5,41,0,46,1,11,58,0,70,54,0,54,124
12/31/2020,TUP,MS,ASO,ES,Federal Contract Tower,2,6,8,2,18,0,0,0,0,0,2,6,8,2,18,0,0,0,18
01/01/2021,TUP,MS,ASO,ES,Federal Contract Tower,0,5,1,0,6,0,1,4,0,5,0,6,5,0,11,10,0,10,21
01/02/2021,TUP,MS,ASO,ES,Federal Contract Tower,0,4,6,0,10,0,2,19,0,21,0,6,25,0,31,14,0,14,45
01/03/2021,TUP,MS,ASO,ES,Federal Contract Tower,4,6,9,0,19,0,6,40,0,46,4,12,49,0,65,42,0,42,107
01/04/2021,TUP,MS,ASO,ES,Federal Contract Tower,0,7,7,0,14,0,4,31,34,69,0,11,38,34,83,0,0,0,83
01/05/2021,TUP,MS,ASO,ES,Federal Contract Tower,0,4,9,10,23,0,4,28,10,42,0,8,37,20,65,26,10,36,101
01/06/2021,TUP,MS,ASO,ES,Federal Contract Tower,0,6,9,30,45,0,3,30,5,38,0,9,39,35,83,16,28,44,127
01/07/2021,TUP,MS,ASO,ES,Federal Contract Tower,0,7,7,0,14,0,0,0,0,0,0,7,7,0,14,0,0,0,14
01/08/2021,TUP,MS,ASO,ES,Federal Contract Tower,3,5,6,27,41,0,7,19,6,32,3,12,25,33,73,4,16,20,93
01/09/2021,TUP,MS,ASO,ES,Federal Contract Tower,1,3,1,0,5,0,0,4,0,4,1,3,5,0,9,8,0,8,17
01/10/2021,TUP,MS,ASO,ES,Federal Contract Tower,0,5,4,0,9,0,2,15,0,17,0,7,19,0,26,0,0,0,26
01/11/2021,TUP,MS,ASO,ES,Federal Contract Tower,0,7,6,0,13,0,0,0,0,0,0,7,6,0,13,0,0,0,13
01/12/2021,TUP,MS,ASO,ES,Federal Contract Tower,0,4,10,17,31,0,2,31,9,42,0,6,41,26,73,30,10,40,113
01/13/2021,TUP,MS,ASO,ES,Federal Contract Tower,0,8,11,26,45,0,7,32,11,50,0,15,43,37,95,14,18,32,127
01/14/2021,TUP,MS,ASO,ES,Federal Contract Tower,0,6,4,14,24,0,6,42,19,67,0,12,46,33,91,38,16,54,145
01/15/2021,TUP,MS,ASO,ES,Federal Contract Tower,0,6,12,14,32,0,2,19,6,27,0,8,31,20,59,14,10,24,83
01/16/2021,TUP,MS,ASO,ES,Federal Contract Tower,0,3,4,0,7,0,7,28,2,37,0,10,32,2,44,24,2,26,70
01/17/2021,TUP,MS,ASO,ES,Federal Contract Tower,0,5,4,0,9,0,21,23,2,46,0,26,27,2,55,20,0,20,75
01/18/2021,TUP,MS,ASO,ES,Federal Contract Tower,0,6,4,1,11,0,6,13,1,20,0,12,17,2,31,6,0,6,37
01/19/2021,TUP,MS,ASO,ES,Federal Contract Tower,0,4,5,12,21,0,2,21,6,29,0,6,26,18,50,8,18,26,76
01/20/2021,TUP,MS,ASO,ES,Federal Contract Tower,0,6,3,24,33,0,4,40,10,54,0,10,43,34,87,50,10,60,147
01/21/2021,TUP,MS,ASO,ES,Federal Contract Tower,0,10,2,2,14,0,3,3,0,6,0,13,5,2,20,0,0,0,20
01/22/2021,TUP,MS,ASO,ES,Federal Contract Tower,0,9,7,39,55,0,4,26,61,91,0,13,33,100,146,28,204,232,378
01/23/2021,TUP,MS,ASO,ES,Federal Contract Tower,2,3,4,6,15,0,5,29,21,55,2,8,33,27,70,30,26,56,126
01/24/2021,TUP,MS,ASO,ES,Federal Contract Tower,0,7,7,0,14,0,2,12,0,14,0,9,19,0,28,10,0,10,38
01/25/2021,TUP,MS,ASO,ES,Federal Contract Tower,0,9,7,2,18,0,6,2,0,8,0,15,9,2,26,0,8,8,34
01/26/2021,TUP,MS,ASO,ES,Federal Contract Tower,0,4,8,20,32,0,7,41,22,70,0,11,49,42,102,42,32,74,176
01/27/2021,TUP,MS,ASO,ES,Federal Contract Tower,0,10,12,56,78,0,3,40,15,58,0,13,52,71,136,64,68,132,268
01/28/2021,TUP,MS,ASO,ES,Federal Contract Tower,0,6,8,26,40,0,5,43,27,75,0,11,51,53,115,46,60,106,221
01/29/2021,TUP,MS,ASO,ES,Federal Contract Tower,0,6,5,22,33,0,5,29,17,51,0,11,34,39,84,34,56,90,174
01/30/2021,TUP,MS,ASO,ES,Federal Contract Tower,0,3,3,9,15,0,3,18,6,27,0,6,21,15,42,26,24,50,92
01/31/2021,TUP,MS,ASO,ES,Federal Contract Tower,0,5,9,0,14,0,4,3,0,7,0,9,12,0,21,0,0,0,21
02/01/2021,TUP,MS,ASO,ES,Federal Contract Tower,0,7,9,0,16,0,4,14,1,19,0,11,23,1,35,0,0,0,35
02/02/2021,TUP,MS,ASO,ES,Federal Contract Tower,0,4,10,30,44,0,5,42,20,67,0,9,52,50,111,52,52,104,215
02/03/2021,TUP,MS,ASO,ES,Federal Contract Tower,1,7,16,34,58,0,9,65,19,93,1,16,81,53,151,62,82,144,295
02/04/2021,TUP,MS,ASO,ES,Federal Contract Tower,0,7,5,33,45,0,5,9,4,18,0,12,14,37,63,12,14,26,89
02/05/2021,TUP,MS,ASO,ES,Federal Contract Tower,0,6,11,28,45,0,6,41,10,57,0,12,52,38,102,44,26,70,172
02/06/2021,TUP,MS,ASO,ES,Federal Contract Tower,0,4,3,0,7,0,2,24,1,27,0,6,27,1,34,62,0,62,96
02/07/2021,TUP,MS,ASO,ES,Federal Contract Tower,0,5,3,0,8,0,0,4,1,5,0,5,7,1,13,0,0,0,13
02/08/2021,TUP,MS,ASO,ES,Federal Contract Tower,0,6,11,14,31,0,5,37,0,42,0,11,48,14,73,54,0,54,127
02/09/2021,TUP,MS,ASO,ES,Federal Contract Tower,1,6,7,31,45,0,11,34,26,71,1,17,41,57,116,54,16,70,186
02/10/2021,TUP,MS,ASO,ES,Federal Contract Tower,0,7,11,41,59,0,5,43,13,61,0,12,54,54,120,70,84,154,274
02/11/2021,TUP,MS,ASO,ES,Federal Contract Tower,1,7,4,0,12,0,0,0,0,0,1,7,4,0,12,0,0,0,12
02/12/2021,TUP,MS,ASO,ES,Federal Contract Tower,0,7,11,0,18,0,0,0,0,0,0,7,11,0,18,0,0,0,18
02/13/2021,TUP,MS,ASO,ES,Federal Contract Tower,0,3,7,0,10,0,0,2,0,2,0,3,9,0,12,0,0,0,12
02/14/2021,TUP,MS,ASO,ES,Federal Contract Tower,0,4,6,0,10,0,0,0,0,0,0,4,6,0,10,0,0,0,10
02/15/2021,TUP,MS,ASO,ES,Federal Contract Tower,0,0,0,0,0,0,0,0,0,0,0,0,0,0,0,0,0,0,0
02/16/2021,TUP,MS,ASO,ES,Federal Contract Tower,0,0,0,0,0,0,0,0,0,0,0,0,0,0,0,0,0,0,0
02/17/2021,TUP,MS,ASO,ES,Federal Contract Tower,0,0,0,0,0,0,0,0,0,0,0,0,0,0,0,0,0,0,0
02/18/2021,TUP,MS,ASO,ES,Federal Contract Tower,0,0,0,0,0,0,0,0,0,0,0,0,0,0,0,0,0,0,0
02/19/2021,TUP,MS,ASO,ES,Federal Contract Tower,0,0,0,0,0,0,4,0,0,4,0,4,0,0,4,0,0,0,4
02/20/2021,TUP,MS,ASO,ES,Federal Contract Tower,1,0,2,0,3,0,0,8,0,8,1,0,10,0,11,22,0,22,33
02/21/2021,TUP,MS,ASO,ES,Federal Contract Tower,0,8,4,0,12,0,10,20,2,32,0,18,24,2,44,10,0,10,54
02/22/2021,TUP,MS,ASO,ES,Federal Contract Tower,0,6,12,0,18,0,7,47,0,54,0,13,59,0,72,48,0,48,120
02/23/2021,TUP,MS,ASO,ES,Federal Contract Tower,1,4,12,46,63,0,2,45,24,71,1,6,57,70,134,42,106,148,282
02/24/2021,TUP,MS,ASO,ES,Federal Contract Tower,0,6,12,20,38,0,4,54,23,81,0,10,66,43,119,84,50,134,253
02/25/2021,TUP,MS,ASO,ES,Federal Contract Tower,0,6,11,19,36,0,5,46,41,92,0,11,57,60,128,60,120,180,308
02/26/2021,TUP,MS,ASO,ES,Federal Contract Tower,0,6,12,0,18,0,0,0,0,0,0,6,12,0,18,0,0,0,18
02/27/2021,TUP,MS,ASO,ES,Federal Contract Tower,0,3,4,0,7,0,0,6,9,15,0,3,10,9,22,0,0,0,22
02/28/2021,TUP,MS,ASO,ES,Federal Contract Tower,0,7,6,0,13,0,2,20,0,22,0,9,26,0,35,34,0,34,69
03/01/2021,TUP,MS,ASO,ES,Federal Contract Tower,0,10,11,0,21,0,6,22,0,28,0,16,33,0,49,16,0,16,65
03/02/2021,TUP,MS,ASO,ES,Federal Contract Tower,0,4,8,32,44,0,1,11,9,21,0,5,19,41,65,18,22,40,105
03/03/2021,TUP,MS,ASO,ES,Federal Contract Tower,0,9,14,32,55,0,6,62,16,84,0,15,76,48,139,82,74,156,295
03/04/2021,TUP,MS,ASO,ES,Federal Contract Tower,0,6,9,24,39,0,6,54,14,74,0,12,63,38,113,66,16,82,195
03/05/2021,TUP,MS,ASO,ES,Federal Contract Tower,0,10,7,22,39,0,1,36,9,46,0,11,43,31,85,16,20,36,121
03/06/2021,TUP,MS,ASO,ES,Federal Contract Tower,2,3,5,0,10,0,0,29,0,29,2,3,34,0,39,40,0,40,79
03/07/2021,TUP,MS,ASO,ES,Federal Contract Tower,0,7,7,0,14,0,4,51,0,55,0,11,58,0,69,92,0,92,161
03/08/2021,TUP,MS,ASO,ES,Federal Contract Tower,0,7,15,46,68,0,6,40,11,57,0,13,55,57,125,62,38,100,225
03/09/2021,TUP,MS,ASO,ES,Federal Contract Tower,0,7,13,18,38,0,6,42,17,65,0,13,55,35,103,66,42,108,211
03/10/2021,TUP,MS,ASO,ES,Federal Contract Tower,0,6,5,23,34,0,4,47,22,73,0,10,52,45,107,52,84,136,243
03/11/2021,TUP,MS,ASO,ES,Federal Contract Tower,0,6,18,43,67,0,3,34,34,71,0,9,52,77,138,48,66,114,252
03/12/2021,TUP,MS,ASO,ES,Federal Contract Tower,0,6,21,22,49,0,3,32,8,43,0,9,53,30,92,30,28,58,150
03/13/2021,TUP,MS,ASO,ES,Federal Contract Tower,0,3,7,0,10,0,4,38,3,45,0,7,45,3,55,22,6,28,83
03/14/2021,TUP,MS,ASO,ES,Federal Contract Tower,0,4,11,0,15,0,1,43,0,44,0,5,54,0,59,26,0,26,85
03/15/2021,TUP,MS,ASO,ES,Federal Contract Tower,0,6,13,2,21,0,0,24,2,26,0,6,37,4,47,38,4,42,89
03/16/2021,TUP,MS,ASO,ES,Federal Contract Tower,0,4,12,0,16,0,8,36,13,57,0,12,48,13,73,54,20,74,147
03/17/2021,TUP,MS,ASO,ES,Federal Contract Tower,0,6,3,0,9,0,0,0,0,0,0,6,3,0,9,0,0,0,9
03/18/2021,TUP,MS,ASO,ES,Federal Contract Tower,0,6,11,0,17,0,7,11,11,29,0,13,22,11,46,4,8,12,58
03/19/2021,TUP,MS,ASO,ES,Federal Contract Tower,0,6,23,12,41,0,2,16,12,30,0,8,39,24,71,30,24,54,125
03/20/2021,TUP,MS,ASO,ES,Federal Contract Tower,0,5,4,2,11,0,2,36,10,48,0,7,40,12,59,42,20,62,121
03/21/2021,TUP,MS,ASO,ES,Federal Contract Tower,0,5,4,4,13,0,1,38,0,39,0,6,42,4,52,64,0,64,116
03/22/2021,TUP,MS,ASO,ES,Federal Contract Tower,0,5,9,17,31,0,1,42,7,50,0,6,51,24,81,50,58,108,189
03/23/2021,TUP,MS,ASO,ES,Federal Contract Tower,0,4,4,0,8,0,5,9,7,21,0,9,13,7,29,10,20,30,59
03/24/2021,TUP,MS,ASO,ES,Federal Contract Tower,2,6,12,0,20,0,5,33,12,50,2,11,45,12,70,42,26,68,138
03/25/2021,TUP,MS,ASO,ES,Federal Contract Tower,0,5,6,0,11,0,0,0,0,0,0,5,6,0,11,0,0,0,11
03/26/2021,TUP,MS,ASO,ES,Federal Contract Tower,0,7,18,0,25,0,4,34,11,49,0,11,52,11,74,46,26,72,146
03/27/2021,TUP,MS,ASO,ES,Federal Contract Tower,0,3,3,0,6,0,0,4,0,4,0,3,7,0,10,0,0,0,10
03/28/2021,TUP,MS,ASO,ES,Federal Contract Tower,0,6,17,2,25,0,3,28,4,35,0,9,45,6,60,46,36,82,142
03/29/2021,TUP,MS,ASO,ES,Federal Contract Tower,0,6,8,26,40,0,11,57,6,74,0,17,65,32,114,62,36,98,212
03/30/2021,TUP,MS,ASO,ES,Federal Contract Tower,0,4,9,38,51,0,6,49,16,71,0,10,58,54,122,48,52,100,222
03/31/2021,TUP,MS,ASO,ES,Federal Contract Tower,0,6,13,22,41,0,2,2,3,7,0,8,15,25,48,4,6,10,58
04/01/2021,TUP,MS,ASO,ES,Federal Contract Tower,0,10,15,45,70,0,1,62,33,96,0,11,77,78,166,66,74,140,306
04/02/2021,TUP,MS,ASO,ES,Federal Contract Tower,0,8,10,0,18,0,2,50,0,52,0,10,60,0,70,66,0,66,136
04/03/2021,TUP,MS,ASO,ES,Federal Contract Tower,0,3,8,2,13,0,6,44,10,60,0,9,52,12,73,36,16,52,125
04/04/2021,TUP,MS,ASO,ES,Federal Contract Tower,0,6,6,2,14,0,3,44,2,49,0,9,50,4,63,60,2,62,125
04/05/2021,TUP,MS,ASO,ES,Federal Contract Tower,0,6,7,45,58,0,2,54,7,63,0,8,61,52,121,86,46,132,253
04/06/2021,TUP,MS,ASO,ES,Federal Contract Tower,0,4,11,54,69,0,6,61,12,79,0,10,72,66,148,52,22,74,222
04/07/2021,TUP,MS,ASO,ES,Federal Contract Tower,0,5,11,44,60,0,3,39,17,59,0,8,50,61,119,60,34,94,213
04/08/2021,TUP,MS,ASO,ES,Federal Contract Tower,0,6,11,36,53,0,5,39,28,72,0,11,50,64,125,62,53,115,240
04/09/2021,TUP,MS,ASO,ES,Federal Contract Tower,1,6,12,56,75,0,5,30,11,46,1,11,42,67,121,34,85,119,240
04/10/2021,TUP,MS,ASO,ES,Federal Contract Tower,0,3,3,2,8,0,0,12,0,12,0,3,15,2,20,0,0,0,20
04/11/2021,TUP,MS,ASO,ES,Federal Contract Tower,0,7,4,6,17,0,0,52,3,55,0,7,56,9,72,70,14,84,156
04/12/2021,TUP,MS,ASO,ES,Federal Contract Tower,0,9,21,36,66,0,7,70,8,85,0,16,91,44,151,64,38,102,253
04/13/2021,TUP,MS,ASO,ES,Federal Contract Tower,0,4,5,42,51,0,7,59,16,82,0,11,64,58,133,66,72,138,271
04/14/2021,TUP,MS,ASO,ES,Federal Contract Tower,0,7,7,30,44,0,4,18,6,28,0,11,25,36,72,14,72,86,158
04/15/2021,TUP,MS,ASO,ES,Federal Contract Tower,2,9,17,58,86,0,8,63,21,92,2,17,80,79,178,80,72,152,330
04/16/2021,TUP,MS,ASO,ES,Federal Contract Tower,0,6,13,38,57,0,5,40,15,60,0,11,53,53,117,46,58,104,221
04/17/2021,TUP,MS,ASO,ES,Federal Contract Tower,2,3,4,0,9,0,4,30,3,37,2,7,34,3,46,32,8,40,86
04/18/2021,TUP,MS,ASO,ES,Federal Contract Tower,3,6,3,0,12,0,5,66,13,84,3,11,69,13,96,78,6,84,180
04/19/2021,TUP,MS,ASO,ES,Federal Contract Tower,0,5,15,48,68,0,6,80,15,101,0,11,95,63,169,44,54,98,267
04/20/2021,TUP,MS,ASO,ES,Federal Contract Tower,0,4,14,36,54,0,11,57,10,78,0,15,71,46,132,70,72,142,274
04/21/2021,TUP,MS,ASO,ES,Federal Contract Tower,0,6,10,40,56,0,7,46,18,71,0,13,56,58,127,68,68,136,263
04/22/2021,TUP,MS,ASO,ES,Federal Contract Tower,0,5,13,43,61,0,6,52,23,81,0,11,65,66,142,70,84,154,296
04/23/2021,TUP,MS,ASO,ES,Federal Contract Tower,0,7,11,26,44,0,4,37,15,56,0,11,48,41,100,38,64,102,202
04/24/2021,TUP,MS,ASO,ES,Federal Contract Tower,0,4,2,2,8,0,1,16,5,22,0,5,18,7,30,4,0,4,34
04/25/2021,TUP,MS,ASO,ES,Federal Contract Tower,0,6,14,0,20,0,7,67,3,77,0,13,81,3,97,90,2,92,189
04/26/2021,TUP,MS,ASO,ES,Federal Contract Tower,0,6,12,36,54,0,3,57,39,99,0,9,69,75,153,60,48,108,261
04/27/2021,TUP,MS,ASO,ES,Federal Contract Tower,0,4,4,52,60,0,6,45,30,81,0,10,49,82,141,42,50,92,233
04/28/2021,TUP,MS,ASO,ES,Federal Contract Tower,0,6,22,42,70,0,2,28,15,45,0,8,50,57,115,20,62,82,197
04/29/2021,TUP,MS,ASO,ES,Federal Contract Tower,0,7,14,36,57,0,3,19,17,39,0,10,33,53,96,28,70,98,194
04/30/2021,TUP,MS,ASO,ES,Federal Contract Tower,0,10,11,22,43,0,4,45,16,65,0,14,56,38,108,50,28,78,186
05/01/2021,TUP,MS,ASO,ES,Federal Contract Tower,0,3,8,2,13,0,2,35,4,41,0,5,43,6,54,32,18,50,104
05/02/2021,TUP,MS,ASO,ES,Federal Contract Tower,0,5,6,14,25,0,1,6,3,10,0,6,12,17,35,6,16,22,57
05/03/2021,TUP,MS,ASO,ES,Federal Contract Tower,0,8,11,10,29,0,10,53,3,66,0,18,64,13,95,62,22,84,179
05/04/2021,TUP,MS,ASO,ES,Federal Contract Tower,0,4,8,0,12,0,0,1,0,1,0,4,9,0,13,0,0,0,13
05/05/2021,TUP,MS,ASO,ES,Federal Contract Tower,0,6,22,52,80,0,4,28,19,51,0,10,50,71,131,12,146,158,289
05/06/2021,TUP,MS,ASO,ES,Federal Contract Tower,0,8,12,50,70,0,8,52,34,94,0,16,64,84,164,60,132,192,356
05/07/2021,TUP,MS,ASO,ES,Federal Contract Tower,0,8,24,54,86,0,4,44,15,63,0,12,68,69,149,60,40,100,249
05/08/2021,TUP,MS,ASO,ES,Federal Contract Tower,0,3,4,0,7,0,7,39,10,56,0,10,43,10,63,48,32,80,143
05/09/2021,TUP,MS,ASO,ES,Federal Contract Tower,0,5,6,0,11,0,1,19,1,21,0,6,25,1,32,16,4,20,52
05/10/2021,TUP,MS,ASO,ES,Federal Contract Tower,0,8,18,18,44,0,3,13,0,16,0,11,31,18,60,0,0,0,60
05/11/2021,TUP,MS,ASO,ES,Federal Contract Tower,2,4,19,90,115,0,9,38,32,79,2,13,57,122,194,42,190,232,426
05/12/2021,TUP,MS,ASO,ES,Federal Contract Tower,0,6,5,75,86,0,8,59,41,108,0,14,64,116,194,80,142,222,416
05/13/2021,TUP,MS,ASO,ES,Federal Contract Tower,0,7,5,23,35,0,5,49,32,86,0,12,54,55,121,64,106,170,291
05/14/2021,TUP,MS,ASO,ES,Federal Contract Tower,0,8,12,49,69,0,6,52,15,73,0,14,64,64,142,74,54,128,270
05/15/2021,TUP,MS,ASO,ES,Federal Contract Tower,0,3,5,2,10,0,3,46,14,63,0,6,51,16,73,86,20,106,179
05/16/2021,TUP,MS,ASO,ES,Federal Contract Tower,0,5,8,6,19,0,8,48,6,62,0,13,56,12,81,64,10,74,155
05/17/2021,TUP,MS,ASO,ES,Federal Contract Tower,0,6,9,37,52,0,4,35,3,42,0,10,44,40,94,34,20,54,148
05/18/2021,TUP,MS,ASO,ES,Federal Contract Tower,0,4,9,39,52,0,2,31,21,54,0,6,40,60,106,22,86,108,214
05/19/2021,TUP,MS,ASO,ES,Federal Contract Tower,0,6,18,24,48,0,2,43,26,71,0,8,61,50,119,48,70,118,237
05/20/2021,TUP,MS,ASO,ES,Federal Contract Tower,0,8,4,23,35,0,4,49,30,83,0,12,53,53,118,76,42,118,236
05/21/2021,TUP,MS,ASO,ES,Federal Contract Tower,0,8,9,15,32,0,4,44,29,77,0,12,53,44,109,58,36,94,203
05/22/2021,TUP,MS,ASO,ES,Federal Contract Tower,0,3,8,2,13,0,4,38,19,61,0,7,46,21,74,46,24,70,144
05/23/2021,TUP,MS,ASO,ES,Federal Contract Tower,0,7,3,0,10,0,7,62,2,71,0,14,65,2,81,72,6,78,159
05/24/2021,TUP,MS,ASO,ES,Federal Contract Tower,2,6,6,32,46,0,7,56,10,73,2,13,62,42,119,50,52,102,221
05/25/2021,TUP,MS,ASO,ES,Federal Contract Tower,0,5,14,28,47,0,8,43,11,62,0,13,57,39,109,70,36,106,215
05/26/2021,TUP,MS,ASO,ES,Federal Contract Tower,0,8,17,26,51,0,3,29,15,47,0,11,46,41,98,52,36,88,186
05/27/2021,TUP,MS,ASO,ES,Federal Contract Tower,0,6,17,29,52,0,7,43,19,69,0,13,60,48,121,54,64,118,239
05/28/2021,TUP,MS,ASO,ES,Federal Contract Tower,0,5,12,0,17,0,6,37,13,56,0,11,49,13,73,48,20,68,141
05/29/2021,TUP,MS,ASO,ES,Federal Contract Tower,0,3,4,2,9,0,2,33,3,38,0,5,37,5,47,34,6,40,87
05/30/2021,TUP,MS,ASO,ES,Federal Contract Tower,0,5,1,0,6,0,4,42,0,46,0,9,43,0,52,50,0,50,102
05/31/2021,TUP,MS,ASO,ES,Federal Contract Tower,0,4,6,0,10,0,2,58,1,61,0,6,64,1,71,67,10,77,148
06/01/2021,TUP,MS,ASO,ES,Federal Contract Tower,0,6,19,28,53,0,5,47,11,63,0,11,66,39,116,78,58,136,252
06/02/2021,TUP,MS,ASO,ES,Federal Contract Tower,2,8,8,0,18,0,2,17,1,20,2,10,25,1,38,48,2,50,88
06/03/2021,TUP,MS,ASO,ES,Federal Contract Tower,0,7,11,52,70,0,3,53,20,76,0,10,64,72,146,76,88,164,310
06/04/2021,TUP,MS,ASO,ES,Federal Contract Tower,0,7,6,40,53,0,6,50,15,71,0,13,56,55,124,62,64,126,250
06/05/2021,TUP,MS,ASO,ES,Federal Contract Tower,0,3,7,0,10,0,4,30,3,37,0,7,37,3,47,48,6,54,101
06/06/2021,TUP,MS,ASO,ES,Federal Contract Tower,0,5,8,0,13,0,0,0,0,0,0,5,8,0,13,0,0,0,13
06/07/2021,TUP,MS,ASO,ES,Federal Contract Tower,2,6,13,3,24,0,0,5,0,5,2,6,18,3,29,0,0,0,29
06/08/2021,TUP,MS,ASO,ES,Federal Contract Tower,0,4,12,0,16,0,0,1,0,1,0,4,13,0,17,0,0,0,17
06/09/2021,TUP,MS,ASO,ES,Federal Contract Tower,2,6,7,2,17,0,0,5,0,5,2,6,12,2,22,0,0,0,22
06/10/2021,TUP,MS,ASO,ES,Federal Contract Tower,0,6,9,38,53,0,3,23,14,40,0,9,32,52,93,44,44,88,181
06/11/2021,TUP,MS,ASO,ES,Federal Contract Tower,0,6,11,0,17,0,5,16,7,28,0,11,27,7,45,30,14,44,89
06/12/2021,TUP,MS,ASO,ES,Federal Contract Tower,0,5,4,1,10,0,4,37,4,45,0,9,41,5,55,44,20,64,119
06/13/2021,TUP,MS,ASO,ES,Federal Contract Tower,0,5,13,0,18,0,3,41,1,45,0,8,54,1,63,44,2,46,109
06/14/2021,TUP,MS,ASO,ES,Federal Contract Tower,2,7,16,45,70,0,1,57,9,67,2,8,73,54,137,78,32,110,247
06/15/2021,TUP,MS,ASO,ES,Federal Contract Tower,0,4,15,45,64,0,2,42,10,54,0,6,57,55,118,36,50,86,204
06/16/2021,TUP,MS,ASO,ES,Federal Contract Tower,0,11,16,32,59,0,7,56,10,73,0,18,72,42,132,100,48,148,280
06/17/2021,TUP,MS,ASO,ES,Federal Contract Tower,0,8,19,35,62,0,3,47,10,60,0,11,66,45,122,54,52,106,228
06/18/2021,TUP,MS,ASO,ES,Federal Contract Tower,0,6,12,0,18,0,5,55,8,68,0,11,67,8,86,88,10,98,184
06/19/2021,TUP,MS,ASO,ES,Federal Contract Tower,0,3,15,0,18,0,0,15,1,16,0,3,30,1,34,2,0,2,36
06/20/2021,TUP,MS,ASO,ES,Federal Contract Tower,0,5,7,0,12,0,6,53,6,65,0,11,60,6,77,64,0,64,141
06/21/2021,TUP,MS,ASO,ES,Federal Contract Tower,0,6,9,8,23,0,0,19,1,20,0,6,28,9,43,10,6,16,59
06/22/2021,TUP,MS,ASO,ES,Federal Contract Tower,0,4,13,48,65,0,4,53,10,67,0,8,66,58,132,56,48,104,236
06/23/2021,TUP,MS,ASO,ES,Federal Contract Tower,0,6,23,32,61,0,3,96,8,107,0,9,119,40,168,96,18,114,282
06/24/2021,TUP,MS,ASO,ES,Federal Contract Tower,0,6,15,24,45,0,3,52,44,99,0,9,67,68,144,28,20,48,192
06/25/2021,TUP,MS,ASO,ES,Federal Contract Tower,0,7,10,44,61,0,1,34,22,57,0,8,44,66,118,38,64,102,220
06/26/2021,TUP,MS,ASO,ES,Federal Contract Tower,0,3,6,4,13,0,3,41,9,53,0,6,47,13,66,48,16,64,130
06/27/2021,TUP,MS,ASO,ES,Federal Contract Tower,0,5,6,0,11,0,2,30,0,32,0,7,36,0,43,62,0,62,105
06/28/2021,TUP,MS,ASO,ES,Federal Contract Tower,0,8,18,22,48,0,9,54,2,65,0,17,72,24,113,54,26,80,193
06/29/2021,TUP,MS,ASO,ES,Federal Contract Tower,0,5,12,19,36,0,5,38,9,52,0,10,50,28,88,24,34,58,146
06/30/2021,TUP,MS,ASO,ES,Federal Contract Tower,0,8,25,25,58,0,5,47,9,61,0,13,72,34,119,64,42,106,225
07/01/2021,TUP,MS,ASO,ES,Federal Contract Tower,0,7,26,14,47,0,0,28,1,29,0,7,54,15,76,12,12,24,100
07/02/2021,TUP,MS,ASO,ES,Federal Contract Tower,0,11,13,0,24,0,0,23,0,23,0,11,36,0,47,20,0,20,67
07/03/2021,TUP,MS,ASO,ES,Federal Contract Tower,0,3,3,0,6,0,7,42,0,49,0,10,45,0,55,62,0,62,117
07/04/2021,TUP,MS,ASO,ES,Federal Contract Tower,0,5,6,0,11,0,4,30,0,34,0,9,36,0,45,8,0,8,53
07/05/2021,TUP,MS,ASO,ES,Federal Contract Tower,0,6,3,0,9,0,9,27,1,37,0,15,30,1,46,34,2,36,82
07/06/2021,TUP,MS,ASO,ES,Federal Contract Tower,0,6,12,48,66,0,2,36,22,60,0,8,48,70,126,42,132,174,300
07/07/2021,TUP,MS,ASO,ES,Federal Contract Tower,0,5,2,22,29,0,3,19,6,28,0,8,21,28,57,28,36,64,121
07/08/2021,TUP,MS,ASO,ES,Federal Contract Tower,0,7,16,15,38,0,2,16,18,36,0,9,32,33,74,22,8,30,104
07/09/2021,TUP,MS,ASO,ES,Federal Contract Tower,0,10,6,14,30,0,2,40,14,56,0,12,46,28,86,58,34,92,178
07/10/2021,TUP,MS,ASO,ES,Federal Contract Tower,0,3,14,26,43,0,0,14,8,22,0,3,28,34,65,6,56,62,127
07/11/2021,TUP,MS,ASO,ES,Federal Contract Tower,0,5,9,4,18,0,0,3,0,3,0,5,12,4,21,0,0,0,21
07/12/2021,TUP,MS,ASO,ES,Federal Contract Tower,0,10,11,16,37,0,2,11,1,14,0,12,22,17,51,16,14,30,81
07/13/2021,TUP,MS,ASO,ES,Federal Contract Tower,0,10,12,23,45,0,5,41,18,64,0,15,53,41,109,52,14,66,175
07/14/2021,TUP,MS,ASO,ES,Federal Contract Tower,0,6,12,39,57,0,3,45,12,60,0,9,57,51,117,80,22,102,219
07/15/2021,TUP,MS,ASO,ES,Federal Contract Tower,0,6,9,34,49,0,7,48,18,73,0,13,57,52,122,66,36,102,224
07/16/2021,TUP,MS,ASO,ES,Federal Contract Tower,0,8,18,6,32,0,3,30,10,43,0,11,48,16,75,24,32,56,131
07/17/2021,TUP,MS,ASO,ES,Federal Contract Tower,0,3,7,22,32,0,3,10,6,19,0,6,17,28,51,18,36,54,105
07/18/2021,TUP,MS,ASO,ES,Federal Contract Tower,0,6,5,9,20,0,0,0,1,1,0,6,5,10,21,0,0,0,21
07/19/2021,TUP,MS,ASO,ES,Federal Contract Tower,0,11,11,4,26,0,2,1,0,3,0,13,12,4,29,0,0,0,29
07/20/2021,TUP,MS,ASO,ES,Federal Contract Tower,0,12,12,6,30,0,2,5,3,10,0,14,17,9,40,12,12,24,64
07/21/2021,TUP,MS,ASO,ES,Federal Contract Tower,0,8,9,43,60,0,6,29,16,51,0,14,38,59,111,52,40,92,203
07/22/2021,TUP,MS,ASO,ES,Federal Contract Tower,0,12,5,33,50,0,4,38,13,55,0,16,43,46,105,50,32,82,187
07/23/2021,TUP,MS,ASO,ES,Federal Contract Tower,0,10,9,23,42,0,2,13,5,20,0,12,22,28,62,18,16,34,96
07/24/2021,TUP,MS,ASO,ES,Federal Contract Tower,0,9,6,7,22,0,2,33,2,37,0,11,39,9,59,40,14,54,113
07/25/2021,TUP,MS,ASO,ES,Federal Contract Tower,0,6,12,5,23,0,1,35,2,38,0,7,47,7,61,58,4,62,123
07/26/2021,TUP,MS,ASO,ES,Federal Contract Tower,0,9,7,16,32,0,1,35,1,37,0,10,42,17,69,50,6,56,125
07/27/2021,TUP,MS,ASO,ES,Federal Contract Tower,0,11,8,26,45,0,5,60,18,83,0,16,68,44,128,62,80,142,270
07/28/2021,TUP,MS,ASO,ES,Federal Contract Tower,0,11,15,51,77,0,5,56,11,72,0,16,71,62,149,68,58,126,275
07/29/2021,TUP,MS,ASO,ES,Federal Contract Tower,0,9,14,31,54,0,5,58,28,91,0,14,72,59,145,90,44,134,279
07/30/2021,TUP,MS,ASO,ES,Federal Contract Tower,0,12,13,18,43,0,5,37,11,53,0,17,50,29,96,58,26,84,180
07/31/2021,TUP,MS,ASO,ES,Federal Contract Tower,0,5,13,1,19,0,3,44,11,58,0,8,57,12,77,45,22,67,144
08/01/2021,TUP,MS,ASO,ES,Federal Contract Tower,0,6,13,1,20,0,10,48,2,60,0,16,61,3,80,80,2,82,162
08/02/2021,TUP,MS,ASO,ES,Federal Contract Tower,0,11,4,34,49,0,3,39,19,61,0,14,43,53,110,28,56,84,194
08/03/2021,TUP,MS,ASO,ES,Federal Contract Tower,0,9,12,32,53,0,4,71,14,89,0,13,83,46,142,100,74,174,316
08/04/2021,TUP,MS,ASO,ES,Federal Contract Tower,0,9,8,18,35,0,8,71,18,97,0,17,79,36,132,78,64,142,274
08/05/2021,TUP,MS,ASO,ES,Federal Contract Tower,0,9,18,26,53,0,4,62,16,82,0,13,80,42,135,108,34,142,277
08/06/2021,TUP,MS,ASO,ES,Federal Contract Tower,0,9,15,15,39,0,3,42,11,56,0,12,57,26,95,42,46,88,183
08/07/2021,TUP,MS,ASO,ES,Federal Contract Tower,0,6,6,4,16,0,4,54,5,63,0,10,60,9,79,80,8,88,167
08/08/2021,TUP,MS,ASO,ES,Federal Contract Tower,0,6,11,1,18,0,3,52,5,60,0,9,63,6,78,78,6,84,162
08/09/2021,TUP,MS,ASO,ES,Federal Contract Tower,0,11,5,25,41,0,6,53,8,67,0,17,58,33,108,50,20,70,178
08/10/2021,TUP,MS,ASO,ES,Federal Contract Tower,0,7,18,26,51,0,0,48,33,81,0,7,66,59,132,100,14,114,246
08/11/2021,TUP,MS,ASO,ES,Federal Contract Tower,0,13,12,24,49,0,1,60,16,77,0,14,72,40,126,88,40,128,254
08/12/2021,TUP,MS,ASO,ES,Federal Contract Tower,0,11,13,25,49,0,8,48,26,82,0,19,61,51,131,58,36,94,225
08/13/2021,TUP,MS,ASO,ES,Federal Contract Tower,0,14,10,13,37,0,3,32,12,47,0,17,42,25,84,20,56,76,160
08/14/2021,TUP,MS,ASO,ES,Federal Contract Tower,0,4,7,0,11,0,1,34,8,43,0,5,41,8,54,44,10,54,108
08/15/2021,TUP,MS,ASO,ES,Federal Contract Tower,0,10,10,4,24,0,1,3,0,4,0,11,13,4,28,16,0,16,44
08/16/2021,TUP,MS,ASO,ES,Federal Contract Tower,0,11,12,42,65,0,6,36,9,51,0,17,48,51,116,26,90,116,232
08/17/2021,TUP,MS,ASO,ES,Federal Contract Tower,0,9,12,22,43,0,8,58,16,82,0,17,70,38,125,100,72,172,297
08/18/2021,TUP,MS,ASO,ES,Federal Contract Tower,0,8,11,8,27,0,7,32,5,44,0,15,43,13,71,50,26,76,147
08/19/2021,TUP,MS,ASO,ES,Federal Contract Tower,0,6,15,6,27,0,0,4,0,4,0,6,19,6,31,0,0,0,31
08/20/2021,TUP,MS,ASO,ES,Federal Contract Tower,0,8,9,11,28,0,0,29,9,38,0,8,38,20,66,28,56,84,150
08/21/2021,TUP,MS,ASO,ES,Federal Contract Tower,0,3,8,5,16,0,2,30,14,46,0,5,38,19,62,50,32,82,144
08/22/2021,TUP,MS,ASO,ES,Federal Contract Tower,0,5,6,0,11,0,6,58,6,70,0,11,64,6,81,110,8,118,199
08/23/2021,TUP,MS,ASO,ES,Federal Contract Tower,0,10,6,36,52,0,7,62,9,78,0,17,68,45,130,94,88,182,312
08/24/2021,TUP,MS,ASO,ES,Federal Contract Tower,0,6,6,26,38,0,7,68,15,90,0,13,74,41,128,78,46,124,252
08/25/2021,TUP,MS,ASO,ES,Federal Contract Tower,0,8,10,22,40,0,8,66,25,99,0,16,76,47,139,70,64,134,273
08/26/2021,TUP,MS,ASO,ES,Federal Contract Tower,0,7,12,30,49,0,3,62,28,93,0,10,74,58,142,72,78,150,292
08/27/2021,TUP,MS,ASO,ES,Federal Contract Tower,0,8,15,30,53,0,5,50,12,67,0,13,65,42,120,64,34,98,218
08/28/2021,TUP,MS,ASO,ES,Federal Contract Tower,0,3,7,7,17,0,7,39,6,52,0,10,46,13,69,51,24,75,144
08/29/2021,TUP,MS,ASO,ES,Federal Contract Tower,0,5,5,1,11,0,4,27,6,37,0,9,32,7,48,32,6,38,86
08/30/2021,TUP,MS,ASO,ES,Federal Contract Tower,0,5,0,0,5,0,0,0,0,0,0,5,0,0,5,0,0,0,5
08/31/2021,TUP,MS,ASO,ES,Federal Contract Tower,0,7,2,0,9,0,4,13,7,24,0,11,15,7,33,26,20,46,79
09/01/2021,TUP,MS,ASO,ES,Federal Contract Tower,0,8,8,31,47,0,5,33,12,50,0,13,41,43,97,76,14,90,187
09/02/2021,TUP,MS,ASO,ES,Federal Contract Tower,0,6,9,24,39,0,6,56,8,70,0,12,65,32,109,78,32,110,219
09/03/2021,TUP,MS,ASO,ES,Federal Contract Tower,0,8,6,0,14,0,4,43,5,52,0,12,49,5,66,80,18,98,164
09/04/2021,TUP,MS,ASO,ES,Federal Contract Tower,0,3,7,0,10,0,3,49,8,60,0,6,56,8,70,60,6,66,136
09/05/2021,TUP,MS,ASO,ES,Federal Contract Tower,1,7,1,0,9,0,6,31,2,39,1,13,32,2,48,36,4,40,88
09/06/2021,TUP,MS,ASO,ES,Federal Contract Tower,0,5,11,2,18,0,8,38,0,46,0,13,49,2,64,54,0,54,118
09/07/2021,TUP,MS,ASO,ES,Federal Contract Tower,0,4,8,31,43,0,10,59,14,83,0,14,67,45,126,92,42,134,260
09/08/2021,TUP,MS,ASO,ES,Federal Contract Tower,0,8,7,21,36,0,8,51,23,82,0,16,58,44,118,56,34,90,208
09/09/2021,TUP,MS,ASO,ES,Federal Contract Tower,0,8,8,36,52,0,11,56,34,101,0,19,64,70,153,52,84,136,289
09/10/2021,TUP,MS,ASO,ES,Federal Contract Tower,0,8,11,44,63,0,6,49,10,65,0,14,60,54,128,80,38,118,246
09/11/2021,TUP,MS,ASO,ES,Federal Contract Tower,0,3,6,0,9,0,2,39,7,48,0,5,45,7,57,36,32,68,125
09/12/2021,TUP,MS,ASO,ES,Federal Contract Tower,0,5,8,4,17,0,4,42,2,48,0,9,50,6,65,66,2,68,133
09/13/2021,TUP,MS,ASO,ES,Federal Contract Tower,0,6,12,47,65,0,15,59,8,82,0,21,71,55,147,72,36,108,255
09/14/2021,TUP,MS,ASO,ES,Federal Contract Tower,0,7,6,37,50,0,3,32,9,44,0,10,38,46,94,48,54,102,196
09/15/2021,TUP,MS,ASO,ES,Federal Contract Tower,0,9,12,57,78,0,4,36,18,58,0,13,48,75,136,34,110,144,280
09/16/2021,TUP,MS,ASO,ES,Federal Contract Tower,0,7,14,54,75,0,2,35,23,60,0,9,49,77,135,74,188,262,397
09/17/2021,TUP,MS,ASO,ES,Federal Contract Tower,0,11,7,16,34,0,0,5,0,5,0,11,12,16,39,0,0,0,39
09/18/2021,TUP,MS,ASO,ES,Federal Contract Tower,0,4,4,9,17,0,0,8,20,28,0,4,12,29,45,22,36,58,103
09/19/2021,TUP,MS,ASO,ES,Federal Contract Tower,0,7,4,0,11,0,0,14,0,14,0,7,18,0,25,20,0,20,45
09/20/2021,TUP,MS,ASO,ES,Federal Contract Tower,0,9,14,10,33,0,0,11,4,15,0,9,25,14,48,6,0,6,54
09/21/2021,TUP,MS,ASO,ES,Federal Contract Tower,0,9,12,12,33,0,2,39,12,53,0,11,51,24,86,48,40,88,174
09/22/2021,TUP,MS,ASO,ES,Federal Contract Tower,0,10,10,38,58,0,7,31,18,56,0,17,41,56,114,44,136,180,294
09/23/2021,TUP,MS,ASO,ES,Federal Contract Tower,0,7,14,22,43,0,7,56,30,93,0,14,70,52,136,74,106,180,316
09/24/2021,TUP,MS,ASO,ES,Federal Contract Tower,2,11,9,23,45,0,4,77,12,93,2,15,86,35,138,76,44,120,258
09/25/2021,TUP,MS,ASO,ES,Federal Contract Tower,0,5,6,9,20,0,3,61,9,73,0,8,67,18,93,74,32,106,199
09/26/2021,TUP,MS,ASO,ES,Federal Contract Tower,0,14,4,2,20,0,2,82,0,84,0,16,86,2,104,128,0,128,232
09/27/2021,TUP,MS,ASO,ES,Federal Contract Tower,0,8,6,26,40,0,3,73,3,79,0,11,79,29,119,80,30,110,229
09/28/2021,TUP,MS,ASO,ES,Federal Contract Tower,0,6,6,34,46,0,8,67,23,98,0,14,73,57,144,98,96,194,338
09/29/2021,TUP,MS,ASO,ES,Federal Contract Tower,0,9,12,31,52,0,4,18,7,29,0,13,30,38,81,48,22,70,151
09/30/2021,TUP,MS,ASO,ES,Federal Contract Tower,0,12,9,20,41,0,1,0,0,1,0,13,9,20,42,0,0,0,42
10/01/2021,TUP,MS,ASO,ES,Federal Contract Tower,0,11,5,6,22,0,2,37,8,47,0,13,42,14,69,38,34,72,141
10/02/2021,TUP,MS,ASO,ES,Federal Contract Tower,0,3,11,0,14,0,1,28,0,29,0,4,39,0,43,8,0,8,51
10/03/2021,TUP,MS,ASO,ES,Federal Contract Tower,0,6,6,4,16,0,0,7,0,7,0,6,13,4,23,0,0,0,23
10/04/2021,TUP,MS,ASO,ES,Federal Contract Tower,0,7,16,44,67,0,5,45,23,73,0,12,61,67,140,54,146,200,340
10/05/2021,TUP,MS,ASO,ES,Federal Contract Tower,0,8,4,38,50,0,7,32,19,58,0,15,36,57,108,24,52,76,184
10/06/2021,TUP,MS,ASO,ES,Federal Contract Tower,0,12,9,28,49,0,3,31,18,52,0,15,40,46,101,36,90,126,227
10/07/2021,TUP,MS,ASO,ES,Federal Contract Tower,0,10,15,25,50,0,3,59,24,86,0,13,74,49,136,98,68,166,302
10/08/2021,TUP,MS,ASO,ES,Federal Contract Tower,2,10,6,21,39,0,0,65,14,79,2,10,71,35,118,52,44,96,214
10/09/2021,TUP,MS,ASO,ES,Federal Contract Tower,2,4,6,1,13,0,4,52,5,61,2,8,58,6,74,90,22,112,186
10/10/2021,TUP,MS,ASO,ES,Federal Contract Tower,0,10,12,0,22,0,5,54,1,60,0,15,66,1,82,90,4,94,176
10/11/2021,TUP,MS,ASO,ES,Federal Contract Tower,0,7,15,0,22,0,14,55,0,69,0,21,70,0,91,74,0,74,165
10/12/2021,TUP,MS,ASO,ES,Federal Contract Tower,0,11,13,34,58,0,4,48,23,75,0,15,61,57,133,80,32,112,245
10/13/2021,TUP,MS,ASO,ES,Federal Contract Tower,0,6,17,38,61,0,4,69,18,91,0,10,86,56,152,90,30,120,272
10/14/2021,TUP,MS,ASO,ES,Federal Contract Tower,0,10,10,25,45,0,6,58,17,81,0,16,68,42,126,82,46,128,254
10/15/2021,TUP,MS,ASO,ES,Federal Contract Tower,1,9,13,15,38,0,3,32,20,55,1,12,45,35,93,52,22,74,167
10/16/2021,TUP,MS,ASO,ES,Federal Contract Tower,0,3,8,0,11,0,6,50,6,62,0,9,58,6,73,80,12,92,165
10/17/2021,TUP,MS,ASO,ES,Federal Contract Tower,0,5,12,0,17,0,5,67,1,73,0,10,79,1,90,84,2,86,176
10/18/2021,TUP,MS,ASO,ES,Federal Contract Tower,0,6,10,32,48,0,3,63,5,71,0,9,73,37,119,72,36,108,227
10/19/2021,TUP,MS,ASO,ES,Federal Contract Tower,0,4,6,26,36,0,13,53,10,76,0,17,59,36,112,74,24,98,210
10/20/2021,TUP,MS,ASO,ES,Federal Contract Tower,0,11,11,32,54,0,3,33,11,47,0,14,44,43,101,32,40,72,173
10/21/2021,TUP,MS,ASO,ES,Federal Contract Tower,0,8,3,11,22,0,7,26,12,45,0,15,29,23,67,46,34,80,147
10/22/2021,TUP,MS,ASO,ES,Federal Contract Tower,1,11,12,0,24,0,5,54,20,79,1,16,66,20,103,88,42,130,233
10/23/2021,TUP,MS,ASO,ES,Federal Contract Tower,1,8,13,0,22,0,5,54,9,68,1,13,67,9,90,84,10,94,184
10/24/2021,TUP,MS,ASO,ES,Federal Contract Tower,0,9,13,2,24,0,4,50,5,59,0,13,63,7,83,68,8,76,159
10/25/2021,TUP,MS,ASO,ES,Federal Contract Tower,0,9,11,0,20,0,4,31,7,42,0,13,42,7,62,36,10,46,108
10/26/2021,TUP,MS,ASO,ES,Federal Contract Tower,0,10,10,4,24,0,11,68,18,97,0,21,78,22,121,66,40,106,227
10/27/2021,TUP,MS,ASO,ES,Federal Contract Tower,0,7,11,14,32,0,6,60,14,80,0,13,71,28,112,76,20,96,208
10/28/2021,TUP,MS,ASO,ES,Federal Contract Tower,0,11,22,2,35,0,3,6,2,11,0,14,28,4,46,6,2,8,54
10/29/2021,TUP,MS,ASO,ES,Federal Contract Tower,2,11,7,3,23,0,0,0,0,0,2,11,7,3,23,0,0,0,23
10/30/2021,TUP,MS,ASO,ES,Federal Contract Tower,0,3,13,0,16,0,0,3,0,3,0,3,16,0,19,0,0,0,19
10/31/2021,TUP,MS,ASO,ES,Federal Contract Tower,0,7,9,0,16,0,8,60,1,69,0,15,69,1,85,100,0,100,185
11/01/2021,TUP,MS,ASO,ES,Federal Contract Tower,0,8,13,12,33,0,8,78,5,91,0,16,91,17,124,108,24,132,256
11/02/2021,TUP,MS,ASO,ES,Federal Contract Tower,0,4,10,24,38,0,5,53,18,76,0,9,63,42,114,76,48,124,238
11/03/2021,TUP,MS,ASO,ES,Federal Contract Tower,0,10,6,18,34,0,2,40,11,53,0,12,46,29,87,70,16,86,173
11/04/2021,TUP,MS,ASO,ES,Federal Contract Tower,0,3,13,28,44,0,3,55,24,82,0,6,68,52,126,26,78,104,230
11/05/2021,TUP,MS,ASO,ES,Federal Contract Tower,1,11,18,24,54,0,2,47,10,59,1,13,65,34,113,38,32,70,183
11/06/2021,TUP,MS,ASO,ES,Federal Contract Tower,1,3,10,0,14,0,4,59,6,69,1,7,69,6,83,46,12,58,141
11/07/2021,TUP,MS,ASO,ES,Federal Contract Tower,0,8,13,0,21,0,3,64,10,77,0,11,77,10,98,84,38,122,220
11/08/2021,TUP,MS,ASO,ES,Federal Contract Tower,0,7,10,28,45,0,4,63,12,79,0,11,73,40,124,66,48,114,238
11/09/2021,TUP,MS,ASO,ES,Federal Contract Tower,0,9,14,26,49,0,4,39,18,61,0,13,53,44,110,62,28,90,200
11/10/2021,TUP,MS,ASO,ES,Federal Contract Tower,0,8,15,24,47,0,5,54,11,70,0,13,69,35,117,84,32,116,233
11/11/2021,TUP,MS,ASO,ES,Federal Contract Tower,1,12,14,0,27,0,1,13,3,17,1,13,27,3,44,30,2,32,76
11/12/2021,TUP,MS,ASO,ES,Federal Contract Tower,0,11,8,18,37,0,2,50,13,65,0,13,58,31,102,66,48,114,216
11/13/2021,TUP,MS,ASO,ES,Federal Contract Tower,2,7,8,0,17,0,4,45,5,54,2,11,53,5,71,62,4,66,137
11/14/2021,TUP,MS,ASO,ES,Federal Contract Tower,0,13,18,2,33,0,7,61,2,70,0,20,79,4,103,82,4,86,189
11/15/2021,TUP,MS,ASO,ES,Federal Contract Tower,0,5,7,26,38,0,6,42,8,56,0,11,49,34,94,54,28,82,176
11/16/2021,TUP,MS,ASO,ES,Federal Contract Tower,0,9,14,14,37,0,5,55,12,72,0,14,69,26,109,76,30,106,215
11/17/2021,TUP,MS,ASO,ES,Federal Contract Tower,0,8,6,19,33,0,3,37,14,54,0,11,43,33,87,48,44,92,179
11/18/2021,TUP,MS,ASO,ES,Federal Contract Tower,0,9,13,14,36,0,3,22,18,43,0,12,35,32,79,42,44,86,165
11/19/2021,TUP,MS,ASO,ES,Federal Contract Tower,0,6,8,16,30,0,2,35,18,55,0,8,43,34,85,78,68,146,231
11/20/2021,TUP,MS,ASO,ES,Federal Contract Tower,1,6,6,0,13,0,3,47,4,54,1,9,53,4,67,114,2,116,183
11/21/2021,TUP,MS,ASO,ES,Federal Contract Tower,0,9,14,0,23,0,1,32,0,33,0,10,46,0,56,38,0,38,94
11/22/2021,TUP,MS,ASO,ES,Federal Contract Tower,0,7,8,18,33,0,6,65,7,78,0,13,73,25,111,88,52,140,251
11/23/2021,TUP,MS,ASO,ES,Federal Contract Tower,0,7,4,21,32,0,4,69,18,91,0,11,73,39,123,106,62,168,291
11/24/2021,TUP,MS,ASO,ES,Federal Contract Tower,1,9,9,16,35,0,6,32,5,43,1,15,41,21,78,52,22,74,152
11/25/2021,TUP,MS,ASO,ES,Federal Contract Tower,0,1,4,0,5,0,0,0,0,0,0,1,4,0,5,0,0,0,5
11/26/2021,TUP,MS,ASO,ES,Federal Contract Tower,0,6,12,0,18,0,2,36,0,38,0,8,48,0,56,52,0,52,108
11/27/2021,TUP,MS,ASO,ES,Federal Contract Tower,0,6,8,0,14,0,1,40,0,41,0,7,48,0,55,54,0,54,109
11/28/2021,TUP,MS,ASO,ES,Federal Contract Tower,0,5,10,0,15,0,8,46,0,54,0,13,56,0,69,90,0,90,159
11/29/2021,TUP,MS,ASO,ES,Federal Contract Tower,1,9,7,16,33,0,6,66,10,82,1,15,73,26,115,84,52,136,251
11/30/2021,TUP,MS,ASO,ES,Federal Contract Tower,0,9,7,16,32,0,6,61,14,81,0,15,68,30,113,102,16,118,231
12/01/2021,TUP,MS,ASO,ES,Federal Contract Tower,0,7,14,25,46,0,5,28,10,43,0,12,42,35,89,52,26,78,167
12/02/2021,TUP,MS,ASO,ES,Federal Contract Tower,0,6,17,33,56,0,5,52,20,77,0,11,69,53,133,66,62,128,261
12/03/2021,TUP,MS,ASO,ES,Federal Contract Tower,0,6,11,21,38,0,5,45,14,64,0,11,56,35,102,62,40,102,204
12/04/2021,TUP,MS,ASO,ES,Federal Contract Tower,2,4,8,6,20,0,0,0,0,0,2,4,8,6,20,0,0,0,20
12/05/2021,TUP,MS,ASO,ES,Federal Contract Tower,0,5,14,0,19,0,0,9,0,9,0,5,23,0,28,14,0,14,42
12/06/2021,TUP,MS,ASO,ES,Federal Contract Tower,1,7,8,26,42,0,5,21,6,32,1,12,29,32,74,26,58,84,158
12/07/2021,TUP,MS,ASO,ES,Federal Contract Tower,0,8,17,38,63,0,2,52,26,80,0,10,69,64,143,90,72,162,305
12/08/2021,TUP,MS,ASO,ES,Federal Contract Tower,0,10,9,27,46,0,6,56,25,87,0,16,65,52,133,88,50,138,271
12/09/2021,TUP,MS,ASO,ES,Federal Contract Tower,0,9,13,26,48,0,3,41,18,62,0,12,54,44,110,54,46,100,210
12/10/2021,TUP,MS,ASO,ES,Federal Contract Tower,0,10,6,2,18,0,0,1,8,9,0,10,7,10,27,0,36,36,63
12/11/2021,TUP,MS,ASO,ES,Federal Contract Tower,0,5,4,2,11,0,0,13,3,16,0,5,17,5,27,8,0,8,35
12/12/2021,TUP,MS,ASO,ES,Federal Contract Tower,0,5,5,0,10,0,8,67,3,78,0,13,72,3,88,104,2,106,194
12/13/2021,TUP,MS,ASO,ES,Federal Contract Tower,0,7,14,20,41,0,2,57,5,64,0,9,71,25,105,64,22,86,191
12/14/2021,TUP,MS,ASO,ES,Federal Contract Tower,0,9,5,22,36,0,2,49,30,81,0,11,54,52,117,94,16,110,227
12/15/2021,TUP,MS,ASO,ES,Federal Contract Tower,0,5,17,39,61,0,8,51,12,71,0,13,68,51,132,82,32,114,246
12/16/2021,TUP,MS,ASO,ES,Federal Contract Tower,0,7,17,16,40,0,0,0,2,2,0,7,17,18,42,0,4,4,46
12/17/2021,TUP,MS,ASO,ES,Federal Contract Tower,0,8,13,2,23,0,0,0,0,0,0,8,13,2,23,0,0,0,23
12/18/2021,TUP,MS,ASO,ES,Federal Contract Tower,0,4,6,0,10,0,0,0,0,0,0,4,6,0,10,0,0,0,10
12/19/2021,TUP,MS,ASO,ES,Federal Contract Tower,0,7,8,0,15,0,6,48,0,54,0,13,56,0,69,90,0,90,159
12/20/2021,TUP,MS,ASO,ES,Federal Contract Tower,0,9,11,14,34,0,6,48,14,68,0,15,59,28,102,28,60,88,190
12/21/2021,TUP,MS,ASO,ES,Federal Contract Tower,0,8,15,16,39,0,8,57,25,90,0,16,72,41,129,72,144,216,345
12/22/2021,TUP,MS,ASO,ES,Federal Contract Tower,0,8,8,12,28,0,5,44,11,60,0,13,52,23,88,60,24,84,172
12/23/2021,TUP,MS,ASO,ES,Federal Contract Tower,0,6,17,0,23,0,5,47,1,53,0,11,64,1,76,26,2,28,104
12/24/2021,TUP,MS,ASO,ES,Federal Contract Tower,0,5,6,0,11,0,0,8,0,8,0,5,14,0,19,0,0,0,19
12/25/2021,TUP,MS,ASO,ES,Federal Contract Tower,0,0,0,0,0,0,1,11,0,12,0,1,11,0,12,0,0,0,12
12/26/2021,TUP,MS,ASO,ES,Federal Contract Tower,0,4,12,0,16,0,2,7,0,9,0,6,19,0,25,0,0,0,25
12/27/2021,TUP,MS,ASO,ES,Federal Contract Tower,0,6,15,0,21,0,8,6,0,14,0,14,21,0,35,0,0,0,35
12/28/2021,TUP,MS,ASO,ES,Federal Contract Tower,0,6,15,0,21,0,6,32,11,49,0,12,47,11,70,24,16,40,110
12/29/2021,TUP,MS,ASO,ES,Federal Contract Tower,2,6,0,0,8,0,0,0,0,0,2,6,0,0,8,0,0,0,8
12/30/2021,TUP,MS,ASO,ES,Federal Contract Tower,0,6,8,6,20,0,3,28,1,32,0,9,36,7,52,36,6,42,94
12/31/2021,TUP,MS,ASO,ES,Federal Contract Tower,0,5,4,0,9,0,1,9,0,10,0,6,13,0,19,14,0,14,33
01/01/2022,TUP,MS,ASO,ES,Federal Contract Tower,0,1,12,0,13,0,0,0,0,0,0,1,12,0,13,0,0,0,13
01/02/2022,TUP,MS,ASO,ES,Federal Contract Tower,0,4,7,0,11,0,0,0,0,0,0,4,7,0,11,0,0,0,11
01/03/2022,TUP,MS,ASO,ES,Federal Contract Tower,1,8,8,0,17,0,0,12,0,12,1,8,20,0,29,14,0,14,43
01/04/2022,TUP,MS,ASO,ES,Federal Contract Tower,1,8,9,4,22,0,4,44,14,62,1,12,53,18,84,50,42,92,176
01/05/2022,TUP,MS,ASO,ES,Federal Contract Tower,2,7,14,22,45,0,6,40,13,59,2,13,54,35,104,68,28,96,200
01/06/2022,TUP,MS,ASO,ES,Federal Contract Tower,1,9,5,2,17,0,0,0,0,0,1,9,5,2,17,0,0,0,17
01/07/2022,TUP,MS,ASO,ES,Federal Contract Tower,1,9,1,34,45,0,5,43,23,71,1,14,44,57,116,50,52,102,218
01/08/2022,TUP,MS,ASO,ES,Federal Contract Tower,0,5,5,8,18,0,1,44,14,59,0,6,49,22,77,42,22,64,141
01/09/2022,TUP,MS,ASO,ES,Federal Contract Tower,0,6,6,0,12,0,3,0,0,3,0,9,6,0,15,0,0,0,15
01/10/2022,TUP,MS,ASO,ES,Federal Contract Tower,0,8,15,29,52,0,6,63,6,75,0,14,78,35,127,90,24,114,241
01/11/2022,TUP,MS,ASO,ES,Federal Contract Tower,0,8,12,20,40,0,8,61,16,85,0,16,73,36,125,96,32,128,253
01/12/2022,TUP,MS,ASO,ES,Federal Contract Tower,0,8,6,26,40,0,5,50,18,73,0,13,56,44,113,36,72,108,221
01/13/2022,TUP,MS,ASO,ES,Federal Contract Tower,0,13,8,0,21,0,7,40,32,79,0,20,48,32,100,52,46,98,198
01/14/2022,TUP,MS,ASO,ES,Federal Contract Tower,0,6,8,14,28,0,2,46,14,62,0,8,54,28,90,70,24,94,184
01/15/2022,TUP,MS,ASO,ES,Federal Contract Tower,0,2,4,0,6,0,0,2,0,2,0,2,6,0,8,0,0,0,8
01/16/2022,TUP,MS,ASO,ES,Federal Contract Tower,0,5,0,0,5,0,0,0,0,0,0,5,0,0,5,0,0,0,5
01/17/2022,TUP,MS,ASO,ES,Federal Contract Tower,2,7,8,0,17,0,6,40,0,46,2,13,48,0,63,72,0,72,135
01/18/2022,TUP,MS,ASO,ES,Federal Contract Tower,1,12,7,18,38,0,6,56,30,92,1,18,63,48,130,74,38,112,242
01/19/2022,TUP,MS,ASO,ES,Federal Contract Tower,2,6,8,6,22,0,0,6,0,6,2,6,14,6,28,0,0,0,28
01/20/2022,TUP,MS,ASO,ES,Federal Contract Tower,0,8,7,28,43,0,5,37,28,70,0,13,44,56,113,52,72,124,237
01/21/2022,TUP,MS,ASO,ES,Federal Contract Tower,1,6,9,25,41,0,1,35,26,62,1,7,44,51,103,42,36,78,181
01/22/2022,TUP,MS,ASO,ES,Federal Contract Tower,0,6,5,1,12,0,0,37,12,49,0,6,42,13,61,46,8,54,115
01/23/2022,TUP,MS,ASO,ES,Federal Contract Tower,0,4,10,0,14,0,5,39,4,48,0,9,49,4,62,28,2,30,92
01/24/2022,TUP,MS,ASO,ES,Federal Contract Tower,0,8,13,30,51,0,9,56,5,70,0,17,69,35,121,74,12,86,207
01/25/2022,TUP,MS,ASO,ES,Federal Contract Tower,2,6,13,40,61,0,8,46,14,68,2,14,59,54,129,64,16,80,209
01/26/2022,TUP,MS,ASO,ES,Federal Contract Tower,0,8,7,22,37,0,9,58,17,84,0,17,65,39,121,36,56,92,213
01/27/2022,TUP,MS,ASO,ES,Federal Contract Tower,0,8,18,30,56,0,5,66,22,93,0,13,84,52,149,95,36,131,280
01/28/2022,TUP,MS,ASO,ES,Federal Contract Tower,2,6,7,18,33,0,2,41,5,48,2,8,48,23,81,50,28,78,159
01/29/2022,TUP,MS,ASO,ES,Federal Contract Tower,2,5,7,0,14,0,1,45,18,64,2,6,52,18,78,48,0,48,126
01/30/2022,TUP,MS,ASO,ES,Federal Contract Tower,0,3,10,0,13,0,11,58,1,70,0,14,68,1,83,94,0,94,177
01/31/2022,TUP,MS,ASO,ES,Federal Contract Tower,0,6,5,4,15,0,4,73,0,77,0,10,78,4,92,94,0,94,186
02/01/2022,TUP,MS,ASO,ES,Federal Contract Tower,0,6,5,22,33,0,3,40,17,60,0,9,45,39,93,56,56,112,205
02/02/2022,TUP,MS,ASO,ES,Federal Contract Tower,0,7,3,2,12,0,0,0,0,0,0,7,3,2,12,0,0,0,12
02/03/2022,TUP,MS,ASO,ES,Federal Contract Tower,0,11,2,0,13,0,0,0,0,0,0,11,2,0,13,0,0,0,13
02/04/2022,TUP,MS,ASO,ES,Federal Contract Tower,0,8,5,0,13,0,0,21,13,34,0,8,26,13,47,40,12,52,99
02/05/2022,TUP,MS,ASO,ES,Federal Contract Tower,0,5,4,0,9,0,2,57,8,67,0,7,61,8,76,78,8,86,162
02/06/2022,TUP,MS,ASO,ES,Federal Contract Tower,0,5,9,0,14,0,13,66,0,79,0,18,75,0,93,120,0,120,213
02/07/2022,TUP,MS,ASO,ES,Federal Contract Tower,0,9,7,50,66,0,4,58,32,94,0,13,65,82,160,70,52,122,282
02/08/2022,TUP,MS,ASO,ES,Federal Contract Tower,0,10,5,30,45,0,5,66,18,89,0,15,71,48,134,88,48,136,270
02/09/2022,TUP,MS,ASO,ES,Federal Contract Tower,0,9,8,27,44,0,4,55,19,78,0,13,63,46,122,76,68,144,266
02/10/2022,TUP,MS,ASO,ES,Federal Contract Tower,0,6,14,42,62,0,7,54,40,101,0,13,68,82,163,77,56,133,296
02/11/2022,TUP,MS,ASO,ES,Federal Contract Tower,0,6,8,12,26,0,6,54,17,77,0,12,62,29,103,86,36,122,225
02/12/2022,TUP,MS,ASO,ES,Federal Contract Tower,0,4,3,2,9,0,2,34,10,46,0,6,37,12,55,32,4,36,91
02/13/2022,TUP,MS,ASO,ES,Federal Contract Tower,2,4,8,6,20,0,1,51,4,56,2,5,59,10,76,108,16,124,200
02/14/2022,TUP,MS,ASO,ES,Federal Contract Tower,0,8,7,15,30,0,2,48,8,58,0,10,55,23,88,56,24,80,168
02/15/2022,TUP,MS,ASO,ES,Federal Contract Tower,0,9,16,16,41,0,2,58,18,78,0,11,74,34,119,78,56,134,253
02/16/2022,TUP,MS,ASO,ES,Federal Contract Tower,1,16,11,12,40,0,5,27,8,40,1,21,38,20,80,42,26,68,148
02/17/2022,TUP,MS,ASO,ES,Federal Contract Tower,0,13,4,0,17,0,0,2,0,2,0,13,6,0,19,12,0,12,31
02/18/2022,TUP,MS,ASO,ES,Federal Contract Tower,0,13,8,8,29,0,2,40,24,66,0,15,48,32,95,46,34,80,175
02/19/2022,TUP,MS,ASO,ES,Federal Contract Tower,0,5,5,0,10,0,2,46,8,56,0,7,51,8,66,80,6,86,152
02/20/2022,TUP,MS,ASO,ES,Federal Contract Tower,0,7,7,0,14,0,4,45,2,51,0,11,52,2,65,86,0,86,151
02/21/2022,TUP,MS,ASO,ES,Federal Contract Tower,0,6,13,0,19,0,0,0,0,0,0,6,13,0,19,0,0,0,19
02/22/2022,TUP,MS,ASO,ES,Federal Contract Tower,0,5,16,4,25,0,2,17,0,19,0,7,33,4,44,16,0,16,60
02/23/2022,TUP,MS,ASO,ES,Federal Contract Tower,2,10,15,14,41,0,0,0,0,0,2,10,15,14,41,0,0,0,41
02/24/2022,TUP,MS,ASO,ES,Federal Contract Tower,0,14,10,10,34,0,0,0,0,0,0,14,10,10,34,0,0,0,34
02/25/2022,TUP,MS,ASO,ES,Federal Contract Tower,2,10,14,3,29,0,2,12,2,16,2,12,26,5,45,0,0,0,45
02/26/2022,TUP,MS,ASO,ES,Federal Contract Tower,2,5,13,0,20,0,0,0,0,0,2,5,13,0,20,0,0,0,20
02/27/2022,TUP,MS,ASO,ES,Federal Contract Tower,0,4,16,0,20,0,0,14,0,14,0,4,30,0,34,28,0,28,62
02/28/2022,TUP,MS,ASO,ES,Federal Contract Tower,2,11,13,14,40,0,0,64,6,70,2,11,77,20,110,62,24,86,196
03/01/2022,TUP,MS,ASO,ES,Federal Contract Tower,0,8,11,6,25,0,3,57,15,75,0,11,68,21,100,64,26,90,190
03/02/2022,TUP,MS,ASO,ES,Federal Contract Tower,0,12,13,34,59,0,3,51,12,66,0,15,64,46,125,80,48,128,253
03/03/2022,TUP,MS,ASO,ES,Federal Contract Tower,0,10,24,28,62,0,2,58,38,98,0,12,82,66,160,74,96,170,330
03/04/2022,TUP,MS,ASO,ES,Federal Contract Tower,0,8,7,21,36,0,3,56,19,78,0,11,63,40,114,102,28,130,244
03/05/2022,TUP,MS,ASO,ES,Federal Contract Tower,0,4,9,0,13,0,2,47,2,51,0,6,56,2,64,58,0,58,122
03/06/2022,TUP,MS,ASO,ES,Federal Contract Tower,0,5,13,0,18,0,3,53,2,58,0,8,66,2,76,50,0,50,126
03/07/2022,TUP,MS,ASO,ES,Federal Contract Tower,0,9,9,6,24,0,0,8,1,9,0,9,17,7,33,0,16,16,49
03/08/2022,TUP,MS,ASO,ES,Federal Contract Tower,2,8,10,40,60,0,2,23,5,30,2,10,33,45,90,48,56,104,194
03/09/2022,TUP,MS,ASO,ES,Federal Contract Tower,0,12,12,28,52,0,3,27,16,46,0,15,39,44,98,58,68,126,224
03/10/2022,TUP,MS,ASO,ES,Federal Contract Tower,2,13,8,15,38,0,7,52,32,91,2,20,60,47,129,88,64,152,281
03/11/2022,TUP,MS,ASO,ES,Federal Contract Tower,0,6,12,27,45,0,5,40,18,63,0,11,52,45,108,78,56,134,242
03/12/2022,TUP,MS,ASO,ES,Federal Contract Tower,0,6,7,0,13,0,2,32,5,39,0,8,39,5,52,62,18,80,132
03/13/2022,TUP,MS,ASO,ES,Federal Contract Tower,0,4,8,3,15,0,3,49,1,53,0,7,57,4,68,150,0,150,218
03/14/2022,TUP,MS,ASO,ES,Federal Contract Tower,0,6,9,22,37,0,10,64,2,76,0,16,73,24,113,88,16,104,217
03/15/2022,TUP,MS,ASO,ES,Federal Contract Tower,1,8,19,18,46,0,0,13,4,17,1,8,32,22,63,10,22,32,95
03/16/2022,TUP,MS,ASO,ES,Federal Contract Tower,1,8,15,20,44,0,3,38,13,54,1,11,53,33,98,76,44,120,218
03/17/2022,TUP,MS,ASO,ES,Federal Contract Tower,0,11,16,24,51,0,3,23,24,50,0,14,39,48,101,40,46,86,187
03/18/2022,TUP,MS,ASO,ES,Federal Contract Tower,1,10,12,8,31,0,1,16,20,37,1,11,28,28,68,16,14,30,98
03/19/2022,TUP,MS,ASO,ES,Federal Contract Tower,0,6,10,0,16,0,3,42,17,62,0,9,52,17,78,60,20,80,158
03/20/2022,TUP,MS,ASO,ES,Federal Contract Tower,0,8,14,0,22,0,6,76,2,84,0,14,90,2,106,132,0,132,238
03/21/2022,TUP,MS,ASO,ES,Federal Contract Tower,0,6,10,10,26,0,2,41,10,53,0,8,51,20,79,98,20,118,197
03/22/2022,TUP,MS,ASO,ES,Federal Contract Tower,0,12,5,0,17,0,0,5,0,5,0,12,10,0,22,0,0,0,22
03/23/2022,TUP,MS,ASO,ES,Federal Contract Tower,0,12,10,7,29,0,5,21,11,37,0,17,31,18,66,0,0,0,66
03/24/2022,TUP,MS,ASO,ES,Federal Contract Tower,0,6,7,2,15,0,1,39,19,59,0,7,46,21,74,22,50,72,146
03/25/2022,TUP,MS,ASO,ES,Federal Contract Tower,0,8,12,4,24,0,2,39,18,59,0,10,51,22,83,54,24,78,161
03/26/2022,TUP,MS,ASO,ES,Federal Contract Tower,0,4,7,0,11,0,3,34,3,40,0,7,41,3,51,86,4,90,141
03/27/2022,TUP,MS,ASO,ES,Federal Contract Tower,0,0,8,10,18,0,9,69,0,78,0,9,77,10,96,106,0,106,202
03/28/2022,TUP,MS,ASO,ES,Federal Contract Tower,0,8,10,9,27,0,7,64,3,74,0,15,74,12,101,82,24,106,207
03/29/2022,TUP,MS,ASO,ES,Federal Contract Tower,0,13,8,0,21,0,2,45,16,63,0,15,53,16,84,86,22,108,192
03/30/2022,TUP,MS,ASO,ES,Federal Contract Tower,0,4,3,0,7,0,2,0,4,6,0,6,3,4,13,0,0,0,13
03/31/2022,TUP,MS,ASO,ES,Federal Contract Tower,0,8,14,0,22,0,4,17,22,43,0,12,31,22,65,54,18,72,137
04/01/2022,TUP,MS,ASO,ES,Federal Contract Tower,0,7,8,21,36,0,4,42,18,64,0,11,50,39,100,116,48,164,264
04/02/2022,TUP,MS,ASO,ES,Federal Contract Tower,0,4,3,0,7,0,3,46,4,53,0,7,49,4,60,60,6,66,126
04/03/2022,TUP,MS,ASO,ES,Federal Contract Tower,0,5,9,0,14,0,3,57,1,61,0,8,66,1,75,40,0,40,115
04/04/2022,TUP,MS,ASO,ES,Federal Contract Tower,0,8,9,0,17,0,5,49,3,57,0,13,58,3,74,28,28,56,130
04/05/2022,TUP,MS,ASO,ES,Federal Contract Tower,0,6,7,10,23,0,2,15,10,27,0,8,22,20,50,54,14,68,118
04/06/2022,TUP,MS,ASO,ES,Federal Contract Tower,0,8,13,28,49,0,3,24,10,37,0,11,37,38,86,38,26,64,150
04/07/2022,TUP,MS,ASO,ES,Federal Contract Tower,0,12,5,13,30,0,1,47,16,64,0,13,52,29,94,18,14,32,126
04/08/2022,TUP,MS,ASO,ES,Federal Contract Tower,0,8,12,13,33,0,2,45,20,67,0,10,57,33,100,26,8,34,134
04/09/2022,TUP,MS,ASO,ES,Federal Contract Tower,0,4,9,0,13,0,0,47,7,54,0,4,56,7,67,42,10,52,119
04/10/2022,TUP,MS,ASO,ES,Federal Contract Tower,0,6,12,7,25,0,1,44,15,60,0,7,56,22,85,64,20,84,169
04/11/2022,TUP,MS,ASO,ES,Federal Contract Tower,0,16,14,10,40,0,5,63,4,72,0,21,77,14,112,58,12,70,182
04/12/2022,TUP,MS,ASO,ES,Federal Contract Tower,0,8,10,16,34,0,1,50,19,70,0,9,60,35,104,68,74,142,246
04/13/2022,TUP,MS,ASO,ES,Federal Contract Tower,0,6,3,12,21,0,7,17,7,31,0,13,20,19,52,18,4,22,74
04/14/2022,TUP,MS,ASO,ES,Federal Contract Tower,2,6,11,27,46,0,4,67,26,97,2,10,78,53,143,106,46,152,295
04/15/2022,TUP,MS,ASO,ES,Federal Contract Tower,0,6,6,18,30,0,2,50,18,70,0,8,56,36,100,38,54,92,192
04/16/2022,TUP,MS,ASO,ES,Federal Contract Tower,2,4,2,0,8,0,0,0,0,0,2,4,2,0,8,0,0,0,8
04/17/2022,TUP,MS,ASO,ES,Federal Contract Tower,0,4,10,0,14,0,0,0,0,0,0,4,10,0,14,0,0,0,14
04/18/2022,TUP,MS,ASO,ES,Federal Contract Tower,0,9,14,24,47,0,5,65,3,73,0,14,79,27,120,132,0,132,252
04/19/2022,TUP,MS,ASO,ES,Federal Contract Tower,0,10,16,12,38,0,1,78,52,131,0,11,94,64,169,78,40,118,287
04/20/2022,TUP,MS,ASO,ES,Federal Contract Tower,0,7,22,14,43,0,11,46,16,73,0,18,68,30,116,64,34,98,214
04/21/2022,TUP,MS,ASO,ES,Federal Contract Tower,0,9,13,10,32,0,4,33,27,64,0,13,46,37,96,54,34,88,184
04/22/2022,TUP,MS,ASO,ES,Federal Contract Tower,0,7,13,6,26,0,3,55,32,90,0,10,68,38,116,149,42,191,307
04/23/2022,TUP,MS,ASO,ES,Federal Contract Tower,0,4,7,0,11,0,7,62,12,81,0,11,69,12,92,88,10,98,190
04/24/2022,TUP,MS,ASO,ES,Federal Contract Tower,0,4,7,0,11,0,6,35,7,48,0,10,42,7,59,50,18,68,127
04/25/2022,TUP,MS,ASO,ES,Federal Contract Tower,0,10,4,4,18,0,0,9,1,10,0,10,13,5,28,0,0,0,28
04/26/2022,TUP,MS,ASO,ES,Federal Contract Tower,0,6,12,4,22,0,4,60,11,75,0,10,72,15,97,72,22,94,191
04/27/2022,TUP,MS,ASO,ES,Federal Contract Tower,0,12,12,28,52,0,5,59,15,79,0,17,71,43,131,104,28,132,263
04/28/2022,TUP,MS,ASO,ES,Federal Contract Tower,0,10,8,16,34,0,5,65,12,82,0,15,73,28,116,82,28,110,226
04/29/2022,TUP,MS,ASO,ES,Federal Contract Tower,0,6,8,12,26,0,1,54,12,67,0,7,62,24,93,136,58,194,287
04/30/2022,TUP,MS,ASO,ES,Federal Contract Tower,0,4,14,0,18,0,1,51,3,55,0,5,65,3,73,64,2,66,139
05/01/2022,TUP,MS,ASO,ES,Federal Contract Tower,0,7,6,3,16,0,0,36,4,40,0,7,42,7,56,72,0,72,128
05/02/2022,TUP,MS,ASO,ES,Federal Contract Tower,0,13,6,12,31,0,1,33,1,35,0,14,39,13,66,8,2,10,76
05/03/2022,TUP,MS,ASO,ES,Federal Contract Tower,0,9,12,20,41,0,7,42,25,74,0,16,54,45,115,56,56,112,227
05/04/2022,TUP,MS,ASO,ES,Federal Contract Tower,0,14,5,24,43,0,7,68,18,93,0,21,73,42,136,94,54,148,284
05/05/2022,TUP,MS,ASO,ES,Federal Contract Tower,0,9,13,21,43,0,6,48,14,68,0,15,61,35,111,66,24,90,201
05/06/2022,TUP,MS,ASO,ES,Federal Contract Tower,0,8,6,24,38,0,1,27,3,31,0,9,33,27,69,4,0,4,73
05/07/2022,TUP,MS,ASO,ES,Federal Contract Tower,0,6,10,1,17,0,2,27,7,36,0,8,37,8,53,22,6,28,81
05/08/2022,TUP,MS,ASO,ES,Federal Contract Tower,0,5,8,0,13,0,3,54,2,59,0,8,62,2,72,66,0,66,138
05/09/2022,TUP,MS,ASO,ES,Federal Contract Tower,0,11,19,8,38,0,6,63,6,75,0,17,82,14,113,126,36,162,275
05/10/2022,TUP,MS,ASO,ES,Federal Contract Tower,0,8,8,12,28,0,7,74,9,90,0,15,82,21,118,128,28,156,274
05/11/2022,TUP,MS,ASO,ES,Federal Contract Tower,0,6,12,8,26,0,6,55,8,69,0,12,67,16,95,98,16,114,209
05/12/2022,TUP,MS,ASO,ES,Federal Contract Tower,0,10,8,6,24,0,6,50,17,73,0,16,58,23,97,110,18,128,225
05/13/2022,TUP,MS,ASO,ES,Federal Contract Tower,0,8,15,0,23,0,2,45,10,57,0,10,60,10,80,46,30,76,156
05/14/2022,TUP,MS,ASO,ES,Federal Contract Tower,1,6,6,0,13,0,3,31,3,37,1,9,37,3,50,56,8,64,114
05/15/2022,TUP,MS,ASO,ES,Federal Contract Tower,0,6,6,2,14,0,3,24,2,29,0,9,30,4,43,48,0,48,91
05/16/2022,TUP,MS,ASO,ES,Federal Contract Tower,0,15,15,14,44,0,4,77,6,87,0,19,92,20,131,88,26,114,245
05/17/2022,TUP,MS,ASO,ES,Federal Contract Tower,0,8,7,6,21,0,3,46,10,59,0,11,53,16,80,66,16,82,162
05/18/2022,TUP,MS,ASO,ES,Federal Contract Tower,2,8,10,20,40,0,6,47,8,61,2,14,57,28,101,72,22,94,195
05/19/2022,TUP,MS,ASO,ES,Federal Contract Tower,0,9,12,9,30,0,5,49,24,78,0,14,61,33,108,86,30,116,224
05/20/2022,TUP,MS,ASO,ES,Federal Contract Tower,0,6,10,1,17,0,2,37,26,65,0,8,47,27,82,60,76,136,218
05/21/2022,TUP,MS,ASO,ES,Federal Contract Tower,0,4,8,5,17,0,3,33,11,47,0,7,41,16,64,26,14,40,104
05/22/2022,TUP,MS,ASO,ES,Federal Contract Tower,0,5,6,0,11,0,1,17,0,18,0,6,23,0,29,2,0,2,31
05/23/2022,TUP,MS,ASO,ES,Federal Contract Tower,2,6,12,28,48,0,1,13,2,16,2,7,25,30,64,0,0,0,64
05/24/2022,TUP,MS,ASO,ES,Federal Contract Tower,0,7,19,22,48,0,0,12,9,21,0,7,31,31,69,0,12,12,81
05/25/2022,TUP,MS,ASO,ES,Federal Contract Tower,2,9,11,14,36,0,0,4,0,4,2,9,15,14,40,0,0,0,40
05/26/2022,TUP,MS,ASO,ES,Federal Contract Tower,0,8,7,2,17,0,1,27,7,35,0,9,34,9,52,44,0,44,96
05/27/2022,TUP,MS,ASO,ES,Federal Contract Tower,0,6,20,0,26,0,3,58,4,65,0,9,78,4,91,92,18,110,201
05/28/2022,TUP,MS,ASO,ES,Federal Contract Tower,0,6,16,0,22,0,4,43,4,51,0,10,59,4,73,54,6,60,133
05/29/2022,TUP,MS,ASO,ES,Federal Contract Tower,0,4,4,0,8,0,2,47,4,53,0,6,51,4,61,50,2,52,113
05/30/2022,TUP,MS,ASO,ES,Federal Contract Tower,0,4,12,0,16,0,0,48,0,48,0,4,60,0,64,66,0,66,130
05/31/2022,TUP,MS,ASO,ES,Federal Contract Tower,1,10,5,10,26,0,8,70,11,89,1,18,75,21,115,98,30,128,243
06/01/2022,TUP,MS,ASO,ES,Federal Contract Tower,1,6,8,14,29,0,6,50,11,67,1,12,58,25,96,88,26,114,210
06/02/2022,TUP,MS,ASO,ES,Federal Contract Tower,0,8,9,4,21,0,6,28,13,47,0,14,37,17,68,34,30,64,132
06/03/2022,TUP,MS,ASO,ES,Federal Contract Tower,0,7,10,29,46,0,3,53,21,77,0,10,63,50,123,100,50,150,273
06/04/2022,TUP,MS,ASO,ES,Federal Contract Tower,0,6,8,0,14,0,1,59,21,81,0,7,67,21,95,94,12,106,201
06/05/2022,TUP,MS,ASO,ES,Federal Contract Tower,0,6,12,2,20,0,1,42,10,53,0,7,54,12,73,74,0,74,147
06/06/2022,TUP,MS,ASO,ES,Federal Contract Tower,0,11,7,17,35,0,0,53,5,58,0,11,60,22,93,48,24,72,165
06/07/2022,TUP,MS,ASO,ES,Federal Contract Tower,0,9,12,16,37,0,3,64,8,75,0,12,76,24,112,68,28,96,208
06/08/2022,TUP,MS,ASO,ES,Federal Contract Tower,0,7,14,6,27,0,0,22,4,26,0,7,36,10,53,8,0,8,61
06/09/2022,TUP,MS,ASO,ES,Federal Contract Tower,0,9,11,39,59,0,2,49,30,81,0,11,60,69,140,90,36,126,266
06/10/2022,TUP,MS,ASO,ES,Federal Contract Tower,0,6,9,15,30,0,1,57,9,67,0,7,66,24,97,58,64,122,219
06/11/2022,TUP,MS,ASO,ES,Federal Contract Tower,0,4,5,0,9,0,4,48,4,56,0,8,53,4,65,100,0,100,165
06/12/2022,TUP,MS,ASO,ES,Federal Contract Tower,0,4,14,0,18,0,4,56,4,64,0,8,70,4,82,90,4,94,176
06/13/2022,TUP,MS,ASO,ES,Federal Contract Tower,0,8,12,16,36,0,3,62,10,75,0,11,74,26,111,62,12,74,185
06/14/2022,TUP,MS,ASO,ES,Federal Contract Tower,1,11,11,19,42,0,1,59,5,65,1,12,70,24,107,84,20,104,211
06/15/2022,TUP,MS,ASO,ES,Federal Contract Tower,1,11,2,10,24,0,7,52,10,69,1,18,54,20,93,84,30,114,207
06/16/2022,TUP,MS,ASO,ES,Federal Contract Tower,1,9,13,22,45,0,3,64,17,84,1,12,77,39,129,90,26,116,245
06/17/2022,TUP,MS,ASO,ES,Federal Contract Tower,0,13,16,6,35,0,4,58,16,78,0,17,74,22,113,114,38,152,265
06/18/2022,TUP,MS,ASO,ES,Federal Contract Tower,0,6,5,0,11,0,5,44,4,53,0,11,49,4,64,62,12,74,138
06/19/2022,TUP,MS,ASO,ES,Federal Contract Tower,0,8,9,1,18,0,4,77,7,88,0,12,86,8,106,88,18,106,212
06/20/2022,TUP,MS,ASO,ES,Federal Contract Tower,0,9,10,0,19,0,4,62,0,66,0,13,72,0,85,62,0,62,147
06/21/2022,TUP,MS,ASO,ES,Federal Contract Tower,0,10,10,29,49,0,2,60,18,80,0,12,70,47,129,82,28,110,239
06/22/2022,TUP,MS,ASO,ES,Federal Contract Tower,0,12,23,18,53,0,7,68,18,93,0,19,91,36,146,118,60,178,324
06/23/2022,TUP,MS,ASO,ES,Federal Contract Tower,1,4,12,30,47,0,4,55,18,77,1,8,67,48,124,128,32,160,284
06/24/2022,TUP,MS,ASO,ES,Federal Contract Tower,0,9,9,21,39,0,4,57,15,76,0,13,66,36,115,70,32,102,217
06/25/2022,TUP,MS,ASO,ES,Federal Contract Tower,0,6,10,0,16,0,2,48,1,51,0,8,58,1,67,64,2,66,133
06/26/2022,TUP,MS,ASO,ES,Federal Contract Tower,0,4,12,4,20,0,5,45,4,54,0,9,57,8,74,54,10,64,138
06/27/2022,TUP,MS,ASO,ES,Federal Contract Tower,3,9,15,29,56,0,0,65,11,76,3,9,80,40,132,90,118,208,340
06/28/2022,TUP,MS,ASO,ES,Federal Contract Tower,0,7,3,38,48,0,5,52,21,78,0,12,55,59,126,96,54,150,276
06/29/2022,TUP,MS,ASO,ES,Federal Contract Tower,0,8,8,27,43,0,3,60,27,90,0,11,68,54,133,100,58,158,291
06/30/2022,TUP,MS,ASO,ES,Federal Contract Tower,0,10,3,28,41,0,2,53,26,81,0,12,56,54,122,104,96,200,322
07/01/2022,TUP,MS,ASO,ES,Federal Contract Tower,1,5,14,0,20,0,4,40,4,48,1,9,54,4,68,74,0,74,142
07/02/2022,TUP,MS,ASO,ES,Federal Contract Tower,0,4,11,0,15,0,6,43,0,49,0,10,54,0,64,72,0,72,136
07/03/2022,TUP,MS,ASO,ES,Federal Contract Tower,0,4,5,0,9,0,6,29,0,35,0,10,34,0,44,56,0,56,100
07/04/2022,TUP,MS,ASO,ES,Federal Contract Tower,0,4,2,0,6,0,2,12,0,14,0,6,14,0,20,8,0,8,28
07/05/2022,TUP,MS,ASO,ES,Federal Contract Tower,0,6,11,18,35,0,5,39,13,57,0,11,50,31,92,42,48,90,182
07/06/2022,TUP,MS,ASO,ES,Federal Contract Tower,1,11,2,20,34,0,1,54,9,64,1,12,56,29,98,70,28,98,196
07/07/2022,TUP,MS,ASO,ES,Federal Contract Tower,0,5,5,10,20,0,1,54,23,78,0,6,59,33,98,108,28,136,234
07/08/2022,TUP,MS,ASO,ES,Federal Contract Tower,0,6,5,16,27,0,3,39,11,53,0,9,44,27,80,62,34,96,176
07/09/2022,TUP,MS,ASO,ES,Federal Contract Tower,0,4,6,0,10,0,1,60,0,61,0,5,66,0,71,18,0,18,89
07/10/2022,TUP,MS,ASO,ES,Federal Contract Tower,0,3,16,0,19,0,2,36,0,38,0,5,52,0,57,78,0,78,135
07/11/2022,TUP,MS,ASO,ES,Federal Contract Tower,1,6,15,15,37,0,8,65,0,73,1,14,80,15,110,88,8,96,206
07/12/2022,TUP,MS,ASO,ES,Federal Contract Tower,0,6,3,28,37,0,3,48,24,75,0,9,51,52,112,72,104,176,288
07/13/2022,TUP,MS,ASO,ES,Federal Contract Tower,0,8,7,14,29,0,4,25,3,32,0,12,32,17,61,16,0,16,77
07/14/2022,TUP,MS,ASO,ES,Federal Contract Tower,0,8,9,33,50,0,3,47,11,61,0,11,56,44,111,108,64,172,283
07/15/2022,TUP,MS,ASO,ES,Federal Contract Tower,1,8,10,18,37,0,1,58,11,70,1,9,68,29,107,122,44,166,273
07/16/2022,TUP,MS,ASO,ES,Federal Contract Tower,0,6,1,3,10,0,3,49,7,59,0,9,50,10,69,76,22,98,167
07/17/2022,TUP,MS,ASO,ES,Federal Contract Tower,0,6,8,4,18,0,6,48,6,60,0,12,56,10,78,48,18,66,144
07/18/2022,TUP,MS,ASO,ES,Federal Contract Tower,1,7,13,20,41,0,2,32,2,36,1,9,45,22,77,28,22,50,127
07/19/2022,TUP,MS,ASO,ES,Federal Contract Tower,0,7,4,14,25,0,2,33,7,42,0,9,37,21,67,66,26,92,159
07/20/2022,TUP,MS,ASO,ES,Federal Contract Tower,0,9,16,42,67,0,3,55,12,70,0,12,71,54,137,88,46,134,271
07/21/2022,TUP,MS,ASO,ES,Federal Contract Tower,0,6,13,8,27,0,7,49,15,71,0,13,62,23,98,78,40,118,216
07/22/2022,TUP,MS,ASO,ES,Federal Contract Tower,0,6,11,14,31,0,3,53,14,70,0,9,64,28,101,74,20,94,195
07/23/2022,TUP,MS,ASO,ES,Federal Contract Tower,0,6,6,0,12,0,2,66,3,71,0,8,72,3,83,112,4,116,199
07/24/2022,TUP,MS,ASO,ES,Federal Contract Tower,0,4,9,12,25,0,2,60,1,63,0,6,69,13,88,72,0,72,160
07/25/2022,TUP,MS,ASO,ES,Federal Contract Tower,0,10,9,28,47,0,2,52,6,60,0,12,61,34,107,90,20,110,217
07/26/2022,TUP,MS,ASO,ES,Federal Contract Tower,0,6,8,25,39,0,4,54,6,64,0,10,62,31,103,88,23,111,214
07/27/2022,TUP,MS,ASO,ES,Federal Contract Tower,1,7,14,4,26,0,3,51,6,60,1,10,65,10,86,82,26,108,194
07/28/2022,TUP,MS,ASO,ES,Federal Contract Tower,0,13,12,25,50,0,7,59,22,88,0,20,71,47,138,88,42,130,268
07/29/2022,TUP,MS,ASO,ES,Federal Contract Tower,0,6,2,18,26,0,4,35,7,46,0,10,37,25,72,42,22,64,136
07/30/2022,TUP,MS,ASO,ES,Federal Contract Tower,0,5,8,0,13,0,1,12,1,14,0,6,20,1,27,6,0,6,33
07/31/2022,TUP,MS,ASO,ES,Federal Contract Tower,0,6,10,0,16,0,0,1,0,1,0,6,11,0,17,0,0,0,17
08/01/2022,TUP,MS,ASO,ES,Federal Contract Tower,0,7,14,25,46,0,1,51,6,58,0,8,65,31,104,80,24,104,208
08/02/2022,TUP,MS,ASO,ES,Federal Contract Tower,0,8,5,23,36,0,1,80,20,101,0,9,85,43,137,114,34,148,285
08/03/2022,TUP,MS,ASO,ES,Federal Contract Tower,0,11,11,22,44,0,5,29,10,44,0,16,40,32,88,52,32,84,172
08/04/2022,TUP,MS,ASO,ES,Federal Contract Tower,0,10,18,32,60,0,3,28,22,53,0,13,46,54,113,28,62,90,203
08/05/2022,TUP,MS,ASO,ES,Federal Contract Tower,0,11,10,6,27,0,2,65,7,74,0,13,75,13,101,66,24,90,191
08/06/2022,TUP,MS,ASO,ES,Federal Contract Tower,0,6,8,0,14,0,3,51,36,90,0,9,59,36,104,86,14,100,204
08/07/2022,TUP,MS,ASO,ES,Federal Contract Tower,0,19,9,0,28,0,2,24,17,43,0,21,33,17,71,58,4,62,133
08/08/2022,TUP,MS,ASO,ES,Federal Contract Tower,0,8,10,18,36,0,0,38,0,38,0,8,48,18,74,32,0,32,106
08/09/2022,TUP,MS,ASO,ES,Federal Contract Tower,0,10,6,33,49,0,1,48,14,63,0,11,54,47,112,50,70,120,232
08/10/2022,TUP,MS,ASO,ES,Federal Contract Tower,0,7,11,13,31,0,3,33,9,45,0,10,44,22,76,66,48,114,190
08/11/2022,TUP,MS,ASO,ES,Federal Contract Tower,0,13,15,22,50,0,3,27,8,38,0,16,42,30,88,38,0,38,126
08/12/2022,TUP,MS,ASO,ES,Federal Contract Tower,0,10,4,25,39,0,6,53,18,77,0,16,57,43,116,116,40,156,272
08/13/2022,TUP,MS,ASO,ES,Federal Contract Tower,0,8,7,0,15,0,5,51,6,62,0,13,58,6,77,120,14,134,211
08/14/2022,TUP,MS,ASO,ES,Federal Contract Tower,0,4,6,4,14,0,3,80,4,87,0,7,86,8,101,104,2,106,207
08/15/2022,TUP,MS,ASO,ES,Federal Contract Tower,0,11,10,12,33,0,0,52,3,55,0,11,62,15,88,114,22,136,224
08/16/2022,TUP,MS,ASO,ES,Federal Contract Tower,0,9,11,26,46,0,1,69,17,87,0,10,80,43,133,106,54,160,293
08/17/2022,TUP,MS,ASO,ES,Federal Contract Tower,0,6,11,18,35,0,0,4,1,5,0,6,15,19,40,4,14,18,58
08/18/2022,TUP,MS,ASO,ES,Federal Contract Tower,0,8,18,36,62,0,1,65,16,82,0,9,83,52,144,144,48,192,336
08/19/2022,TUP,MS,ASO,ES,Federal Contract Tower,0,9,12,35,56,0,1,63,7,71,0,10,75,42,127,150,28,178,305
08/20/2022,TUP,MS,ASO,ES,Federal Contract Tower,0,4,4,0,8,0,0,13,0,13,0,4,17,0,21,4,0,4,25
08/21/2022,TUP,MS,ASO,ES,Federal Contract Tower,0,5,17,2,24,0,0,6,2,8,0,5,23,4,32,12,0,12,44
08/22/2022,TUP,MS,ASO,ES,Federal Contract Tower,0,6,7,32,45,0,0,7,7,14,0,6,14,39,59,18,48,66,125
08/23/2022,TUP,MS,ASO,ES,Federal Contract Tower,0,6,10,29,45,0,2,10,20,32,0,8,20,49,77,28,38,66,143
08/24/2022,TUP,MS,ASO,ES,Federal Contract Tower,0,6,8,65,79,0,4,30,21,55,0,10,38,86,134,64,164,228,362
08/25/2022,TUP,MS,ASO,ES,Federal Contract Tower,0,6,13,35,54,0,2,23,33,58,0,8,36,68,112,44,68,112,224
08/26/2022,TUP,MS,ASO,ES,Federal Contract Tower,0,6,10,16,32,0,1,41,19,61,0,7,51,35,93,44,22,66,159
08/27/2022,TUP,MS,ASO,ES,Federal Contract Tower,0,4,8,0,12,0,2,51,17,70,0,6,59,17,82,76,20,96,178
08/28/2022,TUP,MS,ASO,ES,Federal Contract Tower,0,4,6,0,10,0,6,47,2,55,0,10,53,2,65,52,2,54,119
08/29/2022,TUP,MS,ASO,ES,Federal Contract Tower,0,9,7,10,26,0,0,52,7,59,0,9,59,17,85,60,8,68,153
08/30/2022,TUP,MS,ASO,ES,Federal Contract Tower,0,9,7,2,18,0,2,43,22,67,0,11,50,24,85,74,30,104,189
08/31/2022,TUP,MS,ASO,ES,Federal Contract Tower,0,6,13,16,35,0,3,79,31,113,0,9,92,47,148,102,78,180,328
09/01/2022,TUP,MS,ASO,ES,Federal Contract Tower,0,8,9,10,27,0,3,55,23,81,0,11,64,33,108,88,34,122,230
09/02/2022,TUP,MS,ASO,ES,Federal Contract Tower,0,8,9,0,17,0,4,45,10,59,0,12,54,10,76,76,20,96,172
09/03/2022,TUP,MS,ASO,ES,Federal Contract Tower,0,4,1,0,5,0,0,12,0,12,0,4,13,0,17,2,0,2,19
09/04/2022,TUP,MS,ASO,ES,Federal Contract Tower,0,4,3,2,9,0,2,27,5,34,0,6,30,7,43,54,6,60,103
09/05/2022,TUP,MS,ASO,ES,Federal Contract Tower,0,6,12,0,18,0,2,15,0,17,0,8,27,0,35,6,0,6,41
09/06/2022,TUP,MS,ASO,ES,Federal Contract Tower,0,13,15,2,30,0,3,31,15,49,0,16,46,17,79,56,32,88,167
09/07/2022,TUP,MS,ASO,ES,Federal Contract Tower,0,7,12,17,36,0,1,35,11,47,0,8,47,28,83,40,26,66,149
09/08/2022,TUP,MS,ASO,ES,Federal Contract Tower,0,10,13,32,55,0,6,69,10,85,0,16,82,42,140,98,42,140,280
09/09/2022,TUP,MS,ASO,ES,Federal Contract Tower,0,6,12,17,35,0,3,32,4,39,0,9,44,21,74,60,10,70,144
09/10/2022,TUP,MS,ASO,ES,Federal Contract Tower,0,4,3,5,12,0,1,24,4,29,0,5,27,9,41,44,0,44,85
09/11/2022,TUP,MS,ASO,ES,Federal Contract Tower,0,4,12,4,20,0,3,27,4,34,0,7,39,8,54,52,0,52,106
09/12/2022,TUP,MS,ASO,ES,Federal Contract Tower,0,6,15,2,23,0,0,51,3,54,0,6,66,5,77,70,0,70,147
09/13/2022,TUP,MS,ASO,ES,Federal Contract Tower,0,7,40,4,51,0,2,54,10,66,0,9,94,14,117,106,14,120,237
09/14/2022,TUP,MS,ASO,ES,Federal Contract Tower,0,8,12,6,26,0,3,51,10,64,0,11,63,16,90,106,14,120,210
09/15/2022,TUP,MS,ASO,ES,Federal Contract Tower,0,7,19,34,60,0,2,51,13,66,0,9,70,47,126,34,2,36,162
09/16/2022,TUP,MS,ASO,ES,Federal Contract Tower,2,6,14,16,38,0,3,39,18,60,2,9,53,34,98,58,28,86,184
09/17/2022,TUP,MS,ASO,ES,Federal Contract Tower,2,4,2,3,11,0,3,45,8,56,2,7,47,11,67,48,22,70,137
09/18/2022,TUP,MS,ASO,ES,Federal Contract Tower,0,4,5,0,9,0,3,36,2,41,0,7,41,2,50,46,4,50,100
09/19/2022,TUP,MS,ASO,ES,Federal Contract Tower,0,8,14,28,50,0,2,46,0,48,0,10,60,28,98,30,0,30,128
09/20/2022,TUP,MS,ASO,ES,Federal Contract Tower,0,7,13,16,36,0,6,52,8,66,0,13,65,24,102,68,26,94,196
09/21/2022,TUP,MS,ASO,ES,Federal Contract Tower,0,9,15,44,68,0,6,37,9,52,0,15,52,53,120,58,12,70,190
09/22/2022,TUP,MS,ASO,ES,Federal Contract Tower,0,12,16,24,52,0,6,49,7,62,0,18,65,31,114,74,22,96,210
09/23/2022,TUP,MS,ASO,ES,Federal Contract Tower,1,10,11,14,36,0,5,53,11,69,1,15,64,25,105,48,30,78,183
09/24/2022,TUP,MS,ASO,ES,Federal Contract Tower,1,5,8,0,14,0,3,40,5,48,1,8,48,5,62,48,12,60,122
09/25/2022,TUP,MS,ASO,ES,Federal Contract Tower,0,3,10,26,39,0,2,31,10,43,0,5,41,36,82,26,4,30,112
09/26/2022,TUP,MS,ASO,ES,Federal Contract Tower,0,9,13,15,37,0,2,54,13,69,0,11,67,28,106,50,12,62,168
09/27/2022,TUP,MS,ASO,ES,Federal Contract Tower,0,9,13,8,30,0,1,53,6,60,0,10,66,14,90,92,50,142,232
09/28/2022,TUP,MS,ASO,ES,Federal Contract Tower,0,12,9,16,37,0,5,43,11,59,0,17,52,27,96,68,32,100,196
09/29/2022,TUP,MS,ASO,ES,Federal Contract Tower,0,9,15,26,50,0,8,57,12,77,0,17,72,38,127,60,14,74,201
09/30/2022,TUP,MS,ASO,ES,Federal Contract Tower,1,7,7,10,25,0,2,46,17,65,1,9,53,27,90,60,28,88,178
10/01/2022,TUP,MS,ASO,ES,Federal Contract Tower,2,4,7,0,13,0,1,51,3,55,2,5,58,3,68,46,8,54,122
10/02/2022,TUP,MS,ASO,ES,Federal Contract Tower,0,7,3,2,12,0,4,45,3,52,0,11,48,5,64,66,2,68,132
10/03/2022,TUP,MS,ASO,ES,Federal Contract Tower,1,9,9,20,39,0,4,38,2,44,1,13,47,22,83,28,20,48,131
10/04/2022,TUP,MS,ASO,ES,Federal Contract Tower,0,12,10,27,49,0,8,63,12,83,0,20,73,39,132,98,26,124,256
10/05/2022,TUP,MS,ASO,ES,Federal Contract Tower,1,7,12,15,35,0,2,65,18,85,1,9,77,33,120,96,60,156,276
10/06/2022,TUP,MS,ASO,ES,Federal Contract Tower,2,6,20,29,57,0,4,47,31,82,2,10,67,60,139,78,26,104,243
10/07/2022,TUP,MS,ASO,ES,Federal Contract Tower,0,12,12,6,30,0,4,44,13,61,0,16,56,19,91,56,30,86,177
10/08/2022,TUP,MS,ASO,ES,Federal Contract Tower,1,4,5,0,10,0,4,42,9,55,1,8,47,9,65,64,2,66,131
10/09/2022,TUP,MS,ASO,ES,Federal Contract Tower,1,3,11,0,15,0,2,45,5,52,1,5,56,5,67,64,4,68,135
10/10/2022,TUP,MS,ASO,ES,Federal Contract Tower,0,7,18,2,27,0,6,62,0,68,0,13,80,2,95,68,4,72,167
10/11/2022,TUP,MS,ASO,ES,Federal Contract Tower,2,12,10,33,57,0,3,51,15,69,2,15,61,48,126,76,16,92,218
10/12/2022,TUP,MS,ASO,ES,Federal Contract Tower,0,14,11,57,82,0,2,28,27,57,0,16,39,84,139,38,120,158,297
10/13/2022,TUP,MS,ASO,ES,Federal Contract Tower,0,13,9,23,45,0,3,30,24,57,0,16,39,47,102,64,68,132,234
10/14/2022,TUP,MS,ASO,ES,Federal Contract Tower,1,8,10,15,34,0,5,50,27,82,1,13,60,42,116,98,20,118,234
10/15/2022,TUP,MS,ASO,ES,Federal Contract Tower,1,8,8,1,18,0,2,41,11,54,1,10,49,12,72,52,12,64,136
10/16/2022,TUP,MS,ASO,ES,Federal Contract Tower,0,7,11,0,18,0,4,41,2,47,0,11,52,2,65,44,4,48,113
10/17/2022,TUP,MS,ASO,ES,Federal Contract Tower,0,8,14,42,64,0,4,56,6,66,0,12,70,48,130,62,36,98,228
10/18/2022,TUP,MS,ASO,ES,Federal Contract Tower,0,6,14,34,54,0,2,51,10,63,0,8,65,44,117,56,12,68,185
10/19/2022,TUP,MS,ASO,ES,Federal Contract Tower,0,7,6,36,49,0,8,39,9,56,0,15,45,45,105,42,18,60,165
10/20/2022,TUP,MS,ASO,ES,Federal Contract Tower,1,6,7,32,46,0,5,54,13,72,1,11,61,45,118,70,30,100,218
10/21/2022,TUP,MS,ASO,ES,Federal Contract Tower,2,8,14,31,55,0,4,41,21,66,2,12,55,52,121,64,16,80,201
10/22/2022,TUP,MS,ASO,ES,Federal Contract Tower,2,6,9,6,23,0,4,39,12,55,2,10,48,18,78,66,16,82,160
10/23/2022,TUP,MS,ASO,ES,Federal Contract Tower,0,6,21,10,37,0,4,45,8,57,0,10,66,18,94,54,16,70,164
10/24/2022,TUP,MS,ASO,ES,Federal Contract Tower,0,11,14,36,61,0,6,54,6,66,0,17,68,42,127,42,32,74,201
10/25/2022,TUP,MS,ASO,ES,Federal Contract Tower,0,10,16,0,26,0,1,5,4,10,0,11,21,4,36,8,6,14,50
10/26/2022,TUP,MS,ASO,ES,Federal Contract Tower,0,15,13,37,65,0,5,45,24,74,0,20,58,61,139,92,40,132,271
10/27/2022,TUP,MS,ASO,ES,Federal Contract Tower,0,11,17,32,60,0,1,49,16,66,0,12,66,48,126,90,46,136,262
10/28/2022,TUP,MS,ASO,ES,Federal Contract Tower,4,8,13,20,45,0,3,58,9,70,4,11,71,29,115,84,14,98,213
10/29/2022,TUP,MS,ASO,ES,Federal Contract Tower,0,6,4,0,10,0,1,10,1,12,0,7,14,1,22,6,0,6,28
10/30/2022,TUP,MS,ASO,ES,Federal Contract Tower,0,4,4,0,8,0,1,8,0,9,0,5,12,0,17,8,0,8,25
10/31/2022,TUP,MS,ASO,ES,Federal Contract Tower,0,12,13,44,69,0,3,24,1,28,0,15,37,45,97,34,22,56,153
11/01/2022,TUP,MS,ASO,ES,Federal Contract Tower,1,6,21,28,56,0,2,43,14,59,1,8,64,42,115,82,54,136,251
11/02/2022,TUP,MS,ASO,ES,Federal Contract Tower,1,10,11,34,56,0,3,45,15,63,1,13,56,49,119,64,36,100,219
11/03/2022,TUP,MS,ASO,ES,Federal Contract Tower,0,9,13,29,51,0,2,39,27,68,0,11,52,56,119,52,56,108,227
11/04/2022,TUP,MS,ASO,ES,Federal Contract Tower,0,7,18,16,41,0,3,47,18,68,0,10,65,34,109,40,38,78,187
11/05/2022,TUP,MS,ASO,ES,Federal Contract Tower,0,6,2,0,8,0,0,0,0,0,0,6,2,0,8,0,0,0,8
11/06/2022,TUP,MS,ASO,ES,Federal Contract Tower,0,4,10,0,14,0,2,1,0,3,0,6,11,0,17,0,0,0,17
11/07/2022,TUP,MS,ASO,ES,Federal Contract Tower,1,7,11,16,35,0,6,40,3,49,1,13,51,19,84,68,10,78,162
11/08/2022,TUP,MS,ASO,ES,Federal Contract Tower,0,7,9,8,24,0,2,35,4,41,0,9,44,12,65,50,8,58,123
11/09/2022,TUP,MS,ASO,ES,Federal Contract Tower,0,11,8,37,56,0,1,45,5,51,0,12,53,42,107,58,18,76,183
11/10/2022,TUP,MS,ASO,ES,Federal Contract Tower,0,16,15,24,55,0,2,55,10,67,0,18,70,34,122,88,10,98,220
11/11/2022,TUP,MS,ASO,ES,Federal Contract Tower,2,8,15,3,28,0,4,56,11,71,2,12,71,14,99,66,26,92,191
11/12/2022,TUP,MS,ASO,ES,Federal Contract Tower,0,12,27,2,41,0,0,10,8,18,0,12,37,10,59,6,0,6,65
11/13/2022,TUP,MS,ASO,ES,Federal Contract Tower,0,6,13,1,20,0,2,30,1,33,0,8,43,2,53,36,2,38,91
11/14/2022,TUP,MS,ASO,ES,Federal Contract Tower,0,6,5,36,47,0,5,51,7,63,0,11,56,43,110,96,20,116,226
11/15/2022,TUP,MS,ASO,ES,Federal Contract Tower,0,7,14,37,58,0,3,8,21,32,0,10,22,58,90,20,8,28,118
11/16/2022,TUP,MS,ASO,ES,Federal Contract Tower,0,11,10,31,52,0,7,52,19,78,0,18,62,50,130,98,30,128,258
11/17/2022,TUP,MS,ASO,ES,Federal Contract Tower,0,12,15,38,65,0,3,40,19,62,0,15,55,57,127,68,28,96,223
11/18/2022,TUP,MS,ASO,ES,Federal Contract Tower,2,10,16,14,42,0,3,49,12,64,2,13,65,26,106,62,38,100,206
11/19/2022,TUP,MS,ASO,ES,Federal Contract Tower,0,10,3,0,13,0,3,38,6,47,0,13,41,6,60,46,8,54,114
11/20/2022,TUP,MS,ASO,ES,Federal Contract Tower,0,7,5,0,12,0,2,36,2,40,0,9,41,2,52,26,2,28,80
11/21/2022,TUP,MS,ASO,ES,Federal Contract Tower,2,10,11,16,39,0,4,45,10,59,2,14,56,26,98,46,10,56,154
11/22/2022,TUP,MS,ASO,ES,Federal Contract Tower,1,9,9,14,33,0,5,45,9,59,1,14,54,23,92,58,24,82,174
11/23/2022,TUP,MS,ASO,ES,Federal Contract Tower,0,6,7,16,29,0,6,43,6,55,0,12,50,22,84,62,4,66,150
11/24/2022,TUP,MS,ASO,ES,Federal Contract Tower,0,3,3,0,6,0,1,6,0,7,0,4,9,0,13,0,0,0,13
11/25/2022,TUP,MS,ASO,ES,Federal Contract Tower,0,5,6,0,11,0,2,18,0,20,0,7,24,0,31,14,0,14,45
11/26/2022,TUP,MS,ASO,ES,Federal Contract Tower,0,5,5,0,10,0,0,0,0,0,0,5,5,0,10,0,0,0,10
11/27/2022,TUP,MS,ASO,ES,Federal Contract Tower,0,5,19,0,24,0,6,28,0,34,0,11,47,0,58,42,0,42,100
11/28/2022,TUP,MS,ASO,ES,Federal Contract Tower,2,7,10,10,29,0,4,72,3,79,2,11,82,13,108,110,20,130,238
11/29/2022,TUP,MS,ASO,ES,Federal Contract Tower,0,6,2,0,8,0,0,18,0,18,0,6,20,0,26,36,0,36,62
11/30/2022,TUP,MS,ASO,ES,Federal Contract Tower,0,13,6,6,25,0,10,57,21,88,0,23,63,27,113,78,22,100,213
12/01/2022,TUP,MS,ASO,ES,Federal Contract Tower,0,14,13,27,54,0,9,55,31,95,0,23,68,58,149,96,20,116,265
12/02/2022,TUP,MS,ASO,ES,Federal Contract Tower,0,13,9,20,42,0,3,43,21,67,0,16,52,41,109,52,16,68,177
12/03/2022,TUP,MS,ASO,ES,Federal Contract Tower,0,5,7,10,22,0,2,29,17,48,0,7,36,27,70,38,30,68,138
12/04/2022,TUP,MS,ASO,ES,Federal Contract Tower,0,12,12,0,24,0,5,35,5,45,0,17,47,5,69,54,0,54,123
12/05/2022,TUP,MS,ASO,ES,Federal Contract Tower,0,8,5,0,13,0,0,0,0,0,0,8,5,0,13,0,0,0,13
12/06/2022,TUP,MS,ASO,ES,Federal Contract Tower,0,9,14,16,39,0,0,8,16,24,0,9,22,32,63,6,20,26,89
12/07/2022,TUP,MS,ASO,ES,Federal Contract Tower,0,7,11,17,35,0,0,0,0,0,0,7,11,17,35,0,0,0,35
12/08/2022,TUP,MS,ASO,ES,Federal Contract Tower,0,7,15,23,45,0,4,13,5,22,0,11,28,28,67,24,16,40,107
12/09/2022,TUP,MS,ASO,ES,Federal Contract Tower,0,9,22,13,44,0,0,3,0,3,0,9,25,13,47,30,0,30,77
12/10/2022,TUP,MS,ASO,ES,Federal Contract Tower,0,8,4,0,12,0,0,0,0,0,0,8,4,0,12,0,0,0,12
12/11/2022,TUP,MS,ASO,ES,Federal Contract Tower,0,6,9,0,15,0,0,0,0,0,0,6,9,0,15,0,0,0,15
12/12/2022,TUP,MS,ASO,ES,Federal Contract Tower,0,12,24,30,66,0,0,4,0,4,0,12,28,30,70,24,0,24,94
12/13/2022,TUP,MS,ASO,ES,Federal Contract Tower,0,14,17,15,46,0,0,1,0,1,0,14,18,15,47,0,0,0,47
12/14/2022,TUP,MS,ASO,ES,Federal Contract Tower,0,10,4,0,14,0,0,0,0,0,0,10,4,0,14,0,0,0,14
12/15/2022,TUP,MS,ASO,ES,Federal Contract Tower,0,6,19,21,46,0,6,55,14,75,0,12,74,35,121,110,42,152,273
12/17/2022,TUP,MS,ASO,ES,Federal Contract Tower,0,5,5,4,14,0,3,36,9,48,0,8,41,13,62,42,16,58,120
12/18/2022,TUP,MS,ASO,ES,Federal Contract Tower,0,5,5,4,14,0,9,51,5,65,0,14,56,9,79,66,10,76,155
12/19/2022,TUP,MS,ASO,ES,Federal Contract Tower,0,9,8,36,53,0,4,19,9,32,0,13,27,45,85,36,22,58,143
12/20/2022,TUP,MS,ASO,ES,Federal Contract Tower,0,6,11,38,55,0,5,20,18,43,0,11,31,56,98,54,96,150,248
12/21/2022,TUP,MS,ASO,ES,Federal Contract Tower,0,12,14,51,77,0,2,32,21,55,0,14,46,72,132,26,98,124,256
12/22/2022,TUP,MS,ASO,ES,Federal Contract Tower,0,6,4,0,10,0,0,0,0,0,0,6,4,0,10,0,0,0,10
12/23/2022,TUP,MS,ASO,ES,Federal Contract Tower,0,6,6,0,12,0,0,13,0,13,0,6,19,0,25,0,0,0,25
12/24/2022,TUP,MS,ASO,ES,Federal Contract Tower,0,1,1,0,2,0,2,14,0,16,0,3,15,0,18,2,0,2,20
12/25/2022,TUP,MS,ASO,ES,Federal Contract Tower,4,0,0,0,4,0,3,10,0,13,4,3,10,0,17,12,0,12,29
12/26/2022,TUP,MS,ASO,ES,Federal Contract Tower,2,7,10,0,19,0,0,17,0,17,2,7,27,0,36,10,0,10,46
12/27/2022,TUP,MS,ASO,ES,Federal Contract Tower,2,6,15,0,23,0,2,23,1,26,2,8,38,1,49,38,0,38,87
12/28/2022,TUP,MS,ASO,ES,Federal Contract Tower,2,4,5,0,11,0,4,55,0,59,2,8,60,0,70,98,0,98,168
12/29/2022,TUP,MS,ASO,ES,Federal Contract Tower,6,9,9,0,24,0,3,17,1,21,6,12,26,1,45,40,0,40,85
12/30/2022,TUP,MS,ASO,ES,Federal Contract Tower,0,10,5,0,15,0,0,4,0,4,0,10,9,0,19,0,0,0,19
12/31/2022,TUP,MS,ASO,ES,Federal Contract Tower,0,4,4,0,8,0,1,19,0,20,0,5,23,0,28,10,0,10,38
01/01/2023,TUP,MS,ASO,ES,Federal Contract Tower,0,4,10,0,14,0,3,39,0,42,0,7,49,0,56,80,0,80,136
01/02/2023,TUP,MS,ASO,ES,Federal Contract Tower,0,5,10,0,15,0,1,0,0,1,0,6,10,0,16,0,0,0,16
01/03/2023,TUP,MS,ASO,ES,Federal Contract Tower,0,6,6,0,12,0,2,16,15,33,0,8,22,15,45,28,26,54,99
01/04/2023,TUP,MS,ASO,ES,Federal Contract Tower,0,10,7,23,40,0,5,34,17,56,0,15,41,40,96,74,50,124,220
01/05/2023,TUP,MS,ASO,ES,Federal Contract Tower,0,10,8,27,45,0,3,45,26,74,0,13,53,53,119,50,78,128,247
01/06/2023,TUP,MS,ASO,ES,Federal Contract Tower,1,11,4,13,29,0,2,46,22,70,1,13,50,35,99,91,55,146,245
01/07/2023,TUP,MS,ASO,ES,Federal Contract Tower,1,3,2,2,8,0,0,3,2,5,1,3,5,4,13,22,32,54,67
01/08/2023,TUP,MS,ASO,ES,Federal Contract Tower,2,4,8,6,20,0,0,3,0,3,2,4,11,6,23,0,0,0,23
01/09/2023,TUP,MS,ASO,ES,Federal Contract Tower,0,15,14,27,56,0,2,46,13,61,0,17,60,40,117,62,50,112,229
01/10/2023,TUP,MS,ASO,ES,Federal Contract Tower,0,7,11,46,64,0,3,37,18,58,0,10,48,64,122,64,70,134,256
01/11/2023,TUP,MS,ASO,ES,Federal Contract Tower,0,10,6,43,59,0,2,23,21,46,0,12,29,64,105,20,80,100,205
01/12/2023,TUP,MS,ASO,ES,Federal Contract Tower,0,11,8,0,19,0,0,0,10,10,0,11,8,10,29,0,4,4,33
01/13/2023,TUP,MS,ASO,ES,Federal Contract Tower,0,9,12,1,22,0,2,15,3,20,0,11,27,4,42,16,10,26,68
01/14/2023,TUP,MS,ASO,ES,Federal Contract Tower,0,5,8,0,13,0,2,44,6,52,0,7,52,6,65,92,2,94,159
01/15/2023,TUP,MS,ASO,ES,Federal Contract Tower,0,6,10,0,16,0,4,70,2,76,0,10,80,2,92,76,0,76,168
01/16/2023,TUP,MS,ASO,ES,Federal Contract Tower,0,6,5,0,11,0,2,23,0,25,0,8,28,0,36,30,0,30,66
01/17/2023,TUP,MS,ASO,ES,Federal Contract Tower,0,9,16,45,70,0,2,26,14,42,0,11,42,59,112,40,66,106,218
01/18/2023,TUP,MS,ASO,ES,Federal Contract Tower,0,11,2,4,17,0,0,0,0,0,0,11,2,4,17,0,0,0,17
01/19/2023,TUP,MS,ASO,ES,Federal Contract Tower,0,13,13,6,32,0,4,39,23,66,0,17,52,29,98,40,40,80,178
01/20/2023,TUP,MS,ASO,ES,Federal Contract Tower,0,6,14,27,47,0,5,62,19,86,0,11,76,46,133,90,42,132,265
01/21/2023,TUP,MS,ASO,ES,Federal Contract Tower,0,0,4,0,4,0,3,54,8,65,0,3,58,8,69,80,8,88,157
01/22/2023,TUP,MS,ASO,ES,Federal Contract Tower,0,4,3,0,7,0,3,10,0,13,0,7,13,0,20,10,0,10,30
01/23/2023,TUP,MS,ASO,ES,Federal Contract Tower,0,4,17,22,43,0,4,40,5,49,0,8,57,27,92,74,52,126,218
01/24/2023,TUP,MS,ASO,ES,Federal Contract Tower,0,12,4,14,30,0,0,23,8,31,0,12,27,22,61,22,62,84,145
01/25/2023,TUP,MS,ASO,ES,Federal Contract Tower,0,9,7,20,36,0,0,5,8,13,0,9,12,28,49,30,32,62,111
01/26/2023,TUP,MS,ASO,ES,Federal Contract Tower,0,18,10,26,54,0,1,50,31,82,0,19,60,57,136,88,102,190,326
01/27/2023,TUP,MS,ASO,ES,Federal Contract Tower,2,9,13,14,38,0,2,52,20,74,2,11,65,34,112,52,46,98,210
01/28/2023,TUP,MS,ASO,ES,Federal Contract Tower,0,8,8,17,33,0,2,48,7,57,0,10,56,24,90,46,42,88,178
01/29/2023,TUP,MS,ASO,ES,Federal Contract Tower,1,8,8,0,17,0,0,0,0,0,1,8,8,0,17,0,0,0,17
01/30/2023,TUP,MS,ASO,ES,Federal Contract Tower,0,7,10,8,25,0,0,2,0,2,0,7,12,8,27,10,0,10,37
01/31/2023,TUP,MS,ASO,ES,Federal Contract Tower,0,7,5,0,12,0,0,0,0,0,0,7,5,0,12,0,0,0,12
02/01/2023,TUP,MS,ASO,ES,Federal Contract Tower,2,9,4,0,15,0,0,0,0,0,2,9,4,0,15,0,0,0,15
02/02/2023,TUP,MS,ASO,ES,Federal Contract Tower,0,4,15,0,19,0,0,0,0,0,0,4,15,0,19,0,0,0,19
02/03/2023,TUP,MS,ASO,ES,Federal Contract Tower,1,8,13,27,49,0,0,56,7,63,1,8,69,34,112,82,18,100,212
02/04/2023,TUP,MS,ASO,ES,Federal Contract Tower,0,4,10,0,14,0,0,72,5,77,0,4,82,5,91,82,2,84,175
02/05/2023,TUP,MS,ASO,ES,Federal Contract Tower,2,4,13,0,19,0,9,47,0,56,2,13,60,0,75,80,0,80,155
02/06/2023,TUP,MS,ASO,ES,Federal Contract Tower,0,6,12,14,32,0,2,59,2,63,0,8,71,16,95,108,4,112,207
02/07/2023,TUP,MS,ASO,ES,Federal Contract Tower,0,9,10,32,51,0,2,35,21,58,0,11,45,53,109,56,76,132,241
02/08/2023,TUP,MS,ASO,ES,Federal Contract Tower,0,9,5,17,31,0,0,3,4,7,0,9,8,21,38,0,0,0,38
02/09/2023,TUP,MS,ASO,ES,Federal Contract Tower,0,7,15,24,46,0,4,55,21,80,0,11,70,45,126,78,74,152,278
02/10/2023,TUP,MS,ASO,ES,Federal Contract Tower,0,7,2,6,15,0,2,42,24,68,0,9,44,30,83,48,30,78,161
02/11/2023,TUP,MS,ASO,ES,Federal Contract Tower,0,4,13,0,17,0,2,22,8,32,0,6,35,8,49,30,10,40,89
02/12/2023,TUP,MS,ASO,ES,Federal Contract Tower,0,4,5,18,27,0,5,52,8,65,0,9,57,26,92,46,24,70,162
02/13/2023,TUP,MS,ASO,ES,Federal Contract Tower,0,8,8,20,36,0,10,58,7,75,0,18,66,27,111,62,40,102,213
02/14/2023,TUP,MS,ASO,ES,Federal Contract Tower,0,8,3,26,37,0,0,29,4,33,0,8,32,30,70,8,28,36,106
02/15/2023,TUP,MS,ASO,ES,Federal Contract Tower,0,11,9,10,30,0,2,1,0,3,0,13,10,10,33,0,0,0,33
02/16/2023,TUP,MS,ASO,ES,Federal Contract Tower,0,11,3,0,14,0,0,0,0,0,0,11,3,0,14,0,0,0,14
02/17/2023,TUP,MS,ASO,ES,Federal Contract Tower,0,9,18,12,39,0,2,58,10,70,0,11,76,22,109,104,26,130,239
02/18/2023,TUP,MS,ASO,ES,Federal Contract Tower,0,4,11,0,15,0,4,78,10,92,0,8,89,10,107,70,18,88,195
02/19/2023,TUP,MS,ASO,ES,Federal Contract Tower,0,4,12,0,16,0,5,50,2,57,0,9,62,2,73,64,0,64,137
02/20/2023,TUP,MS,ASO,ES,Federal Contract Tower,0,7,16,0,23,0,7,23,0,30,0,14,39,0,53,12,0,12,65
02/21/2023,TUP,MS,ASO,ES,Federal Contract Tower,0,10,9,40,59,0,1,45,21,67,0,11,54,61,126,60,134,194,320
02/22/2023,TUP,MS,ASO,ES,Federal Contract Tower,0,9,7,14,30,0,4,21,11,36,0,13,28,25,66,26,24,50,116
02/23/2023,TUP,MS,ASO,ES,Federal Contract Tower,0,8,14,39,61,0,9,33,27,69,0,17,47,66,130,30,66,96,226
02/24/2023,TUP,MS,ASO,ES,Federal Contract Tower,0,7,8,12,27,0,0,1,1,2,0,7,9,13,29,0,0,0,29
02/25/2023,TUP,MS,ASO,ES,Federal Contract Tower,0,4,2,0,6,0,0,0,0,0,0,4,2,0,6,0,0,0,6
02/26/2023,TUP,MS,ASO,ES,Federal Contract Tower,0,6,6,2,14,0,0,21,0,21,0,6,27,2,35,12,0,12,47
02/27/2023,TUP,MS,ASO,ES,Federal Contract Tower,2,10,7,0,19,0,2,17,9,28,2,12,24,9,47,12,6,18,65
02/28/2023,TUP,MS,ASO,ES,Federal Contract Tower,1,8,4,27,40,0,7,64,26,97,1,15,68,53,137,82,28,110,247
03/01/2023,TUP,MS,ASO,ES,Federal Contract Tower,2,5,15,51,73,0,3,13,14,30,2,8,28,65,103,40,96,136,239
03/02/2023,TUP,MS,ASO,ES,Federal Contract Tower,0,4,11,1,16,0,0,0,0,0,0,4,11,1,16,0,0,0,16
03/03/2023,TUP,MS,ASO,ES,Federal Contract Tower,0,9,3,0,12,0,0,14,0,14,0,9,17,0,26,2,0,2,28
03/04/2023,TUP,MS,ASO,ES,Federal Contract Tower,0,4,10,1,15,0,0,58,13,71,0,4,68,14,86,36,12,48,134
03/05/2023,TUP,MS,ASO,ES,Federal Contract Tower,0,4,6,0,10,0,0,98,2,100,0,4,104,2,110,88,0,88,198
03/06/2023,TUP,MS,ASO,ES,Federal Contract Tower,0,9,8,15,32,0,8,72,6,86,0,17,80,21,118,96,12,108,226
03/07/2023,TUP,MS,ASO,ES,Federal Contract Tower,0,9,11,14,34,0,1,54,23,78,0,10,65,37,112,74,36,110,222
03/08/2023,TUP,MS,ASO,ES,Federal Contract Tower,0,7,7,33,47,0,0,11,0,11,0,7,18,33,58,0,10,10,68
03/09/2023,TUP,MS,ASO,ES,Federal Contract Tower,0,4,1,8,13,0,1,3,0,4,0,5,4,8,17,0,14,14,31
03/10/2023,TUP,MS,ASO,ES,Federal Contract Tower,0,7,21,69,97,0,0,72,25,97,0,7,93,94,194,46,86,132,326
03/11/2023,TUP,MS,ASO,ES,Federal Contract Tower,0,7,25,0,32,0,0,23,0,23,0,7,48,0,55,30,0,30,85
03/12/2023,TUP,MS,ASO,ES,Federal Contract Tower,0,4,5,0,9,0,0,1,0,1,0,4,6,0,10,0,0,0,10
03/13/2023,TUP,MS,ASO,ES,Federal Contract Tower,0,7,13,24,44,0,2,59,0,61,0,9,72,24,105,56,0,56,161
03/14/2023,TUP,MS,ASO,ES,Federal Contract Tower,0,6,7,21,34,0,6,49,10,65,0,12,56,31,99,24,30,54,153
03/15/2023,TUP,MS,ASO,ES,Federal Contract Tower,1,6,10,23,40,0,2,55,14,71,1,8,65,37,111,42,38,80,191
03/16/2023,TUP,MS,ASO,ES,Federal Contract Tower,0,6,16,32,54,0,1,47,16,64,0,7,63,48,118,32,28,60,178
03/17/2023,TUP,MS,ASO,ES,Federal Contract Tower,0,5,10,12,27,0,0,13,1,14,0,5,23,13,41,12,4,16,57
03/18/2023,TUP,MS,ASO,ES,Federal Contract Tower,0,6,10,0,16,0,5,27,1,33,0,11,37,1,49,38,4,42,91
03/19/2023,TUP,MS,ASO,ES,Federal Contract Tower,0,7,18,0,25,0,2,44,1,47,0,9,62,1,72,56,0,56,128
03/20/2023,TUP,MS,ASO,ES,Federal Contract Tower,0,10,10,27,47,0,8,65,6,79,0,18,75,33,126,80,18,98,224
03/21/2023,TUP,MS,ASO,ES,Federal Contract Tower,0,8,6,19,33,0,2,37,21,60,0,10,43,40,93,44,54,98,191
03/22/2023,TUP,MS,ASO,ES,Federal Contract Tower,0,5,11,22,38,0,1,17,10,28,0,6,28,32,66,22,8,30,96
03/23/2023,TUP,MS,ASO,ES,Federal Contract Tower,0,9,24,34,67,0,2,49,17,68,0,11,73,51,135,36,28,64,199
03/24/2023,TUP,MS,ASO,ES,Federal Contract Tower,0,8,14,25,47,0,0,17,6,23,0,8,31,31,70,6,8,14,84
03/25/2023,TUP,MS,ASO,ES,Federal Contract Tower,2,5,5,6,18,0,2,56,6,64,2,7,61,12,82,74,2,76,158
03/26/2023,TUP,MS,ASO,ES,Federal Contract Tower,2,6,6,20,34,0,2,55,23,80,2,8,61,43,114,58,42,100,214
03/27/2023,TUP,MS,ASO,ES,Federal Contract Tower,0,6,15,22,43,0,4,47,2,53,0,10,62,24,96,42,14,56,152
03/28/2023,TUP,MS,ASO,ES,Federal Contract Tower,0,4,11,35,50,0,2,51,23,76,0,6,62,58,126,40,0,40,166
03/29/2023,TUP,MS,ASO,ES,Federal Contract Tower,0,8,10,31,49,0,4,61,10,75,0,12,71,41,124,44,38,82,206
03/30/2023,TUP,MS,ASO,ES,Federal Contract Tower,0,6,17,4,27,0,1,43,10,54,0,7,60,14,81,20,24,44,125
03/31/2023,TUP,MS,ASO,ES,Federal Contract Tower,0,7,2,0,9,0,0,4,0,4,0,7,6,0,13,0,0,0,13
04/01/2023,TUP,MS,ASO,ES,Federal Contract Tower,0,3,5,0,8,0,0,33,0,33,0,3,38,0,41,12,0,12,53
04/02/2023,TUP,MS,ASO,ES,Federal Contract Tower,2,3,4,6,15,0,0,52,2,54,2,3,56,8,69,50,10,60,129
04/03/2023,TUP,MS,ASO,ES,Federal Contract Tower,0,9,10,6,25,0,1,12,3,16,0,10,22,9,41,10,0,10,51
04/04/2023,TUP,MS,ASO,ES,Federal Contract Tower,0,5,9,32,46,0,3,30,19,52,0,8,39,51,98,58,18,76,174
04/05/2023,TUP,MS,ASO,ES,Federal Contract Tower,0,10,12,28,50,0,0,31,6,37,0,10,43,34,87,26,16,42,129
04/06/2023,TUP,MS,ASO,ES,Federal Contract Tower,0,8,18,4,30,0,0,0,0,0,0,8,18,4,30,0,0,0,30
04/07/2023,TUP,MS,ASO,ES,Federal Contract Tower,0,5,7,14,26,0,0,13,0,13,0,5,20,14,39,0,0,0,39
04/08/2023,TUP,MS,ASO,ES,Federal Contract Tower,0,5,11,0,16,0,0,1,0,1,0,5,12,0,17,0,0,0,17
04/09/2023,TUP,MS,ASO,ES,Federal Contract Tower,0,7,11,0,18,0,0,17,0,17,0,7,28,0,35,0,0,0,35
04/10/2023,TUP,MS,ASO,ES,Federal Contract Tower,0,4,23,30,57,0,0,68,7,75,0,4,91,37,132,32,22,54,186
04/11/2023,TUP,MS,ASO,ES,Federal Contract Tower,0,8,13,23,44,0,1,53,9,63,0,9,66,32,107,44,10,54,161
04/12/2023,TUP,MS,ASO,ES,Federal Contract Tower,0,7,22,33,62,0,2,48,13,63,0,9,70,46,125,50,28,78,203
04/13/2023,TUP,MS,ASO,ES,Federal Contract Tower,1,6,7,16,30,0,2,18,8,28,1,8,25,24,58,36,22,58,116
04/14/2023,TUP,MS,ASO,ES,Federal Contract Tower,1,8,14,14,37,0,1,32,6,39,1,9,46,20,76,40,10,50,126
04/15/2023,TUP,MS,ASO,ES,Federal Contract Tower,0,4,11,2,17,0,1,36,5,42,0,5,47,7,59,52,8,60,119
04/16/2023,TUP,MS,ASO,ES,Federal Contract Tower,0,4,7,0,11,0,2,32,1,35,0,6,39,1,46,34,4,38,84
04/17/2023,TUP,MS,ASO,ES,Federal Contract Tower,0,4,15,36,55,0,8,58,5,71,0,12,73,41,126,40,34,74,200
04/18/2023,TUP,MS,ASO,ES,Federal Contract Tower,0,6,10,30,46,0,4,55,10,69,0,10,65,40,115,76,28,104,219
04/19/2023,TUP,MS,ASO,ES,Federal Contract Tower,1,7,13,34,55,0,4,53,18,75,1,11,66,52,130,64,36,100,230
04/20/2023,TUP,MS,ASO,ES,Federal Contract Tower,0,12,10,53,75,0,3,49,16,68,0,15,59,69,143,48,38,86,229
04/21/2023,TUP,MS,ASO,ES,Federal Contract Tower,0,14,17,0,31,0,0,6,0,6,0,14,23,0,37,2,0,2,39
04/22/2023,TUP,MS,ASO,ES,Federal Contract Tower,2,8,9,0,19,0,2,42,8,52,2,10,51,8,71,46,10,56,127
04/23/2023,TUP,MS,ASO,ES,Federal Contract Tower,0,7,11,0,18,0,2,40,4,46,0,9,51,4,64,40,2,42,106
04/24/2023,TUP,MS,ASO,ES,Federal Contract Tower,0,4,16,35,55,0,0,68,13,81,0,4,84,48,136,48,56,104,240
04/25/2023,TUP,MS,ASO,ES,Federal Contract Tower,0,10,18,21,49,0,1,63,17,81,0,11,81,38,130,54,30,84,214
04/26/2023,TUP,MS,ASO,ES,Federal Contract Tower,0,10,13,13,36,0,0,5,4,9,0,10,18,17,45,6,8,14,59
04/27/2023,TUP,MS,ASO,ES,Federal Contract Tower,1,9,18,12,40,0,0,12,0,12,1,9,30,12,52,14,0,14,66
04/28/2023,TUP,MS,ASO,ES,Federal Contract Tower,0,12,25,37,74,0,3,39,8,50,0,15,64,45,124,56,12,68,192
04/29/2023,TUP,MS,ASO,ES,Federal Contract Tower,0,6,5,0,11,0,3,32,2,37,0,9,37,2,48,26,0,26,74
04/30/2023,TUP,MS,ASO,ES,Federal Contract Tower,0,12,15,0,27,0,3,34,4,41,0,15,49,4,68,20,0,20,88
05/01/2023,TUP,MS,ASO,ES,Federal Contract Tower,0,6,12,32,50,0,0,57,1,58,0,6,69,33,108,40,12,52,160
05/02/2023,TUP,MS,ASO,ES,Federal Contract Tower,0,7,13,20,40,0,2,45,16,63,0,9,58,36,103,30,24,54,157
05/03/2023,TUP,MS,ASO,ES,Federal Contract Tower,0,11,19,27,57,0,2,48,12,62,0,13,67,39,119,44,18,62,181
05/04/2023,TUP,MS,ASO,ES,Federal Contract Tower,0,8,11,14,33,0,1,66,9,76,0,9,77,23,109,88,6,94,203
05/05/2023,TUP,MS,ASO,ES,Federal Contract Tower,0,7,6,16,29,0,1,24,4,29,0,8,30,20,58,40,26,66,124
05/06/2023,TUP,MS,ASO,ES,Federal Contract Tower,1,6,11,0,18,0,1,24,2,27,1,7,35,2,45,40,0,40,85
05/07/2023,TUP,MS,ASO,ES,Federal Contract Tower,0,6,10,4,20,0,1,29,10,40,0,7,39,14,60,18,0,18,78
05/08/2023,TUP,MS,ASO,ES,Federal Contract Tower,0,11,19,52,82,0,2,20,0,22,0,13,39,52,104,8,0,8,112
05/09/2023,TUP,MS,ASO,ES,Federal Contract Tower,0,8,10,10,28,0,2,34,16,52,0,10,44,26,80,40,14,54,134
05/10/2023,TUP,MS,ASO,ES,Federal Contract Tower,1,14,12,32,59,0,2,34,12,48,1,16,46,44,107,48,16,64,171
05/11/2023,TUP,MS,ASO,ES,Federal Contract Tower,1,19,20,26,66,0,1,19,5,25,1,20,39,31,91,26,12,38,129
05/12/2023,TUP,MS,ASO,ES,Federal Contract Tower,0,10,12,2,24,0,1,17,1,19,0,11,29,3,43,8,2,10,53
05/13/2023,TUP,MS,ASO,ES,Federal Contract Tower,0,6,17,0,23,0,4,39,9,52,0,10,56,9,75,42,4,46,121
05/14/2023,TUP,MS,ASO,ES,Federal Contract Tower,0,8,20,0,28,0,3,41,3,47,0,11,61,3,75,56,2,58,133
05/15/2023,TUP,MS,ASO,ES,Federal Contract Tower,0,5,17,0,22,0,0,55,0,55,0,5,72,0,77,76,0,76,153
05/16/2023,TUP,MS,ASO,ES,Federal Contract Tower,0,9,10,20,39,0,0,45,9,54,0,9,55,29,93,58,0,58,151
05/17/2023,TUP,MS,ASO,ES,Federal Contract Tower,2,14,13,38,67,0,7,15,6,28,2,21,28,44,95,26,32,58,153
05/18/2023,TUP,MS,ASO,ES,Federal Contract Tower,0,5,21,24,50,0,3,60,20,83,0,8,81,44,133,40,14,54,187
05/19/2023,TUP,MS,ASO,ES,Federal Contract Tower,0,12,21,14,47,0,1,25,1,27,0,13,46,15,74,34,0,34,108
05/20/2023,TUP,MS,ASO,ES,Federal Contract Tower,0,4,10,4,18,0,8,15,4,27,0,12,25,8,45,10,14,24,69
05/21/2023,TUP,MS,ASO,ES,Federal Contract Tower,0,4,10,4,18,0,1,62,10,73,0,5,72,14,91,50,26,76,167
05/22/2023,TUP,MS,ASO,ES,Federal Contract Tower,0,4,16,28,48,0,0,37,7,44,0,4,53,35,92,34,14,48,140
05/23/2023,TUP,MS,ASO,ES,Federal Contract Tower,0,7,8,17,32,0,3,43,24,70,0,10,51,41,102,44,60,104,206
05/24/2023,TUP,MS,ASO,ES,Federal Contract Tower,0,9,12,30,51,0,5,51,21,77,0,14,63,51,128,56,40,96,224
05/25/2023,TUP,MS,ASO,ES,Federal Contract Tower,0,6,10,17,33,0,4,64,9,77,0,10,74,26,110,66,20,86,196
05/26/2023,TUP,MS,ASO,ES,Federal Contract Tower,1,8,10,0,19,0,6,44,0,50,1,14,54,0,69,52,0,52,121
05/27/2023,TUP,MS,ASO,ES,Federal Contract Tower,0,3,14,0,17,0,0,31,0,31,0,3,45,0,48,10,0,10,58
05/28/2023,TUP,MS,ASO,ES,Federal Contract Tower,0,4,8,0,12,0,2,24,0,26,0,6,32,0,38,8,0,8,46
05/29/2023,TUP,MS,ASO,ES,Federal Contract Tower,0,4,10,0,14,0,1,26,0,27,0,5,36,0,41,10,0,10,51
05/30/2023,TUP,MS,ASO,ES,Federal Contract Tower,0,6,8,28,42,0,3,57,19,79,0,9,65,47,121,34,22,56,177
05/31/2023,TUP,MS,ASO,ES,Federal Contract Tower,0,2,18,21,41,0,1,45,17,63,0,3,63,38,104,34,8,42,146
06/01/2023,TUP,MS,ASO,ES,Federal Contract Tower,0,8,8,2,18,0,3,34,17,54,0,11,42,19,72,10,4,14,86
06/02/2023,TUP,MS,ASO,ES,Federal Contract Tower,0,9,12,25,46,0,3,49,14,66,0,12,61,39,112,36,4,40,152
06/03/2023,TUP,MS,ASO,ES,Federal Contract Tower,0,4,10,16,30,0,2,34,2,38,0,6,44,18,68,10,18,28,96
06/04/2023,TUP,MS,ASO,ES,Federal Contract Tower,1,3,9,6,19,0,4,31,3,38,1,7,40,9,57,30,0,30,87
06/05/2023,TUP,MS,ASO,ES,Federal Contract Tower,0,7,19,0,26,0,5,23,5,33,0,12,42,5,59,8,0,8,67
06/06/2023,TUP,MS,ASO,ES,Federal Contract Tower,0,7,9,35,51,0,3,47,11,61,0,10,56,46,112,28,14,42,154
06/07/2023,TUP,MS,ASO,ES,Federal Contract Tower,0,8,7,39,54,0,3,46,8,57,0,11,53,47,111,48,34,82,193
06/08/2023,TUP,MS,ASO,ES,Federal Contract Tower,0,7,9,22,38,0,3,35,5,43,0,10,44,27,81,30,18,48,129
06/09/2023,TUP,MS,ASO,ES,Federal Contract Tower,0,5,12,48,65,0,3,41,9,53,0,8,53,57,118,36,36,72,190
06/10/2023,TUP,MS,ASO,ES,Federal Contract Tower,0,5,9,6,20,0,3,33,8,44,0,8,42,14,64,24,26,50,114
06/11/2023,TUP,MS,ASO,ES,Federal Contract Tower,0,4,4,10,18,0,2,16,7,25,0,6,20,17,43,16,10,26,69
06/12/2023,TUP,MS,ASO,ES,Federal Contract Tower,0,10,17,69,96,0,2,40,12,54,0,12,57,81,150,48,48,96,246
06/13/2023,TUP,MS,ASO,ES,Federal Contract Tower,0,6,5,46,57,0,2,18,16,36,0,8,23,62,93,24,34,58,151
06/14/2023,TUP,MS,ASO,ES,Federal Contract Tower,0,8,5,26,39,0,2,17,11,30,0,10,22,37,69,24,14,38,107
06/15/2023,TUP,MS,ASO,ES,Federal Contract Tower,1,6,12,26,45,0,5,18,12,35,1,11,30,38,80,8,14,22,102
06/16/2023,TUP,MS,ASO,ES,Federal Contract Tower,0,7,9,17,33,0,2,26,7,35,0,9,35,24,68,28,20,48,116
06/17/2023,TUP,MS,ASO,ES,Federal Contract Tower,0,7,9,0,16,0,2,39,4,45,0,9,48,4,61,72,2,74,135
06/18/2023,TUP,MS,ASO,ES,Federal Contract Tower,0,5,12,0,17,0,0,0,0,0,0,5,12,0,17,0,0,0,17
06/19/2023,TUP,MS,ASO,ES,Federal Contract Tower,0,4,9,0,13,0,3,27,0,30,0,7,36,0,43,18,0,18,61
06/20/2023,TUP,MS,ASO,ES,Federal Contract Tower,0,8,15,18,41,0,2,35,18,55,0,10,50,36,96,86,36,122,218
06/21/2023,TUP,MS,ASO,ES,Federal Contract Tower,0,10,15,24,49,0,2,20,3,25,0,12,35,27,74,18,6,24,98
06/22/2023,TUP,MS,ASO,ES,Federal Contract Tower,0,15,7,6,28,0,3,40,21,64,0,18,47,27,92,38,26,64,156
06/23/2023,TUP,MS,ASO,ES,Federal Contract Tower,0,6,6,23,35,0,1,34,21,56,0,7,40,44,91,26,14,40,131
06/24/2023,TUP,MS,ASO,ES,Federal Contract Tower,0,4,7,0,11,0,1,38,6,45,0,5,45,6,56,22,0,22,78
06/25/2023,TUP,MS,ASO,ES,Federal Contract Tower,0,3,4,0,7,0,2,20,0,22,0,5,24,0,29,14,0,14,43
06/26/2023,TUP,MS,ASO,ES,Federal Contract Tower,0,8,6,4,18,0,3,33,11,47,0,11,39,15,65,22,20,42,107
06/27/2023,TUP,MS,ASO,ES,Federal Contract Tower,0,6,16,2,24,0,6,66,14,86,0,12,82,16,110,62,6,68,178
06/28/2023,TUP,MS,ASO,ES,Federal Contract Tower,0,8,6,8,22,0,3,69,11,83,0,11,75,19,105,80,34,114,219
06/29/2023,TUP,MS,ASO,ES,Federal Contract Tower,0,8,14,16,38,0,3,70,12,85,0,11,84,28,123,76,20,96,219
06/30/2023,TUP,MS,ASO,ES,Federal Contract Tower,0,5,12,20,37,0,4,41,13,58,0,9,53,33,95,26,22,48,143
07/01/2023,TUP,MS,ASO,ES,Federal Contract Tower,0,5,9,0,14,0,1,38,0,39,0,6,47,0,53,26,0,26,79
07/02/2023,TUP,MS,ASO,ES,Federal Contract Tower,0,4,4,0,8,0,3,31,3,37,0,7,35,3,45,26,2,28,73
07/03/2023,TUP,MS,ASO,ES,Federal Contract Tower,0,6,4,0,10,0,2,33,0,35,0,8,37,0,45,46,0,46,91
07/04/2023,TUP,MS,ASO,ES,Federal Contract Tower,0,6,4,4,14,0,0,15,0,15,0,6,19,4,29,8,0,8,37
07/05/2023,TUP,MS,ASO,ES,Federal Contract Tower,0,8,12,47,67,0,5,32,12,49,0,13,44,59,116,40,18,58,174
07/06/2023,TUP,MS,ASO,ES,Federal Contract Tower,0,6,7,19,32,0,4,52,19,75,0,10,59,38,107,36,28,64,171
07/07/2023,TUP,MS,ASO,ES,Federal Contract Tower,0,6,3,20,29,0,4,50,9,63,0,10,53,29,92,46,26,72,164
07/08/2023,TUP,MS,ASO,ES,Federal Contract Tower,0,4,2,0,6,0,0,0,0,0,0,4,2,0,6,0,0,0,6
07/09/2023,TUP,MS,ASO,ES,Federal Contract Tower,0,4,18,1,23,0,0,0,0,0,0,4,18,1,23,0,0,0,23
07/10/2023,TUP,MS,ASO,ES,Federal Contract Tower,0,6,9,30,45,0,3,62,7,72,0,9,71,37,117,86,30,116,233
07/11/2023,TUP,MS,ASO,ES,Federal Contract Tower,0,7,11,24,42,0,11,65,14,90,0,18,76,38,132,54,28,82,214
07/12/2023,TUP,MS,ASO,ES,Federal Contract Tower,0,6,10,14,30,0,2,37,2,41,0,8,47,16,71,32,10,42,113
07/13/2023,TUP,MS,ASO,ES,Federal Contract Tower,0,8,9,20,37,0,5,27,5,37,0,13,36,25,74,70,26,96,170
07/14/2023,TUP,MS,ASO,ES,Federal Contract Tower,0,7,13,4,24,0,1,20,1,22,0,8,33,5,46,14,0,14,60
07/15/2023,TUP,MS,ASO,ES,Federal Contract Tower,0,5,12,0,17,0,2,39,7,48,0,7,51,7,65,26,0,26,91
07/16/2023,TUP,MS,ASO,ES,Federal Contract Tower,0,6,9,4,19,0,4,67,1,72,0,10,76,5,91,70,0,70,161
07/17/2023,TUP,MS,ASO,ES,Federal Contract Tower,0,8,10,30,48,0,1,68,9,78,0,9,78,39,126,28,74,102,228
07/18/2023,TUP,MS,ASO,ES,Federal Contract Tower,1,8,5,17,31,0,8,45,5,58,1,16,50,22,89,42,14,56,145
07/19/2023,TUP,MS,ASO,ES,Federal Contract Tower,1,9,18,21,49,0,3,50,6,59,1,12,68,27,108,42,12,54,162
07/20/2023,TUP,MS,ASO,ES,Federal Contract Tower,0,15,6,8,29,0,4,56,8,68,0,19,62,16,97,82,4,86,183
07/21/2023,TUP,MS,ASO,ES,Federal Contract Tower,0,5,12,4,21,0,5,42,15,62,0,10,54,19,83,36,34,70,153
07/22/2023,TUP,MS,ASO,ES,Federal Contract Tower,0,6,9,0,15,0,13,64,0,77,0,19,73,0,92,74,0,74,166
07/23/2023,TUP,MS,ASO,ES,Federal Contract Tower,0,7,4,2,13,0,11,50,2,63,0,18,54,4,76,58,4,62,138
07/24/2023,TUP,MS,ASO,ES,Federal Contract Tower,0,6,12,22,40,0,8,63,8,79,0,14,75,30,119,74,30,104,223
07/25/2023,TUP,MS,ASO,ES,Federal Contract Tower,0,6,14,26,46,0,2,45,9,56,0,8,59,35,102,52,28,80,182
07/26/2023,TUP,MS,ASO,ES,Federal Contract Tower,0,7,17,32,56,0,2,49,14,65,0,9,66,46,121,74,30,104,225
07/27/2023,TUP,MS,ASO,ES,Federal Contract Tower,0,5,16,26,47,0,9,54,7,70,0,14,70,33,117,52,4,56,173
07/28/2023,TUP,MS,ASO,ES,Federal Contract Tower,0,9,10,19,38,0,12,53,11,76,0,21,63,30,114,84,24,108,222
07/29/2023,TUP,MS,ASO,ES,Federal Contract Tower,0,4,2,0,6,0,8,42,1,51,0,12,44,1,57,70,2,72,129
07/30/2023,TUP,MS,ASO,ES,Federal Contract Tower,0,10,15,0,25,0,7,42,4,53,0,17,57,4,78,60,0,60,138
07/31/2023,TUP,MS,ASO,ES,Federal Contract Tower,0,7,13,12,32,0,8,62,5,75,0,15,75,17,107,60,0,60,167
08/01/2023,TUP,MS,ASO,ES,Federal Contract Tower,0,6,11,37,54,0,4,75,14,93,0,10,86,51,147,104,24,128,275
08/02/2023,TUP,MS,ASO,ES,Federal Contract Tower,0,8,14,28,50,0,6,65,19,90,0,14,79,47,140,50,38,88,228
08/03/2023,TUP,MS,ASO,ES,Federal Contract Tower,0,9,10,41,60,0,4,52,19,75,0,13,62,60,135,38,26,64,199
08/04/2023,TUP,MS,ASO,ES,Federal Contract Tower,0,6,4,10,20,0,5,24,0,29,0,11,28,10,49,22,0,22,71
08/05/2023,TUP,MS,ASO,ES,Federal Contract Tower,0,4,6,0,10,0,14,46,0,60,0,18,52,0,70,46,0,46,116
08/06/2023,TUP,MS,ASO,ES,Federal Contract Tower,0,6,0,3,9,0,4,38,1,43,0,10,38,4,52,42,0,42,94
08/07/2023,TUP,MS,ASO,ES,Federal Contract Tower,0,4,10,18,32,0,7,45,0,52,0,11,55,18,84,62,0,62,146
08/08/2023,TUP,MS,ASO,ES,Federal Contract Tower,0,5,6,17,28,0,2,41,15,58,0,7,47,32,86,40,28,68,154
08/09/2023,TUP,MS,ASO,ES,Federal Contract Tower,0,7,14,6,27,0,2,32,13,47,0,9,46,19,74,52,14,66,140
08/10/2023,TUP,MS,ASO,ES,Federal Contract Tower,0,6,13,16,35,0,17,31,16,64,0,23,44,32,99,40,18,58,157
08/11/2023,TUP,MS,ASO,ES,Federal Contract Tower,1,8,9,8,26,0,10,45,13,68,1,18,54,21,94,66,2,68,162
08/12/2023,TUP,MS,ASO,ES,Federal Contract Tower,0,9,8,0,17,0,9,34,0,43,0,18,42,0,60,14,0,14,74
08/13/2023,TUP,MS,ASO,ES,Federal Contract Tower,0,4,8,0,12,0,5,33,4,42,0,9,41,4,54,30,0,30,84
08/14/2023,TUP,MS,ASO,ES,Federal Contract Tower,0,4,18,18,40,0,7,64,21,92,0,11,82,39,132,44,6,50,182
08/15/2023,TUP,MS,ASO,ES,Federal Contract Tower,0,6,7,30,43,0,7,48,23,78,0,13,55,53,121,60,12,72,193
08/16/2023,TUP,MS,ASO,ES,Federal Contract Tower,0,11,7,18,36,0,14,71,18,103,0,25,78,36,139,64,14,78,217
08/17/2023,TUP,MS,ASO,ES,Federal Contract Tower,0,6,15,26,47,0,5,65,26,96,0,11,80,52,143,70,36,106,249
08/18/2023,TUP,MS,ASO,ES,Federal Contract Tower,0,9,7,17,33,0,8,58,17,83,0,17,65,34,116,80,12,92,208
08/19/2023,TUP,MS,ASO,ES,Federal Contract Tower,0,5,7,0,12,0,6,63,0,69,0,11,70,0,81,58,0,58,139
08/20/2023,TUP,MS,ASO,ES,Federal Contract Tower,0,5,7,2,14,0,5,51,0,56,0,10,58,2,70,36,0,36,106
08/21/2023,TUP,MS,ASO,ES,Federal Contract Tower,0,4,12,18,34,0,10,35,4,49,0,14,47,22,83,10,16,26,109
08/22/2023,TUP,MS,ASO,ES,Federal Contract Tower,0,7,13,10,30,0,3,48,22,73,0,10,61,32,103,28,42,70,173
08/23/2023,TUP,MS,ASO,ES,Federal Contract Tower,0,7,16,2,25,0,3,48,17,68,0,10,64,19,93,20,20,40,133
08/25/2023,TUP,MS,ASO,ES,Federal Contract Tower,0,6,6,23,35,0,5,49,16,70,0,11,55,39,105,36,0,36,141
08/26/2023,TUP,MS,ASO,ES,Federal Contract Tower,0,6,7,0,13,0,3,40,0,43,0,9,47,0,56,44,0,44,100
08/27/2023,TUP,MS,ASO,ES,Federal Contract Tower,0,4,6,1,11,0,2,38,0,40,0,6,44,1,51,38,0,38,89
08/28/2023,TUP,MS,ASO,ES,Federal Contract Tower,0,5,22,24,51,0,9,33,9,51,0,14,55,33,102,10,6,16,118
08/29/2023,TUP,MS,ASO,ES,Federal Contract Tower,0,10,14,66,90,0,4,57,45,106,0,14,71,111,196,64,94,158,354
08/30/2023,TUP,MS,ASO,ES,Federal Contract Tower,0,7,10,18,35,0,12,45,10,67,0,19,55,28,102,32,10,42,144
08/31/2023,TUP,MS,ASO,ES,Federal Contract Tower,0,7,7,25,39,0,9,58,26,93,0,16,65,51,132,62,18,80,212
