01/01/2020,TUS,AZ,AWP,WE,Towers with Radar,107,25,19,0,151,0,7,61,0,68,107,32,80,0,219,40,0,40,259
01/02/2020,TUS,AZ,AWP,WE,Towers with Radar,128,33,35,23,219,0,11,48,20,79,128,44,83,43,298,46,28,74,372
01/03/2020,TUS,AZ,AWP,WE,Towers with Radar,125,25,50,27,227,0,13,81,31,125,125,38,131,58,352,58,12,70,422
01/04/2020,TUS,AZ,AWP,WE,Towers with Radar,111,24,33,0,168,0,14,93,3,110,111,38,126,3,278,58,0,58,336
01/05/2020,TUS,AZ,AWP,WE,Towers with Radar,122,23,40,1,186,0,16,59,2,77,122,39,99,3,263,26,0,26,289
01/06/2020,TUS,AZ,AWP,WE,Towers with Radar,112,33,41,39,225,0,6,60,20,86,112,39,101,59,311,44,34,78,389
01/07/2020,TUS,AZ,AWP,WE,Towers with Radar,102,60,36,41,239,0,25,32,22,79,102,85,68,63,318,45,30,75,393
01/08/2020,TUS,AZ,AWP,WE,Towers with Radar,106,54,32,46,238,0,17,68,24,109,106,71,100,70,347,93,46,139,486
01/09/2020,TUS,AZ,AWP,WE,Towers with Radar,111,33,68,26,238,0,13,69,29,111,111,46,137,55,349,40,26,66,415
01/10/2020,TUS,AZ,AWP,WE,Towers with Radar,105,35,40,92,272,0,10,73,19,102,105,45,113,111,374,88,22,110,484
01/11/2020,TUS,AZ,AWP,WE,Towers with Radar,89,28,43,28,188,0,9,166,19,194,89,37,209,47,382,94,52,146,528
01/12/2020,TUS,AZ,AWP,WE,Towers with Radar,111,21,40,18,190,0,8,86,19,113,111,29,126,37,303,126,8,134,437
01/13/2020,TUS,AZ,AWP,WE,Towers with Radar,115,41,29,7,192,0,16,75,3,94,115,57,104,10,286,128,0,128,414
01/14/2020,TUS,AZ,AWP,WE,Towers with Radar,99,35,28,40,202,0,8,65,30,103,99,43,93,70,305,96,34,130,435
01/15/2020,TUS,AZ,AWP,WE,Towers with Radar,108,36,39,39,222,0,15,74,32,121,108,51,113,71,343,46,66,112,455
01/16/2020,TUS,AZ,AWP,WE,Towers with Radar,112,39,36,38,225,0,10,33,31,74,112,49,69,69,299,72,20,92,391
01/17/2020,TUS,AZ,AWP,WE,Towers with Radar,116,30,46,42,234,0,8,110,16,134,116,38,156,58,368,64,23,87,455
01/18/2020,TUS,AZ,AWP,WE,Towers with Radar,88,36,44,3,171,0,7,132,2,141,88,43,176,5,312,90,0,90,402
01/19/2020,TUS,AZ,AWP,WE,Towers with Radar,106,26,34,2,168,0,6,71,1,78,106,32,105,3,246,10,0,10,256
01/20/2020,TUS,AZ,AWP,WE,Towers with Radar,108,37,51,0,196,0,5,41,1,47,108,42,92,1,243,38,0,38,281
01/21/2020,TUS,AZ,AWP,WE,Towers with Radar,100,37,51,24,212,0,0,19,7,26,100,37,70,31,238,25,2,27,265
01/22/2020,TUS,AZ,AWP,WE,Towers with Radar,106,42,53,61,262,0,4,55,11,70,106,46,108,72,332,58,8,66,398
01/23/2020,TUS,AZ,AWP,WE,Towers with Radar,116,28,33,44,221,0,16,78,24,118,116,44,111,68,339,64,32,96,435
01/24/2020,TUS,AZ,AWP,WE,Towers with Radar,113,47,50,57,267,0,6,80,16,102,113,53,130,73,369,107,13,120,489
01/25/2020,TUS,AZ,AWP,WE,Towers with Radar,91,27,30,14,162,0,15,162,4,181,91,42,192,18,343,62,0,62,405
01/26/2020,TUS,AZ,AWP,WE,Towers with Radar,111,33,30,5,179,0,14,73,9,96,111,47,103,14,275,67,0,67,342
01/27/2020,TUS,AZ,AWP,WE,Towers with Radar,108,30,35,11,184,0,16,66,18,100,108,46,101,29,284,84,2,86,370
01/28/2020,TUS,AZ,AWP,WE,Towers with Radar,100,49,49,39,237,0,13,93,28,134,100,62,142,67,371,106,14,120,491
01/29/2020,TUS,AZ,AWP,WE,Towers with Radar,106,35,38,37,216,0,14,71,35,120,106,49,109,72,336,38,34,72,408
01/30/2020,TUS,AZ,AWP,WE,Towers with Radar,113,34,46,35,228,0,11,80,18,109,113,45,126,53,337,93,14,107,444
01/31/2020,TUS,AZ,AWP,WE,Towers with Radar,110,40,31,47,228,0,9,79,21,109,110,49,110,68,337,68,18,86,423
02/01/2020,TUS,AZ,AWP,CE,Towers with Radar,92,30,29,0,151,0,13,149,3,165,92,43,178,3,316,74,0,74,390
02/02/2020,TUS,AZ,AWP,CE,Towers with Radar,104,36,42,0,182,0,5,81,1,87,104,41,123,1,269,36,0,36,305
02/03/2020,TUS,AZ,AWP,CE,Towers with Radar,108,43,33,30,214,0,3,32,22,57,108,46,65,52,271,4,31,35,306
02/04/2020,TUS,AZ,AWP,CE,Towers with Radar,101,42,50,44,237,0,11,60,37,108,101,53,110,81,345,90,24,114,459
02/05/2020,TUS,AZ,AWP,CE,Towers with Radar,102,41,37,35,215,0,22,93,26,141,102,63,130,61,356,106,34,140,496
02/06/2020,TUS,AZ,AWP,CE,Towers with Radar,114,45,32,42,233,0,15,72,36,123,114,60,104,78,356,78,49,127,483
02/07/2020,TUS,AZ,AWP,CE,Towers with Radar,110,45,43,69,267,0,14,90,13,117,110,59,133,82,384,98,30,128,512
02/08/2020,TUS,AZ,AWP,CE,Towers with Radar,100,37,48,17,202,0,13,167,21,201,100,50,215,38,403,65,2,67,470
02/09/2020,TUS,AZ,AWP,CE,Towers with Radar,109,36,42,21,208,0,20,53,12,85,109,56,95,33,293,24,16,40,333
02/10/2020,TUS,AZ,AWP,CE,Towers with Radar,110,29,26,5,170,0,4,41,2,47,110,33,67,7,217,7,7,14,231
02/11/2020,TUS,AZ,AWP,CE,Towers with Radar,112,31,33,60,236,0,0,30,7,37,112,31,63,67,273,24,30,54,327
02/12/2020,TUS,AZ,AWP,CE,Towers with Radar,106,38,41,47,232,0,13,77,16,106,106,51,118,63,338,26,32,58,396
02/13/2020,TUS,AZ,AWP,CE,Towers with Radar,122,42,52,37,253,0,12,103,23,138,122,54,155,60,391,10,20,30,421
02/14/2020,TUS,AZ,AWP,CE,Towers with Radar,128,33,42,1,204,0,18,113,3,134,128,51,155,4,338,33,0,33,371
02/15/2020,TUS,AZ,AWP,CE,Towers with Radar,104,41,35,10,190,0,19,166,2,187,104,60,201,12,377,78,0,78,455
02/16/2020,TUS,AZ,AWP,CE,Towers with Radar,118,33,36,7,194,0,11,79,0,90,118,44,115,7,284,101,0,101,385
02/17/2020,TUS,AZ,AWP,CE,Towers with Radar,126,35,45,0,206,0,21,78,1,100,126,56,123,1,306,36,0,36,342
02/18/2020,TUS,AZ,AWP,CE,Towers with Radar,117,46,36,48,247,0,21,80,26,127,117,67,116,74,374,164,39,203,577
02/19/2020,TUS,AZ,AWP,CE,Towers with Radar,118,34,39,41,232,0,16,76,25,117,118,50,115,66,349,144,26,170,519
02/20/2020,TUS,AZ,AWP,CE,Towers with Radar,132,35,33,44,244,0,19,91,22,132,132,54,124,66,376,162,22,184,560
02/21/2020,TUS,AZ,AWP,CE,Towers with Radar,123,39,41,5,208,0,11,32,6,49,123,50,73,11,257,134,0,134,391
02/22/2020,TUS,AZ,AWP,CE,Towers with Radar,106,36,41,0,183,0,2,24,0,26,106,38,65,0,209,24,0,24,233
02/23/2020,TUS,AZ,AWP,CE,Towers with Radar,120,35,28,3,186,0,7,43,2,52,120,42,71,5,238,112,0,112,350
02/24/2020,TUS,AZ,AWP,CE,Towers with Radar,128,22,38,37,225,0,16,93,12,121,128,38,131,49,346,152,14,166,512
02/25/2020,TUS,AZ,AWP,CE,Towers with Radar,116,39,40,49,244,0,16,58,20,94,116,55,98,69,338,175,15,190,528
02/26/2020,TUS,AZ,AWP,CE,Towers with Radar,119,41,62,39,261,0,14,77,18,109,119,55,139,57,370,208,12,220,590
02/27/2020,TUS,AZ,AWP,CE,Towers with Radar,127,35,37,34,233,0,25,90,19,134,127,60,127,53,367,234,8,242,609
02/28/2020,TUS,AZ,AWP,CE,Towers with Radar,122,32,32,35,221,0,12,115,18,145,122,44,147,53,366,130,20,150,516
02/29/2020,TUS,AZ,AWP,CE,Towers with Radar,106,44,34,3,187,0,17,150,4,171,106,61,184,7,358,91,0,91,449
03/01/2020,TUS,AZ,AWP,CE,Towers with Radar,125,39,46,0,210,0,11,68,0,79,125,50,114,0,289,42,0,42,331
03/02/2020,TUS,AZ,AWP,CE,Towers with Radar,120,33,28,33,214,0,6,63,22,91,120,39,91,55,305,33,26,59,364
03/03/2020,TUS,AZ,AWP,CE,Towers with Radar,118,21,35,33,207,0,19,63,10,92,118,40,98,43,299,74,2,76,375
03/04/2020,TUS,AZ,AWP,CE,Towers with Radar,121,23,48,33,225,0,24,118,20,162,121,47,166,53,387,72,6,78,465
03/05/2020,TUS,AZ,AWP,CE,Towers with Radar,135,37,68,33,273,0,7,81,18,106,135,44,149,51,379,60,20,80,459
03/06/2020,TUS,AZ,AWP,CE,Towers with Radar,123,28,41,44,236,0,17,78,11,106,123,45,119,55,342,114,28,142,484
03/07/2020,TUS,AZ,AWP,CE,Towers with Radar,110,42,37,24,213,0,21,146,19,186,110,63,183,43,399,66,36,102,501
03/08/2020,TUS,AZ,AWP,CE,Towers with Radar,119,31,26,13,189,0,10,45,11,66,119,41,71,24,255,38,8,46,301
03/09/2020,TUS,AZ,AWP,CE,Towers with Radar,122,38,33,24,217,0,23,90,16,129,122,61,123,40,346,66,14,80,426
03/10/2020,TUS,AZ,AWP,CE,Towers with Radar,119,47,47,36,249,0,12,58,12,82,119,59,105,48,331,41,26,67,398
03/11/2020,TUS,AZ,AWP,CE,Towers with Radar,115,33,54,36,238,0,7,42,13,62,115,40,96,49,300,68,16,84,384
03/12/2020,TUS,AZ,AWP,CE,Towers with Radar,129,52,47,26,254,0,3,30,16,49,129,55,77,42,303,74,4,78,381
03/13/2020,TUS,AZ,AWP,CE,Towers with Radar,122,41,34,2,199,0,15,55,3,73,122,56,89,5,272,106,0,106,378
03/14/2020,TUS,AZ,AWP,CE,Towers with Radar,114,39,43,2,198,0,16,146,0,162,114,55,189,2,360,176,0,176,536
03/15/2020,TUS,AZ,AWP,CE,Towers with Radar,119,44,58,0,221,0,9,97,0,106,119,53,155,0,327,20,0,20,347
03/16/2020,TUS,AZ,AWP,CE,Towers with Radar,123,43,38,27,231,0,19,86,15,120,123,62,124,42,351,116,14,130,481
03/17/2020,TUS,AZ,AWP,CE,Towers with Radar,120,49,49,25,243,0,10,60,17,87,120,59,109,42,330,79,7,86,416
03/18/2020,TUS,AZ,AWP,CE,Towers with Radar,109,32,19,3,163,0,1,25,1,27,109,33,44,4,190,34,0,34,224
03/19/2020,TUS,AZ,AWP,CE,Towers with Radar,110,23,36,26,195,0,18,60,13,91,110,41,96,39,286,112,12,124,410
03/20/2020,TUS,AZ,AWP,CE,Towers with Radar,108,37,34,29,208,0,15,75,17,107,108,52,109,46,315,95,20,115,430
03/21/2020,TUS,AZ,AWP,CE,Towers with Radar,91,21,40,2,154,0,11,69,0,80,91,32,109,2,234,145,0,145,379
03/22/2020,TUS,AZ,AWP,CE,Towers with Radar,96,21,28,0,145,0,9,60,0,69,96,30,88,0,214,158,0,158,372
03/23/2020,TUS,AZ,AWP,CE,Towers with Radar,78,30,19,4,131,0,10,52,7,69,78,40,71,11,200,8,0,8,208
03/24/2020,TUS,AZ,AWP,CE,Towers with Radar,83,29,23,40,175,0,9,73,14,96,83,38,96,54,271,48,10,58,329
03/25/2020,TUS,AZ,AWP,CE,Towers with Radar,85,22,17,43,167,0,25,67,18,110,85,47,84,61,277,46,22,68,345
03/26/2020,TUS,AZ,AWP,CE,Towers with Radar,89,16,17,30,152,0,11,63,31,105,89,27,80,61,257,32,50,82,339
03/27/2020,TUS,AZ,AWP,CE,Towers with Radar,65,9,9,28,111,0,12,52,8,72,65,21,61,36,183,64,12,76,259
03/28/2020,TUS,AZ,AWP,CE,Towers with Radar,63,32,25,0,120,0,7,91,0,98,63,39,116,0,218,144,0,144,362
03/29/2020,TUS,AZ,AWP,CE,Towers with Radar,73,9,18,0,100,0,8,49,0,57,73,17,67,0,157,62,0,62,219
03/30/2020,TUS,AZ,AWP,CE,Towers with Radar,66,20,16,36,138,0,8,48,10,66,66,28,64,46,204,60,18,78,282
03/31/2020,TUS,AZ,AWP,CE,Towers with Radar,72,16,20,42,150,0,9,59,16,84,72,25,79,58,234,115,24,139,373
04/01/2020,TUS,AZ,AWP,CE,Towers with Radar,64,28,21,28,141,0,7,39,18,64,64,35,60,46,205,102,36,138,343
04/02/2020,TUS,AZ,AWP,CE,Towers with Radar,71,17,16,37,141,0,7,53,17,77,71,24,69,54,218,60,4,64,282
04/03/2020,TUS,AZ,AWP,CE,Towers with Radar,53,11,14,23,101,0,5,57,9,71,53,16,71,32,172,62,12,74,246
04/04/2020,TUS,AZ,AWP,CE,Towers with Radar,51,14,20,1,86,0,6,62,2,70,51,20,82,3,156,68,0,68,224
04/05/2020,TUS,AZ,AWP,CE,Towers with Radar,56,11,9,1,77,0,11,37,1,49,56,22,46,2,126,51,0,51,177
04/06/2020,TUS,AZ,AWP,CE,Towers with Radar,55,22,10,5,92,0,9,55,2,66,55,31,65,7,158,84,0,84,242
04/07/2020,TUS,AZ,AWP,CE,Towers with Radar,55,14,16,32,117,0,12,45,13,70,55,26,61,45,187,36,6,42,229
04/08/2020,TUS,AZ,AWP,CE,Towers with Radar,69,18,13,36,136,0,8,42,18,68,69,26,55,54,204,70,22,92,296
04/09/2020,TUS,AZ,AWP,CE,Towers with Radar,49,24,27,45,145,0,16,65,17,98,49,40,92,62,243,60,72,132,375
04/10/2020,TUS,AZ,AWP,CE,Towers with Radar,47,18,19,38,122,0,16,65,16,97,47,34,84,54,219,104,38,142,361
04/11/2020,TUS,AZ,AWP,CE,Towers with Radar,36,10,13,0,59,0,6,31,0,37,36,16,44,0,96,86,0,86,182
04/12/2020,TUS,AZ,AWP,CE,Towers with Radar,33,8,15,0,56,0,8,52,0,60,33,16,67,0,116,4,0,4,120
04/13/2020,TUS,AZ,AWP,CE,Towers with Radar,39,20,8,32,99,0,6,45,9,60,39,26,53,41,159,42,18,60,219
04/14/2020,TUS,AZ,AWP,CE,Towers with Radar,37,14,17,27,95,0,15,66,6,87,37,29,83,33,182,54,8,62,244
04/15/2020,TUS,AZ,AWP,CE,Towers with Radar,30,24,23,23,100,0,19,65,10,94,30,43,88,33,194,78,4,82,276
04/16/2020,TUS,AZ,AWP,CE,Towers with Radar,32,15,16,26,89,0,8,52,9,69,32,23,68,35,158,38,16,54,212
04/17/2020,TUS,AZ,AWP,CE,Towers with Radar,38,12,22,18,90,0,8,40,6,54,38,20,62,24,144,0,12,12,156
04/18/2020,TUS,AZ,AWP,CE,Towers with Radar,29,23,12,2,66,0,17,57,1,75,29,40,69,3,141,4,0,4,145
04/19/2020,TUS,AZ,AWP,CE,Towers with Radar,26,10,17,1,54,0,5,63,2,70,26,15,80,3,124,55,0,55,179
04/20/2020,TUS,AZ,AWP,CE,Towers with Radar,28,11,12,17,68,0,6,48,7,61,28,17,60,24,129,68,20,88,217
04/21/2020,TUS,AZ,AWP,CE,Towers with Radar,29,17,14,32,92,0,11,43,8,62,29,28,57,40,154,68,33,101,255
04/22/2020,TUS,AZ,AWP,CE,Towers with Radar,35,20,17,20,92,0,12,57,10,79,35,32,74,30,171,18,4,22,193
04/23/2020,TUS,AZ,AWP,CE,Towers with Radar,27,16,16,33,92,0,15,58,13,86,27,31,74,46,178,51,14,65,243
04/24/2020,TUS,AZ,AWP,CE,Towers with Radar,50,29,21,19,119,0,6,66,8,80,50,35,87,27,199,36,4,40,239
04/25/2020,TUS,AZ,AWP,CE,Towers with Radar,28,12,16,5,61,0,14,78,3,95,28,26,94,8,156,128,0,128,284
04/26/2020,TUS,AZ,AWP,CE,Towers with Radar,28,12,19,1,60,0,8,59,2,69,28,20,78,3,129,67,0,67,196
04/27/2020,TUS,AZ,AWP,CE,Towers with Radar,26,16,16,14,72,0,7,34,15,56,26,23,50,29,128,28,6,34,162
04/28/2020,TUS,AZ,AWP,CE,Towers with Radar,26,16,30,25,97,0,14,71,9,94,26,30,101,34,191,94,8,102,293
04/29/2020,TUS,AZ,AWP,CE,Towers with Radar,39,24,26,19,108,0,16,71,3,90,39,40,97,22,198,52,2,54,252
04/30/2020,TUS,AZ,AWP,CE,Towers with Radar,39,27,33,23,122,0,13,49,15,77,39,40,82,38,199,96,16,112,311
05/01/2020,TUS,AZ,AWP,CE,Towers with Radar,40,21,48,18,127,0,3,54,14,71,40,24,102,32,198,82,10,92,290
05/02/2020,TUS,AZ,AWP,CE,Towers with Radar,35,18,20,0,73,0,7,66,0,73,35,25,86,0,146,84,0,84,230
05/03/2020,TUS,AZ,AWP,CE,Towers with Radar,23,10,18,0,51,0,7,48,2,57,23,17,66,2,108,114,0,114,222
05/04/2020,TUS,AZ,AWP,CE,Towers with Radar,26,18,12,21,77,0,5,64,14,83,26,23,76,35,160,74,8,82,242
05/05/2020,TUS,AZ,AWP,CE,Towers with Radar,37,21,31,33,122,0,10,54,21,85,37,31,85,54,207,94,22,116,323
05/06/2020,TUS,AZ,AWP,CE,Towers with Radar,48,23,22,18,111,0,14,49,15,78,48,37,71,33,189,58,14,72,261
05/07/2020,TUS,AZ,AWP,CE,Towers with Radar,44,16,22,30,112,0,6,51,15,72,44,22,73,45,184,76,20,96,280
05/08/2020,TUS,AZ,AWP,CE,Towers with Radar,42,34,27,27,130,0,7,75,4,86,42,41,102,31,216,146,18,164,380
05/09/2020,TUS,AZ,AWP,CE,Towers with Radar,31,12,15,0,58,0,0,87,0,87,31,12,102,0,145,60,0,60,205
05/10/2020,TUS,AZ,AWP,CE,Towers with Radar,39,11,10,0,60,0,3,58,2,63,39,14,68,2,123,47,0,47,170
05/11/2020,TUS,AZ,AWP,CE,Towers with Radar,39,24,35,39,137,0,17,74,17,108,39,41,109,56,245,108,4,112,357
05/12/2020,TUS,AZ,AWP,CE,Towers with Radar,42,25,20,30,117,0,27,67,7,101,42,52,87,37,218,72,4,76,294
05/13/2020,TUS,AZ,AWP,CE,Towers with Radar,41,32,29,31,133,0,12,69,13,94,41,44,98,44,227,68,11,79,306
05/14/2020,TUS,AZ,AWP,CE,Towers with Radar,40,31,23,32,126,0,12,80,14,106,40,43,103,46,232,116,20,136,368
05/15/2020,TUS,AZ,AWP,CE,Towers with Radar,43,22,36,37,138,1,17,59,16,93,44,39,95,53,231,97,26,123,354
05/16/2020,TUS,AZ,AWP,CE,Towers with Radar,33,10,25,9,77,0,11,86,6,103,33,21,111,15,180,132,10,142,322
05/17/2020,TUS,AZ,AWP,CE,Towers with Radar,34,14,26,1,75,0,10,58,1,69,34,24,84,2,144,24,0,24,168
05/18/2020,TUS,AZ,AWP,CE,Towers with Radar,43,19,22,23,107,4,11,58,10,83,47,30,80,33,190,18,32,50,240
05/19/2020,TUS,AZ,AWP,CE,Towers with Radar,41,17,12,28,98,0,18,62,12,92,41,35,74,40,190,62,10,72,262
05/20/2020,TUS,AZ,AWP,CE,Towers with Radar,40,39,24,18,121,0,13,80,10,103,40,52,104,28,224,70,20,90,314
05/21/2020,TUS,AZ,AWP,CE,Towers with Radar,45,21,36,29,131,0,11,82,5,98,45,32,118,34,229,86,8,94,323
05/22/2020,TUS,AZ,AWP,CE,Towers with Radar,43,34,41,12,130,0,13,83,10,106,43,47,124,22,236,92,14,106,342
05/23/2020,TUS,AZ,AWP,CE,Towers with Radar,36,15,23,0,74,0,9,63,0,72,36,24,86,0,146,91,0,91,237
05/24/2020,TUS,AZ,AWP,CE,Towers with Radar,34,3,18,0,55,0,19,60,2,81,34,22,78,2,136,76,0,76,212
05/25/2020,TUS,AZ,AWP,CE,Towers with Radar,38,17,14,0,69,0,10,74,2,86,38,27,88,2,155,82,0,82,237
05/26/2020,TUS,AZ,AWP,CE,Towers with Radar,34,29,21,43,127,1,17,73,15,106,35,46,94,58,233,88,22,110,343
05/27/2020,TUS,AZ,AWP,CE,Towers with Radar,43,24,31,32,130,0,12,71,19,102,43,36,102,51,232,66,18,84,316
05/28/2020,TUS,AZ,AWP,CE,Towers with Radar,40,30,26,32,128,0,11,71,17,99,40,41,97,49,227,186,30,216,443
05/29/2020,TUS,AZ,AWP,CE,Towers with Radar,41,10,23,25,99,0,17,52,10,79,41,27,75,35,178,72,14,86,264
05/30/2020,TUS,AZ,AWP,CE,Towers with Radar,39,13,30,10,92,0,7,42,8,57,39,20,72,18,149,90,10,100,249
05/31/2020,TUS,AZ,AWP,CE,Towers with Radar,40,13,23,5,81,0,14,66,0,80,40,27,89,5,161,62,0,62,223
06/01/2020,TUS,AZ,AWP,CE,Towers with Radar,45,23,18,24,110,0,14,74,9,97,45,37,92,33,207,106,2,108,315
06/02/2020,TUS,AZ,AWP,CE,Towers with Radar,36,13,17,26,92,0,14,70,8,92,36,27,87,34,184,88,12,100,284
06/03/2020,TUS,AZ,AWP,CE,Towers with Radar,46,28,35,37,146,0,13,73,19,105,46,41,108,56,251,62,38,100,351
06/04/2020,TUS,AZ,AWP,CE,Towers with Radar,53,28,37,43,161,0,14,82,3,99,53,42,119,46,260,60,8,68,328
06/05/2020,TUS,AZ,AWP,CE,Towers with Radar,47,29,29,33,138,0,13,82,7,102,47,42,111,40,240,66,24,90,330
06/06/2020,TUS,AZ,AWP,CE,Towers with Radar,39,14,23,1,77,0,4,83,0,87,39,18,106,1,164,96,0,96,260
06/07/2020,TUS,AZ,AWP,CE,Towers with Radar,49,13,25,2,89,0,10,60,8,78,49,23,85,10,167,48,0,48,215
06/08/2020,TUS,AZ,AWP,CE,Towers with Radar,53,31,29,35,148,0,19,69,18,106,53,50,98,53,254,64,10,74,328
06/09/2020,TUS,AZ,AWP,CE,Towers with Radar,46,33,32,37,148,0,11,81,26,118,46,44,113,63,266,92,30,122,388
06/10/2020,TUS,AZ,AWP,CE,Towers with Radar,50,24,37,24,135,0,14,85,13,112,50,38,122,37,247,58,6,64,311
06/11/2020,TUS,AZ,AWP,CE,Towers with Radar,55,25,26,20,126,0,27,74,16,117,55,52,100,36,243,68,8,76,319
06/12/2020,TUS,AZ,AWP,CE,Towers with Radar,59,25,18,21,123,0,13,92,16,121,59,38,110,37,244,103,8,111,355
06/13/2020,TUS,AZ,AWP,CE,Towers with Radar,46,23,8,12,89,0,12,85,8,105,46,35,93,20,194,72,6,78,272
06/14/2020,TUS,AZ,AWP,CE,Towers with Radar,48,11,20,6,85,0,25,57,8,90,48,36,77,14,175,78,4,82,257
06/15/2020,TUS,AZ,AWP,CE,Towers with Radar,52,39,27,11,129,3,10,82,10,105,55,49,109,21,234,94,8,102,336
06/16/2020,TUS,AZ,AWP,CE,Towers with Radar,49,28,19,31,127,0,16,85,20,121,49,44,104,51,248,62,18,80,328
06/17/2020,TUS,AZ,AWP,CE,Towers with Radar,53,30,20,22,125,0,14,69,20,103,53,44,89,42,228,38,28,66,294
06/18/2020,TUS,AZ,AWP,CE,Towers with Radar,55,31,50,39,175,0,14,85,20,119,55,45,135,59,294,82,10,92,386
06/19/2020,TUS,AZ,AWP,CE,Towers with Radar,60,34,40,14,148,0,21,88,22,131,60,55,128,36,279,98,4,102,381
06/20/2020,TUS,AZ,AWP,CE,Towers with Radar,41,11,16,0,68,0,10,106,7,123,41,21,122,7,191,116,0,116,307
06/21/2020,TUS,AZ,AWP,CE,Towers with Radar,48,15,22,0,85,0,11,54,4,69,48,26,76,4,154,100,0,100,254
06/22/2020,TUS,AZ,AWP,CE,Towers with Radar,52,21,43,41,157,0,7,120,9,136,52,28,163,50,293,158,8,166,459
06/23/2020,TUS,AZ,AWP,CE,Towers with Radar,49,26,28,38,141,0,24,84,19,127,49,50,112,57,268,190,10,200,468
06/24/2020,TUS,AZ,AWP,CE,Towers with Radar,49,27,45,22,143,0,17,77,9,103,49,44,122,31,246,82,0,82,328
06/25/2020,TUS,AZ,AWP,CE,Towers with Radar,53,44,35,27,159,0,8,84,6,98,53,52,119,33,257,134,8,142,399
06/26/2020,TUS,AZ,AWP,CE,Towers with Radar,60,29,55,22,166,0,11,107,10,128,60,40,162,32,294,102,0,102,396
06/27/2020,TUS,AZ,AWP,CE,Towers with Radar,54,20,23,15,112,1,11,78,8,98,55,31,101,23,210,64,0,64,274
06/28/2020,TUS,AZ,AWP,CE,Towers with Radar,48,27,20,6,101,0,13,44,7,64,48,40,64,13,165,16,0,16,181
06/29/2020,TUS,AZ,AWP,CE,Towers with Radar,55,24,18,14,111,0,9,52,7,68,55,33,70,21,179,92,6,98,277
06/30/2020,TUS,AZ,AWP,CE,Towers with Radar,52,34,42,22,150,0,11,83,7,101,52,45,125,29,251,54,12,66,317
07/01/2020,TUS,AZ,AWP,CE,Towers with Radar,52,18,44,27,141,0,17,100,15,132,52,35,144,42,273,100,30,130,403
07/02/2020,TUS,AZ,AWP,CE,Towers with Radar,57,23,18,10,108,0,7,60,5,72,57,30,78,15,180,68,3,71,251
07/03/2020,TUS,AZ,AWP,CE,Towers with Radar,60,29,37,0,126,0,17,84,0,101,60,46,121,0,227,39,0,39,266
07/04/2020,TUS,AZ,AWP,CE,Towers with Radar,42,8,9,0,59,0,5,65,0,70,42,13,74,0,129,58,0,58,187
07/05/2020,TUS,AZ,AWP,CE,Towers with Radar,48,18,25,0,91,0,9,49,0,58,48,27,74,0,149,16,0,16,165
07/06/2020,TUS,AZ,AWP,CE,Towers with Radar,55,21,32,26,134,0,12,69,11,92,55,33,101,37,226,80,0,80,306
07/07/2020,TUS,AZ,AWP,CE,Towers with Radar,58,18,32,46,154,0,13,61,16,90,58,31,93,62,244,116,16,132,376
07/08/2020,TUS,AZ,AWP,CE,Towers with Radar,63,19,41,29,152,0,5,67,18,90,63,24,108,47,242,28,16,44,286
07/09/2020,TUS,AZ,AWP,CE,Towers with Radar,65,22,27,33,147,0,10,84,16,110,65,32,111,49,257,82,36,118,375
07/10/2020,TUS,AZ,AWP,CE,Towers with Radar,69,19,36,14,138,0,21,96,8,125,69,40,132,22,263,104,0,104,367
07/11/2020,TUS,AZ,AWP,CE,Towers with Radar,59,9,21,16,105,0,20,57,10,87,59,29,78,26,192,82,2,84,276
07/12/2020,TUS,AZ,AWP,CE,Towers with Radar,64,21,15,5,105,0,11,48,8,67,64,32,63,13,172,28,0,28,200
07/13/2020,TUS,AZ,AWP,CE,Towers with Radar,70,12,28,15,125,0,6,53,18,77,70,18,81,33,202,82,2,84,286
07/14/2020,TUS,AZ,AWP,CE,Towers with Radar,57,23,34,29,143,0,13,73,9,95,57,36,107,38,238,154,14,168,406
07/15/2020,TUS,AZ,AWP,CE,Towers with Radar,63,17,36,17,133,0,10,69,8,87,63,27,105,25,220,72,4,76,296
07/16/2020,TUS,AZ,AWP,CE,Towers with Radar,68,31,24,32,155,0,7,60,18,85,68,38,84,50,240,46,22,68,308
07/17/2020,TUS,AZ,AWP,CE,Towers with Radar,71,30,39,13,153,0,11,71,14,96,71,41,110,27,249,52,2,54,303
07/18/2020,TUS,AZ,AWP,CE,Towers with Radar,59,7,25,0,91,0,16,102,0,118,59,23,127,0,209,86,0,86,295
07/19/2020,TUS,AZ,AWP,CE,Towers with Radar,63,15,22,0,100,0,8,55,3,66,63,23,77,3,166,30,0,30,196
07/20/2020,TUS,AZ,AWP,CE,Towers with Radar,67,22,29,27,145,0,8,78,18,104,67,30,107,45,249,134,18,152,401
07/21/2020,TUS,AZ,AWP,CE,Towers with Radar,58,16,27,44,145,0,17,70,28,115,58,33,97,72,260,202,4,206,466
07/22/2020,TUS,AZ,AWP,CE,Towers with Radar,59,19,20,17,115,0,2,64,12,78,59,21,84,29,193,104,16,120,313
07/23/2020,TUS,AZ,AWP,CE,Towers with Radar,68,16,13,15,112,0,1,36,4,41,68,17,49,19,153,126,6,132,285
07/24/2020,TUS,AZ,AWP,CE,Towers with Radar,72,15,33,22,142,0,5,51,19,75,72,20,84,41,217,126,4,130,347
07/25/2020,TUS,AZ,AWP,CE,Towers with Radar,59,23,15,9,106,0,8,72,11,91,59,31,87,20,197,182,4,186,383
07/26/2020,TUS,AZ,AWP,CE,Towers with Radar,64,27,23,4,118,0,7,62,9,78,64,34,85,13,196,86,0,86,282
07/27/2020,TUS,AZ,AWP,CE,Towers with Radar,68,24,26,26,144,0,2,67,11,80,68,26,93,37,224,30,10,40,264
07/28/2020,TUS,AZ,AWP,CE,Towers with Radar,60,25,31,28,144,0,13,74,18,105,60,38,105,46,249,68,10,78,327
07/29/2020,TUS,AZ,AWP,CE,Towers with Radar,59,29,29,41,158,0,20,85,9,114,59,49,114,50,272,78,6,84,356
07/30/2020,TUS,AZ,AWP,CE,Towers with Radar,62,26,40,26,154,0,18,79,15,112,62,44,119,41,266,42,54,96,362
07/31/2020,TUS,AZ,AWP,CE,Towers with Radar,68,20,29,21,138,0,9,74,8,91,68,29,103,29,229,92,2,94,323
08/01/2020,TUS,AZ,AWP,CE,Towers with Radar,56,6,20,0,82,0,14,58,0,72,56,20,78,0,154,16,0,16,170
08/02/2020,TUS,AZ,AWP,CE,Towers with Radar,56,8,22,1,87,0,6,59,2,67,56,14,81,3,154,115,0,115,269
08/03/2020,TUS,AZ,AWP,CE,Towers with Radar,58,21,27,17,123,0,17,75,11,103,58,38,102,28,226,4,6,10,236
08/04/2020,TUS,AZ,AWP,CE,Towers with Radar,53,24,28,24,129,0,20,88,20,128,53,44,116,44,257,6,7,13,270
08/05/2020,TUS,AZ,AWP,CE,Towers with Radar,52,18,30,29,129,1,19,71,12,103,53,37,101,41,232,8,6,14,246
08/06/2020,TUS,AZ,AWP,CE,Towers with Radar,59,21,38,30,148,0,14,84,12,110,59,35,122,42,258,18,6,24,282
08/07/2020,TUS,AZ,AWP,CE,Towers with Radar,60,32,30,17,139,0,20,72,13,105,60,52,102,30,244,60,32,92,336
08/08/2020,TUS,AZ,AWP,CE,Towers with Radar,50,30,30,14,124,1,18,91,7,117,51,48,121,21,241,16,42,58,299
08/09/2020,TUS,AZ,AWP,CE,Towers with Radar,48,23,25,11,107,0,28,75,8,111,48,51,100,19,218,0,34,34,252
08/10/2020,TUS,AZ,AWP,CE,Towers with Radar,51,19,24,36,130,0,10,76,17,103,51,29,100,53,233,8,16,24,257
08/11/2020,TUS,AZ,AWP,CE,Towers with Radar,53,27,21,30,131,0,14,63,8,85,53,41,84,38,216,0,18,18,234
08/12/2020,TUS,AZ,AWP,CE,Towers with Radar,56,25,24,31,136,1,21,76,13,111,57,46,100,44,247,12,44,56,303
08/13/2020,TUS,AZ,AWP,CE,Towers with Radar,54,24,23,18,119,0,5,83,13,101,54,29,106,31,220,26,10,36,256
08/14/2020,TUS,AZ,AWP,CE,Towers with Radar,59,23,47,12,141,0,9,80,7,96,59,32,127,19,237,12,8,20,257
08/15/2020,TUS,AZ,AWP,CE,Towers with Radar,53,17,25,0,95,0,14,68,1,83,53,31,93,1,178,19,0,19,197
08/16/2020,TUS,AZ,AWP,CE,Towers with Radar,50,16,21,0,87,0,6,62,2,70,50,22,83,2,157,0,0,0,157
08/17/2020,TUS,AZ,AWP,CE,Towers with Radar,59,16,26,25,126,0,12,72,17,101,59,28,98,42,227,0,13,13,240
08/18/2020,TUS,AZ,AWP,CE,Towers with Radar,51,30,22,27,130,0,13,88,24,125,51,43,110,51,255,8,18,26,281
08/19/2020,TUS,AZ,AWP,CE,Towers with Radar,51,31,21,25,128,0,14,76,13,103,51,45,97,38,231,2,12,14,245
08/20/2020,TUS,AZ,AWP,CE,Towers with Radar,52,16,35,21,124,0,9,58,12,79,52,25,93,33,203,0,10,10,213
08/21/2020,TUS,AZ,AWP,CE,Towers with Radar,58,42,27,21,148,0,18,87,9,114,58,60,114,30,262,22,24,46,308
08/22/2020,TUS,AZ,AWP,CE,Towers with Radar,54,29,14,13,110,0,17,95,7,119,54,46,109,20,229,12,12,24,253
08/23/2020,TUS,AZ,AWP,CE,Towers with Radar,50,21,18,9,98,0,7,59,4,70,50,28,77,13,168,104,20,124,292
08/24/2020,TUS,AZ,AWP,CE,Towers with Radar,52,24,21,19,116,0,11,46,13,70,52,35,67,32,186,70,2,72,258
08/25/2020,TUS,AZ,AWP,CE,Towers with Radar,52,30,51,25,158,0,12,76,11,99,52,42,127,36,257,138,8,146,403
08/26/2020,TUS,AZ,AWP,CE,Towers with Radar,54,33,50,27,164,0,17,77,15,109,54,50,127,42,273,62,10,72,345
08/27/2020,TUS,AZ,AWP,CE,Towers with Radar,52,28,37,36,153,0,5,59,20,84,52,33,96,56,237,96,62,158,395
08/28/2020,TUS,AZ,AWP,CE,Towers with Radar,57,35,40,26,158,0,2,72,11,85,57,37,112,37,243,90,24,114,357
08/29/2020,TUS,AZ,AWP,CE,Towers with Radar,53,16,31,0,100,0,10,81,4,95,53,26,112,4,195,114,0,114,309
08/30/2020,TUS,AZ,AWP,CE,Towers with Radar,48,21,25,9,103,0,6,51,2,59,48,27,76,11,162,62,0,62,224
08/31/2020,TUS,AZ,AWP,CE,Towers with Radar,48,22,35,19,124,0,3,58,9,70,48,25,93,28,194,60,16,76,270
09/01/2020,TUS,AZ,AWP,CE,Towers with Radar,53,35,27,39,154,0,16,69,23,108,53,51,96,62,262,70,40,110,372
09/02/2020,TUS,AZ,AWP,CE,Towers with Radar,52,27,34,33,146,0,16,104,25,145,52,43,138,58,291,22,18,40,331
09/03/2020,TUS,AZ,AWP,CE,Towers with Radar,55,26,46,29,156,0,23,82,19,124,55,49,128,48,280,204,42,246,526
09/04/2020,TUS,AZ,AWP,CE,Towers with Radar,55,35,37,2,129,0,10,60,1,71,55,45,97,3,200,38,0,38,238
09/05/2020,TUS,AZ,AWP,CE,Towers with Radar,48,33,11,0,92,0,11,75,0,86,48,44,86,0,178,152,0,152,330
09/06/2020,TUS,AZ,AWP,CE,Towers with Radar,32,33,9,0,74,0,4,61,0,65,32,37,70,0,139,44,0,44,183
09/07/2020,TUS,AZ,AWP,CE,Towers with Radar,41,23,19,0,83,0,8,60,1,69,41,31,79,1,152,24,0,24,176
09/08/2020,TUS,AZ,AWP,CE,Towers with Radar,37,16,30,29,112,0,7,35,17,59,37,23,65,46,171,40,22,62,233
09/09/2020,TUS,AZ,AWP,CE,Towers with Radar,48,34,28,40,150,0,16,60,28,104,48,50,88,68,254,78,47,125,379
09/10/2020,TUS,AZ,AWP,CE,Towers with Radar,46,28,32,37,143,0,12,92,14,118,46,40,124,51,261,68,10,78,339
09/11/2020,TUS,AZ,AWP,CE,Towers with Radar,53,23,48,12,136,0,10,101,11,122,53,33,149,23,258,118,6,124,382
09/12/2020,TUS,AZ,AWP,CE,Towers with Radar,48,44,25,20,137,0,23,82,16,121,48,67,107,36,258,70,46,116,374
09/13/2020,TUS,AZ,AWP,CE,Towers with Radar,49,12,37,11,109,0,10,56,8,74,49,22,93,19,183,72,6,78,261
09/14/2020,TUS,AZ,AWP,CE,Towers with Radar,46,29,48,6,129,0,14,58,6,78,46,43,106,12,207,98,0,98,305
09/15/2020,TUS,AZ,AWP,CE,Towers with Radar,42,33,43,32,150,0,11,79,21,111,42,44,122,53,261,58,18,76,337
09/16/2020,TUS,AZ,AWP,CE,Towers with Radar,46,37,28,42,153,1,14,84,12,111,47,51,112,54,264,46,42,88,352
09/17/2020,TUS,AZ,AWP,CE,Towers with Radar,48,33,33,36,150,0,26,63,20,109,48,59,96,56,259,130,26,156,415
09/18/2020,TUS,AZ,AWP,CE,Towers with Radar,54,16,28,26,124,0,11,50,16,77,54,27,78,42,201,86,23,109,310
09/19/2020,TUS,AZ,AWP,CE,Towers with Radar,49,22,25,0,96,0,7,79,0,86,49,29,104,0,182,115,0,115,297
09/20/2020,TUS,AZ,AWP,CE,Towers with Radar,46,15,32,5,98,0,7,74,0,81,46,22,106,5,179,118,0,118,297
09/21/2020,TUS,AZ,AWP,CE,Towers with Radar,45,34,50,42,171,0,11,76,6,93,45,45,126,48,264,138,24,162,426
09/22/2020,TUS,AZ,AWP,CE,Towers with Radar,42,34,49,43,168,0,16,100,12,128,42,50,149,55,296,31,28,59,355
09/23/2020,TUS,AZ,AWP,CE,Towers with Radar,45,25,32,45,147,0,14,91,16,121,45,39,123,61,268,134,15,149,417
09/24/2020,TUS,AZ,AWP,CE,Towers with Radar,46,38,47,38,169,0,10,68,16,94,46,48,115,54,263,108,48,156,419
09/25/2020,TUS,AZ,AWP,CE,Towers with Radar,49,31,46,28,154,0,12,68,8,88,49,43,114,36,242,124,12,136,378
09/26/2020,TUS,AZ,AWP,CE,Towers with Radar,49,24,47,0,120,0,5,102,0,107,49,29,149,0,227,66,0,66,293
09/27/2020,TUS,AZ,AWP,CE,Towers with Radar,44,26,23,1,94,0,8,81,0,89,44,34,104,1,183,76,0,76,259
09/28/2020,TUS,AZ,AWP,CE,Towers with Radar,46,26,27,33,132,0,9,60,21,90,46,35,87,54,222,80,22,102,324
09/29/2020,TUS,AZ,AWP,CE,Towers with Radar,40,36,46,32,154,0,10,74,19,103,40,46,120,51,257,62,32,94,351
09/30/2020,TUS,AZ,AWP,CE,Towers with Radar,47,33,54,31,165,0,10,81,24,115,47,43,135,55,280,48,24,72,352
10/01/2020,TUS,AZ,AWP,CE,Towers with Radar,49,37,46,44,176,0,4,87,26,117,49,41,133,70,293,100,59,159,452
10/02/2020,TUS,AZ,AWP,CE,Towers with Radar,50,25,44,26,145,0,12,89,22,123,50,37,133,48,268,122,44,166,434
10/03/2020,TUS,AZ,AWP,CE,Towers with Radar,55,17,23,19,114,0,16,74,14,104,55,33,97,33,218,62,6,68,286
10/04/2020,TUS,AZ,AWP,CE,Towers with Radar,55,27,21,9,112,0,14,56,8,78,55,41,77,17,190,32,2,34,224
10/05/2020,TUS,AZ,AWP,CE,Towers with Radar,56,34,34,6,130,0,5,74,7,86,56,39,108,13,216,114,0,114,330
10/06/2020,TUS,AZ,AWP,CE,Towers with Radar,53,44,42,53,192,0,23,97,30,150,53,67,139,83,342,102,43,145,487
10/07/2020,TUS,AZ,AWP,CE,Towers with Radar,56,25,48,38,167,0,20,83,25,128,56,45,131,63,295,164,30,194,489
10/08/2020,TUS,AZ,AWP,CE,Towers with Radar,64,29,49,33,175,0,7,95,13,115,64,36,144,46,290,98,44,142,432
10/09/2020,TUS,AZ,AWP,CE,Towers with Radar,66,32,36,27,161,0,11,69,18,98,66,43,105,45,259,116,20,136,395
10/10/2020,TUS,AZ,AWP,CE,Towers with Radar,65,33,18,0,116,0,18,102,0,120,65,51,120,0,236,94,0,94,330
10/11/2020,TUS,AZ,AWP,CE,Towers with Radar,60,31,38,0,129,0,10,79,0,89,60,41,117,0,218,30,0,30,248
10/12/2020,TUS,AZ,AWP,CE,Towers with Radar,59,23,25,0,107,0,12,86,1,99,59,35,111,1,206,118,0,118,324
10/13/2020,TUS,AZ,AWP,CE,Towers with Radar,60,12,35,43,150,0,9,79,17,105,60,21,114,60,255,70,50,120,375
10/14/2020,TUS,AZ,AWP,CE,Towers with Radar,56,33,29,39,157,0,14,77,42,133,56,47,106,81,290,114,52,166,456
10/15/2020,TUS,AZ,AWP,CE,Towers with Radar,63,37,48,41,189,0,14,83,28,125,63,51,131,69,314,92,46,138,452
10/16/2020,TUS,AZ,AWP,CE,Towers with Radar,65,32,46,21,164,0,8,87,8,103,65,40,133,29,267,130,1,131,398
10/17/2020,TUS,AZ,AWP,CE,Towers with Radar,65,22,39,0,126,0,6,113,4,123,65,28,152,4,249,122,0,122,371
10/18/2020,TUS,AZ,AWP,CE,Towers with Radar,62,27,33,2,124,0,8,69,4,81,62,35,102,6,205,50,0,50,255
10/19/2020,TUS,AZ,AWP,CE,Towers with Radar,61,27,19,9,116,0,17,61,3,81,61,44,80,12,197,101,4,105,302
10/20/2020,TUS,AZ,AWP,CE,Towers with Radar,59,26,47,38,170,0,5,85,22,112,59,31,132,60,282,46,34,80,362
10/21/2020,TUS,AZ,AWP,CE,Towers with Radar,64,35,48,46,193,0,14,106,26,146,64,49,154,72,339,176,50,226,565
10/22/2020,TUS,AZ,AWP,CE,Towers with Radar,62,44,57,47,210,0,12,81,20,113,62,56,138,67,323,102,10,112,435
10/23/2020,TUS,AZ,AWP,CE,Towers with Radar,66,41,51,38,196,0,12,125,22,159,66,53,176,60,355,116,18,134,489
10/24/2020,TUS,AZ,AWP,CE,Towers with Radar,66,20,24,2,112,0,13,71,8,92,66,33,95,10,204,90,4,94,298
10/25/2020,TUS,AZ,AWP,CE,Towers with Radar,60,20,45,1,126,0,7,51,4,62,60,27,96,5,188,44,0,44,232
10/26/2020,TUS,AZ,AWP,CE,Towers with Radar,59,51,33,30,173,0,8,57,16,81,59,59,90,46,254,62,8,70,324
10/27/2020,TUS,AZ,AWP,CE,Towers with Radar,57,44,45,32,178,0,17,62,24,103,57,61,107,56,281,192,12,204,485
10/28/2020,TUS,AZ,AWP,CE,Towers with Radar,56,29,50,39,174,0,12,100,28,140,56,41,150,67,314,102,51,153,467
10/29/2020,TUS,AZ,AWP,CE,Towers with Radar,60,39,49,49,197,0,12,68,31,111,60,51,117,80,308,40,92,132,440
10/30/2020,TUS,AZ,AWP,CE,Towers with Radar,62,43,51,5,161,0,18,83,6,107,62,61,134,11,268,108,0,108,376
10/31/2020,TUS,AZ,AWP,CE,Towers with Radar,47,30,26,0,103,0,11,90,3,104,47,41,116,3,207,132,0,132,339
11/01/2020,TUS,AZ,AWP,CE,Towers with Radar,56,25,29,1,111,0,11,77,5,93,56,36,106,6,204,44,0,44,248
11/02/2020,TUS,AZ,AWP,CE,Towers with Radar,61,29,58,32,180,1,23,65,12,101,62,52,123,44,281,6,18,24,305
11/03/2020,TUS,AZ,AWP,CE,Towers with Radar,55,35,42,40,172,0,20,126,23,169,55,55,168,63,341,102,42,144,485
11/04/2020,TUS,AZ,AWP,CE,Towers with Radar,64,34,52,33,183,0,18,97,40,155,64,52,149,73,338,112,64,176,514
11/05/2020,TUS,AZ,AWP,CE,Towers with Radar,68,23,50,34,175,0,16,76,32,124,68,39,126,66,299,104,26,130,429
11/06/2020,TUS,AZ,AWP,CE,Towers with Radar,74,38,49,32,193,0,16,92,20,128,74,54,141,52,321,114,39,153,474
11/07/2020,TUS,AZ,AWP,CE,Towers with Radar,78,31,26,12,147,0,6,28,7,41,78,37,54,19,188,26,2,28,216
11/08/2020,TUS,AZ,AWP,CE,Towers with Radar,65,28,38,10,141,0,8,60,8,76,65,36,98,18,217,44,27,71,288
11/09/2020,TUS,AZ,AWP,CE,Towers with Radar,66,26,53,34,179,0,9,56,11,76,66,35,109,45,255,104,0,104,359
11/10/2020,TUS,AZ,AWP,CE,Towers with Radar,67,25,46,14,152,0,11,80,6,97,67,36,126,20,249,136,0,136,385
11/11/2020,TUS,AZ,AWP,CE,Towers with Radar,66,33,46,0,145,0,7,92,2,101,66,40,138,2,246,129,0,129,375
11/12/2020,TUS,AZ,AWP,CE,Towers with Radar,70,34,39,38,181,0,17,99,27,143,70,51,138,65,324,188,56,244,568
11/13/2020,TUS,AZ,AWP,CE,Towers with Radar,74,37,36,56,203,0,19,112,20,151,74,56,148,76,354,92,34,126,480
11/14/2020,TUS,AZ,AWP,CE,Towers with Radar,69,22,47,1,139,0,18,105,2,125,69,40,152,3,264,168,0,168,432
11/15/2020,TUS,AZ,AWP,CE,Towers with Radar,75,28,23,19,145,0,27,87,4,118,75,55,110,23,263,92,0,92,355
11/16/2020,TUS,AZ,AWP,CE,Towers with Radar,70,30,25,38,163,0,10,102,23,135,70,40,127,61,298,180,34,214,512
11/17/2020,TUS,AZ,AWP,CE,Towers with Radar,73,31,45,46,195,0,10,105,27,142,73,41,150,73,337,180,34,214,551
11/18/2020,TUS,AZ,AWP,CE,Towers with Radar,81,45,31,32,189,0,24,105,13,142,81,69,136,45,331,152,36,188,519
11/19/2020,TUS,AZ,AWP,CE,Towers with Radar,70,48,38,45,201,0,10,99,35,144,70,58,137,80,345,120,42,162,507
11/20/2020,TUS,AZ,AWP,CE,Towers with Radar,74,28,63,39,204,0,14,111,26,151,74,42,174,65,355,106,55,161,516
11/21/2020,TUS,AZ,AWP,CE,Towers with Radar,76,35,44,1,156,0,22,105,2,129,76,57,149,3,285,132,0,132,417
11/22/2020,TUS,AZ,AWP,CE,Towers with Radar,70,49,30,5,154,0,13,66,4,83,70,62,96,9,237,52,0,52,289
11/23/2020,TUS,AZ,AWP,CE,Towers with Radar,67,31,46,30,174,0,29,70,22,121,67,60,116,52,295,64,36,100,395
11/24/2020,TUS,AZ,AWP,CE,Towers with Radar,76,29,37,45,187,0,18,67,18,103,76,47,104,63,290,62,32,94,384
11/25/2020,TUS,AZ,AWP,CE,Towers with Radar,82,53,45,13,193,0,11,98,9,118,82,64,143,22,311,164,8,172,483
11/26/2020,TUS,AZ,AWP,CE,Towers with Radar,40,19,10,1,70,0,16,42,4,62,40,35,52,5,132,52,0,52,184
11/27/2020,TUS,AZ,AWP,CE,Towers with Radar,67,28,33,0,128,0,4,78,6,88,67,32,111,6,216,42,0,42,258
11/28/2020,TUS,AZ,AWP,CE,Towers with Radar,73,24,20,0,117,0,9,85,2,96,73,33,105,2,213,50,0,50,263
11/29/2020,TUS,AZ,AWP,CE,Towers with Radar,80,33,49,1,163,0,11,70,3,84,80,44,119,4,247,108,0,108,355
11/30/2020,TUS,AZ,AWP,CE,Towers with Radar,77,36,29,31,173,0,7,53,16,76,77,43,82,47,249,34,10,44,293
12/01/2020,TUS,AZ,AWP,CE,Towers with Radar,71,37,36,42,186,0,18,92,18,128,71,55,128,60,314,154,10,164,478
12/02/2020,TUS,AZ,AWP,CE,Towers with Radar,63,28,25,30,146,2,14,106,13,135,65,42,131,43,281,162,28,190,471
12/03/2020,TUS,AZ,AWP,CE,Towers with Radar,67,35,18,39,159,0,18,31,14,63,67,53,49,53,222,32,46,78,300
12/04/2020,TUS,AZ,AWP,CE,Towers with Radar,71,43,35,32,181,0,18,91,10,119,71,61,126,42,300,183,20,203,503
12/05/2020,TUS,AZ,AWP,CE,Towers with Radar,60,27,23,22,132,0,12,77,13,102,60,39,100,35,234,74,7,81,315
12/06/2020,TUS,AZ,AWP,CE,Towers with Radar,63,27,33,14,137,0,25,73,18,116,63,52,106,32,253,169,2,171,424
12/07/2020,TUS,AZ,AWP,CE,Towers with Radar,62,22,38,15,137,0,13,62,18,93,62,35,100,33,230,38,8,46,276
12/08/2020,TUS,AZ,AWP,CE,Towers with Radar,56,46,42,35,179,0,26,74,17,117,56,72,116,52,296,86,24,110,406
12/09/2020,TUS,AZ,AWP,CE,Towers with Radar,57,37,39,37,170,0,29,74,29,132,57,66,113,66,302,146,22,168,470
12/10/2020,TUS,AZ,AWP,CE,Towers with Radar,66,35,24,32,157,0,13,20,6,39,66,48,44,38,196,88,2,90,286
12/11/2020,TUS,AZ,AWP,CE,Towers with Radar,67,26,41,30,164,0,16,80,12,108,67,42,121,42,272,193,10,203,475
12/12/2020,TUS,AZ,AWP,CE,Towers with Radar,61,17,33,0,111,0,17,81,2,100,61,34,114,2,211,134,0,134,345
12/13/2020,TUS,AZ,AWP,CE,Towers with Radar,67,40,36,0,143,0,23,90,4,117,67,63,126,4,260,68,0,68,328
12/14/2020,TUS,AZ,AWP,CE,Towers with Radar,66,28,22,39,155,0,12,57,19,88,66,40,79,58,243,90,38,128,371
12/15/2020,TUS,AZ,AWP,CE,Towers with Radar,59,12,31,35,137,0,9,77,9,95,59,21,108,44,232,76,32,108,340
12/16/2020,TUS,AZ,AWP,CE,Towers with Radar,57,28,47,64,196,0,18,109,14,141,57,46,156,78,337,126,29,155,492
12/17/2020,TUS,AZ,AWP,CE,Towers with Radar,77,48,36,8,169,0,15,72,9,96,77,63,108,17,265,54,5,59,324
12/18/2020,TUS,AZ,AWP,CE,Towers with Radar,81,22,33,18,154,0,10,90,9,109,81,32,123,27,263,0,0,0,263
12/19/2020,TUS,AZ,AWP,CE,Towers with Radar,76,21,32,0,129,5,12,66,4,87,81,33,98,4,216,0,0,0,216
12/20/2020,TUS,AZ,AWP,CE,Towers with Radar,78,28,27,2,135,3,1,75,2,81,81,29,102,4,216,0,0,0,216
12/21/2020,TUS,AZ,AWP,CE,Towers with Radar,75,16,18,22,131,0,11,83,6,100,75,27,101,28,231,0,0,0,231
12/22/2020,TUS,AZ,AWP,CE,Towers with Radar,87,29,22,19,157,2,15,82,14,113,89,44,104,33,270,0,0,0,270
12/23/2020,TUS,AZ,AWP,CE,Towers with Radar,85,24,21,14,144,0,17,86,3,106,85,41,107,17,250,0,0,0,250
12/24/2020,TUS,AZ,AWP,CE,Towers with Radar,58,20,13,0,91,0,17,34,2,53,58,37,47,2,144,0,0,0,144
12/25/2020,TUS,AZ,AWP,CE,Towers with Radar,43,8,8,0,59,1,9,26,4,40,44,17,34,4,99,0,0,0,99
12/26/2020,TUS,AZ,AWP,CE,Towers with Radar,79,28,30,0,137,0,12,83,3,98,79,40,113,3,235,0,0,0,235
12/27/2020,TUS,AZ,AWP,CE,Towers with Radar,90,32,25,0,147,0,23,64,4,91,90,55,89,4,238,2,0,2,240
12/28/2020,TUS,AZ,AWP,CE,Towers with Radar,91,33,48,6,178,1,16,46,6,69,92,49,94,12,247,0,0,0,247
12/29/2020,TUS,AZ,AWP,CE,Towers with Radar,79,23,34,15,151,0,9,63,10,82,79,32,97,25,233,70,0,70,303
12/30/2020,TUS,AZ,AWP,CE,Towers with Radar,78,37,38,10,163,0,33,86,5,124,78,70,124,15,287,72,8,80,367
12/31/2020,TUS,AZ,AWP,CE,Towers with Radar,68,28,31,0,127,0,11,63,3,77,68,39,94,3,204,50,0,50,254
01/01/2021,TUS,AZ,AWP,CE,Towers with Radar,63,11,16,0,90,0,6,43,3,52,63,17,59,3,142,34,0,34,176
01/02/2021,TUS,AZ,AWP,CE,Towers with Radar,83,30,61,0,174,0,13,92,3,108,83,43,153,3,282,56,0,56,338
01/03/2021,TUS,AZ,AWP,CE,Towers with Radar,86,23,45,0,154,0,13,78,2,93,86,36,123,2,247,24,0,24,271
01/04/2021,TUS,AZ,AWP,CE,Towers with Radar,74,33,47,34,188,0,11,71,13,95,74,44,118,47,283,102,18,120,403
01/05/2021,TUS,AZ,AWP,CE,Towers with Radar,65,22,33,48,168,0,20,75,12,107,65,42,108,60,275,106,20,126,401
01/06/2021,TUS,AZ,AWP,CE,Towers with Radar,64,40,54,30,188,0,13,85,17,115,64,53,139,47,303,90,34,124,427
01/07/2021,TUS,AZ,AWP,CE,Towers with Radar,69,25,39,29,162,0,23,86,14,123,69,48,125,43,285,94,22,116,401
01/08/2021,TUS,AZ,AWP,CE,Towers with Radar,76,29,38,34,177,0,15,80,11,106,76,44,118,45,283,110,20,130,413
01/09/2021,TUS,AZ,AWP,CE,Towers with Radar,62,38,28,14,142,0,12,78,14,104,62,50,106,28,246,64,0,64,310
01/10/2021,TUS,AZ,AWP,CE,Towers with Radar,65,35,36,10,146,0,11,69,14,94,65,46,105,24,240,132,16,148,388
01/11/2021,TUS,AZ,AWP,CE,Towers with Radar,63,39,31,4,137,0,15,51,6,72,63,54,82,10,209,172,0,172,381
01/12/2021,TUS,AZ,AWP,CE,Towers with Radar,64,27,32,50,173,0,9,89,27,125,64,36,121,77,298,219,34,253,551
01/13/2021,TUS,AZ,AWP,CE,Towers with Radar,65,31,31,35,162,0,10,81,16,107,65,41,112,51,269,195,16,211,480
01/14/2021,TUS,AZ,AWP,CE,Towers with Radar,71,49,54,43,217,0,11,82,18,111,71,60,136,61,328,64,26,90,418
01/15/2021,TUS,AZ,AWP,CE,Towers with Radar,70,32,40,32,174,0,11,83,17,111,70,43,123,49,285,94,24,118,403
01/16/2021,TUS,AZ,AWP,CE,Towers with Radar,70,25,23,0,118,0,9,99,3,111,70,34,122,3,229,60,0,60,289
01/17/2021,TUS,AZ,AWP,CE,Towers with Radar,67,32,26,3,128,0,20,85,2,107,67,52,111,5,235,115,0,115,350
01/18/2021,TUS,AZ,AWP,CE,Towers with Radar,71,23,42,1,137,0,8,104,5,117,71,31,146,6,254,165,0,165,419
01/19/2021,TUS,AZ,AWP,CE,Towers with Radar,66,26,36,50,178,0,19,53,37,109,66,45,89,87,287,28,78,106,393
01/20/2021,TUS,AZ,AWP,CE,Towers with Radar,62,28,21,57,168,0,1,26,38,65,62,29,47,95,233,44,58,102,335
01/21/2021,TUS,AZ,AWP,CE,Towers with Radar,69,34,35,58,196,0,11,48,26,85,69,45,83,84,281,46,48,94,375
01/22/2021,TUS,AZ,AWP,CE,Towers with Radar,75,37,40,38,190,0,12,92,23,127,75,49,132,61,317,81,40,121,438
01/23/2021,TUS,AZ,AWP,CE,Towers with Radar,64,31,26,9,130,0,16,91,11,118,64,47,117,20,248,116,0,116,364
01/24/2021,TUS,AZ,AWP,CE,Towers with Radar,73,29,32,0,134,0,2,21,0,23,73,31,53,0,157,2,0,2,159
01/25/2021,TUS,AZ,AWP,CE,Towers with Radar,91,38,21,6,156,0,2,8,0,10,91,40,29,6,166,16,0,16,182
01/26/2021,TUS,AZ,AWP,CE,Towers with Radar,66,29,21,24,140,0,8,26,7,41,66,37,47,31,181,30,0,30,211
01/27/2021,TUS,AZ,AWP,CE,Towers with Radar,62,45,57,41,205,0,18,80,25,123,62,63,137,66,328,42,32,74,402
01/28/2021,TUS,AZ,AWP,CE,Towers with Radar,69,31,28,45,173,0,15,74,30,119,69,46,102,75,292,50,22,72,364
01/29/2021,TUS,AZ,AWP,CE,Towers with Radar,72,23,50,36,181,0,7,48,31,86,72,30,98,67,267,76,68,144,411
01/30/2021,TUS,AZ,AWP,CE,Towers with Radar,64,32,49,2,147,0,9,122,4,135,64,41,171,6,282,138,0,138,420
01/31/2021,TUS,AZ,AWP,CE,Towers with Radar,64,24,34,0,122,0,14,74,3,91,64,38,108,3,213,92,0,92,305
02/01/2021,TUS,AZ,AWP,CE,Towers with Radar,68,26,43,64,201,0,9,56,30,95,68,35,99,94,296,64,24,88,384
02/02/2021,TUS,AZ,AWP,CE,Towers with Radar,64,25,41,45,175,0,15,105,22,142,64,40,146,67,317,180,40,220,537
02/03/2021,TUS,AZ,AWP,CE,Towers with Radar,67,22,35,30,154,0,11,101,16,128,67,33,136,46,282,74,8,82,364
02/04/2021,TUS,AZ,AWP,CE,Towers with Radar,77,53,17,34,181,0,28,64,17,109,77,81,81,51,290,100,18,118,408
02/05/2021,TUS,AZ,AWP,CE,Towers with Radar,76,30,42,30,178,0,15,95,9,119,76,45,137,39,297,128,6,134,431
02/06/2021,TUS,AZ,AWP,CE,Towers with Radar,65,24,51,23,163,0,15,96,16,127,65,39,147,39,290,162,6,168,458
02/07/2021,TUS,AZ,AWP,CE,Towers with Radar,66,33,31,12,142,0,14,61,10,85,66,47,92,22,227,20,10,30,257
02/08/2021,TUS,AZ,AWP,CE,Towers with Radar,64,23,30,8,125,2,15,89,14,120,66,38,119,22,245,128,0,128,373
02/09/2021,TUS,AZ,AWP,CE,Towers with Radar,69,26,56,52,203,0,7,101,22,130,69,33,157,74,333,108,10,118,451
02/10/2021,TUS,AZ,AWP,CE,Towers with Radar,63,25,49,57,194,0,4,93,22,119,63,29,142,79,313,110,12,122,435
02/11/2021,TUS,AZ,AWP,CE,Towers with Radar,88,41,68,78,275,0,6,88,34,128,88,47,156,112,403,194,52,246,649
02/12/2021,TUS,AZ,AWP,CE,Towers with Radar,74,41,45,35,195,0,15,74,26,115,74,56,119,61,310,80,12,92,402
02/13/2021,TUS,AZ,AWP,CE,Towers with Radar,65,30,38,24,157,0,12,84,1,97,65,42,122,25,254,38,0,38,292
02/14/2021,TUS,AZ,AWP,CE,Towers with Radar,69,36,34,5,144,0,7,38,3,48,69,43,72,8,192,41,0,41,233
02/15/2021,TUS,AZ,AWP,CE,Towers with Radar,58,31,49,3,141,0,11,79,5,95,58,42,128,8,236,44,0,44,280
02/16/2021,TUS,AZ,AWP,CE,Towers with Radar,56,34,37,35,162,0,11,53,16,80,56,45,90,51,242,46,18,64,306
02/17/2021,TUS,AZ,AWP,CE,Towers with Radar,56,43,41,31,171,0,18,71,22,111,56,61,112,53,282,218,20,238,520
02/18/2021,TUS,AZ,AWP,CE,Towers with Radar,65,50,49,32,196,0,8,86,29,123,65,58,135,61,319,264,8,272,591
02/19/2021,TUS,AZ,AWP,CE,Towers with Radar,69,40,37,28,174,0,17,100,9,126,69,57,137,37,300,208,8,216,516
02/20/2021,TUS,AZ,AWP,CE,Towers with Radar,70,26,36,2,134,0,7,79,3,89,70,33,115,5,223,168,0,168,391
02/21/2021,TUS,AZ,AWP,CE,Towers with Radar,76,34,47,10,167,0,8,88,7,103,76,42,135,17,270,69,4,73,343
02/22/2021,TUS,AZ,AWP,CE,Towers with Radar,73,37,47,38,195,0,13,76,22,111,73,50,123,60,306,124,42,166,472
02/23/2021,TUS,AZ,AWP,CE,Towers with Radar,67,41,45,31,184,0,22,81,23,126,67,63,126,54,310,182,20,202,512
02/24/2021,TUS,AZ,AWP,CE,Towers with Radar,69,38,63,36,206,0,6,88,22,116,69,44,151,58,322,182,30,212,534
02/25/2021,TUS,AZ,AWP,CE,Towers with Radar,82,30,41,34,187,0,23,91,17,131,82,53,132,51,318,204,16,220,538
02/26/2021,TUS,AZ,AWP,CE,Towers with Radar,77,26,45,35,183,0,13,107,9,129,77,39,152,44,312,144,22,166,478
02/27/2021,TUS,AZ,AWP,CE,Towers with Radar,70,38,47,7,162,0,13,98,5,116,70,51,145,12,278,46,0,46,324
02/28/2021,TUS,AZ,AWP,CE,Towers with Radar,80,38,43,14,175,0,18,49,2,69,80,56,92,16,244,22,0,22,266
03/01/2021,TUS,AZ,AWP,CE,Towers with Radar,73,36,52,39,200,4,14,79,20,117,77,50,131,59,317,140,18,158,475
03/02/2021,TUS,AZ,AWP,CE,Towers with Radar,72,33,52,44,201,0,9,61,22,92,72,42,113,66,293,46,28,74,367
03/03/2021,TUS,AZ,AWP,CE,Towers with Radar,102,39,86,30,257,0,11,73,24,108,102,50,159,54,365,116,2,118,483
03/04/2021,TUS,AZ,AWP,CE,Towers with Radar,87,39,62,34,222,0,22,114,25,161,87,61,176,59,383,104,8,112,495
03/05/2021,TUS,AZ,AWP,CE,Towers with Radar,78,44,52,41,215,0,13,99,34,146,78,57,151,75,361,70,16,86,447
03/06/2021,TUS,AZ,AWP,CE,Towers with Radar,78,27,32,22,159,0,16,58,14,88,78,43,90,36,247,50,6,56,303
03/07/2021,TUS,AZ,AWP,CE,Towers with Radar,86,37,41,15,179,0,15,77,11,103,86,52,118,26,282,72,2,74,356
03/08/2021,TUS,AZ,AWP,CE,Towers with Radar,80,49,47,8,184,0,12,105,6,123,80,61,152,14,307,94,0,94,401
03/09/2021,TUS,AZ,AWP,CE,Towers with Radar,77,40,37,54,208,0,19,69,25,113,77,59,106,79,321,52,34,86,407
03/10/2021,TUS,AZ,AWP,CE,Towers with Radar,72,30,44,39,185,0,10,114,29,153,72,40,158,68,338,190,54,244,582
03/11/2021,TUS,AZ,AWP,CE,Towers with Radar,95,46,59,48,248,0,9,91,36,136,95,55,150,84,384,72,30,102,486
03/12/2021,TUS,AZ,AWP,CE,Towers with Radar,89,43,37,71,240,0,15,68,18,101,89,58,105,89,341,92,64,156,497
03/13/2021,TUS,AZ,AWP,CE,Towers with Radar,73,30,49,12,164,0,0,36,4,40,73,30,85,16,204,18,0,18,222
03/14/2021,TUS,AZ,AWP,CE,Towers with Radar,83,36,60,1,180,0,16,100,4,120,83,52,160,5,300,128,0,128,428
03/15/2021,TUS,AZ,AWP,CE,Towers with Radar,74,43,41,43,201,0,19,84,26,129,74,62,125,69,330,187,28,215,545
03/16/2021,TUS,AZ,AWP,CE,Towers with Radar,84,26,41,54,205,0,16,69,32,117,84,42,110,86,322,110,66,176,498
03/17/2021,TUS,AZ,AWP,CE,Towers with Radar,77,36,56,37,206,0,13,119,32,164,77,49,175,69,370,82,18,100,470
03/18/2021,TUS,AZ,AWP,CE,Towers with Radar,91,39,51,37,218,0,10,112,17,139,91,49,163,54,357,140,6,146,503
03/19/2021,TUS,AZ,AWP,CE,Towers with Radar,85,45,50,34,214,0,8,117,13,138,85,53,167,47,352,114,0,114,466
03/20/2021,TUS,AZ,AWP,CE,Towers with Radar,76,35,43,5,159,0,14,102,8,124,76,49,145,13,283,118,0,118,401
03/21/2021,TUS,AZ,AWP,CE,Towers with Radar,89,40,51,0,180,0,12,96,4,112,89,52,147,4,292,72,0,72,364
03/22/2021,TUS,AZ,AWP,CE,Towers with Radar,79,37,53,37,206,0,16,73,36,125,79,53,126,73,331,72,26,98,429
03/23/2021,TUS,AZ,AWP,CE,Towers with Radar,85,31,38,31,185,0,9,68,30,107,85,40,106,61,292,28,22,50,342
03/24/2021,TUS,AZ,AWP,CE,Towers with Radar,84,39,53,45,221,0,9,90,19,118,84,48,143,64,339,160,18,178,517
03/25/2021,TUS,AZ,AWP,CE,Towers with Radar,97,36,65,46,244,0,9,81,34,124,97,45,146,80,368,98,14,112,480
03/26/2021,TUS,AZ,AWP,CE,Towers with Radar,86,30,46,6,168,0,4,120,13,137,86,34,166,19,305,78,4,82,387
03/27/2021,TUS,AZ,AWP,CE,Towers with Radar,76,44,51,2,173,0,17,147,3,167,76,61,198,5,340,44,0,44,384
03/28/2021,TUS,AZ,AWP,CE,Towers with Radar,94,35,45,2,176,0,17,107,6,130,94,52,152,8,306,98,0,98,404
03/29/2021,TUS,AZ,AWP,CE,Towers with Radar,81,26,49,40,196,0,9,111,35,155,81,35,160,75,351,104,40,144,495
03/30/2021,TUS,AZ,AWP,CE,Towers with Radar,82,17,59,29,187,0,16,92,23,131,82,33,151,52,318,110,22,132,450
03/31/2021,TUS,AZ,AWP,CE,Towers with Radar,83,37,51,43,214,0,8,100,17,125,83,45,151,60,339,90,36,126,465
04/01/2021,TUS,AZ,AWP,CE,Towers with Radar,96,29,47,35,207,0,8,44,28,80,96,37,91,63,287,32,10,42,329
04/02/2021,TUS,AZ,AWP,CE,Towers with Radar,90,37,73,5,205,0,11,131,8,150,90,48,204,13,355,118,0,118,473
04/03/2021,TUS,AZ,AWP,CE,Towers with Radar,81,35,35,2,153,0,8,99,7,114,81,43,134,9,267,154,0,154,421
04/04/2021,TUS,AZ,AWP,CE,Towers with Radar,92,26,33,2,153,0,10,75,4,89,92,36,108,6,242,44,0,44,286
04/05/2021,TUS,AZ,AWP,CE,Towers with Radar,84,41,64,45,234,0,20,100,22,142,84,61,164,67,376,98,30,128,504
04/06/2021,TUS,AZ,AWP,CE,Towers with Radar,78,37,45,41,201,0,15,100,31,146,78,52,145,72,347,116,24,140,487
04/07/2021,TUS,AZ,AWP,CE,Towers with Radar,82,31,54,37,204,0,8,118,17,143,82,39,172,54,347,88,14,102,449
04/08/2021,TUS,AZ,AWP,CE,Towers with Radar,96,36,55,36,223,0,15,105,31,151,96,51,160,67,374,70,36,106,480
04/09/2021,TUS,AZ,AWP,CE,Towers with Radar,84,44,33,24,185,0,9,108,26,143,84,53,141,50,328,100,32,132,460
04/10/2021,TUS,AZ,AWP,CE,Towers with Radar,85,31,38,21,175,0,20,120,29,169,85,51,158,50,344,124,18,142,486
04/11/2021,TUS,AZ,AWP,CE,Towers with Radar,91,37,39,22,189,0,21,88,13,122,91,58,127,35,311,128,22,150,461
04/12/2021,TUS,AZ,AWP,CE,Towers with Radar,81,25,64,3,173,0,22,76,3,101,81,47,140,6,274,56,0,56,330
04/13/2021,TUS,AZ,AWP,CE,Towers with Radar,72,25,27,54,178,0,24,65,33,122,72,49,92,87,300,29,20,49,349
04/14/2021,TUS,AZ,AWP,CE,Towers with Radar,72,28,46,82,228,0,29,83,23,135,72,57,129,105,363,39,46,85,448
04/15/2021,TUS,AZ,AWP,CE,Towers with Radar,89,38,48,74,249,0,21,91,26,138,89,59,139,100,387,74,62,136,523
04/16/2021,TUS,AZ,AWP,CE,Towers with Radar,87,45,45,31,208,0,11,120,14,145,87,56,165,45,353,92,18,110,463
04/17/2021,TUS,AZ,AWP,CE,Towers with Radar,78,33,52,13,176,0,5,138,4,147,78,38,190,17,323,142,8,150,473
04/18/2021,TUS,AZ,AWP,CE,Towers with Radar,87,38,48,4,177,0,11,49,3,63,87,49,97,7,240,28,0,28,268
04/19/2021,TUS,AZ,AWP,CE,Towers with Radar,79,42,41,50,212,0,14,74,16,104,79,56,115,66,316,152,26,178,494
04/20/2021,TUS,AZ,AWP,CE,Towers with Radar,75,35,40,51,201,0,19,94,27,140,75,54,134,78,341,106,56,162,503
04/21/2021,TUS,AZ,AWP,CE,Towers with Radar,81,17,33,23,154,0,15,39,5,59,81,32,72,28,213,93,8,101,314
04/22/2021,TUS,AZ,AWP,CE,Towers with Radar,102,48,41,37,228,0,15,74,7,96,102,63,115,44,324,108,18,126,450
04/23/2021,TUS,AZ,AWP,CE,Towers with Radar,80,38,45,50,213,0,12,104,24,140,80,50,149,74,353,70,50,120,473
04/24/2021,TUS,AZ,AWP,CE,Towers with Radar,83,28,42,10,163,0,10,95,2,107,83,38,137,12,270,72,2,74,344
04/25/2021,TUS,AZ,AWP,CE,Towers with Radar,90,41,36,0,167,0,19,67,4,90,90,60,103,4,257,46,0,46,303
04/26/2021,TUS,AZ,AWP,CE,Towers with Radar,86,45,35,42,208,0,12,71,17,100,86,57,106,59,308,116,2,118,426
04/27/2021,TUS,AZ,AWP,CE,Towers with Radar,73,31,47,52,203,0,12,39,12,63,73,43,86,64,266,98,18,116,382
04/28/2021,TUS,AZ,AWP,CE,Towers with Radar,73,29,32,42,176,0,11,84,24,119,73,40,116,66,295,172,28,200,495
04/29/2021,TUS,AZ,AWP,CE,Towers with Radar,90,35,78,51,254,0,14,83,26,123,90,49,161,77,377,94,12,106,483
04/30/2021,TUS,AZ,AWP,CE,Towers with Radar,86,39,47,32,204,0,23,91,16,130,86,62,138,48,334,60,28,88,422
05/01/2021,TUS,AZ,AWP,CE,Towers with Radar,78,30,28,11,147,0,3,120,12,135,78,33,148,23,282,94,0,94,376
05/02/2021,TUS,AZ,AWP,CE,Towers with Radar,97,33,52,3,185,0,10,50,3,63,97,43,102,6,248,2,0,2,250
05/03/2021,TUS,AZ,AWP,CE,Towers with Radar,79,28,44,2,153,0,14,95,6,115,79,42,139,8,268,96,0,96,364
05/04/2021,TUS,AZ,AWP,CE,Towers with Radar,75,34,36,37,182,0,20,100,30,150,75,54,136,67,332,96,26,122,454
05/05/2021,TUS,AZ,AWP,CE,Towers with Radar,75,24,40,37,176,0,9,83,24,116,75,33,123,61,292,96,20,116,408
05/06/2021,TUS,AZ,AWP,CE,Towers with Radar,89,25,38,34,186,0,11,98,22,131,89,36,136,56,317,182,8,190,507
05/07/2021,TUS,AZ,AWP,CE,Towers with Radar,91,37,37,23,188,0,18,87,18,123,91,55,124,41,311,106,16,122,433
05/08/2021,TUS,AZ,AWP,CE,Towers with Radar,79,29,31,1,140,0,3,103,2,108,79,32,134,3,248,70,0,70,318
05/09/2021,TUS,AZ,AWP,CE,Towers with Radar,81,37,30,0,148,0,8,69,1,78,81,45,99,1,226,58,0,58,284
05/10/2021,TUS,AZ,AWP,CE,Towers with Radar,80,33,35,35,183,0,21,85,31,137,80,54,120,66,320,62,10,72,392
05/11/2021,TUS,AZ,AWP,CE,Towers with Radar,77,32,50,42,201,0,13,120,21,154,77,45,170,63,355,190,10,200,555
05/12/2021,TUS,AZ,AWP,CE,Towers with Radar,81,33,46,28,188,0,25,96,11,132,81,58,142,39,320,166,2,168,488
05/13/2021,TUS,AZ,AWP,CE,Towers with Radar,85,40,49,25,199,0,11,82,12,105,85,51,131,37,304,128,12,140,444
05/14/2021,TUS,AZ,AWP,CE,Towers with Radar,88,45,48,28,209,0,14,86,13,113,88,59,134,41,322,114,8,122,444
05/15/2021,TUS,AZ,AWP,CE,Towers with Radar,83,19,37,4,143,0,5,111,2,118,83,24,148,6,261,160,0,160,421
05/16/2021,TUS,AZ,AWP,CE,Towers with Radar,87,36,38,3,164,0,22,60,1,83,87,58,98,4,247,52,0,52,299
05/17/2021,TUS,AZ,AWP,CE,Towers with Radar,82,35,50,37,204,0,15,92,31,138,82,50,142,68,342,146,22,168,510
05/18/2021,TUS,AZ,AWP,CE,Towers with Radar,77,33,41,51,202,0,12,94,30,136,77,45,135,81,338,0,0,0,338
05/19/2021,TUS,AZ,AWP,CE,Towers with Radar,80,51,40,41,212,0,24,95,31,150,80,75,135,72,362,0,0,0,362
05/20/2021,TUS,AZ,AWP,CE,Towers with Radar,83,31,46,38,198,0,14,113,24,151,83,45,159,62,349,54,20,74,423
05/21/2021,TUS,AZ,AWP,CE,Towers with Radar,94,41,26,10,171,0,13,61,6,80,94,54,87,16,251,78,0,78,329
05/22/2021,TUS,AZ,AWP,CE,Towers with Radar,85,26,38,29,178,0,10,94,16,120,85,36,132,45,298,108,6,114,412
05/23/2021,TUS,AZ,AWP,CE,Towers with Radar,83,39,32,8,162,0,15,107,5,127,83,54,139,13,289,86,0,86,375
05/24/2021,TUS,AZ,AWP,CE,Towers with Radar,82,53,35,31,201,0,13,112,16,141,82,66,147,47,342,84,18,102,444
05/25/2021,TUS,AZ,AWP,CE,Towers with Radar,80,26,26,26,158,0,22,89,34,145,80,48,115,60,303,76,50,126,429
05/26/2021,TUS,AZ,AWP,CE,Towers with Radar,85,45,47,28,205,0,11,86,18,115,85,56,133,46,320,52,14,66,386
05/27/2021,TUS,AZ,AWP,CE,Towers with Radar,88,40,57,33,218,0,20,104,16,140,88,60,161,49,358,52,20,72,430
05/28/2021,TUS,AZ,AWP,CE,Towers with Radar,82,37,56,0,175,0,18,105,3,126,82,55,161,3,301,44,0,44,345
05/29/2021,TUS,AZ,AWP,CE,Towers with Radar,78,24,31,0,133,0,11,76,5,92,78,35,107,5,225,38,0,38,263
05/30/2021,TUS,AZ,AWP,CE,Towers with Radar,82,17,19,0,118,0,16,78,5,99,82,33,97,5,217,32,0,32,249
05/31/2021,TUS,AZ,AWP,CE,Towers with Radar,79,31,22,1,133,0,18,92,5,115,79,49,114,6,248,32,0,32,280
06/01/2021,TUS,AZ,AWP,CE,Towers with Radar,76,42,35,31,184,0,8,65,16,89,76,50,100,47,273,24,64,88,361
06/02/2021,TUS,AZ,AWP,CE,Towers with Radar,81,27,42,42,192,0,12,79,17,108,81,39,121,59,300,36,18,54,354
06/03/2021,TUS,AZ,AWP,CE,Towers with Radar,86,56,23,43,208,0,15,82,21,118,86,71,105,64,326,98,16,114,440
06/04/2021,TUS,AZ,AWP,CE,Towers with Radar,80,41,33,28,182,0,6,74,13,93,80,47,107,41,275,44,22,66,341
06/05/2021,TUS,AZ,AWP,CE,Towers with Radar,70,25,31,21,147,0,17,74,18,109,70,42,105,39,256,48,24,72,328
06/06/2021,TUS,AZ,AWP,CE,Towers with Radar,81,34,25,16,156,0,14,82,5,101,81,48,107,21,257,54,10,64,321
06/07/2021,TUS,AZ,AWP,CE,Towers with Radar,79,64,42,3,188,0,20,66,5,91,79,84,108,8,279,69,0,69,348
06/08/2021,TUS,AZ,AWP,CE,Towers with Radar,79,24,40,41,184,0,12,70,18,100,79,36,110,59,284,108,8,116,400
06/09/2021,TUS,AZ,AWP,CE,Towers with Radar,84,36,50,32,202,0,17,70,11,98,84,53,120,43,300,130,10,140,440
06/10/2021,TUS,AZ,AWP,CE,Towers with Radar,85,42,37,39,203,0,14,88,19,121,85,56,125,58,324,144,14,158,482
06/11/2021,TUS,AZ,AWP,CE,Towers with Radar,79,43,41,42,205,0,16,88,18,122,79,59,129,60,327,106,26,132,459
06/12/2021,TUS,AZ,AWP,CE,Towers with Radar,74,36,32,0,142,0,14,96,4,114,74,50,128,4,256,48,0,48,304
06/13/2021,TUS,AZ,AWP,CE,Towers with Radar,76,34,28,7,145,0,13,72,1,86,76,47,100,8,231,66,0,66,297
06/14/2021,TUS,AZ,AWP,CE,Towers with Radar,76,37,29,41,183,0,10,55,14,79,76,47,84,55,262,32,44,76,338
06/15/2021,TUS,AZ,AWP,CE,Towers with Radar,74,48,31,33,186,0,5,79,15,99,74,53,110,48,285,30,20,50,335
06/16/2021,TUS,AZ,AWP,CE,Towers with Radar,82,39,41,34,196,0,26,63,6,95,82,65,104,40,291,0,16,16,307
06/17/2021,TUS,AZ,AWP,CE,Towers with Radar,85,40,40,27,192,0,9,72,11,92,85,49,112,38,284,66,20,86,370
06/18/2021,TUS,AZ,AWP,CE,Towers with Radar,77,47,42,4,170,0,13,71,4,88,77,60,113,8,258,38,0,38,296
06/19/2021,TUS,AZ,AWP,CE,Towers with Radar,71,33,48,0,152,0,12,58,2,72,71,45,106,2,224,54,0,54,278
06/20/2021,TUS,AZ,AWP,CE,Towers with Radar,78,30,31,0,139,0,20,66,5,91,78,50,97,5,230,60,0,60,290
06/21/2021,TUS,AZ,AWP,CE,Towers with Radar,78,40,39,24,181,0,22,65,18,105,78,62,104,42,286,50,2,52,338
06/22/2021,TUS,AZ,AWP,CE,Towers with Radar,71,49,32,33,185,1,16,62,11,90,72,65,94,44,275,164,2,166,441
06/23/2021,TUS,AZ,AWP,CE,Towers with Radar,77,42,34,30,183,0,11,65,19,95,77,53,99,49,278,96,24,120,398
06/24/2021,TUS,AZ,AWP,CE,Towers with Radar,81,44,48,41,214,0,24,69,20,113,81,68,117,61,327,211,28,239,566
06/25/2021,TUS,AZ,AWP,CE,Towers with Radar,80,35,20,24,159,0,12,71,21,104,80,47,91,45,263,96,12,108,371
06/26/2021,TUS,AZ,AWP,CE,Towers with Radar,76,26,22,1,125,0,10,79,2,91,76,36,101,3,216,82,0,82,298
06/27/2021,TUS,AZ,AWP,CE,Towers with Radar,81,28,28,3,140,0,19,76,4,99,81,47,104,7,239,44,0,44,283
06/28/2021,TUS,AZ,AWP,CE,Towers with Radar,77,44,31,26,178,0,12,49,17,78,77,56,80,43,256,32,6,38,294
06/29/2021,TUS,AZ,AWP,CE,Towers with Radar,73,50,55,25,203,0,17,51,35,103,73,67,106,60,306,108,22,130,436
06/30/2021,TUS,AZ,AWP,CE,Towers with Radar,75,41,57,41,214,0,16,65,29,110,75,57,122,70,324,174,20,194,518
07/01/2021,TUS,AZ,AWP,CE,Towers with Radar,86,43,43,34,206,0,11,84,22,117,86,54,127,56,323,144,28,172,495
07/02/2021,TUS,AZ,AWP,CE,Towers with Radar,75,33,39,2,149,0,10,63,1,74,75,43,102,3,223,102,0,102,325
07/03/2021,TUS,AZ,AWP,CE,Towers with Radar,69,23,20,0,112,0,10,58,3,71,69,33,78,3,183,104,0,104,287
07/04/2021,TUS,AZ,AWP,CE,Towers with Radar,65,21,13,1,100,0,7,47,1,55,65,28,60,2,155,50,0,50,205
07/05/2021,TUS,AZ,AWP,CE,Towers with Radar,68,28,19,0,115,4,18,64,2,88,72,46,83,2,203,72,0,72,275
07/06/2021,TUS,AZ,AWP,CE,Towers with Radar,74,25,29,37,165,0,8,44,26,78,74,33,73,63,243,84,16,100,343
07/07/2021,TUS,AZ,AWP,CE,Towers with Radar,75,43,46,33,197,0,6,73,14,93,75,49,119,47,290,60,6,66,356
07/08/2021,TUS,AZ,AWP,CE,Towers with Radar,83,29,56,32,200,0,10,79,16,105,83,39,135,48,305,224,2,226,531
07/09/2021,TUS,AZ,AWP,CE,Towers with Radar,82,33,53,10,178,0,13,63,12,88,82,46,116,22,266,74,10,84,350
07/10/2021,TUS,AZ,AWP,CE,Towers with Radar,76,34,30,0,140,0,9,66,0,75,76,43,96,0,215,12,0,12,227
07/11/2021,TUS,AZ,AWP,CE,Towers with Radar,80,41,33,0,154,0,18,60,2,80,80,59,93,2,234,20,0,20,254
07/12/2021,TUS,AZ,AWP,CE,Towers with Radar,77,31,28,3,139,0,15,51,7,73,77,46,79,10,212,50,0,50,262
07/13/2021,TUS,AZ,AWP,CE,Towers with Radar,75,28,33,33,169,0,5,59,24,88,75,33,92,57,257,108,12,120,377
07/14/2021,TUS,AZ,AWP,CE,Towers with Radar,77,34,35,18,164,0,5,34,15,54,77,39,69,33,218,86,16,102,320
07/15/2021,TUS,AZ,AWP,CE,Towers with Radar,84,33,35,44,196,0,11,56,23,90,84,44,91,67,286,110,8,118,404
07/16/2021,TUS,AZ,AWP,CE,Towers with Radar,77,37,33,19,166,0,4,73,14,91,77,41,106,33,257,18,22,40,297
07/17/2021,TUS,AZ,AWP,CE,Towers with Radar,74,27,29,1,131,0,8,85,12,105,74,35,114,13,236,134,0,134,370
07/18/2021,TUS,AZ,AWP,CE,Towers with Radar,84,34,25,3,146,0,5,51,2,58,84,39,76,5,204,14,2,16,220
07/19/2021,TUS,AZ,AWP,CE,Towers with Radar,79,30,41,34,184,0,12,57,23,92,79,42,98,57,276,88,38,126,402
07/20/2021,TUS,AZ,AWP,CE,Towers with Radar,77,40,51,18,186,0,11,64,18,93,77,51,115,36,279,12,22,34,313
07/21/2021,TUS,AZ,AWP,CE,Towers with Radar,82,32,38,29,181,0,6,75,19,100,82,38,113,48,281,24,14,38,319
07/22/2021,TUS,AZ,AWP,CE,Towers with Radar,80,43,34,36,193,0,10,63,15,88,80,53,97,51,281,17,18,35,316
07/23/2021,TUS,AZ,AWP,CE,Towers with Radar,82,28,37,35,182,0,12,50,13,75,82,40,87,48,257,76,4,80,337
07/24/2021,TUS,AZ,AWP,CE,Towers with Radar,75,42,19,0,136,0,2,19,1,22,75,44,38,1,158,110,0,110,268
07/25/2021,TUS,AZ,AWP,CE,Towers with Radar,81,29,24,2,136,0,4,21,1,26,81,33,45,3,162,52,0,52,214
07/26/2021,TUS,AZ,AWP,CE,Towers with Radar,80,25,47,6,158,0,11,84,3,98,80,36,131,9,256,96,0,96,352
07/27/2021,TUS,AZ,AWP,CE,Towers with Radar,86,32,55,32,205,0,16,63,24,103,86,48,118,56,308,70,16,86,394
07/28/2021,TUS,AZ,AWP,CE,Towers with Radar,78,40,34,29,181,0,24,103,14,141,78,64,137,43,322,104,12,116,438
07/29/2021,TUS,AZ,AWP,CE,Towers with Radar,88,33,52,38,211,0,17,63,22,102,88,50,115,60,313,118,26,144,457
07/30/2021,TUS,AZ,AWP,CE,Towers with Radar,81,37,28,35,181,0,13,80,14,107,81,50,108,49,288,102,53,155,443
07/31/2021,TUS,AZ,AWP,CE,Towers with Radar,74,35,38,10,157,0,14,109,4,127,74,49,147,14,284,80,0,80,364
08/01/2021,TUS,AZ,AWP,CE,Towers with Radar,74,42,26,0,142,0,21,76,3,100,74,63,102,3,242,88,0,88,330
08/02/2021,TUS,AZ,AWP,CE,Towers with Radar,69,27,38,28,162,0,9,52,16,77,69,36,90,44,239,96,0,96,335
08/03/2021,TUS,AZ,AWP,CE,Towers with Radar,77,34,26,26,163,0,9,78,21,108,77,43,104,47,271,118,12,130,401
08/04/2021,TUS,AZ,AWP,CE,Towers with Radar,83,29,51,37,200,0,24,85,19,128,83,53,136,56,328,128,40,168,496
08/05/2021,TUS,AZ,AWP,CE,Towers with Radar,80,38,20,36,174,0,17,67,16,100,80,55,87,52,274,90,2,92,366
08/06/2021,TUS,AZ,AWP,CE,Towers with Radar,81,45,33,27,186,0,14,79,9,102,81,59,112,36,288,102,2,104,392
08/07/2021,TUS,AZ,AWP,CE,Towers with Radar,76,37,33,20,166,0,10,100,15,125,76,47,133,35,291,78,6,84,375
08/08/2021,TUS,AZ,AWP,CE,Towers with Radar,79,37,35,9,160,0,13,59,9,81,79,50,94,18,241,124,4,128,369
08/09/2021,TUS,AZ,AWP,CE,Towers with Radar,78,32,21,9,140,0,24,57,5,86,78,56,78,14,226,158,2,160,386
08/10/2021,TUS,AZ,AWP,CE,Towers with Radar,77,37,23,29,166,0,6,27,16,49,77,43,50,45,215,72,10,82,297
08/11/2021,TUS,AZ,AWP,CE,Towers with Radar,79,28,26,34,167,0,11,83,16,110,79,39,109,50,277,92,26,118,395
08/12/2021,TUS,AZ,AWP,CE,Towers with Radar,81,38,33,39,191,0,9,84,23,116,81,47,117,62,307,156,10,166,473
08/13/2021,TUS,AZ,AWP,CE,Towers with Radar,91,31,33,24,179,0,9,65,18,92,91,40,98,42,271,66,14,80,351
08/14/2021,TUS,AZ,AWP,CE,Towers with Radar,81,30,16,2,129,0,3,63,2,68,81,33,79,4,197,78,0,78,275
08/15/2021,TUS,AZ,AWP,CE,Towers with Radar,74,44,44,1,163,0,10,87,4,101,74,54,131,5,264,125,0,125,389
08/16/2021,TUS,AZ,AWP,CE,Towers with Radar,83,33,32,30,178,0,3,86,17,106,83,36,118,47,284,96,40,136,420
08/17/2021,TUS,AZ,AWP,CE,Towers with Radar,78,48,44,23,193,0,4,58,11,73,78,52,102,34,266,176,10,186,452
08/18/2021,TUS,AZ,AWP,CE,Towers with Radar,99,48,57,30,234,0,5,79,18,102,99,53,136,48,336,200,11,211,547
08/19/2021,TUS,AZ,AWP,CE,Towers with Radar,89,36,46,27,198,0,9,80,19,108,89,45,126,46,306,152,20,172,478
08/20/2021,TUS,AZ,AWP,CE,Towers with Radar,80,39,38,14,171,0,14,37,10,61,80,53,75,24,232,102,6,108,340
08/21/2021,TUS,AZ,AWP,CE,Towers with Radar,80,45,38,0,163,0,12,89,7,108,80,57,127,7,271,138,0,138,409
08/22/2021,TUS,AZ,AWP,CE,Towers with Radar,84,40,45,0,169,0,14,78,2,94,84,54,123,2,263,54,0,54,317
08/23/2021,TUS,AZ,AWP,CE,Towers with Radar,83,37,41,4,165,0,14,68,9,91,83,51,109,13,256,104,2,106,362
08/24/2021,TUS,AZ,AWP,CE,Towers with Radar,79,22,30,26,157,0,14,68,18,100,79,36,98,44,257,144,8,152,409
08/25/2021,TUS,AZ,AWP,CE,Towers with Radar,83,35,31,33,182,0,14,68,16,98,83,49,99,49,280,162,26,188,468
08/26/2021,TUS,AZ,AWP,CE,Towers with Radar,85,39,32,31,187,0,18,59,21,98,85,57,91,52,285,88,10,98,383
08/27/2021,TUS,AZ,AWP,CE,Towers with Radar,83,45,32,28,188,0,10,78,17,105,83,55,110,45,293,82,18,100,393
08/28/2021,TUS,AZ,AWP,CE,Towers with Radar,80,29,28,0,137,0,8,83,2,93,80,37,111,2,230,124,0,124,354
08/29/2021,TUS,AZ,AWP,CE,Towers with Radar,88,38,33,6,165,0,4,76,3,83,88,42,109,9,248,68,0,68,316
08/30/2021,TUS,AZ,AWP,CE,Towers with Radar,82,29,15,20,146,0,5,60,17,82,82,34,75,37,228,76,10,86,314
08/31/2021,TUS,AZ,AWP,CE,Towers with Radar,81,32,19,38,170,0,10,46,10,66,81,42,65,48,236,100,6,106,342
09/01/2021,TUS,AZ,AWP,CE,Towers with Radar,89,41,27,56,213,0,5,46,20,71,89,46,73,76,284,102,40,142,426
09/02/2021,TUS,AZ,AWP,CE,Towers with Radar,93,24,39,37,193,0,16,63,18,97,93,40,102,55,290,124,6,130,420
09/03/2021,TUS,AZ,AWP,CE,Towers with Radar,95,50,42,6,193,0,17,74,5,96,95,67,116,11,289,126,0,126,415
09/04/2021,TUS,AZ,AWP,CE,Towers with Radar,68,29,28,10,135,0,11,80,6,97,68,40,108,16,232,112,0,112,344
09/05/2021,TUS,AZ,AWP,CE,Towers with Radar,77,24,14,0,115,0,8,54,7,69,77,32,68,7,184,79,0,79,263
09/06/2021,TUS,AZ,AWP,CE,Towers with Radar,78,36,39,14,167,0,4,77,2,83,78,40,116,16,250,120,4,124,374
09/07/2021,TUS,AZ,AWP,CE,Towers with Radar,79,39,34,27,179,0,10,77,34,121,79,49,111,61,300,54,0,54,354
09/08/2021,TUS,AZ,AWP,CE,Towers with Radar,83,32,30,26,171,0,19,62,19,100,83,51,92,45,271,6,6,12,283
09/09/2021,TUS,AZ,AWP,CE,Towers with Radar,83,36,24,32,175,0,10,65,28,103,83,46,89,60,278,40,42,82,360
09/10/2021,TUS,AZ,AWP,CE,Towers with Radar,95,39,44,29,207,0,12,64,17,93,95,51,108,46,300,14,22,36,336
09/11/2021,TUS,AZ,AWP,CE,Towers with Radar,74,28,40,17,159,0,13,74,15,102,74,41,114,32,261,36,16,52,313
09/12/2021,TUS,AZ,AWP,CE,Towers with Radar,83,42,43,19,187,0,6,74,12,92,83,48,117,31,279,14,4,18,297
09/13/2021,TUS,AZ,AWP,CE,Towers with Radar,88,33,42,5,168,0,13,63,5,81,88,46,105,10,249,16,0,16,265
09/14/2021,TUS,AZ,AWP,CE,Towers with Radar,80,28,40,32,180,0,5,59,15,79,80,33,99,47,259,19,16,35,294
09/15/2021,TUS,AZ,AWP,CE,Towers with Radar,86,41,55,44,226,0,21,73,21,115,86,62,128,65,341,38,16,54,395
09/16/2021,TUS,AZ,AWP,CE,Towers with Radar,92,33,38,40,203,0,10,65,21,96,92,43,103,61,299,46,36,82,381
09/17/2021,TUS,AZ,AWP,CE,Towers with Radar,94,37,44,25,200,0,18,64,15,97,94,55,108,40,297,74,20,94,391
09/18/2021,TUS,AZ,AWP,CE,Towers with Radar,86,23,21,0,130,0,12,73,3,88,86,35,94,3,218,50,0,50,268
09/19/2021,TUS,AZ,AWP,CE,Towers with Radar,80,29,30,0,139,0,4,30,4,38,80,33,60,4,177,20,0,20,197
09/20/2021,TUS,AZ,AWP,CE,Towers with Radar,87,27,31,44,189,0,16,55,17,88,87,43,86,61,277,68,6,74,351
09/21/2021,TUS,AZ,AWP,CE,Towers with Radar,84,31,33,31,179,0,18,77,16,111,84,49,110,47,290,52,10,62,352
09/22/2021,TUS,AZ,AWP,CE,Towers with Radar,88,18,32,27,165,0,16,73,4,93,88,34,105,31,258,102,4,106,364
09/23/2021,TUS,AZ,AWP,CE,Towers with Radar,89,38,37,31,195,0,22,41,7,70,89,60,78,38,265,46,4,50,315
09/24/2021,TUS,AZ,AWP,CE,Towers with Radar,93,29,34,23,179,0,6,51,15,72,93,35,85,38,251,56,12,68,319
09/25/2021,TUS,AZ,AWP,CE,Towers with Radar,76,30,31,0,137,0,15,70,2,87,76,45,101,2,224,74,0,74,298
09/26/2021,TUS,AZ,AWP,CE,Towers with Radar,83,17,26,1,127,0,3,32,6,41,83,20,58,7,168,44,0,44,212
09/27/2021,TUS,AZ,AWP,CE,Towers with Radar,86,43,50,25,204,0,10,53,21,84,86,53,103,46,288,45,12,57,345
09/28/2021,TUS,AZ,AWP,CE,Towers with Radar,81,28,35,24,168,0,10,64,22,96,81,38,99,46,264,44,0,44,308
09/29/2021,TUS,AZ,AWP,CE,Towers with Radar,84,37,47,33,201,0,9,48,20,77,84,46,95,53,278,80,20,100,378
09/30/2021,TUS,AZ,AWP,CE,Towers with Radar,96,38,39,31,204,0,10,74,18,102,96,48,113,49,306,12,22,34,340
10/01/2021,TUS,AZ,AWP,CE,Towers with Radar,89,45,55,47,236,0,8,93,27,128,89,53,148,74,364,46,12,58,422
10/02/2021,TUS,AZ,AWP,CE,Towers with Radar,82,26,32,20,160,0,18,92,16,126,82,44,124,36,286,67,6,73,359
10/03/2021,TUS,AZ,AWP,CE,Towers with Radar,84,32,45,10,171,0,5,62,12,79,84,37,107,22,250,27,2,29,279
10/04/2021,TUS,AZ,AWP,CE,Towers with Radar,84,27,43,12,166,0,5,83,15,103,84,32,126,27,269,44,4,48,317
10/05/2021,TUS,AZ,AWP,CE,Towers with Radar,89,29,39,33,190,0,12,51,26,89,89,41,90,59,279,114,24,138,417
10/06/2021,TUS,AZ,AWP,CE,Towers with Radar,82,48,44,42,216,0,16,99,26,141,82,64,143,68,357,96,36,132,489
10/07/2021,TUS,AZ,AWP,CE,Towers with Radar,89,34,66,42,231,0,14,102,23,139,89,48,168,65,370,86,22,108,478
10/08/2021,TUS,AZ,AWP,CE,Towers with Radar,94,41,49,58,242,0,24,82,27,133,94,65,131,85,375,50,30,80,455
10/09/2021,TUS,AZ,AWP,CE,Towers with Radar,85,26,25,2,138,0,12,100,0,112,85,38,125,2,250,74,0,74,324
10/10/2021,TUS,AZ,AWP,CE,Towers with Radar,80,47,40,2,169,0,12,73,1,86,80,59,113,3,255,40,0,40,295
10/11/2021,TUS,AZ,AWP,CE,Towers with Radar,83,44,45,4,176,0,2,52,4,58,83,46,97,8,234,40,0,40,274
10/12/2021,TUS,AZ,AWP,CE,Towers with Radar,82,20,45,45,192,0,11,43,27,81,82,31,88,72,273,30,10,40,313
10/13/2021,TUS,AZ,AWP,CE,Towers with Radar,91,31,33,41,196,0,10,93,13,116,91,41,126,54,312,54,26,80,392
10/14/2021,TUS,AZ,AWP,CE,Towers with Radar,89,35,44,28,196,0,13,73,42,128,89,48,117,70,324,12,12,24,348
10/15/2021,TUS,AZ,AWP,CE,Towers with Radar,95,40,35,37,207,0,24,76,17,117,95,64,111,54,324,38,26,64,388
10/16/2021,TUS,AZ,AWP,CE,Towers with Radar,92,24,23,0,139,0,10,57,6,73,92,34,80,6,212,18,0,18,230
10/17/2021,TUS,AZ,AWP,CE,Towers with Radar,90,44,60,6,200,0,4,74,5,83,90,48,134,11,283,20,0,20,303
10/18/2021,TUS,AZ,AWP,CE,Towers with Radar,88,31,35,4,158,0,12,64,13,89,88,43,99,17,247,84,0,84,331
10/19/2021,TUS,AZ,AWP,CE,Towers with Radar,86,31,53,32,202,0,18,72,15,105,86,49,125,47,307,86,8,94,401
10/20/2021,TUS,AZ,AWP,CE,Towers with Radar,91,25,55,50,221,0,6,92,32,130,91,31,147,82,351,144,26,170,521
10/21/2021,TUS,AZ,AWP,CE,Towers with Radar,79,32,59,42,212,0,10,66,22,98,79,42,125,64,310,134,24,158,468
10/22/2021,TUS,AZ,AWP,CE,Towers with Radar,83,50,60,36,229,0,15,85,32,132,83,65,145,68,361,104,24,128,489
10/23/2021,TUS,AZ,AWP,CE,Towers with Radar,84,32,54,1,171,0,21,111,5,137,84,53,165,6,308,50,0,50,358
10/24/2021,TUS,AZ,AWP,CE,Towers with Radar,90,32,43,1,166,0,16,67,4,87,90,48,110,5,253,54,0,54,307
10/25/2021,TUS,AZ,AWP,CE,Towers with Radar,86,35,41,48,210,0,15,71,21,107,86,50,112,69,317,24,28,52,369
10/26/2021,TUS,AZ,AWP,CE,Towers with Radar,86,30,33,39,188,0,10,64,23,97,86,40,97,62,285,42,20,62,347
10/27/2021,TUS,AZ,AWP,CE,Towers with Radar,90,55,40,39,224,0,17,72,19,108,90,72,112,58,332,56,30,86,418
10/28/2021,TUS,AZ,AWP,CE,Towers with Radar,91,40,50,34,215,0,16,97,26,139,91,56,147,60,354,102,22,124,478
10/29/2021,TUS,AZ,AWP,CE,Towers with Radar,91,44,43,11,189,0,22,84,6,112,91,66,127,17,301,52,6,58,359
10/30/2021,TUS,AZ,AWP,CE,Towers with Radar,69,32,38,2,141,0,31,76,5,112,69,63,114,7,253,46,0,46,299
10/31/2021,TUS,AZ,AWP,CE,Towers with Radar,69,38,34,0,141,0,12,78,5,95,69,50,112,5,236,44,0,44,280
11/01/2021,TUS,AZ,AWP,CE,Towers with Radar,80,40,56,35,211,0,14,52,21,87,80,54,108,56,298,10,14,24,322
11/02/2021,TUS,AZ,AWP,CE,Towers with Radar,84,26,43,46,199,0,13,82,35,130,84,39,125,81,329,84,32,116,445
11/03/2021,TUS,AZ,AWP,CE,Towers with Radar,86,43,48,38,215,0,22,79,30,131,86,65,127,68,346,32,10,42,388
11/04/2021,TUS,AZ,AWP,CE,Towers with Radar,88,38,72,37,235,0,11,83,29,123,88,49,155,66,358,62,10,72,430
11/05/2021,TUS,AZ,AWP,CE,Towers with Radar,96,40,51,27,214,0,20,120,25,165,96,60,171,52,379,16,4,20,399
11/06/2021,TUS,AZ,AWP,CE,Towers with Radar,91,34,42,7,174,0,17,116,12,145,91,51,158,19,319,28,0,28,347
11/07/2021,TUS,AZ,AWP,CE,Towers with Radar,88,32,62,15,197,0,4,67,13,84,88,36,129,28,281,34,12,46,327
11/08/2021,TUS,AZ,AWP,CE,Towers with Radar,110,44,53,28,235,0,7,82,26,115,110,51,135,54,350,42,10,52,402
11/09/2021,TUS,AZ,AWP,CE,Towers with Radar,85,57,53,46,241,0,8,90,34,132,85,65,143,80,373,64,18,82,455
11/10/2021,TUS,AZ,AWP,CE,Towers with Radar,87,42,57,49,235,0,7,66,24,97,87,49,123,73,332,20,32,52,384
11/11/2021,TUS,AZ,AWP,CE,Towers with Radar,95,45,77,12,229,0,15,87,5,107,95,60,164,17,336,50,0,50,386
11/12/2021,TUS,AZ,AWP,CE,Towers with Radar,104,37,62,0,203,0,8,115,2,125,104,45,177,2,328,36,0,36,364
11/13/2021,TUS,AZ,AWP,CE,Towers with Radar,90,20,49,3,162,0,6,165,5,176,90,26,214,8,338,0,0,0,338
11/14/2021,TUS,AZ,AWP,CE,Towers with Radar,84,28,52,4,168,0,12,80,4,96,84,40,132,8,264,38,0,38,302
11/15/2021,TUS,AZ,AWP,CE,Towers with Radar,97,49,39,43,228,0,19,58,19,96,97,68,97,62,324,58,28,86,410
11/16/2021,TUS,AZ,AWP,CE,Towers with Radar,84,37,50,54,225,0,8,80,34,122,84,45,130,88,347,68,34,102,449
11/17/2021,TUS,AZ,AWP,CE,Towers with Radar,86,33,76,41,236,0,15,60,14,89,86,48,136,55,325,42,24,66,391
11/18/2021,TUS,AZ,AWP,CE,Towers with Radar,97,28,96,43,264,0,18,46,31,95,97,46,142,74,359,42,26,68,427
11/19/2021,TUS,AZ,AWP,CE,Towers with Radar,99,31,71,15,216,0,19,99,10,128,99,50,170,25,344,20,0,20,364
11/20/2021,TUS,AZ,AWP,CE,Towers with Radar,86,37,57,3,183,0,10,109,2,121,86,47,166,5,304,14,0,14,318
11/21/2021,TUS,AZ,AWP,CE,Towers with Radar,87,47,109,8,251,0,16,71,4,91,87,63,180,12,342,54,0,54,396
11/22/2021,TUS,AZ,AWP,CE,Towers with Radar,95,37,56,51,239,0,14,41,29,84,95,51,97,80,323,33,28,61,384
11/23/2021,TUS,AZ,AWP,CE,Towers with Radar,96,39,43,31,209,0,22,67,32,121,96,61,110,63,330,36,34,70,400
11/24/2021,TUS,AZ,AWP,CE,Towers with Radar,100,28,57,27,212,0,31,59,26,116,100,59,116,53,328,26,12,38,366
11/25/2021,TUS,AZ,AWP,CE,Towers with Radar,67,19,7,0,93,0,8,21,2,31,67,27,28,2,124,6,0,6,130
11/26/2021,TUS,AZ,AWP,CE,Towers with Radar,79,28,19,0,126,0,9,47,6,62,79,37,66,6,188,30,0,30,218
11/27/2021,TUS,AZ,AWP,CE,Towers with Radar,89,26,40,0,155,0,14,64,3,81,89,40,104,3,236,8,0,8,244
11/28/2021,TUS,AZ,AWP,CE,Towers with Radar,101,52,79,0,232,0,31,64,4,99,101,83,143,4,331,26,0,26,357
11/29/2021,TUS,AZ,AWP,CE,Towers with Radar,98,24,37,35,194,0,12,67,19,98,98,36,104,54,292,30,34,64,356
11/30/2021,TUS,AZ,AWP,CE,Towers with Radar,94,30,43,33,200,0,14,70,20,104,94,44,113,53,304,28,10,38,342
12/01/2021,TUS,AZ,AWP,CE,Towers with Radar,89,58,49,23,219,0,12,60,10,82,89,70,109,33,301,4,22,26,327
12/02/2021,TUS,AZ,AWP,CE,Towers with Radar,92,40,54,42,228,0,28,64,13,105,92,68,118,55,333,44,10,54,387
12/03/2021,TUS,AZ,AWP,CE,Towers with Radar,101,41,52,40,234,0,18,91,23,132,101,59,143,63,366,34,14,48,414
12/04/2021,TUS,AZ,AWP,CE,Towers with Radar,87,30,44,38,199,0,16,125,14,155,87,46,169,52,354,42,6,48,402
12/05/2021,TUS,AZ,AWP,CE,Towers with Radar,100,31,53,28,212,0,15,73,11,99,100,46,126,39,311,16,18,34,345
12/06/2021,TUS,AZ,AWP,CE,Towers with Radar,93,34,56,17,200,0,19,69,12,100,93,53,125,29,300,181,4,185,485
12/07/2021,TUS,AZ,AWP,CE,Towers with Radar,85,34,77,44,240,0,10,55,21,86,85,44,132,65,326,98,12,110,436
12/08/2021,TUS,AZ,AWP,CE,Towers with Radar,91,44,58,40,233,0,28,58,14,100,91,72,116,54,333,221,30,251,584
12/09/2021,TUS,AZ,AWP,CE,Towers with Radar,103,57,45,41,246,0,4,49,24,77,103,61,94,65,323,28,18,46,369
12/10/2021,TUS,AZ,AWP,CE,Towers with Radar,96,40,57,40,233,0,6,81,17,104,96,46,138,57,337,26,30,56,393
12/11/2021,TUS,AZ,AWP,CE,Towers with Radar,88,41,25,28,182,0,20,132,8,160,88,61,157,36,342,50,0,50,392
12/12/2021,TUS,AZ,AWP,CE,Towers with Radar,98,34,48,1,181,0,15,62,5,82,98,49,110,6,263,63,0,63,326
12/13/2021,TUS,AZ,AWP,CE,Towers with Radar,95,37,42,41,215,0,20,27,14,61,95,57,69,55,276,12,26,38,314
12/14/2021,TUS,AZ,AWP,CE,Towers with Radar,86,35,34,32,187,0,5,45,11,61,86,40,79,43,248,44,8,52,300
12/15/2021,TUS,AZ,AWP,CE,Towers with Radar,88,39,38,44,209,0,2,43,4,49,88,41,81,48,258,34,2,36,294
12/16/2021,TUS,AZ,AWP,CE,Towers with Radar,99,28,56,34,217,0,5,72,14,91,99,33,128,48,308,104,14,118,426
12/17/2021,TUS,AZ,AWP,CE,Towers with Radar,102,36,59,33,230,0,10,105,17,132,102,46,164,50,362,56,28,84,446
12/18/2021,TUS,AZ,AWP,CE,Towers with Radar,88,31,48,0,167,0,11,59,5,75,88,42,107,5,242,2,0,2,244
12/19/2021,TUS,AZ,AWP,CE,Towers with Radar,95,46,45,0,186,0,25,72,2,99,95,71,117,2,285,8,0,8,293
12/20/2021,TUS,AZ,AWP,CE,Towers with Radar,99,37,50,32,218,0,30,51,16,97,99,67,101,48,315,12,12,24,339
12/21/2021,TUS,AZ,AWP,CE,Towers with Radar,98,34,54,29,215,0,14,52,23,89,98,48,106,52,304,44,22,66,370
12/22/2021,TUS,AZ,AWP,CE,Towers with Radar,95,34,69,18,216,0,13,67,12,92,95,47,136,30,308,74,6,80,388
12/23/2021,TUS,AZ,AWP,CE,Towers with Radar,99,35,33,0,167,0,11,40,5,56,99,46,73,5,223,10,0,10,233
12/24/2021,TUS,AZ,AWP,CE,Towers with Radar,75,27,10,0,112,0,6,19,0,25,75,33,29,0,137,8,0,8,145
12/25/2021,TUS,AZ,AWP,CE,Towers with Radar,71,31,22,0,124,0,10,32,1,43,71,41,54,1,167,10,0,10,177
12/26/2021,TUS,AZ,AWP,CE,Towers with Radar,81,28,37,0,146,0,18,42,2,62,81,46,79,2,208,44,0,44,252
12/27/2021,TUS,AZ,AWP,CE,Towers with Radar,71,35,43,13,162,0,6,43,16,65,71,41,86,29,227,0,10,10,237
12/28/2021,TUS,AZ,AWP,CE,Towers with Radar,87,35,42,27,191,0,7,43,16,66,87,42,85,43,257,8,16,24,281
12/29/2021,TUS,AZ,AWP,CE,Towers with Radar,91,39,57,22,209,0,3,36,2,41,91,42,93,24,250,2,2,4,254
12/30/2021,TUS,AZ,AWP,CE,Towers with Radar,90,29,46,14,179,0,4,32,4,40,90,33,78,18,219,18,6,24,243
12/31/2021,TUS,AZ,AWP,CE,Towers with Radar,80,33,20,0,133,0,2,15,0,17,80,35,35,0,150,14,0,14,164
01/01/2022,TUS,AZ,AWP,CE,Towers with Radar,66,23,42,0,131,0,4,27,2,33,66,27,69,2,164,6,0,6,170
01/02/2022,TUS,AZ,AWP,CE,Towers with Radar,80,28,58,0,166,0,10,49,2,61,80,38,107,2,227,14,0,14,241
01/03/2022,TUS,AZ,AWP,CE,Towers with Radar,80,33,60,26,199,0,15,65,17,97,80,48,125,43,296,38,14,52,348
01/04/2022,TUS,AZ,AWP,CE,Towers with Radar,82,37,34,35,188,0,13,62,28,103,82,50,96,63,291,60,20,80,371
01/05/2022,TUS,AZ,AWP,CE,Towers with Radar,81,27,45,55,208,0,20,68,18,106,81,47,113,73,314,112,36,148,462
01/06/2022,TUS,AZ,AWP,CE,Towers with Radar,80,40,50,37,207,0,22,70,21,113,80,62,120,58,320,104,28,132,452
01/07/2022,TUS,AZ,AWP,CE,Towers with Radar,79,33,45,54,211,0,28,63,23,114,79,61,108,77,325,76,22,98,423
01/08/2022,TUS,AZ,AWP,CE,Towers with Radar,75,24,29,24,152,0,17,58,25,100,75,41,87,49,252,28,18,46,298
01/09/2022,TUS,AZ,AWP,CE,Towers with Radar,86,41,57,10,194,0,4,65,6,75,86,45,122,16,269,42,0,42,311
01/10/2022,TUS,AZ,AWP,CE,Towers with Radar,83,39,35,11,168,0,11,47,5,63,83,50,82,16,231,8,2,10,241
01/11/2022,TUS,AZ,AWP,CE,Towers with Radar,84,46,39,49,218,0,15,47,17,79,84,61,86,66,297,72,8,80,377
01/12/2022,TUS,AZ,AWP,CE,Towers with Radar,70,45,43,39,197,0,28,68,25,121,70,73,111,64,318,30,18,48,366
01/13/2022,TUS,AZ,AWP,CE,Towers with Radar,86,35,60,37,218,0,16,88,21,125,86,51,148,58,343,82,14,96,439
01/14/2022,TUS,AZ,AWP,CE,Towers with Radar,90,33,65,32,220,0,8,72,19,99,90,41,137,51,319,68,28,96,415
01/15/2022,TUS,AZ,AWP,CE,Towers with Radar,75,29,36,3,143,0,11,139,3,153,75,40,175,6,296,40,0,40,336
01/16/2022,TUS,AZ,AWP,CE,Towers with Radar,89,33,27,1,150,0,9,78,2,89,89,42,105,3,239,6,0,6,245
01/17/2022,TUS,AZ,AWP,CE,Towers with Radar,86,45,54,8,193,0,5,69,4,78,86,50,123,12,271,101,0,101,372
01/18/2022,TUS,AZ,AWP,CE,Towers with Radar,93,34,66,32,225,0,9,44,20,73,93,43,110,52,298,24,34,58,356
01/19/2022,TUS,AZ,AWP,CE,Towers with Radar,89,40,37,28,194,0,7,73,13,93,89,47,110,41,287,70,30,100,387
01/20/2022,TUS,AZ,AWP,CE,Towers with Radar,98,32,36,33,199,0,7,80,29,116,98,39,116,62,315,136,18,154,469
01/21/2022,TUS,AZ,AWP,CE,Towers with Radar,101,37,42,41,221,0,15,110,21,146,101,52,152,62,367,72,20,92,459
01/22/2022,TUS,AZ,AWP,CE,Towers with Radar,87,27,32,5,151,0,21,112,3,136,87,48,144,8,287,16,0,16,303
01/23/2022,TUS,AZ,AWP,CE,Towers with Radar,89,32,45,1,167,0,7,63,4,74,89,39,108,5,241,30,0,30,271
01/24/2022,TUS,AZ,AWP,CE,Towers with Radar,95,35,60,14,204,0,15,79,3,97,95,50,139,17,301,70,0,70,371
01/25/2022,TUS,AZ,AWP,CE,Towers with Radar,91,31,34,23,179,0,9,18,9,36,91,40,52,32,215,76,2,78,293
01/26/2022,TUS,AZ,AWP,CE,Towers with Radar,91,43,70,35,239,0,13,86,25,124,91,56,156,60,363,116,44,160,523
01/27/2022,TUS,AZ,AWP,CE,Towers with Radar,97,41,55,37,230,0,10,63,26,99,97,51,118,63,329,114,50,164,493
01/28/2022,TUS,AZ,AWP,CE,Towers with Radar,99,60,34,36,229,0,15,45,13,73,99,75,79,49,302,2,18,20,322
01/29/2022,TUS,AZ,AWP,CE,Towers with Radar,86,43,62,8,199,0,7,103,5,115,86,50,165,13,314,16,0,16,330
01/30/2022,TUS,AZ,AWP,CE,Towers with Radar,93,47,63,0,203,0,13,86,2,101,93,60,149,2,304,66,0,66,370
01/31/2022,TUS,AZ,AWP,CE,Towers with Radar,96,33,48,33,210,0,10,79,12,101,96,43,127,45,311,92,14,106,417
02/01/2022,TUS,AZ,AWP,CE,Towers with Radar,94,39,55,50,238,0,20,80,33,133,94,59,135,83,371,48,32,80,451
02/02/2022,TUS,AZ,AWP,CE,Towers with Radar,96,36,35,117,284,0,14,64,34,112,96,50,99,151,396,40,64,104,500
02/03/2022,TUS,AZ,AWP,CE,Towers with Radar,77,50,53,29,209,0,13,82,18,113,77,63,135,47,322,104,14,118,440
02/04/2022,TUS,AZ,AWP,CE,Towers with Radar,91,59,56,51,257,0,19,65,31,115,91,78,121,82,372,26,36,62,434
02/05/2022,TUS,AZ,AWP,CE,Towers with Radar,78,53,54,31,216,0,30,104,24,158,78,83,158,55,374,58,12,70,444
02/06/2022,TUS,AZ,AWP,CE,Towers with Radar,89,42,41,26,198,0,14,101,14,129,89,56,142,40,327,100,10,110,437
02/07/2022,TUS,AZ,AWP,CE,Towers with Radar,97,34,69,7,207,0,14,42,11,67,97,48,111,18,274,112,0,112,386
02/08/2022,TUS,AZ,AWP,CE,Towers with Radar,94,50,43,45,232,0,17,81,25,123,94,67,124,70,355,130,38,168,523
02/09/2022,TUS,AZ,AWP,CE,Towers with Radar,96,42,44,62,244,0,20,85,29,134,96,62,129,91,378,182,36,218,596
02/10/2022,TUS,AZ,AWP,CE,Towers with Radar,99,43,67,50,259,0,12,84,38,134,99,55,151,88,393,178,24,202,595
02/11/2022,TUS,AZ,AWP,CE,Towers with Radar,94,42,63,49,248,0,18,82,24,124,94,60,145,73,372,116,22,138,510
02/12/2022,TUS,AZ,AWP,CE,Towers with Radar,78,32,38,2,150,0,19,76,8,103,78,51,114,10,253,80,0,80,333
02/13/2022,TUS,AZ,AWP,CE,Towers with Radar,91,24,44,18,177,0,14,50,8,72,91,38,94,26,249,66,0,66,315
02/14/2022,TUS,AZ,AWP,CE,Towers with Radar,97,32,49,42,220,0,10,71,20,101,97,42,120,62,321,104,56,160,481
02/15/2022,TUS,AZ,AWP,CE,Towers with Radar,89,23,35,18,165,0,9,45,8,62,89,32,80,26,227,94,24,118,345
02/16/2022,TUS,AZ,AWP,CE,Towers with Radar,96,34,45,61,236,0,7,35,14,56,96,41,80,75,292,134,18,152,444
02/17/2022,TUS,AZ,AWP,CE,Towers with Radar,91,44,52,57,244,0,17,71,21,109,91,61,123,78,353,124,14,138,491
02/18/2022,TUS,AZ,AWP,CE,Towers with Radar,102,48,55,37,242,0,12,129,17,158,102,60,184,54,400,108,10,118,518
02/19/2022,TUS,AZ,AWP,CE,Towers with Radar,78,49,30,1,158,0,15,145,5,165,78,64,175,6,323,66,0,66,389
02/20/2022,TUS,AZ,AWP,CE,Towers with Radar,86,44,43,2,175,0,16,71,8,95,86,60,114,10,270,34,0,34,304
02/21/2022,TUS,AZ,AWP,CE,Towers with Radar,91,26,60,14,191,0,13,41,2,56,91,39,101,16,247,28,0,28,275
02/22/2022,TUS,AZ,AWP,CE,Towers with Radar,95,29,35,29,188,0,11,62,11,84,95,40,97,40,272,52,8,60,332
02/23/2022,TUS,AZ,AWP,CE,Towers with Radar,89,35,33,20,177,0,3,15,12,30,89,38,48,32,207,2,18,20,227
02/24/2022,TUS,AZ,AWP,CE,Towers with Radar,87,40,53,34,214,0,9,96,22,127,87,49,149,56,341,172,10,182,523
02/25/2022,TUS,AZ,AWP,CE,Towers with Radar,97,40,48,33,218,0,19,69,6,94,97,59,117,39,312,98,0,98,410
02/26/2022,TUS,AZ,AWP,CE,Towers with Radar,85,28,55,12,180,0,11,91,9,111,85,39,146,21,291,64,0,64,355
02/27/2022,TUS,AZ,AWP,CE,Towers with Radar,94,35,49,14,192,0,17,90,11,118,94,52,139,25,310,24,0,24,334
02/28/2022,TUS,AZ,AWP,CE,Towers with Radar,95,36,40,38,209,0,10,58,11,79,95,46,98,49,288,76,8,84,372
03/01/2022,TUS,AZ,AWP,CE,Towers with Radar,95,43,53,46,237,0,16,82,25,123,95,59,135,71,360,107,32,139,499
03/02/2022,TUS,AZ,AWP,CE,Towers with Radar,103,38,52,29,222,0,18,67,18,103,103,56,119,47,325,88,28,116,441
03/03/2022,TUS,AZ,AWP,CE,Towers with Radar,99,42,50,44,235,0,13,59,19,91,99,55,109,63,326,12,16,28,354
03/04/2022,TUS,AZ,AWP,CE,Towers with Radar,111,42,54,50,257,0,5,43,18,66,111,47,97,68,323,12,6,18,341
03/05/2022,TUS,AZ,AWP,CE,Towers with Radar,84,63,41,23,211,0,25,74,24,123,84,88,115,47,334,20,0,20,354
03/06/2022,TUS,AZ,AWP,CE,Towers with Radar,95,47,58,19,219,0,15,74,21,110,95,62,132,40,329,44,0,44,373
03/07/2022,TUS,AZ,AWP,CE,Towers with Radar,99,34,64,9,206,0,21,84,7,112,99,55,148,16,318,72,0,72,390
03/08/2022,TUS,AZ,AWP,CE,Towers with Radar,101,32,48,36,217,0,15,143,23,181,101,47,191,59,398,56,18,74,472
03/09/2022,TUS,AZ,AWP,CE,Towers with Radar,91,39,63,44,237,0,20,67,25,112,91,59,130,69,349,86,10,96,445
03/10/2022,TUS,AZ,AWP,CE,Towers with Radar,100,37,43,46,226,0,10,49,26,85,100,47,92,72,311,18,12,30,341
03/11/2022,TUS,AZ,AWP,CE,Towers with Radar,110,55,53,54,272,0,15,75,25,115,110,70,128,79,387,86,20,106,493
03/12/2022,TUS,AZ,AWP,CE,Towers with Radar,95,31,46,5,177,0,17,79,2,98,95,48,125,7,275,40,0,40,315
03/13/2022,TUS,AZ,AWP,CE,Towers with Radar,103,32,57,9,201,0,13,102,8,123,103,45,159,17,324,92,0,92,416
03/14/2022,TUS,AZ,AWP,CE,Towers with Radar,98,46,58,48,250,0,26,82,19,127,98,72,140,67,377,40,18,58,435
03/15/2022,TUS,AZ,AWP,CE,Towers with Radar,93,44,56,37,230,0,23,97,22,142,93,67,153,59,372,96,6,102,474
03/16/2022,TUS,AZ,AWP,CE,Towers with Radar,102,49,58,39,248,0,19,56,18,93,102,68,114,57,341,36,14,50,391
03/17/2022,TUS,AZ,AWP,CE,Towers with Radar,104,30,37,34,205,0,17,88,28,133,104,47,125,62,338,80,18,98,436
03/18/2022,TUS,AZ,AWP,CE,Towers with Radar,104,33,42,13,192,0,22,91,17,130,104,55,133,30,322,30,8,38,360
03/19/2022,TUS,AZ,AWP,CE,Towers with Radar,95,28,46,0,169,0,9,94,3,106,95,37,140,3,275,50,0,50,325
03/20/2022,TUS,AZ,AWP,CE,Towers with Radar,100,36,59,1,196,0,3,65,6,74,100,39,124,7,270,32,0,32,302
03/21/2022,TUS,AZ,AWP,CE,Towers with Radar,98,37,45,1,181,0,8,70,6,84,98,45,115,7,265,50,0,50,315
03/22/2022,TUS,AZ,AWP,CE,Towers with Radar,103,54,44,43,244,0,7,69,30,106,103,61,113,73,350,40,22,62,412
03/23/2022,TUS,AZ,AWP,CE,Towers with Radar,100,30,44,35,209,0,6,71,11,88,100,36,115,46,297,34,22,56,353
03/24/2022,TUS,AZ,AWP,CE,Towers with Radar,103,36,52,43,234,0,13,101,19,133,103,49,153,62,367,16,20,36,403
03/25/2022,TUS,AZ,AWP,CE,Towers with Radar,106,36,48,33,223,0,13,64,29,106,106,49,112,62,329,38,10,48,377
03/26/2022,TUS,AZ,AWP,CE,Towers with Radar,98,33,32,1,164,0,11,154,4,169,98,44,186,5,333,68,0,68,401
03/27/2022,TUS,AZ,AWP,CE,Towers with Radar,93,34,58,2,187,0,12,91,10,113,93,46,149,12,300,58,0,58,358
03/28/2022,TUS,AZ,AWP,CE,Towers with Radar,106,43,43,28,220,0,7,41,20,68,106,50,84,48,288,18,4,22,310
03/29/2022,TUS,AZ,AWP,CE,Towers with Radar,93,33,33,35,194,0,2,21,19,42,93,35,54,54,236,2,14,16,252
03/30/2022,TUS,AZ,AWP,CE,Towers with Radar,95,37,52,43,227,0,12,72,24,108,95,49,124,67,335,64,4,68,403
03/31/2022,TUS,AZ,AWP,CE,Towers with Radar,105,30,44,33,212,0,20,74,23,117,105,50,118,56,329,52,14,66,395
04/01/2022,TUS,AZ,AWP,CE,Towers with Radar,107,32,35,31,205,0,11,81,14,106,107,43,116,45,311,106,10,116,427
04/02/2022,TUS,AZ,AWP,CE,Towers with Radar,96,27,41,2,166,0,14,128,12,154,96,41,169,14,320,40,2,42,362
04/03/2022,TUS,AZ,AWP,CE,Towers with Radar,92,23,37,1,153,0,14,88,6,108,92,37,125,7,261,82,0,82,343
04/04/2022,TUS,AZ,AWP,CE,Towers with Radar,97,30,56,6,189,0,11,72,10,93,97,41,128,16,282,210,0,210,492
04/05/2022,TUS,AZ,AWP,CE,Towers with Radar,93,40,74,32,239,0,30,75,15,120,93,70,149,47,359,74,0,74,433
04/06/2022,TUS,AZ,AWP,CE,Towers with Radar,93,41,79,48,261,0,15,76,20,111,93,56,155,68,372,44,24,68,440
04/07/2022,TUS,AZ,AWP,CE,Towers with Radar,96,44,46,47,233,0,8,84,34,126,96,52,130,81,359,136,30,166,525
04/08/2022,TUS,AZ,AWP,CE,Towers with Radar,92,35,46,37,210,0,9,102,13,124,92,44,148,50,334,64,10,74,408
04/09/2022,TUS,AZ,AWP,CE,Towers with Radar,81,36,35,7,159,0,15,120,5,140,81,51,155,12,299,64,0,64,363
04/10/2022,TUS,AZ,AWP,CE,Towers with Radar,95,43,50,5,193,0,16,62,3,81,95,59,112,8,274,12,2,14,288
04/11/2022,TUS,AZ,AWP,CE,Towers with Radar,104,42,59,33,238,0,13,51,17,81,104,55,110,50,319,24,38,62,381
04/12/2022,TUS,AZ,AWP,CE,Towers with Radar,89,35,27,30,181,0,5,34,29,68,89,40,61,59,249,8,42,50,299
04/13/2022,TUS,AZ,AWP,CE,Towers with Radar,92,55,61,36,244,0,28,105,18,151,92,83,166,54,395,130,46,176,571
04/14/2022,TUS,AZ,AWP,CE,Towers with Radar,94,34,77,28,233,1,14,100,30,145,95,48,177,58,378,118,85,203,581
04/15/2022,TUS,AZ,AWP,CE,Towers with Radar,94,25,40,1,160,0,17,95,5,117,94,42,135,6,277,134,0,134,411
04/16/2022,TUS,AZ,AWP,CE,Towers with Radar,79,28,48,12,167,0,11,82,5,98,79,39,130,17,265,92,2,94,359
04/17/2022,TUS,AZ,AWP,CE,Towers with Radar,88,40,32,2,162,0,8,59,7,74,88,48,91,9,236,60,0,60,296
04/18/2022,TUS,AZ,AWP,CE,Towers with Radar,94,28,56,49,227,0,15,65,26,106,94,43,121,75,333,52,58,110,443
04/19/2022,TUS,AZ,AWP,CE,Towers with Radar,93,25,36,42,196,0,13,54,20,87,93,38,90,62,283,58,72,130,413
04/20/2022,TUS,AZ,AWP,CE,Towers with Radar,95,27,59,52,233,0,21,62,11,94,95,48,121,63,327,20,70,90,417
04/21/2022,TUS,AZ,AWP,CE,Towers with Radar,99,41,61,42,243,0,10,80,16,106,99,51,141,58,349,60,64,124,473
04/22/2022,TUS,AZ,AWP,CE,Towers with Radar,93,32,48,40,213,0,13,37,27,77,93,45,85,67,290,2,43,45,335
04/23/2022,TUS,AZ,AWP,CE,Towers with Radar,80,30,42,1,153,0,18,141,6,165,80,48,183,7,318,86,0,86,404
04/24/2022,TUS,AZ,AWP,CE,Towers with Radar,88,40,40,14,182,0,13,78,6,97,88,53,118,20,279,78,8,86,365
04/25/2022,TUS,AZ,AWP,CE,Towers with Radar,91,46,63,67,267,0,18,50,38,106,91,64,113,105,373,68,62,130,503
04/26/2022,TUS,AZ,AWP,CE,Towers with Radar,92,33,41,52,218,0,18,54,31,103,92,51,95,83,321,30,40,70,391
04/27/2022,TUS,AZ,AWP,CE,Towers with Radar,94,32,42,57,225,0,14,53,17,84,94,46,95,74,309,36,84,120,429
04/28/2022,TUS,AZ,AWP,CE,Towers with Radar,101,38,40,34,213,0,11,75,31,117,101,49,115,65,330,48,60,108,438
04/29/2022,TUS,AZ,AWP,CE,Towers with Radar,98,42,29,17,186,0,12,72,18,102,98,54,101,35,288,50,0,50,338
04/30/2022,TUS,AZ,AWP,CE,Towers with Radar,84,22,35,0,141,0,12,84,5,101,84,34,119,5,242,54,0,54,296
05/01/2022,TUS,AZ,AWP,CE,Towers with Radar,95,34,47,8,184,0,16,67,4,87,95,50,114,12,271,20,0,20,291
05/02/2022,TUS,AZ,AWP,CE,Towers with Radar,92,30,48,35,205,0,14,53,15,82,92,44,101,50,287,52,65,117,404
05/03/2022,TUS,AZ,AWP,CE,Towers with Radar,95,22,46,47,210,0,32,64,25,121,95,54,110,72,331,50,57,107,438
05/04/2022,TUS,AZ,AWP,CE,Towers with Radar,100,31,48,36,215,0,16,77,28,121,100,47,125,64,336,37,89,126,462
05/05/2022,TUS,AZ,AWP,CE,Towers with Radar,96,39,50,31,216,0,15,58,18,91,96,54,108,49,307,40,54,94,401
05/06/2022,TUS,AZ,AWP,CE,Towers with Radar,89,31,61,29,210,0,28,75,16,119,89,59,136,45,329,32,67,99,428
05/07/2022,TUS,AZ,AWP,CE,Towers with Radar,76,35,28,1,140,0,19,111,6,136,76,54,139,7,276,74,8,82,358
05/08/2022,TUS,AZ,AWP,CE,Towers with Radar,80,26,33,7,146,0,12,54,5,71,80,38,87,12,217,0,0,0,217
05/09/2022,TUS,AZ,AWP,CE,Towers with Radar,88,38,34,24,184,0,19,54,25,98,88,57,88,49,282,42,76,118,400
05/10/2022,TUS,AZ,AWP,CE,Towers with Radar,93,34,45,32,204,0,11,52,17,80,93,45,97,49,284,78,57,135,419
05/11/2022,TUS,AZ,AWP,CE,Towers with Radar,89,46,42,33,210,0,19,74,16,109,89,65,116,49,319,104,69,173,492
05/12/2022,TUS,AZ,AWP,CE,Towers with Radar,89,37,50,34,210,1,8,70,27,106,90,45,120,61,316,74,62,136,452
05/13/2022,TUS,AZ,AWP,CE,Towers with Radar,96,27,59,31,213,0,22,90,23,135,96,49,149,54,348,88,61,149,497
05/14/2022,TUS,AZ,AWP,CE,Towers with Radar,74,40,36,17,167,0,13,60,12,85,74,53,96,29,252,42,54,96,348
05/15/2022,TUS,AZ,AWP,CE,Towers with Radar,87,38,50,28,203,0,4,81,11,96,87,42,131,39,299,5,23,28,327
05/16/2022,TUS,AZ,AWP,CE,Towers with Radar,87,37,41,15,180,0,9,81,15,105,87,46,122,30,285,28,8,36,321
05/17/2022,TUS,AZ,AWP,CE,Towers with Radar,91,41,23,43,198,0,6,98,37,141,91,47,121,80,339,22,74,96,435
05/18/2022,TUS,AZ,AWP,CE,Towers with Radar,84,41,60,49,234,0,15,75,29,119,84,56,135,78,353,78,80,158,511
05/19/2022,TUS,AZ,AWP,CE,Towers with Radar,85,36,44,45,210,0,14,62,17,93,85,50,106,62,303,20,64,84,387
05/20/2022,TUS,AZ,AWP,CE,Towers with Radar,91,30,45,22,188,0,38,43,13,94,91,68,88,35,282,14,32,46,328
05/21/2022,TUS,AZ,AWP,CE,Towers with Radar,70,22,31,0,123,0,17,88,5,110,70,39,119,5,233,20,0,20,253
05/22/2022,TUS,AZ,AWP,CE,Towers with Radar,83,25,35,1,144,0,18,94,8,120,83,43,129,9,264,78,0,78,342
05/23/2022,TUS,AZ,AWP,CE,Towers with Radar,83,32,29,39,183,0,7,48,14,69,83,39,77,53,252,46,78,124,376
05/24/2022,TUS,AZ,AWP,CE,Towers with Radar,80,42,40,28,190,0,12,54,20,86,80,54,94,48,276,150,64,214,490
05/25/2022,TUS,AZ,AWP,CE,Towers with Radar,87,34,38,35,194,0,15,68,28,111,87,49,106,63,305,68,72,140,445
05/26/2022,TUS,AZ,AWP,CE,Towers with Radar,89,32,36,36,193,0,10,56,30,96,89,42,92,66,289,28,71,99,388
05/27/2022,TUS,AZ,AWP,CE,Towers with Radar,89,31,61,0,181,0,17,60,9,86,89,48,121,9,267,82,0,82,349
05/28/2022,TUS,AZ,AWP,CE,Towers with Radar,73,30,24,1,128,0,12,48,5,65,73,42,72,6,193,24,0,24,217
05/29/2022,TUS,AZ,AWP,CE,Towers with Radar,80,32,11,0,123,0,13,48,6,67,80,45,59,6,190,18,0,18,208
05/30/2022,TUS,AZ,AWP,CE,Towers with Radar,86,26,31,1,144,0,16,74,8,98,86,42,105,9,242,96,1,97,339
05/31/2022,TUS,AZ,AWP,CE,Towers with Radar,78,39,35,38,190,0,22,73,15,110,78,61,108,53,300,56,65,121,421
06/01/2022,TUS,AZ,AWP,CE,Towers with Radar,87,38,30,46,201,0,14,79,27,120,87,52,109,73,321,157,74,231,552
06/02/2022,TUS,AZ,AWP,CE,Towers with Radar,83,28,63,43,217,0,16,71,16,103,83,44,134,59,320,112,61,173,493
06/03/2022,TUS,AZ,AWP,CE,Towers with Radar,90,34,32,36,192,0,15,49,11,75,90,49,81,47,267,80,40,120,387
06/04/2022,TUS,AZ,AWP,CE,Towers with Radar,73,34,27,41,175,0,22,60,15,97,73,56,87,56,272,80,56,136,408
06/05/2022,TUS,AZ,AWP,CE,Towers with Radar,84,27,37,10,158,0,12,69,8,89,84,39,106,18,247,54,11,65,312
06/06/2022,TUS,AZ,AWP,CE,Towers with Radar,83,23,37,11,154,0,12,60,8,80,83,35,97,19,234,48,15,63,297
06/07/2022,TUS,AZ,AWP,CE,Towers with Radar,86,52,50,33,221,0,19,55,16,90,86,71,105,49,311,66,36,102,413
06/08/2022,TUS,AZ,AWP,CE,Towers with Radar,87,35,52,31,205,0,11,50,37,98,87,46,102,68,303,40,68,108,411
06/09/2022,TUS,AZ,AWP,CE,Towers with Radar,86,38,40,43,207,0,15,67,17,99,86,53,107,60,306,50,52,102,408
06/10/2022,TUS,AZ,AWP,CE,Towers with Radar,85,32,38,16,171,0,4,57,24,85,85,36,95,40,256,76,30,106,362
06/11/2022,TUS,AZ,AWP,CE,Towers with Radar,86,32,16,6,140,0,17,65,6,88,86,49,81,12,228,106,0,106,334
06/12/2022,TUS,AZ,AWP,CE,Towers with Radar,78,30,31,3,142,0,9,64,5,78,78,39,95,8,220,60,0,60,280
06/13/2022,TUS,AZ,AWP,CE,Towers with Radar,80,26,32,34,172,0,14,49,18,81,80,40,81,52,253,6,59,65,318
06/14/2022,TUS,AZ,AWP,CE,Towers with Radar,82,39,31,29,181,0,24,60,24,108,82,63,91,53,289,114,70,184,473
06/15/2022,TUS,AZ,AWP,CE,Towers with Radar,83,40,38,38,199,0,18,86,29,133,83,58,124,67,332,104,67,171,503
06/16/2022,TUS,AZ,AWP,CE,Towers with Radar,88,54,42,33,217,0,16,86,24,126,88,70,128,57,343,96,65,161,504
06/17/2022,TUS,AZ,AWP,CE,Towers with Radar,78,30,39,5,152,0,21,75,18,114,78,51,114,23,266,118,10,128,394
06/18/2022,TUS,AZ,AWP,CE,Towers with Radar,83,16,29,12,140,0,10,52,5,67,83,26,81,17,207,74,0,74,281
06/19/2022,TUS,AZ,AWP,CE,Towers with Radar,77,20,44,1,142,0,7,76,1,84,77,27,120,2,226,70,5,75,301
06/20/2022,TUS,AZ,AWP,CE,Towers with Radar,84,35,29,1,149,0,19,58,7,84,84,54,87,8,233,94,0,94,327
06/21/2022,TUS,AZ,AWP,CE,Towers with Radar,85,34,21,46,186,0,10,50,17,77,85,44,71,63,263,110,45,155,418
06/22/2022,TUS,AZ,AWP,CE,Towers with Radar,84,35,40,40,199,0,13,70,20,103,84,48,110,60,302,80,67,147,449
06/23/2022,TUS,AZ,AWP,CE,Towers with Radar,88,40,43,34,205,0,9,53,21,83,88,49,96,55,288,40,84,124,412
06/24/2022,TUS,AZ,AWP,CE,Towers with Radar,86,30,39,27,182,0,21,72,20,113,86,51,111,47,295,80,77,157,452
06/25/2022,TUS,AZ,AWP,CE,Towers with Radar,82,17,29,8,136,0,14,63,7,84,82,31,92,15,220,141,0,141,361
06/26/2022,TUS,AZ,AWP,CE,Towers with Radar,82,30,17,0,129,0,5,50,4,59,82,35,67,4,188,36,0,36,224
06/27/2022,TUS,AZ,AWP,CE,Towers with Radar,85,29,23,5,142,0,9,65,8,82,85,38,88,13,224,72,16,88,312
06/28/2022,TUS,AZ,AWP,CE,Towers with Radar,83,36,39,32,190,0,10,62,17,89,83,46,101,49,279,70,66,136,415
06/29/2022,TUS,AZ,AWP,CE,Towers with Radar,85,36,39,43,203,0,13,56,20,89,85,49,95,63,292,74,62,136,428
06/30/2022,TUS,AZ,AWP,CE,Towers with Radar,92,36,48,30,206,0,15,64,17,96,92,51,112,47,302,38,85,123,425
07/01/2022,TUS,AZ,AWP,CE,Towers with Radar,81,20,29,23,153,0,3,49,27,79,81,23,78,50,232,64,48,112,344
07/02/2022,TUS,AZ,AWP,CE,Towers with Radar,77,21,26,1,125,0,10,64,7,81,77,31,90,8,206,78,0,78,284
07/03/2022,TUS,AZ,AWP,CE,Towers with Radar,74,17,17,0,108,0,11,47,2,60,74,28,64,2,168,20,0,20,188
07/04/2022,TUS,AZ,AWP,CE,Towers with Radar,76,19,14,1,110,0,22,51,2,75,76,41,65,3,185,50,3,53,238
07/05/2022,TUS,AZ,AWP,CE,Towers with Radar,80,26,24,1,131,0,15,59,2,76,80,41,83,3,207,42,0,42,249
07/06/2022,TUS,AZ,AWP,CE,Towers with Radar,81,23,21,34,159,0,21,74,22,117,81,44,95,56,276,54,82,136,412
07/07/2022,TUS,AZ,AWP,CE,Towers with Radar,86,35,20,45,186,0,18,78,29,125,86,53,98,74,311,113,69,182,493
07/08/2022,TUS,AZ,AWP,CE,Towers with Radar,90,21,30,47,188,0,7,57,15,79,90,28,87,62,267,50,68,118,385
07/09/2022,TUS,AZ,AWP,CE,Towers with Radar,77,28,23,5,133,0,13,66,6,85,77,41,89,11,218,124,0,124,342
07/10/2022,TUS,AZ,AWP,CE,Towers with Radar,79,21,24,1,125,0,19,55,3,77,79,40,79,4,202,10,0,10,212
07/11/2022,TUS,AZ,AWP,CE,Towers with Radar,82,22,38,39,181,0,12,45,18,75,82,34,83,57,256,54,86,140,396
07/12/2022,TUS,AZ,AWP,CE,Towers with Radar,88,13,34,34,169,0,9,61,18,88,88,22,95,52,257,80,42,122,379
07/13/2022,TUS,AZ,AWP,CE,Towers with Radar,88,29,29,32,178,0,12,53,11,76,88,41,82,43,254,52,57,109,363
07/14/2022,TUS,AZ,AWP,CE,Towers with Radar,100,33,40,29,202,0,12,55,26,93,100,45,95,55,295,90,58,148,443
07/15/2022,TUS,AZ,AWP,CE,Towers with Radar,85,28,30,17,160,2,21,56,16,95,87,49,86,33,255,0,0,0,255
07/16/2022,TUS,AZ,AWP,CE,Towers with Radar,101,21,35,2,159,0,12,45,3,60,101,33,80,5,219,0,0,0,219
07/17/2022,TUS,AZ,AWP,CE,Towers with Radar,102,34,37,9,182,0,15,40,4,59,102,49,77,13,241,0,0,0,241
07/18/2022,TUS,AZ,AWP,CE,Towers with Radar,82,28,45,8,163,0,13,63,2,78,82,41,108,10,241,0,0,0,241
07/19/2022,TUS,AZ,AWP,CE,Towers with Radar,91,34,36,28,189,0,13,43,16,72,91,47,79,44,261,0,0,0,261
07/20/2022,TUS,AZ,AWP,CE,Towers with Radar,85,38,51,35,209,0,11,84,18,113,85,49,135,53,322,0,0,0,322
07/21/2022,TUS,AZ,AWP,CE,Towers with Radar,88,31,42,36,197,0,13,52,32,97,88,44,94,68,294,24,51,75,369
07/22/2022,TUS,AZ,AWP,CE,Towers with Radar,85,34,29,31,179,0,7,51,19,77,85,41,80,50,256,44,42,86,342
07/23/2022,TUS,AZ,AWP,CE,Towers with Radar,80,17,19,0,116,0,8,35,6,49,80,25,54,6,165,26,0,26,191
07/24/2022,TUS,AZ,AWP,CE,Towers with Radar,88,26,13,0,127,0,6,52,2,60,88,32,65,2,187,62,0,62,249
07/25/2022,TUS,AZ,AWP,CE,Towers with Radar,86,36,31,38,191,0,8,32,18,58,86,44,63,56,249,36,69,105,354
07/26/2022,TUS,AZ,AWP,CE,Towers with Radar,90,21,17,51,179,0,19,50,14,83,90,40,67,65,262,58,74,132,394
07/27/2022,TUS,AZ,AWP,CE,Towers with Radar,87,32,28,16,163,0,8,48,13,69,87,40,76,29,232,24,44,68,300
07/28/2022,TUS,AZ,AWP,CE,Towers with Radar,93,24,27,19,163,0,9,31,18,58,93,33,58,37,221,24,26,50,271
07/29/2022,TUS,AZ,AWP,CE,Towers with Radar,88,27,46,17,178,0,12,37,9,58,88,39,83,26,236,46,22,68,304
07/30/2022,TUS,AZ,AWP,CE,Towers with Radar,79,15,30,0,124,0,4,59,7,70,79,19,89,7,194,64,0,64,258
07/31/2022,TUS,AZ,AWP,CE,Towers with Radar,79,23,26,1,129,0,7,55,0,62,79,30,81,1,191,48,0,48,239
08/01/2022,TUS,AZ,AWP,CE,Towers with Radar,79,39,30,27,175,0,14,68,15,97,79,53,98,42,272,64,32,96,368
08/02/2022,TUS,AZ,AWP,CE,Towers with Radar,81,32,43,17,173,0,9,66,10,85,81,41,109,27,258,78,31,109,367
08/03/2022,TUS,AZ,AWP,CE,Towers with Radar,86,32,22,6,146,0,6,39,8,53,86,38,61,14,199,38,5,43,242
08/04/2022,TUS,AZ,AWP,CE,Towers with Radar,85,41,34,25,185,0,9,60,15,84,85,50,94,40,269,60,39,99,368
08/05/2022,TUS,AZ,AWP,CE,Towers with Radar,79,32,46,15,172,0,13,82,15,110,79,45,128,30,282,80,30,110,392
08/06/2022,TUS,AZ,AWP,CE,Towers with Radar,77,19,25,20,141,0,20,45,12,77,77,39,70,32,218,62,27,89,307
08/07/2022,TUS,AZ,AWP,CE,Towers with Radar,77,24,20,8,129,0,14,58,7,79,77,38,78,15,208,6,18,24,232
08/08/2022,TUS,AZ,AWP,CE,Towers with Radar,78,20,42,4,144,0,12,56,2,70,78,32,98,6,214,30,0,30,244
08/09/2022,TUS,AZ,AWP,CE,Towers with Radar,90,23,30,17,160,0,7,53,13,73,90,30,83,30,233,50,33,83,316
08/10/2022,TUS,AZ,AWP,CE,Towers with Radar,78,28,32,18,156,0,8,41,13,62,78,36,73,31,218,34,19,53,271
08/11/2022,TUS,AZ,AWP,CE,Towers with Radar,79,43,45,26,193,0,12,46,20,78,79,55,91,46,271,38,36,74,345
08/12/2022,TUS,AZ,AWP,CE,Towers with Radar,92,32,36,25,185,0,20,74,16,110,92,52,110,41,295,66,25,91,386
08/13/2022,TUS,AZ,AWP,CE,Towers with Radar,74,18,25,1,118,0,10,62,4,76,74,28,87,5,194,68,2,70,264
08/14/2022,TUS,AZ,AWP,CE,Towers with Radar,68,30,29,3,130,0,3,58,6,67,68,33,87,9,197,28,0,28,225
08/15/2022,TUS,AZ,AWP,CE,Towers with Radar,85,33,21,33,172,0,12,43,10,65,85,45,64,43,237,54,54,108,345
08/16/2022,TUS,AZ,AWP,CE,Towers with Radar,79,29,25,2,135,0,10,44,4,58,79,39,69,6,193,20,0,20,213
08/17/2022,TUS,AZ,AWP,CE,Towers with Radar,78,42,41,14,175,0,11,66,16,93,78,53,107,30,268,50,24,74,342
08/18/2022,TUS,AZ,AWP,CE,Towers with Radar,85,22,45,15,167,0,3,57,13,73,85,25,102,28,240,66,40,106,346
08/19/2022,TUS,AZ,AWP,CE,Towers with Radar,76,25,20,15,136,0,0,27,10,37,76,25,47,25,173,24,35,59,232
08/20/2022,TUS,AZ,AWP,CE,Towers with Radar,75,21,22,3,121,0,2,21,4,27,75,23,43,7,148,32,0,32,180
08/21/2022,TUS,AZ,AWP,CE,Towers with Radar,89,17,28,1,135,0,11,37,6,54,89,28,65,7,189,35,0,35,224
08/22/2022,TUS,AZ,AWP,CE,Towers with Radar,74,34,23,0,131,0,9,52,9,70,74,43,75,9,201,36,0,36,237
08/23/2022,TUS,AZ,AWP,CE,Towers with Radar,80,27,41,27,175,0,20,71,32,123,80,47,112,59,298,42,81,123,421
08/24/2022,TUS,AZ,AWP,CE,Towers with Radar,82,29,55,27,193,0,20,53,29,102,82,49,108,56,295,52,45,97,392
08/25/2022,TUS,AZ,AWP,CE,Towers with Radar,84,36,29,39,188,0,10,44,30,84,84,46,73,69,272,18,73,91,363
08/26/2022,TUS,AZ,AWP,CE,Towers with Radar,81,33,24,28,166,0,20,63,19,102,81,53,87,47,268,78,50,128,396
08/27/2022,TUS,AZ,AWP,CE,Towers with Radar,77,29,25,2,133,0,8,57,4,69,77,37,82,6,202,8,0,8,210
08/28/2022,TUS,AZ,AWP,CE,Towers with Radar,75,22,21,0,118,0,11,52,5,68,75,33,73,5,186,16,0,16,202
08/29/2022,TUS,AZ,AWP,CE,Towers with Radar,78,36,26,37,177,0,18,71,31,120,78,54,97,68,297,62,74,136,433
08/30/2022,TUS,AZ,AWP,CE,Towers with Radar,78,28,32,33,171,0,9,67,19,95,78,37,99,52,266,52,60,112,378
08/31/2022,TUS,AZ,AWP,CE,Towers with Radar,82,25,34,34,175,0,16,52,24,92,82,41,86,58,267,36,86,122,389
09/01/2022,TUS,AZ,AWP,CE,Towers with Radar,84,30,28,32,174,1,18,54,25,98,85,48,82,57,272,53,60,113,385
09/02/2022,TUS,AZ,AWP,CE,Towers with Radar,93,39,35,1,168,0,17,59,7,83,93,56,94,8,251,58,0,58,309
09/03/2022,TUS,AZ,AWP,CE,Towers with Radar,65,17,17,0,99,0,16,52,6,74,65,33,69,6,173,20,0,20,193
09/04/2022,TUS,AZ,AWP,CE,Towers with Radar,66,27,17,0,110,0,14,49,2,65,66,41,66,2,175,14,0,14,189
09/05/2022,TUS,AZ,AWP,CE,Towers with Radar,71,25,26,0,122,0,11,44,3,58,71,36,70,3,180,64,0,64,244
09/06/2022,TUS,AZ,AWP,CE,Towers with Radar,76,24,23,45,168,0,10,53,13,76,76,34,76,58,244,44,58,102,346
09/07/2022,TUS,AZ,AWP,CE,Towers with Radar,78,23,32,44,177,0,21,55,25,101,78,44,87,69,278,35,75,110,388
09/08/2022,TUS,AZ,AWP,CE,Towers with Radar,80,37,28,45,190,0,21,56,33,110,80,58,84,78,300,46,81,127,427
09/09/2022,TUS,AZ,AWP,CE,Towers with Radar,86,25,31,23,165,0,7,43,17,67,86,32,74,40,232,37,81,118,350
09/10/2022,TUS,AZ,AWP,CE,Towers with Radar,78,32,39,34,183,0,14,62,24,100,78,46,101,58,283,82,91,173,456
09/11/2022,TUS,AZ,AWP,CE,Towers with Radar,76,17,24,22,139,0,5,63,15,83,76,22,87,37,222,42,53,95,317
09/12/2022,TUS,AZ,AWP,CE,Towers with Radar,83,18,26,4,131,0,13,37,4,54,83,31,63,8,185,30,0,30,215
09/13/2022,TUS,AZ,AWP,CE,Towers with Radar,77,55,39,33,204,0,23,74,16,113,77,78,113,49,317,100,59,159,476
09/14/2022,TUS,AZ,AWP,CE,Towers with Radar,80,51,41,33,205,0,26,51,20,97,80,77,92,53,302,94,60,154,456
09/15/2022,TUS,AZ,AWP,CE,Towers with Radar,83,46,54,33,216,0,24,87,20,131,83,70,141,53,347,169,32,201,548
09/16/2022,TUS,AZ,AWP,CE,Towers with Radar,82,31,51,30,194,0,21,59,22,102,82,52,110,52,296,70,52,122,418
09/17/2022,TUS,AZ,AWP,CE,Towers with Radar,81,37,23,2,143,0,19,61,7,87,81,56,84,9,230,46,0,46,276
09/18/2022,TUS,AZ,AWP,CE,Towers with Radar,80,28,40,2,150,0,18,54,6,78,80,46,94,8,228,68,0,68,296
09/19/2022,TUS,AZ,AWP,CE,Towers with Radar,76,21,40,32,169,0,9,55,19,83,76,30,95,51,252,78,81,159,411
09/20/2022,TUS,AZ,AWP,CE,Towers with Radar,74,28,27,20,149,0,1,56,15,72,74,29,83,35,221,82,51,133,354
09/21/2022,TUS,AZ,AWP,CE,Towers with Radar,78,20,52,30,180,0,2,55,13,70,78,22,107,43,250,68,43,111,361
09/22/2022,TUS,AZ,AWP,CE,Towers with Radar,80,23,39,36,178,0,8,47,13,68,80,31,86,49,246,94,72,166,412
09/23/2022,TUS,AZ,AWP,CE,Towers with Radar,88,27,43,34,192,0,8,69,19,96,88,35,112,53,288,110,66,176,464
09/24/2022,TUS,AZ,AWP,CE,Towers with Radar,81,24,30,5,140,0,8,67,4,79,81,32,97,9,219,62,0,62,281
09/25/2022,TUS,AZ,AWP,CE,Towers with Radar,79,32,30,0,141,0,18,67,2,87,79,50,97,2,228,52,0,52,280
09/26/2022,TUS,AZ,AWP,CE,Towers with Radar,77,27,43,26,173,0,10,43,16,69,77,37,86,42,242,38,59,97,339
09/27/2022,TUS,AZ,AWP,CE,Towers with Radar,77,29,51,29,186,0,20,41,14,75,77,49,92,43,261,61,46,107,368
09/28/2022,TUS,AZ,AWP,CE,Towers with Radar,75,30,34,31,170,0,22,43,27,92,75,52,77,58,262,74,81,155,417
09/29/2022,TUS,AZ,AWP,CE,Towers with Radar,78,42,42,23,185,0,13,70,36,119,78,55,112,59,304,70,58,128,432
09/30/2022,TUS,AZ,AWP,CE,Towers with Radar,86,39,40,39,204,0,13,60,28,101,86,52,100,67,305,16,56,72,377
10/01/2022,TUS,AZ,AWP,CE,Towers with Radar,81,31,33,35,180,0,9,69,26,104,81,40,102,61,284,68,70,138,422
10/02/2022,TUS,AZ,AWP,CE,Towers with Radar,85,33,42,25,185,0,14,63,21,98,85,47,105,46,283,20,42,62,345
10/03/2022,TUS,AZ,AWP,CE,Towers with Radar,96,34,42,9,181,0,10,51,9,70,96,44,93,18,251,48,4,52,303
10/04/2022,TUS,AZ,AWP,CE,Towers with Radar,88,26,28,15,157,0,27,43,20,90,88,53,71,35,247,73,46,119,366
10/05/2022,TUS,AZ,AWP,CE,Towers with Radar,79,42,42,37,200,0,17,60,26,103,79,59,102,63,303,33,65,98,401
10/06/2022,TUS,AZ,AWP,CE,Towers with Radar,87,40,58,40,225,0,19,59,34,112,87,59,117,74,337,100,80,180,517
10/07/2022,TUS,AZ,AWP,CE,Towers with Radar,99,28,56,39,222,0,6,63,21,90,99,34,119,60,312,100,54,154,466
10/08/2022,TUS,AZ,AWP,CE,Towers with Radar,90,23,37,0,150,0,17,54,3,74,90,40,91,3,224,56,0,56,280
10/09/2022,TUS,AZ,AWP,CE,Towers with Radar,88,29,37,1,155,0,7,45,6,58,88,36,82,7,213,90,0,90,303
10/10/2022,TUS,AZ,AWP,CE,Towers with Radar,90,27,36,0,153,0,13,44,4,61,90,40,80,4,214,42,0,42,256
10/11/2022,TUS,AZ,AWP,CE,Towers with Radar,91,38,38,3,170,0,17,70,4,91,91,55,108,7,261,106,0,106,367
10/12/2022,TUS,AZ,AWP,CE,Towers with Radar,90,24,36,45,195,0,16,81,14,111,90,40,117,59,306,62,56,118,424
10/13/2022,TUS,AZ,AWP,CE,Towers with Radar,95,19,44,36,194,0,16,75,16,107,95,35,119,52,301,114,66,180,481
10/14/2022,TUS,AZ,AWP,CE,Towers with Radar,93,49,46,24,212,0,19,58,13,90,93,68,104,37,302,132,33,165,467
10/15/2022,TUS,AZ,AWP,CE,Towers with Radar,117,29,18,1,165,0,11,59,4,74,117,40,77,5,239,58,0,58,297
10/16/2022,TUS,AZ,AWP,CE,Towers with Radar,89,54,45,5,193,0,8,49,5,62,89,62,94,10,255,124,0,124,379
10/17/2022,TUS,AZ,AWP,CE,Towers with Radar,91,41,33,4,169,0,20,60,4,84,91,61,93,8,253,156,0,156,409
10/18/2022,TUS,AZ,AWP,CE,Towers with Radar,102,41,27,35,205,0,16,59,20,95,102,57,86,55,300,70,61,131,431
10/19/2022,TUS,AZ,AWP,CE,Towers with Radar,93,31,37,38,199,0,17,65,9,91,93,48,102,47,290,8,48,56,346
10/20/2022,TUS,AZ,AWP,CE,Towers with Radar,91,36,49,43,219,0,29,65,21,115,91,65,114,64,334,110,76,186,520
10/21/2022,TUS,AZ,AWP,CE,Towers with Radar,95,24,43,37,199,0,13,76,34,123,95,37,119,71,322,166,64,230,552
10/22/2022,TUS,AZ,AWP,CE,Towers with Radar,88,32,20,0,140,0,10,75,3,88,88,42,95,3,228,62,0,62,290
10/23/2022,TUS,AZ,AWP,CE,Towers with Radar,93,33,36,6,168,0,6,48,2,56,93,39,84,8,224,66,0,66,290
10/24/2022,TUS,AZ,AWP,CE,Towers with Radar,88,34,45,32,199,0,23,53,26,102,88,57,98,58,301,211,48,259,560
10/25/2022,TUS,AZ,AWP,CE,Towers with Radar,88,32,36,28,184,0,20,76,19,115,88,52,112,47,299,170,65,235,534
10/26/2022,TUS,AZ,AWP,CE,Towers with Radar,97,29,40,27,193,0,12,79,13,104,97,41,119,40,297,136,43,179,476
10/27/2022,TUS,AZ,AWP,CE,Towers with Radar,96,25,46,40,207,0,24,71,33,128,96,49,117,73,335,86,48,134,469
10/28/2022,TUS,AZ,AWP,CE,Towers with Radar,96,43,62,2,203,0,14,59,10,83,96,57,121,12,286,102,0,102,388
10/29/2022,TUS,AZ,AWP,CE,Towers with Radar,87,22,30,0,139,0,26,74,2,102,87,48,104,2,241,166,0,166,407
10/30/2022,TUS,AZ,AWP,CE,Towers with Radar,92,31,48,4,175,0,17,80,4,101,92,48,128,8,276,46,0,46,322
10/31/2022,TUS,AZ,AWP,CE,Towers with Radar,82,29,42,31,184,0,14,80,23,117,82,43,122,54,301,138,64,202,503
11/01/2022,TUS,AZ,AWP,CE,Towers with Radar,100,47,57,42,246,0,19,109,27,155,100,66,166,69,401,130,55,185,586
11/02/2022,TUS,AZ,AWP,CE,Towers with Radar,100,38,62,43,243,0,12,86,27,125,100,50,148,70,368,58,81,139,507
11/03/2022,TUS,AZ,AWP,CE,Towers with Radar,92,43,61,35,231,0,10,42,16,68,92,53,103,51,299,20,35,55,354
11/04/2022,TUS,AZ,AWP,CE,Towers with Radar,101,36,52,20,209,0,29,84,18,131,101,65,136,38,340,172,40,212,552
11/05/2022,TUS,AZ,AWP,CE,Towers with Radar,93,30,28,32,183,0,36,76,22,134,93,66,104,54,317,127,63,190,507
11/06/2022,TUS,AZ,AWP,CE,Towers with Radar,91,24,39,17,171,0,22,86,20,128,91,46,125,37,299,106,26,132,431
11/07/2022,TUS,AZ,AWP,CE,Towers with Radar,92,28,56,5,181,0,14,94,5,113,92,42,150,10,294,228,0,228,522
11/08/2022,TUS,AZ,AWP,CE,Towers with Radar,92,40,52,32,216,0,12,87,22,121,92,52,139,54,337,96,83,179,516
11/09/2022,TUS,AZ,AWP,CE,Towers with Radar,99,37,48,47,231,0,13,50,21,84,99,50,98,68,315,45,89,134,449
11/10/2022,TUS,AZ,AWP,CE,Towers with Radar,94,45,44,55,238,0,27,74,30,131,94,72,118,85,369,32,71,103,472
11/11/2022,TUS,AZ,AWP,CE,Towers with Radar,100,33,59,2,194,0,26,86,3,115,100,59,145,5,309,30,11,41,350
11/12/2022,TUS,AZ,AWP,CE,Towers with Radar,91,35,37,1,164,0,15,101,4,120,91,50,138,5,284,142,0,142,426
11/13/2022,TUS,AZ,AWP,CE,Towers with Radar,96,40,51,0,187,0,7,77,4,88,96,47,128,4,275,22,0,22,297
11/14/2022,TUS,AZ,AWP,CE,Towers with Radar,91,35,41,35,202,1,32,60,21,114,92,67,101,56,316,52,42,94,410
11/15/2022,TUS,AZ,AWP,CE,Towers with Radar,98,42,52,46,238,0,24,67,12,103,98,66,119,58,341,72,50,122,463
11/16/2022,TUS,AZ,AWP,CE,Towers with Radar,94,30,68,39,231,0,27,85,11,123,94,57,153,50,354,41,51,92,446
11/17/2022,TUS,AZ,AWP,CE,Towers with Radar,98,45,53,38,234,0,25,65,23,113,98,70,118,61,347,62,50,112,459
11/18/2022,TUS,AZ,AWP,CE,Towers with Radar,99,39,53,33,224,0,18,96,12,126,99,57,149,45,350,136,22,158,508
11/19/2022,TUS,AZ,AWP,CE,Towers with Radar,97,38,66,5,206,0,28,109,9,146,97,66,175,14,352,72,1,73,425
11/20/2022,TUS,AZ,AWP,CE,Towers with Radar,93,20,44,0,157,0,7,50,12,69,93,27,94,12,226,86,0,86,312
11/21/2022,TUS,AZ,AWP,CE,Towers with Radar,103,24,60,33,220,0,24,86,21,131,103,48,146,54,351,138,60,198,549
11/22/2022,TUS,AZ,AWP,CE,Towers with Radar,103,36,56,34,229,0,23,82,15,120,103,59,138,49,349,142,71,213,562
11/23/2022,TUS,AZ,AWP,CE,Towers with Radar,102,26,38,29,195,0,7,88,17,112,102,33,126,46,307,180,66,246,553
11/24/2022,TUS,AZ,AWP,CE,Towers with Radar,64,19,18,0,101,0,3,30,5,38,64,22,48,5,139,22,1,23,162
11/25/2022,TUS,AZ,AWP,CE,Towers with Radar,95,20,28,0,143,0,14,72,2,88,95,34,100,2,231,98,0,98,329
11/26/2022,TUS,AZ,AWP,CE,Towers with Radar,86,34,33,0,153,0,27,89,6,122,86,61,122,6,275,42,0,42,317
11/27/2022,TUS,AZ,AWP,CE,Towers with Radar,99,36,46,1,182,0,18,72,3,93,99,54,118,4,275,148,0,148,423
11/28/2022,TUS,AZ,AWP,CE,Towers with Radar,99,26,46,42,213,0,24,51,25,100,99,50,97,67,313,58,67,125,438
11/29/2022,TUS,AZ,AWP,CE,Towers with Radar,101,29,48,42,220,0,15,71,29,115,101,44,119,71,335,128,73,201,536
11/30/2022,TUS,AZ,AWP,CE,Towers with Radar,101,34,32,34,201,0,13,88,25,126,101,47,120,59,327,156,67,223,550
12/01/2022,TUS,AZ,AWP,CE,Towers with Radar,102,44,46,26,218,0,20,65,17,102,102,64,111,43,320,124,60,184,504
12/02/2022,TUS,AZ,AWP,CE,Towers with Radar,102,31,51,29,213,0,23,77,22,122,102,54,128,51,335,58,52,110,445
12/03/2022,TUS,AZ,AWP,CE,Towers with Radar,84,22,28,23,157,0,7,21,6,34,84,29,49,29,191,22,43,65,256
12/04/2022,TUS,AZ,AWP,CE,Towers with Radar,93,32,58,20,203,0,0,3,1,4,93,32,61,21,207,0,21,21,228
12/05/2022,TUS,AZ,AWP,CE,Towers with Radar,101,44,53,0,198,0,13,42,7,62,101,57,95,7,260,58,0,58,318
12/06/2022,TUS,AZ,AWP,CE,Towers with Radar,100,22,40,42,204,0,13,69,15,97,100,35,109,57,301,56,58,114,415
12/07/2022,TUS,AZ,AWP,CE,Towers with Radar,100,26,53,42,221,0,9,87,22,118,100,35,140,64,339,124,92,216,555
12/08/2022,TUS,AZ,AWP,CE,Towers with Radar,106,42,41,30,219,0,14,84,28,126,106,56,125,58,345,154,103,257,602
12/09/2022,TUS,AZ,AWP,CE,Towers with Radar,109,47,37,40,233,0,21,94,22,137,109,68,131,62,370,72,51,123,493
12/10/2022,TUS,AZ,AWP,CE,Towers with Radar,85,23,32,2,142,0,24,164,6,194,85,47,196,8,336,96,0,96,432
12/11/2022,TUS,AZ,AWP,CE,Towers with Radar,99,27,37,21,184,0,28,67,9,104,99,55,104,30,288,40,0,40,328
12/12/2022,TUS,AZ,AWP,CE,Towers with Radar,101,26,29,47,203,0,5,13,6,24,101,31,42,53,227,24,68,92,319
12/13/2022,TUS,AZ,AWP,CE,Towers with Radar,93,22,34,44,193,0,5,58,17,80,93,27,92,61,273,116,84,200,473
12/14/2022,TUS,AZ,AWP,CE,Towers with Radar,101,27,40,37,205,0,12,65,8,85,101,39,105,45,290,213,49,262,552
12/15/2022,TUS,AZ,AWP,CE,Towers with Radar,100,33,54,25,212,0,14,75,15,104,100,47,129,40,316,94,39,133,449
12/16/2022,TUS,AZ,AWP,CE,Towers with Radar,99,33,34,20,186,0,13,143,16,172,99,46,177,36,358,106,44,150,508
12/17/2022,TUS,AZ,AWP,CE,Towers with Radar,93,33,39,1,166,0,10,125,4,139,93,43,164,5,305,122,0,122,427
12/18/2022,TUS,AZ,AWP,CE,Towers with Radar,98,29,50,0,177,0,12,64,5,81,98,41,114,5,258,98,0,98,356
12/19/2022,TUS,AZ,AWP,CE,Towers with Radar,105,40,59,23,227,0,12,71,15,98,105,52,130,38,325,50,58,108,433
12/20/2022,TUS,AZ,AWP,CE,Towers with Radar,104,29,40,32,205,0,19,74,14,107,104,48,114,46,312,68,57,125,437
12/21/2022,TUS,AZ,AWP,CE,Towers with Radar,105,26,34,27,192,0,25,75,19,119,105,51,109,46,311,62,49,111,422
12/22/2022,TUS,AZ,AWP,CE,Towers with Radar,106,30,39,23,198,0,23,75,12,110,106,53,114,35,308,22,66,88,396
12/23/2022,TUS,AZ,AWP,CE,Towers with Radar,93,31,35,0,159,0,19,47,2,68,93,50,82,2,227,12,10,22,249
12/24/2022,TUS,AZ,AWP,CE,Towers with Radar,64,13,15,0,92,0,8,53,1,62,64,21,68,1,154,12,0,12,166
12/25/2022,TUS,AZ,AWP,CE,Towers with Radar,61,11,13,0,85,0,6,27,0,33,61,17,40,0,118,0,0,0,118
12/26/2022,TUS,AZ,AWP,CE,Towers with Radar,84,32,46,0,162,0,11,85,2,98,84,43,131,2,260,30,0,30,290
12/27/2022,TUS,AZ,AWP,CE,Towers with Radar,89,28,47,14,178,0,30,59,14,103,89,58,106,28,281,38,37,75,356
12/28/2022,TUS,AZ,AWP,CE,Towers with Radar,90,29,68,12,199,0,0,26,4,30,90,29,94,16,229,12,11,23,252
12/29/2022,TUS,AZ,AWP,CE,Towers with Radar,94,31,40,19,184,0,7,48,13,68,94,38,88,32,252,40,33,73,325
12/30/2022,TUS,AZ,AWP,CE,Towers with Radar,110,32,55,16,213,0,6,43,10,59,110,38,98,26,272,32,29,61,333
12/31/2022,TUS,AZ,AWP,CE,Towers with Radar,75,23,37,1,136,0,13,67,5,85,75,36,104,6,221,36,0,36,257
01/01/2023,TUS,AZ,AWP,CE,Towers with Radar,89,34,18,3,144,0,2,12,2,16,89,36,30,5,160,0,0,0,160
01/02/2023,TUS,AZ,AWP,CE,Towers with Radar,109,32,51,0,192,0,2,33,1,36,109,34,84,1,228,12,0,12,240
01/03/2023,TUS,AZ,AWP,CE,Towers with Radar,97,29,35,32,193,0,18,34,13,65,97,47,69,45,258,6,55,61,319
01/04/2023,TUS,AZ,AWP,CE,Towers with Radar,102,33,56,47,238,0,43,75,16,134,102,76,131,63,372,30,68,98,470
01/05/2023,TUS,AZ,AWP,CE,Towers with Radar,108,40,59,36,243,0,39,78,19,136,108,79,137,55,379,2,72,74,453
01/06/2023,TUS,AZ,AWP,CE,Towers with Radar,100,34,48,37,219,0,15,79,28,122,100,49,127,65,341,10,56,66,407
01/07/2023,TUS,AZ,AWP,CE,Towers with Radar,86,45,46,17,194,0,25,144,20,189,86,70,190,37,383,34,64,98,481
01/08/2023,TUS,AZ,AWP,CE,Towers with Radar,98,33,73,12,216,0,41,78,13,132,98,74,151,25,348,18,30,48,396
01/09/2023,TUS,AZ,AWP,CE,Towers with Radar,103,46,49,4,202,0,42,80,5,127,103,88,129,9,329,54,0,54,383
01/10/2023,TUS,AZ,AWP,CE,Towers with Radar,98,42,49,49,238,0,14,63,13,90,98,56,112,62,328,54,84,138,466
01/11/2023,TUS,AZ,AWP,CE,Towers with Radar,99,33,53,42,227,0,15,78,14,107,99,48,131,56,334,83,67,150,484
01/12/2023,TUS,AZ,AWP,CE,Towers with Radar,108,34,39,39,220,0,24,76,20,120,108,58,115,59,340,102,65,167,507
01/13/2023,TUS,AZ,AWP,CE,Towers with Radar,106,35,44,17,202,0,14,83,8,105,106,49,127,25,307,104,9,113,420
01/14/2023,TUS,AZ,AWP,CE,Towers with Radar,87,31,40,0,158,0,27,160,5,192,87,58,200,5,350,72,0,72,422
01/15/2023,TUS,AZ,AWP,CE,Towers with Radar,87,28,38,2,155,0,1,15,0,16,87,29,53,2,171,0,0,0,171
01/16/2023,TUS,AZ,AWP,CE,Towers with Radar,100,25,51,0,176,0,0,5,2,7,100,25,56,2,183,48,0,48,231
01/17/2023,TUS,AZ,AWP,CE,Towers with Radar,96,25,44,26,191,2,25,39,17,83,98,50,83,43,274,38,47,85,359
01/18/2023,TUS,AZ,AWP,CE,Towers with Radar,102,24,58,34,218,0,130,82,17,229,102,154,140,51,447,90,57,147,594
01/19/2023,TUS,AZ,AWP,CE,Towers with Radar,104,37,55,33,229,0,70,91,24,185,104,107,146,57,414,108,61,169,583
01/20/2023,TUS,AZ,AWP,CE,Towers with Radar,105,35,49,32,221,0,37,121,28,186,105,72,170,60,407,74,54,128,535
01/21/2023,TUS,AZ,AWP,CE,Towers with Radar,89,35,57,2,183,0,28,158,5,191,89,63,215,7,374,220,0,220,594
01/22/2023,TUS,AZ,AWP,CE,Towers with Radar,97,35,40,0,172,0,30,105,5,140,97,65,145,5,312,166,1,167,479
01/23/2023,TUS,AZ,AWP,CE,Towers with Radar,104,30,45,3,182,0,19,39,4,62,104,49,84,7,244,58,0,58,302
01/24/2023,TUS,AZ,AWP,CE,Towers with Radar,102,38,59,47,246,0,35,65,31,131,102,73,124,78,377,140,67,207,584
01/25/2023,TUS,AZ,AWP,CE,Towers with Radar,101,48,46,42,237,0,18,106,16,140,101,66,152,58,377,157,49,206,583
01/26/2023,TUS,AZ,AWP,CE,Towers with Radar,107,37,21,36,201,0,32,76,21,129,107,69,97,57,330,42,48,90,420
01/27/2023,TUS,AZ,AWP,CE,Towers with Radar,105,35,43,49,232,0,16,129,12,157,105,51,172,61,389,106,99,205,594
01/28/2023,TUS,AZ,AWP,CE,Towers with Radar,95,43,33,5,176,0,12,146,9,167,95,55,179,14,343,98,0,98,441
01/29/2023,TUS,AZ,AWP,CE,Towers with Radar,97,42,55,20,214,0,7,77,6,90,97,49,132,26,304,76,0,76,380
01/30/2023,TUS,AZ,AWP,CE,Towers with Radar,98,28,40,32,198,0,22,49,26,97,98,50,89,58,295,54,73,127,422
01/31/2023,TUS,AZ,AWP,CE,Towers with Radar,87,32,39,57,215,0,32,56,14,102,87,64,95,71,317,82,46,128,445
02/01/2023,TUS,AZ,AWP,CE,Towers with Radar,93,54,69,61,277,0,24,75,21,120,93,78,144,82,397,36,57,93,490
02/02/2023,TUS,AZ,AWP,CE,Towers with Radar,99,58,66,34,257,0,20,71,18,109,99,78,137,52,366,32,90,122,488
02/03/2023,TUS,AZ,AWP,CE,Towers with Radar,111,41,51,44,247,0,13,112,24,149,111,54,163,68,396,84,64,148,544
02/04/2023,TUS,AZ,AWP,CE,Towers with Radar,95,41,56,28,220,0,22,144,36,202,95,63,200,64,422,130,84,214,636
02/05/2023,TUS,AZ,AWP,CE,Towers with Radar,101,58,46,44,249,0,20,94,24,138,101,78,140,68,387,62,51,113,500
02/06/2023,TUS,AZ,AWP,CE,Towers with Radar,105,45,33,11,194,0,82,56,8,146,105,127,89,19,340,66,0,66,406
02/07/2023,TUS,AZ,AWP,CE,Towers with Radar,108,39,46,43,236,0,80,72,25,177,108,119,118,68,413,68,82,150,563
02/08/2023,TUS,AZ,AWP,CE,Towers with Radar,106,38,70,41,255,0,64,92,20,176,106,102,162,61,431,70,77,147,578
02/09/2023,TUS,AZ,AWP,CE,Towers with Radar,106,36,53,47,242,0,22,51,27,100,106,58,104,74,342,68,75,143,485
02/10/2023,TUS,AZ,AWP,CE,Towers with Radar,115,50,57,21,243,0,23,27,17,67,115,73,84,38,310,14,42,56,366
02/11/2023,TUS,AZ,AWP,CE,Towers with Radar,108,42,35,1,186,0,10,59,2,71,108,52,94,3,257,40,0,40,297
02/12/2023,TUS,AZ,AWP,CE,Towers with Radar,107,66,63,0,236,0,13,62,3,78,107,79,125,3,314,22,1,23,337
02/13/2023,TUS,AZ,AWP,CE,Towers with Radar,129,50,64,2,245,0,7,13,0,20,129,57,77,2,265,42,0,42,307
02/14/2023,TUS,AZ,AWP,CE,Towers with Radar,135,31,59,6,231,0,0,26,4,30,135,31,85,10,261,52,24,76,337
02/15/2023,TUS,AZ,AWP,CE,Towers with Radar,127,31,61,38,257,0,51,68,31,150,127,82,129,69,407,164,46,210,617
02/16/2023,TUS,AZ,AWP,CE,Towers with Radar,118,50,71,41,280,0,22,82,9,113,118,72,153,50,393,146,72,218,611
02/17/2023,TUS,AZ,AWP,CE,Towers with Radar,117,34,58,40,249,0,19,35,12,66,117,53,93,52,315,14,67,81,396
02/18/2023,TUS,AZ,AWP,CE,Towers with Radar,101,38,55,2,196,0,35,154,6,195,101,73,209,8,391,112,0,112,503
02/19/2023,TUS,AZ,AWP,CE,Towers with Radar,102,19,65,5,191,0,19,58,3,80,102,38,123,8,271,104,2,106,377
02/20/2023,TUS,AZ,AWP,CE,Towers with Radar,124,48,50,5,227,0,18,79,0,97,124,66,129,5,324,158,2,160,484
02/21/2023,TUS,AZ,AWP,CE,Towers with Radar,111,26,47,45,229,0,30,41,16,87,111,56,88,61,316,84,86,170,486
02/22/2023,TUS,AZ,AWP,CE,Towers with Radar,120,39,26,0,185,0,0,7,0,7,120,39,33,0,192,6,0,6,198
02/23/2023,TUS,AZ,AWP,CE,Towers with Radar,122,42,68,48,280,0,140,42,18,200,122,182,110,66,480,76,66,142,622
02/24/2023,TUS,AZ,AWP,CE,Towers with Radar,117,44,58,11,230,0,169,102,5,276,117,213,160,16,506,152,7,159,665
02/25/2023,TUS,AZ,AWP,CE,Towers with Radar,105,21,54,11,191,0,131,92,5,228,105,152,146,16,419,66,2,68,487
02/26/2023,TUS,AZ,AWP,CE,Towers with Radar,109,34,42,2,187,0,24,29,2,55,109,58,71,4,242,28,0,28,270
02/27/2023,TUS,AZ,AWP,CE,Towers with Radar,118,29,53,42,242,0,191,71,28,290,118,220,124,70,532,139,89,228,760
02/28/2023,TUS,AZ,AWP,CE,Towers with Radar,117,37,29,31,214,0,186,80,31,297,117,223,109,62,511,20,53,73,584
03/01/2023,TUS,AZ,AWP,CE,Towers with Radar,151,37,35,29,252,0,199,51,14,264,151,236,86,43,516,74,34,108,624
03/02/2023,TUS,AZ,AWP,CE,Towers with Radar,122,32,38,41,233,0,164,55,22,241,122,196,93,63,474,74,73,147,621
03/03/2023,TUS,AZ,AWP,CE,Towers with Radar,111,31,39,48,229,0,44,92,31,167,111,75,131,79,396,112,85,197,593
03/04/2023,TUS,AZ,AWP,CE,Towers with Radar,97,26,45,35,203,0,34,130,28,192,97,60,175,63,395,36,81,117,512
03/05/2023,TUS,AZ,AWP,CE,Towers with Radar,102,40,62,27,231,0,68,77,20,165,102,108,139,47,396,24,23,47,443
03/06/2023,TUS,AZ,AWP,CE,Towers with Radar,117,29,53,0,199,0,54,56,8,118,117,83,109,8,317,58,0,58,375
03/07/2023,TUS,AZ,AWP,CE,Towers with Radar,102,46,40,30,218,0,46,74,24,144,102,92,114,54,362,88,52,140,502
03/08/2023,TUS,AZ,AWP,CE,Towers with Radar,105,30,50,42,227,0,36,83,32,151,105,66,133,74,378,55,109,164,542
03/09/2023,TUS,AZ,AWP,CE,Towers with Radar,111,44,59,30,244,0,64,76,21,161,111,108,135,51,405,78,50,128,533
03/10/2023,TUS,AZ,AWP,CE,Towers with Radar,113,36,45,45,239,0,43,120,26,189,113,79,165,71,428,82,78,160,588
03/11/2023,TUS,AZ,AWP,CE,Towers with Radar,105,26,33,2,166,0,66,114,4,184,105,92,147,6,350,38,0,38,388
03/12/2023,TUS,AZ,AWP,CE,Towers with Radar,115,41,49,3,208,0,42,82,2,126,115,83,131,5,334,32,0,32,366
03/13/2023,TUS,AZ,AWP,CE,Towers with Radar,114,34,27,45,220,0,50,52,22,124,114,84,79,67,344,78,76,154,498
03/14/2023,TUS,AZ,AWP,CE,Towers with Radar,107,45,36,43,231,0,83,74,27,184,107,128,110,70,415,10,52,62,477
03/15/2023,TUS,AZ,AWP,CE,Towers with Radar,111,34,45,30,220,0,20,38,21,79,111,54,83,51,299,26,38,64,363
03/16/2023,TUS,AZ,AWP,CE,Towers with Radar,107,51,26,29,213,0,56,45,17,118,107,107,71,46,331,42,59,101,432
03/17/2023,TUS,AZ,AWP,CE,Towers with Radar,112,44,40,22,218,0,128,57,13,198,112,172,97,35,416,12,36,48,464
03/18/2023,TUS,AZ,AWP,CE,Towers with Radar,107,32,35,0,174,0,96,42,5,143,107,128,77,5,317,34,0,34,351
03/19/2023,TUS,AZ,AWP,CE,Towers with Radar,109,38,48,2,197,0,24,25,8,57,109,62,73,10,254,0,0,0,254
03/20/2023,TUS,AZ,AWP,CE,Towers with Radar,119,43,32,3,197,0,97,50,6,153,119,140,82,9,350,2,0,2,352
03/21/2023,TUS,AZ,AWP,CE,Towers with Radar,129,37,40,23,229,0,39,16,23,78,129,76,56,46,307,0,55,55,362
03/22/2023,TUS,AZ,AWP,CE,Towers with Radar,116,26,53,33,228,0,54,12,14,80,116,80,65,47,308,0,37,37,345
03/23/2023,TUS,AZ,AWP,CE,Towers with Radar,116,45,51,58,270,0,101,68,40,209,116,146,119,98,479,6,72,78,557
03/24/2023,TUS,AZ,AWP,CE,Towers with Radar,116,33,37,49,235,0,80,60,40,180,116,113,97,89,415,8,68,76,491
03/25/2023,TUS,AZ,AWP,CE,Towers with Radar,103,33,39,2,177,0,89,85,6,180,103,122,124,8,357,40,0,40,397
03/26/2023,TUS,AZ,AWP,CE,Towers with Radar,102,37,48,3,190,0,79,81,13,173,102,116,129,16,363,11,0,11,374
03/27/2023,TUS,AZ,AWP,CE,Towers with Radar,107,45,45,50,247,0,152,54,40,246,107,197,99,90,493,2,80,82,575
03/28/2023,TUS,AZ,AWP,CE,Towers with Radar,105,36,35,43,219,0,77,54,38,169,105,113,89,81,388,40,78,118,506
03/29/2023,TUS,AZ,AWP,CE,Towers with Radar,103,56,30,35,224,0,88,66,23,177,103,144,96,58,401,6,73,79,480
03/30/2023,TUS,AZ,AWP,CE,Towers with Radar,109,25,42,39,215,0,118,49,31,198,109,143,91,70,413,16,69,85,498
03/31/2023,TUS,AZ,AWP,CE,Towers with Radar,104,61,53,49,267,0,91,103,24,218,104,152,156,73,485,132,55,187,672
04/01/2023,TUS,AZ,AWP,CE,Towers with Radar,95,36,36,33,200,0,83,81,20,184,95,119,117,53,384,27,61,88,472
04/02/2023,TUS,AZ,AWP,CE,Towers with Radar,97,44,49,13,203,0,59,95,17,171,97,103,144,30,374,108,25,133,507
04/03/2023,TUS,AZ,AWP,CE,Towers with Radar,113,20,46,1,180,0,43,39,5,87,113,63,85,6,267,14,2,16,283
04/04/2023,TUS,AZ,AWP,CE,Towers with Radar,104,38,35,41,218,0,107,53,24,184,104,145,88,65,402,42,56,98,500
04/05/2023,TUS,AZ,AWP,CE,Towers with Radar,99,37,50,45,231,0,50,99,19,168,99,87,149,64,399,162,53,215,614
04/06/2023,TUS,AZ,AWP,CE,Towers with Radar,113,54,47,32,246,0,58,77,18,153,113,112,124,50,399,96,68,164,563
04/07/2023,TUS,AZ,AWP,CE,Towers with Radar,108,55,33,39,235,0,96,86,19,201,108,151,119,58,436,38,53,91,527
04/08/2023,TUS,AZ,AWP,CE,Towers with Radar,104,41,35,9,189,0,99,68,12,179,104,140,103,21,368,88,0,88,456
04/09/2023,TUS,AZ,AWP,CE,Towers with Radar,100,29,21,0,150,0,25,40,11,76,100,54,61,11,226,24,0,24,250
04/10/2023,TUS,AZ,AWP,CE,Towers with Radar,103,38,40,39,220,0,88,64,19,171,103,126,104,58,391,78,80,158,549
04/11/2023,TUS,AZ,AWP,CE,Towers with Radar,101,38,29,44,212,0,108,55,28,191,101,146,84,72,403,32,82,114,517
04/12/2023,TUS,AZ,AWP,CE,Towers with Radar,100,37,18,41,196,0,98,58,21,177,100,135,76,62,373,34,89,123,496
04/13/2023,TUS,AZ,AWP,CE,Towers with Radar,112,42,40,33,227,0,39,45,26,110,112,81,85,59,337,46,64,110,447
04/14/2023,TUS,AZ,AWP,CE,Towers with Radar,111,50,44,34,239,0,92,70,15,177,111,142,114,49,416,60,47,107,523
04/15/2023,TUS,AZ,AWP,CE,Towers with Radar,100,37,32,0,169,0,178,84,7,269,100,215,116,7,438,68,0,68,506
04/16/2023,TUS,AZ,AWP,CE,Towers with Radar,103,23,37,0,163,0,197,84,8,289,103,220,121,8,452,42,0,42,494
04/17/2023,TUS,AZ,AWP,CE,Towers with Radar,117,34,33,2,186,0,104,38,4,146,117,138,71,6,332,16,2,18,350
04/18/2023,TUS,AZ,AWP,CE,Towers with Radar,104,53,29,45,231,0,104,69,9,182,104,157,98,54,413,2,82,84,497
04/19/2023,TUS,AZ,AWP,CE,Towers with Radar,96,30,28,32,186,1,87,64,15,167,97,117,92,47,353,66,30,96,449
04/20/2023,TUS,AZ,AWP,CE,Towers with Radar,101,35,23,33,192,0,138,57,17,212,101,173,80,50,404,4,50,54,458
04/21/2023,TUS,AZ,AWP,CE,Towers with Radar,103,45,31,19,198,0,154,76,13,243,103,199,107,32,441,92,34,126,567
04/22/2023,TUS,AZ,AWP,CE,Towers with Radar,99,30,37,0,166,0,61,106,6,173,99,91,143,6,339,28,0,28,367
04/23/2023,TUS,AZ,AWP,CE,Towers with Radar,100,42,33,0,175,0,54,69,10,133,100,96,102,10,308,2,0,2,310
04/24/2023,TUS,AZ,AWP,CE,Towers with Radar,101,42,27,34,204,0,117,45,26,188,101,159,72,60,392,12,78,90,482
04/25/2023,TUS,AZ,AWP,CE,Towers with Radar,103,27,43,39,212,0,119,64,30,213,103,146,107,69,425,44,77,121,546
04/26/2023,TUS,AZ,AWP,CE,Towers with Radar,98,42,50,46,236,0,150,71,21,242,98,192,121,67,478,26,94,120,598
04/27/2023,TUS,AZ,AWP,CE,Towers with Radar,107,44,35,43,229,1,101,84,35,221,108,145,119,78,450,60,64,124,574
04/28/2023,TUS,AZ,AWP,CE,Towers with Radar,109,42,37,49,237,0,120,63,25,208,109,162,100,74,445,28,48,76,521
04/29/2023,TUS,AZ,AWP,CE,Towers with Radar,99,28,21,13,161,0,51,70,11,132,99,79,91,24,293,16,9,25,318
04/30/2023,TUS,AZ,AWP,CE,Towers with Radar,96,36,36,5,173,0,53,62,4,119,96,89,98,9,292,19,0,19,311
05/01/2023,TUS,AZ,AWP,CE,Towers with Radar,102,26,41,31,200,0,44,37,27,108,102,70,78,58,308,12,54,66,374
05/02/2023,TUS,AZ,AWP,CE,Towers with Radar,106,41,55,37,239,0,158,89,25,272,106,199,144,62,511,17,64,81,592
05/03/2023,TUS,AZ,AWP,CE,Towers with Radar,103,35,52,37,227,0,56,68,20,144,103,91,120,57,371,22,40,62,433
05/04/2023,TUS,AZ,AWP,CE,Towers with Radar,102,35,33,53,223,0,96,49,26,171,102,131,82,79,394,40,86,126,520
05/05/2023,TUS,AZ,AWP,CE,Towers with Radar,102,35,42,21,200,0,137,64,26,227,102,172,106,47,427,22,31,53,480
05/06/2023,TUS,AZ,AWP,CE,Towers with Radar,86,28,36,24,174,0,113,120,16,249,86,141,156,40,423,26,79,105,528
05/07/2023,TUS,AZ,AWP,CE,Towers with Radar,90,21,42,4,157,0,96,70,7,173,90,117,112,11,330,44,4,48,378
05/08/2023,TUS,AZ,AWP,CE,Towers with Radar,93,40,38,1,172,0,45,60,4,109,93,85,98,5,281,54,0,54,335
05/09/2023,TUS,AZ,AWP,CE,Towers with Radar,95,30,28,36,189,0,109,55,16,180,95,139,83,52,369,24,49,73,442
05/10/2023,TUS,AZ,AWP,CE,Towers with Radar,91,37,36,40,204,0,155,76,26,257,91,192,112,66,461,48,67,115,576
05/11/2023,TUS,AZ,AWP,CE,Towers with Radar,93,38,59,34,224,0,115,85,20,220,93,153,144,54,444,40,63,103,547
05/12/2023,TUS,AZ,AWP,CE,Towers with Radar,95,36,34,32,197,0,110,87,13,210,95,146,121,45,407,34,64,98,505
05/13/2023,TUS,AZ,AWP,CE,Towers with Radar,88,36,45,13,182,0,120,79,5,204,88,156,124,18,386,78,4,82,468
05/14/2023,TUS,AZ,AWP,CE,Towers with Radar,87,27,25,20,159,0,6,35,5,46,87,33,60,25,205,0,7,7,212
05/15/2023,TUS,AZ,AWP,CE,Towers with Radar,99,22,18,27,166,0,100,32,18,150,99,122,50,45,316,14,64,78,394
05/16/2023,TUS,AZ,AWP,CE,Towers with Radar,90,21,31,35,177,0,104,45,19,168,90,125,76,54,345,44,81,125,470
05/17/2023,TUS,AZ,AWP,CE,Towers with Radar,99,31,30,38,198,0,120,47,27,194,99,151,77,65,392,45,54,99,491
05/18/2023,TUS,AZ,AWP,CE,Towers with Radar,111,26,44,24,205,0,64,52,13,129,111,90,96,37,334,56,34,90,424
05/19/2023,TUS,AZ,AWP,CE,Towers with Radar,98,34,38,20,190,0,87,59,10,156,98,121,97,30,346,50,33,83,429
05/20/2023,TUS,AZ,AWP,CE,Towers with Radar,89,43,34,8,174,0,105,67,7,179,89,148,101,15,353,24,0,24,377
05/21/2023,TUS,AZ,AWP,CE,Towers with Radar,96,45,39,1,181,0,120,76,6,202,96,165,115,7,383,8,0,8,391
05/22/2023,TUS,AZ,AWP,CE,Towers with Radar,100,23,32,48,203,0,61,76,18,155,100,84,108,66,358,68,63,131,489
05/23/2023,TUS,AZ,AWP,CE,Towers with Radar,93,42,41,53,229,0,61,63,21,145,93,103,104,74,374,40,84,124,498
05/24/2023,TUS,AZ,AWP,CE,Towers with Radar,97,54,27,33,211,0,55,75,24,154,97,109,102,57,365,28,62,90,455
05/25/2023,TUS,AZ,AWP,CE,Towers with Radar,95,28,52,42,217,0,112,68,24,204,95,140,120,66,421,50,59,109,530
05/26/2023,TUS,AZ,AWP,CE,Towers with Radar,106,36,42,8,192,0,145,63,7,215,106,181,105,15,407,44,0,44,451
05/27/2023,TUS,AZ,AWP,CE,Towers with Radar,79,25,20,2,126,0,51,58,10,119,79,76,78,12,245,26,0,26,271
05/28/2023,TUS,AZ,AWP,CE,Towers with Radar,82,29,16,1,128,0,92,65,5,162,82,121,81,6,290,62,0,62,352
05/29/2023,TUS,AZ,AWP,CE,Towers with Radar,86,30,32,0,148,0,71,67,5,143,86,101,99,5,291,24,11,35,326
05/30/2023,TUS,AZ,AWP,CE,Towers with Radar,87,41,26,40,194,0,72,56,14,142,87,113,82,54,336,10,44,54,390
05/31/2023,TUS,AZ,AWP,CE,Towers with Radar,99,41,25,36,201,0,41,58,20,119,99,82,83,56,320,16,60,76,396
06/01/2023,TUS,AZ,AWP,CE,Towers with Radar,92,41,51,49,233,0,120,63,22,205,92,161,114,71,438,22,68,90,528
06/02/2023,TUS,AZ,AWP,CE,Towers with Radar,94,34,30,42,200,0,108,57,24,189,94,142,87,66,389,44,62,106,495
06/03/2023,TUS,AZ,AWP,CE,Towers with Radar,82,29,27,21,159,0,126,52,32,210,82,155,79,53,369,50,79,129,498
06/04/2023,TUS,AZ,AWP,CE,Towers with Radar,83,17,27,18,145,0,119,52,14,185,83,136,79,32,330,38,29,67,397
06/05/2023,TUS,AZ,AWP,CE,Towers with Radar,90,34,29,2,155,0,84,53,3,140,90,118,82,5,295,0,0,0,295
06/06/2023,TUS,AZ,AWP,CE,Towers with Radar,87,37,21,27,172,0,58,37,16,111,87,95,58,43,283,24,43,67,350
06/07/2023,TUS,AZ,AWP,CE,Towers with Radar,88,30,38,46,202,0,97,81,21,199,88,127,119,67,401,52,78,130,531
06/08/2023,TUS,AZ,AWP,CE,Towers with Radar,90,52,32,39,213,0,108,56,21,185,90,160,88,60,398,57,63,120,518
06/09/2023,TUS,AZ,AWP,CE,Towers with Radar,101,19,25,45,190,0,57,72,22,151,101,76,97,67,341,82,50,132,473
06/10/2023,TUS,AZ,AWP,CE,Towers with Radar,81,20,22,18,141,0,70,73,11,154,81,90,95,29,295,36,12,48,343
06/11/2023,TUS,AZ,AWP,CE,Towers with Radar,87,16,26,7,136,0,13,51,8,72,87,29,77,15,208,10,0,10,218
06/12/2023,TUS,AZ,AWP,CE,Towers with Radar,87,26,24,40,177,0,74,60,21,155,87,100,84,61,332,12,84,96,428
06/13/2023,TUS,AZ,AWP,CE,Towers with Radar,84,28,18,37,167,0,119,58,7,184,84,147,76,44,351,38,63,101,452
06/14/2023,TUS,AZ,AWP,CE,Towers with Radar,99,27,26,27,179,0,212,69,16,297,99,239,95,43,476,92,53,145,621
06/15/2023,TUS,AZ,AWP,CE,Towers with Radar,88,22,28,35,173,0,83,63,17,163,88,105,91,52,336,50,56,106,442
06/16/2023,TUS,AZ,AWP,CE,Towers with Radar,97,29,26,19,171,0,84,48,10,142,97,113,74,29,313,0,23,23,336
06/17/2023,TUS,AZ,AWP,CE,Towers with Radar,76,29,26,0,131,0,83,47,7,137,76,112,73,7,268,68,0,68,336
06/18/2023,TUS,AZ,AWP,CE,Towers with Radar,85,24,30,4,143,0,58,51,10,119,85,82,81,14,262,22,0,22,284
06/19/2023,TUS,AZ,AWP,CE,Towers with Radar,90,39,31,1,161,0,76,41,1,118,90,115,72,2,279,4,0,4,283
06/20/2023,TUS,AZ,AWP,CE,Towers with Radar,94,27,22,36,179,1,100,68,33,202,95,127,90,69,381,36,54,90,471
06/21/2023,TUS,AZ,AWP,CE,Towers with Radar,85,40,22,36,183,0,73,49,20,142,85,113,71,56,325,32,50,82,407
06/22/2023,TUS,AZ,AWP,CE,Towers with Radar,94,19,29,43,185,0,73,49,24,146,94,92,78,67,331,26,71,97,428
06/23/2023,TUS,AZ,AWP,CE,Towers with Radar,93,31,32,31,187,0,59,42,15,116,93,90,74,46,303,0,43,43,346
06/24/2023,TUS,AZ,AWP,CE,Towers with Radar,86,27,23,1,137,0,66,52,7,125,86,93,75,8,262,26,6,32,294
06/25/2023,TUS,AZ,AWP,CE,Towers with Radar,78,29,19,5,131,0,21,47,5,73,78,50,66,10,204,26,3,29,233
06/26/2023,TUS,AZ,AWP,CE,Towers with Radar,86,20,26,7,139,0,39,47,5,91,86,59,73,12,230,68,0,68,298
06/27/2023,TUS,AZ,AWP,CE,Towers with Radar,86,25,14,36,161,0,69,49,35,153,86,94,63,71,314,50,68,118,432
06/28/2023,TUS,AZ,AWP,CE,Towers with Radar,90,20,24,45,179,0,55,53,25,133,90,75,77,70,312,30,70,100,412
06/29/2023,TUS,AZ,AWP,CE,Towers with Radar,89,26,23,44,182,0,88,58,25,171,89,114,81,69,353,14,86,100,453
06/30/2023,TUS,AZ,AWP,CE,Towers with Radar,100,34,26,29,189,0,117,51,19,187,100,151,77,48,376,64,63,127,503
07/01/2023,TUS,AZ,AWP,CE,Towers with Radar,80,12,23,2,117,0,85,34,9,128,80,97,57,11,245,20,0,20,265
07/02/2023,TUS,AZ,AWP,CE,Towers with Radar,83,13,27,0,123,0,35,39,4,78,83,48,66,4,201,0,0,0,201
07/03/2023,TUS,AZ,AWP,CE,Towers with Radar,82,17,9,0,108,0,57,29,1,87,82,74,38,1,195,8,0,8,203
07/04/2023,TUS,AZ,AWP,CE,Towers with Radar,70,11,10,3,94,0,35,27,1,63,70,46,37,4,157,0,2,2,159
07/05/2023,TUS,AZ,AWP,CE,Towers with Radar,93,26,16,35,170,0,65,51,23,139,93,91,67,58,309,19,59,78,387
07/06/2023,TUS,AZ,AWP,CE,Towers with Radar,96,30,25,47,198,0,100,45,27,172,96,130,70,74,370,22,70,92,462
07/07/2023,TUS,AZ,AWP,CE,Towers with Radar,93,23,30,41,187,0,73,52,16,141,93,96,82,57,328,54,63,117,445
07/08/2023,TUS,AZ,AWP,CE,Towers with Radar,86,16,22,1,125,0,36,45,5,86,86,52,67,6,211,20,0,20,231
07/09/2023,TUS,AZ,AWP,CE,Towers with Radar,89,16,17,5,127,0,46,50,5,101,89,62,67,10,228,16,0,16,244
07/10/2023,TUS,AZ,AWP,CE,Towers with Radar,93,21,24,40,178,0,26,45,11,82,93,47,69,51,260,20,57,77,337
07/11/2023,TUS,AZ,AWP,CE,Towers with Radar,86,13,23,41,163,0,76,40,18,134,86,89,63,59,297,48,62,110,407
07/12/2023,TUS,AZ,AWP,CE,Towers with Radar,95,29,23,34,181,0,102,41,21,164,95,131,64,55,345,50,79,129,474
07/13/2023,TUS,AZ,AWP,CE,Towers with Radar,103,14,30,33,180,0,73,45,14,132,103,87,75,47,312,70,63,133,445
07/14/2023,TUS,AZ,AWP,CE,Towers with Radar,94,19,47,8,168,0,81,43,7,131,94,100,90,15,299,46,0,46,345
07/15/2023,TUS,AZ,AWP,CE,Towers with Radar,89,16,25,1,131,0,34,43,9,86,89,50,68,10,217,28,0,28,245
07/16/2023,TUS,AZ,AWP,CE,Towers with Radar,79,18,17,1,115,0,33,50,4,87,79,51,67,5,202,14,0,14,216
07/17/2023,TUS,AZ,AWP,CE,Towers with Radar,93,27,22,2,144,0,50,32,4,86,93,77,54,6,230,12,0,12,242
07/18/2023,TUS,AZ,AWP,CE,Towers with Radar,89,28,34,40,191,0,98,48,16,162,89,126,82,56,353,20,63,83,436
07/19/2023,TUS,AZ,AWP,CE,Towers with Radar,101,20,26,36,183,0,69,55,30,154,101,89,81,66,337,14,88,102,439
07/20/2023,TUS,AZ,AWP,CE,Towers with Radar,100,18,26,36,180,0,89,58,26,173,100,107,84,62,353,0,89,89,442
07/21/2023,TUS,AZ,AWP,CE,Towers with Radar,107,23,14,25,169,0,27,52,14,93,107,50,66,39,262,42,76,118,380
07/22/2023,TUS,AZ,AWP,CE,Towers with Radar,87,20,15,1,123,0,70,48,2,120,87,90,63,3,243,12,0,12,255
07/23/2023,TUS,AZ,AWP,CE,Towers with Radar,84,26,18,0,128,0,15,26,8,49,84,41,44,8,177,4,0,4,181
07/24/2023,TUS,AZ,AWP,CE,Towers with Radar,95,19,25,29,168,0,50,41,20,111,95,69,66,49,279,8,67,75,354
07/25/2023,TUS,AZ,AWP,CE,Towers with Radar,93,21,16,43,173,0,53,38,17,108,93,74,54,60,281,22,72,94,375
07/26/2023,TUS,AZ,AWP,CE,Towers with Radar,100,30,36,31,197,0,35,52,16,103,100,65,88,47,300,70,61,131,431
07/27/2023,TUS,AZ,AWP,CE,Towers with Radar,98,30,23,36,187,0,46,53,18,117,98,76,76,54,304,10,70,80,384
07/28/2023,TUS,AZ,AWP,CE,Towers with Radar,92,13,21,42,168,0,27,28,15,70,92,40,49,57,238,16,68,84,322
07/29/2023,TUS,AZ,AWP,CE,Towers with Radar,91,15,32,0,138,0,32,47,5,84,91,47,79,5,222,10,0,10,232
07/30/2023,TUS,AZ,AWP,CE,Towers with Radar,83,24,19,4,130,0,21,50,9,80,83,45,69,13,210,12,0,12,222
07/31/2023,TUS,AZ,AWP,CE,Towers with Radar,97,24,19,35,175,0,50,35,26,111,97,74,54,61,286,10,79,89,375
08/01/2023,TUS,AZ,AWP,CE,Towers with Radar,89,48,20,48,205,0,40,51,23,114,89,88,71,71,319,31,82,113,432
08/02/2023,TUS,AZ,AWP,CE,Towers with Radar,93,45,25,37,200,0,108,40,24,172,93,153,65,61,372,20,62,82,454
08/03/2023,TUS,AZ,AWP,CE,Towers with Radar,96,40,30,44,210,0,135,54,19,208,96,175,84,63,418,30,81,111,529
08/04/2023,TUS,AZ,AWP,CE,Towers with Radar,99,39,19,25,182,0,99,61,19,179,99,138,80,44,361,24,67,91,452
08/05/2023,TUS,AZ,AWP,CE,Towers with Radar,88,26,16,22,152,0,51,51,25,127,88,77,67,47,279,30,65,95,374
08/06/2023,TUS,AZ,AWP,CE,Towers with Radar,85,23,21,14,143,0,20,55,27,102,85,43,76,41,245,40,27,67,312
08/07/2023,TUS,AZ,AWP,CE,Towers with Radar,95,27,16,4,142,0,159,40,6,205,95,186,56,10,347,2,6,8,355
08/08/2023,TUS,AZ,AWP,CE,Towers with Radar,100,28,19,23,170,0,24,30,19,73,100,52,49,42,243,2,69,71,314
08/09/2023,TUS,AZ,AWP,CE,Towers with Radar,98,35,24,33,190,0,55,61,34,150,98,90,85,67,340,20,62,82,422
08/10/2023,TUS,AZ,AWP,CE,Towers with Radar,98,31,35,27,191,0,73,61,29,163,98,104,96,56,354,6,40,46,400
08/11/2023,TUS,AZ,AWP,CE,Towers with Radar,101,24,35,28,188,0,89,61,21,171,101,113,96,49,359,66,62,128,487
08/12/2023,TUS,AZ,AWP,CE,Towers with Radar,88,10,19,2,119,0,46,47,4,97,88,56,66,6,216,28,0,28,244
08/13/2023,TUS,AZ,AWP,CE,Towers with Radar,87,31,22,0,140,0,21,49,5,75,87,52,71,5,215,36,0,36,251
08/14/2023,TUS,AZ,AWP,CE,Towers with Radar,94,20,25,27,166,0,56,39,15,110,94,76,64,42,276,52,63,115,391
08/15/2023,TUS,AZ,AWP,CE,Towers with Radar,94,24,29,43,190,0,98,37,19,154,94,122,66,62,344,28,61,89,433
08/16/2023,TUS,AZ,AWP,CE,Towers with Radar,104,19,28,14,165,0,31,22,5,58,104,50,50,19,223,34,15,49,272
08/17/2023,TUS,AZ,AWP,CE,Towers with Radar,95,12,34,14,155,0,91,33,16,140,95,103,67,30,295,20,31,51,346
08/18/2023,TUS,AZ,AWP,CE,Towers with Radar,96,12,24,18,150,0,52,41,16,109,96,64,65,34,259,14,40,54,313
08/19/2023,TUS,AZ,AWP,CE,Towers with Radar,86,19,20,0,125,0,50,38,4,92,86,69,58,4,217,6,0,6,223
08/20/2023,TUS,AZ,AWP,CE,Towers with Radar,89,15,21,0,125,0,19,24,1,44,89,34,45,1,169,14,0,14,183
08/21/2023,TUS,AZ,AWP,CE,Towers with Radar,92,34,25,9,160,0,65,17,7,89,92,99,42,16,249,2,0,2,251
08/22/2023,TUS,AZ,AWP,CE,Towers with Radar,103,19,13,27,162,0,203,53,20,276,103,222,66,47,438,40,62,102,540
08/23/2023,TUS,AZ,AWP,CE,Towers with Radar,98,13,28,29,168,0,69,50,25,144,98,82,78,54,312,46,72,118,430
08/24/2023,TUS,AZ,AWP,CE,Towers with Radar,99,28,33,38,198,0,155,61,26,242,99,183,94,64,440,48,54,102,542
08/25/2023,TUS,AZ,AWP,CE,Towers with Radar,99,21,22,35,177,0,36,56,19,111,99,57,78,54,288,18,58,76,364
08/26/2023,TUS,AZ,AWP,CE,Towers with Radar,88,24,26,5,143,0,51,45,11,107,88,75,71,16,250,24,0,24,274
08/27/2023,TUS,AZ,AWP,CE,Towers with Radar,93,18,28,2,141,0,36,55,4,95,93,54,83,6,236,42,6,48,284
08/28/2023,TUS,AZ,AWP,CE,Towers with Radar,95,26,13,29,163,0,81,44,19,144,95,107,57,48,307,12,65,77,384
08/29/2023,TUS,AZ,AWP,CE,Towers with Radar,100,29,22,46,197,0,140,67,14,221,100,169,89,60,418,42,87,129,547
08/30/2023,TUS,AZ,AWP,CE,Towers with Radar,107,21,27,26,181,0,159,36,18,213,107,180,63,44,394,16,28,44,438
08/31/2023,TUS,AZ,AWP,CE,Towers with Radar,107,30,25,30,192,1,43,39,17,100,108,73,64,47,292,2,74,76,368
01/01/2020,TUS,AZ,AWP,WE,Towers with Radar,107,25,19,0,151,0,7,61,0,68,107,32,80,0,219,40,0,40,259
01/02/2020,TUS,AZ,AWP,WE,Towers with Radar,128,33,35,23,219,0,11,48,20,79,128,44,83,43,298,46,28,74,372
01/03/2020,TUS,AZ,AWP,WE,Towers with Radar,125,25,50,27,227,0,13,81,31,125,125,38,131,58,352,58,12,70,422
01/04/2020,TUS,AZ,AWP,WE,Towers with Radar,111,24,33,0,168,0,14,93,3,110,111,38,126,3,278,58,0,58,336
01/05/2020,TUS,AZ,AWP,WE,Towers with Radar,122,23,40,1,186,0,16,59,2,77,122,39,99,3,263,26,0,26,289
01/06/2020,TUS,AZ,AWP,WE,Towers with Radar,112,33,41,39,225,0,6,60,20,86,112,39,101,59,311,44,34,78,389
01/07/2020,TUS,AZ,AWP,WE,Towers with Radar,102,60,36,41,239,0,25,32,22,79,102,85,68,63,318,45,30,75,393
01/08/2020,TUS,AZ,AWP,WE,Towers with Radar,106,54,32,46,238,0,17,68,24,109,106,71,100,70,347,93,46,139,486
01/09/2020,TUS,AZ,AWP,WE,Towers with Radar,111,33,68,26,238,0,13,69,29,111,111,46,137,55,349,40,26,66,415
01/10/2020,TUS,AZ,AWP,WE,Towers with Radar,105,35,40,92,272,0,10,73,19,102,105,45,113,111,374,88,22,110,484
01/11/2020,TUS,AZ,AWP,WE,Towers with Radar,89,28,43,28,188,0,9,166,19,194,89,37,209,47,382,94,52,146,528
01/12/2020,TUS,AZ,AWP,WE,Towers with Radar,111,21,40,18,190,0,8,86,19,113,111,29,126,37,303,126,8,134,437
01/13/2020,TUS,AZ,AWP,WE,Towers with Radar,115,41,29,7,192,0,16,75,3,94,115,57,104,10,286,128,0,128,414
01/14/2020,TUS,AZ,AWP,WE,Towers with Radar,99,35,28,40,202,0,8,65,30,103,99,43,93,70,305,96,34,130,435
01/15/2020,TUS,AZ,AWP,WE,Towers with Radar,108,36,39,39,222,0,15,74,32,121,108,51,113,71,343,46,66,112,455
01/16/2020,TUS,AZ,AWP,WE,Towers with Radar,112,39,36,38,225,0,10,33,31,74,112,49,69,69,299,72,20,92,391
01/17/2020,TUS,AZ,AWP,WE,Towers with Radar,116,30,46,42,234,0,8,110,16,134,116,38,156,58,368,64,23,87,455
01/18/2020,TUS,AZ,AWP,WE,Towers with Radar,88,36,44,3,171,0,7,132,2,141,88,43,176,5,312,90,0,90,402
01/19/2020,TUS,AZ,AWP,WE,Towers with Radar,106,26,34,2,168,0,6,71,1,78,106,32,105,3,246,10,0,10,256
01/20/2020,TUS,AZ,AWP,WE,Towers with Radar,108,37,51,0,196,0,5,41,1,47,108,42,92,1,243,38,0,38,281
01/21/2020,TUS,AZ,AWP,WE,Towers with Radar,100,37,51,24,212,0,0,19,7,26,100,37,70,31,238,25,2,27,265
01/22/2020,TUS,AZ,AWP,WE,Towers with Radar,106,42,53,61,262,0,4,55,11,70,106,46,108,72,332,58,8,66,398
01/23/2020,TUS,AZ,AWP,WE,Towers with Radar,116,28,33,44,221,0,16,78,24,118,116,44,111,68,339,64,32,96,435
01/24/2020,TUS,AZ,AWP,WE,Towers with Radar,113,47,50,57,267,0,6,80,16,102,113,53,130,73,369,107,13,120,489
01/25/2020,TUS,AZ,AWP,WE,Towers with Radar,91,27,30,14,162,0,15,162,4,181,91,42,192,18,343,62,0,62,405
01/26/2020,TUS,AZ,AWP,WE,Towers with Radar,111,33,30,5,179,0,14,73,9,96,111,47,103,14,275,67,0,67,342
01/27/2020,TUS,AZ,AWP,WE,Towers with Radar,108,30,35,11,184,0,16,66,18,100,108,46,101,29,284,84,2,86,370
01/28/2020,TUS,AZ,AWP,WE,Towers with Radar,100,49,49,39,237,0,13,93,28,134,100,62,142,67,371,106,14,120,491
01/29/2020,TUS,AZ,AWP,WE,Towers with Radar,106,35,38,37,216,0,14,71,35,120,106,49,109,72,336,38,34,72,408
01/30/2020,TUS,AZ,AWP,WE,Towers with Radar,113,34,46,35,228,0,11,80,18,109,113,45,126,53,337,93,14,107,444
01/31/2020,TUS,AZ,AWP,WE,Towers with Radar,110,40,31,47,228,0,9,79,21,109,110,49,110,68,337,68,18,86,423
02/01/2020,TUS,AZ,AWP,CE,Towers with Radar,92,30,29,0,151,0,13,149,3,165,92,43,178,3,316,74,0,74,390
02/02/2020,TUS,AZ,AWP,CE,Towers with Radar,104,36,42,0,182,0,5,81,1,87,104,41,123,1,269,36,0,36,305
02/03/2020,TUS,AZ,AWP,CE,Towers with Radar,108,43,33,30,214,0,3,32,22,57,108,46,65,52,271,4,31,35,306
02/04/2020,TUS,AZ,AWP,CE,Towers with Radar,101,42,50,44,237,0,11,60,37,108,101,53,110,81,345,90,24,114,459
02/05/2020,TUS,AZ,AWP,CE,Towers with Radar,102,41,37,35,215,0,22,93,26,141,102,63,130,61,356,106,34,140,496
02/06/2020,TUS,AZ,AWP,CE,Towers with Radar,114,45,32,42,233,0,15,72,36,123,114,60,104,78,356,78,49,127,483
02/07/2020,TUS,AZ,AWP,CE,Towers with Radar,110,45,43,69,267,0,14,90,13,117,110,59,133,82,384,98,30,128,512
02/08/2020,TUS,AZ,AWP,CE,Towers with Radar,100,37,48,17,202,0,13,167,21,201,100,50,215,38,403,65,2,67,470
02/09/2020,TUS,AZ,AWP,CE,Towers with Radar,109,36,42,21,208,0,20,53,12,85,109,56,95,33,293,24,16,40,333
02/10/2020,TUS,AZ,AWP,CE,Towers with Radar,110,29,26,5,170,0,4,41,2,47,110,33,67,7,217,7,7,14,231
02/11/2020,TUS,AZ,AWP,CE,Towers with Radar,112,31,33,60,236,0,0,30,7,37,112,31,63,67,273,24,30,54,327
02/12/2020,TUS,AZ,AWP,CE,Towers with Radar,106,38,41,47,232,0,13,77,16,106,106,51,118,63,338,26,32,58,396
02/13/2020,TUS,AZ,AWP,CE,Towers with Radar,122,42,52,37,253,0,12,103,23,138,122,54,155,60,391,10,20,30,421
02/14/2020,TUS,AZ,AWP,CE,Towers with Radar,128,33,42,1,204,0,18,113,3,134,128,51,155,4,338,33,0,33,371
02/15/2020,TUS,AZ,AWP,CE,Towers with Radar,104,41,35,10,190,0,19,166,2,187,104,60,201,12,377,78,0,78,455
02/16/2020,TUS,AZ,AWP,CE,Towers with Radar,118,33,36,7,194,0,11,79,0,90,118,44,115,7,284,101,0,101,385
02/17/2020,TUS,AZ,AWP,CE,Towers with Radar,126,35,45,0,206,0,21,78,1,100,126,56,123,1,306,36,0,36,342
02/18/2020,TUS,AZ,AWP,CE,Towers with Radar,117,46,36,48,247,0,21,80,26,127,117,67,116,74,374,164,39,203,577
02/19/2020,TUS,AZ,AWP,CE,Towers with Radar,118,34,39,41,232,0,16,76,25,117,118,50,115,66,349,144,26,170,519
02/20/2020,TUS,AZ,AWP,CE,Towers with Radar,132,35,33,44,244,0,19,91,22,132,132,54,124,66,376,162,22,184,560
02/21/2020,TUS,AZ,AWP,CE,Towers with Radar,123,39,41,5,208,0,11,32,6,49,123,50,73,11,257,134,0,134,391
02/22/2020,TUS,AZ,AWP,CE,Towers with Radar,106,36,41,0,183,0,2,24,0,26,106,38,65,0,209,24,0,24,233
02/23/2020,TUS,AZ,AWP,CE,Towers with Radar,120,35,28,3,186,0,7,43,2,52,120,42,71,5,238,112,0,112,350
02/24/2020,TUS,AZ,AWP,CE,Towers with Radar,128,22,38,37,225,0,16,93,12,121,128,38,131,49,346,152,14,166,512
02/25/2020,TUS,AZ,AWP,CE,Towers with Radar,116,39,40,49,244,0,16,58,20,94,116,55,98,69,338,175,15,190,528
02/26/2020,TUS,AZ,AWP,CE,Towers with Radar,119,41,62,39,261,0,14,77,18,109,119,55,139,57,370,208,12,220,590
02/27/2020,TUS,AZ,AWP,CE,Towers with Radar,127,35,37,34,233,0,25,90,19,134,127,60,127,53,367,234,8,242,609
02/28/2020,TUS,AZ,AWP,CE,Towers with Radar,122,32,32,35,221,0,12,115,18,145,122,44,147,53,366,130,20,150,516
02/29/2020,TUS,AZ,AWP,CE,Towers with Radar,106,44,34,3,187,0,17,150,4,171,106,61,184,7,358,91,0,91,449
03/01/2020,TUS,AZ,AWP,CE,Towers with Radar,125,39,46,0,210,0,11,68,0,79,125,50,114,0,289,42,0,42,331
03/02/2020,TUS,AZ,AWP,CE,Towers with Radar,120,33,28,33,214,0,6,63,22,91,120,39,91,55,305,33,26,59,364
03/03/2020,TUS,AZ,AWP,CE,Towers with Radar,118,21,35,33,207,0,19,63,10,92,118,40,98,43,299,74,2,76,375
03/04/2020,TUS,AZ,AWP,CE,Towers with Radar,121,23,48,33,225,0,24,118,20,162,121,47,166,53,387,72,6,78,465
03/05/2020,TUS,AZ,AWP,CE,Towers with Radar,135,37,68,33,273,0,7,81,18,106,135,44,149,51,379,60,20,80,459
03/06/2020,TUS,AZ,AWP,CE,Towers with Radar,123,28,41,44,236,0,17,78,11,106,123,45,119,55,342,114,28,142,484
03/07/2020,TUS,AZ,AWP,CE,Towers with Radar,110,42,37,24,213,0,21,146,19,186,110,63,183,43,399,66,36,102,501
03/08/2020,TUS,AZ,AWP,CE,Towers with Radar,119,31,26,13,189,0,10,45,11,66,119,41,71,24,255,38,8,46,301
03/09/2020,TUS,AZ,AWP,CE,Towers with Radar,122,38,33,24,217,0,23,90,16,129,122,61,123,40,346,66,14,80,426
03/10/2020,TUS,AZ,AWP,CE,Towers with Radar,119,47,47,36,249,0,12,58,12,82,119,59,105,48,331,41,26,67,398
03/11/2020,TUS,AZ,AWP,CE,Towers with Radar,115,33,54,36,238,0,7,42,13,62,115,40,96,49,300,68,16,84,384
03/12/2020,TUS,AZ,AWP,CE,Towers with Radar,129,52,47,26,254,0,3,30,16,49,129,55,77,42,303,74,4,78,381
03/13/2020,TUS,AZ,AWP,CE,Towers with Radar,122,41,34,2,199,0,15,55,3,73,122,56,89,5,272,106,0,106,378
03/14/2020,TUS,AZ,AWP,CE,Towers with Radar,114,39,43,2,198,0,16,146,0,162,114,55,189,2,360,176,0,176,536
03/15/2020,TUS,AZ,AWP,CE,Towers with Radar,119,44,58,0,221,0,9,97,0,106,119,53,155,0,327,20,0,20,347
03/16/2020,TUS,AZ,AWP,CE,Towers with Radar,123,43,38,27,231,0,19,86,15,120,123,62,124,42,351,116,14,130,481
03/17/2020,TUS,AZ,AWP,CE,Towers with Radar,120,49,49,25,243,0,10,60,17,87,120,59,109,42,330,79,7,86,416
03/18/2020,TUS,AZ,AWP,CE,Towers with Radar,109,32,19,3,163,0,1,25,1,27,109,33,44,4,190,34,0,34,224
03/19/2020,TUS,AZ,AWP,CE,Towers with Radar,110,23,36,26,195,0,18,60,13,91,110,41,96,39,286,112,12,124,410
03/20/2020,TUS,AZ,AWP,CE,Towers with Radar,108,37,34,29,208,0,15,75,17,107,108,52,109,46,315,95,20,115,430
03/21/2020,TUS,AZ,AWP,CE,Towers with Radar,91,21,40,2,154,0,11,69,0,80,91,32,109,2,234,145,0,145,379
03/22/2020,TUS,AZ,AWP,CE,Towers with Radar,96,21,28,0,145,0,9,60,0,69,96,30,88,0,214,158,0,158,372
03/23/2020,TUS,AZ,AWP,CE,Towers with Radar,78,30,19,4,131,0,10,52,7,69,78,40,71,11,200,8,0,8,208
03/24/2020,TUS,AZ,AWP,CE,Towers with Radar,83,29,23,40,175,0,9,73,14,96,83,38,96,54,271,48,10,58,329
03/25/2020,TUS,AZ,AWP,CE,Towers with Radar,85,22,17,43,167,0,25,67,18,110,85,47,84,61,277,46,22,68,345
03/26/2020,TUS,AZ,AWP,CE,Towers with Radar,89,16,17,30,152,0,11,63,31,105,89,27,80,61,257,32,50,82,339
03/27/2020,TUS,AZ,AWP,CE,Towers with Radar,65,9,9,28,111,0,12,52,8,72,65,21,61,36,183,64,12,76,259
03/28/2020,TUS,AZ,AWP,CE,Towers with Radar,63,32,25,0,120,0,7,91,0,98,63,39,116,0,218,144,0,144,362
03/29/2020,TUS,AZ,AWP,CE,Towers with Radar,73,9,18,0,100,0,8,49,0,57,73,17,67,0,157,62,0,62,219
03/30/2020,TUS,AZ,AWP,CE,Towers with Radar,66,20,16,36,138,0,8,48,10,66,66,28,64,46,204,60,18,78,282
03/31/2020,TUS,AZ,AWP,CE,Towers with Radar,72,16,20,42,150,0,9,59,16,84,72,25,79,58,234,115,24,139,373
04/01/2020,TUS,AZ,AWP,CE,Towers with Radar,64,28,21,28,141,0,7,39,18,64,64,35,60,46,205,102,36,138,343
04/02/2020,TUS,AZ,AWP,CE,Towers with Radar,71,17,16,37,141,0,7,53,17,77,71,24,69,54,218,60,4,64,282
04/03/2020,TUS,AZ,AWP,CE,Towers with Radar,53,11,14,23,101,0,5,57,9,71,53,16,71,32,172,62,12,74,246
04/04/2020,TUS,AZ,AWP,CE,Towers with Radar,51,14,20,1,86,0,6,62,2,70,51,20,82,3,156,68,0,68,224
04/05/2020,TUS,AZ,AWP,CE,Towers with Radar,56,11,9,1,77,0,11,37,1,49,56,22,46,2,126,51,0,51,177
04/06/2020,TUS,AZ,AWP,CE,Towers with Radar,55,22,10,5,92,0,9,55,2,66,55,31,65,7,158,84,0,84,242
04/07/2020,TUS,AZ,AWP,CE,Towers with Radar,55,14,16,32,117,0,12,45,13,70,55,26,61,45,187,36,6,42,229
04/08/2020,TUS,AZ,AWP,CE,Towers with Radar,69,18,13,36,136,0,8,42,18,68,69,26,55,54,204,70,22,92,296
04/09/2020,TUS,AZ,AWP,CE,Towers with Radar,49,24,27,45,145,0,16,65,17,98,49,40,92,62,243,60,72,132,375
04/10/2020,TUS,AZ,AWP,CE,Towers with Radar,47,18,19,38,122,0,16,65,16,97,47,34,84,54,219,104,38,142,361
04/11/2020,TUS,AZ,AWP,CE,Towers with Radar,36,10,13,0,59,0,6,31,0,37,36,16,44,0,96,86,0,86,182
04/12/2020,TUS,AZ,AWP,CE,Towers with Radar,33,8,15,0,56,0,8,52,0,60,33,16,67,0,116,4,0,4,120
04/13/2020,TUS,AZ,AWP,CE,Towers with Radar,39,20,8,32,99,0,6,45,9,60,39,26,53,41,159,42,18,60,219
04/14/2020,TUS,AZ,AWP,CE,Towers with Radar,37,14,17,27,95,0,15,66,6,87,37,29,83,33,182,54,8,62,244
04/15/2020,TUS,AZ,AWP,CE,Towers with Radar,30,24,23,23,100,0,19,65,10,94,30,43,88,33,194,78,4,82,276
04/16/2020,TUS,AZ,AWP,CE,Towers with Radar,32,15,16,26,89,0,8,52,9,69,32,23,68,35,158,38,16,54,212
04/17/2020,TUS,AZ,AWP,CE,Towers with Radar,38,12,22,18,90,0,8,40,6,54,38,20,62,24,144,0,12,12,156
04/18/2020,TUS,AZ,AWP,CE,Towers with Radar,29,23,12,2,66,0,17,57,1,75,29,40,69,3,141,4,0,4,145
04/19/2020,TUS,AZ,AWP,CE,Towers with Radar,26,10,17,1,54,0,5,63,2,70,26,15,80,3,124,55,0,55,179
04/20/2020,TUS,AZ,AWP,CE,Towers with Radar,28,11,12,17,68,0,6,48,7,61,28,17,60,24,129,68,20,88,217
04/21/2020,TUS,AZ,AWP,CE,Towers with Radar,29,17,14,32,92,0,11,43,8,62,29,28,57,40,154,68,33,101,255
04/22/2020,TUS,AZ,AWP,CE,Towers with Radar,35,20,17,20,92,0,12,57,10,79,35,32,74,30,171,18,4,22,193
04/23/2020,TUS,AZ,AWP,CE,Towers with Radar,27,16,16,33,92,0,15,58,13,86,27,31,74,46,178,51,14,65,243
04/24/2020,TUS,AZ,AWP,CE,Towers with Radar,50,29,21,19,119,0,6,66,8,80,50,35,87,27,199,36,4,40,239
04/25/2020,TUS,AZ,AWP,CE,Towers with Radar,28,12,16,5,61,0,14,78,3,95,28,26,94,8,156,128,0,128,284
04/26/2020,TUS,AZ,AWP,CE,Towers with Radar,28,12,19,1,60,0,8,59,2,69,28,20,78,3,129,67,0,67,196
04/27/2020,TUS,AZ,AWP,CE,Towers with Radar,26,16,16,14,72,0,7,34,15,56,26,23,50,29,128,28,6,34,162
04/28/2020,TUS,AZ,AWP,CE,Towers with Radar,26,16,30,25,97,0,14,71,9,94,26,30,101,34,191,94,8,102,293
04/29/2020,TUS,AZ,AWP,CE,Towers with Radar,39,24,26,19,108,0,16,71,3,90,39,40,97,22,198,52,2,54,252
04/30/2020,TUS,AZ,AWP,CE,Towers with Radar,39,27,33,23,122,0,13,49,15,77,39,40,82,38,199,96,16,112,311
05/01/2020,TUS,AZ,AWP,CE,Towers with Radar,40,21,48,18,127,0,3,54,14,71,40,24,102,32,198,82,10,92,290
05/02/2020,TUS,AZ,AWP,CE,Towers with Radar,35,18,20,0,73,0,7,66,0,73,35,25,86,0,146,84,0,84,230
05/03/2020,TUS,AZ,AWP,CE,Towers with Radar,23,10,18,0,51,0,7,48,2,57,23,17,66,2,108,114,0,114,222
05/04/2020,TUS,AZ,AWP,CE,Towers with Radar,26,18,12,21,77,0,5,64,14,83,26,23,76,35,160,74,8,82,242
05/05/2020,TUS,AZ,AWP,CE,Towers with Radar,37,21,31,33,122,0,10,54,21,85,37,31,85,54,207,94,22,116,323
05/06/2020,TUS,AZ,AWP,CE,Towers with Radar,48,23,22,18,111,0,14,49,15,78,48,37,71,33,189,58,14,72,261
05/07/2020,TUS,AZ,AWP,CE,Towers with Radar,44,16,22,30,112,0,6,51,15,72,44,22,73,45,184,76,20,96,280
05/08/2020,TUS,AZ,AWP,CE,Towers with Radar,42,34,27,27,130,0,7,75,4,86,42,41,102,31,216,146,18,164,380
05/09/2020,TUS,AZ,AWP,CE,Towers with Radar,31,12,15,0,58,0,0,87,0,87,31,12,102,0,145,60,0,60,205
05/10/2020,TUS,AZ,AWP,CE,Towers with Radar,39,11,10,0,60,0,3,58,2,63,39,14,68,2,123,47,0,47,170
05/11/2020,TUS,AZ,AWP,CE,Towers with Radar,39,24,35,39,137,0,17,74,17,108,39,41,109,56,245,108,4,112,357
05/12/2020,TUS,AZ,AWP,CE,Towers with Radar,42,25,20,30,117,0,27,67,7,101,42,52,87,37,218,72,4,76,294
05/13/2020,TUS,AZ,AWP,CE,Towers with Radar,41,32,29,31,133,0,12,69,13,94,41,44,98,44,227,68,11,79,306
05/14/2020,TUS,AZ,AWP,CE,Towers with Radar,40,31,23,32,126,0,12,80,14,106,40,43,103,46,232,116,20,136,368
05/15/2020,TUS,AZ,AWP,CE,Towers with Radar,43,22,36,37,138,1,17,59,16,93,44,39,95,53,231,97,26,123,354
05/16/2020,TUS,AZ,AWP,CE,Towers with Radar,33,10,25,9,77,0,11,86,6,103,33,21,111,15,180,132,10,142,322
05/17/2020,TUS,AZ,AWP,CE,Towers with Radar,34,14,26,1,75,0,10,58,1,69,34,24,84,2,144,24,0,24,168
05/18/2020,TUS,AZ,AWP,CE,Towers with Radar,43,19,22,23,107,4,11,58,10,83,47,30,80,33,190,18,32,50,240
05/19/2020,TUS,AZ,AWP,CE,Towers with Radar,41,17,12,28,98,0,18,62,12,92,41,35,74,40,190,62,10,72,262
05/20/2020,TUS,AZ,AWP,CE,Towers with Radar,40,39,24,18,121,0,13,80,10,103,40,52,104,28,224,70,20,90,314
05/21/2020,TUS,AZ,AWP,CE,Towers with Radar,45,21,36,29,131,0,11,82,5,98,45,32,118,34,229,86,8,94,323
05/22/2020,TUS,AZ,AWP,CE,Towers with Radar,43,34,41,12,130,0,13,83,10,106,43,47,124,22,236,92,14,106,342
05/23/2020,TUS,AZ,AWP,CE,Towers with Radar,36,15,23,0,74,0,9,63,0,72,36,24,86,0,146,91,0,91,237
05/24/2020,TUS,AZ,AWP,CE,Towers with Radar,34,3,18,0,55,0,19,60,2,81,34,22,78,2,136,76,0,76,212
05/25/2020,TUS,AZ,AWP,CE,Towers with Radar,38,17,14,0,69,0,10,74,2,86,38,27,88,2,155,82,0,82,237
05/26/2020,TUS,AZ,AWP,CE,Towers with Radar,34,29,21,43,127,1,17,73,15,106,35,46,94,58,233,88,22,110,343
05/27/2020,TUS,AZ,AWP,CE,Towers with Radar,43,24,31,32,130,0,12,71,19,102,43,36,102,51,232,66,18,84,316
05/28/2020,TUS,AZ,AWP,CE,Towers with Radar,40,30,26,32,128,0,11,71,17,99,40,41,97,49,227,186,30,216,443
05/29/2020,TUS,AZ,AWP,CE,Towers with Radar,41,10,23,25,99,0,17,52,10,79,41,27,75,35,178,72,14,86,264
05/30/2020,TUS,AZ,AWP,CE,Towers with Radar,39,13,30,10,92,0,7,42,8,57,39,20,72,18,149,90,10,100,249
05/31/2020,TUS,AZ,AWP,CE,Towers with Radar,40,13,23,5,81,0,14,66,0,80,40,27,89,5,161,62,0,62,223
06/01/2020,TUS,AZ,AWP,CE,Towers with Radar,45,23,18,24,110,0,14,74,9,97,45,37,92,33,207,106,2,108,315
06/02/2020,TUS,AZ,AWP,CE,Towers with Radar,36,13,17,26,92,0,14,70,8,92,36,27,87,34,184,88,12,100,284
06/03/2020,TUS,AZ,AWP,CE,Towers with Radar,46,28,35,37,146,0,13,73,19,105,46,41,108,56,251,62,38,100,351
06/04/2020,TUS,AZ,AWP,CE,Towers with Radar,53,28,37,43,161,0,14,82,3,99,53,42,119,46,260,60,8,68,328
06/05/2020,TUS,AZ,AWP,CE,Towers with Radar,47,29,29,33,138,0,13,82,7,102,47,42,111,40,240,66,24,90,330
06/06/2020,TUS,AZ,AWP,CE,Towers with Radar,39,14,23,1,77,0,4,83,0,87,39,18,106,1,164,96,0,96,260
06/07/2020,TUS,AZ,AWP,CE,Towers with Radar,49,13,25,2,89,0,10,60,8,78,49,23,85,10,167,48,0,48,215
06/08/2020,TUS,AZ,AWP,CE,Towers with Radar,53,31,29,35,148,0,19,69,18,106,53,50,98,53,254,64,10,74,328
06/09/2020,TUS,AZ,AWP,CE,Towers with Radar,46,33,32,37,148,0,11,81,26,118,46,44,113,63,266,92,30,122,388
06/10/2020,TUS,AZ,AWP,CE,Towers with Radar,50,24,37,24,135,0,14,85,13,112,50,38,122,37,247,58,6,64,311
06/11/2020,TUS,AZ,AWP,CE,Towers with Radar,55,25,26,20,126,0,27,74,16,117,55,52,100,36,243,68,8,76,319
06/12/2020,TUS,AZ,AWP,CE,Towers with Radar,59,25,18,21,123,0,13,92,16,121,59,38,110,37,244,103,8,111,355
06/13/2020,TUS,AZ,AWP,CE,Towers with Radar,46,23,8,12,89,0,12,85,8,105,46,35,93,20,194,72,6,78,272
06/14/2020,TUS,AZ,AWP,CE,Towers with Radar,48,11,20,6,85,0,25,57,8,90,48,36,77,14,175,78,4,82,257
06/15/2020,TUS,AZ,AWP,CE,Towers with Radar,52,39,27,11,129,3,10,82,10,105,55,49,109,21,234,94,8,102,336
06/16/2020,TUS,AZ,AWP,CE,Towers with Radar,49,28,19,31,127,0,16,85,20,121,49,44,104,51,248,62,18,80,328
06/17/2020,TUS,AZ,AWP,CE,Towers with Radar,53,30,20,22,125,0,14,69,20,103,53,44,89,42,228,38,28,66,294
06/18/2020,TUS,AZ,AWP,CE,Towers with Radar,55,31,50,39,175,0,14,85,20,119,55,45,135,59,294,82,10,92,386
06/19/2020,TUS,AZ,AWP,CE,Towers with Radar,60,34,40,14,148,0,21,88,22,131,60,55,128,36,279,98,4,102,381
06/20/2020,TUS,AZ,AWP,CE,Towers with Radar,41,11,16,0,68,0,10,106,7,123,41,21,122,7,191,116,0,116,307
06/21/2020,TUS,AZ,AWP,CE,Towers with Radar,48,15,22,0,85,0,11,54,4,69,48,26,76,4,154,100,0,100,254
06/22/2020,TUS,AZ,AWP,CE,Towers with Radar,52,21,43,41,157,0,7,120,9,136,52,28,163,50,293,158,8,166,459
06/23/2020,TUS,AZ,AWP,CE,Towers with Radar,49,26,28,38,141,0,24,84,19,127,49,50,112,57,268,190,10,200,468
06/24/2020,TUS,AZ,AWP,CE,Towers with Radar,49,27,45,22,143,0,17,77,9,103,49,44,122,31,246,82,0,82,328
06/25/2020,TUS,AZ,AWP,CE,Towers with Radar,53,44,35,27,159,0,8,84,6,98,53,52,119,33,257,134,8,142,399
06/26/2020,TUS,AZ,AWP,CE,Towers with Radar,60,29,55,22,166,0,11,107,10,128,60,40,162,32,294,102,0,102,396
06/27/2020,TUS,AZ,AWP,CE,Towers with Radar,54,20,23,15,112,1,11,78,8,98,55,31,101,23,210,64,0,64,274
06/28/2020,TUS,AZ,AWP,CE,Towers with Radar,48,27,20,6,101,0,13,44,7,64,48,40,64,13,165,16,0,16,181
06/29/2020,TUS,AZ,AWP,CE,Towers with Radar,55,24,18,14,111,0,9,52,7,68,55,33,70,21,179,92,6,98,277
06/30/2020,TUS,AZ,AWP,CE,Towers with Radar,52,34,42,22,150,0,11,83,7,101,52,45,125,29,251,54,12,66,317
07/01/2020,TUS,AZ,AWP,CE,Towers with Radar,52,18,44,27,141,0,17,100,15,132,52,35,144,42,273,100,30,130,403
07/02/2020,TUS,AZ,AWP,CE,Towers with Radar,57,23,18,10,108,0,7,60,5,72,57,30,78,15,180,68,3,71,251
07/03/2020,TUS,AZ,AWP,CE,Towers with Radar,60,29,37,0,126,0,17,84,0,101,60,46,121,0,227,39,0,39,266
07/04/2020,TUS,AZ,AWP,CE,Towers with Radar,42,8,9,0,59,0,5,65,0,70,42,13,74,0,129,58,0,58,187
07/05/2020,TUS,AZ,AWP,CE,Towers with Radar,48,18,25,0,91,0,9,49,0,58,48,27,74,0,149,16,0,16,165
07/06/2020,TUS,AZ,AWP,CE,Towers with Radar,55,21,32,26,134,0,12,69,11,92,55,33,101,37,226,80,0,80,306
07/07/2020,TUS,AZ,AWP,CE,Towers with Radar,58,18,32,46,154,0,13,61,16,90,58,31,93,62,244,116,16,132,376
07/08/2020,TUS,AZ,AWP,CE,Towers with Radar,63,19,41,29,152,0,5,67,18,90,63,24,108,47,242,28,16,44,286
07/09/2020,TUS,AZ,AWP,CE,Towers with Radar,65,22,27,33,147,0,10,84,16,110,65,32,111,49,257,82,36,118,375
07/10/2020,TUS,AZ,AWP,CE,Towers with Radar,69,19,36,14,138,0,21,96,8,125,69,40,132,22,263,104,0,104,367
07/11/2020,TUS,AZ,AWP,CE,Towers with Radar,59,9,21,16,105,0,20,57,10,87,59,29,78,26,192,82,2,84,276
07/12/2020,TUS,AZ,AWP,CE,Towers with Radar,64,21,15,5,105,0,11,48,8,67,64,32,63,13,172,28,0,28,200
07/13/2020,TUS,AZ,AWP,CE,Towers with Radar,70,12,28,15,125,0,6,53,18,77,70,18,81,33,202,82,2,84,286
07/14/2020,TUS,AZ,AWP,CE,Towers with Radar,57,23,34,29,143,0,13,73,9,95,57,36,107,38,238,154,14,168,406
07/15/2020,TUS,AZ,AWP,CE,Towers with Radar,63,17,36,17,133,0,10,69,8,87,63,27,105,25,220,72,4,76,296
07/16/2020,TUS,AZ,AWP,CE,Towers with Radar,68,31,24,32,155,0,7,60,18,85,68,38,84,50,240,46,22,68,308
07/17/2020,TUS,AZ,AWP,CE,Towers with Radar,71,30,39,13,153,0,11,71,14,96,71,41,110,27,249,52,2,54,303
07/18/2020,TUS,AZ,AWP,CE,Towers with Radar,59,7,25,0,91,0,16,102,0,118,59,23,127,0,209,86,0,86,295
07/19/2020,TUS,AZ,AWP,CE,Towers with Radar,63,15,22,0,100,0,8,55,3,66,63,23,77,3,166,30,0,30,196
07/20/2020,TUS,AZ,AWP,CE,Towers with Radar,67,22,29,27,145,0,8,78,18,104,67,30,107,45,249,134,18,152,401
07/21/2020,TUS,AZ,AWP,CE,Towers with Radar,58,16,27,44,145,0,17,70,28,115,58,33,97,72,260,202,4,206,466
07/22/2020,TUS,AZ,AWP,CE,Towers with Radar,59,19,20,17,115,0,2,64,12,78,59,21,84,29,193,104,16,120,313
07/23/2020,TUS,AZ,AWP,CE,Towers with Radar,68,16,13,15,112,0,1,36,4,41,68,17,49,19,153,126,6,132,285
07/24/2020,TUS,AZ,AWP,CE,Towers with Radar,72,15,33,22,142,0,5,51,19,75,72,20,84,41,217,126,4,130,347
07/25/2020,TUS,AZ,AWP,CE,Towers with Radar,59,23,15,9,106,0,8,72,11,91,59,31,87,20,197,182,4,186,383
07/26/2020,TUS,AZ,AWP,CE,Towers with Radar,64,27,23,4,118,0,7,62,9,78,64,34,85,13,196,86,0,86,282
07/27/2020,TUS,AZ,AWP,CE,Towers with Radar,68,24,26,26,144,0,2,67,11,80,68,26,93,37,224,30,10,40,264
07/28/2020,TUS,AZ,AWP,CE,Towers with Radar,60,25,31,28,144,0,13,74,18,105,60,38,105,46,249,68,10,78,327
07/29/2020,TUS,AZ,AWP,CE,Towers with Radar,59,29,29,41,158,0,20,85,9,114,59,49,114,50,272,78,6,84,356
07/30/2020,TUS,AZ,AWP,CE,Towers with Radar,62,26,40,26,154,0,18,79,15,112,62,44,119,41,266,42,54,96,362
07/31/2020,TUS,AZ,AWP,CE,Towers with Radar,68,20,29,21,138,0,9,74,8,91,68,29,103,29,229,92,2,94,323
08/01/2020,TUS,AZ,AWP,CE,Towers with Radar,56,6,20,0,82,0,14,58,0,72,56,20,78,0,154,16,0,16,170
08/02/2020,TUS,AZ,AWP,CE,Towers with Radar,56,8,22,1,87,0,6,59,2,67,56,14,81,3,154,115,0,115,269
08/03/2020,TUS,AZ,AWP,CE,Towers with Radar,58,21,27,17,123,0,17,75,11,103,58,38,102,28,226,4,6,10,236
08/04/2020,TUS,AZ,AWP,CE,Towers with Radar,53,24,28,24,129,0,20,88,20,128,53,44,116,44,257,6,7,13,270
08/05/2020,TUS,AZ,AWP,CE,Towers with Radar,52,18,30,29,129,1,19,71,12,103,53,37,101,41,232,8,6,14,246
08/06/2020,TUS,AZ,AWP,CE,Towers with Radar,59,21,38,30,148,0,14,84,12,110,59,35,122,42,258,18,6,24,282
08/07/2020,TUS,AZ,AWP,CE,Towers with Radar,60,32,30,17,139,0,20,72,13,105,60,52,102,30,244,60,32,92,336
08/08/2020,TUS,AZ,AWP,CE,Towers with Radar,50,30,30,14,124,1,18,91,7,117,51,48,121,21,241,16,42,58,299
08/09/2020,TUS,AZ,AWP,CE,Towers with Radar,48,23,25,11,107,0,28,75,8,111,48,51,100,19,218,0,34,34,252
08/10/2020,TUS,AZ,AWP,CE,Towers with Radar,51,19,24,36,130,0,10,76,17,103,51,29,100,53,233,8,16,24,257
08/11/2020,TUS,AZ,AWP,CE,Towers with Radar,53,27,21,30,131,0,14,63,8,85,53,41,84,38,216,0,18,18,234
08/12/2020,TUS,AZ,AWP,CE,Towers with Radar,56,25,24,31,136,1,21,76,13,111,57,46,100,44,247,12,44,56,303
08/13/2020,TUS,AZ,AWP,CE,Towers with Radar,54,24,23,18,119,0,5,83,13,101,54,29,106,31,220,26,10,36,256
08/14/2020,TUS,AZ,AWP,CE,Towers with Radar,59,23,47,12,141,0,9,80,7,96,59,32,127,19,237,12,8,20,257
08/15/2020,TUS,AZ,AWP,CE,Towers with Radar,53,17,25,0,95,0,14,68,1,83,53,31,93,1,178,19,0,19,197
08/16/2020,TUS,AZ,AWP,CE,Towers with Radar,50,16,21,0,87,0,6,62,2,70,50,22,83,2,157,0,0,0,157
08/17/2020,TUS,AZ,AWP,CE,Towers with Radar,59,16,26,25,126,0,12,72,17,101,59,28,98,42,227,0,13,13,240
08/18/2020,TUS,AZ,AWP,CE,Towers with Radar,51,30,22,27,130,0,13,88,24,125,51,43,110,51,255,8,18,26,281
08/19/2020,TUS,AZ,AWP,CE,Towers with Radar,51,31,21,25,128,0,14,76,13,103,51,45,97,38,231,2,12,14,245
08/20/2020,TUS,AZ,AWP,CE,Towers with Radar,52,16,35,21,124,0,9,58,12,79,52,25,93,33,203,0,10,10,213
08/21/2020,TUS,AZ,AWP,CE,Towers with Radar,58,42,27,21,148,0,18,87,9,114,58,60,114,30,262,22,24,46,308
08/22/2020,TUS,AZ,AWP,CE,Towers with Radar,54,29,14,13,110,0,17,95,7,119,54,46,109,20,229,12,12,24,253
08/23/2020,TUS,AZ,AWP,CE,Towers with Radar,50,21,18,9,98,0,7,59,4,70,50,28,77,13,168,104,20,124,292
08/24/2020,TUS,AZ,AWP,CE,Towers with Radar,52,24,21,19,116,0,11,46,13,70,52,35,67,32,186,70,2,72,258
08/25/2020,TUS,AZ,AWP,CE,Towers with Radar,52,30,51,25,158,0,12,76,11,99,52,42,127,36,257,138,8,146,403
08/26/2020,TUS,AZ,AWP,CE,Towers with Radar,54,33,50,27,164,0,17,77,15,109,54,50,127,42,273,62,10,72,345
08/27/2020,TUS,AZ,AWP,CE,Towers with Radar,52,28,37,36,153,0,5,59,20,84,52,33,96,56,237,96,62,158,395
08/28/2020,TUS,AZ,AWP,CE,Towers with Radar,57,35,40,26,158,0,2,72,11,85,57,37,112,37,243,90,24,114,357
08/29/2020,TUS,AZ,AWP,CE,Towers with Radar,53,16,31,0,100,0,10,81,4,95,53,26,112,4,195,114,0,114,309
08/30/2020,TUS,AZ,AWP,CE,Towers with Radar,48,21,25,9,103,0,6,51,2,59,48,27,76,11,162,62,0,62,224
08/31/2020,TUS,AZ,AWP,CE,Towers with Radar,48,22,35,19,124,0,3,58,9,70,48,25,93,28,194,60,16,76,270
09/01/2020,TUS,AZ,AWP,CE,Towers with Radar,53,35,27,39,154,0,16,69,23,108,53,51,96,62,262,70,40,110,372
09/02/2020,TUS,AZ,AWP,CE,Towers with Radar,52,27,34,33,146,0,16,104,25,145,52,43,138,58,291,22,18,40,331
09/03/2020,TUS,AZ,AWP,CE,Towers with Radar,55,26,46,29,156,0,23,82,19,124,55,49,128,48,280,204,42,246,526
09/04/2020,TUS,AZ,AWP,CE,Towers with Radar,55,35,37,2,129,0,10,60,1,71,55,45,97,3,200,38,0,38,238
09/05/2020,TUS,AZ,AWP,CE,Towers with Radar,48,33,11,0,92,0,11,75,0,86,48,44,86,0,178,152,0,152,330
09/06/2020,TUS,AZ,AWP,CE,Towers with Radar,32,33,9,0,74,0,4,61,0,65,32,37,70,0,139,44,0,44,183
09/07/2020,TUS,AZ,AWP,CE,Towers with Radar,41,23,19,0,83,0,8,60,1,69,41,31,79,1,152,24,0,24,176
09/08/2020,TUS,AZ,AWP,CE,Towers with Radar,37,16,30,29,112,0,7,35,17,59,37,23,65,46,171,40,22,62,233
09/09/2020,TUS,AZ,AWP,CE,Towers with Radar,48,34,28,40,150,0,16,60,28,104,48,50,88,68,254,78,47,125,379
09/10/2020,TUS,AZ,AWP,CE,Towers with Radar,46,28,32,37,143,0,12,92,14,118,46,40,124,51,261,68,10,78,339
09/11/2020,TUS,AZ,AWP,CE,Towers with Radar,53,23,48,12,136,0,10,101,11,122,53,33,149,23,258,118,6,124,382
09/12/2020,TUS,AZ,AWP,CE,Towers with Radar,48,44,25,20,137,0,23,82,16,121,48,67,107,36,258,70,46,116,374
09/13/2020,TUS,AZ,AWP,CE,Towers with Radar,49,12,37,11,109,0,10,56,8,74,49,22,93,19,183,72,6,78,261
09/14/2020,TUS,AZ,AWP,CE,Towers with Radar,46,29,48,6,129,0,14,58,6,78,46,43,106,12,207,98,0,98,305
09/15/2020,TUS,AZ,AWP,CE,Towers with Radar,42,33,43,32,150,0,11,79,21,111,42,44,122,53,261,58,18,76,337
09/16/2020,TUS,AZ,AWP,CE,Towers with Radar,46,37,28,42,153,1,14,84,12,111,47,51,112,54,264,46,42,88,352
09/17/2020,TUS,AZ,AWP,CE,Towers with Radar,48,33,33,36,150,0,26,63,20,109,48,59,96,56,259,130,26,156,415
09/18/2020,TUS,AZ,AWP,CE,Towers with Radar,54,16,28,26,124,0,11,50,16,77,54,27,78,42,201,86,23,109,310
09/19/2020,TUS,AZ,AWP,CE,Towers with Radar,49,22,25,0,96,0,7,79,0,86,49,29,104,0,182,115,0,115,297
09/20/2020,TUS,AZ,AWP,CE,Towers with Radar,46,15,32,5,98,0,7,74,0,81,46,22,106,5,179,118,0,118,297
09/21/2020,TUS,AZ,AWP,CE,Towers with Radar,45,34,50,42,171,0,11,76,6,93,45,45,126,48,264,138,24,162,426
09/22/2020,TUS,AZ,AWP,CE,Towers with Radar,42,34,49,43,168,0,16,100,12,128,42,50,149,55,296,31,28,59,355
09/23/2020,TUS,AZ,AWP,CE,Towers with Radar,45,25,32,45,147,0,14,91,16,121,45,39,123,61,268,134,15,149,417
09/24/2020,TUS,AZ,AWP,CE,Towers with Radar,46,38,47,38,169,0,10,68,16,94,46,48,115,54,263,108,48,156,419
09/25/2020,TUS,AZ,AWP,CE,Towers with Radar,49,31,46,28,154,0,12,68,8,88,49,43,114,36,242,124,12,136,378
09/26/2020,TUS,AZ,AWP,CE,Towers with Radar,49,24,47,0,120,0,5,102,0,107,49,29,149,0,227,66,0,66,293
09/27/2020,TUS,AZ,AWP,CE,Towers with Radar,44,26,23,1,94,0,8,81,0,89,44,34,104,1,183,76,0,76,259
09/28/2020,TUS,AZ,AWP,CE,Towers with Radar,46,26,27,33,132,0,9,60,21,90,46,35,87,54,222,80,22,102,324
09/29/2020,TUS,AZ,AWP,CE,Towers with Radar,40,36,46,32,154,0,10,74,19,103,40,46,120,51,257,62,32,94,351
09/30/2020,TUS,AZ,AWP,CE,Towers with Radar,47,33,54,31,165,0,10,81,24,115,47,43,135,55,280,48,24,72,352
10/01/2020,TUS,AZ,AWP,CE,Towers with Radar,49,37,46,44,176,0,4,87,26,117,49,41,133,70,293,100,59,159,452
10/02/2020,TUS,AZ,AWP,CE,Towers with Radar,50,25,44,26,145,0,12,89,22,123,50,37,133,48,268,122,44,166,434
10/03/2020,TUS,AZ,AWP,CE,Towers with Radar,55,17,23,19,114,0,16,74,14,104,55,33,97,33,218,62,6,68,286
10/04/2020,TUS,AZ,AWP,CE,Towers with Radar,55,27,21,9,112,0,14,56,8,78,55,41,77,17,190,32,2,34,224
10/05/2020,TUS,AZ,AWP,CE,Towers with Radar,56,34,34,6,130,0,5,74,7,86,56,39,108,13,216,114,0,114,330
10/06/2020,TUS,AZ,AWP,CE,Towers with Radar,53,44,42,53,192,0,23,97,30,150,53,67,139,83,342,102,43,145,487
10/07/2020,TUS,AZ,AWP,CE,Towers with Radar,56,25,48,38,167,0,20,83,25,128,56,45,131,63,295,164,30,194,489
10/08/2020,TUS,AZ,AWP,CE,Towers with Radar,64,29,49,33,175,0,7,95,13,115,64,36,144,46,290,98,44,142,432
10/09/2020,TUS,AZ,AWP,CE,Towers with Radar,66,32,36,27,161,0,11,69,18,98,66,43,105,45,259,116,20,136,395
10/10/2020,TUS,AZ,AWP,CE,Towers with Radar,65,33,18,0,116,0,18,102,0,120,65,51,120,0,236,94,0,94,330
10/11/2020,TUS,AZ,AWP,CE,Towers with Radar,60,31,38,0,129,0,10,79,0,89,60,41,117,0,218,30,0,30,248
10/12/2020,TUS,AZ,AWP,CE,Towers with Radar,59,23,25,0,107,0,12,86,1,99,59,35,111,1,206,118,0,118,324
10/13/2020,TUS,AZ,AWP,CE,Towers with Radar,60,12,35,43,150,0,9,79,17,105,60,21,114,60,255,70,50,120,375
10/14/2020,TUS,AZ,AWP,CE,Towers with Radar,56,33,29,39,157,0,14,77,42,133,56,47,106,81,290,114,52,166,456
10/15/2020,TUS,AZ,AWP,CE,Towers with Radar,63,37,48,41,189,0,14,83,28,125,63,51,131,69,314,92,46,138,452
10/16/2020,TUS,AZ,AWP,CE,Towers with Radar,65,32,46,21,164,0,8,87,8,103,65,40,133,29,267,130,1,131,398
10/17/2020,TUS,AZ,AWP,CE,Towers with Radar,65,22,39,0,126,0,6,113,4,123,65,28,152,4,249,122,0,122,371
10/18/2020,TUS,AZ,AWP,CE,Towers with Radar,62,27,33,2,124,0,8,69,4,81,62,35,102,6,205,50,0,50,255
10/19/2020,TUS,AZ,AWP,CE,Towers with Radar,61,27,19,9,116,0,17,61,3,81,61,44,80,12,197,101,4,105,302
10/20/2020,TUS,AZ,AWP,CE,Towers with Radar,59,26,47,38,170,0,5,85,22,112,59,31,132,60,282,46,34,80,362
10/21/2020,TUS,AZ,AWP,CE,Towers with Radar,64,35,48,46,193,0,14,106,26,146,64,49,154,72,339,176,50,226,565
10/22/2020,TUS,AZ,AWP,CE,Towers with Radar,62,44,57,47,210,0,12,81,20,113,62,56,138,67,323,102,10,112,435
10/23/2020,TUS,AZ,AWP,CE,Towers with Radar,66,41,51,38,196,0,12,125,22,159,66,53,176,60,355,116,18,134,489
10/24/2020,TUS,AZ,AWP,CE,Towers with Radar,66,20,24,2,112,0,13,71,8,92,66,33,95,10,204,90,4,94,298
10/25/2020,TUS,AZ,AWP,CE,Towers with Radar,60,20,45,1,126,0,7,51,4,62,60,27,96,5,188,44,0,44,232
10/26/2020,TUS,AZ,AWP,CE,Towers with Radar,59,51,33,30,173,0,8,57,16,81,59,59,90,46,254,62,8,70,324
10/27/2020,TUS,AZ,AWP,CE,Towers with Radar,57,44,45,32,178,0,17,62,24,103,57,61,107,56,281,192,12,204,485
10/28/2020,TUS,AZ,AWP,CE,Towers with Radar,56,29,50,39,174,0,12,100,28,140,56,41,150,67,314,102,51,153,467
10/29/2020,TUS,AZ,AWP,CE,Towers with Radar,60,39,49,49,197,0,12,68,31,111,60,51,117,80,308,40,92,132,440
10/30/2020,TUS,AZ,AWP,CE,Towers with Radar,62,43,51,5,161,0,18,83,6,107,62,61,134,11,268,108,0,108,376
10/31/2020,TUS,AZ,AWP,CE,Towers with Radar,47,30,26,0,103,0,11,90,3,104,47,41,116,3,207,132,0,132,339
11/01/2020,TUS,AZ,AWP,CE,Towers with Radar,56,25,29,1,111,0,11,77,5,93,56,36,106,6,204,44,0,44,248
11/02/2020,TUS,AZ,AWP,CE,Towers with Radar,61,29,58,32,180,1,23,65,12,101,62,52,123,44,281,6,18,24,305
11/03/2020,TUS,AZ,AWP,CE,Towers with Radar,55,35,42,40,172,0,20,126,23,169,55,55,168,63,341,102,42,144,485
11/04/2020,TUS,AZ,AWP,CE,Towers with Radar,64,34,52,33,183,0,18,97,40,155,64,52,149,73,338,112,64,176,514
11/05/2020,TUS,AZ,AWP,CE,Towers with Radar,68,23,50,34,175,0,16,76,32,124,68,39,126,66,299,104,26,130,429
11/06/2020,TUS,AZ,AWP,CE,Towers with Radar,74,38,49,32,193,0,16,92,20,128,74,54,141,52,321,114,39,153,474
11/07/2020,TUS,AZ,AWP,CE,Towers with Radar,78,31,26,12,147,0,6,28,7,41,78,37,54,19,188,26,2,28,216
11/08/2020,TUS,AZ,AWP,CE,Towers with Radar,65,28,38,10,141,0,8,60,8,76,65,36,98,18,217,44,27,71,288
11/09/2020,TUS,AZ,AWP,CE,Towers with Radar,66,26,53,34,179,0,9,56,11,76,66,35,109,45,255,104,0,104,359
11/10/2020,TUS,AZ,AWP,CE,Towers with Radar,67,25,46,14,152,0,11,80,6,97,67,36,126,20,249,136,0,136,385
11/11/2020,TUS,AZ,AWP,CE,Towers with Radar,66,33,46,0,145,0,7,92,2,101,66,40,138,2,246,129,0,129,375
11/12/2020,TUS,AZ,AWP,CE,Towers with Radar,70,34,39,38,181,0,17,99,27,143,70,51,138,65,324,188,56,244,568
11/13/2020,TUS,AZ,AWP,CE,Towers with Radar,74,37,36,56,203,0,19,112,20,151,74,56,148,76,354,92,34,126,480
11/14/2020,TUS,AZ,AWP,CE,Towers with Radar,69,22,47,1,139,0,18,105,2,125,69,40,152,3,264,168,0,168,432
11/15/2020,TUS,AZ,AWP,CE,Towers with Radar,75,28,23,19,145,0,27,87,4,118,75,55,110,23,263,92,0,92,355
11/16/2020,TUS,AZ,AWP,CE,Towers with Radar,70,30,25,38,163,0,10,102,23,135,70,40,127,61,298,180,34,214,512
11/17/2020,TUS,AZ,AWP,CE,Towers with Radar,73,31,45,46,195,0,10,105,27,142,73,41,150,73,337,180,34,214,551
11/18/2020,TUS,AZ,AWP,CE,Towers with Radar,81,45,31,32,189,0,24,105,13,142,81,69,136,45,331,152,36,188,519
11/19/2020,TUS,AZ,AWP,CE,Towers with Radar,70,48,38,45,201,0,10,99,35,144,70,58,137,80,345,120,42,162,507
11/20/2020,TUS,AZ,AWP,CE,Towers with Radar,74,28,63,39,204,0,14,111,26,151,74,42,174,65,355,106,55,161,516
11/21/2020,TUS,AZ,AWP,CE,Towers with Radar,76,35,44,1,156,0,22,105,2,129,76,57,149,3,285,132,0,132,417
11/22/2020,TUS,AZ,AWP,CE,Towers with Radar,70,49,30,5,154,0,13,66,4,83,70,62,96,9,237,52,0,52,289
11/23/2020,TUS,AZ,AWP,CE,Towers with Radar,67,31,46,30,174,0,29,70,22,121,67,60,116,52,295,64,36,100,395
11/24/2020,TUS,AZ,AWP,CE,Towers with Radar,76,29,37,45,187,0,18,67,18,103,76,47,104,63,290,62,32,94,384
11/25/2020,TUS,AZ,AWP,CE,Towers with Radar,82,53,45,13,193,0,11,98,9,118,82,64,143,22,311,164,8,172,483
11/26/2020,TUS,AZ,AWP,CE,Towers with Radar,40,19,10,1,70,0,16,42,4,62,40,35,52,5,132,52,0,52,184
11/27/2020,TUS,AZ,AWP,CE,Towers with Radar,67,28,33,0,128,0,4,78,6,88,67,32,111,6,216,42,0,42,258
11/28/2020,TUS,AZ,AWP,CE,Towers with Radar,73,24,20,0,117,0,9,85,2,96,73,33,105,2,213,50,0,50,263
11/29/2020,TUS,AZ,AWP,CE,Towers with Radar,80,33,49,1,163,0,11,70,3,84,80,44,119,4,247,108,0,108,355
11/30/2020,TUS,AZ,AWP,CE,Towers with Radar,77,36,29,31,173,0,7,53,16,76,77,43,82,47,249,34,10,44,293
12/01/2020,TUS,AZ,AWP,CE,Towers with Radar,71,37,36,42,186,0,18,92,18,128,71,55,128,60,314,154,10,164,478
12/02/2020,TUS,AZ,AWP,CE,Towers with Radar,63,28,25,30,146,2,14,106,13,135,65,42,131,43,281,162,28,190,471
12/03/2020,TUS,AZ,AWP,CE,Towers with Radar,67,35,18,39,159,0,18,31,14,63,67,53,49,53,222,32,46,78,300
12/04/2020,TUS,AZ,AWP,CE,Towers with Radar,71,43,35,32,181,0,18,91,10,119,71,61,126,42,300,183,20,203,503
12/05/2020,TUS,AZ,AWP,CE,Towers with Radar,60,27,23,22,132,0,12,77,13,102,60,39,100,35,234,74,7,81,315
12/06/2020,TUS,AZ,AWP,CE,Towers with Radar,63,27,33,14,137,0,25,73,18,116,63,52,106,32,253,169,2,171,424
12/07/2020,TUS,AZ,AWP,CE,Towers with Radar,62,22,38,15,137,0,13,62,18,93,62,35,100,33,230,38,8,46,276
12/08/2020,TUS,AZ,AWP,CE,Towers with Radar,56,46,42,35,179,0,26,74,17,117,56,72,116,52,296,86,24,110,406
12/09/2020,TUS,AZ,AWP,CE,Towers with Radar,57,37,39,37,170,0,29,74,29,132,57,66,113,66,302,146,22,168,470
12/10/2020,TUS,AZ,AWP,CE,Towers with Radar,66,35,24,32,157,0,13,20,6,39,66,48,44,38,196,88,2,90,286
12/11/2020,TUS,AZ,AWP,CE,Towers with Radar,67,26,41,30,164,0,16,80,12,108,67,42,121,42,272,193,10,203,475
12/12/2020,TUS,AZ,AWP,CE,Towers with Radar,61,17,33,0,111,0,17,81,2,100,61,34,114,2,211,134,0,134,345
12/13/2020,TUS,AZ,AWP,CE,Towers with Radar,67,40,36,0,143,0,23,90,4,117,67,63,126,4,260,68,0,68,328
12/14/2020,TUS,AZ,AWP,CE,Towers with Radar,66,28,22,39,155,0,12,57,19,88,66,40,79,58,243,90,38,128,371
12/15/2020,TUS,AZ,AWP,CE,Towers with Radar,59,12,31,35,137,0,9,77,9,95,59,21,108,44,232,76,32,108,340
12/16/2020,TUS,AZ,AWP,CE,Towers with Radar,57,28,47,64,196,0,18,109,14,141,57,46,156,78,337,126,29,155,492
12/17/2020,TUS,AZ,AWP,CE,Towers with Radar,77,48,36,8,169,0,15,72,9,96,77,63,108,17,265,54,5,59,324
12/18/2020,TUS,AZ,AWP,CE,Towers with Radar,81,22,33,18,154,0,10,90,9,109,81,32,123,27,263,0,0,0,263
12/19/2020,TUS,AZ,AWP,CE,Towers with Radar,76,21,32,0,129,5,12,66,4,87,81,33,98,4,216,0,0,0,216
12/20/2020,TUS,AZ,AWP,CE,Towers with Radar,78,28,27,2,135,3,1,75,2,81,81,29,102,4,216,0,0,0,216
12/21/2020,TUS,AZ,AWP,CE,Towers with Radar,75,16,18,22,131,0,11,83,6,100,75,27,101,28,231,0,0,0,231
12/22/2020,TUS,AZ,AWP,CE,Towers with Radar,87,29,22,19,157,2,15,82,14,113,89,44,104,33,270,0,0,0,270
12/23/2020,TUS,AZ,AWP,CE,Towers with Radar,85,24,21,14,144,0,17,86,3,106,85,41,107,17,250,0,0,0,250
12/24/2020,TUS,AZ,AWP,CE,Towers with Radar,58,20,13,0,91,0,17,34,2,53,58,37,47,2,144,0,0,0,144
12/25/2020,TUS,AZ,AWP,CE,Towers with Radar,43,8,8,0,59,1,9,26,4,40,44,17,34,4,99,0,0,0,99
12/26/2020,TUS,AZ,AWP,CE,Towers with Radar,79,28,30,0,137,0,12,83,3,98,79,40,113,3,235,0,0,0,235
12/27/2020,TUS,AZ,AWP,CE,Towers with Radar,90,32,25,0,147,0,23,64,4,91,90,55,89,4,238,2,0,2,240
12/28/2020,TUS,AZ,AWP,CE,Towers with Radar,91,33,48,6,178,1,16,46,6,69,92,49,94,12,247,0,0,0,247
12/29/2020,TUS,AZ,AWP,CE,Towers with Radar,79,23,34,15,151,0,9,63,10,82,79,32,97,25,233,70,0,70,303
12/30/2020,TUS,AZ,AWP,CE,Towers with Radar,78,37,38,10,163,0,33,86,5,124,78,70,124,15,287,72,8,80,367
12/31/2020,TUS,AZ,AWP,CE,Towers with Radar,68,28,31,0,127,0,11,63,3,77,68,39,94,3,204,50,0,50,254
01/01/2021,TUS,AZ,AWP,CE,Towers with Radar,63,11,16,0,90,0,6,43,3,52,63,17,59,3,142,34,0,34,176
01/02/2021,TUS,AZ,AWP,CE,Towers with Radar,83,30,61,0,174,0,13,92,3,108,83,43,153,3,282,56,0,56,338
01/03/2021,TUS,AZ,AWP,CE,Towers with Radar,86,23,45,0,154,0,13,78,2,93,86,36,123,2,247,24,0,24,271
01/04/2021,TUS,AZ,AWP,CE,Towers with Radar,74,33,47,34,188,0,11,71,13,95,74,44,118,47,283,102,18,120,403
01/05/2021,TUS,AZ,AWP,CE,Towers with Radar,65,22,33,48,168,0,20,75,12,107,65,42,108,60,275,106,20,126,401
01/06/2021,TUS,AZ,AWP,CE,Towers with Radar,64,40,54,30,188,0,13,85,17,115,64,53,139,47,303,90,34,124,427
01/07/2021,TUS,AZ,AWP,CE,Towers with Radar,69,25,39,29,162,0,23,86,14,123,69,48,125,43,285,94,22,116,401
01/08/2021,TUS,AZ,AWP,CE,Towers with Radar,76,29,38,34,177,0,15,80,11,106,76,44,118,45,283,110,20,130,413
01/09/2021,TUS,AZ,AWP,CE,Towers with Radar,62,38,28,14,142,0,12,78,14,104,62,50,106,28,246,64,0,64,310
01/10/2021,TUS,AZ,AWP,CE,Towers with Radar,65,35,36,10,146,0,11,69,14,94,65,46,105,24,240,132,16,148,388
01/11/2021,TUS,AZ,AWP,CE,Towers with Radar,63,39,31,4,137,0,15,51,6,72,63,54,82,10,209,172,0,172,381
01/12/2021,TUS,AZ,AWP,CE,Towers with Radar,64,27,32,50,173,0,9,89,27,125,64,36,121,77,298,219,34,253,551
01/13/2021,TUS,AZ,AWP,CE,Towers with Radar,65,31,31,35,162,0,10,81,16,107,65,41,112,51,269,195,16,211,480
01/14/2021,TUS,AZ,AWP,CE,Towers with Radar,71,49,54,43,217,0,11,82,18,111,71,60,136,61,328,64,26,90,418
01/15/2021,TUS,AZ,AWP,CE,Towers with Radar,70,32,40,32,174,0,11,83,17,111,70,43,123,49,285,94,24,118,403
01/16/2021,TUS,AZ,AWP,CE,Towers with Radar,70,25,23,0,118,0,9,99,3,111,70,34,122,3,229,60,0,60,289
01/17/2021,TUS,AZ,AWP,CE,Towers with Radar,67,32,26,3,128,0,20,85,2,107,67,52,111,5,235,115,0,115,350
01/18/2021,TUS,AZ,AWP,CE,Towers with Radar,71,23,42,1,137,0,8,104,5,117,71,31,146,6,254,165,0,165,419
01/19/2021,TUS,AZ,AWP,CE,Towers with Radar,66,26,36,50,178,0,19,53,37,109,66,45,89,87,287,28,78,106,393
01/20/2021,TUS,AZ,AWP,CE,Towers with Radar,62,28,21,57,168,0,1,26,38,65,62,29,47,95,233,44,58,102,335
01/21/2021,TUS,AZ,AWP,CE,Towers with Radar,69,34,35,58,196,0,11,48,26,85,69,45,83,84,281,46,48,94,375
01/22/2021,TUS,AZ,AWP,CE,Towers with Radar,75,37,40,38,190,0,12,92,23,127,75,49,132,61,317,81,40,121,438
01/23/2021,TUS,AZ,AWP,CE,Towers with Radar,64,31,26,9,130,0,16,91,11,118,64,47,117,20,248,116,0,116,364
01/24/2021,TUS,AZ,AWP,CE,Towers with Radar,73,29,32,0,134,0,2,21,0,23,73,31,53,0,157,2,0,2,159
01/25/2021,TUS,AZ,AWP,CE,Towers with Radar,91,38,21,6,156,0,2,8,0,10,91,40,29,6,166,16,0,16,182
01/26/2021,TUS,AZ,AWP,CE,Towers with Radar,66,29,21,24,140,0,8,26,7,41,66,37,47,31,181,30,0,30,211
01/27/2021,TUS,AZ,AWP,CE,Towers with Radar,62,45,57,41,205,0,18,80,25,123,62,63,137,66,328,42,32,74,402
01/28/2021,TUS,AZ,AWP,CE,Towers with Radar,69,31,28,45,173,0,15,74,30,119,69,46,102,75,292,50,22,72,364
01/29/2021,TUS,AZ,AWP,CE,Towers with Radar,72,23,50,36,181,0,7,48,31,86,72,30,98,67,267,76,68,144,411
01/30/2021,TUS,AZ,AWP,CE,Towers with Radar,64,32,49,2,147,0,9,122,4,135,64,41,171,6,282,138,0,138,420
01/31/2021,TUS,AZ,AWP,CE,Towers with Radar,64,24,34,0,122,0,14,74,3,91,64,38,108,3,213,92,0,92,305
02/01/2021,TUS,AZ,AWP,CE,Towers with Radar,68,26,43,64,201,0,9,56,30,95,68,35,99,94,296,64,24,88,384
02/02/2021,TUS,AZ,AWP,CE,Towers with Radar,64,25,41,45,175,0,15,105,22,142,64,40,146,67,317,180,40,220,537
02/03/2021,TUS,AZ,AWP,CE,Towers with Radar,67,22,35,30,154,0,11,101,16,128,67,33,136,46,282,74,8,82,364
02/04/2021,TUS,AZ,AWP,CE,Towers with Radar,77,53,17,34,181,0,28,64,17,109,77,81,81,51,290,100,18,118,408
02/05/2021,TUS,AZ,AWP,CE,Towers with Radar,76,30,42,30,178,0,15,95,9,119,76,45,137,39,297,128,6,134,431
02/06/2021,TUS,AZ,AWP,CE,Towers with Radar,65,24,51,23,163,0,15,96,16,127,65,39,147,39,290,162,6,168,458
02/07/2021,TUS,AZ,AWP,CE,Towers with Radar,66,33,31,12,142,0,14,61,10,85,66,47,92,22,227,20,10,30,257
02/08/2021,TUS,AZ,AWP,CE,Towers with Radar,64,23,30,8,125,2,15,89,14,120,66,38,119,22,245,128,0,128,373
02/09/2021,TUS,AZ,AWP,CE,Towers with Radar,69,26,56,52,203,0,7,101,22,130,69,33,157,74,333,108,10,118,451
02/10/2021,TUS,AZ,AWP,CE,Towers with Radar,63,25,49,57,194,0,4,93,22,119,63,29,142,79,313,110,12,122,435
02/11/2021,TUS,AZ,AWP,CE,Towers with Radar,88,41,68,78,275,0,6,88,34,128,88,47,156,112,403,194,52,246,649
02/12/2021,TUS,AZ,AWP,CE,Towers with Radar,74,41,45,35,195,0,15,74,26,115,74,56,119,61,310,80,12,92,402
02/13/2021,TUS,AZ,AWP,CE,Towers with Radar,65,30,38,24,157,0,12,84,1,97,65,42,122,25,254,38,0,38,292
02/14/2021,TUS,AZ,AWP,CE,Towers with Radar,69,36,34,5,144,0,7,38,3,48,69,43,72,8,192,41,0,41,233
02/15/2021,TUS,AZ,AWP,CE,Towers with Radar,58,31,49,3,141,0,11,79,5,95,58,42,128,8,236,44,0,44,280
02/16/2021,TUS,AZ,AWP,CE,Towers with Radar,56,34,37,35,162,0,11,53,16,80,56,45,90,51,242,46,18,64,306
02/17/2021,TUS,AZ,AWP,CE,Towers with Radar,56,43,41,31,171,0,18,71,22,111,56,61,112,53,282,218,20,238,520
02/18/2021,TUS,AZ,AWP,CE,Towers with Radar,65,50,49,32,196,0,8,86,29,123,65,58,135,61,319,264,8,272,591
02/19/2021,TUS,AZ,AWP,CE,Towers with Radar,69,40,37,28,174,0,17,100,9,126,69,57,137,37,300,208,8,216,516
02/20/2021,TUS,AZ,AWP,CE,Towers with Radar,70,26,36,2,134,0,7,79,3,89,70,33,115,5,223,168,0,168,391
02/21/2021,TUS,AZ,AWP,CE,Towers with Radar,76,34,47,10,167,0,8,88,7,103,76,42,135,17,270,69,4,73,343
02/22/2021,TUS,AZ,AWP,CE,Towers with Radar,73,37,47,38,195,0,13,76,22,111,73,50,123,60,306,124,42,166,472
02/23/2021,TUS,AZ,AWP,CE,Towers with Radar,67,41,45,31,184,0,22,81,23,126,67,63,126,54,310,182,20,202,512
02/24/2021,TUS,AZ,AWP,CE,Towers with Radar,69,38,63,36,206,0,6,88,22,116,69,44,151,58,322,182,30,212,534
02/25/2021,TUS,AZ,AWP,CE,Towers with Radar,82,30,41,34,187,0,23,91,17,131,82,53,132,51,318,204,16,220,538
02/26/2021,TUS,AZ,AWP,CE,Towers with Radar,77,26,45,35,183,0,13,107,9,129,77,39,152,44,312,144,22,166,478
02/27/2021,TUS,AZ,AWP,CE,Towers with Radar,70,38,47,7,162,0,13,98,5,116,70,51,145,12,278,46,0,46,324
02/28/2021,TUS,AZ,AWP,CE,Towers with Radar,80,38,43,14,175,0,18,49,2,69,80,56,92,16,244,22,0,22,266
03/01/2021,TUS,AZ,AWP,CE,Towers with Radar,73,36,52,39,200,4,14,79,20,117,77,50,131,59,317,140,18,158,475
03/02/2021,TUS,AZ,AWP,CE,Towers with Radar,72,33,52,44,201,0,9,61,22,92,72,42,113,66,293,46,28,74,367
03/03/2021,TUS,AZ,AWP,CE,Towers with Radar,102,39,86,30,257,0,11,73,24,108,102,50,159,54,365,116,2,118,483
03/04/2021,TUS,AZ,AWP,CE,Towers with Radar,87,39,62,34,222,0,22,114,25,161,87,61,176,59,383,104,8,112,495
03/05/2021,TUS,AZ,AWP,CE,Towers with Radar,78,44,52,41,215,0,13,99,34,146,78,57,151,75,361,70,16,86,447
03/06/2021,TUS,AZ,AWP,CE,Towers with Radar,78,27,32,22,159,0,16,58,14,88,78,43,90,36,247,50,6,56,303
03/07/2021,TUS,AZ,AWP,CE,Towers with Radar,86,37,41,15,179,0,15,77,11,103,86,52,118,26,282,72,2,74,356
03/08/2021,TUS,AZ,AWP,CE,Towers with Radar,80,49,47,8,184,0,12,105,6,123,80,61,152,14,307,94,0,94,401
03/09/2021,TUS,AZ,AWP,CE,Towers with Radar,77,40,37,54,208,0,19,69,25,113,77,59,106,79,321,52,34,86,407
03/10/2021,TUS,AZ,AWP,CE,Towers with Radar,72,30,44,39,185,0,10,114,29,153,72,40,158,68,338,190,54,244,582
03/11/2021,TUS,AZ,AWP,CE,Towers with Radar,95,46,59,48,248,0,9,91,36,136,95,55,150,84,384,72,30,102,486
03/12/2021,TUS,AZ,AWP,CE,Towers with Radar,89,43,37,71,240,0,15,68,18,101,89,58,105,89,341,92,64,156,497
03/13/2021,TUS,AZ,AWP,CE,Towers with Radar,73,30,49,12,164,0,0,36,4,40,73,30,85,16,204,18,0,18,222
03/14/2021,TUS,AZ,AWP,CE,Towers with Radar,83,36,60,1,180,0,16,100,4,120,83,52,160,5,300,128,0,128,428
03/15/2021,TUS,AZ,AWP,CE,Towers with Radar,74,43,41,43,201,0,19,84,26,129,74,62,125,69,330,187,28,215,545
03/16/2021,TUS,AZ,AWP,CE,Towers with Radar,84,26,41,54,205,0,16,69,32,117,84,42,110,86,322,110,66,176,498
03/17/2021,TUS,AZ,AWP,CE,Towers with Radar,77,36,56,37,206,0,13,119,32,164,77,49,175,69,370,82,18,100,470
03/18/2021,TUS,AZ,AWP,CE,Towers with Radar,91,39,51,37,218,0,10,112,17,139,91,49,163,54,357,140,6,146,503
03/19/2021,TUS,AZ,AWP,CE,Towers with Radar,85,45,50,34,214,0,8,117,13,138,85,53,167,47,352,114,0,114,466
03/20/2021,TUS,AZ,AWP,CE,Towers with Radar,76,35,43,5,159,0,14,102,8,124,76,49,145,13,283,118,0,118,401
03/21/2021,TUS,AZ,AWP,CE,Towers with Radar,89,40,51,0,180,0,12,96,4,112,89,52,147,4,292,72,0,72,364
03/22/2021,TUS,AZ,AWP,CE,Towers with Radar,79,37,53,37,206,0,16,73,36,125,79,53,126,73,331,72,26,98,429
03/23/2021,TUS,AZ,AWP,CE,Towers with Radar,85,31,38,31,185,0,9,68,30,107,85,40,106,61,292,28,22,50,342
03/24/2021,TUS,AZ,AWP,CE,Towers with Radar,84,39,53,45,221,0,9,90,19,118,84,48,143,64,339,160,18,178,517
03/25/2021,TUS,AZ,AWP,CE,Towers with Radar,97,36,65,46,244,0,9,81,34,124,97,45,146,80,368,98,14,112,480
03/26/2021,TUS,AZ,AWP,CE,Towers with Radar,86,30,46,6,168,0,4,120,13,137,86,34,166,19,305,78,4,82,387
03/27/2021,TUS,AZ,AWP,CE,Towers with Radar,76,44,51,2,173,0,17,147,3,167,76,61,198,5,340,44,0,44,384
03/28/2021,TUS,AZ,AWP,CE,Towers with Radar,94,35,45,2,176,0,17,107,6,130,94,52,152,8,306,98,0,98,404
03/29/2021,TUS,AZ,AWP,CE,Towers with Radar,81,26,49,40,196,0,9,111,35,155,81,35,160,75,351,104,40,144,495
03/30/2021,TUS,AZ,AWP,CE,Towers with Radar,82,17,59,29,187,0,16,92,23,131,82,33,151,52,318,110,22,132,450
03/31/2021,TUS,AZ,AWP,CE,Towers with Radar,83,37,51,43,214,0,8,100,17,125,83,45,151,60,339,90,36,126,465
04/01/2021,TUS,AZ,AWP,CE,Towers with Radar,96,29,47,35,207,0,8,44,28,80,96,37,91,63,287,32,10,42,329
04/02/2021,TUS,AZ,AWP,CE,Towers with Radar,90,37,73,5,205,0,11,131,8,150,90,48,204,13,355,118,0,118,473
04/03/2021,TUS,AZ,AWP,CE,Towers with Radar,81,35,35,2,153,0,8,99,7,114,81,43,134,9,267,154,0,154,421
04/04/2021,TUS,AZ,AWP,CE,Towers with Radar,92,26,33,2,153,0,10,75,4,89,92,36,108,6,242,44,0,44,286
04/05/2021,TUS,AZ,AWP,CE,Towers with Radar,84,41,64,45,234,0,20,100,22,142,84,61,164,67,376,98,30,128,504
04/06/2021,TUS,AZ,AWP,CE,Towers with Radar,78,37,45,41,201,0,15,100,31,146,78,52,145,72,347,116,24,140,487
04/07/2021,TUS,AZ,AWP,CE,Towers with Radar,82,31,54,37,204,0,8,118,17,143,82,39,172,54,347,88,14,102,449
04/08/2021,TUS,AZ,AWP,CE,Towers with Radar,96,36,55,36,223,0,15,105,31,151,96,51,160,67,374,70,36,106,480
04/09/2021,TUS,AZ,AWP,CE,Towers with Radar,84,44,33,24,185,0,9,108,26,143,84,53,141,50,328,100,32,132,460
04/10/2021,TUS,AZ,AWP,CE,Towers with Radar,85,31,38,21,175,0,20,120,29,169,85,51,158,50,344,124,18,142,486
04/11/2021,TUS,AZ,AWP,CE,Towers with Radar,91,37,39,22,189,0,21,88,13,122,91,58,127,35,311,128,22,150,461
04/12/2021,TUS,AZ,AWP,CE,Towers with Radar,81,25,64,3,173,0,22,76,3,101,81,47,140,6,274,56,0,56,330
04/13/2021,TUS,AZ,AWP,CE,Towers with Radar,72,25,27,54,178,0,24,65,33,122,72,49,92,87,300,29,20,49,349
04/14/2021,TUS,AZ,AWP,CE,Towers with Radar,72,28,46,82,228,0,29,83,23,135,72,57,129,105,363,39,46,85,448
04/15/2021,TUS,AZ,AWP,CE,Towers with Radar,89,38,48,74,249,0,21,91,26,138,89,59,139,100,387,74,62,136,523
04/16/2021,TUS,AZ,AWP,CE,Towers with Radar,87,45,45,31,208,0,11,120,14,145,87,56,165,45,353,92,18,110,463
04/17/2021,TUS,AZ,AWP,CE,Towers with Radar,78,33,52,13,176,0,5,138,4,147,78,38,190,17,323,142,8,150,473
04/18/2021,TUS,AZ,AWP,CE,Towers with Radar,87,38,48,4,177,0,11,49,3,63,87,49,97,7,240,28,0,28,268
04/19/2021,TUS,AZ,AWP,CE,Towers with Radar,79,42,41,50,212,0,14,74,16,104,79,56,115,66,316,152,26,178,494
04/20/2021,TUS,AZ,AWP,CE,Towers with Radar,75,35,40,51,201,0,19,94,27,140,75,54,134,78,341,106,56,162,503
04/21/2021,TUS,AZ,AWP,CE,Towers with Radar,81,17,33,23,154,0,15,39,5,59,81,32,72,28,213,93,8,101,314
04/22/2021,TUS,AZ,AWP,CE,Towers with Radar,102,48,41,37,228,0,15,74,7,96,102,63,115,44,324,108,18,126,450
04/23/2021,TUS,AZ,AWP,CE,Towers with Radar,80,38,45,50,213,0,12,104,24,140,80,50,149,74,353,70,50,120,473
04/24/2021,TUS,AZ,AWP,CE,Towers with Radar,83,28,42,10,163,0,10,95,2,107,83,38,137,12,270,72,2,74,344
04/25/2021,TUS,AZ,AWP,CE,Towers with Radar,90,41,36,0,167,0,19,67,4,90,90,60,103,4,257,46,0,46,303
04/26/2021,TUS,AZ,AWP,CE,Towers with Radar,86,45,35,42,208,0,12,71,17,100,86,57,106,59,308,116,2,118,426
04/27/2021,TUS,AZ,AWP,CE,Towers with Radar,73,31,47,52,203,0,12,39,12,63,73,43,86,64,266,98,18,116,382
04/28/2021,TUS,AZ,AWP,CE,Towers with Radar,73,29,32,42,176,0,11,84,24,119,73,40,116,66,295,172,28,200,495
04/29/2021,TUS,AZ,AWP,CE,Towers with Radar,90,35,78,51,254,0,14,83,26,123,90,49,161,77,377,94,12,106,483
04/30/2021,TUS,AZ,AWP,CE,Towers with Radar,86,39,47,32,204,0,23,91,16,130,86,62,138,48,334,60,28,88,422
05/01/2021,TUS,AZ,AWP,CE,Towers with Radar,78,30,28,11,147,0,3,120,12,135,78,33,148,23,282,94,0,94,376
05/02/2021,TUS,AZ,AWP,CE,Towers with Radar,97,33,52,3,185,0,10,50,3,63,97,43,102,6,248,2,0,2,250
05/03/2021,TUS,AZ,AWP,CE,Towers with Radar,79,28,44,2,153,0,14,95,6,115,79,42,139,8,268,96,0,96,364
05/04/2021,TUS,AZ,AWP,CE,Towers with Radar,75,34,36,37,182,0,20,100,30,150,75,54,136,67,332,96,26,122,454
05/05/2021,TUS,AZ,AWP,CE,Towers with Radar,75,24,40,37,176,0,9,83,24,116,75,33,123,61,292,96,20,116,408
05/06/2021,TUS,AZ,AWP,CE,Towers with Radar,89,25,38,34,186,0,11,98,22,131,89,36,136,56,317,182,8,190,507
05/07/2021,TUS,AZ,AWP,CE,Towers with Radar,91,37,37,23,188,0,18,87,18,123,91,55,124,41,311,106,16,122,433
05/08/2021,TUS,AZ,AWP,CE,Towers with Radar,79,29,31,1,140,0,3,103,2,108,79,32,134,3,248,70,0,70,318
05/09/2021,TUS,AZ,AWP,CE,Towers with Radar,81,37,30,0,148,0,8,69,1,78,81,45,99,1,226,58,0,58,284
05/10/2021,TUS,AZ,AWP,CE,Towers with Radar,80,33,35,35,183,0,21,85,31,137,80,54,120,66,320,62,10,72,392
05/11/2021,TUS,AZ,AWP,CE,Towers with Radar,77,32,50,42,201,0,13,120,21,154,77,45,170,63,355,190,10,200,555
05/12/2021,TUS,AZ,AWP,CE,Towers with Radar,81,33,46,28,188,0,25,96,11,132,81,58,142,39,320,166,2,168,488
05/13/2021,TUS,AZ,AWP,CE,Towers with Radar,85,40,49,25,199,0,11,82,12,105,85,51,131,37,304,128,12,140,444
05/14/2021,TUS,AZ,AWP,CE,Towers with Radar,88,45,48,28,209,0,14,86,13,113,88,59,134,41,322,114,8,122,444
05/15/2021,TUS,AZ,AWP,CE,Towers with Radar,83,19,37,4,143,0,5,111,2,118,83,24,148,6,261,160,0,160,421
05/16/2021,TUS,AZ,AWP,CE,Towers with Radar,87,36,38,3,164,0,22,60,1,83,87,58,98,4,247,52,0,52,299
05/17/2021,TUS,AZ,AWP,CE,Towers with Radar,82,35,50,37,204,0,15,92,31,138,82,50,142,68,342,146,22,168,510
05/18/2021,TUS,AZ,AWP,CE,Towers with Radar,77,33,41,51,202,0,12,94,30,136,77,45,135,81,338,0,0,0,338
05/19/2021,TUS,AZ,AWP,CE,Towers with Radar,80,51,40,41,212,0,24,95,31,150,80,75,135,72,362,0,0,0,362
05/20/2021,TUS,AZ,AWP,CE,Towers with Radar,83,31,46,38,198,0,14,113,24,151,83,45,159,62,349,54,20,74,423
05/21/2021,TUS,AZ,AWP,CE,Towers with Radar,94,41,26,10,171,0,13,61,6,80,94,54,87,16,251,78,0,78,329
05/22/2021,TUS,AZ,AWP,CE,Towers with Radar,85,26,38,29,178,0,10,94,16,120,85,36,132,45,298,108,6,114,412
05/23/2021,TUS,AZ,AWP,CE,Towers with Radar,83,39,32,8,162,0,15,107,5,127,83,54,139,13,289,86,0,86,375
05/24/2021,TUS,AZ,AWP,CE,Towers with Radar,82,53,35,31,201,0,13,112,16,141,82,66,147,47,342,84,18,102,444
05/25/2021,TUS,AZ,AWP,CE,Towers with Radar,80,26,26,26,158,0,22,89,34,145,80,48,115,60,303,76,50,126,429
05/26/2021,TUS,AZ,AWP,CE,Towers with Radar,85,45,47,28,205,0,11,86,18,115,85,56,133,46,320,52,14,66,386
05/27/2021,TUS,AZ,AWP,CE,Towers with Radar,88,40,57,33,218,0,20,104,16,140,88,60,161,49,358,52,20,72,430
05/28/2021,TUS,AZ,AWP,CE,Towers with Radar,82,37,56,0,175,0,18,105,3,126,82,55,161,3,301,44,0,44,345
05/29/2021,TUS,AZ,AWP,CE,Towers with Radar,78,24,31,0,133,0,11,76,5,92,78,35,107,5,225,38,0,38,263
05/30/2021,TUS,AZ,AWP,CE,Towers with Radar,82,17,19,0,118,0,16,78,5,99,82,33,97,5,217,32,0,32,249
05/31/2021,TUS,AZ,AWP,CE,Towers with Radar,79,31,22,1,133,0,18,92,5,115,79,49,114,6,248,32,0,32,280
06/01/2021,TUS,AZ,AWP,CE,Towers with Radar,76,42,35,31,184,0,8,65,16,89,76,50,100,47,273,24,64,88,361
06/02/2021,TUS,AZ,AWP,CE,Towers with Radar,81,27,42,42,192,0,12,79,17,108,81,39,121,59,300,36,18,54,354
06/03/2021,TUS,AZ,AWP,CE,Towers with Radar,86,56,23,43,208,0,15,82,21,118,86,71,105,64,326,98,16,114,440
06/04/2021,TUS,AZ,AWP,CE,Towers with Radar,80,41,33,28,182,0,6,74,13,93,80,47,107,41,275,44,22,66,341
06/05/2021,TUS,AZ,AWP,CE,Towers with Radar,70,25,31,21,147,0,17,74,18,109,70,42,105,39,256,48,24,72,328
06/06/2021,TUS,AZ,AWP,CE,Towers with Radar,81,34,25,16,156,0,14,82,5,101,81,48,107,21,257,54,10,64,321
06/07/2021,TUS,AZ,AWP,CE,Towers with Radar,79,64,42,3,188,0,20,66,5,91,79,84,108,8,279,69,0,69,348
06/08/2021,TUS,AZ,AWP,CE,Towers with Radar,79,24,40,41,184,0,12,70,18,100,79,36,110,59,284,108,8,116,400
06/09/2021,TUS,AZ,AWP,CE,Towers with Radar,84,36,50,32,202,0,17,70,11,98,84,53,120,43,300,130,10,140,440
06/10/2021,TUS,AZ,AWP,CE,Towers with Radar,85,42,37,39,203,0,14,88,19,121,85,56,125,58,324,144,14,158,482
06/11/2021,TUS,AZ,AWP,CE,Towers with Radar,79,43,41,42,205,0,16,88,18,122,79,59,129,60,327,106,26,132,459
06/12/2021,TUS,AZ,AWP,CE,Towers with Radar,74,36,32,0,142,0,14,96,4,114,74,50,128,4,256,48,0,48,304
06/13/2021,TUS,AZ,AWP,CE,Towers with Radar,76,34,28,7,145,0,13,72,1,86,76,47,100,8,231,66,0,66,297
06/14/2021,TUS,AZ,AWP,CE,Towers with Radar,76,37,29,41,183,0,10,55,14,79,76,47,84,55,262,32,44,76,338
06/15/2021,TUS,AZ,AWP,CE,Towers with Radar,74,48,31,33,186,0,5,79,15,99,74,53,110,48,285,30,20,50,335
06/16/2021,TUS,AZ,AWP,CE,Towers with Radar,82,39,41,34,196,0,26,63,6,95,82,65,104,40,291,0,16,16,307
06/17/2021,TUS,AZ,AWP,CE,Towers with Radar,85,40,40,27,192,0,9,72,11,92,85,49,112,38,284,66,20,86,370
06/18/2021,TUS,AZ,AWP,CE,Towers with Radar,77,47,42,4,170,0,13,71,4,88,77,60,113,8,258,38,0,38,296
06/19/2021,TUS,AZ,AWP,CE,Towers with Radar,71,33,48,0,152,0,12,58,2,72,71,45,106,2,224,54,0,54,278
06/20/2021,TUS,AZ,AWP,CE,Towers with Radar,78,30,31,0,139,0,20,66,5,91,78,50,97,5,230,60,0,60,290
06/21/2021,TUS,AZ,AWP,CE,Towers with Radar,78,40,39,24,181,0,22,65,18,105,78,62,104,42,286,50,2,52,338
06/22/2021,TUS,AZ,AWP,CE,Towers with Radar,71,49,32,33,185,1,16,62,11,90,72,65,94,44,275,164,2,166,441
06/23/2021,TUS,AZ,AWP,CE,Towers with Radar,77,42,34,30,183,0,11,65,19,95,77,53,99,49,278,96,24,120,398
06/24/2021,TUS,AZ,AWP,CE,Towers with Radar,81,44,48,41,214,0,24,69,20,113,81,68,117,61,327,211,28,239,566
06/25/2021,TUS,AZ,AWP,CE,Towers with Radar,80,35,20,24,159,0,12,71,21,104,80,47,91,45,263,96,12,108,371
06/26/2021,TUS,AZ,AWP,CE,Towers with Radar,76,26,22,1,125,0,10,79,2,91,76,36,101,3,216,82,0,82,298
06/27/2021,TUS,AZ,AWP,CE,Towers with Radar,81,28,28,3,140,0,19,76,4,99,81,47,104,7,239,44,0,44,283
06/28/2021,TUS,AZ,AWP,CE,Towers with Radar,77,44,31,26,178,0,12,49,17,78,77,56,80,43,256,32,6,38,294
06/29/2021,TUS,AZ,AWP,CE,Towers with Radar,73,50,55,25,203,0,17,51,35,103,73,67,106,60,306,108,22,130,436
06/30/2021,TUS,AZ,AWP,CE,Towers with Radar,75,41,57,41,214,0,16,65,29,110,75,57,122,70,324,174,20,194,518
07/01/2021,TUS,AZ,AWP,CE,Towers with Radar,86,43,43,34,206,0,11,84,22,117,86,54,127,56,323,144,28,172,495
07/02/2021,TUS,AZ,AWP,CE,Towers with Radar,75,33,39,2,149,0,10,63,1,74,75,43,102,3,223,102,0,102,325
07/03/2021,TUS,AZ,AWP,CE,Towers with Radar,69,23,20,0,112,0,10,58,3,71,69,33,78,3,183,104,0,104,287
07/04/2021,TUS,AZ,AWP,CE,Towers with Radar,65,21,13,1,100,0,7,47,1,55,65,28,60,2,155,50,0,50,205
07/05/2021,TUS,AZ,AWP,CE,Towers with Radar,68,28,19,0,115,4,18,64,2,88,72,46,83,2,203,72,0,72,275
07/06/2021,TUS,AZ,AWP,CE,Towers with Radar,74,25,29,37,165,0,8,44,26,78,74,33,73,63,243,84,16,100,343
07/07/2021,TUS,AZ,AWP,CE,Towers with Radar,75,43,46,33,197,0,6,73,14,93,75,49,119,47,290,60,6,66,356
07/08/2021,TUS,AZ,AWP,CE,Towers with Radar,83,29,56,32,200,0,10,79,16,105,83,39,135,48,305,224,2,226,531
07/09/2021,TUS,AZ,AWP,CE,Towers with Radar,82,33,53,10,178,0,13,63,12,88,82,46,116,22,266,74,10,84,350
07/10/2021,TUS,AZ,AWP,CE,Towers with Radar,76,34,30,0,140,0,9,66,0,75,76,43,96,0,215,12,0,12,227
07/11/2021,TUS,AZ,AWP,CE,Towers with Radar,80,41,33,0,154,0,18,60,2,80,80,59,93,2,234,20,0,20,254
07/12/2021,TUS,AZ,AWP,CE,Towers with Radar,77,31,28,3,139,0,15,51,7,73,77,46,79,10,212,50,0,50,262
07/13/2021,TUS,AZ,AWP,CE,Towers with Radar,75,28,33,33,169,0,5,59,24,88,75,33,92,57,257,108,12,120,377
07/14/2021,TUS,AZ,AWP,CE,Towers with Radar,77,34,35,18,164,0,5,34,15,54,77,39,69,33,218,86,16,102,320
07/15/2021,TUS,AZ,AWP,CE,Towers with Radar,84,33,35,44,196,0,11,56,23,90,84,44,91,67,286,110,8,118,404
07/16/2021,TUS,AZ,AWP,CE,Towers with Radar,77,37,33,19,166,0,4,73,14,91,77,41,106,33,257,18,22,40,297
07/17/2021,TUS,AZ,AWP,CE,Towers with Radar,74,27,29,1,131,0,8,85,12,105,74,35,114,13,236,134,0,134,370
07/18/2021,TUS,AZ,AWP,CE,Towers with Radar,84,34,25,3,146,0,5,51,2,58,84,39,76,5,204,14,2,16,220
07/19/2021,TUS,AZ,AWP,CE,Towers with Radar,79,30,41,34,184,0,12,57,23,92,79,42,98,57,276,88,38,126,402
07/20/2021,TUS,AZ,AWP,CE,Towers with Radar,77,40,51,18,186,0,11,64,18,93,77,51,115,36,279,12,22,34,313
07/21/2021,TUS,AZ,AWP,CE,Towers with Radar,82,32,38,29,181,0,6,75,19,100,82,38,113,48,281,24,14,38,319
07/22/2021,TUS,AZ,AWP,CE,Towers with Radar,80,43,34,36,193,0,10,63,15,88,80,53,97,51,281,17,18,35,316
07/23/2021,TUS,AZ,AWP,CE,Towers with Radar,82,28,37,35,182,0,12,50,13,75,82,40,87,48,257,76,4,80,337
07/24/2021,TUS,AZ,AWP,CE,Towers with Radar,75,42,19,0,136,0,2,19,1,22,75,44,38,1,158,110,0,110,268
07/25/2021,TUS,AZ,AWP,CE,Towers with Radar,81,29,24,2,136,0,4,21,1,26,81,33,45,3,162,52,0,52,214
07/26/2021,TUS,AZ,AWP,CE,Towers with Radar,80,25,47,6,158,0,11,84,3,98,80,36,131,9,256,96,0,96,352
07/27/2021,TUS,AZ,AWP,CE,Towers with Radar,86,32,55,32,205,0,16,63,24,103,86,48,118,56,308,70,16,86,394
07/28/2021,TUS,AZ,AWP,CE,Towers with Radar,78,40,34,29,181,0,24,103,14,141,78,64,137,43,322,104,12,116,438
07/29/2021,TUS,AZ,AWP,CE,Towers with Radar,88,33,52,38,211,0,17,63,22,102,88,50,115,60,313,118,26,144,457
07/30/2021,TUS,AZ,AWP,CE,Towers with Radar,81,37,28,35,181,0,13,80,14,107,81,50,108,49,288,102,53,155,443
07/31/2021,TUS,AZ,AWP,CE,Towers with Radar,74,35,38,10,157,0,14,109,4,127,74,49,147,14,284,80,0,80,364
08/01/2021,TUS,AZ,AWP,CE,Towers with Radar,74,42,26,0,142,0,21,76,3,100,74,63,102,3,242,88,0,88,330
08/02/2021,TUS,AZ,AWP,CE,Towers with Radar,69,27,38,28,162,0,9,52,16,77,69,36,90,44,239,96,0,96,335
08/03/2021,TUS,AZ,AWP,CE,Towers with Radar,77,34,26,26,163,0,9,78,21,108,77,43,104,47,271,118,12,130,401
08/04/2021,TUS,AZ,AWP,CE,Towers with Radar,83,29,51,37,200,0,24,85,19,128,83,53,136,56,328,128,40,168,496
08/05/2021,TUS,AZ,AWP,CE,Towers with Radar,80,38,20,36,174,0,17,67,16,100,80,55,87,52,274,90,2,92,366
08/06/2021,TUS,AZ,AWP,CE,Towers with Radar,81,45,33,27,186,0,14,79,9,102,81,59,112,36,288,102,2,104,392
08/07/2021,TUS,AZ,AWP,CE,Towers with Radar,76,37,33,20,166,0,10,100,15,125,76,47,133,35,291,78,6,84,375
08/08/2021,TUS,AZ,AWP,CE,Towers with Radar,79,37,35,9,160,0,13,59,9,81,79,50,94,18,241,124,4,128,369
08/09/2021,TUS,AZ,AWP,CE,Towers with Radar,78,32,21,9,140,0,24,57,5,86,78,56,78,14,226,158,2,160,386
08/10/2021,TUS,AZ,AWP,CE,Towers with Radar,77,37,23,29,166,0,6,27,16,49,77,43,50,45,215,72,10,82,297
08/11/2021,TUS,AZ,AWP,CE,Towers with Radar,79,28,26,34,167,0,11,83,16,110,79,39,109,50,277,92,26,118,395
08/12/2021,TUS,AZ,AWP,CE,Towers with Radar,81,38,33,39,191,0,9,84,23,116,81,47,117,62,307,156,10,166,473
08/13/2021,TUS,AZ,AWP,CE,Towers with Radar,91,31,33,24,179,0,9,65,18,92,91,40,98,42,271,66,14,80,351
08/14/2021,TUS,AZ,AWP,CE,Towers with Radar,81,30,16,2,129,0,3,63,2,68,81,33,79,4,197,78,0,78,275
08/15/2021,TUS,AZ,AWP,CE,Towers with Radar,74,44,44,1,163,0,10,87,4,101,74,54,131,5,264,125,0,125,389
08/16/2021,TUS,AZ,AWP,CE,Towers with Radar,83,33,32,30,178,0,3,86,17,106,83,36,118,47,284,96,40,136,420
08/17/2021,TUS,AZ,AWP,CE,Towers with Radar,78,48,44,23,193,0,4,58,11,73,78,52,102,34,266,176,10,186,452
08/18/2021,TUS,AZ,AWP,CE,Towers with Radar,99,48,57,30,234,0,5,79,18,102,99,53,136,48,336,200,11,211,547
08/19/2021,TUS,AZ,AWP,CE,Towers with Radar,89,36,46,27,198,0,9,80,19,108,89,45,126,46,306,152,20,172,478
08/20/2021,TUS,AZ,AWP,CE,Towers with Radar,80,39,38,14,171,0,14,37,10,61,80,53,75,24,232,102,6,108,340
08/21/2021,TUS,AZ,AWP,CE,Towers with Radar,80,45,38,0,163,0,12,89,7,108,80,57,127,7,271,138,0,138,409
08/22/2021,TUS,AZ,AWP,CE,Towers with Radar,84,40,45,0,169,0,14,78,2,94,84,54,123,2,263,54,0,54,317
08/23/2021,TUS,AZ,AWP,CE,Towers with Radar,83,37,41,4,165,0,14,68,9,91,83,51,109,13,256,104,2,106,362
08/24/2021,TUS,AZ,AWP,CE,Towers with Radar,79,22,30,26,157,0,14,68,18,100,79,36,98,44,257,144,8,152,409
08/25/2021,TUS,AZ,AWP,CE,Towers with Radar,83,35,31,33,182,0,14,68,16,98,83,49,99,49,280,162,26,188,468
08/26/2021,TUS,AZ,AWP,CE,Towers with Radar,85,39,32,31,187,0,18,59,21,98,85,57,91,52,285,88,10,98,383
08/27/2021,TUS,AZ,AWP,CE,Towers with Radar,83,45,32,28,188,0,10,78,17,105,83,55,110,45,293,82,18,100,393
08/28/2021,TUS,AZ,AWP,CE,Towers with Radar,80,29,28,0,137,0,8,83,2,93,80,37,111,2,230,124,0,124,354
08/29/2021,TUS,AZ,AWP,CE,Towers with Radar,88,38,33,6,165,0,4,76,3,83,88,42,109,9,248,68,0,68,316
08/30/2021,TUS,AZ,AWP,CE,Towers with Radar,82,29,15,20,146,0,5,60,17,82,82,34,75,37,228,76,10,86,314
08/31/2021,TUS,AZ,AWP,CE,Towers with Radar,81,32,19,38,170,0,10,46,10,66,81,42,65,48,236,100,6,106,342
09/01/2021,TUS,AZ,AWP,CE,Towers with Radar,89,41,27,56,213,0,5,46,20,71,89,46,73,76,284,102,40,142,426
09/02/2021,TUS,AZ,AWP,CE,Towers with Radar,93,24,39,37,193,0,16,63,18,97,93,40,102,55,290,124,6,130,420
09/03/2021,TUS,AZ,AWP,CE,Towers with Radar,95,50,42,6,193,0,17,74,5,96,95,67,116,11,289,126,0,126,415
09/04/2021,TUS,AZ,AWP,CE,Towers with Radar,68,29,28,10,135,0,11,80,6,97,68,40,108,16,232,112,0,112,344
09/05/2021,TUS,AZ,AWP,CE,Towers with Radar,77,24,14,0,115,0,8,54,7,69,77,32,68,7,184,79,0,79,263
09/06/2021,TUS,AZ,AWP,CE,Towers with Radar,78,36,39,14,167,0,4,77,2,83,78,40,116,16,250,120,4,124,374
09/07/2021,TUS,AZ,AWP,CE,Towers with Radar,79,39,34,27,179,0,10,77,34,121,79,49,111,61,300,54,0,54,354
09/08/2021,TUS,AZ,AWP,CE,Towers with Radar,83,32,30,26,171,0,19,62,19,100,83,51,92,45,271,6,6,12,283
09/09/2021,TUS,AZ,AWP,CE,Towers with Radar,83,36,24,32,175,0,10,65,28,103,83,46,89,60,278,40,42,82,360
09/10/2021,TUS,AZ,AWP,CE,Towers with Radar,95,39,44,29,207,0,12,64,17,93,95,51,108,46,300,14,22,36,336
09/11/2021,TUS,AZ,AWP,CE,Towers with Radar,74,28,40,17,159,0,13,74,15,102,74,41,114,32,261,36,16,52,313
09/12/2021,TUS,AZ,AWP,CE,Towers with Radar,83,42,43,19,187,0,6,74,12,92,83,48,117,31,279,14,4,18,297
09/13/2021,TUS,AZ,AWP,CE,Towers with Radar,88,33,42,5,168,0,13,63,5,81,88,46,105,10,249,16,0,16,265
09/14/2021,TUS,AZ,AWP,CE,Towers with Radar,80,28,40,32,180,0,5,59,15,79,80,33,99,47,259,19,16,35,294
09/15/2021,TUS,AZ,AWP,CE,Towers with Radar,86,41,55,44,226,0,21,73,21,115,86,62,128,65,341,38,16,54,395
09/16/2021,TUS,AZ,AWP,CE,Towers with Radar,92,33,38,40,203,0,10,65,21,96,92,43,103,61,299,46,36,82,381
09/17/2021,TUS,AZ,AWP,CE,Towers with Radar,94,37,44,25,200,0,18,64,15,97,94,55,108,40,297,74,20,94,391
09/18/2021,TUS,AZ,AWP,CE,Towers with Radar,86,23,21,0,130,0,12,73,3,88,86,35,94,3,218,50,0,50,268
09/19/2021,TUS,AZ,AWP,CE,Towers with Radar,80,29,30,0,139,0,4,30,4,38,80,33,60,4,177,20,0,20,197
09/20/2021,TUS,AZ,AWP,CE,Towers with Radar,87,27,31,44,189,0,16,55,17,88,87,43,86,61,277,68,6,74,351
09/21/2021,TUS,AZ,AWP,CE,Towers with Radar,84,31,33,31,179,0,18,77,16,111,84,49,110,47,290,52,10,62,352
09/22/2021,TUS,AZ,AWP,CE,Towers with Radar,88,18,32,27,165,0,16,73,4,93,88,34,105,31,258,102,4,106,364
09/23/2021,TUS,AZ,AWP,CE,Towers with Radar,89,38,37,31,195,0,22,41,7,70,89,60,78,38,265,46,4,50,315
09/24/2021,TUS,AZ,AWP,CE,Towers with Radar,93,29,34,23,179,0,6,51,15,72,93,35,85,38,251,56,12,68,319
09/25/2021,TUS,AZ,AWP,CE,Towers with Radar,76,30,31,0,137,0,15,70,2,87,76,45,101,2,224,74,0,74,298
09/26/2021,TUS,AZ,AWP,CE,Towers with Radar,83,17,26,1,127,0,3,32,6,41,83,20,58,7,168,44,0,44,212
09/27/2021,TUS,AZ,AWP,CE,Towers with Radar,86,43,50,25,204,0,10,53,21,84,86,53,103,46,288,45,12,57,345
09/28/2021,TUS,AZ,AWP,CE,Towers with Radar,81,28,35,24,168,0,10,64,22,96,81,38,99,46,264,44,0,44,308
09/29/2021,TUS,AZ,AWP,CE,Towers with Radar,84,37,47,33,201,0,9,48,20,77,84,46,95,53,278,80,20,100,378
09/30/2021,TUS,AZ,AWP,CE,Towers with Radar,96,38,39,31,204,0,10,74,18,102,96,48,113,49,306,12,22,34,340
10/01/2021,TUS,AZ,AWP,CE,Towers with Radar,89,45,55,47,236,0,8,93,27,128,89,53,148,74,364,46,12,58,422
10/02/2021,TUS,AZ,AWP,CE,Towers with Radar,82,26,32,20,160,0,18,92,16,126,82,44,124,36,286,67,6,73,359
10/03/2021,TUS,AZ,AWP,CE,Towers with Radar,84,32,45,10,171,0,5,62,12,79,84,37,107,22,250,27,2,29,279
10/04/2021,TUS,AZ,AWP,CE,Towers with Radar,84,27,43,12,166,0,5,83,15,103,84,32,126,27,269,44,4,48,317
10/05/2021,TUS,AZ,AWP,CE,Towers with Radar,89,29,39,33,190,0,12,51,26,89,89,41,90,59,279,114,24,138,417
10/06/2021,TUS,AZ,AWP,CE,Towers with Radar,82,48,44,42,216,0,16,99,26,141,82,64,143,68,357,96,36,132,489
10/07/2021,TUS,AZ,AWP,CE,Towers with Radar,89,34,66,42,231,0,14,102,23,139,89,48,168,65,370,86,22,108,478
10/08/2021,TUS,AZ,AWP,CE,Towers with Radar,94,41,49,58,242,0,24,82,27,133,94,65,131,85,375,50,30,80,455
10/09/2021,TUS,AZ,AWP,CE,Towers with Radar,85,26,25,2,138,0,12,100,0,112,85,38,125,2,250,74,0,74,324
10/10/2021,TUS,AZ,AWP,CE,Towers with Radar,80,47,40,2,169,0,12,73,1,86,80,59,113,3,255,40,0,40,295
10/11/2021,TUS,AZ,AWP,CE,Towers with Radar,83,44,45,4,176,0,2,52,4,58,83,46,97,8,234,40,0,40,274
10/12/2021,TUS,AZ,AWP,CE,Towers with Radar,82,20,45,45,192,0,11,43,27,81,82,31,88,72,273,30,10,40,313
10/13/2021,TUS,AZ,AWP,CE,Towers with Radar,91,31,33,41,196,0,10,93,13,116,91,41,126,54,312,54,26,80,392
10/14/2021,TUS,AZ,AWP,CE,Towers with Radar,89,35,44,28,196,0,13,73,42,128,89,48,117,70,324,12,12,24,348
10/15/2021,TUS,AZ,AWP,CE,Towers with Radar,95,40,35,37,207,0,24,76,17,117,95,64,111,54,324,38,26,64,388
10/16/2021,TUS,AZ,AWP,CE,Towers with Radar,92,24,23,0,139,0,10,57,6,73,92,34,80,6,212,18,0,18,230
10/17/2021,TUS,AZ,AWP,CE,Towers with Radar,90,44,60,6,200,0,4,74,5,83,90,48,134,11,283,20,0,20,303
10/18/2021,TUS,AZ,AWP,CE,Towers with Radar,88,31,35,4,158,0,12,64,13,89,88,43,99,17,247,84,0,84,331
10/19/2021,TUS,AZ,AWP,CE,Towers with Radar,86,31,53,32,202,0,18,72,15,105,86,49,125,47,307,86,8,94,401
10/20/2021,TUS,AZ,AWP,CE,Towers with Radar,91,25,55,50,221,0,6,92,32,130,91,31,147,82,351,144,26,170,521
10/21/2021,TUS,AZ,AWP,CE,Towers with Radar,79,32,59,42,212,0,10,66,22,98,79,42,125,64,310,134,24,158,468
10/22/2021,TUS,AZ,AWP,CE,Towers with Radar,83,50,60,36,229,0,15,85,32,132,83,65,145,68,361,104,24,128,489
10/23/2021,TUS,AZ,AWP,CE,Towers with Radar,84,32,54,1,171,0,21,111,5,137,84,53,165,6,308,50,0,50,358
10/24/2021,TUS,AZ,AWP,CE,Towers with Radar,90,32,43,1,166,0,16,67,4,87,90,48,110,5,253,54,0,54,307
10/25/2021,TUS,AZ,AWP,CE,Towers with Radar,86,35,41,48,210,0,15,71,21,107,86,50,112,69,317,24,28,52,369
10/26/2021,TUS,AZ,AWP,CE,Towers with Radar,86,30,33,39,188,0,10,64,23,97,86,40,97,62,285,42,20,62,347
10/27/2021,TUS,AZ,AWP,CE,Towers with Radar,90,55,40,39,224,0,17,72,19,108,90,72,112,58,332,56,30,86,418
10/28/2021,TUS,AZ,AWP,CE,Towers with Radar,91,40,50,34,215,0,16,97,26,139,91,56,147,60,354,102,22,124,478
10/29/2021,TUS,AZ,AWP,CE,Towers with Radar,91,44,43,11,189,0,22,84,6,112,91,66,127,17,301,52,6,58,359
10/30/2021,TUS,AZ,AWP,CE,Towers with Radar,69,32,38,2,141,0,31,76,5,112,69,63,114,7,253,46,0,46,299
10/31/2021,TUS,AZ,AWP,CE,Towers with Radar,69,38,34,0,141,0,12,78,5,95,69,50,112,5,236,44,0,44,280
11/01/2021,TUS,AZ,AWP,CE,Towers with Radar,80,40,56,35,211,0,14,52,21,87,80,54,108,56,298,10,14,24,322
11/02/2021,TUS,AZ,AWP,CE,Towers with Radar,84,26,43,46,199,0,13,82,35,130,84,39,125,81,329,84,32,116,445
11/03/2021,TUS,AZ,AWP,CE,Towers with Radar,86,43,48,38,215,0,22,79,30,131,86,65,127,68,346,32,10,42,388
11/04/2021,TUS,AZ,AWP,CE,Towers with Radar,88,38,72,37,235,0,11,83,29,123,88,49,155,66,358,62,10,72,430
11/05/2021,TUS,AZ,AWP,CE,Towers with Radar,96,40,51,27,214,0,20,120,25,165,96,60,171,52,379,16,4,20,399
11/06/2021,TUS,AZ,AWP,CE,Towers with Radar,91,34,42,7,174,0,17,116,12,145,91,51,158,19,319,28,0,28,347
11/07/2021,TUS,AZ,AWP,CE,Towers with Radar,88,32,62,15,197,0,4,67,13,84,88,36,129,28,281,34,12,46,327
11/08/2021,TUS,AZ,AWP,CE,Towers with Radar,110,44,53,28,235,0,7,82,26,115,110,51,135,54,350,42,10,52,402
11/09/2021,TUS,AZ,AWP,CE,Towers with Radar,85,57,53,46,241,0,8,90,34,132,85,65,143,80,373,64,18,82,455
11/10/2021,TUS,AZ,AWP,CE,Towers with Radar,87,42,57,49,235,0,7,66,24,97,87,49,123,73,332,20,32,52,384
11/11/2021,TUS,AZ,AWP,CE,Towers with Radar,95,45,77,12,229,0,15,87,5,107,95,60,164,17,336,50,0,50,386
11/12/2021,TUS,AZ,AWP,CE,Towers with Radar,104,37,62,0,203,0,8,115,2,125,104,45,177,2,328,36,0,36,364
11/13/2021,TUS,AZ,AWP,CE,Towers with Radar,90,20,49,3,162,0,6,165,5,176,90,26,214,8,338,0,0,0,338
11/14/2021,TUS,AZ,AWP,CE,Towers with Radar,84,28,52,4,168,0,12,80,4,96,84,40,132,8,264,38,0,38,302
11/15/2021,TUS,AZ,AWP,CE,Towers with Radar,97,49,39,43,228,0,19,58,19,96,97,68,97,62,324,58,28,86,410
11/16/2021,TUS,AZ,AWP,CE,Towers with Radar,84,37,50,54,225,0,8,80,34,122,84,45,130,88,347,68,34,102,449
11/17/2021,TUS,AZ,AWP,CE,Towers with Radar,86,33,76,41,236,0,15,60,14,89,86,48,136,55,325,42,24,66,391
11/18/2021,TUS,AZ,AWP,CE,Towers with Radar,97,28,96,43,264,0,18,46,31,95,97,46,142,74,359,42,26,68,427
11/19/2021,TUS,AZ,AWP,CE,Towers with Radar,99,31,71,15,216,0,19,99,10,128,99,50,170,25,344,20,0,20,364
11/20/2021,TUS,AZ,AWP,CE,Towers with Radar,86,37,57,3,183,0,10,109,2,121,86,47,166,5,304,14,0,14,318
11/21/2021,TUS,AZ,AWP,CE,Towers with Radar,87,47,109,8,251,0,16,71,4,91,87,63,180,12,342,54,0,54,396
11/22/2021,TUS,AZ,AWP,CE,Towers with Radar,95,37,56,51,239,0,14,41,29,84,95,51,97,80,323,33,28,61,384
11/23/2021,TUS,AZ,AWP,CE,Towers with Radar,96,39,43,31,209,0,22,67,32,121,96,61,110,63,330,36,34,70,400
11/24/2021,TUS,AZ,AWP,CE,Towers with Radar,100,28,57,27,212,0,31,59,26,116,100,59,116,53,328,26,12,38,366
11/25/2021,TUS,AZ,AWP,CE,Towers with Radar,67,19,7,0,93,0,8,21,2,31,67,27,28,2,124,6,0,6,130
11/26/2021,TUS,AZ,AWP,CE,Towers with Radar,79,28,19,0,126,0,9,47,6,62,79,37,66,6,188,30,0,30,218
11/27/2021,TUS,AZ,AWP,CE,Towers with Radar,89,26,40,0,155,0,14,64,3,81,89,40,104,3,236,8,0,8,244
11/28/2021,TUS,AZ,AWP,CE,Towers with Radar,101,52,79,0,232,0,31,64,4,99,101,83,143,4,331,26,0,26,357
11/29/2021,TUS,AZ,AWP,CE,Towers with Radar,98,24,37,35,194,0,12,67,19,98,98,36,104,54,292,30,34,64,356
11/30/2021,TUS,AZ,AWP,CE,Towers with Radar,94,30,43,33,200,0,14,70,20,104,94,44,113,53,304,28,10,38,342
12/01/2021,TUS,AZ,AWP,CE,Towers with Radar,89,58,49,23,219,0,12,60,10,82,89,70,109,33,301,4,22,26,327
12/02/2021,TUS,AZ,AWP,CE,Towers with Radar,92,40,54,42,228,0,28,64,13,105,92,68,118,55,333,44,10,54,387
12/03/2021,TUS,AZ,AWP,CE,Towers with Radar,101,41,52,40,234,0,18,91,23,132,101,59,143,63,366,34,14,48,414
12/04/2021,TUS,AZ,AWP,CE,Towers with Radar,87,30,44,38,199,0,16,125,14,155,87,46,169,52,354,42,6,48,402
12/05/2021,TUS,AZ,AWP,CE,Towers with Radar,100,31,53,28,212,0,15,73,11,99,100,46,126,39,311,16,18,34,345
12/06/2021,TUS,AZ,AWP,CE,Towers with Radar,93,34,56,17,200,0,19,69,12,100,93,53,125,29,300,181,4,185,485
12/07/2021,TUS,AZ,AWP,CE,Towers with Radar,85,34,77,44,240,0,10,55,21,86,85,44,132,65,326,98,12,110,436
12/08/2021,TUS,AZ,AWP,CE,Towers with Radar,91,44,58,40,233,0,28,58,14,100,91,72,116,54,333,221,30,251,584
12/09/2021,TUS,AZ,AWP,CE,Towers with Radar,103,57,45,41,246,0,4,49,24,77,103,61,94,65,323,28,18,46,369
12/10/2021,TUS,AZ,AWP,CE,Towers with Radar,96,40,57,40,233,0,6,81,17,104,96,46,138,57,337,26,30,56,393
12/11/2021,TUS,AZ,AWP,CE,Towers with Radar,88,41,25,28,182,0,20,132,8,160,88,61,157,36,342,50,0,50,392
12/12/2021,TUS,AZ,AWP,CE,Towers with Radar,98,34,48,1,181,0,15,62,5,82,98,49,110,6,263,63,0,63,326
12/13/2021,TUS,AZ,AWP,CE,Towers with Radar,95,37,42,41,215,0,20,27,14,61,95,57,69,55,276,12,26,38,314
12/14/2021,TUS,AZ,AWP,CE,Towers with Radar,86,35,34,32,187,0,5,45,11,61,86,40,79,43,248,44,8,52,300
12/15/2021,TUS,AZ,AWP,CE,Towers with Radar,88,39,38,44,209,0,2,43,4,49,88,41,81,48,258,34,2,36,294
12/16/2021,TUS,AZ,AWP,CE,Towers with Radar,99,28,56,34,217,0,5,72,14,91,99,33,128,48,308,104,14,118,426
12/17/2021,TUS,AZ,AWP,CE,Towers with Radar,102,36,59,33,230,0,10,105,17,132,102,46,164,50,362,56,28,84,446
12/18/2021,TUS,AZ,AWP,CE,Towers with Radar,88,31,48,0,167,0,11,59,5,75,88,42,107,5,242,2,0,2,244
12/19/2021,TUS,AZ,AWP,CE,Towers with Radar,95,46,45,0,186,0,25,72,2,99,95,71,117,2,285,8,0,8,293
12/20/2021,TUS,AZ,AWP,CE,Towers with Radar,99,37,50,32,218,0,30,51,16,97,99,67,101,48,315,12,12,24,339
12/21/2021,TUS,AZ,AWP,CE,Towers with Radar,98,34,54,29,215,0,14,52,23,89,98,48,106,52,304,44,22,66,370
12/22/2021,TUS,AZ,AWP,CE,Towers with Radar,95,34,69,18,216,0,13,67,12,92,95,47,136,30,308,74,6,80,388
12/23/2021,TUS,AZ,AWP,CE,Towers with Radar,99,35,33,0,167,0,11,40,5,56,99,46,73,5,223,10,0,10,233
12/24/2021,TUS,AZ,AWP,CE,Towers with Radar,75,27,10,0,112,0,6,19,0,25,75,33,29,0,137,8,0,8,145
12/25/2021,TUS,AZ,AWP,CE,Towers with Radar,71,31,22,0,124,0,10,32,1,43,71,41,54,1,167,10,0,10,177
12/26/2021,TUS,AZ,AWP,CE,Towers with Radar,81,28,37,0,146,0,18,42,2,62,81,46,79,2,208,44,0,44,252
12/27/2021,TUS,AZ,AWP,CE,Towers with Radar,71,35,43,13,162,0,6,43,16,65,71,41,86,29,227,0,10,10,237
12/28/2021,TUS,AZ,AWP,CE,Towers with Radar,87,35,42,27,191,0,7,43,16,66,87,42,85,43,257,8,16,24,281
12/29/2021,TUS,AZ,AWP,CE,Towers with Radar,91,39,57,22,209,0,3,36,2,41,91,42,93,24,250,2,2,4,254
12/30/2021,TUS,AZ,AWP,CE,Towers with Radar,90,29,46,14,179,0,4,32,4,40,90,33,78,18,219,18,6,24,243
12/31/2021,TUS,AZ,AWP,CE,Towers with Radar,80,33,20,0,133,0,2,15,0,17,80,35,35,0,150,14,0,14,164
01/01/2022,TUS,AZ,AWP,CE,Towers with Radar,66,23,42,0,131,0,4,27,2,33,66,27,69,2,164,6,0,6,170
01/02/2022,TUS,AZ,AWP,CE,Towers with Radar,80,28,58,0,166,0,10,49,2,61,80,38,107,2,227,14,0,14,241
01/03/2022,TUS,AZ,AWP,CE,Towers with Radar,80,33,60,26,199,0,15,65,17,97,80,48,125,43,296,38,14,52,348
01/04/2022,TUS,AZ,AWP,CE,Towers with Radar,82,37,34,35,188,0,13,62,28,103,82,50,96,63,291,60,20,80,371
01/05/2022,TUS,AZ,AWP,CE,Towers with Radar,81,27,45,55,208,0,20,68,18,106,81,47,113,73,314,112,36,148,462
01/06/2022,TUS,AZ,AWP,CE,Towers with Radar,80,40,50,37,207,0,22,70,21,113,80,62,120,58,320,104,28,132,452
01/07/2022,TUS,AZ,AWP,CE,Towers with Radar,79,33,45,54,211,0,28,63,23,114,79,61,108,77,325,76,22,98,423
01/08/2022,TUS,AZ,AWP,CE,Towers with Radar,75,24,29,24,152,0,17,58,25,100,75,41,87,49,252,28,18,46,298
01/09/2022,TUS,AZ,AWP,CE,Towers with Radar,86,41,57,10,194,0,4,65,6,75,86,45,122,16,269,42,0,42,311
01/10/2022,TUS,AZ,AWP,CE,Towers with Radar,83,39,35,11,168,0,11,47,5,63,83,50,82,16,231,8,2,10,241
01/11/2022,TUS,AZ,AWP,CE,Towers with Radar,84,46,39,49,218,0,15,47,17,79,84,61,86,66,297,72,8,80,377
01/12/2022,TUS,AZ,AWP,CE,Towers with Radar,70,45,43,39,197,0,28,68,25,121,70,73,111,64,318,30,18,48,366
01/13/2022,TUS,AZ,AWP,CE,Towers with Radar,86,35,60,37,218,0,16,88,21,125,86,51,148,58,343,82,14,96,439
01/14/2022,TUS,AZ,AWP,CE,Towers with Radar,90,33,65,32,220,0,8,72,19,99,90,41,137,51,319,68,28,96,415
01/15/2022,TUS,AZ,AWP,CE,Towers with Radar,75,29,36,3,143,0,11,139,3,153,75,40,175,6,296,40,0,40,336
01/16/2022,TUS,AZ,AWP,CE,Towers with Radar,89,33,27,1,150,0,9,78,2,89,89,42,105,3,239,6,0,6,245
01/17/2022,TUS,AZ,AWP,CE,Towers with Radar,86,45,54,8,193,0,5,69,4,78,86,50,123,12,271,101,0,101,372
01/18/2022,TUS,AZ,AWP,CE,Towers with Radar,93,34,66,32,225,0,9,44,20,73,93,43,110,52,298,24,34,58,356
01/19/2022,TUS,AZ,AWP,CE,Towers with Radar,89,40,37,28,194,0,7,73,13,93,89,47,110,41,287,70,30,100,387
01/20/2022,TUS,AZ,AWP,CE,Towers with Radar,98,32,36,33,199,0,7,80,29,116,98,39,116,62,315,136,18,154,469
01/21/2022,TUS,AZ,AWP,CE,Towers with Radar,101,37,42,41,221,0,15,110,21,146,101,52,152,62,367,72,20,92,459
01/22/2022,TUS,AZ,AWP,CE,Towers with Radar,87,27,32,5,151,0,21,112,3,136,87,48,144,8,287,16,0,16,303
01/23/2022,TUS,AZ,AWP,CE,Towers with Radar,89,32,45,1,167,0,7,63,4,74,89,39,108,5,241,30,0,30,271
01/24/2022,TUS,AZ,AWP,CE,Towers with Radar,95,35,60,14,204,0,15,79,3,97,95,50,139,17,301,70,0,70,371
01/25/2022,TUS,AZ,AWP,CE,Towers with Radar,91,31,34,23,179,0,9,18,9,36,91,40,52,32,215,76,2,78,293
01/26/2022,TUS,AZ,AWP,CE,Towers with Radar,91,43,70,35,239,0,13,86,25,124,91,56,156,60,363,116,44,160,523
01/27/2022,TUS,AZ,AWP,CE,Towers with Radar,97,41,55,37,230,0,10,63,26,99,97,51,118,63,329,114,50,164,493
01/28/2022,TUS,AZ,AWP,CE,Towers with Radar,99,60,34,36,229,0,15,45,13,73,99,75,79,49,302,2,18,20,322
01/29/2022,TUS,AZ,AWP,CE,Towers with Radar,86,43,62,8,199,0,7,103,5,115,86,50,165,13,314,16,0,16,330
01/30/2022,TUS,AZ,AWP,CE,Towers with Radar,93,47,63,0,203,0,13,86,2,101,93,60,149,2,304,66,0,66,370
01/31/2022,TUS,AZ,AWP,CE,Towers with Radar,96,33,48,33,210,0,10,79,12,101,96,43,127,45,311,92,14,106,417
02/01/2022,TUS,AZ,AWP,CE,Towers with Radar,94,39,55,50,238,0,20,80,33,133,94,59,135,83,371,48,32,80,451
02/02/2022,TUS,AZ,AWP,CE,Towers with Radar,96,36,35,117,284,0,14,64,34,112,96,50,99,151,396,40,64,104,500
02/03/2022,TUS,AZ,AWP,CE,Towers with Radar,77,50,53,29,209,0,13,82,18,113,77,63,135,47,322,104,14,118,440
02/04/2022,TUS,AZ,AWP,CE,Towers with Radar,91,59,56,51,257,0,19,65,31,115,91,78,121,82,372,26,36,62,434
02/05/2022,TUS,AZ,AWP,CE,Towers with Radar,78,53,54,31,216,0,30,104,24,158,78,83,158,55,374,58,12,70,444
02/06/2022,TUS,AZ,AWP,CE,Towers with Radar,89,42,41,26,198,0,14,101,14,129,89,56,142,40,327,100,10,110,437
02/07/2022,TUS,AZ,AWP,CE,Towers with Radar,97,34,69,7,207,0,14,42,11,67,97,48,111,18,274,112,0,112,386
02/08/2022,TUS,AZ,AWP,CE,Towers with Radar,94,50,43,45,232,0,17,81,25,123,94,67,124,70,355,130,38,168,523
02/09/2022,TUS,AZ,AWP,CE,Towers with Radar,96,42,44,62,244,0,20,85,29,134,96,62,129,91,378,182,36,218,596
02/10/2022,TUS,AZ,AWP,CE,Towers with Radar,99,43,67,50,259,0,12,84,38,134,99,55,151,88,393,178,24,202,595
02/11/2022,TUS,AZ,AWP,CE,Towers with Radar,94,42,63,49,248,0,18,82,24,124,94,60,145,73,372,116,22,138,510
02/12/2022,TUS,AZ,AWP,CE,Towers with Radar,78,32,38,2,150,0,19,76,8,103,78,51,114,10,253,80,0,80,333
02/13/2022,TUS,AZ,AWP,CE,Towers with Radar,91,24,44,18,177,0,14,50,8,72,91,38,94,26,249,66,0,66,315
02/14/2022,TUS,AZ,AWP,CE,Towers with Radar,97,32,49,42,220,0,10,71,20,101,97,42,120,62,321,104,56,160,481
02/15/2022,TUS,AZ,AWP,CE,Towers with Radar,89,23,35,18,165,0,9,45,8,62,89,32,80,26,227,94,24,118,345
02/16/2022,TUS,AZ,AWP,CE,Towers with Radar,96,34,45,61,236,0,7,35,14,56,96,41,80,75,292,134,18,152,444
02/17/2022,TUS,AZ,AWP,CE,Towers with Radar,91,44,52,57,244,0,17,71,21,109,91,61,123,78,353,124,14,138,491
02/18/2022,TUS,AZ,AWP,CE,Towers with Radar,102,48,55,37,242,0,12,129,17,158,102,60,184,54,400,108,10,118,518
02/19/2022,TUS,AZ,AWP,CE,Towers with Radar,78,49,30,1,158,0,15,145,5,165,78,64,175,6,323,66,0,66,389
02/20/2022,TUS,AZ,AWP,CE,Towers with Radar,86,44,43,2,175,0,16,71,8,95,86,60,114,10,270,34,0,34,304
02/21/2022,TUS,AZ,AWP,CE,Towers with Radar,91,26,60,14,191,0,13,41,2,56,91,39,101,16,247,28,0,28,275
02/22/2022,TUS,AZ,AWP,CE,Towers with Radar,95,29,35,29,188,0,11,62,11,84,95,40,97,40,272,52,8,60,332
02/23/2022,TUS,AZ,AWP,CE,Towers with Radar,89,35,33,20,177,0,3,15,12,30,89,38,48,32,207,2,18,20,227
02/24/2022,TUS,AZ,AWP,CE,Towers with Radar,87,40,53,34,214,0,9,96,22,127,87,49,149,56,341,172,10,182,523
02/25/2022,TUS,AZ,AWP,CE,Towers with Radar,97,40,48,33,218,0,19,69,6,94,97,59,117,39,312,98,0,98,410
02/26/2022,TUS,AZ,AWP,CE,Towers with Radar,85,28,55,12,180,0,11,91,9,111,85,39,146,21,291,64,0,64,355
02/27/2022,TUS,AZ,AWP,CE,Towers with Radar,94,35,49,14,192,0,17,90,11,118,94,52,139,25,310,24,0,24,334
02/28/2022,TUS,AZ,AWP,CE,Towers with Radar,95,36,40,38,209,0,10,58,11,79,95,46,98,49,288,76,8,84,372
03/01/2022,TUS,AZ,AWP,CE,Towers with Radar,95,43,53,46,237,0,16,82,25,123,95,59,135,71,360,107,32,139,499
03/02/2022,TUS,AZ,AWP,CE,Towers with Radar,103,38,52,29,222,0,18,67,18,103,103,56,119,47,325,88,28,116,441
03/03/2022,TUS,AZ,AWP,CE,Towers with Radar,99,42,50,44,235,0,13,59,19,91,99,55,109,63,326,12,16,28,354
03/04/2022,TUS,AZ,AWP,CE,Towers with Radar,111,42,54,50,257,0,5,43,18,66,111,47,97,68,323,12,6,18,341
03/05/2022,TUS,AZ,AWP,CE,Towers with Radar,84,63,41,23,211,0,25,74,24,123,84,88,115,47,334,20,0,20,354
03/06/2022,TUS,AZ,AWP,CE,Towers with Radar,95,47,58,19,219,0,15,74,21,110,95,62,132,40,329,44,0,44,373
03/07/2022,TUS,AZ,AWP,CE,Towers with Radar,99,34,64,9,206,0,21,84,7,112,99,55,148,16,318,72,0,72,390
03/08/2022,TUS,AZ,AWP,CE,Towers with Radar,101,32,48,36,217,0,15,143,23,181,101,47,191,59,398,56,18,74,472
03/09/2022,TUS,AZ,AWP,CE,Towers with Radar,91,39,63,44,237,0,20,67,25,112,91,59,130,69,349,86,10,96,445
03/10/2022,TUS,AZ,AWP,CE,Towers with Radar,100,37,43,46,226,0,10,49,26,85,100,47,92,72,311,18,12,30,341
03/11/2022,TUS,AZ,AWP,CE,Towers with Radar,110,55,53,54,272,0,15,75,25,115,110,70,128,79,387,86,20,106,493
03/12/2022,TUS,AZ,AWP,CE,Towers with Radar,95,31,46,5,177,0,17,79,2,98,95,48,125,7,275,40,0,40,315
03/13/2022,TUS,AZ,AWP,CE,Towers with Radar,103,32,57,9,201,0,13,102,8,123,103,45,159,17,324,92,0,92,416
03/14/2022,TUS,AZ,AWP,CE,Towers with Radar,98,46,58,48,250,0,26,82,19,127,98,72,140,67,377,40,18,58,435
03/15/2022,TUS,AZ,AWP,CE,Towers with Radar,93,44,56,37,230,0,23,97,22,142,93,67,153,59,372,96,6,102,474
03/16/2022,TUS,AZ,AWP,CE,Towers with Radar,102,49,58,39,248,0,19,56,18,93,102,68,114,57,341,36,14,50,391
03/17/2022,TUS,AZ,AWP,CE,Towers with Radar,104,30,37,34,205,0,17,88,28,133,104,47,125,62,338,80,18,98,436
03/18/2022,TUS,AZ,AWP,CE,Towers with Radar,104,33,42,13,192,0,22,91,17,130,104,55,133,30,322,30,8,38,360
03/19/2022,TUS,AZ,AWP,CE,Towers with Radar,95,28,46,0,169,0,9,94,3,106,95,37,140,3,275,50,0,50,325
03/20/2022,TUS,AZ,AWP,CE,Towers with Radar,100,36,59,1,196,0,3,65,6,74,100,39,124,7,270,32,0,32,302
03/21/2022,TUS,AZ,AWP,CE,Towers with Radar,98,37,45,1,181,0,8,70,6,84,98,45,115,7,265,50,0,50,315
03/22/2022,TUS,AZ,AWP,CE,Towers with Radar,103,54,44,43,244,0,7,69,30,106,103,61,113,73,350,40,22,62,412
03/23/2022,TUS,AZ,AWP,CE,Towers with Radar,100,30,44,35,209,0,6,71,11,88,100,36,115,46,297,34,22,56,353
03/24/2022,TUS,AZ,AWP,CE,Towers with Radar,103,36,52,43,234,0,13,101,19,133,103,49,153,62,367,16,20,36,403
03/25/2022,TUS,AZ,AWP,CE,Towers with Radar,106,36,48,33,223,0,13,64,29,106,106,49,112,62,329,38,10,48,377
03/26/2022,TUS,AZ,AWP,CE,Towers with Radar,98,33,32,1,164,0,11,154,4,169,98,44,186,5,333,68,0,68,401
03/27/2022,TUS,AZ,AWP,CE,Towers with Radar,93,34,58,2,187,0,12,91,10,113,93,46,149,12,300,58,0,58,358
03/28/2022,TUS,AZ,AWP,CE,Towers with Radar,106,43,43,28,220,0,7,41,20,68,106,50,84,48,288,18,4,22,310
03/29/2022,TUS,AZ,AWP,CE,Towers with Radar,93,33,33,35,194,0,2,21,19,42,93,35,54,54,236,2,14,16,252
03/30/2022,TUS,AZ,AWP,CE,Towers with Radar,95,37,52,43,227,0,12,72,24,108,95,49,124,67,335,64,4,68,403
03/31/2022,TUS,AZ,AWP,CE,Towers with Radar,105,30,44,33,212,0,20,74,23,117,105,50,118,56,329,52,14,66,395
04/01/2022,TUS,AZ,AWP,CE,Towers with Radar,107,32,35,31,205,0,11,81,14,106,107,43,116,45,311,106,10,116,427
04/02/2022,TUS,AZ,AWP,CE,Towers with Radar,96,27,41,2,166,0,14,128,12,154,96,41,169,14,320,40,2,42,362
04/03/2022,TUS,AZ,AWP,CE,Towers with Radar,92,23,37,1,153,0,14,88,6,108,92,37,125,7,261,82,0,82,343
04/04/2022,TUS,AZ,AWP,CE,Towers with Radar,97,30,56,6,189,0,11,72,10,93,97,41,128,16,282,210,0,210,492
04/05/2022,TUS,AZ,AWP,CE,Towers with Radar,93,40,74,32,239,0,30,75,15,120,93,70,149,47,359,74,0,74,433
04/06/2022,TUS,AZ,AWP,CE,Towers with Radar,93,41,79,48,261,0,15,76,20,111,93,56,155,68,372,44,24,68,440
04/07/2022,TUS,AZ,AWP,CE,Towers with Radar,96,44,46,47,233,0,8,84,34,126,96,52,130,81,359,136,30,166,525
04/08/2022,TUS,AZ,AWP,CE,Towers with Radar,92,35,46,37,210,0,9,102,13,124,92,44,148,50,334,64,10,74,408
04/09/2022,TUS,AZ,AWP,CE,Towers with Radar,81,36,35,7,159,0,15,120,5,140,81,51,155,12,299,64,0,64,363
04/10/2022,TUS,AZ,AWP,CE,Towers with Radar,95,43,50,5,193,0,16,62,3,81,95,59,112,8,274,12,2,14,288
04/11/2022,TUS,AZ,AWP,CE,Towers with Radar,104,42,59,33,238,0,13,51,17,81,104,55,110,50,319,24,38,62,381
04/12/2022,TUS,AZ,AWP,CE,Towers with Radar,89,35,27,30,181,0,5,34,29,68,89,40,61,59,249,8,42,50,299
04/13/2022,TUS,AZ,AWP,CE,Towers with Radar,92,55,61,36,244,0,28,105,18,151,92,83,166,54,395,130,46,176,571
04/14/2022,TUS,AZ,AWP,CE,Towers with Radar,94,34,77,28,233,1,14,100,30,145,95,48,177,58,378,118,85,203,581
04/15/2022,TUS,AZ,AWP,CE,Towers with Radar,94,25,40,1,160,0,17,95,5,117,94,42,135,6,277,134,0,134,411
04/16/2022,TUS,AZ,AWP,CE,Towers with Radar,79,28,48,12,167,0,11,82,5,98,79,39,130,17,265,92,2,94,359
04/17/2022,TUS,AZ,AWP,CE,Towers with Radar,88,40,32,2,162,0,8,59,7,74,88,48,91,9,236,60,0,60,296
04/18/2022,TUS,AZ,AWP,CE,Towers with Radar,94,28,56,49,227,0,15,65,26,106,94,43,121,75,333,52,58,110,443
04/19/2022,TUS,AZ,AWP,CE,Towers with Radar,93,25,36,42,196,0,13,54,20,87,93,38,90,62,283,58,72,130,413
04/20/2022,TUS,AZ,AWP,CE,Towers with Radar,95,27,59,52,233,0,21,62,11,94,95,48,121,63,327,20,70,90,417
04/21/2022,TUS,AZ,AWP,CE,Towers with Radar,99,41,61,42,243,0,10,80,16,106,99,51,141,58,349,60,64,124,473
04/22/2022,TUS,AZ,AWP,CE,Towers with Radar,93,32,48,40,213,0,13,37,27,77,93,45,85,67,290,2,43,45,335
04/23/2022,TUS,AZ,AWP,CE,Towers with Radar,80,30,42,1,153,0,18,141,6,165,80,48,183,7,318,86,0,86,404
04/24/2022,TUS,AZ,AWP,CE,Towers with Radar,88,40,40,14,182,0,13,78,6,97,88,53,118,20,279,78,8,86,365
04/25/2022,TUS,AZ,AWP,CE,Towers with Radar,91,46,63,67,267,0,18,50,38,106,91,64,113,105,373,68,62,130,503
04/26/2022,TUS,AZ,AWP,CE,Towers with Radar,92,33,41,52,218,0,18,54,31,103,92,51,95,83,321,30,40,70,391
04/27/2022,TUS,AZ,AWP,CE,Towers with Radar,94,32,42,57,225,0,14,53,17,84,94,46,95,74,309,36,84,120,429
04/28/2022,TUS,AZ,AWP,CE,Towers with Radar,101,38,40,34,213,0,11,75,31,117,101,49,115,65,330,48,60,108,438
04/29/2022,TUS,AZ,AWP,CE,Towers with Radar,98,42,29,17,186,0,12,72,18,102,98,54,101,35,288,50,0,50,338
04/30/2022,TUS,AZ,AWP,CE,Towers with Radar,84,22,35,0,141,0,12,84,5,101,84,34,119,5,242,54,0,54,296
05/01/2022,TUS,AZ,AWP,CE,Towers with Radar,95,34,47,8,184,0,16,67,4,87,95,50,114,12,271,20,0,20,291
05/02/2022,TUS,AZ,AWP,CE,Towers with Radar,92,30,48,35,205,0,14,53,15,82,92,44,101,50,287,52,65,117,404
05/03/2022,TUS,AZ,AWP,CE,Towers with Radar,95,22,46,47,210,0,32,64,25,121,95,54,110,72,331,50,57,107,438
05/04/2022,TUS,AZ,AWP,CE,Towers with Radar,100,31,48,36,215,0,16,77,28,121,100,47,125,64,336,37,89,126,462
05/05/2022,TUS,AZ,AWP,CE,Towers with Radar,96,39,50,31,216,0,15,58,18,91,96,54,108,49,307,40,54,94,401
05/06/2022,TUS,AZ,AWP,CE,Towers with Radar,89,31,61,29,210,0,28,75,16,119,89,59,136,45,329,32,67,99,428
05/07/2022,TUS,AZ,AWP,CE,Towers with Radar,76,35,28,1,140,0,19,111,6,136,76,54,139,7,276,74,8,82,358
05/08/2022,TUS,AZ,AWP,CE,Towers with Radar,80,26,33,7,146,0,12,54,5,71,80,38,87,12,217,0,0,0,217
05/09/2022,TUS,AZ,AWP,CE,Towers with Radar,88,38,34,24,184,0,19,54,25,98,88,57,88,49,282,42,76,118,400
05/10/2022,TUS,AZ,AWP,CE,Towers with Radar,93,34,45,32,204,0,11,52,17,80,93,45,97,49,284,78,57,135,419
05/11/2022,TUS,AZ,AWP,CE,Towers with Radar,89,46,42,33,210,0,19,74,16,109,89,65,116,49,319,104,69,173,492
05/12/2022,TUS,AZ,AWP,CE,Towers with Radar,89,37,50,34,210,1,8,70,27,106,90,45,120,61,316,74,62,136,452
05/13/2022,TUS,AZ,AWP,CE,Towers with Radar,96,27,59,31,213,0,22,90,23,135,96,49,149,54,348,88,61,149,497
05/14/2022,TUS,AZ,AWP,CE,Towers with Radar,74,40,36,17,167,0,13,60,12,85,74,53,96,29,252,42,54,96,348
05/15/2022,TUS,AZ,AWP,CE,Towers with Radar,87,38,50,28,203,0,4,81,11,96,87,42,131,39,299,5,23,28,327
05/16/2022,TUS,AZ,AWP,CE,Towers with Radar,87,37,41,15,180,0,9,81,15,105,87,46,122,30,285,28,8,36,321
05/17/2022,TUS,AZ,AWP,CE,Towers with Radar,91,41,23,43,198,0,6,98,37,141,91,47,121,80,339,22,74,96,435
05/18/2022,TUS,AZ,AWP,CE,Towers with Radar,84,41,60,49,234,0,15,75,29,119,84,56,135,78,353,78,80,158,511
05/19/2022,TUS,AZ,AWP,CE,Towers with Radar,85,36,44,45,210,0,14,62,17,93,85,50,106,62,303,20,64,84,387
05/20/2022,TUS,AZ,AWP,CE,Towers with Radar,91,30,45,22,188,0,38,43,13,94,91,68,88,35,282,14,32,46,328
05/21/2022,TUS,AZ,AWP,CE,Towers with Radar,70,22,31,0,123,0,17,88,5,110,70,39,119,5,233,20,0,20,253
05/22/2022,TUS,AZ,AWP,CE,Towers with Radar,83,25,35,1,144,0,18,94,8,120,83,43,129,9,264,78,0,78,342
05/23/2022,TUS,AZ,AWP,CE,Towers with Radar,83,32,29,39,183,0,7,48,14,69,83,39,77,53,252,46,78,124,376
05/24/2022,TUS,AZ,AWP,CE,Towers with Radar,80,42,40,28,190,0,12,54,20,86,80,54,94,48,276,150,64,214,490
05/25/2022,TUS,AZ,AWP,CE,Towers with Radar,87,34,38,35,194,0,15,68,28,111,87,49,106,63,305,68,72,140,445
05/26/2022,TUS,AZ,AWP,CE,Towers with Radar,89,32,36,36,193,0,10,56,30,96,89,42,92,66,289,28,71,99,388
05/27/2022,TUS,AZ,AWP,CE,Towers with Radar,89,31,61,0,181,0,17,60,9,86,89,48,121,9,267,82,0,82,349
05/28/2022,TUS,AZ,AWP,CE,Towers with Radar,73,30,24,1,128,0,12,48,5,65,73,42,72,6,193,24,0,24,217
05/29/2022,TUS,AZ,AWP,CE,Towers with Radar,80,32,11,0,123,0,13,48,6,67,80,45,59,6,190,18,0,18,208
05/30/2022,TUS,AZ,AWP,CE,Towers with Radar,86,26,31,1,144,0,16,74,8,98,86,42,105,9,242,96,1,97,339
05/31/2022,TUS,AZ,AWP,CE,Towers with Radar,78,39,35,38,190,0,22,73,15,110,78,61,108,53,300,56,65,121,421
06/01/2022,TUS,AZ,AWP,CE,Towers with Radar,87,38,30,46,201,0,14,79,27,120,87,52,109,73,321,157,74,231,552
06/02/2022,TUS,AZ,AWP,CE,Towers with Radar,83,28,63,43,217,0,16,71,16,103,83,44,134,59,320,112,61,173,493
06/03/2022,TUS,AZ,AWP,CE,Towers with Radar,90,34,32,36,192,0,15,49,11,75,90,49,81,47,267,80,40,120,387
06/04/2022,TUS,AZ,AWP,CE,Towers with Radar,73,34,27,41,175,0,22,60,15,97,73,56,87,56,272,80,56,136,408
06/05/2022,TUS,AZ,AWP,CE,Towers with Radar,84,27,37,10,158,0,12,69,8,89,84,39,106,18,247,54,11,65,312
06/06/2022,TUS,AZ,AWP,CE,Towers with Radar,83,23,37,11,154,0,12,60,8,80,83,35,97,19,234,48,15,63,297
06/07/2022,TUS,AZ,AWP,CE,Towers with Radar,86,52,50,33,221,0,19,55,16,90,86,71,105,49,311,66,36,102,413
06/08/2022,TUS,AZ,AWP,CE,Towers with Radar,87,35,52,31,205,0,11,50,37,98,87,46,102,68,303,40,68,108,411
06/09/2022,TUS,AZ,AWP,CE,Towers with Radar,86,38,40,43,207,0,15,67,17,99,86,53,107,60,306,50,52,102,408
06/10/2022,TUS,AZ,AWP,CE,Towers with Radar,85,32,38,16,171,0,4,57,24,85,85,36,95,40,256,76,30,106,362
06/11/2022,TUS,AZ,AWP,CE,Towers with Radar,86,32,16,6,140,0,17,65,6,88,86,49,81,12,228,106,0,106,334
06/12/2022,TUS,AZ,AWP,CE,Towers with Radar,78,30,31,3,142,0,9,64,5,78,78,39,95,8,220,60,0,60,280
06/13/2022,TUS,AZ,AWP,CE,Towers with Radar,80,26,32,34,172,0,14,49,18,81,80,40,81,52,253,6,59,65,318
06/14/2022,TUS,AZ,AWP,CE,Towers with Radar,82,39,31,29,181,0,24,60,24,108,82,63,91,53,289,114,70,184,473
06/15/2022,TUS,AZ,AWP,CE,Towers with Radar,83,40,38,38,199,0,18,86,29,133,83,58,124,67,332,104,67,171,503
06/16/2022,TUS,AZ,AWP,CE,Towers with Radar,88,54,42,33,217,0,16,86,24,126,88,70,128,57,343,96,65,161,504
06/17/2022,TUS,AZ,AWP,CE,Towers with Radar,78,30,39,5,152,0,21,75,18,114,78,51,114,23,266,118,10,128,394
06/18/2022,TUS,AZ,AWP,CE,Towers with Radar,83,16,29,12,140,0,10,52,5,67,83,26,81,17,207,74,0,74,281
06/19/2022,TUS,AZ,AWP,CE,Towers with Radar,77,20,44,1,142,0,7,76,1,84,77,27,120,2,226,70,5,75,301
06/20/2022,TUS,AZ,AWP,CE,Towers with Radar,84,35,29,1,149,0,19,58,7,84,84,54,87,8,233,94,0,94,327
06/21/2022,TUS,AZ,AWP,CE,Towers with Radar,85,34,21,46,186,0,10,50,17,77,85,44,71,63,263,110,45,155,418
06/22/2022,TUS,AZ,AWP,CE,Towers with Radar,84,35,40,40,199,0,13,70,20,103,84,48,110,60,302,80,67,147,449
06/23/2022,TUS,AZ,AWP,CE,Towers with Radar,88,40,43,34,205,0,9,53,21,83,88,49,96,55,288,40,84,124,412
06/24/2022,TUS,AZ,AWP,CE,Towers with Radar,86,30,39,27,182,0,21,72,20,113,86,51,111,47,295,80,77,157,452
06/25/2022,TUS,AZ,AWP,CE,Towers with Radar,82,17,29,8,136,0,14,63,7,84,82,31,92,15,220,141,0,141,361
06/26/2022,TUS,AZ,AWP,CE,Towers with Radar,82,30,17,0,129,0,5,50,4,59,82,35,67,4,188,36,0,36,224
06/27/2022,TUS,AZ,AWP,CE,Towers with Radar,85,29,23,5,142,0,9,65,8,82,85,38,88,13,224,72,16,88,312
06/28/2022,TUS,AZ,AWP,CE,Towers with Radar,83,36,39,32,190,0,10,62,17,89,83,46,101,49,279,70,66,136,415
06/29/2022,TUS,AZ,AWP,CE,Towers with Radar,85,36,39,43,203,0,13,56,20,89,85,49,95,63,292,74,62,136,428
06/30/2022,TUS,AZ,AWP,CE,Towers with Radar,92,36,48,30,206,0,15,64,17,96,92,51,112,47,302,38,85,123,425
07/01/2022,TUS,AZ,AWP,CE,Towers with Radar,81,20,29,23,153,0,3,49,27,79,81,23,78,50,232,64,48,112,344
07/02/2022,TUS,AZ,AWP,CE,Towers with Radar,77,21,26,1,125,0,10,64,7,81,77,31,90,8,206,78,0,78,284
07/03/2022,TUS,AZ,AWP,CE,Towers with Radar,74,17,17,0,108,0,11,47,2,60,74,28,64,2,168,20,0,20,188
07/04/2022,TUS,AZ,AWP,CE,Towers with Radar,76,19,14,1,110,0,22,51,2,75,76,41,65,3,185,50,3,53,238
07/05/2022,TUS,AZ,AWP,CE,Towers with Radar,80,26,24,1,131,0,15,59,2,76,80,41,83,3,207,42,0,42,249
07/06/2022,TUS,AZ,AWP,CE,Towers with Radar,81,23,21,34,159,0,21,74,22,117,81,44,95,56,276,54,82,136,412
07/07/2022,TUS,AZ,AWP,CE,Towers with Radar,86,35,20,45,186,0,18,78,29,125,86,53,98,74,311,113,69,182,493
07/08/2022,TUS,AZ,AWP,CE,Towers with Radar,90,21,30,47,188,0,7,57,15,79,90,28,87,62,267,50,68,118,385
07/09/2022,TUS,AZ,AWP,CE,Towers with Radar,77,28,23,5,133,0,13,66,6,85,77,41,89,11,218,124,0,124,342
07/10/2022,TUS,AZ,AWP,CE,Towers with Radar,79,21,24,1,125,0,19,55,3,77,79,40,79,4,202,10,0,10,212
07/11/2022,TUS,AZ,AWP,CE,Towers with Radar,82,22,38,39,181,0,12,45,18,75,82,34,83,57,256,54,86,140,396
07/12/2022,TUS,AZ,AWP,CE,Towers with Radar,88,13,34,34,169,0,9,61,18,88,88,22,95,52,257,80,42,122,379
07/13/2022,TUS,AZ,AWP,CE,Towers with Radar,88,29,29,32,178,0,12,53,11,76,88,41,82,43,254,52,57,109,363
07/14/2022,TUS,AZ,AWP,CE,Towers with Radar,100,33,40,29,202,0,12,55,26,93,100,45,95,55,295,90,58,148,443
07/15/2022,TUS,AZ,AWP,CE,Towers with Radar,85,28,30,17,160,2,21,56,16,95,87,49,86,33,255,0,0,0,255
07/16/2022,TUS,AZ,AWP,CE,Towers with Radar,101,21,35,2,159,0,12,45,3,60,101,33,80,5,219,0,0,0,219
07/17/2022,TUS,AZ,AWP,CE,Towers with Radar,102,34,37,9,182,0,15,40,4,59,102,49,77,13,241,0,0,0,241
07/18/2022,TUS,AZ,AWP,CE,Towers with Radar,82,28,45,8,163,0,13,63,2,78,82,41,108,10,241,0,0,0,241
07/19/2022,TUS,AZ,AWP,CE,Towers with Radar,91,34,36,28,189,0,13,43,16,72,91,47,79,44,261,0,0,0,261
07/20/2022,TUS,AZ,AWP,CE,Towers with Radar,85,38,51,35,209,0,11,84,18,113,85,49,135,53,322,0,0,0,322
07/21/2022,TUS,AZ,AWP,CE,Towers with Radar,88,31,42,36,197,0,13,52,32,97,88,44,94,68,294,24,51,75,369
07/22/2022,TUS,AZ,AWP,CE,Towers with Radar,85,34,29,31,179,0,7,51,19,77,85,41,80,50,256,44,42,86,342
07/23/2022,TUS,AZ,AWP,CE,Towers with Radar,80,17,19,0,116,0,8,35,6,49,80,25,54,6,165,26,0,26,191
07/24/2022,TUS,AZ,AWP,CE,Towers with Radar,88,26,13,0,127,0,6,52,2,60,88,32,65,2,187,62,0,62,249
07/25/2022,TUS,AZ,AWP,CE,Towers with Radar,86,36,31,38,191,0,8,32,18,58,86,44,63,56,249,36,69,105,354
07/26/2022,TUS,AZ,AWP,CE,Towers with Radar,90,21,17,51,179,0,19,50,14,83,90,40,67,65,262,58,74,132,394
07/27/2022,TUS,AZ,AWP,CE,Towers with Radar,87,32,28,16,163,0,8,48,13,69,87,40,76,29,232,24,44,68,300
07/28/2022,TUS,AZ,AWP,CE,Towers with Radar,93,24,27,19,163,0,9,31,18,58,93,33,58,37,221,24,26,50,271
07/29/2022,TUS,AZ,AWP,CE,Towers with Radar,88,27,46,17,178,0,12,37,9,58,88,39,83,26,236,46,22,68,304
07/30/2022,TUS,AZ,AWP,CE,Towers with Radar,79,15,30,0,124,0,4,59,7,70,79,19,89,7,194,64,0,64,258
07/31/2022,TUS,AZ,AWP,CE,Towers with Radar,79,23,26,1,129,0,7,55,0,62,79,30,81,1,191,48,0,48,239
08/01/2022,TUS,AZ,AWP,CE,Towers with Radar,79,39,30,27,175,0,14,68,15,97,79,53,98,42,272,64,32,96,368
08/02/2022,TUS,AZ,AWP,CE,Towers with Radar,81,32,43,17,173,0,9,66,10,85,81,41,109,27,258,78,31,109,367
08/03/2022,TUS,AZ,AWP,CE,Towers with Radar,86,32,22,6,146,0,6,39,8,53,86,38,61,14,199,38,5,43,242
08/04/2022,TUS,AZ,AWP,CE,Towers with Radar,85,41,34,25,185,0,9,60,15,84,85,50,94,40,269,60,39,99,368
08/05/2022,TUS,AZ,AWP,CE,Towers with Radar,79,32,46,15,172,0,13,82,15,110,79,45,128,30,282,80,30,110,392
08/06/2022,TUS,AZ,AWP,CE,Towers with Radar,77,19,25,20,141,0,20,45,12,77,77,39,70,32,218,62,27,89,307
08/07/2022,TUS,AZ,AWP,CE,Towers with Radar,77,24,20,8,129,0,14,58,7,79,77,38,78,15,208,6,18,24,232
08/08/2022,TUS,AZ,AWP,CE,Towers with Radar,78,20,42,4,144,0,12,56,2,70,78,32,98,6,214,30,0,30,244
08/09/2022,TUS,AZ,AWP,CE,Towers with Radar,90,23,30,17,160,0,7,53,13,73,90,30,83,30,233,50,33,83,316
08/10/2022,TUS,AZ,AWP,CE,Towers with Radar,78,28,32,18,156,0,8,41,13,62,78,36,73,31,218,34,19,53,271
08/11/2022,TUS,AZ,AWP,CE,Towers with Radar,79,43,45,26,193,0,12,46,20,78,79,55,91,46,271,38,36,74,345
08/12/2022,TUS,AZ,AWP,CE,Towers with Radar,92,32,36,25,185,0,20,74,16,110,92,52,110,41,295,66,25,91,386
08/13/2022,TUS,AZ,AWP,CE,Towers with Radar,74,18,25,1,118,0,10,62,4,76,74,28,87,5,194,68,2,70,264
08/14/2022,TUS,AZ,AWP,CE,Towers with Radar,68,30,29,3,130,0,3,58,6,67,68,33,87,9,197,28,0,28,225
08/15/2022,TUS,AZ,AWP,CE,Towers with Radar,85,33,21,33,172,0,12,43,10,65,85,45,64,43,237,54,54,108,345
08/16/2022,TUS,AZ,AWP,CE,Towers with Radar,79,29,25,2,135,0,10,44,4,58,79,39,69,6,193,20,0,20,213
08/17/2022,TUS,AZ,AWP,CE,Towers with Radar,78,42,41,14,175,0,11,66,16,93,78,53,107,30,268,50,24,74,342
08/18/2022,TUS,AZ,AWP,CE,Towers with Radar,85,22,45,15,167,0,3,57,13,73,85,25,102,28,240,66,40,106,346
08/19/2022,TUS,AZ,AWP,CE,Towers with Radar,76,25,20,15,136,0,0,27,10,37,76,25,47,25,173,24,35,59,232
08/20/2022,TUS,AZ,AWP,CE,Towers with Radar,75,21,22,3,121,0,2,21,4,27,75,23,43,7,148,32,0,32,180
08/21/2022,TUS,AZ,AWP,CE,Towers with Radar,89,17,28,1,135,0,11,37,6,54,89,28,65,7,189,35,0,35,224
08/22/2022,TUS,AZ,AWP,CE,Towers with Radar,74,34,23,0,131,0,9,52,9,70,74,43,75,9,201,36,0,36,237
08/23/2022,TUS,AZ,AWP,CE,Towers with Radar,80,27,41,27,175,0,20,71,32,123,80,47,112,59,298,42,81,123,421
08/24/2022,TUS,AZ,AWP,CE,Towers with Radar,82,29,55,27,193,0,20,53,29,102,82,49,108,56,295,52,45,97,392
08/25/2022,TUS,AZ,AWP,CE,Towers with Radar,84,36,29,39,188,0,10,44,30,84,84,46,73,69,272,18,73,91,363
08/26/2022,TUS,AZ,AWP,CE,Towers with Radar,81,33,24,28,166,0,20,63,19,102,81,53,87,47,268,78,50,128,396
08/27/2022,TUS,AZ,AWP,CE,Towers with Radar,77,29,25,2,133,0,8,57,4,69,77,37,82,6,202,8,0,8,210
08/28/2022,TUS,AZ,AWP,CE,Towers with Radar,75,22,21,0,118,0,11,52,5,68,75,33,73,5,186,16,0,16,202
08/29/2022,TUS,AZ,AWP,CE,Towers with Radar,78,36,26,37,177,0,18,71,31,120,78,54,97,68,297,62,74,136,433
08/30/2022,TUS,AZ,AWP,CE,Towers with Radar,78,28,32,33,171,0,9,67,19,95,78,37,99,52,266,52,60,112,378
08/31/2022,TUS,AZ,AWP,CE,Towers with Radar,82,25,34,34,175,0,16,52,24,92,82,41,86,58,267,36,86,122,389
09/01/2022,TUS,AZ,AWP,CE,Towers with Radar,84,30,28,32,174,1,18,54,25,98,85,48,82,57,272,53,60,113,385
09/02/2022,TUS,AZ,AWP,CE,Towers with Radar,93,39,35,1,168,0,17,59,7,83,93,56,94,8,251,58,0,58,309
09/03/2022,TUS,AZ,AWP,CE,Towers with Radar,65,17,17,0,99,0,16,52,6,74,65,33,69,6,173,20,0,20,193
09/04/2022,TUS,AZ,AWP,CE,Towers with Radar,66,27,17,0,110,0,14,49,2,65,66,41,66,2,175,14,0,14,189
09/05/2022,TUS,AZ,AWP,CE,Towers with Radar,71,25,26,0,122,0,11,44,3,58,71,36,70,3,180,64,0,64,244
09/06/2022,TUS,AZ,AWP,CE,Towers with Radar,76,24,23,45,168,0,10,53,13,76,76,34,76,58,244,44,58,102,346
09/07/2022,TUS,AZ,AWP,CE,Towers with Radar,78,23,32,44,177,0,21,55,25,101,78,44,87,69,278,35,75,110,388
09/08/2022,TUS,AZ,AWP,CE,Towers with Radar,80,37,28,45,190,0,21,56,33,110,80,58,84,78,300,46,81,127,427
09/09/2022,TUS,AZ,AWP,CE,Towers with Radar,86,25,31,23,165,0,7,43,17,67,86,32,74,40,232,37,81,118,350
09/10/2022,TUS,AZ,AWP,CE,Towers with Radar,78,32,39,34,183,0,14,62,24,100,78,46,101,58,283,82,91,173,456
09/11/2022,TUS,AZ,AWP,CE,Towers with Radar,76,17,24,22,139,0,5,63,15,83,76,22,87,37,222,42,53,95,317
09/12/2022,TUS,AZ,AWP,CE,Towers with Radar,83,18,26,4,131,0,13,37,4,54,83,31,63,8,185,30,0,30,215
09/13/2022,TUS,AZ,AWP,CE,Towers with Radar,77,55,39,33,204,0,23,74,16,113,77,78,113,49,317,100,59,159,476
09/14/2022,TUS,AZ,AWP,CE,Towers with Radar,80,51,41,33,205,0,26,51,20,97,80,77,92,53,302,94,60,154,456
09/15/2022,TUS,AZ,AWP,CE,Towers with Radar,83,46,54,33,216,0,24,87,20,131,83,70,141,53,347,169,32,201,548
09/16/2022,TUS,AZ,AWP,CE,Towers with Radar,82,31,51,30,194,0,21,59,22,102,82,52,110,52,296,70,52,122,418
09/17/2022,TUS,AZ,AWP,CE,Towers with Radar,81,37,23,2,143,0,19,61,7,87,81,56,84,9,230,46,0,46,276
09/18/2022,TUS,AZ,AWP,CE,Towers with Radar,80,28,40,2,150,0,18,54,6,78,80,46,94,8,228,68,0,68,296
09/19/2022,TUS,AZ,AWP,CE,Towers with Radar,76,21,40,32,169,0,9,55,19,83,76,30,95,51,252,78,81,159,411
09/20/2022,TUS,AZ,AWP,CE,Towers with Radar,74,28,27,20,149,0,1,56,15,72,74,29,83,35,221,82,51,133,354
09/21/2022,TUS,AZ,AWP,CE,Towers with Radar,78,20,52,30,180,0,2,55,13,70,78,22,107,43,250,68,43,111,361
09/22/2022,TUS,AZ,AWP,CE,Towers with Radar,80,23,39,36,178,0,8,47,13,68,80,31,86,49,246,94,72,166,412
09/23/2022,TUS,AZ,AWP,CE,Towers with Radar,88,27,43,34,192,0,8,69,19,96,88,35,112,53,288,110,66,176,464
09/24/2022,TUS,AZ,AWP,CE,Towers with Radar,81,24,30,5,140,0,8,67,4,79,81,32,97,9,219,62,0,62,281
09/25/2022,TUS,AZ,AWP,CE,Towers with Radar,79,32,30,0,141,0,18,67,2,87,79,50,97,2,228,52,0,52,280
09/26/2022,TUS,AZ,AWP,CE,Towers with Radar,77,27,43,26,173,0,10,43,16,69,77,37,86,42,242,38,59,97,339
09/27/2022,TUS,AZ,AWP,CE,Towers with Radar,77,29,51,29,186,0,20,41,14,75,77,49,92,43,261,61,46,107,368
09/28/2022,TUS,AZ,AWP,CE,Towers with Radar,75,30,34,31,170,0,22,43,27,92,75,52,77,58,262,74,81,155,417
09/29/2022,TUS,AZ,AWP,CE,Towers with Radar,78,42,42,23,185,0,13,70,36,119,78,55,112,59,304,70,58,128,432
09/30/2022,TUS,AZ,AWP,CE,Towers with Radar,86,39,40,39,204,0,13,60,28,101,86,52,100,67,305,16,56,72,377
10/01/2022,TUS,AZ,AWP,CE,Towers with Radar,81,31,33,35,180,0,9,69,26,104,81,40,102,61,284,68,70,138,422
10/02/2022,TUS,AZ,AWP,CE,Towers with Radar,85,33,42,25,185,0,14,63,21,98,85,47,105,46,283,20,42,62,345
10/03/2022,TUS,AZ,AWP,CE,Towers with Radar,96,34,42,9,181,0,10,51,9,70,96,44,93,18,251,48,4,52,303
10/04/2022,TUS,AZ,AWP,CE,Towers with Radar,88,26,28,15,157,0,27,43,20,90,88,53,71,35,247,73,46,119,366
10/05/2022,TUS,AZ,AWP,CE,Towers with Radar,79,42,42,37,200,0,17,60,26,103,79,59,102,63,303,33,65,98,401
10/06/2022,TUS,AZ,AWP,CE,Towers with Radar,87,40,58,40,225,0,19,59,34,112,87,59,117,74,337,100,80,180,517
10/07/2022,TUS,AZ,AWP,CE,Towers with Radar,99,28,56,39,222,0,6,63,21,90,99,34,119,60,312,100,54,154,466
10/08/2022,TUS,AZ,AWP,CE,Towers with Radar,90,23,37,0,150,0,17,54,3,74,90,40,91,3,224,56,0,56,280
10/09/2022,TUS,AZ,AWP,CE,Towers with Radar,88,29,37,1,155,0,7,45,6,58,88,36,82,7,213,90,0,90,303
10/10/2022,TUS,AZ,AWP,CE,Towers with Radar,90,27,36,0,153,0,13,44,4,61,90,40,80,4,214,42,0,42,256
10/11/2022,TUS,AZ,AWP,CE,Towers with Radar,91,38,38,3,170,0,17,70,4,91,91,55,108,7,261,106,0,106,367
10/12/2022,TUS,AZ,AWP,CE,Towers with Radar,90,24,36,45,195,0,16,81,14,111,90,40,117,59,306,62,56,118,424
10/13/2022,TUS,AZ,AWP,CE,Towers with Radar,95,19,44,36,194,0,16,75,16,107,95,35,119,52,301,114,66,180,481
10/14/2022,TUS,AZ,AWP,CE,Towers with Radar,93,49,46,24,212,0,19,58,13,90,93,68,104,37,302,132,33,165,467
10/15/2022,TUS,AZ,AWP,CE,Towers with Radar,117,29,18,1,165,0,11,59,4,74,117,40,77,5,239,58,0,58,297
10/16/2022,TUS,AZ,AWP,CE,Towers with Radar,89,54,45,5,193,0,8,49,5,62,89,62,94,10,255,124,0,124,379
10/17/2022,TUS,AZ,AWP,CE,Towers with Radar,91,41,33,4,169,0,20,60,4,84,91,61,93,8,253,156,0,156,409
10/18/2022,TUS,AZ,AWP,CE,Towers with Radar,102,41,27,35,205,0,16,59,20,95,102,57,86,55,300,70,61,131,431
10/19/2022,TUS,AZ,AWP,CE,Towers with Radar,93,31,37,38,199,0,17,65,9,91,93,48,102,47,290,8,48,56,346
10/20/2022,TUS,AZ,AWP,CE,Towers with Radar,91,36,49,43,219,0,29,65,21,115,91,65,114,64,334,110,76,186,520
10/21/2022,TUS,AZ,AWP,CE,Towers with Radar,95,24,43,37,199,0,13,76,34,123,95,37,119,71,322,166,64,230,552
10/22/2022,TUS,AZ,AWP,CE,Towers with Radar,88,32,20,0,140,0,10,75,3,88,88,42,95,3,228,62,0,62,290
10/23/2022,TUS,AZ,AWP,CE,Towers with Radar,93,33,36,6,168,0,6,48,2,56,93,39,84,8,224,66,0,66,290
10/24/2022,TUS,AZ,AWP,CE,Towers with Radar,88,34,45,32,199,0,23,53,26,102,88,57,98,58,301,211,48,259,560
10/25/2022,TUS,AZ,AWP,CE,Towers with Radar,88,32,36,28,184,0,20,76,19,115,88,52,112,47,299,170,65,235,534
10/26/2022,TUS,AZ,AWP,CE,Towers with Radar,97,29,40,27,193,0,12,79,13,104,97,41,119,40,297,136,43,179,476
10/27/2022,TUS,AZ,AWP,CE,Towers with Radar,96,25,46,40,207,0,24,71,33,128,96,49,117,73,335,86,48,134,469
10/28/2022,TUS,AZ,AWP,CE,Towers with Radar,96,43,62,2,203,0,14,59,10,83,96,57,121,12,286,102,0,102,388
10/29/2022,TUS,AZ,AWP,CE,Towers with Radar,87,22,30,0,139,0,26,74,2,102,87,48,104,2,241,166,0,166,407
10/30/2022,TUS,AZ,AWP,CE,Towers with Radar,92,31,48,4,175,0,17,80,4,101,92,48,128,8,276,46,0,46,322
10/31/2022,TUS,AZ,AWP,CE,Towers with Radar,82,29,42,31,184,0,14,80,23,117,82,43,122,54,301,138,64,202,503
11/01/2022,TUS,AZ,AWP,CE,Towers with Radar,100,47,57,42,246,0,19,109,27,155,100,66,166,69,401,130,55,185,586
11/02/2022,TUS,AZ,AWP,CE,Towers with Radar,100,38,62,43,243,0,12,86,27,125,100,50,148,70,368,58,81,139,507
11/03/2022,TUS,AZ,AWP,CE,Towers with Radar,92,43,61,35,231,0,10,42,16,68,92,53,103,51,299,20,35,55,354
11/04/2022,TUS,AZ,AWP,CE,Towers with Radar,101,36,52,20,209,0,29,84,18,131,101,65,136,38,340,172,40,212,552
11/05/2022,TUS,AZ,AWP,CE,Towers with Radar,93,30,28,32,183,0,36,76,22,134,93,66,104,54,317,127,63,190,507
11/06/2022,TUS,AZ,AWP,CE,Towers with Radar,91,24,39,17,171,0,22,86,20,128,91,46,125,37,299,106,26,132,431
11/07/2022,TUS,AZ,AWP,CE,Towers with Radar,92,28,56,5,181,0,14,94,5,113,92,42,150,10,294,228,0,228,522
11/08/2022,TUS,AZ,AWP,CE,Towers with Radar,92,40,52,32,216,0,12,87,22,121,92,52,139,54,337,96,83,179,516
11/09/2022,TUS,AZ,AWP,CE,Towers with Radar,99,37,48,47,231,0,13,50,21,84,99,50,98,68,315,45,89,134,449
11/10/2022,TUS,AZ,AWP,CE,Towers with Radar,94,45,44,55,238,0,27,74,30,131,94,72,118,85,369,32,71,103,472
11/11/2022,TUS,AZ,AWP,CE,Towers with Radar,100,33,59,2,194,0,26,86,3,115,100,59,145,5,309,30,11,41,350
11/12/2022,TUS,AZ,AWP,CE,Towers with Radar,91,35,37,1,164,0,15,101,4,120,91,50,138,5,284,142,0,142,426
11/13/2022,TUS,AZ,AWP,CE,Towers with Radar,96,40,51,0,187,0,7,77,4,88,96,47,128,4,275,22,0,22,297
11/14/2022,TUS,AZ,AWP,CE,Towers with Radar,91,35,41,35,202,1,32,60,21,114,92,67,101,56,316,52,42,94,410
11/15/2022,TUS,AZ,AWP,CE,Towers with Radar,98,42,52,46,238,0,24,67,12,103,98,66,119,58,341,72,50,122,463
11/16/2022,TUS,AZ,AWP,CE,Towers with Radar,94,30,68,39,231,0,27,85,11,123,94,57,153,50,354,41,51,92,446
11/17/2022,TUS,AZ,AWP,CE,Towers with Radar,98,45,53,38,234,0,25,65,23,113,98,70,118,61,347,62,50,112,459
11/18/2022,TUS,AZ,AWP,CE,Towers with Radar,99,39,53,33,224,0,18,96,12,126,99,57,149,45,350,136,22,158,508
11/19/2022,TUS,AZ,AWP,CE,Towers with Radar,97,38,66,5,206,0,28,109,9,146,97,66,175,14,352,72,1,73,425
11/20/2022,TUS,AZ,AWP,CE,Towers with Radar,93,20,44,0,157,0,7,50,12,69,93,27,94,12,226,86,0,86,312
11/21/2022,TUS,AZ,AWP,CE,Towers with Radar,103,24,60,33,220,0,24,86,21,131,103,48,146,54,351,138,60,198,549
11/22/2022,TUS,AZ,AWP,CE,Towers with Radar,103,36,56,34,229,0,23,82,15,120,103,59,138,49,349,142,71,213,562
11/23/2022,TUS,AZ,AWP,CE,Towers with Radar,102,26,38,29,195,0,7,88,17,112,102,33,126,46,307,180,66,246,553
11/24/2022,TUS,AZ,AWP,CE,Towers with Radar,64,19,18,0,101,0,3,30,5,38,64,22,48,5,139,22,1,23,162
11/25/2022,TUS,AZ,AWP,CE,Towers with Radar,95,20,28,0,143,0,14,72,2,88,95,34,100,2,231,98,0,98,329
11/26/2022,TUS,AZ,AWP,CE,Towers with Radar,86,34,33,0,153,0,27,89,6,122,86,61,122,6,275,42,0,42,317
11/27/2022,TUS,AZ,AWP,CE,Towers with Radar,99,36,46,1,182,0,18,72,3,93,99,54,118,4,275,148,0,148,423
11/28/2022,TUS,AZ,AWP,CE,Towers with Radar,99,26,46,42,213,0,24,51,25,100,99,50,97,67,313,58,67,125,438
11/29/2022,TUS,AZ,AWP,CE,Towers with Radar,101,29,48,42,220,0,15,71,29,115,101,44,119,71,335,128,73,201,536
11/30/2022,TUS,AZ,AWP,CE,Towers with Radar,101,34,32,34,201,0,13,88,25,126,101,47,120,59,327,156,67,223,550
12/01/2022,TUS,AZ,AWP,CE,Towers with Radar,102,44,46,26,218,0,20,65,17,102,102,64,111,43,320,124,60,184,504
12/02/2022,TUS,AZ,AWP,CE,Towers with Radar,102,31,51,29,213,0,23,77,22,122,102,54,128,51,335,58,52,110,445
12/03/2022,TUS,AZ,AWP,CE,Towers with Radar,84,22,28,23,157,0,7,21,6,34,84,29,49,29,191,22,43,65,256
12/04/2022,TUS,AZ,AWP,CE,Towers with Radar,93,32,58,20,203,0,0,3,1,4,93,32,61,21,207,0,21,21,228
12/05/2022,TUS,AZ,AWP,CE,Towers with Radar,101,44,53,0,198,0,13,42,7,62,101,57,95,7,260,58,0,58,318
12/06/2022,TUS,AZ,AWP,CE,Towers with Radar,100,22,40,42,204,0,13,69,15,97,100,35,109,57,301,56,58,114,415
12/07/2022,TUS,AZ,AWP,CE,Towers with Radar,100,26,53,42,221,0,9,87,22,118,100,35,140,64,339,124,92,216,555
12/08/2022,TUS,AZ,AWP,CE,Towers with Radar,106,42,41,30,219,0,14,84,28,126,106,56,125,58,345,154,103,257,602
12/09/2022,TUS,AZ,AWP,CE,Towers with Radar,109,47,37,40,233,0,21,94,22,137,109,68,131,62,370,72,51,123,493
12/10/2022,TUS,AZ,AWP,CE,Towers with Radar,85,23,32,2,142,0,24,164,6,194,85,47,196,8,336,96,0,96,432
12/11/2022,TUS,AZ,AWP,CE,Towers with Radar,99,27,37,21,184,0,28,67,9,104,99,55,104,30,288,40,0,40,328
12/12/2022,TUS,AZ,AWP,CE,Towers with Radar,101,26,29,47,203,0,5,13,6,24,101,31,42,53,227,24,68,92,319
12/13/2022,TUS,AZ,AWP,CE,Towers with Radar,93,22,34,44,193,0,5,58,17,80,93,27,92,61,273,116,84,200,473
12/14/2022,TUS,AZ,AWP,CE,Towers with Radar,101,27,40,37,205,0,12,65,8,85,101,39,105,45,290,213,49,262,552
12/15/2022,TUS,AZ,AWP,CE,Towers with Radar,100,33,54,25,212,0,14,75,15,104,100,47,129,40,316,94,39,133,449
12/16/2022,TUS,AZ,AWP,CE,Towers with Radar,99,33,34,20,186,0,13,143,16,172,99,46,177,36,358,106,44,150,508
12/17/2022,TUS,AZ,AWP,CE,Towers with Radar,93,33,39,1,166,0,10,125,4,139,93,43,164,5,305,122,0,122,427
12/18/2022,TUS,AZ,AWP,CE,Towers with Radar,98,29,50,0,177,0,12,64,5,81,98,41,114,5,258,98,0,98,356
12/19/2022,TUS,AZ,AWP,CE,Towers with Radar,105,40,59,23,227,0,12,71,15,98,105,52,130,38,325,50,58,108,433
12/20/2022,TUS,AZ,AWP,CE,Towers with Radar,104,29,40,32,205,0,19,74,14,107,104,48,114,46,312,68,57,125,437
12/21/2022,TUS,AZ,AWP,CE,Towers with Radar,105,26,34,27,192,0,25,75,19,119,105,51,109,46,311,62,49,111,422
12/22/2022,TUS,AZ,AWP,CE,Towers with Radar,106,30,39,23,198,0,23,75,12,110,106,53,114,35,308,22,66,88,396
12/23/2022,TUS,AZ,AWP,CE,Towers with Radar,93,31,35,0,159,0,19,47,2,68,93,50,82,2,227,12,10,22,249
12/24/2022,TUS,AZ,AWP,CE,Towers with Radar,64,13,15,0,92,0,8,53,1,62,64,21,68,1,154,12,0,12,166
12/25/2022,TUS,AZ,AWP,CE,Towers with Radar,61,11,13,0,85,0,6,27,0,33,61,17,40,0,118,0,0,0,118
12/26/2022,TUS,AZ,AWP,CE,Towers with Radar,84,32,46,0,162,0,11,85,2,98,84,43,131,2,260,30,0,30,290
12/27/2022,TUS,AZ,AWP,CE,Towers with Radar,89,28,47,14,178,0,30,59,14,103,89,58,106,28,281,38,37,75,356
12/28/2022,TUS,AZ,AWP,CE,Towers with Radar,90,29,68,12,199,0,0,26,4,30,90,29,94,16,229,12,11,23,252
12/29/2022,TUS,AZ,AWP,CE,Towers with Radar,94,31,40,19,184,0,7,48,13,68,94,38,88,32,252,40,33,73,325
12/30/2022,TUS,AZ,AWP,CE,Towers with Radar,110,32,55,16,213,0,6,43,10,59,110,38,98,26,272,32,29,61,333
12/31/2022,TUS,AZ,AWP,CE,Towers with Radar,75,23,37,1,136,0,13,67,5,85,75,36,104,6,221,36,0,36,257
01/01/2023,TUS,AZ,AWP,CE,Towers with Radar,89,34,18,3,144,0,2,12,2,16,89,36,30,5,160,0,0,0,160
01/02/2023,TUS,AZ,AWP,CE,Towers with Radar,109,32,51,0,192,0,2,33,1,36,109,34,84,1,228,12,0,12,240
01/03/2023,TUS,AZ,AWP,CE,Towers with Radar,97,29,35,32,193,0,18,34,13,65,97,47,69,45,258,6,55,61,319
01/04/2023,TUS,AZ,AWP,CE,Towers with Radar,102,33,56,47,238,0,43,75,16,134,102,76,131,63,372,30,68,98,470
01/05/2023,TUS,AZ,AWP,CE,Towers with Radar,108,40,59,36,243,0,39,78,19,136,108,79,137,55,379,2,72,74,453
01/06/2023,TUS,AZ,AWP,CE,Towers with Radar,100,34,48,37,219,0,15,79,28,122,100,49,127,65,341,10,56,66,407
01/07/2023,TUS,AZ,AWP,CE,Towers with Radar,86,45,46,17,194,0,25,144,20,189,86,70,190,37,383,34,64,98,481
01/08/2023,TUS,AZ,AWP,CE,Towers with Radar,98,33,73,12,216,0,41,78,13,132,98,74,151,25,348,18,30,48,396
01/09/2023,TUS,AZ,AWP,CE,Towers with Radar,103,46,49,4,202,0,42,80,5,127,103,88,129,9,329,54,0,54,383
01/10/2023,TUS,AZ,AWP,CE,Towers with Radar,98,42,49,49,238,0,14,63,13,90,98,56,112,62,328,54,84,138,466
01/11/2023,TUS,AZ,AWP,CE,Towers with Radar,99,33,53,42,227,0,15,78,14,107,99,48,131,56,334,83,67,150,484
01/12/2023,TUS,AZ,AWP,CE,Towers with Radar,108,34,39,39,220,0,24,76,20,120,108,58,115,59,340,102,65,167,507
01/13/2023,TUS,AZ,AWP,CE,Towers with Radar,106,35,44,17,202,0,14,83,8,105,106,49,127,25,307,104,9,113,420
01/14/2023,TUS,AZ,AWP,CE,Towers with Radar,87,31,40,0,158,0,27,160,5,192,87,58,200,5,350,72,0,72,422
01/15/2023,TUS,AZ,AWP,CE,Towers with Radar,87,28,38,2,155,0,1,15,0,16,87,29,53,2,171,0,0,0,171
01/16/2023,TUS,AZ,AWP,CE,Towers with Radar,100,25,51,0,176,0,0,5,2,7,100,25,56,2,183,48,0,48,231
01/17/2023,TUS,AZ,AWP,CE,Towers with Radar,96,25,44,26,191,2,25,39,17,83,98,50,83,43,274,38,47,85,359
01/18/2023,TUS,AZ,AWP,CE,Towers with Radar,102,24,58,34,218,0,130,82,17,229,102,154,140,51,447,90,57,147,594
01/19/2023,TUS,AZ,AWP,CE,Towers with Radar,104,37,55,33,229,0,70,91,24,185,104,107,146,57,414,108,61,169,583
01/20/2023,TUS,AZ,AWP,CE,Towers with Radar,105,35,49,32,221,0,37,121,28,186,105,72,170,60,407,74,54,128,535
01/21/2023,TUS,AZ,AWP,CE,Towers with Radar,89,35,57,2,183,0,28,158,5,191,89,63,215,7,374,220,0,220,594
01/22/2023,TUS,AZ,AWP,CE,Towers with Radar,97,35,40,0,172,0,30,105,5,140,97,65,145,5,312,166,1,167,479
01/23/2023,TUS,AZ,AWP,CE,Towers with Radar,104,30,45,3,182,0,19,39,4,62,104,49,84,7,244,58,0,58,302
01/24/2023,TUS,AZ,AWP,CE,Towers with Radar,102,38,59,47,246,0,35,65,31,131,102,73,124,78,377,140,67,207,584
01/25/2023,TUS,AZ,AWP,CE,Towers with Radar,101,48,46,42,237,0,18,106,16,140,101,66,152,58,377,157,49,206,583
01/26/2023,TUS,AZ,AWP,CE,Towers with Radar,107,37,21,36,201,0,32,76,21,129,107,69,97,57,330,42,48,90,420
01/27/2023,TUS,AZ,AWP,CE,Towers with Radar,105,35,43,49,232,0,16,129,12,157,105,51,172,61,389,106,99,205,594
01/28/2023,TUS,AZ,AWP,CE,Towers with Radar,95,43,33,5,176,0,12,146,9,167,95,55,179,14,343,98,0,98,441
01/29/2023,TUS,AZ,AWP,CE,Towers with Radar,97,42,55,20,214,0,7,77,6,90,97,49,132,26,304,76,0,76,380
01/30/2023,TUS,AZ,AWP,CE,Towers with Radar,98,28,40,32,198,0,22,49,26,97,98,50,89,58,295,54,73,127,422
01/31/2023,TUS,AZ,AWP,CE,Towers with Radar,87,32,39,57,215,0,32,56,14,102,87,64,95,71,317,82,46,128,445
02/01/2023,TUS,AZ,AWP,CE,Towers with Radar,93,54,69,61,277,0,24,75,21,120,93,78,144,82,397,36,57,93,490
02/02/2023,TUS,AZ,AWP,CE,Towers with Radar,99,58,66,34,257,0,20,71,18,109,99,78,137,52,366,32,90,122,488
02/03/2023,TUS,AZ,AWP,CE,Towers with Radar,111,41,51,44,247,0,13,112,24,149,111,54,163,68,396,84,64,148,544
02/04/2023,TUS,AZ,AWP,CE,Towers with Radar,95,41,56,28,220,0,22,144,36,202,95,63,200,64,422,130,84,214,636
02/05/2023,TUS,AZ,AWP,CE,Towers with Radar,101,58,46,44,249,0,20,94,24,138,101,78,140,68,387,62,51,113,500
02/06/2023,TUS,AZ,AWP,CE,Towers with Radar,105,45,33,11,194,0,82,56,8,146,105,127,89,19,340,66,0,66,406
02/07/2023,TUS,AZ,AWP,CE,Towers with Radar,108,39,46,43,236,0,80,72,25,177,108,119,118,68,413,68,82,150,563
02/08/2023,TUS,AZ,AWP,CE,Towers with Radar,106,38,70,41,255,0,64,92,20,176,106,102,162,61,431,70,77,147,578
02/09/2023,TUS,AZ,AWP,CE,Towers with Radar,106,36,53,47,242,0,22,51,27,100,106,58,104,74,342,68,75,143,485
02/10/2023,TUS,AZ,AWP,CE,Towers with Radar,115,50,57,21,243,0,23,27,17,67,115,73,84,38,310,14,42,56,366
02/11/2023,TUS,AZ,AWP,CE,Towers with Radar,108,42,35,1,186,0,10,59,2,71,108,52,94,3,257,40,0,40,297
02/12/2023,TUS,AZ,AWP,CE,Towers with Radar,107,66,63,0,236,0,13,62,3,78,107,79,125,3,314,22,1,23,337
02/13/2023,TUS,AZ,AWP,CE,Towers with Radar,129,50,64,2,245,0,7,13,0,20,129,57,77,2,265,42,0,42,307
02/14/2023,TUS,AZ,AWP,CE,Towers with Radar,135,31,59,6,231,0,0,26,4,30,135,31,85,10,261,52,24,76,337
02/15/2023,TUS,AZ,AWP,CE,Towers with Radar,127,31,61,38,257,0,51,68,31,150,127,82,129,69,407,164,46,210,617
02/16/2023,TUS,AZ,AWP,CE,Towers with Radar,118,50,71,41,280,0,22,82,9,113,118,72,153,50,393,146,72,218,611
02/17/2023,TUS,AZ,AWP,CE,Towers with Radar,117,34,58,40,249,0,19,35,12,66,117,53,93,52,315,14,67,81,396
02/18/2023,TUS,AZ,AWP,CE,Towers with Radar,101,38,55,2,196,0,35,154,6,195,101,73,209,8,391,112,0,112,503
02/19/2023,TUS,AZ,AWP,CE,Towers with Radar,102,19,65,5,191,0,19,58,3,80,102,38,123,8,271,104,2,106,377
02/20/2023,TUS,AZ,AWP,CE,Towers with Radar,124,48,50,5,227,0,18,79,0,97,124,66,129,5,324,158,2,160,484
02/21/2023,TUS,AZ,AWP,CE,Towers with Radar,111,26,47,45,229,0,30,41,16,87,111,56,88,61,316,84,86,170,486
02/22/2023,TUS,AZ,AWP,CE,Towers with Radar,120,39,26,0,185,0,0,7,0,7,120,39,33,0,192,6,0,6,198
02/23/2023,TUS,AZ,AWP,CE,Towers with Radar,122,42,68,48,280,0,140,42,18,200,122,182,110,66,480,76,66,142,622
02/24/2023,TUS,AZ,AWP,CE,Towers with Radar,117,44,58,11,230,0,169,102,5,276,117,213,160,16,506,152,7,159,665
02/25/2023,TUS,AZ,AWP,CE,Towers with Radar,105,21,54,11,191,0,131,92,5,228,105,152,146,16,419,66,2,68,487
02/26/2023,TUS,AZ,AWP,CE,Towers with Radar,109,34,42,2,187,0,24,29,2,55,109,58,71,4,242,28,0,28,270
02/27/2023,TUS,AZ,AWP,CE,Towers with Radar,118,29,53,42,242,0,191,71,28,290,118,220,124,70,532,139,89,228,760
02/28/2023,TUS,AZ,AWP,CE,Towers with Radar,117,37,29,31,214,0,186,80,31,297,117,223,109,62,511,20,53,73,584
03/01/2023,TUS,AZ,AWP,CE,Towers with Radar,151,37,35,29,252,0,199,51,14,264,151,236,86,43,516,74,34,108,624
03/02/2023,TUS,AZ,AWP,CE,Towers with Radar,122,32,38,41,233,0,164,55,22,241,122,196,93,63,474,74,73,147,621
03/03/2023,TUS,AZ,AWP,CE,Towers with Radar,111,31,39,48,229,0,44,92,31,167,111,75,131,79,396,112,85,197,593
03/04/2023,TUS,AZ,AWP,CE,Towers with Radar,97,26,45,35,203,0,34,130,28,192,97,60,175,63,395,36,81,117,512
03/05/2023,TUS,AZ,AWP,CE,Towers with Radar,102,40,62,27,231,0,68,77,20,165,102,108,139,47,396,24,23,47,443
03/06/2023,TUS,AZ,AWP,CE,Towers with Radar,117,29,53,0,199,0,54,56,8,118,117,83,109,8,317,58,0,58,375
03/07/2023,TUS,AZ,AWP,CE,Towers with Radar,102,46,40,30,218,0,46,74,24,144,102,92,114,54,362,88,52,140,502
03/08/2023,TUS,AZ,AWP,CE,Towers with Radar,105,30,50,42,227,0,36,83,32,151,105,66,133,74,378,55,109,164,542
03/09/2023,TUS,AZ,AWP,CE,Towers with Radar,111,44,59,30,244,0,64,76,21,161,111,108,135,51,405,78,50,128,533
03/10/2023,TUS,AZ,AWP,CE,Towers with Radar,113,36,45,45,239,0,43,120,26,189,113,79,165,71,428,82,78,160,588
03/11/2023,TUS,AZ,AWP,CE,Towers with Radar,105,26,33,2,166,0,66,114,4,184,105,92,147,6,350,38,0,38,388
03/12/2023,TUS,AZ,AWP,CE,Towers with Radar,115,41,49,3,208,0,42,82,2,126,115,83,131,5,334,32,0,32,366
03/13/2023,TUS,AZ,AWP,CE,Towers with Radar,114,34,27,45,220,0,50,52,22,124,114,84,79,67,344,78,76,154,498
03/14/2023,TUS,AZ,AWP,CE,Towers with Radar,107,45,36,43,231,0,83,74,27,184,107,128,110,70,415,10,52,62,477
03/15/2023,TUS,AZ,AWP,CE,Towers with Radar,111,34,45,30,220,0,20,38,21,79,111,54,83,51,299,26,38,64,363
03/16/2023,TUS,AZ,AWP,CE,Towers with Radar,107,51,26,29,213,0,56,45,17,118,107,107,71,46,331,42,59,101,432
03/17/2023,TUS,AZ,AWP,CE,Towers with Radar,112,44,40,22,218,0,128,57,13,198,112,172,97,35,416,12,36,48,464
03/18/2023,TUS,AZ,AWP,CE,Towers with Radar,107,32,35,0,174,0,96,42,5,143,107,128,77,5,317,34,0,34,351
03/19/2023,TUS,AZ,AWP,CE,Towers with Radar,109,38,48,2,197,0,24,25,8,57,109,62,73,10,254,0,0,0,254
03/20/2023,TUS,AZ,AWP,CE,Towers with Radar,119,43,32,3,197,0,97,50,6,153,119,140,82,9,350,2,0,2,352
03/21/2023,TUS,AZ,AWP,CE,Towers with Radar,129,37,40,23,229,0,39,16,23,78,129,76,56,46,307,0,55,55,362
03/22/2023,TUS,AZ,AWP,CE,Towers with Radar,116,26,53,33,228,0,54,12,14,80,116,80,65,47,308,0,37,37,345
03/23/2023,TUS,AZ,AWP,CE,Towers with Radar,116,45,51,58,270,0,101,68,40,209,116,146,119,98,479,6,72,78,557
03/24/2023,TUS,AZ,AWP,CE,Towers with Radar,116,33,37,49,235,0,80,60,40,180,116,113,97,89,415,8,68,76,491
03/25/2023,TUS,AZ,AWP,CE,Towers with Radar,103,33,39,2,177,0,89,85,6,180,103,122,124,8,357,40,0,40,397
03/26/2023,TUS,AZ,AWP,CE,Towers with Radar,102,37,48,3,190,0,79,81,13,173,102,116,129,16,363,11,0,11,374
03/27/2023,TUS,AZ,AWP,CE,Towers with Radar,107,45,45,50,247,0,152,54,40,246,107,197,99,90,493,2,80,82,575
03/28/2023,TUS,AZ,AWP,CE,Towers with Radar,105,36,35,43,219,0,77,54,38,169,105,113,89,81,388,40,78,118,506
03/29/2023,TUS,AZ,AWP,CE,Towers with Radar,103,56,30,35,224,0,88,66,23,177,103,144,96,58,401,6,73,79,480
03/30/2023,TUS,AZ,AWP,CE,Towers with Radar,109,25,42,39,215,0,118,49,31,198,109,143,91,70,413,16,69,85,498
03/31/2023,TUS,AZ,AWP,CE,Towers with Radar,104,61,53,49,267,0,91,103,24,218,104,152,156,73,485,132,55,187,672
04/01/2023,TUS,AZ,AWP,CE,Towers with Radar,95,36,36,33,200,0,83,81,20,184,95,119,117,53,384,27,61,88,472
04/02/2023,TUS,AZ,AWP,CE,Towers with Radar,97,44,49,13,203,0,59,95,17,171,97,103,144,30,374,108,25,133,507
04/03/2023,TUS,AZ,AWP,CE,Towers with Radar,113,20,46,1,180,0,43,39,5,87,113,63,85,6,267,14,2,16,283
04/04/2023,TUS,AZ,AWP,CE,Towers with Radar,104,38,35,41,218,0,107,53,24,184,104,145,88,65,402,42,56,98,500
04/05/2023,TUS,AZ,AWP,CE,Towers with Radar,99,37,50,45,231,0,50,99,19,168,99,87,149,64,399,162,53,215,614
04/06/2023,TUS,AZ,AWP,CE,Towers with Radar,113,54,47,32,246,0,58,77,18,153,113,112,124,50,399,96,68,164,563
04/07/2023,TUS,AZ,AWP,CE,Towers with Radar,108,55,33,39,235,0,96,86,19,201,108,151,119,58,436,38,53,91,527
04/08/2023,TUS,AZ,AWP,CE,Towers with Radar,104,41,35,9,189,0,99,68,12,179,104,140,103,21,368,88,0,88,456
04/09/2023,TUS,AZ,AWP,CE,Towers with Radar,100,29,21,0,150,0,25,40,11,76,100,54,61,11,226,24,0,24,250
04/10/2023,TUS,AZ,AWP,CE,Towers with Radar,103,38,40,39,220,0,88,64,19,171,103,126,104,58,391,78,80,158,549
04/11/2023,TUS,AZ,AWP,CE,Towers with Radar,101,38,29,44,212,0,108,55,28,191,101,146,84,72,403,32,82,114,517
04/12/2023,TUS,AZ,AWP,CE,Towers with Radar,100,37,18,41,196,0,98,58,21,177,100,135,76,62,373,34,89,123,496
04/13/2023,TUS,AZ,AWP,CE,Towers with Radar,112,42,40,33,227,0,39,45,26,110,112,81,85,59,337,46,64,110,447
04/14/2023,TUS,AZ,AWP,CE,Towers with Radar,111,50,44,34,239,0,92,70,15,177,111,142,114,49,416,60,47,107,523
04/15/2023,TUS,AZ,AWP,CE,Towers with Radar,100,37,32,0,169,0,178,84,7,269,100,215,116,7,438,68,0,68,506
04/16/2023,TUS,AZ,AWP,CE,Towers with Radar,103,23,37,0,163,0,197,84,8,289,103,220,121,8,452,42,0,42,494
04/17/2023,TUS,AZ,AWP,CE,Towers with Radar,117,34,33,2,186,0,104,38,4,146,117,138,71,6,332,16,2,18,350
04/18/2023,TUS,AZ,AWP,CE,Towers with Radar,104,53,29,45,231,0,104,69,9,182,104,157,98,54,413,2,82,84,497
04/19/2023,TUS,AZ,AWP,CE,Towers with Radar,96,30,28,32,186,1,87,64,15,167,97,117,92,47,353,66,30,96,449
04/20/2023,TUS,AZ,AWP,CE,Towers with Radar,101,35,23,33,192,0,138,57,17,212,101,173,80,50,404,4,50,54,458
04/21/2023,TUS,AZ,AWP,CE,Towers with Radar,103,45,31,19,198,0,154,76,13,243,103,199,107,32,441,92,34,126,567
04/22/2023,TUS,AZ,AWP,CE,Towers with Radar,99,30,37,0,166,0,61,106,6,173,99,91,143,6,339,28,0,28,367
04/23/2023,TUS,AZ,AWP,CE,Towers with Radar,100,42,33,0,175,0,54,69,10,133,100,96,102,10,308,2,0,2,310
04/24/2023,TUS,AZ,AWP,CE,Towers with Radar,101,42,27,34,204,0,117,45,26,188,101,159,72,60,392,12,78,90,482
04/25/2023,TUS,AZ,AWP,CE,Towers with Radar,103,27,43,39,212,0,119,64,30,213,103,146,107,69,425,44,77,121,546
04/26/2023,TUS,AZ,AWP,CE,Towers with Radar,98,42,50,46,236,0,150,71,21,242,98,192,121,67,478,26,94,120,598
04/27/2023,TUS,AZ,AWP,CE,Towers with Radar,107,44,35,43,229,1,101,84,35,221,108,145,119,78,450,60,64,124,574
04/28/2023,TUS,AZ,AWP,CE,Towers with Radar,109,42,37,49,237,0,120,63,25,208,109,162,100,74,445,28,48,76,521
04/29/2023,TUS,AZ,AWP,CE,Towers with Radar,99,28,21,13,161,0,51,70,11,132,99,79,91,24,293,16,9,25,318
04/30/2023,TUS,AZ,AWP,CE,Towers with Radar,96,36,36,5,173,0,53,62,4,119,96,89,98,9,292,19,0,19,311
05/01/2023,TUS,AZ,AWP,CE,Towers with Radar,102,26,41,31,200,0,44,37,27,108,102,70,78,58,308,12,54,66,374
05/02/2023,TUS,AZ,AWP,CE,Towers with Radar,106,41,55,37,239,0,158,89,25,272,106,199,144,62,511,17,64,81,592
05/03/2023,TUS,AZ,AWP,CE,Towers with Radar,103,35,52,37,227,0,56,68,20,144,103,91,120,57,371,22,40,62,433
05/04/2023,TUS,AZ,AWP,CE,Towers with Radar,102,35,33,53,223,0,96,49,26,171,102,131,82,79,394,40,86,126,520
05/05/2023,TUS,AZ,AWP,CE,Towers with Radar,102,35,42,21,200,0,137,64,26,227,102,172,106,47,427,22,31,53,480
05/06/2023,TUS,AZ,AWP,CE,Towers with Radar,86,28,36,24,174,0,113,120,16,249,86,141,156,40,423,26,79,105,528
05/07/2023,TUS,AZ,AWP,CE,Towers with Radar,90,21,42,4,157,0,96,70,7,173,90,117,112,11,330,44,4,48,378
05/08/2023,TUS,AZ,AWP,CE,Towers with Radar,93,40,38,1,172,0,45,60,4,109,93,85,98,5,281,54,0,54,335
05/09/2023,TUS,AZ,AWP,CE,Towers with Radar,95,30,28,36,189,0,109,55,16,180,95,139,83,52,369,24,49,73,442
05/10/2023,TUS,AZ,AWP,CE,Towers with Radar,91,37,36,40,204,0,155,76,26,257,91,192,112,66,461,48,67,115,576
05/11/2023,TUS,AZ,AWP,CE,Towers with Radar,93,38,59,34,224,0,115,85,20,220,93,153,144,54,444,40,63,103,547
05/12/2023,TUS,AZ,AWP,CE,Towers with Radar,95,36,34,32,197,0,110,87,13,210,95,146,121,45,407,34,64,98,505
05/13/2023,TUS,AZ,AWP,CE,Towers with Radar,88,36,45,13,182,0,120,79,5,204,88,156,124,18,386,78,4,82,468
05/14/2023,TUS,AZ,AWP,CE,Towers with Radar,87,27,25,20,159,0,6,35,5,46,87,33,60,25,205,0,7,7,212
05/15/2023,TUS,AZ,AWP,CE,Towers with Radar,99,22,18,27,166,0,100,32,18,150,99,122,50,45,316,14,64,78,394
05/16/2023,TUS,AZ,AWP,CE,Towers with Radar,90,21,31,35,177,0,104,45,19,168,90,125,76,54,345,44,81,125,470
05/17/2023,TUS,AZ,AWP,CE,Towers with Radar,99,31,30,38,198,0,120,47,27,194,99,151,77,65,392,45,54,99,491
05/18/2023,TUS,AZ,AWP,CE,Towers with Radar,111,26,44,24,205,0,64,52,13,129,111,90,96,37,334,56,34,90,424
05/19/2023,TUS,AZ,AWP,CE,Towers with Radar,98,34,38,20,190,0,87,59,10,156,98,121,97,30,346,50,33,83,429
05/20/2023,TUS,AZ,AWP,CE,Towers with Radar,89,43,34,8,174,0,105,67,7,179,89,148,101,15,353,24,0,24,377
05/21/2023,TUS,AZ,AWP,CE,Towers with Radar,96,45,39,1,181,0,120,76,6,202,96,165,115,7,383,8,0,8,391
05/22/2023,TUS,AZ,AWP,CE,Towers with Radar,100,23,32,48,203,0,61,76,18,155,100,84,108,66,358,68,63,131,489
05/23/2023,TUS,AZ,AWP,CE,Towers with Radar,93,42,41,53,229,0,61,63,21,145,93,103,104,74,374,40,84,124,498
05/24/2023,TUS,AZ,AWP,CE,Towers with Radar,97,54,27,33,211,0,55,75,24,154,97,109,102,57,365,28,62,90,455
05/25/2023,TUS,AZ,AWP,CE,Towers with Radar,95,28,52,42,217,0,112,68,24,204,95,140,120,66,421,50,59,109,530
05/26/2023,TUS,AZ,AWP,CE,Towers with Radar,106,36,42,8,192,0,145,63,7,215,106,181,105,15,407,44,0,44,451
05/27/2023,TUS,AZ,AWP,CE,Towers with Radar,79,25,20,2,126,0,51,58,10,119,79,76,78,12,245,26,0,26,271
05/28/2023,TUS,AZ,AWP,CE,Towers with Radar,82,29,16,1,128,0,92,65,5,162,82,121,81,6,290,62,0,62,352
05/29/2023,TUS,AZ,AWP,CE,Towers with Radar,86,30,32,0,148,0,71,67,5,143,86,101,99,5,291,24,11,35,326
05/30/2023,TUS,AZ,AWP,CE,Towers with Radar,87,41,26,40,194,0,72,56,14,142,87,113,82,54,336,10,44,54,390
05/31/2023,TUS,AZ,AWP,CE,Towers with Radar,99,41,25,36,201,0,41,58,20,119,99,82,83,56,320,16,60,76,396
06/01/2023,TUS,AZ,AWP,CE,Towers with Radar,92,41,51,49,233,0,120,63,22,205,92,161,114,71,438,22,68,90,528
06/02/2023,TUS,AZ,AWP,CE,Towers with Radar,94,34,30,42,200,0,108,57,24,189,94,142,87,66,389,44,62,106,495
06/03/2023,TUS,AZ,AWP,CE,Towers with Radar,82,29,27,21,159,0,126,52,32,210,82,155,79,53,369,50,79,129,498
06/04/2023,TUS,AZ,AWP,CE,Towers with Radar,83,17,27,18,145,0,119,52,14,185,83,136,79,32,330,38,29,67,397
06/05/2023,TUS,AZ,AWP,CE,Towers with Radar,90,34,29,2,155,0,84,53,3,140,90,118,82,5,295,0,0,0,295
06/06/2023,TUS,AZ,AWP,CE,Towers with Radar,87,37,21,27,172,0,58,37,16,111,87,95,58,43,283,24,43,67,350
06/07/2023,TUS,AZ,AWP,CE,Towers with Radar,88,30,38,46,202,0,97,81,21,199,88,127,119,67,401,52,78,130,531
06/08/2023,TUS,AZ,AWP,CE,Towers with Radar,90,52,32,39,213,0,108,56,21,185,90,160,88,60,398,57,63,120,518
06/09/2023,TUS,AZ,AWP,CE,Towers with Radar,101,19,25,45,190,0,57,72,22,151,101,76,97,67,341,82,50,132,473
06/10/2023,TUS,AZ,AWP,CE,Towers with Radar,81,20,22,18,141,0,70,73,11,154,81,90,95,29,295,36,12,48,343
06/11/2023,TUS,AZ,AWP,CE,Towers with Radar,87,16,26,7,136,0,13,51,8,72,87,29,77,15,208,10,0,10,218
06/12/2023,TUS,AZ,AWP,CE,Towers with Radar,87,26,24,40,177,0,74,60,21,155,87,100,84,61,332,12,84,96,428
06/13/2023,TUS,AZ,AWP,CE,Towers with Radar,84,28,18,37,167,0,119,58,7,184,84,147,76,44,351,38,63,101,452
06/14/2023,TUS,AZ,AWP,CE,Towers with Radar,99,27,26,27,179,0,212,69,16,297,99,239,95,43,476,92,53,145,621
06/15/2023,TUS,AZ,AWP,CE,Towers with Radar,88,22,28,35,173,0,83,63,17,163,88,105,91,52,336,50,56,106,442
06/16/2023,TUS,AZ,AWP,CE,Towers with Radar,97,29,26,19,171,0,84,48,10,142,97,113,74,29,313,0,23,23,336
06/17/2023,TUS,AZ,AWP,CE,Towers with Radar,76,29,26,0,131,0,83,47,7,137,76,112,73,7,268,68,0,68,336
06/18/2023,TUS,AZ,AWP,CE,Towers with Radar,85,24,30,4,143,0,58,51,10,119,85,82,81,14,262,22,0,22,284
06/19/2023,TUS,AZ,AWP,CE,Towers with Radar,90,39,31,1,161,0,76,41,1,118,90,115,72,2,279,4,0,4,283
06/20/2023,TUS,AZ,AWP,CE,Towers with Radar,94,27,22,36,179,1,100,68,33,202,95,127,90,69,381,36,54,90,471
06/21/2023,TUS,AZ,AWP,CE,Towers with Radar,85,40,22,36,183,0,73,49,20,142,85,113,71,56,325,32,50,82,407
06/22/2023,TUS,AZ,AWP,CE,Towers with Radar,94,19,29,43,185,0,73,49,24,146,94,92,78,67,331,26,71,97,428
06/23/2023,TUS,AZ,AWP,CE,Towers with Radar,93,31,32,31,187,0,59,42,15,116,93,90,74,46,303,0,43,43,346
06/24/2023,TUS,AZ,AWP,CE,Towers with Radar,86,27,23,1,137,0,66,52,7,125,86,93,75,8,262,26,6,32,294
06/25/2023,TUS,AZ,AWP,CE,Towers with Radar,78,29,19,5,131,0,21,47,5,73,78,50,66,10,204,26,3,29,233
06/26/2023,TUS,AZ,AWP,CE,Towers with Radar,86,20,26,7,139,0,39,47,5,91,86,59,73,12,230,68,0,68,298
06/27/2023,TUS,AZ,AWP,CE,Towers with Radar,86,25,14,36,161,0,69,49,35,153,86,94,63,71,314,50,68,118,432
06/28/2023,TUS,AZ,AWP,CE,Towers with Radar,90,20,24,45,179,0,55,53,25,133,90,75,77,70,312,30,70,100,412
06/29/2023,TUS,AZ,AWP,CE,Towers with Radar,89,26,23,44,182,0,88,58,25,171,89,114,81,69,353,14,86,100,453
06/30/2023,TUS,AZ,AWP,CE,Towers with Radar,100,34,26,29,189,0,117,51,19,187,100,151,77,48,376,64,63,127,503
07/01/2023,TUS,AZ,AWP,CE,Towers with Radar,80,12,23,2,117,0,85,34,9,128,80,97,57,11,245,20,0,20,265
07/02/2023,TUS,AZ,AWP,CE,Towers with Radar,83,13,27,0,123,0,35,39,4,78,83,48,66,4,201,0,0,0,201
07/03/2023,TUS,AZ,AWP,CE,Towers with Radar,82,17,9,0,108,0,57,29,1,87,82,74,38,1,195,8,0,8,203
07/04/2023,TUS,AZ,AWP,CE,Towers with Radar,70,11,10,3,94,0,35,27,1,63,70,46,37,4,157,0,2,2,159
07/05/2023,TUS,AZ,AWP,CE,Towers with Radar,93,26,16,35,170,0,65,51,23,139,93,91,67,58,309,19,59,78,387
07/06/2023,TUS,AZ,AWP,CE,Towers with Radar,96,30,25,47,198,0,100,45,27,172,96,130,70,74,370,22,70,92,462
07/07/2023,TUS,AZ,AWP,CE,Towers with Radar,93,23,30,41,187,0,73,52,16,141,93,96,82,57,328,54,63,117,445
07/08/2023,TUS,AZ,AWP,CE,Towers with Radar,86,16,22,1,125,0,36,45,5,86,86,52,67,6,211,20,0,20,231
07/09/2023,TUS,AZ,AWP,CE,Towers with Radar,89,16,17,5,127,0,46,50,5,101,89,62,67,10,228,16,0,16,244
07/10/2023,TUS,AZ,AWP,CE,Towers with Radar,93,21,24,40,178,0,26,45,11,82,93,47,69,51,260,20,57,77,337
07/11/2023,TUS,AZ,AWP,CE,Towers with Radar,86,13,23,41,163,0,76,40,18,134,86,89,63,59,297,48,62,110,407
07/12/2023,TUS,AZ,AWP,CE,Towers with Radar,95,29,23,34,181,0,102,41,21,164,95,131,64,55,345,50,79,129,474
07/13/2023,TUS,AZ,AWP,CE,Towers with Radar,103,14,30,33,180,0,73,45,14,132,103,87,75,47,312,70,63,133,445
07/14/2023,TUS,AZ,AWP,CE,Towers with Radar,94,19,47,8,168,0,81,43,7,131,94,100,90,15,299,46,0,46,345
07/15/2023,TUS,AZ,AWP,CE,Towers with Radar,89,16,25,1,131,0,34,43,9,86,89,50,68,10,217,28,0,28,245
07/16/2023,TUS,AZ,AWP,CE,Towers with Radar,79,18,17,1,115,0,33,50,4,87,79,51,67,5,202,14,0,14,216
07/17/2023,TUS,AZ,AWP,CE,Towers with Radar,93,27,22,2,144,0,50,32,4,86,93,77,54,6,230,12,0,12,242
07/18/2023,TUS,AZ,AWP,CE,Towers with Radar,89,28,34,40,191,0,98,48,16,162,89,126,82,56,353,20,63,83,436
07/19/2023,TUS,AZ,AWP,CE,Towers with Radar,101,20,26,36,183,0,69,55,30,154,101,89,81,66,337,14,88,102,439
07/20/2023,TUS,AZ,AWP,CE,Towers with Radar,100,18,26,36,180,0,89,58,26,173,100,107,84,62,353,0,89,89,442
07/21/2023,TUS,AZ,AWP,CE,Towers with Radar,107,23,14,25,169,0,27,52,14,93,107,50,66,39,262,42,76,118,380
07/22/2023,TUS,AZ,AWP,CE,Towers with Radar,87,20,15,1,123,0,70,48,2,120,87,90,63,3,243,12,0,12,255
07/23/2023,TUS,AZ,AWP,CE,Towers with Radar,84,26,18,0,128,0,15,26,8,49,84,41,44,8,177,4,0,4,181
07/24/2023,TUS,AZ,AWP,CE,Towers with Radar,95,19,25,29,168,0,50,41,20,111,95,69,66,49,279,8,67,75,354
07/25/2023,TUS,AZ,AWP,CE,Towers with Radar,93,21,16,43,173,0,53,38,17,108,93,74,54,60,281,22,72,94,375
07/26/2023,TUS,AZ,AWP,CE,Towers with Radar,100,30,36,31,197,0,35,52,16,103,100,65,88,47,300,70,61,131,431
07/27/2023,TUS,AZ,AWP,CE,Towers with Radar,98,30,23,36,187,0,46,53,18,117,98,76,76,54,304,10,70,80,384
07/28/2023,TUS,AZ,AWP,CE,Towers with Radar,92,13,21,42,168,0,27,28,15,70,92,40,49,57,238,16,68,84,322
07/29/2023,TUS,AZ,AWP,CE,Towers with Radar,91,15,32,0,138,0,32,47,5,84,91,47,79,5,222,10,0,10,232
07/30/2023,TUS,AZ,AWP,CE,Towers with Radar,83,24,19,4,130,0,21,50,9,80,83,45,69,13,210,12,0,12,222
07/31/2023,TUS,AZ,AWP,CE,Towers with Radar,97,24,19,35,175,0,50,35,26,111,97,74,54,61,286,10,79,89,375
08/01/2023,TUS,AZ,AWP,CE,Towers with Radar,89,48,20,48,205,0,40,51,23,114,89,88,71,71,319,31,82,113,432
08/02/2023,TUS,AZ,AWP,CE,Towers with Radar,93,45,25,37,200,0,108,40,24,172,93,153,65,61,372,20,62,82,454
08/03/2023,TUS,AZ,AWP,CE,Towers with Radar,96,40,30,44,210,0,135,54,19,208,96,175,84,63,418,30,81,111,529
08/04/2023,TUS,AZ,AWP,CE,Towers with Radar,99,39,19,25,182,0,99,61,19,179,99,138,80,44,361,24,67,91,452
08/05/2023,TUS,AZ,AWP,CE,Towers with Radar,88,26,16,22,152,0,51,51,25,127,88,77,67,47,279,30,65,95,374
08/06/2023,TUS,AZ,AWP,CE,Towers with Radar,85,23,21,14,143,0,20,55,27,102,85,43,76,41,245,40,27,67,312
08/07/2023,TUS,AZ,AWP,CE,Towers with Radar,95,27,16,4,142,0,159,40,6,205,95,186,56,10,347,2,6,8,355
08/08/2023,TUS,AZ,AWP,CE,Towers with Radar,100,28,19,23,170,0,24,30,19,73,100,52,49,42,243,2,69,71,314
08/09/2023,TUS,AZ,AWP,CE,Towers with Radar,98,35,24,33,190,0,55,61,34,150,98,90,85,67,340,20,62,82,422
08/10/2023,TUS,AZ,AWP,CE,Towers with Radar,98,31,35,27,191,0,73,61,29,163,98,104,96,56,354,6,40,46,400
08/11/2023,TUS,AZ,AWP,CE,Towers with Radar,101,24,35,28,188,0,89,61,21,171,101,113,96,49,359,66,62,128,487
08/12/2023,TUS,AZ,AWP,CE,Towers with Radar,88,10,19,2,119,0,46,47,4,97,88,56,66,6,216,28,0,28,244
08/13/2023,TUS,AZ,AWP,CE,Towers with Radar,87,31,22,0,140,0,21,49,5,75,87,52,71,5,215,36,0,36,251
08/14/2023,TUS,AZ,AWP,CE,Towers with Radar,94,20,25,27,166,0,56,39,15,110,94,76,64,42,276,52,63,115,391
08/15/2023,TUS,AZ,AWP,CE,Towers with Radar,94,24,29,43,190,0,98,37,19,154,94,122,66,62,344,28,61,89,433
08/16/2023,TUS,AZ,AWP,CE,Towers with Radar,104,19,28,14,165,0,31,22,5,58,104,50,50,19,223,34,15,49,272
08/17/2023,TUS,AZ,AWP,CE,Towers with Radar,95,12,34,14,155,0,91,33,16,140,95,103,67,30,295,20,31,51,346
08/18/2023,TUS,AZ,AWP,CE,Towers with Radar,96,12,24,18,150,0,52,41,16,109,96,64,65,34,259,14,40,54,313
08/19/2023,TUS,AZ,AWP,CE,Towers with Radar,86,19,20,0,125,0,50,38,4,92,86,69,58,4,217,6,0,6,223
08/20/2023,TUS,AZ,AWP,CE,Towers with Radar,89,15,21,0,125,0,19,24,1,44,89,34,45,1,169,14,0,14,183
08/21/2023,TUS,AZ,AWP,CE,Towers with Radar,92,34,25,9,160,0,65,17,7,89,92,99,42,16,249,2,0,2,251
08/22/2023,TUS,AZ,AWP,CE,Towers with Radar,103,19,13,27,162,0,203,53,20,276,103,222,66,47,438,40,62,102,540
08/23/2023,TUS,AZ,AWP,CE,Towers with Radar,98,13,28,29,168,0,69,50,25,144,98,82,78,54,312,46,72,118,430
08/24/2023,TUS,AZ,AWP,CE,Towers with Radar,99,28,33,38,198,0,155,61,26,242,99,183,94,64,440,48,54,102,542
08/25/2023,TUS,AZ,AWP,CE,Towers with Radar,99,21,22,35,177,0,36,56,19,111,99,57,78,54,288,18,58,76,364
08/26/2023,TUS,AZ,AWP,CE,Towers with Radar,88,24,26,5,143,0,51,45,11,107,88,75,71,16,250,24,0,24,274
08/27/2023,TUS,AZ,AWP,CE,Towers with Radar,93,18,28,2,141,0,36,55,4,95,93,54,83,6,236,42,6,48,284
08/28/2023,TUS,AZ,AWP,CE,Towers with Radar,95,26,13,29,163,0,81,44,19,144,95,107,57,48,307,12,65,77,384
08/29/2023,TUS,AZ,AWP,CE,Towers with Radar,100,29,22,46,197,0,140,67,14,221,100,169,89,60,418,42,87,129,547
08/30/2023,TUS,AZ,AWP,CE,Towers with Radar,107,21,27,26,181,0,159,36,18,213,107,180,63,44,394,16,28,44,438
08/31/2023,TUS,AZ,AWP,CE,Towers with Radar,107,30,25,30,192,1,43,39,17,100,108,73,64,47,292,2,74,76,368
