01/01/2020,TVC,MI,AGL,CE,Towers with Radar,16,5,3,6,30,0,3,11,3,17,16,8,14,9,47,0,8,8,55
01/02/2020,TVC,MI,AGL,CE,Towers with Radar,22,13,2,3,40,0,3,16,3,22,22,16,18,6,62,8,18,26,88
01/03/2020,TVC,MI,AGL,CE,Towers with Radar,18,13,5,0,36,0,2,12,6,20,18,15,17,6,56,52,0,52,108
01/04/2020,TVC,MI,AGL,CE,Towers with Radar,21,14,3,0,38,0,0,2,0,2,21,14,5,0,40,0,0,0,40
01/05/2020,TVC,MI,AGL,CE,Towers with Radar,10,6,2,1,19,0,0,2,1,3,10,6,4,2,22,0,0,0,22
01/06/2020,TVC,MI,AGL,CE,Towers with Radar,20,8,8,11,47,0,2,29,10,41,20,10,37,21,88,34,72,106,194
01/07/2020,TVC,MI,AGL,CE,Towers with Radar,14,10,10,12,46,0,0,10,8,18,14,10,20,20,64,10,84,94,158
01/08/2020,TVC,MI,AGL,CE,Towers with Radar,21,11,5,6,43,0,0,10,19,29,21,11,15,25,72,24,44,68,140
01/09/2020,TVC,MI,AGL,CE,Towers with Radar,18,9,5,7,39,0,2,6,8,16,18,11,11,15,55,0,62,62,117
01/10/2020,TVC,MI,AGL,CE,Towers with Radar,18,19,13,0,50,0,0,4,6,10,18,19,17,6,60,0,82,82,142
01/11/2020,TVC,MI,AGL,CE,Towers with Radar,14,7,3,0,24,0,0,2,3,5,14,7,5,3,29,0,0,0,29
01/12/2020,TVC,MI,AGL,CE,Towers with Radar,22,7,2,0,31,0,4,6,3,13,22,11,8,3,44,14,0,14,58
01/13/2020,TVC,MI,AGL,CE,Towers with Radar,20,9,7,7,43,0,0,10,6,16,20,9,17,13,59,0,26,26,85
01/14/2020,TVC,MI,AGL,CE,Towers with Radar,14,16,2,4,36,0,0,0,7,7,14,16,2,11,43,0,56,56,99
01/15/2020,TVC,MI,AGL,CE,Towers with Radar,17,13,9,1,40,0,1,16,8,25,17,14,25,9,65,94,22,116,181
01/16/2020,TVC,MI,AGL,CE,Towers with Radar,21,16,7,5,49,0,0,0,2,2,21,16,7,7,51,1,12,13,64
01/17/2020,TVC,MI,AGL,CE,Towers with Radar,18,17,10,0,45,0,2,82,3,87,18,19,92,3,132,192,20,212,344
01/18/2020,TVC,MI,AGL,CE,Towers with Radar,15,4,0,0,19,0,0,0,0,0,15,4,0,0,19,0,0,0,19
01/19/2020,TVC,MI,AGL,CE,Towers with Radar,16,8,0,0,24,0,0,0,2,2,16,8,0,2,26,0,0,0,26
01/20/2020,TVC,MI,AGL,CE,Towers with Radar,18,15,24,1,58,0,2,52,1,55,18,17,76,2,113,234,12,246,359
01/21/2020,TVC,MI,AGL,CE,Towers with Radar,14,19,17,13,63,0,2,69,12,83,14,21,86,25,146,107,38,145,291
01/22/2020,TVC,MI,AGL,CE,Towers with Radar,18,11,8,1,38,0,3,25,10,38,18,14,33,11,76,106,20,126,202
01/23/2020,TVC,MI,AGL,CE,Towers with Radar,18,12,15,1,46,0,0,0,0,0,18,12,15,1,46,0,0,0,46
01/24/2020,TVC,MI,AGL,CE,Towers with Radar,19,14,7,2,42,0,0,6,5,11,19,14,13,7,53,22,16,38,91
01/25/2020,TVC,MI,AGL,CE,Towers with Radar,18,34,0,0,52,0,0,0,0,0,18,34,0,0,52,0,0,0,52
01/26/2020,TVC,MI,AGL,CE,Towers with Radar,18,10,1,0,29,0,0,0,2,2,18,10,1,2,31,0,6,6,37
01/27/2020,TVC,MI,AGL,CE,Towers with Radar,20,8,5,1,34,0,0,4,11,15,20,8,9,12,49,14,34,48,97
01/28/2020,TVC,MI,AGL,CE,Towers with Radar,15,18,4,2,39,0,0,15,10,25,15,18,19,12,64,74,36,110,174
01/29/2020,TVC,MI,AGL,CE,Towers with Radar,17,12,14,1,44,0,1,47,4,52,17,13,61,5,96,138,0,138,234
01/30/2020,TVC,MI,AGL,CE,Towers with Radar,18,14,6,0,38,0,0,34,3,37,18,14,40,3,75,106,0,106,181
01/31/2020,TVC,MI,AGL,CE,Towers with Radar,18,22,4,0,44,0,0,0,4,4,18,22,4,4,48,0,4,4,52
02/01/2020,TVC,MI,AGL,CE,Towers with Radar,14,18,3,1,36,0,0,2,2,4,14,18,5,3,40,24,18,42,82
02/02/2020,TVC,MI,AGL,CE,Towers with Radar,20,5,10,0,35,0,1,19,3,23,20,6,29,3,58,46,24,70,128
02/03/2020,TVC,MI,AGL,CE,Towers with Radar,16,10,27,11,64,0,5,121,5,131,16,15,148,16,195,196,8,204,399
02/04/2020,TVC,MI,AGL,CE,Towers with Radar,14,12,18,3,47,0,2,59,8,69,14,14,77,11,116,180,10,190,306
02/05/2020,TVC,MI,AGL,CE,Towers with Radar,18,9,29,4,60,0,4,100,12,116,18,13,129,16,176,190,14,204,380
02/06/2020,TVC,MI,AGL,CE,Towers with Radar,14,19,17,6,56,0,2,56,8,66,14,21,73,14,122,144,36,180,302
02/07/2020,TVC,MI,AGL,CE,Towers with Radar,18,11,23,0,52,0,2,25,5,32,18,13,48,5,84,48,32,80,164
02/08/2020,TVC,MI,AGL,CE,Towers with Radar,19,11,21,7,58,0,5,73,3,81,19,16,94,10,139,142,0,142,281
02/09/2020,TVC,MI,AGL,CE,Towers with Radar,10,8,8,0,26,0,2,11,2,15,10,10,19,2,41,34,4,38,79
02/10/2020,TVC,MI,AGL,CE,Towers with Radar,18,5,19,4,46,0,2,51,11,64,18,7,70,15,110,130,10,140,250
02/11/2020,TVC,MI,AGL,CE,Towers with Radar,15,12,14,1,42,0,5,24,9,38,15,17,38,10,80,226,32,258,338
02/12/2020,TVC,MI,AGL,CE,Towers with Radar,17,23,23,3,66,0,2,61,4,67,17,25,84,7,133,106,16,122,255
02/13/2020,TVC,MI,AGL,CE,Towers with Radar,18,22,1,0,41,0,0,0,6,6,18,22,1,6,47,0,32,32,79
02/14/2020,TVC,MI,AGL,CE,Towers with Radar,20,14,21,3,58,0,4,57,4,65,20,18,78,7,123,104,10,114,237
02/15/2020,TVC,MI,AGL,CE,Towers with Radar,17,16,7,1,41,0,0,5,2,7,17,16,12,3,48,0,0,0,48
02/16/2020,TVC,MI,AGL,CE,Towers with Radar,18,10,9,1,38,0,3,42,8,53,18,13,51,9,91,38,0,38,129
02/17/2020,TVC,MI,AGL,CE,Towers with Radar,20,7,33,1,61,0,0,62,5,67,20,7,95,6,128,110,16,126,254
02/18/2020,TVC,MI,AGL,CE,Towers with Radar,18,17,1,8,44,0,0,5,1,6,18,17,6,9,50,10,18,28,78
02/19/2020,TVC,MI,AGL,CE,Towers with Radar,17,16,24,2,59,0,2,49,7,58,17,18,73,9,117,136,20,156,273
02/20/2020,TVC,MI,AGL,CE,Towers with Radar,19,21,31,6,77,0,0,56,5,61,19,21,87,11,138,140,76,216,354
02/21/2020,TVC,MI,AGL,CE,Towers with Radar,25,21,9,1,56,0,0,14,3,17,25,21,23,4,73,2,6,8,81
02/22/2020,TVC,MI,AGL,CE,Towers with Radar,17,8,34,1,60,0,0,71,3,74,17,8,105,4,134,98,0,98,232
02/23/2020,TVC,MI,AGL,CE,Towers with Radar,18,5,21,0,44,0,3,19,2,24,18,8,40,2,68,4,0,4,72
02/24/2020,TVC,MI,AGL,CE,Towers with Radar,20,5,27,5,57,0,3,89,6,98,20,8,116,11,155,184,26,210,365
02/25/2020,TVC,MI,AGL,CE,Towers with Radar,16,13,18,5,52,0,3,70,16,89,16,16,88,21,141,112,14,126,267
02/26/2020,TVC,MI,AGL,CE,Towers with Radar,18,9,17,0,44,0,1,39,5,45,18,10,56,5,89,64,14,78,167
02/27/2020,TVC,MI,AGL,CE,Towers with Radar,21,11,5,0,37,0,0,0,0,0,21,11,5,0,37,0,0,0,37
02/28/2020,TVC,MI,AGL,CE,Towers with Radar,21,20,9,0,50,0,0,1,0,1,21,20,10,0,51,0,0,0,51
02/29/2020,TVC,MI,AGL,CE,Towers with Radar,17,8,18,0,43,0,3,53,0,56,17,11,71,0,99,52,0,52,151
03/01/2020,TVC,MI,AGL,CE,Towers with Radar,19,6,13,0,38,0,7,52,3,62,19,13,65,3,100,86,0,86,186
03/02/2020,TVC,MI,AGL,CE,Towers with Radar,27,7,18,6,58,0,3,73,5,81,27,10,91,11,139,222,12,234,373
03/03/2020,TVC,MI,AGL,CE,Towers with Radar,17,10,23,2,52,0,0,37,5,42,17,10,60,7,94,184,40,224,318
03/04/2020,TVC,MI,AGL,CE,Towers with Radar,19,17,33,1,70,0,0,78,2,80,19,17,111,3,150,128,0,128,278
03/05/2020,TVC,MI,AGL,CE,Towers with Radar,18,9,14,2,43,0,0,36,2,38,18,9,50,4,81,84,2,86,167
03/06/2020,TVC,MI,AGL,CE,Towers with Radar,21,9,10,2,42,0,0,11,3,14,21,9,21,5,56,38,0,38,94
03/07/2020,TVC,MI,AGL,CE,Towers with Radar,17,9,25,0,51,0,5,65,5,75,17,14,90,5,126,98,0,98,224
03/08/2020,TVC,MI,AGL,CE,Towers with Radar,20,4,23,1,48,0,0,35,3,38,20,4,58,4,86,42,0,42,128
03/09/2020,TVC,MI,AGL,CE,Towers with Radar,20,5,4,0,29,0,0,7,4,11,20,5,11,4,40,10,52,62,102
03/10/2020,TVC,MI,AGL,CE,Towers with Radar,17,15,15,1,48,0,0,81,6,87,17,15,96,7,135,176,0,176,311
03/11/2020,TVC,MI,AGL,CE,Towers with Radar,21,14,8,0,43,0,0,10,2,12,21,14,18,2,55,104,0,104,159
03/12/2020,TVC,MI,AGL,CE,Towers with Radar,19,16,2,0,37,0,4,27,14,45,19,20,29,14,82,114,0,114,196
03/13/2020,TVC,MI,AGL,CE,Towers with Radar,19,13,12,0,44,0,0,7,2,9,19,13,19,2,53,0,0,0,53
03/14/2020,TVC,MI,AGL,CE,Towers with Radar,20,11,32,4,67,0,2,38,2,42,20,13,70,6,109,48,8,56,165
03/15/2020,TVC,MI,AGL,CE,Towers with Radar,19,3,34,0,56,0,4,116,4,124,19,7,150,4,180,118,26,144,324
03/16/2020,TVC,MI,AGL,CE,Towers with Radar,20,11,10,0,41,0,0,70,2,72,20,11,80,2,113,132,0,132,245
03/17/2020,TVC,MI,AGL,CE,Towers with Radar,17,6,12,0,35,0,1,36,4,41,17,7,48,4,76,74,12,86,162
03/18/2020,TVC,MI,AGL,CE,Towers with Radar,18,20,12,5,55,0,0,14,2,16,18,20,26,7,71,56,30,86,157
03/19/2020,TVC,MI,AGL,CE,Towers with Radar,18,14,3,3,38,0,0,23,5,28,18,14,26,8,66,28,24,52,118
03/20/2020,TVC,MI,AGL,CE,Towers with Radar,25,17,4,0,46,0,0,0,5,5,25,17,4,5,51,0,0,0,51
03/21/2020,TVC,MI,AGL,CE,Towers with Radar,13,11,7,0,31,0,1,25,4,30,13,12,32,4,61,32,16,48,109
03/22/2020,TVC,MI,AGL,CE,Towers with Radar,16,3,9,0,28,0,4,23,2,29,16,7,32,2,57,46,0,46,103
03/23/2020,TVC,MI,AGL,CE,Towers with Radar,21,5,9,1,36,0,3,15,6,24,21,8,24,7,60,0,0,0,60
03/24/2020,TVC,MI,AGL,CE,Towers with Radar,11,9,2,0,22,0,0,3,6,9,11,9,5,6,31,0,10,10,41
03/25/2020,TVC,MI,AGL,CE,Towers with Radar,10,10,2,0,22,0,0,6,5,11,10,10,8,5,33,0,12,12,45
03/26/2020,TVC,MI,AGL,CE,Towers with Radar,13,12,12,1,38,0,0,0,2,2,13,12,12,3,40,0,0,0,40
03/27/2020,TVC,MI,AGL,CE,Towers with Radar,16,7,12,0,35,0,1,8,6,15,16,8,20,6,50,4,20,24,74
03/28/2020,TVC,MI,AGL,CE,Towers with Radar,12,8,9,0,29,0,5,2,6,13,12,13,11,6,42,14,10,24,66
03/29/2020,TVC,MI,AGL,CE,Towers with Radar,14,2,0,0,16,0,0,0,4,4,14,2,0,4,20,0,0,0,20
03/30/2020,TVC,MI,AGL,CE,Towers with Radar,15,7,0,3,25,0,0,0,3,3,15,7,0,6,28,0,0,0,28
03/31/2020,TVC,MI,AGL,CE,Towers with Radar,14,6,0,0,20,0,2,1,5,8,14,8,1,5,28,6,6,12,40
04/01/2020,TVC,MI,AGL,CE,Towers with Radar,10,11,9,0,30,0,2,9,6,17,10,13,18,6,47,12,0,12,59
04/02/2020,TVC,MI,AGL,CE,Towers with Radar,6,13,1,1,21,0,5,30,6,41,6,18,31,7,62,6,0,6,68
04/03/2020,TVC,MI,AGL,CE,Towers with Radar,13,8,1,0,22,0,5,33,4,42,13,13,34,4,64,40,10,50,114
04/04/2020,TVC,MI,AGL,CE,Towers with Radar,10,8,2,1,21,0,0,0,1,1,10,8,2,2,22,0,0,0,22
04/05/2020,TVC,MI,AGL,CE,Towers with Radar,10,1,2,0,13,0,2,13,6,21,10,3,15,6,34,14,26,40,74
04/06/2020,TVC,MI,AGL,CE,Towers with Radar,12,5,2,0,19,0,4,9,4,17,12,9,11,4,36,4,0,4,40
04/07/2020,TVC,MI,AGL,CE,Towers with Radar,8,7,3,0,18,0,2,2,4,8,8,9,5,4,26,0,16,16,42
04/08/2020,TVC,MI,AGL,CE,Towers with Radar,8,17,0,0,25,0,0,24,5,29,8,17,24,5,54,12,10,22,76
04/09/2020,TVC,MI,AGL,CE,Towers with Radar,6,13,4,1,24,0,0,3,3,6,6,13,7,4,30,4,12,16,46
04/10/2020,TVC,MI,AGL,CE,Towers with Radar,6,6,7,2,21,0,4,7,4,15,6,10,14,6,36,6,0,6,42
04/11/2020,TVC,MI,AGL,CE,Towers with Radar,6,8,4,0,18,0,0,29,3,32,6,8,33,3,50,34,0,34,84
04/12/2020,TVC,MI,AGL,CE,Towers with Radar,6,0,0,0,6,0,0,0,5,5,6,0,0,5,11,0,8,8,19
04/13/2020,TVC,MI,AGL,CE,Towers with Radar,6,3,0,0,9,0,2,0,13,15,6,5,0,13,24,24,40,64,88
04/14/2020,TVC,MI,AGL,CE,Towers with Radar,7,10,2,4,23,0,0,2,7,9,7,10,4,11,32,0,22,22,54
04/15/2020,TVC,MI,AGL,CE,Towers with Radar,5,6,21,1,33,0,1,10,4,15,5,7,31,5,48,6,24,30,78
04/16/2020,TVC,MI,AGL,CE,Towers with Radar,8,7,10,4,29,0,2,11,3,16,8,9,21,7,45,12,8,20,65
04/17/2020,TVC,MI,AGL,CE,Towers with Radar,8,10,15,1,34,0,0,20,7,27,8,10,35,8,61,24,2,26,87
04/18/2020,TVC,MI,AGL,CE,Towers with Radar,8,6,3,0,17,0,1,17,6,24,8,7,20,6,41,4,0,4,45
04/19/2020,TVC,MI,AGL,CE,Towers with Radar,6,0,5,0,11,0,0,20,2,22,6,0,25,2,33,20,0,20,53
04/20/2020,TVC,MI,AGL,CE,Towers with Radar,6,3,3,0,12,0,1,8,7,16,6,4,11,7,28,10,30,40,68
04/21/2020,TVC,MI,AGL,CE,Towers with Radar,4,8,1,0,13,0,3,1,6,10,4,11,2,6,23,0,0,0,23
04/22/2020,TVC,MI,AGL,CE,Towers with Radar,6,13,4,2,25,0,0,19,8,27,6,13,23,10,52,38,24,62,114
04/23/2020,TVC,MI,AGL,CE,Towers with Radar,8,16,4,1,29,0,1,7,5,13,8,17,11,6,42,14,0,14,56
04/24/2020,TVC,MI,AGL,CE,Towers with Radar,8,7,12,1,28,0,0,36,5,41,8,7,48,6,69,54,4,58,127
04/25/2020,TVC,MI,AGL,CE,Towers with Radar,9,7,10,1,27,0,0,28,3,31,9,7,38,4,58,12,0,12,70
04/26/2020,TVC,MI,AGL,CE,Towers with Radar,6,1,7,1,15,0,3,19,6,28,6,4,26,7,43,22,2,24,67
04/27/2020,TVC,MI,AGL,CE,Towers with Radar,7,3,6,0,16,0,3,12,2,17,7,6,18,2,33,0,0,0,33
04/28/2020,TVC,MI,AGL,CE,Towers with Radar,7,6,5,0,18,0,0,8,10,18,7,6,13,10,36,22,6,28,64
04/29/2020,TVC,MI,AGL,CE,Towers with Radar,7,11,2,4,24,0,0,0,0,0,7,11,2,4,24,0,0,0,24
04/30/2020,TVC,MI,AGL,CE,Towers with Radar,8,10,0,1,19,0,0,0,9,9,8,10,0,10,28,0,0,0,28
05/01/2020,TVC,MI,AGL,CE,Towers with Radar,8,5,9,0,22,0,0,27,5,32,8,5,36,5,54,14,16,30,84
05/02/2020,TVC,MI,AGL,CE,Towers with Radar,2,7,7,1,17,0,0,3,1,4,2,7,10,2,21,0,0,0,21
05/03/2020,TVC,MI,AGL,CE,Towers with Radar,4,5,5,0,14,0,3,11,2,16,4,8,16,2,30,6,0,6,36
05/04/2020,TVC,MI,AGL,CE,Towers with Radar,9,0,8,1,18,0,0,14,1,15,9,0,22,2,33,24,0,24,57
05/05/2020,TVC,MI,AGL,CE,Towers with Radar,4,2,5,0,11,0,1,19,2,22,4,3,24,2,33,28,0,28,61
05/06/2020,TVC,MI,AGL,CE,Towers with Radar,4,3,4,0,11,0,4,21,1,26,4,7,25,1,37,26,0,26,63
05/07/2020,TVC,MI,AGL,CE,Towers with Radar,3,3,4,2,12,0,0,12,4,16,3,3,16,6,28,6,0,6,34
05/08/2020,TVC,MI,AGL,CE,Towers with Radar,6,6,4,2,18,0,0,9,5,14,6,6,13,7,32,12,6,18,50
05/09/2020,TVC,MI,AGL,CE,Towers with Radar,5,8,8,1,22,0,0,10,1,11,5,8,18,2,33,6,0,6,39
05/10/2020,TVC,MI,AGL,CE,Towers with Radar,3,4,5,1,13,0,0,0,1,1,3,4,5,2,14,0,4,4,18
05/11/2020,TVC,MI,AGL,CE,Towers with Radar,6,1,3,0,10,0,3,11,3,17,6,4,14,3,27,30,0,30,57
05/12/2020,TVC,MI,AGL,CE,Towers with Radar,2,6,8,2,18,0,0,24,2,26,2,6,32,4,44,16,28,44,88
05/13/2020,TVC,MI,AGL,CE,Towers with Radar,4,7,8,0,19,0,0,36,1,37,4,7,44,1,56,30,0,30,86
05/14/2020,TVC,MI,AGL,CE,Towers with Radar,7,12,8,2,29,0,0,0,0,0,7,12,8,2,29,0,0,0,29
05/15/2020,TVC,MI,AGL,CE,Towers with Radar,3,14,6,0,23,0,2,12,7,21,3,16,18,7,44,0,0,0,44
05/16/2020,TVC,MI,AGL,CE,Towers with Radar,1,7,9,8,25,0,3,52,2,57,1,10,61,10,82,46,2,48,130
05/17/2020,TVC,MI,AGL,CE,Towers with Radar,2,1,9,0,12,0,0,0,2,2,2,1,9,2,14,4,0,4,18
05/18/2020,TVC,MI,AGL,CE,Towers with Radar,5,4,3,0,12,0,0,0,2,2,5,4,3,2,14,0,0,0,14
05/19/2020,TVC,MI,AGL,CE,Towers with Radar,3,6,2,10,21,0,0,4,2,6,3,6,6,12,27,0,29,29,56
05/20/2020,TVC,MI,AGL,CE,Towers with Radar,3,8,7,0,18,0,3,35,3,41,3,11,42,3,59,28,0,28,87
05/21/2020,TVC,MI,AGL,CE,Towers with Radar,6,7,16,1,30,0,2,43,2,47,6,9,59,3,77,36,16,52,129
05/22/2020,TVC,MI,AGL,CE,Towers with Radar,3,13,14,2,32,0,2,31,6,39,3,15,45,8,71,54,26,80,151
05/23/2020,TVC,MI,AGL,CE,Towers with Radar,7,8,7,0,22,0,2,33,1,36,7,10,40,1,58,50,32,82,140
05/24/2020,TVC,MI,AGL,CE,Towers with Radar,5,6,4,0,15,0,2,9,4,15,5,8,13,4,30,0,22,22,52
05/25/2020,TVC,MI,AGL,CE,Towers with Radar,3,2,8,0,13,0,1,12,2,15,3,3,20,2,28,0,0,0,28
05/26/2020,TVC,MI,AGL,CE,Towers with Radar,3,1,13,0,17,0,4,20,3,27,3,5,33,3,44,66,2,68,112
05/27/2020,TVC,MI,AGL,CE,Towers with Radar,3,7,11,0,21,0,0,34,7,41,3,7,45,7,62,36,21,57,119
05/28/2020,TVC,MI,AGL,CE,Towers with Radar,4,4,14,0,22,0,2,4,4,10,4,6,18,4,32,10,8,18,50
05/29/2020,TVC,MI,AGL,CE,Towers with Radar,4,2,19,2,27,0,0,29,7,36,4,2,48,9,63,48,12,60,123
05/30/2020,TVC,MI,AGL,CE,Towers with Radar,5,10,9,0,24,0,4,21,5,30,5,14,30,5,54,22,0,22,76
05/31/2020,TVC,MI,AGL,CE,Towers with Radar,5,8,5,1,19,0,5,42,0,47,5,13,47,1,66,34,0,34,100
06/01/2020,TVC,MI,AGL,CE,Towers with Radar,3,9,14,0,26,0,0,34,2,36,3,9,48,2,62,76,0,76,138
06/02/2020,TVC,MI,AGL,CE,Towers with Radar,3,10,4,0,17,0,1,23,2,26,3,11,27,2,43,56,0,56,99
06/03/2020,TVC,MI,AGL,CE,Towers with Radar,6,8,15,0,29,0,4,32,2,38,6,12,47,2,67,86,0,86,153
06/04/2020,TVC,MI,AGL,CE,Towers with Radar,5,2,9,2,18,0,0,34,5,39,5,2,43,7,57,50,16,66,123
06/05/2020,TVC,MI,AGL,CE,Towers with Radar,3,6,16,2,27,0,1,21,4,26,3,7,37,6,53,74,18,92,145
06/06/2020,TVC,MI,AGL,CE,Towers with Radar,5,10,11,1,27,0,4,37,4,45,5,14,48,5,72,20,0,20,92
06/07/2020,TVC,MI,AGL,CE,Towers with Radar,5,10,19,0,34,0,10,35,0,45,5,20,54,0,79,12,0,12,91
06/08/2020,TVC,MI,AGL,CE,Towers with Radar,2,11,14,0,27,0,5,20,2,27,2,16,34,2,54,66,0,66,120
06/09/2020,TVC,MI,AGL,CE,Towers with Radar,2,11,11,0,24,0,3,42,4,49,2,14,53,4,73,40,0,40,113
06/10/2020,TVC,MI,AGL,CE,Towers with Radar,4,14,5,0,23,0,5,0,5,10,4,19,5,5,33,6,0,6,39
06/11/2020,TVC,MI,AGL,CE,Towers with Radar,5,9,26,2,42,0,1,28,6,35,5,10,54,8,77,60,4,64,141
06/12/2020,TVC,MI,AGL,CE,Towers with Radar,3,9,25,0,37,0,1,36,1,38,3,10,61,1,75,150,6,156,231
06/13/2020,TVC,MI,AGL,CE,Towers with Radar,7,11,6,0,24,0,6,35,3,44,7,17,41,3,68,20,0,20,88
06/14/2020,TVC,MI,AGL,CE,Towers with Radar,6,16,20,0,42,0,0,32,1,33,6,16,52,1,75,12,0,12,87
06/15/2020,TVC,MI,AGL,CE,Towers with Radar,3,8,17,0,28,0,2,73,2,77,3,10,90,2,105,126,0,126,231
06/16/2020,TVC,MI,AGL,CE,Towers with Radar,3,19,22,1,45,0,0,62,2,64,3,19,84,3,109,96,20,116,225
06/17/2020,TVC,MI,AGL,CE,Towers with Radar,6,7,15,3,31,0,3,51,5,59,6,10,66,8,90,198,0,198,288
06/18/2020,TVC,MI,AGL,CE,Towers with Radar,5,13,13,0,31,0,2,61,4,67,5,15,74,4,98,114,0,114,212
06/19/2020,TVC,MI,AGL,CE,Towers with Radar,4,16,18,1,39,0,5,86,3,94,4,21,104,4,133,142,2,144,277
06/20/2020,TVC,MI,AGL,CE,Towers with Radar,5,9,6,0,20,0,3,28,2,33,5,12,34,2,53,26,32,58,111
06/21/2020,TVC,MI,AGL,CE,Towers with Radar,5,9,20,0,34,0,3,7,0,10,5,12,27,0,44,4,0,4,48
06/22/2020,TVC,MI,AGL,CE,Towers with Radar,3,8,18,0,29,0,4,41,1,46,3,12,59,1,75,110,0,110,185
06/23/2020,TVC,MI,AGL,CE,Towers with Radar,3,15,9,1,28,0,0,0,0,0,3,15,9,1,28,0,0,0,28
06/24/2020,TVC,MI,AGL,CE,Towers with Radar,7,14,26,1,48,0,1,90,3,94,7,15,116,4,142,158,0,158,300
06/25/2020,TVC,MI,AGL,CE,Towers with Radar,5,3,44,1,53,0,0,92,3,95,5,3,136,4,148,108,0,108,256
06/26/2020,TVC,MI,AGL,CE,Towers with Radar,4,8,41,0,53,0,2,52,3,57,4,10,93,3,110,99,20,119,229
06/27/2020,TVC,MI,AGL,CE,Towers with Radar,3,16,18,1,38,0,8,22,2,32,3,24,40,3,70,16,0,16,86
06/28/2020,TVC,MI,AGL,CE,Towers with Radar,6,8,27,0,41,0,2,61,0,63,6,10,88,0,104,52,0,52,156
06/29/2020,TVC,MI,AGL,CE,Towers with Radar,2,7,20,0,29,0,0,99,1,100,2,7,119,1,129,190,0,190,319
06/30/2020,TVC,MI,AGL,CE,Towers with Radar,5,12,17,3,37,0,1,83,7,91,5,13,100,10,128,104,0,104,232
07/01/2020,TVC,MI,AGL,CE,Towers with Radar,12,11,17,1,41,0,0,59,7,66,12,11,76,8,107,138,0,138,245
07/02/2020,TVC,MI,AGL,CE,Towers with Radar,8,15,19,2,44,0,5,72,2,79,8,20,91,4,123,76,30,106,229
07/03/2020,TVC,MI,AGL,CE,Towers with Radar,7,20,22,0,49,0,0,75,3,78,7,20,97,3,127,108,30,138,265
07/04/2020,TVC,MI,AGL,CE,Towers with Radar,7,9,11,0,27,0,14,32,3,49,7,23,43,3,76,6,0,6,82
07/05/2020,TVC,MI,AGL,CE,Towers with Radar,9,32,21,0,62,0,4,30,0,34,9,36,51,0,96,14,0,14,110
07/06/2020,TVC,MI,AGL,CE,Towers with Radar,11,9,34,2,56,0,4,55,0,59,11,13,89,2,115,70,4,74,189
07/07/2020,TVC,MI,AGL,CE,Towers with Radar,12,14,46,1,73,0,0,60,3,63,12,14,106,4,136,100,8,108,244
07/08/2020,TVC,MI,AGL,CE,Towers with Radar,19,11,20,1,51,0,2,53,3,58,19,13,73,4,109,128,0,128,237
07/09/2020,TVC,MI,AGL,CE,Towers with Radar,16,23,18,0,57,0,2,74,5,81,16,25,92,5,138,108,0,108,246
07/10/2020,TVC,MI,AGL,CE,Towers with Radar,17,14,15,0,46,0,3,21,8,32,17,17,36,8,78,52,34,86,164
07/11/2020,TVC,MI,AGL,CE,Towers with Radar,23,16,16,3,58,0,7,51,9,67,23,23,67,12,125,74,0,74,199
07/12/2020,TVC,MI,AGL,CE,Towers with Radar,19,20,26,1,66,0,9,32,7,48,19,29,58,8,114,42,0,42,156
07/13/2020,TVC,MI,AGL,CE,Towers with Radar,16,8,33,1,58,0,4,93,4,101,16,12,126,5,159,142,0,142,301
07/14/2020,TVC,MI,AGL,CE,Towers with Radar,17,19,31,0,67,0,6,83,4,93,17,25,114,4,160,86,16,102,262
07/15/2020,TVC,MI,AGL,CE,Towers with Radar,20,15,28,2,65,0,0,26,6,32,20,15,54,8,97,80,26,106,203
07/16/2020,TVC,MI,AGL,CE,Towers with Radar,13,18,20,0,51,0,6,59,3,68,13,24,79,3,119,164,6,170,289
07/17/2020,TVC,MI,AGL,CE,Towers with Radar,17,13,48,1,79,0,1,90,4,95,17,14,138,5,174,88,0,88,262
07/18/2020,TVC,MI,AGL,CE,Towers with Radar,27,17,22,0,66,0,4,13,2,19,27,21,35,2,85,36,6,42,127
07/19/2020,TVC,MI,AGL,CE,Towers with Radar,19,18,22,1,60,0,1,32,6,39,19,19,54,7,99,56,8,64,163
07/20/2020,TVC,MI,AGL,CE,Towers with Radar,14,24,25,0,63,0,0,57,3,60,14,24,82,3,123,155,18,173,296
07/21/2020,TVC,MI,AGL,CE,Towers with Radar,16,19,29,1,65,0,0,84,1,85,16,19,113,2,150,170,0,170,320
07/22/2020,TVC,MI,AGL,CE,Towers with Radar,21,22,18,0,61,0,1,18,4,23,21,23,36,4,84,150,2,152,236
07/23/2020,TVC,MI,AGL,CE,Towers with Radar,17,15,35,1,68,0,0,59,3,62,17,15,94,4,130,114,0,114,244
07/24/2020,TVC,MI,AGL,CE,Towers with Radar,16,10,38,2,66,0,9,108,2,119,16,19,146,4,185,100,0,100,285
07/25/2020,TVC,MI,AGL,CE,Towers with Radar,26,26,25,0,77,0,4,49,4,57,26,30,74,4,134,66,2,68,202
07/26/2020,TVC,MI,AGL,CE,Towers with Radar,17,20,29,0,66,0,8,12,2,22,17,28,41,2,88,4,0,4,92
07/27/2020,TVC,MI,AGL,CE,Towers with Radar,15,18,33,0,66,0,7,66,3,76,15,25,99,3,142,142,0,142,284
07/28/2020,TVC,MI,AGL,CE,Towers with Radar,17,15,24,0,56,0,0,77,2,79,17,15,101,2,135,110,0,110,245
07/29/2020,TVC,MI,AGL,CE,Towers with Radar,21,15,31,0,67,0,3,64,3,70,21,18,95,3,137,172,20,192,329
07/30/2020,TVC,MI,AGL,CE,Towers with Radar,16,20,31,0,67,0,3,75,8,86,16,23,106,8,153,104,46,150,303
07/31/2020,TVC,MI,AGL,CE,Towers with Radar,18,17,41,1,77,0,3,75,5,83,18,20,116,6,160,112,24,136,296
08/01/2020,TVC,MI,AGL,CE,Towers with Radar,27,22,24,1,74,0,0,52,5,57,27,22,76,6,131,58,8,66,197
08/02/2020,TVC,MI,AGL,CE,Towers with Radar,19,21,23,0,63,0,0,36,0,36,19,21,59,0,99,10,0,10,109
08/03/2020,TVC,MI,AGL,CE,Towers with Radar,24,26,14,0,64,0,1,4,1,6,24,27,18,1,70,22,0,22,92
08/04/2020,TVC,MI,AGL,CE,Towers with Radar,23,14,19,0,56,0,2,59,2,63,23,16,78,2,119,142,0,142,261
08/05/2020,TVC,MI,AGL,CE,Towers with Radar,25,17,23,8,73,0,1,77,2,80,25,18,100,10,153,134,10,144,297
08/06/2020,TVC,MI,AGL,CE,Towers with Radar,24,17,30,0,71,0,19,93,2,114,24,36,123,2,185,124,0,124,309
08/07/2020,TVC,MI,AGL,CE,Towers with Radar,25,14,27,0,66,0,11,68,2,81,25,25,95,2,147,116,0,116,263
08/08/2020,TVC,MI,AGL,CE,Towers with Radar,27,24,13,0,64,0,0,17,2,19,27,24,30,2,83,28,0,28,111
08/09/2020,TVC,MI,AGL,CE,Towers with Radar,25,26,29,0,80,0,0,35,2,37,25,26,64,2,117,28,0,28,145
08/10/2020,TVC,MI,AGL,CE,Towers with Radar,22,29,20,2,73,0,1,20,0,21,22,30,40,2,94,62,0,62,156
08/11/2020,TVC,MI,AGL,CE,Towers with Radar,22,18,22,0,62,0,1,107,5,113,22,19,129,5,175,176,0,176,351
08/12/2020,TVC,MI,AGL,CE,Towers with Radar,27,13,19,0,59,0,1,72,4,77,27,14,91,4,136,168,6,174,310
08/13/2020,TVC,MI,AGL,CE,Towers with Radar,30,16,24,2,72,0,6,91,5,102,30,22,115,7,174,128,0,128,302
08/14/2020,TVC,MI,AGL,CE,Towers with Radar,23,23,50,1,97,0,6,78,5,89,23,29,128,6,186,80,14,94,280
08/15/2020,TVC,MI,AGL,CE,Towers with Radar,27,12,23,0,62,0,11,38,1,50,27,23,61,1,112,46,0,46,158
08/16/2020,TVC,MI,AGL,CE,Towers with Radar,29,22,28,1,80,0,12,13,2,27,29,34,41,3,107,0,0,0,107
08/17/2020,TVC,MI,AGL,CE,Towers with Radar,23,8,23,0,54,0,2,62,2,66,23,10,85,2,120,101,0,101,221
08/18/2020,TVC,MI,AGL,CE,Towers with Radar,20,15,24,2,61,0,3,62,0,65,20,18,86,2,126,92,0,92,218
08/19/2020,TVC,MI,AGL,CE,Towers with Radar,21,27,19,0,67,0,2,92,2,96,21,29,111,2,163,164,0,164,327
08/20/2020,TVC,MI,AGL,CE,Towers with Radar,20,25,11,0,56,0,2,33,4,39,20,27,44,4,95,29,34,63,158
08/21/2020,TVC,MI,AGL,CE,Towers with Radar,22,13,31,1,67,0,5,80,3,88,22,18,111,4,155,109,0,109,264
08/22/2020,TVC,MI,AGL,CE,Towers with Radar,23,19,18,0,60,0,0,53,3,56,23,19,71,3,116,84,12,96,212
08/23/2020,TVC,MI,AGL,CE,Towers with Radar,24,27,16,10,77,0,3,35,3,41,24,30,51,13,118,42,0,42,160
08/24/2020,TVC,MI,AGL,CE,Towers with Radar,20,12,21,7,60,0,3,48,2,53,20,15,69,9,113,96,6,102,215
08/25/2020,TVC,MI,AGL,CE,Towers with Radar,22,24,25,6,77,0,5,69,3,77,22,29,94,9,154,126,6,132,286
08/26/2020,TVC,MI,AGL,CE,Towers with Radar,24,13,34,0,71,0,4,21,2,27,24,17,55,2,98,30,0,30,128
08/27/2020,TVC,MI,AGL,CE,Towers with Radar,23,18,30,4,75,0,0,43,4,47,23,18,73,8,122,108,32,140,262
08/28/2020,TVC,MI,AGL,CE,Towers with Radar,29,27,11,3,70,0,1,24,6,31,29,28,35,9,101,97,8,105,206
08/29/2020,TVC,MI,AGL,CE,Towers with Radar,24,18,27,5,74,0,1,13,4,18,24,19,40,9,92,44,8,52,144
08/30/2020,TVC,MI,AGL,CE,Towers with Radar,26,18,33,0,77,0,1,49,2,52,26,19,82,2,129,45,0,45,174
08/31/2020,TVC,MI,AGL,CE,Towers with Radar,21,15,25,0,61,0,2,85,3,90,21,17,110,3,151,150,0,150,301
09/01/2020,TVC,MI,AGL,CE,Towers with Radar,18,19,19,4,60,0,1,66,5,72,18,20,85,9,132,92,0,92,224
09/02/2020,TVC,MI,AGL,CE,Towers with Radar,21,10,14,2,47,0,0,45,3,48,21,10,59,5,95,74,6,80,175
09/03/2020,TVC,MI,AGL,CE,Towers with Radar,23,19,38,0,80,0,1,14,1,16,23,20,52,1,96,4,0,4,100
09/04/2020,TVC,MI,AGL,CE,Towers with Radar,25,16,37,4,82,0,2,31,2,35,25,18,68,6,117,76,0,76,193
09/05/2020,TVC,MI,AGL,CE,Towers with Radar,19,20,24,0,63,0,1,50,2,53,19,21,74,2,116,96,0,96,212
09/06/2020,TVC,MI,AGL,CE,Towers with Radar,20,8,27,0,55,0,8,38,5,51,20,16,65,5,106,36,0,36,142
09/07/2020,TVC,MI,AGL,CE,Towers with Radar,20,28,30,1,79,0,6,41,1,48,20,34,71,2,127,42,0,42,169
09/08/2020,TVC,MI,AGL,CE,Towers with Radar,16,16,13,2,47,0,2,63,2,67,16,18,76,4,114,171,0,171,285
09/09/2020,TVC,MI,AGL,CE,Towers with Radar,12,16,24,0,52,0,0,34,3,37,12,16,58,3,89,117,18,135,224
09/10/2020,TVC,MI,AGL,CE,Towers with Radar,18,17,35,0,70,0,0,25,3,28,18,17,60,3,98,76,0,76,174
09/11/2020,TVC,MI,AGL,CE,Towers with Radar,14,26,19,0,59,0,4,136,8,148,14,30,155,8,207,148,18,166,373
09/12/2020,TVC,MI,AGL,CE,Towers with Radar,16,22,16,1,55,0,0,11,3,14,16,22,27,4,69,56,22,78,147
09/13/2020,TVC,MI,AGL,CE,Towers with Radar,18,14,38,1,71,0,3,14,5,22,18,17,52,6,93,2,14,16,109
09/14/2020,TVC,MI,AGL,CE,Towers with Radar,15,7,29,0,51,0,2,78,1,81,15,9,107,1,132,112,0,112,244
09/15/2020,TVC,MI,AGL,CE,Towers with Radar,12,16,17,5,50,0,4,21,5,30,12,20,38,10,80,30,12,42,122
09/16/2020,TVC,MI,AGL,CE,Towers with Radar,11,9,23,0,43,0,3,34,4,41,11,12,57,4,84,72,0,72,156
09/17/2020,TVC,MI,AGL,CE,Towers with Radar,14,8,14,2,38,0,0,107,2,109,14,8,121,4,147,132,0,132,279
09/18/2020,TVC,MI,AGL,CE,Towers with Radar,14,15,14,6,49,0,7,101,3,111,14,22,115,9,160,126,14,140,300
09/19/2020,TVC,MI,AGL,CE,Towers with Radar,15,21,19,1,56,0,8,74,3,85,15,29,93,4,141,96,26,122,263
09/20/2020,TVC,MI,AGL,CE,Towers with Radar,17,10,25,0,52,0,3,57,4,64,17,13,82,4,116,110,18,128,244
09/21/2020,TVC,MI,AGL,CE,Towers with Radar,14,7,21,0,42,0,0,97,2,99,14,7,118,2,141,138,0,138,279
09/22/2020,TVC,MI,AGL,CE,Towers with Radar,11,7,15,1,34,0,7,80,1,88,11,14,95,2,122,152,0,152,274
09/23/2020,TVC,MI,AGL,CE,Towers with Radar,13,4,25,0,42,0,0,71,3,74,13,4,96,3,116,120,14,134,250
09/24/2020,TVC,MI,AGL,CE,Towers with Radar,12,9,25,0,46,0,1,66,3,70,12,10,91,3,116,156,18,174,290
09/25/2020,TVC,MI,AGL,CE,Towers with Radar,15,10,37,0,62,0,4,92,4,100,15,14,129,4,162,98,2,100,262
09/26/2020,TVC,MI,AGL,CE,Towers with Radar,15,16,20,2,53,0,3,8,2,13,15,19,28,4,66,22,0,22,88
09/27/2020,TVC,MI,AGL,CE,Towers with Radar,16,12,17,0,45,0,4,11,1,16,16,16,28,1,61,6,0,6,67
09/28/2020,TVC,MI,AGL,CE,Towers with Radar,14,2,35,2,53,0,0,14,1,15,14,2,49,3,68,82,26,108,176
09/29/2020,TVC,MI,AGL,CE,Towers with Radar,11,15,19,0,45,0,2,68,4,74,11,17,87,4,119,128,18,146,265
09/30/2020,TVC,MI,AGL,CE,Towers with Radar,14,10,8,0,32,0,4,28,6,38,14,14,36,6,70,88,48,136,206
10/01/2020,TVC,MI,AGL,CE,Towers with Radar,13,4,14,0,31,0,0,10,5,15,13,4,24,5,46,14,20,34,80
10/02/2020,TVC,MI,AGL,CE,Towers with Radar,12,4,31,0,47,0,4,31,0,35,12,8,62,0,82,22,0,22,104
10/03/2020,TVC,MI,AGL,CE,Towers with Radar,10,9,12,5,36,0,10,50,1,61,10,19,62,6,97,76,10,86,183
10/04/2020,TVC,MI,AGL,CE,Towers with Radar,15,4,18,5,42,0,0,4,1,5,15,4,22,6,47,0,6,6,53
10/05/2020,TVC,MI,AGL,CE,Towers with Radar,13,7,21,1,42,0,13,75,9,97,13,20,96,10,139,56,12,68,207
10/06/2020,TVC,MI,AGL,CE,Towers with Radar,11,11,20,2,44,0,3,103,5,111,11,14,123,7,155,180,0,180,335
10/07/2020,TVC,MI,AGL,CE,Towers with Radar,7,5,21,0,33,0,9,47,0,56,7,14,68,0,89,144,0,144,233
10/08/2020,TVC,MI,AGL,CE,Towers with Radar,13,4,18,1,36,0,2,84,6,92,13,6,102,7,128,188,2,190,318
10/09/2020,TVC,MI,AGL,CE,Towers with Radar,15,8,18,4,45,0,4,40,2,46,15,12,58,6,91,64,0,64,155
10/10/2020,TVC,MI,AGL,CE,Towers with Radar,10,11,21,0,42,0,0,53,2,55,10,11,74,2,97,96,0,96,193
10/11/2020,TVC,MI,AGL,CE,Towers with Radar,13,10,18,0,41,0,9,60,2,71,13,19,78,2,112,56,0,56,168
10/12/2020,TVC,MI,AGL,CE,Towers with Radar,20,15,10,1,46,0,0,7,1,8,20,15,17,2,54,0,30,30,84
10/13/2020,TVC,MI,AGL,CE,Towers with Radar,14,19,20,0,53,0,4,89,4,97,14,23,109,4,150,104,8,112,262
10/14/2020,TVC,MI,AGL,CE,Towers with Radar,14,18,11,0,43,0,0,96,4,100,14,18,107,4,143,144,0,144,287
10/15/2020,TVC,MI,AGL,CE,Towers with Radar,20,20,11,0,51,0,0,9,6,15,20,20,20,6,66,10,4,14,80
10/16/2020,TVC,MI,AGL,CE,Towers with Radar,24,21,50,2,97,0,21,63,5,89,24,42,113,7,186,92,40,132,318
10/17/2020,TVC,MI,AGL,CE,Towers with Radar,22,15,25,0,62,0,7,35,2,44,22,22,60,2,106,26,0,26,132
10/18/2020,TVC,MI,AGL,CE,Towers with Radar,24,4,26,1,55,0,1,12,1,14,24,5,38,2,69,2,12,14,83
10/19/2020,TVC,MI,AGL,CE,Towers with Radar,17,11,36,10,74,2,3,107,5,117,19,14,143,15,191,163,32,195,386
10/20/2020,TVC,MI,AGL,CE,Towers with Radar,15,26,24,6,71,0,1,116,5,122,15,27,140,11,193,248,4,252,445
10/21/2020,TVC,MI,AGL,CE,Towers with Radar,13,16,31,0,60,0,7,23,2,32,13,23,54,2,92,68,0,68,160
10/22/2020,TVC,MI,AGL,CE,Towers with Radar,21,11,17,1,50,0,1,30,3,34,21,12,47,4,84,86,18,104,188
10/23/2020,TVC,MI,AGL,CE,Towers with Radar,25,13,6,0,44,0,0,0,0,0,25,13,6,0,44,0,0,0,44
10/24/2020,TVC,MI,AGL,CE,Towers with Radar,17,11,34,0,62,0,11,53,3,67,17,22,87,3,129,76,0,76,205
10/25/2020,TVC,MI,AGL,CE,Towers with Radar,20,7,19,0,46,0,0,26,0,26,20,7,45,0,72,30,10,40,112
10/26/2020,TVC,MI,AGL,CE,Towers with Radar,16,10,2,2,30,0,1,1,2,4,16,11,3,4,34,0,0,0,34
10/27/2020,TVC,MI,AGL,CE,Towers with Radar,12,10,25,1,48,0,0,53,14,67,12,10,78,15,115,73,24,97,212
10/28/2020,TVC,MI,AGL,CE,Towers with Radar,11,12,19,1,43,0,1,103,4,108,11,13,122,5,151,136,22,158,309
10/29/2020,TVC,MI,AGL,CE,Towers with Radar,18,9,21,0,48,0,4,28,6,38,18,13,49,6,86,164,0,164,250
10/30/2020,TVC,MI,AGL,CE,Towers with Radar,20,17,20,0,57,0,2,39,2,43,20,19,59,2,100,158,0,158,258
10/31/2020,TVC,MI,AGL,CE,Towers with Radar,12,17,22,2,53,0,3,43,4,50,12,20,65,6,103,78,14,92,195
11/01/2020,TVC,MI,AGL,CE,Towers with Radar,23,7,3,7,40,0,0,0,3,3,23,7,3,10,43,0,0,0,43
11/02/2020,TVC,MI,AGL,CE,Towers with Radar,18,9,20,9,56,0,3,10,1,14,18,12,30,10,70,6,0,6,76
11/03/2020,TVC,MI,AGL,CE,Towers with Radar,7,6,8,2,23,0,3,40,4,47,7,9,48,6,70,48,0,48,118
11/04/2020,TVC,MI,AGL,CE,Towers with Radar,15,9,27,0,51,0,0,79,2,81,15,9,106,2,132,92,0,92,224
11/05/2020,TVC,MI,AGL,CE,Towers with Radar,20,9,40,5,74,0,1,111,5,117,20,10,151,10,191,220,4,224,415
11/06/2020,TVC,MI,AGL,CE,Towers with Radar,16,8,46,0,70,0,9,89,6,104,16,17,135,6,174,110,0,110,284
11/07/2020,TVC,MI,AGL,CE,Towers with Radar,14,12,23,1,50,0,11,41,2,54,14,23,64,3,104,30,0,30,134
11/08/2020,TVC,MI,AGL,CE,Towers with Radar,22,2,27,0,51,0,6,54,1,61,22,8,81,1,112,64,0,64,176
11/09/2020,TVC,MI,AGL,CE,Towers with Radar,18,7,20,8,53,0,1,54,9,64,18,8,74,17,117,46,54,100,217
11/10/2020,TVC,MI,AGL,CE,Towers with Radar,9,12,8,2,31,0,0,2,3,5,9,12,10,5,36,18,12,30,66
11/11/2020,TVC,MI,AGL,CE,Towers with Radar,17,10,22,0,49,0,2,32,4,38,17,12,54,4,87,91,4,95,182
11/12/2020,TVC,MI,AGL,CE,Towers with Radar,22,8,52,3,85,0,1,97,9,107,22,9,149,12,192,140,0,140,332
11/13/2020,TVC,MI,AGL,CE,Towers with Radar,18,17,5,0,40,0,1,19,3,23,18,18,24,3,63,116,8,124,187
11/14/2020,TVC,MI,AGL,CE,Towers with Radar,18,9,24,3,54,0,4,47,2,53,18,13,71,5,107,56,10,66,173
11/15/2020,TVC,MI,AGL,CE,Towers with Radar,22,3,5,0,30,0,0,0,2,2,22,3,5,2,32,0,0,0,32
11/16/2020,TVC,MI,AGL,CE,Towers with Radar,21,9,17,4,51,0,1,45,8,54,21,10,62,12,105,162,6,168,273
11/17/2020,TVC,MI,AGL,CE,Towers with Radar,9,11,14,3,37,0,1,12,9,22,9,12,26,12,59,38,26,64,123
11/18/2020,TVC,MI,AGL,CE,Towers with Radar,18,9,11,0,38,0,2,25,3,30,18,11,36,3,68,46,30,76,144
11/19/2020,TVC,MI,AGL,CE,Towers with Radar,18,7,10,8,43,0,5,3,4,12,18,12,13,12,55,10,8,18,73
11/20/2020,TVC,MI,AGL,CE,Towers with Radar,18,11,15,0,44,0,3,32,4,39,18,14,47,4,83,96,0,96,179
11/21/2020,TVC,MI,AGL,CE,Towers with Radar,15,12,16,0,43,0,0,35,3,38,15,12,51,3,81,40,0,40,121
11/22/2020,TVC,MI,AGL,CE,Towers with Radar,20,9,11,0,40,0,2,24,1,27,20,11,35,1,67,43,0,43,110
11/23/2020,TVC,MI,AGL,CE,Towers with Radar,8,7,4,0,19,0,1,9,5,15,8,8,13,5,34,14,0,14,48
11/24/2020,TVC,MI,AGL,CE,Towers with Radar,18,9,8,0,35,0,0,23,2,25,18,9,31,2,60,30,0,30,90
11/25/2020,TVC,MI,AGL,CE,Towers with Radar,13,8,3,3,27,0,0,0,1,1,13,8,3,4,28,0,0,0,28
11/26/2020,TVC,MI,AGL,CE,Towers with Radar,7,2,4,0,13,0,0,0,0,0,7,2,4,0,13,0,0,0,13
11/27/2020,TVC,MI,AGL,CE,Towers with Radar,10,14,3,0,27,0,2,8,11,21,10,16,11,11,48,50,0,50,98
11/28/2020,TVC,MI,AGL,CE,Towers with Radar,24,9,10,0,43,0,4,23,2,29,24,13,33,2,72,8,0,8,80
11/29/2020,TVC,MI,AGL,CE,Towers with Radar,17,0,13,0,30,0,2,15,6,23,17,2,28,6,53,14,16,30,83
11/30/2020,TVC,MI,AGL,CE,Towers with Radar,17,6,8,0,31,0,0,0,7,7,17,6,8,7,38,0,56,56,94
12/01/2020,TVC,MI,AGL,CE,Towers with Radar,7,12,15,2,36,0,1,12,11,24,7,13,27,13,60,14,24,38,98
12/02/2020,TVC,MI,AGL,CE,Towers with Radar,14,15,6,0,35,0,6,64,9,79,14,21,70,9,114,113,40,153,267
12/03/2020,TVC,MI,AGL,CE,Towers with Radar,13,11,11,3,38,0,3,15,8,26,13,14,26,11,64,28,0,28,92
12/04/2020,TVC,MI,AGL,CE,Towers with Radar,16,10,8,0,34,0,6,20,7,33,16,16,28,7,67,122,16,138,205
12/05/2020,TVC,MI,AGL,CE,Towers with Radar,15,8,2,0,25,0,0,2,1,3,15,8,4,1,28,8,0,8,36
12/06/2020,TVC,MI,AGL,CE,Towers with Radar,13,3,11,0,27,0,2,10,1,13,13,5,21,1,40,26,0,26,66
12/07/2020,TVC,MI,AGL,CE,Towers with Radar,20,5,8,4,37,0,1,26,9,36,20,6,34,13,73,60,72,132,205
12/08/2020,TVC,MI,AGL,CE,Towers with Radar,8,10,4,0,22,0,0,5,9,14,8,10,9,9,36,38,26,64,100
12/09/2020,TVC,MI,AGL,CE,Towers with Radar,15,12,11,3,41,0,2,50,7,59,15,14,61,10,100,272,0,272,372
12/10/2020,TVC,MI,AGL,CE,Towers with Radar,15,14,42,0,71,0,2,98,7,107,15,16,140,7,178,108,2,110,288
12/11/2020,TVC,MI,AGL,CE,Towers with Radar,15,10,5,3,33,0,2,18,8,28,15,12,23,11,61,76,32,108,169
12/12/2020,TVC,MI,AGL,CE,Towers with Radar,4,9,2,0,15,0,0,0,0,0,4,9,2,0,15,0,0,0,15
12/13/2020,TVC,MI,AGL,CE,Towers with Radar,16,7,5,0,28,0,0,0,2,2,16,7,5,2,30,0,0,0,30
12/14/2020,TVC,MI,AGL,CE,Towers with Radar,15,9,13,0,37,0,2,16,4,22,15,11,29,4,59,74,0,74,133
12/15/2020,TVC,MI,AGL,CE,Towers with Radar,8,8,26,0,42,0,2,41,6,49,8,10,67,6,91,158,8,166,257
12/16/2020,TVC,MI,AGL,CE,Towers with Radar,14,12,14,0,40,0,3,98,1,102,14,15,112,1,142,152,0,152,294
12/17/2020,TVC,MI,AGL,CE,Towers with Radar,17,9,16,0,42,0,0,57,3,60,17,9,73,3,102,186,16,202,304
12/18/2020,TVC,MI,AGL,CE,Towers with Radar,21,13,25,0,59,0,0,56,2,58,21,13,81,2,117,124,16,140,257
12/19/2020,TVC,MI,AGL,CE,Towers with Radar,20,19,2,0,41,0,0,0,0,0,20,19,2,0,41,0,0,0,41
12/20/2020,TVC,MI,AGL,CE,Towers with Radar,17,7,12,0,36,0,1,18,2,21,17,8,30,2,57,10,0,10,67
12/21/2020,TVC,MI,AGL,CE,Towers with Radar,25,11,0,0,36,0,0,4,0,4,25,11,4,0,40,12,0,12,52
12/22/2020,TVC,MI,AGL,CE,Towers with Radar,17,14,15,3,49,0,1,19,6,26,17,15,34,9,75,30,22,52,127
12/23/2020,TVC,MI,AGL,CE,Towers with Radar,19,9,16,0,44,0,6,13,2,21,19,15,29,2,65,38,8,46,111
12/24/2020,TVC,MI,AGL,CE,Towers with Radar,16,11,3,0,30,0,0,0,0,0,16,11,3,0,30,0,0,0,30
12/25/2020,TVC,MI,AGL,CE,Towers with Radar,9,3,0,0,12,0,0,0,0,0,9,3,0,0,12,0,0,0,12
12/26/2020,TVC,MI,AGL,CE,Towers with Radar,18,13,8,0,39,0,0,0,2,2,18,13,8,2,41,0,0,0,41
12/27/2020,TVC,MI,AGL,CE,Towers with Radar,21,11,11,0,43,0,1,13,3,17,21,12,24,3,60,8,12,20,80
12/28/2020,TVC,MI,AGL,CE,Towers with Radar,18,10,10,0,38,0,4,10,6,20,18,14,20,6,58,6,0,6,64
12/29/2020,TVC,MI,AGL,CE,Towers with Radar,18,10,19,0,47,0,2,51,4,57,18,12,70,4,104,124,0,124,228
12/30/2020,TVC,MI,AGL,CE,Towers with Radar,21,10,2,0,33,0,0,0,0,0,21,10,2,0,33,0,0,0,33
12/31/2020,TVC,MI,AGL,CE,Towers with Radar,17,11,8,0,36,0,2,4,2,8,17,13,12,2,44,80,12,92,136
01/01/2021,TVC,MI,AGL,CE,Towers with Radar,15,4,1,0,20,0,0,2,0,2,15,4,3,0,22,0,0,0,22
01/02/2021,TVC,MI,AGL,CE,Towers with Radar,18,16,11,0,45,0,0,6,2,8,18,16,17,2,53,20,0,20,73
01/03/2021,TVC,MI,AGL,CE,Towers with Radar,21,7,7,0,35,0,0,1,2,3,21,7,8,2,38,15,21,36,74
01/04/2021,TVC,MI,AGL,CE,Towers with Radar,16,7,16,0,39,0,1,31,7,39,16,8,47,7,78,102,90,192,270
01/05/2021,TVC,MI,AGL,CE,Towers with Radar,9,11,6,1,27,0,0,1,6,7,9,11,7,7,34,4,38,42,76
01/06/2021,TVC,MI,AGL,CE,Towers with Radar,10,12,19,2,43,0,1,51,0,52,10,13,70,2,95,156,2,158,253
01/07/2021,TVC,MI,AGL,CE,Towers with Radar,12,15,8,3,38,0,1,52,8,61,12,16,60,11,99,46,30,76,175
01/08/2021,TVC,MI,AGL,CE,Towers with Radar,14,12,20,0,46,0,0,51,4,55,14,12,71,4,101,120,28,148,249
01/09/2021,TVC,MI,AGL,CE,Towers with Radar,12,8,8,0,28,0,0,8,4,12,12,8,16,4,40,62,0,62,102
01/10/2021,TVC,MI,AGL,CE,Towers with Radar,11,1,7,0,19,0,0,5,1,6,11,1,12,1,25,52,0,52,77
01/11/2021,TVC,MI,AGL,CE,Towers with Radar,14,6,3,0,23,0,0,1,2,3,14,6,4,2,26,0,0,0,26
01/12/2021,TVC,MI,AGL,CE,Towers with Radar,8,11,13,0,32,0,1,7,8,16,8,12,20,8,48,28,72,100,148
01/13/2021,TVC,MI,AGL,CE,Towers with Radar,13,10,22,0,45,0,1,55,5,61,13,11,77,5,106,104,42,146,252
01/14/2021,TVC,MI,AGL,CE,Towers with Radar,14,7,8,0,29,0,0,2,3,5,14,7,10,3,34,0,34,34,68
01/15/2021,TVC,MI,AGL,CE,Towers with Radar,16,6,13,0,35,0,0,0,1,1,16,6,13,1,36,0,42,42,78
01/16/2021,TVC,MI,AGL,CE,Towers with Radar,12,10,7,0,29,0,0,0,0,0,12,10,7,0,29,0,0,0,29
01/17/2021,TVC,MI,AGL,CE,Towers with Radar,13,4,1,0,18,0,0,2,4,6,13,4,3,4,24,10,0,10,34
01/18/2021,TVC,MI,AGL,CE,Towers with Radar,13,3,4,1,21,0,2,7,1,10,13,5,11,2,31,22,8,30,61
01/19/2021,TVC,MI,AGL,CE,Towers with Radar,8,6,16,10,40,0,2,39,7,48,8,8,55,17,88,135,36,171,259
01/20/2021,TVC,MI,AGL,CE,Towers with Radar,10,13,13,3,39,0,0,22,6,28,10,13,35,9,67,76,54,130,197
01/21/2021,TVC,MI,AGL,CE,Towers with Radar,11,10,9,5,35,0,0,42,6,48,11,10,51,11,83,82,8,90,173
01/22/2021,TVC,MI,AGL,CE,Towers with Radar,16,12,9,4,41,0,0,0,2,2,16,12,9,6,43,0,74,74,117
01/23/2021,TVC,MI,AGL,CE,Towers with Radar,12,10,25,1,48,0,3,76,5,84,12,13,101,6,132,106,0,106,238
01/24/2021,TVC,MI,AGL,CE,Towers with Radar,12,6,2,2,22,0,0,1,0,1,12,6,3,2,23,14,0,14,37
01/25/2021,TVC,MI,AGL,CE,Towers with Radar,11,2,14,9,36,0,9,68,5,82,11,11,82,14,118,172,0,172,290
01/26/2021,TVC,MI,AGL,CE,Towers with Radar,8,8,3,0,19,0,0,2,5,7,8,8,5,5,26,0,10,10,36
01/27/2021,TVC,MI,AGL,CE,Towers with Radar,10,13,2,3,28,0,0,20,1,21,10,13,22,4,49,58,0,58,107
01/28/2021,TVC,MI,AGL,CE,Towers with Radar,12,15,11,3,41,0,0,15,8,23,12,15,26,11,64,48,42,90,154
01/29/2021,TVC,MI,AGL,CE,Towers with Radar,15,8,55,0,78,0,5,110,3,118,15,13,165,3,196,220,18,238,434
01/30/2021,TVC,MI,AGL,CE,Towers with Radar,12,16,31,0,59,0,2,60,2,64,12,18,91,2,123,156,0,156,279
01/31/2021,TVC,MI,AGL,CE,Towers with Radar,7,1,14,0,22,0,0,6,0,6,7,1,20,0,28,18,0,18,46
02/01/2021,TVC,MI,AGL,CE,Towers with Radar,12,5,31,1,49,0,1,70,6,77,12,6,101,7,126,174,8,182,308
02/02/2021,TVC,MI,AGL,CE,Towers with Radar,7,9,23,4,43,0,0,67,4,71,7,9,90,8,114,140,48,188,302
02/03/2021,TVC,MI,AGL,CE,Towers with Radar,8,11,30,5,54,0,1,103,5,109,8,12,133,10,163,154,12,166,329
02/04/2021,TVC,MI,AGL,CE,Towers with Radar,10,9,9,0,28,0,0,54,4,58,10,9,63,4,86,112,0,112,198
02/05/2021,TVC,MI,AGL,CE,Towers with Radar,13,13,7,0,33,0,0,0,0,0,13,13,7,0,33,0,0,0,33
02/06/2021,TVC,MI,AGL,CE,Towers with Radar,11,9,6,0,26,0,0,0,2,2,11,9,6,2,28,0,0,0,28
02/07/2021,TVC,MI,AGL,CE,Towers with Radar,13,2,2,1,18,0,0,0,0,0,13,2,2,1,18,0,0,0,18
02/08/2021,TVC,MI,AGL,CE,Towers with Radar,12,13,6,0,31,0,2,22,2,26,12,15,28,2,57,82,24,106,163
02/09/2021,TVC,MI,AGL,CE,Towers with Radar,8,10,30,5,53,0,2,64,10,76,8,12,94,15,129,242,10,252,381
02/10/2021,TVC,MI,AGL,CE,Towers with Radar,8,10,15,7,40,0,0,41,15,56,8,10,56,22,96,84,22,106,202
02/11/2021,TVC,MI,AGL,CE,Towers with Radar,12,8,17,1,38,0,0,97,11,108,12,8,114,12,146,176,20,196,342
02/12/2021,TVC,MI,AGL,CE,Towers with Radar,17,9,16,0,42,0,0,21,4,25,17,9,37,4,67,60,0,60,127
02/13/2021,TVC,MI,AGL,CE,Towers with Radar,10,15,6,0,31,0,0,0,2,2,10,15,6,2,33,2,0,2,35
02/14/2021,TVC,MI,AGL,CE,Towers with Radar,12,9,8,1,30,0,2,1,2,5,12,11,9,3,35,0,6,6,41
02/15/2021,TVC,MI,AGL,CE,Towers with Radar,13,8,14,0,35,0,0,9,0,9,13,8,23,0,44,20,0,20,64
02/16/2021,TVC,MI,AGL,CE,Towers with Radar,7,6,17,3,33,0,2,56,13,71,7,8,73,16,104,64,38,102,206
02/17/2021,TVC,MI,AGL,CE,Towers with Radar,8,17,33,4,62,0,2,125,10,137,8,19,158,14,199,156,2,158,357
02/18/2021,TVC,MI,AGL,CE,Towers with Radar,16,6,20,0,42,0,0,90,7,97,16,6,110,7,139,164,2,166,305
02/19/2021,TVC,MI,AGL,CE,Towers with Radar,16,9,12,1,38,0,3,26,4,33,16,12,38,5,71,138,28,166,237
02/20/2021,TVC,MI,AGL,CE,Towers with Radar,10,8,9,1,28,0,0,4,1,5,10,8,13,2,33,2,0,2,35
02/21/2021,TVC,MI,AGL,CE,Towers with Radar,14,5,20,0,39,0,3,25,2,30,14,8,45,2,69,18,6,24,93
02/22/2021,TVC,MI,AGL,CE,Towers with Radar,18,9,13,0,40,0,3,5,5,13,18,12,18,5,53,34,22,56,109
02/23/2021,TVC,MI,AGL,CE,Towers with Radar,8,7,22,2,39,0,1,76,8,85,8,8,98,10,124,118,26,144,268
02/24/2021,TVC,MI,AGL,CE,Towers with Radar,8,8,4,0,20,0,0,7,2,9,8,8,11,2,29,70,48,118,147
02/25/2021,TVC,MI,AGL,CE,Towers with Radar,16,6,18,1,41,0,0,66,16,82,16,6,84,17,123,150,26,176,299
02/26/2021,TVC,MI,AGL,CE,Towers with Radar,18,15,33,0,66,0,1,44,6,51,18,16,77,6,117,72,0,72,189
02/27/2021,TVC,MI,AGL,CE,Towers with Radar,11,12,21,0,44,0,2,38,2,42,11,14,59,2,86,122,14,136,222
02/28/2021,TVC,MI,AGL,CE,Towers with Radar,18,1,4,0,23,0,0,14,1,15,18,1,18,1,38,24,8,32,70
03/01/2021,TVC,MI,AGL,CE,Towers with Radar,18,3,6,0,27,0,2,1,8,11,18,5,7,8,38,0,12,12,50
03/02/2021,TVC,MI,AGL,CE,Towers with Radar,8,8,6,6,28,0,1,24,10,35,8,9,30,16,63,30,2,32,95
03/03/2021,TVC,MI,AGL,CE,Towers with Radar,7,11,26,0,44,0,3,91,8,102,7,14,117,8,146,168,20,188,334
03/04/2021,TVC,MI,AGL,CE,Towers with Radar,14,13,33,7,67,0,1,87,16,104,14,14,120,23,171,172,46,218,389
03/05/2021,TVC,MI,AGL,CE,Towers with Radar,17,12,25,0,54,0,0,70,3,73,17,12,95,3,127,142,22,164,291
03/06/2021,TVC,MI,AGL,CE,Towers with Radar,14,8,19,0,41,0,9,43,0,52,14,17,62,0,93,94,0,94,187
03/07/2021,TVC,MI,AGL,CE,Towers with Radar,15,5,14,0,34,0,2,50,2,54,15,7,64,2,88,8,0,8,96
03/08/2021,TVC,MI,AGL,CE,Towers with Radar,17,7,34,0,58,0,1,73,3,77,17,8,107,3,135,120,0,120,255
03/09/2021,TVC,MI,AGL,CE,Towers with Radar,11,11,22,2,46,0,4,93,9,106,11,15,115,11,152,140,34,174,326
03/10/2021,TVC,MI,AGL,CE,Towers with Radar,14,11,8,0,33,0,0,12,9,21,14,11,20,9,54,58,20,78,132
03/11/2021,TVC,MI,AGL,CE,Towers with Radar,18,17,7,1,43,0,0,0,6,6,18,17,7,7,49,0,24,24,73
03/12/2021,TVC,MI,AGL,CE,Towers with Radar,17,10,51,3,81,0,1,53,3,57,17,11,104,6,138,130,4,134,272
03/13/2021,TVC,MI,AGL,CE,Towers with Radar,16,6,18,1,41,0,4,48,6,58,16,10,66,7,99,70,0,70,169
03/14/2021,TVC,MI,AGL,CE,Towers with Radar,17,1,12,1,31,0,1,40,4,45,17,2,52,5,76,40,0,40,116
03/15/2021,TVC,MI,AGL,CE,Towers with Radar,18,5,36,1,60,0,0,114,7,121,18,5,150,8,181,216,2,218,399
03/16/2021,TVC,MI,AGL,CE,Towers with Radar,14,9,13,2,38,0,0,20,5,25,14,9,33,7,63,112,8,120,183
03/17/2021,TVC,MI,AGL,CE,Towers with Radar,13,11,8,1,33,0,0,44,4,48,13,11,52,5,81,222,12,234,315
03/18/2021,TVC,MI,AGL,CE,Towers with Radar,16,10,18,0,44,0,2,50,6,58,16,12,68,6,102,30,2,32,134
03/19/2021,TVC,MI,AGL,CE,Towers with Radar,20,7,53,2,82,0,4,129,13,146,20,11,182,15,228,184,6,190,418
03/20/2021,TVC,MI,AGL,CE,Towers with Radar,15,11,22,0,48,0,11,87,3,101,15,22,109,3,149,60,0,60,209
03/21/2021,TVC,MI,AGL,CE,Towers with Radar,17,2,24,0,43,0,11,32,3,46,17,13,56,3,89,18,0,18,107
03/22/2021,TVC,MI,AGL,CE,Towers with Radar,19,4,14,2,39,0,0,21,7,28,19,4,35,9,67,30,56,86,153
03/23/2021,TVC,MI,AGL,CE,Towers with Radar,13,9,47,0,69,0,1,92,5,98,13,10,139,5,167,292,4,296,463
03/24/2021,TVC,MI,AGL,CE,Towers with Radar,11,13,2,0,26,0,2,22,6,30,11,15,24,6,56,98,2,100,156
03/25/2021,TVC,MI,AGL,CE,Towers with Radar,17,14,13,2,46,0,1,36,4,41,17,15,49,6,87,228,0,228,315
03/26/2021,TVC,MI,AGL,CE,Towers with Radar,21,12,7,0,40,0,3,6,1,10,21,15,13,1,50,42,20,62,112
03/27/2021,TVC,MI,AGL,CE,Towers with Radar,15,8,16,0,39,0,9,47,4,60,15,17,63,4,99,104,0,104,203
03/28/2021,TVC,MI,AGL,CE,Towers with Radar,15,7,4,0,26,0,0,0,2,2,15,7,4,2,28,0,0,0,28
03/29/2021,TVC,MI,AGL,CE,Towers with Radar,19,3,25,0,47,0,1,83,2,86,19,4,108,2,133,134,0,134,267
03/30/2021,TVC,MI,AGL,CE,Towers with Radar,17,8,2,4,31,0,0,7,14,21,17,8,9,18,52,0,20,20,72
03/31/2021,TVC,MI,AGL,CE,Towers with Radar,15,7,12,3,37,0,1,54,10,65,15,8,66,13,102,200,56,256,358
04/01/2021,TVC,MI,AGL,CE,Towers with Radar,21,10,20,3,54,0,1,70,6,77,21,11,90,9,131,96,20,116,247
04/02/2021,TVC,MI,AGL,CE,Towers with Radar,22,10,43,5,80,0,2,127,2,131,22,12,170,7,211,158,0,158,369
04/03/2021,TVC,MI,AGL,CE,Towers with Radar,16,13,14,0,43,0,3,52,2,57,16,16,66,2,100,34,0,34,134
04/04/2021,TVC,MI,AGL,CE,Towers with Radar,19,4,12,0,35,0,5,63,2,70,19,9,75,2,105,86,0,86,191
04/05/2021,TVC,MI,AGL,CE,Towers with Radar,18,6,22,0,46,0,2,73,5,80,18,8,95,5,126,128,2,130,256
04/06/2021,TVC,MI,AGL,CE,Towers with Radar,13,12,19,0,44,0,2,95,7,104,13,14,114,7,148,152,18,170,318
04/07/2021,TVC,MI,AGL,CE,Towers with Radar,11,14,40,0,65,0,5,97,3,105,11,19,137,3,170,192,2,194,364
04/08/2021,TVC,MI,AGL,CE,Towers with Radar,19,11,9,1,40,0,3,32,8,43,19,14,41,9,83,57,42,99,182
04/09/2021,TVC,MI,AGL,CE,Towers with Radar,19,13,23,2,57,0,2,26,3,31,19,15,49,5,88,98,0,98,186
04/10/2021,TVC,MI,AGL,CE,Towers with Radar,15,17,22,0,54,0,2,17,2,21,15,19,39,2,75,18,0,18,93
04/11/2021,TVC,MI,AGL,CE,Towers with Radar,17,9,17,0,43,0,3,1,2,6,17,12,18,2,49,0,8,8,57
04/12/2021,TVC,MI,AGL,CE,Towers with Radar,18,7,10,1,36,0,1,14,1,16,18,8,24,2,52,38,0,38,90
04/13/2021,TVC,MI,AGL,CE,Towers with Radar,10,9,32,1,52,0,4,76,7,87,10,13,108,8,139,148,0,148,287
04/14/2021,TVC,MI,AGL,CE,Towers with Radar,8,11,9,0,28,0,0,5,3,8,8,11,14,3,36,44,14,58,94
04/15/2021,TVC,MI,AGL,CE,Towers with Radar,17,13,11,2,43,0,0,0,4,4,17,13,11,6,47,0,0,0,47
04/16/2021,TVC,MI,AGL,CE,Towers with Radar,20,11,27,1,59,0,1,14,6,21,20,12,41,7,80,78,0,78,158
04/17/2021,TVC,MI,AGL,CE,Towers with Radar,14,9,30,0,53,0,4,112,1,117,14,13,142,1,170,146,14,160,330
04/18/2021,TVC,MI,AGL,CE,Towers with Radar,16,6,17,0,39,0,2,54,2,58,16,8,71,2,97,40,0,40,137
04/19/2021,TVC,MI,AGL,CE,Towers with Radar,19,7,10,0,36,0,4,32,4,40,19,11,42,4,76,40,0,40,116
04/20/2021,TVC,MI,AGL,CE,Towers with Radar,9,7,12,2,30,0,7,73,5,85,9,14,85,7,115,131,0,131,246
04/21/2021,TVC,MI,AGL,CE,Towers with Radar,8,12,31,0,51,0,1,92,8,101,8,13,123,8,152,234,0,234,386
04/22/2021,TVC,MI,AGL,CE,Towers with Radar,17,19,38,2,76,0,1,108,9,118,17,20,146,11,194,115,0,115,309
04/23/2021,TVC,MI,AGL,CE,Towers with Radar,23,19,34,2,78,0,0,98,16,114,23,19,132,18,192,118,0,118,310
04/24/2021,TVC,MI,AGL,CE,Towers with Radar,13,12,18,1,44,0,7,37,4,48,13,19,55,5,92,92,0,92,184
04/25/2021,TVC,MI,AGL,CE,Towers with Radar,18,0,13,0,31,0,3,32,2,37,18,3,45,2,68,80,0,80,148
04/26/2021,TVC,MI,AGL,CE,Towers with Radar,19,8,16,2,45,0,0,17,2,19,19,8,33,4,64,44,0,44,108
04/27/2021,TVC,MI,AGL,CE,Towers with Radar,9,10,38,0,57,0,4,84,7,95,9,14,122,7,152,144,0,144,296
04/28/2021,TVC,MI,AGL,CE,Towers with Radar,8,12,12,0,32,0,1,1,3,5,8,13,13,3,37,0,0,0,37
04/29/2021,TVC,MI,AGL,CE,Towers with Radar,17,12,34,4,67,0,0,12,7,19,17,12,46,11,86,52,0,52,138
04/30/2021,TVC,MI,AGL,CE,Towers with Radar,18,12,23,4,57,0,1,45,5,51,18,13,68,9,108,54,0,54,162
05/01/2021,TVC,MI,AGL,CE,Towers with Radar,17,7,15,0,39,0,2,9,3,14,17,9,24,3,53,2,0,2,55
05/02/2021,TVC,MI,AGL,CE,Towers with Radar,17,7,25,0,49,0,9,47,0,56,17,16,72,0,105,94,0,94,199
05/03/2021,TVC,MI,AGL,CE,Towers with Radar,21,7,27,3,58,0,0,0,0,0,21,7,27,3,58,0,0,0,58
05/04/2021,TVC,MI,AGL,CE,Towers with Radar,12,15,15,1,43,0,0,2,0,2,12,15,17,1,45,2,0,2,47
05/05/2021,TVC,MI,AGL,CE,Towers with Radar,14,12,29,0,55,0,0,56,8,64,14,12,85,8,119,214,0,214,333
05/06/2021,TVC,MI,AGL,CE,Towers with Radar,34,10,27,0,71,0,0,95,15,110,34,10,122,15,181,208,0,208,389
05/07/2021,TVC,MI,AGL,CE,Towers with Radar,35,9,21,4,69,0,0,11,1,12,35,9,32,5,81,18,0,18,99
05/08/2021,TVC,MI,AGL,CE,Towers with Radar,36,12,32,2,82,0,6,93,2,101,36,18,125,4,183,98,14,112,295
05/09/2021,TVC,MI,AGL,CE,Towers with Radar,33,3,17,0,53,0,10,32,3,45,33,13,49,3,98,26,12,38,136
05/10/2021,TVC,MI,AGL,CE,Towers with Radar,36,4,46,2,88,0,6,65,10,81,36,10,111,12,169,130,14,144,313
05/11/2021,TVC,MI,AGL,CE,Towers with Radar,23,13,26,0,62,0,3,77,9,89,23,16,103,9,151,196,16,212,363
05/12/2021,TVC,MI,AGL,CE,Towers with Radar,26,23,41,4,94,0,8,144,1,153,26,31,185,5,247,242,0,242,489
05/13/2021,TVC,MI,AGL,CE,Towers with Radar,32,12,34,0,78,0,5,132,3,140,32,17,166,3,218,238,0,238,456
05/14/2021,TVC,MI,AGL,CE,Towers with Radar,33,7,41,1,82,0,8,129,3,140,33,15,170,4,222,224,0,224,446
05/15/2021,TVC,MI,AGL,CE,Towers with Radar,35,8,21,0,64,0,11,94,6,111,35,19,115,6,175,80,0,80,255
05/16/2021,TVC,MI,AGL,CE,Towers with Radar,33,3,22,1,59,0,2,57,1,60,33,5,79,2,119,46,0,46,165
05/17/2021,TVC,MI,AGL,CE,Towers with Radar,32,9,28,0,69,0,1,99,4,104,32,10,127,4,173,242,0,242,415
05/18/2021,TVC,MI,AGL,CE,Towers with Radar,30,9,20,2,61,0,2,143,6,151,30,11,163,8,212,182,0,182,394
05/19/2021,TVC,MI,AGL,CE,Towers with Radar,30,14,38,2,84,0,4,71,6,81,30,18,109,8,165,162,10,172,337
05/20/2021,TVC,MI,AGL,CE,Towers with Radar,31,18,53,0,102,0,3,102,7,112,31,21,155,7,214,228,14,242,456
05/21/2021,TVC,MI,AGL,CE,Towers with Radar,35,15,36,1,87,0,15,60,0,75,35,30,96,1,162,102,0,102,264
05/22/2021,TVC,MI,AGL,CE,Towers with Radar,36,10,27,2,75,0,4,16,4,24,36,14,43,6,99,38,0,38,137
05/23/2021,TVC,MI,AGL,CE,Towers with Radar,37,3,20,1,61,0,1,2,1,4,37,4,22,2,65,0,0,0,65
05/24/2021,TVC,MI,AGL,CE,Towers with Radar,33,5,30,2,70,0,5,66,5,76,33,10,96,7,146,156,0,156,302
05/25/2021,TVC,MI,AGL,CE,Towers with Radar,33,11,29,1,74,0,6,34,5,45,33,17,63,6,119,56,2,58,177
05/26/2021,TVC,MI,AGL,CE,Towers with Radar,34,9,33,0,76,0,1,94,11,106,34,10,127,11,182,162,0,162,344
05/27/2021,TVC,MI,AGL,CE,Towers with Radar,29,16,46,1,92,0,8,124,9,141,29,24,170,10,233,230,6,236,469
05/28/2021,TVC,MI,AGL,CE,Towers with Radar,32,23,43,0,98,0,7,46,2,55,32,30,89,2,153,81,0,81,234
05/29/2021,TVC,MI,AGL,CE,Towers with Radar,40,21,27,0,88,0,8,86,3,97,40,29,113,3,185,110,0,110,295
05/30/2021,TVC,MI,AGL,CE,Towers with Radar,38,5,24,0,67,0,8,59,2,69,38,13,83,2,136,38,0,38,174
05/31/2021,TVC,MI,AGL,CE,Towers with Radar,39,11,38,0,88,0,3,41,3,47,39,14,79,3,135,12,0,12,147
06/01/2021,TVC,MI,AGL,CE,Towers with Radar,37,12,42,1,92,0,0,120,6,126,37,12,162,7,218,258,0,258,476
06/02/2021,TVC,MI,AGL,CE,Towers with Radar,40,17,27,0,84,0,6,92,7,105,40,23,119,7,189,242,0,242,431
06/03/2021,TVC,MI,AGL,CE,Towers with Radar,51,14,36,0,101,0,4,79,11,94,51,18,115,11,195,62,6,68,263
06/04/2021,TVC,MI,AGL,CE,Towers with Radar,49,14,30,5,98,0,3,86,5,94,49,17,116,10,192,122,4,126,318
06/05/2021,TVC,MI,AGL,CE,Towers with Radar,67,15,20,1,103,0,5,21,1,27,67,20,41,2,130,2,0,2,132
06/06/2021,TVC,MI,AGL,CE,Towers with Radar,45,17,29,2,93,0,2,46,6,54,45,19,75,8,147,36,2,38,185
06/07/2021,TVC,MI,AGL,CE,Towers with Radar,45,14,48,1,108,0,3,85,8,96,45,17,133,9,204,202,0,202,406
06/08/2021,TVC,MI,AGL,CE,Towers with Radar,38,17,42,0,97,0,4,82,5,91,38,21,124,5,188,228,0,228,416
06/09/2021,TVC,MI,AGL,CE,Towers with Radar,46,23,37,0,106,0,5,92,3,100,46,28,129,3,206,174,0,174,380
06/10/2021,TVC,MI,AGL,CE,Towers with Radar,43,22,46,1,112,0,2,124,9,135,43,24,170,10,247,240,0,240,487
06/11/2021,TVC,MI,AGL,CE,Towers with Radar,47,10,36,4,97,0,10,102,6,118,47,20,138,10,215,206,10,216,431
06/12/2021,TVC,MI,AGL,CE,Towers with Radar,58,22,16,0,96,0,19,46,4,69,58,41,62,4,165,38,0,38,203
06/13/2021,TVC,MI,AGL,CE,Towers with Radar,46,15,23,3,87,0,4,64,8,76,46,19,87,11,163,26,0,26,189
06/14/2021,TVC,MI,AGL,CE,Towers with Radar,46,21,45,2,114,0,3,90,3,96,46,24,135,5,210,120,0,120,330
06/15/2021,TVC,MI,AGL,CE,Towers with Radar,42,18,46,0,106,0,6,101,14,121,42,24,147,14,227,120,0,120,347
06/16/2021,TVC,MI,AGL,CE,Towers with Radar,46,26,47,0,119,0,5,135,10,150,46,31,182,10,269,198,8,206,475
06/17/2021,TVC,MI,AGL,CE,Towers with Radar,43,21,66,2,132,0,9,119,11,139,43,30,185,13,271,122,0,122,393
06/18/2021,TVC,MI,AGL,CE,Towers with Radar,49,20,40,2,111,0,6,51,3,60,49,26,91,5,171,78,0,78,249
06/19/2021,TVC,MI,AGL,CE,Towers with Radar,59,24,28,0,111,0,17,128,0,145,59,41,156,0,256,60,0,60,316
06/20/2021,TVC,MI,AGL,CE,Towers with Radar,46,12,33,1,92,0,3,50,0,53,46,15,83,1,145,80,8,88,233
06/21/2021,TVC,MI,AGL,CE,Towers with Radar,45,21,43,1,110,0,2,6,8,16,45,23,49,9,126,4,18,22,148
06/22/2021,TVC,MI,AGL,CE,Towers with Radar,40,19,33,0,92,0,3,112,9,124,40,22,145,9,216,172,34,206,422
06/23/2021,TVC,MI,AGL,CE,Towers with Radar,45,20,43,0,108,0,6,114,9,129,45,26,157,9,237,156,32,188,425
06/24/2021,TVC,MI,AGL,CE,Towers with Radar,38,18,36,1,93,0,3,11,3,17,38,21,47,4,110,32,20,52,162
06/25/2021,TVC,MI,AGL,CE,Towers with Radar,48,23,48,0,119,0,0,11,5,16,48,23,59,5,135,44,10,54,189
06/26/2021,TVC,MI,AGL,CE,Towers with Radar,63,34,18,0,115,0,0,0,0,0,63,34,18,0,115,0,0,0,115
06/27/2021,TVC,MI,AGL,CE,Towers with Radar,46,31,36,2,115,0,4,2,0,6,46,35,38,2,121,0,0,0,121
06/28/2021,TVC,MI,AGL,CE,Towers with Radar,45,14,55,0,114,0,2,134,3,139,45,16,189,3,253,258,0,258,511
06/29/2021,TVC,MI,AGL,CE,Towers with Radar,44,33,60,1,138,0,4,6,3,13,44,37,66,4,151,6,4,10,161
06/30/2021,TVC,MI,AGL,CE,Towers with Radar,42,27,23,4,96,0,4,96,7,107,42,31,119,11,203,290,32,322,525
07/01/2021,TVC,MI,AGL,CE,Towers with Radar,46,44,80,0,170,0,6,87,0,93,46,50,167,0,263,142,0,142,405
07/02/2021,TVC,MI,AGL,CE,Towers with Radar,48,36,51,4,139,0,7,143,8,158,48,43,194,12,297,176,0,176,473
07/03/2021,TVC,MI,AGL,CE,Towers with Radar,56,17,28,6,107,0,14,29,12,55,56,31,57,18,162,34,0,34,196
07/04/2021,TVC,MI,AGL,CE,Towers with Radar,46,21,24,2,93,0,9,31,5,45,46,30,55,7,138,8,0,8,146
07/05/2021,TVC,MI,AGL,CE,Towers with Radar,51,35,53,0,139,0,5,45,6,56,51,40,98,6,195,14,0,14,209
07/06/2021,TVC,MI,AGL,CE,Towers with Radar,42,24,41,8,115,0,1,112,6,119,42,25,153,14,234,258,26,284,518
07/07/2021,TVC,MI,AGL,CE,Towers with Radar,53,25,26,3,107,0,9,1,4,14,53,34,27,7,121,0,8,8,129
07/08/2021,TVC,MI,AGL,CE,Towers with Radar,44,19,75,3,141,0,1,13,6,20,44,20,88,9,161,6,8,14,175
07/09/2021,TVC,MI,AGL,CE,Towers with Radar,46,22,54,4,126,0,14,147,6,167,46,36,201,10,293,232,0,232,525
07/10/2021,TVC,MI,AGL,CE,Towers with Radar,60,30,43,1,134,0,13,88,7,108,60,43,131,8,242,38,0,38,280
07/11/2021,TVC,MI,AGL,CE,Towers with Radar,49,30,60,1,140,0,4,68,2,74,49,34,128,3,214,84,0,84,298
07/12/2021,TVC,MI,AGL,CE,Towers with Radar,46,23,50,1,120,0,4,100,4,108,46,27,150,5,228,182,12,194,422
07/13/2021,TVC,MI,AGL,CE,Towers with Radar,43,21,25,0,89,0,2,1,0,3,43,23,26,0,92,0,0,0,92
07/14/2021,TVC,MI,AGL,CE,Towers with Radar,85,32,59,0,176,0,2,111,3,116,85,34,170,3,292,226,0,226,518
07/15/2021,TVC,MI,AGL,CE,Towers with Radar,43,34,57,1,135,0,11,37,8,56,43,45,94,9,191,136,0,136,327
07/16/2021,TVC,MI,AGL,CE,Towers with Radar,44,23,47,3,117,0,4,96,1,101,44,27,143,4,218,104,0,104,322
07/17/2021,TVC,MI,AGL,CE,Towers with Radar,60,33,42,1,136,0,16,96,3,115,60,49,138,4,251,92,1,93,344
07/18/2021,TVC,MI,AGL,CE,Towers with Radar,45,39,53,0,137,0,11,84,0,95,45,50,137,0,232,78,0,78,310
07/19/2021,TVC,MI,AGL,CE,Towers with Radar,40,42,66,1,149,0,4,107,8,119,40,46,173,9,268,106,0,106,374
07/20/2021,TVC,MI,AGL,CE,Towers with Radar,38,22,51,8,119,0,3,41,4,48,38,25,92,12,167,58,0,58,225
07/21/2021,TVC,MI,AGL,CE,Towers with Radar,45,31,47,0,123,0,15,166,9,190,45,46,213,9,313,231,22,253,566
07/22/2021,TVC,MI,AGL,CE,Towers with Radar,48,34,68,0,150,0,9,112,11,132,48,43,180,11,282,218,0,218,500
07/23/2021,TVC,MI,AGL,CE,Towers with Radar,47,30,61,4,142,0,5,98,4,107,47,35,159,8,249,188,2,190,439
07/24/2021,TVC,MI,AGL,CE,Towers with Radar,60,23,36,0,119,0,3,32,0,35,60,26,68,0,154,4,0,4,158
07/25/2021,TVC,MI,AGL,CE,Towers with Radar,51,36,65,1,153,0,8,71,2,81,51,44,136,3,234,42,0,42,276
07/26/2021,TVC,MI,AGL,CE,Towers with Radar,43,30,51,0,124,0,5,131,3,139,43,35,182,3,263,82,0,82,345
07/27/2021,TVC,MI,AGL,CE,Towers with Radar,45,17,45,5,112,0,0,97,7,104,45,17,142,12,216,170,24,194,410
07/28/2021,TVC,MI,AGL,CE,Towers with Radar,47,36,55,1,139,0,5,110,6,121,47,41,165,7,260,200,0,200,460
07/29/2021,TVC,MI,AGL,CE,Towers with Radar,43,36,40,4,123,0,6,32,10,48,43,42,72,14,171,68,22,90,261
07/30/2021,TVC,MI,AGL,CE,Towers with Radar,47,28,51,1,127,0,6,132,7,145,47,34,183,8,272,172,0,172,444
07/31/2021,TVC,MI,AGL,CE,Towers with Radar,60,25,26,1,112,0,13,45,8,66,60,38,71,9,178,62,0,62,240
08/01/2021,TVC,MI,AGL,CE,Towers with Radar,48,44,63,0,155,0,3,53,1,57,48,47,116,1,212,70,4,74,286
08/02/2021,TVC,MI,AGL,CE,Towers with Radar,45,17,66,0,128,0,5,125,4,134,45,22,191,4,262,194,14,208,470
08/03/2021,TVC,MI,AGL,CE,Towers with Radar,34,30,42,0,106,0,16,119,14,149,34,46,161,14,255,200,0,200,455
08/04/2021,TVC,MI,AGL,CE,Towers with Radar,40,25,46,1,112,0,12,115,5,132,40,37,161,6,244,144,0,144,388
08/05/2021,TVC,MI,AGL,CE,Towers with Radar,41,25,58,0,124,0,6,105,8,119,41,31,163,8,243,189,0,189,432
08/06/2021,TVC,MI,AGL,CE,Towers with Radar,45,23,54,1,123,0,8,33,7,48,45,31,87,8,171,124,10,134,305
08/07/2021,TVC,MI,AGL,CE,Towers with Radar,62,23,70,0,155,0,11,17,0,28,62,34,87,0,183,0,0,0,183
08/08/2021,TVC,MI,AGL,CE,Towers with Radar,50,39,65,0,154,0,2,14,2,18,50,41,79,2,172,12,6,18,190
08/09/2021,TVC,MI,AGL,CE,Towers with Radar,35,25,32,1,93,0,0,46,9,55,35,25,78,10,148,60,0,60,208
08/10/2021,TVC,MI,AGL,CE,Towers with Radar,31,30,44,1,106,0,0,38,1,39,31,30,82,2,145,60,8,68,213
08/11/2021,TVC,MI,AGL,CE,Towers with Radar,38,28,30,0,96,0,4,57,9,70,38,32,87,9,166,76,38,114,280
08/12/2021,TVC,MI,AGL,CE,Towers with Radar,45,38,45,1,129,0,11,90,5,106,45,49,135,6,235,140,0,140,375
08/13/2021,TVC,MI,AGL,CE,Towers with Radar,42,37,36,0,115,0,20,116,8,144,42,57,152,8,259,204,8,212,471
08/14/2021,TVC,MI,AGL,CE,Towers with Radar,63,39,43,0,145,0,18,80,5,103,63,57,123,5,248,52,0,52,300
08/15/2021,TVC,MI,AGL,CE,Towers with Radar,43,42,54,0,139,0,11,69,2,82,43,53,123,2,221,12,0,12,233
08/16/2021,TVC,MI,AGL,CE,Towers with Radar,44,33,63,1,141,0,2,108,4,114,44,35,171,5,255,142,8,150,405
08/17/2021,TVC,MI,AGL,CE,Towers with Radar,38,17,28,0,83,0,5,92,2,99,38,22,120,2,182,220,0,220,402
08/18/2021,TVC,MI,AGL,CE,Towers with Radar,35,21,45,5,106,0,3,100,6,109,35,24,145,11,215,262,0,262,477
08/19/2021,TVC,MI,AGL,CE,Towers with Radar,39,39,42,0,120,0,7,128,13,148,39,46,170,13,268,176,42,218,486
08/20/2021,TVC,MI,AGL,CE,Towers with Radar,44,26,50,2,122,0,12,114,3,129,44,38,164,5,251,236,0,236,487
08/21/2021,TVC,MI,AGL,CE,Towers with Radar,51,25,29,2,107,0,13,67,2,82,51,38,96,4,189,36,6,42,231
08/22/2021,TVC,MI,AGL,CE,Towers with Radar,52,24,41,0,117,0,15,53,1,69,52,39,94,1,186,68,2,70,256
08/23/2021,TVC,MI,AGL,CE,Towers with Radar,40,22,53,0,115,0,3,92,3,98,40,25,145,3,213,86,0,86,299
08/24/2021,TVC,MI,AGL,CE,Towers with Radar,32,14,28,0,74,0,3,87,9,99,32,17,115,9,173,116,44,160,333
08/25/2021,TVC,MI,AGL,CE,Towers with Radar,34,28,38,2,102,0,5,39,7,51,34,33,77,9,153,48,0,48,201
08/26/2021,TVC,MI,AGL,CE,Towers with Radar,42,23,42,1,108,0,3,66,4,73,42,26,108,5,181,122,30,152,333
08/27/2021,TVC,MI,AGL,CE,Towers with Radar,44,25,36,0,105,0,5,14,2,21,44,30,50,2,126,22,12,34,160
08/28/2021,TVC,MI,AGL,CE,Towers with Radar,54,22,36,3,115,0,6,38,1,45,54,28,74,4,160,56,0,56,216
08/29/2021,TVC,MI,AGL,CE,Towers with Radar,49,23,25,0,97,0,2,35,1,38,49,25,60,1,135,22,0,22,157
08/30/2021,TVC,MI,AGL,CE,Towers with Radar,40,12,29,0,81,0,6,88,4,98,40,18,117,4,179,110,34,144,323
08/31/2021,TVC,MI,AGL,CE,Towers with Radar,35,30,43,0,108,0,9,106,2,117,35,39,149,2,225,180,12,192,417
09/01/2021,TVC,MI,AGL,CE,Towers with Radar,33,35,31,1,100,0,10,103,2,115,33,45,134,3,215,196,0,196,411
09/02/2021,TVC,MI,AGL,CE,Towers with Radar,41,27,42,3,113,0,17,118,6,141,41,44,160,9,254,258,26,284,538
09/03/2021,TVC,MI,AGL,CE,Towers with Radar,41,30,47,0,118,0,11,139,13,163,41,41,186,13,281,202,0,202,483
09/04/2021,TVC,MI,AGL,CE,Towers with Radar,52,19,28,2,101,0,2,18,4,24,52,21,46,6,125,34,8,42,167
09/05/2021,TVC,MI,AGL,CE,Towers with Radar,45,14,27,0,86,0,9,32,7,48,45,23,59,7,134,16,0,16,150
09/06/2021,TVC,MI,AGL,CE,Towers with Radar,43,34,43,0,120,0,2,80,6,88,43,36,123,6,208,114,2,116,324
09/07/2021,TVC,MI,AGL,CE,Towers with Radar,34,20,17,0,71,0,0,17,0,17,34,20,34,0,88,44,0,44,132
09/08/2021,TVC,MI,AGL,CE,Towers with Radar,32,25,39,3,99,0,4,62,8,74,32,29,101,11,173,146,20,166,339
09/09/2021,TVC,MI,AGL,CE,Towers with Radar,36,27,32,0,95,0,14,142,3,159,36,41,174,3,254,232,0,232,486
09/10/2021,TVC,MI,AGL,CE,Towers with Radar,34,27,52,1,114,0,6,119,3,128,34,33,171,4,242,180,10,190,432
09/11/2021,TVC,MI,AGL,CE,Towers with Radar,33,26,32,0,91,0,8,35,7,50,33,34,67,7,141,30,16,46,187
09/12/2021,TVC,MI,AGL,CE,Towers with Radar,36,36,34,0,106,0,1,49,0,50,36,37,83,0,156,30,0,30,186
09/13/2021,TVC,MI,AGL,CE,Towers with Radar,35,27,41,2,105,0,2,125,3,130,35,29,166,5,235,194,22,216,451
09/14/2021,TVC,MI,AGL,CE,Towers with Radar,32,18,20,0,70,0,3,2,12,17,32,21,22,12,87,0,46,46,133
09/15/2021,TVC,MI,AGL,CE,Towers with Radar,31,32,63,0,126,0,4,141,7,152,31,36,204,7,278,206,32,238,516
09/16/2021,TVC,MI,AGL,CE,Towers with Radar,42,29,33,1,105,0,8,135,16,159,42,37,168,17,264,272,49,321,585
09/17/2021,TVC,MI,AGL,CE,Towers with Radar,34,25,54,0,113,0,1,76,4,81,34,26,130,4,194,58,0,58,252
09/18/2021,TVC,MI,AGL,CE,Towers with Radar,33,11,21,0,65,0,12,76,1,89,33,23,97,1,154,98,0,98,252
09/19/2021,TVC,MI,AGL,CE,Towers with Radar,34,41,55,0,130,0,8,69,0,77,34,49,124,0,207,52,0,52,259
09/20/2021,TVC,MI,AGL,CE,Towers with Radar,36,24,26,0,86,0,2,68,0,70,36,26,94,0,156,142,0,142,298
09/21/2021,TVC,MI,AGL,CE,Towers with Radar,30,18,35,0,83,0,1,22,10,33,30,19,57,10,116,120,58,178,294
09/22/2021,TVC,MI,AGL,CE,Towers with Radar,31,18,20,0,69,0,0,38,9,47,31,18,58,9,116,22,38,60,176
09/23/2021,TVC,MI,AGL,CE,Towers with Radar,38,17,33,5,93,0,3,0,3,6,38,20,33,8,99,14,26,40,139
09/24/2021,TVC,MI,AGL,CE,Towers with Radar,35,16,44,0,95,0,7,120,4,131,35,23,164,4,226,210,19,229,455
09/25/2021,TVC,MI,AGL,CE,Towers with Radar,32,10,21,0,63,0,11,24,2,37,32,21,45,2,100,6,0,6,106
09/26/2021,TVC,MI,AGL,CE,Towers with Radar,33,16,21,0,70,0,7,31,3,41,33,23,52,3,111,30,0,30,141
09/27/2021,TVC,MI,AGL,CE,Towers with Radar,38,12,41,4,95,0,2,111,8,121,38,14,152,12,216,254,8,262,478
09/28/2021,TVC,MI,AGL,CE,Towers with Radar,28,22,35,3,88,0,1,146,7,154,28,23,181,10,242,156,36,192,434
09/29/2021,TVC,MI,AGL,CE,Towers with Radar,29,16,33,0,78,0,6,146,3,155,29,22,179,3,233,192,0,192,425
09/30/2021,TVC,MI,AGL,CE,Towers with Radar,34,26,33,0,93,0,8,144,6,158,34,34,177,6,251,199,20,219,470
10/01/2021,TVC,MI,AGL,CE,Towers with Radar,32,15,27,0,74,0,9,126,4,139,32,24,153,4,213,204,0,204,417
10/02/2021,TVC,MI,AGL,CE,Towers with Radar,31,12,13,0,56,0,12,44,1,57,31,24,57,1,113,14,0,14,127
10/03/2021,TVC,MI,AGL,CE,Towers with Radar,31,9,34,0,74,0,0,0,0,0,31,9,34,0,74,0,0,0,74
10/04/2021,TVC,MI,AGL,CE,Towers with Radar,38,8,50,2,98,0,1,5,0,6,38,9,55,2,104,0,0,0,104
10/05/2021,TVC,MI,AGL,CE,Towers with Radar,27,28,40,3,98,0,2,42,2,46,27,30,82,5,144,96,34,130,274
10/06/2021,TVC,MI,AGL,CE,Towers with Radar,27,20,29,0,76,0,5,102,2,109,27,25,131,2,185,268,0,268,453
10/07/2021,TVC,MI,AGL,CE,Towers with Radar,33,26,50,7,116,0,0,53,4,57,33,26,103,11,173,84,0,84,257
10/08/2021,TVC,MI,AGL,CE,Towers with Radar,24,20,51,3,98,0,0,5,1,6,24,20,56,4,104,4,46,50,154
10/09/2021,TVC,MI,AGL,CE,Towers with Radar,27,13,23,1,64,0,19,20,1,40,27,32,43,2,104,32,0,32,136
10/10/2021,TVC,MI,AGL,CE,Towers with Radar,25,11,29,1,66,0,13,21,3,37,25,24,50,4,103,24,6,30,133
10/11/2021,TVC,MI,AGL,CE,Towers with Radar,19,10,30,0,59,0,2,71,2,75,19,12,101,2,134,148,0,148,282
10/12/2021,TVC,MI,AGL,CE,Towers with Radar,22,26,38,1,87,0,2,14,4,20,22,28,52,5,107,28,12,40,147
10/13/2021,TVC,MI,AGL,CE,Towers with Radar,21,22,52,2,97,0,2,80,5,87,21,24,132,7,184,256,22,278,462
10/14/2021,TVC,MI,AGL,CE,Towers with Radar,26,22,31,1,80,0,13,93,1,107,26,35,124,2,187,200,0,200,387
10/15/2021,TVC,MI,AGL,CE,Towers with Radar,22,19,47,0,88,0,16,123,2,141,22,35,170,2,229,215,0,215,444
10/16/2021,TVC,MI,AGL,CE,Towers with Radar,26,7,23,0,56,0,11,78,2,91,26,18,101,2,147,76,0,76,223
10/17/2021,TVC,MI,AGL,CE,Towers with Radar,27,13,30,1,71,0,12,62,3,77,27,25,92,4,148,38,0,38,186
10/18/2021,TVC,MI,AGL,CE,Towers with Radar,24,12,47,2,85,0,5,150,6,161,24,17,197,8,246,227,10,237,483
10/19/2021,TVC,MI,AGL,CE,Towers with Radar,21,32,31,3,87,0,9,132,7,148,21,41,163,10,235,178,0,178,413
10/20/2021,TVC,MI,AGL,CE,Towers with Radar,22,10,25,0,57,0,3,77,9,89,22,13,102,9,146,86,0,86,232
10/21/2021,TVC,MI,AGL,CE,Towers with Radar,26,15,28,5,74,0,0,0,7,7,26,15,28,12,81,0,30,30,111
10/22/2021,TVC,MI,AGL,CE,Towers with Radar,18,16,24,4,62,0,11,38,8,57,18,27,62,12,119,182,0,182,301
10/23/2021,TVC,MI,AGL,CE,Towers with Radar,25,17,14,0,56,0,20,38,2,60,25,37,52,2,116,94,0,94,210
10/24/2021,TVC,MI,AGL,CE,Towers with Radar,23,18,23,0,64,0,23,53,1,77,23,41,76,1,141,34,0,34,175
10/25/2021,TVC,MI,AGL,CE,Towers with Radar,14,19,16,1,50,0,2,14,4,20,14,21,30,5,70,18,0,18,88
10/26/2021,TVC,MI,AGL,CE,Towers with Radar,21,17,23,4,65,0,3,124,12,139,21,20,147,16,204,284,22,306,510
10/27/2021,TVC,MI,AGL,CE,Towers with Radar,23,20,37,0,80,0,3,95,5,103,23,23,132,5,183,268,0,268,451
10/28/2021,TVC,MI,AGL,CE,Towers with Radar,27,15,31,1,74,0,6,85,5,96,27,21,116,6,170,190,0,190,360
10/29/2021,TVC,MI,AGL,CE,Towers with Radar,33,16,17,0,66,0,0,0,6,6,33,16,17,6,72,0,8,8,80
10/30/2021,TVC,MI,AGL,CE,Towers with Radar,28,14,30,0,72,0,13,63,2,78,28,27,93,2,150,162,0,162,312
10/31/2021,TVC,MI,AGL,CE,Towers with Radar,22,4,18,1,45,0,5,3,2,10,22,9,21,3,55,0,0,0,55
11/01/2021,TVC,MI,AGL,CE,Towers with Radar,21,7,39,1,68,0,6,80,9,95,21,13,119,10,163,174,20,194,357
11/02/2021,TVC,MI,AGL,CE,Towers with Radar,11,15,19,1,46,0,0,35,4,39,11,15,54,5,85,108,8,116,201
11/03/2021,TVC,MI,AGL,CE,Towers with Radar,14,19,36,0,69,0,3,78,0,81,14,22,114,0,150,240,0,240,390
11/04/2021,TVC,MI,AGL,CE,Towers with Radar,17,6,32,3,58,0,1,122,6,129,17,7,154,9,187,186,20,206,393
11/05/2021,TVC,MI,AGL,CE,Towers with Radar,14,8,28,0,50,0,3,104,3,110,14,11,132,3,160,112,0,112,272
11/06/2021,TVC,MI,AGL,CE,Towers with Radar,16,11,22,0,49,0,4,29,2,35,16,15,51,2,84,6,2,8,92
11/07/2021,TVC,MI,AGL,CE,Towers with Radar,17,3,26,0,46,0,6,62,2,70,17,9,88,2,116,40,0,40,156
11/08/2021,TVC,MI,AGL,CE,Towers with Radar,13,7,40,2,62,0,4,125,7,136,13,11,165,9,198,144,42,186,384
11/09/2021,TVC,MI,AGL,CE,Towers with Radar,11,13,32,1,57,0,2,114,6,122,11,15,146,7,179,186,36,222,401
11/10/2021,TVC,MI,AGL,CE,Towers with Radar,14,14,31,1,60,0,3,130,5,138,14,17,161,6,198,196,0,196,394
11/11/2021,TVC,MI,AGL,CE,Towers with Radar,16,6,25,0,47,0,0,2,2,4,16,6,27,2,51,4,0,4,55
11/12/2021,TVC,MI,AGL,CE,Towers with Radar,11,14,19,0,44,0,0,3,2,5,11,14,22,2,49,24,6,30,79
11/13/2021,TVC,MI,AGL,CE,Towers with Radar,14,8,5,0,27,0,0,0,2,2,14,8,5,2,29,0,0,0,29
11/14/2021,TVC,MI,AGL,CE,Towers with Radar,20,3,7,0,30,0,0,0,0,0,20,3,7,0,30,0,0,0,30
11/15/2021,TVC,MI,AGL,CE,Towers with Radar,15,11,26,3,55,0,1,41,7,49,15,12,67,10,104,150,0,150,254
11/16/2021,TVC,MI,AGL,CE,Towers with Radar,13,9,41,1,64,0,9,123,4,136,13,18,164,5,200,238,18,256,456
11/17/2021,TVC,MI,AGL,CE,Towers with Radar,11,18,28,0,57,0,2,14,2,18,11,20,42,2,75,26,0,26,101
11/18/2021,TVC,MI,AGL,CE,Towers with Radar,17,18,13,1,49,0,0,7,5,12,17,18,20,6,61,24,0,24,85
11/19/2021,TVC,MI,AGL,CE,Towers with Radar,16,13,38,1,68,0,4,109,4,117,16,17,147,5,185,222,30,252,437
11/20/2021,TVC,MI,AGL,CE,Towers with Radar,12,16,15,0,43,0,7,30,2,39,12,23,45,2,82,72,24,96,178
11/21/2021,TVC,MI,AGL,CE,Towers with Radar,17,7,14,0,38,0,0,8,2,10,17,7,22,2,48,14,8,22,70
11/22/2021,TVC,MI,AGL,CE,Towers with Radar,11,12,8,0,31,0,0,16,5,21,11,12,24,5,52,82,18,100,152
11/23/2021,TVC,MI,AGL,CE,Towers with Radar,16,16,33,0,65,0,1,126,5,132,16,17,159,5,197,158,16,174,371
11/24/2021,TVC,MI,AGL,CE,Towers with Radar,15,10,16,3,44,0,3,19,6,28,15,13,35,9,72,30,0,30,102
11/25/2021,TVC,MI,AGL,CE,Towers with Radar,8,3,0,0,11,0,0,0,0,0,8,3,0,0,11,0,0,0,11
11/26/2021,TVC,MI,AGL,CE,Towers with Radar,9,16,7,0,32,0,0,3,2,5,9,16,10,2,37,0,0,0,37
11/27/2021,TVC,MI,AGL,CE,Towers with Radar,20,23,17,1,61,0,0,6,0,6,20,23,23,1,67,6,0,6,73
11/28/2021,TVC,MI,AGL,CE,Towers with Radar,19,5,11,2,37,0,0,0,0,0,19,5,11,2,37,0,0,0,37
11/29/2021,TVC,MI,AGL,CE,Towers with Radar,14,11,27,1,53,0,2,89,2,93,14,13,116,3,146,200,0,200,346
11/30/2021,TVC,MI,AGL,CE,Towers with Radar,11,16,7,3,37,0,1,9,13,23,11,17,16,16,60,40,32,72,132
12/01/2021,TVC,MI,AGL,CE,Towers with Radar,11,10,18,0,39,0,0,33,4,37,11,10,51,4,76,156,48,204,280
12/02/2021,TVC,MI,AGL,CE,Towers with Radar,16,11,16,3,46,0,2,17,7,26,16,13,33,10,72,26,0,26,98
12/03/2021,TVC,MI,AGL,CE,Towers with Radar,15,19,15,1,50,0,0,59,3,62,15,19,74,4,112,116,38,154,266
12/04/2021,TVC,MI,AGL,CE,Towers with Radar,14,13,25,0,52,0,3,17,1,21,14,16,42,1,73,20,18,38,111
12/05/2021,TVC,MI,AGL,CE,Towers with Radar,7,0,6,0,13,0,0,0,0,0,7,0,6,0,13,0,0,0,13
12/06/2021,TVC,MI,AGL,CE,Towers with Radar,19,7,6,0,32,0,0,0,0,0,19,7,6,0,32,0,0,0,32
12/07/2021,TVC,MI,AGL,CE,Towers with Radar,13,11,33,0,57,0,0,112,5,117,13,11,145,5,174,200,0,200,374
12/08/2021,TVC,MI,AGL,CE,Towers with Radar,12,14,15,0,41,0,1,45,5,51,12,15,60,5,92,184,62,246,338
12/09/2021,TVC,MI,AGL,CE,Towers with Radar,17,11,14,0,42,0,0,9,0,9,17,11,23,0,51,8,0,8,59
12/10/2021,TVC,MI,AGL,CE,Towers with Radar,14,16,13,0,43,0,0,44,6,50,14,16,57,6,93,125,8,133,226
12/11/2021,TVC,MI,AGL,CE,Towers with Radar,9,4,1,0,14,0,0,0,0,0,9,4,1,0,14,0,0,0,14
12/12/2021,TVC,MI,AGL,CE,Towers with Radar,17,9,17,0,43,0,4,36,7,47,17,13,53,7,90,36,0,36,126
12/13/2021,TVC,MI,AGL,CE,Towers with Radar,15,7,29,1,52,0,2,138,10,150,15,9,167,11,202,152,44,196,398
12/14/2021,TVC,MI,AGL,CE,Towers with Radar,13,17,21,2,53,0,1,99,4,104,13,18,120,6,157,184,12,196,353
12/15/2021,TVC,MI,AGL,CE,Towers with Radar,13,23,17,0,53,0,0,0,0,0,13,23,17,0,53,0,0,0,53
12/16/2021,TVC,MI,AGL,CE,Towers with Radar,21,3,3,0,27,0,3,2,0,5,21,6,5,0,32,2,0,2,34
12/17/2021,TVC,MI,AGL,CE,Towers with Radar,18,18,26,0,62,0,2,42,1,45,18,20,68,1,107,114,12,126,233
12/18/2021,TVC,MI,AGL,CE,Towers with Radar,15,17,14,3,49,0,0,4,0,4,15,17,18,3,53,0,0,0,53
12/19/2021,TVC,MI,AGL,CE,Towers with Radar,19,10,12,0,41,0,1,26,1,28,19,11,38,1,69,56,0,56,125
12/20/2021,TVC,MI,AGL,CE,Towers with Radar,17,7,27,0,51,0,0,17,9,26,17,7,44,9,77,36,18,54,131
12/21/2021,TVC,MI,AGL,CE,Towers with Radar,13,9,21,0,43,0,0,38,5,43,13,9,59,5,86,154,32,186,272
12/22/2021,TVC,MI,AGL,CE,Towers with Radar,19,11,11,0,41,0,0,5,5,10,19,11,16,5,51,18,28,46,97
12/23/2021,TVC,MI,AGL,CE,Towers with Radar,16,11,7,0,34,0,0,22,3,25,16,11,29,3,59,56,2,58,117
12/24/2021,TVC,MI,AGL,CE,Towers with Radar,15,13,4,0,32,0,0,0,2,2,15,13,4,2,34,8,0,8,42
12/25/2021,TVC,MI,AGL,CE,Towers with Radar,14,0,1,0,15,0,2,2,2,6,14,2,3,2,21,0,0,0,21
12/26/2021,TVC,MI,AGL,CE,Towers with Radar,19,5,15,0,39,0,2,23,3,28,19,7,38,3,67,14,0,14,81
12/27/2021,TVC,MI,AGL,CE,Towers with Radar,14,7,7,0,28,0,0,0,0,0,14,7,7,0,28,0,0,0,28
12/28/2021,TVC,MI,AGL,CE,Towers with Radar,15,16,7,0,38,0,0,22,2,24,15,16,29,2,62,104,20,124,186
12/29/2021,TVC,MI,AGL,CE,Towers with Radar,38,19,14,1,72,0,1,11,1,13,38,20,25,2,85,16,12,28,113
12/30/2021,TVC,MI,AGL,CE,Towers with Radar,18,14,20,0,52,0,5,74,2,81,18,19,94,2,133,148,2,150,283
12/31/2021,TVC,MI,AGL,CE,Towers with Radar,11,8,6,0,25,0,0,9,4,13,11,8,15,4,38,16,18,34,72
01/01/2022,TVC,MI,AGL,CE,Towers with Radar,6,5,4,0,15,0,0,3,0,3,6,5,7,0,18,6,0,6,24
01/02/2022,TVC,MI,AGL,CE,Towers with Radar,13,5,10,0,28,0,0,4,2,6,13,5,14,2,34,0,6,6,40
01/03/2022,TVC,MI,AGL,CE,Towers with Radar,13,10,15,0,38,0,4,32,1,37,13,14,47,1,75,52,12,64,139
01/04/2022,TVC,MI,AGL,CE,Towers with Radar,14,6,18,6,44,0,2,21,2,25,14,8,39,8,69,44,24,68,137
01/05/2022,TVC,MI,AGL,CE,Towers with Radar,15,7,0,0,22,0,0,0,0,0,15,7,0,0,22,0,0,0,22
01/06/2022,TVC,MI,AGL,CE,Towers with Radar,18,15,8,0,41,0,0,0,0,0,18,15,8,0,41,0,0,0,41
01/07/2022,TVC,MI,AGL,CE,Towers with Radar,19,9,17,2,47,0,2,6,2,10,19,11,23,4,57,8,30,38,95
01/08/2022,TVC,MI,AGL,CE,Towers with Radar,14,12,7,0,33,0,3,10,2,15,14,15,17,2,48,8,18,26,74
01/09/2022,TVC,MI,AGL,CE,Towers with Radar,19,6,8,0,33,0,0,0,0,0,19,6,8,0,33,0,0,0,33
01/10/2022,TVC,MI,AGL,CE,Towers with Radar,14,4,11,0,29,0,0,0,0,0,14,4,11,0,29,0,0,0,29
01/11/2022,TVC,MI,AGL,CE,Towers with Radar,12,11,8,3,34,0,0,5,3,8,12,11,13,6,42,10,4,14,56
01/12/2022,TVC,MI,AGL,CE,Towers with Radar,14,8,6,1,29,0,0,12,4,16,14,8,18,5,45,58,28,86,131
01/13/2022,TVC,MI,AGL,CE,Towers with Radar,20,7,17,0,44,0,0,28,3,31,20,7,45,3,75,112,0,112,187
01/14/2022,TVC,MI,AGL,CE,Towers with Radar,16,11,11,1,39,0,2,44,4,50,16,13,55,5,89,104,30,134,223
01/15/2022,TVC,MI,AGL,CE,Towers with Radar,14,15,15,4,48,0,2,63,5,70,14,17,78,9,118,74,36,110,228
01/16/2022,TVC,MI,AGL,CE,Towers with Radar,18,4,10,2,34,0,0,35,5,40,18,4,45,7,74,82,50,132,206
01/17/2022,TVC,MI,AGL,CE,Towers with Radar,15,5,4,0,24,0,0,0,7,7,15,5,4,7,31,0,8,8,39
01/18/2022,TVC,MI,AGL,CE,Towers with Radar,10,10,11,2,33,0,0,28,3,31,10,10,39,5,64,84,42,126,190
01/19/2022,TVC,MI,AGL,CE,Towers with Radar,12,12,14,0,38,0,0,3,0,3,12,12,17,0,41,0,0,0,41
01/20/2022,TVC,MI,AGL,CE,Towers with Radar,21,7,10,3,41,0,0,5,4,9,21,7,15,7,50,34,34,68,118
01/21/2022,TVC,MI,AGL,CE,Towers with Radar,18,13,24,12,67,0,3,107,4,114,18,16,131,16,181,212,4,216,397
01/22/2022,TVC,MI,AGL,CE,Towers with Radar,13,5,4,0,22,0,0,0,0,0,13,5,4,0,22,0,0,0,22
01/23/2022,TVC,MI,AGL,CE,Towers with Radar,22,4,4,0,30,0,0,5,2,7,22,4,9,2,37,14,0,14,51
01/24/2022,TVC,MI,AGL,CE,Towers with Radar,14,2,5,2,23,0,0,4,1,5,14,2,9,3,28,28,14,42,70
01/25/2022,TVC,MI,AGL,CE,Towers with Radar,10,9,31,1,51,0,0,39,3,42,10,9,70,4,93,222,20,242,335
01/26/2022,TVC,MI,AGL,CE,Towers with Radar,15,10,30,2,57,0,0,28,5,33,15,10,58,7,90,58,26,84,174
01/27/2022,TVC,MI,AGL,CE,Towers with Radar,20,8,8,2,38,0,0,0,0,0,20,8,8,2,38,0,0,0,38
01/28/2022,TVC,MI,AGL,CE,Towers with Radar,13,12,28,1,54,0,2,123,3,128,13,14,151,4,182,224,12,236,418
01/29/2022,TVC,MI,AGL,CE,Towers with Radar,13,7,23,0,43,0,3,66,2,71,13,10,89,2,114,90,0,90,204
01/30/2022,TVC,MI,AGL,CE,Towers with Radar,23,3,6,0,32,0,0,3,0,3,23,3,9,0,35,0,0,0,35
01/31/2022,TVC,MI,AGL,CE,Towers with Radar,18,9,35,2,64,0,3,115,3,121,18,12,150,5,185,138,0,138,323
02/01/2022,TVC,MI,AGL,CE,Towers with Radar,10,13,11,3,37,0,0,6,5,11,10,13,17,8,48,8,60,68,116
02/02/2022,TVC,MI,AGL,CE,Towers with Radar,8,14,8,0,30,0,3,41,5,49,8,17,49,5,79,106,66,172,251
02/03/2022,TVC,MI,AGL,CE,Towers with Radar,19,9,13,5,46,0,3,62,5,70,19,12,75,10,116,96,29,125,241
02/04/2022,TVC,MI,AGL,CE,Towers with Radar,20,16,15,4,55,0,3,91,3,97,20,19,106,7,152,136,0,136,288
02/05/2022,TVC,MI,AGL,CE,Towers with Radar,15,6,14,0,35,0,2,51,3,56,15,8,65,3,91,94,0,94,185
02/06/2022,TVC,MI,AGL,CE,Towers with Radar,18,3,6,0,27,0,1,5,2,8,18,4,11,2,35,20,0,20,55
02/07/2022,TVC,MI,AGL,CE,Towers with Radar,19,7,9,1,36,0,0,8,1,9,19,7,17,2,45,20,22,42,87
02/08/2022,TVC,MI,AGL,CE,Towers with Radar,12,10,27,1,50,0,4,91,9,104,12,14,118,10,154,122,0,122,276
02/09/2022,TVC,MI,AGL,CE,Towers with Radar,17,11,10,1,39,0,1,3,11,15,17,12,13,12,54,24,36,60,114
02/10/2022,TVC,MI,AGL,CE,Towers with Radar,20,15,11,0,46,0,0,20,11,31,20,15,31,11,77,84,0,84,161
02/11/2022,TVC,MI,AGL,CE,Towers with Radar,19,5,16,1,41,0,0,4,2,6,19,5,20,3,47,22,0,22,69
02/12/2022,TVC,MI,AGL,CE,Towers with Radar,13,8,9,0,30,0,1,4,0,5,13,9,13,0,35,0,0,0,35
02/13/2022,TVC,MI,AGL,CE,Towers with Radar,16,0,25,0,41,0,0,60,1,61,16,0,85,1,102,106,0,106,208
02/14/2022,TVC,MI,AGL,CE,Towers with Radar,21,12,26,0,59,0,1,55,7,63,21,13,81,7,122,110,20,130,252
02/15/2022,TVC,MI,AGL,CE,Towers with Radar,12,10,28,0,50,0,1,105,9,115,12,11,133,9,165,268,22,290,455
02/16/2022,TVC,MI,AGL,CE,Towers with Radar,13,17,5,6,41,0,0,8,3,11,13,17,13,9,52,22,38,60,112
02/17/2022,TVC,MI,AGL,CE,Towers with Radar,11,17,17,1,46,0,0,13,1,14,11,17,30,2,60,42,30,72,132
02/18/2022,TVC,MI,AGL,CE,Towers with Radar,20,17,31,0,68,0,3,52,5,60,20,20,83,5,128,58,0,58,186
02/19/2022,TVC,MI,AGL,CE,Towers with Radar,13,13,8,0,34,0,1,13,3,17,13,14,21,3,51,12,0,12,63
02/20/2022,TVC,MI,AGL,CE,Towers with Radar,16,6,7,0,29,0,1,10,0,11,16,7,17,0,40,0,0,0,40
02/21/2022,TVC,MI,AGL,CE,Towers with Radar,14,8,10,0,32,0,1,30,0,31,14,9,40,0,63,132,0,132,195
02/22/2022,TVC,MI,AGL,CE,Towers with Radar,15,4,0,0,19,0,0,0,0,0,15,4,0,0,19,0,0,0,19
02/23/2022,TVC,MI,AGL,CE,Towers with Radar,12,15,19,8,54,0,0,26,2,28,12,15,45,10,82,42,48,90,172
02/24/2022,TVC,MI,AGL,CE,Towers with Radar,20,11,36,6,73,0,1,167,9,177,20,12,203,15,250,214,6,220,470
02/25/2022,TVC,MI,AGL,CE,Towers with Radar,17,11,37,0,65,0,2,93,4,99,17,13,130,4,164,106,12,118,282
02/26/2022,TVC,MI,AGL,CE,Towers with Radar,12,8,12,0,32,0,3,26,4,33,12,11,38,4,65,42,0,42,107
02/27/2022,TVC,MI,AGL,CE,Towers with Radar,16,3,15,0,34,0,7,19,2,28,16,10,34,2,62,40,0,40,102
02/28/2022,TVC,MI,AGL,CE,Towers with Radar,20,7,40,2,69,0,6,100,3,109,20,13,140,5,178,190,32,222,400
03/01/2022,TVC,MI,AGL,CE,Towers with Radar,11,12,12,5,40,0,3,37,8,48,11,15,49,13,88,158,62,220,308
03/02/2022,TVC,MI,AGL,CE,Towers with Radar,15,8,12,0,35,0,0,25,2,27,15,8,37,2,62,58,0,58,120
03/03/2022,TVC,MI,AGL,CE,Towers with Radar,20,8,23,3,54,0,1,102,9,112,20,9,125,12,166,216,38,254,420
03/04/2022,TVC,MI,AGL,CE,Towers with Radar,19,12,33,0,64,0,2,118,2,122,19,14,151,2,186,172,2,174,360
03/05/2022,TVC,MI,AGL,CE,Towers with Radar,14,7,8,0,29,0,2,19,0,21,14,9,27,0,50,10,6,16,66
03/06/2022,TVC,MI,AGL,CE,Towers with Radar,17,1,5,0,23,0,0,0,0,0,17,1,5,0,23,0,0,0,23
03/07/2022,TVC,MI,AGL,CE,Towers with Radar,16,3,7,0,26,0,0,0,0,0,16,3,7,0,26,0,0,0,26
03/08/2022,TVC,MI,AGL,CE,Towers with Radar,14,12,29,4,59,0,2,92,9,103,14,14,121,13,162,118,18,136,298
03/09/2022,TVC,MI,AGL,CE,Towers with Radar,17,6,16,0,39,0,2,45,5,52,17,8,61,5,91,89,4,93,184
03/10/2022,TVC,MI,AGL,CE,Towers with Radar,19,9,29,3,60,0,2,119,7,128,19,11,148,10,188,152,42,194,382
03/11/2022,TVC,MI,AGL,CE,Towers with Radar,16,5,18,2,41,0,2,42,6,50,16,7,60,8,91,46,0,46,137
03/12/2022,TVC,MI,AGL,CE,Towers with Radar,15,6,6,1,28,0,0,2,2,4,15,6,8,3,32,12,0,12,44
03/13/2022,TVC,MI,AGL,CE,Towers with Radar,18,2,6,0,26,0,5,8,0,13,18,7,14,0,39,16,0,16,55
03/14/2022,TVC,MI,AGL,CE,Towers with Radar,16,10,21,0,47,0,0,45,4,49,16,10,66,4,96,120,0,120,216
03/15/2022,TVC,MI,AGL,CE,Towers with Radar,14,7,40,7,68,0,0,95,5,100,14,7,135,12,168,114,8,122,290
03/16/2022,TVC,MI,AGL,CE,Towers with Radar,18,21,46,2,87,0,1,120,2,123,18,22,166,4,210,170,16,186,396
03/17/2022,TVC,MI,AGL,CE,Towers with Radar,20,12,33,0,65,0,2,116,6,124,20,14,149,6,189,178,0,178,367
03/18/2022,TVC,MI,AGL,CE,Towers with Radar,17,9,6,0,32,0,0,2,2,4,17,9,8,2,36,0,8,8,44
03/19/2022,TVC,MI,AGL,CE,Towers with Radar,20,9,3,0,32,0,0,0,0,0,20,9,3,0,32,0,0,0,32
03/20/2022,TVC,MI,AGL,CE,Towers with Radar,19,11,21,0,51,0,3,97,3,103,19,14,118,3,154,94,0,94,248
03/21/2022,TVC,MI,AGL,CE,Towers with Radar,17,5,19,1,42,0,0,50,5,55,17,5,69,6,97,54,38,92,189
03/22/2022,TVC,MI,AGL,CE,Towers with Radar,17,5,11,1,34,0,0,10,6,16,17,5,21,7,50,12,12,24,74
03/23/2022,TVC,MI,AGL,CE,Towers with Radar,17,17,6,0,40,0,1,2,4,7,17,18,8,4,47,18,44,62,109
03/24/2022,TVC,MI,AGL,CE,Towers with Radar,19,9,8,0,36,0,0,0,1,1,19,9,8,1,37,0,0,0,37
03/25/2022,TVC,MI,AGL,CE,Towers with Radar,18,11,16,0,45,0,0,41,2,43,18,11,57,2,88,108,22,130,218
03/26/2022,TVC,MI,AGL,CE,Towers with Radar,19,9,7,0,35,0,0,0,1,1,19,9,7,1,36,0,6,6,42
03/27/2022,TVC,MI,AGL,CE,Towers with Radar,20,1,8,1,30,0,0,3,3,6,20,1,11,4,36,28,0,28,64
03/28/2022,TVC,MI,AGL,CE,Towers with Radar,18,2,20,1,41,0,2,43,3,48,18,4,63,4,89,48,0,48,137
03/29/2022,TVC,MI,AGL,CE,Towers with Radar,18,12,28,2,60,0,1,126,7,134,18,13,154,9,194,200,10,210,404
03/30/2022,TVC,MI,AGL,CE,Towers with Radar,24,9,7,0,40,0,0,0,0,0,24,9,7,0,40,0,0,0,40
03/31/2022,TVC,MI,AGL,CE,Towers with Radar,20,7,2,0,29,0,0,0,0,0,20,7,2,0,29,0,0,0,29
04/01/2022,TVC,MI,AGL,CE,Towers with Radar,19,12,17,1,49,0,3,33,5,41,19,15,50,6,90,92,0,92,182
04/02/2022,TVC,MI,AGL,CE,Towers with Radar,21,9,9,0,39,0,2,27,0,29,21,11,36,0,68,66,0,66,134
04/03/2022,TVC,MI,AGL,CE,Towers with Radar,20,3,13,0,36,0,2,12,0,14,20,5,25,0,50,30,0,30,80
04/04/2022,TVC,MI,AGL,CE,Towers with Radar,21,3,9,0,33,0,0,1,2,3,21,3,10,2,36,0,22,22,58
04/05/2022,TVC,MI,AGL,CE,Towers with Radar,19,9,14,1,43,0,2,57,6,65,19,11,71,7,108,158,24,182,290
04/06/2022,TVC,MI,AGL,CE,Towers with Radar,19,10,16,0,45,0,1,32,2,35,19,11,48,2,80,88,0,88,168
04/07/2022,TVC,MI,AGL,CE,Towers with Radar,20,7,27,0,54,0,1,21,9,31,20,8,48,9,85,52,66,118,203
04/08/2022,TVC,MI,AGL,CE,Towers with Radar,18,7,12,0,37,0,0,0,0,0,18,7,12,0,37,0,0,0,37
04/09/2022,TVC,MI,AGL,CE,Towers with Radar,16,7,6,0,29,0,0,0,2,2,16,7,6,2,31,0,0,0,31
04/10/2022,TVC,MI,AGL,CE,Towers with Radar,20,10,42,0,72,0,2,122,2,126,20,12,164,2,198,210,0,210,408
04/11/2022,TVC,MI,AGL,CE,Towers with Radar,17,5,25,2,49,0,4,64,6,74,17,9,89,8,123,30,2,32,155
04/12/2022,TVC,MI,AGL,CE,Towers with Radar,20,15,35,0,70,0,3,178,9,190,20,18,213,9,260,242,30,272,532
04/13/2022,TVC,MI,AGL,CE,Towers with Radar,17,7,5,1,30,0,0,7,10,17,17,7,12,11,47,60,0,60,107
04/14/2022,TVC,MI,AGL,CE,Towers with Radar,23,10,8,0,41,0,4,7,4,15,23,14,15,4,56,4,18,22,78
04/15/2022,TVC,MI,AGL,CE,Towers with Radar,21,17,12,0,50,0,3,3,4,10,21,20,15,4,60,2,0,2,62
04/16/2022,TVC,MI,AGL,CE,Towers with Radar,15,11,16,0,42,0,0,10,0,10,15,11,26,0,52,12,0,12,64
04/17/2022,TVC,MI,AGL,CE,Towers with Radar,20,2,9,0,31,0,4,66,2,72,20,6,75,2,103,58,0,58,161
04/18/2022,TVC,MI,AGL,CE,Towers with Radar,18,4,9,0,31,0,0,0,0,0,18,4,9,0,31,0,0,0,31
04/19/2022,TVC,MI,AGL,CE,Towers with Radar,18,11,20,0,49,0,0,26,16,42,18,11,46,16,91,52,22,74,165
04/20/2022,TVC,MI,AGL,CE,Towers with Radar,22,8,29,2,61,0,2,121,7,130,22,10,150,9,191,192,10,202,393
04/21/2022,TVC,MI,AGL,CE,Towers with Radar,22,16,15,2,55,0,3,19,5,27,22,19,34,7,82,20,4,24,106
04/22/2022,TVC,MI,AGL,CE,Towers with Radar,17,10,36,0,63,0,3,143,3,149,17,13,179,3,212,236,0,236,448
04/23/2022,TVC,MI,AGL,CE,Towers with Radar,16,12,14,0,42,0,7,51,3,61,16,19,65,3,103,47,0,47,150
04/24/2022,TVC,MI,AGL,CE,Towers with Radar,17,6,23,0,46,0,3,9,0,12,17,9,32,0,58,6,0,6,64
04/25/2022,TVC,MI,AGL,CE,Towers with Radar,17,9,37,0,63,0,2,109,2,113,17,11,146,2,176,112,12,124,300
04/26/2022,TVC,MI,AGL,CE,Towers with Radar,17,11,13,1,42,0,0,7,5,12,17,11,20,6,54,0,0,0,54
04/27/2022,TVC,MI,AGL,CE,Towers with Radar,19,10,59,4,92,0,2,80,8,90,19,12,139,12,182,150,8,158,340
04/28/2022,TVC,MI,AGL,CE,Towers with Radar,20,7,43,2,72,0,0,178,11,189,20,7,221,13,261,262,2,264,525
04/29/2022,TVC,MI,AGL,CE,Towers with Radar,15,14,41,0,70,0,3,137,9,149,15,17,178,9,219,244,8,252,471
04/30/2022,TVC,MI,AGL,CE,Towers with Radar,18,10,12,1,41,0,2,15,1,18,18,12,27,2,59,20,0,20,79
05/01/2022,TVC,MI,AGL,CE,Towers with Radar,24,10,21,0,55,0,1,14,5,20,24,11,35,5,75,78,36,114,189
05/02/2022,TVC,MI,AGL,CE,Towers with Radar,16,5,39,0,60,0,2,11,3,16,16,7,50,3,76,88,30,118,194
05/03/2022,TVC,MI,AGL,CE,Towers with Radar,16,18,12,0,46,0,3,20,3,26,16,21,32,3,72,86,0,86,158
05/04/2022,TVC,MI,AGL,CE,Towers with Radar,17,11,42,0,70,0,1,151,5,157,17,12,193,5,227,273,0,273,500
05/05/2022,TVC,MI,AGL,CE,Towers with Radar,18,14,13,2,47,0,1,156,6,163,18,15,169,8,210,260,0,260,470
05/06/2022,TVC,MI,AGL,CE,Towers with Radar,14,16,27,0,57,0,3,105,1,109,14,19,132,1,166,224,0,224,390
05/07/2022,TVC,MI,AGL,CE,Towers with Radar,18,17,20,0,55,0,4,117,5,126,18,21,137,5,181,74,0,74,255
05/08/2022,TVC,MI,AGL,CE,Towers with Radar,16,7,13,0,36,0,0,44,2,46,16,7,57,2,82,16,0,16,98
05/09/2022,TVC,MI,AGL,CE,Towers with Radar,14,9,12,0,35,0,9,43,6,58,14,18,55,6,93,24,0,24,117
05/10/2022,TVC,MI,AGL,CE,Towers with Radar,14,24,22,1,61,0,4,85,3,92,14,28,107,4,153,136,0,136,289
05/11/2022,TVC,MI,AGL,CE,Towers with Radar,17,16,8,1,42,0,2,54,2,58,17,18,62,3,100,210,0,210,310
05/12/2022,TVC,MI,AGL,CE,Towers with Radar,20,17,26,1,64,0,5,49,8,62,20,22,75,9,126,53,4,57,183
05/13/2022,TVC,MI,AGL,CE,Towers with Radar,13,14,28,0,55,0,3,149,14,166,13,17,177,14,221,134,10,144,365
05/14/2022,TVC,MI,AGL,CE,Towers with Radar,18,9,14,0,41,0,7,38,3,48,18,16,52,3,89,56,0,56,145
05/15/2022,TVC,MI,AGL,CE,Towers with Radar,16,5,24,0,45,0,5,56,3,64,16,10,80,3,109,24,0,24,133
05/16/2022,TVC,MI,AGL,CE,Towers with Radar,14,9,23,0,46,0,2,104,3,109,14,11,127,3,155,146,0,146,301
05/17/2022,TVC,MI,AGL,CE,Towers with Radar,14,11,49,0,74,0,4,120,5,129,14,15,169,5,203,150,0,150,353
05/18/2022,TVC,MI,AGL,CE,Towers with Radar,14,9,32,2,57,0,2,100,3,105,14,11,132,5,162,304,2,306,468
05/19/2022,TVC,MI,AGL,CE,Towers with Radar,15,20,53,1,89,0,4,90,6,100,15,24,143,7,189,156,0,156,345
05/20/2022,TVC,MI,AGL,CE,Towers with Radar,14,17,14,0,45,0,2,13,6,21,14,19,27,6,66,10,10,20,86
05/21/2022,TVC,MI,AGL,CE,Towers with Radar,13,11,21,2,47,0,12,54,8,74,13,23,75,10,121,64,0,64,185
05/22/2022,TVC,MI,AGL,CE,Towers with Radar,14,9,36,1,60,0,4,61,2,67,14,13,97,3,127,91,0,91,218
05/23/2022,TVC,MI,AGL,CE,Towers with Radar,14,6,46,0,66,0,0,141,2,143,14,6,187,2,209,220,2,222,431
05/24/2022,TVC,MI,AGL,CE,Towers with Radar,14,17,27,0,58,0,1,121,12,134,14,18,148,12,192,230,32,262,454
05/25/2022,TVC,MI,AGL,CE,Towers with Radar,14,17,40,0,71,0,1,35,3,39,14,18,75,3,110,40,0,40,150
05/26/2022,TVC,MI,AGL,CE,Towers with Radar,15,12,40,8,75,0,0,18,6,24,15,12,58,14,99,74,10,84,183
05/27/2022,TVC,MI,AGL,CE,Towers with Radar,14,27,38,3,82,0,0,20,2,22,14,27,58,5,104,82,0,82,186
05/28/2022,TVC,MI,AGL,CE,Towers with Radar,14,15,25,1,55,0,5,97,2,104,14,20,122,3,159,78,0,78,237
05/29/2022,TVC,MI,AGL,CE,Towers with Radar,14,13,24,0,51,0,7,57,2,66,14,20,81,2,117,22,0,22,139
05/30/2022,TVC,MI,AGL,CE,Towers with Radar,14,8,29,0,51,0,4,23,2,29,14,12,52,2,80,0,0,0,80
05/31/2022,TVC,MI,AGL,CE,Towers with Radar,14,10,32,2,58,0,3,76,3,82,14,13,108,5,140,46,8,54,194
06/01/2022,TVC,MI,AGL,CE,Towers with Radar,16,13,37,2,68,0,0,172,4,176,16,13,209,6,244,230,0,230,474
06/02/2022,TVC,MI,AGL,CE,Towers with Radar,14,13,40,0,67,0,4,195,10,209,14,17,235,10,276,294,28,322,598
06/03/2022,TVC,MI,AGL,CE,Towers with Radar,32,21,32,0,85,0,3,73,9,85,32,24,105,9,170,86,0,86,256
06/04/2022,TVC,MI,AGL,CE,Towers with Radar,38,9,22,0,69,0,12,83,2,97,38,21,105,2,166,68,0,68,234
06/05/2022,TVC,MI,AGL,CE,Towers with Radar,33,11,39,0,83,0,4,52,6,62,33,15,91,6,145,66,0,66,211
06/06/2022,TVC,MI,AGL,CE,Towers with Radar,35,16,32,2,85,0,0,2,1,3,35,16,34,3,88,0,0,0,88
06/07/2022,TVC,MI,AGL,CE,Towers with Radar,33,23,60,0,116,0,0,67,2,69,33,23,127,2,185,161,0,161,346
06/08/2022,TVC,MI,AGL,CE,Towers with Radar,37,22,44,4,107,0,3,137,7,147,37,25,181,11,254,288,0,288,542
06/09/2022,TVC,MI,AGL,CE,Towers with Radar,37,25,46,2,110,0,7,172,4,183,37,32,218,6,293,238,0,238,531
06/10/2022,TVC,MI,AGL,CE,Towers with Radar,33,29,49,2,113,0,9,137,6,152,33,38,186,8,265,162,6,168,433
06/11/2022,TVC,MI,AGL,CE,Towers with Radar,39,16,16,0,71,0,3,62,2,67,39,19,78,2,138,88,0,88,226
06/12/2022,TVC,MI,AGL,CE,Towers with Radar,33,8,33,0,74,0,2,44,2,48,33,10,77,2,122,66,0,66,188
06/13/2022,TVC,MI,AGL,CE,Towers with Radar,33,14,26,2,75,0,5,129,2,136,33,19,155,4,211,182,0,182,393
06/14/2022,TVC,MI,AGL,CE,Towers with Radar,34,18,31,2,85,0,5,97,13,115,34,23,128,15,200,102,4,106,306
06/15/2022,TVC,MI,AGL,CE,Towers with Radar,37,12,30,1,80,0,1,110,7,118,37,13,140,8,198,110,0,110,308
06/16/2022,TVC,MI,AGL,CE,Towers with Radar,41,18,22,0,81,0,9,29,7,45,41,27,51,7,126,68,0,68,194
06/17/2022,TVC,MI,AGL,CE,Towers with Radar,35,22,37,0,94,0,8,73,2,83,35,30,110,2,177,54,0,54,231
06/18/2022,TVC,MI,AGL,CE,Towers with Radar,42,11,28,0,81,0,12,116,3,131,42,23,144,3,212,136,0,136,348
06/19/2022,TVC,MI,AGL,CE,Towers with Radar,38,16,43,0,97,0,9,78,5,92,38,25,121,5,189,106,0,106,295
06/20/2022,TVC,MI,AGL,CE,Towers with Radar,36,29,36,0,101,0,4,123,2,129,36,33,159,2,230,196,0,196,426
06/21/2022,TVC,MI,AGL,CE,Towers with Radar,36,20,29,0,85,0,4,86,3,93,36,24,115,3,178,94,0,94,272
06/22/2022,TVC,MI,AGL,CE,Towers with Radar,38,20,47,1,106,0,7,143,5,155,38,27,190,6,261,178,10,188,449
06/23/2022,TVC,MI,AGL,CE,Towers with Radar,39,32,44,2,117,0,5,158,8,171,39,37,202,10,288,252,0,252,540
06/24/2022,TVC,MI,AGL,CE,Towers with Radar,36,17,41,6,100,0,10,116,6,132,36,27,157,12,232,162,20,182,414
06/25/2022,TVC,MI,AGL,CE,Towers with Radar,44,26,34,0,104,0,9,32,2,43,44,35,66,2,147,48,18,66,213
06/26/2022,TVC,MI,AGL,CE,Towers with Radar,38,28,29,0,95,0,10,16,2,28,38,38,45,2,123,16,0,16,139
06/27/2022,TVC,MI,AGL,CE,Towers with Radar,65,20,31,0,116,0,7,77,11,95,65,27,108,11,211,142,0,142,353
06/28/2022,TVC,MI,AGL,CE,Towers with Radar,35,40,33,2,110,0,8,47,6,61,35,48,80,8,171,50,16,66,237
06/29/2022,TVC,MI,AGL,CE,Towers with Radar,37,22,39,8,106,0,5,158,24,187,37,27,197,32,293,178,0,178,471
06/30/2022,TVC,MI,AGL,CE,Towers with Radar,39,36,28,3,106,0,5,12,12,29,39,41,40,15,135,0,0,0,135
07/01/2022,TVC,MI,AGL,CE,Towers with Radar,42,34,39,4,119,0,5,88,11,104,42,39,127,15,223,104,0,104,327
07/02/2022,TVC,MI,AGL,CE,Towers with Radar,52,31,49,0,132,0,8,95,16,119,52,39,144,16,251,14,0,14,265
07/03/2022,TVC,MI,AGL,CE,Towers with Radar,45,15,33,6,99,0,12,56,10,78,45,27,89,16,177,12,0,12,189
07/04/2022,TVC,MI,AGL,CE,Towers with Radar,34,13,27,0,74,0,4,45,4,53,34,17,72,4,127,24,0,24,151
07/05/2022,TVC,MI,AGL,CE,Towers with Radar,42,30,48,1,121,0,2,59,4,65,42,32,107,5,186,136,0,136,322
07/06/2022,TVC,MI,AGL,CE,Towers with Radar,37,34,69,0,140,0,3,88,0,91,37,37,157,0,231,100,0,100,331
07/07/2022,TVC,MI,AGL,CE,Towers with Radar,37,29,48,1,115,0,19,166,1,186,37,48,214,2,301,210,0,210,511
07/08/2022,TVC,MI,AGL,CE,Towers with Radar,36,31,51,1,119,0,10,144,3,157,36,41,195,4,276,194,16,210,486
07/09/2022,TVC,MI,AGL,CE,Towers with Radar,51,28,28,0,107,0,12,119,11,142,51,40,147,11,249,68,0,68,317
07/10/2022,TVC,MI,AGL,CE,Towers with Radar,44,27,69,0,140,0,8,91,2,101,44,35,160,2,241,24,0,24,265
07/11/2022,TVC,MI,AGL,CE,Towers with Radar,36,12,26,5,79,0,0,8,2,10,36,12,34,7,89,8,0,8,97
07/12/2022,TVC,MI,AGL,CE,Towers with Radar,36,23,49,0,108,0,4,118,3,125,36,27,167,3,233,297,0,297,530
07/13/2022,TVC,MI,AGL,CE,Towers with Radar,37,20,49,0,106,0,2,146,8,156,37,22,195,8,262,200,20,220,482
07/14/2022,TVC,MI,AGL,CE,Towers with Radar,41,30,46,2,119,0,8,193,3,204,41,38,239,5,323,196,8,204,527
07/15/2022,TVC,MI,AGL,CE,Towers with Radar,39,24,52,0,115,0,9,120,6,135,39,33,172,6,250,196,0,196,446
07/16/2022,TVC,MI,AGL,CE,Towers with Radar,50,28,41,0,119,0,10,118,7,135,50,38,159,7,254,50,0,50,304
07/17/2022,TVC,MI,AGL,CE,Towers with Radar,40,46,53,0,139,0,2,43,0,45,40,48,96,0,184,72,0,72,256
07/18/2022,TVC,MI,AGL,CE,Towers with Radar,37,24,58,1,120,0,4,155,6,165,37,28,213,7,285,186,8,194,479
07/19/2022,TVC,MI,AGL,CE,Towers with Radar,35,26,31,2,94,0,8,131,10,149,35,34,162,12,243,146,0,146,389
07/20/2022,TVC,MI,AGL,CE,Towers with Radar,42,30,38,0,110,0,3,23,8,34,42,33,61,8,144,26,30,56,200
07/21/2022,TVC,MI,AGL,CE,Towers with Radar,41,25,40,1,107,0,8,96,7,111,41,33,136,8,218,76,8,84,302
07/22/2022,TVC,MI,AGL,CE,Towers with Radar,42,28,57,0,127,0,0,95,9,104,42,28,152,9,231,112,0,112,343
07/23/2022,TVC,MI,AGL,CE,Towers with Radar,46,20,26,1,93,0,5,90,5,100,46,25,116,6,193,88,0,88,281
07/24/2022,TVC,MI,AGL,CE,Towers with Radar,45,28,52,0,125,0,3,22,4,29,45,31,74,4,154,20,2,22,176
07/25/2022,TVC,MI,AGL,CE,Towers with Radar,39,13,76,0,128,0,3,151,4,158,39,16,227,4,286,220,0,220,506
07/26/2022,TVC,MI,AGL,CE,Towers with Radar,37,23,43,2,105,0,3,155,10,168,37,26,198,12,273,189,20,209,482
07/27/2022,TVC,MI,AGL,CE,Towers with Radar,37,18,33,0,88,0,0,40,6,46,37,18,73,6,134,62,64,126,260
07/28/2022,TVC,MI,AGL,CE,Towers with Radar,41,25,52,1,119,0,1,79,5,85,41,26,131,6,204,102,0,102,306
07/29/2022,TVC,MI,AGL,CE,Towers with Radar,37,33,58,7,135,0,3,106,3,112,37,36,164,10,247,120,8,128,375
07/30/2022,TVC,MI,AGL,CE,Towers with Radar,48,24,32,0,104,0,11,116,2,129,48,35,148,2,233,102,0,102,335
07/31/2022,TVC,MI,AGL,CE,Towers with Radar,41,41,51,0,133,0,11,48,4,63,41,52,99,4,196,66,2,68,264
08/01/2022,TVC,MI,AGL,CE,Towers with Radar,42,30,34,0,106,0,0,12,5,17,42,30,46,5,123,16,18,34,157
08/02/2022,TVC,MI,AGL,CE,Towers with Radar,40,26,55,5,126,0,4,192,4,200,40,30,247,9,326,174,0,174,500
08/03/2022,TVC,MI,AGL,CE,Towers with Radar,38,19,36,1,94,0,0,11,8,19,38,19,47,9,113,32,0,32,145
08/04/2022,TVC,MI,AGL,CE,Towers with Radar,39,35,66,3,143,0,1,169,5,175,39,36,235,8,318,160,0,160,478
08/05/2022,TVC,MI,AGL,CE,Towers with Radar,41,25,45,1,112,0,8,140,6,154,41,33,185,7,266,186,0,186,452
08/06/2022,TVC,MI,AGL,CE,Towers with Radar,50,32,48,1,131,0,1,68,15,84,50,33,116,16,215,28,0,28,243
08/07/2022,TVC,MI,AGL,CE,Towers with Radar,43,26,62,1,132,0,0,0,2,2,43,26,62,3,134,0,0,0,134
08/08/2022,TVC,MI,AGL,CE,Towers with Radar,42,29,46,9,126,0,2,6,1,9,42,31,52,10,135,12,0,12,147
08/09/2022,TVC,MI,AGL,CE,Towers with Radar,40,26,39,1,106,0,2,162,8,172,40,28,201,9,278,274,0,274,552
08/10/2022,TVC,MI,AGL,CE,Towers with Radar,39,36,48,0,123,0,3,164,11,178,39,39,212,11,301,180,10,190,491
08/11/2022,TVC,MI,AGL,CE,Towers with Radar,43,27,44,4,118,0,4,145,12,161,43,31,189,16,279,184,0,184,463
08/12/2022,TVC,MI,AGL,CE,Towers with Radar,39,31,36,1,107,0,9,141,4,154,39,40,177,5,261,236,0,236,497
08/13/2022,TVC,MI,AGL,CE,Towers with Radar,56,34,24,0,114,0,3,15,0,18,56,37,39,0,132,22,0,22,154
08/14/2022,TVC,MI,AGL,CE,Towers with Radar,41,30,56,6,133,0,8,36,5,49,41,38,92,11,182,92,10,102,284
08/15/2022,TVC,MI,AGL,CE,Towers with Radar,37,14,27,0,78,0,0,123,6,129,37,14,150,6,207,286,0,286,493
08/16/2022,TVC,MI,AGL,CE,Towers with Radar,37,17,43,4,101,0,1,149,6,156,37,18,192,10,257,204,32,236,493
08/17/2022,TVC,MI,AGL,CE,Towers with Radar,42,19,58,3,122,0,8,148,1,157,42,27,206,4,279,178,0,178,457
08/18/2022,TVC,MI,AGL,CE,Towers with Radar,41,33,30,0,104,0,4,105,5,114,41,37,135,5,218,149,0,149,367
08/19/2022,TVC,MI,AGL,CE,Towers with Radar,41,33,28,0,102,0,0,116,4,120,41,33,144,4,222,86,0,86,308
08/20/2022,TVC,MI,AGL,CE,Towers with Radar,44,13,20,0,77,0,7,30,1,38,44,20,50,1,115,22,0,22,137
08/21/2022,TVC,MI,AGL,CE,Towers with Radar,35,16,31,0,82,0,4,18,3,25,35,20,49,3,107,42,18,60,167
08/22/2022,TVC,MI,AGL,CE,Towers with Radar,38,20,43,0,101,0,2,114,3,119,38,22,157,3,220,264,2,266,486
08/23/2022,TVC,MI,AGL,CE,Towers with Radar,38,32,41,0,111,0,7,123,6,136,38,39,164,6,247,188,0,188,435
08/24/2022,TVC,MI,AGL,CE,Towers with Radar,40,30,42,3,115,0,4,127,11,142,40,34,169,14,257,168,0,168,425
08/25/2022,TVC,MI,AGL,CE,Towers with Radar,37,32,36,0,105,0,0,18,8,26,37,32,54,8,131,50,10,60,191
08/26/2022,TVC,MI,AGL,CE,Towers with Radar,39,37,42,3,121,0,7,98,2,107,39,44,140,5,228,144,0,144,372
08/27/2022,TVC,MI,AGL,CE,Towers with Radar,10,8,14,0,32,0,2,41,2,45,10,10,55,2,77,42,0,42,119
08/28/2022,TVC,MI,AGL,CE,Towers with Radar,36,28,40,0,104,0,4,51,2,57,36,32,91,2,161,44,0,44,205
08/29/2022,TVC,MI,AGL,CE,Towers with Radar,34,31,25,1,91,0,5,6,1,12,34,36,31,2,103,0,0,0,103
08/30/2022,TVC,MI,AGL,CE,Towers with Radar,33,26,52,0,111,0,4,75,7,86,33,30,127,7,197,172,10,182,379
08/31/2022,TVC,MI,AGL,CE,Towers with Radar,37,26,24,1,88,0,4,71,7,82,37,30,95,8,170,72,14,86,256
09/01/2022,TVC,MI,AGL,CE,Towers with Radar,37,33,44,3,117,0,8,165,5,178,37,41,209,8,295,212,16,228,523
09/02/2022,TVC,MI,AGL,CE,Towers with Radar,37,29,26,2,94,0,3,73,0,76,37,32,99,2,170,40,0,40,210
09/03/2022,TVC,MI,AGL,CE,Towers with Radar,43,16,22,0,81,0,9,18,5,32,43,25,40,5,113,22,0,22,135
09/04/2022,TVC,MI,AGL,CE,Towers with Radar,36,21,35,0,92,0,2,65,3,70,36,23,100,3,162,76,0,76,238
09/05/2022,TVC,MI,AGL,CE,Towers with Radar,37,20,48,0,105,0,8,123,6,137,37,28,171,6,242,166,0,166,408
09/06/2022,TVC,MI,AGL,CE,Towers with Radar,29,25,46,0,100,0,1,163,4,168,29,26,209,4,268,98,0,98,366
09/07/2022,TVC,MI,AGL,CE,Towers with Radar,27,17,19,0,63,0,1,143,2,146,27,18,162,2,209,206,0,206,415
09/08/2022,TVC,MI,AGL,CE,Towers with Radar,25,19,32,0,76,0,4,139,5,148,25,23,171,5,224,198,56,254,478
09/09/2022,TVC,MI,AGL,CE,Towers with Radar,26,19,47,0,92,0,6,118,1,125,26,25,165,1,217,62,0,62,279
09/10/2022,TVC,MI,AGL,CE,Towers with Radar,33,21,20,0,74,0,6,63,3,72,33,27,83,3,146,60,0,60,206
09/11/2022,TVC,MI,AGL,CE,Towers with Radar,28,19,29,0,76,0,1,14,2,17,28,20,43,2,93,62,0,62,155
09/12/2022,TVC,MI,AGL,CE,Towers with Radar,19,20,28,0,67,0,2,4,1,7,19,22,32,1,74,30,8,38,112
09/13/2022,TVC,MI,AGL,CE,Towers with Radar,22,22,47,5,96,0,0,59,1,60,22,22,106,6,156,134,0,134,290
09/14/2022,TVC,MI,AGL,CE,Towers with Radar,23,20,52,0,95,0,3,126,9,138,23,23,178,9,233,178,8,186,419
09/15/2022,TVC,MI,AGL,CE,Towers with Radar,24,19,23,1,67,0,3,153,4,160,24,22,176,5,227,144,0,144,371
09/16/2022,TVC,MI,AGL,CE,Towers with Radar,22,15,50,2,89,0,2,113,1,116,22,17,163,3,205,168,14,182,387
09/17/2022,TVC,MI,AGL,CE,Towers with Radar,32,26,19,0,77,0,5,39,3,47,32,31,58,3,124,16,14,30,154
09/18/2022,TVC,MI,AGL,CE,Towers with Radar,26,24,36,1,87,0,2,23,1,26,26,26,59,2,113,26,0,26,139
09/19/2022,TVC,MI,AGL,CE,Towers with Radar,23,11,23,0,57,0,5,132,3,140,23,16,155,3,197,128,0,128,325
09/20/2022,TVC,MI,AGL,CE,Towers with Radar,21,19,36,0,76,0,4,110,6,120,21,23,146,6,196,214,92,306,502
09/21/2022,TVC,MI,AGL,CE,Towers with Radar,22,14,18,3,57,0,6,56,5,67,22,20,74,8,124,71,0,71,195
09/22/2022,TVC,MI,AGL,CE,Towers with Radar,22,27,22,5,76,0,3,20,8,31,22,30,42,13,107,16,22,38,145
09/23/2022,TVC,MI,AGL,CE,Towers with Radar,23,20,32,0,75,0,6,144,3,153,23,26,176,3,228,174,0,174,402
09/24/2022,TVC,MI,AGL,CE,Towers with Radar,30,16,25,0,71,0,1,23,2,26,30,17,48,2,97,40,0,40,137
09/25/2022,TVC,MI,AGL,CE,Towers with Radar,26,17,29,0,72,0,0,9,2,11,26,17,38,2,83,38,0,38,121
09/26/2022,TVC,MI,AGL,CE,Towers with Radar,21,14,16,0,51,0,0,2,3,5,21,14,18,3,56,0,8,8,64
09/27/2022,TVC,MI,AGL,CE,Towers with Radar,22,15,28,2,67,0,0,3,2,5,22,15,31,4,72,0,0,0,72
09/28/2022,TVC,MI,AGL,CE,Towers with Radar,21,11,45,2,79,0,2,80,9,91,21,13,125,11,170,236,8,244,414
09/29/2022,TVC,MI,AGL,CE,Towers with Radar,23,27,40,3,93,0,7,186,10,203,23,34,226,13,296,243,32,275,571
09/30/2022,TVC,MI,AGL,CE,Towers with Radar,17,20,28,0,65,0,5,139,2,146,17,25,167,2,211,182,0,182,393
10/01/2022,TVC,MI,AGL,CE,Towers with Radar,26,21,18,1,66,0,11,69,4,84,26,32,87,5,150,76,2,78,228
10/02/2022,TVC,MI,AGL,CE,Towers with Radar,21,10,36,1,68,0,5,101,4,110,21,15,137,5,178,68,18,86,264
10/03/2022,TVC,MI,AGL,CE,Towers with Radar,19,7,18,0,44,0,3,163,8,174,19,10,181,8,218,201,10,211,429
10/04/2022,TVC,MI,AGL,CE,Towers with Radar,18,19,29,1,67,0,3,138,3,144,18,22,167,4,211,230,40,270,481
10/05/2022,TVC,MI,AGL,CE,Towers with Radar,21,16,35,0,72,0,2,138,3,143,21,18,173,3,215,164,12,176,391
10/06/2022,TVC,MI,AGL,CE,Towers with Radar,20,26,16,18,80,0,0,7,10,17,20,26,23,28,97,30,39,69,166
10/07/2022,TVC,MI,AGL,CE,Towers with Radar,17,23,32,0,72,0,4,29,4,37,17,27,61,4,109,68,0,68,177
10/08/2022,TVC,MI,AGL,CE,Towers with Radar,17,15,21,0,53,0,4,32,2,38,17,19,53,2,91,48,6,54,145
10/09/2022,TVC,MI,AGL,CE,Towers with Radar,19,13,34,0,66,0,7,95,3,105,19,20,129,3,171,80,0,80,251
10/10/2022,TVC,MI,AGL,CE,Towers with Radar,19,17,42,0,78,0,9,145,2,156,19,26,187,2,234,170,0,170,404
10/11/2022,TVC,MI,AGL,CE,Towers with Radar,18,20,18,0,56,0,4,113,2,119,18,24,131,2,175,164,0,164,339
10/12/2022,TVC,MI,AGL,CE,Towers with Radar,19,14,17,2,52,0,0,4,10,14,19,14,21,12,66,16,4,20,86
10/13/2022,TVC,MI,AGL,CE,Towers with Radar,21,13,18,0,52,0,0,29,8,37,21,13,47,8,89,74,16,90,179
10/14/2022,TVC,MI,AGL,CE,Towers with Radar,16,12,24,0,52,0,5,32,3,40,16,17,56,3,92,80,16,96,188
10/15/2022,TVC,MI,AGL,CE,Towers with Radar,17,14,17,0,48,0,9,24,2,35,17,23,41,2,83,26,0,26,109
10/16/2022,TVC,MI,AGL,CE,Towers with Radar,17,5,28,0,50,0,4,25,2,31,17,9,53,2,81,32,0,32,113
10/17/2022,TVC,MI,AGL,CE,Towers with Radar,18,9,21,0,48,0,0,3,5,8,18,9,24,5,56,0,0,0,56
10/18/2022,TVC,MI,AGL,CE,Towers with Radar,21,17,6,0,44,0,0,1,8,9,21,17,7,8,53,0,40,40,93
10/19/2022,TVC,MI,AGL,CE,Towers with Radar,16,10,25,0,51,0,1,6,8,15,16,11,31,8,66,0,24,24,90
10/20/2022,TVC,MI,AGL,CE,Towers with Radar,21,15,27,2,65,0,2,75,6,83,21,17,102,8,148,205,0,205,353
10/21/2022,TVC,MI,AGL,CE,Towers with Radar,18,15,24,0,57,0,3,108,5,116,18,18,132,5,173,54,0,54,227
10/22/2022,TVC,MI,AGL,CE,Towers with Radar,18,11,29,0,58,0,2,145,2,149,18,13,174,2,207,128,0,128,335
10/23/2022,TVC,MI,AGL,CE,Towers with Radar,22,11,28,0,61,0,3,64,4,71,22,14,92,4,132,72,0,72,204
10/24/2022,TVC,MI,AGL,CE,Towers with Radar,15,23,12,1,51,0,1,89,8,98,15,24,101,9,149,100,0,100,249
10/25/2022,TVC,MI,AGL,CE,Towers with Radar,15,13,45,4,77,0,0,66,1,67,15,13,111,5,144,136,0,136,280
10/26/2022,TVC,MI,AGL,CE,Towers with Radar,17,12,36,0,65,0,0,6,8,14,17,12,42,8,79,2,12,14,93
10/27/2022,TVC,MI,AGL,CE,Towers with Radar,20,13,47,0,80,0,2,162,7,171,20,15,209,7,251,230,2,232,483
10/28/2022,TVC,MI,AGL,CE,Towers with Radar,18,10,52,1,81,0,3,162,1,166,18,13,214,2,247,192,0,192,439
10/29/2022,TVC,MI,AGL,CE,Towers with Radar,17,7,33,0,57,0,1,111,0,112,17,8,144,0,169,161,0,161,330
10/30/2022,TVC,MI,AGL,CE,Towers with Radar,19,5,30,0,54,0,2,83,2,87,19,7,113,2,141,172,0,172,313
10/31/2022,TVC,MI,AGL,CE,Towers with Radar,17,8,20,0,45,0,5,99,7,111,17,13,119,7,156,158,0,158,314
11/01/2022,TVC,MI,AGL,CE,Towers with Radar,16,10,30,3,59,0,3,144,14,161,16,13,174,17,220,238,0,238,458
11/02/2022,TVC,MI,AGL,CE,Towers with Radar,15,11,42,0,68,0,6,166,0,172,15,17,208,0,240,202,0,202,442
11/03/2022,TVC,MI,AGL,CE,Towers with Radar,21,14,24,0,59,0,7,80,10,97,21,21,104,10,156,132,32,164,320
11/04/2022,TVC,MI,AGL,CE,Towers with Radar,15,11,25,0,51,0,1,38,4,43,15,12,63,4,94,92,0,92,186
11/05/2022,TVC,MI,AGL,CE,Towers with Radar,6,12,3,0,21,0,3,1,2,6,6,15,4,2,27,12,2,14,41
11/06/2022,TVC,MI,AGL,CE,Towers with Radar,15,10,21,0,46,0,2,13,3,18,15,12,34,3,64,4,0,4,68
11/07/2022,TVC,MI,AGL,CE,Towers with Radar,14,4,28,0,46,0,1,76,7,84,14,5,104,7,130,230,14,244,374
11/08/2022,TVC,MI,AGL,CE,Towers with Radar,15,15,35,0,65,0,0,105,8,113,15,15,140,8,178,199,0,199,377
11/09/2022,TVC,MI,AGL,CE,Towers with Radar,16,8,27,0,51,0,1,56,5,62,16,9,83,5,113,112,0,112,225
11/10/2022,TVC,MI,AGL,CE,Towers with Radar,15,12,18,2,47,0,3,54,4,61,15,15,72,6,108,68,18,86,194
11/11/2022,TVC,MI,AGL,CE,Towers with Radar,15,19,58,1,93,0,3,13,1,17,15,22,71,2,110,129,0,129,239
11/12/2022,TVC,MI,AGL,CE,Towers with Radar,17,9,5,0,31,0,0,0,4,4,17,9,5,4,35,0,0,0,35
11/13/2022,TVC,MI,AGL,CE,Towers with Radar,15,10,13,0,38,0,0,7,2,9,15,10,20,2,47,0,0,0,47
11/14/2022,TVC,MI,AGL,CE,Towers with Radar,15,13,43,0,71,0,1,97,3,101,15,14,140,3,172,232,0,232,404
11/15/2022,TVC,MI,AGL,CE,Towers with Radar,14,15,7,0,36,0,0,6,2,8,14,15,13,2,44,2,24,26,70
11/16/2022,TVC,MI,AGL,CE,Towers with Radar,16,8,3,0,27,0,1,2,10,13,16,9,5,10,40,20,54,74,114
11/17/2022,TVC,MI,AGL,CE,Towers with Radar,16,17,13,0,46,0,0,0,5,5,16,17,13,5,51,0,0,0,51
11/18/2022,TVC,MI,AGL,CE,Towers with Radar,13,19,22,0,54,0,0,2,2,4,13,19,24,2,58,28,26,54,112
11/19/2022,TVC,MI,AGL,CE,Towers with Radar,14,10,2,0,26,0,0,0,0,0,14,10,2,0,26,0,0,0,26
11/20/2022,TVC,MI,AGL,CE,Towers with Radar,18,4,9,1,32,0,5,7,2,14,18,9,16,3,46,6,4,10,56
11/21/2022,TVC,MI,AGL,CE,Towers with Radar,14,8,21,0,43,0,0,32,7,39,14,8,53,7,82,118,16,134,216
11/22/2022,TVC,MI,AGL,CE,Towers with Radar,19,21,24,5,69,0,2,98,6,106,19,23,122,11,175,260,28,288,463
11/23/2022,TVC,MI,AGL,CE,Towers with Radar,18,19,39,0,76,0,4,103,9,116,18,23,142,9,192,159,22,181,373
11/24/2022,TVC,MI,AGL,CE,Towers with Radar,9,2,3,0,14,0,3,9,0,12,9,5,12,0,26,8,0,8,34
11/25/2022,TVC,MI,AGL,CE,Towers with Radar,10,16,15,0,41,0,1,33,2,36,10,17,48,2,77,71,0,71,148
11/26/2022,TVC,MI,AGL,CE,Towers with Radar,17,14,20,0,51,0,1,11,3,15,17,15,31,3,66,0,0,0,66
11/27/2022,TVC,MI,AGL,CE,Towers with Radar,17,5,20,0,42,0,0,7,0,7,17,5,27,0,49,20,0,20,69
11/28/2022,TVC,MI,AGL,CE,Towers with Radar,14,11,45,0,70,0,3,109,5,117,14,14,154,5,187,194,10,204,391
11/29/2022,TVC,MI,AGL,CE,Towers with Radar,14,14,15,2,45,0,2,33,7,42,14,16,48,9,87,92,0,92,179
11/30/2022,TVC,MI,AGL,CE,Towers with Radar,15,12,11,0,38,0,0,0,2,2,15,12,11,2,40,0,40,40,80
12/01/2022,TVC,MI,AGL,CE,Towers with Radar,16,13,16,0,45,0,4,67,8,79,16,17,83,8,124,182,54,236,360
12/02/2022,TVC,MI,AGL,CE,Towers with Radar,17,8,34,0,59,0,1,54,3,58,17,9,88,3,117,119,2,121,238
12/03/2022,TVC,MI,AGL,CE,Towers with Radar,14,13,16,3,46,0,0,0,3,3,14,13,16,6,49,0,14,14,63
12/04/2022,TVC,MI,AGL,CE,Towers with Radar,16,5,11,0,32,0,0,34,2,36,16,5,45,2,68,42,0,42,110
12/05/2022,TVC,MI,AGL,CE,Towers with Radar,15,9,30,0,54,0,0,109,5,114,15,9,139,5,168,253,18,271,439
12/06/2022,TVC,MI,AGL,CE,Towers with Radar,15,13,16,5,49,0,0,32,1,33,15,13,48,6,82,122,10,132,214
12/07/2022,TVC,MI,AGL,CE,Towers with Radar,13,14,19,0,46,0,0,5,7,12,13,14,24,7,58,28,22,50,108
12/08/2022,TVC,MI,AGL,CE,Towers with Radar,15,5,23,0,43,0,1,66,6,73,15,6,89,6,116,416,0,416,532
12/09/2022,TVC,MI,AGL,CE,Towers with Radar,16,11,6,0,33,0,0,42,6,48,16,11,48,6,81,244,0,244,325
12/10/2022,TVC,MI,AGL,CE,Towers with Radar,15,7,17,0,39,0,3,20,5,28,15,10,37,5,67,75,0,75,142
12/11/2022,TVC,MI,AGL,CE,Towers with Radar,17,2,7,0,26,0,0,2,2,4,17,2,9,2,30,10,2,12,42
12/12/2022,TVC,MI,AGL,CE,Towers with Radar,15,3,17,0,35,0,5,39,8,52,15,8,56,8,87,290,6,296,383
12/13/2022,TVC,MI,AGL,CE,Towers with Radar,13,14,28,0,55,0,2,108,3,113,13,16,136,3,168,179,0,179,347
12/14/2022,TVC,MI,AGL,CE,Towers with Radar,13,14,15,0,42,0,5,20,0,25,13,19,35,0,67,40,0,40,107
12/15/2022,TVC,MI,AGL,CE,Towers with Radar,17,13,14,0,44,0,2,1,2,5,17,15,15,2,49,2,0,2,51
12/16/2022,TVC,MI,AGL,CE,Towers with Radar,18,14,5,0,37,0,0,1,2,3,18,14,6,2,40,0,0,0,40
12/17/2022,TVC,MI,AGL,CE,Towers with Radar,17,15,7,0,39,0,0,0,0,0,17,15,7,0,39,0,0,0,39
12/18/2022,TVC,MI,AGL,CE,Towers with Radar,14,7,3,0,24,0,0,4,2,6,14,7,7,2,30,26,0,26,56
12/19/2022,TVC,MI,AGL,CE,Towers with Radar,17,13,17,2,49,0,2,25,10,37,17,15,42,12,86,196,12,208,294
12/20/2022,TVC,MI,AGL,CE,Towers with Radar,16,17,20,0,53,0,0,24,3,27,16,17,44,3,80,69,8,77,157
12/21/2022,TVC,MI,AGL,CE,Towers with Radar,14,18,31,2,65,0,3,64,2,69,14,21,95,4,134,180,0,180,314
12/22/2022,TVC,MI,AGL,CE,Towers with Radar,12,15,13,0,40,0,0,22,2,24,12,15,35,2,64,58,0,58,122
12/23/2022,TVC,MI,AGL,CE,Towers with Radar,4,5,1,0,10,0,0,0,0,0,4,5,1,0,10,0,0,0,10
12/24/2022,TVC,MI,AGL,CE,Towers with Radar,4,4,4,0,12,0,0,0,0,0,4,4,4,0,12,0,0,0,12
12/25/2022,TVC,MI,AGL,CE,Towers with Radar,14,6,0,0,20,0,0,0,0,0,14,6,0,0,20,0,0,0,20
12/26/2022,TVC,MI,AGL,CE,Towers with Radar,17,17,6,0,40,0,1,1,4,6,17,18,7,4,46,0,12,12,58
12/27/2022,TVC,MI,AGL,CE,Towers with Radar,16,19,19,0,54,0,0,13,5,18,16,19,32,5,72,4,34,38,110
12/28/2022,TVC,MI,AGL,CE,Towers with Radar,15,19,12,0,46,0,2,22,5,29,15,21,34,5,75,40,12,52,127
12/29/2022,TVC,MI,AGL,CE,Towers with Radar,21,10,9,0,40,0,0,3,2,5,21,10,12,2,45,12,0,12,57
12/30/2022,TVC,MI,AGL,CE,Towers with Radar,15,12,9,0,36,0,0,0,6,6,15,12,9,6,42,0,18,18,60
12/31/2022,TVC,MI,AGL,CE,Towers with Radar,14,14,5,0,33,0,0,4,2,6,14,14,9,2,39,4,0,4,43
01/01/2023,TVC,MI,AGL,CE,Towers with Radar,16,16,0,1,33,0,0,0,1,1,16,16,0,2,34,0,0,0,34
01/02/2023,TVC,MI,AGL,CE,Towers with Radar,16,9,11,0,36,0,0,11,2,13,16,9,22,2,49,50,0,50,99
01/03/2023,TVC,MI,AGL,CE,Towers with Radar,20,8,9,0,37,0,0,7,0,7,20,8,16,0,44,22,0,22,66
01/04/2023,TVC,MI,AGL,CE,Towers with Radar,15,15,24,0,54,0,0,0,0,0,15,15,24,0,54,0,0,0,54
01/05/2023,TVC,MI,AGL,CE,Towers with Radar,16,13,5,0,34,0,0,0,0,0,16,13,5,0,34,0,0,0,34
01/06/2023,TVC,MI,AGL,CE,Towers with Radar,15,20,6,0,41,0,0,5,4,9,15,20,11,4,50,58,20,78,128
01/07/2023,TVC,MI,AGL,CE,Towers with Radar,14,8,7,0,29,0,1,17,1,19,14,9,24,1,48,56,0,56,104
01/08/2023,TVC,MI,AGL,CE,Towers with Radar,18,4,9,0,31,0,2,26,4,32,18,6,35,4,63,168,12,180,243
01/09/2023,TVC,MI,AGL,CE,Towers with Radar,16,6,7,3,32,0,0,1,1,2,16,6,8,4,34,0,0,0,34
01/10/2023,TVC,MI,AGL,CE,Towers with Radar,15,13,4,2,34,0,0,6,8,14,15,13,10,10,48,40,122,162,210
01/11/2023,TVC,MI,AGL,CE,Towers with Radar,13,12,7,0,32,0,0,0,5,5,13,12,7,5,37,0,12,12,49
01/12/2023,TVC,MI,AGL,CE,Towers with Radar,17,9,10,0,36,0,0,0,2,2,17,9,10,2,38,0,0,0,38
01/13/2023,TVC,MI,AGL,CE,Towers with Radar,16,7,12,0,35,0,0,2,0,2,16,7,14,0,37,0,0,0,37
01/14/2023,TVC,MI,AGL,CE,Towers with Radar,13,9,15,0,37,0,1,70,3,74,13,10,85,3,111,60,0,60,171
01/15/2023,TVC,MI,AGL,CE,Towers with Radar,16,3,20,0,39,0,2,54,2,58,16,5,74,2,97,44,0,44,141
01/16/2023,TVC,MI,AGL,CE,Towers with Radar,16,5,11,1,33,0,1,26,2,29,16,6,37,3,62,92,44,136,198
01/17/2023,TVC,MI,AGL,CE,Towers with Radar,16,7,6,0,29,0,0,0,0,0,16,7,6,0,29,0,0,0,29
01/18/2023,TVC,MI,AGL,CE,Towers with Radar,17,6,11,1,35,0,0,11,8,19,17,6,22,9,54,54,56,110,164
01/19/2023,TVC,MI,AGL,CE,Towers with Radar,15,9,4,0,28,0,0,0,0,0,15,9,4,0,28,0,0,0,28
01/20/2023,TVC,MI,AGL,CE,Towers with Radar,17,13,9,0,39,0,0,4,4,8,17,13,13,4,47,2,24,26,73
01/21/2023,TVC,MI,AGL,CE,Towers with Radar,16,6,3,0,25,0,0,2,0,2,16,6,5,0,27,26,0,26,53
01/22/2023,TVC,MI,AGL,CE,Towers with Radar,15,10,5,0,30,0,0,2,1,3,15,10,7,1,33,0,24,24,57
01/23/2023,TVC,MI,AGL,CE,Towers with Radar,19,10,6,1,36,0,0,6,11,17,19,10,12,12,53,74,62,136,189
01/24/2023,TVC,MI,AGL,CE,Towers with Radar,14,9,8,3,34,0,0,12,7,19,14,9,20,10,53,82,48,130,183
01/25/2023,TVC,MI,AGL,CE,Towers with Radar,7,8,18,3,36,0,1,53,2,56,7,9,71,5,92,118,18,136,228
01/26/2023,TVC,MI,AGL,CE,Towers with Radar,18,9,18,1,46,0,0,3,3,6,18,9,21,4,52,10,0,10,62
01/27/2023,TVC,MI,AGL,CE,Towers with Radar,13,18,10,0,41,0,0,1,0,1,13,18,11,0,42,0,0,0,42
01/28/2023,TVC,MI,AGL,CE,Towers with Radar,15,5,16,2,38,0,0,37,1,38,15,5,53,3,76,182,0,182,258
01/29/2023,TVC,MI,AGL,CE,Towers with Radar,19,5,10,1,35,0,0,7,3,10,19,5,17,4,45,4,0,4,49
01/30/2023,TVC,MI,AGL,CE,Towers with Radar,17,5,10,2,34,0,0,1,0,1,17,5,11,2,35,10,6,16,51
01/31/2023,TVC,MI,AGL,CE,Towers with Radar,13,14,20,2,49,0,1,37,6,44,13,15,57,8,93,146,2,148,241
02/01/2023,TVC,MI,AGL,CE,Towers with Radar,18,13,27,0,58,0,0,117,2,119,18,13,144,2,177,235,0,235,412
02/02/2023,TVC,MI,AGL,CE,Towers with Radar,18,7,21,1,47,0,0,16,1,17,18,7,37,2,64,16,4,20,84
02/03/2023,TVC,MI,AGL,CE,Towers with Radar,15,9,8,5,37,0,0,8,8,16,15,9,16,13,53,56,20,76,129
02/04/2023,TVC,MI,AGL,CE,Towers with Radar,15,8,13,0,36,0,2,11,2,15,15,10,24,2,51,44,0,44,95
02/05/2023,TVC,MI,AGL,CE,Towers with Radar,17,7,5,0,29,0,3,15,2,20,17,10,20,2,49,108,0,108,157
02/06/2023,TVC,MI,AGL,CE,Towers with Radar,15,5,34,0,54,0,0,76,6,82,15,5,110,6,136,120,18,138,274
02/07/2023,TVC,MI,AGL,CE,Towers with Radar,13,15,3,0,31,0,0,21,4,25,13,15,24,4,56,138,0,138,194
02/08/2023,TVC,MI,AGL,CE,Towers with Radar,12,11,44,2,69,0,2,150,3,155,12,13,194,5,224,226,4,230,454
02/09/2023,TVC,MI,AGL,CE,Towers with Radar,17,14,12,0,43,0,0,15,4,19,17,14,27,4,62,8,30,38,100
02/10/2023,TVC,MI,AGL,CE,Towers with Radar,18,24,13,0,55,0,3,9,4,16,18,27,22,4,71,14,0,14,85
02/11/2023,TVC,MI,AGL,CE,Towers with Radar,17,6,14,0,37,0,3,36,5,44,17,9,50,5,81,36,0,36,117
02/12/2023,TVC,MI,AGL,CE,Towers with Radar,20,4,26,2,52,0,1,101,1,103,20,5,127,3,155,158,0,158,313
02/13/2023,TVC,MI,AGL,CE,Towers with Radar,17,7,47,1,72,0,3,125,2,130,17,10,172,3,202,192,0,192,394
02/14/2023,TVC,MI,AGL,CE,Towers with Radar,15,16,32,1,64,0,3,117,4,124,15,19,149,5,188,193,0,193,381
02/15/2023,TVC,MI,AGL,CE,Towers with Radar,16,12,7,0,35,0,0,1,0,1,16,12,8,0,36,6,0,6,42
02/16/2023,TVC,MI,AGL,CE,Towers with Radar,15,9,9,0,33,0,0,7,2,9,15,9,16,2,42,44,0,44,86
02/17/2023,TVC,MI,AGL,CE,Towers with Radar,23,17,18,0,58,0,1,24,1,26,23,18,42,1,84,54,0,54,138
02/18/2023,TVC,MI,AGL,CE,Towers with Radar,17,18,20,0,55,0,0,36,1,37,17,18,56,1,92,65,0,65,157
02/19/2023,TVC,MI,AGL,CE,Towers with Radar,18,3,13,0,34,0,0,20,2,22,18,3,33,2,56,16,0,16,72
02/20/2023,TVC,MI,AGL,CE,Towers with Radar,18,9,23,1,51,0,1,137,2,140,18,10,160,3,191,352,4,356,547
02/21/2023,TVC,MI,AGL,CE,Towers with Radar,16,15,12,0,43,0,0,7,4,11,16,15,19,4,54,22,0,22,76
02/22/2023,TVC,MI,AGL,CE,Towers with Radar,7,9,7,0,23,0,0,0,0,0,7,9,7,0,23,0,0,0,23
02/23/2023,TVC,MI,AGL,CE,Towers with Radar,15,9,2,0,26,2,0,0,0,2,17,9,2,0,28,0,0,0,28
02/24/2023,TVC,MI,AGL,CE,Towers with Radar,18,23,8,0,49,0,0,14,0,14,18,23,22,0,63,42,0,42,105
02/25/2023,TVC,MI,AGL,CE,Towers with Radar,17,7,5,0,29,0,2,18,1,21,17,9,23,1,50,94,0,94,144
02/26/2023,TVC,MI,AGL,CE,Towers with Radar,20,9,39,0,68,0,0,80,5,85,20,9,119,5,153,122,0,122,275
02/27/2023,TVC,MI,AGL,CE,Towers with Radar,9,1,6,0,16,0,0,13,2,15,9,1,19,2,31,22,6,28,59
02/28/2023,TVC,MI,AGL,CE,Towers with Radar,21,15,22,0,58,0,2,69,3,74,21,17,91,3,132,144,4,148,280
03/01/2023,TVC,MI,AGL,CE,Towers with Radar,16,17,16,0,49,0,1,66,6,73,16,18,82,6,122,242,0,242,364
03/02/2023,TVC,MI,AGL,CE,Towers with Radar,18,10,9,3,40,0,2,4,3,9,18,12,13,6,49,11,0,11,60
03/03/2023,TVC,MI,AGL,CE,Towers with Radar,14,16,18,1,49,0,1,94,7,102,14,17,112,8,151,188,24,212,363
03/04/2023,TVC,MI,AGL,CE,Towers with Radar,12,15,20,0,47,0,3,75,2,80,12,18,95,2,127,187,0,187,314
03/05/2023,TVC,MI,AGL,CE,Towers with Radar,15,4,19,0,38,0,0,87,1,88,15,4,106,1,126,146,0,146,272
03/06/2023,TVC,MI,AGL,CE,Towers with Radar,17,7,6,0,30,0,0,0,3,3,17,7,6,3,33,10,32,42,75
03/07/2023,TVC,MI,AGL,CE,Towers with Radar,11,7,33,2,53,0,1,132,5,138,11,8,165,7,191,203,0,203,394
03/08/2023,TVC,MI,AGL,CE,Towers with Radar,11,12,30,0,53,0,2,112,1,115,11,14,142,1,168,264,0,264,432
03/09/2023,TVC,MI,AGL,CE,Towers with Radar,17,10,34,2,63,0,0,99,5,104,17,10,133,7,167,214,10,224,391
03/10/2023,TVC,MI,AGL,CE,Towers with Radar,16,14,12,0,42,0,0,1,2,3,16,14,13,2,45,4,0,4,49
03/11/2023,TVC,MI,AGL,CE,Towers with Radar,11,7,20,0,38,0,2,111,3,116,11,9,131,3,154,151,0,151,305
03/12/2023,TVC,MI,AGL,CE,Towers with Radar,17,6,6,0,29,0,0,2,2,4,17,6,8,2,33,16,2,18,51
03/13/2023,TVC,MI,AGL,CE,Towers with Radar,19,6,11,1,37,0,0,1,0,1,19,6,12,1,38,0,0,0,38
03/14/2023,TVC,MI,AGL,CE,Towers with Radar,11,11,30,0,52,0,2,97,6,105,11,13,127,6,157,230,24,254,411
03/15/2023,TVC,MI,AGL,CE,Towers with Radar,13,9,21,3,46,0,4,116,11,131,13,13,137,14,177,133,37,170,347
03/16/2023,TVC,MI,AGL,CE,Towers with Radar,17,7,34,0,58,0,6,79,4,89,17,13,113,4,147,186,18,204,351
03/17/2023,TVC,MI,AGL,CE,Towers with Radar,19,9,4,0,32,0,1,1,3,5,19,10,5,3,37,0,0,0,37
03/18/2023,TVC,MI,AGL,CE,Towers with Radar,14,6,3,0,23,0,0,0,0,0,14,6,3,0,23,0,0,0,23
03/19/2023,TVC,MI,AGL,CE,Towers with Radar,16,1,17,0,34,0,4,39,3,46,16,5,56,3,80,66,0,66,146
03/20/2023,TVC,MI,AGL,CE,Towers with Radar,17,9,32,0,58,0,3,109,7,119,17,12,141,7,177,138,30,168,345
03/21/2023,TVC,MI,AGL,CE,Towers with Radar,13,9,19,2,43,0,1,110,9,120,13,10,129,11,163,158,14,172,335
03/22/2023,TVC,MI,AGL,CE,Towers with Radar,13,10,4,0,27,0,0,8,6,14,13,10,12,6,41,28,58,86,127
03/23/2023,TVC,MI,AGL,CE,Towers with Radar,19,10,16,0,45,0,2,74,4,80,19,12,90,4,125,214,2,216,341
03/24/2023,TVC,MI,AGL,CE,Towers with Radar,17,11,23,0,51,0,5,129,4,138,17,16,152,4,189,249,0,249,438
03/25/2023,TVC,MI,AGL,CE,Towers with Radar,9,2,2,0,13,0,0,0,0,0,9,2,2,0,13,0,0,0,13
03/26/2023,TVC,MI,AGL,CE,Towers with Radar,17,7,19,0,43,0,0,46,2,48,17,7,65,2,91,74,0,74,165
03/27/2023,TVC,MI,AGL,CE,Towers with Radar,16,8,15,0,39,0,2,94,6,102,16,10,109,6,141,232,2,234,375
03/28/2023,TVC,MI,AGL,CE,Towers with Radar,14,9,31,1,55,0,4,117,5,126,14,13,148,6,181,288,16,304,485
03/29/2023,TVC,MI,AGL,CE,Towers with Radar,15,10,5,0,30,0,0,10,3,13,15,10,15,3,43,0,0,0,43
03/30/2023,TVC,MI,AGL,CE,Towers with Radar,19,8,27,0,54,0,0,95,11,106,19,8,122,11,160,174,10,184,344
03/31/2023,TVC,MI,AGL,CE,Towers with Radar,17,5,25,0,47,0,0,0,2,2,17,5,25,2,49,0,0,0,49
04/01/2023,TVC,MI,AGL,CE,Towers with Radar,18,5,4,0,27,0,1,2,0,3,18,6,6,0,30,16,0,16,46
04/02/2023,TVC,MI,AGL,CE,Towers with Radar,17,2,20,0,39,0,1,34,3,38,17,3,54,3,77,32,0,32,109
04/03/2023,TVC,MI,AGL,CE,Towers with Radar,14,12,15,0,41,0,2,88,6,96,14,14,103,6,137,213,26,239,376
04/04/2023,TVC,MI,AGL,CE,Towers with Radar,12,10,16,0,38,0,3,83,2,88,12,13,99,2,126,176,0,176,302
04/05/2023,TVC,MI,AGL,CE,Towers with Radar,16,9,4,1,30,0,0,2,4,6,16,9,6,5,36,2,0,2,38
04/06/2023,TVC,MI,AGL,CE,Towers with Radar,18,19,13,2,52,0,3,0,6,9,18,22,13,8,61,0,2,2,63
04/07/2023,TVC,MI,AGL,CE,Towers with Radar,17,11,31,0,59,0,1,141,2,144,17,12,172,2,203,278,0,278,481
04/08/2023,TVC,MI,AGL,CE,Towers with Radar,14,7,19,0,40,0,0,6,4,10,14,7,25,4,50,0,2,2,52
04/09/2023,TVC,MI,AGL,CE,Towers with Radar,14,2,5,0,21,0,4,35,4,43,14,6,40,4,64,32,10,42,106
04/10/2023,TVC,MI,AGL,CE,Towers with Radar,16,10,21,0,47,0,5,25,9,39,16,15,46,9,86,7,0,7,93
04/11/2023,TVC,MI,AGL,CE,Towers with Radar,14,14,25,0,53,0,7,47,6,60,14,21,72,6,113,99,30,129,242
04/12/2023,TVC,MI,AGL,CE,Towers with Radar,9,7,8,1,25,0,0,32,4,36,9,7,40,5,61,39,36,75,136
04/13/2023,TVC,MI,AGL,CE,Towers with Radar,18,12,28,1,59,0,2,112,3,117,18,14,140,4,176,190,12,202,378
04/14/2023,TVC,MI,AGL,CE,Towers with Radar,19,8,47,1,75,0,0,153,2,155,19,8,200,3,230,214,0,214,444
04/15/2023,TVC,MI,AGL,CE,Towers with Radar,14,7,34,0,55,0,1,74,1,76,14,8,108,1,131,164,0,164,295
04/16/2023,TVC,MI,AGL,CE,Towers with Radar,19,2,13,0,34,0,0,11,1,12,19,2,24,1,46,14,0,14,60
04/17/2023,TVC,MI,AGL,CE,Towers with Radar,19,7,10,0,36,0,1,0,2,3,19,8,10,2,39,0,10,10,49
04/18/2023,TVC,MI,AGL,CE,Towers with Radar,15,12,19,0,46,0,3,35,5,43,15,15,54,5,89,78,10,88,177
04/19/2023,TVC,MI,AGL,CE,Towers with Radar,13,10,19,0,42,0,3,81,1,85,13,13,100,1,127,174,0,174,301
04/20/2023,TVC,MI,AGL,CE,Towers with Radar,19,15,6,1,41,0,2,2,4,8,19,17,8,5,49,0,0,0,49
04/21/2023,TVC,MI,AGL,CE,Towers with Radar,19,20,42,0,81,0,4,81,8,93,19,24,123,8,174,170,27,197,371
04/22/2023,TVC,MI,AGL,CE,Towers with Radar,14,7,21,0,42,0,0,39,3,42,14,7,60,3,84,78,2,80,164
04/23/2023,TVC,MI,AGL,CE,Towers with Radar,18,5,12,0,35,0,2,14,3,19,18,7,26,3,54,20,0,20,74
04/24/2023,TVC,MI,AGL,CE,Towers with Radar,18,12,43,0,73,0,0,96,2,98,18,12,139,2,171,196,4,200,371
04/25/2023,TVC,MI,AGL,CE,Towers with Radar,15,13,17,1,46,0,0,52,4,56,15,13,69,5,102,218,18,236,338
04/26/2023,TVC,MI,AGL,CE,Towers with Radar,14,14,22,0,50,0,3,83,4,90,14,17,105,4,140,268,2,270,410
04/27/2023,TVC,MI,AGL,CE,Towers with Radar,17,15,44,0,76,0,1,117,8,126,17,16,161,8,202,218,10,228,430
04/28/2023,TVC,MI,AGL,CE,Towers with Radar,18,8,41,4,71,0,1,120,4,125,18,9,161,8,196,233,4,237,433
04/29/2023,TVC,MI,AGL,CE,Towers with Radar,12,11,28,0,51,0,0,8,4,12,12,11,36,4,63,40,0,40,103
04/30/2023,TVC,MI,AGL,CE,Towers with Radar,17,1,2,0,20,0,2,7,1,10,17,3,9,1,30,50,12,62,92
05/01/2023,TVC,MI,AGL,CE,Towers with Radar,18,6,5,0,29,0,0,0,0,0,18,6,5,0,29,0,0,0,29
05/02/2023,TVC,MI,AGL,CE,Towers with Radar,14,14,15,0,43,0,0,0,1,1,14,14,15,1,44,0,0,0,44
05/03/2023,TVC,MI,AGL,CE,Towers with Radar,14,14,34,0,62,0,2,26,6,34,14,16,60,6,96,112,4,116,212
05/04/2023,TVC,MI,AGL,CE,Towers with Radar,16,10,37,3,66,0,1,151,14,166,16,11,188,17,232,310,18,328,560
05/05/2023,TVC,MI,AGL,CE,Towers with Radar,21,16,15,0,52,0,1,38,1,40,21,17,53,1,92,76,0,76,168
05/06/2023,TVC,MI,AGL,CE,Towers with Radar,14,14,10,0,38,0,3,43,2,48,14,17,53,2,86,50,0,50,136
05/07/2023,TVC,MI,AGL,CE,Towers with Radar,20,8,29,2,59,0,0,2,0,2,20,8,31,2,61,0,0,0,61
05/08/2023,TVC,MI,AGL,CE,Towers with Radar,20,7,37,4,68,0,1,91,3,95,20,8,128,7,163,130,0,130,293
05/09/2023,TVC,MI,AGL,CE,Towers with Radar,14,16,28,0,58,0,4,128,7,139,14,20,156,7,197,168,54,222,419
05/10/2023,TVC,MI,AGL,CE,Towers with Radar,14,20,41,0,75,0,11,129,0,140,14,31,170,0,215,152,0,152,367
05/11/2023,TVC,MI,AGL,CE,Towers with Radar,16,9,41,0,66,0,2,140,4,146,16,11,181,4,212,182,0,182,394
05/12/2023,TVC,MI,AGL,CE,Towers with Radar,19,16,26,0,61,0,3,118,6,127,19,19,144,6,188,202,14,216,404
05/13/2023,TVC,MI,AGL,CE,Towers with Radar,14,14,21,0,49,0,1,109,2,112,14,15,130,2,161,42,0,42,203
05/14/2023,TVC,MI,AGL,CE,Towers with Radar,13,6,11,0,30,0,2,22,2,26,13,8,33,2,56,22,0,22,78
05/15/2023,TVC,MI,AGL,CE,Towers with Radar,19,14,47,0,80,0,3,114,3,120,19,17,161,3,200,194,0,194,394
05/16/2023,TVC,MI,AGL,CE,Towers with Radar,14,14,41,0,69,0,8,103,6,117,14,22,144,6,186,196,0,196,382
05/17/2023,TVC,MI,AGL,CE,Towers with Radar,13,15,47,0,75,0,8,131,5,144,13,23,178,5,219,242,14,256,475
05/18/2023,TVC,MI,AGL,CE,Towers with Radar,19,9,40,0,68,0,1,125,2,128,19,10,165,2,196,232,0,232,428
05/19/2023,TVC,MI,AGL,CE,Towers with Radar,19,19,23,1,62,0,4,26,2,32,19,23,49,3,94,52,0,52,146
05/20/2023,TVC,MI,AGL,CE,Towers with Radar,16,8,26,0,50,0,0,36,4,40,16,8,62,4,90,22,2,24,114
05/21/2023,TVC,MI,AGL,CE,Towers with Radar,18,4,23,1,46,0,2,76,1,79,18,6,99,2,125,106,20,126,251
05/22/2023,TVC,MI,AGL,CE,Towers with Radar,16,7,47,0,70,0,4,110,3,117,16,11,157,3,187,242,0,242,429
05/23/2023,TVC,MI,AGL,CE,Towers with Radar,15,14,30,0,59,0,0,132,3,135,15,14,162,3,194,229,0,229,423
05/24/2023,TVC,MI,AGL,CE,Towers with Radar,13,14,49,1,77,0,4,102,13,119,13,18,151,14,196,170,2,172,368
05/25/2023,TVC,MI,AGL,CE,Towers with Radar,19,17,42,0,78,0,2,170,2,174,19,19,212,2,252,263,0,263,515
05/26/2023,TVC,MI,AGL,CE,Towers with Radar,18,28,57,1,104,0,6,183,2,191,18,34,240,3,295,197,2,199,494
05/27/2023,TVC,MI,AGL,CE,Towers with Radar,19,19,27,0,65,0,2,78,1,81,19,21,105,1,146,44,0,44,190
05/28/2023,TVC,MI,AGL,CE,Towers with Radar,20,12,17,0,49,0,4,82,2,88,20,16,99,2,137,76,0,76,213
05/29/2023,TVC,MI,AGL,CE,Towers with Radar,14,12,22,0,48,0,3,84,2,89,14,15,106,2,137,132,0,132,269
05/30/2023,TVC,MI,AGL,CE,Towers with Radar,18,11,29,0,58,0,8,134,3,145,18,19,163,3,203,237,0,237,440
05/31/2023,TVC,MI,AGL,CE,Towers with Radar,16,19,26,1,62,0,3,87,5,95,16,22,113,6,157,134,0,134,291
06/01/2023,TVC,MI,AGL,CE,Towers with Radar,20,16,30,1,67,0,4,151,7,162,20,20,181,8,229,240,0,240,469
06/02/2023,TVC,MI,AGL,CE,Towers with Radar,24,22,46,0,92,0,5,133,4,142,24,27,179,4,234,190,0,190,424
06/03/2023,TVC,MI,AGL,CE,Towers with Radar,31,20,26,0,77,0,8,66,4,78,31,28,92,4,155,64,0,64,219
06/04/2023,TVC,MI,AGL,CE,Towers with Radar,32,14,31,2,79,0,1,79,2,82,32,15,110,4,161,96,0,96,257
06/05/2023,TVC,MI,AGL,CE,Towers with Radar,30,14,30,0,74,0,1,119,4,124,30,15,149,4,198,202,0,202,400
06/06/2023,TVC,MI,AGL,CE,Towers with Radar,33,14,27,0,74,0,3,139,9,151,33,17,166,9,225,189,0,189,414
06/07/2023,TVC,MI,AGL,CE,Towers with Radar,31,29,37,0,97,0,0,125,3,128,31,29,162,3,225,190,0,190,415
06/08/2023,TVC,MI,AGL,CE,Towers with Radar,33,20,40,2,95,0,4,132,3,139,33,24,172,5,234,194,0,194,428
06/09/2023,TVC,MI,AGL,CE,Towers with Radar,33,14,42,0,89,0,5,141,7,153,33,19,183,7,242,204,0,204,446
06/10/2023,TVC,MI,AGL,CE,Towers with Radar,38,13,36,0,87,0,0,50,5,55,38,13,86,5,142,26,0,26,168
06/11/2023,TVC,MI,AGL,CE,Towers with Radar,37,19,27,1,84,0,0,11,0,11,37,19,38,1,95,16,0,16,111
06/12/2023,TVC,MI,AGL,CE,Towers with Radar,34,24,41,0,99,0,5,75,4,84,34,29,116,4,183,140,0,140,323
06/13/2023,TVC,MI,AGL,CE,Towers with Radar,32,23,52,0,107,0,2,13,10,25,32,25,65,10,132,59,0,59,191
06/14/2023,TVC,MI,AGL,CE,Towers with Radar,32,19,63,4,118,0,2,84,3,89,32,21,147,7,207,145,0,145,352
06/15/2023,TVC,MI,AGL,CE,Towers with Radar,37,22,36,2,97,0,0,0,0,0,37,22,36,2,97,0,0,0,97
06/16/2023,TVC,MI,AGL,CE,Towers with Radar,35,27,53,0,115,0,9,82,4,95,35,36,135,4,210,206,0,206,416
06/17/2023,TVC,MI,AGL,CE,Towers with Radar,42,16,30,0,88,0,2,107,4,113,42,18,137,4,201,104,0,104,305
06/18/2023,TVC,MI,AGL,CE,Towers with Radar,37,18,15,0,70,0,4,75,2,81,37,22,90,2,151,8,0,8,159
06/19/2023,TVC,MI,AGL,CE,Towers with Radar,33,12,38,1,84,0,2,133,2,137,33,14,171,3,221,240,0,240,461
06/20/2023,TVC,MI,AGL,CE,Towers with Radar,32,18,41,2,93,0,1,125,2,128,32,19,166,4,221,142,8,150,371
06/21/2023,TVC,MI,AGL,CE,Towers with Radar,31,29,40,2,102,0,1,177,4,182,31,30,217,6,284,225,0,225,509
06/22/2023,TVC,MI,AGL,CE,Towers with Radar,36,28,49,1,114,0,8,107,1,116,36,36,156,2,230,104,0,104,334
06/23/2023,TVC,MI,AGL,CE,Towers with Radar,35,34,57,0,126,0,1,107,4,112,35,35,164,4,238,144,0,144,382
06/24/2023,TVC,MI,AGL,CE,Towers with Radar,49,32,23,0,104,1,5,81,0,87,50,37,104,0,191,32,0,32,223
06/25/2023,TVC,MI,AGL,CE,Towers with Radar,36,33,36,0,105,0,0,22,2,24,36,33,58,2,129,26,0,26,155
06/26/2023,TVC,MI,AGL,CE,Towers with Radar,31,17,44,6,98,0,0,5,2,7,31,17,49,8,105,0,0,0,105
06/27/2023,TVC,MI,AGL,CE,Towers with Radar,29,30,60,5,124,0,0,0,0,0,29,30,60,5,124,0,0,0,124
06/28/2023,TVC,MI,AGL,CE,Towers with Radar,32,23,56,0,111,0,2,167,6,175,32,25,223,6,286,164,0,164,450
06/29/2023,TVC,MI,AGL,CE,Towers with Radar,36,32,37,10,115,0,0,5,1,6,36,32,42,11,121,4,0,4,125
06/30/2023,TVC,MI,AGL,CE,Towers with Radar,33,30,55,0,118,0,9,66,9,84,33,39,121,9,202,110,0,110,312
07/01/2023,TVC,MI,AGL,CE,Towers with Radar,46,26,33,0,105,0,5,52,19,76,46,31,85,19,181,42,2,44,225
07/02/2023,TVC,MI,AGL,CE,Towers with Radar,40,10,28,0,78,0,16,36,10,62,40,26,64,10,140,12,0,12,152
07/03/2023,TVC,MI,AGL,CE,Towers with Radar,35,17,40,3,95,0,9,142,2,153,35,26,182,5,248,104,0,104,352
07/04/2023,TVC,MI,AGL,CE,Towers with Radar,31,11,11,0,53,0,1,70,1,72,31,12,81,1,125,18,0,18,143
07/05/2023,TVC,MI,AGL,CE,Towers with Radar,38,20,34,1,93,0,0,105,2,107,38,20,139,3,200,84,0,84,284
07/06/2023,TVC,MI,AGL,CE,Towers with Radar,46,17,48,4,115,0,4,87,4,95,46,21,135,8,210,108,14,122,332
07/07/2023,TVC,MI,AGL,CE,Towers with Radar,40,36,39,0,115,0,5,163,2,170,40,41,202,2,285,136,0,136,421
07/08/2023,TVC,MI,AGL,CE,Towers with Radar,51,26,46,0,123,0,0,103,7,110,51,26,149,7,233,178,0,178,411
07/09/2023,TVC,MI,AGL,CE,Towers with Radar,42,41,54,0,137,0,2,95,3,100,42,43,149,3,237,46,0,46,283
07/10/2023,TVC,MI,AGL,CE,Towers with Radar,39,14,34,0,87,0,4,59,8,71,39,18,93,8,158,47,12,59,217
07/11/2023,TVC,MI,AGL,CE,Towers with Radar,30,16,37,0,83,0,0,128,10,138,30,16,165,10,221,176,26,202,423
07/12/2023,TVC,MI,AGL,CE,Towers with Radar,33,23,48,0,104,0,3,140,6,149,33,26,188,6,253,180,0,180,433
07/13/2023,TVC,MI,AGL,CE,Towers with Radar,39,29,64,0,132,0,0,155,8,163,39,29,219,8,295,274,16,290,585
07/14/2023,TVC,MI,AGL,CE,Towers with Radar,32,26,53,1,112,0,7,77,4,88,32,33,130,5,200,77,0,77,277
07/15/2023,TVC,MI,AGL,CE,Towers with Radar,49,20,26,0,95,0,27,69,0,96,49,47,95,0,191,120,0,120,311
07/16/2023,TVC,MI,AGL,CE,Towers with Radar,39,32,57,0,128,0,5,52,4,61,39,37,109,4,189,62,0,62,251
07/17/2023,TVC,MI,AGL,CE,Towers with Radar,36,34,44,0,114,0,2,107,2,111,36,36,151,2,225,140,0,140,365
07/18/2023,TVC,MI,AGL,CE,Towers with Radar,36,20,33,1,90,0,2,135,5,142,36,22,168,6,232,191,8,199,431
07/19/2023,TVC,MI,AGL,CE,Towers with Radar,37,16,36,1,90,0,2,139,5,146,37,18,175,6,236,183,4,187,423
07/20/2023,TVC,MI,AGL,CE,Towers with Radar,40,29,43,1,113,1,3,43,0,47,41,32,86,1,160,138,0,138,298
07/21/2023,TVC,MI,AGL,CE,Towers with Radar,38,30,51,0,119,0,5,154,3,162,38,35,205,3,281,140,0,140,421
07/22/2023,TVC,MI,AGL,CE,Towers with Radar,51,26,25,1,103,0,21,119,2,142,51,47,144,3,245,62,0,62,307
07/23/2023,TVC,MI,AGL,CE,Towers with Radar,43,33,43,1,120,0,8,54,2,64,43,41,97,3,184,58,0,58,242
07/24/2023,TVC,MI,AGL,CE,Towers with Radar,39,26,54,9,128,0,3,117,4,124,39,29,171,13,252,156,2,158,410
07/25/2023,TVC,MI,AGL,CE,Towers with Radar,35,30,41,0,106,0,5,122,9,136,35,35,163,9,242,231,0,231,473
07/26/2023,TVC,MI,AGL,CE,Towers with Radar,35,25,41,3,104,0,3,23,3,29,35,28,64,6,133,108,0,108,241
07/27/2023,TVC,MI,AGL,CE,Towers with Radar,38,39,64,1,142,0,5,60,4,69,38,44,124,5,211,86,0,86,297
07/28/2023,TVC,MI,AGL,CE,Towers with Radar,41,27,51,5,124,0,2,110,9,121,41,29,161,14,245,164,0,164,409
07/29/2023,TVC,MI,AGL,CE,Towers with Radar,50,41,26,6,123,0,2,78,3,83,50,43,104,9,206,78,3,81,287
07/30/2023,TVC,MI,AGL,CE,Towers with Radar,44,28,46,3,121,0,6,100,11,117,44,34,146,14,238,54,10,64,302
07/31/2023,TVC,MI,AGL,CE,Towers with Radar,40,22,36,3,101,0,2,132,1,135,40,24,168,4,236,110,0,110,346
08/01/2023,TVC,MI,AGL,CE,Towers with Radar,37,34,50,4,125,0,2,127,7,136,37,36,177,11,261,241,0,241,502
08/02/2023,TVC,MI,AGL,CE,Towers with Radar,37,30,23,5,95,0,1,50,3,54,37,31,73,8,149,60,0,60,209
08/03/2023,TVC,MI,AGL,CE,Towers with Radar,39,18,39,7,103,0,3,126,0,129,39,21,165,7,232,163,0,163,395
08/04/2023,TVC,MI,AGL,CE,Towers with Radar,39,39,60,4,142,0,3,101,7,111,39,42,161,11,253,158,0,158,411
08/05/2023,TVC,MI,AGL,CE,Towers with Radar,53,34,34,1,122,0,3,106,1,110,53,37,140,2,232,40,0,40,272
08/06/2023,TVC,MI,AGL,CE,Towers with Radar,44,39,52,4,139,0,6,51,4,61,44,45,103,8,200,12,0,12,212
08/07/2023,TVC,MI,AGL,CE,Towers with Radar,41,44,45,1,131,0,12,82,7,101,41,56,127,8,232,94,36,130,362
08/08/2023,TVC,MI,AGL,CE,Towers with Radar,35,23,33,1,92,0,5,132,10,147,35,28,165,11,239,174,6,180,419
08/09/2023,TVC,MI,AGL,CE,Towers with Radar,37,22,41,3,103,0,3,129,2,134,37,25,170,5,237,94,0,94,331
08/10/2023,TVC,MI,AGL,CE,Towers with Radar,38,24,41,3,106,0,0,85,8,93,38,24,126,11,199,110,8,118,317
08/11/2023,TVC,MI,AGL,CE,Towers with Radar,38,34,40,0,112,0,2,47,4,53,38,36,87,4,165,82,0,82,247
08/12/2023,TVC,MI,AGL,CE,Towers with Radar,51,32,16,0,99,0,4,56,6,66,51,36,72,6,165,16,6,22,187
08/13/2023,TVC,MI,AGL,CE,Towers with Radar,45,53,67,0,165,0,10,36,4,50,45,63,103,4,215,52,18,70,285
08/14/2023,TVC,MI,AGL,CE,Towers with Radar,35,22,32,3,92,0,10,72,8,90,35,32,104,11,182,172,20,192,374
08/15/2023,TVC,MI,AGL,CE,Towers with Radar,36,21,47,0,104,0,2,135,9,146,36,23,182,9,250,166,4,170,420
08/16/2023,TVC,MI,AGL,CE,Towers with Radar,39,24,35,2,100,0,3,82,5,90,39,27,117,7,190,128,0,128,318
08/17/2023,TVC,MI,AGL,CE,Towers with Radar,37,22,20,0,79,0,6,12,7,25,37,28,32,7,104,0,0,0,104
08/18/2023,TVC,MI,AGL,CE,Towers with Radar,48,36,30,0,114,0,10,85,3,98,48,46,115,3,212,120,0,120,332
08/19/2023,TVC,MI,AGL,CE,Towers with Radar,48,23,38,0,109,0,6,80,10,96,48,29,118,10,205,46,0,46,251
08/20/2023,TVC,MI,AGL,CE,Towers with Radar,40,27,34,0,101,0,3,50,0,53,40,30,84,0,154,46,8,54,208
08/21/2023,TVC,MI,AGL,CE,Towers with Radar,43,17,58,0,118,0,7,140,3,150,43,24,198,3,268,146,0,146,414
08/22/2023,TVC,MI,AGL,CE,Towers with Radar,38,30,38,0,106,0,0,27,7,34,38,30,65,7,140,66,0,66,206
08/23/2023,TVC,MI,AGL,CE,Towers with Radar,40,23,43,0,106,0,1,3,0,4,40,24,46,0,110,0,0,0,110
08/24/2023,TVC,MI,AGL,CE,Towers with Radar,36,17,41,0,94,0,0,0,0,0,36,17,41,0,94,0,0,0,94
08/25/2023,TVC,MI,AGL,CE,Towers with Radar,38,33,58,0,129,0,1,37,2,40,38,34,95,2,169,101,12,113,282
08/26/2023,TVC,MI,AGL,CE,Towers with Radar,48,16,25,0,89,0,0,67,4,71,48,16,92,4,160,40,0,40,200
08/27/2023,TVC,MI,AGL,CE,Towers with Radar,43,22,36,1,102,0,2,80,4,86,43,24,116,5,188,80,0,80,268
08/28/2023,TVC,MI,AGL,CE,Towers with Radar,39,10,39,0,88,0,5,170,2,177,39,15,209,2,265,198,6,204,469
08/29/2023,TVC,MI,AGL,CE,Towers with Radar,37,13,31,0,81,0,2,9,6,17,37,15,40,6,98,16,20,36,134
08/30/2023,TVC,MI,AGL,CE,Towers with Radar,39,15,47,1,102,0,3,149,6,158,39,18,196,7,260,198,18,216,476
08/31/2023,TVC,MI,AGL,CE,Towers with Radar,38,28,33,0,99,0,1,178,3,182,38,29,211,3,281,224,0,224,505
01/01/2020,TVC,MI,AGL,CE,Towers with Radar,16,5,3,6,30,0,3,11,3,17,16,8,14,9,47,0,8,8,55
01/02/2020,TVC,MI,AGL,CE,Towers with Radar,22,13,2,3,40,0,3,16,3,22,22,16,18,6,62,8,18,26,88
01/03/2020,TVC,MI,AGL,CE,Towers with Radar,18,13,5,0,36,0,2,12,6,20,18,15,17,6,56,52,0,52,108
01/04/2020,TVC,MI,AGL,CE,Towers with Radar,21,14,3,0,38,0,0,2,0,2,21,14,5,0,40,0,0,0,40
01/05/2020,TVC,MI,AGL,CE,Towers with Radar,10,6,2,1,19,0,0,2,1,3,10,6,4,2,22,0,0,0,22
01/06/2020,TVC,MI,AGL,CE,Towers with Radar,20,8,8,11,47,0,2,29,10,41,20,10,37,21,88,34,72,106,194
01/07/2020,TVC,MI,AGL,CE,Towers with Radar,14,10,10,12,46,0,0,10,8,18,14,10,20,20,64,10,84,94,158
01/08/2020,TVC,MI,AGL,CE,Towers with Radar,21,11,5,6,43,0,0,10,19,29,21,11,15,25,72,24,44,68,140
01/09/2020,TVC,MI,AGL,CE,Towers with Radar,18,9,5,7,39,0,2,6,8,16,18,11,11,15,55,0,62,62,117
01/10/2020,TVC,MI,AGL,CE,Towers with Radar,18,19,13,0,50,0,0,4,6,10,18,19,17,6,60,0,82,82,142
01/11/2020,TVC,MI,AGL,CE,Towers with Radar,14,7,3,0,24,0,0,2,3,5,14,7,5,3,29,0,0,0,29
01/12/2020,TVC,MI,AGL,CE,Towers with Radar,22,7,2,0,31,0,4,6,3,13,22,11,8,3,44,14,0,14,58
01/13/2020,TVC,MI,AGL,CE,Towers with Radar,20,9,7,7,43,0,0,10,6,16,20,9,17,13,59,0,26,26,85
01/14/2020,TVC,MI,AGL,CE,Towers with Radar,14,16,2,4,36,0,0,0,7,7,14,16,2,11,43,0,56,56,99
01/15/2020,TVC,MI,AGL,CE,Towers with Radar,17,13,9,1,40,0,1,16,8,25,17,14,25,9,65,94,22,116,181
01/16/2020,TVC,MI,AGL,CE,Towers with Radar,21,16,7,5,49,0,0,0,2,2,21,16,7,7,51,1,12,13,64
01/17/2020,TVC,MI,AGL,CE,Towers with Radar,18,17,10,0,45,0,2,82,3,87,18,19,92,3,132,192,20,212,344
01/18/2020,TVC,MI,AGL,CE,Towers with Radar,15,4,0,0,19,0,0,0,0,0,15,4,0,0,19,0,0,0,19
01/19/2020,TVC,MI,AGL,CE,Towers with Radar,16,8,0,0,24,0,0,0,2,2,16,8,0,2,26,0,0,0,26
01/20/2020,TVC,MI,AGL,CE,Towers with Radar,18,15,24,1,58,0,2,52,1,55,18,17,76,2,113,234,12,246,359
01/21/2020,TVC,MI,AGL,CE,Towers with Radar,14,19,17,13,63,0,2,69,12,83,14,21,86,25,146,107,38,145,291
01/22/2020,TVC,MI,AGL,CE,Towers with Radar,18,11,8,1,38,0,3,25,10,38,18,14,33,11,76,106,20,126,202
01/23/2020,TVC,MI,AGL,CE,Towers with Radar,18,12,15,1,46,0,0,0,0,0,18,12,15,1,46,0,0,0,46
01/24/2020,TVC,MI,AGL,CE,Towers with Radar,19,14,7,2,42,0,0,6,5,11,19,14,13,7,53,22,16,38,91
01/25/2020,TVC,MI,AGL,CE,Towers with Radar,18,34,0,0,52,0,0,0,0,0,18,34,0,0,52,0,0,0,52
01/26/2020,TVC,MI,AGL,CE,Towers with Radar,18,10,1,0,29,0,0,0,2,2,18,10,1,2,31,0,6,6,37
01/27/2020,TVC,MI,AGL,CE,Towers with Radar,20,8,5,1,34,0,0,4,11,15,20,8,9,12,49,14,34,48,97
01/28/2020,TVC,MI,AGL,CE,Towers with Radar,15,18,4,2,39,0,0,15,10,25,15,18,19,12,64,74,36,110,174
01/29/2020,TVC,MI,AGL,CE,Towers with Radar,17,12,14,1,44,0,1,47,4,52,17,13,61,5,96,138,0,138,234
01/30/2020,TVC,MI,AGL,CE,Towers with Radar,18,14,6,0,38,0,0,34,3,37,18,14,40,3,75,106,0,106,181
01/31/2020,TVC,MI,AGL,CE,Towers with Radar,18,22,4,0,44,0,0,0,4,4,18,22,4,4,48,0,4,4,52
02/01/2020,TVC,MI,AGL,CE,Towers with Radar,14,18,3,1,36,0,0,2,2,4,14,18,5,3,40,24,18,42,82
02/02/2020,TVC,MI,AGL,CE,Towers with Radar,20,5,10,0,35,0,1,19,3,23,20,6,29,3,58,46,24,70,128
02/03/2020,TVC,MI,AGL,CE,Towers with Radar,16,10,27,11,64,0,5,121,5,131,16,15,148,16,195,196,8,204,399
02/04/2020,TVC,MI,AGL,CE,Towers with Radar,14,12,18,3,47,0,2,59,8,69,14,14,77,11,116,180,10,190,306
02/05/2020,TVC,MI,AGL,CE,Towers with Radar,18,9,29,4,60,0,4,100,12,116,18,13,129,16,176,190,14,204,380
02/06/2020,TVC,MI,AGL,CE,Towers with Radar,14,19,17,6,56,0,2,56,8,66,14,21,73,14,122,144,36,180,302
02/07/2020,TVC,MI,AGL,CE,Towers with Radar,18,11,23,0,52,0,2,25,5,32,18,13,48,5,84,48,32,80,164
02/08/2020,TVC,MI,AGL,CE,Towers with Radar,19,11,21,7,58,0,5,73,3,81,19,16,94,10,139,142,0,142,281
02/09/2020,TVC,MI,AGL,CE,Towers with Radar,10,8,8,0,26,0,2,11,2,15,10,10,19,2,41,34,4,38,79
02/10/2020,TVC,MI,AGL,CE,Towers with Radar,18,5,19,4,46,0,2,51,11,64,18,7,70,15,110,130,10,140,250
02/11/2020,TVC,MI,AGL,CE,Towers with Radar,15,12,14,1,42,0,5,24,9,38,15,17,38,10,80,226,32,258,338
02/12/2020,TVC,MI,AGL,CE,Towers with Radar,17,23,23,3,66,0,2,61,4,67,17,25,84,7,133,106,16,122,255
02/13/2020,TVC,MI,AGL,CE,Towers with Radar,18,22,1,0,41,0,0,0,6,6,18,22,1,6,47,0,32,32,79
02/14/2020,TVC,MI,AGL,CE,Towers with Radar,20,14,21,3,58,0,4,57,4,65,20,18,78,7,123,104,10,114,237
02/15/2020,TVC,MI,AGL,CE,Towers with Radar,17,16,7,1,41,0,0,5,2,7,17,16,12,3,48,0,0,0,48
02/16/2020,TVC,MI,AGL,CE,Towers with Radar,18,10,9,1,38,0,3,42,8,53,18,13,51,9,91,38,0,38,129
02/17/2020,TVC,MI,AGL,CE,Towers with Radar,20,7,33,1,61,0,0,62,5,67,20,7,95,6,128,110,16,126,254
02/18/2020,TVC,MI,AGL,CE,Towers with Radar,18,17,1,8,44,0,0,5,1,6,18,17,6,9,50,10,18,28,78
02/19/2020,TVC,MI,AGL,CE,Towers with Radar,17,16,24,2,59,0,2,49,7,58,17,18,73,9,117,136,20,156,273
02/20/2020,TVC,MI,AGL,CE,Towers with Radar,19,21,31,6,77,0,0,56,5,61,19,21,87,11,138,140,76,216,354
02/21/2020,TVC,MI,AGL,CE,Towers with Radar,25,21,9,1,56,0,0,14,3,17,25,21,23,4,73,2,6,8,81
02/22/2020,TVC,MI,AGL,CE,Towers with Radar,17,8,34,1,60,0,0,71,3,74,17,8,105,4,134,98,0,98,232
02/23/2020,TVC,MI,AGL,CE,Towers with Radar,18,5,21,0,44,0,3,19,2,24,18,8,40,2,68,4,0,4,72
02/24/2020,TVC,MI,AGL,CE,Towers with Radar,20,5,27,5,57,0,3,89,6,98,20,8,116,11,155,184,26,210,365
02/25/2020,TVC,MI,AGL,CE,Towers with Radar,16,13,18,5,52,0,3,70,16,89,16,16,88,21,141,112,14,126,267
02/26/2020,TVC,MI,AGL,CE,Towers with Radar,18,9,17,0,44,0,1,39,5,45,18,10,56,5,89,64,14,78,167
02/27/2020,TVC,MI,AGL,CE,Towers with Radar,21,11,5,0,37,0,0,0,0,0,21,11,5,0,37,0,0,0,37
02/28/2020,TVC,MI,AGL,CE,Towers with Radar,21,20,9,0,50,0,0,1,0,1,21,20,10,0,51,0,0,0,51
02/29/2020,TVC,MI,AGL,CE,Towers with Radar,17,8,18,0,43,0,3,53,0,56,17,11,71,0,99,52,0,52,151
03/01/2020,TVC,MI,AGL,CE,Towers with Radar,19,6,13,0,38,0,7,52,3,62,19,13,65,3,100,86,0,86,186
03/02/2020,TVC,MI,AGL,CE,Towers with Radar,27,7,18,6,58,0,3,73,5,81,27,10,91,11,139,222,12,234,373
03/03/2020,TVC,MI,AGL,CE,Towers with Radar,17,10,23,2,52,0,0,37,5,42,17,10,60,7,94,184,40,224,318
03/04/2020,TVC,MI,AGL,CE,Towers with Radar,19,17,33,1,70,0,0,78,2,80,19,17,111,3,150,128,0,128,278
03/05/2020,TVC,MI,AGL,CE,Towers with Radar,18,9,14,2,43,0,0,36,2,38,18,9,50,4,81,84,2,86,167
03/06/2020,TVC,MI,AGL,CE,Towers with Radar,21,9,10,2,42,0,0,11,3,14,21,9,21,5,56,38,0,38,94
03/07/2020,TVC,MI,AGL,CE,Towers with Radar,17,9,25,0,51,0,5,65,5,75,17,14,90,5,126,98,0,98,224
03/08/2020,TVC,MI,AGL,CE,Towers with Radar,20,4,23,1,48,0,0,35,3,38,20,4,58,4,86,42,0,42,128
03/09/2020,TVC,MI,AGL,CE,Towers with Radar,20,5,4,0,29,0,0,7,4,11,20,5,11,4,40,10,52,62,102
03/10/2020,TVC,MI,AGL,CE,Towers with Radar,17,15,15,1,48,0,0,81,6,87,17,15,96,7,135,176,0,176,311
03/11/2020,TVC,MI,AGL,CE,Towers with Radar,21,14,8,0,43,0,0,10,2,12,21,14,18,2,55,104,0,104,159
03/12/2020,TVC,MI,AGL,CE,Towers with Radar,19,16,2,0,37,0,4,27,14,45,19,20,29,14,82,114,0,114,196
03/13/2020,TVC,MI,AGL,CE,Towers with Radar,19,13,12,0,44,0,0,7,2,9,19,13,19,2,53,0,0,0,53
03/14/2020,TVC,MI,AGL,CE,Towers with Radar,20,11,32,4,67,0,2,38,2,42,20,13,70,6,109,48,8,56,165
03/15/2020,TVC,MI,AGL,CE,Towers with Radar,19,3,34,0,56,0,4,116,4,124,19,7,150,4,180,118,26,144,324
03/16/2020,TVC,MI,AGL,CE,Towers with Radar,20,11,10,0,41,0,0,70,2,72,20,11,80,2,113,132,0,132,245
03/17/2020,TVC,MI,AGL,CE,Towers with Radar,17,6,12,0,35,0,1,36,4,41,17,7,48,4,76,74,12,86,162
03/18/2020,TVC,MI,AGL,CE,Towers with Radar,18,20,12,5,55,0,0,14,2,16,18,20,26,7,71,56,30,86,157
03/19/2020,TVC,MI,AGL,CE,Towers with Radar,18,14,3,3,38,0,0,23,5,28,18,14,26,8,66,28,24,52,118
03/20/2020,TVC,MI,AGL,CE,Towers with Radar,25,17,4,0,46,0,0,0,5,5,25,17,4,5,51,0,0,0,51
03/21/2020,TVC,MI,AGL,CE,Towers with Radar,13,11,7,0,31,0,1,25,4,30,13,12,32,4,61,32,16,48,109
03/22/2020,TVC,MI,AGL,CE,Towers with Radar,16,3,9,0,28,0,4,23,2,29,16,7,32,2,57,46,0,46,103
03/23/2020,TVC,MI,AGL,CE,Towers with Radar,21,5,9,1,36,0,3,15,6,24,21,8,24,7,60,0,0,0,60
03/24/2020,TVC,MI,AGL,CE,Towers with Radar,11,9,2,0,22,0,0,3,6,9,11,9,5,6,31,0,10,10,41
03/25/2020,TVC,MI,AGL,CE,Towers with Radar,10,10,2,0,22,0,0,6,5,11,10,10,8,5,33,0,12,12,45
03/26/2020,TVC,MI,AGL,CE,Towers with Radar,13,12,12,1,38,0,0,0,2,2,13,12,12,3,40,0,0,0,40
03/27/2020,TVC,MI,AGL,CE,Towers with Radar,16,7,12,0,35,0,1,8,6,15,16,8,20,6,50,4,20,24,74
03/28/2020,TVC,MI,AGL,CE,Towers with Radar,12,8,9,0,29,0,5,2,6,13,12,13,11,6,42,14,10,24,66
03/29/2020,TVC,MI,AGL,CE,Towers with Radar,14,2,0,0,16,0,0,0,4,4,14,2,0,4,20,0,0,0,20
03/30/2020,TVC,MI,AGL,CE,Towers with Radar,15,7,0,3,25,0,0,0,3,3,15,7,0,6,28,0,0,0,28
03/31/2020,TVC,MI,AGL,CE,Towers with Radar,14,6,0,0,20,0,2,1,5,8,14,8,1,5,28,6,6,12,40
04/01/2020,TVC,MI,AGL,CE,Towers with Radar,10,11,9,0,30,0,2,9,6,17,10,13,18,6,47,12,0,12,59
04/02/2020,TVC,MI,AGL,CE,Towers with Radar,6,13,1,1,21,0,5,30,6,41,6,18,31,7,62,6,0,6,68
04/03/2020,TVC,MI,AGL,CE,Towers with Radar,13,8,1,0,22,0,5,33,4,42,13,13,34,4,64,40,10,50,114
04/04/2020,TVC,MI,AGL,CE,Towers with Radar,10,8,2,1,21,0,0,0,1,1,10,8,2,2,22,0,0,0,22
04/05/2020,TVC,MI,AGL,CE,Towers with Radar,10,1,2,0,13,0,2,13,6,21,10,3,15,6,34,14,26,40,74
04/06/2020,TVC,MI,AGL,CE,Towers with Radar,12,5,2,0,19,0,4,9,4,17,12,9,11,4,36,4,0,4,40
04/07/2020,TVC,MI,AGL,CE,Towers with Radar,8,7,3,0,18,0,2,2,4,8,8,9,5,4,26,0,16,16,42
04/08/2020,TVC,MI,AGL,CE,Towers with Radar,8,17,0,0,25,0,0,24,5,29,8,17,24,5,54,12,10,22,76
04/09/2020,TVC,MI,AGL,CE,Towers with Radar,6,13,4,1,24,0,0,3,3,6,6,13,7,4,30,4,12,16,46
04/10/2020,TVC,MI,AGL,CE,Towers with Radar,6,6,7,2,21,0,4,7,4,15,6,10,14,6,36,6,0,6,42
04/11/2020,TVC,MI,AGL,CE,Towers with Radar,6,8,4,0,18,0,0,29,3,32,6,8,33,3,50,34,0,34,84
04/12/2020,TVC,MI,AGL,CE,Towers with Radar,6,0,0,0,6,0,0,0,5,5,6,0,0,5,11,0,8,8,19
04/13/2020,TVC,MI,AGL,CE,Towers with Radar,6,3,0,0,9,0,2,0,13,15,6,5,0,13,24,24,40,64,88
04/14/2020,TVC,MI,AGL,CE,Towers with Radar,7,10,2,4,23,0,0,2,7,9,7,10,4,11,32,0,22,22,54
04/15/2020,TVC,MI,AGL,CE,Towers with Radar,5,6,21,1,33,0,1,10,4,15,5,7,31,5,48,6,24,30,78
04/16/2020,TVC,MI,AGL,CE,Towers with Radar,8,7,10,4,29,0,2,11,3,16,8,9,21,7,45,12,8,20,65
04/17/2020,TVC,MI,AGL,CE,Towers with Radar,8,10,15,1,34,0,0,20,7,27,8,10,35,8,61,24,2,26,87
04/18/2020,TVC,MI,AGL,CE,Towers with Radar,8,6,3,0,17,0,1,17,6,24,8,7,20,6,41,4,0,4,45
04/19/2020,TVC,MI,AGL,CE,Towers with Radar,6,0,5,0,11,0,0,20,2,22,6,0,25,2,33,20,0,20,53
04/20/2020,TVC,MI,AGL,CE,Towers with Radar,6,3,3,0,12,0,1,8,7,16,6,4,11,7,28,10,30,40,68
04/21/2020,TVC,MI,AGL,CE,Towers with Radar,4,8,1,0,13,0,3,1,6,10,4,11,2,6,23,0,0,0,23
04/22/2020,TVC,MI,AGL,CE,Towers with Radar,6,13,4,2,25,0,0,19,8,27,6,13,23,10,52,38,24,62,114
04/23/2020,TVC,MI,AGL,CE,Towers with Radar,8,16,4,1,29,0,1,7,5,13,8,17,11,6,42,14,0,14,56
04/24/2020,TVC,MI,AGL,CE,Towers with Radar,8,7,12,1,28,0,0,36,5,41,8,7,48,6,69,54,4,58,127
04/25/2020,TVC,MI,AGL,CE,Towers with Radar,9,7,10,1,27,0,0,28,3,31,9,7,38,4,58,12,0,12,70
04/26/2020,TVC,MI,AGL,CE,Towers with Radar,6,1,7,1,15,0,3,19,6,28,6,4,26,7,43,22,2,24,67
04/27/2020,TVC,MI,AGL,CE,Towers with Radar,7,3,6,0,16,0,3,12,2,17,7,6,18,2,33,0,0,0,33
04/28/2020,TVC,MI,AGL,CE,Towers with Radar,7,6,5,0,18,0,0,8,10,18,7,6,13,10,36,22,6,28,64
04/29/2020,TVC,MI,AGL,CE,Towers with Radar,7,11,2,4,24,0,0,0,0,0,7,11,2,4,24,0,0,0,24
04/30/2020,TVC,MI,AGL,CE,Towers with Radar,8,10,0,1,19,0,0,0,9,9,8,10,0,10,28,0,0,0,28
05/01/2020,TVC,MI,AGL,CE,Towers with Radar,8,5,9,0,22,0,0,27,5,32,8,5,36,5,54,14,16,30,84
05/02/2020,TVC,MI,AGL,CE,Towers with Radar,2,7,7,1,17,0,0,3,1,4,2,7,10,2,21,0,0,0,21
05/03/2020,TVC,MI,AGL,CE,Towers with Radar,4,5,5,0,14,0,3,11,2,16,4,8,16,2,30,6,0,6,36
05/04/2020,TVC,MI,AGL,CE,Towers with Radar,9,0,8,1,18,0,0,14,1,15,9,0,22,2,33,24,0,24,57
05/05/2020,TVC,MI,AGL,CE,Towers with Radar,4,2,5,0,11,0,1,19,2,22,4,3,24,2,33,28,0,28,61
05/06/2020,TVC,MI,AGL,CE,Towers with Radar,4,3,4,0,11,0,4,21,1,26,4,7,25,1,37,26,0,26,63
05/07/2020,TVC,MI,AGL,CE,Towers with Radar,3,3,4,2,12,0,0,12,4,16,3,3,16,6,28,6,0,6,34
05/08/2020,TVC,MI,AGL,CE,Towers with Radar,6,6,4,2,18,0,0,9,5,14,6,6,13,7,32,12,6,18,50
05/09/2020,TVC,MI,AGL,CE,Towers with Radar,5,8,8,1,22,0,0,10,1,11,5,8,18,2,33,6,0,6,39
05/10/2020,TVC,MI,AGL,CE,Towers with Radar,3,4,5,1,13,0,0,0,1,1,3,4,5,2,14,0,4,4,18
05/11/2020,TVC,MI,AGL,CE,Towers with Radar,6,1,3,0,10,0,3,11,3,17,6,4,14,3,27,30,0,30,57
05/12/2020,TVC,MI,AGL,CE,Towers with Radar,2,6,8,2,18,0,0,24,2,26,2,6,32,4,44,16,28,44,88
05/13/2020,TVC,MI,AGL,CE,Towers with Radar,4,7,8,0,19,0,0,36,1,37,4,7,44,1,56,30,0,30,86
05/14/2020,TVC,MI,AGL,CE,Towers with Radar,7,12,8,2,29,0,0,0,0,0,7,12,8,2,29,0,0,0,29
05/15/2020,TVC,MI,AGL,CE,Towers with Radar,3,14,6,0,23,0,2,12,7,21,3,16,18,7,44,0,0,0,44
05/16/2020,TVC,MI,AGL,CE,Towers with Radar,1,7,9,8,25,0,3,52,2,57,1,10,61,10,82,46,2,48,130
05/17/2020,TVC,MI,AGL,CE,Towers with Radar,2,1,9,0,12,0,0,0,2,2,2,1,9,2,14,4,0,4,18
05/18/2020,TVC,MI,AGL,CE,Towers with Radar,5,4,3,0,12,0,0,0,2,2,5,4,3,2,14,0,0,0,14
05/19/2020,TVC,MI,AGL,CE,Towers with Radar,3,6,2,10,21,0,0,4,2,6,3,6,6,12,27,0,29,29,56
05/20/2020,TVC,MI,AGL,CE,Towers with Radar,3,8,7,0,18,0,3,35,3,41,3,11,42,3,59,28,0,28,87
05/21/2020,TVC,MI,AGL,CE,Towers with Radar,6,7,16,1,30,0,2,43,2,47,6,9,59,3,77,36,16,52,129
05/22/2020,TVC,MI,AGL,CE,Towers with Radar,3,13,14,2,32,0,2,31,6,39,3,15,45,8,71,54,26,80,151
05/23/2020,TVC,MI,AGL,CE,Towers with Radar,7,8,7,0,22,0,2,33,1,36,7,10,40,1,58,50,32,82,140
05/24/2020,TVC,MI,AGL,CE,Towers with Radar,5,6,4,0,15,0,2,9,4,15,5,8,13,4,30,0,22,22,52
05/25/2020,TVC,MI,AGL,CE,Towers with Radar,3,2,8,0,13,0,1,12,2,15,3,3,20,2,28,0,0,0,28
05/26/2020,TVC,MI,AGL,CE,Towers with Radar,3,1,13,0,17,0,4,20,3,27,3,5,33,3,44,66,2,68,112
05/27/2020,TVC,MI,AGL,CE,Towers with Radar,3,7,11,0,21,0,0,34,7,41,3,7,45,7,62,36,21,57,119
05/28/2020,TVC,MI,AGL,CE,Towers with Radar,4,4,14,0,22,0,2,4,4,10,4,6,18,4,32,10,8,18,50
05/29/2020,TVC,MI,AGL,CE,Towers with Radar,4,2,19,2,27,0,0,29,7,36,4,2,48,9,63,48,12,60,123
05/30/2020,TVC,MI,AGL,CE,Towers with Radar,5,10,9,0,24,0,4,21,5,30,5,14,30,5,54,22,0,22,76
05/31/2020,TVC,MI,AGL,CE,Towers with Radar,5,8,5,1,19,0,5,42,0,47,5,13,47,1,66,34,0,34,100
06/01/2020,TVC,MI,AGL,CE,Towers with Radar,3,9,14,0,26,0,0,34,2,36,3,9,48,2,62,76,0,76,138
06/02/2020,TVC,MI,AGL,CE,Towers with Radar,3,10,4,0,17,0,1,23,2,26,3,11,27,2,43,56,0,56,99
06/03/2020,TVC,MI,AGL,CE,Towers with Radar,6,8,15,0,29,0,4,32,2,38,6,12,47,2,67,86,0,86,153
06/04/2020,TVC,MI,AGL,CE,Towers with Radar,5,2,9,2,18,0,0,34,5,39,5,2,43,7,57,50,16,66,123
06/05/2020,TVC,MI,AGL,CE,Towers with Radar,3,6,16,2,27,0,1,21,4,26,3,7,37,6,53,74,18,92,145
06/06/2020,TVC,MI,AGL,CE,Towers with Radar,5,10,11,1,27,0,4,37,4,45,5,14,48,5,72,20,0,20,92
06/07/2020,TVC,MI,AGL,CE,Towers with Radar,5,10,19,0,34,0,10,35,0,45,5,20,54,0,79,12,0,12,91
06/08/2020,TVC,MI,AGL,CE,Towers with Radar,2,11,14,0,27,0,5,20,2,27,2,16,34,2,54,66,0,66,120
06/09/2020,TVC,MI,AGL,CE,Towers with Radar,2,11,11,0,24,0,3,42,4,49,2,14,53,4,73,40,0,40,113
06/10/2020,TVC,MI,AGL,CE,Towers with Radar,4,14,5,0,23,0,5,0,5,10,4,19,5,5,33,6,0,6,39
06/11/2020,TVC,MI,AGL,CE,Towers with Radar,5,9,26,2,42,0,1,28,6,35,5,10,54,8,77,60,4,64,141
06/12/2020,TVC,MI,AGL,CE,Towers with Radar,3,9,25,0,37,0,1,36,1,38,3,10,61,1,75,150,6,156,231
06/13/2020,TVC,MI,AGL,CE,Towers with Radar,7,11,6,0,24,0,6,35,3,44,7,17,41,3,68,20,0,20,88
06/14/2020,TVC,MI,AGL,CE,Towers with Radar,6,16,20,0,42,0,0,32,1,33,6,16,52,1,75,12,0,12,87
06/15/2020,TVC,MI,AGL,CE,Towers with Radar,3,8,17,0,28,0,2,73,2,77,3,10,90,2,105,126,0,126,231
06/16/2020,TVC,MI,AGL,CE,Towers with Radar,3,19,22,1,45,0,0,62,2,64,3,19,84,3,109,96,20,116,225
06/17/2020,TVC,MI,AGL,CE,Towers with Radar,6,7,15,3,31,0,3,51,5,59,6,10,66,8,90,198,0,198,288
06/18/2020,TVC,MI,AGL,CE,Towers with Radar,5,13,13,0,31,0,2,61,4,67,5,15,74,4,98,114,0,114,212
06/19/2020,TVC,MI,AGL,CE,Towers with Radar,4,16,18,1,39,0,5,86,3,94,4,21,104,4,133,142,2,144,277
06/20/2020,TVC,MI,AGL,CE,Towers with Radar,5,9,6,0,20,0,3,28,2,33,5,12,34,2,53,26,32,58,111
06/21/2020,TVC,MI,AGL,CE,Towers with Radar,5,9,20,0,34,0,3,7,0,10,5,12,27,0,44,4,0,4,48
06/22/2020,TVC,MI,AGL,CE,Towers with Radar,3,8,18,0,29,0,4,41,1,46,3,12,59,1,75,110,0,110,185
06/23/2020,TVC,MI,AGL,CE,Towers with Radar,3,15,9,1,28,0,0,0,0,0,3,15,9,1,28,0,0,0,28
06/24/2020,TVC,MI,AGL,CE,Towers with Radar,7,14,26,1,48,0,1,90,3,94,7,15,116,4,142,158,0,158,300
06/25/2020,TVC,MI,AGL,CE,Towers with Radar,5,3,44,1,53,0,0,92,3,95,5,3,136,4,148,108,0,108,256
06/26/2020,TVC,MI,AGL,CE,Towers with Radar,4,8,41,0,53,0,2,52,3,57,4,10,93,3,110,99,20,119,229
06/27/2020,TVC,MI,AGL,CE,Towers with Radar,3,16,18,1,38,0,8,22,2,32,3,24,40,3,70,16,0,16,86
06/28/2020,TVC,MI,AGL,CE,Towers with Radar,6,8,27,0,41,0,2,61,0,63,6,10,88,0,104,52,0,52,156
06/29/2020,TVC,MI,AGL,CE,Towers with Radar,2,7,20,0,29,0,0,99,1,100,2,7,119,1,129,190,0,190,319
06/30/2020,TVC,MI,AGL,CE,Towers with Radar,5,12,17,3,37,0,1,83,7,91,5,13,100,10,128,104,0,104,232
07/01/2020,TVC,MI,AGL,CE,Towers with Radar,12,11,17,1,41,0,0,59,7,66,12,11,76,8,107,138,0,138,245
07/02/2020,TVC,MI,AGL,CE,Towers with Radar,8,15,19,2,44,0,5,72,2,79,8,20,91,4,123,76,30,106,229
07/03/2020,TVC,MI,AGL,CE,Towers with Radar,7,20,22,0,49,0,0,75,3,78,7,20,97,3,127,108,30,138,265
07/04/2020,TVC,MI,AGL,CE,Towers with Radar,7,9,11,0,27,0,14,32,3,49,7,23,43,3,76,6,0,6,82
07/05/2020,TVC,MI,AGL,CE,Towers with Radar,9,32,21,0,62,0,4,30,0,34,9,36,51,0,96,14,0,14,110
07/06/2020,TVC,MI,AGL,CE,Towers with Radar,11,9,34,2,56,0,4,55,0,59,11,13,89,2,115,70,4,74,189
07/07/2020,TVC,MI,AGL,CE,Towers with Radar,12,14,46,1,73,0,0,60,3,63,12,14,106,4,136,100,8,108,244
07/08/2020,TVC,MI,AGL,CE,Towers with Radar,19,11,20,1,51,0,2,53,3,58,19,13,73,4,109,128,0,128,237
07/09/2020,TVC,MI,AGL,CE,Towers with Radar,16,23,18,0,57,0,2,74,5,81,16,25,92,5,138,108,0,108,246
07/10/2020,TVC,MI,AGL,CE,Towers with Radar,17,14,15,0,46,0,3,21,8,32,17,17,36,8,78,52,34,86,164
07/11/2020,TVC,MI,AGL,CE,Towers with Radar,23,16,16,3,58,0,7,51,9,67,23,23,67,12,125,74,0,74,199
07/12/2020,TVC,MI,AGL,CE,Towers with Radar,19,20,26,1,66,0,9,32,7,48,19,29,58,8,114,42,0,42,156
07/13/2020,TVC,MI,AGL,CE,Towers with Radar,16,8,33,1,58,0,4,93,4,101,16,12,126,5,159,142,0,142,301
07/14/2020,TVC,MI,AGL,CE,Towers with Radar,17,19,31,0,67,0,6,83,4,93,17,25,114,4,160,86,16,102,262
07/15/2020,TVC,MI,AGL,CE,Towers with Radar,20,15,28,2,65,0,0,26,6,32,20,15,54,8,97,80,26,106,203
07/16/2020,TVC,MI,AGL,CE,Towers with Radar,13,18,20,0,51,0,6,59,3,68,13,24,79,3,119,164,6,170,289
07/17/2020,TVC,MI,AGL,CE,Towers with Radar,17,13,48,1,79,0,1,90,4,95,17,14,138,5,174,88,0,88,262
07/18/2020,TVC,MI,AGL,CE,Towers with Radar,27,17,22,0,66,0,4,13,2,19,27,21,35,2,85,36,6,42,127
07/19/2020,TVC,MI,AGL,CE,Towers with Radar,19,18,22,1,60,0,1,32,6,39,19,19,54,7,99,56,8,64,163
07/20/2020,TVC,MI,AGL,CE,Towers with Radar,14,24,25,0,63,0,0,57,3,60,14,24,82,3,123,155,18,173,296
07/21/2020,TVC,MI,AGL,CE,Towers with Radar,16,19,29,1,65,0,0,84,1,85,16,19,113,2,150,170,0,170,320
07/22/2020,TVC,MI,AGL,CE,Towers with Radar,21,22,18,0,61,0,1,18,4,23,21,23,36,4,84,150,2,152,236
07/23/2020,TVC,MI,AGL,CE,Towers with Radar,17,15,35,1,68,0,0,59,3,62,17,15,94,4,130,114,0,114,244
07/24/2020,TVC,MI,AGL,CE,Towers with Radar,16,10,38,2,66,0,9,108,2,119,16,19,146,4,185,100,0,100,285
07/25/2020,TVC,MI,AGL,CE,Towers with Radar,26,26,25,0,77,0,4,49,4,57,26,30,74,4,134,66,2,68,202
07/26/2020,TVC,MI,AGL,CE,Towers with Radar,17,20,29,0,66,0,8,12,2,22,17,28,41,2,88,4,0,4,92
07/27/2020,TVC,MI,AGL,CE,Towers with Radar,15,18,33,0,66,0,7,66,3,76,15,25,99,3,142,142,0,142,284
07/28/2020,TVC,MI,AGL,CE,Towers with Radar,17,15,24,0,56,0,0,77,2,79,17,15,101,2,135,110,0,110,245
07/29/2020,TVC,MI,AGL,CE,Towers with Radar,21,15,31,0,67,0,3,64,3,70,21,18,95,3,137,172,20,192,329
07/30/2020,TVC,MI,AGL,CE,Towers with Radar,16,20,31,0,67,0,3,75,8,86,16,23,106,8,153,104,46,150,303
07/31/2020,TVC,MI,AGL,CE,Towers with Radar,18,17,41,1,77,0,3,75,5,83,18,20,116,6,160,112,24,136,296
08/01/2020,TVC,MI,AGL,CE,Towers with Radar,27,22,24,1,74,0,0,52,5,57,27,22,76,6,131,58,8,66,197
08/02/2020,TVC,MI,AGL,CE,Towers with Radar,19,21,23,0,63,0,0,36,0,36,19,21,59,0,99,10,0,10,109
08/03/2020,TVC,MI,AGL,CE,Towers with Radar,24,26,14,0,64,0,1,4,1,6,24,27,18,1,70,22,0,22,92
08/04/2020,TVC,MI,AGL,CE,Towers with Radar,23,14,19,0,56,0,2,59,2,63,23,16,78,2,119,142,0,142,261
08/05/2020,TVC,MI,AGL,CE,Towers with Radar,25,17,23,8,73,0,1,77,2,80,25,18,100,10,153,134,10,144,297
08/06/2020,TVC,MI,AGL,CE,Towers with Radar,24,17,30,0,71,0,19,93,2,114,24,36,123,2,185,124,0,124,309
08/07/2020,TVC,MI,AGL,CE,Towers with Radar,25,14,27,0,66,0,11,68,2,81,25,25,95,2,147,116,0,116,263
08/08/2020,TVC,MI,AGL,CE,Towers with Radar,27,24,13,0,64,0,0,17,2,19,27,24,30,2,83,28,0,28,111
08/09/2020,TVC,MI,AGL,CE,Towers with Radar,25,26,29,0,80,0,0,35,2,37,25,26,64,2,117,28,0,28,145
08/10/2020,TVC,MI,AGL,CE,Towers with Radar,22,29,20,2,73,0,1,20,0,21,22,30,40,2,94,62,0,62,156
08/11/2020,TVC,MI,AGL,CE,Towers with Radar,22,18,22,0,62,0,1,107,5,113,22,19,129,5,175,176,0,176,351
08/12/2020,TVC,MI,AGL,CE,Towers with Radar,27,13,19,0,59,0,1,72,4,77,27,14,91,4,136,168,6,174,310
08/13/2020,TVC,MI,AGL,CE,Towers with Radar,30,16,24,2,72,0,6,91,5,102,30,22,115,7,174,128,0,128,302
08/14/2020,TVC,MI,AGL,CE,Towers with Radar,23,23,50,1,97,0,6,78,5,89,23,29,128,6,186,80,14,94,280
08/15/2020,TVC,MI,AGL,CE,Towers with Radar,27,12,23,0,62,0,11,38,1,50,27,23,61,1,112,46,0,46,158
08/16/2020,TVC,MI,AGL,CE,Towers with Radar,29,22,28,1,80,0,12,13,2,27,29,34,41,3,107,0,0,0,107
08/17/2020,TVC,MI,AGL,CE,Towers with Radar,23,8,23,0,54,0,2,62,2,66,23,10,85,2,120,101,0,101,221
08/18/2020,TVC,MI,AGL,CE,Towers with Radar,20,15,24,2,61,0,3,62,0,65,20,18,86,2,126,92,0,92,218
08/19/2020,TVC,MI,AGL,CE,Towers with Radar,21,27,19,0,67,0,2,92,2,96,21,29,111,2,163,164,0,164,327
08/20/2020,TVC,MI,AGL,CE,Towers with Radar,20,25,11,0,56,0,2,33,4,39,20,27,44,4,95,29,34,63,158
08/21/2020,TVC,MI,AGL,CE,Towers with Radar,22,13,31,1,67,0,5,80,3,88,22,18,111,4,155,109,0,109,264
08/22/2020,TVC,MI,AGL,CE,Towers with Radar,23,19,18,0,60,0,0,53,3,56,23,19,71,3,116,84,12,96,212
08/23/2020,TVC,MI,AGL,CE,Towers with Radar,24,27,16,10,77,0,3,35,3,41,24,30,51,13,118,42,0,42,160
08/24/2020,TVC,MI,AGL,CE,Towers with Radar,20,12,21,7,60,0,3,48,2,53,20,15,69,9,113,96,6,102,215
08/25/2020,TVC,MI,AGL,CE,Towers with Radar,22,24,25,6,77,0,5,69,3,77,22,29,94,9,154,126,6,132,286
08/26/2020,TVC,MI,AGL,CE,Towers with Radar,24,13,34,0,71,0,4,21,2,27,24,17,55,2,98,30,0,30,128
08/27/2020,TVC,MI,AGL,CE,Towers with Radar,23,18,30,4,75,0,0,43,4,47,23,18,73,8,122,108,32,140,262
08/28/2020,TVC,MI,AGL,CE,Towers with Radar,29,27,11,3,70,0,1,24,6,31,29,28,35,9,101,97,8,105,206
08/29/2020,TVC,MI,AGL,CE,Towers with Radar,24,18,27,5,74,0,1,13,4,18,24,19,40,9,92,44,8,52,144
08/30/2020,TVC,MI,AGL,CE,Towers with Radar,26,18,33,0,77,0,1,49,2,52,26,19,82,2,129,45,0,45,174
08/31/2020,TVC,MI,AGL,CE,Towers with Radar,21,15,25,0,61,0,2,85,3,90,21,17,110,3,151,150,0,150,301
09/01/2020,TVC,MI,AGL,CE,Towers with Radar,18,19,19,4,60,0,1,66,5,72,18,20,85,9,132,92,0,92,224
09/02/2020,TVC,MI,AGL,CE,Towers with Radar,21,10,14,2,47,0,0,45,3,48,21,10,59,5,95,74,6,80,175
09/03/2020,TVC,MI,AGL,CE,Towers with Radar,23,19,38,0,80,0,1,14,1,16,23,20,52,1,96,4,0,4,100
09/04/2020,TVC,MI,AGL,CE,Towers with Radar,25,16,37,4,82,0,2,31,2,35,25,18,68,6,117,76,0,76,193
09/05/2020,TVC,MI,AGL,CE,Towers with Radar,19,20,24,0,63,0,1,50,2,53,19,21,74,2,116,96,0,96,212
09/06/2020,TVC,MI,AGL,CE,Towers with Radar,20,8,27,0,55,0,8,38,5,51,20,16,65,5,106,36,0,36,142
09/07/2020,TVC,MI,AGL,CE,Towers with Radar,20,28,30,1,79,0,6,41,1,48,20,34,71,2,127,42,0,42,169
09/08/2020,TVC,MI,AGL,CE,Towers with Radar,16,16,13,2,47,0,2,63,2,67,16,18,76,4,114,171,0,171,285
09/09/2020,TVC,MI,AGL,CE,Towers with Radar,12,16,24,0,52,0,0,34,3,37,12,16,58,3,89,117,18,135,224
09/10/2020,TVC,MI,AGL,CE,Towers with Radar,18,17,35,0,70,0,0,25,3,28,18,17,60,3,98,76,0,76,174
09/11/2020,TVC,MI,AGL,CE,Towers with Radar,14,26,19,0,59,0,4,136,8,148,14,30,155,8,207,148,18,166,373
09/12/2020,TVC,MI,AGL,CE,Towers with Radar,16,22,16,1,55,0,0,11,3,14,16,22,27,4,69,56,22,78,147
09/13/2020,TVC,MI,AGL,CE,Towers with Radar,18,14,38,1,71,0,3,14,5,22,18,17,52,6,93,2,14,16,109
09/14/2020,TVC,MI,AGL,CE,Towers with Radar,15,7,29,0,51,0,2,78,1,81,15,9,107,1,132,112,0,112,244
09/15/2020,TVC,MI,AGL,CE,Towers with Radar,12,16,17,5,50,0,4,21,5,30,12,20,38,10,80,30,12,42,122
09/16/2020,TVC,MI,AGL,CE,Towers with Radar,11,9,23,0,43,0,3,34,4,41,11,12,57,4,84,72,0,72,156
09/17/2020,TVC,MI,AGL,CE,Towers with Radar,14,8,14,2,38,0,0,107,2,109,14,8,121,4,147,132,0,132,279
09/18/2020,TVC,MI,AGL,CE,Towers with Radar,14,15,14,6,49,0,7,101,3,111,14,22,115,9,160,126,14,140,300
09/19/2020,TVC,MI,AGL,CE,Towers with Radar,15,21,19,1,56,0,8,74,3,85,15,29,93,4,141,96,26,122,263
09/20/2020,TVC,MI,AGL,CE,Towers with Radar,17,10,25,0,52,0,3,57,4,64,17,13,82,4,116,110,18,128,244
09/21/2020,TVC,MI,AGL,CE,Towers with Radar,14,7,21,0,42,0,0,97,2,99,14,7,118,2,141,138,0,138,279
09/22/2020,TVC,MI,AGL,CE,Towers with Radar,11,7,15,1,34,0,7,80,1,88,11,14,95,2,122,152,0,152,274
09/23/2020,TVC,MI,AGL,CE,Towers with Radar,13,4,25,0,42,0,0,71,3,74,13,4,96,3,116,120,14,134,250
09/24/2020,TVC,MI,AGL,CE,Towers with Radar,12,9,25,0,46,0,1,66,3,70,12,10,91,3,116,156,18,174,290
09/25/2020,TVC,MI,AGL,CE,Towers with Radar,15,10,37,0,62,0,4,92,4,100,15,14,129,4,162,98,2,100,262
09/26/2020,TVC,MI,AGL,CE,Towers with Radar,15,16,20,2,53,0,3,8,2,13,15,19,28,4,66,22,0,22,88
09/27/2020,TVC,MI,AGL,CE,Towers with Radar,16,12,17,0,45,0,4,11,1,16,16,16,28,1,61,6,0,6,67
09/28/2020,TVC,MI,AGL,CE,Towers with Radar,14,2,35,2,53,0,0,14,1,15,14,2,49,3,68,82,26,108,176
09/29/2020,TVC,MI,AGL,CE,Towers with Radar,11,15,19,0,45,0,2,68,4,74,11,17,87,4,119,128,18,146,265
09/30/2020,TVC,MI,AGL,CE,Towers with Radar,14,10,8,0,32,0,4,28,6,38,14,14,36,6,70,88,48,136,206
10/01/2020,TVC,MI,AGL,CE,Towers with Radar,13,4,14,0,31,0,0,10,5,15,13,4,24,5,46,14,20,34,80
10/02/2020,TVC,MI,AGL,CE,Towers with Radar,12,4,31,0,47,0,4,31,0,35,12,8,62,0,82,22,0,22,104
10/03/2020,TVC,MI,AGL,CE,Towers with Radar,10,9,12,5,36,0,10,50,1,61,10,19,62,6,97,76,10,86,183
10/04/2020,TVC,MI,AGL,CE,Towers with Radar,15,4,18,5,42,0,0,4,1,5,15,4,22,6,47,0,6,6,53
10/05/2020,TVC,MI,AGL,CE,Towers with Radar,13,7,21,1,42,0,13,75,9,97,13,20,96,10,139,56,12,68,207
10/06/2020,TVC,MI,AGL,CE,Towers with Radar,11,11,20,2,44,0,3,103,5,111,11,14,123,7,155,180,0,180,335
10/07/2020,TVC,MI,AGL,CE,Towers with Radar,7,5,21,0,33,0,9,47,0,56,7,14,68,0,89,144,0,144,233
10/08/2020,TVC,MI,AGL,CE,Towers with Radar,13,4,18,1,36,0,2,84,6,92,13,6,102,7,128,188,2,190,318
10/09/2020,TVC,MI,AGL,CE,Towers with Radar,15,8,18,4,45,0,4,40,2,46,15,12,58,6,91,64,0,64,155
10/10/2020,TVC,MI,AGL,CE,Towers with Radar,10,11,21,0,42,0,0,53,2,55,10,11,74,2,97,96,0,96,193
10/11/2020,TVC,MI,AGL,CE,Towers with Radar,13,10,18,0,41,0,9,60,2,71,13,19,78,2,112,56,0,56,168
10/12/2020,TVC,MI,AGL,CE,Towers with Radar,20,15,10,1,46,0,0,7,1,8,20,15,17,2,54,0,30,30,84
10/13/2020,TVC,MI,AGL,CE,Towers with Radar,14,19,20,0,53,0,4,89,4,97,14,23,109,4,150,104,8,112,262
10/14/2020,TVC,MI,AGL,CE,Towers with Radar,14,18,11,0,43,0,0,96,4,100,14,18,107,4,143,144,0,144,287
10/15/2020,TVC,MI,AGL,CE,Towers with Radar,20,20,11,0,51,0,0,9,6,15,20,20,20,6,66,10,4,14,80
10/16/2020,TVC,MI,AGL,CE,Towers with Radar,24,21,50,2,97,0,21,63,5,89,24,42,113,7,186,92,40,132,318
10/17/2020,TVC,MI,AGL,CE,Towers with Radar,22,15,25,0,62,0,7,35,2,44,22,22,60,2,106,26,0,26,132
10/18/2020,TVC,MI,AGL,CE,Towers with Radar,24,4,26,1,55,0,1,12,1,14,24,5,38,2,69,2,12,14,83
10/19/2020,TVC,MI,AGL,CE,Towers with Radar,17,11,36,10,74,2,3,107,5,117,19,14,143,15,191,163,32,195,386
10/20/2020,TVC,MI,AGL,CE,Towers with Radar,15,26,24,6,71,0,1,116,5,122,15,27,140,11,193,248,4,252,445
10/21/2020,TVC,MI,AGL,CE,Towers with Radar,13,16,31,0,60,0,7,23,2,32,13,23,54,2,92,68,0,68,160
10/22/2020,TVC,MI,AGL,CE,Towers with Radar,21,11,17,1,50,0,1,30,3,34,21,12,47,4,84,86,18,104,188
10/23/2020,TVC,MI,AGL,CE,Towers with Radar,25,13,6,0,44,0,0,0,0,0,25,13,6,0,44,0,0,0,44
10/24/2020,TVC,MI,AGL,CE,Towers with Radar,17,11,34,0,62,0,11,53,3,67,17,22,87,3,129,76,0,76,205
10/25/2020,TVC,MI,AGL,CE,Towers with Radar,20,7,19,0,46,0,0,26,0,26,20,7,45,0,72,30,10,40,112
10/26/2020,TVC,MI,AGL,CE,Towers with Radar,16,10,2,2,30,0,1,1,2,4,16,11,3,4,34,0,0,0,34
10/27/2020,TVC,MI,AGL,CE,Towers with Radar,12,10,25,1,48,0,0,53,14,67,12,10,78,15,115,73,24,97,212
10/28/2020,TVC,MI,AGL,CE,Towers with Radar,11,12,19,1,43,0,1,103,4,108,11,13,122,5,151,136,22,158,309
10/29/2020,TVC,MI,AGL,CE,Towers with Radar,18,9,21,0,48,0,4,28,6,38,18,13,49,6,86,164,0,164,250
10/30/2020,TVC,MI,AGL,CE,Towers with Radar,20,17,20,0,57,0,2,39,2,43,20,19,59,2,100,158,0,158,258
10/31/2020,TVC,MI,AGL,CE,Towers with Radar,12,17,22,2,53,0,3,43,4,50,12,20,65,6,103,78,14,92,195
11/01/2020,TVC,MI,AGL,CE,Towers with Radar,23,7,3,7,40,0,0,0,3,3,23,7,3,10,43,0,0,0,43
11/02/2020,TVC,MI,AGL,CE,Towers with Radar,18,9,20,9,56,0,3,10,1,14,18,12,30,10,70,6,0,6,76
11/03/2020,TVC,MI,AGL,CE,Towers with Radar,7,6,8,2,23,0,3,40,4,47,7,9,48,6,70,48,0,48,118
11/04/2020,TVC,MI,AGL,CE,Towers with Radar,15,9,27,0,51,0,0,79,2,81,15,9,106,2,132,92,0,92,224
11/05/2020,TVC,MI,AGL,CE,Towers with Radar,20,9,40,5,74,0,1,111,5,117,20,10,151,10,191,220,4,224,415
11/06/2020,TVC,MI,AGL,CE,Towers with Radar,16,8,46,0,70,0,9,89,6,104,16,17,135,6,174,110,0,110,284
11/07/2020,TVC,MI,AGL,CE,Towers with Radar,14,12,23,1,50,0,11,41,2,54,14,23,64,3,104,30,0,30,134
11/08/2020,TVC,MI,AGL,CE,Towers with Radar,22,2,27,0,51,0,6,54,1,61,22,8,81,1,112,64,0,64,176
11/09/2020,TVC,MI,AGL,CE,Towers with Radar,18,7,20,8,53,0,1,54,9,64,18,8,74,17,117,46,54,100,217
11/10/2020,TVC,MI,AGL,CE,Towers with Radar,9,12,8,2,31,0,0,2,3,5,9,12,10,5,36,18,12,30,66
11/11/2020,TVC,MI,AGL,CE,Towers with Radar,17,10,22,0,49,0,2,32,4,38,17,12,54,4,87,91,4,95,182
11/12/2020,TVC,MI,AGL,CE,Towers with Radar,22,8,52,3,85,0,1,97,9,107,22,9,149,12,192,140,0,140,332
11/13/2020,TVC,MI,AGL,CE,Towers with Radar,18,17,5,0,40,0,1,19,3,23,18,18,24,3,63,116,8,124,187
11/14/2020,TVC,MI,AGL,CE,Towers with Radar,18,9,24,3,54,0,4,47,2,53,18,13,71,5,107,56,10,66,173
11/15/2020,TVC,MI,AGL,CE,Towers with Radar,22,3,5,0,30,0,0,0,2,2,22,3,5,2,32,0,0,0,32
11/16/2020,TVC,MI,AGL,CE,Towers with Radar,21,9,17,4,51,0,1,45,8,54,21,10,62,12,105,162,6,168,273
11/17/2020,TVC,MI,AGL,CE,Towers with Radar,9,11,14,3,37,0,1,12,9,22,9,12,26,12,59,38,26,64,123
11/18/2020,TVC,MI,AGL,CE,Towers with Radar,18,9,11,0,38,0,2,25,3,30,18,11,36,3,68,46,30,76,144
11/19/2020,TVC,MI,AGL,CE,Towers with Radar,18,7,10,8,43,0,5,3,4,12,18,12,13,12,55,10,8,18,73
11/20/2020,TVC,MI,AGL,CE,Towers with Radar,18,11,15,0,44,0,3,32,4,39,18,14,47,4,83,96,0,96,179
11/21/2020,TVC,MI,AGL,CE,Towers with Radar,15,12,16,0,43,0,0,35,3,38,15,12,51,3,81,40,0,40,121
11/22/2020,TVC,MI,AGL,CE,Towers with Radar,20,9,11,0,40,0,2,24,1,27,20,11,35,1,67,43,0,43,110
11/23/2020,TVC,MI,AGL,CE,Towers with Radar,8,7,4,0,19,0,1,9,5,15,8,8,13,5,34,14,0,14,48
11/24/2020,TVC,MI,AGL,CE,Towers with Radar,18,9,8,0,35,0,0,23,2,25,18,9,31,2,60,30,0,30,90
11/25/2020,TVC,MI,AGL,CE,Towers with Radar,13,8,3,3,27,0,0,0,1,1,13,8,3,4,28,0,0,0,28
11/26/2020,TVC,MI,AGL,CE,Towers with Radar,7,2,4,0,13,0,0,0,0,0,7,2,4,0,13,0,0,0,13
11/27/2020,TVC,MI,AGL,CE,Towers with Radar,10,14,3,0,27,0,2,8,11,21,10,16,11,11,48,50,0,50,98
11/28/2020,TVC,MI,AGL,CE,Towers with Radar,24,9,10,0,43,0,4,23,2,29,24,13,33,2,72,8,0,8,80
11/29/2020,TVC,MI,AGL,CE,Towers with Radar,17,0,13,0,30,0,2,15,6,23,17,2,28,6,53,14,16,30,83
11/30/2020,TVC,MI,AGL,CE,Towers with Radar,17,6,8,0,31,0,0,0,7,7,17,6,8,7,38,0,56,56,94
12/01/2020,TVC,MI,AGL,CE,Towers with Radar,7,12,15,2,36,0,1,12,11,24,7,13,27,13,60,14,24,38,98
12/02/2020,TVC,MI,AGL,CE,Towers with Radar,14,15,6,0,35,0,6,64,9,79,14,21,70,9,114,113,40,153,267
12/03/2020,TVC,MI,AGL,CE,Towers with Radar,13,11,11,3,38,0,3,15,8,26,13,14,26,11,64,28,0,28,92
12/04/2020,TVC,MI,AGL,CE,Towers with Radar,16,10,8,0,34,0,6,20,7,33,16,16,28,7,67,122,16,138,205
12/05/2020,TVC,MI,AGL,CE,Towers with Radar,15,8,2,0,25,0,0,2,1,3,15,8,4,1,28,8,0,8,36
12/06/2020,TVC,MI,AGL,CE,Towers with Radar,13,3,11,0,27,0,2,10,1,13,13,5,21,1,40,26,0,26,66
12/07/2020,TVC,MI,AGL,CE,Towers with Radar,20,5,8,4,37,0,1,26,9,36,20,6,34,13,73,60,72,132,205
12/08/2020,TVC,MI,AGL,CE,Towers with Radar,8,10,4,0,22,0,0,5,9,14,8,10,9,9,36,38,26,64,100
12/09/2020,TVC,MI,AGL,CE,Towers with Radar,15,12,11,3,41,0,2,50,7,59,15,14,61,10,100,272,0,272,372
12/10/2020,TVC,MI,AGL,CE,Towers with Radar,15,14,42,0,71,0,2,98,7,107,15,16,140,7,178,108,2,110,288
12/11/2020,TVC,MI,AGL,CE,Towers with Radar,15,10,5,3,33,0,2,18,8,28,15,12,23,11,61,76,32,108,169
12/12/2020,TVC,MI,AGL,CE,Towers with Radar,4,9,2,0,15,0,0,0,0,0,4,9,2,0,15,0,0,0,15
12/13/2020,TVC,MI,AGL,CE,Towers with Radar,16,7,5,0,28,0,0,0,2,2,16,7,5,2,30,0,0,0,30
12/14/2020,TVC,MI,AGL,CE,Towers with Radar,15,9,13,0,37,0,2,16,4,22,15,11,29,4,59,74,0,74,133
12/15/2020,TVC,MI,AGL,CE,Towers with Radar,8,8,26,0,42,0,2,41,6,49,8,10,67,6,91,158,8,166,257
12/16/2020,TVC,MI,AGL,CE,Towers with Radar,14,12,14,0,40,0,3,98,1,102,14,15,112,1,142,152,0,152,294
12/17/2020,TVC,MI,AGL,CE,Towers with Radar,17,9,16,0,42,0,0,57,3,60,17,9,73,3,102,186,16,202,304
12/18/2020,TVC,MI,AGL,CE,Towers with Radar,21,13,25,0,59,0,0,56,2,58,21,13,81,2,117,124,16,140,257
12/19/2020,TVC,MI,AGL,CE,Towers with Radar,20,19,2,0,41,0,0,0,0,0,20,19,2,0,41,0,0,0,41
12/20/2020,TVC,MI,AGL,CE,Towers with Radar,17,7,12,0,36,0,1,18,2,21,17,8,30,2,57,10,0,10,67
12/21/2020,TVC,MI,AGL,CE,Towers with Radar,25,11,0,0,36,0,0,4,0,4,25,11,4,0,40,12,0,12,52
12/22/2020,TVC,MI,AGL,CE,Towers with Radar,17,14,15,3,49,0,1,19,6,26,17,15,34,9,75,30,22,52,127
12/23/2020,TVC,MI,AGL,CE,Towers with Radar,19,9,16,0,44,0,6,13,2,21,19,15,29,2,65,38,8,46,111
12/24/2020,TVC,MI,AGL,CE,Towers with Radar,16,11,3,0,30,0,0,0,0,0,16,11,3,0,30,0,0,0,30
12/25/2020,TVC,MI,AGL,CE,Towers with Radar,9,3,0,0,12,0,0,0,0,0,9,3,0,0,12,0,0,0,12
12/26/2020,TVC,MI,AGL,CE,Towers with Radar,18,13,8,0,39,0,0,0,2,2,18,13,8,2,41,0,0,0,41
12/27/2020,TVC,MI,AGL,CE,Towers with Radar,21,11,11,0,43,0,1,13,3,17,21,12,24,3,60,8,12,20,80
12/28/2020,TVC,MI,AGL,CE,Towers with Radar,18,10,10,0,38,0,4,10,6,20,18,14,20,6,58,6,0,6,64
12/29/2020,TVC,MI,AGL,CE,Towers with Radar,18,10,19,0,47,0,2,51,4,57,18,12,70,4,104,124,0,124,228
12/30/2020,TVC,MI,AGL,CE,Towers with Radar,21,10,2,0,33,0,0,0,0,0,21,10,2,0,33,0,0,0,33
12/31/2020,TVC,MI,AGL,CE,Towers with Radar,17,11,8,0,36,0,2,4,2,8,17,13,12,2,44,80,12,92,136
01/01/2021,TVC,MI,AGL,CE,Towers with Radar,15,4,1,0,20,0,0,2,0,2,15,4,3,0,22,0,0,0,22
01/02/2021,TVC,MI,AGL,CE,Towers with Radar,18,16,11,0,45,0,0,6,2,8,18,16,17,2,53,20,0,20,73
01/03/2021,TVC,MI,AGL,CE,Towers with Radar,21,7,7,0,35,0,0,1,2,3,21,7,8,2,38,15,21,36,74
01/04/2021,TVC,MI,AGL,CE,Towers with Radar,16,7,16,0,39,0,1,31,7,39,16,8,47,7,78,102,90,192,270
01/05/2021,TVC,MI,AGL,CE,Towers with Radar,9,11,6,1,27,0,0,1,6,7,9,11,7,7,34,4,38,42,76
01/06/2021,TVC,MI,AGL,CE,Towers with Radar,10,12,19,2,43,0,1,51,0,52,10,13,70,2,95,156,2,158,253
01/07/2021,TVC,MI,AGL,CE,Towers with Radar,12,15,8,3,38,0,1,52,8,61,12,16,60,11,99,46,30,76,175
01/08/2021,TVC,MI,AGL,CE,Towers with Radar,14,12,20,0,46,0,0,51,4,55,14,12,71,4,101,120,28,148,249
01/09/2021,TVC,MI,AGL,CE,Towers with Radar,12,8,8,0,28,0,0,8,4,12,12,8,16,4,40,62,0,62,102
01/10/2021,TVC,MI,AGL,CE,Towers with Radar,11,1,7,0,19,0,0,5,1,6,11,1,12,1,25,52,0,52,77
01/11/2021,TVC,MI,AGL,CE,Towers with Radar,14,6,3,0,23,0,0,1,2,3,14,6,4,2,26,0,0,0,26
01/12/2021,TVC,MI,AGL,CE,Towers with Radar,8,11,13,0,32,0,1,7,8,16,8,12,20,8,48,28,72,100,148
01/13/2021,TVC,MI,AGL,CE,Towers with Radar,13,10,22,0,45,0,1,55,5,61,13,11,77,5,106,104,42,146,252
01/14/2021,TVC,MI,AGL,CE,Towers with Radar,14,7,8,0,29,0,0,2,3,5,14,7,10,3,34,0,34,34,68
01/15/2021,TVC,MI,AGL,CE,Towers with Radar,16,6,13,0,35,0,0,0,1,1,16,6,13,1,36,0,42,42,78
01/16/2021,TVC,MI,AGL,CE,Towers with Radar,12,10,7,0,29,0,0,0,0,0,12,10,7,0,29,0,0,0,29
01/17/2021,TVC,MI,AGL,CE,Towers with Radar,13,4,1,0,18,0,0,2,4,6,13,4,3,4,24,10,0,10,34
01/18/2021,TVC,MI,AGL,CE,Towers with Radar,13,3,4,1,21,0,2,7,1,10,13,5,11,2,31,22,8,30,61
01/19/2021,TVC,MI,AGL,CE,Towers with Radar,8,6,16,10,40,0,2,39,7,48,8,8,55,17,88,135,36,171,259
01/20/2021,TVC,MI,AGL,CE,Towers with Radar,10,13,13,3,39,0,0,22,6,28,10,13,35,9,67,76,54,130,197
01/21/2021,TVC,MI,AGL,CE,Towers with Radar,11,10,9,5,35,0,0,42,6,48,11,10,51,11,83,82,8,90,173
01/22/2021,TVC,MI,AGL,CE,Towers with Radar,16,12,9,4,41,0,0,0,2,2,16,12,9,6,43,0,74,74,117
01/23/2021,TVC,MI,AGL,CE,Towers with Radar,12,10,25,1,48,0,3,76,5,84,12,13,101,6,132,106,0,106,238
01/24/2021,TVC,MI,AGL,CE,Towers with Radar,12,6,2,2,22,0,0,1,0,1,12,6,3,2,23,14,0,14,37
01/25/2021,TVC,MI,AGL,CE,Towers with Radar,11,2,14,9,36,0,9,68,5,82,11,11,82,14,118,172,0,172,290
01/26/2021,TVC,MI,AGL,CE,Towers with Radar,8,8,3,0,19,0,0,2,5,7,8,8,5,5,26,0,10,10,36
01/27/2021,TVC,MI,AGL,CE,Towers with Radar,10,13,2,3,28,0,0,20,1,21,10,13,22,4,49,58,0,58,107
01/28/2021,TVC,MI,AGL,CE,Towers with Radar,12,15,11,3,41,0,0,15,8,23,12,15,26,11,64,48,42,90,154
01/29/2021,TVC,MI,AGL,CE,Towers with Radar,15,8,55,0,78,0,5,110,3,118,15,13,165,3,196,220,18,238,434
01/30/2021,TVC,MI,AGL,CE,Towers with Radar,12,16,31,0,59,0,2,60,2,64,12,18,91,2,123,156,0,156,279
01/31/2021,TVC,MI,AGL,CE,Towers with Radar,7,1,14,0,22,0,0,6,0,6,7,1,20,0,28,18,0,18,46
02/01/2021,TVC,MI,AGL,CE,Towers with Radar,12,5,31,1,49,0,1,70,6,77,12,6,101,7,126,174,8,182,308
02/02/2021,TVC,MI,AGL,CE,Towers with Radar,7,9,23,4,43,0,0,67,4,71,7,9,90,8,114,140,48,188,302
02/03/2021,TVC,MI,AGL,CE,Towers with Radar,8,11,30,5,54,0,1,103,5,109,8,12,133,10,163,154,12,166,329
02/04/2021,TVC,MI,AGL,CE,Towers with Radar,10,9,9,0,28,0,0,54,4,58,10,9,63,4,86,112,0,112,198
02/05/2021,TVC,MI,AGL,CE,Towers with Radar,13,13,7,0,33,0,0,0,0,0,13,13,7,0,33,0,0,0,33
02/06/2021,TVC,MI,AGL,CE,Towers with Radar,11,9,6,0,26,0,0,0,2,2,11,9,6,2,28,0,0,0,28
02/07/2021,TVC,MI,AGL,CE,Towers with Radar,13,2,2,1,18,0,0,0,0,0,13,2,2,1,18,0,0,0,18
02/08/2021,TVC,MI,AGL,CE,Towers with Radar,12,13,6,0,31,0,2,22,2,26,12,15,28,2,57,82,24,106,163
02/09/2021,TVC,MI,AGL,CE,Towers with Radar,8,10,30,5,53,0,2,64,10,76,8,12,94,15,129,242,10,252,381
02/10/2021,TVC,MI,AGL,CE,Towers with Radar,8,10,15,7,40,0,0,41,15,56,8,10,56,22,96,84,22,106,202
02/11/2021,TVC,MI,AGL,CE,Towers with Radar,12,8,17,1,38,0,0,97,11,108,12,8,114,12,146,176,20,196,342
02/12/2021,TVC,MI,AGL,CE,Towers with Radar,17,9,16,0,42,0,0,21,4,25,17,9,37,4,67,60,0,60,127
02/13/2021,TVC,MI,AGL,CE,Towers with Radar,10,15,6,0,31,0,0,0,2,2,10,15,6,2,33,2,0,2,35
02/14/2021,TVC,MI,AGL,CE,Towers with Radar,12,9,8,1,30,0,2,1,2,5,12,11,9,3,35,0,6,6,41
02/15/2021,TVC,MI,AGL,CE,Towers with Radar,13,8,14,0,35,0,0,9,0,9,13,8,23,0,44,20,0,20,64
02/16/2021,TVC,MI,AGL,CE,Towers with Radar,7,6,17,3,33,0,2,56,13,71,7,8,73,16,104,64,38,102,206
02/17/2021,TVC,MI,AGL,CE,Towers with Radar,8,17,33,4,62,0,2,125,10,137,8,19,158,14,199,156,2,158,357
02/18/2021,TVC,MI,AGL,CE,Towers with Radar,16,6,20,0,42,0,0,90,7,97,16,6,110,7,139,164,2,166,305
02/19/2021,TVC,MI,AGL,CE,Towers with Radar,16,9,12,1,38,0,3,26,4,33,16,12,38,5,71,138,28,166,237
02/20/2021,TVC,MI,AGL,CE,Towers with Radar,10,8,9,1,28,0,0,4,1,5,10,8,13,2,33,2,0,2,35
02/21/2021,TVC,MI,AGL,CE,Towers with Radar,14,5,20,0,39,0,3,25,2,30,14,8,45,2,69,18,6,24,93
02/22/2021,TVC,MI,AGL,CE,Towers with Radar,18,9,13,0,40,0,3,5,5,13,18,12,18,5,53,34,22,56,109
02/23/2021,TVC,MI,AGL,CE,Towers with Radar,8,7,22,2,39,0,1,76,8,85,8,8,98,10,124,118,26,144,268
02/24/2021,TVC,MI,AGL,CE,Towers with Radar,8,8,4,0,20,0,0,7,2,9,8,8,11,2,29,70,48,118,147
02/25/2021,TVC,MI,AGL,CE,Towers with Radar,16,6,18,1,41,0,0,66,16,82,16,6,84,17,123,150,26,176,299
02/26/2021,TVC,MI,AGL,CE,Towers with Radar,18,15,33,0,66,0,1,44,6,51,18,16,77,6,117,72,0,72,189
02/27/2021,TVC,MI,AGL,CE,Towers with Radar,11,12,21,0,44,0,2,38,2,42,11,14,59,2,86,122,14,136,222
02/28/2021,TVC,MI,AGL,CE,Towers with Radar,18,1,4,0,23,0,0,14,1,15,18,1,18,1,38,24,8,32,70
03/01/2021,TVC,MI,AGL,CE,Towers with Radar,18,3,6,0,27,0,2,1,8,11,18,5,7,8,38,0,12,12,50
03/02/2021,TVC,MI,AGL,CE,Towers with Radar,8,8,6,6,28,0,1,24,10,35,8,9,30,16,63,30,2,32,95
03/03/2021,TVC,MI,AGL,CE,Towers with Radar,7,11,26,0,44,0,3,91,8,102,7,14,117,8,146,168,20,188,334
03/04/2021,TVC,MI,AGL,CE,Towers with Radar,14,13,33,7,67,0,1,87,16,104,14,14,120,23,171,172,46,218,389
03/05/2021,TVC,MI,AGL,CE,Towers with Radar,17,12,25,0,54,0,0,70,3,73,17,12,95,3,127,142,22,164,291
03/06/2021,TVC,MI,AGL,CE,Towers with Radar,14,8,19,0,41,0,9,43,0,52,14,17,62,0,93,94,0,94,187
03/07/2021,TVC,MI,AGL,CE,Towers with Radar,15,5,14,0,34,0,2,50,2,54,15,7,64,2,88,8,0,8,96
03/08/2021,TVC,MI,AGL,CE,Towers with Radar,17,7,34,0,58,0,1,73,3,77,17,8,107,3,135,120,0,120,255
03/09/2021,TVC,MI,AGL,CE,Towers with Radar,11,11,22,2,46,0,4,93,9,106,11,15,115,11,152,140,34,174,326
03/10/2021,TVC,MI,AGL,CE,Towers with Radar,14,11,8,0,33,0,0,12,9,21,14,11,20,9,54,58,20,78,132
03/11/2021,TVC,MI,AGL,CE,Towers with Radar,18,17,7,1,43,0,0,0,6,6,18,17,7,7,49,0,24,24,73
03/12/2021,TVC,MI,AGL,CE,Towers with Radar,17,10,51,3,81,0,1,53,3,57,17,11,104,6,138,130,4,134,272
03/13/2021,TVC,MI,AGL,CE,Towers with Radar,16,6,18,1,41,0,4,48,6,58,16,10,66,7,99,70,0,70,169
03/14/2021,TVC,MI,AGL,CE,Towers with Radar,17,1,12,1,31,0,1,40,4,45,17,2,52,5,76,40,0,40,116
03/15/2021,TVC,MI,AGL,CE,Towers with Radar,18,5,36,1,60,0,0,114,7,121,18,5,150,8,181,216,2,218,399
03/16/2021,TVC,MI,AGL,CE,Towers with Radar,14,9,13,2,38,0,0,20,5,25,14,9,33,7,63,112,8,120,183
03/17/2021,TVC,MI,AGL,CE,Towers with Radar,13,11,8,1,33,0,0,44,4,48,13,11,52,5,81,222,12,234,315
03/18/2021,TVC,MI,AGL,CE,Towers with Radar,16,10,18,0,44,0,2,50,6,58,16,12,68,6,102,30,2,32,134
03/19/2021,TVC,MI,AGL,CE,Towers with Radar,20,7,53,2,82,0,4,129,13,146,20,11,182,15,228,184,6,190,418
03/20/2021,TVC,MI,AGL,CE,Towers with Radar,15,11,22,0,48,0,11,87,3,101,15,22,109,3,149,60,0,60,209
03/21/2021,TVC,MI,AGL,CE,Towers with Radar,17,2,24,0,43,0,11,32,3,46,17,13,56,3,89,18,0,18,107
03/22/2021,TVC,MI,AGL,CE,Towers with Radar,19,4,14,2,39,0,0,21,7,28,19,4,35,9,67,30,56,86,153
03/23/2021,TVC,MI,AGL,CE,Towers with Radar,13,9,47,0,69,0,1,92,5,98,13,10,139,5,167,292,4,296,463
03/24/2021,TVC,MI,AGL,CE,Towers with Radar,11,13,2,0,26,0,2,22,6,30,11,15,24,6,56,98,2,100,156
03/25/2021,TVC,MI,AGL,CE,Towers with Radar,17,14,13,2,46,0,1,36,4,41,17,15,49,6,87,228,0,228,315
03/26/2021,TVC,MI,AGL,CE,Towers with Radar,21,12,7,0,40,0,3,6,1,10,21,15,13,1,50,42,20,62,112
03/27/2021,TVC,MI,AGL,CE,Towers with Radar,15,8,16,0,39,0,9,47,4,60,15,17,63,4,99,104,0,104,203
03/28/2021,TVC,MI,AGL,CE,Towers with Radar,15,7,4,0,26,0,0,0,2,2,15,7,4,2,28,0,0,0,28
03/29/2021,TVC,MI,AGL,CE,Towers with Radar,19,3,25,0,47,0,1,83,2,86,19,4,108,2,133,134,0,134,267
03/30/2021,TVC,MI,AGL,CE,Towers with Radar,17,8,2,4,31,0,0,7,14,21,17,8,9,18,52,0,20,20,72
03/31/2021,TVC,MI,AGL,CE,Towers with Radar,15,7,12,3,37,0,1,54,10,65,15,8,66,13,102,200,56,256,358
04/01/2021,TVC,MI,AGL,CE,Towers with Radar,21,10,20,3,54,0,1,70,6,77,21,11,90,9,131,96,20,116,247
04/02/2021,TVC,MI,AGL,CE,Towers with Radar,22,10,43,5,80,0,2,127,2,131,22,12,170,7,211,158,0,158,369
04/03/2021,TVC,MI,AGL,CE,Towers with Radar,16,13,14,0,43,0,3,52,2,57,16,16,66,2,100,34,0,34,134
04/04/2021,TVC,MI,AGL,CE,Towers with Radar,19,4,12,0,35,0,5,63,2,70,19,9,75,2,105,86,0,86,191
04/05/2021,TVC,MI,AGL,CE,Towers with Radar,18,6,22,0,46,0,2,73,5,80,18,8,95,5,126,128,2,130,256
04/06/2021,TVC,MI,AGL,CE,Towers with Radar,13,12,19,0,44,0,2,95,7,104,13,14,114,7,148,152,18,170,318
04/07/2021,TVC,MI,AGL,CE,Towers with Radar,11,14,40,0,65,0,5,97,3,105,11,19,137,3,170,192,2,194,364
04/08/2021,TVC,MI,AGL,CE,Towers with Radar,19,11,9,1,40,0,3,32,8,43,19,14,41,9,83,57,42,99,182
04/09/2021,TVC,MI,AGL,CE,Towers with Radar,19,13,23,2,57,0,2,26,3,31,19,15,49,5,88,98,0,98,186
04/10/2021,TVC,MI,AGL,CE,Towers with Radar,15,17,22,0,54,0,2,17,2,21,15,19,39,2,75,18,0,18,93
04/11/2021,TVC,MI,AGL,CE,Towers with Radar,17,9,17,0,43,0,3,1,2,6,17,12,18,2,49,0,8,8,57
04/12/2021,TVC,MI,AGL,CE,Towers with Radar,18,7,10,1,36,0,1,14,1,16,18,8,24,2,52,38,0,38,90
04/13/2021,TVC,MI,AGL,CE,Towers with Radar,10,9,32,1,52,0,4,76,7,87,10,13,108,8,139,148,0,148,287
04/14/2021,TVC,MI,AGL,CE,Towers with Radar,8,11,9,0,28,0,0,5,3,8,8,11,14,3,36,44,14,58,94
04/15/2021,TVC,MI,AGL,CE,Towers with Radar,17,13,11,2,43,0,0,0,4,4,17,13,11,6,47,0,0,0,47
04/16/2021,TVC,MI,AGL,CE,Towers with Radar,20,11,27,1,59,0,1,14,6,21,20,12,41,7,80,78,0,78,158
04/17/2021,TVC,MI,AGL,CE,Towers with Radar,14,9,30,0,53,0,4,112,1,117,14,13,142,1,170,146,14,160,330
04/18/2021,TVC,MI,AGL,CE,Towers with Radar,16,6,17,0,39,0,2,54,2,58,16,8,71,2,97,40,0,40,137
04/19/2021,TVC,MI,AGL,CE,Towers with Radar,19,7,10,0,36,0,4,32,4,40,19,11,42,4,76,40,0,40,116
04/20/2021,TVC,MI,AGL,CE,Towers with Radar,9,7,12,2,30,0,7,73,5,85,9,14,85,7,115,131,0,131,246
04/21/2021,TVC,MI,AGL,CE,Towers with Radar,8,12,31,0,51,0,1,92,8,101,8,13,123,8,152,234,0,234,386
04/22/2021,TVC,MI,AGL,CE,Towers with Radar,17,19,38,2,76,0,1,108,9,118,17,20,146,11,194,115,0,115,309
04/23/2021,TVC,MI,AGL,CE,Towers with Radar,23,19,34,2,78,0,0,98,16,114,23,19,132,18,192,118,0,118,310
04/24/2021,TVC,MI,AGL,CE,Towers with Radar,13,12,18,1,44,0,7,37,4,48,13,19,55,5,92,92,0,92,184
04/25/2021,TVC,MI,AGL,CE,Towers with Radar,18,0,13,0,31,0,3,32,2,37,18,3,45,2,68,80,0,80,148
04/26/2021,TVC,MI,AGL,CE,Towers with Radar,19,8,16,2,45,0,0,17,2,19,19,8,33,4,64,44,0,44,108
04/27/2021,TVC,MI,AGL,CE,Towers with Radar,9,10,38,0,57,0,4,84,7,95,9,14,122,7,152,144,0,144,296
04/28/2021,TVC,MI,AGL,CE,Towers with Radar,8,12,12,0,32,0,1,1,3,5,8,13,13,3,37,0,0,0,37
04/29/2021,TVC,MI,AGL,CE,Towers with Radar,17,12,34,4,67,0,0,12,7,19,17,12,46,11,86,52,0,52,138
04/30/2021,TVC,MI,AGL,CE,Towers with Radar,18,12,23,4,57,0,1,45,5,51,18,13,68,9,108,54,0,54,162
05/01/2021,TVC,MI,AGL,CE,Towers with Radar,17,7,15,0,39,0,2,9,3,14,17,9,24,3,53,2,0,2,55
05/02/2021,TVC,MI,AGL,CE,Towers with Radar,17,7,25,0,49,0,9,47,0,56,17,16,72,0,105,94,0,94,199
05/03/2021,TVC,MI,AGL,CE,Towers with Radar,21,7,27,3,58,0,0,0,0,0,21,7,27,3,58,0,0,0,58
05/04/2021,TVC,MI,AGL,CE,Towers with Radar,12,15,15,1,43,0,0,2,0,2,12,15,17,1,45,2,0,2,47
05/05/2021,TVC,MI,AGL,CE,Towers with Radar,14,12,29,0,55,0,0,56,8,64,14,12,85,8,119,214,0,214,333
05/06/2021,TVC,MI,AGL,CE,Towers with Radar,34,10,27,0,71,0,0,95,15,110,34,10,122,15,181,208,0,208,389
05/07/2021,TVC,MI,AGL,CE,Towers with Radar,35,9,21,4,69,0,0,11,1,12,35,9,32,5,81,18,0,18,99
05/08/2021,TVC,MI,AGL,CE,Towers with Radar,36,12,32,2,82,0,6,93,2,101,36,18,125,4,183,98,14,112,295
05/09/2021,TVC,MI,AGL,CE,Towers with Radar,33,3,17,0,53,0,10,32,3,45,33,13,49,3,98,26,12,38,136
05/10/2021,TVC,MI,AGL,CE,Towers with Radar,36,4,46,2,88,0,6,65,10,81,36,10,111,12,169,130,14,144,313
05/11/2021,TVC,MI,AGL,CE,Towers with Radar,23,13,26,0,62,0,3,77,9,89,23,16,103,9,151,196,16,212,363
05/12/2021,TVC,MI,AGL,CE,Towers with Radar,26,23,41,4,94,0,8,144,1,153,26,31,185,5,247,242,0,242,489
05/13/2021,TVC,MI,AGL,CE,Towers with Radar,32,12,34,0,78,0,5,132,3,140,32,17,166,3,218,238,0,238,456
05/14/2021,TVC,MI,AGL,CE,Towers with Radar,33,7,41,1,82,0,8,129,3,140,33,15,170,4,222,224,0,224,446
05/15/2021,TVC,MI,AGL,CE,Towers with Radar,35,8,21,0,64,0,11,94,6,111,35,19,115,6,175,80,0,80,255
05/16/2021,TVC,MI,AGL,CE,Towers with Radar,33,3,22,1,59,0,2,57,1,60,33,5,79,2,119,46,0,46,165
05/17/2021,TVC,MI,AGL,CE,Towers with Radar,32,9,28,0,69,0,1,99,4,104,32,10,127,4,173,242,0,242,415
05/18/2021,TVC,MI,AGL,CE,Towers with Radar,30,9,20,2,61,0,2,143,6,151,30,11,163,8,212,182,0,182,394
05/19/2021,TVC,MI,AGL,CE,Towers with Radar,30,14,38,2,84,0,4,71,6,81,30,18,109,8,165,162,10,172,337
05/20/2021,TVC,MI,AGL,CE,Towers with Radar,31,18,53,0,102,0,3,102,7,112,31,21,155,7,214,228,14,242,456
05/21/2021,TVC,MI,AGL,CE,Towers with Radar,35,15,36,1,87,0,15,60,0,75,35,30,96,1,162,102,0,102,264
05/22/2021,TVC,MI,AGL,CE,Towers with Radar,36,10,27,2,75,0,4,16,4,24,36,14,43,6,99,38,0,38,137
05/23/2021,TVC,MI,AGL,CE,Towers with Radar,37,3,20,1,61,0,1,2,1,4,37,4,22,2,65,0,0,0,65
05/24/2021,TVC,MI,AGL,CE,Towers with Radar,33,5,30,2,70,0,5,66,5,76,33,10,96,7,146,156,0,156,302
05/25/2021,TVC,MI,AGL,CE,Towers with Radar,33,11,29,1,74,0,6,34,5,45,33,17,63,6,119,56,2,58,177
05/26/2021,TVC,MI,AGL,CE,Towers with Radar,34,9,33,0,76,0,1,94,11,106,34,10,127,11,182,162,0,162,344
05/27/2021,TVC,MI,AGL,CE,Towers with Radar,29,16,46,1,92,0,8,124,9,141,29,24,170,10,233,230,6,236,469
05/28/2021,TVC,MI,AGL,CE,Towers with Radar,32,23,43,0,98,0,7,46,2,55,32,30,89,2,153,81,0,81,234
05/29/2021,TVC,MI,AGL,CE,Towers with Radar,40,21,27,0,88,0,8,86,3,97,40,29,113,3,185,110,0,110,295
05/30/2021,TVC,MI,AGL,CE,Towers with Radar,38,5,24,0,67,0,8,59,2,69,38,13,83,2,136,38,0,38,174
05/31/2021,TVC,MI,AGL,CE,Towers with Radar,39,11,38,0,88,0,3,41,3,47,39,14,79,3,135,12,0,12,147
06/01/2021,TVC,MI,AGL,CE,Towers with Radar,37,12,42,1,92,0,0,120,6,126,37,12,162,7,218,258,0,258,476
06/02/2021,TVC,MI,AGL,CE,Towers with Radar,40,17,27,0,84,0,6,92,7,105,40,23,119,7,189,242,0,242,431
06/03/2021,TVC,MI,AGL,CE,Towers with Radar,51,14,36,0,101,0,4,79,11,94,51,18,115,11,195,62,6,68,263
06/04/2021,TVC,MI,AGL,CE,Towers with Radar,49,14,30,5,98,0,3,86,5,94,49,17,116,10,192,122,4,126,318
06/05/2021,TVC,MI,AGL,CE,Towers with Radar,67,15,20,1,103,0,5,21,1,27,67,20,41,2,130,2,0,2,132
06/06/2021,TVC,MI,AGL,CE,Towers with Radar,45,17,29,2,93,0,2,46,6,54,45,19,75,8,147,36,2,38,185
06/07/2021,TVC,MI,AGL,CE,Towers with Radar,45,14,48,1,108,0,3,85,8,96,45,17,133,9,204,202,0,202,406
06/08/2021,TVC,MI,AGL,CE,Towers with Radar,38,17,42,0,97,0,4,82,5,91,38,21,124,5,188,228,0,228,416
06/09/2021,TVC,MI,AGL,CE,Towers with Radar,46,23,37,0,106,0,5,92,3,100,46,28,129,3,206,174,0,174,380
06/10/2021,TVC,MI,AGL,CE,Towers with Radar,43,22,46,1,112,0,2,124,9,135,43,24,170,10,247,240,0,240,487
06/11/2021,TVC,MI,AGL,CE,Towers with Radar,47,10,36,4,97,0,10,102,6,118,47,20,138,10,215,206,10,216,431
06/12/2021,TVC,MI,AGL,CE,Towers with Radar,58,22,16,0,96,0,19,46,4,69,58,41,62,4,165,38,0,38,203
06/13/2021,TVC,MI,AGL,CE,Towers with Radar,46,15,23,3,87,0,4,64,8,76,46,19,87,11,163,26,0,26,189
06/14/2021,TVC,MI,AGL,CE,Towers with Radar,46,21,45,2,114,0,3,90,3,96,46,24,135,5,210,120,0,120,330
06/15/2021,TVC,MI,AGL,CE,Towers with Radar,42,18,46,0,106,0,6,101,14,121,42,24,147,14,227,120,0,120,347
06/16/2021,TVC,MI,AGL,CE,Towers with Radar,46,26,47,0,119,0,5,135,10,150,46,31,182,10,269,198,8,206,475
06/17/2021,TVC,MI,AGL,CE,Towers with Radar,43,21,66,2,132,0,9,119,11,139,43,30,185,13,271,122,0,122,393
06/18/2021,TVC,MI,AGL,CE,Towers with Radar,49,20,40,2,111,0,6,51,3,60,49,26,91,5,171,78,0,78,249
06/19/2021,TVC,MI,AGL,CE,Towers with Radar,59,24,28,0,111,0,17,128,0,145,59,41,156,0,256,60,0,60,316
06/20/2021,TVC,MI,AGL,CE,Towers with Radar,46,12,33,1,92,0,3,50,0,53,46,15,83,1,145,80,8,88,233
06/21/2021,TVC,MI,AGL,CE,Towers with Radar,45,21,43,1,110,0,2,6,8,16,45,23,49,9,126,4,18,22,148
06/22/2021,TVC,MI,AGL,CE,Towers with Radar,40,19,33,0,92,0,3,112,9,124,40,22,145,9,216,172,34,206,422
06/23/2021,TVC,MI,AGL,CE,Towers with Radar,45,20,43,0,108,0,6,114,9,129,45,26,157,9,237,156,32,188,425
06/24/2021,TVC,MI,AGL,CE,Towers with Radar,38,18,36,1,93,0,3,11,3,17,38,21,47,4,110,32,20,52,162
06/25/2021,TVC,MI,AGL,CE,Towers with Radar,48,23,48,0,119,0,0,11,5,16,48,23,59,5,135,44,10,54,189
06/26/2021,TVC,MI,AGL,CE,Towers with Radar,63,34,18,0,115,0,0,0,0,0,63,34,18,0,115,0,0,0,115
06/27/2021,TVC,MI,AGL,CE,Towers with Radar,46,31,36,2,115,0,4,2,0,6,46,35,38,2,121,0,0,0,121
06/28/2021,TVC,MI,AGL,CE,Towers with Radar,45,14,55,0,114,0,2,134,3,139,45,16,189,3,253,258,0,258,511
06/29/2021,TVC,MI,AGL,CE,Towers with Radar,44,33,60,1,138,0,4,6,3,13,44,37,66,4,151,6,4,10,161
06/30/2021,TVC,MI,AGL,CE,Towers with Radar,42,27,23,4,96,0,4,96,7,107,42,31,119,11,203,290,32,322,525
07/01/2021,TVC,MI,AGL,CE,Towers with Radar,46,44,80,0,170,0,6,87,0,93,46,50,167,0,263,142,0,142,405
07/02/2021,TVC,MI,AGL,CE,Towers with Radar,48,36,51,4,139,0,7,143,8,158,48,43,194,12,297,176,0,176,473
07/03/2021,TVC,MI,AGL,CE,Towers with Radar,56,17,28,6,107,0,14,29,12,55,56,31,57,18,162,34,0,34,196
07/04/2021,TVC,MI,AGL,CE,Towers with Radar,46,21,24,2,93,0,9,31,5,45,46,30,55,7,138,8,0,8,146
07/05/2021,TVC,MI,AGL,CE,Towers with Radar,51,35,53,0,139,0,5,45,6,56,51,40,98,6,195,14,0,14,209
07/06/2021,TVC,MI,AGL,CE,Towers with Radar,42,24,41,8,115,0,1,112,6,119,42,25,153,14,234,258,26,284,518
07/07/2021,TVC,MI,AGL,CE,Towers with Radar,53,25,26,3,107,0,9,1,4,14,53,34,27,7,121,0,8,8,129
07/08/2021,TVC,MI,AGL,CE,Towers with Radar,44,19,75,3,141,0,1,13,6,20,44,20,88,9,161,6,8,14,175
07/09/2021,TVC,MI,AGL,CE,Towers with Radar,46,22,54,4,126,0,14,147,6,167,46,36,201,10,293,232,0,232,525
07/10/2021,TVC,MI,AGL,CE,Towers with Radar,60,30,43,1,134,0,13,88,7,108,60,43,131,8,242,38,0,38,280
07/11/2021,TVC,MI,AGL,CE,Towers with Radar,49,30,60,1,140,0,4,68,2,74,49,34,128,3,214,84,0,84,298
07/12/2021,TVC,MI,AGL,CE,Towers with Radar,46,23,50,1,120,0,4,100,4,108,46,27,150,5,228,182,12,194,422
07/13/2021,TVC,MI,AGL,CE,Towers with Radar,43,21,25,0,89,0,2,1,0,3,43,23,26,0,92,0,0,0,92
07/14/2021,TVC,MI,AGL,CE,Towers with Radar,85,32,59,0,176,0,2,111,3,116,85,34,170,3,292,226,0,226,518
07/15/2021,TVC,MI,AGL,CE,Towers with Radar,43,34,57,1,135,0,11,37,8,56,43,45,94,9,191,136,0,136,327
07/16/2021,TVC,MI,AGL,CE,Towers with Radar,44,23,47,3,117,0,4,96,1,101,44,27,143,4,218,104,0,104,322
07/17/2021,TVC,MI,AGL,CE,Towers with Radar,60,33,42,1,136,0,16,96,3,115,60,49,138,4,251,92,1,93,344
07/18/2021,TVC,MI,AGL,CE,Towers with Radar,45,39,53,0,137,0,11,84,0,95,45,50,137,0,232,78,0,78,310
07/19/2021,TVC,MI,AGL,CE,Towers with Radar,40,42,66,1,149,0,4,107,8,119,40,46,173,9,268,106,0,106,374
07/20/2021,TVC,MI,AGL,CE,Towers with Radar,38,22,51,8,119,0,3,41,4,48,38,25,92,12,167,58,0,58,225
07/21/2021,TVC,MI,AGL,CE,Towers with Radar,45,31,47,0,123,0,15,166,9,190,45,46,213,9,313,231,22,253,566
07/22/2021,TVC,MI,AGL,CE,Towers with Radar,48,34,68,0,150,0,9,112,11,132,48,43,180,11,282,218,0,218,500
07/23/2021,TVC,MI,AGL,CE,Towers with Radar,47,30,61,4,142,0,5,98,4,107,47,35,159,8,249,188,2,190,439
07/24/2021,TVC,MI,AGL,CE,Towers with Radar,60,23,36,0,119,0,3,32,0,35,60,26,68,0,154,4,0,4,158
07/25/2021,TVC,MI,AGL,CE,Towers with Radar,51,36,65,1,153,0,8,71,2,81,51,44,136,3,234,42,0,42,276
07/26/2021,TVC,MI,AGL,CE,Towers with Radar,43,30,51,0,124,0,5,131,3,139,43,35,182,3,263,82,0,82,345
07/27/2021,TVC,MI,AGL,CE,Towers with Radar,45,17,45,5,112,0,0,97,7,104,45,17,142,12,216,170,24,194,410
07/28/2021,TVC,MI,AGL,CE,Towers with Radar,47,36,55,1,139,0,5,110,6,121,47,41,165,7,260,200,0,200,460
07/29/2021,TVC,MI,AGL,CE,Towers with Radar,43,36,40,4,123,0,6,32,10,48,43,42,72,14,171,68,22,90,261
07/30/2021,TVC,MI,AGL,CE,Towers with Radar,47,28,51,1,127,0,6,132,7,145,47,34,183,8,272,172,0,172,444
07/31/2021,TVC,MI,AGL,CE,Towers with Radar,60,25,26,1,112,0,13,45,8,66,60,38,71,9,178,62,0,62,240
08/01/2021,TVC,MI,AGL,CE,Towers with Radar,48,44,63,0,155,0,3,53,1,57,48,47,116,1,212,70,4,74,286
08/02/2021,TVC,MI,AGL,CE,Towers with Radar,45,17,66,0,128,0,5,125,4,134,45,22,191,4,262,194,14,208,470
08/03/2021,TVC,MI,AGL,CE,Towers with Radar,34,30,42,0,106,0,16,119,14,149,34,46,161,14,255,200,0,200,455
08/04/2021,TVC,MI,AGL,CE,Towers with Radar,40,25,46,1,112,0,12,115,5,132,40,37,161,6,244,144,0,144,388
08/05/2021,TVC,MI,AGL,CE,Towers with Radar,41,25,58,0,124,0,6,105,8,119,41,31,163,8,243,189,0,189,432
08/06/2021,TVC,MI,AGL,CE,Towers with Radar,45,23,54,1,123,0,8,33,7,48,45,31,87,8,171,124,10,134,305
08/07/2021,TVC,MI,AGL,CE,Towers with Radar,62,23,70,0,155,0,11,17,0,28,62,34,87,0,183,0,0,0,183
08/08/2021,TVC,MI,AGL,CE,Towers with Radar,50,39,65,0,154,0,2,14,2,18,50,41,79,2,172,12,6,18,190
08/09/2021,TVC,MI,AGL,CE,Towers with Radar,35,25,32,1,93,0,0,46,9,55,35,25,78,10,148,60,0,60,208
08/10/2021,TVC,MI,AGL,CE,Towers with Radar,31,30,44,1,106,0,0,38,1,39,31,30,82,2,145,60,8,68,213
08/11/2021,TVC,MI,AGL,CE,Towers with Radar,38,28,30,0,96,0,4,57,9,70,38,32,87,9,166,76,38,114,280
08/12/2021,TVC,MI,AGL,CE,Towers with Radar,45,38,45,1,129,0,11,90,5,106,45,49,135,6,235,140,0,140,375
08/13/2021,TVC,MI,AGL,CE,Towers with Radar,42,37,36,0,115,0,20,116,8,144,42,57,152,8,259,204,8,212,471
08/14/2021,TVC,MI,AGL,CE,Towers with Radar,63,39,43,0,145,0,18,80,5,103,63,57,123,5,248,52,0,52,300
08/15/2021,TVC,MI,AGL,CE,Towers with Radar,43,42,54,0,139,0,11,69,2,82,43,53,123,2,221,12,0,12,233
08/16/2021,TVC,MI,AGL,CE,Towers with Radar,44,33,63,1,141,0,2,108,4,114,44,35,171,5,255,142,8,150,405
08/17/2021,TVC,MI,AGL,CE,Towers with Radar,38,17,28,0,83,0,5,92,2,99,38,22,120,2,182,220,0,220,402
08/18/2021,TVC,MI,AGL,CE,Towers with Radar,35,21,45,5,106,0,3,100,6,109,35,24,145,11,215,262,0,262,477
08/19/2021,TVC,MI,AGL,CE,Towers with Radar,39,39,42,0,120,0,7,128,13,148,39,46,170,13,268,176,42,218,486
08/20/2021,TVC,MI,AGL,CE,Towers with Radar,44,26,50,2,122,0,12,114,3,129,44,38,164,5,251,236,0,236,487
08/21/2021,TVC,MI,AGL,CE,Towers with Radar,51,25,29,2,107,0,13,67,2,82,51,38,96,4,189,36,6,42,231
08/22/2021,TVC,MI,AGL,CE,Towers with Radar,52,24,41,0,117,0,15,53,1,69,52,39,94,1,186,68,2,70,256
08/23/2021,TVC,MI,AGL,CE,Towers with Radar,40,22,53,0,115,0,3,92,3,98,40,25,145,3,213,86,0,86,299
08/24/2021,TVC,MI,AGL,CE,Towers with Radar,32,14,28,0,74,0,3,87,9,99,32,17,115,9,173,116,44,160,333
08/25/2021,TVC,MI,AGL,CE,Towers with Radar,34,28,38,2,102,0,5,39,7,51,34,33,77,9,153,48,0,48,201
08/26/2021,TVC,MI,AGL,CE,Towers with Radar,42,23,42,1,108,0,3,66,4,73,42,26,108,5,181,122,30,152,333
08/27/2021,TVC,MI,AGL,CE,Towers with Radar,44,25,36,0,105,0,5,14,2,21,44,30,50,2,126,22,12,34,160
08/28/2021,TVC,MI,AGL,CE,Towers with Radar,54,22,36,3,115,0,6,38,1,45,54,28,74,4,160,56,0,56,216
08/29/2021,TVC,MI,AGL,CE,Towers with Radar,49,23,25,0,97,0,2,35,1,38,49,25,60,1,135,22,0,22,157
08/30/2021,TVC,MI,AGL,CE,Towers with Radar,40,12,29,0,81,0,6,88,4,98,40,18,117,4,179,110,34,144,323
08/31/2021,TVC,MI,AGL,CE,Towers with Radar,35,30,43,0,108,0,9,106,2,117,35,39,149,2,225,180,12,192,417
09/01/2021,TVC,MI,AGL,CE,Towers with Radar,33,35,31,1,100,0,10,103,2,115,33,45,134,3,215,196,0,196,411
09/02/2021,TVC,MI,AGL,CE,Towers with Radar,41,27,42,3,113,0,17,118,6,141,41,44,160,9,254,258,26,284,538
09/03/2021,TVC,MI,AGL,CE,Towers with Radar,41,30,47,0,118,0,11,139,13,163,41,41,186,13,281,202,0,202,483
09/04/2021,TVC,MI,AGL,CE,Towers with Radar,52,19,28,2,101,0,2,18,4,24,52,21,46,6,125,34,8,42,167
09/05/2021,TVC,MI,AGL,CE,Towers with Radar,45,14,27,0,86,0,9,32,7,48,45,23,59,7,134,16,0,16,150
09/06/2021,TVC,MI,AGL,CE,Towers with Radar,43,34,43,0,120,0,2,80,6,88,43,36,123,6,208,114,2,116,324
09/07/2021,TVC,MI,AGL,CE,Towers with Radar,34,20,17,0,71,0,0,17,0,17,34,20,34,0,88,44,0,44,132
09/08/2021,TVC,MI,AGL,CE,Towers with Radar,32,25,39,3,99,0,4,62,8,74,32,29,101,11,173,146,20,166,339
09/09/2021,TVC,MI,AGL,CE,Towers with Radar,36,27,32,0,95,0,14,142,3,159,36,41,174,3,254,232,0,232,486
09/10/2021,TVC,MI,AGL,CE,Towers with Radar,34,27,52,1,114,0,6,119,3,128,34,33,171,4,242,180,10,190,432
09/11/2021,TVC,MI,AGL,CE,Towers with Radar,33,26,32,0,91,0,8,35,7,50,33,34,67,7,141,30,16,46,187
09/12/2021,TVC,MI,AGL,CE,Towers with Radar,36,36,34,0,106,0,1,49,0,50,36,37,83,0,156,30,0,30,186
09/13/2021,TVC,MI,AGL,CE,Towers with Radar,35,27,41,2,105,0,2,125,3,130,35,29,166,5,235,194,22,216,451
09/14/2021,TVC,MI,AGL,CE,Towers with Radar,32,18,20,0,70,0,3,2,12,17,32,21,22,12,87,0,46,46,133
09/15/2021,TVC,MI,AGL,CE,Towers with Radar,31,32,63,0,126,0,4,141,7,152,31,36,204,7,278,206,32,238,516
09/16/2021,TVC,MI,AGL,CE,Towers with Radar,42,29,33,1,105,0,8,135,16,159,42,37,168,17,264,272,49,321,585
09/17/2021,TVC,MI,AGL,CE,Towers with Radar,34,25,54,0,113,0,1,76,4,81,34,26,130,4,194,58,0,58,252
09/18/2021,TVC,MI,AGL,CE,Towers with Radar,33,11,21,0,65,0,12,76,1,89,33,23,97,1,154,98,0,98,252
09/19/2021,TVC,MI,AGL,CE,Towers with Radar,34,41,55,0,130,0,8,69,0,77,34,49,124,0,207,52,0,52,259
09/20/2021,TVC,MI,AGL,CE,Towers with Radar,36,24,26,0,86,0,2,68,0,70,36,26,94,0,156,142,0,142,298
09/21/2021,TVC,MI,AGL,CE,Towers with Radar,30,18,35,0,83,0,1,22,10,33,30,19,57,10,116,120,58,178,294
09/22/2021,TVC,MI,AGL,CE,Towers with Radar,31,18,20,0,69,0,0,38,9,47,31,18,58,9,116,22,38,60,176
09/23/2021,TVC,MI,AGL,CE,Towers with Radar,38,17,33,5,93,0,3,0,3,6,38,20,33,8,99,14,26,40,139
09/24/2021,TVC,MI,AGL,CE,Towers with Radar,35,16,44,0,95,0,7,120,4,131,35,23,164,4,226,210,19,229,455
09/25/2021,TVC,MI,AGL,CE,Towers with Radar,32,10,21,0,63,0,11,24,2,37,32,21,45,2,100,6,0,6,106
09/26/2021,TVC,MI,AGL,CE,Towers with Radar,33,16,21,0,70,0,7,31,3,41,33,23,52,3,111,30,0,30,141
09/27/2021,TVC,MI,AGL,CE,Towers with Radar,38,12,41,4,95,0,2,111,8,121,38,14,152,12,216,254,8,262,478
09/28/2021,TVC,MI,AGL,CE,Towers with Radar,28,22,35,3,88,0,1,146,7,154,28,23,181,10,242,156,36,192,434
09/29/2021,TVC,MI,AGL,CE,Towers with Radar,29,16,33,0,78,0,6,146,3,155,29,22,179,3,233,192,0,192,425
09/30/2021,TVC,MI,AGL,CE,Towers with Radar,34,26,33,0,93,0,8,144,6,158,34,34,177,6,251,199,20,219,470
10/01/2021,TVC,MI,AGL,CE,Towers with Radar,32,15,27,0,74,0,9,126,4,139,32,24,153,4,213,204,0,204,417
10/02/2021,TVC,MI,AGL,CE,Towers with Radar,31,12,13,0,56,0,12,44,1,57,31,24,57,1,113,14,0,14,127
10/03/2021,TVC,MI,AGL,CE,Towers with Radar,31,9,34,0,74,0,0,0,0,0,31,9,34,0,74,0,0,0,74
10/04/2021,TVC,MI,AGL,CE,Towers with Radar,38,8,50,2,98,0,1,5,0,6,38,9,55,2,104,0,0,0,104
10/05/2021,TVC,MI,AGL,CE,Towers with Radar,27,28,40,3,98,0,2,42,2,46,27,30,82,5,144,96,34,130,274
10/06/2021,TVC,MI,AGL,CE,Towers with Radar,27,20,29,0,76,0,5,102,2,109,27,25,131,2,185,268,0,268,453
10/07/2021,TVC,MI,AGL,CE,Towers with Radar,33,26,50,7,116,0,0,53,4,57,33,26,103,11,173,84,0,84,257
10/08/2021,TVC,MI,AGL,CE,Towers with Radar,24,20,51,3,98,0,0,5,1,6,24,20,56,4,104,4,46,50,154
10/09/2021,TVC,MI,AGL,CE,Towers with Radar,27,13,23,1,64,0,19,20,1,40,27,32,43,2,104,32,0,32,136
10/10/2021,TVC,MI,AGL,CE,Towers with Radar,25,11,29,1,66,0,13,21,3,37,25,24,50,4,103,24,6,30,133
10/11/2021,TVC,MI,AGL,CE,Towers with Radar,19,10,30,0,59,0,2,71,2,75,19,12,101,2,134,148,0,148,282
10/12/2021,TVC,MI,AGL,CE,Towers with Radar,22,26,38,1,87,0,2,14,4,20,22,28,52,5,107,28,12,40,147
10/13/2021,TVC,MI,AGL,CE,Towers with Radar,21,22,52,2,97,0,2,80,5,87,21,24,132,7,184,256,22,278,462
10/14/2021,TVC,MI,AGL,CE,Towers with Radar,26,22,31,1,80,0,13,93,1,107,26,35,124,2,187,200,0,200,387
10/15/2021,TVC,MI,AGL,CE,Towers with Radar,22,19,47,0,88,0,16,123,2,141,22,35,170,2,229,215,0,215,444
10/16/2021,TVC,MI,AGL,CE,Towers with Radar,26,7,23,0,56,0,11,78,2,91,26,18,101,2,147,76,0,76,223
10/17/2021,TVC,MI,AGL,CE,Towers with Radar,27,13,30,1,71,0,12,62,3,77,27,25,92,4,148,38,0,38,186
10/18/2021,TVC,MI,AGL,CE,Towers with Radar,24,12,47,2,85,0,5,150,6,161,24,17,197,8,246,227,10,237,483
10/19/2021,TVC,MI,AGL,CE,Towers with Radar,21,32,31,3,87,0,9,132,7,148,21,41,163,10,235,178,0,178,413
10/20/2021,TVC,MI,AGL,CE,Towers with Radar,22,10,25,0,57,0,3,77,9,89,22,13,102,9,146,86,0,86,232
10/21/2021,TVC,MI,AGL,CE,Towers with Radar,26,15,28,5,74,0,0,0,7,7,26,15,28,12,81,0,30,30,111
10/22/2021,TVC,MI,AGL,CE,Towers with Radar,18,16,24,4,62,0,11,38,8,57,18,27,62,12,119,182,0,182,301
10/23/2021,TVC,MI,AGL,CE,Towers with Radar,25,17,14,0,56,0,20,38,2,60,25,37,52,2,116,94,0,94,210
10/24/2021,TVC,MI,AGL,CE,Towers with Radar,23,18,23,0,64,0,23,53,1,77,23,41,76,1,141,34,0,34,175
10/25/2021,TVC,MI,AGL,CE,Towers with Radar,14,19,16,1,50,0,2,14,4,20,14,21,30,5,70,18,0,18,88
10/26/2021,TVC,MI,AGL,CE,Towers with Radar,21,17,23,4,65,0,3,124,12,139,21,20,147,16,204,284,22,306,510
10/27/2021,TVC,MI,AGL,CE,Towers with Radar,23,20,37,0,80,0,3,95,5,103,23,23,132,5,183,268,0,268,451
10/28/2021,TVC,MI,AGL,CE,Towers with Radar,27,15,31,1,74,0,6,85,5,96,27,21,116,6,170,190,0,190,360
10/29/2021,TVC,MI,AGL,CE,Towers with Radar,33,16,17,0,66,0,0,0,6,6,33,16,17,6,72,0,8,8,80
10/30/2021,TVC,MI,AGL,CE,Towers with Radar,28,14,30,0,72,0,13,63,2,78,28,27,93,2,150,162,0,162,312
10/31/2021,TVC,MI,AGL,CE,Towers with Radar,22,4,18,1,45,0,5,3,2,10,22,9,21,3,55,0,0,0,55
11/01/2021,TVC,MI,AGL,CE,Towers with Radar,21,7,39,1,68,0,6,80,9,95,21,13,119,10,163,174,20,194,357
11/02/2021,TVC,MI,AGL,CE,Towers with Radar,11,15,19,1,46,0,0,35,4,39,11,15,54,5,85,108,8,116,201
11/03/2021,TVC,MI,AGL,CE,Towers with Radar,14,19,36,0,69,0,3,78,0,81,14,22,114,0,150,240,0,240,390
11/04/2021,TVC,MI,AGL,CE,Towers with Radar,17,6,32,3,58,0,1,122,6,129,17,7,154,9,187,186,20,206,393
11/05/2021,TVC,MI,AGL,CE,Towers with Radar,14,8,28,0,50,0,3,104,3,110,14,11,132,3,160,112,0,112,272
11/06/2021,TVC,MI,AGL,CE,Towers with Radar,16,11,22,0,49,0,4,29,2,35,16,15,51,2,84,6,2,8,92
11/07/2021,TVC,MI,AGL,CE,Towers with Radar,17,3,26,0,46,0,6,62,2,70,17,9,88,2,116,40,0,40,156
11/08/2021,TVC,MI,AGL,CE,Towers with Radar,13,7,40,2,62,0,4,125,7,136,13,11,165,9,198,144,42,186,384
11/09/2021,TVC,MI,AGL,CE,Towers with Radar,11,13,32,1,57,0,2,114,6,122,11,15,146,7,179,186,36,222,401
11/10/2021,TVC,MI,AGL,CE,Towers with Radar,14,14,31,1,60,0,3,130,5,138,14,17,161,6,198,196,0,196,394
11/11/2021,TVC,MI,AGL,CE,Towers with Radar,16,6,25,0,47,0,0,2,2,4,16,6,27,2,51,4,0,4,55
11/12/2021,TVC,MI,AGL,CE,Towers with Radar,11,14,19,0,44,0,0,3,2,5,11,14,22,2,49,24,6,30,79
11/13/2021,TVC,MI,AGL,CE,Towers with Radar,14,8,5,0,27,0,0,0,2,2,14,8,5,2,29,0,0,0,29
11/14/2021,TVC,MI,AGL,CE,Towers with Radar,20,3,7,0,30,0,0,0,0,0,20,3,7,0,30,0,0,0,30
11/15/2021,TVC,MI,AGL,CE,Towers with Radar,15,11,26,3,55,0,1,41,7,49,15,12,67,10,104,150,0,150,254
11/16/2021,TVC,MI,AGL,CE,Towers with Radar,13,9,41,1,64,0,9,123,4,136,13,18,164,5,200,238,18,256,456
11/17/2021,TVC,MI,AGL,CE,Towers with Radar,11,18,28,0,57,0,2,14,2,18,11,20,42,2,75,26,0,26,101
11/18/2021,TVC,MI,AGL,CE,Towers with Radar,17,18,13,1,49,0,0,7,5,12,17,18,20,6,61,24,0,24,85
11/19/2021,TVC,MI,AGL,CE,Towers with Radar,16,13,38,1,68,0,4,109,4,117,16,17,147,5,185,222,30,252,437
11/20/2021,TVC,MI,AGL,CE,Towers with Radar,12,16,15,0,43,0,7,30,2,39,12,23,45,2,82,72,24,96,178
11/21/2021,TVC,MI,AGL,CE,Towers with Radar,17,7,14,0,38,0,0,8,2,10,17,7,22,2,48,14,8,22,70
11/22/2021,TVC,MI,AGL,CE,Towers with Radar,11,12,8,0,31,0,0,16,5,21,11,12,24,5,52,82,18,100,152
11/23/2021,TVC,MI,AGL,CE,Towers with Radar,16,16,33,0,65,0,1,126,5,132,16,17,159,5,197,158,16,174,371
11/24/2021,TVC,MI,AGL,CE,Towers with Radar,15,10,16,3,44,0,3,19,6,28,15,13,35,9,72,30,0,30,102
11/25/2021,TVC,MI,AGL,CE,Towers with Radar,8,3,0,0,11,0,0,0,0,0,8,3,0,0,11,0,0,0,11
11/26/2021,TVC,MI,AGL,CE,Towers with Radar,9,16,7,0,32,0,0,3,2,5,9,16,10,2,37,0,0,0,37
11/27/2021,TVC,MI,AGL,CE,Towers with Radar,20,23,17,1,61,0,0,6,0,6,20,23,23,1,67,6,0,6,73
11/28/2021,TVC,MI,AGL,CE,Towers with Radar,19,5,11,2,37,0,0,0,0,0,19,5,11,2,37,0,0,0,37
11/29/2021,TVC,MI,AGL,CE,Towers with Radar,14,11,27,1,53,0,2,89,2,93,14,13,116,3,146,200,0,200,346
11/30/2021,TVC,MI,AGL,CE,Towers with Radar,11,16,7,3,37,0,1,9,13,23,11,17,16,16,60,40,32,72,132
12/01/2021,TVC,MI,AGL,CE,Towers with Radar,11,10,18,0,39,0,0,33,4,37,11,10,51,4,76,156,48,204,280
12/02/2021,TVC,MI,AGL,CE,Towers with Radar,16,11,16,3,46,0,2,17,7,26,16,13,33,10,72,26,0,26,98
12/03/2021,TVC,MI,AGL,CE,Towers with Radar,15,19,15,1,50,0,0,59,3,62,15,19,74,4,112,116,38,154,266
12/04/2021,TVC,MI,AGL,CE,Towers with Radar,14,13,25,0,52,0,3,17,1,21,14,16,42,1,73,20,18,38,111
12/05/2021,TVC,MI,AGL,CE,Towers with Radar,7,0,6,0,13,0,0,0,0,0,7,0,6,0,13,0,0,0,13
12/06/2021,TVC,MI,AGL,CE,Towers with Radar,19,7,6,0,32,0,0,0,0,0,19,7,6,0,32,0,0,0,32
12/07/2021,TVC,MI,AGL,CE,Towers with Radar,13,11,33,0,57,0,0,112,5,117,13,11,145,5,174,200,0,200,374
12/08/2021,TVC,MI,AGL,CE,Towers with Radar,12,14,15,0,41,0,1,45,5,51,12,15,60,5,92,184,62,246,338
12/09/2021,TVC,MI,AGL,CE,Towers with Radar,17,11,14,0,42,0,0,9,0,9,17,11,23,0,51,8,0,8,59
12/10/2021,TVC,MI,AGL,CE,Towers with Radar,14,16,13,0,43,0,0,44,6,50,14,16,57,6,93,125,8,133,226
12/11/2021,TVC,MI,AGL,CE,Towers with Radar,9,4,1,0,14,0,0,0,0,0,9,4,1,0,14,0,0,0,14
12/12/2021,TVC,MI,AGL,CE,Towers with Radar,17,9,17,0,43,0,4,36,7,47,17,13,53,7,90,36,0,36,126
12/13/2021,TVC,MI,AGL,CE,Towers with Radar,15,7,29,1,52,0,2,138,10,150,15,9,167,11,202,152,44,196,398
12/14/2021,TVC,MI,AGL,CE,Towers with Radar,13,17,21,2,53,0,1,99,4,104,13,18,120,6,157,184,12,196,353
12/15/2021,TVC,MI,AGL,CE,Towers with Radar,13,23,17,0,53,0,0,0,0,0,13,23,17,0,53,0,0,0,53
12/16/2021,TVC,MI,AGL,CE,Towers with Radar,21,3,3,0,27,0,3,2,0,5,21,6,5,0,32,2,0,2,34
12/17/2021,TVC,MI,AGL,CE,Towers with Radar,18,18,26,0,62,0,2,42,1,45,18,20,68,1,107,114,12,126,233
12/18/2021,TVC,MI,AGL,CE,Towers with Radar,15,17,14,3,49,0,0,4,0,4,15,17,18,3,53,0,0,0,53
12/19/2021,TVC,MI,AGL,CE,Towers with Radar,19,10,12,0,41,0,1,26,1,28,19,11,38,1,69,56,0,56,125
12/20/2021,TVC,MI,AGL,CE,Towers with Radar,17,7,27,0,51,0,0,17,9,26,17,7,44,9,77,36,18,54,131
12/21/2021,TVC,MI,AGL,CE,Towers with Radar,13,9,21,0,43,0,0,38,5,43,13,9,59,5,86,154,32,186,272
12/22/2021,TVC,MI,AGL,CE,Towers with Radar,19,11,11,0,41,0,0,5,5,10,19,11,16,5,51,18,28,46,97
12/23/2021,TVC,MI,AGL,CE,Towers with Radar,16,11,7,0,34,0,0,22,3,25,16,11,29,3,59,56,2,58,117
12/24/2021,TVC,MI,AGL,CE,Towers with Radar,15,13,4,0,32,0,0,0,2,2,15,13,4,2,34,8,0,8,42
12/25/2021,TVC,MI,AGL,CE,Towers with Radar,14,0,1,0,15,0,2,2,2,6,14,2,3,2,21,0,0,0,21
12/26/2021,TVC,MI,AGL,CE,Towers with Radar,19,5,15,0,39,0,2,23,3,28,19,7,38,3,67,14,0,14,81
12/27/2021,TVC,MI,AGL,CE,Towers with Radar,14,7,7,0,28,0,0,0,0,0,14,7,7,0,28,0,0,0,28
12/28/2021,TVC,MI,AGL,CE,Towers with Radar,15,16,7,0,38,0,0,22,2,24,15,16,29,2,62,104,20,124,186
12/29/2021,TVC,MI,AGL,CE,Towers with Radar,38,19,14,1,72,0,1,11,1,13,38,20,25,2,85,16,12,28,113
12/30/2021,TVC,MI,AGL,CE,Towers with Radar,18,14,20,0,52,0,5,74,2,81,18,19,94,2,133,148,2,150,283
12/31/2021,TVC,MI,AGL,CE,Towers with Radar,11,8,6,0,25,0,0,9,4,13,11,8,15,4,38,16,18,34,72
01/01/2022,TVC,MI,AGL,CE,Towers with Radar,6,5,4,0,15,0,0,3,0,3,6,5,7,0,18,6,0,6,24
01/02/2022,TVC,MI,AGL,CE,Towers with Radar,13,5,10,0,28,0,0,4,2,6,13,5,14,2,34,0,6,6,40
01/03/2022,TVC,MI,AGL,CE,Towers with Radar,13,10,15,0,38,0,4,32,1,37,13,14,47,1,75,52,12,64,139
01/04/2022,TVC,MI,AGL,CE,Towers with Radar,14,6,18,6,44,0,2,21,2,25,14,8,39,8,69,44,24,68,137
01/05/2022,TVC,MI,AGL,CE,Towers with Radar,15,7,0,0,22,0,0,0,0,0,15,7,0,0,22,0,0,0,22
01/06/2022,TVC,MI,AGL,CE,Towers with Radar,18,15,8,0,41,0,0,0,0,0,18,15,8,0,41,0,0,0,41
01/07/2022,TVC,MI,AGL,CE,Towers with Radar,19,9,17,2,47,0,2,6,2,10,19,11,23,4,57,8,30,38,95
01/08/2022,TVC,MI,AGL,CE,Towers with Radar,14,12,7,0,33,0,3,10,2,15,14,15,17,2,48,8,18,26,74
01/09/2022,TVC,MI,AGL,CE,Towers with Radar,19,6,8,0,33,0,0,0,0,0,19,6,8,0,33,0,0,0,33
01/10/2022,TVC,MI,AGL,CE,Towers with Radar,14,4,11,0,29,0,0,0,0,0,14,4,11,0,29,0,0,0,29
01/11/2022,TVC,MI,AGL,CE,Towers with Radar,12,11,8,3,34,0,0,5,3,8,12,11,13,6,42,10,4,14,56
01/12/2022,TVC,MI,AGL,CE,Towers with Radar,14,8,6,1,29,0,0,12,4,16,14,8,18,5,45,58,28,86,131
01/13/2022,TVC,MI,AGL,CE,Towers with Radar,20,7,17,0,44,0,0,28,3,31,20,7,45,3,75,112,0,112,187
01/14/2022,TVC,MI,AGL,CE,Towers with Radar,16,11,11,1,39,0,2,44,4,50,16,13,55,5,89,104,30,134,223
01/15/2022,TVC,MI,AGL,CE,Towers with Radar,14,15,15,4,48,0,2,63,5,70,14,17,78,9,118,74,36,110,228
01/16/2022,TVC,MI,AGL,CE,Towers with Radar,18,4,10,2,34,0,0,35,5,40,18,4,45,7,74,82,50,132,206
01/17/2022,TVC,MI,AGL,CE,Towers with Radar,15,5,4,0,24,0,0,0,7,7,15,5,4,7,31,0,8,8,39
01/18/2022,TVC,MI,AGL,CE,Towers with Radar,10,10,11,2,33,0,0,28,3,31,10,10,39,5,64,84,42,126,190
01/19/2022,TVC,MI,AGL,CE,Towers with Radar,12,12,14,0,38,0,0,3,0,3,12,12,17,0,41,0,0,0,41
01/20/2022,TVC,MI,AGL,CE,Towers with Radar,21,7,10,3,41,0,0,5,4,9,21,7,15,7,50,34,34,68,118
01/21/2022,TVC,MI,AGL,CE,Towers with Radar,18,13,24,12,67,0,3,107,4,114,18,16,131,16,181,212,4,216,397
01/22/2022,TVC,MI,AGL,CE,Towers with Radar,13,5,4,0,22,0,0,0,0,0,13,5,4,0,22,0,0,0,22
01/23/2022,TVC,MI,AGL,CE,Towers with Radar,22,4,4,0,30,0,0,5,2,7,22,4,9,2,37,14,0,14,51
01/24/2022,TVC,MI,AGL,CE,Towers with Radar,14,2,5,2,23,0,0,4,1,5,14,2,9,3,28,28,14,42,70
01/25/2022,TVC,MI,AGL,CE,Towers with Radar,10,9,31,1,51,0,0,39,3,42,10,9,70,4,93,222,20,242,335
01/26/2022,TVC,MI,AGL,CE,Towers with Radar,15,10,30,2,57,0,0,28,5,33,15,10,58,7,90,58,26,84,174
01/27/2022,TVC,MI,AGL,CE,Towers with Radar,20,8,8,2,38,0,0,0,0,0,20,8,8,2,38,0,0,0,38
01/28/2022,TVC,MI,AGL,CE,Towers with Radar,13,12,28,1,54,0,2,123,3,128,13,14,151,4,182,224,12,236,418
01/29/2022,TVC,MI,AGL,CE,Towers with Radar,13,7,23,0,43,0,3,66,2,71,13,10,89,2,114,90,0,90,204
01/30/2022,TVC,MI,AGL,CE,Towers with Radar,23,3,6,0,32,0,0,3,0,3,23,3,9,0,35,0,0,0,35
01/31/2022,TVC,MI,AGL,CE,Towers with Radar,18,9,35,2,64,0,3,115,3,121,18,12,150,5,185,138,0,138,323
02/01/2022,TVC,MI,AGL,CE,Towers with Radar,10,13,11,3,37,0,0,6,5,11,10,13,17,8,48,8,60,68,116
02/02/2022,TVC,MI,AGL,CE,Towers with Radar,8,14,8,0,30,0,3,41,5,49,8,17,49,5,79,106,66,172,251
02/03/2022,TVC,MI,AGL,CE,Towers with Radar,19,9,13,5,46,0,3,62,5,70,19,12,75,10,116,96,29,125,241
02/04/2022,TVC,MI,AGL,CE,Towers with Radar,20,16,15,4,55,0,3,91,3,97,20,19,106,7,152,136,0,136,288
02/05/2022,TVC,MI,AGL,CE,Towers with Radar,15,6,14,0,35,0,2,51,3,56,15,8,65,3,91,94,0,94,185
02/06/2022,TVC,MI,AGL,CE,Towers with Radar,18,3,6,0,27,0,1,5,2,8,18,4,11,2,35,20,0,20,55
02/07/2022,TVC,MI,AGL,CE,Towers with Radar,19,7,9,1,36,0,0,8,1,9,19,7,17,2,45,20,22,42,87
02/08/2022,TVC,MI,AGL,CE,Towers with Radar,12,10,27,1,50,0,4,91,9,104,12,14,118,10,154,122,0,122,276
02/09/2022,TVC,MI,AGL,CE,Towers with Radar,17,11,10,1,39,0,1,3,11,15,17,12,13,12,54,24,36,60,114
02/10/2022,TVC,MI,AGL,CE,Towers with Radar,20,15,11,0,46,0,0,20,11,31,20,15,31,11,77,84,0,84,161
02/11/2022,TVC,MI,AGL,CE,Towers with Radar,19,5,16,1,41,0,0,4,2,6,19,5,20,3,47,22,0,22,69
02/12/2022,TVC,MI,AGL,CE,Towers with Radar,13,8,9,0,30,0,1,4,0,5,13,9,13,0,35,0,0,0,35
02/13/2022,TVC,MI,AGL,CE,Towers with Radar,16,0,25,0,41,0,0,60,1,61,16,0,85,1,102,106,0,106,208
02/14/2022,TVC,MI,AGL,CE,Towers with Radar,21,12,26,0,59,0,1,55,7,63,21,13,81,7,122,110,20,130,252
02/15/2022,TVC,MI,AGL,CE,Towers with Radar,12,10,28,0,50,0,1,105,9,115,12,11,133,9,165,268,22,290,455
02/16/2022,TVC,MI,AGL,CE,Towers with Radar,13,17,5,6,41,0,0,8,3,11,13,17,13,9,52,22,38,60,112
02/17/2022,TVC,MI,AGL,CE,Towers with Radar,11,17,17,1,46,0,0,13,1,14,11,17,30,2,60,42,30,72,132
02/18/2022,TVC,MI,AGL,CE,Towers with Radar,20,17,31,0,68,0,3,52,5,60,20,20,83,5,128,58,0,58,186
02/19/2022,TVC,MI,AGL,CE,Towers with Radar,13,13,8,0,34,0,1,13,3,17,13,14,21,3,51,12,0,12,63
02/20/2022,TVC,MI,AGL,CE,Towers with Radar,16,6,7,0,29,0,1,10,0,11,16,7,17,0,40,0,0,0,40
02/21/2022,TVC,MI,AGL,CE,Towers with Radar,14,8,10,0,32,0,1,30,0,31,14,9,40,0,63,132,0,132,195
02/22/2022,TVC,MI,AGL,CE,Towers with Radar,15,4,0,0,19,0,0,0,0,0,15,4,0,0,19,0,0,0,19
02/23/2022,TVC,MI,AGL,CE,Towers with Radar,12,15,19,8,54,0,0,26,2,28,12,15,45,10,82,42,48,90,172
02/24/2022,TVC,MI,AGL,CE,Towers with Radar,20,11,36,6,73,0,1,167,9,177,20,12,203,15,250,214,6,220,470
02/25/2022,TVC,MI,AGL,CE,Towers with Radar,17,11,37,0,65,0,2,93,4,99,17,13,130,4,164,106,12,118,282
02/26/2022,TVC,MI,AGL,CE,Towers with Radar,12,8,12,0,32,0,3,26,4,33,12,11,38,4,65,42,0,42,107
02/27/2022,TVC,MI,AGL,CE,Towers with Radar,16,3,15,0,34,0,7,19,2,28,16,10,34,2,62,40,0,40,102
02/28/2022,TVC,MI,AGL,CE,Towers with Radar,20,7,40,2,69,0,6,100,3,109,20,13,140,5,178,190,32,222,400
03/01/2022,TVC,MI,AGL,CE,Towers with Radar,11,12,12,5,40,0,3,37,8,48,11,15,49,13,88,158,62,220,308
03/02/2022,TVC,MI,AGL,CE,Towers with Radar,15,8,12,0,35,0,0,25,2,27,15,8,37,2,62,58,0,58,120
03/03/2022,TVC,MI,AGL,CE,Towers with Radar,20,8,23,3,54,0,1,102,9,112,20,9,125,12,166,216,38,254,420
03/04/2022,TVC,MI,AGL,CE,Towers with Radar,19,12,33,0,64,0,2,118,2,122,19,14,151,2,186,172,2,174,360
03/05/2022,TVC,MI,AGL,CE,Towers with Radar,14,7,8,0,29,0,2,19,0,21,14,9,27,0,50,10,6,16,66
03/06/2022,TVC,MI,AGL,CE,Towers with Radar,17,1,5,0,23,0,0,0,0,0,17,1,5,0,23,0,0,0,23
03/07/2022,TVC,MI,AGL,CE,Towers with Radar,16,3,7,0,26,0,0,0,0,0,16,3,7,0,26,0,0,0,26
03/08/2022,TVC,MI,AGL,CE,Towers with Radar,14,12,29,4,59,0,2,92,9,103,14,14,121,13,162,118,18,136,298
03/09/2022,TVC,MI,AGL,CE,Towers with Radar,17,6,16,0,39,0,2,45,5,52,17,8,61,5,91,89,4,93,184
03/10/2022,TVC,MI,AGL,CE,Towers with Radar,19,9,29,3,60,0,2,119,7,128,19,11,148,10,188,152,42,194,382
03/11/2022,TVC,MI,AGL,CE,Towers with Radar,16,5,18,2,41,0,2,42,6,50,16,7,60,8,91,46,0,46,137
03/12/2022,TVC,MI,AGL,CE,Towers with Radar,15,6,6,1,28,0,0,2,2,4,15,6,8,3,32,12,0,12,44
03/13/2022,TVC,MI,AGL,CE,Towers with Radar,18,2,6,0,26,0,5,8,0,13,18,7,14,0,39,16,0,16,55
03/14/2022,TVC,MI,AGL,CE,Towers with Radar,16,10,21,0,47,0,0,45,4,49,16,10,66,4,96,120,0,120,216
03/15/2022,TVC,MI,AGL,CE,Towers with Radar,14,7,40,7,68,0,0,95,5,100,14,7,135,12,168,114,8,122,290
03/16/2022,TVC,MI,AGL,CE,Towers with Radar,18,21,46,2,87,0,1,120,2,123,18,22,166,4,210,170,16,186,396
03/17/2022,TVC,MI,AGL,CE,Towers with Radar,20,12,33,0,65,0,2,116,6,124,20,14,149,6,189,178,0,178,367
03/18/2022,TVC,MI,AGL,CE,Towers with Radar,17,9,6,0,32,0,0,2,2,4,17,9,8,2,36,0,8,8,44
03/19/2022,TVC,MI,AGL,CE,Towers with Radar,20,9,3,0,32,0,0,0,0,0,20,9,3,0,32,0,0,0,32
03/20/2022,TVC,MI,AGL,CE,Towers with Radar,19,11,21,0,51,0,3,97,3,103,19,14,118,3,154,94,0,94,248
03/21/2022,TVC,MI,AGL,CE,Towers with Radar,17,5,19,1,42,0,0,50,5,55,17,5,69,6,97,54,38,92,189
03/22/2022,TVC,MI,AGL,CE,Towers with Radar,17,5,11,1,34,0,0,10,6,16,17,5,21,7,50,12,12,24,74
03/23/2022,TVC,MI,AGL,CE,Towers with Radar,17,17,6,0,40,0,1,2,4,7,17,18,8,4,47,18,44,62,109
03/24/2022,TVC,MI,AGL,CE,Towers with Radar,19,9,8,0,36,0,0,0,1,1,19,9,8,1,37,0,0,0,37
03/25/2022,TVC,MI,AGL,CE,Towers with Radar,18,11,16,0,45,0,0,41,2,43,18,11,57,2,88,108,22,130,218
03/26/2022,TVC,MI,AGL,CE,Towers with Radar,19,9,7,0,35,0,0,0,1,1,19,9,7,1,36,0,6,6,42
03/27/2022,TVC,MI,AGL,CE,Towers with Radar,20,1,8,1,30,0,0,3,3,6,20,1,11,4,36,28,0,28,64
03/28/2022,TVC,MI,AGL,CE,Towers with Radar,18,2,20,1,41,0,2,43,3,48,18,4,63,4,89,48,0,48,137
03/29/2022,TVC,MI,AGL,CE,Towers with Radar,18,12,28,2,60,0,1,126,7,134,18,13,154,9,194,200,10,210,404
03/30/2022,TVC,MI,AGL,CE,Towers with Radar,24,9,7,0,40,0,0,0,0,0,24,9,7,0,40,0,0,0,40
03/31/2022,TVC,MI,AGL,CE,Towers with Radar,20,7,2,0,29,0,0,0,0,0,20,7,2,0,29,0,0,0,29
04/01/2022,TVC,MI,AGL,CE,Towers with Radar,19,12,17,1,49,0,3,33,5,41,19,15,50,6,90,92,0,92,182
04/02/2022,TVC,MI,AGL,CE,Towers with Radar,21,9,9,0,39,0,2,27,0,29,21,11,36,0,68,66,0,66,134
04/03/2022,TVC,MI,AGL,CE,Towers with Radar,20,3,13,0,36,0,2,12,0,14,20,5,25,0,50,30,0,30,80
04/04/2022,TVC,MI,AGL,CE,Towers with Radar,21,3,9,0,33,0,0,1,2,3,21,3,10,2,36,0,22,22,58
04/05/2022,TVC,MI,AGL,CE,Towers with Radar,19,9,14,1,43,0,2,57,6,65,19,11,71,7,108,158,24,182,290
04/06/2022,TVC,MI,AGL,CE,Towers with Radar,19,10,16,0,45,0,1,32,2,35,19,11,48,2,80,88,0,88,168
04/07/2022,TVC,MI,AGL,CE,Towers with Radar,20,7,27,0,54,0,1,21,9,31,20,8,48,9,85,52,66,118,203
04/08/2022,TVC,MI,AGL,CE,Towers with Radar,18,7,12,0,37,0,0,0,0,0,18,7,12,0,37,0,0,0,37
04/09/2022,TVC,MI,AGL,CE,Towers with Radar,16,7,6,0,29,0,0,0,2,2,16,7,6,2,31,0,0,0,31
04/10/2022,TVC,MI,AGL,CE,Towers with Radar,20,10,42,0,72,0,2,122,2,126,20,12,164,2,198,210,0,210,408
04/11/2022,TVC,MI,AGL,CE,Towers with Radar,17,5,25,2,49,0,4,64,6,74,17,9,89,8,123,30,2,32,155
04/12/2022,TVC,MI,AGL,CE,Towers with Radar,20,15,35,0,70,0,3,178,9,190,20,18,213,9,260,242,30,272,532
04/13/2022,TVC,MI,AGL,CE,Towers with Radar,17,7,5,1,30,0,0,7,10,17,17,7,12,11,47,60,0,60,107
04/14/2022,TVC,MI,AGL,CE,Towers with Radar,23,10,8,0,41,0,4,7,4,15,23,14,15,4,56,4,18,22,78
04/15/2022,TVC,MI,AGL,CE,Towers with Radar,21,17,12,0,50,0,3,3,4,10,21,20,15,4,60,2,0,2,62
04/16/2022,TVC,MI,AGL,CE,Towers with Radar,15,11,16,0,42,0,0,10,0,10,15,11,26,0,52,12,0,12,64
04/17/2022,TVC,MI,AGL,CE,Towers with Radar,20,2,9,0,31,0,4,66,2,72,20,6,75,2,103,58,0,58,161
04/18/2022,TVC,MI,AGL,CE,Towers with Radar,18,4,9,0,31,0,0,0,0,0,18,4,9,0,31,0,0,0,31
04/19/2022,TVC,MI,AGL,CE,Towers with Radar,18,11,20,0,49,0,0,26,16,42,18,11,46,16,91,52,22,74,165
04/20/2022,TVC,MI,AGL,CE,Towers with Radar,22,8,29,2,61,0,2,121,7,130,22,10,150,9,191,192,10,202,393
04/21/2022,TVC,MI,AGL,CE,Towers with Radar,22,16,15,2,55,0,3,19,5,27,22,19,34,7,82,20,4,24,106
04/22/2022,TVC,MI,AGL,CE,Towers with Radar,17,10,36,0,63,0,3,143,3,149,17,13,179,3,212,236,0,236,448
04/23/2022,TVC,MI,AGL,CE,Towers with Radar,16,12,14,0,42,0,7,51,3,61,16,19,65,3,103,47,0,47,150
04/24/2022,TVC,MI,AGL,CE,Towers with Radar,17,6,23,0,46,0,3,9,0,12,17,9,32,0,58,6,0,6,64
04/25/2022,TVC,MI,AGL,CE,Towers with Radar,17,9,37,0,63,0,2,109,2,113,17,11,146,2,176,112,12,124,300
04/26/2022,TVC,MI,AGL,CE,Towers with Radar,17,11,13,1,42,0,0,7,5,12,17,11,20,6,54,0,0,0,54
04/27/2022,TVC,MI,AGL,CE,Towers with Radar,19,10,59,4,92,0,2,80,8,90,19,12,139,12,182,150,8,158,340
04/28/2022,TVC,MI,AGL,CE,Towers with Radar,20,7,43,2,72,0,0,178,11,189,20,7,221,13,261,262,2,264,525
04/29/2022,TVC,MI,AGL,CE,Towers with Radar,15,14,41,0,70,0,3,137,9,149,15,17,178,9,219,244,8,252,471
04/30/2022,TVC,MI,AGL,CE,Towers with Radar,18,10,12,1,41,0,2,15,1,18,18,12,27,2,59,20,0,20,79
05/01/2022,TVC,MI,AGL,CE,Towers with Radar,24,10,21,0,55,0,1,14,5,20,24,11,35,5,75,78,36,114,189
05/02/2022,TVC,MI,AGL,CE,Towers with Radar,16,5,39,0,60,0,2,11,3,16,16,7,50,3,76,88,30,118,194
05/03/2022,TVC,MI,AGL,CE,Towers with Radar,16,18,12,0,46,0,3,20,3,26,16,21,32,3,72,86,0,86,158
05/04/2022,TVC,MI,AGL,CE,Towers with Radar,17,11,42,0,70,0,1,151,5,157,17,12,193,5,227,273,0,273,500
05/05/2022,TVC,MI,AGL,CE,Towers with Radar,18,14,13,2,47,0,1,156,6,163,18,15,169,8,210,260,0,260,470
05/06/2022,TVC,MI,AGL,CE,Towers with Radar,14,16,27,0,57,0,3,105,1,109,14,19,132,1,166,224,0,224,390
05/07/2022,TVC,MI,AGL,CE,Towers with Radar,18,17,20,0,55,0,4,117,5,126,18,21,137,5,181,74,0,74,255
05/08/2022,TVC,MI,AGL,CE,Towers with Radar,16,7,13,0,36,0,0,44,2,46,16,7,57,2,82,16,0,16,98
05/09/2022,TVC,MI,AGL,CE,Towers with Radar,14,9,12,0,35,0,9,43,6,58,14,18,55,6,93,24,0,24,117
05/10/2022,TVC,MI,AGL,CE,Towers with Radar,14,24,22,1,61,0,4,85,3,92,14,28,107,4,153,136,0,136,289
05/11/2022,TVC,MI,AGL,CE,Towers with Radar,17,16,8,1,42,0,2,54,2,58,17,18,62,3,100,210,0,210,310
05/12/2022,TVC,MI,AGL,CE,Towers with Radar,20,17,26,1,64,0,5,49,8,62,20,22,75,9,126,53,4,57,183
05/13/2022,TVC,MI,AGL,CE,Towers with Radar,13,14,28,0,55,0,3,149,14,166,13,17,177,14,221,134,10,144,365
05/14/2022,TVC,MI,AGL,CE,Towers with Radar,18,9,14,0,41,0,7,38,3,48,18,16,52,3,89,56,0,56,145
05/15/2022,TVC,MI,AGL,CE,Towers with Radar,16,5,24,0,45,0,5,56,3,64,16,10,80,3,109,24,0,24,133
05/16/2022,TVC,MI,AGL,CE,Towers with Radar,14,9,23,0,46,0,2,104,3,109,14,11,127,3,155,146,0,146,301
05/17/2022,TVC,MI,AGL,CE,Towers with Radar,14,11,49,0,74,0,4,120,5,129,14,15,169,5,203,150,0,150,353
05/18/2022,TVC,MI,AGL,CE,Towers with Radar,14,9,32,2,57,0,2,100,3,105,14,11,132,5,162,304,2,306,468
05/19/2022,TVC,MI,AGL,CE,Towers with Radar,15,20,53,1,89,0,4,90,6,100,15,24,143,7,189,156,0,156,345
05/20/2022,TVC,MI,AGL,CE,Towers with Radar,14,17,14,0,45,0,2,13,6,21,14,19,27,6,66,10,10,20,86
05/21/2022,TVC,MI,AGL,CE,Towers with Radar,13,11,21,2,47,0,12,54,8,74,13,23,75,10,121,64,0,64,185
05/22/2022,TVC,MI,AGL,CE,Towers with Radar,14,9,36,1,60,0,4,61,2,67,14,13,97,3,127,91,0,91,218
05/23/2022,TVC,MI,AGL,CE,Towers with Radar,14,6,46,0,66,0,0,141,2,143,14,6,187,2,209,220,2,222,431
05/24/2022,TVC,MI,AGL,CE,Towers with Radar,14,17,27,0,58,0,1,121,12,134,14,18,148,12,192,230,32,262,454
05/25/2022,TVC,MI,AGL,CE,Towers with Radar,14,17,40,0,71,0,1,35,3,39,14,18,75,3,110,40,0,40,150
05/26/2022,TVC,MI,AGL,CE,Towers with Radar,15,12,40,8,75,0,0,18,6,24,15,12,58,14,99,74,10,84,183
05/27/2022,TVC,MI,AGL,CE,Towers with Radar,14,27,38,3,82,0,0,20,2,22,14,27,58,5,104,82,0,82,186
05/28/2022,TVC,MI,AGL,CE,Towers with Radar,14,15,25,1,55,0,5,97,2,104,14,20,122,3,159,78,0,78,237
05/29/2022,TVC,MI,AGL,CE,Towers with Radar,14,13,24,0,51,0,7,57,2,66,14,20,81,2,117,22,0,22,139
05/30/2022,TVC,MI,AGL,CE,Towers with Radar,14,8,29,0,51,0,4,23,2,29,14,12,52,2,80,0,0,0,80
05/31/2022,TVC,MI,AGL,CE,Towers with Radar,14,10,32,2,58,0,3,76,3,82,14,13,108,5,140,46,8,54,194
06/01/2022,TVC,MI,AGL,CE,Towers with Radar,16,13,37,2,68,0,0,172,4,176,16,13,209,6,244,230,0,230,474
06/02/2022,TVC,MI,AGL,CE,Towers with Radar,14,13,40,0,67,0,4,195,10,209,14,17,235,10,276,294,28,322,598
06/03/2022,TVC,MI,AGL,CE,Towers with Radar,32,21,32,0,85,0,3,73,9,85,32,24,105,9,170,86,0,86,256
06/04/2022,TVC,MI,AGL,CE,Towers with Radar,38,9,22,0,69,0,12,83,2,97,38,21,105,2,166,68,0,68,234
06/05/2022,TVC,MI,AGL,CE,Towers with Radar,33,11,39,0,83,0,4,52,6,62,33,15,91,6,145,66,0,66,211
06/06/2022,TVC,MI,AGL,CE,Towers with Radar,35,16,32,2,85,0,0,2,1,3,35,16,34,3,88,0,0,0,88
06/07/2022,TVC,MI,AGL,CE,Towers with Radar,33,23,60,0,116,0,0,67,2,69,33,23,127,2,185,161,0,161,346
06/08/2022,TVC,MI,AGL,CE,Towers with Radar,37,22,44,4,107,0,3,137,7,147,37,25,181,11,254,288,0,288,542
06/09/2022,TVC,MI,AGL,CE,Towers with Radar,37,25,46,2,110,0,7,172,4,183,37,32,218,6,293,238,0,238,531
06/10/2022,TVC,MI,AGL,CE,Towers with Radar,33,29,49,2,113,0,9,137,6,152,33,38,186,8,265,162,6,168,433
06/11/2022,TVC,MI,AGL,CE,Towers with Radar,39,16,16,0,71,0,3,62,2,67,39,19,78,2,138,88,0,88,226
06/12/2022,TVC,MI,AGL,CE,Towers with Radar,33,8,33,0,74,0,2,44,2,48,33,10,77,2,122,66,0,66,188
06/13/2022,TVC,MI,AGL,CE,Towers with Radar,33,14,26,2,75,0,5,129,2,136,33,19,155,4,211,182,0,182,393
06/14/2022,TVC,MI,AGL,CE,Towers with Radar,34,18,31,2,85,0,5,97,13,115,34,23,128,15,200,102,4,106,306
06/15/2022,TVC,MI,AGL,CE,Towers with Radar,37,12,30,1,80,0,1,110,7,118,37,13,140,8,198,110,0,110,308
06/16/2022,TVC,MI,AGL,CE,Towers with Radar,41,18,22,0,81,0,9,29,7,45,41,27,51,7,126,68,0,68,194
06/17/2022,TVC,MI,AGL,CE,Towers with Radar,35,22,37,0,94,0,8,73,2,83,35,30,110,2,177,54,0,54,231
06/18/2022,TVC,MI,AGL,CE,Towers with Radar,42,11,28,0,81,0,12,116,3,131,42,23,144,3,212,136,0,136,348
06/19/2022,TVC,MI,AGL,CE,Towers with Radar,38,16,43,0,97,0,9,78,5,92,38,25,121,5,189,106,0,106,295
06/20/2022,TVC,MI,AGL,CE,Towers with Radar,36,29,36,0,101,0,4,123,2,129,36,33,159,2,230,196,0,196,426
06/21/2022,TVC,MI,AGL,CE,Towers with Radar,36,20,29,0,85,0,4,86,3,93,36,24,115,3,178,94,0,94,272
06/22/2022,TVC,MI,AGL,CE,Towers with Radar,38,20,47,1,106,0,7,143,5,155,38,27,190,6,261,178,10,188,449
06/23/2022,TVC,MI,AGL,CE,Towers with Radar,39,32,44,2,117,0,5,158,8,171,39,37,202,10,288,252,0,252,540
06/24/2022,TVC,MI,AGL,CE,Towers with Radar,36,17,41,6,100,0,10,116,6,132,36,27,157,12,232,162,20,182,414
06/25/2022,TVC,MI,AGL,CE,Towers with Radar,44,26,34,0,104,0,9,32,2,43,44,35,66,2,147,48,18,66,213
06/26/2022,TVC,MI,AGL,CE,Towers with Radar,38,28,29,0,95,0,10,16,2,28,38,38,45,2,123,16,0,16,139
06/27/2022,TVC,MI,AGL,CE,Towers with Radar,65,20,31,0,116,0,7,77,11,95,65,27,108,11,211,142,0,142,353
06/28/2022,TVC,MI,AGL,CE,Towers with Radar,35,40,33,2,110,0,8,47,6,61,35,48,80,8,171,50,16,66,237
06/29/2022,TVC,MI,AGL,CE,Towers with Radar,37,22,39,8,106,0,5,158,24,187,37,27,197,32,293,178,0,178,471
06/30/2022,TVC,MI,AGL,CE,Towers with Radar,39,36,28,3,106,0,5,12,12,29,39,41,40,15,135,0,0,0,135
07/01/2022,TVC,MI,AGL,CE,Towers with Radar,42,34,39,4,119,0,5,88,11,104,42,39,127,15,223,104,0,104,327
07/02/2022,TVC,MI,AGL,CE,Towers with Radar,52,31,49,0,132,0,8,95,16,119,52,39,144,16,251,14,0,14,265
07/03/2022,TVC,MI,AGL,CE,Towers with Radar,45,15,33,6,99,0,12,56,10,78,45,27,89,16,177,12,0,12,189
07/04/2022,TVC,MI,AGL,CE,Towers with Radar,34,13,27,0,74,0,4,45,4,53,34,17,72,4,127,24,0,24,151
07/05/2022,TVC,MI,AGL,CE,Towers with Radar,42,30,48,1,121,0,2,59,4,65,42,32,107,5,186,136,0,136,322
07/06/2022,TVC,MI,AGL,CE,Towers with Radar,37,34,69,0,140,0,3,88,0,91,37,37,157,0,231,100,0,100,331
07/07/2022,TVC,MI,AGL,CE,Towers with Radar,37,29,48,1,115,0,19,166,1,186,37,48,214,2,301,210,0,210,511
07/08/2022,TVC,MI,AGL,CE,Towers with Radar,36,31,51,1,119,0,10,144,3,157,36,41,195,4,276,194,16,210,486
07/09/2022,TVC,MI,AGL,CE,Towers with Radar,51,28,28,0,107,0,12,119,11,142,51,40,147,11,249,68,0,68,317
07/10/2022,TVC,MI,AGL,CE,Towers with Radar,44,27,69,0,140,0,8,91,2,101,44,35,160,2,241,24,0,24,265
07/11/2022,TVC,MI,AGL,CE,Towers with Radar,36,12,26,5,79,0,0,8,2,10,36,12,34,7,89,8,0,8,97
07/12/2022,TVC,MI,AGL,CE,Towers with Radar,36,23,49,0,108,0,4,118,3,125,36,27,167,3,233,297,0,297,530
07/13/2022,TVC,MI,AGL,CE,Towers with Radar,37,20,49,0,106,0,2,146,8,156,37,22,195,8,262,200,20,220,482
07/14/2022,TVC,MI,AGL,CE,Towers with Radar,41,30,46,2,119,0,8,193,3,204,41,38,239,5,323,196,8,204,527
07/15/2022,TVC,MI,AGL,CE,Towers with Radar,39,24,52,0,115,0,9,120,6,135,39,33,172,6,250,196,0,196,446
07/16/2022,TVC,MI,AGL,CE,Towers with Radar,50,28,41,0,119,0,10,118,7,135,50,38,159,7,254,50,0,50,304
07/17/2022,TVC,MI,AGL,CE,Towers with Radar,40,46,53,0,139,0,2,43,0,45,40,48,96,0,184,72,0,72,256
07/18/2022,TVC,MI,AGL,CE,Towers with Radar,37,24,58,1,120,0,4,155,6,165,37,28,213,7,285,186,8,194,479
07/19/2022,TVC,MI,AGL,CE,Towers with Radar,35,26,31,2,94,0,8,131,10,149,35,34,162,12,243,146,0,146,389
07/20/2022,TVC,MI,AGL,CE,Towers with Radar,42,30,38,0,110,0,3,23,8,34,42,33,61,8,144,26,30,56,200
07/21/2022,TVC,MI,AGL,CE,Towers with Radar,41,25,40,1,107,0,8,96,7,111,41,33,136,8,218,76,8,84,302
07/22/2022,TVC,MI,AGL,CE,Towers with Radar,42,28,57,0,127,0,0,95,9,104,42,28,152,9,231,112,0,112,343
07/23/2022,TVC,MI,AGL,CE,Towers with Radar,46,20,26,1,93,0,5,90,5,100,46,25,116,6,193,88,0,88,281
07/24/2022,TVC,MI,AGL,CE,Towers with Radar,45,28,52,0,125,0,3,22,4,29,45,31,74,4,154,20,2,22,176
07/25/2022,TVC,MI,AGL,CE,Towers with Radar,39,13,76,0,128,0,3,151,4,158,39,16,227,4,286,220,0,220,506
07/26/2022,TVC,MI,AGL,CE,Towers with Radar,37,23,43,2,105,0,3,155,10,168,37,26,198,12,273,189,20,209,482
07/27/2022,TVC,MI,AGL,CE,Towers with Radar,37,18,33,0,88,0,0,40,6,46,37,18,73,6,134,62,64,126,260
07/28/2022,TVC,MI,AGL,CE,Towers with Radar,41,25,52,1,119,0,1,79,5,85,41,26,131,6,204,102,0,102,306
07/29/2022,TVC,MI,AGL,CE,Towers with Radar,37,33,58,7,135,0,3,106,3,112,37,36,164,10,247,120,8,128,375
07/30/2022,TVC,MI,AGL,CE,Towers with Radar,48,24,32,0,104,0,11,116,2,129,48,35,148,2,233,102,0,102,335
07/31/2022,TVC,MI,AGL,CE,Towers with Radar,41,41,51,0,133,0,11,48,4,63,41,52,99,4,196,66,2,68,264
08/01/2022,TVC,MI,AGL,CE,Towers with Radar,42,30,34,0,106,0,0,12,5,17,42,30,46,5,123,16,18,34,157
08/02/2022,TVC,MI,AGL,CE,Towers with Radar,40,26,55,5,126,0,4,192,4,200,40,30,247,9,326,174,0,174,500
08/03/2022,TVC,MI,AGL,CE,Towers with Radar,38,19,36,1,94,0,0,11,8,19,38,19,47,9,113,32,0,32,145
08/04/2022,TVC,MI,AGL,CE,Towers with Radar,39,35,66,3,143,0,1,169,5,175,39,36,235,8,318,160,0,160,478
08/05/2022,TVC,MI,AGL,CE,Towers with Radar,41,25,45,1,112,0,8,140,6,154,41,33,185,7,266,186,0,186,452
08/06/2022,TVC,MI,AGL,CE,Towers with Radar,50,32,48,1,131,0,1,68,15,84,50,33,116,16,215,28,0,28,243
08/07/2022,TVC,MI,AGL,CE,Towers with Radar,43,26,62,1,132,0,0,0,2,2,43,26,62,3,134,0,0,0,134
08/08/2022,TVC,MI,AGL,CE,Towers with Radar,42,29,46,9,126,0,2,6,1,9,42,31,52,10,135,12,0,12,147
08/09/2022,TVC,MI,AGL,CE,Towers with Radar,40,26,39,1,106,0,2,162,8,172,40,28,201,9,278,274,0,274,552
08/10/2022,TVC,MI,AGL,CE,Towers with Radar,39,36,48,0,123,0,3,164,11,178,39,39,212,11,301,180,10,190,491
08/11/2022,TVC,MI,AGL,CE,Towers with Radar,43,27,44,4,118,0,4,145,12,161,43,31,189,16,279,184,0,184,463
08/12/2022,TVC,MI,AGL,CE,Towers with Radar,39,31,36,1,107,0,9,141,4,154,39,40,177,5,261,236,0,236,497
08/13/2022,TVC,MI,AGL,CE,Towers with Radar,56,34,24,0,114,0,3,15,0,18,56,37,39,0,132,22,0,22,154
08/14/2022,TVC,MI,AGL,CE,Towers with Radar,41,30,56,6,133,0,8,36,5,49,41,38,92,11,182,92,10,102,284
08/15/2022,TVC,MI,AGL,CE,Towers with Radar,37,14,27,0,78,0,0,123,6,129,37,14,150,6,207,286,0,286,493
08/16/2022,TVC,MI,AGL,CE,Towers with Radar,37,17,43,4,101,0,1,149,6,156,37,18,192,10,257,204,32,236,493
08/17/2022,TVC,MI,AGL,CE,Towers with Radar,42,19,58,3,122,0,8,148,1,157,42,27,206,4,279,178,0,178,457
08/18/2022,TVC,MI,AGL,CE,Towers with Radar,41,33,30,0,104,0,4,105,5,114,41,37,135,5,218,149,0,149,367
08/19/2022,TVC,MI,AGL,CE,Towers with Radar,41,33,28,0,102,0,0,116,4,120,41,33,144,4,222,86,0,86,308
08/20/2022,TVC,MI,AGL,CE,Towers with Radar,44,13,20,0,77,0,7,30,1,38,44,20,50,1,115,22,0,22,137
08/21/2022,TVC,MI,AGL,CE,Towers with Radar,35,16,31,0,82,0,4,18,3,25,35,20,49,3,107,42,18,60,167
08/22/2022,TVC,MI,AGL,CE,Towers with Radar,38,20,43,0,101,0,2,114,3,119,38,22,157,3,220,264,2,266,486
08/23/2022,TVC,MI,AGL,CE,Towers with Radar,38,32,41,0,111,0,7,123,6,136,38,39,164,6,247,188,0,188,435
08/24/2022,TVC,MI,AGL,CE,Towers with Radar,40,30,42,3,115,0,4,127,11,142,40,34,169,14,257,168,0,168,425
08/25/2022,TVC,MI,AGL,CE,Towers with Radar,37,32,36,0,105,0,0,18,8,26,37,32,54,8,131,50,10,60,191
08/26/2022,TVC,MI,AGL,CE,Towers with Radar,39,37,42,3,121,0,7,98,2,107,39,44,140,5,228,144,0,144,372
08/27/2022,TVC,MI,AGL,CE,Towers with Radar,10,8,14,0,32,0,2,41,2,45,10,10,55,2,77,42,0,42,119
08/28/2022,TVC,MI,AGL,CE,Towers with Radar,36,28,40,0,104,0,4,51,2,57,36,32,91,2,161,44,0,44,205
08/29/2022,TVC,MI,AGL,CE,Towers with Radar,34,31,25,1,91,0,5,6,1,12,34,36,31,2,103,0,0,0,103
08/30/2022,TVC,MI,AGL,CE,Towers with Radar,33,26,52,0,111,0,4,75,7,86,33,30,127,7,197,172,10,182,379
08/31/2022,TVC,MI,AGL,CE,Towers with Radar,37,26,24,1,88,0,4,71,7,82,37,30,95,8,170,72,14,86,256
09/01/2022,TVC,MI,AGL,CE,Towers with Radar,37,33,44,3,117,0,8,165,5,178,37,41,209,8,295,212,16,228,523
09/02/2022,TVC,MI,AGL,CE,Towers with Radar,37,29,26,2,94,0,3,73,0,76,37,32,99,2,170,40,0,40,210
09/03/2022,TVC,MI,AGL,CE,Towers with Radar,43,16,22,0,81,0,9,18,5,32,43,25,40,5,113,22,0,22,135
09/04/2022,TVC,MI,AGL,CE,Towers with Radar,36,21,35,0,92,0,2,65,3,70,36,23,100,3,162,76,0,76,238
09/05/2022,TVC,MI,AGL,CE,Towers with Radar,37,20,48,0,105,0,8,123,6,137,37,28,171,6,242,166,0,166,408
09/06/2022,TVC,MI,AGL,CE,Towers with Radar,29,25,46,0,100,0,1,163,4,168,29,26,209,4,268,98,0,98,366
09/07/2022,TVC,MI,AGL,CE,Towers with Radar,27,17,19,0,63,0,1,143,2,146,27,18,162,2,209,206,0,206,415
09/08/2022,TVC,MI,AGL,CE,Towers with Radar,25,19,32,0,76,0,4,139,5,148,25,23,171,5,224,198,56,254,478
09/09/2022,TVC,MI,AGL,CE,Towers with Radar,26,19,47,0,92,0,6,118,1,125,26,25,165,1,217,62,0,62,279
09/10/2022,TVC,MI,AGL,CE,Towers with Radar,33,21,20,0,74,0,6,63,3,72,33,27,83,3,146,60,0,60,206
09/11/2022,TVC,MI,AGL,CE,Towers with Radar,28,19,29,0,76,0,1,14,2,17,28,20,43,2,93,62,0,62,155
09/12/2022,TVC,MI,AGL,CE,Towers with Radar,19,20,28,0,67,0,2,4,1,7,19,22,32,1,74,30,8,38,112
09/13/2022,TVC,MI,AGL,CE,Towers with Radar,22,22,47,5,96,0,0,59,1,60,22,22,106,6,156,134,0,134,290
09/14/2022,TVC,MI,AGL,CE,Towers with Radar,23,20,52,0,95,0,3,126,9,138,23,23,178,9,233,178,8,186,419
09/15/2022,TVC,MI,AGL,CE,Towers with Radar,24,19,23,1,67,0,3,153,4,160,24,22,176,5,227,144,0,144,371
09/16/2022,TVC,MI,AGL,CE,Towers with Radar,22,15,50,2,89,0,2,113,1,116,22,17,163,3,205,168,14,182,387
09/17/2022,TVC,MI,AGL,CE,Towers with Radar,32,26,19,0,77,0,5,39,3,47,32,31,58,3,124,16,14,30,154
09/18/2022,TVC,MI,AGL,CE,Towers with Radar,26,24,36,1,87,0,2,23,1,26,26,26,59,2,113,26,0,26,139
09/19/2022,TVC,MI,AGL,CE,Towers with Radar,23,11,23,0,57,0,5,132,3,140,23,16,155,3,197,128,0,128,325
09/20/2022,TVC,MI,AGL,CE,Towers with Radar,21,19,36,0,76,0,4,110,6,120,21,23,146,6,196,214,92,306,502
09/21/2022,TVC,MI,AGL,CE,Towers with Radar,22,14,18,3,57,0,6,56,5,67,22,20,74,8,124,71,0,71,195
09/22/2022,TVC,MI,AGL,CE,Towers with Radar,22,27,22,5,76,0,3,20,8,31,22,30,42,13,107,16,22,38,145
09/23/2022,TVC,MI,AGL,CE,Towers with Radar,23,20,32,0,75,0,6,144,3,153,23,26,176,3,228,174,0,174,402
09/24/2022,TVC,MI,AGL,CE,Towers with Radar,30,16,25,0,71,0,1,23,2,26,30,17,48,2,97,40,0,40,137
09/25/2022,TVC,MI,AGL,CE,Towers with Radar,26,17,29,0,72,0,0,9,2,11,26,17,38,2,83,38,0,38,121
09/26/2022,TVC,MI,AGL,CE,Towers with Radar,21,14,16,0,51,0,0,2,3,5,21,14,18,3,56,0,8,8,64
09/27/2022,TVC,MI,AGL,CE,Towers with Radar,22,15,28,2,67,0,0,3,2,5,22,15,31,4,72,0,0,0,72
09/28/2022,TVC,MI,AGL,CE,Towers with Radar,21,11,45,2,79,0,2,80,9,91,21,13,125,11,170,236,8,244,414
09/29/2022,TVC,MI,AGL,CE,Towers with Radar,23,27,40,3,93,0,7,186,10,203,23,34,226,13,296,243,32,275,571
09/30/2022,TVC,MI,AGL,CE,Towers with Radar,17,20,28,0,65,0,5,139,2,146,17,25,167,2,211,182,0,182,393
10/01/2022,TVC,MI,AGL,CE,Towers with Radar,26,21,18,1,66,0,11,69,4,84,26,32,87,5,150,76,2,78,228
10/02/2022,TVC,MI,AGL,CE,Towers with Radar,21,10,36,1,68,0,5,101,4,110,21,15,137,5,178,68,18,86,264
10/03/2022,TVC,MI,AGL,CE,Towers with Radar,19,7,18,0,44,0,3,163,8,174,19,10,181,8,218,201,10,211,429
10/04/2022,TVC,MI,AGL,CE,Towers with Radar,18,19,29,1,67,0,3,138,3,144,18,22,167,4,211,230,40,270,481
10/05/2022,TVC,MI,AGL,CE,Towers with Radar,21,16,35,0,72,0,2,138,3,143,21,18,173,3,215,164,12,176,391
10/06/2022,TVC,MI,AGL,CE,Towers with Radar,20,26,16,18,80,0,0,7,10,17,20,26,23,28,97,30,39,69,166
10/07/2022,TVC,MI,AGL,CE,Towers with Radar,17,23,32,0,72,0,4,29,4,37,17,27,61,4,109,68,0,68,177
10/08/2022,TVC,MI,AGL,CE,Towers with Radar,17,15,21,0,53,0,4,32,2,38,17,19,53,2,91,48,6,54,145
10/09/2022,TVC,MI,AGL,CE,Towers with Radar,19,13,34,0,66,0,7,95,3,105,19,20,129,3,171,80,0,80,251
10/10/2022,TVC,MI,AGL,CE,Towers with Radar,19,17,42,0,78,0,9,145,2,156,19,26,187,2,234,170,0,170,404
10/11/2022,TVC,MI,AGL,CE,Towers with Radar,18,20,18,0,56,0,4,113,2,119,18,24,131,2,175,164,0,164,339
10/12/2022,TVC,MI,AGL,CE,Towers with Radar,19,14,17,2,52,0,0,4,10,14,19,14,21,12,66,16,4,20,86
10/13/2022,TVC,MI,AGL,CE,Towers with Radar,21,13,18,0,52,0,0,29,8,37,21,13,47,8,89,74,16,90,179
10/14/2022,TVC,MI,AGL,CE,Towers with Radar,16,12,24,0,52,0,5,32,3,40,16,17,56,3,92,80,16,96,188
10/15/2022,TVC,MI,AGL,CE,Towers with Radar,17,14,17,0,48,0,9,24,2,35,17,23,41,2,83,26,0,26,109
10/16/2022,TVC,MI,AGL,CE,Towers with Radar,17,5,28,0,50,0,4,25,2,31,17,9,53,2,81,32,0,32,113
10/17/2022,TVC,MI,AGL,CE,Towers with Radar,18,9,21,0,48,0,0,3,5,8,18,9,24,5,56,0,0,0,56
10/18/2022,TVC,MI,AGL,CE,Towers with Radar,21,17,6,0,44,0,0,1,8,9,21,17,7,8,53,0,40,40,93
10/19/2022,TVC,MI,AGL,CE,Towers with Radar,16,10,25,0,51,0,1,6,8,15,16,11,31,8,66,0,24,24,90
10/20/2022,TVC,MI,AGL,CE,Towers with Radar,21,15,27,2,65,0,2,75,6,83,21,17,102,8,148,205,0,205,353
10/21/2022,TVC,MI,AGL,CE,Towers with Radar,18,15,24,0,57,0,3,108,5,116,18,18,132,5,173,54,0,54,227
10/22/2022,TVC,MI,AGL,CE,Towers with Radar,18,11,29,0,58,0,2,145,2,149,18,13,174,2,207,128,0,128,335
10/23/2022,TVC,MI,AGL,CE,Towers with Radar,22,11,28,0,61,0,3,64,4,71,22,14,92,4,132,72,0,72,204
10/24/2022,TVC,MI,AGL,CE,Towers with Radar,15,23,12,1,51,0,1,89,8,98,15,24,101,9,149,100,0,100,249
10/25/2022,TVC,MI,AGL,CE,Towers with Radar,15,13,45,4,77,0,0,66,1,67,15,13,111,5,144,136,0,136,280
10/26/2022,TVC,MI,AGL,CE,Towers with Radar,17,12,36,0,65,0,0,6,8,14,17,12,42,8,79,2,12,14,93
10/27/2022,TVC,MI,AGL,CE,Towers with Radar,20,13,47,0,80,0,2,162,7,171,20,15,209,7,251,230,2,232,483
10/28/2022,TVC,MI,AGL,CE,Towers with Radar,18,10,52,1,81,0,3,162,1,166,18,13,214,2,247,192,0,192,439
10/29/2022,TVC,MI,AGL,CE,Towers with Radar,17,7,33,0,57,0,1,111,0,112,17,8,144,0,169,161,0,161,330
10/30/2022,TVC,MI,AGL,CE,Towers with Radar,19,5,30,0,54,0,2,83,2,87,19,7,113,2,141,172,0,172,313
10/31/2022,TVC,MI,AGL,CE,Towers with Radar,17,8,20,0,45,0,5,99,7,111,17,13,119,7,156,158,0,158,314
11/01/2022,TVC,MI,AGL,CE,Towers with Radar,16,10,30,3,59,0,3,144,14,161,16,13,174,17,220,238,0,238,458
11/02/2022,TVC,MI,AGL,CE,Towers with Radar,15,11,42,0,68,0,6,166,0,172,15,17,208,0,240,202,0,202,442
11/03/2022,TVC,MI,AGL,CE,Towers with Radar,21,14,24,0,59,0,7,80,10,97,21,21,104,10,156,132,32,164,320
11/04/2022,TVC,MI,AGL,CE,Towers with Radar,15,11,25,0,51,0,1,38,4,43,15,12,63,4,94,92,0,92,186
11/05/2022,TVC,MI,AGL,CE,Towers with Radar,6,12,3,0,21,0,3,1,2,6,6,15,4,2,27,12,2,14,41
11/06/2022,TVC,MI,AGL,CE,Towers with Radar,15,10,21,0,46,0,2,13,3,18,15,12,34,3,64,4,0,4,68
11/07/2022,TVC,MI,AGL,CE,Towers with Radar,14,4,28,0,46,0,1,76,7,84,14,5,104,7,130,230,14,244,374
11/08/2022,TVC,MI,AGL,CE,Towers with Radar,15,15,35,0,65,0,0,105,8,113,15,15,140,8,178,199,0,199,377
11/09/2022,TVC,MI,AGL,CE,Towers with Radar,16,8,27,0,51,0,1,56,5,62,16,9,83,5,113,112,0,112,225
11/10/2022,TVC,MI,AGL,CE,Towers with Radar,15,12,18,2,47,0,3,54,4,61,15,15,72,6,108,68,18,86,194
11/11/2022,TVC,MI,AGL,CE,Towers with Radar,15,19,58,1,93,0,3,13,1,17,15,22,71,2,110,129,0,129,239
11/12/2022,TVC,MI,AGL,CE,Towers with Radar,17,9,5,0,31,0,0,0,4,4,17,9,5,4,35,0,0,0,35
11/13/2022,TVC,MI,AGL,CE,Towers with Radar,15,10,13,0,38,0,0,7,2,9,15,10,20,2,47,0,0,0,47
11/14/2022,TVC,MI,AGL,CE,Towers with Radar,15,13,43,0,71,0,1,97,3,101,15,14,140,3,172,232,0,232,404
11/15/2022,TVC,MI,AGL,CE,Towers with Radar,14,15,7,0,36,0,0,6,2,8,14,15,13,2,44,2,24,26,70
11/16/2022,TVC,MI,AGL,CE,Towers with Radar,16,8,3,0,27,0,1,2,10,13,16,9,5,10,40,20,54,74,114
11/17/2022,TVC,MI,AGL,CE,Towers with Radar,16,17,13,0,46,0,0,0,5,5,16,17,13,5,51,0,0,0,51
11/18/2022,TVC,MI,AGL,CE,Towers with Radar,13,19,22,0,54,0,0,2,2,4,13,19,24,2,58,28,26,54,112
11/19/2022,TVC,MI,AGL,CE,Towers with Radar,14,10,2,0,26,0,0,0,0,0,14,10,2,0,26,0,0,0,26
11/20/2022,TVC,MI,AGL,CE,Towers with Radar,18,4,9,1,32,0,5,7,2,14,18,9,16,3,46,6,4,10,56
11/21/2022,TVC,MI,AGL,CE,Towers with Radar,14,8,21,0,43,0,0,32,7,39,14,8,53,7,82,118,16,134,216
11/22/2022,TVC,MI,AGL,CE,Towers with Radar,19,21,24,5,69,0,2,98,6,106,19,23,122,11,175,260,28,288,463
11/23/2022,TVC,MI,AGL,CE,Towers with Radar,18,19,39,0,76,0,4,103,9,116,18,23,142,9,192,159,22,181,373
11/24/2022,TVC,MI,AGL,CE,Towers with Radar,9,2,3,0,14,0,3,9,0,12,9,5,12,0,26,8,0,8,34
11/25/2022,TVC,MI,AGL,CE,Towers with Radar,10,16,15,0,41,0,1,33,2,36,10,17,48,2,77,71,0,71,148
11/26/2022,TVC,MI,AGL,CE,Towers with Radar,17,14,20,0,51,0,1,11,3,15,17,15,31,3,66,0,0,0,66
11/27/2022,TVC,MI,AGL,CE,Towers with Radar,17,5,20,0,42,0,0,7,0,7,17,5,27,0,49,20,0,20,69
11/28/2022,TVC,MI,AGL,CE,Towers with Radar,14,11,45,0,70,0,3,109,5,117,14,14,154,5,187,194,10,204,391
11/29/2022,TVC,MI,AGL,CE,Towers with Radar,14,14,15,2,45,0,2,33,7,42,14,16,48,9,87,92,0,92,179
11/30/2022,TVC,MI,AGL,CE,Towers with Radar,15,12,11,0,38,0,0,0,2,2,15,12,11,2,40,0,40,40,80
12/01/2022,TVC,MI,AGL,CE,Towers with Radar,16,13,16,0,45,0,4,67,8,79,16,17,83,8,124,182,54,236,360
12/02/2022,TVC,MI,AGL,CE,Towers with Radar,17,8,34,0,59,0,1,54,3,58,17,9,88,3,117,119,2,121,238
12/03/2022,TVC,MI,AGL,CE,Towers with Radar,14,13,16,3,46,0,0,0,3,3,14,13,16,6,49,0,14,14,63
12/04/2022,TVC,MI,AGL,CE,Towers with Radar,16,5,11,0,32,0,0,34,2,36,16,5,45,2,68,42,0,42,110
12/05/2022,TVC,MI,AGL,CE,Towers with Radar,15,9,30,0,54,0,0,109,5,114,15,9,139,5,168,253,18,271,439
12/06/2022,TVC,MI,AGL,CE,Towers with Radar,15,13,16,5,49,0,0,32,1,33,15,13,48,6,82,122,10,132,214
12/07/2022,TVC,MI,AGL,CE,Towers with Radar,13,14,19,0,46,0,0,5,7,12,13,14,24,7,58,28,22,50,108
12/08/2022,TVC,MI,AGL,CE,Towers with Radar,15,5,23,0,43,0,1,66,6,73,15,6,89,6,116,416,0,416,532
12/09/2022,TVC,MI,AGL,CE,Towers with Radar,16,11,6,0,33,0,0,42,6,48,16,11,48,6,81,244,0,244,325
12/10/2022,TVC,MI,AGL,CE,Towers with Radar,15,7,17,0,39,0,3,20,5,28,15,10,37,5,67,75,0,75,142
12/11/2022,TVC,MI,AGL,CE,Towers with Radar,17,2,7,0,26,0,0,2,2,4,17,2,9,2,30,10,2,12,42
12/12/2022,TVC,MI,AGL,CE,Towers with Radar,15,3,17,0,35,0,5,39,8,52,15,8,56,8,87,290,6,296,383
12/13/2022,TVC,MI,AGL,CE,Towers with Radar,13,14,28,0,55,0,2,108,3,113,13,16,136,3,168,179,0,179,347
12/14/2022,TVC,MI,AGL,CE,Towers with Radar,13,14,15,0,42,0,5,20,0,25,13,19,35,0,67,40,0,40,107
12/15/2022,TVC,MI,AGL,CE,Towers with Radar,17,13,14,0,44,0,2,1,2,5,17,15,15,2,49,2,0,2,51
12/16/2022,TVC,MI,AGL,CE,Towers with Radar,18,14,5,0,37,0,0,1,2,3,18,14,6,2,40,0,0,0,40
12/17/2022,TVC,MI,AGL,CE,Towers with Radar,17,15,7,0,39,0,0,0,0,0,17,15,7,0,39,0,0,0,39
12/18/2022,TVC,MI,AGL,CE,Towers with Radar,14,7,3,0,24,0,0,4,2,6,14,7,7,2,30,26,0,26,56
12/19/2022,TVC,MI,AGL,CE,Towers with Radar,17,13,17,2,49,0,2,25,10,37,17,15,42,12,86,196,12,208,294
12/20/2022,TVC,MI,AGL,CE,Towers with Radar,16,17,20,0,53,0,0,24,3,27,16,17,44,3,80,69,8,77,157
12/21/2022,TVC,MI,AGL,CE,Towers with Radar,14,18,31,2,65,0,3,64,2,69,14,21,95,4,134,180,0,180,314
12/22/2022,TVC,MI,AGL,CE,Towers with Radar,12,15,13,0,40,0,0,22,2,24,12,15,35,2,64,58,0,58,122
12/23/2022,TVC,MI,AGL,CE,Towers with Radar,4,5,1,0,10,0,0,0,0,0,4,5,1,0,10,0,0,0,10
12/24/2022,TVC,MI,AGL,CE,Towers with Radar,4,4,4,0,12,0,0,0,0,0,4,4,4,0,12,0,0,0,12
12/25/2022,TVC,MI,AGL,CE,Towers with Radar,14,6,0,0,20,0,0,0,0,0,14,6,0,0,20,0,0,0,20
12/26/2022,TVC,MI,AGL,CE,Towers with Radar,17,17,6,0,40,0,1,1,4,6,17,18,7,4,46,0,12,12,58
12/27/2022,TVC,MI,AGL,CE,Towers with Radar,16,19,19,0,54,0,0,13,5,18,16,19,32,5,72,4,34,38,110
12/28/2022,TVC,MI,AGL,CE,Towers with Radar,15,19,12,0,46,0,2,22,5,29,15,21,34,5,75,40,12,52,127
12/29/2022,TVC,MI,AGL,CE,Towers with Radar,21,10,9,0,40,0,0,3,2,5,21,10,12,2,45,12,0,12,57
12/30/2022,TVC,MI,AGL,CE,Towers with Radar,15,12,9,0,36,0,0,0,6,6,15,12,9,6,42,0,18,18,60
12/31/2022,TVC,MI,AGL,CE,Towers with Radar,14,14,5,0,33,0,0,4,2,6,14,14,9,2,39,4,0,4,43
01/01/2023,TVC,MI,AGL,CE,Towers with Radar,16,16,0,1,33,0,0,0,1,1,16,16,0,2,34,0,0,0,34
01/02/2023,TVC,MI,AGL,CE,Towers with Radar,16,9,11,0,36,0,0,11,2,13,16,9,22,2,49,50,0,50,99
01/03/2023,TVC,MI,AGL,CE,Towers with Radar,20,8,9,0,37,0,0,7,0,7,20,8,16,0,44,22,0,22,66
01/04/2023,TVC,MI,AGL,CE,Towers with Radar,15,15,24,0,54,0,0,0,0,0,15,15,24,0,54,0,0,0,54
01/05/2023,TVC,MI,AGL,CE,Towers with Radar,16,13,5,0,34,0,0,0,0,0,16,13,5,0,34,0,0,0,34
01/06/2023,TVC,MI,AGL,CE,Towers with Radar,15,20,6,0,41,0,0,5,4,9,15,20,11,4,50,58,20,78,128
01/07/2023,TVC,MI,AGL,CE,Towers with Radar,14,8,7,0,29,0,1,17,1,19,14,9,24,1,48,56,0,56,104
01/08/2023,TVC,MI,AGL,CE,Towers with Radar,18,4,9,0,31,0,2,26,4,32,18,6,35,4,63,168,12,180,243
01/09/2023,TVC,MI,AGL,CE,Towers with Radar,16,6,7,3,32,0,0,1,1,2,16,6,8,4,34,0,0,0,34
01/10/2023,TVC,MI,AGL,CE,Towers with Radar,15,13,4,2,34,0,0,6,8,14,15,13,10,10,48,40,122,162,210
01/11/2023,TVC,MI,AGL,CE,Towers with Radar,13,12,7,0,32,0,0,0,5,5,13,12,7,5,37,0,12,12,49
01/12/2023,TVC,MI,AGL,CE,Towers with Radar,17,9,10,0,36,0,0,0,2,2,17,9,10,2,38,0,0,0,38
01/13/2023,TVC,MI,AGL,CE,Towers with Radar,16,7,12,0,35,0,0,2,0,2,16,7,14,0,37,0,0,0,37
01/14/2023,TVC,MI,AGL,CE,Towers with Radar,13,9,15,0,37,0,1,70,3,74,13,10,85,3,111,60,0,60,171
01/15/2023,TVC,MI,AGL,CE,Towers with Radar,16,3,20,0,39,0,2,54,2,58,16,5,74,2,97,44,0,44,141
01/16/2023,TVC,MI,AGL,CE,Towers with Radar,16,5,11,1,33,0,1,26,2,29,16,6,37,3,62,92,44,136,198
01/17/2023,TVC,MI,AGL,CE,Towers with Radar,16,7,6,0,29,0,0,0,0,0,16,7,6,0,29,0,0,0,29
01/18/2023,TVC,MI,AGL,CE,Towers with Radar,17,6,11,1,35,0,0,11,8,19,17,6,22,9,54,54,56,110,164
01/19/2023,TVC,MI,AGL,CE,Towers with Radar,15,9,4,0,28,0,0,0,0,0,15,9,4,0,28,0,0,0,28
01/20/2023,TVC,MI,AGL,CE,Towers with Radar,17,13,9,0,39,0,0,4,4,8,17,13,13,4,47,2,24,26,73
01/21/2023,TVC,MI,AGL,CE,Towers with Radar,16,6,3,0,25,0,0,2,0,2,16,6,5,0,27,26,0,26,53
01/22/2023,TVC,MI,AGL,CE,Towers with Radar,15,10,5,0,30,0,0,2,1,3,15,10,7,1,33,0,24,24,57
01/23/2023,TVC,MI,AGL,CE,Towers with Radar,19,10,6,1,36,0,0,6,11,17,19,10,12,12,53,74,62,136,189
01/24/2023,TVC,MI,AGL,CE,Towers with Radar,14,9,8,3,34,0,0,12,7,19,14,9,20,10,53,82,48,130,183
01/25/2023,TVC,MI,AGL,CE,Towers with Radar,7,8,18,3,36,0,1,53,2,56,7,9,71,5,92,118,18,136,228
01/26/2023,TVC,MI,AGL,CE,Towers with Radar,18,9,18,1,46,0,0,3,3,6,18,9,21,4,52,10,0,10,62
01/27/2023,TVC,MI,AGL,CE,Towers with Radar,13,18,10,0,41,0,0,1,0,1,13,18,11,0,42,0,0,0,42
01/28/2023,TVC,MI,AGL,CE,Towers with Radar,15,5,16,2,38,0,0,37,1,38,15,5,53,3,76,182,0,182,258
01/29/2023,TVC,MI,AGL,CE,Towers with Radar,19,5,10,1,35,0,0,7,3,10,19,5,17,4,45,4,0,4,49
01/30/2023,TVC,MI,AGL,CE,Towers with Radar,17,5,10,2,34,0,0,1,0,1,17,5,11,2,35,10,6,16,51
01/31/2023,TVC,MI,AGL,CE,Towers with Radar,13,14,20,2,49,0,1,37,6,44,13,15,57,8,93,146,2,148,241
02/01/2023,TVC,MI,AGL,CE,Towers with Radar,18,13,27,0,58,0,0,117,2,119,18,13,144,2,177,235,0,235,412
02/02/2023,TVC,MI,AGL,CE,Towers with Radar,18,7,21,1,47,0,0,16,1,17,18,7,37,2,64,16,4,20,84
02/03/2023,TVC,MI,AGL,CE,Towers with Radar,15,9,8,5,37,0,0,8,8,16,15,9,16,13,53,56,20,76,129
02/04/2023,TVC,MI,AGL,CE,Towers with Radar,15,8,13,0,36,0,2,11,2,15,15,10,24,2,51,44,0,44,95
02/05/2023,TVC,MI,AGL,CE,Towers with Radar,17,7,5,0,29,0,3,15,2,20,17,10,20,2,49,108,0,108,157
02/06/2023,TVC,MI,AGL,CE,Towers with Radar,15,5,34,0,54,0,0,76,6,82,15,5,110,6,136,120,18,138,274
02/07/2023,TVC,MI,AGL,CE,Towers with Radar,13,15,3,0,31,0,0,21,4,25,13,15,24,4,56,138,0,138,194
02/08/2023,TVC,MI,AGL,CE,Towers with Radar,12,11,44,2,69,0,2,150,3,155,12,13,194,5,224,226,4,230,454
02/09/2023,TVC,MI,AGL,CE,Towers with Radar,17,14,12,0,43,0,0,15,4,19,17,14,27,4,62,8,30,38,100
02/10/2023,TVC,MI,AGL,CE,Towers with Radar,18,24,13,0,55,0,3,9,4,16,18,27,22,4,71,14,0,14,85
02/11/2023,TVC,MI,AGL,CE,Towers with Radar,17,6,14,0,37,0,3,36,5,44,17,9,50,5,81,36,0,36,117
02/12/2023,TVC,MI,AGL,CE,Towers with Radar,20,4,26,2,52,0,1,101,1,103,20,5,127,3,155,158,0,158,313
02/13/2023,TVC,MI,AGL,CE,Towers with Radar,17,7,47,1,72,0,3,125,2,130,17,10,172,3,202,192,0,192,394
02/14/2023,TVC,MI,AGL,CE,Towers with Radar,15,16,32,1,64,0,3,117,4,124,15,19,149,5,188,193,0,193,381
02/15/2023,TVC,MI,AGL,CE,Towers with Radar,16,12,7,0,35,0,0,1,0,1,16,12,8,0,36,6,0,6,42
02/16/2023,TVC,MI,AGL,CE,Towers with Radar,15,9,9,0,33,0,0,7,2,9,15,9,16,2,42,44,0,44,86
02/17/2023,TVC,MI,AGL,CE,Towers with Radar,23,17,18,0,58,0,1,24,1,26,23,18,42,1,84,54,0,54,138
02/18/2023,TVC,MI,AGL,CE,Towers with Radar,17,18,20,0,55,0,0,36,1,37,17,18,56,1,92,65,0,65,157
02/19/2023,TVC,MI,AGL,CE,Towers with Radar,18,3,13,0,34,0,0,20,2,22,18,3,33,2,56,16,0,16,72
02/20/2023,TVC,MI,AGL,CE,Towers with Radar,18,9,23,1,51,0,1,137,2,140,18,10,160,3,191,352,4,356,547
02/21/2023,TVC,MI,AGL,CE,Towers with Radar,16,15,12,0,43,0,0,7,4,11,16,15,19,4,54,22,0,22,76
02/22/2023,TVC,MI,AGL,CE,Towers with Radar,7,9,7,0,23,0,0,0,0,0,7,9,7,0,23,0,0,0,23
02/23/2023,TVC,MI,AGL,CE,Towers with Radar,15,9,2,0,26,2,0,0,0,2,17,9,2,0,28,0,0,0,28
02/24/2023,TVC,MI,AGL,CE,Towers with Radar,18,23,8,0,49,0,0,14,0,14,18,23,22,0,63,42,0,42,105
02/25/2023,TVC,MI,AGL,CE,Towers with Radar,17,7,5,0,29,0,2,18,1,21,17,9,23,1,50,94,0,94,144
02/26/2023,TVC,MI,AGL,CE,Towers with Radar,20,9,39,0,68,0,0,80,5,85,20,9,119,5,153,122,0,122,275
02/27/2023,TVC,MI,AGL,CE,Towers with Radar,9,1,6,0,16,0,0,13,2,15,9,1,19,2,31,22,6,28,59
02/28/2023,TVC,MI,AGL,CE,Towers with Radar,21,15,22,0,58,0,2,69,3,74,21,17,91,3,132,144,4,148,280
03/01/2023,TVC,MI,AGL,CE,Towers with Radar,16,17,16,0,49,0,1,66,6,73,16,18,82,6,122,242,0,242,364
03/02/2023,TVC,MI,AGL,CE,Towers with Radar,18,10,9,3,40,0,2,4,3,9,18,12,13,6,49,11,0,11,60
03/03/2023,TVC,MI,AGL,CE,Towers with Radar,14,16,18,1,49,0,1,94,7,102,14,17,112,8,151,188,24,212,363
03/04/2023,TVC,MI,AGL,CE,Towers with Radar,12,15,20,0,47,0,3,75,2,80,12,18,95,2,127,187,0,187,314
03/05/2023,TVC,MI,AGL,CE,Towers with Radar,15,4,19,0,38,0,0,87,1,88,15,4,106,1,126,146,0,146,272
03/06/2023,TVC,MI,AGL,CE,Towers with Radar,17,7,6,0,30,0,0,0,3,3,17,7,6,3,33,10,32,42,75
03/07/2023,TVC,MI,AGL,CE,Towers with Radar,11,7,33,2,53,0,1,132,5,138,11,8,165,7,191,203,0,203,394
03/08/2023,TVC,MI,AGL,CE,Towers with Radar,11,12,30,0,53,0,2,112,1,115,11,14,142,1,168,264,0,264,432
03/09/2023,TVC,MI,AGL,CE,Towers with Radar,17,10,34,2,63,0,0,99,5,104,17,10,133,7,167,214,10,224,391
03/10/2023,TVC,MI,AGL,CE,Towers with Radar,16,14,12,0,42,0,0,1,2,3,16,14,13,2,45,4,0,4,49
03/11/2023,TVC,MI,AGL,CE,Towers with Radar,11,7,20,0,38,0,2,111,3,116,11,9,131,3,154,151,0,151,305
03/12/2023,TVC,MI,AGL,CE,Towers with Radar,17,6,6,0,29,0,0,2,2,4,17,6,8,2,33,16,2,18,51
03/13/2023,TVC,MI,AGL,CE,Towers with Radar,19,6,11,1,37,0,0,1,0,1,19,6,12,1,38,0,0,0,38
03/14/2023,TVC,MI,AGL,CE,Towers with Radar,11,11,30,0,52,0,2,97,6,105,11,13,127,6,157,230,24,254,411
03/15/2023,TVC,MI,AGL,CE,Towers with Radar,13,9,21,3,46,0,4,116,11,131,13,13,137,14,177,133,37,170,347
03/16/2023,TVC,MI,AGL,CE,Towers with Radar,17,7,34,0,58,0,6,79,4,89,17,13,113,4,147,186,18,204,351
03/17/2023,TVC,MI,AGL,CE,Towers with Radar,19,9,4,0,32,0,1,1,3,5,19,10,5,3,37,0,0,0,37
03/18/2023,TVC,MI,AGL,CE,Towers with Radar,14,6,3,0,23,0,0,0,0,0,14,6,3,0,23,0,0,0,23
03/19/2023,TVC,MI,AGL,CE,Towers with Radar,16,1,17,0,34,0,4,39,3,46,16,5,56,3,80,66,0,66,146
03/20/2023,TVC,MI,AGL,CE,Towers with Radar,17,9,32,0,58,0,3,109,7,119,17,12,141,7,177,138,30,168,345
03/21/2023,TVC,MI,AGL,CE,Towers with Radar,13,9,19,2,43,0,1,110,9,120,13,10,129,11,163,158,14,172,335
03/22/2023,TVC,MI,AGL,CE,Towers with Radar,13,10,4,0,27,0,0,8,6,14,13,10,12,6,41,28,58,86,127
03/23/2023,TVC,MI,AGL,CE,Towers with Radar,19,10,16,0,45,0,2,74,4,80,19,12,90,4,125,214,2,216,341
03/24/2023,TVC,MI,AGL,CE,Towers with Radar,17,11,23,0,51,0,5,129,4,138,17,16,152,4,189,249,0,249,438
03/25/2023,TVC,MI,AGL,CE,Towers with Radar,9,2,2,0,13,0,0,0,0,0,9,2,2,0,13,0,0,0,13
03/26/2023,TVC,MI,AGL,CE,Towers with Radar,17,7,19,0,43,0,0,46,2,48,17,7,65,2,91,74,0,74,165
03/27/2023,TVC,MI,AGL,CE,Towers with Radar,16,8,15,0,39,0,2,94,6,102,16,10,109,6,141,232,2,234,375
03/28/2023,TVC,MI,AGL,CE,Towers with Radar,14,9,31,1,55,0,4,117,5,126,14,13,148,6,181,288,16,304,485
03/29/2023,TVC,MI,AGL,CE,Towers with Radar,15,10,5,0,30,0,0,10,3,13,15,10,15,3,43,0,0,0,43
03/30/2023,TVC,MI,AGL,CE,Towers with Radar,19,8,27,0,54,0,0,95,11,106,19,8,122,11,160,174,10,184,344
03/31/2023,TVC,MI,AGL,CE,Towers with Radar,17,5,25,0,47,0,0,0,2,2,17,5,25,2,49,0,0,0,49
04/01/2023,TVC,MI,AGL,CE,Towers with Radar,18,5,4,0,27,0,1,2,0,3,18,6,6,0,30,16,0,16,46
04/02/2023,TVC,MI,AGL,CE,Towers with Radar,17,2,20,0,39,0,1,34,3,38,17,3,54,3,77,32,0,32,109
04/03/2023,TVC,MI,AGL,CE,Towers with Radar,14,12,15,0,41,0,2,88,6,96,14,14,103,6,137,213,26,239,376
04/04/2023,TVC,MI,AGL,CE,Towers with Radar,12,10,16,0,38,0,3,83,2,88,12,13,99,2,126,176,0,176,302
04/05/2023,TVC,MI,AGL,CE,Towers with Radar,16,9,4,1,30,0,0,2,4,6,16,9,6,5,36,2,0,2,38
04/06/2023,TVC,MI,AGL,CE,Towers with Radar,18,19,13,2,52,0,3,0,6,9,18,22,13,8,61,0,2,2,63
04/07/2023,TVC,MI,AGL,CE,Towers with Radar,17,11,31,0,59,0,1,141,2,144,17,12,172,2,203,278,0,278,481
04/08/2023,TVC,MI,AGL,CE,Towers with Radar,14,7,19,0,40,0,0,6,4,10,14,7,25,4,50,0,2,2,52
04/09/2023,TVC,MI,AGL,CE,Towers with Radar,14,2,5,0,21,0,4,35,4,43,14,6,40,4,64,32,10,42,106
04/10/2023,TVC,MI,AGL,CE,Towers with Radar,16,10,21,0,47,0,5,25,9,39,16,15,46,9,86,7,0,7,93
04/11/2023,TVC,MI,AGL,CE,Towers with Radar,14,14,25,0,53,0,7,47,6,60,14,21,72,6,113,99,30,129,242
04/12/2023,TVC,MI,AGL,CE,Towers with Radar,9,7,8,1,25,0,0,32,4,36,9,7,40,5,61,39,36,75,136
04/13/2023,TVC,MI,AGL,CE,Towers with Radar,18,12,28,1,59,0,2,112,3,117,18,14,140,4,176,190,12,202,378
04/14/2023,TVC,MI,AGL,CE,Towers with Radar,19,8,47,1,75,0,0,153,2,155,19,8,200,3,230,214,0,214,444
04/15/2023,TVC,MI,AGL,CE,Towers with Radar,14,7,34,0,55,0,1,74,1,76,14,8,108,1,131,164,0,164,295
04/16/2023,TVC,MI,AGL,CE,Towers with Radar,19,2,13,0,34,0,0,11,1,12,19,2,24,1,46,14,0,14,60
04/17/2023,TVC,MI,AGL,CE,Towers with Radar,19,7,10,0,36,0,1,0,2,3,19,8,10,2,39,0,10,10,49
04/18/2023,TVC,MI,AGL,CE,Towers with Radar,15,12,19,0,46,0,3,35,5,43,15,15,54,5,89,78,10,88,177
04/19/2023,TVC,MI,AGL,CE,Towers with Radar,13,10,19,0,42,0,3,81,1,85,13,13,100,1,127,174,0,174,301
04/20/2023,TVC,MI,AGL,CE,Towers with Radar,19,15,6,1,41,0,2,2,4,8,19,17,8,5,49,0,0,0,49
04/21/2023,TVC,MI,AGL,CE,Towers with Radar,19,20,42,0,81,0,4,81,8,93,19,24,123,8,174,170,27,197,371
04/22/2023,TVC,MI,AGL,CE,Towers with Radar,14,7,21,0,42,0,0,39,3,42,14,7,60,3,84,78,2,80,164
04/23/2023,TVC,MI,AGL,CE,Towers with Radar,18,5,12,0,35,0,2,14,3,19,18,7,26,3,54,20,0,20,74
04/24/2023,TVC,MI,AGL,CE,Towers with Radar,18,12,43,0,73,0,0,96,2,98,18,12,139,2,171,196,4,200,371
04/25/2023,TVC,MI,AGL,CE,Towers with Radar,15,13,17,1,46,0,0,52,4,56,15,13,69,5,102,218,18,236,338
04/26/2023,TVC,MI,AGL,CE,Towers with Radar,14,14,22,0,50,0,3,83,4,90,14,17,105,4,140,268,2,270,410
04/27/2023,TVC,MI,AGL,CE,Towers with Radar,17,15,44,0,76,0,1,117,8,126,17,16,161,8,202,218,10,228,430
04/28/2023,TVC,MI,AGL,CE,Towers with Radar,18,8,41,4,71,0,1,120,4,125,18,9,161,8,196,233,4,237,433
04/29/2023,TVC,MI,AGL,CE,Towers with Radar,12,11,28,0,51,0,0,8,4,12,12,11,36,4,63,40,0,40,103
04/30/2023,TVC,MI,AGL,CE,Towers with Radar,17,1,2,0,20,0,2,7,1,10,17,3,9,1,30,50,12,62,92
05/01/2023,TVC,MI,AGL,CE,Towers with Radar,18,6,5,0,29,0,0,0,0,0,18,6,5,0,29,0,0,0,29
05/02/2023,TVC,MI,AGL,CE,Towers with Radar,14,14,15,0,43,0,0,0,1,1,14,14,15,1,44,0,0,0,44
05/03/2023,TVC,MI,AGL,CE,Towers with Radar,14,14,34,0,62,0,2,26,6,34,14,16,60,6,96,112,4,116,212
05/04/2023,TVC,MI,AGL,CE,Towers with Radar,16,10,37,3,66,0,1,151,14,166,16,11,188,17,232,310,18,328,560
05/05/2023,TVC,MI,AGL,CE,Towers with Radar,21,16,15,0,52,0,1,38,1,40,21,17,53,1,92,76,0,76,168
05/06/2023,TVC,MI,AGL,CE,Towers with Radar,14,14,10,0,38,0,3,43,2,48,14,17,53,2,86,50,0,50,136
05/07/2023,TVC,MI,AGL,CE,Towers with Radar,20,8,29,2,59,0,0,2,0,2,20,8,31,2,61,0,0,0,61
05/08/2023,TVC,MI,AGL,CE,Towers with Radar,20,7,37,4,68,0,1,91,3,95,20,8,128,7,163,130,0,130,293
05/09/2023,TVC,MI,AGL,CE,Towers with Radar,14,16,28,0,58,0,4,128,7,139,14,20,156,7,197,168,54,222,419
05/10/2023,TVC,MI,AGL,CE,Towers with Radar,14,20,41,0,75,0,11,129,0,140,14,31,170,0,215,152,0,152,367
05/11/2023,TVC,MI,AGL,CE,Towers with Radar,16,9,41,0,66,0,2,140,4,146,16,11,181,4,212,182,0,182,394
05/12/2023,TVC,MI,AGL,CE,Towers with Radar,19,16,26,0,61,0,3,118,6,127,19,19,144,6,188,202,14,216,404
05/13/2023,TVC,MI,AGL,CE,Towers with Radar,14,14,21,0,49,0,1,109,2,112,14,15,130,2,161,42,0,42,203
05/14/2023,TVC,MI,AGL,CE,Towers with Radar,13,6,11,0,30,0,2,22,2,26,13,8,33,2,56,22,0,22,78
05/15/2023,TVC,MI,AGL,CE,Towers with Radar,19,14,47,0,80,0,3,114,3,120,19,17,161,3,200,194,0,194,394
05/16/2023,TVC,MI,AGL,CE,Towers with Radar,14,14,41,0,69,0,8,103,6,117,14,22,144,6,186,196,0,196,382
05/17/2023,TVC,MI,AGL,CE,Towers with Radar,13,15,47,0,75,0,8,131,5,144,13,23,178,5,219,242,14,256,475
05/18/2023,TVC,MI,AGL,CE,Towers with Radar,19,9,40,0,68,0,1,125,2,128,19,10,165,2,196,232,0,232,428
05/19/2023,TVC,MI,AGL,CE,Towers with Radar,19,19,23,1,62,0,4,26,2,32,19,23,49,3,94,52,0,52,146
05/20/2023,TVC,MI,AGL,CE,Towers with Radar,16,8,26,0,50,0,0,36,4,40,16,8,62,4,90,22,2,24,114
05/21/2023,TVC,MI,AGL,CE,Towers with Radar,18,4,23,1,46,0,2,76,1,79,18,6,99,2,125,106,20,126,251
05/22/2023,TVC,MI,AGL,CE,Towers with Radar,16,7,47,0,70,0,4,110,3,117,16,11,157,3,187,242,0,242,429
05/23/2023,TVC,MI,AGL,CE,Towers with Radar,15,14,30,0,59,0,0,132,3,135,15,14,162,3,194,229,0,229,423
05/24/2023,TVC,MI,AGL,CE,Towers with Radar,13,14,49,1,77,0,4,102,13,119,13,18,151,14,196,170,2,172,368
05/25/2023,TVC,MI,AGL,CE,Towers with Radar,19,17,42,0,78,0,2,170,2,174,19,19,212,2,252,263,0,263,515
05/26/2023,TVC,MI,AGL,CE,Towers with Radar,18,28,57,1,104,0,6,183,2,191,18,34,240,3,295,197,2,199,494
05/27/2023,TVC,MI,AGL,CE,Towers with Radar,19,19,27,0,65,0,2,78,1,81,19,21,105,1,146,44,0,44,190
05/28/2023,TVC,MI,AGL,CE,Towers with Radar,20,12,17,0,49,0,4,82,2,88,20,16,99,2,137,76,0,76,213
05/29/2023,TVC,MI,AGL,CE,Towers with Radar,14,12,22,0,48,0,3,84,2,89,14,15,106,2,137,132,0,132,269
05/30/2023,TVC,MI,AGL,CE,Towers with Radar,18,11,29,0,58,0,8,134,3,145,18,19,163,3,203,237,0,237,440
05/31/2023,TVC,MI,AGL,CE,Towers with Radar,16,19,26,1,62,0,3,87,5,95,16,22,113,6,157,134,0,134,291
06/01/2023,TVC,MI,AGL,CE,Towers with Radar,20,16,30,1,67,0,4,151,7,162,20,20,181,8,229,240,0,240,469
06/02/2023,TVC,MI,AGL,CE,Towers with Radar,24,22,46,0,92,0,5,133,4,142,24,27,179,4,234,190,0,190,424
06/03/2023,TVC,MI,AGL,CE,Towers with Radar,31,20,26,0,77,0,8,66,4,78,31,28,92,4,155,64,0,64,219
06/04/2023,TVC,MI,AGL,CE,Towers with Radar,32,14,31,2,79,0,1,79,2,82,32,15,110,4,161,96,0,96,257
06/05/2023,TVC,MI,AGL,CE,Towers with Radar,30,14,30,0,74,0,1,119,4,124,30,15,149,4,198,202,0,202,400
06/06/2023,TVC,MI,AGL,CE,Towers with Radar,33,14,27,0,74,0,3,139,9,151,33,17,166,9,225,189,0,189,414
06/07/2023,TVC,MI,AGL,CE,Towers with Radar,31,29,37,0,97,0,0,125,3,128,31,29,162,3,225,190,0,190,415
06/08/2023,TVC,MI,AGL,CE,Towers with Radar,33,20,40,2,95,0,4,132,3,139,33,24,172,5,234,194,0,194,428
06/09/2023,TVC,MI,AGL,CE,Towers with Radar,33,14,42,0,89,0,5,141,7,153,33,19,183,7,242,204,0,204,446
06/10/2023,TVC,MI,AGL,CE,Towers with Radar,38,13,36,0,87,0,0,50,5,55,38,13,86,5,142,26,0,26,168
06/11/2023,TVC,MI,AGL,CE,Towers with Radar,37,19,27,1,84,0,0,11,0,11,37,19,38,1,95,16,0,16,111
06/12/2023,TVC,MI,AGL,CE,Towers with Radar,34,24,41,0,99,0,5,75,4,84,34,29,116,4,183,140,0,140,323
06/13/2023,TVC,MI,AGL,CE,Towers with Radar,32,23,52,0,107,0,2,13,10,25,32,25,65,10,132,59,0,59,191
06/14/2023,TVC,MI,AGL,CE,Towers with Radar,32,19,63,4,118,0,2,84,3,89,32,21,147,7,207,145,0,145,352
06/15/2023,TVC,MI,AGL,CE,Towers with Radar,37,22,36,2,97,0,0,0,0,0,37,22,36,2,97,0,0,0,97
06/16/2023,TVC,MI,AGL,CE,Towers with Radar,35,27,53,0,115,0,9,82,4,95,35,36,135,4,210,206,0,206,416
06/17/2023,TVC,MI,AGL,CE,Towers with Radar,42,16,30,0,88,0,2,107,4,113,42,18,137,4,201,104,0,104,305
06/18/2023,TVC,MI,AGL,CE,Towers with Radar,37,18,15,0,70,0,4,75,2,81,37,22,90,2,151,8,0,8,159
06/19/2023,TVC,MI,AGL,CE,Towers with Radar,33,12,38,1,84,0,2,133,2,137,33,14,171,3,221,240,0,240,461
06/20/2023,TVC,MI,AGL,CE,Towers with Radar,32,18,41,2,93,0,1,125,2,128,32,19,166,4,221,142,8,150,371
06/21/2023,TVC,MI,AGL,CE,Towers with Radar,31,29,40,2,102,0,1,177,4,182,31,30,217,6,284,225,0,225,509
06/22/2023,TVC,MI,AGL,CE,Towers with Radar,36,28,49,1,114,0,8,107,1,116,36,36,156,2,230,104,0,104,334
06/23/2023,TVC,MI,AGL,CE,Towers with Radar,35,34,57,0,126,0,1,107,4,112,35,35,164,4,238,144,0,144,382
06/24/2023,TVC,MI,AGL,CE,Towers with Radar,49,32,23,0,104,1,5,81,0,87,50,37,104,0,191,32,0,32,223
06/25/2023,TVC,MI,AGL,CE,Towers with Radar,36,33,36,0,105,0,0,22,2,24,36,33,58,2,129,26,0,26,155
06/26/2023,TVC,MI,AGL,CE,Towers with Radar,31,17,44,6,98,0,0,5,2,7,31,17,49,8,105,0,0,0,105
06/27/2023,TVC,MI,AGL,CE,Towers with Radar,29,30,60,5,124,0,0,0,0,0,29,30,60,5,124,0,0,0,124
06/28/2023,TVC,MI,AGL,CE,Towers with Radar,32,23,56,0,111,0,2,167,6,175,32,25,223,6,286,164,0,164,450
06/29/2023,TVC,MI,AGL,CE,Towers with Radar,36,32,37,10,115,0,0,5,1,6,36,32,42,11,121,4,0,4,125
06/30/2023,TVC,MI,AGL,CE,Towers with Radar,33,30,55,0,118,0,9,66,9,84,33,39,121,9,202,110,0,110,312
07/01/2023,TVC,MI,AGL,CE,Towers with Radar,46,26,33,0,105,0,5,52,19,76,46,31,85,19,181,42,2,44,225
07/02/2023,TVC,MI,AGL,CE,Towers with Radar,40,10,28,0,78,0,16,36,10,62,40,26,64,10,140,12,0,12,152
07/03/2023,TVC,MI,AGL,CE,Towers with Radar,35,17,40,3,95,0,9,142,2,153,35,26,182,5,248,104,0,104,352
07/04/2023,TVC,MI,AGL,CE,Towers with Radar,31,11,11,0,53,0,1,70,1,72,31,12,81,1,125,18,0,18,143
07/05/2023,TVC,MI,AGL,CE,Towers with Radar,38,20,34,1,93,0,0,105,2,107,38,20,139,3,200,84,0,84,284
07/06/2023,TVC,MI,AGL,CE,Towers with Radar,46,17,48,4,115,0,4,87,4,95,46,21,135,8,210,108,14,122,332
07/07/2023,TVC,MI,AGL,CE,Towers with Radar,40,36,39,0,115,0,5,163,2,170,40,41,202,2,285,136,0,136,421
07/08/2023,TVC,MI,AGL,CE,Towers with Radar,51,26,46,0,123,0,0,103,7,110,51,26,149,7,233,178,0,178,411
07/09/2023,TVC,MI,AGL,CE,Towers with Radar,42,41,54,0,137,0,2,95,3,100,42,43,149,3,237,46,0,46,283
07/10/2023,TVC,MI,AGL,CE,Towers with Radar,39,14,34,0,87,0,4,59,8,71,39,18,93,8,158,47,12,59,217
07/11/2023,TVC,MI,AGL,CE,Towers with Radar,30,16,37,0,83,0,0,128,10,138,30,16,165,10,221,176,26,202,423
07/12/2023,TVC,MI,AGL,CE,Towers with Radar,33,23,48,0,104,0,3,140,6,149,33,26,188,6,253,180,0,180,433
07/13/2023,TVC,MI,AGL,CE,Towers with Radar,39,29,64,0,132,0,0,155,8,163,39,29,219,8,295,274,16,290,585
07/14/2023,TVC,MI,AGL,CE,Towers with Radar,32,26,53,1,112,0,7,77,4,88,32,33,130,5,200,77,0,77,277
07/15/2023,TVC,MI,AGL,CE,Towers with Radar,49,20,26,0,95,0,27,69,0,96,49,47,95,0,191,120,0,120,311
07/16/2023,TVC,MI,AGL,CE,Towers with Radar,39,32,57,0,128,0,5,52,4,61,39,37,109,4,189,62,0,62,251
07/17/2023,TVC,MI,AGL,CE,Towers with Radar,36,34,44,0,114,0,2,107,2,111,36,36,151,2,225,140,0,140,365
07/18/2023,TVC,MI,AGL,CE,Towers with Radar,36,20,33,1,90,0,2,135,5,142,36,22,168,6,232,191,8,199,431
07/19/2023,TVC,MI,AGL,CE,Towers with Radar,37,16,36,1,90,0,2,139,5,146,37,18,175,6,236,183,4,187,423
07/20/2023,TVC,MI,AGL,CE,Towers with Radar,40,29,43,1,113,1,3,43,0,47,41,32,86,1,160,138,0,138,298
07/21/2023,TVC,MI,AGL,CE,Towers with Radar,38,30,51,0,119,0,5,154,3,162,38,35,205,3,281,140,0,140,421
07/22/2023,TVC,MI,AGL,CE,Towers with Radar,51,26,25,1,103,0,21,119,2,142,51,47,144,3,245,62,0,62,307
07/23/2023,TVC,MI,AGL,CE,Towers with Radar,43,33,43,1,120,0,8,54,2,64,43,41,97,3,184,58,0,58,242
07/24/2023,TVC,MI,AGL,CE,Towers with Radar,39,26,54,9,128,0,3,117,4,124,39,29,171,13,252,156,2,158,410
07/25/2023,TVC,MI,AGL,CE,Towers with Radar,35,30,41,0,106,0,5,122,9,136,35,35,163,9,242,231,0,231,473
07/26/2023,TVC,MI,AGL,CE,Towers with Radar,35,25,41,3,104,0,3,23,3,29,35,28,64,6,133,108,0,108,241
07/27/2023,TVC,MI,AGL,CE,Towers with Radar,38,39,64,1,142,0,5,60,4,69,38,44,124,5,211,86,0,86,297
07/28/2023,TVC,MI,AGL,CE,Towers with Radar,41,27,51,5,124,0,2,110,9,121,41,29,161,14,245,164,0,164,409
07/29/2023,TVC,MI,AGL,CE,Towers with Radar,50,41,26,6,123,0,2,78,3,83,50,43,104,9,206,78,3,81,287
07/30/2023,TVC,MI,AGL,CE,Towers with Radar,44,28,46,3,121,0,6,100,11,117,44,34,146,14,238,54,10,64,302
07/31/2023,TVC,MI,AGL,CE,Towers with Radar,40,22,36,3,101,0,2,132,1,135,40,24,168,4,236,110,0,110,346
08/01/2023,TVC,MI,AGL,CE,Towers with Radar,37,34,50,4,125,0,2,127,7,136,37,36,177,11,261,241,0,241,502
08/02/2023,TVC,MI,AGL,CE,Towers with Radar,37,30,23,5,95,0,1,50,3,54,37,31,73,8,149,60,0,60,209
08/03/2023,TVC,MI,AGL,CE,Towers with Radar,39,18,39,7,103,0,3,126,0,129,39,21,165,7,232,163,0,163,395
08/04/2023,TVC,MI,AGL,CE,Towers with Radar,39,39,60,4,142,0,3,101,7,111,39,42,161,11,253,158,0,158,411
08/05/2023,TVC,MI,AGL,CE,Towers with Radar,53,34,34,1,122,0,3,106,1,110,53,37,140,2,232,40,0,40,272
08/06/2023,TVC,MI,AGL,CE,Towers with Radar,44,39,52,4,139,0,6,51,4,61,44,45,103,8,200,12,0,12,212
08/07/2023,TVC,MI,AGL,CE,Towers with Radar,41,44,45,1,131,0,12,82,7,101,41,56,127,8,232,94,36,130,362
08/08/2023,TVC,MI,AGL,CE,Towers with Radar,35,23,33,1,92,0,5,132,10,147,35,28,165,11,239,174,6,180,419
08/09/2023,TVC,MI,AGL,CE,Towers with Radar,37,22,41,3,103,0,3,129,2,134,37,25,170,5,237,94,0,94,331
08/10/2023,TVC,MI,AGL,CE,Towers with Radar,38,24,41,3,106,0,0,85,8,93,38,24,126,11,199,110,8,118,317
08/11/2023,TVC,MI,AGL,CE,Towers with Radar,38,34,40,0,112,0,2,47,4,53,38,36,87,4,165,82,0,82,247
08/12/2023,TVC,MI,AGL,CE,Towers with Radar,51,32,16,0,99,0,4,56,6,66,51,36,72,6,165,16,6,22,187
08/13/2023,TVC,MI,AGL,CE,Towers with Radar,45,53,67,0,165,0,10,36,4,50,45,63,103,4,215,52,18,70,285
08/14/2023,TVC,MI,AGL,CE,Towers with Radar,35,22,32,3,92,0,10,72,8,90,35,32,104,11,182,172,20,192,374
08/15/2023,TVC,MI,AGL,CE,Towers with Radar,36,21,47,0,104,0,2,135,9,146,36,23,182,9,250,166,4,170,420
08/16/2023,TVC,MI,AGL,CE,Towers with Radar,39,24,35,2,100,0,3,82,5,90,39,27,117,7,190,128,0,128,318
08/17/2023,TVC,MI,AGL,CE,Towers with Radar,37,22,20,0,79,0,6,12,7,25,37,28,32,7,104,0,0,0,104
08/18/2023,TVC,MI,AGL,CE,Towers with Radar,48,36,30,0,114,0,10,85,3,98,48,46,115,3,212,120,0,120,332
08/19/2023,TVC,MI,AGL,CE,Towers with Radar,48,23,38,0,109,0,6,80,10,96,48,29,118,10,205,46,0,46,251
08/20/2023,TVC,MI,AGL,CE,Towers with Radar,40,27,34,0,101,0,3,50,0,53,40,30,84,0,154,46,8,54,208
08/21/2023,TVC,MI,AGL,CE,Towers with Radar,43,17,58,0,118,0,7,140,3,150,43,24,198,3,268,146,0,146,414
08/22/2023,TVC,MI,AGL,CE,Towers with Radar,38,30,38,0,106,0,0,27,7,34,38,30,65,7,140,66,0,66,206
08/23/2023,TVC,MI,AGL,CE,Towers with Radar,40,23,43,0,106,0,1,3,0,4,40,24,46,0,110,0,0,0,110
08/24/2023,TVC,MI,AGL,CE,Towers with Radar,36,17,41,0,94,0,0,0,0,0,36,17,41,0,94,0,0,0,94
08/25/2023,TVC,MI,AGL,CE,Towers with Radar,38,33,58,0,129,0,1,37,2,40,38,34,95,2,169,101,12,113,282
08/26/2023,TVC,MI,AGL,CE,Towers with Radar,48,16,25,0,89,0,0,67,4,71,48,16,92,4,160,40,0,40,200
08/27/2023,TVC,MI,AGL,CE,Towers with Radar,43,22,36,1,102,0,2,80,4,86,43,24,116,5,188,80,0,80,268
08/28/2023,TVC,MI,AGL,CE,Towers with Radar,39,10,39,0,88,0,5,170,2,177,39,15,209,2,265,198,6,204,469
08/29/2023,TVC,MI,AGL,CE,Towers with Radar,37,13,31,0,81,0,2,9,6,17,37,15,40,6,98,16,20,36,134
08/30/2023,TVC,MI,AGL,CE,Towers with Radar,39,15,47,1,102,0,3,149,6,158,39,18,196,7,260,198,18,216,476
08/31/2023,TVC,MI,AGL,CE,Towers with Radar,38,28,33,0,99,0,1,178,3,182,38,29,211,3,281,224,0,224,505
