01/01/2020,TXK,AR,ASW,CE,Federal Contract Tower,0,10,7,0,17,0,7,2,0,9,0,17,9,0,26,8,0,8,34
01/02/2020,TXK,AR,ASW,CE,Federal Contract Tower,0,6,9,0,15,0,0,0,0,0,0,6,9,0,15,0,0,0,15
01/03/2020,TXK,AR,ASW,CE,Federal Contract Tower,0,2,15,1,18,0,3,3,0,6,0,5,18,1,24,8,0,8,32
01/04/2020,TXK,AR,ASW,CE,Federal Contract Tower,0,8,14,0,22,0,3,36,0,39,0,11,50,0,61,32,0,32,93
01/05/2020,TXK,AR,ASW,CE,Federal Contract Tower,0,7,18,0,25,0,5,22,0,27,0,12,40,0,52,40,0,40,92
01/06/2020,TXK,AR,ASW,CE,Federal Contract Tower,0,6,16,2,24,0,11,32,2,45,0,17,48,4,69,52,2,54,123
01/07/2020,TXK,AR,ASW,CE,Federal Contract Tower,0,12,25,0,37,0,4,25,0,29,0,16,50,0,66,72,0,72,138
01/08/2020,TXK,AR,ASW,CE,Federal Contract Tower,0,7,20,4,31,0,6,24,2,32,0,13,44,6,63,52,2,54,117
01/09/2020,TXK,AR,ASW,CE,Federal Contract Tower,0,13,22,2,37,0,2,0,0,2,0,15,22,2,39,10,0,10,49
01/10/2020,TXK,AR,ASW,CE,Federal Contract Tower,0,6,4,0,10,0,3,0,0,3,0,9,4,0,13,6,0,6,19
01/11/2020,TXK,AR,ASW,CE,Federal Contract Tower,0,5,4,0,9,0,0,0,0,0,0,5,4,0,9,4,0,4,13
01/12/2020,TXK,AR,ASW,CE,Federal Contract Tower,0,10,16,0,26,0,5,6,0,11,0,15,22,0,37,8,0,8,45
01/13/2020,TXK,AR,ASW,CE,Federal Contract Tower,0,6,14,0,20,0,0,10,2,12,0,6,24,2,32,16,0,16,48
01/14/2020,TXK,AR,ASW,CE,Federal Contract Tower,0,7,14,0,21,0,0,3,0,3,0,7,17,0,24,2,0,2,26
01/15/2020,TXK,AR,ASW,CE,Federal Contract Tower,0,10,13,0,23,0,0,0,0,0,0,10,13,0,23,2,0,2,25
01/16/2020,TXK,AR,ASW,CE,Federal Contract Tower,0,17,8,3,28,0,2,2,0,4,0,19,10,3,32,2,0,2,34
01/17/2020,TXK,AR,ASW,CE,Federal Contract Tower,0,14,26,2,42,0,2,3,0,5,0,16,29,2,47,12,0,12,59
01/18/2020,TXK,AR,ASW,CE,Federal Contract Tower,0,5,5,1,11,0,1,14,1,16,0,6,19,2,27,40,0,40,67
01/19/2020,TXK,AR,ASW,CE,Federal Contract Tower,0,10,16,0,26,0,0,15,0,15,0,10,31,0,41,32,0,32,73
01/20/2020,TXK,AR,ASW,CE,Federal Contract Tower,0,5,17,0,22,0,2,23,0,25,0,7,40,0,47,80,0,80,127
01/21/2020,TXK,AR,ASW,CE,Federal Contract Tower,0,8,24,2,34,0,3,25,0,28,0,11,49,2,62,82,0,82,144
01/22/2020,TXK,AR,ASW,CE,Federal Contract Tower,0,6,4,0,10,0,0,0,0,0,0,6,4,0,10,0,0,0,10
01/23/2020,TXK,AR,ASW,CE,Federal Contract Tower,0,6,17,5,28,0,2,1,0,3,0,8,18,5,31,4,26,30,61
01/24/2020,TXK,AR,ASW,CE,Federal Contract Tower,0,15,20,9,44,0,7,9,4,20,0,22,29,13,64,44,28,72,136
01/26/2020,TXK,AR,ASW,CE,Federal Contract Tower,0,11,5,0,16,0,0,0,0,0,0,11,5,0,16,2,0,2,18
01/27/2020,TXK,AR,ASW,CE,Federal Contract Tower,0,7,13,0,20,0,0,0,0,0,0,7,13,0,20,24,0,24,44
01/28/2020,TXK,AR,ASW,CE,Federal Contract Tower,0,14,8,0,22,0,0,0,0,0,0,14,8,0,22,8,0,8,30
01/29/2020,TXK,AR,ASW,CE,Federal Contract Tower,0,12,11,0,23,0,0,0,0,0,0,12,11,0,23,4,0,4,27
01/30/2020,TXK,AR,ASW,CE,Federal Contract Tower,0,8,13,0,21,0,0,0,0,0,0,8,13,0,21,0,0,0,21
01/31/2020,TXK,AR,ASW,CE,Federal Contract Tower,0,12,6,22,40,0,3,11,4,18,0,15,17,26,58,76,34,110,168
02/01/2020,TXK,AR,ASW,CE,Federal Contract Tower,0,6,27,3,36,0,4,9,3,16,0,10,36,6,52,28,16,44,96
02/02/2020,TXK,AR,ASW,CE,Federal Contract Tower,0,7,7,6,20,0,6,15,0,21,0,13,22,6,41,40,12,52,93
02/03/2020,TXK,AR,ASW,CE,Federal Contract Tower,0,10,13,3,26,0,2,1,0,3,0,12,14,3,29,2,2,4,33
02/04/2020,TXK,AR,ASW,CE,Federal Contract Tower,0,10,19,0,29,0,0,1,0,1,0,10,20,0,30,6,0,6,36
02/05/2020,TXK,AR,ASW,CE,Federal Contract Tower,0,3,8,0,11,0,0,0,0,0,0,3,8,0,11,0,0,0,11
02/06/2020,TXK,AR,ASW,CE,Federal Contract Tower,0,13,15,2,30,0,7,3,0,10,0,20,18,2,40,10,0,10,50
02/07/2020,TXK,AR,ASW,CE,Federal Contract Tower,0,12,25,8,45,0,1,27,0,28,0,13,52,8,73,44,0,44,117
02/08/2020,TXK,AR,ASW,CE,Federal Contract Tower,0,4,22,0,26,0,0,22,0,22,0,4,44,0,48,36,0,36,84
02/09/2020,TXK,AR,ASW,CE,Federal Contract Tower,0,10,7,6,23,0,0,11,0,11,0,10,18,6,34,46,6,52,86
02/10/2020,TXK,AR,ASW,CE,Federal Contract Tower,0,6,6,0,12,0,0,0,0,0,0,6,6,0,12,0,0,0,12
02/11/2020,TXK,AR,ASW,CE,Federal Contract Tower,0,11,4,0,15,0,0,0,0,0,0,11,4,0,15,0,0,0,15
02/12/2020,TXK,AR,ASW,CE,Federal Contract Tower,0,12,11,0,23,0,0,0,0,0,0,12,11,0,23,2,0,2,25
02/13/2020,TXK,AR,ASW,CE,Federal Contract Tower,0,12,5,9,26,0,5,10,10,25,0,17,15,19,51,26,4,30,81
02/14/2020,TXK,AR,ASW,CE,Federal Contract Tower,0,7,20,0,27,0,4,31,0,35,0,11,51,0,62,38,0,38,100
02/15/2020,TXK,AR,ASW,CE,Federal Contract Tower,0,6,35,0,41,0,0,10,0,10,0,6,45,0,51,38,0,38,89
02/16/2020,TXK,AR,ASW,CE,Federal Contract Tower,0,11,12,0,23,0,0,2,0,2,0,11,14,0,25,8,0,8,33
02/17/2020,TXK,AR,ASW,CE,Federal Contract Tower,0,10,11,0,21,0,0,5,0,5,0,10,16,0,26,30,0,30,56
02/18/2020,TXK,AR,ASW,CE,Federal Contract Tower,0,11,15,0,26,0,0,0,0,0,0,11,15,0,26,6,0,6,32
02/19/2020,TXK,AR,ASW,CE,Federal Contract Tower,0,12,17,2,31,0,4,13,1,18,0,16,30,3,49,18,0,18,67
02/20/2020,TXK,AR,ASW,CE,Federal Contract Tower,0,10,10,0,20,0,0,6,1,7,0,10,16,1,27,26,0,26,53
02/21/2020,TXK,AR,ASW,CE,Federal Contract Tower,0,13,28,0,41,0,0,44,0,44,0,13,72,0,85,90,0,90,175
02/22/2020,TXK,AR,ASW,CE,Federal Contract Tower,0,11,24,0,35,0,4,20,0,24,0,15,44,0,59,20,0,20,79
02/23/2020,TXK,AR,ASW,CE,Federal Contract Tower,0,13,10,0,23,0,0,6,0,6,0,13,16,0,29,82,0,82,111
02/24/2020,TXK,AR,ASW,CE,Federal Contract Tower,0,11,11,1,23,0,7,4,0,11,0,18,15,1,34,24,2,26,60
02/25/2020,TXK,AR,ASW,CE,Federal Contract Tower,0,9,31,6,46,0,6,19,1,26,0,15,50,7,72,60,8,68,140
02/26/2020,TXK,AR,ASW,CE,Federal Contract Tower,0,6,21,2,29,0,4,6,3,13,0,10,27,5,42,6,4,10,52
02/27/2020,TXK,AR,ASW,CE,Federal Contract Tower,0,10,30,0,40,0,14,42,2,58,0,24,72,2,98,71,0,71,169
02/28/2020,TXK,AR,ASW,CE,Federal Contract Tower,0,9,32,0,41,0,8,43,2,53,0,17,75,2,94,98,0,98,192
02/29/2020,TXK,AR,ASW,CE,Federal Contract Tower,0,13,26,0,39,0,4,32,0,36,0,17,58,0,75,128,0,128,203
03/01/2020,TXK,AR,ASW,CE,Federal Contract Tower,0,9,10,0,19,0,2,2,0,4,0,11,12,0,23,4,0,4,27
03/02/2020,TXK,AR,ASW,CE,Federal Contract Tower,0,8,7,4,19,0,17,7,2,26,0,25,14,6,45,54,10,64,109
03/03/2020,TXK,AR,ASW,CE,Federal Contract Tower,0,10,15,0,25,0,3,6,2,11,0,13,21,2,36,32,0,32,68
03/04/2020,TXK,AR,ASW,CE,Federal Contract Tower,0,6,12,0,18,0,0,4,0,4,0,6,16,0,22,40,0,40,62
03/05/2020,TXK,AR,ASW,CE,Federal Contract Tower,0,8,28,7,43,0,10,31,0,41,0,18,59,7,84,102,10,112,196
03/06/2020,TXK,AR,ASW,CE,Federal Contract Tower,0,16,34,4,54,0,7,25,0,32,0,23,59,4,86,66,6,72,158
03/07/2020,TXK,AR,ASW,CE,Federal Contract Tower,0,7,21,9,37,0,3,14,16,33,0,10,35,25,70,20,48,68,138
03/08/2020,TXK,AR,ASW,CE,Federal Contract Tower,0,8,16,0,24,0,7,13,0,20,0,15,29,0,44,38,0,38,82
03/09/2020,TXK,AR,ASW,CE,Federal Contract Tower,0,12,12,0,24,0,0,0,4,4,0,12,12,4,28,14,0,14,42
03/10/2020,TXK,AR,ASW,CE,Federal Contract Tower,0,10,31,0,41,0,3,29,0,32,0,13,60,0,73,74,0,74,147
03/11/2020,TXK,AR,ASW,CE,Federal Contract Tower,0,6,15,1,22,0,6,9,3,18,0,12,24,4,40,12,0,12,52
03/12/2020,TXK,AR,ASW,CE,Federal Contract Tower,0,11,9,0,20,0,4,3,0,7,0,15,12,0,27,6,0,6,33
03/13/2020,TXK,AR,ASW,CE,Federal Contract Tower,0,15,10,0,25,0,0,1,0,1,0,15,11,0,26,2,0,2,28
03/14/2020,TXK,AR,ASW,CE,Federal Contract Tower,0,4,7,0,11,0,3,0,0,3,0,7,7,0,14,4,0,4,18
03/15/2020,TXK,AR,ASW,CE,Federal Contract Tower,0,10,7,2,19,0,0,0,0,0,0,10,7,2,19,2,0,2,21
03/16/2020,TXK,AR,ASW,CE,Federal Contract Tower,0,12,5,0,17,0,0,0,0,0,0,12,5,0,17,4,0,4,21
03/17/2020,TXK,AR,ASW,CE,Federal Contract Tower,0,8,7,3,18,0,2,0,0,2,0,10,7,3,20,4,6,10,30
03/18/2020,TXK,AR,ASW,CE,Federal Contract Tower,0,4,10,0,14,0,2,3,0,5,0,6,13,0,19,2,0,2,21
03/19/2020,TXK,AR,ASW,CE,Federal Contract Tower,0,8,6,0,14,0,7,2,0,9,0,15,8,0,23,14,0,14,37
03/21/2020,TXK,AR,ASW,CE,Federal Contract Tower,0,4,9,0,13,0,5,16,0,21,0,9,25,0,34,44,0,44,78
03/22/2020,TXK,AR,ASW,CE,Federal Contract Tower,0,4,1,0,5,0,0,0,0,0,0,4,1,0,5,0,0,0,5
03/23/2020,TXK,AR,ASW,CE,Federal Contract Tower,0,6,2,0,8,0,0,0,0,0,0,6,2,0,8,0,0,0,8
03/24/2020,TXK,AR,ASW,CE,Federal Contract Tower,0,4,6,18,28,0,2,15,6,23,0,6,21,24,51,62,84,146,197
03/25/2020,TXK,AR,ASW,CE,Federal Contract Tower,0,2,19,0,21,0,0,28,0,28,0,2,47,0,49,104,0,104,153
03/26/2020,TXK,AR,ASW,CE,Federal Contract Tower,0,5,9,2,16,0,5,25,0,30,0,10,34,2,46,70,0,70,116
03/27/2020,TXK,AR,ASW,CE,Federal Contract Tower,0,4,2,0,6,0,3,5,0,8,0,7,7,0,14,6,0,6,20
03/28/2020,TXK,AR,ASW,CE,Federal Contract Tower,0,2,3,0,5,0,0,0,2,2,0,2,3,2,7,2,0,2,9
03/29/2020,TXK,AR,ASW,CE,Federal Contract Tower,0,4,7,0,11,0,6,36,2,44,0,10,43,2,55,80,0,80,135
03/30/2020,TXK,AR,ASW,CE,Federal Contract Tower,0,4,2,0,6,0,2,5,0,7,0,6,7,0,13,8,0,8,21
03/31/2020,TXK,AR,ASW,CE,Federal Contract Tower,0,3,2,6,11,0,0,4,1,5,0,3,6,7,16,16,40,56,72
04/01/2020,TXK,AR,ASW,CE,Federal Contract Tower,0,2,2,3,7,0,0,35,0,35,0,2,37,3,42,74,12,86,128
04/02/2020,TXK,AR,ASW,CE,Federal Contract Tower,0,2,4,0,6,0,3,34,0,37,0,5,38,0,43,50,0,50,93
04/03/2020,TXK,AR,ASW,CE,Federal Contract Tower,0,10,3,0,13,0,0,6,0,6,0,10,9,0,19,104,0,104,123
04/04/2020,TXK,AR,ASW,CE,Federal Contract Tower,0,2,2,0,4,0,0,0,0,0,0,2,2,0,4,0,0,0,4
04/05/2020,TXK,AR,ASW,CE,Federal Contract Tower,0,2,9,0,11,0,0,18,0,18,0,2,27,0,29,106,0,106,135
04/06/2020,TXK,AR,ASW,CE,Federal Contract Tower,0,4,13,0,17,0,5,0,0,5,0,9,13,0,22,28,0,28,50
04/07/2020,TXK,AR,ASW,CE,Federal Contract Tower,0,4,13,0,17,0,0,11,0,11,0,4,24,0,28,36,0,36,64
04/08/2020,TXK,AR,ASW,CE,Federal Contract Tower,0,4,15,0,19,0,2,25,0,27,0,6,40,0,46,12,0,12,58
04/09/2020,TXK,AR,ASW,CE,Federal Contract Tower,0,8,6,0,14,1,22,15,0,38,1,30,21,0,52,140,0,140,192
04/10/2020,TXK,AR,ASW,CE,Federal Contract Tower,0,3,20,0,23,0,10,19,0,29,0,13,39,0,52,68,0,68,120
04/11/2020,TXK,AR,ASW,CE,Federal Contract Tower,0,3,3,0,6,0,1,13,0,14,0,4,16,0,20,18,0,18,38
04/12/2020,TXK,AR,ASW,CE,Federal Contract Tower,0,5,0,0,5,0,0,0,0,0,0,5,0,0,5,2,0,2,7
04/13/2020,TXK,AR,ASW,CE,Federal Contract Tower,0,4,3,3,10,0,10,17,0,27,0,14,20,3,37,44,0,44,81
04/14/2020,TXK,AR,ASW,CE,Federal Contract Tower,0,4,1,3,8,0,7,20,0,27,0,11,21,3,35,70,8,78,113
04/15/2020,TXK,AR,ASW,CE,Federal Contract Tower,8,10,2,0,20,0,3,16,0,19,8,13,18,0,39,44,2,46,85
04/16/2020,TXK,AR,ASW,CE,Federal Contract Tower,0,2,4,2,8,0,1,24,0,25,0,3,28,2,33,44,2,46,79
04/17/2020,TXK,AR,ASW,CE,Federal Contract Tower,0,5,7,0,12,0,0,0,0,0,0,5,7,0,12,2,0,2,14
04/18/2020,TXK,AR,ASW,CE,Federal Contract Tower,0,2,4,0,6,0,4,12,0,16,0,6,16,0,22,16,0,16,38
04/19/2020,TXK,AR,ASW,CE,Federal Contract Tower,0,4,0,0,4,0,0,0,0,0,0,4,0,0,4,0,0,0,4
04/20/2020,TXK,AR,ASW,CE,Federal Contract Tower,0,4,4,0,8,0,9,18,4,31,0,13,22,4,39,52,0,52,91
04/21/2020,TXK,AR,ASW,CE,Federal Contract Tower,0,5,14,0,19,0,6,15,0,21,0,11,29,0,40,48,0,48,88
04/22/2020,TXK,AR,ASW,CE,Federal Contract Tower,0,4,1,0,5,0,3,2,0,5,0,7,3,0,10,18,0,18,28
04/23/2020,TXK,AR,ASW,CE,Federal Contract Tower,0,4,15,6,25,0,1,13,2,16,0,5,28,8,41,14,28,42,83
04/24/2020,TXK,AR,ASW,CE,Federal Contract Tower,0,3,13,8,24,0,3,2,0,5,0,6,15,8,29,14,8,22,51
04/25/2020,TXK,AR,ASW,CE,Federal Contract Tower,0,2,0,0,2,0,15,12,0,27,0,17,12,0,29,86,0,86,115
04/26/2020,TXK,AR,ASW,CE,Federal Contract Tower,0,6,6,0,12,0,8,32,0,40,0,14,38,0,52,118,0,118,170
04/27/2020,TXK,AR,ASW,CE,Federal Contract Tower,0,4,5,0,9,0,0,9,0,9,0,4,14,0,18,0,0,0,18
04/28/2020,TXK,AR,ASW,CE,Federal Contract Tower,0,4,2,0,6,0,0,2,0,2,0,4,4,0,8,12,0,12,20
04/29/2020,TXK,AR,ASW,CE,Federal Contract Tower,0,3,8,4,15,0,3,19,2,24,0,6,27,6,39,34,8,42,81
04/30/2020,TXK,AR,ASW,CE,Federal Contract Tower,0,2,15,0,17,0,6,37,0,43,0,8,52,0,60,88,0,88,148
05/01/2020,TXK,AR,ASW,CE,Federal Contract Tower,0,3,19,0,22,0,2,16,0,18,0,5,35,0,40,38,0,38,78
05/02/2020,TXK,AR,ASW,CE,Federal Contract Tower,0,2,8,5,15,0,9,5,1,15,0,11,13,6,30,24,12,36,66
05/03/2020,TXK,AR,ASW,CE,Federal Contract Tower,0,3,17,0,20,0,4,41,0,45,0,7,58,0,65,228,0,228,293
05/04/2020,TXK,AR,ASW,CE,Federal Contract Tower,0,4,12,0,16,0,3,23,0,26,0,7,35,0,42,114,0,114,156
05/05/2020,TXK,AR,ASW,CE,Federal Contract Tower,0,7,14,0,21,0,10,15,0,25,0,17,29,0,46,36,0,36,82
05/06/2020,TXK,AR,ASW,CE,Federal Contract Tower,0,7,22,5,34,0,2,25,0,27,0,9,47,5,61,46,8,54,115
05/07/2020,TXK,AR,ASW,CE,Federal Contract Tower,0,6,10,0,16,0,0,22,0,22,0,6,32,0,38,32,0,32,70
05/08/2020,TXK,AR,ASW,CE,Federal Contract Tower,0,4,6,3,13,0,1,9,1,11,0,5,15,4,24,14,0,14,38
05/09/2020,TXK,AR,ASW,CE,Federal Contract Tower,0,9,11,0,20,0,3,37,3,43,0,12,48,3,63,58,0,58,121
05/10/2020,TXK,AR,ASW,CE,Federal Contract Tower,0,6,9,0,15,0,10,41,0,51,0,16,50,0,66,44,0,44,110
05/11/2020,TXK,AR,ASW,CE,Federal Contract Tower,0,5,9,4,18,0,4,34,4,42,0,9,43,8,60,70,30,100,160
05/12/2020,TXK,AR,ASW,CE,Federal Contract Tower,0,6,3,3,12,0,0,12,0,12,0,6,15,3,24,42,4,46,70
05/13/2020,TXK,AR,ASW,CE,Federal Contract Tower,0,4,17,0,21,0,4,43,0,47,0,8,60,0,68,50,0,50,118
05/14/2020,TXK,AR,ASW,CE,Federal Contract Tower,0,4,14,6,24,0,2,27,0,29,0,6,41,6,53,88,0,88,141
05/15/2020,TXK,AR,ASW,CE,Federal Contract Tower,0,8,15,4,27,0,0,14,1,15,0,8,29,5,42,28,10,38,80
05/16/2020,TXK,AR,ASW,CE,Federal Contract Tower,0,4,2,0,6,0,0,0,0,0,0,4,2,0,6,0,0,0,6
05/17/2020,TXK,AR,ASW,CE,Federal Contract Tower,0,10,6,0,16,0,3,28,0,31,0,13,34,0,47,96,0,96,143
05/18/2020,TXK,AR,ASW,CE,Federal Contract Tower,0,8,15,1,24,0,3,61,0,64,0,11,76,1,88,132,2,134,222
05/19/2020,TXK,AR,ASW,CE,Federal Contract Tower,0,5,24,2,31,0,8,43,0,51,0,13,67,2,82,154,2,156,238
05/20/2020,TXK,AR,ASW,CE,Federal Contract Tower,0,14,15,4,33,0,7,17,0,24,0,21,32,4,57,40,6,46,103
05/21/2020,TXK,AR,ASW,CE,Federal Contract Tower,0,6,9,0,15,0,0,21,1,22,0,6,30,1,37,64,0,64,101
05/22/2020,TXK,AR,ASW,CE,Federal Contract Tower,0,11,6,0,17,0,4,20,1,25,0,15,26,1,42,44,0,44,86
05/23/2020,TXK,AR,ASW,CE,Federal Contract Tower,0,7,9,0,16,0,6,11,0,17,0,13,20,0,33,10,0,10,43
05/24/2020,TXK,AR,ASW,CE,Federal Contract Tower,0,4,2,0,6,0,2,4,0,6,0,6,6,0,12,8,0,8,20
05/25/2020,TXK,AR,ASW,CE,Federal Contract Tower,0,6,4,0,10,0,0,0,0,0,0,6,4,0,10,0,0,0,10
05/26/2020,TXK,AR,ASW,CE,Federal Contract Tower,0,4,5,0,9,0,3,16,0,19,0,7,21,0,28,48,0,48,76
05/27/2020,TXK,AR,ASW,CE,Federal Contract Tower,0,7,10,0,17,0,4,21,0,25,0,11,31,0,42,54,0,54,96
05/28/2020,TXK,AR,ASW,CE,Federal Contract Tower,0,6,13,0,19,0,0,8,0,8,0,6,21,0,27,8,0,8,35
05/29/2020,TXK,AR,ASW,CE,Federal Contract Tower,0,3,23,0,26,0,5,36,0,41,0,8,59,0,67,72,0,72,139
05/30/2020,TXK,AR,ASW,CE,Federal Contract Tower,0,4,16,0,20,0,2,17,0,19,0,6,33,0,39,60,0,60,99
05/31/2020,TXK,AR,ASW,CE,Federal Contract Tower,0,5,21,0,26,0,1,15,0,16,0,6,36,0,42,22,0,22,64
06/01/2020,TXK,AR,ASW,CE,Federal Contract Tower,0,6,17,0,23,0,5,25,4,34,0,11,42,4,57,36,0,36,93
06/02/2020,TXK,AR,ASW,CE,Federal Contract Tower,0,8,16,0,24,0,1,29,0,30,0,9,45,0,54,56,0,56,110
06/03/2020,TXK,AR,ASW,CE,Federal Contract Tower,0,5,11,5,21,0,6,22,1,29,0,11,33,6,50,38,8,46,96
06/04/2020,TXK,AR,ASW,CE,Federal Contract Tower,0,4,22,1,27,0,3,29,0,32,0,7,51,1,59,56,2,58,117
06/05/2020,TXK,AR,ASW,CE,Federal Contract Tower,0,5,16,0,21,0,4,21,2,27,0,9,37,2,48,32,0,32,80
06/06/2020,TXK,AR,ASW,CE,Federal Contract Tower,0,9,10,0,19,0,6,29,0,35,0,15,39,0,54,68,0,68,122
06/07/2020,TXK,AR,ASW,CE,Federal Contract Tower,0,2,15,0,17,0,3,35,0,38,0,5,50,0,55,90,0,90,145
06/08/2020,TXK,AR,ASW,CE,Federal Contract Tower,0,5,3,0,8,0,4,0,0,4,0,9,3,0,12,4,0,4,16
06/09/2020,TXK,AR,ASW,CE,Federal Contract Tower,0,2,11,4,17,0,2,18,5,25,0,4,29,9,42,14,24,38,80
06/10/2020,TXK,AR,ASW,CE,Federal Contract Tower,0,6,16,2,24,0,6,20,0,26,0,12,36,2,50,22,0,22,72
06/11/2020,TXK,AR,ASW,CE,Federal Contract Tower,0,6,25,1,32,0,8,32,2,42,0,14,57,3,74,50,8,58,132
06/12/2020,TXK,AR,ASW,CE,Federal Contract Tower,0,7,25,1,33,0,0,35,0,35,0,7,60,1,68,26,0,26,94
06/13/2020,TXK,AR,ASW,CE,Federal Contract Tower,0,2,14,0,16,0,4,5,0,9,0,6,19,0,25,10,0,10,35
06/14/2020,TXK,AR,ASW,CE,Federal Contract Tower,0,10,11,0,21,0,5,20,0,25,0,15,31,0,46,84,0,84,130
06/15/2020,TXK,AR,ASW,CE,Federal Contract Tower,0,2,10,0,12,0,19,25,0,44,0,21,35,0,56,104,0,104,160
06/16/2020,TXK,AR,ASW,CE,Federal Contract Tower,0,4,19,1,24,0,2,36,0,38,0,6,55,1,62,130,2,132,194
06/17/2020,TXK,AR,ASW,CE,Federal Contract Tower,0,9,13,0,22,0,7,17,0,24,0,16,30,0,46,46,0,46,92
06/18/2020,TXK,AR,ASW,CE,Federal Contract Tower,0,4,26,3,33,0,9,24,3,36,0,13,50,6,69,22,10,32,101
06/19/2020,TXK,AR,ASW,CE,Federal Contract Tower,0,4,28,5,37,0,4,22,0,26,0,8,50,5,63,24,16,40,103
06/20/2020,TXK,AR,ASW,CE,Federal Contract Tower,0,4,7,1,12,0,7,13,0,20,0,11,20,1,32,24,2,26,58
06/21/2020,TXK,AR,ASW,CE,Federal Contract Tower,0,3,6,0,9,0,3,3,0,6,0,6,9,0,15,8,0,8,23
06/22/2020,TXK,AR,ASW,CE,Federal Contract Tower,0,2,17,3,22,0,2,11,0,13,0,4,28,3,35,12,24,36,71
06/23/2020,TXK,AR,ASW,CE,Federal Contract Tower,0,5,11,0,16,0,2,1,2,5,0,7,12,2,21,2,0,2,23
06/24/2020,TXK,AR,ASW,CE,Federal Contract Tower,0,4,31,4,39,0,4,32,2,38,0,8,63,6,77,50,12,62,139
06/25/2020,TXK,AR,ASW,CE,Federal Contract Tower,0,5,15,8,28,0,2,28,7,37,0,7,43,15,65,68,20,88,153
06/26/2020,TXK,AR,ASW,CE,Federal Contract Tower,0,2,14,0,16,0,0,4,0,4,0,2,18,0,20,10,0,10,30
06/27/2020,TXK,AR,ASW,CE,Federal Contract Tower,0,3,8,3,14,0,2,5,3,10,0,5,13,6,24,2,0,2,26
06/28/2020,TXK,AR,ASW,CE,Federal Contract Tower,0,5,18,0,23,0,11,7,0,18,0,16,25,0,41,74,0,74,115
06/29/2020,TXK,AR,ASW,CE,Federal Contract Tower,0,3,10,0,13,0,0,11,2,13,0,3,21,2,26,28,0,28,54
06/30/2020,TXK,AR,ASW,CE,Federal Contract Tower,0,9,16,0,25,0,6,17,0,23,0,15,33,0,48,42,0,42,90
07/01/2020,TXK,AR,ASW,CE,Federal Contract Tower,0,3,17,0,20,0,0,15,4,19,0,3,32,4,39,54,0,54,93
07/02/2020,TXK,AR,ASW,CE,Federal Contract Tower,0,6,12,6,24,0,6,19,2,27,0,12,31,8,51,46,24,70,121
07/03/2020,TXK,AR,ASW,CE,Federal Contract Tower,0,3,13,0,16,0,4,11,1,16,0,7,24,1,32,24,0,24,56
07/04/2020,TXK,AR,ASW,CE,Federal Contract Tower,0,2,2,0,4,0,0,2,5,7,0,2,4,5,11,0,0,0,11
07/05/2020,TXK,AR,ASW,CE,Federal Contract Tower,0,4,4,6,14,0,6,3,16,25,0,10,7,22,39,20,0,20,59
07/06/2020,TXK,AR,ASW,CE,Federal Contract Tower,0,4,14,0,18,0,4,0,0,4,0,8,14,0,22,8,0,8,30
07/07/2020,TXK,AR,ASW,CE,Federal Contract Tower,0,6,11,2,19,0,0,12,0,12,0,6,23,2,31,42,2,44,75
07/08/2020,TXK,AR,ASW,CE,Federal Contract Tower,0,13,12,0,25,0,2,27,0,29,0,15,39,0,54,210,0,210,264
07/09/2020,TXK,AR,ASW,CE,Federal Contract Tower,0,9,14,1,24,0,12,47,0,59,0,21,61,1,83,182,0,182,265
07/10/2020,TXK,AR,ASW,CE,Federal Contract Tower,0,4,29,0,33,0,13,64,4,81,0,17,93,4,114,88,0,88,202
07/11/2020,TXK,AR,ASW,CE,Federal Contract Tower,0,9,14,0,23,0,7,27,0,34,0,16,41,0,57,30,0,30,87
07/12/2020,TXK,AR,ASW,CE,Federal Contract Tower,0,6,13,0,19,0,3,43,0,46,0,9,56,0,65,72,0,72,137
07/13/2020,TXK,AR,ASW,CE,Federal Contract Tower,0,6,18,1,25,0,9,35,0,44,0,15,53,1,69,56,0,56,125
07/14/2020,TXK,AR,ASW,CE,Federal Contract Tower,0,8,21,1,30,0,7,31,3,41,0,15,52,4,71,32,4,36,107
07/15/2020,TXK,AR,ASW,CE,Federal Contract Tower,0,5,20,3,28,0,9,35,3,47,0,14,55,6,75,56,16,72,147
07/16/2020,TXK,AR,ASW,CE,Federal Contract Tower,0,6,12,11,29,0,9,44,8,61,0,15,56,19,90,90,16,106,196
07/17/2020,TXK,AR,ASW,CE,Federal Contract Tower,0,9,12,2,23,0,3,26,1,30,0,12,38,3,53,42,0,42,95
07/18/2020,TXK,AR,ASW,CE,Federal Contract Tower,0,7,10,0,17,0,4,19,0,23,0,11,29,0,40,32,0,32,72
07/19/2020,TXK,AR,ASW,CE,Federal Contract Tower,0,7,16,0,23,0,2,26,0,28,0,9,42,0,51,40,0,40,91
07/20/2020,TXK,AR,ASW,CE,Federal Contract Tower,0,4,15,6,25,0,9,22,1,32,0,13,37,7,57,28,12,40,97
07/21/2020,TXK,AR,ASW,CE,Federal Contract Tower,0,7,19,0,26,0,4,22,0,26,0,11,41,0,52,70,0,70,122
07/22/2020,TXK,AR,ASW,CE,Federal Contract Tower,0,7,12,2,21,0,2,4,0,6,0,9,16,2,27,10,0,10,37
07/23/2020,TXK,AR,ASW,CE,Federal Contract Tower,0,6,17,2,25,0,2,24,0,26,0,8,41,2,51,42,0,42,93
07/24/2020,TXK,AR,ASW,CE,Federal Contract Tower,0,4,23,2,29,0,36,0,0,36,0,40,23,2,65,98,2,100,165
07/25/2020,TXK,AR,ASW,CE,Federal Contract Tower,0,4,2,0,6,0,0,2,0,2,0,4,4,0,8,2,0,2,10
07/26/2020,TXK,AR,ASW,CE,Federal Contract Tower,0,9,9,0,18,0,0,21,0,21,0,9,30,0,39,38,0,38,77
07/27/2020,TXK,AR,ASW,CE,Federal Contract Tower,0,6,27,0,33,0,1,60,0,61,0,7,87,0,94,102,0,102,196
07/28/2020,TXK,AR,ASW,CE,Federal Contract Tower,0,4,15,0,19,0,1,31,2,34,0,5,46,2,53,50,0,50,103
07/29/2020,TXK,AR,ASW,CE,Federal Contract Tower,0,7,13,0,20,0,2,14,0,16,0,9,27,0,36,18,0,18,54
07/30/2020,TXK,AR,ASW,CE,Federal Contract Tower,0,8,6,2,16,0,1,10,2,13,0,9,16,4,29,20,14,34,63
07/31/2020,TXK,AR,ASW,CE,Federal Contract Tower,0,5,14,0,19,0,1,12,0,13,0,6,26,0,32,42,0,42,74
08/01/2020,TXK,AR,ASW,CE,Federal Contract Tower,0,9,13,0,22,0,4,42,0,46,0,13,55,0,68,68,0,68,136
08/02/2020,TXK,AR,ASW,CE,Federal Contract Tower,0,8,13,0,21,0,0,24,0,24,0,8,37,0,45,46,0,46,91
08/03/2020,TXK,AR,ASW,CE,Federal Contract Tower,0,6,10,4,20,0,2,23,1,26,0,8,33,5,46,86,8,94,140
08/04/2020,TXK,AR,ASW,CE,Federal Contract Tower,0,9,24,2,35,0,9,19,2,30,0,18,43,4,65,52,0,52,117
08/05/2020,TXK,AR,ASW,CE,Federal Contract Tower,0,4,14,0,18,0,1,16,0,17,0,5,30,0,35,26,0,26,61
08/06/2020,TXK,AR,ASW,CE,Federal Contract Tower,0,7,24,2,33,0,0,15,0,15,0,7,39,2,48,40,6,46,94
08/07/2020,TXK,AR,ASW,CE,Federal Contract Tower,0,7,5,0,12,0,0,18,0,18,0,7,23,0,30,68,0,68,98
08/08/2020,TXK,AR,ASW,CE,Federal Contract Tower,0,6,12,2,20,0,7,9,0,16,0,13,21,2,36,42,0,42,78
08/09/2020,TXK,AR,ASW,CE,Federal Contract Tower,0,8,32,0,40,0,5,26,1,32,0,13,58,1,72,64,0,64,136
08/10/2020,TXK,AR,ASW,CE,Federal Contract Tower,0,12,15,0,27,0,0,33,1,34,0,12,48,1,61,94,0,94,155
08/11/2020,TXK,AR,ASW,CE,Federal Contract Tower,0,5,17,3,25,0,0,41,0,41,0,5,58,3,66,110,4,114,180
08/12/2020,TXK,AR,ASW,CE,Federal Contract Tower,0,5,9,1,15,0,1,19,0,20,0,6,28,1,35,56,4,60,95
08/13/2020,TXK,AR,ASW,CE,Federal Contract Tower,0,5,12,0,17,0,0,18,0,18,0,5,30,0,35,28,0,28,63
08/14/2020,TXK,AR,ASW,CE,Federal Contract Tower,0,8,4,1,13,0,0,7,2,9,0,8,11,3,22,20,0,20,42
08/15/2020,TXK,AR,ASW,CE,Federal Contract Tower,0,8,21,1,30,0,1,15,0,16,0,9,36,1,46,36,0,36,82
08/16/2020,TXK,AR,ASW,CE,Federal Contract Tower,0,4,11,0,15,0,1,25,0,26,0,5,36,0,41,62,0,62,103
08/17/2020,TXK,AR,ASW,CE,Federal Contract Tower,0,4,7,0,11,0,7,24,0,31,0,11,31,0,42,50,0,50,92
08/18/2020,TXK,AR,ASW,CE,Federal Contract Tower,0,6,12,2,20,0,0,14,0,14,0,6,26,2,34,28,0,28,62
08/19/2020,TXK,AR,ASW,CE,Federal Contract Tower,0,8,27,2,37,0,8,35,4,47,0,16,62,6,84,68,0,68,152
08/20/2020,TXK,AR,ASW,CE,Federal Contract Tower,0,10,20,0,30,0,0,23,0,23,0,10,43,0,53,34,0,34,87
08/21/2020,TXK,AR,ASW,CE,Federal Contract Tower,0,8,13,2,23,0,8,20,0,28,0,16,33,2,51,38,0,38,89
08/22/2020,TXK,AR,ASW,CE,Federal Contract Tower,0,6,12,0,18,0,9,13,0,22,0,15,25,0,40,32,0,32,72
08/23/2020,TXK,AR,ASW,CE,Federal Contract Tower,0,11,22,0,33,0,4,23,0,27,0,15,45,0,60,34,0,34,94
08/24/2020,TXK,AR,ASW,CE,Federal Contract Tower,0,5,18,0,23,0,5,19,0,24,0,10,37,0,47,42,0,42,89
08/25/2020,TXK,AR,ASW,CE,Federal Contract Tower,0,6,26,1,33,0,0,32,0,32,0,6,58,1,65,60,0,60,125
08/26/2020,TXK,AR,ASW,CE,Federal Contract Tower,0,6,9,1,16,0,3,2,0,5,0,9,11,1,21,6,0,6,27
08/27/2020,TXK,AR,ASW,CE,Federal Contract Tower,0,3,2,0,5,0,0,0,0,0,0,3,2,0,5,2,0,2,7
08/28/2020,TXK,AR,ASW,CE,Federal Contract Tower,0,6,15,0,21,0,4,8,0,12,0,10,23,0,33,20,0,20,53
08/29/2020,TXK,AR,ASW,CE,Federal Contract Tower,0,8,25,0,33,0,12,13,0,25,0,20,38,0,58,44,0,44,102
08/30/2020,TXK,AR,ASW,CE,Federal Contract Tower,0,5,12,1,18,0,5,11,3,19,0,10,23,4,37,38,0,38,75
08/31/2020,TXK,AR,ASW,CE,Federal Contract Tower,0,6,22,1,29,0,5,10,1,16,0,11,32,2,45,18,0,18,63
09/01/2020,TXK,AR,ASW,CE,Federal Contract Tower,0,11,10,2,23,0,0,4,2,6,0,11,14,4,29,4,0,4,33
09/02/2020,TXK,AR,ASW,CE,Federal Contract Tower,0,8,4,0,12,0,0,2,0,2,0,8,6,0,14,0,0,0,14
09/03/2020,TXK,AR,ASW,CE,Federal Contract Tower,0,5,18,2,25,0,2,6,0,8,0,7,24,2,33,18,0,18,51
09/04/2020,TXK,AR,ASW,CE,Federal Contract Tower,0,6,15,0,21,0,0,28,0,28,0,6,43,0,49,62,0,62,111
09/05/2020,TXK,AR,ASW,CE,Federal Contract Tower,0,7,10,0,17,0,0,16,0,16,0,7,26,0,33,52,0,52,85
09/06/2020,TXK,AR,ASW,CE,Federal Contract Tower,0,6,23,0,29,0,7,53,0,60,0,13,76,0,89,74,0,74,163
09/07/2020,TXK,AR,ASW,CE,Federal Contract Tower,0,5,14,0,19,0,3,41,0,44,0,8,55,0,63,110,0,110,173
09/08/2020,TXK,AR,ASW,CE,Federal Contract Tower,8,15,0,0,23,0,8,38,0,46,8,23,38,0,69,66,0,66,135
09/09/2020,TXK,AR,ASW,CE,Federal Contract Tower,0,9,15,0,24,0,0,24,0,24,0,9,39,0,48,58,0,58,106
09/10/2020,TXK,AR,ASW,CE,Federal Contract Tower,0,4,24,4,32,0,5,14,1,20,0,9,38,5,52,30,0,30,82
09/11/2020,TXK,AR,ASW,CE,Federal Contract Tower,0,11,16,0,27,0,5,18,0,23,0,16,34,0,50,42,0,42,92
09/12/2020,TXK,AR,ASW,CE,Federal Contract Tower,0,12,21,0,33,0,2,27,0,29,0,14,48,0,62,50,0,50,112
09/13/2020,TXK,AR,ASW,CE,Federal Contract Tower,0,5,19,0,24,0,0,32,3,35,0,5,51,3,59,34,0,34,93
09/14/2020,TXK,AR,ASW,CE,Federal Contract Tower,0,8,18,1,27,0,13,4,4,21,0,21,22,5,48,42,0,42,90
09/15/2020,TXK,AR,ASW,CE,Federal Contract Tower,0,5,16,2,23,0,9,24,11,44,0,14,40,13,67,22,4,26,93
09/16/2020,TXK,AR,ASW,CE,Federal Contract Tower,0,7,14,0,21,0,12,17,10,39,0,19,31,10,60,28,0,28,88
09/17/2020,TXK,AR,ASW,CE,Federal Contract Tower,0,6,18,0,24,0,2,4,9,15,0,8,22,9,39,22,0,22,61
09/18/2020,TXK,AR,ASW,CE,Federal Contract Tower,0,5,20,0,25,0,6,9,2,17,0,11,29,2,42,24,0,24,66
09/19/2020,TXK,AR,ASW,CE,Federal Contract Tower,0,8,21,0,29,0,1,0,16,17,0,9,21,16,46,28,0,28,74
09/20/2020,TXK,AR,ASW,CE,Federal Contract Tower,0,6,19,0,25,0,5,28,0,33,0,11,47,0,58,44,0,44,102
09/21/2020,TXK,AR,ASW,CE,Federal Contract Tower,0,9,13,2,24,0,1,0,0,1,0,10,13,2,25,12,0,12,37
09/22/2020,TXK,AR,ASW,CE,Federal Contract Tower,0,4,3,0,7,0,0,0,0,0,0,4,3,0,7,0,0,0,7
09/23/2020,TXK,AR,ASW,CE,Federal Contract Tower,0,11,16,2,29,0,0,0,0,0,0,11,16,2,29,4,0,4,33
09/24/2020,TXK,AR,ASW,CE,Federal Contract Tower,0,7,12,1,20,0,5,10,1,16,0,12,22,2,36,30,0,30,66
09/25/2020,TXK,AR,ASW,CE,Federal Contract Tower,0,5,28,8,41,0,3,19,1,23,0,8,47,9,64,32,14,46,110
09/26/2020,TXK,AR,ASW,CE,Federal Contract Tower,0,11,12,5,28,0,2,8,0,10,0,13,20,5,38,12,10,22,60
09/27/2020,TXK,AR,ASW,CE,Federal Contract Tower,0,6,10,0,16,0,0,30,0,30,0,6,40,0,46,20,0,20,66
09/28/2020,TXK,AR,ASW,CE,Federal Contract Tower,0,5,17,0,22,0,11,6,0,17,0,16,23,0,39,38,0,38,77
09/29/2020,TXK,AR,ASW,CE,Federal Contract Tower,0,5,28,0,33,0,6,17,0,23,0,11,45,0,56,50,0,50,106
09/30/2020,TXK,AR,ASW,CE,Federal Contract Tower,0,4,18,0,22,0,11,17,0,28,0,15,35,0,50,56,0,56,106
10/01/2020,TXK,AR,ASW,CE,Federal Contract Tower,0,7,21,0,28,0,6,18,0,24,0,13,39,0,52,26,0,26,78
10/02/2020,TXK,AR,ASW,CE,Federal Contract Tower,0,7,32,3,42,0,6,21,0,27,0,13,53,3,69,34,2,36,105
10/03/2020,TXK,AR,ASW,CE,Federal Contract Tower,0,5,13,0,18,0,4,20,0,24,0,9,33,0,42,44,0,44,86
10/04/2020,TXK,AR,ASW,CE,Federal Contract Tower,0,11,22,0,33,0,2,23,0,25,0,13,45,0,58,32,0,32,90
10/05/2020,TXK,AR,ASW,CE,Federal Contract Tower,0,9,18,0,27,0,14,18,0,32,0,23,36,0,59,58,0,58,117
10/06/2020,TXK,AR,ASW,CE,Federal Contract Tower,0,5,21,3,29,0,4,54,3,61,0,9,75,6,90,38,0,38,128
10/07/2020,TXK,AR,ASW,CE,Federal Contract Tower,0,10,30,3,43,0,15,32,0,47,0,25,62,3,90,88,0,88,178
10/08/2020,TXK,AR,ASW,CE,Federal Contract Tower,0,10,16,31,57,0,7,44,15,66,0,17,60,46,123,66,44,110,233
10/09/2020,TXK,AR,ASW,CE,Federal Contract Tower,0,11,3,0,14,0,2,2,0,4,0,13,5,0,18,8,0,8,26
10/10/2020,TXK,AR,ASW,CE,Federal Contract Tower,0,7,8,0,15,0,4,12,0,16,0,11,20,0,31,20,0,20,51
10/11/2020,TXK,AR,ASW,CE,Federal Contract Tower,0,9,31,29,69,0,5,13,2,20,0,14,44,31,89,24,32,56,145
10/12/2020,TXK,AR,ASW,CE,Federal Contract Tower,0,7,18,0,25,0,4,10,2,16,0,11,28,2,41,34,0,34,75
10/13/2020,TXK,AR,ASW,CE,Federal Contract Tower,0,8,24,0,32,0,12,26,0,38,0,20,50,0,70,54,2,56,126
10/14/2020,TXK,AR,ASW,CE,Federal Contract Tower,0,8,23,0,31,0,6,26,0,32,0,14,49,0,63,52,0,52,115
10/15/2020,TXK,AR,ASW,CE,Federal Contract Tower,0,8,21,3,32,0,2,4,2,8,0,10,25,5,40,20,2,22,62
10/16/2020,TXK,AR,ASW,CE,Federal Contract Tower,0,5,27,2,34,0,3,23,0,26,0,8,50,2,60,42,0,42,102
10/17/2020,TXK,AR,ASW,CE,Federal Contract Tower,0,6,15,0,21,0,6,25,0,31,0,12,40,0,52,46,0,46,98
10/18/2020,TXK,AR,ASW,CE,Federal Contract Tower,0,7,20,0,27,0,4,23,0,27,0,11,43,0,54,42,0,42,96
10/19/2020,TXK,AR,ASW,CE,Federal Contract Tower,0,10,15,0,25,0,3,4,0,7,0,13,19,0,32,2,0,2,34
10/20/2020,TXK,AR,ASW,CE,Federal Contract Tower,0,8,17,0,25,0,0,14,2,16,0,8,31,2,41,30,0,30,71
10/21/2020,TXK,AR,ASW,CE,Federal Contract Tower,0,10,15,0,25,0,1,26,2,29,0,11,41,2,54,42,0,42,96
10/22/2020,TXK,AR,ASW,CE,Federal Contract Tower,0,4,27,0,31,0,4,16,0,20,0,8,43,0,51,70,0,70,121
10/23/2020,TXK,AR,ASW,CE,Federal Contract Tower,0,6,11,0,17,0,3,15,0,18,0,9,26,0,35,34,0,34,69
10/24/2020,TXK,AR,ASW,CE,Federal Contract Tower,0,6,2,2,10,0,0,0,4,4,0,6,2,6,14,0,0,0,14
10/25/2020,TXK,AR,ASW,CE,Federal Contract Tower,0,4,5,2,11,0,2,9,10,21,0,6,14,12,32,38,2,40,72
10/26/2020,TXK,AR,ASW,CE,Federal Contract Tower,0,9,17,0,26,0,0,0,0,0,0,9,17,0,26,0,0,0,26
10/27/2020,TXK,AR,ASW,CE,Federal Contract Tower,0,5,14,2,21,0,0,0,0,0,0,5,14,2,21,0,0,0,21
10/28/2020,TXK,AR,ASW,CE,Federal Contract Tower,0,6,1,0,7,0,0,0,0,0,0,6,1,0,7,0,0,0,7
10/29/2020,TXK,AR,ASW,CE,Federal Contract Tower,0,6,22,2,30,0,6,38,1,45,0,12,60,3,75,56,0,56,131
10/30/2020,TXK,AR,ASW,CE,Federal Contract Tower,0,11,23,0,34,0,1,42,0,43,0,12,65,0,77,68,0,68,145
10/31/2020,TXK,AR,ASW,CE,Federal Contract Tower,0,8,15,2,25,0,7,34,0,41,0,15,49,2,66,54,0,54,120
11/01/2020,TXK,AR,ASW,CE,Federal Contract Tower,0,6,17,0,23,0,13,35,0,48,0,19,52,0,71,54,0,54,125
11/02/2020,TXK,AR,ASW,CE,Federal Contract Tower,0,5,19,4,28,0,4,30,0,34,0,9,49,4,62,26,6,32,94
11/03/2020,TXK,AR,ASW,CE,Federal Contract Tower,0,5,24,1,30,0,8,56,4,68,0,13,80,5,98,66,0,66,164
11/04/2020,TXK,AR,ASW,CE,Federal Contract Tower,0,7,24,0,31,0,9,13,8,30,0,16,37,8,61,32,0,32,93
11/05/2020,TXK,AR,ASW,CE,Federal Contract Tower,0,4,17,3,24,0,9,27,2,38,0,13,44,5,62,38,0,38,100
11/06/2020,TXK,AR,ASW,CE,Federal Contract Tower,0,12,25,2,39,0,6,22,9,37,0,18,47,11,76,36,0,36,112
11/07/2020,TXK,AR,ASW,CE,Federal Contract Tower,0,12,16,0,28,0,5,22,4,31,0,17,38,4,59,26,0,26,85
11/08/2020,TXK,AR,ASW,CE,Federal Contract Tower,0,6,25,0,31,0,0,1,0,1,0,6,26,0,32,2,0,2,34
11/09/2020,TXK,AR,ASW,CE,Federal Contract Tower,0,10,16,0,26,0,4,17,0,21,0,14,33,0,47,72,0,72,119
11/10/2020,TXK,AR,ASW,CE,Federal Contract Tower,0,7,15,0,22,0,10,10,0,20,0,17,25,0,42,18,0,18,60
11/11/2020,TXK,AR,ASW,CE,Federal Contract Tower,0,4,17,0,21,0,6,22,0,28,0,10,39,0,49,46,0,46,95
11/12/2020,TXK,AR,ASW,CE,Federal Contract Tower,0,8,16,2,26,0,3,37,4,44,0,11,53,6,70,54,8,62,132
11/13/2020,TXK,AR,ASW,CE,Federal Contract Tower,0,5,12,0,17,0,1,17,0,18,0,6,29,0,35,32,0,32,67
11/14/2020,TXK,AR,ASW,CE,Federal Contract Tower,0,4,5,0,9,0,10,5,0,15,0,14,10,0,24,12,0,12,36
11/15/2020,TXK,AR,ASW,CE,Federal Contract Tower,0,8,20,0,28,0,1,44,4,49,0,9,64,4,77,74,0,74,151
11/16/2020,TXK,AR,ASW,CE,Federal Contract Tower,0,6,16,1,23,0,10,18,2,30,0,16,34,3,53,34,4,38,91
11/17/2020,TXK,AR,ASW,CE,Federal Contract Tower,0,6,21,0,27,0,5,25,0,30,0,11,46,0,57,38,0,38,95
11/18/2020,TXK,AR,ASW,CE,Federal Contract Tower,0,6,15,0,21,0,2,27,2,31,0,8,42,2,52,68,0,68,120
11/19/2020,TXK,AR,ASW,CE,Federal Contract Tower,0,4,22,1,27,0,0,23,3,26,0,4,45,4,53,12,2,14,67
11/20/2020,TXK,AR,ASW,CE,Federal Contract Tower,0,8,15,1,24,0,1,3,0,4,0,9,18,1,28,10,0,10,38
11/21/2020,TXK,AR,ASW,CE,Federal Contract Tower,0,4,13,0,17,0,0,32,0,32,0,4,45,0,49,52,0,52,101
11/22/2020,TXK,AR,ASW,CE,Federal Contract Tower,0,5,13,0,18,0,0,7,0,7,0,5,20,0,25,8,0,8,33
11/23/2020,TXK,AR,ASW,CE,Federal Contract Tower,0,5,13,0,18,0,12,14,2,28,0,17,27,2,46,34,0,34,80
11/24/2020,TXK,AR,ASW,CE,Federal Contract Tower,0,3,14,0,17,0,2,9,0,11,0,5,23,0,28,16,0,16,44
11/25/2020,TXK,AR,ASW,CE,Federal Contract Tower,0,7,21,0,28,0,12,21,0,33,0,19,42,0,61,30,0,30,91
11/26/2020,TXK,AR,ASW,CE,Federal Contract Tower,0,1,6,0,7,0,4,28,0,32,0,5,34,0,39,24,0,24,63
11/27/2020,TXK,AR,ASW,CE,Federal Contract Tower,0,4,7,0,11,0,0,0,0,0,0,4,7,0,11,4,0,4,15
11/28/2020,TXK,AR,ASW,CE,Federal Contract Tower,0,8,14,0,22,0,3,7,0,10,0,11,21,0,32,10,0,10,42
11/29/2020,TXK,AR,ASW,CE,Federal Contract Tower,0,9,10,0,19,0,1,0,0,1,0,10,10,0,20,0,0,0,20
11/30/2020,TXK,AR,ASW,CE,Federal Contract Tower,0,10,17,0,27,0,6,29,0,35,0,16,46,0,62,56,0,56,118
12/01/2020,TXK,AR,ASW,CE,Federal Contract Tower,0,4,25,2,31,0,2,29,3,34,0,6,54,5,65,50,0,50,115
12/02/2020,TXK,AR,ASW,CE,Federal Contract Tower,0,6,5,0,11,0,0,5,0,5,0,6,10,0,16,4,0,4,20
12/03/2020,TXK,AR,ASW,CE,Federal Contract Tower,0,4,19,0,23,0,2,2,0,4,0,6,21,0,27,18,0,18,45
12/04/2020,TXK,AR,ASW,CE,Federal Contract Tower,0,4,20,0,24,0,0,43,0,43,0,4,63,0,67,52,0,52,119
12/05/2020,TXK,AR,ASW,CE,Federal Contract Tower,0,4,29,7,40,0,4,30,2,36,0,8,59,9,76,70,16,86,162
12/06/2020,TXK,AR,ASW,CE,Federal Contract Tower,0,6,22,0,28,0,0,36,0,36,0,6,58,0,64,58,0,58,122
12/07/2020,TXK,AR,ASW,CE,Federal Contract Tower,0,4,13,0,17,0,10,17,0,27,0,14,30,0,44,14,0,14,58
12/08/2020,TXK,AR,ASW,CE,Federal Contract Tower,0,5,27,0,32,0,4,11,0,15,0,9,38,0,47,22,0,22,69
12/09/2020,TXK,AR,ASW,CE,Federal Contract Tower,0,10,26,6,42,0,4,38,0,42,0,14,64,6,84,62,6,68,152
12/10/2020,TXK,AR,ASW,CE,Federal Contract Tower,0,4,30,1,35,0,9,26,0,35,0,13,56,1,70,83,0,83,153
12/11/2020,TXK,AR,ASW,CE,Federal Contract Tower,0,6,6,0,12,0,0,3,0,3,0,6,9,0,15,2,0,2,17
12/12/2020,TXK,AR,ASW,CE,Federal Contract Tower,0,4,18,0,22,0,3,27,0,30,0,7,45,0,52,34,0,34,86
12/13/2020,TXK,AR,ASW,CE,Federal Contract Tower,0,5,4,0,9,0,0,5,0,5,0,5,9,0,14,6,0,6,20
12/14/2020,TXK,AR,ASW,CE,Federal Contract Tower,0,4,12,0,16,0,4,23,0,27,0,8,35,0,43,68,0,68,111
12/15/2020,TXK,AR,ASW,CE,Federal Contract Tower,0,5,12,0,17,0,0,0,0,0,0,5,12,0,17,0,0,0,17
12/16/2020,TXK,AR,ASW,CE,Federal Contract Tower,0,7,11,0,18,0,4,2,0,6,0,11,13,0,24,8,0,8,32
12/17/2020,TXK,AR,ASW,CE,Federal Contract Tower,0,6,29,6,41,0,12,16,0,28,0,18,45,6,69,48,12,60,129
12/18/2020,TXK,AR,ASW,CE,Federal Contract Tower,0,12,20,0,32,0,9,18,4,31,0,21,38,4,63,26,4,30,93
12/19/2020,TXK,AR,ASW,CE,Federal Contract Tower,0,6,13,0,19,0,0,0,0,0,0,6,13,0,19,0,0,0,19
12/20/2020,TXK,AR,ASW,CE,Federal Contract Tower,0,9,9,0,18,0,3,14,0,17,0,12,23,0,35,38,0,38,73
12/21/2020,TXK,AR,ASW,CE,Federal Contract Tower,0,11,23,3,37,0,6,15,2,23,0,17,38,5,60,26,0,26,86
12/22/2020,TXK,AR,ASW,CE,Federal Contract Tower,0,10,20,1,31,0,10,21,0,31,0,20,41,1,62,28,0,28,90
12/23/2020,TXK,AR,ASW,CE,Federal Contract Tower,0,9,18,0,27,0,3,3,0,6,0,12,21,0,33,12,0,12,45
12/24/2020,TXK,AR,ASW,CE,Federal Contract Tower,0,7,8,0,15,0,1,4,0,5,0,8,12,0,20,12,0,12,32
12/25/2020,TXK,AR,ASW,CE,Federal Contract Tower,0,3,7,0,10,0,8,10,0,18,0,11,17,0,28,24,0,24,52
12/26/2020,TXK,AR,ASW,CE,Federal Contract Tower,0,10,16,0,26,0,5,17,0,22,0,15,33,0,48,24,0,24,72
12/27/2020,TXK,AR,ASW,CE,Federal Contract Tower,0,12,15,0,27,0,3,6,0,9,0,15,21,0,36,12,0,12,48
12/28/2020,TXK,AR,ASW,CE,Federal Contract Tower,0,12,17,2,31,0,4,20,3,27,0,16,37,5,58,44,0,44,102
12/29/2020,TXK,AR,ASW,CE,Federal Contract Tower,0,13,20,0,33,0,5,11,0,16,0,18,31,0,49,12,0,12,61
12/30/2020,TXK,AR,ASW,CE,Federal Contract Tower,0,7,7,0,14,0,0,0,0,0,0,7,7,0,14,0,0,0,14
12/31/2020,TXK,AR,ASW,CE,Federal Contract Tower,0,7,5,0,12,0,0,0,0,0,0,7,5,0,12,2,0,2,14
01/01/2021,TXK,AR,ASW,CE,Federal Contract Tower,0,3,2,0,5,0,2,0,0,2,0,5,2,0,7,0,0,0,7
01/02/2021,TXK,AR,ASW,CE,Federal Contract Tower,0,9,12,0,21,0,5,6,0,11,0,14,18,0,32,14,0,14,46
01/03/2021,TXK,AR,ASW,CE,Federal Contract Tower,0,13,24,0,37,0,4,30,0,34,0,17,54,0,71,76,0,76,147
01/04/2021,TXK,AR,ASW,CE,Federal Contract Tower,0,10,25,0,35,0,10,33,0,43,0,20,58,0,78,72,0,72,150
01/05/2021,TXK,AR,ASW,CE,Federal Contract Tower,0,6,17,0,23,0,2,40,0,42,0,8,57,0,65,68,0,68,133
01/06/2021,TXK,AR,ASW,CE,Federal Contract Tower,0,7,4,0,11,0,0,0,0,0,0,7,4,0,11,0,0,0,11
01/07/2021,TXK,AR,ASW,CE,Federal Contract Tower,0,9,16,11,36,0,3,2,0,5,0,12,18,11,41,8,28,36,77
01/08/2021,TXK,AR,ASW,CE,Federal Contract Tower,0,10,17,6,33,0,1,12,7,20,0,11,29,13,53,36,20,56,109
01/09/2021,TXK,AR,ASW,CE,Federal Contract Tower,0,8,13,0,21,0,12,24,8,44,0,20,37,8,65,46,0,46,111
01/10/2021,TXK,AR,ASW,CE,Federal Contract Tower,0,4,9,0,13,0,0,23,0,23,0,4,32,0,36,88,0,88,124
01/11/2021,TXK,AR,ASW,CE,Federal Contract Tower,0,8,11,0,19,0,1,24,0,25,0,9,35,0,44,112,0,112,156
01/12/2021,TXK,AR,ASW,CE,Federal Contract Tower,0,10,29,0,39,0,1,55,0,56,0,11,84,0,95,70,0,70,165
01/13/2021,TXK,AR,ASW,CE,Federal Contract Tower,0,10,28,0,38,0,6,28,0,34,0,16,56,0,72,62,0,62,134
01/14/2021,TXK,AR,ASW,CE,Federal Contract Tower,0,10,30,0,40,0,6,19,0,25,0,16,49,0,65,28,0,28,93
01/15/2021,TXK,AR,ASW,CE,Federal Contract Tower,0,5,13,0,18,0,2,9,0,11,0,7,22,0,29,2,0,2,31
01/16/2021,TXK,AR,ASW,CE,Federal Contract Tower,0,12,28,0,40,0,2,29,2,33,0,14,57,2,73,38,0,38,111
01/17/2021,TXK,AR,ASW,CE,Federal Contract Tower,0,6,12,0,18,0,3,34,0,37,0,9,46,0,55,94,0,94,149
01/18/2021,TXK,AR,ASW,CE,Federal Contract Tower,0,13,20,0,33,0,2,35,8,45,0,15,55,8,78,76,0,76,154
01/19/2021,TXK,AR,ASW,CE,Federal Contract Tower,0,9,12,0,21,0,4,6,0,10,0,13,18,0,31,24,0,24,55
01/20/2021,TXK,AR,ASW,CE,Federal Contract Tower,0,11,8,1,20,0,1,20,0,21,0,12,28,1,41,18,2,20,61
01/21/2021,TXK,AR,ASW,CE,Federal Contract Tower,0,5,19,3,27,0,0,8,0,8,0,5,27,3,35,10,6,16,51
01/22/2021,TXK,AR,ASW,CE,Federal Contract Tower,0,16,10,0,26,0,0,13,0,13,0,16,23,0,39,92,0,92,131
01/23/2021,TXK,AR,ASW,CE,Federal Contract Tower,0,9,5,3,17,0,2,17,1,20,0,11,22,4,37,26,14,40,77
01/24/2021,TXK,AR,ASW,CE,Federal Contract Tower,0,4,0,0,4,0,0,0,0,0,0,4,0,0,4,0,0,0,4
01/25/2021,TXK,AR,ASW,CE,Federal Contract Tower,0,10,9,6,25,0,10,13,0,23,0,20,22,6,48,38,12,50,98
01/26/2021,TXK,AR,ASW,CE,Federal Contract Tower,0,6,46,2,54,0,12,37,3,52,0,18,83,5,106,108,0,108,214
01/27/2021,TXK,AR,ASW,CE,Federal Contract Tower,0,6,17,9,32,0,3,20,4,27,0,9,37,13,59,34,28,62,121
01/28/2021,TXK,AR,ASW,CE,Federal Contract Tower,0,6,14,0,20,0,4,15,2,21,0,10,29,2,41,42,0,42,83
01/29/2021,TXK,AR,ASW,CE,Federal Contract Tower,0,7,27,0,34,0,8,14,0,22,0,15,41,0,56,46,0,46,102
01/30/2021,TXK,AR,ASW,CE,Federal Contract Tower,0,15,8,0,23,0,1,0,0,1,0,16,8,0,24,4,0,4,28
01/31/2021,TXK,AR,ASW,CE,Federal Contract Tower,0,8,10,0,18,0,4,14,0,18,0,12,24,0,36,40,0,40,76
02/01/2021,TXK,AR,ASW,CE,Federal Contract Tower,0,12,14,0,26,0,12,37,0,49,0,24,51,0,75,70,0,70,145
02/02/2021,TXK,AR,ASW,CE,Federal Contract Tower,0,6,15,0,21,0,4,46,0,50,0,10,61,0,71,90,0,90,161
02/03/2021,TXK,AR,ASW,CE,Federal Contract Tower,0,9,25,2,36,0,9,38,5,52,0,18,63,7,88,96,14,110,198
02/04/2021,TXK,AR,ASW,CE,Federal Contract Tower,0,12,8,2,22,0,5,0,2,7,0,17,8,4,29,12,0,12,41
02/05/2021,TXK,AR,ASW,CE,Federal Contract Tower,0,6,18,4,28,0,17,34,0,51,0,23,52,4,79,108,6,114,193
02/06/2021,TXK,AR,ASW,CE,Federal Contract Tower,0,7,2,3,12,0,7,0,0,7,0,14,2,3,19,10,6,16,35
02/07/2021,TXK,AR,ASW,CE,Federal Contract Tower,0,3,8,0,11,0,0,14,0,14,0,3,22,0,25,28,0,28,53
02/08/2021,TXK,AR,ASW,CE,Federal Contract Tower,0,8,11,0,19,0,1,8,0,9,0,9,19,0,28,32,0,32,60
02/09/2021,TXK,AR,ASW,CE,Federal Contract Tower,0,6,2,0,8,0,0,0,0,0,0,6,2,0,8,0,0,0,8
02/10/2021,TXK,AR,ASW,CE,Federal Contract Tower,0,12,6,0,18,0,0,0,0,0,0,12,6,0,18,4,0,4,22
02/11/2021,TXK,AR,ASW,CE,Federal Contract Tower,0,11,8,0,19,0,0,4,0,4,0,11,12,0,23,6,0,6,29
02/12/2021,TXK,AR,ASW,CE,Federal Contract Tower,0,9,4,0,13,0,0,4,0,4,0,9,8,0,17,20,0,20,37
02/13/2021,TXK,AR,ASW,CE,Federal Contract Tower,0,8,8,0,16,0,0,8,0,8,0,8,16,0,24,24,0,24,48
02/14/2021,TXK,AR,ASW,CE,Federal Contract Tower,0,1,3,0,4,0,0,0,0,0,0,1,3,0,4,0,0,0,4
02/15/2021,TXK,AR,ASW,CE,Federal Contract Tower,0,0,0,0,0,0,0,0,0,0,0,0,0,0,0,0,0,0,0
02/16/2021,TXK,AR,ASW,CE,Federal Contract Tower,0,4,2,0,6,0,9,1,0,10,0,13,3,0,16,16,0,16,32
02/17/2021,TXK,AR,ASW,CE,Federal Contract Tower,0,0,0,0,0,0,0,0,0,0,0,0,0,0,0,0,0,0,0
02/18/2021,TXK,AR,ASW,CE,Federal Contract Tower,0,0,0,0,0,0,19,1,0,20,0,19,1,0,20,30,0,30,50
02/19/2021,TXK,AR,ASW,CE,Federal Contract Tower,0,8,11,0,19,0,9,6,0,15,0,17,17,0,34,24,0,24,58
02/20/2021,TXK,AR,ASW,CE,Federal Contract Tower,0,15,20,0,35,0,10,13,0,23,0,25,33,0,58,32,0,32,90
02/21/2021,TXK,AR,ASW,CE,Federal Contract Tower,0,4,4,0,8,0,0,10,0,10,0,4,14,0,18,4,0,4,22
02/22/2021,TXK,AR,ASW,CE,Federal Contract Tower,0,11,14,0,25,0,8,24,0,32,0,19,38,0,57,24,0,24,81
02/23/2021,TXK,AR,ASW,CE,Federal Contract Tower,0,12,20,1,33,0,6,18,3,27,0,18,38,4,60,46,2,48,108
02/24/2021,TXK,AR,ASW,CE,Federal Contract Tower,0,10,16,3,29,0,2,18,2,22,0,12,34,5,51,48,0,48,99
02/25/2021,TXK,AR,ASW,CE,Federal Contract Tower,0,12,14,0,26,0,5,14,0,19,0,17,28,0,45,12,0,12,57
02/26/2021,TXK,AR,ASW,CE,Federal Contract Tower,0,9,3,0,12,0,0,0,0,0,0,9,3,0,12,0,0,0,12
02/27/2021,TXK,AR,ASW,CE,Federal Contract Tower,0,7,6,0,13,0,0,0,0,0,0,7,6,0,13,4,0,4,17
02/28/2021,TXK,AR,ASW,CE,Federal Contract Tower,0,5,6,4,15,0,4,5,0,9,0,9,11,4,24,24,4,28,52
03/01/2021,TXK,AR,ASW,CE,Federal Contract Tower,0,10,11,2,23,0,1,0,0,1,0,11,11,2,24,0,2,2,26
03/02/2021,TXK,AR,ASW,CE,Federal Contract Tower,0,9,6,0,15,0,19,15,0,34,0,28,21,0,49,54,0,54,103
03/03/2021,TXK,AR,ASW,CE,Federal Contract Tower,0,12,27,0,39,0,27,50,0,77,0,39,77,0,116,126,0,126,242
03/04/2021,TXK,AR,ASW,CE,Federal Contract Tower,0,9,18,2,29,0,5,25,0,30,0,14,43,2,59,14,0,14,73
03/05/2021,TXK,AR,ASW,CE,Federal Contract Tower,0,8,21,0,29,0,4,6,0,10,0,12,27,0,39,24,0,24,63
03/06/2021,TXK,AR,ASW,CE,Federal Contract Tower,0,9,31,0,40,0,4,33,0,37,0,13,64,0,77,50,0,50,127
03/07/2021,TXK,AR,ASW,CE,Federal Contract Tower,0,5,26,0,31,0,9,20,0,29,0,14,46,0,60,56,0,56,116
03/08/2021,TXK,AR,ASW,CE,Federal Contract Tower,0,8,16,0,24,0,6,19,0,25,0,14,35,0,49,34,0,34,83
03/09/2021,TXK,AR,ASW,CE,Federal Contract Tower,0,6,8,14,28,0,11,13,5,29,0,17,21,19,57,28,38,66,123
03/10/2021,TXK,AR,ASW,CE,Federal Contract Tower,0,13,18,0,31,0,9,9,0,18,0,22,27,0,49,36,0,36,85
03/11/2021,TXK,AR,ASW,CE,Federal Contract Tower,0,14,9,0,23,0,0,13,4,17,0,14,22,4,40,10,0,10,50
03/12/2021,TXK,AR,ASW,CE,Federal Contract Tower,0,9,20,1,30,0,10,25,0,35,0,19,45,1,65,100,0,100,165
03/13/2021,TXK,AR,ASW,CE,Federal Contract Tower,0,8,11,0,19,0,4,8,0,12,0,12,19,0,31,16,0,16,47
03/14/2021,TXK,AR,ASW,CE,Federal Contract Tower,0,6,3,0,9,0,0,1,0,1,0,6,4,0,10,0,0,0,10
03/15/2021,TXK,AR,ASW,CE,Federal Contract Tower,0,11,12,0,23,0,7,20,0,27,0,18,32,0,50,70,0,70,120
03/16/2021,TXK,AR,ASW,CE,Federal Contract Tower,0,11,19,0,30,0,7,9,0,16,0,18,28,0,46,8,0,8,54
03/17/2021,TXK,AR,ASW,CE,Federal Contract Tower,0,10,5,0,15,0,0,0,0,0,0,10,5,0,15,4,0,4,19
03/18/2021,TXK,AR,ASW,CE,Federal Contract Tower,0,11,22,0,33,0,4,14,2,20,0,15,36,2,53,40,0,40,93
03/19/2021,TXK,AR,ASW,CE,Federal Contract Tower,0,13,15,0,28,0,5,26,0,31,0,18,41,0,59,46,0,46,105
03/20/2021,TXK,AR,ASW,CE,Federal Contract Tower,0,11,21,0,32,0,3,42,0,45,0,14,63,0,77,84,0,84,161
03/21/2021,TXK,AR,ASW,CE,Federal Contract Tower,0,9,20,0,29,0,6,34,0,40,0,15,54,0,69,124,0,124,193
03/22/2021,TXK,AR,ASW,CE,Federal Contract Tower,0,15,24,0,39,0,3,10,0,13,0,18,34,0,52,22,0,22,74
03/23/2021,TXK,AR,ASW,CE,Federal Contract Tower,0,11,29,0,40,0,14,29,0,43,0,25,58,0,83,52,0,52,135
03/24/2021,TXK,AR,ASW,CE,Federal Contract Tower,0,14,7,3,24,0,7,33,8,48,0,21,40,11,72,74,12,86,158
03/25/2021,TXK,AR,ASW,CE,Federal Contract Tower,0,11,19,5,35,0,1,4,7,12,0,12,23,12,47,10,26,36,83
03/26/2021,TXK,AR,ASW,CE,Federal Contract Tower,0,8,49,10,67,0,8,23,0,31,0,16,72,10,98,72,24,96,194
03/27/2021,TXK,AR,ASW,CE,Federal Contract Tower,0,6,15,0,21,0,2,4,0,6,0,8,19,0,27,24,0,24,51
03/28/2021,TXK,AR,ASW,CE,Federal Contract Tower,0,6,9,0,15,0,20,15,0,35,0,26,24,0,50,20,0,20,70
03/29/2021,TXK,AR,ASW,CE,Federal Contract Tower,0,19,21,2,42,0,10,28,2,40,0,29,49,4,82,44,0,44,126
03/30/2021,TXK,AR,ASW,CE,Federal Contract Tower,0,9,16,0,25,0,0,1,0,1,0,9,17,0,26,2,0,2,28
03/31/2021,TXK,AR,ASW,CE,Federal Contract Tower,0,6,7,1,14,0,5,13,0,18,0,11,20,1,32,48,4,52,84
04/01/2021,TXK,AR,ASW,CE,Federal Contract Tower,0,8,17,0,25,0,12,33,0,45,0,20,50,0,70,92,0,92,162
04/02/2021,TXK,AR,ASW,CE,Federal Contract Tower,0,13,25,2,40,0,8,32,0,40,0,21,57,2,80,66,0,66,146
04/03/2021,TXK,AR,ASW,CE,Federal Contract Tower,0,8,22,0,30,0,5,19,0,24,0,13,41,0,54,40,0,40,94
04/04/2021,TXK,AR,ASW,CE,Federal Contract Tower,0,5,13,0,18,0,5,21,0,26,0,10,34,0,44,16,0,16,60
04/05/2021,TXK,AR,ASW,CE,Federal Contract Tower,0,12,17,3,32,0,5,27,3,35,0,17,44,6,67,34,16,50,117
04/06/2021,TXK,AR,ASW,CE,Federal Contract Tower,0,9,14,1,24,0,4,4,0,8,0,13,18,1,32,4,0,4,36
04/07/2021,TXK,AR,ASW,CE,Federal Contract Tower,0,9,13,0,22,0,2,3,0,5,0,11,16,0,27,4,0,4,31
04/08/2021,TXK,AR,ASW,CE,Federal Contract Tower,0,11,29,5,45,0,5,21,1,27,0,16,50,6,72,62,14,76,148
04/09/2021,TXK,AR,ASW,CE,Federal Contract Tower,0,6,8,0,14,0,2,6,0,8,0,8,14,0,22,50,0,50,72
04/10/2021,TXK,AR,ASW,CE,Federal Contract Tower,0,9,14,0,23,0,7,22,2,31,0,16,36,2,54,28,0,28,82
04/11/2021,TXK,AR,ASW,CE,Federal Contract Tower,0,9,27,6,42,0,2,42,0,44,0,11,69,6,86,100,8,108,194
04/12/2021,TXK,AR,ASW,CE,Federal Contract Tower,0,9,16,0,25,0,2,20,0,22,0,11,36,0,47,30,0,30,77
04/13/2021,TXK,AR,ASW,CE,Federal Contract Tower,0,6,19,1,26,0,6,21,1,28,0,12,40,2,54,16,0,16,70
04/14/2021,TXK,AR,ASW,CE,Federal Contract Tower,0,10,3,0,13,0,0,1,0,1,0,10,4,0,14,2,0,2,16
04/15/2021,TXK,AR,ASW,CE,Federal Contract Tower,0,8,20,0,28,0,4,3,0,7,0,12,23,0,35,12,0,12,47
04/16/2021,TXK,AR,ASW,CE,Federal Contract Tower,0,12,9,0,21,0,0,1,0,1,0,12,10,0,22,2,0,2,24
04/17/2021,TXK,AR,ASW,CE,Federal Contract Tower,0,9,6,2,17,0,0,1,1,2,0,9,7,3,19,6,12,18,37
04/18/2021,TXK,AR,ASW,CE,Federal Contract Tower,0,8,29,0,37,0,5,26,0,31,0,13,55,0,68,64,0,64,132
04/19/2021,TXK,AR,ASW,CE,Federal Contract Tower,0,5,30,1,36,0,14,41,1,56,0,19,71,2,92,80,0,80,172
04/20/2021,TXK,AR,ASW,CE,Federal Contract Tower,10,26,5,0,41,0,5,20,2,27,10,31,25,2,68,36,10,46,114
04/21/2021,TXK,AR,ASW,CE,Federal Contract Tower,0,6,26,7,39,0,11,51,5,67,0,17,77,12,106,112,24,136,242
04/22/2021,TXK,AR,ASW,CE,Federal Contract Tower,0,11,28,2,41,0,4,38,6,48,0,15,66,8,89,40,0,40,129
04/23/2021,TXK,AR,ASW,CE,Federal Contract Tower,0,7,3,0,10,0,0,12,0,12,0,7,15,0,22,22,0,22,44
04/24/2021,TXK,AR,ASW,CE,Federal Contract Tower,0,8,26,2,36,0,8,20,1,29,0,16,46,3,65,32,0,32,97
04/25/2021,TXK,AR,ASW,CE,Federal Contract Tower,0,7,26,0,33,0,5,40,0,45,0,12,66,0,78,73,0,73,151
04/26/2021,TXK,AR,ASW,CE,Federal Contract Tower,0,6,24,0,30,0,3,25,0,28,0,9,49,0,58,28,0,28,86
04/27/2021,TXK,AR,ASW,CE,Federal Contract Tower,0,6,14,0,20,0,0,11,0,11,0,6,25,0,31,10,0,10,41
04/28/2021,TXK,AR,ASW,CE,Federal Contract Tower,0,6,6,0,12,0,3,7,0,10,0,9,13,0,22,20,0,20,42
04/29/2021,TXK,AR,ASW,CE,Federal Contract Tower,0,8,15,1,24,0,2,15,1,18,0,10,30,2,42,58,0,58,100
04/30/2021,TXK,AR,ASW,CE,Federal Contract Tower,0,10,12,0,22,0,5,23,3,31,0,15,35,3,53,52,0,52,105
05/01/2021,TXK,AR,ASW,CE,Federal Contract Tower,0,8,18,0,26,0,6,20,0,26,0,14,38,0,52,26,0,26,78
05/02/2021,TXK,AR,ASW,CE,Federal Contract Tower,0,10,5,0,15,0,2,4,0,6,0,12,9,0,21,14,0,14,35
05/03/2021,TXK,AR,ASW,CE,Federal Contract Tower,0,7,17,2,26,0,3,12,0,15,0,10,29,2,41,10,0,10,51
05/04/2021,TXK,AR,ASW,CE,Federal Contract Tower,0,7,7,2,16,0,4,9,0,13,0,11,16,2,29,20,0,20,49
05/05/2021,TXK,AR,ASW,CE,Federal Contract Tower,0,11,25,1,37,0,5,13,0,18,0,16,38,1,55,36,2,38,93
05/06/2021,TXK,AR,ASW,CE,Federal Contract Tower,0,6,18,3,27,0,6,31,0,37,0,12,49,3,64,20,4,24,88
05/07/2021,TXK,AR,ASW,CE,Federal Contract Tower,0,10,24,8,42,0,9,43,3,55,0,19,67,11,97,56,22,78,175
05/08/2021,TXK,AR,ASW,CE,Federal Contract Tower,0,4,10,0,14,0,11,6,0,17,0,15,16,0,31,20,0,20,51
05/09/2021,TXK,AR,ASW,CE,Federal Contract Tower,0,11,11,0,22,0,2,1,2,5,0,13,12,2,27,6,4,10,37
05/10/2021,TXK,AR,ASW,CE,Federal Contract Tower,0,10,5,0,15,0,3,1,0,4,0,13,6,0,19,4,0,4,23
05/11/2021,TXK,AR,ASW,CE,Federal Contract Tower,0,8,5,0,13,0,0,0,0,0,0,8,5,0,13,0,0,0,13
05/12/2021,TXK,AR,ASW,CE,Federal Contract Tower,0,12,14,1,27,0,4,5,0,9,0,16,19,1,36,14,2,16,52
05/13/2021,TXK,AR,ASW,CE,Federal Contract Tower,0,5,31,0,36,0,5,34,0,39,0,10,65,0,75,54,0,54,129
05/14/2021,TXK,AR,ASW,CE,Federal Contract Tower,0,14,19,7,40,0,3,46,1,50,0,17,65,8,90,160,4,164,254
05/15/2021,TXK,AR,ASW,CE,Federal Contract Tower,0,6,15,9,30,0,11,18,5,34,0,17,33,14,64,26,56,82,146
05/16/2021,TXK,AR,ASW,CE,Federal Contract Tower,0,13,17,0,30,0,3,9,0,12,0,16,26,0,42,32,0,32,74
05/17/2021,TXK,AR,ASW,CE,Federal Contract Tower,0,8,4,0,12,0,0,12,0,12,0,8,16,0,24,34,0,34,58
05/18/2021,TXK,AR,ASW,CE,Federal Contract Tower,0,9,5,0,14,0,0,0,0,0,0,9,5,0,14,0,0,0,14
05/19/2021,TXK,AR,ASW,CE,Federal Contract Tower,0,9,12,0,21,0,0,8,0,8,0,9,20,0,29,10,0,10,39
05/20/2021,TXK,AR,ASW,CE,Federal Contract Tower,0,11,23,0,34,0,0,12,0,12,0,11,35,0,46,30,0,30,76
05/21/2021,TXK,AR,ASW,CE,Federal Contract Tower,0,8,17,0,25,0,2,2,0,4,0,10,19,0,29,6,0,6,35
05/22/2021,TXK,AR,ASW,CE,Federal Contract Tower,8,17,2,0,27,0,5,9,0,14,8,22,11,0,41,26,0,26,67
05/23/2021,TXK,AR,ASW,CE,Federal Contract Tower,0,6,24,0,30,0,6,23,0,29,0,12,47,0,59,38,0,38,97
05/24/2021,TXK,AR,ASW,CE,Federal Contract Tower,0,10,16,0,26,0,6,15,0,21,0,16,31,0,47,26,0,26,73
05/25/2021,TXK,AR,ASW,CE,Federal Contract Tower,0,14,10,0,24,0,4,11,0,15,0,18,21,0,39,16,0,16,55
05/26/2021,TXK,AR,ASW,CE,Federal Contract Tower,0,11,35,5,51,0,3,16,4,23,0,14,51,9,74,32,12,44,118
05/27/2021,TXK,AR,ASW,CE,Federal Contract Tower,0,11,27,3,41,0,6,30,0,36,0,17,57,3,77,38,6,44,121
05/28/2021,TXK,AR,ASW,CE,Federal Contract Tower,0,12,17,0,29,0,12,17,0,29,0,24,34,0,58,36,0,36,94
05/29/2021,TXK,AR,ASW,CE,Federal Contract Tower,0,10,10,0,20,0,12,13,0,25,0,22,23,0,45,34,0,34,79
05/30/2021,TXK,AR,ASW,CE,Federal Contract Tower,0,7,22,0,29,0,16,14,0,30,0,23,36,0,59,48,0,48,107
05/31/2021,TXK,AR,ASW,CE,Federal Contract Tower,0,5,15,2,22,0,3,13,3,19,0,8,28,5,41,16,4,20,61
06/01/2021,TXK,AR,ASW,CE,Federal Contract Tower,0,14,6,3,23,0,4,11,0,15,0,18,17,3,38,24,2,26,64
06/02/2021,TXK,AR,ASW,CE,Federal Contract Tower,0,19,17,0,36,0,6,20,0,26,0,25,37,0,62,62,0,62,124
06/03/2021,TXK,AR,ASW,CE,Federal Contract Tower,0,10,31,4,45,0,8,39,2,49,0,18,70,6,94,72,14,86,180
06/04/2021,TXK,AR,ASW,CE,Federal Contract Tower,0,8,14,10,32,0,9,31,0,40,0,17,45,10,72,64,14,78,150
06/05/2021,TXK,AR,ASW,CE,Federal Contract Tower,0,8,3,0,11,0,2,4,0,6,0,10,7,0,17,16,0,16,33
06/06/2021,TXK,AR,ASW,CE,Federal Contract Tower,0,7,10,0,17,0,0,20,3,23,0,7,30,3,40,40,14,54,94
06/07/2021,TXK,AR,ASW,CE,Federal Contract Tower,0,9,8,0,17,0,0,9,0,9,0,9,17,0,26,30,0,30,56
06/08/2021,TXK,AR,ASW,CE,Federal Contract Tower,0,9,14,2,25,0,9,15,2,26,0,18,29,4,51,60,28,88,139
06/09/2021,TXK,AR,ASW,CE,Federal Contract Tower,0,12,32,13,57,0,12,26,3,41,0,24,58,16,98,96,34,130,228
06/10/2021,TXK,AR,ASW,CE,Federal Contract Tower,0,9,28,2,39,0,1,33,4,38,0,10,61,6,77,64,0,64,141
06/11/2021,TXK,AR,ASW,CE,Federal Contract Tower,0,7,20,2,29,0,13,24,0,37,0,20,44,2,66,74,4,78,144
06/12/2021,TXK,AR,ASW,CE,Federal Contract Tower,0,7,13,3,23,0,7,33,0,40,0,14,46,3,63,48,6,54,117
06/13/2021,TXK,AR,ASW,CE,Federal Contract Tower,0,6,19,0,25,0,16,14,0,30,0,22,33,0,55,14,0,14,69
06/14/2021,TXK,AR,ASW,CE,Federal Contract Tower,0,7,25,2,34,0,2,22,0,24,0,9,47,2,58,74,2,76,134
06/15/2021,TXK,AR,ASW,CE,Federal Contract Tower,0,11,16,0,27,0,3,30,0,33,0,14,46,0,60,36,0,36,96
06/16/2021,TXK,AR,ASW,CE,Federal Contract Tower,0,5,18,0,23,0,3,26,0,29,0,8,44,0,52,32,0,32,84
06/17/2021,TXK,AR,ASW,CE,Federal Contract Tower,0,5,11,0,16,0,6,30,0,36,0,11,41,0,52,62,0,62,114
06/18/2021,TXK,AR,ASW,CE,Federal Contract Tower,0,10,30,3,43,0,6,37,2,45,0,16,67,5,88,86,10,96,184
06/19/2021,TXK,AR,ASW,CE,Federal Contract Tower,0,8,10,0,18,0,0,17,0,17,0,8,27,0,35,26,0,26,61
06/20/2021,TXK,AR,ASW,CE,Federal Contract Tower,0,7,13,4,24,0,10,11,4,25,0,17,24,8,49,30,0,30,79
06/21/2021,TXK,AR,ASW,CE,Federal Contract Tower,0,9,9,3,21,0,0,3,0,3,0,9,12,3,24,12,2,14,38
06/22/2021,TXK,AR,ASW,CE,Federal Contract Tower,0,14,22,4,40,0,9,28,1,38,0,23,50,5,78,36,10,46,124
06/23/2021,TXK,AR,ASW,CE,Federal Contract Tower,0,11,18,0,29,0,10,27,4,41,0,21,45,4,70,68,4,72,142
06/24/2021,TXK,AR,ASW,CE,Federal Contract Tower,0,11,24,2,37,0,7,27,0,34,0,18,51,2,71,90,0,90,161
06/25/2021,TXK,AR,ASW,CE,Federal Contract Tower,0,5,20,0,25,0,3,20,0,23,0,8,40,0,48,38,0,38,86
06/26/2021,TXK,AR,ASW,CE,Federal Contract Tower,0,9,10,13,32,0,2,5,6,13,0,11,15,19,45,0,50,50,95
06/27/2021,TXK,AR,ASW,CE,Federal Contract Tower,0,6,20,0,26,0,3,11,0,14,0,9,31,0,40,22,0,22,62
06/28/2021,TXK,AR,ASW,CE,Federal Contract Tower,0,10,19,3,32,0,7,11,0,18,0,17,30,3,50,32,8,40,90
06/29/2021,TXK,AR,ASW,CE,Federal Contract Tower,0,5,16,3,24,0,7,22,0,29,0,12,38,3,53,16,4,20,73
06/30/2021,TXK,AR,ASW,CE,Federal Contract Tower,0,12,19,3,34,0,5,30,0,35,0,17,49,3,69,64,4,68,137
07/01/2021,TXK,AR,ASW,CE,Federal Contract Tower,0,6,26,3,35,0,9,22,11,42,0,15,48,14,77,50,34,84,161
07/02/2021,TXK,AR,ASW,CE,Federal Contract Tower,0,10,8,0,18,0,0,15,0,15,0,10,23,0,33,18,0,18,51
07/03/2021,TXK,AR,ASW,CE,Federal Contract Tower,0,5,14,0,19,0,5,21,0,26,0,10,35,0,45,39,0,39,84
07/04/2021,TXK,AR,ASW,CE,Federal Contract Tower,0,3,4,0,7,0,10,7,0,17,0,13,11,0,24,16,0,16,40
07/05/2021,TXK,AR,ASW,CE,Federal Contract Tower,0,9,13,0,22,0,9,20,0,29,0,18,33,0,51,24,0,24,75
07/06/2021,TXK,AR,ASW,CE,Federal Contract Tower,0,8,16,3,27,0,5,18,0,23,0,13,34,3,50,42,4,46,96
07/07/2021,TXK,AR,ASW,CE,Federal Contract Tower,0,9,17,3,29,0,10,15,0,25,0,19,32,3,54,36,2,38,92
07/08/2021,TXK,AR,ASW,CE,Federal Contract Tower,0,9,25,2,36,0,9,13,6,28,0,18,38,8,64,18,4,22,86
07/09/2021,TXK,AR,ASW,CE,Federal Contract Tower,0,9,8,0,17,0,4,17,0,21,0,13,25,0,38,40,0,40,78
07/10/2021,TXK,AR,ASW,CE,Federal Contract Tower,0,6,27,14,47,0,7,23,6,36,0,13,50,20,83,56,36,92,175
07/11/2021,TXK,AR,ASW,CE,Federal Contract Tower,0,7,17,0,24,0,6,7,0,13,0,13,24,0,37,24,0,24,61
07/12/2021,TXK,AR,ASW,CE,Federal Contract Tower,0,10,18,5,33,0,3,15,2,20,0,13,33,7,53,54,10,64,117
07/13/2021,TXK,AR,ASW,CE,Federal Contract Tower,0,11,22,0,33,0,6,28,0,34,0,17,50,0,67,60,0,60,127
07/14/2021,TXK,AR,ASW,CE,Federal Contract Tower,0,12,29,2,43,0,10,67,3,80,0,22,96,5,123,114,2,116,239
07/15/2021,TXK,AR,ASW,CE,Federal Contract Tower,0,9,13,0,22,0,16,42,0,58,0,25,55,0,80,54,0,54,134
07/16/2021,TXK,AR,ASW,CE,Federal Contract Tower,0,9,18,3,30,0,4,34,13,51,0,13,52,16,81,38,28,66,147
07/17/2021,TXK,AR,ASW,CE,Federal Contract Tower,0,5,15,0,20,0,6,31,0,37,0,11,46,0,57,34,0,34,91
07/18/2021,TXK,AR,ASW,CE,Federal Contract Tower,0,11,25,0,36,0,2,22,0,24,0,13,47,0,60,20,0,20,80
07/19/2021,TXK,AR,ASW,CE,Federal Contract Tower,0,12,21,3,36,0,0,13,0,13,0,12,34,3,49,36,6,42,91
07/20/2021,TXK,AR,ASW,CE,Federal Contract Tower,0,13,16,3,32,0,5,25,0,30,0,18,41,3,62,60,0,60,122
07/21/2021,TXK,AR,ASW,CE,Federal Contract Tower,0,16,27,1,44,0,3,29,2,34,0,19,56,3,78,52,0,52,130
07/22/2021,TXK,AR,ASW,CE,Federal Contract Tower,0,17,32,0,49,0,7,29,1,37,0,24,61,1,86,18,0,18,104
07/23/2021,TXK,AR,ASW,CE,Federal Contract Tower,0,12,28,13,53,0,6,19,1,26,0,18,47,14,79,28,24,52,131
07/24/2021,TXK,AR,ASW,CE,Federal Contract Tower,0,10,7,9,26,0,5,17,1,23,0,15,24,10,49,18,6,24,73
07/25/2021,TXK,AR,ASW,CE,Federal Contract Tower,0,5,19,8,32,0,0,12,0,12,0,5,31,8,44,10,8,18,62
07/26/2021,TXK,AR,ASW,CE,Federal Contract Tower,0,9,13,0,22,0,5,24,0,29,0,14,37,0,51,30,0,30,81
07/27/2021,TXK,AR,ASW,CE,Federal Contract Tower,0,6,13,2,21,0,6,1,0,7,0,12,14,2,28,6,0,6,34
07/28/2021,TXK,AR,ASW,CE,Federal Contract Tower,0,10,34,2,46,0,13,26,0,39,0,23,60,2,85,70,0,70,155
07/29/2021,TXK,AR,ASW,CE,Federal Contract Tower,0,7,18,8,33,0,4,26,0,30,0,11,44,8,63,52,14,66,129
07/30/2021,TXK,AR,ASW,CE,Federal Contract Tower,0,12,25,0,37,0,8,19,0,27,0,20,44,0,64,50,0,50,114
07/31/2021,TXK,AR,ASW,CE,Federal Contract Tower,0,10,9,0,19,0,10,30,0,40,0,20,39,0,59,24,0,24,83
08/01/2021,TXK,AR,ASW,CE,Federal Contract Tower,0,11,14,14,39,0,2,7,0,9,0,13,21,14,48,4,12,16,64
08/02/2021,TXK,AR,ASW,CE,Federal Contract Tower,0,9,12,0,21,0,5,5,0,10,0,14,17,0,31,12,0,12,43
08/03/2021,TXK,AR,ASW,CE,Federal Contract Tower,0,11,17,0,28,0,16,33,0,49,0,27,50,0,77,74,0,74,151
08/04/2021,TXK,AR,ASW,CE,Federal Contract Tower,0,14,18,3,35,0,2,22,0,24,0,16,40,3,59,64,4,68,127
08/05/2021,TXK,AR,ASW,CE,Federal Contract Tower,0,6,22,2,30,0,5,20,0,25,0,11,42,2,55,20,0,20,75
08/06/2021,TXK,AR,ASW,CE,Federal Contract Tower,0,14,19,3,36,0,9,28,0,37,0,23,47,3,73,92,0,92,165
08/07/2021,TXK,AR,ASW,CE,Federal Contract Tower,0,6,12,0,18,0,7,12,0,19,0,13,24,0,37,14,0,14,51
08/08/2021,TXK,AR,ASW,CE,Federal Contract Tower,0,7,9,0,16,0,14,10,0,24,0,21,19,0,40,14,0,14,54
08/09/2021,TXK,AR,ASW,CE,Federal Contract Tower,0,6,14,2,22,0,2,7,0,9,0,8,21,2,31,20,0,20,51
08/10/2021,TXK,AR,ASW,CE,Federal Contract Tower,0,10,18,3,31,0,8,24,0,32,0,18,42,3,63,50,8,58,121
08/11/2021,TXK,AR,ASW,CE,Federal Contract Tower,0,11,25,4,40,0,6,20,1,27,0,17,45,5,67,32,8,40,107
08/12/2021,TXK,AR,ASW,CE,Federal Contract Tower,0,5,21,0,26,0,19,39,5,63,0,24,60,5,89,118,8,126,215
08/13/2021,TXK,AR,ASW,CE,Federal Contract Tower,0,7,19,11,37,0,10,20,0,30,0,17,39,11,67,36,18,54,121
08/14/2021,TXK,AR,ASW,CE,Federal Contract Tower,0,8,10,0,18,0,0,3,0,3,0,8,13,0,21,6,0,6,27
08/15/2021,TXK,AR,ASW,CE,Federal Contract Tower,0,7,10,0,17,0,2,7,0,9,0,9,17,0,26,20,0,20,46
08/16/2021,TXK,AR,ASW,CE,Federal Contract Tower,0,7,16,0,23,0,7,25,0,32,0,14,41,0,55,104,0,104,159
08/17/2021,TXK,AR,ASW,CE,Federal Contract Tower,0,6,20,6,32,0,0,23,0,23,0,6,43,6,55,94,14,108,163
08/18/2021,TXK,AR,ASW,CE,Federal Contract Tower,0,5,10,0,15,0,2,6,0,8,0,7,16,0,23,26,0,26,49
08/19/2021,TXK,AR,ASW,CE,Federal Contract Tower,0,14,11,0,25,0,0,2,0,2,0,14,13,0,27,8,0,8,35
08/20/2021,TXK,AR,ASW,CE,Federal Contract Tower,0,10,20,0,30,0,8,35,0,43,0,18,55,0,73,92,0,92,165
08/21/2021,TXK,AR,ASW,CE,Federal Contract Tower,0,5,8,7,20,0,10,34,2,46,0,15,42,9,66,56,14,70,136
08/22/2021,TXK,AR,ASW,CE,Federal Contract Tower,0,7,17,8,32,0,8,56,0,64,0,15,73,8,96,100,16,116,212
08/23/2021,TXK,AR,ASW,CE,Federal Contract Tower,0,10,18,7,35,0,5,34,2,41,0,15,52,9,76,108,20,128,204
08/24/2021,TXK,AR,ASW,CE,Federal Contract Tower,0,7,17,0,24,0,1,33,0,34,0,8,50,0,58,96,0,96,154
08/25/2021,TXK,AR,ASW,CE,Federal Contract Tower,0,9,22,0,31,0,5,35,1,41,0,14,57,1,72,36,0,36,108
08/26/2021,TXK,AR,ASW,CE,Federal Contract Tower,0,13,15,4,32,0,1,34,1,36,0,14,49,5,68,72,4,76,144
08/27/2021,TXK,AR,ASW,CE,Federal Contract Tower,0,7,12,1,20,0,6,24,2,32,0,13,36,3,52,52,0,52,104
08/28/2021,TXK,AR,ASW,CE,Federal Contract Tower,0,8,7,0,15,0,2,5,0,7,0,10,12,0,22,30,0,30,52
08/29/2021,TXK,AR,ASW,CE,Federal Contract Tower,0,12,20,6,38,0,10,12,0,22,0,22,32,6,60,28,12,40,100
08/30/2021,TXK,AR,ASW,CE,Federal Contract Tower,0,10,14,2,26,0,11,13,0,24,0,21,27,2,50,60,0,60,110
08/31/2021,TXK,AR,ASW,CE,Federal Contract Tower,0,13,15,8,36,0,6,23,3,32,0,19,38,11,68,86,12,98,166
09/01/2021,TXK,AR,ASW,CE,Federal Contract Tower,0,9,10,7,26,0,6,22,4,32,0,15,32,11,58,82,4,86,144
09/02/2021,TXK,AR,ASW,CE,Federal Contract Tower,0,8,18,6,32,0,6,21,0,27,0,14,39,6,59,32,4,36,95
09/03/2021,TXK,AR,ASW,CE,Federal Contract Tower,0,5,12,0,17,0,6,12,0,18,0,11,24,0,35,84,0,84,119
09/04/2021,TXK,AR,ASW,CE,Federal Contract Tower,0,8,6,0,14,0,5,13,0,18,0,13,19,0,32,26,0,26,58
09/05/2021,TXK,AR,ASW,CE,Federal Contract Tower,0,10,5,0,15,0,0,19,0,19,0,10,24,0,34,46,0,46,80
09/06/2021,TXK,AR,ASW,CE,Federal Contract Tower,0,9,26,0,35,0,7,15,0,22,0,16,41,0,57,52,0,52,109
09/07/2021,TXK,AR,ASW,CE,Federal Contract Tower,0,5,18,0,23,0,13,33,0,46,0,18,51,0,69,66,0,66,135
09/08/2021,TXK,AR,ASW,CE,Federal Contract Tower,0,10,16,4,30,0,13,11,0,24,0,23,27,4,54,44,4,48,102
09/09/2021,TXK,AR,ASW,CE,Federal Contract Tower,0,10,22,0,32,0,3,33,0,36,0,13,55,0,68,68,0,68,136
09/10/2021,TXK,AR,ASW,CE,Federal Contract Tower,0,8,26,0,34,0,9,21,0,30,0,17,47,0,64,28,0,28,92
09/11/2021,TXK,AR,ASW,CE,Federal Contract Tower,0,6,17,0,23,0,4,18,0,22,0,10,35,0,45,16,0,16,61
09/12/2021,TXK,AR,ASW,CE,Federal Contract Tower,0,7,32,0,39,0,9,14,0,23,0,16,46,0,62,34,0,34,96
09/13/2021,TXK,AR,ASW,CE,Federal Contract Tower,0,12,20,3,35,0,6,5,0,11,0,18,25,3,46,16,4,20,66
09/14/2021,TXK,AR,ASW,CE,Federal Contract Tower,0,10,16,0,26,0,8,27,0,35,0,18,43,0,61,60,0,60,121
09/15/2021,TXK,AR,ASW,CE,Federal Contract Tower,0,8,27,0,35,0,2,20,0,22,0,10,47,0,57,32,0,32,89
09/16/2021,TXK,AR,ASW,CE,Federal Contract Tower,0,10,11,6,27,0,5,22,0,27,0,15,33,6,54,50,8,58,112
09/17/2021,TXK,AR,ASW,CE,Federal Contract Tower,0,6,13,0,19,0,3,8,0,11,0,9,21,0,30,22,0,22,52
09/18/2021,TXK,AR,ASW,CE,Federal Contract Tower,0,5,8,0,13,0,1,3,0,4,0,6,11,0,17,10,0,10,27
09/19/2021,TXK,AR,ASW,CE,Federal Contract Tower,0,7,13,0,20,0,5,10,0,15,0,12,23,0,35,30,0,30,65
09/20/2021,TXK,AR,ASW,CE,Federal Contract Tower,0,6,10,1,17,0,0,16,0,16,0,6,26,1,33,12,2,14,47
09/21/2021,TXK,AR,ASW,CE,Federal Contract Tower,0,13,22,0,35,0,10,17,0,27,0,23,39,0,62,44,0,44,106
09/22/2021,TXK,AR,ASW,CE,Federal Contract Tower,0,7,42,0,49,0,13,27,0,40,0,20,69,0,89,40,0,40,129
09/23/2021,TXK,AR,ASW,CE,Federal Contract Tower,0,7,15,6,28,0,17,37,0,54,0,24,52,6,82,74,6,80,162
09/24/2021,TXK,AR,ASW,CE,Federal Contract Tower,0,10,15,1,26,0,9,28,0,37,0,19,43,1,63,40,0,40,103
09/25/2021,TXK,AR,ASW,CE,Federal Contract Tower,0,7,20,0,27,0,2,17,0,19,0,9,37,0,46,78,0,78,124
09/26/2021,TXK,AR,ASW,CE,Federal Contract Tower,0,8,11,0,19,0,6,28,3,37,0,14,39,3,56,46,8,54,110
09/27/2021,TXK,AR,ASW,CE,Federal Contract Tower,0,9,21,2,32,0,8,12,0,20,0,17,33,2,52,20,2,22,74
09/28/2021,TXK,AR,ASW,CE,Federal Contract Tower,0,10,21,0,31,0,0,16,0,16,0,10,37,0,47,22,0,22,69
09/29/2021,TXK,AR,ASW,CE,Federal Contract Tower,0,14,17,0,31,0,8,10,0,18,0,22,27,0,49,22,0,22,71
09/30/2021,TXK,AR,ASW,CE,Federal Contract Tower,0,10,14,1,25,0,2,6,1,9,0,12,20,2,34,22,4,26,60
10/01/2021,TXK,AR,ASW,CE,Federal Contract Tower,0,9,12,2,23,0,1,5,0,6,0,10,17,2,29,18,0,18,47
10/02/2021,TXK,AR,ASW,CE,Federal Contract Tower,0,6,12,3,21,0,2,0,0,2,0,8,12,3,23,8,0,8,31
10/03/2021,TXK,AR,ASW,CE,Federal Contract Tower,0,10,29,4,43,0,10,11,0,21,0,20,40,4,64,36,0,36,100
10/04/2021,TXK,AR,ASW,CE,Federal Contract Tower,0,7,24,4,35,0,7,19,0,26,0,14,43,4,61,46,0,46,107
10/05/2021,TXK,AR,ASW,CE,Federal Contract Tower,0,8,32,0,40,0,8,18,0,26,0,16,50,0,66,24,0,24,90
10/06/2021,TXK,AR,ASW,CE,Federal Contract Tower,0,7,26,1,34,0,9,20,4,33,0,16,46,5,67,54,2,56,123
10/07/2021,TXK,AR,ASW,CE,Federal Contract Tower,0,8,13,0,21,0,11,16,0,27,0,19,29,0,48,52,0,52,100
10/08/2021,TXK,AR,ASW,CE,Federal Contract Tower,0,6,27,4,37,0,5,14,0,19,0,11,41,4,56,49,8,57,113
10/09/2021,TXK,AR,ASW,CE,Federal Contract Tower,0,6,20,0,26,0,3,11,0,14,0,9,31,0,40,22,0,22,62
10/10/2021,TXK,AR,ASW,CE,Federal Contract Tower,0,6,7,0,13,0,3,9,0,12,0,9,16,0,25,6,0,6,31
10/11/2021,TXK,AR,ASW,CE,Federal Contract Tower,0,8,10,0,18,0,8,11,0,19,0,16,21,0,37,58,0,58,95
10/12/2021,TXK,AR,ASW,CE,Federal Contract Tower,0,5,22,0,27,0,5,11,0,16,0,10,33,0,43,18,0,18,61
10/13/2021,TXK,AR,ASW,CE,Federal Contract Tower,0,5,10,4,19,0,1,25,0,26,0,6,35,4,45,40,0,40,85
10/14/2021,TXK,AR,ASW,CE,Federal Contract Tower,0,11,22,0,33,0,4,14,0,18,0,15,36,0,51,48,0,48,99
10/15/2021,TXK,AR,ASW,CE,Federal Contract Tower,0,17,31,9,57,0,7,12,0,19,0,24,43,9,76,20,6,26,102
10/16/2021,TXK,AR,ASW,CE,Federal Contract Tower,0,6,24,0,30,0,3,22,4,29,0,9,46,4,59,28,0,28,87
10/17/2021,TXK,AR,ASW,CE,Federal Contract Tower,0,8,35,8,51,0,3,20,0,23,0,11,55,8,74,62,8,70,144
10/18/2021,TXK,AR,ASW,CE,Federal Contract Tower,0,6,14,0,20,0,11,30,0,41,0,17,44,0,61,76,0,76,137
10/19/2021,TXK,AR,ASW,CE,Federal Contract Tower,0,10,37,4,51,0,8,38,1,47,0,18,75,5,98,100,0,100,198
10/20/2021,TXK,AR,ASW,CE,Federal Contract Tower,0,8,29,4,41,0,4,32,2,38,0,12,61,6,79,98,0,98,177
10/21/2021,TXK,AR,ASW,CE,Federal Contract Tower,0,9,18,0,27,0,4,32,0,36,0,13,50,0,63,76,0,76,139
10/22/2021,TXK,AR,ASW,CE,Federal Contract Tower,0,5,24,2,31,0,10,18,0,28,0,15,42,2,59,66,2,68,127
10/23/2021,TXK,AR,ASW,CE,Federal Contract Tower,0,5,16,8,29,0,5,14,1,20,0,10,30,9,49,38,10,48,97
10/24/2021,TXK,AR,ASW,CE,Federal Contract Tower,0,10,23,2,35,0,5,17,2,24,0,15,40,4,59,20,4,24,83
10/25/2021,TXK,AR,ASW,CE,Federal Contract Tower,0,10,31,4,45,0,4,25,4,33,0,14,56,8,78,72,16,88,166
10/26/2021,TXK,AR,ASW,CE,Federal Contract Tower,0,5,25,0,30,0,5,21,0,26,0,10,46,0,56,20,0,20,76
10/27/2021,TXK,AR,ASW,CE,Federal Contract Tower,0,7,9,0,16,0,0,1,0,1,0,7,10,0,17,0,0,0,17
10/28/2021,TXK,AR,ASW,CE,Federal Contract Tower,0,4,13,0,17,0,4,4,2,10,0,8,17,2,27,14,0,14,41
10/29/2021,TXK,AR,ASW,CE,Federal Contract Tower,0,11,15,0,26,0,3,8,0,11,0,14,23,0,37,20,0,20,57
10/30/2021,TXK,AR,ASW,CE,Federal Contract Tower,0,9,17,0,26,0,9,23,0,32,0,18,40,0,58,48,0,48,106
10/31/2021,TXK,AR,ASW,CE,Federal Contract Tower,0,7,22,0,29,0,5,19,0,24,0,12,41,0,53,36,0,36,89
11/01/2021,TXK,AR,ASW,CE,Federal Contract Tower,0,8,17,0,25,0,6,19,0,25,0,14,36,0,50,66,0,66,116
11/02/2021,TXK,AR,ASW,CE,Federal Contract Tower,0,10,20,2,32,0,3,5,0,8,0,13,25,2,40,6,0,6,46
11/03/2021,TXK,AR,ASW,CE,Federal Contract Tower,0,16,11,0,27,0,0,0,0,0,0,16,11,0,27,0,0,0,27
11/04/2021,TXK,AR,ASW,CE,Federal Contract Tower,0,10,22,4,36,0,12,15,3,30,0,22,37,7,66,32,4,36,102
11/05/2021,TXK,AR,ASW,CE,Federal Contract Tower,0,8,27,6,41,0,2,33,0,35,0,10,60,6,76,18,10,28,104
11/06/2021,TXK,AR,ASW,CE,Federal Contract Tower,0,12,31,3,46,0,11,13,0,24,0,23,44,3,70,36,6,42,112
11/07/2021,TXK,AR,ASW,CE,Federal Contract Tower,0,9,20,6,35,0,15,12,3,30,0,24,32,9,65,48,8,56,121
11/08/2021,TXK,AR,ASW,CE,Federal Contract Tower,0,5,23,2,30,0,3,17,0,20,0,8,40,2,50,16,4,20,70
11/09/2021,TXK,AR,ASW,CE,Federal Contract Tower,0,5,21,2,28,0,2,24,0,26,0,7,45,2,54,14,0,14,68
11/10/2021,TXK,AR,ASW,CE,Federal Contract Tower,0,6,13,0,19,0,3,15,0,18,0,9,28,0,37,28,0,28,65
11/11/2021,TXK,AR,ASW,CE,Federal Contract Tower,0,6,33,0,39,0,4,23,0,27,0,10,56,0,66,48,0,48,114
11/12/2021,TXK,AR,ASW,CE,Federal Contract Tower,0,8,30,1,39,0,13,32,0,45,0,21,62,1,84,66,2,68,152
11/13/2021,TXK,AR,ASW,CE,Federal Contract Tower,0,6,17,0,23,0,13,14,2,29,0,19,31,2,52,38,0,38,90
11/14/2021,TXK,AR,ASW,CE,Federal Contract Tower,0,5,17,0,22,0,28,26,0,54,0,33,43,0,76,66,0,66,142
11/15/2021,TXK,AR,ASW,CE,Federal Contract Tower,0,12,20,4,36,0,6,18,0,24,0,18,38,4,60,24,4,28,88
11/16/2021,TXK,AR,ASW,CE,Federal Contract Tower,0,8,23,7,38,0,2,11,1,14,0,10,34,8,52,2,2,4,56
11/17/2021,TXK,AR,ASW,CE,Federal Contract Tower,0,6,22,2,30,0,2,4,4,10,0,8,26,6,40,2,6,8,48
11/18/2021,TXK,AR,ASW,CE,Federal Contract Tower,0,9,26,4,39,0,9,14,4,27,0,18,40,8,66,46,36,82,148
11/19/2021,TXK,AR,ASW,CE,Federal Contract Tower,0,10,24,2,36,0,16,29,1,46,0,26,53,3,82,54,4,58,140
11/20/2021,TXK,AR,ASW,CE,Federal Contract Tower,0,10,15,0,25,0,0,18,0,18,0,10,33,0,43,28,0,28,71
11/21/2021,TXK,AR,ASW,CE,Federal Contract Tower,0,11,21,0,32,0,0,2,0,2,0,11,23,0,34,6,0,6,40
11/22/2021,TXK,AR,ASW,CE,Federal Contract Tower,0,12,34,0,46,0,6,16,0,22,0,18,50,0,68,42,0,42,110
11/23/2021,TXK,AR,ASW,CE,Federal Contract Tower,0,15,18,0,33,0,4,18,0,22,0,19,36,0,55,22,0,22,77
11/24/2021,TXK,AR,ASW,CE,Federal Contract Tower,0,12,17,2,31,0,3,9,1,13,0,15,26,3,44,28,0,28,72
11/25/2021,TXK,AR,ASW,CE,Federal Contract Tower,0,4,11,0,15,0,2,1,0,3,0,6,12,0,18,8,0,8,26
11/26/2021,TXK,AR,ASW,CE,Federal Contract Tower,0,2,12,0,14,0,4,14,0,18,0,6,26,0,32,44,0,44,76
11/27/2021,TXK,AR,ASW,CE,Federal Contract Tower,0,9,9,0,18,0,6,10,0,16,0,15,19,0,34,18,0,18,52
11/28/2021,TXK,AR,ASW,CE,Federal Contract Tower,0,12,25,0,37,0,4,15,0,19,0,16,40,0,56,22,0,22,78
11/29/2021,TXK,AR,ASW,CE,Federal Contract Tower,0,8,17,0,25,0,8,8,0,16,0,16,25,0,41,34,0,34,75
11/30/2021,TXK,AR,ASW,CE,Federal Contract Tower,0,12,26,5,43,0,5,25,1,31,0,17,51,6,74,64,4,68,142
12/01/2021,TXK,AR,ASW,CE,Federal Contract Tower,0,9,20,1,30,0,8,17,0,25,0,17,37,1,55,22,0,22,77
12/02/2021,TXK,AR,ASW,CE,Federal Contract Tower,0,8,27,2,37,0,10,12,0,22,0,18,39,2,59,30,0,30,89
12/03/2021,TXK,AR,ASW,CE,Federal Contract Tower,0,18,7,3,28,0,2,5,0,7,0,20,12,3,35,6,4,10,45
12/04/2021,TXK,AR,ASW,CE,Federal Contract Tower,0,14,10,0,24,0,7,15,0,22,0,21,25,0,46,38,0,38,84
12/05/2021,TXK,AR,ASW,CE,Federal Contract Tower,0,9,12,0,21,0,0,6,0,6,0,9,18,0,27,22,0,22,49
12/06/2021,TXK,AR,ASW,CE,Federal Contract Tower,0,9,21,0,30,0,4,11,0,15,0,13,32,0,45,36,0,36,81
12/07/2021,TXK,AR,ASW,CE,Federal Contract Tower,0,18,31,2,51,0,8,2,4,14,0,26,33,6,65,28,0,28,93
12/08/2021,TXK,AR,ASW,CE,Federal Contract Tower,0,11,20,4,35,0,6,19,0,25,0,17,39,4,60,30,0,30,90
12/09/2021,TXK,AR,ASW,CE,Federal Contract Tower,0,7,15,0,22,0,2,0,0,2,0,9,15,0,24,0,0,0,24
12/10/2021,TXK,AR,ASW,CE,Federal Contract Tower,0,15,14,4,33,0,8,5,2,15,0,23,19,6,48,14,0,14,62
12/11/2021,TXK,AR,ASW,CE,Federal Contract Tower,0,7,14,1,22,0,1,5,1,7,0,8,19,2,29,14,0,14,43
12/12/2021,TXK,AR,ASW,CE,Federal Contract Tower,0,9,22,5,36,0,4,24,0,28,0,13,46,5,64,30,4,34,98
12/13/2021,TXK,AR,ASW,CE,Federal Contract Tower,0,7,25,0,32,0,4,36,0,40,0,11,61,0,72,86,0,86,158
12/14/2021,TXK,AR,ASW,CE,Federal Contract Tower,0,11,14,0,25,0,3,2,0,5,0,14,16,0,30,10,0,10,40
12/15/2021,TXK,AR,ASW,CE,Federal Contract Tower,0,5,20,0,25,0,7,4,0,11,0,12,24,0,36,4,0,4,40
12/16/2021,TXK,AR,ASW,CE,Federal Contract Tower,0,16,20,0,36,0,3,7,0,10,0,19,27,0,46,16,0,16,62
12/17/2021,TXK,AR,ASW,CE,Federal Contract Tower,4,11,10,0,25,0,8,5,0,13,4,19,15,0,38,24,0,24,62
12/18/2021,TXK,AR,ASW,CE,Federal Contract Tower,0,12,5,0,17,0,2,1,0,3,0,14,6,0,20,8,0,8,28
12/19/2021,TXK,AR,ASW,CE,Federal Contract Tower,0,11,13,0,24,0,1,16,0,17,0,12,29,0,41,14,0,14,55
12/20/2021,TXK,AR,ASW,CE,Federal Contract Tower,0,8,10,2,20,0,0,0,0,0,0,8,10,2,20,0,0,0,20
12/21/2021,TXK,AR,ASW,CE,Federal Contract Tower,0,10,32,0,42,0,5,10,0,15,0,15,42,0,57,14,0,14,71
12/22/2021,TXK,AR,ASW,CE,Federal Contract Tower,0,8,34,0,42,0,0,24,0,24,0,8,58,0,66,34,0,34,100
12/23/2021,TXK,AR,ASW,CE,Federal Contract Tower,0,7,12,0,19,0,8,11,0,19,0,15,23,0,38,32,0,32,70
12/24/2021,TXK,AR,ASW,CE,Federal Contract Tower,0,13,9,0,22,0,1,13,0,14,0,14,22,0,36,22,0,22,58
12/25/2021,TXK,AR,ASW,CE,Federal Contract Tower,0,8,7,0,15,0,0,9,0,9,0,8,16,0,24,16,0,16,40
12/26/2021,TXK,AR,ASW,CE,Federal Contract Tower,0,9,26,0,35,0,0,19,0,19,0,9,45,0,54,38,0,38,92
12/27/2021,TXK,AR,ASW,CE,Federal Contract Tower,0,12,12,0,24,0,10,8,0,18,0,22,20,0,42,18,0,18,60
12/28/2021,TXK,AR,ASW,CE,Federal Contract Tower,0,9,19,3,31,0,3,5,0,8,0,12,24,3,39,26,4,30,69
12/29/2021,TXK,AR,ASW,CE,Federal Contract Tower,0,7,13,0,20,0,0,1,0,1,0,7,14,0,21,0,0,0,21
12/30/2021,TXK,AR,ASW,CE,Federal Contract Tower,0,11,28,0,39,0,2,17,0,19,0,13,45,0,58,54,0,54,112
12/31/2021,TXK,AR,ASW,CE,Federal Contract Tower,0,7,12,0,19,0,2,0,0,2,0,9,12,0,21,10,0,10,31
01/01/2022,TXK,AR,ASW,CE,Federal Contract Tower,0,8,5,0,13,0,0,0,0,0,0,8,5,0,13,4,0,4,17
01/02/2022,TXK,AR,ASW,CE,Federal Contract Tower,0,8,10,0,18,0,2,7,0,9,0,10,17,0,27,14,0,14,41
01/03/2022,TXK,AR,ASW,CE,Federal Contract Tower,0,9,21,0,30,0,10,28,0,38,0,19,49,0,68,60,0,60,128
01/04/2022,TXK,AR,ASW,CE,Federal Contract Tower,0,5,13,0,18,0,10,16,0,26,0,15,29,0,44,14,0,14,58
01/05/2022,TXK,AR,ASW,CE,Federal Contract Tower,0,13,19,3,35,0,6,24,3,33,0,19,43,6,68,80,8,88,156
01/06/2022,TXK,AR,ASW,CE,Federal Contract Tower,0,6,8,6,20,0,4,10,2,16,0,10,18,8,36,18,20,38,74
01/07/2022,TXK,AR,ASW,CE,Federal Contract Tower,0,5,22,0,27,0,2,17,0,19,0,7,39,0,46,70,0,70,116
01/08/2022,TXK,AR,ASW,CE,Federal Contract Tower,0,5,3,1,9,0,0,0,0,0,0,5,3,1,9,2,0,2,11
01/09/2022,TXK,AR,ASW,CE,Federal Contract Tower,0,13,3,0,16,0,6,6,1,13,0,19,9,1,29,8,0,8,37
01/10/2022,TXK,AR,ASW,CE,Federal Contract Tower,0,9,32,6,47,0,9,33,0,42,0,18,65,6,89,168,4,172,261
01/11/2022,TXK,AR,ASW,CE,Federal Contract Tower,0,8,21,0,29,0,0,27,0,27,0,8,48,0,56,50,0,50,106
01/12/2022,TXK,AR,ASW,CE,Federal Contract Tower,0,7,20,1,28,0,5,30,1,36,0,12,50,2,64,30,4,34,98
01/13/2022,TXK,AR,ASW,CE,Federal Contract Tower,0,13,15,0,28,0,12,20,0,32,0,25,35,0,60,24,0,24,84
01/14/2022,TXK,AR,ASW,CE,Federal Contract Tower,0,11,24,6,41,0,2,33,1,36,0,13,57,7,77,50,14,64,141
01/15/2022,TXK,AR,ASW,CE,Federal Contract Tower,0,5,3,0,8,0,0,0,0,0,0,5,3,0,8,2,0,2,10
01/16/2022,TXK,AR,ASW,CE,Federal Contract Tower,0,10,22,0,32,0,2,10,0,12,0,12,32,0,44,70,0,70,114
01/17/2022,TXK,AR,ASW,CE,Federal Contract Tower,0,7,32,0,39,0,7,43,0,50,0,14,75,0,89,68,0,68,157
01/18/2022,TXK,AR,ASW,CE,Federal Contract Tower,0,10,16,3,29,0,2,15,0,17,0,12,31,3,46,44,6,50,96
01/19/2022,TXK,AR,ASW,CE,Federal Contract Tower,0,7,20,2,29,0,1,5,0,6,0,8,25,2,35,16,2,18,53
01/20/2022,TXK,AR,ASW,CE,Federal Contract Tower,0,10,19,4,33,0,5,13,0,18,0,15,32,4,51,32,0,32,83
01/21/2022,TXK,AR,ASW,CE,Federal Contract Tower,0,8,28,3,39,0,6,27,0,33,0,14,55,3,72,62,0,62,134
01/22/2022,TXK,AR,ASW,CE,Federal Contract Tower,0,11,38,0,49,0,1,30,0,31,0,12,68,0,80,80,0,80,160
01/23/2022,TXK,AR,ASW,CE,Federal Contract Tower,0,10,20,5,35,8,20,0,0,28,8,30,20,5,63,86,12,98,161
01/24/2022,TXK,AR,ASW,CE,Federal Contract Tower,0,9,14,8,31,0,0,19,1,20,0,9,33,9,51,16,6,22,73
01/25/2022,TXK,AR,ASW,CE,Federal Contract Tower,0,13,29,4,46,0,5,12,0,17,0,18,41,4,63,22,6,28,91
01/26/2022,TXK,AR,ASW,CE,Federal Contract Tower,0,10,22,0,32,0,0,26,0,26,0,10,48,0,58,42,0,42,100
01/27/2022,TXK,AR,ASW,CE,Federal Contract Tower,0,9,31,0,40,0,2,21,0,23,0,11,52,0,63,42,0,42,105
01/28/2022,TXK,AR,ASW,CE,Federal Contract Tower,0,5,9,0,14,0,3,2,0,5,0,8,11,0,19,8,0,8,27
01/29/2022,TXK,AR,ASW,CE,Federal Contract Tower,0,10,25,10,45,0,6,11,0,17,0,16,36,10,62,26,10,36,98
01/30/2022,TXK,AR,ASW,CE,Federal Contract Tower,0,7,20,9,36,0,4,17,1,22,0,11,37,10,58,24,20,44,102
01/31/2022,TXK,AR,ASW,CE,Federal Contract Tower,0,9,26,0,35,0,7,15,0,22,0,16,41,0,57,30,0,30,87
02/01/2022,TXK,AR,ASW,CE,Federal Contract Tower,0,8,17,0,25,0,7,6,2,15,0,15,23,2,40,6,0,6,46
02/02/2022,TXK,AR,ASW,CE,Federal Contract Tower,0,8,9,0,17,0,1,3,0,4,0,9,12,0,21,6,0,6,27
02/03/2022,TXK,AR,ASW,CE,Federal Contract Tower,0,1,2,0,3,0,0,0,0,0,0,1,2,0,3,2,0,2,5
02/04/2022,TXK,AR,ASW,CE,Federal Contract Tower,0,11,1,0,12,0,6,9,0,15,0,17,10,0,27,42,0,42,69
02/05/2022,TXK,AR,ASW,CE,Federal Contract Tower,0,3,20,0,23,0,11,33,0,44,0,14,53,0,67,76,0,76,143
02/06/2022,TXK,AR,ASW,CE,Federal Contract Tower,0,12,16,0,28,0,6,8,2,16,0,18,24,2,44,18,0,18,62
02/07/2022,TXK,AR,ASW,CE,Federal Contract Tower,0,3,28,3,34,0,2,11,1,14,0,5,39,4,48,36,12,48,96
02/08/2022,TXK,AR,ASW,CE,Federal Contract Tower,0,9,23,2,34,0,5,18,0,23,0,14,41,2,57,38,0,38,95
02/09/2022,TXK,AR,ASW,CE,Federal Contract Tower,0,6,26,2,34,0,5,21,8,34,0,11,47,10,68,34,12,46,114
02/10/2022,TXK,AR,ASW,CE,Federal Contract Tower,0,10,29,1,40,0,8,31,1,40,0,18,60,2,80,104,0,104,184
02/11/2022,TXK,AR,ASW,CE,Federal Contract Tower,0,9,18,2,29,0,11,26,2,39,0,20,44,4,68,40,0,40,108
02/12/2022,TXK,AR,ASW,CE,Federal Contract Tower,0,9,16,0,25,0,7,10,0,17,0,16,26,0,42,42,0,42,84
02/13/2022,TXK,AR,ASW,CE,Federal Contract Tower,0,12,16,4,32,0,3,20,0,23,0,15,36,4,55,20,10,30,85
02/14/2022,TXK,AR,ASW,CE,Federal Contract Tower,0,9,22,2,33,0,9,26,1,36,0,18,48,3,69,114,10,124,193
02/15/2022,TXK,AR,ASW,CE,Federal Contract Tower,0,9,17,3,29,0,13,9,1,23,0,22,26,4,52,12,10,22,74
02/16/2022,TXK,AR,ASW,CE,Federal Contract Tower,0,7,11,0,18,0,1,1,2,4,0,8,12,2,22,4,0,4,26
02/17/2022,TXK,AR,ASW,CE,Federal Contract Tower,0,12,15,0,27,0,2,0,0,2,0,14,15,0,29,12,0,12,41
02/18/2022,TXK,AR,ASW,CE,Federal Contract Tower,0,9,34,0,43,0,7,37,0,44,0,16,71,0,87,84,0,84,171
02/19/2022,TXK,AR,ASW,CE,Federal Contract Tower,0,13,33,0,46,0,13,25,0,38,0,26,58,0,84,78,0,78,162
02/20/2022,TXK,AR,ASW,CE,Federal Contract Tower,0,9,24,4,37,0,11,12,0,23,0,20,36,4,60,48,0,48,108
02/21/2022,TXK,AR,ASW,CE,Federal Contract Tower,0,12,11,0,23,0,1,3,0,4,0,13,14,0,27,4,0,4,31
02/22/2022,TXK,AR,ASW,CE,Federal Contract Tower,0,9,13,0,22,0,0,2,0,2,0,9,15,0,24,2,0,2,26
02/23/2022,TXK,AR,ASW,CE,Federal Contract Tower,0,13,8,0,21,0,0,2,0,2,0,13,10,0,23,12,0,12,35
02/24/2022,TXK,AR,ASW,CE,Federal Contract Tower,0,7,4,0,11,0,0,0,0,0,0,7,4,0,11,2,0,2,13
02/25/2022,TXK,AR,ASW,CE,Federal Contract Tower,0,10,8,0,18,0,9,17,0,26,0,19,25,0,44,80,0,80,124
02/26/2022,TXK,AR,ASW,CE,Federal Contract Tower,0,9,10,5,24,0,0,0,0,0,0,9,10,5,24,2,4,6,30
02/27/2022,TXK,AR,ASW,CE,Federal Contract Tower,0,5,25,0,30,0,8,20,0,28,0,13,45,0,58,38,0,38,96
02/28/2022,TXK,AR,ASW,CE,Federal Contract Tower,0,7,16,0,23,0,10,28,0,38,0,17,44,0,61,40,0,40,101
03/01/2022,TXK,AR,ASW,CE,Federal Contract Tower,0,12,24,3,39,0,5,16,4,25,0,17,40,7,64,30,24,54,118
03/02/2022,TXK,AR,ASW,CE,Federal Contract Tower,0,11,21,2,34,0,7,26,4,37,0,18,47,6,71,70,2,72,143
03/03/2022,TXK,AR,ASW,CE,Federal Contract Tower,0,13,25,4,42,0,15,17,1,33,0,28,42,5,75,34,2,36,111
03/04/2022,TXK,AR,ASW,CE,Federal Contract Tower,0,14,17,3,34,0,15,24,2,41,0,29,41,5,75,120,18,138,213
03/05/2022,TXK,AR,ASW,CE,Federal Contract Tower,0,14,9,0,23,0,3,15,0,18,0,17,24,0,41,36,0,36,77
03/06/2022,TXK,AR,ASW,CE,Federal Contract Tower,2,14,11,0,27,0,3,17,0,20,2,17,28,0,47,54,0,54,101
03/07/2022,TXK,AR,ASW,CE,Federal Contract Tower,0,15,9,2,26,0,5,24,0,29,0,20,33,2,55,34,0,34,89
03/08/2022,TXK,AR,ASW,CE,Federal Contract Tower,0,17,3,0,20,0,0,6,0,6,0,17,9,0,26,20,0,20,46
03/09/2022,TXK,AR,ASW,CE,Federal Contract Tower,0,15,31,2,48,0,8,15,0,23,0,23,46,2,71,74,0,74,145
03/10/2022,TXK,AR,ASW,CE,Federal Contract Tower,0,10,17,5,32,0,8,18,2,28,0,18,35,7,60,32,12,44,104
03/11/2022,TXK,AR,ASW,CE,Federal Contract Tower,0,10,15,3,28,0,0,8,0,8,0,10,23,3,36,18,6,24,60
03/12/2022,TXK,AR,ASW,CE,Federal Contract Tower,0,8,22,0,30,0,12,17,0,29,0,20,39,0,59,22,0,22,81
03/13/2022,TXK,AR,ASW,CE,Federal Contract Tower,0,11,23,4,38,0,7,8,2,17,0,18,31,6,55,26,16,42,97
03/14/2022,TXK,AR,ASW,CE,Federal Contract Tower,0,8,6,5,19,0,4,1,3,8,0,12,7,8,27,6,10,16,43
03/15/2022,TXK,AR,ASW,CE,Federal Contract Tower,0,13,13,0,26,0,4,2,0,6,0,17,15,0,32,10,0,10,42
03/16/2022,TXK,AR,ASW,CE,Federal Contract Tower,0,10,27,2,39,0,6,14,3,23,0,16,41,5,62,40,22,62,124
03/17/2022,TXK,AR,ASW,CE,Federal Contract Tower,0,9,20,1,30,0,6,7,2,15,0,15,27,3,45,14,8,22,67
03/18/2022,TXK,AR,ASW,CE,Federal Contract Tower,0,15,15,3,33,0,9,0,0,9,0,24,15,3,42,14,6,20,62
03/19/2022,TXK,AR,ASW,CE,Federal Contract Tower,0,12,22,0,34,0,11,10,0,21,0,23,32,0,55,24,0,24,79
03/20/2022,TXK,AR,ASW,CE,Federal Contract Tower,0,7,23,0,30,0,2,14,0,16,0,9,37,0,46,16,0,16,62
03/21/2022,TXK,AR,ASW,CE,Federal Contract Tower,0,10,0,0,10,0,2,3,0,5,0,12,3,0,15,4,0,4,19
03/22/2022,TXK,AR,ASW,CE,Federal Contract Tower,0,15,1,0,16,0,0,2,0,2,0,15,3,0,18,4,0,4,22
03/23/2022,TXK,AR,ASW,CE,Federal Contract Tower,0,11,12,0,23,0,4,12,0,16,0,15,24,0,39,10,0,10,49
03/24/2022,TXK,AR,ASW,CE,Federal Contract Tower,0,12,30,2,44,0,10,19,2,31,0,22,49,4,75,40,0,40,115
03/25/2022,TXK,AR,ASW,CE,Federal Contract Tower,0,11,30,0,41,0,8,33,0,41,0,19,63,0,82,52,0,52,134
03/26/2022,TXK,AR,ASW,CE,Federal Contract Tower,0,10,15,7,32,0,5,24,0,29,0,15,39,7,61,36,10,46,107
03/27/2022,TXK,AR,ASW,CE,Federal Contract Tower,0,7,27,2,36,0,13,22,0,35,0,20,49,2,71,70,0,70,141
03/28/2022,TXK,AR,ASW,CE,Federal Contract Tower,0,13,18,4,35,0,4,20,2,26,0,17,38,6,61,48,10,58,119
03/29/2022,TXK,AR,ASW,CE,Federal Contract Tower,0,14,26,0,40,0,0,8,0,8,0,14,34,0,48,4,0,4,52
03/30/2022,TXK,AR,ASW,CE,Federal Contract Tower,0,11,6,0,17,0,0,0,0,0,0,11,6,0,17,0,0,0,17
03/31/2022,TXK,AR,ASW,CE,Federal Contract Tower,0,8,16,5,29,0,7,11,2,20,0,15,27,7,49,26,2,28,77
04/01/2022,TXK,AR,ASW,CE,Federal Contract Tower,0,10,20,6,36,0,8,34,1,43,0,18,54,7,79,96,12,108,187
04/02/2022,TXK,AR,ASW,CE,Federal Contract Tower,0,9,11,0,20,0,10,28,2,40,0,19,39,2,60,66,0,66,126
04/03/2022,TXK,AR,ASW,CE,Federal Contract Tower,0,8,17,1,26,0,4,25,1,30,0,12,42,2,56,38,4,42,98
04/04/2022,TXK,AR,ASW,CE,Federal Contract Tower,0,6,12,0,18,0,16,29,0,45,0,22,41,0,63,56,0,56,119
04/05/2022,TXK,AR,ASW,CE,Federal Contract Tower,0,8,12,0,20,0,12,12,0,24,0,20,24,0,44,18,0,18,62
04/06/2022,TXK,AR,ASW,CE,Federal Contract Tower,0,17,11,0,28,0,7,10,0,17,0,24,21,0,45,8,0,8,53
04/07/2022,TXK,AR,ASW,CE,Federal Contract Tower,0,15,32,0,47,0,5,7,0,12,0,20,39,0,59,20,0,20,79
04/08/2022,TXK,AR,ASW,CE,Federal Contract Tower,0,15,19,0,34,0,3,13,0,16,0,18,32,0,50,16,0,16,66
04/09/2022,TXK,AR,ASW,CE,Federal Contract Tower,0,13,18,4,35,0,4,16,1,21,0,17,34,5,56,14,6,20,76
04/10/2022,TXK,AR,ASW,CE,Federal Contract Tower,0,19,10,0,29,0,3,1,0,4,0,22,11,0,33,6,0,6,39
04/11/2022,TXK,AR,ASW,CE,Federal Contract Tower,0,11,7,4,22,0,2,9,2,13,0,13,16,6,35,8,18,26,61
04/12/2022,TXK,AR,ASW,CE,Federal Contract Tower,0,10,26,0,36,0,3,2,0,5,0,13,28,0,41,8,0,8,49
04/13/2022,TXK,AR,ASW,CE,Federal Contract Tower,0,9,13,0,22,0,1,5,0,6,0,10,18,0,28,20,0,20,48
04/14/2022,TXK,AR,ASW,CE,Federal Contract Tower,0,14,27,0,41,7,42,0,0,49,7,56,27,0,90,92,0,92,182
04/15/2022,TXK,AR,ASW,CE,Federal Contract Tower,0,21,11,1,33,0,0,25,0,25,0,21,36,1,58,36,0,36,94
04/16/2022,TXK,AR,ASW,CE,Federal Contract Tower,0,12,12,1,25,0,0,0,0,0,0,12,12,1,25,4,0,4,29
04/17/2022,TXK,AR,ASW,CE,Federal Contract Tower,0,12,3,0,15,0,0,0,0,0,0,12,3,0,15,2,0,2,17
04/18/2022,TXK,AR,ASW,CE,Federal Contract Tower,0,16,17,0,33,0,9,15,0,24,0,25,32,0,57,30,0,30,87
04/19/2022,TXK,AR,ASW,CE,Federal Contract Tower,0,9,18,0,27,0,8,44,0,52,0,17,62,0,79,98,0,98,177
04/20/2022,TXK,AR,ASW,CE,Federal Contract Tower,0,14,21,2,37,0,2,2,2,6,0,16,23,4,43,6,28,34,77
04/21/2022,TXK,AR,ASW,CE,Federal Contract Tower,0,14,27,0,41,0,5,22,2,29,0,19,49,2,70,94,0,94,164
04/22/2022,TXK,AR,ASW,CE,Federal Contract Tower,0,15,22,0,37,0,6,18,0,24,0,21,40,0,61,60,0,60,121
04/23/2022,TXK,AR,ASW,CE,Federal Contract Tower,0,9,9,3,21,0,3,5,3,11,0,12,14,6,32,4,14,18,50
04/24/2022,TXK,AR,ASW,CE,Federal Contract Tower,0,8,11,4,23,0,8,4,4,16,0,16,15,8,39,32,18,50,89
04/25/2022,TXK,AR,ASW,CE,Federal Contract Tower,0,9,9,0,18,0,3,3,0,6,0,12,12,0,24,16,0,16,40
04/26/2022,TXK,AR,ASW,CE,Federal Contract Tower,0,10,24,0,34,0,6,34,0,40,0,16,58,0,74,66,0,66,140
04/27/2022,TXK,AR,ASW,CE,Federal Contract Tower,0,11,23,6,40,0,8,55,5,68,0,19,78,11,108,84,2,86,194
04/28/2022,TXK,AR,ASW,CE,Federal Contract Tower,0,12,19,0,31,0,3,22,6,31,0,15,41,6,62,20,0,20,82
04/29/2022,TXK,AR,ASW,CE,Federal Contract Tower,0,15,11,0,26,0,1,19,0,20,0,16,30,0,46,14,0,14,60
04/30/2022,TXK,AR,ASW,CE,Federal Contract Tower,0,12,10,0,22,0,7,9,0,16,0,19,19,0,38,18,0,18,56
05/01/2022,TXK,AR,ASW,CE,Federal Contract Tower,0,15,13,0,28,0,8,20,0,28,0,23,33,0,56,42,0,42,98
05/02/2022,TXK,AR,ASW,CE,Federal Contract Tower,0,16,14,0,30,0,6,5,0,11,0,22,19,0,41,10,0,10,51
05/03/2022,TXK,AR,ASW,CE,Federal Contract Tower,0,8,11,0,19,0,0,18,0,18,0,8,29,0,37,66,0,66,103
05/04/2022,TXK,AR,ASW,CE,Federal Contract Tower,0,16,21,2,39,0,3,13,0,16,0,19,34,2,55,24,0,24,79
05/05/2022,TXK,AR,ASW,CE,Federal Contract Tower,0,8,5,0,13,0,0,0,0,0,0,8,5,0,13,0,0,0,13
05/06/2022,TXK,AR,ASW,CE,Federal Contract Tower,0,22,18,3,43,0,10,27,2,39,0,32,45,5,82,80,28,108,190
05/07/2022,TXK,AR,ASW,CE,Federal Contract Tower,0,21,10,0,31,0,13,20,0,33,0,34,30,0,64,50,0,50,114
05/08/2022,TXK,AR,ASW,CE,Federal Contract Tower,0,8,6,0,14,0,8,15,0,23,0,16,21,0,37,18,0,18,55
05/09/2022,TXK,AR,ASW,CE,Federal Contract Tower,0,14,17,0,31,0,8,14,0,22,0,22,31,0,53,28,0,28,81
05/10/2022,TXK,AR,ASW,CE,Federal Contract Tower,0,15,23,0,38,0,12,15,2,29,0,27,38,2,67,44,0,44,111
05/11/2022,TXK,AR,ASW,CE,Federal Contract Tower,0,15,23,0,38,0,18,24,0,42,0,33,47,0,80,76,0,76,156
05/12/2022,TXK,AR,ASW,CE,Federal Contract Tower,0,13,30,0,43,0,9,20,2,31,0,22,50,2,74,46,0,46,120
05/13/2022,TXK,AR,ASW,CE,Federal Contract Tower,0,11,21,0,32,0,0,30,0,30,0,11,51,0,62,50,0,50,112
05/14/2022,TXK,AR,ASW,CE,Federal Contract Tower,0,14,10,3,27,0,2,19,0,21,0,16,29,3,48,18,0,18,66
05/15/2022,TXK,AR,ASW,CE,Federal Contract Tower,0,22,22,0,44,0,4,25,0,29,0,26,47,0,73,20,0,20,93
05/16/2022,TXK,AR,ASW,CE,Federal Contract Tower,0,14,21,0,35,0,8,19,0,27,0,22,40,0,62,74,0,74,136
05/17/2022,TXK,AR,ASW,CE,Federal Contract Tower,0,13,22,0,35,0,11,25,0,36,0,24,47,0,71,64,0,64,135
05/18/2022,TXK,AR,ASW,CE,Federal Contract Tower,0,14,19,4,37,0,7,10,1,18,0,21,29,5,55,30,22,52,107
05/19/2022,TXK,AR,ASW,CE,Federal Contract Tower,0,11,15,0,26,0,5,4,0,9,0,16,19,0,35,18,0,18,53
05/20/2022,TXK,AR,ASW,CE,Federal Contract Tower,0,10,17,0,27,0,7,19,0,26,0,17,36,0,53,30,0,30,83
05/21/2022,TXK,AR,ASW,CE,Federal Contract Tower,0,7,12,0,19,0,2,5,0,7,0,9,17,0,26,16,0,16,42
05/22/2022,TXK,AR,ASW,CE,Federal Contract Tower,0,16,8,2,26,0,0,0,0,0,0,16,8,2,26,4,0,4,30
05/23/2022,TXK,AR,ASW,CE,Federal Contract Tower,0,11,7,6,24,0,10,5,0,15,0,21,12,6,39,24,2,26,65
05/24/2022,TXK,AR,ASW,CE,Federal Contract Tower,0,6,6,0,12,0,0,0,0,0,0,6,6,0,12,2,0,2,14
05/25/2022,TXK,AR,ASW,CE,Federal Contract Tower,0,17,13,2,32,0,6,10,0,16,0,23,23,2,48,32,0,32,80
05/26/2022,TXK,AR,ASW,CE,Federal Contract Tower,0,13,10,1,24,0,4,33,2,39,0,17,43,3,63,48,4,52,115
05/27/2022,TXK,AR,ASW,CE,Federal Contract Tower,0,13,15,0,28,0,3,18,0,21,0,16,33,0,49,40,0,40,89
05/28/2022,TXK,AR,ASW,CE,Federal Contract Tower,0,7,13,0,20,0,6,10,0,16,0,13,23,0,36,26,0,26,62
05/29/2022,TXK,AR,ASW,CE,Federal Contract Tower,0,9,5,0,14,0,12,12,0,24,0,21,17,0,38,26,0,26,64
05/30/2022,TXK,AR,ASW,CE,Federal Contract Tower,0,9,13,0,22,0,8,19,0,27,0,17,32,0,49,50,0,50,99
05/31/2022,TXK,AR,ASW,CE,Federal Contract Tower,0,12,24,5,41,0,6,20,0,26,0,18,44,5,67,52,0,52,119
06/01/2022,TXK,AR,ASW,CE,Federal Contract Tower,0,12,18,4,34,0,4,17,2,23,0,16,35,6,57,30,14,44,101
06/02/2022,TXK,AR,ASW,CE,Federal Contract Tower,0,10,13,0,23,0,1,8,0,9,0,11,21,0,32,10,0,10,42
06/03/2022,TXK,AR,ASW,CE,Federal Contract Tower,0,10,17,2,29,0,3,22,0,25,0,13,39,2,54,57,0,57,111
06/04/2022,TXK,AR,ASW,CE,Federal Contract Tower,0,12,16,0,28,0,6,18,0,24,0,18,34,0,52,30,0,30,82
06/05/2022,TXK,AR,ASW,CE,Federal Contract Tower,0,6,22,0,28,0,6,23,0,29,0,12,45,0,57,64,0,64,121
06/06/2022,TXK,AR,ASW,CE,Federal Contract Tower,0,10,22,0,32,0,8,8,0,16,0,18,30,0,48,30,0,30,78
06/07/2022,TXK,AR,ASW,CE,Federal Contract Tower,0,8,14,0,22,0,13,10,2,25,0,21,24,2,47,36,0,36,83
06/08/2022,TXK,AR,ASW,CE,Federal Contract Tower,0,17,17,0,34,0,5,6,0,11,0,22,23,0,45,22,0,22,67
06/09/2022,TXK,AR,ASW,CE,Federal Contract Tower,0,13,32,1,46,0,15,27,1,43,0,28,59,2,89,112,0,112,201
06/10/2022,TXK,AR,ASW,CE,Federal Contract Tower,0,12,11,2,25,0,8,5,0,13,0,20,16,2,38,24,4,28,66
06/11/2022,TXK,AR,ASW,CE,Federal Contract Tower,0,10,6,5,21,0,10,16,0,26,0,20,22,5,47,76,0,76,123
06/12/2022,TXK,AR,ASW,CE,Federal Contract Tower,0,9,18,0,27,0,8,22,0,30,0,17,40,0,57,50,0,50,107
06/13/2022,TXK,AR,ASW,CE,Federal Contract Tower,0,14,28,2,44,0,3,16,0,19,0,17,44,2,63,42,0,42,105
06/14/2022,TXK,AR,ASW,CE,Federal Contract Tower,0,14,23,0,37,0,10,19,0,29,0,24,42,0,66,38,0,38,104
06/15/2022,TXK,AR,ASW,CE,Federal Contract Tower,0,8,12,0,20,0,8,8,0,16,0,16,20,0,36,28,0,28,64
06/16/2022,TXK,AR,ASW,CE,Federal Contract Tower,0,9,27,2,38,0,6,32,1,39,0,15,59,3,77,74,10,84,161
06/17/2022,TXK,AR,ASW,CE,Federal Contract Tower,0,7,16,0,23,0,0,23,0,23,0,7,39,0,46,72,0,72,118
06/18/2022,TXK,AR,ASW,CE,Federal Contract Tower,0,6,14,0,20,0,9,8,0,17,0,15,22,0,37,10,0,10,47
06/19/2022,TXK,AR,ASW,CE,Federal Contract Tower,0,9,18,0,27,0,6,25,0,31,0,15,43,0,58,32,0,32,90
06/20/2022,TXK,AR,ASW,CE,Federal Contract Tower,0,13,25,2,40,0,1,5,0,6,0,14,30,2,46,10,2,12,58
06/21/2022,TXK,AR,ASW,CE,Federal Contract Tower,0,6,22,2,30,0,9,19,0,28,0,15,41,2,58,42,0,42,100
06/22/2022,TXK,AR,ASW,CE,Federal Contract Tower,0,7,21,0,28,0,6,19,0,25,0,13,40,0,53,52,0,52,105
06/23/2022,TXK,AR,ASW,CE,Federal Contract Tower,0,15,29,4,48,0,3,20,0,23,0,18,49,4,71,50,0,50,121
06/24/2022,TXK,AR,ASW,CE,Federal Contract Tower,0,19,26,12,57,0,9,16,0,25,0,28,42,12,82,68,18,86,168
06/25/2022,TXK,AR,ASW,CE,Federal Contract Tower,0,13,23,0,36,0,12,38,0,50,0,25,61,0,86,128,0,128,214
06/26/2022,TXK,AR,ASW,CE,Federal Contract Tower,0,8,17,2,27,0,0,5,0,5,0,8,22,2,32,10,4,14,46
06/27/2022,TXK,AR,ASW,CE,Federal Contract Tower,0,13,17,0,30,0,8,22,2,32,0,21,39,2,62,40,0,40,102
06/28/2022,TXK,AR,ASW,CE,Federal Contract Tower,0,7,37,0,44,0,4,41,2,47,0,11,78,2,91,104,0,104,195
06/29/2022,TXK,AR,ASW,CE,Federal Contract Tower,0,10,25,0,35,0,8,18,0,26,0,18,43,0,61,38,0,38,99
06/30/2022,TXK,AR,ASW,CE,Federal Contract Tower,0,12,23,0,35,0,10,17,0,27,0,22,40,0,62,44,0,44,106
07/01/2022,TXK,AR,ASW,CE,Federal Contract Tower,0,15,16,0,31,0,11,8,0,19,0,26,24,0,50,24,0,24,74
07/02/2022,TXK,AR,ASW,CE,Federal Contract Tower,0,14,4,0,18,0,6,4,0,10,0,20,8,0,28,15,0,15,43
07/03/2022,TXK,AR,ASW,CE,Federal Contract Tower,0,7,8,0,15,0,4,10,0,14,0,11,18,0,29,20,0,20,49
07/04/2022,TXK,AR,ASW,CE,Federal Contract Tower,0,9,8,0,17,0,8,13,0,21,0,17,21,0,38,22,0,22,60
07/05/2022,TXK,AR,ASW,CE,Federal Contract Tower,0,6,18,0,24,0,8,8,0,16,0,14,26,0,40,16,0,16,56
07/06/2022,TXK,AR,ASW,CE,Federal Contract Tower,0,7,14,3,24,0,12,9,0,21,0,19,23,3,45,18,4,22,67
07/07/2022,TXK,AR,ASW,CE,Federal Contract Tower,0,8,19,0,27,0,5,18,0,23,0,13,37,0,50,4,0,4,54
07/08/2022,TXK,AR,ASW,CE,Federal Contract Tower,0,9,13,1,23,0,5,19,0,24,0,14,32,1,47,34,0,34,81
07/09/2022,TXK,AR,ASW,CE,Federal Contract Tower,0,10,10,14,34,0,5,12,6,23,0,15,22,20,57,16,0,16,73
07/10/2022,TXK,AR,ASW,CE,Federal Contract Tower,0,9,14,3,26,0,8,25,1,34,0,17,39,4,60,52,10,62,122
07/11/2022,TXK,AR,ASW,CE,Federal Contract Tower,0,10,10,1,21,0,11,36,2,49,0,21,46,3,70,64,2,66,136
07/12/2022,TXK,AR,ASW,CE,Federal Contract Tower,0,10,18,0,28,0,5,26,16,47,0,15,44,16,75,58,0,58,133
07/13/2022,TXK,AR,ASW,CE,Federal Contract Tower,0,5,21,0,26,0,0,15,4,19,0,5,36,4,45,28,0,28,73
07/14/2022,TXK,AR,ASW,CE,Federal Contract Tower,0,13,23,1,37,0,0,13,8,21,0,13,36,9,58,42,2,44,102
07/15/2022,TXK,AR,ASW,CE,Federal Contract Tower,0,8,21,8,37,0,7,24,6,37,0,15,45,14,74,40,28,68,142
07/16/2022,TXK,AR,ASW,CE,Federal Contract Tower,0,8,9,4,21,0,9,12,1,22,0,17,21,5,43,24,8,32,75
07/17/2022,TXK,AR,ASW,CE,Federal Contract Tower,0,10,19,0,29,0,7,20,0,27,0,17,39,0,56,32,0,32,88
07/18/2022,TXK,AR,ASW,CE,Federal Contract Tower,0,17,19,0,36,0,9,23,2,34,0,26,42,2,70,62,0,62,132
07/19/2022,TXK,AR,ASW,CE,Federal Contract Tower,0,14,11,0,25,0,7,20,0,27,0,21,31,0,52,30,0,30,82
07/20/2022,TXK,AR,ASW,CE,Federal Contract Tower,0,9,26,0,35,0,4,21,0,25,0,13,47,0,60,46,0,46,106
07/21/2022,TXK,AR,ASW,CE,Federal Contract Tower,0,10,14,0,24,0,2,12,2,16,0,12,26,2,40,24,0,24,64
07/22/2022,TXK,AR,ASW,CE,Federal Contract Tower,0,11,13,2,26,0,6,19,3,28,0,17,32,5,54,34,8,42,96
07/23/2022,TXK,AR,ASW,CE,Federal Contract Tower,0,8,10,2,20,0,9,16,0,25,0,17,26,2,45,38,0,38,83
07/24/2022,TXK,AR,ASW,CE,Federal Contract Tower,0,10,25,2,37,0,3,20,0,23,0,13,45,2,60,14,0,14,74
07/25/2022,TXK,AR,ASW,CE,Federal Contract Tower,0,9,29,0,38,0,2,6,6,14,0,11,35,6,52,12,0,12,64
07/26/2022,TXK,AR,ASW,CE,Federal Contract Tower,0,7,18,0,25,0,1,16,2,19,0,8,34,2,44,18,0,18,62
07/27/2022,TXK,AR,ASW,CE,Federal Contract Tower,0,10,19,2,31,0,4,14,2,20,0,14,33,4,51,44,0,44,95
07/28/2022,TXK,AR,ASW,CE,Federal Contract Tower,0,11,12,2,25,0,9,22,2,33,0,20,34,4,58,34,16,50,108
07/29/2022,TXK,AR,ASW,CE,Federal Contract Tower,0,10,8,3,21,0,3,7,1,11,0,13,15,4,32,4,14,18,50
07/30/2022,TXK,AR,ASW,CE,Federal Contract Tower,0,6,11,0,17,0,3,4,0,7,0,9,15,0,24,22,0,22,46
07/31/2022,TXK,AR,ASW,CE,Federal Contract Tower,0,9,13,1,23,0,8,14,5,27,0,17,27,6,50,46,4,50,100
08/01/2022,TXK,AR,ASW,CE,Federal Contract Tower,0,16,10,4,30,0,5,14,0,19,0,21,24,4,49,26,4,30,79
08/02/2022,TXK,AR,ASW,CE,Federal Contract Tower,0,9,17,3,29,0,7,11,3,21,0,16,28,6,50,18,0,18,68
08/03/2022,TXK,AR,ASW,CE,Federal Contract Tower,0,11,11,3,25,0,4,11,0,15,0,15,22,3,40,26,4,30,70
08/04/2022,TXK,AR,ASW,CE,Federal Contract Tower,0,9,25,2,36,0,9,15,2,26,0,18,40,4,62,30,12,42,104
08/05/2022,TXK,AR,ASW,CE,Federal Contract Tower,0,7,15,9,31,0,5,15,0,20,0,12,30,9,51,22,8,30,81
08/06/2022,TXK,AR,ASW,CE,Federal Contract Tower,0,11,3,2,16,0,3,13,2,18,0,14,16,4,34,54,0,54,88
08/07/2022,TXK,AR,ASW,CE,Federal Contract Tower,0,10,13,8,31,0,2,21,5,28,0,12,34,13,59,42,14,56,115
08/08/2022,TXK,AR,ASW,CE,Federal Contract Tower,0,13,13,0,26,0,3,9,0,12,0,16,22,0,38,14,0,14,52
08/09/2022,TXK,AR,ASW,CE,Federal Contract Tower,0,12,10,0,22,0,0,1,0,1,0,12,11,0,23,8,0,8,31
08/10/2022,TXK,AR,ASW,CE,Federal Contract Tower,0,18,15,11,44,0,1,4,1,6,0,19,19,12,50,12,0,12,62
08/11/2022,TXK,AR,ASW,CE,Federal Contract Tower,0,9,19,0,28,0,0,10,0,10,0,9,29,0,38,8,0,8,46
08/12/2022,TXK,AR,ASW,CE,Federal Contract Tower,0,10,16,0,26,0,7,26,0,33,0,17,42,0,59,54,0,54,113
08/13/2022,TXK,AR,ASW,CE,Federal Contract Tower,0,8,22,7,37,0,9,18,0,27,0,17,40,7,64,22,4,26,90
08/14/2022,TXK,AR,ASW,CE,Federal Contract Tower,0,8,7,0,15,0,7,15,0,22,0,15,22,0,37,26,0,26,63
08/15/2022,TXK,AR,ASW,CE,Federal Contract Tower,0,7,25,4,36,0,4,8,1,13,0,11,33,5,49,12,4,16,65
08/16/2022,TXK,AR,ASW,CE,Federal Contract Tower,0,17,34,0,51,0,6,10,0,16,0,23,44,0,67,24,0,24,91
08/17/2022,TXK,AR,ASW,CE,Federal Contract Tower,0,13,22,0,35,0,2,6,0,8,0,15,28,0,43,2,0,2,45
08/18/2022,TXK,AR,ASW,CE,Federal Contract Tower,0,8,18,2,28,0,2,2,0,4,0,10,20,2,32,8,0,8,40
08/19/2022,TXK,AR,ASW,CE,Federal Contract Tower,0,16,28,0,44,0,10,14,0,24,0,26,42,0,68,62,0,62,130
08/20/2022,TXK,AR,ASW,CE,Federal Contract Tower,0,11,11,7,29,0,2,26,0,28,0,13,37,7,57,82,10,92,149
08/21/2022,TXK,AR,ASW,CE,Federal Contract Tower,0,11,7,0,18,0,0,0,0,0,0,11,7,0,18,0,0,0,18
08/22/2022,TXK,AR,ASW,CE,Federal Contract Tower,0,10,1,0,11,0,0,0,0,0,0,10,1,0,11,0,0,0,11
08/23/2022,TXK,AR,ASW,CE,Federal Contract Tower,0,13,15,0,28,0,0,0,0,0,0,13,15,0,28,4,0,4,32
08/24/2022,TXK,AR,ASW,CE,Federal Contract Tower,0,14,29,1,44,0,2,9,0,11,0,16,38,1,55,32,0,32,87
08/25/2022,TXK,AR,ASW,CE,Federal Contract Tower,0,9,20,1,30,0,5,18,2,25,0,14,38,3,55,46,0,46,101
08/26/2022,TXK,AR,ASW,CE,Federal Contract Tower,0,11,12,0,23,0,3,24,3,30,0,14,36,3,53,54,2,56,109
08/27/2022,TXK,AR,ASW,CE,Federal Contract Tower,0,9,8,0,17,0,4,5,0,9,0,13,13,0,26,10,0,10,36
08/28/2022,TXK,AR,ASW,CE,Federal Contract Tower,0,8,7,0,15,0,11,7,0,18,0,19,14,0,33,24,0,24,57
08/29/2022,TXK,AR,ASW,CE,Federal Contract Tower,0,11,18,0,29,0,3,15,0,18,0,14,33,0,47,22,0,22,69
08/30/2022,TXK,AR,ASW,CE,Federal Contract Tower,0,11,17,2,30,0,2,24,0,26,0,13,41,2,56,30,10,40,96
08/31/2022,TXK,AR,ASW,CE,Federal Contract Tower,5,13,20,2,40,0,5,43,4,52,5,18,63,6,92,36,10,46,138
09/01/2022,TXK,AR,ASW,CE,Federal Contract Tower,0,9,25,2,36,0,2,20,0,22,0,11,45,2,58,62,0,62,120
09/02/2022,TXK,AR,ASW,CE,Federal Contract Tower,0,9,17,0,26,0,0,18,0,18,0,9,35,0,44,36,0,36,80
09/03/2022,TXK,AR,ASW,CE,Federal Contract Tower,0,5,12,0,17,0,6,10,0,16,0,11,22,0,33,4,0,4,37
09/04/2022,TXK,AR,ASW,CE,Federal Contract Tower,2,4,9,0,15,0,0,13,0,13,2,4,22,0,28,8,0,8,36
09/05/2022,TXK,AR,ASW,CE,Federal Contract Tower,0,8,5,0,13,0,1,12,0,13,0,9,17,0,26,10,0,10,36
09/06/2022,TXK,AR,ASW,CE,Federal Contract Tower,0,5,13,3,21,0,2,12,0,14,0,7,25,3,35,2,0,2,37
09/07/2022,TXK,AR,ASW,CE,Federal Contract Tower,0,10,26,0,36,0,2,22,0,24,0,12,48,0,60,20,0,20,80
09/08/2022,TXK,AR,ASW,CE,Federal Contract Tower,0,7,21,4,32,0,1,26,3,30,0,8,47,7,62,38,0,38,100
09/09/2022,TXK,AR,ASW,CE,Federal Contract Tower,0,5,20,2,27,0,10,25,0,35,0,15,45,2,62,52,4,56,118
09/10/2022,TXK,AR,ASW,CE,Federal Contract Tower,0,11,11,8,30,0,3,10,2,15,0,14,21,10,45,14,6,20,65
09/11/2022,TXK,AR,ASW,CE,Federal Contract Tower,0,6,30,4,40,0,12,25,1,38,0,18,55,5,78,52,2,54,132
09/12/2022,TXK,AR,ASW,CE,Federal Contract Tower,0,11,26,7,44,0,5,30,1,36,0,16,56,8,80,36,14,50,130
09/13/2022,TXK,AR,ASW,CE,Federal Contract Tower,0,12,17,3,32,0,11,29,0,40,0,23,46,3,72,48,0,48,120
09/14/2022,TXK,AR,ASW,CE,Federal Contract Tower,0,8,20,0,28,0,7,23,0,30,0,15,43,0,58,21,0,21,79
09/15/2022,TXK,AR,ASW,CE,Federal Contract Tower,0,11,12,4,27,0,8,17,2,27,0,19,29,6,54,42,14,56,110
09/16/2022,TXK,AR,ASW,CE,Federal Contract Tower,0,12,24,0,36,0,0,13,2,15,0,12,37,2,51,44,0,44,95
09/17/2022,TXK,AR,ASW,CE,Federal Contract Tower,0,12,20,0,32,0,11,24,0,35,0,23,44,0,67,26,0,26,93
09/18/2022,TXK,AR,ASW,CE,Federal Contract Tower,0,14,32,0,46,0,6,15,0,21,0,20,47,0,67,24,0,24,91
09/19/2022,TXK,AR,ASW,CE,Federal Contract Tower,0,8,12,0,20,0,13,12,0,25,0,21,24,0,45,12,0,12,57
09/20/2022,TXK,AR,ASW,CE,Federal Contract Tower,0,11,16,0,27,0,10,5,0,15,0,21,21,0,42,12,0,12,54
09/21/2022,TXK,AR,ASW,CE,Federal Contract Tower,0,11,34,4,49,0,5,23,0,28,0,16,57,4,77,32,4,36,113
09/22/2022,TXK,AR,ASW,CE,Federal Contract Tower,0,9,20,0,29,0,12,14,0,26,0,21,34,0,55,24,0,24,79
09/23/2022,TXK,AR,ASW,CE,Federal Contract Tower,0,7,34,4,45,0,9,39,2,50,0,16,73,6,95,72,6,78,173
09/24/2022,TXK,AR,ASW,CE,Federal Contract Tower,0,6,30,0,36,0,7,15,0,22,0,13,45,0,58,18,0,18,76
09/25/2022,TXK,AR,ASW,CE,Federal Contract Tower,0,9,15,13,37,0,3,15,2,20,0,12,30,15,57,16,10,26,83
09/26/2022,TXK,AR,ASW,CE,Federal Contract Tower,0,9,11,2,22,0,1,12,1,14,0,10,23,3,36,6,0,6,42
09/27/2022,TXK,AR,ASW,CE,Federal Contract Tower,0,12,16,0,28,0,4,19,0,23,0,16,35,0,51,28,0,28,79
09/28/2022,TXK,AR,ASW,CE,Federal Contract Tower,0,8,20,0,28,0,4,21,0,25,0,12,41,0,53,66,0,66,119
09/29/2022,TXK,AR,ASW,CE,Federal Contract Tower,0,16,11,2,29,0,7,11,0,18,0,23,22,2,47,38,2,40,87
09/30/2022,TXK,AR,ASW,CE,Federal Contract Tower,0,10,30,0,40,0,6,19,0,25,0,16,49,0,65,38,0,38,103
10/01/2022,TXK,AR,ASW,CE,Federal Contract Tower,0,8,30,0,38,0,14,20,2,36,0,22,50,2,74,114,0,114,188
10/02/2022,TXK,AR,ASW,CE,Federal Contract Tower,0,9,30,0,39,0,7,17,1,25,0,16,47,1,64,54,0,54,118
10/03/2022,TXK,AR,ASW,CE,Federal Contract Tower,0,11,11,3,25,0,9,10,0,19,0,20,21,3,44,28,0,28,72
10/04/2022,TXK,AR,ASW,CE,Federal Contract Tower,0,12,16,1,29,0,13,23,0,36,0,25,39,1,65,28,2,30,95
10/05/2022,TXK,AR,ASW,CE,Federal Contract Tower,0,11,22,0,33,0,11,26,0,37,0,22,48,0,70,50,0,50,120
10/06/2022,TXK,AR,ASW,CE,Federal Contract Tower,0,13,19,0,32,0,8,21,3,32,0,21,40,3,64,24,0,24,88
10/07/2022,TXK,AR,ASW,CE,Federal Contract Tower,0,12,12,4,28,0,3,23,1,27,0,15,35,5,55,50,0,50,105
10/08/2022,TXK,AR,ASW,CE,Federal Contract Tower,0,7,14,2,23,0,5,17,0,22,0,12,31,2,45,10,0,10,55
10/09/2022,TXK,AR,ASW,CE,Federal Contract Tower,0,8,11,2,21,0,6,24,0,30,0,14,35,2,51,36,0,36,87
10/10/2022,TXK,AR,ASW,CE,Federal Contract Tower,0,8,13,0,21,0,3,23,0,26,0,11,36,0,47,38,0,38,85
10/11/2022,TXK,AR,ASW,CE,Federal Contract Tower,0,13,22,2,37,0,6,23,0,29,0,19,45,2,66,20,6,26,92
10/12/2022,TXK,AR,ASW,CE,Federal Contract Tower,3,11,23,2,39,0,2,15,0,17,3,13,38,2,56,50,0,50,106
10/13/2022,TXK,AR,ASW,CE,Federal Contract Tower,3,10,25,1,39,0,7,18,5,30,3,17,43,6,69,36,4,40,109
10/14/2022,TXK,AR,ASW,CE,Federal Contract Tower,3,11,26,4,44,0,18,25,0,43,3,29,51,4,87,34,0,34,121
10/15/2022,TXK,AR,ASW,CE,Federal Contract Tower,3,8,6,2,19,0,8,5,0,13,3,16,11,2,32,6,0,6,38
10/16/2022,TXK,AR,ASW,CE,Federal Contract Tower,4,4,8,0,16,0,2,7,0,9,4,6,15,0,25,10,0,10,35
10/17/2022,TXK,AR,ASW,CE,Federal Contract Tower,3,8,16,2,29,0,12,11,2,25,3,20,27,4,54,36,0,36,90
10/18/2022,TXK,AR,ASW,CE,Federal Contract Tower,3,3,23,0,29,0,0,21,0,21,3,3,44,0,50,18,0,18,68
10/19/2022,TXK,AR,ASW,CE,Federal Contract Tower,3,8,30,0,41,0,6,20,0,26,3,14,50,0,67,48,0,48,115
10/20/2022,TXK,AR,ASW,CE,Federal Contract Tower,3,5,18,0,26,0,3,26,0,29,3,8,44,0,55,30,0,30,85
10/21/2022,TXK,AR,ASW,CE,Federal Contract Tower,1,12,18,2,33,0,7,34,0,41,1,19,52,2,74,60,0,60,134
10/22/2022,TXK,AR,ASW,CE,Federal Contract Tower,3,4,9,4,20,0,5,8,0,13,3,9,17,4,33,8,8,16,49
10/23/2022,TXK,AR,ASW,CE,Federal Contract Tower,3,3,16,0,22,0,7,23,0,30,3,10,39,0,52,14,0,14,66
10/24/2022,TXK,AR,ASW,CE,Federal Contract Tower,2,7,7,0,16,0,4,5,0,9,2,11,12,0,25,14,0,14,39
10/25/2022,TXK,AR,ASW,CE,Federal Contract Tower,1,7,9,0,17,0,11,16,0,27,1,18,25,0,44,38,0,38,82
10/26/2022,TXK,AR,ASW,CE,Federal Contract Tower,1,14,14,0,29,0,13,40,0,53,1,27,54,0,82,68,0,68,150
10/27/2022,TXK,AR,ASW,CE,Federal Contract Tower,3,7,26,3,39,0,5,24,0,29,3,12,50,3,68,66,6,72,140
10/28/2022,TXK,AR,ASW,CE,Federal Contract Tower,4,6,12,0,22,0,1,9,0,10,4,7,21,0,32,22,0,22,54
10/29/2022,TXK,AR,ASW,CE,Federal Contract Tower,2,10,18,0,30,0,0,0,0,0,2,10,18,0,30,4,0,4,34
10/30/2022,TXK,AR,ASW,CE,Federal Contract Tower,3,4,19,0,26,0,4,4,2,10,3,8,23,2,36,4,0,4,40
10/31/2022,TXK,AR,ASW,CE,Federal Contract Tower,2,6,20,0,28,0,1,27,0,28,2,7,47,0,56,18,0,18,74
11/01/2022,TXK,AR,ASW,CE,Federal Contract Tower,3,3,30,0,36,0,2,28,2,32,3,5,58,2,68,36,0,36,104
11/02/2022,TXK,AR,ASW,CE,Federal Contract Tower,4,5,14,2,25,0,1,27,0,28,4,6,41,2,53,18,0,18,71
11/03/2022,TXK,AR,ASW,CE,Federal Contract Tower,3,4,19,4,30,0,1,27,2,30,3,5,46,6,60,46,0,46,106
11/04/2022,TXK,AR,ASW,CE,Federal Contract Tower,1,5,13,0,19,0,0,6,0,6,1,5,19,0,25,6,0,6,31
11/05/2022,TXK,AR,ASW,CE,Federal Contract Tower,3,2,16,0,21,0,6,22,0,28,3,8,38,0,49,40,0,40,89
11/06/2022,TXK,AR,ASW,CE,Federal Contract Tower,3,4,15,0,22,0,7,17,0,24,3,11,32,0,46,12,0,12,58
11/07/2022,TXK,AR,ASW,CE,Federal Contract Tower,4,7,17,2,30,0,0,0,0,0,4,7,17,2,30,6,0,6,36
11/08/2022,TXK,AR,ASW,CE,Federal Contract Tower,3,5,21,0,29,0,0,0,0,0,3,5,21,0,29,4,0,4,33
11/09/2022,TXK,AR,ASW,CE,Federal Contract Tower,3,6,20,0,29,0,4,18,2,24,3,10,38,2,53,60,0,60,113
11/10/2022,TXK,AR,ASW,CE,Federal Contract Tower,3,4,30,0,37,0,11,41,0,52,3,15,71,0,89,48,0,48,137
11/11/2022,TXK,AR,ASW,CE,Federal Contract Tower,3,5,14,0,22,0,0,2,0,2,3,5,16,0,24,0,0,0,24
11/12/2022,TXK,AR,ASW,CE,Federal Contract Tower,3,10,20,0,33,0,8,11,0,19,3,18,31,0,52,14,0,14,66
11/13/2022,TXK,AR,ASW,CE,Federal Contract Tower,3,7,25,0,35,0,7,15,0,22,3,14,40,0,57,16,0,16,73
11/14/2022,TXK,AR,ASW,CE,Federal Contract Tower,2,4,6,3,15,0,0,3,0,3,2,4,9,3,18,2,0,2,20
11/15/2022,TXK,AR,ASW,CE,Federal Contract Tower,2,4,11,1,18,0,3,3,1,7,2,7,14,2,25,8,0,8,33
11/16/2022,TXK,AR,ASW,CE,Federal Contract Tower,3,4,15,2,24,0,5,20,0,25,3,9,35,2,49,18,0,18,67
11/17/2022,TXK,AR,ASW,CE,Federal Contract Tower,3,6,19,1,29,0,6,17,1,24,3,12,36,2,53,10,0,10,63
11/18/2022,TXK,AR,ASW,CE,Federal Contract Tower,3,2,17,0,22,0,5,14,0,19,3,7,31,0,41,0,0,0,41
11/19/2022,TXK,AR,ASW,CE,Federal Contract Tower,3,6,15,0,24,0,6,19,0,25,3,12,34,0,49,24,0,24,73
11/20/2022,TXK,AR,ASW,CE,Federal Contract Tower,3,4,8,0,15,0,2,18,0,20,3,6,26,0,35,28,0,28,63
11/21/2022,TXK,AR,ASW,CE,Federal Contract Tower,3,5,25,0,33,0,4,23,0,27,3,9,48,0,60,20,0,20,80
11/22/2022,TXK,AR,ASW,CE,Federal Contract Tower,3,16,18,0,37,0,7,16,0,23,3,23,34,0,60,22,0,22,82
11/23/2022,TXK,AR,ASW,CE,Federal Contract Tower,3,5,25,0,33,0,3,9,0,12,3,8,34,0,45,22,0,22,67
11/24/2022,TXK,AR,ASW,CE,Federal Contract Tower,1,3,3,0,7,0,0,0,0,0,1,3,3,0,7,2,0,2,9
11/25/2022,TXK,AR,ASW,CE,Federal Contract Tower,3,6,11,0,20,0,2,0,0,2,3,8,11,0,22,2,0,2,24
11/26/2022,TXK,AR,ASW,CE,Federal Contract Tower,3,8,4,0,15,0,0,0,0,0,3,8,4,0,15,6,0,6,21
11/27/2022,TXK,AR,ASW,CE,Federal Contract Tower,3,5,12,0,20,0,12,16,0,28,3,17,28,0,48,26,0,26,74
11/28/2022,TXK,AR,ASW,CE,Federal Contract Tower,3,7,18,11,39,0,7,20,0,27,3,14,38,11,66,18,0,18,84
11/29/2022,TXK,AR,ASW,CE,Federal Contract Tower,3,8,9,7,27,0,5,5,0,10,3,13,14,7,37,14,0,14,51
11/30/2022,TXK,AR,ASW,CE,Federal Contract Tower,5,3,35,4,47,0,3,25,4,32,5,6,60,8,79,60,0,60,139
12/01/2022,TXK,AR,ASW,CE,Federal Contract Tower,6,1,31,4,42,0,5,11,2,18,6,6,42,6,60,36,32,68,128
12/02/2022,TXK,AR,ASW,CE,Federal Contract Tower,6,6,15,0,27,0,0,5,0,5,6,6,20,0,32,10,0,10,42
12/03/2022,TXK,AR,ASW,CE,Federal Contract Tower,5,1,16,2,24,0,5,15,8,28,5,6,31,10,52,8,0,8,60
12/04/2022,TXK,AR,ASW,CE,Federal Contract Tower,5,8,17,0,30,0,4,3,0,7,5,12,20,0,37,32,0,32,69
12/05/2022,TXK,AR,ASW,CE,Federal Contract Tower,5,2,10,0,17,0,0,1,0,1,5,2,11,0,18,0,0,0,18
12/06/2022,TXK,AR,ASW,CE,Federal Contract Tower,4,5,18,8,35,0,0,14,6,20,4,5,32,14,55,16,26,42,97
12/07/2022,TXK,AR,ASW,CE,Federal Contract Tower,6,6,19,0,31,0,0,2,0,2,6,6,21,0,33,6,0,6,39
12/08/2022,TXK,AR,ASW,CE,Federal Contract Tower,5,7,17,0,29,0,0,1,0,1,5,7,18,0,30,8,0,8,38
12/09/2022,TXK,AR,ASW,CE,Federal Contract Tower,5,2,8,0,15,0,0,0,0,0,5,2,8,0,15,0,0,0,15
12/10/2022,TXK,AR,ASW,CE,Federal Contract Tower,5,3,7,0,15,0,0,2,0,2,5,3,9,0,17,4,0,4,21
12/11/2022,TXK,AR,ASW,CE,Federal Contract Tower,5,9,14,0,28,0,0,0,0,0,5,9,14,0,28,0,0,0,28
12/12/2022,TXK,AR,ASW,CE,Federal Contract Tower,7,0,7,0,14,0,0,0,0,0,7,0,7,0,14,4,0,4,18
12/13/2022,TXK,AR,ASW,CE,Federal Contract Tower,3,1,5,0,9,0,0,0,0,0,3,1,5,0,9,0,0,0,9
12/14/2022,TXK,AR,ASW,CE,Federal Contract Tower,5,7,11,4,27,0,5,20,2,27,5,12,31,6,54,26,10,36,90
12/15/2022,TXK,AR,ASW,CE,Federal Contract Tower,5,1,24,4,34,0,9,19,6,34,5,10,43,10,68,38,10,48,116
12/16/2022,TXK,AR,ASW,CE,Federal Contract Tower,5,4,23,2,34,0,2,16,1,19,5,6,39,3,53,26,30,56,109
12/17/2022,TXK,AR,ASW,CE,Federal Contract Tower,5,3,11,0,19,0,8,14,6,28,5,11,25,6,47,2,0,2,49
12/18/2022,TXK,AR,ASW,CE,Federal Contract Tower,5,0,18,0,23,0,4,13,0,17,5,4,31,0,40,20,0,20,60
12/19/2022,TXK,AR,ASW,CE,Federal Contract Tower,6,1,6,2,15,0,2,7,0,9,6,3,13,2,24,0,0,0,24
12/20/2022,TXK,AR,ASW,CE,Federal Contract Tower,5,3,18,0,26,0,12,21,0,33,5,15,39,0,59,40,0,40,99
12/21/2022,TXK,AR,ASW,CE,Federal Contract Tower,5,2,17,4,28,0,6,29,4,39,5,8,46,8,67,32,30,62,129
12/22/2022,TXK,AR,ASW,CE,Federal Contract Tower,4,2,12,0,18,0,0,0,0,0,4,2,12,0,18,2,0,2,20
12/23/2022,TXK,AR,ASW,CE,Federal Contract Tower,5,1,13,0,19,0,6,10,0,16,5,7,23,0,35,12,0,12,47
12/24/2022,TXK,AR,ASW,CE,Federal Contract Tower,6,4,14,0,24,0,13,11,0,24,6,17,25,0,48,20,0,20,68
12/25/2022,TXK,AR,ASW,CE,Federal Contract Tower,2,0,11,0,13,0,16,12,0,28,2,16,23,0,41,16,0,16,57
12/26/2022,TXK,AR,ASW,CE,Federal Contract Tower,4,2,11,0,17,0,8,34,0,42,4,10,45,0,59,10,0,10,69
12/27/2022,TXK,AR,ASW,CE,Federal Contract Tower,5,4,13,3,25,0,0,19,0,19,5,4,32,3,44,8,0,8,52
12/28/2022,TXK,AR,ASW,CE,Federal Contract Tower,5,0,22,0,27,0,3,17,0,20,5,3,39,0,47,14,0,14,61
12/29/2022,TXK,AR,ASW,CE,Federal Contract Tower,5,5,17,0,27,0,0,0,0,0,5,5,17,0,27,8,0,8,35
12/30/2022,TXK,AR,ASW,CE,Federal Contract Tower,5,5,18,0,28,0,4,9,0,13,5,9,27,0,41,0,0,0,41
12/31/2022,TXK,AR,ASW,CE,Federal Contract Tower,6,5,11,0,22,0,4,17,2,23,6,9,28,2,45,10,6,16,61
01/01/2023,TXK,AR,ASW,CE,Federal Contract Tower,3,3,21,0,27,0,9,15,0,24,3,12,36,0,51,10,0,10,61
01/02/2023,TXK,AR,ASW,CE,Federal Contract Tower,4,2,10,0,16,0,0,0,0,0,4,2,10,0,16,2,0,2,18
01/03/2023,TXK,AR,ASW,CE,Federal Contract Tower,5,0,16,2,23,0,9,24,0,33,5,9,40,2,56,80,0,80,136
01/04/2023,TXK,AR,ASW,CE,Federal Contract Tower,5,2,21,5,33,0,9,28,0,37,5,11,49,5,70,44,8,52,122
01/05/2023,TXK,AR,ASW,CE,Federal Contract Tower,5,0,11,1,17,0,4,18,0,22,5,4,29,1,39,26,0,26,65
01/06/2023,TXK,AR,ASW,CE,Federal Contract Tower,5,5,16,1,27,0,3,13,0,16,5,8,29,1,43,4,2,6,49
01/07/2023,TXK,AR,ASW,CE,Federal Contract Tower,5,1,10,0,16,0,9,12,0,21,5,10,22,0,37,16,0,16,53
01/08/2023,TXK,AR,ASW,CE,Federal Contract Tower,5,4,16,1,26,0,9,19,4,32,5,13,35,5,58,28,10,38,96
01/09/2023,TXK,AR,ASW,CE,Federal Contract Tower,5,3,13,0,21,0,4,16,0,20,5,7,29,0,41,12,0,12,53
01/10/2023,TXK,AR,ASW,CE,Federal Contract Tower,6,3,12,1,22,0,0,25,2,27,6,3,37,3,49,24,0,24,73
01/11/2023,TXK,AR,ASW,CE,Federal Contract Tower,6,7,26,0,39,0,4,20,0,24,6,11,46,0,63,26,0,26,89
01/12/2023,TXK,AR,ASW,CE,Federal Contract Tower,5,4,8,1,18,0,8,3,0,11,5,12,11,1,29,10,0,10,39
01/13/2023,TXK,AR,ASW,CE,Federal Contract Tower,5,0,33,0,38,0,10,20,2,32,5,10,53,2,70,38,0,38,108
01/14/2023,TXK,AR,ASW,CE,Federal Contract Tower,4,1,23,0,28,0,1,26,0,27,4,2,49,0,55,34,0,34,89
01/15/2023,TXK,AR,ASW,CE,Federal Contract Tower,3,4,14,2,23,0,4,12,0,16,3,8,26,2,39,20,0,20,59
01/16/2023,TXK,AR,ASW,CE,Federal Contract Tower,6,0,21,0,27,0,0,10,0,10,6,0,31,0,37,6,0,6,43
01/17/2023,TXK,AR,ASW,CE,Federal Contract Tower,6,1,14,2,23,0,8,13,0,21,6,9,27,2,44,56,0,56,100
01/18/2023,TXK,AR,ASW,CE,Federal Contract Tower,6,8,9,3,26,0,2,2,0,4,6,10,11,3,30,6,6,12,42
01/19/2023,TXK,AR,ASW,CE,Federal Contract Tower,5,2,18,2,27,0,8,12,0,20,5,10,30,2,47,20,0,20,67
01/20/2023,TXK,AR,ASW,CE,Federal Contract Tower,5,2,21,4,32,0,14,13,0,27,5,16,34,4,59,44,10,54,113
01/21/2023,TXK,AR,ASW,CE,Federal Contract Tower,6,2,13,16,37,0,7,6,6,19,6,9,19,22,56,32,56,88,144
01/22/2023,TXK,AR,ASW,CE,Federal Contract Tower,6,2,9,0,17,0,3,3,0,6,6,5,12,0,23,8,0,8,31
01/23/2023,TXK,AR,ASW,CE,Federal Contract Tower,5,3,21,0,29,0,4,16,0,20,5,7,37,0,49,30,0,30,79
01/24/2023,TXK,AR,ASW,CE,Federal Contract Tower,4,2,2,3,11,0,0,0,0,0,4,2,2,3,11,2,2,4,15
01/25/2023,TXK,AR,ASW,CE,Federal Contract Tower,6,2,10,10,28,0,8,8,6,22,6,10,18,16,50,24,10,34,84
01/26/2023,TXK,AR,ASW,CE,Federal Contract Tower,5,5,14,0,24,0,7,10,0,17,5,12,24,0,41,34,0,34,75
01/27/2023,TXK,AR,ASW,CE,Federal Contract Tower,5,1,20,0,26,0,2,25,0,27,5,3,45,0,53,20,0,20,73
01/28/2023,TXK,AR,ASW,CE,Federal Contract Tower,6,3,6,0,15,0,0,0,0,0,6,3,6,0,15,0,0,0,15
01/29/2023,TXK,AR,ASW,CE,Federal Contract Tower,5,2,19,0,26,0,0,0,0,0,5,2,19,0,26,0,0,0,26
01/30/2023,TXK,AR,ASW,CE,Federal Contract Tower,6,0,11,0,17,0,0,0,0,0,6,0,11,0,17,0,0,0,17
01/31/2023,TXK,AR,ASW,CE,Federal Contract Tower,1,2,5,0,8,0,0,0,0,0,1,2,5,0,8,0,0,0,8
02/01/2023,TXK,AR,ASW,CE,Federal Contract Tower,0,3,1,0,4,0,0,0,0,0,0,3,1,0,4,0,0,0,4
02/02/2023,TXK,AR,ASW,CE,Federal Contract Tower,3,2,6,0,11,0,0,0,0,0,3,2,6,0,11,0,0,0,11
02/03/2023,TXK,AR,ASW,CE,Federal Contract Tower,5,0,13,0,18,0,17,19,0,36,5,17,32,0,54,48,0,48,102
02/04/2023,TXK,AR,ASW,CE,Federal Contract Tower,5,0,22,0,27,0,6,16,0,22,5,6,38,0,49,24,0,24,73
02/05/2023,TXK,AR,ASW,CE,Federal Contract Tower,6,3,21,4,34,0,14,17,0,31,6,17,38,4,65,30,6,36,101
02/06/2023,TXK,AR,ASW,CE,Federal Contract Tower,5,1,16,0,22,0,6,8,1,15,5,7,24,1,37,14,0,14,51
02/07/2023,TXK,AR,ASW,CE,Federal Contract Tower,3,2,16,4,25,0,4,15,9,28,3,6,31,13,53,12,56,68,121
02/08/2023,TXK,AR,ASW,CE,Federal Contract Tower,5,2,5,0,12,0,0,0,0,0,5,2,5,0,12,4,0,4,16
02/09/2023,TXK,AR,ASW,CE,Federal Contract Tower,5,4,28,1,38,0,6,18,9,33,5,10,46,10,71,28,0,28,99
02/10/2023,TXK,AR,ASW,CE,Federal Contract Tower,6,3,16,0,25,0,0,1,0,1,6,3,17,0,26,0,0,0,26
02/11/2023,TXK,AR,ASW,CE,Federal Contract Tower,5,6,20,3,34,0,10,19,5,34,5,16,39,8,68,24,2,26,94
02/12/2023,TXK,AR,ASW,CE,Federal Contract Tower,5,2,22,1,30,0,0,16,9,25,5,2,38,10,55,32,0,32,87
02/13/2023,TXK,AR,ASW,CE,Federal Contract Tower,5,2,25,3,35,0,4,39,0,43,5,6,64,3,78,32,0,32,110
02/14/2023,TXK,AR,ASW,CE,Federal Contract Tower,4,2,20,3,29,0,2,3,0,5,4,4,23,3,34,18,2,20,54
02/15/2023,TXK,AR,ASW,CE,Federal Contract Tower,4,6,20,3,33,0,4,13,2,19,4,10,33,5,52,16,2,18,70
02/16/2023,TXK,AR,ASW,CE,Federal Contract Tower,5,10,20,3,38,0,10,11,2,23,5,20,31,5,61,18,2,20,81
02/17/2023,TXK,AR,ASW,CE,Federal Contract Tower,5,5,21,0,31,0,6,32,0,38,5,11,53,0,69,86,0,86,155
02/18/2023,TXK,AR,ASW,CE,Federal Contract Tower,4,1,20,0,25,0,3,24,0,27,4,4,44,0,52,16,0,16,68
02/19/2023,TXK,AR,ASW,CE,Federal Contract Tower,5,3,22,0,30,0,12,19,0,31,5,15,41,0,61,38,0,38,99
02/20/2023,TXK,AR,ASW,CE,Federal Contract Tower,5,8,24,5,42,0,4,26,0,30,5,12,50,5,72,38,6,44,116
02/21/2023,TXK,AR,ASW,CE,Federal Contract Tower,5,7,25,4,41,0,6,15,13,34,5,13,40,17,75,14,58,72,147
02/22/2023,TXK,AR,ASW,CE,Federal Contract Tower,5,1,10,0,16,0,6,3,4,13,5,7,13,4,29,10,0,10,39
02/23/2023,TXK,AR,ASW,CE,Federal Contract Tower,5,5,24,2,36,0,2,10,0,12,5,7,34,2,48,42,4,46,94
02/24/2023,TXK,AR,ASW,CE,Federal Contract Tower,6,7,13,2,28,0,0,1,0,1,6,7,14,2,29,6,0,6,35
02/25/2023,TXK,AR,ASW,CE,Federal Contract Tower,6,4,13,0,23,0,0,0,0,0,6,4,13,0,23,2,0,2,25
02/26/2023,TXK,AR,ASW,CE,Federal Contract Tower,5,2,6,0,13,0,0,2,0,2,5,2,8,0,15,0,0,0,15
02/27/2023,TXK,AR,ASW,CE,Federal Contract Tower,5,11,6,5,27,0,11,18,0,29,5,22,24,5,56,68,6,74,130
02/28/2023,TXK,AR,ASW,CE,Federal Contract Tower,5,6,34,0,45,0,7,38,0,45,5,13,72,0,90,36,0,36,126
03/01/2023,TXK,AR,ASW,CE,Federal Contract Tower,4,2,5,1,12,0,1,11,0,12,4,3,16,1,24,25,0,25,49
03/02/2023,TXK,AR,ASW,CE,Federal Contract Tower,4,1,4,0,9,0,1,0,0,1,4,2,4,0,10,2,0,2,12
03/03/2023,TXK,AR,ASW,CE,Federal Contract Tower,5,8,5,5,23,0,1,12,1,14,5,9,17,6,37,6,4,10,47
03/04/2023,TXK,AR,ASW,CE,Federal Contract Tower,6,1,13,4,24,0,9,29,1,39,6,10,42,5,63,30,0,30,93
03/05/2023,TXK,AR,ASW,CE,Federal Contract Tower,6,8,27,6,47,0,12,19,1,32,6,20,46,7,79,16,8,24,103
03/06/2023,TXK,AR,ASW,CE,Federal Contract Tower,6,4,22,0,32,0,13,20,0,33,6,17,42,0,65,36,0,36,101
03/07/2023,TXK,AR,ASW,CE,Federal Contract Tower,4,8,22,0,34,0,4,22,0,26,4,12,44,0,60,92,0,92,152
03/08/2023,TXK,AR,ASW,CE,Federal Contract Tower,4,5,18,0,27,0,0,0,0,0,4,5,18,0,27,6,0,6,33
03/09/2023,TXK,AR,ASW,CE,Federal Contract Tower,5,5,7,0,17,0,0,10,0,10,5,5,17,0,27,14,0,14,41
03/10/2023,TXK,AR,ASW,CE,Federal Contract Tower,5,3,27,4,39,0,11,14,2,27,5,14,41,6,66,20,20,40,106
03/11/2023,TXK,AR,ASW,CE,Federal Contract Tower,5,1,15,0,21,0,2,4,0,6,5,3,19,0,27,2,0,2,29
03/12/2023,TXK,AR,ASW,CE,Federal Contract Tower,5,2,15,5,27,0,8,12,3,23,5,10,27,8,50,18,8,26,76
03/13/2023,TXK,AR,ASW,CE,Federal Contract Tower,5,6,23,0,34,0,6,21,0,27,5,12,44,0,61,14,0,14,75
03/14/2023,TXK,AR,ASW,CE,Federal Contract Tower,4,1,18,0,23,0,7,55,2,64,4,8,73,2,87,34,0,34,121
03/15/2023,TXK,AR,ASW,CE,Federal Contract Tower,4,0,31,3,38,0,5,25,2,32,4,5,56,5,70,42,6,48,118
03/16/2023,TXK,AR,ASW,CE,Federal Contract Tower,3,0,14,0,17,0,0,0,0,0,3,0,14,0,17,2,0,2,19
03/17/2023,TXK,AR,ASW,CE,Federal Contract Tower,5,0,14,0,19,0,10,14,0,24,5,10,28,0,43,30,0,30,73
03/18/2023,TXK,AR,ASW,CE,Federal Contract Tower,5,1,17,3,26,0,6,32,0,38,5,7,49,3,64,14,0,14,78
03/19/2023,TXK,AR,ASW,CE,Federal Contract Tower,5,2,20,0,27,0,10,11,0,21,5,12,31,0,48,18,0,18,66
03/20/2023,TXK,AR,ASW,CE,Federal Contract Tower,5,4,9,0,18,0,8,8,0,16,5,12,17,0,34,17,0,17,51
03/21/2023,TXK,AR,ASW,CE,Federal Contract Tower,4,9,12,0,25,0,2,9,0,11,4,11,21,0,36,29,0,29,65
03/22/2023,TXK,AR,ASW,CE,Federal Contract Tower,4,4,16,0,24,0,11,4,4,19,4,15,20,4,43,28,10,38,81
03/23/2023,TXK,AR,ASW,CE,Federal Contract Tower,5,5,13,0,23,0,4,12,0,16,5,9,25,0,39,6,0,6,45
03/24/2023,TXK,AR,ASW,CE,Federal Contract Tower,4,4,4,2,14,0,0,3,0,3,4,4,7,2,17,3,0,3,20
03/25/2023,TXK,AR,ASW,CE,Federal Contract Tower,5,2,18,2,27,0,6,28,0,34,5,8,46,2,61,21,0,21,82
03/26/2023,TXK,AR,ASW,CE,Federal Contract Tower,5,3,16,0,24,0,3,40,0,43,5,6,56,0,67,47,0,47,114
03/27/2023,TXK,AR,ASW,CE,Federal Contract Tower,5,3,30,0,38,0,3,26,0,29,5,6,56,0,67,22,0,22,89
03/28/2023,TXK,AR,ASW,CE,Federal Contract Tower,4,4,30,2,40,0,4,25,2,31,4,8,55,4,71,21,0,21,92
03/29/2023,TXK,AR,ASW,CE,Federal Contract Tower,4,0,27,2,33,0,2,45,5,52,4,2,72,7,85,75,0,75,160
03/30/2023,TXK,AR,ASW,CE,Federal Contract Tower,5,1,36,3,45,0,15,13,2,30,5,16,49,5,75,42,2,44,119
03/31/2023,TXK,AR,ASW,CE,Federal Contract Tower,5,0,11,0,16,0,1,4,0,5,5,1,15,0,21,2,0,2,23
04/01/2023,TXK,AR,ASW,CE,Federal Contract Tower,4,11,17,3,35,0,3,23,0,26,4,14,40,3,61,58,2,60,121
04/02/2023,TXK,AR,ASW,CE,Federal Contract Tower,6,0,17,0,23,0,1,13,0,14,6,1,30,0,37,6,0,6,43
04/03/2023,TXK,AR,ASW,CE,Federal Contract Tower,5,4,11,5,25,0,1,12,0,13,5,5,23,5,38,28,0,28,66
04/04/2023,TXK,AR,ASW,CE,Federal Contract Tower,6,6,13,2,27,0,2,5,6,13,6,8,18,8,40,24,0,24,64
04/05/2023,TXK,AR,ASW,CE,Federal Contract Tower,6,12,5,0,23,0,0,3,0,3,6,12,8,0,26,4,0,4,30
04/06/2023,TXK,AR,ASW,CE,Federal Contract Tower,4,5,12,0,21,0,7,10,0,17,4,12,22,0,38,12,0,12,50
04/07/2023,TXK,AR,ASW,CE,Federal Contract Tower,5,4,11,0,20,0,3,9,0,12,5,7,20,0,32,18,0,18,50
04/08/2023,TXK,AR,ASW,CE,Federal Contract Tower,4,2,16,5,27,0,3,17,0,20,4,5,33,5,47,11,6,17,64
04/09/2023,TXK,AR,ASW,CE,Federal Contract Tower,4,0,11,0,15,0,1,3,0,4,4,1,14,0,19,4,0,4,23
04/10/2023,TXK,AR,ASW,CE,Federal Contract Tower,6,3,18,0,27,0,4,15,4,23,6,7,33,4,50,22,0,22,72
04/11/2023,TXK,AR,ASW,CE,Federal Contract Tower,5,5,19,0,29,0,7,17,2,26,5,12,36,2,55,16,0,16,71
04/12/2023,TXK,AR,ASW,CE,Federal Contract Tower,5,1,27,2,35,0,10,34,8,52,5,11,61,10,87,38,0,38,125
04/13/2023,TXK,AR,ASW,CE,Federal Contract Tower,5,5,18,0,28,0,14,8,0,22,5,19,26,0,50,28,0,28,78
04/14/2023,TXK,AR,ASW,CE,Federal Contract Tower,5,4,18,6,33,0,9,35,1,45,5,13,53,7,78,40,6,46,124
04/15/2023,TXK,AR,ASW,CE,Federal Contract Tower,6,2,12,0,20,0,3,10,0,13,6,5,22,0,33,16,0,16,49
04/16/2023,TXK,AR,ASW,CE,Federal Contract Tower,4,4,20,0,28,0,10,17,0,27,4,14,37,0,55,16,0,16,71
04/17/2023,TXK,AR,ASW,CE,Federal Contract Tower,5,3,26,2,36,0,6,26,0,32,5,9,52,2,68,24,0,24,92
04/18/2023,TXK,AR,ASW,CE,Federal Contract Tower,5,3,8,0,16,0,1,14,0,15,5,4,22,0,31,6,0,6,37
04/19/2023,TXK,AR,ASW,CE,Federal Contract Tower,6,8,24,3,41,0,5,10,5,20,6,13,34,8,61,24,2,26,87
04/20/2023,TXK,AR,ASW,CE,Federal Contract Tower,4,0,6,2,12,0,0,4,0,4,4,0,10,2,16,0,0,0,16
04/21/2023,TXK,AR,ASW,CE,Federal Contract Tower,4,4,20,0,28,0,0,8,0,8,4,4,28,0,36,10,0,10,46
04/22/2023,TXK,AR,ASW,CE,Federal Contract Tower,5,0,25,0,30,0,0,11,0,11,5,0,36,0,41,31,0,31,72
04/23/2023,TXK,AR,ASW,CE,Federal Contract Tower,5,3,8,1,17,0,6,8,0,14,5,9,16,1,31,10,2,12,43
04/24/2023,TXK,AR,ASW,CE,Federal Contract Tower,5,7,20,1,33,0,6,15,0,21,5,13,35,1,54,10,2,12,66
04/25/2023,TXK,AR,ASW,CE,Federal Contract Tower,5,11,14,0,30,0,0,11,0,11,5,11,25,0,41,22,0,22,63
04/26/2023,TXK,AR,ASW,CE,Federal Contract Tower,4,3,22,0,29,0,0,1,3,4,4,3,23,3,33,0,0,0,33
04/27/2023,TXK,AR,ASW,CE,Federal Contract Tower,5,5,12,4,26,0,12,4,1,17,5,17,16,5,43,22,0,22,65
04/28/2023,TXK,AR,ASW,CE,Federal Contract Tower,5,5,19,7,36,0,1,18,1,20,5,6,37,8,56,14,0,14,70
04/29/2023,TXK,AR,ASW,CE,Federal Contract Tower,5,0,10,0,15,0,6,0,0,6,5,6,10,0,21,6,0,6,27
04/30/2023,TXK,AR,ASW,CE,Federal Contract Tower,5,5,20,0,30,0,3,20,1,24,5,8,40,1,54,40,4,44,98
05/01/2023,TXK,AR,ASW,CE,Federal Contract Tower,4,2,16,0,22,0,3,24,0,27,4,5,40,0,49,24,0,24,73
05/02/2023,TXK,AR,ASW,CE,Federal Contract Tower,5,5,29,4,43,0,4,24,1,29,5,9,53,5,72,28,20,48,120
05/03/2023,TXK,AR,ASW,CE,Federal Contract Tower,5,6,18,2,31,0,1,23,2,26,5,7,41,4,57,12,0,12,69
05/04/2023,TXK,AR,ASW,CE,Federal Contract Tower,5,4,18,3,30,0,3,16,0,19,5,7,34,3,49,4,0,4,53
05/05/2023,TXK,AR,ASW,CE,Federal Contract Tower,5,9,13,0,27,0,2,5,0,7,5,11,18,0,34,2,0,2,36
05/06/2023,TXK,AR,ASW,CE,Federal Contract Tower,5,5,9,0,19,0,4,4,0,8,5,9,13,0,27,0,0,0,27
05/07/2023,TXK,AR,ASW,CE,Federal Contract Tower,5,2,14,0,21,0,6,9,2,17,5,8,23,2,38,4,0,4,42
05/08/2023,TXK,AR,ASW,CE,Federal Contract Tower,5,0,14,1,20,0,6,6,13,25,5,6,20,14,45,0,8,8,53
05/09/2023,TXK,AR,ASW,CE,Federal Contract Tower,6,2,13,0,21,0,0,21,2,23,6,2,34,2,44,24,0,24,68
05/10/2023,TXK,AR,ASW,CE,Federal Contract Tower,6,0,11,0,17,0,0,8,0,8,6,0,19,0,25,2,0,2,27
05/11/2023,TXK,AR,ASW,CE,Federal Contract Tower,6,14,15,2,37,0,3,11,2,16,6,17,26,4,53,14,6,20,73
05/12/2023,TXK,AR,ASW,CE,Federal Contract Tower,5,8,11,0,24,0,5,4,2,11,5,13,15,2,35,0,0,0,35
05/13/2023,TXK,AR,ASW,CE,Federal Contract Tower,5,5,6,2,18,0,0,8,1,9,5,5,14,3,27,26,0,26,53
05/14/2023,TXK,AR,ASW,CE,Federal Contract Tower,5,5,8,0,18,0,12,5,0,17,5,17,13,0,35,18,0,18,53
05/15/2023,TXK,AR,ASW,CE,Federal Contract Tower,5,3,14,0,22,0,12,12,0,24,5,15,26,0,46,30,0,30,76
05/16/2023,TXK,AR,ASW,CE,Federal Contract Tower,5,3,15,0,23,0,1,18,3,22,5,4,33,3,45,20,0,20,65
05/17/2023,TXK,AR,ASW,CE,Federal Contract Tower,5,4,17,1,27,0,6,9,2,17,5,10,26,3,44,24,2,26,70
05/18/2023,TXK,AR,ASW,CE,Federal Contract Tower,5,5,43,2,55,0,5,32,1,38,5,10,75,3,93,56,18,74,167
05/19/2023,TXK,AR,ASW,CE,Federal Contract Tower,5,0,4,2,11,0,2,17,2,21,5,2,21,4,32,20,0,20,52
05/20/2023,TXK,AR,ASW,CE,Federal Contract Tower,5,4,15,0,24,0,5,11,4,20,5,9,26,4,44,30,0,30,74
05/21/2023,TXK,AR,ASW,CE,Federal Contract Tower,5,1,21,0,27,0,4,21,5,30,5,5,42,5,57,20,0,20,77
05/22/2023,TXK,AR,ASW,CE,Federal Contract Tower,5,6,12,0,23,0,2,32,2,36,5,8,44,2,59,8,0,8,67
05/23/2023,TXK,AR,ASW,CE,Federal Contract Tower,5,6,20,4,35,0,6,28,2,36,5,12,48,6,71,2,8,10,81
05/24/2023,TXK,AR,ASW,CE,Federal Contract Tower,5,5,15,2,27,0,4,24,0,28,5,9,39,2,55,10,0,10,65
05/25/2023,TXK,AR,ASW,CE,Federal Contract Tower,5,3,24,0,32,0,2,20,0,22,5,5,44,0,54,22,0,22,76
05/26/2023,TXK,AR,ASW,CE,Federal Contract Tower,5,4,20,8,37,0,4,24,1,29,5,8,44,9,66,14,6,20,86
05/27/2023,TXK,AR,ASW,CE,Federal Contract Tower,4,1,6,2,13,0,10,7,0,17,4,11,13,2,30,0,0,0,30
05/28/2023,TXK,AR,ASW,CE,Federal Contract Tower,4,2,9,3,18,0,7,10,0,17,4,9,19,3,35,10,2,12,47
05/29/2023,TXK,AR,ASW,CE,Federal Contract Tower,4,3,7,2,16,0,7,20,0,27,4,10,27,2,43,48,0,48,91
05/30/2023,TXK,AR,ASW,CE,Federal Contract Tower,4,6,17,2,29,0,5,19,1,25,4,11,36,3,54,20,22,42,96
05/31/2023,TXK,AR,ASW,CE,Federal Contract Tower,5,1,20,3,29,0,4,13,1,18,5,5,33,4,47,12,22,34,81
06/01/2023,TXK,AR,ASW,CE,Federal Contract Tower,5,7,24,5,41,0,6,19,1,26,5,13,43,6,67,38,12,50,117
06/02/2023,TXK,AR,ASW,CE,Federal Contract Tower,5,3,25,5,38,0,7,23,3,33,5,10,48,8,71,10,16,26,97
06/03/2023,TXK,AR,ASW,CE,Federal Contract Tower,5,3,8,0,16,0,4,11,2,17,5,7,19,2,33,12,0,12,45
06/04/2023,TXK,AR,ASW,CE,Federal Contract Tower,5,1,12,0,18,0,2,20,8,30,5,3,32,8,48,30,12,42,90
06/05/2023,TXK,AR,ASW,CE,Federal Contract Tower,5,2,8,7,22,0,7,3,4,14,5,9,11,11,36,12,16,28,64
06/06/2023,TXK,AR,ASW,CE,Federal Contract Tower,5,2,17,0,24,0,7,18,0,25,5,9,35,0,49,18,0,18,67
06/07/2023,TXK,AR,ASW,CE,Federal Contract Tower,5,0,12,0,17,0,0,11,0,11,5,0,23,0,28,18,0,18,46
06/08/2023,TXK,AR,ASW,CE,Federal Contract Tower,5,8,16,0,29,0,10,11,0,21,5,18,27,0,50,22,0,22,72
06/09/2023,TXK,AR,ASW,CE,Federal Contract Tower,5,3,11,7,26,0,3,17,1,21,5,6,28,8,47,14,0,14,61
06/10/2023,TXK,AR,ASW,CE,Federal Contract Tower,5,3,13,0,21,0,4,9,0,13,5,7,22,0,34,20,0,20,54
06/11/2023,TXK,AR,ASW,CE,Federal Contract Tower,5,3,14,0,22,0,9,13,0,22,5,12,27,0,44,44,0,44,88
06/12/2023,TXK,AR,ASW,CE,Federal Contract Tower,5,6,12,0,23,0,1,6,0,7,5,7,18,0,30,2,0,2,32
06/13/2023,TXK,AR,ASW,CE,Federal Contract Tower,5,0,11,0,16,0,1,0,0,1,5,1,11,0,17,0,0,0,17
06/14/2023,TXK,AR,ASW,CE,Federal Contract Tower,4,2,9,3,18,0,0,2,0,2,4,2,11,3,20,6,0,6,26
06/15/2023,TXK,AR,ASW,CE,Federal Contract Tower,5,5,17,0,27,0,4,15,0,19,5,9,32,0,46,10,0,10,56
06/16/2023,TXK,AR,ASW,CE,Federal Contract Tower,5,3,15,6,29,0,4,8,5,17,5,7,23,11,46,8,4,12,58
06/17/2023,TXK,AR,ASW,CE,Federal Contract Tower,5,8,9,0,22,0,4,6,0,10,5,12,15,0,32,2,0,2,34
06/18/2023,TXK,AR,ASW,CE,Federal Contract Tower,5,0,8,0,13,0,4,3,0,7,5,4,11,0,20,2,0,2,22
06/19/2023,TXK,AR,ASW,CE,Federal Contract Tower,5,2,23,0,30,0,5,12,0,17,5,7,35,0,47,28,0,28,75
06/20/2023,TXK,AR,ASW,CE,Federal Contract Tower,5,1,17,1,24,0,7,10,0,17,5,8,27,1,41,4,2,6,47
06/21/2023,TXK,AR,ASW,CE,Federal Contract Tower,7,1,25,0,33,0,5,27,0,32,7,6,52,0,65,30,0,30,95
06/22/2023,TXK,AR,ASW,CE,Federal Contract Tower,7,3,11,3,24,0,11,33,3,47,7,14,44,6,71,60,0,60,131
06/23/2023,TXK,AR,ASW,CE,Federal Contract Tower,5,1,30,0,36,0,6,17,0,23,5,7,47,0,59,20,0,20,79
06/24/2023,TXK,AR,ASW,CE,Federal Contract Tower,5,8,10,0,23,0,9,18,0,27,5,17,28,0,50,26,0,26,76
06/25/2023,TXK,AR,ASW,CE,Federal Contract Tower,5,5,8,3,21,0,3,6,0,9,5,8,14,3,30,0,0,0,30
06/26/2023,TXK,AR,ASW,CE,Federal Contract Tower,5,3,10,0,18,0,1,5,0,6,5,4,15,0,24,0,0,0,24
06/27/2023,TXK,AR,ASW,CE,Federal Contract Tower,5,3,13,2,23,0,2,26,0,28,5,5,39,2,51,56,0,56,107
06/28/2023,TXK,AR,ASW,CE,Federal Contract Tower,5,5,22,2,34,0,9,27,0,36,5,14,49,2,70,38,0,38,108
06/29/2023,TXK,AR,ASW,CE,Federal Contract Tower,5,6,22,1,34,0,7,19,0,26,5,13,41,1,60,26,2,28,88
06/30/2023,TXK,AR,ASW,CE,Federal Contract Tower,5,3,12,0,20,0,11,6,2,19,5,14,18,2,39,28,0,28,67
07/01/2023,TXK,AR,ASW,CE,Federal Contract Tower,5,3,15,0,23,0,3,11,0,14,5,6,26,0,37,18,0,18,55
07/02/2023,TXK,AR,ASW,CE,Federal Contract Tower,5,0,4,0,9,0,6,7,0,13,5,6,11,0,22,4,0,4,26
07/03/2023,TXK,AR,ASW,CE,Federal Contract Tower,4,1,4,0,9,0,1,3,0,4,4,2,7,0,13,6,0,6,19
07/04/2023,TXK,AR,ASW,CE,Federal Contract Tower,5,0,2,0,7,0,3,9,0,12,5,3,11,0,19,0,0,0,19
07/05/2023,TXK,AR,ASW,CE,Federal Contract Tower,5,4,15,2,26,0,5,10,0,15,5,9,25,2,41,28,2,30,71
07/06/2023,TXK,AR,ASW,CE,Federal Contract Tower,5,1,11,4,21,0,2,9,2,13,5,3,20,6,34,0,6,6,40
07/07/2023,TXK,AR,ASW,CE,Federal Contract Tower,5,1,11,4,21,0,4,7,1,12,5,5,18,5,33,16,6,22,55
07/08/2023,TXK,AR,ASW,CE,Federal Contract Tower,5,2,18,0,25,0,0,4,0,4,5,2,22,0,29,8,0,8,37
07/09/2023,TXK,AR,ASW,CE,Federal Contract Tower,5,2,5,0,12,0,3,5,0,8,5,5,10,0,20,2,0,2,22
07/10/2023,TXK,AR,ASW,CE,Federal Contract Tower,5,1,15,2,23,0,13,4,0,17,5,14,19,2,40,0,0,0,40
07/11/2023,TXK,AR,ASW,CE,Federal Contract Tower,5,4,14,0,23,0,6,12,0,18,5,10,26,0,41,14,0,14,55
07/12/2023,TXK,AR,ASW,CE,Federal Contract Tower,5,0,13,0,18,0,5,6,0,11,5,5,19,0,29,14,0,14,43
07/13/2023,TXK,AR,ASW,CE,Federal Contract Tower,5,8,16,0,29,0,6,6,4,16,5,14,22,4,45,8,0,8,53
07/14/2023,TXK,AR,ASW,CE,Federal Contract Tower,8,6,9,1,24,0,5,7,0,12,8,11,16,1,36,8,2,10,46
07/15/2023,TXK,AR,ASW,CE,Federal Contract Tower,5,2,18,0,25,0,5,9,0,14,5,7,27,0,39,6,0,6,45
07/16/2023,TXK,AR,ASW,CE,Federal Contract Tower,5,5,12,0,22,0,0,5,0,5,5,5,17,0,27,0,0,0,27
07/17/2023,TXK,AR,ASW,CE,Federal Contract Tower,5,5,13,0,23,0,5,16,0,21,5,10,29,0,44,4,0,4,48
07/18/2023,TXK,AR,ASW,CE,Federal Contract Tower,5,4,17,0,26,0,4,5,0,9,5,8,22,0,35,0,0,0,35
07/19/2023,TXK,AR,ASW,CE,Federal Contract Tower,6,11,27,0,44,0,4,12,0,16,6,15,39,0,60,12,0,12,72
07/20/2023,TXK,AR,ASW,CE,Federal Contract Tower,6,8,24,0,38,0,5,22,0,27,6,13,46,0,65,12,0,12,77
07/21/2023,TXK,AR,ASW,CE,Federal Contract Tower,5,2,18,4,29,0,4,12,1,17,5,6,30,5,46,8,4,12,58
07/22/2023,TXK,AR,ASW,CE,Federal Contract Tower,5,0,5,0,10,0,13,24,0,37,5,13,29,0,47,26,0,26,73
07/23/2023,TXK,AR,ASW,CE,Federal Contract Tower,5,1,20,2,28,0,5,18,2,25,5,6,38,4,53,18,10,28,81
07/24/2023,TXK,AR,ASW,CE,Federal Contract Tower,5,4,20,2,31,0,14,12,2,28,5,18,32,4,59,8,4,12,71
07/25/2023,TXK,AR,ASW,CE,Federal Contract Tower,5,7,16,9,37,0,5,4,9,18,5,12,20,18,55,2,0,2,57
07/26/2023,TXK,AR,ASW,CE,Federal Contract Tower,5,3,21,0,29,0,11,5,0,16,5,14,26,0,45,16,0,16,61
07/27/2023,TXK,AR,ASW,CE,Federal Contract Tower,5,4,24,1,34,0,6,8,1,15,5,10,32,2,49,16,0,16,65
07/28/2023,TXK,AR,ASW,CE,Federal Contract Tower,5,1,19,0,25,0,8,17,0,25,5,9,36,0,50,22,0,22,72
07/29/2023,TXK,AR,ASW,CE,Federal Contract Tower,5,4,11,3,23,0,3,7,0,10,5,7,18,3,33,8,0,8,41
07/30/2023,TXK,AR,ASW,CE,Federal Contract Tower,5,4,13,0,22,0,1,7,1,9,5,5,20,1,31,2,0,2,33
07/31/2023,TXK,AR,ASW,CE,Federal Contract Tower,5,4,12,3,24,0,6,6,0,12,5,10,18,3,36,2,20,22,58
08/01/2023,TXK,AR,ASW,CE,Federal Contract Tower,5,6,11,6,28,0,4,21,4,29,5,10,32,10,57,0,0,0,57
08/02/2023,TXK,AR,ASW,CE,Federal Contract Tower,5,4,18,2,29,0,5,9,3,17,5,9,27,5,46,10,0,10,56
08/03/2023,TXK,AR,ASW,CE,Federal Contract Tower,4,1,14,4,23,0,9,14,4,27,4,10,28,8,50,44,0,44,94
08/04/2023,TXK,AR,ASW,CE,Federal Contract Tower,5,3,15,0,23,0,12,11,0,23,5,15,26,0,46,24,0,24,70
08/05/2023,TXK,AR,ASW,CE,Federal Contract Tower,5,3,13,0,21,0,11,15,0,26,5,14,28,0,47,8,0,8,55
08/06/2023,TXK,AR,ASW,CE,Federal Contract Tower,5,5,8,0,18,0,1,12,0,13,5,6,20,0,31,0,0,0,31
08/07/2023,TXK,AR,ASW,CE,Federal Contract Tower,5,4,11,1,21,0,8,10,1,19,5,12,21,2,40,4,0,4,44
08/08/2023,TXK,AR,ASW,CE,Federal Contract Tower,6,0,8,0,14,0,5,8,0,13,6,5,16,0,27,0,0,0,27
08/09/2023,TXK,AR,ASW,CE,Federal Contract Tower,5,3,14,0,22,0,2,11,0,13,5,5,25,0,35,14,0,14,49
08/10/2023,TXK,AR,ASW,CE,Federal Contract Tower,5,6,21,1,33,0,4,9,0,13,5,10,30,1,46,14,2,16,62
08/11/2023,TXK,AR,ASW,CE,Federal Contract Tower,5,4,14,11,34,0,6,5,0,11,5,10,19,11,45,2,20,22,67
08/12/2023,TXK,AR,ASW,CE,Federal Contract Tower,5,2,9,1,17,0,6,5,1,12,5,8,14,2,29,2,0,2,31
08/13/2023,TXK,AR,ASW,CE,Federal Contract Tower,5,2,10,0,17,0,4,15,0,19,5,6,25,0,36,22,0,22,58
08/14/2023,TXK,AR,ASW,CE,Federal Contract Tower,4,5,22,2,33,0,2,14,0,16,4,7,36,2,49,8,2,10,59
08/15/2023,TXK,AR,ASW,CE,Federal Contract Tower,5,8,15,1,29,0,9,12,0,21,5,17,27,1,50,16,0,16,66
08/16/2023,TXK,AR,ASW,CE,Federal Contract Tower,5,11,21,0,37,0,8,12,0,20,5,19,33,0,57,16,0,16,73
08/17/2023,TXK,AR,ASW,CE,Federal Contract Tower,5,5,18,0,28,0,10,17,0,27,5,15,35,0,55,26,0,26,81
08/18/2023,TXK,AR,ASW,CE,Federal Contract Tower,5,4,19,0,28,0,16,8,2,26,5,20,27,2,54,30,0,30,84
08/19/2023,TXK,AR,ASW,CE,Federal Contract Tower,5,4,6,0,15,0,6,9,0,15,5,10,15,0,30,6,0,6,36
08/20/2023,TXK,AR,ASW,CE,Federal Contract Tower,5,5,19,0,29,0,7,23,0,30,5,12,42,0,59,12,0,12,71
08/21/2023,TXK,AR,ASW,CE,Federal Contract Tower,5,4,17,0,26,0,8,7,0,15,5,12,24,0,41,0,0,0,41
08/22/2023,TXK,AR,ASW,CE,Federal Contract Tower,5,2,7,0,14,0,12,10,0,22,5,14,17,0,36,16,0,16,52
08/23/2023,TXK,AR,ASW,CE,Federal Contract Tower,5,5,15,0,25,0,12,12,2,26,5,17,27,2,51,20,0,20,71
08/24/2023,TXK,AR,ASW,CE,Federal Contract Tower,5,4,9,1,19,0,4,11,1,16,5,8,20,2,35,2,0,2,37
08/25/2023,TXK,AR,ASW,CE,Federal Contract Tower,5,6,13,5,29,0,5,16,0,21,5,11,29,5,50,20,8,28,78
08/26/2023,TXK,AR,ASW,CE,Federal Contract Tower,5,5,4,0,14,0,6,28,0,34,5,11,32,0,48,24,0,24,72
08/27/2023,TXK,AR,ASW,CE,Federal Contract Tower,5,3,9,0,17,0,5,15,0,20,5,8,24,0,37,30,0,30,67
08/28/2023,TXK,AR,ASW,CE,Federal Contract Tower,5,3,14,0,22,0,5,6,0,11,5,8,20,0,33,0,0,0,33
08/29/2023,TXK,AR,ASW,CE,Federal Contract Tower,5,7,17,0,29,0,15,13,1,29,5,22,30,1,58,18,0,18,76
08/30/2023,TXK,AR,ASW,CE,Federal Contract Tower,5,6,15,0,26,0,6,16,0,22,5,12,31,0,48,8,0,8,56
08/31/2023,TXK,AR,ASW,CE,Federal Contract Tower,5,0,16,0,21,0,8,14,0,22,5,8,30,0,43,22,0,22,65
01/01/2020,TXK,AR,ASW,CE,Federal Contract Tower,0,10,7,0,17,0,7,2,0,9,0,17,9,0,26,8,0,8,34
01/02/2020,TXK,AR,ASW,CE,Federal Contract Tower,0,6,9,0,15,0,0,0,0,0,0,6,9,0,15,0,0,0,15
01/03/2020,TXK,AR,ASW,CE,Federal Contract Tower,0,2,15,1,18,0,3,3,0,6,0,5,18,1,24,8,0,8,32
01/04/2020,TXK,AR,ASW,CE,Federal Contract Tower,0,8,14,0,22,0,3,36,0,39,0,11,50,0,61,32,0,32,93
01/05/2020,TXK,AR,ASW,CE,Federal Contract Tower,0,7,18,0,25,0,5,22,0,27,0,12,40,0,52,40,0,40,92
01/06/2020,TXK,AR,ASW,CE,Federal Contract Tower,0,6,16,2,24,0,11,32,2,45,0,17,48,4,69,52,2,54,123
01/07/2020,TXK,AR,ASW,CE,Federal Contract Tower,0,12,25,0,37,0,4,25,0,29,0,16,50,0,66,72,0,72,138
01/08/2020,TXK,AR,ASW,CE,Federal Contract Tower,0,7,20,4,31,0,6,24,2,32,0,13,44,6,63,52,2,54,117
01/09/2020,TXK,AR,ASW,CE,Federal Contract Tower,0,13,22,2,37,0,2,0,0,2,0,15,22,2,39,10,0,10,49
01/10/2020,TXK,AR,ASW,CE,Federal Contract Tower,0,6,4,0,10,0,3,0,0,3,0,9,4,0,13,6,0,6,19
01/11/2020,TXK,AR,ASW,CE,Federal Contract Tower,0,5,4,0,9,0,0,0,0,0,0,5,4,0,9,4,0,4,13
01/12/2020,TXK,AR,ASW,CE,Federal Contract Tower,0,10,16,0,26,0,5,6,0,11,0,15,22,0,37,8,0,8,45
01/13/2020,TXK,AR,ASW,CE,Federal Contract Tower,0,6,14,0,20,0,0,10,2,12,0,6,24,2,32,16,0,16,48
01/14/2020,TXK,AR,ASW,CE,Federal Contract Tower,0,7,14,0,21,0,0,3,0,3,0,7,17,0,24,2,0,2,26
01/15/2020,TXK,AR,ASW,CE,Federal Contract Tower,0,10,13,0,23,0,0,0,0,0,0,10,13,0,23,2,0,2,25
01/16/2020,TXK,AR,ASW,CE,Federal Contract Tower,0,17,8,3,28,0,2,2,0,4,0,19,10,3,32,2,0,2,34
01/17/2020,TXK,AR,ASW,CE,Federal Contract Tower,0,14,26,2,42,0,2,3,0,5,0,16,29,2,47,12,0,12,59
01/18/2020,TXK,AR,ASW,CE,Federal Contract Tower,0,5,5,1,11,0,1,14,1,16,0,6,19,2,27,40,0,40,67
01/19/2020,TXK,AR,ASW,CE,Federal Contract Tower,0,10,16,0,26,0,0,15,0,15,0,10,31,0,41,32,0,32,73
01/20/2020,TXK,AR,ASW,CE,Federal Contract Tower,0,5,17,0,22,0,2,23,0,25,0,7,40,0,47,80,0,80,127
01/21/2020,TXK,AR,ASW,CE,Federal Contract Tower,0,8,24,2,34,0,3,25,0,28,0,11,49,2,62,82,0,82,144
01/22/2020,TXK,AR,ASW,CE,Federal Contract Tower,0,6,4,0,10,0,0,0,0,0,0,6,4,0,10,0,0,0,10
01/23/2020,TXK,AR,ASW,CE,Federal Contract Tower,0,6,17,5,28,0,2,1,0,3,0,8,18,5,31,4,26,30,61
01/24/2020,TXK,AR,ASW,CE,Federal Contract Tower,0,15,20,9,44,0,7,9,4,20,0,22,29,13,64,44,28,72,136
01/26/2020,TXK,AR,ASW,CE,Federal Contract Tower,0,11,5,0,16,0,0,0,0,0,0,11,5,0,16,2,0,2,18
01/27/2020,TXK,AR,ASW,CE,Federal Contract Tower,0,7,13,0,20,0,0,0,0,0,0,7,13,0,20,24,0,24,44
01/28/2020,TXK,AR,ASW,CE,Federal Contract Tower,0,14,8,0,22,0,0,0,0,0,0,14,8,0,22,8,0,8,30
01/29/2020,TXK,AR,ASW,CE,Federal Contract Tower,0,12,11,0,23,0,0,0,0,0,0,12,11,0,23,4,0,4,27
01/30/2020,TXK,AR,ASW,CE,Federal Contract Tower,0,8,13,0,21,0,0,0,0,0,0,8,13,0,21,0,0,0,21
01/31/2020,TXK,AR,ASW,CE,Federal Contract Tower,0,12,6,22,40,0,3,11,4,18,0,15,17,26,58,76,34,110,168
02/01/2020,TXK,AR,ASW,CE,Federal Contract Tower,0,6,27,3,36,0,4,9,3,16,0,10,36,6,52,28,16,44,96
02/02/2020,TXK,AR,ASW,CE,Federal Contract Tower,0,7,7,6,20,0,6,15,0,21,0,13,22,6,41,40,12,52,93
02/03/2020,TXK,AR,ASW,CE,Federal Contract Tower,0,10,13,3,26,0,2,1,0,3,0,12,14,3,29,2,2,4,33
02/04/2020,TXK,AR,ASW,CE,Federal Contract Tower,0,10,19,0,29,0,0,1,0,1,0,10,20,0,30,6,0,6,36
02/05/2020,TXK,AR,ASW,CE,Federal Contract Tower,0,3,8,0,11,0,0,0,0,0,0,3,8,0,11,0,0,0,11
02/06/2020,TXK,AR,ASW,CE,Federal Contract Tower,0,13,15,2,30,0,7,3,0,10,0,20,18,2,40,10,0,10,50
02/07/2020,TXK,AR,ASW,CE,Federal Contract Tower,0,12,25,8,45,0,1,27,0,28,0,13,52,8,73,44,0,44,117
02/08/2020,TXK,AR,ASW,CE,Federal Contract Tower,0,4,22,0,26,0,0,22,0,22,0,4,44,0,48,36,0,36,84
02/09/2020,TXK,AR,ASW,CE,Federal Contract Tower,0,10,7,6,23,0,0,11,0,11,0,10,18,6,34,46,6,52,86
02/10/2020,TXK,AR,ASW,CE,Federal Contract Tower,0,6,6,0,12,0,0,0,0,0,0,6,6,0,12,0,0,0,12
02/11/2020,TXK,AR,ASW,CE,Federal Contract Tower,0,11,4,0,15,0,0,0,0,0,0,11,4,0,15,0,0,0,15
02/12/2020,TXK,AR,ASW,CE,Federal Contract Tower,0,12,11,0,23,0,0,0,0,0,0,12,11,0,23,2,0,2,25
02/13/2020,TXK,AR,ASW,CE,Federal Contract Tower,0,12,5,9,26,0,5,10,10,25,0,17,15,19,51,26,4,30,81
02/14/2020,TXK,AR,ASW,CE,Federal Contract Tower,0,7,20,0,27,0,4,31,0,35,0,11,51,0,62,38,0,38,100
02/15/2020,TXK,AR,ASW,CE,Federal Contract Tower,0,6,35,0,41,0,0,10,0,10,0,6,45,0,51,38,0,38,89
02/16/2020,TXK,AR,ASW,CE,Federal Contract Tower,0,11,12,0,23,0,0,2,0,2,0,11,14,0,25,8,0,8,33
02/17/2020,TXK,AR,ASW,CE,Federal Contract Tower,0,10,11,0,21,0,0,5,0,5,0,10,16,0,26,30,0,30,56
02/18/2020,TXK,AR,ASW,CE,Federal Contract Tower,0,11,15,0,26,0,0,0,0,0,0,11,15,0,26,6,0,6,32
02/19/2020,TXK,AR,ASW,CE,Federal Contract Tower,0,12,17,2,31,0,4,13,1,18,0,16,30,3,49,18,0,18,67
02/20/2020,TXK,AR,ASW,CE,Federal Contract Tower,0,10,10,0,20,0,0,6,1,7,0,10,16,1,27,26,0,26,53
02/21/2020,TXK,AR,ASW,CE,Federal Contract Tower,0,13,28,0,41,0,0,44,0,44,0,13,72,0,85,90,0,90,175
02/22/2020,TXK,AR,ASW,CE,Federal Contract Tower,0,11,24,0,35,0,4,20,0,24,0,15,44,0,59,20,0,20,79
02/23/2020,TXK,AR,ASW,CE,Federal Contract Tower,0,13,10,0,23,0,0,6,0,6,0,13,16,0,29,82,0,82,111
02/24/2020,TXK,AR,ASW,CE,Federal Contract Tower,0,11,11,1,23,0,7,4,0,11,0,18,15,1,34,24,2,26,60
02/25/2020,TXK,AR,ASW,CE,Federal Contract Tower,0,9,31,6,46,0,6,19,1,26,0,15,50,7,72,60,8,68,140
02/26/2020,TXK,AR,ASW,CE,Federal Contract Tower,0,6,21,2,29,0,4,6,3,13,0,10,27,5,42,6,4,10,52
02/27/2020,TXK,AR,ASW,CE,Federal Contract Tower,0,10,30,0,40,0,14,42,2,58,0,24,72,2,98,71,0,71,169
02/28/2020,TXK,AR,ASW,CE,Federal Contract Tower,0,9,32,0,41,0,8,43,2,53,0,17,75,2,94,98,0,98,192
02/29/2020,TXK,AR,ASW,CE,Federal Contract Tower,0,13,26,0,39,0,4,32,0,36,0,17,58,0,75,128,0,128,203
03/01/2020,TXK,AR,ASW,CE,Federal Contract Tower,0,9,10,0,19,0,2,2,0,4,0,11,12,0,23,4,0,4,27
03/02/2020,TXK,AR,ASW,CE,Federal Contract Tower,0,8,7,4,19,0,17,7,2,26,0,25,14,6,45,54,10,64,109
03/03/2020,TXK,AR,ASW,CE,Federal Contract Tower,0,10,15,0,25,0,3,6,2,11,0,13,21,2,36,32,0,32,68
03/04/2020,TXK,AR,ASW,CE,Federal Contract Tower,0,6,12,0,18,0,0,4,0,4,0,6,16,0,22,40,0,40,62
03/05/2020,TXK,AR,ASW,CE,Federal Contract Tower,0,8,28,7,43,0,10,31,0,41,0,18,59,7,84,102,10,112,196
03/06/2020,TXK,AR,ASW,CE,Federal Contract Tower,0,16,34,4,54,0,7,25,0,32,0,23,59,4,86,66,6,72,158
03/07/2020,TXK,AR,ASW,CE,Federal Contract Tower,0,7,21,9,37,0,3,14,16,33,0,10,35,25,70,20,48,68,138
03/08/2020,TXK,AR,ASW,CE,Federal Contract Tower,0,8,16,0,24,0,7,13,0,20,0,15,29,0,44,38,0,38,82
03/09/2020,TXK,AR,ASW,CE,Federal Contract Tower,0,12,12,0,24,0,0,0,4,4,0,12,12,4,28,14,0,14,42
03/10/2020,TXK,AR,ASW,CE,Federal Contract Tower,0,10,31,0,41,0,3,29,0,32,0,13,60,0,73,74,0,74,147
03/11/2020,TXK,AR,ASW,CE,Federal Contract Tower,0,6,15,1,22,0,6,9,3,18,0,12,24,4,40,12,0,12,52
03/12/2020,TXK,AR,ASW,CE,Federal Contract Tower,0,11,9,0,20,0,4,3,0,7,0,15,12,0,27,6,0,6,33
03/13/2020,TXK,AR,ASW,CE,Federal Contract Tower,0,15,10,0,25,0,0,1,0,1,0,15,11,0,26,2,0,2,28
03/14/2020,TXK,AR,ASW,CE,Federal Contract Tower,0,4,7,0,11,0,3,0,0,3,0,7,7,0,14,4,0,4,18
03/15/2020,TXK,AR,ASW,CE,Federal Contract Tower,0,10,7,2,19,0,0,0,0,0,0,10,7,2,19,2,0,2,21
03/16/2020,TXK,AR,ASW,CE,Federal Contract Tower,0,12,5,0,17,0,0,0,0,0,0,12,5,0,17,4,0,4,21
03/17/2020,TXK,AR,ASW,CE,Federal Contract Tower,0,8,7,3,18,0,2,0,0,2,0,10,7,3,20,4,6,10,30
03/18/2020,TXK,AR,ASW,CE,Federal Contract Tower,0,4,10,0,14,0,2,3,0,5,0,6,13,0,19,2,0,2,21
03/19/2020,TXK,AR,ASW,CE,Federal Contract Tower,0,8,6,0,14,0,7,2,0,9,0,15,8,0,23,14,0,14,37
03/21/2020,TXK,AR,ASW,CE,Federal Contract Tower,0,4,9,0,13,0,5,16,0,21,0,9,25,0,34,44,0,44,78
03/22/2020,TXK,AR,ASW,CE,Federal Contract Tower,0,4,1,0,5,0,0,0,0,0,0,4,1,0,5,0,0,0,5
03/23/2020,TXK,AR,ASW,CE,Federal Contract Tower,0,6,2,0,8,0,0,0,0,0,0,6,2,0,8,0,0,0,8
03/24/2020,TXK,AR,ASW,CE,Federal Contract Tower,0,4,6,18,28,0,2,15,6,23,0,6,21,24,51,62,84,146,197
03/25/2020,TXK,AR,ASW,CE,Federal Contract Tower,0,2,19,0,21,0,0,28,0,28,0,2,47,0,49,104,0,104,153
03/26/2020,TXK,AR,ASW,CE,Federal Contract Tower,0,5,9,2,16,0,5,25,0,30,0,10,34,2,46,70,0,70,116
03/27/2020,TXK,AR,ASW,CE,Federal Contract Tower,0,4,2,0,6,0,3,5,0,8,0,7,7,0,14,6,0,6,20
03/28/2020,TXK,AR,ASW,CE,Federal Contract Tower,0,2,3,0,5,0,0,0,2,2,0,2,3,2,7,2,0,2,9
03/29/2020,TXK,AR,ASW,CE,Federal Contract Tower,0,4,7,0,11,0,6,36,2,44,0,10,43,2,55,80,0,80,135
03/30/2020,TXK,AR,ASW,CE,Federal Contract Tower,0,4,2,0,6,0,2,5,0,7,0,6,7,0,13,8,0,8,21
03/31/2020,TXK,AR,ASW,CE,Federal Contract Tower,0,3,2,6,11,0,0,4,1,5,0,3,6,7,16,16,40,56,72
04/01/2020,TXK,AR,ASW,CE,Federal Contract Tower,0,2,2,3,7,0,0,35,0,35,0,2,37,3,42,74,12,86,128
04/02/2020,TXK,AR,ASW,CE,Federal Contract Tower,0,2,4,0,6,0,3,34,0,37,0,5,38,0,43,50,0,50,93
04/03/2020,TXK,AR,ASW,CE,Federal Contract Tower,0,10,3,0,13,0,0,6,0,6,0,10,9,0,19,104,0,104,123
04/04/2020,TXK,AR,ASW,CE,Federal Contract Tower,0,2,2,0,4,0,0,0,0,0,0,2,2,0,4,0,0,0,4
04/05/2020,TXK,AR,ASW,CE,Federal Contract Tower,0,2,9,0,11,0,0,18,0,18,0,2,27,0,29,106,0,106,135
04/06/2020,TXK,AR,ASW,CE,Federal Contract Tower,0,4,13,0,17,0,5,0,0,5,0,9,13,0,22,28,0,28,50
04/07/2020,TXK,AR,ASW,CE,Federal Contract Tower,0,4,13,0,17,0,0,11,0,11,0,4,24,0,28,36,0,36,64
04/08/2020,TXK,AR,ASW,CE,Federal Contract Tower,0,4,15,0,19,0,2,25,0,27,0,6,40,0,46,12,0,12,58
04/09/2020,TXK,AR,ASW,CE,Federal Contract Tower,0,8,6,0,14,1,22,15,0,38,1,30,21,0,52,140,0,140,192
04/10/2020,TXK,AR,ASW,CE,Federal Contract Tower,0,3,20,0,23,0,10,19,0,29,0,13,39,0,52,68,0,68,120
04/11/2020,TXK,AR,ASW,CE,Federal Contract Tower,0,3,3,0,6,0,1,13,0,14,0,4,16,0,20,18,0,18,38
04/12/2020,TXK,AR,ASW,CE,Federal Contract Tower,0,5,0,0,5,0,0,0,0,0,0,5,0,0,5,2,0,2,7
04/13/2020,TXK,AR,ASW,CE,Federal Contract Tower,0,4,3,3,10,0,10,17,0,27,0,14,20,3,37,44,0,44,81
04/14/2020,TXK,AR,ASW,CE,Federal Contract Tower,0,4,1,3,8,0,7,20,0,27,0,11,21,3,35,70,8,78,113
04/15/2020,TXK,AR,ASW,CE,Federal Contract Tower,8,10,2,0,20,0,3,16,0,19,8,13,18,0,39,44,2,46,85
04/16/2020,TXK,AR,ASW,CE,Federal Contract Tower,0,2,4,2,8,0,1,24,0,25,0,3,28,2,33,44,2,46,79
04/17/2020,TXK,AR,ASW,CE,Federal Contract Tower,0,5,7,0,12,0,0,0,0,0,0,5,7,0,12,2,0,2,14
04/18/2020,TXK,AR,ASW,CE,Federal Contract Tower,0,2,4,0,6,0,4,12,0,16,0,6,16,0,22,16,0,16,38
04/19/2020,TXK,AR,ASW,CE,Federal Contract Tower,0,4,0,0,4,0,0,0,0,0,0,4,0,0,4,0,0,0,4
04/20/2020,TXK,AR,ASW,CE,Federal Contract Tower,0,4,4,0,8,0,9,18,4,31,0,13,22,4,39,52,0,52,91
04/21/2020,TXK,AR,ASW,CE,Federal Contract Tower,0,5,14,0,19,0,6,15,0,21,0,11,29,0,40,48,0,48,88
04/22/2020,TXK,AR,ASW,CE,Federal Contract Tower,0,4,1,0,5,0,3,2,0,5,0,7,3,0,10,18,0,18,28
04/23/2020,TXK,AR,ASW,CE,Federal Contract Tower,0,4,15,6,25,0,1,13,2,16,0,5,28,8,41,14,28,42,83
04/24/2020,TXK,AR,ASW,CE,Federal Contract Tower,0,3,13,8,24,0,3,2,0,5,0,6,15,8,29,14,8,22,51
04/25/2020,TXK,AR,ASW,CE,Federal Contract Tower,0,2,0,0,2,0,15,12,0,27,0,17,12,0,29,86,0,86,115
04/26/2020,TXK,AR,ASW,CE,Federal Contract Tower,0,6,6,0,12,0,8,32,0,40,0,14,38,0,52,118,0,118,170
04/27/2020,TXK,AR,ASW,CE,Federal Contract Tower,0,4,5,0,9,0,0,9,0,9,0,4,14,0,18,0,0,0,18
04/28/2020,TXK,AR,ASW,CE,Federal Contract Tower,0,4,2,0,6,0,0,2,0,2,0,4,4,0,8,12,0,12,20
04/29/2020,TXK,AR,ASW,CE,Federal Contract Tower,0,3,8,4,15,0,3,19,2,24,0,6,27,6,39,34,8,42,81
04/30/2020,TXK,AR,ASW,CE,Federal Contract Tower,0,2,15,0,17,0,6,37,0,43,0,8,52,0,60,88,0,88,148
05/01/2020,TXK,AR,ASW,CE,Federal Contract Tower,0,3,19,0,22,0,2,16,0,18,0,5,35,0,40,38,0,38,78
05/02/2020,TXK,AR,ASW,CE,Federal Contract Tower,0,2,8,5,15,0,9,5,1,15,0,11,13,6,30,24,12,36,66
05/03/2020,TXK,AR,ASW,CE,Federal Contract Tower,0,3,17,0,20,0,4,41,0,45,0,7,58,0,65,228,0,228,293
05/04/2020,TXK,AR,ASW,CE,Federal Contract Tower,0,4,12,0,16,0,3,23,0,26,0,7,35,0,42,114,0,114,156
05/05/2020,TXK,AR,ASW,CE,Federal Contract Tower,0,7,14,0,21,0,10,15,0,25,0,17,29,0,46,36,0,36,82
05/06/2020,TXK,AR,ASW,CE,Federal Contract Tower,0,7,22,5,34,0,2,25,0,27,0,9,47,5,61,46,8,54,115
05/07/2020,TXK,AR,ASW,CE,Federal Contract Tower,0,6,10,0,16,0,0,22,0,22,0,6,32,0,38,32,0,32,70
05/08/2020,TXK,AR,ASW,CE,Federal Contract Tower,0,4,6,3,13,0,1,9,1,11,0,5,15,4,24,14,0,14,38
05/09/2020,TXK,AR,ASW,CE,Federal Contract Tower,0,9,11,0,20,0,3,37,3,43,0,12,48,3,63,58,0,58,121
05/10/2020,TXK,AR,ASW,CE,Federal Contract Tower,0,6,9,0,15,0,10,41,0,51,0,16,50,0,66,44,0,44,110
05/11/2020,TXK,AR,ASW,CE,Federal Contract Tower,0,5,9,4,18,0,4,34,4,42,0,9,43,8,60,70,30,100,160
05/12/2020,TXK,AR,ASW,CE,Federal Contract Tower,0,6,3,3,12,0,0,12,0,12,0,6,15,3,24,42,4,46,70
05/13/2020,TXK,AR,ASW,CE,Federal Contract Tower,0,4,17,0,21,0,4,43,0,47,0,8,60,0,68,50,0,50,118
05/14/2020,TXK,AR,ASW,CE,Federal Contract Tower,0,4,14,6,24,0,2,27,0,29,0,6,41,6,53,88,0,88,141
05/15/2020,TXK,AR,ASW,CE,Federal Contract Tower,0,8,15,4,27,0,0,14,1,15,0,8,29,5,42,28,10,38,80
05/16/2020,TXK,AR,ASW,CE,Federal Contract Tower,0,4,2,0,6,0,0,0,0,0,0,4,2,0,6,0,0,0,6
05/17/2020,TXK,AR,ASW,CE,Federal Contract Tower,0,10,6,0,16,0,3,28,0,31,0,13,34,0,47,96,0,96,143
05/18/2020,TXK,AR,ASW,CE,Federal Contract Tower,0,8,15,1,24,0,3,61,0,64,0,11,76,1,88,132,2,134,222
05/19/2020,TXK,AR,ASW,CE,Federal Contract Tower,0,5,24,2,31,0,8,43,0,51,0,13,67,2,82,154,2,156,238
05/20/2020,TXK,AR,ASW,CE,Federal Contract Tower,0,14,15,4,33,0,7,17,0,24,0,21,32,4,57,40,6,46,103
05/21/2020,TXK,AR,ASW,CE,Federal Contract Tower,0,6,9,0,15,0,0,21,1,22,0,6,30,1,37,64,0,64,101
05/22/2020,TXK,AR,ASW,CE,Federal Contract Tower,0,11,6,0,17,0,4,20,1,25,0,15,26,1,42,44,0,44,86
05/23/2020,TXK,AR,ASW,CE,Federal Contract Tower,0,7,9,0,16,0,6,11,0,17,0,13,20,0,33,10,0,10,43
05/24/2020,TXK,AR,ASW,CE,Federal Contract Tower,0,4,2,0,6,0,2,4,0,6,0,6,6,0,12,8,0,8,20
05/25/2020,TXK,AR,ASW,CE,Federal Contract Tower,0,6,4,0,10,0,0,0,0,0,0,6,4,0,10,0,0,0,10
05/26/2020,TXK,AR,ASW,CE,Federal Contract Tower,0,4,5,0,9,0,3,16,0,19,0,7,21,0,28,48,0,48,76
05/27/2020,TXK,AR,ASW,CE,Federal Contract Tower,0,7,10,0,17,0,4,21,0,25,0,11,31,0,42,54,0,54,96
05/28/2020,TXK,AR,ASW,CE,Federal Contract Tower,0,6,13,0,19,0,0,8,0,8,0,6,21,0,27,8,0,8,35
05/29/2020,TXK,AR,ASW,CE,Federal Contract Tower,0,3,23,0,26,0,5,36,0,41,0,8,59,0,67,72,0,72,139
05/30/2020,TXK,AR,ASW,CE,Federal Contract Tower,0,4,16,0,20,0,2,17,0,19,0,6,33,0,39,60,0,60,99
05/31/2020,TXK,AR,ASW,CE,Federal Contract Tower,0,5,21,0,26,0,1,15,0,16,0,6,36,0,42,22,0,22,64
06/01/2020,TXK,AR,ASW,CE,Federal Contract Tower,0,6,17,0,23,0,5,25,4,34,0,11,42,4,57,36,0,36,93
06/02/2020,TXK,AR,ASW,CE,Federal Contract Tower,0,8,16,0,24,0,1,29,0,30,0,9,45,0,54,56,0,56,110
06/03/2020,TXK,AR,ASW,CE,Federal Contract Tower,0,5,11,5,21,0,6,22,1,29,0,11,33,6,50,38,8,46,96
06/04/2020,TXK,AR,ASW,CE,Federal Contract Tower,0,4,22,1,27,0,3,29,0,32,0,7,51,1,59,56,2,58,117
06/05/2020,TXK,AR,ASW,CE,Federal Contract Tower,0,5,16,0,21,0,4,21,2,27,0,9,37,2,48,32,0,32,80
06/06/2020,TXK,AR,ASW,CE,Federal Contract Tower,0,9,10,0,19,0,6,29,0,35,0,15,39,0,54,68,0,68,122
06/07/2020,TXK,AR,ASW,CE,Federal Contract Tower,0,2,15,0,17,0,3,35,0,38,0,5,50,0,55,90,0,90,145
06/08/2020,TXK,AR,ASW,CE,Federal Contract Tower,0,5,3,0,8,0,4,0,0,4,0,9,3,0,12,4,0,4,16
06/09/2020,TXK,AR,ASW,CE,Federal Contract Tower,0,2,11,4,17,0,2,18,5,25,0,4,29,9,42,14,24,38,80
06/10/2020,TXK,AR,ASW,CE,Federal Contract Tower,0,6,16,2,24,0,6,20,0,26,0,12,36,2,50,22,0,22,72
06/11/2020,TXK,AR,ASW,CE,Federal Contract Tower,0,6,25,1,32,0,8,32,2,42,0,14,57,3,74,50,8,58,132
06/12/2020,TXK,AR,ASW,CE,Federal Contract Tower,0,7,25,1,33,0,0,35,0,35,0,7,60,1,68,26,0,26,94
06/13/2020,TXK,AR,ASW,CE,Federal Contract Tower,0,2,14,0,16,0,4,5,0,9,0,6,19,0,25,10,0,10,35
06/14/2020,TXK,AR,ASW,CE,Federal Contract Tower,0,10,11,0,21,0,5,20,0,25,0,15,31,0,46,84,0,84,130
06/15/2020,TXK,AR,ASW,CE,Federal Contract Tower,0,2,10,0,12,0,19,25,0,44,0,21,35,0,56,104,0,104,160
06/16/2020,TXK,AR,ASW,CE,Federal Contract Tower,0,4,19,1,24,0,2,36,0,38,0,6,55,1,62,130,2,132,194
06/17/2020,TXK,AR,ASW,CE,Federal Contract Tower,0,9,13,0,22,0,7,17,0,24,0,16,30,0,46,46,0,46,92
06/18/2020,TXK,AR,ASW,CE,Federal Contract Tower,0,4,26,3,33,0,9,24,3,36,0,13,50,6,69,22,10,32,101
06/19/2020,TXK,AR,ASW,CE,Federal Contract Tower,0,4,28,5,37,0,4,22,0,26,0,8,50,5,63,24,16,40,103
06/20/2020,TXK,AR,ASW,CE,Federal Contract Tower,0,4,7,1,12,0,7,13,0,20,0,11,20,1,32,24,2,26,58
06/21/2020,TXK,AR,ASW,CE,Federal Contract Tower,0,3,6,0,9,0,3,3,0,6,0,6,9,0,15,8,0,8,23
06/22/2020,TXK,AR,ASW,CE,Federal Contract Tower,0,2,17,3,22,0,2,11,0,13,0,4,28,3,35,12,24,36,71
06/23/2020,TXK,AR,ASW,CE,Federal Contract Tower,0,5,11,0,16,0,2,1,2,5,0,7,12,2,21,2,0,2,23
06/24/2020,TXK,AR,ASW,CE,Federal Contract Tower,0,4,31,4,39,0,4,32,2,38,0,8,63,6,77,50,12,62,139
06/25/2020,TXK,AR,ASW,CE,Federal Contract Tower,0,5,15,8,28,0,2,28,7,37,0,7,43,15,65,68,20,88,153
06/26/2020,TXK,AR,ASW,CE,Federal Contract Tower,0,2,14,0,16,0,0,4,0,4,0,2,18,0,20,10,0,10,30
06/27/2020,TXK,AR,ASW,CE,Federal Contract Tower,0,3,8,3,14,0,2,5,3,10,0,5,13,6,24,2,0,2,26
06/28/2020,TXK,AR,ASW,CE,Federal Contract Tower,0,5,18,0,23,0,11,7,0,18,0,16,25,0,41,74,0,74,115
06/29/2020,TXK,AR,ASW,CE,Federal Contract Tower,0,3,10,0,13,0,0,11,2,13,0,3,21,2,26,28,0,28,54
06/30/2020,TXK,AR,ASW,CE,Federal Contract Tower,0,9,16,0,25,0,6,17,0,23,0,15,33,0,48,42,0,42,90
07/01/2020,TXK,AR,ASW,CE,Federal Contract Tower,0,3,17,0,20,0,0,15,4,19,0,3,32,4,39,54,0,54,93
07/02/2020,TXK,AR,ASW,CE,Federal Contract Tower,0,6,12,6,24,0,6,19,2,27,0,12,31,8,51,46,24,70,121
07/03/2020,TXK,AR,ASW,CE,Federal Contract Tower,0,3,13,0,16,0,4,11,1,16,0,7,24,1,32,24,0,24,56
07/04/2020,TXK,AR,ASW,CE,Federal Contract Tower,0,2,2,0,4,0,0,2,5,7,0,2,4,5,11,0,0,0,11
07/05/2020,TXK,AR,ASW,CE,Federal Contract Tower,0,4,4,6,14,0,6,3,16,25,0,10,7,22,39,20,0,20,59
07/06/2020,TXK,AR,ASW,CE,Federal Contract Tower,0,4,14,0,18,0,4,0,0,4,0,8,14,0,22,8,0,8,30
07/07/2020,TXK,AR,ASW,CE,Federal Contract Tower,0,6,11,2,19,0,0,12,0,12,0,6,23,2,31,42,2,44,75
07/08/2020,TXK,AR,ASW,CE,Federal Contract Tower,0,13,12,0,25,0,2,27,0,29,0,15,39,0,54,210,0,210,264
07/09/2020,TXK,AR,ASW,CE,Federal Contract Tower,0,9,14,1,24,0,12,47,0,59,0,21,61,1,83,182,0,182,265
07/10/2020,TXK,AR,ASW,CE,Federal Contract Tower,0,4,29,0,33,0,13,64,4,81,0,17,93,4,114,88,0,88,202
07/11/2020,TXK,AR,ASW,CE,Federal Contract Tower,0,9,14,0,23,0,7,27,0,34,0,16,41,0,57,30,0,30,87
07/12/2020,TXK,AR,ASW,CE,Federal Contract Tower,0,6,13,0,19,0,3,43,0,46,0,9,56,0,65,72,0,72,137
07/13/2020,TXK,AR,ASW,CE,Federal Contract Tower,0,6,18,1,25,0,9,35,0,44,0,15,53,1,69,56,0,56,125
07/14/2020,TXK,AR,ASW,CE,Federal Contract Tower,0,8,21,1,30,0,7,31,3,41,0,15,52,4,71,32,4,36,107
07/15/2020,TXK,AR,ASW,CE,Federal Contract Tower,0,5,20,3,28,0,9,35,3,47,0,14,55,6,75,56,16,72,147
07/16/2020,TXK,AR,ASW,CE,Federal Contract Tower,0,6,12,11,29,0,9,44,8,61,0,15,56,19,90,90,16,106,196
07/17/2020,TXK,AR,ASW,CE,Federal Contract Tower,0,9,12,2,23,0,3,26,1,30,0,12,38,3,53,42,0,42,95
07/18/2020,TXK,AR,ASW,CE,Federal Contract Tower,0,7,10,0,17,0,4,19,0,23,0,11,29,0,40,32,0,32,72
07/19/2020,TXK,AR,ASW,CE,Federal Contract Tower,0,7,16,0,23,0,2,26,0,28,0,9,42,0,51,40,0,40,91
07/20/2020,TXK,AR,ASW,CE,Federal Contract Tower,0,4,15,6,25,0,9,22,1,32,0,13,37,7,57,28,12,40,97
07/21/2020,TXK,AR,ASW,CE,Federal Contract Tower,0,7,19,0,26,0,4,22,0,26,0,11,41,0,52,70,0,70,122
07/22/2020,TXK,AR,ASW,CE,Federal Contract Tower,0,7,12,2,21,0,2,4,0,6,0,9,16,2,27,10,0,10,37
07/23/2020,TXK,AR,ASW,CE,Federal Contract Tower,0,6,17,2,25,0,2,24,0,26,0,8,41,2,51,42,0,42,93
07/24/2020,TXK,AR,ASW,CE,Federal Contract Tower,0,4,23,2,29,0,36,0,0,36,0,40,23,2,65,98,2,100,165
07/25/2020,TXK,AR,ASW,CE,Federal Contract Tower,0,4,2,0,6,0,0,2,0,2,0,4,4,0,8,2,0,2,10
07/26/2020,TXK,AR,ASW,CE,Federal Contract Tower,0,9,9,0,18,0,0,21,0,21,0,9,30,0,39,38,0,38,77
07/27/2020,TXK,AR,ASW,CE,Federal Contract Tower,0,6,27,0,33,0,1,60,0,61,0,7,87,0,94,102,0,102,196
07/28/2020,TXK,AR,ASW,CE,Federal Contract Tower,0,4,15,0,19,0,1,31,2,34,0,5,46,2,53,50,0,50,103
07/29/2020,TXK,AR,ASW,CE,Federal Contract Tower,0,7,13,0,20,0,2,14,0,16,0,9,27,0,36,18,0,18,54
07/30/2020,TXK,AR,ASW,CE,Federal Contract Tower,0,8,6,2,16,0,1,10,2,13,0,9,16,4,29,20,14,34,63
07/31/2020,TXK,AR,ASW,CE,Federal Contract Tower,0,5,14,0,19,0,1,12,0,13,0,6,26,0,32,42,0,42,74
08/01/2020,TXK,AR,ASW,CE,Federal Contract Tower,0,9,13,0,22,0,4,42,0,46,0,13,55,0,68,68,0,68,136
08/02/2020,TXK,AR,ASW,CE,Federal Contract Tower,0,8,13,0,21,0,0,24,0,24,0,8,37,0,45,46,0,46,91
08/03/2020,TXK,AR,ASW,CE,Federal Contract Tower,0,6,10,4,20,0,2,23,1,26,0,8,33,5,46,86,8,94,140
08/04/2020,TXK,AR,ASW,CE,Federal Contract Tower,0,9,24,2,35,0,9,19,2,30,0,18,43,4,65,52,0,52,117
08/05/2020,TXK,AR,ASW,CE,Federal Contract Tower,0,4,14,0,18,0,1,16,0,17,0,5,30,0,35,26,0,26,61
08/06/2020,TXK,AR,ASW,CE,Federal Contract Tower,0,7,24,2,33,0,0,15,0,15,0,7,39,2,48,40,6,46,94
08/07/2020,TXK,AR,ASW,CE,Federal Contract Tower,0,7,5,0,12,0,0,18,0,18,0,7,23,0,30,68,0,68,98
08/08/2020,TXK,AR,ASW,CE,Federal Contract Tower,0,6,12,2,20,0,7,9,0,16,0,13,21,2,36,42,0,42,78
08/09/2020,TXK,AR,ASW,CE,Federal Contract Tower,0,8,32,0,40,0,5,26,1,32,0,13,58,1,72,64,0,64,136
08/10/2020,TXK,AR,ASW,CE,Federal Contract Tower,0,12,15,0,27,0,0,33,1,34,0,12,48,1,61,94,0,94,155
08/11/2020,TXK,AR,ASW,CE,Federal Contract Tower,0,5,17,3,25,0,0,41,0,41,0,5,58,3,66,110,4,114,180
08/12/2020,TXK,AR,ASW,CE,Federal Contract Tower,0,5,9,1,15,0,1,19,0,20,0,6,28,1,35,56,4,60,95
08/13/2020,TXK,AR,ASW,CE,Federal Contract Tower,0,5,12,0,17,0,0,18,0,18,0,5,30,0,35,28,0,28,63
08/14/2020,TXK,AR,ASW,CE,Federal Contract Tower,0,8,4,1,13,0,0,7,2,9,0,8,11,3,22,20,0,20,42
08/15/2020,TXK,AR,ASW,CE,Federal Contract Tower,0,8,21,1,30,0,1,15,0,16,0,9,36,1,46,36,0,36,82
08/16/2020,TXK,AR,ASW,CE,Federal Contract Tower,0,4,11,0,15,0,1,25,0,26,0,5,36,0,41,62,0,62,103
08/17/2020,TXK,AR,ASW,CE,Federal Contract Tower,0,4,7,0,11,0,7,24,0,31,0,11,31,0,42,50,0,50,92
08/18/2020,TXK,AR,ASW,CE,Federal Contract Tower,0,6,12,2,20,0,0,14,0,14,0,6,26,2,34,28,0,28,62
08/19/2020,TXK,AR,ASW,CE,Federal Contract Tower,0,8,27,2,37,0,8,35,4,47,0,16,62,6,84,68,0,68,152
08/20/2020,TXK,AR,ASW,CE,Federal Contract Tower,0,10,20,0,30,0,0,23,0,23,0,10,43,0,53,34,0,34,87
08/21/2020,TXK,AR,ASW,CE,Federal Contract Tower,0,8,13,2,23,0,8,20,0,28,0,16,33,2,51,38,0,38,89
08/22/2020,TXK,AR,ASW,CE,Federal Contract Tower,0,6,12,0,18,0,9,13,0,22,0,15,25,0,40,32,0,32,72
08/23/2020,TXK,AR,ASW,CE,Federal Contract Tower,0,11,22,0,33,0,4,23,0,27,0,15,45,0,60,34,0,34,94
08/24/2020,TXK,AR,ASW,CE,Federal Contract Tower,0,5,18,0,23,0,5,19,0,24,0,10,37,0,47,42,0,42,89
08/25/2020,TXK,AR,ASW,CE,Federal Contract Tower,0,6,26,1,33,0,0,32,0,32,0,6,58,1,65,60,0,60,125
08/26/2020,TXK,AR,ASW,CE,Federal Contract Tower,0,6,9,1,16,0,3,2,0,5,0,9,11,1,21,6,0,6,27
08/27/2020,TXK,AR,ASW,CE,Federal Contract Tower,0,3,2,0,5,0,0,0,0,0,0,3,2,0,5,2,0,2,7
08/28/2020,TXK,AR,ASW,CE,Federal Contract Tower,0,6,15,0,21,0,4,8,0,12,0,10,23,0,33,20,0,20,53
08/29/2020,TXK,AR,ASW,CE,Federal Contract Tower,0,8,25,0,33,0,12,13,0,25,0,20,38,0,58,44,0,44,102
08/30/2020,TXK,AR,ASW,CE,Federal Contract Tower,0,5,12,1,18,0,5,11,3,19,0,10,23,4,37,38,0,38,75
08/31/2020,TXK,AR,ASW,CE,Federal Contract Tower,0,6,22,1,29,0,5,10,1,16,0,11,32,2,45,18,0,18,63
09/01/2020,TXK,AR,ASW,CE,Federal Contract Tower,0,11,10,2,23,0,0,4,2,6,0,11,14,4,29,4,0,4,33
09/02/2020,TXK,AR,ASW,CE,Federal Contract Tower,0,8,4,0,12,0,0,2,0,2,0,8,6,0,14,0,0,0,14
09/03/2020,TXK,AR,ASW,CE,Federal Contract Tower,0,5,18,2,25,0,2,6,0,8,0,7,24,2,33,18,0,18,51
09/04/2020,TXK,AR,ASW,CE,Federal Contract Tower,0,6,15,0,21,0,0,28,0,28,0,6,43,0,49,62,0,62,111
09/05/2020,TXK,AR,ASW,CE,Federal Contract Tower,0,7,10,0,17,0,0,16,0,16,0,7,26,0,33,52,0,52,85
09/06/2020,TXK,AR,ASW,CE,Federal Contract Tower,0,6,23,0,29,0,7,53,0,60,0,13,76,0,89,74,0,74,163
09/07/2020,TXK,AR,ASW,CE,Federal Contract Tower,0,5,14,0,19,0,3,41,0,44,0,8,55,0,63,110,0,110,173
09/08/2020,TXK,AR,ASW,CE,Federal Contract Tower,8,15,0,0,23,0,8,38,0,46,8,23,38,0,69,66,0,66,135
09/09/2020,TXK,AR,ASW,CE,Federal Contract Tower,0,9,15,0,24,0,0,24,0,24,0,9,39,0,48,58,0,58,106
09/10/2020,TXK,AR,ASW,CE,Federal Contract Tower,0,4,24,4,32,0,5,14,1,20,0,9,38,5,52,30,0,30,82
09/11/2020,TXK,AR,ASW,CE,Federal Contract Tower,0,11,16,0,27,0,5,18,0,23,0,16,34,0,50,42,0,42,92
09/12/2020,TXK,AR,ASW,CE,Federal Contract Tower,0,12,21,0,33,0,2,27,0,29,0,14,48,0,62,50,0,50,112
09/13/2020,TXK,AR,ASW,CE,Federal Contract Tower,0,5,19,0,24,0,0,32,3,35,0,5,51,3,59,34,0,34,93
09/14/2020,TXK,AR,ASW,CE,Federal Contract Tower,0,8,18,1,27,0,13,4,4,21,0,21,22,5,48,42,0,42,90
09/15/2020,TXK,AR,ASW,CE,Federal Contract Tower,0,5,16,2,23,0,9,24,11,44,0,14,40,13,67,22,4,26,93
09/16/2020,TXK,AR,ASW,CE,Federal Contract Tower,0,7,14,0,21,0,12,17,10,39,0,19,31,10,60,28,0,28,88
09/17/2020,TXK,AR,ASW,CE,Federal Contract Tower,0,6,18,0,24,0,2,4,9,15,0,8,22,9,39,22,0,22,61
09/18/2020,TXK,AR,ASW,CE,Federal Contract Tower,0,5,20,0,25,0,6,9,2,17,0,11,29,2,42,24,0,24,66
09/19/2020,TXK,AR,ASW,CE,Federal Contract Tower,0,8,21,0,29,0,1,0,16,17,0,9,21,16,46,28,0,28,74
09/20/2020,TXK,AR,ASW,CE,Federal Contract Tower,0,6,19,0,25,0,5,28,0,33,0,11,47,0,58,44,0,44,102
09/21/2020,TXK,AR,ASW,CE,Federal Contract Tower,0,9,13,2,24,0,1,0,0,1,0,10,13,2,25,12,0,12,37
09/22/2020,TXK,AR,ASW,CE,Federal Contract Tower,0,4,3,0,7,0,0,0,0,0,0,4,3,0,7,0,0,0,7
09/23/2020,TXK,AR,ASW,CE,Federal Contract Tower,0,11,16,2,29,0,0,0,0,0,0,11,16,2,29,4,0,4,33
09/24/2020,TXK,AR,ASW,CE,Federal Contract Tower,0,7,12,1,20,0,5,10,1,16,0,12,22,2,36,30,0,30,66
09/25/2020,TXK,AR,ASW,CE,Federal Contract Tower,0,5,28,8,41,0,3,19,1,23,0,8,47,9,64,32,14,46,110
09/26/2020,TXK,AR,ASW,CE,Federal Contract Tower,0,11,12,5,28,0,2,8,0,10,0,13,20,5,38,12,10,22,60
09/27/2020,TXK,AR,ASW,CE,Federal Contract Tower,0,6,10,0,16,0,0,30,0,30,0,6,40,0,46,20,0,20,66
09/28/2020,TXK,AR,ASW,CE,Federal Contract Tower,0,5,17,0,22,0,11,6,0,17,0,16,23,0,39,38,0,38,77
09/29/2020,TXK,AR,ASW,CE,Federal Contract Tower,0,5,28,0,33,0,6,17,0,23,0,11,45,0,56,50,0,50,106
09/30/2020,TXK,AR,ASW,CE,Federal Contract Tower,0,4,18,0,22,0,11,17,0,28,0,15,35,0,50,56,0,56,106
10/01/2020,TXK,AR,ASW,CE,Federal Contract Tower,0,7,21,0,28,0,6,18,0,24,0,13,39,0,52,26,0,26,78
10/02/2020,TXK,AR,ASW,CE,Federal Contract Tower,0,7,32,3,42,0,6,21,0,27,0,13,53,3,69,34,2,36,105
10/03/2020,TXK,AR,ASW,CE,Federal Contract Tower,0,5,13,0,18,0,4,20,0,24,0,9,33,0,42,44,0,44,86
10/04/2020,TXK,AR,ASW,CE,Federal Contract Tower,0,11,22,0,33,0,2,23,0,25,0,13,45,0,58,32,0,32,90
10/05/2020,TXK,AR,ASW,CE,Federal Contract Tower,0,9,18,0,27,0,14,18,0,32,0,23,36,0,59,58,0,58,117
10/06/2020,TXK,AR,ASW,CE,Federal Contract Tower,0,5,21,3,29,0,4,54,3,61,0,9,75,6,90,38,0,38,128
10/07/2020,TXK,AR,ASW,CE,Federal Contract Tower,0,10,30,3,43,0,15,32,0,47,0,25,62,3,90,88,0,88,178
10/08/2020,TXK,AR,ASW,CE,Federal Contract Tower,0,10,16,31,57,0,7,44,15,66,0,17,60,46,123,66,44,110,233
10/09/2020,TXK,AR,ASW,CE,Federal Contract Tower,0,11,3,0,14,0,2,2,0,4,0,13,5,0,18,8,0,8,26
10/10/2020,TXK,AR,ASW,CE,Federal Contract Tower,0,7,8,0,15,0,4,12,0,16,0,11,20,0,31,20,0,20,51
10/11/2020,TXK,AR,ASW,CE,Federal Contract Tower,0,9,31,29,69,0,5,13,2,20,0,14,44,31,89,24,32,56,145
10/12/2020,TXK,AR,ASW,CE,Federal Contract Tower,0,7,18,0,25,0,4,10,2,16,0,11,28,2,41,34,0,34,75
10/13/2020,TXK,AR,ASW,CE,Federal Contract Tower,0,8,24,0,32,0,12,26,0,38,0,20,50,0,70,54,2,56,126
10/14/2020,TXK,AR,ASW,CE,Federal Contract Tower,0,8,23,0,31,0,6,26,0,32,0,14,49,0,63,52,0,52,115
10/15/2020,TXK,AR,ASW,CE,Federal Contract Tower,0,8,21,3,32,0,2,4,2,8,0,10,25,5,40,20,2,22,62
10/16/2020,TXK,AR,ASW,CE,Federal Contract Tower,0,5,27,2,34,0,3,23,0,26,0,8,50,2,60,42,0,42,102
10/17/2020,TXK,AR,ASW,CE,Federal Contract Tower,0,6,15,0,21,0,6,25,0,31,0,12,40,0,52,46,0,46,98
10/18/2020,TXK,AR,ASW,CE,Federal Contract Tower,0,7,20,0,27,0,4,23,0,27,0,11,43,0,54,42,0,42,96
10/19/2020,TXK,AR,ASW,CE,Federal Contract Tower,0,10,15,0,25,0,3,4,0,7,0,13,19,0,32,2,0,2,34
10/20/2020,TXK,AR,ASW,CE,Federal Contract Tower,0,8,17,0,25,0,0,14,2,16,0,8,31,2,41,30,0,30,71
10/21/2020,TXK,AR,ASW,CE,Federal Contract Tower,0,10,15,0,25,0,1,26,2,29,0,11,41,2,54,42,0,42,96
10/22/2020,TXK,AR,ASW,CE,Federal Contract Tower,0,4,27,0,31,0,4,16,0,20,0,8,43,0,51,70,0,70,121
10/23/2020,TXK,AR,ASW,CE,Federal Contract Tower,0,6,11,0,17,0,3,15,0,18,0,9,26,0,35,34,0,34,69
10/24/2020,TXK,AR,ASW,CE,Federal Contract Tower,0,6,2,2,10,0,0,0,4,4,0,6,2,6,14,0,0,0,14
10/25/2020,TXK,AR,ASW,CE,Federal Contract Tower,0,4,5,2,11,0,2,9,10,21,0,6,14,12,32,38,2,40,72
10/26/2020,TXK,AR,ASW,CE,Federal Contract Tower,0,9,17,0,26,0,0,0,0,0,0,9,17,0,26,0,0,0,26
10/27/2020,TXK,AR,ASW,CE,Federal Contract Tower,0,5,14,2,21,0,0,0,0,0,0,5,14,2,21,0,0,0,21
10/28/2020,TXK,AR,ASW,CE,Federal Contract Tower,0,6,1,0,7,0,0,0,0,0,0,6,1,0,7,0,0,0,7
10/29/2020,TXK,AR,ASW,CE,Federal Contract Tower,0,6,22,2,30,0,6,38,1,45,0,12,60,3,75,56,0,56,131
10/30/2020,TXK,AR,ASW,CE,Federal Contract Tower,0,11,23,0,34,0,1,42,0,43,0,12,65,0,77,68,0,68,145
10/31/2020,TXK,AR,ASW,CE,Federal Contract Tower,0,8,15,2,25,0,7,34,0,41,0,15,49,2,66,54,0,54,120
11/01/2020,TXK,AR,ASW,CE,Federal Contract Tower,0,6,17,0,23,0,13,35,0,48,0,19,52,0,71,54,0,54,125
11/02/2020,TXK,AR,ASW,CE,Federal Contract Tower,0,5,19,4,28,0,4,30,0,34,0,9,49,4,62,26,6,32,94
11/03/2020,TXK,AR,ASW,CE,Federal Contract Tower,0,5,24,1,30,0,8,56,4,68,0,13,80,5,98,66,0,66,164
11/04/2020,TXK,AR,ASW,CE,Federal Contract Tower,0,7,24,0,31,0,9,13,8,30,0,16,37,8,61,32,0,32,93
11/05/2020,TXK,AR,ASW,CE,Federal Contract Tower,0,4,17,3,24,0,9,27,2,38,0,13,44,5,62,38,0,38,100
11/06/2020,TXK,AR,ASW,CE,Federal Contract Tower,0,12,25,2,39,0,6,22,9,37,0,18,47,11,76,36,0,36,112
11/07/2020,TXK,AR,ASW,CE,Federal Contract Tower,0,12,16,0,28,0,5,22,4,31,0,17,38,4,59,26,0,26,85
11/08/2020,TXK,AR,ASW,CE,Federal Contract Tower,0,6,25,0,31,0,0,1,0,1,0,6,26,0,32,2,0,2,34
11/09/2020,TXK,AR,ASW,CE,Federal Contract Tower,0,10,16,0,26,0,4,17,0,21,0,14,33,0,47,72,0,72,119
11/10/2020,TXK,AR,ASW,CE,Federal Contract Tower,0,7,15,0,22,0,10,10,0,20,0,17,25,0,42,18,0,18,60
11/11/2020,TXK,AR,ASW,CE,Federal Contract Tower,0,4,17,0,21,0,6,22,0,28,0,10,39,0,49,46,0,46,95
11/12/2020,TXK,AR,ASW,CE,Federal Contract Tower,0,8,16,2,26,0,3,37,4,44,0,11,53,6,70,54,8,62,132
11/13/2020,TXK,AR,ASW,CE,Federal Contract Tower,0,5,12,0,17,0,1,17,0,18,0,6,29,0,35,32,0,32,67
11/14/2020,TXK,AR,ASW,CE,Federal Contract Tower,0,4,5,0,9,0,10,5,0,15,0,14,10,0,24,12,0,12,36
11/15/2020,TXK,AR,ASW,CE,Federal Contract Tower,0,8,20,0,28,0,1,44,4,49,0,9,64,4,77,74,0,74,151
11/16/2020,TXK,AR,ASW,CE,Federal Contract Tower,0,6,16,1,23,0,10,18,2,30,0,16,34,3,53,34,4,38,91
11/17/2020,TXK,AR,ASW,CE,Federal Contract Tower,0,6,21,0,27,0,5,25,0,30,0,11,46,0,57,38,0,38,95
11/18/2020,TXK,AR,ASW,CE,Federal Contract Tower,0,6,15,0,21,0,2,27,2,31,0,8,42,2,52,68,0,68,120
11/19/2020,TXK,AR,ASW,CE,Federal Contract Tower,0,4,22,1,27,0,0,23,3,26,0,4,45,4,53,12,2,14,67
11/20/2020,TXK,AR,ASW,CE,Federal Contract Tower,0,8,15,1,24,0,1,3,0,4,0,9,18,1,28,10,0,10,38
11/21/2020,TXK,AR,ASW,CE,Federal Contract Tower,0,4,13,0,17,0,0,32,0,32,0,4,45,0,49,52,0,52,101
11/22/2020,TXK,AR,ASW,CE,Federal Contract Tower,0,5,13,0,18,0,0,7,0,7,0,5,20,0,25,8,0,8,33
11/23/2020,TXK,AR,ASW,CE,Federal Contract Tower,0,5,13,0,18,0,12,14,2,28,0,17,27,2,46,34,0,34,80
11/24/2020,TXK,AR,ASW,CE,Federal Contract Tower,0,3,14,0,17,0,2,9,0,11,0,5,23,0,28,16,0,16,44
11/25/2020,TXK,AR,ASW,CE,Federal Contract Tower,0,7,21,0,28,0,12,21,0,33,0,19,42,0,61,30,0,30,91
11/26/2020,TXK,AR,ASW,CE,Federal Contract Tower,0,1,6,0,7,0,4,28,0,32,0,5,34,0,39,24,0,24,63
11/27/2020,TXK,AR,ASW,CE,Federal Contract Tower,0,4,7,0,11,0,0,0,0,0,0,4,7,0,11,4,0,4,15
11/28/2020,TXK,AR,ASW,CE,Federal Contract Tower,0,8,14,0,22,0,3,7,0,10,0,11,21,0,32,10,0,10,42
11/29/2020,TXK,AR,ASW,CE,Federal Contract Tower,0,9,10,0,19,0,1,0,0,1,0,10,10,0,20,0,0,0,20
11/30/2020,TXK,AR,ASW,CE,Federal Contract Tower,0,10,17,0,27,0,6,29,0,35,0,16,46,0,62,56,0,56,118
12/01/2020,TXK,AR,ASW,CE,Federal Contract Tower,0,4,25,2,31,0,2,29,3,34,0,6,54,5,65,50,0,50,115
12/02/2020,TXK,AR,ASW,CE,Federal Contract Tower,0,6,5,0,11,0,0,5,0,5,0,6,10,0,16,4,0,4,20
12/03/2020,TXK,AR,ASW,CE,Federal Contract Tower,0,4,19,0,23,0,2,2,0,4,0,6,21,0,27,18,0,18,45
12/04/2020,TXK,AR,ASW,CE,Federal Contract Tower,0,4,20,0,24,0,0,43,0,43,0,4,63,0,67,52,0,52,119
12/05/2020,TXK,AR,ASW,CE,Federal Contract Tower,0,4,29,7,40,0,4,30,2,36,0,8,59,9,76,70,16,86,162
12/06/2020,TXK,AR,ASW,CE,Federal Contract Tower,0,6,22,0,28,0,0,36,0,36,0,6,58,0,64,58,0,58,122
12/07/2020,TXK,AR,ASW,CE,Federal Contract Tower,0,4,13,0,17,0,10,17,0,27,0,14,30,0,44,14,0,14,58
12/08/2020,TXK,AR,ASW,CE,Federal Contract Tower,0,5,27,0,32,0,4,11,0,15,0,9,38,0,47,22,0,22,69
12/09/2020,TXK,AR,ASW,CE,Federal Contract Tower,0,10,26,6,42,0,4,38,0,42,0,14,64,6,84,62,6,68,152
12/10/2020,TXK,AR,ASW,CE,Federal Contract Tower,0,4,30,1,35,0,9,26,0,35,0,13,56,1,70,83,0,83,153
12/11/2020,TXK,AR,ASW,CE,Federal Contract Tower,0,6,6,0,12,0,0,3,0,3,0,6,9,0,15,2,0,2,17
12/12/2020,TXK,AR,ASW,CE,Federal Contract Tower,0,4,18,0,22,0,3,27,0,30,0,7,45,0,52,34,0,34,86
12/13/2020,TXK,AR,ASW,CE,Federal Contract Tower,0,5,4,0,9,0,0,5,0,5,0,5,9,0,14,6,0,6,20
12/14/2020,TXK,AR,ASW,CE,Federal Contract Tower,0,4,12,0,16,0,4,23,0,27,0,8,35,0,43,68,0,68,111
12/15/2020,TXK,AR,ASW,CE,Federal Contract Tower,0,5,12,0,17,0,0,0,0,0,0,5,12,0,17,0,0,0,17
12/16/2020,TXK,AR,ASW,CE,Federal Contract Tower,0,7,11,0,18,0,4,2,0,6,0,11,13,0,24,8,0,8,32
12/17/2020,TXK,AR,ASW,CE,Federal Contract Tower,0,6,29,6,41,0,12,16,0,28,0,18,45,6,69,48,12,60,129
12/18/2020,TXK,AR,ASW,CE,Federal Contract Tower,0,12,20,0,32,0,9,18,4,31,0,21,38,4,63,26,4,30,93
12/19/2020,TXK,AR,ASW,CE,Federal Contract Tower,0,6,13,0,19,0,0,0,0,0,0,6,13,0,19,0,0,0,19
12/20/2020,TXK,AR,ASW,CE,Federal Contract Tower,0,9,9,0,18,0,3,14,0,17,0,12,23,0,35,38,0,38,73
12/21/2020,TXK,AR,ASW,CE,Federal Contract Tower,0,11,23,3,37,0,6,15,2,23,0,17,38,5,60,26,0,26,86
12/22/2020,TXK,AR,ASW,CE,Federal Contract Tower,0,10,20,1,31,0,10,21,0,31,0,20,41,1,62,28,0,28,90
12/23/2020,TXK,AR,ASW,CE,Federal Contract Tower,0,9,18,0,27,0,3,3,0,6,0,12,21,0,33,12,0,12,45
12/24/2020,TXK,AR,ASW,CE,Federal Contract Tower,0,7,8,0,15,0,1,4,0,5,0,8,12,0,20,12,0,12,32
12/25/2020,TXK,AR,ASW,CE,Federal Contract Tower,0,3,7,0,10,0,8,10,0,18,0,11,17,0,28,24,0,24,52
12/26/2020,TXK,AR,ASW,CE,Federal Contract Tower,0,10,16,0,26,0,5,17,0,22,0,15,33,0,48,24,0,24,72
12/27/2020,TXK,AR,ASW,CE,Federal Contract Tower,0,12,15,0,27,0,3,6,0,9,0,15,21,0,36,12,0,12,48
12/28/2020,TXK,AR,ASW,CE,Federal Contract Tower,0,12,17,2,31,0,4,20,3,27,0,16,37,5,58,44,0,44,102
12/29/2020,TXK,AR,ASW,CE,Federal Contract Tower,0,13,20,0,33,0,5,11,0,16,0,18,31,0,49,12,0,12,61
12/30/2020,TXK,AR,ASW,CE,Federal Contract Tower,0,7,7,0,14,0,0,0,0,0,0,7,7,0,14,0,0,0,14
12/31/2020,TXK,AR,ASW,CE,Federal Contract Tower,0,7,5,0,12,0,0,0,0,0,0,7,5,0,12,2,0,2,14
01/01/2021,TXK,AR,ASW,CE,Federal Contract Tower,0,3,2,0,5,0,2,0,0,2,0,5,2,0,7,0,0,0,7
01/02/2021,TXK,AR,ASW,CE,Federal Contract Tower,0,9,12,0,21,0,5,6,0,11,0,14,18,0,32,14,0,14,46
01/03/2021,TXK,AR,ASW,CE,Federal Contract Tower,0,13,24,0,37,0,4,30,0,34,0,17,54,0,71,76,0,76,147
01/04/2021,TXK,AR,ASW,CE,Federal Contract Tower,0,10,25,0,35,0,10,33,0,43,0,20,58,0,78,72,0,72,150
01/05/2021,TXK,AR,ASW,CE,Federal Contract Tower,0,6,17,0,23,0,2,40,0,42,0,8,57,0,65,68,0,68,133
01/06/2021,TXK,AR,ASW,CE,Federal Contract Tower,0,7,4,0,11,0,0,0,0,0,0,7,4,0,11,0,0,0,11
01/07/2021,TXK,AR,ASW,CE,Federal Contract Tower,0,9,16,11,36,0,3,2,0,5,0,12,18,11,41,8,28,36,77
01/08/2021,TXK,AR,ASW,CE,Federal Contract Tower,0,10,17,6,33,0,1,12,7,20,0,11,29,13,53,36,20,56,109
01/09/2021,TXK,AR,ASW,CE,Federal Contract Tower,0,8,13,0,21,0,12,24,8,44,0,20,37,8,65,46,0,46,111
01/10/2021,TXK,AR,ASW,CE,Federal Contract Tower,0,4,9,0,13,0,0,23,0,23,0,4,32,0,36,88,0,88,124
01/11/2021,TXK,AR,ASW,CE,Federal Contract Tower,0,8,11,0,19,0,1,24,0,25,0,9,35,0,44,112,0,112,156
01/12/2021,TXK,AR,ASW,CE,Federal Contract Tower,0,10,29,0,39,0,1,55,0,56,0,11,84,0,95,70,0,70,165
01/13/2021,TXK,AR,ASW,CE,Federal Contract Tower,0,10,28,0,38,0,6,28,0,34,0,16,56,0,72,62,0,62,134
01/14/2021,TXK,AR,ASW,CE,Federal Contract Tower,0,10,30,0,40,0,6,19,0,25,0,16,49,0,65,28,0,28,93
01/15/2021,TXK,AR,ASW,CE,Federal Contract Tower,0,5,13,0,18,0,2,9,0,11,0,7,22,0,29,2,0,2,31
01/16/2021,TXK,AR,ASW,CE,Federal Contract Tower,0,12,28,0,40,0,2,29,2,33,0,14,57,2,73,38,0,38,111
01/17/2021,TXK,AR,ASW,CE,Federal Contract Tower,0,6,12,0,18,0,3,34,0,37,0,9,46,0,55,94,0,94,149
01/18/2021,TXK,AR,ASW,CE,Federal Contract Tower,0,13,20,0,33,0,2,35,8,45,0,15,55,8,78,76,0,76,154
01/19/2021,TXK,AR,ASW,CE,Federal Contract Tower,0,9,12,0,21,0,4,6,0,10,0,13,18,0,31,24,0,24,55
01/20/2021,TXK,AR,ASW,CE,Federal Contract Tower,0,11,8,1,20,0,1,20,0,21,0,12,28,1,41,18,2,20,61
01/21/2021,TXK,AR,ASW,CE,Federal Contract Tower,0,5,19,3,27,0,0,8,0,8,0,5,27,3,35,10,6,16,51
01/22/2021,TXK,AR,ASW,CE,Federal Contract Tower,0,16,10,0,26,0,0,13,0,13,0,16,23,0,39,92,0,92,131
01/23/2021,TXK,AR,ASW,CE,Federal Contract Tower,0,9,5,3,17,0,2,17,1,20,0,11,22,4,37,26,14,40,77
01/24/2021,TXK,AR,ASW,CE,Federal Contract Tower,0,4,0,0,4,0,0,0,0,0,0,4,0,0,4,0,0,0,4
01/25/2021,TXK,AR,ASW,CE,Federal Contract Tower,0,10,9,6,25,0,10,13,0,23,0,20,22,6,48,38,12,50,98
01/26/2021,TXK,AR,ASW,CE,Federal Contract Tower,0,6,46,2,54,0,12,37,3,52,0,18,83,5,106,108,0,108,214
01/27/2021,TXK,AR,ASW,CE,Federal Contract Tower,0,6,17,9,32,0,3,20,4,27,0,9,37,13,59,34,28,62,121
01/28/2021,TXK,AR,ASW,CE,Federal Contract Tower,0,6,14,0,20,0,4,15,2,21,0,10,29,2,41,42,0,42,83
01/29/2021,TXK,AR,ASW,CE,Federal Contract Tower,0,7,27,0,34,0,8,14,0,22,0,15,41,0,56,46,0,46,102
01/30/2021,TXK,AR,ASW,CE,Federal Contract Tower,0,15,8,0,23,0,1,0,0,1,0,16,8,0,24,4,0,4,28
01/31/2021,TXK,AR,ASW,CE,Federal Contract Tower,0,8,10,0,18,0,4,14,0,18,0,12,24,0,36,40,0,40,76
02/01/2021,TXK,AR,ASW,CE,Federal Contract Tower,0,12,14,0,26,0,12,37,0,49,0,24,51,0,75,70,0,70,145
02/02/2021,TXK,AR,ASW,CE,Federal Contract Tower,0,6,15,0,21,0,4,46,0,50,0,10,61,0,71,90,0,90,161
02/03/2021,TXK,AR,ASW,CE,Federal Contract Tower,0,9,25,2,36,0,9,38,5,52,0,18,63,7,88,96,14,110,198
02/04/2021,TXK,AR,ASW,CE,Federal Contract Tower,0,12,8,2,22,0,5,0,2,7,0,17,8,4,29,12,0,12,41
02/05/2021,TXK,AR,ASW,CE,Federal Contract Tower,0,6,18,4,28,0,17,34,0,51,0,23,52,4,79,108,6,114,193
02/06/2021,TXK,AR,ASW,CE,Federal Contract Tower,0,7,2,3,12,0,7,0,0,7,0,14,2,3,19,10,6,16,35
02/07/2021,TXK,AR,ASW,CE,Federal Contract Tower,0,3,8,0,11,0,0,14,0,14,0,3,22,0,25,28,0,28,53
02/08/2021,TXK,AR,ASW,CE,Federal Contract Tower,0,8,11,0,19,0,1,8,0,9,0,9,19,0,28,32,0,32,60
02/09/2021,TXK,AR,ASW,CE,Federal Contract Tower,0,6,2,0,8,0,0,0,0,0,0,6,2,0,8,0,0,0,8
02/10/2021,TXK,AR,ASW,CE,Federal Contract Tower,0,12,6,0,18,0,0,0,0,0,0,12,6,0,18,4,0,4,22
02/11/2021,TXK,AR,ASW,CE,Federal Contract Tower,0,11,8,0,19,0,0,4,0,4,0,11,12,0,23,6,0,6,29
02/12/2021,TXK,AR,ASW,CE,Federal Contract Tower,0,9,4,0,13,0,0,4,0,4,0,9,8,0,17,20,0,20,37
02/13/2021,TXK,AR,ASW,CE,Federal Contract Tower,0,8,8,0,16,0,0,8,0,8,0,8,16,0,24,24,0,24,48
02/14/2021,TXK,AR,ASW,CE,Federal Contract Tower,0,1,3,0,4,0,0,0,0,0,0,1,3,0,4,0,0,0,4
02/15/2021,TXK,AR,ASW,CE,Federal Contract Tower,0,0,0,0,0,0,0,0,0,0,0,0,0,0,0,0,0,0,0
02/16/2021,TXK,AR,ASW,CE,Federal Contract Tower,0,4,2,0,6,0,9,1,0,10,0,13,3,0,16,16,0,16,32
02/17/2021,TXK,AR,ASW,CE,Federal Contract Tower,0,0,0,0,0,0,0,0,0,0,0,0,0,0,0,0,0,0,0
02/18/2021,TXK,AR,ASW,CE,Federal Contract Tower,0,0,0,0,0,0,19,1,0,20,0,19,1,0,20,30,0,30,50
02/19/2021,TXK,AR,ASW,CE,Federal Contract Tower,0,8,11,0,19,0,9,6,0,15,0,17,17,0,34,24,0,24,58
02/20/2021,TXK,AR,ASW,CE,Federal Contract Tower,0,15,20,0,35,0,10,13,0,23,0,25,33,0,58,32,0,32,90
02/21/2021,TXK,AR,ASW,CE,Federal Contract Tower,0,4,4,0,8,0,0,10,0,10,0,4,14,0,18,4,0,4,22
02/22/2021,TXK,AR,ASW,CE,Federal Contract Tower,0,11,14,0,25,0,8,24,0,32,0,19,38,0,57,24,0,24,81
02/23/2021,TXK,AR,ASW,CE,Federal Contract Tower,0,12,20,1,33,0,6,18,3,27,0,18,38,4,60,46,2,48,108
02/24/2021,TXK,AR,ASW,CE,Federal Contract Tower,0,10,16,3,29,0,2,18,2,22,0,12,34,5,51,48,0,48,99
02/25/2021,TXK,AR,ASW,CE,Federal Contract Tower,0,12,14,0,26,0,5,14,0,19,0,17,28,0,45,12,0,12,57
02/26/2021,TXK,AR,ASW,CE,Federal Contract Tower,0,9,3,0,12,0,0,0,0,0,0,9,3,0,12,0,0,0,12
02/27/2021,TXK,AR,ASW,CE,Federal Contract Tower,0,7,6,0,13,0,0,0,0,0,0,7,6,0,13,4,0,4,17
02/28/2021,TXK,AR,ASW,CE,Federal Contract Tower,0,5,6,4,15,0,4,5,0,9,0,9,11,4,24,24,4,28,52
03/01/2021,TXK,AR,ASW,CE,Federal Contract Tower,0,10,11,2,23,0,1,0,0,1,0,11,11,2,24,0,2,2,26
03/02/2021,TXK,AR,ASW,CE,Federal Contract Tower,0,9,6,0,15,0,19,15,0,34,0,28,21,0,49,54,0,54,103
03/03/2021,TXK,AR,ASW,CE,Federal Contract Tower,0,12,27,0,39,0,27,50,0,77,0,39,77,0,116,126,0,126,242
03/04/2021,TXK,AR,ASW,CE,Federal Contract Tower,0,9,18,2,29,0,5,25,0,30,0,14,43,2,59,14,0,14,73
03/05/2021,TXK,AR,ASW,CE,Federal Contract Tower,0,8,21,0,29,0,4,6,0,10,0,12,27,0,39,24,0,24,63
03/06/2021,TXK,AR,ASW,CE,Federal Contract Tower,0,9,31,0,40,0,4,33,0,37,0,13,64,0,77,50,0,50,127
03/07/2021,TXK,AR,ASW,CE,Federal Contract Tower,0,5,26,0,31,0,9,20,0,29,0,14,46,0,60,56,0,56,116
03/08/2021,TXK,AR,ASW,CE,Federal Contract Tower,0,8,16,0,24,0,6,19,0,25,0,14,35,0,49,34,0,34,83
03/09/2021,TXK,AR,ASW,CE,Federal Contract Tower,0,6,8,14,28,0,11,13,5,29,0,17,21,19,57,28,38,66,123
03/10/2021,TXK,AR,ASW,CE,Federal Contract Tower,0,13,18,0,31,0,9,9,0,18,0,22,27,0,49,36,0,36,85
03/11/2021,TXK,AR,ASW,CE,Federal Contract Tower,0,14,9,0,23,0,0,13,4,17,0,14,22,4,40,10,0,10,50
03/12/2021,TXK,AR,ASW,CE,Federal Contract Tower,0,9,20,1,30,0,10,25,0,35,0,19,45,1,65,100,0,100,165
03/13/2021,TXK,AR,ASW,CE,Federal Contract Tower,0,8,11,0,19,0,4,8,0,12,0,12,19,0,31,16,0,16,47
03/14/2021,TXK,AR,ASW,CE,Federal Contract Tower,0,6,3,0,9,0,0,1,0,1,0,6,4,0,10,0,0,0,10
03/15/2021,TXK,AR,ASW,CE,Federal Contract Tower,0,11,12,0,23,0,7,20,0,27,0,18,32,0,50,70,0,70,120
03/16/2021,TXK,AR,ASW,CE,Federal Contract Tower,0,11,19,0,30,0,7,9,0,16,0,18,28,0,46,8,0,8,54
03/17/2021,TXK,AR,ASW,CE,Federal Contract Tower,0,10,5,0,15,0,0,0,0,0,0,10,5,0,15,4,0,4,19
03/18/2021,TXK,AR,ASW,CE,Federal Contract Tower,0,11,22,0,33,0,4,14,2,20,0,15,36,2,53,40,0,40,93
03/19/2021,TXK,AR,ASW,CE,Federal Contract Tower,0,13,15,0,28,0,5,26,0,31,0,18,41,0,59,46,0,46,105
03/20/2021,TXK,AR,ASW,CE,Federal Contract Tower,0,11,21,0,32,0,3,42,0,45,0,14,63,0,77,84,0,84,161
03/21/2021,TXK,AR,ASW,CE,Federal Contract Tower,0,9,20,0,29,0,6,34,0,40,0,15,54,0,69,124,0,124,193
03/22/2021,TXK,AR,ASW,CE,Federal Contract Tower,0,15,24,0,39,0,3,10,0,13,0,18,34,0,52,22,0,22,74
03/23/2021,TXK,AR,ASW,CE,Federal Contract Tower,0,11,29,0,40,0,14,29,0,43,0,25,58,0,83,52,0,52,135
03/24/2021,TXK,AR,ASW,CE,Federal Contract Tower,0,14,7,3,24,0,7,33,8,48,0,21,40,11,72,74,12,86,158
03/25/2021,TXK,AR,ASW,CE,Federal Contract Tower,0,11,19,5,35,0,1,4,7,12,0,12,23,12,47,10,26,36,83
03/26/2021,TXK,AR,ASW,CE,Federal Contract Tower,0,8,49,10,67,0,8,23,0,31,0,16,72,10,98,72,24,96,194
03/27/2021,TXK,AR,ASW,CE,Federal Contract Tower,0,6,15,0,21,0,2,4,0,6,0,8,19,0,27,24,0,24,51
03/28/2021,TXK,AR,ASW,CE,Federal Contract Tower,0,6,9,0,15,0,20,15,0,35,0,26,24,0,50,20,0,20,70
03/29/2021,TXK,AR,ASW,CE,Federal Contract Tower,0,19,21,2,42,0,10,28,2,40,0,29,49,4,82,44,0,44,126
03/30/2021,TXK,AR,ASW,CE,Federal Contract Tower,0,9,16,0,25,0,0,1,0,1,0,9,17,0,26,2,0,2,28
03/31/2021,TXK,AR,ASW,CE,Federal Contract Tower,0,6,7,1,14,0,5,13,0,18,0,11,20,1,32,48,4,52,84
04/01/2021,TXK,AR,ASW,CE,Federal Contract Tower,0,8,17,0,25,0,12,33,0,45,0,20,50,0,70,92,0,92,162
04/02/2021,TXK,AR,ASW,CE,Federal Contract Tower,0,13,25,2,40,0,8,32,0,40,0,21,57,2,80,66,0,66,146
04/03/2021,TXK,AR,ASW,CE,Federal Contract Tower,0,8,22,0,30,0,5,19,0,24,0,13,41,0,54,40,0,40,94
04/04/2021,TXK,AR,ASW,CE,Federal Contract Tower,0,5,13,0,18,0,5,21,0,26,0,10,34,0,44,16,0,16,60
04/05/2021,TXK,AR,ASW,CE,Federal Contract Tower,0,12,17,3,32,0,5,27,3,35,0,17,44,6,67,34,16,50,117
04/06/2021,TXK,AR,ASW,CE,Federal Contract Tower,0,9,14,1,24,0,4,4,0,8,0,13,18,1,32,4,0,4,36
04/07/2021,TXK,AR,ASW,CE,Federal Contract Tower,0,9,13,0,22,0,2,3,0,5,0,11,16,0,27,4,0,4,31
04/08/2021,TXK,AR,ASW,CE,Federal Contract Tower,0,11,29,5,45,0,5,21,1,27,0,16,50,6,72,62,14,76,148
04/09/2021,TXK,AR,ASW,CE,Federal Contract Tower,0,6,8,0,14,0,2,6,0,8,0,8,14,0,22,50,0,50,72
04/10/2021,TXK,AR,ASW,CE,Federal Contract Tower,0,9,14,0,23,0,7,22,2,31,0,16,36,2,54,28,0,28,82
04/11/2021,TXK,AR,ASW,CE,Federal Contract Tower,0,9,27,6,42,0,2,42,0,44,0,11,69,6,86,100,8,108,194
04/12/2021,TXK,AR,ASW,CE,Federal Contract Tower,0,9,16,0,25,0,2,20,0,22,0,11,36,0,47,30,0,30,77
04/13/2021,TXK,AR,ASW,CE,Federal Contract Tower,0,6,19,1,26,0,6,21,1,28,0,12,40,2,54,16,0,16,70
04/14/2021,TXK,AR,ASW,CE,Federal Contract Tower,0,10,3,0,13,0,0,1,0,1,0,10,4,0,14,2,0,2,16
04/15/2021,TXK,AR,ASW,CE,Federal Contract Tower,0,8,20,0,28,0,4,3,0,7,0,12,23,0,35,12,0,12,47
04/16/2021,TXK,AR,ASW,CE,Federal Contract Tower,0,12,9,0,21,0,0,1,0,1,0,12,10,0,22,2,0,2,24
04/17/2021,TXK,AR,ASW,CE,Federal Contract Tower,0,9,6,2,17,0,0,1,1,2,0,9,7,3,19,6,12,18,37
04/18/2021,TXK,AR,ASW,CE,Federal Contract Tower,0,8,29,0,37,0,5,26,0,31,0,13,55,0,68,64,0,64,132
04/19/2021,TXK,AR,ASW,CE,Federal Contract Tower,0,5,30,1,36,0,14,41,1,56,0,19,71,2,92,80,0,80,172
04/20/2021,TXK,AR,ASW,CE,Federal Contract Tower,10,26,5,0,41,0,5,20,2,27,10,31,25,2,68,36,10,46,114
04/21/2021,TXK,AR,ASW,CE,Federal Contract Tower,0,6,26,7,39,0,11,51,5,67,0,17,77,12,106,112,24,136,242
04/22/2021,TXK,AR,ASW,CE,Federal Contract Tower,0,11,28,2,41,0,4,38,6,48,0,15,66,8,89,40,0,40,129
04/23/2021,TXK,AR,ASW,CE,Federal Contract Tower,0,7,3,0,10,0,0,12,0,12,0,7,15,0,22,22,0,22,44
04/24/2021,TXK,AR,ASW,CE,Federal Contract Tower,0,8,26,2,36,0,8,20,1,29,0,16,46,3,65,32,0,32,97
04/25/2021,TXK,AR,ASW,CE,Federal Contract Tower,0,7,26,0,33,0,5,40,0,45,0,12,66,0,78,73,0,73,151
04/26/2021,TXK,AR,ASW,CE,Federal Contract Tower,0,6,24,0,30,0,3,25,0,28,0,9,49,0,58,28,0,28,86
04/27/2021,TXK,AR,ASW,CE,Federal Contract Tower,0,6,14,0,20,0,0,11,0,11,0,6,25,0,31,10,0,10,41
04/28/2021,TXK,AR,ASW,CE,Federal Contract Tower,0,6,6,0,12,0,3,7,0,10,0,9,13,0,22,20,0,20,42
04/29/2021,TXK,AR,ASW,CE,Federal Contract Tower,0,8,15,1,24,0,2,15,1,18,0,10,30,2,42,58,0,58,100
04/30/2021,TXK,AR,ASW,CE,Federal Contract Tower,0,10,12,0,22,0,5,23,3,31,0,15,35,3,53,52,0,52,105
05/01/2021,TXK,AR,ASW,CE,Federal Contract Tower,0,8,18,0,26,0,6,20,0,26,0,14,38,0,52,26,0,26,78
05/02/2021,TXK,AR,ASW,CE,Federal Contract Tower,0,10,5,0,15,0,2,4,0,6,0,12,9,0,21,14,0,14,35
05/03/2021,TXK,AR,ASW,CE,Federal Contract Tower,0,7,17,2,26,0,3,12,0,15,0,10,29,2,41,10,0,10,51
05/04/2021,TXK,AR,ASW,CE,Federal Contract Tower,0,7,7,2,16,0,4,9,0,13,0,11,16,2,29,20,0,20,49
05/05/2021,TXK,AR,ASW,CE,Federal Contract Tower,0,11,25,1,37,0,5,13,0,18,0,16,38,1,55,36,2,38,93
05/06/2021,TXK,AR,ASW,CE,Federal Contract Tower,0,6,18,3,27,0,6,31,0,37,0,12,49,3,64,20,4,24,88
05/07/2021,TXK,AR,ASW,CE,Federal Contract Tower,0,10,24,8,42,0,9,43,3,55,0,19,67,11,97,56,22,78,175
05/08/2021,TXK,AR,ASW,CE,Federal Contract Tower,0,4,10,0,14,0,11,6,0,17,0,15,16,0,31,20,0,20,51
05/09/2021,TXK,AR,ASW,CE,Federal Contract Tower,0,11,11,0,22,0,2,1,2,5,0,13,12,2,27,6,4,10,37
05/10/2021,TXK,AR,ASW,CE,Federal Contract Tower,0,10,5,0,15,0,3,1,0,4,0,13,6,0,19,4,0,4,23
05/11/2021,TXK,AR,ASW,CE,Federal Contract Tower,0,8,5,0,13,0,0,0,0,0,0,8,5,0,13,0,0,0,13
05/12/2021,TXK,AR,ASW,CE,Federal Contract Tower,0,12,14,1,27,0,4,5,0,9,0,16,19,1,36,14,2,16,52
05/13/2021,TXK,AR,ASW,CE,Federal Contract Tower,0,5,31,0,36,0,5,34,0,39,0,10,65,0,75,54,0,54,129
05/14/2021,TXK,AR,ASW,CE,Federal Contract Tower,0,14,19,7,40,0,3,46,1,50,0,17,65,8,90,160,4,164,254
05/15/2021,TXK,AR,ASW,CE,Federal Contract Tower,0,6,15,9,30,0,11,18,5,34,0,17,33,14,64,26,56,82,146
05/16/2021,TXK,AR,ASW,CE,Federal Contract Tower,0,13,17,0,30,0,3,9,0,12,0,16,26,0,42,32,0,32,74
05/17/2021,TXK,AR,ASW,CE,Federal Contract Tower,0,8,4,0,12,0,0,12,0,12,0,8,16,0,24,34,0,34,58
05/18/2021,TXK,AR,ASW,CE,Federal Contract Tower,0,9,5,0,14,0,0,0,0,0,0,9,5,0,14,0,0,0,14
05/19/2021,TXK,AR,ASW,CE,Federal Contract Tower,0,9,12,0,21,0,0,8,0,8,0,9,20,0,29,10,0,10,39
05/20/2021,TXK,AR,ASW,CE,Federal Contract Tower,0,11,23,0,34,0,0,12,0,12,0,11,35,0,46,30,0,30,76
05/21/2021,TXK,AR,ASW,CE,Federal Contract Tower,0,8,17,0,25,0,2,2,0,4,0,10,19,0,29,6,0,6,35
05/22/2021,TXK,AR,ASW,CE,Federal Contract Tower,8,17,2,0,27,0,5,9,0,14,8,22,11,0,41,26,0,26,67
05/23/2021,TXK,AR,ASW,CE,Federal Contract Tower,0,6,24,0,30,0,6,23,0,29,0,12,47,0,59,38,0,38,97
05/24/2021,TXK,AR,ASW,CE,Federal Contract Tower,0,10,16,0,26,0,6,15,0,21,0,16,31,0,47,26,0,26,73
05/25/2021,TXK,AR,ASW,CE,Federal Contract Tower,0,14,10,0,24,0,4,11,0,15,0,18,21,0,39,16,0,16,55
05/26/2021,TXK,AR,ASW,CE,Federal Contract Tower,0,11,35,5,51,0,3,16,4,23,0,14,51,9,74,32,12,44,118
05/27/2021,TXK,AR,ASW,CE,Federal Contract Tower,0,11,27,3,41,0,6,30,0,36,0,17,57,3,77,38,6,44,121
05/28/2021,TXK,AR,ASW,CE,Federal Contract Tower,0,12,17,0,29,0,12,17,0,29,0,24,34,0,58,36,0,36,94
05/29/2021,TXK,AR,ASW,CE,Federal Contract Tower,0,10,10,0,20,0,12,13,0,25,0,22,23,0,45,34,0,34,79
05/30/2021,TXK,AR,ASW,CE,Federal Contract Tower,0,7,22,0,29,0,16,14,0,30,0,23,36,0,59,48,0,48,107
05/31/2021,TXK,AR,ASW,CE,Federal Contract Tower,0,5,15,2,22,0,3,13,3,19,0,8,28,5,41,16,4,20,61
06/01/2021,TXK,AR,ASW,CE,Federal Contract Tower,0,14,6,3,23,0,4,11,0,15,0,18,17,3,38,24,2,26,64
06/02/2021,TXK,AR,ASW,CE,Federal Contract Tower,0,19,17,0,36,0,6,20,0,26,0,25,37,0,62,62,0,62,124
06/03/2021,TXK,AR,ASW,CE,Federal Contract Tower,0,10,31,4,45,0,8,39,2,49,0,18,70,6,94,72,14,86,180
06/04/2021,TXK,AR,ASW,CE,Federal Contract Tower,0,8,14,10,32,0,9,31,0,40,0,17,45,10,72,64,14,78,150
06/05/2021,TXK,AR,ASW,CE,Federal Contract Tower,0,8,3,0,11,0,2,4,0,6,0,10,7,0,17,16,0,16,33
06/06/2021,TXK,AR,ASW,CE,Federal Contract Tower,0,7,10,0,17,0,0,20,3,23,0,7,30,3,40,40,14,54,94
06/07/2021,TXK,AR,ASW,CE,Federal Contract Tower,0,9,8,0,17,0,0,9,0,9,0,9,17,0,26,30,0,30,56
06/08/2021,TXK,AR,ASW,CE,Federal Contract Tower,0,9,14,2,25,0,9,15,2,26,0,18,29,4,51,60,28,88,139
06/09/2021,TXK,AR,ASW,CE,Federal Contract Tower,0,12,32,13,57,0,12,26,3,41,0,24,58,16,98,96,34,130,228
06/10/2021,TXK,AR,ASW,CE,Federal Contract Tower,0,9,28,2,39,0,1,33,4,38,0,10,61,6,77,64,0,64,141
06/11/2021,TXK,AR,ASW,CE,Federal Contract Tower,0,7,20,2,29,0,13,24,0,37,0,20,44,2,66,74,4,78,144
06/12/2021,TXK,AR,ASW,CE,Federal Contract Tower,0,7,13,3,23,0,7,33,0,40,0,14,46,3,63,48,6,54,117
06/13/2021,TXK,AR,ASW,CE,Federal Contract Tower,0,6,19,0,25,0,16,14,0,30,0,22,33,0,55,14,0,14,69
06/14/2021,TXK,AR,ASW,CE,Federal Contract Tower,0,7,25,2,34,0,2,22,0,24,0,9,47,2,58,74,2,76,134
06/15/2021,TXK,AR,ASW,CE,Federal Contract Tower,0,11,16,0,27,0,3,30,0,33,0,14,46,0,60,36,0,36,96
06/16/2021,TXK,AR,ASW,CE,Federal Contract Tower,0,5,18,0,23,0,3,26,0,29,0,8,44,0,52,32,0,32,84
06/17/2021,TXK,AR,ASW,CE,Federal Contract Tower,0,5,11,0,16,0,6,30,0,36,0,11,41,0,52,62,0,62,114
06/18/2021,TXK,AR,ASW,CE,Federal Contract Tower,0,10,30,3,43,0,6,37,2,45,0,16,67,5,88,86,10,96,184
06/19/2021,TXK,AR,ASW,CE,Federal Contract Tower,0,8,10,0,18,0,0,17,0,17,0,8,27,0,35,26,0,26,61
06/20/2021,TXK,AR,ASW,CE,Federal Contract Tower,0,7,13,4,24,0,10,11,4,25,0,17,24,8,49,30,0,30,79
06/21/2021,TXK,AR,ASW,CE,Federal Contract Tower,0,9,9,3,21,0,0,3,0,3,0,9,12,3,24,12,2,14,38
06/22/2021,TXK,AR,ASW,CE,Federal Contract Tower,0,14,22,4,40,0,9,28,1,38,0,23,50,5,78,36,10,46,124
06/23/2021,TXK,AR,ASW,CE,Federal Contract Tower,0,11,18,0,29,0,10,27,4,41,0,21,45,4,70,68,4,72,142
06/24/2021,TXK,AR,ASW,CE,Federal Contract Tower,0,11,24,2,37,0,7,27,0,34,0,18,51,2,71,90,0,90,161
06/25/2021,TXK,AR,ASW,CE,Federal Contract Tower,0,5,20,0,25,0,3,20,0,23,0,8,40,0,48,38,0,38,86
06/26/2021,TXK,AR,ASW,CE,Federal Contract Tower,0,9,10,13,32,0,2,5,6,13,0,11,15,19,45,0,50,50,95
06/27/2021,TXK,AR,ASW,CE,Federal Contract Tower,0,6,20,0,26,0,3,11,0,14,0,9,31,0,40,22,0,22,62
06/28/2021,TXK,AR,ASW,CE,Federal Contract Tower,0,10,19,3,32,0,7,11,0,18,0,17,30,3,50,32,8,40,90
06/29/2021,TXK,AR,ASW,CE,Federal Contract Tower,0,5,16,3,24,0,7,22,0,29,0,12,38,3,53,16,4,20,73
06/30/2021,TXK,AR,ASW,CE,Federal Contract Tower,0,12,19,3,34,0,5,30,0,35,0,17,49,3,69,64,4,68,137
07/01/2021,TXK,AR,ASW,CE,Federal Contract Tower,0,6,26,3,35,0,9,22,11,42,0,15,48,14,77,50,34,84,161
07/02/2021,TXK,AR,ASW,CE,Federal Contract Tower,0,10,8,0,18,0,0,15,0,15,0,10,23,0,33,18,0,18,51
07/03/2021,TXK,AR,ASW,CE,Federal Contract Tower,0,5,14,0,19,0,5,21,0,26,0,10,35,0,45,39,0,39,84
07/04/2021,TXK,AR,ASW,CE,Federal Contract Tower,0,3,4,0,7,0,10,7,0,17,0,13,11,0,24,16,0,16,40
07/05/2021,TXK,AR,ASW,CE,Federal Contract Tower,0,9,13,0,22,0,9,20,0,29,0,18,33,0,51,24,0,24,75
07/06/2021,TXK,AR,ASW,CE,Federal Contract Tower,0,8,16,3,27,0,5,18,0,23,0,13,34,3,50,42,4,46,96
07/07/2021,TXK,AR,ASW,CE,Federal Contract Tower,0,9,17,3,29,0,10,15,0,25,0,19,32,3,54,36,2,38,92
07/08/2021,TXK,AR,ASW,CE,Federal Contract Tower,0,9,25,2,36,0,9,13,6,28,0,18,38,8,64,18,4,22,86
07/09/2021,TXK,AR,ASW,CE,Federal Contract Tower,0,9,8,0,17,0,4,17,0,21,0,13,25,0,38,40,0,40,78
07/10/2021,TXK,AR,ASW,CE,Federal Contract Tower,0,6,27,14,47,0,7,23,6,36,0,13,50,20,83,56,36,92,175
07/11/2021,TXK,AR,ASW,CE,Federal Contract Tower,0,7,17,0,24,0,6,7,0,13,0,13,24,0,37,24,0,24,61
07/12/2021,TXK,AR,ASW,CE,Federal Contract Tower,0,10,18,5,33,0,3,15,2,20,0,13,33,7,53,54,10,64,117
07/13/2021,TXK,AR,ASW,CE,Federal Contract Tower,0,11,22,0,33,0,6,28,0,34,0,17,50,0,67,60,0,60,127
07/14/2021,TXK,AR,ASW,CE,Federal Contract Tower,0,12,29,2,43,0,10,67,3,80,0,22,96,5,123,114,2,116,239
07/15/2021,TXK,AR,ASW,CE,Federal Contract Tower,0,9,13,0,22,0,16,42,0,58,0,25,55,0,80,54,0,54,134
07/16/2021,TXK,AR,ASW,CE,Federal Contract Tower,0,9,18,3,30,0,4,34,13,51,0,13,52,16,81,38,28,66,147
07/17/2021,TXK,AR,ASW,CE,Federal Contract Tower,0,5,15,0,20,0,6,31,0,37,0,11,46,0,57,34,0,34,91
07/18/2021,TXK,AR,ASW,CE,Federal Contract Tower,0,11,25,0,36,0,2,22,0,24,0,13,47,0,60,20,0,20,80
07/19/2021,TXK,AR,ASW,CE,Federal Contract Tower,0,12,21,3,36,0,0,13,0,13,0,12,34,3,49,36,6,42,91
07/20/2021,TXK,AR,ASW,CE,Federal Contract Tower,0,13,16,3,32,0,5,25,0,30,0,18,41,3,62,60,0,60,122
07/21/2021,TXK,AR,ASW,CE,Federal Contract Tower,0,16,27,1,44,0,3,29,2,34,0,19,56,3,78,52,0,52,130
07/22/2021,TXK,AR,ASW,CE,Federal Contract Tower,0,17,32,0,49,0,7,29,1,37,0,24,61,1,86,18,0,18,104
07/23/2021,TXK,AR,ASW,CE,Federal Contract Tower,0,12,28,13,53,0,6,19,1,26,0,18,47,14,79,28,24,52,131
07/24/2021,TXK,AR,ASW,CE,Federal Contract Tower,0,10,7,9,26,0,5,17,1,23,0,15,24,10,49,18,6,24,73
07/25/2021,TXK,AR,ASW,CE,Federal Contract Tower,0,5,19,8,32,0,0,12,0,12,0,5,31,8,44,10,8,18,62
07/26/2021,TXK,AR,ASW,CE,Federal Contract Tower,0,9,13,0,22,0,5,24,0,29,0,14,37,0,51,30,0,30,81
07/27/2021,TXK,AR,ASW,CE,Federal Contract Tower,0,6,13,2,21,0,6,1,0,7,0,12,14,2,28,6,0,6,34
07/28/2021,TXK,AR,ASW,CE,Federal Contract Tower,0,10,34,2,46,0,13,26,0,39,0,23,60,2,85,70,0,70,155
07/29/2021,TXK,AR,ASW,CE,Federal Contract Tower,0,7,18,8,33,0,4,26,0,30,0,11,44,8,63,52,14,66,129
07/30/2021,TXK,AR,ASW,CE,Federal Contract Tower,0,12,25,0,37,0,8,19,0,27,0,20,44,0,64,50,0,50,114
07/31/2021,TXK,AR,ASW,CE,Federal Contract Tower,0,10,9,0,19,0,10,30,0,40,0,20,39,0,59,24,0,24,83
08/01/2021,TXK,AR,ASW,CE,Federal Contract Tower,0,11,14,14,39,0,2,7,0,9,0,13,21,14,48,4,12,16,64
08/02/2021,TXK,AR,ASW,CE,Federal Contract Tower,0,9,12,0,21,0,5,5,0,10,0,14,17,0,31,12,0,12,43
08/03/2021,TXK,AR,ASW,CE,Federal Contract Tower,0,11,17,0,28,0,16,33,0,49,0,27,50,0,77,74,0,74,151
08/04/2021,TXK,AR,ASW,CE,Federal Contract Tower,0,14,18,3,35,0,2,22,0,24,0,16,40,3,59,64,4,68,127
08/05/2021,TXK,AR,ASW,CE,Federal Contract Tower,0,6,22,2,30,0,5,20,0,25,0,11,42,2,55,20,0,20,75
08/06/2021,TXK,AR,ASW,CE,Federal Contract Tower,0,14,19,3,36,0,9,28,0,37,0,23,47,3,73,92,0,92,165
08/07/2021,TXK,AR,ASW,CE,Federal Contract Tower,0,6,12,0,18,0,7,12,0,19,0,13,24,0,37,14,0,14,51
08/08/2021,TXK,AR,ASW,CE,Federal Contract Tower,0,7,9,0,16,0,14,10,0,24,0,21,19,0,40,14,0,14,54
08/09/2021,TXK,AR,ASW,CE,Federal Contract Tower,0,6,14,2,22,0,2,7,0,9,0,8,21,2,31,20,0,20,51
08/10/2021,TXK,AR,ASW,CE,Federal Contract Tower,0,10,18,3,31,0,8,24,0,32,0,18,42,3,63,50,8,58,121
08/11/2021,TXK,AR,ASW,CE,Federal Contract Tower,0,11,25,4,40,0,6,20,1,27,0,17,45,5,67,32,8,40,107
08/12/2021,TXK,AR,ASW,CE,Federal Contract Tower,0,5,21,0,26,0,19,39,5,63,0,24,60,5,89,118,8,126,215
08/13/2021,TXK,AR,ASW,CE,Federal Contract Tower,0,7,19,11,37,0,10,20,0,30,0,17,39,11,67,36,18,54,121
08/14/2021,TXK,AR,ASW,CE,Federal Contract Tower,0,8,10,0,18,0,0,3,0,3,0,8,13,0,21,6,0,6,27
08/15/2021,TXK,AR,ASW,CE,Federal Contract Tower,0,7,10,0,17,0,2,7,0,9,0,9,17,0,26,20,0,20,46
08/16/2021,TXK,AR,ASW,CE,Federal Contract Tower,0,7,16,0,23,0,7,25,0,32,0,14,41,0,55,104,0,104,159
08/17/2021,TXK,AR,ASW,CE,Federal Contract Tower,0,6,20,6,32,0,0,23,0,23,0,6,43,6,55,94,14,108,163
08/18/2021,TXK,AR,ASW,CE,Federal Contract Tower,0,5,10,0,15,0,2,6,0,8,0,7,16,0,23,26,0,26,49
08/19/2021,TXK,AR,ASW,CE,Federal Contract Tower,0,14,11,0,25,0,0,2,0,2,0,14,13,0,27,8,0,8,35
08/20/2021,TXK,AR,ASW,CE,Federal Contract Tower,0,10,20,0,30,0,8,35,0,43,0,18,55,0,73,92,0,92,165
08/21/2021,TXK,AR,ASW,CE,Federal Contract Tower,0,5,8,7,20,0,10,34,2,46,0,15,42,9,66,56,14,70,136
08/22/2021,TXK,AR,ASW,CE,Federal Contract Tower,0,7,17,8,32,0,8,56,0,64,0,15,73,8,96,100,16,116,212
08/23/2021,TXK,AR,ASW,CE,Federal Contract Tower,0,10,18,7,35,0,5,34,2,41,0,15,52,9,76,108,20,128,204
08/24/2021,TXK,AR,ASW,CE,Federal Contract Tower,0,7,17,0,24,0,1,33,0,34,0,8,50,0,58,96,0,96,154
08/25/2021,TXK,AR,ASW,CE,Federal Contract Tower,0,9,22,0,31,0,5,35,1,41,0,14,57,1,72,36,0,36,108
08/26/2021,TXK,AR,ASW,CE,Federal Contract Tower,0,13,15,4,32,0,1,34,1,36,0,14,49,5,68,72,4,76,144
08/27/2021,TXK,AR,ASW,CE,Federal Contract Tower,0,7,12,1,20,0,6,24,2,32,0,13,36,3,52,52,0,52,104
08/28/2021,TXK,AR,ASW,CE,Federal Contract Tower,0,8,7,0,15,0,2,5,0,7,0,10,12,0,22,30,0,30,52
08/29/2021,TXK,AR,ASW,CE,Federal Contract Tower,0,12,20,6,38,0,10,12,0,22,0,22,32,6,60,28,12,40,100
08/30/2021,TXK,AR,ASW,CE,Federal Contract Tower,0,10,14,2,26,0,11,13,0,24,0,21,27,2,50,60,0,60,110
08/31/2021,TXK,AR,ASW,CE,Federal Contract Tower,0,13,15,8,36,0,6,23,3,32,0,19,38,11,68,86,12,98,166
09/01/2021,TXK,AR,ASW,CE,Federal Contract Tower,0,9,10,7,26,0,6,22,4,32,0,15,32,11,58,82,4,86,144
09/02/2021,TXK,AR,ASW,CE,Federal Contract Tower,0,8,18,6,32,0,6,21,0,27,0,14,39,6,59,32,4,36,95
09/03/2021,TXK,AR,ASW,CE,Federal Contract Tower,0,5,12,0,17,0,6,12,0,18,0,11,24,0,35,84,0,84,119
09/04/2021,TXK,AR,ASW,CE,Federal Contract Tower,0,8,6,0,14,0,5,13,0,18,0,13,19,0,32,26,0,26,58
09/05/2021,TXK,AR,ASW,CE,Federal Contract Tower,0,10,5,0,15,0,0,19,0,19,0,10,24,0,34,46,0,46,80
09/06/2021,TXK,AR,ASW,CE,Federal Contract Tower,0,9,26,0,35,0,7,15,0,22,0,16,41,0,57,52,0,52,109
09/07/2021,TXK,AR,ASW,CE,Federal Contract Tower,0,5,18,0,23,0,13,33,0,46,0,18,51,0,69,66,0,66,135
09/08/2021,TXK,AR,ASW,CE,Federal Contract Tower,0,10,16,4,30,0,13,11,0,24,0,23,27,4,54,44,4,48,102
09/09/2021,TXK,AR,ASW,CE,Federal Contract Tower,0,10,22,0,32,0,3,33,0,36,0,13,55,0,68,68,0,68,136
09/10/2021,TXK,AR,ASW,CE,Federal Contract Tower,0,8,26,0,34,0,9,21,0,30,0,17,47,0,64,28,0,28,92
09/11/2021,TXK,AR,ASW,CE,Federal Contract Tower,0,6,17,0,23,0,4,18,0,22,0,10,35,0,45,16,0,16,61
09/12/2021,TXK,AR,ASW,CE,Federal Contract Tower,0,7,32,0,39,0,9,14,0,23,0,16,46,0,62,34,0,34,96
09/13/2021,TXK,AR,ASW,CE,Federal Contract Tower,0,12,20,3,35,0,6,5,0,11,0,18,25,3,46,16,4,20,66
09/14/2021,TXK,AR,ASW,CE,Federal Contract Tower,0,10,16,0,26,0,8,27,0,35,0,18,43,0,61,60,0,60,121
09/15/2021,TXK,AR,ASW,CE,Federal Contract Tower,0,8,27,0,35,0,2,20,0,22,0,10,47,0,57,32,0,32,89
09/16/2021,TXK,AR,ASW,CE,Federal Contract Tower,0,10,11,6,27,0,5,22,0,27,0,15,33,6,54,50,8,58,112
09/17/2021,TXK,AR,ASW,CE,Federal Contract Tower,0,6,13,0,19,0,3,8,0,11,0,9,21,0,30,22,0,22,52
09/18/2021,TXK,AR,ASW,CE,Federal Contract Tower,0,5,8,0,13,0,1,3,0,4,0,6,11,0,17,10,0,10,27
09/19/2021,TXK,AR,ASW,CE,Federal Contract Tower,0,7,13,0,20,0,5,10,0,15,0,12,23,0,35,30,0,30,65
09/20/2021,TXK,AR,ASW,CE,Federal Contract Tower,0,6,10,1,17,0,0,16,0,16,0,6,26,1,33,12,2,14,47
09/21/2021,TXK,AR,ASW,CE,Federal Contract Tower,0,13,22,0,35,0,10,17,0,27,0,23,39,0,62,44,0,44,106
09/22/2021,TXK,AR,ASW,CE,Federal Contract Tower,0,7,42,0,49,0,13,27,0,40,0,20,69,0,89,40,0,40,129
09/23/2021,TXK,AR,ASW,CE,Federal Contract Tower,0,7,15,6,28,0,17,37,0,54,0,24,52,6,82,74,6,80,162
09/24/2021,TXK,AR,ASW,CE,Federal Contract Tower,0,10,15,1,26,0,9,28,0,37,0,19,43,1,63,40,0,40,103
09/25/2021,TXK,AR,ASW,CE,Federal Contract Tower,0,7,20,0,27,0,2,17,0,19,0,9,37,0,46,78,0,78,124
09/26/2021,TXK,AR,ASW,CE,Federal Contract Tower,0,8,11,0,19,0,6,28,3,37,0,14,39,3,56,46,8,54,110
09/27/2021,TXK,AR,ASW,CE,Federal Contract Tower,0,9,21,2,32,0,8,12,0,20,0,17,33,2,52,20,2,22,74
09/28/2021,TXK,AR,ASW,CE,Federal Contract Tower,0,10,21,0,31,0,0,16,0,16,0,10,37,0,47,22,0,22,69
09/29/2021,TXK,AR,ASW,CE,Federal Contract Tower,0,14,17,0,31,0,8,10,0,18,0,22,27,0,49,22,0,22,71
09/30/2021,TXK,AR,ASW,CE,Federal Contract Tower,0,10,14,1,25,0,2,6,1,9,0,12,20,2,34,22,4,26,60
10/01/2021,TXK,AR,ASW,CE,Federal Contract Tower,0,9,12,2,23,0,1,5,0,6,0,10,17,2,29,18,0,18,47
10/02/2021,TXK,AR,ASW,CE,Federal Contract Tower,0,6,12,3,21,0,2,0,0,2,0,8,12,3,23,8,0,8,31
10/03/2021,TXK,AR,ASW,CE,Federal Contract Tower,0,10,29,4,43,0,10,11,0,21,0,20,40,4,64,36,0,36,100
10/04/2021,TXK,AR,ASW,CE,Federal Contract Tower,0,7,24,4,35,0,7,19,0,26,0,14,43,4,61,46,0,46,107
10/05/2021,TXK,AR,ASW,CE,Federal Contract Tower,0,8,32,0,40,0,8,18,0,26,0,16,50,0,66,24,0,24,90
10/06/2021,TXK,AR,ASW,CE,Federal Contract Tower,0,7,26,1,34,0,9,20,4,33,0,16,46,5,67,54,2,56,123
10/07/2021,TXK,AR,ASW,CE,Federal Contract Tower,0,8,13,0,21,0,11,16,0,27,0,19,29,0,48,52,0,52,100
10/08/2021,TXK,AR,ASW,CE,Federal Contract Tower,0,6,27,4,37,0,5,14,0,19,0,11,41,4,56,49,8,57,113
10/09/2021,TXK,AR,ASW,CE,Federal Contract Tower,0,6,20,0,26,0,3,11,0,14,0,9,31,0,40,22,0,22,62
10/10/2021,TXK,AR,ASW,CE,Federal Contract Tower,0,6,7,0,13,0,3,9,0,12,0,9,16,0,25,6,0,6,31
10/11/2021,TXK,AR,ASW,CE,Federal Contract Tower,0,8,10,0,18,0,8,11,0,19,0,16,21,0,37,58,0,58,95
10/12/2021,TXK,AR,ASW,CE,Federal Contract Tower,0,5,22,0,27,0,5,11,0,16,0,10,33,0,43,18,0,18,61
10/13/2021,TXK,AR,ASW,CE,Federal Contract Tower,0,5,10,4,19,0,1,25,0,26,0,6,35,4,45,40,0,40,85
10/14/2021,TXK,AR,ASW,CE,Federal Contract Tower,0,11,22,0,33,0,4,14,0,18,0,15,36,0,51,48,0,48,99
10/15/2021,TXK,AR,ASW,CE,Federal Contract Tower,0,17,31,9,57,0,7,12,0,19,0,24,43,9,76,20,6,26,102
10/16/2021,TXK,AR,ASW,CE,Federal Contract Tower,0,6,24,0,30,0,3,22,4,29,0,9,46,4,59,28,0,28,87
10/17/2021,TXK,AR,ASW,CE,Federal Contract Tower,0,8,35,8,51,0,3,20,0,23,0,11,55,8,74,62,8,70,144
10/18/2021,TXK,AR,ASW,CE,Federal Contract Tower,0,6,14,0,20,0,11,30,0,41,0,17,44,0,61,76,0,76,137
10/19/2021,TXK,AR,ASW,CE,Federal Contract Tower,0,10,37,4,51,0,8,38,1,47,0,18,75,5,98,100,0,100,198
10/20/2021,TXK,AR,ASW,CE,Federal Contract Tower,0,8,29,4,41,0,4,32,2,38,0,12,61,6,79,98,0,98,177
10/21/2021,TXK,AR,ASW,CE,Federal Contract Tower,0,9,18,0,27,0,4,32,0,36,0,13,50,0,63,76,0,76,139
10/22/2021,TXK,AR,ASW,CE,Federal Contract Tower,0,5,24,2,31,0,10,18,0,28,0,15,42,2,59,66,2,68,127
10/23/2021,TXK,AR,ASW,CE,Federal Contract Tower,0,5,16,8,29,0,5,14,1,20,0,10,30,9,49,38,10,48,97
10/24/2021,TXK,AR,ASW,CE,Federal Contract Tower,0,10,23,2,35,0,5,17,2,24,0,15,40,4,59,20,4,24,83
10/25/2021,TXK,AR,ASW,CE,Federal Contract Tower,0,10,31,4,45,0,4,25,4,33,0,14,56,8,78,72,16,88,166
10/26/2021,TXK,AR,ASW,CE,Federal Contract Tower,0,5,25,0,30,0,5,21,0,26,0,10,46,0,56,20,0,20,76
10/27/2021,TXK,AR,ASW,CE,Federal Contract Tower,0,7,9,0,16,0,0,1,0,1,0,7,10,0,17,0,0,0,17
10/28/2021,TXK,AR,ASW,CE,Federal Contract Tower,0,4,13,0,17,0,4,4,2,10,0,8,17,2,27,14,0,14,41
10/29/2021,TXK,AR,ASW,CE,Federal Contract Tower,0,11,15,0,26,0,3,8,0,11,0,14,23,0,37,20,0,20,57
10/30/2021,TXK,AR,ASW,CE,Federal Contract Tower,0,9,17,0,26,0,9,23,0,32,0,18,40,0,58,48,0,48,106
10/31/2021,TXK,AR,ASW,CE,Federal Contract Tower,0,7,22,0,29,0,5,19,0,24,0,12,41,0,53,36,0,36,89
11/01/2021,TXK,AR,ASW,CE,Federal Contract Tower,0,8,17,0,25,0,6,19,0,25,0,14,36,0,50,66,0,66,116
11/02/2021,TXK,AR,ASW,CE,Federal Contract Tower,0,10,20,2,32,0,3,5,0,8,0,13,25,2,40,6,0,6,46
11/03/2021,TXK,AR,ASW,CE,Federal Contract Tower,0,16,11,0,27,0,0,0,0,0,0,16,11,0,27,0,0,0,27
11/04/2021,TXK,AR,ASW,CE,Federal Contract Tower,0,10,22,4,36,0,12,15,3,30,0,22,37,7,66,32,4,36,102
11/05/2021,TXK,AR,ASW,CE,Federal Contract Tower,0,8,27,6,41,0,2,33,0,35,0,10,60,6,76,18,10,28,104
11/06/2021,TXK,AR,ASW,CE,Federal Contract Tower,0,12,31,3,46,0,11,13,0,24,0,23,44,3,70,36,6,42,112
11/07/2021,TXK,AR,ASW,CE,Federal Contract Tower,0,9,20,6,35,0,15,12,3,30,0,24,32,9,65,48,8,56,121
11/08/2021,TXK,AR,ASW,CE,Federal Contract Tower,0,5,23,2,30,0,3,17,0,20,0,8,40,2,50,16,4,20,70
11/09/2021,TXK,AR,ASW,CE,Federal Contract Tower,0,5,21,2,28,0,2,24,0,26,0,7,45,2,54,14,0,14,68
11/10/2021,TXK,AR,ASW,CE,Federal Contract Tower,0,6,13,0,19,0,3,15,0,18,0,9,28,0,37,28,0,28,65
11/11/2021,TXK,AR,ASW,CE,Federal Contract Tower,0,6,33,0,39,0,4,23,0,27,0,10,56,0,66,48,0,48,114
11/12/2021,TXK,AR,ASW,CE,Federal Contract Tower,0,8,30,1,39,0,13,32,0,45,0,21,62,1,84,66,2,68,152
11/13/2021,TXK,AR,ASW,CE,Federal Contract Tower,0,6,17,0,23,0,13,14,2,29,0,19,31,2,52,38,0,38,90
11/14/2021,TXK,AR,ASW,CE,Federal Contract Tower,0,5,17,0,22,0,28,26,0,54,0,33,43,0,76,66,0,66,142
11/15/2021,TXK,AR,ASW,CE,Federal Contract Tower,0,12,20,4,36,0,6,18,0,24,0,18,38,4,60,24,4,28,88
11/16/2021,TXK,AR,ASW,CE,Federal Contract Tower,0,8,23,7,38,0,2,11,1,14,0,10,34,8,52,2,2,4,56
11/17/2021,TXK,AR,ASW,CE,Federal Contract Tower,0,6,22,2,30,0,2,4,4,10,0,8,26,6,40,2,6,8,48
11/18/2021,TXK,AR,ASW,CE,Federal Contract Tower,0,9,26,4,39,0,9,14,4,27,0,18,40,8,66,46,36,82,148
11/19/2021,TXK,AR,ASW,CE,Federal Contract Tower,0,10,24,2,36,0,16,29,1,46,0,26,53,3,82,54,4,58,140
11/20/2021,TXK,AR,ASW,CE,Federal Contract Tower,0,10,15,0,25,0,0,18,0,18,0,10,33,0,43,28,0,28,71
11/21/2021,TXK,AR,ASW,CE,Federal Contract Tower,0,11,21,0,32,0,0,2,0,2,0,11,23,0,34,6,0,6,40
11/22/2021,TXK,AR,ASW,CE,Federal Contract Tower,0,12,34,0,46,0,6,16,0,22,0,18,50,0,68,42,0,42,110
11/23/2021,TXK,AR,ASW,CE,Federal Contract Tower,0,15,18,0,33,0,4,18,0,22,0,19,36,0,55,22,0,22,77
11/24/2021,TXK,AR,ASW,CE,Federal Contract Tower,0,12,17,2,31,0,3,9,1,13,0,15,26,3,44,28,0,28,72
11/25/2021,TXK,AR,ASW,CE,Federal Contract Tower,0,4,11,0,15,0,2,1,0,3,0,6,12,0,18,8,0,8,26
11/26/2021,TXK,AR,ASW,CE,Federal Contract Tower,0,2,12,0,14,0,4,14,0,18,0,6,26,0,32,44,0,44,76
11/27/2021,TXK,AR,ASW,CE,Federal Contract Tower,0,9,9,0,18,0,6,10,0,16,0,15,19,0,34,18,0,18,52
11/28/2021,TXK,AR,ASW,CE,Federal Contract Tower,0,12,25,0,37,0,4,15,0,19,0,16,40,0,56,22,0,22,78
11/29/2021,TXK,AR,ASW,CE,Federal Contract Tower,0,8,17,0,25,0,8,8,0,16,0,16,25,0,41,34,0,34,75
11/30/2021,TXK,AR,ASW,CE,Federal Contract Tower,0,12,26,5,43,0,5,25,1,31,0,17,51,6,74,64,4,68,142
12/01/2021,TXK,AR,ASW,CE,Federal Contract Tower,0,9,20,1,30,0,8,17,0,25,0,17,37,1,55,22,0,22,77
12/02/2021,TXK,AR,ASW,CE,Federal Contract Tower,0,8,27,2,37,0,10,12,0,22,0,18,39,2,59,30,0,30,89
12/03/2021,TXK,AR,ASW,CE,Federal Contract Tower,0,18,7,3,28,0,2,5,0,7,0,20,12,3,35,6,4,10,45
12/04/2021,TXK,AR,ASW,CE,Federal Contract Tower,0,14,10,0,24,0,7,15,0,22,0,21,25,0,46,38,0,38,84
12/05/2021,TXK,AR,ASW,CE,Federal Contract Tower,0,9,12,0,21,0,0,6,0,6,0,9,18,0,27,22,0,22,49
12/06/2021,TXK,AR,ASW,CE,Federal Contract Tower,0,9,21,0,30,0,4,11,0,15,0,13,32,0,45,36,0,36,81
12/07/2021,TXK,AR,ASW,CE,Federal Contract Tower,0,18,31,2,51,0,8,2,4,14,0,26,33,6,65,28,0,28,93
12/08/2021,TXK,AR,ASW,CE,Federal Contract Tower,0,11,20,4,35,0,6,19,0,25,0,17,39,4,60,30,0,30,90
12/09/2021,TXK,AR,ASW,CE,Federal Contract Tower,0,7,15,0,22,0,2,0,0,2,0,9,15,0,24,0,0,0,24
12/10/2021,TXK,AR,ASW,CE,Federal Contract Tower,0,15,14,4,33,0,8,5,2,15,0,23,19,6,48,14,0,14,62
12/11/2021,TXK,AR,ASW,CE,Federal Contract Tower,0,7,14,1,22,0,1,5,1,7,0,8,19,2,29,14,0,14,43
12/12/2021,TXK,AR,ASW,CE,Federal Contract Tower,0,9,22,5,36,0,4,24,0,28,0,13,46,5,64,30,4,34,98
12/13/2021,TXK,AR,ASW,CE,Federal Contract Tower,0,7,25,0,32,0,4,36,0,40,0,11,61,0,72,86,0,86,158
12/14/2021,TXK,AR,ASW,CE,Federal Contract Tower,0,11,14,0,25,0,3,2,0,5,0,14,16,0,30,10,0,10,40
12/15/2021,TXK,AR,ASW,CE,Federal Contract Tower,0,5,20,0,25,0,7,4,0,11,0,12,24,0,36,4,0,4,40
12/16/2021,TXK,AR,ASW,CE,Federal Contract Tower,0,16,20,0,36,0,3,7,0,10,0,19,27,0,46,16,0,16,62
12/17/2021,TXK,AR,ASW,CE,Federal Contract Tower,4,11,10,0,25,0,8,5,0,13,4,19,15,0,38,24,0,24,62
12/18/2021,TXK,AR,ASW,CE,Federal Contract Tower,0,12,5,0,17,0,2,1,0,3,0,14,6,0,20,8,0,8,28
12/19/2021,TXK,AR,ASW,CE,Federal Contract Tower,0,11,13,0,24,0,1,16,0,17,0,12,29,0,41,14,0,14,55
12/20/2021,TXK,AR,ASW,CE,Federal Contract Tower,0,8,10,2,20,0,0,0,0,0,0,8,10,2,20,0,0,0,20
12/21/2021,TXK,AR,ASW,CE,Federal Contract Tower,0,10,32,0,42,0,5,10,0,15,0,15,42,0,57,14,0,14,71
12/22/2021,TXK,AR,ASW,CE,Federal Contract Tower,0,8,34,0,42,0,0,24,0,24,0,8,58,0,66,34,0,34,100
12/23/2021,TXK,AR,ASW,CE,Federal Contract Tower,0,7,12,0,19,0,8,11,0,19,0,15,23,0,38,32,0,32,70
12/24/2021,TXK,AR,ASW,CE,Federal Contract Tower,0,13,9,0,22,0,1,13,0,14,0,14,22,0,36,22,0,22,58
12/25/2021,TXK,AR,ASW,CE,Federal Contract Tower,0,8,7,0,15,0,0,9,0,9,0,8,16,0,24,16,0,16,40
12/26/2021,TXK,AR,ASW,CE,Federal Contract Tower,0,9,26,0,35,0,0,19,0,19,0,9,45,0,54,38,0,38,92
12/27/2021,TXK,AR,ASW,CE,Federal Contract Tower,0,12,12,0,24,0,10,8,0,18,0,22,20,0,42,18,0,18,60
12/28/2021,TXK,AR,ASW,CE,Federal Contract Tower,0,9,19,3,31,0,3,5,0,8,0,12,24,3,39,26,4,30,69
12/29/2021,TXK,AR,ASW,CE,Federal Contract Tower,0,7,13,0,20,0,0,1,0,1,0,7,14,0,21,0,0,0,21
12/30/2021,TXK,AR,ASW,CE,Federal Contract Tower,0,11,28,0,39,0,2,17,0,19,0,13,45,0,58,54,0,54,112
12/31/2021,TXK,AR,ASW,CE,Federal Contract Tower,0,7,12,0,19,0,2,0,0,2,0,9,12,0,21,10,0,10,31
01/01/2022,TXK,AR,ASW,CE,Federal Contract Tower,0,8,5,0,13,0,0,0,0,0,0,8,5,0,13,4,0,4,17
01/02/2022,TXK,AR,ASW,CE,Federal Contract Tower,0,8,10,0,18,0,2,7,0,9,0,10,17,0,27,14,0,14,41
01/03/2022,TXK,AR,ASW,CE,Federal Contract Tower,0,9,21,0,30,0,10,28,0,38,0,19,49,0,68,60,0,60,128
01/04/2022,TXK,AR,ASW,CE,Federal Contract Tower,0,5,13,0,18,0,10,16,0,26,0,15,29,0,44,14,0,14,58
01/05/2022,TXK,AR,ASW,CE,Federal Contract Tower,0,13,19,3,35,0,6,24,3,33,0,19,43,6,68,80,8,88,156
01/06/2022,TXK,AR,ASW,CE,Federal Contract Tower,0,6,8,6,20,0,4,10,2,16,0,10,18,8,36,18,20,38,74
01/07/2022,TXK,AR,ASW,CE,Federal Contract Tower,0,5,22,0,27,0,2,17,0,19,0,7,39,0,46,70,0,70,116
01/08/2022,TXK,AR,ASW,CE,Federal Contract Tower,0,5,3,1,9,0,0,0,0,0,0,5,3,1,9,2,0,2,11
01/09/2022,TXK,AR,ASW,CE,Federal Contract Tower,0,13,3,0,16,0,6,6,1,13,0,19,9,1,29,8,0,8,37
01/10/2022,TXK,AR,ASW,CE,Federal Contract Tower,0,9,32,6,47,0,9,33,0,42,0,18,65,6,89,168,4,172,261
01/11/2022,TXK,AR,ASW,CE,Federal Contract Tower,0,8,21,0,29,0,0,27,0,27,0,8,48,0,56,50,0,50,106
01/12/2022,TXK,AR,ASW,CE,Federal Contract Tower,0,7,20,1,28,0,5,30,1,36,0,12,50,2,64,30,4,34,98
01/13/2022,TXK,AR,ASW,CE,Federal Contract Tower,0,13,15,0,28,0,12,20,0,32,0,25,35,0,60,24,0,24,84
01/14/2022,TXK,AR,ASW,CE,Federal Contract Tower,0,11,24,6,41,0,2,33,1,36,0,13,57,7,77,50,14,64,141
01/15/2022,TXK,AR,ASW,CE,Federal Contract Tower,0,5,3,0,8,0,0,0,0,0,0,5,3,0,8,2,0,2,10
01/16/2022,TXK,AR,ASW,CE,Federal Contract Tower,0,10,22,0,32,0,2,10,0,12,0,12,32,0,44,70,0,70,114
01/17/2022,TXK,AR,ASW,CE,Federal Contract Tower,0,7,32,0,39,0,7,43,0,50,0,14,75,0,89,68,0,68,157
01/18/2022,TXK,AR,ASW,CE,Federal Contract Tower,0,10,16,3,29,0,2,15,0,17,0,12,31,3,46,44,6,50,96
01/19/2022,TXK,AR,ASW,CE,Federal Contract Tower,0,7,20,2,29,0,1,5,0,6,0,8,25,2,35,16,2,18,53
01/20/2022,TXK,AR,ASW,CE,Federal Contract Tower,0,10,19,4,33,0,5,13,0,18,0,15,32,4,51,32,0,32,83
01/21/2022,TXK,AR,ASW,CE,Federal Contract Tower,0,8,28,3,39,0,6,27,0,33,0,14,55,3,72,62,0,62,134
01/22/2022,TXK,AR,ASW,CE,Federal Contract Tower,0,11,38,0,49,0,1,30,0,31,0,12,68,0,80,80,0,80,160
01/23/2022,TXK,AR,ASW,CE,Federal Contract Tower,0,10,20,5,35,8,20,0,0,28,8,30,20,5,63,86,12,98,161
01/24/2022,TXK,AR,ASW,CE,Federal Contract Tower,0,9,14,8,31,0,0,19,1,20,0,9,33,9,51,16,6,22,73
01/25/2022,TXK,AR,ASW,CE,Federal Contract Tower,0,13,29,4,46,0,5,12,0,17,0,18,41,4,63,22,6,28,91
01/26/2022,TXK,AR,ASW,CE,Federal Contract Tower,0,10,22,0,32,0,0,26,0,26,0,10,48,0,58,42,0,42,100
01/27/2022,TXK,AR,ASW,CE,Federal Contract Tower,0,9,31,0,40,0,2,21,0,23,0,11,52,0,63,42,0,42,105
01/28/2022,TXK,AR,ASW,CE,Federal Contract Tower,0,5,9,0,14,0,3,2,0,5,0,8,11,0,19,8,0,8,27
01/29/2022,TXK,AR,ASW,CE,Federal Contract Tower,0,10,25,10,45,0,6,11,0,17,0,16,36,10,62,26,10,36,98
01/30/2022,TXK,AR,ASW,CE,Federal Contract Tower,0,7,20,9,36,0,4,17,1,22,0,11,37,10,58,24,20,44,102
01/31/2022,TXK,AR,ASW,CE,Federal Contract Tower,0,9,26,0,35,0,7,15,0,22,0,16,41,0,57,30,0,30,87
02/01/2022,TXK,AR,ASW,CE,Federal Contract Tower,0,8,17,0,25,0,7,6,2,15,0,15,23,2,40,6,0,6,46
02/02/2022,TXK,AR,ASW,CE,Federal Contract Tower,0,8,9,0,17,0,1,3,0,4,0,9,12,0,21,6,0,6,27
02/03/2022,TXK,AR,ASW,CE,Federal Contract Tower,0,1,2,0,3,0,0,0,0,0,0,1,2,0,3,2,0,2,5
02/04/2022,TXK,AR,ASW,CE,Federal Contract Tower,0,11,1,0,12,0,6,9,0,15,0,17,10,0,27,42,0,42,69
02/05/2022,TXK,AR,ASW,CE,Federal Contract Tower,0,3,20,0,23,0,11,33,0,44,0,14,53,0,67,76,0,76,143
02/06/2022,TXK,AR,ASW,CE,Federal Contract Tower,0,12,16,0,28,0,6,8,2,16,0,18,24,2,44,18,0,18,62
02/07/2022,TXK,AR,ASW,CE,Federal Contract Tower,0,3,28,3,34,0,2,11,1,14,0,5,39,4,48,36,12,48,96
02/08/2022,TXK,AR,ASW,CE,Federal Contract Tower,0,9,23,2,34,0,5,18,0,23,0,14,41,2,57,38,0,38,95
02/09/2022,TXK,AR,ASW,CE,Federal Contract Tower,0,6,26,2,34,0,5,21,8,34,0,11,47,10,68,34,12,46,114
02/10/2022,TXK,AR,ASW,CE,Federal Contract Tower,0,10,29,1,40,0,8,31,1,40,0,18,60,2,80,104,0,104,184
02/11/2022,TXK,AR,ASW,CE,Federal Contract Tower,0,9,18,2,29,0,11,26,2,39,0,20,44,4,68,40,0,40,108
02/12/2022,TXK,AR,ASW,CE,Federal Contract Tower,0,9,16,0,25,0,7,10,0,17,0,16,26,0,42,42,0,42,84
02/13/2022,TXK,AR,ASW,CE,Federal Contract Tower,0,12,16,4,32,0,3,20,0,23,0,15,36,4,55,20,10,30,85
02/14/2022,TXK,AR,ASW,CE,Federal Contract Tower,0,9,22,2,33,0,9,26,1,36,0,18,48,3,69,114,10,124,193
02/15/2022,TXK,AR,ASW,CE,Federal Contract Tower,0,9,17,3,29,0,13,9,1,23,0,22,26,4,52,12,10,22,74
02/16/2022,TXK,AR,ASW,CE,Federal Contract Tower,0,7,11,0,18,0,1,1,2,4,0,8,12,2,22,4,0,4,26
02/17/2022,TXK,AR,ASW,CE,Federal Contract Tower,0,12,15,0,27,0,2,0,0,2,0,14,15,0,29,12,0,12,41
02/18/2022,TXK,AR,ASW,CE,Federal Contract Tower,0,9,34,0,43,0,7,37,0,44,0,16,71,0,87,84,0,84,171
02/19/2022,TXK,AR,ASW,CE,Federal Contract Tower,0,13,33,0,46,0,13,25,0,38,0,26,58,0,84,78,0,78,162
02/20/2022,TXK,AR,ASW,CE,Federal Contract Tower,0,9,24,4,37,0,11,12,0,23,0,20,36,4,60,48,0,48,108
02/21/2022,TXK,AR,ASW,CE,Federal Contract Tower,0,12,11,0,23,0,1,3,0,4,0,13,14,0,27,4,0,4,31
02/22/2022,TXK,AR,ASW,CE,Federal Contract Tower,0,9,13,0,22,0,0,2,0,2,0,9,15,0,24,2,0,2,26
02/23/2022,TXK,AR,ASW,CE,Federal Contract Tower,0,13,8,0,21,0,0,2,0,2,0,13,10,0,23,12,0,12,35
02/24/2022,TXK,AR,ASW,CE,Federal Contract Tower,0,7,4,0,11,0,0,0,0,0,0,7,4,0,11,2,0,2,13
02/25/2022,TXK,AR,ASW,CE,Federal Contract Tower,0,10,8,0,18,0,9,17,0,26,0,19,25,0,44,80,0,80,124
02/26/2022,TXK,AR,ASW,CE,Federal Contract Tower,0,9,10,5,24,0,0,0,0,0,0,9,10,5,24,2,4,6,30
02/27/2022,TXK,AR,ASW,CE,Federal Contract Tower,0,5,25,0,30,0,8,20,0,28,0,13,45,0,58,38,0,38,96
02/28/2022,TXK,AR,ASW,CE,Federal Contract Tower,0,7,16,0,23,0,10,28,0,38,0,17,44,0,61,40,0,40,101
03/01/2022,TXK,AR,ASW,CE,Federal Contract Tower,0,12,24,3,39,0,5,16,4,25,0,17,40,7,64,30,24,54,118
03/02/2022,TXK,AR,ASW,CE,Federal Contract Tower,0,11,21,2,34,0,7,26,4,37,0,18,47,6,71,70,2,72,143
03/03/2022,TXK,AR,ASW,CE,Federal Contract Tower,0,13,25,4,42,0,15,17,1,33,0,28,42,5,75,34,2,36,111
03/04/2022,TXK,AR,ASW,CE,Federal Contract Tower,0,14,17,3,34,0,15,24,2,41,0,29,41,5,75,120,18,138,213
03/05/2022,TXK,AR,ASW,CE,Federal Contract Tower,0,14,9,0,23,0,3,15,0,18,0,17,24,0,41,36,0,36,77
03/06/2022,TXK,AR,ASW,CE,Federal Contract Tower,2,14,11,0,27,0,3,17,0,20,2,17,28,0,47,54,0,54,101
03/07/2022,TXK,AR,ASW,CE,Federal Contract Tower,0,15,9,2,26,0,5,24,0,29,0,20,33,2,55,34,0,34,89
03/08/2022,TXK,AR,ASW,CE,Federal Contract Tower,0,17,3,0,20,0,0,6,0,6,0,17,9,0,26,20,0,20,46
03/09/2022,TXK,AR,ASW,CE,Federal Contract Tower,0,15,31,2,48,0,8,15,0,23,0,23,46,2,71,74,0,74,145
03/10/2022,TXK,AR,ASW,CE,Federal Contract Tower,0,10,17,5,32,0,8,18,2,28,0,18,35,7,60,32,12,44,104
03/11/2022,TXK,AR,ASW,CE,Federal Contract Tower,0,10,15,3,28,0,0,8,0,8,0,10,23,3,36,18,6,24,60
03/12/2022,TXK,AR,ASW,CE,Federal Contract Tower,0,8,22,0,30,0,12,17,0,29,0,20,39,0,59,22,0,22,81
03/13/2022,TXK,AR,ASW,CE,Federal Contract Tower,0,11,23,4,38,0,7,8,2,17,0,18,31,6,55,26,16,42,97
03/14/2022,TXK,AR,ASW,CE,Federal Contract Tower,0,8,6,5,19,0,4,1,3,8,0,12,7,8,27,6,10,16,43
03/15/2022,TXK,AR,ASW,CE,Federal Contract Tower,0,13,13,0,26,0,4,2,0,6,0,17,15,0,32,10,0,10,42
03/16/2022,TXK,AR,ASW,CE,Federal Contract Tower,0,10,27,2,39,0,6,14,3,23,0,16,41,5,62,40,22,62,124
03/17/2022,TXK,AR,ASW,CE,Federal Contract Tower,0,9,20,1,30,0,6,7,2,15,0,15,27,3,45,14,8,22,67
03/18/2022,TXK,AR,ASW,CE,Federal Contract Tower,0,15,15,3,33,0,9,0,0,9,0,24,15,3,42,14,6,20,62
03/19/2022,TXK,AR,ASW,CE,Federal Contract Tower,0,12,22,0,34,0,11,10,0,21,0,23,32,0,55,24,0,24,79
03/20/2022,TXK,AR,ASW,CE,Federal Contract Tower,0,7,23,0,30,0,2,14,0,16,0,9,37,0,46,16,0,16,62
03/21/2022,TXK,AR,ASW,CE,Federal Contract Tower,0,10,0,0,10,0,2,3,0,5,0,12,3,0,15,4,0,4,19
03/22/2022,TXK,AR,ASW,CE,Federal Contract Tower,0,15,1,0,16,0,0,2,0,2,0,15,3,0,18,4,0,4,22
03/23/2022,TXK,AR,ASW,CE,Federal Contract Tower,0,11,12,0,23,0,4,12,0,16,0,15,24,0,39,10,0,10,49
03/24/2022,TXK,AR,ASW,CE,Federal Contract Tower,0,12,30,2,44,0,10,19,2,31,0,22,49,4,75,40,0,40,115
03/25/2022,TXK,AR,ASW,CE,Federal Contract Tower,0,11,30,0,41,0,8,33,0,41,0,19,63,0,82,52,0,52,134
03/26/2022,TXK,AR,ASW,CE,Federal Contract Tower,0,10,15,7,32,0,5,24,0,29,0,15,39,7,61,36,10,46,107
03/27/2022,TXK,AR,ASW,CE,Federal Contract Tower,0,7,27,2,36,0,13,22,0,35,0,20,49,2,71,70,0,70,141
03/28/2022,TXK,AR,ASW,CE,Federal Contract Tower,0,13,18,4,35,0,4,20,2,26,0,17,38,6,61,48,10,58,119
03/29/2022,TXK,AR,ASW,CE,Federal Contract Tower,0,14,26,0,40,0,0,8,0,8,0,14,34,0,48,4,0,4,52
03/30/2022,TXK,AR,ASW,CE,Federal Contract Tower,0,11,6,0,17,0,0,0,0,0,0,11,6,0,17,0,0,0,17
03/31/2022,TXK,AR,ASW,CE,Federal Contract Tower,0,8,16,5,29,0,7,11,2,20,0,15,27,7,49,26,2,28,77
04/01/2022,TXK,AR,ASW,CE,Federal Contract Tower,0,10,20,6,36,0,8,34,1,43,0,18,54,7,79,96,12,108,187
04/02/2022,TXK,AR,ASW,CE,Federal Contract Tower,0,9,11,0,20,0,10,28,2,40,0,19,39,2,60,66,0,66,126
04/03/2022,TXK,AR,ASW,CE,Federal Contract Tower,0,8,17,1,26,0,4,25,1,30,0,12,42,2,56,38,4,42,98
04/04/2022,TXK,AR,ASW,CE,Federal Contract Tower,0,6,12,0,18,0,16,29,0,45,0,22,41,0,63,56,0,56,119
04/05/2022,TXK,AR,ASW,CE,Federal Contract Tower,0,8,12,0,20,0,12,12,0,24,0,20,24,0,44,18,0,18,62
04/06/2022,TXK,AR,ASW,CE,Federal Contract Tower,0,17,11,0,28,0,7,10,0,17,0,24,21,0,45,8,0,8,53
04/07/2022,TXK,AR,ASW,CE,Federal Contract Tower,0,15,32,0,47,0,5,7,0,12,0,20,39,0,59,20,0,20,79
04/08/2022,TXK,AR,ASW,CE,Federal Contract Tower,0,15,19,0,34,0,3,13,0,16,0,18,32,0,50,16,0,16,66
04/09/2022,TXK,AR,ASW,CE,Federal Contract Tower,0,13,18,4,35,0,4,16,1,21,0,17,34,5,56,14,6,20,76
04/10/2022,TXK,AR,ASW,CE,Federal Contract Tower,0,19,10,0,29,0,3,1,0,4,0,22,11,0,33,6,0,6,39
04/11/2022,TXK,AR,ASW,CE,Federal Contract Tower,0,11,7,4,22,0,2,9,2,13,0,13,16,6,35,8,18,26,61
04/12/2022,TXK,AR,ASW,CE,Federal Contract Tower,0,10,26,0,36,0,3,2,0,5,0,13,28,0,41,8,0,8,49
04/13/2022,TXK,AR,ASW,CE,Federal Contract Tower,0,9,13,0,22,0,1,5,0,6,0,10,18,0,28,20,0,20,48
04/14/2022,TXK,AR,ASW,CE,Federal Contract Tower,0,14,27,0,41,7,42,0,0,49,7,56,27,0,90,92,0,92,182
04/15/2022,TXK,AR,ASW,CE,Federal Contract Tower,0,21,11,1,33,0,0,25,0,25,0,21,36,1,58,36,0,36,94
04/16/2022,TXK,AR,ASW,CE,Federal Contract Tower,0,12,12,1,25,0,0,0,0,0,0,12,12,1,25,4,0,4,29
04/17/2022,TXK,AR,ASW,CE,Federal Contract Tower,0,12,3,0,15,0,0,0,0,0,0,12,3,0,15,2,0,2,17
04/18/2022,TXK,AR,ASW,CE,Federal Contract Tower,0,16,17,0,33,0,9,15,0,24,0,25,32,0,57,30,0,30,87
04/19/2022,TXK,AR,ASW,CE,Federal Contract Tower,0,9,18,0,27,0,8,44,0,52,0,17,62,0,79,98,0,98,177
04/20/2022,TXK,AR,ASW,CE,Federal Contract Tower,0,14,21,2,37,0,2,2,2,6,0,16,23,4,43,6,28,34,77
04/21/2022,TXK,AR,ASW,CE,Federal Contract Tower,0,14,27,0,41,0,5,22,2,29,0,19,49,2,70,94,0,94,164
04/22/2022,TXK,AR,ASW,CE,Federal Contract Tower,0,15,22,0,37,0,6,18,0,24,0,21,40,0,61,60,0,60,121
04/23/2022,TXK,AR,ASW,CE,Federal Contract Tower,0,9,9,3,21,0,3,5,3,11,0,12,14,6,32,4,14,18,50
04/24/2022,TXK,AR,ASW,CE,Federal Contract Tower,0,8,11,4,23,0,8,4,4,16,0,16,15,8,39,32,18,50,89
04/25/2022,TXK,AR,ASW,CE,Federal Contract Tower,0,9,9,0,18,0,3,3,0,6,0,12,12,0,24,16,0,16,40
04/26/2022,TXK,AR,ASW,CE,Federal Contract Tower,0,10,24,0,34,0,6,34,0,40,0,16,58,0,74,66,0,66,140
04/27/2022,TXK,AR,ASW,CE,Federal Contract Tower,0,11,23,6,40,0,8,55,5,68,0,19,78,11,108,84,2,86,194
04/28/2022,TXK,AR,ASW,CE,Federal Contract Tower,0,12,19,0,31,0,3,22,6,31,0,15,41,6,62,20,0,20,82
04/29/2022,TXK,AR,ASW,CE,Federal Contract Tower,0,15,11,0,26,0,1,19,0,20,0,16,30,0,46,14,0,14,60
04/30/2022,TXK,AR,ASW,CE,Federal Contract Tower,0,12,10,0,22,0,7,9,0,16,0,19,19,0,38,18,0,18,56
05/01/2022,TXK,AR,ASW,CE,Federal Contract Tower,0,15,13,0,28,0,8,20,0,28,0,23,33,0,56,42,0,42,98
05/02/2022,TXK,AR,ASW,CE,Federal Contract Tower,0,16,14,0,30,0,6,5,0,11,0,22,19,0,41,10,0,10,51
05/03/2022,TXK,AR,ASW,CE,Federal Contract Tower,0,8,11,0,19,0,0,18,0,18,0,8,29,0,37,66,0,66,103
05/04/2022,TXK,AR,ASW,CE,Federal Contract Tower,0,16,21,2,39,0,3,13,0,16,0,19,34,2,55,24,0,24,79
05/05/2022,TXK,AR,ASW,CE,Federal Contract Tower,0,8,5,0,13,0,0,0,0,0,0,8,5,0,13,0,0,0,13
05/06/2022,TXK,AR,ASW,CE,Federal Contract Tower,0,22,18,3,43,0,10,27,2,39,0,32,45,5,82,80,28,108,190
05/07/2022,TXK,AR,ASW,CE,Federal Contract Tower,0,21,10,0,31,0,13,20,0,33,0,34,30,0,64,50,0,50,114
05/08/2022,TXK,AR,ASW,CE,Federal Contract Tower,0,8,6,0,14,0,8,15,0,23,0,16,21,0,37,18,0,18,55
05/09/2022,TXK,AR,ASW,CE,Federal Contract Tower,0,14,17,0,31,0,8,14,0,22,0,22,31,0,53,28,0,28,81
05/10/2022,TXK,AR,ASW,CE,Federal Contract Tower,0,15,23,0,38,0,12,15,2,29,0,27,38,2,67,44,0,44,111
05/11/2022,TXK,AR,ASW,CE,Federal Contract Tower,0,15,23,0,38,0,18,24,0,42,0,33,47,0,80,76,0,76,156
05/12/2022,TXK,AR,ASW,CE,Federal Contract Tower,0,13,30,0,43,0,9,20,2,31,0,22,50,2,74,46,0,46,120
05/13/2022,TXK,AR,ASW,CE,Federal Contract Tower,0,11,21,0,32,0,0,30,0,30,0,11,51,0,62,50,0,50,112
05/14/2022,TXK,AR,ASW,CE,Federal Contract Tower,0,14,10,3,27,0,2,19,0,21,0,16,29,3,48,18,0,18,66
05/15/2022,TXK,AR,ASW,CE,Federal Contract Tower,0,22,22,0,44,0,4,25,0,29,0,26,47,0,73,20,0,20,93
05/16/2022,TXK,AR,ASW,CE,Federal Contract Tower,0,14,21,0,35,0,8,19,0,27,0,22,40,0,62,74,0,74,136
05/17/2022,TXK,AR,ASW,CE,Federal Contract Tower,0,13,22,0,35,0,11,25,0,36,0,24,47,0,71,64,0,64,135
05/18/2022,TXK,AR,ASW,CE,Federal Contract Tower,0,14,19,4,37,0,7,10,1,18,0,21,29,5,55,30,22,52,107
05/19/2022,TXK,AR,ASW,CE,Federal Contract Tower,0,11,15,0,26,0,5,4,0,9,0,16,19,0,35,18,0,18,53
05/20/2022,TXK,AR,ASW,CE,Federal Contract Tower,0,10,17,0,27,0,7,19,0,26,0,17,36,0,53,30,0,30,83
05/21/2022,TXK,AR,ASW,CE,Federal Contract Tower,0,7,12,0,19,0,2,5,0,7,0,9,17,0,26,16,0,16,42
05/22/2022,TXK,AR,ASW,CE,Federal Contract Tower,0,16,8,2,26,0,0,0,0,0,0,16,8,2,26,4,0,4,30
05/23/2022,TXK,AR,ASW,CE,Federal Contract Tower,0,11,7,6,24,0,10,5,0,15,0,21,12,6,39,24,2,26,65
05/24/2022,TXK,AR,ASW,CE,Federal Contract Tower,0,6,6,0,12,0,0,0,0,0,0,6,6,0,12,2,0,2,14
05/25/2022,TXK,AR,ASW,CE,Federal Contract Tower,0,17,13,2,32,0,6,10,0,16,0,23,23,2,48,32,0,32,80
05/26/2022,TXK,AR,ASW,CE,Federal Contract Tower,0,13,10,1,24,0,4,33,2,39,0,17,43,3,63,48,4,52,115
05/27/2022,TXK,AR,ASW,CE,Federal Contract Tower,0,13,15,0,28,0,3,18,0,21,0,16,33,0,49,40,0,40,89
05/28/2022,TXK,AR,ASW,CE,Federal Contract Tower,0,7,13,0,20,0,6,10,0,16,0,13,23,0,36,26,0,26,62
05/29/2022,TXK,AR,ASW,CE,Federal Contract Tower,0,9,5,0,14,0,12,12,0,24,0,21,17,0,38,26,0,26,64
05/30/2022,TXK,AR,ASW,CE,Federal Contract Tower,0,9,13,0,22,0,8,19,0,27,0,17,32,0,49,50,0,50,99
05/31/2022,TXK,AR,ASW,CE,Federal Contract Tower,0,12,24,5,41,0,6,20,0,26,0,18,44,5,67,52,0,52,119
06/01/2022,TXK,AR,ASW,CE,Federal Contract Tower,0,12,18,4,34,0,4,17,2,23,0,16,35,6,57,30,14,44,101
06/02/2022,TXK,AR,ASW,CE,Federal Contract Tower,0,10,13,0,23,0,1,8,0,9,0,11,21,0,32,10,0,10,42
06/03/2022,TXK,AR,ASW,CE,Federal Contract Tower,0,10,17,2,29,0,3,22,0,25,0,13,39,2,54,57,0,57,111
06/04/2022,TXK,AR,ASW,CE,Federal Contract Tower,0,12,16,0,28,0,6,18,0,24,0,18,34,0,52,30,0,30,82
06/05/2022,TXK,AR,ASW,CE,Federal Contract Tower,0,6,22,0,28,0,6,23,0,29,0,12,45,0,57,64,0,64,121
06/06/2022,TXK,AR,ASW,CE,Federal Contract Tower,0,10,22,0,32,0,8,8,0,16,0,18,30,0,48,30,0,30,78
06/07/2022,TXK,AR,ASW,CE,Federal Contract Tower,0,8,14,0,22,0,13,10,2,25,0,21,24,2,47,36,0,36,83
06/08/2022,TXK,AR,ASW,CE,Federal Contract Tower,0,17,17,0,34,0,5,6,0,11,0,22,23,0,45,22,0,22,67
06/09/2022,TXK,AR,ASW,CE,Federal Contract Tower,0,13,32,1,46,0,15,27,1,43,0,28,59,2,89,112,0,112,201
06/10/2022,TXK,AR,ASW,CE,Federal Contract Tower,0,12,11,2,25,0,8,5,0,13,0,20,16,2,38,24,4,28,66
06/11/2022,TXK,AR,ASW,CE,Federal Contract Tower,0,10,6,5,21,0,10,16,0,26,0,20,22,5,47,76,0,76,123
06/12/2022,TXK,AR,ASW,CE,Federal Contract Tower,0,9,18,0,27,0,8,22,0,30,0,17,40,0,57,50,0,50,107
06/13/2022,TXK,AR,ASW,CE,Federal Contract Tower,0,14,28,2,44,0,3,16,0,19,0,17,44,2,63,42,0,42,105
06/14/2022,TXK,AR,ASW,CE,Federal Contract Tower,0,14,23,0,37,0,10,19,0,29,0,24,42,0,66,38,0,38,104
06/15/2022,TXK,AR,ASW,CE,Federal Contract Tower,0,8,12,0,20,0,8,8,0,16,0,16,20,0,36,28,0,28,64
06/16/2022,TXK,AR,ASW,CE,Federal Contract Tower,0,9,27,2,38,0,6,32,1,39,0,15,59,3,77,74,10,84,161
06/17/2022,TXK,AR,ASW,CE,Federal Contract Tower,0,7,16,0,23,0,0,23,0,23,0,7,39,0,46,72,0,72,118
06/18/2022,TXK,AR,ASW,CE,Federal Contract Tower,0,6,14,0,20,0,9,8,0,17,0,15,22,0,37,10,0,10,47
06/19/2022,TXK,AR,ASW,CE,Federal Contract Tower,0,9,18,0,27,0,6,25,0,31,0,15,43,0,58,32,0,32,90
06/20/2022,TXK,AR,ASW,CE,Federal Contract Tower,0,13,25,2,40,0,1,5,0,6,0,14,30,2,46,10,2,12,58
06/21/2022,TXK,AR,ASW,CE,Federal Contract Tower,0,6,22,2,30,0,9,19,0,28,0,15,41,2,58,42,0,42,100
06/22/2022,TXK,AR,ASW,CE,Federal Contract Tower,0,7,21,0,28,0,6,19,0,25,0,13,40,0,53,52,0,52,105
06/23/2022,TXK,AR,ASW,CE,Federal Contract Tower,0,15,29,4,48,0,3,20,0,23,0,18,49,4,71,50,0,50,121
06/24/2022,TXK,AR,ASW,CE,Federal Contract Tower,0,19,26,12,57,0,9,16,0,25,0,28,42,12,82,68,18,86,168
06/25/2022,TXK,AR,ASW,CE,Federal Contract Tower,0,13,23,0,36,0,12,38,0,50,0,25,61,0,86,128,0,128,214
06/26/2022,TXK,AR,ASW,CE,Federal Contract Tower,0,8,17,2,27,0,0,5,0,5,0,8,22,2,32,10,4,14,46
06/27/2022,TXK,AR,ASW,CE,Federal Contract Tower,0,13,17,0,30,0,8,22,2,32,0,21,39,2,62,40,0,40,102
06/28/2022,TXK,AR,ASW,CE,Federal Contract Tower,0,7,37,0,44,0,4,41,2,47,0,11,78,2,91,104,0,104,195
06/29/2022,TXK,AR,ASW,CE,Federal Contract Tower,0,10,25,0,35,0,8,18,0,26,0,18,43,0,61,38,0,38,99
06/30/2022,TXK,AR,ASW,CE,Federal Contract Tower,0,12,23,0,35,0,10,17,0,27,0,22,40,0,62,44,0,44,106
07/01/2022,TXK,AR,ASW,CE,Federal Contract Tower,0,15,16,0,31,0,11,8,0,19,0,26,24,0,50,24,0,24,74
07/02/2022,TXK,AR,ASW,CE,Federal Contract Tower,0,14,4,0,18,0,6,4,0,10,0,20,8,0,28,15,0,15,43
07/03/2022,TXK,AR,ASW,CE,Federal Contract Tower,0,7,8,0,15,0,4,10,0,14,0,11,18,0,29,20,0,20,49
07/04/2022,TXK,AR,ASW,CE,Federal Contract Tower,0,9,8,0,17,0,8,13,0,21,0,17,21,0,38,22,0,22,60
07/05/2022,TXK,AR,ASW,CE,Federal Contract Tower,0,6,18,0,24,0,8,8,0,16,0,14,26,0,40,16,0,16,56
07/06/2022,TXK,AR,ASW,CE,Federal Contract Tower,0,7,14,3,24,0,12,9,0,21,0,19,23,3,45,18,4,22,67
07/07/2022,TXK,AR,ASW,CE,Federal Contract Tower,0,8,19,0,27,0,5,18,0,23,0,13,37,0,50,4,0,4,54
07/08/2022,TXK,AR,ASW,CE,Federal Contract Tower,0,9,13,1,23,0,5,19,0,24,0,14,32,1,47,34,0,34,81
07/09/2022,TXK,AR,ASW,CE,Federal Contract Tower,0,10,10,14,34,0,5,12,6,23,0,15,22,20,57,16,0,16,73
07/10/2022,TXK,AR,ASW,CE,Federal Contract Tower,0,9,14,3,26,0,8,25,1,34,0,17,39,4,60,52,10,62,122
07/11/2022,TXK,AR,ASW,CE,Federal Contract Tower,0,10,10,1,21,0,11,36,2,49,0,21,46,3,70,64,2,66,136
07/12/2022,TXK,AR,ASW,CE,Federal Contract Tower,0,10,18,0,28,0,5,26,16,47,0,15,44,16,75,58,0,58,133
07/13/2022,TXK,AR,ASW,CE,Federal Contract Tower,0,5,21,0,26,0,0,15,4,19,0,5,36,4,45,28,0,28,73
07/14/2022,TXK,AR,ASW,CE,Federal Contract Tower,0,13,23,1,37,0,0,13,8,21,0,13,36,9,58,42,2,44,102
07/15/2022,TXK,AR,ASW,CE,Federal Contract Tower,0,8,21,8,37,0,7,24,6,37,0,15,45,14,74,40,28,68,142
07/16/2022,TXK,AR,ASW,CE,Federal Contract Tower,0,8,9,4,21,0,9,12,1,22,0,17,21,5,43,24,8,32,75
07/17/2022,TXK,AR,ASW,CE,Federal Contract Tower,0,10,19,0,29,0,7,20,0,27,0,17,39,0,56,32,0,32,88
07/18/2022,TXK,AR,ASW,CE,Federal Contract Tower,0,17,19,0,36,0,9,23,2,34,0,26,42,2,70,62,0,62,132
07/19/2022,TXK,AR,ASW,CE,Federal Contract Tower,0,14,11,0,25,0,7,20,0,27,0,21,31,0,52,30,0,30,82
07/20/2022,TXK,AR,ASW,CE,Federal Contract Tower,0,9,26,0,35,0,4,21,0,25,0,13,47,0,60,46,0,46,106
07/21/2022,TXK,AR,ASW,CE,Federal Contract Tower,0,10,14,0,24,0,2,12,2,16,0,12,26,2,40,24,0,24,64
07/22/2022,TXK,AR,ASW,CE,Federal Contract Tower,0,11,13,2,26,0,6,19,3,28,0,17,32,5,54,34,8,42,96
07/23/2022,TXK,AR,ASW,CE,Federal Contract Tower,0,8,10,2,20,0,9,16,0,25,0,17,26,2,45,38,0,38,83
07/24/2022,TXK,AR,ASW,CE,Federal Contract Tower,0,10,25,2,37,0,3,20,0,23,0,13,45,2,60,14,0,14,74
07/25/2022,TXK,AR,ASW,CE,Federal Contract Tower,0,9,29,0,38,0,2,6,6,14,0,11,35,6,52,12,0,12,64
07/26/2022,TXK,AR,ASW,CE,Federal Contract Tower,0,7,18,0,25,0,1,16,2,19,0,8,34,2,44,18,0,18,62
07/27/2022,TXK,AR,ASW,CE,Federal Contract Tower,0,10,19,2,31,0,4,14,2,20,0,14,33,4,51,44,0,44,95
07/28/2022,TXK,AR,ASW,CE,Federal Contract Tower,0,11,12,2,25,0,9,22,2,33,0,20,34,4,58,34,16,50,108
07/29/2022,TXK,AR,ASW,CE,Federal Contract Tower,0,10,8,3,21,0,3,7,1,11,0,13,15,4,32,4,14,18,50
07/30/2022,TXK,AR,ASW,CE,Federal Contract Tower,0,6,11,0,17,0,3,4,0,7,0,9,15,0,24,22,0,22,46
07/31/2022,TXK,AR,ASW,CE,Federal Contract Tower,0,9,13,1,23,0,8,14,5,27,0,17,27,6,50,46,4,50,100
08/01/2022,TXK,AR,ASW,CE,Federal Contract Tower,0,16,10,4,30,0,5,14,0,19,0,21,24,4,49,26,4,30,79
08/02/2022,TXK,AR,ASW,CE,Federal Contract Tower,0,9,17,3,29,0,7,11,3,21,0,16,28,6,50,18,0,18,68
08/03/2022,TXK,AR,ASW,CE,Federal Contract Tower,0,11,11,3,25,0,4,11,0,15,0,15,22,3,40,26,4,30,70
08/04/2022,TXK,AR,ASW,CE,Federal Contract Tower,0,9,25,2,36,0,9,15,2,26,0,18,40,4,62,30,12,42,104
08/05/2022,TXK,AR,ASW,CE,Federal Contract Tower,0,7,15,9,31,0,5,15,0,20,0,12,30,9,51,22,8,30,81
08/06/2022,TXK,AR,ASW,CE,Federal Contract Tower,0,11,3,2,16,0,3,13,2,18,0,14,16,4,34,54,0,54,88
08/07/2022,TXK,AR,ASW,CE,Federal Contract Tower,0,10,13,8,31,0,2,21,5,28,0,12,34,13,59,42,14,56,115
08/08/2022,TXK,AR,ASW,CE,Federal Contract Tower,0,13,13,0,26,0,3,9,0,12,0,16,22,0,38,14,0,14,52
08/09/2022,TXK,AR,ASW,CE,Federal Contract Tower,0,12,10,0,22,0,0,1,0,1,0,12,11,0,23,8,0,8,31
08/10/2022,TXK,AR,ASW,CE,Federal Contract Tower,0,18,15,11,44,0,1,4,1,6,0,19,19,12,50,12,0,12,62
08/11/2022,TXK,AR,ASW,CE,Federal Contract Tower,0,9,19,0,28,0,0,10,0,10,0,9,29,0,38,8,0,8,46
08/12/2022,TXK,AR,ASW,CE,Federal Contract Tower,0,10,16,0,26,0,7,26,0,33,0,17,42,0,59,54,0,54,113
08/13/2022,TXK,AR,ASW,CE,Federal Contract Tower,0,8,22,7,37,0,9,18,0,27,0,17,40,7,64,22,4,26,90
08/14/2022,TXK,AR,ASW,CE,Federal Contract Tower,0,8,7,0,15,0,7,15,0,22,0,15,22,0,37,26,0,26,63
08/15/2022,TXK,AR,ASW,CE,Federal Contract Tower,0,7,25,4,36,0,4,8,1,13,0,11,33,5,49,12,4,16,65
08/16/2022,TXK,AR,ASW,CE,Federal Contract Tower,0,17,34,0,51,0,6,10,0,16,0,23,44,0,67,24,0,24,91
08/17/2022,TXK,AR,ASW,CE,Federal Contract Tower,0,13,22,0,35,0,2,6,0,8,0,15,28,0,43,2,0,2,45
08/18/2022,TXK,AR,ASW,CE,Federal Contract Tower,0,8,18,2,28,0,2,2,0,4,0,10,20,2,32,8,0,8,40
08/19/2022,TXK,AR,ASW,CE,Federal Contract Tower,0,16,28,0,44,0,10,14,0,24,0,26,42,0,68,62,0,62,130
08/20/2022,TXK,AR,ASW,CE,Federal Contract Tower,0,11,11,7,29,0,2,26,0,28,0,13,37,7,57,82,10,92,149
08/21/2022,TXK,AR,ASW,CE,Federal Contract Tower,0,11,7,0,18,0,0,0,0,0,0,11,7,0,18,0,0,0,18
08/22/2022,TXK,AR,ASW,CE,Federal Contract Tower,0,10,1,0,11,0,0,0,0,0,0,10,1,0,11,0,0,0,11
08/23/2022,TXK,AR,ASW,CE,Federal Contract Tower,0,13,15,0,28,0,0,0,0,0,0,13,15,0,28,4,0,4,32
08/24/2022,TXK,AR,ASW,CE,Federal Contract Tower,0,14,29,1,44,0,2,9,0,11,0,16,38,1,55,32,0,32,87
08/25/2022,TXK,AR,ASW,CE,Federal Contract Tower,0,9,20,1,30,0,5,18,2,25,0,14,38,3,55,46,0,46,101
08/26/2022,TXK,AR,ASW,CE,Federal Contract Tower,0,11,12,0,23,0,3,24,3,30,0,14,36,3,53,54,2,56,109
08/27/2022,TXK,AR,ASW,CE,Federal Contract Tower,0,9,8,0,17,0,4,5,0,9,0,13,13,0,26,10,0,10,36
08/28/2022,TXK,AR,ASW,CE,Federal Contract Tower,0,8,7,0,15,0,11,7,0,18,0,19,14,0,33,24,0,24,57
08/29/2022,TXK,AR,ASW,CE,Federal Contract Tower,0,11,18,0,29,0,3,15,0,18,0,14,33,0,47,22,0,22,69
08/30/2022,TXK,AR,ASW,CE,Federal Contract Tower,0,11,17,2,30,0,2,24,0,26,0,13,41,2,56,30,10,40,96
08/31/2022,TXK,AR,ASW,CE,Federal Contract Tower,5,13,20,2,40,0,5,43,4,52,5,18,63,6,92,36,10,46,138
09/01/2022,TXK,AR,ASW,CE,Federal Contract Tower,0,9,25,2,36,0,2,20,0,22,0,11,45,2,58,62,0,62,120
09/02/2022,TXK,AR,ASW,CE,Federal Contract Tower,0,9,17,0,26,0,0,18,0,18,0,9,35,0,44,36,0,36,80
09/03/2022,TXK,AR,ASW,CE,Federal Contract Tower,0,5,12,0,17,0,6,10,0,16,0,11,22,0,33,4,0,4,37
09/04/2022,TXK,AR,ASW,CE,Federal Contract Tower,2,4,9,0,15,0,0,13,0,13,2,4,22,0,28,8,0,8,36
09/05/2022,TXK,AR,ASW,CE,Federal Contract Tower,0,8,5,0,13,0,1,12,0,13,0,9,17,0,26,10,0,10,36
09/06/2022,TXK,AR,ASW,CE,Federal Contract Tower,0,5,13,3,21,0,2,12,0,14,0,7,25,3,35,2,0,2,37
09/07/2022,TXK,AR,ASW,CE,Federal Contract Tower,0,10,26,0,36,0,2,22,0,24,0,12,48,0,60,20,0,20,80
09/08/2022,TXK,AR,ASW,CE,Federal Contract Tower,0,7,21,4,32,0,1,26,3,30,0,8,47,7,62,38,0,38,100
09/09/2022,TXK,AR,ASW,CE,Federal Contract Tower,0,5,20,2,27,0,10,25,0,35,0,15,45,2,62,52,4,56,118
09/10/2022,TXK,AR,ASW,CE,Federal Contract Tower,0,11,11,8,30,0,3,10,2,15,0,14,21,10,45,14,6,20,65
09/11/2022,TXK,AR,ASW,CE,Federal Contract Tower,0,6,30,4,40,0,12,25,1,38,0,18,55,5,78,52,2,54,132
09/12/2022,TXK,AR,ASW,CE,Federal Contract Tower,0,11,26,7,44,0,5,30,1,36,0,16,56,8,80,36,14,50,130
09/13/2022,TXK,AR,ASW,CE,Federal Contract Tower,0,12,17,3,32,0,11,29,0,40,0,23,46,3,72,48,0,48,120
09/14/2022,TXK,AR,ASW,CE,Federal Contract Tower,0,8,20,0,28,0,7,23,0,30,0,15,43,0,58,21,0,21,79
09/15/2022,TXK,AR,ASW,CE,Federal Contract Tower,0,11,12,4,27,0,8,17,2,27,0,19,29,6,54,42,14,56,110
09/16/2022,TXK,AR,ASW,CE,Federal Contract Tower,0,12,24,0,36,0,0,13,2,15,0,12,37,2,51,44,0,44,95
09/17/2022,TXK,AR,ASW,CE,Federal Contract Tower,0,12,20,0,32,0,11,24,0,35,0,23,44,0,67,26,0,26,93
09/18/2022,TXK,AR,ASW,CE,Federal Contract Tower,0,14,32,0,46,0,6,15,0,21,0,20,47,0,67,24,0,24,91
09/19/2022,TXK,AR,ASW,CE,Federal Contract Tower,0,8,12,0,20,0,13,12,0,25,0,21,24,0,45,12,0,12,57
09/20/2022,TXK,AR,ASW,CE,Federal Contract Tower,0,11,16,0,27,0,10,5,0,15,0,21,21,0,42,12,0,12,54
09/21/2022,TXK,AR,ASW,CE,Federal Contract Tower,0,11,34,4,49,0,5,23,0,28,0,16,57,4,77,32,4,36,113
09/22/2022,TXK,AR,ASW,CE,Federal Contract Tower,0,9,20,0,29,0,12,14,0,26,0,21,34,0,55,24,0,24,79
09/23/2022,TXK,AR,ASW,CE,Federal Contract Tower,0,7,34,4,45,0,9,39,2,50,0,16,73,6,95,72,6,78,173
09/24/2022,TXK,AR,ASW,CE,Federal Contract Tower,0,6,30,0,36,0,7,15,0,22,0,13,45,0,58,18,0,18,76
09/25/2022,TXK,AR,ASW,CE,Federal Contract Tower,0,9,15,13,37,0,3,15,2,20,0,12,30,15,57,16,10,26,83
09/26/2022,TXK,AR,ASW,CE,Federal Contract Tower,0,9,11,2,22,0,1,12,1,14,0,10,23,3,36,6,0,6,42
09/27/2022,TXK,AR,ASW,CE,Federal Contract Tower,0,12,16,0,28,0,4,19,0,23,0,16,35,0,51,28,0,28,79
09/28/2022,TXK,AR,ASW,CE,Federal Contract Tower,0,8,20,0,28,0,4,21,0,25,0,12,41,0,53,66,0,66,119
09/29/2022,TXK,AR,ASW,CE,Federal Contract Tower,0,16,11,2,29,0,7,11,0,18,0,23,22,2,47,38,2,40,87
09/30/2022,TXK,AR,ASW,CE,Federal Contract Tower,0,10,30,0,40,0,6,19,0,25,0,16,49,0,65,38,0,38,103
10/01/2022,TXK,AR,ASW,CE,Federal Contract Tower,0,8,30,0,38,0,14,20,2,36,0,22,50,2,74,114,0,114,188
10/02/2022,TXK,AR,ASW,CE,Federal Contract Tower,0,9,30,0,39,0,7,17,1,25,0,16,47,1,64,54,0,54,118
10/03/2022,TXK,AR,ASW,CE,Federal Contract Tower,0,11,11,3,25,0,9,10,0,19,0,20,21,3,44,28,0,28,72
10/04/2022,TXK,AR,ASW,CE,Federal Contract Tower,0,12,16,1,29,0,13,23,0,36,0,25,39,1,65,28,2,30,95
10/05/2022,TXK,AR,ASW,CE,Federal Contract Tower,0,11,22,0,33,0,11,26,0,37,0,22,48,0,70,50,0,50,120
10/06/2022,TXK,AR,ASW,CE,Federal Contract Tower,0,13,19,0,32,0,8,21,3,32,0,21,40,3,64,24,0,24,88
10/07/2022,TXK,AR,ASW,CE,Federal Contract Tower,0,12,12,4,28,0,3,23,1,27,0,15,35,5,55,50,0,50,105
10/08/2022,TXK,AR,ASW,CE,Federal Contract Tower,0,7,14,2,23,0,5,17,0,22,0,12,31,2,45,10,0,10,55
10/09/2022,TXK,AR,ASW,CE,Federal Contract Tower,0,8,11,2,21,0,6,24,0,30,0,14,35,2,51,36,0,36,87
10/10/2022,TXK,AR,ASW,CE,Federal Contract Tower,0,8,13,0,21,0,3,23,0,26,0,11,36,0,47,38,0,38,85
10/11/2022,TXK,AR,ASW,CE,Federal Contract Tower,0,13,22,2,37,0,6,23,0,29,0,19,45,2,66,20,6,26,92
10/12/2022,TXK,AR,ASW,CE,Federal Contract Tower,3,11,23,2,39,0,2,15,0,17,3,13,38,2,56,50,0,50,106
10/13/2022,TXK,AR,ASW,CE,Federal Contract Tower,3,10,25,1,39,0,7,18,5,30,3,17,43,6,69,36,4,40,109
10/14/2022,TXK,AR,ASW,CE,Federal Contract Tower,3,11,26,4,44,0,18,25,0,43,3,29,51,4,87,34,0,34,121
10/15/2022,TXK,AR,ASW,CE,Federal Contract Tower,3,8,6,2,19,0,8,5,0,13,3,16,11,2,32,6,0,6,38
10/16/2022,TXK,AR,ASW,CE,Federal Contract Tower,4,4,8,0,16,0,2,7,0,9,4,6,15,0,25,10,0,10,35
10/17/2022,TXK,AR,ASW,CE,Federal Contract Tower,3,8,16,2,29,0,12,11,2,25,3,20,27,4,54,36,0,36,90
10/18/2022,TXK,AR,ASW,CE,Federal Contract Tower,3,3,23,0,29,0,0,21,0,21,3,3,44,0,50,18,0,18,68
10/19/2022,TXK,AR,ASW,CE,Federal Contract Tower,3,8,30,0,41,0,6,20,0,26,3,14,50,0,67,48,0,48,115
10/20/2022,TXK,AR,ASW,CE,Federal Contract Tower,3,5,18,0,26,0,3,26,0,29,3,8,44,0,55,30,0,30,85
10/21/2022,TXK,AR,ASW,CE,Federal Contract Tower,1,12,18,2,33,0,7,34,0,41,1,19,52,2,74,60,0,60,134
10/22/2022,TXK,AR,ASW,CE,Federal Contract Tower,3,4,9,4,20,0,5,8,0,13,3,9,17,4,33,8,8,16,49
10/23/2022,TXK,AR,ASW,CE,Federal Contract Tower,3,3,16,0,22,0,7,23,0,30,3,10,39,0,52,14,0,14,66
10/24/2022,TXK,AR,ASW,CE,Federal Contract Tower,2,7,7,0,16,0,4,5,0,9,2,11,12,0,25,14,0,14,39
10/25/2022,TXK,AR,ASW,CE,Federal Contract Tower,1,7,9,0,17,0,11,16,0,27,1,18,25,0,44,38,0,38,82
10/26/2022,TXK,AR,ASW,CE,Federal Contract Tower,1,14,14,0,29,0,13,40,0,53,1,27,54,0,82,68,0,68,150
10/27/2022,TXK,AR,ASW,CE,Federal Contract Tower,3,7,26,3,39,0,5,24,0,29,3,12,50,3,68,66,6,72,140
10/28/2022,TXK,AR,ASW,CE,Federal Contract Tower,4,6,12,0,22,0,1,9,0,10,4,7,21,0,32,22,0,22,54
10/29/2022,TXK,AR,ASW,CE,Federal Contract Tower,2,10,18,0,30,0,0,0,0,0,2,10,18,0,30,4,0,4,34
10/30/2022,TXK,AR,ASW,CE,Federal Contract Tower,3,4,19,0,26,0,4,4,2,10,3,8,23,2,36,4,0,4,40
10/31/2022,TXK,AR,ASW,CE,Federal Contract Tower,2,6,20,0,28,0,1,27,0,28,2,7,47,0,56,18,0,18,74
11/01/2022,TXK,AR,ASW,CE,Federal Contract Tower,3,3,30,0,36,0,2,28,2,32,3,5,58,2,68,36,0,36,104
11/02/2022,TXK,AR,ASW,CE,Federal Contract Tower,4,5,14,2,25,0,1,27,0,28,4,6,41,2,53,18,0,18,71
11/03/2022,TXK,AR,ASW,CE,Federal Contract Tower,3,4,19,4,30,0,1,27,2,30,3,5,46,6,60,46,0,46,106
11/04/2022,TXK,AR,ASW,CE,Federal Contract Tower,1,5,13,0,19,0,0,6,0,6,1,5,19,0,25,6,0,6,31
11/05/2022,TXK,AR,ASW,CE,Federal Contract Tower,3,2,16,0,21,0,6,22,0,28,3,8,38,0,49,40,0,40,89
11/06/2022,TXK,AR,ASW,CE,Federal Contract Tower,3,4,15,0,22,0,7,17,0,24,3,11,32,0,46,12,0,12,58
11/07/2022,TXK,AR,ASW,CE,Federal Contract Tower,4,7,17,2,30,0,0,0,0,0,4,7,17,2,30,6,0,6,36
11/08/2022,TXK,AR,ASW,CE,Federal Contract Tower,3,5,21,0,29,0,0,0,0,0,3,5,21,0,29,4,0,4,33
11/09/2022,TXK,AR,ASW,CE,Federal Contract Tower,3,6,20,0,29,0,4,18,2,24,3,10,38,2,53,60,0,60,113
11/10/2022,TXK,AR,ASW,CE,Federal Contract Tower,3,4,30,0,37,0,11,41,0,52,3,15,71,0,89,48,0,48,137
11/11/2022,TXK,AR,ASW,CE,Federal Contract Tower,3,5,14,0,22,0,0,2,0,2,3,5,16,0,24,0,0,0,24
11/12/2022,TXK,AR,ASW,CE,Federal Contract Tower,3,10,20,0,33,0,8,11,0,19,3,18,31,0,52,14,0,14,66
11/13/2022,TXK,AR,ASW,CE,Federal Contract Tower,3,7,25,0,35,0,7,15,0,22,3,14,40,0,57,16,0,16,73
11/14/2022,TXK,AR,ASW,CE,Federal Contract Tower,2,4,6,3,15,0,0,3,0,3,2,4,9,3,18,2,0,2,20
11/15/2022,TXK,AR,ASW,CE,Federal Contract Tower,2,4,11,1,18,0,3,3,1,7,2,7,14,2,25,8,0,8,33
11/16/2022,TXK,AR,ASW,CE,Federal Contract Tower,3,4,15,2,24,0,5,20,0,25,3,9,35,2,49,18,0,18,67
11/17/2022,TXK,AR,ASW,CE,Federal Contract Tower,3,6,19,1,29,0,6,17,1,24,3,12,36,2,53,10,0,10,63
11/18/2022,TXK,AR,ASW,CE,Federal Contract Tower,3,2,17,0,22,0,5,14,0,19,3,7,31,0,41,0,0,0,41
11/19/2022,TXK,AR,ASW,CE,Federal Contract Tower,3,6,15,0,24,0,6,19,0,25,3,12,34,0,49,24,0,24,73
11/20/2022,TXK,AR,ASW,CE,Federal Contract Tower,3,4,8,0,15,0,2,18,0,20,3,6,26,0,35,28,0,28,63
11/21/2022,TXK,AR,ASW,CE,Federal Contract Tower,3,5,25,0,33,0,4,23,0,27,3,9,48,0,60,20,0,20,80
11/22/2022,TXK,AR,ASW,CE,Federal Contract Tower,3,16,18,0,37,0,7,16,0,23,3,23,34,0,60,22,0,22,82
11/23/2022,TXK,AR,ASW,CE,Federal Contract Tower,3,5,25,0,33,0,3,9,0,12,3,8,34,0,45,22,0,22,67
11/24/2022,TXK,AR,ASW,CE,Federal Contract Tower,1,3,3,0,7,0,0,0,0,0,1,3,3,0,7,2,0,2,9
11/25/2022,TXK,AR,ASW,CE,Federal Contract Tower,3,6,11,0,20,0,2,0,0,2,3,8,11,0,22,2,0,2,24
11/26/2022,TXK,AR,ASW,CE,Federal Contract Tower,3,8,4,0,15,0,0,0,0,0,3,8,4,0,15,6,0,6,21
11/27/2022,TXK,AR,ASW,CE,Federal Contract Tower,3,5,12,0,20,0,12,16,0,28,3,17,28,0,48,26,0,26,74
11/28/2022,TXK,AR,ASW,CE,Federal Contract Tower,3,7,18,11,39,0,7,20,0,27,3,14,38,11,66,18,0,18,84
11/29/2022,TXK,AR,ASW,CE,Federal Contract Tower,3,8,9,7,27,0,5,5,0,10,3,13,14,7,37,14,0,14,51
11/30/2022,TXK,AR,ASW,CE,Federal Contract Tower,5,3,35,4,47,0,3,25,4,32,5,6,60,8,79,60,0,60,139
12/01/2022,TXK,AR,ASW,CE,Federal Contract Tower,6,1,31,4,42,0,5,11,2,18,6,6,42,6,60,36,32,68,128
12/02/2022,TXK,AR,ASW,CE,Federal Contract Tower,6,6,15,0,27,0,0,5,0,5,6,6,20,0,32,10,0,10,42
12/03/2022,TXK,AR,ASW,CE,Federal Contract Tower,5,1,16,2,24,0,5,15,8,28,5,6,31,10,52,8,0,8,60
12/04/2022,TXK,AR,ASW,CE,Federal Contract Tower,5,8,17,0,30,0,4,3,0,7,5,12,20,0,37,32,0,32,69
12/05/2022,TXK,AR,ASW,CE,Federal Contract Tower,5,2,10,0,17,0,0,1,0,1,5,2,11,0,18,0,0,0,18
12/06/2022,TXK,AR,ASW,CE,Federal Contract Tower,4,5,18,8,35,0,0,14,6,20,4,5,32,14,55,16,26,42,97
12/07/2022,TXK,AR,ASW,CE,Federal Contract Tower,6,6,19,0,31,0,0,2,0,2,6,6,21,0,33,6,0,6,39
12/08/2022,TXK,AR,ASW,CE,Federal Contract Tower,5,7,17,0,29,0,0,1,0,1,5,7,18,0,30,8,0,8,38
12/09/2022,TXK,AR,ASW,CE,Federal Contract Tower,5,2,8,0,15,0,0,0,0,0,5,2,8,0,15,0,0,0,15
12/10/2022,TXK,AR,ASW,CE,Federal Contract Tower,5,3,7,0,15,0,0,2,0,2,5,3,9,0,17,4,0,4,21
12/11/2022,TXK,AR,ASW,CE,Federal Contract Tower,5,9,14,0,28,0,0,0,0,0,5,9,14,0,28,0,0,0,28
12/12/2022,TXK,AR,ASW,CE,Federal Contract Tower,7,0,7,0,14,0,0,0,0,0,7,0,7,0,14,4,0,4,18
12/13/2022,TXK,AR,ASW,CE,Federal Contract Tower,3,1,5,0,9,0,0,0,0,0,3,1,5,0,9,0,0,0,9
12/14/2022,TXK,AR,ASW,CE,Federal Contract Tower,5,7,11,4,27,0,5,20,2,27,5,12,31,6,54,26,10,36,90
12/15/2022,TXK,AR,ASW,CE,Federal Contract Tower,5,1,24,4,34,0,9,19,6,34,5,10,43,10,68,38,10,48,116
12/16/2022,TXK,AR,ASW,CE,Federal Contract Tower,5,4,23,2,34,0,2,16,1,19,5,6,39,3,53,26,30,56,109
12/17/2022,TXK,AR,ASW,CE,Federal Contract Tower,5,3,11,0,19,0,8,14,6,28,5,11,25,6,47,2,0,2,49
12/18/2022,TXK,AR,ASW,CE,Federal Contract Tower,5,0,18,0,23,0,4,13,0,17,5,4,31,0,40,20,0,20,60
12/19/2022,TXK,AR,ASW,CE,Federal Contract Tower,6,1,6,2,15,0,2,7,0,9,6,3,13,2,24,0,0,0,24
12/20/2022,TXK,AR,ASW,CE,Federal Contract Tower,5,3,18,0,26,0,12,21,0,33,5,15,39,0,59,40,0,40,99
12/21/2022,TXK,AR,ASW,CE,Federal Contract Tower,5,2,17,4,28,0,6,29,4,39,5,8,46,8,67,32,30,62,129
12/22/2022,TXK,AR,ASW,CE,Federal Contract Tower,4,2,12,0,18,0,0,0,0,0,4,2,12,0,18,2,0,2,20
12/23/2022,TXK,AR,ASW,CE,Federal Contract Tower,5,1,13,0,19,0,6,10,0,16,5,7,23,0,35,12,0,12,47
12/24/2022,TXK,AR,ASW,CE,Federal Contract Tower,6,4,14,0,24,0,13,11,0,24,6,17,25,0,48,20,0,20,68
12/25/2022,TXK,AR,ASW,CE,Federal Contract Tower,2,0,11,0,13,0,16,12,0,28,2,16,23,0,41,16,0,16,57
12/26/2022,TXK,AR,ASW,CE,Federal Contract Tower,4,2,11,0,17,0,8,34,0,42,4,10,45,0,59,10,0,10,69
12/27/2022,TXK,AR,ASW,CE,Federal Contract Tower,5,4,13,3,25,0,0,19,0,19,5,4,32,3,44,8,0,8,52
12/28/2022,TXK,AR,ASW,CE,Federal Contract Tower,5,0,22,0,27,0,3,17,0,20,5,3,39,0,47,14,0,14,61
12/29/2022,TXK,AR,ASW,CE,Federal Contract Tower,5,5,17,0,27,0,0,0,0,0,5,5,17,0,27,8,0,8,35
12/30/2022,TXK,AR,ASW,CE,Federal Contract Tower,5,5,18,0,28,0,4,9,0,13,5,9,27,0,41,0,0,0,41
12/31/2022,TXK,AR,ASW,CE,Federal Contract Tower,6,5,11,0,22,0,4,17,2,23,6,9,28,2,45,10,6,16,61
01/01/2023,TXK,AR,ASW,CE,Federal Contract Tower,3,3,21,0,27,0,9,15,0,24,3,12,36,0,51,10,0,10,61
01/02/2023,TXK,AR,ASW,CE,Federal Contract Tower,4,2,10,0,16,0,0,0,0,0,4,2,10,0,16,2,0,2,18
01/03/2023,TXK,AR,ASW,CE,Federal Contract Tower,5,0,16,2,23,0,9,24,0,33,5,9,40,2,56,80,0,80,136
01/04/2023,TXK,AR,ASW,CE,Federal Contract Tower,5,2,21,5,33,0,9,28,0,37,5,11,49,5,70,44,8,52,122
01/05/2023,TXK,AR,ASW,CE,Federal Contract Tower,5,0,11,1,17,0,4,18,0,22,5,4,29,1,39,26,0,26,65
01/06/2023,TXK,AR,ASW,CE,Federal Contract Tower,5,5,16,1,27,0,3,13,0,16,5,8,29,1,43,4,2,6,49
01/07/2023,TXK,AR,ASW,CE,Federal Contract Tower,5,1,10,0,16,0,9,12,0,21,5,10,22,0,37,16,0,16,53
01/08/2023,TXK,AR,ASW,CE,Federal Contract Tower,5,4,16,1,26,0,9,19,4,32,5,13,35,5,58,28,10,38,96
01/09/2023,TXK,AR,ASW,CE,Federal Contract Tower,5,3,13,0,21,0,4,16,0,20,5,7,29,0,41,12,0,12,53
01/10/2023,TXK,AR,ASW,CE,Federal Contract Tower,6,3,12,1,22,0,0,25,2,27,6,3,37,3,49,24,0,24,73
01/11/2023,TXK,AR,ASW,CE,Federal Contract Tower,6,7,26,0,39,0,4,20,0,24,6,11,46,0,63,26,0,26,89
01/12/2023,TXK,AR,ASW,CE,Federal Contract Tower,5,4,8,1,18,0,8,3,0,11,5,12,11,1,29,10,0,10,39
01/13/2023,TXK,AR,ASW,CE,Federal Contract Tower,5,0,33,0,38,0,10,20,2,32,5,10,53,2,70,38,0,38,108
01/14/2023,TXK,AR,ASW,CE,Federal Contract Tower,4,1,23,0,28,0,1,26,0,27,4,2,49,0,55,34,0,34,89
01/15/2023,TXK,AR,ASW,CE,Federal Contract Tower,3,4,14,2,23,0,4,12,0,16,3,8,26,2,39,20,0,20,59
01/16/2023,TXK,AR,ASW,CE,Federal Contract Tower,6,0,21,0,27,0,0,10,0,10,6,0,31,0,37,6,0,6,43
01/17/2023,TXK,AR,ASW,CE,Federal Contract Tower,6,1,14,2,23,0,8,13,0,21,6,9,27,2,44,56,0,56,100
01/18/2023,TXK,AR,ASW,CE,Federal Contract Tower,6,8,9,3,26,0,2,2,0,4,6,10,11,3,30,6,6,12,42
01/19/2023,TXK,AR,ASW,CE,Federal Contract Tower,5,2,18,2,27,0,8,12,0,20,5,10,30,2,47,20,0,20,67
01/20/2023,TXK,AR,ASW,CE,Federal Contract Tower,5,2,21,4,32,0,14,13,0,27,5,16,34,4,59,44,10,54,113
01/21/2023,TXK,AR,ASW,CE,Federal Contract Tower,6,2,13,16,37,0,7,6,6,19,6,9,19,22,56,32,56,88,144
01/22/2023,TXK,AR,ASW,CE,Federal Contract Tower,6,2,9,0,17,0,3,3,0,6,6,5,12,0,23,8,0,8,31
01/23/2023,TXK,AR,ASW,CE,Federal Contract Tower,5,3,21,0,29,0,4,16,0,20,5,7,37,0,49,30,0,30,79
01/24/2023,TXK,AR,ASW,CE,Federal Contract Tower,4,2,2,3,11,0,0,0,0,0,4,2,2,3,11,2,2,4,15
01/25/2023,TXK,AR,ASW,CE,Federal Contract Tower,6,2,10,10,28,0,8,8,6,22,6,10,18,16,50,24,10,34,84
01/26/2023,TXK,AR,ASW,CE,Federal Contract Tower,5,5,14,0,24,0,7,10,0,17,5,12,24,0,41,34,0,34,75
01/27/2023,TXK,AR,ASW,CE,Federal Contract Tower,5,1,20,0,26,0,2,25,0,27,5,3,45,0,53,20,0,20,73
01/28/2023,TXK,AR,ASW,CE,Federal Contract Tower,6,3,6,0,15,0,0,0,0,0,6,3,6,0,15,0,0,0,15
01/29/2023,TXK,AR,ASW,CE,Federal Contract Tower,5,2,19,0,26,0,0,0,0,0,5,2,19,0,26,0,0,0,26
01/30/2023,TXK,AR,ASW,CE,Federal Contract Tower,6,0,11,0,17,0,0,0,0,0,6,0,11,0,17,0,0,0,17
01/31/2023,TXK,AR,ASW,CE,Federal Contract Tower,1,2,5,0,8,0,0,0,0,0,1,2,5,0,8,0,0,0,8
02/01/2023,TXK,AR,ASW,CE,Federal Contract Tower,0,3,1,0,4,0,0,0,0,0,0,3,1,0,4,0,0,0,4
02/02/2023,TXK,AR,ASW,CE,Federal Contract Tower,3,2,6,0,11,0,0,0,0,0,3,2,6,0,11,0,0,0,11
02/03/2023,TXK,AR,ASW,CE,Federal Contract Tower,5,0,13,0,18,0,17,19,0,36,5,17,32,0,54,48,0,48,102
02/04/2023,TXK,AR,ASW,CE,Federal Contract Tower,5,0,22,0,27,0,6,16,0,22,5,6,38,0,49,24,0,24,73
02/05/2023,TXK,AR,ASW,CE,Federal Contract Tower,6,3,21,4,34,0,14,17,0,31,6,17,38,4,65,30,6,36,101
02/06/2023,TXK,AR,ASW,CE,Federal Contract Tower,5,1,16,0,22,0,6,8,1,15,5,7,24,1,37,14,0,14,51
02/07/2023,TXK,AR,ASW,CE,Federal Contract Tower,3,2,16,4,25,0,4,15,9,28,3,6,31,13,53,12,56,68,121
02/08/2023,TXK,AR,ASW,CE,Federal Contract Tower,5,2,5,0,12,0,0,0,0,0,5,2,5,0,12,4,0,4,16
02/09/2023,TXK,AR,ASW,CE,Federal Contract Tower,5,4,28,1,38,0,6,18,9,33,5,10,46,10,71,28,0,28,99
02/10/2023,TXK,AR,ASW,CE,Federal Contract Tower,6,3,16,0,25,0,0,1,0,1,6,3,17,0,26,0,0,0,26
02/11/2023,TXK,AR,ASW,CE,Federal Contract Tower,5,6,20,3,34,0,10,19,5,34,5,16,39,8,68,24,2,26,94
02/12/2023,TXK,AR,ASW,CE,Federal Contract Tower,5,2,22,1,30,0,0,16,9,25,5,2,38,10,55,32,0,32,87
02/13/2023,TXK,AR,ASW,CE,Federal Contract Tower,5,2,25,3,35,0,4,39,0,43,5,6,64,3,78,32,0,32,110
02/14/2023,TXK,AR,ASW,CE,Federal Contract Tower,4,2,20,3,29,0,2,3,0,5,4,4,23,3,34,18,2,20,54
02/15/2023,TXK,AR,ASW,CE,Federal Contract Tower,4,6,20,3,33,0,4,13,2,19,4,10,33,5,52,16,2,18,70
02/16/2023,TXK,AR,ASW,CE,Federal Contract Tower,5,10,20,3,38,0,10,11,2,23,5,20,31,5,61,18,2,20,81
02/17/2023,TXK,AR,ASW,CE,Federal Contract Tower,5,5,21,0,31,0,6,32,0,38,5,11,53,0,69,86,0,86,155
02/18/2023,TXK,AR,ASW,CE,Federal Contract Tower,4,1,20,0,25,0,3,24,0,27,4,4,44,0,52,16,0,16,68
02/19/2023,TXK,AR,ASW,CE,Federal Contract Tower,5,3,22,0,30,0,12,19,0,31,5,15,41,0,61,38,0,38,99
02/20/2023,TXK,AR,ASW,CE,Federal Contract Tower,5,8,24,5,42,0,4,26,0,30,5,12,50,5,72,38,6,44,116
02/21/2023,TXK,AR,ASW,CE,Federal Contract Tower,5,7,25,4,41,0,6,15,13,34,5,13,40,17,75,14,58,72,147
02/22/2023,TXK,AR,ASW,CE,Federal Contract Tower,5,1,10,0,16,0,6,3,4,13,5,7,13,4,29,10,0,10,39
02/23/2023,TXK,AR,ASW,CE,Federal Contract Tower,5,5,24,2,36,0,2,10,0,12,5,7,34,2,48,42,4,46,94
02/24/2023,TXK,AR,ASW,CE,Federal Contract Tower,6,7,13,2,28,0,0,1,0,1,6,7,14,2,29,6,0,6,35
02/25/2023,TXK,AR,ASW,CE,Federal Contract Tower,6,4,13,0,23,0,0,0,0,0,6,4,13,0,23,2,0,2,25
02/26/2023,TXK,AR,ASW,CE,Federal Contract Tower,5,2,6,0,13,0,0,2,0,2,5,2,8,0,15,0,0,0,15
02/27/2023,TXK,AR,ASW,CE,Federal Contract Tower,5,11,6,5,27,0,11,18,0,29,5,22,24,5,56,68,6,74,130
02/28/2023,TXK,AR,ASW,CE,Federal Contract Tower,5,6,34,0,45,0,7,38,0,45,5,13,72,0,90,36,0,36,126
03/01/2023,TXK,AR,ASW,CE,Federal Contract Tower,4,2,5,1,12,0,1,11,0,12,4,3,16,1,24,25,0,25,49
03/02/2023,TXK,AR,ASW,CE,Federal Contract Tower,4,1,4,0,9,0,1,0,0,1,4,2,4,0,10,2,0,2,12
03/03/2023,TXK,AR,ASW,CE,Federal Contract Tower,5,8,5,5,23,0,1,12,1,14,5,9,17,6,37,6,4,10,47
03/04/2023,TXK,AR,ASW,CE,Federal Contract Tower,6,1,13,4,24,0,9,29,1,39,6,10,42,5,63,30,0,30,93
03/05/2023,TXK,AR,ASW,CE,Federal Contract Tower,6,8,27,6,47,0,12,19,1,32,6,20,46,7,79,16,8,24,103
03/06/2023,TXK,AR,ASW,CE,Federal Contract Tower,6,4,22,0,32,0,13,20,0,33,6,17,42,0,65,36,0,36,101
03/07/2023,TXK,AR,ASW,CE,Federal Contract Tower,4,8,22,0,34,0,4,22,0,26,4,12,44,0,60,92,0,92,152
03/08/2023,TXK,AR,ASW,CE,Federal Contract Tower,4,5,18,0,27,0,0,0,0,0,4,5,18,0,27,6,0,6,33
03/09/2023,TXK,AR,ASW,CE,Federal Contract Tower,5,5,7,0,17,0,0,10,0,10,5,5,17,0,27,14,0,14,41
03/10/2023,TXK,AR,ASW,CE,Federal Contract Tower,5,3,27,4,39,0,11,14,2,27,5,14,41,6,66,20,20,40,106
03/11/2023,TXK,AR,ASW,CE,Federal Contract Tower,5,1,15,0,21,0,2,4,0,6,5,3,19,0,27,2,0,2,29
03/12/2023,TXK,AR,ASW,CE,Federal Contract Tower,5,2,15,5,27,0,8,12,3,23,5,10,27,8,50,18,8,26,76
03/13/2023,TXK,AR,ASW,CE,Federal Contract Tower,5,6,23,0,34,0,6,21,0,27,5,12,44,0,61,14,0,14,75
03/14/2023,TXK,AR,ASW,CE,Federal Contract Tower,4,1,18,0,23,0,7,55,2,64,4,8,73,2,87,34,0,34,121
03/15/2023,TXK,AR,ASW,CE,Federal Contract Tower,4,0,31,3,38,0,5,25,2,32,4,5,56,5,70,42,6,48,118
03/16/2023,TXK,AR,ASW,CE,Federal Contract Tower,3,0,14,0,17,0,0,0,0,0,3,0,14,0,17,2,0,2,19
03/17/2023,TXK,AR,ASW,CE,Federal Contract Tower,5,0,14,0,19,0,10,14,0,24,5,10,28,0,43,30,0,30,73
03/18/2023,TXK,AR,ASW,CE,Federal Contract Tower,5,1,17,3,26,0,6,32,0,38,5,7,49,3,64,14,0,14,78
03/19/2023,TXK,AR,ASW,CE,Federal Contract Tower,5,2,20,0,27,0,10,11,0,21,5,12,31,0,48,18,0,18,66
03/20/2023,TXK,AR,ASW,CE,Federal Contract Tower,5,4,9,0,18,0,8,8,0,16,5,12,17,0,34,17,0,17,51
03/21/2023,TXK,AR,ASW,CE,Federal Contract Tower,4,9,12,0,25,0,2,9,0,11,4,11,21,0,36,29,0,29,65
03/22/2023,TXK,AR,ASW,CE,Federal Contract Tower,4,4,16,0,24,0,11,4,4,19,4,15,20,4,43,28,10,38,81
03/23/2023,TXK,AR,ASW,CE,Federal Contract Tower,5,5,13,0,23,0,4,12,0,16,5,9,25,0,39,6,0,6,45
03/24/2023,TXK,AR,ASW,CE,Federal Contract Tower,4,4,4,2,14,0,0,3,0,3,4,4,7,2,17,3,0,3,20
03/25/2023,TXK,AR,ASW,CE,Federal Contract Tower,5,2,18,2,27,0,6,28,0,34,5,8,46,2,61,21,0,21,82
03/26/2023,TXK,AR,ASW,CE,Federal Contract Tower,5,3,16,0,24,0,3,40,0,43,5,6,56,0,67,47,0,47,114
03/27/2023,TXK,AR,ASW,CE,Federal Contract Tower,5,3,30,0,38,0,3,26,0,29,5,6,56,0,67,22,0,22,89
03/28/2023,TXK,AR,ASW,CE,Federal Contract Tower,4,4,30,2,40,0,4,25,2,31,4,8,55,4,71,21,0,21,92
03/29/2023,TXK,AR,ASW,CE,Federal Contract Tower,4,0,27,2,33,0,2,45,5,52,4,2,72,7,85,75,0,75,160
03/30/2023,TXK,AR,ASW,CE,Federal Contract Tower,5,1,36,3,45,0,15,13,2,30,5,16,49,5,75,42,2,44,119
03/31/2023,TXK,AR,ASW,CE,Federal Contract Tower,5,0,11,0,16,0,1,4,0,5,5,1,15,0,21,2,0,2,23
04/01/2023,TXK,AR,ASW,CE,Federal Contract Tower,4,11,17,3,35,0,3,23,0,26,4,14,40,3,61,58,2,60,121
04/02/2023,TXK,AR,ASW,CE,Federal Contract Tower,6,0,17,0,23,0,1,13,0,14,6,1,30,0,37,6,0,6,43
04/03/2023,TXK,AR,ASW,CE,Federal Contract Tower,5,4,11,5,25,0,1,12,0,13,5,5,23,5,38,28,0,28,66
04/04/2023,TXK,AR,ASW,CE,Federal Contract Tower,6,6,13,2,27,0,2,5,6,13,6,8,18,8,40,24,0,24,64
04/05/2023,TXK,AR,ASW,CE,Federal Contract Tower,6,12,5,0,23,0,0,3,0,3,6,12,8,0,26,4,0,4,30
04/06/2023,TXK,AR,ASW,CE,Federal Contract Tower,4,5,12,0,21,0,7,10,0,17,4,12,22,0,38,12,0,12,50
04/07/2023,TXK,AR,ASW,CE,Federal Contract Tower,5,4,11,0,20,0,3,9,0,12,5,7,20,0,32,18,0,18,50
04/08/2023,TXK,AR,ASW,CE,Federal Contract Tower,4,2,16,5,27,0,3,17,0,20,4,5,33,5,47,11,6,17,64
04/09/2023,TXK,AR,ASW,CE,Federal Contract Tower,4,0,11,0,15,0,1,3,0,4,4,1,14,0,19,4,0,4,23
04/10/2023,TXK,AR,ASW,CE,Federal Contract Tower,6,3,18,0,27,0,4,15,4,23,6,7,33,4,50,22,0,22,72
04/11/2023,TXK,AR,ASW,CE,Federal Contract Tower,5,5,19,0,29,0,7,17,2,26,5,12,36,2,55,16,0,16,71
04/12/2023,TXK,AR,ASW,CE,Federal Contract Tower,5,1,27,2,35,0,10,34,8,52,5,11,61,10,87,38,0,38,125
04/13/2023,TXK,AR,ASW,CE,Federal Contract Tower,5,5,18,0,28,0,14,8,0,22,5,19,26,0,50,28,0,28,78
04/14/2023,TXK,AR,ASW,CE,Federal Contract Tower,5,4,18,6,33,0,9,35,1,45,5,13,53,7,78,40,6,46,124
04/15/2023,TXK,AR,ASW,CE,Federal Contract Tower,6,2,12,0,20,0,3,10,0,13,6,5,22,0,33,16,0,16,49
04/16/2023,TXK,AR,ASW,CE,Federal Contract Tower,4,4,20,0,28,0,10,17,0,27,4,14,37,0,55,16,0,16,71
04/17/2023,TXK,AR,ASW,CE,Federal Contract Tower,5,3,26,2,36,0,6,26,0,32,5,9,52,2,68,24,0,24,92
04/18/2023,TXK,AR,ASW,CE,Federal Contract Tower,5,3,8,0,16,0,1,14,0,15,5,4,22,0,31,6,0,6,37
04/19/2023,TXK,AR,ASW,CE,Federal Contract Tower,6,8,24,3,41,0,5,10,5,20,6,13,34,8,61,24,2,26,87
04/20/2023,TXK,AR,ASW,CE,Federal Contract Tower,4,0,6,2,12,0,0,4,0,4,4,0,10,2,16,0,0,0,16
04/21/2023,TXK,AR,ASW,CE,Federal Contract Tower,4,4,20,0,28,0,0,8,0,8,4,4,28,0,36,10,0,10,46
04/22/2023,TXK,AR,ASW,CE,Federal Contract Tower,5,0,25,0,30,0,0,11,0,11,5,0,36,0,41,31,0,31,72
04/23/2023,TXK,AR,ASW,CE,Federal Contract Tower,5,3,8,1,17,0,6,8,0,14,5,9,16,1,31,10,2,12,43
04/24/2023,TXK,AR,ASW,CE,Federal Contract Tower,5,7,20,1,33,0,6,15,0,21,5,13,35,1,54,10,2,12,66
04/25/2023,TXK,AR,ASW,CE,Federal Contract Tower,5,11,14,0,30,0,0,11,0,11,5,11,25,0,41,22,0,22,63
04/26/2023,TXK,AR,ASW,CE,Federal Contract Tower,4,3,22,0,29,0,0,1,3,4,4,3,23,3,33,0,0,0,33
04/27/2023,TXK,AR,ASW,CE,Federal Contract Tower,5,5,12,4,26,0,12,4,1,17,5,17,16,5,43,22,0,22,65
04/28/2023,TXK,AR,ASW,CE,Federal Contract Tower,5,5,19,7,36,0,1,18,1,20,5,6,37,8,56,14,0,14,70
04/29/2023,TXK,AR,ASW,CE,Federal Contract Tower,5,0,10,0,15,0,6,0,0,6,5,6,10,0,21,6,0,6,27
04/30/2023,TXK,AR,ASW,CE,Federal Contract Tower,5,5,20,0,30,0,3,20,1,24,5,8,40,1,54,40,4,44,98
05/01/2023,TXK,AR,ASW,CE,Federal Contract Tower,4,2,16,0,22,0,3,24,0,27,4,5,40,0,49,24,0,24,73
05/02/2023,TXK,AR,ASW,CE,Federal Contract Tower,5,5,29,4,43,0,4,24,1,29,5,9,53,5,72,28,20,48,120
05/03/2023,TXK,AR,ASW,CE,Federal Contract Tower,5,6,18,2,31,0,1,23,2,26,5,7,41,4,57,12,0,12,69
05/04/2023,TXK,AR,ASW,CE,Federal Contract Tower,5,4,18,3,30,0,3,16,0,19,5,7,34,3,49,4,0,4,53
05/05/2023,TXK,AR,ASW,CE,Federal Contract Tower,5,9,13,0,27,0,2,5,0,7,5,11,18,0,34,2,0,2,36
05/06/2023,TXK,AR,ASW,CE,Federal Contract Tower,5,5,9,0,19,0,4,4,0,8,5,9,13,0,27,0,0,0,27
05/07/2023,TXK,AR,ASW,CE,Federal Contract Tower,5,2,14,0,21,0,6,9,2,17,5,8,23,2,38,4,0,4,42
05/08/2023,TXK,AR,ASW,CE,Federal Contract Tower,5,0,14,1,20,0,6,6,13,25,5,6,20,14,45,0,8,8,53
05/09/2023,TXK,AR,ASW,CE,Federal Contract Tower,6,2,13,0,21,0,0,21,2,23,6,2,34,2,44,24,0,24,68
05/10/2023,TXK,AR,ASW,CE,Federal Contract Tower,6,0,11,0,17,0,0,8,0,8,6,0,19,0,25,2,0,2,27
05/11/2023,TXK,AR,ASW,CE,Federal Contract Tower,6,14,15,2,37,0,3,11,2,16,6,17,26,4,53,14,6,20,73
05/12/2023,TXK,AR,ASW,CE,Federal Contract Tower,5,8,11,0,24,0,5,4,2,11,5,13,15,2,35,0,0,0,35
05/13/2023,TXK,AR,ASW,CE,Federal Contract Tower,5,5,6,2,18,0,0,8,1,9,5,5,14,3,27,26,0,26,53
05/14/2023,TXK,AR,ASW,CE,Federal Contract Tower,5,5,8,0,18,0,12,5,0,17,5,17,13,0,35,18,0,18,53
05/15/2023,TXK,AR,ASW,CE,Federal Contract Tower,5,3,14,0,22,0,12,12,0,24,5,15,26,0,46,30,0,30,76
05/16/2023,TXK,AR,ASW,CE,Federal Contract Tower,5,3,15,0,23,0,1,18,3,22,5,4,33,3,45,20,0,20,65
05/17/2023,TXK,AR,ASW,CE,Federal Contract Tower,5,4,17,1,27,0,6,9,2,17,5,10,26,3,44,24,2,26,70
05/18/2023,TXK,AR,ASW,CE,Federal Contract Tower,5,5,43,2,55,0,5,32,1,38,5,10,75,3,93,56,18,74,167
05/19/2023,TXK,AR,ASW,CE,Federal Contract Tower,5,0,4,2,11,0,2,17,2,21,5,2,21,4,32,20,0,20,52
05/20/2023,TXK,AR,ASW,CE,Federal Contract Tower,5,4,15,0,24,0,5,11,4,20,5,9,26,4,44,30,0,30,74
05/21/2023,TXK,AR,ASW,CE,Federal Contract Tower,5,1,21,0,27,0,4,21,5,30,5,5,42,5,57,20,0,20,77
05/22/2023,TXK,AR,ASW,CE,Federal Contract Tower,5,6,12,0,23,0,2,32,2,36,5,8,44,2,59,8,0,8,67
05/23/2023,TXK,AR,ASW,CE,Federal Contract Tower,5,6,20,4,35,0,6,28,2,36,5,12,48,6,71,2,8,10,81
05/24/2023,TXK,AR,ASW,CE,Federal Contract Tower,5,5,15,2,27,0,4,24,0,28,5,9,39,2,55,10,0,10,65
05/25/2023,TXK,AR,ASW,CE,Federal Contract Tower,5,3,24,0,32,0,2,20,0,22,5,5,44,0,54,22,0,22,76
05/26/2023,TXK,AR,ASW,CE,Federal Contract Tower,5,4,20,8,37,0,4,24,1,29,5,8,44,9,66,14,6,20,86
05/27/2023,TXK,AR,ASW,CE,Federal Contract Tower,4,1,6,2,13,0,10,7,0,17,4,11,13,2,30,0,0,0,30
05/28/2023,TXK,AR,ASW,CE,Federal Contract Tower,4,2,9,3,18,0,7,10,0,17,4,9,19,3,35,10,2,12,47
05/29/2023,TXK,AR,ASW,CE,Federal Contract Tower,4,3,7,2,16,0,7,20,0,27,4,10,27,2,43,48,0,48,91
05/30/2023,TXK,AR,ASW,CE,Federal Contract Tower,4,6,17,2,29,0,5,19,1,25,4,11,36,3,54,20,22,42,96
05/31/2023,TXK,AR,ASW,CE,Federal Contract Tower,5,1,20,3,29,0,4,13,1,18,5,5,33,4,47,12,22,34,81
06/01/2023,TXK,AR,ASW,CE,Federal Contract Tower,5,7,24,5,41,0,6,19,1,26,5,13,43,6,67,38,12,50,117
06/02/2023,TXK,AR,ASW,CE,Federal Contract Tower,5,3,25,5,38,0,7,23,3,33,5,10,48,8,71,10,16,26,97
06/03/2023,TXK,AR,ASW,CE,Federal Contract Tower,5,3,8,0,16,0,4,11,2,17,5,7,19,2,33,12,0,12,45
06/04/2023,TXK,AR,ASW,CE,Federal Contract Tower,5,1,12,0,18,0,2,20,8,30,5,3,32,8,48,30,12,42,90
06/05/2023,TXK,AR,ASW,CE,Federal Contract Tower,5,2,8,7,22,0,7,3,4,14,5,9,11,11,36,12,16,28,64
06/06/2023,TXK,AR,ASW,CE,Federal Contract Tower,5,2,17,0,24,0,7,18,0,25,5,9,35,0,49,18,0,18,67
06/07/2023,TXK,AR,ASW,CE,Federal Contract Tower,5,0,12,0,17,0,0,11,0,11,5,0,23,0,28,18,0,18,46
06/08/2023,TXK,AR,ASW,CE,Federal Contract Tower,5,8,16,0,29,0,10,11,0,21,5,18,27,0,50,22,0,22,72
06/09/2023,TXK,AR,ASW,CE,Federal Contract Tower,5,3,11,7,26,0,3,17,1,21,5,6,28,8,47,14,0,14,61
06/10/2023,TXK,AR,ASW,CE,Federal Contract Tower,5,3,13,0,21,0,4,9,0,13,5,7,22,0,34,20,0,20,54
06/11/2023,TXK,AR,ASW,CE,Federal Contract Tower,5,3,14,0,22,0,9,13,0,22,5,12,27,0,44,44,0,44,88
06/12/2023,TXK,AR,ASW,CE,Federal Contract Tower,5,6,12,0,23,0,1,6,0,7,5,7,18,0,30,2,0,2,32
06/13/2023,TXK,AR,ASW,CE,Federal Contract Tower,5,0,11,0,16,0,1,0,0,1,5,1,11,0,17,0,0,0,17
06/14/2023,TXK,AR,ASW,CE,Federal Contract Tower,4,2,9,3,18,0,0,2,0,2,4,2,11,3,20,6,0,6,26
06/15/2023,TXK,AR,ASW,CE,Federal Contract Tower,5,5,17,0,27,0,4,15,0,19,5,9,32,0,46,10,0,10,56
06/16/2023,TXK,AR,ASW,CE,Federal Contract Tower,5,3,15,6,29,0,4,8,5,17,5,7,23,11,46,8,4,12,58
06/17/2023,TXK,AR,ASW,CE,Federal Contract Tower,5,8,9,0,22,0,4,6,0,10,5,12,15,0,32,2,0,2,34
06/18/2023,TXK,AR,ASW,CE,Federal Contract Tower,5,0,8,0,13,0,4,3,0,7,5,4,11,0,20,2,0,2,22
06/19/2023,TXK,AR,ASW,CE,Federal Contract Tower,5,2,23,0,30,0,5,12,0,17,5,7,35,0,47,28,0,28,75
06/20/2023,TXK,AR,ASW,CE,Federal Contract Tower,5,1,17,1,24,0,7,10,0,17,5,8,27,1,41,4,2,6,47
06/21/2023,TXK,AR,ASW,CE,Federal Contract Tower,7,1,25,0,33,0,5,27,0,32,7,6,52,0,65,30,0,30,95
06/22/2023,TXK,AR,ASW,CE,Federal Contract Tower,7,3,11,3,24,0,11,33,3,47,7,14,44,6,71,60,0,60,131
06/23/2023,TXK,AR,ASW,CE,Federal Contract Tower,5,1,30,0,36,0,6,17,0,23,5,7,47,0,59,20,0,20,79
06/24/2023,TXK,AR,ASW,CE,Federal Contract Tower,5,8,10,0,23,0,9,18,0,27,5,17,28,0,50,26,0,26,76
06/25/2023,TXK,AR,ASW,CE,Federal Contract Tower,5,5,8,3,21,0,3,6,0,9,5,8,14,3,30,0,0,0,30
06/26/2023,TXK,AR,ASW,CE,Federal Contract Tower,5,3,10,0,18,0,1,5,0,6,5,4,15,0,24,0,0,0,24
06/27/2023,TXK,AR,ASW,CE,Federal Contract Tower,5,3,13,2,23,0,2,26,0,28,5,5,39,2,51,56,0,56,107
06/28/2023,TXK,AR,ASW,CE,Federal Contract Tower,5,5,22,2,34,0,9,27,0,36,5,14,49,2,70,38,0,38,108
06/29/2023,TXK,AR,ASW,CE,Federal Contract Tower,5,6,22,1,34,0,7,19,0,26,5,13,41,1,60,26,2,28,88
06/30/2023,TXK,AR,ASW,CE,Federal Contract Tower,5,3,12,0,20,0,11,6,2,19,5,14,18,2,39,28,0,28,67
07/01/2023,TXK,AR,ASW,CE,Federal Contract Tower,5,3,15,0,23,0,3,11,0,14,5,6,26,0,37,18,0,18,55
07/02/2023,TXK,AR,ASW,CE,Federal Contract Tower,5,0,4,0,9,0,6,7,0,13,5,6,11,0,22,4,0,4,26
07/03/2023,TXK,AR,ASW,CE,Federal Contract Tower,4,1,4,0,9,0,1,3,0,4,4,2,7,0,13,6,0,6,19
07/04/2023,TXK,AR,ASW,CE,Federal Contract Tower,5,0,2,0,7,0,3,9,0,12,5,3,11,0,19,0,0,0,19
07/05/2023,TXK,AR,ASW,CE,Federal Contract Tower,5,4,15,2,26,0,5,10,0,15,5,9,25,2,41,28,2,30,71
07/06/2023,TXK,AR,ASW,CE,Federal Contract Tower,5,1,11,4,21,0,2,9,2,13,5,3,20,6,34,0,6,6,40
07/07/2023,TXK,AR,ASW,CE,Federal Contract Tower,5,1,11,4,21,0,4,7,1,12,5,5,18,5,33,16,6,22,55
07/08/2023,TXK,AR,ASW,CE,Federal Contract Tower,5,2,18,0,25,0,0,4,0,4,5,2,22,0,29,8,0,8,37
07/09/2023,TXK,AR,ASW,CE,Federal Contract Tower,5,2,5,0,12,0,3,5,0,8,5,5,10,0,20,2,0,2,22
07/10/2023,TXK,AR,ASW,CE,Federal Contract Tower,5,1,15,2,23,0,13,4,0,17,5,14,19,2,40,0,0,0,40
07/11/2023,TXK,AR,ASW,CE,Federal Contract Tower,5,4,14,0,23,0,6,12,0,18,5,10,26,0,41,14,0,14,55
07/12/2023,TXK,AR,ASW,CE,Federal Contract Tower,5,0,13,0,18,0,5,6,0,11,5,5,19,0,29,14,0,14,43
07/13/2023,TXK,AR,ASW,CE,Federal Contract Tower,5,8,16,0,29,0,6,6,4,16,5,14,22,4,45,8,0,8,53
07/14/2023,TXK,AR,ASW,CE,Federal Contract Tower,8,6,9,1,24,0,5,7,0,12,8,11,16,1,36,8,2,10,46
07/15/2023,TXK,AR,ASW,CE,Federal Contract Tower,5,2,18,0,25,0,5,9,0,14,5,7,27,0,39,6,0,6,45
07/16/2023,TXK,AR,ASW,CE,Federal Contract Tower,5,5,12,0,22,0,0,5,0,5,5,5,17,0,27,0,0,0,27
07/17/2023,TXK,AR,ASW,CE,Federal Contract Tower,5,5,13,0,23,0,5,16,0,21,5,10,29,0,44,4,0,4,48
07/18/2023,TXK,AR,ASW,CE,Federal Contract Tower,5,4,17,0,26,0,4,5,0,9,5,8,22,0,35,0,0,0,35
07/19/2023,TXK,AR,ASW,CE,Federal Contract Tower,6,11,27,0,44,0,4,12,0,16,6,15,39,0,60,12,0,12,72
07/20/2023,TXK,AR,ASW,CE,Federal Contract Tower,6,8,24,0,38,0,5,22,0,27,6,13,46,0,65,12,0,12,77
07/21/2023,TXK,AR,ASW,CE,Federal Contract Tower,5,2,18,4,29,0,4,12,1,17,5,6,30,5,46,8,4,12,58
07/22/2023,TXK,AR,ASW,CE,Federal Contract Tower,5,0,5,0,10,0,13,24,0,37,5,13,29,0,47,26,0,26,73
07/23/2023,TXK,AR,ASW,CE,Federal Contract Tower,5,1,20,2,28,0,5,18,2,25,5,6,38,4,53,18,10,28,81
07/24/2023,TXK,AR,ASW,CE,Federal Contract Tower,5,4,20,2,31,0,14,12,2,28,5,18,32,4,59,8,4,12,71
07/25/2023,TXK,AR,ASW,CE,Federal Contract Tower,5,7,16,9,37,0,5,4,9,18,5,12,20,18,55,2,0,2,57
07/26/2023,TXK,AR,ASW,CE,Federal Contract Tower,5,3,21,0,29,0,11,5,0,16,5,14,26,0,45,16,0,16,61
07/27/2023,TXK,AR,ASW,CE,Federal Contract Tower,5,4,24,1,34,0,6,8,1,15,5,10,32,2,49,16,0,16,65
07/28/2023,TXK,AR,ASW,CE,Federal Contract Tower,5,1,19,0,25,0,8,17,0,25,5,9,36,0,50,22,0,22,72
07/29/2023,TXK,AR,ASW,CE,Federal Contract Tower,5,4,11,3,23,0,3,7,0,10,5,7,18,3,33,8,0,8,41
07/30/2023,TXK,AR,ASW,CE,Federal Contract Tower,5,4,13,0,22,0,1,7,1,9,5,5,20,1,31,2,0,2,33
07/31/2023,TXK,AR,ASW,CE,Federal Contract Tower,5,4,12,3,24,0,6,6,0,12,5,10,18,3,36,2,20,22,58
08/01/2023,TXK,AR,ASW,CE,Federal Contract Tower,5,6,11,6,28,0,4,21,4,29,5,10,32,10,57,0,0,0,57
08/02/2023,TXK,AR,ASW,CE,Federal Contract Tower,5,4,18,2,29,0,5,9,3,17,5,9,27,5,46,10,0,10,56
08/03/2023,TXK,AR,ASW,CE,Federal Contract Tower,4,1,14,4,23,0,9,14,4,27,4,10,28,8,50,44,0,44,94
08/04/2023,TXK,AR,ASW,CE,Federal Contract Tower,5,3,15,0,23,0,12,11,0,23,5,15,26,0,46,24,0,24,70
08/05/2023,TXK,AR,ASW,CE,Federal Contract Tower,5,3,13,0,21,0,11,15,0,26,5,14,28,0,47,8,0,8,55
08/06/2023,TXK,AR,ASW,CE,Federal Contract Tower,5,5,8,0,18,0,1,12,0,13,5,6,20,0,31,0,0,0,31
08/07/2023,TXK,AR,ASW,CE,Federal Contract Tower,5,4,11,1,21,0,8,10,1,19,5,12,21,2,40,4,0,4,44
08/08/2023,TXK,AR,ASW,CE,Federal Contract Tower,6,0,8,0,14,0,5,8,0,13,6,5,16,0,27,0,0,0,27
08/09/2023,TXK,AR,ASW,CE,Federal Contract Tower,5,3,14,0,22,0,2,11,0,13,5,5,25,0,35,14,0,14,49
08/10/2023,TXK,AR,ASW,CE,Federal Contract Tower,5,6,21,1,33,0,4,9,0,13,5,10,30,1,46,14,2,16,62
08/11/2023,TXK,AR,ASW,CE,Federal Contract Tower,5,4,14,11,34,0,6,5,0,11,5,10,19,11,45,2,20,22,67
08/12/2023,TXK,AR,ASW,CE,Federal Contract Tower,5,2,9,1,17,0,6,5,1,12,5,8,14,2,29,2,0,2,31
08/13/2023,TXK,AR,ASW,CE,Federal Contract Tower,5,2,10,0,17,0,4,15,0,19,5,6,25,0,36,22,0,22,58
08/14/2023,TXK,AR,ASW,CE,Federal Contract Tower,4,5,22,2,33,0,2,14,0,16,4,7,36,2,49,8,2,10,59
08/15/2023,TXK,AR,ASW,CE,Federal Contract Tower,5,8,15,1,29,0,9,12,0,21,5,17,27,1,50,16,0,16,66
08/16/2023,TXK,AR,ASW,CE,Federal Contract Tower,5,11,21,0,37,0,8,12,0,20,5,19,33,0,57,16,0,16,73
08/17/2023,TXK,AR,ASW,CE,Federal Contract Tower,5,5,18,0,28,0,10,17,0,27,5,15,35,0,55,26,0,26,81
08/18/2023,TXK,AR,ASW,CE,Federal Contract Tower,5,4,19,0,28,0,16,8,2,26,5,20,27,2,54,30,0,30,84
08/19/2023,TXK,AR,ASW,CE,Federal Contract Tower,5,4,6,0,15,0,6,9,0,15,5,10,15,0,30,6,0,6,36
08/20/2023,TXK,AR,ASW,CE,Federal Contract Tower,5,5,19,0,29,0,7,23,0,30,5,12,42,0,59,12,0,12,71
08/21/2023,TXK,AR,ASW,CE,Federal Contract Tower,5,4,17,0,26,0,8,7,0,15,5,12,24,0,41,0,0,0,41
08/22/2023,TXK,AR,ASW,CE,Federal Contract Tower,5,2,7,0,14,0,12,10,0,22,5,14,17,0,36,16,0,16,52
08/23/2023,TXK,AR,ASW,CE,Federal Contract Tower,5,5,15,0,25,0,12,12,2,26,5,17,27,2,51,20,0,20,71
08/24/2023,TXK,AR,ASW,CE,Federal Contract Tower,5,4,9,1,19,0,4,11,1,16,5,8,20,2,35,2,0,2,37
08/25/2023,TXK,AR,ASW,CE,Federal Contract Tower,5,6,13,5,29,0,5,16,0,21,5,11,29,5,50,20,8,28,78
08/26/2023,TXK,AR,ASW,CE,Federal Contract Tower,5,5,4,0,14,0,6,28,0,34,5,11,32,0,48,24,0,24,72
08/27/2023,TXK,AR,ASW,CE,Federal Contract Tower,5,3,9,0,17,0,5,15,0,20,5,8,24,0,37,30,0,30,67
08/28/2023,TXK,AR,ASW,CE,Federal Contract Tower,5,3,14,0,22,0,5,6,0,11,5,8,20,0,33,0,0,0,33
08/29/2023,TXK,AR,ASW,CE,Federal Contract Tower,5,7,17,0,29,0,15,13,1,29,5,22,30,1,58,18,0,18,76
08/30/2023,TXK,AR,ASW,CE,Federal Contract Tower,5,6,15,0,26,0,6,16,0,22,5,12,31,0,48,8,0,8,56
08/31/2023,TXK,AR,ASW,CE,Federal Contract Tower,5,0,16,0,21,0,8,14,0,22,5,8,30,0,43,22,0,22,65
