01/01/2020,TYR,TX,ASW,CE,Federal Contract Tower,8,4,9,0,21,0,7,14,0,21,8,11,23,0,42,22,0,22,64
01/02/2020,TYR,TX,ASW,CE,Federal Contract Tower,9,11,12,0,32,0,0,4,0,4,9,11,16,0,36,0,0,0,36
01/03/2020,TYR,TX,ASW,CE,Federal Contract Tower,8,5,24,0,37,0,2,4,0,6,8,7,28,0,43,0,0,0,43
01/04/2020,TYR,TX,ASW,CE,Federal Contract Tower,8,4,21,0,33,0,4,58,0,62,8,8,79,0,95,20,0,20,115
01/05/2020,TYR,TX,ASW,CE,Federal Contract Tower,7,5,14,0,26,0,3,36,0,39,7,8,50,0,65,60,0,60,125
01/06/2020,TYR,TX,ASW,CE,Federal Contract Tower,10,7,24,2,43,0,3,40,0,43,10,10,64,2,86,64,0,64,150
01/07/2020,TYR,TX,ASW,CE,Federal Contract Tower,7,3,31,0,41,0,0,48,1,49,7,3,79,1,90,26,0,26,116
01/08/2020,TYR,TX,ASW,CE,Federal Contract Tower,7,3,22,0,32,0,5,33,0,38,7,8,55,0,70,26,0,26,96
01/09/2020,TYR,TX,ASW,CE,Federal Contract Tower,8,4,17,0,29,0,2,2,0,4,8,6,19,0,33,0,0,0,33
01/10/2020,TYR,TX,ASW,CE,Federal Contract Tower,6,2,6,0,14,0,1,1,0,2,6,3,7,0,16,0,0,0,16
01/11/2020,TYR,TX,ASW,CE,Federal Contract Tower,7,2,10,0,19,0,0,9,0,9,7,2,19,0,28,4,0,4,32
01/12/2020,TYR,TX,ASW,CE,Federal Contract Tower,7,3,30,0,40,0,0,29,0,29,7,3,59,0,69,50,0,50,119
01/13/2020,TYR,TX,ASW,CE,Federal Contract Tower,11,9,30,0,50,0,0,20,0,20,11,9,50,0,70,48,0,48,118
01/14/2020,TYR,TX,ASW,CE,Federal Contract Tower,8,8,28,0,44,0,0,0,0,0,8,8,28,0,44,0,0,0,44
01/15/2020,TYR,TX,ASW,CE,Federal Contract Tower,8,6,26,0,40,0,3,5,0,8,8,9,31,0,48,4,0,4,52
01/16/2020,TYR,TX,ASW,CE,Federal Contract Tower,9,13,35,0,57,0,0,0,0,0,9,13,35,0,57,0,0,0,57
01/17/2020,TYR,TX,ASW,CE,Federal Contract Tower,11,5,29,0,45,0,0,0,0,0,11,5,29,0,45,4,0,4,49
01/18/2020,TYR,TX,ASW,CE,Federal Contract Tower,6,4,11,0,21,0,0,42,0,42,6,4,53,0,63,20,0,20,83
01/19/2020,TYR,TX,ASW,CE,Federal Contract Tower,7,1,13,0,21,0,1,67,0,68,7,2,80,0,89,4,0,4,93
01/20/2020,TYR,TX,ASW,CE,Federal Contract Tower,12,3,18,0,33,0,6,69,0,75,12,9,87,0,108,76,0,76,184
01/21/2020,TYR,TX,ASW,CE,Federal Contract Tower,7,8,40,0,55,0,4,65,0,69,7,12,105,0,124,32,0,32,156
01/22/2020,TYR,TX,ASW,CE,Federal Contract Tower,7,6,15,0,28,0,0,0,0,0,7,6,15,0,28,0,0,0,28
01/23/2020,TYR,TX,ASW,CE,Federal Contract Tower,7,6,20,0,33,0,5,11,2,18,7,11,31,2,51,2,0,2,53
01/24/2020,TYR,TX,ASW,CE,Federal Contract Tower,11,5,17,0,33,0,6,57,0,63,11,11,74,0,96,32,0,32,128
01/25/2020,TYR,TX,ASW,CE,Federal Contract Tower,7,5,14,0,26,0,2,71,0,73,7,7,85,0,99,26,0,26,125
01/26/2020,TYR,TX,ASW,CE,Federal Contract Tower,11,2,37,0,50,0,0,29,0,29,11,2,66,0,79,30,0,30,109
01/27/2020,TYR,TX,ASW,CE,Federal Contract Tower,8,8,22,0,38,0,5,45,0,50,8,13,67,0,88,66,0,66,154
01/28/2020,TYR,TX,ASW,CE,Federal Contract Tower,7,9,10,0,26,0,0,0,0,0,7,9,10,0,26,0,0,0,26
01/29/2020,TYR,TX,ASW,CE,Federal Contract Tower,7,12,28,0,47,0,0,2,0,2,7,12,30,0,49,0,0,0,49
01/30/2020,TYR,TX,ASW,CE,Federal Contract Tower,12,14,26,0,52,0,0,1,0,1,12,14,27,0,53,0,0,0,53
01/31/2020,TYR,TX,ASW,CE,Federal Contract Tower,11,7,33,0,51,0,6,23,0,29,11,13,56,0,80,24,0,24,104
02/01/2020,TYR,TX,ASW,CE,Federal Contract Tower,6,4,12,0,22,0,5,74,0,79,6,9,86,0,101,38,0,38,139
02/02/2020,TYR,TX,ASW,CE,Federal Contract Tower,7,0,22,0,29,0,9,46,0,55,7,9,68,0,84,52,0,52,136
02/03/2020,TYR,TX,ASW,CE,Federal Contract Tower,8,3,20,2,33,0,1,11,0,12,8,4,31,2,45,20,0,20,65
02/04/2020,TYR,TX,ASW,CE,Federal Contract Tower,7,6,12,0,25,0,5,2,0,7,7,11,14,0,32,0,0,0,32
02/05/2020,TYR,TX,ASW,CE,Federal Contract Tower,7,2,12,0,21,0,0,0,0,0,7,2,12,0,21,0,0,0,21
02/06/2020,TYR,TX,ASW,CE,Federal Contract Tower,8,7,16,0,31,0,6,19,0,25,8,13,35,0,56,18,0,18,74
02/07/2020,TYR,TX,ASW,CE,Federal Contract Tower,8,11,27,0,46,0,4,63,0,67,8,15,90,0,113,44,0,44,157
02/08/2020,TYR,TX,ASW,CE,Federal Contract Tower,7,6,23,0,36,0,6,80,0,86,7,12,103,0,122,6,0,6,128
02/09/2020,TYR,TX,ASW,CE,Federal Contract Tower,7,3,11,0,21,0,0,1,0,1,7,3,12,0,22,6,0,6,28
02/10/2020,TYR,TX,ASW,CE,Federal Contract Tower,10,3,13,0,26,0,0,0,0,0,10,3,13,0,26,0,0,0,26
02/11/2020,TYR,TX,ASW,CE,Federal Contract Tower,7,5,15,0,27,0,0,0,0,0,7,5,15,0,27,0,0,0,27
02/12/2020,TYR,TX,ASW,CE,Federal Contract Tower,7,6,21,0,34,0,0,1,0,1,7,6,22,0,35,0,0,0,35
02/13/2020,TYR,TX,ASW,CE,Federal Contract Tower,9,11,30,0,50,0,3,19,3,25,9,14,49,3,75,24,0,24,99
02/14/2020,TYR,TX,ASW,CE,Federal Contract Tower,7,7,24,0,38,0,8,67,2,77,7,15,91,2,115,76,0,76,191
02/15/2020,TYR,TX,ASW,CE,Federal Contract Tower,5,8,20,0,33,0,4,45,0,49,5,12,65,0,82,18,0,18,100
02/16/2020,TYR,TX,ASW,CE,Federal Contract Tower,8,3,28,0,39,0,4,43,0,47,8,7,71,0,86,12,0,12,98
02/17/2020,TYR,TX,ASW,CE,Federal Contract Tower,11,3,31,0,45,0,0,5,0,5,11,3,36,0,50,0,0,0,50
02/18/2020,TYR,TX,ASW,CE,Federal Contract Tower,6,11,18,0,35,0,0,0,0,0,6,11,18,0,35,0,0,0,35
02/19/2020,TYR,TX,ASW,CE,Federal Contract Tower,6,6,22,0,34,0,0,0,0,0,6,6,22,0,34,0,0,0,34
02/20/2020,TYR,TX,ASW,CE,Federal Contract Tower,7,4,19,0,30,0,1,4,0,5,7,5,23,0,35,0,0,0,35
02/21/2020,TYR,TX,ASW,CE,Federal Contract Tower,10,10,29,1,50,0,7,82,1,90,10,17,111,2,140,42,0,42,182
02/22/2020,TYR,TX,ASW,CE,Federal Contract Tower,7,4,17,4,32,0,4,64,0,68,7,8,81,4,100,34,0,34,134
02/23/2020,TYR,TX,ASW,CE,Federal Contract Tower,11,7,23,0,41,0,0,0,0,0,11,7,23,0,41,0,0,0,41
02/24/2020,TYR,TX,ASW,CE,Federal Contract Tower,9,7,26,2,44,0,3,18,0,21,9,10,44,2,65,6,0,6,71
02/25/2020,TYR,TX,ASW,CE,Federal Contract Tower,8,12,30,0,50,0,6,48,2,56,8,18,78,2,106,4,0,4,110
02/26/2020,TYR,TX,ASW,CE,Federal Contract Tower,6,8,17,0,31,0,1,15,0,16,6,9,32,0,47,4,0,4,51
02/27/2020,TYR,TX,ASW,CE,Federal Contract Tower,8,8,19,0,35,0,5,58,0,63,8,13,77,0,98,38,0,38,136
02/28/2020,TYR,TX,ASW,CE,Federal Contract Tower,10,4,25,0,39,0,9,85,0,94,10,13,110,0,133,44,0,44,177
02/29/2020,TYR,TX,ASW,CE,Federal Contract Tower,8,4,15,0,27,0,11,55,0,66,8,15,70,0,93,18,0,18,111
03/01/2020,TYR,TX,ASW,CE,Federal Contract Tower,7,4,11,0,22,0,7,3,0,10,7,11,14,0,32,0,0,0,32
03/02/2020,TYR,TX,ASW,CE,Federal Contract Tower,12,4,18,0,34,0,5,12,0,17,12,9,30,0,51,24,0,24,75
03/03/2020,TYR,TX,ASW,CE,Federal Contract Tower,7,7,22,0,36,0,0,11,0,11,7,7,33,0,47,12,0,12,59
03/04/2020,TYR,TX,ASW,CE,Federal Contract Tower,6,4,9,0,19,0,3,0,0,3,6,7,9,0,22,0,0,0,22
03/05/2020,TYR,TX,ASW,CE,Federal Contract Tower,7,5,41,0,53,0,9,100,0,109,7,14,141,0,162,76,0,76,238
03/06/2020,TYR,TX,ASW,CE,Federal Contract Tower,7,9,26,0,42,0,13,65,0,78,7,22,91,0,120,36,0,36,156
03/07/2020,TYR,TX,ASW,CE,Federal Contract Tower,2,6,23,0,31,0,6,87,4,97,2,12,110,4,128,72,0,72,200
03/08/2020,TYR,TX,ASW,CE,Federal Contract Tower,7,4,22,0,33,0,4,33,0,37,7,8,55,0,70,26,0,26,96
03/09/2020,TYR,TX,ASW,CE,Federal Contract Tower,9,8,17,0,34,0,0,1,0,1,9,8,18,0,35,8,0,8,43
03/10/2020,TYR,TX,ASW,CE,Federal Contract Tower,6,6,20,0,32,0,2,29,0,31,6,8,49,0,63,14,0,14,77
03/11/2020,TYR,TX,ASW,CE,Federal Contract Tower,5,6,42,0,53,0,3,16,0,19,5,9,58,0,72,4,0,4,76
03/12/2020,TYR,TX,ASW,CE,Federal Contract Tower,6,5,26,0,37,0,4,4,0,8,6,9,30,0,45,0,0,0,45
03/13/2020,TYR,TX,ASW,CE,Federal Contract Tower,6,7,14,0,27,0,5,9,0,14,6,12,23,0,41,14,0,14,55
03/14/2020,TYR,TX,ASW,CE,Federal Contract Tower,2,4,18,2,26,0,7,5,0,12,2,11,23,2,38,26,0,26,64
03/15/2020,TYR,TX,ASW,CE,Federal Contract Tower,10,1,11,0,22,0,0,3,0,3,10,1,14,0,25,0,0,0,25
03/16/2020,TYR,TX,ASW,CE,Federal Contract Tower,6,5,14,0,25,0,0,2,0,2,6,5,16,0,27,0,0,0,27
03/17/2020,TYR,TX,ASW,CE,Federal Contract Tower,3,12,12,0,27,0,2,0,0,2,3,14,12,0,29,0,0,0,29
03/18/2020,TYR,TX,ASW,CE,Federal Contract Tower,6,8,13,0,27,0,3,15,0,18,6,11,28,0,45,8,0,8,53
03/19/2020,TYR,TX,ASW,CE,Federal Contract Tower,3,5,5,0,13,0,2,6,0,8,3,7,11,0,21,2,0,2,23
03/20/2020,TYR,TX,ASW,CE,Federal Contract Tower,5,6,10,0,21,0,0,2,0,2,5,6,12,0,23,0,0,0,23
03/21/2020,TYR,TX,ASW,CE,Federal Contract Tower,2,2,10,0,14,0,0,6,0,6,2,2,16,0,20,18,0,18,38
03/22/2020,TYR,TX,ASW,CE,Federal Contract Tower,0,0,0,0,0,0,0,0,0,0,0,0,0,0,0,0,0,0,0
03/23/2020,TYR,TX,ASW,CE,Federal Contract Tower,8,3,11,0,22,0,0,1,0,1,8,3,12,0,23,0,0,0,23
03/24/2020,TYR,TX,ASW,CE,Federal Contract Tower,3,4,15,0,22,0,1,32,0,33,3,5,47,0,55,24,0,24,79
03/25/2020,TYR,TX,ASW,CE,Federal Contract Tower,2,5,17,0,24,0,8,74,0,82,2,13,91,0,106,58,0,58,164
03/26/2020,TYR,TX,ASW,CE,Federal Contract Tower,2,3,5,0,10,0,6,39,0,45,2,9,44,0,55,26,0,26,81
03/27/2020,TYR,TX,ASW,CE,Federal Contract Tower,4,2,17,2,25,0,9,18,2,29,4,11,35,4,54,22,0,22,76
03/28/2020,TYR,TX,ASW,CE,Federal Contract Tower,3,5,0,0,8,0,0,8,0,8,3,5,8,0,16,20,0,20,36
03/29/2020,TYR,TX,ASW,CE,Federal Contract Tower,2,3,6,0,11,0,0,62,0,62,2,3,68,0,73,26,0,26,99
03/30/2020,TYR,TX,ASW,CE,Federal Contract Tower,3,3,4,0,10,0,0,3,0,3,3,3,7,0,13,0,0,0,13
03/31/2020,TYR,TX,ASW,CE,Federal Contract Tower,1,5,23,0,29,0,1,16,0,17,1,6,39,0,46,36,0,36,82
04/01/2020,TYR,TX,ASW,CE,Federal Contract Tower,7,3,8,0,18,0,2,72,0,74,7,5,80,0,92,52,0,52,144
04/02/2020,TYR,TX,ASW,CE,Federal Contract Tower,4,6,10,0,20,0,2,8,0,10,4,8,18,0,30,2,0,2,32
04/03/2020,TYR,TX,ASW,CE,Federal Contract Tower,4,4,4,0,12,0,0,0,0,0,4,4,4,0,12,0,0,0,12
04/04/2020,TYR,TX,ASW,CE,Federal Contract Tower,0,5,1,0,6,0,0,0,0,0,0,5,1,0,6,0,0,0,6
04/05/2020,TYR,TX,ASW,CE,Federal Contract Tower,2,9,25,0,36,0,0,6,0,6,2,9,31,0,42,4,0,4,46
04/06/2020,TYR,TX,ASW,CE,Federal Contract Tower,5,3,14,0,22,0,0,23,0,23,5,3,37,0,45,10,0,10,55
04/07/2020,TYR,TX,ASW,CE,Federal Contract Tower,6,4,6,0,16,0,8,35,0,43,6,12,41,0,59,28,0,28,87
04/08/2020,TYR,TX,ASW,CE,Federal Contract Tower,4,3,3,0,10,0,6,30,0,36,4,9,33,0,46,30,0,30,76
04/09/2020,TYR,TX,ASW,CE,Federal Contract Tower,4,4,6,0,14,0,3,16,0,19,4,7,22,0,33,10,0,10,43
04/10/2020,TYR,TX,ASW,CE,Federal Contract Tower,3,2,4,0,9,0,6,56,0,62,3,8,60,0,71,36,0,36,107
04/11/2020,TYR,TX,ASW,CE,Federal Contract Tower,3,1,7,0,11,0,4,4,0,8,3,5,11,0,19,0,0,0,19
04/12/2020,TYR,TX,ASW,CE,Federal Contract Tower,2,1,7,0,10,0,0,3,0,3,2,1,10,0,13,0,0,0,13
04/13/2020,TYR,TX,ASW,CE,Federal Contract Tower,3,3,17,0,23,0,0,42,0,42,3,3,59,0,65,16,0,16,81
04/14/2020,TYR,TX,ASW,CE,Federal Contract Tower,3,4,16,0,23,0,3,30,0,33,3,7,46,0,56,24,0,24,80
04/15/2020,TYR,TX,ASW,CE,Federal Contract Tower,2,4,14,0,20,0,3,61,0,64,2,7,75,0,84,16,0,16,100
04/16/2020,TYR,TX,ASW,CE,Federal Contract Tower,4,3,11,0,18,0,9,57,0,66,4,12,68,0,84,42,0,42,126
04/17/2020,TYR,TX,ASW,CE,Federal Contract Tower,6,2,20,0,28,0,1,7,0,8,6,3,27,0,36,6,0,6,42
04/18/2020,TYR,TX,ASW,CE,Federal Contract Tower,2,3,9,0,14,0,8,30,0,38,2,11,39,0,52,64,0,64,116
04/19/2020,TYR,TX,ASW,CE,Federal Contract Tower,2,2,7,0,11,0,0,10,0,10,2,2,17,0,21,12,0,12,33
04/20/2020,TYR,TX,ASW,CE,Federal Contract Tower,2,4,7,0,13,0,2,37,0,39,2,6,44,0,52,46,0,46,98
04/21/2020,TYR,TX,ASW,CE,Federal Contract Tower,1,3,9,0,13,0,7,54,0,61,1,10,63,0,74,40,0,40,114
04/22/2020,TYR,TX,ASW,CE,Federal Contract Tower,3,3,5,0,11,0,1,2,0,3,3,4,7,0,14,6,0,6,20
04/23/2020,TYR,TX,ASW,CE,Federal Contract Tower,4,4,13,0,21,0,11,56,0,67,4,15,69,0,88,16,0,16,104
04/24/2020,TYR,TX,ASW,CE,Federal Contract Tower,4,2,4,0,10,0,3,37,0,40,4,5,41,0,50,16,0,16,66
04/25/2020,TYR,TX,ASW,CE,Federal Contract Tower,2,5,11,0,18,0,6,46,0,52,2,11,57,0,70,14,0,14,84
04/26/2020,TYR,TX,ASW,CE,Federal Contract Tower,4,0,19,0,23,0,0,71,0,71,4,0,90,0,94,16,0,16,110
04/27/2020,TYR,TX,ASW,CE,Federal Contract Tower,3,2,16,0,21,0,2,13,0,15,3,4,29,0,36,10,0,10,46
04/28/2020,TYR,TX,ASW,CE,Federal Contract Tower,4,5,11,0,20,0,3,10,0,13,4,8,21,0,33,0,0,0,33
04/29/2020,TYR,TX,ASW,CE,Federal Contract Tower,2,3,10,0,15,0,1,35,0,36,2,4,45,0,51,4,0,4,55
04/30/2020,TYR,TX,ASW,CE,Federal Contract Tower,2,6,20,0,28,0,13,105,0,118,2,19,125,0,146,30,0,30,176
05/01/2020,TYR,TX,ASW,CE,Federal Contract Tower,1,3,25,3,32,0,0,35,0,35,1,3,60,3,67,52,2,54,121
05/02/2020,TYR,TX,ASW,CE,Federal Contract Tower,3,3,9,0,15,0,0,29,0,29,3,3,38,0,44,32,0,32,76
05/03/2020,TYR,TX,ASW,CE,Federal Contract Tower,1,0,11,0,12,0,2,29,0,31,1,2,40,0,43,0,0,0,43
05/04/2020,TYR,TX,ASW,CE,Federal Contract Tower,3,2,6,0,11,0,1,35,0,36,3,3,41,0,47,16,0,16,63
05/05/2020,TYR,TX,ASW,CE,Federal Contract Tower,4,1,13,0,18,0,2,32,0,34,4,3,45,0,52,20,0,20,72
05/06/2020,TYR,TX,ASW,CE,Federal Contract Tower,2,3,13,0,18,0,6,80,0,86,2,9,93,0,104,38,0,38,142
05/07/2020,TYR,TX,ASW,CE,Federal Contract Tower,5,2,24,0,31,0,1,43,0,44,5,3,67,0,75,24,0,24,99
05/08/2020,TYR,TX,ASW,CE,Federal Contract Tower,4,6,17,0,27,0,1,17,0,18,4,7,34,0,45,4,0,4,49
05/09/2020,TYR,TX,ASW,CE,Federal Contract Tower,4,3,11,0,18,0,2,64,0,66,4,5,75,0,84,34,0,34,118
05/10/2020,TYR,TX,ASW,CE,Federal Contract Tower,5,4,17,0,26,0,1,55,0,56,5,5,72,0,82,10,0,10,92
05/11/2020,TYR,TX,ASW,CE,Federal Contract Tower,4,4,14,0,22,0,1,2,0,3,4,5,16,0,25,46,0,46,71
05/12/2020,TYR,TX,ASW,CE,Federal Contract Tower,4,4,5,0,13,0,2,11,0,13,4,6,16,0,26,2,0,2,28
05/13/2020,TYR,TX,ASW,CE,Federal Contract Tower,4,6,24,0,34,0,3,20,0,23,4,9,44,0,57,48,0,48,105
05/14/2020,TYR,TX,ASW,CE,Federal Contract Tower,4,5,22,0,31,0,8,37,0,45,4,13,59,0,76,72,0,72,148
05/15/2020,TYR,TX,ASW,CE,Federal Contract Tower,3,2,31,0,36,0,6,17,0,23,3,8,48,0,59,44,0,44,103
05/16/2020,TYR,TX,ASW,CE,Federal Contract Tower,3,3,2,0,8,0,0,0,0,0,3,3,2,0,8,0,0,0,8
05/17/2020,TYR,TX,ASW,CE,Federal Contract Tower,6,2,19,0,27,0,5,22,0,27,6,7,41,0,54,14,0,14,68
05/18/2020,TYR,TX,ASW,CE,Federal Contract Tower,4,2,21,0,27,0,8,65,0,73,4,10,86,0,100,56,0,56,156
05/19/2020,TYR,TX,ASW,CE,Federal Contract Tower,4,5,16,0,25,0,4,66,0,70,4,9,82,0,95,46,0,46,141
05/20/2020,TYR,TX,ASW,CE,Federal Contract Tower,4,5,27,0,36,0,2,19,0,21,4,7,46,0,57,22,0,22,79
05/21/2020,TYR,TX,ASW,CE,Federal Contract Tower,4,4,33,0,41,0,4,5,0,9,4,8,38,0,50,0,0,0,50
05/22/2020,TYR,TX,ASW,CE,Federal Contract Tower,4,5,23,0,32,0,2,10,0,12,4,7,33,0,44,10,0,10,54
05/23/2020,TYR,TX,ASW,CE,Federal Contract Tower,4,6,11,0,21,0,1,31,0,32,4,7,42,0,53,8,0,8,61
05/24/2020,TYR,TX,ASW,CE,Federal Contract Tower,6,0,9,0,15,0,0,6,0,6,6,0,15,0,21,0,0,0,21
05/25/2020,TYR,TX,ASW,CE,Federal Contract Tower,4,2,21,0,27,0,0,4,0,4,4,2,25,0,31,0,0,0,31
05/26/2020,TYR,TX,ASW,CE,Federal Contract Tower,4,3,14,0,21,0,1,21,0,22,4,4,35,0,43,8,0,8,51
05/27/2020,TYR,TX,ASW,CE,Federal Contract Tower,4,5,12,0,21,0,2,36,2,40,4,7,48,2,61,36,0,36,97
05/28/2020,TYR,TX,ASW,CE,Federal Contract Tower,4,3,18,0,25,0,0,41,0,41,4,3,59,0,66,10,0,10,76
05/29/2020,TYR,TX,ASW,CE,Federal Contract Tower,4,7,6,0,17,0,9,76,0,85,4,16,82,0,102,58,0,58,160
05/30/2020,TYR,TX,ASW,CE,Federal Contract Tower,4,2,16,0,22,0,9,64,0,73,4,11,80,0,95,32,0,32,127
05/31/2020,TYR,TX,ASW,CE,Federal Contract Tower,6,5,17,0,28,0,7,55,0,62,6,12,72,0,90,4,0,4,94
06/01/2020,TYR,TX,ASW,CE,Federal Contract Tower,4,2,24,0,30,0,3,52,0,55,4,5,76,0,85,6,0,6,91
06/02/2020,TYR,TX,ASW,CE,Federal Contract Tower,3,7,12,0,22,0,7,35,0,42,3,14,47,0,64,16,0,16,80
06/03/2020,TYR,TX,ASW,CE,Federal Contract Tower,4,4,23,0,31,0,5,64,0,69,4,9,87,0,100,40,0,40,140
06/04/2020,TYR,TX,ASW,CE,Federal Contract Tower,4,10,16,0,30,0,4,50,0,54,4,14,66,0,84,10,0,10,94
06/05/2020,TYR,TX,ASW,CE,Federal Contract Tower,4,3,22,0,29,0,5,80,0,85,4,8,102,0,114,58,0,58,172
06/06/2020,TYR,TX,ASW,CE,Federal Contract Tower,3,2,32,0,37,0,3,53,0,56,3,5,85,0,93,56,0,56,149
06/07/2020,TYR,TX,ASW,CE,Federal Contract Tower,4,3,19,0,26,0,8,33,0,41,4,11,52,0,67,10,0,10,77
06/08/2020,TYR,TX,ASW,CE,Federal Contract Tower,4,4,9,0,17,0,3,44,0,47,4,7,53,0,64,26,0,26,90
06/09/2020,TYR,TX,ASW,CE,Federal Contract Tower,4,10,22,0,36,0,4,21,0,25,4,14,43,0,61,6,0,6,67
06/10/2020,TYR,TX,ASW,CE,Federal Contract Tower,4,5,17,0,26,0,5,53,0,58,4,10,70,0,84,20,0,20,104
06/11/2020,TYR,TX,ASW,CE,Federal Contract Tower,4,5,35,0,44,0,6,75,0,81,4,11,110,0,125,38,0,38,163
06/12/2020,TYR,TX,ASW,CE,Federal Contract Tower,4,7,21,0,32,0,3,65,2,70,4,10,86,2,102,34,4,38,140
06/13/2020,TYR,TX,ASW,CE,Federal Contract Tower,4,6,12,0,22,0,2,63,0,65,4,8,75,0,87,24,0,24,111
06/14/2020,TYR,TX,ASW,CE,Federal Contract Tower,4,1,14,0,19,0,4,44,0,48,4,5,58,0,67,4,0,4,71
06/15/2020,TYR,TX,ASW,CE,Federal Contract Tower,4,2,15,0,21,0,7,53,0,60,4,9,68,0,81,46,0,46,127
06/16/2020,TYR,TX,ASW,CE,Federal Contract Tower,4,6,21,0,31,0,10,42,0,52,4,16,63,0,83,20,0,20,103
06/17/2020,TYR,TX,ASW,CE,Federal Contract Tower,4,6,8,0,18,0,4,59,2,65,4,10,67,2,83,24,0,24,107
06/18/2020,TYR,TX,ASW,CE,Federal Contract Tower,5,5,20,0,30,0,7,65,0,72,5,12,85,0,102,40,0,40,142
06/19/2020,TYR,TX,ASW,CE,Federal Contract Tower,4,5,13,0,22,0,7,41,0,48,4,12,54,0,70,28,0,28,98
06/20/2020,TYR,TX,ASW,CE,Federal Contract Tower,4,5,15,0,24,0,2,40,0,42,4,7,55,0,66,40,0,40,106
06/21/2020,TYR,TX,ASW,CE,Federal Contract Tower,4,3,18,0,25,0,2,12,0,14,4,5,30,0,39,2,0,2,41
06/22/2020,TYR,TX,ASW,CE,Federal Contract Tower,5,4,10,0,19,0,3,26,0,29,5,7,36,0,48,14,0,14,62
06/23/2020,TYR,TX,ASW,CE,Federal Contract Tower,4,5,17,0,26,0,11,13,2,26,4,16,30,2,52,0,0,0,52
06/24/2020,TYR,TX,ASW,CE,Federal Contract Tower,4,8,23,0,35,0,3,19,0,22,4,11,42,0,57,0,0,0,57
06/25/2020,TYR,TX,ASW,CE,Federal Contract Tower,4,9,28,0,41,0,3,20,2,25,4,12,48,2,66,0,0,0,66
06/26/2020,TYR,TX,ASW,CE,Federal Contract Tower,4,3,36,0,43,0,4,3,0,7,4,7,39,0,50,0,0,0,50
06/27/2020,TYR,TX,ASW,CE,Federal Contract Tower,4,8,29,0,41,0,2,11,0,13,4,10,40,0,54,0,0,0,54
06/28/2020,TYR,TX,ASW,CE,Federal Contract Tower,4,5,12,0,21,0,2,10,0,12,4,7,22,0,33,6,0,6,39
06/29/2020,TYR,TX,ASW,CE,Federal Contract Tower,4,4,24,0,32,0,3,23,0,26,4,7,47,0,58,24,0,24,82
06/30/2020,TYR,TX,ASW,CE,Federal Contract Tower,4,5,20,0,29,0,2,24,0,26,4,7,44,0,55,10,0,10,65
07/01/2020,TYR,TX,ASW,CE,Federal Contract Tower,4,10,36,0,50,0,6,28,0,34,4,16,64,0,84,24,0,24,108
07/02/2020,TYR,TX,ASW,CE,Federal Contract Tower,3,6,30,1,40,0,1,37,4,42,3,7,67,5,82,45,22,67,149
07/03/2020,TYR,TX,ASW,CE,Federal Contract Tower,4,2,21,0,27,0,0,99,9,108,4,2,120,9,135,18,8,26,161
07/04/2020,TYR,TX,ASW,CE,Federal Contract Tower,4,0,5,0,9,0,2,77,10,89,4,2,82,10,98,0,14,14,112
07/05/2020,TYR,TX,ASW,CE,Federal Contract Tower,3,2,15,0,20,0,1,29,0,30,3,3,44,0,50,6,0,6,56
07/06/2020,TYR,TX,ASW,CE,Federal Contract Tower,4,10,18,1,33,0,1,6,0,7,4,11,24,1,40,0,0,0,40
07/07/2020,TYR,TX,ASW,CE,Federal Contract Tower,4,8,7,5,24,0,1,5,0,6,4,9,12,5,30,4,0,4,34
07/08/2020,TYR,TX,ASW,CE,Federal Contract Tower,4,10,18,1,33,0,4,24,0,28,4,14,42,1,61,14,0,14,75
07/09/2020,TYR,TX,ASW,CE,Federal Contract Tower,4,3,39,0,46,0,7,59,0,66,4,10,98,0,112,16,0,16,128
07/10/2020,TYR,TX,ASW,CE,Federal Contract Tower,4,5,20,0,29,0,13,53,0,66,4,18,73,0,95,10,0,10,105
07/11/2020,TYR,TX,ASW,CE,Federal Contract Tower,4,4,15,0,23,0,1,79,0,80,4,5,94,0,103,44,0,44,147
07/12/2020,TYR,TX,ASW,CE,Federal Contract Tower,4,2,19,0,25,0,1,38,0,39,4,3,57,0,64,14,0,14,78
07/13/2020,TYR,TX,ASW,CE,Federal Contract Tower,4,7,12,0,23,0,1,44,0,45,4,8,56,0,68,20,0,20,88
07/14/2020,TYR,TX,ASW,CE,Federal Contract Tower,4,7,15,0,26,0,4,50,0,54,4,11,65,0,80,14,0,14,94
07/15/2020,TYR,TX,ASW,CE,Federal Contract Tower,4,11,20,2,37,0,5,53,3,61,4,16,73,5,98,54,0,54,152
07/16/2020,TYR,TX,ASW,CE,Federal Contract Tower,3,4,24,0,31,0,5,53,0,58,3,9,77,0,89,82,0,82,171
07/17/2020,TYR,TX,ASW,CE,Federal Contract Tower,4,7,12,0,23,0,5,59,0,64,4,12,71,0,87,8,0,8,95
07/18/2020,TYR,TX,ASW,CE,Federal Contract Tower,3,2,13,0,18,0,15,51,0,66,3,17,64,0,84,36,0,36,120
07/19/2020,TYR,TX,ASW,CE,Federal Contract Tower,4,2,22,0,28,0,5,55,0,60,4,7,77,0,88,28,0,28,116
07/20/2020,TYR,TX,ASW,CE,Federal Contract Tower,4,3,19,0,26,0,3,54,0,57,4,6,73,0,83,30,0,30,113
07/21/2020,TYR,TX,ASW,CE,Federal Contract Tower,3,5,14,0,22,0,3,16,0,19,3,8,30,0,41,0,0,0,41
07/22/2020,TYR,TX,ASW,CE,Federal Contract Tower,2,6,16,0,24,0,4,11,0,15,2,10,27,0,39,2,0,2,41
07/23/2020,TYR,TX,ASW,CE,Federal Contract Tower,4,7,21,0,32,0,1,52,0,53,4,8,73,0,85,28,0,28,113
07/24/2020,TYR,TX,ASW,CE,Federal Contract Tower,4,5,22,0,31,0,4,46,0,50,4,9,68,0,81,38,0,38,119
07/25/2020,TYR,TX,ASW,CE,Federal Contract Tower,4,8,12,2,26,0,0,17,0,17,4,8,29,2,43,28,0,28,71
07/26/2020,TYR,TX,ASW,CE,Federal Contract Tower,5,7,8,0,20,0,0,19,0,19,5,7,27,0,39,0,0,0,39
07/27/2020,TYR,TX,ASW,CE,Federal Contract Tower,4,9,33,0,46,0,1,21,0,22,4,10,54,0,68,32,0,32,100
07/28/2020,TYR,TX,ASW,CE,Federal Contract Tower,4,6,13,0,23,0,5,19,0,24,4,11,32,0,47,4,0,4,51
07/29/2020,TYR,TX,ASW,CE,Federal Contract Tower,4,6,15,0,25,0,1,41,0,42,4,7,56,0,67,16,0,16,83
07/30/2020,TYR,TX,ASW,CE,Federal Contract Tower,4,6,29,0,39,0,7,58,0,65,4,13,87,0,104,36,0,36,140
07/31/2020,TYR,TX,ASW,CE,Federal Contract Tower,4,11,26,0,41,0,4,42,0,46,4,15,68,0,87,32,0,32,119
08/01/2020,TYR,TX,ASW,CE,Federal Contract Tower,4,6,18,0,28,0,4,65,0,69,4,10,83,0,97,8,0,8,105
08/02/2020,TYR,TX,ASW,CE,Federal Contract Tower,4,4,16,0,24,0,4,61,0,65,4,8,77,0,89,28,0,28,117
08/03/2020,TYR,TX,ASW,CE,Federal Contract Tower,4,2,11,0,17,0,3,58,1,62,4,5,69,1,79,0,0,0,79
08/04/2020,TYR,TX,ASW,CE,Federal Contract Tower,4,5,17,0,26,0,6,45,0,51,4,11,62,0,77,48,0,48,125
08/05/2020,TYR,TX,ASW,CE,Federal Contract Tower,4,9,13,0,26,0,8,14,0,22,4,17,27,0,48,12,0,12,60
08/06/2020,TYR,TX,ASW,CE,Federal Contract Tower,5,10,12,0,27,0,4,53,0,57,5,14,65,0,84,54,0,54,138
08/07/2020,TYR,TX,ASW,CE,Federal Contract Tower,5,1,21,0,27,0,6,50,2,58,5,7,71,2,85,26,0,26,111
08/08/2020,TYR,TX,ASW,CE,Federal Contract Tower,4,3,12,0,19,0,2,52,0,54,4,5,64,0,73,0,0,0,73
08/09/2020,TYR,TX,ASW,CE,Federal Contract Tower,4,2,24,0,30,0,0,41,0,41,4,2,65,0,71,12,0,12,83
08/10/2020,TYR,TX,ASW,CE,Federal Contract Tower,4,6,16,0,26,0,1,39,0,40,4,7,55,0,66,20,0,20,86
08/11/2020,TYR,TX,ASW,CE,Federal Contract Tower,4,7,14,0,25,0,4,23,0,27,4,11,37,0,52,6,0,6,58
08/12/2020,TYR,TX,ASW,CE,Federal Contract Tower,4,3,18,2,27,0,1,42,0,43,4,4,60,2,70,34,0,34,104
08/13/2020,TYR,TX,ASW,CE,Federal Contract Tower,4,8,26,0,38,0,1,54,0,55,4,9,80,0,93,28,0,28,121
08/14/2020,TYR,TX,ASW,CE,Federal Contract Tower,7,2,19,0,28,0,3,49,0,52,7,5,68,0,80,34,0,34,114
08/15/2020,TYR,TX,ASW,CE,Federal Contract Tower,4,7,11,0,22,0,3,50,0,53,4,10,61,0,75,6,0,6,81
08/16/2020,TYR,TX,ASW,CE,Federal Contract Tower,5,5,18,0,28,0,4,37,0,41,5,9,55,0,69,18,0,18,87
08/17/2020,TYR,TX,ASW,CE,Federal Contract Tower,6,9,20,0,35,0,3,25,0,28,6,12,45,0,63,0,0,0,63
08/18/2020,TYR,TX,ASW,CE,Federal Contract Tower,4,7,9,0,20,0,2,48,0,50,4,9,57,0,70,4,0,4,74
08/19/2020,TYR,TX,ASW,CE,Federal Contract Tower,4,3,18,0,25,0,11,44,0,55,4,14,62,0,80,36,0,36,116
08/20/2020,TYR,TX,ASW,CE,Federal Contract Tower,4,6,24,2,36,0,4,35,0,39,4,10,59,2,75,12,0,12,87
08/21/2020,TYR,TX,ASW,CE,Federal Contract Tower,4,7,18,0,29,0,11,42,0,53,4,18,60,0,82,0,0,0,82
08/22/2020,TYR,TX,ASW,CE,Federal Contract Tower,4,5,12,0,21,0,4,82,0,86,4,9,94,0,107,62,0,62,169
08/23/2020,TYR,TX,ASW,CE,Federal Contract Tower,4,5,13,0,22,0,4,25,0,29,4,9,38,0,51,4,0,4,55
08/24/2020,TYR,TX,ASW,CE,Federal Contract Tower,4,6,24,0,34,0,4,37,0,41,4,10,61,0,75,4,0,4,79
08/25/2020,TYR,TX,ASW,CE,Federal Contract Tower,4,22,18,0,44,0,9,39,0,48,4,31,57,0,92,42,0,42,134
08/26/2020,TYR,TX,ASW,CE,Federal Contract Tower,2,11,7,0,20,0,1,15,0,16,2,12,22,0,36,0,0,0,36
08/27/2020,TYR,TX,ASW,CE,Federal Contract Tower,3,3,4,0,10,0,4,22,0,26,3,7,26,0,36,0,0,0,36
08/28/2020,TYR,TX,ASW,CE,Federal Contract Tower,4,6,27,0,37,0,7,20,0,27,4,13,47,0,64,0,0,0,64
08/29/2020,TYR,TX,ASW,CE,Federal Contract Tower,4,6,7,0,17,0,6,51,0,57,4,12,58,0,74,24,0,24,98
08/30/2020,TYR,TX,ASW,CE,Federal Contract Tower,4,6,10,0,20,0,0,30,0,30,4,6,40,0,50,10,0,10,60
08/31/2020,TYR,TX,ASW,CE,Federal Contract Tower,4,5,20,0,29,0,6,30,0,36,4,11,50,0,65,48,0,48,113
09/01/2020,TYR,TX,ASW,CE,Federal Contract Tower,2,5,15,2,24,0,4,8,0,12,2,9,23,2,36,0,0,0,36
09/02/2020,TYR,TX,ASW,CE,Federal Contract Tower,4,6,16,0,26,0,2,2,0,4,4,8,18,0,30,0,0,0,30
09/03/2020,TYR,TX,ASW,CE,Federal Contract Tower,5,7,27,0,39,0,1,6,0,7,5,8,33,0,46,0,0,0,46
09/04/2020,TYR,TX,ASW,CE,Federal Contract Tower,3,10,33,0,46,0,2,23,0,25,3,12,56,0,71,4,0,4,75
09/05/2020,TYR,TX,ASW,CE,Federal Contract Tower,5,6,14,0,25,0,0,32,0,32,5,6,46,0,57,28,0,28,85
09/06/2020,TYR,TX,ASW,CE,Federal Contract Tower,4,3,16,0,23,0,0,35,0,35,4,3,51,0,58,26,0,26,84
09/07/2020,TYR,TX,ASW,CE,Federal Contract Tower,4,4,19,0,27,0,6,56,0,62,4,10,75,0,89,44,0,44,133
09/08/2020,TYR,TX,ASW,CE,Federal Contract Tower,4,11,25,0,40,0,0,20,0,20,4,11,45,0,60,6,0,6,66
09/09/2020,TYR,TX,ASW,CE,Federal Contract Tower,3,7,19,0,29,0,3,40,0,43,3,10,59,0,72,12,0,12,84
09/10/2020,TYR,TX,ASW,CE,Federal Contract Tower,5,10,47,0,62,0,1,1,0,2,5,11,48,0,64,0,0,0,64
09/11/2020,TYR,TX,ASW,CE,Federal Contract Tower,3,20,21,0,44,0,1,29,0,30,3,21,50,0,74,14,0,14,88
09/12/2020,TYR,TX,ASW,CE,Federal Contract Tower,4,2,14,0,20,0,1,45,2,48,4,3,59,2,68,32,0,32,100
09/13/2020,TYR,TX,ASW,CE,Federal Contract Tower,4,4,17,0,25,0,0,52,0,52,4,4,69,0,77,22,0,22,99
09/14/2020,TYR,TX,ASW,CE,Federal Contract Tower,4,3,35,0,42,0,0,31,0,31,4,3,66,0,73,22,0,22,95
09/15/2020,TYR,TX,ASW,CE,Federal Contract Tower,4,22,24,0,50,0,3,41,0,44,4,25,65,0,94,26,0,26,120
09/16/2020,TYR,TX,ASW,CE,Federal Contract Tower,3,8,36,0,47,0,1,54,0,55,3,9,90,0,102,22,0,22,124
09/17/2020,TYR,TX,ASW,CE,Federal Contract Tower,4,4,25,2,35,0,2,23,0,25,4,6,48,2,60,0,0,0,60
09/18/2020,TYR,TX,ASW,CE,Federal Contract Tower,4,4,31,0,39,0,8,33,0,41,4,12,64,0,80,18,0,18,98
09/19/2020,TYR,TX,ASW,CE,Federal Contract Tower,4,4,10,0,18,0,1,40,0,41,4,5,50,0,59,16,0,16,75
09/20/2020,TYR,TX,ASW,CE,Federal Contract Tower,4,3,19,0,26,0,4,23,0,27,4,7,42,0,53,6,0,6,59
09/21/2020,TYR,TX,ASW,CE,Federal Contract Tower,4,8,3,0,15,0,0,2,0,2,4,8,5,0,17,0,0,0,17
09/22/2020,TYR,TX,ASW,CE,Federal Contract Tower,7,7,22,0,36,0,0,0,0,0,7,7,22,0,36,0,0,0,36
09/23/2020,TYR,TX,ASW,CE,Federal Contract Tower,4,5,26,0,35,0,1,0,0,1,4,6,26,0,36,0,0,0,36
09/24/2020,TYR,TX,ASW,CE,Federal Contract Tower,4,9,33,0,46,0,2,24,0,26,4,11,57,0,72,16,0,16,88
09/25/2020,TYR,TX,ASW,CE,Federal Contract Tower,4,9,35,0,48,0,3,52,2,57,4,12,87,2,105,62,0,62,167
09/26/2020,TYR,TX,ASW,CE,Federal Contract Tower,4,2,31,0,37,0,2,29,0,31,4,4,60,0,68,22,0,22,90
09/27/2020,TYR,TX,ASW,CE,Federal Contract Tower,4,4,33,0,41,0,0,18,0,18,4,4,51,0,59,4,0,4,63
09/28/2020,TYR,TX,ASW,CE,Federal Contract Tower,3,5,36,0,44,0,3,24,0,27,3,8,60,0,71,32,0,32,103
09/29/2020,TYR,TX,ASW,CE,Federal Contract Tower,4,10,30,0,44,0,0,42,0,42,4,10,72,0,86,0,0,0,86
09/30/2020,TYR,TX,ASW,CE,Federal Contract Tower,4,12,20,0,36,0,4,60,0,64,4,16,80,0,100,48,0,48,148
10/01/2020,TYR,TX,ASW,CE,Federal Contract Tower,4,6,17,1,28,4,58,1,0,63,8,64,18,1,91,56,4,60,151
10/02/2020,TYR,TX,ASW,CE,Federal Contract Tower,4,4,32,0,40,0,8,41,0,49,4,12,73,0,89,12,0,12,101
10/03/2020,TYR,TX,ASW,CE,Federal Contract Tower,4,4,19,0,27,0,1,101,0,102,4,5,120,0,129,8,0,8,137
10/04/2020,TYR,TX,ASW,CE,Federal Contract Tower,4,1,23,0,28,0,3,38,0,41,4,4,61,0,69,42,0,42,111
10/05/2020,TYR,TX,ASW,CE,Federal Contract Tower,4,8,16,0,28,0,4,51,0,55,4,12,67,0,83,64,0,64,147
10/06/2020,TYR,TX,ASW,CE,Federal Contract Tower,4,15,25,0,44,0,13,74,0,87,4,28,99,0,131,34,0,34,165
10/07/2020,TYR,TX,ASW,CE,Federal Contract Tower,6,12,27,0,45,0,10,48,0,58,6,22,75,0,103,14,0,14,117
10/08/2020,TYR,TX,ASW,CE,Federal Contract Tower,6,5,44,0,55,0,4,20,0,24,6,9,64,0,79,28,0,28,107
10/09/2020,TYR,TX,ASW,CE,Federal Contract Tower,5,7,27,0,39,0,1,4,0,5,5,8,31,0,44,0,0,0,44
10/10/2020,TYR,TX,ASW,CE,Federal Contract Tower,3,2,14,0,19,0,0,52,0,52,3,2,66,0,71,24,0,24,95
10/11/2020,TYR,TX,ASW,CE,Federal Contract Tower,6,6,13,0,25,0,3,44,0,47,6,9,57,0,72,24,0,24,96
10/12/2020,TYR,TX,ASW,CE,Federal Contract Tower,8,1,31,0,40,0,9,31,0,40,8,10,62,0,80,26,0,26,106
10/13/2020,TYR,TX,ASW,CE,Federal Contract Tower,6,5,22,1,34,0,7,79,0,86,6,12,101,1,120,28,0,28,148
10/14/2020,TYR,TX,ASW,CE,Federal Contract Tower,7,9,15,2,33,0,3,52,0,55,7,12,67,2,88,12,0,12,100
10/15/2020,TYR,TX,ASW,CE,Federal Contract Tower,6,7,56,0,69,0,5,5,0,10,6,12,61,0,79,6,0,6,85
10/16/2020,TYR,TX,ASW,CE,Federal Contract Tower,6,7,21,0,34,0,5,39,0,44,6,12,60,0,78,10,0,10,88
10/17/2020,TYR,TX,ASW,CE,Federal Contract Tower,4,4,27,0,35,0,2,20,0,22,4,6,47,0,57,12,0,12,69
10/18/2020,TYR,TX,ASW,CE,Federal Contract Tower,5,6,21,0,32,0,0,10,0,10,5,6,31,0,42,0,0,0,42
10/19/2020,TYR,TX,ASW,CE,Federal Contract Tower,6,7,34,0,47,0,4,26,0,30,6,11,60,0,77,0,0,0,77
10/20/2020,TYR,TX,ASW,CE,Federal Contract Tower,6,9,28,0,43,0,5,29,0,34,6,14,57,0,77,68,0,68,145
10/21/2020,TYR,TX,ASW,CE,Federal Contract Tower,6,6,35,1,48,0,1,20,0,21,6,7,55,1,69,16,18,34,103
10/22/2020,TYR,TX,ASW,CE,Federal Contract Tower,6,6,37,0,49,0,2,29,1,32,6,8,66,1,81,18,0,18,99
10/23/2020,TYR,TX,ASW,CE,Federal Contract Tower,6,11,24,0,41,0,0,7,0,7,6,11,31,0,48,0,0,0,48
10/24/2020,TYR,TX,ASW,CE,Federal Contract Tower,4,5,18,0,27,0,5,37,0,42,4,10,55,0,69,0,0,0,69
10/25/2020,TYR,TX,ASW,CE,Federal Contract Tower,5,1,37,0,43,0,0,0,0,0,5,1,37,0,43,0,0,0,43
10/26/2020,TYR,TX,ASW,CE,Federal Contract Tower,6,5,17,0,28,0,0,0,0,0,6,5,17,0,28,4,0,4,32
10/27/2020,TYR,TX,ASW,CE,Federal Contract Tower,1,0,15,0,16,0,0,0,0,0,1,0,15,0,16,0,0,0,16
10/28/2020,TYR,TX,ASW,CE,Federal Contract Tower,8,8,4,0,20,0,0,0,0,0,8,8,4,0,20,0,0,0,20
10/29/2020,TYR,TX,ASW,CE,Federal Contract Tower,6,15,36,0,57,0,2,20,0,22,6,17,56,0,79,6,0,6,85
10/30/2020,TYR,TX,ASW,CE,Federal Contract Tower,6,7,41,0,54,0,8,75,0,83,6,15,116,0,137,8,0,8,145
10/31/2020,TYR,TX,ASW,CE,Federal Contract Tower,2,9,22,0,33,0,1,69,0,70,2,10,91,0,103,6,0,6,109
11/01/2020,TYR,TX,ASW,CE,Federal Contract Tower,6,3,20,0,29,0,0,36,0,36,6,3,56,0,65,6,0,6,71
11/02/2020,TYR,TX,ASW,CE,Federal Contract Tower,5,4,12,0,21,0,2,48,0,50,5,6,60,0,71,30,0,30,101
11/03/2020,TYR,TX,ASW,CE,Federal Contract Tower,6,5,19,0,30,0,4,43,0,47,6,9,62,0,77,26,0,26,103
11/04/2020,TYR,TX,ASW,CE,Federal Contract Tower,5,12,19,0,36,0,1,55,0,56,5,13,74,0,92,24,0,24,116
11/06/2020,TYR,TX,ASW,CE,Federal Contract Tower,6,14,35,0,55,0,7,63,0,70,6,21,98,0,125,6,0,6,131
11/07/2020,TYR,TX,ASW,CE,Federal Contract Tower,4,9,7,0,20,0,2,59,2,63,4,11,66,2,83,58,0,58,141
11/08/2020,TYR,TX,ASW,CE,Federal Contract Tower,6,7,40,0,53,0,1,11,0,12,6,8,51,0,65,0,0,0,65
11/09/2020,TYR,TX,ASW,CE,Federal Contract Tower,4,10,25,0,39,0,5,22,0,27,4,15,47,0,66,18,0,18,84
11/10/2020,TYR,TX,ASW,CE,Federal Contract Tower,6,38,25,1,70,0,3,24,1,28,6,41,49,2,98,6,0,6,104
11/11/2020,TYR,TX,ASW,CE,Federal Contract Tower,5,9,31,0,45,0,5,55,2,62,5,14,86,2,107,78,4,82,189
11/12/2020,TYR,TX,ASW,CE,Federal Contract Tower,5,8,22,0,35,0,1,55,0,56,5,9,77,0,91,84,0,84,175
11/13/2020,TYR,TX,ASW,CE,Federal Contract Tower,3,8,17,0,28,0,65,54,0,119,3,73,71,0,147,18,0,18,165
11/14/2020,TYR,TX,ASW,CE,Federal Contract Tower,5,4,19,0,28,0,0,9,0,9,5,4,28,0,37,6,0,6,43
11/15/2020,TYR,TX,ASW,CE,Federal Contract Tower,5,2,21,0,28,0,2,32,0,34,5,4,53,0,62,4,0,4,66
11/16/2020,TYR,TX,ASW,CE,Federal Contract Tower,6,3,11,0,20,0,5,50,0,55,6,8,61,0,75,10,0,10,85
11/17/2020,TYR,TX,ASW,CE,Federal Contract Tower,5,7,15,0,27,0,0,71,2,73,5,7,86,2,100,12,0,12,112
11/18/2020,TYR,TX,ASW,CE,Federal Contract Tower,6,8,16,0,30,0,1,40,0,41,6,9,56,0,71,0,0,0,71
11/19/2020,TYR,TX,ASW,CE,Federal Contract Tower,3,9,16,0,28,0,16,34,0,50,3,25,50,0,78,4,0,4,82
11/20/2020,TYR,TX,ASW,CE,Federal Contract Tower,5,12,45,0,62,0,3,25,0,28,5,15,70,0,90,0,0,0,90
11/21/2020,TYR,TX,ASW,CE,Federal Contract Tower,5,9,13,0,27,0,0,50,0,50,5,9,63,0,77,12,0,12,89
11/22/2020,TYR,TX,ASW,CE,Federal Contract Tower,5,3,31,0,39,0,0,8,0,8,5,3,39,0,47,0,0,0,47
11/23/2020,TYR,TX,ASW,CE,Federal Contract Tower,5,9,21,2,37,0,2,32,1,35,5,11,53,3,72,48,2,50,122
11/24/2020,TYR,TX,ASW,CE,Federal Contract Tower,5,12,23,2,42,0,2,3,0,5,5,14,26,2,47,0,0,0,47
11/25/2020,TYR,TX,ASW,CE,Federal Contract Tower,5,11,25,0,41,0,0,45,0,45,5,11,70,0,86,24,0,24,110
11/26/2020,TYR,TX,ASW,CE,Federal Contract Tower,0,0,3,0,3,0,0,13,0,13,0,0,16,0,16,12,0,12,28
11/27/2020,TYR,TX,ASW,CE,Federal Contract Tower,4,10,14,0,28,0,0,1,0,1,4,10,15,0,29,0,0,0,29
11/28/2020,TYR,TX,ASW,CE,Federal Contract Tower,7,8,19,0,34,0,0,4,0,4,7,8,23,0,38,0,0,0,38
11/29/2020,TYR,TX,ASW,CE,Federal Contract Tower,7,5,25,0,37,0,1,11,0,12,7,6,36,0,49,6,0,6,55
11/30/2020,TYR,TX,ASW,CE,Federal Contract Tower,7,5,16,0,28,0,0,38,0,38,7,5,54,0,66,2,0,2,68
12/01/2020,TYR,TX,ASW,CE,Federal Contract Tower,5,18,20,0,43,0,1,39,0,40,5,19,59,0,83,18,0,18,101
12/02/2020,TYR,TX,ASW,CE,Federal Contract Tower,5,11,26,0,42,0,0,0,0,0,5,11,26,0,42,0,0,0,42
12/03/2020,TYR,TX,ASW,CE,Federal Contract Tower,3,3,19,0,25,0,2,8,0,10,3,5,27,0,35,6,0,6,41
12/04/2020,TYR,TX,ASW,CE,Federal Contract Tower,4,10,15,0,29,0,3,37,0,40,4,13,52,0,69,36,0,36,105
12/05/2020,TYR,TX,ASW,CE,Federal Contract Tower,3,5,21,4,33,0,1,78,0,79,3,6,99,4,112,44,0,44,156
12/06/2020,TYR,TX,ASW,CE,Federal Contract Tower,5,4,18,0,27,0,4,29,0,33,5,8,47,0,60,28,0,28,88
12/07/2020,TYR,TX,ASW,CE,Federal Contract Tower,5,7,24,0,36,0,1,48,0,49,5,8,72,0,85,48,0,48,133
12/08/2020,TYR,TX,ASW,CE,Federal Contract Tower,4,13,23,0,40,0,0,47,0,47,4,13,70,0,87,36,0,36,123
12/09/2020,TYR,TX,ASW,CE,Federal Contract Tower,4,9,36,0,49,0,4,41,0,45,4,13,77,0,94,6,0,6,100
12/10/2020,TYR,TX,ASW,CE,Federal Contract Tower,3,5,36,0,44,0,4,47,0,51,3,9,83,0,95,24,0,24,119
12/11/2020,TYR,TX,ASW,CE,Federal Contract Tower,5,3,11,0,19,0,0,0,0,0,5,3,11,0,19,0,0,0,19
12/12/2020,TYR,TX,ASW,CE,Federal Contract Tower,3,5,24,0,32,0,1,59,4,64,3,6,83,4,96,6,0,6,102
12/13/2020,TYR,TX,ASW,CE,Federal Contract Tower,5,2,6,0,13,0,0,0,0,0,5,2,6,0,13,0,0,0,13
12/14/2020,TYR,TX,ASW,CE,Federal Contract Tower,6,2,25,10,43,0,1,49,0,50,6,3,74,10,93,34,0,34,127
12/15/2020,TYR,TX,ASW,CE,Federal Contract Tower,5,6,21,0,32,0,0,0,0,0,5,6,21,0,32,0,0,0,32
12/16/2020,TYR,TX,ASW,CE,Federal Contract Tower,5,9,25,0,39,0,1,16,0,17,5,10,41,0,56,32,0,32,88
12/17/2020,TYR,TX,ASW,CE,Federal Contract Tower,13,7,35,5,60,0,1,63,0,64,13,8,98,5,124,26,6,32,156
12/18/2020,TYR,TX,ASW,CE,Federal Contract Tower,9,3,26,0,38,0,6,40,0,46,9,9,66,0,84,0,0,0,84
12/19/2020,TYR,TX,ASW,CE,Federal Contract Tower,7,3,23,2,35,0,0,0,0,0,7,3,23,2,35,0,0,0,35
12/20/2020,TYR,TX,ASW,CE,Federal Contract Tower,8,5,36,0,49,0,0,38,0,38,8,5,74,0,87,8,0,8,95
12/21/2020,TYR,TX,ASW,CE,Federal Contract Tower,6,2,16,0,24,0,1,56,0,57,6,3,72,0,81,20,0,20,101
12/22/2020,TYR,TX,ASW,CE,Federal Contract Tower,11,11,22,1,45,0,4,62,3,69,11,15,84,4,114,26,0,26,140
12/23/2020,TYR,TX,ASW,CE,Federal Contract Tower,9,11,17,0,37,0,5,5,0,10,9,16,22,0,47,4,0,4,51
12/24/2020,TYR,TX,ASW,CE,Federal Contract Tower,6,6,13,0,25,0,4,26,0,30,6,10,39,0,55,0,0,0,55
12/25/2020,TYR,TX,ASW,CE,Federal Contract Tower,4,1,9,0,14,0,6,17,0,23,4,7,26,0,37,10,0,10,47
12/26/2020,TYR,TX,ASW,CE,Federal Contract Tower,7,11,19,0,37,0,2,30,5,37,7,13,49,5,74,10,0,10,84
12/27/2020,TYR,TX,ASW,CE,Federal Contract Tower,9,5,26,0,40,0,0,16,0,16,9,5,42,0,56,0,0,0,56
12/28/2020,TYR,TX,ASW,CE,Federal Contract Tower,10,8,32,0,50,0,0,32,0,32,10,8,64,0,82,18,0,18,100
12/29/2020,TYR,TX,ASW,CE,Federal Contract Tower,9,5,23,0,37,0,4,23,0,27,9,9,46,0,64,14,0,14,78
12/30/2020,TYR,TX,ASW,CE,Federal Contract Tower,5,12,11,0,28,0,0,4,0,4,5,12,15,0,32,10,0,10,42
12/31/2020,TYR,TX,ASW,CE,Federal Contract Tower,7,5,2,0,14,0,0,0,0,0,7,5,2,0,14,0,0,0,14
01/01/2021,TYR,TX,ASW,CE,Federal Contract Tower,7,2,3,0,12,0,0,7,0,7,7,2,10,0,19,18,0,18,37
01/02/2021,TYR,TX,ASW,CE,Federal Contract Tower,9,6,26,0,41,0,2,67,0,69,9,8,93,0,110,26,0,26,136
01/03/2021,TYR,TX,ASW,CE,Federal Contract Tower,9,1,15,0,25,0,3,29,0,32,9,4,44,0,57,0,0,0,57
01/04/2021,TYR,TX,ASW,CE,Federal Contract Tower,9,3,20,0,32,0,4,64,0,68,9,7,84,0,100,46,0,46,146
01/06/2021,TYR,TX,ASW,CE,Federal Contract Tower,8,6,27,0,41,0,1,1,0,2,8,7,28,0,43,0,0,0,43
01/07/2021,TYR,TX,ASW,CE,Federal Contract Tower,7,7,22,0,36,0,2,9,0,11,7,9,31,0,47,2,0,2,49
01/08/2021,TYR,TX,ASW,CE,Federal Contract Tower,8,11,20,0,39,0,1,12,2,15,8,12,32,2,54,28,0,28,82
01/09/2021,TYR,TX,ASW,CE,Federal Contract Tower,8,4,17,0,29,0,0,0,0,0,8,4,17,0,29,28,0,28,57
01/11/2021,TYR,TX,ASW,CE,Federal Contract Tower,7,2,6,0,15,0,0,9,0,9,7,2,15,0,24,34,0,34,58
01/12/2021,TYR,TX,ASW,CE,Federal Contract Tower,8,5,14,0,27,0,1,37,0,38,8,6,51,0,65,0,0,0,65
01/13/2021,TYR,TX,ASW,CE,Federal Contract Tower,8,9,20,1,38,0,1,42,4,47,8,10,62,5,85,32,4,36,121
01/14/2021,TYR,TX,ASW,CE,Federal Contract Tower,9,7,14,0,30,0,2,25,0,27,9,9,39,0,57,12,0,12,69
01/15/2021,TYR,TX,ASW,CE,Federal Contract Tower,8,3,20,0,31,0,6,20,0,26,8,9,40,0,57,4,0,4,61
01/16/2021,TYR,TX,ASW,CE,Federal Contract Tower,7,6,21,0,34,0,6,56,1,63,7,12,77,1,97,18,0,18,115
01/17/2021,TYR,TX,ASW,CE,Federal Contract Tower,9,4,8,0,21,0,1,44,2,47,9,5,52,2,68,22,0,22,90
01/18/2021,TYR,TX,ASW,CE,Federal Contract Tower,8,8,14,0,30,0,1,55,0,56,8,9,69,0,86,32,0,32,118
01/20/2021,TYR,TX,ASW,CE,Federal Contract Tower,5,6,19,0,30,0,0,1,0,1,5,6,20,0,31,0,0,0,31
01/21/2021,TYR,TX,ASW,CE,Federal Contract Tower,8,4,50,0,62,0,0,5,0,5,8,4,55,0,67,0,0,0,67
01/22/2021,TYR,TX,ASW,CE,Federal Contract Tower,9,5,29,0,43,0,0,0,0,0,9,5,29,0,43,0,0,0,43
01/23/2021,TYR,TX,ASW,CE,Federal Contract Tower,11,4,13,0,28,0,0,0,0,0,11,4,13,0,28,0,0,0,28
01/24/2021,TYR,TX,ASW,CE,Federal Contract Tower,1,5,17,0,23,0,0,0,0,0,1,5,17,0,23,0,0,0,23
01/25/2021,TYR,TX,ASW,CE,Federal Contract Tower,8,4,38,0,50,0,3,34,0,37,8,7,72,0,87,12,0,12,99
01/26/2021,TYR,TX,ASW,CE,Federal Contract Tower,8,10,36,0,54,0,3,70,0,73,8,13,106,0,127,38,0,38,165
01/27/2021,TYR,TX,ASW,CE,Federal Contract Tower,8,4,14,0,26,0,1,43,0,44,8,5,57,0,70,6,0,6,76
01/28/2021,TYR,TX,ASW,CE,Federal Contract Tower,8,7,25,0,40,0,1,42,0,43,8,8,67,0,83,30,0,30,113
01/29/2021,TYR,TX,ASW,CE,Federal Contract Tower,9,2,21,6,38,0,9,39,0,48,9,11,60,6,86,12,0,12,98
01/30/2021,TYR,TX,ASW,CE,Federal Contract Tower,6,9,11,1,27,0,0,3,1,4,6,9,14,2,31,0,0,0,31
02/01/2021,TYR,TX,ASW,CE,Federal Contract Tower,9,5,16,0,30,0,3,56,0,59,9,8,72,0,89,56,0,56,145
02/02/2021,TYR,TX,ASW,CE,Federal Contract Tower,8,9,24,0,41,0,5,61,0,66,8,14,85,0,107,22,0,22,129
02/03/2021,TYR,TX,ASW,CE,Federal Contract Tower,8,9,17,0,34,0,1,69,0,70,8,10,86,0,104,16,0,16,120
02/04/2021,TYR,TX,ASW,CE,Federal Contract Tower,9,14,21,0,44,0,2,21,1,24,9,16,42,1,68,20,0,20,88
02/05/2021,TYR,TX,ASW,CE,Federal Contract Tower,11,5,25,0,41,0,1,45,3,49,11,6,70,3,90,8,0,8,98
02/06/2021,TYR,TX,ASW,CE,Federal Contract Tower,8,6,17,2,33,0,0,0,0,0,8,6,17,2,33,0,0,0,33
02/07/2021,TYR,TX,ASW,CE,Federal Contract Tower,8,0,13,0,21,0,2,41,0,43,8,2,54,0,64,26,0,26,90
02/08/2021,TYR,TX,ASW,CE,Federal Contract Tower,7,6,39,0,52,0,1,17,0,18,7,7,56,0,70,36,0,36,106
02/09/2021,TYR,TX,ASW,CE,Federal Contract Tower,8,10,22,0,40,0,3,2,0,5,8,13,24,0,45,0,0,0,45
02/10/2021,TYR,TX,ASW,CE,Federal Contract Tower,3,0,13,0,16,0,0,0,0,0,3,0,13,0,16,0,0,0,16
02/11/2021,TYR,TX,ASW,CE,Federal Contract Tower,9,0,8,0,17,0,0,0,0,0,9,0,8,0,17,0,0,0,17
02/12/2021,TYR,TX,ASW,CE,Federal Contract Tower,11,4,11,2,28,0,0,0,0,0,11,4,11,2,28,0,0,0,28
02/13/2021,TYR,TX,ASW,CE,Federal Contract Tower,4,4,5,0,13,0,0,0,0,0,4,4,5,0,13,0,0,0,13
02/14/2021,TYR,TX,ASW,CE,Federal Contract Tower,0,0,0,0,0,0,0,0,0,0,0,0,0,0,0,0,0,0,0
02/16/2021,TYR,TX,ASW,CE,Federal Contract Tower,0,0,0,0,0,0,0,0,0,0,0,0,0,0,0,0,0,0,0
02/17/2021,TYR,TX,ASW,CE,Federal Contract Tower,0,0,0,0,0,0,0,0,0,0,0,0,0,0,0,0,0,0,0
02/18/2021,TYR,TX,ASW,CE,Federal Contract Tower,0,0,0,0,0,0,0,0,0,0,0,0,0,0,0,0,0,0,0
02/19/2021,TYR,TX,ASW,CE,Federal Contract Tower,0,0,0,0,0,0,0,0,0,0,0,0,0,0,0,0,0,0,0
02/20/2021,TYR,TX,ASW,CE,Federal Contract Tower,1,0,6,0,7,0,1,22,0,23,1,1,28,0,30,16,0,16,46
02/21/2021,TYR,TX,ASW,CE,Federal Contract Tower,8,0,16,1,25,0,0,16,0,16,8,0,32,1,41,46,0,46,87
02/22/2021,TYR,TX,ASW,CE,Federal Contract Tower,7,6,27,2,42,0,0,59,0,59,7,6,86,2,101,50,0,50,151
02/23/2021,TYR,TX,ASW,CE,Federal Contract Tower,8,5,29,2,44,0,13,65,0,78,8,18,94,2,122,12,0,12,134
02/24/2021,TYR,TX,ASW,CE,Federal Contract Tower,6,12,31,2,51,0,1,37,0,38,6,13,68,2,89,14,0,14,103
02/25/2021,TYR,TX,ASW,CE,Federal Contract Tower,7,11,34,4,56,0,2,10,0,12,7,13,44,4,68,12,0,12,80
02/26/2021,TYR,TX,ASW,CE,Federal Contract Tower,9,11,22,0,42,0,0,0,0,0,9,11,22,0,42,0,0,0,42
02/27/2021,TYR,TX,ASW,CE,Federal Contract Tower,5,2,9,0,16,0,1,8,0,9,5,3,17,0,25,26,0,26,51
02/28/2021,TYR,TX,ASW,CE,Federal Contract Tower,9,6,12,0,27,0,0,2,0,2,9,6,14,0,29,0,0,0,29
03/01/2021,TYR,TX,ASW,CE,Federal Contract Tower,9,5,38,0,52,0,0,1,0,1,9,5,39,0,53,0,0,0,53
03/02/2021,TYR,TX,ASW,CE,Federal Contract Tower,8,8,39,1,56,0,5,64,1,70,8,13,103,2,126,32,2,34,160
03/03/2021,TYR,TX,ASW,CE,Federal Contract Tower,6,11,23,0,40,0,3,108,0,111,6,14,131,0,151,48,0,48,199
03/04/2021,TYR,TX,ASW,CE,Federal Contract Tower,10,12,17,0,39,0,2,64,2,68,10,14,81,2,107,48,0,48,155
03/05/2021,TYR,TX,ASW,CE,Federal Contract Tower,10,5,33,0,48,0,0,2,0,2,10,5,35,0,50,0,0,0,50
03/07/2021,TYR,TX,ASW,CE,Federal Contract Tower,9,3,27,0,39,0,2,61,0,63,9,5,88,0,102,24,0,24,126
03/08/2021,TYR,TX,ASW,CE,Federal Contract Tower,10,9,10,0,29,0,4,45,0,49,10,13,55,0,78,20,0,20,98
03/09/2021,TYR,TX,ASW,CE,Federal Contract Tower,9,4,29,0,42,0,2,20,0,22,9,6,49,0,64,26,0,26,90
03/11/2021,TYR,TX,ASW,CE,Federal Contract Tower,9,12,40,0,61,0,8,17,1,26,9,20,57,1,87,14,0,14,101
03/12/2021,TYR,TX,ASW,CE,Federal Contract Tower,9,11,30,0,50,0,2,11,0,13,9,13,41,0,63,6,0,6,69
03/13/2021,TYR,TX,ASW,CE,Federal Contract Tower,5,6,24,14,49,0,0,13,33,46,5,6,37,47,95,18,40,58,153
03/14/2021,TYR,TX,ASW,CE,Federal Contract Tower,12,13,16,7,48,0,1,0,0,1,12,14,16,7,49,0,0,0,49
03/15/2021,TYR,TX,ASW,CE,Federal Contract Tower,9,2,14,0,25,0,1,41,2,44,9,3,55,2,69,36,0,36,105
03/16/2021,TYR,TX,ASW,CE,Federal Contract Tower,10,7,30,0,47,0,1,18,0,19,10,8,48,0,66,18,0,18,84
03/17/2021,TYR,TX,ASW,CE,Federal Contract Tower,5,3,8,0,16,0,5,18,3,26,5,8,26,3,42,0,0,0,42
03/18/2021,TYR,TX,ASW,CE,Federal Contract Tower,7,6,27,1,41,0,7,18,0,25,7,13,45,1,66,34,0,34,100
03/19/2021,TYR,TX,ASW,CE,Federal Contract Tower,9,4,42,0,55,0,4,47,0,51,9,8,89,0,106,26,0,26,132
03/20/2021,TYR,TX,ASW,CE,Federal Contract Tower,6,1,29,0,36,0,1,82,0,83,6,2,111,0,119,46,0,46,165
03/21/2021,TYR,TX,ASW,CE,Federal Contract Tower,9,9,32,0,50,0,2,33,0,35,9,11,65,0,85,28,0,28,113
03/22/2021,TYR,TX,ASW,CE,Federal Contract Tower,8,4,30,0,42,0,2,10,0,12,8,6,40,0,54,20,0,20,74
03/23/2021,TYR,TX,ASW,CE,Federal Contract Tower,10,11,17,0,38,0,6,36,0,42,10,17,53,0,80,4,0,4,84
03/24/2021,TYR,TX,ASW,CE,Federal Contract Tower,8,2,25,1,36,0,3,21,1,25,8,5,46,2,61,0,0,0,61
03/25/2021,TYR,TX,ASW,CE,Federal Contract Tower,7,9,20,0,36,0,2,20,0,22,7,11,40,0,58,22,0,22,80
03/26/2021,TYR,TX,ASW,CE,Federal Contract Tower,9,3,42,1,55,0,8,73,0,81,9,11,115,1,136,48,0,48,184
03/27/2021,TYR,TX,ASW,CE,Federal Contract Tower,5,6,15,0,26,0,2,4,3,9,5,8,19,3,35,2,0,2,37
03/28/2021,TYR,TX,ASW,CE,Federal Contract Tower,10,5,35,1,51,0,2,39,0,41,10,7,74,1,92,14,0,14,106
03/29/2021,TYR,TX,ASW,CE,Federal Contract Tower,9,6,17,0,32,0,1,63,0,64,9,7,80,0,96,14,0,14,110
03/30/2021,TYR,TX,ASW,CE,Federal Contract Tower,9,9,38,6,62,0,2,9,0,11,9,11,47,6,73,16,0,16,89
03/31/2021,TYR,TX,ASW,CE,Federal Contract Tower,9,8,31,0,48,0,1,16,0,17,9,9,47,0,65,0,0,0,65
04/01/2021,TYR,TX,ASW,CE,Federal Contract Tower,7,8,30,9,54,0,1,80,0,81,7,9,110,9,135,48,0,48,183
04/02/2021,TYR,TX,ASW,CE,Federal Contract Tower,7,12,21,0,40,0,1,74,0,75,7,13,95,0,115,50,0,50,165
04/03/2021,TYR,TX,ASW,CE,Federal Contract Tower,5,4,5,0,14,0,0,34,0,34,5,4,39,0,48,0,0,0,48
04/04/2021,TYR,TX,ASW,CE,Federal Contract Tower,6,3,14,0,23,0,0,39,0,39,6,3,53,0,62,30,0,30,92
04/05/2021,TYR,TX,ASW,CE,Federal Contract Tower,7,6,29,0,42,0,6,32,0,38,7,12,61,0,80,32,0,32,112
04/07/2021,TYR,TX,ASW,CE,Federal Contract Tower,6,7,33,0,46,0,3,19,0,22,6,10,52,0,68,0,0,0,68
04/08/2021,TYR,TX,ASW,CE,Federal Contract Tower,7,6,15,0,28,0,1,58,1,60,7,7,73,1,88,44,2,46,134
04/09/2021,TYR,TX,ASW,CE,Federal Contract Tower,8,2,35,0,45,0,1,8,0,9,8,3,43,0,54,0,0,0,54
04/10/2021,TYR,TX,ASW,CE,Federal Contract Tower,7,3,18,0,28,0,0,41,2,43,7,3,59,2,71,12,0,12,83
04/11/2021,TYR,TX,ASW,CE,Federal Contract Tower,8,8,10,0,26,0,0,62,2,64,8,8,72,2,90,18,0,18,108
04/12/2021,TYR,TX,ASW,CE,Federal Contract Tower,7,19,25,1,52,0,2,59,0,61,7,21,84,1,113,86,2,88,201
04/13/2021,TYR,TX,ASW,CE,Federal Contract Tower,6,3,18,0,27,0,2,27,0,29,6,5,45,0,56,24,0,24,80
04/14/2021,TYR,TX,ASW,CE,Federal Contract Tower,6,4,38,0,48,0,0,0,0,0,6,4,38,0,48,0,0,0,48
04/15/2021,TYR,TX,ASW,CE,Federal Contract Tower,6,5,39,0,50,0,4,15,0,19,6,9,54,0,69,8,0,8,77
04/16/2021,TYR,TX,ASW,CE,Federal Contract Tower,7,7,25,0,39,0,0,0,0,0,7,7,25,0,39,0,0,0,39
04/17/2021,TYR,TX,ASW,CE,Federal Contract Tower,7,6,38,0,51,0,0,6,0,6,7,6,44,0,57,2,0,2,59
04/18/2021,TYR,TX,ASW,CE,Federal Contract Tower,7,2,32,0,41,0,2,57,2,61,7,4,89,2,102,18,0,18,120
04/19/2021,TYR,TX,ASW,CE,Federal Contract Tower,8,7,19,4,38,0,2,72,0,74,8,9,91,4,112,80,8,88,200
04/20/2021,TYR,TX,ASW,CE,Federal Contract Tower,6,5,28,0,39,0,7,35,0,42,6,12,63,0,81,38,0,38,119
04/22/2021,TYR,TX,ASW,CE,Federal Contract Tower,6,17,25,6,54,0,5,69,0,74,6,22,94,6,128,46,0,46,174
04/23/2021,TYR,TX,ASW,CE,Federal Contract Tower,7,4,28,0,39,0,0,0,0,0,7,4,28,0,39,0,0,0,39
04/24/2021,TYR,TX,ASW,CE,Federal Contract Tower,6,5,16,0,27,0,1,44,3,48,6,6,60,3,75,34,0,34,109
04/25/2021,TYR,TX,ASW,CE,Federal Contract Tower,7,9,24,0,40,0,0,60,2,62,7,9,84,2,102,16,0,16,118
04/26/2021,TYR,TX,ASW,CE,Federal Contract Tower,8,7,16,1,32,0,1,43,0,44,8,8,59,1,76,54,0,54,130
04/28/2021,TYR,TX,ASW,CE,Federal Contract Tower,6,9,14,3,32,0,1,7,0,8,6,10,21,3,40,0,0,0,40
04/29/2021,TYR,TX,ASW,CE,Federal Contract Tower,6,6,29,0,41,0,4,6,0,10,6,10,35,0,51,2,0,2,53
04/30/2021,TYR,TX,ASW,CE,Federal Contract Tower,12,7,22,0,41,0,0,1,0,1,12,7,23,0,42,0,0,0,42
05/01/2021,TYR,TX,ASW,CE,Federal Contract Tower,7,3,12,0,22,0,4,10,0,14,7,7,22,0,36,18,0,18,54
05/02/2021,TYR,TX,ASW,CE,Federal Contract Tower,7,3,40,0,50,0,0,20,0,20,7,3,60,0,70,14,0,14,84
05/03/2021,TYR,TX,ASW,CE,Federal Contract Tower,7,5,21,0,33,0,1,34,1,36,7,6,55,1,69,14,0,14,83
05/04/2021,TYR,TX,ASW,CE,Federal Contract Tower,6,6,14,0,26,0,2,24,0,26,6,8,38,0,52,0,0,0,52
05/05/2021,TYR,TX,ASW,CE,Federal Contract Tower,6,14,16,1,37,0,4,94,4,102,6,18,110,5,139,22,0,22,161
05/06/2021,TYR,TX,ASW,CE,Federal Contract Tower,7,6,30,1,44,0,9,58,1,68,7,15,88,2,112,30,0,30,142
05/07/2021,TYR,TX,ASW,CE,Federal Contract Tower,7,6,31,0,44,0,1,74,0,75,7,7,105,0,119,32,0,32,151
05/08/2021,TYR,TX,ASW,CE,Federal Contract Tower,5,5,18,0,28,0,2,17,0,19,5,7,35,0,47,4,0,4,51
05/09/2021,TYR,TX,ASW,CE,Federal Contract Tower,7,0,18,1,26,0,0,5,2,7,7,0,23,3,33,0,0,0,33
05/10/2021,TYR,TX,ASW,CE,Federal Contract Tower,7,5,30,0,42,0,0,0,0,0,7,5,30,0,42,2,0,2,44
05/11/2021,TYR,TX,ASW,CE,Federal Contract Tower,3,2,20,0,25,0,0,0,0,0,3,2,20,0,25,0,0,0,25
05/12/2021,TYR,TX,ASW,CE,Federal Contract Tower,6,9,36,0,51,0,0,1,0,1,6,9,37,0,52,0,0,0,52
05/13/2021,TYR,TX,ASW,CE,Federal Contract Tower,8,4,28,0,40,0,2,64,1,67,8,6,92,1,107,72,10,82,189
05/14/2021,TYR,TX,ASW,CE,Federal Contract Tower,7,4,26,0,37,0,1,65,0,66,7,5,91,0,103,40,0,40,143
05/15/2021,TYR,TX,ASW,CE,Federal Contract Tower,5,4,24,0,33,0,0,81,2,83,5,4,105,2,116,20,10,30,146
05/16/2021,TYR,TX,ASW,CE,Federal Contract Tower,5,1,27,0,33,0,0,5,0,5,5,1,32,0,38,6,0,6,44
05/17/2021,TYR,TX,ASW,CE,Federal Contract Tower,7,4,23,0,34,0,0,5,0,5,7,4,28,0,39,18,0,18,57
05/18/2021,TYR,TX,ASW,CE,Federal Contract Tower,7,4,10,0,21,0,2,6,0,8,7,6,16,0,29,0,0,0,29
05/19/2021,TYR,TX,ASW,CE,Federal Contract Tower,6,7,16,0,29,0,1,16,0,17,6,8,32,0,46,30,0,30,76
05/20/2021,TYR,TX,ASW,CE,Federal Contract Tower,7,3,15,0,25,0,1,3,2,6,7,4,18,2,31,0,0,0,31
05/21/2021,TYR,TX,ASW,CE,Federal Contract Tower,7,5,25,0,37,0,3,4,0,7,7,8,29,0,44,0,0,0,44
05/22/2021,TYR,TX,ASW,CE,Federal Contract Tower,5,8,31,0,44,0,0,7,0,7,5,8,38,0,51,0,0,0,51
05/23/2021,TYR,TX,ASW,CE,Federal Contract Tower,7,3,34,0,44,0,1,28,0,29,7,4,62,0,73,20,0,20,93
05/24/2021,TYR,TX,ASW,CE,Federal Contract Tower,7,2,20,1,30,0,1,13,2,16,7,3,33,3,46,10,0,10,56
05/25/2021,TYR,TX,ASW,CE,Federal Contract Tower,8,3,41,0,52,0,1,12,0,13,8,4,53,0,65,32,0,32,97
05/26/2021,TYR,TX,ASW,CE,Federal Contract Tower,8,4,33,4,49,0,4,17,0,21,8,8,50,4,70,20,0,20,90
05/27/2021,TYR,TX,ASW,CE,Federal Contract Tower,8,4,36,1,49,0,3,54,0,57,8,7,90,1,106,20,6,26,132
05/28/2021,TYR,TX,ASW,CE,Federal Contract Tower,7,10,39,0,56,0,1,17,0,18,7,11,56,0,74,94,0,94,168
05/29/2021,TYR,TX,ASW,CE,Federal Contract Tower,5,1,16,0,22,0,6,34,0,40,5,7,50,0,62,36,0,36,98
05/30/2021,TYR,TX,ASW,CE,Federal Contract Tower,7,2,22,0,31,0,0,21,0,21,7,2,43,0,52,10,0,10,62
05/31/2021,TYR,TX,ASW,CE,Federal Contract Tower,7,4,28,0,39,0,1,27,0,28,7,5,55,0,67,46,0,46,113
06/01/2021,TYR,TX,ASW,CE,Federal Contract Tower,7,6,28,0,41,0,1,12,0,13,7,7,40,0,54,0,0,0,54
06/02/2021,TYR,TX,ASW,CE,Federal Contract Tower,7,5,20,0,32,0,3,43,0,46,7,8,63,0,78,90,0,90,168
06/03/2021,TYR,TX,ASW,CE,Federal Contract Tower,7,3,30,0,40,0,7,64,0,71,7,10,94,0,111,134,0,134,245
06/04/2021,TYR,TX,ASW,CE,Federal Contract Tower,7,3,21,0,31,0,1,18,0,19,7,4,39,0,50,18,0,18,68
06/05/2021,TYR,TX,ASW,CE,Federal Contract Tower,6,7,18,2,33,0,1,6,0,7,6,8,24,2,40,0,0,0,40
06/06/2021,TYR,TX,ASW,CE,Federal Contract Tower,7,0,18,0,25,0,0,16,0,16,7,0,34,0,41,2,0,2,43
06/07/2021,TYR,TX,ASW,CE,Federal Contract Tower,3,12,11,0,26,0,0,6,0,6,3,12,17,0,32,0,0,0,32
06/08/2021,TYR,TX,ASW,CE,Federal Contract Tower,5,7,14,2,28,0,5,12,0,17,5,12,26,2,45,12,0,12,57
06/09/2021,TYR,TX,ASW,CE,Federal Contract Tower,7,11,21,3,42,0,3,23,3,29,7,14,44,6,71,20,0,20,91
06/10/2021,TYR,TX,ASW,CE,Federal Contract Tower,7,11,35,0,53,0,1,4,2,7,7,12,39,2,60,88,0,88,148
06/11/2021,TYR,TX,ASW,CE,Federal Contract Tower,7,4,38,0,49,0,3,38,6,47,7,7,76,6,96,26,0,26,122
06/12/2021,TYR,TX,ASW,CE,Federal Contract Tower,8,3,21,0,32,0,2,21,0,23,8,5,42,0,55,4,0,4,59
06/13/2021,TYR,TX,ASW,CE,Federal Contract Tower,7,6,28,0,41,0,6,71,0,77,7,12,99,0,118,42,0,42,160
06/14/2021,TYR,TX,ASW,CE,Federal Contract Tower,7,6,22,0,35,0,3,60,4,67,7,9,82,4,102,60,0,60,162
06/15/2021,TYR,TX,ASW,CE,Federal Contract Tower,5,12,24,0,41,0,0,63,0,63,5,12,87,0,104,22,0,22,126
06/16/2021,TYR,TX,ASW,CE,Federal Contract Tower,7,9,27,0,43,0,1,60,4,65,7,10,87,4,108,20,0,20,128
06/17/2021,TYR,TX,ASW,CE,Federal Contract Tower,7,10,25,0,42,0,0,35,0,35,7,10,60,0,77,72,0,72,149
06/18/2021,TYR,TX,ASW,CE,Federal Contract Tower,7,8,27,0,42,0,8,71,8,87,7,16,98,8,129,36,0,36,165
06/19/2021,TYR,TX,ASW,CE,Federal Contract Tower,6,9,22,0,37,0,2,55,1,58,6,11,77,1,95,0,0,0,95
06/20/2021,TYR,TX,ASW,CE,Federal Contract Tower,7,9,25,0,41,0,0,34,2,36,7,9,59,2,77,18,0,18,95
06/21/2021,TYR,TX,ASW,CE,Federal Contract Tower,5,8,20,0,33,0,1,13,0,14,5,9,33,0,47,0,0,0,47
06/22/2021,TYR,TX,ASW,CE,Federal Contract Tower,5,14,29,0,48,0,2,50,2,54,5,16,79,2,102,28,0,28,130
06/23/2021,TYR,TX,ASW,CE,Federal Contract Tower,7,4,27,2,40,0,0,32,0,32,7,4,59,2,72,20,0,20,92
06/24/2021,TYR,TX,ASW,CE,Federal Contract Tower,7,10,41,0,58,0,1,52,0,53,7,11,93,0,111,52,0,52,163
06/25/2021,TYR,TX,ASW,CE,Federal Contract Tower,7,8,14,0,29,0,1,34,0,35,7,9,48,0,64,36,0,36,100
06/26/2021,TYR,TX,ASW,CE,Federal Contract Tower,6,9,18,4,37,0,2,30,4,36,6,11,48,8,73,8,46,54,127
06/27/2021,TYR,TX,ASW,CE,Federal Contract Tower,5,2,22,0,29,0,0,16,0,16,5,2,38,0,45,32,0,32,77
06/28/2021,TYR,TX,ASW,CE,Federal Contract Tower,6,4,15,0,25,0,1,6,0,7,6,5,21,0,32,2,0,2,34
06/29/2021,TYR,TX,ASW,CE,Federal Contract Tower,5,9,19,8,41,0,0,9,2,11,5,9,28,10,52,12,4,16,68
06/30/2021,TYR,TX,ASW,CE,Federal Contract Tower,7,8,25,4,44,0,1,45,5,51,7,9,70,9,95,6,0,6,101
07/01/2021,TYR,TX,ASW,CE,Federal Contract Tower,4,5,13,8,30,0,4,45,14,63,4,9,58,22,93,22,12,34,127
07/02/2021,TYR,TX,ASW,CE,Federal Contract Tower,2,4,14,0,20,0,1,28,0,29,2,5,42,0,49,10,0,10,59
07/03/2021,TYR,TX,ASW,CE,Federal Contract Tower,5,5,18,0,28,0,0,100,4,104,5,5,118,4,132,82,2,84,216
07/04/2021,TYR,TX,ASW,CE,Federal Contract Tower,5,1,31,0,37,0,1,47,0,48,5,2,78,0,85,0,0,0,85
07/05/2021,TYR,TX,ASW,CE,Federal Contract Tower,7,4,18,1,30,0,6,45,0,51,7,10,63,1,81,0,0,0,81
07/06/2021,TYR,TX,ASW,CE,Federal Contract Tower,5,3,23,1,32,0,5,27,0,32,5,8,50,1,64,22,0,22,86
07/07/2021,TYR,TX,ASW,CE,Federal Contract Tower,6,5,18,0,29,0,0,36,0,36,6,5,54,0,65,20,0,20,85
07/08/2021,TYR,TX,ASW,CE,Federal Contract Tower,5,1,17,0,23,0,2,49,0,51,5,3,66,0,74,68,0,68,142
07/09/2021,TYR,TX,ASW,CE,Federal Contract Tower,7,7,18,0,32,0,1,8,0,9,7,8,26,0,41,0,0,0,41
07/10/2021,TYR,TX,ASW,CE,Federal Contract Tower,6,7,39,0,52,0,0,18,1,19,6,7,57,1,71,6,0,6,77
07/11/2021,TYR,TX,ASW,CE,Federal Contract Tower,7,3,15,0,25,0,1,11,0,12,7,4,26,0,37,0,0,0,37
07/12/2021,TYR,TX,ASW,CE,Federal Contract Tower,5,4,36,0,45,0,0,38,0,38,5,4,74,0,83,12,0,12,95
07/13/2021,TYR,TX,ASW,CE,Federal Contract Tower,5,7,33,5,50,0,1,49,1,51,5,8,82,6,101,22,8,30,131
07/14/2021,TYR,TX,ASW,CE,Federal Contract Tower,6,5,23,0,34,0,3,37,0,40,6,8,60,0,74,32,0,32,106
07/15/2021,TYR,TX,ASW,CE,Federal Contract Tower,7,9,40,0,56,0,2,26,0,28,7,11,66,0,84,18,0,18,102
07/16/2021,TYR,TX,ASW,CE,Federal Contract Tower,7,10,24,2,43,0,0,34,0,34,7,10,58,2,77,18,0,18,95
07/17/2021,TYR,TX,ASW,CE,Federal Contract Tower,6,2,45,8,61,0,0,35,0,35,6,2,80,8,96,6,0,6,102
07/18/2021,TYR,TX,ASW,CE,Federal Contract Tower,7,2,23,0,32,0,0,36,0,36,7,2,59,0,68,12,0,12,80
07/19/2021,TYR,TX,ASW,CE,Federal Contract Tower,5,4,9,0,18,0,0,2,0,2,5,4,11,0,20,0,0,0,20
07/20/2021,TYR,TX,ASW,CE,Federal Contract Tower,5,9,22,0,36,0,0,22,0,22,5,9,44,0,58,0,0,0,58
07/21/2021,TYR,TX,ASW,CE,Federal Contract Tower,7,11,21,0,39,0,6,41,0,47,7,17,62,0,86,12,0,12,98
07/23/2021,TYR,TX,ASW,CE,Federal Contract Tower,7,7,34,0,48,0,3,32,0,35,7,10,66,0,83,16,0,16,99
07/24/2021,TYR,TX,ASW,CE,Federal Contract Tower,6,6,24,0,36,0,2,48,0,50,6,8,72,0,86,18,0,18,104
07/25/2021,TYR,TX,ASW,CE,Federal Contract Tower,7,6,17,0,30,0,2,50,0,52,7,8,67,0,82,8,0,8,90
07/26/2021,TYR,TX,ASW,CE,Federal Contract Tower,7,5,32,0,44,0,2,37,2,41,7,7,69,2,85,12,0,12,97
07/27/2021,TYR,TX,ASW,CE,Federal Contract Tower,5,6,26,2,39,0,2,36,0,38,5,8,62,2,77,0,0,0,77
07/28/2021,TYR,TX,ASW,CE,Federal Contract Tower,8,8,16,2,34,0,2,39,4,45,8,10,55,6,79,22,0,22,101
07/29/2021,TYR,TX,ASW,CE,Federal Contract Tower,7,11,17,2,37,0,0,44,0,44,7,11,61,2,81,0,6,6,87
07/30/2021,TYR,TX,ASW,CE,Federal Contract Tower,8,3,26,0,37,0,6,42,2,50,8,9,68,2,87,16,0,16,103
07/31/2021,TYR,TX,ASW,CE,Federal Contract Tower,6,12,27,0,45,0,10,73,0,83,6,22,100,0,128,46,0,46,174
08/01/2021,TYR,TX,ASW,CE,Federal Contract Tower,5,5,19,0,29,0,0,46,0,46,5,5,65,0,75,0,0,0,75
08/02/2021,TYR,TX,ASW,CE,Federal Contract Tower,7,8,7,2,24,0,0,2,0,2,7,8,9,2,26,0,0,0,26
08/03/2021,TYR,TX,ASW,CE,Federal Contract Tower,4,10,23,0,37,0,2,41,0,43,4,12,64,0,80,22,0,22,102
08/04/2021,TYR,TX,ASW,CE,Federal Contract Tower,7,12,27,2,48,0,0,1,0,1,7,12,28,2,49,32,0,32,81
08/05/2021,TYR,TX,ASW,CE,Federal Contract Tower,6,4,25,0,35,0,14,48,0,62,6,18,73,0,97,48,0,48,145
08/06/2021,TYR,TX,ASW,CE,Federal Contract Tower,7,9,23,0,39,0,4,49,0,53,7,13,72,0,92,40,0,40,132
08/07/2021,TYR,TX,ASW,CE,Federal Contract Tower,6,8,24,0,38,0,2,17,5,24,6,10,41,5,62,36,0,36,98
08/08/2021,TYR,TX,ASW,CE,Federal Contract Tower,9,4,26,0,39,0,2,28,0,30,9,6,54,0,69,16,0,16,85
08/10/2021,TYR,TX,ASW,CE,Federal Contract Tower,4,7,25,0,36,0,0,25,0,25,4,7,50,0,61,28,0,28,89
08/11/2021,TYR,TX,ASW,CE,Federal Contract Tower,7,5,28,0,40,0,0,40,0,40,7,5,68,0,80,20,0,20,100
08/12/2021,TYR,TX,ASW,CE,Federal Contract Tower,7,5,18,0,30,0,0,0,0,0,7,5,18,0,30,16,0,16,46
08/13/2021,TYR,TX,ASW,CE,Federal Contract Tower,7,8,33,0,48,0,5,51,2,58,7,13,84,2,106,12,0,12,118
08/14/2021,TYR,TX,ASW,CE,Federal Contract Tower,8,5,19,0,32,0,1,21,0,22,8,6,40,0,54,26,0,26,80
08/15/2021,TYR,TX,ASW,CE,Federal Contract Tower,7,2,11,0,20,0,4,25,0,29,7,6,36,0,49,2,0,2,51
08/16/2021,TYR,TX,ASW,CE,Federal Contract Tower,7,2,16,0,25,0,4,22,0,26,7,6,38,0,51,14,0,14,65
08/17/2021,TYR,TX,ASW,CE,Federal Contract Tower,2,8,16,0,26,0,35,0,0,35,2,43,16,0,61,10,0,10,71
08/18/2021,TYR,TX,ASW,CE,Federal Contract Tower,6,5,24,0,35,0,3,10,0,13,6,8,34,0,48,2,0,2,50
08/19/2021,TYR,TX,ASW,CE,Federal Contract Tower,7,9,36,0,52,0,0,31,1,32,7,9,67,1,84,50,0,50,134
08/20/2021,TYR,TX,ASW,CE,Federal Contract Tower,8,8,35,0,51,0,3,41,0,44,8,11,76,0,95,38,0,38,133
08/21/2021,TYR,TX,ASW,CE,Federal Contract Tower,6,5,31,14,56,0,4,56,0,60,6,9,87,14,116,34,10,44,160
08/22/2021,TYR,TX,ASW,CE,Federal Contract Tower,7,2,21,0,30,0,0,31,0,31,7,2,52,0,61,0,0,0,61
08/23/2021,TYR,TX,ASW,CE,Federal Contract Tower,7,6,17,0,30,0,0,66,0,66,7,6,83,0,96,42,0,42,138
08/24/2021,TYR,TX,ASW,CE,Federal Contract Tower,6,9,13,2,30,0,2,55,2,59,6,11,68,4,89,20,0,20,109
08/25/2021,TYR,TX,ASW,CE,Federal Contract Tower,7,4,13,0,24,0,4,60,0,64,7,8,73,0,88,82,0,82,170
08/26/2021,TYR,TX,ASW,CE,Federal Contract Tower,7,5,21,1,34,0,2,34,0,36,7,7,55,1,70,52,0,52,122
08/27/2021,TYR,TX,ASW,CE,Federal Contract Tower,7,6,40,0,53,0,3,29,0,32,7,9,69,0,85,26,0,26,111
08/28/2021,TYR,TX,ASW,CE,Federal Contract Tower,6,6,10,0,22,0,4,12,0,16,6,10,22,0,38,2,0,2,40
08/29/2021,TYR,TX,ASW,CE,Federal Contract Tower,7,1,19,0,27,0,0,13,0,13,7,1,32,0,40,0,0,0,40
08/30/2021,TYR,TX,ASW,CE,Federal Contract Tower,6,12,13,1,32,0,12,43,1,56,6,24,56,2,88,48,0,48,136
08/31/2021,TYR,TX,ASW,CE,Federal Contract Tower,6,14,7,0,27,0,7,51,0,58,6,21,58,0,85,22,0,22,107
09/01/2021,TYR,TX,ASW,CE,Federal Contract Tower,7,10,17,0,34,0,7,43,0,50,7,17,60,0,84,38,0,38,122
09/02/2021,TYR,TX,ASW,CE,Federal Contract Tower,7,11,26,0,44,0,1,34,0,35,7,12,60,0,79,18,0,18,97
09/03/2021,TYR,TX,ASW,CE,Federal Contract Tower,7,3,33,6,49,0,4,39,0,43,7,7,72,6,92,0,0,0,92
09/04/2021,TYR,TX,ASW,CE,Federal Contract Tower,6,3,11,0,20,0,0,53,0,53,6,3,64,0,73,54,0,54,127
09/05/2021,TYR,TX,ASW,CE,Federal Contract Tower,6,2,11,0,19,0,2,16,0,18,6,4,27,0,37,8,0,8,45
09/06/2021,TYR,TX,ASW,CE,Federal Contract Tower,6,2,28,0,36,0,1,39,0,40,6,3,67,0,76,38,0,38,114
09/07/2021,TYR,TX,ASW,CE,Federal Contract Tower,6,9,26,1,42,0,5,31,0,36,6,14,57,1,78,16,0,16,94
09/08/2021,TYR,TX,ASW,CE,Federal Contract Tower,5,12,29,0,46,0,9,56,2,67,5,21,85,2,113,90,0,90,203
09/09/2021,TYR,TX,ASW,CE,Federal Contract Tower,4,5,20,0,29,0,0,52,1,53,4,5,72,1,82,59,0,59,141
09/10/2021,TYR,TX,ASW,CE,Federal Contract Tower,5,6,54,0,65,0,3,48,1,52,5,9,102,1,117,20,0,20,137
09/11/2021,TYR,TX,ASW,CE,Federal Contract Tower,7,5,14,0,26,0,1,60,0,61,7,6,74,0,87,4,0,4,91
09/12/2021,TYR,TX,ASW,CE,Federal Contract Tower,5,7,30,0,42,0,0,46,0,46,5,7,76,0,88,8,0,8,96
09/13/2021,TYR,TX,ASW,CE,Federal Contract Tower,6,9,23,0,38,0,0,8,0,8,6,9,31,0,46,10,0,10,56
09/14/2021,TYR,TX,ASW,CE,Federal Contract Tower,6,8,34,0,48,0,0,2,0,2,6,8,36,0,50,4,0,4,54
09/15/2021,TYR,TX,ASW,CE,Federal Contract Tower,5,4,22,0,31,0,0,10,0,10,5,4,32,0,41,14,0,14,55
09/16/2021,TYR,TX,ASW,CE,Federal Contract Tower,5,9,22,0,36,0,0,32,0,32,5,9,54,0,68,62,0,62,130
09/17/2021,TYR,TX,ASW,CE,Federal Contract Tower,4,9,22,1,36,0,3,40,0,43,4,12,62,1,79,20,0,20,99
09/18/2021,TYR,TX,ASW,CE,Federal Contract Tower,6,5,30,0,41,0,0,30,1,31,6,5,60,1,72,4,0,4,76
09/19/2021,TYR,TX,ASW,CE,Federal Contract Tower,6,5,17,6,34,0,3,22,2,27,6,8,39,8,61,32,0,32,93
09/20/2021,TYR,TX,ASW,CE,Federal Contract Tower,6,10,15,0,31,0,0,18,0,18,6,10,33,0,49,14,0,14,63
09/21/2021,TYR,TX,ASW,CE,Federal Contract Tower,6,5,16,0,27,0,2,15,0,17,6,7,31,0,44,0,0,0,44
09/22/2021,TYR,TX,ASW,CE,Federal Contract Tower,5,9,13,3,30,0,5,52,2,59,5,14,65,5,89,124,4,128,217
09/23/2021,TYR,TX,ASW,CE,Federal Contract Tower,5,3,27,0,35,0,0,54,0,54,5,3,81,0,89,26,0,26,115
09/24/2021,TYR,TX,ASW,CE,Federal Contract Tower,5,5,26,0,36,0,5,52,0,57,5,10,78,0,93,38,0,38,131
09/25/2021,TYR,TX,ASW,CE,Federal Contract Tower,6,3,17,0,26,0,10,51,0,61,6,13,68,0,87,22,0,22,109
09/26/2021,TYR,TX,ASW,CE,Federal Contract Tower,5,4,19,0,28,0,2,44,0,46,5,6,63,0,74,12,0,12,86
09/27/2021,TYR,TX,ASW,CE,Federal Contract Tower,6,9,22,5,42,0,4,48,1,53,6,13,70,6,95,36,8,44,139
09/28/2021,TYR,TX,ASW,CE,Federal Contract Tower,6,12,16,0,34,0,3,25,0,28,6,15,41,0,62,6,0,6,68
09/29/2021,TYR,TX,ASW,CE,Federal Contract Tower,5,4,21,0,30,0,3,30,4,37,5,7,51,4,67,22,0,22,89
09/30/2021,TYR,TX,ASW,CE,Federal Contract Tower,5,7,26,0,38,0,1,14,0,15,5,8,40,0,53,26,0,26,79
10/01/2021,TYR,TX,ASW,CE,Federal Contract Tower,4,6,25,0,35,0,2,8,0,10,4,8,33,0,45,0,0,0,45
10/02/2021,TYR,TX,ASW,CE,Federal Contract Tower,6,2,17,0,25,0,0,12,0,12,6,2,29,0,37,0,0,0,37
10/03/2021,TYR,TX,ASW,CE,Federal Contract Tower,5,4,20,0,29,0,1,43,0,44,5,5,63,0,73,12,0,12,85
10/04/2021,TYR,TX,ASW,CE,Federal Contract Tower,6,5,27,0,38,0,1,62,0,63,6,6,89,0,101,50,0,50,151
10/05/2021,TYR,TX,ASW,CE,Federal Contract Tower,6,18,23,0,47,10,0,0,0,10,16,18,23,0,57,10,0,10,67
10/06/2021,TYR,TX,ASW,CE,Federal Contract Tower,5,7,17,1,30,0,1,49,3,53,5,8,66,4,83,54,0,54,137
10/07/2021,TYR,TX,ASW,CE,Federal Contract Tower,7,11,34,2,54,0,16,56,0,72,7,27,90,2,126,66,4,70,196
10/08/2021,TYR,TX,ASW,CE,Federal Contract Tower,6,7,28,0,41,0,4,48,0,52,6,11,76,0,93,18,0,18,111
10/09/2021,TYR,TX,ASW,CE,Federal Contract Tower,6,9,20,0,35,0,1,65,0,66,6,10,85,0,101,32,0,32,133
10/10/2021,TYR,TX,ASW,CE,Federal Contract Tower,6,5,23,0,34,0,0,12,0,12,6,5,35,0,46,0,0,0,46
10/11/2021,TYR,TX,ASW,CE,Federal Contract Tower,6,9,18,4,37,0,3,41,0,44,6,12,59,4,81,18,0,18,99
10/13/2021,TYR,TX,ASW,CE,Federal Contract Tower,8,4,23,0,35,0,3,13,0,16,8,7,36,0,51,14,0,14,65
10/14/2021,TYR,TX,ASW,CE,Federal Contract Tower,8,28,39,0,75,0,0,22,1,23,8,28,61,1,98,58,2,60,158
10/15/2021,TYR,TX,ASW,CE,Federal Contract Tower,7,12,49,0,68,0,1,14,3,18,7,13,63,3,86,8,0,8,94
10/16/2021,TYR,TX,ASW,CE,Federal Contract Tower,6,8,30,0,44,0,6,75,0,81,6,14,105,0,125,70,0,70,195
10/17/2021,TYR,TX,ASW,CE,Federal Contract Tower,5,7,23,0,35,0,4,61,0,65,5,11,84,0,100,24,0,24,124
10/18/2021,TYR,TX,ASW,CE,Federal Contract Tower,6,12,24,0,42,0,2,74,0,76,6,14,98,0,118,46,0,46,164
10/19/2021,TYR,TX,ASW,CE,Federal Contract Tower,6,10,20,0,36,0,63,0,0,63,6,73,20,0,99,46,0,46,145
10/20/2021,TYR,TX,ASW,CE,Federal Contract Tower,7,11,18,0,36,0,0,77,0,77,7,11,95,0,113,76,0,76,189
10/21/2021,TYR,TX,ASW,CE,Federal Contract Tower,7,5,32,0,44,0,0,75,1,76,7,5,107,1,120,58,0,58,178
10/22/2021,TYR,TX,ASW,CE,Federal Contract Tower,7,10,23,4,44,0,0,56,0,56,7,10,79,4,100,46,8,54,154
10/23/2021,TYR,TX,ASW,CE,Federal Contract Tower,6,10,27,0,43,0,8,24,0,32,6,18,51,0,75,12,0,12,87
10/24/2021,TYR,TX,ASW,CE,Federal Contract Tower,7,14,33,2,56,0,0,26,0,26,7,14,59,2,82,0,0,0,82
10/25/2021,TYR,TX,ASW,CE,Federal Contract Tower,6,10,39,0,55,0,11,45,2,58,6,21,84,2,113,46,0,46,159
10/26/2021,TYR,TX,ASW,CE,Federal Contract Tower,5,10,29,4,48,0,0,23,0,23,5,10,52,4,71,42,0,42,113
10/27/2021,TYR,TX,ASW,CE,Federal Contract Tower,8,9,14,0,31,0,6,10,0,16,8,15,24,0,47,0,0,0,47
10/28/2021,TYR,TX,ASW,CE,Federal Contract Tower,4,4,22,1,31,0,1,5,1,7,4,5,27,2,38,0,4,4,42
10/29/2021,TYR,TX,ASW,CE,Federal Contract Tower,7,7,22,0,36,0,2,23,0,25,7,9,45,0,61,4,0,4,65
10/30/2021,TYR,TX,ASW,CE,Federal Contract Tower,6,3,29,0,38,0,3,72,0,75,6,6,101,0,113,16,0,16,129
10/31/2021,TYR,TX,ASW,CE,Federal Contract Tower,7,2,21,0,30,0,3,91,0,94,7,5,112,0,124,50,0,50,174
11/01/2021,TYR,TX,ASW,CE,Federal Contract Tower,6,8,41,0,55,0,0,82,0,82,6,8,123,0,137,52,0,52,189
11/02/2021,TYR,TX,ASW,CE,Federal Contract Tower,5,18,36,0,59,0,9,46,0,55,5,27,82,0,114,70,0,70,184
11/03/2021,TYR,TX,ASW,CE,Federal Contract Tower,9,8,13,0,30,0,0,0,0,0,9,8,13,0,30,2,0,2,32
11/04/2021,TYR,TX,ASW,CE,Federal Contract Tower,9,18,38,3,68,0,1,48,2,51,9,19,86,5,119,20,4,24,143
11/05/2021,TYR,TX,ASW,CE,Federal Contract Tower,8,8,29,2,47,0,0,50,0,50,8,8,79,2,97,20,6,26,123
11/06/2021,TYR,TX,ASW,CE,Federal Contract Tower,9,7,30,2,48,0,2,75,4,81,9,9,105,6,129,16,6,22,151
11/07/2021,TYR,TX,ASW,CE,Federal Contract Tower,9,2,34,4,49,0,0,62,0,62,9,2,96,4,111,24,0,24,135
11/08/2021,TYR,TX,ASW,CE,Federal Contract Tower,8,11,41,0,60,0,1,62,0,63,8,12,103,0,123,52,0,52,175
11/09/2021,TYR,TX,ASW,CE,Federal Contract Tower,6,6,28,0,40,0,4,40,0,44,6,10,68,0,84,44,0,44,128
11/10/2021,TYR,TX,ASW,CE,Federal Contract Tower,7,8,46,0,61,0,2,19,0,21,7,10,65,0,82,14,0,14,96
11/11/2021,TYR,TX,ASW,CE,Federal Contract Tower,9,4,28,0,41,0,6,57,0,63,9,10,85,0,104,24,0,24,128
11/12/2021,TYR,TX,ASW,CE,Federal Contract Tower,10,10,18,0,38,0,0,56,0,56,10,10,74,0,94,14,0,14,108
11/13/2021,TYR,TX,ASW,CE,Federal Contract Tower,8,8,33,0,49,0,0,78,0,78,8,8,111,0,127,4,0,4,131
11/14/2021,TYR,TX,ASW,CE,Federal Contract Tower,9,2,25,0,36,0,0,60,0,60,9,2,85,0,96,16,0,16,112
11/15/2021,TYR,TX,ASW,CE,Federal Contract Tower,8,8,35,0,51,0,0,41,0,41,8,8,76,0,92,52,0,52,144
11/16/2021,TYR,TX,ASW,CE,Federal Contract Tower,6,7,29,0,42,0,0,14,0,14,6,7,43,0,56,0,0,0,56
11/17/2021,TYR,TX,ASW,CE,Federal Contract Tower,9,10,27,2,48,0,1,29,2,32,9,11,56,4,80,36,0,36,116
11/18/2021,TYR,TX,ASW,CE,Federal Contract Tower,7,11,42,0,60,0,4,48,0,52,7,15,90,0,112,54,0,54,166
11/19/2021,TYR,TX,ASW,CE,Federal Contract Tower,7,12,39,0,58,0,3,69,0,72,7,15,108,0,130,46,0,46,176
11/20/2021,TYR,TX,ASW,CE,Federal Contract Tower,6,13,23,0,42,0,6,70,0,76,6,19,93,0,118,16,0,16,134
11/21/2021,TYR,TX,ASW,CE,Federal Contract Tower,6,7,45,0,58,0,0,6,0,6,6,7,51,0,64,12,0,12,76
11/22/2021,TYR,TX,ASW,CE,Federal Contract Tower,7,9,31,0,47,0,2,64,0,66,7,11,95,0,113,22,0,22,135
11/23/2021,TYR,TX,ASW,CE,Federal Contract Tower,7,10,21,0,38,0,0,71,0,71,7,10,92,0,109,60,0,60,169
11/24/2021,TYR,TX,ASW,CE,Federal Contract Tower,7,8,24,3,42,0,3,30,0,33,7,11,54,3,75,66,2,68,143
11/25/2021,TYR,TX,ASW,CE,Federal Contract Tower,5,0,5,0,10,0,1,7,0,8,5,1,12,0,18,8,0,8,26
11/26/2021,TYR,TX,ASW,CE,Federal Contract Tower,3,7,12,0,22,0,1,53,0,54,3,8,65,0,76,12,0,12,88
11/27/2021,TYR,TX,ASW,CE,Federal Contract Tower,6,6,32,0,44,0,2,31,0,33,6,8,63,0,77,16,0,16,93
11/28/2021,TYR,TX,ASW,CE,Federal Contract Tower,6,9,20,0,35,0,0,29,0,29,6,9,49,0,64,16,0,16,80
11/29/2021,TYR,TX,ASW,CE,Federal Contract Tower,7,10,35,3,55,0,6,59,0,65,7,16,94,3,120,58,0,58,178
11/30/2021,TYR,TX,ASW,CE,Federal Contract Tower,6,13,26,0,45,0,7,59,6,72,6,20,85,6,117,30,2,32,149
12/01/2021,TYR,TX,ASW,CE,Federal Contract Tower,9,8,40,0,57,0,0,61,0,61,9,8,101,0,118,102,0,102,220
12/02/2021,TYR,TX,ASW,CE,Federal Contract Tower,10,4,25,0,39,0,1,46,0,47,10,5,71,0,86,32,0,32,118
12/03/2021,TYR,TX,ASW,CE,Federal Contract Tower,9,5,14,0,28,0,1,13,0,14,9,6,27,0,42,0,0,0,42
12/04/2021,TYR,TX,ASW,CE,Federal Contract Tower,8,5,12,0,25,0,1,12,0,13,8,6,24,0,38,28,0,28,66
12/05/2021,TYR,TX,ASW,CE,Federal Contract Tower,9,1,23,0,33,0,0,9,0,9,9,1,32,0,42,10,0,10,52
12/06/2021,TYR,TX,ASW,CE,Federal Contract Tower,8,13,19,2,42,0,2,20,0,22,8,15,39,2,64,30,0,30,94
12/07/2021,TYR,TX,ASW,CE,Federal Contract Tower,9,7,27,2,45,0,4,39,0,43,9,11,66,2,88,30,0,30,118
12/08/2021,TYR,TX,ASW,CE,Federal Contract Tower,8,11,33,0,52,0,2,18,0,20,8,13,51,0,72,47,0,47,119
12/09/2021,TYR,TX,ASW,CE,Federal Contract Tower,9,9,38,0,56,0,0,30,0,30,9,9,68,0,86,16,0,16,102
12/10/2021,TYR,TX,ASW,CE,Federal Contract Tower,9,5,35,0,49,0,7,11,0,18,9,12,46,0,67,0,0,0,67
12/11/2021,TYR,TX,ASW,CE,Federal Contract Tower,8,11,19,0,38,0,3,42,0,45,8,14,61,0,83,20,0,20,103
12/12/2021,TYR,TX,ASW,CE,Federal Contract Tower,9,4,17,0,30,0,0,67,0,67,9,4,84,0,97,40,0,40,137
12/13/2021,TYR,TX,ASW,CE,Federal Contract Tower,7,7,25,0,39,0,1,43,0,44,7,8,68,0,83,40,0,40,123
12/14/2021,TYR,TX,ASW,CE,Federal Contract Tower,7,9,38,4,58,0,0,5,0,5,7,9,43,4,63,34,0,34,97
12/15/2021,TYR,TX,ASW,CE,Federal Contract Tower,8,6,6,0,20,0,6,3,0,9,8,12,9,0,29,0,0,0,29
12/16/2021,TYR,TX,ASW,CE,Federal Contract Tower,9,5,41,0,55,0,0,7,0,7,9,5,48,0,62,16,0,16,78
12/17/2021,TYR,TX,ASW,CE,Federal Contract Tower,8,12,37,0,57,0,3,20,0,23,8,15,57,0,80,0,0,0,80
12/18/2021,TYR,TX,ASW,CE,Federal Contract Tower,7,5,16,0,28,0,0,3,0,3,7,5,19,0,31,0,0,0,31
12/19/2021,TYR,TX,ASW,CE,Federal Contract Tower,9,6,29,8,52,0,2,71,0,73,9,8,100,8,125,68,0,68,193
12/20/2021,TYR,TX,ASW,CE,Federal Contract Tower,7,5,26,0,38,0,0,8,0,8,7,5,34,0,46,26,0,26,72
12/21/2021,TYR,TX,ASW,CE,Federal Contract Tower,9,14,15,0,38,0,0,68,0,68,9,14,83,0,106,10,0,10,116
12/22/2021,TYR,TX,ASW,CE,Federal Contract Tower,8,9,43,0,60,0,7,77,0,84,8,16,120,0,144,70,0,70,214
12/23/2021,TYR,TX,ASW,CE,Federal Contract Tower,8,10,25,0,43,0,1,18,0,19,8,11,43,0,62,16,0,16,78
12/24/2021,TYR,TX,ASW,CE,Federal Contract Tower,5,3,6,0,14,0,0,3,0,3,5,3,9,0,17,0,0,0,17
12/25/2021,TYR,TX,ASW,CE,Federal Contract Tower,6,4,3,0,13,0,0,15,0,15,6,4,18,0,28,2,0,2,30
12/26/2021,TYR,TX,ASW,CE,Federal Contract Tower,7,3,24,0,34,0,0,11,0,11,7,3,35,0,45,0,0,0,45
12/27/2021,TYR,TX,ASW,CE,Federal Contract Tower,9,10,23,1,43,0,0,20,1,21,9,10,43,2,64,22,0,22,86
12/28/2021,TYR,TX,ASW,CE,Federal Contract Tower,6,6,18,0,30,0,4,15,0,19,6,10,33,0,49,6,0,6,55
12/29/2021,TYR,TX,ASW,CE,Federal Contract Tower,9,6,19,0,34,0,0,12,0,12,9,6,31,0,46,14,0,14,60
12/30/2021,TYR,TX,ASW,CE,Federal Contract Tower,7,6,35,0,48,0,4,70,0,74,7,10,105,0,122,42,0,42,164
12/31/2021,TYR,TX,ASW,CE,Federal Contract Tower,6,6,27,0,39,0,0,12,0,12,6,6,39,0,51,52,0,52,103
01/01/2022,TYR,TX,ASW,CE,Federal Contract Tower,5,0,13,0,18,0,0,9,0,9,5,0,22,0,27,0,0,0,27
01/02/2022,TYR,TX,ASW,CE,Federal Contract Tower,7,1,21,0,29,0,1,15,0,16,7,2,36,0,45,12,0,12,57
01/03/2022,TYR,TX,ASW,CE,Federal Contract Tower,9,5,11,0,25,0,4,80,0,84,9,9,91,0,109,50,0,50,159
01/04/2022,TYR,TX,ASW,CE,Federal Contract Tower,8,8,17,0,33,0,0,39,0,39,8,8,56,0,72,12,0,12,84
01/05/2022,TYR,TX,ASW,CE,Federal Contract Tower,7,6,19,0,32,0,0,35,4,39,7,6,54,4,71,40,0,40,111
01/06/2022,TYR,TX,ASW,CE,Federal Contract Tower,9,5,23,0,37,0,0,39,2,41,9,5,62,2,78,4,0,4,82
01/07/2022,TYR,TX,ASW,CE,Federal Contract Tower,8,6,38,0,52,0,1,58,0,59,8,7,96,0,111,54,0,54,165
01/08/2022,TYR,TX,ASW,CE,Federal Contract Tower,7,3,3,0,13,0,0,0,0,0,7,3,3,0,13,0,0,0,13
01/09/2022,TYR,TX,ASW,CE,Federal Contract Tower,10,8,38,0,56,0,0,8,0,8,10,8,46,0,64,4,0,4,68
01/10/2022,TYR,TX,ASW,CE,Federal Contract Tower,8,9,28,2,47,0,0,43,0,43,8,9,71,2,90,56,8,64,154
01/11/2022,TYR,TX,ASW,CE,Federal Contract Tower,9,8,26,0,43,0,2,49,0,51,9,10,75,0,94,17,0,17,111
01/12/2022,TYR,TX,ASW,CE,Federal Contract Tower,9,7,29,0,45,0,2,70,0,72,9,9,99,0,117,52,0,52,169
01/13/2022,TYR,TX,ASW,CE,Federal Contract Tower,9,7,41,0,57,0,0,70,0,70,9,7,111,0,127,38,0,38,165
01/14/2022,TYR,TX,ASW,CE,Federal Contract Tower,10,7,14,4,35,0,1,53,0,54,10,8,67,4,89,52,0,52,141
01/15/2022,TYR,TX,ASW,CE,Federal Contract Tower,8,5,0,0,13,0,0,1,0,1,8,5,1,0,14,0,0,0,14
01/16/2022,TYR,TX,ASW,CE,Federal Contract Tower,9,3,30,0,42,0,6,48,0,54,9,9,78,0,96,4,0,4,100
01/17/2022,TYR,TX,ASW,CE,Federal Contract Tower,9,7,12,0,28,0,5,106,1,112,9,12,118,1,140,86,0,86,226
01/18/2022,TYR,TX,ASW,CE,Federal Contract Tower,10,7,24,3,44,0,0,16,1,17,10,7,40,4,61,12,0,12,73
01/19/2022,TYR,TX,ASW,CE,Federal Contract Tower,9,6,37,0,52,0,1,4,0,5,9,7,41,0,57,6,0,6,63
01/20/2022,TYR,TX,ASW,CE,Federal Contract Tower,7,11,19,0,37,0,7,21,0,28,7,18,40,0,65,28,0,28,93
01/21/2022,TYR,TX,ASW,CE,Federal Contract Tower,8,4,39,2,53,0,5,55,0,60,8,9,94,2,113,76,6,82,195
01/22/2022,TYR,TX,ASW,CE,Federal Contract Tower,8,8,12,4,32,0,8,106,0,114,8,16,118,4,146,90,0,90,236
01/23/2022,TYR,TX,ASW,CE,Federal Contract Tower,8,3,29,0,40,0,2,71,0,73,8,5,100,0,113,10,0,10,123
01/24/2022,TYR,TX,ASW,CE,Federal Contract Tower,6,7,29,0,42,0,0,3,0,3,6,7,32,0,45,2,0,2,47
01/25/2022,TYR,TX,ASW,CE,Federal Contract Tower,8,9,27,0,44,0,1,29,0,30,8,10,56,0,74,40,0,40,114
01/26/2022,TYR,TX,ASW,CE,Federal Contract Tower,10,10,20,0,40,0,2,58,0,60,10,12,78,0,100,88,0,88,188
01/27/2022,TYR,TX,ASW,CE,Federal Contract Tower,9,7,30,0,46,0,4,39,0,43,9,11,69,0,89,40,0,40,129
01/28/2022,TYR,TX,ASW,CE,Federal Contract Tower,8,8,23,2,41,0,6,49,0,55,8,14,72,2,96,20,0,20,116
01/29/2022,TYR,TX,ASW,CE,Federal Contract Tower,7,3,28,1,39,0,7,53,1,61,7,10,81,2,100,32,4,36,136
01/30/2022,TYR,TX,ASW,CE,Federal Contract Tower,9,0,27,0,36,0,2,60,0,62,9,2,87,0,98,32,0,32,130
01/31/2022,TYR,TX,ASW,CE,Federal Contract Tower,7,12,26,0,45,0,4,4,0,8,7,16,30,0,53,10,0,10,63
02/01/2022,TYR,TX,ASW,CE,Federal Contract Tower,7,7,53,3,70,0,2,13,1,16,7,9,66,4,86,0,0,0,86
02/02/2022,TYR,TX,ASW,CE,Federal Contract Tower,7,3,15,0,25,0,0,0,0,0,7,3,15,0,25,0,0,0,25
02/03/2022,TYR,TX,ASW,CE,Federal Contract Tower,0,0,3,0,3,0,0,0,0,0,0,0,3,0,3,0,0,0,3
02/04/2022,TYR,TX,ASW,CE,Federal Contract Tower,4,2,12,0,18,0,1,8,0,9,4,3,20,0,27,0,0,0,27
02/05/2022,TYR,TX,ASW,CE,Federal Contract Tower,7,9,11,1,28,0,5,26,6,37,7,14,37,7,65,12,0,12,77
02/06/2022,TYR,TX,ASW,CE,Federal Contract Tower,9,1,26,0,36,0,9,50,5,64,9,10,76,5,100,50,0,50,150
02/07/2022,TYR,TX,ASW,CE,Federal Contract Tower,7,7,19,0,33,0,12,58,2,72,7,19,77,2,105,38,0,38,143
02/08/2022,TYR,TX,ASW,CE,Federal Contract Tower,8,5,26,2,41,0,3,56,0,59,8,8,82,2,100,20,0,20,120
02/09/2022,TYR,TX,ASW,CE,Federal Contract Tower,8,4,37,0,49,0,1,96,0,97,8,5,133,0,146,56,0,56,202
02/10/2022,TYR,TX,ASW,CE,Federal Contract Tower,9,6,32,0,47,0,3,66,0,69,9,9,98,0,116,48,0,48,164
02/11/2022,TYR,TX,ASW,CE,Federal Contract Tower,7,7,40,0,54,0,5,72,1,78,7,12,112,1,132,34,0,34,166
02/12/2022,TYR,TX,ASW,CE,Federal Contract Tower,6,3,12,0,21,0,1,21,1,23,6,4,33,1,44,18,0,18,62
02/13/2022,TYR,TX,ASW,CE,Federal Contract Tower,9,3,27,0,39,0,6,59,0,65,9,9,86,0,104,66,0,66,170
02/14/2022,TYR,TX,ASW,CE,Federal Contract Tower,7,7,25,0,39,0,5,47,1,53,7,12,72,1,92,34,0,34,126
02/15/2022,TYR,TX,ASW,CE,Federal Contract Tower,8,5,18,4,35,0,7,29,3,39,8,12,47,7,74,20,0,20,94
02/16/2022,TYR,TX,ASW,CE,Federal Contract Tower,8,9,36,0,53,0,1,8,0,9,8,10,44,0,62,6,0,6,68
02/17/2022,TYR,TX,ASW,CE,Federal Contract Tower,9,7,36,0,52,0,1,7,0,8,9,8,43,0,60,20,0,20,80
02/18/2022,TYR,TX,ASW,CE,Federal Contract Tower,9,6,31,2,48,0,6,75,0,81,9,12,106,2,129,62,0,62,191
02/19/2022,TYR,TX,ASW,CE,Federal Contract Tower,7,4,23,0,34,0,5,92,6,103,7,9,115,6,137,72,2,74,211
02/20/2022,TYR,TX,ASW,CE,Federal Contract Tower,9,4,16,0,29,0,2,28,8,38,9,6,44,8,67,14,4,18,85
02/21/2022,TYR,TX,ASW,CE,Federal Contract Tower,8,3,28,0,39,0,0,3,0,3,8,3,31,0,42,0,0,0,42
02/22/2022,TYR,TX,ASW,CE,Federal Contract Tower,7,9,24,0,40,0,0,24,0,24,7,9,48,0,64,14,0,14,78
02/23/2022,TYR,TX,ASW,CE,Federal Contract Tower,2,3,14,0,19,0,0,1,0,1,2,3,15,0,20,0,0,0,20
02/24/2022,TYR,TX,ASW,CE,Federal Contract Tower,1,1,8,0,10,0,0,0,0,0,1,1,8,0,10,0,0,0,10
02/25/2022,TYR,TX,ASW,CE,Federal Contract Tower,9,7,25,0,41,0,1,12,0,13,9,8,37,0,54,24,0,24,78
02/26/2022,TYR,TX,ASW,CE,Federal Contract Tower,4,5,12,0,21,0,0,0,0,0,4,5,12,0,21,0,0,0,21
02/27/2022,TYR,TX,ASW,CE,Federal Contract Tower,9,2,34,0,45,0,6,48,0,54,9,8,82,0,99,44,0,44,143
02/28/2022,TYR,TX,ASW,CE,Federal Contract Tower,7,3,48,0,58,0,5,51,0,56,7,8,99,0,114,22,0,22,136
03/01/2022,TYR,TX,ASW,CE,Federal Contract Tower,7,3,23,2,35,0,14,84,0,98,7,17,107,2,133,38,10,48,181
03/02/2022,TYR,TX,ASW,CE,Federal Contract Tower,9,5,8,2,24,0,4,68,1,73,9,9,76,3,97,54,8,62,159
03/03/2022,TYR,TX,ASW,CE,Federal Contract Tower,6,6,37,4,53,0,11,81,2,94,6,17,118,6,147,28,0,28,175
03/04/2022,TYR,TX,ASW,CE,Federal Contract Tower,7,8,43,0,58,0,4,46,0,50,7,12,89,0,108,36,0,36,144
03/05/2022,TYR,TX,ASW,CE,Federal Contract Tower,7,4,20,0,31,0,0,11,3,14,7,4,31,3,45,44,0,44,89
03/06/2022,TYR,TX,ASW,CE,Federal Contract Tower,9,6,15,0,30,0,0,6,0,6,9,6,21,0,36,0,0,0,36
03/07/2022,TYR,TX,ASW,CE,Federal Contract Tower,8,3,30,4,45,0,0,24,0,24,8,3,54,4,69,0,0,0,69
03/08/2022,TYR,TX,ASW,CE,Federal Contract Tower,7,8,18,0,33,0,0,2,0,2,7,8,20,0,35,0,0,0,35
03/09/2022,TYR,TX,ASW,CE,Federal Contract Tower,8,8,39,5,60,0,0,70,3,73,8,8,109,8,133,34,2,36,169
03/10/2022,TYR,TX,ASW,CE,Federal Contract Tower,7,10,36,1,54,0,2,78,0,80,7,12,114,1,134,18,0,18,152
03/11/2022,TYR,TX,ASW,CE,Federal Contract Tower,7,8,23,0,38,0,0,10,1,11,7,8,33,1,49,16,0,16,65
03/12/2022,TYR,TX,ASW,CE,Federal Contract Tower,7,4,33,0,44,0,4,92,4,100,7,8,125,4,144,8,0,8,152
03/13/2022,TYR,TX,ASW,CE,Federal Contract Tower,8,4,9,4,25,0,0,44,0,44,8,4,53,4,69,8,0,8,77
03/14/2022,TYR,TX,ASW,CE,Federal Contract Tower,5,2,20,0,27,0,1,12,0,13,5,3,32,0,40,2,0,2,42
03/15/2022,TYR,TX,ASW,CE,Federal Contract Tower,8,7,22,0,37,0,1,27,0,28,8,8,49,0,65,28,0,28,93
03/16/2022,TYR,TX,ASW,CE,Federal Contract Tower,8,7,31,0,46,0,3,39,0,42,8,10,70,0,88,68,0,68,156
03/17/2022,TYR,TX,ASW,CE,Federal Contract Tower,7,6,17,2,32,0,14,18,0,32,7,20,35,2,64,26,0,26,90
03/18/2022,TYR,TX,ASW,CE,Federal Contract Tower,3,7,28,2,40,0,1,20,0,21,3,8,48,2,61,4,0,4,65
03/19/2022,TYR,TX,ASW,CE,Federal Contract Tower,6,9,24,2,41,0,3,78,5,86,6,12,102,7,127,40,0,40,167
03/20/2022,TYR,TX,ASW,CE,Federal Contract Tower,7,2,23,0,32,0,0,62,0,62,7,2,85,0,94,12,0,12,106
03/21/2022,TYR,TX,ASW,CE,Federal Contract Tower,4,9,11,0,24,0,0,1,0,1,4,9,12,0,25,0,0,0,25
03/22/2022,TYR,TX,ASW,CE,Federal Contract Tower,10,11,28,0,49,0,2,7,0,9,10,13,35,0,58,22,0,22,80
03/23/2022,TYR,TX,ASW,CE,Federal Contract Tower,6,3,24,0,33,0,3,62,2,67,6,6,86,2,100,52,0,52,152
03/24/2022,TYR,TX,ASW,CE,Federal Contract Tower,7,9,18,0,34,0,1,68,2,71,7,10,86,2,105,144,0,144,249
03/25/2022,TYR,TX,ASW,CE,Federal Contract Tower,6,11,45,6,68,0,2,100,0,102,6,13,145,6,170,70,0,70,240
03/26/2022,TYR,TX,ASW,CE,Federal Contract Tower,6,9,21,1,37,0,2,109,6,117,6,11,130,7,154,58,0,58,212
03/27/2022,TYR,TX,ASW,CE,Federal Contract Tower,7,2,22,0,31,0,0,52,0,52,7,2,74,0,83,6,0,6,89
03/28/2022,TYR,TX,ASW,CE,Federal Contract Tower,8,3,15,6,32,0,4,35,0,39,8,7,50,6,71,54,10,64,135
03/29/2022,TYR,TX,ASW,CE,Federal Contract Tower,7,10,31,6,54,0,0,9,0,9,7,10,40,6,63,0,0,0,63
03/30/2022,TYR,TX,ASW,CE,Federal Contract Tower,8,8,15,0,31,0,1,10,0,11,8,9,25,0,42,6,0,6,48
03/31/2022,TYR,TX,ASW,CE,Federal Contract Tower,7,11,31,0,49,0,2,48,0,50,7,13,79,0,99,16,0,16,115
04/01/2022,TYR,TX,ASW,CE,Federal Contract Tower,7,5,21,0,33,0,2,56,0,58,7,7,77,0,91,50,0,50,141
04/02/2022,TYR,TX,ASW,CE,Federal Contract Tower,6,9,29,0,44,0,0,76,4,80,6,9,105,4,124,10,6,16,140
04/03/2022,TYR,TX,ASW,CE,Federal Contract Tower,7,6,34,0,47,0,3,46,0,49,7,9,80,0,96,14,0,14,110
04/04/2022,TYR,TX,ASW,CE,Federal Contract Tower,10,10,34,1,55,0,2,13,0,15,10,12,47,1,70,8,0,8,78
04/05/2022,TYR,TX,ASW,CE,Federal Contract Tower,7,9,30,0,46,0,3,28,0,31,7,12,58,0,77,40,0,40,117
04/06/2022,TYR,TX,ASW,CE,Federal Contract Tower,7,7,22,0,36,0,1,24,0,25,7,8,46,0,61,8,0,8,69
04/07/2022,TYR,TX,ASW,CE,Federal Contract Tower,7,5,27,0,39,0,0,36,0,36,7,5,63,0,75,38,0,38,113
04/08/2022,TYR,TX,ASW,CE,Federal Contract Tower,8,7,35,1,51,0,1,32,0,33,8,8,67,1,84,0,0,0,84
04/09/2022,TYR,TX,ASW,CE,Federal Contract Tower,7,3,18,0,28,0,1,54,0,55,7,4,72,0,83,20,0,20,103
04/10/2022,TYR,TX,ASW,CE,Federal Contract Tower,7,3,20,0,30,0,0,11,0,11,7,3,31,0,41,0,0,0,41
04/11/2022,TYR,TX,ASW,CE,Federal Contract Tower,8,15,20,0,43,0,0,16,0,16,8,15,36,0,59,14,0,14,73
04/12/2022,TYR,TX,ASW,CE,Federal Contract Tower,6,10,30,0,46,0,0,5,0,5,6,10,35,0,51,16,0,16,67
04/13/2022,TYR,TX,ASW,CE,Federal Contract Tower,3,7,15,0,25,0,0,9,0,9,3,7,24,0,34,6,0,6,40
04/14/2022,TYR,TX,ASW,CE,Federal Contract Tower,7,6,36,0,49,2,90,0,0,92,9,96,36,0,141,44,0,44,185
04/15/2022,TYR,TX,ASW,CE,Federal Contract Tower,7,10,45,0,62,0,0,14,0,14,7,10,59,0,76,20,0,20,96
04/16/2022,TYR,TX,ASW,CE,Federal Contract Tower,7,5,34,0,46,0,2,6,0,8,7,7,40,0,54,12,0,12,66
04/17/2022,TYR,TX,ASW,CE,Federal Contract Tower,7,11,25,0,43,0,0,1,0,1,7,11,26,0,44,0,0,0,44
04/18/2022,TYR,TX,ASW,CE,Federal Contract Tower,7,12,68,0,87,0,10,56,0,66,7,22,124,0,153,66,0,66,219
04/19/2022,TYR,TX,ASW,CE,Federal Contract Tower,7,13,32,0,52,0,3,36,0,39,7,16,68,0,91,30,0,30,121
04/20/2022,TYR,TX,ASW,CE,Federal Contract Tower,7,11,38,0,56,0,0,7,0,7,7,11,45,0,63,0,0,0,63
04/21/2022,TYR,TX,ASW,CE,Federal Contract Tower,6,22,64,0,92,0,1,29,0,30,6,23,93,0,122,24,0,24,146
04/22/2022,TYR,TX,ASW,CE,Federal Contract Tower,6,10,34,0,50,0,0,23,0,23,6,10,57,0,73,22,0,22,95
04/23/2022,TYR,TX,ASW,CE,Federal Contract Tower,8,7,13,0,28,0,1,6,0,7,8,8,19,0,35,0,0,0,35
04/24/2022,TYR,TX,ASW,CE,Federal Contract Tower,6,2,26,0,34,0,1,4,0,5,6,3,30,0,39,0,0,0,39
04/25/2022,TYR,TX,ASW,CE,Federal Contract Tower,6,9,18,0,33,0,0,2,0,2,6,9,20,0,35,0,0,0,35
04/26/2022,TYR,TX,ASW,CE,Federal Contract Tower,7,8,30,3,48,0,8,87,8,103,7,16,117,11,151,84,0,84,235
04/27/2022,TYR,TX,ASW,CE,Federal Contract Tower,8,6,22,0,36,0,2,80,0,82,8,8,102,0,118,50,0,50,168
04/28/2022,TYR,TX,ASW,CE,Federal Contract Tower,6,3,21,0,30,0,1,57,0,58,6,4,78,0,88,68,0,68,156
04/29/2022,TYR,TX,ASW,CE,Federal Contract Tower,7,12,25,0,44,0,2,27,0,29,7,14,52,0,73,6,0,6,79
04/30/2022,TYR,TX,ASW,CE,Federal Contract Tower,7,5,22,0,34,0,0,14,0,14,7,5,36,0,48,8,0,8,56
05/01/2022,TYR,TX,ASW,CE,Federal Contract Tower,7,2,21,0,30,0,0,48,0,48,7,2,69,0,78,12,0,12,90
05/02/2022,TYR,TX,ASW,CE,Federal Contract Tower,6,11,29,0,46,0,2,10,0,12,6,13,39,0,58,0,0,0,58
05/03/2022,TYR,TX,ASW,CE,Federal Contract Tower,7,8,37,6,58,0,0,15,0,15,7,8,52,6,73,16,14,30,103
05/04/2022,TYR,TX,ASW,CE,Federal Contract Tower,7,13,30,0,50,0,0,14,0,14,7,13,44,0,64,16,0,16,80
05/05/2022,TYR,TX,ASW,CE,Federal Contract Tower,5,5,16,0,26,0,0,1,0,1,5,5,17,0,27,0,0,0,27
05/06/2022,TYR,TX,ASW,CE,Federal Contract Tower,5,11,32,0,48,0,3,68,9,80,5,14,100,9,128,40,0,40,168
05/07/2022,TYR,TX,ASW,CE,Federal Contract Tower,5,5,28,0,38,0,2,43,0,45,5,7,71,0,83,16,0,16,99
05/08/2022,TYR,TX,ASW,CE,Federal Contract Tower,5,4,19,0,28,0,4,33,0,37,5,8,52,0,65,0,0,0,65
05/09/2022,TYR,TX,ASW,CE,Federal Contract Tower,5,7,36,0,48,0,0,28,2,30,5,7,64,2,78,24,0,24,102
05/10/2022,TYR,TX,ASW,CE,Federal Contract Tower,5,11,43,0,59,0,0,36,0,36,5,11,79,0,95,28,0,28,123
05/11/2022,TYR,TX,ASW,CE,Federal Contract Tower,5,14,25,0,44,0,1,46,0,47,5,15,71,0,91,8,0,8,99
05/12/2022,TYR,TX,ASW,CE,Federal Contract Tower,5,5,21,0,31,0,4,71,0,75,5,9,92,0,106,42,0,42,148
05/13/2022,TYR,TX,ASW,CE,Federal Contract Tower,5,9,23,0,37,0,4,65,0,69,5,13,88,0,106,58,0,58,164
05/14/2022,TYR,TX,ASW,CE,Federal Contract Tower,5,7,11,0,23,0,0,179,0,179,5,7,190,0,202,10,0,10,212
05/15/2022,TYR,TX,ASW,CE,Federal Contract Tower,5,7,18,0,30,0,2,47,3,52,5,9,65,3,82,2,0,2,84
05/16/2022,TYR,TX,ASW,CE,Federal Contract Tower,5,8,21,0,34,0,7,56,0,63,5,15,77,0,97,74,0,74,171
05/17/2022,TYR,TX,ASW,CE,Federal Contract Tower,5,4,26,1,36,0,2,52,3,57,5,6,78,4,93,56,0,56,149
05/18/2022,TYR,TX,ASW,CE,Federal Contract Tower,5,7,38,0,50,0,3,31,0,34,5,10,69,0,84,30,0,30,114
05/19/2022,TYR,TX,ASW,CE,Federal Contract Tower,5,9,27,0,41,0,0,29,4,33,5,9,56,4,74,6,0,6,80
05/20/2022,TYR,TX,ASW,CE,Federal Contract Tower,3,6,33,0,42,0,1,28,0,29,3,7,61,0,71,22,0,22,93
05/21/2022,TYR,TX,ASW,CE,Federal Contract Tower,5,7,20,9,41,0,0,17,3,20,5,7,37,12,61,0,0,0,61
05/22/2022,TYR,TX,ASW,CE,Federal Contract Tower,4,2,36,0,42,0,0,0,0,0,4,2,36,0,42,0,0,0,42
05/23/2022,TYR,TX,ASW,CE,Federal Contract Tower,5,5,33,0,43,0,2,23,0,25,5,7,56,0,68,28,0,28,96
05/24/2022,TYR,TX,ASW,CE,Federal Contract Tower,5,3,23,0,31,0,0,0,0,0,5,3,23,0,31,0,0,0,31
05/25/2022,TYR,TX,ASW,CE,Federal Contract Tower,5,9,27,0,41,0,0,7,0,7,5,9,34,0,48,6,0,6,54
05/26/2022,TYR,TX,ASW,CE,Federal Contract Tower,5,11,32,0,48,0,1,49,0,50,5,12,81,0,98,42,0,42,140
05/27/2022,TYR,TX,ASW,CE,Federal Contract Tower,5,12,29,1,47,0,5,76,4,85,5,17,105,5,132,12,28,40,172
05/28/2022,TYR,TX,ASW,CE,Federal Contract Tower,5,4,24,0,33,0,0,64,0,64,5,4,88,0,97,58,0,58,155
05/29/2022,TYR,TX,ASW,CE,Federal Contract Tower,5,5,6,0,16,0,0,8,0,8,5,5,14,0,24,2,0,2,26
05/30/2022,TYR,TX,ASW,CE,Federal Contract Tower,5,2,30,0,37,0,0,9,0,9,5,2,39,0,46,0,0,0,46
05/31/2022,TYR,TX,ASW,CE,Federal Contract Tower,5,16,14,2,37,0,1,55,0,56,5,17,69,2,93,118,0,118,211
06/01/2022,TYR,TX,ASW,CE,Federal Contract Tower,2,19,28,0,49,0,2,32,0,34,2,21,60,0,83,4,0,4,87
06/02/2022,TYR,TX,ASW,CE,Federal Contract Tower,4,9,29,0,42,0,0,19,0,19,4,9,48,0,61,4,0,4,65
06/03/2022,TYR,TX,ASW,CE,Federal Contract Tower,5,8,41,0,54,0,0,13,2,15,5,8,54,2,69,18,0,18,87
06/04/2022,TYR,TX,ASW,CE,Federal Contract Tower,5,7,28,0,40,0,2,33,0,35,5,9,61,0,75,30,0,30,105
06/05/2022,TYR,TX,ASW,CE,Federal Contract Tower,4,2,27,0,33,0,0,35,0,35,4,2,62,0,68,8,0,8,76
06/06/2022,TYR,TX,ASW,CE,Federal Contract Tower,4,2,15,0,21,0,0,27,0,27,4,2,42,0,48,26,6,32,80
06/07/2022,TYR,TX,ASW,CE,Federal Contract Tower,5,12,28,0,45,0,0,42,4,46,5,12,70,4,91,36,0,36,127
06/08/2022,TYR,TX,ASW,CE,Federal Contract Tower,5,10,51,0,66,0,0,40,0,40,5,10,91,0,106,26,0,26,132
06/09/2022,TYR,TX,ASW,CE,Federal Contract Tower,6,10,37,4,57,0,0,43,0,43,6,10,80,4,100,84,0,84,184
06/10/2022,TYR,TX,ASW,CE,Federal Contract Tower,5,10,27,0,42,0,0,41,0,41,5,10,68,0,83,18,0,18,101
06/11/2022,TYR,TX,ASW,CE,Federal Contract Tower,5,5,15,0,25,0,6,44,0,50,5,11,59,0,75,20,0,20,95
06/12/2022,TYR,TX,ASW,CE,Federal Contract Tower,5,4,15,0,24,0,6,43,2,51,5,10,58,2,75,16,0,16,91
06/13/2022,TYR,TX,ASW,CE,Federal Contract Tower,5,7,14,7,33,0,2,36,0,38,5,9,50,7,71,28,0,28,99
06/14/2022,TYR,TX,ASW,CE,Federal Contract Tower,5,8,31,0,44,0,3,27,0,30,5,11,58,0,74,32,0,32,106
06/15/2022,TYR,TX,ASW,CE,Federal Contract Tower,5,8,37,0,50,0,1,35,0,36,5,9,72,0,86,14,0,14,100
06/16/2022,TYR,TX,ASW,CE,Federal Contract Tower,5,9,21,0,35,0,4,55,0,59,5,13,76,0,94,88,0,88,182
06/17/2022,TYR,TX,ASW,CE,Federal Contract Tower,4,10,25,0,39,0,1,59,0,60,4,11,84,0,99,40,0,40,139
06/18/2022,TYR,TX,ASW,CE,Federal Contract Tower,5,3,9,0,17,0,1,51,0,52,5,4,60,0,69,46,0,46,115
06/19/2022,TYR,TX,ASW,CE,Federal Contract Tower,5,3,23,0,31,0,2,24,0,26,5,5,47,0,57,4,0,4,61
06/20/2022,TYR,TX,ASW,CE,Federal Contract Tower,5,11,30,0,46,0,0,44,0,44,5,11,74,0,90,38,0,38,128
06/21/2022,TYR,TX,ASW,CE,Federal Contract Tower,5,7,27,0,39,0,6,61,0,67,5,13,88,0,106,66,0,66,172
06/22/2022,TYR,TX,ASW,CE,Federal Contract Tower,5,10,27,0,42,0,3,46,0,49,5,13,73,0,91,34,0,34,125
06/23/2022,TYR,TX,ASW,CE,Federal Contract Tower,5,5,34,0,44,0,2,51,0,53,5,7,85,0,97,14,0,14,111
06/24/2022,TYR,TX,ASW,CE,Federal Contract Tower,5,12,23,1,41,0,6,65,1,72,5,18,88,2,113,26,6,32,145
06/25/2022,TYR,TX,ASW,CE,Federal Contract Tower,5,7,37,0,49,0,7,37,0,44,5,14,74,0,93,6,0,6,99
06/26/2022,TYR,TX,ASW,CE,Federal Contract Tower,4,6,34,0,44,0,1,39,0,40,4,7,73,0,84,30,0,30,114
06/27/2022,TYR,TX,ASW,CE,Federal Contract Tower,5,7,37,6,55,0,0,48,0,48,5,7,85,6,103,44,10,54,157
06/29/2022,TYR,TX,ASW,CE,Federal Contract Tower,5,5,14,1,25,0,0,71,0,71,5,5,85,1,96,10,8,18,114
06/30/2022,TYR,TX,ASW,CE,Federal Contract Tower,5,8,19,2,34,0,4,41,3,48,5,12,60,5,82,26,0,26,108
07/01/2022,TYR,TX,ASW,CE,Federal Contract Tower,5,6,23,0,34,0,0,45,1,46,5,6,68,1,80,34,4,38,118
07/02/2022,TYR,TX,ASW,CE,Federal Contract Tower,5,3,27,0,35,0,0,65,1,66,5,3,92,1,101,12,0,12,113
07/03/2022,TYR,TX,ASW,CE,Federal Contract Tower,4,4,13,0,21,0,2,60,0,62,4,6,73,0,83,6,0,6,89
07/04/2022,TYR,TX,ASW,CE,Federal Contract Tower,5,4,14,0,23,0,2,22,1,25,5,6,36,1,48,0,0,0,48
07/05/2022,TYR,TX,ASW,CE,Federal Contract Tower,4,5,19,0,28,0,3,40,0,43,4,8,59,0,71,50,0,50,121
07/06/2022,TYR,TX,ASW,CE,Federal Contract Tower,4,3,32,0,39,0,10,47,2,59,4,13,79,2,98,38,0,38,136
07/07/2022,TYR,TX,ASW,CE,Federal Contract Tower,7,5,41,0,53,0,5,45,0,50,7,10,86,0,103,68,0,68,171
07/08/2022,TYR,TX,ASW,CE,Federal Contract Tower,5,9,25,1,40,0,3,41,3,47,5,12,66,4,87,26,0,26,113
07/09/2022,TYR,TX,ASW,CE,Federal Contract Tower,5,6,15,0,26,0,3,38,3,44,5,9,53,3,70,24,0,24,94
07/10/2022,TYR,TX,ASW,CE,Federal Contract Tower,5,4,25,0,34,0,0,35,0,35,5,4,60,0,69,10,0,10,79
07/11/2022,TYR,TX,ASW,CE,Federal Contract Tower,5,13,14,0,32,0,2,46,0,48,5,15,60,0,80,48,0,48,128
07/12/2022,TYR,TX,ASW,CE,Federal Contract Tower,4,18,29,0,51,0,2,57,0,59,4,20,86,0,110,26,0,26,136
07/13/2022,TYR,TX,ASW,CE,Federal Contract Tower,5,11,16,0,32,0,0,53,0,53,5,11,69,0,85,67,0,67,152
07/14/2022,TYR,TX,ASW,CE,Federal Contract Tower,4,4,21,0,29,0,0,28,0,28,4,4,49,0,57,12,0,12,69
07/15/2022,TYR,TX,ASW,CE,Federal Contract Tower,5,16,21,0,42,0,6,52,0,58,5,22,73,0,100,60,0,60,160
07/16/2022,TYR,TX,ASW,CE,Federal Contract Tower,4,13,21,0,38,0,3,63,0,66,4,16,84,0,104,44,0,44,148
07/17/2022,TYR,TX,ASW,CE,Federal Contract Tower,5,8,22,0,35,0,6,56,0,62,5,14,78,0,97,22,0,22,119
07/18/2022,TYR,TX,ASW,CE,Federal Contract Tower,5,2,27,0,34,0,1,44,0,45,5,3,71,0,79,76,0,76,155
07/19/2022,TYR,TX,ASW,CE,Federal Contract Tower,4,13,26,0,43,0,3,46,0,49,4,16,72,0,92,56,0,56,148
07/20/2022,TYR,TX,ASW,CE,Federal Contract Tower,4,8,37,0,49,0,5,24,0,29,4,13,61,0,78,12,0,12,90
07/21/2022,TYR,TX,ASW,CE,Federal Contract Tower,5,9,28,0,42,0,1,37,0,38,5,10,65,0,80,48,0,48,128
07/22/2022,TYR,TX,ASW,CE,Federal Contract Tower,6,7,25,0,38,0,1,40,0,41,6,8,65,0,79,0,0,0,79
07/23/2022,TYR,TX,ASW,CE,Federal Contract Tower,5,5,17,0,27,0,2,15,4,21,5,7,32,4,48,0,0,0,48
07/24/2022,TYR,TX,ASW,CE,Federal Contract Tower,5,2,24,0,31,0,2,33,0,35,5,4,57,0,66,14,0,14,80
07/25/2022,TYR,TX,ASW,CE,Federal Contract Tower,5,11,14,2,32,0,2,39,0,41,5,13,53,2,73,22,6,28,101
07/26/2022,TYR,TX,ASW,CE,Federal Contract Tower,4,12,28,0,44,0,4,40,2,46,4,16,68,2,90,18,0,18,108
07/27/2022,TYR,TX,ASW,CE,Federal Contract Tower,4,13,24,2,43,0,13,37,0,50,4,26,61,2,93,34,8,42,135
07/28/2022,TYR,TX,ASW,CE,Federal Contract Tower,5,10,19,0,34,0,1,47,0,48,5,11,66,0,82,4,0,4,86
07/29/2022,TYR,TX,ASW,CE,Federal Contract Tower,5,1,36,0,42,0,3,32,0,35,5,4,68,0,77,34,0,34,111
07/30/2022,TYR,TX,ASW,CE,Federal Contract Tower,5,10,24,0,39,0,2,26,0,28,5,12,50,0,67,4,0,4,71
07/31/2022,TYR,TX,ASW,CE,Federal Contract Tower,5,5,29,0,39,0,4,41,0,45,5,9,70,0,84,8,0,8,92
08/01/2022,TYR,TX,ASW,CE,Federal Contract Tower,5,6,22,0,33,0,0,43,0,43,5,6,65,0,76,12,0,12,88
08/02/2022,TYR,TX,ASW,CE,Federal Contract Tower,5,6,33,2,46,0,0,35,0,35,5,6,68,2,81,28,6,34,115
08/03/2022,TYR,TX,ASW,CE,Federal Contract Tower,3,9,24,0,36,0,4,39,0,43,3,13,63,0,79,24,0,24,103
08/04/2022,TYR,TX,ASW,CE,Federal Contract Tower,5,8,28,0,41,0,6,66,2,74,5,14,94,2,115,24,0,24,139
08/05/2022,TYR,TX,ASW,CE,Federal Contract Tower,5,9,28,0,42,0,10,45,0,55,5,19,73,0,97,20,0,20,117
08/06/2022,TYR,TX,ASW,CE,Federal Contract Tower,6,3,24,0,33,0,2,26,0,28,6,5,50,0,61,8,0,8,69
08/07/2022,TYR,TX,ASW,CE,Federal Contract Tower,5,1,17,2,25,0,2,26,0,28,5,3,43,2,53,0,0,0,53
08/08/2022,TYR,TX,ASW,CE,Federal Contract Tower,5,11,28,0,44,0,8,41,0,49,5,19,69,0,93,0,0,0,93
08/09/2022,TYR,TX,ASW,CE,Federal Contract Tower,5,12,18,3,38,0,0,30,2,32,5,12,48,5,70,64,0,64,134
08/10/2022,TYR,TX,ASW,CE,Federal Contract Tower,5,6,24,0,35,0,4,33,0,37,5,10,57,0,72,16,0,16,88
08/11/2022,TYR,TX,ASW,CE,Federal Contract Tower,5,16,26,0,47,0,10,51,0,61,5,26,77,0,108,20,0,20,128
08/12/2022,TYR,TX,ASW,CE,Federal Contract Tower,5,15,27,0,47,0,4,39,2,45,5,19,66,2,92,6,0,6,98
08/13/2022,TYR,TX,ASW,CE,Federal Contract Tower,5,4,11,0,20,0,1,30,3,34,5,5,41,3,54,24,6,30,84
08/14/2022,TYR,TX,ASW,CE,Federal Contract Tower,5,6,29,0,40,0,2,41,1,44,5,8,70,1,84,18,2,20,104
08/15/2022,TYR,TX,ASW,CE,Federal Contract Tower,5,4,23,4,36,0,4,47,0,51,5,8,70,4,87,14,0,14,101
08/16/2022,TYR,TX,ASW,CE,Federal Contract Tower,5,11,16,2,34,0,4,44,2,50,5,15,60,4,84,24,4,28,112
08/17/2022,TYR,TX,ASW,CE,Federal Contract Tower,7,16,32,2,57,0,16,42,0,58,7,32,74,2,115,16,0,16,131
08/18/2022,TYR,TX,ASW,CE,Federal Contract Tower,5,6,36,1,48,0,0,6,32,38,5,6,42,33,86,10,80,90,176
08/19/2022,TYR,TX,ASW,CE,Federal Contract Tower,7,10,31,0,48,0,0,35,14,49,7,10,66,14,97,6,80,86,183
08/20/2022,TYR,TX,ASW,CE,Federal Contract Tower,5,12,25,6,48,0,0,11,25,36,5,12,36,31,84,38,18,56,140
08/21/2022,TYR,TX,ASW,CE,Federal Contract Tower,4,5,25,0,34,0,0,4,0,4,4,5,29,0,38,0,0,0,38
08/22/2022,TYR,TX,ASW,CE,Federal Contract Tower,5,4,20,0,29,0,0,0,0,0,5,4,20,0,29,0,0,0,29
08/23/2022,TYR,TX,ASW,CE,Federal Contract Tower,4,13,38,0,55,0,0,3,0,3,4,13,41,0,58,0,0,0,58
08/24/2022,TYR,TX,ASW,CE,Federal Contract Tower,4,7,46,0,57,0,0,5,0,5,4,7,51,0,62,18,0,18,80
08/25/2022,TYR,TX,ASW,CE,Federal Contract Tower,4,12,51,0,67,0,2,10,0,12,4,14,61,0,79,28,0,28,107
08/26/2022,TYR,TX,ASW,CE,Federal Contract Tower,7,7,19,0,33,0,2,47,8,57,7,9,66,8,90,34,0,34,124
08/27/2022,TYR,TX,ASW,CE,Federal Contract Tower,4,4,25,0,33,0,0,69,0,69,4,4,94,0,102,60,0,60,162
08/28/2022,TYR,TX,ASW,CE,Federal Contract Tower,7,5,20,0,32,0,4,48,0,52,7,9,68,0,84,6,0,6,90
08/29/2022,TYR,TX,ASW,CE,Federal Contract Tower,4,6,39,0,49,0,2,19,0,21,4,8,58,0,70,6,0,6,76
08/30/2022,TYR,TX,ASW,CE,Federal Contract Tower,5,15,24,0,44,0,0,4,0,4,5,15,28,0,48,0,0,0,48
08/31/2022,TYR,TX,ASW,CE,Federal Contract Tower,4,8,52,0,64,0,3,54,0,57,4,11,106,0,121,32,0,32,153
09/01/2022,TYR,TX,ASW,CE,Federal Contract Tower,5,4,18,0,27,0,0,31,0,31,5,4,49,0,58,22,0,22,80
09/02/2022,TYR,TX,ASW,CE,Federal Contract Tower,8,3,24,0,35,0,0,12,0,12,8,3,36,0,47,0,0,0,47
09/03/2022,TYR,TX,ASW,CE,Federal Contract Tower,3,2,12,0,17,0,10,33,0,43,3,12,45,0,60,24,0,24,84
09/04/2022,TYR,TX,ASW,CE,Federal Contract Tower,3,4,6,0,13,0,2,24,0,26,3,6,30,0,39,18,0,18,57
09/05/2022,TYR,TX,ASW,CE,Federal Contract Tower,5,6,33,0,44,0,2,64,0,66,5,8,97,0,110,70,0,70,180
09/06/2022,TYR,TX,ASW,CE,Federal Contract Tower,5,6,9,0,20,0,2,28,0,30,5,8,37,0,50,12,0,12,62
09/07/2022,TYR,TX,ASW,CE,Federal Contract Tower,5,9,24,0,38,0,3,36,2,41,5,12,60,2,79,22,0,22,101
09/08/2022,TYR,TX,ASW,CE,Federal Contract Tower,5,4,22,0,31,0,0,43,0,43,5,4,65,0,74,28,0,28,102
09/09/2022,TYR,TX,ASW,CE,Federal Contract Tower,5,8,14,0,27,0,0,50,0,50,5,8,64,0,77,52,0,52,129
09/10/2022,TYR,TX,ASW,CE,Federal Contract Tower,5,5,21,6,37,0,0,49,2,51,5,5,70,8,88,38,0,38,126
09/11/2022,TYR,TX,ASW,CE,Federal Contract Tower,5,0,15,0,20,0,2,49,0,51,5,2,64,0,71,30,0,30,101
09/12/2022,TYR,TX,ASW,CE,Federal Contract Tower,5,6,16,0,27,0,2,45,0,47,5,8,61,0,74,28,0,28,102
09/13/2022,TYR,TX,ASW,CE,Federal Contract Tower,5,7,23,0,35,0,4,74,0,78,5,11,97,0,113,48,0,48,161
09/14/2022,TYR,TX,ASW,CE,Federal Contract Tower,5,4,18,0,27,0,14,64,2,80,5,18,82,2,107,56,0,56,163
09/15/2022,TYR,TX,ASW,CE,Federal Contract Tower,5,11,27,0,43,0,7,40,0,47,5,18,67,0,90,24,0,24,114
09/16/2022,TYR,TX,ASW,CE,Federal Contract Tower,5,11,30,0,46,0,2,70,2,74,5,13,100,2,120,48,2,50,170
09/17/2022,TYR,TX,ASW,CE,Federal Contract Tower,5,4,35,2,46,0,0,26,2,28,5,4,61,4,74,16,0,16,90
09/18/2022,TYR,TX,ASW,CE,Federal Contract Tower,5,4,42,0,51,0,0,50,0,50,5,4,92,0,101,4,0,4,105
09/19/2022,TYR,TX,ASW,CE,Federal Contract Tower,5,6,24,0,35,0,4,59,0,63,5,10,83,0,98,42,0,42,140
09/20/2022,TYR,TX,ASW,CE,Federal Contract Tower,5,9,26,0,40,0,4,54,0,58,5,13,80,0,98,100,0,100,198
09/21/2022,TYR,TX,ASW,CE,Federal Contract Tower,5,7,19,2,33,0,3,52,0,55,5,10,71,2,88,20,0,20,108
09/22/2022,TYR,TX,ASW,CE,Federal Contract Tower,5,7,25,0,37,0,4,66,0,70,5,11,91,0,107,102,0,102,209
09/23/2022,TYR,TX,ASW,CE,Federal Contract Tower,5,13,37,0,55,0,3,45,0,48,5,16,82,0,103,56,0,56,159
09/24/2022,TYR,TX,ASW,CE,Federal Contract Tower,5,7,12,0,24,0,6,37,0,43,5,13,49,0,67,2,0,2,69
09/25/2022,TYR,TX,ASW,CE,Federal Contract Tower,5,4,17,0,26,0,0,25,0,25,5,4,42,0,51,10,0,10,61
09/26/2022,TYR,TX,ASW,CE,Federal Contract Tower,5,10,25,0,40,0,0,58,0,58,5,10,83,0,98,42,0,42,140
09/27/2022,TYR,TX,ASW,CE,Federal Contract Tower,5,6,30,0,41,0,7,58,0,65,5,13,88,0,106,120,0,120,226
09/28/2022,TYR,TX,ASW,CE,Federal Contract Tower,5,3,32,0,40,0,8,65,0,73,5,11,97,0,113,50,0,50,163
09/29/2022,TYR,TX,ASW,CE,Federal Contract Tower,5,10,24,0,39,0,3,80,0,83,5,13,104,0,122,78,0,78,200
09/30/2022,TYR,TX,ASW,CE,Federal Contract Tower,5,3,22,0,30,0,5,56,2,63,5,8,78,2,93,40,0,40,133
10/01/2022,TYR,TX,ASW,CE,Federal Contract Tower,5,4,17,0,26,0,2,44,0,46,5,6,61,0,72,36,0,36,108
10/02/2022,TYR,TX,ASW,CE,Federal Contract Tower,5,0,19,2,26,0,0,33,0,33,5,0,52,2,59,20,0,20,79
10/03/2022,TYR,TX,ASW,CE,Federal Contract Tower,5,4,21,0,30,0,0,34,0,34,5,4,55,0,64,50,0,50,114
10/04/2022,TYR,TX,ASW,CE,Federal Contract Tower,5,6,33,4,48,0,0,60,2,62,5,6,93,6,110,20,6,26,136
10/05/2022,TYR,TX,ASW,CE,Federal Contract Tower,5,7,24,19,55,0,4,56,6,66,5,11,80,25,121,0,0,0,121
10/06/2022,TYR,TX,ASW,CE,Federal Contract Tower,4,5,31,0,40,0,1,95,0,96,4,6,126,0,136,64,0,64,200
10/07/2022,TYR,TX,ASW,CE,Federal Contract Tower,5,3,47,0,55,0,2,48,0,50,5,5,95,0,105,42,0,42,147
10/08/2022,TYR,TX,ASW,CE,Federal Contract Tower,4,4,18,0,26,0,8,50,0,58,4,12,68,0,84,12,0,12,96
10/09/2022,TYR,TX,ASW,CE,Federal Contract Tower,4,8,25,0,37,0,0,43,0,43,4,8,68,0,80,6,0,6,86
10/10/2022,TYR,TX,ASW,CE,Federal Contract Tower,4,9,31,0,44,0,0,57,0,57,4,9,88,0,101,76,0,76,177
10/11/2022,TYR,TX,ASW,CE,Federal Contract Tower,4,11,24,0,39,0,0,49,0,49,4,11,73,0,88,44,0,44,132
10/12/2022,TYR,TX,ASW,CE,Federal Contract Tower,4,16,22,0,42,0,0,26,0,26,4,16,48,0,68,14,0,14,82
10/13/2022,TYR,TX,ASW,CE,Federal Contract Tower,4,20,28,0,52,0,2,57,0,59,4,22,85,0,111,86,0,86,197
10/14/2022,TYR,TX,ASW,CE,Federal Contract Tower,4,18,26,9,57,0,1,61,8,70,4,19,87,17,127,0,0,0,127
10/15/2022,TYR,TX,ASW,CE,Federal Contract Tower,4,5,24,0,33,0,0,31,0,31,4,5,55,0,64,6,0,6,70
10/16/2022,TYR,TX,ASW,CE,Federal Contract Tower,4,14,24,0,42,0,0,0,0,0,4,14,24,0,42,0,0,0,42
10/17/2022,TYR,TX,ASW,CE,Federal Contract Tower,4,4,33,0,41,0,6,36,0,42,4,10,69,0,83,62,0,62,145
10/18/2022,TYR,TX,ASW,CE,Federal Contract Tower,4,14,32,0,50,0,2,35,0,37,4,16,67,0,87,44,0,44,131
10/19/2022,TYR,TX,ASW,CE,Federal Contract Tower,6,10,19,0,35,0,4,60,0,64,6,14,79,0,99,102,0,102,201
10/20/2022,TYR,TX,ASW,CE,Federal Contract Tower,3,12,39,0,54,0,0,63,0,63,3,12,102,0,117,38,0,38,155
10/21/2022,TYR,TX,ASW,CE,Federal Contract Tower,4,12,36,2,54,0,5,58,1,64,4,17,94,3,118,18,0,18,136
10/22/2022,TYR,TX,ASW,CE,Federal Contract Tower,5,4,30,0,39,0,0,11,0,11,5,4,41,0,50,0,0,0,50
10/23/2022,TYR,TX,ASW,CE,Federal Contract Tower,2,6,32,0,40,0,0,15,0,15,2,6,47,0,55,0,0,0,55
10/24/2022,TYR,TX,ASW,CE,Federal Contract Tower,5,9,24,0,38,0,0,4,0,4,5,9,28,0,42,16,0,16,58
10/25/2022,TYR,TX,ASW,CE,Federal Contract Tower,5,4,28,0,37,0,0,43,0,43,5,4,71,0,80,12,0,12,92
10/26/2022,TYR,TX,ASW,CE,Federal Contract Tower,4,7,16,6,33,0,7,82,2,91,4,14,98,8,124,54,8,62,186
10/27/2022,TYR,TX,ASW,CE,Federal Contract Tower,4,10,32,0,46,0,5,68,0,73,4,15,100,0,119,94,0,94,213
10/28/2022,TYR,TX,ASW,CE,Federal Contract Tower,5,5,12,0,22,0,1,1,0,2,5,6,13,0,24,0,0,0,24
10/29/2022,TYR,TX,ASW,CE,Federal Contract Tower,4,9,31,0,44,0,0,3,0,3,4,9,34,0,47,0,0,0,47
10/30/2022,TYR,TX,ASW,CE,Federal Contract Tower,4,0,46,0,50,0,0,41,0,41,4,0,87,0,91,12,0,12,103
10/31/2022,TYR,TX,ASW,CE,Federal Contract Tower,4,6,22,0,32,0,1,57,0,58,4,7,79,0,90,106,0,106,196
11/01/2022,TYR,TX,ASW,CE,Federal Contract Tower,4,3,23,3,33,0,7,64,0,71,4,10,87,3,104,80,0,80,184
11/02/2022,TYR,TX,ASW,CE,Federal Contract Tower,4,8,30,4,46,0,0,40,3,43,4,8,70,7,89,42,0,42,131
11/03/2022,TYR,TX,ASW,CE,Federal Contract Tower,5,12,48,0,65,0,11,12,0,23,5,23,60,0,88,0,0,0,88
11/04/2022,TYR,TX,ASW,CE,Federal Contract Tower,3,1,19,0,23,0,0,9,0,9,3,1,28,0,32,0,0,0,32
11/05/2022,TYR,TX,ASW,CE,Federal Contract Tower,5,10,32,3,50,0,8,60,4,72,5,18,92,7,122,24,10,34,156
11/06/2022,TYR,TX,ASW,CE,Federal Contract Tower,5,6,40,0,51,0,0,22,0,22,5,6,62,0,73,14,0,14,87
11/07/2022,TYR,TX,ASW,CE,Federal Contract Tower,5,10,35,0,50,0,0,24,0,24,5,10,59,0,74,16,0,16,90
11/08/2022,TYR,TX,ASW,CE,Federal Contract Tower,5,6,25,0,36,0,0,14,0,14,5,6,39,0,50,0,0,0,50
11/09/2022,TYR,TX,ASW,CE,Federal Contract Tower,5,9,32,0,46,0,2,48,0,50,5,11,80,0,96,24,0,24,120
11/10/2022,TYR,TX,ASW,CE,Federal Contract Tower,5,10,37,0,52,0,28,0,0,28,5,38,37,0,80,24,14,38,118
11/11/2022,TYR,TX,ASW,CE,Federal Contract Tower,5,3,10,0,18,0,0,0,0,0,5,3,10,0,18,0,0,0,18
11/12/2022,TYR,TX,ASW,CE,Federal Contract Tower,5,7,17,0,29,0,1,41,2,44,5,8,58,2,73,6,4,10,83
11/13/2022,TYR,TX,ASW,CE,Federal Contract Tower,4,8,27,0,39,0,11,51,0,62,4,19,78,0,101,22,0,22,123
11/14/2022,TYR,TX,ASW,CE,Federal Contract Tower,5,3,17,0,25,0,0,4,2,6,5,3,21,2,31,8,0,8,39
11/15/2022,TYR,TX,ASW,CE,Federal Contract Tower,5,6,15,0,26,0,0,5,0,5,5,6,20,0,31,16,0,16,47
11/16/2022,TYR,TX,ASW,CE,Federal Contract Tower,5,15,25,0,45,0,7,87,0,94,5,22,112,0,139,52,14,66,205
11/17/2022,TYR,TX,ASW,CE,Federal Contract Tower,5,15,30,0,50,0,6,71,0,77,5,21,101,0,127,24,0,24,151
11/18/2022,TYR,TX,ASW,CE,Federal Contract Tower,5,13,36,2,56,0,1,92,5,98,5,14,128,7,154,38,18,56,210
11/19/2022,TYR,TX,ASW,CE,Federal Contract Tower,4,6,33,3,46,0,3,42,0,45,4,9,75,3,91,12,10,22,113
11/20/2022,TYR,TX,ASW,CE,Federal Contract Tower,5,8,33,14,60,0,3,59,4,66,5,11,92,18,126,38,20,58,184
11/21/2022,TYR,TX,ASW,CE,Federal Contract Tower,5,14,19,0,38,0,1,47,0,48,5,15,66,0,86,120,0,120,206
11/22/2022,TYR,TX,ASW,CE,Federal Contract Tower,5,6,36,14,61,0,6,53,1,60,5,12,89,15,121,64,0,64,185
11/23/2022,TYR,TX,ASW,CE,Federal Contract Tower,5,10,43,0,58,0,0,34,0,34,5,10,77,0,92,8,0,8,100
11/24/2022,TYR,TX,ASW,CE,Federal Contract Tower,4,3,2,0,9,0,0,0,0,0,4,3,2,0,9,0,0,0,9
11/25/2022,TYR,TX,ASW,CE,Federal Contract Tower,5,11,16,0,32,0,0,0,0,0,5,11,16,0,32,4,0,4,36
11/26/2022,TYR,TX,ASW,CE,Federal Contract Tower,5,6,25,0,36,0,0,1,0,1,5,6,26,0,37,0,0,0,37
11/27/2022,TYR,TX,ASW,CE,Federal Contract Tower,5,8,41,0,54,0,3,76,5,84,5,11,117,5,138,50,0,50,188
11/28/2022,TYR,TX,ASW,CE,Federal Contract Tower,5,5,32,0,42,0,4,65,0,69,5,9,97,0,111,78,0,78,189
11/29/2022,TYR,TX,ASW,CE,Federal Contract Tower,5,11,14,2,32,0,2,13,2,17,5,13,27,4,49,12,8,20,69
11/30/2022,TYR,TX,ASW,CE,Federal Contract Tower,5,6,29,10,50,0,2,72,8,82,5,8,101,18,132,104,0,104,236
12/01/2022,TYR,TX,ASW,CE,Federal Contract Tower,5,11,19,0,35,0,0,51,0,51,5,11,70,0,86,28,0,28,114
12/02/2022,TYR,TX,ASW,CE,Federal Contract Tower,5,12,19,0,36,0,0,0,0,0,5,12,19,0,36,0,0,0,36
12/03/2022,TYR,TX,ASW,CE,Federal Contract Tower,5,5,32,0,42,0,0,10,0,10,5,5,42,0,52,28,0,28,80
12/04/2022,TYR,TX,ASW,CE,Federal Contract Tower,4,7,44,0,55,0,0,23,0,23,4,7,67,0,78,16,0,16,94
12/05/2022,TYR,TX,ASW,CE,Federal Contract Tower,5,7,23,0,35,0,0,9,0,9,5,7,32,0,44,0,0,0,44
12/06/2022,TYR,TX,ASW,CE,Federal Contract Tower,5,20,48,0,73,0,2,18,0,20,5,22,66,0,93,48,0,48,141
12/07/2022,TYR,TX,ASW,CE,Federal Contract Tower,3,11,30,0,44,0,0,19,0,19,3,11,49,0,63,32,0,32,95
12/08/2022,TYR,TX,ASW,CE,Federal Contract Tower,5,29,49,0,83,0,1,6,1,8,5,30,55,1,91,6,0,6,97
12/09/2022,TYR,TX,ASW,CE,Federal Contract Tower,5,8,45,0,58,0,0,5,0,5,5,8,50,0,63,2,0,2,65
12/10/2022,TYR,TX,ASW,CE,Federal Contract Tower,2,4,11,0,17,0,0,8,7,15,2,4,19,7,32,6,0,6,38
12/11/2022,TYR,TX,ASW,CE,Federal Contract Tower,5,2,25,0,32,0,0,1,0,1,5,2,26,0,33,0,0,0,33
12/12/2022,TYR,TX,ASW,CE,Federal Contract Tower,5,11,18,0,34,0,0,1,0,1,5,11,19,0,35,0,0,0,35
12/13/2022,TYR,TX,ASW,CE,Federal Contract Tower,5,7,12,0,24,0,0,5,0,5,5,7,17,0,29,0,0,0,29
12/14/2022,TYR,TX,ASW,CE,Federal Contract Tower,5,7,39,0,51,0,3,26,0,29,5,10,65,0,80,0,0,0,80
12/15/2022,TYR,TX,ASW,CE,Federal Contract Tower,5,9,35,0,49,0,2,56,4,62,5,11,91,4,111,70,0,70,181
12/16/2022,TYR,TX,ASW,CE,Federal Contract Tower,5,11,26,0,42,0,2,27,0,29,5,13,53,0,71,0,0,0,71
12/17/2022,TYR,TX,ASW,CE,Federal Contract Tower,5,5,27,0,37,0,7,70,0,77,5,12,97,0,114,66,0,66,180
12/18/2022,TYR,TX,ASW,CE,Federal Contract Tower,5,4,21,0,30,0,2,38,2,42,5,6,59,2,72,16,0,16,88
12/19/2022,TYR,TX,ASW,CE,Federal Contract Tower,3,3,9,0,15,0,0,2,0,2,3,3,11,0,17,0,0,0,17
12/20/2022,TYR,TX,ASW,CE,Federal Contract Tower,7,14,22,4,47,0,0,9,0,9,7,14,31,4,56,14,0,14,70
12/21/2022,TYR,TX,ASW,CE,Federal Contract Tower,3,5,32,1,41,0,3,52,1,56,3,8,84,2,97,28,4,32,129
12/22/2022,TYR,TX,ASW,CE,Federal Contract Tower,5,8,10,0,23,0,0,0,0,0,5,8,10,0,23,0,0,0,23
12/23/2022,TYR,TX,ASW,CE,Federal Contract Tower,5,6,15,0,26,0,2,8,0,10,5,8,23,0,36,6,0,6,42
12/24/2022,TYR,TX,ASW,CE,Federal Contract Tower,5,2,9,0,16,0,0,8,0,8,5,2,17,0,24,0,0,0,24
12/25/2022,TYR,TX,ASW,CE,Federal Contract Tower,2,7,3,0,12,0,2,9,0,11,2,9,12,0,23,10,0,10,33
12/26/2022,TYR,TX,ASW,CE,Federal Contract Tower,5,10,16,0,31,0,1,47,0,48,5,11,63,0,79,52,0,52,131
12/27/2022,TYR,TX,ASW,CE,Federal Contract Tower,6,6,22,0,34,0,1,70,2,73,6,7,92,2,107,16,0,16,123
12/28/2022,TYR,TX,ASW,CE,Federal Contract Tower,5,8,6,0,19,0,2,38,0,40,5,10,44,0,59,26,0,26,85
12/29/2022,TYR,TX,ASW,CE,Federal Contract Tower,4,3,18,0,25,0,0,5,0,5,4,3,23,0,30,4,0,4,34
12/30/2022,TYR,TX,ASW,CE,Federal Contract Tower,6,3,16,0,25,0,0,1,0,1,6,3,17,0,26,0,0,0,26
12/31/2022,TYR,TX,ASW,CE,Federal Contract Tower,3,4,8,0,15,0,0,36,1,37,3,4,44,1,52,12,0,12,64
01/01/2023,TYR,TX,ASW,CE,Federal Contract Tower,3,3,13,0,19,0,0,20,0,20,3,3,33,0,39,0,0,0,39
01/02/2023,TYR,TX,ASW,CE,Federal Contract Tower,5,2,17,0,24,0,0,4,0,4,5,2,21,0,28,0,0,0,28
01/03/2023,TYR,TX,ASW,CE,Federal Contract Tower,5,9,29,0,43,0,0,47,0,47,5,9,76,0,90,16,0,16,106
01/04/2023,TYR,TX,ASW,CE,Federal Contract Tower,5,10,7,4,26,0,11,41,0,52,5,21,48,4,78,24,0,24,102
01/05/2023,TYR,TX,ASW,CE,Federal Contract Tower,5,13,31,0,49,0,4,71,0,75,5,17,102,0,124,30,0,30,154
01/06/2023,TYR,TX,ASW,CE,Federal Contract Tower,5,6,33,0,44,0,0,61,0,61,5,6,94,0,105,64,0,64,169
01/07/2023,TYR,TX,ASW,CE,Federal Contract Tower,5,3,27,0,35,0,0,8,0,8,5,3,35,0,43,8,0,8,51
01/08/2023,TYR,TX,ASW,CE,Federal Contract Tower,5,5,25,0,35,0,11,56,5,72,5,16,81,5,107,18,0,18,125
01/09/2023,TYR,TX,ASW,CE,Federal Contract Tower,5,4,13,6,28,0,2,55,0,57,5,6,68,6,85,48,10,58,143
01/10/2023,TYR,TX,ASW,CE,Federal Contract Tower,5,10,16,10,41,0,2,37,0,39,5,12,53,10,80,26,8,34,114
01/11/2023,TYR,TX,ASW,CE,Federal Contract Tower,5,11,17,8,41,0,0,53,2,55,5,11,70,10,96,52,0,52,148
01/12/2023,TYR,TX,ASW,CE,Federal Contract Tower,5,8,10,0,23,0,0,17,0,17,5,8,27,0,40,2,0,2,42
01/13/2023,TYR,TX,ASW,CE,Federal Contract Tower,6,4,15,2,27,0,10,67,8,85,6,14,82,10,112,80,0,80,192
01/14/2023,TYR,TX,ASW,CE,Federal Contract Tower,4,6,16,0,26,0,2,71,0,73,4,8,87,0,99,56,0,56,155
01/15/2023,TYR,TX,ASW,CE,Federal Contract Tower,2,0,12,0,14,0,0,7,3,10,2,0,19,3,24,0,0,0,24
01/16/2023,TYR,TX,ASW,CE,Federal Contract Tower,7,7,21,0,35,0,6,25,0,31,7,13,46,0,66,68,0,68,134
01/17/2023,TYR,TX,ASW,CE,Federal Contract Tower,6,11,26,6,49,0,5,56,0,61,6,16,82,6,110,50,6,56,166
01/18/2023,TYR,TX,ASW,CE,Federal Contract Tower,6,9,16,0,31,0,0,19,0,19,6,9,35,0,50,16,0,16,66
01/19/2023,TYR,TX,ASW,CE,Federal Contract Tower,5,12,41,2,60,0,0,52,0,52,5,12,93,2,112,26,0,26,138
01/20/2023,TYR,TX,ASW,CE,Federal Contract Tower,5,5,20,0,30,0,2,64,0,66,5,7,84,0,96,10,0,10,106
01/21/2023,TYR,TX,ASW,CE,Federal Contract Tower,5,4,21,0,30,0,0,13,0,13,5,4,34,0,43,24,0,24,67
01/22/2023,TYR,TX,ASW,CE,Federal Contract Tower,5,8,35,0,48,0,0,26,0,26,5,8,61,0,74,20,0,20,94
01/23/2023,TYR,TX,ASW,CE,Federal Contract Tower,5,4,34,4,47,0,2,75,6,83,5,6,109,10,130,88,6,94,224
01/24/2023,TYR,TX,ASW,CE,Federal Contract Tower,5,8,11,0,24,0,0,1,0,1,5,8,12,0,25,0,0,0,25
01/25/2023,TYR,TX,ASW,CE,Federal Contract Tower,7,11,38,0,56,0,2,25,0,27,7,13,63,0,83,86,0,86,169
01/26/2023,TYR,TX,ASW,CE,Federal Contract Tower,5,8,22,0,35,0,0,72,2,74,5,8,94,2,109,62,0,62,171
01/27/2023,TYR,TX,ASW,CE,Federal Contract Tower,5,15,31,0,51,0,0,96,0,96,5,15,127,0,147,94,0,94,241
01/28/2023,TYR,TX,ASW,CE,Federal Contract Tower,7,12,12,0,31,0,0,0,0,0,7,12,12,0,31,0,0,0,31
01/29/2023,TYR,TX,ASW,CE,Federal Contract Tower,5,0,10,0,15,0,0,0,0,0,5,0,10,0,15,0,0,0,15
01/30/2023,TYR,TX,ASW,CE,Federal Contract Tower,2,0,7,0,9,0,0,0,0,0,2,0,7,0,9,0,0,0,9
01/31/2023,TYR,TX,ASW,CE,Federal Contract Tower,0,0,7,0,7,0,0,0,0,0,0,0,7,0,7,0,0,0,7
02/01/2023,TYR,TX,ASW,CE,Federal Contract Tower,0,0,10,0,10,0,0,0,0,0,0,0,10,0,10,0,0,0,10
02/02/2023,TYR,TX,ASW,CE,Federal Contract Tower,1,4,15,0,20,0,0,0,0,0,1,4,15,0,20,0,0,0,20
02/03/2023,TYR,TX,ASW,CE,Federal Contract Tower,7,9,33,0,49,0,4,57,4,65,7,13,90,4,114,36,0,36,150
02/04/2023,TYR,TX,ASW,CE,Federal Contract Tower,5,4,16,0,25,0,2,46,1,49,5,6,62,1,74,48,0,48,122
02/05/2023,TYR,TX,ASW,CE,Federal Contract Tower,5,9,11,2,27,0,3,29,1,33,5,12,40,3,60,44,0,44,104
02/06/2023,TYR,TX,ASW,CE,Federal Contract Tower,5,6,28,1,40,0,0,13,0,13,5,6,41,1,53,6,0,6,59
02/07/2023,TYR,TX,ASW,CE,Federal Contract Tower,4,5,12,4,25,0,1,4,0,5,4,6,16,4,30,0,0,0,30
02/08/2023,TYR,TX,ASW,CE,Federal Contract Tower,4,5,14,0,23,0,0,0,0,0,4,5,14,0,23,0,0,0,23
02/09/2023,TYR,TX,ASW,CE,Federal Contract Tower,5,6,19,4,34,0,1,69,4,74,5,7,88,8,108,46,20,66,174
02/10/2023,TYR,TX,ASW,CE,Federal Contract Tower,5,6,18,0,29,0,1,18,0,19,5,7,36,0,48,14,0,14,62
02/11/2023,TYR,TX,ASW,CE,Federal Contract Tower,5,7,30,2,44,0,0,26,4,30,5,7,56,6,74,16,0,16,90
02/12/2023,TYR,TX,ASW,CE,Federal Contract Tower,5,4,15,1,25,0,6,64,0,70,5,10,79,1,95,70,0,70,165
02/13/2023,TYR,TX,ASW,CE,Federal Contract Tower,4,3,35,8,50,0,6,88,3,97,4,9,123,11,147,36,0,36,183
02/14/2023,TYR,TX,ASW,CE,Federal Contract Tower,4,4,26,0,34,0,2,10,0,12,4,6,36,0,46,50,0,50,96
02/15/2023,TYR,TX,ASW,CE,Federal Contract Tower,4,12,21,1,38,0,2,18,4,24,4,14,39,5,62,16,0,16,78
02/16/2023,TYR,TX,ASW,CE,Federal Contract Tower,5,5,31,9,50,0,8,36,2,46,5,13,67,11,96,76,0,76,172
02/17/2023,TYR,TX,ASW,CE,Federal Contract Tower,5,8,16,0,29,0,3,85,1,89,5,11,101,1,118,34,0,34,152
02/18/2023,TYR,TX,ASW,CE,Federal Contract Tower,5,4,22,0,31,0,1,78,0,79,5,5,100,0,110,14,0,14,124
02/19/2023,TYR,TX,ASW,CE,Federal Contract Tower,5,3,11,0,19,0,0,50,0,50,5,3,61,0,69,24,0,24,93
02/20/2023,TYR,TX,ASW,CE,Federal Contract Tower,5,9,28,0,42,0,0,29,0,29,5,9,57,0,71,6,0,6,77
02/21/2023,TYR,TX,ASW,CE,Federal Contract Tower,5,8,40,0,53,0,0,58,0,58,5,8,98,0,111,18,0,18,129
02/22/2023,TYR,TX,ASW,CE,Federal Contract Tower,5,7,10,0,22,0,2,20,0,22,5,9,30,0,44,28,0,28,72
02/24/2023,TYR,TX,ASW,CE,Federal Contract Tower,5,3,34,0,42,0,2,6,0,8,5,5,40,0,50,10,0,10,60
02/25/2023,TYR,TX,ASW,CE,Federal Contract Tower,5,8,3,2,18,0,0,0,0,0,5,8,3,2,18,0,0,0,18
02/26/2023,TYR,TX,ASW,CE,Federal Contract Tower,5,3,30,0,38,0,0,6,0,6,5,3,36,0,44,6,0,6,50
02/27/2023,TYR,TX,ASW,CE,Federal Contract Tower,5,11,23,11,50,0,2,77,2,81,5,13,100,13,131,114,48,162,293
02/28/2023,TYR,TX,ASW,CE,Federal Contract Tower,5,11,39,8,63,0,5,98,0,103,5,16,137,8,166,62,18,80,246
03/01/2023,TYR,TX,ASW,CE,Federal Contract Tower,4,10,20,0,34,0,0,9,0,9,4,10,29,0,43,26,0,26,69
03/02/2023,TYR,TX,ASW,CE,Federal Contract Tower,5,1,18,0,24,0,3,6,2,11,5,4,24,2,35,0,0,0,35
03/03/2023,TYR,TX,ASW,CE,Federal Contract Tower,5,6,32,2,45,0,3,36,0,39,5,9,68,2,84,14,0,14,98
03/04/2023,TYR,TX,ASW,CE,Federal Contract Tower,5,8,18,0,31,0,0,109,2,111,5,8,127,2,142,20,8,28,170
03/05/2023,TYR,TX,ASW,CE,Federal Contract Tower,5,7,24,0,36,0,4,50,2,56,5,11,74,2,92,12,4,16,108
03/06/2023,TYR,TX,ASW,CE,Federal Contract Tower,5,7,30,8,50,0,1,44,0,45,5,8,74,8,95,58,14,72,167
03/07/2023,TYR,TX,ASW,CE,Federal Contract Tower,4,13,36,0,53,0,0,26,0,26,4,13,62,0,79,40,0,40,119
03/09/2023,TYR,TX,ASW,CE,Federal Contract Tower,3,5,42,0,50,0,0,17,0,17,3,5,59,0,67,10,0,10,77
03/10/2023,TYR,TX,ASW,CE,Federal Contract Tower,5,6,30,0,41,0,0,0,0,0,5,6,30,0,41,4,0,4,45
03/11/2023,TYR,TX,ASW,CE,Federal Contract Tower,5,10,16,0,31,0,0,15,0,15,5,10,31,0,46,6,0,6,52
03/12/2023,TYR,TX,ASW,CE,Federal Contract Tower,5,4,24,0,33,0,1,25,1,27,5,5,49,1,60,0,0,0,60
03/13/2023,TYR,TX,ASW,CE,Federal Contract Tower,4,7,15,0,26,0,2,69,0,71,4,9,84,0,97,56,0,56,153
03/14/2023,TYR,TX,ASW,CE,Federal Contract Tower,4,13,16,0,33,0,8,64,0,72,4,21,80,0,105,20,0,20,125
03/15/2023,TYR,TX,ASW,CE,Federal Contract Tower,4,15,27,0,46,0,1,63,0,64,4,16,90,0,110,16,0,16,126
03/16/2023,TYR,TX,ASW,CE,Federal Contract Tower,3,6,15,0,24,0,0,3,0,3,3,6,18,0,27,0,0,0,27
03/17/2023,TYR,TX,ASW,CE,Federal Contract Tower,5,9,25,0,39,0,0,22,0,22,5,9,47,0,61,0,0,0,61
03/18/2023,TYR,TX,ASW,CE,Federal Contract Tower,5,6,11,0,22,0,0,65,0,65,5,6,76,0,87,34,0,34,121
03/19/2023,TYR,TX,ASW,CE,Federal Contract Tower,5,1,30,0,36,0,2,48,0,50,5,3,78,0,86,0,0,0,86
03/20/2023,TYR,TX,ASW,CE,Federal Contract Tower,5,5,31,0,41,0,4,51,0,55,5,9,82,0,96,52,0,52,148
03/21/2023,TYR,TX,ASW,CE,Federal Contract Tower,4,6,38,0,48,0,0,4,0,4,4,6,42,0,52,0,0,0,52
03/22/2023,TYR,TX,ASW,CE,Federal Contract Tower,3,14,40,0,57,0,2,10,2,14,3,16,50,2,71,6,0,6,77
03/23/2023,TYR,TX,ASW,CE,Federal Contract Tower,5,7,27,0,39,0,1,19,0,20,5,8,46,0,59,10,0,10,69
03/24/2023,TYR,TX,ASW,CE,Federal Contract Tower,7,6,28,0,41,0,0,11,0,11,7,6,39,0,52,6,0,6,58
03/25/2023,TYR,TX,ASW,CE,Federal Contract Tower,5,6,27,0,38,0,5,73,0,78,5,11,100,0,116,30,0,30,146
03/26/2023,TYR,TX,ASW,CE,Federal Contract Tower,5,8,42,0,55,0,6,66,0,72,5,14,108,0,127,56,0,56,183
03/27/2023,TYR,TX,ASW,CE,Federal Contract Tower,5,13,27,0,45,0,1,69,0,70,5,14,96,0,115,82,0,82,197
03/28/2023,TYR,TX,ASW,CE,Federal Contract Tower,4,10,26,0,40,0,2,57,0,59,4,12,83,0,99,12,0,12,111
03/29/2023,TYR,TX,ASW,CE,Federal Contract Tower,4,12,14,0,30,0,4,44,0,48,4,16,58,0,78,42,0,42,120
03/30/2023,TYR,TX,ASW,CE,Federal Contract Tower,5,5,33,0,43,0,0,10,0,10,5,5,43,0,53,0,0,0,53
03/31/2023,TYR,TX,ASW,CE,Federal Contract Tower,6,7,14,0,27,0,0,10,0,10,6,7,24,0,37,4,0,4,41
04/01/2023,TYR,TX,ASW,CE,Federal Contract Tower,5,14,15,0,34,0,9,93,0,102,5,23,108,0,136,98,0,98,234
04/02/2023,TYR,TX,ASW,CE,Federal Contract Tower,3,13,27,2,45,0,0,15,0,15,3,13,42,2,60,18,0,18,78
04/03/2023,TYR,TX,ASW,CE,Federal Contract Tower,5,9,14,0,28,0,2,46,0,48,5,11,60,0,76,24,0,24,100
04/04/2023,TYR,TX,ASW,CE,Federal Contract Tower,5,6,40,6,57,0,2,7,0,9,5,8,47,6,66,4,6,10,76
04/05/2023,TYR,TX,ASW,CE,Federal Contract Tower,5,5,25,0,35,0,3,24,0,27,5,8,49,0,62,16,0,16,78
04/06/2023,TYR,TX,ASW,CE,Federal Contract Tower,4,6,26,0,36,0,0,2,0,2,4,6,28,0,38,2,0,2,40
04/07/2023,TYR,TX,ASW,CE,Federal Contract Tower,4,11,21,0,36,0,0,0,0,0,4,11,21,0,36,0,0,0,36
04/08/2023,TYR,TX,ASW,CE,Federal Contract Tower,3,7,21,0,31,0,0,36,0,36,3,7,57,0,67,22,0,22,89
04/09/2023,TYR,TX,ASW,CE,Federal Contract Tower,3,2,19,0,24,0,0,21,0,21,3,2,40,0,45,8,0,8,53
04/10/2023,TYR,TX,ASW,CE,Federal Contract Tower,5,12,51,0,68,0,7,46,0,53,5,19,97,0,121,36,0,36,157
04/11/2023,TYR,TX,ASW,CE,Federal Contract Tower,5,8,36,0,49,0,18,70,0,88,5,26,106,0,137,110,0,110,247
04/12/2023,TYR,TX,ASW,CE,Federal Contract Tower,4,10,22,4,40,0,9,64,0,73,4,19,86,4,113,48,0,48,161
04/13/2023,TYR,TX,ASW,CE,Federal Contract Tower,3,10,30,0,43,0,10,43,0,53,3,20,73,0,96,96,0,96,192
04/14/2023,TYR,TX,ASW,CE,Federal Contract Tower,5,8,31,1,45,0,1,34,6,41,5,9,65,7,86,32,0,32,118
04/15/2023,TYR,TX,ASW,CE,Federal Contract Tower,4,9,22,0,35,0,0,29,0,29,4,9,51,0,64,20,0,20,84
04/16/2023,TYR,TX,ASW,CE,Federal Contract Tower,4,6,30,0,40,0,4,47,0,51,4,10,77,0,91,6,0,6,97
04/17/2023,TYR,TX,ASW,CE,Federal Contract Tower,5,9,30,7,51,0,9,77,2,88,5,18,107,9,139,70,14,84,223
04/18/2023,TYR,TX,ASW,CE,Federal Contract Tower,5,13,30,0,48,0,2,9,0,11,5,15,39,0,59,12,0,12,71
04/19/2023,TYR,TX,ASW,CE,Federal Contract Tower,4,12,21,5,42,0,0,11,5,16,4,12,32,10,58,4,0,4,62
04/20/2023,TYR,TX,ASW,CE,Federal Contract Tower,4,7,27,0,38,0,0,7,0,7,4,7,34,0,45,8,0,8,53
04/21/2023,TYR,TX,ASW,CE,Federal Contract Tower,6,8,29,0,43,0,10,13,0,23,6,18,42,0,66,12,0,12,78
04/22/2023,TYR,TX,ASW,CE,Federal Contract Tower,4,4,34,0,42,0,23,70,0,93,4,27,104,0,135,20,0,20,155
04/23/2023,TYR,TX,ASW,CE,Federal Contract Tower,4,2,33,0,39,0,0,3,0,3,4,2,36,0,42,4,0,4,46
04/24/2023,TYR,TX,ASW,CE,Federal Contract Tower,5,7,36,0,48,0,11,43,0,54,5,18,79,0,102,30,0,30,132
04/25/2023,TYR,TX,ASW,CE,Federal Contract Tower,5,13,25,0,43,0,0,23,0,23,5,13,48,0,66,56,0,56,122
04/26/2023,TYR,TX,ASW,CE,Federal Contract Tower,3,10,24,0,37,0,0,0,0,0,3,10,24,0,37,0,0,0,37
04/27/2023,TYR,TX,ASW,CE,Federal Contract Tower,3,8,30,0,41,0,1,9,0,10,3,9,39,0,51,0,0,0,51
04/28/2023,TYR,TX,ASW,CE,Federal Contract Tower,4,5,37,0,46,0,4,56,0,60,4,9,93,0,106,66,0,66,172
04/29/2023,TYR,TX,ASW,CE,Federal Contract Tower,5,10,12,0,27,0,0,6,0,6,5,10,18,0,33,0,0,0,33
04/30/2023,TYR,TX,ASW,CE,Federal Contract Tower,5,7,23,0,35,0,19,67,7,93,5,26,90,7,128,54,0,54,182
05/01/2023,TYR,TX,ASW,CE,Federal Contract Tower,5,7,17,3,32,0,4,50,0,54,5,11,67,3,86,52,2,54,140
05/02/2023,TYR,TX,ASW,CE,Federal Contract Tower,5,9,31,6,51,0,13,44,0,57,5,22,75,6,108,48,0,48,156
05/03/2023,TYR,TX,ASW,CE,Federal Contract Tower,4,7,21,0,32,0,7,65,0,72,4,14,86,0,104,28,0,28,132
05/04/2023,TYR,TX,ASW,CE,Federal Contract Tower,4,15,39,0,58,0,19,41,0,60,4,34,80,0,118,22,0,22,140
05/05/2023,TYR,TX,ASW,CE,Federal Contract Tower,4,6,29,0,39,0,2,25,0,27,4,8,54,0,66,2,0,2,68
05/06/2023,TYR,TX,ASW,CE,Federal Contract Tower,5,10,33,0,48,0,3,41,1,45,5,13,74,1,93,4,0,4,97
05/07/2023,TYR,TX,ASW,CE,Federal Contract Tower,5,3,27,0,35,0,0,8,0,8,5,3,35,0,43,0,0,0,43
05/08/2023,TYR,TX,ASW,CE,Federal Contract Tower,5,8,18,0,31,0,0,11,0,11,5,8,29,0,42,0,0,0,42
05/09/2023,TYR,TX,ASW,CE,Federal Contract Tower,5,10,33,0,48,0,3,25,0,28,5,13,58,0,76,36,0,36,112
05/10/2023,TYR,TX,ASW,CE,Federal Contract Tower,5,7,11,0,23,0,0,0,2,2,5,7,11,2,25,0,0,0,25
05/11/2023,TYR,TX,ASW,CE,Federal Contract Tower,5,12,27,0,44,0,2,12,1,15,5,14,39,1,59,8,0,8,67
05/12/2023,TYR,TX,ASW,CE,Federal Contract Tower,5,8,49,0,62,0,2,20,0,22,5,10,69,0,84,12,0,12,96
05/13/2023,TYR,TX,ASW,CE,Federal Contract Tower,6,10,5,0,21,0,3,16,0,19,6,13,21,0,40,0,0,0,40
05/14/2023,TYR,TX,ASW,CE,Federal Contract Tower,4,2,25,0,31,0,2,2,0,4,4,4,27,0,35,16,0,16,51
05/15/2023,TYR,TX,ASW,CE,Federal Contract Tower,5,12,21,1,39,0,3,31,0,34,5,15,52,1,73,22,0,22,95
05/16/2023,TYR,TX,ASW,CE,Federal Contract Tower,5,10,28,0,43,0,1,19,0,20,5,11,47,0,63,6,0,6,69
05/17/2023,TYR,TX,ASW,CE,Federal Contract Tower,6,10,47,1,64,0,20,48,1,69,6,30,95,2,133,28,0,28,161
05/18/2023,TYR,TX,ASW,CE,Federal Contract Tower,4,8,34,3,49,0,13,74,1,88,4,21,108,4,137,62,17,79,216
05/19/2023,TYR,TX,ASW,CE,Federal Contract Tower,7,10,26,0,43,0,5,124,2,131,7,15,150,2,174,58,0,58,232
05/20/2023,TYR,TX,ASW,CE,Federal Contract Tower,4,15,23,0,42,0,2,25,0,27,4,17,48,0,69,0,0,0,69
05/22/2023,TYR,TX,ASW,CE,Federal Contract Tower,5,9,32,1,47,0,6,75,0,81,5,15,107,1,128,16,0,16,144
05/23/2023,TYR,TX,ASW,CE,Federal Contract Tower,5,8,26,0,39,0,9,46,2,57,5,17,72,2,96,56,0,56,152
05/24/2023,TYR,TX,ASW,CE,Federal Contract Tower,5,9,19,0,33,0,6,36,0,42,5,15,55,0,75,12,0,12,87
05/25/2023,TYR,TX,ASW,CE,Federal Contract Tower,5,9,48,0,62,0,6,45,0,51,5,15,93,0,113,44,0,44,157
05/26/2023,TYR,TX,ASW,CE,Federal Contract Tower,5,14,43,1,63,0,2,40,0,42,5,16,83,1,105,22,0,22,127
05/27/2023,TYR,TX,ASW,CE,Federal Contract Tower,4,11,16,1,32,0,7,34,0,41,4,18,50,1,73,0,0,0,73
05/28/2023,TYR,TX,ASW,CE,Federal Contract Tower,3,7,16,0,26,0,8,33,2,43,3,15,49,2,69,6,0,6,75
05/29/2023,TYR,TX,ASW,CE,Federal Contract Tower,5,7,30,0,42,0,6,31,1,38,5,13,61,1,80,34,0,34,114
05/30/2023,TYR,TX,ASW,CE,Federal Contract Tower,5,10,14,0,29,0,5,31,0,36,5,15,45,0,65,10,0,10,75
05/31/2023,TYR,TX,ASW,CE,Federal Contract Tower,5,10,16,0,31,0,8,51,0,59,5,18,67,0,90,14,0,14,104
06/01/2023,TYR,TX,ASW,CE,Federal Contract Tower,5,9,28,0,42,0,10,69,0,79,5,19,97,0,121,40,0,40,161
06/02/2023,TYR,TX,ASW,CE,Federal Contract Tower,5,9,17,0,31,0,8,68,3,79,5,17,85,3,110,60,0,60,170
06/03/2023,TYR,TX,ASW,CE,Federal Contract Tower,4,14,21,0,39,0,5,25,0,30,4,19,46,0,69,0,0,0,69
06/04/2023,TYR,TX,ASW,CE,Federal Contract Tower,5,7,21,0,33,0,2,20,0,22,5,9,41,0,55,20,0,20,75
06/06/2023,TYR,TX,ASW,CE,Federal Contract Tower,5,16,18,8,47,0,7,39,0,46,5,23,57,8,93,18,14,32,125
06/07/2023,TYR,TX,ASW,CE,Federal Contract Tower,7,6,20,0,33,0,14,35,2,51,7,20,55,2,84,14,0,14,98
06/08/2023,TYR,TX,ASW,CE,Federal Contract Tower,4,17,17,1,39,0,6,32,0,38,4,23,49,1,77,10,0,10,87
06/09/2023,TYR,TX,ASW,CE,Federal Contract Tower,4,6,25,0,35,0,7,51,0,58,4,13,76,0,93,22,0,22,115
06/10/2023,TYR,TX,ASW,CE,Federal Contract Tower,5,3,12,0,20,0,0,21,0,21,5,3,33,0,41,10,0,10,51
06/11/2023,TYR,TX,ASW,CE,Federal Contract Tower,5,11,24,0,40,0,2,33,0,35,5,13,57,0,75,10,0,10,85
06/12/2023,TYR,TX,ASW,CE,Federal Contract Tower,3,6,20,0,29,0,0,28,0,28,3,6,48,0,57,36,0,36,93
06/13/2023,TYR,TX,ASW,CE,Federal Contract Tower,5,7,25,0,37,0,0,3,0,3,5,7,28,0,40,2,0,2,42
06/14/2023,TYR,TX,ASW,CE,Federal Contract Tower,5,9,30,0,44,0,0,3,0,3,5,9,33,0,47,0,0,0,47
06/15/2023,TYR,TX,ASW,CE,Federal Contract Tower,4,5,33,0,42,0,0,5,0,5,4,5,38,0,47,0,0,0,47
06/16/2023,TYR,TX,ASW,CE,Federal Contract Tower,4,18,20,6,48,0,7,25,0,32,4,25,45,6,80,32,0,32,112
06/17/2023,TYR,TX,ASW,CE,Federal Contract Tower,4,6,22,0,32,0,0,12,0,12,4,6,34,0,44,6,0,6,50
06/18/2023,TYR,TX,ASW,CE,Federal Contract Tower,5,3,20,0,28,0,14,0,0,14,5,17,20,0,42,0,0,0,42
06/19/2023,TYR,TX,ASW,CE,Federal Contract Tower,5,4,34,0,43,0,4,26,0,30,5,8,60,0,73,26,0,26,99
06/20/2023,TYR,TX,ASW,CE,Federal Contract Tower,5,9,30,0,44,0,0,9,0,9,5,9,39,0,53,0,0,0,53
06/21/2023,TYR,TX,ASW,CE,Federal Contract Tower,5,18,38,0,61,0,0,7,0,7,5,18,45,0,68,8,0,8,76
06/22/2023,TYR,TX,ASW,CE,Federal Contract Tower,5,16,25,2,48,0,5,64,0,69,5,21,89,2,117,54,6,60,177
06/23/2023,TYR,TX,ASW,CE,Federal Contract Tower,7,4,20,0,31,0,8,38,0,46,7,12,58,0,77,30,0,30,107
06/24/2023,TYR,TX,ASW,CE,Federal Contract Tower,5,13,24,0,42,0,10,59,0,69,5,23,83,0,111,20,0,20,131
06/25/2023,TYR,TX,ASW,CE,Federal Contract Tower,4,3,20,0,27,0,5,40,0,45,4,8,60,0,72,10,0,10,82
06/26/2023,TYR,TX,ASW,CE,Federal Contract Tower,5,8,13,0,26,0,9,23,0,32,5,17,36,0,58,10,0,10,68
06/27/2023,TYR,TX,ASW,CE,Federal Contract Tower,5,11,14,0,30,0,2,47,0,49,5,13,61,0,79,28,0,28,107
06/28/2023,TYR,TX,ASW,CE,Federal Contract Tower,5,10,25,5,45,0,9,32,1,42,5,19,57,6,87,38,0,38,125
06/29/2023,TYR,TX,ASW,CE,Federal Contract Tower,5,6,22,3,36,0,4,29,11,44,5,10,51,14,80,14,0,14,94
06/30/2023,TYR,TX,ASW,CE,Federal Contract Tower,4,5,17,2,28,0,8,42,2,52,4,13,59,4,80,20,2,22,102
07/01/2023,TYR,TX,ASW,CE,Federal Contract Tower,5,19,39,0,63,0,7,96,9,112,5,26,135,9,175,12,0,12,187
07/02/2023,TYR,TX,ASW,CE,Federal Contract Tower,5,6,10,0,21,0,12,51,0,63,5,18,61,0,84,10,0,10,94
07/03/2023,TYR,TX,ASW,CE,Federal Contract Tower,4,8,11,3,26,0,6,43,0,49,4,14,54,3,75,52,0,52,127
07/04/2023,TYR,TX,ASW,CE,Federal Contract Tower,5,2,13,0,20,0,4,35,0,39,5,6,48,0,59,46,0,46,105
07/05/2023,TYR,TX,ASW,CE,Federal Contract Tower,5,6,13,2,26,0,10,42,1,53,5,16,55,3,79,74,0,74,153
07/06/2023,TYR,TX,ASW,CE,Federal Contract Tower,5,13,21,0,39,0,0,47,0,47,5,13,68,0,86,32,0,32,118
07/07/2023,TYR,TX,ASW,CE,Federal Contract Tower,5,10,21,1,37,0,7,46,0,53,5,17,67,1,90,30,0,30,120
07/08/2023,TYR,TX,ASW,CE,Federal Contract Tower,5,13,13,2,33,0,8,72,0,80,5,21,85,2,113,38,0,38,151
07/09/2023,TYR,TX,ASW,CE,Federal Contract Tower,7,7,25,0,39,0,2,23,0,25,7,9,48,0,64,12,0,12,76
07/10/2023,TYR,TX,ASW,CE,Federal Contract Tower,5,7,13,0,25,0,7,21,1,29,5,14,34,1,54,28,0,28,82
07/11/2023,TYR,TX,ASW,CE,Federal Contract Tower,4,10,13,0,27,0,4,12,0,16,4,14,25,0,43,8,0,8,51
07/12/2023,TYR,TX,ASW,CE,Federal Contract Tower,5,14,29,0,48,0,5,30,0,35,5,19,59,0,83,2,0,2,85
07/13/2023,TYR,TX,ASW,CE,Federal Contract Tower,4,11,23,0,38,0,2,25,0,27,4,13,48,0,65,38,0,38,103
07/14/2023,TYR,TX,ASW,CE,Federal Contract Tower,5,13,33,0,51,0,2,34,0,36,5,15,67,0,87,12,0,12,99
07/15/2023,TYR,TX,ASW,CE,Federal Contract Tower,5,10,28,4,47,0,1,38,0,39,5,11,66,4,86,44,0,44,130
07/16/2023,TYR,TX,ASW,CE,Federal Contract Tower,5,1,21,0,27,0,4,27,0,31,5,5,48,0,58,22,0,22,80
07/17/2023,TYR,TX,ASW,CE,Federal Contract Tower,4,10,22,0,36,0,6,58,0,64,4,16,80,0,100,20,0,20,120
07/18/2023,TYR,TX,ASW,CE,Federal Contract Tower,5,4,25,0,34,0,8,41,0,49,5,12,66,0,83,34,0,34,117
07/19/2023,TYR,TX,ASW,CE,Federal Contract Tower,5,10,23,0,38,0,4,32,0,36,5,14,55,0,74,46,0,46,120
07/20/2023,TYR,TX,ASW,CE,Federal Contract Tower,5,14,24,0,43,0,10,25,0,35,5,24,49,0,78,2,0,2,80
07/21/2023,TYR,TX,ASW,CE,Federal Contract Tower,5,7,16,0,28,0,4,37,0,41,5,11,53,0,69,38,0,38,107
07/22/2023,TYR,TX,ASW,CE,Federal Contract Tower,4,10,16,0,30,0,0,30,0,30,4,10,46,0,60,20,0,20,80
07/23/2023,TYR,TX,ASW,CE,Federal Contract Tower,4,13,21,0,38,0,0,43,0,43,4,13,64,0,81,8,0,8,89
07/24/2023,TYR,TX,ASW,CE,Federal Contract Tower,4,7,16,0,27,0,8,48,0,56,4,15,64,0,83,36,0,36,119
07/25/2023,TYR,TX,ASW,CE,Federal Contract Tower,5,13,25,2,45,0,2,43,0,45,5,15,68,2,90,80,0,80,170
07/26/2023,TYR,TX,ASW,CE,Federal Contract Tower,5,9,15,0,29,0,9,43,0,52,5,18,58,0,81,24,0,24,105
07/27/2023,TYR,TX,ASW,CE,Federal Contract Tower,4,11,31,0,46,0,4,39,0,43,4,15,70,0,89,20,0,20,109
07/28/2023,TYR,TX,ASW,CE,Federal Contract Tower,5,9,18,0,32,0,2,43,0,45,5,11,61,0,77,28,0,28,105
07/29/2023,TYR,TX,ASW,CE,Federal Contract Tower,5,8,18,1,32,0,2,49,0,51,5,10,67,1,83,28,0,28,111
07/30/2023,TYR,TX,ASW,CE,Federal Contract Tower,4,8,34,2,48,0,0,42,0,42,4,8,76,2,90,26,4,30,120
07/31/2023,TYR,TX,ASW,CE,Federal Contract Tower,5,8,15,0,28,0,3,44,1,48,5,11,59,1,76,38,0,38,114
08/01/2023,TYR,TX,ASW,CE,Federal Contract Tower,5,9,16,0,30,0,2,47,3,52,5,11,63,3,82,46,10,56,138
08/02/2023,TYR,TX,ASW,CE,Federal Contract Tower,4,7,32,0,43,0,5,34,0,39,4,12,66,0,82,14,0,14,96
08/03/2023,TYR,TX,ASW,CE,Federal Contract Tower,3,7,34,6,50,0,3,56,0,59,3,10,90,6,109,6,0,6,115
08/04/2023,TYR,TX,ASW,CE,Federal Contract Tower,5,10,14,0,29,0,7,44,0,51,5,17,58,0,80,30,0,30,110
08/05/2023,TYR,TX,ASW,CE,Federal Contract Tower,5,14,15,0,34,0,2,46,0,48,5,16,61,0,82,18,0,18,100
08/06/2023,TYR,TX,ASW,CE,Federal Contract Tower,5,2,25,0,32,0,2,43,0,45,5,4,68,0,77,0,0,0,77
08/07/2023,TYR,TX,ASW,CE,Federal Contract Tower,5,9,25,3,42,0,2,31,1,34,5,11,56,4,76,18,16,34,110
08/08/2023,TYR,TX,ASW,CE,Federal Contract Tower,5,11,21,0,37,0,4,21,0,25,5,15,42,0,62,24,0,24,86
08/09/2023,TYR,TX,ASW,CE,Federal Contract Tower,4,7,28,0,39,0,0,18,0,18,4,7,46,0,57,6,0,6,63
08/10/2023,TYR,TX,ASW,CE,Federal Contract Tower,4,10,20,0,34,0,1,31,0,32,4,11,51,0,66,14,0,14,80
08/11/2023,TYR,TX,ASW,CE,Federal Contract Tower,5,9,30,1,45,0,2,37,0,39,5,11,67,1,84,0,0,0,84
08/12/2023,TYR,TX,ASW,CE,Federal Contract Tower,5,11,14,4,34,0,2,10,0,12,5,13,24,4,46,6,0,6,52
08/13/2023,TYR,TX,ASW,CE,Federal Contract Tower,5,7,12,0,24,0,10,17,0,27,5,17,29,0,51,4,0,4,55
08/14/2023,TYR,TX,ASW,CE,Federal Contract Tower,5,5,20,0,30,0,2,38,1,41,5,7,58,1,71,42,0,42,113
08/15/2023,TYR,TX,ASW,CE,Federal Contract Tower,5,12,21,0,38,0,35,46,6,87,5,47,67,6,125,30,0,30,155
08/16/2023,TYR,TX,ASW,CE,Federal Contract Tower,5,9,20,0,34,0,4,48,0,52,5,13,68,0,86,22,0,22,108
08/17/2023,TYR,TX,ASW,CE,Federal Contract Tower,4,8,26,1,39,0,4,65,0,69,4,12,91,1,108,86,0,86,194
08/18/2023,TYR,TX,ASW,CE,Federal Contract Tower,5,7,31,2,45,0,6,61,0,67,5,13,92,2,112,52,22,74,186
08/19/2023,TYR,TX,ASW,CE,Federal Contract Tower,4,2,24,0,30,0,6,52,0,58,4,8,76,0,88,28,0,28,116
08/20/2023,TYR,TX,ASW,CE,Federal Contract Tower,5,4,15,0,24,0,2,34,0,36,5,6,49,0,60,24,0,24,84
08/21/2023,TYR,TX,ASW,CE,Federal Contract Tower,5,9,31,0,45,0,2,18,0,20,5,11,49,0,65,22,0,22,87
08/22/2023,TYR,TX,ASW,CE,Federal Contract Tower,3,13,23,0,39,0,6,18,0,24,3,19,41,0,63,14,0,14,77
08/23/2023,TYR,TX,ASW,CE,Federal Contract Tower,5,11,34,4,54,0,4,41,0,45,5,15,75,4,99,40,0,40,139
08/24/2023,TYR,TX,ASW,CE,Federal Contract Tower,4,9,23,0,36,0,4,32,0,36,4,13,55,0,72,8,0,8,80
08/25/2023,TYR,TX,ASW,CE,Federal Contract Tower,4,10,13,1,28,0,4,31,1,36,4,14,44,2,64,22,2,24,88
08/26/2023,TYR,TX,ASW,CE,Federal Contract Tower,6,9,19,2,36,0,2,38,1,41,6,11,57,3,77,36,0,36,113
08/27/2023,TYR,TX,ASW,CE,Federal Contract Tower,5,5,29,0,39,0,4,27,0,31,5,9,56,0,70,26,0,26,96
08/28/2023,TYR,TX,ASW,CE,Federal Contract Tower,3,8,35,0,46,0,0,17,0,17,3,8,52,0,63,12,0,12,75
08/29/2023,TYR,TX,ASW,CE,Federal Contract Tower,3,10,23,6,42,0,8,71,1,80,3,18,94,7,122,72,0,72,194
08/30/2023,TYR,TX,ASW,CE,Federal Contract Tower,4,5,25,4,38,0,8,48,0,56,4,13,73,4,94,24,12,36,130
08/31/2023,TYR,TX,ASW,CE,Federal Contract Tower,4,6,22,3,35,0,7,46,0,53,4,13,68,3,88,68,0,68,156
01/01/2020,TYR,TX,ASW,CE,Federal Contract Tower,8,4,9,0,21,0,7,14,0,21,8,11,23,0,42,22,0,22,64
01/02/2020,TYR,TX,ASW,CE,Federal Contract Tower,9,11,12,0,32,0,0,4,0,4,9,11,16,0,36,0,0,0,36
01/03/2020,TYR,TX,ASW,CE,Federal Contract Tower,8,5,24,0,37,0,2,4,0,6,8,7,28,0,43,0,0,0,43
01/04/2020,TYR,TX,ASW,CE,Federal Contract Tower,8,4,21,0,33,0,4,58,0,62,8,8,79,0,95,20,0,20,115
01/05/2020,TYR,TX,ASW,CE,Federal Contract Tower,7,5,14,0,26,0,3,36,0,39,7,8,50,0,65,60,0,60,125
01/06/2020,TYR,TX,ASW,CE,Federal Contract Tower,10,7,24,2,43,0,3,40,0,43,10,10,64,2,86,64,0,64,150
01/07/2020,TYR,TX,ASW,CE,Federal Contract Tower,7,3,31,0,41,0,0,48,1,49,7,3,79,1,90,26,0,26,116
01/08/2020,TYR,TX,ASW,CE,Federal Contract Tower,7,3,22,0,32,0,5,33,0,38,7,8,55,0,70,26,0,26,96
01/09/2020,TYR,TX,ASW,CE,Federal Contract Tower,8,4,17,0,29,0,2,2,0,4,8,6,19,0,33,0,0,0,33
01/10/2020,TYR,TX,ASW,CE,Federal Contract Tower,6,2,6,0,14,0,1,1,0,2,6,3,7,0,16,0,0,0,16
01/11/2020,TYR,TX,ASW,CE,Federal Contract Tower,7,2,10,0,19,0,0,9,0,9,7,2,19,0,28,4,0,4,32
01/12/2020,TYR,TX,ASW,CE,Federal Contract Tower,7,3,30,0,40,0,0,29,0,29,7,3,59,0,69,50,0,50,119
01/13/2020,TYR,TX,ASW,CE,Federal Contract Tower,11,9,30,0,50,0,0,20,0,20,11,9,50,0,70,48,0,48,118
01/14/2020,TYR,TX,ASW,CE,Federal Contract Tower,8,8,28,0,44,0,0,0,0,0,8,8,28,0,44,0,0,0,44
01/15/2020,TYR,TX,ASW,CE,Federal Contract Tower,8,6,26,0,40,0,3,5,0,8,8,9,31,0,48,4,0,4,52
01/16/2020,TYR,TX,ASW,CE,Federal Contract Tower,9,13,35,0,57,0,0,0,0,0,9,13,35,0,57,0,0,0,57
01/17/2020,TYR,TX,ASW,CE,Federal Contract Tower,11,5,29,0,45,0,0,0,0,0,11,5,29,0,45,4,0,4,49
01/18/2020,TYR,TX,ASW,CE,Federal Contract Tower,6,4,11,0,21,0,0,42,0,42,6,4,53,0,63,20,0,20,83
01/19/2020,TYR,TX,ASW,CE,Federal Contract Tower,7,1,13,0,21,0,1,67,0,68,7,2,80,0,89,4,0,4,93
01/20/2020,TYR,TX,ASW,CE,Federal Contract Tower,12,3,18,0,33,0,6,69,0,75,12,9,87,0,108,76,0,76,184
01/21/2020,TYR,TX,ASW,CE,Federal Contract Tower,7,8,40,0,55,0,4,65,0,69,7,12,105,0,124,32,0,32,156
01/22/2020,TYR,TX,ASW,CE,Federal Contract Tower,7,6,15,0,28,0,0,0,0,0,7,6,15,0,28,0,0,0,28
01/23/2020,TYR,TX,ASW,CE,Federal Contract Tower,7,6,20,0,33,0,5,11,2,18,7,11,31,2,51,2,0,2,53
01/24/2020,TYR,TX,ASW,CE,Federal Contract Tower,11,5,17,0,33,0,6,57,0,63,11,11,74,0,96,32,0,32,128
01/25/2020,TYR,TX,ASW,CE,Federal Contract Tower,7,5,14,0,26,0,2,71,0,73,7,7,85,0,99,26,0,26,125
01/26/2020,TYR,TX,ASW,CE,Federal Contract Tower,11,2,37,0,50,0,0,29,0,29,11,2,66,0,79,30,0,30,109
01/27/2020,TYR,TX,ASW,CE,Federal Contract Tower,8,8,22,0,38,0,5,45,0,50,8,13,67,0,88,66,0,66,154
01/28/2020,TYR,TX,ASW,CE,Federal Contract Tower,7,9,10,0,26,0,0,0,0,0,7,9,10,0,26,0,0,0,26
01/29/2020,TYR,TX,ASW,CE,Federal Contract Tower,7,12,28,0,47,0,0,2,0,2,7,12,30,0,49,0,0,0,49
01/30/2020,TYR,TX,ASW,CE,Federal Contract Tower,12,14,26,0,52,0,0,1,0,1,12,14,27,0,53,0,0,0,53
01/31/2020,TYR,TX,ASW,CE,Federal Contract Tower,11,7,33,0,51,0,6,23,0,29,11,13,56,0,80,24,0,24,104
02/01/2020,TYR,TX,ASW,CE,Federal Contract Tower,6,4,12,0,22,0,5,74,0,79,6,9,86,0,101,38,0,38,139
02/02/2020,TYR,TX,ASW,CE,Federal Contract Tower,7,0,22,0,29,0,9,46,0,55,7,9,68,0,84,52,0,52,136
02/03/2020,TYR,TX,ASW,CE,Federal Contract Tower,8,3,20,2,33,0,1,11,0,12,8,4,31,2,45,20,0,20,65
02/04/2020,TYR,TX,ASW,CE,Federal Contract Tower,7,6,12,0,25,0,5,2,0,7,7,11,14,0,32,0,0,0,32
02/05/2020,TYR,TX,ASW,CE,Federal Contract Tower,7,2,12,0,21,0,0,0,0,0,7,2,12,0,21,0,0,0,21
02/06/2020,TYR,TX,ASW,CE,Federal Contract Tower,8,7,16,0,31,0,6,19,0,25,8,13,35,0,56,18,0,18,74
02/07/2020,TYR,TX,ASW,CE,Federal Contract Tower,8,11,27,0,46,0,4,63,0,67,8,15,90,0,113,44,0,44,157
02/08/2020,TYR,TX,ASW,CE,Federal Contract Tower,7,6,23,0,36,0,6,80,0,86,7,12,103,0,122,6,0,6,128
02/09/2020,TYR,TX,ASW,CE,Federal Contract Tower,7,3,11,0,21,0,0,1,0,1,7,3,12,0,22,6,0,6,28
02/10/2020,TYR,TX,ASW,CE,Federal Contract Tower,10,3,13,0,26,0,0,0,0,0,10,3,13,0,26,0,0,0,26
02/11/2020,TYR,TX,ASW,CE,Federal Contract Tower,7,5,15,0,27,0,0,0,0,0,7,5,15,0,27,0,0,0,27
02/12/2020,TYR,TX,ASW,CE,Federal Contract Tower,7,6,21,0,34,0,0,1,0,1,7,6,22,0,35,0,0,0,35
02/13/2020,TYR,TX,ASW,CE,Federal Contract Tower,9,11,30,0,50,0,3,19,3,25,9,14,49,3,75,24,0,24,99
02/14/2020,TYR,TX,ASW,CE,Federal Contract Tower,7,7,24,0,38,0,8,67,2,77,7,15,91,2,115,76,0,76,191
02/15/2020,TYR,TX,ASW,CE,Federal Contract Tower,5,8,20,0,33,0,4,45,0,49,5,12,65,0,82,18,0,18,100
02/16/2020,TYR,TX,ASW,CE,Federal Contract Tower,8,3,28,0,39,0,4,43,0,47,8,7,71,0,86,12,0,12,98
02/17/2020,TYR,TX,ASW,CE,Federal Contract Tower,11,3,31,0,45,0,0,5,0,5,11,3,36,0,50,0,0,0,50
02/18/2020,TYR,TX,ASW,CE,Federal Contract Tower,6,11,18,0,35,0,0,0,0,0,6,11,18,0,35,0,0,0,35
02/19/2020,TYR,TX,ASW,CE,Federal Contract Tower,6,6,22,0,34,0,0,0,0,0,6,6,22,0,34,0,0,0,34
02/20/2020,TYR,TX,ASW,CE,Federal Contract Tower,7,4,19,0,30,0,1,4,0,5,7,5,23,0,35,0,0,0,35
02/21/2020,TYR,TX,ASW,CE,Federal Contract Tower,10,10,29,1,50,0,7,82,1,90,10,17,111,2,140,42,0,42,182
02/22/2020,TYR,TX,ASW,CE,Federal Contract Tower,7,4,17,4,32,0,4,64,0,68,7,8,81,4,100,34,0,34,134
02/23/2020,TYR,TX,ASW,CE,Federal Contract Tower,11,7,23,0,41,0,0,0,0,0,11,7,23,0,41,0,0,0,41
02/24/2020,TYR,TX,ASW,CE,Federal Contract Tower,9,7,26,2,44,0,3,18,0,21,9,10,44,2,65,6,0,6,71
02/25/2020,TYR,TX,ASW,CE,Federal Contract Tower,8,12,30,0,50,0,6,48,2,56,8,18,78,2,106,4,0,4,110
02/26/2020,TYR,TX,ASW,CE,Federal Contract Tower,6,8,17,0,31,0,1,15,0,16,6,9,32,0,47,4,0,4,51
02/27/2020,TYR,TX,ASW,CE,Federal Contract Tower,8,8,19,0,35,0,5,58,0,63,8,13,77,0,98,38,0,38,136
02/28/2020,TYR,TX,ASW,CE,Federal Contract Tower,10,4,25,0,39,0,9,85,0,94,10,13,110,0,133,44,0,44,177
02/29/2020,TYR,TX,ASW,CE,Federal Contract Tower,8,4,15,0,27,0,11,55,0,66,8,15,70,0,93,18,0,18,111
03/01/2020,TYR,TX,ASW,CE,Federal Contract Tower,7,4,11,0,22,0,7,3,0,10,7,11,14,0,32,0,0,0,32
03/02/2020,TYR,TX,ASW,CE,Federal Contract Tower,12,4,18,0,34,0,5,12,0,17,12,9,30,0,51,24,0,24,75
03/03/2020,TYR,TX,ASW,CE,Federal Contract Tower,7,7,22,0,36,0,0,11,0,11,7,7,33,0,47,12,0,12,59
03/04/2020,TYR,TX,ASW,CE,Federal Contract Tower,6,4,9,0,19,0,3,0,0,3,6,7,9,0,22,0,0,0,22
03/05/2020,TYR,TX,ASW,CE,Federal Contract Tower,7,5,41,0,53,0,9,100,0,109,7,14,141,0,162,76,0,76,238
03/06/2020,TYR,TX,ASW,CE,Federal Contract Tower,7,9,26,0,42,0,13,65,0,78,7,22,91,0,120,36,0,36,156
03/07/2020,TYR,TX,ASW,CE,Federal Contract Tower,2,6,23,0,31,0,6,87,4,97,2,12,110,4,128,72,0,72,200
03/08/2020,TYR,TX,ASW,CE,Federal Contract Tower,7,4,22,0,33,0,4,33,0,37,7,8,55,0,70,26,0,26,96
03/09/2020,TYR,TX,ASW,CE,Federal Contract Tower,9,8,17,0,34,0,0,1,0,1,9,8,18,0,35,8,0,8,43
03/10/2020,TYR,TX,ASW,CE,Federal Contract Tower,6,6,20,0,32,0,2,29,0,31,6,8,49,0,63,14,0,14,77
03/11/2020,TYR,TX,ASW,CE,Federal Contract Tower,5,6,42,0,53,0,3,16,0,19,5,9,58,0,72,4,0,4,76
03/12/2020,TYR,TX,ASW,CE,Federal Contract Tower,6,5,26,0,37,0,4,4,0,8,6,9,30,0,45,0,0,0,45
03/13/2020,TYR,TX,ASW,CE,Federal Contract Tower,6,7,14,0,27,0,5,9,0,14,6,12,23,0,41,14,0,14,55
03/14/2020,TYR,TX,ASW,CE,Federal Contract Tower,2,4,18,2,26,0,7,5,0,12,2,11,23,2,38,26,0,26,64
03/15/2020,TYR,TX,ASW,CE,Federal Contract Tower,10,1,11,0,22,0,0,3,0,3,10,1,14,0,25,0,0,0,25
03/16/2020,TYR,TX,ASW,CE,Federal Contract Tower,6,5,14,0,25,0,0,2,0,2,6,5,16,0,27,0,0,0,27
03/17/2020,TYR,TX,ASW,CE,Federal Contract Tower,3,12,12,0,27,0,2,0,0,2,3,14,12,0,29,0,0,0,29
03/18/2020,TYR,TX,ASW,CE,Federal Contract Tower,6,8,13,0,27,0,3,15,0,18,6,11,28,0,45,8,0,8,53
03/19/2020,TYR,TX,ASW,CE,Federal Contract Tower,3,5,5,0,13,0,2,6,0,8,3,7,11,0,21,2,0,2,23
03/20/2020,TYR,TX,ASW,CE,Federal Contract Tower,5,6,10,0,21,0,0,2,0,2,5,6,12,0,23,0,0,0,23
03/21/2020,TYR,TX,ASW,CE,Federal Contract Tower,2,2,10,0,14,0,0,6,0,6,2,2,16,0,20,18,0,18,38
03/22/2020,TYR,TX,ASW,CE,Federal Contract Tower,0,0,0,0,0,0,0,0,0,0,0,0,0,0,0,0,0,0,0
03/23/2020,TYR,TX,ASW,CE,Federal Contract Tower,8,3,11,0,22,0,0,1,0,1,8,3,12,0,23,0,0,0,23
03/24/2020,TYR,TX,ASW,CE,Federal Contract Tower,3,4,15,0,22,0,1,32,0,33,3,5,47,0,55,24,0,24,79
03/25/2020,TYR,TX,ASW,CE,Federal Contract Tower,2,5,17,0,24,0,8,74,0,82,2,13,91,0,106,58,0,58,164
03/26/2020,TYR,TX,ASW,CE,Federal Contract Tower,2,3,5,0,10,0,6,39,0,45,2,9,44,0,55,26,0,26,81
03/27/2020,TYR,TX,ASW,CE,Federal Contract Tower,4,2,17,2,25,0,9,18,2,29,4,11,35,4,54,22,0,22,76
03/28/2020,TYR,TX,ASW,CE,Federal Contract Tower,3,5,0,0,8,0,0,8,0,8,3,5,8,0,16,20,0,20,36
03/29/2020,TYR,TX,ASW,CE,Federal Contract Tower,2,3,6,0,11,0,0,62,0,62,2,3,68,0,73,26,0,26,99
03/30/2020,TYR,TX,ASW,CE,Federal Contract Tower,3,3,4,0,10,0,0,3,0,3,3,3,7,0,13,0,0,0,13
03/31/2020,TYR,TX,ASW,CE,Federal Contract Tower,1,5,23,0,29,0,1,16,0,17,1,6,39,0,46,36,0,36,82
04/01/2020,TYR,TX,ASW,CE,Federal Contract Tower,7,3,8,0,18,0,2,72,0,74,7,5,80,0,92,52,0,52,144
04/02/2020,TYR,TX,ASW,CE,Federal Contract Tower,4,6,10,0,20,0,2,8,0,10,4,8,18,0,30,2,0,2,32
04/03/2020,TYR,TX,ASW,CE,Federal Contract Tower,4,4,4,0,12,0,0,0,0,0,4,4,4,0,12,0,0,0,12
04/04/2020,TYR,TX,ASW,CE,Federal Contract Tower,0,5,1,0,6,0,0,0,0,0,0,5,1,0,6,0,0,0,6
04/05/2020,TYR,TX,ASW,CE,Federal Contract Tower,2,9,25,0,36,0,0,6,0,6,2,9,31,0,42,4,0,4,46
04/06/2020,TYR,TX,ASW,CE,Federal Contract Tower,5,3,14,0,22,0,0,23,0,23,5,3,37,0,45,10,0,10,55
04/07/2020,TYR,TX,ASW,CE,Federal Contract Tower,6,4,6,0,16,0,8,35,0,43,6,12,41,0,59,28,0,28,87
04/08/2020,TYR,TX,ASW,CE,Federal Contract Tower,4,3,3,0,10,0,6,30,0,36,4,9,33,0,46,30,0,30,76
04/09/2020,TYR,TX,ASW,CE,Federal Contract Tower,4,4,6,0,14,0,3,16,0,19,4,7,22,0,33,10,0,10,43
04/10/2020,TYR,TX,ASW,CE,Federal Contract Tower,3,2,4,0,9,0,6,56,0,62,3,8,60,0,71,36,0,36,107
04/11/2020,TYR,TX,ASW,CE,Federal Contract Tower,3,1,7,0,11,0,4,4,0,8,3,5,11,0,19,0,0,0,19
04/12/2020,TYR,TX,ASW,CE,Federal Contract Tower,2,1,7,0,10,0,0,3,0,3,2,1,10,0,13,0,0,0,13
04/13/2020,TYR,TX,ASW,CE,Federal Contract Tower,3,3,17,0,23,0,0,42,0,42,3,3,59,0,65,16,0,16,81
04/14/2020,TYR,TX,ASW,CE,Federal Contract Tower,3,4,16,0,23,0,3,30,0,33,3,7,46,0,56,24,0,24,80
04/15/2020,TYR,TX,ASW,CE,Federal Contract Tower,2,4,14,0,20,0,3,61,0,64,2,7,75,0,84,16,0,16,100
04/16/2020,TYR,TX,ASW,CE,Federal Contract Tower,4,3,11,0,18,0,9,57,0,66,4,12,68,0,84,42,0,42,126
04/17/2020,TYR,TX,ASW,CE,Federal Contract Tower,6,2,20,0,28,0,1,7,0,8,6,3,27,0,36,6,0,6,42
04/18/2020,TYR,TX,ASW,CE,Federal Contract Tower,2,3,9,0,14,0,8,30,0,38,2,11,39,0,52,64,0,64,116
04/19/2020,TYR,TX,ASW,CE,Federal Contract Tower,2,2,7,0,11,0,0,10,0,10,2,2,17,0,21,12,0,12,33
04/20/2020,TYR,TX,ASW,CE,Federal Contract Tower,2,4,7,0,13,0,2,37,0,39,2,6,44,0,52,46,0,46,98
04/21/2020,TYR,TX,ASW,CE,Federal Contract Tower,1,3,9,0,13,0,7,54,0,61,1,10,63,0,74,40,0,40,114
04/22/2020,TYR,TX,ASW,CE,Federal Contract Tower,3,3,5,0,11,0,1,2,0,3,3,4,7,0,14,6,0,6,20
04/23/2020,TYR,TX,ASW,CE,Federal Contract Tower,4,4,13,0,21,0,11,56,0,67,4,15,69,0,88,16,0,16,104
04/24/2020,TYR,TX,ASW,CE,Federal Contract Tower,4,2,4,0,10,0,3,37,0,40,4,5,41,0,50,16,0,16,66
04/25/2020,TYR,TX,ASW,CE,Federal Contract Tower,2,5,11,0,18,0,6,46,0,52,2,11,57,0,70,14,0,14,84
04/26/2020,TYR,TX,ASW,CE,Federal Contract Tower,4,0,19,0,23,0,0,71,0,71,4,0,90,0,94,16,0,16,110
04/27/2020,TYR,TX,ASW,CE,Federal Contract Tower,3,2,16,0,21,0,2,13,0,15,3,4,29,0,36,10,0,10,46
04/28/2020,TYR,TX,ASW,CE,Federal Contract Tower,4,5,11,0,20,0,3,10,0,13,4,8,21,0,33,0,0,0,33
04/29/2020,TYR,TX,ASW,CE,Federal Contract Tower,2,3,10,0,15,0,1,35,0,36,2,4,45,0,51,4,0,4,55
04/30/2020,TYR,TX,ASW,CE,Federal Contract Tower,2,6,20,0,28,0,13,105,0,118,2,19,125,0,146,30,0,30,176
05/01/2020,TYR,TX,ASW,CE,Federal Contract Tower,1,3,25,3,32,0,0,35,0,35,1,3,60,3,67,52,2,54,121
05/02/2020,TYR,TX,ASW,CE,Federal Contract Tower,3,3,9,0,15,0,0,29,0,29,3,3,38,0,44,32,0,32,76
05/03/2020,TYR,TX,ASW,CE,Federal Contract Tower,1,0,11,0,12,0,2,29,0,31,1,2,40,0,43,0,0,0,43
05/04/2020,TYR,TX,ASW,CE,Federal Contract Tower,3,2,6,0,11,0,1,35,0,36,3,3,41,0,47,16,0,16,63
05/05/2020,TYR,TX,ASW,CE,Federal Contract Tower,4,1,13,0,18,0,2,32,0,34,4,3,45,0,52,20,0,20,72
05/06/2020,TYR,TX,ASW,CE,Federal Contract Tower,2,3,13,0,18,0,6,80,0,86,2,9,93,0,104,38,0,38,142
05/07/2020,TYR,TX,ASW,CE,Federal Contract Tower,5,2,24,0,31,0,1,43,0,44,5,3,67,0,75,24,0,24,99
05/08/2020,TYR,TX,ASW,CE,Federal Contract Tower,4,6,17,0,27,0,1,17,0,18,4,7,34,0,45,4,0,4,49
05/09/2020,TYR,TX,ASW,CE,Federal Contract Tower,4,3,11,0,18,0,2,64,0,66,4,5,75,0,84,34,0,34,118
05/10/2020,TYR,TX,ASW,CE,Federal Contract Tower,5,4,17,0,26,0,1,55,0,56,5,5,72,0,82,10,0,10,92
05/11/2020,TYR,TX,ASW,CE,Federal Contract Tower,4,4,14,0,22,0,1,2,0,3,4,5,16,0,25,46,0,46,71
05/12/2020,TYR,TX,ASW,CE,Federal Contract Tower,4,4,5,0,13,0,2,11,0,13,4,6,16,0,26,2,0,2,28
05/13/2020,TYR,TX,ASW,CE,Federal Contract Tower,4,6,24,0,34,0,3,20,0,23,4,9,44,0,57,48,0,48,105
05/14/2020,TYR,TX,ASW,CE,Federal Contract Tower,4,5,22,0,31,0,8,37,0,45,4,13,59,0,76,72,0,72,148
05/15/2020,TYR,TX,ASW,CE,Federal Contract Tower,3,2,31,0,36,0,6,17,0,23,3,8,48,0,59,44,0,44,103
05/16/2020,TYR,TX,ASW,CE,Federal Contract Tower,3,3,2,0,8,0,0,0,0,0,3,3,2,0,8,0,0,0,8
05/17/2020,TYR,TX,ASW,CE,Federal Contract Tower,6,2,19,0,27,0,5,22,0,27,6,7,41,0,54,14,0,14,68
05/18/2020,TYR,TX,ASW,CE,Federal Contract Tower,4,2,21,0,27,0,8,65,0,73,4,10,86,0,100,56,0,56,156
05/19/2020,TYR,TX,ASW,CE,Federal Contract Tower,4,5,16,0,25,0,4,66,0,70,4,9,82,0,95,46,0,46,141
05/20/2020,TYR,TX,ASW,CE,Federal Contract Tower,4,5,27,0,36,0,2,19,0,21,4,7,46,0,57,22,0,22,79
05/21/2020,TYR,TX,ASW,CE,Federal Contract Tower,4,4,33,0,41,0,4,5,0,9,4,8,38,0,50,0,0,0,50
05/22/2020,TYR,TX,ASW,CE,Federal Contract Tower,4,5,23,0,32,0,2,10,0,12,4,7,33,0,44,10,0,10,54
05/23/2020,TYR,TX,ASW,CE,Federal Contract Tower,4,6,11,0,21,0,1,31,0,32,4,7,42,0,53,8,0,8,61
05/24/2020,TYR,TX,ASW,CE,Federal Contract Tower,6,0,9,0,15,0,0,6,0,6,6,0,15,0,21,0,0,0,21
05/25/2020,TYR,TX,ASW,CE,Federal Contract Tower,4,2,21,0,27,0,0,4,0,4,4,2,25,0,31,0,0,0,31
05/26/2020,TYR,TX,ASW,CE,Federal Contract Tower,4,3,14,0,21,0,1,21,0,22,4,4,35,0,43,8,0,8,51
05/27/2020,TYR,TX,ASW,CE,Federal Contract Tower,4,5,12,0,21,0,2,36,2,40,4,7,48,2,61,36,0,36,97
05/28/2020,TYR,TX,ASW,CE,Federal Contract Tower,4,3,18,0,25,0,0,41,0,41,4,3,59,0,66,10,0,10,76
05/29/2020,TYR,TX,ASW,CE,Federal Contract Tower,4,7,6,0,17,0,9,76,0,85,4,16,82,0,102,58,0,58,160
05/30/2020,TYR,TX,ASW,CE,Federal Contract Tower,4,2,16,0,22,0,9,64,0,73,4,11,80,0,95,32,0,32,127
05/31/2020,TYR,TX,ASW,CE,Federal Contract Tower,6,5,17,0,28,0,7,55,0,62,6,12,72,0,90,4,0,4,94
06/01/2020,TYR,TX,ASW,CE,Federal Contract Tower,4,2,24,0,30,0,3,52,0,55,4,5,76,0,85,6,0,6,91
06/02/2020,TYR,TX,ASW,CE,Federal Contract Tower,3,7,12,0,22,0,7,35,0,42,3,14,47,0,64,16,0,16,80
06/03/2020,TYR,TX,ASW,CE,Federal Contract Tower,4,4,23,0,31,0,5,64,0,69,4,9,87,0,100,40,0,40,140
06/04/2020,TYR,TX,ASW,CE,Federal Contract Tower,4,10,16,0,30,0,4,50,0,54,4,14,66,0,84,10,0,10,94
06/05/2020,TYR,TX,ASW,CE,Federal Contract Tower,4,3,22,0,29,0,5,80,0,85,4,8,102,0,114,58,0,58,172
06/06/2020,TYR,TX,ASW,CE,Federal Contract Tower,3,2,32,0,37,0,3,53,0,56,3,5,85,0,93,56,0,56,149
06/07/2020,TYR,TX,ASW,CE,Federal Contract Tower,4,3,19,0,26,0,8,33,0,41,4,11,52,0,67,10,0,10,77
06/08/2020,TYR,TX,ASW,CE,Federal Contract Tower,4,4,9,0,17,0,3,44,0,47,4,7,53,0,64,26,0,26,90
06/09/2020,TYR,TX,ASW,CE,Federal Contract Tower,4,10,22,0,36,0,4,21,0,25,4,14,43,0,61,6,0,6,67
06/10/2020,TYR,TX,ASW,CE,Federal Contract Tower,4,5,17,0,26,0,5,53,0,58,4,10,70,0,84,20,0,20,104
06/11/2020,TYR,TX,ASW,CE,Federal Contract Tower,4,5,35,0,44,0,6,75,0,81,4,11,110,0,125,38,0,38,163
06/12/2020,TYR,TX,ASW,CE,Federal Contract Tower,4,7,21,0,32,0,3,65,2,70,4,10,86,2,102,34,4,38,140
06/13/2020,TYR,TX,ASW,CE,Federal Contract Tower,4,6,12,0,22,0,2,63,0,65,4,8,75,0,87,24,0,24,111
06/14/2020,TYR,TX,ASW,CE,Federal Contract Tower,4,1,14,0,19,0,4,44,0,48,4,5,58,0,67,4,0,4,71
06/15/2020,TYR,TX,ASW,CE,Federal Contract Tower,4,2,15,0,21,0,7,53,0,60,4,9,68,0,81,46,0,46,127
06/16/2020,TYR,TX,ASW,CE,Federal Contract Tower,4,6,21,0,31,0,10,42,0,52,4,16,63,0,83,20,0,20,103
06/17/2020,TYR,TX,ASW,CE,Federal Contract Tower,4,6,8,0,18,0,4,59,2,65,4,10,67,2,83,24,0,24,107
06/18/2020,TYR,TX,ASW,CE,Federal Contract Tower,5,5,20,0,30,0,7,65,0,72,5,12,85,0,102,40,0,40,142
06/19/2020,TYR,TX,ASW,CE,Federal Contract Tower,4,5,13,0,22,0,7,41,0,48,4,12,54,0,70,28,0,28,98
06/20/2020,TYR,TX,ASW,CE,Federal Contract Tower,4,5,15,0,24,0,2,40,0,42,4,7,55,0,66,40,0,40,106
06/21/2020,TYR,TX,ASW,CE,Federal Contract Tower,4,3,18,0,25,0,2,12,0,14,4,5,30,0,39,2,0,2,41
06/22/2020,TYR,TX,ASW,CE,Federal Contract Tower,5,4,10,0,19,0,3,26,0,29,5,7,36,0,48,14,0,14,62
06/23/2020,TYR,TX,ASW,CE,Federal Contract Tower,4,5,17,0,26,0,11,13,2,26,4,16,30,2,52,0,0,0,52
06/24/2020,TYR,TX,ASW,CE,Federal Contract Tower,4,8,23,0,35,0,3,19,0,22,4,11,42,0,57,0,0,0,57
06/25/2020,TYR,TX,ASW,CE,Federal Contract Tower,4,9,28,0,41,0,3,20,2,25,4,12,48,2,66,0,0,0,66
06/26/2020,TYR,TX,ASW,CE,Federal Contract Tower,4,3,36,0,43,0,4,3,0,7,4,7,39,0,50,0,0,0,50
06/27/2020,TYR,TX,ASW,CE,Federal Contract Tower,4,8,29,0,41,0,2,11,0,13,4,10,40,0,54,0,0,0,54
06/28/2020,TYR,TX,ASW,CE,Federal Contract Tower,4,5,12,0,21,0,2,10,0,12,4,7,22,0,33,6,0,6,39
06/29/2020,TYR,TX,ASW,CE,Federal Contract Tower,4,4,24,0,32,0,3,23,0,26,4,7,47,0,58,24,0,24,82
06/30/2020,TYR,TX,ASW,CE,Federal Contract Tower,4,5,20,0,29,0,2,24,0,26,4,7,44,0,55,10,0,10,65
07/01/2020,TYR,TX,ASW,CE,Federal Contract Tower,4,10,36,0,50,0,6,28,0,34,4,16,64,0,84,24,0,24,108
07/02/2020,TYR,TX,ASW,CE,Federal Contract Tower,3,6,30,1,40,0,1,37,4,42,3,7,67,5,82,45,22,67,149
07/03/2020,TYR,TX,ASW,CE,Federal Contract Tower,4,2,21,0,27,0,0,99,9,108,4,2,120,9,135,18,8,26,161
07/04/2020,TYR,TX,ASW,CE,Federal Contract Tower,4,0,5,0,9,0,2,77,10,89,4,2,82,10,98,0,14,14,112
07/05/2020,TYR,TX,ASW,CE,Federal Contract Tower,3,2,15,0,20,0,1,29,0,30,3,3,44,0,50,6,0,6,56
07/06/2020,TYR,TX,ASW,CE,Federal Contract Tower,4,10,18,1,33,0,1,6,0,7,4,11,24,1,40,0,0,0,40
07/07/2020,TYR,TX,ASW,CE,Federal Contract Tower,4,8,7,5,24,0,1,5,0,6,4,9,12,5,30,4,0,4,34
07/08/2020,TYR,TX,ASW,CE,Federal Contract Tower,4,10,18,1,33,0,4,24,0,28,4,14,42,1,61,14,0,14,75
07/09/2020,TYR,TX,ASW,CE,Federal Contract Tower,4,3,39,0,46,0,7,59,0,66,4,10,98,0,112,16,0,16,128
07/10/2020,TYR,TX,ASW,CE,Federal Contract Tower,4,5,20,0,29,0,13,53,0,66,4,18,73,0,95,10,0,10,105
07/11/2020,TYR,TX,ASW,CE,Federal Contract Tower,4,4,15,0,23,0,1,79,0,80,4,5,94,0,103,44,0,44,147
07/12/2020,TYR,TX,ASW,CE,Federal Contract Tower,4,2,19,0,25,0,1,38,0,39,4,3,57,0,64,14,0,14,78
07/13/2020,TYR,TX,ASW,CE,Federal Contract Tower,4,7,12,0,23,0,1,44,0,45,4,8,56,0,68,20,0,20,88
07/14/2020,TYR,TX,ASW,CE,Federal Contract Tower,4,7,15,0,26,0,4,50,0,54,4,11,65,0,80,14,0,14,94
07/15/2020,TYR,TX,ASW,CE,Federal Contract Tower,4,11,20,2,37,0,5,53,3,61,4,16,73,5,98,54,0,54,152
07/16/2020,TYR,TX,ASW,CE,Federal Contract Tower,3,4,24,0,31,0,5,53,0,58,3,9,77,0,89,82,0,82,171
07/17/2020,TYR,TX,ASW,CE,Federal Contract Tower,4,7,12,0,23,0,5,59,0,64,4,12,71,0,87,8,0,8,95
07/18/2020,TYR,TX,ASW,CE,Federal Contract Tower,3,2,13,0,18,0,15,51,0,66,3,17,64,0,84,36,0,36,120
07/19/2020,TYR,TX,ASW,CE,Federal Contract Tower,4,2,22,0,28,0,5,55,0,60,4,7,77,0,88,28,0,28,116
07/20/2020,TYR,TX,ASW,CE,Federal Contract Tower,4,3,19,0,26,0,3,54,0,57,4,6,73,0,83,30,0,30,113
07/21/2020,TYR,TX,ASW,CE,Federal Contract Tower,3,5,14,0,22,0,3,16,0,19,3,8,30,0,41,0,0,0,41
07/22/2020,TYR,TX,ASW,CE,Federal Contract Tower,2,6,16,0,24,0,4,11,0,15,2,10,27,0,39,2,0,2,41
07/23/2020,TYR,TX,ASW,CE,Federal Contract Tower,4,7,21,0,32,0,1,52,0,53,4,8,73,0,85,28,0,28,113
07/24/2020,TYR,TX,ASW,CE,Federal Contract Tower,4,5,22,0,31,0,4,46,0,50,4,9,68,0,81,38,0,38,119
07/25/2020,TYR,TX,ASW,CE,Federal Contract Tower,4,8,12,2,26,0,0,17,0,17,4,8,29,2,43,28,0,28,71
07/26/2020,TYR,TX,ASW,CE,Federal Contract Tower,5,7,8,0,20,0,0,19,0,19,5,7,27,0,39,0,0,0,39
07/27/2020,TYR,TX,ASW,CE,Federal Contract Tower,4,9,33,0,46,0,1,21,0,22,4,10,54,0,68,32,0,32,100
07/28/2020,TYR,TX,ASW,CE,Federal Contract Tower,4,6,13,0,23,0,5,19,0,24,4,11,32,0,47,4,0,4,51
07/29/2020,TYR,TX,ASW,CE,Federal Contract Tower,4,6,15,0,25,0,1,41,0,42,4,7,56,0,67,16,0,16,83
07/30/2020,TYR,TX,ASW,CE,Federal Contract Tower,4,6,29,0,39,0,7,58,0,65,4,13,87,0,104,36,0,36,140
07/31/2020,TYR,TX,ASW,CE,Federal Contract Tower,4,11,26,0,41,0,4,42,0,46,4,15,68,0,87,32,0,32,119
08/01/2020,TYR,TX,ASW,CE,Federal Contract Tower,4,6,18,0,28,0,4,65,0,69,4,10,83,0,97,8,0,8,105
08/02/2020,TYR,TX,ASW,CE,Federal Contract Tower,4,4,16,0,24,0,4,61,0,65,4,8,77,0,89,28,0,28,117
08/03/2020,TYR,TX,ASW,CE,Federal Contract Tower,4,2,11,0,17,0,3,58,1,62,4,5,69,1,79,0,0,0,79
08/04/2020,TYR,TX,ASW,CE,Federal Contract Tower,4,5,17,0,26,0,6,45,0,51,4,11,62,0,77,48,0,48,125
08/05/2020,TYR,TX,ASW,CE,Federal Contract Tower,4,9,13,0,26,0,8,14,0,22,4,17,27,0,48,12,0,12,60
08/06/2020,TYR,TX,ASW,CE,Federal Contract Tower,5,10,12,0,27,0,4,53,0,57,5,14,65,0,84,54,0,54,138
08/07/2020,TYR,TX,ASW,CE,Federal Contract Tower,5,1,21,0,27,0,6,50,2,58,5,7,71,2,85,26,0,26,111
08/08/2020,TYR,TX,ASW,CE,Federal Contract Tower,4,3,12,0,19,0,2,52,0,54,4,5,64,0,73,0,0,0,73
08/09/2020,TYR,TX,ASW,CE,Federal Contract Tower,4,2,24,0,30,0,0,41,0,41,4,2,65,0,71,12,0,12,83
08/10/2020,TYR,TX,ASW,CE,Federal Contract Tower,4,6,16,0,26,0,1,39,0,40,4,7,55,0,66,20,0,20,86
08/11/2020,TYR,TX,ASW,CE,Federal Contract Tower,4,7,14,0,25,0,4,23,0,27,4,11,37,0,52,6,0,6,58
08/12/2020,TYR,TX,ASW,CE,Federal Contract Tower,4,3,18,2,27,0,1,42,0,43,4,4,60,2,70,34,0,34,104
08/13/2020,TYR,TX,ASW,CE,Federal Contract Tower,4,8,26,0,38,0,1,54,0,55,4,9,80,0,93,28,0,28,121
08/14/2020,TYR,TX,ASW,CE,Federal Contract Tower,7,2,19,0,28,0,3,49,0,52,7,5,68,0,80,34,0,34,114
08/15/2020,TYR,TX,ASW,CE,Federal Contract Tower,4,7,11,0,22,0,3,50,0,53,4,10,61,0,75,6,0,6,81
08/16/2020,TYR,TX,ASW,CE,Federal Contract Tower,5,5,18,0,28,0,4,37,0,41,5,9,55,0,69,18,0,18,87
08/17/2020,TYR,TX,ASW,CE,Federal Contract Tower,6,9,20,0,35,0,3,25,0,28,6,12,45,0,63,0,0,0,63
08/18/2020,TYR,TX,ASW,CE,Federal Contract Tower,4,7,9,0,20,0,2,48,0,50,4,9,57,0,70,4,0,4,74
08/19/2020,TYR,TX,ASW,CE,Federal Contract Tower,4,3,18,0,25,0,11,44,0,55,4,14,62,0,80,36,0,36,116
08/20/2020,TYR,TX,ASW,CE,Federal Contract Tower,4,6,24,2,36,0,4,35,0,39,4,10,59,2,75,12,0,12,87
08/21/2020,TYR,TX,ASW,CE,Federal Contract Tower,4,7,18,0,29,0,11,42,0,53,4,18,60,0,82,0,0,0,82
08/22/2020,TYR,TX,ASW,CE,Federal Contract Tower,4,5,12,0,21,0,4,82,0,86,4,9,94,0,107,62,0,62,169
08/23/2020,TYR,TX,ASW,CE,Federal Contract Tower,4,5,13,0,22,0,4,25,0,29,4,9,38,0,51,4,0,4,55
08/24/2020,TYR,TX,ASW,CE,Federal Contract Tower,4,6,24,0,34,0,4,37,0,41,4,10,61,0,75,4,0,4,79
08/25/2020,TYR,TX,ASW,CE,Federal Contract Tower,4,22,18,0,44,0,9,39,0,48,4,31,57,0,92,42,0,42,134
08/26/2020,TYR,TX,ASW,CE,Federal Contract Tower,2,11,7,0,20,0,1,15,0,16,2,12,22,0,36,0,0,0,36
08/27/2020,TYR,TX,ASW,CE,Federal Contract Tower,3,3,4,0,10,0,4,22,0,26,3,7,26,0,36,0,0,0,36
08/28/2020,TYR,TX,ASW,CE,Federal Contract Tower,4,6,27,0,37,0,7,20,0,27,4,13,47,0,64,0,0,0,64
08/29/2020,TYR,TX,ASW,CE,Federal Contract Tower,4,6,7,0,17,0,6,51,0,57,4,12,58,0,74,24,0,24,98
08/30/2020,TYR,TX,ASW,CE,Federal Contract Tower,4,6,10,0,20,0,0,30,0,30,4,6,40,0,50,10,0,10,60
08/31/2020,TYR,TX,ASW,CE,Federal Contract Tower,4,5,20,0,29,0,6,30,0,36,4,11,50,0,65,48,0,48,113
09/01/2020,TYR,TX,ASW,CE,Federal Contract Tower,2,5,15,2,24,0,4,8,0,12,2,9,23,2,36,0,0,0,36
09/02/2020,TYR,TX,ASW,CE,Federal Contract Tower,4,6,16,0,26,0,2,2,0,4,4,8,18,0,30,0,0,0,30
09/03/2020,TYR,TX,ASW,CE,Federal Contract Tower,5,7,27,0,39,0,1,6,0,7,5,8,33,0,46,0,0,0,46
09/04/2020,TYR,TX,ASW,CE,Federal Contract Tower,3,10,33,0,46,0,2,23,0,25,3,12,56,0,71,4,0,4,75
09/05/2020,TYR,TX,ASW,CE,Federal Contract Tower,5,6,14,0,25,0,0,32,0,32,5,6,46,0,57,28,0,28,85
09/06/2020,TYR,TX,ASW,CE,Federal Contract Tower,4,3,16,0,23,0,0,35,0,35,4,3,51,0,58,26,0,26,84
09/07/2020,TYR,TX,ASW,CE,Federal Contract Tower,4,4,19,0,27,0,6,56,0,62,4,10,75,0,89,44,0,44,133
09/08/2020,TYR,TX,ASW,CE,Federal Contract Tower,4,11,25,0,40,0,0,20,0,20,4,11,45,0,60,6,0,6,66
09/09/2020,TYR,TX,ASW,CE,Federal Contract Tower,3,7,19,0,29,0,3,40,0,43,3,10,59,0,72,12,0,12,84
09/10/2020,TYR,TX,ASW,CE,Federal Contract Tower,5,10,47,0,62,0,1,1,0,2,5,11,48,0,64,0,0,0,64
09/11/2020,TYR,TX,ASW,CE,Federal Contract Tower,3,20,21,0,44,0,1,29,0,30,3,21,50,0,74,14,0,14,88
09/12/2020,TYR,TX,ASW,CE,Federal Contract Tower,4,2,14,0,20,0,1,45,2,48,4,3,59,2,68,32,0,32,100
09/13/2020,TYR,TX,ASW,CE,Federal Contract Tower,4,4,17,0,25,0,0,52,0,52,4,4,69,0,77,22,0,22,99
09/14/2020,TYR,TX,ASW,CE,Federal Contract Tower,4,3,35,0,42,0,0,31,0,31,4,3,66,0,73,22,0,22,95
09/15/2020,TYR,TX,ASW,CE,Federal Contract Tower,4,22,24,0,50,0,3,41,0,44,4,25,65,0,94,26,0,26,120
09/16/2020,TYR,TX,ASW,CE,Federal Contract Tower,3,8,36,0,47,0,1,54,0,55,3,9,90,0,102,22,0,22,124
09/17/2020,TYR,TX,ASW,CE,Federal Contract Tower,4,4,25,2,35,0,2,23,0,25,4,6,48,2,60,0,0,0,60
09/18/2020,TYR,TX,ASW,CE,Federal Contract Tower,4,4,31,0,39,0,8,33,0,41,4,12,64,0,80,18,0,18,98
09/19/2020,TYR,TX,ASW,CE,Federal Contract Tower,4,4,10,0,18,0,1,40,0,41,4,5,50,0,59,16,0,16,75
09/20/2020,TYR,TX,ASW,CE,Federal Contract Tower,4,3,19,0,26,0,4,23,0,27,4,7,42,0,53,6,0,6,59
09/21/2020,TYR,TX,ASW,CE,Federal Contract Tower,4,8,3,0,15,0,0,2,0,2,4,8,5,0,17,0,0,0,17
09/22/2020,TYR,TX,ASW,CE,Federal Contract Tower,7,7,22,0,36,0,0,0,0,0,7,7,22,0,36,0,0,0,36
09/23/2020,TYR,TX,ASW,CE,Federal Contract Tower,4,5,26,0,35,0,1,0,0,1,4,6,26,0,36,0,0,0,36
09/24/2020,TYR,TX,ASW,CE,Federal Contract Tower,4,9,33,0,46,0,2,24,0,26,4,11,57,0,72,16,0,16,88
09/25/2020,TYR,TX,ASW,CE,Federal Contract Tower,4,9,35,0,48,0,3,52,2,57,4,12,87,2,105,62,0,62,167
09/26/2020,TYR,TX,ASW,CE,Federal Contract Tower,4,2,31,0,37,0,2,29,0,31,4,4,60,0,68,22,0,22,90
09/27/2020,TYR,TX,ASW,CE,Federal Contract Tower,4,4,33,0,41,0,0,18,0,18,4,4,51,0,59,4,0,4,63
09/28/2020,TYR,TX,ASW,CE,Federal Contract Tower,3,5,36,0,44,0,3,24,0,27,3,8,60,0,71,32,0,32,103
09/29/2020,TYR,TX,ASW,CE,Federal Contract Tower,4,10,30,0,44,0,0,42,0,42,4,10,72,0,86,0,0,0,86
09/30/2020,TYR,TX,ASW,CE,Federal Contract Tower,4,12,20,0,36,0,4,60,0,64,4,16,80,0,100,48,0,48,148
10/01/2020,TYR,TX,ASW,CE,Federal Contract Tower,4,6,17,1,28,4,58,1,0,63,8,64,18,1,91,56,4,60,151
10/02/2020,TYR,TX,ASW,CE,Federal Contract Tower,4,4,32,0,40,0,8,41,0,49,4,12,73,0,89,12,0,12,101
10/03/2020,TYR,TX,ASW,CE,Federal Contract Tower,4,4,19,0,27,0,1,101,0,102,4,5,120,0,129,8,0,8,137
10/04/2020,TYR,TX,ASW,CE,Federal Contract Tower,4,1,23,0,28,0,3,38,0,41,4,4,61,0,69,42,0,42,111
10/05/2020,TYR,TX,ASW,CE,Federal Contract Tower,4,8,16,0,28,0,4,51,0,55,4,12,67,0,83,64,0,64,147
10/06/2020,TYR,TX,ASW,CE,Federal Contract Tower,4,15,25,0,44,0,13,74,0,87,4,28,99,0,131,34,0,34,165
10/07/2020,TYR,TX,ASW,CE,Federal Contract Tower,6,12,27,0,45,0,10,48,0,58,6,22,75,0,103,14,0,14,117
10/08/2020,TYR,TX,ASW,CE,Federal Contract Tower,6,5,44,0,55,0,4,20,0,24,6,9,64,0,79,28,0,28,107
10/09/2020,TYR,TX,ASW,CE,Federal Contract Tower,5,7,27,0,39,0,1,4,0,5,5,8,31,0,44,0,0,0,44
10/10/2020,TYR,TX,ASW,CE,Federal Contract Tower,3,2,14,0,19,0,0,52,0,52,3,2,66,0,71,24,0,24,95
10/11/2020,TYR,TX,ASW,CE,Federal Contract Tower,6,6,13,0,25,0,3,44,0,47,6,9,57,0,72,24,0,24,96
10/12/2020,TYR,TX,ASW,CE,Federal Contract Tower,8,1,31,0,40,0,9,31,0,40,8,10,62,0,80,26,0,26,106
10/13/2020,TYR,TX,ASW,CE,Federal Contract Tower,6,5,22,1,34,0,7,79,0,86,6,12,101,1,120,28,0,28,148
10/14/2020,TYR,TX,ASW,CE,Federal Contract Tower,7,9,15,2,33,0,3,52,0,55,7,12,67,2,88,12,0,12,100
10/15/2020,TYR,TX,ASW,CE,Federal Contract Tower,6,7,56,0,69,0,5,5,0,10,6,12,61,0,79,6,0,6,85
10/16/2020,TYR,TX,ASW,CE,Federal Contract Tower,6,7,21,0,34,0,5,39,0,44,6,12,60,0,78,10,0,10,88
10/17/2020,TYR,TX,ASW,CE,Federal Contract Tower,4,4,27,0,35,0,2,20,0,22,4,6,47,0,57,12,0,12,69
10/18/2020,TYR,TX,ASW,CE,Federal Contract Tower,5,6,21,0,32,0,0,10,0,10,5,6,31,0,42,0,0,0,42
10/19/2020,TYR,TX,ASW,CE,Federal Contract Tower,6,7,34,0,47,0,4,26,0,30,6,11,60,0,77,0,0,0,77
10/20/2020,TYR,TX,ASW,CE,Federal Contract Tower,6,9,28,0,43,0,5,29,0,34,6,14,57,0,77,68,0,68,145
10/21/2020,TYR,TX,ASW,CE,Federal Contract Tower,6,6,35,1,48,0,1,20,0,21,6,7,55,1,69,16,18,34,103
10/22/2020,TYR,TX,ASW,CE,Federal Contract Tower,6,6,37,0,49,0,2,29,1,32,6,8,66,1,81,18,0,18,99
10/23/2020,TYR,TX,ASW,CE,Federal Contract Tower,6,11,24,0,41,0,0,7,0,7,6,11,31,0,48,0,0,0,48
10/24/2020,TYR,TX,ASW,CE,Federal Contract Tower,4,5,18,0,27,0,5,37,0,42,4,10,55,0,69,0,0,0,69
10/25/2020,TYR,TX,ASW,CE,Federal Contract Tower,5,1,37,0,43,0,0,0,0,0,5,1,37,0,43,0,0,0,43
10/26/2020,TYR,TX,ASW,CE,Federal Contract Tower,6,5,17,0,28,0,0,0,0,0,6,5,17,0,28,4,0,4,32
10/27/2020,TYR,TX,ASW,CE,Federal Contract Tower,1,0,15,0,16,0,0,0,0,0,1,0,15,0,16,0,0,0,16
10/28/2020,TYR,TX,ASW,CE,Federal Contract Tower,8,8,4,0,20,0,0,0,0,0,8,8,4,0,20,0,0,0,20
10/29/2020,TYR,TX,ASW,CE,Federal Contract Tower,6,15,36,0,57,0,2,20,0,22,6,17,56,0,79,6,0,6,85
10/30/2020,TYR,TX,ASW,CE,Federal Contract Tower,6,7,41,0,54,0,8,75,0,83,6,15,116,0,137,8,0,8,145
10/31/2020,TYR,TX,ASW,CE,Federal Contract Tower,2,9,22,0,33,0,1,69,0,70,2,10,91,0,103,6,0,6,109
11/01/2020,TYR,TX,ASW,CE,Federal Contract Tower,6,3,20,0,29,0,0,36,0,36,6,3,56,0,65,6,0,6,71
11/02/2020,TYR,TX,ASW,CE,Federal Contract Tower,5,4,12,0,21,0,2,48,0,50,5,6,60,0,71,30,0,30,101
11/03/2020,TYR,TX,ASW,CE,Federal Contract Tower,6,5,19,0,30,0,4,43,0,47,6,9,62,0,77,26,0,26,103
11/04/2020,TYR,TX,ASW,CE,Federal Contract Tower,5,12,19,0,36,0,1,55,0,56,5,13,74,0,92,24,0,24,116
11/06/2020,TYR,TX,ASW,CE,Federal Contract Tower,6,14,35,0,55,0,7,63,0,70,6,21,98,0,125,6,0,6,131
11/07/2020,TYR,TX,ASW,CE,Federal Contract Tower,4,9,7,0,20,0,2,59,2,63,4,11,66,2,83,58,0,58,141
11/08/2020,TYR,TX,ASW,CE,Federal Contract Tower,6,7,40,0,53,0,1,11,0,12,6,8,51,0,65,0,0,0,65
11/09/2020,TYR,TX,ASW,CE,Federal Contract Tower,4,10,25,0,39,0,5,22,0,27,4,15,47,0,66,18,0,18,84
11/10/2020,TYR,TX,ASW,CE,Federal Contract Tower,6,38,25,1,70,0,3,24,1,28,6,41,49,2,98,6,0,6,104
11/11/2020,TYR,TX,ASW,CE,Federal Contract Tower,5,9,31,0,45,0,5,55,2,62,5,14,86,2,107,78,4,82,189
11/12/2020,TYR,TX,ASW,CE,Federal Contract Tower,5,8,22,0,35,0,1,55,0,56,5,9,77,0,91,84,0,84,175
11/13/2020,TYR,TX,ASW,CE,Federal Contract Tower,3,8,17,0,28,0,65,54,0,119,3,73,71,0,147,18,0,18,165
11/14/2020,TYR,TX,ASW,CE,Federal Contract Tower,5,4,19,0,28,0,0,9,0,9,5,4,28,0,37,6,0,6,43
11/15/2020,TYR,TX,ASW,CE,Federal Contract Tower,5,2,21,0,28,0,2,32,0,34,5,4,53,0,62,4,0,4,66
11/16/2020,TYR,TX,ASW,CE,Federal Contract Tower,6,3,11,0,20,0,5,50,0,55,6,8,61,0,75,10,0,10,85
11/17/2020,TYR,TX,ASW,CE,Federal Contract Tower,5,7,15,0,27,0,0,71,2,73,5,7,86,2,100,12,0,12,112
11/18/2020,TYR,TX,ASW,CE,Federal Contract Tower,6,8,16,0,30,0,1,40,0,41,6,9,56,0,71,0,0,0,71
11/19/2020,TYR,TX,ASW,CE,Federal Contract Tower,3,9,16,0,28,0,16,34,0,50,3,25,50,0,78,4,0,4,82
11/20/2020,TYR,TX,ASW,CE,Federal Contract Tower,5,12,45,0,62,0,3,25,0,28,5,15,70,0,90,0,0,0,90
11/21/2020,TYR,TX,ASW,CE,Federal Contract Tower,5,9,13,0,27,0,0,50,0,50,5,9,63,0,77,12,0,12,89
11/22/2020,TYR,TX,ASW,CE,Federal Contract Tower,5,3,31,0,39,0,0,8,0,8,5,3,39,0,47,0,0,0,47
11/23/2020,TYR,TX,ASW,CE,Federal Contract Tower,5,9,21,2,37,0,2,32,1,35,5,11,53,3,72,48,2,50,122
11/24/2020,TYR,TX,ASW,CE,Federal Contract Tower,5,12,23,2,42,0,2,3,0,5,5,14,26,2,47,0,0,0,47
11/25/2020,TYR,TX,ASW,CE,Federal Contract Tower,5,11,25,0,41,0,0,45,0,45,5,11,70,0,86,24,0,24,110
11/26/2020,TYR,TX,ASW,CE,Federal Contract Tower,0,0,3,0,3,0,0,13,0,13,0,0,16,0,16,12,0,12,28
11/27/2020,TYR,TX,ASW,CE,Federal Contract Tower,4,10,14,0,28,0,0,1,0,1,4,10,15,0,29,0,0,0,29
11/28/2020,TYR,TX,ASW,CE,Federal Contract Tower,7,8,19,0,34,0,0,4,0,4,7,8,23,0,38,0,0,0,38
11/29/2020,TYR,TX,ASW,CE,Federal Contract Tower,7,5,25,0,37,0,1,11,0,12,7,6,36,0,49,6,0,6,55
11/30/2020,TYR,TX,ASW,CE,Federal Contract Tower,7,5,16,0,28,0,0,38,0,38,7,5,54,0,66,2,0,2,68
12/01/2020,TYR,TX,ASW,CE,Federal Contract Tower,5,18,20,0,43,0,1,39,0,40,5,19,59,0,83,18,0,18,101
12/02/2020,TYR,TX,ASW,CE,Federal Contract Tower,5,11,26,0,42,0,0,0,0,0,5,11,26,0,42,0,0,0,42
12/03/2020,TYR,TX,ASW,CE,Federal Contract Tower,3,3,19,0,25,0,2,8,0,10,3,5,27,0,35,6,0,6,41
12/04/2020,TYR,TX,ASW,CE,Federal Contract Tower,4,10,15,0,29,0,3,37,0,40,4,13,52,0,69,36,0,36,105
12/05/2020,TYR,TX,ASW,CE,Federal Contract Tower,3,5,21,4,33,0,1,78,0,79,3,6,99,4,112,44,0,44,156
12/06/2020,TYR,TX,ASW,CE,Federal Contract Tower,5,4,18,0,27,0,4,29,0,33,5,8,47,0,60,28,0,28,88
12/07/2020,TYR,TX,ASW,CE,Federal Contract Tower,5,7,24,0,36,0,1,48,0,49,5,8,72,0,85,48,0,48,133
12/08/2020,TYR,TX,ASW,CE,Federal Contract Tower,4,13,23,0,40,0,0,47,0,47,4,13,70,0,87,36,0,36,123
12/09/2020,TYR,TX,ASW,CE,Federal Contract Tower,4,9,36,0,49,0,4,41,0,45,4,13,77,0,94,6,0,6,100
12/10/2020,TYR,TX,ASW,CE,Federal Contract Tower,3,5,36,0,44,0,4,47,0,51,3,9,83,0,95,24,0,24,119
12/11/2020,TYR,TX,ASW,CE,Federal Contract Tower,5,3,11,0,19,0,0,0,0,0,5,3,11,0,19,0,0,0,19
12/12/2020,TYR,TX,ASW,CE,Federal Contract Tower,3,5,24,0,32,0,1,59,4,64,3,6,83,4,96,6,0,6,102
12/13/2020,TYR,TX,ASW,CE,Federal Contract Tower,5,2,6,0,13,0,0,0,0,0,5,2,6,0,13,0,0,0,13
12/14/2020,TYR,TX,ASW,CE,Federal Contract Tower,6,2,25,10,43,0,1,49,0,50,6,3,74,10,93,34,0,34,127
12/15/2020,TYR,TX,ASW,CE,Federal Contract Tower,5,6,21,0,32,0,0,0,0,0,5,6,21,0,32,0,0,0,32
12/16/2020,TYR,TX,ASW,CE,Federal Contract Tower,5,9,25,0,39,0,1,16,0,17,5,10,41,0,56,32,0,32,88
12/17/2020,TYR,TX,ASW,CE,Federal Contract Tower,13,7,35,5,60,0,1,63,0,64,13,8,98,5,124,26,6,32,156
12/18/2020,TYR,TX,ASW,CE,Federal Contract Tower,9,3,26,0,38,0,6,40,0,46,9,9,66,0,84,0,0,0,84
12/19/2020,TYR,TX,ASW,CE,Federal Contract Tower,7,3,23,2,35,0,0,0,0,0,7,3,23,2,35,0,0,0,35
12/20/2020,TYR,TX,ASW,CE,Federal Contract Tower,8,5,36,0,49,0,0,38,0,38,8,5,74,0,87,8,0,8,95
12/21/2020,TYR,TX,ASW,CE,Federal Contract Tower,6,2,16,0,24,0,1,56,0,57,6,3,72,0,81,20,0,20,101
12/22/2020,TYR,TX,ASW,CE,Federal Contract Tower,11,11,22,1,45,0,4,62,3,69,11,15,84,4,114,26,0,26,140
12/23/2020,TYR,TX,ASW,CE,Federal Contract Tower,9,11,17,0,37,0,5,5,0,10,9,16,22,0,47,4,0,4,51
12/24/2020,TYR,TX,ASW,CE,Federal Contract Tower,6,6,13,0,25,0,4,26,0,30,6,10,39,0,55,0,0,0,55
12/25/2020,TYR,TX,ASW,CE,Federal Contract Tower,4,1,9,0,14,0,6,17,0,23,4,7,26,0,37,10,0,10,47
12/26/2020,TYR,TX,ASW,CE,Federal Contract Tower,7,11,19,0,37,0,2,30,5,37,7,13,49,5,74,10,0,10,84
12/27/2020,TYR,TX,ASW,CE,Federal Contract Tower,9,5,26,0,40,0,0,16,0,16,9,5,42,0,56,0,0,0,56
12/28/2020,TYR,TX,ASW,CE,Federal Contract Tower,10,8,32,0,50,0,0,32,0,32,10,8,64,0,82,18,0,18,100
12/29/2020,TYR,TX,ASW,CE,Federal Contract Tower,9,5,23,0,37,0,4,23,0,27,9,9,46,0,64,14,0,14,78
12/30/2020,TYR,TX,ASW,CE,Federal Contract Tower,5,12,11,0,28,0,0,4,0,4,5,12,15,0,32,10,0,10,42
12/31/2020,TYR,TX,ASW,CE,Federal Contract Tower,7,5,2,0,14,0,0,0,0,0,7,5,2,0,14,0,0,0,14
01/01/2021,TYR,TX,ASW,CE,Federal Contract Tower,7,2,3,0,12,0,0,7,0,7,7,2,10,0,19,18,0,18,37
01/02/2021,TYR,TX,ASW,CE,Federal Contract Tower,9,6,26,0,41,0,2,67,0,69,9,8,93,0,110,26,0,26,136
01/03/2021,TYR,TX,ASW,CE,Federal Contract Tower,9,1,15,0,25,0,3,29,0,32,9,4,44,0,57,0,0,0,57
01/04/2021,TYR,TX,ASW,CE,Federal Contract Tower,9,3,20,0,32,0,4,64,0,68,9,7,84,0,100,46,0,46,146
01/06/2021,TYR,TX,ASW,CE,Federal Contract Tower,8,6,27,0,41,0,1,1,0,2,8,7,28,0,43,0,0,0,43
01/07/2021,TYR,TX,ASW,CE,Federal Contract Tower,7,7,22,0,36,0,2,9,0,11,7,9,31,0,47,2,0,2,49
01/08/2021,TYR,TX,ASW,CE,Federal Contract Tower,8,11,20,0,39,0,1,12,2,15,8,12,32,2,54,28,0,28,82
01/09/2021,TYR,TX,ASW,CE,Federal Contract Tower,8,4,17,0,29,0,0,0,0,0,8,4,17,0,29,28,0,28,57
01/11/2021,TYR,TX,ASW,CE,Federal Contract Tower,7,2,6,0,15,0,0,9,0,9,7,2,15,0,24,34,0,34,58
01/12/2021,TYR,TX,ASW,CE,Federal Contract Tower,8,5,14,0,27,0,1,37,0,38,8,6,51,0,65,0,0,0,65
01/13/2021,TYR,TX,ASW,CE,Federal Contract Tower,8,9,20,1,38,0,1,42,4,47,8,10,62,5,85,32,4,36,121
01/14/2021,TYR,TX,ASW,CE,Federal Contract Tower,9,7,14,0,30,0,2,25,0,27,9,9,39,0,57,12,0,12,69
01/15/2021,TYR,TX,ASW,CE,Federal Contract Tower,8,3,20,0,31,0,6,20,0,26,8,9,40,0,57,4,0,4,61
01/16/2021,TYR,TX,ASW,CE,Federal Contract Tower,7,6,21,0,34,0,6,56,1,63,7,12,77,1,97,18,0,18,115
01/17/2021,TYR,TX,ASW,CE,Federal Contract Tower,9,4,8,0,21,0,1,44,2,47,9,5,52,2,68,22,0,22,90
01/18/2021,TYR,TX,ASW,CE,Federal Contract Tower,8,8,14,0,30,0,1,55,0,56,8,9,69,0,86,32,0,32,118
01/20/2021,TYR,TX,ASW,CE,Federal Contract Tower,5,6,19,0,30,0,0,1,0,1,5,6,20,0,31,0,0,0,31
01/21/2021,TYR,TX,ASW,CE,Federal Contract Tower,8,4,50,0,62,0,0,5,0,5,8,4,55,0,67,0,0,0,67
01/22/2021,TYR,TX,ASW,CE,Federal Contract Tower,9,5,29,0,43,0,0,0,0,0,9,5,29,0,43,0,0,0,43
01/23/2021,TYR,TX,ASW,CE,Federal Contract Tower,11,4,13,0,28,0,0,0,0,0,11,4,13,0,28,0,0,0,28
01/24/2021,TYR,TX,ASW,CE,Federal Contract Tower,1,5,17,0,23,0,0,0,0,0,1,5,17,0,23,0,0,0,23
01/25/2021,TYR,TX,ASW,CE,Federal Contract Tower,8,4,38,0,50,0,3,34,0,37,8,7,72,0,87,12,0,12,99
01/26/2021,TYR,TX,ASW,CE,Federal Contract Tower,8,10,36,0,54,0,3,70,0,73,8,13,106,0,127,38,0,38,165
01/27/2021,TYR,TX,ASW,CE,Federal Contract Tower,8,4,14,0,26,0,1,43,0,44,8,5,57,0,70,6,0,6,76
01/28/2021,TYR,TX,ASW,CE,Federal Contract Tower,8,7,25,0,40,0,1,42,0,43,8,8,67,0,83,30,0,30,113
01/29/2021,TYR,TX,ASW,CE,Federal Contract Tower,9,2,21,6,38,0,9,39,0,48,9,11,60,6,86,12,0,12,98
01/30/2021,TYR,TX,ASW,CE,Federal Contract Tower,6,9,11,1,27,0,0,3,1,4,6,9,14,2,31,0,0,0,31
02/01/2021,TYR,TX,ASW,CE,Federal Contract Tower,9,5,16,0,30,0,3,56,0,59,9,8,72,0,89,56,0,56,145
02/02/2021,TYR,TX,ASW,CE,Federal Contract Tower,8,9,24,0,41,0,5,61,0,66,8,14,85,0,107,22,0,22,129
02/03/2021,TYR,TX,ASW,CE,Federal Contract Tower,8,9,17,0,34,0,1,69,0,70,8,10,86,0,104,16,0,16,120
02/04/2021,TYR,TX,ASW,CE,Federal Contract Tower,9,14,21,0,44,0,2,21,1,24,9,16,42,1,68,20,0,20,88
02/05/2021,TYR,TX,ASW,CE,Federal Contract Tower,11,5,25,0,41,0,1,45,3,49,11,6,70,3,90,8,0,8,98
02/06/2021,TYR,TX,ASW,CE,Federal Contract Tower,8,6,17,2,33,0,0,0,0,0,8,6,17,2,33,0,0,0,33
02/07/2021,TYR,TX,ASW,CE,Federal Contract Tower,8,0,13,0,21,0,2,41,0,43,8,2,54,0,64,26,0,26,90
02/08/2021,TYR,TX,ASW,CE,Federal Contract Tower,7,6,39,0,52,0,1,17,0,18,7,7,56,0,70,36,0,36,106
02/09/2021,TYR,TX,ASW,CE,Federal Contract Tower,8,10,22,0,40,0,3,2,0,5,8,13,24,0,45,0,0,0,45
02/10/2021,TYR,TX,ASW,CE,Federal Contract Tower,3,0,13,0,16,0,0,0,0,0,3,0,13,0,16,0,0,0,16
02/11/2021,TYR,TX,ASW,CE,Federal Contract Tower,9,0,8,0,17,0,0,0,0,0,9,0,8,0,17,0,0,0,17
02/12/2021,TYR,TX,ASW,CE,Federal Contract Tower,11,4,11,2,28,0,0,0,0,0,11,4,11,2,28,0,0,0,28
02/13/2021,TYR,TX,ASW,CE,Federal Contract Tower,4,4,5,0,13,0,0,0,0,0,4,4,5,0,13,0,0,0,13
02/14/2021,TYR,TX,ASW,CE,Federal Contract Tower,0,0,0,0,0,0,0,0,0,0,0,0,0,0,0,0,0,0,0
02/16/2021,TYR,TX,ASW,CE,Federal Contract Tower,0,0,0,0,0,0,0,0,0,0,0,0,0,0,0,0,0,0,0
02/17/2021,TYR,TX,ASW,CE,Federal Contract Tower,0,0,0,0,0,0,0,0,0,0,0,0,0,0,0,0,0,0,0
02/18/2021,TYR,TX,ASW,CE,Federal Contract Tower,0,0,0,0,0,0,0,0,0,0,0,0,0,0,0,0,0,0,0
02/19/2021,TYR,TX,ASW,CE,Federal Contract Tower,0,0,0,0,0,0,0,0,0,0,0,0,0,0,0,0,0,0,0
02/20/2021,TYR,TX,ASW,CE,Federal Contract Tower,1,0,6,0,7,0,1,22,0,23,1,1,28,0,30,16,0,16,46
02/21/2021,TYR,TX,ASW,CE,Federal Contract Tower,8,0,16,1,25,0,0,16,0,16,8,0,32,1,41,46,0,46,87
02/22/2021,TYR,TX,ASW,CE,Federal Contract Tower,7,6,27,2,42,0,0,59,0,59,7,6,86,2,101,50,0,50,151
02/23/2021,TYR,TX,ASW,CE,Federal Contract Tower,8,5,29,2,44,0,13,65,0,78,8,18,94,2,122,12,0,12,134
02/24/2021,TYR,TX,ASW,CE,Federal Contract Tower,6,12,31,2,51,0,1,37,0,38,6,13,68,2,89,14,0,14,103
02/25/2021,TYR,TX,ASW,CE,Federal Contract Tower,7,11,34,4,56,0,2,10,0,12,7,13,44,4,68,12,0,12,80
02/26/2021,TYR,TX,ASW,CE,Federal Contract Tower,9,11,22,0,42,0,0,0,0,0,9,11,22,0,42,0,0,0,42
02/27/2021,TYR,TX,ASW,CE,Federal Contract Tower,5,2,9,0,16,0,1,8,0,9,5,3,17,0,25,26,0,26,51
02/28/2021,TYR,TX,ASW,CE,Federal Contract Tower,9,6,12,0,27,0,0,2,0,2,9,6,14,0,29,0,0,0,29
03/01/2021,TYR,TX,ASW,CE,Federal Contract Tower,9,5,38,0,52,0,0,1,0,1,9,5,39,0,53,0,0,0,53
03/02/2021,TYR,TX,ASW,CE,Federal Contract Tower,8,8,39,1,56,0,5,64,1,70,8,13,103,2,126,32,2,34,160
03/03/2021,TYR,TX,ASW,CE,Federal Contract Tower,6,11,23,0,40,0,3,108,0,111,6,14,131,0,151,48,0,48,199
03/04/2021,TYR,TX,ASW,CE,Federal Contract Tower,10,12,17,0,39,0,2,64,2,68,10,14,81,2,107,48,0,48,155
03/05/2021,TYR,TX,ASW,CE,Federal Contract Tower,10,5,33,0,48,0,0,2,0,2,10,5,35,0,50,0,0,0,50
03/07/2021,TYR,TX,ASW,CE,Federal Contract Tower,9,3,27,0,39,0,2,61,0,63,9,5,88,0,102,24,0,24,126
03/08/2021,TYR,TX,ASW,CE,Federal Contract Tower,10,9,10,0,29,0,4,45,0,49,10,13,55,0,78,20,0,20,98
03/09/2021,TYR,TX,ASW,CE,Federal Contract Tower,9,4,29,0,42,0,2,20,0,22,9,6,49,0,64,26,0,26,90
03/11/2021,TYR,TX,ASW,CE,Federal Contract Tower,9,12,40,0,61,0,8,17,1,26,9,20,57,1,87,14,0,14,101
03/12/2021,TYR,TX,ASW,CE,Federal Contract Tower,9,11,30,0,50,0,2,11,0,13,9,13,41,0,63,6,0,6,69
03/13/2021,TYR,TX,ASW,CE,Federal Contract Tower,5,6,24,14,49,0,0,13,33,46,5,6,37,47,95,18,40,58,153
03/14/2021,TYR,TX,ASW,CE,Federal Contract Tower,12,13,16,7,48,0,1,0,0,1,12,14,16,7,49,0,0,0,49
03/15/2021,TYR,TX,ASW,CE,Federal Contract Tower,9,2,14,0,25,0,1,41,2,44,9,3,55,2,69,36,0,36,105
03/16/2021,TYR,TX,ASW,CE,Federal Contract Tower,10,7,30,0,47,0,1,18,0,19,10,8,48,0,66,18,0,18,84
03/17/2021,TYR,TX,ASW,CE,Federal Contract Tower,5,3,8,0,16,0,5,18,3,26,5,8,26,3,42,0,0,0,42
03/18/2021,TYR,TX,ASW,CE,Federal Contract Tower,7,6,27,1,41,0,7,18,0,25,7,13,45,1,66,34,0,34,100
03/19/2021,TYR,TX,ASW,CE,Federal Contract Tower,9,4,42,0,55,0,4,47,0,51,9,8,89,0,106,26,0,26,132
03/20/2021,TYR,TX,ASW,CE,Federal Contract Tower,6,1,29,0,36,0,1,82,0,83,6,2,111,0,119,46,0,46,165
03/21/2021,TYR,TX,ASW,CE,Federal Contract Tower,9,9,32,0,50,0,2,33,0,35,9,11,65,0,85,28,0,28,113
03/22/2021,TYR,TX,ASW,CE,Federal Contract Tower,8,4,30,0,42,0,2,10,0,12,8,6,40,0,54,20,0,20,74
03/23/2021,TYR,TX,ASW,CE,Federal Contract Tower,10,11,17,0,38,0,6,36,0,42,10,17,53,0,80,4,0,4,84
03/24/2021,TYR,TX,ASW,CE,Federal Contract Tower,8,2,25,1,36,0,3,21,1,25,8,5,46,2,61,0,0,0,61
03/25/2021,TYR,TX,ASW,CE,Federal Contract Tower,7,9,20,0,36,0,2,20,0,22,7,11,40,0,58,22,0,22,80
03/26/2021,TYR,TX,ASW,CE,Federal Contract Tower,9,3,42,1,55,0,8,73,0,81,9,11,115,1,136,48,0,48,184
03/27/2021,TYR,TX,ASW,CE,Federal Contract Tower,5,6,15,0,26,0,2,4,3,9,5,8,19,3,35,2,0,2,37
03/28/2021,TYR,TX,ASW,CE,Federal Contract Tower,10,5,35,1,51,0,2,39,0,41,10,7,74,1,92,14,0,14,106
03/29/2021,TYR,TX,ASW,CE,Federal Contract Tower,9,6,17,0,32,0,1,63,0,64,9,7,80,0,96,14,0,14,110
03/30/2021,TYR,TX,ASW,CE,Federal Contract Tower,9,9,38,6,62,0,2,9,0,11,9,11,47,6,73,16,0,16,89
03/31/2021,TYR,TX,ASW,CE,Federal Contract Tower,9,8,31,0,48,0,1,16,0,17,9,9,47,0,65,0,0,0,65
04/01/2021,TYR,TX,ASW,CE,Federal Contract Tower,7,8,30,9,54,0,1,80,0,81,7,9,110,9,135,48,0,48,183
04/02/2021,TYR,TX,ASW,CE,Federal Contract Tower,7,12,21,0,40,0,1,74,0,75,7,13,95,0,115,50,0,50,165
04/03/2021,TYR,TX,ASW,CE,Federal Contract Tower,5,4,5,0,14,0,0,34,0,34,5,4,39,0,48,0,0,0,48
04/04/2021,TYR,TX,ASW,CE,Federal Contract Tower,6,3,14,0,23,0,0,39,0,39,6,3,53,0,62,30,0,30,92
04/05/2021,TYR,TX,ASW,CE,Federal Contract Tower,7,6,29,0,42,0,6,32,0,38,7,12,61,0,80,32,0,32,112
04/07/2021,TYR,TX,ASW,CE,Federal Contract Tower,6,7,33,0,46,0,3,19,0,22,6,10,52,0,68,0,0,0,68
04/08/2021,TYR,TX,ASW,CE,Federal Contract Tower,7,6,15,0,28,0,1,58,1,60,7,7,73,1,88,44,2,46,134
04/09/2021,TYR,TX,ASW,CE,Federal Contract Tower,8,2,35,0,45,0,1,8,0,9,8,3,43,0,54,0,0,0,54
04/10/2021,TYR,TX,ASW,CE,Federal Contract Tower,7,3,18,0,28,0,0,41,2,43,7,3,59,2,71,12,0,12,83
04/11/2021,TYR,TX,ASW,CE,Federal Contract Tower,8,8,10,0,26,0,0,62,2,64,8,8,72,2,90,18,0,18,108
04/12/2021,TYR,TX,ASW,CE,Federal Contract Tower,7,19,25,1,52,0,2,59,0,61,7,21,84,1,113,86,2,88,201
04/13/2021,TYR,TX,ASW,CE,Federal Contract Tower,6,3,18,0,27,0,2,27,0,29,6,5,45,0,56,24,0,24,80
04/14/2021,TYR,TX,ASW,CE,Federal Contract Tower,6,4,38,0,48,0,0,0,0,0,6,4,38,0,48,0,0,0,48
04/15/2021,TYR,TX,ASW,CE,Federal Contract Tower,6,5,39,0,50,0,4,15,0,19,6,9,54,0,69,8,0,8,77
04/16/2021,TYR,TX,ASW,CE,Federal Contract Tower,7,7,25,0,39,0,0,0,0,0,7,7,25,0,39,0,0,0,39
04/17/2021,TYR,TX,ASW,CE,Federal Contract Tower,7,6,38,0,51,0,0,6,0,6,7,6,44,0,57,2,0,2,59
04/18/2021,TYR,TX,ASW,CE,Federal Contract Tower,7,2,32,0,41,0,2,57,2,61,7,4,89,2,102,18,0,18,120
04/19/2021,TYR,TX,ASW,CE,Federal Contract Tower,8,7,19,4,38,0,2,72,0,74,8,9,91,4,112,80,8,88,200
04/20/2021,TYR,TX,ASW,CE,Federal Contract Tower,6,5,28,0,39,0,7,35,0,42,6,12,63,0,81,38,0,38,119
04/22/2021,TYR,TX,ASW,CE,Federal Contract Tower,6,17,25,6,54,0,5,69,0,74,6,22,94,6,128,46,0,46,174
04/23/2021,TYR,TX,ASW,CE,Federal Contract Tower,7,4,28,0,39,0,0,0,0,0,7,4,28,0,39,0,0,0,39
04/24/2021,TYR,TX,ASW,CE,Federal Contract Tower,6,5,16,0,27,0,1,44,3,48,6,6,60,3,75,34,0,34,109
04/25/2021,TYR,TX,ASW,CE,Federal Contract Tower,7,9,24,0,40,0,0,60,2,62,7,9,84,2,102,16,0,16,118
04/26/2021,TYR,TX,ASW,CE,Federal Contract Tower,8,7,16,1,32,0,1,43,0,44,8,8,59,1,76,54,0,54,130
04/28/2021,TYR,TX,ASW,CE,Federal Contract Tower,6,9,14,3,32,0,1,7,0,8,6,10,21,3,40,0,0,0,40
04/29/2021,TYR,TX,ASW,CE,Federal Contract Tower,6,6,29,0,41,0,4,6,0,10,6,10,35,0,51,2,0,2,53
04/30/2021,TYR,TX,ASW,CE,Federal Contract Tower,12,7,22,0,41,0,0,1,0,1,12,7,23,0,42,0,0,0,42
05/01/2021,TYR,TX,ASW,CE,Federal Contract Tower,7,3,12,0,22,0,4,10,0,14,7,7,22,0,36,18,0,18,54
05/02/2021,TYR,TX,ASW,CE,Federal Contract Tower,7,3,40,0,50,0,0,20,0,20,7,3,60,0,70,14,0,14,84
05/03/2021,TYR,TX,ASW,CE,Federal Contract Tower,7,5,21,0,33,0,1,34,1,36,7,6,55,1,69,14,0,14,83
05/04/2021,TYR,TX,ASW,CE,Federal Contract Tower,6,6,14,0,26,0,2,24,0,26,6,8,38,0,52,0,0,0,52
05/05/2021,TYR,TX,ASW,CE,Federal Contract Tower,6,14,16,1,37,0,4,94,4,102,6,18,110,5,139,22,0,22,161
05/06/2021,TYR,TX,ASW,CE,Federal Contract Tower,7,6,30,1,44,0,9,58,1,68,7,15,88,2,112,30,0,30,142
05/07/2021,TYR,TX,ASW,CE,Federal Contract Tower,7,6,31,0,44,0,1,74,0,75,7,7,105,0,119,32,0,32,151
05/08/2021,TYR,TX,ASW,CE,Federal Contract Tower,5,5,18,0,28,0,2,17,0,19,5,7,35,0,47,4,0,4,51
05/09/2021,TYR,TX,ASW,CE,Federal Contract Tower,7,0,18,1,26,0,0,5,2,7,7,0,23,3,33,0,0,0,33
05/10/2021,TYR,TX,ASW,CE,Federal Contract Tower,7,5,30,0,42,0,0,0,0,0,7,5,30,0,42,2,0,2,44
05/11/2021,TYR,TX,ASW,CE,Federal Contract Tower,3,2,20,0,25,0,0,0,0,0,3,2,20,0,25,0,0,0,25
05/12/2021,TYR,TX,ASW,CE,Federal Contract Tower,6,9,36,0,51,0,0,1,0,1,6,9,37,0,52,0,0,0,52
05/13/2021,TYR,TX,ASW,CE,Federal Contract Tower,8,4,28,0,40,0,2,64,1,67,8,6,92,1,107,72,10,82,189
05/14/2021,TYR,TX,ASW,CE,Federal Contract Tower,7,4,26,0,37,0,1,65,0,66,7,5,91,0,103,40,0,40,143
05/15/2021,TYR,TX,ASW,CE,Federal Contract Tower,5,4,24,0,33,0,0,81,2,83,5,4,105,2,116,20,10,30,146
05/16/2021,TYR,TX,ASW,CE,Federal Contract Tower,5,1,27,0,33,0,0,5,0,5,5,1,32,0,38,6,0,6,44
05/17/2021,TYR,TX,ASW,CE,Federal Contract Tower,7,4,23,0,34,0,0,5,0,5,7,4,28,0,39,18,0,18,57
05/18/2021,TYR,TX,ASW,CE,Federal Contract Tower,7,4,10,0,21,0,2,6,0,8,7,6,16,0,29,0,0,0,29
05/19/2021,TYR,TX,ASW,CE,Federal Contract Tower,6,7,16,0,29,0,1,16,0,17,6,8,32,0,46,30,0,30,76
05/20/2021,TYR,TX,ASW,CE,Federal Contract Tower,7,3,15,0,25,0,1,3,2,6,7,4,18,2,31,0,0,0,31
05/21/2021,TYR,TX,ASW,CE,Federal Contract Tower,7,5,25,0,37,0,3,4,0,7,7,8,29,0,44,0,0,0,44
05/22/2021,TYR,TX,ASW,CE,Federal Contract Tower,5,8,31,0,44,0,0,7,0,7,5,8,38,0,51,0,0,0,51
05/23/2021,TYR,TX,ASW,CE,Federal Contract Tower,7,3,34,0,44,0,1,28,0,29,7,4,62,0,73,20,0,20,93
05/24/2021,TYR,TX,ASW,CE,Federal Contract Tower,7,2,20,1,30,0,1,13,2,16,7,3,33,3,46,10,0,10,56
05/25/2021,TYR,TX,ASW,CE,Federal Contract Tower,8,3,41,0,52,0,1,12,0,13,8,4,53,0,65,32,0,32,97
05/26/2021,TYR,TX,ASW,CE,Federal Contract Tower,8,4,33,4,49,0,4,17,0,21,8,8,50,4,70,20,0,20,90
05/27/2021,TYR,TX,ASW,CE,Federal Contract Tower,8,4,36,1,49,0,3,54,0,57,8,7,90,1,106,20,6,26,132
05/28/2021,TYR,TX,ASW,CE,Federal Contract Tower,7,10,39,0,56,0,1,17,0,18,7,11,56,0,74,94,0,94,168
05/29/2021,TYR,TX,ASW,CE,Federal Contract Tower,5,1,16,0,22,0,6,34,0,40,5,7,50,0,62,36,0,36,98
05/30/2021,TYR,TX,ASW,CE,Federal Contract Tower,7,2,22,0,31,0,0,21,0,21,7,2,43,0,52,10,0,10,62
05/31/2021,TYR,TX,ASW,CE,Federal Contract Tower,7,4,28,0,39,0,1,27,0,28,7,5,55,0,67,46,0,46,113
06/01/2021,TYR,TX,ASW,CE,Federal Contract Tower,7,6,28,0,41,0,1,12,0,13,7,7,40,0,54,0,0,0,54
06/02/2021,TYR,TX,ASW,CE,Federal Contract Tower,7,5,20,0,32,0,3,43,0,46,7,8,63,0,78,90,0,90,168
06/03/2021,TYR,TX,ASW,CE,Federal Contract Tower,7,3,30,0,40,0,7,64,0,71,7,10,94,0,111,134,0,134,245
06/04/2021,TYR,TX,ASW,CE,Federal Contract Tower,7,3,21,0,31,0,1,18,0,19,7,4,39,0,50,18,0,18,68
06/05/2021,TYR,TX,ASW,CE,Federal Contract Tower,6,7,18,2,33,0,1,6,0,7,6,8,24,2,40,0,0,0,40
06/06/2021,TYR,TX,ASW,CE,Federal Contract Tower,7,0,18,0,25,0,0,16,0,16,7,0,34,0,41,2,0,2,43
06/07/2021,TYR,TX,ASW,CE,Federal Contract Tower,3,12,11,0,26,0,0,6,0,6,3,12,17,0,32,0,0,0,32
06/08/2021,TYR,TX,ASW,CE,Federal Contract Tower,5,7,14,2,28,0,5,12,0,17,5,12,26,2,45,12,0,12,57
06/09/2021,TYR,TX,ASW,CE,Federal Contract Tower,7,11,21,3,42,0,3,23,3,29,7,14,44,6,71,20,0,20,91
06/10/2021,TYR,TX,ASW,CE,Federal Contract Tower,7,11,35,0,53,0,1,4,2,7,7,12,39,2,60,88,0,88,148
06/11/2021,TYR,TX,ASW,CE,Federal Contract Tower,7,4,38,0,49,0,3,38,6,47,7,7,76,6,96,26,0,26,122
06/12/2021,TYR,TX,ASW,CE,Federal Contract Tower,8,3,21,0,32,0,2,21,0,23,8,5,42,0,55,4,0,4,59
06/13/2021,TYR,TX,ASW,CE,Federal Contract Tower,7,6,28,0,41,0,6,71,0,77,7,12,99,0,118,42,0,42,160
06/14/2021,TYR,TX,ASW,CE,Federal Contract Tower,7,6,22,0,35,0,3,60,4,67,7,9,82,4,102,60,0,60,162
06/15/2021,TYR,TX,ASW,CE,Federal Contract Tower,5,12,24,0,41,0,0,63,0,63,5,12,87,0,104,22,0,22,126
06/16/2021,TYR,TX,ASW,CE,Federal Contract Tower,7,9,27,0,43,0,1,60,4,65,7,10,87,4,108,20,0,20,128
06/17/2021,TYR,TX,ASW,CE,Federal Contract Tower,7,10,25,0,42,0,0,35,0,35,7,10,60,0,77,72,0,72,149
06/18/2021,TYR,TX,ASW,CE,Federal Contract Tower,7,8,27,0,42,0,8,71,8,87,7,16,98,8,129,36,0,36,165
06/19/2021,TYR,TX,ASW,CE,Federal Contract Tower,6,9,22,0,37,0,2,55,1,58,6,11,77,1,95,0,0,0,95
06/20/2021,TYR,TX,ASW,CE,Federal Contract Tower,7,9,25,0,41,0,0,34,2,36,7,9,59,2,77,18,0,18,95
06/21/2021,TYR,TX,ASW,CE,Federal Contract Tower,5,8,20,0,33,0,1,13,0,14,5,9,33,0,47,0,0,0,47
06/22/2021,TYR,TX,ASW,CE,Federal Contract Tower,5,14,29,0,48,0,2,50,2,54,5,16,79,2,102,28,0,28,130
06/23/2021,TYR,TX,ASW,CE,Federal Contract Tower,7,4,27,2,40,0,0,32,0,32,7,4,59,2,72,20,0,20,92
06/24/2021,TYR,TX,ASW,CE,Federal Contract Tower,7,10,41,0,58,0,1,52,0,53,7,11,93,0,111,52,0,52,163
06/25/2021,TYR,TX,ASW,CE,Federal Contract Tower,7,8,14,0,29,0,1,34,0,35,7,9,48,0,64,36,0,36,100
06/26/2021,TYR,TX,ASW,CE,Federal Contract Tower,6,9,18,4,37,0,2,30,4,36,6,11,48,8,73,8,46,54,127
06/27/2021,TYR,TX,ASW,CE,Federal Contract Tower,5,2,22,0,29,0,0,16,0,16,5,2,38,0,45,32,0,32,77
06/28/2021,TYR,TX,ASW,CE,Federal Contract Tower,6,4,15,0,25,0,1,6,0,7,6,5,21,0,32,2,0,2,34
06/29/2021,TYR,TX,ASW,CE,Federal Contract Tower,5,9,19,8,41,0,0,9,2,11,5,9,28,10,52,12,4,16,68
06/30/2021,TYR,TX,ASW,CE,Federal Contract Tower,7,8,25,4,44,0,1,45,5,51,7,9,70,9,95,6,0,6,101
07/01/2021,TYR,TX,ASW,CE,Federal Contract Tower,4,5,13,8,30,0,4,45,14,63,4,9,58,22,93,22,12,34,127
07/02/2021,TYR,TX,ASW,CE,Federal Contract Tower,2,4,14,0,20,0,1,28,0,29,2,5,42,0,49,10,0,10,59
07/03/2021,TYR,TX,ASW,CE,Federal Contract Tower,5,5,18,0,28,0,0,100,4,104,5,5,118,4,132,82,2,84,216
07/04/2021,TYR,TX,ASW,CE,Federal Contract Tower,5,1,31,0,37,0,1,47,0,48,5,2,78,0,85,0,0,0,85
07/05/2021,TYR,TX,ASW,CE,Federal Contract Tower,7,4,18,1,30,0,6,45,0,51,7,10,63,1,81,0,0,0,81
07/06/2021,TYR,TX,ASW,CE,Federal Contract Tower,5,3,23,1,32,0,5,27,0,32,5,8,50,1,64,22,0,22,86
07/07/2021,TYR,TX,ASW,CE,Federal Contract Tower,6,5,18,0,29,0,0,36,0,36,6,5,54,0,65,20,0,20,85
07/08/2021,TYR,TX,ASW,CE,Federal Contract Tower,5,1,17,0,23,0,2,49,0,51,5,3,66,0,74,68,0,68,142
07/09/2021,TYR,TX,ASW,CE,Federal Contract Tower,7,7,18,0,32,0,1,8,0,9,7,8,26,0,41,0,0,0,41
07/10/2021,TYR,TX,ASW,CE,Federal Contract Tower,6,7,39,0,52,0,0,18,1,19,6,7,57,1,71,6,0,6,77
07/11/2021,TYR,TX,ASW,CE,Federal Contract Tower,7,3,15,0,25,0,1,11,0,12,7,4,26,0,37,0,0,0,37
07/12/2021,TYR,TX,ASW,CE,Federal Contract Tower,5,4,36,0,45,0,0,38,0,38,5,4,74,0,83,12,0,12,95
07/13/2021,TYR,TX,ASW,CE,Federal Contract Tower,5,7,33,5,50,0,1,49,1,51,5,8,82,6,101,22,8,30,131
07/14/2021,TYR,TX,ASW,CE,Federal Contract Tower,6,5,23,0,34,0,3,37,0,40,6,8,60,0,74,32,0,32,106
07/15/2021,TYR,TX,ASW,CE,Federal Contract Tower,7,9,40,0,56,0,2,26,0,28,7,11,66,0,84,18,0,18,102
07/16/2021,TYR,TX,ASW,CE,Federal Contract Tower,7,10,24,2,43,0,0,34,0,34,7,10,58,2,77,18,0,18,95
07/17/2021,TYR,TX,ASW,CE,Federal Contract Tower,6,2,45,8,61,0,0,35,0,35,6,2,80,8,96,6,0,6,102
07/18/2021,TYR,TX,ASW,CE,Federal Contract Tower,7,2,23,0,32,0,0,36,0,36,7,2,59,0,68,12,0,12,80
07/19/2021,TYR,TX,ASW,CE,Federal Contract Tower,5,4,9,0,18,0,0,2,0,2,5,4,11,0,20,0,0,0,20
07/20/2021,TYR,TX,ASW,CE,Federal Contract Tower,5,9,22,0,36,0,0,22,0,22,5,9,44,0,58,0,0,0,58
07/21/2021,TYR,TX,ASW,CE,Federal Contract Tower,7,11,21,0,39,0,6,41,0,47,7,17,62,0,86,12,0,12,98
07/23/2021,TYR,TX,ASW,CE,Federal Contract Tower,7,7,34,0,48,0,3,32,0,35,7,10,66,0,83,16,0,16,99
07/24/2021,TYR,TX,ASW,CE,Federal Contract Tower,6,6,24,0,36,0,2,48,0,50,6,8,72,0,86,18,0,18,104
07/25/2021,TYR,TX,ASW,CE,Federal Contract Tower,7,6,17,0,30,0,2,50,0,52,7,8,67,0,82,8,0,8,90
07/26/2021,TYR,TX,ASW,CE,Federal Contract Tower,7,5,32,0,44,0,2,37,2,41,7,7,69,2,85,12,0,12,97
07/27/2021,TYR,TX,ASW,CE,Federal Contract Tower,5,6,26,2,39,0,2,36,0,38,5,8,62,2,77,0,0,0,77
07/28/2021,TYR,TX,ASW,CE,Federal Contract Tower,8,8,16,2,34,0,2,39,4,45,8,10,55,6,79,22,0,22,101
07/29/2021,TYR,TX,ASW,CE,Federal Contract Tower,7,11,17,2,37,0,0,44,0,44,7,11,61,2,81,0,6,6,87
07/30/2021,TYR,TX,ASW,CE,Federal Contract Tower,8,3,26,0,37,0,6,42,2,50,8,9,68,2,87,16,0,16,103
07/31/2021,TYR,TX,ASW,CE,Federal Contract Tower,6,12,27,0,45,0,10,73,0,83,6,22,100,0,128,46,0,46,174
08/01/2021,TYR,TX,ASW,CE,Federal Contract Tower,5,5,19,0,29,0,0,46,0,46,5,5,65,0,75,0,0,0,75
08/02/2021,TYR,TX,ASW,CE,Federal Contract Tower,7,8,7,2,24,0,0,2,0,2,7,8,9,2,26,0,0,0,26
08/03/2021,TYR,TX,ASW,CE,Federal Contract Tower,4,10,23,0,37,0,2,41,0,43,4,12,64,0,80,22,0,22,102
08/04/2021,TYR,TX,ASW,CE,Federal Contract Tower,7,12,27,2,48,0,0,1,0,1,7,12,28,2,49,32,0,32,81
08/05/2021,TYR,TX,ASW,CE,Federal Contract Tower,6,4,25,0,35,0,14,48,0,62,6,18,73,0,97,48,0,48,145
08/06/2021,TYR,TX,ASW,CE,Federal Contract Tower,7,9,23,0,39,0,4,49,0,53,7,13,72,0,92,40,0,40,132
08/07/2021,TYR,TX,ASW,CE,Federal Contract Tower,6,8,24,0,38,0,2,17,5,24,6,10,41,5,62,36,0,36,98
08/08/2021,TYR,TX,ASW,CE,Federal Contract Tower,9,4,26,0,39,0,2,28,0,30,9,6,54,0,69,16,0,16,85
08/10/2021,TYR,TX,ASW,CE,Federal Contract Tower,4,7,25,0,36,0,0,25,0,25,4,7,50,0,61,28,0,28,89
08/11/2021,TYR,TX,ASW,CE,Federal Contract Tower,7,5,28,0,40,0,0,40,0,40,7,5,68,0,80,20,0,20,100
08/12/2021,TYR,TX,ASW,CE,Federal Contract Tower,7,5,18,0,30,0,0,0,0,0,7,5,18,0,30,16,0,16,46
08/13/2021,TYR,TX,ASW,CE,Federal Contract Tower,7,8,33,0,48,0,5,51,2,58,7,13,84,2,106,12,0,12,118
08/14/2021,TYR,TX,ASW,CE,Federal Contract Tower,8,5,19,0,32,0,1,21,0,22,8,6,40,0,54,26,0,26,80
08/15/2021,TYR,TX,ASW,CE,Federal Contract Tower,7,2,11,0,20,0,4,25,0,29,7,6,36,0,49,2,0,2,51
08/16/2021,TYR,TX,ASW,CE,Federal Contract Tower,7,2,16,0,25,0,4,22,0,26,7,6,38,0,51,14,0,14,65
08/17/2021,TYR,TX,ASW,CE,Federal Contract Tower,2,8,16,0,26,0,35,0,0,35,2,43,16,0,61,10,0,10,71
08/18/2021,TYR,TX,ASW,CE,Federal Contract Tower,6,5,24,0,35,0,3,10,0,13,6,8,34,0,48,2,0,2,50
08/19/2021,TYR,TX,ASW,CE,Federal Contract Tower,7,9,36,0,52,0,0,31,1,32,7,9,67,1,84,50,0,50,134
08/20/2021,TYR,TX,ASW,CE,Federal Contract Tower,8,8,35,0,51,0,3,41,0,44,8,11,76,0,95,38,0,38,133
08/21/2021,TYR,TX,ASW,CE,Federal Contract Tower,6,5,31,14,56,0,4,56,0,60,6,9,87,14,116,34,10,44,160
08/22/2021,TYR,TX,ASW,CE,Federal Contract Tower,7,2,21,0,30,0,0,31,0,31,7,2,52,0,61,0,0,0,61
08/23/2021,TYR,TX,ASW,CE,Federal Contract Tower,7,6,17,0,30,0,0,66,0,66,7,6,83,0,96,42,0,42,138
08/24/2021,TYR,TX,ASW,CE,Federal Contract Tower,6,9,13,2,30,0,2,55,2,59,6,11,68,4,89,20,0,20,109
08/25/2021,TYR,TX,ASW,CE,Federal Contract Tower,7,4,13,0,24,0,4,60,0,64,7,8,73,0,88,82,0,82,170
08/26/2021,TYR,TX,ASW,CE,Federal Contract Tower,7,5,21,1,34,0,2,34,0,36,7,7,55,1,70,52,0,52,122
08/27/2021,TYR,TX,ASW,CE,Federal Contract Tower,7,6,40,0,53,0,3,29,0,32,7,9,69,0,85,26,0,26,111
08/28/2021,TYR,TX,ASW,CE,Federal Contract Tower,6,6,10,0,22,0,4,12,0,16,6,10,22,0,38,2,0,2,40
08/29/2021,TYR,TX,ASW,CE,Federal Contract Tower,7,1,19,0,27,0,0,13,0,13,7,1,32,0,40,0,0,0,40
08/30/2021,TYR,TX,ASW,CE,Federal Contract Tower,6,12,13,1,32,0,12,43,1,56,6,24,56,2,88,48,0,48,136
08/31/2021,TYR,TX,ASW,CE,Federal Contract Tower,6,14,7,0,27,0,7,51,0,58,6,21,58,0,85,22,0,22,107
09/01/2021,TYR,TX,ASW,CE,Federal Contract Tower,7,10,17,0,34,0,7,43,0,50,7,17,60,0,84,38,0,38,122
09/02/2021,TYR,TX,ASW,CE,Federal Contract Tower,7,11,26,0,44,0,1,34,0,35,7,12,60,0,79,18,0,18,97
09/03/2021,TYR,TX,ASW,CE,Federal Contract Tower,7,3,33,6,49,0,4,39,0,43,7,7,72,6,92,0,0,0,92
09/04/2021,TYR,TX,ASW,CE,Federal Contract Tower,6,3,11,0,20,0,0,53,0,53,6,3,64,0,73,54,0,54,127
09/05/2021,TYR,TX,ASW,CE,Federal Contract Tower,6,2,11,0,19,0,2,16,0,18,6,4,27,0,37,8,0,8,45
09/06/2021,TYR,TX,ASW,CE,Federal Contract Tower,6,2,28,0,36,0,1,39,0,40,6,3,67,0,76,38,0,38,114
09/07/2021,TYR,TX,ASW,CE,Federal Contract Tower,6,9,26,1,42,0,5,31,0,36,6,14,57,1,78,16,0,16,94
09/08/2021,TYR,TX,ASW,CE,Federal Contract Tower,5,12,29,0,46,0,9,56,2,67,5,21,85,2,113,90,0,90,203
09/09/2021,TYR,TX,ASW,CE,Federal Contract Tower,4,5,20,0,29,0,0,52,1,53,4,5,72,1,82,59,0,59,141
09/10/2021,TYR,TX,ASW,CE,Federal Contract Tower,5,6,54,0,65,0,3,48,1,52,5,9,102,1,117,20,0,20,137
09/11/2021,TYR,TX,ASW,CE,Federal Contract Tower,7,5,14,0,26,0,1,60,0,61,7,6,74,0,87,4,0,4,91
09/12/2021,TYR,TX,ASW,CE,Federal Contract Tower,5,7,30,0,42,0,0,46,0,46,5,7,76,0,88,8,0,8,96
09/13/2021,TYR,TX,ASW,CE,Federal Contract Tower,6,9,23,0,38,0,0,8,0,8,6,9,31,0,46,10,0,10,56
09/14/2021,TYR,TX,ASW,CE,Federal Contract Tower,6,8,34,0,48,0,0,2,0,2,6,8,36,0,50,4,0,4,54
09/15/2021,TYR,TX,ASW,CE,Federal Contract Tower,5,4,22,0,31,0,0,10,0,10,5,4,32,0,41,14,0,14,55
09/16/2021,TYR,TX,ASW,CE,Federal Contract Tower,5,9,22,0,36,0,0,32,0,32,5,9,54,0,68,62,0,62,130
09/17/2021,TYR,TX,ASW,CE,Federal Contract Tower,4,9,22,1,36,0,3,40,0,43,4,12,62,1,79,20,0,20,99
09/18/2021,TYR,TX,ASW,CE,Federal Contract Tower,6,5,30,0,41,0,0,30,1,31,6,5,60,1,72,4,0,4,76
09/19/2021,TYR,TX,ASW,CE,Federal Contract Tower,6,5,17,6,34,0,3,22,2,27,6,8,39,8,61,32,0,32,93
09/20/2021,TYR,TX,ASW,CE,Federal Contract Tower,6,10,15,0,31,0,0,18,0,18,6,10,33,0,49,14,0,14,63
09/21/2021,TYR,TX,ASW,CE,Federal Contract Tower,6,5,16,0,27,0,2,15,0,17,6,7,31,0,44,0,0,0,44
09/22/2021,TYR,TX,ASW,CE,Federal Contract Tower,5,9,13,3,30,0,5,52,2,59,5,14,65,5,89,124,4,128,217
09/23/2021,TYR,TX,ASW,CE,Federal Contract Tower,5,3,27,0,35,0,0,54,0,54,5,3,81,0,89,26,0,26,115
09/24/2021,TYR,TX,ASW,CE,Federal Contract Tower,5,5,26,0,36,0,5,52,0,57,5,10,78,0,93,38,0,38,131
09/25/2021,TYR,TX,ASW,CE,Federal Contract Tower,6,3,17,0,26,0,10,51,0,61,6,13,68,0,87,22,0,22,109
09/26/2021,TYR,TX,ASW,CE,Federal Contract Tower,5,4,19,0,28,0,2,44,0,46,5,6,63,0,74,12,0,12,86
09/27/2021,TYR,TX,ASW,CE,Federal Contract Tower,6,9,22,5,42,0,4,48,1,53,6,13,70,6,95,36,8,44,139
09/28/2021,TYR,TX,ASW,CE,Federal Contract Tower,6,12,16,0,34,0,3,25,0,28,6,15,41,0,62,6,0,6,68
09/29/2021,TYR,TX,ASW,CE,Federal Contract Tower,5,4,21,0,30,0,3,30,4,37,5,7,51,4,67,22,0,22,89
09/30/2021,TYR,TX,ASW,CE,Federal Contract Tower,5,7,26,0,38,0,1,14,0,15,5,8,40,0,53,26,0,26,79
10/01/2021,TYR,TX,ASW,CE,Federal Contract Tower,4,6,25,0,35,0,2,8,0,10,4,8,33,0,45,0,0,0,45
10/02/2021,TYR,TX,ASW,CE,Federal Contract Tower,6,2,17,0,25,0,0,12,0,12,6,2,29,0,37,0,0,0,37
10/03/2021,TYR,TX,ASW,CE,Federal Contract Tower,5,4,20,0,29,0,1,43,0,44,5,5,63,0,73,12,0,12,85
10/04/2021,TYR,TX,ASW,CE,Federal Contract Tower,6,5,27,0,38,0,1,62,0,63,6,6,89,0,101,50,0,50,151
10/05/2021,TYR,TX,ASW,CE,Federal Contract Tower,6,18,23,0,47,10,0,0,0,10,16,18,23,0,57,10,0,10,67
10/06/2021,TYR,TX,ASW,CE,Federal Contract Tower,5,7,17,1,30,0,1,49,3,53,5,8,66,4,83,54,0,54,137
10/07/2021,TYR,TX,ASW,CE,Federal Contract Tower,7,11,34,2,54,0,16,56,0,72,7,27,90,2,126,66,4,70,196
10/08/2021,TYR,TX,ASW,CE,Federal Contract Tower,6,7,28,0,41,0,4,48,0,52,6,11,76,0,93,18,0,18,111
10/09/2021,TYR,TX,ASW,CE,Federal Contract Tower,6,9,20,0,35,0,1,65,0,66,6,10,85,0,101,32,0,32,133
10/10/2021,TYR,TX,ASW,CE,Federal Contract Tower,6,5,23,0,34,0,0,12,0,12,6,5,35,0,46,0,0,0,46
10/11/2021,TYR,TX,ASW,CE,Federal Contract Tower,6,9,18,4,37,0,3,41,0,44,6,12,59,4,81,18,0,18,99
10/13/2021,TYR,TX,ASW,CE,Federal Contract Tower,8,4,23,0,35,0,3,13,0,16,8,7,36,0,51,14,0,14,65
10/14/2021,TYR,TX,ASW,CE,Federal Contract Tower,8,28,39,0,75,0,0,22,1,23,8,28,61,1,98,58,2,60,158
10/15/2021,TYR,TX,ASW,CE,Federal Contract Tower,7,12,49,0,68,0,1,14,3,18,7,13,63,3,86,8,0,8,94
10/16/2021,TYR,TX,ASW,CE,Federal Contract Tower,6,8,30,0,44,0,6,75,0,81,6,14,105,0,125,70,0,70,195
10/17/2021,TYR,TX,ASW,CE,Federal Contract Tower,5,7,23,0,35,0,4,61,0,65,5,11,84,0,100,24,0,24,124
10/18/2021,TYR,TX,ASW,CE,Federal Contract Tower,6,12,24,0,42,0,2,74,0,76,6,14,98,0,118,46,0,46,164
10/19/2021,TYR,TX,ASW,CE,Federal Contract Tower,6,10,20,0,36,0,63,0,0,63,6,73,20,0,99,46,0,46,145
10/20/2021,TYR,TX,ASW,CE,Federal Contract Tower,7,11,18,0,36,0,0,77,0,77,7,11,95,0,113,76,0,76,189
10/21/2021,TYR,TX,ASW,CE,Federal Contract Tower,7,5,32,0,44,0,0,75,1,76,7,5,107,1,120,58,0,58,178
10/22/2021,TYR,TX,ASW,CE,Federal Contract Tower,7,10,23,4,44,0,0,56,0,56,7,10,79,4,100,46,8,54,154
10/23/2021,TYR,TX,ASW,CE,Federal Contract Tower,6,10,27,0,43,0,8,24,0,32,6,18,51,0,75,12,0,12,87
10/24/2021,TYR,TX,ASW,CE,Federal Contract Tower,7,14,33,2,56,0,0,26,0,26,7,14,59,2,82,0,0,0,82
10/25/2021,TYR,TX,ASW,CE,Federal Contract Tower,6,10,39,0,55,0,11,45,2,58,6,21,84,2,113,46,0,46,159
10/26/2021,TYR,TX,ASW,CE,Federal Contract Tower,5,10,29,4,48,0,0,23,0,23,5,10,52,4,71,42,0,42,113
10/27/2021,TYR,TX,ASW,CE,Federal Contract Tower,8,9,14,0,31,0,6,10,0,16,8,15,24,0,47,0,0,0,47
10/28/2021,TYR,TX,ASW,CE,Federal Contract Tower,4,4,22,1,31,0,1,5,1,7,4,5,27,2,38,0,4,4,42
10/29/2021,TYR,TX,ASW,CE,Federal Contract Tower,7,7,22,0,36,0,2,23,0,25,7,9,45,0,61,4,0,4,65
10/30/2021,TYR,TX,ASW,CE,Federal Contract Tower,6,3,29,0,38,0,3,72,0,75,6,6,101,0,113,16,0,16,129
10/31/2021,TYR,TX,ASW,CE,Federal Contract Tower,7,2,21,0,30,0,3,91,0,94,7,5,112,0,124,50,0,50,174
11/01/2021,TYR,TX,ASW,CE,Federal Contract Tower,6,8,41,0,55,0,0,82,0,82,6,8,123,0,137,52,0,52,189
11/02/2021,TYR,TX,ASW,CE,Federal Contract Tower,5,18,36,0,59,0,9,46,0,55,5,27,82,0,114,70,0,70,184
11/03/2021,TYR,TX,ASW,CE,Federal Contract Tower,9,8,13,0,30,0,0,0,0,0,9,8,13,0,30,2,0,2,32
11/04/2021,TYR,TX,ASW,CE,Federal Contract Tower,9,18,38,3,68,0,1,48,2,51,9,19,86,5,119,20,4,24,143
11/05/2021,TYR,TX,ASW,CE,Federal Contract Tower,8,8,29,2,47,0,0,50,0,50,8,8,79,2,97,20,6,26,123
11/06/2021,TYR,TX,ASW,CE,Federal Contract Tower,9,7,30,2,48,0,2,75,4,81,9,9,105,6,129,16,6,22,151
11/07/2021,TYR,TX,ASW,CE,Federal Contract Tower,9,2,34,4,49,0,0,62,0,62,9,2,96,4,111,24,0,24,135
11/08/2021,TYR,TX,ASW,CE,Federal Contract Tower,8,11,41,0,60,0,1,62,0,63,8,12,103,0,123,52,0,52,175
11/09/2021,TYR,TX,ASW,CE,Federal Contract Tower,6,6,28,0,40,0,4,40,0,44,6,10,68,0,84,44,0,44,128
11/10/2021,TYR,TX,ASW,CE,Federal Contract Tower,7,8,46,0,61,0,2,19,0,21,7,10,65,0,82,14,0,14,96
11/11/2021,TYR,TX,ASW,CE,Federal Contract Tower,9,4,28,0,41,0,6,57,0,63,9,10,85,0,104,24,0,24,128
11/12/2021,TYR,TX,ASW,CE,Federal Contract Tower,10,10,18,0,38,0,0,56,0,56,10,10,74,0,94,14,0,14,108
11/13/2021,TYR,TX,ASW,CE,Federal Contract Tower,8,8,33,0,49,0,0,78,0,78,8,8,111,0,127,4,0,4,131
11/14/2021,TYR,TX,ASW,CE,Federal Contract Tower,9,2,25,0,36,0,0,60,0,60,9,2,85,0,96,16,0,16,112
11/15/2021,TYR,TX,ASW,CE,Federal Contract Tower,8,8,35,0,51,0,0,41,0,41,8,8,76,0,92,52,0,52,144
11/16/2021,TYR,TX,ASW,CE,Federal Contract Tower,6,7,29,0,42,0,0,14,0,14,6,7,43,0,56,0,0,0,56
11/17/2021,TYR,TX,ASW,CE,Federal Contract Tower,9,10,27,2,48,0,1,29,2,32,9,11,56,4,80,36,0,36,116
11/18/2021,TYR,TX,ASW,CE,Federal Contract Tower,7,11,42,0,60,0,4,48,0,52,7,15,90,0,112,54,0,54,166
11/19/2021,TYR,TX,ASW,CE,Federal Contract Tower,7,12,39,0,58,0,3,69,0,72,7,15,108,0,130,46,0,46,176
11/20/2021,TYR,TX,ASW,CE,Federal Contract Tower,6,13,23,0,42,0,6,70,0,76,6,19,93,0,118,16,0,16,134
11/21/2021,TYR,TX,ASW,CE,Federal Contract Tower,6,7,45,0,58,0,0,6,0,6,6,7,51,0,64,12,0,12,76
11/22/2021,TYR,TX,ASW,CE,Federal Contract Tower,7,9,31,0,47,0,2,64,0,66,7,11,95,0,113,22,0,22,135
11/23/2021,TYR,TX,ASW,CE,Federal Contract Tower,7,10,21,0,38,0,0,71,0,71,7,10,92,0,109,60,0,60,169
11/24/2021,TYR,TX,ASW,CE,Federal Contract Tower,7,8,24,3,42,0,3,30,0,33,7,11,54,3,75,66,2,68,143
11/25/2021,TYR,TX,ASW,CE,Federal Contract Tower,5,0,5,0,10,0,1,7,0,8,5,1,12,0,18,8,0,8,26
11/26/2021,TYR,TX,ASW,CE,Federal Contract Tower,3,7,12,0,22,0,1,53,0,54,3,8,65,0,76,12,0,12,88
11/27/2021,TYR,TX,ASW,CE,Federal Contract Tower,6,6,32,0,44,0,2,31,0,33,6,8,63,0,77,16,0,16,93
11/28/2021,TYR,TX,ASW,CE,Federal Contract Tower,6,9,20,0,35,0,0,29,0,29,6,9,49,0,64,16,0,16,80
11/29/2021,TYR,TX,ASW,CE,Federal Contract Tower,7,10,35,3,55,0,6,59,0,65,7,16,94,3,120,58,0,58,178
11/30/2021,TYR,TX,ASW,CE,Federal Contract Tower,6,13,26,0,45,0,7,59,6,72,6,20,85,6,117,30,2,32,149
12/01/2021,TYR,TX,ASW,CE,Federal Contract Tower,9,8,40,0,57,0,0,61,0,61,9,8,101,0,118,102,0,102,220
12/02/2021,TYR,TX,ASW,CE,Federal Contract Tower,10,4,25,0,39,0,1,46,0,47,10,5,71,0,86,32,0,32,118
12/03/2021,TYR,TX,ASW,CE,Federal Contract Tower,9,5,14,0,28,0,1,13,0,14,9,6,27,0,42,0,0,0,42
12/04/2021,TYR,TX,ASW,CE,Federal Contract Tower,8,5,12,0,25,0,1,12,0,13,8,6,24,0,38,28,0,28,66
12/05/2021,TYR,TX,ASW,CE,Federal Contract Tower,9,1,23,0,33,0,0,9,0,9,9,1,32,0,42,10,0,10,52
12/06/2021,TYR,TX,ASW,CE,Federal Contract Tower,8,13,19,2,42,0,2,20,0,22,8,15,39,2,64,30,0,30,94
12/07/2021,TYR,TX,ASW,CE,Federal Contract Tower,9,7,27,2,45,0,4,39,0,43,9,11,66,2,88,30,0,30,118
12/08/2021,TYR,TX,ASW,CE,Federal Contract Tower,8,11,33,0,52,0,2,18,0,20,8,13,51,0,72,47,0,47,119
12/09/2021,TYR,TX,ASW,CE,Federal Contract Tower,9,9,38,0,56,0,0,30,0,30,9,9,68,0,86,16,0,16,102
12/10/2021,TYR,TX,ASW,CE,Federal Contract Tower,9,5,35,0,49,0,7,11,0,18,9,12,46,0,67,0,0,0,67
12/11/2021,TYR,TX,ASW,CE,Federal Contract Tower,8,11,19,0,38,0,3,42,0,45,8,14,61,0,83,20,0,20,103
12/12/2021,TYR,TX,ASW,CE,Federal Contract Tower,9,4,17,0,30,0,0,67,0,67,9,4,84,0,97,40,0,40,137
12/13/2021,TYR,TX,ASW,CE,Federal Contract Tower,7,7,25,0,39,0,1,43,0,44,7,8,68,0,83,40,0,40,123
12/14/2021,TYR,TX,ASW,CE,Federal Contract Tower,7,9,38,4,58,0,0,5,0,5,7,9,43,4,63,34,0,34,97
12/15/2021,TYR,TX,ASW,CE,Federal Contract Tower,8,6,6,0,20,0,6,3,0,9,8,12,9,0,29,0,0,0,29
12/16/2021,TYR,TX,ASW,CE,Federal Contract Tower,9,5,41,0,55,0,0,7,0,7,9,5,48,0,62,16,0,16,78
12/17/2021,TYR,TX,ASW,CE,Federal Contract Tower,8,12,37,0,57,0,3,20,0,23,8,15,57,0,80,0,0,0,80
12/18/2021,TYR,TX,ASW,CE,Federal Contract Tower,7,5,16,0,28,0,0,3,0,3,7,5,19,0,31,0,0,0,31
12/19/2021,TYR,TX,ASW,CE,Federal Contract Tower,9,6,29,8,52,0,2,71,0,73,9,8,100,8,125,68,0,68,193
12/20/2021,TYR,TX,ASW,CE,Federal Contract Tower,7,5,26,0,38,0,0,8,0,8,7,5,34,0,46,26,0,26,72
12/21/2021,TYR,TX,ASW,CE,Federal Contract Tower,9,14,15,0,38,0,0,68,0,68,9,14,83,0,106,10,0,10,116
12/22/2021,TYR,TX,ASW,CE,Federal Contract Tower,8,9,43,0,60,0,7,77,0,84,8,16,120,0,144,70,0,70,214
12/23/2021,TYR,TX,ASW,CE,Federal Contract Tower,8,10,25,0,43,0,1,18,0,19,8,11,43,0,62,16,0,16,78
12/24/2021,TYR,TX,ASW,CE,Federal Contract Tower,5,3,6,0,14,0,0,3,0,3,5,3,9,0,17,0,0,0,17
12/25/2021,TYR,TX,ASW,CE,Federal Contract Tower,6,4,3,0,13,0,0,15,0,15,6,4,18,0,28,2,0,2,30
12/26/2021,TYR,TX,ASW,CE,Federal Contract Tower,7,3,24,0,34,0,0,11,0,11,7,3,35,0,45,0,0,0,45
12/27/2021,TYR,TX,ASW,CE,Federal Contract Tower,9,10,23,1,43,0,0,20,1,21,9,10,43,2,64,22,0,22,86
12/28/2021,TYR,TX,ASW,CE,Federal Contract Tower,6,6,18,0,30,0,4,15,0,19,6,10,33,0,49,6,0,6,55
12/29/2021,TYR,TX,ASW,CE,Federal Contract Tower,9,6,19,0,34,0,0,12,0,12,9,6,31,0,46,14,0,14,60
12/30/2021,TYR,TX,ASW,CE,Federal Contract Tower,7,6,35,0,48,0,4,70,0,74,7,10,105,0,122,42,0,42,164
12/31/2021,TYR,TX,ASW,CE,Federal Contract Tower,6,6,27,0,39,0,0,12,0,12,6,6,39,0,51,52,0,52,103
01/01/2022,TYR,TX,ASW,CE,Federal Contract Tower,5,0,13,0,18,0,0,9,0,9,5,0,22,0,27,0,0,0,27
01/02/2022,TYR,TX,ASW,CE,Federal Contract Tower,7,1,21,0,29,0,1,15,0,16,7,2,36,0,45,12,0,12,57
01/03/2022,TYR,TX,ASW,CE,Federal Contract Tower,9,5,11,0,25,0,4,80,0,84,9,9,91,0,109,50,0,50,159
01/04/2022,TYR,TX,ASW,CE,Federal Contract Tower,8,8,17,0,33,0,0,39,0,39,8,8,56,0,72,12,0,12,84
01/05/2022,TYR,TX,ASW,CE,Federal Contract Tower,7,6,19,0,32,0,0,35,4,39,7,6,54,4,71,40,0,40,111
01/06/2022,TYR,TX,ASW,CE,Federal Contract Tower,9,5,23,0,37,0,0,39,2,41,9,5,62,2,78,4,0,4,82
01/07/2022,TYR,TX,ASW,CE,Federal Contract Tower,8,6,38,0,52,0,1,58,0,59,8,7,96,0,111,54,0,54,165
01/08/2022,TYR,TX,ASW,CE,Federal Contract Tower,7,3,3,0,13,0,0,0,0,0,7,3,3,0,13,0,0,0,13
01/09/2022,TYR,TX,ASW,CE,Federal Contract Tower,10,8,38,0,56,0,0,8,0,8,10,8,46,0,64,4,0,4,68
01/10/2022,TYR,TX,ASW,CE,Federal Contract Tower,8,9,28,2,47,0,0,43,0,43,8,9,71,2,90,56,8,64,154
01/11/2022,TYR,TX,ASW,CE,Federal Contract Tower,9,8,26,0,43,0,2,49,0,51,9,10,75,0,94,17,0,17,111
01/12/2022,TYR,TX,ASW,CE,Federal Contract Tower,9,7,29,0,45,0,2,70,0,72,9,9,99,0,117,52,0,52,169
01/13/2022,TYR,TX,ASW,CE,Federal Contract Tower,9,7,41,0,57,0,0,70,0,70,9,7,111,0,127,38,0,38,165
01/14/2022,TYR,TX,ASW,CE,Federal Contract Tower,10,7,14,4,35,0,1,53,0,54,10,8,67,4,89,52,0,52,141
01/15/2022,TYR,TX,ASW,CE,Federal Contract Tower,8,5,0,0,13,0,0,1,0,1,8,5,1,0,14,0,0,0,14
01/16/2022,TYR,TX,ASW,CE,Federal Contract Tower,9,3,30,0,42,0,6,48,0,54,9,9,78,0,96,4,0,4,100
01/17/2022,TYR,TX,ASW,CE,Federal Contract Tower,9,7,12,0,28,0,5,106,1,112,9,12,118,1,140,86,0,86,226
01/18/2022,TYR,TX,ASW,CE,Federal Contract Tower,10,7,24,3,44,0,0,16,1,17,10,7,40,4,61,12,0,12,73
01/19/2022,TYR,TX,ASW,CE,Federal Contract Tower,9,6,37,0,52,0,1,4,0,5,9,7,41,0,57,6,0,6,63
01/20/2022,TYR,TX,ASW,CE,Federal Contract Tower,7,11,19,0,37,0,7,21,0,28,7,18,40,0,65,28,0,28,93
01/21/2022,TYR,TX,ASW,CE,Federal Contract Tower,8,4,39,2,53,0,5,55,0,60,8,9,94,2,113,76,6,82,195
01/22/2022,TYR,TX,ASW,CE,Federal Contract Tower,8,8,12,4,32,0,8,106,0,114,8,16,118,4,146,90,0,90,236
01/23/2022,TYR,TX,ASW,CE,Federal Contract Tower,8,3,29,0,40,0,2,71,0,73,8,5,100,0,113,10,0,10,123
01/24/2022,TYR,TX,ASW,CE,Federal Contract Tower,6,7,29,0,42,0,0,3,0,3,6,7,32,0,45,2,0,2,47
01/25/2022,TYR,TX,ASW,CE,Federal Contract Tower,8,9,27,0,44,0,1,29,0,30,8,10,56,0,74,40,0,40,114
01/26/2022,TYR,TX,ASW,CE,Federal Contract Tower,10,10,20,0,40,0,2,58,0,60,10,12,78,0,100,88,0,88,188
01/27/2022,TYR,TX,ASW,CE,Federal Contract Tower,9,7,30,0,46,0,4,39,0,43,9,11,69,0,89,40,0,40,129
01/28/2022,TYR,TX,ASW,CE,Federal Contract Tower,8,8,23,2,41,0,6,49,0,55,8,14,72,2,96,20,0,20,116
01/29/2022,TYR,TX,ASW,CE,Federal Contract Tower,7,3,28,1,39,0,7,53,1,61,7,10,81,2,100,32,4,36,136
01/30/2022,TYR,TX,ASW,CE,Federal Contract Tower,9,0,27,0,36,0,2,60,0,62,9,2,87,0,98,32,0,32,130
01/31/2022,TYR,TX,ASW,CE,Federal Contract Tower,7,12,26,0,45,0,4,4,0,8,7,16,30,0,53,10,0,10,63
02/01/2022,TYR,TX,ASW,CE,Federal Contract Tower,7,7,53,3,70,0,2,13,1,16,7,9,66,4,86,0,0,0,86
02/02/2022,TYR,TX,ASW,CE,Federal Contract Tower,7,3,15,0,25,0,0,0,0,0,7,3,15,0,25,0,0,0,25
02/03/2022,TYR,TX,ASW,CE,Federal Contract Tower,0,0,3,0,3,0,0,0,0,0,0,0,3,0,3,0,0,0,3
02/04/2022,TYR,TX,ASW,CE,Federal Contract Tower,4,2,12,0,18,0,1,8,0,9,4,3,20,0,27,0,0,0,27
02/05/2022,TYR,TX,ASW,CE,Federal Contract Tower,7,9,11,1,28,0,5,26,6,37,7,14,37,7,65,12,0,12,77
02/06/2022,TYR,TX,ASW,CE,Federal Contract Tower,9,1,26,0,36,0,9,50,5,64,9,10,76,5,100,50,0,50,150
02/07/2022,TYR,TX,ASW,CE,Federal Contract Tower,7,7,19,0,33,0,12,58,2,72,7,19,77,2,105,38,0,38,143
02/08/2022,TYR,TX,ASW,CE,Federal Contract Tower,8,5,26,2,41,0,3,56,0,59,8,8,82,2,100,20,0,20,120
02/09/2022,TYR,TX,ASW,CE,Federal Contract Tower,8,4,37,0,49,0,1,96,0,97,8,5,133,0,146,56,0,56,202
02/10/2022,TYR,TX,ASW,CE,Federal Contract Tower,9,6,32,0,47,0,3,66,0,69,9,9,98,0,116,48,0,48,164
02/11/2022,TYR,TX,ASW,CE,Federal Contract Tower,7,7,40,0,54,0,5,72,1,78,7,12,112,1,132,34,0,34,166
02/12/2022,TYR,TX,ASW,CE,Federal Contract Tower,6,3,12,0,21,0,1,21,1,23,6,4,33,1,44,18,0,18,62
02/13/2022,TYR,TX,ASW,CE,Federal Contract Tower,9,3,27,0,39,0,6,59,0,65,9,9,86,0,104,66,0,66,170
02/14/2022,TYR,TX,ASW,CE,Federal Contract Tower,7,7,25,0,39,0,5,47,1,53,7,12,72,1,92,34,0,34,126
02/15/2022,TYR,TX,ASW,CE,Federal Contract Tower,8,5,18,4,35,0,7,29,3,39,8,12,47,7,74,20,0,20,94
02/16/2022,TYR,TX,ASW,CE,Federal Contract Tower,8,9,36,0,53,0,1,8,0,9,8,10,44,0,62,6,0,6,68
02/17/2022,TYR,TX,ASW,CE,Federal Contract Tower,9,7,36,0,52,0,1,7,0,8,9,8,43,0,60,20,0,20,80
02/18/2022,TYR,TX,ASW,CE,Federal Contract Tower,9,6,31,2,48,0,6,75,0,81,9,12,106,2,129,62,0,62,191
02/19/2022,TYR,TX,ASW,CE,Federal Contract Tower,7,4,23,0,34,0,5,92,6,103,7,9,115,6,137,72,2,74,211
02/20/2022,TYR,TX,ASW,CE,Federal Contract Tower,9,4,16,0,29,0,2,28,8,38,9,6,44,8,67,14,4,18,85
02/21/2022,TYR,TX,ASW,CE,Federal Contract Tower,8,3,28,0,39,0,0,3,0,3,8,3,31,0,42,0,0,0,42
02/22/2022,TYR,TX,ASW,CE,Federal Contract Tower,7,9,24,0,40,0,0,24,0,24,7,9,48,0,64,14,0,14,78
02/23/2022,TYR,TX,ASW,CE,Federal Contract Tower,2,3,14,0,19,0,0,1,0,1,2,3,15,0,20,0,0,0,20
02/24/2022,TYR,TX,ASW,CE,Federal Contract Tower,1,1,8,0,10,0,0,0,0,0,1,1,8,0,10,0,0,0,10
02/25/2022,TYR,TX,ASW,CE,Federal Contract Tower,9,7,25,0,41,0,1,12,0,13,9,8,37,0,54,24,0,24,78
02/26/2022,TYR,TX,ASW,CE,Federal Contract Tower,4,5,12,0,21,0,0,0,0,0,4,5,12,0,21,0,0,0,21
02/27/2022,TYR,TX,ASW,CE,Federal Contract Tower,9,2,34,0,45,0,6,48,0,54,9,8,82,0,99,44,0,44,143
02/28/2022,TYR,TX,ASW,CE,Federal Contract Tower,7,3,48,0,58,0,5,51,0,56,7,8,99,0,114,22,0,22,136
03/01/2022,TYR,TX,ASW,CE,Federal Contract Tower,7,3,23,2,35,0,14,84,0,98,7,17,107,2,133,38,10,48,181
03/02/2022,TYR,TX,ASW,CE,Federal Contract Tower,9,5,8,2,24,0,4,68,1,73,9,9,76,3,97,54,8,62,159
03/03/2022,TYR,TX,ASW,CE,Federal Contract Tower,6,6,37,4,53,0,11,81,2,94,6,17,118,6,147,28,0,28,175
03/04/2022,TYR,TX,ASW,CE,Federal Contract Tower,7,8,43,0,58,0,4,46,0,50,7,12,89,0,108,36,0,36,144
03/05/2022,TYR,TX,ASW,CE,Federal Contract Tower,7,4,20,0,31,0,0,11,3,14,7,4,31,3,45,44,0,44,89
03/06/2022,TYR,TX,ASW,CE,Federal Contract Tower,9,6,15,0,30,0,0,6,0,6,9,6,21,0,36,0,0,0,36
03/07/2022,TYR,TX,ASW,CE,Federal Contract Tower,8,3,30,4,45,0,0,24,0,24,8,3,54,4,69,0,0,0,69
03/08/2022,TYR,TX,ASW,CE,Federal Contract Tower,7,8,18,0,33,0,0,2,0,2,7,8,20,0,35,0,0,0,35
03/09/2022,TYR,TX,ASW,CE,Federal Contract Tower,8,8,39,5,60,0,0,70,3,73,8,8,109,8,133,34,2,36,169
03/10/2022,TYR,TX,ASW,CE,Federal Contract Tower,7,10,36,1,54,0,2,78,0,80,7,12,114,1,134,18,0,18,152
03/11/2022,TYR,TX,ASW,CE,Federal Contract Tower,7,8,23,0,38,0,0,10,1,11,7,8,33,1,49,16,0,16,65
03/12/2022,TYR,TX,ASW,CE,Federal Contract Tower,7,4,33,0,44,0,4,92,4,100,7,8,125,4,144,8,0,8,152
03/13/2022,TYR,TX,ASW,CE,Federal Contract Tower,8,4,9,4,25,0,0,44,0,44,8,4,53,4,69,8,0,8,77
03/14/2022,TYR,TX,ASW,CE,Federal Contract Tower,5,2,20,0,27,0,1,12,0,13,5,3,32,0,40,2,0,2,42
03/15/2022,TYR,TX,ASW,CE,Federal Contract Tower,8,7,22,0,37,0,1,27,0,28,8,8,49,0,65,28,0,28,93
03/16/2022,TYR,TX,ASW,CE,Federal Contract Tower,8,7,31,0,46,0,3,39,0,42,8,10,70,0,88,68,0,68,156
03/17/2022,TYR,TX,ASW,CE,Federal Contract Tower,7,6,17,2,32,0,14,18,0,32,7,20,35,2,64,26,0,26,90
03/18/2022,TYR,TX,ASW,CE,Federal Contract Tower,3,7,28,2,40,0,1,20,0,21,3,8,48,2,61,4,0,4,65
03/19/2022,TYR,TX,ASW,CE,Federal Contract Tower,6,9,24,2,41,0,3,78,5,86,6,12,102,7,127,40,0,40,167
03/20/2022,TYR,TX,ASW,CE,Federal Contract Tower,7,2,23,0,32,0,0,62,0,62,7,2,85,0,94,12,0,12,106
03/21/2022,TYR,TX,ASW,CE,Federal Contract Tower,4,9,11,0,24,0,0,1,0,1,4,9,12,0,25,0,0,0,25
03/22/2022,TYR,TX,ASW,CE,Federal Contract Tower,10,11,28,0,49,0,2,7,0,9,10,13,35,0,58,22,0,22,80
03/23/2022,TYR,TX,ASW,CE,Federal Contract Tower,6,3,24,0,33,0,3,62,2,67,6,6,86,2,100,52,0,52,152
03/24/2022,TYR,TX,ASW,CE,Federal Contract Tower,7,9,18,0,34,0,1,68,2,71,7,10,86,2,105,144,0,144,249
03/25/2022,TYR,TX,ASW,CE,Federal Contract Tower,6,11,45,6,68,0,2,100,0,102,6,13,145,6,170,70,0,70,240
03/26/2022,TYR,TX,ASW,CE,Federal Contract Tower,6,9,21,1,37,0,2,109,6,117,6,11,130,7,154,58,0,58,212
03/27/2022,TYR,TX,ASW,CE,Federal Contract Tower,7,2,22,0,31,0,0,52,0,52,7,2,74,0,83,6,0,6,89
03/28/2022,TYR,TX,ASW,CE,Federal Contract Tower,8,3,15,6,32,0,4,35,0,39,8,7,50,6,71,54,10,64,135
03/29/2022,TYR,TX,ASW,CE,Federal Contract Tower,7,10,31,6,54,0,0,9,0,9,7,10,40,6,63,0,0,0,63
03/30/2022,TYR,TX,ASW,CE,Federal Contract Tower,8,8,15,0,31,0,1,10,0,11,8,9,25,0,42,6,0,6,48
03/31/2022,TYR,TX,ASW,CE,Federal Contract Tower,7,11,31,0,49,0,2,48,0,50,7,13,79,0,99,16,0,16,115
04/01/2022,TYR,TX,ASW,CE,Federal Contract Tower,7,5,21,0,33,0,2,56,0,58,7,7,77,0,91,50,0,50,141
04/02/2022,TYR,TX,ASW,CE,Federal Contract Tower,6,9,29,0,44,0,0,76,4,80,6,9,105,4,124,10,6,16,140
04/03/2022,TYR,TX,ASW,CE,Federal Contract Tower,7,6,34,0,47,0,3,46,0,49,7,9,80,0,96,14,0,14,110
04/04/2022,TYR,TX,ASW,CE,Federal Contract Tower,10,10,34,1,55,0,2,13,0,15,10,12,47,1,70,8,0,8,78
04/05/2022,TYR,TX,ASW,CE,Federal Contract Tower,7,9,30,0,46,0,3,28,0,31,7,12,58,0,77,40,0,40,117
04/06/2022,TYR,TX,ASW,CE,Federal Contract Tower,7,7,22,0,36,0,1,24,0,25,7,8,46,0,61,8,0,8,69
04/07/2022,TYR,TX,ASW,CE,Federal Contract Tower,7,5,27,0,39,0,0,36,0,36,7,5,63,0,75,38,0,38,113
04/08/2022,TYR,TX,ASW,CE,Federal Contract Tower,8,7,35,1,51,0,1,32,0,33,8,8,67,1,84,0,0,0,84
04/09/2022,TYR,TX,ASW,CE,Federal Contract Tower,7,3,18,0,28,0,1,54,0,55,7,4,72,0,83,20,0,20,103
04/10/2022,TYR,TX,ASW,CE,Federal Contract Tower,7,3,20,0,30,0,0,11,0,11,7,3,31,0,41,0,0,0,41
04/11/2022,TYR,TX,ASW,CE,Federal Contract Tower,8,15,20,0,43,0,0,16,0,16,8,15,36,0,59,14,0,14,73
04/12/2022,TYR,TX,ASW,CE,Federal Contract Tower,6,10,30,0,46,0,0,5,0,5,6,10,35,0,51,16,0,16,67
04/13/2022,TYR,TX,ASW,CE,Federal Contract Tower,3,7,15,0,25,0,0,9,0,9,3,7,24,0,34,6,0,6,40
04/14/2022,TYR,TX,ASW,CE,Federal Contract Tower,7,6,36,0,49,2,90,0,0,92,9,96,36,0,141,44,0,44,185
04/15/2022,TYR,TX,ASW,CE,Federal Contract Tower,7,10,45,0,62,0,0,14,0,14,7,10,59,0,76,20,0,20,96
04/16/2022,TYR,TX,ASW,CE,Federal Contract Tower,7,5,34,0,46,0,2,6,0,8,7,7,40,0,54,12,0,12,66
04/17/2022,TYR,TX,ASW,CE,Federal Contract Tower,7,11,25,0,43,0,0,1,0,1,7,11,26,0,44,0,0,0,44
04/18/2022,TYR,TX,ASW,CE,Federal Contract Tower,7,12,68,0,87,0,10,56,0,66,7,22,124,0,153,66,0,66,219
04/19/2022,TYR,TX,ASW,CE,Federal Contract Tower,7,13,32,0,52,0,3,36,0,39,7,16,68,0,91,30,0,30,121
04/20/2022,TYR,TX,ASW,CE,Federal Contract Tower,7,11,38,0,56,0,0,7,0,7,7,11,45,0,63,0,0,0,63
04/21/2022,TYR,TX,ASW,CE,Federal Contract Tower,6,22,64,0,92,0,1,29,0,30,6,23,93,0,122,24,0,24,146
04/22/2022,TYR,TX,ASW,CE,Federal Contract Tower,6,10,34,0,50,0,0,23,0,23,6,10,57,0,73,22,0,22,95
04/23/2022,TYR,TX,ASW,CE,Federal Contract Tower,8,7,13,0,28,0,1,6,0,7,8,8,19,0,35,0,0,0,35
04/24/2022,TYR,TX,ASW,CE,Federal Contract Tower,6,2,26,0,34,0,1,4,0,5,6,3,30,0,39,0,0,0,39
04/25/2022,TYR,TX,ASW,CE,Federal Contract Tower,6,9,18,0,33,0,0,2,0,2,6,9,20,0,35,0,0,0,35
04/26/2022,TYR,TX,ASW,CE,Federal Contract Tower,7,8,30,3,48,0,8,87,8,103,7,16,117,11,151,84,0,84,235
04/27/2022,TYR,TX,ASW,CE,Federal Contract Tower,8,6,22,0,36,0,2,80,0,82,8,8,102,0,118,50,0,50,168
04/28/2022,TYR,TX,ASW,CE,Federal Contract Tower,6,3,21,0,30,0,1,57,0,58,6,4,78,0,88,68,0,68,156
04/29/2022,TYR,TX,ASW,CE,Federal Contract Tower,7,12,25,0,44,0,2,27,0,29,7,14,52,0,73,6,0,6,79
04/30/2022,TYR,TX,ASW,CE,Federal Contract Tower,7,5,22,0,34,0,0,14,0,14,7,5,36,0,48,8,0,8,56
05/01/2022,TYR,TX,ASW,CE,Federal Contract Tower,7,2,21,0,30,0,0,48,0,48,7,2,69,0,78,12,0,12,90
05/02/2022,TYR,TX,ASW,CE,Federal Contract Tower,6,11,29,0,46,0,2,10,0,12,6,13,39,0,58,0,0,0,58
05/03/2022,TYR,TX,ASW,CE,Federal Contract Tower,7,8,37,6,58,0,0,15,0,15,7,8,52,6,73,16,14,30,103
05/04/2022,TYR,TX,ASW,CE,Federal Contract Tower,7,13,30,0,50,0,0,14,0,14,7,13,44,0,64,16,0,16,80
05/05/2022,TYR,TX,ASW,CE,Federal Contract Tower,5,5,16,0,26,0,0,1,0,1,5,5,17,0,27,0,0,0,27
05/06/2022,TYR,TX,ASW,CE,Federal Contract Tower,5,11,32,0,48,0,3,68,9,80,5,14,100,9,128,40,0,40,168
05/07/2022,TYR,TX,ASW,CE,Federal Contract Tower,5,5,28,0,38,0,2,43,0,45,5,7,71,0,83,16,0,16,99
05/08/2022,TYR,TX,ASW,CE,Federal Contract Tower,5,4,19,0,28,0,4,33,0,37,5,8,52,0,65,0,0,0,65
05/09/2022,TYR,TX,ASW,CE,Federal Contract Tower,5,7,36,0,48,0,0,28,2,30,5,7,64,2,78,24,0,24,102
05/10/2022,TYR,TX,ASW,CE,Federal Contract Tower,5,11,43,0,59,0,0,36,0,36,5,11,79,0,95,28,0,28,123
05/11/2022,TYR,TX,ASW,CE,Federal Contract Tower,5,14,25,0,44,0,1,46,0,47,5,15,71,0,91,8,0,8,99
05/12/2022,TYR,TX,ASW,CE,Federal Contract Tower,5,5,21,0,31,0,4,71,0,75,5,9,92,0,106,42,0,42,148
05/13/2022,TYR,TX,ASW,CE,Federal Contract Tower,5,9,23,0,37,0,4,65,0,69,5,13,88,0,106,58,0,58,164
05/14/2022,TYR,TX,ASW,CE,Federal Contract Tower,5,7,11,0,23,0,0,179,0,179,5,7,190,0,202,10,0,10,212
05/15/2022,TYR,TX,ASW,CE,Federal Contract Tower,5,7,18,0,30,0,2,47,3,52,5,9,65,3,82,2,0,2,84
05/16/2022,TYR,TX,ASW,CE,Federal Contract Tower,5,8,21,0,34,0,7,56,0,63,5,15,77,0,97,74,0,74,171
05/17/2022,TYR,TX,ASW,CE,Federal Contract Tower,5,4,26,1,36,0,2,52,3,57,5,6,78,4,93,56,0,56,149
05/18/2022,TYR,TX,ASW,CE,Federal Contract Tower,5,7,38,0,50,0,3,31,0,34,5,10,69,0,84,30,0,30,114
05/19/2022,TYR,TX,ASW,CE,Federal Contract Tower,5,9,27,0,41,0,0,29,4,33,5,9,56,4,74,6,0,6,80
05/20/2022,TYR,TX,ASW,CE,Federal Contract Tower,3,6,33,0,42,0,1,28,0,29,3,7,61,0,71,22,0,22,93
05/21/2022,TYR,TX,ASW,CE,Federal Contract Tower,5,7,20,9,41,0,0,17,3,20,5,7,37,12,61,0,0,0,61
05/22/2022,TYR,TX,ASW,CE,Federal Contract Tower,4,2,36,0,42,0,0,0,0,0,4,2,36,0,42,0,0,0,42
05/23/2022,TYR,TX,ASW,CE,Federal Contract Tower,5,5,33,0,43,0,2,23,0,25,5,7,56,0,68,28,0,28,96
05/24/2022,TYR,TX,ASW,CE,Federal Contract Tower,5,3,23,0,31,0,0,0,0,0,5,3,23,0,31,0,0,0,31
05/25/2022,TYR,TX,ASW,CE,Federal Contract Tower,5,9,27,0,41,0,0,7,0,7,5,9,34,0,48,6,0,6,54
05/26/2022,TYR,TX,ASW,CE,Federal Contract Tower,5,11,32,0,48,0,1,49,0,50,5,12,81,0,98,42,0,42,140
05/27/2022,TYR,TX,ASW,CE,Federal Contract Tower,5,12,29,1,47,0,5,76,4,85,5,17,105,5,132,12,28,40,172
05/28/2022,TYR,TX,ASW,CE,Federal Contract Tower,5,4,24,0,33,0,0,64,0,64,5,4,88,0,97,58,0,58,155
05/29/2022,TYR,TX,ASW,CE,Federal Contract Tower,5,5,6,0,16,0,0,8,0,8,5,5,14,0,24,2,0,2,26
05/30/2022,TYR,TX,ASW,CE,Federal Contract Tower,5,2,30,0,37,0,0,9,0,9,5,2,39,0,46,0,0,0,46
05/31/2022,TYR,TX,ASW,CE,Federal Contract Tower,5,16,14,2,37,0,1,55,0,56,5,17,69,2,93,118,0,118,211
06/01/2022,TYR,TX,ASW,CE,Federal Contract Tower,2,19,28,0,49,0,2,32,0,34,2,21,60,0,83,4,0,4,87
06/02/2022,TYR,TX,ASW,CE,Federal Contract Tower,4,9,29,0,42,0,0,19,0,19,4,9,48,0,61,4,0,4,65
06/03/2022,TYR,TX,ASW,CE,Federal Contract Tower,5,8,41,0,54,0,0,13,2,15,5,8,54,2,69,18,0,18,87
06/04/2022,TYR,TX,ASW,CE,Federal Contract Tower,5,7,28,0,40,0,2,33,0,35,5,9,61,0,75,30,0,30,105
06/05/2022,TYR,TX,ASW,CE,Federal Contract Tower,4,2,27,0,33,0,0,35,0,35,4,2,62,0,68,8,0,8,76
06/06/2022,TYR,TX,ASW,CE,Federal Contract Tower,4,2,15,0,21,0,0,27,0,27,4,2,42,0,48,26,6,32,80
06/07/2022,TYR,TX,ASW,CE,Federal Contract Tower,5,12,28,0,45,0,0,42,4,46,5,12,70,4,91,36,0,36,127
06/08/2022,TYR,TX,ASW,CE,Federal Contract Tower,5,10,51,0,66,0,0,40,0,40,5,10,91,0,106,26,0,26,132
06/09/2022,TYR,TX,ASW,CE,Federal Contract Tower,6,10,37,4,57,0,0,43,0,43,6,10,80,4,100,84,0,84,184
06/10/2022,TYR,TX,ASW,CE,Federal Contract Tower,5,10,27,0,42,0,0,41,0,41,5,10,68,0,83,18,0,18,101
06/11/2022,TYR,TX,ASW,CE,Federal Contract Tower,5,5,15,0,25,0,6,44,0,50,5,11,59,0,75,20,0,20,95
06/12/2022,TYR,TX,ASW,CE,Federal Contract Tower,5,4,15,0,24,0,6,43,2,51,5,10,58,2,75,16,0,16,91
06/13/2022,TYR,TX,ASW,CE,Federal Contract Tower,5,7,14,7,33,0,2,36,0,38,5,9,50,7,71,28,0,28,99
06/14/2022,TYR,TX,ASW,CE,Federal Contract Tower,5,8,31,0,44,0,3,27,0,30,5,11,58,0,74,32,0,32,106
06/15/2022,TYR,TX,ASW,CE,Federal Contract Tower,5,8,37,0,50,0,1,35,0,36,5,9,72,0,86,14,0,14,100
06/16/2022,TYR,TX,ASW,CE,Federal Contract Tower,5,9,21,0,35,0,4,55,0,59,5,13,76,0,94,88,0,88,182
06/17/2022,TYR,TX,ASW,CE,Federal Contract Tower,4,10,25,0,39,0,1,59,0,60,4,11,84,0,99,40,0,40,139
06/18/2022,TYR,TX,ASW,CE,Federal Contract Tower,5,3,9,0,17,0,1,51,0,52,5,4,60,0,69,46,0,46,115
06/19/2022,TYR,TX,ASW,CE,Federal Contract Tower,5,3,23,0,31,0,2,24,0,26,5,5,47,0,57,4,0,4,61
06/20/2022,TYR,TX,ASW,CE,Federal Contract Tower,5,11,30,0,46,0,0,44,0,44,5,11,74,0,90,38,0,38,128
06/21/2022,TYR,TX,ASW,CE,Federal Contract Tower,5,7,27,0,39,0,6,61,0,67,5,13,88,0,106,66,0,66,172
06/22/2022,TYR,TX,ASW,CE,Federal Contract Tower,5,10,27,0,42,0,3,46,0,49,5,13,73,0,91,34,0,34,125
06/23/2022,TYR,TX,ASW,CE,Federal Contract Tower,5,5,34,0,44,0,2,51,0,53,5,7,85,0,97,14,0,14,111
06/24/2022,TYR,TX,ASW,CE,Federal Contract Tower,5,12,23,1,41,0,6,65,1,72,5,18,88,2,113,26,6,32,145
06/25/2022,TYR,TX,ASW,CE,Federal Contract Tower,5,7,37,0,49,0,7,37,0,44,5,14,74,0,93,6,0,6,99
06/26/2022,TYR,TX,ASW,CE,Federal Contract Tower,4,6,34,0,44,0,1,39,0,40,4,7,73,0,84,30,0,30,114
06/27/2022,TYR,TX,ASW,CE,Federal Contract Tower,5,7,37,6,55,0,0,48,0,48,5,7,85,6,103,44,10,54,157
06/29/2022,TYR,TX,ASW,CE,Federal Contract Tower,5,5,14,1,25,0,0,71,0,71,5,5,85,1,96,10,8,18,114
06/30/2022,TYR,TX,ASW,CE,Federal Contract Tower,5,8,19,2,34,0,4,41,3,48,5,12,60,5,82,26,0,26,108
07/01/2022,TYR,TX,ASW,CE,Federal Contract Tower,5,6,23,0,34,0,0,45,1,46,5,6,68,1,80,34,4,38,118
07/02/2022,TYR,TX,ASW,CE,Federal Contract Tower,5,3,27,0,35,0,0,65,1,66,5,3,92,1,101,12,0,12,113
07/03/2022,TYR,TX,ASW,CE,Federal Contract Tower,4,4,13,0,21,0,2,60,0,62,4,6,73,0,83,6,0,6,89
07/04/2022,TYR,TX,ASW,CE,Federal Contract Tower,5,4,14,0,23,0,2,22,1,25,5,6,36,1,48,0,0,0,48
07/05/2022,TYR,TX,ASW,CE,Federal Contract Tower,4,5,19,0,28,0,3,40,0,43,4,8,59,0,71,50,0,50,121
07/06/2022,TYR,TX,ASW,CE,Federal Contract Tower,4,3,32,0,39,0,10,47,2,59,4,13,79,2,98,38,0,38,136
07/07/2022,TYR,TX,ASW,CE,Federal Contract Tower,7,5,41,0,53,0,5,45,0,50,7,10,86,0,103,68,0,68,171
07/08/2022,TYR,TX,ASW,CE,Federal Contract Tower,5,9,25,1,40,0,3,41,3,47,5,12,66,4,87,26,0,26,113
07/09/2022,TYR,TX,ASW,CE,Federal Contract Tower,5,6,15,0,26,0,3,38,3,44,5,9,53,3,70,24,0,24,94
07/10/2022,TYR,TX,ASW,CE,Federal Contract Tower,5,4,25,0,34,0,0,35,0,35,5,4,60,0,69,10,0,10,79
07/11/2022,TYR,TX,ASW,CE,Federal Contract Tower,5,13,14,0,32,0,2,46,0,48,5,15,60,0,80,48,0,48,128
07/12/2022,TYR,TX,ASW,CE,Federal Contract Tower,4,18,29,0,51,0,2,57,0,59,4,20,86,0,110,26,0,26,136
07/13/2022,TYR,TX,ASW,CE,Federal Contract Tower,5,11,16,0,32,0,0,53,0,53,5,11,69,0,85,67,0,67,152
07/14/2022,TYR,TX,ASW,CE,Federal Contract Tower,4,4,21,0,29,0,0,28,0,28,4,4,49,0,57,12,0,12,69
07/15/2022,TYR,TX,ASW,CE,Federal Contract Tower,5,16,21,0,42,0,6,52,0,58,5,22,73,0,100,60,0,60,160
07/16/2022,TYR,TX,ASW,CE,Federal Contract Tower,4,13,21,0,38,0,3,63,0,66,4,16,84,0,104,44,0,44,148
07/17/2022,TYR,TX,ASW,CE,Federal Contract Tower,5,8,22,0,35,0,6,56,0,62,5,14,78,0,97,22,0,22,119
07/18/2022,TYR,TX,ASW,CE,Federal Contract Tower,5,2,27,0,34,0,1,44,0,45,5,3,71,0,79,76,0,76,155
07/19/2022,TYR,TX,ASW,CE,Federal Contract Tower,4,13,26,0,43,0,3,46,0,49,4,16,72,0,92,56,0,56,148
07/20/2022,TYR,TX,ASW,CE,Federal Contract Tower,4,8,37,0,49,0,5,24,0,29,4,13,61,0,78,12,0,12,90
07/21/2022,TYR,TX,ASW,CE,Federal Contract Tower,5,9,28,0,42,0,1,37,0,38,5,10,65,0,80,48,0,48,128
07/22/2022,TYR,TX,ASW,CE,Federal Contract Tower,6,7,25,0,38,0,1,40,0,41,6,8,65,0,79,0,0,0,79
07/23/2022,TYR,TX,ASW,CE,Federal Contract Tower,5,5,17,0,27,0,2,15,4,21,5,7,32,4,48,0,0,0,48
07/24/2022,TYR,TX,ASW,CE,Federal Contract Tower,5,2,24,0,31,0,2,33,0,35,5,4,57,0,66,14,0,14,80
07/25/2022,TYR,TX,ASW,CE,Federal Contract Tower,5,11,14,2,32,0,2,39,0,41,5,13,53,2,73,22,6,28,101
07/26/2022,TYR,TX,ASW,CE,Federal Contract Tower,4,12,28,0,44,0,4,40,2,46,4,16,68,2,90,18,0,18,108
07/27/2022,TYR,TX,ASW,CE,Federal Contract Tower,4,13,24,2,43,0,13,37,0,50,4,26,61,2,93,34,8,42,135
07/28/2022,TYR,TX,ASW,CE,Federal Contract Tower,5,10,19,0,34,0,1,47,0,48,5,11,66,0,82,4,0,4,86
07/29/2022,TYR,TX,ASW,CE,Federal Contract Tower,5,1,36,0,42,0,3,32,0,35,5,4,68,0,77,34,0,34,111
07/30/2022,TYR,TX,ASW,CE,Federal Contract Tower,5,10,24,0,39,0,2,26,0,28,5,12,50,0,67,4,0,4,71
07/31/2022,TYR,TX,ASW,CE,Federal Contract Tower,5,5,29,0,39,0,4,41,0,45,5,9,70,0,84,8,0,8,92
08/01/2022,TYR,TX,ASW,CE,Federal Contract Tower,5,6,22,0,33,0,0,43,0,43,5,6,65,0,76,12,0,12,88
08/02/2022,TYR,TX,ASW,CE,Federal Contract Tower,5,6,33,2,46,0,0,35,0,35,5,6,68,2,81,28,6,34,115
08/03/2022,TYR,TX,ASW,CE,Federal Contract Tower,3,9,24,0,36,0,4,39,0,43,3,13,63,0,79,24,0,24,103
08/04/2022,TYR,TX,ASW,CE,Federal Contract Tower,5,8,28,0,41,0,6,66,2,74,5,14,94,2,115,24,0,24,139
08/05/2022,TYR,TX,ASW,CE,Federal Contract Tower,5,9,28,0,42,0,10,45,0,55,5,19,73,0,97,20,0,20,117
08/06/2022,TYR,TX,ASW,CE,Federal Contract Tower,6,3,24,0,33,0,2,26,0,28,6,5,50,0,61,8,0,8,69
08/07/2022,TYR,TX,ASW,CE,Federal Contract Tower,5,1,17,2,25,0,2,26,0,28,5,3,43,2,53,0,0,0,53
08/08/2022,TYR,TX,ASW,CE,Federal Contract Tower,5,11,28,0,44,0,8,41,0,49,5,19,69,0,93,0,0,0,93
08/09/2022,TYR,TX,ASW,CE,Federal Contract Tower,5,12,18,3,38,0,0,30,2,32,5,12,48,5,70,64,0,64,134
08/10/2022,TYR,TX,ASW,CE,Federal Contract Tower,5,6,24,0,35,0,4,33,0,37,5,10,57,0,72,16,0,16,88
08/11/2022,TYR,TX,ASW,CE,Federal Contract Tower,5,16,26,0,47,0,10,51,0,61,5,26,77,0,108,20,0,20,128
08/12/2022,TYR,TX,ASW,CE,Federal Contract Tower,5,15,27,0,47,0,4,39,2,45,5,19,66,2,92,6,0,6,98
08/13/2022,TYR,TX,ASW,CE,Federal Contract Tower,5,4,11,0,20,0,1,30,3,34,5,5,41,3,54,24,6,30,84
08/14/2022,TYR,TX,ASW,CE,Federal Contract Tower,5,6,29,0,40,0,2,41,1,44,5,8,70,1,84,18,2,20,104
08/15/2022,TYR,TX,ASW,CE,Federal Contract Tower,5,4,23,4,36,0,4,47,0,51,5,8,70,4,87,14,0,14,101
08/16/2022,TYR,TX,ASW,CE,Federal Contract Tower,5,11,16,2,34,0,4,44,2,50,5,15,60,4,84,24,4,28,112
08/17/2022,TYR,TX,ASW,CE,Federal Contract Tower,7,16,32,2,57,0,16,42,0,58,7,32,74,2,115,16,0,16,131
08/18/2022,TYR,TX,ASW,CE,Federal Contract Tower,5,6,36,1,48,0,0,6,32,38,5,6,42,33,86,10,80,90,176
08/19/2022,TYR,TX,ASW,CE,Federal Contract Tower,7,10,31,0,48,0,0,35,14,49,7,10,66,14,97,6,80,86,183
08/20/2022,TYR,TX,ASW,CE,Federal Contract Tower,5,12,25,6,48,0,0,11,25,36,5,12,36,31,84,38,18,56,140
08/21/2022,TYR,TX,ASW,CE,Federal Contract Tower,4,5,25,0,34,0,0,4,0,4,4,5,29,0,38,0,0,0,38
08/22/2022,TYR,TX,ASW,CE,Federal Contract Tower,5,4,20,0,29,0,0,0,0,0,5,4,20,0,29,0,0,0,29
08/23/2022,TYR,TX,ASW,CE,Federal Contract Tower,4,13,38,0,55,0,0,3,0,3,4,13,41,0,58,0,0,0,58
08/24/2022,TYR,TX,ASW,CE,Federal Contract Tower,4,7,46,0,57,0,0,5,0,5,4,7,51,0,62,18,0,18,80
08/25/2022,TYR,TX,ASW,CE,Federal Contract Tower,4,12,51,0,67,0,2,10,0,12,4,14,61,0,79,28,0,28,107
08/26/2022,TYR,TX,ASW,CE,Federal Contract Tower,7,7,19,0,33,0,2,47,8,57,7,9,66,8,90,34,0,34,124
08/27/2022,TYR,TX,ASW,CE,Federal Contract Tower,4,4,25,0,33,0,0,69,0,69,4,4,94,0,102,60,0,60,162
08/28/2022,TYR,TX,ASW,CE,Federal Contract Tower,7,5,20,0,32,0,4,48,0,52,7,9,68,0,84,6,0,6,90
08/29/2022,TYR,TX,ASW,CE,Federal Contract Tower,4,6,39,0,49,0,2,19,0,21,4,8,58,0,70,6,0,6,76
08/30/2022,TYR,TX,ASW,CE,Federal Contract Tower,5,15,24,0,44,0,0,4,0,4,5,15,28,0,48,0,0,0,48
08/31/2022,TYR,TX,ASW,CE,Federal Contract Tower,4,8,52,0,64,0,3,54,0,57,4,11,106,0,121,32,0,32,153
09/01/2022,TYR,TX,ASW,CE,Federal Contract Tower,5,4,18,0,27,0,0,31,0,31,5,4,49,0,58,22,0,22,80
09/02/2022,TYR,TX,ASW,CE,Federal Contract Tower,8,3,24,0,35,0,0,12,0,12,8,3,36,0,47,0,0,0,47
09/03/2022,TYR,TX,ASW,CE,Federal Contract Tower,3,2,12,0,17,0,10,33,0,43,3,12,45,0,60,24,0,24,84
09/04/2022,TYR,TX,ASW,CE,Federal Contract Tower,3,4,6,0,13,0,2,24,0,26,3,6,30,0,39,18,0,18,57
09/05/2022,TYR,TX,ASW,CE,Federal Contract Tower,5,6,33,0,44,0,2,64,0,66,5,8,97,0,110,70,0,70,180
09/06/2022,TYR,TX,ASW,CE,Federal Contract Tower,5,6,9,0,20,0,2,28,0,30,5,8,37,0,50,12,0,12,62
09/07/2022,TYR,TX,ASW,CE,Federal Contract Tower,5,9,24,0,38,0,3,36,2,41,5,12,60,2,79,22,0,22,101
09/08/2022,TYR,TX,ASW,CE,Federal Contract Tower,5,4,22,0,31,0,0,43,0,43,5,4,65,0,74,28,0,28,102
09/09/2022,TYR,TX,ASW,CE,Federal Contract Tower,5,8,14,0,27,0,0,50,0,50,5,8,64,0,77,52,0,52,129
09/10/2022,TYR,TX,ASW,CE,Federal Contract Tower,5,5,21,6,37,0,0,49,2,51,5,5,70,8,88,38,0,38,126
09/11/2022,TYR,TX,ASW,CE,Federal Contract Tower,5,0,15,0,20,0,2,49,0,51,5,2,64,0,71,30,0,30,101
09/12/2022,TYR,TX,ASW,CE,Federal Contract Tower,5,6,16,0,27,0,2,45,0,47,5,8,61,0,74,28,0,28,102
09/13/2022,TYR,TX,ASW,CE,Federal Contract Tower,5,7,23,0,35,0,4,74,0,78,5,11,97,0,113,48,0,48,161
09/14/2022,TYR,TX,ASW,CE,Federal Contract Tower,5,4,18,0,27,0,14,64,2,80,5,18,82,2,107,56,0,56,163
09/15/2022,TYR,TX,ASW,CE,Federal Contract Tower,5,11,27,0,43,0,7,40,0,47,5,18,67,0,90,24,0,24,114
09/16/2022,TYR,TX,ASW,CE,Federal Contract Tower,5,11,30,0,46,0,2,70,2,74,5,13,100,2,120,48,2,50,170
09/17/2022,TYR,TX,ASW,CE,Federal Contract Tower,5,4,35,2,46,0,0,26,2,28,5,4,61,4,74,16,0,16,90
09/18/2022,TYR,TX,ASW,CE,Federal Contract Tower,5,4,42,0,51,0,0,50,0,50,5,4,92,0,101,4,0,4,105
09/19/2022,TYR,TX,ASW,CE,Federal Contract Tower,5,6,24,0,35,0,4,59,0,63,5,10,83,0,98,42,0,42,140
09/20/2022,TYR,TX,ASW,CE,Federal Contract Tower,5,9,26,0,40,0,4,54,0,58,5,13,80,0,98,100,0,100,198
09/21/2022,TYR,TX,ASW,CE,Federal Contract Tower,5,7,19,2,33,0,3,52,0,55,5,10,71,2,88,20,0,20,108
09/22/2022,TYR,TX,ASW,CE,Federal Contract Tower,5,7,25,0,37,0,4,66,0,70,5,11,91,0,107,102,0,102,209
09/23/2022,TYR,TX,ASW,CE,Federal Contract Tower,5,13,37,0,55,0,3,45,0,48,5,16,82,0,103,56,0,56,159
09/24/2022,TYR,TX,ASW,CE,Federal Contract Tower,5,7,12,0,24,0,6,37,0,43,5,13,49,0,67,2,0,2,69
09/25/2022,TYR,TX,ASW,CE,Federal Contract Tower,5,4,17,0,26,0,0,25,0,25,5,4,42,0,51,10,0,10,61
09/26/2022,TYR,TX,ASW,CE,Federal Contract Tower,5,10,25,0,40,0,0,58,0,58,5,10,83,0,98,42,0,42,140
09/27/2022,TYR,TX,ASW,CE,Federal Contract Tower,5,6,30,0,41,0,7,58,0,65,5,13,88,0,106,120,0,120,226
09/28/2022,TYR,TX,ASW,CE,Federal Contract Tower,5,3,32,0,40,0,8,65,0,73,5,11,97,0,113,50,0,50,163
09/29/2022,TYR,TX,ASW,CE,Federal Contract Tower,5,10,24,0,39,0,3,80,0,83,5,13,104,0,122,78,0,78,200
09/30/2022,TYR,TX,ASW,CE,Federal Contract Tower,5,3,22,0,30,0,5,56,2,63,5,8,78,2,93,40,0,40,133
10/01/2022,TYR,TX,ASW,CE,Federal Contract Tower,5,4,17,0,26,0,2,44,0,46,5,6,61,0,72,36,0,36,108
10/02/2022,TYR,TX,ASW,CE,Federal Contract Tower,5,0,19,2,26,0,0,33,0,33,5,0,52,2,59,20,0,20,79
10/03/2022,TYR,TX,ASW,CE,Federal Contract Tower,5,4,21,0,30,0,0,34,0,34,5,4,55,0,64,50,0,50,114
10/04/2022,TYR,TX,ASW,CE,Federal Contract Tower,5,6,33,4,48,0,0,60,2,62,5,6,93,6,110,20,6,26,136
10/05/2022,TYR,TX,ASW,CE,Federal Contract Tower,5,7,24,19,55,0,4,56,6,66,5,11,80,25,121,0,0,0,121
10/06/2022,TYR,TX,ASW,CE,Federal Contract Tower,4,5,31,0,40,0,1,95,0,96,4,6,126,0,136,64,0,64,200
10/07/2022,TYR,TX,ASW,CE,Federal Contract Tower,5,3,47,0,55,0,2,48,0,50,5,5,95,0,105,42,0,42,147
10/08/2022,TYR,TX,ASW,CE,Federal Contract Tower,4,4,18,0,26,0,8,50,0,58,4,12,68,0,84,12,0,12,96
10/09/2022,TYR,TX,ASW,CE,Federal Contract Tower,4,8,25,0,37,0,0,43,0,43,4,8,68,0,80,6,0,6,86
10/10/2022,TYR,TX,ASW,CE,Federal Contract Tower,4,9,31,0,44,0,0,57,0,57,4,9,88,0,101,76,0,76,177
10/11/2022,TYR,TX,ASW,CE,Federal Contract Tower,4,11,24,0,39,0,0,49,0,49,4,11,73,0,88,44,0,44,132
10/12/2022,TYR,TX,ASW,CE,Federal Contract Tower,4,16,22,0,42,0,0,26,0,26,4,16,48,0,68,14,0,14,82
10/13/2022,TYR,TX,ASW,CE,Federal Contract Tower,4,20,28,0,52,0,2,57,0,59,4,22,85,0,111,86,0,86,197
10/14/2022,TYR,TX,ASW,CE,Federal Contract Tower,4,18,26,9,57,0,1,61,8,70,4,19,87,17,127,0,0,0,127
10/15/2022,TYR,TX,ASW,CE,Federal Contract Tower,4,5,24,0,33,0,0,31,0,31,4,5,55,0,64,6,0,6,70
10/16/2022,TYR,TX,ASW,CE,Federal Contract Tower,4,14,24,0,42,0,0,0,0,0,4,14,24,0,42,0,0,0,42
10/17/2022,TYR,TX,ASW,CE,Federal Contract Tower,4,4,33,0,41,0,6,36,0,42,4,10,69,0,83,62,0,62,145
10/18/2022,TYR,TX,ASW,CE,Federal Contract Tower,4,14,32,0,50,0,2,35,0,37,4,16,67,0,87,44,0,44,131
10/19/2022,TYR,TX,ASW,CE,Federal Contract Tower,6,10,19,0,35,0,4,60,0,64,6,14,79,0,99,102,0,102,201
10/20/2022,TYR,TX,ASW,CE,Federal Contract Tower,3,12,39,0,54,0,0,63,0,63,3,12,102,0,117,38,0,38,155
10/21/2022,TYR,TX,ASW,CE,Federal Contract Tower,4,12,36,2,54,0,5,58,1,64,4,17,94,3,118,18,0,18,136
10/22/2022,TYR,TX,ASW,CE,Federal Contract Tower,5,4,30,0,39,0,0,11,0,11,5,4,41,0,50,0,0,0,50
10/23/2022,TYR,TX,ASW,CE,Federal Contract Tower,2,6,32,0,40,0,0,15,0,15,2,6,47,0,55,0,0,0,55
10/24/2022,TYR,TX,ASW,CE,Federal Contract Tower,5,9,24,0,38,0,0,4,0,4,5,9,28,0,42,16,0,16,58
10/25/2022,TYR,TX,ASW,CE,Federal Contract Tower,5,4,28,0,37,0,0,43,0,43,5,4,71,0,80,12,0,12,92
10/26/2022,TYR,TX,ASW,CE,Federal Contract Tower,4,7,16,6,33,0,7,82,2,91,4,14,98,8,124,54,8,62,186
10/27/2022,TYR,TX,ASW,CE,Federal Contract Tower,4,10,32,0,46,0,5,68,0,73,4,15,100,0,119,94,0,94,213
10/28/2022,TYR,TX,ASW,CE,Federal Contract Tower,5,5,12,0,22,0,1,1,0,2,5,6,13,0,24,0,0,0,24
10/29/2022,TYR,TX,ASW,CE,Federal Contract Tower,4,9,31,0,44,0,0,3,0,3,4,9,34,0,47,0,0,0,47
10/30/2022,TYR,TX,ASW,CE,Federal Contract Tower,4,0,46,0,50,0,0,41,0,41,4,0,87,0,91,12,0,12,103
10/31/2022,TYR,TX,ASW,CE,Federal Contract Tower,4,6,22,0,32,0,1,57,0,58,4,7,79,0,90,106,0,106,196
11/01/2022,TYR,TX,ASW,CE,Federal Contract Tower,4,3,23,3,33,0,7,64,0,71,4,10,87,3,104,80,0,80,184
11/02/2022,TYR,TX,ASW,CE,Federal Contract Tower,4,8,30,4,46,0,0,40,3,43,4,8,70,7,89,42,0,42,131
11/03/2022,TYR,TX,ASW,CE,Federal Contract Tower,5,12,48,0,65,0,11,12,0,23,5,23,60,0,88,0,0,0,88
11/04/2022,TYR,TX,ASW,CE,Federal Contract Tower,3,1,19,0,23,0,0,9,0,9,3,1,28,0,32,0,0,0,32
11/05/2022,TYR,TX,ASW,CE,Federal Contract Tower,5,10,32,3,50,0,8,60,4,72,5,18,92,7,122,24,10,34,156
11/06/2022,TYR,TX,ASW,CE,Federal Contract Tower,5,6,40,0,51,0,0,22,0,22,5,6,62,0,73,14,0,14,87
11/07/2022,TYR,TX,ASW,CE,Federal Contract Tower,5,10,35,0,50,0,0,24,0,24,5,10,59,0,74,16,0,16,90
11/08/2022,TYR,TX,ASW,CE,Federal Contract Tower,5,6,25,0,36,0,0,14,0,14,5,6,39,0,50,0,0,0,50
11/09/2022,TYR,TX,ASW,CE,Federal Contract Tower,5,9,32,0,46,0,2,48,0,50,5,11,80,0,96,24,0,24,120
11/10/2022,TYR,TX,ASW,CE,Federal Contract Tower,5,10,37,0,52,0,28,0,0,28,5,38,37,0,80,24,14,38,118
11/11/2022,TYR,TX,ASW,CE,Federal Contract Tower,5,3,10,0,18,0,0,0,0,0,5,3,10,0,18,0,0,0,18
11/12/2022,TYR,TX,ASW,CE,Federal Contract Tower,5,7,17,0,29,0,1,41,2,44,5,8,58,2,73,6,4,10,83
11/13/2022,TYR,TX,ASW,CE,Federal Contract Tower,4,8,27,0,39,0,11,51,0,62,4,19,78,0,101,22,0,22,123
11/14/2022,TYR,TX,ASW,CE,Federal Contract Tower,5,3,17,0,25,0,0,4,2,6,5,3,21,2,31,8,0,8,39
11/15/2022,TYR,TX,ASW,CE,Federal Contract Tower,5,6,15,0,26,0,0,5,0,5,5,6,20,0,31,16,0,16,47
11/16/2022,TYR,TX,ASW,CE,Federal Contract Tower,5,15,25,0,45,0,7,87,0,94,5,22,112,0,139,52,14,66,205
11/17/2022,TYR,TX,ASW,CE,Federal Contract Tower,5,15,30,0,50,0,6,71,0,77,5,21,101,0,127,24,0,24,151
11/18/2022,TYR,TX,ASW,CE,Federal Contract Tower,5,13,36,2,56,0,1,92,5,98,5,14,128,7,154,38,18,56,210
11/19/2022,TYR,TX,ASW,CE,Federal Contract Tower,4,6,33,3,46,0,3,42,0,45,4,9,75,3,91,12,10,22,113
11/20/2022,TYR,TX,ASW,CE,Federal Contract Tower,5,8,33,14,60,0,3,59,4,66,5,11,92,18,126,38,20,58,184
11/21/2022,TYR,TX,ASW,CE,Federal Contract Tower,5,14,19,0,38,0,1,47,0,48,5,15,66,0,86,120,0,120,206
11/22/2022,TYR,TX,ASW,CE,Federal Contract Tower,5,6,36,14,61,0,6,53,1,60,5,12,89,15,121,64,0,64,185
11/23/2022,TYR,TX,ASW,CE,Federal Contract Tower,5,10,43,0,58,0,0,34,0,34,5,10,77,0,92,8,0,8,100
11/24/2022,TYR,TX,ASW,CE,Federal Contract Tower,4,3,2,0,9,0,0,0,0,0,4,3,2,0,9,0,0,0,9
11/25/2022,TYR,TX,ASW,CE,Federal Contract Tower,5,11,16,0,32,0,0,0,0,0,5,11,16,0,32,4,0,4,36
11/26/2022,TYR,TX,ASW,CE,Federal Contract Tower,5,6,25,0,36,0,0,1,0,1,5,6,26,0,37,0,0,0,37
11/27/2022,TYR,TX,ASW,CE,Federal Contract Tower,5,8,41,0,54,0,3,76,5,84,5,11,117,5,138,50,0,50,188
11/28/2022,TYR,TX,ASW,CE,Federal Contract Tower,5,5,32,0,42,0,4,65,0,69,5,9,97,0,111,78,0,78,189
11/29/2022,TYR,TX,ASW,CE,Federal Contract Tower,5,11,14,2,32,0,2,13,2,17,5,13,27,4,49,12,8,20,69
11/30/2022,TYR,TX,ASW,CE,Federal Contract Tower,5,6,29,10,50,0,2,72,8,82,5,8,101,18,132,104,0,104,236
12/01/2022,TYR,TX,ASW,CE,Federal Contract Tower,5,11,19,0,35,0,0,51,0,51,5,11,70,0,86,28,0,28,114
12/02/2022,TYR,TX,ASW,CE,Federal Contract Tower,5,12,19,0,36,0,0,0,0,0,5,12,19,0,36,0,0,0,36
12/03/2022,TYR,TX,ASW,CE,Federal Contract Tower,5,5,32,0,42,0,0,10,0,10,5,5,42,0,52,28,0,28,80
12/04/2022,TYR,TX,ASW,CE,Federal Contract Tower,4,7,44,0,55,0,0,23,0,23,4,7,67,0,78,16,0,16,94
12/05/2022,TYR,TX,ASW,CE,Federal Contract Tower,5,7,23,0,35,0,0,9,0,9,5,7,32,0,44,0,0,0,44
12/06/2022,TYR,TX,ASW,CE,Federal Contract Tower,5,20,48,0,73,0,2,18,0,20,5,22,66,0,93,48,0,48,141
12/07/2022,TYR,TX,ASW,CE,Federal Contract Tower,3,11,30,0,44,0,0,19,0,19,3,11,49,0,63,32,0,32,95
12/08/2022,TYR,TX,ASW,CE,Federal Contract Tower,5,29,49,0,83,0,1,6,1,8,5,30,55,1,91,6,0,6,97
12/09/2022,TYR,TX,ASW,CE,Federal Contract Tower,5,8,45,0,58,0,0,5,0,5,5,8,50,0,63,2,0,2,65
12/10/2022,TYR,TX,ASW,CE,Federal Contract Tower,2,4,11,0,17,0,0,8,7,15,2,4,19,7,32,6,0,6,38
12/11/2022,TYR,TX,ASW,CE,Federal Contract Tower,5,2,25,0,32,0,0,1,0,1,5,2,26,0,33,0,0,0,33
12/12/2022,TYR,TX,ASW,CE,Federal Contract Tower,5,11,18,0,34,0,0,1,0,1,5,11,19,0,35,0,0,0,35
12/13/2022,TYR,TX,ASW,CE,Federal Contract Tower,5,7,12,0,24,0,0,5,0,5,5,7,17,0,29,0,0,0,29
12/14/2022,TYR,TX,ASW,CE,Federal Contract Tower,5,7,39,0,51,0,3,26,0,29,5,10,65,0,80,0,0,0,80
12/15/2022,TYR,TX,ASW,CE,Federal Contract Tower,5,9,35,0,49,0,2,56,4,62,5,11,91,4,111,70,0,70,181
12/16/2022,TYR,TX,ASW,CE,Federal Contract Tower,5,11,26,0,42,0,2,27,0,29,5,13,53,0,71,0,0,0,71
12/17/2022,TYR,TX,ASW,CE,Federal Contract Tower,5,5,27,0,37,0,7,70,0,77,5,12,97,0,114,66,0,66,180
12/18/2022,TYR,TX,ASW,CE,Federal Contract Tower,5,4,21,0,30,0,2,38,2,42,5,6,59,2,72,16,0,16,88
12/19/2022,TYR,TX,ASW,CE,Federal Contract Tower,3,3,9,0,15,0,0,2,0,2,3,3,11,0,17,0,0,0,17
12/20/2022,TYR,TX,ASW,CE,Federal Contract Tower,7,14,22,4,47,0,0,9,0,9,7,14,31,4,56,14,0,14,70
12/21/2022,TYR,TX,ASW,CE,Federal Contract Tower,3,5,32,1,41,0,3,52,1,56,3,8,84,2,97,28,4,32,129
12/22/2022,TYR,TX,ASW,CE,Federal Contract Tower,5,8,10,0,23,0,0,0,0,0,5,8,10,0,23,0,0,0,23
12/23/2022,TYR,TX,ASW,CE,Federal Contract Tower,5,6,15,0,26,0,2,8,0,10,5,8,23,0,36,6,0,6,42
12/24/2022,TYR,TX,ASW,CE,Federal Contract Tower,5,2,9,0,16,0,0,8,0,8,5,2,17,0,24,0,0,0,24
12/25/2022,TYR,TX,ASW,CE,Federal Contract Tower,2,7,3,0,12,0,2,9,0,11,2,9,12,0,23,10,0,10,33
12/26/2022,TYR,TX,ASW,CE,Federal Contract Tower,5,10,16,0,31,0,1,47,0,48,5,11,63,0,79,52,0,52,131
12/27/2022,TYR,TX,ASW,CE,Federal Contract Tower,6,6,22,0,34,0,1,70,2,73,6,7,92,2,107,16,0,16,123
12/28/2022,TYR,TX,ASW,CE,Federal Contract Tower,5,8,6,0,19,0,2,38,0,40,5,10,44,0,59,26,0,26,85
12/29/2022,TYR,TX,ASW,CE,Federal Contract Tower,4,3,18,0,25,0,0,5,0,5,4,3,23,0,30,4,0,4,34
12/30/2022,TYR,TX,ASW,CE,Federal Contract Tower,6,3,16,0,25,0,0,1,0,1,6,3,17,0,26,0,0,0,26
12/31/2022,TYR,TX,ASW,CE,Federal Contract Tower,3,4,8,0,15,0,0,36,1,37,3,4,44,1,52,12,0,12,64
01/01/2023,TYR,TX,ASW,CE,Federal Contract Tower,3,3,13,0,19,0,0,20,0,20,3,3,33,0,39,0,0,0,39
01/02/2023,TYR,TX,ASW,CE,Federal Contract Tower,5,2,17,0,24,0,0,4,0,4,5,2,21,0,28,0,0,0,28
01/03/2023,TYR,TX,ASW,CE,Federal Contract Tower,5,9,29,0,43,0,0,47,0,47,5,9,76,0,90,16,0,16,106
01/04/2023,TYR,TX,ASW,CE,Federal Contract Tower,5,10,7,4,26,0,11,41,0,52,5,21,48,4,78,24,0,24,102
01/05/2023,TYR,TX,ASW,CE,Federal Contract Tower,5,13,31,0,49,0,4,71,0,75,5,17,102,0,124,30,0,30,154
01/06/2023,TYR,TX,ASW,CE,Federal Contract Tower,5,6,33,0,44,0,0,61,0,61,5,6,94,0,105,64,0,64,169
01/07/2023,TYR,TX,ASW,CE,Federal Contract Tower,5,3,27,0,35,0,0,8,0,8,5,3,35,0,43,8,0,8,51
01/08/2023,TYR,TX,ASW,CE,Federal Contract Tower,5,5,25,0,35,0,11,56,5,72,5,16,81,5,107,18,0,18,125
01/09/2023,TYR,TX,ASW,CE,Federal Contract Tower,5,4,13,6,28,0,2,55,0,57,5,6,68,6,85,48,10,58,143
01/10/2023,TYR,TX,ASW,CE,Federal Contract Tower,5,10,16,10,41,0,2,37,0,39,5,12,53,10,80,26,8,34,114
01/11/2023,TYR,TX,ASW,CE,Federal Contract Tower,5,11,17,8,41,0,0,53,2,55,5,11,70,10,96,52,0,52,148
01/12/2023,TYR,TX,ASW,CE,Federal Contract Tower,5,8,10,0,23,0,0,17,0,17,5,8,27,0,40,2,0,2,42
01/13/2023,TYR,TX,ASW,CE,Federal Contract Tower,6,4,15,2,27,0,10,67,8,85,6,14,82,10,112,80,0,80,192
01/14/2023,TYR,TX,ASW,CE,Federal Contract Tower,4,6,16,0,26,0,2,71,0,73,4,8,87,0,99,56,0,56,155
01/15/2023,TYR,TX,ASW,CE,Federal Contract Tower,2,0,12,0,14,0,0,7,3,10,2,0,19,3,24,0,0,0,24
01/16/2023,TYR,TX,ASW,CE,Federal Contract Tower,7,7,21,0,35,0,6,25,0,31,7,13,46,0,66,68,0,68,134
01/17/2023,TYR,TX,ASW,CE,Federal Contract Tower,6,11,26,6,49,0,5,56,0,61,6,16,82,6,110,50,6,56,166
01/18/2023,TYR,TX,ASW,CE,Federal Contract Tower,6,9,16,0,31,0,0,19,0,19,6,9,35,0,50,16,0,16,66
01/19/2023,TYR,TX,ASW,CE,Federal Contract Tower,5,12,41,2,60,0,0,52,0,52,5,12,93,2,112,26,0,26,138
01/20/2023,TYR,TX,ASW,CE,Federal Contract Tower,5,5,20,0,30,0,2,64,0,66,5,7,84,0,96,10,0,10,106
01/21/2023,TYR,TX,ASW,CE,Federal Contract Tower,5,4,21,0,30,0,0,13,0,13,5,4,34,0,43,24,0,24,67
01/22/2023,TYR,TX,ASW,CE,Federal Contract Tower,5,8,35,0,48,0,0,26,0,26,5,8,61,0,74,20,0,20,94
01/23/2023,TYR,TX,ASW,CE,Federal Contract Tower,5,4,34,4,47,0,2,75,6,83,5,6,109,10,130,88,6,94,224
01/24/2023,TYR,TX,ASW,CE,Federal Contract Tower,5,8,11,0,24,0,0,1,0,1,5,8,12,0,25,0,0,0,25
01/25/2023,TYR,TX,ASW,CE,Federal Contract Tower,7,11,38,0,56,0,2,25,0,27,7,13,63,0,83,86,0,86,169
01/26/2023,TYR,TX,ASW,CE,Federal Contract Tower,5,8,22,0,35,0,0,72,2,74,5,8,94,2,109,62,0,62,171
01/27/2023,TYR,TX,ASW,CE,Federal Contract Tower,5,15,31,0,51,0,0,96,0,96,5,15,127,0,147,94,0,94,241
01/28/2023,TYR,TX,ASW,CE,Federal Contract Tower,7,12,12,0,31,0,0,0,0,0,7,12,12,0,31,0,0,0,31
01/29/2023,TYR,TX,ASW,CE,Federal Contract Tower,5,0,10,0,15,0,0,0,0,0,5,0,10,0,15,0,0,0,15
01/30/2023,TYR,TX,ASW,CE,Federal Contract Tower,2,0,7,0,9,0,0,0,0,0,2,0,7,0,9,0,0,0,9
01/31/2023,TYR,TX,ASW,CE,Federal Contract Tower,0,0,7,0,7,0,0,0,0,0,0,0,7,0,7,0,0,0,7
02/01/2023,TYR,TX,ASW,CE,Federal Contract Tower,0,0,10,0,10,0,0,0,0,0,0,0,10,0,10,0,0,0,10
02/02/2023,TYR,TX,ASW,CE,Federal Contract Tower,1,4,15,0,20,0,0,0,0,0,1,4,15,0,20,0,0,0,20
02/03/2023,TYR,TX,ASW,CE,Federal Contract Tower,7,9,33,0,49,0,4,57,4,65,7,13,90,4,114,36,0,36,150
02/04/2023,TYR,TX,ASW,CE,Federal Contract Tower,5,4,16,0,25,0,2,46,1,49,5,6,62,1,74,48,0,48,122
02/05/2023,TYR,TX,ASW,CE,Federal Contract Tower,5,9,11,2,27,0,3,29,1,33,5,12,40,3,60,44,0,44,104
02/06/2023,TYR,TX,ASW,CE,Federal Contract Tower,5,6,28,1,40,0,0,13,0,13,5,6,41,1,53,6,0,6,59
02/07/2023,TYR,TX,ASW,CE,Federal Contract Tower,4,5,12,4,25,0,1,4,0,5,4,6,16,4,30,0,0,0,30
02/08/2023,TYR,TX,ASW,CE,Federal Contract Tower,4,5,14,0,23,0,0,0,0,0,4,5,14,0,23,0,0,0,23
02/09/2023,TYR,TX,ASW,CE,Federal Contract Tower,5,6,19,4,34,0,1,69,4,74,5,7,88,8,108,46,20,66,174
02/10/2023,TYR,TX,ASW,CE,Federal Contract Tower,5,6,18,0,29,0,1,18,0,19,5,7,36,0,48,14,0,14,62
02/11/2023,TYR,TX,ASW,CE,Federal Contract Tower,5,7,30,2,44,0,0,26,4,30,5,7,56,6,74,16,0,16,90
02/12/2023,TYR,TX,ASW,CE,Federal Contract Tower,5,4,15,1,25,0,6,64,0,70,5,10,79,1,95,70,0,70,165
02/13/2023,TYR,TX,ASW,CE,Federal Contract Tower,4,3,35,8,50,0,6,88,3,97,4,9,123,11,147,36,0,36,183
02/14/2023,TYR,TX,ASW,CE,Federal Contract Tower,4,4,26,0,34,0,2,10,0,12,4,6,36,0,46,50,0,50,96
02/15/2023,TYR,TX,ASW,CE,Federal Contract Tower,4,12,21,1,38,0,2,18,4,24,4,14,39,5,62,16,0,16,78
02/16/2023,TYR,TX,ASW,CE,Federal Contract Tower,5,5,31,9,50,0,8,36,2,46,5,13,67,11,96,76,0,76,172
02/17/2023,TYR,TX,ASW,CE,Federal Contract Tower,5,8,16,0,29,0,3,85,1,89,5,11,101,1,118,34,0,34,152
02/18/2023,TYR,TX,ASW,CE,Federal Contract Tower,5,4,22,0,31,0,1,78,0,79,5,5,100,0,110,14,0,14,124
02/19/2023,TYR,TX,ASW,CE,Federal Contract Tower,5,3,11,0,19,0,0,50,0,50,5,3,61,0,69,24,0,24,93
02/20/2023,TYR,TX,ASW,CE,Federal Contract Tower,5,9,28,0,42,0,0,29,0,29,5,9,57,0,71,6,0,6,77
02/21/2023,TYR,TX,ASW,CE,Federal Contract Tower,5,8,40,0,53,0,0,58,0,58,5,8,98,0,111,18,0,18,129
02/22/2023,TYR,TX,ASW,CE,Federal Contract Tower,5,7,10,0,22,0,2,20,0,22,5,9,30,0,44,28,0,28,72
02/24/2023,TYR,TX,ASW,CE,Federal Contract Tower,5,3,34,0,42,0,2,6,0,8,5,5,40,0,50,10,0,10,60
02/25/2023,TYR,TX,ASW,CE,Federal Contract Tower,5,8,3,2,18,0,0,0,0,0,5,8,3,2,18,0,0,0,18
02/26/2023,TYR,TX,ASW,CE,Federal Contract Tower,5,3,30,0,38,0,0,6,0,6,5,3,36,0,44,6,0,6,50
02/27/2023,TYR,TX,ASW,CE,Federal Contract Tower,5,11,23,11,50,0,2,77,2,81,5,13,100,13,131,114,48,162,293
02/28/2023,TYR,TX,ASW,CE,Federal Contract Tower,5,11,39,8,63,0,5,98,0,103,5,16,137,8,166,62,18,80,246
03/01/2023,TYR,TX,ASW,CE,Federal Contract Tower,4,10,20,0,34,0,0,9,0,9,4,10,29,0,43,26,0,26,69
03/02/2023,TYR,TX,ASW,CE,Federal Contract Tower,5,1,18,0,24,0,3,6,2,11,5,4,24,2,35,0,0,0,35
03/03/2023,TYR,TX,ASW,CE,Federal Contract Tower,5,6,32,2,45,0,3,36,0,39,5,9,68,2,84,14,0,14,98
03/04/2023,TYR,TX,ASW,CE,Federal Contract Tower,5,8,18,0,31,0,0,109,2,111,5,8,127,2,142,20,8,28,170
03/05/2023,TYR,TX,ASW,CE,Federal Contract Tower,5,7,24,0,36,0,4,50,2,56,5,11,74,2,92,12,4,16,108
03/06/2023,TYR,TX,ASW,CE,Federal Contract Tower,5,7,30,8,50,0,1,44,0,45,5,8,74,8,95,58,14,72,167
03/07/2023,TYR,TX,ASW,CE,Federal Contract Tower,4,13,36,0,53,0,0,26,0,26,4,13,62,0,79,40,0,40,119
03/09/2023,TYR,TX,ASW,CE,Federal Contract Tower,3,5,42,0,50,0,0,17,0,17,3,5,59,0,67,10,0,10,77
03/10/2023,TYR,TX,ASW,CE,Federal Contract Tower,5,6,30,0,41,0,0,0,0,0,5,6,30,0,41,4,0,4,45
03/11/2023,TYR,TX,ASW,CE,Federal Contract Tower,5,10,16,0,31,0,0,15,0,15,5,10,31,0,46,6,0,6,52
03/12/2023,TYR,TX,ASW,CE,Federal Contract Tower,5,4,24,0,33,0,1,25,1,27,5,5,49,1,60,0,0,0,60
03/13/2023,TYR,TX,ASW,CE,Federal Contract Tower,4,7,15,0,26,0,2,69,0,71,4,9,84,0,97,56,0,56,153
03/14/2023,TYR,TX,ASW,CE,Federal Contract Tower,4,13,16,0,33,0,8,64,0,72,4,21,80,0,105,20,0,20,125
03/15/2023,TYR,TX,ASW,CE,Federal Contract Tower,4,15,27,0,46,0,1,63,0,64,4,16,90,0,110,16,0,16,126
03/16/2023,TYR,TX,ASW,CE,Federal Contract Tower,3,6,15,0,24,0,0,3,0,3,3,6,18,0,27,0,0,0,27
03/17/2023,TYR,TX,ASW,CE,Federal Contract Tower,5,9,25,0,39,0,0,22,0,22,5,9,47,0,61,0,0,0,61
03/18/2023,TYR,TX,ASW,CE,Federal Contract Tower,5,6,11,0,22,0,0,65,0,65,5,6,76,0,87,34,0,34,121
03/19/2023,TYR,TX,ASW,CE,Federal Contract Tower,5,1,30,0,36,0,2,48,0,50,5,3,78,0,86,0,0,0,86
03/20/2023,TYR,TX,ASW,CE,Federal Contract Tower,5,5,31,0,41,0,4,51,0,55,5,9,82,0,96,52,0,52,148
03/21/2023,TYR,TX,ASW,CE,Federal Contract Tower,4,6,38,0,48,0,0,4,0,4,4,6,42,0,52,0,0,0,52
03/22/2023,TYR,TX,ASW,CE,Federal Contract Tower,3,14,40,0,57,0,2,10,2,14,3,16,50,2,71,6,0,6,77
03/23/2023,TYR,TX,ASW,CE,Federal Contract Tower,5,7,27,0,39,0,1,19,0,20,5,8,46,0,59,10,0,10,69
03/24/2023,TYR,TX,ASW,CE,Federal Contract Tower,7,6,28,0,41,0,0,11,0,11,7,6,39,0,52,6,0,6,58
03/25/2023,TYR,TX,ASW,CE,Federal Contract Tower,5,6,27,0,38,0,5,73,0,78,5,11,100,0,116,30,0,30,146
03/26/2023,TYR,TX,ASW,CE,Federal Contract Tower,5,8,42,0,55,0,6,66,0,72,5,14,108,0,127,56,0,56,183
03/27/2023,TYR,TX,ASW,CE,Federal Contract Tower,5,13,27,0,45,0,1,69,0,70,5,14,96,0,115,82,0,82,197
03/28/2023,TYR,TX,ASW,CE,Federal Contract Tower,4,10,26,0,40,0,2,57,0,59,4,12,83,0,99,12,0,12,111
03/29/2023,TYR,TX,ASW,CE,Federal Contract Tower,4,12,14,0,30,0,4,44,0,48,4,16,58,0,78,42,0,42,120
03/30/2023,TYR,TX,ASW,CE,Federal Contract Tower,5,5,33,0,43,0,0,10,0,10,5,5,43,0,53,0,0,0,53
03/31/2023,TYR,TX,ASW,CE,Federal Contract Tower,6,7,14,0,27,0,0,10,0,10,6,7,24,0,37,4,0,4,41
04/01/2023,TYR,TX,ASW,CE,Federal Contract Tower,5,14,15,0,34,0,9,93,0,102,5,23,108,0,136,98,0,98,234
04/02/2023,TYR,TX,ASW,CE,Federal Contract Tower,3,13,27,2,45,0,0,15,0,15,3,13,42,2,60,18,0,18,78
04/03/2023,TYR,TX,ASW,CE,Federal Contract Tower,5,9,14,0,28,0,2,46,0,48,5,11,60,0,76,24,0,24,100
04/04/2023,TYR,TX,ASW,CE,Federal Contract Tower,5,6,40,6,57,0,2,7,0,9,5,8,47,6,66,4,6,10,76
04/05/2023,TYR,TX,ASW,CE,Federal Contract Tower,5,5,25,0,35,0,3,24,0,27,5,8,49,0,62,16,0,16,78
04/06/2023,TYR,TX,ASW,CE,Federal Contract Tower,4,6,26,0,36,0,0,2,0,2,4,6,28,0,38,2,0,2,40
04/07/2023,TYR,TX,ASW,CE,Federal Contract Tower,4,11,21,0,36,0,0,0,0,0,4,11,21,0,36,0,0,0,36
04/08/2023,TYR,TX,ASW,CE,Federal Contract Tower,3,7,21,0,31,0,0,36,0,36,3,7,57,0,67,22,0,22,89
04/09/2023,TYR,TX,ASW,CE,Federal Contract Tower,3,2,19,0,24,0,0,21,0,21,3,2,40,0,45,8,0,8,53
04/10/2023,TYR,TX,ASW,CE,Federal Contract Tower,5,12,51,0,68,0,7,46,0,53,5,19,97,0,121,36,0,36,157
04/11/2023,TYR,TX,ASW,CE,Federal Contract Tower,5,8,36,0,49,0,18,70,0,88,5,26,106,0,137,110,0,110,247
04/12/2023,TYR,TX,ASW,CE,Federal Contract Tower,4,10,22,4,40,0,9,64,0,73,4,19,86,4,113,48,0,48,161
04/13/2023,TYR,TX,ASW,CE,Federal Contract Tower,3,10,30,0,43,0,10,43,0,53,3,20,73,0,96,96,0,96,192
04/14/2023,TYR,TX,ASW,CE,Federal Contract Tower,5,8,31,1,45,0,1,34,6,41,5,9,65,7,86,32,0,32,118
04/15/2023,TYR,TX,ASW,CE,Federal Contract Tower,4,9,22,0,35,0,0,29,0,29,4,9,51,0,64,20,0,20,84
04/16/2023,TYR,TX,ASW,CE,Federal Contract Tower,4,6,30,0,40,0,4,47,0,51,4,10,77,0,91,6,0,6,97
04/17/2023,TYR,TX,ASW,CE,Federal Contract Tower,5,9,30,7,51,0,9,77,2,88,5,18,107,9,139,70,14,84,223
04/18/2023,TYR,TX,ASW,CE,Federal Contract Tower,5,13,30,0,48,0,2,9,0,11,5,15,39,0,59,12,0,12,71
04/19/2023,TYR,TX,ASW,CE,Federal Contract Tower,4,12,21,5,42,0,0,11,5,16,4,12,32,10,58,4,0,4,62
04/20/2023,TYR,TX,ASW,CE,Federal Contract Tower,4,7,27,0,38,0,0,7,0,7,4,7,34,0,45,8,0,8,53
04/21/2023,TYR,TX,ASW,CE,Federal Contract Tower,6,8,29,0,43,0,10,13,0,23,6,18,42,0,66,12,0,12,78
04/22/2023,TYR,TX,ASW,CE,Federal Contract Tower,4,4,34,0,42,0,23,70,0,93,4,27,104,0,135,20,0,20,155
04/23/2023,TYR,TX,ASW,CE,Federal Contract Tower,4,2,33,0,39,0,0,3,0,3,4,2,36,0,42,4,0,4,46
04/24/2023,TYR,TX,ASW,CE,Federal Contract Tower,5,7,36,0,48,0,11,43,0,54,5,18,79,0,102,30,0,30,132
04/25/2023,TYR,TX,ASW,CE,Federal Contract Tower,5,13,25,0,43,0,0,23,0,23,5,13,48,0,66,56,0,56,122
04/26/2023,TYR,TX,ASW,CE,Federal Contract Tower,3,10,24,0,37,0,0,0,0,0,3,10,24,0,37,0,0,0,37
04/27/2023,TYR,TX,ASW,CE,Federal Contract Tower,3,8,30,0,41,0,1,9,0,10,3,9,39,0,51,0,0,0,51
04/28/2023,TYR,TX,ASW,CE,Federal Contract Tower,4,5,37,0,46,0,4,56,0,60,4,9,93,0,106,66,0,66,172
04/29/2023,TYR,TX,ASW,CE,Federal Contract Tower,5,10,12,0,27,0,0,6,0,6,5,10,18,0,33,0,0,0,33
04/30/2023,TYR,TX,ASW,CE,Federal Contract Tower,5,7,23,0,35,0,19,67,7,93,5,26,90,7,128,54,0,54,182
05/01/2023,TYR,TX,ASW,CE,Federal Contract Tower,5,7,17,3,32,0,4,50,0,54,5,11,67,3,86,52,2,54,140
05/02/2023,TYR,TX,ASW,CE,Federal Contract Tower,5,9,31,6,51,0,13,44,0,57,5,22,75,6,108,48,0,48,156
05/03/2023,TYR,TX,ASW,CE,Federal Contract Tower,4,7,21,0,32,0,7,65,0,72,4,14,86,0,104,28,0,28,132
05/04/2023,TYR,TX,ASW,CE,Federal Contract Tower,4,15,39,0,58,0,19,41,0,60,4,34,80,0,118,22,0,22,140
05/05/2023,TYR,TX,ASW,CE,Federal Contract Tower,4,6,29,0,39,0,2,25,0,27,4,8,54,0,66,2,0,2,68
05/06/2023,TYR,TX,ASW,CE,Federal Contract Tower,5,10,33,0,48,0,3,41,1,45,5,13,74,1,93,4,0,4,97
05/07/2023,TYR,TX,ASW,CE,Federal Contract Tower,5,3,27,0,35,0,0,8,0,8,5,3,35,0,43,0,0,0,43
05/08/2023,TYR,TX,ASW,CE,Federal Contract Tower,5,8,18,0,31,0,0,11,0,11,5,8,29,0,42,0,0,0,42
05/09/2023,TYR,TX,ASW,CE,Federal Contract Tower,5,10,33,0,48,0,3,25,0,28,5,13,58,0,76,36,0,36,112
05/10/2023,TYR,TX,ASW,CE,Federal Contract Tower,5,7,11,0,23,0,0,0,2,2,5,7,11,2,25,0,0,0,25
05/11/2023,TYR,TX,ASW,CE,Federal Contract Tower,5,12,27,0,44,0,2,12,1,15,5,14,39,1,59,8,0,8,67
05/12/2023,TYR,TX,ASW,CE,Federal Contract Tower,5,8,49,0,62,0,2,20,0,22,5,10,69,0,84,12,0,12,96
05/13/2023,TYR,TX,ASW,CE,Federal Contract Tower,6,10,5,0,21,0,3,16,0,19,6,13,21,0,40,0,0,0,40
05/14/2023,TYR,TX,ASW,CE,Federal Contract Tower,4,2,25,0,31,0,2,2,0,4,4,4,27,0,35,16,0,16,51
05/15/2023,TYR,TX,ASW,CE,Federal Contract Tower,5,12,21,1,39,0,3,31,0,34,5,15,52,1,73,22,0,22,95
05/16/2023,TYR,TX,ASW,CE,Federal Contract Tower,5,10,28,0,43,0,1,19,0,20,5,11,47,0,63,6,0,6,69
05/17/2023,TYR,TX,ASW,CE,Federal Contract Tower,6,10,47,1,64,0,20,48,1,69,6,30,95,2,133,28,0,28,161
05/18/2023,TYR,TX,ASW,CE,Federal Contract Tower,4,8,34,3,49,0,13,74,1,88,4,21,108,4,137,62,17,79,216
05/19/2023,TYR,TX,ASW,CE,Federal Contract Tower,7,10,26,0,43,0,5,124,2,131,7,15,150,2,174,58,0,58,232
05/20/2023,TYR,TX,ASW,CE,Federal Contract Tower,4,15,23,0,42,0,2,25,0,27,4,17,48,0,69,0,0,0,69
05/22/2023,TYR,TX,ASW,CE,Federal Contract Tower,5,9,32,1,47,0,6,75,0,81,5,15,107,1,128,16,0,16,144
05/23/2023,TYR,TX,ASW,CE,Federal Contract Tower,5,8,26,0,39,0,9,46,2,57,5,17,72,2,96,56,0,56,152
05/24/2023,TYR,TX,ASW,CE,Federal Contract Tower,5,9,19,0,33,0,6,36,0,42,5,15,55,0,75,12,0,12,87
05/25/2023,TYR,TX,ASW,CE,Federal Contract Tower,5,9,48,0,62,0,6,45,0,51,5,15,93,0,113,44,0,44,157
05/26/2023,TYR,TX,ASW,CE,Federal Contract Tower,5,14,43,1,63,0,2,40,0,42,5,16,83,1,105,22,0,22,127
05/27/2023,TYR,TX,ASW,CE,Federal Contract Tower,4,11,16,1,32,0,7,34,0,41,4,18,50,1,73,0,0,0,73
05/28/2023,TYR,TX,ASW,CE,Federal Contract Tower,3,7,16,0,26,0,8,33,2,43,3,15,49,2,69,6,0,6,75
05/29/2023,TYR,TX,ASW,CE,Federal Contract Tower,5,7,30,0,42,0,6,31,1,38,5,13,61,1,80,34,0,34,114
05/30/2023,TYR,TX,ASW,CE,Federal Contract Tower,5,10,14,0,29,0,5,31,0,36,5,15,45,0,65,10,0,10,75
05/31/2023,TYR,TX,ASW,CE,Federal Contract Tower,5,10,16,0,31,0,8,51,0,59,5,18,67,0,90,14,0,14,104
06/01/2023,TYR,TX,ASW,CE,Federal Contract Tower,5,9,28,0,42,0,10,69,0,79,5,19,97,0,121,40,0,40,161
06/02/2023,TYR,TX,ASW,CE,Federal Contract Tower,5,9,17,0,31,0,8,68,3,79,5,17,85,3,110,60,0,60,170
06/03/2023,TYR,TX,ASW,CE,Federal Contract Tower,4,14,21,0,39,0,5,25,0,30,4,19,46,0,69,0,0,0,69
06/04/2023,TYR,TX,ASW,CE,Federal Contract Tower,5,7,21,0,33,0,2,20,0,22,5,9,41,0,55,20,0,20,75
06/06/2023,TYR,TX,ASW,CE,Federal Contract Tower,5,16,18,8,47,0,7,39,0,46,5,23,57,8,93,18,14,32,125
06/07/2023,TYR,TX,ASW,CE,Federal Contract Tower,7,6,20,0,33,0,14,35,2,51,7,20,55,2,84,14,0,14,98
06/08/2023,TYR,TX,ASW,CE,Federal Contract Tower,4,17,17,1,39,0,6,32,0,38,4,23,49,1,77,10,0,10,87
06/09/2023,TYR,TX,ASW,CE,Federal Contract Tower,4,6,25,0,35,0,7,51,0,58,4,13,76,0,93,22,0,22,115
06/10/2023,TYR,TX,ASW,CE,Federal Contract Tower,5,3,12,0,20,0,0,21,0,21,5,3,33,0,41,10,0,10,51
06/11/2023,TYR,TX,ASW,CE,Federal Contract Tower,5,11,24,0,40,0,2,33,0,35,5,13,57,0,75,10,0,10,85
06/12/2023,TYR,TX,ASW,CE,Federal Contract Tower,3,6,20,0,29,0,0,28,0,28,3,6,48,0,57,36,0,36,93
06/13/2023,TYR,TX,ASW,CE,Federal Contract Tower,5,7,25,0,37,0,0,3,0,3,5,7,28,0,40,2,0,2,42
06/14/2023,TYR,TX,ASW,CE,Federal Contract Tower,5,9,30,0,44,0,0,3,0,3,5,9,33,0,47,0,0,0,47
06/15/2023,TYR,TX,ASW,CE,Federal Contract Tower,4,5,33,0,42,0,0,5,0,5,4,5,38,0,47,0,0,0,47
06/16/2023,TYR,TX,ASW,CE,Federal Contract Tower,4,18,20,6,48,0,7,25,0,32,4,25,45,6,80,32,0,32,112
06/17/2023,TYR,TX,ASW,CE,Federal Contract Tower,4,6,22,0,32,0,0,12,0,12,4,6,34,0,44,6,0,6,50
06/18/2023,TYR,TX,ASW,CE,Federal Contract Tower,5,3,20,0,28,0,14,0,0,14,5,17,20,0,42,0,0,0,42
06/19/2023,TYR,TX,ASW,CE,Federal Contract Tower,5,4,34,0,43,0,4,26,0,30,5,8,60,0,73,26,0,26,99
06/20/2023,TYR,TX,ASW,CE,Federal Contract Tower,5,9,30,0,44,0,0,9,0,9,5,9,39,0,53,0,0,0,53
06/21/2023,TYR,TX,ASW,CE,Federal Contract Tower,5,18,38,0,61,0,0,7,0,7,5,18,45,0,68,8,0,8,76
06/22/2023,TYR,TX,ASW,CE,Federal Contract Tower,5,16,25,2,48,0,5,64,0,69,5,21,89,2,117,54,6,60,177
06/23/2023,TYR,TX,ASW,CE,Federal Contract Tower,7,4,20,0,31,0,8,38,0,46,7,12,58,0,77,30,0,30,107
06/24/2023,TYR,TX,ASW,CE,Federal Contract Tower,5,13,24,0,42,0,10,59,0,69,5,23,83,0,111,20,0,20,131
06/25/2023,TYR,TX,ASW,CE,Federal Contract Tower,4,3,20,0,27,0,5,40,0,45,4,8,60,0,72,10,0,10,82
06/26/2023,TYR,TX,ASW,CE,Federal Contract Tower,5,8,13,0,26,0,9,23,0,32,5,17,36,0,58,10,0,10,68
06/27/2023,TYR,TX,ASW,CE,Federal Contract Tower,5,11,14,0,30,0,2,47,0,49,5,13,61,0,79,28,0,28,107
06/28/2023,TYR,TX,ASW,CE,Federal Contract Tower,5,10,25,5,45,0,9,32,1,42,5,19,57,6,87,38,0,38,125
06/29/2023,TYR,TX,ASW,CE,Federal Contract Tower,5,6,22,3,36,0,4,29,11,44,5,10,51,14,80,14,0,14,94
06/30/2023,TYR,TX,ASW,CE,Federal Contract Tower,4,5,17,2,28,0,8,42,2,52,4,13,59,4,80,20,2,22,102
07/01/2023,TYR,TX,ASW,CE,Federal Contract Tower,5,19,39,0,63,0,7,96,9,112,5,26,135,9,175,12,0,12,187
07/02/2023,TYR,TX,ASW,CE,Federal Contract Tower,5,6,10,0,21,0,12,51,0,63,5,18,61,0,84,10,0,10,94
07/03/2023,TYR,TX,ASW,CE,Federal Contract Tower,4,8,11,3,26,0,6,43,0,49,4,14,54,3,75,52,0,52,127
07/04/2023,TYR,TX,ASW,CE,Federal Contract Tower,5,2,13,0,20,0,4,35,0,39,5,6,48,0,59,46,0,46,105
07/05/2023,TYR,TX,ASW,CE,Federal Contract Tower,5,6,13,2,26,0,10,42,1,53,5,16,55,3,79,74,0,74,153
07/06/2023,TYR,TX,ASW,CE,Federal Contract Tower,5,13,21,0,39,0,0,47,0,47,5,13,68,0,86,32,0,32,118
07/07/2023,TYR,TX,ASW,CE,Federal Contract Tower,5,10,21,1,37,0,7,46,0,53,5,17,67,1,90,30,0,30,120
07/08/2023,TYR,TX,ASW,CE,Federal Contract Tower,5,13,13,2,33,0,8,72,0,80,5,21,85,2,113,38,0,38,151
07/09/2023,TYR,TX,ASW,CE,Federal Contract Tower,7,7,25,0,39,0,2,23,0,25,7,9,48,0,64,12,0,12,76
07/10/2023,TYR,TX,ASW,CE,Federal Contract Tower,5,7,13,0,25,0,7,21,1,29,5,14,34,1,54,28,0,28,82
07/11/2023,TYR,TX,ASW,CE,Federal Contract Tower,4,10,13,0,27,0,4,12,0,16,4,14,25,0,43,8,0,8,51
07/12/2023,TYR,TX,ASW,CE,Federal Contract Tower,5,14,29,0,48,0,5,30,0,35,5,19,59,0,83,2,0,2,85
07/13/2023,TYR,TX,ASW,CE,Federal Contract Tower,4,11,23,0,38,0,2,25,0,27,4,13,48,0,65,38,0,38,103
07/14/2023,TYR,TX,ASW,CE,Federal Contract Tower,5,13,33,0,51,0,2,34,0,36,5,15,67,0,87,12,0,12,99
07/15/2023,TYR,TX,ASW,CE,Federal Contract Tower,5,10,28,4,47,0,1,38,0,39,5,11,66,4,86,44,0,44,130
07/16/2023,TYR,TX,ASW,CE,Federal Contract Tower,5,1,21,0,27,0,4,27,0,31,5,5,48,0,58,22,0,22,80
07/17/2023,TYR,TX,ASW,CE,Federal Contract Tower,4,10,22,0,36,0,6,58,0,64,4,16,80,0,100,20,0,20,120
07/18/2023,TYR,TX,ASW,CE,Federal Contract Tower,5,4,25,0,34,0,8,41,0,49,5,12,66,0,83,34,0,34,117
07/19/2023,TYR,TX,ASW,CE,Federal Contract Tower,5,10,23,0,38,0,4,32,0,36,5,14,55,0,74,46,0,46,120
07/20/2023,TYR,TX,ASW,CE,Federal Contract Tower,5,14,24,0,43,0,10,25,0,35,5,24,49,0,78,2,0,2,80
07/21/2023,TYR,TX,ASW,CE,Federal Contract Tower,5,7,16,0,28,0,4,37,0,41,5,11,53,0,69,38,0,38,107
07/22/2023,TYR,TX,ASW,CE,Federal Contract Tower,4,10,16,0,30,0,0,30,0,30,4,10,46,0,60,20,0,20,80
07/23/2023,TYR,TX,ASW,CE,Federal Contract Tower,4,13,21,0,38,0,0,43,0,43,4,13,64,0,81,8,0,8,89
07/24/2023,TYR,TX,ASW,CE,Federal Contract Tower,4,7,16,0,27,0,8,48,0,56,4,15,64,0,83,36,0,36,119
07/25/2023,TYR,TX,ASW,CE,Federal Contract Tower,5,13,25,2,45,0,2,43,0,45,5,15,68,2,90,80,0,80,170
07/26/2023,TYR,TX,ASW,CE,Federal Contract Tower,5,9,15,0,29,0,9,43,0,52,5,18,58,0,81,24,0,24,105
07/27/2023,TYR,TX,ASW,CE,Federal Contract Tower,4,11,31,0,46,0,4,39,0,43,4,15,70,0,89,20,0,20,109
07/28/2023,TYR,TX,ASW,CE,Federal Contract Tower,5,9,18,0,32,0,2,43,0,45,5,11,61,0,77,28,0,28,105
07/29/2023,TYR,TX,ASW,CE,Federal Contract Tower,5,8,18,1,32,0,2,49,0,51,5,10,67,1,83,28,0,28,111
07/30/2023,TYR,TX,ASW,CE,Federal Contract Tower,4,8,34,2,48,0,0,42,0,42,4,8,76,2,90,26,4,30,120
07/31/2023,TYR,TX,ASW,CE,Federal Contract Tower,5,8,15,0,28,0,3,44,1,48,5,11,59,1,76,38,0,38,114
08/01/2023,TYR,TX,ASW,CE,Federal Contract Tower,5,9,16,0,30,0,2,47,3,52,5,11,63,3,82,46,10,56,138
08/02/2023,TYR,TX,ASW,CE,Federal Contract Tower,4,7,32,0,43,0,5,34,0,39,4,12,66,0,82,14,0,14,96
08/03/2023,TYR,TX,ASW,CE,Federal Contract Tower,3,7,34,6,50,0,3,56,0,59,3,10,90,6,109,6,0,6,115
08/04/2023,TYR,TX,ASW,CE,Federal Contract Tower,5,10,14,0,29,0,7,44,0,51,5,17,58,0,80,30,0,30,110
08/05/2023,TYR,TX,ASW,CE,Federal Contract Tower,5,14,15,0,34,0,2,46,0,48,5,16,61,0,82,18,0,18,100
08/06/2023,TYR,TX,ASW,CE,Federal Contract Tower,5,2,25,0,32,0,2,43,0,45,5,4,68,0,77,0,0,0,77
08/07/2023,TYR,TX,ASW,CE,Federal Contract Tower,5,9,25,3,42,0,2,31,1,34,5,11,56,4,76,18,16,34,110
08/08/2023,TYR,TX,ASW,CE,Federal Contract Tower,5,11,21,0,37,0,4,21,0,25,5,15,42,0,62,24,0,24,86
08/09/2023,TYR,TX,ASW,CE,Federal Contract Tower,4,7,28,0,39,0,0,18,0,18,4,7,46,0,57,6,0,6,63
08/10/2023,TYR,TX,ASW,CE,Federal Contract Tower,4,10,20,0,34,0,1,31,0,32,4,11,51,0,66,14,0,14,80
08/11/2023,TYR,TX,ASW,CE,Federal Contract Tower,5,9,30,1,45,0,2,37,0,39,5,11,67,1,84,0,0,0,84
08/12/2023,TYR,TX,ASW,CE,Federal Contract Tower,5,11,14,4,34,0,2,10,0,12,5,13,24,4,46,6,0,6,52
08/13/2023,TYR,TX,ASW,CE,Federal Contract Tower,5,7,12,0,24,0,10,17,0,27,5,17,29,0,51,4,0,4,55
08/14/2023,TYR,TX,ASW,CE,Federal Contract Tower,5,5,20,0,30,0,2,38,1,41,5,7,58,1,71,42,0,42,113
08/15/2023,TYR,TX,ASW,CE,Federal Contract Tower,5,12,21,0,38,0,35,46,6,87,5,47,67,6,125,30,0,30,155
08/16/2023,TYR,TX,ASW,CE,Federal Contract Tower,5,9,20,0,34,0,4,48,0,52,5,13,68,0,86,22,0,22,108
08/17/2023,TYR,TX,ASW,CE,Federal Contract Tower,4,8,26,1,39,0,4,65,0,69,4,12,91,1,108,86,0,86,194
08/18/2023,TYR,TX,ASW,CE,Federal Contract Tower,5,7,31,2,45,0,6,61,0,67,5,13,92,2,112,52,22,74,186
08/19/2023,TYR,TX,ASW,CE,Federal Contract Tower,4,2,24,0,30,0,6,52,0,58,4,8,76,0,88,28,0,28,116
08/20/2023,TYR,TX,ASW,CE,Federal Contract Tower,5,4,15,0,24,0,2,34,0,36,5,6,49,0,60,24,0,24,84
08/21/2023,TYR,TX,ASW,CE,Federal Contract Tower,5,9,31,0,45,0,2,18,0,20,5,11,49,0,65,22,0,22,87
08/22/2023,TYR,TX,ASW,CE,Federal Contract Tower,3,13,23,0,39,0,6,18,0,24,3,19,41,0,63,14,0,14,77
08/23/2023,TYR,TX,ASW,CE,Federal Contract Tower,5,11,34,4,54,0,4,41,0,45,5,15,75,4,99,40,0,40,139
08/24/2023,TYR,TX,ASW,CE,Federal Contract Tower,4,9,23,0,36,0,4,32,0,36,4,13,55,0,72,8,0,8,80
08/25/2023,TYR,TX,ASW,CE,Federal Contract Tower,4,10,13,1,28,0,4,31,1,36,4,14,44,2,64,22,2,24,88
08/26/2023,TYR,TX,ASW,CE,Federal Contract Tower,6,9,19,2,36,0,2,38,1,41,6,11,57,3,77,36,0,36,113
08/27/2023,TYR,TX,ASW,CE,Federal Contract Tower,5,5,29,0,39,0,4,27,0,31,5,9,56,0,70,26,0,26,96
08/28/2023,TYR,TX,ASW,CE,Federal Contract Tower,3,8,35,0,46,0,0,17,0,17,3,8,52,0,63,12,0,12,75
08/29/2023,TYR,TX,ASW,CE,Federal Contract Tower,3,10,23,6,42,0,8,71,1,80,3,18,94,7,122,72,0,72,194
08/30/2023,TYR,TX,ASW,CE,Federal Contract Tower,4,5,25,4,38,0,8,48,0,56,4,13,73,4,94,24,12,36,130
08/31/2023,TYR,TX,ASW,CE,Federal Contract Tower,4,6,22,3,35,0,7,46,0,53,4,13,68,3,88,68,0,68,156
