01/01/2020,TYS,TN,ASO,ES,Combined TRACON& Tower with Radar,48,52,38,0,138,0,0,41,0,41,48,52,79,0,179,0,0,0,179
01/02/2020,TYS,TN,ASO,ES,Combined TRACON& Tower with Radar,74,69,55,11,209,0,0,0,0,0,74,69,55,11,209,0,0,0,209
01/03/2020,TYS,TN,ASO,ES,Combined TRACON& Tower with Radar,76,59,65,0,200,0,0,0,0,0,76,59,65,0,200,0,0,0,200
01/04/2020,TYS,TN,ASO,ES,Combined TRACON& Tower with Radar,64,52,42,0,158,0,0,1,1,2,64,52,43,1,160,0,0,0,160
01/05/2020,TYS,TN,ASO,ES,Combined TRACON& Tower with Radar,77,56,51,2,186,0,2,29,0,31,77,58,80,2,217,28,0,28,245
01/06/2020,TYS,TN,ASO,ES,Combined TRACON& Tower with Radar,80,49,46,10,185,0,0,31,0,31,80,49,77,10,216,0,0,0,216
01/07/2020,TYS,TN,ASO,ES,Combined TRACON& Tower with Radar,72,56,49,3,180,0,1,38,10,49,72,57,87,13,229,78,40,118,347
01/08/2020,TYS,TN,ASO,ES,Combined TRACON& Tower with Radar,74,48,58,49,229,0,3,43,12,58,74,51,101,61,287,40,44,84,371
01/09/2020,TYS,TN,ASO,ES,Combined TRACON& Tower with Radar,89,60,66,43,258,0,0,50,13,63,89,60,116,56,321,96,24,120,441
01/10/2020,TYS,TN,ASO,ES,Combined TRACON& Tower with Radar,89,57,65,21,232,0,0,28,12,40,89,57,93,33,272,18,24,42,314
01/11/2020,TYS,TN,ASO,ES,Combined TRACON& Tower with Radar,49,37,19,4,109,0,0,1,4,5,49,37,20,8,114,0,0,0,114
01/12/2020,TYS,TN,ASO,ES,Combined TRACON& Tower with Radar,78,48,37,2,165,1,2,42,4,49,79,50,79,6,214,20,0,20,234
01/13/2020,TYS,TN,ASO,ES,Combined TRACON& Tower with Radar,82,70,49,18,219,0,1,56,0,57,82,71,105,18,276,36,64,100,376
01/14/2020,TYS,TN,ASO,ES,Combined TRACON& Tower with Radar,73,50,47,23,193,0,0,0,11,11,73,50,47,34,204,36,58,94,298
01/15/2020,TYS,TN,ASO,ES,Combined TRACON& Tower with Radar,75,49,82,9,215,0,0,9,0,9,75,49,91,9,224,0,0,0,224
01/16/2020,TYS,TN,ASO,ES,Combined TRACON& Tower with Radar,88,56,70,45,259,0,0,67,9,76,88,56,137,54,335,76,12,88,423
01/17/2020,TYS,TN,ASO,ES,Combined TRACON& Tower with Radar,82,63,59,30,234,0,1,41,6,48,82,64,100,36,282,52,14,66,348
01/18/2020,TYS,TN,ASO,ES,Combined TRACON& Tower with Radar,54,43,24,0,121,0,0,0,0,0,54,43,24,0,121,0,0,0,121
01/19/2020,TYS,TN,ASO,ES,Combined TRACON& Tower with Radar,78,42,31,11,162,0,0,31,7,38,78,42,62,18,200,14,14,28,228
01/20/2020,TYS,TN,ASO,ES,Combined TRACON& Tower with Radar,79,54,49,3,185,0,0,13,0,13,79,54,62,3,198,10,0,10,208
01/21/2020,TYS,TN,ASO,ES,Combined TRACON& Tower with Radar,62,66,83,79,290,0,0,35,7,42,62,66,118,86,332,70,88,158,490
01/22/2020,TYS,TN,ASO,ES,Combined TRACON& Tower with Radar,68,57,58,24,207,0,5,43,7,55,68,62,101,31,262,64,100,164,426
01/23/2020,TYS,TN,ASO,ES,Combined TRACON& Tower with Radar,87,49,95,51,282,0,0,36,4,40,87,49,131,55,322,36,54,90,412
01/24/2020,TYS,TN,ASO,ES,Combined TRACON& Tower with Radar,86,54,47,3,190,0,0,2,0,2,86,54,49,3,192,6,0,6,198
01/25/2020,TYS,TN,ASO,ES,Combined TRACON& Tower with Radar,58,46,35,11,150,0,0,15,0,15,58,46,50,11,165,54,10,64,229
01/26/2020,TYS,TN,ASO,ES,Combined TRACON& Tower with Radar,82,58,21,3,164,0,0,24,0,24,82,58,45,3,188,26,0,26,214
01/27/2020,TYS,TN,ASO,ES,Combined TRACON& Tower with Radar,77,66,64,7,214,0,0,5,0,5,77,66,69,7,219,0,0,0,219
01/28/2020,TYS,TN,ASO,ES,Combined TRACON& Tower with Radar,65,67,79,46,257,0,0,54,10,64,65,67,133,56,321,112,36,148,469
01/29/2020,TYS,TN,ASO,ES,Combined TRACON& Tower with Radar,69,59,71,29,228,0,0,45,3,48,69,59,116,32,276,24,24,48,324
01/30/2020,TYS,TN,ASO,ES,Combined TRACON& Tower with Radar,85,65,95,36,281,0,0,42,3,45,85,65,137,39,326,94,62,156,482
01/31/2020,TYS,TN,ASO,ES,Combined TRACON& Tower with Radar,86,70,71,55,282,0,1,17,3,21,86,71,88,58,303,16,62,78,381
02/01/2020,TYS,TN,ASO,ES,Combined TRACON& Tower with Radar,56,45,32,0,133,0,0,0,0,0,56,45,32,0,133,0,0,0,133
02/02/2020,TYS,TN,ASO,ES,Combined TRACON& Tower with Radar,79,43,22,11,155,0,4,44,1,49,79,47,66,12,204,22,0,22,226
02/03/2020,TYS,TN,ASO,ES,Combined TRACON& Tower with Radar,78,56,58,5,197,0,4,81,0,85,78,60,139,5,282,62,0,62,344
02/04/2020,TYS,TN,ASO,ES,Combined TRACON& Tower with Radar,70,63,85,40,258,0,0,4,1,5,70,63,89,41,263,6,56,62,325
02/05/2020,TYS,TN,ASO,ES,Combined TRACON& Tower with Radar,73,55,52,0,180,0,0,0,0,0,73,55,52,0,180,0,0,0,180
02/06/2020,TYS,TN,ASO,ES,Combined TRACON& Tower with Radar,94,58,52,18,222,0,0,0,0,0,94,58,52,18,222,0,0,0,222
02/07/2020,TYS,TN,ASO,ES,Combined TRACON& Tower with Radar,85,54,63,4,206,0,0,15,6,21,85,54,78,10,227,18,18,36,263
02/08/2020,TYS,TN,ASO,ES,Combined TRACON& Tower with Radar,69,58,32,0,159,0,0,2,0,2,69,58,34,0,161,0,0,0,161
02/09/2020,TYS,TN,ASO,ES,Combined TRACON& Tower with Radar,79,43,22,11,155,0,4,44,1,49,79,47,66,12,204,0,0,0,204
02/10/2020,TYS,TN,ASO,ES,Combined TRACON& Tower with Radar,78,56,58,5,197,0,4,81,0,85,78,60,139,5,282,16,6,22,304
02/11/2020,TYS,TN,ASO,ES,Combined TRACON& Tower with Radar,57,46,50,0,153,0,0,0,2,2,57,46,50,2,155,0,14,14,169
02/12/2020,TYS,TN,ASO,ES,Combined TRACON& Tower with Radar,83,60,74,22,239,0,0,5,0,5,83,60,79,22,244,32,16,48,292
02/13/2020,TYS,TN,ASO,ES,Combined TRACON& Tower with Radar,83,65,65,12,225,0,0,11,8,19,83,65,76,20,244,92,10,102,346
02/14/2020,TYS,TN,ASO,ES,Combined TRACON& Tower with Radar,87,81,76,22,266,0,0,83,3,86,87,81,159,25,352,132,26,158,510
02/15/2020,TYS,TN,ASO,ES,Combined TRACON& Tower with Radar,54,36,51,0,141,0,0,60,0,60,54,36,111,0,201,30,0,30,231
02/16/2020,TYS,TN,ASO,ES,Combined TRACON& Tower with Radar,65,60,34,4,163,0,0,26,0,26,65,60,60,4,189,12,0,12,201
02/17/2020,TYS,TN,ASO,ES,Combined TRACON& Tower with Radar,77,58,76,12,223,0,0,78,0,78,77,58,154,12,301,140,0,140,441
02/18/2020,TYS,TN,ASO,ES,Combined TRACON& Tower with Radar,72,63,80,21,236,0,0,0,0,0,72,63,80,21,236,0,0,0,236
02/19/2020,TYS,TN,ASO,ES,Combined TRACON& Tower with Radar,76,67,85,9,237,0,1,39,2,42,76,68,124,11,279,24,22,46,325
02/20/2020,TYS,TN,ASO,ES,Combined TRACON& Tower with Radar,90,81,64,13,248,0,0,3,0,3,90,81,67,13,251,0,12,12,263
02/21/2020,TYS,TN,ASO,ES,Combined TRACON& Tower with Radar,86,67,66,33,252,0,7,76,9,92,86,74,142,42,344,74,28,102,446
02/22/2020,TYS,TN,ASO,ES,Combined TRACON& Tower with Radar,62,41,40,4,147,0,0,79,2,81,62,41,119,6,228,84,18,102,330
02/23/2020,TYS,TN,ASO,ES,Combined TRACON& Tower with Radar,71,76,41,5,193,0,0,31,3,34,71,76,72,8,227,8,0,8,235
02/24/2020,TYS,TN,ASO,ES,Combined TRACON& Tower with Radar,83,69,63,0,215,0,0,2,0,2,83,69,65,0,217,0,0,0,217
02/25/2020,TYS,TN,ASO,ES,Combined TRACON& Tower with Radar,73,70,90,44,277,0,2,29,11,42,73,72,119,55,319,120,48,168,487
02/26/2020,TYS,TN,ASO,ES,Combined TRACON& Tower with Radar,93,69,70,32,264,0,0,9,2,11,93,69,79,34,275,4,38,42,317
02/27/2020,TYS,TN,ASO,ES,Combined TRACON& Tower with Radar,88,67,83,37,275,0,1,51,6,58,88,68,134,43,333,50,44,94,427
02/28/2020,TYS,TN,ASO,ES,Combined TRACON& Tower with Radar,85,82,87,18,272,0,0,15,0,15,85,82,102,18,287,0,32,32,319
02/29/2020,TYS,TN,ASO,ES,Combined TRACON& Tower with Radar,65,44,28,10,147,0,0,54,2,56,65,44,82,12,203,0,34,34,237
03/01/2020,TYS,TN,ASO,ES,Combined TRACON& Tower with Radar,80,61,50,8,199,0,2,49,0,51,80,63,99,8,250,4,0,4,254
03/02/2020,TYS,TN,ASO,ES,Combined TRACON& Tower with Radar,79,54,79,2,214,0,0,0,0,0,79,54,79,2,214,16,0,16,230
03/03/2020,TYS,TN,ASO,ES,Combined TRACON& Tower with Radar,76,68,60,14,218,0,0,22,0,22,76,68,82,14,240,24,0,24,264
03/04/2020,TYS,TN,ASO,ES,Combined TRACON& Tower with Radar,80,58,73,44,255,0,2,80,2,84,80,60,153,46,339,86,64,150,489
03/05/2020,TYS,TN,ASO,ES,Combined TRACON& Tower with Radar,85,70,94,34,283,0,0,57,24,81,85,70,151,58,364,96,120,216,580
03/06/2020,TYS,TN,ASO,ES,Combined TRACON& Tower with Radar,81,64,80,51,276,0,2,26,6,34,81,66,106,57,310,32,0,32,342
03/07/2020,TYS,TN,ASO,ES,Combined TRACON& Tower with Radar,55,45,44,15,159,0,2,53,2,57,55,47,97,17,216,16,20,36,252
03/08/2020,TYS,TN,ASO,ES,Combined TRACON& Tower with Radar,77,64,36,18,195,0,0,55,4,59,77,64,91,22,254,18,22,40,294
03/09/2020,TYS,TN,ASO,ES,Combined TRACON& Tower with Radar,76,60,63,6,205,0,0,63,2,65,76,60,126,8,270,190,6,196,466
03/10/2020,TYS,TN,ASO,ES,Combined TRACON& Tower with Radar,81,73,72,30,256,0,0,6,2,8,81,73,78,32,264,0,136,136,400
03/11/2020,TYS,TN,ASO,ES,Combined TRACON& Tower with Radar,80,62,96,38,276,0,0,30,2,32,80,62,126,40,308,124,52,176,484
03/12/2020,TYS,TN,ASO,ES,Combined TRACON& Tower with Radar,84,74,80,12,250,0,0,25,4,29,84,74,105,16,279,112,0,112,391
03/13/2020,TYS,TN,ASO,ES,Combined TRACON& Tower with Radar,83,81,85,24,273,0,0,32,0,32,83,81,117,24,305,110,46,156,461
03/14/2020,TYS,TN,ASO,ES,Combined TRACON& Tower with Radar,58,50,44,0,152,0,0,28,0,28,58,50,72,0,180,24,0,24,204
03/15/2020,TYS,TN,ASO,ES,Combined TRACON& Tower with Radar,75,56,57,0,188,0,0,0,0,0,75,56,57,0,188,0,0,0,188
03/16/2020,TYS,TN,ASO,ES,Combined TRACON& Tower with Radar,81,72,78,39,270,0,0,10,0,10,81,72,88,39,280,32,0,32,312
03/17/2020,TYS,TN,ASO,ES,Combined TRACON& Tower with Radar,82,66,78,14,240,0,0,2,0,2,82,66,80,14,242,16,0,16,258
03/18/2020,TYS,TN,ASO,ES,Combined TRACON& Tower with Radar,82,64,70,31,247,0,0,24,11,35,82,64,94,42,282,124,28,152,434
03/19/2020,TYS,TN,ASO,ES,Combined TRACON& Tower with Radar,79,61,54,18,212,0,0,52,3,55,79,61,106,21,267,132,10,142,409
03/20/2020,TYS,TN,ASO,ES,Combined TRACON& Tower with Radar,80,65,37,12,194,0,0,5,5,10,80,65,42,17,204,0,40,40,244
03/21/2020,TYS,TN,ASO,ES,Combined TRACON& Tower with Radar,53,45,55,0,153,0,0,8,0,8,53,45,63,0,161,20,0,20,181
03/22/2020,TYS,TN,ASO,ES,Combined TRACON& Tower with Radar,63,48,33,0,144,0,1,15,0,16,63,49,48,0,160,20,0,20,180
03/23/2020,TYS,TN,ASO,ES,Combined TRACON& Tower with Radar,61,38,22,0,121,0,0,0,0,0,61,38,22,0,121,0,0,0,121
03/24/2020,TYS,TN,ASO,ES,Combined TRACON& Tower with Radar,56,48,31,9,144,0,0,7,0,7,56,48,38,9,151,0,0,0,151
03/25/2020,TYS,TN,ASO,ES,Combined TRACON& Tower with Radar,46,35,56,24,161,0,2,38,11,51,46,37,94,35,212,42,52,94,306
03/26/2020,TYS,TN,ASO,ES,Combined TRACON& Tower with Radar,47,37,45,43,172,0,1,61,1,63,47,38,106,44,235,46,44,90,325
03/27/2020,TYS,TN,ASO,ES,Combined TRACON& Tower with Radar,34,34,44,17,129,0,0,28,1,29,34,34,72,18,158,12,14,26,184
03/28/2020,TYS,TN,ASO,ES,Combined TRACON& Tower with Radar,25,33,19,0,77,0,0,10,0,10,25,33,29,0,87,8,0,8,95
03/29/2020,TYS,TN,ASO,ES,Combined TRACON& Tower with Radar,38,41,17,0,96,0,0,7,0,7,38,41,24,0,103,0,0,0,103
03/30/2020,TYS,TN,ASO,ES,Combined TRACON& Tower with Radar,40,35,37,1,113,0,0,35,0,35,40,35,72,1,148,2,0,2,150
03/31/2020,TYS,TN,ASO,ES,Combined TRACON& Tower with Radar,49,28,43,19,139,0,0,1,0,1,49,28,44,19,140,0,0,0,140
04/01/2020,TYS,TN,ASO,ES,Combined TRACON& Tower with Radar,56,39,28,23,146,0,0,6,1,7,56,39,34,24,153,10,34,44,197
04/02/2020,TYS,TN,ASO,ES,Combined TRACON& Tower with Radar,44,32,35,15,126,0,0,51,0,51,44,32,86,15,177,56,8,64,241
04/03/2020,TYS,TN,ASO,ES,Combined TRACON& Tower with Radar,46,29,35,1,111,0,0,43,2,45,46,29,78,3,156,0,0,0,156
04/04/2020,TYS,TN,ASO,ES,Combined TRACON& Tower with Radar,24,21,15,19,79,0,0,30,0,30,24,21,45,19,109,14,10,24,133
04/05/2020,TYS,TN,ASO,ES,Combined TRACON& Tower with Radar,36,22,19,0,77,0,0,18,0,18,36,22,37,0,95,48,0,48,143
04/06/2020,TYS,TN,ASO,ES,Combined TRACON& Tower with Radar,34,23,29,0,86,0,0,40,0,40,34,23,69,0,126,16,0,16,142
04/07/2020,TYS,TN,ASO,ES,Combined TRACON& Tower with Radar,41,19,25,16,101,0,0,14,23,37,41,19,39,39,138,0,86,86,224
04/08/2020,TYS,TN,ASO,ES,Combined TRACON& Tower with Radar,38,16,38,36,128,0,0,9,0,9,38,16,47,36,137,8,22,30,167
04/09/2020,TYS,TN,ASO,ES,Combined TRACON& Tower with Radar,42,19,27,3,91,0,0,36,10,46,42,19,63,13,137,0,6,6,143
04/10/2020,TYS,TN,ASO,ES,Combined TRACON& Tower with Radar,46,23,38,4,111,0,0,30,2,32,46,23,68,6,143,12,0,12,155
04/11/2020,TYS,TN,ASO,ES,Combined TRACON& Tower with Radar,27,19,24,0,70,0,0,51,0,51,27,19,75,0,121,12,0,12,133
04/12/2020,TYS,TN,ASO,ES,Combined TRACON& Tower with Radar,25,17,0,0,42,0,0,1,0,1,25,17,1,0,43,0,0,0,43
04/13/2020,TYS,TN,ASO,ES,Combined TRACON& Tower with Radar,26,18,36,0,80,0,0,9,0,9,26,18,45,0,89,0,0,0,89
04/14/2020,TYS,TN,ASO,ES,Combined TRACON& Tower with Radar,33,20,28,16,97,0,0,24,2,26,33,20,52,18,123,20,16,36,159
04/15/2020,TYS,TN,ASO,ES,Combined TRACON& Tower with Radar,29,13,41,24,107,0,0,50,1,51,29,13,91,25,158,126,22,148,306
04/16/2020,TYS,TN,ASO,ES,Combined TRACON& Tower with Radar,31,20,45,10,106,0,0,33,2,35,31,20,78,12,141,26,12,38,179
04/17/2020,TYS,TN,ASO,ES,Combined TRACON& Tower with Radar,30,11,35,14,90,0,1,26,1,28,30,12,61,15,118,10,0,10,128
04/18/2020,TYS,TN,ASO,ES,Combined TRACON& Tower with Radar,17,13,33,24,87,0,1,15,0,16,17,14,48,24,103,32,0,32,135
04/19/2020,TYS,TN,ASO,ES,Combined TRACON& Tower with Radar,22,13,20,0,55,0,0,11,0,11,22,13,31,0,66,0,0,0,66
04/20/2020,TYS,TN,ASO,ES,Combined TRACON& Tower with Radar,23,11,32,2,68,0,0,12,0,12,23,11,44,2,80,32,0,32,112
04/21/2020,TYS,TN,ASO,ES,Combined TRACON& Tower with Radar,29,14,45,14,102,0,0,23,2,25,29,14,68,16,127,32,12,44,171
04/22/2020,TYS,TN,ASO,ES,Combined TRACON& Tower with Radar,27,10,63,29,129,0,0,62,0,62,27,10,125,29,191,76,70,146,337
04/23/2020,TYS,TN,ASO,ES,Combined TRACON& Tower with Radar,24,13,30,8,75,0,0,6,6,12,24,13,36,14,87,2,38,40,127
04/24/2020,TYS,TN,ASO,ES,Combined TRACON& Tower with Radar,26,13,55,34,128,0,0,38,4,42,26,13,93,38,170,82,22,104,274
04/25/2020,TYS,TN,ASO,ES,Combined TRACON& Tower with Radar,19,13,16,0,48,0,0,6,0,6,19,13,22,0,54,0,0,0,54
04/26/2020,TYS,TN,ASO,ES,Combined TRACON& Tower with Radar,21,9,25,0,55,0,0,1,0,1,21,9,26,0,56,4,0,4,60
04/27/2020,TYS,TN,ASO,ES,Combined TRACON& Tower with Radar,20,11,43,29,103,0,1,71,0,72,20,12,114,29,175,72,20,92,267
04/28/2020,TYS,TN,ASO,ES,Combined TRACON& Tower with Radar,22,14,53,29,118,0,0,57,0,57,22,14,110,29,175,64,18,82,257
04/29/2020,TYS,TN,ASO,ES,Combined TRACON& Tower with Radar,26,15,34,6,81,0,0,5,0,5,26,15,39,6,86,0,6,6,92
04/30/2020,TYS,TN,ASO,ES,Combined TRACON& Tower with Radar,34,13,31,16,94,0,1,7,12,20,34,14,38,28,114,4,28,32,146
05/01/2020,TYS,TN,ASO,ES,Combined TRACON& Tower with Radar,30,17,31,67,145,0,1,64,8,73,30,18,95,75,218,48,88,136,354
05/02/2020,TYS,TN,ASO,ES,Combined TRACON& Tower with Radar,20,14,17,2,53,0,2,50,8,60,20,16,67,10,113,62,0,62,175
05/03/2020,TYS,TN,ASO,ES,Combined TRACON& Tower with Radar,22,9,31,0,62,0,0,26,0,26,22,9,57,0,88,24,0,24,112
05/04/2020,TYS,TN,ASO,ES,Combined TRACON& Tower with Radar,25,23,45,3,96,0,0,28,2,30,25,23,73,5,126,36,0,36,162
05/05/2020,TYS,TN,ASO,ES,Combined TRACON& Tower with Radar,21,21,35,34,111,0,0,10,0,10,21,21,45,34,121,16,16,32,153
05/06/2020,TYS,TN,ASO,ES,Combined TRACON& Tower with Radar,28,15,37,33,113,0,0,12,0,12,28,15,49,33,125,0,14,14,139
05/07/2020,TYS,TN,ASO,ES,Combined TRACON& Tower with Radar,33,18,54,27,132,0,0,68,0,68,33,18,122,27,200,136,24,160,360
05/08/2020,TYS,TN,ASO,ES,Combined TRACON& Tower with Radar,34,26,49,20,129,0,0,4,0,4,34,26,53,20,133,0,26,26,159
05/09/2020,TYS,TN,ASO,ES,Combined TRACON& Tower with Radar,19,17,36,0,72,0,0,47,0,47,19,17,83,0,119,82,0,82,201
05/10/2020,TYS,TN,ASO,ES,Combined TRACON& Tower with Radar,28,18,25,1,72,0,0,20,0,20,28,18,45,1,92,26,0,26,118
05/11/2020,TYS,TN,ASO,ES,Combined TRACON& Tower with Radar,28,34,44,49,155,0,0,36,2,38,28,34,80,51,193,110,40,150,343
05/12/2020,TYS,TN,ASO,ES,Combined TRACON& Tower with Radar,25,14,75,17,131,0,0,76,8,84,25,14,151,25,215,134,24,158,373
05/13/2020,TYS,TN,ASO,ES,Combined TRACON& Tower with Radar,34,19,50,34,137,0,0,40,0,40,34,19,90,34,177,86,44,130,307
05/14/2020,TYS,TN,ASO,ES,Combined TRACON& Tower with Radar,35,28,65,31,159,0,0,55,9,64,35,28,120,40,223,58,28,86,309
05/15/2020,TYS,TN,ASO,ES,Combined TRACON& Tower with Radar,31,28,60,17,136,0,0,58,8,66,31,28,118,25,202,40,22,62,264
05/16/2020,TYS,TN,ASO,ES,Combined TRACON& Tower with Radar,20,22,37,7,86,0,0,60,6,66,20,22,97,13,152,64,6,70,222
05/17/2020,TYS,TN,ASO,ES,Combined TRACON& Tower with Radar,29,31,45,0,105,0,0,31,0,31,29,31,76,0,136,2,0,2,138
05/18/2020,TYS,TN,ASO,ES,Combined TRACON& Tower with Radar,26,20,49,8,103,0,0,14,8,22,26,20,63,16,125,18,8,26,151
05/19/2020,TYS,TN,ASO,ES,Combined TRACON& Tower with Radar,26,19,57,41,143,0,0,9,1,10,26,19,66,42,153,32,14,46,199
05/20/2020,TYS,TN,ASO,ES,Combined TRACON& Tower with Radar,34,23,64,37,158,0,0,16,0,16,34,23,80,37,174,56,18,74,248
05/21/2020,TYS,TN,ASO,ES,Combined TRACON& Tower with Radar,43,25,82,17,167,0,0,45,1,46,43,25,127,18,213,102,0,102,315
05/22/2020,TYS,TN,ASO,ES,Combined TRACON& Tower with Radar,43,26,57,6,132,0,0,21,0,21,43,26,78,6,153,52,0,52,205
05/23/2020,TYS,TN,ASO,ES,Combined TRACON& Tower with Radar,28,18,41,1,88,0,0,50,0,50,28,18,91,1,138,86,0,86,224
05/24/2020,TYS,TN,ASO,ES,Combined TRACON& Tower with Radar,30,18,30,1,79,0,0,18,0,18,30,18,48,1,97,34,0,34,131
05/25/2020,TYS,TN,ASO,ES,Combined TRACON& Tower with Radar,30,22,32,0,84,0,0,26,0,26,30,22,58,0,110,22,0,22,132
05/26/2020,TYS,TN,ASO,ES,Combined TRACON& Tower with Radar,21,18,58,34,131,0,0,37,2,39,21,18,95,36,170,84,14,98,268
05/27/2020,TYS,TN,ASO,ES,Combined TRACON& Tower with Radar,33,37,71,70,211,0,1,34,1,36,33,38,105,71,247,0,0,0,247
05/28/2020,TYS,TN,ASO,ES,Combined TRACON& Tower with Radar,38,33,81,29,181,0,0,21,9,30,38,33,102,38,211,56,6,62,273
05/29/2020,TYS,TN,ASO,ES,Combined TRACON& Tower with Radar,39,34,54,32,159,0,4,46,16,66,39,38,100,48,225,64,50,114,339
05/30/2020,TYS,TN,ASO,ES,Combined TRACON& Tower with Radar,27,15,38,11,91,0,0,33,2,35,27,15,71,13,126,26,16,42,168
05/31/2020,TYS,TN,ASO,ES,Combined TRACON& Tower with Radar,33,35,64,0,132,0,0,35,0,35,33,35,99,0,167,32,0,32,199
06/01/2020,TYS,TN,ASO,ES,Combined TRACON& Tower with Radar,34,20,62,22,138,0,0,65,4,69,34,20,127,26,207,36,6,42,249
06/02/2020,TYS,TN,ASO,ES,Combined TRACON& Tower with Radar,30,15,53,31,129,0,2,57,4,63,30,17,110,35,192,82,8,90,282
06/03/2020,TYS,TN,ASO,ES,Combined TRACON& Tower with Radar,34,23,81,51,189,0,0,62,0,62,34,23,143,51,251,38,18,56,307
06/04/2020,TYS,TN,ASO,ES,Combined TRACON& Tower with Radar,49,26,60,20,155,0,2,36,6,44,49,28,96,26,199,30,18,48,247
06/05/2020,TYS,TN,ASO,ES,Combined TRACON& Tower with Radar,41,39,64,13,157,0,0,17,0,17,41,39,81,13,174,54,2,56,230
06/06/2020,TYS,TN,ASO,ES,Combined TRACON& Tower with Radar,28,18,30,10,86,0,0,32,3,35,28,18,62,13,121,28,24,52,173
06/07/2020,TYS,TN,ASO,ES,Combined TRACON& Tower with Radar,45,17,45,0,107,0,4,29,0,33,45,21,74,0,140,102,72,174,314
06/08/2020,TYS,TN,ASO,ES,Combined TRACON& Tower with Radar,38,26,63,10,137,0,0,42,0,42,38,26,105,10,179,103,32,135,314
06/09/2020,TYS,TN,ASO,ES,Combined TRACON& Tower with Radar,32,24,52,18,126,0,0,39,2,41,32,24,91,20,167,72,14,86,253
06/10/2020,TYS,TN,ASO,ES,Combined TRACON& Tower with Radar,34,20,68,10,132,0,2,17,9,28,34,22,85,19,160,86,16,102,262
06/11/2020,TYS,TN,ASO,ES,Combined TRACON& Tower with Radar,54,30,100,41,225,0,2,61,19,82,54,32,161,60,307,164,32,196,503
06/12/2020,TYS,TN,ASO,ES,Combined TRACON& Tower with Radar,46,39,57,14,156,0,0,48,12,60,46,39,105,26,216,40,30,70,286
06/13/2020,TYS,TN,ASO,ES,Combined TRACON& Tower with Radar,34,24,43,6,107,0,0,66,0,66,34,24,109,6,173,70,0,70,243
06/14/2020,TYS,TN,ASO,ES,Combined TRACON& Tower with Radar,46,26,52,0,124,1,0,34,0,35,47,26,86,0,159,12,0,12,171
06/15/2020,TYS,TN,ASO,ES,Combined TRACON& Tower with Radar,36,20,58,0,114,0,0,47,2,49,36,20,105,2,163,42,0,42,205
06/16/2020,TYS,TN,ASO,ES,Combined TRACON& Tower with Radar,30,29,83,23,165,0,2,58,0,60,30,31,141,23,225,102,16,118,343
06/17/2020,TYS,TN,ASO,ES,Combined TRACON& Tower with Radar,32,22,100,45,199,0,1,33,0,34,32,23,133,45,233,46,26,72,305
06/18/2020,TYS,TN,ASO,ES,Combined TRACON& Tower with Radar,51,33,73,26,183,0,0,23,6,29,51,33,96,32,212,30,28,58,270
06/19/2020,TYS,TN,ASO,ES,Combined TRACON& Tower with Radar,42,35,75,4,156,0,1,26,17,44,42,36,101,21,200,40,4,44,244
06/20/2020,TYS,TN,ASO,ES,Combined TRACON& Tower with Radar,35,18,43,0,96,0,0,44,0,44,35,18,87,0,140,24,0,24,164
06/21/2020,TYS,TN,ASO,ES,Combined TRACON& Tower with Radar,41,35,61,0,137,0,0,25,0,25,41,35,86,0,162,0,0,0,162
06/22/2020,TYS,TN,ASO,ES,Combined TRACON& Tower with Radar,46,23,73,11,153,0,0,25,0,25,46,23,98,11,178,14,8,22,200
06/23/2020,TYS,TN,ASO,ES,Combined TRACON& Tower with Radar,31,24,63,35,153,0,0,25,0,25,31,24,88,35,178,64,12,76,254
06/24/2020,TYS,TN,ASO,ES,Combined TRACON& Tower with Radar,34,29,71,27,161,0,2,57,6,65,34,31,128,33,226,96,30,126,352
06/25/2020,TYS,TN,ASO,ES,Combined TRACON& Tower with Radar,50,34,93,41,218,0,0,43,18,61,50,34,136,59,279,30,34,64,343
06/26/2020,TYS,TN,ASO,ES,Combined TRACON& Tower with Radar,45,40,94,28,207,0,0,33,14,47,45,40,127,42,254,20,32,52,306
06/27/2020,TYS,TN,ASO,ES,Combined TRACON& Tower with Radar,36,19,48,2,105,0,0,11,4,15,36,19,59,6,120,40,24,64,184
06/28/2020,TYS,TN,ASO,ES,Combined TRACON& Tower with Radar,43,22,55,0,120,0,1,6,0,7,43,23,61,0,127,0,0,0,127
06/29/2020,TYS,TN,ASO,ES,Combined TRACON& Tower with Radar,37,29,62,3,131,0,0,25,2,27,37,29,87,5,158,24,0,24,182
06/30/2020,TYS,TN,ASO,ES,Combined TRACON& Tower with Radar,31,26,62,19,138,0,0,43,3,46,31,26,105,22,184,44,20,64,248
07/01/2020,TYS,TN,ASO,ES,Combined TRACON& Tower with Radar,42,29,65,39,175,0,1,12,2,15,42,30,77,41,190,20,28,48,238
07/02/2020,TYS,TN,ASO,ES,Combined TRACON& Tower with Radar,53,37,73,32,195,0,4,26,11,41,53,41,99,43,236,100,16,116,352
07/03/2020,TYS,TN,ASO,ES,Combined TRACON& Tower with Radar,44,31,44,0,119,0,1,47,0,48,44,32,91,0,167,38,0,38,205
07/04/2020,TYS,TN,ASO,ES,Combined TRACON& Tower with Radar,33,16,19,2,70,0,0,20,2,22,33,16,39,4,92,10,6,16,108
07/05/2020,TYS,TN,ASO,ES,Combined TRACON& Tower with Radar,43,28,46,0,117,0,0,8,0,8,43,28,54,0,125,0,0,0,125
07/06/2020,TYS,TN,ASO,ES,Combined TRACON& Tower with Radar,37,31,65,4,137,0,2,50,4,56,37,33,115,8,193,32,0,32,225
07/07/2020,TYS,TN,ASO,ES,Combined TRACON& Tower with Radar,33,42,69,77,221,0,3,49,0,52,33,45,118,77,273,54,80,134,407
07/08/2020,TYS,TN,ASO,ES,Combined TRACON& Tower with Radar,42,51,72,42,207,0,0,47,3,50,42,51,119,45,257,76,24,100,357
07/09/2020,TYS,TN,ASO,ES,Combined TRACON& Tower with Radar,52,45,66,41,204,0,2,28,9,39,52,47,94,50,243,76,32,108,351
07/10/2020,TYS,TN,ASO,ES,Combined TRACON& Tower with Radar,49,56,69,23,197,0,0,67,1,68,49,56,136,24,265,76,14,90,355
07/11/2020,TYS,TN,ASO,ES,Combined TRACON& Tower with Radar,42,38,50,2,132,0,2,63,9,74,42,40,113,11,206,76,0,76,282
07/12/2020,TYS,TN,ASO,ES,Combined TRACON& Tower with Radar,51,39,50,2,142,0,2,15,4,21,51,41,65,6,163,30,0,30,193
07/13/2020,TYS,TN,ASO,ES,Combined TRACON& Tower with Radar,41,39,53,0,133,0,0,61,1,62,41,39,114,1,195,94,2,96,291
07/14/2020,TYS,TN,ASO,ES,Combined TRACON& Tower with Radar,31,45,56,39,171,0,2,68,4,74,31,47,124,43,245,106,44,150,395
07/15/2020,TYS,TN,ASO,ES,Combined TRACON& Tower with Radar,40,44,69,54,207,0,4,60,6,70,40,48,129,60,277,36,36,72,349
07/16/2020,TYS,TN,ASO,ES,Combined TRACON& Tower with Radar,52,50,62,26,190,0,0,48,11,59,52,50,110,37,249,112,0,112,361
07/17/2020,TYS,TN,ASO,ES,Combined TRACON& Tower with Radar,51,46,55,37,189,0,0,62,13,75,51,46,117,50,264,14,0,14,278
07/18/2020,TYS,TN,ASO,ES,Combined TRACON& Tower with Radar,36,40,40,2,118,0,0,57,0,57,36,40,97,2,175,84,0,84,259
07/19/2020,TYS,TN,ASO,ES,Combined TRACON& Tower with Radar,45,44,42,0,131,0,0,25,0,25,45,44,67,0,156,26,0,26,182
07/20/2020,TYS,TN,ASO,ES,Combined TRACON& Tower with Radar,58,43,55,17,173,0,0,55,5,60,58,43,110,22,233,110,14,124,357
07/21/2020,TYS,TN,ASO,ES,Combined TRACON& Tower with Radar,32,39,77,33,181,0,0,73,15,88,32,39,150,48,269,118,10,128,397
07/22/2020,TYS,TN,ASO,ES,Combined TRACON& Tower with Radar,36,52,53,23,164,0,0,53,17,70,36,52,106,40,234,58,20,78,312
07/23/2020,TYS,TN,ASO,ES,Combined TRACON& Tower with Radar,50,47,80,40,217,0,2,41,14,57,50,49,121,54,274,66,24,90,364
07/24/2020,TYS,TN,ASO,ES,Combined TRACON& Tower with Radar,45,58,84,10,197,0,2,29,0,31,45,60,113,10,228,26,0,26,254
07/25/2020,TYS,TN,ASO,ES,Combined TRACON& Tower with Radar,36,44,15,0,95,0,0,40,2,42,36,44,55,2,137,54,0,54,191
07/26/2020,TYS,TN,ASO,ES,Combined TRACON& Tower with Radar,46,49,39,0,134,0,0,32,0,32,46,49,71,0,166,54,0,54,220
07/27/2020,TYS,TN,ASO,ES,Combined TRACON& Tower with Radar,42,44,56,0,142,0,0,54,0,54,42,44,110,0,196,80,0,80,276
07/28/2020,TYS,TN,ASO,ES,Combined TRACON& Tower with Radar,28,42,83,35,188,0,0,39,3,42,28,42,122,38,230,114,22,136,366
07/29/2020,TYS,TN,ASO,ES,Combined TRACON& Tower with Radar,35,45,98,55,233,0,0,39,16,55,35,45,137,71,288,124,40,164,452
07/30/2020,TYS,TN,ASO,ES,Combined TRACON& Tower with Radar,53,46,94,20,213,0,0,19,3,22,53,46,113,23,235,52,30,82,317
07/31/2020,TYS,TN,ASO,ES,Combined TRACON& Tower with Radar,49,38,109,6,202,0,0,33,1,34,49,38,142,7,236,62,0,62,298
08/01/2020,TYS,TN,ASO,ES,Combined TRACON& Tower with Radar,43,31,43,5,122,0,0,35,0,35,43,31,78,5,157,28,0,28,185
08/02/2020,TYS,TN,ASO,ES,Combined TRACON& Tower with Radar,55,30,54,7,146,0,0,21,0,21,55,30,75,7,167,20,0,20,187
08/03/2020,TYS,TN,ASO,ES,Combined TRACON& Tower with Radar,50,33,68,0,151,0,0,29,0,29,50,33,97,0,180,68,0,68,248
08/04/2020,TYS,TN,ASO,ES,Combined TRACON& Tower with Radar,40,41,60,23,164,0,0,58,4,62,40,41,118,27,226,166,0,166,392
08/05/2020,TYS,TN,ASO,ES,Combined TRACON& Tower with Radar,39,40,92,12,183,0,0,52,12,64,39,40,144,24,247,46,0,46,293
08/06/2020,TYS,TN,ASO,ES,Combined TRACON& Tower with Radar,62,38,69,20,189,0,0,8,10,18,62,38,77,30,207,50,50,100,307
08/07/2020,TYS,TN,ASO,ES,Combined TRACON& Tower with Radar,56,41,85,24,206,0,0,67,6,73,56,41,152,30,279,66,34,100,379
08/08/2020,TYS,TN,ASO,ES,Combined TRACON& Tower with Radar,44,28,46,2,120,0,0,54,4,58,44,28,100,6,178,76,0,76,254
08/09/2020,TYS,TN,ASO,ES,Combined TRACON& Tower with Radar,57,40,56,2,155,0,0,49,6,55,57,40,105,8,210,14,0,14,224
08/10/2020,TYS,TN,ASO,ES,Combined TRACON& Tower with Radar,54,36,43,1,134,0,0,19,4,23,54,36,62,5,157,4,20,24,181
08/11/2020,TYS,TN,ASO,ES,Combined TRACON& Tower with Radar,36,50,78,22,186,0,0,45,4,49,36,50,123,26,235,94,10,104,339
08/12/2020,TYS,TN,ASO,ES,Combined TRACON& Tower with Radar,40,41,65,33,179,0,2,50,9,61,40,43,115,42,240,24,24,48,288
08/13/2020,TYS,TN,ASO,ES,Combined TRACON& Tower with Radar,61,45,96,21,223,0,1,34,20,55,61,46,130,41,278,28,22,50,328
08/14/2020,TYS,TN,ASO,ES,Combined TRACON& Tower with Radar,56,40,75,16,187,0,0,16,0,16,56,40,91,16,203,48,18,66,269
08/15/2020,TYS,TN,ASO,ES,Combined TRACON& Tower with Radar,45,29,18,0,92,2,0,4,0,6,47,29,22,0,98,2,0,2,100
08/16/2020,TYS,TN,ASO,ES,Combined TRACON& Tower with Radar,59,41,64,9,173,0,0,33,3,36,59,41,97,12,209,30,0,30,239
08/17/2020,TYS,TN,ASO,ES,Combined TRACON& Tower with Radar,57,32,77,18,184,0,0,61,9,70,57,32,138,27,254,70,12,82,336
08/18/2020,TYS,TN,ASO,ES,Combined TRACON& Tower with Radar,36,37,68,36,177,0,1,78,21,100,36,38,146,57,277,142,52,194,471
08/19/2020,TYS,TN,ASO,ES,Combined TRACON& Tower with Radar,41,33,58,15,147,0,0,35,4,39,41,33,93,19,186,100,0,100,286
08/20/2020,TYS,TN,ASO,ES,Combined TRACON& Tower with Radar,58,45,71,66,240,0,0,49,14,63,58,45,120,80,303,44,42,86,389
08/21/2020,TYS,TN,ASO,ES,Combined TRACON& Tower with Radar,54,35,68,2,159,0,1,13,2,16,54,36,81,4,175,10,2,12,187
08/22/2020,TYS,TN,ASO,ES,Combined TRACON& Tower with Radar,40,36,21,0,97,0,1,15,8,24,40,37,36,8,121,6,0,6,127
08/23/2020,TYS,TN,ASO,ES,Combined TRACON& Tower with Radar,52,42,61,0,155,0,0,25,2,27,52,42,86,2,182,16,0,16,198
08/24/2020,TYS,TN,ASO,ES,Combined TRACON& Tower with Radar,48,38,70,15,171,0,1,42,6,49,48,39,112,21,220,30,0,30,250
08/25/2020,TYS,TN,ASO,ES,Combined TRACON& Tower with Radar,36,43,54,56,189,0,0,47,25,72,36,43,101,81,261,22,50,72,333
08/26/2020,TYS,TN,ASO,ES,Combined TRACON& Tower with Radar,40,38,124,91,293,0,0,48,7,55,40,38,172,98,348,48,120,168,516
08/27/2020,TYS,TN,ASO,ES,Combined TRACON& Tower with Radar,55,37,83,21,196,0,2,61,15,78,55,39,144,36,274,106,32,138,412
08/28/2020,TYS,TN,ASO,ES,Combined TRACON& Tower with Radar,52,46,65,9,172,0,0,19,3,22,52,46,84,12,194,28,4,32,226
08/29/2020,TYS,TN,ASO,ES,Combined TRACON& Tower with Radar,38,38,36,0,112,0,0,11,0,11,38,38,47,0,123,26,0,26,149
08/30/2020,TYS,TN,ASO,ES,Combined TRACON& Tower with Radar,54,46,58,9,167,0,0,36,0,36,54,46,94,9,203,52,0,52,255
08/31/2020,TYS,TN,ASO,ES,Combined TRACON& Tower with Radar,50,40,89,6,185,0,0,29,4,33,50,40,118,10,218,42,16,58,276
09/01/2020,TYS,TN,ASO,ES,Combined TRACON& Tower with Radar,35,35,86,54,210,0,0,52,5,57,35,35,138,59,267,90,38,128,395
09/02/2020,TYS,TN,ASO,ES,Combined TRACON& Tower with Radar,37,43,84,48,212,0,0,57,6,63,37,43,141,54,275,72,38,110,385
09/03/2020,TYS,TN,ASO,ES,Combined TRACON& Tower with Radar,56,45,85,21,207,0,0,42,13,55,56,45,127,34,262,46,24,70,332
09/04/2020,TYS,TN,ASO,ES,Combined TRACON& Tower with Radar,54,45,84,10,193,0,1,42,5,48,54,46,126,15,241,36,0,36,277
09/05/2020,TYS,TN,ASO,ES,Combined TRACON& Tower with Radar,35,28,26,0,89,0,3,45,0,48,35,31,71,0,137,20,0,20,157
09/06/2020,TYS,TN,ASO,ES,Combined TRACON& Tower with Radar,51,31,38,1,121,0,2,47,6,55,51,33,85,7,176,36,0,36,212
09/07/2020,TYS,TN,ASO,ES,Combined TRACON& Tower with Radar,44,48,56,1,149,0,2,37,0,39,44,50,93,1,188,14,0,14,202
09/08/2020,TYS,TN,ASO,ES,Combined TRACON& Tower with Radar,29,44,69,11,153,0,4,60,10,74,29,48,129,21,227,60,10,70,297
09/09/2020,TYS,TN,ASO,ES,Combined TRACON& Tower with Radar,45,37,62,30,174,0,4,73,15,92,45,41,135,45,266,162,84,246,512
09/10/2020,TYS,TN,ASO,ES,Combined TRACON& Tower with Radar,58,49,87,22,216,0,2,59,9,70,58,51,146,31,286,106,4,110,396
09/11/2020,TYS,TN,ASO,ES,Combined TRACON& Tower with Radar,54,46,78,35,213,0,0,48,14,62,54,46,126,49,275,66,8,74,349
09/12/2020,TYS,TN,ASO,ES,Combined TRACON& Tower with Radar,35,36,19,9,99,0,0,24,4,28,35,36,43,13,127,38,22,60,187
09/13/2020,TYS,TN,ASO,ES,Combined TRACON& Tower with Radar,54,40,51,4,149,0,0,16,7,23,54,40,67,11,172,14,14,28,200
09/14/2020,TYS,TN,ASO,ES,Combined TRACON& Tower with Radar,49,36,89,10,184,0,0,47,13,60,49,36,136,23,244,52,0,52,296
09/15/2020,TYS,TN,ASO,ES,Combined TRACON& Tower with Radar,37,45,83,35,200,0,2,57,10,69,37,47,140,45,269,150,68,218,487
09/16/2020,TYS,TN,ASO,ES,Combined TRACON& Tower with Radar,42,42,72,19,175,0,1,37,5,43,42,43,109,24,218,114,52,166,384
09/17/2020,TYS,TN,ASO,ES,Combined TRACON& Tower with Radar,58,46,72,9,185,0,0,3,6,9,58,46,75,15,194,22,10,32,226
09/18/2020,TYS,TN,ASO,ES,Combined TRACON& Tower with Radar,50,53,74,35,212,0,2,24,5,31,50,55,98,40,243,70,52,122,365
09/19/2020,TYS,TN,ASO,ES,Combined TRACON& Tower with Radar,37,34,45,33,149,0,2,30,5,37,37,36,75,38,186,36,118,154,340
09/20/2020,TYS,TN,ASO,ES,Combined TRACON& Tower with Radar,52,45,69,4,170,0,0,25,8,33,52,45,94,12,203,22,0,22,225
09/21/2020,TYS,TN,ASO,ES,Combined TRACON& Tower with Radar,45,40,54,28,167,0,4,47,22,73,45,44,101,50,240,104,32,136,376
09/22/2020,TYS,TN,ASO,ES,Combined TRACON& Tower with Radar,39,34,61,25,159,0,5,56,16,77,39,39,117,41,236,46,20,66,302
09/23/2020,TYS,TN,ASO,ES,Combined TRACON& Tower with Radar,46,64,79,13,202,0,5,62,24,91,46,69,141,37,293,62,10,72,365
09/24/2020,TYS,TN,ASO,ES,Combined TRACON& Tower with Radar,64,65,104,10,243,0,0,0,0,0,64,65,104,10,243,12,0,12,255
09/25/2020,TYS,TN,ASO,ES,Combined TRACON& Tower with Radar,55,64,74,9,202,0,0,1,0,1,55,64,75,9,203,0,0,0,203
09/26/2020,TYS,TN,ASO,ES,Combined TRACON& Tower with Radar,35,30,68,2,135,0,0,16,2,18,35,30,84,4,153,16,0,16,169
09/27/2020,TYS,TN,ASO,ES,Combined TRACON& Tower with Radar,54,47,84,12,197,0,0,28,0,28,54,47,112,12,225,34,0,34,259
09/28/2020,TYS,TN,ASO,ES,Combined TRACON& Tower with Radar,44,49,75,36,204,0,0,37,2,39,44,49,112,38,243,130,12,142,385
09/29/2020,TYS,TN,ASO,ES,Combined TRACON& Tower with Radar,45,47,99,8,199,0,0,13,0,13,45,47,112,8,212,20,0,20,232
09/30/2020,TYS,TN,ASO,ES,Combined TRACON& Tower with Radar,41,42,108,55,246,0,0,73,4,77,41,42,181,59,323,158,22,180,503
10/01/2020,TYS,TN,ASO,ES,Combined TRACON& Tower with Radar,60,60,107,34,261,0,2,76,8,86,60,62,183,42,347,60,32,92,439
10/02/2020,TYS,TN,ASO,ES,Combined TRACON& Tower with Radar,58,53,68,33,212,0,1,45,3,49,58,54,113,36,261,94,0,94,355
10/03/2020,TYS,TN,ASO,ES,Combined TRACON& Tower with Radar,48,30,60,14,152,0,0,35,2,37,48,30,95,16,189,16,46,62,251
10/04/2020,TYS,TN,ASO,ES,Combined TRACON& Tower with Radar,53,47,74,7,181,0,0,34,1,35,53,47,108,8,216,12,0,12,228
10/05/2020,TYS,TN,ASO,ES,Combined TRACON& Tower with Radar,51,46,79,3,179,0,0,57,0,57,51,46,136,3,236,88,8,96,332
10/06/2020,TYS,TN,ASO,ES,Combined TRACON& Tower with Radar,45,40,74,64,223,0,0,62,3,65,45,40,136,67,288,82,126,208,496
10/07/2020,TYS,TN,ASO,ES,Combined TRACON& Tower with Radar,49,41,92,41,223,0,6,62,4,72,49,47,154,45,295,72,68,140,435
10/08/2020,TYS,TN,ASO,ES,Combined TRACON& Tower with Radar,62,50,84,26,222,0,0,51,0,51,62,50,135,26,273,124,54,178,451
10/09/2020,TYS,TN,ASO,ES,Combined TRACON& Tower with Radar,58,55,100,12,225,0,0,29,1,30,58,55,129,13,255,132,4,136,391
10/10/2020,TYS,TN,ASO,ES,Combined TRACON& Tower with Radar,65,39,39,0,143,0,0,0,0,0,65,39,39,0,143,0,0,0,143
10/11/2020,TYS,TN,ASO,ES,Combined TRACON& Tower with Radar,60,48,70,0,178,0,0,2,0,2,60,48,72,0,180,0,0,0,180
10/12/2020,TYS,TN,ASO,ES,Combined TRACON& Tower with Radar,58,58,86,0,202,0,0,19,0,19,58,58,105,0,221,92,0,92,313
10/13/2020,TYS,TN,ASO,ES,Combined TRACON& Tower with Radar,43,43,68,22,176,0,3,43,0,46,43,46,111,22,222,212,22,234,456
10/14/2020,TYS,TN,ASO,ES,Combined TRACON& Tower with Radar,51,35,98,26,210,0,0,52,0,52,51,35,150,26,262,126,30,156,418
10/15/2020,TYS,TN,ASO,ES,Combined TRACON& Tower with Radar,62,63,104,86,315,0,0,36,16,52,62,63,140,102,367,16,62,78,445
10/16/2020,TYS,TN,ASO,ES,Combined TRACON& Tower with Radar,57,51,93,22,223,0,4,21,13,38,57,55,114,35,261,178,48,226,487
10/17/2020,TYS,TN,ASO,ES,Combined TRACON& Tower with Radar,51,40,63,5,159,0,4,35,15,54,51,44,98,20,213,22,22,44,257
10/18/2020,TYS,TN,ASO,ES,Combined TRACON& Tower with Radar,63,46,57,2,168,0,0,30,1,31,63,46,87,3,199,16,0,16,215
10/19/2020,TYS,TN,ASO,ES,Combined TRACON& Tower with Radar,52,51,83,21,207,0,0,55,3,58,52,51,138,24,265,182,12,194,459
10/20/2020,TYS,TN,ASO,ES,Combined TRACON& Tower with Radar,47,33,108,31,219,0,0,63,11,74,47,33,171,42,293,98,34,132,425
10/21/2020,TYS,TN,ASO,ES,Combined TRACON& Tower with Radar,50,35,104,19,208,0,2,65,6,73,50,37,169,25,281,84,22,106,387
10/22/2020,TYS,TN,ASO,ES,Combined TRACON& Tower with Radar,63,56,109,55,283,0,2,55,16,73,63,58,164,71,356,96,36,132,488
10/23/2020,TYS,TN,ASO,ES,Combined TRACON& Tower with Radar,60,54,88,69,271,0,0,48,2,50,60,54,136,71,321,18,10,28,349
10/24/2020,TYS,TN,ASO,ES,Combined TRACON& Tower with Radar,42,49,86,1,178,0,0,8,1,9,42,49,94,2,187,20,0,20,207
10/25/2020,TYS,TN,ASO,ES,Combined TRACON& Tower with Radar,53,61,104,2,220,0,0,10,2,12,53,61,114,4,232,6,0,6,238
10/26/2020,TYS,TN,ASO,ES,Combined TRACON& Tower with Radar,51,54,71,35,211,0,0,21,1,22,51,54,92,36,233,156,22,178,411
10/27/2020,TYS,TN,ASO,ES,Combined TRACON& Tower with Radar,40,47,75,44,206,0,0,24,4,28,40,47,99,48,234,74,18,92,326
10/28/2020,TYS,TN,ASO,ES,Combined TRACON& Tower with Radar,47,42,79,10,178,0,0,0,2,2,47,42,79,12,180,0,0,0,180
10/29/2020,TYS,TN,ASO,ES,Combined TRACON& Tower with Radar,59,52,69,36,216,0,0,8,8,16,59,52,77,44,232,12,38,50,282
10/30/2020,TYS,TN,ASO,ES,Combined TRACON& Tower with Radar,59,46,99,9,213,0,0,39,12,51,59,46,138,21,264,26,0,26,290
10/31/2020,TYS,TN,ASO,ES,Combined TRACON& Tower with Radar,36,27,34,0,97,0,4,47,2,53,36,31,81,2,150,40,0,40,190
11/01/2020,TYS,TN,ASO,ES,Combined TRACON& Tower with Radar,51,42,48,0,141,0,0,16,0,16,51,42,64,0,157,0,0,0,157
11/02/2020,TYS,TN,ASO,ES,Combined TRACON& Tower with Radar,52,42,68,16,178,0,3,64,4,71,52,45,132,20,249,62,26,88,337
11/03/2020,TYS,TN,ASO,ES,Combined TRACON& Tower with Radar,37,32,43,37,149,0,6,71,20,97,37,38,114,57,246,50,52,102,348
11/04/2020,TYS,TN,ASO,ES,Combined TRACON& Tower with Radar,36,31,85,9,161,0,6,88,6,100,36,37,173,15,261,58,48,106,367
11/05/2020,TYS,TN,ASO,ES,Combined TRACON& Tower with Radar,65,42,71,21,199,0,0,46,10,56,65,42,117,31,255,102,50,152,407
11/06/2020,TYS,TN,ASO,ES,Combined TRACON& Tower with Radar,59,44,93,29,225,0,2,57,16,75,59,46,150,45,300,72,0,72,372
11/07/2020,TYS,TN,ASO,ES,Combined TRACON& Tower with Radar,47,26,40,0,113,0,1,31,10,42,47,27,71,10,155,12,0,12,167
11/08/2020,TYS,TN,ASO,ES,Combined TRACON& Tower with Radar,58,36,59,0,153,0,0,21,7,28,58,36,80,7,181,42,0,42,223
11/09/2020,TYS,TN,ASO,ES,Combined TRACON& Tower with Radar,51,47,77,36,211,0,3,66,9,78,51,50,143,45,289,8,64,72,361
11/10/2020,TYS,TN,ASO,ES,Combined TRACON& Tower with Radar,44,36,87,45,212,0,0,58,2,60,44,36,145,47,272,46,42,88,360
11/11/2020,TYS,TN,ASO,ES,Combined TRACON& Tower with Radar,42,39,99,0,180,0,0,5,0,5,42,39,104,0,185,18,0,18,203
11/12/2020,TYS,TN,ASO,ES,Combined TRACON& Tower with Radar,62,63,111,41,277,0,0,8,3,11,62,63,119,44,288,16,0,16,304
11/13/2020,TYS,TN,ASO,ES,Combined TRACON& Tower with Radar,55,39,72,54,220,0,4,53,7,64,55,43,125,61,284,100,8,108,392
11/14/2020,TYS,TN,ASO,ES,Combined TRACON& Tower with Radar,43,31,36,8,118,0,0,51,0,51,43,31,87,8,169,18,0,18,187
11/15/2020,TYS,TN,ASO,ES,Combined TRACON& Tower with Radar,61,37,56,8,162,0,0,16,0,16,61,37,72,8,178,34,0,34,212
11/16/2020,TYS,TN,ASO,ES,Combined TRACON& Tower with Radar,49,52,60,12,173,0,1,53,4,58,49,53,113,16,231,66,14,80,311
11/17/2020,TYS,TN,ASO,ES,Combined TRACON& Tower with Radar,45,35,78,43,201,0,1,69,13,83,45,36,147,56,284,98,46,144,428
11/18/2020,TYS,TN,ASO,ES,Combined TRACON& Tower with Radar,41,61,78,45,225,0,1,56,0,57,41,62,134,45,282,62,6,68,350
11/19/2020,TYS,TN,ASO,ES,Combined TRACON& Tower with Radar,62,43,93,48,246,0,2,73,14,89,62,45,166,62,335,94,48,142,477
11/20/2020,TYS,TN,ASO,ES,Combined TRACON& Tower with Radar,68,53,87,46,254,0,0,58,13,71,68,53,145,59,325,44,24,68,393
11/21/2020,TYS,TN,ASO,ES,Combined TRACON& Tower with Radar,45,28,51,1,125,0,2,41,8,51,45,30,92,9,176,48,0,48,224
11/22/2020,TYS,TN,ASO,ES,Combined TRACON& Tower with Radar,63,42,65,9,179,0,0,30,1,31,63,42,95,10,210,90,0,90,300
11/23/2020,TYS,TN,ASO,ES,Combined TRACON& Tower with Radar,53,36,65,40,194,0,1,60,2,63,53,37,125,42,257,80,24,104,361
11/24/2020,TYS,TN,ASO,ES,Combined TRACON& Tower with Radar,61,44,89,22,216,0,1,63,4,68,61,45,152,26,284,170,42,212,496
11/25/2020,TYS,TN,ASO,ES,Combined TRACON& Tower with Radar,72,41,75,16,204,0,0,18,1,19,72,41,93,17,223,30,14,44,267
11/26/2020,TYS,TN,ASO,ES,Combined TRACON& Tower with Radar,20,16,20,0,56,0,0,7,0,7,20,16,27,0,63,8,0,8,71
11/27/2020,TYS,TN,ASO,ES,Combined TRACON& Tower with Radar,51,26,35,0,112,0,0,41,0,41,51,26,76,0,153,42,0,42,195
11/28/2020,TYS,TN,ASO,ES,Combined TRACON& Tower with Radar,54,45,61,2,162,0,0,32,0,32,54,45,93,2,194,50,0,50,244
11/29/2020,TYS,TN,ASO,ES,Combined TRACON& Tower with Radar,63,45,96,0,204,0,0,29,0,29,63,45,125,0,233,20,0,20,253
11/30/2020,TYS,TN,ASO,ES,Combined TRACON& Tower with Radar,56,30,39,0,125,0,0,5,0,5,56,30,44,0,130,0,0,0,130
12/01/2020,TYS,TN,ASO,ES,Combined TRACON& Tower with Radar,52,33,63,32,180,0,0,25,8,33,52,33,88,40,213,26,12,38,251
12/02/2020,TYS,TN,ASO,ES,Combined TRACON& Tower with Radar,43,36,73,22,174,0,4,68,8,80,43,40,141,30,254,26,18,44,298
12/03/2020,TYS,TN,ASO,ES,Combined TRACON& Tower with Radar,60,34,75,66,235,0,2,58,18,78,60,36,133,84,313,96,42,138,451
12/04/2020,TYS,TN,ASO,ES,Combined TRACON& Tower with Radar,55,34,59,7,155,0,0,6,0,6,55,34,65,7,161,0,84,84,245
12/05/2020,TYS,TN,ASO,ES,Combined TRACON& Tower with Radar,40,34,45,6,125,0,2,32,5,39,40,36,77,11,164,74,0,74,238
12/06/2020,TYS,TN,ASO,ES,Combined TRACON& Tower with Radar,52,36,58,7,153,0,3,26,0,29,52,39,84,7,182,88,0,88,270
12/07/2020,TYS,TN,ASO,ES,Combined TRACON& Tower with Radar,53,33,72,3,161,0,0,5,0,5,53,33,77,3,166,46,0,46,212
12/08/2020,TYS,TN,ASO,ES,Combined TRACON& Tower with Radar,45,31,63,49,188,0,0,63,12,75,45,31,126,61,263,114,70,184,447
12/09/2020,TYS,TN,ASO,ES,Combined TRACON& Tower with Radar,45,44,78,59,226,0,2,75,10,87,45,46,153,69,313,34,14,48,361
12/10/2020,TYS,TN,ASO,ES,Combined TRACON& Tower with Radar,67,45,83,27,222,0,3,58,5,66,67,48,141,32,288,48,30,78,366
12/11/2020,TYS,TN,ASO,ES,Combined TRACON& Tower with Radar,54,39,89,56,238,0,2,51,1,54,54,41,140,57,292,34,6,40,332
12/12/2020,TYS,TN,ASO,ES,Combined TRACON& Tower with Radar,38,26,33,0,97,0,0,8,0,8,38,26,41,0,105,10,0,10,115
12/13/2020,TYS,TN,ASO,ES,Combined TRACON& Tower with Radar,55,37,69,0,161,0,0,29,0,29,55,37,98,0,190,0,0,0,190
12/14/2020,TYS,TN,ASO,ES,Combined TRACON& Tower with Radar,51,30,57,0,138,0,0,2,0,2,51,30,59,0,140,78,0,78,218
12/15/2020,TYS,TN,ASO,ES,Combined TRACON& Tower with Radar,44,32,80,47,203,0,2,42,6,50,44,34,122,53,253,82,44,126,379
12/16/2020,TYS,TN,ASO,ES,Combined TRACON& Tower with Radar,45,25,83,14,167,0,0,6,0,6,45,25,89,14,173,36,0,36,209
12/17/2020,TYS,TN,ASO,ES,Combined TRACON& Tower with Radar,66,34,71,31,202,0,0,9,3,12,66,34,80,34,214,8,78,86,300
12/18/2020,TYS,TN,ASO,ES,Combined TRACON& Tower with Radar,63,47,84,20,214,0,0,60,5,65,63,47,144,25,279,42,12,54,333
12/19/2020,TYS,TN,ASO,ES,Combined TRACON& Tower with Radar,56,45,50,0,151,0,2,44,1,47,56,47,94,1,198,20,0,20,218
12/20/2020,TYS,TN,ASO,ES,Combined TRACON& Tower with Radar,64,30,62,6,162,0,0,7,0,7,64,30,69,6,169,28,0,28,197
12/21/2020,TYS,TN,ASO,ES,Combined TRACON& Tower with Radar,62,35,56,5,158,0,0,31,0,31,62,35,87,5,189,34,0,34,223
12/22/2020,TYS,TN,ASO,ES,Combined TRACON& Tower with Radar,64,38,69,15,186,0,0,57,6,63,64,38,126,21,249,59,14,73,322
12/23/2020,TYS,TN,ASO,ES,Combined TRACON& Tower with Radar,65,31,82,6,184,0,0,60,0,60,65,31,142,6,244,36,10,46,290
12/24/2020,TYS,TN,ASO,ES,Combined TRACON& Tower with Radar,59,19,13,0,91,0,0,0,0,0,59,19,13,0,91,0,0,0,91
12/25/2020,TYS,TN,ASO,ES,Combined TRACON& Tower with Radar,27,18,12,0,57,0,0,2,0,2,27,18,14,0,59,0,0,0,59
12/26/2020,TYS,TN,ASO,ES,Combined TRACON& Tower with Radar,57,39,56,0,152,0,0,21,0,21,57,39,77,0,173,18,0,18,191
12/27/2020,TYS,TN,ASO,ES,Combined TRACON& Tower with Radar,58,38,52,0,148,0,0,43,0,43,58,38,95,0,191,60,0,60,251
12/28/2020,TYS,TN,ASO,ES,Combined TRACON& Tower with Radar,56,34,55,0,145,0,0,20,0,20,56,34,75,0,165,56,0,56,221
12/29/2020,TYS,TN,ASO,ES,Combined TRACON& Tower with Radar,68,31,54,30,183,0,0,54,0,54,68,31,108,30,237,26,20,46,283
12/30/2020,TYS,TN,ASO,ES,Combined TRACON& Tower with Radar,58,37,75,24,194,0,0,45,0,45,58,37,120,24,239,54,0,54,293
12/31/2020,TYS,TN,ASO,ES,Combined TRACON& Tower with Radar,55,26,19,0,100,0,0,0,0,0,55,26,19,0,100,0,0,0,100
01/01/2021,TYS,TN,ASO,ES,Combined TRACON& Tower with Radar,40,22,8,0,70,0,0,0,0,0,40,22,8,0,70,0,0,0,70
01/02/2021,TYS,TN,ASO,ES,Combined TRACON& Tower with Radar,56,35,42,0,133,0,0,29,0,29,56,35,71,0,162,26,0,26,188
01/03/2021,TYS,TN,ASO,ES,Combined TRACON& Tower with Radar,62,35,58,0,155,0,0,14,0,14,62,35,72,0,169,22,0,22,191
01/04/2021,TYS,TN,ASO,ES,Combined TRACON& Tower with Radar,49,35,50,58,192,0,1,54,2,57,49,36,104,60,249,144,10,154,403
01/05/2021,TYS,TN,ASO,ES,Combined TRACON& Tower with Radar,50,27,51,22,150,0,0,38,0,38,50,27,89,22,188,0,0,0,188
01/06/2021,TYS,TN,ASO,ES,Combined TRACON& Tower with Radar,49,34,67,58,208,0,0,72,4,76,49,34,139,62,284,108,96,204,488
01/07/2021,TYS,TN,ASO,ES,Combined TRACON& Tower with Radar,62,33,65,45,205,0,0,22,11,33,62,33,87,56,238,74,70,144,382
01/08/2021,TYS,TN,ASO,ES,Combined TRACON& Tower with Radar,65,28,36,5,134,0,0,0,0,0,65,28,36,5,134,0,0,0,134
01/09/2021,TYS,TN,ASO,ES,Combined TRACON& Tower with Radar,43,22,27,1,93,0,0,5,0,5,43,22,32,1,98,0,0,0,98
01/10/2021,TYS,TN,ASO,ES,Combined TRACON& Tower with Radar,56,26,53,8,143,0,0,40,2,42,56,26,93,10,185,34,0,34,219
01/11/2021,TYS,TN,ASO,ES,Combined TRACON& Tower with Radar,56,31,35,0,122,0,1,3,0,4,56,32,38,0,126,0,0,0,126
01/12/2021,TYS,TN,ASO,ES,Combined TRACON& Tower with Radar,49,31,49,10,139,0,0,15,4,19,49,31,64,14,158,42,32,74,232
01/13/2021,TYS,TN,ASO,ES,Combined TRACON& Tower with Radar,45,42,90,37,214,0,0,5,0,5,45,42,95,37,219,26,28,54,273
01/14/2021,TYS,TN,ASO,ES,Combined TRACON& Tower with Radar,62,39,51,12,164,0,0,39,10,49,62,39,90,22,213,98,14,112,325
01/15/2021,TYS,TN,ASO,ES,Combined TRACON& Tower with Radar,60,37,77,27,201,0,0,19,0,19,60,37,96,27,220,48,44,92,312
01/16/2021,TYS,TN,ASO,ES,Combined TRACON& Tower with Radar,39,27,39,8,113,0,0,2,0,2,39,27,41,8,115,48,0,48,163
01/17/2021,TYS,TN,ASO,ES,Combined TRACON& Tower with Radar,51,24,31,8,114,0,0,17,2,19,51,24,48,10,133,40,0,40,173
01/18/2021,TYS,TN,ASO,ES,Combined TRACON& Tower with Radar,56,29,64,1,150,0,3,50,1,54,56,32,114,2,204,86,0,86,290
01/19/2021,TYS,TN,ASO,ES,Combined TRACON& Tower with Radar,45,31,56,45,177,0,1,47,2,50,45,32,103,47,227,38,50,88,315
01/20/2021,TYS,TN,ASO,ES,Combined TRACON& Tower with Radar,47,25,83,36,191,0,0,65,3,68,47,25,148,39,259,30,28,58,317
01/21/2021,TYS,TN,ASO,ES,Combined TRACON& Tower with Radar,61,28,72,2,163,0,0,1,0,1,61,28,73,2,164,0,58,58,222
01/22/2021,TYS,TN,ASO,ES,Combined TRACON& Tower with Radar,59,26,79,79,243,0,2,52,8,62,59,28,131,87,305,30,0,30,335
01/23/2021,TYS,TN,ASO,ES,Combined TRACON& Tower with Radar,36,21,50,26,133,0,0,59,19,78,36,21,109,45,211,34,116,150,361
01/24/2021,TYS,TN,ASO,ES,Combined TRACON& Tower with Radar,53,24,37,27,141,0,0,19,1,20,53,24,56,28,161,0,0,0,161
01/25/2021,TYS,TN,ASO,ES,Combined TRACON& Tower with Radar,55,25,50,6,136,0,0,0,0,0,55,25,50,6,136,0,0,0,136
01/26/2021,TYS,TN,ASO,ES,Combined TRACON& Tower with Radar,46,19,79,38,182,0,0,64,5,69,46,19,143,43,251,24,66,90,341
01/27/2021,TYS,TN,ASO,ES,Combined TRACON& Tower with Radar,49,32,76,20,177,0,0,43,3,46,49,32,119,23,223,0,0,0,223
01/28/2021,TYS,TN,ASO,ES,Combined TRACON& Tower with Radar,59,32,73,9,173,0,2,32,4,38,59,34,105,13,211,36,0,36,247
01/29/2021,TYS,TN,ASO,ES,Combined TRACON& Tower with Radar,61,29,78,15,183,0,1,58,2,61,61,30,136,17,244,66,14,80,324
01/30/2021,TYS,TN,ASO,ES,Combined TRACON& Tower with Radar,38,22,46,0,106,0,0,15,0,15,38,22,61,0,121,92,0,92,213
01/31/2021,TYS,TN,ASO,ES,Combined TRACON& Tower with Radar,71,27,53,0,151,0,0,0,0,0,71,27,53,0,151,0,0,0,151
02/01/2021,TYS,TN,ASO,ES,Combined TRACON& Tower with Radar,59,17,35,5,116,0,0,0,0,0,59,17,35,5,116,0,0,0,116
02/02/2021,TYS,TN,ASO,ES,Combined TRACON& Tower with Radar,46,22,65,20,153,0,0,46,2,48,46,22,111,22,201,30,16,46,247
02/03/2021,TYS,TN,ASO,ES,Combined TRACON& Tower with Radar,50,23,71,46,190,0,0,67,6,73,50,23,138,52,263,110,28,138,401
02/04/2021,TYS,TN,ASO,ES,Combined TRACON& Tower with Radar,64,22,79,28,193,0,0,36,5,41,64,22,115,33,234,68,50,118,352
02/05/2021,TYS,TN,ASO,ES,Combined TRACON& Tower with Radar,60,37,96,40,233,0,2,42,15,59,60,39,138,55,292,60,38,98,390
02/06/2021,TYS,TN,ASO,ES,Combined TRACON& Tower with Radar,36,25,38,1,100,0,0,35,4,39,36,25,73,5,139,18,0,18,157
02/07/2021,TYS,TN,ASO,ES,Combined TRACON& Tower with Radar,53,21,34,1,109,0,0,5,0,5,53,21,39,1,114,42,0,42,156
02/08/2021,TYS,TN,ASO,ES,Combined TRACON& Tower with Radar,58,41,75,29,203,0,0,57,8,65,58,41,132,37,268,40,56,96,364
02/09/2021,TYS,TN,ASO,ES,Combined TRACON& Tower with Radar,46,28,44,36,154,0,0,40,13,53,46,28,84,49,207,62,84,146,353
02/10/2021,TYS,TN,ASO,ES,Combined TRACON& Tower with Radar,50,33,77,74,234,0,1,60,11,72,50,34,137,85,306,138,30,168,474
02/11/2021,TYS,TN,ASO,ES,Combined TRACON& Tower with Radar,65,42,49,0,156,0,0,0,0,0,65,42,49,0,156,0,0,0,156
02/12/2021,TYS,TN,ASO,ES,Combined TRACON& Tower with Radar,66,37,43,10,156,0,0,3,0,3,66,37,46,10,159,0,0,0,159
02/13/2021,TYS,TN,ASO,ES,Combined TRACON& Tower with Radar,47,34,29,0,110,0,0,1,0,1,47,34,30,0,111,0,0,0,111
02/14/2021,TYS,TN,ASO,ES,Combined TRACON& Tower with Radar,54,24,47,0,125,0,0,1,0,1,54,24,48,0,126,0,0,0,126
02/15/2021,TYS,TN,ASO,ES,Combined TRACON& Tower with Radar,55,24,36,0,115,0,0,4,0,4,55,24,40,0,119,0,0,0,119
02/16/2021,TYS,TN,ASO,ES,Combined TRACON& Tower with Radar,41,26,47,4,118,0,0,10,0,10,41,26,57,4,128,8,38,46,174
02/17/2021,TYS,TN,ASO,ES,Combined TRACON& Tower with Radar,39,22,76,20,157,0,0,73,0,73,39,22,149,20,230,56,46,102,332
02/18/2021,TYS,TN,ASO,ES,Combined TRACON& Tower with Radar,58,16,33,19,126,0,0,0,0,0,58,16,33,19,126,0,0,0,126
02/19/2021,TYS,TN,ASO,ES,Combined TRACON& Tower with Radar,58,36,67,11,172,0,0,45,13,58,58,36,112,24,230,68,0,68,298
02/20/2021,TYS,TN,ASO,ES,Combined TRACON& Tower with Radar,42,20,45,0,107,0,4,69,14,87,42,24,114,14,194,174,18,192,386
02/21/2021,TYS,TN,ASO,ES,Combined TRACON& Tower with Radar,58,30,52,5,145,0,0,46,2,48,58,30,98,7,193,24,0,24,217
02/22/2021,TYS,TN,ASO,ES,Combined TRACON& Tower with Radar,65,28,59,5,157,0,0,18,1,19,65,28,77,6,176,60,0,60,236
02/23/2021,TYS,TN,ASO,ES,Combined TRACON& Tower with Radar,50,32,79,35,196,0,6,86,2,94,50,38,165,37,290,128,36,164,454
02/24/2021,TYS,TN,ASO,ES,Combined TRACON& Tower with Radar,54,29,68,59,210,0,1,76,6,83,54,30,144,65,293,136,114,250,543
02/25/2021,TYS,TN,ASO,ES,Combined TRACON& Tower with Radar,67,32,87,2,188,0,3,63,12,78,67,35,150,14,266,158,0,158,424
02/26/2021,TYS,TN,ASO,ES,Combined TRACON& Tower with Radar,71,41,76,12,200,0,0,1,0,1,71,41,77,12,201,14,0,14,215
02/27/2021,TYS,TN,ASO,ES,Combined TRACON& Tower with Radar,46,33,41,4,124,0,0,0,0,0,46,33,41,4,124,0,0,0,124
02/28/2021,TYS,TN,ASO,ES,Combined TRACON& Tower with Radar,68,26,56,9,159,0,0,3,0,3,68,26,59,9,162,10,0,10,172
03/01/2021,TYS,TN,ASO,ES,Combined TRACON& Tower with Radar,68,28,59,22,177,0,4,20,0,24,68,32,79,22,201,10,0,10,211
03/02/2021,TYS,TN,ASO,ES,Combined TRACON& Tower with Radar,49,20,69,36,174,0,3,67,11,81,49,23,136,47,255,62,30,92,347
03/03/2021,TYS,TN,ASO,ES,Combined TRACON& Tower with Radar,54,27,78,37,196,0,0,72,6,78,54,27,150,43,274,156,20,176,450
03/04/2021,TYS,TN,ASO,ES,Combined TRACON& Tower with Radar,81,36,107,1,225,0,0,57,13,70,81,36,164,14,295,180,6,186,481
03/05/2021,TYS,TN,ASO,ES,Combined TRACON& Tower with Radar,80,33,72,26,211,0,1,41,12,54,80,34,113,38,265,222,12,234,499
03/06/2021,TYS,TN,ASO,ES,Combined TRACON& Tower with Radar,65,29,41,23,158,0,2,60,0,62,65,31,101,23,220,152,36,188,408
03/07/2021,TYS,TN,ASO,ES,Combined TRACON& Tower with Radar,73,30,62,6,171,0,0,40,2,42,73,30,102,8,213,54,0,54,267
03/08/2021,TYS,TN,ASO,ES,Combined TRACON& Tower with Radar,75,31,55,8,169,0,0,58,3,61,75,31,113,11,230,160,0,160,390
03/09/2021,TYS,TN,ASO,ES,Combined TRACON& Tower with Radar,66,24,56,28,174,0,0,63,21,84,66,24,119,49,258,160,54,214,472
03/10/2021,TYS,TN,ASO,ES,Combined TRACON& Tower with Radar,64,30,72,65,231,0,3,62,6,71,64,33,134,71,302,202,36,238,540
03/11/2021,TYS,TN,ASO,ES,Combined TRACON& Tower with Radar,84,55,70,50,259,0,2,44,11,57,84,57,114,61,316,118,64,182,498
03/12/2021,TYS,TN,ASO,ES,Combined TRACON& Tower with Radar,80,49,88,12,229,0,0,29,0,29,80,49,117,12,258,106,0,106,364
03/13/2021,TYS,TN,ASO,ES,Combined TRACON& Tower with Radar,64,38,58,0,160,0,0,16,0,16,64,38,74,0,176,22,0,22,198
03/14/2021,TYS,TN,ASO,ES,Combined TRACON& Tower with Radar,69,46,59,0,174,0,0,16,0,16,69,46,75,0,190,96,0,96,286
03/15/2021,TYS,TN,ASO,ES,Combined TRACON& Tower with Radar,68,32,47,2,149,0,1,41,0,42,68,33,88,2,191,132,0,132,323
03/16/2021,TYS,TN,ASO,ES,Combined TRACON& Tower with Radar,66,46,100,17,229,0,0,13,0,13,66,46,113,17,242,40,0,40,282
03/17/2021,TYS,TN,ASO,ES,Combined TRACON& Tower with Radar,65,28,72,0,165,0,0,3,0,3,65,28,75,0,168,0,0,0,168
03/18/2021,TYS,TN,ASO,ES,Combined TRACON& Tower with Radar,93,51,69,30,243,0,0,17,13,30,93,51,86,43,273,14,54,68,341
03/19/2021,TYS,TN,ASO,ES,Combined TRACON& Tower with Radar,82,66,105,10,263,0,0,15,6,21,82,66,120,16,284,36,12,48,332
03/20/2021,TYS,TN,ASO,ES,Combined TRACON& Tower with Radar,65,29,42,7,143,0,4,74,8,86,65,33,116,15,229,44,0,44,273
03/21/2021,TYS,TN,ASO,ES,Combined TRACON& Tower with Radar,72,37,66,22,197,0,0,54,4,58,72,37,120,26,255,22,0,22,277
03/22/2021,TYS,TN,ASO,ES,Combined TRACON& Tower with Radar,71,29,72,22,194,0,2,67,0,69,71,31,139,22,263,58,24,82,345
03/23/2021,TYS,TN,ASO,ES,Combined TRACON& Tower with Radar,69,26,69,38,202,0,0,49,12,61,69,26,118,50,263,132,40,172,435
03/24/2021,TYS,TN,ASO,ES,Combined TRACON& Tower with Radar,66,36,103,48,253,0,0,52,7,59,66,36,155,55,312,188,46,234,546
03/25/2021,TYS,TN,ASO,ES,Combined TRACON& Tower with Radar,84,34,63,0,181,0,0,4,0,4,84,34,67,0,185,0,0,0,185
03/26/2021,TYS,TN,ASO,ES,Combined TRACON& Tower with Radar,77,49,116,54,296,0,0,63,5,68,77,49,179,59,364,120,32,152,516
03/27/2021,TYS,TN,ASO,ES,Combined TRACON& Tower with Radar,62,23,24,0,109,0,0,3,0,3,62,23,27,0,112,0,0,0,112
03/28/2021,TYS,TN,ASO,ES,Combined TRACON& Tower with Radar,99,45,70,10,224,0,0,8,0,8,99,45,78,10,232,0,6,6,238
03/29/2021,TYS,TN,ASO,ES,Combined TRACON& Tower with Radar,78,39,67,47,231,0,2,62,1,65,78,41,129,48,296,86,28,114,410
03/30/2021,TYS,TN,ASO,ES,Combined TRACON& Tower with Radar,65,41,80,43,229,0,0,59,1,60,65,41,139,44,289,114,56,170,459
03/31/2021,TYS,TN,ASO,ES,Combined TRACON& Tower with Radar,66,34,74,2,176,0,0,0,0,0,66,34,74,2,176,0,16,16,192
04/01/2021,TYS,TN,ASO,ES,Combined TRACON& Tower with Radar,81,54,104,29,268,0,2,49,13,64,81,56,153,42,332,24,10,34,366
04/02/2021,TYS,TN,ASO,ES,Combined TRACON& Tower with Radar,78,47,63,7,195,0,2,50,4,56,78,49,113,11,251,52,0,52,303
04/03/2021,TYS,TN,ASO,ES,Combined TRACON& Tower with Radar,57,37,35,0,129,0,4,48,0,52,57,41,83,0,181,72,0,72,253
04/04/2021,TYS,TN,ASO,ES,Combined TRACON& Tower with Radar,66,41,37,1,145,0,5,29,0,34,66,46,66,1,179,46,0,46,225
04/05/2021,TYS,TN,ASO,ES,Combined TRACON& Tower with Radar,72,49,81,1,203,0,4,47,1,52,72,53,128,2,255,20,0,20,275
04/06/2021,TYS,TN,ASO,ES,Combined TRACON& Tower with Radar,62,43,58,41,204,0,3,53,5,61,62,46,111,46,265,30,18,48,313
04/07/2021,TYS,TN,ASO,ES,Combined TRACON& Tower with Radar,62,38,79,50,229,0,4,65,4,73,62,42,144,54,302,74,58,132,434
04/08/2021,TYS,TN,ASO,ES,Combined TRACON& Tower with Radar,79,49,109,24,261,0,0,15,6,21,79,49,124,30,282,0,12,12,294
04/09/2021,TYS,TN,ASO,ES,Combined TRACON& Tower with Radar,75,57,77,27,236,0,4,62,14,80,75,61,139,41,316,68,8,76,392
04/10/2021,TYS,TN,ASO,ES,Combined TRACON& Tower with Radar,58,41,35,9,143,0,0,2,0,2,58,41,37,9,145,0,0,0,145
04/11/2021,TYS,TN,ASO,ES,Combined TRACON& Tower with Radar,67,53,73,5,198,0,2,37,3,42,67,55,110,8,240,10,0,10,250
04/12/2021,TYS,TN,ASO,ES,Combined TRACON& Tower with Radar,70,44,77,45,236,0,8,48,6,62,70,52,125,51,298,104,26,130,428
04/13/2021,TYS,TN,ASO,ES,Combined TRACON& Tower with Radar,67,47,92,46,252,0,10,64,9,83,67,57,156,55,335,96,62,158,493
04/14/2021,TYS,TN,ASO,ES,Combined TRACON& Tower with Radar,62,50,77,52,241,0,0,36,3,39,62,50,113,55,280,112,24,136,416
04/15/2021,TYS,TN,ASO,ES,Combined TRACON& Tower with Radar,74,77,81,81,313,0,5,39,15,59,74,82,120,96,372,98,120,218,590
04/16/2021,TYS,TN,ASO,ES,Combined TRACON& Tower with Radar,74,57,80,24,235,0,4,67,6,77,74,61,147,30,312,112,32,144,456
04/17/2021,TYS,TN,ASO,ES,Combined TRACON& Tower with Radar,57,38,49,6,150,0,0,34,0,34,57,38,83,6,184,62,0,62,246
04/18/2021,TYS,TN,ASO,ES,Combined TRACON& Tower with Radar,67,58,57,21,203,0,0,29,6,35,67,58,86,27,238,12,0,12,250
04/19/2021,TYS,TN,ASO,ES,Combined TRACON& Tower with Radar,73,58,78,10,219,0,3,54,2,59,73,61,132,12,278,88,0,88,366
04/20/2021,TYS,TN,ASO,ES,Combined TRACON& Tower with Radar,55,49,79,25,208,0,0,70,19,89,55,49,149,44,297,30,14,44,341
04/21/2021,TYS,TN,ASO,ES,Combined TRACON& Tower with Radar,60,37,81,36,214,0,2,11,3,16,60,39,92,39,230,22,36,58,288
04/22/2021,TYS,TN,ASO,ES,Combined TRACON& Tower with Radar,74,71,91,23,259,0,1,62,2,65,74,72,153,25,324,62,40,102,426
04/23/2021,TYS,TN,ASO,ES,Combined TRACON& Tower with Radar,73,56,77,11,217,0,2,51,0,53,73,58,128,11,270,108,10,118,388
04/24/2021,TYS,TN,ASO,ES,Combined TRACON& Tower with Radar,64,32,14,4,114,0,0,2,0,2,64,32,16,4,116,0,0,0,116
04/25/2021,TYS,TN,ASO,ES,Combined TRACON& Tower with Radar,66,49,97,1,213,0,0,22,2,24,66,49,119,3,237,64,0,64,301
04/26/2021,TYS,TN,ASO,ES,Combined TRACON& Tower with Radar,70,66,74,8,218,0,3,78,0,81,70,69,152,8,299,90,18,108,407
04/27/2021,TYS,TN,ASO,ES,Combined TRACON& Tower with Radar,55,56,75,37,223,0,2,58,2,62,55,58,133,39,285,88,20,108,393
04/28/2021,TYS,TN,ASO,ES,Combined TRACON& Tower with Radar,60,54,106,36,256,0,2,38,5,45,60,56,144,41,301,72,10,82,383
04/29/2021,TYS,TN,ASO,ES,Combined TRACON& Tower with Radar,74,55,95,25,249,0,1,22,12,35,74,56,117,37,284,22,18,40,324
04/30/2021,TYS,TN,ASO,ES,Combined TRACON& Tower with Radar,74,57,82,45,258,0,0,48,17,65,74,57,130,62,323,22,46,68,391
05/01/2021,TYS,TN,ASO,ES,Combined TRACON& Tower with Radar,58,45,51,7,161,0,1,43,7,51,58,46,94,14,212,48,16,64,276
05/02/2021,TYS,TN,ASO,ES,Combined TRACON& Tower with Radar,65,52,58,16,191,0,2,27,0,29,65,54,85,16,220,64,0,64,284
05/03/2021,TYS,TN,ASO,ES,Combined TRACON& Tower with Radar,72,39,53,2,166,0,0,3,0,3,72,39,56,2,169,0,0,0,169
05/04/2021,TYS,TN,ASO,ES,Combined TRACON& Tower with Radar,59,44,37,15,155,0,0,4,8,12,59,44,41,23,167,6,70,76,243
05/05/2021,TYS,TN,ASO,ES,Combined TRACON& Tower with Radar,66,44,128,49,287,0,0,22,4,26,66,44,150,53,313,92,12,104,417
05/06/2021,TYS,TN,ASO,ES,Combined TRACON& Tower with Radar,78,49,106,18,251,0,0,73,13,86,78,49,179,31,337,134,30,164,501
05/07/2021,TYS,TN,ASO,ES,Combined TRACON& Tower with Radar,85,58,130,24,297,0,4,48,9,61,85,62,178,33,358,14,6,20,378
05/08/2021,TYS,TN,ASO,ES,Combined TRACON& Tower with Radar,56,33,48,0,137,0,2,27,0,29,56,35,75,0,166,42,0,42,208
05/09/2021,TYS,TN,ASO,ES,Combined TRACON& Tower with Radar,71,49,68,14,202,0,0,16,4,20,71,49,84,18,222,16,0,16,238
05/10/2021,TYS,TN,ASO,ES,Combined TRACON& Tower with Radar,76,50,88,21,235,0,0,5,0,5,76,50,93,21,240,0,0,0,240
05/11/2021,TYS,TN,ASO,ES,Combined TRACON& Tower with Radar,63,32,95,41,231,0,0,58,8,66,63,32,153,49,297,16,34,50,347
05/12/2021,TYS,TN,ASO,ES,Combined TRACON& Tower with Radar,66,41,98,24,229,0,1,46,1,48,66,42,144,25,277,34,34,68,345
05/13/2021,TYS,TN,ASO,ES,Combined TRACON& Tower with Radar,85,57,105,14,261,0,0,52,16,68,85,57,157,30,329,102,0,102,431
05/14/2021,TYS,TN,ASO,ES,Combined TRACON& Tower with Radar,80,64,91,34,269,0,0,54,7,61,80,64,145,41,330,102,80,182,512
05/15/2021,TYS,TN,ASO,ES,Combined TRACON& Tower with Radar,58,45,49,26,178,0,1,30,15,46,58,46,79,41,224,28,52,80,304
05/16/2021,TYS,TN,ASO,ES,Combined TRACON& Tower with Radar,74,50,68,2,194,0,0,34,0,34,74,50,102,2,228,22,0,22,250
05/17/2021,TYS,TN,ASO,ES,Combined TRACON& Tower with Radar,77,57,78,5,217,0,1,62,0,63,77,58,140,5,280,58,0,58,338
05/18/2021,TYS,TN,ASO,ES,Combined TRACON& Tower with Radar,63,47,96,57,263,0,0,52,14,66,63,47,148,71,329,52,36,88,417
05/19/2021,TYS,TN,ASO,ES,Combined TRACON& Tower with Radar,69,49,84,38,240,0,0,42,7,49,69,49,126,45,289,80,68,148,437
05/20/2021,TYS,TN,ASO,ES,Combined TRACON& Tower with Radar,80,85,95,32,292,0,0,52,24,76,80,85,147,56,368,72,42,114,482
05/21/2021,TYS,TN,ASO,ES,Combined TRACON& Tower with Radar,80,43,88,56,267,0,2,55,12,69,80,45,143,68,336,38,66,104,440
05/22/2021,TYS,TN,ASO,ES,Combined TRACON& Tower with Radar,58,36,49,9,152,0,2,38,16,56,58,38,87,25,208,28,86,114,322
05/23/2021,TYS,TN,ASO,ES,Combined TRACON& Tower with Radar,73,58,81,10,222,0,1,34,2,37,73,59,115,12,259,70,0,70,329
05/24/2021,TYS,TN,ASO,ES,Combined TRACON& Tower with Radar,77,43,70,34,224,0,4,49,4,57,77,47,119,38,281,0,30,30,311
05/25/2021,TYS,TN,ASO,ES,Combined TRACON& Tower with Radar,67,51,66,51,235,0,0,44,7,51,67,51,110,58,286,30,104,134,420
05/26/2021,TYS,TN,ASO,ES,Combined TRACON& Tower with Radar,75,51,97,42,265,0,0,48,8,56,75,51,145,50,321,22,42,64,385
05/27/2021,TYS,TN,ASO,ES,Combined TRACON& Tower with Radar,78,75,82,24,259,0,2,26,11,39,78,77,108,35,298,44,14,58,356
05/28/2021,TYS,TN,ASO,ES,Combined TRACON& Tower with Radar,91,52,63,13,219,0,0,8,2,10,91,52,71,15,229,6,20,26,255
05/29/2021,TYS,TN,ASO,ES,Combined TRACON& Tower with Radar,66,43,56,0,165,0,0,7,0,7,66,43,63,0,172,12,0,12,184
05/30/2021,TYS,TN,ASO,ES,Combined TRACON& Tower with Radar,61,38,28,2,129,0,1,10,0,11,61,39,38,2,140,22,0,22,162
05/31/2021,TYS,TN,ASO,ES,Combined TRACON& Tower with Radar,80,51,62,0,193,0,0,33,0,33,80,51,95,0,226,32,0,32,258
06/01/2021,TYS,TN,ASO,ES,Combined TRACON& Tower with Radar,62,47,96,35,240,0,4,40,16,60,62,51,136,51,300,78,74,152,452
06/02/2021,TYS,TN,ASO,ES,Combined TRACON& Tower with Radar,74,48,71,14,207,0,0,41,6,47,74,48,112,20,254,42,10,52,306
06/03/2021,TYS,TN,ASO,ES,Combined TRACON& Tower with Radar,81,64,89,0,234,0,0,15,6,21,81,64,104,6,255,0,36,36,291
06/04/2021,TYS,TN,ASO,ES,Combined TRACON& Tower with Radar,95,50,96,42,283,0,1,31,13,45,95,51,127,55,328,44,44,88,416
06/05/2021,TYS,TN,ASO,ES,Combined TRACON& Tower with Radar,69,46,45,21,181,0,6,25,4,35,69,52,70,25,216,0,10,10,226
06/06/2021,TYS,TN,ASO,ES,Combined TRACON& Tower with Radar,79,50,71,0,200,0,0,16,2,18,79,50,87,2,218,50,0,50,268
06/07/2021,TYS,TN,ASO,ES,Combined TRACON& Tower with Radar,106,42,80,12,240,0,1,14,0,15,106,43,94,12,255,52,12,64,319
06/08/2021,TYS,TN,ASO,ES,Combined TRACON& Tower with Radar,74,43,93,7,217,0,0,28,9,37,74,43,121,16,254,26,18,44,298
06/09/2021,TYS,TN,ASO,ES,Combined TRACON& Tower with Radar,78,40,99,5,222,0,0,22,3,25,78,40,121,8,247,28,12,40,287
06/10/2021,TYS,TN,ASO,ES,Combined TRACON& Tower with Radar,95,51,155,27,328,0,0,13,15,28,95,51,168,42,356,26,38,64,420
06/11/2021,TYS,TN,ASO,ES,Combined TRACON& Tower with Radar,91,44,91,11,237,0,0,3,2,5,91,44,94,13,242,8,4,12,254
06/12/2021,TYS,TN,ASO,ES,Combined TRACON& Tower with Radar,76,47,58,1,182,0,0,12,0,12,76,47,70,1,194,30,0,30,224
06/13/2021,TYS,TN,ASO,ES,Combined TRACON& Tower with Radar,82,65,78,18,243,0,0,26,3,29,82,65,104,21,272,60,0,60,332
06/14/2021,TYS,TN,ASO,ES,Combined TRACON& Tower with Radar,88,40,87,19,234,0,2,64,3,69,88,42,151,22,303,0,0,0,303
06/15/2021,TYS,TN,ASO,ES,Combined TRACON& Tower with Radar,74,33,76,56,239,0,2,80,15,97,74,35,156,71,336,78,70,148,484
06/16/2021,TYS,TN,ASO,ES,Combined TRACON& Tower with Radar,83,37,99,19,238,0,0,70,10,80,83,37,169,29,318,186,40,226,544
06/17/2021,TYS,TN,ASO,ES,Combined TRACON& Tower with Radar,89,51,102,25,267,0,0,81,20,101,89,51,183,45,368,132,42,174,542
06/18/2021,TYS,TN,ASO,ES,Combined TRACON& Tower with Radar,90,57,91,10,248,0,0,59,6,65,90,57,150,16,313,90,0,90,403
06/19/2021,TYS,TN,ASO,ES,Combined TRACON& Tower with Radar,67,37,35,2,141,0,2,49,4,55,67,39,84,6,196,0,0,0,196
06/20/2021,TYS,TN,ASO,ES,Combined TRACON& Tower with Radar,77,41,81,8,207,0,2,23,0,25,77,43,104,8,232,78,0,78,310
06/21/2021,TYS,TN,ASO,ES,Combined TRACON& Tower with Radar,87,44,91,33,255,0,0,25,0,25,87,44,116,33,280,68,22,90,370
06/22/2021,TYS,TN,ASO,ES,Combined TRACON& Tower with Radar,79,51,116,49,295,0,0,28,2,30,79,51,144,51,325,36,44,80,405
06/23/2021,TYS,TN,ASO,ES,Combined TRACON& Tower with Radar,83,48,93,16,240,0,6,65,5,76,83,54,158,21,316,146,20,166,482
06/24/2021,TYS,TN,ASO,ES,Combined TRACON& Tower with Radar,89,64,90,37,280,0,3,60,4,67,89,67,150,41,347,100,24,124,471
06/25/2021,TYS,TN,ASO,ES,Combined TRACON& Tower with Radar,93,54,96,34,277,0,0,38,7,45,93,54,134,41,322,132,12,144,466
06/26/2021,TYS,TN,ASO,ES,Combined TRACON& Tower with Radar,68,37,54,15,174,0,0,44,3,47,68,37,98,18,221,60,20,80,301
06/27/2021,TYS,TN,ASO,ES,Combined TRACON& Tower with Radar,80,52,61,8,201,0,0,20,0,20,80,52,81,8,221,114,0,114,335
06/28/2021,TYS,TN,ASO,ES,Combined TRACON& Tower with Radar,89,43,70,36,238,0,1,55,4,60,89,44,125,40,298,58,22,80,378
06/29/2021,TYS,TN,ASO,ES,Combined TRACON& Tower with Radar,73,43,68,50,234,0,0,41,23,64,73,43,109,73,298,30,128,158,456
06/30/2021,TYS,TN,ASO,ES,Combined TRACON& Tower with Radar,83,59,105,46,293,0,6,48,12,66,83,65,153,58,359,110,38,148,507
07/01/2021,TYS,TN,ASO,ES,Combined TRACON& Tower with Radar,89,49,95,0,233,0,0,33,5,38,89,49,128,5,271,28,10,38,309
07/02/2021,TYS,TN,ASO,ES,Combined TRACON& Tower with Radar,87,55,71,1,214,0,3,20,1,24,87,58,91,2,238,64,0,64,302
07/03/2021,TYS,TN,ASO,ES,Combined TRACON& Tower with Radar,70,46,35,0,151,0,0,21,0,21,70,46,56,0,172,101,0,101,273
07/04/2021,TYS,TN,ASO,ES,Combined TRACON& Tower with Radar,67,36,11,0,114,0,0,16,0,16,67,36,27,0,130,22,0,22,152
07/05/2021,TYS,TN,ASO,ES,Combined TRACON& Tower with Radar,78,57,60,9,204,0,0,31,0,31,78,57,91,9,235,8,0,8,243
07/06/2021,TYS,TN,ASO,ES,Combined TRACON& Tower with Radar,68,46,67,57,238,0,2,75,2,79,68,48,142,59,317,122,98,220,537
07/07/2021,TYS,TN,ASO,ES,Combined TRACON& Tower with Radar,78,45,107,23,253,0,0,43,1,44,78,45,150,24,297,140,18,158,455
07/08/2021,TYS,TN,ASO,ES,Combined TRACON& Tower with Radar,87,56,86,60,289,0,2,37,12,51,87,58,123,72,340,70,138,208,548
07/09/2021,TYS,TN,ASO,ES,Combined TRACON& Tower with Radar,88,50,98,21,257,0,0,15,9,24,88,50,113,30,281,70,8,78,359
07/10/2021,TYS,TN,ASO,ES,Combined TRACON& Tower with Radar,69,43,44,6,162,0,0,7,2,9,69,43,51,8,171,16,10,26,197
07/11/2021,TYS,TN,ASO,ES,Combined TRACON& Tower with Radar,80,37,55,14,186,0,0,3,1,4,80,37,58,15,190,42,0,42,232
07/12/2021,TYS,TN,ASO,ES,Combined TRACON& Tower with Radar,81,43,92,10,226,0,0,24,3,27,81,43,116,13,253,14,0,14,267
07/13/2021,TYS,TN,ASO,ES,Combined TRACON& Tower with Radar,68,54,98,31,251,0,0,40,3,43,68,54,138,34,294,166,22,188,482
07/14/2021,TYS,TN,ASO,ES,Combined TRACON& Tower with Radar,80,57,78,45,260,0,0,69,0,69,80,57,147,45,329,154,92,246,575
07/15/2021,TYS,TN,ASO,ES,Combined TRACON& Tower with Radar,83,65,126,53,327,0,5,67,3,75,83,70,193,56,402,182,24,206,608
07/16/2021,TYS,TN,ASO,ES,Combined TRACON& Tower with Radar,89,57,90,30,266,0,0,48,0,48,89,57,138,30,314,0,0,0,314
07/17/2021,TYS,TN,ASO,ES,Combined TRACON& Tower with Radar,59,38,42,1,140,0,0,6,3,9,59,38,48,4,149,72,0,72,221
07/18/2021,TYS,TN,ASO,ES,Combined TRACON& Tower with Radar,78,45,64,8,195,0,0,3,0,3,78,45,67,8,198,0,0,0,198
07/19/2021,TYS,TN,ASO,ES,Combined TRACON& Tower with Radar,78,49,92,14,233,0,0,17,0,17,78,49,109,14,250,26,8,34,284
07/20/2021,TYS,TN,ASO,ES,Combined TRACON& Tower with Radar,73,43,113,15,244,0,0,58,0,58,73,43,171,15,302,36,16,52,354
07/21/2021,TYS,TN,ASO,ES,Combined TRACON& Tower with Radar,80,56,108,38,282,0,2,93,4,99,80,58,201,42,381,0,52,52,433
07/22/2021,TYS,TN,ASO,ES,Combined TRACON& Tower with Radar,89,52,103,24,268,0,6,74,1,81,89,58,177,25,349,22,10,32,381
07/23/2021,TYS,TN,ASO,ES,Combined TRACON& Tower with Radar,89,52,98,36,275,0,0,92,5,97,89,52,190,41,372,38,24,62,434
07/24/2021,TYS,TN,ASO,ES,Combined TRACON& Tower with Radar,70,58,53,29,210,0,1,39,4,44,70,59,92,33,254,49,0,49,303
07/25/2021,TYS,TN,ASO,ES,Combined TRACON& Tower with Radar,85,59,66,9,219,0,0,26,0,26,85,59,92,9,245,40,0,40,285
07/26/2021,TYS,TN,ASO,ES,Combined TRACON& Tower with Radar,91,56,81,1,229,0,0,33,0,33,91,56,114,1,262,48,0,48,310
07/27/2021,TYS,TN,ASO,ES,Combined TRACON& Tower with Radar,86,52,91,58,287,0,3,38,8,49,86,55,129,66,336,34,98,132,468
07/28/2021,TYS,TN,ASO,ES,Combined TRACON& Tower with Radar,84,62,104,44,294,0,4,66,4,74,84,66,170,48,368,116,8,124,492
07/29/2021,TYS,TN,ASO,ES,Combined TRACON& Tower with Radar,88,51,129,21,289,0,0,69,6,75,88,51,198,27,364,154,20,174,538
07/30/2021,TYS,TN,ASO,ES,Combined TRACON& Tower with Radar,87,62,107,56,312,0,0,52,3,55,87,62,159,59,367,88,26,114,481
07/31/2021,TYS,TN,ASO,ES,Combined TRACON& Tower with Radar,65,45,64,53,227,0,0,25,1,26,65,45,89,54,253,42,28,70,323
08/01/2021,TYS,TN,ASO,ES,Combined TRACON& Tower with Radar,78,45,95,12,230,0,0,17,7,24,78,45,112,19,254,8,0,8,262
08/02/2021,TYS,TN,ASO,ES,Combined TRACON& Tower with Radar,75,47,83,21,226,0,0,69,2,71,75,47,152,23,297,96,0,96,393
08/03/2021,TYS,TN,ASO,ES,Combined TRACON& Tower with Radar,59,47,111,47,264,0,2,62,8,72,59,49,173,55,336,94,18,112,448
08/04/2021,TYS,TN,ASO,ES,Combined TRACON& Tower with Radar,70,50,124,24,268,0,0,22,0,22,70,50,146,24,290,54,46,100,390
08/05/2021,TYS,TN,ASO,ES,Combined TRACON& Tower with Radar,80,60,106,26,272,0,2,39,10,51,80,62,145,36,323,120,8,128,451
08/06/2021,TYS,TN,ASO,ES,Combined TRACON& Tower with Radar,84,55,102,42,283,0,0,58,11,69,84,55,160,53,352,50,26,76,428
08/07/2021,TYS,TN,ASO,ES,Combined TRACON& Tower with Radar,47,47,52,4,150,0,0,24,1,25,47,47,76,5,175,62,10,72,247
08/08/2021,TYS,TN,ASO,ES,Combined TRACON& Tower with Radar,66,52,57,4,179,0,0,42,4,46,66,52,99,8,225,138,0,138,363
08/09/2021,TYS,TN,ASO,ES,Combined TRACON& Tower with Radar,75,49,81,12,217,0,0,64,0,64,75,49,145,12,281,44,0,44,325
08/10/2021,TYS,TN,ASO,ES,Combined TRACON& Tower with Radar,51,56,100,33,240,0,1,26,9,36,51,57,126,42,276,56,82,138,414
08/11/2021,TYS,TN,ASO,ES,Combined TRACON& Tower with Radar,67,69,106,29,271,0,0,66,6,72,67,69,172,35,343,70,42,112,455
08/12/2021,TYS,TN,ASO,ES,Combined TRACON& Tower with Radar,75,71,95,13,254,0,2,70,2,74,75,73,165,15,328,72,8,80,408
08/13/2021,TYS,TN,ASO,ES,Combined TRACON& Tower with Radar,75,49,99,6,229,0,2,58,2,62,75,51,157,8,291,124,16,140,431
08/14/2021,TYS,TN,ASO,ES,Combined TRACON& Tower with Radar,51,49,39,2,141,0,1,31,9,41,51,50,70,11,182,30,4,34,216
08/15/2021,TYS,TN,ASO,ES,Combined TRACON& Tower with Radar,64,54,59,5,182,0,0,2,0,2,64,54,61,5,184,0,0,0,184
08/16/2021,TYS,TN,ASO,ES,Combined TRACON& Tower with Radar,72,47,79,3,201,0,0,26,2,28,72,47,105,5,229,20,0,20,249
08/17/2021,TYS,TN,ASO,ES,Combined TRACON& Tower with Radar,59,62,61,5,187,0,0,0,0,0,59,62,61,5,187,0,0,0,187
08/18/2021,TYS,TN,ASO,ES,Combined TRACON& Tower with Radar,62,51,138,33,284,0,0,48,5,53,62,51,186,38,337,66,38,104,441
08/19/2021,TYS,TN,ASO,ES,Combined TRACON& Tower with Radar,79,64,114,25,282,0,0,33,2,35,79,64,147,27,317,124,16,140,457
08/20/2021,TYS,TN,ASO,ES,Combined TRACON& Tower with Radar,77,53,123,32,285,0,0,24,9,33,77,53,147,41,318,44,28,72,390
08/21/2021,TYS,TN,ASO,ES,Combined TRACON& Tower with Radar,51,46,51,15,163,0,0,19,8,27,51,46,70,23,190,70,0,70,260
08/22/2021,TYS,TN,ASO,ES,Combined TRACON& Tower with Radar,72,70,80,7,229,0,1,15,3,19,72,71,95,10,248,46,0,46,294
08/23/2021,TYS,TN,ASO,ES,Combined TRACON& Tower with Radar,65,46,91,16,218,0,2,51,1,54,65,48,142,17,272,38,0,38,310
08/24/2021,TYS,TN,ASO,ES,Combined TRACON& Tower with Radar,58,52,110,42,262,0,0,72,7,79,58,52,182,49,341,51,14,65,406
08/25/2021,TYS,TN,ASO,ES,Combined TRACON& Tower with Radar,66,57,97,38,258,0,3,53,5,61,66,60,150,43,319,56,20,76,395
08/26/2021,TYS,TN,ASO,ES,Combined TRACON& Tower with Radar,79,53,110,11,253,0,0,54,10,64,79,53,164,21,317,22,80,102,419
08/27/2021,TYS,TN,ASO,ES,Combined TRACON& Tower with Radar,73,57,117,28,275,0,1,54,8,63,73,58,171,36,338,47,0,47,385
08/28/2021,TYS,TN,ASO,ES,Combined TRACON& Tower with Radar,54,55,42,15,166,0,0,18,0,18,54,55,60,15,184,36,0,36,220
08/29/2021,TYS,TN,ASO,ES,Combined TRACON& Tower with Radar,68,61,57,3,189,0,2,32,3,37,68,63,89,6,226,92,0,92,318
08/30/2021,TYS,TN,ASO,ES,Combined TRACON& Tower with Radar,69,53,80,26,228,0,0,54,0,54,69,53,134,26,282,72,28,100,382
08/31/2021,TYS,TN,ASO,ES,Combined TRACON& Tower with Radar,58,37,45,10,150,0,0,2,0,2,58,37,47,10,152,0,0,0,152
09/01/2021,TYS,TN,ASO,ES,Combined TRACON& Tower with Radar,78,47,108,35,268,0,2,15,2,19,78,49,123,37,287,30,12,42,329
09/02/2021,TYS,TN,ASO,ES,Combined TRACON& Tower with Radar,85,60,97,41,283,0,3,82,8,93,85,63,179,49,376,162,94,256,632
09/03/2021,TYS,TN,ASO,ES,Combined TRACON& Tower with Radar,78,59,111,8,256,0,7,62,5,74,78,66,173,13,330,132,16,148,478
09/04/2021,TYS,TN,ASO,ES,Combined TRACON& Tower with Radar,48,44,48,0,140,0,4,44,2,50,48,48,92,2,190,109,0,109,299
09/05/2021,TYS,TN,ASO,ES,Combined TRACON& Tower with Radar,60,34,28,0,122,0,2,13,0,15,60,36,41,0,137,8,0,8,145
09/06/2021,TYS,TN,ASO,ES,Combined TRACON& Tower with Radar,63,67,60,1,191,0,2,21,0,23,63,69,81,1,214,50,0,50,264
09/07/2021,TYS,TN,ASO,ES,Combined TRACON& Tower with Radar,50,54,103,14,221,0,4,54,3,61,50,58,157,17,282,22,12,34,316
09/08/2021,TYS,TN,ASO,ES,Combined TRACON& Tower with Radar,66,55,116,40,277,0,2,26,1,29,66,57,142,41,306,66,16,82,388
09/09/2021,TYS,TN,ASO,ES,Combined TRACON& Tower with Radar,86,67,110,45,308,0,2,80,4,86,86,69,190,49,394,104,40,144,538
09/10/2021,TYS,TN,ASO,ES,Combined TRACON& Tower with Radar,79,56,125,32,292,0,7,77,4,88,79,63,202,36,380,78,52,130,510
09/11/2021,TYS,TN,ASO,ES,Combined TRACON& Tower with Radar,62,38,74,8,182,0,4,44,6,54,62,42,118,14,236,30,0,30,266
09/12/2021,TYS,TN,ASO,ES,Combined TRACON& Tower with Radar,82,50,77,4,213,0,4,34,2,40,82,54,111,6,253,10,0,10,263
09/13/2021,TYS,TN,ASO,ES,Combined TRACON& Tower with Radar,82,50,82,19,233,0,2,38,0,40,82,52,120,19,273,58,14,72,345
09/14/2021,TYS,TN,ASO,ES,Combined TRACON& Tower with Radar,65,41,102,50,258,0,2,68,10,80,65,43,170,60,338,34,76,110,448
09/15/2021,TYS,TN,ASO,ES,Combined TRACON& Tower with Radar,74,45,119,40,278,0,0,48,11,59,74,45,167,51,337,70,54,124,461
09/16/2021,TYS,TN,ASO,ES,Combined TRACON& Tower with Radar,91,66,135,41,333,0,0,64,1,65,91,66,199,42,398,92,54,146,544
09/17/2021,TYS,TN,ASO,ES,Combined TRACON& Tower with Radar,86,61,126,29,302,0,0,34,2,36,86,61,160,31,338,28,38,66,404
09/18/2021,TYS,TN,ASO,ES,Combined TRACON& Tower with Radar,70,46,55,2,173,0,0,18,6,24,70,46,73,8,197,46,14,60,257
09/19/2021,TYS,TN,ASO,ES,Combined TRACON& Tower with Radar,84,55,118,3,260,0,0,6,4,10,84,55,124,7,270,52,18,70,340
09/20/2021,TYS,TN,ASO,ES,Combined TRACON& Tower with Radar,78,46,80,16,220,0,2,16,0,18,78,48,96,16,238,8,6,14,252
09/21/2021,TYS,TN,ASO,ES,Combined TRACON& Tower with Radar,69,42,109,60,280,0,0,13,0,13,69,42,122,60,293,66,36,102,395
09/22/2021,TYS,TN,ASO,ES,Combined TRACON& Tower with Radar,75,50,82,5,212,0,0,13,0,13,75,50,95,5,225,8,0,8,233
09/23/2021,TYS,TN,ASO,ES,Combined TRACON& Tower with Radar,91,46,127,13,277,0,5,91,4,100,91,51,218,17,377,106,0,106,483
09/24/2021,TYS,TN,ASO,ES,Combined TRACON& Tower with Radar,87,62,103,0,252,0,0,76,2,78,87,62,179,2,330,8,0,8,338
09/25/2021,TYS,TN,ASO,ES,Combined TRACON& Tower with Radar,68,38,40,0,146,0,1,38,2,41,68,39,78,2,187,0,0,0,187
09/26/2021,TYS,TN,ASO,ES,Combined TRACON& Tower with Radar,89,58,75,0,222,0,0,46,0,46,89,58,121,0,268,10,0,10,278
09/27/2021,TYS,TN,ASO,ES,Combined TRACON& Tower with Radar,76,43,84,6,209,0,2,51,5,58,76,45,135,11,267,54,0,54,321
09/28/2021,TYS,TN,ASO,ES,Combined TRACON& Tower with Radar,65,50,85,36,236,0,5,64,1,70,65,55,149,37,306,40,52,92,398
09/29/2021,TYS,TN,ASO,ES,Combined TRACON& Tower with Radar,74,62,119,10,265,0,1,75,2,78,74,63,194,12,343,82,18,100,443
09/30/2021,TYS,TN,ASO,ES,Combined TRACON& Tower with Radar,93,68,125,29,315,0,0,48,11,59,93,68,173,40,374,46,4,50,424
10/01/2021,TYS,TN,ASO,ES,Combined TRACON& Tower with Radar,88,62,89,34,273,0,1,65,0,66,88,63,154,34,339,48,16,64,403
10/02/2021,TYS,TN,ASO,ES,Combined TRACON& Tower with Radar,66,45,51,13,175,0,0,30,8,38,66,45,81,21,213,22,0,22,235
10/03/2021,TYS,TN,ASO,ES,Combined TRACON& Tower with Radar,86,59,90,11,246,0,0,2,0,2,86,59,92,11,248,0,0,0,248
10/04/2021,TYS,TN,ASO,ES,Combined TRACON& Tower with Radar,84,42,86,5,217,0,2,39,1,42,84,44,125,6,259,16,0,16,275
10/05/2021,TYS,TN,ASO,ES,Combined TRACON& Tower with Radar,69,55,108,36,268,0,0,10,0,10,69,55,118,36,278,0,18,18,296
10/06/2021,TYS,TN,ASO,ES,Combined TRACON& Tower with Radar,81,83,120,30,314,0,1,27,2,30,81,84,147,32,344,41,59,100,444
10/07/2021,TYS,TN,ASO,ES,Combined TRACON& Tower with Radar,92,59,113,35,299,0,0,33,2,35,92,59,146,37,334,50,36,86,420
10/08/2021,TYS,TN,ASO,ES,Combined TRACON& Tower with Radar,83,87,122,23,315,0,0,25,5,30,83,87,147,28,345,32,28,60,405
10/09/2021,TYS,TN,ASO,ES,Combined TRACON& Tower with Radar,80,50,99,7,236,0,0,20,2,22,80,50,119,9,258,26,0,26,284
10/10/2021,TYS,TN,ASO,ES,Combined TRACON& Tower with Radar,85,65,74,3,227,0,0,42,0,42,85,65,116,3,269,32,0,32,301
10/11/2021,TYS,TN,ASO,ES,Combined TRACON& Tower with Radar,79,64,98,1,242,0,4,52,0,56,79,68,150,1,298,20,0,20,318
10/12/2021,TYS,TN,ASO,ES,Combined TRACON& Tower with Radar,79,44,110,41,274,0,0,31,3,34,79,44,141,44,308,79,17,96,404
10/13/2021,TYS,TN,ASO,ES,Combined TRACON& Tower with Radar,79,62,104,33,278,0,2,37,5,44,79,64,141,38,322,63,31,94,416
10/14/2021,TYS,TN,ASO,ES,Combined TRACON& Tower with Radar,88,73,125,22,308,0,2,38,14,54,88,75,163,36,362,33,10,43,405
10/15/2021,TYS,TN,ASO,ES,Combined TRACON& Tower with Radar,66,98,126,26,316,0,3,49,22,74,66,101,175,48,390,15,0,15,405
10/16/2021,TYS,TN,ASO,ES,Combined TRACON& Tower with Radar,51,100,82,2,235,0,0,14,0,14,51,100,96,2,249,11,0,11,260
10/17/2021,TYS,TN,ASO,ES,Combined TRACON& Tower with Radar,84,81,164,3,332,0,1,36,2,39,84,82,200,5,371,27,0,27,398
10/18/2021,TYS,TN,ASO,ES,Combined TRACON& Tower with Radar,87,56,101,27,271,0,4,52,4,60,87,60,153,31,331,69,12,81,412
10/19/2021,TYS,TN,ASO,ES,Combined TRACON& Tower with Radar,77,49,118,41,285,0,3,80,10,93,77,52,198,51,378,55,33,88,466
10/20/2021,TYS,TN,ASO,ES,Combined TRACON& Tower with Radar,78,48,121,68,315,0,2,74,13,89,78,50,195,81,404,94,54,148,552
10/21/2021,TYS,TN,ASO,ES,Combined TRACON& Tower with Radar,87,59,139,1,286,0,0,17,6,23,87,59,156,7,309,4,39,43,352
10/22/2021,TYS,TN,ASO,ES,Combined TRACON& Tower with Radar,92,67,117,32,308,0,0,43,7,50,92,67,160,39,358,59,22,81,439
10/23/2021,TYS,TN,ASO,ES,Combined TRACON& Tower with Radar,69,42,56,4,171,0,1,30,2,33,69,43,86,6,204,26,0,26,230
10/24/2021,TYS,TN,ASO,ES,Combined TRACON& Tower with Radar,86,51,79,3,219,0,0,40,0,40,86,51,119,3,259,32,0,32,291
10/25/2021,TYS,TN,ASO,ES,Combined TRACON& Tower with Radar,79,56,87,16,238,0,0,20,1,21,79,56,107,17,259,12,16,28,287
10/26/2021,TYS,TN,ASO,ES,Combined TRACON& Tower with Radar,73,47,132,47,299,0,0,30,16,46,73,47,162,63,345,100,16,116,461
10/27/2021,TYS,TN,ASO,ES,Combined TRACON& Tower with Radar,78,64,106,58,306,0,0,89,11,100,78,64,195,69,406,88,44,132,538
10/28/2021,TYS,TN,ASO,ES,Combined TRACON& Tower with Radar,87,57,132,18,294,0,0,21,0,21,87,57,153,18,315,3,0,3,318
10/29/2021,TYS,TN,ASO,ES,Combined TRACON& Tower with Radar,85,69,114,12,280,0,0,0,2,2,85,69,114,14,282,10,8,18,300
10/30/2021,TYS,TN,ASO,ES,Combined TRACON& Tower with Radar,67,47,38,2,154,0,0,0,0,0,67,47,38,2,154,0,0,0,154
10/31/2021,TYS,TN,ASO,ES,Combined TRACON& Tower with Radar,75,61,95,2,233,0,2,13,0,15,75,63,108,2,248,34,0,34,282
11/01/2021,TYS,TN,ASO,ES,Combined TRACON& Tower with Radar,77,53,88,18,236,0,0,75,1,76,77,53,163,19,312,36,0,36,348
11/02/2021,TYS,TN,ASO,ES,Combined TRACON& Tower with Radar,66,45,116,44,271,0,0,70,8,78,66,45,186,52,349,46,32,78,427
11/03/2021,TYS,TN,ASO,ES,Combined TRACON& Tower with Radar,76,36,117,33,262,0,0,59,2,61,76,36,176,35,323,52,19,71,394
11/04/2021,TYS,TN,ASO,ES,Combined TRACON& Tower with Radar,91,56,121,42,310,0,0,6,13,19,91,56,127,55,329,25,15,40,369
11/05/2021,TYS,TN,ASO,ES,Combined TRACON& Tower with Radar,91,43,115,31,280,0,0,45,22,67,91,43,160,53,347,39,27,66,413
11/06/2021,TYS,TN,ASO,ES,Combined TRACON& Tower with Radar,69,38,34,23,164,0,0,37,1,38,69,38,71,24,202,27,6,33,235
11/07/2021,TYS,TN,ASO,ES,Combined TRACON& Tower with Radar,75,50,85,8,218,0,2,43,18,63,75,52,128,26,281,22,6,28,309
11/08/2021,TYS,TN,ASO,ES,Combined TRACON& Tower with Radar,81,67,81,12,241,0,0,67,4,71,81,67,148,16,312,50,13,63,375
11/09/2021,TYS,TN,ASO,ES,Combined TRACON& Tower with Radar,67,56,108,27,258,0,3,93,10,106,67,59,201,37,364,40,16,56,420
11/10/2021,TYS,TN,ASO,ES,Combined TRACON& Tower with Radar,68,56,110,46,280,0,3,82,12,97,68,59,192,58,377,51,51,102,479
11/11/2021,TYS,TN,ASO,ES,Combined TRACON& Tower with Radar,92,62,80,4,238,0,0,12,2,14,92,62,92,6,252,23,0,23,275
11/12/2021,TYS,TN,ASO,ES,Combined TRACON& Tower with Radar,93,67,150,17,327,0,2,51,4,57,93,69,201,21,384,36,6,42,426
11/13/2021,TYS,TN,ASO,ES,Combined TRACON& Tower with Radar,65,75,117,0,257,0,0,52,2,54,65,75,169,2,311,20,0,20,331
11/14/2021,TYS,TN,ASO,ES,Combined TRACON& Tower with Radar,79,72,117,1,269,0,0,34,0,34,79,72,151,1,303,10,0,10,313
11/15/2021,TYS,TN,ASO,ES,Combined TRACON& Tower with Radar,84,62,88,1,235,0,4,50,4,58,84,66,138,5,293,78,0,78,371
11/16/2021,TYS,TN,ASO,ES,Combined TRACON& Tower with Radar,64,43,116,37,260,0,0,28,9,37,64,43,144,46,297,76,15,91,388
11/17/2021,TYS,TN,ASO,ES,Combined TRACON& Tower with Radar,67,60,127,48,302,0,0,56,14,70,67,60,183,62,372,50,20,70,442
11/18/2021,TYS,TN,ASO,ES,Combined TRACON& Tower with Radar,90,69,105,0,264,0,0,7,10,17,90,69,112,10,281,0,15,15,296
11/19/2021,TYS,TN,ASO,ES,Combined TRACON& Tower with Radar,90,65,104,13,272,0,2,58,11,71,90,67,162,24,343,42,36,78,421
11/20/2021,TYS,TN,ASO,ES,Combined TRACON& Tower with Radar,59,56,67,4,186,0,1,42,7,50,59,57,109,11,236,18,2,20,256
11/21/2021,TYS,TN,ASO,ES,Combined TRACON& Tower with Radar,84,58,97,9,248,0,1,21,1,23,84,59,118,10,271,6,6,12,283
11/22/2021,TYS,TN,ASO,ES,Combined TRACON& Tower with Radar,79,52,93,25,249,0,0,40,12,52,79,52,133,37,301,12,24,36,337
11/23/2021,TYS,TN,ASO,ES,Combined TRACON& Tower with Radar,86,62,115,41,304,0,4,51,17,72,86,66,166,58,376,16,46,62,438
11/24/2021,TYS,TN,ASO,ES,Combined TRACON& Tower with Radar,88,55,72,23,238,0,1,39,0,40,88,56,111,23,278,28,30,58,336
11/25/2021,TYS,TN,ASO,ES,Combined TRACON& Tower with Radar,34,30,22,0,86,0,0,9,0,9,34,30,31,0,95,2,0,2,97
11/26/2021,TYS,TN,ASO,ES,Combined TRACON& Tower with Radar,59,52,50,0,161,0,0,20,2,22,59,52,70,2,183,14,0,14,197
11/27/2021,TYS,TN,ASO,ES,Combined TRACON& Tower with Radar,77,47,75,1,200,0,0,20,0,20,77,47,95,1,220,3,0,3,223
11/28/2021,TYS,TN,ASO,ES,Combined TRACON& Tower with Radar,87,58,115,1,261,0,0,35,0,35,87,58,150,1,296,10,0,10,306
11/29/2021,TYS,TN,ASO,ES,Combined TRACON& Tower with Radar,85,51,82,8,226,0,1,40,4,45,85,52,122,12,271,20,9,29,300
11/30/2021,TYS,TN,ASO,ES,Combined TRACON& Tower with Radar,74,48,88,25,235,0,0,75,5,80,74,48,163,30,315,45,8,53,368
12/01/2021,TYS,TN,ASO,ES,Combined TRACON& Tower with Radar,71,49,93,34,247,0,0,51,3,54,71,49,144,37,301,55,28,83,384
12/02/2021,TYS,TN,ASO,ES,Combined TRACON& Tower with Radar,92,59,95,26,272,0,6,47,17,70,92,65,142,43,342,59,14,73,415
12/03/2021,TYS,TN,ASO,ES,Combined TRACON& Tower with Radar,85,61,90,38,274,0,1,54,16,71,85,62,144,54,345,42,7,49,394
12/04/2021,TYS,TN,ASO,ES,Combined TRACON& Tower with Radar,56,45,53,19,173,0,0,20,5,25,56,45,73,24,198,33,0,33,231
12/05/2021,TYS,TN,ASO,ES,Combined TRACON& Tower with Radar,77,44,65,2,188,0,0,15,1,16,77,44,80,3,204,49,0,49,253
12/06/2021,TYS,TN,ASO,ES,Combined TRACON& Tower with Radar,76,60,69,4,209,0,0,3,2,5,76,60,72,6,214,11,0,11,225
12/07/2021,TYS,TN,ASO,ES,Combined TRACON& Tower with Radar,65,55,89,35,244,0,0,63,13,76,65,55,152,48,320,62,20,82,402
12/08/2021,TYS,TN,ASO,ES,Combined TRACON& Tower with Radar,69,64,118,35,286,0,0,43,1,44,69,64,161,36,330,65,28,93,423
12/09/2021,TYS,TN,ASO,ES,Combined TRACON& Tower with Radar,85,62,116,30,293,0,1,69,19,89,85,63,185,49,382,78,8,86,468
12/10/2021,TYS,TN,ASO,ES,Combined TRACON& Tower with Radar,84,57,82,46,269,0,0,2,0,2,84,57,84,46,271,22,6,28,299
12/11/2021,TYS,TN,ASO,ES,Combined TRACON& Tower with Radar,61,51,22,1,135,0,0,1,0,1,61,51,23,1,136,0,0,0,136
12/12/2021,TYS,TN,ASO,ES,Combined TRACON& Tower with Radar,81,54,53,2,190,0,0,35,0,35,81,54,88,2,225,38,0,38,263
12/13/2021,TYS,TN,ASO,ES,Combined TRACON& Tower with Radar,76,57,101,26,260,0,4,71,8,83,76,61,172,34,343,12,0,12,355
12/14/2021,TYS,TN,ASO,ES,Combined TRACON& Tower with Radar,64,48,84,52,248,0,0,73,10,83,64,48,157,62,331,81,32,113,444
12/15/2021,TYS,TN,ASO,ES,Combined TRACON& Tower with Radar,65,53,91,60,269,0,8,70,5,83,65,61,161,65,352,74,12,86,438
12/16/2021,TYS,TN,ASO,ES,Combined TRACON& Tower with Radar,76,68,88,44,276,0,2,34,16,52,76,70,122,60,328,37,13,50,378
12/17/2021,TYS,TN,ASO,ES,Combined TRACON& Tower with Radar,74,60,105,5,244,0,0,6,8,14,74,60,111,13,258,14,0,14,272
12/18/2021,TYS,TN,ASO,ES,Combined TRACON& Tower with Radar,59,50,31,0,140,0,0,2,6,8,59,50,33,6,148,0,8,8,156
12/19/2021,TYS,TN,ASO,ES,Combined TRACON& Tower with Radar,71,58,64,0,193,0,0,0,0,0,71,58,64,0,193,2,0,2,195
12/20/2021,TYS,TN,ASO,ES,Combined TRACON& Tower with Radar,64,54,95,28,241,0,1,63,8,72,64,55,158,36,313,44,0,44,357
12/21/2021,TYS,TN,ASO,ES,Combined TRACON& Tower with Radar,67,61,91,20,239,0,0,50,15,65,67,61,141,35,304,31,21,52,356
12/22/2021,TYS,TN,ASO,ES,Combined TRACON& Tower with Radar,69,72,96,32,269,0,0,45,1,46,69,72,141,33,315,25,12,37,352
12/23/2021,TYS,TN,ASO,ES,Combined TRACON& Tower with Radar,78,62,63,8,211,0,1,44,0,45,78,63,107,8,256,12,10,22,278
12/24/2021,TYS,TN,ASO,ES,Combined TRACON& Tower with Radar,58,38,20,0,116,0,0,16,0,16,58,38,36,0,132,28,0,28,160
12/25/2021,TYS,TN,ASO,ES,Combined TRACON& Tower with Radar,38,42,22,0,102,0,0,0,0,0,38,42,22,0,102,0,0,0,102
12/26/2021,TYS,TN,ASO,ES,Combined TRACON& Tower with Radar,55,61,71,0,187,0,0,18,0,18,55,61,89,0,205,34,2,36,241
12/27/2021,TYS,TN,ASO,ES,Combined TRACON& Tower with Radar,56,58,71,8,193,0,0,17,0,17,56,58,88,8,210,4,0,4,214
12/28/2021,TYS,TN,ASO,ES,Combined TRACON& Tower with Radar,62,44,66,32,204,0,0,17,0,17,62,44,83,32,221,6,29,35,256
12/29/2021,TYS,TN,ASO,ES,Combined TRACON& Tower with Radar,56,53,74,14,197,0,0,4,0,4,56,53,78,14,201,4,0,4,205
12/30/2021,TYS,TN,ASO,ES,Combined TRACON& Tower with Radar,77,56,88,2,223,0,0,4,0,4,77,56,92,2,227,16,0,16,243
12/31/2021,TYS,TN,ASO,ES,Combined TRACON& Tower with Radar,57,36,39,0,132,0,0,6,0,6,57,36,45,0,138,0,0,0,138
01/01/2022,TYS,TN,ASO,ES,Combined TRACON& Tower with Radar,41,42,27,0,110,0,0,5,0,5,41,42,32,0,115,4,0,4,119
01/02/2022,TYS,TN,ASO,ES,Combined TRACON& Tower with Radar,59,44,64,0,167,0,0,1,0,1,59,44,65,0,168,0,0,0,168
01/03/2022,TYS,TN,ASO,ES,Combined TRACON& Tower with Radar,62,47,56,0,165,0,0,5,0,5,62,47,61,0,170,0,0,0,170
01/04/2022,TYS,TN,ASO,ES,Combined TRACON& Tower with Radar,47,36,61,29,173,0,1,14,5,20,47,37,75,34,193,4,5,9,202
01/05/2022,TYS,TN,ASO,ES,Combined TRACON& Tower with Radar,54,46,67,43,210,0,2,30,4,36,54,48,97,47,246,4,24,28,274
01/06/2022,TYS,TN,ASO,ES,Combined TRACON& Tower with Radar,74,44,37,1,156,0,0,11,7,18,74,44,48,8,174,2,20,22,196
01/07/2022,TYS,TN,ASO,ES,Combined TRACON& Tower with Radar,74,37,55,28,194,0,0,27,4,31,74,37,82,32,225,31,13,44,269
01/08/2022,TYS,TN,ASO,ES,Combined TRACON& Tower with Radar,44,35,45,15,139,0,0,57,19,76,44,35,102,34,215,39,18,57,272
01/09/2022,TYS,TN,ASO,ES,Combined TRACON& Tower with Radar,67,42,55,3,167,0,0,0,0,0,67,42,55,3,167,0,0,0,167
01/10/2022,TYS,TN,ASO,ES,Combined TRACON& Tower with Radar,68,38,93,42,241,0,0,42,2,44,68,38,135,44,285,12,12,24,309
01/11/2022,TYS,TN,ASO,ES,Combined TRACON& Tower with Radar,59,40,74,38,211,0,0,61,4,65,59,40,135,42,276,25,29,54,330
01/12/2022,TYS,TN,ASO,ES,Combined TRACON& Tower with Radar,67,48,81,30,226,0,0,56,9,65,67,48,137,39,291,18,37,55,346
01/13/2022,TYS,TN,ASO,ES,Combined TRACON& Tower with Radar,79,42,113,45,279,0,2,39,10,51,79,44,152,55,330,35,26,61,391
01/14/2022,TYS,TN,ASO,ES,Combined TRACON& Tower with Radar,80,47,118,22,267,0,0,59,4,63,80,47,177,26,330,40,28,68,398
01/15/2022,TYS,TN,ASO,ES,Combined TRACON& Tower with Radar,46,38,26,3,113,0,0,17,0,17,46,38,43,3,130,37,0,37,167
01/16/2022,TYS,TN,ASO,ES,Combined TRACON& Tower with Radar,46,31,20,0,97,0,0,0,0,0,46,31,20,0,97,0,0,0,97
01/17/2022,TYS,TN,ASO,ES,Combined TRACON& Tower with Radar,66,44,58,0,168,0,0,2,0,2,66,44,60,0,170,0,0,0,170
01/18/2022,TYS,TN,ASO,ES,Combined TRACON& Tower with Radar,58,53,85,15,211,1,2,56,3,62,59,55,141,18,273,7,10,17,290
01/19/2022,TYS,TN,ASO,ES,Combined TRACON& Tower with Radar,59,46,92,23,220,0,0,28,0,28,59,46,120,23,248,25,20,45,293
01/20/2022,TYS,TN,ASO,ES,Combined TRACON& Tower with Radar,83,39,63,2,187,0,0,2,2,4,83,39,65,4,191,0,9,9,200
01/21/2022,TYS,TN,ASO,ES,Combined TRACON& Tower with Radar,85,44,83,8,220,0,0,10,8,18,85,44,93,16,238,10,12,22,260
01/22/2022,TYS,TN,ASO,ES,Combined TRACON& Tower with Radar,48,35,41,0,124,0,0,28,6,34,48,35,69,6,158,49,0,49,207
01/23/2022,TYS,TN,ASO,ES,Combined TRACON& Tower with Radar,79,38,59,1,177,0,0,36,8,44,79,38,95,9,221,26,0,26,247
01/24/2022,TYS,TN,ASO,ES,Combined TRACON& Tower with Radar,71,36,59,14,180,0,0,32,3,35,71,36,91,17,215,9,6,15,230
01/25/2022,TYS,TN,ASO,ES,Combined TRACON& Tower with Radar,62,45,57,53,217,0,0,42,8,50,62,45,99,61,267,80,28,108,375
01/26/2022,TYS,TN,ASO,ES,Combined TRACON& Tower with Radar,66,52,100,30,248,0,2,73,10,85,66,54,173,40,333,66,30,96,429
01/27/2022,TYS,TN,ASO,ES,Combined TRACON& Tower with Radar,81,54,98,38,271,0,1,69,6,76,81,55,167,44,347,35,52,87,434
01/28/2022,TYS,TN,ASO,ES,Combined TRACON& Tower with Radar,89,45,73,7,214,0,0,18,2,20,89,45,91,9,234,3,20,23,257
01/29/2022,TYS,TN,ASO,ES,Combined TRACON& Tower with Radar,47,42,29,0,118,0,2,23,0,25,47,44,52,0,143,34,0,34,177
01/30/2022,TYS,TN,ASO,ES,Combined TRACON& Tower with Radar,71,35,52,0,158,0,8,30,3,41,71,43,82,3,199,8,0,8,207
01/31/2022,TYS,TN,ASO,ES,Combined TRACON& Tower with Radar,72,45,66,22,205,0,4,64,12,80,72,49,130,34,285,23,3,26,311
02/01/2022,TYS,TN,ASO,ES,Combined TRACON& Tower with Radar,57,48,89,32,226,0,6,86,3,95,57,54,175,35,321,55,14,69,390
02/02/2022,TYS,TN,ASO,ES,Combined TRACON& Tower with Radar,61,42,64,4,171,0,0,22,2,24,61,42,86,6,195,12,0,12,207
02/03/2022,TYS,TN,ASO,ES,Combined TRACON& Tower with Radar,64,43,57,0,164,0,0,1,0,1,64,43,58,0,165,0,0,0,165
02/04/2022,TYS,TN,ASO,ES,Combined TRACON& Tower with Radar,64,43,43,3,153,0,0,1,0,1,64,43,44,3,154,0,0,0,154
02/05/2022,TYS,TN,ASO,ES,Combined TRACON& Tower with Radar,45,32,43,4,124,0,7,38,7,52,45,39,81,11,176,45,6,51,227
02/06/2022,TYS,TN,ASO,ES,Combined TRACON& Tower with Radar,67,39,60,6,172,0,3,48,2,53,67,42,108,8,225,7,0,7,232
02/07/2022,TYS,TN,ASO,ES,Combined TRACON& Tower with Radar,65,61,82,48,256,0,6,69,6,81,65,67,151,54,337,103,40,143,480
02/08/2022,TYS,TN,ASO,ES,Combined TRACON& Tower with Radar,61,56,85,56,258,0,2,64,6,72,61,58,149,62,330,42,34,76,406
02/09/2022,TYS,TN,ASO,ES,Combined TRACON& Tower with Radar,61,55,80,64,260,0,0,56,12,68,61,55,136,76,328,83,41,124,452
02/10/2022,TYS,TN,ASO,ES,Combined TRACON& Tower with Radar,75,55,90,38,258,0,8,51,10,69,75,63,141,48,327,31,10,41,368
02/11/2022,TYS,TN,ASO,ES,Combined TRACON& Tower with Radar,72,46,85,37,240,0,0,37,9,46,72,46,122,46,286,40,20,60,346
02/12/2022,TYS,TN,ASO,ES,Combined TRACON& Tower with Radar,45,36,42,7,130,0,2,43,0,45,45,38,85,7,175,44,17,61,236
02/13/2022,TYS,TN,ASO,ES,Combined TRACON& Tower with Radar,64,41,54,2,161,0,2,24,0,26,64,43,78,2,187,54,0,54,241
02/14/2022,TYS,TN,ASO,ES,Combined TRACON& Tower with Radar,67,46,88,13,214,0,0,40,10,50,67,46,128,23,264,32,12,44,308
02/15/2022,TYS,TN,ASO,ES,Combined TRACON& Tower with Radar,60,47,99,46,252,0,10,74,10,94,60,57,173,56,346,49,28,77,423
02/16/2022,TYS,TN,ASO,ES,Combined TRACON& Tower with Radar,72,36,105,15,228,0,0,46,2,48,72,36,151,17,276,10,4,14,290
02/17/2022,TYS,TN,ASO,ES,Combined TRACON& Tower with Radar,81,36,80,3,200,0,0,8,0,8,81,36,88,3,208,8,0,8,216
02/18/2022,TYS,TN,ASO,ES,Combined TRACON& Tower with Radar,84,42,118,38,282,0,0,18,2,20,84,42,136,40,302,64,0,64,366
02/19/2022,TYS,TN,ASO,ES,Combined TRACON& Tower with Radar,62,40,42,0,144,0,5,70,2,77,62,45,112,2,221,21,0,21,242
02/20/2022,TYS,TN,ASO,ES,Combined TRACON& Tower with Radar,64,49,53,8,174,0,4,52,0,56,64,53,105,8,230,16,0,16,246
02/21/2022,TYS,TN,ASO,ES,Combined TRACON& Tower with Radar,73,43,97,2,215,0,0,35,0,35,73,43,132,2,250,42,2,44,294
02/22/2022,TYS,TN,ASO,ES,Combined TRACON& Tower with Radar,66,54,78,22,220,0,0,16,0,16,66,54,94,22,236,8,12,20,256
02/23/2022,TYS,TN,ASO,ES,Combined TRACON& Tower with Radar,67,60,89,44,260,0,0,15,0,15,67,60,104,44,275,31,36,67,342
02/24/2022,TYS,TN,ASO,ES,Combined TRACON& Tower with Radar,73,51,74,11,209,0,2,4,0,6,73,53,78,11,215,3,2,5,220
02/25/2022,TYS,TN,ASO,ES,Combined TRACON& Tower with Radar,75,45,93,24,237,0,0,25,3,28,75,45,118,27,265,67,14,81,346
02/26/2022,TYS,TN,ASO,ES,Combined TRACON& Tower with Radar,58,40,45,45,188,0,0,11,0,11,58,40,56,45,199,32,8,40,239
02/27/2022,TYS,TN,ASO,ES,Combined TRACON& Tower with Radar,66,51,61,4,182,0,2,14,1,17,66,53,75,5,199,0,0,0,199
02/28/2022,TYS,TN,ASO,ES,Combined TRACON& Tower with Radar,72,49,73,24,218,0,7,52,9,68,72,56,125,33,286,28,6,34,320
03/01/2022,TYS,TN,ASO,ES,Combined TRACON& Tower with Radar,65,66,82,50,263,0,11,80,9,100,65,77,162,59,363,77,38,115,478
03/02/2022,TYS,TN,ASO,ES,Combined TRACON& Tower with Radar,67,51,88,35,241,0,4,88,9,101,67,55,176,44,342,60,33,93,435
03/03/2022,TYS,TN,ASO,ES,Combined TRACON& Tower with Radar,78,65,102,26,271,0,5,59,16,80,78,70,161,42,351,77,23,100,451
03/04/2022,TYS,TN,ASO,ES,Combined TRACON& Tower with Radar,88,60,90,15,253,0,2,64,4,70,88,62,154,19,323,78,10,88,411
03/05/2022,TYS,TN,ASO,ES,Combined TRACON& Tower with Radar,58,47,50,6,161,0,0,25,6,31,58,47,75,12,192,60,0,60,252
03/06/2022,TYS,TN,ASO,ES,Combined TRACON& Tower with Radar,66,47,63,0,176,0,2,25,5,32,66,49,88,5,208,6,0,6,214
03/07/2022,TYS,TN,ASO,ES,Combined TRACON& Tower with Radar,77,42,37,0,156,0,0,12,0,12,77,42,49,0,168,6,0,6,174
03/08/2022,TYS,TN,ASO,ES,Combined TRACON& Tower with Radar,71,45,101,50,267,0,0,45,4,49,71,45,146,54,316,63,46,109,425
03/09/2022,TYS,TN,ASO,ES,Combined TRACON& Tower with Radar,73,48,94,17,232,0,0,7,0,7,73,48,101,17,239,6,18,24,263
03/10/2022,TYS,TN,ASO,ES,Combined TRACON& Tower with Radar,80,54,111,29,274,0,0,59,17,76,80,54,170,46,350,100,21,121,471
03/11/2022,TYS,TN,ASO,ES,Combined TRACON& Tower with Radar,95,54,113,70,332,0,0,38,14,52,95,54,151,84,384,54,8,62,446
03/12/2022,TYS,TN,ASO,ES,Combined TRACON& Tower with Radar,59,36,45,8,148,0,0,4,0,4,59,36,49,8,152,0,0,0,152
03/13/2022,TYS,TN,ASO,ES,Combined TRACON& Tower with Radar,75,47,65,8,195,0,4,42,2,48,75,51,107,10,243,18,16,34,277
03/14/2022,TYS,TN,ASO,ES,Combined TRACON& Tower with Radar,82,39,80,29,230,0,10,52,24,86,82,49,132,53,316,36,29,65,381
03/15/2022,TYS,TN,ASO,ES,Combined TRACON& Tower with Radar,73,47,79,53,252,0,2,64,18,84,73,49,143,71,336,50,43,93,429
03/16/2022,TYS,TN,ASO,ES,Combined TRACON& Tower with Radar,80,43,97,16,236,0,1,14,0,15,80,44,111,16,251,16,18,34,285
03/17/2022,TYS,TN,ASO,ES,Combined TRACON& Tower with Radar,85,60,142,34,321,0,5,46,12,63,85,65,188,46,384,22,34,56,440
03/18/2022,TYS,TN,ASO,ES,Combined TRACON& Tower with Radar,86,59,75,38,258,0,0,20,7,27,86,59,95,45,285,28,42,70,355
03/19/2022,TYS,TN,ASO,ES,Combined TRACON& Tower with Radar,69,41,62,5,177,0,1,12,0,13,69,42,74,5,190,0,0,0,190
03/20/2022,TYS,TN,ASO,ES,Combined TRACON& Tower with Radar,75,43,104,6,228,0,0,52,3,55,75,43,156,9,283,44,2,46,329
03/21/2022,TYS,TN,ASO,ES,Combined TRACON& Tower with Radar,72,44,102,22,240,0,5,69,2,76,72,49,171,24,316,70,51,121,437
03/22/2022,TYS,TN,ASO,ES,Combined TRACON& Tower with Radar,68,41,68,49,226,0,0,52,2,54,68,41,120,51,280,6,51,57,337
03/23/2022,TYS,TN,ASO,ES,Combined TRACON& Tower with Radar,79,51,76,27,233,0,0,7,0,7,79,51,83,27,240,6,16,22,262
03/24/2022,TYS,TN,ASO,ES,Combined TRACON& Tower with Radar,85,50,104,40,279,0,0,75,10,85,85,50,179,50,364,40,24,64,428
03/25/2022,TYS,TN,ASO,ES,Combined TRACON& Tower with Radar,82,43,86,24,235,0,0,29,8,37,82,43,115,32,272,63,18,81,353
03/26/2022,TYS,TN,ASO,ES,Combined TRACON& Tower with Radar,63,34,46,1,144,0,0,18,4,22,63,34,64,5,166,20,24,44,210
03/27/2022,TYS,TN,ASO,ES,Combined TRACON& Tower with Radar,68,49,76,5,198,0,6,40,4,50,68,55,116,9,248,41,0,41,289
03/28/2022,TYS,TN,ASO,ES,Combined TRACON& Tower with Radar,80,41,90,34,245,0,5,60,4,69,80,46,150,38,314,56,18,74,388
03/29/2022,TYS,TN,ASO,ES,Combined TRACON& Tower with Radar,60,44,84,58,246,0,5,64,21,90,60,49,148,79,336,62,135,197,533
03/30/2022,TYS,TN,ASO,ES,Combined TRACON& Tower with Radar,78,58,94,26,256,0,0,28,15,43,78,58,122,41,299,31,40,71,370
03/31/2022,TYS,TN,ASO,ES,Combined TRACON& Tower with Radar,75,52,111,32,270,0,0,15,22,37,75,52,126,54,307,8,33,41,348
04/01/2022,TYS,TN,ASO,ES,Combined TRACON& Tower with Radar,85,60,142,27,314,0,6,69,22,97,85,66,211,49,411,30,8,38,449
04/02/2022,TYS,TN,ASO,ES,Combined TRACON& Tower with Radar,58,33,38,0,129,0,6,60,19,85,58,39,98,19,214,53,0,53,267
04/03/2022,TYS,TN,ASO,ES,Combined TRACON& Tower with Radar,68,61,124,15,268,0,8,108,20,136,68,69,232,35,404,31,4,35,439
04/04/2022,TYS,TN,ASO,ES,Combined TRACON& Tower with Radar,82,45,95,3,225,0,0,79,0,79,82,45,174,3,304,46,4,50,354
04/05/2022,TYS,TN,ASO,ES,Combined TRACON& Tower with Radar,67,48,86,26,227,0,0,23,10,33,67,48,109,36,260,41,20,61,321
04/06/2022,TYS,TN,ASO,ES,Combined TRACON& Tower with Radar,76,43,84,30,233,0,0,15,0,15,76,43,99,30,248,42,0,42,290
04/07/2022,TYS,TN,ASO,ES,Combined TRACON& Tower with Radar,75,53,103,22,253,0,2,63,15,80,75,55,166,37,333,31,22,53,386
04/08/2022,TYS,TN,ASO,ES,Combined TRACON& Tower with Radar,78,73,74,2,227,0,2,10,14,26,78,75,84,16,253,22,6,28,281
04/09/2022,TYS,TN,ASO,ES,Combined TRACON& Tower with Radar,66,36,41,13,156,0,0,12,9,21,66,36,53,22,177,0,0,0,177
04/10/2022,TYS,TN,ASO,ES,Combined TRACON& Tower with Radar,61,51,87,5,204,0,2,66,11,79,61,53,153,16,283,75,0,75,358
04/11/2022,TYS,TN,ASO,ES,Combined TRACON& Tower with Radar,68,53,83,5,209,0,0,24,7,31,68,53,107,12,240,24,10,34,274
04/12/2022,TYS,TN,ASO,ES,Combined TRACON& Tower with Radar,69,55,98,1,223,0,0,19,0,19,69,55,117,1,242,38,0,38,280
04/13/2022,TYS,TN,ASO,ES,Combined TRACON& Tower with Radar,79,56,93,8,236,0,0,31,6,37,79,56,124,14,273,14,0,14,287
04/14/2022,TYS,TN,ASO,ES,Combined TRACON& Tower with Radar,83,72,129,53,337,0,2,42,11,55,83,74,171,64,392,85,8,93,485
04/15/2022,TYS,TN,ASO,ES,Combined TRACON& Tower with Radar,83,63,88,27,261,0,3,90,9,102,83,66,178,36,363,84,12,96,459
04/16/2022,TYS,TN,ASO,ES,Combined TRACON& Tower with Radar,65,41,55,3,164,0,0,11,1,12,65,41,66,4,176,22,0,22,198
04/17/2022,TYS,TN,ASO,ES,Combined TRACON& Tower with Radar,72,51,62,11,196,0,1,15,0,16,72,52,77,11,212,14,0,14,226
04/18/2022,TYS,TN,ASO,ES,Combined TRACON& Tower with Radar,76,60,116,14,266,0,0,6,0,6,76,60,122,14,272,9,0,9,281
04/19/2022,TYS,TN,ASO,ES,Combined TRACON& Tower with Radar,67,54,98,29,248,0,0,74,7,81,67,54,172,36,329,67,24,91,420
04/20/2022,TYS,TN,ASO,ES,Combined TRACON& Tower with Radar,78,45,86,24,233,0,2,66,5,73,78,47,152,29,306,40,42,82,388
04/21/2022,TYS,TN,ASO,ES,Combined TRACON& Tower with Radar,82,70,108,25,285,0,5,52,7,64,82,75,160,32,349,14,30,44,393
04/22/2022,TYS,TN,ASO,ES,Combined TRACON& Tower with Radar,89,62,117,46,314,0,1,52,14,67,89,63,169,60,381,21,4,25,406
04/23/2022,TYS,TN,ASO,ES,Combined TRACON& Tower with Radar,65,42,53,17,177,0,2,52,14,68,65,44,105,31,245,46,14,60,305
04/24/2022,TYS,TN,ASO,ES,Combined TRACON& Tower with Radar,63,66,73,22,224,0,2,39,12,53,63,68,112,34,277,15,4,19,296
04/25/2022,TYS,TN,ASO,ES,Combined TRACON& Tower with Radar,75,52,91,49,267,0,1,46,3,50,75,53,137,52,317,24,24,48,365
04/26/2022,TYS,TN,ASO,ES,Combined TRACON& Tower with Radar,71,75,103,19,268,0,2,10,1,13,71,77,113,20,281,2,6,8,289
04/27/2022,TYS,TN,ASO,ES,Combined TRACON& Tower with Radar,78,58,78,34,248,0,0,92,2,94,78,58,170,36,342,73,15,88,430
04/28/2022,TYS,TN,ASO,ES,Combined TRACON& Tower with Radar,79,72,122,33,306,0,0,56,13,69,79,72,178,46,375,23,23,46,421
04/29/2022,TYS,TN,ASO,ES,Combined TRACON& Tower with Radar,87,58,100,39,284,0,0,60,5,65,87,58,160,44,349,48,32,80,429
04/30/2022,TYS,TN,ASO,ES,Combined TRACON& Tower with Radar,66,43,40,3,152,0,0,36,2,38,66,43,76,5,190,54,0,54,244
05/01/2022,TYS,TN,ASO,ES,Combined TRACON& Tower with Radar,71,47,86,12,216,0,0,7,1,8,71,47,93,13,224,4,0,4,228
05/02/2022,TYS,TN,ASO,ES,Combined TRACON& Tower with Radar,78,47,73,18,216,0,1,70,0,71,78,48,143,18,287,28,28,56,343
05/03/2022,TYS,TN,ASO,ES,Combined TRACON& Tower with Radar,66,55,93,40,254,0,0,39,2,41,66,55,132,42,295,36,16,52,347
05/04/2022,TYS,TN,ASO,ES,Combined TRACON& Tower with Radar,80,59,97,6,242,0,0,36,5,41,80,59,133,11,283,8,1,9,292
05/05/2022,TYS,TN,ASO,ES,Combined TRACON& Tower with Radar,86,50,97,65,298,0,1,56,13,70,86,51,153,78,368,28,60,88,456
05/06/2022,TYS,TN,ASO,ES,Combined TRACON& Tower with Radar,85,47,59,6,197,0,0,3,0,3,85,47,62,6,200,4,0,4,204
05/07/2022,TYS,TN,ASO,ES,Combined TRACON& Tower with Radar,72,29,50,5,156,0,0,4,5,9,72,29,54,10,165,0,0,0,165
05/08/2022,TYS,TN,ASO,ES,Combined TRACON& Tower with Radar,76,57,72,3,208,0,0,4,4,8,76,57,76,7,216,5,0,5,221
05/09/2022,TYS,TN,ASO,ES,Combined TRACON& Tower with Radar,81,37,95,25,238,0,0,70,12,82,81,37,165,37,320,29,20,49,369
05/10/2022,TYS,TN,ASO,ES,Combined TRACON& Tower with Radar,70,49,86,35,240,0,0,61,12,73,70,49,147,47,313,12,8,20,333
05/11/2022,TYS,TN,ASO,ES,Combined TRACON& Tower with Radar,75,34,80,68,257,0,0,69,4,73,75,34,149,72,330,66,32,98,428
05/12/2022,TYS,TN,ASO,ES,Combined TRACON& Tower with Radar,93,51,102,41,287,0,0,57,15,72,93,51,159,56,359,64,59,123,482
05/13/2022,TYS,TN,ASO,ES,Combined TRACON& Tower with Radar,81,42,97,36,256,0,0,54,4,58,81,42,151,40,314,65,18,83,397
05/14/2022,TYS,TN,ASO,ES,Combined TRACON& Tower with Radar,74,30,37,13,154,0,0,25,0,25,74,30,62,13,179,37,0,37,216
05/15/2022,TYS,TN,ASO,ES,Combined TRACON& Tower with Radar,73,41,75,5,194,0,0,25,2,27,73,41,100,7,221,14,0,14,235
05/16/2022,TYS,TN,ASO,ES,Combined TRACON& Tower with Radar,80,44,108,49,281,0,0,49,0,49,80,44,157,49,330,38,6,44,374
05/17/2022,TYS,TN,ASO,ES,Combined TRACON& Tower with Radar,68,54,102,32,256,0,0,76,15,91,68,54,178,47,347,49,17,66,413
05/18/2022,TYS,TN,ASO,ES,Combined TRACON& Tower with Radar,76,43,95,38,252,0,0,66,7,73,76,43,161,45,325,68,30,98,423
05/19/2022,TYS,TN,ASO,ES,Combined TRACON& Tower with Radar,85,41,127,51,304,0,0,31,15,46,85,41,158,66,350,53,46,99,449
05/20/2022,TYS,TN,ASO,ES,Combined TRACON& Tower with Radar,90,42,104,40,276,0,2,55,14,71,90,44,159,54,347,88,46,134,481
05/21/2022,TYS,TN,ASO,ES,Combined TRACON& Tower with Radar,69,40,65,1,175,0,0,28,9,37,69,40,93,10,212,45,6,51,263
05/22/2022,TYS,TN,ASO,ES,Combined TRACON& Tower with Radar,70,58,86,7,221,0,0,11,8,19,70,58,97,15,240,8,0,8,248
05/23/2022,TYS,TN,ASO,ES,Combined TRACON& Tower with Radar,86,40,83,0,209,0,0,1,0,1,86,40,84,0,210,0,0,0,210
05/24/2022,TYS,TN,ASO,ES,Combined TRACON& Tower with Radar,71,42,113,43,269,0,2,21,10,33,71,44,134,53,302,30,2,32,334
05/25/2022,TYS,TN,ASO,ES,Combined TRACON& Tower with Radar,77,47,97,59,280,0,0,65,11,76,77,47,162,70,356,35,36,71,427
05/26/2022,TYS,TN,ASO,ES,Combined TRACON& Tower with Radar,83,44,85,18,230,0,2,1,7,10,83,46,86,25,240,12,14,26,266
05/27/2022,TYS,TN,ASO,ES,Combined TRACON& Tower with Radar,90,59,60,17,226,0,0,22,3,25,90,59,82,20,251,11,10,21,272
05/28/2022,TYS,TN,ASO,ES,Combined TRACON& Tower with Radar,70,39,54,6,169,0,0,32,0,32,70,39,86,6,201,50,0,50,251
05/29/2022,TYS,TN,ASO,ES,Combined TRACON& Tower with Radar,72,36,41,4,153,0,2,34,2,38,72,38,75,6,191,6,0,6,197
05/30/2022,TYS,TN,ASO,ES,Combined TRACON& Tower with Radar,87,46,51,3,187,0,0,34,1,35,87,46,85,4,222,10,0,10,232
05/31/2022,TYS,TN,ASO,ES,Combined TRACON& Tower with Radar,68,51,106,16,241,0,4,61,2,67,68,55,167,18,308,72,0,72,380
06/01/2022,TYS,TN,ASO,ES,Combined TRACON& Tower with Radar,78,48,99,35,260,0,6,77,16,99,78,54,176,51,359,104,22,126,485
06/02/2022,TYS,TN,ASO,ES,Combined TRACON& Tower with Radar,87,40,85,38,250,0,0,37,0,37,87,40,122,38,287,14,10,24,311
06/03/2022,TYS,TN,ASO,ES,Combined TRACON& Tower with Radar,84,49,117,25,275,0,8,35,9,52,84,57,152,34,327,111,0,111,438
06/04/2022,TYS,TN,ASO,ES,Combined TRACON& Tower with Radar,80,37,45,22,184,0,3,74,12,89,80,40,119,34,273,50,14,64,337
06/05/2022,TYS,TN,ASO,ES,Combined TRACON& Tower with Radar,79,60,84,16,239,0,10,39,3,52,79,70,123,19,291,26,2,28,319
06/06/2022,TYS,TN,ASO,ES,Combined TRACON& Tower with Radar,89,44,77,25,235,0,0,61,15,76,89,44,138,40,311,92,18,110,421
06/07/2022,TYS,TN,ASO,ES,Combined TRACON& Tower with Radar,74,46,114,43,277,0,1,7,14,22,74,47,121,57,299,52,40,92,391
06/08/2022,TYS,TN,ASO,ES,Combined TRACON& Tower with Radar,83,55,116,1,255,0,0,11,6,17,83,55,127,7,272,29,1,30,302
06/09/2022,TYS,TN,ASO,ES,Combined TRACON& Tower with Radar,97,71,144,25,337,0,6,59,12,77,97,77,203,37,414,49,31,80,494
06/10/2022,TYS,TN,ASO,ES,Combined TRACON& Tower with Radar,88,60,94,59,301,0,6,59,8,73,88,66,153,67,374,95,36,131,505
06/11/2022,TYS,TN,ASO,ES,Combined TRACON& Tower with Radar,68,51,57,8,184,0,3,52,4,59,68,54,109,12,243,6,2,8,251
06/12/2022,TYS,TN,ASO,ES,Combined TRACON& Tower with Radar,75,41,72,11,199,0,2,22,5,29,75,43,94,16,228,8,0,8,236
06/13/2022,TYS,TN,ASO,ES,Combined TRACON& Tower with Radar,90,57,90,7,244,0,4,54,6,64,90,61,144,13,308,38,0,38,346
06/14/2022,TYS,TN,ASO,ES,Combined TRACON& Tower with Radar,75,57,133,35,300,0,1,64,13,78,75,58,197,48,378,73,32,105,483
06/15/2022,TYS,TN,ASO,ES,Combined TRACON& Tower with Radar,83,54,122,36,295,0,3,64,14,81,83,57,186,50,376,42,33,75,451
06/16/2022,TYS,TN,ASO,ES,Combined TRACON& Tower with Radar,81,41,104,40,266,0,3,75,14,92,81,44,179,54,358,42,41,83,441
06/17/2022,TYS,TN,ASO,ES,Combined TRACON& Tower with Radar,87,44,121,28,280,0,3,53,1,57,87,47,174,29,337,19,4,23,360
06/18/2022,TYS,TN,ASO,ES,Combined TRACON& Tower with Radar,74,38,60,12,184,0,2,29,1,32,74,40,89,13,216,38,12,50,266
06/19/2022,TYS,TN,ASO,ES,Combined TRACON& Tower with Radar,70,40,62,1,173,0,0,20,0,20,70,40,82,1,193,30,0,30,223
06/20/2022,TYS,TN,ASO,ES,Combined TRACON& Tower with Radar,85,42,70,5,202,0,4,72,2,78,85,46,142,7,280,54,0,54,334
06/21/2022,TYS,TN,ASO,ES,Combined TRACON& Tower with Radar,76,53,104,63,296,0,0,87,12,99,76,53,191,75,395,56,46,102,497
06/22/2022,TYS,TN,ASO,ES,Combined TRACON& Tower with Radar,80,46,67,26,219,0,0,66,8,74,80,46,133,34,293,37,10,47,340
06/23/2022,TYS,TN,ASO,ES,Combined TRACON& Tower with Radar,81,53,102,26,262,0,2,66,18,86,81,55,168,44,348,32,16,48,396
06/24/2022,TYS,TN,ASO,ES,Combined TRACON& Tower with Radar,88,53,90,61,292,0,0,73,25,98,88,53,163,86,390,118,40,158,548
06/25/2022,TYS,TN,ASO,ES,Combined TRACON& Tower with Radar,85,41,66,6,198,0,0,43,12,55,85,41,109,18,253,48,4,52,305
06/26/2022,TYS,TN,ASO,ES,Combined TRACON& Tower with Radar,70,44,60,20,194,0,0,23,12,35,70,44,83,32,229,26,10,36,265
06/27/2022,TYS,TN,ASO,ES,Combined TRACON& Tower with Radar,93,44,88,4,229,0,0,15,0,15,93,44,103,4,244,50,0,50,294
06/28/2022,TYS,TN,ASO,ES,Combined TRACON& Tower with Radar,78,55,77,58,268,0,1,78,9,88,78,56,155,67,356,101,30,131,487
06/29/2022,TYS,TN,ASO,ES,Combined TRACON& Tower with Radar,87,45,82,31,245,0,2,63,1,66,87,47,145,32,311,86,31,117,428
06/30/2022,TYS,TN,ASO,ES,Combined TRACON& Tower with Radar,84,47,117,35,283,0,2,63,11,76,84,49,180,46,359,79,30,109,468
07/01/2022,TYS,TN,ASO,ES,Combined TRACON& Tower with Radar,89,61,86,15,251,0,0,63,3,66,89,61,149,18,317,59,8,67,384
07/02/2022,TYS,TN,ASO,ES,Combined TRACON& Tower with Radar,79,38,37,0,154,0,0,30,0,30,79,38,67,0,184,6,0,6,190
07/03/2022,TYS,TN,ASO,ES,Combined TRACON& Tower with Radar,59,45,32,0,136,0,0,8,0,8,59,45,40,0,144,7,0,7,151
07/04/2022,TYS,TN,ASO,ES,Combined TRACON& Tower with Radar,73,34,18,2,127,0,0,16,0,16,73,34,34,2,143,0,0,0,143
07/05/2022,TYS,TN,ASO,ES,Combined TRACON& Tower with Radar,75,48,83,10,216,0,0,78,10,88,75,48,161,20,304,102,4,106,410
07/06/2022,TYS,TN,ASO,ES,Combined TRACON& Tower with Radar,75,38,77,9,199,0,1,69,6,76,75,39,146,15,275,84,2,86,361
07/07/2022,TYS,TN,ASO,ES,Combined TRACON& Tower with Radar,86,48,97,9,240,0,0,27,4,31,86,48,124,13,271,58,28,86,357
07/08/2022,TYS,TN,ASO,ES,Combined TRACON& Tower with Radar,81,47,104,38,270,0,0,94,6,100,81,47,198,44,370,89,2,91,461
07/09/2022,TYS,TN,ASO,ES,Combined TRACON& Tower with Radar,71,36,45,2,154,0,0,0,0,0,71,36,45,2,154,0,0,0,154
07/10/2022,TYS,TN,ASO,ES,Combined TRACON& Tower with Radar,72,45,57,17,191,0,0,10,0,10,72,45,67,17,201,50,0,50,251
07/11/2022,TYS,TN,ASO,ES,Combined TRACON& Tower with Radar,86,46,100,22,254,0,0,43,0,43,86,46,143,22,297,116,18,134,431
07/12/2022,TYS,TN,ASO,ES,Combined TRACON& Tower with Radar,77,42,129,39,287,0,0,87,12,99,77,42,216,51,386,91,14,105,491
07/13/2022,TYS,TN,ASO,ES,Combined TRACON& Tower with Radar,82,53,118,32,285,0,0,62,4,66,82,53,180,36,351,150,18,168,519
07/14/2022,TYS,TN,ASO,ES,Combined TRACON& Tower with Radar,85,51,100,18,254,0,7,109,21,137,85,58,209,39,391,155,11,166,557
07/15/2022,TYS,TN,ASO,ES,Combined TRACON& Tower with Radar,90,57,90,28,265,0,0,107,19,126,90,57,197,47,391,58,6,64,455
07/16/2022,TYS,TN,ASO,ES,Combined TRACON& Tower with Radar,79,34,48,2,163,0,2,57,0,59,79,36,105,2,222,53,0,53,275
07/17/2022,TYS,TN,ASO,ES,Combined TRACON& Tower with Radar,72,44,56,12,184,0,0,24,5,29,72,44,80,17,213,30,0,30,243
07/18/2022,TYS,TN,ASO,ES,Combined TRACON& Tower with Radar,82,41,70,34,227,0,0,47,2,49,82,41,117,36,276,74,25,99,375
07/19/2022,TYS,TN,ASO,ES,Combined TRACON& Tower with Radar,83,38,98,25,244,0,0,47,13,60,83,38,145,38,304,110,27,137,441
07/20/2022,TYS,TN,ASO,ES,Combined TRACON& Tower with Radar,82,49,106,5,242,0,0,55,2,57,82,49,161,7,299,77,0,77,376
07/21/2022,TYS,TN,ASO,ES,Combined TRACON& Tower with Radar,85,63,117,40,305,0,0,44,5,49,85,63,161,45,354,65,2,67,421
07/22/2022,TYS,TN,ASO,ES,Combined TRACON& Tower with Radar,91,40,135,67,333,0,0,63,13,76,91,40,198,80,409,22,22,44,453
07/23/2022,TYS,TN,ASO,ES,Combined TRACON& Tower with Radar,82,45,61,42,230,0,0,80,0,80,82,45,141,42,310,118,4,122,432
07/24/2022,TYS,TN,ASO,ES,Combined TRACON& Tower with Radar,72,46,75,2,195,0,2,44,0,46,72,48,119,2,241,48,0,48,289
07/25/2022,TYS,TN,ASO,ES,Combined TRACON& Tower with Radar,83,42,83,4,212,0,0,28,7,35,83,42,111,11,247,100,0,100,347
07/26/2022,TYS,TN,ASO,ES,Combined TRACON& Tower with Radar,75,45,73,35,228,0,2,41,7,50,75,47,114,42,278,144,26,170,448
07/27/2022,TYS,TN,ASO,ES,Combined TRACON& Tower with Radar,83,35,77,18,213,0,0,71,12,83,83,35,148,30,296,88,16,104,400
07/28/2022,TYS,TN,ASO,ES,Combined TRACON& Tower with Radar,80,33,82,12,207,0,0,43,8,51,80,33,125,20,258,78,0,78,336
07/29/2022,TYS,TN,ASO,ES,Combined TRACON& Tower with Radar,91,44,100,0,235,0,0,24,2,26,91,44,124,2,261,65,0,65,326
07/30/2022,TYS,TN,ASO,ES,Combined TRACON& Tower with Radar,72,37,66,0,175,0,0,41,3,44,72,37,107,3,219,35,0,35,254
07/31/2022,TYS,TN,ASO,ES,Combined TRACON& Tower with Radar,73,38,77,0,188,0,0,7,1,8,73,38,84,1,196,6,0,6,202
08/01/2022,TYS,TN,ASO,ES,Combined TRACON& Tower with Radar,84,46,98,33,261,0,0,17,0,17,84,46,115,33,278,93,1,94,372
08/02/2022,TYS,TN,ASO,ES,Combined TRACON& Tower with Radar,78,50,113,34,275,0,0,79,12,91,78,50,192,46,366,112,16,128,494
08/03/2022,TYS,TN,ASO,ES,Combined TRACON& Tower with Radar,82,39,123,33,277,0,0,101,11,112,82,39,224,44,389,101,37,138,527
08/04/2022,TYS,TN,ASO,ES,Combined TRACON& Tower with Radar,85,55,122,54,316,0,0,60,7,67,85,55,182,61,383,142,5,147,530
08/05/2022,TYS,TN,ASO,ES,Combined TRACON& Tower with Radar,79,58,81,70,288,0,0,45,3,48,79,58,126,73,336,77,0,77,413
08/06/2022,TYS,TN,ASO,ES,Combined TRACON& Tower with Radar,83,36,38,7,164,0,0,32,5,37,83,36,70,12,201,0,0,0,201
08/07/2022,TYS,TN,ASO,ES,Combined TRACON& Tower with Radar,76,38,71,24,209,0,0,30,1,31,76,38,101,25,240,60,4,64,304
08/08/2022,TYS,TN,ASO,ES,Combined TRACON& Tower with Radar,81,34,106,3,224,0,0,61,0,61,81,34,167,3,285,144,0,144,429
08/09/2022,TYS,TN,ASO,ES,Combined TRACON& Tower with Radar,77,32,93,50,252,0,2,57,2,61,77,34,150,52,313,227,0,227,540
08/10/2022,TYS,TN,ASO,ES,Combined TRACON& Tower with Radar,78,56,95,31,260,0,2,43,8,53,78,58,138,39,313,76,24,100,413
08/11/2022,TYS,TN,ASO,ES,Combined TRACON& Tower with Radar,86,48,96,11,241,0,0,9,6,15,86,48,105,17,256,21,23,44,300
08/12/2022,TYS,TN,ASO,ES,Combined TRACON& Tower with Radar,86,55,110,52,303,0,0,92,9,101,86,55,202,61,404,102,8,110,514
08/13/2022,TYS,TN,ASO,ES,Combined TRACON& Tower with Radar,73,34,57,11,175,0,0,84,0,84,73,34,141,11,259,101,0,101,360
08/14/2022,TYS,TN,ASO,ES,Combined TRACON& Tower with Radar,68,54,71,26,219,0,0,97,10,107,68,54,168,36,326,0,0,0,326
08/15/2022,TYS,TN,ASO,ES,Combined TRACON& Tower with Radar,81,42,95,45,263,0,0,83,4,87,81,42,178,49,350,84,30,114,464
08/16/2022,TYS,TN,ASO,ES,Combined TRACON& Tower with Radar,70,50,132,28,280,0,2,67,11,80,70,52,199,39,360,147,10,157,517
08/17/2022,TYS,TN,ASO,ES,Combined TRACON& Tower with Radar,70,45,99,14,228,0,0,83,17,100,70,45,182,31,328,114,26,140,468
08/18/2022,TYS,TN,ASO,ES,Combined TRACON& Tower with Radar,84,50,106,60,300,0,1,121,21,143,84,51,227,81,443,65,10,75,518
08/19/2022,TYS,TN,ASO,ES,Combined TRACON& Tower with Radar,82,40,90,18,230,0,0,79,2,81,82,40,169,20,311,80,18,98,409
08/20/2022,TYS,TN,ASO,ES,Combined TRACON& Tower with Radar,64,40,58,19,181,0,0,26,0,26,64,40,84,19,207,80,17,97,304
08/21/2022,TYS,TN,ASO,ES,Combined TRACON& Tower with Radar,66,60,51,4,181,0,0,17,0,17,66,60,68,4,198,24,0,24,222
08/22/2022,TYS,TN,ASO,ES,Combined TRACON& Tower with Radar,70,44,125,45,284,0,0,46,1,47,70,44,171,46,331,74,4,78,409
08/23/2022,TYS,TN,ASO,ES,Combined TRACON& Tower with Radar,68,44,103,111,326,0,0,110,7,117,68,44,213,118,443,100,58,158,601
08/24/2022,TYS,TN,ASO,ES,Combined TRACON& Tower with Radar,69,52,108,71,300,0,0,96,11,107,69,52,204,82,407,109,36,145,552
08/25/2022,TYS,TN,ASO,ES,Combined TRACON& Tower with Radar,84,51,121,49,305,0,0,67,2,69,84,51,188,51,374,135,9,144,518
08/26/2022,TYS,TN,ASO,ES,Combined TRACON& Tower with Radar,75,44,101,24,244,0,0,38,0,38,75,44,139,24,282,48,8,56,338
08/27/2022,TYS,TN,ASO,ES,Combined TRACON& Tower with Radar,65,32,31,12,140,0,0,63,0,63,65,32,94,12,203,83,5,88,291
08/28/2022,TYS,TN,ASO,ES,Combined TRACON& Tower with Radar,77,49,73,17,216,0,0,57,16,73,77,49,130,33,289,49,0,49,338
08/29/2022,TYS,TN,ASO,ES,Combined TRACON& Tower with Radar,75,34,120,19,248,0,0,89,3,92,75,34,209,22,340,135,6,141,481
08/30/2022,TYS,TN,ASO,ES,Combined TRACON& Tower with Radar,76,38,110,27,251,0,2,69,0,71,76,40,179,27,322,144,6,150,472
08/31/2022,TYS,TN,ASO,ES,Combined TRACON& Tower with Radar,69,44,117,27,257,0,10,104,4,118,69,54,221,31,375,175,16,191,566
09/01/2022,TYS,TN,ASO,ES,Combined TRACON& Tower with Radar,85,50,145,12,292,0,10,111,7,128,85,60,256,19,420,117,0,117,537
09/02/2022,TYS,TN,ASO,ES,Combined TRACON& Tower with Radar,87,54,103,0,244,0,2,73,0,75,87,56,176,0,319,126,0,126,445
09/03/2022,TYS,TN,ASO,ES,Combined TRACON& Tower with Radar,59,32,42,0,133,0,0,9,0,9,59,32,51,0,142,18,0,18,160
09/04/2022,TYS,TN,ASO,ES,Combined TRACON& Tower with Radar,61,32,38,4,135,0,0,18,0,18,61,32,56,4,153,26,0,26,179
09/05/2022,TYS,TN,ASO,ES,Combined TRACON& Tower with Radar,78,54,71,9,212,0,0,6,0,6,78,54,77,9,218,13,0,13,231
09/06/2022,TYS,TN,ASO,ES,Combined TRACON& Tower with Radar,68,55,95,26,244,0,0,30,2,32,68,55,125,28,276,75,0,75,351
09/07/2022,TYS,TN,ASO,ES,Combined TRACON& Tower with Radar,68,49,129,17,263,0,0,37,10,47,68,49,166,27,310,26,0,26,336
09/08/2022,TYS,TN,ASO,ES,Combined TRACON& Tower with Radar,84,45,77,4,210,0,5,79,3,87,84,50,156,7,297,32,0,32,329
09/09/2022,TYS,TN,ASO,ES,Combined TRACON& Tower with Radar,79,42,64,13,198,0,3,31,4,38,79,45,95,17,236,0,7,7,243
09/10/2022,TYS,TN,ASO,ES,Combined TRACON& Tower with Radar,53,46,39,2,140,0,1,2,0,3,53,47,41,2,143,16,0,16,159
09/11/2022,TYS,TN,ASO,ES,Combined TRACON& Tower with Radar,74,48,38,11,171,0,1,11,24,36,74,49,49,35,207,0,0,0,207
09/12/2022,TYS,TN,ASO,ES,Combined TRACON& Tower with Radar,80,52,120,11,263,0,4,37,2,43,80,56,157,13,306,86,6,92,398
09/13/2022,TYS,TN,ASO,ES,Combined TRACON& Tower with Radar,66,50,114,6,236,0,6,79,0,85,66,56,193,6,321,115,12,127,448
09/14/2022,TYS,TN,ASO,ES,Combined TRACON& Tower with Radar,71,47,114,33,265,0,5,85,1,91,71,52,199,34,356,52,19,71,427
09/15/2022,TYS,TN,ASO,ES,Combined TRACON& Tower with Radar,89,65,97,50,301,0,6,71,0,77,89,71,168,50,378,50,10,60,438
09/16/2022,TYS,TN,ASO,ES,Combined TRACON& Tower with Radar,85,54,125,56,320,0,6,59,2,67,85,60,184,58,387,46,10,56,443
09/17/2022,TYS,TN,ASO,ES,Combined TRACON& Tower with Radar,58,40,67,8,173,0,0,52,4,56,58,40,119,12,229,38,8,46,275
09/18/2022,TYS,TN,ASO,ES,Combined TRACON& Tower with Radar,78,70,94,24,266,0,0,27,4,31,78,70,121,28,297,16,0,16,313
09/19/2022,TYS,TN,ASO,ES,Combined TRACON& Tower with Radar,80,46,123,31,280,0,6,56,7,69,80,52,179,38,349,70,8,78,427
09/20/2022,TYS,TN,ASO,ES,Combined TRACON& Tower with Radar,64,49,97,21,231,0,6,73,2,81,64,55,170,23,312,52,2,54,366
09/21/2022,TYS,TN,ASO,ES,Combined TRACON& Tower with Radar,69,65,132,41,307,0,4,71,6,81,69,69,203,47,388,53,26,79,467
09/22/2022,TYS,TN,ASO,ES,Combined TRACON& Tower with Radar,92,48,126,36,302,0,6,51,4,61,92,54,177,40,363,22,18,40,403
09/23/2022,TYS,TN,ASO,ES,Combined TRACON& Tower with Radar,86,62,136,17,301,0,9,71,8,88,86,71,207,25,389,52,2,54,443
09/24/2022,TYS,TN,ASO,ES,Combined TRACON& Tower with Radar,55,62,109,2,228,0,1,43,3,47,55,63,152,5,275,11,0,11,286
09/25/2022,TYS,TN,ASO,ES,Combined TRACON& Tower with Radar,78,50,94,4,226,0,0,15,0,15,78,50,109,4,241,12,0,12,253
09/26/2022,TYS,TN,ASO,ES,Combined TRACON& Tower with Radar,81,43,87,8,219,0,0,54,6,60,81,43,141,14,279,26,0,26,305
09/27/2022,TYS,TN,ASO,ES,Combined TRACON& Tower with Radar,74,49,112,28,263,0,5,79,8,92,74,54,191,36,355,68,2,70,425
09/28/2022,TYS,TN,ASO,ES,Combined TRACON& Tower with Radar,64,58,93,10,225,0,0,75,0,75,64,58,168,10,300,28,6,34,334
09/29/2022,TYS,TN,ASO,ES,Combined TRACON& Tower with Radar,79,47,94,13,233,0,0,53,0,53,79,47,147,13,286,26,10,36,322
09/30/2022,TYS,TN,ASO,ES,Combined TRACON& Tower with Radar,79,54,84,13,230,0,1,40,9,50,79,55,124,22,280,24,6,30,310
10/01/2022,TYS,TN,ASO,ES,Combined TRACON& Tower with Radar,57,41,53,2,153,0,0,6,0,6,57,41,59,2,159,10,0,10,169
10/02/2022,TYS,TN,ASO,ES,Combined TRACON& Tower with Radar,71,47,74,8,200,0,0,11,0,11,71,47,85,8,211,23,0,23,234
10/03/2022,TYS,TN,ASO,ES,Combined TRACON& Tower with Radar,77,43,91,0,211,0,2,47,0,49,77,45,138,0,260,83,0,83,343
10/04/2022,TYS,TN,ASO,ES,Combined TRACON& Tower with Radar,64,47,101,10,222,0,0,90,0,90,64,47,191,10,312,93,10,103,415
10/05/2022,TYS,TN,ASO,ES,Combined TRACON& Tower with Radar,66,58,118,23,265,0,3,118,5,126,66,61,236,28,391,66,12,78,469
10/06/2022,TYS,TN,ASO,ES,Combined TRACON& Tower with Radar,99,65,114,27,305,0,3,80,3,86,99,68,194,30,391,57,0,57,448
10/07/2022,TYS,TN,ASO,ES,Combined TRACON& Tower with Radar,92,63,110,29,294,0,0,88,1,89,92,63,198,30,383,78,7,85,468
10/08/2022,TYS,TN,ASO,ES,Combined TRACON& Tower with Radar,74,38,68,1,181,0,6,54,1,61,74,44,122,2,242,35,0,35,277
10/09/2022,TYS,TN,ASO,ES,Combined TRACON& Tower with Radar,82,55,88,0,225,0,0,45,1,46,82,55,133,1,271,26,0,26,297
10/10/2022,TYS,TN,ASO,ES,Combined TRACON& Tower with Radar,82,58,113,2,255,0,0,87,2,89,82,58,200,4,344,65,0,65,409
10/11/2022,TYS,TN,ASO,ES,Combined TRACON& Tower with Radar,67,43,96,51,257,0,2,74,5,81,67,45,170,56,338,29,16,45,383
10/12/2022,TYS,TN,ASO,ES,Combined TRACON& Tower with Radar,75,35,96,7,213,0,0,30,0,30,75,35,126,7,243,49,2,51,294
10/13/2022,TYS,TN,ASO,ES,Combined TRACON& Tower with Radar,98,66,123,46,333,0,0,39,12,51,98,66,162,58,384,13,17,30,414
10/14/2022,TYS,TN,ASO,ES,Combined TRACON& Tower with Radar,96,74,159,15,344,0,0,73,15,88,96,74,232,30,432,24,14,38,470
10/15/2022,TYS,TN,ASO,ES,Combined TRACON& Tower with Radar,75,79,155,4,313,0,0,50,24,74,75,79,205,28,387,4,12,16,403
10/16/2022,TYS,TN,ASO,ES,Combined TRACON& Tower with Radar,84,73,132,3,292,0,1,28,1,30,84,74,160,4,322,4,0,4,326
10/17/2022,TYS,TN,ASO,ES,Combined TRACON& Tower with Radar,83,48,109,4,244,0,2,57,3,62,83,50,166,7,306,6,0,6,312
10/18/2022,TYS,TN,ASO,ES,Combined TRACON& Tower with Radar,76,37,110,44,267,0,0,60,1,61,76,37,170,45,328,79,6,85,413
10/19/2022,TYS,TN,ASO,ES,Combined TRACON& Tower with Radar,76,57,118,19,270,0,1,63,7,71,76,58,181,26,341,27,20,47,388
10/20/2022,TYS,TN,ASO,ES,Combined TRACON& Tower with Radar,92,64,142,29,327,0,3,86,14,103,92,67,228,43,430,67,11,78,508
10/21/2022,TYS,TN,ASO,ES,Combined TRACON& Tower with Radar,85,61,115,30,291,0,0,71,2,73,85,61,186,32,364,32,13,45,409
10/22/2022,TYS,TN,ASO,ES,Combined TRACON& Tower with Radar,61,41,72,8,182,0,0,38,12,50,61,41,110,20,232,30,0,30,262
10/23/2022,TYS,TN,ASO,ES,Combined TRACON& Tower with Radar,83,65,107,7,262,0,3,36,3,42,83,68,143,10,304,11,5,16,320
10/24/2022,TYS,TN,ASO,ES,Combined TRACON& Tower with Radar,78,43,109,2,232,0,5,90,4,99,78,48,199,6,331,74,0,74,405
10/25/2022,TYS,TN,ASO,ES,Combined TRACON& Tower with Radar,60,45,121,18,244,0,2,74,11,87,60,47,195,29,331,130,16,146,477
10/26/2022,TYS,TN,ASO,ES,Combined TRACON& Tower with Radar,72,60,164,25,321,0,0,23,3,26,72,60,187,28,347,123,2,125,472
10/27/2022,TYS,TN,ASO,ES,Combined TRACON& Tower with Radar,93,50,111,5,259,0,6,75,15,96,93,56,186,20,355,43,7,50,405
10/28/2022,TYS,TN,ASO,ES,Combined TRACON& Tower with Radar,86,55,127,18,286,0,0,118,4,122,86,55,245,22,408,52,14,66,474
10/29/2022,TYS,TN,ASO,ES,Combined TRACON& Tower with Radar,58,56,84,1,199,0,6,66,2,74,58,62,150,3,273,62,0,62,335
10/30/2022,TYS,TN,ASO,ES,Combined TRACON& Tower with Radar,72,68,92,1,233,0,1,20,0,21,72,69,112,1,254,26,0,26,280
10/31/2022,TYS,TN,ASO,ES,Combined TRACON& Tower with Radar,67,39,84,1,191,0,0,9,0,9,67,39,93,1,200,2,0,2,202
11/01/2022,TYS,TN,ASO,ES,Combined TRACON& Tower with Radar,66,55,116,29,266,0,0,61,3,64,66,55,177,32,330,74,15,89,419
11/02/2022,TYS,TN,ASO,ES,Combined TRACON& Tower with Radar,68,53,89,22,232,0,2,55,7,64,68,55,144,29,296,90,12,102,398
11/03/2022,TYS,TN,ASO,ES,Combined TRACON& Tower with Radar,84,49,104,22,259,0,0,89,27,116,84,49,193,49,375,72,15,87,462
11/04/2022,TYS,TN,ASO,ES,Combined TRACON& Tower with Radar,78,58,118,56,310,0,2,59,34,95,78,60,177,90,405,45,31,76,481
11/05/2022,TYS,TN,ASO,ES,Combined TRACON& Tower with Radar,66,42,72,4,184,0,0,10,7,17,66,42,82,11,201,0,0,0,201
11/06/2022,TYS,TN,ASO,ES,Combined TRACON& Tower with Radar,72,60,72,13,217,0,0,29,4,33,72,60,101,17,250,16,0,16,266
11/07/2022,TYS,TN,ASO,ES,Combined TRACON& Tower with Radar,76,50,118,18,262,0,2,32,0,34,76,52,150,18,296,67,2,69,365
11/08/2022,TYS,TN,ASO,ES,Combined TRACON& Tower with Radar,65,67,99,29,260,0,0,101,7,108,65,67,200,36,368,88,15,103,471
11/09/2022,TYS,TN,ASO,ES,Combined TRACON& Tower with Radar,74,40,89,50,253,0,0,109,10,119,74,40,198,60,372,110,22,132,504
11/10/2022,TYS,TN,ASO,ES,Combined TRACON& Tower with Radar,81,53,102,29,265,0,1,60,13,74,81,54,162,42,339,55,30,85,424
11/11/2022,TYS,TN,ASO,ES,Combined TRACON& Tower with Radar,81,59,119,1,260,0,0,0,0,0,81,59,119,1,260,0,0,0,260
11/12/2022,TYS,TN,ASO,ES,Combined TRACON& Tower with Radar,63,56,92,0,211,0,0,5,2,7,63,56,97,2,218,6,0,6,224
11/13/2022,TYS,TN,ASO,ES,Combined TRACON& Tower with Radar,77,64,89,0,230,0,0,16,0,16,77,64,105,0,246,65,0,65,311
11/14/2022,TYS,TN,ASO,ES,Combined TRACON& Tower with Radar,83,46,109,49,287,0,1,80,8,89,83,47,189,57,376,127,55,182,558
11/15/2022,TYS,TN,ASO,ES,Combined TRACON& Tower with Radar,69,45,63,1,178,0,0,0,1,1,69,45,63,2,179,0,0,0,179
11/16/2022,TYS,TN,ASO,ES,Combined TRACON& Tower with Radar,73,49,124,30,276,0,3,59,6,68,73,52,183,36,344,32,7,39,383
11/17/2022,TYS,TN,ASO,ES,Combined TRACON& Tower with Radar,84,70,109,52,315,0,0,56,3,59,84,70,165,55,374,41,30,71,445
11/18/2022,TYS,TN,ASO,ES,Combined TRACON& Tower with Radar,86,43,105,51,285,0,1,36,8,45,86,44,141,59,330,36,8,44,374
11/19/2022,TYS,TN,ASO,ES,Combined TRACON& Tower with Radar,63,52,57,15,187,0,0,44,11,55,63,52,101,26,242,34,2,36,278
11/20/2022,TYS,TN,ASO,ES,Combined TRACON& Tower with Radar,81,69,68,5,223,0,2,57,8,67,81,71,125,13,290,53,0,53,343
11/21/2022,TYS,TN,ASO,ES,Combined TRACON& Tower with Radar,80,45,95,49,269,0,2,82,0,84,80,47,177,49,353,69,15,84,437
11/22/2022,TYS,TN,ASO,ES,Combined TRACON& Tower with Radar,94,67,147,26,334,0,1,88,0,89,94,68,235,26,423,84,25,109,532
11/23/2022,TYS,TN,ASO,ES,Combined TRACON& Tower with Radar,82,48,75,11,216,0,0,54,7,61,82,48,129,18,277,88,8,96,373
11/24/2022,TYS,TN,ASO,ES,Combined TRACON& Tower with Radar,42,30,18,0,90,0,0,9,2,11,42,30,27,2,101,2,0,2,103
11/25/2022,TYS,TN,ASO,ES,Combined TRACON& Tower with Radar,65,33,41,0,139,0,0,8,0,8,65,33,49,0,147,22,0,22,169
11/26/2022,TYS,TN,ASO,ES,Combined TRACON& Tower with Radar,78,45,69,0,192,0,0,23,0,23,78,45,92,0,215,22,0,22,237
11/27/2022,TYS,TN,ASO,ES,Combined TRACON& Tower with Radar,78,58,96,4,236,0,0,1,0,1,78,58,97,4,237,0,0,0,237
11/28/2022,TYS,TN,ASO,ES,Combined TRACON& Tower with Radar,78,37,97,19,231,0,0,41,1,42,78,37,138,20,273,42,0,42,315
11/29/2022,TYS,TN,ASO,ES,Combined TRACON& Tower with Radar,75,33,95,22,225,0,0,61,0,61,75,33,156,22,286,98,10,108,394
11/30/2022,TYS,TN,ASO,ES,Combined TRACON& Tower with Radar,64,54,120,50,288,0,1,47,5,53,64,55,167,55,341,44,33,77,418
12/01/2022,TYS,TN,ASO,ES,Combined TRACON& Tower with Radar,74,47,82,57,260,0,0,89,11,100,74,47,171,68,360,38,40,78,438
12/02/2022,TYS,TN,ASO,ES,Combined TRACON& Tower with Radar,72,43,115,15,245,0,0,56,13,69,72,43,171,28,314,83,21,104,418
12/03/2022,TYS,TN,ASO,ES,Combined TRACON& Tower with Radar,48,41,50,12,151,0,0,8,0,8,48,41,58,12,159,27,0,27,186
12/04/2022,TYS,TN,ASO,ES,Combined TRACON& Tower with Radar,60,41,89,16,206,0,2,57,4,63,60,43,146,20,269,37,18,55,324
12/05/2022,TYS,TN,ASO,ES,Combined TRACON& Tower with Radar,65,36,103,40,244,0,0,8,0,8,65,36,111,40,252,6,0,6,258
12/06/2022,TYS,TN,ASO,ES,Combined TRACON& Tower with Radar,65,41,86,31,223,0,0,0,0,0,65,41,86,31,223,0,0,0,223
12/07/2022,TYS,TN,ASO,ES,Combined TRACON& Tower with Radar,57,37,94,12,200,0,0,1,0,1,57,37,95,12,201,0,0,0,201
12/08/2022,TYS,TN,ASO,ES,Combined TRACON& Tower with Radar,76,48,87,16,227,0,0,0,0,0,76,48,87,16,227,0,0,0,227
12/09/2022,TYS,TN,ASO,ES,Combined TRACON& Tower with Radar,65,44,80,3,192,0,0,0,0,0,65,44,80,3,192,0,0,0,192
12/10/2022,TYS,TN,ASO,ES,Combined TRACON& Tower with Radar,57,53,46,6,162,0,0,16,0,16,57,53,62,6,178,41,10,51,229
12/11/2022,TYS,TN,ASO,ES,Combined TRACON& Tower with Radar,62,53,68,4,187,0,0,1,0,1,62,53,69,4,188,0,0,0,188
12/12/2022,TYS,TN,ASO,ES,Combined TRACON& Tower with Radar,66,60,138,30,294,0,0,37,4,41,66,60,175,34,335,116,20,136,471
12/13/2022,TYS,TN,ASO,ES,Combined TRACON& Tower with Radar,56,56,126,51,289,0,0,61,1,62,56,56,187,52,351,87,25,112,463
12/14/2022,TYS,TN,ASO,ES,Combined TRACON& Tower with Radar,55,46,79,10,190,0,0,3,0,3,55,46,82,10,193,8,0,8,201
12/15/2022,TYS,TN,ASO,ES,Combined TRACON& Tower with Radar,75,39,144,43,301,0,0,33,10,43,75,39,177,53,344,48,42,90,434
12/16/2022,TYS,TN,ASO,ES,Combined TRACON& Tower with Radar,81,46,99,19,245,0,0,69,10,79,81,46,168,29,324,70,26,96,420
12/17/2022,TYS,TN,ASO,ES,Combined TRACON& Tower with Radar,69,40,55,11,175,0,2,36,4,42,69,42,91,15,217,18,25,43,260
12/18/2022,TYS,TN,ASO,ES,Combined TRACON& Tower with Radar,65,31,60,7,163,0,0,52,3,55,65,31,112,10,218,35,14,49,267
12/19/2022,TYS,TN,ASO,ES,Combined TRACON& Tower with Radar,71,44,89,12,216,0,0,65,1,66,71,44,154,13,282,154,10,164,446
12/20/2022,TYS,TN,ASO,ES,Combined TRACON& Tower with Radar,83,46,86,22,237,0,0,66,6,72,83,46,152,28,309,77,17,94,403
12/21/2022,TYS,TN,ASO,ES,Combined TRACON& Tower with Radar,74,46,105,27,252,0,1,66,9,76,74,47,171,36,328,110,10,120,448
12/22/2022,TYS,TN,ASO,ES,Combined TRACON& Tower with Radar,75,40,59,62,236,0,0,14,6,20,75,40,73,68,256,26,46,72,328
12/23/2022,TYS,TN,ASO,ES,Combined TRACON& Tower with Radar,65,47,29,0,141,0,0,4,0,4,65,47,33,0,145,0,0,0,145
12/24/2022,TYS,TN,ASO,ES,Combined TRACON& Tower with Radar,54,29,20,0,103,0,0,2,0,2,54,29,22,0,105,2,0,2,107
12/25/2022,TYS,TN,ASO,ES,Combined TRACON& Tower with Radar,45,30,19,0,94,0,0,5,0,5,45,30,24,0,99,0,0,0,99
12/26/2022,TYS,TN,ASO,ES,Combined TRACON& Tower with Radar,57,51,58,0,166,0,0,7,0,7,57,51,65,0,173,0,0,0,173
12/27/2022,TYS,TN,ASO,ES,Combined TRACON& Tower with Radar,74,49,87,0,210,0,0,36,0,36,74,49,123,0,246,10,0,10,256
12/28/2022,TYS,TN,ASO,ES,Combined TRACON& Tower with Radar,78,43,65,34,220,0,0,64,0,64,78,43,129,34,284,42,16,58,342
12/29/2022,TYS,TN,ASO,ES,Combined TRACON& Tower with Radar,80,39,83,21,223,0,2,64,0,66,80,41,147,21,289,49,18,67,356
12/30/2022,TYS,TN,ASO,ES,Combined TRACON& Tower with Radar,64,51,83,18,216,0,0,43,2,45,64,51,126,20,261,91,27,118,379
12/31/2022,TYS,TN,ASO,ES,Combined TRACON& Tower with Radar,65,40,31,2,138,0,0,3,0,3,65,40,34,2,141,0,0,0,141
01/01/2023,TYS,TN,ASO,ES,Combined TRACON& Tower with Radar,53,31,36,0,120,0,1,15,0,16,53,32,51,0,136,46,0,46,182
01/02/2023,TYS,TN,ASO,ES,Combined TRACON& Tower with Radar,59,47,92,0,198,0,0,38,0,38,59,47,130,0,236,64,0,64,300
01/03/2023,TYS,TN,ASO,ES,Combined TRACON& Tower with Radar,74,38,54,32,198,0,0,6,4,10,74,38,60,36,208,0,20,20,228
01/04/2023,TYS,TN,ASO,ES,Combined TRACON& Tower with Radar,57,45,63,15,180,0,0,44,4,48,57,45,107,19,228,41,0,41,269
01/05/2023,TYS,TN,ASO,ES,Combined TRACON& Tower with Radar,64,45,65,36,210,0,2,80,18,100,64,47,145,54,310,126,12,138,448
01/06/2023,TYS,TN,ASO,ES,Combined TRACON& Tower with Radar,61,39,85,27,212,0,0,78,12,90,61,39,163,39,302,63,5,68,370
01/07/2023,TYS,TN,ASO,ES,Combined TRACON& Tower with Radar,47,24,23,1,95,0,0,28,8,36,47,24,51,9,131,98,0,98,229
01/08/2023,TYS,TN,ASO,ES,Combined TRACON& Tower with Radar,8,7,5,0,20,0,0,3,0,3,8,7,8,0,23,0,0,0,23
01/09/2023,TYS,TN,ASO,ES,Combined TRACON& Tower with Radar,61,40,86,4,191,0,0,52,3,55,61,40,138,7,246,114,0,114,360
01/10/2023,TYS,TN,ASO,ES,Combined TRACON& Tower with Radar,59,37,69,26,191,0,2,51,0,53,59,39,120,26,244,68,8,76,320
01/11/2023,TYS,TN,ASO,ES,Combined TRACON& Tower with Radar,65,39,107,33,244,0,5,28,3,36,65,44,135,36,280,72,40,112,392
01/12/2023,TYS,TN,ASO,ES,Combined TRACON& Tower with Radar,83,41,54,17,195,0,0,4,6,10,83,41,58,23,205,10,6,16,221
01/13/2023,TYS,TN,ASO,ES,Combined TRACON& Tower with Radar,83,50,88,16,237,0,2,0,1,3,83,52,88,17,240,24,0,24,264
01/14/2023,TYS,TN,ASO,ES,Combined TRACON& Tower with Radar,47,40,51,2,140,0,0,32,0,32,47,40,83,2,172,59,0,59,231
01/15/2023,TYS,TN,ASO,ES,Combined TRACON& Tower with Radar,59,37,64,0,160,0,0,65,1,66,59,37,129,1,226,59,0,59,285
01/16/2023,TYS,TN,ASO,ES,Combined TRACON& Tower with Radar,73,38,67,0,178,0,0,48,0,48,73,38,115,0,226,46,0,46,272
01/17/2023,TYS,TN,ASO,ES,Combined TRACON& Tower with Radar,70,43,70,33,216,0,0,4,0,4,70,43,74,33,220,6,20,26,246
01/18/2023,TYS,TN,ASO,ES,Combined TRACON& Tower with Radar,66,40,58,6,170,0,0,0,0,0,66,40,58,6,170,0,0,0,170
01/19/2023,TYS,TN,ASO,ES,Combined TRACON& Tower with Radar,78,44,67,19,208,0,0,28,7,35,78,44,95,26,243,21,6,27,270
01/20/2023,TYS,TN,ASO,ES,Combined TRACON& Tower with Radar,75,57,94,10,236,0,3,94,13,110,75,60,188,23,346,149,2,151,497
01/21/2023,TYS,TN,ASO,ES,Combined TRACON& Tower with Radar,56,37,42,0,135,0,0,59,10,69,56,37,101,10,204,77,0,77,281
01/22/2023,TYS,TN,ASO,ES,Combined TRACON& Tower with Radar,66,34,40,17,157,0,0,2,0,2,66,34,42,17,159,0,4,4,163
01/23/2023,TYS,TN,ASO,ES,Combined TRACON& Tower with Radar,63,47,88,51,249,0,2,22,0,24,63,49,110,51,273,20,27,47,320
01/24/2023,TYS,TN,ASO,ES,Combined TRACON& Tower with Radar,64,42,105,70,281,0,6,76,8,90,64,48,181,78,371,100,36,136,507
01/25/2023,TYS,TN,ASO,ES,Combined TRACON& Tower with Radar,65,36,80,22,203,0,0,12,5,17,65,36,92,27,220,12,14,26,246
01/26/2023,TYS,TN,ASO,ES,Combined TRACON& Tower with Radar,79,50,118,39,286,0,6,33,10,49,79,56,151,49,335,76,16,92,427
01/27/2023,TYS,TN,ASO,ES,Combined TRACON& Tower with Radar,74,43,87,43,247,0,3,106,4,113,74,46,193,47,360,41,7,48,408
01/28/2023,TYS,TN,ASO,ES,Combined TRACON& Tower with Radar,52,38,42,13,145,0,3,62,2,67,52,41,104,15,212,50,0,50,262
01/29/2023,TYS,TN,ASO,ES,Combined TRACON& Tower with Radar,68,27,48,2,145,0,0,3,0,3,68,27,51,2,148,0,0,0,148
01/30/2023,TYS,TN,ASO,ES,Combined TRACON& Tower with Radar,63,29,79,21,192,0,0,2,0,2,63,29,81,21,194,0,0,0,194
01/31/2023,TYS,TN,ASO,ES,Combined TRACON& Tower with Radar,70,38,66,5,179,0,0,0,0,0,70,38,66,5,179,0,0,0,179
02/01/2023,TYS,TN,ASO,ES,Combined TRACON& Tower with Radar,57,36,93,36,222,0,0,0,0,0,57,36,93,36,222,16,0,16,238
02/02/2023,TYS,TN,ASO,ES,Combined TRACON& Tower with Radar,72,46,81,0,199,0,0,1,0,1,72,46,82,0,200,0,0,0,200
02/03/2023,TYS,TN,ASO,ES,Combined TRACON& Tower with Radar,74,36,74,25,209,0,0,109,18,127,74,36,183,43,336,84,6,90,426
02/04/2023,TYS,TN,ASO,ES,Combined TRACON& Tower with Radar,54,34,63,20,171,0,6,62,5,73,54,40,125,25,244,70,28,98,342
02/05/2023,TYS,TN,ASO,ES,Combined TRACON& Tower with Radar,66,38,49,20,173,0,3,41,9,53,66,41,90,29,226,75,11,86,312
02/06/2023,TYS,TN,ASO,ES,Combined TRACON& Tower with Radar,74,40,65,14,193,0,4,60,2,66,74,44,125,16,259,58,6,64,323
02/07/2023,TYS,TN,ASO,ES,Combined TRACON& Tower with Radar,64,41,81,66,252,0,5,56,2,63,64,46,137,68,315,82,46,128,443
02/08/2023,TYS,TN,ASO,ES,Combined TRACON& Tower with Radar,65,52,142,43,302,0,2,18,1,21,65,54,160,44,323,10,9,19,342
02/09/2023,TYS,TN,ASO,ES,Combined TRACON& Tower with Radar,82,41,72,14,209,0,1,18,9,28,82,42,90,23,237,12,0,12,249
02/10/2023,TYS,TN,ASO,ES,Combined TRACON& Tower with Radar,73,40,103,31,247,0,2,58,6,66,73,42,161,37,313,86,7,93,406
02/11/2023,TYS,TN,ASO,ES,Combined TRACON& Tower with Radar,57,26,36,3,122,0,0,33,1,34,57,26,69,4,156,27,0,27,183
02/12/2023,TYS,TN,ASO,ES,Combined TRACON& Tower with Radar,61,37,32,0,130,0,0,2,0,2,61,37,34,0,132,0,0,0,132
02/13/2023,TYS,TN,ASO,ES,Combined TRACON& Tower with Radar,65,43,77,11,196,0,8,70,2,80,65,51,147,13,276,56,26,82,358
02/14/2023,TYS,TN,ASO,ES,Combined TRACON& Tower with Radar,59,41,52,38,190,0,1,56,9,66,59,42,108,47,256,37,8,45,301
02/15/2023,TYS,TN,ASO,ES,Combined TRACON& Tower with Radar,68,52,139,57,316,0,0,13,9,22,68,52,152,66,338,17,24,41,379
02/16/2023,TYS,TN,ASO,ES,Combined TRACON& Tower with Radar,81,50,83,12,226,0,0,10,0,10,81,50,93,12,236,29,0,29,265
02/17/2023,TYS,TN,ASO,ES,Combined TRACON& Tower with Radar,78,50,80,7,215,0,0,5,1,6,78,50,85,8,221,0,0,0,221
02/18/2023,TYS,TN,ASO,ES,Combined TRACON& Tower with Radar,56,30,43,5,134,0,6,50,1,57,56,36,93,6,191,28,2,30,221
02/19/2023,TYS,TN,ASO,ES,Combined TRACON& Tower with Radar,67,43,58,1,169,0,4,44,1,49,67,47,102,2,218,33,0,33,251
02/20/2023,TYS,TN,ASO,ES,Combined TRACON& Tower with Radar,77,38,90,0,205,0,1,22,0,23,77,39,112,0,228,30,0,30,258
02/21/2023,TYS,TN,ASO,ES,Combined TRACON& Tower with Radar,63,47,96,53,259,0,4,41,2,47,63,51,137,55,306,36,12,48,354
02/22/2023,TYS,TN,ASO,ES,Combined TRACON& Tower with Radar,71,48,94,27,240,0,2,32,5,39,71,50,126,32,279,61,12,73,352
02/23/2023,TYS,TN,ASO,ES,Combined TRACON& Tower with Radar,79,51,85,46,261,0,5,27,1,33,79,56,112,47,294,23,25,48,342
02/24/2023,TYS,TN,ASO,ES,Combined TRACON& Tower with Radar,76,49,91,9,225,0,2,60,2,64,76,51,151,11,289,54,13,67,356
02/25/2023,TYS,TN,ASO,ES,Combined TRACON& Tower with Radar,58,31,32,0,121,0,0,0,0,0,58,31,32,0,121,4,0,4,125
02/26/2023,TYS,TN,ASO,ES,Combined TRACON& Tower with Radar,71,35,79,3,188,0,1,3,0,4,71,36,82,3,192,0,0,0,192
02/27/2023,TYS,TN,ASO,ES,Combined TRACON& Tower with Radar,76,40,59,17,192,0,1,7,1,9,76,41,66,18,201,21,4,25,226
02/28/2023,TYS,TN,ASO,ES,Combined TRACON& Tower with Radar,64,45,97,28,234,0,5,90,0,95,64,50,187,28,329,138,8,146,475
03/01/2023,TYS,TN,ASO,ES,Combined TRACON& Tower with Radar,70,39,102,55,266,0,2,52,1,55,70,41,154,56,321,38,45,83,404
03/02/2023,TYS,TN,ASO,ES,Combined TRACON& Tower with Radar,74,46,91,14,225,1,1,10,2,14,75,47,101,16,239,36,8,44,283
03/03/2023,TYS,TN,ASO,ES,Combined TRACON& Tower with Radar,89,38,49,0,176,0,0,8,0,8,89,38,57,0,184,6,0,6,190
03/04/2023,TYS,TN,ASO,ES,Combined TRACON& Tower with Radar,61,50,31,0,142,0,11,62,5,78,61,61,93,5,220,58,0,58,278
03/05/2023,TYS,TN,ASO,ES,Combined TRACON& Tower with Radar,69,46,55,4,174,0,1,74,0,75,69,47,129,4,249,45,0,45,294
03/06/2023,TYS,TN,ASO,ES,Combined TRACON& Tower with Radar,74,33,100,13,220,0,1,69,4,74,74,34,169,17,294,119,10,129,423
03/07/2023,TYS,TN,ASO,ES,Combined TRACON& Tower with Radar,65,45,108,62,280,0,4,69,6,79,65,49,177,68,359,75,48,123,482
03/08/2023,TYS,TN,ASO,ES,Combined TRACON& Tower with Radar,71,36,101,47,255,0,0,55,1,56,71,36,156,48,311,33,24,57,368
03/09/2023,TYS,TN,ASO,ES,Combined TRACON& Tower with Radar,89,37,102,47,275,0,2,42,0,44,89,39,144,47,319,36,36,72,391
03/10/2023,TYS,TN,ASO,ES,Combined TRACON& Tower with Radar,83,41,100,4,228,0,2,23,1,26,83,43,123,5,254,16,0,16,270
03/11/2023,TYS,TN,ASO,ES,Combined TRACON& Tower with Radar,66,43,57,8,174,0,1,42,1,44,66,44,99,9,218,46,0,46,264
03/12/2023,TYS,TN,ASO,ES,Combined TRACON& Tower with Radar,73,51,47,13,184,0,2,0,0,2,73,53,47,13,186,0,0,0,186
03/13/2023,TYS,TN,ASO,ES,Combined TRACON& Tower with Radar,84,40,90,7,221,0,6,30,0,36,84,46,120,7,257,36,0,36,293
03/14/2023,TYS,TN,ASO,ES,Combined TRACON& Tower with Radar,73,40,90,37,240,0,4,45,0,49,73,44,135,37,289,34,19,53,342
03/15/2023,TYS,TN,ASO,ES,Combined TRACON& Tower with Radar,79,43,95,47,264,0,9,82,2,93,79,52,177,49,357,80,34,114,471
03/16/2023,TYS,TN,ASO,ES,Combined TRACON& Tower with Radar,89,44,83,34,250,0,1,63,4,68,89,45,146,38,318,31,4,35,353
03/17/2023,TYS,TN,ASO,ES,Combined TRACON& Tower with Radar,86,54,69,8,217,0,0,1,0,1,86,54,70,8,218,2,0,2,220
03/18/2023,TYS,TN,ASO,ES,Combined TRACON& Tower with Radar,75,41,64,2,182,0,1,37,12,50,75,42,101,14,232,31,13,44,276
03/19/2023,TYS,TN,ASO,ES,Combined TRACON& Tower with Radar,81,40,87,1,209,0,2,31,7,40,81,42,118,8,249,13,0,13,262
03/20/2023,TYS,TN,ASO,ES,Combined TRACON& Tower with Radar,79,27,97,18,221,0,7,100,7,114,79,34,197,25,335,52,26,78,413
03/21/2023,TYS,TN,ASO,ES,Combined TRACON& Tower with Radar,79,30,82,34,225,0,3,82,4,89,79,33,164,38,314,51,22,73,387
03/22/2023,TYS,TN,ASO,ES,Combined TRACON& Tower with Radar,78,43,101,18,240,1,1,1,0,3,79,44,102,18,243,1,43,44,287
03/23/2023,TYS,TN,ASO,ES,Combined TRACON& Tower with Radar,90,38,125,16,269,0,3,57,21,81,90,41,182,37,350,47,38,85,435
03/24/2023,TYS,TN,ASO,ES,Combined TRACON& Tower with Radar,84,39,125,10,258,0,4,28,1,33,84,43,153,11,291,18,4,22,313
03/25/2023,TYS,TN,ASO,ES,Combined TRACON& Tower with Radar,68,34,34,8,144,0,5,23,0,28,68,39,57,8,172,38,6,44,216
03/26/2023,TYS,TN,ASO,ES,Combined TRACON& Tower with Radar,78,39,65,12,194,0,3,48,3,54,78,42,113,15,248,51,0,51,299
03/27/2023,TYS,TN,ASO,ES,Combined TRACON& Tower with Radar,83,42,92,24,241,0,8,62,8,78,83,50,154,32,319,82,10,92,411
03/28/2023,TYS,TN,ASO,ES,Combined TRACON& Tower with Radar,63,45,69,59,236,0,4,54,15,73,63,49,123,74,309,62,44,106,415
03/29/2023,TYS,TN,ASO,ES,Combined TRACON& Tower with Radar,73,40,110,73,296,0,5,93,12,110,73,45,203,85,406,87,25,112,518
03/30/2023,TYS,TN,ASO,ES,Combined TRACON& Tower with Radar,89,43,102,51,285,0,2,91,23,116,89,45,193,74,401,72,48,120,521
03/31/2023,TYS,TN,ASO,ES,Combined TRACON& Tower with Radar,84,39,105,4,232,0,0,15,15,30,84,39,120,19,262,36,0,36,298
04/01/2023,TYS,TN,ASO,ES,Combined TRACON& Tower with Radar,74,36,26,6,142,0,2,4,2,8,74,38,30,8,150,0,0,0,150
04/02/2023,TYS,TN,ASO,ES,Combined TRACON& Tower with Radar,76,51,72,11,210,0,2,66,8,76,76,53,138,19,286,30,0,30,316
04/03/2023,TYS,TN,ASO,ES,Combined TRACON& Tower with Radar,74,42,105,3,224,0,2,23,0,25,74,44,128,3,249,54,0,54,303
04/04/2023,TYS,TN,ASO,ES,Combined TRACON& Tower with Radar,65,51,90,43,249,0,5,41,0,46,65,56,131,43,295,100,17,117,412
04/05/2023,TYS,TN,ASO,ES,Combined TRACON& Tower with Radar,79,51,107,33,270,0,0,50,7,57,79,51,157,40,327,69,10,79,406
04/06/2023,TYS,TN,ASO,ES,Combined TRACON& Tower with Radar,87,53,125,31,296,0,3,49,14,66,87,56,174,45,362,35,73,108,470
04/07/2023,TYS,TN,ASO,ES,Combined TRACON& Tower with Radar,82,47,78,18,225,0,0,2,2,4,82,47,80,20,229,0,0,0,229
04/08/2023,TYS,TN,ASO,ES,Combined TRACON& Tower with Radar,59,44,25,4,132,0,0,0,0,0,59,44,25,4,132,17,0,17,149
04/09/2023,TYS,TN,ASO,ES,Combined TRACON& Tower with Radar,69,37,51,9,166,0,3,26,3,32,69,40,77,12,198,37,0,37,235
04/10/2023,TYS,TN,ASO,ES,Combined TRACON& Tower with Radar,77,71,113,17,278,0,12,82,3,97,77,83,195,20,375,52,22,74,449
04/11/2023,TYS,TN,ASO,ES,Combined TRACON& Tower with Radar,65,48,96,31,240,0,6,114,14,134,65,54,210,45,374,49,43,92,466
04/12/2023,TYS,TN,ASO,ES,Combined TRACON& Tower with Radar,80,45,93,58,276,0,1,100,13,114,80,46,193,71,390,103,45,148,538
04/13/2023,TYS,TN,ASO,ES,Combined TRACON& Tower with Radar,84,67,107,50,308,0,1,51,17,69,84,68,158,67,377,42,28,70,447
04/14/2023,TYS,TN,ASO,ES,Combined TRACON& Tower with Radar,83,52,95,18,248,0,0,18,5,23,83,52,113,23,271,36,7,43,314
04/15/2023,TYS,TN,ASO,ES,Combined TRACON& Tower with Radar,57,52,46,5,160,0,1,35,7,43,57,53,81,12,203,56,10,66,269
04/16/2023,TYS,TN,ASO,ES,Combined TRACON& Tower with Radar,74,41,67,1,183,0,0,16,10,26,74,41,83,11,209,0,53,53,262
04/17/2023,TYS,TN,ASO,ES,Combined TRACON& Tower with Radar,78,53,73,12,216,0,5,49,1,55,78,58,122,13,271,33,0,33,304
04/18/2023,TYS,TN,ASO,ES,Combined TRACON& Tower with Radar,67,46,99,37,249,0,2,100,15,117,67,48,199,52,366,72,53,125,491
04/19/2023,TYS,TN,ASO,ES,Combined TRACON& Tower with Radar,71,58,111,51,291,0,4,92,16,112,71,62,203,67,403,46,37,83,486
04/20/2023,TYS,TN,ASO,ES,Combined TRACON& Tower with Radar,80,56,99,69,304,0,4,64,14,82,80,60,163,83,386,38,40,78,464
04/21/2023,TYS,TN,ASO,ES,Combined TRACON& Tower with Radar,82,63,99,39,283,0,2,38,2,42,82,65,137,41,325,26,0,26,351
04/22/2023,TYS,TN,ASO,ES,Combined TRACON& Tower with Radar,59,50,35,2,146,0,4,16,1,21,59,54,51,3,167,34,0,34,201
04/23/2023,TYS,TN,ASO,ES,Combined TRACON& Tower with Radar,76,65,96,13,250,0,1,52,0,53,76,66,148,13,303,24,6,30,333
04/24/2023,TYS,TN,ASO,ES,Combined TRACON& Tower with Radar,75,60,88,10,233,0,5,70,4,79,75,65,158,14,312,66,0,66,378
04/25/2023,TYS,TN,ASO,ES,Combined TRACON& Tower with Radar,66,49,113,37,265,0,2,86,16,104,66,51,199,53,369,41,23,64,433
04/26/2023,TYS,TN,ASO,ES,Combined TRACON& Tower with Radar,71,56,119,14,260,0,1,18,1,20,71,57,137,15,280,42,20,62,342
04/27/2023,TYS,TN,ASO,ES,Combined TRACON& Tower with Radar,82,53,107,13,255,0,0,10,0,10,82,53,117,13,265,6,6,12,277
04/28/2023,TYS,TN,ASO,ES,Combined TRACON& Tower with Radar,84,52,87,30,253,0,0,12,4,16,84,52,99,34,269,0,19,19,288
04/29/2023,TYS,TN,ASO,ES,Combined TRACON& Tower with Radar,58,34,41,28,161,0,0,54,0,54,58,34,95,28,215,64,46,110,325
04/30/2023,TYS,TN,ASO,ES,Combined TRACON& Tower with Radar,67,48,52,15,182,0,0,13,0,13,67,48,65,15,195,23,0,23,218
05/01/2023,TYS,TN,ASO,ES,Combined TRACON& Tower with Radar,80,58,78,5,221,0,4,35,0,39,80,62,113,5,260,37,0,37,297
05/02/2023,TYS,TN,ASO,ES,Combined TRACON& Tower with Radar,67,47,76,25,215,0,2,42,4,48,67,49,118,29,263,15,31,46,309
05/03/2023,TYS,TN,ASO,ES,Combined TRACON& Tower with Radar,72,54,110,51,287,0,4,60,1,65,72,58,170,52,352,78,23,101,453
05/04/2023,TYS,TN,ASO,ES,Combined TRACON& Tower with Radar,87,57,88,68,300,0,3,83,6,92,87,60,171,74,392,77,14,91,483
05/05/2023,TYS,TN,ASO,ES,Combined TRACON& Tower with Radar,79,46,86,11,222,0,1,44,2,47,79,47,130,13,269,81,19,100,369
05/06/2023,TYS,TN,ASO,ES,Combined TRACON& Tower with Radar,56,41,57,3,157,0,0,37,0,37,56,41,94,3,194,59,0,59,253
05/07/2023,TYS,TN,ASO,ES,Combined TRACON& Tower with Radar,75,51,97,13,236,0,1,25,11,37,75,52,122,24,273,4,12,16,289
05/08/2023,TYS,TN,ASO,ES,Combined TRACON& Tower with Radar,79,40,87,5,211,0,4,27,0,31,79,44,114,5,242,34,0,34,276
05/09/2023,TYS,TN,ASO,ES,Combined TRACON& Tower with Radar,76,55,96,28,255,0,2,64,5,71,76,57,160,33,326,29,22,51,377
05/10/2023,TYS,TN,ASO,ES,Combined TRACON& Tower with Radar,79,59,97,31,266,0,4,92,6,102,79,63,189,37,368,57,29,86,454
05/11/2023,TYS,TN,ASO,ES,Combined TRACON& Tower with Radar,87,41,107,27,262,1,1,62,18,82,88,42,169,45,344,47,39,86,430
05/12/2023,TYS,TN,ASO,ES,Combined TRACON& Tower with Radar,87,44,66,4,201,0,0,29,0,29,87,44,95,4,230,23,0,23,253
05/13/2023,TYS,TN,ASO,ES,Combined TRACON& Tower with Radar,58,43,61,1,163,0,0,28,1,29,58,43,89,2,192,61,0,61,253
05/14/2023,TYS,TN,ASO,ES,Combined TRACON& Tower with Radar,83,43,46,5,177,0,0,11,1,12,83,43,57,6,189,21,0,21,210
05/15/2023,TYS,TN,ASO,ES,Combined TRACON& Tower with Radar,77,37,103,9,226,0,0,15,0,15,77,37,118,9,241,68,0,68,309
05/16/2023,TYS,TN,ASO,ES,Combined TRACON& Tower with Radar,71,54,101,20,246,0,2,16,7,25,71,56,117,27,271,57,8,65,336
05/17/2023,TYS,TN,ASO,ES,Combined TRACON& Tower with Radar,77,60,137,28,302,0,5,83,11,99,77,65,220,39,401,71,26,97,498
05/18/2023,TYS,TN,ASO,ES,Combined TRACON& Tower with Radar,87,62,131,18,298,0,2,79,15,96,87,64,210,33,394,75,20,95,489
05/19/2023,TYS,TN,ASO,ES,Combined TRACON& Tower with Radar,87,61,116,30,294,0,1,67,19,87,87,62,183,49,381,90,15,105,486
05/20/2023,TYS,TN,ASO,ES,Combined TRACON& Tower with Radar,57,38,46,6,147,0,2,6,6,14,57,40,52,12,161,20,0,20,181
05/21/2023,TYS,TN,ASO,ES,Combined TRACON& Tower with Radar,75,47,79,13,214,0,2,35,5,42,75,49,114,18,256,10,2,12,268
05/22/2023,TYS,TN,ASO,ES,Combined TRACON& Tower with Radar,83,57,96,9,245,0,3,58,1,62,83,60,154,10,307,75,2,77,384
05/23/2023,TYS,TN,ASO,ES,Combined TRACON& Tower with Radar,73,58,90,57,278,0,3,78,8,89,73,61,168,65,367,110,50,160,527
05/24/2023,TYS,TN,ASO,ES,Combined TRACON& Tower with Radar,73,68,131,48,320,0,6,97,15,118,73,74,228,63,438,74,19,93,531
05/25/2023,TYS,TN,ASO,ES,Combined TRACON& Tower with Radar,89,54,119,26,288,0,11,85,23,119,89,65,204,49,407,68,20,88,495
05/26/2023,TYS,TN,ASO,ES,Combined TRACON& Tower with Radar,92,50,102,8,252,0,0,57,2,59,92,50,159,10,311,47,0,47,358
05/27/2023,TYS,TN,ASO,ES,Combined TRACON& Tower with Radar,57,44,47,0,148,0,4,64,2,70,57,48,111,2,218,84,0,84,302
05/28/2023,TYS,TN,ASO,ES,Combined TRACON& Tower with Radar,71,31,24,0,126,0,0,0,0,0,71,31,24,0,126,0,0,0,126
05/29/2023,TYS,TN,ASO,ES,Combined TRACON& Tower with Radar,86,41,71,0,198,0,0,20,0,20,86,41,91,0,218,12,0,12,230
05/30/2023,TYS,TN,ASO,ES,Combined TRACON& Tower with Radar,68,46,85,7,206,0,9,51,1,61,68,55,136,8,267,37,0,37,304
05/31/2023,TYS,TN,ASO,ES,Combined TRACON& Tower with Radar,78,54,94,64,290,0,0,60,13,73,78,54,154,77,363,38,62,100,463
06/01/2023,TYS,TN,ASO,ES,Combined TRACON& Tower with Radar,93,64,95,28,280,0,3,51,20,74,93,67,146,48,354,60,24,84,438
06/02/2023,TYS,TN,ASO,ES,Combined TRACON& Tower with Radar,93,50,103,59,305,0,4,62,24,90,93,54,165,83,395,58,52,110,505
06/03/2023,TYS,TN,ASO,ES,Combined TRACON& Tower with Radar,63,54,59,16,192,0,4,34,23,61,63,58,93,39,253,36,17,53,306
06/04/2023,TYS,TN,ASO,ES,Combined TRACON& Tower with Radar,81,52,60,15,208,0,3,32,3,38,81,55,92,18,246,12,0,12,258
06/05/2023,TYS,TN,ASO,ES,Combined TRACON& Tower with Radar,90,52,69,38,249,0,6,46,1,53,90,58,115,39,302,38,40,78,380
06/06/2023,TYS,TN,ASO,ES,Combined TRACON& Tower with Radar,78,54,85,39,256,0,0,68,13,81,78,54,153,52,337,59,37,96,433
06/07/2023,TYS,TN,ASO,ES,Combined TRACON& Tower with Radar,80,48,97,35,260,0,4,24,14,42,80,52,121,49,302,50,46,96,398
06/08/2023,TYS,TN,ASO,ES,Combined TRACON& Tower with Radar,91,51,95,41,278,0,3,52,10,65,91,54,147,51,343,49,38,87,430
06/09/2023,TYS,TN,ASO,ES,Combined TRACON& Tower with Radar,97,53,89,35,274,0,5,69,8,82,97,58,158,43,356,45,12,57,413
06/10/2023,TYS,TN,ASO,ES,Combined TRACON& Tower with Radar,67,49,48,1,165,0,1,53,4,58,67,50,101,5,223,22,0,22,245
06/11/2023,TYS,TN,ASO,ES,Combined TRACON& Tower with Radar,78,48,54,20,200,0,1,9,4,14,78,49,63,24,214,24,12,36,250
06/12/2023,TYS,TN,ASO,ES,Combined TRACON& Tower with Radar,90,58,132,8,288,0,6,32,0,38,90,64,164,8,326,46,2,48,374
06/13/2023,TYS,TN,ASO,ES,Combined TRACON& Tower with Radar,76,40,102,40,258,0,2,87,1,90,76,42,189,41,348,83,33,116,464
06/14/2023,TYS,TN,ASO,ES,Combined TRACON& Tower with Radar,81,49,104,19,253,0,2,61,11,74,81,51,165,30,327,14,18,32,359
06/15/2023,TYS,TN,ASO,ES,Combined TRACON& Tower with Radar,91,50,118,10,269,0,1,45,22,68,91,51,163,32,337,109,0,109,446
06/16/2023,TYS,TN,ASO,ES,Combined TRACON& Tower with Radar,87,61,82,57,287,0,2,66,18,86,87,63,148,75,373,62,34,96,469
06/17/2023,TYS,TN,ASO,ES,Combined TRACON& Tower with Radar,71,37,65,1,174,0,4,46,1,51,71,41,111,2,225,16,0,16,241
06/18/2023,TYS,TN,ASO,ES,Combined TRACON& Tower with Radar,81,43,50,18,192,1,3,21,2,27,82,46,71,20,219,35,0,35,254
06/19/2023,TYS,TN,ASO,ES,Combined TRACON& Tower with Radar,88,47,97,0,232,0,1,6,0,7,88,48,103,0,239,2,0,2,241
06/20/2023,TYS,TN,ASO,ES,Combined TRACON& Tower with Radar,75,50,124,24,273,0,0,11,2,13,75,50,135,26,286,2,0,2,288
06/21/2023,TYS,TN,ASO,ES,Combined TRACON& Tower with Radar,85,44,137,2,268,0,2,14,3,19,85,46,151,5,287,24,0,24,311
06/22/2023,TYS,TN,ASO,ES,Combined TRACON& Tower with Radar,89,65,146,9,309,0,0,4,5,9,89,65,150,14,318,0,19,19,337
06/23/2023,TYS,TN,ASO,ES,Combined TRACON& Tower with Radar,92,41,116,28,277,0,0,22,14,36,92,41,138,42,313,47,2,49,362
06/24/2023,TYS,TN,ASO,ES,Combined TRACON& Tower with Radar,73,37,53,2,165,0,0,51,10,61,73,37,104,12,226,12,0,12,238
06/25/2023,TYS,TN,ASO,ES,Combined TRACON& Tower with Radar,76,55,62,14,207,0,4,38,8,50,76,59,100,22,257,16,0,16,273
06/26/2023,TYS,TN,ASO,ES,Combined TRACON& Tower with Radar,85,50,96,17,248,0,2,54,4,60,85,52,150,21,308,16,24,40,348
06/27/2023,TYS,TN,ASO,ES,Combined TRACON& Tower with Radar,67,55,89,36,247,0,2,68,6,76,67,57,157,42,323,54,23,77,400
06/28/2023,TYS,TN,ASO,ES,Combined TRACON& Tower with Radar,82,60,114,58,314,0,2,73,11,86,82,62,187,69,400,59,16,75,475
06/29/2023,TYS,TN,ASO,ES,Combined TRACON& Tower with Radar,96,48,150,56,350,0,3,26,5,34,96,51,176,61,384,50,9,59,443
06/30/2023,TYS,TN,ASO,ES,Combined TRACON& Tower with Radar,94,52,103,4,253,0,2,32,3,37,94,54,135,7,290,69,8,77,367
07/01/2023,TYS,TN,ASO,ES,Combined TRACON& Tower with Radar,74,47,37,2,160,0,2,31,1,34,74,49,68,3,194,57,2,59,253
07/02/2023,TYS,TN,ASO,ES,Combined TRACON& Tower with Radar,77,36,29,0,142,0,2,18,0,20,77,38,47,0,162,54,0,54,216
07/03/2023,TYS,TN,ASO,ES,Combined TRACON& Tower with Radar,75,31,28,2,136,0,2,23,0,25,75,33,51,2,161,6,0,6,167
07/04/2023,TYS,TN,ASO,ES,Combined TRACON& Tower with Radar,50,27,33,2,112,0,2,24,0,26,50,29,57,2,138,4,0,4,142
07/05/2023,TYS,TN,ASO,ES,Combined TRACON& Tower with Radar,91,35,72,14,212,0,0,36,0,36,91,35,108,14,248,30,14,44,292
07/06/2023,TYS,TN,ASO,ES,Combined TRACON& Tower with Radar,97,33,121,41,292,0,4,64,7,75,97,37,185,48,367,115,14,129,496
07/07/2023,TYS,TN,ASO,ES,Combined TRACON& Tower with Radar,96,30,112,13,251,0,6,56,0,62,96,36,168,13,313,31,10,41,354
07/08/2023,TYS,TN,ASO,ES,Combined TRACON& Tower with Radar,79,38,59,15,191,0,1,57,4,62,79,39,116,19,253,6,0,6,259
07/09/2023,TYS,TN,ASO,ES,Combined TRACON& Tower with Radar,82,33,59,3,177,0,0,4,0,4,82,33,63,3,181,7,0,7,188
07/10/2023,TYS,TN,ASO,ES,Combined TRACON& Tower with Radar,97,33,92,5,227,0,2,37,3,42,97,35,129,8,269,51,0,51,320
07/11/2023,TYS,TN,ASO,ES,Combined TRACON& Tower with Radar,83,34,93,67,277,1,2,84,6,93,84,36,177,73,370,52,24,76,446
07/12/2023,TYS,TN,ASO,ES,Combined TRACON& Tower with Radar,93,46,89,57,285,0,1,75,7,83,93,47,164,64,368,38,45,83,451
07/13/2023,TYS,TN,ASO,ES,Combined TRACON& Tower with Radar,98,47,81,68,294,0,1,49,1,51,98,48,130,69,345,128,35,163,508
07/14/2023,TYS,TN,ASO,ES,Combined TRACON& Tower with Radar,100,47,89,61,297,0,3,51,1,55,100,50,140,62,352,41,8,49,401
07/15/2023,TYS,TN,ASO,ES,Combined TRACON& Tower with Radar,82,41,52,16,191,0,0,18,4,22,82,41,70,20,213,10,8,18,231
07/16/2023,TYS,TN,ASO,ES,Combined TRACON& Tower with Radar,84,37,66,3,190,0,0,26,11,37,84,37,92,14,227,34,0,34,261
07/17/2023,TYS,TN,ASO,ES,Combined TRACON& Tower with Radar,100,48,100,15,263,0,0,41,8,49,100,48,141,23,312,48,10,58,370
07/18/2023,TYS,TN,ASO,ES,Combined TRACON& Tower with Radar,83,43,103,22,251,0,0,37,19,56,83,43,140,41,307,6,10,16,323
07/19/2023,TYS,TN,ASO,ES,Combined TRACON& Tower with Radar,92,52,100,25,269,0,0,30,9,39,92,52,130,34,308,66,32,98,406
07/20/2023,TYS,TN,ASO,ES,Combined TRACON& Tower with Radar,98,59,79,1,237,0,0,3,1,4,98,59,82,2,241,9,0,9,250
07/21/2023,TYS,TN,ASO,ES,Combined TRACON& Tower with Radar,106,56,110,35,307,0,4,28,19,51,106,60,138,54,358,30,0,30,388
07/22/2023,TYS,TN,ASO,ES,Combined TRACON& Tower with Radar,85,38,74,15,212,0,2,39,0,41,85,40,113,15,253,12,8,20,273
07/23/2023,TYS,TN,ASO,ES,Combined TRACON& Tower with Radar,85,49,77,13,224,0,2,57,1,60,85,51,134,14,284,27,0,27,311
07/24/2023,TYS,TN,ASO,ES,Combined TRACON& Tower with Radar,102,43,69,42,256,0,2,57,2,61,102,45,126,44,317,43,58,101,418
07/25/2023,TYS,TN,ASO,ES,Combined TRACON& Tower with Radar,78,49,81,57,265,0,2,41,10,53,78,51,122,67,318,32,20,52,370
07/26/2023,TYS,TN,ASO,ES,Combined TRACON& Tower with Radar,92,45,91,37,265,0,1,86,5,92,92,46,177,42,357,26,35,61,418
07/27/2023,TYS,TN,ASO,ES,Combined TRACON& Tower with Radar,97,52,104,21,274,0,2,50,11,63,97,54,154,32,337,22,12,34,371
07/28/2023,TYS,TN,ASO,ES,Combined TRACON& Tower with Radar,120,43,63,42,268,0,3,39,1,43,120,46,102,43,311,44,24,68,379
07/29/2023,TYS,TN,ASO,ES,Combined TRACON& Tower with Radar,73,37,57,12,179,0,0,29,3,32,73,37,86,15,211,18,0,18,229
07/30/2023,TYS,TN,ASO,ES,Combined TRACON& Tower with Radar,95,42,76,8,221,0,2,18,0,20,95,44,94,8,241,4,0,4,245
07/31/2023,TYS,TN,ASO,ES,Combined TRACON& Tower with Radar,100,46,84,22,252,0,3,54,2,59,100,49,138,24,311,74,4,78,389
08/01/2023,TYS,TN,ASO,ES,Combined TRACON& Tower with Radar,86,50,89,28,253,0,6,83,0,89,86,56,172,28,342,65,24,89,431
08/02/2023,TYS,TN,ASO,ES,Combined TRACON& Tower with Radar,88,54,93,40,275,0,4,71,3,78,88,58,164,43,353,138,20,158,511
08/03/2023,TYS,TN,ASO,ES,Combined TRACON& Tower with Radar,97,51,97,18,263,0,0,4,7,11,97,51,101,25,274,19,55,74,348
08/04/2023,TYS,TN,ASO,ES,Combined TRACON& Tower with Radar,102,38,103,50,293,0,0,33,7,40,102,38,136,57,333,77,10,87,420
08/05/2023,TYS,TN,ASO,ES,Combined TRACON& Tower with Radar,79,28,54,16,177,0,0,59,12,71,79,28,113,28,248,14,2,16,264
08/06/2023,TYS,TN,ASO,ES,Combined TRACON& Tower with Radar,96,56,77,1,230,0,2,14,3,19,96,58,91,4,249,0,6,6,255
08/07/2023,TYS,TN,ASO,ES,Combined TRACON& Tower with Radar,99,41,68,2,210,0,4,24,6,34,99,45,92,8,244,9,0,9,253
08/08/2023,TYS,TN,ASO,ES,Combined TRACON& Tower with Radar,82,48,112,38,280,0,4,57,11,72,82,52,169,49,352,106,31,137,489
08/09/2023,TYS,TN,ASO,ES,Combined TRACON& Tower with Radar,84,53,96,29,262,0,6,61,6,73,84,59,157,35,335,65,3,68,403
08/10/2023,TYS,TN,ASO,ES,Combined TRACON& Tower with Radar,95,52,111,42,300,0,2,9,11,22,95,54,120,53,322,48,4,52,374
08/11/2023,TYS,TN,ASO,ES,Combined TRACON& Tower with Radar,104,47,79,48,278,0,2,35,0,37,104,49,114,48,315,106,4,110,425
08/12/2023,TYS,TN,ASO,ES,Combined TRACON& Tower with Radar,74,33,47,2,156,0,1,32,0,33,74,34,79,2,189,38,0,38,227
08/13/2023,TYS,TN,ASO,ES,Combined TRACON& Tower with Radar,90,54,64,10,218,0,0,24,2,26,90,54,88,12,244,17,0,17,261
08/14/2023,TYS,TN,ASO,ES,Combined TRACON& Tower with Radar,93,43,79,23,238,0,5,32,4,41,93,48,111,27,279,44,21,65,344
08/15/2023,TYS,TN,ASO,ES,Combined TRACON& Tower with Radar,87,51,119,22,279,0,0,36,9,45,87,51,155,31,324,49,16,65,389
08/16/2023,TYS,TN,ASO,ES,Combined TRACON& Tower with Radar,88,46,96,29,259,0,0,84,5,89,88,46,180,34,348,76,16,92,440
08/17/2023,TYS,TN,ASO,ES,Combined TRACON& Tower with Radar,101,67,108,23,299,0,2,59,18,79,101,69,167,41,378,58,30,88,466
08/18/2023,TYS,TN,ASO,ES,Combined TRACON& Tower with Radar,96,45,96,50,287,0,1,65,10,76,96,46,161,60,363,55,44,99,462
08/19/2023,TYS,TN,ASO,ES,Combined TRACON& Tower with Radar,71,35,42,4,152,0,2,44,8,54,71,37,86,12,206,52,18,70,276
08/20/2023,TYS,TN,ASO,ES,Combined TRACON& Tower with Radar,84,49,50,22,205,0,4,45,3,52,84,53,95,25,257,25,8,33,290
08/21/2023,TYS,TN,ASO,ES,Combined TRACON& Tower with Radar,94,48,101,12,255,0,5,71,11,87,94,53,172,23,342,53,4,57,399
08/22/2023,TYS,TN,ASO,ES,Combined TRACON& Tower with Radar,81,35,93,19,228,0,1,83,3,87,81,36,176,22,315,70,4,74,389
08/23/2023,TYS,TN,ASO,ES,Combined TRACON& Tower with Radar,84,52,69,30,235,0,3,65,8,76,84,55,134,38,311,85,16,101,412
08/24/2023,TYS,TN,ASO,ES,Combined TRACON& Tower with Radar,101,56,95,12,264,0,3,44,6,53,101,59,139,18,317,85,0,85,402
08/25/2023,TYS,TN,ASO,ES,Combined TRACON& Tower with Radar,93,54,86,19,252,0,4,43,2,49,93,58,129,21,301,41,15,56,357
08/26/2023,TYS,TN,ASO,ES,Combined TRACON& Tower with Radar,71,38,40,10,159,0,4,48,1,53,71,42,88,11,212,25,0,25,237
08/27/2023,TYS,TN,ASO,ES,Combined TRACON& Tower with Radar,86,39,52,1,178,0,7,15,7,29,86,46,67,8,207,41,0,41,248
08/28/2023,TYS,TN,ASO,ES,Combined TRACON& Tower with Radar,89,51,80,12,232,0,0,9,4,13,89,51,89,16,245,42,0,42,287
08/29/2023,TYS,TN,ASO,ES,Combined TRACON& Tower with Radar,81,47,78,33,239,0,2,12,1,15,81,49,90,34,254,30,0,30,284
08/30/2023,TYS,TN,ASO,ES,Combined TRACON& Tower with Radar,87,55,98,35,275,0,2,38,3,43,87,57,136,38,318,16,3,19,337
08/31/2023,TYS,TN,ASO,ES,Combined TRACON& Tower with Radar,100,58,99,29,286,0,4,54,13,71,100,62,153,42,357,11,10,21,378
01/01/2020,TYS,TN,ASO,ES,Combined TRACON& Tower with Radar,48,52,38,0,138,0,0,41,0,41,48,52,79,0,179,0,0,0,179
01/02/2020,TYS,TN,ASO,ES,Combined TRACON& Tower with Radar,74,69,55,11,209,0,0,0,0,0,74,69,55,11,209,0,0,0,209
01/03/2020,TYS,TN,ASO,ES,Combined TRACON& Tower with Radar,76,59,65,0,200,0,0,0,0,0,76,59,65,0,200,0,0,0,200
01/04/2020,TYS,TN,ASO,ES,Combined TRACON& Tower with Radar,64,52,42,0,158,0,0,1,1,2,64,52,43,1,160,0,0,0,160
01/05/2020,TYS,TN,ASO,ES,Combined TRACON& Tower with Radar,77,56,51,2,186,0,2,29,0,31,77,58,80,2,217,28,0,28,245
01/06/2020,TYS,TN,ASO,ES,Combined TRACON& Tower with Radar,80,49,46,10,185,0,0,31,0,31,80,49,77,10,216,0,0,0,216
01/07/2020,TYS,TN,ASO,ES,Combined TRACON& Tower with Radar,72,56,49,3,180,0,1,38,10,49,72,57,87,13,229,78,40,118,347
01/08/2020,TYS,TN,ASO,ES,Combined TRACON& Tower with Radar,74,48,58,49,229,0,3,43,12,58,74,51,101,61,287,40,44,84,371
01/09/2020,TYS,TN,ASO,ES,Combined TRACON& Tower with Radar,89,60,66,43,258,0,0,50,13,63,89,60,116,56,321,96,24,120,441
01/10/2020,TYS,TN,ASO,ES,Combined TRACON& Tower with Radar,89,57,65,21,232,0,0,28,12,40,89,57,93,33,272,18,24,42,314
01/11/2020,TYS,TN,ASO,ES,Combined TRACON& Tower with Radar,49,37,19,4,109,0,0,1,4,5,49,37,20,8,114,0,0,0,114
01/12/2020,TYS,TN,ASO,ES,Combined TRACON& Tower with Radar,78,48,37,2,165,1,2,42,4,49,79,50,79,6,214,20,0,20,234
01/13/2020,TYS,TN,ASO,ES,Combined TRACON& Tower with Radar,82,70,49,18,219,0,1,56,0,57,82,71,105,18,276,36,64,100,376
01/14/2020,TYS,TN,ASO,ES,Combined TRACON& Tower with Radar,73,50,47,23,193,0,0,0,11,11,73,50,47,34,204,36,58,94,298
01/15/2020,TYS,TN,ASO,ES,Combined TRACON& Tower with Radar,75,49,82,9,215,0,0,9,0,9,75,49,91,9,224,0,0,0,224
01/16/2020,TYS,TN,ASO,ES,Combined TRACON& Tower with Radar,88,56,70,45,259,0,0,67,9,76,88,56,137,54,335,76,12,88,423
01/17/2020,TYS,TN,ASO,ES,Combined TRACON& Tower with Radar,82,63,59,30,234,0,1,41,6,48,82,64,100,36,282,52,14,66,348
01/18/2020,TYS,TN,ASO,ES,Combined TRACON& Tower with Radar,54,43,24,0,121,0,0,0,0,0,54,43,24,0,121,0,0,0,121
01/19/2020,TYS,TN,ASO,ES,Combined TRACON& Tower with Radar,78,42,31,11,162,0,0,31,7,38,78,42,62,18,200,14,14,28,228
01/20/2020,TYS,TN,ASO,ES,Combined TRACON& Tower with Radar,79,54,49,3,185,0,0,13,0,13,79,54,62,3,198,10,0,10,208
01/21/2020,TYS,TN,ASO,ES,Combined TRACON& Tower with Radar,62,66,83,79,290,0,0,35,7,42,62,66,118,86,332,70,88,158,490
01/22/2020,TYS,TN,ASO,ES,Combined TRACON& Tower with Radar,68,57,58,24,207,0,5,43,7,55,68,62,101,31,262,64,100,164,426
01/23/2020,TYS,TN,ASO,ES,Combined TRACON& Tower with Radar,87,49,95,51,282,0,0,36,4,40,87,49,131,55,322,36,54,90,412
01/24/2020,TYS,TN,ASO,ES,Combined TRACON& Tower with Radar,86,54,47,3,190,0,0,2,0,2,86,54,49,3,192,6,0,6,198
01/25/2020,TYS,TN,ASO,ES,Combined TRACON& Tower with Radar,58,46,35,11,150,0,0,15,0,15,58,46,50,11,165,54,10,64,229
01/26/2020,TYS,TN,ASO,ES,Combined TRACON& Tower with Radar,82,58,21,3,164,0,0,24,0,24,82,58,45,3,188,26,0,26,214
01/27/2020,TYS,TN,ASO,ES,Combined TRACON& Tower with Radar,77,66,64,7,214,0,0,5,0,5,77,66,69,7,219,0,0,0,219
01/28/2020,TYS,TN,ASO,ES,Combined TRACON& Tower with Radar,65,67,79,46,257,0,0,54,10,64,65,67,133,56,321,112,36,148,469
01/29/2020,TYS,TN,ASO,ES,Combined TRACON& Tower with Radar,69,59,71,29,228,0,0,45,3,48,69,59,116,32,276,24,24,48,324
01/30/2020,TYS,TN,ASO,ES,Combined TRACON& Tower with Radar,85,65,95,36,281,0,0,42,3,45,85,65,137,39,326,94,62,156,482
01/31/2020,TYS,TN,ASO,ES,Combined TRACON& Tower with Radar,86,70,71,55,282,0,1,17,3,21,86,71,88,58,303,16,62,78,381
02/01/2020,TYS,TN,ASO,ES,Combined TRACON& Tower with Radar,56,45,32,0,133,0,0,0,0,0,56,45,32,0,133,0,0,0,133
02/02/2020,TYS,TN,ASO,ES,Combined TRACON& Tower with Radar,79,43,22,11,155,0,4,44,1,49,79,47,66,12,204,22,0,22,226
02/03/2020,TYS,TN,ASO,ES,Combined TRACON& Tower with Radar,78,56,58,5,197,0,4,81,0,85,78,60,139,5,282,62,0,62,344
02/04/2020,TYS,TN,ASO,ES,Combined TRACON& Tower with Radar,70,63,85,40,258,0,0,4,1,5,70,63,89,41,263,6,56,62,325
02/05/2020,TYS,TN,ASO,ES,Combined TRACON& Tower with Radar,73,55,52,0,180,0,0,0,0,0,73,55,52,0,180,0,0,0,180
02/06/2020,TYS,TN,ASO,ES,Combined TRACON& Tower with Radar,94,58,52,18,222,0,0,0,0,0,94,58,52,18,222,0,0,0,222
02/07/2020,TYS,TN,ASO,ES,Combined TRACON& Tower with Radar,85,54,63,4,206,0,0,15,6,21,85,54,78,10,227,18,18,36,263
02/08/2020,TYS,TN,ASO,ES,Combined TRACON& Tower with Radar,69,58,32,0,159,0,0,2,0,2,69,58,34,0,161,0,0,0,161
02/09/2020,TYS,TN,ASO,ES,Combined TRACON& Tower with Radar,79,43,22,11,155,0,4,44,1,49,79,47,66,12,204,0,0,0,204
02/10/2020,TYS,TN,ASO,ES,Combined TRACON& Tower with Radar,78,56,58,5,197,0,4,81,0,85,78,60,139,5,282,16,6,22,304
02/11/2020,TYS,TN,ASO,ES,Combined TRACON& Tower with Radar,57,46,50,0,153,0,0,0,2,2,57,46,50,2,155,0,14,14,169
02/12/2020,TYS,TN,ASO,ES,Combined TRACON& Tower with Radar,83,60,74,22,239,0,0,5,0,5,83,60,79,22,244,32,16,48,292
02/13/2020,TYS,TN,ASO,ES,Combined TRACON& Tower with Radar,83,65,65,12,225,0,0,11,8,19,83,65,76,20,244,92,10,102,346
02/14/2020,TYS,TN,ASO,ES,Combined TRACON& Tower with Radar,87,81,76,22,266,0,0,83,3,86,87,81,159,25,352,132,26,158,510
02/15/2020,TYS,TN,ASO,ES,Combined TRACON& Tower with Radar,54,36,51,0,141,0,0,60,0,60,54,36,111,0,201,30,0,30,231
02/16/2020,TYS,TN,ASO,ES,Combined TRACON& Tower with Radar,65,60,34,4,163,0,0,26,0,26,65,60,60,4,189,12,0,12,201
02/17/2020,TYS,TN,ASO,ES,Combined TRACON& Tower with Radar,77,58,76,12,223,0,0,78,0,78,77,58,154,12,301,140,0,140,441
02/18/2020,TYS,TN,ASO,ES,Combined TRACON& Tower with Radar,72,63,80,21,236,0,0,0,0,0,72,63,80,21,236,0,0,0,236
02/19/2020,TYS,TN,ASO,ES,Combined TRACON& Tower with Radar,76,67,85,9,237,0,1,39,2,42,76,68,124,11,279,24,22,46,325
02/20/2020,TYS,TN,ASO,ES,Combined TRACON& Tower with Radar,90,81,64,13,248,0,0,3,0,3,90,81,67,13,251,0,12,12,263
02/21/2020,TYS,TN,ASO,ES,Combined TRACON& Tower with Radar,86,67,66,33,252,0,7,76,9,92,86,74,142,42,344,74,28,102,446
02/22/2020,TYS,TN,ASO,ES,Combined TRACON& Tower with Radar,62,41,40,4,147,0,0,79,2,81,62,41,119,6,228,84,18,102,330
02/23/2020,TYS,TN,ASO,ES,Combined TRACON& Tower with Radar,71,76,41,5,193,0,0,31,3,34,71,76,72,8,227,8,0,8,235
02/24/2020,TYS,TN,ASO,ES,Combined TRACON& Tower with Radar,83,69,63,0,215,0,0,2,0,2,83,69,65,0,217,0,0,0,217
02/25/2020,TYS,TN,ASO,ES,Combined TRACON& Tower with Radar,73,70,90,44,277,0,2,29,11,42,73,72,119,55,319,120,48,168,487
02/26/2020,TYS,TN,ASO,ES,Combined TRACON& Tower with Radar,93,69,70,32,264,0,0,9,2,11,93,69,79,34,275,4,38,42,317
02/27/2020,TYS,TN,ASO,ES,Combined TRACON& Tower with Radar,88,67,83,37,275,0,1,51,6,58,88,68,134,43,333,50,44,94,427
02/28/2020,TYS,TN,ASO,ES,Combined TRACON& Tower with Radar,85,82,87,18,272,0,0,15,0,15,85,82,102,18,287,0,32,32,319
02/29/2020,TYS,TN,ASO,ES,Combined TRACON& Tower with Radar,65,44,28,10,147,0,0,54,2,56,65,44,82,12,203,0,34,34,237
03/01/2020,TYS,TN,ASO,ES,Combined TRACON& Tower with Radar,80,61,50,8,199,0,2,49,0,51,80,63,99,8,250,4,0,4,254
03/02/2020,TYS,TN,ASO,ES,Combined TRACON& Tower with Radar,79,54,79,2,214,0,0,0,0,0,79,54,79,2,214,16,0,16,230
03/03/2020,TYS,TN,ASO,ES,Combined TRACON& Tower with Radar,76,68,60,14,218,0,0,22,0,22,76,68,82,14,240,24,0,24,264
03/04/2020,TYS,TN,ASO,ES,Combined TRACON& Tower with Radar,80,58,73,44,255,0,2,80,2,84,80,60,153,46,339,86,64,150,489
03/05/2020,TYS,TN,ASO,ES,Combined TRACON& Tower with Radar,85,70,94,34,283,0,0,57,24,81,85,70,151,58,364,96,120,216,580
03/06/2020,TYS,TN,ASO,ES,Combined TRACON& Tower with Radar,81,64,80,51,276,0,2,26,6,34,81,66,106,57,310,32,0,32,342
03/07/2020,TYS,TN,ASO,ES,Combined TRACON& Tower with Radar,55,45,44,15,159,0,2,53,2,57,55,47,97,17,216,16,20,36,252
03/08/2020,TYS,TN,ASO,ES,Combined TRACON& Tower with Radar,77,64,36,18,195,0,0,55,4,59,77,64,91,22,254,18,22,40,294
03/09/2020,TYS,TN,ASO,ES,Combined TRACON& Tower with Radar,76,60,63,6,205,0,0,63,2,65,76,60,126,8,270,190,6,196,466
03/10/2020,TYS,TN,ASO,ES,Combined TRACON& Tower with Radar,81,73,72,30,256,0,0,6,2,8,81,73,78,32,264,0,136,136,400
03/11/2020,TYS,TN,ASO,ES,Combined TRACON& Tower with Radar,80,62,96,38,276,0,0,30,2,32,80,62,126,40,308,124,52,176,484
03/12/2020,TYS,TN,ASO,ES,Combined TRACON& Tower with Radar,84,74,80,12,250,0,0,25,4,29,84,74,105,16,279,112,0,112,391
03/13/2020,TYS,TN,ASO,ES,Combined TRACON& Tower with Radar,83,81,85,24,273,0,0,32,0,32,83,81,117,24,305,110,46,156,461
03/14/2020,TYS,TN,ASO,ES,Combined TRACON& Tower with Radar,58,50,44,0,152,0,0,28,0,28,58,50,72,0,180,24,0,24,204
03/15/2020,TYS,TN,ASO,ES,Combined TRACON& Tower with Radar,75,56,57,0,188,0,0,0,0,0,75,56,57,0,188,0,0,0,188
03/16/2020,TYS,TN,ASO,ES,Combined TRACON& Tower with Radar,81,72,78,39,270,0,0,10,0,10,81,72,88,39,280,32,0,32,312
03/17/2020,TYS,TN,ASO,ES,Combined TRACON& Tower with Radar,82,66,78,14,240,0,0,2,0,2,82,66,80,14,242,16,0,16,258
03/18/2020,TYS,TN,ASO,ES,Combined TRACON& Tower with Radar,82,64,70,31,247,0,0,24,11,35,82,64,94,42,282,124,28,152,434
03/19/2020,TYS,TN,ASO,ES,Combined TRACON& Tower with Radar,79,61,54,18,212,0,0,52,3,55,79,61,106,21,267,132,10,142,409
03/20/2020,TYS,TN,ASO,ES,Combined TRACON& Tower with Radar,80,65,37,12,194,0,0,5,5,10,80,65,42,17,204,0,40,40,244
03/21/2020,TYS,TN,ASO,ES,Combined TRACON& Tower with Radar,53,45,55,0,153,0,0,8,0,8,53,45,63,0,161,20,0,20,181
03/22/2020,TYS,TN,ASO,ES,Combined TRACON& Tower with Radar,63,48,33,0,144,0,1,15,0,16,63,49,48,0,160,20,0,20,180
03/23/2020,TYS,TN,ASO,ES,Combined TRACON& Tower with Radar,61,38,22,0,121,0,0,0,0,0,61,38,22,0,121,0,0,0,121
03/24/2020,TYS,TN,ASO,ES,Combined TRACON& Tower with Radar,56,48,31,9,144,0,0,7,0,7,56,48,38,9,151,0,0,0,151
03/25/2020,TYS,TN,ASO,ES,Combined TRACON& Tower with Radar,46,35,56,24,161,0,2,38,11,51,46,37,94,35,212,42,52,94,306
03/26/2020,TYS,TN,ASO,ES,Combined TRACON& Tower with Radar,47,37,45,43,172,0,1,61,1,63,47,38,106,44,235,46,44,90,325
03/27/2020,TYS,TN,ASO,ES,Combined TRACON& Tower with Radar,34,34,44,17,129,0,0,28,1,29,34,34,72,18,158,12,14,26,184
03/28/2020,TYS,TN,ASO,ES,Combined TRACON& Tower with Radar,25,33,19,0,77,0,0,10,0,10,25,33,29,0,87,8,0,8,95
03/29/2020,TYS,TN,ASO,ES,Combined TRACON& Tower with Radar,38,41,17,0,96,0,0,7,0,7,38,41,24,0,103,0,0,0,103
03/30/2020,TYS,TN,ASO,ES,Combined TRACON& Tower with Radar,40,35,37,1,113,0,0,35,0,35,40,35,72,1,148,2,0,2,150
03/31/2020,TYS,TN,ASO,ES,Combined TRACON& Tower with Radar,49,28,43,19,139,0,0,1,0,1,49,28,44,19,140,0,0,0,140
04/01/2020,TYS,TN,ASO,ES,Combined TRACON& Tower with Radar,56,39,28,23,146,0,0,6,1,7,56,39,34,24,153,10,34,44,197
04/02/2020,TYS,TN,ASO,ES,Combined TRACON& Tower with Radar,44,32,35,15,126,0,0,51,0,51,44,32,86,15,177,56,8,64,241
04/03/2020,TYS,TN,ASO,ES,Combined TRACON& Tower with Radar,46,29,35,1,111,0,0,43,2,45,46,29,78,3,156,0,0,0,156
04/04/2020,TYS,TN,ASO,ES,Combined TRACON& Tower with Radar,24,21,15,19,79,0,0,30,0,30,24,21,45,19,109,14,10,24,133
04/05/2020,TYS,TN,ASO,ES,Combined TRACON& Tower with Radar,36,22,19,0,77,0,0,18,0,18,36,22,37,0,95,48,0,48,143
04/06/2020,TYS,TN,ASO,ES,Combined TRACON& Tower with Radar,34,23,29,0,86,0,0,40,0,40,34,23,69,0,126,16,0,16,142
04/07/2020,TYS,TN,ASO,ES,Combined TRACON& Tower with Radar,41,19,25,16,101,0,0,14,23,37,41,19,39,39,138,0,86,86,224
04/08/2020,TYS,TN,ASO,ES,Combined TRACON& Tower with Radar,38,16,38,36,128,0,0,9,0,9,38,16,47,36,137,8,22,30,167
04/09/2020,TYS,TN,ASO,ES,Combined TRACON& Tower with Radar,42,19,27,3,91,0,0,36,10,46,42,19,63,13,137,0,6,6,143
04/10/2020,TYS,TN,ASO,ES,Combined TRACON& Tower with Radar,46,23,38,4,111,0,0,30,2,32,46,23,68,6,143,12,0,12,155
04/11/2020,TYS,TN,ASO,ES,Combined TRACON& Tower with Radar,27,19,24,0,70,0,0,51,0,51,27,19,75,0,121,12,0,12,133
04/12/2020,TYS,TN,ASO,ES,Combined TRACON& Tower with Radar,25,17,0,0,42,0,0,1,0,1,25,17,1,0,43,0,0,0,43
04/13/2020,TYS,TN,ASO,ES,Combined TRACON& Tower with Radar,26,18,36,0,80,0,0,9,0,9,26,18,45,0,89,0,0,0,89
04/14/2020,TYS,TN,ASO,ES,Combined TRACON& Tower with Radar,33,20,28,16,97,0,0,24,2,26,33,20,52,18,123,20,16,36,159
04/15/2020,TYS,TN,ASO,ES,Combined TRACON& Tower with Radar,29,13,41,24,107,0,0,50,1,51,29,13,91,25,158,126,22,148,306
04/16/2020,TYS,TN,ASO,ES,Combined TRACON& Tower with Radar,31,20,45,10,106,0,0,33,2,35,31,20,78,12,141,26,12,38,179
04/17/2020,TYS,TN,ASO,ES,Combined TRACON& Tower with Radar,30,11,35,14,90,0,1,26,1,28,30,12,61,15,118,10,0,10,128
04/18/2020,TYS,TN,ASO,ES,Combined TRACON& Tower with Radar,17,13,33,24,87,0,1,15,0,16,17,14,48,24,103,32,0,32,135
04/19/2020,TYS,TN,ASO,ES,Combined TRACON& Tower with Radar,22,13,20,0,55,0,0,11,0,11,22,13,31,0,66,0,0,0,66
04/20/2020,TYS,TN,ASO,ES,Combined TRACON& Tower with Radar,23,11,32,2,68,0,0,12,0,12,23,11,44,2,80,32,0,32,112
04/21/2020,TYS,TN,ASO,ES,Combined TRACON& Tower with Radar,29,14,45,14,102,0,0,23,2,25,29,14,68,16,127,32,12,44,171
04/22/2020,TYS,TN,ASO,ES,Combined TRACON& Tower with Radar,27,10,63,29,129,0,0,62,0,62,27,10,125,29,191,76,70,146,337
04/23/2020,TYS,TN,ASO,ES,Combined TRACON& Tower with Radar,24,13,30,8,75,0,0,6,6,12,24,13,36,14,87,2,38,40,127
04/24/2020,TYS,TN,ASO,ES,Combined TRACON& Tower with Radar,26,13,55,34,128,0,0,38,4,42,26,13,93,38,170,82,22,104,274
04/25/2020,TYS,TN,ASO,ES,Combined TRACON& Tower with Radar,19,13,16,0,48,0,0,6,0,6,19,13,22,0,54,0,0,0,54
04/26/2020,TYS,TN,ASO,ES,Combined TRACON& Tower with Radar,21,9,25,0,55,0,0,1,0,1,21,9,26,0,56,4,0,4,60
04/27/2020,TYS,TN,ASO,ES,Combined TRACON& Tower with Radar,20,11,43,29,103,0,1,71,0,72,20,12,114,29,175,72,20,92,267
04/28/2020,TYS,TN,ASO,ES,Combined TRACON& Tower with Radar,22,14,53,29,118,0,0,57,0,57,22,14,110,29,175,64,18,82,257
04/29/2020,TYS,TN,ASO,ES,Combined TRACON& Tower with Radar,26,15,34,6,81,0,0,5,0,5,26,15,39,6,86,0,6,6,92
04/30/2020,TYS,TN,ASO,ES,Combined TRACON& Tower with Radar,34,13,31,16,94,0,1,7,12,20,34,14,38,28,114,4,28,32,146
05/01/2020,TYS,TN,ASO,ES,Combined TRACON& Tower with Radar,30,17,31,67,145,0,1,64,8,73,30,18,95,75,218,48,88,136,354
05/02/2020,TYS,TN,ASO,ES,Combined TRACON& Tower with Radar,20,14,17,2,53,0,2,50,8,60,20,16,67,10,113,62,0,62,175
05/03/2020,TYS,TN,ASO,ES,Combined TRACON& Tower with Radar,22,9,31,0,62,0,0,26,0,26,22,9,57,0,88,24,0,24,112
05/04/2020,TYS,TN,ASO,ES,Combined TRACON& Tower with Radar,25,23,45,3,96,0,0,28,2,30,25,23,73,5,126,36,0,36,162
05/05/2020,TYS,TN,ASO,ES,Combined TRACON& Tower with Radar,21,21,35,34,111,0,0,10,0,10,21,21,45,34,121,16,16,32,153
05/06/2020,TYS,TN,ASO,ES,Combined TRACON& Tower with Radar,28,15,37,33,113,0,0,12,0,12,28,15,49,33,125,0,14,14,139
05/07/2020,TYS,TN,ASO,ES,Combined TRACON& Tower with Radar,33,18,54,27,132,0,0,68,0,68,33,18,122,27,200,136,24,160,360
05/08/2020,TYS,TN,ASO,ES,Combined TRACON& Tower with Radar,34,26,49,20,129,0,0,4,0,4,34,26,53,20,133,0,26,26,159
05/09/2020,TYS,TN,ASO,ES,Combined TRACON& Tower with Radar,19,17,36,0,72,0,0,47,0,47,19,17,83,0,119,82,0,82,201
05/10/2020,TYS,TN,ASO,ES,Combined TRACON& Tower with Radar,28,18,25,1,72,0,0,20,0,20,28,18,45,1,92,26,0,26,118
05/11/2020,TYS,TN,ASO,ES,Combined TRACON& Tower with Radar,28,34,44,49,155,0,0,36,2,38,28,34,80,51,193,110,40,150,343
05/12/2020,TYS,TN,ASO,ES,Combined TRACON& Tower with Radar,25,14,75,17,131,0,0,76,8,84,25,14,151,25,215,134,24,158,373
05/13/2020,TYS,TN,ASO,ES,Combined TRACON& Tower with Radar,34,19,50,34,137,0,0,40,0,40,34,19,90,34,177,86,44,130,307
05/14/2020,TYS,TN,ASO,ES,Combined TRACON& Tower with Radar,35,28,65,31,159,0,0,55,9,64,35,28,120,40,223,58,28,86,309
05/15/2020,TYS,TN,ASO,ES,Combined TRACON& Tower with Radar,31,28,60,17,136,0,0,58,8,66,31,28,118,25,202,40,22,62,264
05/16/2020,TYS,TN,ASO,ES,Combined TRACON& Tower with Radar,20,22,37,7,86,0,0,60,6,66,20,22,97,13,152,64,6,70,222
05/17/2020,TYS,TN,ASO,ES,Combined TRACON& Tower with Radar,29,31,45,0,105,0,0,31,0,31,29,31,76,0,136,2,0,2,138
05/18/2020,TYS,TN,ASO,ES,Combined TRACON& Tower with Radar,26,20,49,8,103,0,0,14,8,22,26,20,63,16,125,18,8,26,151
05/19/2020,TYS,TN,ASO,ES,Combined TRACON& Tower with Radar,26,19,57,41,143,0,0,9,1,10,26,19,66,42,153,32,14,46,199
05/20/2020,TYS,TN,ASO,ES,Combined TRACON& Tower with Radar,34,23,64,37,158,0,0,16,0,16,34,23,80,37,174,56,18,74,248
05/21/2020,TYS,TN,ASO,ES,Combined TRACON& Tower with Radar,43,25,82,17,167,0,0,45,1,46,43,25,127,18,213,102,0,102,315
05/22/2020,TYS,TN,ASO,ES,Combined TRACON& Tower with Radar,43,26,57,6,132,0,0,21,0,21,43,26,78,6,153,52,0,52,205
05/23/2020,TYS,TN,ASO,ES,Combined TRACON& Tower with Radar,28,18,41,1,88,0,0,50,0,50,28,18,91,1,138,86,0,86,224
05/24/2020,TYS,TN,ASO,ES,Combined TRACON& Tower with Radar,30,18,30,1,79,0,0,18,0,18,30,18,48,1,97,34,0,34,131
05/25/2020,TYS,TN,ASO,ES,Combined TRACON& Tower with Radar,30,22,32,0,84,0,0,26,0,26,30,22,58,0,110,22,0,22,132
05/26/2020,TYS,TN,ASO,ES,Combined TRACON& Tower with Radar,21,18,58,34,131,0,0,37,2,39,21,18,95,36,170,84,14,98,268
05/27/2020,TYS,TN,ASO,ES,Combined TRACON& Tower with Radar,33,37,71,70,211,0,1,34,1,36,33,38,105,71,247,0,0,0,247
05/28/2020,TYS,TN,ASO,ES,Combined TRACON& Tower with Radar,38,33,81,29,181,0,0,21,9,30,38,33,102,38,211,56,6,62,273
05/29/2020,TYS,TN,ASO,ES,Combined TRACON& Tower with Radar,39,34,54,32,159,0,4,46,16,66,39,38,100,48,225,64,50,114,339
05/30/2020,TYS,TN,ASO,ES,Combined TRACON& Tower with Radar,27,15,38,11,91,0,0,33,2,35,27,15,71,13,126,26,16,42,168
05/31/2020,TYS,TN,ASO,ES,Combined TRACON& Tower with Radar,33,35,64,0,132,0,0,35,0,35,33,35,99,0,167,32,0,32,199
06/01/2020,TYS,TN,ASO,ES,Combined TRACON& Tower with Radar,34,20,62,22,138,0,0,65,4,69,34,20,127,26,207,36,6,42,249
06/02/2020,TYS,TN,ASO,ES,Combined TRACON& Tower with Radar,30,15,53,31,129,0,2,57,4,63,30,17,110,35,192,82,8,90,282
06/03/2020,TYS,TN,ASO,ES,Combined TRACON& Tower with Radar,34,23,81,51,189,0,0,62,0,62,34,23,143,51,251,38,18,56,307
06/04/2020,TYS,TN,ASO,ES,Combined TRACON& Tower with Radar,49,26,60,20,155,0,2,36,6,44,49,28,96,26,199,30,18,48,247
06/05/2020,TYS,TN,ASO,ES,Combined TRACON& Tower with Radar,41,39,64,13,157,0,0,17,0,17,41,39,81,13,174,54,2,56,230
06/06/2020,TYS,TN,ASO,ES,Combined TRACON& Tower with Radar,28,18,30,10,86,0,0,32,3,35,28,18,62,13,121,28,24,52,173
06/07/2020,TYS,TN,ASO,ES,Combined TRACON& Tower with Radar,45,17,45,0,107,0,4,29,0,33,45,21,74,0,140,102,72,174,314
06/08/2020,TYS,TN,ASO,ES,Combined TRACON& Tower with Radar,38,26,63,10,137,0,0,42,0,42,38,26,105,10,179,103,32,135,314
06/09/2020,TYS,TN,ASO,ES,Combined TRACON& Tower with Radar,32,24,52,18,126,0,0,39,2,41,32,24,91,20,167,72,14,86,253
06/10/2020,TYS,TN,ASO,ES,Combined TRACON& Tower with Radar,34,20,68,10,132,0,2,17,9,28,34,22,85,19,160,86,16,102,262
06/11/2020,TYS,TN,ASO,ES,Combined TRACON& Tower with Radar,54,30,100,41,225,0,2,61,19,82,54,32,161,60,307,164,32,196,503
06/12/2020,TYS,TN,ASO,ES,Combined TRACON& Tower with Radar,46,39,57,14,156,0,0,48,12,60,46,39,105,26,216,40,30,70,286
06/13/2020,TYS,TN,ASO,ES,Combined TRACON& Tower with Radar,34,24,43,6,107,0,0,66,0,66,34,24,109,6,173,70,0,70,243
06/14/2020,TYS,TN,ASO,ES,Combined TRACON& Tower with Radar,46,26,52,0,124,1,0,34,0,35,47,26,86,0,159,12,0,12,171
06/15/2020,TYS,TN,ASO,ES,Combined TRACON& Tower with Radar,36,20,58,0,114,0,0,47,2,49,36,20,105,2,163,42,0,42,205
06/16/2020,TYS,TN,ASO,ES,Combined TRACON& Tower with Radar,30,29,83,23,165,0,2,58,0,60,30,31,141,23,225,102,16,118,343
06/17/2020,TYS,TN,ASO,ES,Combined TRACON& Tower with Radar,32,22,100,45,199,0,1,33,0,34,32,23,133,45,233,46,26,72,305
06/18/2020,TYS,TN,ASO,ES,Combined TRACON& Tower with Radar,51,33,73,26,183,0,0,23,6,29,51,33,96,32,212,30,28,58,270
06/19/2020,TYS,TN,ASO,ES,Combined TRACON& Tower with Radar,42,35,75,4,156,0,1,26,17,44,42,36,101,21,200,40,4,44,244
06/20/2020,TYS,TN,ASO,ES,Combined TRACON& Tower with Radar,35,18,43,0,96,0,0,44,0,44,35,18,87,0,140,24,0,24,164
06/21/2020,TYS,TN,ASO,ES,Combined TRACON& Tower with Radar,41,35,61,0,137,0,0,25,0,25,41,35,86,0,162,0,0,0,162
06/22/2020,TYS,TN,ASO,ES,Combined TRACON& Tower with Radar,46,23,73,11,153,0,0,25,0,25,46,23,98,11,178,14,8,22,200
06/23/2020,TYS,TN,ASO,ES,Combined TRACON& Tower with Radar,31,24,63,35,153,0,0,25,0,25,31,24,88,35,178,64,12,76,254
06/24/2020,TYS,TN,ASO,ES,Combined TRACON& Tower with Radar,34,29,71,27,161,0,2,57,6,65,34,31,128,33,226,96,30,126,352
06/25/2020,TYS,TN,ASO,ES,Combined TRACON& Tower with Radar,50,34,93,41,218,0,0,43,18,61,50,34,136,59,279,30,34,64,343
06/26/2020,TYS,TN,ASO,ES,Combined TRACON& Tower with Radar,45,40,94,28,207,0,0,33,14,47,45,40,127,42,254,20,32,52,306
06/27/2020,TYS,TN,ASO,ES,Combined TRACON& Tower with Radar,36,19,48,2,105,0,0,11,4,15,36,19,59,6,120,40,24,64,184
06/28/2020,TYS,TN,ASO,ES,Combined TRACON& Tower with Radar,43,22,55,0,120,0,1,6,0,7,43,23,61,0,127,0,0,0,127
06/29/2020,TYS,TN,ASO,ES,Combined TRACON& Tower with Radar,37,29,62,3,131,0,0,25,2,27,37,29,87,5,158,24,0,24,182
06/30/2020,TYS,TN,ASO,ES,Combined TRACON& Tower with Radar,31,26,62,19,138,0,0,43,3,46,31,26,105,22,184,44,20,64,248
07/01/2020,TYS,TN,ASO,ES,Combined TRACON& Tower with Radar,42,29,65,39,175,0,1,12,2,15,42,30,77,41,190,20,28,48,238
07/02/2020,TYS,TN,ASO,ES,Combined TRACON& Tower with Radar,53,37,73,32,195,0,4,26,11,41,53,41,99,43,236,100,16,116,352
07/03/2020,TYS,TN,ASO,ES,Combined TRACON& Tower with Radar,44,31,44,0,119,0,1,47,0,48,44,32,91,0,167,38,0,38,205
07/04/2020,TYS,TN,ASO,ES,Combined TRACON& Tower with Radar,33,16,19,2,70,0,0,20,2,22,33,16,39,4,92,10,6,16,108
07/05/2020,TYS,TN,ASO,ES,Combined TRACON& Tower with Radar,43,28,46,0,117,0,0,8,0,8,43,28,54,0,125,0,0,0,125
07/06/2020,TYS,TN,ASO,ES,Combined TRACON& Tower with Radar,37,31,65,4,137,0,2,50,4,56,37,33,115,8,193,32,0,32,225
07/07/2020,TYS,TN,ASO,ES,Combined TRACON& Tower with Radar,33,42,69,77,221,0,3,49,0,52,33,45,118,77,273,54,80,134,407
07/08/2020,TYS,TN,ASO,ES,Combined TRACON& Tower with Radar,42,51,72,42,207,0,0,47,3,50,42,51,119,45,257,76,24,100,357
07/09/2020,TYS,TN,ASO,ES,Combined TRACON& Tower with Radar,52,45,66,41,204,0,2,28,9,39,52,47,94,50,243,76,32,108,351
07/10/2020,TYS,TN,ASO,ES,Combined TRACON& Tower with Radar,49,56,69,23,197,0,0,67,1,68,49,56,136,24,265,76,14,90,355
07/11/2020,TYS,TN,ASO,ES,Combined TRACON& Tower with Radar,42,38,50,2,132,0,2,63,9,74,42,40,113,11,206,76,0,76,282
07/12/2020,TYS,TN,ASO,ES,Combined TRACON& Tower with Radar,51,39,50,2,142,0,2,15,4,21,51,41,65,6,163,30,0,30,193
07/13/2020,TYS,TN,ASO,ES,Combined TRACON& Tower with Radar,41,39,53,0,133,0,0,61,1,62,41,39,114,1,195,94,2,96,291
07/14/2020,TYS,TN,ASO,ES,Combined TRACON& Tower with Radar,31,45,56,39,171,0,2,68,4,74,31,47,124,43,245,106,44,150,395
07/15/2020,TYS,TN,ASO,ES,Combined TRACON& Tower with Radar,40,44,69,54,207,0,4,60,6,70,40,48,129,60,277,36,36,72,349
07/16/2020,TYS,TN,ASO,ES,Combined TRACON& Tower with Radar,52,50,62,26,190,0,0,48,11,59,52,50,110,37,249,112,0,112,361
07/17/2020,TYS,TN,ASO,ES,Combined TRACON& Tower with Radar,51,46,55,37,189,0,0,62,13,75,51,46,117,50,264,14,0,14,278
07/18/2020,TYS,TN,ASO,ES,Combined TRACON& Tower with Radar,36,40,40,2,118,0,0,57,0,57,36,40,97,2,175,84,0,84,259
07/19/2020,TYS,TN,ASO,ES,Combined TRACON& Tower with Radar,45,44,42,0,131,0,0,25,0,25,45,44,67,0,156,26,0,26,182
07/20/2020,TYS,TN,ASO,ES,Combined TRACON& Tower with Radar,58,43,55,17,173,0,0,55,5,60,58,43,110,22,233,110,14,124,357
07/21/2020,TYS,TN,ASO,ES,Combined TRACON& Tower with Radar,32,39,77,33,181,0,0,73,15,88,32,39,150,48,269,118,10,128,397
07/22/2020,TYS,TN,ASO,ES,Combined TRACON& Tower with Radar,36,52,53,23,164,0,0,53,17,70,36,52,106,40,234,58,20,78,312
07/23/2020,TYS,TN,ASO,ES,Combined TRACON& Tower with Radar,50,47,80,40,217,0,2,41,14,57,50,49,121,54,274,66,24,90,364
07/24/2020,TYS,TN,ASO,ES,Combined TRACON& Tower with Radar,45,58,84,10,197,0,2,29,0,31,45,60,113,10,228,26,0,26,254
07/25/2020,TYS,TN,ASO,ES,Combined TRACON& Tower with Radar,36,44,15,0,95,0,0,40,2,42,36,44,55,2,137,54,0,54,191
07/26/2020,TYS,TN,ASO,ES,Combined TRACON& Tower with Radar,46,49,39,0,134,0,0,32,0,32,46,49,71,0,166,54,0,54,220
07/27/2020,TYS,TN,ASO,ES,Combined TRACON& Tower with Radar,42,44,56,0,142,0,0,54,0,54,42,44,110,0,196,80,0,80,276
07/28/2020,TYS,TN,ASO,ES,Combined TRACON& Tower with Radar,28,42,83,35,188,0,0,39,3,42,28,42,122,38,230,114,22,136,366
07/29/2020,TYS,TN,ASO,ES,Combined TRACON& Tower with Radar,35,45,98,55,233,0,0,39,16,55,35,45,137,71,288,124,40,164,452
07/30/2020,TYS,TN,ASO,ES,Combined TRACON& Tower with Radar,53,46,94,20,213,0,0,19,3,22,53,46,113,23,235,52,30,82,317
07/31/2020,TYS,TN,ASO,ES,Combined TRACON& Tower with Radar,49,38,109,6,202,0,0,33,1,34,49,38,142,7,236,62,0,62,298
08/01/2020,TYS,TN,ASO,ES,Combined TRACON& Tower with Radar,43,31,43,5,122,0,0,35,0,35,43,31,78,5,157,28,0,28,185
08/02/2020,TYS,TN,ASO,ES,Combined TRACON& Tower with Radar,55,30,54,7,146,0,0,21,0,21,55,30,75,7,167,20,0,20,187
08/03/2020,TYS,TN,ASO,ES,Combined TRACON& Tower with Radar,50,33,68,0,151,0,0,29,0,29,50,33,97,0,180,68,0,68,248
08/04/2020,TYS,TN,ASO,ES,Combined TRACON& Tower with Radar,40,41,60,23,164,0,0,58,4,62,40,41,118,27,226,166,0,166,392
08/05/2020,TYS,TN,ASO,ES,Combined TRACON& Tower with Radar,39,40,92,12,183,0,0,52,12,64,39,40,144,24,247,46,0,46,293
08/06/2020,TYS,TN,ASO,ES,Combined TRACON& Tower with Radar,62,38,69,20,189,0,0,8,10,18,62,38,77,30,207,50,50,100,307
08/07/2020,TYS,TN,ASO,ES,Combined TRACON& Tower with Radar,56,41,85,24,206,0,0,67,6,73,56,41,152,30,279,66,34,100,379
08/08/2020,TYS,TN,ASO,ES,Combined TRACON& Tower with Radar,44,28,46,2,120,0,0,54,4,58,44,28,100,6,178,76,0,76,254
08/09/2020,TYS,TN,ASO,ES,Combined TRACON& Tower with Radar,57,40,56,2,155,0,0,49,6,55,57,40,105,8,210,14,0,14,224
08/10/2020,TYS,TN,ASO,ES,Combined TRACON& Tower with Radar,54,36,43,1,134,0,0,19,4,23,54,36,62,5,157,4,20,24,181
08/11/2020,TYS,TN,ASO,ES,Combined TRACON& Tower with Radar,36,50,78,22,186,0,0,45,4,49,36,50,123,26,235,94,10,104,339
08/12/2020,TYS,TN,ASO,ES,Combined TRACON& Tower with Radar,40,41,65,33,179,0,2,50,9,61,40,43,115,42,240,24,24,48,288
08/13/2020,TYS,TN,ASO,ES,Combined TRACON& Tower with Radar,61,45,96,21,223,0,1,34,20,55,61,46,130,41,278,28,22,50,328
08/14/2020,TYS,TN,ASO,ES,Combined TRACON& Tower with Radar,56,40,75,16,187,0,0,16,0,16,56,40,91,16,203,48,18,66,269
08/15/2020,TYS,TN,ASO,ES,Combined TRACON& Tower with Radar,45,29,18,0,92,2,0,4,0,6,47,29,22,0,98,2,0,2,100
08/16/2020,TYS,TN,ASO,ES,Combined TRACON& Tower with Radar,59,41,64,9,173,0,0,33,3,36,59,41,97,12,209,30,0,30,239
08/17/2020,TYS,TN,ASO,ES,Combined TRACON& Tower with Radar,57,32,77,18,184,0,0,61,9,70,57,32,138,27,254,70,12,82,336
08/18/2020,TYS,TN,ASO,ES,Combined TRACON& Tower with Radar,36,37,68,36,177,0,1,78,21,100,36,38,146,57,277,142,52,194,471
08/19/2020,TYS,TN,ASO,ES,Combined TRACON& Tower with Radar,41,33,58,15,147,0,0,35,4,39,41,33,93,19,186,100,0,100,286
08/20/2020,TYS,TN,ASO,ES,Combined TRACON& Tower with Radar,58,45,71,66,240,0,0,49,14,63,58,45,120,80,303,44,42,86,389
08/21/2020,TYS,TN,ASO,ES,Combined TRACON& Tower with Radar,54,35,68,2,159,0,1,13,2,16,54,36,81,4,175,10,2,12,187
08/22/2020,TYS,TN,ASO,ES,Combined TRACON& Tower with Radar,40,36,21,0,97,0,1,15,8,24,40,37,36,8,121,6,0,6,127
08/23/2020,TYS,TN,ASO,ES,Combined TRACON& Tower with Radar,52,42,61,0,155,0,0,25,2,27,52,42,86,2,182,16,0,16,198
08/24/2020,TYS,TN,ASO,ES,Combined TRACON& Tower with Radar,48,38,70,15,171,0,1,42,6,49,48,39,112,21,220,30,0,30,250
08/25/2020,TYS,TN,ASO,ES,Combined TRACON& Tower with Radar,36,43,54,56,189,0,0,47,25,72,36,43,101,81,261,22,50,72,333
08/26/2020,TYS,TN,ASO,ES,Combined TRACON& Tower with Radar,40,38,124,91,293,0,0,48,7,55,40,38,172,98,348,48,120,168,516
08/27/2020,TYS,TN,ASO,ES,Combined TRACON& Tower with Radar,55,37,83,21,196,0,2,61,15,78,55,39,144,36,274,106,32,138,412
08/28/2020,TYS,TN,ASO,ES,Combined TRACON& Tower with Radar,52,46,65,9,172,0,0,19,3,22,52,46,84,12,194,28,4,32,226
08/29/2020,TYS,TN,ASO,ES,Combined TRACON& Tower with Radar,38,38,36,0,112,0,0,11,0,11,38,38,47,0,123,26,0,26,149
08/30/2020,TYS,TN,ASO,ES,Combined TRACON& Tower with Radar,54,46,58,9,167,0,0,36,0,36,54,46,94,9,203,52,0,52,255
08/31/2020,TYS,TN,ASO,ES,Combined TRACON& Tower with Radar,50,40,89,6,185,0,0,29,4,33,50,40,118,10,218,42,16,58,276
09/01/2020,TYS,TN,ASO,ES,Combined TRACON& Tower with Radar,35,35,86,54,210,0,0,52,5,57,35,35,138,59,267,90,38,128,395
09/02/2020,TYS,TN,ASO,ES,Combined TRACON& Tower with Radar,37,43,84,48,212,0,0,57,6,63,37,43,141,54,275,72,38,110,385
09/03/2020,TYS,TN,ASO,ES,Combined TRACON& Tower with Radar,56,45,85,21,207,0,0,42,13,55,56,45,127,34,262,46,24,70,332
09/04/2020,TYS,TN,ASO,ES,Combined TRACON& Tower with Radar,54,45,84,10,193,0,1,42,5,48,54,46,126,15,241,36,0,36,277
09/05/2020,TYS,TN,ASO,ES,Combined TRACON& Tower with Radar,35,28,26,0,89,0,3,45,0,48,35,31,71,0,137,20,0,20,157
09/06/2020,TYS,TN,ASO,ES,Combined TRACON& Tower with Radar,51,31,38,1,121,0,2,47,6,55,51,33,85,7,176,36,0,36,212
09/07/2020,TYS,TN,ASO,ES,Combined TRACON& Tower with Radar,44,48,56,1,149,0,2,37,0,39,44,50,93,1,188,14,0,14,202
09/08/2020,TYS,TN,ASO,ES,Combined TRACON& Tower with Radar,29,44,69,11,153,0,4,60,10,74,29,48,129,21,227,60,10,70,297
09/09/2020,TYS,TN,ASO,ES,Combined TRACON& Tower with Radar,45,37,62,30,174,0,4,73,15,92,45,41,135,45,266,162,84,246,512
09/10/2020,TYS,TN,ASO,ES,Combined TRACON& Tower with Radar,58,49,87,22,216,0,2,59,9,70,58,51,146,31,286,106,4,110,396
09/11/2020,TYS,TN,ASO,ES,Combined TRACON& Tower with Radar,54,46,78,35,213,0,0,48,14,62,54,46,126,49,275,66,8,74,349
09/12/2020,TYS,TN,ASO,ES,Combined TRACON& Tower with Radar,35,36,19,9,99,0,0,24,4,28,35,36,43,13,127,38,22,60,187
09/13/2020,TYS,TN,ASO,ES,Combined TRACON& Tower with Radar,54,40,51,4,149,0,0,16,7,23,54,40,67,11,172,14,14,28,200
09/14/2020,TYS,TN,ASO,ES,Combined TRACON& Tower with Radar,49,36,89,10,184,0,0,47,13,60,49,36,136,23,244,52,0,52,296
09/15/2020,TYS,TN,ASO,ES,Combined TRACON& Tower with Radar,37,45,83,35,200,0,2,57,10,69,37,47,140,45,269,150,68,218,487
09/16/2020,TYS,TN,ASO,ES,Combined TRACON& Tower with Radar,42,42,72,19,175,0,1,37,5,43,42,43,109,24,218,114,52,166,384
09/17/2020,TYS,TN,ASO,ES,Combined TRACON& Tower with Radar,58,46,72,9,185,0,0,3,6,9,58,46,75,15,194,22,10,32,226
09/18/2020,TYS,TN,ASO,ES,Combined TRACON& Tower with Radar,50,53,74,35,212,0,2,24,5,31,50,55,98,40,243,70,52,122,365
09/19/2020,TYS,TN,ASO,ES,Combined TRACON& Tower with Radar,37,34,45,33,149,0,2,30,5,37,37,36,75,38,186,36,118,154,340
09/20/2020,TYS,TN,ASO,ES,Combined TRACON& Tower with Radar,52,45,69,4,170,0,0,25,8,33,52,45,94,12,203,22,0,22,225
09/21/2020,TYS,TN,ASO,ES,Combined TRACON& Tower with Radar,45,40,54,28,167,0,4,47,22,73,45,44,101,50,240,104,32,136,376
09/22/2020,TYS,TN,ASO,ES,Combined TRACON& Tower with Radar,39,34,61,25,159,0,5,56,16,77,39,39,117,41,236,46,20,66,302
09/23/2020,TYS,TN,ASO,ES,Combined TRACON& Tower with Radar,46,64,79,13,202,0,5,62,24,91,46,69,141,37,293,62,10,72,365
09/24/2020,TYS,TN,ASO,ES,Combined TRACON& Tower with Radar,64,65,104,10,243,0,0,0,0,0,64,65,104,10,243,12,0,12,255
09/25/2020,TYS,TN,ASO,ES,Combined TRACON& Tower with Radar,55,64,74,9,202,0,0,1,0,1,55,64,75,9,203,0,0,0,203
09/26/2020,TYS,TN,ASO,ES,Combined TRACON& Tower with Radar,35,30,68,2,135,0,0,16,2,18,35,30,84,4,153,16,0,16,169
09/27/2020,TYS,TN,ASO,ES,Combined TRACON& Tower with Radar,54,47,84,12,197,0,0,28,0,28,54,47,112,12,225,34,0,34,259
09/28/2020,TYS,TN,ASO,ES,Combined TRACON& Tower with Radar,44,49,75,36,204,0,0,37,2,39,44,49,112,38,243,130,12,142,385
09/29/2020,TYS,TN,ASO,ES,Combined TRACON& Tower with Radar,45,47,99,8,199,0,0,13,0,13,45,47,112,8,212,20,0,20,232
09/30/2020,TYS,TN,ASO,ES,Combined TRACON& Tower with Radar,41,42,108,55,246,0,0,73,4,77,41,42,181,59,323,158,22,180,503
10/01/2020,TYS,TN,ASO,ES,Combined TRACON& Tower with Radar,60,60,107,34,261,0,2,76,8,86,60,62,183,42,347,60,32,92,439
10/02/2020,TYS,TN,ASO,ES,Combined TRACON& Tower with Radar,58,53,68,33,212,0,1,45,3,49,58,54,113,36,261,94,0,94,355
10/03/2020,TYS,TN,ASO,ES,Combined TRACON& Tower with Radar,48,30,60,14,152,0,0,35,2,37,48,30,95,16,189,16,46,62,251
10/04/2020,TYS,TN,ASO,ES,Combined TRACON& Tower with Radar,53,47,74,7,181,0,0,34,1,35,53,47,108,8,216,12,0,12,228
10/05/2020,TYS,TN,ASO,ES,Combined TRACON& Tower with Radar,51,46,79,3,179,0,0,57,0,57,51,46,136,3,236,88,8,96,332
10/06/2020,TYS,TN,ASO,ES,Combined TRACON& Tower with Radar,45,40,74,64,223,0,0,62,3,65,45,40,136,67,288,82,126,208,496
10/07/2020,TYS,TN,ASO,ES,Combined TRACON& Tower with Radar,49,41,92,41,223,0,6,62,4,72,49,47,154,45,295,72,68,140,435
10/08/2020,TYS,TN,ASO,ES,Combined TRACON& Tower with Radar,62,50,84,26,222,0,0,51,0,51,62,50,135,26,273,124,54,178,451
10/09/2020,TYS,TN,ASO,ES,Combined TRACON& Tower with Radar,58,55,100,12,225,0,0,29,1,30,58,55,129,13,255,132,4,136,391
10/10/2020,TYS,TN,ASO,ES,Combined TRACON& Tower with Radar,65,39,39,0,143,0,0,0,0,0,65,39,39,0,143,0,0,0,143
10/11/2020,TYS,TN,ASO,ES,Combined TRACON& Tower with Radar,60,48,70,0,178,0,0,2,0,2,60,48,72,0,180,0,0,0,180
10/12/2020,TYS,TN,ASO,ES,Combined TRACON& Tower with Radar,58,58,86,0,202,0,0,19,0,19,58,58,105,0,221,92,0,92,313
10/13/2020,TYS,TN,ASO,ES,Combined TRACON& Tower with Radar,43,43,68,22,176,0,3,43,0,46,43,46,111,22,222,212,22,234,456
10/14/2020,TYS,TN,ASO,ES,Combined TRACON& Tower with Radar,51,35,98,26,210,0,0,52,0,52,51,35,150,26,262,126,30,156,418
10/15/2020,TYS,TN,ASO,ES,Combined TRACON& Tower with Radar,62,63,104,86,315,0,0,36,16,52,62,63,140,102,367,16,62,78,445
10/16/2020,TYS,TN,ASO,ES,Combined TRACON& Tower with Radar,57,51,93,22,223,0,4,21,13,38,57,55,114,35,261,178,48,226,487
10/17/2020,TYS,TN,ASO,ES,Combined TRACON& Tower with Radar,51,40,63,5,159,0,4,35,15,54,51,44,98,20,213,22,22,44,257
10/18/2020,TYS,TN,ASO,ES,Combined TRACON& Tower with Radar,63,46,57,2,168,0,0,30,1,31,63,46,87,3,199,16,0,16,215
10/19/2020,TYS,TN,ASO,ES,Combined TRACON& Tower with Radar,52,51,83,21,207,0,0,55,3,58,52,51,138,24,265,182,12,194,459
10/20/2020,TYS,TN,ASO,ES,Combined TRACON& Tower with Radar,47,33,108,31,219,0,0,63,11,74,47,33,171,42,293,98,34,132,425
10/21/2020,TYS,TN,ASO,ES,Combined TRACON& Tower with Radar,50,35,104,19,208,0,2,65,6,73,50,37,169,25,281,84,22,106,387
10/22/2020,TYS,TN,ASO,ES,Combined TRACON& Tower with Radar,63,56,109,55,283,0,2,55,16,73,63,58,164,71,356,96,36,132,488
10/23/2020,TYS,TN,ASO,ES,Combined TRACON& Tower with Radar,60,54,88,69,271,0,0,48,2,50,60,54,136,71,321,18,10,28,349
10/24/2020,TYS,TN,ASO,ES,Combined TRACON& Tower with Radar,42,49,86,1,178,0,0,8,1,9,42,49,94,2,187,20,0,20,207
10/25/2020,TYS,TN,ASO,ES,Combined TRACON& Tower with Radar,53,61,104,2,220,0,0,10,2,12,53,61,114,4,232,6,0,6,238
10/26/2020,TYS,TN,ASO,ES,Combined TRACON& Tower with Radar,51,54,71,35,211,0,0,21,1,22,51,54,92,36,233,156,22,178,411
10/27/2020,TYS,TN,ASO,ES,Combined TRACON& Tower with Radar,40,47,75,44,206,0,0,24,4,28,40,47,99,48,234,74,18,92,326
10/28/2020,TYS,TN,ASO,ES,Combined TRACON& Tower with Radar,47,42,79,10,178,0,0,0,2,2,47,42,79,12,180,0,0,0,180
10/29/2020,TYS,TN,ASO,ES,Combined TRACON& Tower with Radar,59,52,69,36,216,0,0,8,8,16,59,52,77,44,232,12,38,50,282
10/30/2020,TYS,TN,ASO,ES,Combined TRACON& Tower with Radar,59,46,99,9,213,0,0,39,12,51,59,46,138,21,264,26,0,26,290
10/31/2020,TYS,TN,ASO,ES,Combined TRACON& Tower with Radar,36,27,34,0,97,0,4,47,2,53,36,31,81,2,150,40,0,40,190
11/01/2020,TYS,TN,ASO,ES,Combined TRACON& Tower with Radar,51,42,48,0,141,0,0,16,0,16,51,42,64,0,157,0,0,0,157
11/02/2020,TYS,TN,ASO,ES,Combined TRACON& Tower with Radar,52,42,68,16,178,0,3,64,4,71,52,45,132,20,249,62,26,88,337
11/03/2020,TYS,TN,ASO,ES,Combined TRACON& Tower with Radar,37,32,43,37,149,0,6,71,20,97,37,38,114,57,246,50,52,102,348
11/04/2020,TYS,TN,ASO,ES,Combined TRACON& Tower with Radar,36,31,85,9,161,0,6,88,6,100,36,37,173,15,261,58,48,106,367
11/05/2020,TYS,TN,ASO,ES,Combined TRACON& Tower with Radar,65,42,71,21,199,0,0,46,10,56,65,42,117,31,255,102,50,152,407
11/06/2020,TYS,TN,ASO,ES,Combined TRACON& Tower with Radar,59,44,93,29,225,0,2,57,16,75,59,46,150,45,300,72,0,72,372
11/07/2020,TYS,TN,ASO,ES,Combined TRACON& Tower with Radar,47,26,40,0,113,0,1,31,10,42,47,27,71,10,155,12,0,12,167
11/08/2020,TYS,TN,ASO,ES,Combined TRACON& Tower with Radar,58,36,59,0,153,0,0,21,7,28,58,36,80,7,181,42,0,42,223
11/09/2020,TYS,TN,ASO,ES,Combined TRACON& Tower with Radar,51,47,77,36,211,0,3,66,9,78,51,50,143,45,289,8,64,72,361
11/10/2020,TYS,TN,ASO,ES,Combined TRACON& Tower with Radar,44,36,87,45,212,0,0,58,2,60,44,36,145,47,272,46,42,88,360
11/11/2020,TYS,TN,ASO,ES,Combined TRACON& Tower with Radar,42,39,99,0,180,0,0,5,0,5,42,39,104,0,185,18,0,18,203
11/12/2020,TYS,TN,ASO,ES,Combined TRACON& Tower with Radar,62,63,111,41,277,0,0,8,3,11,62,63,119,44,288,16,0,16,304
11/13/2020,TYS,TN,ASO,ES,Combined TRACON& Tower with Radar,55,39,72,54,220,0,4,53,7,64,55,43,125,61,284,100,8,108,392
11/14/2020,TYS,TN,ASO,ES,Combined TRACON& Tower with Radar,43,31,36,8,118,0,0,51,0,51,43,31,87,8,169,18,0,18,187
11/15/2020,TYS,TN,ASO,ES,Combined TRACON& Tower with Radar,61,37,56,8,162,0,0,16,0,16,61,37,72,8,178,34,0,34,212
11/16/2020,TYS,TN,ASO,ES,Combined TRACON& Tower with Radar,49,52,60,12,173,0,1,53,4,58,49,53,113,16,231,66,14,80,311
11/17/2020,TYS,TN,ASO,ES,Combined TRACON& Tower with Radar,45,35,78,43,201,0,1,69,13,83,45,36,147,56,284,98,46,144,428
11/18/2020,TYS,TN,ASO,ES,Combined TRACON& Tower with Radar,41,61,78,45,225,0,1,56,0,57,41,62,134,45,282,62,6,68,350
11/19/2020,TYS,TN,ASO,ES,Combined TRACON& Tower with Radar,62,43,93,48,246,0,2,73,14,89,62,45,166,62,335,94,48,142,477
11/20/2020,TYS,TN,ASO,ES,Combined TRACON& Tower with Radar,68,53,87,46,254,0,0,58,13,71,68,53,145,59,325,44,24,68,393
11/21/2020,TYS,TN,ASO,ES,Combined TRACON& Tower with Radar,45,28,51,1,125,0,2,41,8,51,45,30,92,9,176,48,0,48,224
11/22/2020,TYS,TN,ASO,ES,Combined TRACON& Tower with Radar,63,42,65,9,179,0,0,30,1,31,63,42,95,10,210,90,0,90,300
11/23/2020,TYS,TN,ASO,ES,Combined TRACON& Tower with Radar,53,36,65,40,194,0,1,60,2,63,53,37,125,42,257,80,24,104,361
11/24/2020,TYS,TN,ASO,ES,Combined TRACON& Tower with Radar,61,44,89,22,216,0,1,63,4,68,61,45,152,26,284,170,42,212,496
11/25/2020,TYS,TN,ASO,ES,Combined TRACON& Tower with Radar,72,41,75,16,204,0,0,18,1,19,72,41,93,17,223,30,14,44,267
11/26/2020,TYS,TN,ASO,ES,Combined TRACON& Tower with Radar,20,16,20,0,56,0,0,7,0,7,20,16,27,0,63,8,0,8,71
11/27/2020,TYS,TN,ASO,ES,Combined TRACON& Tower with Radar,51,26,35,0,112,0,0,41,0,41,51,26,76,0,153,42,0,42,195
11/28/2020,TYS,TN,ASO,ES,Combined TRACON& Tower with Radar,54,45,61,2,162,0,0,32,0,32,54,45,93,2,194,50,0,50,244
11/29/2020,TYS,TN,ASO,ES,Combined TRACON& Tower with Radar,63,45,96,0,204,0,0,29,0,29,63,45,125,0,233,20,0,20,253
11/30/2020,TYS,TN,ASO,ES,Combined TRACON& Tower with Radar,56,30,39,0,125,0,0,5,0,5,56,30,44,0,130,0,0,0,130
12/01/2020,TYS,TN,ASO,ES,Combined TRACON& Tower with Radar,52,33,63,32,180,0,0,25,8,33,52,33,88,40,213,26,12,38,251
12/02/2020,TYS,TN,ASO,ES,Combined TRACON& Tower with Radar,43,36,73,22,174,0,4,68,8,80,43,40,141,30,254,26,18,44,298
12/03/2020,TYS,TN,ASO,ES,Combined TRACON& Tower with Radar,60,34,75,66,235,0,2,58,18,78,60,36,133,84,313,96,42,138,451
12/04/2020,TYS,TN,ASO,ES,Combined TRACON& Tower with Radar,55,34,59,7,155,0,0,6,0,6,55,34,65,7,161,0,84,84,245
12/05/2020,TYS,TN,ASO,ES,Combined TRACON& Tower with Radar,40,34,45,6,125,0,2,32,5,39,40,36,77,11,164,74,0,74,238
12/06/2020,TYS,TN,ASO,ES,Combined TRACON& Tower with Radar,52,36,58,7,153,0,3,26,0,29,52,39,84,7,182,88,0,88,270
12/07/2020,TYS,TN,ASO,ES,Combined TRACON& Tower with Radar,53,33,72,3,161,0,0,5,0,5,53,33,77,3,166,46,0,46,212
12/08/2020,TYS,TN,ASO,ES,Combined TRACON& Tower with Radar,45,31,63,49,188,0,0,63,12,75,45,31,126,61,263,114,70,184,447
12/09/2020,TYS,TN,ASO,ES,Combined TRACON& Tower with Radar,45,44,78,59,226,0,2,75,10,87,45,46,153,69,313,34,14,48,361
12/10/2020,TYS,TN,ASO,ES,Combined TRACON& Tower with Radar,67,45,83,27,222,0,3,58,5,66,67,48,141,32,288,48,30,78,366
12/11/2020,TYS,TN,ASO,ES,Combined TRACON& Tower with Radar,54,39,89,56,238,0,2,51,1,54,54,41,140,57,292,34,6,40,332
12/12/2020,TYS,TN,ASO,ES,Combined TRACON& Tower with Radar,38,26,33,0,97,0,0,8,0,8,38,26,41,0,105,10,0,10,115
12/13/2020,TYS,TN,ASO,ES,Combined TRACON& Tower with Radar,55,37,69,0,161,0,0,29,0,29,55,37,98,0,190,0,0,0,190
12/14/2020,TYS,TN,ASO,ES,Combined TRACON& Tower with Radar,51,30,57,0,138,0,0,2,0,2,51,30,59,0,140,78,0,78,218
12/15/2020,TYS,TN,ASO,ES,Combined TRACON& Tower with Radar,44,32,80,47,203,0,2,42,6,50,44,34,122,53,253,82,44,126,379
12/16/2020,TYS,TN,ASO,ES,Combined TRACON& Tower with Radar,45,25,83,14,167,0,0,6,0,6,45,25,89,14,173,36,0,36,209
12/17/2020,TYS,TN,ASO,ES,Combined TRACON& Tower with Radar,66,34,71,31,202,0,0,9,3,12,66,34,80,34,214,8,78,86,300
12/18/2020,TYS,TN,ASO,ES,Combined TRACON& Tower with Radar,63,47,84,20,214,0,0,60,5,65,63,47,144,25,279,42,12,54,333
12/19/2020,TYS,TN,ASO,ES,Combined TRACON& Tower with Radar,56,45,50,0,151,0,2,44,1,47,56,47,94,1,198,20,0,20,218
12/20/2020,TYS,TN,ASO,ES,Combined TRACON& Tower with Radar,64,30,62,6,162,0,0,7,0,7,64,30,69,6,169,28,0,28,197
12/21/2020,TYS,TN,ASO,ES,Combined TRACON& Tower with Radar,62,35,56,5,158,0,0,31,0,31,62,35,87,5,189,34,0,34,223
12/22/2020,TYS,TN,ASO,ES,Combined TRACON& Tower with Radar,64,38,69,15,186,0,0,57,6,63,64,38,126,21,249,59,14,73,322
12/23/2020,TYS,TN,ASO,ES,Combined TRACON& Tower with Radar,65,31,82,6,184,0,0,60,0,60,65,31,142,6,244,36,10,46,290
12/24/2020,TYS,TN,ASO,ES,Combined TRACON& Tower with Radar,59,19,13,0,91,0,0,0,0,0,59,19,13,0,91,0,0,0,91
12/25/2020,TYS,TN,ASO,ES,Combined TRACON& Tower with Radar,27,18,12,0,57,0,0,2,0,2,27,18,14,0,59,0,0,0,59
12/26/2020,TYS,TN,ASO,ES,Combined TRACON& Tower with Radar,57,39,56,0,152,0,0,21,0,21,57,39,77,0,173,18,0,18,191
12/27/2020,TYS,TN,ASO,ES,Combined TRACON& Tower with Radar,58,38,52,0,148,0,0,43,0,43,58,38,95,0,191,60,0,60,251
12/28/2020,TYS,TN,ASO,ES,Combined TRACON& Tower with Radar,56,34,55,0,145,0,0,20,0,20,56,34,75,0,165,56,0,56,221
12/29/2020,TYS,TN,ASO,ES,Combined TRACON& Tower with Radar,68,31,54,30,183,0,0,54,0,54,68,31,108,30,237,26,20,46,283
12/30/2020,TYS,TN,ASO,ES,Combined TRACON& Tower with Radar,58,37,75,24,194,0,0,45,0,45,58,37,120,24,239,54,0,54,293
12/31/2020,TYS,TN,ASO,ES,Combined TRACON& Tower with Radar,55,26,19,0,100,0,0,0,0,0,55,26,19,0,100,0,0,0,100
01/01/2021,TYS,TN,ASO,ES,Combined TRACON& Tower with Radar,40,22,8,0,70,0,0,0,0,0,40,22,8,0,70,0,0,0,70
01/02/2021,TYS,TN,ASO,ES,Combined TRACON& Tower with Radar,56,35,42,0,133,0,0,29,0,29,56,35,71,0,162,26,0,26,188
01/03/2021,TYS,TN,ASO,ES,Combined TRACON& Tower with Radar,62,35,58,0,155,0,0,14,0,14,62,35,72,0,169,22,0,22,191
01/04/2021,TYS,TN,ASO,ES,Combined TRACON& Tower with Radar,49,35,50,58,192,0,1,54,2,57,49,36,104,60,249,144,10,154,403
01/05/2021,TYS,TN,ASO,ES,Combined TRACON& Tower with Radar,50,27,51,22,150,0,0,38,0,38,50,27,89,22,188,0,0,0,188
01/06/2021,TYS,TN,ASO,ES,Combined TRACON& Tower with Radar,49,34,67,58,208,0,0,72,4,76,49,34,139,62,284,108,96,204,488
01/07/2021,TYS,TN,ASO,ES,Combined TRACON& Tower with Radar,62,33,65,45,205,0,0,22,11,33,62,33,87,56,238,74,70,144,382
01/08/2021,TYS,TN,ASO,ES,Combined TRACON& Tower with Radar,65,28,36,5,134,0,0,0,0,0,65,28,36,5,134,0,0,0,134
01/09/2021,TYS,TN,ASO,ES,Combined TRACON& Tower with Radar,43,22,27,1,93,0,0,5,0,5,43,22,32,1,98,0,0,0,98
01/10/2021,TYS,TN,ASO,ES,Combined TRACON& Tower with Radar,56,26,53,8,143,0,0,40,2,42,56,26,93,10,185,34,0,34,219
01/11/2021,TYS,TN,ASO,ES,Combined TRACON& Tower with Radar,56,31,35,0,122,0,1,3,0,4,56,32,38,0,126,0,0,0,126
01/12/2021,TYS,TN,ASO,ES,Combined TRACON& Tower with Radar,49,31,49,10,139,0,0,15,4,19,49,31,64,14,158,42,32,74,232
01/13/2021,TYS,TN,ASO,ES,Combined TRACON& Tower with Radar,45,42,90,37,214,0,0,5,0,5,45,42,95,37,219,26,28,54,273
01/14/2021,TYS,TN,ASO,ES,Combined TRACON& Tower with Radar,62,39,51,12,164,0,0,39,10,49,62,39,90,22,213,98,14,112,325
01/15/2021,TYS,TN,ASO,ES,Combined TRACON& Tower with Radar,60,37,77,27,201,0,0,19,0,19,60,37,96,27,220,48,44,92,312
01/16/2021,TYS,TN,ASO,ES,Combined TRACON& Tower with Radar,39,27,39,8,113,0,0,2,0,2,39,27,41,8,115,48,0,48,163
01/17/2021,TYS,TN,ASO,ES,Combined TRACON& Tower with Radar,51,24,31,8,114,0,0,17,2,19,51,24,48,10,133,40,0,40,173
01/18/2021,TYS,TN,ASO,ES,Combined TRACON& Tower with Radar,56,29,64,1,150,0,3,50,1,54,56,32,114,2,204,86,0,86,290
01/19/2021,TYS,TN,ASO,ES,Combined TRACON& Tower with Radar,45,31,56,45,177,0,1,47,2,50,45,32,103,47,227,38,50,88,315
01/20/2021,TYS,TN,ASO,ES,Combined TRACON& Tower with Radar,47,25,83,36,191,0,0,65,3,68,47,25,148,39,259,30,28,58,317
01/21/2021,TYS,TN,ASO,ES,Combined TRACON& Tower with Radar,61,28,72,2,163,0,0,1,0,1,61,28,73,2,164,0,58,58,222
01/22/2021,TYS,TN,ASO,ES,Combined TRACON& Tower with Radar,59,26,79,79,243,0,2,52,8,62,59,28,131,87,305,30,0,30,335
01/23/2021,TYS,TN,ASO,ES,Combined TRACON& Tower with Radar,36,21,50,26,133,0,0,59,19,78,36,21,109,45,211,34,116,150,361
01/24/2021,TYS,TN,ASO,ES,Combined TRACON& Tower with Radar,53,24,37,27,141,0,0,19,1,20,53,24,56,28,161,0,0,0,161
01/25/2021,TYS,TN,ASO,ES,Combined TRACON& Tower with Radar,55,25,50,6,136,0,0,0,0,0,55,25,50,6,136,0,0,0,136
01/26/2021,TYS,TN,ASO,ES,Combined TRACON& Tower with Radar,46,19,79,38,182,0,0,64,5,69,46,19,143,43,251,24,66,90,341
01/27/2021,TYS,TN,ASO,ES,Combined TRACON& Tower with Radar,49,32,76,20,177,0,0,43,3,46,49,32,119,23,223,0,0,0,223
01/28/2021,TYS,TN,ASO,ES,Combined TRACON& Tower with Radar,59,32,73,9,173,0,2,32,4,38,59,34,105,13,211,36,0,36,247
01/29/2021,TYS,TN,ASO,ES,Combined TRACON& Tower with Radar,61,29,78,15,183,0,1,58,2,61,61,30,136,17,244,66,14,80,324
01/30/2021,TYS,TN,ASO,ES,Combined TRACON& Tower with Radar,38,22,46,0,106,0,0,15,0,15,38,22,61,0,121,92,0,92,213
01/31/2021,TYS,TN,ASO,ES,Combined TRACON& Tower with Radar,71,27,53,0,151,0,0,0,0,0,71,27,53,0,151,0,0,0,151
02/01/2021,TYS,TN,ASO,ES,Combined TRACON& Tower with Radar,59,17,35,5,116,0,0,0,0,0,59,17,35,5,116,0,0,0,116
02/02/2021,TYS,TN,ASO,ES,Combined TRACON& Tower with Radar,46,22,65,20,153,0,0,46,2,48,46,22,111,22,201,30,16,46,247
02/03/2021,TYS,TN,ASO,ES,Combined TRACON& Tower with Radar,50,23,71,46,190,0,0,67,6,73,50,23,138,52,263,110,28,138,401
02/04/2021,TYS,TN,ASO,ES,Combined TRACON& Tower with Radar,64,22,79,28,193,0,0,36,5,41,64,22,115,33,234,68,50,118,352
02/05/2021,TYS,TN,ASO,ES,Combined TRACON& Tower with Radar,60,37,96,40,233,0,2,42,15,59,60,39,138,55,292,60,38,98,390
02/06/2021,TYS,TN,ASO,ES,Combined TRACON& Tower with Radar,36,25,38,1,100,0,0,35,4,39,36,25,73,5,139,18,0,18,157
02/07/2021,TYS,TN,ASO,ES,Combined TRACON& Tower with Radar,53,21,34,1,109,0,0,5,0,5,53,21,39,1,114,42,0,42,156
02/08/2021,TYS,TN,ASO,ES,Combined TRACON& Tower with Radar,58,41,75,29,203,0,0,57,8,65,58,41,132,37,268,40,56,96,364
02/09/2021,TYS,TN,ASO,ES,Combined TRACON& Tower with Radar,46,28,44,36,154,0,0,40,13,53,46,28,84,49,207,62,84,146,353
02/10/2021,TYS,TN,ASO,ES,Combined TRACON& Tower with Radar,50,33,77,74,234,0,1,60,11,72,50,34,137,85,306,138,30,168,474
02/11/2021,TYS,TN,ASO,ES,Combined TRACON& Tower with Radar,65,42,49,0,156,0,0,0,0,0,65,42,49,0,156,0,0,0,156
02/12/2021,TYS,TN,ASO,ES,Combined TRACON& Tower with Radar,66,37,43,10,156,0,0,3,0,3,66,37,46,10,159,0,0,0,159
02/13/2021,TYS,TN,ASO,ES,Combined TRACON& Tower with Radar,47,34,29,0,110,0,0,1,0,1,47,34,30,0,111,0,0,0,111
02/14/2021,TYS,TN,ASO,ES,Combined TRACON& Tower with Radar,54,24,47,0,125,0,0,1,0,1,54,24,48,0,126,0,0,0,126
02/15/2021,TYS,TN,ASO,ES,Combined TRACON& Tower with Radar,55,24,36,0,115,0,0,4,0,4,55,24,40,0,119,0,0,0,119
02/16/2021,TYS,TN,ASO,ES,Combined TRACON& Tower with Radar,41,26,47,4,118,0,0,10,0,10,41,26,57,4,128,8,38,46,174
02/17/2021,TYS,TN,ASO,ES,Combined TRACON& Tower with Radar,39,22,76,20,157,0,0,73,0,73,39,22,149,20,230,56,46,102,332
02/18/2021,TYS,TN,ASO,ES,Combined TRACON& Tower with Radar,58,16,33,19,126,0,0,0,0,0,58,16,33,19,126,0,0,0,126
02/19/2021,TYS,TN,ASO,ES,Combined TRACON& Tower with Radar,58,36,67,11,172,0,0,45,13,58,58,36,112,24,230,68,0,68,298
02/20/2021,TYS,TN,ASO,ES,Combined TRACON& Tower with Radar,42,20,45,0,107,0,4,69,14,87,42,24,114,14,194,174,18,192,386
02/21/2021,TYS,TN,ASO,ES,Combined TRACON& Tower with Radar,58,30,52,5,145,0,0,46,2,48,58,30,98,7,193,24,0,24,217
02/22/2021,TYS,TN,ASO,ES,Combined TRACON& Tower with Radar,65,28,59,5,157,0,0,18,1,19,65,28,77,6,176,60,0,60,236
02/23/2021,TYS,TN,ASO,ES,Combined TRACON& Tower with Radar,50,32,79,35,196,0,6,86,2,94,50,38,165,37,290,128,36,164,454
02/24/2021,TYS,TN,ASO,ES,Combined TRACON& Tower with Radar,54,29,68,59,210,0,1,76,6,83,54,30,144,65,293,136,114,250,543
02/25/2021,TYS,TN,ASO,ES,Combined TRACON& Tower with Radar,67,32,87,2,188,0,3,63,12,78,67,35,150,14,266,158,0,158,424
02/26/2021,TYS,TN,ASO,ES,Combined TRACON& Tower with Radar,71,41,76,12,200,0,0,1,0,1,71,41,77,12,201,14,0,14,215
02/27/2021,TYS,TN,ASO,ES,Combined TRACON& Tower with Radar,46,33,41,4,124,0,0,0,0,0,46,33,41,4,124,0,0,0,124
02/28/2021,TYS,TN,ASO,ES,Combined TRACON& Tower with Radar,68,26,56,9,159,0,0,3,0,3,68,26,59,9,162,10,0,10,172
03/01/2021,TYS,TN,ASO,ES,Combined TRACON& Tower with Radar,68,28,59,22,177,0,4,20,0,24,68,32,79,22,201,10,0,10,211
03/02/2021,TYS,TN,ASO,ES,Combined TRACON& Tower with Radar,49,20,69,36,174,0,3,67,11,81,49,23,136,47,255,62,30,92,347
03/03/2021,TYS,TN,ASO,ES,Combined TRACON& Tower with Radar,54,27,78,37,196,0,0,72,6,78,54,27,150,43,274,156,20,176,450
03/04/2021,TYS,TN,ASO,ES,Combined TRACON& Tower with Radar,81,36,107,1,225,0,0,57,13,70,81,36,164,14,295,180,6,186,481
03/05/2021,TYS,TN,ASO,ES,Combined TRACON& Tower with Radar,80,33,72,26,211,0,1,41,12,54,80,34,113,38,265,222,12,234,499
03/06/2021,TYS,TN,ASO,ES,Combined TRACON& Tower with Radar,65,29,41,23,158,0,2,60,0,62,65,31,101,23,220,152,36,188,408
03/07/2021,TYS,TN,ASO,ES,Combined TRACON& Tower with Radar,73,30,62,6,171,0,0,40,2,42,73,30,102,8,213,54,0,54,267
03/08/2021,TYS,TN,ASO,ES,Combined TRACON& Tower with Radar,75,31,55,8,169,0,0,58,3,61,75,31,113,11,230,160,0,160,390
03/09/2021,TYS,TN,ASO,ES,Combined TRACON& Tower with Radar,66,24,56,28,174,0,0,63,21,84,66,24,119,49,258,160,54,214,472
03/10/2021,TYS,TN,ASO,ES,Combined TRACON& Tower with Radar,64,30,72,65,231,0,3,62,6,71,64,33,134,71,302,202,36,238,540
03/11/2021,TYS,TN,ASO,ES,Combined TRACON& Tower with Radar,84,55,70,50,259,0,2,44,11,57,84,57,114,61,316,118,64,182,498
03/12/2021,TYS,TN,ASO,ES,Combined TRACON& Tower with Radar,80,49,88,12,229,0,0,29,0,29,80,49,117,12,258,106,0,106,364
03/13/2021,TYS,TN,ASO,ES,Combined TRACON& Tower with Radar,64,38,58,0,160,0,0,16,0,16,64,38,74,0,176,22,0,22,198
03/14/2021,TYS,TN,ASO,ES,Combined TRACON& Tower with Radar,69,46,59,0,174,0,0,16,0,16,69,46,75,0,190,96,0,96,286
03/15/2021,TYS,TN,ASO,ES,Combined TRACON& Tower with Radar,68,32,47,2,149,0,1,41,0,42,68,33,88,2,191,132,0,132,323
03/16/2021,TYS,TN,ASO,ES,Combined TRACON& Tower with Radar,66,46,100,17,229,0,0,13,0,13,66,46,113,17,242,40,0,40,282
03/17/2021,TYS,TN,ASO,ES,Combined TRACON& Tower with Radar,65,28,72,0,165,0,0,3,0,3,65,28,75,0,168,0,0,0,168
03/18/2021,TYS,TN,ASO,ES,Combined TRACON& Tower with Radar,93,51,69,30,243,0,0,17,13,30,93,51,86,43,273,14,54,68,341
03/19/2021,TYS,TN,ASO,ES,Combined TRACON& Tower with Radar,82,66,105,10,263,0,0,15,6,21,82,66,120,16,284,36,12,48,332
03/20/2021,TYS,TN,ASO,ES,Combined TRACON& Tower with Radar,65,29,42,7,143,0,4,74,8,86,65,33,116,15,229,44,0,44,273
03/21/2021,TYS,TN,ASO,ES,Combined TRACON& Tower with Radar,72,37,66,22,197,0,0,54,4,58,72,37,120,26,255,22,0,22,277
03/22/2021,TYS,TN,ASO,ES,Combined TRACON& Tower with Radar,71,29,72,22,194,0,2,67,0,69,71,31,139,22,263,58,24,82,345
03/23/2021,TYS,TN,ASO,ES,Combined TRACON& Tower with Radar,69,26,69,38,202,0,0,49,12,61,69,26,118,50,263,132,40,172,435
03/24/2021,TYS,TN,ASO,ES,Combined TRACON& Tower with Radar,66,36,103,48,253,0,0,52,7,59,66,36,155,55,312,188,46,234,546
03/25/2021,TYS,TN,ASO,ES,Combined TRACON& Tower with Radar,84,34,63,0,181,0,0,4,0,4,84,34,67,0,185,0,0,0,185
03/26/2021,TYS,TN,ASO,ES,Combined TRACON& Tower with Radar,77,49,116,54,296,0,0,63,5,68,77,49,179,59,364,120,32,152,516
03/27/2021,TYS,TN,ASO,ES,Combined TRACON& Tower with Radar,62,23,24,0,109,0,0,3,0,3,62,23,27,0,112,0,0,0,112
03/28/2021,TYS,TN,ASO,ES,Combined TRACON& Tower with Radar,99,45,70,10,224,0,0,8,0,8,99,45,78,10,232,0,6,6,238
03/29/2021,TYS,TN,ASO,ES,Combined TRACON& Tower with Radar,78,39,67,47,231,0,2,62,1,65,78,41,129,48,296,86,28,114,410
03/30/2021,TYS,TN,ASO,ES,Combined TRACON& Tower with Radar,65,41,80,43,229,0,0,59,1,60,65,41,139,44,289,114,56,170,459
03/31/2021,TYS,TN,ASO,ES,Combined TRACON& Tower with Radar,66,34,74,2,176,0,0,0,0,0,66,34,74,2,176,0,16,16,192
04/01/2021,TYS,TN,ASO,ES,Combined TRACON& Tower with Radar,81,54,104,29,268,0,2,49,13,64,81,56,153,42,332,24,10,34,366
04/02/2021,TYS,TN,ASO,ES,Combined TRACON& Tower with Radar,78,47,63,7,195,0,2,50,4,56,78,49,113,11,251,52,0,52,303
04/03/2021,TYS,TN,ASO,ES,Combined TRACON& Tower with Radar,57,37,35,0,129,0,4,48,0,52,57,41,83,0,181,72,0,72,253
04/04/2021,TYS,TN,ASO,ES,Combined TRACON& Tower with Radar,66,41,37,1,145,0,5,29,0,34,66,46,66,1,179,46,0,46,225
04/05/2021,TYS,TN,ASO,ES,Combined TRACON& Tower with Radar,72,49,81,1,203,0,4,47,1,52,72,53,128,2,255,20,0,20,275
04/06/2021,TYS,TN,ASO,ES,Combined TRACON& Tower with Radar,62,43,58,41,204,0,3,53,5,61,62,46,111,46,265,30,18,48,313
04/07/2021,TYS,TN,ASO,ES,Combined TRACON& Tower with Radar,62,38,79,50,229,0,4,65,4,73,62,42,144,54,302,74,58,132,434
04/08/2021,TYS,TN,ASO,ES,Combined TRACON& Tower with Radar,79,49,109,24,261,0,0,15,6,21,79,49,124,30,282,0,12,12,294
04/09/2021,TYS,TN,ASO,ES,Combined TRACON& Tower with Radar,75,57,77,27,236,0,4,62,14,80,75,61,139,41,316,68,8,76,392
04/10/2021,TYS,TN,ASO,ES,Combined TRACON& Tower with Radar,58,41,35,9,143,0,0,2,0,2,58,41,37,9,145,0,0,0,145
04/11/2021,TYS,TN,ASO,ES,Combined TRACON& Tower with Radar,67,53,73,5,198,0,2,37,3,42,67,55,110,8,240,10,0,10,250
04/12/2021,TYS,TN,ASO,ES,Combined TRACON& Tower with Radar,70,44,77,45,236,0,8,48,6,62,70,52,125,51,298,104,26,130,428
04/13/2021,TYS,TN,ASO,ES,Combined TRACON& Tower with Radar,67,47,92,46,252,0,10,64,9,83,67,57,156,55,335,96,62,158,493
04/14/2021,TYS,TN,ASO,ES,Combined TRACON& Tower with Radar,62,50,77,52,241,0,0,36,3,39,62,50,113,55,280,112,24,136,416
04/15/2021,TYS,TN,ASO,ES,Combined TRACON& Tower with Radar,74,77,81,81,313,0,5,39,15,59,74,82,120,96,372,98,120,218,590
04/16/2021,TYS,TN,ASO,ES,Combined TRACON& Tower with Radar,74,57,80,24,235,0,4,67,6,77,74,61,147,30,312,112,32,144,456
04/17/2021,TYS,TN,ASO,ES,Combined TRACON& Tower with Radar,57,38,49,6,150,0,0,34,0,34,57,38,83,6,184,62,0,62,246
04/18/2021,TYS,TN,ASO,ES,Combined TRACON& Tower with Radar,67,58,57,21,203,0,0,29,6,35,67,58,86,27,238,12,0,12,250
04/19/2021,TYS,TN,ASO,ES,Combined TRACON& Tower with Radar,73,58,78,10,219,0,3,54,2,59,73,61,132,12,278,88,0,88,366
04/20/2021,TYS,TN,ASO,ES,Combined TRACON& Tower with Radar,55,49,79,25,208,0,0,70,19,89,55,49,149,44,297,30,14,44,341
04/21/2021,TYS,TN,ASO,ES,Combined TRACON& Tower with Radar,60,37,81,36,214,0,2,11,3,16,60,39,92,39,230,22,36,58,288
04/22/2021,TYS,TN,ASO,ES,Combined TRACON& Tower with Radar,74,71,91,23,259,0,1,62,2,65,74,72,153,25,324,62,40,102,426
04/23/2021,TYS,TN,ASO,ES,Combined TRACON& Tower with Radar,73,56,77,11,217,0,2,51,0,53,73,58,128,11,270,108,10,118,388
04/24/2021,TYS,TN,ASO,ES,Combined TRACON& Tower with Radar,64,32,14,4,114,0,0,2,0,2,64,32,16,4,116,0,0,0,116
04/25/2021,TYS,TN,ASO,ES,Combined TRACON& Tower with Radar,66,49,97,1,213,0,0,22,2,24,66,49,119,3,237,64,0,64,301
04/26/2021,TYS,TN,ASO,ES,Combined TRACON& Tower with Radar,70,66,74,8,218,0,3,78,0,81,70,69,152,8,299,90,18,108,407
04/27/2021,TYS,TN,ASO,ES,Combined TRACON& Tower with Radar,55,56,75,37,223,0,2,58,2,62,55,58,133,39,285,88,20,108,393
04/28/2021,TYS,TN,ASO,ES,Combined TRACON& Tower with Radar,60,54,106,36,256,0,2,38,5,45,60,56,144,41,301,72,10,82,383
04/29/2021,TYS,TN,ASO,ES,Combined TRACON& Tower with Radar,74,55,95,25,249,0,1,22,12,35,74,56,117,37,284,22,18,40,324
04/30/2021,TYS,TN,ASO,ES,Combined TRACON& Tower with Radar,74,57,82,45,258,0,0,48,17,65,74,57,130,62,323,22,46,68,391
05/01/2021,TYS,TN,ASO,ES,Combined TRACON& Tower with Radar,58,45,51,7,161,0,1,43,7,51,58,46,94,14,212,48,16,64,276
05/02/2021,TYS,TN,ASO,ES,Combined TRACON& Tower with Radar,65,52,58,16,191,0,2,27,0,29,65,54,85,16,220,64,0,64,284
05/03/2021,TYS,TN,ASO,ES,Combined TRACON& Tower with Radar,72,39,53,2,166,0,0,3,0,3,72,39,56,2,169,0,0,0,169
05/04/2021,TYS,TN,ASO,ES,Combined TRACON& Tower with Radar,59,44,37,15,155,0,0,4,8,12,59,44,41,23,167,6,70,76,243
05/05/2021,TYS,TN,ASO,ES,Combined TRACON& Tower with Radar,66,44,128,49,287,0,0,22,4,26,66,44,150,53,313,92,12,104,417
05/06/2021,TYS,TN,ASO,ES,Combined TRACON& Tower with Radar,78,49,106,18,251,0,0,73,13,86,78,49,179,31,337,134,30,164,501
05/07/2021,TYS,TN,ASO,ES,Combined TRACON& Tower with Radar,85,58,130,24,297,0,4,48,9,61,85,62,178,33,358,14,6,20,378
05/08/2021,TYS,TN,ASO,ES,Combined TRACON& Tower with Radar,56,33,48,0,137,0,2,27,0,29,56,35,75,0,166,42,0,42,208
05/09/2021,TYS,TN,ASO,ES,Combined TRACON& Tower with Radar,71,49,68,14,202,0,0,16,4,20,71,49,84,18,222,16,0,16,238
05/10/2021,TYS,TN,ASO,ES,Combined TRACON& Tower with Radar,76,50,88,21,235,0,0,5,0,5,76,50,93,21,240,0,0,0,240
05/11/2021,TYS,TN,ASO,ES,Combined TRACON& Tower with Radar,63,32,95,41,231,0,0,58,8,66,63,32,153,49,297,16,34,50,347
05/12/2021,TYS,TN,ASO,ES,Combined TRACON& Tower with Radar,66,41,98,24,229,0,1,46,1,48,66,42,144,25,277,34,34,68,345
05/13/2021,TYS,TN,ASO,ES,Combined TRACON& Tower with Radar,85,57,105,14,261,0,0,52,16,68,85,57,157,30,329,102,0,102,431
05/14/2021,TYS,TN,ASO,ES,Combined TRACON& Tower with Radar,80,64,91,34,269,0,0,54,7,61,80,64,145,41,330,102,80,182,512
05/15/2021,TYS,TN,ASO,ES,Combined TRACON& Tower with Radar,58,45,49,26,178,0,1,30,15,46,58,46,79,41,224,28,52,80,304
05/16/2021,TYS,TN,ASO,ES,Combined TRACON& Tower with Radar,74,50,68,2,194,0,0,34,0,34,74,50,102,2,228,22,0,22,250
05/17/2021,TYS,TN,ASO,ES,Combined TRACON& Tower with Radar,77,57,78,5,217,0,1,62,0,63,77,58,140,5,280,58,0,58,338
05/18/2021,TYS,TN,ASO,ES,Combined TRACON& Tower with Radar,63,47,96,57,263,0,0,52,14,66,63,47,148,71,329,52,36,88,417
05/19/2021,TYS,TN,ASO,ES,Combined TRACON& Tower with Radar,69,49,84,38,240,0,0,42,7,49,69,49,126,45,289,80,68,148,437
05/20/2021,TYS,TN,ASO,ES,Combined TRACON& Tower with Radar,80,85,95,32,292,0,0,52,24,76,80,85,147,56,368,72,42,114,482
05/21/2021,TYS,TN,ASO,ES,Combined TRACON& Tower with Radar,80,43,88,56,267,0,2,55,12,69,80,45,143,68,336,38,66,104,440
05/22/2021,TYS,TN,ASO,ES,Combined TRACON& Tower with Radar,58,36,49,9,152,0,2,38,16,56,58,38,87,25,208,28,86,114,322
05/23/2021,TYS,TN,ASO,ES,Combined TRACON& Tower with Radar,73,58,81,10,222,0,1,34,2,37,73,59,115,12,259,70,0,70,329
05/24/2021,TYS,TN,ASO,ES,Combined TRACON& Tower with Radar,77,43,70,34,224,0,4,49,4,57,77,47,119,38,281,0,30,30,311
05/25/2021,TYS,TN,ASO,ES,Combined TRACON& Tower with Radar,67,51,66,51,235,0,0,44,7,51,67,51,110,58,286,30,104,134,420
05/26/2021,TYS,TN,ASO,ES,Combined TRACON& Tower with Radar,75,51,97,42,265,0,0,48,8,56,75,51,145,50,321,22,42,64,385
05/27/2021,TYS,TN,ASO,ES,Combined TRACON& Tower with Radar,78,75,82,24,259,0,2,26,11,39,78,77,108,35,298,44,14,58,356
05/28/2021,TYS,TN,ASO,ES,Combined TRACON& Tower with Radar,91,52,63,13,219,0,0,8,2,10,91,52,71,15,229,6,20,26,255
05/29/2021,TYS,TN,ASO,ES,Combined TRACON& Tower with Radar,66,43,56,0,165,0,0,7,0,7,66,43,63,0,172,12,0,12,184
05/30/2021,TYS,TN,ASO,ES,Combined TRACON& Tower with Radar,61,38,28,2,129,0,1,10,0,11,61,39,38,2,140,22,0,22,162
05/31/2021,TYS,TN,ASO,ES,Combined TRACON& Tower with Radar,80,51,62,0,193,0,0,33,0,33,80,51,95,0,226,32,0,32,258
06/01/2021,TYS,TN,ASO,ES,Combined TRACON& Tower with Radar,62,47,96,35,240,0,4,40,16,60,62,51,136,51,300,78,74,152,452
06/02/2021,TYS,TN,ASO,ES,Combined TRACON& Tower with Radar,74,48,71,14,207,0,0,41,6,47,74,48,112,20,254,42,10,52,306
06/03/2021,TYS,TN,ASO,ES,Combined TRACON& Tower with Radar,81,64,89,0,234,0,0,15,6,21,81,64,104,6,255,0,36,36,291
06/04/2021,TYS,TN,ASO,ES,Combined TRACON& Tower with Radar,95,50,96,42,283,0,1,31,13,45,95,51,127,55,328,44,44,88,416
06/05/2021,TYS,TN,ASO,ES,Combined TRACON& Tower with Radar,69,46,45,21,181,0,6,25,4,35,69,52,70,25,216,0,10,10,226
06/06/2021,TYS,TN,ASO,ES,Combined TRACON& Tower with Radar,79,50,71,0,200,0,0,16,2,18,79,50,87,2,218,50,0,50,268
06/07/2021,TYS,TN,ASO,ES,Combined TRACON& Tower with Radar,106,42,80,12,240,0,1,14,0,15,106,43,94,12,255,52,12,64,319
06/08/2021,TYS,TN,ASO,ES,Combined TRACON& Tower with Radar,74,43,93,7,217,0,0,28,9,37,74,43,121,16,254,26,18,44,298
06/09/2021,TYS,TN,ASO,ES,Combined TRACON& Tower with Radar,78,40,99,5,222,0,0,22,3,25,78,40,121,8,247,28,12,40,287
06/10/2021,TYS,TN,ASO,ES,Combined TRACON& Tower with Radar,95,51,155,27,328,0,0,13,15,28,95,51,168,42,356,26,38,64,420
06/11/2021,TYS,TN,ASO,ES,Combined TRACON& Tower with Radar,91,44,91,11,237,0,0,3,2,5,91,44,94,13,242,8,4,12,254
06/12/2021,TYS,TN,ASO,ES,Combined TRACON& Tower with Radar,76,47,58,1,182,0,0,12,0,12,76,47,70,1,194,30,0,30,224
06/13/2021,TYS,TN,ASO,ES,Combined TRACON& Tower with Radar,82,65,78,18,243,0,0,26,3,29,82,65,104,21,272,60,0,60,332
06/14/2021,TYS,TN,ASO,ES,Combined TRACON& Tower with Radar,88,40,87,19,234,0,2,64,3,69,88,42,151,22,303,0,0,0,303
06/15/2021,TYS,TN,ASO,ES,Combined TRACON& Tower with Radar,74,33,76,56,239,0,2,80,15,97,74,35,156,71,336,78,70,148,484
06/16/2021,TYS,TN,ASO,ES,Combined TRACON& Tower with Radar,83,37,99,19,238,0,0,70,10,80,83,37,169,29,318,186,40,226,544
06/17/2021,TYS,TN,ASO,ES,Combined TRACON& Tower with Radar,89,51,102,25,267,0,0,81,20,101,89,51,183,45,368,132,42,174,542
06/18/2021,TYS,TN,ASO,ES,Combined TRACON& Tower with Radar,90,57,91,10,248,0,0,59,6,65,90,57,150,16,313,90,0,90,403
06/19/2021,TYS,TN,ASO,ES,Combined TRACON& Tower with Radar,67,37,35,2,141,0,2,49,4,55,67,39,84,6,196,0,0,0,196
06/20/2021,TYS,TN,ASO,ES,Combined TRACON& Tower with Radar,77,41,81,8,207,0,2,23,0,25,77,43,104,8,232,78,0,78,310
06/21/2021,TYS,TN,ASO,ES,Combined TRACON& Tower with Radar,87,44,91,33,255,0,0,25,0,25,87,44,116,33,280,68,22,90,370
06/22/2021,TYS,TN,ASO,ES,Combined TRACON& Tower with Radar,79,51,116,49,295,0,0,28,2,30,79,51,144,51,325,36,44,80,405
06/23/2021,TYS,TN,ASO,ES,Combined TRACON& Tower with Radar,83,48,93,16,240,0,6,65,5,76,83,54,158,21,316,146,20,166,482
06/24/2021,TYS,TN,ASO,ES,Combined TRACON& Tower with Radar,89,64,90,37,280,0,3,60,4,67,89,67,150,41,347,100,24,124,471
06/25/2021,TYS,TN,ASO,ES,Combined TRACON& Tower with Radar,93,54,96,34,277,0,0,38,7,45,93,54,134,41,322,132,12,144,466
06/26/2021,TYS,TN,ASO,ES,Combined TRACON& Tower with Radar,68,37,54,15,174,0,0,44,3,47,68,37,98,18,221,60,20,80,301
06/27/2021,TYS,TN,ASO,ES,Combined TRACON& Tower with Radar,80,52,61,8,201,0,0,20,0,20,80,52,81,8,221,114,0,114,335
06/28/2021,TYS,TN,ASO,ES,Combined TRACON& Tower with Radar,89,43,70,36,238,0,1,55,4,60,89,44,125,40,298,58,22,80,378
06/29/2021,TYS,TN,ASO,ES,Combined TRACON& Tower with Radar,73,43,68,50,234,0,0,41,23,64,73,43,109,73,298,30,128,158,456
06/30/2021,TYS,TN,ASO,ES,Combined TRACON& Tower with Radar,83,59,105,46,293,0,6,48,12,66,83,65,153,58,359,110,38,148,507
07/01/2021,TYS,TN,ASO,ES,Combined TRACON& Tower with Radar,89,49,95,0,233,0,0,33,5,38,89,49,128,5,271,28,10,38,309
07/02/2021,TYS,TN,ASO,ES,Combined TRACON& Tower with Radar,87,55,71,1,214,0,3,20,1,24,87,58,91,2,238,64,0,64,302
07/03/2021,TYS,TN,ASO,ES,Combined TRACON& Tower with Radar,70,46,35,0,151,0,0,21,0,21,70,46,56,0,172,101,0,101,273
07/04/2021,TYS,TN,ASO,ES,Combined TRACON& Tower with Radar,67,36,11,0,114,0,0,16,0,16,67,36,27,0,130,22,0,22,152
07/05/2021,TYS,TN,ASO,ES,Combined TRACON& Tower with Radar,78,57,60,9,204,0,0,31,0,31,78,57,91,9,235,8,0,8,243
07/06/2021,TYS,TN,ASO,ES,Combined TRACON& Tower with Radar,68,46,67,57,238,0,2,75,2,79,68,48,142,59,317,122,98,220,537
07/07/2021,TYS,TN,ASO,ES,Combined TRACON& Tower with Radar,78,45,107,23,253,0,0,43,1,44,78,45,150,24,297,140,18,158,455
07/08/2021,TYS,TN,ASO,ES,Combined TRACON& Tower with Radar,87,56,86,60,289,0,2,37,12,51,87,58,123,72,340,70,138,208,548
07/09/2021,TYS,TN,ASO,ES,Combined TRACON& Tower with Radar,88,50,98,21,257,0,0,15,9,24,88,50,113,30,281,70,8,78,359
07/10/2021,TYS,TN,ASO,ES,Combined TRACON& Tower with Radar,69,43,44,6,162,0,0,7,2,9,69,43,51,8,171,16,10,26,197
07/11/2021,TYS,TN,ASO,ES,Combined TRACON& Tower with Radar,80,37,55,14,186,0,0,3,1,4,80,37,58,15,190,42,0,42,232
07/12/2021,TYS,TN,ASO,ES,Combined TRACON& Tower with Radar,81,43,92,10,226,0,0,24,3,27,81,43,116,13,253,14,0,14,267
07/13/2021,TYS,TN,ASO,ES,Combined TRACON& Tower with Radar,68,54,98,31,251,0,0,40,3,43,68,54,138,34,294,166,22,188,482
07/14/2021,TYS,TN,ASO,ES,Combined TRACON& Tower with Radar,80,57,78,45,260,0,0,69,0,69,80,57,147,45,329,154,92,246,575
07/15/2021,TYS,TN,ASO,ES,Combined TRACON& Tower with Radar,83,65,126,53,327,0,5,67,3,75,83,70,193,56,402,182,24,206,608
07/16/2021,TYS,TN,ASO,ES,Combined TRACON& Tower with Radar,89,57,90,30,266,0,0,48,0,48,89,57,138,30,314,0,0,0,314
07/17/2021,TYS,TN,ASO,ES,Combined TRACON& Tower with Radar,59,38,42,1,140,0,0,6,3,9,59,38,48,4,149,72,0,72,221
07/18/2021,TYS,TN,ASO,ES,Combined TRACON& Tower with Radar,78,45,64,8,195,0,0,3,0,3,78,45,67,8,198,0,0,0,198
07/19/2021,TYS,TN,ASO,ES,Combined TRACON& Tower with Radar,78,49,92,14,233,0,0,17,0,17,78,49,109,14,250,26,8,34,284
07/20/2021,TYS,TN,ASO,ES,Combined TRACON& Tower with Radar,73,43,113,15,244,0,0,58,0,58,73,43,171,15,302,36,16,52,354
07/21/2021,TYS,TN,ASO,ES,Combined TRACON& Tower with Radar,80,56,108,38,282,0,2,93,4,99,80,58,201,42,381,0,52,52,433
07/22/2021,TYS,TN,ASO,ES,Combined TRACON& Tower with Radar,89,52,103,24,268,0,6,74,1,81,89,58,177,25,349,22,10,32,381
07/23/2021,TYS,TN,ASO,ES,Combined TRACON& Tower with Radar,89,52,98,36,275,0,0,92,5,97,89,52,190,41,372,38,24,62,434
07/24/2021,TYS,TN,ASO,ES,Combined TRACON& Tower with Radar,70,58,53,29,210,0,1,39,4,44,70,59,92,33,254,49,0,49,303
07/25/2021,TYS,TN,ASO,ES,Combined TRACON& Tower with Radar,85,59,66,9,219,0,0,26,0,26,85,59,92,9,245,40,0,40,285
07/26/2021,TYS,TN,ASO,ES,Combined TRACON& Tower with Radar,91,56,81,1,229,0,0,33,0,33,91,56,114,1,262,48,0,48,310
07/27/2021,TYS,TN,ASO,ES,Combined TRACON& Tower with Radar,86,52,91,58,287,0,3,38,8,49,86,55,129,66,336,34,98,132,468
07/28/2021,TYS,TN,ASO,ES,Combined TRACON& Tower with Radar,84,62,104,44,294,0,4,66,4,74,84,66,170,48,368,116,8,124,492
07/29/2021,TYS,TN,ASO,ES,Combined TRACON& Tower with Radar,88,51,129,21,289,0,0,69,6,75,88,51,198,27,364,154,20,174,538
07/30/2021,TYS,TN,ASO,ES,Combined TRACON& Tower with Radar,87,62,107,56,312,0,0,52,3,55,87,62,159,59,367,88,26,114,481
07/31/2021,TYS,TN,ASO,ES,Combined TRACON& Tower with Radar,65,45,64,53,227,0,0,25,1,26,65,45,89,54,253,42,28,70,323
08/01/2021,TYS,TN,ASO,ES,Combined TRACON& Tower with Radar,78,45,95,12,230,0,0,17,7,24,78,45,112,19,254,8,0,8,262
08/02/2021,TYS,TN,ASO,ES,Combined TRACON& Tower with Radar,75,47,83,21,226,0,0,69,2,71,75,47,152,23,297,96,0,96,393
08/03/2021,TYS,TN,ASO,ES,Combined TRACON& Tower with Radar,59,47,111,47,264,0,2,62,8,72,59,49,173,55,336,94,18,112,448
08/04/2021,TYS,TN,ASO,ES,Combined TRACON& Tower with Radar,70,50,124,24,268,0,0,22,0,22,70,50,146,24,290,54,46,100,390
08/05/2021,TYS,TN,ASO,ES,Combined TRACON& Tower with Radar,80,60,106,26,272,0,2,39,10,51,80,62,145,36,323,120,8,128,451
08/06/2021,TYS,TN,ASO,ES,Combined TRACON& Tower with Radar,84,55,102,42,283,0,0,58,11,69,84,55,160,53,352,50,26,76,428
08/07/2021,TYS,TN,ASO,ES,Combined TRACON& Tower with Radar,47,47,52,4,150,0,0,24,1,25,47,47,76,5,175,62,10,72,247
08/08/2021,TYS,TN,ASO,ES,Combined TRACON& Tower with Radar,66,52,57,4,179,0,0,42,4,46,66,52,99,8,225,138,0,138,363
08/09/2021,TYS,TN,ASO,ES,Combined TRACON& Tower with Radar,75,49,81,12,217,0,0,64,0,64,75,49,145,12,281,44,0,44,325
08/10/2021,TYS,TN,ASO,ES,Combined TRACON& Tower with Radar,51,56,100,33,240,0,1,26,9,36,51,57,126,42,276,56,82,138,414
08/11/2021,TYS,TN,ASO,ES,Combined TRACON& Tower with Radar,67,69,106,29,271,0,0,66,6,72,67,69,172,35,343,70,42,112,455
08/12/2021,TYS,TN,ASO,ES,Combined TRACON& Tower with Radar,75,71,95,13,254,0,2,70,2,74,75,73,165,15,328,72,8,80,408
08/13/2021,TYS,TN,ASO,ES,Combined TRACON& Tower with Radar,75,49,99,6,229,0,2,58,2,62,75,51,157,8,291,124,16,140,431
08/14/2021,TYS,TN,ASO,ES,Combined TRACON& Tower with Radar,51,49,39,2,141,0,1,31,9,41,51,50,70,11,182,30,4,34,216
08/15/2021,TYS,TN,ASO,ES,Combined TRACON& Tower with Radar,64,54,59,5,182,0,0,2,0,2,64,54,61,5,184,0,0,0,184
08/16/2021,TYS,TN,ASO,ES,Combined TRACON& Tower with Radar,72,47,79,3,201,0,0,26,2,28,72,47,105,5,229,20,0,20,249
08/17/2021,TYS,TN,ASO,ES,Combined TRACON& Tower with Radar,59,62,61,5,187,0,0,0,0,0,59,62,61,5,187,0,0,0,187
08/18/2021,TYS,TN,ASO,ES,Combined TRACON& Tower with Radar,62,51,138,33,284,0,0,48,5,53,62,51,186,38,337,66,38,104,441
08/19/2021,TYS,TN,ASO,ES,Combined TRACON& Tower with Radar,79,64,114,25,282,0,0,33,2,35,79,64,147,27,317,124,16,140,457
08/20/2021,TYS,TN,ASO,ES,Combined TRACON& Tower with Radar,77,53,123,32,285,0,0,24,9,33,77,53,147,41,318,44,28,72,390
08/21/2021,TYS,TN,ASO,ES,Combined TRACON& Tower with Radar,51,46,51,15,163,0,0,19,8,27,51,46,70,23,190,70,0,70,260
08/22/2021,TYS,TN,ASO,ES,Combined TRACON& Tower with Radar,72,70,80,7,229,0,1,15,3,19,72,71,95,10,248,46,0,46,294
08/23/2021,TYS,TN,ASO,ES,Combined TRACON& Tower with Radar,65,46,91,16,218,0,2,51,1,54,65,48,142,17,272,38,0,38,310
08/24/2021,TYS,TN,ASO,ES,Combined TRACON& Tower with Radar,58,52,110,42,262,0,0,72,7,79,58,52,182,49,341,51,14,65,406
08/25/2021,TYS,TN,ASO,ES,Combined TRACON& Tower with Radar,66,57,97,38,258,0,3,53,5,61,66,60,150,43,319,56,20,76,395
08/26/2021,TYS,TN,ASO,ES,Combined TRACON& Tower with Radar,79,53,110,11,253,0,0,54,10,64,79,53,164,21,317,22,80,102,419
08/27/2021,TYS,TN,ASO,ES,Combined TRACON& Tower with Radar,73,57,117,28,275,0,1,54,8,63,73,58,171,36,338,47,0,47,385
08/28/2021,TYS,TN,ASO,ES,Combined TRACON& Tower with Radar,54,55,42,15,166,0,0,18,0,18,54,55,60,15,184,36,0,36,220
08/29/2021,TYS,TN,ASO,ES,Combined TRACON& Tower with Radar,68,61,57,3,189,0,2,32,3,37,68,63,89,6,226,92,0,92,318
08/30/2021,TYS,TN,ASO,ES,Combined TRACON& Tower with Radar,69,53,80,26,228,0,0,54,0,54,69,53,134,26,282,72,28,100,382
08/31/2021,TYS,TN,ASO,ES,Combined TRACON& Tower with Radar,58,37,45,10,150,0,0,2,0,2,58,37,47,10,152,0,0,0,152
09/01/2021,TYS,TN,ASO,ES,Combined TRACON& Tower with Radar,78,47,108,35,268,0,2,15,2,19,78,49,123,37,287,30,12,42,329
09/02/2021,TYS,TN,ASO,ES,Combined TRACON& Tower with Radar,85,60,97,41,283,0,3,82,8,93,85,63,179,49,376,162,94,256,632
09/03/2021,TYS,TN,ASO,ES,Combined TRACON& Tower with Radar,78,59,111,8,256,0,7,62,5,74,78,66,173,13,330,132,16,148,478
09/04/2021,TYS,TN,ASO,ES,Combined TRACON& Tower with Radar,48,44,48,0,140,0,4,44,2,50,48,48,92,2,190,109,0,109,299
09/05/2021,TYS,TN,ASO,ES,Combined TRACON& Tower with Radar,60,34,28,0,122,0,2,13,0,15,60,36,41,0,137,8,0,8,145
09/06/2021,TYS,TN,ASO,ES,Combined TRACON& Tower with Radar,63,67,60,1,191,0,2,21,0,23,63,69,81,1,214,50,0,50,264
09/07/2021,TYS,TN,ASO,ES,Combined TRACON& Tower with Radar,50,54,103,14,221,0,4,54,3,61,50,58,157,17,282,22,12,34,316
09/08/2021,TYS,TN,ASO,ES,Combined TRACON& Tower with Radar,66,55,116,40,277,0,2,26,1,29,66,57,142,41,306,66,16,82,388
09/09/2021,TYS,TN,ASO,ES,Combined TRACON& Tower with Radar,86,67,110,45,308,0,2,80,4,86,86,69,190,49,394,104,40,144,538
09/10/2021,TYS,TN,ASO,ES,Combined TRACON& Tower with Radar,79,56,125,32,292,0,7,77,4,88,79,63,202,36,380,78,52,130,510
09/11/2021,TYS,TN,ASO,ES,Combined TRACON& Tower with Radar,62,38,74,8,182,0,4,44,6,54,62,42,118,14,236,30,0,30,266
09/12/2021,TYS,TN,ASO,ES,Combined TRACON& Tower with Radar,82,50,77,4,213,0,4,34,2,40,82,54,111,6,253,10,0,10,263
09/13/2021,TYS,TN,ASO,ES,Combined TRACON& Tower with Radar,82,50,82,19,233,0,2,38,0,40,82,52,120,19,273,58,14,72,345
09/14/2021,TYS,TN,ASO,ES,Combined TRACON& Tower with Radar,65,41,102,50,258,0,2,68,10,80,65,43,170,60,338,34,76,110,448
09/15/2021,TYS,TN,ASO,ES,Combined TRACON& Tower with Radar,74,45,119,40,278,0,0,48,11,59,74,45,167,51,337,70,54,124,461
09/16/2021,TYS,TN,ASO,ES,Combined TRACON& Tower with Radar,91,66,135,41,333,0,0,64,1,65,91,66,199,42,398,92,54,146,544
09/17/2021,TYS,TN,ASO,ES,Combined TRACON& Tower with Radar,86,61,126,29,302,0,0,34,2,36,86,61,160,31,338,28,38,66,404
09/18/2021,TYS,TN,ASO,ES,Combined TRACON& Tower with Radar,70,46,55,2,173,0,0,18,6,24,70,46,73,8,197,46,14,60,257
09/19/2021,TYS,TN,ASO,ES,Combined TRACON& Tower with Radar,84,55,118,3,260,0,0,6,4,10,84,55,124,7,270,52,18,70,340
09/20/2021,TYS,TN,ASO,ES,Combined TRACON& Tower with Radar,78,46,80,16,220,0,2,16,0,18,78,48,96,16,238,8,6,14,252
09/21/2021,TYS,TN,ASO,ES,Combined TRACON& Tower with Radar,69,42,109,60,280,0,0,13,0,13,69,42,122,60,293,66,36,102,395
09/22/2021,TYS,TN,ASO,ES,Combined TRACON& Tower with Radar,75,50,82,5,212,0,0,13,0,13,75,50,95,5,225,8,0,8,233
09/23/2021,TYS,TN,ASO,ES,Combined TRACON& Tower with Radar,91,46,127,13,277,0,5,91,4,100,91,51,218,17,377,106,0,106,483
09/24/2021,TYS,TN,ASO,ES,Combined TRACON& Tower with Radar,87,62,103,0,252,0,0,76,2,78,87,62,179,2,330,8,0,8,338
09/25/2021,TYS,TN,ASO,ES,Combined TRACON& Tower with Radar,68,38,40,0,146,0,1,38,2,41,68,39,78,2,187,0,0,0,187
09/26/2021,TYS,TN,ASO,ES,Combined TRACON& Tower with Radar,89,58,75,0,222,0,0,46,0,46,89,58,121,0,268,10,0,10,278
09/27/2021,TYS,TN,ASO,ES,Combined TRACON& Tower with Radar,76,43,84,6,209,0,2,51,5,58,76,45,135,11,267,54,0,54,321
09/28/2021,TYS,TN,ASO,ES,Combined TRACON& Tower with Radar,65,50,85,36,236,0,5,64,1,70,65,55,149,37,306,40,52,92,398
09/29/2021,TYS,TN,ASO,ES,Combined TRACON& Tower with Radar,74,62,119,10,265,0,1,75,2,78,74,63,194,12,343,82,18,100,443
09/30/2021,TYS,TN,ASO,ES,Combined TRACON& Tower with Radar,93,68,125,29,315,0,0,48,11,59,93,68,173,40,374,46,4,50,424
10/01/2021,TYS,TN,ASO,ES,Combined TRACON& Tower with Radar,88,62,89,34,273,0,1,65,0,66,88,63,154,34,339,48,16,64,403
10/02/2021,TYS,TN,ASO,ES,Combined TRACON& Tower with Radar,66,45,51,13,175,0,0,30,8,38,66,45,81,21,213,22,0,22,235
10/03/2021,TYS,TN,ASO,ES,Combined TRACON& Tower with Radar,86,59,90,11,246,0,0,2,0,2,86,59,92,11,248,0,0,0,248
10/04/2021,TYS,TN,ASO,ES,Combined TRACON& Tower with Radar,84,42,86,5,217,0,2,39,1,42,84,44,125,6,259,16,0,16,275
10/05/2021,TYS,TN,ASO,ES,Combined TRACON& Tower with Radar,69,55,108,36,268,0,0,10,0,10,69,55,118,36,278,0,18,18,296
10/06/2021,TYS,TN,ASO,ES,Combined TRACON& Tower with Radar,81,83,120,30,314,0,1,27,2,30,81,84,147,32,344,41,59,100,444
10/07/2021,TYS,TN,ASO,ES,Combined TRACON& Tower with Radar,92,59,113,35,299,0,0,33,2,35,92,59,146,37,334,50,36,86,420
10/08/2021,TYS,TN,ASO,ES,Combined TRACON& Tower with Radar,83,87,122,23,315,0,0,25,5,30,83,87,147,28,345,32,28,60,405
10/09/2021,TYS,TN,ASO,ES,Combined TRACON& Tower with Radar,80,50,99,7,236,0,0,20,2,22,80,50,119,9,258,26,0,26,284
10/10/2021,TYS,TN,ASO,ES,Combined TRACON& Tower with Radar,85,65,74,3,227,0,0,42,0,42,85,65,116,3,269,32,0,32,301
10/11/2021,TYS,TN,ASO,ES,Combined TRACON& Tower with Radar,79,64,98,1,242,0,4,52,0,56,79,68,150,1,298,20,0,20,318
10/12/2021,TYS,TN,ASO,ES,Combined TRACON& Tower with Radar,79,44,110,41,274,0,0,31,3,34,79,44,141,44,308,79,17,96,404
10/13/2021,TYS,TN,ASO,ES,Combined TRACON& Tower with Radar,79,62,104,33,278,0,2,37,5,44,79,64,141,38,322,63,31,94,416
10/14/2021,TYS,TN,ASO,ES,Combined TRACON& Tower with Radar,88,73,125,22,308,0,2,38,14,54,88,75,163,36,362,33,10,43,405
10/15/2021,TYS,TN,ASO,ES,Combined TRACON& Tower with Radar,66,98,126,26,316,0,3,49,22,74,66,101,175,48,390,15,0,15,405
10/16/2021,TYS,TN,ASO,ES,Combined TRACON& Tower with Radar,51,100,82,2,235,0,0,14,0,14,51,100,96,2,249,11,0,11,260
10/17/2021,TYS,TN,ASO,ES,Combined TRACON& Tower with Radar,84,81,164,3,332,0,1,36,2,39,84,82,200,5,371,27,0,27,398
10/18/2021,TYS,TN,ASO,ES,Combined TRACON& Tower with Radar,87,56,101,27,271,0,4,52,4,60,87,60,153,31,331,69,12,81,412
10/19/2021,TYS,TN,ASO,ES,Combined TRACON& Tower with Radar,77,49,118,41,285,0,3,80,10,93,77,52,198,51,378,55,33,88,466
10/20/2021,TYS,TN,ASO,ES,Combined TRACON& Tower with Radar,78,48,121,68,315,0,2,74,13,89,78,50,195,81,404,94,54,148,552
10/21/2021,TYS,TN,ASO,ES,Combined TRACON& Tower with Radar,87,59,139,1,286,0,0,17,6,23,87,59,156,7,309,4,39,43,352
10/22/2021,TYS,TN,ASO,ES,Combined TRACON& Tower with Radar,92,67,117,32,308,0,0,43,7,50,92,67,160,39,358,59,22,81,439
10/23/2021,TYS,TN,ASO,ES,Combined TRACON& Tower with Radar,69,42,56,4,171,0,1,30,2,33,69,43,86,6,204,26,0,26,230
10/24/2021,TYS,TN,ASO,ES,Combined TRACON& Tower with Radar,86,51,79,3,219,0,0,40,0,40,86,51,119,3,259,32,0,32,291
10/25/2021,TYS,TN,ASO,ES,Combined TRACON& Tower with Radar,79,56,87,16,238,0,0,20,1,21,79,56,107,17,259,12,16,28,287
10/26/2021,TYS,TN,ASO,ES,Combined TRACON& Tower with Radar,73,47,132,47,299,0,0,30,16,46,73,47,162,63,345,100,16,116,461
10/27/2021,TYS,TN,ASO,ES,Combined TRACON& Tower with Radar,78,64,106,58,306,0,0,89,11,100,78,64,195,69,406,88,44,132,538
10/28/2021,TYS,TN,ASO,ES,Combined TRACON& Tower with Radar,87,57,132,18,294,0,0,21,0,21,87,57,153,18,315,3,0,3,318
10/29/2021,TYS,TN,ASO,ES,Combined TRACON& Tower with Radar,85,69,114,12,280,0,0,0,2,2,85,69,114,14,282,10,8,18,300
10/30/2021,TYS,TN,ASO,ES,Combined TRACON& Tower with Radar,67,47,38,2,154,0,0,0,0,0,67,47,38,2,154,0,0,0,154
10/31/2021,TYS,TN,ASO,ES,Combined TRACON& Tower with Radar,75,61,95,2,233,0,2,13,0,15,75,63,108,2,248,34,0,34,282
11/01/2021,TYS,TN,ASO,ES,Combined TRACON& Tower with Radar,77,53,88,18,236,0,0,75,1,76,77,53,163,19,312,36,0,36,348
11/02/2021,TYS,TN,ASO,ES,Combined TRACON& Tower with Radar,66,45,116,44,271,0,0,70,8,78,66,45,186,52,349,46,32,78,427
11/03/2021,TYS,TN,ASO,ES,Combined TRACON& Tower with Radar,76,36,117,33,262,0,0,59,2,61,76,36,176,35,323,52,19,71,394
11/04/2021,TYS,TN,ASO,ES,Combined TRACON& Tower with Radar,91,56,121,42,310,0,0,6,13,19,91,56,127,55,329,25,15,40,369
11/05/2021,TYS,TN,ASO,ES,Combined TRACON& Tower with Radar,91,43,115,31,280,0,0,45,22,67,91,43,160,53,347,39,27,66,413
11/06/2021,TYS,TN,ASO,ES,Combined TRACON& Tower with Radar,69,38,34,23,164,0,0,37,1,38,69,38,71,24,202,27,6,33,235
11/07/2021,TYS,TN,ASO,ES,Combined TRACON& Tower with Radar,75,50,85,8,218,0,2,43,18,63,75,52,128,26,281,22,6,28,309
11/08/2021,TYS,TN,ASO,ES,Combined TRACON& Tower with Radar,81,67,81,12,241,0,0,67,4,71,81,67,148,16,312,50,13,63,375
11/09/2021,TYS,TN,ASO,ES,Combined TRACON& Tower with Radar,67,56,108,27,258,0,3,93,10,106,67,59,201,37,364,40,16,56,420
11/10/2021,TYS,TN,ASO,ES,Combined TRACON& Tower with Radar,68,56,110,46,280,0,3,82,12,97,68,59,192,58,377,51,51,102,479
11/11/2021,TYS,TN,ASO,ES,Combined TRACON& Tower with Radar,92,62,80,4,238,0,0,12,2,14,92,62,92,6,252,23,0,23,275
11/12/2021,TYS,TN,ASO,ES,Combined TRACON& Tower with Radar,93,67,150,17,327,0,2,51,4,57,93,69,201,21,384,36,6,42,426
11/13/2021,TYS,TN,ASO,ES,Combined TRACON& Tower with Radar,65,75,117,0,257,0,0,52,2,54,65,75,169,2,311,20,0,20,331
11/14/2021,TYS,TN,ASO,ES,Combined TRACON& Tower with Radar,79,72,117,1,269,0,0,34,0,34,79,72,151,1,303,10,0,10,313
11/15/2021,TYS,TN,ASO,ES,Combined TRACON& Tower with Radar,84,62,88,1,235,0,4,50,4,58,84,66,138,5,293,78,0,78,371
11/16/2021,TYS,TN,ASO,ES,Combined TRACON& Tower with Radar,64,43,116,37,260,0,0,28,9,37,64,43,144,46,297,76,15,91,388
11/17/2021,TYS,TN,ASO,ES,Combined TRACON& Tower with Radar,67,60,127,48,302,0,0,56,14,70,67,60,183,62,372,50,20,70,442
11/18/2021,TYS,TN,ASO,ES,Combined TRACON& Tower with Radar,90,69,105,0,264,0,0,7,10,17,90,69,112,10,281,0,15,15,296
11/19/2021,TYS,TN,ASO,ES,Combined TRACON& Tower with Radar,90,65,104,13,272,0,2,58,11,71,90,67,162,24,343,42,36,78,421
11/20/2021,TYS,TN,ASO,ES,Combined TRACON& Tower with Radar,59,56,67,4,186,0,1,42,7,50,59,57,109,11,236,18,2,20,256
11/21/2021,TYS,TN,ASO,ES,Combined TRACON& Tower with Radar,84,58,97,9,248,0,1,21,1,23,84,59,118,10,271,6,6,12,283
11/22/2021,TYS,TN,ASO,ES,Combined TRACON& Tower with Radar,79,52,93,25,249,0,0,40,12,52,79,52,133,37,301,12,24,36,337
11/23/2021,TYS,TN,ASO,ES,Combined TRACON& Tower with Radar,86,62,115,41,304,0,4,51,17,72,86,66,166,58,376,16,46,62,438
11/24/2021,TYS,TN,ASO,ES,Combined TRACON& Tower with Radar,88,55,72,23,238,0,1,39,0,40,88,56,111,23,278,28,30,58,336
11/25/2021,TYS,TN,ASO,ES,Combined TRACON& Tower with Radar,34,30,22,0,86,0,0,9,0,9,34,30,31,0,95,2,0,2,97
11/26/2021,TYS,TN,ASO,ES,Combined TRACON& Tower with Radar,59,52,50,0,161,0,0,20,2,22,59,52,70,2,183,14,0,14,197
11/27/2021,TYS,TN,ASO,ES,Combined TRACON& Tower with Radar,77,47,75,1,200,0,0,20,0,20,77,47,95,1,220,3,0,3,223
11/28/2021,TYS,TN,ASO,ES,Combined TRACON& Tower with Radar,87,58,115,1,261,0,0,35,0,35,87,58,150,1,296,10,0,10,306
11/29/2021,TYS,TN,ASO,ES,Combined TRACON& Tower with Radar,85,51,82,8,226,0,1,40,4,45,85,52,122,12,271,20,9,29,300
11/30/2021,TYS,TN,ASO,ES,Combined TRACON& Tower with Radar,74,48,88,25,235,0,0,75,5,80,74,48,163,30,315,45,8,53,368
12/01/2021,TYS,TN,ASO,ES,Combined TRACON& Tower with Radar,71,49,93,34,247,0,0,51,3,54,71,49,144,37,301,55,28,83,384
12/02/2021,TYS,TN,ASO,ES,Combined TRACON& Tower with Radar,92,59,95,26,272,0,6,47,17,70,92,65,142,43,342,59,14,73,415
12/03/2021,TYS,TN,ASO,ES,Combined TRACON& Tower with Radar,85,61,90,38,274,0,1,54,16,71,85,62,144,54,345,42,7,49,394
12/04/2021,TYS,TN,ASO,ES,Combined TRACON& Tower with Radar,56,45,53,19,173,0,0,20,5,25,56,45,73,24,198,33,0,33,231
12/05/2021,TYS,TN,ASO,ES,Combined TRACON& Tower with Radar,77,44,65,2,188,0,0,15,1,16,77,44,80,3,204,49,0,49,253
12/06/2021,TYS,TN,ASO,ES,Combined TRACON& Tower with Radar,76,60,69,4,209,0,0,3,2,5,76,60,72,6,214,11,0,11,225
12/07/2021,TYS,TN,ASO,ES,Combined TRACON& Tower with Radar,65,55,89,35,244,0,0,63,13,76,65,55,152,48,320,62,20,82,402
12/08/2021,TYS,TN,ASO,ES,Combined TRACON& Tower with Radar,69,64,118,35,286,0,0,43,1,44,69,64,161,36,330,65,28,93,423
12/09/2021,TYS,TN,ASO,ES,Combined TRACON& Tower with Radar,85,62,116,30,293,0,1,69,19,89,85,63,185,49,382,78,8,86,468
12/10/2021,TYS,TN,ASO,ES,Combined TRACON& Tower with Radar,84,57,82,46,269,0,0,2,0,2,84,57,84,46,271,22,6,28,299
12/11/2021,TYS,TN,ASO,ES,Combined TRACON& Tower with Radar,61,51,22,1,135,0,0,1,0,1,61,51,23,1,136,0,0,0,136
12/12/2021,TYS,TN,ASO,ES,Combined TRACON& Tower with Radar,81,54,53,2,190,0,0,35,0,35,81,54,88,2,225,38,0,38,263
12/13/2021,TYS,TN,ASO,ES,Combined TRACON& Tower with Radar,76,57,101,26,260,0,4,71,8,83,76,61,172,34,343,12,0,12,355
12/14/2021,TYS,TN,ASO,ES,Combined TRACON& Tower with Radar,64,48,84,52,248,0,0,73,10,83,64,48,157,62,331,81,32,113,444
12/15/2021,TYS,TN,ASO,ES,Combined TRACON& Tower with Radar,65,53,91,60,269,0,8,70,5,83,65,61,161,65,352,74,12,86,438
12/16/2021,TYS,TN,ASO,ES,Combined TRACON& Tower with Radar,76,68,88,44,276,0,2,34,16,52,76,70,122,60,328,37,13,50,378
12/17/2021,TYS,TN,ASO,ES,Combined TRACON& Tower with Radar,74,60,105,5,244,0,0,6,8,14,74,60,111,13,258,14,0,14,272
12/18/2021,TYS,TN,ASO,ES,Combined TRACON& Tower with Radar,59,50,31,0,140,0,0,2,6,8,59,50,33,6,148,0,8,8,156
12/19/2021,TYS,TN,ASO,ES,Combined TRACON& Tower with Radar,71,58,64,0,193,0,0,0,0,0,71,58,64,0,193,2,0,2,195
12/20/2021,TYS,TN,ASO,ES,Combined TRACON& Tower with Radar,64,54,95,28,241,0,1,63,8,72,64,55,158,36,313,44,0,44,357
12/21/2021,TYS,TN,ASO,ES,Combined TRACON& Tower with Radar,67,61,91,20,239,0,0,50,15,65,67,61,141,35,304,31,21,52,356
12/22/2021,TYS,TN,ASO,ES,Combined TRACON& Tower with Radar,69,72,96,32,269,0,0,45,1,46,69,72,141,33,315,25,12,37,352
12/23/2021,TYS,TN,ASO,ES,Combined TRACON& Tower with Radar,78,62,63,8,211,0,1,44,0,45,78,63,107,8,256,12,10,22,278
12/24/2021,TYS,TN,ASO,ES,Combined TRACON& Tower with Radar,58,38,20,0,116,0,0,16,0,16,58,38,36,0,132,28,0,28,160
12/25/2021,TYS,TN,ASO,ES,Combined TRACON& Tower with Radar,38,42,22,0,102,0,0,0,0,0,38,42,22,0,102,0,0,0,102
12/26/2021,TYS,TN,ASO,ES,Combined TRACON& Tower with Radar,55,61,71,0,187,0,0,18,0,18,55,61,89,0,205,34,2,36,241
12/27/2021,TYS,TN,ASO,ES,Combined TRACON& Tower with Radar,56,58,71,8,193,0,0,17,0,17,56,58,88,8,210,4,0,4,214
12/28/2021,TYS,TN,ASO,ES,Combined TRACON& Tower with Radar,62,44,66,32,204,0,0,17,0,17,62,44,83,32,221,6,29,35,256
12/29/2021,TYS,TN,ASO,ES,Combined TRACON& Tower with Radar,56,53,74,14,197,0,0,4,0,4,56,53,78,14,201,4,0,4,205
12/30/2021,TYS,TN,ASO,ES,Combined TRACON& Tower with Radar,77,56,88,2,223,0,0,4,0,4,77,56,92,2,227,16,0,16,243
12/31/2021,TYS,TN,ASO,ES,Combined TRACON& Tower with Radar,57,36,39,0,132,0,0,6,0,6,57,36,45,0,138,0,0,0,138
01/01/2022,TYS,TN,ASO,ES,Combined TRACON& Tower with Radar,41,42,27,0,110,0,0,5,0,5,41,42,32,0,115,4,0,4,119
01/02/2022,TYS,TN,ASO,ES,Combined TRACON& Tower with Radar,59,44,64,0,167,0,0,1,0,1,59,44,65,0,168,0,0,0,168
01/03/2022,TYS,TN,ASO,ES,Combined TRACON& Tower with Radar,62,47,56,0,165,0,0,5,0,5,62,47,61,0,170,0,0,0,170
01/04/2022,TYS,TN,ASO,ES,Combined TRACON& Tower with Radar,47,36,61,29,173,0,1,14,5,20,47,37,75,34,193,4,5,9,202
01/05/2022,TYS,TN,ASO,ES,Combined TRACON& Tower with Radar,54,46,67,43,210,0,2,30,4,36,54,48,97,47,246,4,24,28,274
01/06/2022,TYS,TN,ASO,ES,Combined TRACON& Tower with Radar,74,44,37,1,156,0,0,11,7,18,74,44,48,8,174,2,20,22,196
01/07/2022,TYS,TN,ASO,ES,Combined TRACON& Tower with Radar,74,37,55,28,194,0,0,27,4,31,74,37,82,32,225,31,13,44,269
01/08/2022,TYS,TN,ASO,ES,Combined TRACON& Tower with Radar,44,35,45,15,139,0,0,57,19,76,44,35,102,34,215,39,18,57,272
01/09/2022,TYS,TN,ASO,ES,Combined TRACON& Tower with Radar,67,42,55,3,167,0,0,0,0,0,67,42,55,3,167,0,0,0,167
01/10/2022,TYS,TN,ASO,ES,Combined TRACON& Tower with Radar,68,38,93,42,241,0,0,42,2,44,68,38,135,44,285,12,12,24,309
01/11/2022,TYS,TN,ASO,ES,Combined TRACON& Tower with Radar,59,40,74,38,211,0,0,61,4,65,59,40,135,42,276,25,29,54,330
01/12/2022,TYS,TN,ASO,ES,Combined TRACON& Tower with Radar,67,48,81,30,226,0,0,56,9,65,67,48,137,39,291,18,37,55,346
01/13/2022,TYS,TN,ASO,ES,Combined TRACON& Tower with Radar,79,42,113,45,279,0,2,39,10,51,79,44,152,55,330,35,26,61,391
01/14/2022,TYS,TN,ASO,ES,Combined TRACON& Tower with Radar,80,47,118,22,267,0,0,59,4,63,80,47,177,26,330,40,28,68,398
01/15/2022,TYS,TN,ASO,ES,Combined TRACON& Tower with Radar,46,38,26,3,113,0,0,17,0,17,46,38,43,3,130,37,0,37,167
01/16/2022,TYS,TN,ASO,ES,Combined TRACON& Tower with Radar,46,31,20,0,97,0,0,0,0,0,46,31,20,0,97,0,0,0,97
01/17/2022,TYS,TN,ASO,ES,Combined TRACON& Tower with Radar,66,44,58,0,168,0,0,2,0,2,66,44,60,0,170,0,0,0,170
01/18/2022,TYS,TN,ASO,ES,Combined TRACON& Tower with Radar,58,53,85,15,211,1,2,56,3,62,59,55,141,18,273,7,10,17,290
01/19/2022,TYS,TN,ASO,ES,Combined TRACON& Tower with Radar,59,46,92,23,220,0,0,28,0,28,59,46,120,23,248,25,20,45,293
01/20/2022,TYS,TN,ASO,ES,Combined TRACON& Tower with Radar,83,39,63,2,187,0,0,2,2,4,83,39,65,4,191,0,9,9,200
01/21/2022,TYS,TN,ASO,ES,Combined TRACON& Tower with Radar,85,44,83,8,220,0,0,10,8,18,85,44,93,16,238,10,12,22,260
01/22/2022,TYS,TN,ASO,ES,Combined TRACON& Tower with Radar,48,35,41,0,124,0,0,28,6,34,48,35,69,6,158,49,0,49,207
01/23/2022,TYS,TN,ASO,ES,Combined TRACON& Tower with Radar,79,38,59,1,177,0,0,36,8,44,79,38,95,9,221,26,0,26,247
01/24/2022,TYS,TN,ASO,ES,Combined TRACON& Tower with Radar,71,36,59,14,180,0,0,32,3,35,71,36,91,17,215,9,6,15,230
01/25/2022,TYS,TN,ASO,ES,Combined TRACON& Tower with Radar,62,45,57,53,217,0,0,42,8,50,62,45,99,61,267,80,28,108,375
01/26/2022,TYS,TN,ASO,ES,Combined TRACON& Tower with Radar,66,52,100,30,248,0,2,73,10,85,66,54,173,40,333,66,30,96,429
01/27/2022,TYS,TN,ASO,ES,Combined TRACON& Tower with Radar,81,54,98,38,271,0,1,69,6,76,81,55,167,44,347,35,52,87,434
01/28/2022,TYS,TN,ASO,ES,Combined TRACON& Tower with Radar,89,45,73,7,214,0,0,18,2,20,89,45,91,9,234,3,20,23,257
01/29/2022,TYS,TN,ASO,ES,Combined TRACON& Tower with Radar,47,42,29,0,118,0,2,23,0,25,47,44,52,0,143,34,0,34,177
01/30/2022,TYS,TN,ASO,ES,Combined TRACON& Tower with Radar,71,35,52,0,158,0,8,30,3,41,71,43,82,3,199,8,0,8,207
01/31/2022,TYS,TN,ASO,ES,Combined TRACON& Tower with Radar,72,45,66,22,205,0,4,64,12,80,72,49,130,34,285,23,3,26,311
02/01/2022,TYS,TN,ASO,ES,Combined TRACON& Tower with Radar,57,48,89,32,226,0,6,86,3,95,57,54,175,35,321,55,14,69,390
02/02/2022,TYS,TN,ASO,ES,Combined TRACON& Tower with Radar,61,42,64,4,171,0,0,22,2,24,61,42,86,6,195,12,0,12,207
02/03/2022,TYS,TN,ASO,ES,Combined TRACON& Tower with Radar,64,43,57,0,164,0,0,1,0,1,64,43,58,0,165,0,0,0,165
02/04/2022,TYS,TN,ASO,ES,Combined TRACON& Tower with Radar,64,43,43,3,153,0,0,1,0,1,64,43,44,3,154,0,0,0,154
02/05/2022,TYS,TN,ASO,ES,Combined TRACON& Tower with Radar,45,32,43,4,124,0,7,38,7,52,45,39,81,11,176,45,6,51,227
02/06/2022,TYS,TN,ASO,ES,Combined TRACON& Tower with Radar,67,39,60,6,172,0,3,48,2,53,67,42,108,8,225,7,0,7,232
02/07/2022,TYS,TN,ASO,ES,Combined TRACON& Tower with Radar,65,61,82,48,256,0,6,69,6,81,65,67,151,54,337,103,40,143,480
02/08/2022,TYS,TN,ASO,ES,Combined TRACON& Tower with Radar,61,56,85,56,258,0,2,64,6,72,61,58,149,62,330,42,34,76,406
02/09/2022,TYS,TN,ASO,ES,Combined TRACON& Tower with Radar,61,55,80,64,260,0,0,56,12,68,61,55,136,76,328,83,41,124,452
02/10/2022,TYS,TN,ASO,ES,Combined TRACON& Tower with Radar,75,55,90,38,258,0,8,51,10,69,75,63,141,48,327,31,10,41,368
02/11/2022,TYS,TN,ASO,ES,Combined TRACON& Tower with Radar,72,46,85,37,240,0,0,37,9,46,72,46,122,46,286,40,20,60,346
02/12/2022,TYS,TN,ASO,ES,Combined TRACON& Tower with Radar,45,36,42,7,130,0,2,43,0,45,45,38,85,7,175,44,17,61,236
02/13/2022,TYS,TN,ASO,ES,Combined TRACON& Tower with Radar,64,41,54,2,161,0,2,24,0,26,64,43,78,2,187,54,0,54,241
02/14/2022,TYS,TN,ASO,ES,Combined TRACON& Tower with Radar,67,46,88,13,214,0,0,40,10,50,67,46,128,23,264,32,12,44,308
02/15/2022,TYS,TN,ASO,ES,Combined TRACON& Tower with Radar,60,47,99,46,252,0,10,74,10,94,60,57,173,56,346,49,28,77,423
02/16/2022,TYS,TN,ASO,ES,Combined TRACON& Tower with Radar,72,36,105,15,228,0,0,46,2,48,72,36,151,17,276,10,4,14,290
02/17/2022,TYS,TN,ASO,ES,Combined TRACON& Tower with Radar,81,36,80,3,200,0,0,8,0,8,81,36,88,3,208,8,0,8,216
02/18/2022,TYS,TN,ASO,ES,Combined TRACON& Tower with Radar,84,42,118,38,282,0,0,18,2,20,84,42,136,40,302,64,0,64,366
02/19/2022,TYS,TN,ASO,ES,Combined TRACON& Tower with Radar,62,40,42,0,144,0,5,70,2,77,62,45,112,2,221,21,0,21,242
02/20/2022,TYS,TN,ASO,ES,Combined TRACON& Tower with Radar,64,49,53,8,174,0,4,52,0,56,64,53,105,8,230,16,0,16,246
02/21/2022,TYS,TN,ASO,ES,Combined TRACON& Tower with Radar,73,43,97,2,215,0,0,35,0,35,73,43,132,2,250,42,2,44,294
02/22/2022,TYS,TN,ASO,ES,Combined TRACON& Tower with Radar,66,54,78,22,220,0,0,16,0,16,66,54,94,22,236,8,12,20,256
02/23/2022,TYS,TN,ASO,ES,Combined TRACON& Tower with Radar,67,60,89,44,260,0,0,15,0,15,67,60,104,44,275,31,36,67,342
02/24/2022,TYS,TN,ASO,ES,Combined TRACON& Tower with Radar,73,51,74,11,209,0,2,4,0,6,73,53,78,11,215,3,2,5,220
02/25/2022,TYS,TN,ASO,ES,Combined TRACON& Tower with Radar,75,45,93,24,237,0,0,25,3,28,75,45,118,27,265,67,14,81,346
02/26/2022,TYS,TN,ASO,ES,Combined TRACON& Tower with Radar,58,40,45,45,188,0,0,11,0,11,58,40,56,45,199,32,8,40,239
02/27/2022,TYS,TN,ASO,ES,Combined TRACON& Tower with Radar,66,51,61,4,182,0,2,14,1,17,66,53,75,5,199,0,0,0,199
02/28/2022,TYS,TN,ASO,ES,Combined TRACON& Tower with Radar,72,49,73,24,218,0,7,52,9,68,72,56,125,33,286,28,6,34,320
03/01/2022,TYS,TN,ASO,ES,Combined TRACON& Tower with Radar,65,66,82,50,263,0,11,80,9,100,65,77,162,59,363,77,38,115,478
03/02/2022,TYS,TN,ASO,ES,Combined TRACON& Tower with Radar,67,51,88,35,241,0,4,88,9,101,67,55,176,44,342,60,33,93,435
03/03/2022,TYS,TN,ASO,ES,Combined TRACON& Tower with Radar,78,65,102,26,271,0,5,59,16,80,78,70,161,42,351,77,23,100,451
03/04/2022,TYS,TN,ASO,ES,Combined TRACON& Tower with Radar,88,60,90,15,253,0,2,64,4,70,88,62,154,19,323,78,10,88,411
03/05/2022,TYS,TN,ASO,ES,Combined TRACON& Tower with Radar,58,47,50,6,161,0,0,25,6,31,58,47,75,12,192,60,0,60,252
03/06/2022,TYS,TN,ASO,ES,Combined TRACON& Tower with Radar,66,47,63,0,176,0,2,25,5,32,66,49,88,5,208,6,0,6,214
03/07/2022,TYS,TN,ASO,ES,Combined TRACON& Tower with Radar,77,42,37,0,156,0,0,12,0,12,77,42,49,0,168,6,0,6,174
03/08/2022,TYS,TN,ASO,ES,Combined TRACON& Tower with Radar,71,45,101,50,267,0,0,45,4,49,71,45,146,54,316,63,46,109,425
03/09/2022,TYS,TN,ASO,ES,Combined TRACON& Tower with Radar,73,48,94,17,232,0,0,7,0,7,73,48,101,17,239,6,18,24,263
03/10/2022,TYS,TN,ASO,ES,Combined TRACON& Tower with Radar,80,54,111,29,274,0,0,59,17,76,80,54,170,46,350,100,21,121,471
03/11/2022,TYS,TN,ASO,ES,Combined TRACON& Tower with Radar,95,54,113,70,332,0,0,38,14,52,95,54,151,84,384,54,8,62,446
03/12/2022,TYS,TN,ASO,ES,Combined TRACON& Tower with Radar,59,36,45,8,148,0,0,4,0,4,59,36,49,8,152,0,0,0,152
03/13/2022,TYS,TN,ASO,ES,Combined TRACON& Tower with Radar,75,47,65,8,195,0,4,42,2,48,75,51,107,10,243,18,16,34,277
03/14/2022,TYS,TN,ASO,ES,Combined TRACON& Tower with Radar,82,39,80,29,230,0,10,52,24,86,82,49,132,53,316,36,29,65,381
03/15/2022,TYS,TN,ASO,ES,Combined TRACON& Tower with Radar,73,47,79,53,252,0,2,64,18,84,73,49,143,71,336,50,43,93,429
03/16/2022,TYS,TN,ASO,ES,Combined TRACON& Tower with Radar,80,43,97,16,236,0,1,14,0,15,80,44,111,16,251,16,18,34,285
03/17/2022,TYS,TN,ASO,ES,Combined TRACON& Tower with Radar,85,60,142,34,321,0,5,46,12,63,85,65,188,46,384,22,34,56,440
03/18/2022,TYS,TN,ASO,ES,Combined TRACON& Tower with Radar,86,59,75,38,258,0,0,20,7,27,86,59,95,45,285,28,42,70,355
03/19/2022,TYS,TN,ASO,ES,Combined TRACON& Tower with Radar,69,41,62,5,177,0,1,12,0,13,69,42,74,5,190,0,0,0,190
03/20/2022,TYS,TN,ASO,ES,Combined TRACON& Tower with Radar,75,43,104,6,228,0,0,52,3,55,75,43,156,9,283,44,2,46,329
03/21/2022,TYS,TN,ASO,ES,Combined TRACON& Tower with Radar,72,44,102,22,240,0,5,69,2,76,72,49,171,24,316,70,51,121,437
03/22/2022,TYS,TN,ASO,ES,Combined TRACON& Tower with Radar,68,41,68,49,226,0,0,52,2,54,68,41,120,51,280,6,51,57,337
03/23/2022,TYS,TN,ASO,ES,Combined TRACON& Tower with Radar,79,51,76,27,233,0,0,7,0,7,79,51,83,27,240,6,16,22,262
03/24/2022,TYS,TN,ASO,ES,Combined TRACON& Tower with Radar,85,50,104,40,279,0,0,75,10,85,85,50,179,50,364,40,24,64,428
03/25/2022,TYS,TN,ASO,ES,Combined TRACON& Tower with Radar,82,43,86,24,235,0,0,29,8,37,82,43,115,32,272,63,18,81,353
03/26/2022,TYS,TN,ASO,ES,Combined TRACON& Tower with Radar,63,34,46,1,144,0,0,18,4,22,63,34,64,5,166,20,24,44,210
03/27/2022,TYS,TN,ASO,ES,Combined TRACON& Tower with Radar,68,49,76,5,198,0,6,40,4,50,68,55,116,9,248,41,0,41,289
03/28/2022,TYS,TN,ASO,ES,Combined TRACON& Tower with Radar,80,41,90,34,245,0,5,60,4,69,80,46,150,38,314,56,18,74,388
03/29/2022,TYS,TN,ASO,ES,Combined TRACON& Tower with Radar,60,44,84,58,246,0,5,64,21,90,60,49,148,79,336,62,135,197,533
03/30/2022,TYS,TN,ASO,ES,Combined TRACON& Tower with Radar,78,58,94,26,256,0,0,28,15,43,78,58,122,41,299,31,40,71,370
03/31/2022,TYS,TN,ASO,ES,Combined TRACON& Tower with Radar,75,52,111,32,270,0,0,15,22,37,75,52,126,54,307,8,33,41,348
04/01/2022,TYS,TN,ASO,ES,Combined TRACON& Tower with Radar,85,60,142,27,314,0,6,69,22,97,85,66,211,49,411,30,8,38,449
04/02/2022,TYS,TN,ASO,ES,Combined TRACON& Tower with Radar,58,33,38,0,129,0,6,60,19,85,58,39,98,19,214,53,0,53,267
04/03/2022,TYS,TN,ASO,ES,Combined TRACON& Tower with Radar,68,61,124,15,268,0,8,108,20,136,68,69,232,35,404,31,4,35,439
04/04/2022,TYS,TN,ASO,ES,Combined TRACON& Tower with Radar,82,45,95,3,225,0,0,79,0,79,82,45,174,3,304,46,4,50,354
04/05/2022,TYS,TN,ASO,ES,Combined TRACON& Tower with Radar,67,48,86,26,227,0,0,23,10,33,67,48,109,36,260,41,20,61,321
04/06/2022,TYS,TN,ASO,ES,Combined TRACON& Tower with Radar,76,43,84,30,233,0,0,15,0,15,76,43,99,30,248,42,0,42,290
04/07/2022,TYS,TN,ASO,ES,Combined TRACON& Tower with Radar,75,53,103,22,253,0,2,63,15,80,75,55,166,37,333,31,22,53,386
04/08/2022,TYS,TN,ASO,ES,Combined TRACON& Tower with Radar,78,73,74,2,227,0,2,10,14,26,78,75,84,16,253,22,6,28,281
04/09/2022,TYS,TN,ASO,ES,Combined TRACON& Tower with Radar,66,36,41,13,156,0,0,12,9,21,66,36,53,22,177,0,0,0,177
04/10/2022,TYS,TN,ASO,ES,Combined TRACON& Tower with Radar,61,51,87,5,204,0,2,66,11,79,61,53,153,16,283,75,0,75,358
04/11/2022,TYS,TN,ASO,ES,Combined TRACON& Tower with Radar,68,53,83,5,209,0,0,24,7,31,68,53,107,12,240,24,10,34,274
04/12/2022,TYS,TN,ASO,ES,Combined TRACON& Tower with Radar,69,55,98,1,223,0,0,19,0,19,69,55,117,1,242,38,0,38,280
04/13/2022,TYS,TN,ASO,ES,Combined TRACON& Tower with Radar,79,56,93,8,236,0,0,31,6,37,79,56,124,14,273,14,0,14,287
04/14/2022,TYS,TN,ASO,ES,Combined TRACON& Tower with Radar,83,72,129,53,337,0,2,42,11,55,83,74,171,64,392,85,8,93,485
04/15/2022,TYS,TN,ASO,ES,Combined TRACON& Tower with Radar,83,63,88,27,261,0,3,90,9,102,83,66,178,36,363,84,12,96,459
04/16/2022,TYS,TN,ASO,ES,Combined TRACON& Tower with Radar,65,41,55,3,164,0,0,11,1,12,65,41,66,4,176,22,0,22,198
04/17/2022,TYS,TN,ASO,ES,Combined TRACON& Tower with Radar,72,51,62,11,196,0,1,15,0,16,72,52,77,11,212,14,0,14,226
04/18/2022,TYS,TN,ASO,ES,Combined TRACON& Tower with Radar,76,60,116,14,266,0,0,6,0,6,76,60,122,14,272,9,0,9,281
04/19/2022,TYS,TN,ASO,ES,Combined TRACON& Tower with Radar,67,54,98,29,248,0,0,74,7,81,67,54,172,36,329,67,24,91,420
04/20/2022,TYS,TN,ASO,ES,Combined TRACON& Tower with Radar,78,45,86,24,233,0,2,66,5,73,78,47,152,29,306,40,42,82,388
04/21/2022,TYS,TN,ASO,ES,Combined TRACON& Tower with Radar,82,70,108,25,285,0,5,52,7,64,82,75,160,32,349,14,30,44,393
04/22/2022,TYS,TN,ASO,ES,Combined TRACON& Tower with Radar,89,62,117,46,314,0,1,52,14,67,89,63,169,60,381,21,4,25,406
04/23/2022,TYS,TN,ASO,ES,Combined TRACON& Tower with Radar,65,42,53,17,177,0,2,52,14,68,65,44,105,31,245,46,14,60,305
04/24/2022,TYS,TN,ASO,ES,Combined TRACON& Tower with Radar,63,66,73,22,224,0,2,39,12,53,63,68,112,34,277,15,4,19,296
04/25/2022,TYS,TN,ASO,ES,Combined TRACON& Tower with Radar,75,52,91,49,267,0,1,46,3,50,75,53,137,52,317,24,24,48,365
04/26/2022,TYS,TN,ASO,ES,Combined TRACON& Tower with Radar,71,75,103,19,268,0,2,10,1,13,71,77,113,20,281,2,6,8,289
04/27/2022,TYS,TN,ASO,ES,Combined TRACON& Tower with Radar,78,58,78,34,248,0,0,92,2,94,78,58,170,36,342,73,15,88,430
04/28/2022,TYS,TN,ASO,ES,Combined TRACON& Tower with Radar,79,72,122,33,306,0,0,56,13,69,79,72,178,46,375,23,23,46,421
04/29/2022,TYS,TN,ASO,ES,Combined TRACON& Tower with Radar,87,58,100,39,284,0,0,60,5,65,87,58,160,44,349,48,32,80,429
04/30/2022,TYS,TN,ASO,ES,Combined TRACON& Tower with Radar,66,43,40,3,152,0,0,36,2,38,66,43,76,5,190,54,0,54,244
05/01/2022,TYS,TN,ASO,ES,Combined TRACON& Tower with Radar,71,47,86,12,216,0,0,7,1,8,71,47,93,13,224,4,0,4,228
05/02/2022,TYS,TN,ASO,ES,Combined TRACON& Tower with Radar,78,47,73,18,216,0,1,70,0,71,78,48,143,18,287,28,28,56,343
05/03/2022,TYS,TN,ASO,ES,Combined TRACON& Tower with Radar,66,55,93,40,254,0,0,39,2,41,66,55,132,42,295,36,16,52,347
05/04/2022,TYS,TN,ASO,ES,Combined TRACON& Tower with Radar,80,59,97,6,242,0,0,36,5,41,80,59,133,11,283,8,1,9,292
05/05/2022,TYS,TN,ASO,ES,Combined TRACON& Tower with Radar,86,50,97,65,298,0,1,56,13,70,86,51,153,78,368,28,60,88,456
05/06/2022,TYS,TN,ASO,ES,Combined TRACON& Tower with Radar,85,47,59,6,197,0,0,3,0,3,85,47,62,6,200,4,0,4,204
05/07/2022,TYS,TN,ASO,ES,Combined TRACON& Tower with Radar,72,29,50,5,156,0,0,4,5,9,72,29,54,10,165,0,0,0,165
05/08/2022,TYS,TN,ASO,ES,Combined TRACON& Tower with Radar,76,57,72,3,208,0,0,4,4,8,76,57,76,7,216,5,0,5,221
05/09/2022,TYS,TN,ASO,ES,Combined TRACON& Tower with Radar,81,37,95,25,238,0,0,70,12,82,81,37,165,37,320,29,20,49,369
05/10/2022,TYS,TN,ASO,ES,Combined TRACON& Tower with Radar,70,49,86,35,240,0,0,61,12,73,70,49,147,47,313,12,8,20,333
05/11/2022,TYS,TN,ASO,ES,Combined TRACON& Tower with Radar,75,34,80,68,257,0,0,69,4,73,75,34,149,72,330,66,32,98,428
05/12/2022,TYS,TN,ASO,ES,Combined TRACON& Tower with Radar,93,51,102,41,287,0,0,57,15,72,93,51,159,56,359,64,59,123,482
05/13/2022,TYS,TN,ASO,ES,Combined TRACON& Tower with Radar,81,42,97,36,256,0,0,54,4,58,81,42,151,40,314,65,18,83,397
05/14/2022,TYS,TN,ASO,ES,Combined TRACON& Tower with Radar,74,30,37,13,154,0,0,25,0,25,74,30,62,13,179,37,0,37,216
05/15/2022,TYS,TN,ASO,ES,Combined TRACON& Tower with Radar,73,41,75,5,194,0,0,25,2,27,73,41,100,7,221,14,0,14,235
05/16/2022,TYS,TN,ASO,ES,Combined TRACON& Tower with Radar,80,44,108,49,281,0,0,49,0,49,80,44,157,49,330,38,6,44,374
05/17/2022,TYS,TN,ASO,ES,Combined TRACON& Tower with Radar,68,54,102,32,256,0,0,76,15,91,68,54,178,47,347,49,17,66,413
05/18/2022,TYS,TN,ASO,ES,Combined TRACON& Tower with Radar,76,43,95,38,252,0,0,66,7,73,76,43,161,45,325,68,30,98,423
05/19/2022,TYS,TN,ASO,ES,Combined TRACON& Tower with Radar,85,41,127,51,304,0,0,31,15,46,85,41,158,66,350,53,46,99,449
05/20/2022,TYS,TN,ASO,ES,Combined TRACON& Tower with Radar,90,42,104,40,276,0,2,55,14,71,90,44,159,54,347,88,46,134,481
05/21/2022,TYS,TN,ASO,ES,Combined TRACON& Tower with Radar,69,40,65,1,175,0,0,28,9,37,69,40,93,10,212,45,6,51,263
05/22/2022,TYS,TN,ASO,ES,Combined TRACON& Tower with Radar,70,58,86,7,221,0,0,11,8,19,70,58,97,15,240,8,0,8,248
05/23/2022,TYS,TN,ASO,ES,Combined TRACON& Tower with Radar,86,40,83,0,209,0,0,1,0,1,86,40,84,0,210,0,0,0,210
05/24/2022,TYS,TN,ASO,ES,Combined TRACON& Tower with Radar,71,42,113,43,269,0,2,21,10,33,71,44,134,53,302,30,2,32,334
05/25/2022,TYS,TN,ASO,ES,Combined TRACON& Tower with Radar,77,47,97,59,280,0,0,65,11,76,77,47,162,70,356,35,36,71,427
05/26/2022,TYS,TN,ASO,ES,Combined TRACON& Tower with Radar,83,44,85,18,230,0,2,1,7,10,83,46,86,25,240,12,14,26,266
05/27/2022,TYS,TN,ASO,ES,Combined TRACON& Tower with Radar,90,59,60,17,226,0,0,22,3,25,90,59,82,20,251,11,10,21,272
05/28/2022,TYS,TN,ASO,ES,Combined TRACON& Tower with Radar,70,39,54,6,169,0,0,32,0,32,70,39,86,6,201,50,0,50,251
05/29/2022,TYS,TN,ASO,ES,Combined TRACON& Tower with Radar,72,36,41,4,153,0,2,34,2,38,72,38,75,6,191,6,0,6,197
05/30/2022,TYS,TN,ASO,ES,Combined TRACON& Tower with Radar,87,46,51,3,187,0,0,34,1,35,87,46,85,4,222,10,0,10,232
05/31/2022,TYS,TN,ASO,ES,Combined TRACON& Tower with Radar,68,51,106,16,241,0,4,61,2,67,68,55,167,18,308,72,0,72,380
06/01/2022,TYS,TN,ASO,ES,Combined TRACON& Tower with Radar,78,48,99,35,260,0,6,77,16,99,78,54,176,51,359,104,22,126,485
06/02/2022,TYS,TN,ASO,ES,Combined TRACON& Tower with Radar,87,40,85,38,250,0,0,37,0,37,87,40,122,38,287,14,10,24,311
06/03/2022,TYS,TN,ASO,ES,Combined TRACON& Tower with Radar,84,49,117,25,275,0,8,35,9,52,84,57,152,34,327,111,0,111,438
06/04/2022,TYS,TN,ASO,ES,Combined TRACON& Tower with Radar,80,37,45,22,184,0,3,74,12,89,80,40,119,34,273,50,14,64,337
06/05/2022,TYS,TN,ASO,ES,Combined TRACON& Tower with Radar,79,60,84,16,239,0,10,39,3,52,79,70,123,19,291,26,2,28,319
06/06/2022,TYS,TN,ASO,ES,Combined TRACON& Tower with Radar,89,44,77,25,235,0,0,61,15,76,89,44,138,40,311,92,18,110,421
06/07/2022,TYS,TN,ASO,ES,Combined TRACON& Tower with Radar,74,46,114,43,277,0,1,7,14,22,74,47,121,57,299,52,40,92,391
06/08/2022,TYS,TN,ASO,ES,Combined TRACON& Tower with Radar,83,55,116,1,255,0,0,11,6,17,83,55,127,7,272,29,1,30,302
06/09/2022,TYS,TN,ASO,ES,Combined TRACON& Tower with Radar,97,71,144,25,337,0,6,59,12,77,97,77,203,37,414,49,31,80,494
06/10/2022,TYS,TN,ASO,ES,Combined TRACON& Tower with Radar,88,60,94,59,301,0,6,59,8,73,88,66,153,67,374,95,36,131,505
06/11/2022,TYS,TN,ASO,ES,Combined TRACON& Tower with Radar,68,51,57,8,184,0,3,52,4,59,68,54,109,12,243,6,2,8,251
06/12/2022,TYS,TN,ASO,ES,Combined TRACON& Tower with Radar,75,41,72,11,199,0,2,22,5,29,75,43,94,16,228,8,0,8,236
06/13/2022,TYS,TN,ASO,ES,Combined TRACON& Tower with Radar,90,57,90,7,244,0,4,54,6,64,90,61,144,13,308,38,0,38,346
06/14/2022,TYS,TN,ASO,ES,Combined TRACON& Tower with Radar,75,57,133,35,300,0,1,64,13,78,75,58,197,48,378,73,32,105,483
06/15/2022,TYS,TN,ASO,ES,Combined TRACON& Tower with Radar,83,54,122,36,295,0,3,64,14,81,83,57,186,50,376,42,33,75,451
06/16/2022,TYS,TN,ASO,ES,Combined TRACON& Tower with Radar,81,41,104,40,266,0,3,75,14,92,81,44,179,54,358,42,41,83,441
06/17/2022,TYS,TN,ASO,ES,Combined TRACON& Tower with Radar,87,44,121,28,280,0,3,53,1,57,87,47,174,29,337,19,4,23,360
06/18/2022,TYS,TN,ASO,ES,Combined TRACON& Tower with Radar,74,38,60,12,184,0,2,29,1,32,74,40,89,13,216,38,12,50,266
06/19/2022,TYS,TN,ASO,ES,Combined TRACON& Tower with Radar,70,40,62,1,173,0,0,20,0,20,70,40,82,1,193,30,0,30,223
06/20/2022,TYS,TN,ASO,ES,Combined TRACON& Tower with Radar,85,42,70,5,202,0,4,72,2,78,85,46,142,7,280,54,0,54,334
06/21/2022,TYS,TN,ASO,ES,Combined TRACON& Tower with Radar,76,53,104,63,296,0,0,87,12,99,76,53,191,75,395,56,46,102,497
06/22/2022,TYS,TN,ASO,ES,Combined TRACON& Tower with Radar,80,46,67,26,219,0,0,66,8,74,80,46,133,34,293,37,10,47,340
06/23/2022,TYS,TN,ASO,ES,Combined TRACON& Tower with Radar,81,53,102,26,262,0,2,66,18,86,81,55,168,44,348,32,16,48,396
06/24/2022,TYS,TN,ASO,ES,Combined TRACON& Tower with Radar,88,53,90,61,292,0,0,73,25,98,88,53,163,86,390,118,40,158,548
06/25/2022,TYS,TN,ASO,ES,Combined TRACON& Tower with Radar,85,41,66,6,198,0,0,43,12,55,85,41,109,18,253,48,4,52,305
06/26/2022,TYS,TN,ASO,ES,Combined TRACON& Tower with Radar,70,44,60,20,194,0,0,23,12,35,70,44,83,32,229,26,10,36,265
06/27/2022,TYS,TN,ASO,ES,Combined TRACON& Tower with Radar,93,44,88,4,229,0,0,15,0,15,93,44,103,4,244,50,0,50,294
06/28/2022,TYS,TN,ASO,ES,Combined TRACON& Tower with Radar,78,55,77,58,268,0,1,78,9,88,78,56,155,67,356,101,30,131,487
06/29/2022,TYS,TN,ASO,ES,Combined TRACON& Tower with Radar,87,45,82,31,245,0,2,63,1,66,87,47,145,32,311,86,31,117,428
06/30/2022,TYS,TN,ASO,ES,Combined TRACON& Tower with Radar,84,47,117,35,283,0,2,63,11,76,84,49,180,46,359,79,30,109,468
07/01/2022,TYS,TN,ASO,ES,Combined TRACON& Tower with Radar,89,61,86,15,251,0,0,63,3,66,89,61,149,18,317,59,8,67,384
07/02/2022,TYS,TN,ASO,ES,Combined TRACON& Tower with Radar,79,38,37,0,154,0,0,30,0,30,79,38,67,0,184,6,0,6,190
07/03/2022,TYS,TN,ASO,ES,Combined TRACON& Tower with Radar,59,45,32,0,136,0,0,8,0,8,59,45,40,0,144,7,0,7,151
07/04/2022,TYS,TN,ASO,ES,Combined TRACON& Tower with Radar,73,34,18,2,127,0,0,16,0,16,73,34,34,2,143,0,0,0,143
07/05/2022,TYS,TN,ASO,ES,Combined TRACON& Tower with Radar,75,48,83,10,216,0,0,78,10,88,75,48,161,20,304,102,4,106,410
07/06/2022,TYS,TN,ASO,ES,Combined TRACON& Tower with Radar,75,38,77,9,199,0,1,69,6,76,75,39,146,15,275,84,2,86,361
07/07/2022,TYS,TN,ASO,ES,Combined TRACON& Tower with Radar,86,48,97,9,240,0,0,27,4,31,86,48,124,13,271,58,28,86,357
07/08/2022,TYS,TN,ASO,ES,Combined TRACON& Tower with Radar,81,47,104,38,270,0,0,94,6,100,81,47,198,44,370,89,2,91,461
07/09/2022,TYS,TN,ASO,ES,Combined TRACON& Tower with Radar,71,36,45,2,154,0,0,0,0,0,71,36,45,2,154,0,0,0,154
07/10/2022,TYS,TN,ASO,ES,Combined TRACON& Tower with Radar,72,45,57,17,191,0,0,10,0,10,72,45,67,17,201,50,0,50,251
07/11/2022,TYS,TN,ASO,ES,Combined TRACON& Tower with Radar,86,46,100,22,254,0,0,43,0,43,86,46,143,22,297,116,18,134,431
07/12/2022,TYS,TN,ASO,ES,Combined TRACON& Tower with Radar,77,42,129,39,287,0,0,87,12,99,77,42,216,51,386,91,14,105,491
07/13/2022,TYS,TN,ASO,ES,Combined TRACON& Tower with Radar,82,53,118,32,285,0,0,62,4,66,82,53,180,36,351,150,18,168,519
07/14/2022,TYS,TN,ASO,ES,Combined TRACON& Tower with Radar,85,51,100,18,254,0,7,109,21,137,85,58,209,39,391,155,11,166,557
07/15/2022,TYS,TN,ASO,ES,Combined TRACON& Tower with Radar,90,57,90,28,265,0,0,107,19,126,90,57,197,47,391,58,6,64,455
07/16/2022,TYS,TN,ASO,ES,Combined TRACON& Tower with Radar,79,34,48,2,163,0,2,57,0,59,79,36,105,2,222,53,0,53,275
07/17/2022,TYS,TN,ASO,ES,Combined TRACON& Tower with Radar,72,44,56,12,184,0,0,24,5,29,72,44,80,17,213,30,0,30,243
07/18/2022,TYS,TN,ASO,ES,Combined TRACON& Tower with Radar,82,41,70,34,227,0,0,47,2,49,82,41,117,36,276,74,25,99,375
07/19/2022,TYS,TN,ASO,ES,Combined TRACON& Tower with Radar,83,38,98,25,244,0,0,47,13,60,83,38,145,38,304,110,27,137,441
07/20/2022,TYS,TN,ASO,ES,Combined TRACON& Tower with Radar,82,49,106,5,242,0,0,55,2,57,82,49,161,7,299,77,0,77,376
07/21/2022,TYS,TN,ASO,ES,Combined TRACON& Tower with Radar,85,63,117,40,305,0,0,44,5,49,85,63,161,45,354,65,2,67,421
07/22/2022,TYS,TN,ASO,ES,Combined TRACON& Tower with Radar,91,40,135,67,333,0,0,63,13,76,91,40,198,80,409,22,22,44,453
07/23/2022,TYS,TN,ASO,ES,Combined TRACON& Tower with Radar,82,45,61,42,230,0,0,80,0,80,82,45,141,42,310,118,4,122,432
07/24/2022,TYS,TN,ASO,ES,Combined TRACON& Tower with Radar,72,46,75,2,195,0,2,44,0,46,72,48,119,2,241,48,0,48,289
07/25/2022,TYS,TN,ASO,ES,Combined TRACON& Tower with Radar,83,42,83,4,212,0,0,28,7,35,83,42,111,11,247,100,0,100,347
07/26/2022,TYS,TN,ASO,ES,Combined TRACON& Tower with Radar,75,45,73,35,228,0,2,41,7,50,75,47,114,42,278,144,26,170,448
07/27/2022,TYS,TN,ASO,ES,Combined TRACON& Tower with Radar,83,35,77,18,213,0,0,71,12,83,83,35,148,30,296,88,16,104,400
07/28/2022,TYS,TN,ASO,ES,Combined TRACON& Tower with Radar,80,33,82,12,207,0,0,43,8,51,80,33,125,20,258,78,0,78,336
07/29/2022,TYS,TN,ASO,ES,Combined TRACON& Tower with Radar,91,44,100,0,235,0,0,24,2,26,91,44,124,2,261,65,0,65,326
07/30/2022,TYS,TN,ASO,ES,Combined TRACON& Tower with Radar,72,37,66,0,175,0,0,41,3,44,72,37,107,3,219,35,0,35,254
07/31/2022,TYS,TN,ASO,ES,Combined TRACON& Tower with Radar,73,38,77,0,188,0,0,7,1,8,73,38,84,1,196,6,0,6,202
08/01/2022,TYS,TN,ASO,ES,Combined TRACON& Tower with Radar,84,46,98,33,261,0,0,17,0,17,84,46,115,33,278,93,1,94,372
08/02/2022,TYS,TN,ASO,ES,Combined TRACON& Tower with Radar,78,50,113,34,275,0,0,79,12,91,78,50,192,46,366,112,16,128,494
08/03/2022,TYS,TN,ASO,ES,Combined TRACON& Tower with Radar,82,39,123,33,277,0,0,101,11,112,82,39,224,44,389,101,37,138,527
08/04/2022,TYS,TN,ASO,ES,Combined TRACON& Tower with Radar,85,55,122,54,316,0,0,60,7,67,85,55,182,61,383,142,5,147,530
08/05/2022,TYS,TN,ASO,ES,Combined TRACON& Tower with Radar,79,58,81,70,288,0,0,45,3,48,79,58,126,73,336,77,0,77,413
08/06/2022,TYS,TN,ASO,ES,Combined TRACON& Tower with Radar,83,36,38,7,164,0,0,32,5,37,83,36,70,12,201,0,0,0,201
08/07/2022,TYS,TN,ASO,ES,Combined TRACON& Tower with Radar,76,38,71,24,209,0,0,30,1,31,76,38,101,25,240,60,4,64,304
08/08/2022,TYS,TN,ASO,ES,Combined TRACON& Tower with Radar,81,34,106,3,224,0,0,61,0,61,81,34,167,3,285,144,0,144,429
08/09/2022,TYS,TN,ASO,ES,Combined TRACON& Tower with Radar,77,32,93,50,252,0,2,57,2,61,77,34,150,52,313,227,0,227,540
08/10/2022,TYS,TN,ASO,ES,Combined TRACON& Tower with Radar,78,56,95,31,260,0,2,43,8,53,78,58,138,39,313,76,24,100,413
08/11/2022,TYS,TN,ASO,ES,Combined TRACON& Tower with Radar,86,48,96,11,241,0,0,9,6,15,86,48,105,17,256,21,23,44,300
08/12/2022,TYS,TN,ASO,ES,Combined TRACON& Tower with Radar,86,55,110,52,303,0,0,92,9,101,86,55,202,61,404,102,8,110,514
08/13/2022,TYS,TN,ASO,ES,Combined TRACON& Tower with Radar,73,34,57,11,175,0,0,84,0,84,73,34,141,11,259,101,0,101,360
08/14/2022,TYS,TN,ASO,ES,Combined TRACON& Tower with Radar,68,54,71,26,219,0,0,97,10,107,68,54,168,36,326,0,0,0,326
08/15/2022,TYS,TN,ASO,ES,Combined TRACON& Tower with Radar,81,42,95,45,263,0,0,83,4,87,81,42,178,49,350,84,30,114,464
08/16/2022,TYS,TN,ASO,ES,Combined TRACON& Tower with Radar,70,50,132,28,280,0,2,67,11,80,70,52,199,39,360,147,10,157,517
08/17/2022,TYS,TN,ASO,ES,Combined TRACON& Tower with Radar,70,45,99,14,228,0,0,83,17,100,70,45,182,31,328,114,26,140,468
08/18/2022,TYS,TN,ASO,ES,Combined TRACON& Tower with Radar,84,50,106,60,300,0,1,121,21,143,84,51,227,81,443,65,10,75,518
08/19/2022,TYS,TN,ASO,ES,Combined TRACON& Tower with Radar,82,40,90,18,230,0,0,79,2,81,82,40,169,20,311,80,18,98,409
08/20/2022,TYS,TN,ASO,ES,Combined TRACON& Tower with Radar,64,40,58,19,181,0,0,26,0,26,64,40,84,19,207,80,17,97,304
08/21/2022,TYS,TN,ASO,ES,Combined TRACON& Tower with Radar,66,60,51,4,181,0,0,17,0,17,66,60,68,4,198,24,0,24,222
08/22/2022,TYS,TN,ASO,ES,Combined TRACON& Tower with Radar,70,44,125,45,284,0,0,46,1,47,70,44,171,46,331,74,4,78,409
08/23/2022,TYS,TN,ASO,ES,Combined TRACON& Tower with Radar,68,44,103,111,326,0,0,110,7,117,68,44,213,118,443,100,58,158,601
08/24/2022,TYS,TN,ASO,ES,Combined TRACON& Tower with Radar,69,52,108,71,300,0,0,96,11,107,69,52,204,82,407,109,36,145,552
08/25/2022,TYS,TN,ASO,ES,Combined TRACON& Tower with Radar,84,51,121,49,305,0,0,67,2,69,84,51,188,51,374,135,9,144,518
08/26/2022,TYS,TN,ASO,ES,Combined TRACON& Tower with Radar,75,44,101,24,244,0,0,38,0,38,75,44,139,24,282,48,8,56,338
08/27/2022,TYS,TN,ASO,ES,Combined TRACON& Tower with Radar,65,32,31,12,140,0,0,63,0,63,65,32,94,12,203,83,5,88,291
08/28/2022,TYS,TN,ASO,ES,Combined TRACON& Tower with Radar,77,49,73,17,216,0,0,57,16,73,77,49,130,33,289,49,0,49,338
08/29/2022,TYS,TN,ASO,ES,Combined TRACON& Tower with Radar,75,34,120,19,248,0,0,89,3,92,75,34,209,22,340,135,6,141,481
08/30/2022,TYS,TN,ASO,ES,Combined TRACON& Tower with Radar,76,38,110,27,251,0,2,69,0,71,76,40,179,27,322,144,6,150,472
08/31/2022,TYS,TN,ASO,ES,Combined TRACON& Tower with Radar,69,44,117,27,257,0,10,104,4,118,69,54,221,31,375,175,16,191,566
09/01/2022,TYS,TN,ASO,ES,Combined TRACON& Tower with Radar,85,50,145,12,292,0,10,111,7,128,85,60,256,19,420,117,0,117,537
09/02/2022,TYS,TN,ASO,ES,Combined TRACON& Tower with Radar,87,54,103,0,244,0,2,73,0,75,87,56,176,0,319,126,0,126,445
09/03/2022,TYS,TN,ASO,ES,Combined TRACON& Tower with Radar,59,32,42,0,133,0,0,9,0,9,59,32,51,0,142,18,0,18,160
09/04/2022,TYS,TN,ASO,ES,Combined TRACON& Tower with Radar,61,32,38,4,135,0,0,18,0,18,61,32,56,4,153,26,0,26,179
09/05/2022,TYS,TN,ASO,ES,Combined TRACON& Tower with Radar,78,54,71,9,212,0,0,6,0,6,78,54,77,9,218,13,0,13,231
09/06/2022,TYS,TN,ASO,ES,Combined TRACON& Tower with Radar,68,55,95,26,244,0,0,30,2,32,68,55,125,28,276,75,0,75,351
09/07/2022,TYS,TN,ASO,ES,Combined TRACON& Tower with Radar,68,49,129,17,263,0,0,37,10,47,68,49,166,27,310,26,0,26,336
09/08/2022,TYS,TN,ASO,ES,Combined TRACON& Tower with Radar,84,45,77,4,210,0,5,79,3,87,84,50,156,7,297,32,0,32,329
09/09/2022,TYS,TN,ASO,ES,Combined TRACON& Tower with Radar,79,42,64,13,198,0,3,31,4,38,79,45,95,17,236,0,7,7,243
09/10/2022,TYS,TN,ASO,ES,Combined TRACON& Tower with Radar,53,46,39,2,140,0,1,2,0,3,53,47,41,2,143,16,0,16,159
09/11/2022,TYS,TN,ASO,ES,Combined TRACON& Tower with Radar,74,48,38,11,171,0,1,11,24,36,74,49,49,35,207,0,0,0,207
09/12/2022,TYS,TN,ASO,ES,Combined TRACON& Tower with Radar,80,52,120,11,263,0,4,37,2,43,80,56,157,13,306,86,6,92,398
09/13/2022,TYS,TN,ASO,ES,Combined TRACON& Tower with Radar,66,50,114,6,236,0,6,79,0,85,66,56,193,6,321,115,12,127,448
09/14/2022,TYS,TN,ASO,ES,Combined TRACON& Tower with Radar,71,47,114,33,265,0,5,85,1,91,71,52,199,34,356,52,19,71,427
09/15/2022,TYS,TN,ASO,ES,Combined TRACON& Tower with Radar,89,65,97,50,301,0,6,71,0,77,89,71,168,50,378,50,10,60,438
09/16/2022,TYS,TN,ASO,ES,Combined TRACON& Tower with Radar,85,54,125,56,320,0,6,59,2,67,85,60,184,58,387,46,10,56,443
09/17/2022,TYS,TN,ASO,ES,Combined TRACON& Tower with Radar,58,40,67,8,173,0,0,52,4,56,58,40,119,12,229,38,8,46,275
09/18/2022,TYS,TN,ASO,ES,Combined TRACON& Tower with Radar,78,70,94,24,266,0,0,27,4,31,78,70,121,28,297,16,0,16,313
09/19/2022,TYS,TN,ASO,ES,Combined TRACON& Tower with Radar,80,46,123,31,280,0,6,56,7,69,80,52,179,38,349,70,8,78,427
09/20/2022,TYS,TN,ASO,ES,Combined TRACON& Tower with Radar,64,49,97,21,231,0,6,73,2,81,64,55,170,23,312,52,2,54,366
09/21/2022,TYS,TN,ASO,ES,Combined TRACON& Tower with Radar,69,65,132,41,307,0,4,71,6,81,69,69,203,47,388,53,26,79,467
09/22/2022,TYS,TN,ASO,ES,Combined TRACON& Tower with Radar,92,48,126,36,302,0,6,51,4,61,92,54,177,40,363,22,18,40,403
09/23/2022,TYS,TN,ASO,ES,Combined TRACON& Tower with Radar,86,62,136,17,301,0,9,71,8,88,86,71,207,25,389,52,2,54,443
09/24/2022,TYS,TN,ASO,ES,Combined TRACON& Tower with Radar,55,62,109,2,228,0,1,43,3,47,55,63,152,5,275,11,0,11,286
09/25/2022,TYS,TN,ASO,ES,Combined TRACON& Tower with Radar,78,50,94,4,226,0,0,15,0,15,78,50,109,4,241,12,0,12,253
09/26/2022,TYS,TN,ASO,ES,Combined TRACON& Tower with Radar,81,43,87,8,219,0,0,54,6,60,81,43,141,14,279,26,0,26,305
09/27/2022,TYS,TN,ASO,ES,Combined TRACON& Tower with Radar,74,49,112,28,263,0,5,79,8,92,74,54,191,36,355,68,2,70,425
09/28/2022,TYS,TN,ASO,ES,Combined TRACON& Tower with Radar,64,58,93,10,225,0,0,75,0,75,64,58,168,10,300,28,6,34,334
09/29/2022,TYS,TN,ASO,ES,Combined TRACON& Tower with Radar,79,47,94,13,233,0,0,53,0,53,79,47,147,13,286,26,10,36,322
09/30/2022,TYS,TN,ASO,ES,Combined TRACON& Tower with Radar,79,54,84,13,230,0,1,40,9,50,79,55,124,22,280,24,6,30,310
10/01/2022,TYS,TN,ASO,ES,Combined TRACON& Tower with Radar,57,41,53,2,153,0,0,6,0,6,57,41,59,2,159,10,0,10,169
10/02/2022,TYS,TN,ASO,ES,Combined TRACON& Tower with Radar,71,47,74,8,200,0,0,11,0,11,71,47,85,8,211,23,0,23,234
10/03/2022,TYS,TN,ASO,ES,Combined TRACON& Tower with Radar,77,43,91,0,211,0,2,47,0,49,77,45,138,0,260,83,0,83,343
10/04/2022,TYS,TN,ASO,ES,Combined TRACON& Tower with Radar,64,47,101,10,222,0,0,90,0,90,64,47,191,10,312,93,10,103,415
10/05/2022,TYS,TN,ASO,ES,Combined TRACON& Tower with Radar,66,58,118,23,265,0,3,118,5,126,66,61,236,28,391,66,12,78,469
10/06/2022,TYS,TN,ASO,ES,Combined TRACON& Tower with Radar,99,65,114,27,305,0,3,80,3,86,99,68,194,30,391,57,0,57,448
10/07/2022,TYS,TN,ASO,ES,Combined TRACON& Tower with Radar,92,63,110,29,294,0,0,88,1,89,92,63,198,30,383,78,7,85,468
10/08/2022,TYS,TN,ASO,ES,Combined TRACON& Tower with Radar,74,38,68,1,181,0,6,54,1,61,74,44,122,2,242,35,0,35,277
10/09/2022,TYS,TN,ASO,ES,Combined TRACON& Tower with Radar,82,55,88,0,225,0,0,45,1,46,82,55,133,1,271,26,0,26,297
10/10/2022,TYS,TN,ASO,ES,Combined TRACON& Tower with Radar,82,58,113,2,255,0,0,87,2,89,82,58,200,4,344,65,0,65,409
10/11/2022,TYS,TN,ASO,ES,Combined TRACON& Tower with Radar,67,43,96,51,257,0,2,74,5,81,67,45,170,56,338,29,16,45,383
10/12/2022,TYS,TN,ASO,ES,Combined TRACON& Tower with Radar,75,35,96,7,213,0,0,30,0,30,75,35,126,7,243,49,2,51,294
10/13/2022,TYS,TN,ASO,ES,Combined TRACON& Tower with Radar,98,66,123,46,333,0,0,39,12,51,98,66,162,58,384,13,17,30,414
10/14/2022,TYS,TN,ASO,ES,Combined TRACON& Tower with Radar,96,74,159,15,344,0,0,73,15,88,96,74,232,30,432,24,14,38,470
10/15/2022,TYS,TN,ASO,ES,Combined TRACON& Tower with Radar,75,79,155,4,313,0,0,50,24,74,75,79,205,28,387,4,12,16,403
10/16/2022,TYS,TN,ASO,ES,Combined TRACON& Tower with Radar,84,73,132,3,292,0,1,28,1,30,84,74,160,4,322,4,0,4,326
10/17/2022,TYS,TN,ASO,ES,Combined TRACON& Tower with Radar,83,48,109,4,244,0,2,57,3,62,83,50,166,7,306,6,0,6,312
10/18/2022,TYS,TN,ASO,ES,Combined TRACON& Tower with Radar,76,37,110,44,267,0,0,60,1,61,76,37,170,45,328,79,6,85,413
10/19/2022,TYS,TN,ASO,ES,Combined TRACON& Tower with Radar,76,57,118,19,270,0,1,63,7,71,76,58,181,26,341,27,20,47,388
10/20/2022,TYS,TN,ASO,ES,Combined TRACON& Tower with Radar,92,64,142,29,327,0,3,86,14,103,92,67,228,43,430,67,11,78,508
10/21/2022,TYS,TN,ASO,ES,Combined TRACON& Tower with Radar,85,61,115,30,291,0,0,71,2,73,85,61,186,32,364,32,13,45,409
10/22/2022,TYS,TN,ASO,ES,Combined TRACON& Tower with Radar,61,41,72,8,182,0,0,38,12,50,61,41,110,20,232,30,0,30,262
10/23/2022,TYS,TN,ASO,ES,Combined TRACON& Tower with Radar,83,65,107,7,262,0,3,36,3,42,83,68,143,10,304,11,5,16,320
10/24/2022,TYS,TN,ASO,ES,Combined TRACON& Tower with Radar,78,43,109,2,232,0,5,90,4,99,78,48,199,6,331,74,0,74,405
10/25/2022,TYS,TN,ASO,ES,Combined TRACON& Tower with Radar,60,45,121,18,244,0,2,74,11,87,60,47,195,29,331,130,16,146,477
10/26/2022,TYS,TN,ASO,ES,Combined TRACON& Tower with Radar,72,60,164,25,321,0,0,23,3,26,72,60,187,28,347,123,2,125,472
10/27/2022,TYS,TN,ASO,ES,Combined TRACON& Tower with Radar,93,50,111,5,259,0,6,75,15,96,93,56,186,20,355,43,7,50,405
10/28/2022,TYS,TN,ASO,ES,Combined TRACON& Tower with Radar,86,55,127,18,286,0,0,118,4,122,86,55,245,22,408,52,14,66,474
10/29/2022,TYS,TN,ASO,ES,Combined TRACON& Tower with Radar,58,56,84,1,199,0,6,66,2,74,58,62,150,3,273,62,0,62,335
10/30/2022,TYS,TN,ASO,ES,Combined TRACON& Tower with Radar,72,68,92,1,233,0,1,20,0,21,72,69,112,1,254,26,0,26,280
10/31/2022,TYS,TN,ASO,ES,Combined TRACON& Tower with Radar,67,39,84,1,191,0,0,9,0,9,67,39,93,1,200,2,0,2,202
11/01/2022,TYS,TN,ASO,ES,Combined TRACON& Tower with Radar,66,55,116,29,266,0,0,61,3,64,66,55,177,32,330,74,15,89,419
11/02/2022,TYS,TN,ASO,ES,Combined TRACON& Tower with Radar,68,53,89,22,232,0,2,55,7,64,68,55,144,29,296,90,12,102,398
11/03/2022,TYS,TN,ASO,ES,Combined TRACON& Tower with Radar,84,49,104,22,259,0,0,89,27,116,84,49,193,49,375,72,15,87,462
11/04/2022,TYS,TN,ASO,ES,Combined TRACON& Tower with Radar,78,58,118,56,310,0,2,59,34,95,78,60,177,90,405,45,31,76,481
11/05/2022,TYS,TN,ASO,ES,Combined TRACON& Tower with Radar,66,42,72,4,184,0,0,10,7,17,66,42,82,11,201,0,0,0,201
11/06/2022,TYS,TN,ASO,ES,Combined TRACON& Tower with Radar,72,60,72,13,217,0,0,29,4,33,72,60,101,17,250,16,0,16,266
11/07/2022,TYS,TN,ASO,ES,Combined TRACON& Tower with Radar,76,50,118,18,262,0,2,32,0,34,76,52,150,18,296,67,2,69,365
11/08/2022,TYS,TN,ASO,ES,Combined TRACON& Tower with Radar,65,67,99,29,260,0,0,101,7,108,65,67,200,36,368,88,15,103,471
11/09/2022,TYS,TN,ASO,ES,Combined TRACON& Tower with Radar,74,40,89,50,253,0,0,109,10,119,74,40,198,60,372,110,22,132,504
11/10/2022,TYS,TN,ASO,ES,Combined TRACON& Tower with Radar,81,53,102,29,265,0,1,60,13,74,81,54,162,42,339,55,30,85,424
11/11/2022,TYS,TN,ASO,ES,Combined TRACON& Tower with Radar,81,59,119,1,260,0,0,0,0,0,81,59,119,1,260,0,0,0,260
11/12/2022,TYS,TN,ASO,ES,Combined TRACON& Tower with Radar,63,56,92,0,211,0,0,5,2,7,63,56,97,2,218,6,0,6,224
11/13/2022,TYS,TN,ASO,ES,Combined TRACON& Tower with Radar,77,64,89,0,230,0,0,16,0,16,77,64,105,0,246,65,0,65,311
11/14/2022,TYS,TN,ASO,ES,Combined TRACON& Tower with Radar,83,46,109,49,287,0,1,80,8,89,83,47,189,57,376,127,55,182,558
11/15/2022,TYS,TN,ASO,ES,Combined TRACON& Tower with Radar,69,45,63,1,178,0,0,0,1,1,69,45,63,2,179,0,0,0,179
11/16/2022,TYS,TN,ASO,ES,Combined TRACON& Tower with Radar,73,49,124,30,276,0,3,59,6,68,73,52,183,36,344,32,7,39,383
11/17/2022,TYS,TN,ASO,ES,Combined TRACON& Tower with Radar,84,70,109,52,315,0,0,56,3,59,84,70,165,55,374,41,30,71,445
11/18/2022,TYS,TN,ASO,ES,Combined TRACON& Tower with Radar,86,43,105,51,285,0,1,36,8,45,86,44,141,59,330,36,8,44,374
11/19/2022,TYS,TN,ASO,ES,Combined TRACON& Tower with Radar,63,52,57,15,187,0,0,44,11,55,63,52,101,26,242,34,2,36,278
11/20/2022,TYS,TN,ASO,ES,Combined TRACON& Tower with Radar,81,69,68,5,223,0,2,57,8,67,81,71,125,13,290,53,0,53,343
11/21/2022,TYS,TN,ASO,ES,Combined TRACON& Tower with Radar,80,45,95,49,269,0,2,82,0,84,80,47,177,49,353,69,15,84,437
11/22/2022,TYS,TN,ASO,ES,Combined TRACON& Tower with Radar,94,67,147,26,334,0,1,88,0,89,94,68,235,26,423,84,25,109,532
11/23/2022,TYS,TN,ASO,ES,Combined TRACON& Tower with Radar,82,48,75,11,216,0,0,54,7,61,82,48,129,18,277,88,8,96,373
11/24/2022,TYS,TN,ASO,ES,Combined TRACON& Tower with Radar,42,30,18,0,90,0,0,9,2,11,42,30,27,2,101,2,0,2,103
11/25/2022,TYS,TN,ASO,ES,Combined TRACON& Tower with Radar,65,33,41,0,139,0,0,8,0,8,65,33,49,0,147,22,0,22,169
11/26/2022,TYS,TN,ASO,ES,Combined TRACON& Tower with Radar,78,45,69,0,192,0,0,23,0,23,78,45,92,0,215,22,0,22,237
11/27/2022,TYS,TN,ASO,ES,Combined TRACON& Tower with Radar,78,58,96,4,236,0,0,1,0,1,78,58,97,4,237,0,0,0,237
11/28/2022,TYS,TN,ASO,ES,Combined TRACON& Tower with Radar,78,37,97,19,231,0,0,41,1,42,78,37,138,20,273,42,0,42,315
11/29/2022,TYS,TN,ASO,ES,Combined TRACON& Tower with Radar,75,33,95,22,225,0,0,61,0,61,75,33,156,22,286,98,10,108,394
11/30/2022,TYS,TN,ASO,ES,Combined TRACON& Tower with Radar,64,54,120,50,288,0,1,47,5,53,64,55,167,55,341,44,33,77,418
12/01/2022,TYS,TN,ASO,ES,Combined TRACON& Tower with Radar,74,47,82,57,260,0,0,89,11,100,74,47,171,68,360,38,40,78,438
12/02/2022,TYS,TN,ASO,ES,Combined TRACON& Tower with Radar,72,43,115,15,245,0,0,56,13,69,72,43,171,28,314,83,21,104,418
12/03/2022,TYS,TN,ASO,ES,Combined TRACON& Tower with Radar,48,41,50,12,151,0,0,8,0,8,48,41,58,12,159,27,0,27,186
12/04/2022,TYS,TN,ASO,ES,Combined TRACON& Tower with Radar,60,41,89,16,206,0,2,57,4,63,60,43,146,20,269,37,18,55,324
12/05/2022,TYS,TN,ASO,ES,Combined TRACON& Tower with Radar,65,36,103,40,244,0,0,8,0,8,65,36,111,40,252,6,0,6,258
12/06/2022,TYS,TN,ASO,ES,Combined TRACON& Tower with Radar,65,41,86,31,223,0,0,0,0,0,65,41,86,31,223,0,0,0,223
12/07/2022,TYS,TN,ASO,ES,Combined TRACON& Tower with Radar,57,37,94,12,200,0,0,1,0,1,57,37,95,12,201,0,0,0,201
12/08/2022,TYS,TN,ASO,ES,Combined TRACON& Tower with Radar,76,48,87,16,227,0,0,0,0,0,76,48,87,16,227,0,0,0,227
12/09/2022,TYS,TN,ASO,ES,Combined TRACON& Tower with Radar,65,44,80,3,192,0,0,0,0,0,65,44,80,3,192,0,0,0,192
12/10/2022,TYS,TN,ASO,ES,Combined TRACON& Tower with Radar,57,53,46,6,162,0,0,16,0,16,57,53,62,6,178,41,10,51,229
12/11/2022,TYS,TN,ASO,ES,Combined TRACON& Tower with Radar,62,53,68,4,187,0,0,1,0,1,62,53,69,4,188,0,0,0,188
12/12/2022,TYS,TN,ASO,ES,Combined TRACON& Tower with Radar,66,60,138,30,294,0,0,37,4,41,66,60,175,34,335,116,20,136,471
12/13/2022,TYS,TN,ASO,ES,Combined TRACON& Tower with Radar,56,56,126,51,289,0,0,61,1,62,56,56,187,52,351,87,25,112,463
12/14/2022,TYS,TN,ASO,ES,Combined TRACON& Tower with Radar,55,46,79,10,190,0,0,3,0,3,55,46,82,10,193,8,0,8,201
12/15/2022,TYS,TN,ASO,ES,Combined TRACON& Tower with Radar,75,39,144,43,301,0,0,33,10,43,75,39,177,53,344,48,42,90,434
12/16/2022,TYS,TN,ASO,ES,Combined TRACON& Tower with Radar,81,46,99,19,245,0,0,69,10,79,81,46,168,29,324,70,26,96,420
12/17/2022,TYS,TN,ASO,ES,Combined TRACON& Tower with Radar,69,40,55,11,175,0,2,36,4,42,69,42,91,15,217,18,25,43,260
12/18/2022,TYS,TN,ASO,ES,Combined TRACON& Tower with Radar,65,31,60,7,163,0,0,52,3,55,65,31,112,10,218,35,14,49,267
12/19/2022,TYS,TN,ASO,ES,Combined TRACON& Tower with Radar,71,44,89,12,216,0,0,65,1,66,71,44,154,13,282,154,10,164,446
12/20/2022,TYS,TN,ASO,ES,Combined TRACON& Tower with Radar,83,46,86,22,237,0,0,66,6,72,83,46,152,28,309,77,17,94,403
12/21/2022,TYS,TN,ASO,ES,Combined TRACON& Tower with Radar,74,46,105,27,252,0,1,66,9,76,74,47,171,36,328,110,10,120,448
12/22/2022,TYS,TN,ASO,ES,Combined TRACON& Tower with Radar,75,40,59,62,236,0,0,14,6,20,75,40,73,68,256,26,46,72,328
12/23/2022,TYS,TN,ASO,ES,Combined TRACON& Tower with Radar,65,47,29,0,141,0,0,4,0,4,65,47,33,0,145,0,0,0,145
12/24/2022,TYS,TN,ASO,ES,Combined TRACON& Tower with Radar,54,29,20,0,103,0,0,2,0,2,54,29,22,0,105,2,0,2,107
12/25/2022,TYS,TN,ASO,ES,Combined TRACON& Tower with Radar,45,30,19,0,94,0,0,5,0,5,45,30,24,0,99,0,0,0,99
12/26/2022,TYS,TN,ASO,ES,Combined TRACON& Tower with Radar,57,51,58,0,166,0,0,7,0,7,57,51,65,0,173,0,0,0,173
12/27/2022,TYS,TN,ASO,ES,Combined TRACON& Tower with Radar,74,49,87,0,210,0,0,36,0,36,74,49,123,0,246,10,0,10,256
12/28/2022,TYS,TN,ASO,ES,Combined TRACON& Tower with Radar,78,43,65,34,220,0,0,64,0,64,78,43,129,34,284,42,16,58,342
12/29/2022,TYS,TN,ASO,ES,Combined TRACON& Tower with Radar,80,39,83,21,223,0,2,64,0,66,80,41,147,21,289,49,18,67,356
12/30/2022,TYS,TN,ASO,ES,Combined TRACON& Tower with Radar,64,51,83,18,216,0,0,43,2,45,64,51,126,20,261,91,27,118,379
12/31/2022,TYS,TN,ASO,ES,Combined TRACON& Tower with Radar,65,40,31,2,138,0,0,3,0,3,65,40,34,2,141,0,0,0,141
01/01/2023,TYS,TN,ASO,ES,Combined TRACON& Tower with Radar,53,31,36,0,120,0,1,15,0,16,53,32,51,0,136,46,0,46,182
01/02/2023,TYS,TN,ASO,ES,Combined TRACON& Tower with Radar,59,47,92,0,198,0,0,38,0,38,59,47,130,0,236,64,0,64,300
01/03/2023,TYS,TN,ASO,ES,Combined TRACON& Tower with Radar,74,38,54,32,198,0,0,6,4,10,74,38,60,36,208,0,20,20,228
01/04/2023,TYS,TN,ASO,ES,Combined TRACON& Tower with Radar,57,45,63,15,180,0,0,44,4,48,57,45,107,19,228,41,0,41,269
01/05/2023,TYS,TN,ASO,ES,Combined TRACON& Tower with Radar,64,45,65,36,210,0,2,80,18,100,64,47,145,54,310,126,12,138,448
01/06/2023,TYS,TN,ASO,ES,Combined TRACON& Tower with Radar,61,39,85,27,212,0,0,78,12,90,61,39,163,39,302,63,5,68,370
01/07/2023,TYS,TN,ASO,ES,Combined TRACON& Tower with Radar,47,24,23,1,95,0,0,28,8,36,47,24,51,9,131,98,0,98,229
01/08/2023,TYS,TN,ASO,ES,Combined TRACON& Tower with Radar,8,7,5,0,20,0,0,3,0,3,8,7,8,0,23,0,0,0,23
01/09/2023,TYS,TN,ASO,ES,Combined TRACON& Tower with Radar,61,40,86,4,191,0,0,52,3,55,61,40,138,7,246,114,0,114,360
01/10/2023,TYS,TN,ASO,ES,Combined TRACON& Tower with Radar,59,37,69,26,191,0,2,51,0,53,59,39,120,26,244,68,8,76,320
01/11/2023,TYS,TN,ASO,ES,Combined TRACON& Tower with Radar,65,39,107,33,244,0,5,28,3,36,65,44,135,36,280,72,40,112,392
01/12/2023,TYS,TN,ASO,ES,Combined TRACON& Tower with Radar,83,41,54,17,195,0,0,4,6,10,83,41,58,23,205,10,6,16,221
01/13/2023,TYS,TN,ASO,ES,Combined TRACON& Tower with Radar,83,50,88,16,237,0,2,0,1,3,83,52,88,17,240,24,0,24,264
01/14/2023,TYS,TN,ASO,ES,Combined TRACON& Tower with Radar,47,40,51,2,140,0,0,32,0,32,47,40,83,2,172,59,0,59,231
01/15/2023,TYS,TN,ASO,ES,Combined TRACON& Tower with Radar,59,37,64,0,160,0,0,65,1,66,59,37,129,1,226,59,0,59,285
01/16/2023,TYS,TN,ASO,ES,Combined TRACON& Tower with Radar,73,38,67,0,178,0,0,48,0,48,73,38,115,0,226,46,0,46,272
01/17/2023,TYS,TN,ASO,ES,Combined TRACON& Tower with Radar,70,43,70,33,216,0,0,4,0,4,70,43,74,33,220,6,20,26,246
01/18/2023,TYS,TN,ASO,ES,Combined TRACON& Tower with Radar,66,40,58,6,170,0,0,0,0,0,66,40,58,6,170,0,0,0,170
01/19/2023,TYS,TN,ASO,ES,Combined TRACON& Tower with Radar,78,44,67,19,208,0,0,28,7,35,78,44,95,26,243,21,6,27,270
01/20/2023,TYS,TN,ASO,ES,Combined TRACON& Tower with Radar,75,57,94,10,236,0,3,94,13,110,75,60,188,23,346,149,2,151,497
01/21/2023,TYS,TN,ASO,ES,Combined TRACON& Tower with Radar,56,37,42,0,135,0,0,59,10,69,56,37,101,10,204,77,0,77,281
01/22/2023,TYS,TN,ASO,ES,Combined TRACON& Tower with Radar,66,34,40,17,157,0,0,2,0,2,66,34,42,17,159,0,4,4,163
01/23/2023,TYS,TN,ASO,ES,Combined TRACON& Tower with Radar,63,47,88,51,249,0,2,22,0,24,63,49,110,51,273,20,27,47,320
01/24/2023,TYS,TN,ASO,ES,Combined TRACON& Tower with Radar,64,42,105,70,281,0,6,76,8,90,64,48,181,78,371,100,36,136,507
01/25/2023,TYS,TN,ASO,ES,Combined TRACON& Tower with Radar,65,36,80,22,203,0,0,12,5,17,65,36,92,27,220,12,14,26,246
01/26/2023,TYS,TN,ASO,ES,Combined TRACON& Tower with Radar,79,50,118,39,286,0,6,33,10,49,79,56,151,49,335,76,16,92,427
01/27/2023,TYS,TN,ASO,ES,Combined TRACON& Tower with Radar,74,43,87,43,247,0,3,106,4,113,74,46,193,47,360,41,7,48,408
01/28/2023,TYS,TN,ASO,ES,Combined TRACON& Tower with Radar,52,38,42,13,145,0,3,62,2,67,52,41,104,15,212,50,0,50,262
01/29/2023,TYS,TN,ASO,ES,Combined TRACON& Tower with Radar,68,27,48,2,145,0,0,3,0,3,68,27,51,2,148,0,0,0,148
01/30/2023,TYS,TN,ASO,ES,Combined TRACON& Tower with Radar,63,29,79,21,192,0,0,2,0,2,63,29,81,21,194,0,0,0,194
01/31/2023,TYS,TN,ASO,ES,Combined TRACON& Tower with Radar,70,38,66,5,179,0,0,0,0,0,70,38,66,5,179,0,0,0,179
02/01/2023,TYS,TN,ASO,ES,Combined TRACON& Tower with Radar,57,36,93,36,222,0,0,0,0,0,57,36,93,36,222,16,0,16,238
02/02/2023,TYS,TN,ASO,ES,Combined TRACON& Tower with Radar,72,46,81,0,199,0,0,1,0,1,72,46,82,0,200,0,0,0,200
02/03/2023,TYS,TN,ASO,ES,Combined TRACON& Tower with Radar,74,36,74,25,209,0,0,109,18,127,74,36,183,43,336,84,6,90,426
02/04/2023,TYS,TN,ASO,ES,Combined TRACON& Tower with Radar,54,34,63,20,171,0,6,62,5,73,54,40,125,25,244,70,28,98,342
02/05/2023,TYS,TN,ASO,ES,Combined TRACON& Tower with Radar,66,38,49,20,173,0,3,41,9,53,66,41,90,29,226,75,11,86,312
02/06/2023,TYS,TN,ASO,ES,Combined TRACON& Tower with Radar,74,40,65,14,193,0,4,60,2,66,74,44,125,16,259,58,6,64,323
02/07/2023,TYS,TN,ASO,ES,Combined TRACON& Tower with Radar,64,41,81,66,252,0,5,56,2,63,64,46,137,68,315,82,46,128,443
02/08/2023,TYS,TN,ASO,ES,Combined TRACON& Tower with Radar,65,52,142,43,302,0,2,18,1,21,65,54,160,44,323,10,9,19,342
02/09/2023,TYS,TN,ASO,ES,Combined TRACON& Tower with Radar,82,41,72,14,209,0,1,18,9,28,82,42,90,23,237,12,0,12,249
02/10/2023,TYS,TN,ASO,ES,Combined TRACON& Tower with Radar,73,40,103,31,247,0,2,58,6,66,73,42,161,37,313,86,7,93,406
02/11/2023,TYS,TN,ASO,ES,Combined TRACON& Tower with Radar,57,26,36,3,122,0,0,33,1,34,57,26,69,4,156,27,0,27,183
02/12/2023,TYS,TN,ASO,ES,Combined TRACON& Tower with Radar,61,37,32,0,130,0,0,2,0,2,61,37,34,0,132,0,0,0,132
02/13/2023,TYS,TN,ASO,ES,Combined TRACON& Tower with Radar,65,43,77,11,196,0,8,70,2,80,65,51,147,13,276,56,26,82,358
02/14/2023,TYS,TN,ASO,ES,Combined TRACON& Tower with Radar,59,41,52,38,190,0,1,56,9,66,59,42,108,47,256,37,8,45,301
02/15/2023,TYS,TN,ASO,ES,Combined TRACON& Tower with Radar,68,52,139,57,316,0,0,13,9,22,68,52,152,66,338,17,24,41,379
02/16/2023,TYS,TN,ASO,ES,Combined TRACON& Tower with Radar,81,50,83,12,226,0,0,10,0,10,81,50,93,12,236,29,0,29,265
02/17/2023,TYS,TN,ASO,ES,Combined TRACON& Tower with Radar,78,50,80,7,215,0,0,5,1,6,78,50,85,8,221,0,0,0,221
02/18/2023,TYS,TN,ASO,ES,Combined TRACON& Tower with Radar,56,30,43,5,134,0,6,50,1,57,56,36,93,6,191,28,2,30,221
02/19/2023,TYS,TN,ASO,ES,Combined TRACON& Tower with Radar,67,43,58,1,169,0,4,44,1,49,67,47,102,2,218,33,0,33,251
02/20/2023,TYS,TN,ASO,ES,Combined TRACON& Tower with Radar,77,38,90,0,205,0,1,22,0,23,77,39,112,0,228,30,0,30,258
02/21/2023,TYS,TN,ASO,ES,Combined TRACON& Tower with Radar,63,47,96,53,259,0,4,41,2,47,63,51,137,55,306,36,12,48,354
02/22/2023,TYS,TN,ASO,ES,Combined TRACON& Tower with Radar,71,48,94,27,240,0,2,32,5,39,71,50,126,32,279,61,12,73,352
02/23/2023,TYS,TN,ASO,ES,Combined TRACON& Tower with Radar,79,51,85,46,261,0,5,27,1,33,79,56,112,47,294,23,25,48,342
02/24/2023,TYS,TN,ASO,ES,Combined TRACON& Tower with Radar,76,49,91,9,225,0,2,60,2,64,76,51,151,11,289,54,13,67,356
02/25/2023,TYS,TN,ASO,ES,Combined TRACON& Tower with Radar,58,31,32,0,121,0,0,0,0,0,58,31,32,0,121,4,0,4,125
02/26/2023,TYS,TN,ASO,ES,Combined TRACON& Tower with Radar,71,35,79,3,188,0,1,3,0,4,71,36,82,3,192,0,0,0,192
02/27/2023,TYS,TN,ASO,ES,Combined TRACON& Tower with Radar,76,40,59,17,192,0,1,7,1,9,76,41,66,18,201,21,4,25,226
02/28/2023,TYS,TN,ASO,ES,Combined TRACON& Tower with Radar,64,45,97,28,234,0,5,90,0,95,64,50,187,28,329,138,8,146,475
03/01/2023,TYS,TN,ASO,ES,Combined TRACON& Tower with Radar,70,39,102,55,266,0,2,52,1,55,70,41,154,56,321,38,45,83,404
03/02/2023,TYS,TN,ASO,ES,Combined TRACON& Tower with Radar,74,46,91,14,225,1,1,10,2,14,75,47,101,16,239,36,8,44,283
03/03/2023,TYS,TN,ASO,ES,Combined TRACON& Tower with Radar,89,38,49,0,176,0,0,8,0,8,89,38,57,0,184,6,0,6,190
03/04/2023,TYS,TN,ASO,ES,Combined TRACON& Tower with Radar,61,50,31,0,142,0,11,62,5,78,61,61,93,5,220,58,0,58,278
03/05/2023,TYS,TN,ASO,ES,Combined TRACON& Tower with Radar,69,46,55,4,174,0,1,74,0,75,69,47,129,4,249,45,0,45,294
03/06/2023,TYS,TN,ASO,ES,Combined TRACON& Tower with Radar,74,33,100,13,220,0,1,69,4,74,74,34,169,17,294,119,10,129,423
03/07/2023,TYS,TN,ASO,ES,Combined TRACON& Tower with Radar,65,45,108,62,280,0,4,69,6,79,65,49,177,68,359,75,48,123,482
03/08/2023,TYS,TN,ASO,ES,Combined TRACON& Tower with Radar,71,36,101,47,255,0,0,55,1,56,71,36,156,48,311,33,24,57,368
03/09/2023,TYS,TN,ASO,ES,Combined TRACON& Tower with Radar,89,37,102,47,275,0,2,42,0,44,89,39,144,47,319,36,36,72,391
03/10/2023,TYS,TN,ASO,ES,Combined TRACON& Tower with Radar,83,41,100,4,228,0,2,23,1,26,83,43,123,5,254,16,0,16,270
03/11/2023,TYS,TN,ASO,ES,Combined TRACON& Tower with Radar,66,43,57,8,174,0,1,42,1,44,66,44,99,9,218,46,0,46,264
03/12/2023,TYS,TN,ASO,ES,Combined TRACON& Tower with Radar,73,51,47,13,184,0,2,0,0,2,73,53,47,13,186,0,0,0,186
03/13/2023,TYS,TN,ASO,ES,Combined TRACON& Tower with Radar,84,40,90,7,221,0,6,30,0,36,84,46,120,7,257,36,0,36,293
03/14/2023,TYS,TN,ASO,ES,Combined TRACON& Tower with Radar,73,40,90,37,240,0,4,45,0,49,73,44,135,37,289,34,19,53,342
03/15/2023,TYS,TN,ASO,ES,Combined TRACON& Tower with Radar,79,43,95,47,264,0,9,82,2,93,79,52,177,49,357,80,34,114,471
03/16/2023,TYS,TN,ASO,ES,Combined TRACON& Tower with Radar,89,44,83,34,250,0,1,63,4,68,89,45,146,38,318,31,4,35,353
03/17/2023,TYS,TN,ASO,ES,Combined TRACON& Tower with Radar,86,54,69,8,217,0,0,1,0,1,86,54,70,8,218,2,0,2,220
03/18/2023,TYS,TN,ASO,ES,Combined TRACON& Tower with Radar,75,41,64,2,182,0,1,37,12,50,75,42,101,14,232,31,13,44,276
03/19/2023,TYS,TN,ASO,ES,Combined TRACON& Tower with Radar,81,40,87,1,209,0,2,31,7,40,81,42,118,8,249,13,0,13,262
03/20/2023,TYS,TN,ASO,ES,Combined TRACON& Tower with Radar,79,27,97,18,221,0,7,100,7,114,79,34,197,25,335,52,26,78,413
03/21/2023,TYS,TN,ASO,ES,Combined TRACON& Tower with Radar,79,30,82,34,225,0,3,82,4,89,79,33,164,38,314,51,22,73,387
03/22/2023,TYS,TN,ASO,ES,Combined TRACON& Tower with Radar,78,43,101,18,240,1,1,1,0,3,79,44,102,18,243,1,43,44,287
03/23/2023,TYS,TN,ASO,ES,Combined TRACON& Tower with Radar,90,38,125,16,269,0,3,57,21,81,90,41,182,37,350,47,38,85,435
03/24/2023,TYS,TN,ASO,ES,Combined TRACON& Tower with Radar,84,39,125,10,258,0,4,28,1,33,84,43,153,11,291,18,4,22,313
03/25/2023,TYS,TN,ASO,ES,Combined TRACON& Tower with Radar,68,34,34,8,144,0,5,23,0,28,68,39,57,8,172,38,6,44,216
03/26/2023,TYS,TN,ASO,ES,Combined TRACON& Tower with Radar,78,39,65,12,194,0,3,48,3,54,78,42,113,15,248,51,0,51,299
03/27/2023,TYS,TN,ASO,ES,Combined TRACON& Tower with Radar,83,42,92,24,241,0,8,62,8,78,83,50,154,32,319,82,10,92,411
03/28/2023,TYS,TN,ASO,ES,Combined TRACON& Tower with Radar,63,45,69,59,236,0,4,54,15,73,63,49,123,74,309,62,44,106,415
03/29/2023,TYS,TN,ASO,ES,Combined TRACON& Tower with Radar,73,40,110,73,296,0,5,93,12,110,73,45,203,85,406,87,25,112,518
03/30/2023,TYS,TN,ASO,ES,Combined TRACON& Tower with Radar,89,43,102,51,285,0,2,91,23,116,89,45,193,74,401,72,48,120,521
03/31/2023,TYS,TN,ASO,ES,Combined TRACON& Tower with Radar,84,39,105,4,232,0,0,15,15,30,84,39,120,19,262,36,0,36,298
04/01/2023,TYS,TN,ASO,ES,Combined TRACON& Tower with Radar,74,36,26,6,142,0,2,4,2,8,74,38,30,8,150,0,0,0,150
04/02/2023,TYS,TN,ASO,ES,Combined TRACON& Tower with Radar,76,51,72,11,210,0,2,66,8,76,76,53,138,19,286,30,0,30,316
04/03/2023,TYS,TN,ASO,ES,Combined TRACON& Tower with Radar,74,42,105,3,224,0,2,23,0,25,74,44,128,3,249,54,0,54,303
04/04/2023,TYS,TN,ASO,ES,Combined TRACON& Tower with Radar,65,51,90,43,249,0,5,41,0,46,65,56,131,43,295,100,17,117,412
04/05/2023,TYS,TN,ASO,ES,Combined TRACON& Tower with Radar,79,51,107,33,270,0,0,50,7,57,79,51,157,40,327,69,10,79,406
04/06/2023,TYS,TN,ASO,ES,Combined TRACON& Tower with Radar,87,53,125,31,296,0,3,49,14,66,87,56,174,45,362,35,73,108,470
04/07/2023,TYS,TN,ASO,ES,Combined TRACON& Tower with Radar,82,47,78,18,225,0,0,2,2,4,82,47,80,20,229,0,0,0,229
04/08/2023,TYS,TN,ASO,ES,Combined TRACON& Tower with Radar,59,44,25,4,132,0,0,0,0,0,59,44,25,4,132,17,0,17,149
04/09/2023,TYS,TN,ASO,ES,Combined TRACON& Tower with Radar,69,37,51,9,166,0,3,26,3,32,69,40,77,12,198,37,0,37,235
04/10/2023,TYS,TN,ASO,ES,Combined TRACON& Tower with Radar,77,71,113,17,278,0,12,82,3,97,77,83,195,20,375,52,22,74,449
04/11/2023,TYS,TN,ASO,ES,Combined TRACON& Tower with Radar,65,48,96,31,240,0,6,114,14,134,65,54,210,45,374,49,43,92,466
04/12/2023,TYS,TN,ASO,ES,Combined TRACON& Tower with Radar,80,45,93,58,276,0,1,100,13,114,80,46,193,71,390,103,45,148,538
04/13/2023,TYS,TN,ASO,ES,Combined TRACON& Tower with Radar,84,67,107,50,308,0,1,51,17,69,84,68,158,67,377,42,28,70,447
04/14/2023,TYS,TN,ASO,ES,Combined TRACON& Tower with Radar,83,52,95,18,248,0,0,18,5,23,83,52,113,23,271,36,7,43,314
04/15/2023,TYS,TN,ASO,ES,Combined TRACON& Tower with Radar,57,52,46,5,160,0,1,35,7,43,57,53,81,12,203,56,10,66,269
04/16/2023,TYS,TN,ASO,ES,Combined TRACON& Tower with Radar,74,41,67,1,183,0,0,16,10,26,74,41,83,11,209,0,53,53,262
04/17/2023,TYS,TN,ASO,ES,Combined TRACON& Tower with Radar,78,53,73,12,216,0,5,49,1,55,78,58,122,13,271,33,0,33,304
04/18/2023,TYS,TN,ASO,ES,Combined TRACON& Tower with Radar,67,46,99,37,249,0,2,100,15,117,67,48,199,52,366,72,53,125,491
04/19/2023,TYS,TN,ASO,ES,Combined TRACON& Tower with Radar,71,58,111,51,291,0,4,92,16,112,71,62,203,67,403,46,37,83,486
04/20/2023,TYS,TN,ASO,ES,Combined TRACON& Tower with Radar,80,56,99,69,304,0,4,64,14,82,80,60,163,83,386,38,40,78,464
04/21/2023,TYS,TN,ASO,ES,Combined TRACON& Tower with Radar,82,63,99,39,283,0,2,38,2,42,82,65,137,41,325,26,0,26,351
04/22/2023,TYS,TN,ASO,ES,Combined TRACON& Tower with Radar,59,50,35,2,146,0,4,16,1,21,59,54,51,3,167,34,0,34,201
04/23/2023,TYS,TN,ASO,ES,Combined TRACON& Tower with Radar,76,65,96,13,250,0,1,52,0,53,76,66,148,13,303,24,6,30,333
04/24/2023,TYS,TN,ASO,ES,Combined TRACON& Tower with Radar,75,60,88,10,233,0,5,70,4,79,75,65,158,14,312,66,0,66,378
04/25/2023,TYS,TN,ASO,ES,Combined TRACON& Tower with Radar,66,49,113,37,265,0,2,86,16,104,66,51,199,53,369,41,23,64,433
04/26/2023,TYS,TN,ASO,ES,Combined TRACON& Tower with Radar,71,56,119,14,260,0,1,18,1,20,71,57,137,15,280,42,20,62,342
04/27/2023,TYS,TN,ASO,ES,Combined TRACON& Tower with Radar,82,53,107,13,255,0,0,10,0,10,82,53,117,13,265,6,6,12,277
04/28/2023,TYS,TN,ASO,ES,Combined TRACON& Tower with Radar,84,52,87,30,253,0,0,12,4,16,84,52,99,34,269,0,19,19,288
04/29/2023,TYS,TN,ASO,ES,Combined TRACON& Tower with Radar,58,34,41,28,161,0,0,54,0,54,58,34,95,28,215,64,46,110,325
04/30/2023,TYS,TN,ASO,ES,Combined TRACON& Tower with Radar,67,48,52,15,182,0,0,13,0,13,67,48,65,15,195,23,0,23,218
05/01/2023,TYS,TN,ASO,ES,Combined TRACON& Tower with Radar,80,58,78,5,221,0,4,35,0,39,80,62,113,5,260,37,0,37,297
05/02/2023,TYS,TN,ASO,ES,Combined TRACON& Tower with Radar,67,47,76,25,215,0,2,42,4,48,67,49,118,29,263,15,31,46,309
05/03/2023,TYS,TN,ASO,ES,Combined TRACON& Tower with Radar,72,54,110,51,287,0,4,60,1,65,72,58,170,52,352,78,23,101,453
05/04/2023,TYS,TN,ASO,ES,Combined TRACON& Tower with Radar,87,57,88,68,300,0,3,83,6,92,87,60,171,74,392,77,14,91,483
05/05/2023,TYS,TN,ASO,ES,Combined TRACON& Tower with Radar,79,46,86,11,222,0,1,44,2,47,79,47,130,13,269,81,19,100,369
05/06/2023,TYS,TN,ASO,ES,Combined TRACON& Tower with Radar,56,41,57,3,157,0,0,37,0,37,56,41,94,3,194,59,0,59,253
05/07/2023,TYS,TN,ASO,ES,Combined TRACON& Tower with Radar,75,51,97,13,236,0,1,25,11,37,75,52,122,24,273,4,12,16,289
05/08/2023,TYS,TN,ASO,ES,Combined TRACON& Tower with Radar,79,40,87,5,211,0,4,27,0,31,79,44,114,5,242,34,0,34,276
05/09/2023,TYS,TN,ASO,ES,Combined TRACON& Tower with Radar,76,55,96,28,255,0,2,64,5,71,76,57,160,33,326,29,22,51,377
05/10/2023,TYS,TN,ASO,ES,Combined TRACON& Tower with Radar,79,59,97,31,266,0,4,92,6,102,79,63,189,37,368,57,29,86,454
05/11/2023,TYS,TN,ASO,ES,Combined TRACON& Tower with Radar,87,41,107,27,262,1,1,62,18,82,88,42,169,45,344,47,39,86,430
05/12/2023,TYS,TN,ASO,ES,Combined TRACON& Tower with Radar,87,44,66,4,201,0,0,29,0,29,87,44,95,4,230,23,0,23,253
05/13/2023,TYS,TN,ASO,ES,Combined TRACON& Tower with Radar,58,43,61,1,163,0,0,28,1,29,58,43,89,2,192,61,0,61,253
05/14/2023,TYS,TN,ASO,ES,Combined TRACON& Tower with Radar,83,43,46,5,177,0,0,11,1,12,83,43,57,6,189,21,0,21,210
05/15/2023,TYS,TN,ASO,ES,Combined TRACON& Tower with Radar,77,37,103,9,226,0,0,15,0,15,77,37,118,9,241,68,0,68,309
05/16/2023,TYS,TN,ASO,ES,Combined TRACON& Tower with Radar,71,54,101,20,246,0,2,16,7,25,71,56,117,27,271,57,8,65,336
05/17/2023,TYS,TN,ASO,ES,Combined TRACON& Tower with Radar,77,60,137,28,302,0,5,83,11,99,77,65,220,39,401,71,26,97,498
05/18/2023,TYS,TN,ASO,ES,Combined TRACON& Tower with Radar,87,62,131,18,298,0,2,79,15,96,87,64,210,33,394,75,20,95,489
05/19/2023,TYS,TN,ASO,ES,Combined TRACON& Tower with Radar,87,61,116,30,294,0,1,67,19,87,87,62,183,49,381,90,15,105,486
05/20/2023,TYS,TN,ASO,ES,Combined TRACON& Tower with Radar,57,38,46,6,147,0,2,6,6,14,57,40,52,12,161,20,0,20,181
05/21/2023,TYS,TN,ASO,ES,Combined TRACON& Tower with Radar,75,47,79,13,214,0,2,35,5,42,75,49,114,18,256,10,2,12,268
05/22/2023,TYS,TN,ASO,ES,Combined TRACON& Tower with Radar,83,57,96,9,245,0,3,58,1,62,83,60,154,10,307,75,2,77,384
05/23/2023,TYS,TN,ASO,ES,Combined TRACON& Tower with Radar,73,58,90,57,278,0,3,78,8,89,73,61,168,65,367,110,50,160,527
05/24/2023,TYS,TN,ASO,ES,Combined TRACON& Tower with Radar,73,68,131,48,320,0,6,97,15,118,73,74,228,63,438,74,19,93,531
05/25/2023,TYS,TN,ASO,ES,Combined TRACON& Tower with Radar,89,54,119,26,288,0,11,85,23,119,89,65,204,49,407,68,20,88,495
05/26/2023,TYS,TN,ASO,ES,Combined TRACON& Tower with Radar,92,50,102,8,252,0,0,57,2,59,92,50,159,10,311,47,0,47,358
05/27/2023,TYS,TN,ASO,ES,Combined TRACON& Tower with Radar,57,44,47,0,148,0,4,64,2,70,57,48,111,2,218,84,0,84,302
05/28/2023,TYS,TN,ASO,ES,Combined TRACON& Tower with Radar,71,31,24,0,126,0,0,0,0,0,71,31,24,0,126,0,0,0,126
05/29/2023,TYS,TN,ASO,ES,Combined TRACON& Tower with Radar,86,41,71,0,198,0,0,20,0,20,86,41,91,0,218,12,0,12,230
05/30/2023,TYS,TN,ASO,ES,Combined TRACON& Tower with Radar,68,46,85,7,206,0,9,51,1,61,68,55,136,8,267,37,0,37,304
05/31/2023,TYS,TN,ASO,ES,Combined TRACON& Tower with Radar,78,54,94,64,290,0,0,60,13,73,78,54,154,77,363,38,62,100,463
06/01/2023,TYS,TN,ASO,ES,Combined TRACON& Tower with Radar,93,64,95,28,280,0,3,51,20,74,93,67,146,48,354,60,24,84,438
06/02/2023,TYS,TN,ASO,ES,Combined TRACON& Tower with Radar,93,50,103,59,305,0,4,62,24,90,93,54,165,83,395,58,52,110,505
06/03/2023,TYS,TN,ASO,ES,Combined TRACON& Tower with Radar,63,54,59,16,192,0,4,34,23,61,63,58,93,39,253,36,17,53,306
06/04/2023,TYS,TN,ASO,ES,Combined TRACON& Tower with Radar,81,52,60,15,208,0,3,32,3,38,81,55,92,18,246,12,0,12,258
06/05/2023,TYS,TN,ASO,ES,Combined TRACON& Tower with Radar,90,52,69,38,249,0,6,46,1,53,90,58,115,39,302,38,40,78,380
06/06/2023,TYS,TN,ASO,ES,Combined TRACON& Tower with Radar,78,54,85,39,256,0,0,68,13,81,78,54,153,52,337,59,37,96,433
06/07/2023,TYS,TN,ASO,ES,Combined TRACON& Tower with Radar,80,48,97,35,260,0,4,24,14,42,80,52,121,49,302,50,46,96,398
06/08/2023,TYS,TN,ASO,ES,Combined TRACON& Tower with Radar,91,51,95,41,278,0,3,52,10,65,91,54,147,51,343,49,38,87,430
06/09/2023,TYS,TN,ASO,ES,Combined TRACON& Tower with Radar,97,53,89,35,274,0,5,69,8,82,97,58,158,43,356,45,12,57,413
06/10/2023,TYS,TN,ASO,ES,Combined TRACON& Tower with Radar,67,49,48,1,165,0,1,53,4,58,67,50,101,5,223,22,0,22,245
06/11/2023,TYS,TN,ASO,ES,Combined TRACON& Tower with Radar,78,48,54,20,200,0,1,9,4,14,78,49,63,24,214,24,12,36,250
06/12/2023,TYS,TN,ASO,ES,Combined TRACON& Tower with Radar,90,58,132,8,288,0,6,32,0,38,90,64,164,8,326,46,2,48,374
06/13/2023,TYS,TN,ASO,ES,Combined TRACON& Tower with Radar,76,40,102,40,258,0,2,87,1,90,76,42,189,41,348,83,33,116,464
06/14/2023,TYS,TN,ASO,ES,Combined TRACON& Tower with Radar,81,49,104,19,253,0,2,61,11,74,81,51,165,30,327,14,18,32,359
06/15/2023,TYS,TN,ASO,ES,Combined TRACON& Tower with Radar,91,50,118,10,269,0,1,45,22,68,91,51,163,32,337,109,0,109,446
06/16/2023,TYS,TN,ASO,ES,Combined TRACON& Tower with Radar,87,61,82,57,287,0,2,66,18,86,87,63,148,75,373,62,34,96,469
06/17/2023,TYS,TN,ASO,ES,Combined TRACON& Tower with Radar,71,37,65,1,174,0,4,46,1,51,71,41,111,2,225,16,0,16,241
06/18/2023,TYS,TN,ASO,ES,Combined TRACON& Tower with Radar,81,43,50,18,192,1,3,21,2,27,82,46,71,20,219,35,0,35,254
06/19/2023,TYS,TN,ASO,ES,Combined TRACON& Tower with Radar,88,47,97,0,232,0,1,6,0,7,88,48,103,0,239,2,0,2,241
06/20/2023,TYS,TN,ASO,ES,Combined TRACON& Tower with Radar,75,50,124,24,273,0,0,11,2,13,75,50,135,26,286,2,0,2,288
06/21/2023,TYS,TN,ASO,ES,Combined TRACON& Tower with Radar,85,44,137,2,268,0,2,14,3,19,85,46,151,5,287,24,0,24,311
06/22/2023,TYS,TN,ASO,ES,Combined TRACON& Tower with Radar,89,65,146,9,309,0,0,4,5,9,89,65,150,14,318,0,19,19,337
06/23/2023,TYS,TN,ASO,ES,Combined TRACON& Tower with Radar,92,41,116,28,277,0,0,22,14,36,92,41,138,42,313,47,2,49,362
06/24/2023,TYS,TN,ASO,ES,Combined TRACON& Tower with Radar,73,37,53,2,165,0,0,51,10,61,73,37,104,12,226,12,0,12,238
06/25/2023,TYS,TN,ASO,ES,Combined TRACON& Tower with Radar,76,55,62,14,207,0,4,38,8,50,76,59,100,22,257,16,0,16,273
06/26/2023,TYS,TN,ASO,ES,Combined TRACON& Tower with Radar,85,50,96,17,248,0,2,54,4,60,85,52,150,21,308,16,24,40,348
06/27/2023,TYS,TN,ASO,ES,Combined TRACON& Tower with Radar,67,55,89,36,247,0,2,68,6,76,67,57,157,42,323,54,23,77,400
06/28/2023,TYS,TN,ASO,ES,Combined TRACON& Tower with Radar,82,60,114,58,314,0,2,73,11,86,82,62,187,69,400,59,16,75,475
06/29/2023,TYS,TN,ASO,ES,Combined TRACON& Tower with Radar,96,48,150,56,350,0,3,26,5,34,96,51,176,61,384,50,9,59,443
06/30/2023,TYS,TN,ASO,ES,Combined TRACON& Tower with Radar,94,52,103,4,253,0,2,32,3,37,94,54,135,7,290,69,8,77,367
07/01/2023,TYS,TN,ASO,ES,Combined TRACON& Tower with Radar,74,47,37,2,160,0,2,31,1,34,74,49,68,3,194,57,2,59,253
07/02/2023,TYS,TN,ASO,ES,Combined TRACON& Tower with Radar,77,36,29,0,142,0,2,18,0,20,77,38,47,0,162,54,0,54,216
07/03/2023,TYS,TN,ASO,ES,Combined TRACON& Tower with Radar,75,31,28,2,136,0,2,23,0,25,75,33,51,2,161,6,0,6,167
07/04/2023,TYS,TN,ASO,ES,Combined TRACON& Tower with Radar,50,27,33,2,112,0,2,24,0,26,50,29,57,2,138,4,0,4,142
07/05/2023,TYS,TN,ASO,ES,Combined TRACON& Tower with Radar,91,35,72,14,212,0,0,36,0,36,91,35,108,14,248,30,14,44,292
07/06/2023,TYS,TN,ASO,ES,Combined TRACON& Tower with Radar,97,33,121,41,292,0,4,64,7,75,97,37,185,48,367,115,14,129,496
07/07/2023,TYS,TN,ASO,ES,Combined TRACON& Tower with Radar,96,30,112,13,251,0,6,56,0,62,96,36,168,13,313,31,10,41,354
07/08/2023,TYS,TN,ASO,ES,Combined TRACON& Tower with Radar,79,38,59,15,191,0,1,57,4,62,79,39,116,19,253,6,0,6,259
07/09/2023,TYS,TN,ASO,ES,Combined TRACON& Tower with Radar,82,33,59,3,177,0,0,4,0,4,82,33,63,3,181,7,0,7,188
07/10/2023,TYS,TN,ASO,ES,Combined TRACON& Tower with Radar,97,33,92,5,227,0,2,37,3,42,97,35,129,8,269,51,0,51,320
07/11/2023,TYS,TN,ASO,ES,Combined TRACON& Tower with Radar,83,34,93,67,277,1,2,84,6,93,84,36,177,73,370,52,24,76,446
07/12/2023,TYS,TN,ASO,ES,Combined TRACON& Tower with Radar,93,46,89,57,285,0,1,75,7,83,93,47,164,64,368,38,45,83,451
07/13/2023,TYS,TN,ASO,ES,Combined TRACON& Tower with Radar,98,47,81,68,294,0,1,49,1,51,98,48,130,69,345,128,35,163,508
07/14/2023,TYS,TN,ASO,ES,Combined TRACON& Tower with Radar,100,47,89,61,297,0,3,51,1,55,100,50,140,62,352,41,8,49,401
07/15/2023,TYS,TN,ASO,ES,Combined TRACON& Tower with Radar,82,41,52,16,191,0,0,18,4,22,82,41,70,20,213,10,8,18,231
07/16/2023,TYS,TN,ASO,ES,Combined TRACON& Tower with Radar,84,37,66,3,190,0,0,26,11,37,84,37,92,14,227,34,0,34,261
07/17/2023,TYS,TN,ASO,ES,Combined TRACON& Tower with Radar,100,48,100,15,263,0,0,41,8,49,100,48,141,23,312,48,10,58,370
07/18/2023,TYS,TN,ASO,ES,Combined TRACON& Tower with Radar,83,43,103,22,251,0,0,37,19,56,83,43,140,41,307,6,10,16,323
07/19/2023,TYS,TN,ASO,ES,Combined TRACON& Tower with Radar,92,52,100,25,269,0,0,30,9,39,92,52,130,34,308,66,32,98,406
07/20/2023,TYS,TN,ASO,ES,Combined TRACON& Tower with Radar,98,59,79,1,237,0,0,3,1,4,98,59,82,2,241,9,0,9,250
07/21/2023,TYS,TN,ASO,ES,Combined TRACON& Tower with Radar,106,56,110,35,307,0,4,28,19,51,106,60,138,54,358,30,0,30,388
07/22/2023,TYS,TN,ASO,ES,Combined TRACON& Tower with Radar,85,38,74,15,212,0,2,39,0,41,85,40,113,15,253,12,8,20,273
07/23/2023,TYS,TN,ASO,ES,Combined TRACON& Tower with Radar,85,49,77,13,224,0,2,57,1,60,85,51,134,14,284,27,0,27,311
07/24/2023,TYS,TN,ASO,ES,Combined TRACON& Tower with Radar,102,43,69,42,256,0,2,57,2,61,102,45,126,44,317,43,58,101,418
07/25/2023,TYS,TN,ASO,ES,Combined TRACON& Tower with Radar,78,49,81,57,265,0,2,41,10,53,78,51,122,67,318,32,20,52,370
07/26/2023,TYS,TN,ASO,ES,Combined TRACON& Tower with Radar,92,45,91,37,265,0,1,86,5,92,92,46,177,42,357,26,35,61,418
07/27/2023,TYS,TN,ASO,ES,Combined TRACON& Tower with Radar,97,52,104,21,274,0,2,50,11,63,97,54,154,32,337,22,12,34,371
07/28/2023,TYS,TN,ASO,ES,Combined TRACON& Tower with Radar,120,43,63,42,268,0,3,39,1,43,120,46,102,43,311,44,24,68,379
07/29/2023,TYS,TN,ASO,ES,Combined TRACON& Tower with Radar,73,37,57,12,179,0,0,29,3,32,73,37,86,15,211,18,0,18,229
07/30/2023,TYS,TN,ASO,ES,Combined TRACON& Tower with Radar,95,42,76,8,221,0,2,18,0,20,95,44,94,8,241,4,0,4,245
07/31/2023,TYS,TN,ASO,ES,Combined TRACON& Tower with Radar,100,46,84,22,252,0,3,54,2,59,100,49,138,24,311,74,4,78,389
08/01/2023,TYS,TN,ASO,ES,Combined TRACON& Tower with Radar,86,50,89,28,253,0,6,83,0,89,86,56,172,28,342,65,24,89,431
08/02/2023,TYS,TN,ASO,ES,Combined TRACON& Tower with Radar,88,54,93,40,275,0,4,71,3,78,88,58,164,43,353,138,20,158,511
08/03/2023,TYS,TN,ASO,ES,Combined TRACON& Tower with Radar,97,51,97,18,263,0,0,4,7,11,97,51,101,25,274,19,55,74,348
08/04/2023,TYS,TN,ASO,ES,Combined TRACON& Tower with Radar,102,38,103,50,293,0,0,33,7,40,102,38,136,57,333,77,10,87,420
08/05/2023,TYS,TN,ASO,ES,Combined TRACON& Tower with Radar,79,28,54,16,177,0,0,59,12,71,79,28,113,28,248,14,2,16,264
08/06/2023,TYS,TN,ASO,ES,Combined TRACON& Tower with Radar,96,56,77,1,230,0,2,14,3,19,96,58,91,4,249,0,6,6,255
08/07/2023,TYS,TN,ASO,ES,Combined TRACON& Tower with Radar,99,41,68,2,210,0,4,24,6,34,99,45,92,8,244,9,0,9,253
08/08/2023,TYS,TN,ASO,ES,Combined TRACON& Tower with Radar,82,48,112,38,280,0,4,57,11,72,82,52,169,49,352,106,31,137,489
08/09/2023,TYS,TN,ASO,ES,Combined TRACON& Tower with Radar,84,53,96,29,262,0,6,61,6,73,84,59,157,35,335,65,3,68,403
08/10/2023,TYS,TN,ASO,ES,Combined TRACON& Tower with Radar,95,52,111,42,300,0,2,9,11,22,95,54,120,53,322,48,4,52,374
08/11/2023,TYS,TN,ASO,ES,Combined TRACON& Tower with Radar,104,47,79,48,278,0,2,35,0,37,104,49,114,48,315,106,4,110,425
08/12/2023,TYS,TN,ASO,ES,Combined TRACON& Tower with Radar,74,33,47,2,156,0,1,32,0,33,74,34,79,2,189,38,0,38,227
08/13/2023,TYS,TN,ASO,ES,Combined TRACON& Tower with Radar,90,54,64,10,218,0,0,24,2,26,90,54,88,12,244,17,0,17,261
08/14/2023,TYS,TN,ASO,ES,Combined TRACON& Tower with Radar,93,43,79,23,238,0,5,32,4,41,93,48,111,27,279,44,21,65,344
08/15/2023,TYS,TN,ASO,ES,Combined TRACON& Tower with Radar,87,51,119,22,279,0,0,36,9,45,87,51,155,31,324,49,16,65,389
08/16/2023,TYS,TN,ASO,ES,Combined TRACON& Tower with Radar,88,46,96,29,259,0,0,84,5,89,88,46,180,34,348,76,16,92,440
08/17/2023,TYS,TN,ASO,ES,Combined TRACON& Tower with Radar,101,67,108,23,299,0,2,59,18,79,101,69,167,41,378,58,30,88,466
08/18/2023,TYS,TN,ASO,ES,Combined TRACON& Tower with Radar,96,45,96,50,287,0,1,65,10,76,96,46,161,60,363,55,44,99,462
08/19/2023,TYS,TN,ASO,ES,Combined TRACON& Tower with Radar,71,35,42,4,152,0,2,44,8,54,71,37,86,12,206,52,18,70,276
08/20/2023,TYS,TN,ASO,ES,Combined TRACON& Tower with Radar,84,49,50,22,205,0,4,45,3,52,84,53,95,25,257,25,8,33,290
08/21/2023,TYS,TN,ASO,ES,Combined TRACON& Tower with Radar,94,48,101,12,255,0,5,71,11,87,94,53,172,23,342,53,4,57,399
08/22/2023,TYS,TN,ASO,ES,Combined TRACON& Tower with Radar,81,35,93,19,228,0,1,83,3,87,81,36,176,22,315,70,4,74,389
08/23/2023,TYS,TN,ASO,ES,Combined TRACON& Tower with Radar,84,52,69,30,235,0,3,65,8,76,84,55,134,38,311,85,16,101,412
08/24/2023,TYS,TN,ASO,ES,Combined TRACON& Tower with Radar,101,56,95,12,264,0,3,44,6,53,101,59,139,18,317,85,0,85,402
08/25/2023,TYS,TN,ASO,ES,Combined TRACON& Tower with Radar,93,54,86,19,252,0,4,43,2,49,93,58,129,21,301,41,15,56,357
08/26/2023,TYS,TN,ASO,ES,Combined TRACON& Tower with Radar,71,38,40,10,159,0,4,48,1,53,71,42,88,11,212,25,0,25,237
08/27/2023,TYS,TN,ASO,ES,Combined TRACON& Tower with Radar,86,39,52,1,178,0,7,15,7,29,86,46,67,8,207,41,0,41,248
08/28/2023,TYS,TN,ASO,ES,Combined TRACON& Tower with Radar,89,51,80,12,232,0,0,9,4,13,89,51,89,16,245,42,0,42,287
08/29/2023,TYS,TN,ASO,ES,Combined TRACON& Tower with Radar,81,47,78,33,239,0,2,12,1,15,81,49,90,34,254,30,0,30,284
08/30/2023,TYS,TN,ASO,ES,Combined TRACON& Tower with Radar,87,55,98,35,275,0,2,38,3,43,87,57,136,38,318,16,3,19,337
08/31/2023,TYS,TN,ASO,ES,Combined TRACON& Tower with Radar,100,58,99,29,286,0,4,54,13,71,100,62,153,42,357,11,10,21,378
