01/01/2020,UES,WI,AGL,CE,Federal Contract Tower,0,5,7,0,12,0,4,43,0,47,0,9,50,0,59,30,0,30,89
01/02/2020,UES,WI,AGL,CE,Federal Contract Tower,0,0,8,0,8,0,2,30,0,32,0,2,38,0,40,26,0,26,66
01/03/2020,UES,WI,AGL,CE,Federal Contract Tower,0,5,8,0,13,0,2,12,0,14,0,7,20,0,27,18,0,18,45
01/04/2020,UES,WI,AGL,CE,Federal Contract Tower,0,9,13,0,22,0,3,15,0,18,0,12,28,0,40,0,0,0,40
01/05/2020,UES,WI,AGL,CE,Federal Contract Tower,0,11,10,0,21,0,0,13,0,13,0,11,23,0,34,17,0,17,51
01/06/2020,UES,WI,AGL,CE,Federal Contract Tower,0,13,19,0,32,0,2,48,0,50,0,15,67,0,82,14,0,14,96
01/07/2020,UES,WI,AGL,CE,Federal Contract Tower,0,2,18,0,20,0,2,23,0,25,0,4,41,0,45,46,0,46,91
01/08/2020,UES,WI,AGL,CE,Federal Contract Tower,0,4,6,0,10,0,2,72,0,74,0,6,78,0,84,72,0,72,156
01/09/2020,UES,WI,AGL,CE,Federal Contract Tower,0,10,12,0,22,0,0,3,0,3,0,10,15,0,25,0,0,0,25
01/10/2020,UES,WI,AGL,CE,Federal Contract Tower,0,11,13,0,24,0,1,41,0,42,0,12,54,0,66,122,0,122,188
01/11/2020,UES,WI,AGL,CE,Federal Contract Tower,0,0,0,0,0,0,0,0,0,0,0,0,0,0,0,0,0,0,0
01/12/2020,UES,WI,AGL,CE,Federal Contract Tower,0,4,10,0,14,0,2,6,0,8,0,6,16,0,22,0,0,0,22
01/13/2020,UES,WI,AGL,CE,Federal Contract Tower,0,8,12,0,20,0,2,5,0,7,0,10,17,0,27,10,0,10,37
01/14/2020,UES,WI,AGL,CE,Federal Contract Tower,0,5,16,0,21,0,0,2,0,2,0,5,18,0,23,0,0,0,23
01/15/2020,UES,WI,AGL,CE,Federal Contract Tower,0,6,8,0,14,0,0,0,0,0,0,6,8,0,14,0,0,0,14
01/16/2020,UES,WI,AGL,CE,Federal Contract Tower,0,4,16,0,20,0,4,41,0,45,0,8,57,0,65,6,0,6,71
01/17/2020,UES,WI,AGL,CE,Federal Contract Tower,0,7,8,0,15,0,0,21,0,21,0,7,29,0,36,78,4,82,118
01/18/2020,UES,WI,AGL,CE,Federal Contract Tower,0,0,2,0,2,0,0,0,0,0,0,0,2,0,2,0,0,0,2
01/19/2020,UES,WI,AGL,CE,Federal Contract Tower,0,3,7,0,10,0,2,25,0,27,0,5,32,0,37,0,0,0,37
01/20/2020,UES,WI,AGL,CE,Federal Contract Tower,0,8,10,0,18,0,2,63,0,65,0,10,73,0,83,84,0,84,167
01/21/2020,UES,WI,AGL,CE,Federal Contract Tower,0,3,10,0,13,0,0,46,0,46,0,3,56,0,59,32,0,32,91
01/22/2020,UES,WI,AGL,CE,Federal Contract Tower,0,4,21,0,25,0,3,41,0,44,0,7,62,0,69,20,2,22,91
01/23/2020,UES,WI,AGL,CE,Federal Contract Tower,0,8,14,0,22,0,0,0,0,0,0,8,14,0,22,0,0,0,22
01/24/2020,UES,WI,AGL,CE,Federal Contract Tower,0,4,8,0,12,0,0,0,0,0,0,4,8,0,12,0,0,0,12
01/25/2020,UES,WI,AGL,CE,Federal Contract Tower,0,4,2,0,6,0,0,0,0,0,0,4,2,0,6,0,0,0,6
01/26/2020,UES,WI,AGL,CE,Federal Contract Tower,0,7,12,0,19,0,0,0,0,0,0,7,12,0,19,0,0,0,19
01/27/2020,UES,WI,AGL,CE,Federal Contract Tower,0,3,14,2,19,0,2,1,0,3,0,5,15,2,22,0,0,0,22
01/28/2020,UES,WI,AGL,CE,Federal Contract Tower,0,4,19,0,23,0,1,14,0,15,0,5,33,0,38,64,14,78,116
01/29/2020,UES,WI,AGL,CE,Federal Contract Tower,0,4,13,0,17,0,2,42,0,44,0,6,55,0,61,118,0,118,179
01/30/2020,UES,WI,AGL,CE,Federal Contract Tower,0,0,9,0,9,0,0,39,0,39,0,0,48,0,48,116,12,128,176
01/31/2020,UES,WI,AGL,CE,Federal Contract Tower,0,2,17,0,19,0,0,0,0,0,0,2,17,0,19,0,0,0,19
02/01/2020,UES,WI,AGL,CE,Federal Contract Tower,0,2,3,0,5,0,0,12,0,12,0,2,15,0,17,0,0,0,17
02/02/2020,UES,WI,AGL,CE,Federal Contract Tower,0,5,14,0,19,0,0,47,0,47,0,5,61,0,66,12,0,12,78
02/03/2020,UES,WI,AGL,CE,Federal Contract Tower,0,7,19,0,26,0,2,87,0,89,0,9,106,0,115,96,0,96,211
02/04/2020,UES,WI,AGL,CE,Federal Contract Tower,0,6,15,0,21,0,2,39,0,41,0,8,54,0,62,56,0,56,118
02/05/2020,UES,WI,AGL,CE,Federal Contract Tower,0,7,14,0,21,0,6,49,0,55,0,13,63,0,76,84,0,84,160
02/06/2020,UES,WI,AGL,CE,Federal Contract Tower,0,6,27,0,33,0,2,41,0,43,0,8,68,0,76,28,0,28,104
02/07/2020,UES,WI,AGL,CE,Federal Contract Tower,0,7,9,0,16,0,2,43,0,45,0,9,52,0,61,24,0,24,85
02/08/2020,UES,WI,AGL,CE,Federal Contract Tower,0,5,11,0,16,0,0,50,0,50,0,5,61,0,66,100,0,100,166
02/09/2020,UES,WI,AGL,CE,Federal Contract Tower,0,3,2,0,5,0,0,0,0,0,0,3,2,0,5,0,0,0,5
02/11/2020,UES,WI,AGL,CE,Federal Contract Tower,0,8,26,0,34,0,1,34,0,35,0,9,60,0,69,62,0,62,131
02/12/2020,UES,WI,AGL,CE,Federal Contract Tower,0,6,18,0,24,0,0,31,0,31,0,6,49,0,55,10,0,10,65
02/13/2020,UES,WI,AGL,CE,Federal Contract Tower,0,12,16,0,28,0,1,1,0,2,0,13,17,0,30,0,0,0,30
02/14/2020,UES,WI,AGL,CE,Federal Contract Tower,0,8,16,0,24,0,2,21,0,23,0,10,37,0,47,2,0,2,49
02/15/2020,UES,WI,AGL,CE,Federal Contract Tower,0,4,3,0,7,0,0,19,0,19,0,4,22,0,26,12,0,12,38
02/16/2020,UES,WI,AGL,CE,Federal Contract Tower,0,2,18,0,20,0,2,92,0,94,0,4,110,0,114,132,0,132,246
02/17/2020,UES,WI,AGL,CE,Federal Contract Tower,0,3,13,0,16,0,0,10,0,10,0,3,23,0,26,0,0,0,26
02/18/2020,UES,WI,AGL,CE,Federal Contract Tower,0,3,21,0,24,0,0,22,0,22,0,3,43,0,46,20,0,20,66
02/19/2020,UES,WI,AGL,CE,Federal Contract Tower,0,8,18,0,26,0,4,27,0,31,0,12,45,0,57,0,0,0,57
02/20/2020,UES,WI,AGL,CE,Federal Contract Tower,0,5,22,2,29,0,6,39,2,47,0,11,61,4,76,20,0,20,96
02/21/2020,UES,WI,AGL,CE,Federal Contract Tower,0,3,10,0,13,0,0,22,0,22,0,3,32,0,35,0,0,0,35
02/22/2020,UES,WI,AGL,CE,Federal Contract Tower,0,0,12,0,12,0,2,65,0,67,0,2,77,0,79,56,0,56,135
02/23/2020,UES,WI,AGL,CE,Federal Contract Tower,0,6,14,0,20,0,4,107,0,111,0,10,121,0,131,66,0,66,197
02/24/2020,UES,WI,AGL,CE,Federal Contract Tower,0,5,15,0,20,0,0,73,0,73,0,5,88,0,93,50,0,50,143
02/25/2020,UES,WI,AGL,CE,Federal Contract Tower,0,2,10,0,12,0,4,16,0,20,0,6,26,0,32,12,0,12,44
02/26/2020,UES,WI,AGL,CE,Federal Contract Tower,0,3,15,0,18,0,6,3,0,9,0,9,18,0,27,4,0,4,31
02/27/2020,UES,WI,AGL,CE,Federal Contract Tower,0,3,22,0,25,0,4,44,0,48,0,7,66,0,73,34,0,34,107
02/28/2020,UES,WI,AGL,CE,Federal Contract Tower,0,5,11,0,16,0,5,36,0,41,0,10,47,0,57,38,0,38,95
02/29/2020,UES,WI,AGL,CE,Federal Contract Tower,0,2,18,0,20,0,1,111,0,112,0,3,129,0,132,136,0,136,268
03/01/2020,UES,WI,AGL,CE,Federal Contract Tower,0,8,14,0,22,0,4,56,0,60,0,12,70,0,82,48,0,48,130
03/02/2020,UES,WI,AGL,CE,Federal Contract Tower,0,0,12,0,12,0,4,68,0,72,0,4,80,0,84,36,0,36,120
03/03/2020,UES,WI,AGL,CE,Federal Contract Tower,0,4,19,0,23,0,3,10,0,13,0,7,29,0,36,12,0,12,48
03/04/2020,UES,WI,AGL,CE,Federal Contract Tower,0,7,8,0,15,0,2,43,0,45,0,9,51,0,60,16,0,16,76
03/05/2020,UES,WI,AGL,CE,Federal Contract Tower,0,7,11,0,18,0,4,2,2,8,0,11,13,2,26,0,0,0,26
03/06/2020,UES,WI,AGL,CE,Federal Contract Tower,0,8,14,0,22,0,2,28,0,30,0,10,42,0,52,10,0,10,62
03/07/2020,UES,WI,AGL,CE,Federal Contract Tower,0,1,1,0,2,0,3,58,0,61,0,4,59,0,63,42,0,42,105
03/08/2020,UES,WI,AGL,CE,Federal Contract Tower,0,2,4,0,6,0,3,60,0,63,0,5,64,0,69,4,0,4,73
03/09/2020,UES,WI,AGL,CE,Federal Contract Tower,0,5,15,0,20,0,0,0,0,0,0,5,15,0,20,0,0,0,20
03/10/2020,UES,WI,AGL,CE,Federal Contract Tower,0,3,21,0,24,0,3,94,0,97,0,6,115,0,121,54,0,54,175
03/11/2020,UES,WI,AGL,CE,Federal Contract Tower,0,5,7,0,12,0,0,2,0,2,0,5,9,0,14,6,0,6,20
03/12/2020,UES,WI,AGL,CE,Federal Contract Tower,0,1,27,0,28,0,2,6,0,8,0,3,33,0,36,18,0,18,54
03/13/2020,UES,WI,AGL,CE,Federal Contract Tower,0,3,16,0,19,0,4,17,0,21,0,7,33,0,40,4,0,4,44
03/14/2020,UES,WI,AGL,CE,Federal Contract Tower,0,12,9,0,21,0,2,53,0,55,0,14,62,0,76,100,0,100,176
03/15/2020,UES,WI,AGL,CE,Federal Contract Tower,0,9,14,0,23,0,2,123,0,125,0,11,137,0,148,158,0,158,306
03/16/2020,UES,WI,AGL,CE,Federal Contract Tower,0,6,9,0,15,0,0,61,0,61,0,6,70,0,76,68,0,68,144
03/17/2020,UES,WI,AGL,CE,Federal Contract Tower,0,6,9,0,15,0,0,60,0,60,0,6,69,0,75,66,0,66,141
03/18/2020,UES,WI,AGL,CE,Federal Contract Tower,0,2,6,0,8,0,0,4,0,4,0,2,10,0,12,0,0,0,12
03/19/2020,UES,WI,AGL,CE,Federal Contract Tower,0,7,5,0,12,0,0,0,0,0,0,7,5,0,12,0,0,0,12
03/20/2020,UES,WI,AGL,CE,Federal Contract Tower,0,7,5,0,12,0,2,6,0,8,0,9,11,0,20,6,0,6,26
03/22/2020,UES,WI,AGL,CE,Federal Contract Tower,0,3,6,0,9,0,2,41,0,43,0,5,47,0,52,130,0,130,182
03/23/2020,UES,WI,AGL,CE,Federal Contract Tower,0,4,1,0,5,0,4,20,0,24,0,8,21,0,29,48,0,48,77
03/24/2020,UES,WI,AGL,CE,Federal Contract Tower,0,3,4,1,8,0,1,17,0,18,0,4,21,1,26,6,0,6,32
03/25/2020,UES,WI,AGL,CE,Federal Contract Tower,0,3,4,0,7,0,0,30,0,30,0,3,34,0,37,0,0,0,37
03/26/2020,UES,WI,AGL,CE,Federal Contract Tower,0,1,7,0,8,0,0,0,0,0,0,1,7,0,8,0,0,0,8
03/27/2020,UES,WI,AGL,CE,Federal Contract Tower,0,2,7,0,9,0,0,5,0,5,0,2,12,0,14,0,0,0,14
03/28/2020,UES,WI,AGL,CE,Federal Contract Tower,0,1,3,0,4,0,0,0,0,0,0,1,3,0,4,0,0,0,4
03/29/2020,UES,WI,AGL,CE,Federal Contract Tower,0,1,5,0,6,0,0,0,0,0,0,1,5,0,6,0,0,0,6
03/30/2020,UES,WI,AGL,CE,Federal Contract Tower,0,3,6,0,9,0,2,31,2,35,0,5,37,2,44,8,12,20,64
03/31/2020,UES,WI,AGL,CE,Federal Contract Tower,0,2,5,0,7,0,0,3,0,3,0,2,8,0,10,20,0,20,30
04/01/2020,UES,WI,AGL,CE,Federal Contract Tower,0,2,7,0,9,0,0,17,0,17,0,2,24,0,26,12,4,16,42
04/02/2020,UES,WI,AGL,CE,Federal Contract Tower,0,2,3,0,5,0,0,63,0,63,0,2,66,0,68,14,8,22,90
04/03/2020,UES,WI,AGL,CE,Federal Contract Tower,0,5,4,0,9,0,2,40,0,42,0,7,44,0,51,28,0,28,79
04/04/2020,UES,WI,AGL,CE,Federal Contract Tower,0,1,5,0,6,0,0,9,0,9,0,1,14,0,15,16,0,16,31
04/05/2020,UES,WI,AGL,CE,Federal Contract Tower,0,2,5,0,7,0,0,69,0,69,0,2,74,0,76,20,0,20,96
04/06/2020,UES,WI,AGL,CE,Federal Contract Tower,0,1,3,0,4,0,2,40,0,42,0,3,43,0,46,0,0,0,46
04/07/2020,UES,WI,AGL,CE,Federal Contract Tower,0,0,6,0,6,0,0,6,0,6,0,0,12,0,12,0,0,0,12
04/08/2020,UES,WI,AGL,CE,Federal Contract Tower,0,2,9,0,11,0,0,2,0,2,0,2,11,0,13,8,0,8,21
04/09/2020,UES,WI,AGL,CE,Federal Contract Tower,0,1,5,0,6,0,0,6,2,8,0,1,11,2,14,0,2,2,16
04/10/2020,UES,WI,AGL,CE,Federal Contract Tower,0,0,10,2,12,0,3,48,0,51,0,3,58,2,63,52,0,52,115
04/11/2020,UES,WI,AGL,CE,Federal Contract Tower,0,0,7,0,7,0,2,45,0,47,0,2,52,0,54,6,0,6,60
04/12/2020,UES,WI,AGL,CE,Federal Contract Tower,0,0,3,0,3,0,0,4,0,4,0,0,7,0,7,4,0,4,11
04/13/2020,UES,WI,AGL,CE,Federal Contract Tower,0,3,1,0,4,0,1,5,0,6,0,4,6,0,10,0,0,0,10
04/14/2020,UES,WI,AGL,CE,Federal Contract Tower,0,4,4,0,8,0,0,2,0,2,0,4,6,0,10,10,0,10,20
04/15/2020,UES,WI,AGL,CE,Federal Contract Tower,0,2,6,0,8,0,2,31,0,33,0,4,37,0,41,28,0,28,69
04/16/2020,UES,WI,AGL,CE,Federal Contract Tower,0,0,4,1,5,0,3,30,0,33,0,3,34,1,38,6,0,6,44
04/17/2020,UES,WI,AGL,CE,Federal Contract Tower,0,3,4,0,7,0,0,27,0,27,0,3,31,0,34,26,0,26,60
04/18/2020,UES,WI,AGL,CE,Federal Contract Tower,0,0,2,0,2,0,2,11,0,13,0,2,13,0,15,0,0,0,15
04/19/2020,UES,WI,AGL,CE,Federal Contract Tower,0,0,4,0,4,0,2,85,0,87,0,2,89,0,91,58,0,58,149
04/21/2020,UES,WI,AGL,CE,Federal Contract Tower,0,2,11,2,15,0,0,28,6,34,0,2,39,8,49,4,4,8,57
04/22/2020,UES,WI,AGL,CE,Federal Contract Tower,0,4,10,4,18,0,2,27,4,33,0,6,37,8,51,18,0,18,69
04/23/2020,UES,WI,AGL,CE,Federal Contract Tower,0,2,6,2,10,0,0,0,0,0,0,2,6,2,10,0,0,0,10
04/24/2020,UES,WI,AGL,CE,Federal Contract Tower,0,8,8,0,16,0,2,10,0,12,0,10,18,0,28,22,0,22,50
04/25/2020,UES,WI,AGL,CE,Federal Contract Tower,0,2,6,0,8,0,4,38,0,42,0,6,44,0,50,70,0,70,120
04/26/2020,UES,WI,AGL,CE,Federal Contract Tower,0,8,4,0,12,0,4,103,0,107,0,12,107,0,119,70,0,70,189
04/27/2020,UES,WI,AGL,CE,Federal Contract Tower,0,2,2,0,4,0,0,13,0,13,0,2,15,0,17,0,0,0,17
04/28/2020,UES,WI,AGL,CE,Federal Contract Tower,0,0,6,0,6,0,0,18,0,18,0,0,24,0,24,36,0,36,60
04/29/2020,UES,WI,AGL,CE,Federal Contract Tower,0,2,2,0,4,0,0,0,0,0,0,2,2,0,4,0,0,0,4
04/30/2020,UES,WI,AGL,CE,Federal Contract Tower,0,6,6,0,12,0,0,15,3,18,0,6,21,3,30,36,10,46,76
05/01/2020,UES,WI,AGL,CE,Federal Contract Tower,0,4,12,0,16,0,9,105,0,114,0,13,117,0,130,70,0,70,200
05/02/2020,UES,WI,AGL,CE,Federal Contract Tower,0,5,8,0,13,0,5,44,0,49,0,10,52,0,62,26,0,26,88
05/03/2020,UES,WI,AGL,CE,Federal Contract Tower,0,4,9,0,13,0,4,55,0,59,0,8,64,0,72,64,0,64,136
05/04/2020,UES,WI,AGL,CE,Federal Contract Tower,0,1,12,0,13,0,7,27,0,34,0,8,39,0,47,18,0,18,65
05/05/2020,UES,WI,AGL,CE,Federal Contract Tower,0,3,8,0,11,0,4,40,0,44,0,7,48,0,55,32,0,32,87
05/06/2020,UES,WI,AGL,CE,Federal Contract Tower,0,2,7,0,9,0,2,76,0,78,0,4,83,0,87,18,0,18,105
05/07/2020,UES,WI,AGL,CE,Federal Contract Tower,0,3,10,0,13,0,4,54,0,58,0,7,64,0,71,60,0,60,131
05/08/2020,UES,WI,AGL,CE,Federal Contract Tower,0,13,13,0,26,0,4,48,0,52,0,17,61,0,78,68,0,68,146
05/09/2020,UES,WI,AGL,CE,Federal Contract Tower,0,1,13,0,14,0,3,54,0,57,0,4,67,0,71,28,0,28,99
05/10/2020,UES,WI,AGL,CE,Federal Contract Tower,0,2,3,0,5,0,0,1,0,1,0,2,4,0,6,0,0,0,6
05/11/2020,UES,WI,AGL,CE,Federal Contract Tower,0,1,10,0,11,0,2,72,2,76,0,3,82,2,87,44,0,44,131
05/12/2020,UES,WI,AGL,CE,Federal Contract Tower,0,0,5,0,5,0,4,113,0,117,0,4,118,0,122,114,0,114,236
05/13/2020,UES,WI,AGL,CE,Federal Contract Tower,0,2,11,0,13,0,3,31,0,34,0,5,42,0,47,16,0,16,63
05/14/2020,UES,WI,AGL,CE,Federal Contract Tower,0,4,7,0,11,0,4,13,0,17,0,8,20,0,28,0,0,0,28
05/15/2020,UES,WI,AGL,CE,Federal Contract Tower,0,6,17,0,23,0,5,91,0,96,0,11,108,0,119,64,0,64,183
05/16/2020,UES,WI,AGL,CE,Federal Contract Tower,0,1,24,0,25,0,2,96,0,98,0,3,120,0,123,116,0,116,239
05/17/2020,UES,WI,AGL,CE,Federal Contract Tower,0,2,8,0,10,0,0,0,0,0,0,2,8,0,10,0,0,0,10
05/18/2020,UES,WI,AGL,CE,Federal Contract Tower,0,3,9,0,12,0,0,0,0,0,0,3,9,0,12,0,0,0,12
05/19/2020,UES,WI,AGL,CE,Federal Contract Tower,0,2,15,0,17,0,2,8,0,10,0,4,23,0,27,0,0,0,27
05/20/2020,UES,WI,AGL,CE,Federal Contract Tower,0,8,19,0,27,0,2,88,0,90,0,10,107,0,117,102,0,102,219
05/21/2020,UES,WI,AGL,CE,Federal Contract Tower,0,5,20,0,25,0,0,106,0,106,0,5,126,0,131,124,0,124,255
05/22/2020,UES,WI,AGL,CE,Federal Contract Tower,0,9,28,0,37,0,2,27,0,29,0,11,55,0,66,0,70,70,136
05/23/2020,UES,WI,AGL,CE,Federal Contract Tower,0,4,11,0,15,0,5,35,0,40,0,9,46,0,55,56,0,56,111
05/24/2020,UES,WI,AGL,CE,Federal Contract Tower,0,6,13,0,19,0,5,64,0,69,0,11,77,0,88,62,0,62,150
05/25/2020,UES,WI,AGL,CE,Federal Contract Tower,0,3,4,0,7,0,2,60,0,62,0,5,64,0,69,22,0,22,91
05/26/2020,UES,WI,AGL,CE,Federal Contract Tower,0,1,18,0,19,0,5,47,2,54,0,6,65,2,73,64,4,68,141
05/27/2020,UES,WI,AGL,CE,Federal Contract Tower,0,8,9,0,17,0,2,22,0,24,0,10,31,0,41,58,10,68,109
05/28/2020,UES,WI,AGL,CE,Federal Contract Tower,0,4,19,0,23,0,1,2,0,3,0,5,21,0,26,16,0,16,42
05/29/2020,UES,WI,AGL,CE,Federal Contract Tower,0,8,14,0,22,0,2,63,0,65,0,10,77,0,87,78,0,78,165
05/30/2020,UES,WI,AGL,CE,Federal Contract Tower,0,1,8,0,9,0,5,96,0,101,0,6,104,0,110,84,0,84,194
05/31/2020,UES,WI,AGL,CE,Federal Contract Tower,0,8,9,0,17,0,2,131,0,133,0,10,140,0,150,98,0,98,248
06/01/2020,UES,WI,AGL,CE,Federal Contract Tower,0,8,6,0,14,0,4,68,0,72,0,12,74,0,86,68,0,68,154
06/02/2020,UES,WI,AGL,CE,Federal Contract Tower,0,0,8,0,8,0,2,68,3,73,0,2,76,3,81,68,12,80,161
06/03/2020,UES,WI,AGL,CE,Federal Contract Tower,0,7,6,0,13,0,4,84,2,90,0,11,90,2,103,78,0,78,181
06/04/2020,UES,WI,AGL,CE,Federal Contract Tower,0,7,15,0,22,0,4,94,0,98,0,11,109,0,120,160,0,160,280
06/05/2020,UES,WI,AGL,CE,Federal Contract Tower,0,8,4,0,12,0,4,63,0,67,0,12,67,0,79,150,0,150,229
06/06/2020,UES,WI,AGL,CE,Federal Contract Tower,0,0,10,0,10,0,2,106,0,108,0,2,116,0,118,82,0,82,200
06/07/2020,UES,WI,AGL,CE,Federal Contract Tower,0,7,6,0,13,0,0,88,0,88,0,7,94,0,101,70,0,70,171
06/08/2020,UES,WI,AGL,CE,Federal Contract Tower,0,5,13,0,18,0,1,54,0,55,0,6,67,0,73,70,0,70,143
06/09/2020,UES,WI,AGL,CE,Federal Contract Tower,0,4,5,0,9,0,0,28,0,28,0,4,33,0,37,62,0,62,99
06/10/2020,UES,WI,AGL,CE,Federal Contract Tower,0,4,10,0,14,0,1,26,0,27,0,5,36,0,41,56,0,56,97
06/11/2020,UES,WI,AGL,CE,Federal Contract Tower,0,6,19,0,25,0,2,32,2,36,0,8,51,2,61,8,0,8,69
06/12/2020,UES,WI,AGL,CE,Federal Contract Tower,0,5,17,0,22,0,0,90,0,90,0,5,107,0,112,82,0,82,194
06/13/2020,UES,WI,AGL,CE,Federal Contract Tower,0,1,9,0,10,0,2,85,0,87,0,3,94,0,97,84,0,84,181
06/14/2020,UES,WI,AGL,CE,Federal Contract Tower,0,1,7,0,8,0,4,132,0,136,0,5,139,0,144,174,0,174,318
06/15/2020,UES,WI,AGL,CE,Federal Contract Tower,0,6,15,0,21,0,4,80,0,84,0,10,95,0,105,72,0,72,177
06/16/2020,UES,WI,AGL,CE,Federal Contract Tower,0,4,15,0,19,0,6,91,1,98,0,10,106,1,117,96,0,96,213
06/17/2020,UES,WI,AGL,CE,Federal Contract Tower,0,4,22,0,26,0,0,85,4,89,0,4,107,4,115,66,14,80,195
06/18/2020,UES,WI,AGL,CE,Federal Contract Tower,0,14,15,0,29,0,3,77,0,80,0,17,92,0,109,86,0,86,195
06/19/2020,UES,WI,AGL,CE,Federal Contract Tower,0,6,16,0,22,0,4,121,0,125,0,10,137,0,147,136,0,136,283
06/20/2020,UES,WI,AGL,CE,Federal Contract Tower,0,1,13,0,14,0,0,13,0,13,0,1,26,0,27,110,0,110,137
06/21/2020,UES,WI,AGL,CE,Federal Contract Tower,0,3,9,0,12,0,6,65,0,71,0,9,74,0,83,64,0,64,147
06/22/2020,UES,WI,AGL,CE,Federal Contract Tower,0,4,16,0,20,0,0,16,0,16,0,4,32,0,36,2,0,2,38
06/23/2020,UES,WI,AGL,CE,Federal Contract Tower,0,3,25,0,28,0,2,19,1,22,0,5,44,1,50,32,0,32,82
06/24/2020,UES,WI,AGL,CE,Federal Contract Tower,0,7,16,0,23,0,2,72,0,74,0,9,88,0,97,176,0,176,273
06/25/2020,UES,WI,AGL,CE,Federal Contract Tower,0,7,23,0,30,0,4,115,0,119,0,11,138,0,149,94,0,94,243
06/26/2020,UES,WI,AGL,CE,Federal Contract Tower,0,8,17,0,25,0,0,8,0,8,0,8,25,0,33,6,0,6,39
06/27/2020,UES,WI,AGL,CE,Federal Contract Tower,0,1,14,0,15,0,4,85,0,89,0,5,99,0,104,100,0,100,204
06/28/2020,UES,WI,AGL,CE,Federal Contract Tower,0,0,17,0,17,0,4,107,0,111,0,4,124,0,128,96,0,96,224
06/29/2020,UES,WI,AGL,CE,Federal Contract Tower,0,4,19,0,23,0,0,37,2,39,0,4,56,2,62,18,0,18,80
06/30/2020,UES,WI,AGL,CE,Federal Contract Tower,0,5,13,0,18,0,4,87,0,91,0,9,100,0,109,100,0,100,209
07/01/2020,UES,WI,AGL,CE,Federal Contract Tower,0,10,16,0,26,0,0,126,0,126,0,10,142,0,152,146,0,146,298
07/02/2020,UES,WI,AGL,CE,Federal Contract Tower,0,0,26,0,26,0,0,76,0,76,0,0,102,0,102,82,0,82,184
07/03/2020,UES,WI,AGL,CE,Federal Contract Tower,0,5,14,0,19,0,4,87,0,91,0,9,101,0,110,44,0,44,154
07/04/2020,UES,WI,AGL,CE,Federal Contract Tower,0,2,9,0,11,0,0,78,0,78,0,2,87,0,89,36,0,36,125
07/05/2020,UES,WI,AGL,CE,Federal Contract Tower,0,1,19,0,20,0,2,60,0,62,0,3,79,0,82,104,0,104,186
07/06/2020,UES,WI,AGL,CE,Federal Contract Tower,0,10,9,0,19,0,4,90,0,94,0,14,99,0,113,106,0,106,219
07/07/2020,UES,WI,AGL,CE,Federal Contract Tower,0,6,18,0,24,0,0,19,2,21,0,6,37,2,45,34,4,38,83
07/08/2020,UES,WI,AGL,CE,Federal Contract Tower,0,9,18,0,27,0,0,75,0,75,0,9,93,0,102,52,0,52,154
07/09/2020,UES,WI,AGL,CE,Federal Contract Tower,0,14,25,0,39,0,0,44,0,44,0,14,69,0,83,104,0,104,187
07/10/2020,UES,WI,AGL,CE,Federal Contract Tower,0,11,17,0,28,0,3,38,0,41,0,14,55,0,69,86,0,86,155
07/11/2020,UES,WI,AGL,CE,Federal Contract Tower,0,5,14,0,19,0,2,86,0,88,0,7,100,0,107,110,0,110,217
07/12/2020,UES,WI,AGL,CE,Federal Contract Tower,0,4,15,0,19,0,0,85,0,85,0,4,100,0,104,102,0,102,206
07/13/2020,UES,WI,AGL,CE,Federal Contract Tower,0,7,16,0,23,0,4,96,0,100,0,11,112,0,123,90,0,90,213
07/14/2020,UES,WI,AGL,CE,Federal Contract Tower,0,9,18,0,27,0,1,96,0,97,0,10,114,0,124,128,0,128,252
07/15/2020,UES,WI,AGL,CE,Federal Contract Tower,0,3,14,0,17,0,0,29,0,29,0,3,43,0,46,28,0,28,74
07/16/2020,UES,WI,AGL,CE,Federal Contract Tower,0,7,32,0,39,0,2,109,0,111,0,9,141,0,150,132,0,132,282
07/17/2020,UES,WI,AGL,CE,Federal Contract Tower,0,7,16,0,23,0,4,107,0,111,0,11,123,0,134,126,0,126,260
07/18/2020,UES,WI,AGL,CE,Federal Contract Tower,0,4,13,0,17,0,0,28,0,28,0,4,41,0,45,48,0,48,93
07/19/2020,UES,WI,AGL,CE,Federal Contract Tower,0,12,18,0,30,0,2,83,0,85,0,14,101,0,115,28,0,28,143
07/20/2020,UES,WI,AGL,CE,Federal Contract Tower,0,5,21,0,26,0,2,105,0,107,0,7,126,0,133,148,0,148,281
07/21/2020,UES,WI,AGL,CE,Federal Contract Tower,0,3,15,0,18,0,2,60,0,62,0,5,75,0,80,82,0,82,162
07/22/2020,UES,WI,AGL,CE,Federal Contract Tower,0,6,27,0,33,0,0,85,0,85,0,6,112,0,118,80,0,80,198
07/23/2020,UES,WI,AGL,CE,Federal Contract Tower,0,6,36,0,42,0,4,90,0,94,0,10,126,0,136,156,0,156,292
07/24/2020,UES,WI,AGL,CE,Federal Contract Tower,0,5,13,0,18,0,2,148,0,150,0,7,161,0,168,231,0,231,399
07/25/2020,UES,WI,AGL,CE,Federal Contract Tower,0,4,15,0,19,0,2,84,0,86,0,6,99,0,105,102,0,102,207
07/26/2020,UES,WI,AGL,CE,Federal Contract Tower,0,5,17,0,22,0,0,36,0,36,0,5,53,0,58,14,0,14,72
07/27/2020,UES,WI,AGL,CE,Federal Contract Tower,0,11,17,0,28,0,4,80,0,84,0,15,97,0,112,88,0,88,200
07/28/2020,UES,WI,AGL,CE,Federal Contract Tower,0,6,19,2,27,0,2,73,2,77,0,8,92,4,104,126,0,126,230
07/29/2020,UES,WI,AGL,CE,Federal Contract Tower,0,8,30,2,40,0,5,160,0,165,0,13,190,2,205,144,4,148,353
07/30/2020,UES,WI,AGL,CE,Federal Contract Tower,0,6,16,0,22,0,4,97,0,101,0,10,113,0,123,174,0,174,297
07/31/2020,UES,WI,AGL,CE,Federal Contract Tower,0,4,17,0,21,0,2,116,0,118,0,6,133,0,139,144,0,144,283
08/01/2020,UES,WI,AGL,CE,Federal Contract Tower,0,3,21,0,24,0,7,72,0,79,0,10,93,0,103,72,0,72,175
08/02/2020,UES,WI,AGL,CE,Federal Contract Tower,0,10,17,0,27,0,0,66,0,66,0,10,83,0,93,142,0,142,235
08/03/2020,UES,WI,AGL,CE,Federal Contract Tower,0,7,9,0,16,0,5,35,2,42,0,12,44,2,58,0,0,0,58
08/04/2020,UES,WI,AGL,CE,Federal Contract Tower,0,8,18,0,26,0,2,94,0,96,0,10,112,0,122,74,0,74,196
08/05/2020,UES,WI,AGL,CE,Federal Contract Tower,0,11,26,0,37,0,1,129,0,130,0,12,155,0,167,172,0,172,339
08/06/2020,UES,WI,AGL,CE,Federal Contract Tower,0,7,14,0,21,0,7,138,0,145,0,14,152,0,166,138,0,138,304
08/07/2020,UES,WI,AGL,CE,Federal Contract Tower,0,3,19,0,22,0,5,86,0,91,0,8,105,0,113,100,0,100,213
08/08/2020,UES,WI,AGL,CE,Federal Contract Tower,0,0,5,0,5,0,1,44,0,45,0,1,49,0,50,16,0,16,66
08/09/2020,UES,WI,AGL,CE,Federal Contract Tower,0,4,19,0,23,0,0,0,0,0,0,4,19,0,23,28,0,28,51
08/10/2020,UES,WI,AGL,CE,Federal Contract Tower,0,1,15,0,16,0,2,3,0,5,0,3,18,0,21,18,0,18,39
08/11/2020,UES,WI,AGL,CE,Federal Contract Tower,0,3,7,0,10,0,4,136,0,140,0,7,143,0,150,158,0,158,308
08/13/2020,UES,WI,AGL,CE,Federal Contract Tower,0,5,11,0,16,0,2,100,0,102,0,7,111,0,118,96,0,96,214
08/14/2020,UES,WI,AGL,CE,Federal Contract Tower,0,6,29,0,35,0,4,115,0,119,0,10,144,0,154,110,0,110,264
08/15/2020,UES,WI,AGL,CE,Federal Contract Tower,0,2,10,0,12,0,0,61,0,61,0,2,71,0,73,70,0,70,143
08/16/2020,UES,WI,AGL,CE,Federal Contract Tower,0,4,13,0,17,0,6,128,0,134,0,10,141,0,151,104,0,104,255
08/17/2020,UES,WI,AGL,CE,Federal Contract Tower,0,6,15,0,21,0,1,65,0,66,0,7,80,0,87,98,0,98,185
08/18/2020,UES,WI,AGL,CE,Federal Contract Tower,0,3,9,0,12,0,1,49,0,50,0,4,58,0,62,28,0,28,90
08/19/2020,UES,WI,AGL,CE,Federal Contract Tower,0,5,23,0,28,0,2,74,0,76,0,7,97,0,104,64,0,64,168
08/20/2020,UES,WI,AGL,CE,Federal Contract Tower,0,5,16,0,21,0,2,44,0,46,0,7,60,0,67,24,0,24,91
08/21/2020,UES,WI,AGL,CE,Federal Contract Tower,0,2,34,0,36,0,4,105,0,109,0,6,139,0,145,75,0,75,220
08/22/2020,UES,WI,AGL,CE,Federal Contract Tower,0,1,20,0,21,0,4,101,0,105,0,5,121,0,126,100,0,100,226
08/23/2020,UES,WI,AGL,CE,Federal Contract Tower,0,6,20,0,26,0,6,121,0,127,0,12,141,0,153,124,0,124,277
08/24/2020,UES,WI,AGL,CE,Federal Contract Tower,0,1,8,0,9,0,4,91,2,97,0,5,99,2,106,186,8,194,300
08/25/2020,UES,WI,AGL,CE,Federal Contract Tower,0,6,17,0,23,0,2,39,0,41,0,8,56,0,64,50,0,50,114
08/26/2020,UES,WI,AGL,CE,Federal Contract Tower,0,2,29,0,31,0,1,89,0,90,0,3,118,0,121,78,8,86,207
08/27/2020,UES,WI,AGL,CE,Federal Contract Tower,0,6,20,0,26,0,0,66,0,66,0,6,86,0,92,128,0,128,220
08/28/2020,UES,WI,AGL,CE,Federal Contract Tower,0,3,14,0,17,0,2,30,0,32,0,5,44,0,49,44,0,44,93
08/29/2020,UES,WI,AGL,CE,Federal Contract Tower,0,2,20,0,22,0,6,84,0,90,0,8,104,0,112,94,0,94,206
08/30/2020,UES,WI,AGL,CE,Federal Contract Tower,0,6,16,0,22,0,2,152,0,154,0,8,168,0,176,128,0,128,304
08/31/2020,UES,WI,AGL,CE,Federal Contract Tower,0,3,7,0,10,0,2,41,0,43,0,5,48,0,53,86,0,86,139
09/01/2020,UES,WI,AGL,CE,Federal Contract Tower,0,9,17,0,26,0,2,85,0,87,0,11,102,0,113,132,0,132,245
09/02/2020,UES,WI,AGL,CE,Federal Contract Tower,0,3,13,0,16,0,0,73,0,73,0,3,86,0,89,54,0,54,143
09/03/2020,UES,WI,AGL,CE,Federal Contract Tower,0,8,15,0,23,0,5,39,0,44,0,13,54,0,67,12,0,12,79
09/04/2020,UES,WI,AGL,CE,Federal Contract Tower,0,4,17,0,21,0,1,62,0,63,0,5,79,0,84,54,0,54,138
09/05/2020,UES,WI,AGL,CE,Federal Contract Tower,0,3,9,0,12,0,5,105,0,110,0,8,114,0,122,68,0,68,190
09/06/2020,UES,WI,AGL,CE,Federal Contract Tower,0,2,7,0,9,0,0,10,0,10,0,2,17,0,19,0,0,0,19
09/07/2020,UES,WI,AGL,CE,Federal Contract Tower,0,6,14,0,20,0,4,95,0,99,0,10,109,0,119,86,0,86,205
09/08/2020,UES,WI,AGL,CE,Federal Contract Tower,0,10,12,0,22,0,0,2,0,2,0,10,14,0,24,0,0,0,24
09/09/2020,UES,WI,AGL,CE,Federal Contract Tower,0,8,18,0,26,0,0,0,0,0,0,8,18,0,26,0,0,0,26
09/10/2020,UES,WI,AGL,CE,Federal Contract Tower,0,8,31,0,39,0,0,0,0,0,0,8,31,0,39,0,0,0,39
09/11/2020,UES,WI,AGL,CE,Federal Contract Tower,0,8,27,0,35,0,0,25,0,25,0,8,52,0,60,54,0,54,114
09/12/2020,UES,WI,AGL,CE,Federal Contract Tower,0,4,20,0,24,0,0,1,0,1,0,4,21,0,25,0,0,0,25
09/13/2020,UES,WI,AGL,CE,Federal Contract Tower,0,6,23,0,29,0,4,79,0,83,0,10,102,0,112,56,0,56,168
09/14/2020,UES,WI,AGL,CE,Federal Contract Tower,0,13,23,0,36,0,2,70,0,72,0,15,93,0,108,94,0,94,202
09/15/2020,UES,WI,AGL,CE,Federal Contract Tower,0,12,19,0,31,0,4,76,0,80,0,16,95,0,111,96,0,96,207
09/16/2020,UES,WI,AGL,CE,Federal Contract Tower,0,6,26,0,32,0,1,75,0,76,0,7,101,0,108,101,0,101,209
09/17/2020,UES,WI,AGL,CE,Federal Contract Tower,0,7,17,0,24,0,4,123,0,127,0,11,140,0,151,176,2,178,329
09/18/2020,UES,WI,AGL,CE,Federal Contract Tower,0,4,15,0,19,0,1,95,0,96,0,5,110,0,115,166,0,166,281
09/19/2020,UES,WI,AGL,CE,Federal Contract Tower,0,0,22,0,22,0,5,133,0,138,0,5,155,0,160,164,0,164,324
09/20/2020,UES,WI,AGL,CE,Federal Contract Tower,0,5,14,0,19,0,2,95,0,97,0,7,109,0,116,58,0,58,174
09/21/2020,UES,WI,AGL,CE,Federal Contract Tower,0,3,13,0,16,0,2,91,2,95,0,5,104,2,111,108,0,108,219
09/22/2020,UES,WI,AGL,CE,Federal Contract Tower,0,7,14,0,21,0,8,103,0,111,0,15,117,0,132,88,0,88,220
09/23/2020,UES,WI,AGL,CE,Federal Contract Tower,0,6,13,2,21,0,2,114,0,116,0,8,127,2,137,160,0,160,297
09/24/2020,UES,WI,AGL,CE,Federal Contract Tower,0,6,22,3,31,0,7,84,1,92,0,13,106,4,123,82,0,82,205
09/25/2020,UES,WI,AGL,CE,Federal Contract Tower,0,9,21,0,30,0,2,69,0,71,0,11,90,0,101,44,0,44,145
09/26/2020,UES,WI,AGL,CE,Federal Contract Tower,0,6,11,0,17,0,2,74,0,76,0,8,85,0,93,30,0,30,123
09/27/2020,UES,WI,AGL,CE,Federal Contract Tower,0,4,13,0,17,0,2,57,0,59,0,6,70,0,76,66,0,66,142
09/28/2020,UES,WI,AGL,CE,Federal Contract Tower,0,2,20,0,22,0,2,15,0,17,0,4,35,0,39,20,0,20,59
09/29/2020,UES,WI,AGL,CE,Federal Contract Tower,0,4,23,0,27,0,2,27,0,29,0,6,50,0,56,118,0,118,174
09/30/2020,UES,WI,AGL,CE,Federal Contract Tower,0,5,20,0,25,0,4,26,0,30,0,9,46,0,55,28,0,28,83
10/01/2020,UES,WI,AGL,CE,Federal Contract Tower,0,12,43,0,55,0,6,3,0,9,0,18,46,0,64,26,0,26,90
10/02/2020,UES,WI,AGL,CE,Federal Contract Tower,0,9,22,0,31,0,3,113,0,116,0,12,135,0,147,146,2,148,295
10/03/2020,UES,WI,AGL,CE,Federal Contract Tower,0,3,16,0,19,0,0,31,0,31,0,3,47,0,50,32,0,32,82
10/05/2020,UES,WI,AGL,CE,Federal Contract Tower,0,1,16,0,17,0,2,47,0,49,0,3,63,0,66,32,0,32,98
10/06/2020,UES,WI,AGL,CE,Federal Contract Tower,0,13,11,0,24,0,2,98,0,100,0,15,109,0,124,112,0,112,236
10/07/2020,UES,WI,AGL,CE,Federal Contract Tower,0,3,15,0,18,0,0,61,0,61,0,3,76,0,79,94,0,94,173
10/08/2020,UES,WI,AGL,CE,Federal Contract Tower,0,4,15,0,19,0,2,126,0,128,0,6,141,0,147,126,0,126,273
10/09/2020,UES,WI,AGL,CE,Federal Contract Tower,0,7,3,0,10,0,2,23,0,25,0,9,26,0,35,14,0,14,49
10/10/2020,UES,WI,AGL,CE,Federal Contract Tower,0,2,16,0,18,0,1,117,0,118,0,3,133,0,136,142,0,142,278
10/11/2020,UES,WI,AGL,CE,Federal Contract Tower,0,0,18,0,18,0,6,49,0,55,0,6,67,0,73,20,0,20,93
10/12/2020,UES,WI,AGL,CE,Federal Contract Tower,0,1,14,0,15,0,0,3,0,3,0,1,17,0,18,0,0,0,18
10/13/2020,UES,WI,AGL,CE,Federal Contract Tower,0,3,17,0,20,0,0,18,0,18,0,3,35,0,38,10,0,10,48
10/14/2020,UES,WI,AGL,CE,Federal Contract Tower,0,5,13,0,18,0,1,38,0,39,0,6,51,0,57,46,0,46,103
10/15/2020,UES,WI,AGL,CE,Federal Contract Tower,0,6,10,0,16,0,6,63,0,69,0,12,73,0,85,80,0,80,165
10/16/2020,UES,WI,AGL,CE,Federal Contract Tower,0,5,11,0,16,0,7,78,1,86,0,12,89,1,102,104,0,104,206
10/17/2020,UES,WI,AGL,CE,Federal Contract Tower,0,1,11,0,12,0,1,10,0,11,0,2,21,0,23,22,0,22,45
10/18/2020,UES,WI,AGL,CE,Federal Contract Tower,0,4,17,0,21,0,2,36,0,38,0,6,53,0,59,22,0,22,81
10/19/2020,UES,WI,AGL,CE,Federal Contract Tower,0,5,17,0,22,0,0,102,0,102,0,5,119,0,124,148,0,148,272
10/20/2020,UES,WI,AGL,CE,Federal Contract Tower,0,16,17,0,33,0,0,41,2,43,0,16,58,2,76,76,0,76,152
10/21/2020,UES,WI,AGL,CE,Federal Contract Tower,0,13,12,0,25,0,3,96,0,99,0,16,108,0,124,204,0,204,328
10/22/2020,UES,WI,AGL,CE,Federal Contract Tower,0,8,26,0,34,0,0,0,0,0,0,8,26,0,34,0,0,0,34
10/23/2020,UES,WI,AGL,CE,Federal Contract Tower,0,7,18,0,25,0,1,0,0,1,0,8,18,0,26,0,0,0,26
10/24/2020,UES,WI,AGL,CE,Federal Contract Tower,0,8,12,0,20,0,0,60,0,60,0,8,72,0,80,41,0,41,121
10/25/2020,UES,WI,AGL,CE,Federal Contract Tower,0,6,23,0,29,0,2,32,0,34,0,8,55,0,63,62,0,62,125
10/26/2020,UES,WI,AGL,CE,Federal Contract Tower,0,13,16,0,29,0,4,44,0,48,0,17,60,0,77,72,0,72,149
10/27/2020,UES,WI,AGL,CE,Federal Contract Tower,0,8,20,0,28,0,4,73,0,77,0,12,93,0,105,88,0,88,193
10/28/2020,UES,WI,AGL,CE,Federal Contract Tower,0,6,21,0,27,0,3,107,0,110,0,9,128,0,137,118,0,118,255
10/29/2020,UES,WI,AGL,CE,Federal Contract Tower,0,10,21,0,31,0,1,26,1,28,0,11,47,1,59,30,2,32,91
10/30/2020,UES,WI,AGL,CE,Federal Contract Tower,0,3,28,0,31,0,1,93,0,94,0,4,121,0,125,90,0,90,215
10/31/2020,UES,WI,AGL,CE,Federal Contract Tower,0,2,8,0,10,0,7,38,0,45,0,9,46,0,55,10,0,10,65
11/01/2020,UES,WI,AGL,CE,Federal Contract Tower,0,3,11,0,14,0,0,10,0,10,0,3,21,0,24,22,0,22,46
11/02/2020,UES,WI,AGL,CE,Federal Contract Tower,0,4,3,0,7,0,5,25,0,30,0,9,28,0,37,12,0,12,49
11/03/2020,UES,WI,AGL,CE,Federal Contract Tower,0,2,16,2,20,0,4,73,0,77,0,6,89,2,97,74,0,74,171
11/04/2020,UES,WI,AGL,CE,Federal Contract Tower,0,6,8,0,14,0,1,50,0,51,0,7,58,0,65,62,0,62,127
11/05/2020,UES,WI,AGL,CE,Federal Contract Tower,0,9,12,0,21,0,2,81,0,83,0,11,93,0,104,202,0,202,306
11/06/2020,UES,WI,AGL,CE,Federal Contract Tower,0,4,16,0,20,0,2,99,0,101,0,6,115,0,121,140,0,140,261
11/07/2020,UES,WI,AGL,CE,Federal Contract Tower,0,2,16,0,18,0,3,42,0,45,0,5,58,0,63,74,0,74,137
11/08/2020,UES,WI,AGL,CE,Federal Contract Tower,0,2,10,0,12,0,1,65,0,66,0,3,75,0,78,84,0,84,162
11/09/2020,UES,WI,AGL,CE,Federal Contract Tower,0,0,12,0,12,0,3,19,0,22,0,3,31,0,34,16,0,16,50
11/10/2020,UES,WI,AGL,CE,Federal Contract Tower,0,8,6,0,14,0,0,0,0,0,0,8,6,0,14,0,0,0,14
11/11/2020,UES,WI,AGL,CE,Federal Contract Tower,0,7,19,0,26,0,2,76,0,78,0,9,95,0,104,170,0,170,274
11/12/2020,UES,WI,AGL,CE,Federal Contract Tower,0,11,11,2,24,0,3,72,0,75,0,14,83,2,99,190,0,190,289
11/13/2020,UES,WI,AGL,CE,Federal Contract Tower,0,4,20,0,24,0,4,71,0,75,0,8,91,0,99,86,0,86,185
11/14/2020,UES,WI,AGL,CE,Federal Contract Tower,0,7,3,0,10,0,2,23,0,25,0,9,26,0,35,50,0,50,85
11/15/2020,UES,WI,AGL,CE,Federal Contract Tower,0,5,7,0,12,0,0,0,0,0,0,5,7,0,12,0,0,0,12
11/16/2020,UES,WI,AGL,CE,Federal Contract Tower,0,5,19,0,24,0,2,78,0,80,0,7,97,0,104,112,0,112,216
11/17/2020,UES,WI,AGL,CE,Federal Contract Tower,0,4,11,0,15,0,3,57,0,60,0,7,68,0,75,98,0,98,173
11/18/2020,UES,WI,AGL,CE,Federal Contract Tower,0,1,13,0,14,0,1,39,0,40,0,2,52,0,54,66,0,66,120
11/19/2020,UES,WI,AGL,CE,Federal Contract Tower,0,7,8,0,15,0,0,24,0,24,0,7,32,0,39,6,0,6,45
11/20/2020,UES,WI,AGL,CE,Federal Contract Tower,0,6,11,0,17,0,2,56,0,58,0,8,67,0,75,68,0,68,143
11/21/2020,UES,WI,AGL,CE,Federal Contract Tower,0,0,18,0,18,0,3,99,0,102,0,3,117,0,120,158,0,158,278
11/22/2020,UES,WI,AGL,CE,Federal Contract Tower,0,6,6,0,12,0,4,79,0,83,0,10,85,0,95,112,0,112,207
11/23/2020,UES,WI,AGL,CE,Federal Contract Tower,0,8,12,0,20,0,4,68,0,72,0,12,80,0,92,80,0,80,172
11/24/2020,UES,WI,AGL,CE,Federal Contract Tower,0,4,1,0,5,0,0,0,0,0,0,4,1,0,5,0,0,0,5
11/25/2020,UES,WI,AGL,CE,Federal Contract Tower,0,4,5,0,9,0,0,0,0,0,0,4,5,0,9,0,0,0,9
11/26/2020,UES,WI,AGL,CE,Federal Contract Tower,0,0,4,0,4,0,0,5,0,5,0,0,9,0,9,0,0,0,9
11/27/2020,UES,WI,AGL,CE,Federal Contract Tower,0,1,15,0,16,0,0,38,0,38,0,1,53,0,54,120,0,120,174
11/28/2020,UES,WI,AGL,CE,Federal Contract Tower,0,7,13,0,20,0,2,87,0,89,0,9,100,0,109,130,0,130,239
11/29/2020,UES,WI,AGL,CE,Federal Contract Tower,0,10,18,0,28,0,4,74,0,78,0,14,92,0,106,82,0,82,188
11/30/2020,UES,WI,AGL,CE,Federal Contract Tower,0,1,15,0,16,0,2,18,0,20,0,3,33,0,36,0,0,0,36
12/01/2020,UES,WI,AGL,CE,Federal Contract Tower,0,9,6,0,15,0,4,77,0,81,0,13,83,0,96,120,0,120,216
12/02/2020,UES,WI,AGL,CE,Federal Contract Tower,0,9,19,2,30,0,2,108,0,110,0,11,127,2,140,140,0,140,280
12/03/2020,UES,WI,AGL,CE,Federal Contract Tower,0,13,9,0,22,0,0,47,0,47,0,13,56,0,69,58,4,62,131
12/04/2020,UES,WI,AGL,CE,Federal Contract Tower,0,5,18,0,23,0,5,89,0,94,0,10,107,0,117,178,0,178,295
12/05/2020,UES,WI,AGL,CE,Federal Contract Tower,0,4,5,0,9,0,6,78,0,84,0,10,83,0,93,204,0,204,297
12/06/2020,UES,WI,AGL,CE,Federal Contract Tower,0,5,10,0,15,0,2,45,0,47,0,7,55,0,62,190,0,190,252
12/07/2020,UES,WI,AGL,CE,Federal Contract Tower,0,5,8,0,13,0,6,23,0,29,0,11,31,0,42,74,0,74,116
12/08/2020,UES,WI,AGL,CE,Federal Contract Tower,0,3,14,0,17,0,3,33,0,36,0,6,47,0,53,36,0,36,89
12/09/2020,UES,WI,AGL,CE,Federal Contract Tower,0,1,15,0,16,0,3,119,0,122,0,4,134,0,138,144,0,144,282
12/10/2020,UES,WI,AGL,CE,Federal Contract Tower,0,4,9,0,13,0,2,165,2,169,0,6,174,2,182,228,6,234,416
12/11/2020,UES,WI,AGL,CE,Federal Contract Tower,0,5,8,0,13,0,0,1,0,1,0,5,9,0,14,0,0,0,14
12/12/2020,UES,WI,AGL,CE,Federal Contract Tower,0,6,2,0,8,0,0,1,0,1,0,6,3,0,9,0,0,0,9
12/13/2020,UES,WI,AGL,CE,Federal Contract Tower,0,3,15,0,18,0,0,28,0,28,0,3,43,0,46,86,0,86,132
12/14/2020,UES,WI,AGL,CE,Federal Contract Tower,0,4,17,0,21,0,4,64,0,68,0,8,81,0,89,156,0,156,245
12/15/2020,UES,WI,AGL,CE,Federal Contract Tower,0,4,10,2,16,0,3,49,0,52,0,7,59,2,68,148,0,148,216
12/16/2020,UES,WI,AGL,CE,Federal Contract Tower,0,5,14,0,19,0,2,38,0,40,0,7,52,0,59,142,4,146,205
12/17/2020,UES,WI,AGL,CE,Federal Contract Tower,0,5,14,0,19,0,5,68,4,77,0,10,82,4,96,142,0,142,238
12/18/2020,UES,WI,AGL,CE,Federal Contract Tower,0,11,15,0,26,0,1,44,0,45,0,12,59,0,71,122,0,122,193
12/19/2020,UES,WI,AGL,CE,Federal Contract Tower,0,6,12,0,18,0,0,1,0,1,0,6,13,0,19,0,0,0,19
12/20/2020,UES,WI,AGL,CE,Federal Contract Tower,0,6,14,0,20,0,1,66,0,67,0,7,80,0,87,80,0,80,167
12/21/2020,UES,WI,AGL,CE,Federal Contract Tower,0,3,7,0,10,0,3,18,0,21,0,6,25,0,31,34,0,34,65
12/22/2020,UES,WI,AGL,CE,Federal Contract Tower,0,2,25,0,27,0,2,86,0,88,0,4,111,0,115,202,0,202,317
12/23/2020,UES,WI,AGL,CE,Federal Contract Tower,0,9,11,0,20,0,0,8,0,8,0,9,19,0,28,0,0,0,28
12/24/2020,UES,WI,AGL,CE,Federal Contract Tower,0,4,11,0,15,0,2,3,0,5,0,6,14,0,20,10,0,10,30
12/25/2020,UES,WI,AGL,CE,Federal Contract Tower,0,7,2,0,9,0,4,5,0,9,0,11,7,0,18,16,0,16,34
12/26/2020,UES,WI,AGL,CE,Federal Contract Tower,0,5,14,0,19,0,6,59,0,65,0,11,73,0,84,200,0,200,284
12/27/2020,UES,WI,AGL,CE,Federal Contract Tower,0,5,22,0,27,0,4,12,0,16,0,9,34,0,43,38,0,38,81
12/28/2020,UES,WI,AGL,CE,Federal Contract Tower,0,2,20,0,22,0,4,80,0,84,0,6,100,0,106,110,0,110,216
12/29/2020,UES,WI,AGL,CE,Federal Contract Tower,0,2,3,0,5,0,2,47,0,49,0,4,50,0,54,52,0,52,106
12/30/2020,UES,WI,AGL,CE,Federal Contract Tower,0,0,9,0,9,0,9,2,0,11,0,9,11,0,20,6,0,6,26
12/31/2020,UES,WI,AGL,CE,Federal Contract Tower,0,7,9,0,16,0,0,12,0,12,0,7,21,0,28,42,0,42,70
01/01/2021,UES,WI,AGL,CE,Federal Contract Tower,0,2,1,0,3,0,0,2,0,2,0,2,3,0,5,0,0,0,5
01/02/2021,UES,WI,AGL,CE,Federal Contract Tower,0,11,20,0,31,0,0,0,0,0,0,11,20,0,31,0,0,0,31
01/05/2021,UES,WI,AGL,CE,Federal Contract Tower,0,1,6,0,7,0,0,0,0,0,0,1,6,0,7,0,0,0,7
01/06/2021,UES,WI,AGL,CE,Federal Contract Tower,0,2,18,0,20,0,0,0,0,0,0,2,18,0,20,0,0,0,20
01/07/2021,UES,WI,AGL,CE,Federal Contract Tower,0,6,14,0,20,0,0,22,0,22,0,6,36,0,42,78,0,78,120
01/08/2021,UES,WI,AGL,CE,Federal Contract Tower,0,6,21,0,27,0,2,4,0,6,0,8,25,0,33,66,0,66,99
01/09/2021,UES,WI,AGL,CE,Federal Contract Tower,0,8,7,0,15,0,2,59,0,61,0,10,66,0,76,124,0,124,200
01/10/2021,UES,WI,AGL,CE,Federal Contract Tower,0,3,16,0,19,0,0,21,0,21,0,3,37,0,40,138,0,138,178
01/11/2021,UES,WI,AGL,CE,Federal Contract Tower,0,2,18,0,20,0,0,4,0,4,0,2,22,0,24,30,0,30,54
01/12/2021,UES,WI,AGL,CE,Federal Contract Tower,0,0,6,0,6,0,0,12,0,12,0,0,18,0,18,14,0,14,32
01/13/2021,UES,WI,AGL,CE,Federal Contract Tower,0,4,14,0,18,0,1,96,0,97,0,5,110,0,115,134,0,134,249
01/14/2021,UES,WI,AGL,CE,Federal Contract Tower,0,5,17,0,22,0,2,18,0,20,0,7,35,0,42,98,0,98,140
01/15/2021,UES,WI,AGL,CE,Federal Contract Tower,0,4,15,0,19,0,4,6,0,10,0,8,21,0,29,12,0,12,41
01/16/2021,UES,WI,AGL,CE,Federal Contract Tower,0,0,15,1,16,0,1,0,0,1,0,1,15,1,17,0,0,0,17
01/17/2021,UES,WI,AGL,CE,Federal Contract Tower,0,9,13,0,22,0,0,3,0,3,0,9,16,0,25,0,0,0,25
01/18/2021,UES,WI,AGL,CE,Federal Contract Tower,0,17,9,0,26,0,2,58,0,60,0,19,67,0,86,100,0,100,186
01/19/2021,UES,WI,AGL,CE,Federal Contract Tower,0,1,23,0,24,0,4,40,0,44,0,5,63,0,68,48,0,48,116
01/20/2021,UES,WI,AGL,CE,Federal Contract Tower,0,8,10,0,18,0,2,40,0,42,0,10,50,0,60,28,0,28,88
01/21/2021,UES,WI,AGL,CE,Federal Contract Tower,0,6,8,0,14,0,4,55,0,59,0,10,63,0,73,42,0,42,115
01/22/2021,UES,WI,AGL,CE,Federal Contract Tower,0,3,20,0,23,0,1,67,0,68,0,4,87,0,91,92,0,92,183
01/23/2021,UES,WI,AGL,CE,Federal Contract Tower,0,5,11,0,16,3,95,0,0,98,3,100,11,0,114,126,0,126,240
01/24/2021,UES,WI,AGL,CE,Federal Contract Tower,0,6,17,0,23,0,0,2,0,2,0,6,19,0,25,0,0,0,25
01/25/2021,UES,WI,AGL,CE,Federal Contract Tower,0,3,19,0,22,0,0,8,0,8,0,3,27,0,30,2,0,2,32
01/26/2021,UES,WI,AGL,CE,Federal Contract Tower,0,8,3,0,11,0,2,0,0,2,0,10,3,0,13,0,0,0,13
01/27/2021,UES,WI,AGL,CE,Federal Contract Tower,0,9,17,0,26,0,2,56,0,58,0,11,73,0,84,104,0,104,188
01/28/2021,UES,WI,AGL,CE,Federal Contract Tower,0,10,12,0,22,0,2,57,0,59,0,12,69,0,81,72,0,72,153
01/29/2021,UES,WI,AGL,CE,Federal Contract Tower,0,6,16,0,22,0,2,108,0,110,0,8,124,0,132,146,0,146,278
01/30/2021,UES,WI,AGL,CE,Federal Contract Tower,0,6,5,0,11,0,0,26,0,26,0,6,31,0,37,32,0,32,69
01/31/2021,UES,WI,AGL,CE,Federal Contract Tower,0,7,7,0,14,0,0,0,0,0,0,7,7,0,14,0,0,0,14
02/01/2021,UES,WI,AGL,CE,Federal Contract Tower,0,6,19,0,25,0,5,84,0,89,0,11,103,0,114,132,0,132,246
02/02/2021,UES,WI,AGL,CE,Federal Contract Tower,0,9,14,0,23,0,2,48,0,50,0,11,62,0,73,72,0,72,145
02/03/2021,UES,WI,AGL,CE,Federal Contract Tower,0,14,20,0,34,0,3,132,0,135,0,17,152,0,169,168,10,178,347
02/04/2021,UES,WI,AGL,CE,Federal Contract Tower,0,2,4,0,6,0,0,0,0,0,0,2,4,0,6,0,0,0,6
02/05/2021,UES,WI,AGL,CE,Federal Contract Tower,0,3,14,0,17,0,1,1,0,2,0,4,15,0,19,0,0,0,19
02/06/2021,UES,WI,AGL,CE,Federal Contract Tower,0,4,8,0,12,0,0,15,0,15,0,4,23,0,27,18,0,18,45
02/07/2021,UES,WI,AGL,CE,Federal Contract Tower,0,4,10,0,14,0,4,5,0,9,0,8,15,0,23,4,0,4,27
02/08/2021,UES,WI,AGL,CE,Federal Contract Tower,0,13,12,0,25,0,4,16,0,20,0,17,28,0,45,28,0,28,73
02/09/2021,UES,WI,AGL,CE,Federal Contract Tower,0,14,17,0,31,0,0,19,2,21,0,14,36,2,52,24,0,24,76
02/10/2021,UES,WI,AGL,CE,Federal Contract Tower,0,4,16,0,20,0,2,27,0,29,0,6,43,0,49,10,0,10,59
02/11/2021,UES,WI,AGL,CE,Federal Contract Tower,0,6,10,0,16,0,0,27,0,27,0,6,37,0,43,6,0,6,49
02/12/2021,UES,WI,AGL,CE,Federal Contract Tower,0,8,19,0,27,0,1,27,0,28,0,9,46,0,55,8,0,8,63
02/13/2021,UES,WI,AGL,CE,Federal Contract Tower,0,8,5,0,13,0,0,1,0,1,0,8,6,0,14,0,0,0,14
02/14/2021,UES,WI,AGL,CE,Federal Contract Tower,0,3,11,0,14,0,0,4,0,4,0,3,15,0,18,0,0,0,18
02/15/2021,UES,WI,AGL,CE,Federal Contract Tower,0,9,14,0,23,0,2,8,0,10,0,11,22,0,33,0,0,0,33
02/16/2021,UES,WI,AGL,CE,Federal Contract Tower,0,3,11,0,14,0,5,20,0,25,0,8,31,0,39,0,0,0,39
02/17/2021,UES,WI,AGL,CE,Federal Contract Tower,0,8,14,0,22,0,2,36,0,38,0,10,50,0,60,54,0,54,114
02/18/2021,UES,WI,AGL,CE,Federal Contract Tower,0,5,18,0,23,0,6,45,0,51,0,11,63,0,74,78,0,78,152
02/19/2021,UES,WI,AGL,CE,Federal Contract Tower,0,12,25,0,37,0,4,65,0,69,0,16,90,0,106,156,0,156,262
02/20/2021,UES,WI,AGL,CE,Federal Contract Tower,0,0,21,0,21,0,6,77,0,83,0,6,98,0,104,102,0,102,206
02/21/2021,UES,WI,AGL,CE,Federal Contract Tower,0,9,14,0,23,0,0,20,0,20,0,9,34,0,43,24,0,24,67
02/22/2021,UES,WI,AGL,CE,Federal Contract Tower,0,7,15,0,22,0,0,16,0,16,0,7,31,0,38,10,0,10,48
02/23/2021,UES,WI,AGL,CE,Federal Contract Tower,0,6,19,0,25,0,4,98,0,102,0,10,117,0,127,120,0,120,247
02/24/2021,UES,WI,AGL,CE,Federal Contract Tower,0,6,24,0,30,0,4,53,0,57,0,10,77,0,87,76,0,76,163
02/25/2021,UES,WI,AGL,CE,Federal Contract Tower,0,8,19,0,27,0,3,123,0,126,0,11,142,0,153,88,0,88,241
02/26/2021,UES,WI,AGL,CE,Federal Contract Tower,0,9,10,0,19,0,4,47,0,51,0,13,57,0,70,104,0,104,174
02/27/2021,UES,WI,AGL,CE,Federal Contract Tower,0,5,13,0,18,0,4,116,0,120,0,9,129,0,138,150,0,150,288
02/28/2021,UES,WI,AGL,CE,Federal Contract Tower,0,7,27,0,34,0,0,0,0,0,0,7,27,0,34,0,0,0,34
03/01/2021,UES,WI,AGL,CE,Federal Contract Tower,0,3,18,0,21,0,0,46,0,46,0,3,64,0,67,58,0,58,125
03/02/2021,UES,WI,AGL,CE,Federal Contract Tower,0,8,17,0,25,0,3,15,0,18,0,11,32,0,43,18,0,18,61
03/03/2021,UES,WI,AGL,CE,Federal Contract Tower,0,5,22,0,27,0,4,118,0,122,0,9,140,0,149,126,0,126,275
03/04/2021,UES,WI,AGL,CE,Federal Contract Tower,0,5,13,0,18,0,14,113,0,127,0,19,126,0,145,144,4,148,293
03/05/2021,UES,WI,AGL,CE,Federal Contract Tower,0,6,17,0,23,0,6,95,0,101,0,12,112,0,124,136,0,136,260
03/06/2021,UES,WI,AGL,CE,Federal Contract Tower,0,7,8,0,15,0,1,133,0,134,0,8,141,0,149,148,0,148,297
03/07/2021,UES,WI,AGL,CE,Federal Contract Tower,0,10,12,0,22,0,4,85,0,89,0,14,97,0,111,132,0,132,243
03/08/2021,UES,WI,AGL,CE,Federal Contract Tower,0,2,20,0,22,0,0,94,0,94,0,2,114,0,116,128,0,128,244
03/09/2021,UES,WI,AGL,CE,Federal Contract Tower,0,9,12,0,21,0,5,67,4,76,0,14,79,4,97,92,4,96,193
03/10/2021,UES,WI,AGL,CE,Federal Contract Tower,0,6,8,0,14,0,3,6,0,9,0,9,14,0,23,0,0,0,23
03/11/2021,UES,WI,AGL,CE,Federal Contract Tower,0,8,18,0,26,0,0,12,0,12,0,8,30,0,38,18,6,24,62
03/12/2021,UES,WI,AGL,CE,Federal Contract Tower,0,6,19,0,25,0,4,80,0,84,0,10,99,0,109,56,0,56,165
03/13/2021,UES,WI,AGL,CE,Federal Contract Tower,0,2,14,0,16,0,2,109,0,111,0,4,123,0,127,112,0,112,239
03/14/2021,UES,WI,AGL,CE,Federal Contract Tower,0,9,19,0,28,0,6,54,0,60,0,15,73,0,88,22,0,22,110
03/15/2021,UES,WI,AGL,CE,Federal Contract Tower,0,4,10,0,14,0,0,10,0,10,0,4,20,0,24,20,0,20,44
03/16/2021,UES,WI,AGL,CE,Federal Contract Tower,0,6,16,0,22,0,2,36,0,38,0,8,52,0,60,124,0,124,184
03/17/2021,UES,WI,AGL,CE,Federal Contract Tower,0,2,9,0,11,0,0,6,0,6,0,2,15,0,17,46,0,46,63
03/18/2021,UES,WI,AGL,CE,Federal Contract Tower,0,2,14,0,16,0,0,12,0,12,0,2,26,0,28,0,0,0,28
03/19/2021,UES,WI,AGL,CE,Federal Contract Tower,0,11,13,0,24,0,7,134,0,141,0,18,147,0,165,240,0,240,405
03/20/2021,UES,WI,AGL,CE,Federal Contract Tower,0,6,6,0,12,0,1,135,0,136,0,7,141,0,148,192,0,192,340
03/21/2021,UES,WI,AGL,CE,Federal Contract Tower,0,8,16,0,24,0,2,60,0,62,0,10,76,0,86,46,0,46,132
03/22/2021,UES,WI,AGL,CE,Federal Contract Tower,0,9,10,0,19,0,3,86,0,89,0,12,96,0,108,54,0,54,162
03/23/2021,UES,WI,AGL,CE,Federal Contract Tower,0,3,15,0,18,0,0,19,1,20,0,3,34,1,38,50,2,52,90
03/24/2021,UES,WI,AGL,CE,Federal Contract Tower,0,8,17,0,25,0,0,18,0,18,0,8,35,0,43,48,0,48,91
03/25/2021,UES,WI,AGL,CE,Federal Contract Tower,0,5,19,0,24,0,7,31,0,38,0,12,50,0,62,42,0,42,104
03/26/2021,UES,WI,AGL,CE,Federal Contract Tower,0,10,17,0,27,0,5,43,0,48,0,15,60,0,75,128,0,128,203
03/27/2021,UES,WI,AGL,CE,Federal Contract Tower,0,3,14,0,17,0,0,4,0,4,0,3,18,0,21,0,0,0,21
03/28/2021,UES,WI,AGL,CE,Federal Contract Tower,0,5,13,0,18,0,0,28,0,28,0,5,41,0,46,20,0,20,66
03/29/2021,UES,WI,AGL,CE,Federal Contract Tower,0,4,24,0,28,0,0,21,0,21,0,4,45,0,49,16,0,16,65
03/30/2021,UES,WI,AGL,CE,Federal Contract Tower,0,12,12,0,24,0,4,14,0,18,0,16,26,0,42,20,0,20,62
03/31/2021,UES,WI,AGL,CE,Federal Contract Tower,0,4,10,0,14,0,2,64,0,66,0,6,74,0,80,82,0,82,162
04/01/2021,UES,WI,AGL,CE,Federal Contract Tower,0,16,13,0,29,0,4,89,0,93,0,20,102,0,122,60,0,60,182
04/02/2021,UES,WI,AGL,CE,Federal Contract Tower,0,2,9,0,11,0,0,91,0,91,0,2,100,0,102,72,0,72,174
04/03/2021,UES,WI,AGL,CE,Federal Contract Tower,0,2,20,0,22,0,5,62,0,67,0,7,82,0,89,66,0,66,155
04/04/2021,UES,WI,AGL,CE,Federal Contract Tower,0,6,8,0,14,0,4,105,0,109,0,10,113,0,123,86,0,86,209
04/05/2021,UES,WI,AGL,CE,Federal Contract Tower,0,12,17,0,29,0,3,54,0,57,0,15,71,0,86,58,0,58,144
04/06/2021,UES,WI,AGL,CE,Federal Contract Tower,0,3,12,0,15,0,0,58,0,58,0,3,70,0,73,150,0,150,223
04/07/2021,UES,WI,AGL,CE,Federal Contract Tower,0,10,14,0,24,0,3,86,0,89,0,13,100,0,113,84,0,84,197
04/08/2021,UES,WI,AGL,CE,Federal Contract Tower,0,2,20,0,22,0,1,2,0,3,0,3,22,0,25,8,0,8,33
04/09/2021,UES,WI,AGL,CE,Federal Contract Tower,0,6,21,0,27,0,5,4,0,9,0,11,25,0,36,18,0,18,54
04/10/2021,UES,WI,AGL,CE,Federal Contract Tower,0,4,16,0,20,0,0,9,0,9,0,4,25,0,29,42,0,42,71
04/11/2021,UES,WI,AGL,CE,Federal Contract Tower,0,6,13,0,19,0,0,63,0,63,0,6,76,0,82,114,0,114,196
04/12/2021,UES,WI,AGL,CE,Federal Contract Tower,0,9,21,0,30,0,4,79,0,83,0,13,100,0,113,84,0,84,197
04/13/2021,UES,WI,AGL,CE,Federal Contract Tower,0,7,13,0,20,0,0,32,0,32,0,7,45,0,52,94,0,94,146
04/14/2021,UES,WI,AGL,CE,Federal Contract Tower,0,6,16,0,22,0,4,94,0,98,0,10,110,0,120,142,2,144,264
04/15/2021,UES,WI,AGL,CE,Federal Contract Tower,0,4,17,0,21,0,2,39,0,41,0,6,56,0,62,26,0,26,88
04/16/2021,UES,WI,AGL,CE,Federal Contract Tower,0,3,25,0,28,0,2,91,0,93,0,5,116,0,121,154,0,154,275
04/17/2021,UES,WI,AGL,CE,Federal Contract Tower,0,0,6,0,6,0,7,86,0,93,0,7,92,0,99,132,0,132,231
04/18/2021,UES,WI,AGL,CE,Federal Contract Tower,0,9,15,0,24,0,10,117,0,127,0,19,132,0,151,98,0,98,249
04/19/2021,UES,WI,AGL,CE,Federal Contract Tower,0,6,13,0,19,0,3,46,0,49,0,9,59,0,68,80,0,80,148
04/20/2021,UES,WI,AGL,CE,Federal Contract Tower,0,9,14,0,23,0,9,44,0,53,0,18,58,0,76,114,0,114,190
04/21/2021,UES,WI,AGL,CE,Federal Contract Tower,0,8,19,0,27,0,6,43,0,49,0,14,62,0,76,120,0,120,196
04/22/2021,UES,WI,AGL,CE,Federal Contract Tower,0,11,27,0,38,0,2,116,0,118,0,13,143,0,156,88,0,88,244
04/23/2021,UES,WI,AGL,CE,Federal Contract Tower,0,6,15,0,21,0,1,57,0,58,0,7,72,0,79,52,0,52,131
04/24/2021,UES,WI,AGL,CE,Federal Contract Tower,0,5,12,0,17,0,3,44,0,47,0,8,56,0,64,60,0,60,124
04/25/2021,UES,WI,AGL,CE,Federal Contract Tower,0,9,12,0,21,0,1,102,0,103,0,10,114,0,124,92,0,92,216
04/26/2021,UES,WI,AGL,CE,Federal Contract Tower,0,12,14,0,26,0,4,36,0,40,0,16,50,0,66,20,0,20,86
04/27/2021,UES,WI,AGL,CE,Federal Contract Tower,0,2,11,2,15,0,3,39,0,42,0,5,50,2,57,76,0,76,133
04/28/2021,UES,WI,AGL,CE,Federal Contract Tower,0,14,20,0,34,0,0,32,0,32,0,14,52,0,66,156,4,160,226
04/29/2021,UES,WI,AGL,CE,Federal Contract Tower,0,9,16,0,25,0,2,74,0,76,0,11,90,0,101,138,0,138,239
04/30/2021,UES,WI,AGL,CE,Federal Contract Tower,0,4,26,0,30,0,14,81,0,95,0,18,107,0,125,104,2,106,231
05/01/2021,UES,WI,AGL,CE,Federal Contract Tower,0,5,9,0,14,0,1,7,2,10,0,6,16,2,24,0,0,0,24
05/02/2021,UES,WI,AGL,CE,Federal Contract Tower,0,8,7,0,15,0,8,45,0,53,0,16,52,0,68,0,0,0,68
05/03/2021,UES,WI,AGL,CE,Federal Contract Tower,0,8,7,0,15,0,2,14,0,16,0,10,21,0,31,128,0,128,159
05/04/2021,UES,WI,AGL,CE,Federal Contract Tower,0,8,26,0,34,0,1,58,0,59,0,9,84,0,93,40,0,40,133
05/05/2021,UES,WI,AGL,CE,Federal Contract Tower,0,10,24,0,34,0,0,110,0,110,0,10,134,0,144,140,0,140,284
05/06/2021,UES,WI,AGL,CE,Federal Contract Tower,0,15,24,2,41,0,2,44,1,47,0,17,68,3,88,96,0,96,184
05/07/2021,UES,WI,AGL,CE,Federal Contract Tower,0,5,19,0,24,0,0,31,0,31,0,5,50,0,55,22,0,22,77
05/08/2021,UES,WI,AGL,CE,Federal Contract Tower,0,2,26,0,28,0,3,129,0,132,0,5,155,0,160,80,0,80,240
05/09/2021,UES,WI,AGL,CE,Federal Contract Tower,0,9,11,0,20,0,3,38,0,41,0,12,49,0,61,20,0,20,81
05/10/2021,UES,WI,AGL,CE,Federal Contract Tower,0,7,8,0,15,0,2,82,0,84,0,9,90,0,99,156,0,156,255
05/11/2021,UES,WI,AGL,CE,Federal Contract Tower,0,5,26,0,31,0,4,81,0,85,0,9,107,0,116,126,0,126,242
05/12/2021,UES,WI,AGL,CE,Federal Contract Tower,0,5,12,0,17,0,5,86,0,91,0,10,98,0,108,142,0,142,250
05/13/2021,UES,WI,AGL,CE,Federal Contract Tower,0,10,13,0,23,0,5,116,6,127,0,15,129,6,150,148,0,148,298
05/14/2021,UES,WI,AGL,CE,Federal Contract Tower,0,9,15,0,24,0,7,96,0,103,0,16,111,0,127,142,0,142,269
05/15/2021,UES,WI,AGL,CE,Federal Contract Tower,0,4,14,0,18,0,0,21,0,21,0,4,35,0,39,76,0,76,115
05/16/2021,UES,WI,AGL,CE,Federal Contract Tower,0,5,20,0,25,0,2,65,0,67,0,7,85,0,92,150,0,150,242
05/17/2021,UES,WI,AGL,CE,Federal Contract Tower,0,9,16,0,25,0,6,144,0,150,0,15,160,0,175,216,0,216,391
05/18/2021,UES,WI,AGL,CE,Federal Contract Tower,0,11,14,0,25,0,2,41,0,43,0,13,55,0,68,34,0,34,102
05/19/2021,UES,WI,AGL,CE,Federal Contract Tower,0,10,15,0,25,0,3,19,0,22,0,13,34,0,47,20,0,20,67
05/20/2021,UES,WI,AGL,CE,Federal Contract Tower,0,7,32,0,39,0,4,72,0,76,0,11,104,0,115,124,0,124,239
05/21/2021,UES,WI,AGL,CE,Federal Contract Tower,0,5,11,0,16,0,4,40,0,44,0,9,51,0,60,74,0,74,134
05/22/2021,UES,WI,AGL,CE,Federal Contract Tower,0,1,10,0,11,0,3,81,0,84,0,4,91,0,95,106,0,106,201
05/23/2021,UES,WI,AGL,CE,Federal Contract Tower,0,6,25,0,31,0,0,1,0,1,0,6,26,0,32,0,0,0,32
05/24/2021,UES,WI,AGL,CE,Federal Contract Tower,0,11,28,0,39,0,2,81,0,83,0,13,109,0,122,58,0,58,180
05/25/2021,UES,WI,AGL,CE,Federal Contract Tower,0,7,15,0,22,0,3,25,0,28,0,10,40,0,50,18,0,18,68
05/26/2021,UES,WI,AGL,CE,Federal Contract Tower,0,11,30,0,41,0,4,112,0,116,0,15,142,0,157,120,0,120,277
05/27/2021,UES,WI,AGL,CE,Federal Contract Tower,0,5,23,2,30,0,6,27,2,35,0,11,50,4,65,18,0,18,83
05/28/2021,UES,WI,AGL,CE,Federal Contract Tower,0,6,26,0,32,0,2,4,0,6,0,8,30,0,38,4,0,4,42
05/29/2021,UES,WI,AGL,CE,Federal Contract Tower,0,6,16,0,22,0,12,161,0,173,0,18,177,0,195,130,0,130,325
05/30/2021,UES,WI,AGL,CE,Federal Contract Tower,0,5,13,0,18,0,8,107,0,115,0,13,120,0,133,124,0,124,257
05/31/2021,UES,WI,AGL,CE,Federal Contract Tower,0,7,14,0,21,0,6,88,0,94,0,13,102,0,115,50,0,50,165
06/01/2021,UES,WI,AGL,CE,Federal Contract Tower,0,4,16,0,20,0,8,76,0,84,0,12,92,0,104,90,0,90,194
06/02/2021,UES,WI,AGL,CE,Federal Contract Tower,0,2,17,0,19,0,3,103,2,108,0,5,120,2,127,134,2,136,263
06/03/2021,UES,WI,AGL,CE,Federal Contract Tower,0,14,21,0,35,0,2,76,2,80,0,16,97,2,115,54,6,60,175
06/04/2021,UES,WI,AGL,CE,Federal Contract Tower,0,6,14,1,21,0,2,17,0,19,0,8,31,1,40,0,0,0,40
06/05/2021,UES,WI,AGL,CE,Federal Contract Tower,0,3,10,0,13,0,5,45,0,50,0,8,55,0,63,8,0,8,71
06/06/2021,UES,WI,AGL,CE,Federal Contract Tower,0,5,9,0,14,0,7,69,0,76,0,12,78,0,90,72,0,72,162
06/07/2021,UES,WI,AGL,CE,Federal Contract Tower,0,11,10,2,23,0,3,42,0,45,0,14,52,2,68,66,0,66,134
06/08/2021,UES,WI,AGL,CE,Federal Contract Tower,0,10,24,0,34,0,2,57,0,59,0,12,81,0,93,164,0,164,257
06/09/2021,UES,WI,AGL,CE,Federal Contract Tower,0,4,28,0,32,0,6,107,0,113,0,10,135,0,145,116,0,116,261
06/10/2021,UES,WI,AGL,CE,Federal Contract Tower,0,18,27,0,45,0,2,111,0,113,0,20,138,0,158,172,0,172,330
06/11/2021,UES,WI,AGL,CE,Federal Contract Tower,0,8,16,0,24,0,5,55,0,60,0,13,71,0,84,120,0,120,204
06/12/2021,UES,WI,AGL,CE,Federal Contract Tower,0,2,15,0,17,0,3,102,0,105,0,5,117,0,122,102,0,102,224
06/13/2021,UES,WI,AGL,CE,Federal Contract Tower,0,4,11,0,15,0,6,157,0,163,0,10,168,0,178,170,0,170,348
06/14/2021,UES,WI,AGL,CE,Federal Contract Tower,0,7,23,0,30,0,2,108,0,110,0,9,131,0,140,122,0,122,262
06/15/2021,UES,WI,AGL,CE,Federal Contract Tower,0,8,25,0,33,0,2,86,0,88,0,10,111,0,121,98,0,98,219
06/16/2021,UES,WI,AGL,CE,Federal Contract Tower,0,7,33,0,40,0,4,120,0,124,0,11,153,0,164,116,2,118,282
06/17/2021,UES,WI,AGL,CE,Federal Contract Tower,0,4,30,0,34,0,2,70,0,72,0,6,100,0,106,132,0,132,238
06/18/2021,UES,WI,AGL,CE,Federal Contract Tower,0,4,16,0,20,0,6,76,0,82,0,10,92,0,102,146,0,146,248
06/19/2021,UES,WI,AGL,CE,Federal Contract Tower,0,3,10,0,13,0,2,85,0,87,0,5,95,0,100,68,0,68,168
06/20/2021,UES,WI,AGL,CE,Federal Contract Tower,0,3,15,0,18,0,4,48,0,52,0,7,63,0,70,76,0,76,146
06/21/2021,UES,WI,AGL,CE,Federal Contract Tower,0,16,24,0,40,0,6,53,0,59,0,22,77,0,99,36,0,36,135
06/22/2021,UES,WI,AGL,CE,Federal Contract Tower,0,12,29,2,43,0,4,106,2,112,0,16,135,4,155,156,4,160,315
06/23/2021,UES,WI,AGL,CE,Federal Contract Tower,0,16,36,0,52,0,3,32,0,35,0,19,68,0,87,18,0,18,105
06/24/2021,UES,WI,AGL,CE,Federal Contract Tower,0,10,15,0,25,0,0,65,0,65,0,10,80,0,90,56,0,56,146
06/25/2021,UES,WI,AGL,CE,Federal Contract Tower,0,6,23,0,29,0,2,9,0,11,0,8,32,0,40,10,0,10,50
06/26/2021,UES,WI,AGL,CE,Federal Contract Tower,0,1,14,0,15,0,1,8,0,9,0,2,22,0,24,20,0,20,44
06/27/2021,UES,WI,AGL,CE,Federal Contract Tower,0,3,28,0,31,0,4,79,0,83,0,7,107,0,114,140,0,140,254
06/28/2021,UES,WI,AGL,CE,Federal Contract Tower,0,3,23,0,26,0,10,98,0,108,0,13,121,0,134,118,0,118,252
06/29/2021,UES,WI,AGL,CE,Federal Contract Tower,0,10,24,0,34,0,0,11,0,11,0,10,35,0,45,50,0,50,95
06/30/2021,UES,WI,AGL,CE,Federal Contract Tower,0,12,44,0,56,0,2,138,0,140,0,14,182,0,196,174,0,174,370
07/01/2021,UES,WI,AGL,CE,Federal Contract Tower,0,5,45,0,50,0,4,109,0,113,0,9,154,0,163,66,0,66,229
07/02/2021,UES,WI,AGL,CE,Federal Contract Tower,0,14,27,0,41,0,1,117,0,118,0,15,144,0,159,198,0,198,357
07/03/2021,UES,WI,AGL,CE,Federal Contract Tower,0,4,6,0,10,0,3,58,0,61,0,7,64,0,71,112,0,112,183
07/04/2021,UES,WI,AGL,CE,Federal Contract Tower,0,1,5,0,6,0,8,101,0,109,0,9,106,0,115,72,0,72,187
07/05/2021,UES,WI,AGL,CE,Federal Contract Tower,0,5,11,0,16,0,8,58,0,66,0,13,69,0,82,8,0,8,90
07/06/2021,UES,WI,AGL,CE,Federal Contract Tower,0,9,23,0,32,0,7,108,0,115,0,16,131,0,147,126,0,126,273
07/07/2021,UES,WI,AGL,CE,Federal Contract Tower,0,6,32,0,38,0,0,0,0,0,0,6,32,0,38,0,0,0,38
07/08/2021,UES,WI,AGL,CE,Federal Contract Tower,0,12,23,0,35,0,0,51,0,51,0,12,74,0,86,174,0,174,260
07/09/2021,UES,WI,AGL,CE,Federal Contract Tower,0,3,22,0,25,0,9,103,0,112,0,12,125,0,137,158,0,158,295
07/10/2021,UES,WI,AGL,CE,Federal Contract Tower,0,5,12,0,17,0,5,121,0,126,0,10,133,0,143,132,0,132,275
07/11/2021,UES,WI,AGL,CE,Federal Contract Tower,0,14,28,0,42,0,3,50,0,53,0,17,78,0,95,46,0,46,141
07/12/2021,UES,WI,AGL,CE,Federal Contract Tower,0,12,30,0,42,0,0,38,0,38,0,12,68,0,80,72,0,72,152
07/13/2021,UES,WI,AGL,CE,Federal Contract Tower,0,15,23,0,38,0,5,64,0,69,0,20,87,0,107,86,0,86,193
07/14/2021,UES,WI,AGL,CE,Federal Contract Tower,0,4,20,0,24,0,1,91,0,92,0,5,111,0,116,122,0,122,238
07/15/2021,UES,WI,AGL,CE,Federal Contract Tower,0,14,22,0,36,0,3,47,0,50,0,17,69,0,86,106,0,106,192
07/16/2021,UES,WI,AGL,CE,Federal Contract Tower,0,10,26,0,36,0,6,75,0,81,0,16,101,0,117,62,0,62,179
07/17/2021,UES,WI,AGL,CE,Federal Contract Tower,0,4,22,0,26,0,0,110,0,110,0,4,132,0,136,100,0,100,236
07/18/2021,UES,WI,AGL,CE,Federal Contract Tower,0,13,15,0,28,0,10,123,0,133,0,23,138,0,161,110,0,110,271
07/19/2021,UES,WI,AGL,CE,Federal Contract Tower,0,12,21,0,33,0,4,112,0,116,0,16,133,0,149,86,0,86,235
07/20/2021,UES,WI,AGL,CE,Federal Contract Tower,0,13,20,0,33,0,6,72,0,78,0,19,92,0,111,50,0,50,161
07/21/2021,UES,WI,AGL,CE,Federal Contract Tower,0,13,45,0,58,0,4,80,0,84,0,17,125,0,142,170,0,170,312
07/22/2021,UES,WI,AGL,CE,Federal Contract Tower,0,12,41,0,53,0,4,93,2,99,0,16,134,2,152,108,0,108,260
07/23/2021,UES,WI,AGL,CE,Federal Contract Tower,0,8,37,0,45,0,7,114,0,121,0,15,151,0,166,138,0,138,304
07/24/2021,UES,WI,AGL,CE,Federal Contract Tower,0,7,21,0,28,0,8,69,4,81,0,15,90,4,109,38,0,38,147
07/25/2021,UES,WI,AGL,CE,Federal Contract Tower,0,9,31,0,40,0,0,129,0,129,0,9,160,0,169,148,0,148,317
07/28/2021,UES,WI,AGL,CE,Federal Contract Tower,0,10,26,0,36,0,1,139,0,140,0,11,165,0,176,80,0,80,256
08/01/2021,UES,WI,AGL,CE,Federal Contract Tower,0,11,14,0,25,0,6,77,0,83,0,17,91,0,108,62,0,62,170
08/02/2021,UES,WI,AGL,CE,Federal Contract Tower,0,8,25,0,33,0,6,119,0,125,0,14,144,0,158,118,0,118,276
08/03/2021,UES,WI,AGL,CE,Federal Contract Tower,0,5,26,0,31,0,6,77,2,85,0,11,103,2,116,92,0,92,208
08/04/2021,UES,WI,AGL,CE,Federal Contract Tower,0,16,23,0,39,0,13,119,0,132,0,29,142,0,171,150,0,150,321
08/05/2021,UES,WI,AGL,CE,Federal Contract Tower,0,14,20,0,34,0,5,96,0,101,0,19,116,0,135,68,0,68,203
08/06/2021,UES,WI,AGL,CE,Federal Contract Tower,0,17,17,0,34,0,5,20,0,25,0,22,37,0,59,40,0,40,99
08/07/2021,UES,WI,AGL,CE,Federal Contract Tower,0,4,21,0,25,0,6,24,0,30,0,10,45,0,55,42,0,42,97
08/09/2021,UES,WI,AGL,CE,Federal Contract Tower,0,6,10,0,16,0,3,0,0,3,0,9,10,0,19,0,0,0,19
08/10/2021,UES,WI,AGL,CE,Federal Contract Tower,0,19,22,0,41,0,3,69,0,72,0,22,91,0,113,100,0,100,213
08/11/2021,UES,WI,AGL,CE,Federal Contract Tower,0,8,20,0,28,0,3,32,0,35,0,11,52,0,63,0,0,0,63
08/12/2021,UES,WI,AGL,CE,Federal Contract Tower,0,8,30,0,38,0,10,137,0,147,0,18,167,0,185,66,6,72,257
08/13/2021,UES,WI,AGL,CE,Federal Contract Tower,0,12,19,0,31,0,5,103,0,108,0,17,122,0,139,132,0,132,271
08/14/2021,UES,WI,AGL,CE,Federal Contract Tower,0,2,20,0,22,0,5,93,0,98,0,7,113,0,120,88,0,88,208
08/15/2021,UES,WI,AGL,CE,Federal Contract Tower,0,9,24,0,33,0,4,136,0,140,0,13,160,0,173,82,0,82,255
08/16/2021,UES,WI,AGL,CE,Federal Contract Tower,0,10,27,0,37,0,4,123,0,127,0,14,150,0,164,120,0,120,284
08/17/2021,UES,WI,AGL,CE,Federal Contract Tower,0,16,28,0,44,0,0,70,0,70,0,16,98,0,114,86,0,86,200
08/18/2021,UES,WI,AGL,CE,Federal Contract Tower,0,8,30,0,38,0,7,94,0,101,0,15,124,0,139,108,0,108,247
08/19/2021,UES,WI,AGL,CE,Federal Contract Tower,0,12,27,0,39,0,2,74,2,78,0,14,101,2,117,114,0,114,231
08/20/2021,UES,WI,AGL,CE,Federal Contract Tower,0,7,20,0,27,0,4,63,0,67,0,11,83,0,94,34,0,34,128
08/21/2021,UES,WI,AGL,CE,Federal Contract Tower,0,7,15,0,22,0,10,40,0,50,0,17,55,0,72,38,0,38,110
08/22/2021,UES,WI,AGL,CE,Federal Contract Tower,0,7,20,0,27,0,2,107,0,109,0,9,127,0,136,54,0,54,190
08/23/2021,UES,WI,AGL,CE,Federal Contract Tower,0,12,16,2,30,0,4,45,0,49,0,16,61,2,79,28,0,28,107
08/24/2021,UES,WI,AGL,CE,Federal Contract Tower,0,4,29,0,33,0,2,32,0,34,0,6,61,0,67,36,0,36,103
08/25/2021,UES,WI,AGL,CE,Federal Contract Tower,0,5,29,0,34,0,3,93,0,96,0,8,122,0,130,140,0,140,270
08/26/2021,UES,WI,AGL,CE,Federal Contract Tower,0,9,38,2,49,0,3,67,0,70,0,12,105,2,119,86,0,86,205
08/27/2021,UES,WI,AGL,CE,Federal Contract Tower,0,6,27,0,33,0,7,25,0,32,0,13,52,0,65,60,0,60,125
08/28/2021,UES,WI,AGL,CE,Federal Contract Tower,0,2,12,0,14,0,0,65,0,65,0,2,77,0,79,60,0,60,139
08/29/2021,UES,WI,AGL,CE,Federal Contract Tower,0,5,25,0,30,0,4,39,0,43,0,9,64,0,73,16,0,16,89
08/30/2021,UES,WI,AGL,CE,Federal Contract Tower,0,16,17,0,33,0,4,106,0,110,0,20,123,0,143,78,0,78,221
08/31/2021,UES,WI,AGL,CE,Federal Contract Tower,0,2,21,2,25,0,8,44,0,52,0,10,65,2,77,68,0,68,145
09/01/2021,UES,WI,AGL,CE,Federal Contract Tower,0,11,29,0,40,0,2,114,0,116,0,13,143,0,156,112,0,112,268
09/02/2021,UES,WI,AGL,CE,Federal Contract Tower,0,11,27,2,40,0,3,107,0,110,0,14,134,2,150,108,0,108,258
09/03/2021,UES,WI,AGL,CE,Federal Contract Tower,0,8,32,0,40,0,3,100,0,103,0,11,132,0,143,58,0,58,201
09/04/2021,UES,WI,AGL,CE,Federal Contract Tower,0,0,19,0,19,0,6,13,0,19,0,6,32,0,38,14,0,14,52
09/05/2021,UES,WI,AGL,CE,Federal Contract Tower,0,2,14,0,16,0,8,79,0,87,0,10,93,0,103,68,0,68,171
09/06/2021,UES,WI,AGL,CE,Federal Contract Tower,0,13,34,0,47,0,3,164,0,167,0,16,198,0,214,80,0,80,294
09/07/2021,UES,WI,AGL,CE,Federal Contract Tower,0,7,29,0,36,0,3,49,0,52,0,10,78,0,88,18,0,18,106
09/08/2021,UES,WI,AGL,CE,Federal Contract Tower,0,9,32,0,41,0,5,97,2,104,0,14,129,2,145,80,0,80,225
09/09/2021,UES,WI,AGL,CE,Federal Contract Tower,0,12,24,0,36,0,0,125,0,125,0,12,149,0,161,124,0,124,285
09/10/2021,UES,WI,AGL,CE,Federal Contract Tower,0,8,24,0,32,0,5,99,0,104,0,13,123,0,136,128,0,128,264
09/11/2021,UES,WI,AGL,CE,Federal Contract Tower,0,3,9,0,12,0,7,70,0,77,0,10,79,0,89,34,0,34,123
09/12/2021,UES,WI,AGL,CE,Federal Contract Tower,0,2,27,0,29,0,15,55,0,70,0,17,82,0,99,74,0,74,173
09/13/2021,UES,WI,AGL,CE,Federal Contract Tower,0,2,42,0,44,0,0,1,0,1,0,2,43,0,45,0,0,0,45
09/14/2021,UES,WI,AGL,CE,Federal Contract Tower,0,18,31,0,49,0,0,0,0,0,0,18,31,0,49,70,0,70,119
09/15/2021,UES,WI,AGL,CE,Federal Contract Tower,0,8,19,0,27,0,2,129,0,131,0,10,148,0,158,164,0,164,322
09/16/2021,UES,WI,AGL,CE,Federal Contract Tower,0,12,29,1,42,0,16,96,1,113,0,28,125,2,155,66,0,66,221
09/17/2021,UES,WI,AGL,CE,Federal Contract Tower,0,11,24,2,37,0,5,51,0,56,0,16,75,2,93,74,0,74,167
09/18/2021,UES,WI,AGL,CE,Federal Contract Tower,0,3,14,0,17,0,9,88,0,97,0,12,102,0,114,56,0,56,170
09/19/2021,UES,WI,AGL,CE,Federal Contract Tower,0,9,25,0,34,0,10,127,0,137,0,19,152,0,171,120,0,120,291
09/20/2021,UES,WI,AGL,CE,Federal Contract Tower,0,6,34,0,40,0,2,68,0,70,0,8,102,0,110,70,0,70,180
09/21/2021,UES,WI,AGL,CE,Federal Contract Tower,0,4,47,0,51,0,4,79,2,85,0,8,126,2,136,122,0,122,258
09/22/2021,UES,WI,AGL,CE,Federal Contract Tower,0,16,17,0,33,0,2,79,4,85,0,18,96,4,118,58,0,58,176
09/23/2021,UES,WI,AGL,CE,Federal Contract Tower,0,9,32,0,41,0,3,71,0,74,0,12,103,0,115,66,0,66,181
09/24/2021,UES,WI,AGL,CE,Federal Contract Tower,0,7,41,2,50,0,3,66,0,69,0,10,107,2,119,128,0,128,247
09/25/2021,UES,WI,AGL,CE,Federal Contract Tower,0,8,17,0,25,0,2,156,0,158,0,10,173,0,183,82,0,82,265
09/26/2021,UES,WI,AGL,CE,Federal Contract Tower,0,12,22,0,34,0,6,64,0,70,0,18,86,0,104,14,0,14,118
09/27/2021,UES,WI,AGL,CE,Federal Contract Tower,0,13,24,0,37,0,5,84,0,89,0,18,108,0,126,100,0,100,226
09/28/2021,UES,WI,AGL,CE,Federal Contract Tower,0,4,37,0,41,0,0,104,0,104,0,4,141,0,145,170,0,170,315
09/29/2021,UES,WI,AGL,CE,Federal Contract Tower,0,6,23,0,29,0,5,116,0,121,0,11,139,0,150,170,0,170,320
09/30/2021,UES,WI,AGL,CE,Federal Contract Tower,0,16,27,0,43,0,2,107,0,109,0,18,134,0,152,132,0,132,284
10/01/2021,UES,WI,AGL,CE,Federal Contract Tower,0,12,38,0,50,0,7,82,0,89,0,19,120,0,139,134,0,134,273
10/02/2021,UES,WI,AGL,CE,Federal Contract Tower,0,3,11,0,14,0,3,55,0,58,0,6,66,0,72,102,0,102,174
10/03/2021,UES,WI,AGL,CE,Federal Contract Tower,0,13,27,0,40,0,6,10,0,16,0,19,37,0,56,0,0,0,56
10/04/2021,UES,WI,AGL,CE,Federal Contract Tower,0,11,35,2,48,0,7,14,0,21,0,18,49,2,69,0,0,0,69
10/05/2021,UES,WI,AGL,CE,Federal Contract Tower,0,9,24,0,33,0,0,11,0,11,0,9,35,0,44,14,0,14,58
10/06/2021,UES,WI,AGL,CE,Federal Contract Tower,0,6,25,0,31,0,4,56,0,60,0,10,81,0,91,100,0,100,191
10/07/2021,UES,WI,AGL,CE,Federal Contract Tower,0,9,33,0,42,0,0,0,0,0,0,9,33,0,42,0,0,0,42
10/08/2021,UES,WI,AGL,CE,Federal Contract Tower,0,6,24,0,30,0,5,25,0,30,0,11,49,0,60,30,0,30,90
10/09/2021,UES,WI,AGL,CE,Federal Contract Tower,0,6,16,0,22,0,4,60,0,64,0,10,76,0,86,72,0,72,158
10/10/2021,UES,WI,AGL,CE,Federal Contract Tower,0,3,28,0,31,0,2,47,0,49,0,5,75,0,80,38,0,38,118
10/11/2021,UES,WI,AGL,CE,Federal Contract Tower,0,13,23,0,36,0,6,19,0,25,0,19,42,0,61,64,0,64,125
10/12/2021,UES,WI,AGL,CE,Federal Contract Tower,0,2,26,0,28,0,4,4,0,8,0,6,30,0,36,4,0,4,40
10/13/2021,UES,WI,AGL,CE,Federal Contract Tower,0,10,17,2,29,0,1,56,0,57,0,11,73,2,86,100,0,100,186
10/14/2021,UES,WI,AGL,CE,Federal Contract Tower,0,9,21,2,32,0,0,111,2,113,0,9,132,4,145,116,10,126,271
10/15/2021,UES,WI,AGL,CE,Federal Contract Tower,0,10,26,0,36,0,6,69,0,75,0,16,95,0,111,32,0,32,143
10/16/2021,UES,WI,AGL,CE,Federal Contract Tower,0,8,13,0,21,0,8,55,0,63,0,16,68,0,84,32,0,32,116
10/17/2021,UES,WI,AGL,CE,Federal Contract Tower,0,9,16,0,25,0,1,133,0,134,0,10,149,0,159,84,0,84,243
10/18/2021,UES,WI,AGL,CE,Federal Contract Tower,0,10,24,0,34,0,3,137,0,140,0,13,161,0,174,226,0,226,400
10/19/2021,UES,WI,AGL,CE,Federal Contract Tower,0,20,38,0,58,0,4,96,0,100,0,24,134,0,158,116,0,116,274
10/20/2021,UES,WI,AGL,CE,Federal Contract Tower,0,11,19,0,30,0,9,112,0,121,0,20,131,0,151,160,0,160,311
10/21/2021,UES,WI,AGL,CE,Federal Contract Tower,0,11,41,0,52,0,0,1,0,1,0,11,42,0,53,0,0,0,53
10/22/2021,UES,WI,AGL,CE,Federal Contract Tower,0,8,27,0,35,0,7,101,0,108,0,15,128,0,143,226,0,226,369
10/23/2021,UES,WI,AGL,CE,Federal Contract Tower,0,12,14,0,26,0,4,143,0,147,0,16,157,0,173,244,0,244,417
10/24/2021,UES,WI,AGL,CE,Federal Contract Tower,0,10,33,0,43,0,2,48,0,50,0,12,81,0,93,74,0,74,167
10/25/2021,UES,WI,AGL,CE,Federal Contract Tower,0,2,20,0,22,0,4,2,0,6,0,6,22,0,28,0,0,0,28
10/26/2021,UES,WI,AGL,CE,Federal Contract Tower,0,5,21,0,26,0,1,106,0,107,0,6,127,0,133,174,0,174,307
10/27/2021,UES,WI,AGL,CE,Federal Contract Tower,0,11,35,0,46,0,3,104,0,107,0,14,139,0,153,138,0,138,291
10/28/2021,UES,WI,AGL,CE,Federal Contract Tower,0,7,24,2,33,0,2,2,0,4,0,9,26,2,37,6,0,6,43
10/29/2021,UES,WI,AGL,CE,Federal Contract Tower,0,10,14,0,24,0,4,0,0,4,0,14,14,0,28,0,0,0,28
10/30/2021,UES,WI,AGL,CE,Federal Contract Tower,0,11,24,0,35,0,9,62,0,71,0,20,86,0,106,56,0,56,162
10/31/2021,UES,WI,AGL,CE,Federal Contract Tower,0,12,29,0,41,0,2,43,0,45,0,14,72,0,86,0,0,0,86
11/01/2021,UES,WI,AGL,CE,Federal Contract Tower,0,3,15,0,18,0,2,46,0,48,0,5,61,0,66,62,0,62,128
11/02/2021,UES,WI,AGL,CE,Federal Contract Tower,0,10,13,0,23,0,2,56,0,58,0,12,69,0,81,130,0,130,211
11/03/2021,UES,WI,AGL,CE,Federal Contract Tower,0,3,25,0,28,0,1,145,0,146,0,4,170,0,174,118,0,118,292
11/04/2021,UES,WI,AGL,CE,Federal Contract Tower,0,13,23,0,36,0,3,138,0,141,0,16,161,0,177,124,0,124,301
11/05/2021,UES,WI,AGL,CE,Federal Contract Tower,0,5,22,0,27,0,4,48,0,52,0,9,70,0,79,44,0,44,123
11/06/2021,UES,WI,AGL,CE,Federal Contract Tower,0,11,11,0,22,0,2,56,0,58,0,13,67,0,80,62,0,62,142
11/07/2021,UES,WI,AGL,CE,Federal Contract Tower,0,8,22,0,30,0,2,111,0,113,0,10,133,0,143,108,0,108,251
11/08/2021,UES,WI,AGL,CE,Federal Contract Tower,0,7,16,0,23,0,6,141,0,147,0,13,157,0,170,180,0,180,350
11/09/2021,UES,WI,AGL,CE,Federal Contract Tower,0,5,27,0,32,0,4,99,0,103,0,9,126,0,135,126,0,126,261
11/10/2021,UES,WI,AGL,CE,Federal Contract Tower,0,7,17,0,24,0,1,101,4,106,0,8,118,4,130,194,4,198,328
11/11/2021,UES,WI,AGL,CE,Federal Contract Tower,0,8,30,0,38,0,1,3,0,4,0,9,33,0,42,0,0,0,42
11/12/2021,UES,WI,AGL,CE,Federal Contract Tower,0,7,18,0,25,0,0,0,0,0,0,7,18,0,25,0,0,0,25
11/13/2021,UES,WI,AGL,CE,Federal Contract Tower,0,2,11,0,13,0,9,30,0,39,0,11,41,0,52,16,0,16,68
11/14/2021,UES,WI,AGL,CE,Federal Contract Tower,0,9,13,0,22,0,2,4,0,6,0,11,17,0,28,0,0,0,28
11/15/2021,UES,WI,AGL,CE,Federal Contract Tower,0,12,22,0,34,0,0,115,0,115,0,12,137,0,149,204,0,204,353
11/16/2021,UES,WI,AGL,CE,Federal Contract Tower,0,12,19,0,31,0,2,70,0,72,0,14,89,0,103,116,0,116,219
11/17/2021,UES,WI,AGL,CE,Federal Contract Tower,0,8,28,0,36,0,1,56,0,57,0,9,84,0,93,62,0,62,155
11/18/2021,UES,WI,AGL,CE,Federal Contract Tower,0,7,14,0,21,0,5,13,0,18,0,12,27,0,39,0,0,0,39
11/19/2021,UES,WI,AGL,CE,Federal Contract Tower,0,9,19,0,28,0,2,81,0,83,0,11,100,0,111,160,0,160,271
11/20/2021,UES,WI,AGL,CE,Federal Contract Tower,0,5,15,0,20,0,7,78,0,85,0,12,93,0,105,68,0,68,173
11/21/2021,UES,WI,AGL,CE,Federal Contract Tower,0,5,5,0,10,0,3,35,0,38,0,8,40,0,48,54,0,54,102
11/22/2021,UES,WI,AGL,CE,Federal Contract Tower,0,9,14,0,23,0,6,56,0,62,0,15,70,0,85,94,0,94,179
11/23/2021,UES,WI,AGL,CE,Federal Contract Tower,0,8,26,0,34,0,1,112,0,113,0,9,138,0,147,134,0,134,281
11/24/2021,UES,WI,AGL,CE,Federal Contract Tower,0,12,18,0,30,0,6,40,0,46,0,18,58,0,76,8,0,8,84
11/25/2021,UES,WI,AGL,CE,Federal Contract Tower,0,4,0,0,4,0,2,0,0,2,0,6,0,0,6,0,0,0,6
11/26/2021,UES,WI,AGL,CE,Federal Contract Tower,0,6,12,0,18,0,3,70,0,73,0,9,82,0,91,68,0,68,159
11/27/2021,UES,WI,AGL,CE,Federal Contract Tower,0,3,8,0,11,0,2,54,0,56,0,5,62,0,67,100,0,100,167
11/28/2021,UES,WI,AGL,CE,Federal Contract Tower,0,15,17,0,32,0,0,39,0,39,0,15,56,0,71,12,0,12,83
11/29/2021,UES,WI,AGL,CE,Federal Contract Tower,0,7,17,0,24,0,1,26,0,27,0,8,43,0,51,72,0,72,123
11/30/2021,UES,WI,AGL,CE,Federal Contract Tower,0,6,22,0,28,0,1,69,0,70,0,7,91,0,98,62,0,62,160
12/01/2021,UES,WI,AGL,CE,Federal Contract Tower,0,11,29,0,40,0,4,77,0,81,0,15,106,0,121,190,0,190,311
12/02/2021,UES,WI,AGL,CE,Federal Contract Tower,0,8,15,0,23,0,1,41,0,42,0,9,56,0,65,74,6,80,145
12/03/2021,UES,WI,AGL,CE,Federal Contract Tower,0,8,28,0,36,0,0,0,0,0,0,8,28,0,36,0,0,0,36
12/04/2021,UES,WI,AGL,CE,Federal Contract Tower,0,4,15,0,19,0,7,120,0,127,0,11,135,0,146,184,6,190,336
12/05/2021,UES,WI,AGL,CE,Federal Contract Tower,0,4,14,0,18,0,0,2,0,2,0,4,16,0,20,0,0,0,20
12/06/2021,UES,WI,AGL,CE,Federal Contract Tower,0,7,16,0,23,0,0,11,0,11,0,7,27,0,34,0,0,0,34
12/07/2021,UES,WI,AGL,CE,Federal Contract Tower,0,11,26,0,37,0,3,40,0,43,0,14,66,0,80,68,0,68,148
12/08/2021,UES,WI,AGL,CE,Federal Contract Tower,0,10,24,2,36,0,0,51,4,55,0,10,75,6,91,52,0,52,143
12/09/2021,UES,WI,AGL,CE,Federal Contract Tower,0,9,21,2,32,0,1,39,0,40,0,10,60,2,72,44,0,44,116
12/10/2021,UES,WI,AGL,CE,Federal Contract Tower,0,15,20,0,35,0,2,1,0,3,0,17,21,0,38,0,0,0,38
12/11/2021,UES,WI,AGL,CE,Federal Contract Tower,0,4,14,0,18,0,0,0,0,0,0,4,14,0,18,0,0,0,18
12/12/2021,UES,WI,AGL,CE,Federal Contract Tower,0,8,17,0,25,0,0,48,0,48,0,8,65,0,73,36,0,36,109
12/13/2021,UES,WI,AGL,CE,Federal Contract Tower,0,14,24,0,38,0,0,129,0,129,0,14,153,0,167,124,0,124,291
12/14/2021,UES,WI,AGL,CE,Federal Contract Tower,0,10,24,0,34,0,0,101,0,101,0,10,125,0,135,118,0,118,253
12/15/2021,UES,WI,AGL,CE,Federal Contract Tower,0,8,22,0,30,0,4,1,0,5,0,12,23,0,35,0,0,0,35
12/16/2021,UES,WI,AGL,CE,Federal Contract Tower,0,5,11,1,17,0,4,11,0,15,0,9,22,1,32,0,0,0,32
12/17/2021,UES,WI,AGL,CE,Federal Contract Tower,0,9,15,0,24,0,2,81,0,83,0,11,96,0,107,184,0,184,291
12/18/2021,UES,WI,AGL,CE,Federal Contract Tower,0,5,11,0,16,0,1,37,0,38,0,6,48,0,54,150,0,150,204
12/19/2021,UES,WI,AGL,CE,Federal Contract Tower,0,7,15,0,22,0,0,95,0,95,0,7,110,0,117,136,0,136,253
12/20/2021,UES,WI,AGL,CE,Federal Contract Tower,0,4,22,0,26,0,0,108,0,108,0,4,130,0,134,162,0,162,296
12/21/2021,UES,WI,AGL,CE,Federal Contract Tower,0,10,23,0,33,0,3,59,0,62,0,13,82,0,95,60,0,60,155
12/22/2021,UES,WI,AGL,CE,Federal Contract Tower,0,9,12,0,21,0,2,145,0,147,0,11,157,0,168,296,0,296,464
12/23/2021,UES,WI,AGL,CE,Federal Contract Tower,0,13,17,0,30,0,9,85,0,94,0,22,102,0,124,120,0,120,244
12/24/2021,UES,WI,AGL,CE,Federal Contract Tower,0,0,3,0,3,0,0,0,0,0,0,0,3,0,3,0,0,0,3
12/25/2021,UES,WI,AGL,CE,Federal Contract Tower,0,4,6,0,10,0,1,14,0,15,0,5,20,0,25,6,0,6,31
12/26/2021,UES,WI,AGL,CE,Federal Contract Tower,0,9,19,0,28,0,0,81,0,81,0,9,100,0,109,80,0,80,189
12/27/2021,UES,WI,AGL,CE,Federal Contract Tower,0,13,11,0,24,0,2,10,0,12,0,15,21,0,36,0,0,0,36
12/28/2021,UES,WI,AGL,CE,Federal Contract Tower,0,12,14,0,26,0,0,6,0,6,0,12,20,0,32,24,0,24,56
12/29/2021,UES,WI,AGL,CE,Federal Contract Tower,0,7,9,0,16,0,2,66,0,68,0,9,75,0,84,152,0,152,236
12/30/2021,UES,WI,AGL,CE,Federal Contract Tower,0,3,8,0,11,0,0,6,0,6,0,3,14,0,17,8,0,8,25
12/31/2021,UES,WI,AGL,CE,Federal Contract Tower,0,6,6,0,12,0,0,1,0,1,0,6,7,0,13,0,0,0,13
01/01/2022,UES,WI,AGL,CE,Federal Contract Tower,0,5,5,0,10,0,0,2,0,2,0,5,7,0,12,0,0,0,12
01/02/2022,UES,WI,AGL,CE,Federal Contract Tower,0,10,23,0,33,0,0,77,0,77,0,10,100,0,110,138,0,138,248
01/03/2022,UES,WI,AGL,CE,Federal Contract Tower,0,14,12,0,26,0,0,67,0,67,0,14,79,0,93,82,0,82,175
01/04/2022,UES,WI,AGL,CE,Federal Contract Tower,0,7,22,0,29,0,2,53,0,55,0,9,75,0,84,56,0,56,140
01/05/2022,UES,WI,AGL,CE,Federal Contract Tower,0,4,7,0,11,0,0,0,0,0,0,4,7,0,11,0,0,0,11
01/06/2022,UES,WI,AGL,CE,Federal Contract Tower,0,6,11,0,17,0,0,20,0,20,0,6,31,0,37,0,0,0,37
01/07/2022,UES,WI,AGL,CE,Federal Contract Tower,0,2,16,0,18,0,2,39,0,41,0,4,55,0,59,68,0,68,127
01/08/2022,UES,WI,AGL,CE,Federal Contract Tower,0,4,18,0,22,0,2,16,0,18,0,6,34,0,40,6,0,6,46
01/09/2022,UES,WI,AGL,CE,Federal Contract Tower,0,7,12,0,19,0,2,38,0,40,0,9,50,0,59,26,0,26,85
01/10/2022,UES,WI,AGL,CE,Federal Contract Tower,0,7,13,0,20,0,6,20,0,26,0,13,33,0,46,2,0,2,48
01/11/2022,UES,WI,AGL,CE,Federal Contract Tower,0,3,8,0,11,0,0,24,0,24,0,3,32,0,35,10,0,10,45
01/12/2022,UES,WI,AGL,CE,Federal Contract Tower,0,6,8,2,16,0,1,101,0,102,0,7,109,2,118,174,0,174,292
01/13/2022,UES,WI,AGL,CE,Federal Contract Tower,0,6,12,0,18,0,0,106,2,108,0,6,118,2,126,234,4,238,364
01/14/2022,UES,WI,AGL,CE,Federal Contract Tower,0,4,15,0,19,0,2,12,0,14,0,6,27,0,33,38,0,38,71
01/15/2022,UES,WI,AGL,CE,Federal Contract Tower,0,3,15,0,18,0,4,3,0,7,0,7,18,0,25,0,0,0,25
01/16/2022,UES,WI,AGL,CE,Federal Contract Tower,0,6,7,0,13,0,2,90,0,92,0,8,97,0,105,122,0,122,227
01/17/2022,UES,WI,AGL,CE,Federal Contract Tower,0,6,21,0,27,0,0,66,0,66,0,6,87,0,93,132,0,132,225
01/18/2022,UES,WI,AGL,CE,Federal Contract Tower,0,5,14,1,20,0,8,77,2,87,0,13,91,3,107,80,0,80,187
01/19/2022,UES,WI,AGL,CE,Federal Contract Tower,0,1,12,0,13,0,5,38,0,43,0,6,50,0,56,4,6,10,66
01/20/2022,UES,WI,AGL,CE,Federal Contract Tower,0,8,20,0,28,0,3,71,0,74,0,11,91,0,102,102,0,102,204
01/21/2022,UES,WI,AGL,CE,Federal Contract Tower,0,3,19,0,22,0,6,78,0,84,0,9,97,0,106,110,0,110,216
01/22/2022,UES,WI,AGL,CE,Federal Contract Tower,0,0,16,0,16,0,5,34,0,39,0,5,50,0,55,38,0,38,93
01/23/2022,UES,WI,AGL,CE,Federal Contract Tower,0,1,21,0,22,0,0,51,0,51,0,1,72,0,73,60,0,60,133
01/24/2022,UES,WI,AGL,CE,Federal Contract Tower,0,11,13,0,24,0,2,24,0,26,0,13,37,0,50,30,0,30,80
01/25/2022,UES,WI,AGL,CE,Federal Contract Tower,0,3,14,0,17,0,2,52,2,56,0,5,66,2,73,138,4,142,215
01/26/2022,UES,WI,AGL,CE,Federal Contract Tower,0,8,21,0,29,0,1,47,2,50,0,9,68,2,79,22,0,22,101
01/27/2022,UES,WI,AGL,CE,Federal Contract Tower,0,10,12,0,22,0,5,53,2,60,0,15,65,2,82,86,0,86,168
01/28/2022,UES,WI,AGL,CE,Federal Contract Tower,0,5,22,0,27,0,0,58,0,58,0,5,80,0,85,184,0,184,269
01/29/2022,UES,WI,AGL,CE,Federal Contract Tower,0,4,3,0,7,0,2,52,0,54,0,6,55,0,61,144,0,144,205
01/30/2022,UES,WI,AGL,CE,Federal Contract Tower,0,5,9,0,14,0,2,72,0,74,0,7,81,0,88,132,0,132,220
01/31/2022,UES,WI,AGL,CE,Federal Contract Tower,0,7,12,0,19,0,6,91,0,97,0,13,103,0,116,88,0,88,204
02/01/2022,UES,WI,AGL,CE,Federal Contract Tower,0,3,12,0,15,0,3,67,0,70,0,6,79,0,85,62,0,62,147
02/02/2022,UES,WI,AGL,CE,Federal Contract Tower,0,10,14,0,24,0,2,92,2,96,0,12,106,2,120,102,8,110,230
02/03/2022,UES,WI,AGL,CE,Federal Contract Tower,0,16,19,0,35,0,0,66,2,68,0,16,85,2,103,148,0,148,251
02/04/2022,UES,WI,AGL,CE,Federal Contract Tower,0,4,12,0,16,0,0,36,0,36,0,4,48,0,52,72,0,72,124
02/05/2022,UES,WI,AGL,CE,Federal Contract Tower,0,0,11,0,11,0,0,60,0,60,0,0,71,0,71,90,0,90,161
02/06/2022,UES,WI,AGL,CE,Federal Contract Tower,0,6,11,0,17,0,2,94,0,96,0,8,105,0,113,70,0,70,183
02/07/2022,UES,WI,AGL,CE,Federal Contract Tower,0,7,8,0,15,0,2,78,0,80,0,9,86,0,95,128,0,128,223
02/08/2022,UES,WI,AGL,CE,Federal Contract Tower,0,4,24,0,28,0,5,83,2,90,0,9,107,2,118,100,0,100,218
02/09/2022,UES,WI,AGL,CE,Federal Contract Tower,0,2,16,0,18,0,2,28,0,30,0,4,44,0,48,38,0,38,86
02/10/2022,UES,WI,AGL,CE,Federal Contract Tower,0,12,17,0,29,0,0,68,0,68,0,12,85,0,97,84,0,84,181
02/11/2022,UES,WI,AGL,CE,Federal Contract Tower,0,13,14,0,27,0,2,9,0,11,0,15,23,0,38,38,0,38,76
02/12/2022,UES,WI,AGL,CE,Federal Contract Tower,0,5,16,0,21,0,2,63,0,65,0,7,79,0,86,112,0,112,198
02/13/2022,UES,WI,AGL,CE,Federal Contract Tower,0,7,20,0,27,0,4,65,0,69,0,11,85,0,96,52,0,52,148
02/14/2022,UES,WI,AGL,CE,Federal Contract Tower,0,8,32,0,40,0,3,110,0,113,0,11,142,0,153,128,0,128,281
02/15/2022,UES,WI,AGL,CE,Federal Contract Tower,0,6,19,0,25,0,2,39,0,41,0,8,58,0,66,100,0,100,166
02/16/2022,UES,WI,AGL,CE,Federal Contract Tower,0,8,16,0,24,0,2,0,0,2,0,10,16,0,26,0,0,0,26
02/17/2022,UES,WI,AGL,CE,Federal Contract Tower,0,5,23,0,28,0,2,41,0,43,0,7,64,0,71,116,0,116,187
02/18/2022,UES,WI,AGL,CE,Federal Contract Tower,0,5,24,0,29,0,2,20,0,22,0,7,44,0,51,24,0,24,75
02/19/2022,UES,WI,AGL,CE,Federal Contract Tower,0,8,9,0,17,0,2,49,0,51,0,10,58,0,68,100,0,100,168
02/20/2022,UES,WI,AGL,CE,Federal Contract Tower,0,2,9,0,11,0,0,42,0,42,0,2,51,0,53,0,0,0,53
02/21/2022,UES,WI,AGL,CE,Federal Contract Tower,0,6,25,0,31,0,4,7,0,11,0,10,32,0,42,18,0,18,60
02/22/2022,UES,WI,AGL,CE,Federal Contract Tower,0,1,1,0,2,0,0,0,0,0,0,1,1,0,2,0,0,0,2
02/23/2022,UES,WI,AGL,CE,Federal Contract Tower,0,10,23,0,33,0,3,58,0,61,0,13,81,0,94,84,0,84,178
02/24/2022,UES,WI,AGL,CE,Federal Contract Tower,0,7,11,0,18,0,0,13,0,13,0,7,24,0,31,20,0,20,51
02/25/2022,UES,WI,AGL,CE,Federal Contract Tower,0,5,27,0,32,0,2,43,0,45,0,7,70,0,77,84,0,84,161
02/26/2022,UES,WI,AGL,CE,Federal Contract Tower,0,9,8,0,17,0,1,36,0,37,0,10,44,0,54,24,0,24,78
02/27/2022,UES,WI,AGL,CE,Federal Contract Tower,0,12,16,0,28,0,0,149,0,149,0,12,165,0,177,102,0,102,279
02/28/2022,UES,WI,AGL,CE,Federal Contract Tower,0,9,20,0,29,0,2,83,0,85,0,11,103,0,114,54,0,54,168
03/01/2022,UES,WI,AGL,CE,Federal Contract Tower,0,2,18,0,20,0,0,99,0,99,0,2,117,0,119,104,0,104,223
03/02/2022,UES,WI,AGL,CE,Federal Contract Tower,0,12,13,0,25,0,3,73,0,76,0,15,86,0,101,138,0,138,239
03/03/2022,UES,WI,AGL,CE,Federal Contract Tower,0,7,15,4,26,0,0,108,0,108,0,7,123,4,134,178,0,178,312
03/04/2022,UES,WI,AGL,CE,Federal Contract Tower,0,10,17,0,27,0,0,96,0,96,0,10,113,0,123,178,0,178,301
03/05/2022,UES,WI,AGL,CE,Federal Contract Tower,0,11,7,0,18,0,0,36,0,36,0,11,43,0,54,76,0,76,130
03/06/2022,UES,WI,AGL,CE,Federal Contract Tower,0,14,13,0,27,0,2,19,0,21,0,16,32,0,48,26,0,26,74
03/07/2022,UES,WI,AGL,CE,Federal Contract Tower,0,5,12,0,17,0,2,0,0,2,0,7,12,0,19,0,0,0,19
03/08/2022,UES,WI,AGL,CE,Federal Contract Tower,0,11,26,0,37,0,1,107,0,108,0,12,133,0,145,90,0,90,235
03/09/2022,UES,WI,AGL,CE,Federal Contract Tower,0,8,16,2,26,0,0,96,0,96,0,8,112,2,122,234,0,234,356
03/10/2022,UES,WI,AGL,CE,Federal Contract Tower,0,2,24,0,26,0,5,92,0,97,0,7,116,0,123,216,8,224,347
03/11/2022,UES,WI,AGL,CE,Federal Contract Tower,0,8,27,0,35,0,2,50,0,52,0,10,77,0,87,42,0,42,129
03/12/2022,UES,WI,AGL,CE,Federal Contract Tower,0,7,18,0,25,0,2,28,0,30,0,9,46,0,55,52,0,52,107
03/13/2022,UES,WI,AGL,CE,Federal Contract Tower,0,9,21,0,30,0,4,66,0,70,0,13,87,0,100,40,0,40,140
03/14/2022,UES,WI,AGL,CE,Federal Contract Tower,0,6,24,0,30,0,2,69,0,71,0,8,93,0,101,50,0,50,151
03/15/2022,UES,WI,AGL,CE,Federal Contract Tower,0,11,12,0,23,0,0,110,0,110,0,11,122,0,133,190,0,190,323
03/16/2022,UES,WI,AGL,CE,Federal Contract Tower,0,9,26,0,35,0,6,72,0,78,0,15,98,0,113,38,0,38,151
03/17/2022,UES,WI,AGL,CE,Federal Contract Tower,0,5,16,0,21,0,0,113,0,113,0,5,129,0,134,136,0,136,270
03/18/2022,UES,WI,AGL,CE,Federal Contract Tower,0,11,19,0,30,0,0,0,0,0,0,11,19,0,30,0,0,0,30
03/19/2022,UES,WI,AGL,CE,Federal Contract Tower,0,11,10,0,21,0,0,4,0,4,0,11,14,0,25,0,0,0,25
03/20/2022,UES,WI,AGL,CE,Federal Contract Tower,0,8,18,0,26,0,0,205,0,205,0,8,223,0,231,250,0,250,481
03/21/2022,UES,WI,AGL,CE,Federal Contract Tower,0,3,7,0,10,0,11,111,0,122,0,14,118,0,132,76,0,76,208
03/22/2022,UES,WI,AGL,CE,Federal Contract Tower,0,5,11,0,16,0,0,7,0,7,0,5,18,0,23,34,0,34,57
03/23/2022,UES,WI,AGL,CE,Federal Contract Tower,0,21,6,0,27,0,0,0,0,0,0,21,6,0,27,0,0,0,27
03/24/2022,UES,WI,AGL,CE,Federal Contract Tower,0,5,12,0,17,0,0,0,0,0,0,5,12,0,17,0,0,0,17
03/25/2022,UES,WI,AGL,CE,Federal Contract Tower,0,3,9,0,12,0,1,1,0,2,0,4,10,0,14,0,0,0,14
03/26/2022,UES,WI,AGL,CE,Federal Contract Tower,0,9,23,0,32,0,2,8,0,10,0,11,31,0,42,0,0,0,42
03/27/2022,UES,WI,AGL,CE,Federal Contract Tower,0,8,10,0,18,0,7,91,0,98,0,15,101,0,116,90,0,90,206
03/28/2022,UES,WI,AGL,CE,Federal Contract Tower,0,5,13,0,18,0,4,168,8,180,0,9,181,8,198,140,0,140,338
03/29/2022,UES,WI,AGL,CE,Federal Contract Tower,0,7,21,0,28,0,4,51,2,57,0,11,72,2,85,38,0,38,123
03/30/2022,UES,WI,AGL,CE,Federal Contract Tower,0,2,27,0,29,0,1,10,0,11,0,3,37,0,40,14,0,14,54
03/31/2022,UES,WI,AGL,CE,Federal Contract Tower,0,4,11,0,15,0,0,10,0,10,0,4,21,0,25,44,0,44,69
04/01/2022,UES,WI,AGL,CE,Federal Contract Tower,0,1,24,0,25,0,0,113,0,113,0,1,137,0,138,232,0,232,370
04/02/2022,UES,WI,AGL,CE,Federal Contract Tower,0,0,3,0,3,0,0,2,0,2,0,0,5,0,5,0,0,0,5
04/03/2022,UES,WI,AGL,CE,Federal Contract Tower,0,5,17,0,22,0,2,65,0,67,0,7,82,0,89,78,0,78,167
04/04/2022,UES,WI,AGL,CE,Federal Contract Tower,0,5,12,0,17,0,0,18,0,18,0,5,30,0,35,20,0,20,55
04/05/2022,UES,WI,AGL,CE,Federal Contract Tower,0,12,21,0,33,0,0,26,0,26,0,12,47,0,59,150,0,150,209
04/06/2022,UES,WI,AGL,CE,Federal Contract Tower,0,8,29,0,37,0,0,51,0,51,0,8,80,0,88,6,6,12,100
04/07/2022,UES,WI,AGL,CE,Federal Contract Tower,0,9,19,0,28,0,0,35,0,35,0,9,54,0,63,50,0,50,113
04/08/2022,UES,WI,AGL,CE,Federal Contract Tower,0,15,12,0,27,0,0,0,0,0,0,15,12,0,27,0,0,0,27
04/09/2022,UES,WI,AGL,CE,Federal Contract Tower,0,3,16,0,19,0,3,99,0,102,0,6,115,0,121,182,0,182,303
04/10/2022,UES,WI,AGL,CE,Federal Contract Tower,0,6,18,0,24,0,0,90,0,90,0,6,108,0,114,32,0,32,146
04/11/2022,UES,WI,AGL,CE,Federal Contract Tower,0,10,14,0,24,0,1,103,12,116,0,11,117,12,140,68,10,78,218
04/12/2022,UES,WI,AGL,CE,Federal Contract Tower,0,11,23,0,34,0,0,65,0,65,0,11,88,0,99,70,0,70,169
04/13/2022,UES,WI,AGL,CE,Federal Contract Tower,0,7,12,2,21,0,4,29,0,33,0,11,41,2,54,32,0,32,86
04/14/2022,UES,WI,AGL,CE,Federal Contract Tower,0,4,22,0,26,0,4,7,2,13,0,8,29,2,39,0,0,0,39
04/15/2022,UES,WI,AGL,CE,Federal Contract Tower,0,7,20,0,27,0,7,20,0,27,0,14,40,0,54,22,0,22,76
04/16/2022,UES,WI,AGL,CE,Federal Contract Tower,0,2,11,0,13,0,0,95,0,95,0,2,106,0,108,150,0,150,258
04/17/2022,UES,WI,AGL,CE,Federal Contract Tower,0,3,6,0,9,0,2,89,0,91,0,5,95,0,100,148,0,148,248
04/18/2022,UES,WI,AGL,CE,Federal Contract Tower,0,8,19,0,27,0,0,1,0,1,0,8,20,0,28,0,0,0,28
04/19/2022,UES,WI,AGL,CE,Federal Contract Tower,0,7,22,0,29,0,3,122,0,125,0,10,144,0,154,138,0,138,292
04/20/2022,UES,WI,AGL,CE,Federal Contract Tower,0,16,19,0,35,0,0,73,0,73,0,16,92,0,108,110,0,110,218
04/21/2022,UES,WI,AGL,CE,Federal Contract Tower,0,5,22,0,27,0,5,113,0,118,0,10,135,0,145,118,0,118,263
04/22/2022,UES,WI,AGL,CE,Federal Contract Tower,0,9,16,0,25,0,0,2,0,2,0,9,18,0,27,0,0,0,27
04/23/2022,UES,WI,AGL,CE,Federal Contract Tower,0,9,13,0,22,0,0,46,0,46,0,9,59,0,68,82,0,82,150
04/24/2022,UES,WI,AGL,CE,Federal Contract Tower,0,11,12,0,23,0,2,16,0,18,0,13,28,0,41,6,0,6,47
04/25/2022,UES,WI,AGL,CE,Federal Contract Tower,0,9,16,0,25,0,0,2,0,2,0,9,18,0,27,0,0,0,27
04/26/2022,UES,WI,AGL,CE,Federal Contract Tower,0,2,29,0,31,0,1,99,0,100,0,3,128,0,131,122,0,122,253
04/27/2022,UES,WI,AGL,CE,Federal Contract Tower,0,17,28,0,45,0,2,132,0,134,0,19,160,0,179,204,0,204,383
04/28/2022,UES,WI,AGL,CE,Federal Contract Tower,0,14,18,2,34,0,3,81,4,88,0,17,99,6,122,82,0,82,204
04/29/2022,UES,WI,AGL,CE,Federal Contract Tower,0,15,14,0,29,0,3,108,0,111,0,18,122,0,140,128,0,128,268
04/30/2022,UES,WI,AGL,CE,Federal Contract Tower,0,7,18,0,25,0,0,3,0,3,0,7,21,0,28,4,0,4,32
05/01/2022,UES,WI,AGL,CE,Federal Contract Tower,0,10,20,0,30,0,0,7,0,7,0,10,27,0,37,12,0,12,49
05/02/2022,UES,WI,AGL,CE,Federal Contract Tower,0,4,8,0,12,0,2,88,2,92,0,6,96,2,104,160,0,160,264
05/03/2022,UES,WI,AGL,CE,Federal Contract Tower,0,6,7,0,13,0,0,0,0,0,0,6,7,0,13,0,0,0,13
05/04/2022,UES,WI,AGL,CE,Federal Contract Tower,0,15,25,0,40,0,0,147,0,147,0,15,172,0,187,170,0,170,357
05/05/2022,UES,WI,AGL,CE,Federal Contract Tower,0,11,25,2,38,0,0,134,0,134,0,11,159,2,172,202,0,202,374
05/06/2022,UES,WI,AGL,CE,Federal Contract Tower,0,18,27,0,45,0,2,52,0,54,0,20,79,0,99,156,0,156,255
05/07/2022,UES,WI,AGL,CE,Federal Contract Tower,0,6,8,0,14,0,3,190,0,193,0,9,198,0,207,134,0,134,341
05/08/2022,UES,WI,AGL,CE,Federal Contract Tower,0,4,16,0,20,0,0,56,0,56,0,4,72,0,76,42,0,42,118
05/09/2022,UES,WI,AGL,CE,Federal Contract Tower,0,6,23,0,29,0,3,12,0,15,0,9,35,0,44,6,0,6,50
05/10/2022,UES,WI,AGL,CE,Federal Contract Tower,0,5,26,0,31,0,0,90,0,90,0,5,116,0,121,90,0,90,211
05/11/2022,UES,WI,AGL,CE,Federal Contract Tower,0,5,26,0,31,0,0,115,2,117,0,5,141,2,148,190,0,190,338
05/12/2022,UES,WI,AGL,CE,Federal Contract Tower,0,9,32,0,41,0,5,120,0,125,0,14,152,0,166,94,0,94,260
05/13/2022,UES,WI,AGL,CE,Federal Contract Tower,0,13,28,0,41,0,0,102,0,102,0,13,130,0,143,96,0,96,239
05/14/2022,UES,WI,AGL,CE,Federal Contract Tower,0,3,17,0,20,0,2,138,0,140,0,5,155,0,160,112,0,112,272
05/15/2022,UES,WI,AGL,CE,Federal Contract Tower,0,23,28,0,51,0,2,122,0,124,0,25,150,0,175,174,0,174,349
05/16/2022,UES,WI,AGL,CE,Federal Contract Tower,0,13,25,0,38,0,6,84,0,90,0,19,109,0,128,64,0,64,192
05/17/2022,UES,WI,AGL,CE,Federal Contract Tower,0,14,24,0,38,0,1,99,0,100,0,15,123,0,138,82,0,82,220
05/18/2022,UES,WI,AGL,CE,Federal Contract Tower,0,2,28,0,30,0,1,37,0,38,0,3,65,0,68,106,0,106,174
05/19/2022,UES,WI,AGL,CE,Federal Contract Tower,0,3,34,0,37,0,2,109,0,111,0,5,143,0,148,180,0,180,328
05/20/2022,UES,WI,AGL,CE,Federal Contract Tower,0,13,35,0,48,0,2,13,0,15,0,15,48,0,63,50,0,50,113
05/21/2022,UES,WI,AGL,CE,Federal Contract Tower,0,8,23,0,31,0,4,95,0,99,0,12,118,0,130,156,0,156,286
05/22/2022,UES,WI,AGL,CE,Federal Contract Tower,0,5,20,0,25,0,4,94,0,98,0,9,114,0,123,120,0,120,243
05/23/2022,UES,WI,AGL,CE,Federal Contract Tower,0,7,15,0,22,0,6,135,0,141,0,13,150,0,163,156,0,156,319
05/24/2022,UES,WI,AGL,CE,Federal Contract Tower,0,11,37,0,48,0,0,137,0,137,0,11,174,0,185,154,0,154,339
05/25/2022,UES,WI,AGL,CE,Federal Contract Tower,0,7,25,0,32,0,1,2,0,3,0,8,27,0,35,0,0,0,35
05/26/2022,UES,WI,AGL,CE,Federal Contract Tower,0,5,21,0,26,0,2,28,4,34,0,7,49,4,60,16,0,16,76
05/27/2022,UES,WI,AGL,CE,Federal Contract Tower,0,8,45,0,53,0,5,35,0,40,0,13,80,0,93,62,0,62,155
05/28/2022,UES,WI,AGL,CE,Federal Contract Tower,0,3,14,0,17,0,3,79,0,82,0,6,93,0,99,48,0,48,147
05/29/2022,UES,WI,AGL,CE,Federal Contract Tower,0,5,14,0,19,0,3,77,0,80,0,8,91,0,99,94,0,94,193
05/30/2022,UES,WI,AGL,CE,Federal Contract Tower,0,5,16,0,21,0,2,58,0,60,0,7,74,0,81,58,0,58,139
05/31/2022,UES,WI,AGL,CE,Federal Contract Tower,0,8,26,0,34,0,2,42,0,44,0,10,68,0,78,12,0,12,90
06/01/2022,UES,WI,AGL,CE,Federal Contract Tower,0,3,21,0,24,0,3,122,0,125,0,6,143,0,149,130,0,130,279
06/02/2022,UES,WI,AGL,CE,Federal Contract Tower,0,7,26,0,33,0,0,115,0,115,0,7,141,0,148,132,0,132,280
06/03/2022,UES,WI,AGL,CE,Federal Contract Tower,0,8,32,0,40,0,3,93,0,96,0,11,125,0,136,120,0,120,256
06/04/2022,UES,WI,AGL,CE,Federal Contract Tower,0,4,14,0,18,0,1,121,0,122,0,5,135,0,140,190,0,190,330
06/05/2022,UES,WI,AGL,CE,Federal Contract Tower,0,20,26,0,46,0,2,80,0,82,0,22,106,0,128,154,0,154,282
06/06/2022,UES,WI,AGL,CE,Federal Contract Tower,0,4,41,0,45,0,2,8,0,10,0,6,49,0,55,0,0,0,55
06/07/2022,UES,WI,AGL,CE,Federal Contract Tower,0,9,24,0,33,0,3,103,0,106,0,12,127,0,139,166,0,166,305
06/08/2022,UES,WI,AGL,CE,Federal Contract Tower,0,1,26,0,27,0,0,0,0,0,0,1,26,0,27,0,0,0,27
06/09/2022,UES,WI,AGL,CE,Federal Contract Tower,0,9,38,0,47,0,6,126,0,132,0,15,164,0,179,146,0,146,325
06/10/2022,UES,WI,AGL,CE,Federal Contract Tower,0,7,13,0,20,0,0,60,0,60,0,7,73,0,80,94,0,94,174
06/11/2022,UES,WI,AGL,CE,Federal Contract Tower,0,0,23,0,23,0,1,17,0,18,0,1,40,0,41,52,0,52,93
06/12/2022,UES,WI,AGL,CE,Federal Contract Tower,0,6,25,0,31,0,0,97,0,97,0,6,122,0,128,80,0,80,208
06/13/2022,UES,WI,AGL,CE,Federal Contract Tower,0,5,24,0,29,0,0,37,0,37,0,5,61,0,66,34,0,34,100
06/14/2022,UES,WI,AGL,CE,Federal Contract Tower,0,7,19,0,26,0,4,71,0,75,0,11,90,0,101,92,0,92,193
06/15/2022,UES,WI,AGL,CE,Federal Contract Tower,0,9,17,0,26,0,4,97,0,101,0,13,114,0,127,98,0,98,225
06/16/2022,UES,WI,AGL,CE,Federal Contract Tower,0,10,24,0,34,0,2,32,2,36,0,12,56,2,70,0,0,0,70
06/17/2022,UES,WI,AGL,CE,Federal Contract Tower,0,1,25,0,26,0,2,96,0,98,0,3,121,0,124,50,0,50,174
06/18/2022,UES,WI,AGL,CE,Federal Contract Tower,0,6,15,0,21,0,0,126,0,126,0,6,141,0,147,134,0,134,281
06/19/2022,UES,WI,AGL,CE,Federal Contract Tower,0,2,12,0,14,0,3,91,0,94,0,5,103,0,108,138,0,138,246
06/20/2022,UES,WI,AGL,CE,Federal Contract Tower,0,8,23,0,31,0,2,105,0,107,0,10,128,0,138,96,0,96,234
06/21/2022,UES,WI,AGL,CE,Federal Contract Tower,0,5,27,0,32,0,0,52,0,52,0,5,79,0,84,132,0,132,216
06/22/2022,UES,WI,AGL,CE,Federal Contract Tower,0,11,22,0,33,0,4,174,0,178,0,15,196,0,211,238,0,238,449
06/23/2022,UES,WI,AGL,CE,Federal Contract Tower,0,6,43,0,49,0,5,151,0,156,0,11,194,0,205,120,0,120,325
06/24/2022,UES,WI,AGL,CE,Federal Contract Tower,0,8,22,0,30,0,5,105,0,110,0,13,127,0,140,220,0,220,360
06/25/2022,UES,WI,AGL,CE,Federal Contract Tower,0,3,13,0,16,0,0,11,0,11,0,3,24,0,27,34,0,34,61
06/26/2022,UES,WI,AGL,CE,Federal Contract Tower,0,11,14,0,25,0,2,52,0,54,0,13,66,0,79,34,0,34,113
06/27/2022,UES,WI,AGL,CE,Federal Contract Tower,0,11,38,0,49,0,6,159,0,165,0,17,197,0,214,102,0,102,316
06/28/2022,UES,WI,AGL,CE,Federal Contract Tower,0,9,31,0,40,0,2,101,2,105,0,11,132,2,145,208,0,208,353
06/29/2022,UES,WI,AGL,CE,Federal Contract Tower,0,23,37,0,60,0,6,171,0,177,0,29,208,0,237,286,0,286,523
06/30/2022,UES,WI,AGL,CE,Federal Contract Tower,0,23,28,0,51,0,2,66,0,68,0,25,94,0,119,64,0,64,183
07/01/2022,UES,WI,AGL,CE,Federal Contract Tower,0,18,36,0,54,0,4,112,0,116,0,22,148,0,170,174,0,174,344
07/02/2022,UES,WI,AGL,CE,Federal Contract Tower,0,6,8,0,14,0,2,82,0,84,0,8,90,0,98,102,0,102,200
07/03/2022,UES,WI,AGL,CE,Federal Contract Tower,0,8,7,0,15,0,2,97,0,99,0,10,104,0,114,176,0,176,290
07/04/2022,UES,WI,AGL,CE,Federal Contract Tower,0,5,9,0,14,0,0,47,0,47,0,5,56,0,61,32,0,32,93
07/05/2022,UES,WI,AGL,CE,Federal Contract Tower,0,11,15,0,26,0,0,60,0,60,0,11,75,0,86,116,0,116,202
07/06/2022,UES,WI,AGL,CE,Federal Contract Tower,0,8,31,2,41,0,5,41,0,46,0,13,72,2,87,156,0,156,243
07/07/2022,UES,WI,AGL,CE,Federal Contract Tower,0,10,31,0,41,0,2,124,2,128,0,12,155,2,169,228,0,228,397
07/08/2022,UES,WI,AGL,CE,Federal Contract Tower,0,6,23,0,29,0,0,43,0,43,0,6,66,0,72,62,0,62,134
07/09/2022,UES,WI,AGL,CE,Federal Contract Tower,0,0,22,0,22,0,6,147,0,153,0,6,169,0,175,100,0,100,275
07/10/2022,UES,WI,AGL,CE,Federal Contract Tower,0,4,20,0,24,0,12,114,0,126,0,16,134,0,150,104,0,104,254
07/11/2022,UES,WI,AGL,CE,Federal Contract Tower,0,6,31,0,37,0,6,35,0,41,0,12,66,0,78,26,0,26,104
07/12/2022,UES,WI,AGL,CE,Federal Contract Tower,0,9,29,0,38,0,2,60,0,62,0,11,89,0,100,88,0,88,188
07/13/2022,UES,WI,AGL,CE,Federal Contract Tower,0,8,28,2,38,0,4,78,0,82,0,12,106,2,120,110,0,110,230
07/14/2022,UES,WI,AGL,CE,Federal Contract Tower,0,6,30,0,36,0,2,146,0,148,0,8,176,0,184,136,0,136,320
07/15/2022,UES,WI,AGL,CE,Federal Contract Tower,0,3,22,0,25,0,0,6,0,6,0,3,28,0,31,12,0,12,43
07/16/2022,UES,WI,AGL,CE,Federal Contract Tower,0,2,31,8,41,0,0,23,0,23,0,2,54,8,64,6,0,6,70
07/17/2022,UES,WI,AGL,CE,Federal Contract Tower,0,5,25,0,30,0,1,112,0,113,0,6,137,0,143,262,0,262,405
07/18/2022,UES,WI,AGL,CE,Federal Contract Tower,0,5,24,0,29,0,8,204,0,212,0,13,228,0,241,186,0,186,427
07/19/2022,UES,WI,AGL,CE,Federal Contract Tower,0,13,22,0,35,0,0,95,0,95,0,13,117,0,130,154,0,154,284
07/20/2022,UES,WI,AGL,CE,Federal Contract Tower,0,11,29,0,40,0,0,60,0,60,0,11,89,0,100,32,0,32,132
07/21/2022,UES,WI,AGL,CE,Federal Contract Tower,0,8,27,0,35,0,3,131,2,136,0,11,158,2,171,90,0,90,261
07/22/2022,UES,WI,AGL,CE,Federal Contract Tower,0,11,32,0,43,0,2,129,2,133,0,13,161,2,176,82,12,94,270
07/23/2022,UES,WI,AGL,CE,Federal Contract Tower,0,4,20,0,24,0,5,109,0,114,0,9,129,0,138,97,0,97,235
07/24/2022,UES,WI,AGL,CE,Federal Contract Tower,0,10,40,0,50,0,4,87,0,91,0,14,127,0,141,20,0,20,161
07/25/2022,UES,WI,AGL,CE,Federal Contract Tower,0,4,31,0,35,0,2,103,0,105,0,6,134,0,140,120,0,120,260
07/26/2022,UES,WI,AGL,CE,Federal Contract Tower,0,7,38,0,45,0,3,91,0,94,0,10,129,0,139,144,0,144,283
07/27/2022,UES,WI,AGL,CE,Federal Contract Tower,0,13,38,0,51,0,0,95,0,95,0,13,133,0,146,54,0,54,200
07/28/2022,UES,WI,AGL,CE,Federal Contract Tower,0,17,34,0,51,0,5,169,0,174,0,22,203,0,225,70,0,70,295
07/29/2022,UES,WI,AGL,CE,Federal Contract Tower,0,5,36,0,41,0,6,86,0,92,0,11,122,0,133,78,0,78,211
07/30/2022,UES,WI,AGL,CE,Federal Contract Tower,0,6,23,0,29,0,10,98,0,108,0,16,121,0,137,102,0,102,239
07/31/2022,UES,WI,AGL,CE,Federal Contract Tower,0,1,25,0,26,0,0,140,0,140,0,1,165,0,166,120,0,120,286
08/01/2022,UES,WI,AGL,CE,Federal Contract Tower,0,5,18,0,23,0,2,57,0,59,0,7,75,0,82,130,0,130,212
08/02/2022,UES,WI,AGL,CE,Federal Contract Tower,0,6,33,0,39,0,4,69,0,73,0,10,102,0,112,74,0,74,186
08/03/2022,UES,WI,AGL,CE,Federal Contract Tower,0,11,13,0,24,0,3,20,0,23,0,14,33,0,47,16,0,16,63
08/04/2022,UES,WI,AGL,CE,Federal Contract Tower,0,11,37,0,48,0,6,144,0,150,0,17,181,0,198,118,0,118,316
08/05/2022,UES,WI,AGL,CE,Federal Contract Tower,0,4,22,0,26,0,4,91,0,95,0,8,113,0,121,90,0,90,211
08/06/2022,UES,WI,AGL,CE,Federal Contract Tower,0,2,17,0,19,0,4,95,0,99,0,6,112,0,118,78,0,78,196
08/07/2022,UES,WI,AGL,CE,Federal Contract Tower,0,2,20,0,22,0,4,1,0,5,0,6,21,0,27,0,0,0,27
08/08/2022,UES,WI,AGL,CE,Federal Contract Tower,0,4,35,0,39,0,2,17,0,19,0,6,52,0,58,0,0,0,58
08/09/2022,UES,WI,AGL,CE,Federal Contract Tower,0,10,47,2,59,0,3,120,0,123,0,13,167,2,182,110,0,110,292
08/10/2022,UES,WI,AGL,CE,Federal Contract Tower,0,10,37,0,47,0,4,193,0,197,0,14,230,0,244,216,0,216,460
08/11/2022,UES,WI,AGL,CE,Federal Contract Tower,0,10,39,2,51,0,2,176,0,178,0,12,215,2,229,214,0,214,443
08/12/2022,UES,WI,AGL,CE,Federal Contract Tower,0,4,34,0,38,0,1,130,0,131,0,5,164,0,169,158,0,158,327
08/13/2022,UES,WI,AGL,CE,Federal Contract Tower,0,5,27,0,32,0,0,42,0,42,0,5,69,0,74,72,0,72,146
08/14/2022,UES,WI,AGL,CE,Federal Contract Tower,0,9,31,0,40,0,3,22,0,25,0,12,53,0,65,0,0,0,65
08/15/2022,UES,WI,AGL,CE,Federal Contract Tower,0,6,42,0,48,0,0,136,0,136,0,6,178,0,184,136,0,136,320
08/16/2022,UES,WI,AGL,CE,Federal Contract Tower,0,8,25,0,33,0,4,158,0,162,0,12,183,0,195,98,0,98,293
08/17/2022,UES,WI,AGL,CE,Federal Contract Tower,0,8,29,0,37,0,4,161,0,165,0,12,190,0,202,190,0,190,392
08/18/2022,UES,WI,AGL,CE,Federal Contract Tower,0,10,36,0,46,0,3,124,0,127,0,13,160,0,173,168,0,168,341
08/19/2022,UES,WI,AGL,CE,Federal Contract Tower,0,10,18,0,28,0,2,87,0,89,0,12,105,0,117,92,0,92,209
08/20/2022,UES,WI,AGL,CE,Federal Contract Tower,0,4,23,0,27,0,2,6,0,8,0,6,29,0,35,30,0,30,65
08/21/2022,UES,WI,AGL,CE,Federal Contract Tower,0,14,43,0,57,0,0,60,0,60,0,14,103,0,117,38,0,38,155
08/22/2022,UES,WI,AGL,CE,Federal Contract Tower,0,11,23,0,34,0,0,149,0,149,0,11,172,0,183,148,0,148,331
08/23/2022,UES,WI,AGL,CE,Federal Contract Tower,0,6,19,0,25,0,4,98,0,102,0,10,117,0,127,130,0,130,257
08/24/2022,UES,WI,AGL,CE,Federal Contract Tower,0,6,32,0,38,0,0,170,0,170,0,6,202,0,208,170,0,170,378
08/25/2022,UES,WI,AGL,CE,Federal Contract Tower,0,7,37,0,44,0,0,17,0,17,0,7,54,0,61,50,0,50,111
08/26/2022,UES,WI,AGL,CE,Federal Contract Tower,0,5,32,0,37,0,3,113,0,116,0,8,145,0,153,148,0,148,301
08/27/2022,UES,WI,AGL,CE,Federal Contract Tower,0,1,21,0,22,0,1,95,0,96,0,2,116,0,118,116,0,116,234
08/28/2022,UES,WI,AGL,CE,Federal Contract Tower,0,6,16,0,22,0,4,22,0,26,0,10,38,0,48,24,0,24,72
08/29/2022,UES,WI,AGL,CE,Federal Contract Tower,0,6,25,0,31,0,0,46,0,46,0,6,71,0,77,84,0,84,161
08/30/2022,UES,WI,AGL,CE,Federal Contract Tower,0,3,40,0,43,0,0,77,0,77,0,3,117,0,120,62,0,62,182
08/31/2022,UES,WI,AGL,CE,Federal Contract Tower,0,8,33,0,41,0,0,140,4,144,0,8,173,4,185,190,0,190,375
09/01/2022,UES,WI,AGL,CE,Federal Contract Tower,0,7,40,0,47,0,2,151,0,153,0,9,191,0,200,146,0,146,346
09/02/2022,UES,WI,AGL,CE,Federal Contract Tower,0,4,22,0,26,0,6,87,0,93,0,10,109,0,119,102,0,102,221
09/03/2022,UES,WI,AGL,CE,Federal Contract Tower,0,4,22,0,26,0,0,9,0,9,0,4,31,0,35,0,0,0,35
09/04/2022,UES,WI,AGL,CE,Federal Contract Tower,0,4,28,0,32,0,4,54,0,58,0,8,82,0,90,36,0,36,126
09/05/2022,UES,WI,AGL,CE,Federal Contract Tower,0,12,22,0,34,0,0,126,0,126,0,12,148,0,160,94,0,94,254
09/06/2022,UES,WI,AGL,CE,Federal Contract Tower,0,11,16,0,27,0,2,77,0,79,0,13,93,0,106,72,0,72,178
09/07/2022,UES,WI,AGL,CE,Federal Contract Tower,0,9,30,0,39,0,4,149,0,153,0,13,179,0,192,188,0,188,380
09/08/2022,UES,WI,AGL,CE,Federal Contract Tower,0,10,27,2,39,0,0,126,0,126,0,10,153,2,165,192,0,192,357
09/09/2022,UES,WI,AGL,CE,Federal Contract Tower,0,13,23,0,36,0,5,119,0,124,0,18,142,0,160,194,0,194,354
09/10/2022,UES,WI,AGL,CE,Federal Contract Tower,0,3,25,0,28,0,3,114,0,117,0,6,139,0,145,144,0,144,289
09/11/2022,UES,WI,AGL,CE,Federal Contract Tower,0,5,20,0,25,0,0,0,0,0,0,5,20,0,25,0,0,0,25
09/12/2022,UES,WI,AGL,CE,Federal Contract Tower,0,5,39,0,44,0,6,24,0,30,0,11,63,0,74,38,0,38,112
09/13/2022,UES,WI,AGL,CE,Federal Contract Tower,0,17,27,0,44,0,1,86,1,88,0,18,113,1,132,130,2,132,264
09/14/2022,UES,WI,AGL,CE,Federal Contract Tower,0,9,40,0,49,0,3,87,0,90,0,12,127,0,139,114,0,114,253
09/15/2022,UES,WI,AGL,CE,Federal Contract Tower,0,5,28,0,33,0,5,157,0,162,0,10,185,0,195,210,0,210,405
09/16/2022,UES,WI,AGL,CE,Federal Contract Tower,0,1,30,0,31,0,0,144,0,144,0,1,174,0,175,180,0,180,355
09/17/2022,UES,WI,AGL,CE,Federal Contract Tower,0,4,27,0,31,0,3,123,0,126,0,7,150,0,157,170,0,170,327
09/18/2022,UES,WI,AGL,CE,Federal Contract Tower,0,6,32,0,38,0,7,150,0,157,0,13,182,0,195,168,0,168,363
09/19/2022,UES,WI,AGL,CE,Federal Contract Tower,0,10,29,0,39,0,1,191,0,192,0,11,220,0,231,192,0,192,423
09/20/2022,UES,WI,AGL,CE,Federal Contract Tower,0,10,26,0,36,0,2,52,0,54,0,12,78,0,90,64,0,64,154
09/21/2022,UES,WI,AGL,CE,Federal Contract Tower,0,8,21,0,29,0,0,71,0,71,0,8,92,0,100,36,0,36,136
09/22/2022,UES,WI,AGL,CE,Federal Contract Tower,0,8,37,0,45,0,0,138,0,138,0,8,175,0,183,170,0,170,353
09/23/2022,UES,WI,AGL,CE,Federal Contract Tower,0,12,42,0,54,0,3,110,0,113,0,15,152,0,167,214,0,214,381
09/24/2022,UES,WI,AGL,CE,Federal Contract Tower,0,3,33,0,36,0,2,25,0,27,0,5,58,0,63,26,0,26,89
09/25/2022,UES,WI,AGL,CE,Federal Contract Tower,0,7,36,0,43,0,0,35,0,35,0,7,71,0,78,20,0,20,98
09/26/2022,UES,WI,AGL,CE,Federal Contract Tower,0,8,25,0,33,0,2,63,0,65,0,10,88,0,98,28,0,28,126
09/27/2022,UES,WI,AGL,CE,Federal Contract Tower,0,7,27,0,34,0,6,64,2,72,0,13,91,2,106,134,2,136,242
09/28/2022,UES,WI,AGL,CE,Federal Contract Tower,0,3,38,0,41,0,4,134,4,142,0,7,172,4,183,134,0,134,317
09/29/2022,UES,WI,AGL,CE,Federal Contract Tower,0,15,28,2,45,0,2,174,4,180,0,17,202,6,225,206,0,206,431
09/30/2022,UES,WI,AGL,CE,Federal Contract Tower,0,6,19,0,25,0,3,140,0,143,0,9,159,0,168,152,0,152,320
10/01/2022,UES,WI,AGL,CE,Federal Contract Tower,0,10,37,0,47,0,4,224,0,228,0,14,261,0,275,94,0,94,369
10/02/2022,UES,WI,AGL,CE,Federal Contract Tower,0,14,29,0,43,0,0,75,0,75,0,14,104,0,118,100,0,100,218
10/03/2022,UES,WI,AGL,CE,Federal Contract Tower,0,6,18,0,24,0,2,145,0,147,0,8,163,0,171,184,0,184,355
10/04/2022,UES,WI,AGL,CE,Federal Contract Tower,0,19,24,0,43,0,7,81,0,88,0,26,105,0,131,114,0,114,245
10/05/2022,UES,WI,AGL,CE,Federal Contract Tower,0,14,30,0,44,0,4,125,0,129,0,18,155,0,173,106,0,106,279
10/06/2022,UES,WI,AGL,CE,Federal Contract Tower,0,14,32,0,46,0,0,72,0,72,0,14,104,0,118,116,0,116,234
10/07/2022,UES,WI,AGL,CE,Federal Contract Tower,0,21,21,0,42,0,1,76,0,77,0,22,97,0,119,76,0,76,195
10/08/2022,UES,WI,AGL,CE,Federal Contract Tower,0,9,12,0,21,0,4,51,0,55,0,13,63,0,76,40,0,40,116
10/09/2022,UES,WI,AGL,CE,Federal Contract Tower,0,5,21,0,26,0,3,109,0,112,0,8,130,0,138,248,0,248,386
10/10/2022,UES,WI,AGL,CE,Federal Contract Tower,0,3,21,0,24,0,10,159,0,169,0,13,180,0,193,240,0,240,433
10/11/2022,UES,WI,AGL,CE,Federal Contract Tower,0,5,30,0,35,0,3,41,0,44,0,8,71,0,79,70,0,70,149
10/12/2022,UES,WI,AGL,CE,Federal Contract Tower,0,12,15,0,27,0,4,18,0,22,0,16,33,0,49,60,0,60,109
10/13/2022,UES,WI,AGL,CE,Federal Contract Tower,0,11,30,0,41,0,3,119,0,122,0,14,149,0,163,82,0,82,245
10/14/2022,UES,WI,AGL,CE,Federal Contract Tower,0,14,20,0,34,0,0,66,0,66,0,14,86,0,100,120,0,120,220
10/15/2022,UES,WI,AGL,CE,Federal Contract Tower,0,1,8,0,9,0,4,52,0,56,0,5,60,0,65,110,0,110,175
10/16/2022,UES,WI,AGL,CE,Federal Contract Tower,0,13,25,0,38,0,0,59,0,59,0,13,84,0,97,102,0,102,199
10/17/2022,UES,WI,AGL,CE,Federal Contract Tower,0,16,21,0,37,0,0,4,0,4,0,16,25,0,41,0,0,0,41
10/18/2022,UES,WI,AGL,CE,Federal Contract Tower,0,9,17,0,26,0,2,23,2,27,0,11,40,2,53,2,2,4,57
10/19/2022,UES,WI,AGL,CE,Federal Contract Tower,0,15,26,0,41,0,5,147,0,152,0,20,173,0,193,94,0,94,287
10/20/2022,UES,WI,AGL,CE,Federal Contract Tower,0,18,35,0,53,0,3,153,2,158,0,21,188,2,211,190,0,190,401
10/21/2022,UES,WI,AGL,CE,Federal Contract Tower,0,9,25,0,34,0,9,58,0,67,0,18,83,0,101,64,0,64,165
10/22/2022,UES,WI,AGL,CE,Federal Contract Tower,0,8,18,0,26,0,3,104,0,107,0,11,122,0,133,112,0,112,245
10/23/2022,UES,WI,AGL,CE,Federal Contract Tower,0,4,24,0,28,0,3,76,0,79,0,7,100,0,107,30,0,30,137
10/24/2022,UES,WI,AGL,CE,Federal Contract Tower,0,12,17,0,29,0,5,80,0,85,0,17,97,0,114,60,0,60,174
10/25/2022,UES,WI,AGL,CE,Federal Contract Tower,0,10,29,0,39,0,0,0,0,0,0,10,29,0,39,0,0,0,39
10/26/2022,UES,WI,AGL,CE,Federal Contract Tower,0,16,24,0,40,0,1,107,0,108,0,17,131,0,148,140,0,140,288
10/27/2022,UES,WI,AGL,CE,Federal Contract Tower,0,12,37,0,49,0,0,159,0,159,0,12,196,0,208,190,0,190,398
10/28/2022,UES,WI,AGL,CE,Federal Contract Tower,0,7,23,0,30,0,5,127,0,132,0,12,150,0,162,182,0,182,344
10/29/2022,UES,WI,AGL,CE,Federal Contract Tower,0,3,7,0,10,0,3,135,0,138,0,6,142,0,148,104,0,104,252
10/30/2022,UES,WI,AGL,CE,Federal Contract Tower,0,12,14,0,26,0,4,125,0,129,0,16,139,0,155,168,0,168,323
10/31/2022,UES,WI,AGL,CE,Federal Contract Tower,0,8,17,0,25,0,3,90,0,93,0,11,107,0,118,98,0,98,216
11/01/2022,UES,WI,AGL,CE,Federal Contract Tower,0,6,26,0,32,0,2,127,0,129,0,8,153,0,161,194,0,194,355
11/02/2022,UES,WI,AGL,CE,Federal Contract Tower,0,10,20,0,30,0,4,212,0,216,0,14,232,0,246,176,0,176,422
11/03/2022,UES,WI,AGL,CE,Federal Contract Tower,0,6,18,2,26,0,4,113,2,119,0,10,131,4,145,194,0,194,339
11/04/2022,UES,WI,AGL,CE,Federal Contract Tower,0,8,24,0,32,0,2,12,0,14,0,10,36,0,46,36,0,36,82
11/05/2022,UES,WI,AGL,CE,Federal Contract Tower,0,5,6,0,11,0,0,1,0,1,0,5,7,0,12,0,0,0,12
11/06/2022,UES,WI,AGL,CE,Federal Contract Tower,0,11,12,0,23,0,6,53,0,59,0,17,65,0,82,40,0,40,122
11/07/2022,UES,WI,AGL,CE,Federal Contract Tower,0,2,22,4,28,0,1,108,0,109,0,3,130,4,137,156,0,156,293
11/08/2022,UES,WI,AGL,CE,Federal Contract Tower,0,7,26,0,33,0,5,93,0,98,0,12,119,0,131,172,0,172,303
11/09/2022,UES,WI,AGL,CE,Federal Contract Tower,0,5,38,0,43,0,1,100,0,101,0,6,138,0,144,182,0,182,326
11/10/2022,UES,WI,AGL,CE,Federal Contract Tower,0,8,15,0,23,0,1,67,0,68,0,9,82,0,91,64,0,64,155
11/11/2022,UES,WI,AGL,CE,Federal Contract Tower,0,5,32,0,37,0,0,45,0,45,0,5,77,0,82,174,0,174,256
11/12/2022,UES,WI,AGL,CE,Federal Contract Tower,0,5,6,0,11,0,0,42,0,42,0,5,48,0,53,182,0,182,235
11/13/2022,UES,WI,AGL,CE,Federal Contract Tower,0,2,37,0,39,0,0,144,0,144,0,2,181,0,183,170,0,170,353
11/14/2022,UES,WI,AGL,CE,Federal Contract Tower,0,6,36,0,42,0,0,121,0,121,0,6,157,0,163,196,0,196,359
11/15/2022,UES,WI,AGL,CE,Federal Contract Tower,0,6,18,0,24,0,0,0,0,0,0,6,18,0,24,0,0,0,24
11/16/2022,UES,WI,AGL,CE,Federal Contract Tower,0,10,29,0,39,0,0,21,0,21,0,10,50,0,60,82,0,82,142
11/17/2022,UES,WI,AGL,CE,Federal Contract Tower,0,12,33,0,45,0,0,0,0,0,0,12,33,0,45,0,0,0,45
11/18/2022,UES,WI,AGL,CE,Federal Contract Tower,0,12,23,0,35,0,0,20,0,20,0,12,43,0,55,38,0,38,93
11/19/2022,UES,WI,AGL,CE,Federal Contract Tower,0,0,9,0,9,0,0,10,0,10,0,0,19,0,19,10,0,10,29
11/20/2022,UES,WI,AGL,CE,Federal Contract Tower,0,7,23,0,30,0,0,77,0,77,0,7,100,0,107,66,0,66,173
11/21/2022,UES,WI,AGL,CE,Federal Contract Tower,0,2,17,0,19,0,0,90,0,90,0,2,107,0,109,64,0,64,173
11/22/2022,UES,WI,AGL,CE,Federal Contract Tower,0,4,25,0,29,0,0,137,4,141,0,4,162,4,170,152,8,160,330
11/23/2022,UES,WI,AGL,CE,Federal Contract Tower,0,7,19,0,26,0,0,141,0,141,0,7,160,0,167,142,0,142,309
11/24/2022,UES,WI,AGL,CE,Federal Contract Tower,0,0,5,0,5,0,0,16,0,16,0,0,21,0,21,22,0,22,43
11/25/2022,UES,WI,AGL,CE,Federal Contract Tower,0,3,21,0,24,0,1,88,0,89,0,4,109,0,113,168,0,168,281
11/26/2022,UES,WI,AGL,CE,Federal Contract Tower,0,7,24,0,31,0,0,59,0,59,0,7,83,0,90,22,0,22,112
11/27/2022,UES,WI,AGL,CE,Federal Contract Tower,0,14,15,0,29,0,0,17,0,17,0,14,32,0,46,6,0,6,52
11/28/2022,UES,WI,AGL,CE,Federal Contract Tower,0,8,24,0,32,0,0,142,0,142,0,8,166,0,174,122,0,122,296
11/29/2022,UES,WI,AGL,CE,Federal Contract Tower,0,5,15,0,20,0,0,2,0,2,0,5,17,0,22,10,0,10,32
11/30/2022,UES,WI,AGL,CE,Federal Contract Tower,0,1,9,0,10,0,0,2,0,2,0,1,11,0,12,0,0,0,12
12/01/2022,UES,WI,AGL,CE,Federal Contract Tower,0,11,19,0,30,0,0,130,0,130,0,11,149,0,160,186,0,186,346
12/02/2022,UES,WI,AGL,CE,Federal Contract Tower,0,11,22,0,33,0,0,40,0,40,0,11,62,0,73,58,0,58,131
12/03/2022,UES,WI,AGL,CE,Federal Contract Tower,0,5,8,0,13,0,2,50,0,52,0,7,58,0,65,36,0,36,101
12/04/2022,UES,WI,AGL,CE,Federal Contract Tower,0,7,20,0,27,0,2,85,0,87,0,9,105,0,114,172,0,172,286
12/05/2022,UES,WI,AGL,CE,Federal Contract Tower,0,10,20,0,30,0,0,65,0,65,0,10,85,0,95,84,0,84,179
12/06/2022,UES,WI,AGL,CE,Federal Contract Tower,0,10,20,0,30,0,0,9,0,9,0,10,29,0,39,40,0,40,79
12/07/2022,UES,WI,AGL,CE,Federal Contract Tower,0,11,17,0,28,0,0,1,0,1,0,11,18,0,29,0,0,0,29
12/08/2022,UES,WI,AGL,CE,Federal Contract Tower,0,8,37,0,45,0,0,86,0,86,0,8,123,0,131,110,0,110,241
12/09/2022,UES,WI,AGL,CE,Federal Contract Tower,0,5,17,0,22,0,0,0,0,0,0,5,17,0,22,0,0,0,22
12/10/2022,UES,WI,AGL,CE,Federal Contract Tower,0,4,6,0,10,0,0,0,0,0,0,4,6,0,10,0,0,0,10
12/11/2022,UES,WI,AGL,CE,Federal Contract Tower,0,6,22,0,28,0,0,3,0,3,0,6,25,0,31,4,0,4,35
12/12/2022,UES,WI,AGL,CE,Federal Contract Tower,0,12,24,0,36,0,0,41,0,41,0,12,65,0,77,50,0,50,127
12/13/2022,UES,WI,AGL,CE,Federal Contract Tower,0,9,9,0,18,0,0,12,0,12,0,9,21,0,30,52,0,52,82
12/14/2022,UES,WI,AGL,CE,Federal Contract Tower,0,13,4,0,17,0,0,0,0,0,0,13,4,0,17,0,0,0,17
12/15/2022,UES,WI,AGL,CE,Federal Contract Tower,0,16,21,0,37,0,0,1,0,1,0,16,22,0,38,0,0,0,38
12/16/2022,UES,WI,AGL,CE,Federal Contract Tower,0,9,22,0,31,0,0,6,0,6,0,9,28,0,37,0,0,0,37
12/17/2022,UES,WI,AGL,CE,Federal Contract Tower,0,12,11,0,23,0,0,2,0,2,0,12,13,0,25,8,0,8,33
12/18/2022,UES,WI,AGL,CE,Federal Contract Tower,0,3,11,0,14,0,0,11,0,11,0,3,22,0,25,24,0,24,49
12/19/2022,UES,WI,AGL,CE,Federal Contract Tower,0,11,14,0,25,0,2,146,0,148,0,13,160,0,173,124,0,124,297
12/20/2022,UES,WI,AGL,CE,Federal Contract Tower,0,6,27,0,33,0,1,78,0,79,0,7,105,0,112,214,0,214,326
12/21/2022,UES,WI,AGL,CE,Federal Contract Tower,0,14,19,0,33,0,0,59,0,59,0,14,78,0,92,38,0,38,130
12/22/2022,UES,WI,AGL,CE,Federal Contract Tower,0,3,4,0,7,0,0,0,0,0,0,3,4,0,7,0,0,0,7
12/23/2022,UES,WI,AGL,CE,Federal Contract Tower,0,0,6,0,6,0,0,0,0,0,0,0,6,0,6,0,0,0,6
12/24/2022,UES,WI,AGL,CE,Federal Contract Tower,0,4,2,0,6,0,0,5,0,5,0,4,7,0,11,0,0,0,11
12/25/2022,UES,WI,AGL,CE,Federal Contract Tower,0,4,1,0,5,0,0,7,0,7,0,4,8,0,12,0,0,0,12
12/26/2022,UES,WI,AGL,CE,Federal Contract Tower,0,7,10,0,17,0,0,98,0,98,0,7,108,0,115,106,0,106,221
12/27/2022,UES,WI,AGL,CE,Federal Contract Tower,0,15,21,0,36,0,4,46,0,50,0,19,67,0,86,16,0,16,102
12/28/2022,UES,WI,AGL,CE,Federal Contract Tower,0,12,21,0,33,0,2,57,0,59,0,14,78,0,92,64,0,64,156
12/29/2022,UES,WI,AGL,CE,Federal Contract Tower,0,21,10,0,31,0,0,2,0,2,0,21,12,0,33,0,0,0,33
12/30/2022,UES,WI,AGL,CE,Federal Contract Tower,0,6,17,0,23,0,0,6,0,6,0,6,23,0,29,14,0,14,43
12/31/2022,UES,WI,AGL,CE,Federal Contract Tower,0,3,11,0,14,0,2,54,0,56,0,5,65,0,70,78,0,78,148
01/01/2023,UES,WI,AGL,CE,Federal Contract Tower,0,4,12,0,16,0,0,20,0,20,0,4,32,0,36,8,0,8,44
01/02/2023,UES,WI,AGL,CE,Federal Contract Tower,0,9,17,0,26,0,0,87,0,87,0,9,104,0,113,114,0,114,227
01/03/2023,UES,WI,AGL,CE,Federal Contract Tower,0,9,8,0,17,0,0,0,0,0,0,9,8,0,17,0,0,0,17
01/04/2023,UES,WI,AGL,CE,Federal Contract Tower,0,8,8,0,16,0,0,0,0,0,0,8,8,0,16,0,0,0,16
01/06/2023,UES,WI,AGL,CE,Federal Contract Tower,0,10,13,0,23,0,0,34,0,34,0,10,47,0,57,176,0,176,233
01/07/2023,UES,WI,AGL,CE,Federal Contract Tower,0,5,22,0,27,0,1,72,0,73,0,6,94,0,100,88,0,88,188
01/08/2023,UES,WI,AGL,CE,Federal Contract Tower,0,2,24,0,26,0,0,2,0,2,0,2,26,0,28,0,0,0,28
01/09/2023,UES,WI,AGL,CE,Federal Contract Tower,0,4,24,2,30,0,0,108,2,110,0,4,132,4,140,126,0,126,266
01/10/2023,UES,WI,AGL,CE,Federal Contract Tower,0,4,20,0,24,0,0,62,2,64,0,4,82,2,88,94,0,94,182
01/11/2023,UES,WI,AGL,CE,Federal Contract Tower,0,14,30,0,44,0,2,41,0,43,0,16,71,0,87,50,0,50,137
01/12/2023,UES,WI,AGL,CE,Federal Contract Tower,0,7,22,0,29,0,2,11,0,13,0,9,33,0,42,86,0,86,128
01/13/2023,UES,WI,AGL,CE,Federal Contract Tower,0,7,30,0,37,0,3,37,2,42,0,10,67,2,79,104,0,104,183
01/14/2023,UES,WI,AGL,CE,Federal Contract Tower,0,5,17,0,22,0,2,67,0,69,0,7,84,0,91,112,0,112,203
01/15/2023,UES,WI,AGL,CE,Federal Contract Tower,0,4,13,0,17,0,4,86,0,90,0,8,99,0,107,36,0,36,143
01/16/2023,UES,WI,AGL,CE,Federal Contract Tower,0,8,15,0,23,0,0,0,0,0,0,8,15,0,23,0,0,0,23
01/17/2023,UES,WI,AGL,CE,Federal Contract Tower,0,3,14,0,17,0,0,0,0,0,0,3,14,0,17,0,0,0,17
01/18/2023,UES,WI,AGL,CE,Federal Contract Tower,0,5,19,2,26,0,2,21,0,23,0,7,40,2,49,70,0,70,119
01/19/2023,UES,WI,AGL,CE,Federal Contract Tower,0,1,7,0,8,0,0,0,0,0,0,1,7,0,8,0,0,0,8
01/20/2023,UES,WI,AGL,CE,Federal Contract Tower,0,9,14,0,23,0,2,19,0,21,0,11,33,0,44,126,0,126,170
01/21/2023,UES,WI,AGL,CE,Federal Contract Tower,0,3,9,0,12,0,0,4,0,4,0,3,13,0,16,0,0,0,16
01/22/2023,UES,WI,AGL,CE,Federal Contract Tower,0,3,10,0,13,0,0,4,0,4,0,3,14,0,17,0,0,0,17
01/23/2023,UES,WI,AGL,CE,Federal Contract Tower,0,10,16,0,26,0,2,46,0,48,0,12,62,0,74,66,0,66,140
01/24/2023,UES,WI,AGL,CE,Federal Contract Tower,0,4,27,0,31,0,3,12,0,15,0,7,39,0,46,76,0,76,122
01/25/2023,UES,WI,AGL,CE,Federal Contract Tower,0,7,15,0,22,0,0,0,0,0,0,7,15,0,22,0,0,0,22
01/26/2023,UES,WI,AGL,CE,Federal Contract Tower,0,6,24,0,30,0,0,1,0,1,0,6,25,0,31,0,0,0,31
01/27/2023,UES,WI,AGL,CE,Federal Contract Tower,0,1,25,0,26,0,0,0,0,0,0,1,25,0,26,0,0,0,26
01/28/2023,UES,WI,AGL,CE,Federal Contract Tower,0,3,3,0,6,0,0,10,0,10,0,3,13,0,16,38,0,38,54
01/29/2023,UES,WI,AGL,CE,Federal Contract Tower,0,9,6,0,15,0,0,49,0,49,0,9,55,0,64,68,0,68,132
01/30/2023,UES,WI,AGL,CE,Federal Contract Tower,0,6,20,1,27,0,10,69,2,81,0,16,89,3,108,48,2,50,158
01/31/2023,UES,WI,AGL,CE,Federal Contract Tower,0,4,17,0,21,0,1,63,4,68,0,5,80,4,89,40,6,46,135
02/01/2023,UES,WI,AGL,CE,Federal Contract Tower,0,12,22,0,34,0,1,144,2,147,0,13,166,2,181,200,0,200,381
02/02/2023,UES,WI,AGL,CE,Federal Contract Tower,0,13,25,0,38,0,0,91,6,97,0,13,116,6,135,36,0,36,171
02/03/2023,UES,WI,AGL,CE,Federal Contract Tower,0,10,14,2,26,0,0,44,0,44,0,10,58,2,70,18,0,18,88
02/04/2023,UES,WI,AGL,CE,Federal Contract Tower,0,3,7,0,10,0,0,55,0,55,0,3,62,0,65,58,0,58,123
02/05/2023,UES,WI,AGL,CE,Federal Contract Tower,0,7,7,0,14,0,6,84,0,90,0,13,91,0,104,64,0,64,168
02/06/2023,UES,WI,AGL,CE,Federal Contract Tower,0,10,14,0,24,0,3,67,2,72,0,13,81,2,96,62,0,62,158
02/07/2023,UES,WI,AGL,CE,Federal Contract Tower,0,4,11,0,15,0,5,21,0,26,0,9,32,0,41,44,0,44,85
02/08/2023,UES,WI,AGL,CE,Federal Contract Tower,0,9,12,0,21,0,6,105,2,113,0,15,117,2,134,124,0,124,258
02/09/2023,UES,WI,AGL,CE,Federal Contract Tower,0,7,15,0,22,0,0,0,0,0,0,7,15,0,22,0,0,0,22
02/10/2023,UES,WI,AGL,CE,Federal Contract Tower,0,17,22,0,39,0,3,41,0,44,0,20,63,0,83,82,0,82,165
02/11/2023,UES,WI,AGL,CE,Federal Contract Tower,0,9,2,0,11,0,3,54,0,57,0,12,56,0,68,70,0,70,138
02/12/2023,UES,WI,AGL,CE,Federal Contract Tower,0,8,16,0,24,0,0,136,0,136,0,8,152,0,160,190,0,190,350
02/13/2023,UES,WI,AGL,CE,Federal Contract Tower,0,6,21,1,28,0,4,111,1,116,0,10,132,2,144,78,0,78,222
02/14/2023,UES,WI,AGL,CE,Federal Contract Tower,0,5,10,0,15,0,2,16,0,18,0,7,26,0,33,10,0,10,43
02/15/2023,UES,WI,AGL,CE,Federal Contract Tower,0,10,23,0,33,0,0,6,4,10,0,10,29,4,43,28,0,28,71
02/16/2023,UES,WI,AGL,CE,Federal Contract Tower,0,4,5,0,9,0,0,0,0,0,0,4,5,0,9,0,0,0,9
02/17/2023,UES,WI,AGL,CE,Federal Contract Tower,0,20,18,0,38,0,0,60,0,60,0,20,78,0,98,124,0,124,222
02/18/2023,UES,WI,AGL,CE,Federal Contract Tower,0,6,14,0,20,0,4,95,0,99,0,10,109,0,119,134,0,134,253
02/19/2023,UES,WI,AGL,CE,Federal Contract Tower,0,4,10,0,14,0,0,50,0,50,0,4,60,0,64,50,0,50,114
02/20/2023,UES,WI,AGL,CE,Federal Contract Tower,0,12,22,0,34,0,0,129,0,129,0,12,151,0,163,130,0,130,293
02/21/2023,UES,WI,AGL,CE,Federal Contract Tower,0,8,14,0,22,0,0,60,0,60,0,8,74,0,82,110,0,110,192
02/22/2023,UES,WI,AGL,CE,Federal Contract Tower,0,0,6,0,6,0,0,0,0,0,0,0,6,0,6,0,0,0,6
02/23/2023,UES,WI,AGL,CE,Federal Contract Tower,0,7,10,0,17,0,2,2,0,4,0,9,12,0,21,0,0,0,21
02/24/2023,UES,WI,AGL,CE,Federal Contract Tower,0,6,26,0,32,0,2,73,0,75,0,8,99,0,107,168,0,168,275
02/25/2023,UES,WI,AGL,CE,Federal Contract Tower,0,10,15,0,25,0,2,28,0,30,0,12,43,0,55,56,0,56,111
02/26/2023,UES,WI,AGL,CE,Federal Contract Tower,0,13,18,0,31,0,4,141,0,145,0,17,159,0,176,224,0,224,400
02/27/2023,UES,WI,AGL,CE,Federal Contract Tower,0,1,10,0,11,0,0,0,0,0,0,1,10,0,11,0,0,0,11
02/28/2023,UES,WI,AGL,CE,Federal Contract Tower,0,10,14,2,26,0,0,85,0,85,0,10,99,2,111,168,6,174,285
03/01/2023,UES,WI,AGL,CE,Federal Contract Tower,0,7,27,0,34,0,0,43,0,43,0,7,70,0,77,38,0,38,115
03/02/2023,UES,WI,AGL,CE,Federal Contract Tower,0,11,22,0,33,0,0,28,0,28,0,11,50,0,61,8,0,8,69
03/03/2023,UES,WI,AGL,CE,Federal Contract Tower,0,6,23,0,29,0,5,12,0,17,0,11,35,0,46,18,0,18,64
03/04/2023,UES,WI,AGL,CE,Federal Contract Tower,0,0,12,0,12,0,1,67,0,68,0,1,79,0,80,136,0,136,216
03/05/2023,UES,WI,AGL,CE,Federal Contract Tower,0,9,17,0,26,0,2,124,0,126,0,11,141,0,152,128,0,128,280
03/06/2023,UES,WI,AGL,CE,Federal Contract Tower,0,13,21,0,34,0,5,18,0,23,0,18,39,0,57,110,0,110,167
03/07/2023,UES,WI,AGL,CE,Federal Contract Tower,0,11,25,0,36,0,9,90,0,99,0,20,115,0,135,186,0,186,321
03/08/2023,UES,WI,AGL,CE,Federal Contract Tower,0,4,13,0,17,0,4,89,2,95,0,8,102,2,112,80,0,80,192
03/09/2023,UES,WI,AGL,CE,Federal Contract Tower,0,16,25,0,41,0,2,36,0,38,0,18,61,0,79,44,0,44,123
03/10/2023,UES,WI,AGL,CE,Federal Contract Tower,0,10,12,0,22,0,2,2,0,4,0,12,14,0,26,0,0,0,26
03/11/2023,UES,WI,AGL,CE,Federal Contract Tower,0,7,10,0,17,0,0,13,0,13,0,7,23,0,30,26,0,26,56
03/12/2023,UES,WI,AGL,CE,Federal Contract Tower,0,12,7,0,19,0,0,0,0,0,0,12,7,0,19,0,0,0,19
03/13/2023,UES,WI,AGL,CE,Federal Contract Tower,0,8,9,0,17,0,2,51,0,53,0,10,60,0,70,32,0,32,102
03/14/2023,UES,WI,AGL,CE,Federal Contract Tower,0,12,17,0,29,0,6,97,0,103,0,18,114,0,132,118,0,118,250
03/15/2023,UES,WI,AGL,CE,Federal Contract Tower,0,1,14,0,15,0,2,76,0,78,0,3,90,0,93,134,0,134,227
03/16/2023,UES,WI,AGL,CE,Federal Contract Tower,0,7,14,0,21,0,0,55,0,55,0,7,69,0,76,78,0,78,154
03/17/2023,UES,WI,AGL,CE,Federal Contract Tower,0,13,8,0,21,0,1,5,0,6,0,14,13,0,27,6,0,6,33
03/18/2023,UES,WI,AGL,CE,Federal Contract Tower,0,5,20,0,25,0,0,5,0,5,0,5,25,0,30,0,0,0,30
03/19/2023,UES,WI,AGL,CE,Federal Contract Tower,0,4,17,0,21,0,4,88,0,92,0,8,105,0,113,118,0,118,231
03/20/2023,UES,WI,AGL,CE,Federal Contract Tower,0,14,15,0,29,0,5,51,0,56,0,19,66,0,85,28,0,28,113
03/21/2023,UES,WI,AGL,CE,Federal Contract Tower,0,13,18,0,31,0,3,85,0,88,0,16,103,0,119,104,0,104,223
03/22/2023,UES,WI,AGL,CE,Federal Contract Tower,0,11,20,0,31,0,0,0,0,0,0,11,20,0,31,0,0,0,31
03/23/2023,UES,WI,AGL,CE,Federal Contract Tower,0,17,24,0,41,0,2,72,0,74,0,19,96,0,115,182,0,182,297
03/24/2023,UES,WI,AGL,CE,Federal Contract Tower,0,10,26,0,36,0,5,101,2,108,0,15,127,2,144,124,0,124,268
03/25/2023,UES,WI,AGL,CE,Federal Contract Tower,0,5,5,0,10,0,0,6,0,6,0,5,11,0,16,0,0,0,16
03/26/2023,UES,WI,AGL,CE,Federal Contract Tower,0,9,5,0,14,0,0,45,0,45,0,9,50,0,59,112,0,112,171
03/27/2023,UES,WI,AGL,CE,Federal Contract Tower,0,3,14,0,17,0,11,72,0,83,0,14,86,0,100,62,0,62,162
03/28/2023,UES,WI,AGL,CE,Federal Contract Tower,0,3,14,0,17,0,11,72,0,83,0,14,86,0,100,62,0,62,162
03/29/2023,UES,WI,AGL,CE,Federal Contract Tower,0,5,16,0,21,0,14,91,0,105,0,19,107,0,126,116,0,116,242
03/30/2023,UES,WI,AGL,CE,Federal Contract Tower,0,7,11,2,20,0,5,79,2,86,0,12,90,4,106,130,0,130,236
03/31/2023,UES,WI,AGL,CE,Federal Contract Tower,0,8,8,0,16,0,0,3,0,3,0,8,11,0,19,24,0,24,43
04/01/2023,UES,WI,AGL,CE,Federal Contract Tower,0,9,8,0,17,0,0,5,0,5,0,9,13,0,22,10,0,10,32
04/02/2023,UES,WI,AGL,CE,Federal Contract Tower,0,9,13,0,22,0,13,90,0,103,0,22,103,0,125,132,0,132,257
04/03/2023,UES,WI,AGL,CE,Federal Contract Tower,0,7,17,0,24,0,34,77,0,111,0,41,94,0,135,170,0,170,305
04/04/2023,UES,WI,AGL,CE,Federal Contract Tower,0,6,15,0,21,0,0,0,0,0,0,6,15,0,21,0,0,0,21
04/05/2023,UES,WI,AGL,CE,Federal Contract Tower,0,12,14,0,26,0,0,9,0,9,0,12,23,0,35,8,0,8,43
04/06/2023,UES,WI,AGL,CE,Federal Contract Tower,0,14,27,0,41,0,7,84,2,93,0,21,111,2,134,46,0,46,180
04/07/2023,UES,WI,AGL,CE,Federal Contract Tower,0,13,15,0,28,0,14,99,0,113,0,27,114,0,141,136,0,136,277
04/08/2023,UES,WI,AGL,CE,Federal Contract Tower,0,7,11,0,18,0,8,106,0,114,0,15,117,0,132,138,0,138,270
04/09/2023,UES,WI,AGL,CE,Federal Contract Tower,0,2,12,0,14,0,12,46,0,58,0,14,58,0,72,100,0,100,172
04/10/2023,UES,WI,AGL,CE,Federal Contract Tower,0,8,22,0,30,0,13,81,0,94,0,21,103,0,124,76,0,76,200
04/11/2023,UES,WI,AGL,CE,Federal Contract Tower,0,8,17,0,25,0,10,69,0,79,0,18,86,0,104,94,0,94,198
04/12/2023,UES,WI,AGL,CE,Federal Contract Tower,0,8,11,0,19,0,10,56,2,68,0,18,67,2,87,6,0,6,93
04/13/2023,UES,WI,AGL,CE,Federal Contract Tower,0,10,17,0,27,0,12,136,0,148,0,22,153,0,175,164,0,164,339
04/14/2023,UES,WI,AGL,CE,Federal Contract Tower,0,8,22,2,32,0,2,80,0,82,0,10,102,2,114,96,0,96,210
04/15/2023,UES,WI,AGL,CE,Federal Contract Tower,0,9,11,0,20,0,5,64,0,69,0,14,75,0,89,124,0,124,213
04/16/2023,UES,WI,AGL,CE,Federal Contract Tower,0,13,13,0,26,0,0,0,0,0,0,13,13,0,26,0,0,0,26
04/17/2023,UES,WI,AGL,CE,Federal Contract Tower,0,6,5,0,11,0,0,1,0,1,0,6,6,0,12,0,0,0,12
04/18/2023,UES,WI,AGL,CE,Federal Contract Tower,0,3,25,0,28,0,8,121,0,129,0,11,146,0,157,190,0,190,347
04/19/2023,UES,WI,AGL,CE,Federal Contract Tower,0,15,27,0,42,0,1,55,0,56,0,16,82,0,98,102,0,102,200
04/20/2023,UES,WI,AGL,CE,Federal Contract Tower,0,5,15,0,20,0,0,34,0,34,0,5,49,0,54,10,0,10,64
04/21/2023,UES,WI,AGL,CE,Federal Contract Tower,0,9,10,0,19,0,5,69,0,74,0,14,79,0,93,82,0,82,175
04/22/2023,UES,WI,AGL,CE,Federal Contract Tower,0,5,11,0,16,0,0,31,0,31,0,5,42,0,47,40,0,40,87
04/23/2023,UES,WI,AGL,CE,Federal Contract Tower,0,9,16,0,25,0,22,118,0,140,0,31,134,0,165,196,0,196,361
04/24/2023,UES,WI,AGL,CE,Federal Contract Tower,0,3,15,0,18,0,23,93,2,118,0,26,108,2,136,114,6,120,256
04/25/2023,UES,WI,AGL,CE,Federal Contract Tower,0,11,21,0,32,0,6,64,0,70,0,17,85,0,102,130,0,130,232
04/26/2023,UES,WI,AGL,CE,Federal Contract Tower,0,20,34,0,54,0,22,159,0,181,0,42,193,0,235,146,12,158,393
04/27/2023,UES,WI,AGL,CE,Federal Contract Tower,0,11,18,2,31,0,5,96,0,101,0,16,114,2,132,108,6,114,246
04/28/2023,UES,WI,AGL,CE,Federal Contract Tower,0,11,18,0,29,0,4,91,0,95,0,15,109,0,124,92,0,92,216
04/29/2023,UES,WI,AGL,CE,Federal Contract Tower,0,0,12,0,12,0,0,5,0,5,0,0,17,0,17,0,0,0,17
04/30/2023,UES,WI,AGL,CE,Federal Contract Tower,0,11,16,0,27,0,0,0,0,0,0,11,16,0,27,0,0,0,27
05/01/2023,UES,WI,AGL,CE,Federal Contract Tower,0,9,23,0,32,0,0,0,0,0,0,9,23,0,32,0,0,0,32
05/02/2023,UES,WI,AGL,CE,Federal Contract Tower,0,4,8,0,12,0,0,12,0,12,0,4,20,0,24,0,0,0,24
05/03/2023,UES,WI,AGL,CE,Federal Contract Tower,0,5,6,0,11,0,4,96,0,100,0,9,102,0,111,84,0,84,195
05/04/2023,UES,WI,AGL,CE,Federal Contract Tower,0,18,26,0,44,0,11,154,0,165,0,29,180,0,209,212,0,212,421
05/05/2023,UES,WI,AGL,CE,Federal Contract Tower,0,7,16,0,23,0,2,88,0,90,0,9,104,0,113,88,0,88,201
05/06/2023,UES,WI,AGL,CE,Federal Contract Tower,0,4,11,0,15,0,9,26,0,35,0,13,37,0,50,100,0,100,150
05/07/2023,UES,WI,AGL,CE,Federal Contract Tower,0,18,16,0,34,0,12,93,0,105,0,30,109,0,139,128,0,128,267
05/08/2023,UES,WI,AGL,CE,Federal Contract Tower,0,12,19,0,31,0,0,1,0,1,0,12,20,0,32,0,0,0,32
05/09/2023,UES,WI,AGL,CE,Federal Contract Tower,0,5,23,0,28,0,52,119,0,171,0,57,142,0,199,150,0,150,349
05/10/2023,UES,WI,AGL,CE,Federal Contract Tower,0,11,33,0,44,0,7,109,0,116,0,18,142,0,160,166,0,166,326
05/11/2023,UES,WI,AGL,CE,Federal Contract Tower,0,23,18,4,45,0,15,145,0,160,0,38,163,4,205,86,0,86,291
05/12/2023,UES,WI,AGL,CE,Federal Contract Tower,0,4,24,0,28,0,0,42,0,42,0,4,66,0,70,92,0,92,162
05/13/2023,UES,WI,AGL,CE,Federal Contract Tower,0,10,7,0,17,0,11,87,0,98,0,21,94,0,115,72,0,72,187
05/14/2023,UES,WI,AGL,CE,Federal Contract Tower,0,1,10,0,11,0,8,7,0,15,0,9,17,0,26,56,0,56,82
05/15/2023,UES,WI,AGL,CE,Federal Contract Tower,0,16,20,0,36,0,26,103,0,129,0,42,123,0,165,152,0,152,317
05/16/2023,UES,WI,AGL,CE,Federal Contract Tower,0,9,29,0,38,0,15,74,0,89,0,24,103,0,127,46,0,46,173
05/17/2023,UES,WI,AGL,CE,Federal Contract Tower,0,12,24,2,38,0,8,145,0,153,0,20,169,2,191,204,0,204,395
05/18/2023,UES,WI,AGL,CE,Federal Contract Tower,0,6,24,0,30,0,2,91,0,93,0,8,115,0,123,152,0,152,275
05/19/2023,UES,WI,AGL,CE,Federal Contract Tower,0,4,24,0,28,0,0,39,0,39,0,4,63,0,67,34,0,34,101
05/20/2023,UES,WI,AGL,CE,Federal Contract Tower,0,12,19,0,31,0,4,142,0,146,0,16,161,0,177,264,0,264,441
05/21/2023,UES,WI,AGL,CE,Federal Contract Tower,0,13,19,0,32,0,13,161,0,174,0,26,180,0,206,222,0,222,428
05/22/2023,UES,WI,AGL,CE,Federal Contract Tower,0,9,16,0,25,0,29,142,0,171,0,38,158,0,196,162,0,162,358
05/23/2023,UES,WI,AGL,CE,Federal Contract Tower,0,7,20,0,27,0,11,103,0,114,0,18,123,0,141,76,0,76,217
05/24/2023,UES,WI,AGL,CE,Federal Contract Tower,0,15,27,0,42,0,5,64,2,71,0,20,91,2,113,22,4,26,139
05/25/2023,UES,WI,AGL,CE,Federal Contract Tower,0,8,29,0,37,0,1,88,4,93,0,9,117,4,130,106,0,106,236
05/26/2023,UES,WI,AGL,CE,Federal Contract Tower,0,3,24,0,27,0,8,91,0,99,0,11,115,0,126,138,0,138,264
05/27/2023,UES,WI,AGL,CE,Federal Contract Tower,0,7,10,0,17,0,0,83,0,83,0,7,93,0,100,134,0,134,234
05/28/2023,UES,WI,AGL,CE,Federal Contract Tower,0,6,15,0,21,0,2,111,0,113,0,8,126,0,134,106,0,106,240
05/29/2023,UES,WI,AGL,CE,Federal Contract Tower,0,5,8,0,13,0,21,143,0,164,0,26,151,0,177,200,0,200,377
05/30/2023,UES,WI,AGL,CE,Federal Contract Tower,0,3,20,0,23,0,8,106,0,114,0,11,126,0,137,176,0,176,313
05/31/2023,UES,WI,AGL,CE,Federal Contract Tower,0,12,19,0,31,0,9,86,0,95,0,21,105,0,126,68,0,68,194
06/01/2023,UES,WI,AGL,CE,Federal Contract Tower,0,10,5,0,15,0,5,97,0,102,0,15,102,0,117,82,0,82,199
06/02/2023,UES,WI,AGL,CE,Federal Contract Tower,0,5,18,2,25,0,12,122,0,134,0,17,140,2,159,196,8,204,363
06/03/2023,UES,WI,AGL,CE,Federal Contract Tower,0,3,4,0,7,0,4,90,0,94,0,7,94,0,101,106,0,106,207
06/04/2023,UES,WI,AGL,CE,Federal Contract Tower,0,12,14,0,26,0,5,93,0,98,0,17,107,0,124,126,0,126,250
06/05/2023,UES,WI,AGL,CE,Federal Contract Tower,0,12,16,0,28,0,28,125,2,155,0,40,141,2,183,110,0,110,293
06/06/2023,UES,WI,AGL,CE,Federal Contract Tower,0,3,22,0,25,0,7,47,0,54,0,10,69,0,79,98,0,98,177
06/07/2023,UES,WI,AGL,CE,Federal Contract Tower,0,11,10,0,21,0,10,130,4,144,0,21,140,4,165,124,0,124,289
06/08/2023,UES,WI,AGL,CE,Federal Contract Tower,0,20,21,0,41,0,1,120,0,121,0,21,141,0,162,68,0,68,230
06/09/2023,UES,WI,AGL,CE,Federal Contract Tower,0,6,24,0,30,0,7,138,0,145,0,13,162,0,175,194,0,194,369
06/10/2023,UES,WI,AGL,CE,Federal Contract Tower,0,8,26,0,34,0,2,86,0,88,0,10,112,0,122,74,0,74,196
06/12/2023,UES,WI,AGL,CE,Federal Contract Tower,0,9,17,0,26,0,10,96,0,106,0,19,113,0,132,144,0,144,276
06/13/2023,UES,WI,AGL,CE,Federal Contract Tower,0,14,27,1,42,0,0,0,0,0,0,14,27,1,42,0,0,0,42
06/14/2023,UES,WI,AGL,CE,Federal Contract Tower,0,20,27,0,47,0,0,82,0,82,0,20,109,0,129,152,0,152,281
06/15/2023,UES,WI,AGL,CE,Federal Contract Tower,0,7,41,0,48,0,0,50,0,50,0,7,91,0,98,96,0,96,194
06/16/2023,UES,WI,AGL,CE,Federal Contract Tower,0,6,41,0,47,0,11,53,0,64,0,17,94,0,111,124,0,124,235
06/17/2023,UES,WI,AGL,CE,Federal Contract Tower,0,7,15,0,22,0,6,137,0,143,0,13,152,0,165,106,0,106,271
06/18/2023,UES,WI,AGL,CE,Federal Contract Tower,0,6,15,0,21,0,4,101,0,105,0,10,116,0,126,62,0,62,188
06/19/2023,UES,WI,AGL,CE,Federal Contract Tower,0,4,29,0,33,0,7,99,0,106,0,11,128,0,139,120,0,120,259
06/20/2023,UES,WI,AGL,CE,Federal Contract Tower,0,10,28,0,38,0,8,85,0,93,0,18,113,0,131,106,0,106,237
06/21/2023,UES,WI,AGL,CE,Federal Contract Tower,0,2,24,0,26,0,12,96,0,108,0,14,120,0,134,44,0,44,178
06/22/2023,UES,WI,AGL,CE,Federal Contract Tower,0,12,28,0,40,0,6,77,0,83,0,18,105,0,123,106,0,106,229
06/23/2023,UES,WI,AGL,CE,Federal Contract Tower,0,4,14,0,18,0,2,115,0,117,0,6,129,0,135,144,0,144,279
06/24/2023,UES,WI,AGL,CE,Federal Contract Tower,0,10,19,0,29,0,1,160,0,161,0,11,179,0,190,40,0,40,230
06/25/2023,UES,WI,AGL,CE,Federal Contract Tower,0,13,22,0,35,0,0,12,0,12,0,13,34,0,47,14,0,14,61
06/26/2023,UES,WI,AGL,CE,Federal Contract Tower,0,14,29,0,43,0,4,7,0,11,0,18,36,0,54,0,0,0,54
06/27/2023,UES,WI,AGL,CE,Federal Contract Tower,0,19,42,0,61,0,0,5,0,5,0,19,47,0,66,8,0,8,74
06/28/2023,UES,WI,AGL,CE,Federal Contract Tower,0,9,41,0,50,0,0,6,0,6,0,9,47,0,56,0,0,0,56
06/29/2023,UES,WI,AGL,CE,Federal Contract Tower,0,9,33,0,42,0,0,4,0,4,0,9,37,0,46,0,0,0,46
06/30/2023,UES,WI,AGL,CE,Federal Contract Tower,0,23,36,0,59,0,9,114,0,123,0,32,150,0,182,192,0,192,374
07/01/2023,UES,WI,AGL,CE,Federal Contract Tower,0,14,27,0,41,0,2,89,0,91,0,16,116,0,132,186,0,186,318
07/02/2023,UES,WI,AGL,CE,Federal Contract Tower,0,3,12,0,15,0,3,51,0,54,0,6,63,0,69,42,0,42,111
07/03/2023,UES,WI,AGL,CE,Federal Contract Tower,0,6,6,0,12,0,21,107,0,128,0,27,113,0,140,66,0,66,206
07/04/2023,UES,WI,AGL,CE,Federal Contract Tower,0,2,2,0,4,0,9,54,4,67,0,11,56,4,71,32,0,32,103
07/05/2023,UES,WI,AGL,CE,Federal Contract Tower,0,22,14,0,36,0,2,76,0,78,0,24,90,0,114,122,0,122,236
07/06/2023,UES,WI,AGL,CE,Federal Contract Tower,0,7,22,0,29,0,7,130,0,137,0,14,152,0,166,202,0,202,368
07/07/2023,UES,WI,AGL,CE,Federal Contract Tower,0,8,14,0,22,0,5,139,0,144,0,13,153,0,166,200,0,200,366
07/08/2023,UES,WI,AGL,CE,Federal Contract Tower,0,2,26,0,28,0,3,50,0,53,0,5,76,0,81,132,0,132,213
07/09/2023,UES,WI,AGL,CE,Federal Contract Tower,0,11,24,0,35,0,11,139,0,150,0,22,163,0,185,212,0,212,397
07/10/2023,UES,WI,AGL,CE,Federal Contract Tower,0,8,28,0,36,0,12,83,0,95,0,20,111,0,131,72,0,72,203
07/11/2023,UES,WI,AGL,CE,Federal Contract Tower,0,21,29,0,50,0,10,111,0,121,0,31,140,0,171,220,0,220,391
07/12/2023,UES,WI,AGL,CE,Federal Contract Tower,0,11,23,0,34,0,2,61,0,63,0,13,84,0,97,58,0,58,155
07/13/2023,UES,WI,AGL,CE,Federal Contract Tower,0,23,34,0,57,0,5,41,0,46,0,28,75,0,103,164,0,164,267
07/14/2023,UES,WI,AGL,CE,Federal Contract Tower,0,14,19,0,33,0,6,71,0,77,0,20,90,0,110,130,0,130,240
07/15/2023,UES,WI,AGL,CE,Federal Contract Tower,0,13,8,0,21,0,2,80,0,82,0,15,88,0,103,182,0,182,285
07/16/2023,UES,WI,AGL,CE,Federal Contract Tower,0,12,18,0,30,0,5,85,0,90,0,17,103,0,120,160,0,160,280
07/17/2023,UES,WI,AGL,CE,Federal Contract Tower,0,22,31,0,53,0,19,136,2,157,0,41,167,2,210,262,4,266,476
07/18/2023,UES,WI,AGL,CE,Federal Contract Tower,0,16,15,0,31,0,28,154,2,184,0,44,169,2,215,212,8,220,435
07/19/2023,UES,WI,AGL,CE,Federal Contract Tower,0,9,17,0,26,0,17,145,0,162,0,26,162,0,188,162,2,164,352
07/20/2023,UES,WI,AGL,CE,Federal Contract Tower,0,17,23,0,40,0,8,96,0,104,0,25,119,0,144,106,0,106,250
07/21/2023,UES,WI,AGL,CE,Federal Contract Tower,0,4,25,0,29,0,0,104,0,104,0,4,129,0,133,128,0,128,261
07/22/2023,UES,WI,AGL,CE,Federal Contract Tower,0,6,18,0,24,0,0,87,0,87,0,6,105,0,111,108,0,108,219
07/23/2023,UES,WI,AGL,CE,Federal Contract Tower,0,10,36,0,46,0,4,157,0,161,0,14,193,0,207,244,0,244,451
07/24/2023,UES,WI,AGL,CE,Federal Contract Tower,0,0,23,0,23,0,13,59,0,72,0,13,82,0,95,130,0,130,225
07/25/2023,UES,WI,AGL,CE,Federal Contract Tower,0,18,26,0,44,0,8,113,0,121,0,26,139,0,165,152,0,152,317
07/26/2023,UES,WI,AGL,CE,Federal Contract Tower,0,12,17,0,29,0,2,65,2,69,0,14,82,2,98,34,0,34,132
07/27/2023,UES,WI,AGL,CE,Federal Contract Tower,0,18,25,0,43,0,8,181,0,189,0,26,206,0,232,56,0,56,288
07/28/2023,UES,WI,AGL,CE,Federal Contract Tower,0,14,17,0,31,0,2,89,0,91,0,16,106,0,122,100,0,100,222
07/29/2023,UES,WI,AGL,CE,Federal Contract Tower,0,4,20,0,24,0,2,65,0,67,0,6,85,0,91,46,0,46,137
07/30/2023,UES,WI,AGL,CE,Federal Contract Tower,0,7,21,0,28,0,1,108,1,110,0,8,129,1,138,108,2,110,248
07/31/2023,UES,WI,AGL,CE,Federal Contract Tower,0,8,20,0,28,0,15,142,0,157,0,23,162,0,185,196,0,196,381
08/01/2023,UES,WI,AGL,CE,Federal Contract Tower,0,10,12,0,22,0,11,89,0,100,0,21,101,0,122,126,0,126,248
08/02/2023,UES,WI,AGL,CE,Federal Contract Tower,0,6,24,0,30,0,0,87,0,87,0,6,111,0,117,80,0,80,197
08/03/2023,UES,WI,AGL,CE,Federal Contract Tower,0,12,15,0,27,0,6,111,0,117,0,18,126,0,144,206,0,206,350
08/04/2023,UES,WI,AGL,CE,Federal Contract Tower,0,11,29,0,40,0,3,105,0,108,0,14,134,0,148,160,0,160,308
08/05/2023,UES,WI,AGL,CE,Federal Contract Tower,0,12,27,0,39,0,2,47,0,49,0,14,74,0,88,62,0,62,150
08/06/2023,UES,WI,AGL,CE,Federal Contract Tower,0,10,31,0,41,0,2,57,0,59,0,12,88,0,100,30,0,30,130
08/07/2023,UES,WI,AGL,CE,Federal Contract Tower,0,13,24,0,37,0,10,114,0,124,0,23,138,0,161,152,0,152,313
08/08/2023,UES,WI,AGL,CE,Federal Contract Tower,0,8,21,0,29,0,17,97,0,114,0,25,118,0,143,86,0,86,229
08/09/2023,UES,WI,AGL,CE,Federal Contract Tower,0,6,20,2,28,0,8,119,0,127,0,14,139,2,155,186,0,186,341
08/10/2023,UES,WI,AGL,CE,Federal Contract Tower,0,15,26,0,41,0,2,106,0,108,0,17,132,0,149,66,0,66,215
08/11/2023,UES,WI,AGL,CE,Federal Contract Tower,0,8,14,0,22,0,5,66,0,71,0,13,80,0,93,54,0,54,147
08/12/2023,UES,WI,AGL,CE,Federal Contract Tower,0,7,19,0,26,0,2,75,0,77,0,9,94,0,103,114,0,114,217
08/13/2023,UES,WI,AGL,CE,Federal Contract Tower,0,12,33,0,45,0,5,75,0,80,0,17,108,0,125,124,0,124,249
08/14/2023,UES,WI,AGL,CE,Federal Contract Tower,0,7,12,0,19,0,0,0,0,0,0,7,12,0,19,0,0,0,19
08/15/2023,UES,WI,AGL,CE,Federal Contract Tower,0,15,37,0,52,0,3,68,0,71,0,18,105,0,123,103,0,103,226
08/16/2023,UES,WI,AGL,CE,Federal Contract Tower,0,9,23,0,32,0,11,146,0,157,0,20,169,0,189,66,0,66,255
08/17/2023,UES,WI,AGL,CE,Federal Contract Tower,0,26,28,0,54,0,6,71,0,77,0,32,99,0,131,50,0,50,181
08/18/2023,UES,WI,AGL,CE,Federal Contract Tower,0,14,22,0,36,0,3,131,0,134,0,17,153,0,170,132,0,132,302
08/19/2023,UES,WI,AGL,CE,Federal Contract Tower,0,3,19,0,22,0,1,88,0,89,0,4,107,0,111,58,0,58,169
08/20/2023,UES,WI,AGL,CE,Federal Contract Tower,0,14,29,0,43,0,8,143,2,153,0,22,172,2,196,96,0,96,292
08/21/2023,UES,WI,AGL,CE,Federal Contract Tower,0,10,33,0,43,0,5,134,2,141,0,15,167,2,184,146,0,146,330
08/22/2023,UES,WI,AGL,CE,Federal Contract Tower,0,14,18,2,34,0,10,102,0,112,0,24,120,2,146,152,0,152,298
08/23/2023,UES,WI,AGL,CE,Federal Contract Tower,0,12,33,2,47,0,4,46,2,52,0,16,79,4,99,26,4,30,129
08/24/2023,UES,WI,AGL,CE,Federal Contract Tower,0,5,28,0,33,0,0,58,0,58,0,5,86,0,91,90,0,90,181
08/25/2023,UES,WI,AGL,CE,Federal Contract Tower,0,10,38,0,48,0,1,27,0,28,0,11,65,0,76,44,0,44,120
08/26/2023,UES,WI,AGL,CE,Federal Contract Tower,0,6,37,0,43,0,0,25,0,25,0,6,62,0,68,64,0,64,132
08/27/2023,UES,WI,AGL,CE,Federal Contract Tower,0,8,19,0,27,0,16,121,0,137,0,24,140,0,164,174,0,174,338
08/28/2023,UES,WI,AGL,CE,Federal Contract Tower,0,9,25,0,34,0,30,151,0,181,0,39,176,0,215,284,0,284,499
08/29/2023,UES,WI,AGL,CE,Federal Contract Tower,0,12,18,0,30,0,13,106,0,119,0,25,124,0,149,110,0,110,259
08/30/2023,UES,WI,AGL,CE,Federal Contract Tower,0,11,28,0,39,0,1,130,0,131,0,12,158,0,170,250,0,250,420
08/31/2023,UES,WI,AGL,CE,Federal Contract Tower,0,11,30,4,45,0,9,120,0,129,0,20,150,4,174,213,0,213,387
01/01/2020,UES,WI,AGL,CE,Federal Contract Tower,0,5,7,0,12,0,4,43,0,47,0,9,50,0,59,30,0,30,89
01/02/2020,UES,WI,AGL,CE,Federal Contract Tower,0,0,8,0,8,0,2,30,0,32,0,2,38,0,40,26,0,26,66
01/03/2020,UES,WI,AGL,CE,Federal Contract Tower,0,5,8,0,13,0,2,12,0,14,0,7,20,0,27,18,0,18,45
01/04/2020,UES,WI,AGL,CE,Federal Contract Tower,0,9,13,0,22,0,3,15,0,18,0,12,28,0,40,0,0,0,40
01/05/2020,UES,WI,AGL,CE,Federal Contract Tower,0,11,10,0,21,0,0,13,0,13,0,11,23,0,34,17,0,17,51
01/06/2020,UES,WI,AGL,CE,Federal Contract Tower,0,13,19,0,32,0,2,48,0,50,0,15,67,0,82,14,0,14,96
01/07/2020,UES,WI,AGL,CE,Federal Contract Tower,0,2,18,0,20,0,2,23,0,25,0,4,41,0,45,46,0,46,91
01/08/2020,UES,WI,AGL,CE,Federal Contract Tower,0,4,6,0,10,0,2,72,0,74,0,6,78,0,84,72,0,72,156
01/09/2020,UES,WI,AGL,CE,Federal Contract Tower,0,10,12,0,22,0,0,3,0,3,0,10,15,0,25,0,0,0,25
01/10/2020,UES,WI,AGL,CE,Federal Contract Tower,0,11,13,0,24,0,1,41,0,42,0,12,54,0,66,122,0,122,188
01/11/2020,UES,WI,AGL,CE,Federal Contract Tower,0,0,0,0,0,0,0,0,0,0,0,0,0,0,0,0,0,0,0
01/12/2020,UES,WI,AGL,CE,Federal Contract Tower,0,4,10,0,14,0,2,6,0,8,0,6,16,0,22,0,0,0,22
01/13/2020,UES,WI,AGL,CE,Federal Contract Tower,0,8,12,0,20,0,2,5,0,7,0,10,17,0,27,10,0,10,37
01/14/2020,UES,WI,AGL,CE,Federal Contract Tower,0,5,16,0,21,0,0,2,0,2,0,5,18,0,23,0,0,0,23
01/15/2020,UES,WI,AGL,CE,Federal Contract Tower,0,6,8,0,14,0,0,0,0,0,0,6,8,0,14,0,0,0,14
01/16/2020,UES,WI,AGL,CE,Federal Contract Tower,0,4,16,0,20,0,4,41,0,45,0,8,57,0,65,6,0,6,71
01/17/2020,UES,WI,AGL,CE,Federal Contract Tower,0,7,8,0,15,0,0,21,0,21,0,7,29,0,36,78,4,82,118
01/18/2020,UES,WI,AGL,CE,Federal Contract Tower,0,0,2,0,2,0,0,0,0,0,0,0,2,0,2,0,0,0,2
01/19/2020,UES,WI,AGL,CE,Federal Contract Tower,0,3,7,0,10,0,2,25,0,27,0,5,32,0,37,0,0,0,37
01/20/2020,UES,WI,AGL,CE,Federal Contract Tower,0,8,10,0,18,0,2,63,0,65,0,10,73,0,83,84,0,84,167
01/21/2020,UES,WI,AGL,CE,Federal Contract Tower,0,3,10,0,13,0,0,46,0,46,0,3,56,0,59,32,0,32,91
01/22/2020,UES,WI,AGL,CE,Federal Contract Tower,0,4,21,0,25,0,3,41,0,44,0,7,62,0,69,20,2,22,91
01/23/2020,UES,WI,AGL,CE,Federal Contract Tower,0,8,14,0,22,0,0,0,0,0,0,8,14,0,22,0,0,0,22
01/24/2020,UES,WI,AGL,CE,Federal Contract Tower,0,4,8,0,12,0,0,0,0,0,0,4,8,0,12,0,0,0,12
01/25/2020,UES,WI,AGL,CE,Federal Contract Tower,0,4,2,0,6,0,0,0,0,0,0,4,2,0,6,0,0,0,6
01/26/2020,UES,WI,AGL,CE,Federal Contract Tower,0,7,12,0,19,0,0,0,0,0,0,7,12,0,19,0,0,0,19
01/27/2020,UES,WI,AGL,CE,Federal Contract Tower,0,3,14,2,19,0,2,1,0,3,0,5,15,2,22,0,0,0,22
01/28/2020,UES,WI,AGL,CE,Federal Contract Tower,0,4,19,0,23,0,1,14,0,15,0,5,33,0,38,64,14,78,116
01/29/2020,UES,WI,AGL,CE,Federal Contract Tower,0,4,13,0,17,0,2,42,0,44,0,6,55,0,61,118,0,118,179
01/30/2020,UES,WI,AGL,CE,Federal Contract Tower,0,0,9,0,9,0,0,39,0,39,0,0,48,0,48,116,12,128,176
01/31/2020,UES,WI,AGL,CE,Federal Contract Tower,0,2,17,0,19,0,0,0,0,0,0,2,17,0,19,0,0,0,19
02/01/2020,UES,WI,AGL,CE,Federal Contract Tower,0,2,3,0,5,0,0,12,0,12,0,2,15,0,17,0,0,0,17
02/02/2020,UES,WI,AGL,CE,Federal Contract Tower,0,5,14,0,19,0,0,47,0,47,0,5,61,0,66,12,0,12,78
02/03/2020,UES,WI,AGL,CE,Federal Contract Tower,0,7,19,0,26,0,2,87,0,89,0,9,106,0,115,96,0,96,211
02/04/2020,UES,WI,AGL,CE,Federal Contract Tower,0,6,15,0,21,0,2,39,0,41,0,8,54,0,62,56,0,56,118
02/05/2020,UES,WI,AGL,CE,Federal Contract Tower,0,7,14,0,21,0,6,49,0,55,0,13,63,0,76,84,0,84,160
02/06/2020,UES,WI,AGL,CE,Federal Contract Tower,0,6,27,0,33,0,2,41,0,43,0,8,68,0,76,28,0,28,104
02/07/2020,UES,WI,AGL,CE,Federal Contract Tower,0,7,9,0,16,0,2,43,0,45,0,9,52,0,61,24,0,24,85
02/08/2020,UES,WI,AGL,CE,Federal Contract Tower,0,5,11,0,16,0,0,50,0,50,0,5,61,0,66,100,0,100,166
02/09/2020,UES,WI,AGL,CE,Federal Contract Tower,0,3,2,0,5,0,0,0,0,0,0,3,2,0,5,0,0,0,5
02/11/2020,UES,WI,AGL,CE,Federal Contract Tower,0,8,26,0,34,0,1,34,0,35,0,9,60,0,69,62,0,62,131
02/12/2020,UES,WI,AGL,CE,Federal Contract Tower,0,6,18,0,24,0,0,31,0,31,0,6,49,0,55,10,0,10,65
02/13/2020,UES,WI,AGL,CE,Federal Contract Tower,0,12,16,0,28,0,1,1,0,2,0,13,17,0,30,0,0,0,30
02/14/2020,UES,WI,AGL,CE,Federal Contract Tower,0,8,16,0,24,0,2,21,0,23,0,10,37,0,47,2,0,2,49
02/15/2020,UES,WI,AGL,CE,Federal Contract Tower,0,4,3,0,7,0,0,19,0,19,0,4,22,0,26,12,0,12,38
02/16/2020,UES,WI,AGL,CE,Federal Contract Tower,0,2,18,0,20,0,2,92,0,94,0,4,110,0,114,132,0,132,246
02/17/2020,UES,WI,AGL,CE,Federal Contract Tower,0,3,13,0,16,0,0,10,0,10,0,3,23,0,26,0,0,0,26
02/18/2020,UES,WI,AGL,CE,Federal Contract Tower,0,3,21,0,24,0,0,22,0,22,0,3,43,0,46,20,0,20,66
02/19/2020,UES,WI,AGL,CE,Federal Contract Tower,0,8,18,0,26,0,4,27,0,31,0,12,45,0,57,0,0,0,57
02/20/2020,UES,WI,AGL,CE,Federal Contract Tower,0,5,22,2,29,0,6,39,2,47,0,11,61,4,76,20,0,20,96
02/21/2020,UES,WI,AGL,CE,Federal Contract Tower,0,3,10,0,13,0,0,22,0,22,0,3,32,0,35,0,0,0,35
02/22/2020,UES,WI,AGL,CE,Federal Contract Tower,0,0,12,0,12,0,2,65,0,67,0,2,77,0,79,56,0,56,135
02/23/2020,UES,WI,AGL,CE,Federal Contract Tower,0,6,14,0,20,0,4,107,0,111,0,10,121,0,131,66,0,66,197
02/24/2020,UES,WI,AGL,CE,Federal Contract Tower,0,5,15,0,20,0,0,73,0,73,0,5,88,0,93,50,0,50,143
02/25/2020,UES,WI,AGL,CE,Federal Contract Tower,0,2,10,0,12,0,4,16,0,20,0,6,26,0,32,12,0,12,44
02/26/2020,UES,WI,AGL,CE,Federal Contract Tower,0,3,15,0,18,0,6,3,0,9,0,9,18,0,27,4,0,4,31
02/27/2020,UES,WI,AGL,CE,Federal Contract Tower,0,3,22,0,25,0,4,44,0,48,0,7,66,0,73,34,0,34,107
02/28/2020,UES,WI,AGL,CE,Federal Contract Tower,0,5,11,0,16,0,5,36,0,41,0,10,47,0,57,38,0,38,95
02/29/2020,UES,WI,AGL,CE,Federal Contract Tower,0,2,18,0,20,0,1,111,0,112,0,3,129,0,132,136,0,136,268
03/01/2020,UES,WI,AGL,CE,Federal Contract Tower,0,8,14,0,22,0,4,56,0,60,0,12,70,0,82,48,0,48,130
03/02/2020,UES,WI,AGL,CE,Federal Contract Tower,0,0,12,0,12,0,4,68,0,72,0,4,80,0,84,36,0,36,120
03/03/2020,UES,WI,AGL,CE,Federal Contract Tower,0,4,19,0,23,0,3,10,0,13,0,7,29,0,36,12,0,12,48
03/04/2020,UES,WI,AGL,CE,Federal Contract Tower,0,7,8,0,15,0,2,43,0,45,0,9,51,0,60,16,0,16,76
03/05/2020,UES,WI,AGL,CE,Federal Contract Tower,0,7,11,0,18,0,4,2,2,8,0,11,13,2,26,0,0,0,26
03/06/2020,UES,WI,AGL,CE,Federal Contract Tower,0,8,14,0,22,0,2,28,0,30,0,10,42,0,52,10,0,10,62
03/07/2020,UES,WI,AGL,CE,Federal Contract Tower,0,1,1,0,2,0,3,58,0,61,0,4,59,0,63,42,0,42,105
03/08/2020,UES,WI,AGL,CE,Federal Contract Tower,0,2,4,0,6,0,3,60,0,63,0,5,64,0,69,4,0,4,73
03/09/2020,UES,WI,AGL,CE,Federal Contract Tower,0,5,15,0,20,0,0,0,0,0,0,5,15,0,20,0,0,0,20
03/10/2020,UES,WI,AGL,CE,Federal Contract Tower,0,3,21,0,24,0,3,94,0,97,0,6,115,0,121,54,0,54,175
03/11/2020,UES,WI,AGL,CE,Federal Contract Tower,0,5,7,0,12,0,0,2,0,2,0,5,9,0,14,6,0,6,20
03/12/2020,UES,WI,AGL,CE,Federal Contract Tower,0,1,27,0,28,0,2,6,0,8,0,3,33,0,36,18,0,18,54
03/13/2020,UES,WI,AGL,CE,Federal Contract Tower,0,3,16,0,19,0,4,17,0,21,0,7,33,0,40,4,0,4,44
03/14/2020,UES,WI,AGL,CE,Federal Contract Tower,0,12,9,0,21,0,2,53,0,55,0,14,62,0,76,100,0,100,176
03/15/2020,UES,WI,AGL,CE,Federal Contract Tower,0,9,14,0,23,0,2,123,0,125,0,11,137,0,148,158,0,158,306
03/16/2020,UES,WI,AGL,CE,Federal Contract Tower,0,6,9,0,15,0,0,61,0,61,0,6,70,0,76,68,0,68,144
03/17/2020,UES,WI,AGL,CE,Federal Contract Tower,0,6,9,0,15,0,0,60,0,60,0,6,69,0,75,66,0,66,141
03/18/2020,UES,WI,AGL,CE,Federal Contract Tower,0,2,6,0,8,0,0,4,0,4,0,2,10,0,12,0,0,0,12
03/19/2020,UES,WI,AGL,CE,Federal Contract Tower,0,7,5,0,12,0,0,0,0,0,0,7,5,0,12,0,0,0,12
03/20/2020,UES,WI,AGL,CE,Federal Contract Tower,0,7,5,0,12,0,2,6,0,8,0,9,11,0,20,6,0,6,26
03/22/2020,UES,WI,AGL,CE,Federal Contract Tower,0,3,6,0,9,0,2,41,0,43,0,5,47,0,52,130,0,130,182
03/23/2020,UES,WI,AGL,CE,Federal Contract Tower,0,4,1,0,5,0,4,20,0,24,0,8,21,0,29,48,0,48,77
03/24/2020,UES,WI,AGL,CE,Federal Contract Tower,0,3,4,1,8,0,1,17,0,18,0,4,21,1,26,6,0,6,32
03/25/2020,UES,WI,AGL,CE,Federal Contract Tower,0,3,4,0,7,0,0,30,0,30,0,3,34,0,37,0,0,0,37
03/26/2020,UES,WI,AGL,CE,Federal Contract Tower,0,1,7,0,8,0,0,0,0,0,0,1,7,0,8,0,0,0,8
03/27/2020,UES,WI,AGL,CE,Federal Contract Tower,0,2,7,0,9,0,0,5,0,5,0,2,12,0,14,0,0,0,14
03/28/2020,UES,WI,AGL,CE,Federal Contract Tower,0,1,3,0,4,0,0,0,0,0,0,1,3,0,4,0,0,0,4
03/29/2020,UES,WI,AGL,CE,Federal Contract Tower,0,1,5,0,6,0,0,0,0,0,0,1,5,0,6,0,0,0,6
03/30/2020,UES,WI,AGL,CE,Federal Contract Tower,0,3,6,0,9,0,2,31,2,35,0,5,37,2,44,8,12,20,64
03/31/2020,UES,WI,AGL,CE,Federal Contract Tower,0,2,5,0,7,0,0,3,0,3,0,2,8,0,10,20,0,20,30
04/01/2020,UES,WI,AGL,CE,Federal Contract Tower,0,2,7,0,9,0,0,17,0,17,0,2,24,0,26,12,4,16,42
04/02/2020,UES,WI,AGL,CE,Federal Contract Tower,0,2,3,0,5,0,0,63,0,63,0,2,66,0,68,14,8,22,90
04/03/2020,UES,WI,AGL,CE,Federal Contract Tower,0,5,4,0,9,0,2,40,0,42,0,7,44,0,51,28,0,28,79
04/04/2020,UES,WI,AGL,CE,Federal Contract Tower,0,1,5,0,6,0,0,9,0,9,0,1,14,0,15,16,0,16,31
04/05/2020,UES,WI,AGL,CE,Federal Contract Tower,0,2,5,0,7,0,0,69,0,69,0,2,74,0,76,20,0,20,96
04/06/2020,UES,WI,AGL,CE,Federal Contract Tower,0,1,3,0,4,0,2,40,0,42,0,3,43,0,46,0,0,0,46
04/07/2020,UES,WI,AGL,CE,Federal Contract Tower,0,0,6,0,6,0,0,6,0,6,0,0,12,0,12,0,0,0,12
04/08/2020,UES,WI,AGL,CE,Federal Contract Tower,0,2,9,0,11,0,0,2,0,2,0,2,11,0,13,8,0,8,21
04/09/2020,UES,WI,AGL,CE,Federal Contract Tower,0,1,5,0,6,0,0,6,2,8,0,1,11,2,14,0,2,2,16
04/10/2020,UES,WI,AGL,CE,Federal Contract Tower,0,0,10,2,12,0,3,48,0,51,0,3,58,2,63,52,0,52,115
04/11/2020,UES,WI,AGL,CE,Federal Contract Tower,0,0,7,0,7,0,2,45,0,47,0,2,52,0,54,6,0,6,60
04/12/2020,UES,WI,AGL,CE,Federal Contract Tower,0,0,3,0,3,0,0,4,0,4,0,0,7,0,7,4,0,4,11
04/13/2020,UES,WI,AGL,CE,Federal Contract Tower,0,3,1,0,4,0,1,5,0,6,0,4,6,0,10,0,0,0,10
04/14/2020,UES,WI,AGL,CE,Federal Contract Tower,0,4,4,0,8,0,0,2,0,2,0,4,6,0,10,10,0,10,20
04/15/2020,UES,WI,AGL,CE,Federal Contract Tower,0,2,6,0,8,0,2,31,0,33,0,4,37,0,41,28,0,28,69
04/16/2020,UES,WI,AGL,CE,Federal Contract Tower,0,0,4,1,5,0,3,30,0,33,0,3,34,1,38,6,0,6,44
04/17/2020,UES,WI,AGL,CE,Federal Contract Tower,0,3,4,0,7,0,0,27,0,27,0,3,31,0,34,26,0,26,60
04/18/2020,UES,WI,AGL,CE,Federal Contract Tower,0,0,2,0,2,0,2,11,0,13,0,2,13,0,15,0,0,0,15
04/19/2020,UES,WI,AGL,CE,Federal Contract Tower,0,0,4,0,4,0,2,85,0,87,0,2,89,0,91,58,0,58,149
04/21/2020,UES,WI,AGL,CE,Federal Contract Tower,0,2,11,2,15,0,0,28,6,34,0,2,39,8,49,4,4,8,57
04/22/2020,UES,WI,AGL,CE,Federal Contract Tower,0,4,10,4,18,0,2,27,4,33,0,6,37,8,51,18,0,18,69
04/23/2020,UES,WI,AGL,CE,Federal Contract Tower,0,2,6,2,10,0,0,0,0,0,0,2,6,2,10,0,0,0,10
04/24/2020,UES,WI,AGL,CE,Federal Contract Tower,0,8,8,0,16,0,2,10,0,12,0,10,18,0,28,22,0,22,50
04/25/2020,UES,WI,AGL,CE,Federal Contract Tower,0,2,6,0,8,0,4,38,0,42,0,6,44,0,50,70,0,70,120
04/26/2020,UES,WI,AGL,CE,Federal Contract Tower,0,8,4,0,12,0,4,103,0,107,0,12,107,0,119,70,0,70,189
04/27/2020,UES,WI,AGL,CE,Federal Contract Tower,0,2,2,0,4,0,0,13,0,13,0,2,15,0,17,0,0,0,17
04/28/2020,UES,WI,AGL,CE,Federal Contract Tower,0,0,6,0,6,0,0,18,0,18,0,0,24,0,24,36,0,36,60
04/29/2020,UES,WI,AGL,CE,Federal Contract Tower,0,2,2,0,4,0,0,0,0,0,0,2,2,0,4,0,0,0,4
04/30/2020,UES,WI,AGL,CE,Federal Contract Tower,0,6,6,0,12,0,0,15,3,18,0,6,21,3,30,36,10,46,76
05/01/2020,UES,WI,AGL,CE,Federal Contract Tower,0,4,12,0,16,0,9,105,0,114,0,13,117,0,130,70,0,70,200
05/02/2020,UES,WI,AGL,CE,Federal Contract Tower,0,5,8,0,13,0,5,44,0,49,0,10,52,0,62,26,0,26,88
05/03/2020,UES,WI,AGL,CE,Federal Contract Tower,0,4,9,0,13,0,4,55,0,59,0,8,64,0,72,64,0,64,136
05/04/2020,UES,WI,AGL,CE,Federal Contract Tower,0,1,12,0,13,0,7,27,0,34,0,8,39,0,47,18,0,18,65
05/05/2020,UES,WI,AGL,CE,Federal Contract Tower,0,3,8,0,11,0,4,40,0,44,0,7,48,0,55,32,0,32,87
05/06/2020,UES,WI,AGL,CE,Federal Contract Tower,0,2,7,0,9,0,2,76,0,78,0,4,83,0,87,18,0,18,105
05/07/2020,UES,WI,AGL,CE,Federal Contract Tower,0,3,10,0,13,0,4,54,0,58,0,7,64,0,71,60,0,60,131
05/08/2020,UES,WI,AGL,CE,Federal Contract Tower,0,13,13,0,26,0,4,48,0,52,0,17,61,0,78,68,0,68,146
05/09/2020,UES,WI,AGL,CE,Federal Contract Tower,0,1,13,0,14,0,3,54,0,57,0,4,67,0,71,28,0,28,99
05/10/2020,UES,WI,AGL,CE,Federal Contract Tower,0,2,3,0,5,0,0,1,0,1,0,2,4,0,6,0,0,0,6
05/11/2020,UES,WI,AGL,CE,Federal Contract Tower,0,1,10,0,11,0,2,72,2,76,0,3,82,2,87,44,0,44,131
05/12/2020,UES,WI,AGL,CE,Federal Contract Tower,0,0,5,0,5,0,4,113,0,117,0,4,118,0,122,114,0,114,236
05/13/2020,UES,WI,AGL,CE,Federal Contract Tower,0,2,11,0,13,0,3,31,0,34,0,5,42,0,47,16,0,16,63
05/14/2020,UES,WI,AGL,CE,Federal Contract Tower,0,4,7,0,11,0,4,13,0,17,0,8,20,0,28,0,0,0,28
05/15/2020,UES,WI,AGL,CE,Federal Contract Tower,0,6,17,0,23,0,5,91,0,96,0,11,108,0,119,64,0,64,183
05/16/2020,UES,WI,AGL,CE,Federal Contract Tower,0,1,24,0,25,0,2,96,0,98,0,3,120,0,123,116,0,116,239
05/17/2020,UES,WI,AGL,CE,Federal Contract Tower,0,2,8,0,10,0,0,0,0,0,0,2,8,0,10,0,0,0,10
05/18/2020,UES,WI,AGL,CE,Federal Contract Tower,0,3,9,0,12,0,0,0,0,0,0,3,9,0,12,0,0,0,12
05/19/2020,UES,WI,AGL,CE,Federal Contract Tower,0,2,15,0,17,0,2,8,0,10,0,4,23,0,27,0,0,0,27
05/20/2020,UES,WI,AGL,CE,Federal Contract Tower,0,8,19,0,27,0,2,88,0,90,0,10,107,0,117,102,0,102,219
05/21/2020,UES,WI,AGL,CE,Federal Contract Tower,0,5,20,0,25,0,0,106,0,106,0,5,126,0,131,124,0,124,255
05/22/2020,UES,WI,AGL,CE,Federal Contract Tower,0,9,28,0,37,0,2,27,0,29,0,11,55,0,66,0,70,70,136
05/23/2020,UES,WI,AGL,CE,Federal Contract Tower,0,4,11,0,15,0,5,35,0,40,0,9,46,0,55,56,0,56,111
05/24/2020,UES,WI,AGL,CE,Federal Contract Tower,0,6,13,0,19,0,5,64,0,69,0,11,77,0,88,62,0,62,150
05/25/2020,UES,WI,AGL,CE,Federal Contract Tower,0,3,4,0,7,0,2,60,0,62,0,5,64,0,69,22,0,22,91
05/26/2020,UES,WI,AGL,CE,Federal Contract Tower,0,1,18,0,19,0,5,47,2,54,0,6,65,2,73,64,4,68,141
05/27/2020,UES,WI,AGL,CE,Federal Contract Tower,0,8,9,0,17,0,2,22,0,24,0,10,31,0,41,58,10,68,109
05/28/2020,UES,WI,AGL,CE,Federal Contract Tower,0,4,19,0,23,0,1,2,0,3,0,5,21,0,26,16,0,16,42
05/29/2020,UES,WI,AGL,CE,Federal Contract Tower,0,8,14,0,22,0,2,63,0,65,0,10,77,0,87,78,0,78,165
05/30/2020,UES,WI,AGL,CE,Federal Contract Tower,0,1,8,0,9,0,5,96,0,101,0,6,104,0,110,84,0,84,194
05/31/2020,UES,WI,AGL,CE,Federal Contract Tower,0,8,9,0,17,0,2,131,0,133,0,10,140,0,150,98,0,98,248
06/01/2020,UES,WI,AGL,CE,Federal Contract Tower,0,8,6,0,14,0,4,68,0,72,0,12,74,0,86,68,0,68,154
06/02/2020,UES,WI,AGL,CE,Federal Contract Tower,0,0,8,0,8,0,2,68,3,73,0,2,76,3,81,68,12,80,161
06/03/2020,UES,WI,AGL,CE,Federal Contract Tower,0,7,6,0,13,0,4,84,2,90,0,11,90,2,103,78,0,78,181
06/04/2020,UES,WI,AGL,CE,Federal Contract Tower,0,7,15,0,22,0,4,94,0,98,0,11,109,0,120,160,0,160,280
06/05/2020,UES,WI,AGL,CE,Federal Contract Tower,0,8,4,0,12,0,4,63,0,67,0,12,67,0,79,150,0,150,229
06/06/2020,UES,WI,AGL,CE,Federal Contract Tower,0,0,10,0,10,0,2,106,0,108,0,2,116,0,118,82,0,82,200
06/07/2020,UES,WI,AGL,CE,Federal Contract Tower,0,7,6,0,13,0,0,88,0,88,0,7,94,0,101,70,0,70,171
06/08/2020,UES,WI,AGL,CE,Federal Contract Tower,0,5,13,0,18,0,1,54,0,55,0,6,67,0,73,70,0,70,143
06/09/2020,UES,WI,AGL,CE,Federal Contract Tower,0,4,5,0,9,0,0,28,0,28,0,4,33,0,37,62,0,62,99
06/10/2020,UES,WI,AGL,CE,Federal Contract Tower,0,4,10,0,14,0,1,26,0,27,0,5,36,0,41,56,0,56,97
06/11/2020,UES,WI,AGL,CE,Federal Contract Tower,0,6,19,0,25,0,2,32,2,36,0,8,51,2,61,8,0,8,69
06/12/2020,UES,WI,AGL,CE,Federal Contract Tower,0,5,17,0,22,0,0,90,0,90,0,5,107,0,112,82,0,82,194
06/13/2020,UES,WI,AGL,CE,Federal Contract Tower,0,1,9,0,10,0,2,85,0,87,0,3,94,0,97,84,0,84,181
06/14/2020,UES,WI,AGL,CE,Federal Contract Tower,0,1,7,0,8,0,4,132,0,136,0,5,139,0,144,174,0,174,318
06/15/2020,UES,WI,AGL,CE,Federal Contract Tower,0,6,15,0,21,0,4,80,0,84,0,10,95,0,105,72,0,72,177
06/16/2020,UES,WI,AGL,CE,Federal Contract Tower,0,4,15,0,19,0,6,91,1,98,0,10,106,1,117,96,0,96,213
06/17/2020,UES,WI,AGL,CE,Federal Contract Tower,0,4,22,0,26,0,0,85,4,89,0,4,107,4,115,66,14,80,195
06/18/2020,UES,WI,AGL,CE,Federal Contract Tower,0,14,15,0,29,0,3,77,0,80,0,17,92,0,109,86,0,86,195
06/19/2020,UES,WI,AGL,CE,Federal Contract Tower,0,6,16,0,22,0,4,121,0,125,0,10,137,0,147,136,0,136,283
06/20/2020,UES,WI,AGL,CE,Federal Contract Tower,0,1,13,0,14,0,0,13,0,13,0,1,26,0,27,110,0,110,137
06/21/2020,UES,WI,AGL,CE,Federal Contract Tower,0,3,9,0,12,0,6,65,0,71,0,9,74,0,83,64,0,64,147
06/22/2020,UES,WI,AGL,CE,Federal Contract Tower,0,4,16,0,20,0,0,16,0,16,0,4,32,0,36,2,0,2,38
06/23/2020,UES,WI,AGL,CE,Federal Contract Tower,0,3,25,0,28,0,2,19,1,22,0,5,44,1,50,32,0,32,82
06/24/2020,UES,WI,AGL,CE,Federal Contract Tower,0,7,16,0,23,0,2,72,0,74,0,9,88,0,97,176,0,176,273
06/25/2020,UES,WI,AGL,CE,Federal Contract Tower,0,7,23,0,30,0,4,115,0,119,0,11,138,0,149,94,0,94,243
06/26/2020,UES,WI,AGL,CE,Federal Contract Tower,0,8,17,0,25,0,0,8,0,8,0,8,25,0,33,6,0,6,39
06/27/2020,UES,WI,AGL,CE,Federal Contract Tower,0,1,14,0,15,0,4,85,0,89,0,5,99,0,104,100,0,100,204
06/28/2020,UES,WI,AGL,CE,Federal Contract Tower,0,0,17,0,17,0,4,107,0,111,0,4,124,0,128,96,0,96,224
06/29/2020,UES,WI,AGL,CE,Federal Contract Tower,0,4,19,0,23,0,0,37,2,39,0,4,56,2,62,18,0,18,80
06/30/2020,UES,WI,AGL,CE,Federal Contract Tower,0,5,13,0,18,0,4,87,0,91,0,9,100,0,109,100,0,100,209
07/01/2020,UES,WI,AGL,CE,Federal Contract Tower,0,10,16,0,26,0,0,126,0,126,0,10,142,0,152,146,0,146,298
07/02/2020,UES,WI,AGL,CE,Federal Contract Tower,0,0,26,0,26,0,0,76,0,76,0,0,102,0,102,82,0,82,184
07/03/2020,UES,WI,AGL,CE,Federal Contract Tower,0,5,14,0,19,0,4,87,0,91,0,9,101,0,110,44,0,44,154
07/04/2020,UES,WI,AGL,CE,Federal Contract Tower,0,2,9,0,11,0,0,78,0,78,0,2,87,0,89,36,0,36,125
07/05/2020,UES,WI,AGL,CE,Federal Contract Tower,0,1,19,0,20,0,2,60,0,62,0,3,79,0,82,104,0,104,186
07/06/2020,UES,WI,AGL,CE,Federal Contract Tower,0,10,9,0,19,0,4,90,0,94,0,14,99,0,113,106,0,106,219
07/07/2020,UES,WI,AGL,CE,Federal Contract Tower,0,6,18,0,24,0,0,19,2,21,0,6,37,2,45,34,4,38,83
07/08/2020,UES,WI,AGL,CE,Federal Contract Tower,0,9,18,0,27,0,0,75,0,75,0,9,93,0,102,52,0,52,154
07/09/2020,UES,WI,AGL,CE,Federal Contract Tower,0,14,25,0,39,0,0,44,0,44,0,14,69,0,83,104,0,104,187
07/10/2020,UES,WI,AGL,CE,Federal Contract Tower,0,11,17,0,28,0,3,38,0,41,0,14,55,0,69,86,0,86,155
07/11/2020,UES,WI,AGL,CE,Federal Contract Tower,0,5,14,0,19,0,2,86,0,88,0,7,100,0,107,110,0,110,217
07/12/2020,UES,WI,AGL,CE,Federal Contract Tower,0,4,15,0,19,0,0,85,0,85,0,4,100,0,104,102,0,102,206
07/13/2020,UES,WI,AGL,CE,Federal Contract Tower,0,7,16,0,23,0,4,96,0,100,0,11,112,0,123,90,0,90,213
07/14/2020,UES,WI,AGL,CE,Federal Contract Tower,0,9,18,0,27,0,1,96,0,97,0,10,114,0,124,128,0,128,252
07/15/2020,UES,WI,AGL,CE,Federal Contract Tower,0,3,14,0,17,0,0,29,0,29,0,3,43,0,46,28,0,28,74
07/16/2020,UES,WI,AGL,CE,Federal Contract Tower,0,7,32,0,39,0,2,109,0,111,0,9,141,0,150,132,0,132,282
07/17/2020,UES,WI,AGL,CE,Federal Contract Tower,0,7,16,0,23,0,4,107,0,111,0,11,123,0,134,126,0,126,260
07/18/2020,UES,WI,AGL,CE,Federal Contract Tower,0,4,13,0,17,0,0,28,0,28,0,4,41,0,45,48,0,48,93
07/19/2020,UES,WI,AGL,CE,Federal Contract Tower,0,12,18,0,30,0,2,83,0,85,0,14,101,0,115,28,0,28,143
07/20/2020,UES,WI,AGL,CE,Federal Contract Tower,0,5,21,0,26,0,2,105,0,107,0,7,126,0,133,148,0,148,281
07/21/2020,UES,WI,AGL,CE,Federal Contract Tower,0,3,15,0,18,0,2,60,0,62,0,5,75,0,80,82,0,82,162
07/22/2020,UES,WI,AGL,CE,Federal Contract Tower,0,6,27,0,33,0,0,85,0,85,0,6,112,0,118,80,0,80,198
07/23/2020,UES,WI,AGL,CE,Federal Contract Tower,0,6,36,0,42,0,4,90,0,94,0,10,126,0,136,156,0,156,292
07/24/2020,UES,WI,AGL,CE,Federal Contract Tower,0,5,13,0,18,0,2,148,0,150,0,7,161,0,168,231,0,231,399
07/25/2020,UES,WI,AGL,CE,Federal Contract Tower,0,4,15,0,19,0,2,84,0,86,0,6,99,0,105,102,0,102,207
07/26/2020,UES,WI,AGL,CE,Federal Contract Tower,0,5,17,0,22,0,0,36,0,36,0,5,53,0,58,14,0,14,72
07/27/2020,UES,WI,AGL,CE,Federal Contract Tower,0,11,17,0,28,0,4,80,0,84,0,15,97,0,112,88,0,88,200
07/28/2020,UES,WI,AGL,CE,Federal Contract Tower,0,6,19,2,27,0,2,73,2,77,0,8,92,4,104,126,0,126,230
07/29/2020,UES,WI,AGL,CE,Federal Contract Tower,0,8,30,2,40,0,5,160,0,165,0,13,190,2,205,144,4,148,353
07/30/2020,UES,WI,AGL,CE,Federal Contract Tower,0,6,16,0,22,0,4,97,0,101,0,10,113,0,123,174,0,174,297
07/31/2020,UES,WI,AGL,CE,Federal Contract Tower,0,4,17,0,21,0,2,116,0,118,0,6,133,0,139,144,0,144,283
08/01/2020,UES,WI,AGL,CE,Federal Contract Tower,0,3,21,0,24,0,7,72,0,79,0,10,93,0,103,72,0,72,175
08/02/2020,UES,WI,AGL,CE,Federal Contract Tower,0,10,17,0,27,0,0,66,0,66,0,10,83,0,93,142,0,142,235
08/03/2020,UES,WI,AGL,CE,Federal Contract Tower,0,7,9,0,16,0,5,35,2,42,0,12,44,2,58,0,0,0,58
08/04/2020,UES,WI,AGL,CE,Federal Contract Tower,0,8,18,0,26,0,2,94,0,96,0,10,112,0,122,74,0,74,196
08/05/2020,UES,WI,AGL,CE,Federal Contract Tower,0,11,26,0,37,0,1,129,0,130,0,12,155,0,167,172,0,172,339
08/06/2020,UES,WI,AGL,CE,Federal Contract Tower,0,7,14,0,21,0,7,138,0,145,0,14,152,0,166,138,0,138,304
08/07/2020,UES,WI,AGL,CE,Federal Contract Tower,0,3,19,0,22,0,5,86,0,91,0,8,105,0,113,100,0,100,213
08/08/2020,UES,WI,AGL,CE,Federal Contract Tower,0,0,5,0,5,0,1,44,0,45,0,1,49,0,50,16,0,16,66
08/09/2020,UES,WI,AGL,CE,Federal Contract Tower,0,4,19,0,23,0,0,0,0,0,0,4,19,0,23,28,0,28,51
08/10/2020,UES,WI,AGL,CE,Federal Contract Tower,0,1,15,0,16,0,2,3,0,5,0,3,18,0,21,18,0,18,39
08/11/2020,UES,WI,AGL,CE,Federal Contract Tower,0,3,7,0,10,0,4,136,0,140,0,7,143,0,150,158,0,158,308
08/13/2020,UES,WI,AGL,CE,Federal Contract Tower,0,5,11,0,16,0,2,100,0,102,0,7,111,0,118,96,0,96,214
08/14/2020,UES,WI,AGL,CE,Federal Contract Tower,0,6,29,0,35,0,4,115,0,119,0,10,144,0,154,110,0,110,264
08/15/2020,UES,WI,AGL,CE,Federal Contract Tower,0,2,10,0,12,0,0,61,0,61,0,2,71,0,73,70,0,70,143
08/16/2020,UES,WI,AGL,CE,Federal Contract Tower,0,4,13,0,17,0,6,128,0,134,0,10,141,0,151,104,0,104,255
08/17/2020,UES,WI,AGL,CE,Federal Contract Tower,0,6,15,0,21,0,1,65,0,66,0,7,80,0,87,98,0,98,185
08/18/2020,UES,WI,AGL,CE,Federal Contract Tower,0,3,9,0,12,0,1,49,0,50,0,4,58,0,62,28,0,28,90
08/19/2020,UES,WI,AGL,CE,Federal Contract Tower,0,5,23,0,28,0,2,74,0,76,0,7,97,0,104,64,0,64,168
08/20/2020,UES,WI,AGL,CE,Federal Contract Tower,0,5,16,0,21,0,2,44,0,46,0,7,60,0,67,24,0,24,91
08/21/2020,UES,WI,AGL,CE,Federal Contract Tower,0,2,34,0,36,0,4,105,0,109,0,6,139,0,145,75,0,75,220
08/22/2020,UES,WI,AGL,CE,Federal Contract Tower,0,1,20,0,21,0,4,101,0,105,0,5,121,0,126,100,0,100,226
08/23/2020,UES,WI,AGL,CE,Federal Contract Tower,0,6,20,0,26,0,6,121,0,127,0,12,141,0,153,124,0,124,277
08/24/2020,UES,WI,AGL,CE,Federal Contract Tower,0,1,8,0,9,0,4,91,2,97,0,5,99,2,106,186,8,194,300
08/25/2020,UES,WI,AGL,CE,Federal Contract Tower,0,6,17,0,23,0,2,39,0,41,0,8,56,0,64,50,0,50,114
08/26/2020,UES,WI,AGL,CE,Federal Contract Tower,0,2,29,0,31,0,1,89,0,90,0,3,118,0,121,78,8,86,207
08/27/2020,UES,WI,AGL,CE,Federal Contract Tower,0,6,20,0,26,0,0,66,0,66,0,6,86,0,92,128,0,128,220
08/28/2020,UES,WI,AGL,CE,Federal Contract Tower,0,3,14,0,17,0,2,30,0,32,0,5,44,0,49,44,0,44,93
08/29/2020,UES,WI,AGL,CE,Federal Contract Tower,0,2,20,0,22,0,6,84,0,90,0,8,104,0,112,94,0,94,206
08/30/2020,UES,WI,AGL,CE,Federal Contract Tower,0,6,16,0,22,0,2,152,0,154,0,8,168,0,176,128,0,128,304
08/31/2020,UES,WI,AGL,CE,Federal Contract Tower,0,3,7,0,10,0,2,41,0,43,0,5,48,0,53,86,0,86,139
09/01/2020,UES,WI,AGL,CE,Federal Contract Tower,0,9,17,0,26,0,2,85,0,87,0,11,102,0,113,132,0,132,245
09/02/2020,UES,WI,AGL,CE,Federal Contract Tower,0,3,13,0,16,0,0,73,0,73,0,3,86,0,89,54,0,54,143
09/03/2020,UES,WI,AGL,CE,Federal Contract Tower,0,8,15,0,23,0,5,39,0,44,0,13,54,0,67,12,0,12,79
09/04/2020,UES,WI,AGL,CE,Federal Contract Tower,0,4,17,0,21,0,1,62,0,63,0,5,79,0,84,54,0,54,138
09/05/2020,UES,WI,AGL,CE,Federal Contract Tower,0,3,9,0,12,0,5,105,0,110,0,8,114,0,122,68,0,68,190
09/06/2020,UES,WI,AGL,CE,Federal Contract Tower,0,2,7,0,9,0,0,10,0,10,0,2,17,0,19,0,0,0,19
09/07/2020,UES,WI,AGL,CE,Federal Contract Tower,0,6,14,0,20,0,4,95,0,99,0,10,109,0,119,86,0,86,205
09/08/2020,UES,WI,AGL,CE,Federal Contract Tower,0,10,12,0,22,0,0,2,0,2,0,10,14,0,24,0,0,0,24
09/09/2020,UES,WI,AGL,CE,Federal Contract Tower,0,8,18,0,26,0,0,0,0,0,0,8,18,0,26,0,0,0,26
09/10/2020,UES,WI,AGL,CE,Federal Contract Tower,0,8,31,0,39,0,0,0,0,0,0,8,31,0,39,0,0,0,39
09/11/2020,UES,WI,AGL,CE,Federal Contract Tower,0,8,27,0,35,0,0,25,0,25,0,8,52,0,60,54,0,54,114
09/12/2020,UES,WI,AGL,CE,Federal Contract Tower,0,4,20,0,24,0,0,1,0,1,0,4,21,0,25,0,0,0,25
09/13/2020,UES,WI,AGL,CE,Federal Contract Tower,0,6,23,0,29,0,4,79,0,83,0,10,102,0,112,56,0,56,168
09/14/2020,UES,WI,AGL,CE,Federal Contract Tower,0,13,23,0,36,0,2,70,0,72,0,15,93,0,108,94,0,94,202
09/15/2020,UES,WI,AGL,CE,Federal Contract Tower,0,12,19,0,31,0,4,76,0,80,0,16,95,0,111,96,0,96,207
09/16/2020,UES,WI,AGL,CE,Federal Contract Tower,0,6,26,0,32,0,1,75,0,76,0,7,101,0,108,101,0,101,209
09/17/2020,UES,WI,AGL,CE,Federal Contract Tower,0,7,17,0,24,0,4,123,0,127,0,11,140,0,151,176,2,178,329
09/18/2020,UES,WI,AGL,CE,Federal Contract Tower,0,4,15,0,19,0,1,95,0,96,0,5,110,0,115,166,0,166,281
09/19/2020,UES,WI,AGL,CE,Federal Contract Tower,0,0,22,0,22,0,5,133,0,138,0,5,155,0,160,164,0,164,324
09/20/2020,UES,WI,AGL,CE,Federal Contract Tower,0,5,14,0,19,0,2,95,0,97,0,7,109,0,116,58,0,58,174
09/21/2020,UES,WI,AGL,CE,Federal Contract Tower,0,3,13,0,16,0,2,91,2,95,0,5,104,2,111,108,0,108,219
09/22/2020,UES,WI,AGL,CE,Federal Contract Tower,0,7,14,0,21,0,8,103,0,111,0,15,117,0,132,88,0,88,220
09/23/2020,UES,WI,AGL,CE,Federal Contract Tower,0,6,13,2,21,0,2,114,0,116,0,8,127,2,137,160,0,160,297
09/24/2020,UES,WI,AGL,CE,Federal Contract Tower,0,6,22,3,31,0,7,84,1,92,0,13,106,4,123,82,0,82,205
09/25/2020,UES,WI,AGL,CE,Federal Contract Tower,0,9,21,0,30,0,2,69,0,71,0,11,90,0,101,44,0,44,145
09/26/2020,UES,WI,AGL,CE,Federal Contract Tower,0,6,11,0,17,0,2,74,0,76,0,8,85,0,93,30,0,30,123
09/27/2020,UES,WI,AGL,CE,Federal Contract Tower,0,4,13,0,17,0,2,57,0,59,0,6,70,0,76,66,0,66,142
09/28/2020,UES,WI,AGL,CE,Federal Contract Tower,0,2,20,0,22,0,2,15,0,17,0,4,35,0,39,20,0,20,59
09/29/2020,UES,WI,AGL,CE,Federal Contract Tower,0,4,23,0,27,0,2,27,0,29,0,6,50,0,56,118,0,118,174
09/30/2020,UES,WI,AGL,CE,Federal Contract Tower,0,5,20,0,25,0,4,26,0,30,0,9,46,0,55,28,0,28,83
10/01/2020,UES,WI,AGL,CE,Federal Contract Tower,0,12,43,0,55,0,6,3,0,9,0,18,46,0,64,26,0,26,90
10/02/2020,UES,WI,AGL,CE,Federal Contract Tower,0,9,22,0,31,0,3,113,0,116,0,12,135,0,147,146,2,148,295
10/03/2020,UES,WI,AGL,CE,Federal Contract Tower,0,3,16,0,19,0,0,31,0,31,0,3,47,0,50,32,0,32,82
10/05/2020,UES,WI,AGL,CE,Federal Contract Tower,0,1,16,0,17,0,2,47,0,49,0,3,63,0,66,32,0,32,98
10/06/2020,UES,WI,AGL,CE,Federal Contract Tower,0,13,11,0,24,0,2,98,0,100,0,15,109,0,124,112,0,112,236
10/07/2020,UES,WI,AGL,CE,Federal Contract Tower,0,3,15,0,18,0,0,61,0,61,0,3,76,0,79,94,0,94,173
10/08/2020,UES,WI,AGL,CE,Federal Contract Tower,0,4,15,0,19,0,2,126,0,128,0,6,141,0,147,126,0,126,273
10/09/2020,UES,WI,AGL,CE,Federal Contract Tower,0,7,3,0,10,0,2,23,0,25,0,9,26,0,35,14,0,14,49
10/10/2020,UES,WI,AGL,CE,Federal Contract Tower,0,2,16,0,18,0,1,117,0,118,0,3,133,0,136,142,0,142,278
10/11/2020,UES,WI,AGL,CE,Federal Contract Tower,0,0,18,0,18,0,6,49,0,55,0,6,67,0,73,20,0,20,93
10/12/2020,UES,WI,AGL,CE,Federal Contract Tower,0,1,14,0,15,0,0,3,0,3,0,1,17,0,18,0,0,0,18
10/13/2020,UES,WI,AGL,CE,Federal Contract Tower,0,3,17,0,20,0,0,18,0,18,0,3,35,0,38,10,0,10,48
10/14/2020,UES,WI,AGL,CE,Federal Contract Tower,0,5,13,0,18,0,1,38,0,39,0,6,51,0,57,46,0,46,103
10/15/2020,UES,WI,AGL,CE,Federal Contract Tower,0,6,10,0,16,0,6,63,0,69,0,12,73,0,85,80,0,80,165
10/16/2020,UES,WI,AGL,CE,Federal Contract Tower,0,5,11,0,16,0,7,78,1,86,0,12,89,1,102,104,0,104,206
10/17/2020,UES,WI,AGL,CE,Federal Contract Tower,0,1,11,0,12,0,1,10,0,11,0,2,21,0,23,22,0,22,45
10/18/2020,UES,WI,AGL,CE,Federal Contract Tower,0,4,17,0,21,0,2,36,0,38,0,6,53,0,59,22,0,22,81
10/19/2020,UES,WI,AGL,CE,Federal Contract Tower,0,5,17,0,22,0,0,102,0,102,0,5,119,0,124,148,0,148,272
10/20/2020,UES,WI,AGL,CE,Federal Contract Tower,0,16,17,0,33,0,0,41,2,43,0,16,58,2,76,76,0,76,152
10/21/2020,UES,WI,AGL,CE,Federal Contract Tower,0,13,12,0,25,0,3,96,0,99,0,16,108,0,124,204,0,204,328
10/22/2020,UES,WI,AGL,CE,Federal Contract Tower,0,8,26,0,34,0,0,0,0,0,0,8,26,0,34,0,0,0,34
10/23/2020,UES,WI,AGL,CE,Federal Contract Tower,0,7,18,0,25,0,1,0,0,1,0,8,18,0,26,0,0,0,26
10/24/2020,UES,WI,AGL,CE,Federal Contract Tower,0,8,12,0,20,0,0,60,0,60,0,8,72,0,80,41,0,41,121
10/25/2020,UES,WI,AGL,CE,Federal Contract Tower,0,6,23,0,29,0,2,32,0,34,0,8,55,0,63,62,0,62,125
10/26/2020,UES,WI,AGL,CE,Federal Contract Tower,0,13,16,0,29,0,4,44,0,48,0,17,60,0,77,72,0,72,149
10/27/2020,UES,WI,AGL,CE,Federal Contract Tower,0,8,20,0,28,0,4,73,0,77,0,12,93,0,105,88,0,88,193
10/28/2020,UES,WI,AGL,CE,Federal Contract Tower,0,6,21,0,27,0,3,107,0,110,0,9,128,0,137,118,0,118,255
10/29/2020,UES,WI,AGL,CE,Federal Contract Tower,0,10,21,0,31,0,1,26,1,28,0,11,47,1,59,30,2,32,91
10/30/2020,UES,WI,AGL,CE,Federal Contract Tower,0,3,28,0,31,0,1,93,0,94,0,4,121,0,125,90,0,90,215
10/31/2020,UES,WI,AGL,CE,Federal Contract Tower,0,2,8,0,10,0,7,38,0,45,0,9,46,0,55,10,0,10,65
11/01/2020,UES,WI,AGL,CE,Federal Contract Tower,0,3,11,0,14,0,0,10,0,10,0,3,21,0,24,22,0,22,46
11/02/2020,UES,WI,AGL,CE,Federal Contract Tower,0,4,3,0,7,0,5,25,0,30,0,9,28,0,37,12,0,12,49
11/03/2020,UES,WI,AGL,CE,Federal Contract Tower,0,2,16,2,20,0,4,73,0,77,0,6,89,2,97,74,0,74,171
11/04/2020,UES,WI,AGL,CE,Federal Contract Tower,0,6,8,0,14,0,1,50,0,51,0,7,58,0,65,62,0,62,127
11/05/2020,UES,WI,AGL,CE,Federal Contract Tower,0,9,12,0,21,0,2,81,0,83,0,11,93,0,104,202,0,202,306
11/06/2020,UES,WI,AGL,CE,Federal Contract Tower,0,4,16,0,20,0,2,99,0,101,0,6,115,0,121,140,0,140,261
11/07/2020,UES,WI,AGL,CE,Federal Contract Tower,0,2,16,0,18,0,3,42,0,45,0,5,58,0,63,74,0,74,137
11/08/2020,UES,WI,AGL,CE,Federal Contract Tower,0,2,10,0,12,0,1,65,0,66,0,3,75,0,78,84,0,84,162
11/09/2020,UES,WI,AGL,CE,Federal Contract Tower,0,0,12,0,12,0,3,19,0,22,0,3,31,0,34,16,0,16,50
11/10/2020,UES,WI,AGL,CE,Federal Contract Tower,0,8,6,0,14,0,0,0,0,0,0,8,6,0,14,0,0,0,14
11/11/2020,UES,WI,AGL,CE,Federal Contract Tower,0,7,19,0,26,0,2,76,0,78,0,9,95,0,104,170,0,170,274
11/12/2020,UES,WI,AGL,CE,Federal Contract Tower,0,11,11,2,24,0,3,72,0,75,0,14,83,2,99,190,0,190,289
11/13/2020,UES,WI,AGL,CE,Federal Contract Tower,0,4,20,0,24,0,4,71,0,75,0,8,91,0,99,86,0,86,185
11/14/2020,UES,WI,AGL,CE,Federal Contract Tower,0,7,3,0,10,0,2,23,0,25,0,9,26,0,35,50,0,50,85
11/15/2020,UES,WI,AGL,CE,Federal Contract Tower,0,5,7,0,12,0,0,0,0,0,0,5,7,0,12,0,0,0,12
11/16/2020,UES,WI,AGL,CE,Federal Contract Tower,0,5,19,0,24,0,2,78,0,80,0,7,97,0,104,112,0,112,216
11/17/2020,UES,WI,AGL,CE,Federal Contract Tower,0,4,11,0,15,0,3,57,0,60,0,7,68,0,75,98,0,98,173
11/18/2020,UES,WI,AGL,CE,Federal Contract Tower,0,1,13,0,14,0,1,39,0,40,0,2,52,0,54,66,0,66,120
11/19/2020,UES,WI,AGL,CE,Federal Contract Tower,0,7,8,0,15,0,0,24,0,24,0,7,32,0,39,6,0,6,45
11/20/2020,UES,WI,AGL,CE,Federal Contract Tower,0,6,11,0,17,0,2,56,0,58,0,8,67,0,75,68,0,68,143
11/21/2020,UES,WI,AGL,CE,Federal Contract Tower,0,0,18,0,18,0,3,99,0,102,0,3,117,0,120,158,0,158,278
11/22/2020,UES,WI,AGL,CE,Federal Contract Tower,0,6,6,0,12,0,4,79,0,83,0,10,85,0,95,112,0,112,207
11/23/2020,UES,WI,AGL,CE,Federal Contract Tower,0,8,12,0,20,0,4,68,0,72,0,12,80,0,92,80,0,80,172
11/24/2020,UES,WI,AGL,CE,Federal Contract Tower,0,4,1,0,5,0,0,0,0,0,0,4,1,0,5,0,0,0,5
11/25/2020,UES,WI,AGL,CE,Federal Contract Tower,0,4,5,0,9,0,0,0,0,0,0,4,5,0,9,0,0,0,9
11/26/2020,UES,WI,AGL,CE,Federal Contract Tower,0,0,4,0,4,0,0,5,0,5,0,0,9,0,9,0,0,0,9
11/27/2020,UES,WI,AGL,CE,Federal Contract Tower,0,1,15,0,16,0,0,38,0,38,0,1,53,0,54,120,0,120,174
11/28/2020,UES,WI,AGL,CE,Federal Contract Tower,0,7,13,0,20,0,2,87,0,89,0,9,100,0,109,130,0,130,239
11/29/2020,UES,WI,AGL,CE,Federal Contract Tower,0,10,18,0,28,0,4,74,0,78,0,14,92,0,106,82,0,82,188
11/30/2020,UES,WI,AGL,CE,Federal Contract Tower,0,1,15,0,16,0,2,18,0,20,0,3,33,0,36,0,0,0,36
12/01/2020,UES,WI,AGL,CE,Federal Contract Tower,0,9,6,0,15,0,4,77,0,81,0,13,83,0,96,120,0,120,216
12/02/2020,UES,WI,AGL,CE,Federal Contract Tower,0,9,19,2,30,0,2,108,0,110,0,11,127,2,140,140,0,140,280
12/03/2020,UES,WI,AGL,CE,Federal Contract Tower,0,13,9,0,22,0,0,47,0,47,0,13,56,0,69,58,4,62,131
12/04/2020,UES,WI,AGL,CE,Federal Contract Tower,0,5,18,0,23,0,5,89,0,94,0,10,107,0,117,178,0,178,295
12/05/2020,UES,WI,AGL,CE,Federal Contract Tower,0,4,5,0,9,0,6,78,0,84,0,10,83,0,93,204,0,204,297
12/06/2020,UES,WI,AGL,CE,Federal Contract Tower,0,5,10,0,15,0,2,45,0,47,0,7,55,0,62,190,0,190,252
12/07/2020,UES,WI,AGL,CE,Federal Contract Tower,0,5,8,0,13,0,6,23,0,29,0,11,31,0,42,74,0,74,116
12/08/2020,UES,WI,AGL,CE,Federal Contract Tower,0,3,14,0,17,0,3,33,0,36,0,6,47,0,53,36,0,36,89
12/09/2020,UES,WI,AGL,CE,Federal Contract Tower,0,1,15,0,16,0,3,119,0,122,0,4,134,0,138,144,0,144,282
12/10/2020,UES,WI,AGL,CE,Federal Contract Tower,0,4,9,0,13,0,2,165,2,169,0,6,174,2,182,228,6,234,416
12/11/2020,UES,WI,AGL,CE,Federal Contract Tower,0,5,8,0,13,0,0,1,0,1,0,5,9,0,14,0,0,0,14
12/12/2020,UES,WI,AGL,CE,Federal Contract Tower,0,6,2,0,8,0,0,1,0,1,0,6,3,0,9,0,0,0,9
12/13/2020,UES,WI,AGL,CE,Federal Contract Tower,0,3,15,0,18,0,0,28,0,28,0,3,43,0,46,86,0,86,132
12/14/2020,UES,WI,AGL,CE,Federal Contract Tower,0,4,17,0,21,0,4,64,0,68,0,8,81,0,89,156,0,156,245
12/15/2020,UES,WI,AGL,CE,Federal Contract Tower,0,4,10,2,16,0,3,49,0,52,0,7,59,2,68,148,0,148,216
12/16/2020,UES,WI,AGL,CE,Federal Contract Tower,0,5,14,0,19,0,2,38,0,40,0,7,52,0,59,142,4,146,205
12/17/2020,UES,WI,AGL,CE,Federal Contract Tower,0,5,14,0,19,0,5,68,4,77,0,10,82,4,96,142,0,142,238
12/18/2020,UES,WI,AGL,CE,Federal Contract Tower,0,11,15,0,26,0,1,44,0,45,0,12,59,0,71,122,0,122,193
12/19/2020,UES,WI,AGL,CE,Federal Contract Tower,0,6,12,0,18,0,0,1,0,1,0,6,13,0,19,0,0,0,19
12/20/2020,UES,WI,AGL,CE,Federal Contract Tower,0,6,14,0,20,0,1,66,0,67,0,7,80,0,87,80,0,80,167
12/21/2020,UES,WI,AGL,CE,Federal Contract Tower,0,3,7,0,10,0,3,18,0,21,0,6,25,0,31,34,0,34,65
12/22/2020,UES,WI,AGL,CE,Federal Contract Tower,0,2,25,0,27,0,2,86,0,88,0,4,111,0,115,202,0,202,317
12/23/2020,UES,WI,AGL,CE,Federal Contract Tower,0,9,11,0,20,0,0,8,0,8,0,9,19,0,28,0,0,0,28
12/24/2020,UES,WI,AGL,CE,Federal Contract Tower,0,4,11,0,15,0,2,3,0,5,0,6,14,0,20,10,0,10,30
12/25/2020,UES,WI,AGL,CE,Federal Contract Tower,0,7,2,0,9,0,4,5,0,9,0,11,7,0,18,16,0,16,34
12/26/2020,UES,WI,AGL,CE,Federal Contract Tower,0,5,14,0,19,0,6,59,0,65,0,11,73,0,84,200,0,200,284
12/27/2020,UES,WI,AGL,CE,Federal Contract Tower,0,5,22,0,27,0,4,12,0,16,0,9,34,0,43,38,0,38,81
12/28/2020,UES,WI,AGL,CE,Federal Contract Tower,0,2,20,0,22,0,4,80,0,84,0,6,100,0,106,110,0,110,216
12/29/2020,UES,WI,AGL,CE,Federal Contract Tower,0,2,3,0,5,0,2,47,0,49,0,4,50,0,54,52,0,52,106
12/30/2020,UES,WI,AGL,CE,Federal Contract Tower,0,0,9,0,9,0,9,2,0,11,0,9,11,0,20,6,0,6,26
12/31/2020,UES,WI,AGL,CE,Federal Contract Tower,0,7,9,0,16,0,0,12,0,12,0,7,21,0,28,42,0,42,70
01/01/2021,UES,WI,AGL,CE,Federal Contract Tower,0,2,1,0,3,0,0,2,0,2,0,2,3,0,5,0,0,0,5
01/02/2021,UES,WI,AGL,CE,Federal Contract Tower,0,11,20,0,31,0,0,0,0,0,0,11,20,0,31,0,0,0,31
01/05/2021,UES,WI,AGL,CE,Federal Contract Tower,0,1,6,0,7,0,0,0,0,0,0,1,6,0,7,0,0,0,7
01/06/2021,UES,WI,AGL,CE,Federal Contract Tower,0,2,18,0,20,0,0,0,0,0,0,2,18,0,20,0,0,0,20
01/07/2021,UES,WI,AGL,CE,Federal Contract Tower,0,6,14,0,20,0,0,22,0,22,0,6,36,0,42,78,0,78,120
01/08/2021,UES,WI,AGL,CE,Federal Contract Tower,0,6,21,0,27,0,2,4,0,6,0,8,25,0,33,66,0,66,99
01/09/2021,UES,WI,AGL,CE,Federal Contract Tower,0,8,7,0,15,0,2,59,0,61,0,10,66,0,76,124,0,124,200
01/10/2021,UES,WI,AGL,CE,Federal Contract Tower,0,3,16,0,19,0,0,21,0,21,0,3,37,0,40,138,0,138,178
01/11/2021,UES,WI,AGL,CE,Federal Contract Tower,0,2,18,0,20,0,0,4,0,4,0,2,22,0,24,30,0,30,54
01/12/2021,UES,WI,AGL,CE,Federal Contract Tower,0,0,6,0,6,0,0,12,0,12,0,0,18,0,18,14,0,14,32
01/13/2021,UES,WI,AGL,CE,Federal Contract Tower,0,4,14,0,18,0,1,96,0,97,0,5,110,0,115,134,0,134,249
01/14/2021,UES,WI,AGL,CE,Federal Contract Tower,0,5,17,0,22,0,2,18,0,20,0,7,35,0,42,98,0,98,140
01/15/2021,UES,WI,AGL,CE,Federal Contract Tower,0,4,15,0,19,0,4,6,0,10,0,8,21,0,29,12,0,12,41
01/16/2021,UES,WI,AGL,CE,Federal Contract Tower,0,0,15,1,16,0,1,0,0,1,0,1,15,1,17,0,0,0,17
01/17/2021,UES,WI,AGL,CE,Federal Contract Tower,0,9,13,0,22,0,0,3,0,3,0,9,16,0,25,0,0,0,25
01/18/2021,UES,WI,AGL,CE,Federal Contract Tower,0,17,9,0,26,0,2,58,0,60,0,19,67,0,86,100,0,100,186
01/19/2021,UES,WI,AGL,CE,Federal Contract Tower,0,1,23,0,24,0,4,40,0,44,0,5,63,0,68,48,0,48,116
01/20/2021,UES,WI,AGL,CE,Federal Contract Tower,0,8,10,0,18,0,2,40,0,42,0,10,50,0,60,28,0,28,88
01/21/2021,UES,WI,AGL,CE,Federal Contract Tower,0,6,8,0,14,0,4,55,0,59,0,10,63,0,73,42,0,42,115
01/22/2021,UES,WI,AGL,CE,Federal Contract Tower,0,3,20,0,23,0,1,67,0,68,0,4,87,0,91,92,0,92,183
01/23/2021,UES,WI,AGL,CE,Federal Contract Tower,0,5,11,0,16,3,95,0,0,98,3,100,11,0,114,126,0,126,240
01/24/2021,UES,WI,AGL,CE,Federal Contract Tower,0,6,17,0,23,0,0,2,0,2,0,6,19,0,25,0,0,0,25
01/25/2021,UES,WI,AGL,CE,Federal Contract Tower,0,3,19,0,22,0,0,8,0,8,0,3,27,0,30,2,0,2,32
01/26/2021,UES,WI,AGL,CE,Federal Contract Tower,0,8,3,0,11,0,2,0,0,2,0,10,3,0,13,0,0,0,13
01/27/2021,UES,WI,AGL,CE,Federal Contract Tower,0,9,17,0,26,0,2,56,0,58,0,11,73,0,84,104,0,104,188
01/28/2021,UES,WI,AGL,CE,Federal Contract Tower,0,10,12,0,22,0,2,57,0,59,0,12,69,0,81,72,0,72,153
01/29/2021,UES,WI,AGL,CE,Federal Contract Tower,0,6,16,0,22,0,2,108,0,110,0,8,124,0,132,146,0,146,278
01/30/2021,UES,WI,AGL,CE,Federal Contract Tower,0,6,5,0,11,0,0,26,0,26,0,6,31,0,37,32,0,32,69
01/31/2021,UES,WI,AGL,CE,Federal Contract Tower,0,7,7,0,14,0,0,0,0,0,0,7,7,0,14,0,0,0,14
02/01/2021,UES,WI,AGL,CE,Federal Contract Tower,0,6,19,0,25,0,5,84,0,89,0,11,103,0,114,132,0,132,246
02/02/2021,UES,WI,AGL,CE,Federal Contract Tower,0,9,14,0,23,0,2,48,0,50,0,11,62,0,73,72,0,72,145
02/03/2021,UES,WI,AGL,CE,Federal Contract Tower,0,14,20,0,34,0,3,132,0,135,0,17,152,0,169,168,10,178,347
02/04/2021,UES,WI,AGL,CE,Federal Contract Tower,0,2,4,0,6,0,0,0,0,0,0,2,4,0,6,0,0,0,6
02/05/2021,UES,WI,AGL,CE,Federal Contract Tower,0,3,14,0,17,0,1,1,0,2,0,4,15,0,19,0,0,0,19
02/06/2021,UES,WI,AGL,CE,Federal Contract Tower,0,4,8,0,12,0,0,15,0,15,0,4,23,0,27,18,0,18,45
02/07/2021,UES,WI,AGL,CE,Federal Contract Tower,0,4,10,0,14,0,4,5,0,9,0,8,15,0,23,4,0,4,27
02/08/2021,UES,WI,AGL,CE,Federal Contract Tower,0,13,12,0,25,0,4,16,0,20,0,17,28,0,45,28,0,28,73
02/09/2021,UES,WI,AGL,CE,Federal Contract Tower,0,14,17,0,31,0,0,19,2,21,0,14,36,2,52,24,0,24,76
02/10/2021,UES,WI,AGL,CE,Federal Contract Tower,0,4,16,0,20,0,2,27,0,29,0,6,43,0,49,10,0,10,59
02/11/2021,UES,WI,AGL,CE,Federal Contract Tower,0,6,10,0,16,0,0,27,0,27,0,6,37,0,43,6,0,6,49
02/12/2021,UES,WI,AGL,CE,Federal Contract Tower,0,8,19,0,27,0,1,27,0,28,0,9,46,0,55,8,0,8,63
02/13/2021,UES,WI,AGL,CE,Federal Contract Tower,0,8,5,0,13,0,0,1,0,1,0,8,6,0,14,0,0,0,14
02/14/2021,UES,WI,AGL,CE,Federal Contract Tower,0,3,11,0,14,0,0,4,0,4,0,3,15,0,18,0,0,0,18
02/15/2021,UES,WI,AGL,CE,Federal Contract Tower,0,9,14,0,23,0,2,8,0,10,0,11,22,0,33,0,0,0,33
02/16/2021,UES,WI,AGL,CE,Federal Contract Tower,0,3,11,0,14,0,5,20,0,25,0,8,31,0,39,0,0,0,39
02/17/2021,UES,WI,AGL,CE,Federal Contract Tower,0,8,14,0,22,0,2,36,0,38,0,10,50,0,60,54,0,54,114
02/18/2021,UES,WI,AGL,CE,Federal Contract Tower,0,5,18,0,23,0,6,45,0,51,0,11,63,0,74,78,0,78,152
02/19/2021,UES,WI,AGL,CE,Federal Contract Tower,0,12,25,0,37,0,4,65,0,69,0,16,90,0,106,156,0,156,262
02/20/2021,UES,WI,AGL,CE,Federal Contract Tower,0,0,21,0,21,0,6,77,0,83,0,6,98,0,104,102,0,102,206
02/21/2021,UES,WI,AGL,CE,Federal Contract Tower,0,9,14,0,23,0,0,20,0,20,0,9,34,0,43,24,0,24,67
02/22/2021,UES,WI,AGL,CE,Federal Contract Tower,0,7,15,0,22,0,0,16,0,16,0,7,31,0,38,10,0,10,48
02/23/2021,UES,WI,AGL,CE,Federal Contract Tower,0,6,19,0,25,0,4,98,0,102,0,10,117,0,127,120,0,120,247
02/24/2021,UES,WI,AGL,CE,Federal Contract Tower,0,6,24,0,30,0,4,53,0,57,0,10,77,0,87,76,0,76,163
02/25/2021,UES,WI,AGL,CE,Federal Contract Tower,0,8,19,0,27,0,3,123,0,126,0,11,142,0,153,88,0,88,241
02/26/2021,UES,WI,AGL,CE,Federal Contract Tower,0,9,10,0,19,0,4,47,0,51,0,13,57,0,70,104,0,104,174
02/27/2021,UES,WI,AGL,CE,Federal Contract Tower,0,5,13,0,18,0,4,116,0,120,0,9,129,0,138,150,0,150,288
02/28/2021,UES,WI,AGL,CE,Federal Contract Tower,0,7,27,0,34,0,0,0,0,0,0,7,27,0,34,0,0,0,34
03/01/2021,UES,WI,AGL,CE,Federal Contract Tower,0,3,18,0,21,0,0,46,0,46,0,3,64,0,67,58,0,58,125
03/02/2021,UES,WI,AGL,CE,Federal Contract Tower,0,8,17,0,25,0,3,15,0,18,0,11,32,0,43,18,0,18,61
03/03/2021,UES,WI,AGL,CE,Federal Contract Tower,0,5,22,0,27,0,4,118,0,122,0,9,140,0,149,126,0,126,275
03/04/2021,UES,WI,AGL,CE,Federal Contract Tower,0,5,13,0,18,0,14,113,0,127,0,19,126,0,145,144,4,148,293
03/05/2021,UES,WI,AGL,CE,Federal Contract Tower,0,6,17,0,23,0,6,95,0,101,0,12,112,0,124,136,0,136,260
03/06/2021,UES,WI,AGL,CE,Federal Contract Tower,0,7,8,0,15,0,1,133,0,134,0,8,141,0,149,148,0,148,297
03/07/2021,UES,WI,AGL,CE,Federal Contract Tower,0,10,12,0,22,0,4,85,0,89,0,14,97,0,111,132,0,132,243
03/08/2021,UES,WI,AGL,CE,Federal Contract Tower,0,2,20,0,22,0,0,94,0,94,0,2,114,0,116,128,0,128,244
03/09/2021,UES,WI,AGL,CE,Federal Contract Tower,0,9,12,0,21,0,5,67,4,76,0,14,79,4,97,92,4,96,193
03/10/2021,UES,WI,AGL,CE,Federal Contract Tower,0,6,8,0,14,0,3,6,0,9,0,9,14,0,23,0,0,0,23
03/11/2021,UES,WI,AGL,CE,Federal Contract Tower,0,8,18,0,26,0,0,12,0,12,0,8,30,0,38,18,6,24,62
03/12/2021,UES,WI,AGL,CE,Federal Contract Tower,0,6,19,0,25,0,4,80,0,84,0,10,99,0,109,56,0,56,165
03/13/2021,UES,WI,AGL,CE,Federal Contract Tower,0,2,14,0,16,0,2,109,0,111,0,4,123,0,127,112,0,112,239
03/14/2021,UES,WI,AGL,CE,Federal Contract Tower,0,9,19,0,28,0,6,54,0,60,0,15,73,0,88,22,0,22,110
03/15/2021,UES,WI,AGL,CE,Federal Contract Tower,0,4,10,0,14,0,0,10,0,10,0,4,20,0,24,20,0,20,44
03/16/2021,UES,WI,AGL,CE,Federal Contract Tower,0,6,16,0,22,0,2,36,0,38,0,8,52,0,60,124,0,124,184
03/17/2021,UES,WI,AGL,CE,Federal Contract Tower,0,2,9,0,11,0,0,6,0,6,0,2,15,0,17,46,0,46,63
03/18/2021,UES,WI,AGL,CE,Federal Contract Tower,0,2,14,0,16,0,0,12,0,12,0,2,26,0,28,0,0,0,28
03/19/2021,UES,WI,AGL,CE,Federal Contract Tower,0,11,13,0,24,0,7,134,0,141,0,18,147,0,165,240,0,240,405
03/20/2021,UES,WI,AGL,CE,Federal Contract Tower,0,6,6,0,12,0,1,135,0,136,0,7,141,0,148,192,0,192,340
03/21/2021,UES,WI,AGL,CE,Federal Contract Tower,0,8,16,0,24,0,2,60,0,62,0,10,76,0,86,46,0,46,132
03/22/2021,UES,WI,AGL,CE,Federal Contract Tower,0,9,10,0,19,0,3,86,0,89,0,12,96,0,108,54,0,54,162
03/23/2021,UES,WI,AGL,CE,Federal Contract Tower,0,3,15,0,18,0,0,19,1,20,0,3,34,1,38,50,2,52,90
03/24/2021,UES,WI,AGL,CE,Federal Contract Tower,0,8,17,0,25,0,0,18,0,18,0,8,35,0,43,48,0,48,91
03/25/2021,UES,WI,AGL,CE,Federal Contract Tower,0,5,19,0,24,0,7,31,0,38,0,12,50,0,62,42,0,42,104
03/26/2021,UES,WI,AGL,CE,Federal Contract Tower,0,10,17,0,27,0,5,43,0,48,0,15,60,0,75,128,0,128,203
03/27/2021,UES,WI,AGL,CE,Federal Contract Tower,0,3,14,0,17,0,0,4,0,4,0,3,18,0,21,0,0,0,21
03/28/2021,UES,WI,AGL,CE,Federal Contract Tower,0,5,13,0,18,0,0,28,0,28,0,5,41,0,46,20,0,20,66
03/29/2021,UES,WI,AGL,CE,Federal Contract Tower,0,4,24,0,28,0,0,21,0,21,0,4,45,0,49,16,0,16,65
03/30/2021,UES,WI,AGL,CE,Federal Contract Tower,0,12,12,0,24,0,4,14,0,18,0,16,26,0,42,20,0,20,62
03/31/2021,UES,WI,AGL,CE,Federal Contract Tower,0,4,10,0,14,0,2,64,0,66,0,6,74,0,80,82,0,82,162
04/01/2021,UES,WI,AGL,CE,Federal Contract Tower,0,16,13,0,29,0,4,89,0,93,0,20,102,0,122,60,0,60,182
04/02/2021,UES,WI,AGL,CE,Federal Contract Tower,0,2,9,0,11,0,0,91,0,91,0,2,100,0,102,72,0,72,174
04/03/2021,UES,WI,AGL,CE,Federal Contract Tower,0,2,20,0,22,0,5,62,0,67,0,7,82,0,89,66,0,66,155
04/04/2021,UES,WI,AGL,CE,Federal Contract Tower,0,6,8,0,14,0,4,105,0,109,0,10,113,0,123,86,0,86,209
04/05/2021,UES,WI,AGL,CE,Federal Contract Tower,0,12,17,0,29,0,3,54,0,57,0,15,71,0,86,58,0,58,144
04/06/2021,UES,WI,AGL,CE,Federal Contract Tower,0,3,12,0,15,0,0,58,0,58,0,3,70,0,73,150,0,150,223
04/07/2021,UES,WI,AGL,CE,Federal Contract Tower,0,10,14,0,24,0,3,86,0,89,0,13,100,0,113,84,0,84,197
04/08/2021,UES,WI,AGL,CE,Federal Contract Tower,0,2,20,0,22,0,1,2,0,3,0,3,22,0,25,8,0,8,33
04/09/2021,UES,WI,AGL,CE,Federal Contract Tower,0,6,21,0,27,0,5,4,0,9,0,11,25,0,36,18,0,18,54
04/10/2021,UES,WI,AGL,CE,Federal Contract Tower,0,4,16,0,20,0,0,9,0,9,0,4,25,0,29,42,0,42,71
04/11/2021,UES,WI,AGL,CE,Federal Contract Tower,0,6,13,0,19,0,0,63,0,63,0,6,76,0,82,114,0,114,196
04/12/2021,UES,WI,AGL,CE,Federal Contract Tower,0,9,21,0,30,0,4,79,0,83,0,13,100,0,113,84,0,84,197
04/13/2021,UES,WI,AGL,CE,Federal Contract Tower,0,7,13,0,20,0,0,32,0,32,0,7,45,0,52,94,0,94,146
04/14/2021,UES,WI,AGL,CE,Federal Contract Tower,0,6,16,0,22,0,4,94,0,98,0,10,110,0,120,142,2,144,264
04/15/2021,UES,WI,AGL,CE,Federal Contract Tower,0,4,17,0,21,0,2,39,0,41,0,6,56,0,62,26,0,26,88
04/16/2021,UES,WI,AGL,CE,Federal Contract Tower,0,3,25,0,28,0,2,91,0,93,0,5,116,0,121,154,0,154,275
04/17/2021,UES,WI,AGL,CE,Federal Contract Tower,0,0,6,0,6,0,7,86,0,93,0,7,92,0,99,132,0,132,231
04/18/2021,UES,WI,AGL,CE,Federal Contract Tower,0,9,15,0,24,0,10,117,0,127,0,19,132,0,151,98,0,98,249
04/19/2021,UES,WI,AGL,CE,Federal Contract Tower,0,6,13,0,19,0,3,46,0,49,0,9,59,0,68,80,0,80,148
04/20/2021,UES,WI,AGL,CE,Federal Contract Tower,0,9,14,0,23,0,9,44,0,53,0,18,58,0,76,114,0,114,190
04/21/2021,UES,WI,AGL,CE,Federal Contract Tower,0,8,19,0,27,0,6,43,0,49,0,14,62,0,76,120,0,120,196
04/22/2021,UES,WI,AGL,CE,Federal Contract Tower,0,11,27,0,38,0,2,116,0,118,0,13,143,0,156,88,0,88,244
04/23/2021,UES,WI,AGL,CE,Federal Contract Tower,0,6,15,0,21,0,1,57,0,58,0,7,72,0,79,52,0,52,131
04/24/2021,UES,WI,AGL,CE,Federal Contract Tower,0,5,12,0,17,0,3,44,0,47,0,8,56,0,64,60,0,60,124
04/25/2021,UES,WI,AGL,CE,Federal Contract Tower,0,9,12,0,21,0,1,102,0,103,0,10,114,0,124,92,0,92,216
04/26/2021,UES,WI,AGL,CE,Federal Contract Tower,0,12,14,0,26,0,4,36,0,40,0,16,50,0,66,20,0,20,86
04/27/2021,UES,WI,AGL,CE,Federal Contract Tower,0,2,11,2,15,0,3,39,0,42,0,5,50,2,57,76,0,76,133
04/28/2021,UES,WI,AGL,CE,Federal Contract Tower,0,14,20,0,34,0,0,32,0,32,0,14,52,0,66,156,4,160,226
04/29/2021,UES,WI,AGL,CE,Federal Contract Tower,0,9,16,0,25,0,2,74,0,76,0,11,90,0,101,138,0,138,239
04/30/2021,UES,WI,AGL,CE,Federal Contract Tower,0,4,26,0,30,0,14,81,0,95,0,18,107,0,125,104,2,106,231
05/01/2021,UES,WI,AGL,CE,Federal Contract Tower,0,5,9,0,14,0,1,7,2,10,0,6,16,2,24,0,0,0,24
05/02/2021,UES,WI,AGL,CE,Federal Contract Tower,0,8,7,0,15,0,8,45,0,53,0,16,52,0,68,0,0,0,68
05/03/2021,UES,WI,AGL,CE,Federal Contract Tower,0,8,7,0,15,0,2,14,0,16,0,10,21,0,31,128,0,128,159
05/04/2021,UES,WI,AGL,CE,Federal Contract Tower,0,8,26,0,34,0,1,58,0,59,0,9,84,0,93,40,0,40,133
05/05/2021,UES,WI,AGL,CE,Federal Contract Tower,0,10,24,0,34,0,0,110,0,110,0,10,134,0,144,140,0,140,284
05/06/2021,UES,WI,AGL,CE,Federal Contract Tower,0,15,24,2,41,0,2,44,1,47,0,17,68,3,88,96,0,96,184
05/07/2021,UES,WI,AGL,CE,Federal Contract Tower,0,5,19,0,24,0,0,31,0,31,0,5,50,0,55,22,0,22,77
05/08/2021,UES,WI,AGL,CE,Federal Contract Tower,0,2,26,0,28,0,3,129,0,132,0,5,155,0,160,80,0,80,240
05/09/2021,UES,WI,AGL,CE,Federal Contract Tower,0,9,11,0,20,0,3,38,0,41,0,12,49,0,61,20,0,20,81
05/10/2021,UES,WI,AGL,CE,Federal Contract Tower,0,7,8,0,15,0,2,82,0,84,0,9,90,0,99,156,0,156,255
05/11/2021,UES,WI,AGL,CE,Federal Contract Tower,0,5,26,0,31,0,4,81,0,85,0,9,107,0,116,126,0,126,242
05/12/2021,UES,WI,AGL,CE,Federal Contract Tower,0,5,12,0,17,0,5,86,0,91,0,10,98,0,108,142,0,142,250
05/13/2021,UES,WI,AGL,CE,Federal Contract Tower,0,10,13,0,23,0,5,116,6,127,0,15,129,6,150,148,0,148,298
05/14/2021,UES,WI,AGL,CE,Federal Contract Tower,0,9,15,0,24,0,7,96,0,103,0,16,111,0,127,142,0,142,269
05/15/2021,UES,WI,AGL,CE,Federal Contract Tower,0,4,14,0,18,0,0,21,0,21,0,4,35,0,39,76,0,76,115
05/16/2021,UES,WI,AGL,CE,Federal Contract Tower,0,5,20,0,25,0,2,65,0,67,0,7,85,0,92,150,0,150,242
05/17/2021,UES,WI,AGL,CE,Federal Contract Tower,0,9,16,0,25,0,6,144,0,150,0,15,160,0,175,216,0,216,391
05/18/2021,UES,WI,AGL,CE,Federal Contract Tower,0,11,14,0,25,0,2,41,0,43,0,13,55,0,68,34,0,34,102
05/19/2021,UES,WI,AGL,CE,Federal Contract Tower,0,10,15,0,25,0,3,19,0,22,0,13,34,0,47,20,0,20,67
05/20/2021,UES,WI,AGL,CE,Federal Contract Tower,0,7,32,0,39,0,4,72,0,76,0,11,104,0,115,124,0,124,239
05/21/2021,UES,WI,AGL,CE,Federal Contract Tower,0,5,11,0,16,0,4,40,0,44,0,9,51,0,60,74,0,74,134
05/22/2021,UES,WI,AGL,CE,Federal Contract Tower,0,1,10,0,11,0,3,81,0,84,0,4,91,0,95,106,0,106,201
05/23/2021,UES,WI,AGL,CE,Federal Contract Tower,0,6,25,0,31,0,0,1,0,1,0,6,26,0,32,0,0,0,32
05/24/2021,UES,WI,AGL,CE,Federal Contract Tower,0,11,28,0,39,0,2,81,0,83,0,13,109,0,122,58,0,58,180
05/25/2021,UES,WI,AGL,CE,Federal Contract Tower,0,7,15,0,22,0,3,25,0,28,0,10,40,0,50,18,0,18,68
05/26/2021,UES,WI,AGL,CE,Federal Contract Tower,0,11,30,0,41,0,4,112,0,116,0,15,142,0,157,120,0,120,277
05/27/2021,UES,WI,AGL,CE,Federal Contract Tower,0,5,23,2,30,0,6,27,2,35,0,11,50,4,65,18,0,18,83
05/28/2021,UES,WI,AGL,CE,Federal Contract Tower,0,6,26,0,32,0,2,4,0,6,0,8,30,0,38,4,0,4,42
05/29/2021,UES,WI,AGL,CE,Federal Contract Tower,0,6,16,0,22,0,12,161,0,173,0,18,177,0,195,130,0,130,325
05/30/2021,UES,WI,AGL,CE,Federal Contract Tower,0,5,13,0,18,0,8,107,0,115,0,13,120,0,133,124,0,124,257
05/31/2021,UES,WI,AGL,CE,Federal Contract Tower,0,7,14,0,21,0,6,88,0,94,0,13,102,0,115,50,0,50,165
06/01/2021,UES,WI,AGL,CE,Federal Contract Tower,0,4,16,0,20,0,8,76,0,84,0,12,92,0,104,90,0,90,194
06/02/2021,UES,WI,AGL,CE,Federal Contract Tower,0,2,17,0,19,0,3,103,2,108,0,5,120,2,127,134,2,136,263
06/03/2021,UES,WI,AGL,CE,Federal Contract Tower,0,14,21,0,35,0,2,76,2,80,0,16,97,2,115,54,6,60,175
06/04/2021,UES,WI,AGL,CE,Federal Contract Tower,0,6,14,1,21,0,2,17,0,19,0,8,31,1,40,0,0,0,40
06/05/2021,UES,WI,AGL,CE,Federal Contract Tower,0,3,10,0,13,0,5,45,0,50,0,8,55,0,63,8,0,8,71
06/06/2021,UES,WI,AGL,CE,Federal Contract Tower,0,5,9,0,14,0,7,69,0,76,0,12,78,0,90,72,0,72,162
06/07/2021,UES,WI,AGL,CE,Federal Contract Tower,0,11,10,2,23,0,3,42,0,45,0,14,52,2,68,66,0,66,134
06/08/2021,UES,WI,AGL,CE,Federal Contract Tower,0,10,24,0,34,0,2,57,0,59,0,12,81,0,93,164,0,164,257
06/09/2021,UES,WI,AGL,CE,Federal Contract Tower,0,4,28,0,32,0,6,107,0,113,0,10,135,0,145,116,0,116,261
06/10/2021,UES,WI,AGL,CE,Federal Contract Tower,0,18,27,0,45,0,2,111,0,113,0,20,138,0,158,172,0,172,330
06/11/2021,UES,WI,AGL,CE,Federal Contract Tower,0,8,16,0,24,0,5,55,0,60,0,13,71,0,84,120,0,120,204
06/12/2021,UES,WI,AGL,CE,Federal Contract Tower,0,2,15,0,17,0,3,102,0,105,0,5,117,0,122,102,0,102,224
06/13/2021,UES,WI,AGL,CE,Federal Contract Tower,0,4,11,0,15,0,6,157,0,163,0,10,168,0,178,170,0,170,348
06/14/2021,UES,WI,AGL,CE,Federal Contract Tower,0,7,23,0,30,0,2,108,0,110,0,9,131,0,140,122,0,122,262
06/15/2021,UES,WI,AGL,CE,Federal Contract Tower,0,8,25,0,33,0,2,86,0,88,0,10,111,0,121,98,0,98,219
06/16/2021,UES,WI,AGL,CE,Federal Contract Tower,0,7,33,0,40,0,4,120,0,124,0,11,153,0,164,116,2,118,282
06/17/2021,UES,WI,AGL,CE,Federal Contract Tower,0,4,30,0,34,0,2,70,0,72,0,6,100,0,106,132,0,132,238
06/18/2021,UES,WI,AGL,CE,Federal Contract Tower,0,4,16,0,20,0,6,76,0,82,0,10,92,0,102,146,0,146,248
06/19/2021,UES,WI,AGL,CE,Federal Contract Tower,0,3,10,0,13,0,2,85,0,87,0,5,95,0,100,68,0,68,168
06/20/2021,UES,WI,AGL,CE,Federal Contract Tower,0,3,15,0,18,0,4,48,0,52,0,7,63,0,70,76,0,76,146
06/21/2021,UES,WI,AGL,CE,Federal Contract Tower,0,16,24,0,40,0,6,53,0,59,0,22,77,0,99,36,0,36,135
06/22/2021,UES,WI,AGL,CE,Federal Contract Tower,0,12,29,2,43,0,4,106,2,112,0,16,135,4,155,156,4,160,315
06/23/2021,UES,WI,AGL,CE,Federal Contract Tower,0,16,36,0,52,0,3,32,0,35,0,19,68,0,87,18,0,18,105
06/24/2021,UES,WI,AGL,CE,Federal Contract Tower,0,10,15,0,25,0,0,65,0,65,0,10,80,0,90,56,0,56,146
06/25/2021,UES,WI,AGL,CE,Federal Contract Tower,0,6,23,0,29,0,2,9,0,11,0,8,32,0,40,10,0,10,50
06/26/2021,UES,WI,AGL,CE,Federal Contract Tower,0,1,14,0,15,0,1,8,0,9,0,2,22,0,24,20,0,20,44
06/27/2021,UES,WI,AGL,CE,Federal Contract Tower,0,3,28,0,31,0,4,79,0,83,0,7,107,0,114,140,0,140,254
06/28/2021,UES,WI,AGL,CE,Federal Contract Tower,0,3,23,0,26,0,10,98,0,108,0,13,121,0,134,118,0,118,252
06/29/2021,UES,WI,AGL,CE,Federal Contract Tower,0,10,24,0,34,0,0,11,0,11,0,10,35,0,45,50,0,50,95
06/30/2021,UES,WI,AGL,CE,Federal Contract Tower,0,12,44,0,56,0,2,138,0,140,0,14,182,0,196,174,0,174,370
07/01/2021,UES,WI,AGL,CE,Federal Contract Tower,0,5,45,0,50,0,4,109,0,113,0,9,154,0,163,66,0,66,229
07/02/2021,UES,WI,AGL,CE,Federal Contract Tower,0,14,27,0,41,0,1,117,0,118,0,15,144,0,159,198,0,198,357
07/03/2021,UES,WI,AGL,CE,Federal Contract Tower,0,4,6,0,10,0,3,58,0,61,0,7,64,0,71,112,0,112,183
07/04/2021,UES,WI,AGL,CE,Federal Contract Tower,0,1,5,0,6,0,8,101,0,109,0,9,106,0,115,72,0,72,187
07/05/2021,UES,WI,AGL,CE,Federal Contract Tower,0,5,11,0,16,0,8,58,0,66,0,13,69,0,82,8,0,8,90
07/06/2021,UES,WI,AGL,CE,Federal Contract Tower,0,9,23,0,32,0,7,108,0,115,0,16,131,0,147,126,0,126,273
07/07/2021,UES,WI,AGL,CE,Federal Contract Tower,0,6,32,0,38,0,0,0,0,0,0,6,32,0,38,0,0,0,38
07/08/2021,UES,WI,AGL,CE,Federal Contract Tower,0,12,23,0,35,0,0,51,0,51,0,12,74,0,86,174,0,174,260
07/09/2021,UES,WI,AGL,CE,Federal Contract Tower,0,3,22,0,25,0,9,103,0,112,0,12,125,0,137,158,0,158,295
07/10/2021,UES,WI,AGL,CE,Federal Contract Tower,0,5,12,0,17,0,5,121,0,126,0,10,133,0,143,132,0,132,275
07/11/2021,UES,WI,AGL,CE,Federal Contract Tower,0,14,28,0,42,0,3,50,0,53,0,17,78,0,95,46,0,46,141
07/12/2021,UES,WI,AGL,CE,Federal Contract Tower,0,12,30,0,42,0,0,38,0,38,0,12,68,0,80,72,0,72,152
07/13/2021,UES,WI,AGL,CE,Federal Contract Tower,0,15,23,0,38,0,5,64,0,69,0,20,87,0,107,86,0,86,193
07/14/2021,UES,WI,AGL,CE,Federal Contract Tower,0,4,20,0,24,0,1,91,0,92,0,5,111,0,116,122,0,122,238
07/15/2021,UES,WI,AGL,CE,Federal Contract Tower,0,14,22,0,36,0,3,47,0,50,0,17,69,0,86,106,0,106,192
07/16/2021,UES,WI,AGL,CE,Federal Contract Tower,0,10,26,0,36,0,6,75,0,81,0,16,101,0,117,62,0,62,179
07/17/2021,UES,WI,AGL,CE,Federal Contract Tower,0,4,22,0,26,0,0,110,0,110,0,4,132,0,136,100,0,100,236
07/18/2021,UES,WI,AGL,CE,Federal Contract Tower,0,13,15,0,28,0,10,123,0,133,0,23,138,0,161,110,0,110,271
07/19/2021,UES,WI,AGL,CE,Federal Contract Tower,0,12,21,0,33,0,4,112,0,116,0,16,133,0,149,86,0,86,235
07/20/2021,UES,WI,AGL,CE,Federal Contract Tower,0,13,20,0,33,0,6,72,0,78,0,19,92,0,111,50,0,50,161
07/21/2021,UES,WI,AGL,CE,Federal Contract Tower,0,13,45,0,58,0,4,80,0,84,0,17,125,0,142,170,0,170,312
07/22/2021,UES,WI,AGL,CE,Federal Contract Tower,0,12,41,0,53,0,4,93,2,99,0,16,134,2,152,108,0,108,260
07/23/2021,UES,WI,AGL,CE,Federal Contract Tower,0,8,37,0,45,0,7,114,0,121,0,15,151,0,166,138,0,138,304
07/24/2021,UES,WI,AGL,CE,Federal Contract Tower,0,7,21,0,28,0,8,69,4,81,0,15,90,4,109,38,0,38,147
07/25/2021,UES,WI,AGL,CE,Federal Contract Tower,0,9,31,0,40,0,0,129,0,129,0,9,160,0,169,148,0,148,317
07/28/2021,UES,WI,AGL,CE,Federal Contract Tower,0,10,26,0,36,0,1,139,0,140,0,11,165,0,176,80,0,80,256
08/01/2021,UES,WI,AGL,CE,Federal Contract Tower,0,11,14,0,25,0,6,77,0,83,0,17,91,0,108,62,0,62,170
08/02/2021,UES,WI,AGL,CE,Federal Contract Tower,0,8,25,0,33,0,6,119,0,125,0,14,144,0,158,118,0,118,276
08/03/2021,UES,WI,AGL,CE,Federal Contract Tower,0,5,26,0,31,0,6,77,2,85,0,11,103,2,116,92,0,92,208
08/04/2021,UES,WI,AGL,CE,Federal Contract Tower,0,16,23,0,39,0,13,119,0,132,0,29,142,0,171,150,0,150,321
08/05/2021,UES,WI,AGL,CE,Federal Contract Tower,0,14,20,0,34,0,5,96,0,101,0,19,116,0,135,68,0,68,203
08/06/2021,UES,WI,AGL,CE,Federal Contract Tower,0,17,17,0,34,0,5,20,0,25,0,22,37,0,59,40,0,40,99
08/07/2021,UES,WI,AGL,CE,Federal Contract Tower,0,4,21,0,25,0,6,24,0,30,0,10,45,0,55,42,0,42,97
08/09/2021,UES,WI,AGL,CE,Federal Contract Tower,0,6,10,0,16,0,3,0,0,3,0,9,10,0,19,0,0,0,19
08/10/2021,UES,WI,AGL,CE,Federal Contract Tower,0,19,22,0,41,0,3,69,0,72,0,22,91,0,113,100,0,100,213
08/11/2021,UES,WI,AGL,CE,Federal Contract Tower,0,8,20,0,28,0,3,32,0,35,0,11,52,0,63,0,0,0,63
08/12/2021,UES,WI,AGL,CE,Federal Contract Tower,0,8,30,0,38,0,10,137,0,147,0,18,167,0,185,66,6,72,257
08/13/2021,UES,WI,AGL,CE,Federal Contract Tower,0,12,19,0,31,0,5,103,0,108,0,17,122,0,139,132,0,132,271
08/14/2021,UES,WI,AGL,CE,Federal Contract Tower,0,2,20,0,22,0,5,93,0,98,0,7,113,0,120,88,0,88,208
08/15/2021,UES,WI,AGL,CE,Federal Contract Tower,0,9,24,0,33,0,4,136,0,140,0,13,160,0,173,82,0,82,255
08/16/2021,UES,WI,AGL,CE,Federal Contract Tower,0,10,27,0,37,0,4,123,0,127,0,14,150,0,164,120,0,120,284
08/17/2021,UES,WI,AGL,CE,Federal Contract Tower,0,16,28,0,44,0,0,70,0,70,0,16,98,0,114,86,0,86,200
08/18/2021,UES,WI,AGL,CE,Federal Contract Tower,0,8,30,0,38,0,7,94,0,101,0,15,124,0,139,108,0,108,247
08/19/2021,UES,WI,AGL,CE,Federal Contract Tower,0,12,27,0,39,0,2,74,2,78,0,14,101,2,117,114,0,114,231
08/20/2021,UES,WI,AGL,CE,Federal Contract Tower,0,7,20,0,27,0,4,63,0,67,0,11,83,0,94,34,0,34,128
08/21/2021,UES,WI,AGL,CE,Federal Contract Tower,0,7,15,0,22,0,10,40,0,50,0,17,55,0,72,38,0,38,110
08/22/2021,UES,WI,AGL,CE,Federal Contract Tower,0,7,20,0,27,0,2,107,0,109,0,9,127,0,136,54,0,54,190
08/23/2021,UES,WI,AGL,CE,Federal Contract Tower,0,12,16,2,30,0,4,45,0,49,0,16,61,2,79,28,0,28,107
08/24/2021,UES,WI,AGL,CE,Federal Contract Tower,0,4,29,0,33,0,2,32,0,34,0,6,61,0,67,36,0,36,103
08/25/2021,UES,WI,AGL,CE,Federal Contract Tower,0,5,29,0,34,0,3,93,0,96,0,8,122,0,130,140,0,140,270
08/26/2021,UES,WI,AGL,CE,Federal Contract Tower,0,9,38,2,49,0,3,67,0,70,0,12,105,2,119,86,0,86,205
08/27/2021,UES,WI,AGL,CE,Federal Contract Tower,0,6,27,0,33,0,7,25,0,32,0,13,52,0,65,60,0,60,125
08/28/2021,UES,WI,AGL,CE,Federal Contract Tower,0,2,12,0,14,0,0,65,0,65,0,2,77,0,79,60,0,60,139
08/29/2021,UES,WI,AGL,CE,Federal Contract Tower,0,5,25,0,30,0,4,39,0,43,0,9,64,0,73,16,0,16,89
08/30/2021,UES,WI,AGL,CE,Federal Contract Tower,0,16,17,0,33,0,4,106,0,110,0,20,123,0,143,78,0,78,221
08/31/2021,UES,WI,AGL,CE,Federal Contract Tower,0,2,21,2,25,0,8,44,0,52,0,10,65,2,77,68,0,68,145
09/01/2021,UES,WI,AGL,CE,Federal Contract Tower,0,11,29,0,40,0,2,114,0,116,0,13,143,0,156,112,0,112,268
09/02/2021,UES,WI,AGL,CE,Federal Contract Tower,0,11,27,2,40,0,3,107,0,110,0,14,134,2,150,108,0,108,258
09/03/2021,UES,WI,AGL,CE,Federal Contract Tower,0,8,32,0,40,0,3,100,0,103,0,11,132,0,143,58,0,58,201
09/04/2021,UES,WI,AGL,CE,Federal Contract Tower,0,0,19,0,19,0,6,13,0,19,0,6,32,0,38,14,0,14,52
09/05/2021,UES,WI,AGL,CE,Federal Contract Tower,0,2,14,0,16,0,8,79,0,87,0,10,93,0,103,68,0,68,171
09/06/2021,UES,WI,AGL,CE,Federal Contract Tower,0,13,34,0,47,0,3,164,0,167,0,16,198,0,214,80,0,80,294
09/07/2021,UES,WI,AGL,CE,Federal Contract Tower,0,7,29,0,36,0,3,49,0,52,0,10,78,0,88,18,0,18,106
09/08/2021,UES,WI,AGL,CE,Federal Contract Tower,0,9,32,0,41,0,5,97,2,104,0,14,129,2,145,80,0,80,225
09/09/2021,UES,WI,AGL,CE,Federal Contract Tower,0,12,24,0,36,0,0,125,0,125,0,12,149,0,161,124,0,124,285
09/10/2021,UES,WI,AGL,CE,Federal Contract Tower,0,8,24,0,32,0,5,99,0,104,0,13,123,0,136,128,0,128,264
09/11/2021,UES,WI,AGL,CE,Federal Contract Tower,0,3,9,0,12,0,7,70,0,77,0,10,79,0,89,34,0,34,123
09/12/2021,UES,WI,AGL,CE,Federal Contract Tower,0,2,27,0,29,0,15,55,0,70,0,17,82,0,99,74,0,74,173
09/13/2021,UES,WI,AGL,CE,Federal Contract Tower,0,2,42,0,44,0,0,1,0,1,0,2,43,0,45,0,0,0,45
09/14/2021,UES,WI,AGL,CE,Federal Contract Tower,0,18,31,0,49,0,0,0,0,0,0,18,31,0,49,70,0,70,119
09/15/2021,UES,WI,AGL,CE,Federal Contract Tower,0,8,19,0,27,0,2,129,0,131,0,10,148,0,158,164,0,164,322
09/16/2021,UES,WI,AGL,CE,Federal Contract Tower,0,12,29,1,42,0,16,96,1,113,0,28,125,2,155,66,0,66,221
09/17/2021,UES,WI,AGL,CE,Federal Contract Tower,0,11,24,2,37,0,5,51,0,56,0,16,75,2,93,74,0,74,167
09/18/2021,UES,WI,AGL,CE,Federal Contract Tower,0,3,14,0,17,0,9,88,0,97,0,12,102,0,114,56,0,56,170
09/19/2021,UES,WI,AGL,CE,Federal Contract Tower,0,9,25,0,34,0,10,127,0,137,0,19,152,0,171,120,0,120,291
09/20/2021,UES,WI,AGL,CE,Federal Contract Tower,0,6,34,0,40,0,2,68,0,70,0,8,102,0,110,70,0,70,180
09/21/2021,UES,WI,AGL,CE,Federal Contract Tower,0,4,47,0,51,0,4,79,2,85,0,8,126,2,136,122,0,122,258
09/22/2021,UES,WI,AGL,CE,Federal Contract Tower,0,16,17,0,33,0,2,79,4,85,0,18,96,4,118,58,0,58,176
09/23/2021,UES,WI,AGL,CE,Federal Contract Tower,0,9,32,0,41,0,3,71,0,74,0,12,103,0,115,66,0,66,181
09/24/2021,UES,WI,AGL,CE,Federal Contract Tower,0,7,41,2,50,0,3,66,0,69,0,10,107,2,119,128,0,128,247
09/25/2021,UES,WI,AGL,CE,Federal Contract Tower,0,8,17,0,25,0,2,156,0,158,0,10,173,0,183,82,0,82,265
09/26/2021,UES,WI,AGL,CE,Federal Contract Tower,0,12,22,0,34,0,6,64,0,70,0,18,86,0,104,14,0,14,118
09/27/2021,UES,WI,AGL,CE,Federal Contract Tower,0,13,24,0,37,0,5,84,0,89,0,18,108,0,126,100,0,100,226
09/28/2021,UES,WI,AGL,CE,Federal Contract Tower,0,4,37,0,41,0,0,104,0,104,0,4,141,0,145,170,0,170,315
09/29/2021,UES,WI,AGL,CE,Federal Contract Tower,0,6,23,0,29,0,5,116,0,121,0,11,139,0,150,170,0,170,320
09/30/2021,UES,WI,AGL,CE,Federal Contract Tower,0,16,27,0,43,0,2,107,0,109,0,18,134,0,152,132,0,132,284
10/01/2021,UES,WI,AGL,CE,Federal Contract Tower,0,12,38,0,50,0,7,82,0,89,0,19,120,0,139,134,0,134,273
10/02/2021,UES,WI,AGL,CE,Federal Contract Tower,0,3,11,0,14,0,3,55,0,58,0,6,66,0,72,102,0,102,174
10/03/2021,UES,WI,AGL,CE,Federal Contract Tower,0,13,27,0,40,0,6,10,0,16,0,19,37,0,56,0,0,0,56
10/04/2021,UES,WI,AGL,CE,Federal Contract Tower,0,11,35,2,48,0,7,14,0,21,0,18,49,2,69,0,0,0,69
10/05/2021,UES,WI,AGL,CE,Federal Contract Tower,0,9,24,0,33,0,0,11,0,11,0,9,35,0,44,14,0,14,58
10/06/2021,UES,WI,AGL,CE,Federal Contract Tower,0,6,25,0,31,0,4,56,0,60,0,10,81,0,91,100,0,100,191
10/07/2021,UES,WI,AGL,CE,Federal Contract Tower,0,9,33,0,42,0,0,0,0,0,0,9,33,0,42,0,0,0,42
10/08/2021,UES,WI,AGL,CE,Federal Contract Tower,0,6,24,0,30,0,5,25,0,30,0,11,49,0,60,30,0,30,90
10/09/2021,UES,WI,AGL,CE,Federal Contract Tower,0,6,16,0,22,0,4,60,0,64,0,10,76,0,86,72,0,72,158
10/10/2021,UES,WI,AGL,CE,Federal Contract Tower,0,3,28,0,31,0,2,47,0,49,0,5,75,0,80,38,0,38,118
10/11/2021,UES,WI,AGL,CE,Federal Contract Tower,0,13,23,0,36,0,6,19,0,25,0,19,42,0,61,64,0,64,125
10/12/2021,UES,WI,AGL,CE,Federal Contract Tower,0,2,26,0,28,0,4,4,0,8,0,6,30,0,36,4,0,4,40
10/13/2021,UES,WI,AGL,CE,Federal Contract Tower,0,10,17,2,29,0,1,56,0,57,0,11,73,2,86,100,0,100,186
10/14/2021,UES,WI,AGL,CE,Federal Contract Tower,0,9,21,2,32,0,0,111,2,113,0,9,132,4,145,116,10,126,271
10/15/2021,UES,WI,AGL,CE,Federal Contract Tower,0,10,26,0,36,0,6,69,0,75,0,16,95,0,111,32,0,32,143
10/16/2021,UES,WI,AGL,CE,Federal Contract Tower,0,8,13,0,21,0,8,55,0,63,0,16,68,0,84,32,0,32,116
10/17/2021,UES,WI,AGL,CE,Federal Contract Tower,0,9,16,0,25,0,1,133,0,134,0,10,149,0,159,84,0,84,243
10/18/2021,UES,WI,AGL,CE,Federal Contract Tower,0,10,24,0,34,0,3,137,0,140,0,13,161,0,174,226,0,226,400
10/19/2021,UES,WI,AGL,CE,Federal Contract Tower,0,20,38,0,58,0,4,96,0,100,0,24,134,0,158,116,0,116,274
10/20/2021,UES,WI,AGL,CE,Federal Contract Tower,0,11,19,0,30,0,9,112,0,121,0,20,131,0,151,160,0,160,311
10/21/2021,UES,WI,AGL,CE,Federal Contract Tower,0,11,41,0,52,0,0,1,0,1,0,11,42,0,53,0,0,0,53
10/22/2021,UES,WI,AGL,CE,Federal Contract Tower,0,8,27,0,35,0,7,101,0,108,0,15,128,0,143,226,0,226,369
10/23/2021,UES,WI,AGL,CE,Federal Contract Tower,0,12,14,0,26,0,4,143,0,147,0,16,157,0,173,244,0,244,417
10/24/2021,UES,WI,AGL,CE,Federal Contract Tower,0,10,33,0,43,0,2,48,0,50,0,12,81,0,93,74,0,74,167
10/25/2021,UES,WI,AGL,CE,Federal Contract Tower,0,2,20,0,22,0,4,2,0,6,0,6,22,0,28,0,0,0,28
10/26/2021,UES,WI,AGL,CE,Federal Contract Tower,0,5,21,0,26,0,1,106,0,107,0,6,127,0,133,174,0,174,307
10/27/2021,UES,WI,AGL,CE,Federal Contract Tower,0,11,35,0,46,0,3,104,0,107,0,14,139,0,153,138,0,138,291
10/28/2021,UES,WI,AGL,CE,Federal Contract Tower,0,7,24,2,33,0,2,2,0,4,0,9,26,2,37,6,0,6,43
10/29/2021,UES,WI,AGL,CE,Federal Contract Tower,0,10,14,0,24,0,4,0,0,4,0,14,14,0,28,0,0,0,28
10/30/2021,UES,WI,AGL,CE,Federal Contract Tower,0,11,24,0,35,0,9,62,0,71,0,20,86,0,106,56,0,56,162
10/31/2021,UES,WI,AGL,CE,Federal Contract Tower,0,12,29,0,41,0,2,43,0,45,0,14,72,0,86,0,0,0,86
11/01/2021,UES,WI,AGL,CE,Federal Contract Tower,0,3,15,0,18,0,2,46,0,48,0,5,61,0,66,62,0,62,128
11/02/2021,UES,WI,AGL,CE,Federal Contract Tower,0,10,13,0,23,0,2,56,0,58,0,12,69,0,81,130,0,130,211
11/03/2021,UES,WI,AGL,CE,Federal Contract Tower,0,3,25,0,28,0,1,145,0,146,0,4,170,0,174,118,0,118,292
11/04/2021,UES,WI,AGL,CE,Federal Contract Tower,0,13,23,0,36,0,3,138,0,141,0,16,161,0,177,124,0,124,301
11/05/2021,UES,WI,AGL,CE,Federal Contract Tower,0,5,22,0,27,0,4,48,0,52,0,9,70,0,79,44,0,44,123
11/06/2021,UES,WI,AGL,CE,Federal Contract Tower,0,11,11,0,22,0,2,56,0,58,0,13,67,0,80,62,0,62,142
11/07/2021,UES,WI,AGL,CE,Federal Contract Tower,0,8,22,0,30,0,2,111,0,113,0,10,133,0,143,108,0,108,251
11/08/2021,UES,WI,AGL,CE,Federal Contract Tower,0,7,16,0,23,0,6,141,0,147,0,13,157,0,170,180,0,180,350
11/09/2021,UES,WI,AGL,CE,Federal Contract Tower,0,5,27,0,32,0,4,99,0,103,0,9,126,0,135,126,0,126,261
11/10/2021,UES,WI,AGL,CE,Federal Contract Tower,0,7,17,0,24,0,1,101,4,106,0,8,118,4,130,194,4,198,328
11/11/2021,UES,WI,AGL,CE,Federal Contract Tower,0,8,30,0,38,0,1,3,0,4,0,9,33,0,42,0,0,0,42
11/12/2021,UES,WI,AGL,CE,Federal Contract Tower,0,7,18,0,25,0,0,0,0,0,0,7,18,0,25,0,0,0,25
11/13/2021,UES,WI,AGL,CE,Federal Contract Tower,0,2,11,0,13,0,9,30,0,39,0,11,41,0,52,16,0,16,68
11/14/2021,UES,WI,AGL,CE,Federal Contract Tower,0,9,13,0,22,0,2,4,0,6,0,11,17,0,28,0,0,0,28
11/15/2021,UES,WI,AGL,CE,Federal Contract Tower,0,12,22,0,34,0,0,115,0,115,0,12,137,0,149,204,0,204,353
11/16/2021,UES,WI,AGL,CE,Federal Contract Tower,0,12,19,0,31,0,2,70,0,72,0,14,89,0,103,116,0,116,219
11/17/2021,UES,WI,AGL,CE,Federal Contract Tower,0,8,28,0,36,0,1,56,0,57,0,9,84,0,93,62,0,62,155
11/18/2021,UES,WI,AGL,CE,Federal Contract Tower,0,7,14,0,21,0,5,13,0,18,0,12,27,0,39,0,0,0,39
11/19/2021,UES,WI,AGL,CE,Federal Contract Tower,0,9,19,0,28,0,2,81,0,83,0,11,100,0,111,160,0,160,271
11/20/2021,UES,WI,AGL,CE,Federal Contract Tower,0,5,15,0,20,0,7,78,0,85,0,12,93,0,105,68,0,68,173
11/21/2021,UES,WI,AGL,CE,Federal Contract Tower,0,5,5,0,10,0,3,35,0,38,0,8,40,0,48,54,0,54,102
11/22/2021,UES,WI,AGL,CE,Federal Contract Tower,0,9,14,0,23,0,6,56,0,62,0,15,70,0,85,94,0,94,179
11/23/2021,UES,WI,AGL,CE,Federal Contract Tower,0,8,26,0,34,0,1,112,0,113,0,9,138,0,147,134,0,134,281
11/24/2021,UES,WI,AGL,CE,Federal Contract Tower,0,12,18,0,30,0,6,40,0,46,0,18,58,0,76,8,0,8,84
11/25/2021,UES,WI,AGL,CE,Federal Contract Tower,0,4,0,0,4,0,2,0,0,2,0,6,0,0,6,0,0,0,6
11/26/2021,UES,WI,AGL,CE,Federal Contract Tower,0,6,12,0,18,0,3,70,0,73,0,9,82,0,91,68,0,68,159
11/27/2021,UES,WI,AGL,CE,Federal Contract Tower,0,3,8,0,11,0,2,54,0,56,0,5,62,0,67,100,0,100,167
11/28/2021,UES,WI,AGL,CE,Federal Contract Tower,0,15,17,0,32,0,0,39,0,39,0,15,56,0,71,12,0,12,83
11/29/2021,UES,WI,AGL,CE,Federal Contract Tower,0,7,17,0,24,0,1,26,0,27,0,8,43,0,51,72,0,72,123
11/30/2021,UES,WI,AGL,CE,Federal Contract Tower,0,6,22,0,28,0,1,69,0,70,0,7,91,0,98,62,0,62,160
12/01/2021,UES,WI,AGL,CE,Federal Contract Tower,0,11,29,0,40,0,4,77,0,81,0,15,106,0,121,190,0,190,311
12/02/2021,UES,WI,AGL,CE,Federal Contract Tower,0,8,15,0,23,0,1,41,0,42,0,9,56,0,65,74,6,80,145
12/03/2021,UES,WI,AGL,CE,Federal Contract Tower,0,8,28,0,36,0,0,0,0,0,0,8,28,0,36,0,0,0,36
12/04/2021,UES,WI,AGL,CE,Federal Contract Tower,0,4,15,0,19,0,7,120,0,127,0,11,135,0,146,184,6,190,336
12/05/2021,UES,WI,AGL,CE,Federal Contract Tower,0,4,14,0,18,0,0,2,0,2,0,4,16,0,20,0,0,0,20
12/06/2021,UES,WI,AGL,CE,Federal Contract Tower,0,7,16,0,23,0,0,11,0,11,0,7,27,0,34,0,0,0,34
12/07/2021,UES,WI,AGL,CE,Federal Contract Tower,0,11,26,0,37,0,3,40,0,43,0,14,66,0,80,68,0,68,148
12/08/2021,UES,WI,AGL,CE,Federal Contract Tower,0,10,24,2,36,0,0,51,4,55,0,10,75,6,91,52,0,52,143
12/09/2021,UES,WI,AGL,CE,Federal Contract Tower,0,9,21,2,32,0,1,39,0,40,0,10,60,2,72,44,0,44,116
12/10/2021,UES,WI,AGL,CE,Federal Contract Tower,0,15,20,0,35,0,2,1,0,3,0,17,21,0,38,0,0,0,38
12/11/2021,UES,WI,AGL,CE,Federal Contract Tower,0,4,14,0,18,0,0,0,0,0,0,4,14,0,18,0,0,0,18
12/12/2021,UES,WI,AGL,CE,Federal Contract Tower,0,8,17,0,25,0,0,48,0,48,0,8,65,0,73,36,0,36,109
12/13/2021,UES,WI,AGL,CE,Federal Contract Tower,0,14,24,0,38,0,0,129,0,129,0,14,153,0,167,124,0,124,291
12/14/2021,UES,WI,AGL,CE,Federal Contract Tower,0,10,24,0,34,0,0,101,0,101,0,10,125,0,135,118,0,118,253
12/15/2021,UES,WI,AGL,CE,Federal Contract Tower,0,8,22,0,30,0,4,1,0,5,0,12,23,0,35,0,0,0,35
12/16/2021,UES,WI,AGL,CE,Federal Contract Tower,0,5,11,1,17,0,4,11,0,15,0,9,22,1,32,0,0,0,32
12/17/2021,UES,WI,AGL,CE,Federal Contract Tower,0,9,15,0,24,0,2,81,0,83,0,11,96,0,107,184,0,184,291
12/18/2021,UES,WI,AGL,CE,Federal Contract Tower,0,5,11,0,16,0,1,37,0,38,0,6,48,0,54,150,0,150,204
12/19/2021,UES,WI,AGL,CE,Federal Contract Tower,0,7,15,0,22,0,0,95,0,95,0,7,110,0,117,136,0,136,253
12/20/2021,UES,WI,AGL,CE,Federal Contract Tower,0,4,22,0,26,0,0,108,0,108,0,4,130,0,134,162,0,162,296
12/21/2021,UES,WI,AGL,CE,Federal Contract Tower,0,10,23,0,33,0,3,59,0,62,0,13,82,0,95,60,0,60,155
12/22/2021,UES,WI,AGL,CE,Federal Contract Tower,0,9,12,0,21,0,2,145,0,147,0,11,157,0,168,296,0,296,464
12/23/2021,UES,WI,AGL,CE,Federal Contract Tower,0,13,17,0,30,0,9,85,0,94,0,22,102,0,124,120,0,120,244
12/24/2021,UES,WI,AGL,CE,Federal Contract Tower,0,0,3,0,3,0,0,0,0,0,0,0,3,0,3,0,0,0,3
12/25/2021,UES,WI,AGL,CE,Federal Contract Tower,0,4,6,0,10,0,1,14,0,15,0,5,20,0,25,6,0,6,31
12/26/2021,UES,WI,AGL,CE,Federal Contract Tower,0,9,19,0,28,0,0,81,0,81,0,9,100,0,109,80,0,80,189
12/27/2021,UES,WI,AGL,CE,Federal Contract Tower,0,13,11,0,24,0,2,10,0,12,0,15,21,0,36,0,0,0,36
12/28/2021,UES,WI,AGL,CE,Federal Contract Tower,0,12,14,0,26,0,0,6,0,6,0,12,20,0,32,24,0,24,56
12/29/2021,UES,WI,AGL,CE,Federal Contract Tower,0,7,9,0,16,0,2,66,0,68,0,9,75,0,84,152,0,152,236
12/30/2021,UES,WI,AGL,CE,Federal Contract Tower,0,3,8,0,11,0,0,6,0,6,0,3,14,0,17,8,0,8,25
12/31/2021,UES,WI,AGL,CE,Federal Contract Tower,0,6,6,0,12,0,0,1,0,1,0,6,7,0,13,0,0,0,13
01/01/2022,UES,WI,AGL,CE,Federal Contract Tower,0,5,5,0,10,0,0,2,0,2,0,5,7,0,12,0,0,0,12
01/02/2022,UES,WI,AGL,CE,Federal Contract Tower,0,10,23,0,33,0,0,77,0,77,0,10,100,0,110,138,0,138,248
01/03/2022,UES,WI,AGL,CE,Federal Contract Tower,0,14,12,0,26,0,0,67,0,67,0,14,79,0,93,82,0,82,175
01/04/2022,UES,WI,AGL,CE,Federal Contract Tower,0,7,22,0,29,0,2,53,0,55,0,9,75,0,84,56,0,56,140
01/05/2022,UES,WI,AGL,CE,Federal Contract Tower,0,4,7,0,11,0,0,0,0,0,0,4,7,0,11,0,0,0,11
01/06/2022,UES,WI,AGL,CE,Federal Contract Tower,0,6,11,0,17,0,0,20,0,20,0,6,31,0,37,0,0,0,37
01/07/2022,UES,WI,AGL,CE,Federal Contract Tower,0,2,16,0,18,0,2,39,0,41,0,4,55,0,59,68,0,68,127
01/08/2022,UES,WI,AGL,CE,Federal Contract Tower,0,4,18,0,22,0,2,16,0,18,0,6,34,0,40,6,0,6,46
01/09/2022,UES,WI,AGL,CE,Federal Contract Tower,0,7,12,0,19,0,2,38,0,40,0,9,50,0,59,26,0,26,85
01/10/2022,UES,WI,AGL,CE,Federal Contract Tower,0,7,13,0,20,0,6,20,0,26,0,13,33,0,46,2,0,2,48
01/11/2022,UES,WI,AGL,CE,Federal Contract Tower,0,3,8,0,11,0,0,24,0,24,0,3,32,0,35,10,0,10,45
01/12/2022,UES,WI,AGL,CE,Federal Contract Tower,0,6,8,2,16,0,1,101,0,102,0,7,109,2,118,174,0,174,292
01/13/2022,UES,WI,AGL,CE,Federal Contract Tower,0,6,12,0,18,0,0,106,2,108,0,6,118,2,126,234,4,238,364
01/14/2022,UES,WI,AGL,CE,Federal Contract Tower,0,4,15,0,19,0,2,12,0,14,0,6,27,0,33,38,0,38,71
01/15/2022,UES,WI,AGL,CE,Federal Contract Tower,0,3,15,0,18,0,4,3,0,7,0,7,18,0,25,0,0,0,25
01/16/2022,UES,WI,AGL,CE,Federal Contract Tower,0,6,7,0,13,0,2,90,0,92,0,8,97,0,105,122,0,122,227
01/17/2022,UES,WI,AGL,CE,Federal Contract Tower,0,6,21,0,27,0,0,66,0,66,0,6,87,0,93,132,0,132,225
01/18/2022,UES,WI,AGL,CE,Federal Contract Tower,0,5,14,1,20,0,8,77,2,87,0,13,91,3,107,80,0,80,187
01/19/2022,UES,WI,AGL,CE,Federal Contract Tower,0,1,12,0,13,0,5,38,0,43,0,6,50,0,56,4,6,10,66
01/20/2022,UES,WI,AGL,CE,Federal Contract Tower,0,8,20,0,28,0,3,71,0,74,0,11,91,0,102,102,0,102,204
01/21/2022,UES,WI,AGL,CE,Federal Contract Tower,0,3,19,0,22,0,6,78,0,84,0,9,97,0,106,110,0,110,216
01/22/2022,UES,WI,AGL,CE,Federal Contract Tower,0,0,16,0,16,0,5,34,0,39,0,5,50,0,55,38,0,38,93
01/23/2022,UES,WI,AGL,CE,Federal Contract Tower,0,1,21,0,22,0,0,51,0,51,0,1,72,0,73,60,0,60,133
01/24/2022,UES,WI,AGL,CE,Federal Contract Tower,0,11,13,0,24,0,2,24,0,26,0,13,37,0,50,30,0,30,80
01/25/2022,UES,WI,AGL,CE,Federal Contract Tower,0,3,14,0,17,0,2,52,2,56,0,5,66,2,73,138,4,142,215
01/26/2022,UES,WI,AGL,CE,Federal Contract Tower,0,8,21,0,29,0,1,47,2,50,0,9,68,2,79,22,0,22,101
01/27/2022,UES,WI,AGL,CE,Federal Contract Tower,0,10,12,0,22,0,5,53,2,60,0,15,65,2,82,86,0,86,168
01/28/2022,UES,WI,AGL,CE,Federal Contract Tower,0,5,22,0,27,0,0,58,0,58,0,5,80,0,85,184,0,184,269
01/29/2022,UES,WI,AGL,CE,Federal Contract Tower,0,4,3,0,7,0,2,52,0,54,0,6,55,0,61,144,0,144,205
01/30/2022,UES,WI,AGL,CE,Federal Contract Tower,0,5,9,0,14,0,2,72,0,74,0,7,81,0,88,132,0,132,220
01/31/2022,UES,WI,AGL,CE,Federal Contract Tower,0,7,12,0,19,0,6,91,0,97,0,13,103,0,116,88,0,88,204
02/01/2022,UES,WI,AGL,CE,Federal Contract Tower,0,3,12,0,15,0,3,67,0,70,0,6,79,0,85,62,0,62,147
02/02/2022,UES,WI,AGL,CE,Federal Contract Tower,0,10,14,0,24,0,2,92,2,96,0,12,106,2,120,102,8,110,230
02/03/2022,UES,WI,AGL,CE,Federal Contract Tower,0,16,19,0,35,0,0,66,2,68,0,16,85,2,103,148,0,148,251
02/04/2022,UES,WI,AGL,CE,Federal Contract Tower,0,4,12,0,16,0,0,36,0,36,0,4,48,0,52,72,0,72,124
02/05/2022,UES,WI,AGL,CE,Federal Contract Tower,0,0,11,0,11,0,0,60,0,60,0,0,71,0,71,90,0,90,161
02/06/2022,UES,WI,AGL,CE,Federal Contract Tower,0,6,11,0,17,0,2,94,0,96,0,8,105,0,113,70,0,70,183
02/07/2022,UES,WI,AGL,CE,Federal Contract Tower,0,7,8,0,15,0,2,78,0,80,0,9,86,0,95,128,0,128,223
02/08/2022,UES,WI,AGL,CE,Federal Contract Tower,0,4,24,0,28,0,5,83,2,90,0,9,107,2,118,100,0,100,218
02/09/2022,UES,WI,AGL,CE,Federal Contract Tower,0,2,16,0,18,0,2,28,0,30,0,4,44,0,48,38,0,38,86
02/10/2022,UES,WI,AGL,CE,Federal Contract Tower,0,12,17,0,29,0,0,68,0,68,0,12,85,0,97,84,0,84,181
02/11/2022,UES,WI,AGL,CE,Federal Contract Tower,0,13,14,0,27,0,2,9,0,11,0,15,23,0,38,38,0,38,76
02/12/2022,UES,WI,AGL,CE,Federal Contract Tower,0,5,16,0,21,0,2,63,0,65,0,7,79,0,86,112,0,112,198
02/13/2022,UES,WI,AGL,CE,Federal Contract Tower,0,7,20,0,27,0,4,65,0,69,0,11,85,0,96,52,0,52,148
02/14/2022,UES,WI,AGL,CE,Federal Contract Tower,0,8,32,0,40,0,3,110,0,113,0,11,142,0,153,128,0,128,281
02/15/2022,UES,WI,AGL,CE,Federal Contract Tower,0,6,19,0,25,0,2,39,0,41,0,8,58,0,66,100,0,100,166
02/16/2022,UES,WI,AGL,CE,Federal Contract Tower,0,8,16,0,24,0,2,0,0,2,0,10,16,0,26,0,0,0,26
02/17/2022,UES,WI,AGL,CE,Federal Contract Tower,0,5,23,0,28,0,2,41,0,43,0,7,64,0,71,116,0,116,187
02/18/2022,UES,WI,AGL,CE,Federal Contract Tower,0,5,24,0,29,0,2,20,0,22,0,7,44,0,51,24,0,24,75
02/19/2022,UES,WI,AGL,CE,Federal Contract Tower,0,8,9,0,17,0,2,49,0,51,0,10,58,0,68,100,0,100,168
02/20/2022,UES,WI,AGL,CE,Federal Contract Tower,0,2,9,0,11,0,0,42,0,42,0,2,51,0,53,0,0,0,53
02/21/2022,UES,WI,AGL,CE,Federal Contract Tower,0,6,25,0,31,0,4,7,0,11,0,10,32,0,42,18,0,18,60
02/22/2022,UES,WI,AGL,CE,Federal Contract Tower,0,1,1,0,2,0,0,0,0,0,0,1,1,0,2,0,0,0,2
02/23/2022,UES,WI,AGL,CE,Federal Contract Tower,0,10,23,0,33,0,3,58,0,61,0,13,81,0,94,84,0,84,178
02/24/2022,UES,WI,AGL,CE,Federal Contract Tower,0,7,11,0,18,0,0,13,0,13,0,7,24,0,31,20,0,20,51
02/25/2022,UES,WI,AGL,CE,Federal Contract Tower,0,5,27,0,32,0,2,43,0,45,0,7,70,0,77,84,0,84,161
02/26/2022,UES,WI,AGL,CE,Federal Contract Tower,0,9,8,0,17,0,1,36,0,37,0,10,44,0,54,24,0,24,78
02/27/2022,UES,WI,AGL,CE,Federal Contract Tower,0,12,16,0,28,0,0,149,0,149,0,12,165,0,177,102,0,102,279
02/28/2022,UES,WI,AGL,CE,Federal Contract Tower,0,9,20,0,29,0,2,83,0,85,0,11,103,0,114,54,0,54,168
03/01/2022,UES,WI,AGL,CE,Federal Contract Tower,0,2,18,0,20,0,0,99,0,99,0,2,117,0,119,104,0,104,223
03/02/2022,UES,WI,AGL,CE,Federal Contract Tower,0,12,13,0,25,0,3,73,0,76,0,15,86,0,101,138,0,138,239
03/03/2022,UES,WI,AGL,CE,Federal Contract Tower,0,7,15,4,26,0,0,108,0,108,0,7,123,4,134,178,0,178,312
03/04/2022,UES,WI,AGL,CE,Federal Contract Tower,0,10,17,0,27,0,0,96,0,96,0,10,113,0,123,178,0,178,301
03/05/2022,UES,WI,AGL,CE,Federal Contract Tower,0,11,7,0,18,0,0,36,0,36,0,11,43,0,54,76,0,76,130
03/06/2022,UES,WI,AGL,CE,Federal Contract Tower,0,14,13,0,27,0,2,19,0,21,0,16,32,0,48,26,0,26,74
03/07/2022,UES,WI,AGL,CE,Federal Contract Tower,0,5,12,0,17,0,2,0,0,2,0,7,12,0,19,0,0,0,19
03/08/2022,UES,WI,AGL,CE,Federal Contract Tower,0,11,26,0,37,0,1,107,0,108,0,12,133,0,145,90,0,90,235
03/09/2022,UES,WI,AGL,CE,Federal Contract Tower,0,8,16,2,26,0,0,96,0,96,0,8,112,2,122,234,0,234,356
03/10/2022,UES,WI,AGL,CE,Federal Contract Tower,0,2,24,0,26,0,5,92,0,97,0,7,116,0,123,216,8,224,347
03/11/2022,UES,WI,AGL,CE,Federal Contract Tower,0,8,27,0,35,0,2,50,0,52,0,10,77,0,87,42,0,42,129
03/12/2022,UES,WI,AGL,CE,Federal Contract Tower,0,7,18,0,25,0,2,28,0,30,0,9,46,0,55,52,0,52,107
03/13/2022,UES,WI,AGL,CE,Federal Contract Tower,0,9,21,0,30,0,4,66,0,70,0,13,87,0,100,40,0,40,140
03/14/2022,UES,WI,AGL,CE,Federal Contract Tower,0,6,24,0,30,0,2,69,0,71,0,8,93,0,101,50,0,50,151
03/15/2022,UES,WI,AGL,CE,Federal Contract Tower,0,11,12,0,23,0,0,110,0,110,0,11,122,0,133,190,0,190,323
03/16/2022,UES,WI,AGL,CE,Federal Contract Tower,0,9,26,0,35,0,6,72,0,78,0,15,98,0,113,38,0,38,151
03/17/2022,UES,WI,AGL,CE,Federal Contract Tower,0,5,16,0,21,0,0,113,0,113,0,5,129,0,134,136,0,136,270
03/18/2022,UES,WI,AGL,CE,Federal Contract Tower,0,11,19,0,30,0,0,0,0,0,0,11,19,0,30,0,0,0,30
03/19/2022,UES,WI,AGL,CE,Federal Contract Tower,0,11,10,0,21,0,0,4,0,4,0,11,14,0,25,0,0,0,25
03/20/2022,UES,WI,AGL,CE,Federal Contract Tower,0,8,18,0,26,0,0,205,0,205,0,8,223,0,231,250,0,250,481
03/21/2022,UES,WI,AGL,CE,Federal Contract Tower,0,3,7,0,10,0,11,111,0,122,0,14,118,0,132,76,0,76,208
03/22/2022,UES,WI,AGL,CE,Federal Contract Tower,0,5,11,0,16,0,0,7,0,7,0,5,18,0,23,34,0,34,57
03/23/2022,UES,WI,AGL,CE,Federal Contract Tower,0,21,6,0,27,0,0,0,0,0,0,21,6,0,27,0,0,0,27
03/24/2022,UES,WI,AGL,CE,Federal Contract Tower,0,5,12,0,17,0,0,0,0,0,0,5,12,0,17,0,0,0,17
03/25/2022,UES,WI,AGL,CE,Federal Contract Tower,0,3,9,0,12,0,1,1,0,2,0,4,10,0,14,0,0,0,14
03/26/2022,UES,WI,AGL,CE,Federal Contract Tower,0,9,23,0,32,0,2,8,0,10,0,11,31,0,42,0,0,0,42
03/27/2022,UES,WI,AGL,CE,Federal Contract Tower,0,8,10,0,18,0,7,91,0,98,0,15,101,0,116,90,0,90,206
03/28/2022,UES,WI,AGL,CE,Federal Contract Tower,0,5,13,0,18,0,4,168,8,180,0,9,181,8,198,140,0,140,338
03/29/2022,UES,WI,AGL,CE,Federal Contract Tower,0,7,21,0,28,0,4,51,2,57,0,11,72,2,85,38,0,38,123
03/30/2022,UES,WI,AGL,CE,Federal Contract Tower,0,2,27,0,29,0,1,10,0,11,0,3,37,0,40,14,0,14,54
03/31/2022,UES,WI,AGL,CE,Federal Contract Tower,0,4,11,0,15,0,0,10,0,10,0,4,21,0,25,44,0,44,69
04/01/2022,UES,WI,AGL,CE,Federal Contract Tower,0,1,24,0,25,0,0,113,0,113,0,1,137,0,138,232,0,232,370
04/02/2022,UES,WI,AGL,CE,Federal Contract Tower,0,0,3,0,3,0,0,2,0,2,0,0,5,0,5,0,0,0,5
04/03/2022,UES,WI,AGL,CE,Federal Contract Tower,0,5,17,0,22,0,2,65,0,67,0,7,82,0,89,78,0,78,167
04/04/2022,UES,WI,AGL,CE,Federal Contract Tower,0,5,12,0,17,0,0,18,0,18,0,5,30,0,35,20,0,20,55
04/05/2022,UES,WI,AGL,CE,Federal Contract Tower,0,12,21,0,33,0,0,26,0,26,0,12,47,0,59,150,0,150,209
04/06/2022,UES,WI,AGL,CE,Federal Contract Tower,0,8,29,0,37,0,0,51,0,51,0,8,80,0,88,6,6,12,100
04/07/2022,UES,WI,AGL,CE,Federal Contract Tower,0,9,19,0,28,0,0,35,0,35,0,9,54,0,63,50,0,50,113
04/08/2022,UES,WI,AGL,CE,Federal Contract Tower,0,15,12,0,27,0,0,0,0,0,0,15,12,0,27,0,0,0,27
04/09/2022,UES,WI,AGL,CE,Federal Contract Tower,0,3,16,0,19,0,3,99,0,102,0,6,115,0,121,182,0,182,303
04/10/2022,UES,WI,AGL,CE,Federal Contract Tower,0,6,18,0,24,0,0,90,0,90,0,6,108,0,114,32,0,32,146
04/11/2022,UES,WI,AGL,CE,Federal Contract Tower,0,10,14,0,24,0,1,103,12,116,0,11,117,12,140,68,10,78,218
04/12/2022,UES,WI,AGL,CE,Federal Contract Tower,0,11,23,0,34,0,0,65,0,65,0,11,88,0,99,70,0,70,169
04/13/2022,UES,WI,AGL,CE,Federal Contract Tower,0,7,12,2,21,0,4,29,0,33,0,11,41,2,54,32,0,32,86
04/14/2022,UES,WI,AGL,CE,Federal Contract Tower,0,4,22,0,26,0,4,7,2,13,0,8,29,2,39,0,0,0,39
04/15/2022,UES,WI,AGL,CE,Federal Contract Tower,0,7,20,0,27,0,7,20,0,27,0,14,40,0,54,22,0,22,76
04/16/2022,UES,WI,AGL,CE,Federal Contract Tower,0,2,11,0,13,0,0,95,0,95,0,2,106,0,108,150,0,150,258
04/17/2022,UES,WI,AGL,CE,Federal Contract Tower,0,3,6,0,9,0,2,89,0,91,0,5,95,0,100,148,0,148,248
04/18/2022,UES,WI,AGL,CE,Federal Contract Tower,0,8,19,0,27,0,0,1,0,1,0,8,20,0,28,0,0,0,28
04/19/2022,UES,WI,AGL,CE,Federal Contract Tower,0,7,22,0,29,0,3,122,0,125,0,10,144,0,154,138,0,138,292
04/20/2022,UES,WI,AGL,CE,Federal Contract Tower,0,16,19,0,35,0,0,73,0,73,0,16,92,0,108,110,0,110,218
04/21/2022,UES,WI,AGL,CE,Federal Contract Tower,0,5,22,0,27,0,5,113,0,118,0,10,135,0,145,118,0,118,263
04/22/2022,UES,WI,AGL,CE,Federal Contract Tower,0,9,16,0,25,0,0,2,0,2,0,9,18,0,27,0,0,0,27
04/23/2022,UES,WI,AGL,CE,Federal Contract Tower,0,9,13,0,22,0,0,46,0,46,0,9,59,0,68,82,0,82,150
04/24/2022,UES,WI,AGL,CE,Federal Contract Tower,0,11,12,0,23,0,2,16,0,18,0,13,28,0,41,6,0,6,47
04/25/2022,UES,WI,AGL,CE,Federal Contract Tower,0,9,16,0,25,0,0,2,0,2,0,9,18,0,27,0,0,0,27
04/26/2022,UES,WI,AGL,CE,Federal Contract Tower,0,2,29,0,31,0,1,99,0,100,0,3,128,0,131,122,0,122,253
04/27/2022,UES,WI,AGL,CE,Federal Contract Tower,0,17,28,0,45,0,2,132,0,134,0,19,160,0,179,204,0,204,383
04/28/2022,UES,WI,AGL,CE,Federal Contract Tower,0,14,18,2,34,0,3,81,4,88,0,17,99,6,122,82,0,82,204
04/29/2022,UES,WI,AGL,CE,Federal Contract Tower,0,15,14,0,29,0,3,108,0,111,0,18,122,0,140,128,0,128,268
04/30/2022,UES,WI,AGL,CE,Federal Contract Tower,0,7,18,0,25,0,0,3,0,3,0,7,21,0,28,4,0,4,32
05/01/2022,UES,WI,AGL,CE,Federal Contract Tower,0,10,20,0,30,0,0,7,0,7,0,10,27,0,37,12,0,12,49
05/02/2022,UES,WI,AGL,CE,Federal Contract Tower,0,4,8,0,12,0,2,88,2,92,0,6,96,2,104,160,0,160,264
05/03/2022,UES,WI,AGL,CE,Federal Contract Tower,0,6,7,0,13,0,0,0,0,0,0,6,7,0,13,0,0,0,13
05/04/2022,UES,WI,AGL,CE,Federal Contract Tower,0,15,25,0,40,0,0,147,0,147,0,15,172,0,187,170,0,170,357
05/05/2022,UES,WI,AGL,CE,Federal Contract Tower,0,11,25,2,38,0,0,134,0,134,0,11,159,2,172,202,0,202,374
05/06/2022,UES,WI,AGL,CE,Federal Contract Tower,0,18,27,0,45,0,2,52,0,54,0,20,79,0,99,156,0,156,255
05/07/2022,UES,WI,AGL,CE,Federal Contract Tower,0,6,8,0,14,0,3,190,0,193,0,9,198,0,207,134,0,134,341
05/08/2022,UES,WI,AGL,CE,Federal Contract Tower,0,4,16,0,20,0,0,56,0,56,0,4,72,0,76,42,0,42,118
05/09/2022,UES,WI,AGL,CE,Federal Contract Tower,0,6,23,0,29,0,3,12,0,15,0,9,35,0,44,6,0,6,50
05/10/2022,UES,WI,AGL,CE,Federal Contract Tower,0,5,26,0,31,0,0,90,0,90,0,5,116,0,121,90,0,90,211
05/11/2022,UES,WI,AGL,CE,Federal Contract Tower,0,5,26,0,31,0,0,115,2,117,0,5,141,2,148,190,0,190,338
05/12/2022,UES,WI,AGL,CE,Federal Contract Tower,0,9,32,0,41,0,5,120,0,125,0,14,152,0,166,94,0,94,260
05/13/2022,UES,WI,AGL,CE,Federal Contract Tower,0,13,28,0,41,0,0,102,0,102,0,13,130,0,143,96,0,96,239
05/14/2022,UES,WI,AGL,CE,Federal Contract Tower,0,3,17,0,20,0,2,138,0,140,0,5,155,0,160,112,0,112,272
05/15/2022,UES,WI,AGL,CE,Federal Contract Tower,0,23,28,0,51,0,2,122,0,124,0,25,150,0,175,174,0,174,349
05/16/2022,UES,WI,AGL,CE,Federal Contract Tower,0,13,25,0,38,0,6,84,0,90,0,19,109,0,128,64,0,64,192
05/17/2022,UES,WI,AGL,CE,Federal Contract Tower,0,14,24,0,38,0,1,99,0,100,0,15,123,0,138,82,0,82,220
05/18/2022,UES,WI,AGL,CE,Federal Contract Tower,0,2,28,0,30,0,1,37,0,38,0,3,65,0,68,106,0,106,174
05/19/2022,UES,WI,AGL,CE,Federal Contract Tower,0,3,34,0,37,0,2,109,0,111,0,5,143,0,148,180,0,180,328
05/20/2022,UES,WI,AGL,CE,Federal Contract Tower,0,13,35,0,48,0,2,13,0,15,0,15,48,0,63,50,0,50,113
05/21/2022,UES,WI,AGL,CE,Federal Contract Tower,0,8,23,0,31,0,4,95,0,99,0,12,118,0,130,156,0,156,286
05/22/2022,UES,WI,AGL,CE,Federal Contract Tower,0,5,20,0,25,0,4,94,0,98,0,9,114,0,123,120,0,120,243
05/23/2022,UES,WI,AGL,CE,Federal Contract Tower,0,7,15,0,22,0,6,135,0,141,0,13,150,0,163,156,0,156,319
05/24/2022,UES,WI,AGL,CE,Federal Contract Tower,0,11,37,0,48,0,0,137,0,137,0,11,174,0,185,154,0,154,339
05/25/2022,UES,WI,AGL,CE,Federal Contract Tower,0,7,25,0,32,0,1,2,0,3,0,8,27,0,35,0,0,0,35
05/26/2022,UES,WI,AGL,CE,Federal Contract Tower,0,5,21,0,26,0,2,28,4,34,0,7,49,4,60,16,0,16,76
05/27/2022,UES,WI,AGL,CE,Federal Contract Tower,0,8,45,0,53,0,5,35,0,40,0,13,80,0,93,62,0,62,155
05/28/2022,UES,WI,AGL,CE,Federal Contract Tower,0,3,14,0,17,0,3,79,0,82,0,6,93,0,99,48,0,48,147
05/29/2022,UES,WI,AGL,CE,Federal Contract Tower,0,5,14,0,19,0,3,77,0,80,0,8,91,0,99,94,0,94,193
05/30/2022,UES,WI,AGL,CE,Federal Contract Tower,0,5,16,0,21,0,2,58,0,60,0,7,74,0,81,58,0,58,139
05/31/2022,UES,WI,AGL,CE,Federal Contract Tower,0,8,26,0,34,0,2,42,0,44,0,10,68,0,78,12,0,12,90
06/01/2022,UES,WI,AGL,CE,Federal Contract Tower,0,3,21,0,24,0,3,122,0,125,0,6,143,0,149,130,0,130,279
06/02/2022,UES,WI,AGL,CE,Federal Contract Tower,0,7,26,0,33,0,0,115,0,115,0,7,141,0,148,132,0,132,280
06/03/2022,UES,WI,AGL,CE,Federal Contract Tower,0,8,32,0,40,0,3,93,0,96,0,11,125,0,136,120,0,120,256
06/04/2022,UES,WI,AGL,CE,Federal Contract Tower,0,4,14,0,18,0,1,121,0,122,0,5,135,0,140,190,0,190,330
06/05/2022,UES,WI,AGL,CE,Federal Contract Tower,0,20,26,0,46,0,2,80,0,82,0,22,106,0,128,154,0,154,282
06/06/2022,UES,WI,AGL,CE,Federal Contract Tower,0,4,41,0,45,0,2,8,0,10,0,6,49,0,55,0,0,0,55
06/07/2022,UES,WI,AGL,CE,Federal Contract Tower,0,9,24,0,33,0,3,103,0,106,0,12,127,0,139,166,0,166,305
06/08/2022,UES,WI,AGL,CE,Federal Contract Tower,0,1,26,0,27,0,0,0,0,0,0,1,26,0,27,0,0,0,27
06/09/2022,UES,WI,AGL,CE,Federal Contract Tower,0,9,38,0,47,0,6,126,0,132,0,15,164,0,179,146,0,146,325
06/10/2022,UES,WI,AGL,CE,Federal Contract Tower,0,7,13,0,20,0,0,60,0,60,0,7,73,0,80,94,0,94,174
06/11/2022,UES,WI,AGL,CE,Federal Contract Tower,0,0,23,0,23,0,1,17,0,18,0,1,40,0,41,52,0,52,93
06/12/2022,UES,WI,AGL,CE,Federal Contract Tower,0,6,25,0,31,0,0,97,0,97,0,6,122,0,128,80,0,80,208
06/13/2022,UES,WI,AGL,CE,Federal Contract Tower,0,5,24,0,29,0,0,37,0,37,0,5,61,0,66,34,0,34,100
06/14/2022,UES,WI,AGL,CE,Federal Contract Tower,0,7,19,0,26,0,4,71,0,75,0,11,90,0,101,92,0,92,193
06/15/2022,UES,WI,AGL,CE,Federal Contract Tower,0,9,17,0,26,0,4,97,0,101,0,13,114,0,127,98,0,98,225
06/16/2022,UES,WI,AGL,CE,Federal Contract Tower,0,10,24,0,34,0,2,32,2,36,0,12,56,2,70,0,0,0,70
06/17/2022,UES,WI,AGL,CE,Federal Contract Tower,0,1,25,0,26,0,2,96,0,98,0,3,121,0,124,50,0,50,174
06/18/2022,UES,WI,AGL,CE,Federal Contract Tower,0,6,15,0,21,0,0,126,0,126,0,6,141,0,147,134,0,134,281
06/19/2022,UES,WI,AGL,CE,Federal Contract Tower,0,2,12,0,14,0,3,91,0,94,0,5,103,0,108,138,0,138,246
06/20/2022,UES,WI,AGL,CE,Federal Contract Tower,0,8,23,0,31,0,2,105,0,107,0,10,128,0,138,96,0,96,234
06/21/2022,UES,WI,AGL,CE,Federal Contract Tower,0,5,27,0,32,0,0,52,0,52,0,5,79,0,84,132,0,132,216
06/22/2022,UES,WI,AGL,CE,Federal Contract Tower,0,11,22,0,33,0,4,174,0,178,0,15,196,0,211,238,0,238,449
06/23/2022,UES,WI,AGL,CE,Federal Contract Tower,0,6,43,0,49,0,5,151,0,156,0,11,194,0,205,120,0,120,325
06/24/2022,UES,WI,AGL,CE,Federal Contract Tower,0,8,22,0,30,0,5,105,0,110,0,13,127,0,140,220,0,220,360
06/25/2022,UES,WI,AGL,CE,Federal Contract Tower,0,3,13,0,16,0,0,11,0,11,0,3,24,0,27,34,0,34,61
06/26/2022,UES,WI,AGL,CE,Federal Contract Tower,0,11,14,0,25,0,2,52,0,54,0,13,66,0,79,34,0,34,113
06/27/2022,UES,WI,AGL,CE,Federal Contract Tower,0,11,38,0,49,0,6,159,0,165,0,17,197,0,214,102,0,102,316
06/28/2022,UES,WI,AGL,CE,Federal Contract Tower,0,9,31,0,40,0,2,101,2,105,0,11,132,2,145,208,0,208,353
06/29/2022,UES,WI,AGL,CE,Federal Contract Tower,0,23,37,0,60,0,6,171,0,177,0,29,208,0,237,286,0,286,523
06/30/2022,UES,WI,AGL,CE,Federal Contract Tower,0,23,28,0,51,0,2,66,0,68,0,25,94,0,119,64,0,64,183
07/01/2022,UES,WI,AGL,CE,Federal Contract Tower,0,18,36,0,54,0,4,112,0,116,0,22,148,0,170,174,0,174,344
07/02/2022,UES,WI,AGL,CE,Federal Contract Tower,0,6,8,0,14,0,2,82,0,84,0,8,90,0,98,102,0,102,200
07/03/2022,UES,WI,AGL,CE,Federal Contract Tower,0,8,7,0,15,0,2,97,0,99,0,10,104,0,114,176,0,176,290
07/04/2022,UES,WI,AGL,CE,Federal Contract Tower,0,5,9,0,14,0,0,47,0,47,0,5,56,0,61,32,0,32,93
07/05/2022,UES,WI,AGL,CE,Federal Contract Tower,0,11,15,0,26,0,0,60,0,60,0,11,75,0,86,116,0,116,202
07/06/2022,UES,WI,AGL,CE,Federal Contract Tower,0,8,31,2,41,0,5,41,0,46,0,13,72,2,87,156,0,156,243
07/07/2022,UES,WI,AGL,CE,Federal Contract Tower,0,10,31,0,41,0,2,124,2,128,0,12,155,2,169,228,0,228,397
07/08/2022,UES,WI,AGL,CE,Federal Contract Tower,0,6,23,0,29,0,0,43,0,43,0,6,66,0,72,62,0,62,134
07/09/2022,UES,WI,AGL,CE,Federal Contract Tower,0,0,22,0,22,0,6,147,0,153,0,6,169,0,175,100,0,100,275
07/10/2022,UES,WI,AGL,CE,Federal Contract Tower,0,4,20,0,24,0,12,114,0,126,0,16,134,0,150,104,0,104,254
07/11/2022,UES,WI,AGL,CE,Federal Contract Tower,0,6,31,0,37,0,6,35,0,41,0,12,66,0,78,26,0,26,104
07/12/2022,UES,WI,AGL,CE,Federal Contract Tower,0,9,29,0,38,0,2,60,0,62,0,11,89,0,100,88,0,88,188
07/13/2022,UES,WI,AGL,CE,Federal Contract Tower,0,8,28,2,38,0,4,78,0,82,0,12,106,2,120,110,0,110,230
07/14/2022,UES,WI,AGL,CE,Federal Contract Tower,0,6,30,0,36,0,2,146,0,148,0,8,176,0,184,136,0,136,320
07/15/2022,UES,WI,AGL,CE,Federal Contract Tower,0,3,22,0,25,0,0,6,0,6,0,3,28,0,31,12,0,12,43
07/16/2022,UES,WI,AGL,CE,Federal Contract Tower,0,2,31,8,41,0,0,23,0,23,0,2,54,8,64,6,0,6,70
07/17/2022,UES,WI,AGL,CE,Federal Contract Tower,0,5,25,0,30,0,1,112,0,113,0,6,137,0,143,262,0,262,405
07/18/2022,UES,WI,AGL,CE,Federal Contract Tower,0,5,24,0,29,0,8,204,0,212,0,13,228,0,241,186,0,186,427
07/19/2022,UES,WI,AGL,CE,Federal Contract Tower,0,13,22,0,35,0,0,95,0,95,0,13,117,0,130,154,0,154,284
07/20/2022,UES,WI,AGL,CE,Federal Contract Tower,0,11,29,0,40,0,0,60,0,60,0,11,89,0,100,32,0,32,132
07/21/2022,UES,WI,AGL,CE,Federal Contract Tower,0,8,27,0,35,0,3,131,2,136,0,11,158,2,171,90,0,90,261
07/22/2022,UES,WI,AGL,CE,Federal Contract Tower,0,11,32,0,43,0,2,129,2,133,0,13,161,2,176,82,12,94,270
07/23/2022,UES,WI,AGL,CE,Federal Contract Tower,0,4,20,0,24,0,5,109,0,114,0,9,129,0,138,97,0,97,235
07/24/2022,UES,WI,AGL,CE,Federal Contract Tower,0,10,40,0,50,0,4,87,0,91,0,14,127,0,141,20,0,20,161
07/25/2022,UES,WI,AGL,CE,Federal Contract Tower,0,4,31,0,35,0,2,103,0,105,0,6,134,0,140,120,0,120,260
07/26/2022,UES,WI,AGL,CE,Federal Contract Tower,0,7,38,0,45,0,3,91,0,94,0,10,129,0,139,144,0,144,283
07/27/2022,UES,WI,AGL,CE,Federal Contract Tower,0,13,38,0,51,0,0,95,0,95,0,13,133,0,146,54,0,54,200
07/28/2022,UES,WI,AGL,CE,Federal Contract Tower,0,17,34,0,51,0,5,169,0,174,0,22,203,0,225,70,0,70,295
07/29/2022,UES,WI,AGL,CE,Federal Contract Tower,0,5,36,0,41,0,6,86,0,92,0,11,122,0,133,78,0,78,211
07/30/2022,UES,WI,AGL,CE,Federal Contract Tower,0,6,23,0,29,0,10,98,0,108,0,16,121,0,137,102,0,102,239
07/31/2022,UES,WI,AGL,CE,Federal Contract Tower,0,1,25,0,26,0,0,140,0,140,0,1,165,0,166,120,0,120,286
08/01/2022,UES,WI,AGL,CE,Federal Contract Tower,0,5,18,0,23,0,2,57,0,59,0,7,75,0,82,130,0,130,212
08/02/2022,UES,WI,AGL,CE,Federal Contract Tower,0,6,33,0,39,0,4,69,0,73,0,10,102,0,112,74,0,74,186
08/03/2022,UES,WI,AGL,CE,Federal Contract Tower,0,11,13,0,24,0,3,20,0,23,0,14,33,0,47,16,0,16,63
08/04/2022,UES,WI,AGL,CE,Federal Contract Tower,0,11,37,0,48,0,6,144,0,150,0,17,181,0,198,118,0,118,316
08/05/2022,UES,WI,AGL,CE,Federal Contract Tower,0,4,22,0,26,0,4,91,0,95,0,8,113,0,121,90,0,90,211
08/06/2022,UES,WI,AGL,CE,Federal Contract Tower,0,2,17,0,19,0,4,95,0,99,0,6,112,0,118,78,0,78,196
08/07/2022,UES,WI,AGL,CE,Federal Contract Tower,0,2,20,0,22,0,4,1,0,5,0,6,21,0,27,0,0,0,27
08/08/2022,UES,WI,AGL,CE,Federal Contract Tower,0,4,35,0,39,0,2,17,0,19,0,6,52,0,58,0,0,0,58
08/09/2022,UES,WI,AGL,CE,Federal Contract Tower,0,10,47,2,59,0,3,120,0,123,0,13,167,2,182,110,0,110,292
08/10/2022,UES,WI,AGL,CE,Federal Contract Tower,0,10,37,0,47,0,4,193,0,197,0,14,230,0,244,216,0,216,460
08/11/2022,UES,WI,AGL,CE,Federal Contract Tower,0,10,39,2,51,0,2,176,0,178,0,12,215,2,229,214,0,214,443
08/12/2022,UES,WI,AGL,CE,Federal Contract Tower,0,4,34,0,38,0,1,130,0,131,0,5,164,0,169,158,0,158,327
08/13/2022,UES,WI,AGL,CE,Federal Contract Tower,0,5,27,0,32,0,0,42,0,42,0,5,69,0,74,72,0,72,146
08/14/2022,UES,WI,AGL,CE,Federal Contract Tower,0,9,31,0,40,0,3,22,0,25,0,12,53,0,65,0,0,0,65
08/15/2022,UES,WI,AGL,CE,Federal Contract Tower,0,6,42,0,48,0,0,136,0,136,0,6,178,0,184,136,0,136,320
08/16/2022,UES,WI,AGL,CE,Federal Contract Tower,0,8,25,0,33,0,4,158,0,162,0,12,183,0,195,98,0,98,293
08/17/2022,UES,WI,AGL,CE,Federal Contract Tower,0,8,29,0,37,0,4,161,0,165,0,12,190,0,202,190,0,190,392
08/18/2022,UES,WI,AGL,CE,Federal Contract Tower,0,10,36,0,46,0,3,124,0,127,0,13,160,0,173,168,0,168,341
08/19/2022,UES,WI,AGL,CE,Federal Contract Tower,0,10,18,0,28,0,2,87,0,89,0,12,105,0,117,92,0,92,209
08/20/2022,UES,WI,AGL,CE,Federal Contract Tower,0,4,23,0,27,0,2,6,0,8,0,6,29,0,35,30,0,30,65
08/21/2022,UES,WI,AGL,CE,Federal Contract Tower,0,14,43,0,57,0,0,60,0,60,0,14,103,0,117,38,0,38,155
08/22/2022,UES,WI,AGL,CE,Federal Contract Tower,0,11,23,0,34,0,0,149,0,149,0,11,172,0,183,148,0,148,331
08/23/2022,UES,WI,AGL,CE,Federal Contract Tower,0,6,19,0,25,0,4,98,0,102,0,10,117,0,127,130,0,130,257
08/24/2022,UES,WI,AGL,CE,Federal Contract Tower,0,6,32,0,38,0,0,170,0,170,0,6,202,0,208,170,0,170,378
08/25/2022,UES,WI,AGL,CE,Federal Contract Tower,0,7,37,0,44,0,0,17,0,17,0,7,54,0,61,50,0,50,111
08/26/2022,UES,WI,AGL,CE,Federal Contract Tower,0,5,32,0,37,0,3,113,0,116,0,8,145,0,153,148,0,148,301
08/27/2022,UES,WI,AGL,CE,Federal Contract Tower,0,1,21,0,22,0,1,95,0,96,0,2,116,0,118,116,0,116,234
08/28/2022,UES,WI,AGL,CE,Federal Contract Tower,0,6,16,0,22,0,4,22,0,26,0,10,38,0,48,24,0,24,72
08/29/2022,UES,WI,AGL,CE,Federal Contract Tower,0,6,25,0,31,0,0,46,0,46,0,6,71,0,77,84,0,84,161
08/30/2022,UES,WI,AGL,CE,Federal Contract Tower,0,3,40,0,43,0,0,77,0,77,0,3,117,0,120,62,0,62,182
08/31/2022,UES,WI,AGL,CE,Federal Contract Tower,0,8,33,0,41,0,0,140,4,144,0,8,173,4,185,190,0,190,375
09/01/2022,UES,WI,AGL,CE,Federal Contract Tower,0,7,40,0,47,0,2,151,0,153,0,9,191,0,200,146,0,146,346
09/02/2022,UES,WI,AGL,CE,Federal Contract Tower,0,4,22,0,26,0,6,87,0,93,0,10,109,0,119,102,0,102,221
09/03/2022,UES,WI,AGL,CE,Federal Contract Tower,0,4,22,0,26,0,0,9,0,9,0,4,31,0,35,0,0,0,35
09/04/2022,UES,WI,AGL,CE,Federal Contract Tower,0,4,28,0,32,0,4,54,0,58,0,8,82,0,90,36,0,36,126
09/05/2022,UES,WI,AGL,CE,Federal Contract Tower,0,12,22,0,34,0,0,126,0,126,0,12,148,0,160,94,0,94,254
09/06/2022,UES,WI,AGL,CE,Federal Contract Tower,0,11,16,0,27,0,2,77,0,79,0,13,93,0,106,72,0,72,178
09/07/2022,UES,WI,AGL,CE,Federal Contract Tower,0,9,30,0,39,0,4,149,0,153,0,13,179,0,192,188,0,188,380
09/08/2022,UES,WI,AGL,CE,Federal Contract Tower,0,10,27,2,39,0,0,126,0,126,0,10,153,2,165,192,0,192,357
09/09/2022,UES,WI,AGL,CE,Federal Contract Tower,0,13,23,0,36,0,5,119,0,124,0,18,142,0,160,194,0,194,354
09/10/2022,UES,WI,AGL,CE,Federal Contract Tower,0,3,25,0,28,0,3,114,0,117,0,6,139,0,145,144,0,144,289
09/11/2022,UES,WI,AGL,CE,Federal Contract Tower,0,5,20,0,25,0,0,0,0,0,0,5,20,0,25,0,0,0,25
09/12/2022,UES,WI,AGL,CE,Federal Contract Tower,0,5,39,0,44,0,6,24,0,30,0,11,63,0,74,38,0,38,112
09/13/2022,UES,WI,AGL,CE,Federal Contract Tower,0,17,27,0,44,0,1,86,1,88,0,18,113,1,132,130,2,132,264
09/14/2022,UES,WI,AGL,CE,Federal Contract Tower,0,9,40,0,49,0,3,87,0,90,0,12,127,0,139,114,0,114,253
09/15/2022,UES,WI,AGL,CE,Federal Contract Tower,0,5,28,0,33,0,5,157,0,162,0,10,185,0,195,210,0,210,405
09/16/2022,UES,WI,AGL,CE,Federal Contract Tower,0,1,30,0,31,0,0,144,0,144,0,1,174,0,175,180,0,180,355
09/17/2022,UES,WI,AGL,CE,Federal Contract Tower,0,4,27,0,31,0,3,123,0,126,0,7,150,0,157,170,0,170,327
09/18/2022,UES,WI,AGL,CE,Federal Contract Tower,0,6,32,0,38,0,7,150,0,157,0,13,182,0,195,168,0,168,363
09/19/2022,UES,WI,AGL,CE,Federal Contract Tower,0,10,29,0,39,0,1,191,0,192,0,11,220,0,231,192,0,192,423
09/20/2022,UES,WI,AGL,CE,Federal Contract Tower,0,10,26,0,36,0,2,52,0,54,0,12,78,0,90,64,0,64,154
09/21/2022,UES,WI,AGL,CE,Federal Contract Tower,0,8,21,0,29,0,0,71,0,71,0,8,92,0,100,36,0,36,136
09/22/2022,UES,WI,AGL,CE,Federal Contract Tower,0,8,37,0,45,0,0,138,0,138,0,8,175,0,183,170,0,170,353
09/23/2022,UES,WI,AGL,CE,Federal Contract Tower,0,12,42,0,54,0,3,110,0,113,0,15,152,0,167,214,0,214,381
09/24/2022,UES,WI,AGL,CE,Federal Contract Tower,0,3,33,0,36,0,2,25,0,27,0,5,58,0,63,26,0,26,89
09/25/2022,UES,WI,AGL,CE,Federal Contract Tower,0,7,36,0,43,0,0,35,0,35,0,7,71,0,78,20,0,20,98
09/26/2022,UES,WI,AGL,CE,Federal Contract Tower,0,8,25,0,33,0,2,63,0,65,0,10,88,0,98,28,0,28,126
09/27/2022,UES,WI,AGL,CE,Federal Contract Tower,0,7,27,0,34,0,6,64,2,72,0,13,91,2,106,134,2,136,242
09/28/2022,UES,WI,AGL,CE,Federal Contract Tower,0,3,38,0,41,0,4,134,4,142,0,7,172,4,183,134,0,134,317
09/29/2022,UES,WI,AGL,CE,Federal Contract Tower,0,15,28,2,45,0,2,174,4,180,0,17,202,6,225,206,0,206,431
09/30/2022,UES,WI,AGL,CE,Federal Contract Tower,0,6,19,0,25,0,3,140,0,143,0,9,159,0,168,152,0,152,320
10/01/2022,UES,WI,AGL,CE,Federal Contract Tower,0,10,37,0,47,0,4,224,0,228,0,14,261,0,275,94,0,94,369
10/02/2022,UES,WI,AGL,CE,Federal Contract Tower,0,14,29,0,43,0,0,75,0,75,0,14,104,0,118,100,0,100,218
10/03/2022,UES,WI,AGL,CE,Federal Contract Tower,0,6,18,0,24,0,2,145,0,147,0,8,163,0,171,184,0,184,355
10/04/2022,UES,WI,AGL,CE,Federal Contract Tower,0,19,24,0,43,0,7,81,0,88,0,26,105,0,131,114,0,114,245
10/05/2022,UES,WI,AGL,CE,Federal Contract Tower,0,14,30,0,44,0,4,125,0,129,0,18,155,0,173,106,0,106,279
10/06/2022,UES,WI,AGL,CE,Federal Contract Tower,0,14,32,0,46,0,0,72,0,72,0,14,104,0,118,116,0,116,234
10/07/2022,UES,WI,AGL,CE,Federal Contract Tower,0,21,21,0,42,0,1,76,0,77,0,22,97,0,119,76,0,76,195
10/08/2022,UES,WI,AGL,CE,Federal Contract Tower,0,9,12,0,21,0,4,51,0,55,0,13,63,0,76,40,0,40,116
10/09/2022,UES,WI,AGL,CE,Federal Contract Tower,0,5,21,0,26,0,3,109,0,112,0,8,130,0,138,248,0,248,386
10/10/2022,UES,WI,AGL,CE,Federal Contract Tower,0,3,21,0,24,0,10,159,0,169,0,13,180,0,193,240,0,240,433
10/11/2022,UES,WI,AGL,CE,Federal Contract Tower,0,5,30,0,35,0,3,41,0,44,0,8,71,0,79,70,0,70,149
10/12/2022,UES,WI,AGL,CE,Federal Contract Tower,0,12,15,0,27,0,4,18,0,22,0,16,33,0,49,60,0,60,109
10/13/2022,UES,WI,AGL,CE,Federal Contract Tower,0,11,30,0,41,0,3,119,0,122,0,14,149,0,163,82,0,82,245
10/14/2022,UES,WI,AGL,CE,Federal Contract Tower,0,14,20,0,34,0,0,66,0,66,0,14,86,0,100,120,0,120,220
10/15/2022,UES,WI,AGL,CE,Federal Contract Tower,0,1,8,0,9,0,4,52,0,56,0,5,60,0,65,110,0,110,175
10/16/2022,UES,WI,AGL,CE,Federal Contract Tower,0,13,25,0,38,0,0,59,0,59,0,13,84,0,97,102,0,102,199
10/17/2022,UES,WI,AGL,CE,Federal Contract Tower,0,16,21,0,37,0,0,4,0,4,0,16,25,0,41,0,0,0,41
10/18/2022,UES,WI,AGL,CE,Federal Contract Tower,0,9,17,0,26,0,2,23,2,27,0,11,40,2,53,2,2,4,57
10/19/2022,UES,WI,AGL,CE,Federal Contract Tower,0,15,26,0,41,0,5,147,0,152,0,20,173,0,193,94,0,94,287
10/20/2022,UES,WI,AGL,CE,Federal Contract Tower,0,18,35,0,53,0,3,153,2,158,0,21,188,2,211,190,0,190,401
10/21/2022,UES,WI,AGL,CE,Federal Contract Tower,0,9,25,0,34,0,9,58,0,67,0,18,83,0,101,64,0,64,165
10/22/2022,UES,WI,AGL,CE,Federal Contract Tower,0,8,18,0,26,0,3,104,0,107,0,11,122,0,133,112,0,112,245
10/23/2022,UES,WI,AGL,CE,Federal Contract Tower,0,4,24,0,28,0,3,76,0,79,0,7,100,0,107,30,0,30,137
10/24/2022,UES,WI,AGL,CE,Federal Contract Tower,0,12,17,0,29,0,5,80,0,85,0,17,97,0,114,60,0,60,174
10/25/2022,UES,WI,AGL,CE,Federal Contract Tower,0,10,29,0,39,0,0,0,0,0,0,10,29,0,39,0,0,0,39
10/26/2022,UES,WI,AGL,CE,Federal Contract Tower,0,16,24,0,40,0,1,107,0,108,0,17,131,0,148,140,0,140,288
10/27/2022,UES,WI,AGL,CE,Federal Contract Tower,0,12,37,0,49,0,0,159,0,159,0,12,196,0,208,190,0,190,398
10/28/2022,UES,WI,AGL,CE,Federal Contract Tower,0,7,23,0,30,0,5,127,0,132,0,12,150,0,162,182,0,182,344
10/29/2022,UES,WI,AGL,CE,Federal Contract Tower,0,3,7,0,10,0,3,135,0,138,0,6,142,0,148,104,0,104,252
10/30/2022,UES,WI,AGL,CE,Federal Contract Tower,0,12,14,0,26,0,4,125,0,129,0,16,139,0,155,168,0,168,323
10/31/2022,UES,WI,AGL,CE,Federal Contract Tower,0,8,17,0,25,0,3,90,0,93,0,11,107,0,118,98,0,98,216
11/01/2022,UES,WI,AGL,CE,Federal Contract Tower,0,6,26,0,32,0,2,127,0,129,0,8,153,0,161,194,0,194,355
11/02/2022,UES,WI,AGL,CE,Federal Contract Tower,0,10,20,0,30,0,4,212,0,216,0,14,232,0,246,176,0,176,422
11/03/2022,UES,WI,AGL,CE,Federal Contract Tower,0,6,18,2,26,0,4,113,2,119,0,10,131,4,145,194,0,194,339
11/04/2022,UES,WI,AGL,CE,Federal Contract Tower,0,8,24,0,32,0,2,12,0,14,0,10,36,0,46,36,0,36,82
11/05/2022,UES,WI,AGL,CE,Federal Contract Tower,0,5,6,0,11,0,0,1,0,1,0,5,7,0,12,0,0,0,12
11/06/2022,UES,WI,AGL,CE,Federal Contract Tower,0,11,12,0,23,0,6,53,0,59,0,17,65,0,82,40,0,40,122
11/07/2022,UES,WI,AGL,CE,Federal Contract Tower,0,2,22,4,28,0,1,108,0,109,0,3,130,4,137,156,0,156,293
11/08/2022,UES,WI,AGL,CE,Federal Contract Tower,0,7,26,0,33,0,5,93,0,98,0,12,119,0,131,172,0,172,303
11/09/2022,UES,WI,AGL,CE,Federal Contract Tower,0,5,38,0,43,0,1,100,0,101,0,6,138,0,144,182,0,182,326
11/10/2022,UES,WI,AGL,CE,Federal Contract Tower,0,8,15,0,23,0,1,67,0,68,0,9,82,0,91,64,0,64,155
11/11/2022,UES,WI,AGL,CE,Federal Contract Tower,0,5,32,0,37,0,0,45,0,45,0,5,77,0,82,174,0,174,256
11/12/2022,UES,WI,AGL,CE,Federal Contract Tower,0,5,6,0,11,0,0,42,0,42,0,5,48,0,53,182,0,182,235
11/13/2022,UES,WI,AGL,CE,Federal Contract Tower,0,2,37,0,39,0,0,144,0,144,0,2,181,0,183,170,0,170,353
11/14/2022,UES,WI,AGL,CE,Federal Contract Tower,0,6,36,0,42,0,0,121,0,121,0,6,157,0,163,196,0,196,359
11/15/2022,UES,WI,AGL,CE,Federal Contract Tower,0,6,18,0,24,0,0,0,0,0,0,6,18,0,24,0,0,0,24
11/16/2022,UES,WI,AGL,CE,Federal Contract Tower,0,10,29,0,39,0,0,21,0,21,0,10,50,0,60,82,0,82,142
11/17/2022,UES,WI,AGL,CE,Federal Contract Tower,0,12,33,0,45,0,0,0,0,0,0,12,33,0,45,0,0,0,45
11/18/2022,UES,WI,AGL,CE,Federal Contract Tower,0,12,23,0,35,0,0,20,0,20,0,12,43,0,55,38,0,38,93
11/19/2022,UES,WI,AGL,CE,Federal Contract Tower,0,0,9,0,9,0,0,10,0,10,0,0,19,0,19,10,0,10,29
11/20/2022,UES,WI,AGL,CE,Federal Contract Tower,0,7,23,0,30,0,0,77,0,77,0,7,100,0,107,66,0,66,173
11/21/2022,UES,WI,AGL,CE,Federal Contract Tower,0,2,17,0,19,0,0,90,0,90,0,2,107,0,109,64,0,64,173
11/22/2022,UES,WI,AGL,CE,Federal Contract Tower,0,4,25,0,29,0,0,137,4,141,0,4,162,4,170,152,8,160,330
11/23/2022,UES,WI,AGL,CE,Federal Contract Tower,0,7,19,0,26,0,0,141,0,141,0,7,160,0,167,142,0,142,309
11/24/2022,UES,WI,AGL,CE,Federal Contract Tower,0,0,5,0,5,0,0,16,0,16,0,0,21,0,21,22,0,22,43
11/25/2022,UES,WI,AGL,CE,Federal Contract Tower,0,3,21,0,24,0,1,88,0,89,0,4,109,0,113,168,0,168,281
11/26/2022,UES,WI,AGL,CE,Federal Contract Tower,0,7,24,0,31,0,0,59,0,59,0,7,83,0,90,22,0,22,112
11/27/2022,UES,WI,AGL,CE,Federal Contract Tower,0,14,15,0,29,0,0,17,0,17,0,14,32,0,46,6,0,6,52
11/28/2022,UES,WI,AGL,CE,Federal Contract Tower,0,8,24,0,32,0,0,142,0,142,0,8,166,0,174,122,0,122,296
11/29/2022,UES,WI,AGL,CE,Federal Contract Tower,0,5,15,0,20,0,0,2,0,2,0,5,17,0,22,10,0,10,32
11/30/2022,UES,WI,AGL,CE,Federal Contract Tower,0,1,9,0,10,0,0,2,0,2,0,1,11,0,12,0,0,0,12
12/01/2022,UES,WI,AGL,CE,Federal Contract Tower,0,11,19,0,30,0,0,130,0,130,0,11,149,0,160,186,0,186,346
12/02/2022,UES,WI,AGL,CE,Federal Contract Tower,0,11,22,0,33,0,0,40,0,40,0,11,62,0,73,58,0,58,131
12/03/2022,UES,WI,AGL,CE,Federal Contract Tower,0,5,8,0,13,0,2,50,0,52,0,7,58,0,65,36,0,36,101
12/04/2022,UES,WI,AGL,CE,Federal Contract Tower,0,7,20,0,27,0,2,85,0,87,0,9,105,0,114,172,0,172,286
12/05/2022,UES,WI,AGL,CE,Federal Contract Tower,0,10,20,0,30,0,0,65,0,65,0,10,85,0,95,84,0,84,179
12/06/2022,UES,WI,AGL,CE,Federal Contract Tower,0,10,20,0,30,0,0,9,0,9,0,10,29,0,39,40,0,40,79
12/07/2022,UES,WI,AGL,CE,Federal Contract Tower,0,11,17,0,28,0,0,1,0,1,0,11,18,0,29,0,0,0,29
12/08/2022,UES,WI,AGL,CE,Federal Contract Tower,0,8,37,0,45,0,0,86,0,86,0,8,123,0,131,110,0,110,241
12/09/2022,UES,WI,AGL,CE,Federal Contract Tower,0,5,17,0,22,0,0,0,0,0,0,5,17,0,22,0,0,0,22
12/10/2022,UES,WI,AGL,CE,Federal Contract Tower,0,4,6,0,10,0,0,0,0,0,0,4,6,0,10,0,0,0,10
12/11/2022,UES,WI,AGL,CE,Federal Contract Tower,0,6,22,0,28,0,0,3,0,3,0,6,25,0,31,4,0,4,35
12/12/2022,UES,WI,AGL,CE,Federal Contract Tower,0,12,24,0,36,0,0,41,0,41,0,12,65,0,77,50,0,50,127
12/13/2022,UES,WI,AGL,CE,Federal Contract Tower,0,9,9,0,18,0,0,12,0,12,0,9,21,0,30,52,0,52,82
12/14/2022,UES,WI,AGL,CE,Federal Contract Tower,0,13,4,0,17,0,0,0,0,0,0,13,4,0,17,0,0,0,17
12/15/2022,UES,WI,AGL,CE,Federal Contract Tower,0,16,21,0,37,0,0,1,0,1,0,16,22,0,38,0,0,0,38
12/16/2022,UES,WI,AGL,CE,Federal Contract Tower,0,9,22,0,31,0,0,6,0,6,0,9,28,0,37,0,0,0,37
12/17/2022,UES,WI,AGL,CE,Federal Contract Tower,0,12,11,0,23,0,0,2,0,2,0,12,13,0,25,8,0,8,33
12/18/2022,UES,WI,AGL,CE,Federal Contract Tower,0,3,11,0,14,0,0,11,0,11,0,3,22,0,25,24,0,24,49
12/19/2022,UES,WI,AGL,CE,Federal Contract Tower,0,11,14,0,25,0,2,146,0,148,0,13,160,0,173,124,0,124,297
12/20/2022,UES,WI,AGL,CE,Federal Contract Tower,0,6,27,0,33,0,1,78,0,79,0,7,105,0,112,214,0,214,326
12/21/2022,UES,WI,AGL,CE,Federal Contract Tower,0,14,19,0,33,0,0,59,0,59,0,14,78,0,92,38,0,38,130
12/22/2022,UES,WI,AGL,CE,Federal Contract Tower,0,3,4,0,7,0,0,0,0,0,0,3,4,0,7,0,0,0,7
12/23/2022,UES,WI,AGL,CE,Federal Contract Tower,0,0,6,0,6,0,0,0,0,0,0,0,6,0,6,0,0,0,6
12/24/2022,UES,WI,AGL,CE,Federal Contract Tower,0,4,2,0,6,0,0,5,0,5,0,4,7,0,11,0,0,0,11
12/25/2022,UES,WI,AGL,CE,Federal Contract Tower,0,4,1,0,5,0,0,7,0,7,0,4,8,0,12,0,0,0,12
12/26/2022,UES,WI,AGL,CE,Federal Contract Tower,0,7,10,0,17,0,0,98,0,98,0,7,108,0,115,106,0,106,221
12/27/2022,UES,WI,AGL,CE,Federal Contract Tower,0,15,21,0,36,0,4,46,0,50,0,19,67,0,86,16,0,16,102
12/28/2022,UES,WI,AGL,CE,Federal Contract Tower,0,12,21,0,33,0,2,57,0,59,0,14,78,0,92,64,0,64,156
12/29/2022,UES,WI,AGL,CE,Federal Contract Tower,0,21,10,0,31,0,0,2,0,2,0,21,12,0,33,0,0,0,33
12/30/2022,UES,WI,AGL,CE,Federal Contract Tower,0,6,17,0,23,0,0,6,0,6,0,6,23,0,29,14,0,14,43
12/31/2022,UES,WI,AGL,CE,Federal Contract Tower,0,3,11,0,14,0,2,54,0,56,0,5,65,0,70,78,0,78,148
01/01/2023,UES,WI,AGL,CE,Federal Contract Tower,0,4,12,0,16,0,0,20,0,20,0,4,32,0,36,8,0,8,44
01/02/2023,UES,WI,AGL,CE,Federal Contract Tower,0,9,17,0,26,0,0,87,0,87,0,9,104,0,113,114,0,114,227
01/03/2023,UES,WI,AGL,CE,Federal Contract Tower,0,9,8,0,17,0,0,0,0,0,0,9,8,0,17,0,0,0,17
01/04/2023,UES,WI,AGL,CE,Federal Contract Tower,0,8,8,0,16,0,0,0,0,0,0,8,8,0,16,0,0,0,16
01/06/2023,UES,WI,AGL,CE,Federal Contract Tower,0,10,13,0,23,0,0,34,0,34,0,10,47,0,57,176,0,176,233
01/07/2023,UES,WI,AGL,CE,Federal Contract Tower,0,5,22,0,27,0,1,72,0,73,0,6,94,0,100,88,0,88,188
01/08/2023,UES,WI,AGL,CE,Federal Contract Tower,0,2,24,0,26,0,0,2,0,2,0,2,26,0,28,0,0,0,28
01/09/2023,UES,WI,AGL,CE,Federal Contract Tower,0,4,24,2,30,0,0,108,2,110,0,4,132,4,140,126,0,126,266
01/10/2023,UES,WI,AGL,CE,Federal Contract Tower,0,4,20,0,24,0,0,62,2,64,0,4,82,2,88,94,0,94,182
01/11/2023,UES,WI,AGL,CE,Federal Contract Tower,0,14,30,0,44,0,2,41,0,43,0,16,71,0,87,50,0,50,137
01/12/2023,UES,WI,AGL,CE,Federal Contract Tower,0,7,22,0,29,0,2,11,0,13,0,9,33,0,42,86,0,86,128
01/13/2023,UES,WI,AGL,CE,Federal Contract Tower,0,7,30,0,37,0,3,37,2,42,0,10,67,2,79,104,0,104,183
01/14/2023,UES,WI,AGL,CE,Federal Contract Tower,0,5,17,0,22,0,2,67,0,69,0,7,84,0,91,112,0,112,203
01/15/2023,UES,WI,AGL,CE,Federal Contract Tower,0,4,13,0,17,0,4,86,0,90,0,8,99,0,107,36,0,36,143
01/16/2023,UES,WI,AGL,CE,Federal Contract Tower,0,8,15,0,23,0,0,0,0,0,0,8,15,0,23,0,0,0,23
01/17/2023,UES,WI,AGL,CE,Federal Contract Tower,0,3,14,0,17,0,0,0,0,0,0,3,14,0,17,0,0,0,17
01/18/2023,UES,WI,AGL,CE,Federal Contract Tower,0,5,19,2,26,0,2,21,0,23,0,7,40,2,49,70,0,70,119
01/19/2023,UES,WI,AGL,CE,Federal Contract Tower,0,1,7,0,8,0,0,0,0,0,0,1,7,0,8,0,0,0,8
01/20/2023,UES,WI,AGL,CE,Federal Contract Tower,0,9,14,0,23,0,2,19,0,21,0,11,33,0,44,126,0,126,170
01/21/2023,UES,WI,AGL,CE,Federal Contract Tower,0,3,9,0,12,0,0,4,0,4,0,3,13,0,16,0,0,0,16
01/22/2023,UES,WI,AGL,CE,Federal Contract Tower,0,3,10,0,13,0,0,4,0,4,0,3,14,0,17,0,0,0,17
01/23/2023,UES,WI,AGL,CE,Federal Contract Tower,0,10,16,0,26,0,2,46,0,48,0,12,62,0,74,66,0,66,140
01/24/2023,UES,WI,AGL,CE,Federal Contract Tower,0,4,27,0,31,0,3,12,0,15,0,7,39,0,46,76,0,76,122
01/25/2023,UES,WI,AGL,CE,Federal Contract Tower,0,7,15,0,22,0,0,0,0,0,0,7,15,0,22,0,0,0,22
01/26/2023,UES,WI,AGL,CE,Federal Contract Tower,0,6,24,0,30,0,0,1,0,1,0,6,25,0,31,0,0,0,31
01/27/2023,UES,WI,AGL,CE,Federal Contract Tower,0,1,25,0,26,0,0,0,0,0,0,1,25,0,26,0,0,0,26
01/28/2023,UES,WI,AGL,CE,Federal Contract Tower,0,3,3,0,6,0,0,10,0,10,0,3,13,0,16,38,0,38,54
01/29/2023,UES,WI,AGL,CE,Federal Contract Tower,0,9,6,0,15,0,0,49,0,49,0,9,55,0,64,68,0,68,132
01/30/2023,UES,WI,AGL,CE,Federal Contract Tower,0,6,20,1,27,0,10,69,2,81,0,16,89,3,108,48,2,50,158
01/31/2023,UES,WI,AGL,CE,Federal Contract Tower,0,4,17,0,21,0,1,63,4,68,0,5,80,4,89,40,6,46,135
02/01/2023,UES,WI,AGL,CE,Federal Contract Tower,0,12,22,0,34,0,1,144,2,147,0,13,166,2,181,200,0,200,381
02/02/2023,UES,WI,AGL,CE,Federal Contract Tower,0,13,25,0,38,0,0,91,6,97,0,13,116,6,135,36,0,36,171
02/03/2023,UES,WI,AGL,CE,Federal Contract Tower,0,10,14,2,26,0,0,44,0,44,0,10,58,2,70,18,0,18,88
02/04/2023,UES,WI,AGL,CE,Federal Contract Tower,0,3,7,0,10,0,0,55,0,55,0,3,62,0,65,58,0,58,123
02/05/2023,UES,WI,AGL,CE,Federal Contract Tower,0,7,7,0,14,0,6,84,0,90,0,13,91,0,104,64,0,64,168
02/06/2023,UES,WI,AGL,CE,Federal Contract Tower,0,10,14,0,24,0,3,67,2,72,0,13,81,2,96,62,0,62,158
02/07/2023,UES,WI,AGL,CE,Federal Contract Tower,0,4,11,0,15,0,5,21,0,26,0,9,32,0,41,44,0,44,85
02/08/2023,UES,WI,AGL,CE,Federal Contract Tower,0,9,12,0,21,0,6,105,2,113,0,15,117,2,134,124,0,124,258
02/09/2023,UES,WI,AGL,CE,Federal Contract Tower,0,7,15,0,22,0,0,0,0,0,0,7,15,0,22,0,0,0,22
02/10/2023,UES,WI,AGL,CE,Federal Contract Tower,0,17,22,0,39,0,3,41,0,44,0,20,63,0,83,82,0,82,165
02/11/2023,UES,WI,AGL,CE,Federal Contract Tower,0,9,2,0,11,0,3,54,0,57,0,12,56,0,68,70,0,70,138
02/12/2023,UES,WI,AGL,CE,Federal Contract Tower,0,8,16,0,24,0,0,136,0,136,0,8,152,0,160,190,0,190,350
02/13/2023,UES,WI,AGL,CE,Federal Contract Tower,0,6,21,1,28,0,4,111,1,116,0,10,132,2,144,78,0,78,222
02/14/2023,UES,WI,AGL,CE,Federal Contract Tower,0,5,10,0,15,0,2,16,0,18,0,7,26,0,33,10,0,10,43
02/15/2023,UES,WI,AGL,CE,Federal Contract Tower,0,10,23,0,33,0,0,6,4,10,0,10,29,4,43,28,0,28,71
02/16/2023,UES,WI,AGL,CE,Federal Contract Tower,0,4,5,0,9,0,0,0,0,0,0,4,5,0,9,0,0,0,9
02/17/2023,UES,WI,AGL,CE,Federal Contract Tower,0,20,18,0,38,0,0,60,0,60,0,20,78,0,98,124,0,124,222
02/18/2023,UES,WI,AGL,CE,Federal Contract Tower,0,6,14,0,20,0,4,95,0,99,0,10,109,0,119,134,0,134,253
02/19/2023,UES,WI,AGL,CE,Federal Contract Tower,0,4,10,0,14,0,0,50,0,50,0,4,60,0,64,50,0,50,114
02/20/2023,UES,WI,AGL,CE,Federal Contract Tower,0,12,22,0,34,0,0,129,0,129,0,12,151,0,163,130,0,130,293
02/21/2023,UES,WI,AGL,CE,Federal Contract Tower,0,8,14,0,22,0,0,60,0,60,0,8,74,0,82,110,0,110,192
02/22/2023,UES,WI,AGL,CE,Federal Contract Tower,0,0,6,0,6,0,0,0,0,0,0,0,6,0,6,0,0,0,6
02/23/2023,UES,WI,AGL,CE,Federal Contract Tower,0,7,10,0,17,0,2,2,0,4,0,9,12,0,21,0,0,0,21
02/24/2023,UES,WI,AGL,CE,Federal Contract Tower,0,6,26,0,32,0,2,73,0,75,0,8,99,0,107,168,0,168,275
02/25/2023,UES,WI,AGL,CE,Federal Contract Tower,0,10,15,0,25,0,2,28,0,30,0,12,43,0,55,56,0,56,111
02/26/2023,UES,WI,AGL,CE,Federal Contract Tower,0,13,18,0,31,0,4,141,0,145,0,17,159,0,176,224,0,224,400
02/27/2023,UES,WI,AGL,CE,Federal Contract Tower,0,1,10,0,11,0,0,0,0,0,0,1,10,0,11,0,0,0,11
02/28/2023,UES,WI,AGL,CE,Federal Contract Tower,0,10,14,2,26,0,0,85,0,85,0,10,99,2,111,168,6,174,285
03/01/2023,UES,WI,AGL,CE,Federal Contract Tower,0,7,27,0,34,0,0,43,0,43,0,7,70,0,77,38,0,38,115
03/02/2023,UES,WI,AGL,CE,Federal Contract Tower,0,11,22,0,33,0,0,28,0,28,0,11,50,0,61,8,0,8,69
03/03/2023,UES,WI,AGL,CE,Federal Contract Tower,0,6,23,0,29,0,5,12,0,17,0,11,35,0,46,18,0,18,64
03/04/2023,UES,WI,AGL,CE,Federal Contract Tower,0,0,12,0,12,0,1,67,0,68,0,1,79,0,80,136,0,136,216
03/05/2023,UES,WI,AGL,CE,Federal Contract Tower,0,9,17,0,26,0,2,124,0,126,0,11,141,0,152,128,0,128,280
03/06/2023,UES,WI,AGL,CE,Federal Contract Tower,0,13,21,0,34,0,5,18,0,23,0,18,39,0,57,110,0,110,167
03/07/2023,UES,WI,AGL,CE,Federal Contract Tower,0,11,25,0,36,0,9,90,0,99,0,20,115,0,135,186,0,186,321
03/08/2023,UES,WI,AGL,CE,Federal Contract Tower,0,4,13,0,17,0,4,89,2,95,0,8,102,2,112,80,0,80,192
03/09/2023,UES,WI,AGL,CE,Federal Contract Tower,0,16,25,0,41,0,2,36,0,38,0,18,61,0,79,44,0,44,123
03/10/2023,UES,WI,AGL,CE,Federal Contract Tower,0,10,12,0,22,0,2,2,0,4,0,12,14,0,26,0,0,0,26
03/11/2023,UES,WI,AGL,CE,Federal Contract Tower,0,7,10,0,17,0,0,13,0,13,0,7,23,0,30,26,0,26,56
03/12/2023,UES,WI,AGL,CE,Federal Contract Tower,0,12,7,0,19,0,0,0,0,0,0,12,7,0,19,0,0,0,19
03/13/2023,UES,WI,AGL,CE,Federal Contract Tower,0,8,9,0,17,0,2,51,0,53,0,10,60,0,70,32,0,32,102
03/14/2023,UES,WI,AGL,CE,Federal Contract Tower,0,12,17,0,29,0,6,97,0,103,0,18,114,0,132,118,0,118,250
03/15/2023,UES,WI,AGL,CE,Federal Contract Tower,0,1,14,0,15,0,2,76,0,78,0,3,90,0,93,134,0,134,227
03/16/2023,UES,WI,AGL,CE,Federal Contract Tower,0,7,14,0,21,0,0,55,0,55,0,7,69,0,76,78,0,78,154
03/17/2023,UES,WI,AGL,CE,Federal Contract Tower,0,13,8,0,21,0,1,5,0,6,0,14,13,0,27,6,0,6,33
03/18/2023,UES,WI,AGL,CE,Federal Contract Tower,0,5,20,0,25,0,0,5,0,5,0,5,25,0,30,0,0,0,30
03/19/2023,UES,WI,AGL,CE,Federal Contract Tower,0,4,17,0,21,0,4,88,0,92,0,8,105,0,113,118,0,118,231
03/20/2023,UES,WI,AGL,CE,Federal Contract Tower,0,14,15,0,29,0,5,51,0,56,0,19,66,0,85,28,0,28,113
03/21/2023,UES,WI,AGL,CE,Federal Contract Tower,0,13,18,0,31,0,3,85,0,88,0,16,103,0,119,104,0,104,223
03/22/2023,UES,WI,AGL,CE,Federal Contract Tower,0,11,20,0,31,0,0,0,0,0,0,11,20,0,31,0,0,0,31
03/23/2023,UES,WI,AGL,CE,Federal Contract Tower,0,17,24,0,41,0,2,72,0,74,0,19,96,0,115,182,0,182,297
03/24/2023,UES,WI,AGL,CE,Federal Contract Tower,0,10,26,0,36,0,5,101,2,108,0,15,127,2,144,124,0,124,268
03/25/2023,UES,WI,AGL,CE,Federal Contract Tower,0,5,5,0,10,0,0,6,0,6,0,5,11,0,16,0,0,0,16
03/26/2023,UES,WI,AGL,CE,Federal Contract Tower,0,9,5,0,14,0,0,45,0,45,0,9,50,0,59,112,0,112,171
03/27/2023,UES,WI,AGL,CE,Federal Contract Tower,0,3,14,0,17,0,11,72,0,83,0,14,86,0,100,62,0,62,162
03/28/2023,UES,WI,AGL,CE,Federal Contract Tower,0,3,14,0,17,0,11,72,0,83,0,14,86,0,100,62,0,62,162
03/29/2023,UES,WI,AGL,CE,Federal Contract Tower,0,5,16,0,21,0,14,91,0,105,0,19,107,0,126,116,0,116,242
03/30/2023,UES,WI,AGL,CE,Federal Contract Tower,0,7,11,2,20,0,5,79,2,86,0,12,90,4,106,130,0,130,236
03/31/2023,UES,WI,AGL,CE,Federal Contract Tower,0,8,8,0,16,0,0,3,0,3,0,8,11,0,19,24,0,24,43
04/01/2023,UES,WI,AGL,CE,Federal Contract Tower,0,9,8,0,17,0,0,5,0,5,0,9,13,0,22,10,0,10,32
04/02/2023,UES,WI,AGL,CE,Federal Contract Tower,0,9,13,0,22,0,13,90,0,103,0,22,103,0,125,132,0,132,257
04/03/2023,UES,WI,AGL,CE,Federal Contract Tower,0,7,17,0,24,0,34,77,0,111,0,41,94,0,135,170,0,170,305
04/04/2023,UES,WI,AGL,CE,Federal Contract Tower,0,6,15,0,21,0,0,0,0,0,0,6,15,0,21,0,0,0,21
04/05/2023,UES,WI,AGL,CE,Federal Contract Tower,0,12,14,0,26,0,0,9,0,9,0,12,23,0,35,8,0,8,43
04/06/2023,UES,WI,AGL,CE,Federal Contract Tower,0,14,27,0,41,0,7,84,2,93,0,21,111,2,134,46,0,46,180
04/07/2023,UES,WI,AGL,CE,Federal Contract Tower,0,13,15,0,28,0,14,99,0,113,0,27,114,0,141,136,0,136,277
04/08/2023,UES,WI,AGL,CE,Federal Contract Tower,0,7,11,0,18,0,8,106,0,114,0,15,117,0,132,138,0,138,270
04/09/2023,UES,WI,AGL,CE,Federal Contract Tower,0,2,12,0,14,0,12,46,0,58,0,14,58,0,72,100,0,100,172
04/10/2023,UES,WI,AGL,CE,Federal Contract Tower,0,8,22,0,30,0,13,81,0,94,0,21,103,0,124,76,0,76,200
04/11/2023,UES,WI,AGL,CE,Federal Contract Tower,0,8,17,0,25,0,10,69,0,79,0,18,86,0,104,94,0,94,198
04/12/2023,UES,WI,AGL,CE,Federal Contract Tower,0,8,11,0,19,0,10,56,2,68,0,18,67,2,87,6,0,6,93
04/13/2023,UES,WI,AGL,CE,Federal Contract Tower,0,10,17,0,27,0,12,136,0,148,0,22,153,0,175,164,0,164,339
04/14/2023,UES,WI,AGL,CE,Federal Contract Tower,0,8,22,2,32,0,2,80,0,82,0,10,102,2,114,96,0,96,210
04/15/2023,UES,WI,AGL,CE,Federal Contract Tower,0,9,11,0,20,0,5,64,0,69,0,14,75,0,89,124,0,124,213
04/16/2023,UES,WI,AGL,CE,Federal Contract Tower,0,13,13,0,26,0,0,0,0,0,0,13,13,0,26,0,0,0,26
04/17/2023,UES,WI,AGL,CE,Federal Contract Tower,0,6,5,0,11,0,0,1,0,1,0,6,6,0,12,0,0,0,12
04/18/2023,UES,WI,AGL,CE,Federal Contract Tower,0,3,25,0,28,0,8,121,0,129,0,11,146,0,157,190,0,190,347
04/19/2023,UES,WI,AGL,CE,Federal Contract Tower,0,15,27,0,42,0,1,55,0,56,0,16,82,0,98,102,0,102,200
04/20/2023,UES,WI,AGL,CE,Federal Contract Tower,0,5,15,0,20,0,0,34,0,34,0,5,49,0,54,10,0,10,64
04/21/2023,UES,WI,AGL,CE,Federal Contract Tower,0,9,10,0,19,0,5,69,0,74,0,14,79,0,93,82,0,82,175
04/22/2023,UES,WI,AGL,CE,Federal Contract Tower,0,5,11,0,16,0,0,31,0,31,0,5,42,0,47,40,0,40,87
04/23/2023,UES,WI,AGL,CE,Federal Contract Tower,0,9,16,0,25,0,22,118,0,140,0,31,134,0,165,196,0,196,361
04/24/2023,UES,WI,AGL,CE,Federal Contract Tower,0,3,15,0,18,0,23,93,2,118,0,26,108,2,136,114,6,120,256
04/25/2023,UES,WI,AGL,CE,Federal Contract Tower,0,11,21,0,32,0,6,64,0,70,0,17,85,0,102,130,0,130,232
04/26/2023,UES,WI,AGL,CE,Federal Contract Tower,0,20,34,0,54,0,22,159,0,181,0,42,193,0,235,146,12,158,393
04/27/2023,UES,WI,AGL,CE,Federal Contract Tower,0,11,18,2,31,0,5,96,0,101,0,16,114,2,132,108,6,114,246
04/28/2023,UES,WI,AGL,CE,Federal Contract Tower,0,11,18,0,29,0,4,91,0,95,0,15,109,0,124,92,0,92,216
04/29/2023,UES,WI,AGL,CE,Federal Contract Tower,0,0,12,0,12,0,0,5,0,5,0,0,17,0,17,0,0,0,17
04/30/2023,UES,WI,AGL,CE,Federal Contract Tower,0,11,16,0,27,0,0,0,0,0,0,11,16,0,27,0,0,0,27
05/01/2023,UES,WI,AGL,CE,Federal Contract Tower,0,9,23,0,32,0,0,0,0,0,0,9,23,0,32,0,0,0,32
05/02/2023,UES,WI,AGL,CE,Federal Contract Tower,0,4,8,0,12,0,0,12,0,12,0,4,20,0,24,0,0,0,24
05/03/2023,UES,WI,AGL,CE,Federal Contract Tower,0,5,6,0,11,0,4,96,0,100,0,9,102,0,111,84,0,84,195
05/04/2023,UES,WI,AGL,CE,Federal Contract Tower,0,18,26,0,44,0,11,154,0,165,0,29,180,0,209,212,0,212,421
05/05/2023,UES,WI,AGL,CE,Federal Contract Tower,0,7,16,0,23,0,2,88,0,90,0,9,104,0,113,88,0,88,201
05/06/2023,UES,WI,AGL,CE,Federal Contract Tower,0,4,11,0,15,0,9,26,0,35,0,13,37,0,50,100,0,100,150
05/07/2023,UES,WI,AGL,CE,Federal Contract Tower,0,18,16,0,34,0,12,93,0,105,0,30,109,0,139,128,0,128,267
05/08/2023,UES,WI,AGL,CE,Federal Contract Tower,0,12,19,0,31,0,0,1,0,1,0,12,20,0,32,0,0,0,32
05/09/2023,UES,WI,AGL,CE,Federal Contract Tower,0,5,23,0,28,0,52,119,0,171,0,57,142,0,199,150,0,150,349
05/10/2023,UES,WI,AGL,CE,Federal Contract Tower,0,11,33,0,44,0,7,109,0,116,0,18,142,0,160,166,0,166,326
05/11/2023,UES,WI,AGL,CE,Federal Contract Tower,0,23,18,4,45,0,15,145,0,160,0,38,163,4,205,86,0,86,291
05/12/2023,UES,WI,AGL,CE,Federal Contract Tower,0,4,24,0,28,0,0,42,0,42,0,4,66,0,70,92,0,92,162
05/13/2023,UES,WI,AGL,CE,Federal Contract Tower,0,10,7,0,17,0,11,87,0,98,0,21,94,0,115,72,0,72,187
05/14/2023,UES,WI,AGL,CE,Federal Contract Tower,0,1,10,0,11,0,8,7,0,15,0,9,17,0,26,56,0,56,82
05/15/2023,UES,WI,AGL,CE,Federal Contract Tower,0,16,20,0,36,0,26,103,0,129,0,42,123,0,165,152,0,152,317
05/16/2023,UES,WI,AGL,CE,Federal Contract Tower,0,9,29,0,38,0,15,74,0,89,0,24,103,0,127,46,0,46,173
05/17/2023,UES,WI,AGL,CE,Federal Contract Tower,0,12,24,2,38,0,8,145,0,153,0,20,169,2,191,204,0,204,395
05/18/2023,UES,WI,AGL,CE,Federal Contract Tower,0,6,24,0,30,0,2,91,0,93,0,8,115,0,123,152,0,152,275
05/19/2023,UES,WI,AGL,CE,Federal Contract Tower,0,4,24,0,28,0,0,39,0,39,0,4,63,0,67,34,0,34,101
05/20/2023,UES,WI,AGL,CE,Federal Contract Tower,0,12,19,0,31,0,4,142,0,146,0,16,161,0,177,264,0,264,441
05/21/2023,UES,WI,AGL,CE,Federal Contract Tower,0,13,19,0,32,0,13,161,0,174,0,26,180,0,206,222,0,222,428
05/22/2023,UES,WI,AGL,CE,Federal Contract Tower,0,9,16,0,25,0,29,142,0,171,0,38,158,0,196,162,0,162,358
05/23/2023,UES,WI,AGL,CE,Federal Contract Tower,0,7,20,0,27,0,11,103,0,114,0,18,123,0,141,76,0,76,217
05/24/2023,UES,WI,AGL,CE,Federal Contract Tower,0,15,27,0,42,0,5,64,2,71,0,20,91,2,113,22,4,26,139
05/25/2023,UES,WI,AGL,CE,Federal Contract Tower,0,8,29,0,37,0,1,88,4,93,0,9,117,4,130,106,0,106,236
05/26/2023,UES,WI,AGL,CE,Federal Contract Tower,0,3,24,0,27,0,8,91,0,99,0,11,115,0,126,138,0,138,264
05/27/2023,UES,WI,AGL,CE,Federal Contract Tower,0,7,10,0,17,0,0,83,0,83,0,7,93,0,100,134,0,134,234
05/28/2023,UES,WI,AGL,CE,Federal Contract Tower,0,6,15,0,21,0,2,111,0,113,0,8,126,0,134,106,0,106,240
05/29/2023,UES,WI,AGL,CE,Federal Contract Tower,0,5,8,0,13,0,21,143,0,164,0,26,151,0,177,200,0,200,377
05/30/2023,UES,WI,AGL,CE,Federal Contract Tower,0,3,20,0,23,0,8,106,0,114,0,11,126,0,137,176,0,176,313
05/31/2023,UES,WI,AGL,CE,Federal Contract Tower,0,12,19,0,31,0,9,86,0,95,0,21,105,0,126,68,0,68,194
06/01/2023,UES,WI,AGL,CE,Federal Contract Tower,0,10,5,0,15,0,5,97,0,102,0,15,102,0,117,82,0,82,199
06/02/2023,UES,WI,AGL,CE,Federal Contract Tower,0,5,18,2,25,0,12,122,0,134,0,17,140,2,159,196,8,204,363
06/03/2023,UES,WI,AGL,CE,Federal Contract Tower,0,3,4,0,7,0,4,90,0,94,0,7,94,0,101,106,0,106,207
06/04/2023,UES,WI,AGL,CE,Federal Contract Tower,0,12,14,0,26,0,5,93,0,98,0,17,107,0,124,126,0,126,250
06/05/2023,UES,WI,AGL,CE,Federal Contract Tower,0,12,16,0,28,0,28,125,2,155,0,40,141,2,183,110,0,110,293
06/06/2023,UES,WI,AGL,CE,Federal Contract Tower,0,3,22,0,25,0,7,47,0,54,0,10,69,0,79,98,0,98,177
06/07/2023,UES,WI,AGL,CE,Federal Contract Tower,0,11,10,0,21,0,10,130,4,144,0,21,140,4,165,124,0,124,289
06/08/2023,UES,WI,AGL,CE,Federal Contract Tower,0,20,21,0,41,0,1,120,0,121,0,21,141,0,162,68,0,68,230
06/09/2023,UES,WI,AGL,CE,Federal Contract Tower,0,6,24,0,30,0,7,138,0,145,0,13,162,0,175,194,0,194,369
06/10/2023,UES,WI,AGL,CE,Federal Contract Tower,0,8,26,0,34,0,2,86,0,88,0,10,112,0,122,74,0,74,196
06/12/2023,UES,WI,AGL,CE,Federal Contract Tower,0,9,17,0,26,0,10,96,0,106,0,19,113,0,132,144,0,144,276
06/13/2023,UES,WI,AGL,CE,Federal Contract Tower,0,14,27,1,42,0,0,0,0,0,0,14,27,1,42,0,0,0,42
06/14/2023,UES,WI,AGL,CE,Federal Contract Tower,0,20,27,0,47,0,0,82,0,82,0,20,109,0,129,152,0,152,281
06/15/2023,UES,WI,AGL,CE,Federal Contract Tower,0,7,41,0,48,0,0,50,0,50,0,7,91,0,98,96,0,96,194
06/16/2023,UES,WI,AGL,CE,Federal Contract Tower,0,6,41,0,47,0,11,53,0,64,0,17,94,0,111,124,0,124,235
06/17/2023,UES,WI,AGL,CE,Federal Contract Tower,0,7,15,0,22,0,6,137,0,143,0,13,152,0,165,106,0,106,271
06/18/2023,UES,WI,AGL,CE,Federal Contract Tower,0,6,15,0,21,0,4,101,0,105,0,10,116,0,126,62,0,62,188
06/19/2023,UES,WI,AGL,CE,Federal Contract Tower,0,4,29,0,33,0,7,99,0,106,0,11,128,0,139,120,0,120,259
06/20/2023,UES,WI,AGL,CE,Federal Contract Tower,0,10,28,0,38,0,8,85,0,93,0,18,113,0,131,106,0,106,237
06/21/2023,UES,WI,AGL,CE,Federal Contract Tower,0,2,24,0,26,0,12,96,0,108,0,14,120,0,134,44,0,44,178
06/22/2023,UES,WI,AGL,CE,Federal Contract Tower,0,12,28,0,40,0,6,77,0,83,0,18,105,0,123,106,0,106,229
06/23/2023,UES,WI,AGL,CE,Federal Contract Tower,0,4,14,0,18,0,2,115,0,117,0,6,129,0,135,144,0,144,279
06/24/2023,UES,WI,AGL,CE,Federal Contract Tower,0,10,19,0,29,0,1,160,0,161,0,11,179,0,190,40,0,40,230
06/25/2023,UES,WI,AGL,CE,Federal Contract Tower,0,13,22,0,35,0,0,12,0,12,0,13,34,0,47,14,0,14,61
06/26/2023,UES,WI,AGL,CE,Federal Contract Tower,0,14,29,0,43,0,4,7,0,11,0,18,36,0,54,0,0,0,54
06/27/2023,UES,WI,AGL,CE,Federal Contract Tower,0,19,42,0,61,0,0,5,0,5,0,19,47,0,66,8,0,8,74
06/28/2023,UES,WI,AGL,CE,Federal Contract Tower,0,9,41,0,50,0,0,6,0,6,0,9,47,0,56,0,0,0,56
06/29/2023,UES,WI,AGL,CE,Federal Contract Tower,0,9,33,0,42,0,0,4,0,4,0,9,37,0,46,0,0,0,46
06/30/2023,UES,WI,AGL,CE,Federal Contract Tower,0,23,36,0,59,0,9,114,0,123,0,32,150,0,182,192,0,192,374
07/01/2023,UES,WI,AGL,CE,Federal Contract Tower,0,14,27,0,41,0,2,89,0,91,0,16,116,0,132,186,0,186,318
07/02/2023,UES,WI,AGL,CE,Federal Contract Tower,0,3,12,0,15,0,3,51,0,54,0,6,63,0,69,42,0,42,111
07/03/2023,UES,WI,AGL,CE,Federal Contract Tower,0,6,6,0,12,0,21,107,0,128,0,27,113,0,140,66,0,66,206
07/04/2023,UES,WI,AGL,CE,Federal Contract Tower,0,2,2,0,4,0,9,54,4,67,0,11,56,4,71,32,0,32,103
07/05/2023,UES,WI,AGL,CE,Federal Contract Tower,0,22,14,0,36,0,2,76,0,78,0,24,90,0,114,122,0,122,236
07/06/2023,UES,WI,AGL,CE,Federal Contract Tower,0,7,22,0,29,0,7,130,0,137,0,14,152,0,166,202,0,202,368
07/07/2023,UES,WI,AGL,CE,Federal Contract Tower,0,8,14,0,22,0,5,139,0,144,0,13,153,0,166,200,0,200,366
07/08/2023,UES,WI,AGL,CE,Federal Contract Tower,0,2,26,0,28,0,3,50,0,53,0,5,76,0,81,132,0,132,213
07/09/2023,UES,WI,AGL,CE,Federal Contract Tower,0,11,24,0,35,0,11,139,0,150,0,22,163,0,185,212,0,212,397
07/10/2023,UES,WI,AGL,CE,Federal Contract Tower,0,8,28,0,36,0,12,83,0,95,0,20,111,0,131,72,0,72,203
07/11/2023,UES,WI,AGL,CE,Federal Contract Tower,0,21,29,0,50,0,10,111,0,121,0,31,140,0,171,220,0,220,391
07/12/2023,UES,WI,AGL,CE,Federal Contract Tower,0,11,23,0,34,0,2,61,0,63,0,13,84,0,97,58,0,58,155
07/13/2023,UES,WI,AGL,CE,Federal Contract Tower,0,23,34,0,57,0,5,41,0,46,0,28,75,0,103,164,0,164,267
07/14/2023,UES,WI,AGL,CE,Federal Contract Tower,0,14,19,0,33,0,6,71,0,77,0,20,90,0,110,130,0,130,240
07/15/2023,UES,WI,AGL,CE,Federal Contract Tower,0,13,8,0,21,0,2,80,0,82,0,15,88,0,103,182,0,182,285
07/16/2023,UES,WI,AGL,CE,Federal Contract Tower,0,12,18,0,30,0,5,85,0,90,0,17,103,0,120,160,0,160,280
07/17/2023,UES,WI,AGL,CE,Federal Contract Tower,0,22,31,0,53,0,19,136,2,157,0,41,167,2,210,262,4,266,476
07/18/2023,UES,WI,AGL,CE,Federal Contract Tower,0,16,15,0,31,0,28,154,2,184,0,44,169,2,215,212,8,220,435
07/19/2023,UES,WI,AGL,CE,Federal Contract Tower,0,9,17,0,26,0,17,145,0,162,0,26,162,0,188,162,2,164,352
07/20/2023,UES,WI,AGL,CE,Federal Contract Tower,0,17,23,0,40,0,8,96,0,104,0,25,119,0,144,106,0,106,250
07/21/2023,UES,WI,AGL,CE,Federal Contract Tower,0,4,25,0,29,0,0,104,0,104,0,4,129,0,133,128,0,128,261
07/22/2023,UES,WI,AGL,CE,Federal Contract Tower,0,6,18,0,24,0,0,87,0,87,0,6,105,0,111,108,0,108,219
07/23/2023,UES,WI,AGL,CE,Federal Contract Tower,0,10,36,0,46,0,4,157,0,161,0,14,193,0,207,244,0,244,451
07/24/2023,UES,WI,AGL,CE,Federal Contract Tower,0,0,23,0,23,0,13,59,0,72,0,13,82,0,95,130,0,130,225
07/25/2023,UES,WI,AGL,CE,Federal Contract Tower,0,18,26,0,44,0,8,113,0,121,0,26,139,0,165,152,0,152,317
07/26/2023,UES,WI,AGL,CE,Federal Contract Tower,0,12,17,0,29,0,2,65,2,69,0,14,82,2,98,34,0,34,132
07/27/2023,UES,WI,AGL,CE,Federal Contract Tower,0,18,25,0,43,0,8,181,0,189,0,26,206,0,232,56,0,56,288
07/28/2023,UES,WI,AGL,CE,Federal Contract Tower,0,14,17,0,31,0,2,89,0,91,0,16,106,0,122,100,0,100,222
07/29/2023,UES,WI,AGL,CE,Federal Contract Tower,0,4,20,0,24,0,2,65,0,67,0,6,85,0,91,46,0,46,137
07/30/2023,UES,WI,AGL,CE,Federal Contract Tower,0,7,21,0,28,0,1,108,1,110,0,8,129,1,138,108,2,110,248
07/31/2023,UES,WI,AGL,CE,Federal Contract Tower,0,8,20,0,28,0,15,142,0,157,0,23,162,0,185,196,0,196,381
08/01/2023,UES,WI,AGL,CE,Federal Contract Tower,0,10,12,0,22,0,11,89,0,100,0,21,101,0,122,126,0,126,248
08/02/2023,UES,WI,AGL,CE,Federal Contract Tower,0,6,24,0,30,0,0,87,0,87,0,6,111,0,117,80,0,80,197
08/03/2023,UES,WI,AGL,CE,Federal Contract Tower,0,12,15,0,27,0,6,111,0,117,0,18,126,0,144,206,0,206,350
08/04/2023,UES,WI,AGL,CE,Federal Contract Tower,0,11,29,0,40,0,3,105,0,108,0,14,134,0,148,160,0,160,308
08/05/2023,UES,WI,AGL,CE,Federal Contract Tower,0,12,27,0,39,0,2,47,0,49,0,14,74,0,88,62,0,62,150
08/06/2023,UES,WI,AGL,CE,Federal Contract Tower,0,10,31,0,41,0,2,57,0,59,0,12,88,0,100,30,0,30,130
08/07/2023,UES,WI,AGL,CE,Federal Contract Tower,0,13,24,0,37,0,10,114,0,124,0,23,138,0,161,152,0,152,313
08/08/2023,UES,WI,AGL,CE,Federal Contract Tower,0,8,21,0,29,0,17,97,0,114,0,25,118,0,143,86,0,86,229
08/09/2023,UES,WI,AGL,CE,Federal Contract Tower,0,6,20,2,28,0,8,119,0,127,0,14,139,2,155,186,0,186,341
08/10/2023,UES,WI,AGL,CE,Federal Contract Tower,0,15,26,0,41,0,2,106,0,108,0,17,132,0,149,66,0,66,215
08/11/2023,UES,WI,AGL,CE,Federal Contract Tower,0,8,14,0,22,0,5,66,0,71,0,13,80,0,93,54,0,54,147
08/12/2023,UES,WI,AGL,CE,Federal Contract Tower,0,7,19,0,26,0,2,75,0,77,0,9,94,0,103,114,0,114,217
08/13/2023,UES,WI,AGL,CE,Federal Contract Tower,0,12,33,0,45,0,5,75,0,80,0,17,108,0,125,124,0,124,249
08/14/2023,UES,WI,AGL,CE,Federal Contract Tower,0,7,12,0,19,0,0,0,0,0,0,7,12,0,19,0,0,0,19
08/15/2023,UES,WI,AGL,CE,Federal Contract Tower,0,15,37,0,52,0,3,68,0,71,0,18,105,0,123,103,0,103,226
08/16/2023,UES,WI,AGL,CE,Federal Contract Tower,0,9,23,0,32,0,11,146,0,157,0,20,169,0,189,66,0,66,255
08/17/2023,UES,WI,AGL,CE,Federal Contract Tower,0,26,28,0,54,0,6,71,0,77,0,32,99,0,131,50,0,50,181
08/18/2023,UES,WI,AGL,CE,Federal Contract Tower,0,14,22,0,36,0,3,131,0,134,0,17,153,0,170,132,0,132,302
08/19/2023,UES,WI,AGL,CE,Federal Contract Tower,0,3,19,0,22,0,1,88,0,89,0,4,107,0,111,58,0,58,169
08/20/2023,UES,WI,AGL,CE,Federal Contract Tower,0,14,29,0,43,0,8,143,2,153,0,22,172,2,196,96,0,96,292
08/21/2023,UES,WI,AGL,CE,Federal Contract Tower,0,10,33,0,43,0,5,134,2,141,0,15,167,2,184,146,0,146,330
08/22/2023,UES,WI,AGL,CE,Federal Contract Tower,0,14,18,2,34,0,10,102,0,112,0,24,120,2,146,152,0,152,298
08/23/2023,UES,WI,AGL,CE,Federal Contract Tower,0,12,33,2,47,0,4,46,2,52,0,16,79,4,99,26,4,30,129
08/24/2023,UES,WI,AGL,CE,Federal Contract Tower,0,5,28,0,33,0,0,58,0,58,0,5,86,0,91,90,0,90,181
08/25/2023,UES,WI,AGL,CE,Federal Contract Tower,0,10,38,0,48,0,1,27,0,28,0,11,65,0,76,44,0,44,120
08/26/2023,UES,WI,AGL,CE,Federal Contract Tower,0,6,37,0,43,0,0,25,0,25,0,6,62,0,68,64,0,64,132
08/27/2023,UES,WI,AGL,CE,Federal Contract Tower,0,8,19,0,27,0,16,121,0,137,0,24,140,0,164,174,0,174,338
08/28/2023,UES,WI,AGL,CE,Federal Contract Tower,0,9,25,0,34,0,30,151,0,181,0,39,176,0,215,284,0,284,499
08/29/2023,UES,WI,AGL,CE,Federal Contract Tower,0,12,18,0,30,0,13,106,0,119,0,25,124,0,149,110,0,110,259
08/30/2023,UES,WI,AGL,CE,Federal Contract Tower,0,11,28,0,39,0,1,130,0,131,0,12,158,0,170,250,0,250,420
08/31/2023,UES,WI,AGL,CE,Federal Contract Tower,0,11,30,4,45,0,9,120,0,129,0,20,150,4,174,213,0,213,387
