01/01/2020,UNV,PA,AEA,EN,Federal Contract Tower,0,23,0,0,23,0,0,3,0,3,0,23,3,0,26,0,0,0,26
01/02/2020,UNV,PA,AEA,EN,Federal Contract Tower,0,32,8,0,40,0,2,17,2,21,0,34,25,2,61,8,0,8,69
01/03/2020,UNV,PA,AEA,EN,Federal Contract Tower,4,30,2,0,36,0,0,0,0,0,4,30,2,0,36,0,0,0,36
01/04/2020,UNV,PA,AEA,EN,Federal Contract Tower,4,19,3,0,26,0,2,3,0,5,4,21,6,0,31,4,0,4,35
01/05/2020,UNV,PA,AEA,EN,Federal Contract Tower,0,23,2,0,25,0,2,3,0,5,0,25,5,0,30,6,0,6,36
01/06/2020,UNV,PA,AEA,EN,Federal Contract Tower,2,28,2,0,32,0,7,5,0,12,2,35,7,0,44,0,0,0,44
01/07/2020,UNV,PA,AEA,EN,Federal Contract Tower,0,30,5,0,35,0,0,7,0,7,0,30,12,0,42,0,0,0,42
01/08/2020,UNV,PA,AEA,EN,Federal Contract Tower,3,28,0,0,31,0,0,0,0,0,3,28,0,0,31,0,0,0,31
01/09/2020,UNV,PA,AEA,EN,Federal Contract Tower,0,32,5,2,39,0,4,22,0,26,0,36,27,2,65,0,0,0,65
01/10/2020,UNV,PA,AEA,EN,Federal Contract Tower,3,35,6,0,44,0,0,1,2,3,3,35,7,2,47,0,0,0,47
01/11/2020,UNV,PA,AEA,EN,Federal Contract Tower,3,20,9,0,32,0,7,0,0,7,3,27,9,0,39,0,0,0,39
01/12/2020,UNV,PA,AEA,EN,Federal Contract Tower,0,29,5,0,34,0,2,12,0,14,0,31,17,0,48,16,0,16,64
01/13/2020,UNV,PA,AEA,EN,Federal Contract Tower,2,27,7,0,36,0,6,47,0,53,2,33,54,0,89,46,0,46,135
01/14/2020,UNV,PA,AEA,EN,Federal Contract Tower,0,33,5,0,38,0,0,0,0,0,0,33,5,0,38,0,0,0,38
01/15/2020,UNV,PA,AEA,EN,Federal Contract Tower,2,40,9,0,51,0,0,28,2,30,2,40,37,2,81,10,8,18,99
01/16/2020,UNV,PA,AEA,EN,Federal Contract Tower,0,32,2,0,34,0,0,0,0,0,0,32,2,0,34,0,0,0,34
01/17/2020,UNV,PA,AEA,EN,Federal Contract Tower,3,33,14,6,56,0,10,50,2,62,3,43,64,8,118,24,0,24,142
01/18/2020,UNV,PA,AEA,EN,Federal Contract Tower,4,24,0,0,28,0,0,0,0,0,4,24,0,0,28,0,0,0,28
01/19/2020,UNV,PA,AEA,EN,Federal Contract Tower,0,24,9,0,33,0,1,3,0,4,0,25,12,0,37,2,0,2,39
01/20/2020,UNV,PA,AEA,EN,Federal Contract Tower,2,37,11,0,50,0,8,14,0,22,2,45,25,0,72,0,0,0,72
01/21/2020,UNV,PA,AEA,EN,Federal Contract Tower,0,33,1,0,34,0,6,17,0,23,0,39,18,0,57,20,0,20,77
01/22/2020,UNV,PA,AEA,EN,Federal Contract Tower,2,42,5,0,49,0,0,39,0,39,2,42,44,0,88,32,0,32,120
01/23/2020,UNV,PA,AEA,EN,Federal Contract Tower,0,39,11,0,50,0,10,40,2,52,0,49,51,2,102,14,0,14,116
01/24/2020,UNV,PA,AEA,EN,Federal Contract Tower,2,37,8,0,47,0,0,22,0,22,2,37,30,0,69,70,0,70,139
01/25/2020,UNV,PA,AEA,EN,Federal Contract Tower,2,24,2,0,28,0,0,2,0,2,2,24,4,0,30,0,0,0,30
01/26/2020,UNV,PA,AEA,EN,Federal Contract Tower,0,29,3,0,32,0,7,9,0,16,0,36,12,0,48,0,0,0,48
01/27/2020,UNV,PA,AEA,EN,Federal Contract Tower,2,29,8,0,39,0,2,5,0,7,2,31,13,0,46,14,0,14,60
01/28/2020,UNV,PA,AEA,EN,Federal Contract Tower,0,29,10,0,39,0,2,6,0,8,0,31,16,0,47,18,0,18,65
01/29/2020,UNV,PA,AEA,EN,Federal Contract Tower,2,35,17,0,54,0,2,27,0,29,2,37,44,0,83,12,0,12,95
01/30/2020,UNV,PA,AEA,EN,Federal Contract Tower,1,39,17,0,57,0,0,22,2,24,1,39,39,2,81,24,0,24,105
02/01/2020,UNV,PA,AEA,EN,Federal Contract Tower,3,23,2,0,28,0,0,20,0,20,3,23,22,0,48,36,0,36,84
02/02/2020,UNV,PA,AEA,EN,Federal Contract Tower,0,26,2,0,28,0,0,0,0,0,0,26,2,0,28,0,0,0,28
02/03/2020,UNV,PA,AEA,EN,Federal Contract Tower,2,31,13,0,46,0,10,27,0,37,2,41,40,0,83,18,0,18,101
02/04/2020,UNV,PA,AEA,EN,Federal Contract Tower,0,28,5,0,33,0,0,5,0,5,0,28,10,0,38,6,0,6,44
02/05/2020,UNV,PA,AEA,EN,Federal Contract Tower,2,32,4,0,38,0,4,19,2,25,2,36,23,2,63,32,0,32,95
02/06/2020,UNV,PA,AEA,EN,Federal Contract Tower,0,33,13,0,46,0,0,0,0,0,0,33,13,0,46,0,0,0,46
02/07/2020,UNV,PA,AEA,EN,Federal Contract Tower,3,29,3,0,35,0,0,4,0,4,3,29,7,0,39,8,0,8,47
02/08/2020,UNV,PA,AEA,EN,Federal Contract Tower,5,25,10,0,40,0,2,14,0,16,5,27,24,0,56,16,0,16,72
02/09/2020,UNV,PA,AEA,EN,Federal Contract Tower,2,21,5,0,28,0,0,26,0,26,2,21,31,0,54,36,0,36,90
02/10/2020,UNV,PA,AEA,EN,Federal Contract Tower,2,35,13,0,50,0,0,1,0,1,2,35,14,0,51,0,0,0,51
02/11/2020,UNV,PA,AEA,EN,Federal Contract Tower,0,35,8,0,43,0,0,6,0,6,0,35,14,0,49,26,0,26,75
02/12/2020,UNV,PA,AEA,EN,Federal Contract Tower,4,35,9,0,48,0,7,31,0,38,4,42,40,0,86,32,0,32,118
02/13/2020,UNV,PA,AEA,EN,Federal Contract Tower,0,34,6,0,40,0,0,2,0,2,0,34,8,0,42,0,0,0,42
02/14/2020,UNV,PA,AEA,EN,Federal Contract Tower,0,35,9,0,44,0,8,22,0,30,0,43,31,0,74,40,0,40,114
02/15/2020,UNV,PA,AEA,EN,Federal Contract Tower,4,25,13,0,42,0,11,47,0,58,4,36,60,0,100,46,0,46,146
02/16/2020,UNV,PA,AEA,EN,Federal Contract Tower,1,25,5,0,31,0,3,24,0,27,1,28,29,0,58,34,0,34,92
02/17/2020,UNV,PA,AEA,EN,Federal Contract Tower,2,28,11,0,41,0,5,47,0,52,2,33,58,0,93,20,0,20,113
02/18/2020,UNV,PA,AEA,EN,Federal Contract Tower,2,29,8,0,39,0,0,0,0,0,2,29,8,0,39,0,0,0,39
02/19/2020,UNV,PA,AEA,EN,Federal Contract Tower,4,36,12,0,52,0,2,16,4,22,4,38,28,4,74,30,6,36,110
02/20/2020,UNV,PA,AEA,EN,Federal Contract Tower,2,30,9,4,45,0,2,17,2,21,2,32,26,6,66,16,0,16,82
02/21/2020,UNV,PA,AEA,EN,Federal Contract Tower,0,31,18,0,49,0,1,51,0,52,0,32,69,0,101,8,0,8,109
02/22/2020,UNV,PA,AEA,EN,Federal Contract Tower,5,33,9,0,47,0,4,66,4,74,5,37,75,4,121,24,0,24,145
02/23/2020,UNV,PA,AEA,EN,Federal Contract Tower,0,24,2,0,26,0,3,53,0,56,0,27,55,0,82,42,0,42,124
02/24/2020,UNV,PA,AEA,EN,Federal Contract Tower,0,33,6,2,41,0,1,32,0,33,0,34,38,2,74,42,0,42,116
02/25/2020,UNV,PA,AEA,EN,Federal Contract Tower,0,27,9,0,36,0,0,2,0,2,0,27,11,0,38,24,0,24,62
02/26/2020,UNV,PA,AEA,EN,Federal Contract Tower,7,26,7,0,40,0,0,2,0,2,7,26,9,0,42,0,0,0,42
02/27/2020,UNV,PA,AEA,EN,Federal Contract Tower,3,32,6,0,41,0,2,0,0,2,3,34,6,0,43,0,0,0,43
02/28/2020,UNV,PA,AEA,EN,Federal Contract Tower,1,31,13,0,45,0,4,16,0,20,1,35,29,0,65,30,0,30,95
02/29/2020,UNV,PA,AEA,EN,Federal Contract Tower,7,24,6,0,37,0,2,3,0,5,7,26,9,0,42,0,0,0,42
03/01/2020,UNV,PA,AEA,EN,Federal Contract Tower,2,24,8,0,34,0,7,43,0,50,2,31,51,0,84,24,0,24,108
03/02/2020,UNV,PA,AEA,EN,Federal Contract Tower,1,29,8,0,38,0,4,30,2,36,1,33,38,2,74,36,0,36,110
03/03/2020,UNV,PA,AEA,EN,Federal Contract Tower,0,32,20,0,52,0,6,0,0,6,0,38,20,0,58,0,0,0,58
03/04/2020,UNV,PA,AEA,EN,Federal Contract Tower,5,31,8,2,46,0,2,15,4,21,5,33,23,6,67,58,0,58,125
03/05/2020,UNV,PA,AEA,EN,Federal Contract Tower,0,32,8,2,42,0,0,53,0,53,0,32,61,2,95,46,0,46,141
03/06/2020,UNV,PA,AEA,EN,Federal Contract Tower,0,32,12,2,46,0,0,3,0,3,0,32,15,2,49,0,0,0,49
03/07/2020,UNV,PA,AEA,EN,Federal Contract Tower,4,27,8,0,39,0,2,24,0,26,4,29,32,0,65,50,0,50,115
03/08/2020,UNV,PA,AEA,EN,Federal Contract Tower,0,25,7,0,32,0,2,42,0,44,0,27,49,0,76,12,0,12,88
03/09/2020,UNV,PA,AEA,EN,Federal Contract Tower,0,26,7,0,33,0,3,34,0,37,0,29,41,0,70,14,0,14,84
03/10/2020,UNV,PA,AEA,EN,Federal Contract Tower,0,30,1,0,31,0,0,3,0,3,0,30,4,0,34,10,0,10,44
03/11/2020,UNV,PA,AEA,EN,Federal Contract Tower,4,31,7,5,47,0,11,17,2,30,4,42,24,7,77,54,0,54,131
03/12/2020,UNV,PA,AEA,EN,Federal Contract Tower,0,34,7,0,41,0,10,13,2,25,0,44,20,2,66,46,0,46,112
03/14/2020,UNV,PA,AEA,EN,Federal Contract Tower,4,21,7,0,32,0,6,47,0,53,4,27,54,0,85,20,0,20,105
03/15/2020,UNV,PA,AEA,EN,Federal Contract Tower,0,27,5,0,32,0,2,30,0,32,0,29,35,0,64,38,0,38,102
03/16/2020,UNV,PA,AEA,EN,Federal Contract Tower,0,28,8,0,36,0,4,27,0,31,0,32,35,0,67,18,0,18,85
03/17/2020,UNV,PA,AEA,EN,Federal Contract Tower,0,27,4,0,31,0,1,0,0,1,0,28,4,0,32,0,0,0,32
03/18/2020,UNV,PA,AEA,EN,Federal Contract Tower,3,30,6,0,39,0,2,39,0,41,3,32,45,0,80,40,0,40,120
03/19/2020,UNV,PA,AEA,EN,Federal Contract Tower,0,29,8,0,37,0,0,0,0,0,0,29,8,0,37,0,0,0,37
03/20/2020,UNV,PA,AEA,EN,Federal Contract Tower,2,29,9,1,41,0,0,6,1,7,2,29,15,2,48,8,0,8,56
03/21/2020,UNV,PA,AEA,EN,Federal Contract Tower,2,23,2,0,27,0,2,12,0,14,2,25,14,0,41,2,0,2,43
03/22/2020,UNV,PA,AEA,EN,Federal Contract Tower,0,14,4,0,18,0,3,41,0,44,0,17,45,0,62,48,0,48,110
03/23/2020,UNV,PA,AEA,EN,Federal Contract Tower,0,18,0,0,18,0,0,0,0,0,0,18,0,0,18,0,0,0,18
03/24/2020,UNV,PA,AEA,EN,Federal Contract Tower,0,18,2,0,20,0,15,17,0,32,0,33,19,0,52,36,0,36,88
03/25/2020,UNV,PA,AEA,EN,Federal Contract Tower,0,24,1,0,25,0,0,0,0,0,0,24,1,0,25,0,0,0,25
03/26/2020,UNV,PA,AEA,EN,Federal Contract Tower,0,16,0,0,16,0,0,19,0,19,0,16,19,0,35,12,0,12,47
03/27/2020,UNV,PA,AEA,EN,Federal Contract Tower,0,22,1,0,23,0,2,19,0,21,0,24,20,0,44,16,0,16,60
03/28/2020,UNV,PA,AEA,EN,Federal Contract Tower,0,15,1,0,16,0,0,0,0,0,0,15,1,0,16,0,0,0,16
03/29/2020,UNV,PA,AEA,EN,Federal Contract Tower,0,18,2,0,20,0,0,0,0,0,0,18,2,0,20,0,0,0,20
03/30/2020,UNV,PA,AEA,EN,Federal Contract Tower,0,19,1,0,20,0,0,1,0,1,0,19,2,0,21,0,0,0,21
03/31/2020,UNV,PA,AEA,EN,Federal Contract Tower,0,17,1,0,18,0,3,7,0,10,0,20,8,0,28,20,0,20,48
04/01/2020,UNV,PA,AEA,EN,Federal Contract Tower,0,20,0,0,20,0,4,5,0,9,0,24,5,0,29,16,0,16,45
04/02/2020,UNV,PA,AEA,EN,Federal Contract Tower,0,28,2,0,30,0,2,7,0,9,0,30,9,0,39,0,0,0,39
04/03/2020,UNV,PA,AEA,EN,Federal Contract Tower,0,14,2,0,16,0,10,2,0,12,0,24,4,0,28,0,0,0,28
04/04/2020,UNV,PA,AEA,EN,Federal Contract Tower,0,15,3,0,18,0,0,22,0,22,0,15,25,0,40,16,0,16,56
04/05/2020,UNV,PA,AEA,EN,Federal Contract Tower,0,15,5,0,20,0,8,14,0,22,0,23,19,0,42,18,0,18,60
04/06/2020,UNV,PA,AEA,EN,Federal Contract Tower,0,16,7,0,23,0,4,35,0,39,0,20,42,0,62,58,0,58,120
04/07/2020,UNV,PA,AEA,EN,Federal Contract Tower,0,22,7,0,29,0,6,24,0,30,0,28,31,0,59,94,0,94,153
04/08/2020,UNV,PA,AEA,EN,Federal Contract Tower,0,22,1,0,23,0,5,17,0,22,0,27,18,0,45,16,0,16,61
04/09/2020,UNV,PA,AEA,EN,Federal Contract Tower,0,20,0,0,20,0,0,0,0,0,0,20,0,0,20,0,0,0,20
04/10/2020,UNV,PA,AEA,EN,Federal Contract Tower,0,12,2,0,14,0,0,0,0,0,0,12,2,0,14,0,0,0,14
04/11/2020,UNV,PA,AEA,EN,Federal Contract Tower,0,11,2,0,13,0,2,29,0,31,0,13,31,0,44,20,0,20,64
04/12/2020,UNV,PA,AEA,EN,Federal Contract Tower,0,8,2,0,10,0,0,25,0,25,0,8,27,0,35,26,0,26,61
04/13/2020,UNV,PA,AEA,EN,Federal Contract Tower,0,9,0,0,9,0,0,0,0,0,0,9,0,0,9,0,0,0,9
04/14/2020,UNV,PA,AEA,EN,Federal Contract Tower,0,18,7,0,25,0,1,29,0,30,0,19,36,0,55,26,0,26,81
04/15/2020,UNV,PA,AEA,EN,Federal Contract Tower,0,13,6,0,19,0,4,38,0,42,0,17,44,0,61,34,0,34,95
04/16/2020,UNV,PA,AEA,EN,Federal Contract Tower,0,12,2,0,14,0,0,8,0,8,0,12,10,0,22,0,0,0,22
04/17/2020,UNV,PA,AEA,EN,Federal Contract Tower,0,11,3,0,14,0,0,12,0,12,0,11,15,0,26,14,0,14,40
04/18/2020,UNV,PA,AEA,EN,Federal Contract Tower,0,5,2,0,7,0,0,10,0,10,0,5,12,0,17,8,0,8,25
04/19/2020,UNV,PA,AEA,EN,Federal Contract Tower,0,5,2,0,7,0,4,29,0,33,0,9,31,0,40,42,0,42,82
04/20/2020,UNV,PA,AEA,EN,Federal Contract Tower,0,14,2,0,16,0,8,53,0,61,0,22,55,0,77,110,0,110,187
04/21/2020,UNV,PA,AEA,EN,Federal Contract Tower,0,15,2,0,17,0,2,0,0,2,0,17,2,0,19,0,0,0,19
04/22/2020,UNV,PA,AEA,EN,Federal Contract Tower,0,17,2,2,21,0,2,6,0,8,0,19,8,2,29,0,0,0,29
04/23/2020,UNV,PA,AEA,EN,Federal Contract Tower,0,16,4,4,24,0,5,34,0,39,0,21,38,4,63,84,0,84,147
04/24/2020,UNV,PA,AEA,EN,Federal Contract Tower,0,18,3,0,21,0,0,0,0,0,0,18,3,0,21,0,0,0,21
04/25/2020,UNV,PA,AEA,EN,Federal Contract Tower,0,11,7,0,18,0,3,20,0,23,0,14,27,0,41,14,0,14,55
04/26/2020,UNV,PA,AEA,EN,Federal Contract Tower,0,10,2,0,12,0,0,0,0,0,0,10,2,0,12,0,0,0,12
04/27/2020,UNV,PA,AEA,EN,Federal Contract Tower,0,14,2,0,16,0,2,8,2,12,0,16,10,2,28,4,0,4,32
04/28/2020,UNV,PA,AEA,EN,Federal Contract Tower,0,16,7,4,27,0,4,20,0,24,0,20,27,4,51,120,0,120,171
04/29/2020,UNV,PA,AEA,EN,Federal Contract Tower,0,24,0,2,26,0,5,2,0,7,0,29,2,2,33,10,0,10,43
04/30/2020,UNV,PA,AEA,EN,Federal Contract Tower,0,19,11,0,30,0,0,0,0,0,0,19,11,0,30,0,0,0,30
05/01/2020,UNV,PA,AEA,EN,Federal Contract Tower,0,13,6,0,19,0,2,38,0,40,0,15,44,0,59,68,0,68,127
05/02/2020,UNV,PA,AEA,EN,Federal Contract Tower,0,5,6,0,11,0,2,72,0,74,0,7,78,0,85,62,0,62,147
05/03/2020,UNV,PA,AEA,EN,Federal Contract Tower,0,5,4,0,9,0,5,19,0,24,0,10,23,0,33,62,0,62,95
05/04/2020,UNV,PA,AEA,EN,Federal Contract Tower,0,14,3,0,17,0,6,26,0,32,0,20,29,0,49,14,0,14,63
05/05/2020,UNV,PA,AEA,EN,Federal Contract Tower,0,13,0,4,17,0,7,31,2,40,0,20,31,6,57,122,0,122,179
05/06/2020,UNV,PA,AEA,EN,Federal Contract Tower,0,14,1,0,15,0,0,0,0,0,0,14,1,0,15,0,0,0,15
05/07/2020,UNV,PA,AEA,EN,Federal Contract Tower,0,19,1,2,22,0,5,20,0,25,0,24,21,2,47,42,10,52,99
05/08/2020,UNV,PA,AEA,EN,Federal Contract Tower,0,19,2,0,21,0,0,0,0,0,0,19,2,0,21,0,0,0,21
05/09/2020,UNV,PA,AEA,EN,Federal Contract Tower,2,6,0,0,8,0,1,0,0,1,2,7,0,0,9,0,0,0,9
05/10/2020,UNV,PA,AEA,EN,Federal Contract Tower,0,17,4,0,21,0,4,26,0,30,0,21,30,0,51,24,0,24,75
05/11/2020,UNV,PA,AEA,EN,Federal Contract Tower,0,11,0,2,13,0,8,0,0,8,0,19,0,2,21,0,0,0,21
05/12/2020,UNV,PA,AEA,EN,Federal Contract Tower,0,13,2,0,15,0,3,17,0,20,0,16,19,0,35,28,0,28,63
05/13/2020,UNV,PA,AEA,EN,Federal Contract Tower,0,17,5,4,26,0,2,65,6,73,0,19,70,10,99,70,12,82,181
05/14/2020,UNV,PA,AEA,EN,Federal Contract Tower,0,16,6,4,26,0,2,48,4,54,0,18,54,8,80,68,16,84,164
05/15/2020,UNV,PA,AEA,EN,Federal Contract Tower,2,15,5,0,22,0,3,21,0,24,2,18,26,0,46,20,0,20,66
05/16/2020,UNV,PA,AEA,EN,Federal Contract Tower,2,5,5,2,14,0,5,38,2,45,2,10,43,4,59,86,2,88,147
05/17/2020,UNV,PA,AEA,EN,Federal Contract Tower,0,9,6,0,15,0,2,2,0,4,0,11,8,0,19,6,0,6,25
05/18/2020,UNV,PA,AEA,EN,Federal Contract Tower,2,12,0,2,16,0,3,12,0,15,2,15,12,2,31,32,0,32,63
05/19/2020,UNV,PA,AEA,EN,Federal Contract Tower,0,14,3,0,17,0,7,14,2,23,0,21,17,2,40,20,4,24,64
05/20/2020,UNV,PA,AEA,EN,Federal Contract Tower,0,16,7,0,23,0,2,23,0,25,0,18,30,0,48,88,0,88,136
05/21/2020,UNV,PA,AEA,EN,Federal Contract Tower,0,17,4,4,25,0,14,32,2,48,0,31,36,6,73,126,0,126,199
05/22/2020,UNV,PA,AEA,EN,Federal Contract Tower,2,27,17,0,46,0,7,0,0,7,2,34,17,0,53,0,0,0,53
05/23/2020,UNV,PA,AEA,EN,Federal Contract Tower,0,6,3,0,9,0,2,24,0,26,0,8,27,0,35,76,0,76,111
05/24/2020,UNV,PA,AEA,EN,Federal Contract Tower,0,10,4,0,14,0,9,6,0,15,0,19,10,0,29,14,0,14,43
05/25/2020,UNV,PA,AEA,EN,Federal Contract Tower,2,12,5,0,19,0,9,25,0,34,2,21,30,0,53,26,0,26,79
05/26/2020,UNV,PA,AEA,EN,Federal Contract Tower,0,9,8,0,17,0,4,44,2,50,0,13,52,2,67,62,0,62,129
05/27/2020,UNV,PA,AEA,EN,Federal Contract Tower,0,14,5,0,19,0,11,31,6,48,0,25,36,6,67,162,2,164,231
05/28/2020,UNV,PA,AEA,EN,Federal Contract Tower,0,16,5,0,21,0,0,0,0,0,0,16,5,0,21,0,0,0,21
05/29/2020,UNV,PA,AEA,EN,Federal Contract Tower,2,17,7,0,26,0,1,10,0,11,2,18,17,0,37,32,0,32,69
05/30/2020,UNV,PA,AEA,EN,Federal Contract Tower,2,6,4,0,12,0,5,38,0,43,2,11,42,0,55,106,0,106,161
05/31/2020,UNV,PA,AEA,EN,Federal Contract Tower,0,11,2,2,15,0,0,36,0,36,0,11,38,2,51,54,0,54,105
06/01/2020,UNV,PA,AEA,EN,Federal Contract Tower,2,14,6,0,22,0,2,26,0,28,2,16,32,0,50,70,0,70,120
06/02/2020,UNV,PA,AEA,EN,Federal Contract Tower,0,13,7,0,20,0,7,21,0,28,0,20,28,0,48,8,0,8,56
06/03/2020,UNV,PA,AEA,EN,Federal Contract Tower,2,17,1,0,20,0,3,6,0,9,2,20,7,0,29,0,0,0,29
06/04/2020,UNV,PA,AEA,EN,Federal Contract Tower,0,12,3,2,17,0,1,11,0,12,0,13,14,2,29,54,0,54,83
06/05/2020,UNV,PA,AEA,EN,Federal Contract Tower,2,15,6,0,23,0,5,11,0,16,2,20,17,0,39,24,0,24,63
06/06/2020,UNV,PA,AEA,EN,Federal Contract Tower,2,5,4,0,11,0,3,44,4,51,2,8,48,4,62,52,0,52,114
06/07/2020,UNV,PA,AEA,EN,Federal Contract Tower,0,11,10,0,21,0,4,39,0,43,0,15,49,0,64,26,0,26,90
06/08/2020,UNV,PA,AEA,EN,Federal Contract Tower,2,12,4,0,18,0,4,60,0,64,2,16,64,0,82,36,0,36,118
06/09/2020,UNV,PA,AEA,EN,Federal Contract Tower,0,10,9,2,21,0,12,42,8,62,0,22,51,10,83,60,10,70,153
06/10/2020,UNV,PA,AEA,EN,Federal Contract Tower,2,15,9,0,26,0,7,9,0,16,2,22,18,0,42,36,0,36,78
06/11/2020,UNV,PA,AEA,EN,Federal Contract Tower,0,15,2,2,19,0,3,29,7,39,0,18,31,9,58,30,6,36,94
06/12/2020,UNV,PA,AEA,EN,Federal Contract Tower,2,13,19,4,38,0,7,35,1,43,2,20,54,5,81,10,14,24,105
06/13/2020,UNV,PA,AEA,EN,Federal Contract Tower,2,4,0,0,6,0,7,55,0,62,2,11,55,0,68,48,0,48,116
06/14/2020,UNV,PA,AEA,EN,Federal Contract Tower,0,8,8,0,16,0,4,32,0,36,0,12,40,0,52,50,0,50,102
06/15/2020,UNV,PA,AEA,EN,Federal Contract Tower,2,13,4,0,19,0,10,40,0,50,2,23,44,0,69,72,0,72,141
06/17/2020,UNV,PA,AEA,EN,Federal Contract Tower,2,13,4,2,21,0,10,21,0,31,2,23,25,2,52,58,0,58,110
06/18/2020,UNV,PA,AEA,EN,Federal Contract Tower,0,16,3,0,19,0,2,32,0,34,0,18,35,0,53,14,0,14,67
06/19/2020,UNV,PA,AEA,EN,Federal Contract Tower,2,16,7,0,25,0,0,6,0,6,2,16,13,0,31,16,0,16,47
06/20/2020,UNV,PA,AEA,EN,Federal Contract Tower,2,7,11,0,20,0,1,18,0,19,2,8,29,0,39,44,0,44,83
06/21/2020,UNV,PA,AEA,EN,Federal Contract Tower,0,9,5,0,14,0,6,24,0,30,0,15,29,0,44,32,0,32,76
06/22/2020,UNV,PA,AEA,EN,Federal Contract Tower,2,12,1,0,15,0,11,25,0,36,2,23,26,0,51,12,0,12,63
06/23/2020,UNV,PA,AEA,EN,Federal Contract Tower,0,11,2,0,13,0,3,3,0,6,0,14,5,0,19,0,0,0,19
06/24/2020,UNV,PA,AEA,EN,Federal Contract Tower,2,15,3,0,20,0,6,28,2,36,2,21,31,2,56,38,0,38,94
06/25/2020,UNV,PA,AEA,EN,Federal Contract Tower,0,14,11,0,25,0,2,31,0,33,0,16,42,0,58,102,0,102,160
06/26/2020,UNV,PA,AEA,EN,Federal Contract Tower,2,20,10,0,32,0,0,52,0,52,2,20,62,0,84,80,0,80,164
06/27/2020,UNV,PA,AEA,EN,Federal Contract Tower,2,6,3,0,11,0,6,3,0,9,2,12,6,0,20,12,0,12,32
06/28/2020,UNV,PA,AEA,EN,Federal Contract Tower,0,8,13,0,21,0,5,43,0,48,0,13,56,0,69,56,0,56,125
06/29/2020,UNV,PA,AEA,EN,Federal Contract Tower,2,12,9,2,25,0,4,32,0,36,2,16,41,2,61,40,0,40,101
06/30/2020,UNV,PA,AEA,EN,Federal Contract Tower,0,12,5,0,17,0,5,47,0,52,0,17,52,0,69,46,0,46,115
07/01/2020,UNV,PA,AEA,EN,Federal Contract Tower,2,17,11,0,30,0,15,32,0,47,2,32,43,0,77,42,0,42,119
07/02/2020,UNV,PA,AEA,EN,Federal Contract Tower,0,17,6,0,23,0,1,41,0,42,0,18,47,0,65,50,0,50,115
07/03/2020,UNV,PA,AEA,EN,Federal Contract Tower,2,11,1,0,14,0,5,37,0,42,2,16,38,0,56,28,0,28,84
07/04/2020,UNV,PA,AEA,EN,Federal Contract Tower,2,6,3,0,11,0,8,18,0,26,2,14,21,0,37,4,0,4,41
07/05/2020,UNV,PA,AEA,EN,Federal Contract Tower,0,10,8,0,18,0,2,13,0,15,0,12,21,0,33,16,0,16,49
07/06/2020,UNV,PA,AEA,EN,Federal Contract Tower,2,10,11,0,23,0,6,28,0,34,2,16,39,0,57,42,0,42,99
07/07/2020,UNV,PA,AEA,EN,Federal Contract Tower,0,20,6,2,28,0,2,13,0,15,0,22,19,2,43,0,4,4,47
07/08/2020,UNV,PA,AEA,EN,Federal Contract Tower,2,19,9,0,30,0,2,6,0,8,2,21,15,0,38,16,0,16,54
07/09/2020,UNV,PA,AEA,EN,Federal Contract Tower,0,20,5,0,25,0,4,27,0,31,0,24,32,0,56,26,0,26,82
07/10/2020,UNV,PA,AEA,EN,Federal Contract Tower,2,22,11,0,35,0,2,26,0,28,2,24,37,0,63,30,0,30,93
07/11/2020,UNV,PA,AEA,EN,Federal Contract Tower,2,20,6,0,28,0,7,11,0,18,2,27,17,0,46,12,0,12,58
07/12/2020,UNV,PA,AEA,EN,Federal Contract Tower,0,16,4,0,20,0,3,39,0,42,0,19,43,0,62,32,0,32,94
07/13/2020,UNV,PA,AEA,EN,Federal Contract Tower,2,17,4,0,23,0,4,25,0,29,2,21,29,0,52,52,0,52,104
07/14/2020,UNV,PA,AEA,EN,Federal Contract Tower,0,21,13,0,34,0,12,54,0,66,0,33,67,0,100,10,0,10,110
07/15/2020,UNV,PA,AEA,EN,Federal Contract Tower,2,21,12,2,37,0,4,59,0,63,2,25,71,2,100,70,0,70,170
07/16/2020,UNV,PA,AEA,EN,Federal Contract Tower,0,25,10,0,35,0,9,3,0,12,0,34,13,0,47,10,0,10,57
07/17/2020,UNV,PA,AEA,EN,Federal Contract Tower,2,21,3,0,26,0,0,28,0,28,2,21,31,0,54,70,0,70,124
07/18/2020,UNV,PA,AEA,EN,Federal Contract Tower,2,18,9,0,29,0,12,67,0,79,2,30,76,0,108,68,0,68,176
07/19/2020,UNV,PA,AEA,EN,Federal Contract Tower,0,21,0,0,21,0,4,27,0,31,0,25,27,0,52,12,0,12,64
07/20/2020,UNV,PA,AEA,EN,Federal Contract Tower,2,23,5,0,30,0,5,23,0,28,2,28,28,0,58,16,0,16,74
07/21/2020,UNV,PA,AEA,EN,Federal Contract Tower,0,28,1,0,29,0,11,32,0,43,0,39,33,0,72,62,0,62,134
07/22/2020,UNV,PA,AEA,EN,Federal Contract Tower,2,20,2,0,24,0,3,2,0,5,2,23,4,0,29,0,0,0,29
07/23/2020,UNV,PA,AEA,EN,Federal Contract Tower,0,25,11,0,36,0,6,20,0,26,0,31,31,0,62,68,0,68,130
07/24/2020,UNV,PA,AEA,EN,Federal Contract Tower,2,26,16,2,46,0,3,27,0,30,2,29,43,2,76,20,10,30,106
07/25/2020,UNV,PA,AEA,EN,Federal Contract Tower,2,16,2,0,20,0,2,43,0,45,2,18,45,0,65,32,0,32,97
07/26/2020,UNV,PA,AEA,EN,Federal Contract Tower,0,15,9,0,24,0,6,45,0,51,0,21,54,0,75,22,0,22,97
07/27/2020,UNV,PA,AEA,EN,Federal Contract Tower,2,17,4,0,23,0,3,31,0,34,2,20,35,0,57,32,0,32,89
07/29/2020,UNV,PA,AEA,EN,Federal Contract Tower,2,24,9,2,37,0,9,49,0,58,2,33,58,2,95,34,0,34,129
07/30/2020,UNV,PA,AEA,EN,Federal Contract Tower,0,19,16,0,35,0,8,34,0,42,0,27,50,0,77,66,0,66,143
07/31/2020,UNV,PA,AEA,EN,Federal Contract Tower,2,19,13,0,34,0,10,26,0,36,2,29,39,0,70,40,0,40,110
08/01/2020,UNV,PA,AEA,EN,Federal Contract Tower,2,14,2,0,18,0,0,47,0,47,2,14,49,0,65,32,0,32,97
08/02/2020,UNV,PA,AEA,EN,Federal Contract Tower,0,20,15,0,35,0,5,6,0,11,0,25,21,0,46,0,0,0,46
08/03/2020,UNV,PA,AEA,EN,Federal Contract Tower,2,13,13,0,28,0,10,17,0,27,2,23,30,0,55,44,0,44,99
08/04/2020,UNV,PA,AEA,EN,Federal Contract Tower,0,15,8,0,23,0,2,3,0,5,0,17,11,0,28,6,0,6,34
08/05/2020,UNV,PA,AEA,EN,Federal Contract Tower,2,16,6,4,28,0,3,50,0,53,2,19,56,4,81,36,0,36,117
08/06/2020,UNV,PA,AEA,EN,Federal Contract Tower,0,18,10,0,28,0,0,31,0,31,0,18,41,0,59,14,0,14,73
08/07/2020,UNV,PA,AEA,EN,Federal Contract Tower,2,20,7,0,29,0,3,3,0,6,2,23,10,0,35,0,0,0,35
08/08/2020,UNV,PA,AEA,EN,Federal Contract Tower,2,17,16,0,35,0,1,21,0,22,2,18,37,0,57,22,0,22,79
08/09/2020,UNV,PA,AEA,EN,Federal Contract Tower,0,18,5,0,23,0,6,51,0,57,0,24,56,0,80,46,0,46,126
08/10/2020,UNV,PA,AEA,EN,Federal Contract Tower,2,15,6,0,23,0,2,49,0,51,2,17,55,0,74,48,0,48,122
08/11/2020,UNV,PA,AEA,EN,Federal Contract Tower,0,15,10,0,25,0,4,23,0,27,0,19,33,0,52,30,0,30,82
08/12/2020,UNV,PA,AEA,EN,Federal Contract Tower,2,14,3,0,19,0,8,24,0,32,2,22,27,0,51,26,0,26,77
08/13/2020,UNV,PA,AEA,EN,Federal Contract Tower,0,20,7,0,27,0,5,30,6,41,0,25,37,6,68,32,0,32,100
08/14/2020,UNV,PA,AEA,EN,Federal Contract Tower,2,21,16,0,39,0,3,38,0,41,2,24,54,0,80,64,0,64,144
08/15/2020,UNV,PA,AEA,EN,Federal Contract Tower,2,14,4,0,20,0,4,60,0,64,2,18,64,0,84,72,0,72,156
08/16/2020,UNV,PA,AEA,EN,Federal Contract Tower,0,16,6,0,22,0,3,12,0,15,0,19,18,0,37,22,0,22,59
08/17/2020,UNV,PA,AEA,EN,Federal Contract Tower,2,19,9,0,30,0,7,20,0,27,2,26,29,0,57,78,0,78,135
08/18/2020,UNV,PA,AEA,EN,Federal Contract Tower,0,16,9,0,25,0,2,43,0,45,0,18,52,0,70,42,0,42,112
08/19/2020,UNV,PA,AEA,EN,Federal Contract Tower,0,14,5,0,19,0,0,42,0,42,0,14,47,0,61,64,0,64,125
08/20/2020,UNV,PA,AEA,EN,Federal Contract Tower,2,18,11,0,31,0,3,51,0,54,2,21,62,0,85,28,0,28,113
08/21/2020,UNV,PA,AEA,EN,Federal Contract Tower,2,24,11,0,37,0,2,48,8,58,2,26,59,8,95,36,6,42,137
08/22/2020,UNV,PA,AEA,EN,Federal Contract Tower,0,18,6,0,24,0,5,63,0,68,0,23,69,0,92,68,0,68,160
08/23/2020,UNV,PA,AEA,EN,Federal Contract Tower,2,18,11,0,31,0,2,29,0,31,2,20,40,0,62,52,0,52,114
08/24/2020,UNV,PA,AEA,EN,Federal Contract Tower,2,17,2,2,23,0,2,25,0,27,2,19,27,2,50,14,0,14,64
08/25/2020,UNV,PA,AEA,EN,Federal Contract Tower,0,17,8,3,28,0,6,14,1,21,0,23,22,4,49,44,0,44,93
08/26/2020,UNV,PA,AEA,EN,Federal Contract Tower,0,14,14,0,28,0,10,63,2,75,0,24,77,2,103,50,0,50,153
08/27/2020,UNV,PA,AEA,EN,Federal Contract Tower,0,16,2,0,18,0,0,13,0,13,0,16,15,0,31,14,0,14,45
08/28/2020,UNV,PA,AEA,EN,Federal Contract Tower,0,18,10,0,28,0,0,3,0,3,0,18,13,0,31,22,0,22,53
08/29/2020,UNV,PA,AEA,EN,Federal Contract Tower,0,13,6,0,19,0,6,15,0,21,0,19,21,0,40,30,0,30,70
08/30/2020,UNV,PA,AEA,EN,Federal Contract Tower,0,14,8,0,22,0,4,32,0,36,0,18,40,0,58,36,0,36,94
08/31/2020,UNV,PA,AEA,EN,Federal Contract Tower,0,12,4,0,16,0,0,24,0,24,0,12,28,0,40,52,0,52,92
09/02/2020,UNV,PA,AEA,EN,Federal Contract Tower,0,15,12,0,27,0,0,6,0,6,0,15,18,0,33,0,0,0,33
09/03/2020,UNV,PA,AEA,EN,Federal Contract Tower,2,23,8,0,33,0,6,22,0,28,2,29,30,0,61,50,0,50,111
09/04/2020,UNV,PA,AEA,EN,Federal Contract Tower,2,18,18,0,38,0,5,45,0,50,2,23,63,0,88,58,0,58,146
09/05/2020,UNV,PA,AEA,EN,Federal Contract Tower,0,12,7,0,19,0,3,40,0,43,0,15,47,0,62,42,0,42,104
09/06/2020,UNV,PA,AEA,EN,Federal Contract Tower,2,11,4,0,17,0,11,34,0,45,2,22,38,0,62,26,0,26,88
09/07/2020,UNV,PA,AEA,EN,Federal Contract Tower,2,13,6,0,21,0,4,22,0,26,2,17,28,0,47,92,0,92,139
09/08/2020,UNV,PA,AEA,EN,Federal Contract Tower,0,16,9,0,25,0,12,56,0,68,0,28,65,0,93,102,0,102,195
09/09/2020,UNV,PA,AEA,EN,Federal Contract Tower,0,20,12,0,32,0,9,39,2,50,0,29,51,2,82,54,0,54,136
09/10/2020,UNV,PA,AEA,EN,Federal Contract Tower,2,20,9,0,31,0,1,33,0,34,2,21,42,0,65,22,0,22,87
09/11/2020,UNV,PA,AEA,EN,Federal Contract Tower,0,20,11,5,36,0,6,31,4,41,0,26,42,9,77,66,10,76,153
09/12/2020,UNV,PA,AEA,EN,Federal Contract Tower,0,15,18,0,33,0,6,7,0,13,0,21,25,0,46,3,0,3,49
09/13/2020,UNV,PA,AEA,EN,Federal Contract Tower,2,19,11,0,32,0,2,10,0,12,2,21,21,0,44,18,0,18,62
09/14/2020,UNV,PA,AEA,EN,Federal Contract Tower,0,20,4,0,24,0,5,34,0,39,0,25,38,0,63,80,0,80,143
09/15/2020,UNV,PA,AEA,EN,Federal Contract Tower,0,15,4,3,22,0,2,48,1,51,0,17,52,4,73,48,0,48,121
09/16/2020,UNV,PA,AEA,EN,Federal Contract Tower,0,21,7,10,38,0,4,26,0,30,0,25,33,10,68,62,0,62,130
09/17/2020,UNV,PA,AEA,EN,Federal Contract Tower,2,22,7,0,31,0,5,37,0,42,2,27,44,0,73,52,0,52,125
09/18/2020,UNV,PA,AEA,EN,Federal Contract Tower,0,24,13,0,37,0,6,25,0,31,0,30,38,0,68,12,0,12,80
09/19/2020,UNV,PA,AEA,EN,Federal Contract Tower,0,13,2,0,15,0,11,45,0,56,0,24,47,0,71,38,0,38,109
09/20/2020,UNV,PA,AEA,EN,Federal Contract Tower,2,15,8,0,25,0,2,52,0,54,2,17,60,0,79,14,0,14,93
09/21/2020,UNV,PA,AEA,EN,Federal Contract Tower,0,18,8,0,26,0,7,21,0,28,0,25,29,0,54,2,0,2,56
09/22/2020,UNV,PA,AEA,EN,Federal Contract Tower,0,15,15,1,31,0,3,18,1,22,0,18,33,2,53,40,20,60,113
09/23/2020,UNV,PA,AEA,EN,Federal Contract Tower,0,21,9,3,33,0,8,21,1,30,0,29,30,4,63,20,0,20,83
09/24/2020,UNV,PA,AEA,EN,Federal Contract Tower,2,29,9,0,40,0,2,34,0,36,2,31,43,0,76,58,0,58,134
09/25/2020,UNV,PA,AEA,EN,Federal Contract Tower,0,27,6,0,33,0,9,34,0,43,0,36,40,0,76,50,0,50,126
09/26/2020,UNV,PA,AEA,EN,Federal Contract Tower,0,15,14,0,29,0,3,16,0,19,0,18,30,0,48,28,0,28,76
09/27/2020,UNV,PA,AEA,EN,Federal Contract Tower,2,19,13,0,34,0,4,44,0,48,2,23,57,0,82,46,0,46,128
09/28/2020,UNV,PA,AEA,EN,Federal Contract Tower,0,17,7,0,24,0,3,30,0,33,0,20,37,0,57,108,0,108,165
09/29/2020,UNV,PA,AEA,EN,Federal Contract Tower,0,16,7,0,23,0,2,0,0,2,0,18,7,0,25,0,0,0,25
09/30/2020,UNV,PA,AEA,EN,Federal Contract Tower,0,21,7,0,28,0,7,38,0,45,0,28,45,0,73,20,0,20,93
10/01/2020,UNV,PA,AEA,EN,Federal Contract Tower,2,24,16,2,44,0,4,47,3,54,2,28,63,5,98,36,20,56,154
10/02/2020,UNV,PA,AEA,EN,Federal Contract Tower,0,25,11,0,36,0,10,46,0,56,0,35,57,0,92,134,0,134,226
10/03/2020,UNV,PA,AEA,EN,Federal Contract Tower,0,15,6,0,21,0,2,67,0,69,0,17,73,0,90,60,0,60,150
10/04/2020,UNV,PA,AEA,EN,Federal Contract Tower,2,19,14,0,35,0,7,28,2,37,2,26,42,2,72,40,0,40,112
10/05/2020,UNV,PA,AEA,EN,Federal Contract Tower,0,20,20,0,40,0,4,22,0,26,0,24,42,0,66,68,0,68,134
10/06/2020,UNV,PA,AEA,EN,Federal Contract Tower,0,15,5,0,20,0,3,42,0,45,0,18,47,0,65,48,0,48,113
10/07/2020,UNV,PA,AEA,EN,Federal Contract Tower,0,22,7,0,29,0,6,11,2,19,0,28,18,2,48,22,0,22,70
10/08/2020,UNV,PA,AEA,EN,Federal Contract Tower,2,23,5,0,30,0,0,46,0,46,2,23,51,0,76,20,0,20,96
10/09/2020,UNV,PA,AEA,EN,Federal Contract Tower,0,22,9,2,33,0,4,58,0,62,0,26,67,2,95,130,0,130,225
10/10/2020,UNV,PA,AEA,EN,Federal Contract Tower,0,11,7,0,18,0,5,50,0,55,0,16,57,0,73,56,0,56,129
10/11/2020,UNV,PA,AEA,EN,Federal Contract Tower,2,15,15,0,32,0,1,6,0,7,2,16,21,0,39,12,0,12,51
10/12/2020,UNV,PA,AEA,EN,Federal Contract Tower,0,22,9,0,31,0,0,0,0,0,0,22,9,0,31,0,0,0,31
10/13/2020,UNV,PA,AEA,EN,Federal Contract Tower,0,17,7,0,24,0,0,15,0,15,0,17,22,0,39,64,0,64,103
10/14/2020,UNV,PA,AEA,EN,Federal Contract Tower,0,17,11,1,29,0,4,43,4,51,0,21,54,5,80,130,14,144,224
10/15/2020,UNV,PA,AEA,EN,Federal Contract Tower,2,25,5,2,34,0,4,29,1,34,2,29,34,3,68,40,8,48,116
10/16/2020,UNV,PA,AEA,EN,Federal Contract Tower,0,23,4,0,27,0,2,17,0,19,0,25,21,0,46,36,0,36,82
10/17/2020,UNV,PA,AEA,EN,Federal Contract Tower,0,13,3,0,16,0,0,70,0,70,0,13,73,0,86,34,0,34,120
10/18/2020,UNV,PA,AEA,EN,Federal Contract Tower,2,13,8,0,23,0,7,41,0,48,2,20,49,0,71,60,0,60,131
10/19/2020,UNV,PA,AEA,EN,Federal Contract Tower,0,24,2,0,26,0,6,13,0,19,0,30,15,0,45,30,0,30,75
10/20/2020,UNV,PA,AEA,EN,Federal Contract Tower,0,17,11,0,28,0,8,6,0,14,0,25,17,0,42,16,0,16,58
10/21/2020,UNV,PA,AEA,EN,Federal Contract Tower,0,19,9,0,28,0,5,38,0,43,0,24,47,0,71,36,0,36,107
10/22/2020,UNV,PA,AEA,EN,Federal Contract Tower,2,29,8,0,39,0,3,46,0,49,2,32,54,0,88,84,0,84,172
10/23/2020,UNV,PA,AEA,EN,Federal Contract Tower,2,24,10,4,40,0,5,43,0,48,2,29,53,4,88,48,0,48,136
10/24/2020,UNV,PA,AEA,EN,Federal Contract Tower,0,12,5,0,17,0,3,20,0,23,0,15,25,0,40,38,0,38,78
10/25/2020,UNV,PA,AEA,EN,Federal Contract Tower,2,16,15,0,33,0,3,36,0,39,2,19,51,0,72,26,0,26,98
10/26/2020,UNV,PA,AEA,EN,Federal Contract Tower,0,19,15,0,34,0,0,0,0,0,0,19,15,0,34,0,0,0,34
10/27/2020,UNV,PA,AEA,EN,Federal Contract Tower,0,13,9,2,24,0,5,19,2,26,0,18,28,4,50,58,0,58,108
10/28/2020,UNV,PA,AEA,EN,Federal Contract Tower,0,17,14,0,31,0,0,0,0,0,0,17,14,0,31,0,0,0,31
10/29/2020,UNV,PA,AEA,EN,Federal Contract Tower,0,22,2,0,24,0,0,0,0,0,0,22,2,0,24,0,0,0,24
10/30/2020,UNV,PA,AEA,EN,Federal Contract Tower,2,23,1,0,26,0,0,9,0,9,2,23,10,0,35,32,0,32,67
10/31/2020,UNV,PA,AEA,EN,Federal Contract Tower,0,20,8,0,28,0,5,41,0,46,0,25,49,0,74,16,0,16,90
11/01/2020,UNV,PA,AEA,EN,Federal Contract Tower,0,16,5,0,21,0,0,8,0,8,0,16,13,0,29,0,0,0,29
11/02/2020,UNV,PA,AEA,EN,Federal Contract Tower,0,22,0,0,22,0,0,16,0,16,0,22,16,0,38,8,0,8,46
11/03/2020,UNV,PA,AEA,EN,Federal Contract Tower,0,14,5,2,21,0,5,20,0,25,0,19,25,2,46,80,8,88,134
11/04/2020,UNV,PA,AEA,EN,Federal Contract Tower,0,11,7,0,18,0,5,38,2,45,0,16,45,2,63,92,2,94,157
11/05/2020,UNV,PA,AEA,EN,Federal Contract Tower,0,32,4,0,36,0,9,34,0,43,0,41,38,0,79,88,0,88,167
11/06/2020,UNV,PA,AEA,EN,Federal Contract Tower,0,25,7,0,32,0,5,52,0,57,0,30,59,0,89,74,0,74,163
11/07/2020,UNV,PA,AEA,EN,Federal Contract Tower,0,15,6,0,21,0,10,56,0,66,0,25,62,0,87,14,0,14,101
11/08/2020,UNV,PA,AEA,EN,Federal Contract Tower,0,16,5,0,21,0,3,83,0,86,0,19,88,0,107,62,0,62,169
11/09/2020,UNV,PA,AEA,EN,Federal Contract Tower,0,21,1,2,24,0,3,49,0,52,0,24,50,2,76,104,10,114,190
11/10/2020,UNV,PA,AEA,EN,Federal Contract Tower,0,19,0,0,19,0,3,31,4,38,0,22,31,4,57,84,0,84,141
11/11/2020,UNV,PA,AEA,EN,Federal Contract Tower,0,15,2,0,17,0,0,0,0,0,0,15,2,0,17,0,0,0,17
11/12/2020,UNV,PA,AEA,EN,Federal Contract Tower,0,27,8,0,35,0,7,38,0,45,0,34,46,0,80,62,0,62,142
11/13/2020,UNV,PA,AEA,EN,Federal Contract Tower,2,25,7,1,35,0,2,53,3,58,2,27,60,4,93,62,2,64,157
11/14/2020,UNV,PA,AEA,EN,Federal Contract Tower,2,18,10,0,30,0,4,74,0,78,2,22,84,0,108,154,0,154,262
11/15/2020,UNV,PA,AEA,EN,Federal Contract Tower,0,21,2,0,23,0,2,1,0,3,0,23,3,0,26,0,0,0,26
11/16/2020,UNV,PA,AEA,EN,Federal Contract Tower,0,20,0,1,21,0,7,15,0,22,0,27,15,1,43,34,0,34,77
11/17/2020,UNV,PA,AEA,EN,Federal Contract Tower,0,20,8,0,28,0,2,6,0,8,0,22,14,0,36,0,0,0,36
11/18/2020,UNV,PA,AEA,EN,Federal Contract Tower,0,15,8,0,23,0,4,36,2,42,0,19,44,2,65,28,0,28,93
11/19/2020,UNV,PA,AEA,EN,Federal Contract Tower,0,30,3,0,33,0,0,42,2,44,0,30,45,2,77,80,0,80,157
11/20/2020,UNV,PA,AEA,EN,Federal Contract Tower,3,23,14,0,40,0,6,52,0,58,3,29,66,0,98,106,0,106,204
11/21/2020,UNV,PA,AEA,EN,Federal Contract Tower,3,17,12,0,32,0,8,40,0,48,3,25,52,0,80,68,0,68,148
11/22/2020,UNV,PA,AEA,EN,Federal Contract Tower,0,15,5,0,20,0,3,16,0,19,0,18,21,0,39,86,0,86,125
11/23/2020,UNV,PA,AEA,EN,Federal Contract Tower,2,13,5,0,20,0,6,7,0,13,2,19,12,0,33,0,0,0,33
11/24/2020,UNV,PA,AEA,EN,Federal Contract Tower,2,21,8,0,31,0,2,40,2,44,2,23,48,2,75,70,2,72,147
11/25/2020,UNV,PA,AEA,EN,Federal Contract Tower,2,20,6,0,28,0,4,17,0,21,2,24,23,0,49,50,0,50,99
11/26/2020,UNV,PA,AEA,EN,Federal Contract Tower,0,8,0,0,8,0,3,0,0,3,0,11,0,0,11,0,0,0,11
11/27/2020,UNV,PA,AEA,EN,Federal Contract Tower,2,15,4,0,21,0,4,19,0,23,2,19,23,0,44,52,0,52,96
11/28/2020,UNV,PA,AEA,EN,Federal Contract Tower,4,17,3,0,24,0,4,27,0,31,4,21,30,0,55,86,0,86,141
11/29/2020,UNV,PA,AEA,EN,Federal Contract Tower,2,25,6,0,33,0,4,49,0,53,2,29,55,0,86,22,0,22,108
11/30/2020,UNV,PA,AEA,EN,Federal Contract Tower,0,26,6,0,32,0,2,1,0,3,0,28,7,0,35,0,0,0,35
12/01/2020,UNV,PA,AEA,EN,Federal Contract Tower,1,20,2,0,23,0,0,0,0,0,1,20,2,0,23,0,0,0,23
12/02/2020,UNV,PA,AEA,EN,Federal Contract Tower,1,16,3,0,20,0,2,5,0,7,1,18,8,0,27,2,0,2,29
12/03/2020,UNV,PA,AEA,EN,Federal Contract Tower,0,28,10,1,39,0,15,53,2,70,0,43,63,3,109,30,14,44,153
12/04/2020,UNV,PA,AEA,EN,Federal Contract Tower,2,21,6,0,29,0,1,27,0,28,2,22,33,0,57,32,0,32,89
12/05/2020,UNV,PA,AEA,EN,Federal Contract Tower,4,11,2,0,17,0,3,8,0,11,4,14,10,0,28,18,0,18,46
12/06/2020,UNV,PA,AEA,EN,Federal Contract Tower,0,15,6,0,21,0,0,12,0,12,0,15,18,0,33,13,0,13,46
12/07/2020,UNV,PA,AEA,EN,Federal Contract Tower,4,17,3,0,24,0,0,17,0,17,4,17,20,0,41,14,0,14,55
12/08/2020,UNV,PA,AEA,EN,Federal Contract Tower,0,17,5,0,22,0,3,26,0,29,0,20,31,0,51,76,0,76,127
12/09/2020,UNV,PA,AEA,EN,Federal Contract Tower,0,17,6,0,23,0,2,2,0,4,0,19,8,0,27,0,0,0,27
12/10/2020,UNV,PA,AEA,EN,Federal Contract Tower,0,21,13,0,34,0,7,41,0,48,0,28,54,0,82,112,0,112,194
12/11/2020,UNV,PA,AEA,EN,Federal Contract Tower,3,21,7,4,35,0,3,57,2,62,3,24,64,6,97,36,0,36,133
12/12/2020,UNV,PA,AEA,EN,Federal Contract Tower,5,14,5,0,24,0,3,34,0,37,5,17,39,0,61,64,0,64,125
12/13/2020,UNV,PA,AEA,EN,Federal Contract Tower,2,13,13,0,28,0,4,12,0,16,2,17,25,0,44,36,0,36,80
12/14/2020,UNV,PA,AEA,EN,Federal Contract Tower,2,20,6,0,28,0,1,0,0,1,2,21,6,0,29,0,0,0,29
12/15/2020,UNV,PA,AEA,EN,Federal Contract Tower,0,21,4,2,27,0,10,44,10,64,0,31,48,12,91,80,0,80,171
12/16/2020,UNV,PA,AEA,EN,Federal Contract Tower,0,5,0,0,5,0,0,4,0,4,0,5,4,0,9,10,0,10,19
12/17/2020,UNV,PA,AEA,EN,Federal Contract Tower,0,16,1,0,17,0,4,0,0,4,0,20,1,0,21,0,0,0,21
12/18/2020,UNV,PA,AEA,EN,Federal Contract Tower,3,19,8,0,30,0,0,0,0,0,3,19,8,0,30,0,0,0,30
12/19/2020,UNV,PA,AEA,EN,Federal Contract Tower,2,15,4,0,21,0,0,10,0,10,2,15,14,0,31,12,0,12,43
12/20/2020,UNV,PA,AEA,EN,Federal Contract Tower,0,13,3,0,16,0,0,2,0,2,0,13,5,0,18,0,0,0,18
12/21/2020,UNV,PA,AEA,EN,Federal Contract Tower,2,17,5,4,28,0,0,10,0,10,2,17,15,4,38,108,0,108,146
12/22/2020,UNV,PA,AEA,EN,Federal Contract Tower,2,19,2,0,23,0,1,2,0,3,2,20,4,0,26,0,0,0,26
12/23/2020,UNV,PA,AEA,EN,Federal Contract Tower,4,22,14,0,40,0,2,48,0,50,4,24,62,0,90,128,0,128,218
12/24/2020,UNV,PA,AEA,EN,Federal Contract Tower,2,17,2,0,21,0,0,0,0,0,2,17,2,0,21,0,0,0,21
12/25/2020,UNV,PA,AEA,EN,Federal Contract Tower,2,3,0,0,5,0,0,0,0,0,2,3,0,0,5,0,0,0,5
12/26/2020,UNV,PA,AEA,EN,Federal Contract Tower,4,11,0,0,15,0,2,2,0,4,4,13,2,0,19,2,0,2,21
12/27/2020,UNV,PA,AEA,EN,Federal Contract Tower,2,12,7,0,21,0,4,30,0,34,2,16,37,0,55,52,0,52,107
12/28/2020,UNV,PA,AEA,EN,Federal Contract Tower,2,15,10,0,27,0,11,5,0,16,2,26,15,0,43,24,0,24,67
12/29/2020,UNV,PA,AEA,EN,Federal Contract Tower,2,20,15,4,41,0,5,20,2,27,2,25,35,6,68,8,2,10,78
12/30/2020,UNV,PA,AEA,EN,Federal Contract Tower,2,22,2,0,26,0,0,17,0,17,2,22,19,0,43,0,0,0,43
12/31/2020,UNV,PA,AEA,EN,Federal Contract Tower,2,11,4,0,17,0,2,0,0,2,2,13,4,0,19,0,0,0,19
01/01/2021,UNV,PA,AEA,EN,Federal Contract Tower,1,5,0,0,6,0,3,4,0,7,1,8,4,0,13,0,0,0,13
01/02/2021,UNV,PA,AEA,EN,Federal Contract Tower,3,14,2,0,19,0,3,2,0,5,3,17,4,0,24,6,0,6,30
01/03/2021,UNV,PA,AEA,EN,Federal Contract Tower,4,13,3,0,20,0,0,0,0,0,4,13,3,0,20,0,0,0,20
01/04/2021,UNV,PA,AEA,EN,Federal Contract Tower,0,16,2,0,18,0,0,41,0,41,0,16,43,0,59,20,0,20,79
01/05/2021,UNV,PA,AEA,EN,Federal Contract Tower,2,17,5,0,24,0,2,2,0,4,2,19,7,0,28,0,0,0,28
01/06/2021,UNV,PA,AEA,EN,Federal Contract Tower,2,14,4,0,20,0,4,17,0,21,2,18,21,0,41,18,0,18,59
01/07/2021,UNV,PA,AEA,EN,Federal Contract Tower,0,19,6,7,32,0,4,34,4,42,0,23,40,11,74,84,14,98,172
01/08/2021,UNV,PA,AEA,EN,Federal Contract Tower,0,19,5,2,26,0,5,26,0,31,0,24,31,2,57,34,0,34,91
01/09/2021,UNV,PA,AEA,EN,Federal Contract Tower,4,15,7,0,26,0,5,44,4,53,4,20,51,4,79,60,0,60,139
01/10/2021,UNV,PA,AEA,EN,Federal Contract Tower,0,11,4,0,15,0,10,29,0,39,0,21,33,0,54,50,0,50,104
01/11/2021,UNV,PA,AEA,EN,Federal Contract Tower,0,17,4,0,21,0,3,23,0,26,0,20,27,0,47,42,0,42,89
01/12/2021,UNV,PA,AEA,EN,Federal Contract Tower,0,15,4,2,21,0,4,24,4,32,0,19,28,6,53,72,0,72,125
01/13/2021,UNV,PA,AEA,EN,Federal Contract Tower,2,15,11,0,28,0,5,23,0,28,2,20,34,0,56,76,0,76,132
01/14/2021,UNV,PA,AEA,EN,Federal Contract Tower,0,17,5,0,22,0,10,39,0,49,0,27,44,0,71,42,0,42,113
01/15/2021,UNV,PA,AEA,EN,Federal Contract Tower,2,20,6,0,28,0,2,6,0,8,2,22,12,0,36,18,0,18,54
01/16/2021,UNV,PA,AEA,EN,Federal Contract Tower,4,15,7,0,26,0,3,12,0,15,4,18,19,0,41,12,0,12,53
01/17/2021,UNV,PA,AEA,EN,Federal Contract Tower,0,15,3,0,18,0,4,0,0,4,0,19,3,0,22,0,0,0,22
01/18/2021,UNV,PA,AEA,EN,Federal Contract Tower,2,15,1,0,18,0,0,2,0,2,2,15,3,0,20,0,0,0,20
01/19/2021,UNV,PA,AEA,EN,Federal Contract Tower,0,14,1,0,15,0,10,10,0,20,0,24,11,0,35,14,0,14,49
01/20/2021,UNV,PA,AEA,EN,Federal Contract Tower,3,18,3,0,24,0,0,2,0,2,3,18,5,0,26,26,0,26,52
01/21/2021,UNV,PA,AEA,EN,Federal Contract Tower,0,19,3,0,22,0,0,29,2,31,0,19,32,2,53,44,0,44,97
01/22/2021,UNV,PA,AEA,EN,Federal Contract Tower,3,19,6,0,28,0,3,12,0,15,3,22,18,0,43,4,0,4,47
01/23/2021,UNV,PA,AEA,EN,Federal Contract Tower,2,12,0,0,14,0,3,8,0,11,2,15,8,0,25,14,0,14,39
01/24/2021,UNV,PA,AEA,EN,Federal Contract Tower,1,13,4,0,18,0,7,50,0,57,1,20,54,0,75,76,0,76,151
01/25/2021,UNV,PA,AEA,EN,Federal Contract Tower,3,17,3,2,25,0,2,16,0,18,3,19,19,2,43,30,0,30,73
01/26/2021,UNV,PA,AEA,EN,Federal Contract Tower,0,22,5,0,27,0,0,0,0,0,0,22,5,0,27,0,0,0,27
01/27/2021,UNV,PA,AEA,EN,Federal Contract Tower,4,27,19,0,50,0,16,11,0,27,4,43,30,0,77,36,0,36,113
01/28/2021,UNV,PA,AEA,EN,Federal Contract Tower,0,24,2,2,28,0,6,12,0,18,0,30,14,2,46,2,0,2,48
01/29/2021,UNV,PA,AEA,EN,Federal Contract Tower,2,21,4,0,27,0,8,0,0,8,2,29,4,0,35,0,0,0,35
01/30/2021,UNV,PA,AEA,EN,Federal Contract Tower,4,17,4,0,25,0,2,71,0,73,4,19,75,0,98,56,0,56,154
01/31/2021,UNV,PA,AEA,EN,Federal Contract Tower,0,15,0,0,15,0,0,0,0,0,0,15,0,0,15,0,0,0,15
02/01/2021,UNV,PA,AEA,EN,Federal Contract Tower,3,10,0,0,13,0,0,0,0,0,3,10,0,0,13,0,0,0,13
02/02/2021,UNV,PA,AEA,EN,Federal Contract Tower,0,10,3,0,13,0,0,0,0,0,0,10,3,0,13,0,0,0,13
02/03/2021,UNV,PA,AEA,EN,Federal Contract Tower,4,19,4,0,27,0,6,0,0,6,4,25,4,0,33,0,0,0,33
02/04/2021,UNV,PA,AEA,EN,Federal Contract Tower,2,26,0,0,28,0,2,42,0,44,2,28,42,0,72,62,0,62,134
02/05/2021,UNV,PA,AEA,EN,Federal Contract Tower,2,19,7,0,28,0,1,2,0,3,2,20,9,0,31,0,0,0,31
02/06/2021,UNV,PA,AEA,EN,Federal Contract Tower,3,12,8,0,23,0,5,11,0,16,3,17,19,0,39,0,0,0,39
02/07/2021,UNV,PA,AEA,EN,Federal Contract Tower,0,12,4,0,16,0,2,9,0,11,0,14,13,0,27,18,0,18,45
02/08/2021,UNV,PA,AEA,EN,Federal Contract Tower,4,18,0,1,23,0,4,26,4,34,4,22,26,5,57,22,12,34,91
02/09/2021,UNV,PA,AEA,EN,Federal Contract Tower,2,15,1,0,18,0,0,6,0,6,2,15,7,0,24,0,0,0,24
02/10/2021,UNV,PA,AEA,EN,Federal Contract Tower,3,20,6,0,29,0,1,20,2,23,3,21,26,2,52,30,0,30,82
02/11/2021,UNV,PA,AEA,EN,Federal Contract Tower,0,19,3,0,22,0,2,6,0,8,0,21,9,0,30,0,0,0,30
02/12/2021,UNV,PA,AEA,EN,Federal Contract Tower,4,22,3,2,31,0,6,25,0,31,4,28,28,2,62,18,0,18,80
02/13/2021,UNV,PA,AEA,EN,Federal Contract Tower,2,13,2,0,17,0,1,7,0,8,2,14,9,0,25,42,0,42,67
02/14/2021,UNV,PA,AEA,EN,Federal Contract Tower,0,11,7,0,18,0,3,0,0,3,0,14,7,0,21,6,0,6,27
02/15/2021,UNV,PA,AEA,EN,Federal Contract Tower,0,10,1,0,11,0,0,0,0,0,0,10,1,0,11,0,0,0,11
02/16/2021,UNV,PA,AEA,EN,Federal Contract Tower,1,13,2,0,16,0,6,0,0,6,1,19,2,0,22,2,0,2,24
02/17/2021,UNV,PA,AEA,EN,Federal Contract Tower,1,22,10,0,33,0,7,37,0,44,1,29,47,0,77,6,0,6,83
02/18/2021,UNV,PA,AEA,EN,Federal Contract Tower,0,17,1,0,18,0,0,0,0,0,0,17,1,0,18,0,0,0,18
02/19/2021,UNV,PA,AEA,EN,Federal Contract Tower,2,16,4,0,22,0,3,5,0,8,2,19,9,0,30,20,0,20,50
02/20/2021,UNV,PA,AEA,EN,Federal Contract Tower,2,13,5,0,20,0,5,12,0,17,2,18,17,0,37,2,0,2,39
02/21/2021,UNV,PA,AEA,EN,Federal Contract Tower,0,14,10,0,24,0,1,36,0,37,0,15,46,0,61,34,0,34,95
02/22/2021,UNV,PA,AEA,EN,Federal Contract Tower,2,14,0,0,16,0,0,0,0,0,2,14,0,0,16,0,0,0,16
02/23/2021,UNV,PA,AEA,EN,Federal Contract Tower,1,14,2,2,19,0,0,2,6,8,1,14,4,8,27,6,0,6,33
02/24/2021,UNV,PA,AEA,EN,Federal Contract Tower,2,16,5,0,23,0,11,25,0,36,2,27,30,0,59,16,0,16,75
02/25/2021,UNV,PA,AEA,EN,Federal Contract Tower,1,18,10,0,29,0,2,48,0,50,1,20,58,0,79,18,0,18,97
02/26/2021,UNV,PA,AEA,EN,Federal Contract Tower,2,17,4,0,23,0,2,49,0,51,2,19,53,0,74,32,0,32,106
02/27/2021,UNV,PA,AEA,EN,Federal Contract Tower,0,14,12,0,26,0,2,2,0,4,0,16,14,0,30,0,0,0,30
02/28/2021,UNV,PA,AEA,EN,Federal Contract Tower,0,11,4,0,15,0,2,0,0,2,0,13,4,0,17,0,0,0,17
03/01/2021,UNV,PA,AEA,EN,Federal Contract Tower,2,14,6,0,22,0,0,2,0,2,2,14,8,0,24,0,0,0,24
03/02/2021,UNV,PA,AEA,EN,Federal Contract Tower,1,18,3,0,22,0,9,43,0,52,1,27,46,0,74,50,0,50,124
03/03/2021,UNV,PA,AEA,EN,Federal Contract Tower,0,18,6,2,26,0,5,60,0,65,0,23,66,2,91,80,0,80,171
03/04/2021,UNV,PA,AEA,EN,Federal Contract Tower,2,21,4,0,27,0,5,18,0,23,2,26,22,0,50,22,0,22,72
03/05/2021,UNV,PA,AEA,EN,Federal Contract Tower,2,20,10,0,32,0,0,7,0,7,2,20,17,0,39,6,0,6,45
03/06/2021,UNV,PA,AEA,EN,Federal Contract Tower,0,12,6,0,18,0,3,11,0,14,0,15,17,0,32,38,0,38,70
03/07/2021,UNV,PA,AEA,EN,Federal Contract Tower,1,14,16,0,31,0,2,58,0,60,1,16,74,0,91,28,0,28,119
03/08/2021,UNV,PA,AEA,EN,Federal Contract Tower,2,15,7,0,24,0,4,25,0,29,2,19,32,0,53,68,0,68,121
03/09/2021,UNV,PA,AEA,EN,Federal Contract Tower,2,19,11,0,32,0,6,25,0,31,2,25,36,0,63,68,0,68,131
03/10/2021,UNV,PA,AEA,EN,Federal Contract Tower,0,18,9,0,27,0,9,50,0,59,0,27,59,0,86,80,0,80,166
03/11/2021,UNV,PA,AEA,EN,Federal Contract Tower,2,20,7,0,29,0,2,17,2,21,2,22,24,2,50,16,0,16,66
03/12/2021,UNV,PA,AEA,EN,Federal Contract Tower,6,18,4,2,30,0,2,31,4,37,6,20,35,6,67,30,0,30,97
03/13/2021,UNV,PA,AEA,EN,Federal Contract Tower,0,11,7,0,18,0,1,66,2,69,0,12,73,2,87,124,0,124,211
03/14/2021,UNV,PA,AEA,EN,Federal Contract Tower,0,14,7,2,23,0,3,8,0,11,0,17,15,2,34,0,0,0,34
03/15/2021,UNV,PA,AEA,EN,Federal Contract Tower,0,19,3,0,22,0,2,38,0,40,0,21,41,0,62,84,0,84,146
03/16/2021,UNV,PA,AEA,EN,Federal Contract Tower,2,14,2,0,18,0,9,0,0,9,2,23,2,0,27,0,0,0,27
03/17/2021,UNV,PA,AEA,EN,Federal Contract Tower,0,17,12,2,31,0,4,26,0,30,0,21,38,2,61,28,0,28,89
03/18/2021,UNV,PA,AEA,EN,Federal Contract Tower,0,21,2,0,23,0,0,0,0,0,0,21,2,0,23,0,0,0,23
03/19/2021,UNV,PA,AEA,EN,Federal Contract Tower,2,18,4,2,26,0,2,27,0,29,2,20,31,2,55,22,0,22,77
03/20/2021,UNV,PA,AEA,EN,Federal Contract Tower,0,12,4,2,18,0,0,73,0,73,0,12,77,2,91,38,0,38,129
03/21/2021,UNV,PA,AEA,EN,Federal Contract Tower,0,15,12,0,27,0,11,65,0,76,0,26,77,0,103,102,0,102,205
03/22/2021,UNV,PA,AEA,EN,Federal Contract Tower,1,17,5,0,23,0,9,23,0,32,1,26,28,0,55,20,0,20,75
03/23/2021,UNV,PA,AEA,EN,Federal Contract Tower,0,19,10,1,30,0,9,24,1,34,0,28,34,2,64,62,4,66,130
03/24/2021,UNV,PA,AEA,EN,Federal Contract Tower,0,20,7,0,27,0,0,0,0,0,0,20,7,0,27,0,0,0,27
03/25/2021,UNV,PA,AEA,EN,Federal Contract Tower,0,26,7,2,35,0,2,14,0,16,0,28,21,2,51,26,0,26,77
03/26/2021,UNV,PA,AEA,EN,Federal Contract Tower,2,21,9,0,32,0,2,6,0,8,2,23,15,0,40,4,0,4,44
03/27/2021,UNV,PA,AEA,EN,Federal Contract Tower,0,11,17,0,28,0,4,58,0,62,0,15,75,0,90,64,0,64,154
03/28/2021,UNV,PA,AEA,EN,Federal Contract Tower,0,15,1,0,16,0,0,0,0,0,0,15,1,0,16,0,0,0,16
03/29/2021,UNV,PA,AEA,EN,Federal Contract Tower,2,21,0,0,23,0,7,13,0,20,2,28,13,0,43,10,0,10,53
03/30/2021,UNV,PA,AEA,EN,Federal Contract Tower,0,24,2,0,26,0,3,40,2,45,0,27,42,2,71,24,0,24,95
03/31/2021,UNV,PA,AEA,EN,Federal Contract Tower,0,25,20,0,45,0,0,2,0,2,0,25,22,0,47,10,0,10,57
04/01/2021,UNV,PA,AEA,EN,Federal Contract Tower,0,19,10,0,29,0,0,2,0,2,0,19,12,0,31,0,0,0,31
04/02/2021,UNV,PA,AEA,EN,Federal Contract Tower,2,17,9,0,28,0,2,17,6,25,2,19,26,6,53,8,0,8,61
04/03/2021,UNV,PA,AEA,EN,Federal Contract Tower,0,12,8,0,20,0,4,63,0,67,0,16,71,0,87,42,0,42,129
04/04/2021,UNV,PA,AEA,EN,Federal Contract Tower,0,12,3,0,15,0,5,18,0,23,0,17,21,0,38,22,0,22,60
04/05/2021,UNV,PA,AEA,EN,Federal Contract Tower,2,16,11,0,29,0,0,37,0,37,2,16,48,0,66,80,0,80,146
04/06/2021,UNV,PA,AEA,EN,Federal Contract Tower,0,19,11,0,30,0,2,47,0,49,0,21,58,0,79,138,0,138,217
04/07/2021,UNV,PA,AEA,EN,Federal Contract Tower,0,15,8,0,23,0,9,31,0,40,0,24,39,0,63,26,0,26,89
04/08/2021,UNV,PA,AEA,EN,Federal Contract Tower,0,22,7,5,34,0,4,32,4,40,0,26,39,9,74,52,18,70,144
04/09/2021,UNV,PA,AEA,EN,Federal Contract Tower,2,18,14,0,34,0,0,0,0,0,2,18,14,0,34,0,0,0,34
04/10/2021,UNV,PA,AEA,EN,Federal Contract Tower,0,13,10,0,23,0,2,6,0,8,0,15,16,0,31,10,0,10,41
04/11/2021,UNV,PA,AEA,EN,Federal Contract Tower,0,16,10,0,26,0,1,4,0,5,0,17,14,0,31,22,0,22,53
04/12/2021,UNV,PA,AEA,EN,Federal Contract Tower,2,17,9,0,28,0,1,7,0,8,2,18,16,0,36,22,0,22,58
04/13/2021,UNV,PA,AEA,EN,Federal Contract Tower,0,16,16,0,32,0,5,35,0,40,0,21,51,0,72,42,0,42,114
04/14/2021,UNV,PA,AEA,EN,Federal Contract Tower,2,25,14,0,41,0,5,54,0,59,2,30,68,0,100,118,0,118,218
04/15/2021,UNV,PA,AEA,EN,Federal Contract Tower,0,18,8,0,26,0,8,19,0,27,0,26,27,0,53,18,0,18,71
04/16/2021,UNV,PA,AEA,EN,Federal Contract Tower,0,23,8,0,31,0,3,4,0,7,0,26,12,0,38,6,0,6,44
04/17/2021,UNV,PA,AEA,EN,Federal Contract Tower,2,18,5,0,25,0,0,17,0,17,2,18,22,0,42,14,0,14,56
04/18/2021,UNV,PA,AEA,EN,Federal Contract Tower,0,15,11,0,26,0,5,33,0,38,0,20,44,0,64,38,0,38,102
04/19/2021,UNV,PA,AEA,EN,Federal Contract Tower,0,19,8,0,27,0,1,25,3,29,0,20,33,3,56,52,0,52,108
04/20/2021,UNV,PA,AEA,EN,Federal Contract Tower,0,21,5,0,26,0,5,30,2,37,0,26,35,2,63,54,0,54,117
04/21/2021,UNV,PA,AEA,EN,Federal Contract Tower,2,20,4,0,26,0,0,0,0,0,2,20,4,0,26,0,0,0,26
04/22/2021,UNV,PA,AEA,EN,Federal Contract Tower,0,19,7,0,26,0,0,20,4,24,0,19,27,4,50,2,0,2,52
04/23/2021,UNV,PA,AEA,EN,Federal Contract Tower,0,19,1,0,20,0,7,49,0,56,0,26,50,0,76,28,0,28,104
04/24/2021,UNV,PA,AEA,EN,Federal Contract Tower,2,11,2,0,15,0,4,60,0,64,2,15,62,0,79,66,0,66,145
04/25/2021,UNV,PA,AEA,EN,Federal Contract Tower,0,12,21,0,33,0,1,24,0,25,0,13,45,0,58,14,0,14,72
04/26/2021,UNV,PA,AEA,EN,Federal Contract Tower,0,17,9,0,26,0,4,41,0,45,0,21,50,0,71,78,0,78,149
04/27/2021,UNV,PA,AEA,EN,Federal Contract Tower,0,16,3,2,21,0,2,70,11,83,0,18,73,13,104,72,0,72,176
04/28/2021,UNV,PA,AEA,EN,Federal Contract Tower,2,17,6,0,25,0,9,30,2,41,2,26,36,2,66,26,4,30,96
04/29/2021,UNV,PA,AEA,EN,Federal Contract Tower,0,21,16,0,37,0,0,6,0,6,0,21,22,0,43,24,0,24,67
04/30/2021,UNV,PA,AEA,EN,Federal Contract Tower,0,26,8,0,34,0,2,0,0,2,0,28,8,0,36,0,0,0,36
05/01/2021,UNV,PA,AEA,EN,Federal Contract Tower,2,12,8,0,22,0,2,55,0,57,2,14,63,0,79,62,0,62,141
05/02/2021,UNV,PA,AEA,EN,Federal Contract Tower,0,13,10,0,23,0,4,28,0,32,0,17,38,0,55,24,0,24,79
05/03/2021,UNV,PA,AEA,EN,Federal Contract Tower,0,15,24,0,39,0,0,5,0,5,0,15,29,0,44,30,0,30,74
05/04/2021,UNV,PA,AEA,EN,Federal Contract Tower,0,16,5,0,21,0,6,15,4,25,0,22,20,4,46,30,0,30,76
05/05/2021,UNV,PA,AEA,EN,Federal Contract Tower,2,15,12,0,29,0,7,0,0,7,2,22,12,0,36,36,0,36,72
05/06/2021,UNV,PA,AEA,EN,Federal Contract Tower,0,20,9,0,29,0,3,73,0,76,0,23,82,0,105,98,0,98,203
05/07/2021,UNV,PA,AEA,EN,Federal Contract Tower,0,19,15,0,34,0,1,19,0,20,0,20,34,0,54,46,0,46,100
05/08/2021,UNV,PA,AEA,EN,Federal Contract Tower,2,19,17,0,38,0,4,34,0,38,2,23,51,0,76,82,0,82,158
05/09/2021,UNV,PA,AEA,EN,Federal Contract Tower,0,20,5,0,25,0,0,5,0,5,0,20,10,0,30,2,0,2,32
05/10/2021,UNV,PA,AEA,EN,Federal Contract Tower,0,16,9,0,25,0,3,33,2,38,0,19,42,2,63,64,10,74,137
05/11/2021,UNV,PA,AEA,EN,Federal Contract Tower,0,15,1,0,16,0,2,24,0,26,0,17,25,0,42,41,0,41,83
05/12/2021,UNV,PA,AEA,EN,Federal Contract Tower,2,22,3,2,29,0,2,63,0,65,2,24,66,2,94,128,0,128,222
05/13/2021,UNV,PA,AEA,EN,Federal Contract Tower,2,18,5,4,29,0,1,48,2,51,2,19,53,6,80,82,6,88,168
05/14/2021,UNV,PA,AEA,EN,Federal Contract Tower,0,22,8,0,30,0,4,58,4,66,0,26,66,4,96,60,0,60,156
05/15/2021,UNV,PA,AEA,EN,Federal Contract Tower,2,18,3,0,23,0,0,78,0,78,2,18,81,0,101,72,0,72,173
05/16/2021,UNV,PA,AEA,EN,Federal Contract Tower,1,12,13,0,26,0,2,38,0,40,1,14,51,0,66,64,0,64,130
05/17/2021,UNV,PA,AEA,EN,Federal Contract Tower,0,19,5,0,24,0,6,39,0,45,0,25,44,0,69,92,0,92,161
05/18/2021,UNV,PA,AEA,EN,Federal Contract Tower,0,20,7,0,27,0,4,53,0,57,0,24,60,0,84,60,0,60,144
05/19/2021,UNV,PA,AEA,EN,Federal Contract Tower,2,18,9,0,29,0,1,72,0,73,2,19,81,0,102,96,0,96,198
05/20/2021,UNV,PA,AEA,EN,Federal Contract Tower,0,19,3,0,22,0,4,60,0,64,0,23,63,0,86,56,0,56,142
05/21/2021,UNV,PA,AEA,EN,Federal Contract Tower,0,16,9,0,25,0,5,44,0,49,0,21,53,0,74,44,0,44,118
05/22/2021,UNV,PA,AEA,EN,Federal Contract Tower,2,16,6,0,24,0,6,47,4,57,2,22,53,4,81,46,0,46,127
05/23/2021,UNV,PA,AEA,EN,Federal Contract Tower,0,14,8,0,22,0,6,25,0,31,0,20,33,0,53,10,0,10,63
05/24/2021,UNV,PA,AEA,EN,Federal Contract Tower,0,16,10,0,26,0,5,4,0,9,0,21,14,0,35,54,0,54,89
05/25/2021,UNV,PA,AEA,EN,Federal Contract Tower,0,18,17,0,35,0,4,13,0,17,0,22,30,0,52,28,0,28,80
05/27/2021,UNV,PA,AEA,EN,Federal Contract Tower,0,24,17,0,41,0,8,71,0,79,0,32,88,0,120,52,0,52,172
05/28/2021,UNV,PA,AEA,EN,Federal Contract Tower,0,19,11,1,31,0,4,19,1,24,0,23,30,2,55,28,0,28,83
05/29/2021,UNV,PA,AEA,EN,Federal Contract Tower,2,13,11,0,26,0,0,0,0,0,2,13,11,0,26,0,0,0,26
05/30/2021,UNV,PA,AEA,EN,Federal Contract Tower,0,13,14,0,27,0,2,0,0,2,0,15,14,0,29,0,0,0,29
05/31/2021,UNV,PA,AEA,EN,Federal Contract Tower,0,13,18,0,31,0,3,45,0,48,0,16,63,0,79,102,0,102,181
06/01/2021,UNV,PA,AEA,EN,Federal Contract Tower,0,22,2,0,24,0,2,41,2,45,0,24,43,2,69,80,8,88,157
06/02/2021,UNV,PA,AEA,EN,Federal Contract Tower,2,18,8,0,28,0,2,18,0,20,2,20,26,0,48,40,0,40,88
06/03/2021,UNV,PA,AEA,EN,Federal Contract Tower,0,15,3,2,20,0,0,0,0,0,0,15,3,2,20,0,0,0,20
06/04/2021,UNV,PA,AEA,EN,Federal Contract Tower,0,24,15,0,39,0,2,29,2,33,0,26,44,2,72,72,0,72,144
06/05/2021,UNV,PA,AEA,EN,Federal Contract Tower,2,18,12,0,32,0,2,49,0,51,2,20,61,0,83,54,0,54,137
06/06/2021,UNV,PA,AEA,EN,Federal Contract Tower,0,22,6,0,28,0,6,45,0,51,0,28,51,0,79,42,0,42,121
06/07/2021,UNV,PA,AEA,EN,Federal Contract Tower,0,21,13,0,34,0,5,29,0,34,0,26,42,0,68,60,0,60,128
06/08/2021,UNV,PA,AEA,EN,Federal Contract Tower,0,23,6,0,29,0,2,14,0,16,0,25,20,0,45,52,0,52,97
06/09/2021,UNV,PA,AEA,EN,Federal Contract Tower,2,36,9,0,47,0,4,9,0,13,2,40,18,0,60,22,0,22,82
06/10/2021,UNV,PA,AEA,EN,Federal Contract Tower,0,26,8,0,34,0,0,39,2,41,0,26,47,2,75,38,0,38,113
06/11/2021,UNV,PA,AEA,EN,Federal Contract Tower,0,30,20,1,51,0,0,1,0,1,0,30,21,1,52,0,0,0,52
06/12/2021,UNV,PA,AEA,EN,Federal Contract Tower,2,20,16,2,40,0,0,11,0,11,2,20,27,2,51,14,0,14,65
06/13/2021,UNV,PA,AEA,EN,Federal Contract Tower,0,24,9,3,36,0,2,11,0,13,0,26,20,3,49,40,0,40,89
06/14/2021,UNV,PA,AEA,EN,Federal Contract Tower,0,22,4,0,26,0,5,22,2,29,0,27,26,2,55,24,0,24,79
06/15/2021,UNV,PA,AEA,EN,Federal Contract Tower,0,28,7,0,35,0,1,42,0,43,0,29,49,0,78,80,0,80,158
06/16/2021,UNV,PA,AEA,EN,Federal Contract Tower,2,31,8,0,41,0,23,48,0,71,2,54,56,0,112,78,0,78,190
06/17/2021,UNV,PA,AEA,EN,Federal Contract Tower,0,26,12,0,38,0,10,63,0,73,0,36,75,0,111,82,0,82,193
06/18/2021,UNV,PA,AEA,EN,Federal Contract Tower,32,5,0,0,37,0,1,45,4,50,32,6,45,4,87,80,0,80,167
06/19/2021,UNV,PA,AEA,EN,Federal Contract Tower,2,27,5,0,34,0,3,22,0,25,2,30,27,0,59,74,0,74,133
06/20/2021,UNV,PA,AEA,EN,Federal Contract Tower,0,27,11,0,38,0,6,33,0,39,0,33,44,0,77,38,0,38,115
06/21/2021,UNV,PA,AEA,EN,Federal Contract Tower,0,22,6,0,28,0,4,23,0,27,0,26,29,0,55,40,0,40,95
06/22/2021,UNV,PA,AEA,EN,Federal Contract Tower,0,28,10,0,38,0,2,31,0,33,0,30,41,0,71,76,0,76,147
06/23/2021,UNV,PA,AEA,EN,Federal Contract Tower,2,33,10,0,45,0,14,65,4,83,2,47,75,4,128,98,0,98,226
06/24/2021,UNV,PA,AEA,EN,Federal Contract Tower,0,29,9,1,39,0,5,42,10,57,0,34,51,11,96,28,12,40,136
06/25/2021,UNV,PA,AEA,EN,Federal Contract Tower,0,29,8,2,39,0,6,54,3,63,0,35,62,5,102,54,4,58,160
06/26/2021,UNV,PA,AEA,EN,Federal Contract Tower,2,23,12,0,37,0,4,34,0,38,2,27,46,0,75,10,0,10,85
06/27/2021,UNV,PA,AEA,EN,Federal Contract Tower,0,20,14,0,34,0,2,30,0,32,0,22,44,0,66,36,0,36,102
06/28/2021,UNV,PA,AEA,EN,Federal Contract Tower,0,24,5,0,29,0,3,26,0,29,0,27,31,0,58,64,0,64,122
06/29/2021,UNV,PA,AEA,EN,Federal Contract Tower,0,24,7,0,31,0,6,47,7,60,0,30,54,7,91,68,2,70,161
06/30/2021,UNV,PA,AEA,EN,Federal Contract Tower,2,22,10,0,34,0,5,34,0,39,2,27,44,0,73,62,0,62,135
07/01/2021,UNV,PA,AEA,EN,Federal Contract Tower,0,28,9,0,37,0,0,0,0,0,0,28,9,0,37,0,0,0,37
07/02/2021,UNV,PA,AEA,EN,Federal Contract Tower,33,8,0,0,41,0,12,25,0,37,33,20,25,0,78,54,0,54,132
07/03/2021,UNV,PA,AEA,EN,Federal Contract Tower,2,18,13,0,33,0,3,29,0,32,2,21,42,0,65,48,0,48,113
07/04/2021,UNV,PA,AEA,EN,Federal Contract Tower,0,17,10,0,27,0,5,46,0,51,0,22,56,0,78,80,0,80,158
07/05/2021,UNV,PA,AEA,EN,Federal Contract Tower,0,26,12,0,38,0,5,43,0,48,0,31,55,0,86,38,0,38,124
07/06/2021,UNV,PA,AEA,EN,Federal Contract Tower,0,25,20,0,45,0,5,36,0,41,0,30,56,0,86,66,0,66,152
07/07/2021,UNV,PA,AEA,EN,Federal Contract Tower,2,25,12,0,39,0,34,20,0,54,2,59,32,0,93,34,0,34,127
07/08/2021,UNV,PA,AEA,EN,Federal Contract Tower,0,34,10,1,45,0,0,1,1,2,0,34,11,2,47,0,0,0,47
07/09/2021,UNV,PA,AEA,EN,Federal Contract Tower,28,16,0,0,44,0,1,15,0,16,28,17,15,0,60,26,0,26,86
07/10/2021,UNV,PA,AEA,EN,Federal Contract Tower,2,22,23,0,47,0,1,52,0,53,2,23,75,0,100,50,0,50,150
07/11/2021,UNV,PA,AEA,EN,Federal Contract Tower,0,23,5,0,28,0,2,11,0,13,0,25,16,0,41,56,0,56,97
07/12/2021,UNV,PA,AEA,EN,Federal Contract Tower,0,23,5,0,28,0,1,11,0,12,0,24,16,0,40,56,0,56,96
07/13/2021,UNV,PA,AEA,EN,Federal Contract Tower,0,27,5,0,32,0,2,21,0,23,0,29,26,0,55,82,0,82,137
07/14/2021,UNV,PA,AEA,EN,Federal Contract Tower,2,29,7,7,45,0,4,35,4,43,2,33,42,11,88,62,28,90,178
07/15/2021,UNV,PA,AEA,EN,Federal Contract Tower,0,31,22,0,53,0,4,59,0,63,0,35,81,0,116,108,0,108,224
07/16/2021,UNV,PA,AEA,EN,Federal Contract Tower,24,12,0,0,36,0,6,38,0,44,24,18,38,0,80,56,0,56,136
07/17/2021,UNV,PA,AEA,EN,Federal Contract Tower,2,17,16,0,35,0,2,14,0,16,2,19,30,0,51,30,0,30,81
07/18/2021,UNV,PA,AEA,EN,Federal Contract Tower,0,24,18,0,42,0,2,18,0,20,0,26,36,0,62,44,0,44,106
07/19/2021,UNV,PA,AEA,EN,Federal Contract Tower,0,27,5,0,32,0,1,26,0,27,0,28,31,0,59,34,0,34,93
07/20/2021,UNV,PA,AEA,EN,Federal Contract Tower,0,29,16,1,46,0,2,44,1,47,0,31,60,2,93,116,0,116,209
07/21/2021,UNV,PA,AEA,EN,Federal Contract Tower,2,28,14,0,44,0,0,34,2,36,2,28,48,2,80,72,0,72,152
07/22/2021,UNV,PA,AEA,EN,Federal Contract Tower,0,32,3,3,38,0,0,68,4,72,0,32,71,7,110,116,6,122,232
07/23/2021,UNV,PA,AEA,EN,Federal Contract Tower,0,30,5,0,35,0,4,37,0,41,0,34,42,0,76,34,0,34,110
07/24/2021,UNV,PA,AEA,EN,Federal Contract Tower,2,18,9,0,29,0,4,80,0,84,2,22,89,0,113,98,0,98,211
07/25/2021,UNV,PA,AEA,EN,Federal Contract Tower,0,23,14,0,37,0,2,29,0,31,0,25,43,0,68,72,0,72,140
07/26/2021,UNV,PA,AEA,EN,Federal Contract Tower,0,30,8,0,38,0,2,30,0,32,0,32,38,0,70,84,0,84,154
07/27/2021,UNV,PA,AEA,EN,Federal Contract Tower,0,30,1,1,32,0,5,27,2,34,0,35,28,3,66,68,6,74,140
07/28/2021,UNV,PA,AEA,EN,Federal Contract Tower,2,30,13,2,47,0,9,32,0,41,2,39,45,2,88,90,0,90,178
07/29/2021,UNV,PA,AEA,EN,Federal Contract Tower,0,29,9,4,42,0,2,13,0,15,0,31,22,4,57,22,0,22,79
07/30/2021,UNV,PA,AEA,EN,Federal Contract Tower,0,33,11,1,45,0,2,37,1,40,0,35,48,2,85,58,2,60,145
07/31/2021,UNV,PA,AEA,EN,Federal Contract Tower,0,22,8,0,30,0,9,68,0,77,0,31,76,0,107,70,0,70,177
08/01/2021,UNV,PA,AEA,EN,Federal Contract Tower,0,21,6,0,27,0,0,49,0,49,0,21,55,0,76,58,0,58,134
08/02/2021,UNV,PA,AEA,EN,Federal Contract Tower,0,27,9,0,36,0,9,28,0,37,0,36,37,0,73,56,0,56,129
08/03/2021,UNV,PA,AEA,EN,Federal Contract Tower,0,26,14,4,44,0,7,44,0,51,0,33,58,4,95,86,0,86,181
08/04/2021,UNV,PA,AEA,EN,Federal Contract Tower,2,30,7,0,39,0,2,47,2,51,2,32,54,2,90,44,0,44,134
08/05/2021,UNV,PA,AEA,EN,Federal Contract Tower,0,30,7,0,37,0,4,28,0,32,0,34,35,0,69,98,0,98,167
08/06/2021,UNV,PA,AEA,EN,Federal Contract Tower,0,30,6,2,38,0,1,36,4,41,0,31,42,6,79,76,0,76,155
08/07/2021,UNV,PA,AEA,EN,Federal Contract Tower,2,29,8,0,39,0,0,52,2,54,2,29,60,2,93,126,0,126,219
08/08/2021,UNV,PA,AEA,EN,Federal Contract Tower,0,19,14,0,33,0,0,23,0,23,0,19,37,0,56,48,0,48,104
08/09/2021,UNV,PA,AEA,EN,Federal Contract Tower,0,28,9,4,41,0,6,30,4,40,0,34,39,8,81,54,0,54,135
08/10/2021,UNV,PA,AEA,EN,Federal Contract Tower,0,25,8,0,33,0,0,17,0,17,0,25,25,0,50,48,0,48,98
08/11/2021,UNV,PA,AEA,EN,Federal Contract Tower,2,34,17,1,54,0,9,30,4,43,2,43,47,5,97,54,4,58,155
08/12/2021,UNV,PA,AEA,EN,Federal Contract Tower,0,30,10,0,40,0,4,40,0,44,0,34,50,0,84,26,0,26,110
08/13/2021,UNV,PA,AEA,EN,Federal Contract Tower,0,25,10,0,35,0,6,20,0,26,0,31,30,0,61,34,0,34,95
08/14/2021,UNV,PA,AEA,EN,Federal Contract Tower,2,25,14,0,41,0,0,23,0,23,2,25,37,0,64,80,0,80,144
08/16/2021,UNV,PA,AEA,EN,Federal Contract Tower,0,28,16,1,45,0,1,8,1,10,0,29,24,2,55,44,0,44,99
08/17/2021,UNV,PA,AEA,EN,Federal Contract Tower,0,26,14,0,40,0,3,6,0,9,0,29,20,0,49,30,0,30,79
08/19/2021,UNV,PA,AEA,EN,Federal Contract Tower,2,32,20,0,54,0,2,17,0,19,2,34,37,0,73,80,0,80,153
08/20/2021,UNV,PA,AEA,EN,Federal Contract Tower,2,33,16,0,51,0,5,37,0,42,2,38,53,0,93,96,0,96,189
08/21/2021,UNV,PA,AEA,EN,Federal Contract Tower,1,23,14,0,38,0,2,35,0,37,1,25,49,0,75,34,0,34,109
08/22/2021,UNV,PA,AEA,EN,Federal Contract Tower,1,23,14,0,38,0,0,32,0,32,1,23,46,0,70,62,0,62,132
08/23/2021,UNV,PA,AEA,EN,Federal Contract Tower,2,27,6,0,35,0,0,36,0,36,2,27,42,0,71,72,0,72,143
08/24/2021,UNV,PA,AEA,EN,Federal Contract Tower,0,28,11,2,41,0,6,38,0,44,0,34,49,2,85,106,0,106,191
08/25/2021,UNV,PA,AEA,EN,Federal Contract Tower,0,27,10,0,37,0,16,59,0,75,0,43,69,0,112,62,0,62,174
08/26/2021,UNV,PA,AEA,EN,Federal Contract Tower,0,34,13,0,47,0,2,44,2,48,0,36,57,2,95,58,4,62,157
08/27/2021,UNV,PA,AEA,EN,Federal Contract Tower,2,25,20,0,47,0,0,30,0,30,2,25,50,0,77,54,0,54,131
08/28/2021,UNV,PA,AEA,EN,Federal Contract Tower,0,20,10,0,30,0,0,12,0,12,0,20,22,0,42,20,0,20,62
08/29/2021,UNV,PA,AEA,EN,Federal Contract Tower,0,28,11,0,39,0,2,3,0,5,0,30,14,0,44,0,0,0,44
08/30/2021,UNV,PA,AEA,EN,Federal Contract Tower,2,24,8,0,34,0,2,21,0,23,2,26,29,0,57,44,0,44,101
08/31/2021,UNV,PA,AEA,EN,Federal Contract Tower,0,26,6,0,32,0,1,28,0,29,0,27,34,0,61,32,0,32,93
09/01/2021,UNV,PA,AEA,EN,Federal Contract Tower,0,28,2,0,30,0,0,0,0,0,0,28,2,0,30,0,0,0,30
09/02/2021,UNV,PA,AEA,EN,Federal Contract Tower,0,29,5,5,39,0,2,35,2,39,0,31,40,7,78,62,10,72,150
09/03/2021,UNV,PA,AEA,EN,Federal Contract Tower,4,31,18,0,53,0,16,24,2,42,4,47,42,2,95,48,0,48,143
09/04/2021,UNV,PA,AEA,EN,Federal Contract Tower,2,21,12,0,35,0,3,57,0,60,2,24,69,0,95,44,0,44,139
09/05/2021,UNV,PA,AEA,EN,Federal Contract Tower,0,17,6,0,23,0,2,1,0,3,0,19,7,0,26,0,0,0,26
09/06/2021,UNV,PA,AEA,EN,Federal Contract Tower,2,20,15,0,37,0,6,61,0,67,2,26,76,0,104,52,0,52,156
09/07/2021,UNV,PA,AEA,EN,Federal Contract Tower,0,25,10,0,35,0,3,48,0,51,0,28,58,0,86,80,0,80,166
09/08/2021,UNV,PA,AEA,EN,Federal Contract Tower,0,30,12,0,42,0,0,17,2,19,0,30,29,2,61,38,6,44,105
09/09/2021,UNV,PA,AEA,EN,Federal Contract Tower,0,30,16,0,46,0,3,9,0,12,0,33,25,0,58,6,0,6,64
09/10/2021,UNV,PA,AEA,EN,Federal Contract Tower,2,31,22,0,55,0,3,31,10,44,2,34,53,10,99,78,0,78,177
09/11/2021,UNV,PA,AEA,EN,Federal Contract Tower,2,24,34,0,60,0,6,64,8,78,2,30,98,8,138,28,0,28,166
09/12/2021,UNV,PA,AEA,EN,Federal Contract Tower,0,21,17,0,38,0,7,27,0,34,0,28,44,0,72,30,0,30,102
09/13/2021,UNV,PA,AEA,EN,Federal Contract Tower,0,26,12,0,38,0,8,16,0,24,0,34,28,0,62,48,0,48,110
09/14/2021,UNV,PA,AEA,EN,Federal Contract Tower,0,28,10,0,38,0,13,27,0,40,0,41,37,0,78,76,0,76,154
09/15/2021,UNV,PA,AEA,EN,Federal Contract Tower,0,26,4,0,30,1,23,2,0,26,1,49,6,0,56,34,4,38,94
09/16/2021,UNV,PA,AEA,EN,Federal Contract Tower,0,35,22,0,57,0,2,11,0,13,0,37,33,0,70,28,0,28,98
09/17/2021,UNV,PA,AEA,EN,Federal Contract Tower,8,47,50,0,105,0,5,23,0,28,8,52,73,0,133,6,0,6,139
09/18/2021,UNV,PA,AEA,EN,Federal Contract Tower,2,53,59,0,114,0,9,47,0,56,2,62,106,0,170,14,0,14,184
09/19/2021,UNV,PA,AEA,EN,Federal Contract Tower,11,58,82,0,151,0,7,63,0,70,11,65,145,0,221,14,0,14,235
09/20/2021,UNV,PA,AEA,EN,Federal Contract Tower,0,30,10,3,43,0,7,39,0,46,0,37,49,3,89,70,0,70,159
09/21/2021,UNV,PA,AEA,EN,Federal Contract Tower,0,24,9,0,33,0,1,12,0,13,0,25,21,0,46,44,0,44,90
09/22/2021,UNV,PA,AEA,EN,Federal Contract Tower,0,24,3,0,27,0,0,0,0,0,0,24,3,0,27,0,0,0,27
09/23/2021,UNV,PA,AEA,EN,Federal Contract Tower,0,36,6,0,42,0,9,18,0,27,0,45,24,0,69,18,0,18,87
09/24/2021,UNV,PA,AEA,EN,Federal Contract Tower,0,39,17,0,56,0,4,74,0,78,0,43,91,0,134,56,0,56,190
09/25/2021,UNV,PA,AEA,EN,Federal Contract Tower,1,32,18,2,53,0,6,62,0,68,1,38,80,2,121,26,0,26,147
09/26/2021,UNV,PA,AEA,EN,Federal Contract Tower,1,27,13,0,41,1,3,50,0,54,2,30,63,0,95,44,0,44,139
09/27/2021,UNV,PA,AEA,EN,Federal Contract Tower,0,26,8,0,34,0,4,33,0,37,0,30,41,0,71,22,0,22,93
09/28/2021,UNV,PA,AEA,EN,Federal Contract Tower,0,32,7,0,39,0,1,5,2,8,0,33,12,2,47,0,0,0,47
09/30/2021,UNV,PA,AEA,EN,Federal Contract Tower,0,40,14,0,54,0,0,80,0,80,0,40,94,0,134,120,0,120,254
10/01/2021,UNV,PA,AEA,EN,Federal Contract Tower,2,47,18,0,67,0,8,74,4,86,2,55,92,4,153,80,0,80,233
10/02/2021,UNV,PA,AEA,EN,Federal Contract Tower,1,31,18,0,50,0,11,52,0,63,1,42,70,0,113,66,0,66,179
10/03/2021,UNV,PA,AEA,EN,Federal Contract Tower,1,34,20,0,55,0,0,22,0,22,1,34,42,0,77,20,0,20,97
10/04/2021,UNV,PA,AEA,EN,Federal Contract Tower,0,28,9,0,37,0,0,5,0,5,0,28,14,0,42,16,0,16,58
10/05/2021,UNV,PA,AEA,EN,Federal Contract Tower,0,25,15,2,42,0,6,12,0,18,0,31,27,2,60,28,0,28,88
10/06/2021,UNV,PA,AEA,EN,Federal Contract Tower,0,36,6,0,42,0,4,13,0,17,0,40,19,0,59,72,0,72,131
10/08/2021,UNV,PA,AEA,EN,Federal Contract Tower,4,37,25,2,68,0,2,16,0,18,4,39,41,2,86,48,0,48,134
10/09/2021,UNV,PA,AEA,EN,Federal Contract Tower,0,28,9,0,37,0,0,7,0,7,0,28,16,0,44,44,0,44,88
10/10/2021,UNV,PA,AEA,EN,Federal Contract Tower,2,26,21,0,49,0,2,0,0,2,2,28,21,0,51,0,0,0,51
10/11/2021,UNV,PA,AEA,EN,Federal Contract Tower,2,26,22,0,50,0,0,14,0,14,2,26,36,0,64,60,0,60,124
10/12/2021,UNV,PA,AEA,EN,Federal Contract Tower,0,31,11,2,44,0,0,22,0,22,0,31,33,2,66,232,0,232,298
10/13/2021,UNV,PA,AEA,EN,Federal Contract Tower,0,30,14,2,46,0,0,25,0,25,0,30,39,2,71,108,0,108,179
10/14/2021,UNV,PA,AEA,EN,Federal Contract Tower,0,28,9,2,39,0,4,97,0,101,0,32,106,2,140,120,0,120,260
10/15/2021,UNV,PA,AEA,EN,Federal Contract Tower,2,30,17,0,49,0,7,19,2,28,2,37,36,2,77,98,0,98,175
10/16/2021,UNV,PA,AEA,EN,Federal Contract Tower,0,25,8,0,33,0,0,6,0,6,0,25,14,0,39,0,0,0,39
10/17/2021,UNV,PA,AEA,EN,Federal Contract Tower,0,28,8,0,36,0,6,17,0,23,0,34,25,0,59,16,0,16,75
10/18/2021,UNV,PA,AEA,EN,Federal Contract Tower,2,29,10,0,41,0,12,23,0,35,2,41,33,0,76,38,0,38,114
10/19/2021,UNV,PA,AEA,EN,Federal Contract Tower,0,35,8,1,44,0,8,49,1,58,0,43,57,2,102,44,12,56,158
10/20/2021,UNV,PA,AEA,EN,Federal Contract Tower,0,26,9,1,36,0,7,82,1,90,0,33,91,2,126,84,12,96,222
10/21/2021,UNV,PA,AEA,EN,Federal Contract Tower,0,34,9,0,43,0,5,46,3,54,0,39,55,3,97,98,0,98,195
10/22/2021,UNV,PA,AEA,EN,Federal Contract Tower,3,35,32,2,72,0,3,46,0,49,3,38,78,2,121,104,0,104,225
10/23/2021,UNV,PA,AEA,EN,Federal Contract Tower,1,36,39,0,76,0,1,6,0,7,1,37,45,0,83,0,0,0,83
10/24/2021,UNV,PA,AEA,EN,Federal Contract Tower,2,37,21,0,60,0,6,31,0,37,2,43,52,0,97,56,0,56,153
10/25/2021,UNV,PA,AEA,EN,Federal Contract Tower,2,24,6,0,32,0,4,25,0,29,2,28,31,0,61,56,0,56,117
10/26/2021,UNV,PA,AEA,EN,Federal Contract Tower,0,28,3,2,33,0,1,0,0,1,0,29,3,2,34,0,0,0,34
10/27/2021,UNV,PA,AEA,EN,Federal Contract Tower,0,34,4,0,38,0,8,26,2,36,0,42,30,2,74,34,12,46,120
10/28/2021,UNV,PA,AEA,EN,Federal Contract Tower,5,27,11,0,43,0,0,49,2,51,5,27,60,2,94,84,4,88,182
10/29/2021,UNV,PA,AEA,EN,Federal Contract Tower,4,32,8,0,44,0,0,0,0,0,4,32,8,0,44,0,0,0,44
10/30/2021,UNV,PA,AEA,EN,Federal Contract Tower,0,24,8,0,32,0,0,0,0,0,0,24,8,0,32,0,0,0,32
10/31/2021,UNV,PA,AEA,EN,Federal Contract Tower,4,17,7,0,28,0,7,1,0,8,4,24,8,0,36,0,0,0,36
11/01/2021,UNV,PA,AEA,EN,Federal Contract Tower,2,20,10,0,32,0,2,37,0,39,2,22,47,0,71,66,0,66,137
11/02/2021,UNV,PA,AEA,EN,Federal Contract Tower,0,22,6,0,28,0,30,0,2,32,0,52,6,2,60,130,0,130,190
11/03/2021,UNV,PA,AEA,EN,Federal Contract Tower,0,25,16,0,41,0,8,33,2,43,0,33,49,2,84,120,0,120,204
11/04/2021,UNV,PA,AEA,EN,Federal Contract Tower,4,23,6,4,37,0,13,46,0,59,4,36,52,4,96,118,0,118,214
11/05/2021,UNV,PA,AEA,EN,Federal Contract Tower,2,26,14,0,42,0,0,50,0,50,2,26,64,0,92,124,0,124,216
11/06/2021,UNV,PA,AEA,EN,Federal Contract Tower,1,18,8,0,27,0,4,78,0,82,1,22,86,0,109,70,0,70,179
11/07/2021,UNV,PA,AEA,EN,Federal Contract Tower,2,20,12,0,34,0,9,50,0,59,2,29,62,0,93,16,6,22,115
11/08/2021,UNV,PA,AEA,EN,Federal Contract Tower,2,21,5,2,30,0,3,39,0,42,2,24,44,2,72,98,0,98,170
11/09/2021,UNV,PA,AEA,EN,Federal Contract Tower,0,21,6,0,27,0,8,38,2,48,0,29,44,2,75,36,0,36,111
11/10/2021,UNV,PA,AEA,EN,Federal Contract Tower,0,28,7,2,37,0,2,56,2,60,0,30,63,4,97,40,0,40,137
11/11/2021,UNV,PA,AEA,EN,Federal Contract Tower,2,32,14,0,48,0,0,35,0,35,2,32,49,0,83,62,0,62,145
11/12/2021,UNV,PA,AEA,EN,Federal Contract Tower,6,36,27,0,69,0,3,28,0,31,6,39,55,0,100,0,0,0,100
11/13/2021,UNV,PA,AEA,EN,Federal Contract Tower,5,43,45,0,93,0,6,12,0,18,5,49,57,0,111,4,0,4,115
11/14/2021,UNV,PA,AEA,EN,Federal Contract Tower,7,45,23,0,75,0,0,12,0,12,7,45,35,0,87,12,0,12,99
11/15/2021,UNV,PA,AEA,EN,Federal Contract Tower,2,20,10,0,32,0,4,11,0,15,2,24,21,0,47,0,0,0,47
11/16/2021,UNV,PA,AEA,EN,Federal Contract Tower,0,29,18,0,47,0,5,49,0,54,0,34,67,0,101,114,0,114,215
11/17/2021,UNV,PA,AEA,EN,Federal Contract Tower,2,25,11,0,38,0,4,41,0,45,2,29,52,0,83,66,0,66,149
11/18/2021,UNV,PA,AEA,EN,Federal Contract Tower,3,25,9,0,37,0,2,6,0,8,3,27,15,0,45,22,0,22,67
11/19/2021,UNV,PA,AEA,EN,Federal Contract Tower,3,27,23,1,54,0,2,20,3,25,3,29,43,4,79,26,0,26,105
11/20/2021,UNV,PA,AEA,EN,Federal Contract Tower,1,31,21,1,54,0,15,52,1,68,1,46,73,2,122,0,0,0,122
11/21/2021,UNV,PA,AEA,EN,Federal Contract Tower,2,21,13,4,40,0,2,16,0,18,2,23,29,4,58,0,0,0,58
11/22/2021,UNV,PA,AEA,EN,Federal Contract Tower,2,18,10,0,30,0,11,10,0,21,2,29,20,0,51,0,0,0,51
11/23/2021,UNV,PA,AEA,EN,Federal Contract Tower,2,24,11,0,37,0,5,8,2,15,2,29,19,2,52,12,0,12,64
11/24/2021,UNV,PA,AEA,EN,Federal Contract Tower,2,21,13,0,36,0,1,58,0,59,2,22,71,0,95,30,0,30,125
11/25/2021,UNV,PA,AEA,EN,Federal Contract Tower,1,8,3,0,12,0,4,13,0,17,1,12,16,0,29,0,0,0,29
11/26/2021,UNV,PA,AEA,EN,Federal Contract Tower,2,19,3,0,24,0,1,0,0,1,2,20,3,0,25,0,0,0,25
11/27/2021,UNV,PA,AEA,EN,Federal Contract Tower,4,18,8,0,30,0,2,17,0,19,4,20,25,0,49,18,0,18,67
11/28/2021,UNV,PA,AEA,EN,Federal Contract Tower,4,21,13,0,38,0,1,4,0,5,4,22,17,0,43,0,0,0,43
11/29/2021,UNV,PA,AEA,EN,Federal Contract Tower,0,25,11,0,36,0,2,14,0,16,0,27,25,0,52,48,0,48,100
11/30/2021,UNV,PA,AEA,EN,Federal Contract Tower,2,23,2,0,27,0,2,15,0,17,2,25,17,0,44,50,0,50,94
12/01/2021,UNV,PA,AEA,EN,Federal Contract Tower,1,25,9,0,35,0,0,34,2,36,1,25,43,2,71,82,2,84,155
12/02/2021,UNV,PA,AEA,EN,Federal Contract Tower,2,25,10,0,37,0,2,8,0,10,2,27,18,0,47,16,0,16,63
12/03/2021,UNV,PA,AEA,EN,Federal Contract Tower,2,27,5,0,34,0,3,31,0,34,2,30,36,0,68,120,0,120,188
12/04/2021,UNV,PA,AEA,EN,Federal Contract Tower,3,26,14,0,43,0,6,59,0,65,3,32,73,0,108,100,0,100,208
12/05/2021,UNV,PA,AEA,EN,Federal Contract Tower,0,20,10,0,30,0,1,55,0,56,0,21,65,0,86,44,0,44,130
12/06/2021,UNV,PA,AEA,EN,Federal Contract Tower,2,19,8,0,29,0,3,0,0,3,2,22,8,0,32,0,0,0,32
12/07/2021,UNV,PA,AEA,EN,Federal Contract Tower,0,32,6,0,38,0,4,35,2,41,0,36,41,2,79,80,0,80,159
12/08/2021,UNV,PA,AEA,EN,Federal Contract Tower,0,24,8,0,32,0,2,8,0,10,0,26,16,0,42,36,0,36,78
12/09/2021,UNV,PA,AEA,EN,Federal Contract Tower,1,25,14,0,40,0,7,53,0,60,1,32,67,0,100,84,0,84,184
12/10/2021,UNV,PA,AEA,EN,Federal Contract Tower,2,26,12,0,40,0,6,34,0,40,2,32,46,0,80,82,0,82,162
12/11/2021,UNV,PA,AEA,EN,Federal Contract Tower,2,15,4,0,21,0,0,2,0,2,2,15,6,0,23,0,0,0,23
12/12/2021,UNV,PA,AEA,EN,Federal Contract Tower,1,17,10,0,28,0,5,37,0,42,1,22,47,0,70,26,0,26,96
12/13/2021,UNV,PA,AEA,EN,Federal Contract Tower,2,21,6,0,29,0,2,41,0,43,2,23,47,0,72,32,0,32,104
12/14/2021,UNV,PA,AEA,EN,Federal Contract Tower,0,21,11,0,32,0,4,69,0,73,0,25,80,0,105,38,0,38,143
12/15/2021,UNV,PA,AEA,EN,Federal Contract Tower,0,24,5,0,29,0,4,40,2,46,0,28,45,2,75,88,0,88,163
12/16/2021,UNV,PA,AEA,EN,Federal Contract Tower,0,24,8,0,32,0,7,42,2,51,0,31,50,2,83,102,0,102,185
12/17/2021,UNV,PA,AEA,EN,Federal Contract Tower,1,27,7,0,35,0,4,33,0,37,1,31,40,0,72,72,0,72,144
12/18/2021,UNV,PA,AEA,EN,Federal Contract Tower,0,18,6,0,24,0,0,0,0,0,0,18,6,0,24,0,0,0,24
12/19/2021,UNV,PA,AEA,EN,Federal Contract Tower,0,17,4,0,21,0,4,8,2,14,0,21,12,2,35,2,0,2,37
12/20/2021,UNV,PA,AEA,EN,Federal Contract Tower,2,21,12,3,38,0,7,67,1,75,2,28,79,4,113,104,0,104,217
12/21/2021,UNV,PA,AEA,EN,Federal Contract Tower,0,25,7,3,35,0,2,54,5,61,0,27,61,8,96,120,12,132,228
12/22/2021,UNV,PA,AEA,EN,Federal Contract Tower,0,25,2,0,27,0,0,4,0,4,0,25,6,0,31,8,0,8,39
12/23/2021,UNV,PA,AEA,EN,Federal Contract Tower,0,26,13,0,39,0,7,36,0,43,0,33,49,0,82,118,0,118,200
12/24/2021,UNV,PA,AEA,EN,Federal Contract Tower,2,19,4,0,25,0,6,23,0,29,2,25,27,0,54,4,0,4,58
12/25/2021,UNV,PA,AEA,EN,Federal Contract Tower,4,15,0,0,19,0,3,2,0,5,4,18,2,0,24,0,0,0,24
12/26/2021,UNV,PA,AEA,EN,Federal Contract Tower,0,17,10,0,27,0,5,14,0,19,0,22,24,0,46,2,0,2,48
12/27/2021,UNV,PA,AEA,EN,Federal Contract Tower,2,18,6,0,26,0,0,0,0,0,2,18,6,0,26,0,0,0,26
12/28/2021,UNV,PA,AEA,EN,Federal Contract Tower,0,27,5,0,32,0,0,25,0,25,0,27,30,0,57,26,0,26,83
12/29/2021,UNV,PA,AEA,EN,Federal Contract Tower,0,24,9,0,33,0,2,12,0,14,0,26,21,0,47,50,0,50,97
12/30/2021,UNV,PA,AEA,EN,Federal Contract Tower,0,23,8,0,31,0,0,0,0,0,0,23,8,0,31,0,0,0,31
12/31/2021,UNV,PA,AEA,EN,Federal Contract Tower,1,17,5,0,23,0,1,24,0,25,1,18,29,0,48,34,0,34,82
01/01/2022,UNV,PA,AEA,EN,Federal Contract Tower,5,12,4,0,21,0,0,2,0,2,5,12,6,0,23,14,0,14,37
01/02/2022,UNV,PA,AEA,EN,Federal Contract Tower,1,17,10,0,28,0,0,0,0,0,1,17,10,0,28,0,0,0,28
01/03/2022,UNV,PA,AEA,EN,Federal Contract Tower,2,17,1,0,20,0,0,15,4,19,2,17,16,4,39,22,0,22,61
01/04/2022,UNV,PA,AEA,EN,Federal Contract Tower,2,18,10,0,30,0,0,43,0,43,2,18,53,0,73,10,0,10,83
01/05/2022,UNV,PA,AEA,EN,Federal Contract Tower,0,19,2,0,21,0,2,25,0,27,0,21,27,0,48,18,0,18,66
01/06/2022,UNV,PA,AEA,EN,Federal Contract Tower,1,18,1,0,20,0,6,18,6,30,1,24,19,6,50,40,0,40,90
01/07/2022,UNV,PA,AEA,EN,Federal Contract Tower,3,19,1,0,23,0,2,2,0,4,3,21,3,0,27,0,0,0,27
01/08/2022,UNV,PA,AEA,EN,Federal Contract Tower,1,12,13,0,26,0,2,60,0,62,1,14,73,0,88,80,0,80,168
01/09/2022,UNV,PA,AEA,EN,Federal Contract Tower,0,10,3,0,13,0,0,0,0,0,0,10,3,0,13,0,0,0,13
01/10/2022,UNV,PA,AEA,EN,Federal Contract Tower,2,16,2,2,22,0,2,2,0,4,2,18,4,2,26,2,0,2,28
01/11/2022,UNV,PA,AEA,EN,Federal Contract Tower,0,22,4,1,27,0,0,38,3,41,0,22,42,4,68,78,6,84,152
01/12/2022,UNV,PA,AEA,EN,Federal Contract Tower,5,16,10,2,33,0,8,45,2,55,5,24,55,4,88,102,0,102,190
01/13/2022,UNV,PA,AEA,EN,Federal Contract Tower,2,21,3,0,26,0,31,0,0,31,2,52,3,0,57,34,0,34,91
01/14/2022,UNV,PA,AEA,EN,Federal Contract Tower,3,20,6,0,29,0,2,5,0,7,3,22,11,0,36,18,0,18,54
01/15/2022,UNV,PA,AEA,EN,Federal Contract Tower,3,13,14,0,30,0,0,36,2,38,3,13,50,2,68,16,0,16,84
01/16/2022,UNV,PA,AEA,EN,Federal Contract Tower,3,13,3,0,19,0,0,12,0,12,3,13,15,0,31,16,0,16,47
01/17/2022,UNV,PA,AEA,EN,Federal Contract Tower,2,5,5,0,12,0,2,0,0,2,2,7,5,0,14,0,0,0,14
01/18/2022,UNV,PA,AEA,EN,Federal Contract Tower,1,16,7,2,26,0,2,2,2,6,1,18,9,4,32,16,0,16,48
01/19/2022,UNV,PA,AEA,EN,Federal Contract Tower,1,21,3,0,25,0,5,29,0,34,1,26,32,0,59,38,0,38,97
01/20/2022,UNV,PA,AEA,EN,Federal Contract Tower,5,17,11,0,33,0,8,24,1,33,5,25,35,1,66,28,0,28,94
01/21/2022,UNV,PA,AEA,EN,Federal Contract Tower,3,19,7,0,29,0,2,29,1,32,3,21,36,1,61,36,0,36,97
01/22/2022,UNV,PA,AEA,EN,Federal Contract Tower,2,11,12,0,25,0,1,34,0,35,2,12,46,0,60,22,0,22,82
01/23/2022,UNV,PA,AEA,EN,Federal Contract Tower,2,14,5,0,21,0,2,6,0,8,2,16,11,0,29,0,0,0,29
01/24/2022,UNV,PA,AEA,EN,Federal Contract Tower,2,17,4,0,23,0,0,10,0,10,2,17,14,0,33,8,0,8,41
01/25/2022,UNV,PA,AEA,EN,Federal Contract Tower,2,20,5,0,27,0,8,7,0,15,2,28,12,0,42,0,0,0,42
01/26/2022,UNV,PA,AEA,EN,Federal Contract Tower,2,21,3,0,26,0,3,31,0,34,2,24,34,0,60,50,0,50,110
01/27/2022,UNV,PA,AEA,EN,Federal Contract Tower,0,20,5,0,25,0,3,46,0,49,0,23,51,0,74,50,0,50,124
01/28/2022,UNV,PA,AEA,EN,Federal Contract Tower,2,28,5,0,35,0,0,0,0,0,2,28,5,0,35,0,0,0,35
01/29/2022,UNV,PA,AEA,EN,Federal Contract Tower,0,15,10,0,25,0,2,15,0,17,0,17,25,0,42,4,0,4,46
01/30/2022,UNV,PA,AEA,EN,Federal Contract Tower,1,14,9,0,24,0,4,27,3,34,1,18,36,3,58,24,0,24,82
01/31/2022,UNV,PA,AEA,EN,Federal Contract Tower,2,18,3,0,23,0,13,30,3,46,2,31,33,3,69,46,0,46,115
02/01/2022,UNV,PA,AEA,EN,Federal Contract Tower,0,17,11,0,28,0,0,39,6,45,0,17,50,6,73,26,0,26,99
02/02/2022,UNV,PA,AEA,EN,Federal Contract Tower,2,26,6,0,34,0,4,43,0,47,2,30,49,0,81,62,0,62,143
02/03/2022,UNV,PA,AEA,EN,Federal Contract Tower,0,7,4,0,11,0,0,0,0,0,0,7,4,0,11,0,0,0,11
02/04/2022,UNV,PA,AEA,EN,Federal Contract Tower,0,8,8,0,16,0,0,0,0,0,0,8,8,0,16,0,0,0,16
02/05/2022,UNV,PA,AEA,EN,Federal Contract Tower,6,15,11,0,32,0,5,21,2,28,6,20,32,2,60,32,0,32,92
02/06/2022,UNV,PA,AEA,EN,Federal Contract Tower,4,14,13,0,31,0,0,62,0,62,4,14,75,0,93,52,0,52,145
02/07/2022,UNV,PA,AEA,EN,Federal Contract Tower,3,17,6,0,26,0,1,35,3,39,3,18,41,3,65,98,0,98,163
02/08/2022,UNV,PA,AEA,EN,Federal Contract Tower,0,26,6,0,32,0,1,6,5,12,0,27,12,5,44,6,0,6,50
02/09/2022,UNV,PA,AEA,EN,Federal Contract Tower,0,20,10,0,30,0,4,24,0,28,0,24,34,0,58,38,0,38,96
02/10/2022,UNV,PA,AEA,EN,Federal Contract Tower,0,17,3,0,20,0,5,1,0,6,0,22,4,0,26,0,0,0,26
02/11/2022,UNV,PA,AEA,EN,Federal Contract Tower,4,23,6,0,33,0,3,34,2,39,4,26,40,2,72,62,0,62,134
02/12/2022,UNV,PA,AEA,EN,Federal Contract Tower,0,13,3,0,16,0,5,6,6,17,0,18,9,6,33,10,0,10,43
02/13/2022,UNV,PA,AEA,EN,Federal Contract Tower,1,15,6,0,22,0,8,27,0,35,1,23,33,0,57,38,0,38,95
02/14/2022,UNV,PA,AEA,EN,Federal Contract Tower,4,20,4,0,28,0,3,24,0,27,4,23,28,0,55,88,0,88,143
02/15/2022,UNV,PA,AEA,EN,Federal Contract Tower,2,16,9,1,28,0,1,54,2,57,2,17,63,3,85,118,8,126,211
02/16/2022,UNV,PA,AEA,EN,Federal Contract Tower,6,18,2,0,26,0,0,31,0,31,6,18,33,0,57,24,0,24,81
02/17/2022,UNV,PA,AEA,EN,Federal Contract Tower,1,25,1,0,27,0,0,0,0,0,1,25,1,0,27,0,0,0,27
02/18/2022,UNV,PA,AEA,EN,Federal Contract Tower,0,22,8,0,30,0,0,3,0,3,0,22,11,0,33,0,0,0,33
02/19/2022,UNV,PA,AEA,EN,Federal Contract Tower,3,19,9,0,31,0,3,1,0,4,3,22,10,0,35,0,0,0,35
02/20/2022,UNV,PA,AEA,EN,Federal Contract Tower,0,13,13,0,26,0,4,45,0,49,0,17,58,0,75,58,0,58,133
02/21/2022,UNV,PA,AEA,EN,Federal Contract Tower,0,18,4,0,22,0,4,62,0,66,0,22,66,0,88,32,0,32,120
02/22/2022,UNV,PA,AEA,EN,Federal Contract Tower,2,21,5,0,28,0,0,0,0,0,2,21,5,0,28,0,0,0,28
02/23/2022,UNV,PA,AEA,EN,Federal Contract Tower,2,23,11,0,36,0,0,5,0,5,2,23,16,0,41,6,0,6,47
02/24/2022,UNV,PA,AEA,EN,Federal Contract Tower,2,19,9,0,30,0,4,25,0,29,2,23,34,0,59,72,0,72,131
02/25/2022,UNV,PA,AEA,EN,Federal Contract Tower,0,20,3,0,23,0,3,0,0,3,0,23,3,0,26,0,0,0,26
02/26/2022,UNV,PA,AEA,EN,Federal Contract Tower,4,22,10,0,36,0,4,36,0,40,4,26,46,0,76,68,0,68,144
02/27/2022,UNV,PA,AEA,EN,Federal Contract Tower,3,16,5,0,24,0,4,5,0,9,3,20,10,0,33,0,0,0,33
02/28/2022,UNV,PA,AEA,EN,Federal Contract Tower,0,20,6,0,26,0,2,68,0,70,0,22,74,0,96,102,0,102,198
03/01/2022,UNV,PA,AEA,EN,Federal Contract Tower,0,17,4,0,21,0,2,23,0,25,0,19,27,0,46,78,0,78,124
03/02/2022,UNV,PA,AEA,EN,Federal Contract Tower,4,20,5,3,32,0,4,56,1,61,4,24,61,4,93,64,0,64,157
03/03/2022,UNV,PA,AEA,EN,Federal Contract Tower,0,23,8,0,31,0,5,16,2,23,0,28,24,2,54,40,0,40,94
03/04/2022,UNV,PA,AEA,EN,Federal Contract Tower,3,20,23,0,46,0,2,73,0,75,3,22,96,0,121,106,0,106,227
03/05/2022,UNV,PA,AEA,EN,Federal Contract Tower,4,13,3,0,20,0,2,34,0,36,4,15,37,0,56,62,0,62,118
03/06/2022,UNV,PA,AEA,EN,Federal Contract Tower,6,12,0,0,18,0,0,3,0,3,6,12,3,0,21,18,0,18,39
03/07/2022,UNV,PA,AEA,EN,Federal Contract Tower,3,10,6,0,19,0,0,0,0,0,3,10,6,0,19,0,0,0,19
03/08/2022,UNV,PA,AEA,EN,Federal Contract Tower,6,16,1,0,23,0,4,34,4,42,6,20,35,4,65,18,2,20,85
03/09/2022,UNV,PA,AEA,EN,Federal Contract Tower,6,14,5,0,25,0,0,0,0,0,6,14,5,0,25,0,0,0,25
03/10/2022,UNV,PA,AEA,EN,Federal Contract Tower,4,17,5,0,26,0,7,27,0,34,4,24,32,0,60,40,0,40,100
03/11/2022,UNV,PA,AEA,EN,Federal Contract Tower,6,18,17,0,41,0,5,31,0,36,6,23,48,0,77,30,0,30,107
03/12/2022,UNV,PA,AEA,EN,Federal Contract Tower,2,10,1,0,13,0,0,1,0,1,2,10,2,0,14,0,0,0,14
03/13/2022,UNV,PA,AEA,EN,Federal Contract Tower,7,11,11,0,29,0,3,10,0,13,7,14,21,0,42,0,0,0,42
03/14/2022,UNV,PA,AEA,EN,Federal Contract Tower,4,17,8,0,29,0,0,35,0,35,4,17,43,0,64,60,0,60,124
03/15/2022,UNV,PA,AEA,EN,Federal Contract Tower,6,17,3,2,28,0,2,23,2,27,6,19,26,4,55,54,8,62,117
03/16/2022,UNV,PA,AEA,EN,Federal Contract Tower,7,16,8,2,33,0,4,69,0,73,7,20,77,2,106,24,0,24,130
03/17/2022,UNV,PA,AEA,EN,Federal Contract Tower,6,22,14,4,46,0,0,16,4,20,6,22,30,8,66,32,12,44,110
03/18/2022,UNV,PA,AEA,EN,Federal Contract Tower,5,29,19,0,53,0,3,51,4,58,5,32,70,4,111,54,4,58,169
03/19/2022,UNV,PA,AEA,EN,Federal Contract Tower,2,15,6,0,23,0,7,25,0,32,2,22,31,0,55,46,0,46,101
03/20/2022,UNV,PA,AEA,EN,Federal Contract Tower,4,20,10,0,34,0,0,9,0,9,4,20,19,0,43,0,0,0,43
03/21/2022,UNV,PA,AEA,EN,Federal Contract Tower,4,15,10,0,29,0,4,28,2,34,4,19,38,2,63,20,0,20,83
03/22/2022,UNV,PA,AEA,EN,Federal Contract Tower,4,14,9,0,27,0,14,57,2,73,4,28,66,2,100,100,0,100,200
03/23/2022,UNV,PA,AEA,EN,Federal Contract Tower,6,16,6,0,28,0,0,3,0,3,6,16,9,0,31,4,0,4,35
03/24/2022,UNV,PA,AEA,EN,Federal Contract Tower,4,19,11,0,34,0,2,24,0,26,4,21,35,0,60,100,0,100,160
03/25/2022,UNV,PA,AEA,EN,Federal Contract Tower,6,18,20,0,44,0,4,37,0,41,6,22,57,0,85,114,0,114,199
03/26/2022,UNV,PA,AEA,EN,Federal Contract Tower,0,13,0,0,13,0,0,5,0,5,0,13,5,0,18,4,0,4,22
03/27/2022,UNV,PA,AEA,EN,Federal Contract Tower,7,15,5,0,27,0,0,3,0,3,7,15,8,0,30,0,0,0,30
03/28/2022,UNV,PA,AEA,EN,Federal Contract Tower,3,17,2,0,22,0,2,0,0,2,3,19,2,0,24,0,0,0,24
03/29/2022,UNV,PA,AEA,EN,Federal Contract Tower,2,17,9,0,28,0,6,37,0,43,2,23,46,0,71,6,0,6,77
03/30/2022,UNV,PA,AEA,EN,Federal Contract Tower,8,13,7,0,28,0,2,24,1,27,8,15,31,1,55,32,0,32,87
03/31/2022,UNV,PA,AEA,EN,Federal Contract Tower,5,23,4,0,32,0,0,0,0,0,5,23,4,0,32,0,0,0,32
04/01/2022,UNV,PA,AEA,EN,Federal Contract Tower,2,22,5,1,30,0,4,1,0,5,2,26,6,1,35,0,0,0,35
04/02/2022,UNV,PA,AEA,EN,Federal Contract Tower,0,13,9,0,22,0,2,88,2,92,0,15,97,2,114,96,0,96,210
04/03/2022,UNV,PA,AEA,EN,Federal Contract Tower,5,18,3,0,26,0,2,0,0,2,5,20,3,0,28,0,0,0,28
04/04/2022,UNV,PA,AEA,EN,Federal Contract Tower,3,13,14,0,30,0,7,60,2,69,3,20,74,2,99,122,0,122,221
04/05/2022,UNV,PA,AEA,EN,Federal Contract Tower,3,22,9,0,34,0,5,32,0,37,3,27,41,0,71,134,0,134,205
04/06/2022,UNV,PA,AEA,EN,Federal Contract Tower,8,23,18,0,49,0,0,0,0,0,8,23,18,0,49,0,0,0,49
04/07/2022,UNV,PA,AEA,EN,Federal Contract Tower,2,18,11,7,38,0,0,3,2,5,2,18,14,9,43,0,2,2,45
04/08/2022,UNV,PA,AEA,EN,Federal Contract Tower,4,25,12,0,41,0,8,43,4,55,4,33,55,4,96,82,2,84,180
04/09/2022,UNV,PA,AEA,EN,Federal Contract Tower,2,19,5,0,26,0,7,19,0,26,2,26,24,0,52,52,0,52,104
04/10/2022,UNV,PA,AEA,EN,Federal Contract Tower,3,14,12,0,29,0,9,2,0,11,3,23,14,0,40,2,0,2,42
04/11/2022,UNV,PA,AEA,EN,Federal Contract Tower,3,17,4,0,24,0,0,47,10,57,3,17,51,10,81,60,0,60,141
04/12/2022,UNV,PA,AEA,EN,Federal Contract Tower,3,23,10,2,38,0,3,62,0,65,3,26,72,2,103,110,0,110,213
04/13/2022,UNV,PA,AEA,EN,Federal Contract Tower,5,21,5,2,33,0,9,48,4,61,5,30,53,6,94,82,6,88,182
04/14/2022,UNV,PA,AEA,EN,Federal Contract Tower,4,27,12,2,45,0,1,18,24,43,4,28,30,26,88,24,0,24,112
04/15/2022,UNV,PA,AEA,EN,Federal Contract Tower,3,17,13,0,33,0,5,48,0,53,3,22,61,0,86,76,0,76,162
04/16/2022,UNV,PA,AEA,EN,Federal Contract Tower,2,18,5,0,25,0,0,8,0,8,2,18,13,0,33,0,0,0,33
04/17/2022,UNV,PA,AEA,EN,Federal Contract Tower,2,13,12,0,27,0,0,23,0,23,2,13,35,0,50,4,0,4,54
04/18/2022,UNV,PA,AEA,EN,Federal Contract Tower,3,17,14,0,34,0,2,14,0,16,3,19,28,0,50,20,0,20,70
04/19/2022,UNV,PA,AEA,EN,Federal Contract Tower,3,23,3,0,29,0,2,0,2,4,3,25,3,2,33,0,0,0,33
04/20/2022,UNV,PA,AEA,EN,Federal Contract Tower,5,26,3,0,34,0,1,62,2,65,5,27,65,2,99,118,0,118,217
04/21/2022,UNV,PA,AEA,EN,Federal Contract Tower,5,28,15,2,50,0,0,0,0,0,5,28,15,2,50,0,0,0,50
04/22/2022,UNV,PA,AEA,EN,Federal Contract Tower,3,23,16,0,42,0,3,100,6,109,3,26,116,6,151,190,0,190,341
04/23/2022,UNV,PA,AEA,EN,Federal Contract Tower,2,20,14,0,36,0,0,44,0,44,2,20,58,0,80,118,0,118,198
04/24/2022,UNV,PA,AEA,EN,Federal Contract Tower,3,18,26,0,47,0,1,97,0,98,3,19,123,0,145,58,0,58,203
04/25/2022,UNV,PA,AEA,EN,Federal Contract Tower,3,18,6,0,27,0,4,42,2,48,3,22,48,2,75,170,0,170,245
04/26/2022,UNV,PA,AEA,EN,Federal Contract Tower,3,24,7,0,34,0,2,3,0,5,3,26,10,0,39,42,0,42,81
04/27/2022,UNV,PA,AEA,EN,Federal Contract Tower,7,19,6,0,32,0,5,0,0,5,7,24,6,0,37,0,0,0,37
04/28/2022,UNV,PA,AEA,EN,Federal Contract Tower,3,21,9,1,34,0,8,25,0,33,3,29,34,1,67,64,0,64,131
04/29/2022,UNV,PA,AEA,EN,Federal Contract Tower,5,21,17,0,43,0,2,61,4,67,5,23,78,4,110,100,0,100,210
04/30/2022,UNV,PA,AEA,EN,Federal Contract Tower,4,21,5,0,30,0,4,53,0,57,4,25,58,0,87,48,0,48,135
05/01/2022,UNV,PA,AEA,EN,Federal Contract Tower,3,12,11,0,26,0,1,14,0,15,3,13,25,0,41,46,0,46,87
05/02/2022,UNV,PA,AEA,EN,Federal Contract Tower,3,17,6,0,26,0,1,19,0,20,3,18,25,0,46,34,0,34,80
05/03/2022,UNV,PA,AEA,EN,Federal Contract Tower,2,23,5,1,31,0,10,33,3,46,2,33,38,4,77,80,4,84,161
05/04/2022,UNV,PA,AEA,EN,Federal Contract Tower,5,29,14,0,48,0,0,7,0,7,5,29,21,0,55,2,0,2,57
05/05/2022,UNV,PA,AEA,EN,Federal Contract Tower,3,18,18,0,39,0,2,72,0,74,3,20,90,0,113,70,0,70,183
05/06/2022,UNV,PA,AEA,EN,Federal Contract Tower,3,22,17,0,42,0,0,0,0,0,3,22,17,0,42,0,0,0,42
05/07/2022,UNV,PA,AEA,EN,Federal Contract Tower,9,23,9,0,41,0,2,0,0,2,9,25,9,0,43,0,0,0,43
05/08/2022,UNV,PA,AEA,EN,Federal Contract Tower,4,13,19,0,36,0,2,49,0,51,4,15,68,0,87,46,0,46,133
05/09/2022,UNV,PA,AEA,EN,Federal Contract Tower,3,15,14,0,32,0,12,64,2,78,3,27,78,2,110,118,0,118,228
05/10/2022,UNV,PA,AEA,EN,Federal Contract Tower,3,20,5,0,28,0,20,61,6,87,3,40,66,6,115,114,0,114,229
05/11/2022,UNV,PA,AEA,EN,Federal Contract Tower,5,20,14,2,41,0,10,56,9,75,5,30,70,11,116,26,4,30,146
05/12/2022,UNV,PA,AEA,EN,Federal Contract Tower,3,21,15,2,41,0,4,67,0,71,3,25,82,2,112,122,0,122,234
05/13/2022,UNV,PA,AEA,EN,Federal Contract Tower,1,16,26,0,43,0,1,13,0,14,1,17,39,0,57,74,0,74,131
05/14/2022,UNV,PA,AEA,EN,Federal Contract Tower,7,14,4,0,25,0,2,13,0,15,7,16,17,0,40,42,0,42,82
05/15/2022,UNV,PA,AEA,EN,Federal Contract Tower,5,12,16,0,33,0,0,23,0,23,5,12,39,0,56,60,0,60,116
05/16/2022,UNV,PA,AEA,EN,Federal Contract Tower,4,15,0,0,19,0,3,8,2,13,4,18,8,2,32,0,0,0,32
05/17/2022,UNV,PA,AEA,EN,Federal Contract Tower,3,15,4,0,22,0,12,15,0,27,3,27,19,0,49,20,0,20,69
05/18/2022,UNV,PA,AEA,EN,Federal Contract Tower,2,24,9,0,35,0,2,57,2,61,2,26,66,2,96,86,0,86,182
05/19/2022,UNV,PA,AEA,EN,Federal Contract Tower,5,16,17,0,38,0,2,17,0,19,5,18,34,0,57,6,0,6,63
05/20/2022,UNV,PA,AEA,EN,Federal Contract Tower,5,22,10,0,37,0,4,19,0,23,5,26,29,0,60,98,0,98,158
05/21/2022,UNV,PA,AEA,EN,Federal Contract Tower,3,14,5,0,22,0,4,63,0,67,3,18,68,0,89,34,0,34,123
05/22/2022,UNV,PA,AEA,EN,Federal Contract Tower,7,10,7,0,24,0,3,21,2,26,7,13,28,2,50,32,0,32,82
05/23/2022,UNV,PA,AEA,EN,Federal Contract Tower,3,23,18,2,46,0,4,31,0,35,3,27,49,2,81,110,0,110,191
05/24/2022,UNV,PA,AEA,EN,Federal Contract Tower,3,15,12,0,30,0,4,49,0,53,3,19,61,0,83,216,0,216,299
05/25/2022,UNV,PA,AEA,EN,Federal Contract Tower,2,27,8,0,37,0,10,38,2,50,2,37,46,2,87,70,0,70,157
05/26/2022,UNV,PA,AEA,EN,Federal Contract Tower,4,22,22,0,48,0,0,19,0,19,4,22,41,0,67,52,0,52,119
05/27/2022,UNV,PA,AEA,EN,Federal Contract Tower,4,16,13,0,33,0,5,7,0,12,4,21,20,0,45,6,0,6,51
05/28/2022,UNV,PA,AEA,EN,Federal Contract Tower,3,12,12,0,27,0,2,17,0,19,3,14,29,0,46,112,0,112,158
05/29/2022,UNV,PA,AEA,EN,Federal Contract Tower,5,12,7,0,24,5,86,0,0,91,10,98,7,0,115,98,0,98,213
05/30/2022,UNV,PA,AEA,EN,Federal Contract Tower,3,9,13,0,25,0,4,47,0,51,3,13,60,0,76,56,0,56,132
05/31/2022,UNV,PA,AEA,EN,Federal Contract Tower,3,14,9,0,26,0,6,37,0,43,3,20,46,0,69,86,0,86,155
06/01/2022,UNV,PA,AEA,EN,Federal Contract Tower,4,17,7,0,28,0,9,41,0,50,4,26,48,0,78,42,0,42,120
06/02/2022,UNV,PA,AEA,EN,Federal Contract Tower,2,21,16,0,39,0,2,10,0,12,2,23,26,0,51,46,0,46,97
06/03/2022,UNV,PA,AEA,EN,Federal Contract Tower,2,24,14,0,40,0,11,58,0,69,2,35,72,0,109,44,0,44,153
06/04/2022,UNV,PA,AEA,EN,Federal Contract Tower,3,21,13,0,37,0,7,45,0,52,3,28,58,0,89,84,0,84,173
06/05/2022,UNV,PA,AEA,EN,Federal Contract Tower,3,13,11,0,27,0,6,63,0,69,3,19,74,0,96,86,0,86,182
06/06/2022,UNV,PA,AEA,EN,Federal Contract Tower,3,14,9,2,28,0,0,34,3,37,3,14,43,5,65,114,14,128,193
06/07/2022,UNV,PA,AEA,EN,Federal Contract Tower,3,16,15,2,36,0,2,13,0,15,3,18,28,2,51,8,0,8,59
06/08/2022,UNV,PA,AEA,EN,Federal Contract Tower,4,15,13,1,33,0,4,52,3,59,4,19,65,4,92,138,2,140,232
06/09/2022,UNV,PA,AEA,EN,Federal Contract Tower,3,20,10,2,35,0,10,16,4,30,3,30,26,6,65,36,4,40,105
06/10/2022,UNV,PA,AEA,EN,Federal Contract Tower,3,19,5,0,27,0,1,53,2,56,3,20,58,2,83,146,2,148,231
06/11/2022,UNV,PA,AEA,EN,Federal Contract Tower,3,12,12,0,27,0,1,56,0,57,3,13,68,0,84,62,0,62,146
06/12/2022,UNV,PA,AEA,EN,Federal Contract Tower,3,24,13,2,42,0,0,8,0,8,3,24,21,2,50,30,0,30,80
06/13/2022,UNV,PA,AEA,EN,Federal Contract Tower,3,12,10,1,26,0,2,36,6,44,3,14,46,7,70,72,2,74,144
06/14/2022,UNV,PA,AEA,EN,Federal Contract Tower,3,17,15,0,35,0,5,25,4,34,3,22,40,4,69,90,8,98,167
06/15/2022,UNV,PA,AEA,EN,Federal Contract Tower,3,17,10,0,30,0,9,56,7,72,3,26,66,7,102,48,4,52,154
06/16/2022,UNV,PA,AEA,EN,Federal Contract Tower,6,20,9,0,35,0,4,7,0,11,6,24,16,0,46,48,0,48,94
06/17/2022,UNV,PA,AEA,EN,Federal Contract Tower,3,19,10,0,32,0,12,4,0,16,3,31,14,0,48,0,0,0,48
06/18/2022,UNV,PA,AEA,EN,Federal Contract Tower,3,12,8,0,23,0,4,3,0,7,3,16,11,0,30,0,0,0,30
06/19/2022,UNV,PA,AEA,EN,Federal Contract Tower,3,11,16,0,30,0,5,15,0,20,3,16,31,0,50,0,0,0,50
06/20/2022,UNV,PA,AEA,EN,Federal Contract Tower,3,16,16,2,37,0,7,61,0,68,3,23,77,2,105,96,0,96,201
06/21/2022,UNV,PA,AEA,EN,Federal Contract Tower,3,14,6,0,23,0,3,51,0,54,3,17,57,0,77,52,0,52,129
06/22/2022,UNV,PA,AEA,EN,Federal Contract Tower,1,16,7,0,24,0,10,24,0,34,1,26,31,0,58,34,0,34,92
06/23/2022,UNV,PA,AEA,EN,Federal Contract Tower,3,19,15,0,37,0,5,32,2,39,3,24,47,2,76,82,0,82,158
06/24/2022,UNV,PA,AEA,EN,Federal Contract Tower,2,18,24,0,44,0,4,49,0,53,2,22,73,0,97,42,0,42,139
06/25/2022,UNV,PA,AEA,EN,Federal Contract Tower,1,14,13,0,28,0,2,72,0,74,1,16,85,0,102,96,0,96,198
06/26/2022,UNV,PA,AEA,EN,Federal Contract Tower,3,12,11,0,26,0,5,29,0,34,3,17,40,0,60,56,0,56,116
06/27/2022,UNV,PA,AEA,EN,Federal Contract Tower,3,15,13,0,31,0,5,21,2,28,3,20,34,2,59,16,2,18,77
06/28/2022,UNV,PA,AEA,EN,Federal Contract Tower,3,15,3,0,21,0,7,50,2,59,3,22,53,2,80,30,16,46,126
06/29/2022,UNV,PA,AEA,EN,Federal Contract Tower,3,18,10,5,36,0,5,44,4,53,3,23,54,9,89,60,0,60,149
06/30/2022,UNV,PA,AEA,EN,Federal Contract Tower,3,17,10,0,30,0,5,52,2,59,3,22,62,2,89,62,0,62,151
07/01/2022,UNV,PA,AEA,EN,Federal Contract Tower,2,15,17,0,34,0,5,47,0,52,2,20,64,0,86,64,0,64,150
07/02/2022,UNV,PA,AEA,EN,Federal Contract Tower,1,20,16,0,37,0,5,45,0,50,1,25,61,0,87,62,0,62,149
07/03/2022,UNV,PA,AEA,EN,Federal Contract Tower,2,12,10,0,24,0,8,53,2,63,2,20,63,2,87,44,0,44,131
07/04/2022,UNV,PA,AEA,EN,Federal Contract Tower,3,10,4,0,17,0,4,41,2,47,3,14,45,2,64,72,2,74,138
07/05/2022,UNV,PA,AEA,EN,Federal Contract Tower,2,11,14,0,27,0,4,24,0,28,2,15,38,0,55,106,0,106,161
07/06/2022,UNV,PA,AEA,EN,Federal Contract Tower,3,20,7,0,30,0,3,32,0,35,3,23,39,0,65,86,0,86,151
07/07/2022,UNV,PA,AEA,EN,Federal Contract Tower,3,20,14,0,37,0,10,32,0,42,3,30,46,0,79,24,0,24,103
07/08/2022,UNV,PA,AEA,EN,Federal Contract Tower,0,3,18,22,43,0,7,42,0,49,0,10,60,22,92,68,0,68,160
07/09/2022,UNV,PA,AEA,EN,Federal Contract Tower,1,16,10,0,27,0,8,59,0,67,1,24,69,0,94,128,0,128,222
07/10/2022,UNV,PA,AEA,EN,Federal Contract Tower,3,15,13,0,31,0,2,62,0,64,3,17,75,0,95,134,0,134,229
07/11/2022,UNV,PA,AEA,EN,Federal Contract Tower,5,12,16,0,33,0,4,45,0,49,5,16,61,0,82,134,0,134,216
07/12/2022,UNV,PA,AEA,EN,Federal Contract Tower,5,14,5,0,24,0,5,19,2,26,5,19,24,2,50,36,0,36,86
07/13/2022,UNV,PA,AEA,EN,Federal Contract Tower,5,20,6,0,31,0,3,58,2,63,5,23,64,2,94,98,0,98,192
07/14/2022,UNV,PA,AEA,EN,Federal Contract Tower,5,16,10,0,31,0,11,60,0,71,5,27,70,0,102,106,0,106,208
07/15/2022,UNV,PA,AEA,EN,Federal Contract Tower,3,18,21,0,42,0,2,86,0,88,3,20,107,0,130,96,0,96,226
07/16/2022,UNV,PA,AEA,EN,Federal Contract Tower,1,15,26,2,44,0,7,51,0,58,1,22,77,2,102,102,0,102,204
07/17/2022,UNV,PA,AEA,EN,Federal Contract Tower,3,14,13,0,30,0,0,18,0,18,3,14,31,0,48,62,0,62,110
07/18/2022,UNV,PA,AEA,EN,Federal Contract Tower,2,15,10,0,27,0,3,3,0,6,2,18,13,0,33,0,0,0,33
07/19/2022,UNV,PA,AEA,EN,Federal Contract Tower,3,17,16,0,36,0,9,54,2,65,3,26,70,2,101,44,2,46,147
07/20/2022,UNV,PA,AEA,EN,Federal Contract Tower,3,18,8,1,30,0,4,47,3,54,3,22,55,4,84,44,0,44,128
07/21/2022,UNV,PA,AEA,EN,Federal Contract Tower,5,17,4,0,26,0,8,30,0,38,5,25,34,0,64,48,0,48,112
07/22/2022,UNV,PA,AEA,EN,Federal Contract Tower,3,19,11,0,33,0,0,58,3,61,3,19,69,3,94,120,0,120,214
07/23/2022,UNV,PA,AEA,EN,Federal Contract Tower,1,12,8,0,21,0,5,57,0,62,1,17,65,0,83,118,0,118,201
07/24/2022,UNV,PA,AEA,EN,Federal Contract Tower,3,12,12,0,27,0,7,28,2,37,3,19,40,2,64,70,0,70,134
07/25/2022,UNV,PA,AEA,EN,Federal Contract Tower,3,15,6,0,24,0,3,19,1,23,3,18,25,1,47,14,0,14,61
07/26/2022,UNV,PA,AEA,EN,Federal Contract Tower,3,17,9,0,29,0,7,56,4,67,3,24,65,4,96,62,0,62,158
07/27/2022,UNV,PA,AEA,EN,Federal Contract Tower,5,16,10,0,31,0,2,29,0,31,5,18,39,0,62,52,0,52,114
07/28/2022,UNV,PA,AEA,EN,Federal Contract Tower,3,19,8,0,30,0,6,10,0,16,3,25,18,0,46,4,0,4,50
07/29/2022,UNV,PA,AEA,EN,Federal Contract Tower,4,18,8,0,30,0,6,37,0,43,4,24,45,0,73,22,0,22,95
07/30/2022,UNV,PA,AEA,EN,Federal Contract Tower,1,13,9,0,23,0,2,45,0,47,1,15,54,0,70,40,0,40,110
07/31/2022,UNV,PA,AEA,EN,Federal Contract Tower,3,10,12,0,25,0,0,29,0,29,3,10,41,0,54,8,0,8,62
08/01/2022,UNV,PA,AEA,EN,Federal Contract Tower,3,13,4,0,20,0,4,18,0,22,3,17,22,0,42,88,0,88,130
08/02/2022,UNV,PA,AEA,EN,Federal Contract Tower,3,15,6,0,24,0,4,41,0,45,3,19,47,0,69,58,0,58,127
08/03/2022,UNV,PA,AEA,EN,Federal Contract Tower,3,15,6,0,24,0,0,30,0,30,3,15,36,0,54,24,0,24,78
08/04/2022,UNV,PA,AEA,EN,Federal Contract Tower,4,15,12,0,31,0,2,18,0,20,4,17,30,0,51,22,0,22,73
08/05/2022,UNV,PA,AEA,EN,Federal Contract Tower,2,18,12,0,32,0,2,14,0,16,2,20,26,0,48,16,0,16,64
08/06/2022,UNV,PA,AEA,EN,Federal Contract Tower,4,14,10,0,28,0,6,25,0,31,4,20,35,0,59,18,0,18,77
08/07/2022,UNV,PA,AEA,EN,Federal Contract Tower,3,13,20,0,36,0,0,16,0,16,3,13,36,0,52,38,0,38,90
08/08/2022,UNV,PA,AEA,EN,Federal Contract Tower,4,14,6,0,24,0,11,50,0,61,4,25,56,0,85,60,0,60,145
08/09/2022,UNV,PA,AEA,EN,Federal Contract Tower,3,15,4,0,22,0,2,29,0,31,3,17,33,0,53,40,0,40,93
08/10/2022,UNV,PA,AEA,EN,Federal Contract Tower,3,16,5,0,24,0,2,32,4,38,3,18,37,4,62,76,0,76,138
08/11/2022,UNV,PA,AEA,EN,Federal Contract Tower,3,16,15,0,34,0,6,58,0,64,3,22,73,0,98,64,0,64,162
08/12/2022,UNV,PA,AEA,EN,Federal Contract Tower,3,20,7,0,30,0,2,49,0,51,3,22,56,0,81,40,0,40,121
08/13/2022,UNV,PA,AEA,EN,Federal Contract Tower,1,15,14,0,30,0,2,78,0,80,1,17,92,0,110,110,0,110,220
08/14/2022,UNV,PA,AEA,EN,Federal Contract Tower,3,9,11,0,23,0,3,52,0,55,3,12,63,0,78,52,0,52,130
08/15/2022,UNV,PA,AEA,EN,Federal Contract Tower,3,21,13,2,39,0,0,11,0,11,3,21,24,2,50,12,0,12,62
08/16/2022,UNV,PA,AEA,EN,Federal Contract Tower,2,14,7,1,24,0,2,25,0,27,2,16,32,1,51,116,0,116,167
08/17/2022,UNV,PA,AEA,EN,Federal Contract Tower,5,20,8,0,33,0,3,40,0,43,5,23,48,0,76,74,0,74,150
08/18/2022,UNV,PA,AEA,EN,Federal Contract Tower,5,19,14,0,38,0,4,51,0,55,5,23,65,0,93,116,0,116,209
08/19/2022,UNV,PA,AEA,EN,Federal Contract Tower,3,18,14,0,35,0,7,66,0,73,3,25,80,0,108,124,0,124,232
08/20/2022,UNV,PA,AEA,EN,Federal Contract Tower,1,14,14,0,29,0,0,76,0,76,1,14,90,0,105,84,0,84,189
08/21/2022,UNV,PA,AEA,EN,Federal Contract Tower,3,14,14,0,31,0,0,4,0,4,3,14,18,0,35,14,0,14,49
08/22/2022,UNV,PA,AEA,EN,Federal Contract Tower,4,19,3,0,26,0,2,13,0,15,4,21,16,0,41,48,0,48,89
08/23/2022,UNV,PA,AEA,EN,Federal Contract Tower,2,17,15,0,34,0,15,44,2,61,2,32,59,2,95,124,0,124,219
08/24/2022,UNV,PA,AEA,EN,Federal Contract Tower,3,20,10,0,33,0,19,67,0,86,3,39,77,0,119,88,0,88,207
08/25/2022,UNV,PA,AEA,EN,Federal Contract Tower,3,22,8,4,37,0,0,47,0,47,3,22,55,4,84,34,0,34,118
08/26/2022,UNV,PA,AEA,EN,Federal Contract Tower,4,16,6,0,26,0,5,44,0,49,4,21,50,0,75,32,0,32,107
08/27/2022,UNV,PA,AEA,EN,Federal Contract Tower,1,13,11,0,25,0,3,55,0,58,1,16,66,0,83,116,0,116,199
08/28/2022,UNV,PA,AEA,EN,Federal Contract Tower,4,10,9,0,23,0,2,48,2,52,4,12,57,2,75,60,0,60,135
08/29/2022,UNV,PA,AEA,EN,Federal Contract Tower,3,14,12,0,29,0,3,33,4,40,3,17,45,4,69,158,0,158,227
08/30/2022,UNV,PA,AEA,EN,Federal Contract Tower,1,16,5,0,22,0,7,3,0,10,1,23,8,0,32,10,0,10,42
08/31/2022,UNV,PA,AEA,EN,Federal Contract Tower,5,17,4,2,28,0,3,75,2,80,5,20,79,4,108,102,2,104,212
09/01/2022,UNV,PA,AEA,EN,Federal Contract Tower,3,19,15,0,37,0,6,66,0,72,3,25,81,0,109,26,0,26,135
09/02/2022,UNV,PA,AEA,EN,Federal Contract Tower,3,20,7,0,30,0,3,96,0,99,3,23,103,0,129,154,0,154,283
09/03/2022,UNV,PA,AEA,EN,Federal Contract Tower,1,15,23,1,40,0,8,40,7,55,1,23,63,8,95,82,0,82,177
09/04/2022,UNV,PA,AEA,EN,Federal Contract Tower,4,15,15,0,34,0,2,15,4,21,4,17,30,4,55,38,0,38,93
09/05/2022,UNV,PA,AEA,EN,Federal Contract Tower,3,11,4,0,18,0,0,0,0,0,3,11,4,0,18,0,0,0,18
09/06/2022,UNV,PA,AEA,EN,Federal Contract Tower,4,15,9,1,29,0,0,11,6,17,4,15,20,7,46,28,4,32,78
09/07/2022,UNV,PA,AEA,EN,Federal Contract Tower,3,22,7,1,33,0,0,0,0,0,3,22,7,1,33,0,0,0,33
09/08/2022,UNV,PA,AEA,EN,Federal Contract Tower,3,17,13,0,33,0,5,21,0,26,3,22,34,0,59,62,0,62,121
09/09/2022,UNV,PA,AEA,EN,Federal Contract Tower,3,26,19,2,50,0,8,65,1,74,3,34,84,3,124,90,0,90,214
09/10/2022,UNV,PA,AEA,EN,Federal Contract Tower,4,21,23,1,49,0,1,48,0,49,4,22,71,1,98,6,0,6,104
09/11/2022,UNV,PA,AEA,EN,Federal Contract Tower,3,21,24,0,48,0,4,0,0,4,3,25,24,0,52,0,0,0,52
09/12/2022,UNV,PA,AEA,EN,Federal Contract Tower,3,21,10,0,34,0,0,12,0,12,3,21,22,0,46,6,0,6,52
09/13/2022,UNV,PA,AEA,EN,Federal Contract Tower,3,18,11,0,32,0,4,55,2,61,3,22,66,2,93,58,0,58,151
09/14/2022,UNV,PA,AEA,EN,Federal Contract Tower,3,22,14,0,39,0,9,40,0,49,3,31,54,0,88,58,0,58,146
09/15/2022,UNV,PA,AEA,EN,Federal Contract Tower,5,18,13,0,36,0,7,47,0,54,5,25,60,0,90,40,0,40,130
09/16/2022,UNV,PA,AEA,EN,Federal Contract Tower,4,21,13,0,38,0,13,58,2,73,4,34,71,2,111,42,0,42,153
09/17/2022,UNV,PA,AEA,EN,Federal Contract Tower,2,16,16,1,35,0,11,87,0,98,2,27,103,1,133,120,0,120,253
09/18/2022,UNV,PA,AEA,EN,Federal Contract Tower,2,19,20,0,41,0,2,53,0,55,2,21,73,0,96,56,0,56,152
09/19/2022,UNV,PA,AEA,EN,Federal Contract Tower,2,22,8,0,32,0,5,17,0,22,2,27,25,0,54,46,0,46,100
09/20/2022,UNV,PA,AEA,EN,Federal Contract Tower,2,18,9,1,30,0,0,62,3,65,2,18,71,4,95,100,12,112,207
09/21/2022,UNV,PA,AEA,EN,Federal Contract Tower,2,28,9,0,39,0,6,54,0,60,2,34,63,0,99,96,0,96,195
09/22/2022,UNV,PA,AEA,EN,Federal Contract Tower,4,27,19,0,50,0,4,6,0,10,4,31,25,0,60,0,0,0,60
09/23/2022,UNV,PA,AEA,EN,Federal Contract Tower,6,24,19,0,49,0,6,27,0,33,6,30,46,0,82,18,0,18,100
09/24/2022,UNV,PA,AEA,EN,Federal Contract Tower,3,22,17,0,42,0,8,54,2,64,3,30,71,2,106,14,0,14,120
09/25/2022,UNV,PA,AEA,EN,Federal Contract Tower,2,20,10,0,32,0,1,11,0,12,2,21,21,0,44,0,0,0,44
09/26/2022,UNV,PA,AEA,EN,Federal Contract Tower,4,16,7,0,27,0,3,5,0,8,4,19,12,0,35,8,0,8,43
09/27/2022,UNV,PA,AEA,EN,Federal Contract Tower,4,15,13,0,32,0,8,14,0,22,4,23,27,0,54,0,0,0,54
09/28/2022,UNV,PA,AEA,EN,Federal Contract Tower,3,28,12,0,43,0,2,34,2,38,3,30,46,2,81,126,0,126,207
09/29/2022,UNV,PA,AEA,EN,Federal Contract Tower,4,34,15,0,53,0,6,61,2,69,4,40,76,2,122,114,0,114,236
09/30/2022,UNV,PA,AEA,EN,Federal Contract Tower,5,29,23,2,59,0,0,31,2,33,5,29,54,4,92,74,8,82,174
10/01/2022,UNV,PA,AEA,EN,Federal Contract Tower,6,31,27,0,64,0,1,5,0,6,6,32,32,0,70,0,0,0,70
10/02/2022,UNV,PA,AEA,EN,Federal Contract Tower,4,22,17,0,43,0,2,1,0,3,4,24,18,0,46,0,0,0,46
10/03/2022,UNV,PA,AEA,EN,Federal Contract Tower,3,15,10,0,28,0,1,51,0,52,3,16,61,0,80,104,0,104,184
10/04/2022,UNV,PA,AEA,EN,Federal Contract Tower,1,18,13,2,34,0,4,13,0,17,1,22,26,2,51,14,0,14,65
10/05/2022,UNV,PA,AEA,EN,Federal Contract Tower,3,17,9,5,34,0,3,35,3,41,3,20,44,8,75,100,8,108,183
10/06/2022,UNV,PA,AEA,EN,Federal Contract Tower,7,20,13,2,42,0,0,53,2,55,7,20,66,4,97,72,0,72,169
10/07/2022,UNV,PA,AEA,EN,Federal Contract Tower,5,23,27,0,55,0,1,42,0,43,5,24,69,0,98,46,0,46,144
10/08/2022,UNV,PA,AEA,EN,Federal Contract Tower,5,14,10,0,29,0,0,50,0,50,5,14,60,0,79,22,0,22,101
10/09/2022,UNV,PA,AEA,EN,Federal Contract Tower,7,17,10,0,34,0,1,42,0,43,7,18,52,0,77,58,0,58,135
10/10/2022,UNV,PA,AEA,EN,Federal Contract Tower,5,21,5,0,31,0,3,43,0,46,5,24,48,0,77,48,0,48,125
10/11/2022,UNV,PA,AEA,EN,Federal Contract Tower,5,17,18,0,40,0,5,45,0,50,5,22,63,0,90,142,0,142,232
10/12/2022,UNV,PA,AEA,EN,Federal Contract Tower,5,19,11,0,35,0,4,43,0,47,5,23,54,0,82,50,0,50,132
10/13/2022,UNV,PA,AEA,EN,Federal Contract Tower,7,20,16,0,43,0,0,6,2,8,7,20,22,2,51,0,10,10,61
10/14/2022,UNV,PA,AEA,EN,Federal Contract Tower,7,19,7,4,37,0,2,43,2,47,7,21,50,6,84,98,0,98,182
10/15/2022,UNV,PA,AEA,EN,Federal Contract Tower,7,15,17,0,39,0,4,37,0,41,7,19,54,0,80,38,0,38,118
10/16/2022,UNV,PA,AEA,EN,Federal Contract Tower,5,16,12,0,33,0,3,56,0,59,5,19,68,0,92,36,0,36,128
10/17/2022,UNV,PA,AEA,EN,Federal Contract Tower,6,20,8,0,34,0,5,10,0,15,6,25,18,0,49,36,0,36,85
10/18/2022,UNV,PA,AEA,EN,Federal Contract Tower,5,17,6,0,28,0,6,33,1,40,5,23,39,1,68,88,0,88,156
10/19/2022,UNV,PA,AEA,EN,Federal Contract Tower,6,22,9,0,37,0,0,3,0,3,6,22,12,0,40,2,0,2,42
10/20/2022,UNV,PA,AEA,EN,Federal Contract Tower,5,22,9,0,36,0,4,39,2,45,5,26,48,2,81,116,0,116,197
10/21/2022,UNV,PA,AEA,EN,Federal Contract Tower,6,39,19,0,64,0,8,70,0,78,6,47,89,0,142,42,0,42,184
10/22/2022,UNV,PA,AEA,EN,Federal Contract Tower,6,27,36,1,70,0,13,111,3,127,6,40,147,4,197,64,4,68,265
10/23/2022,UNV,PA,AEA,EN,Federal Contract Tower,5,33,30,0,68,0,3,61,0,64,5,36,91,0,132,90,0,90,222
10/24/2022,UNV,PA,AEA,EN,Federal Contract Tower,6,16,10,0,32,0,5,29,9,43,6,21,39,9,75,42,0,42,117
10/25/2022,UNV,PA,AEA,EN,Federal Contract Tower,5,25,16,0,46,0,3,8,0,11,5,28,24,0,57,30,0,30,87
10/27/2022,UNV,PA,AEA,EN,Federal Contract Tower,7,24,17,1,49,0,0,40,6,46,7,24,57,7,95,94,20,114,209
10/28/2022,UNV,PA,AEA,EN,Federal Contract Tower,10,40,30,0,80,0,9,32,0,41,10,49,62,0,121,36,2,38,159
10/29/2022,UNV,PA,AEA,EN,Federal Contract Tower,8,55,31,0,94,0,10,108,5,123,8,65,139,5,217,0,0,0,217
10/30/2022,UNV,PA,AEA,EN,Federal Contract Tower,5,40,24,2,71,0,1,84,0,85,5,41,108,2,156,90,0,90,246
10/31/2022,UNV,PA,AEA,EN,Federal Contract Tower,5,21,7,0,33,0,1,9,0,10,5,22,16,0,43,138,0,138,181
11/01/2022,UNV,PA,AEA,EN,Federal Contract Tower,5,20,12,0,37,0,2,4,0,6,5,22,16,0,43,12,0,12,55
11/02/2022,UNV,PA,AEA,EN,Federal Contract Tower,4,18,11,0,33,0,6,35,0,41,4,24,46,0,74,46,0,46,120
11/03/2022,UNV,PA,AEA,EN,Federal Contract Tower,8,20,8,0,36,0,0,48,0,48,8,20,56,0,84,56,0,56,140
11/04/2022,UNV,PA,AEA,EN,Federal Contract Tower,7,22,13,0,42,0,3,42,0,45,7,25,55,0,87,42,0,42,129
11/05/2022,UNV,PA,AEA,EN,Federal Contract Tower,3,18,16,0,37,0,3,1,0,4,3,21,17,0,41,14,0,14,55
11/06/2022,UNV,PA,AEA,EN,Federal Contract Tower,7,21,10,1,39,0,1,7,0,8,7,22,17,1,47,24,0,24,71
11/07/2022,UNV,PA,AEA,EN,Federal Contract Tower,5,18,7,0,30,0,8,20,0,28,5,26,27,0,58,48,6,54,112
11/08/2022,UNV,PA,AEA,EN,Federal Contract Tower,6,20,4,0,30,0,7,17,2,26,6,27,21,2,56,6,0,6,62
11/09/2022,UNV,PA,AEA,EN,Federal Contract Tower,8,17,3,1,29,0,16,53,0,69,8,33,56,1,98,46,0,46,144
11/10/2022,UNV,PA,AEA,EN,Federal Contract Tower,5,26,5,4,40,0,9,46,0,55,5,35,51,4,95,70,0,70,165
11/11/2022,UNV,PA,AEA,EN,Federal Contract Tower,5,22,10,0,37,0,0,0,0,0,5,22,10,0,37,0,0,0,37
11/12/2022,UNV,PA,AEA,EN,Federal Contract Tower,5,19,16,0,40,0,5,4,0,9,5,24,20,0,49,0,0,0,49
11/13/2022,UNV,PA,AEA,EN,Federal Contract Tower,5,20,6,0,31,0,0,2,0,2,5,20,8,0,33,0,0,0,33
11/14/2022,UNV,PA,AEA,EN,Federal Contract Tower,3,27,8,0,38,0,8,24,0,32,3,35,32,0,70,68,0,68,138
11/15/2022,UNV,PA,AEA,EN,Federal Contract Tower,5,16,10,0,31,0,7,3,0,10,5,23,13,0,41,20,0,20,61
11/16/2022,UNV,PA,AEA,EN,Federal Contract Tower,7,26,6,0,39,0,7,2,0,9,7,33,8,0,48,2,0,2,50
11/17/2022,UNV,PA,AEA,EN,Federal Contract Tower,7,25,6,0,38,0,0,2,0,2,7,25,8,0,40,0,0,0,40
11/18/2022,UNV,PA,AEA,EN,Federal Contract Tower,4,19,9,4,36,0,7,3,0,10,4,26,12,4,46,0,0,0,46
11/19/2022,UNV,PA,AEA,EN,Federal Contract Tower,10,16,17,0,43,0,3,25,1,29,10,19,42,1,72,22,0,22,94
11/20/2022,UNV,PA,AEA,EN,Federal Contract Tower,5,14,4,0,23,0,2,2,0,4,5,16,6,0,27,0,0,0,27
11/21/2022,UNV,PA,AEA,EN,Federal Contract Tower,5,18,3,0,26,0,2,27,0,29,5,20,30,0,55,14,0,14,69
11/22/2022,UNV,PA,AEA,EN,Federal Contract Tower,7,18,9,2,36,0,2,52,0,54,7,20,61,2,90,42,0,42,132
11/23/2022,UNV,PA,AEA,EN,Federal Contract Tower,5,17,14,0,36,0,13,43,2,58,5,30,57,2,94,30,0,30,124
11/24/2022,UNV,PA,AEA,EN,Federal Contract Tower,5,9,2,0,16,0,5,37,0,42,5,14,39,0,58,10,0,10,68
11/25/2022,UNV,PA,AEA,EN,Federal Contract Tower,8,16,8,0,32,0,4,3,0,7,8,20,11,0,39,0,0,0,39
11/26/2022,UNV,PA,AEA,EN,Federal Contract Tower,11,17,17,0,45,0,10,41,1,52,11,27,58,1,97,20,0,20,117
11/27/2022,UNV,PA,AEA,EN,Federal Contract Tower,5,27,11,0,43,0,0,1,0,1,5,27,12,0,44,0,0,0,44
11/28/2022,UNV,PA,AEA,EN,Federal Contract Tower,7,15,9,0,31,0,4,9,0,13,7,19,18,0,44,0,0,0,44
11/29/2022,UNV,PA,AEA,EN,Federal Contract Tower,6,18,3,0,27,0,16,44,0,60,6,34,47,0,87,58,0,58,145
11/30/2022,UNV,PA,AEA,EN,Federal Contract Tower,9,16,7,0,32,0,0,0,0,0,9,16,7,0,32,0,0,0,32
12/01/2022,UNV,PA,AEA,EN,Federal Contract Tower,3,26,0,0,29,0,0,28,0,28,3,26,28,0,57,50,0,50,107
12/02/2022,UNV,PA,AEA,EN,Federal Contract Tower,8,16,15,2,41,0,2,40,4,46,8,18,55,6,87,64,0,64,151
12/03/2022,UNV,PA,AEA,EN,Federal Contract Tower,5,14,5,0,24,0,15,2,0,17,5,29,7,0,41,0,0,0,41
12/04/2022,UNV,PA,AEA,EN,Federal Contract Tower,5,13,10,0,28,0,4,59,1,64,5,17,69,1,92,34,0,34,126
12/05/2022,UNV,PA,AEA,EN,Federal Contract Tower,5,19,6,0,30,0,0,35,4,39,5,19,41,4,69,90,0,90,159
12/06/2022,UNV,PA,AEA,EN,Federal Contract Tower,9,15,12,0,36,0,0,0,0,0,9,15,12,0,36,0,0,0,36
12/07/2022,UNV,PA,AEA,EN,Federal Contract Tower,10,19,8,1,38,0,6,7,0,13,10,25,15,1,51,20,0,20,71
12/08/2022,UNV,PA,AEA,EN,Federal Contract Tower,7,21,18,0,46,0,4,20,1,25,7,25,38,1,71,64,0,64,135
12/09/2022,UNV,PA,AEA,EN,Federal Contract Tower,12,23,9,0,44,0,8,31,2,41,12,31,40,2,85,10,12,22,107
12/10/2022,UNV,PA,AEA,EN,Federal Contract Tower,6,12,9,0,27,0,3,47,2,52,6,15,56,2,79,70,0,70,149
12/11/2022,UNV,PA,AEA,EN,Federal Contract Tower,5,12,5,0,22,0,0,0,0,0,5,12,5,0,22,0,0,0,22
12/12/2022,UNV,PA,AEA,EN,Federal Contract Tower,5,14,4,3,26,0,0,16,1,17,5,14,20,4,43,18,0,18,61
12/13/2022,UNV,PA,AEA,EN,Federal Contract Tower,4,21,11,2,38,0,6,48,8,62,4,27,59,10,100,28,2,30,130
12/14/2022,UNV,PA,AEA,EN,Federal Contract Tower,5,24,11,0,40,0,9,49,4,62,5,33,60,4,102,40,0,40,142
12/15/2022,UNV,PA,AEA,EN,Federal Contract Tower,5,6,1,0,12,0,0,0,0,0,5,6,1,0,12,0,0,0,12
12/16/2022,UNV,PA,AEA,EN,Federal Contract Tower,5,17,7,0,29,0,3,0,0,3,5,20,7,0,32,0,0,0,32
12/17/2022,UNV,PA,AEA,EN,Federal Contract Tower,6,17,10,0,33,0,2,16,0,18,6,19,26,0,51,6,0,6,57
12/18/2022,UNV,PA,AEA,EN,Federal Contract Tower,6,8,4,0,18,0,3,10,0,13,6,11,14,0,31,18,0,18,49
12/19/2022,UNV,PA,AEA,EN,Federal Contract Tower,6,8,10,1,25,0,5,20,0,25,6,13,30,1,50,44,0,44,94
12/20/2022,UNV,PA,AEA,EN,Federal Contract Tower,6,10,9,3,28,0,3,21,7,31,6,13,30,10,59,34,32,66,125
12/21/2022,UNV,PA,AEA,EN,Federal Contract Tower,6,17,19,2,44,0,5,43,2,50,6,22,62,4,94,48,0,48,142
12/22/2022,UNV,PA,AEA,EN,Federal Contract Tower,7,10,2,0,19,0,0,0,0,0,7,10,2,0,19,0,0,0,19
12/23/2022,UNV,PA,AEA,EN,Federal Contract Tower,3,3,0,0,6,0,0,0,0,0,3,3,0,0,6,0,0,0,6
12/24/2022,UNV,PA,AEA,EN,Federal Contract Tower,5,7,0,0,12,0,0,0,0,0,5,7,0,0,12,0,0,0,12
12/25/2022,UNV,PA,AEA,EN,Federal Contract Tower,6,6,0,0,12,0,4,0,0,4,6,10,0,0,16,0,0,0,16
12/26/2022,UNV,PA,AEA,EN,Federal Contract Tower,6,10,2,0,18,0,4,15,0,19,6,14,17,0,37,4,0,4,41
12/27/2022,UNV,PA,AEA,EN,Federal Contract Tower,5,8,14,0,27,0,0,0,0,0,5,8,14,0,27,0,0,0,27
12/28/2022,UNV,PA,AEA,EN,Federal Contract Tower,7,14,10,0,31,0,4,29,0,33,7,18,39,0,64,38,0,38,102
12/29/2022,UNV,PA,AEA,EN,Federal Contract Tower,6,13,9,0,28,0,8,38,0,46,6,21,47,0,74,42,0,42,116
12/30/2022,UNV,PA,AEA,EN,Federal Contract Tower,5,19,5,0,29,0,3,24,0,27,5,22,29,0,56,10,0,10,66
12/31/2022,UNV,PA,AEA,EN,Federal Contract Tower,6,11,3,0,20,0,0,4,0,4,6,11,7,0,24,0,0,0,24
01/01/2023,UNV,PA,AEA,EN,Federal Contract Tower,5,11,5,0,21,0,2,19,0,21,5,13,24,0,42,36,0,36,78
01/02/2023,UNV,PA,AEA,EN,Federal Contract Tower,6,11,6,0,23,0,0,2,0,2,6,11,8,0,25,0,0,0,25
01/03/2023,UNV,PA,AEA,EN,Federal Contract Tower,7,12,3,0,22,0,0,0,0,0,7,12,3,0,22,0,0,0,22
01/04/2023,UNV,PA,AEA,EN,Federal Contract Tower,9,15,9,0,33,0,0,10,0,10,9,15,19,0,43,14,0,14,57
01/05/2023,UNV,PA,AEA,EN,Federal Contract Tower,10,13,8,0,31,0,9,33,4,46,10,22,41,4,77,34,0,34,111
01/06/2023,UNV,PA,AEA,EN,Federal Contract Tower,13,8,4,0,25,0,4,3,0,7,13,12,7,0,32,18,0,18,50
01/07/2023,UNV,PA,AEA,EN,Federal Contract Tower,9,12,1,0,22,0,5,11,0,16,9,17,12,0,38,32,0,32,70
01/08/2023,UNV,PA,AEA,EN,Federal Contract Tower,8,10,12,0,30,0,2,17,0,19,8,12,29,0,49,50,0,50,99
01/09/2023,UNV,PA,AEA,EN,Federal Contract Tower,12,11,3,0,26,0,5,14,0,19,12,16,17,0,45,12,0,12,57
01/10/2023,UNV,PA,AEA,EN,Federal Contract Tower,13,16,6,0,35,0,2,15,4,21,13,18,21,4,56,88,2,90,146
01/11/2023,UNV,PA,AEA,EN,Federal Contract Tower,8,15,8,0,31,0,8,22,4,34,8,23,30,4,65,16,0,16,81
01/12/2023,UNV,PA,AEA,EN,Federal Contract Tower,10,14,5,0,29,0,0,0,0,0,10,14,5,0,29,0,0,0,29
01/13/2023,UNV,PA,AEA,EN,Federal Contract Tower,13,19,9,0,41,0,0,0,0,0,13,19,9,0,41,0,0,0,41
01/14/2023,UNV,PA,AEA,EN,Federal Contract Tower,12,10,4,0,26,0,4,11,0,15,12,14,15,0,41,22,0,22,63
01/15/2023,UNV,PA,AEA,EN,Federal Contract Tower,11,9,11,0,31,0,0,25,2,27,11,9,36,2,58,56,0,56,114
01/16/2023,UNV,PA,AEA,EN,Federal Contract Tower,11,10,4,0,25,0,8,67,3,78,11,18,71,3,103,74,26,100,203
01/17/2023,UNV,PA,AEA,EN,Federal Contract Tower,11,15,3,0,29,0,0,0,0,0,11,15,3,0,29,0,0,0,29
01/18/2023,UNV,PA,AEA,EN,Federal Contract Tower,11,12,6,0,29,0,4,2,0,6,11,16,8,0,35,14,0,14,49
01/19/2023,UNV,PA,AEA,EN,Federal Contract Tower,13,20,6,0,39,0,0,0,0,0,13,20,6,0,39,0,0,0,39
01/20/2023,UNV,PA,AEA,EN,Federal Contract Tower,13,16,16,0,45,0,0,1,0,1,13,16,17,0,46,0,0,0,46
01/21/2023,UNV,PA,AEA,EN,Federal Contract Tower,11,11,11,0,33,0,2,16,0,18,11,13,27,0,51,42,0,42,93
01/22/2023,UNV,PA,AEA,EN,Federal Contract Tower,10,13,15,0,38,0,0,6,0,6,10,13,21,0,44,32,0,32,76
01/23/2023,UNV,PA,AEA,EN,Federal Contract Tower,9,18,5,0,32,0,4,0,0,4,9,22,5,0,36,0,0,0,36
01/24/2023,UNV,PA,AEA,EN,Federal Contract Tower,10,13,11,2,36,0,0,7,2,9,10,13,18,4,45,2,4,6,51
01/25/2023,UNV,PA,AEA,EN,Federal Contract Tower,9,19,1,0,29,0,0,0,0,0,9,19,1,0,29,0,0,0,29
01/26/2023,UNV,PA,AEA,EN,Federal Contract Tower,12,23,9,3,47,0,7,0,2,9,12,30,9,5,56,0,0,0,56
01/27/2023,UNV,PA,AEA,EN,Federal Contract Tower,12,13,18,1,44,0,5,46,12,63,12,18,64,13,107,80,0,80,187
01/28/2023,UNV,PA,AEA,EN,Federal Contract Tower,12,7,13,0,32,0,1,38,3,42,12,8,51,3,74,28,6,34,108
01/29/2023,UNV,PA,AEA,EN,Federal Contract Tower,13,7,6,0,26,0,0,9,0,9,13,7,15,0,35,20,0,20,55
01/30/2023,UNV,PA,AEA,EN,Federal Contract Tower,10,9,10,0,29,0,4,6,0,10,10,13,16,0,39,56,0,56,95
01/31/2023,UNV,PA,AEA,EN,Federal Contract Tower,11,15,7,0,33,0,2,37,0,39,11,17,44,0,72,68,0,68,140
02/01/2023,UNV,PA,AEA,EN,Federal Contract Tower,11,17,10,0,38,0,4,56,0,60,11,21,66,0,98,42,0,42,140
02/02/2023,UNV,PA,AEA,EN,Federal Contract Tower,13,12,8,4,37,0,4,38,2,44,13,16,46,6,81,70,0,70,151
02/03/2023,UNV,PA,AEA,EN,Federal Contract Tower,10,12,5,0,27,0,0,2,0,2,10,12,7,0,29,0,0,0,29
02/04/2023,UNV,PA,AEA,EN,Federal Contract Tower,13,8,4,0,25,0,15,28,0,43,13,23,32,0,68,76,0,76,144
02/05/2023,UNV,PA,AEA,EN,Federal Contract Tower,12,7,4,0,23,0,2,17,0,19,12,9,21,0,42,30,0,30,72
02/06/2023,UNV,PA,AEA,EN,Federal Contract Tower,10,8,7,0,25,0,0,14,4,18,10,8,21,4,43,46,0,46,89
02/07/2023,UNV,PA,AEA,EN,Federal Contract Tower,12,14,15,0,41,0,0,10,9,19,12,14,25,9,60,2,0,2,62
02/08/2023,UNV,PA,AEA,EN,Federal Contract Tower,9,11,11,0,31,0,4,24,7,35,9,15,35,7,66,20,0,20,86
02/09/2023,UNV,PA,AEA,EN,Federal Contract Tower,11,12,7,0,30,0,5,6,0,11,11,17,13,0,41,0,0,0,41
02/10/2023,UNV,PA,AEA,EN,Federal Contract Tower,12,15,5,0,32,0,0,2,0,2,12,15,7,0,34,8,0,8,42
02/11/2023,UNV,PA,AEA,EN,Federal Contract Tower,12,12,3,0,27,0,0,41,0,41,12,12,44,0,68,58,0,58,126
02/12/2023,UNV,PA,AEA,EN,Federal Contract Tower,13,6,3,0,22,0,0,27,2,29,13,6,30,2,51,2,0,2,53
02/13/2023,UNV,PA,AEA,EN,Federal Contract Tower,8,13,3,0,24,0,2,18,0,20,8,15,21,0,44,8,0,8,52
02/14/2023,UNV,PA,AEA,EN,Federal Contract Tower,10,16,5,0,31,0,1,45,0,46,10,17,50,0,77,50,0,50,127
02/15/2023,UNV,PA,AEA,EN,Federal Contract Tower,11,15,8,0,34,0,2,15,0,17,11,17,23,0,51,14,0,14,65
02/16/2023,UNV,PA,AEA,EN,Federal Contract Tower,11,17,7,0,35,0,3,18,0,21,11,20,25,0,56,0,0,0,56
02/17/2023,UNV,PA,AEA,EN,Federal Contract Tower,11,26,4,0,41,0,0,4,0,4,11,26,8,0,45,8,0,8,53
02/18/2023,UNV,PA,AEA,EN,Federal Contract Tower,12,14,10,2,38,0,2,76,0,78,12,16,86,2,116,168,0,168,284
02/19/2023,UNV,PA,AEA,EN,Federal Contract Tower,10,15,10,0,35,0,6,47,2,55,10,21,57,2,90,50,0,50,140
02/20/2023,UNV,PA,AEA,EN,Federal Contract Tower,9,11,10,0,30,0,3,22,1,26,9,14,32,1,56,12,0,12,68
02/21/2023,UNV,PA,AEA,EN,Federal Contract Tower,12,16,7,4,39,0,0,4,0,4,12,16,11,4,43,0,0,0,43
02/22/2023,UNV,PA,AEA,EN,Federal Contract Tower,10,21,6,0,37,0,1,0,1,2,10,22,6,1,39,0,0,0,39
02/23/2023,UNV,PA,AEA,EN,Federal Contract Tower,12,20,8,1,41,0,10,31,2,43,12,30,39,3,84,42,0,42,126
02/24/2023,UNV,PA,AEA,EN,Federal Contract Tower,13,11,8,2,34,0,2,7,0,9,13,13,15,2,43,0,0,0,43
02/25/2023,UNV,PA,AEA,EN,Federal Contract Tower,13,10,7,0,30,0,4,60,0,64,13,14,67,0,94,28,0,28,122
02/26/2023,UNV,PA,AEA,EN,Federal Contract Tower,10,8,15,0,33,0,2,8,0,10,10,10,23,0,43,6,0,6,49
02/27/2023,UNV,PA,AEA,EN,Federal Contract Tower,10,8,8,0,26,0,2,24,0,26,10,10,32,0,52,26,0,26,78
02/28/2023,UNV,PA,AEA,EN,Federal Contract Tower,12,13,2,0,27,0,8,4,2,14,12,21,6,2,41,8,0,8,49
03/01/2023,UNV,PA,AEA,EN,Federal Contract Tower,11,19,4,0,34,0,2,34,2,38,11,21,38,2,72,70,0,70,142
03/02/2023,UNV,PA,AEA,EN,Federal Contract Tower,16,17,2,2,37,0,0,46,0,46,16,17,48,2,83,36,2,38,121
03/03/2023,UNV,PA,AEA,EN,Federal Contract Tower,7,11,13,0,31,0,3,8,0,11,7,14,21,0,42,28,0,28,70
03/04/2023,UNV,PA,AEA,EN,Federal Contract Tower,10,14,6,0,30,0,4,3,0,7,10,18,9,0,37,0,0,0,37
03/05/2023,UNV,PA,AEA,EN,Federal Contract Tower,10,12,9,0,31,0,6,28,0,34,10,18,37,0,65,40,0,40,105
03/06/2023,UNV,PA,AEA,EN,Federal Contract Tower,11,15,7,3,36,0,4,35,4,43,11,19,42,7,79,80,0,80,159
03/07/2023,UNV,PA,AEA,EN,Federal Contract Tower,12,9,7,0,28,0,2,10,0,12,12,11,17,0,40,0,0,0,40
03/08/2023,UNV,PA,AEA,EN,Federal Contract Tower,10,14,5,1,30,0,8,24,1,33,10,22,29,2,63,24,4,28,91
03/09/2023,UNV,PA,AEA,EN,Federal Contract Tower,9,19,6,0,34,0,2,53,8,63,9,21,59,8,97,84,2,86,183
03/10/2023,UNV,PA,AEA,EN,Federal Contract Tower,10,18,8,0,36,0,0,0,0,0,10,18,8,0,36,0,0,0,36
03/11/2023,UNV,PA,AEA,EN,Federal Contract Tower,9,14,4,0,27,0,4,13,0,17,9,18,17,0,44,8,0,8,52
03/12/2023,UNV,PA,AEA,EN,Federal Contract Tower,10,17,10,0,37,0,9,22,0,31,10,26,32,0,68,30,0,30,98
03/13/2023,UNV,PA,AEA,EN,Federal Contract Tower,10,15,5,0,30,0,0,1,0,1,10,15,6,0,31,0,0,0,31
03/14/2023,UNV,PA,AEA,EN,Federal Contract Tower,13,15,7,0,35,0,2,4,0,6,13,17,11,0,41,0,0,0,41
03/15/2023,UNV,PA,AEA,EN,Federal Contract Tower,9,19,8,2,38,0,8,15,0,23,9,27,23,2,61,8,4,12,73
03/16/2023,UNV,PA,AEA,EN,Federal Contract Tower,10,22,20,0,52,0,5,69,2,76,10,27,89,2,128,94,0,94,222
03/17/2023,UNV,PA,AEA,EN,Federal Contract Tower,9,14,12,2,37,0,0,5,0,5,9,14,17,2,42,12,0,12,54
03/18/2023,UNV,PA,AEA,EN,Federal Contract Tower,10,14,7,0,31,0,5,20,2,27,10,19,27,2,58,22,0,22,80
03/19/2023,UNV,PA,AEA,EN,Federal Contract Tower,13,11,19,0,43,0,2,7,0,9,13,13,26,0,52,14,0,14,66
03/20/2023,UNV,PA,AEA,EN,Federal Contract Tower,9,14,12,0,35,0,4,45,0,49,9,18,57,0,84,46,0,46,130
03/21/2023,UNV,PA,AEA,EN,Federal Contract Tower,9,15,7,0,31,0,0,68,6,74,9,15,75,6,105,92,8,100,205
03/22/2023,UNV,PA,AEA,EN,Federal Contract Tower,10,17,9,0,36,0,6,55,0,61,10,23,64,0,97,122,0,122,219
03/23/2023,UNV,PA,AEA,EN,Federal Contract Tower,10,26,14,2,52,0,0,0,5,5,10,26,14,7,57,0,0,0,57
03/24/2023,UNV,PA,AEA,EN,Federal Contract Tower,9,22,17,0,48,0,7,38,5,50,9,29,55,5,98,68,0,68,166
03/25/2023,UNV,PA,AEA,EN,Federal Contract Tower,9,18,13,0,40,0,0,0,0,0,9,18,13,0,40,0,0,0,40
03/26/2023,UNV,PA,AEA,EN,Federal Contract Tower,11,15,14,0,40,0,2,12,0,14,11,17,26,0,54,0,0,0,54
03/27/2023,UNV,PA,AEA,EN,Federal Contract Tower,12,14,8,0,34,0,4,42,0,46,12,18,50,0,80,110,0,110,190
03/28/2023,UNV,PA,AEA,EN,Federal Contract Tower,6,14,2,0,22,0,0,22,1,23,6,14,24,1,45,64,0,64,109
03/29/2023,UNV,PA,AEA,EN,Federal Contract Tower,11,13,5,2,31,0,3,38,4,45,11,16,43,6,76,76,0,76,152
03/30/2023,UNV,PA,AEA,EN,Federal Contract Tower,12,19,20,3,54,0,0,75,6,81,12,19,95,9,135,136,2,138,273
03/31/2023,UNV,PA,AEA,EN,Federal Contract Tower,10,20,9,0,39,0,0,13,2,15,10,20,22,2,54,24,0,24,78
04/01/2023,UNV,PA,AEA,EN,Federal Contract Tower,7,11,6,0,24,0,2,3,0,5,7,13,9,0,29,4,0,4,33
04/02/2023,UNV,PA,AEA,EN,Federal Contract Tower,10,15,9,0,34,0,8,44,0,52,10,23,53,0,86,10,0,10,96
04/03/2023,UNV,PA,AEA,EN,Federal Contract Tower,10,17,4,0,31,0,4,28,0,32,10,21,32,0,63,16,0,16,79
04/04/2023,UNV,PA,AEA,EN,Federal Contract Tower,13,14,14,0,41,0,9,46,6,61,13,23,60,6,102,84,0,84,186
04/05/2023,UNV,PA,AEA,EN,Federal Contract Tower,9,17,7,3,36,0,0,30,4,34,9,17,37,7,70,34,0,34,104
04/06/2023,UNV,PA,AEA,EN,Federal Contract Tower,10,17,20,0,47,0,0,15,0,15,10,17,35,0,62,50,0,50,112
04/07/2023,UNV,PA,AEA,EN,Federal Contract Tower,12,16,17,1,46,0,2,49,1,52,12,18,66,2,98,24,0,24,122
04/08/2023,UNV,PA,AEA,EN,Federal Contract Tower,10,19,5,0,34,0,6,82,0,88,10,25,87,0,122,34,0,34,156
04/09/2023,UNV,PA,AEA,EN,Federal Contract Tower,12,16,6,0,34,0,1,62,1,64,12,17,68,1,98,80,0,80,178
04/10/2023,UNV,PA,AEA,EN,Federal Contract Tower,14,11,2,0,27,0,8,60,1,69,14,19,62,1,96,80,0,80,176
04/11/2023,UNV,PA,AEA,EN,Federal Contract Tower,16,13,7,2,38,0,5,28,4,37,16,18,35,6,75,32,0,32,107
04/12/2023,UNV,PA,AEA,EN,Federal Contract Tower,12,21,7,0,40,0,3,18,8,29,12,24,25,8,69,24,22,46,115
04/13/2023,UNV,PA,AEA,EN,Federal Contract Tower,12,31,16,0,59,0,7,66,9,82,12,38,82,9,141,122,0,122,263
04/14/2023,UNV,PA,AEA,EN,Federal Contract Tower,13,16,14,0,43,0,9,55,0,64,13,25,69,0,107,64,0,64,171
04/15/2023,UNV,PA,AEA,EN,Federal Contract Tower,11,11,17,0,39,0,4,4,0,8,11,15,21,0,47,0,0,0,47
04/16/2023,UNV,PA,AEA,EN,Federal Contract Tower,11,17,12,0,40,0,0,36,0,36,11,17,48,0,76,34,0,34,110
04/17/2023,UNV,PA,AEA,EN,Federal Contract Tower,10,13,5,0,28,0,0,15,0,15,10,13,20,0,43,4,0,4,47
04/18/2023,UNV,PA,AEA,EN,Federal Contract Tower,11,13,4,0,28,0,5,6,2,13,11,18,10,2,41,0,0,0,41
04/19/2023,UNV,PA,AEA,EN,Federal Contract Tower,11,25,10,0,46,0,6,33,1,40,11,31,43,1,86,34,0,34,120
04/20/2023,UNV,PA,AEA,EN,Federal Contract Tower,9,16,4,1,30,0,4,53,5,62,9,20,57,6,92,70,0,70,162
04/21/2023,UNV,PA,AEA,EN,Federal Contract Tower,12,18,12,0,42,0,14,37,0,51,12,32,49,0,93,84,0,84,177
04/22/2023,UNV,PA,AEA,EN,Federal Contract Tower,9,23,10,0,42,0,7,6,0,13,9,30,16,0,55,12,0,12,67
04/23/2023,UNV,PA,AEA,EN,Federal Contract Tower,11,15,15,0,41,0,10,28,0,38,11,25,43,0,79,96,0,96,175
04/24/2023,UNV,PA,AEA,EN,Federal Contract Tower,12,15,6,0,33,0,10,24,2,36,12,25,30,2,69,30,0,30,99
04/25/2023,UNV,PA,AEA,EN,Federal Contract Tower,10,14,4,0,28,0,5,39,0,44,10,19,43,0,72,88,0,88,160
04/26/2023,UNV,PA,AEA,EN,Federal Contract Tower,12,18,8,0,38,0,10,60,0,70,12,28,68,0,108,118,0,118,226
04/27/2023,UNV,PA,AEA,EN,Federal Contract Tower,17,20,14,1,52,0,2,52,3,57,17,22,66,4,109,98,0,98,207
04/28/2023,UNV,PA,AEA,EN,Federal Contract Tower,13,21,12,0,46,0,0,0,0,0,13,21,12,0,46,0,0,0,46
04/29/2023,UNV,PA,AEA,EN,Federal Contract Tower,13,19,6,0,38,0,0,0,0,0,13,19,6,0,38,0,0,0,38
04/30/2023,UNV,PA,AEA,EN,Federal Contract Tower,13,13,4,0,30,0,0,0,0,0,13,13,4,0,30,0,0,0,30
05/01/2023,UNV,PA,AEA,EN,Federal Contract Tower,12,16,5,0,33,0,2,1,0,3,12,18,6,0,36,8,0,8,44
05/02/2023,UNV,PA,AEA,EN,Federal Contract Tower,12,17,2,0,31,0,0,2,0,2,12,17,4,0,33,0,0,0,33
05/03/2023,UNV,PA,AEA,EN,Federal Contract Tower,12,16,9,1,38,0,0,4,0,4,12,16,13,1,42,0,0,0,42
05/04/2023,UNV,PA,AEA,EN,Federal Contract Tower,12,19,9,3,43,0,4,20,0,24,12,23,29,3,67,78,0,78,145
05/05/2023,UNV,PA,AEA,EN,Federal Contract Tower,10,30,12,1,53,0,2,31,1,34,10,32,43,2,87,28,0,28,115
05/06/2023,UNV,PA,AEA,EN,Federal Contract Tower,9,15,9,0,33,0,1,60,0,61,9,16,69,0,94,40,0,40,134
05/07/2023,UNV,PA,AEA,EN,Federal Contract Tower,11,22,13,0,46,0,3,34,0,37,11,25,47,0,83,34,0,34,117
05/08/2023,UNV,PA,AEA,EN,Federal Contract Tower,12,15,5,2,34,0,3,34,0,37,12,18,39,2,71,100,0,100,171
05/09/2023,UNV,PA,AEA,EN,Federal Contract Tower,10,17,3,0,30,0,5,44,0,49,10,22,47,0,79,44,0,44,123
05/10/2023,UNV,PA,AEA,EN,Federal Contract Tower,10,22,13,0,45,0,8,55,0,63,10,30,68,0,108,58,0,58,166
05/11/2023,UNV,PA,AEA,EN,Federal Contract Tower,7,19,12,2,40,0,16,59,0,75,7,35,71,2,115,78,0,78,193
05/12/2023,UNV,PA,AEA,EN,Federal Contract Tower,11,21,5,2,39,0,6,61,0,67,11,27,66,2,106,108,0,108,214
05/13/2023,UNV,PA,AEA,EN,Federal Contract Tower,10,14,5,0,29,0,8,30,0,38,10,22,35,0,67,80,0,80,147
05/14/2023,UNV,PA,AEA,EN,Federal Contract Tower,12,16,5,0,33,0,1,39,0,40,12,17,44,0,73,26,0,26,99
05/15/2023,UNV,PA,AEA,EN,Federal Contract Tower,8,19,12,0,39,0,3,34,4,41,8,22,46,4,80,38,0,38,118
05/16/2023,UNV,PA,AEA,EN,Federal Contract Tower,9,17,5,0,31,0,4,45,2,51,9,21,50,2,82,62,0,62,144
05/17/2023,UNV,PA,AEA,EN,Federal Contract Tower,9,20,4,0,33,0,3,31,0,34,9,23,35,0,67,14,0,14,81
05/18/2023,UNV,PA,AEA,EN,Federal Contract Tower,9,16,8,0,33,0,2,52,0,54,9,18,60,0,87,40,0,40,127
05/19/2023,UNV,PA,AEA,EN,Federal Contract Tower,10,23,9,0,42,0,2,25,0,27,10,25,34,0,69,16,0,16,85
05/20/2023,UNV,PA,AEA,EN,Federal Contract Tower,9,13,8,0,30,0,4,15,0,19,9,17,23,0,49,40,0,40,89
05/21/2023,UNV,PA,AEA,EN,Federal Contract Tower,9,23,10,0,42,0,4,46,6,56,9,27,56,6,98,16,0,16,114
05/22/2023,UNV,PA,AEA,EN,Federal Contract Tower,9,13,5,0,27,0,6,49,2,57,9,19,54,2,84,100,6,106,190
05/23/2023,UNV,PA,AEA,EN,Federal Contract Tower,9,15,7,8,39,0,6,53,8,67,9,21,60,16,106,88,18,106,212
05/24/2023,UNV,PA,AEA,EN,Federal Contract Tower,9,19,6,1,35,0,8,39,4,51,9,27,45,5,86,46,0,46,132
05/25/2023,UNV,PA,AEA,EN,Federal Contract Tower,8,24,4,0,36,0,16,56,0,72,8,40,60,0,108,26,0,26,134
05/26/2023,UNV,PA,AEA,EN,Federal Contract Tower,10,24,12,0,46,0,7,50,0,57,10,31,62,0,103,18,0,18,121
05/27/2023,UNV,PA,AEA,EN,Federal Contract Tower,9,19,10,0,38,0,4,58,0,62,9,23,68,0,100,48,0,48,148
05/28/2023,UNV,PA,AEA,EN,Federal Contract Tower,12,10,7,0,29,0,3,56,0,59,12,13,63,0,88,74,0,74,162
05/29/2023,UNV,PA,AEA,EN,Federal Contract Tower,9,19,7,0,35,0,4,31,0,35,9,23,38,0,70,8,0,8,78
05/30/2023,UNV,PA,AEA,EN,Federal Contract Tower,9,13,9,0,31,0,12,54,0,66,9,25,63,0,97,36,0,36,133
05/31/2023,UNV,PA,AEA,EN,Federal Contract Tower,9,20,5,2,36,0,3,39,6,48,9,23,44,8,84,40,6,46,130
06/01/2023,UNV,PA,AEA,EN,Federal Contract Tower,10,21,12,3,46,0,10,62,3,75,10,31,74,6,121,48,0,48,169
06/02/2023,UNV,PA,AEA,EN,Federal Contract Tower,10,17,12,0,39,0,7,40,0,47,10,24,52,0,86,26,0,26,112
06/03/2023,UNV,PA,AEA,EN,Federal Contract Tower,8,12,12,0,32,0,6,29,2,37,8,18,41,2,69,34,0,34,103
06/04/2023,UNV,PA,AEA,EN,Federal Contract Tower,9,11,12,0,32,0,4,40,1,45,9,15,52,1,77,38,0,38,115
06/05/2023,UNV,PA,AEA,EN,Federal Contract Tower,9,11,11,0,31,0,5,41,8,54,9,16,52,8,85,60,12,72,157
06/06/2023,UNV,PA,AEA,EN,Federal Contract Tower,8,14,9,0,31,0,23,16,0,39,8,37,25,0,70,42,0,42,112
06/07/2023,UNV,PA,AEA,EN,Federal Contract Tower,7,19,18,0,44,0,2,18,0,20,7,21,36,0,64,54,0,54,118
06/08/2023,UNV,PA,AEA,EN,Federal Contract Tower,7,22,12,0,41,0,3,15,0,18,7,25,27,0,59,26,0,26,85
06/09/2023,UNV,PA,AEA,EN,Federal Contract Tower,7,26,11,0,44,0,8,27,2,37,7,34,38,2,81,54,0,54,135
06/10/2023,UNV,PA,AEA,EN,Federal Contract Tower,8,12,5,0,25,0,4,41,4,49,8,16,46,4,74,122,0,122,196
06/11/2023,UNV,PA,AEA,EN,Federal Contract Tower,8,12,8,0,28,0,4,31,0,35,8,16,39,0,63,40,0,40,103
06/12/2023,UNV,PA,AEA,EN,Federal Contract Tower,6,19,7,0,32,0,7,0,0,7,6,26,7,0,39,0,0,0,39
06/13/2023,UNV,PA,AEA,EN,Federal Contract Tower,7,20,11,1,39,0,11,43,0,54,7,31,54,1,93,102,0,102,195
06/14/2023,UNV,PA,AEA,EN,Federal Contract Tower,5,18,9,0,32,0,6,1,0,7,5,24,10,0,39,0,0,0,39
06/15/2023,UNV,PA,AEA,EN,Federal Contract Tower,8,16,6,0,30,0,2,49,2,53,8,18,55,2,83,52,0,52,135
06/16/2023,UNV,PA,AEA,EN,Federal Contract Tower,6,21,5,0,32,0,1,0,0,1,6,22,5,0,33,0,0,0,33
06/17/2023,UNV,PA,AEA,EN,Federal Contract Tower,5,16,7,0,28,0,9,31,0,40,5,25,38,0,68,48,0,48,116
06/18/2023,UNV,PA,AEA,EN,Federal Contract Tower,8,21,7,0,36,0,7,59,1,67,8,28,66,1,103,34,0,34,137
06/19/2023,UNV,PA,AEA,EN,Federal Contract Tower,7,14,9,0,30,0,14,33,0,47,7,28,42,0,77,32,0,32,109
06/20/2023,UNV,PA,AEA,EN,Federal Contract Tower,6,20,10,0,36,0,19,39,8,66,6,39,49,8,102,74,42,116,218
06/21/2023,UNV,PA,AEA,EN,Federal Contract Tower,7,18,20,1,46,0,0,40,2,42,7,18,60,3,88,56,0,56,144
06/22/2023,UNV,PA,AEA,EN,Federal Contract Tower,7,15,13,0,35,0,0,0,0,0,7,15,13,0,35,0,0,0,35
06/23/2023,UNV,PA,AEA,EN,Federal Contract Tower,7,15,26,0,48,0,0,0,0,0,7,15,26,0,48,0,0,0,48
06/24/2023,UNV,PA,AEA,EN,Federal Contract Tower,7,14,13,4,38,0,0,13,0,13,7,14,26,4,51,6,0,6,57
06/25/2023,UNV,PA,AEA,EN,Federal Contract Tower,5,10,19,0,34,0,0,13,0,13,5,10,32,0,47,34,0,34,81
06/26/2023,UNV,PA,AEA,EN,Federal Contract Tower,5,13,12,0,30,0,2,26,1,29,5,15,38,1,59,112,0,112,171
06/27/2023,UNV,PA,AEA,EN,Federal Contract Tower,6,12,10,1,29,0,0,4,0,4,6,12,14,1,33,10,0,10,43
06/28/2023,UNV,PA,AEA,EN,Federal Contract Tower,6,18,21,0,45,0,0,9,0,9,6,18,30,0,54,36,0,36,90
06/29/2023,UNV,PA,AEA,EN,Federal Contract Tower,9,17,15,1,42,0,0,23,0,23,9,17,38,1,65,100,0,100,165
06/30/2023,UNV,PA,AEA,EN,Federal Contract Tower,7,22,24,0,53,0,2,4,0,6,7,24,28,0,59,0,0,0,59
07/01/2023,UNV,PA,AEA,EN,Federal Contract Tower,6,11,11,0,28,0,0,17,0,17,6,11,28,0,45,56,0,56,101
07/02/2023,UNV,PA,AEA,EN,Federal Contract Tower,6,17,3,0,26,0,2,0,0,2,6,19,3,0,28,0,0,0,28
07/03/2023,UNV,PA,AEA,EN,Federal Contract Tower,7,10,8,0,25,0,2,10,0,12,7,12,18,0,37,20,0,20,57
07/04/2023,UNV,PA,AEA,EN,Federal Contract Tower,5,6,5,0,16,0,2,28,0,30,5,8,33,0,46,36,0,36,82
07/05/2023,UNV,PA,AEA,EN,Federal Contract Tower,8,13,6,1,28,0,3,69,0,72,8,16,75,1,100,88,0,88,188
07/06/2023,UNV,PA,AEA,EN,Federal Contract Tower,7,19,2,0,28,0,7,45,0,52,7,26,47,0,80,68,0,68,148
07/07/2023,UNV,PA,AEA,EN,Federal Contract Tower,8,17,6,0,31,0,5,26,0,31,8,22,32,0,62,42,0,42,104
07/08/2023,UNV,PA,AEA,EN,Federal Contract Tower,8,11,16,0,35,0,9,26,0,35,8,20,42,0,70,54,0,54,124
07/09/2023,UNV,PA,AEA,EN,Federal Contract Tower,5,7,10,0,22,0,1,10,0,11,5,8,20,0,33,14,0,14,47
07/10/2023,UNV,PA,AEA,EN,Federal Contract Tower,7,15,12,1,35,0,5,26,2,33,7,20,38,3,68,58,8,66,134
07/11/2023,UNV,PA,AEA,EN,Federal Contract Tower,6,17,6,0,29,0,6,63,3,72,6,23,69,3,101,92,0,92,193
07/12/2023,UNV,PA,AEA,EN,Federal Contract Tower,6,17,17,0,40,0,6,36,4,46,6,23,53,4,86,22,0,22,108
07/13/2023,UNV,PA,AEA,EN,Federal Contract Tower,7,16,9,0,32,0,6,40,0,46,7,22,49,0,78,60,0,60,138
07/14/2023,UNV,PA,AEA,EN,Federal Contract Tower,7,20,14,0,41,0,4,42,0,46,7,24,56,0,87,58,0,58,145
07/15/2023,UNV,PA,AEA,EN,Federal Contract Tower,8,15,14,0,37,0,3,49,0,52,8,18,63,0,89,96,0,96,185
07/16/2023,UNV,PA,AEA,EN,Federal Contract Tower,7,10,10,0,27,0,5,25,0,30,7,15,35,0,57,50,0,50,107
07/17/2023,UNV,PA,AEA,EN,Federal Contract Tower,6,11,22,0,39,0,3,10,0,13,6,14,32,0,52,8,0,8,60
07/18/2023,UNV,PA,AEA,EN,Federal Contract Tower,6,14,4,5,29,0,3,20,5,28,6,17,24,10,57,72,22,94,151
07/19/2023,UNV,PA,AEA,EN,Federal Contract Tower,8,24,12,0,44,0,1,35,0,36,8,25,47,0,80,110,0,110,190
07/20/2023,UNV,PA,AEA,EN,Federal Contract Tower,7,26,12,0,45,0,2,29,2,33,7,28,41,2,78,61,0,61,139
07/21/2023,UNV,PA,AEA,EN,Federal Contract Tower,6,14,18,0,38,0,1,33,0,34,6,15,51,0,72,48,0,48,120
07/22/2023,UNV,PA,AEA,EN,Federal Contract Tower,7,19,9,0,35,0,5,73,0,78,7,24,82,0,113,68,0,68,181
07/23/2023,UNV,PA,AEA,EN,Federal Contract Tower,8,16,14,0,38,0,2,57,0,59,8,18,71,0,97,32,0,32,129
07/24/2023,UNV,PA,AEA,EN,Federal Contract Tower,6,12,8,0,26,0,2,27,0,29,6,14,35,0,55,36,0,36,91
07/25/2023,UNV,PA,AEA,EN,Federal Contract Tower,2,20,13,2,37,0,2,24,2,28,2,22,37,4,65,18,0,18,83
07/26/2023,UNV,PA,AEA,EN,Federal Contract Tower,7,21,20,1,49,0,9,30,1,40,7,30,50,2,89,10,0,10,99
07/27/2023,UNV,PA,AEA,EN,Federal Contract Tower,6,22,14,1,43,0,6,17,2,25,6,28,31,3,68,22,0,22,90
07/28/2023,UNV,PA,AEA,EN,Federal Contract Tower,7,16,18,0,41,0,2,27,0,29,7,18,45,0,70,72,0,72,142
07/29/2023,UNV,PA,AEA,EN,Federal Contract Tower,9,14,9,0,32,0,6,3,0,9,9,20,12,0,41,0,0,0,41
07/30/2023,UNV,PA,AEA,EN,Federal Contract Tower,7,12,11,1,31,0,3,43,0,46,7,15,54,1,77,44,0,44,121
07/31/2023,UNV,PA,AEA,EN,Federal Contract Tower,10,14,15,1,40,0,8,45,0,53,10,22,60,1,93,100,0,100,193
08/01/2023,UNV,PA,AEA,EN,Federal Contract Tower,8,15,13,0,36,0,10,66,1,77,8,25,79,1,113,42,0,42,155
08/02/2023,UNV,PA,AEA,EN,Federal Contract Tower,8,15,11,0,34,0,7,57,0,64,8,22,68,0,98,78,0,78,176
08/03/2023,UNV,PA,AEA,EN,Federal Contract Tower,8,14,10,0,32,0,3,38,0,41,8,17,48,0,73,72,0,72,145
08/04/2023,UNV,PA,AEA,EN,Federal Contract Tower,5,17,12,0,34,0,3,14,2,19,5,20,26,2,53,24,0,24,77
08/05/2023,UNV,PA,AEA,EN,Federal Contract Tower,7,16,15,0,38,0,0,38,1,39,7,16,53,1,77,74,0,74,151
08/06/2023,UNV,PA,AEA,EN,Federal Contract Tower,8,12,7,1,28,0,2,43,0,45,8,14,50,1,73,26,0,26,99
08/07/2023,UNV,PA,AEA,EN,Federal Contract Tower,7,12,6,0,25,0,1,3,0,4,7,13,9,0,29,0,0,0,29
08/08/2023,UNV,PA,AEA,EN,Federal Contract Tower,6,14,10,4,34,0,2,16,0,18,6,16,26,4,52,6,0,6,58
08/09/2023,UNV,PA,AEA,EN,Federal Contract Tower,8,21,20,2,51,0,64,2,0,66,8,85,22,2,117,48,6,54,171
08/10/2023,UNV,PA,AEA,EN,Federal Contract Tower,7,15,21,4,47,0,3,4,3,10,7,18,25,7,57,24,14,38,95
08/11/2023,UNV,PA,AEA,EN,Federal Contract Tower,8,20,13,0,41,0,2,36,2,40,8,22,49,2,81,22,0,22,103
08/12/2023,UNV,PA,AEA,EN,Federal Contract Tower,7,17,5,0,29,0,2,35,0,37,7,19,40,0,66,32,0,32,98
08/13/2023,UNV,PA,AEA,EN,Federal Contract Tower,6,14,6,0,26,0,5,11,3,19,6,19,17,3,45,14,0,14,59
08/14/2023,UNV,PA,AEA,EN,Federal Contract Tower,4,14,6,0,24,0,2,24,0,26,4,16,30,0,50,32,0,32,82
08/15/2023,UNV,PA,AEA,EN,Federal Contract Tower,7,21,7,4,39,0,5,18,2,25,7,26,25,6,64,36,20,56,120
08/16/2023,UNV,PA,AEA,EN,Federal Contract Tower,10,19,13,0,42,0,1,34,2,37,10,20,47,2,79,90,0,90,169
08/17/2023,UNV,PA,AEA,EN,Federal Contract Tower,8,21,13,0,42,0,7,32,2,41,8,28,45,2,83,18,0,18,101
08/18/2023,UNV,PA,AEA,EN,Federal Contract Tower,9,19,9,0,37,0,1,7,0,8,9,20,16,0,45,12,0,12,57
08/19/2023,UNV,PA,AEA,EN,Federal Contract Tower,11,14,2,0,27,0,2,46,0,48,11,16,48,0,75,28,0,28,103
08/20/2023,UNV,PA,AEA,EN,Federal Contract Tower,7,12,18,0,37,0,2,44,0,46,7,14,62,0,83,20,0,20,103
08/21/2023,UNV,PA,AEA,EN,Federal Contract Tower,7,11,9,0,27,0,3,27,0,30,7,14,36,0,57,58,0,58,115
08/23/2023,UNV,PA,AEA,EN,Federal Contract Tower,10,15,4,0,29,0,0,25,0,25,10,15,29,0,54,22,0,22,76
08/24/2023,UNV,PA,AEA,EN,Federal Contract Tower,9,15,5,0,29,0,2,4,0,6,9,17,9,0,35,16,0,16,51
08/25/2023,UNV,PA,AEA,EN,Federal Contract Tower,8,18,19,1,46,0,7,22,2,31,8,25,41,3,77,72,2,74,151
08/26/2023,UNV,PA,AEA,EN,Federal Contract Tower,9,15,10,1,35,0,14,29,7,50,9,29,39,8,85,38,2,40,125
08/27/2023,UNV,PA,AEA,EN,Federal Contract Tower,7,12,6,0,25,0,4,43,0,47,7,16,49,0,72,48,0,48,120
08/28/2023,UNV,PA,AEA,EN,Federal Contract Tower,9,16,9,0,34,0,1,12,0,13,9,17,21,0,47,0,0,0,47
08/29/2023,UNV,PA,AEA,EN,Federal Contract Tower,8,22,5,4,39,0,6,19,1,26,8,28,24,5,65,16,10,26,91
08/30/2023,UNV,PA,AEA,EN,Federal Contract Tower,8,12,13,2,35,0,2,37,6,45,8,14,50,8,80,54,0,54,134
08/31/2023,UNV,PA,AEA,EN,Federal Contract Tower,8,15,11,3,37,0,2,36,5,43,8,17,47,8,80,46,12,58,138
01/01/2020,UNV,PA,AEA,EN,Federal Contract Tower,0,23,0,0,23,0,0,3,0,3,0,23,3,0,26,0,0,0,26
01/02/2020,UNV,PA,AEA,EN,Federal Contract Tower,0,32,8,0,40,0,2,17,2,21,0,34,25,2,61,8,0,8,69
01/03/2020,UNV,PA,AEA,EN,Federal Contract Tower,4,30,2,0,36,0,0,0,0,0,4,30,2,0,36,0,0,0,36
01/04/2020,UNV,PA,AEA,EN,Federal Contract Tower,4,19,3,0,26,0,2,3,0,5,4,21,6,0,31,4,0,4,35
01/05/2020,UNV,PA,AEA,EN,Federal Contract Tower,0,23,2,0,25,0,2,3,0,5,0,25,5,0,30,6,0,6,36
01/06/2020,UNV,PA,AEA,EN,Federal Contract Tower,2,28,2,0,32,0,7,5,0,12,2,35,7,0,44,0,0,0,44
01/07/2020,UNV,PA,AEA,EN,Federal Contract Tower,0,30,5,0,35,0,0,7,0,7,0,30,12,0,42,0,0,0,42
01/08/2020,UNV,PA,AEA,EN,Federal Contract Tower,3,28,0,0,31,0,0,0,0,0,3,28,0,0,31,0,0,0,31
01/09/2020,UNV,PA,AEA,EN,Federal Contract Tower,0,32,5,2,39,0,4,22,0,26,0,36,27,2,65,0,0,0,65
01/10/2020,UNV,PA,AEA,EN,Federal Contract Tower,3,35,6,0,44,0,0,1,2,3,3,35,7,2,47,0,0,0,47
01/11/2020,UNV,PA,AEA,EN,Federal Contract Tower,3,20,9,0,32,0,7,0,0,7,3,27,9,0,39,0,0,0,39
01/12/2020,UNV,PA,AEA,EN,Federal Contract Tower,0,29,5,0,34,0,2,12,0,14,0,31,17,0,48,16,0,16,64
01/13/2020,UNV,PA,AEA,EN,Federal Contract Tower,2,27,7,0,36,0,6,47,0,53,2,33,54,0,89,46,0,46,135
01/14/2020,UNV,PA,AEA,EN,Federal Contract Tower,0,33,5,0,38,0,0,0,0,0,0,33,5,0,38,0,0,0,38
01/15/2020,UNV,PA,AEA,EN,Federal Contract Tower,2,40,9,0,51,0,0,28,2,30,2,40,37,2,81,10,8,18,99
01/16/2020,UNV,PA,AEA,EN,Federal Contract Tower,0,32,2,0,34,0,0,0,0,0,0,32,2,0,34,0,0,0,34
01/17/2020,UNV,PA,AEA,EN,Federal Contract Tower,3,33,14,6,56,0,10,50,2,62,3,43,64,8,118,24,0,24,142
01/18/2020,UNV,PA,AEA,EN,Federal Contract Tower,4,24,0,0,28,0,0,0,0,0,4,24,0,0,28,0,0,0,28
01/19/2020,UNV,PA,AEA,EN,Federal Contract Tower,0,24,9,0,33,0,1,3,0,4,0,25,12,0,37,2,0,2,39
01/20/2020,UNV,PA,AEA,EN,Federal Contract Tower,2,37,11,0,50,0,8,14,0,22,2,45,25,0,72,0,0,0,72
01/21/2020,UNV,PA,AEA,EN,Federal Contract Tower,0,33,1,0,34,0,6,17,0,23,0,39,18,0,57,20,0,20,77
01/22/2020,UNV,PA,AEA,EN,Federal Contract Tower,2,42,5,0,49,0,0,39,0,39,2,42,44,0,88,32,0,32,120
01/23/2020,UNV,PA,AEA,EN,Federal Contract Tower,0,39,11,0,50,0,10,40,2,52,0,49,51,2,102,14,0,14,116
01/24/2020,UNV,PA,AEA,EN,Federal Contract Tower,2,37,8,0,47,0,0,22,0,22,2,37,30,0,69,70,0,70,139
01/25/2020,UNV,PA,AEA,EN,Federal Contract Tower,2,24,2,0,28,0,0,2,0,2,2,24,4,0,30,0,0,0,30
01/26/2020,UNV,PA,AEA,EN,Federal Contract Tower,0,29,3,0,32,0,7,9,0,16,0,36,12,0,48,0,0,0,48
01/27/2020,UNV,PA,AEA,EN,Federal Contract Tower,2,29,8,0,39,0,2,5,0,7,2,31,13,0,46,14,0,14,60
01/28/2020,UNV,PA,AEA,EN,Federal Contract Tower,0,29,10,0,39,0,2,6,0,8,0,31,16,0,47,18,0,18,65
01/29/2020,UNV,PA,AEA,EN,Federal Contract Tower,2,35,17,0,54,0,2,27,0,29,2,37,44,0,83,12,0,12,95
01/30/2020,UNV,PA,AEA,EN,Federal Contract Tower,1,39,17,0,57,0,0,22,2,24,1,39,39,2,81,24,0,24,105
02/01/2020,UNV,PA,AEA,EN,Federal Contract Tower,3,23,2,0,28,0,0,20,0,20,3,23,22,0,48,36,0,36,84
02/02/2020,UNV,PA,AEA,EN,Federal Contract Tower,0,26,2,0,28,0,0,0,0,0,0,26,2,0,28,0,0,0,28
02/03/2020,UNV,PA,AEA,EN,Federal Contract Tower,2,31,13,0,46,0,10,27,0,37,2,41,40,0,83,18,0,18,101
02/04/2020,UNV,PA,AEA,EN,Federal Contract Tower,0,28,5,0,33,0,0,5,0,5,0,28,10,0,38,6,0,6,44
02/05/2020,UNV,PA,AEA,EN,Federal Contract Tower,2,32,4,0,38,0,4,19,2,25,2,36,23,2,63,32,0,32,95
02/06/2020,UNV,PA,AEA,EN,Federal Contract Tower,0,33,13,0,46,0,0,0,0,0,0,33,13,0,46,0,0,0,46
02/07/2020,UNV,PA,AEA,EN,Federal Contract Tower,3,29,3,0,35,0,0,4,0,4,3,29,7,0,39,8,0,8,47
02/08/2020,UNV,PA,AEA,EN,Federal Contract Tower,5,25,10,0,40,0,2,14,0,16,5,27,24,0,56,16,0,16,72
02/09/2020,UNV,PA,AEA,EN,Federal Contract Tower,2,21,5,0,28,0,0,26,0,26,2,21,31,0,54,36,0,36,90
02/10/2020,UNV,PA,AEA,EN,Federal Contract Tower,2,35,13,0,50,0,0,1,0,1,2,35,14,0,51,0,0,0,51
02/11/2020,UNV,PA,AEA,EN,Federal Contract Tower,0,35,8,0,43,0,0,6,0,6,0,35,14,0,49,26,0,26,75
02/12/2020,UNV,PA,AEA,EN,Federal Contract Tower,4,35,9,0,48,0,7,31,0,38,4,42,40,0,86,32,0,32,118
02/13/2020,UNV,PA,AEA,EN,Federal Contract Tower,0,34,6,0,40,0,0,2,0,2,0,34,8,0,42,0,0,0,42
02/14/2020,UNV,PA,AEA,EN,Federal Contract Tower,0,35,9,0,44,0,8,22,0,30,0,43,31,0,74,40,0,40,114
02/15/2020,UNV,PA,AEA,EN,Federal Contract Tower,4,25,13,0,42,0,11,47,0,58,4,36,60,0,100,46,0,46,146
02/16/2020,UNV,PA,AEA,EN,Federal Contract Tower,1,25,5,0,31,0,3,24,0,27,1,28,29,0,58,34,0,34,92
02/17/2020,UNV,PA,AEA,EN,Federal Contract Tower,2,28,11,0,41,0,5,47,0,52,2,33,58,0,93,20,0,20,113
02/18/2020,UNV,PA,AEA,EN,Federal Contract Tower,2,29,8,0,39,0,0,0,0,0,2,29,8,0,39,0,0,0,39
02/19/2020,UNV,PA,AEA,EN,Federal Contract Tower,4,36,12,0,52,0,2,16,4,22,4,38,28,4,74,30,6,36,110
02/20/2020,UNV,PA,AEA,EN,Federal Contract Tower,2,30,9,4,45,0,2,17,2,21,2,32,26,6,66,16,0,16,82
02/21/2020,UNV,PA,AEA,EN,Federal Contract Tower,0,31,18,0,49,0,1,51,0,52,0,32,69,0,101,8,0,8,109
02/22/2020,UNV,PA,AEA,EN,Federal Contract Tower,5,33,9,0,47,0,4,66,4,74,5,37,75,4,121,24,0,24,145
02/23/2020,UNV,PA,AEA,EN,Federal Contract Tower,0,24,2,0,26,0,3,53,0,56,0,27,55,0,82,42,0,42,124
02/24/2020,UNV,PA,AEA,EN,Federal Contract Tower,0,33,6,2,41,0,1,32,0,33,0,34,38,2,74,42,0,42,116
02/25/2020,UNV,PA,AEA,EN,Federal Contract Tower,0,27,9,0,36,0,0,2,0,2,0,27,11,0,38,24,0,24,62
02/26/2020,UNV,PA,AEA,EN,Federal Contract Tower,7,26,7,0,40,0,0,2,0,2,7,26,9,0,42,0,0,0,42
02/27/2020,UNV,PA,AEA,EN,Federal Contract Tower,3,32,6,0,41,0,2,0,0,2,3,34,6,0,43,0,0,0,43
02/28/2020,UNV,PA,AEA,EN,Federal Contract Tower,1,31,13,0,45,0,4,16,0,20,1,35,29,0,65,30,0,30,95
02/29/2020,UNV,PA,AEA,EN,Federal Contract Tower,7,24,6,0,37,0,2,3,0,5,7,26,9,0,42,0,0,0,42
03/01/2020,UNV,PA,AEA,EN,Federal Contract Tower,2,24,8,0,34,0,7,43,0,50,2,31,51,0,84,24,0,24,108
03/02/2020,UNV,PA,AEA,EN,Federal Contract Tower,1,29,8,0,38,0,4,30,2,36,1,33,38,2,74,36,0,36,110
03/03/2020,UNV,PA,AEA,EN,Federal Contract Tower,0,32,20,0,52,0,6,0,0,6,0,38,20,0,58,0,0,0,58
03/04/2020,UNV,PA,AEA,EN,Federal Contract Tower,5,31,8,2,46,0,2,15,4,21,5,33,23,6,67,58,0,58,125
03/05/2020,UNV,PA,AEA,EN,Federal Contract Tower,0,32,8,2,42,0,0,53,0,53,0,32,61,2,95,46,0,46,141
03/06/2020,UNV,PA,AEA,EN,Federal Contract Tower,0,32,12,2,46,0,0,3,0,3,0,32,15,2,49,0,0,0,49
03/07/2020,UNV,PA,AEA,EN,Federal Contract Tower,4,27,8,0,39,0,2,24,0,26,4,29,32,0,65,50,0,50,115
03/08/2020,UNV,PA,AEA,EN,Federal Contract Tower,0,25,7,0,32,0,2,42,0,44,0,27,49,0,76,12,0,12,88
03/09/2020,UNV,PA,AEA,EN,Federal Contract Tower,0,26,7,0,33,0,3,34,0,37,0,29,41,0,70,14,0,14,84
03/10/2020,UNV,PA,AEA,EN,Federal Contract Tower,0,30,1,0,31,0,0,3,0,3,0,30,4,0,34,10,0,10,44
03/11/2020,UNV,PA,AEA,EN,Federal Contract Tower,4,31,7,5,47,0,11,17,2,30,4,42,24,7,77,54,0,54,131
03/12/2020,UNV,PA,AEA,EN,Federal Contract Tower,0,34,7,0,41,0,10,13,2,25,0,44,20,2,66,46,0,46,112
03/14/2020,UNV,PA,AEA,EN,Federal Contract Tower,4,21,7,0,32,0,6,47,0,53,4,27,54,0,85,20,0,20,105
03/15/2020,UNV,PA,AEA,EN,Federal Contract Tower,0,27,5,0,32,0,2,30,0,32,0,29,35,0,64,38,0,38,102
03/16/2020,UNV,PA,AEA,EN,Federal Contract Tower,0,28,8,0,36,0,4,27,0,31,0,32,35,0,67,18,0,18,85
03/17/2020,UNV,PA,AEA,EN,Federal Contract Tower,0,27,4,0,31,0,1,0,0,1,0,28,4,0,32,0,0,0,32
03/18/2020,UNV,PA,AEA,EN,Federal Contract Tower,3,30,6,0,39,0,2,39,0,41,3,32,45,0,80,40,0,40,120
03/19/2020,UNV,PA,AEA,EN,Federal Contract Tower,0,29,8,0,37,0,0,0,0,0,0,29,8,0,37,0,0,0,37
03/20/2020,UNV,PA,AEA,EN,Federal Contract Tower,2,29,9,1,41,0,0,6,1,7,2,29,15,2,48,8,0,8,56
03/21/2020,UNV,PA,AEA,EN,Federal Contract Tower,2,23,2,0,27,0,2,12,0,14,2,25,14,0,41,2,0,2,43
03/22/2020,UNV,PA,AEA,EN,Federal Contract Tower,0,14,4,0,18,0,3,41,0,44,0,17,45,0,62,48,0,48,110
03/23/2020,UNV,PA,AEA,EN,Federal Contract Tower,0,18,0,0,18,0,0,0,0,0,0,18,0,0,18,0,0,0,18
03/24/2020,UNV,PA,AEA,EN,Federal Contract Tower,0,18,2,0,20,0,15,17,0,32,0,33,19,0,52,36,0,36,88
03/25/2020,UNV,PA,AEA,EN,Federal Contract Tower,0,24,1,0,25,0,0,0,0,0,0,24,1,0,25,0,0,0,25
03/26/2020,UNV,PA,AEA,EN,Federal Contract Tower,0,16,0,0,16,0,0,19,0,19,0,16,19,0,35,12,0,12,47
03/27/2020,UNV,PA,AEA,EN,Federal Contract Tower,0,22,1,0,23,0,2,19,0,21,0,24,20,0,44,16,0,16,60
03/28/2020,UNV,PA,AEA,EN,Federal Contract Tower,0,15,1,0,16,0,0,0,0,0,0,15,1,0,16,0,0,0,16
03/29/2020,UNV,PA,AEA,EN,Federal Contract Tower,0,18,2,0,20,0,0,0,0,0,0,18,2,0,20,0,0,0,20
03/30/2020,UNV,PA,AEA,EN,Federal Contract Tower,0,19,1,0,20,0,0,1,0,1,0,19,2,0,21,0,0,0,21
03/31/2020,UNV,PA,AEA,EN,Federal Contract Tower,0,17,1,0,18,0,3,7,0,10,0,20,8,0,28,20,0,20,48
04/01/2020,UNV,PA,AEA,EN,Federal Contract Tower,0,20,0,0,20,0,4,5,0,9,0,24,5,0,29,16,0,16,45
04/02/2020,UNV,PA,AEA,EN,Federal Contract Tower,0,28,2,0,30,0,2,7,0,9,0,30,9,0,39,0,0,0,39
04/03/2020,UNV,PA,AEA,EN,Federal Contract Tower,0,14,2,0,16,0,10,2,0,12,0,24,4,0,28,0,0,0,28
04/04/2020,UNV,PA,AEA,EN,Federal Contract Tower,0,15,3,0,18,0,0,22,0,22,0,15,25,0,40,16,0,16,56
04/05/2020,UNV,PA,AEA,EN,Federal Contract Tower,0,15,5,0,20,0,8,14,0,22,0,23,19,0,42,18,0,18,60
04/06/2020,UNV,PA,AEA,EN,Federal Contract Tower,0,16,7,0,23,0,4,35,0,39,0,20,42,0,62,58,0,58,120
04/07/2020,UNV,PA,AEA,EN,Federal Contract Tower,0,22,7,0,29,0,6,24,0,30,0,28,31,0,59,94,0,94,153
04/08/2020,UNV,PA,AEA,EN,Federal Contract Tower,0,22,1,0,23,0,5,17,0,22,0,27,18,0,45,16,0,16,61
04/09/2020,UNV,PA,AEA,EN,Federal Contract Tower,0,20,0,0,20,0,0,0,0,0,0,20,0,0,20,0,0,0,20
04/10/2020,UNV,PA,AEA,EN,Federal Contract Tower,0,12,2,0,14,0,0,0,0,0,0,12,2,0,14,0,0,0,14
04/11/2020,UNV,PA,AEA,EN,Federal Contract Tower,0,11,2,0,13,0,2,29,0,31,0,13,31,0,44,20,0,20,64
04/12/2020,UNV,PA,AEA,EN,Federal Contract Tower,0,8,2,0,10,0,0,25,0,25,0,8,27,0,35,26,0,26,61
04/13/2020,UNV,PA,AEA,EN,Federal Contract Tower,0,9,0,0,9,0,0,0,0,0,0,9,0,0,9,0,0,0,9
04/14/2020,UNV,PA,AEA,EN,Federal Contract Tower,0,18,7,0,25,0,1,29,0,30,0,19,36,0,55,26,0,26,81
04/15/2020,UNV,PA,AEA,EN,Federal Contract Tower,0,13,6,0,19,0,4,38,0,42,0,17,44,0,61,34,0,34,95
04/16/2020,UNV,PA,AEA,EN,Federal Contract Tower,0,12,2,0,14,0,0,8,0,8,0,12,10,0,22,0,0,0,22
04/17/2020,UNV,PA,AEA,EN,Federal Contract Tower,0,11,3,0,14,0,0,12,0,12,0,11,15,0,26,14,0,14,40
04/18/2020,UNV,PA,AEA,EN,Federal Contract Tower,0,5,2,0,7,0,0,10,0,10,0,5,12,0,17,8,0,8,25
04/19/2020,UNV,PA,AEA,EN,Federal Contract Tower,0,5,2,0,7,0,4,29,0,33,0,9,31,0,40,42,0,42,82
04/20/2020,UNV,PA,AEA,EN,Federal Contract Tower,0,14,2,0,16,0,8,53,0,61,0,22,55,0,77,110,0,110,187
04/21/2020,UNV,PA,AEA,EN,Federal Contract Tower,0,15,2,0,17,0,2,0,0,2,0,17,2,0,19,0,0,0,19
04/22/2020,UNV,PA,AEA,EN,Federal Contract Tower,0,17,2,2,21,0,2,6,0,8,0,19,8,2,29,0,0,0,29
04/23/2020,UNV,PA,AEA,EN,Federal Contract Tower,0,16,4,4,24,0,5,34,0,39,0,21,38,4,63,84,0,84,147
04/24/2020,UNV,PA,AEA,EN,Federal Contract Tower,0,18,3,0,21,0,0,0,0,0,0,18,3,0,21,0,0,0,21
04/25/2020,UNV,PA,AEA,EN,Federal Contract Tower,0,11,7,0,18,0,3,20,0,23,0,14,27,0,41,14,0,14,55
04/26/2020,UNV,PA,AEA,EN,Federal Contract Tower,0,10,2,0,12,0,0,0,0,0,0,10,2,0,12,0,0,0,12
04/27/2020,UNV,PA,AEA,EN,Federal Contract Tower,0,14,2,0,16,0,2,8,2,12,0,16,10,2,28,4,0,4,32
04/28/2020,UNV,PA,AEA,EN,Federal Contract Tower,0,16,7,4,27,0,4,20,0,24,0,20,27,4,51,120,0,120,171
04/29/2020,UNV,PA,AEA,EN,Federal Contract Tower,0,24,0,2,26,0,5,2,0,7,0,29,2,2,33,10,0,10,43
04/30/2020,UNV,PA,AEA,EN,Federal Contract Tower,0,19,11,0,30,0,0,0,0,0,0,19,11,0,30,0,0,0,30
05/01/2020,UNV,PA,AEA,EN,Federal Contract Tower,0,13,6,0,19,0,2,38,0,40,0,15,44,0,59,68,0,68,127
05/02/2020,UNV,PA,AEA,EN,Federal Contract Tower,0,5,6,0,11,0,2,72,0,74,0,7,78,0,85,62,0,62,147
05/03/2020,UNV,PA,AEA,EN,Federal Contract Tower,0,5,4,0,9,0,5,19,0,24,0,10,23,0,33,62,0,62,95
05/04/2020,UNV,PA,AEA,EN,Federal Contract Tower,0,14,3,0,17,0,6,26,0,32,0,20,29,0,49,14,0,14,63
05/05/2020,UNV,PA,AEA,EN,Federal Contract Tower,0,13,0,4,17,0,7,31,2,40,0,20,31,6,57,122,0,122,179
05/06/2020,UNV,PA,AEA,EN,Federal Contract Tower,0,14,1,0,15,0,0,0,0,0,0,14,1,0,15,0,0,0,15
05/07/2020,UNV,PA,AEA,EN,Federal Contract Tower,0,19,1,2,22,0,5,20,0,25,0,24,21,2,47,42,10,52,99
05/08/2020,UNV,PA,AEA,EN,Federal Contract Tower,0,19,2,0,21,0,0,0,0,0,0,19,2,0,21,0,0,0,21
05/09/2020,UNV,PA,AEA,EN,Federal Contract Tower,2,6,0,0,8,0,1,0,0,1,2,7,0,0,9,0,0,0,9
05/10/2020,UNV,PA,AEA,EN,Federal Contract Tower,0,17,4,0,21,0,4,26,0,30,0,21,30,0,51,24,0,24,75
05/11/2020,UNV,PA,AEA,EN,Federal Contract Tower,0,11,0,2,13,0,8,0,0,8,0,19,0,2,21,0,0,0,21
05/12/2020,UNV,PA,AEA,EN,Federal Contract Tower,0,13,2,0,15,0,3,17,0,20,0,16,19,0,35,28,0,28,63
05/13/2020,UNV,PA,AEA,EN,Federal Contract Tower,0,17,5,4,26,0,2,65,6,73,0,19,70,10,99,70,12,82,181
05/14/2020,UNV,PA,AEA,EN,Federal Contract Tower,0,16,6,4,26,0,2,48,4,54,0,18,54,8,80,68,16,84,164
05/15/2020,UNV,PA,AEA,EN,Federal Contract Tower,2,15,5,0,22,0,3,21,0,24,2,18,26,0,46,20,0,20,66
05/16/2020,UNV,PA,AEA,EN,Federal Contract Tower,2,5,5,2,14,0,5,38,2,45,2,10,43,4,59,86,2,88,147
05/17/2020,UNV,PA,AEA,EN,Federal Contract Tower,0,9,6,0,15,0,2,2,0,4,0,11,8,0,19,6,0,6,25
05/18/2020,UNV,PA,AEA,EN,Federal Contract Tower,2,12,0,2,16,0,3,12,0,15,2,15,12,2,31,32,0,32,63
05/19/2020,UNV,PA,AEA,EN,Federal Contract Tower,0,14,3,0,17,0,7,14,2,23,0,21,17,2,40,20,4,24,64
05/20/2020,UNV,PA,AEA,EN,Federal Contract Tower,0,16,7,0,23,0,2,23,0,25,0,18,30,0,48,88,0,88,136
05/21/2020,UNV,PA,AEA,EN,Federal Contract Tower,0,17,4,4,25,0,14,32,2,48,0,31,36,6,73,126,0,126,199
05/22/2020,UNV,PA,AEA,EN,Federal Contract Tower,2,27,17,0,46,0,7,0,0,7,2,34,17,0,53,0,0,0,53
05/23/2020,UNV,PA,AEA,EN,Federal Contract Tower,0,6,3,0,9,0,2,24,0,26,0,8,27,0,35,76,0,76,111
05/24/2020,UNV,PA,AEA,EN,Federal Contract Tower,0,10,4,0,14,0,9,6,0,15,0,19,10,0,29,14,0,14,43
05/25/2020,UNV,PA,AEA,EN,Federal Contract Tower,2,12,5,0,19,0,9,25,0,34,2,21,30,0,53,26,0,26,79
05/26/2020,UNV,PA,AEA,EN,Federal Contract Tower,0,9,8,0,17,0,4,44,2,50,0,13,52,2,67,62,0,62,129
05/27/2020,UNV,PA,AEA,EN,Federal Contract Tower,0,14,5,0,19,0,11,31,6,48,0,25,36,6,67,162,2,164,231
05/28/2020,UNV,PA,AEA,EN,Federal Contract Tower,0,16,5,0,21,0,0,0,0,0,0,16,5,0,21,0,0,0,21
05/29/2020,UNV,PA,AEA,EN,Federal Contract Tower,2,17,7,0,26,0,1,10,0,11,2,18,17,0,37,32,0,32,69
05/30/2020,UNV,PA,AEA,EN,Federal Contract Tower,2,6,4,0,12,0,5,38,0,43,2,11,42,0,55,106,0,106,161
05/31/2020,UNV,PA,AEA,EN,Federal Contract Tower,0,11,2,2,15,0,0,36,0,36,0,11,38,2,51,54,0,54,105
06/01/2020,UNV,PA,AEA,EN,Federal Contract Tower,2,14,6,0,22,0,2,26,0,28,2,16,32,0,50,70,0,70,120
06/02/2020,UNV,PA,AEA,EN,Federal Contract Tower,0,13,7,0,20,0,7,21,0,28,0,20,28,0,48,8,0,8,56
06/03/2020,UNV,PA,AEA,EN,Federal Contract Tower,2,17,1,0,20,0,3,6,0,9,2,20,7,0,29,0,0,0,29
06/04/2020,UNV,PA,AEA,EN,Federal Contract Tower,0,12,3,2,17,0,1,11,0,12,0,13,14,2,29,54,0,54,83
06/05/2020,UNV,PA,AEA,EN,Federal Contract Tower,2,15,6,0,23,0,5,11,0,16,2,20,17,0,39,24,0,24,63
06/06/2020,UNV,PA,AEA,EN,Federal Contract Tower,2,5,4,0,11,0,3,44,4,51,2,8,48,4,62,52,0,52,114
06/07/2020,UNV,PA,AEA,EN,Federal Contract Tower,0,11,10,0,21,0,4,39,0,43,0,15,49,0,64,26,0,26,90
06/08/2020,UNV,PA,AEA,EN,Federal Contract Tower,2,12,4,0,18,0,4,60,0,64,2,16,64,0,82,36,0,36,118
06/09/2020,UNV,PA,AEA,EN,Federal Contract Tower,0,10,9,2,21,0,12,42,8,62,0,22,51,10,83,60,10,70,153
06/10/2020,UNV,PA,AEA,EN,Federal Contract Tower,2,15,9,0,26,0,7,9,0,16,2,22,18,0,42,36,0,36,78
06/11/2020,UNV,PA,AEA,EN,Federal Contract Tower,0,15,2,2,19,0,3,29,7,39,0,18,31,9,58,30,6,36,94
06/12/2020,UNV,PA,AEA,EN,Federal Contract Tower,2,13,19,4,38,0,7,35,1,43,2,20,54,5,81,10,14,24,105
06/13/2020,UNV,PA,AEA,EN,Federal Contract Tower,2,4,0,0,6,0,7,55,0,62,2,11,55,0,68,48,0,48,116
06/14/2020,UNV,PA,AEA,EN,Federal Contract Tower,0,8,8,0,16,0,4,32,0,36,0,12,40,0,52,50,0,50,102
06/15/2020,UNV,PA,AEA,EN,Federal Contract Tower,2,13,4,0,19,0,10,40,0,50,2,23,44,0,69,72,0,72,141
06/17/2020,UNV,PA,AEA,EN,Federal Contract Tower,2,13,4,2,21,0,10,21,0,31,2,23,25,2,52,58,0,58,110
06/18/2020,UNV,PA,AEA,EN,Federal Contract Tower,0,16,3,0,19,0,2,32,0,34,0,18,35,0,53,14,0,14,67
06/19/2020,UNV,PA,AEA,EN,Federal Contract Tower,2,16,7,0,25,0,0,6,0,6,2,16,13,0,31,16,0,16,47
06/20/2020,UNV,PA,AEA,EN,Federal Contract Tower,2,7,11,0,20,0,1,18,0,19,2,8,29,0,39,44,0,44,83
06/21/2020,UNV,PA,AEA,EN,Federal Contract Tower,0,9,5,0,14,0,6,24,0,30,0,15,29,0,44,32,0,32,76
06/22/2020,UNV,PA,AEA,EN,Federal Contract Tower,2,12,1,0,15,0,11,25,0,36,2,23,26,0,51,12,0,12,63
06/23/2020,UNV,PA,AEA,EN,Federal Contract Tower,0,11,2,0,13,0,3,3,0,6,0,14,5,0,19,0,0,0,19
06/24/2020,UNV,PA,AEA,EN,Federal Contract Tower,2,15,3,0,20,0,6,28,2,36,2,21,31,2,56,38,0,38,94
06/25/2020,UNV,PA,AEA,EN,Federal Contract Tower,0,14,11,0,25,0,2,31,0,33,0,16,42,0,58,102,0,102,160
06/26/2020,UNV,PA,AEA,EN,Federal Contract Tower,2,20,10,0,32,0,0,52,0,52,2,20,62,0,84,80,0,80,164
06/27/2020,UNV,PA,AEA,EN,Federal Contract Tower,2,6,3,0,11,0,6,3,0,9,2,12,6,0,20,12,0,12,32
06/28/2020,UNV,PA,AEA,EN,Federal Contract Tower,0,8,13,0,21,0,5,43,0,48,0,13,56,0,69,56,0,56,125
06/29/2020,UNV,PA,AEA,EN,Federal Contract Tower,2,12,9,2,25,0,4,32,0,36,2,16,41,2,61,40,0,40,101
06/30/2020,UNV,PA,AEA,EN,Federal Contract Tower,0,12,5,0,17,0,5,47,0,52,0,17,52,0,69,46,0,46,115
07/01/2020,UNV,PA,AEA,EN,Federal Contract Tower,2,17,11,0,30,0,15,32,0,47,2,32,43,0,77,42,0,42,119
07/02/2020,UNV,PA,AEA,EN,Federal Contract Tower,0,17,6,0,23,0,1,41,0,42,0,18,47,0,65,50,0,50,115
07/03/2020,UNV,PA,AEA,EN,Federal Contract Tower,2,11,1,0,14,0,5,37,0,42,2,16,38,0,56,28,0,28,84
07/04/2020,UNV,PA,AEA,EN,Federal Contract Tower,2,6,3,0,11,0,8,18,0,26,2,14,21,0,37,4,0,4,41
07/05/2020,UNV,PA,AEA,EN,Federal Contract Tower,0,10,8,0,18,0,2,13,0,15,0,12,21,0,33,16,0,16,49
07/06/2020,UNV,PA,AEA,EN,Federal Contract Tower,2,10,11,0,23,0,6,28,0,34,2,16,39,0,57,42,0,42,99
07/07/2020,UNV,PA,AEA,EN,Federal Contract Tower,0,20,6,2,28,0,2,13,0,15,0,22,19,2,43,0,4,4,47
07/08/2020,UNV,PA,AEA,EN,Federal Contract Tower,2,19,9,0,30,0,2,6,0,8,2,21,15,0,38,16,0,16,54
07/09/2020,UNV,PA,AEA,EN,Federal Contract Tower,0,20,5,0,25,0,4,27,0,31,0,24,32,0,56,26,0,26,82
07/10/2020,UNV,PA,AEA,EN,Federal Contract Tower,2,22,11,0,35,0,2,26,0,28,2,24,37,0,63,30,0,30,93
07/11/2020,UNV,PA,AEA,EN,Federal Contract Tower,2,20,6,0,28,0,7,11,0,18,2,27,17,0,46,12,0,12,58
07/12/2020,UNV,PA,AEA,EN,Federal Contract Tower,0,16,4,0,20,0,3,39,0,42,0,19,43,0,62,32,0,32,94
07/13/2020,UNV,PA,AEA,EN,Federal Contract Tower,2,17,4,0,23,0,4,25,0,29,2,21,29,0,52,52,0,52,104
07/14/2020,UNV,PA,AEA,EN,Federal Contract Tower,0,21,13,0,34,0,12,54,0,66,0,33,67,0,100,10,0,10,110
07/15/2020,UNV,PA,AEA,EN,Federal Contract Tower,2,21,12,2,37,0,4,59,0,63,2,25,71,2,100,70,0,70,170
07/16/2020,UNV,PA,AEA,EN,Federal Contract Tower,0,25,10,0,35,0,9,3,0,12,0,34,13,0,47,10,0,10,57
07/17/2020,UNV,PA,AEA,EN,Federal Contract Tower,2,21,3,0,26,0,0,28,0,28,2,21,31,0,54,70,0,70,124
07/18/2020,UNV,PA,AEA,EN,Federal Contract Tower,2,18,9,0,29,0,12,67,0,79,2,30,76,0,108,68,0,68,176
07/19/2020,UNV,PA,AEA,EN,Federal Contract Tower,0,21,0,0,21,0,4,27,0,31,0,25,27,0,52,12,0,12,64
07/20/2020,UNV,PA,AEA,EN,Federal Contract Tower,2,23,5,0,30,0,5,23,0,28,2,28,28,0,58,16,0,16,74
07/21/2020,UNV,PA,AEA,EN,Federal Contract Tower,0,28,1,0,29,0,11,32,0,43,0,39,33,0,72,62,0,62,134
07/22/2020,UNV,PA,AEA,EN,Federal Contract Tower,2,20,2,0,24,0,3,2,0,5,2,23,4,0,29,0,0,0,29
07/23/2020,UNV,PA,AEA,EN,Federal Contract Tower,0,25,11,0,36,0,6,20,0,26,0,31,31,0,62,68,0,68,130
07/24/2020,UNV,PA,AEA,EN,Federal Contract Tower,2,26,16,2,46,0,3,27,0,30,2,29,43,2,76,20,10,30,106
07/25/2020,UNV,PA,AEA,EN,Federal Contract Tower,2,16,2,0,20,0,2,43,0,45,2,18,45,0,65,32,0,32,97
07/26/2020,UNV,PA,AEA,EN,Federal Contract Tower,0,15,9,0,24,0,6,45,0,51,0,21,54,0,75,22,0,22,97
07/27/2020,UNV,PA,AEA,EN,Federal Contract Tower,2,17,4,0,23,0,3,31,0,34,2,20,35,0,57,32,0,32,89
07/29/2020,UNV,PA,AEA,EN,Federal Contract Tower,2,24,9,2,37,0,9,49,0,58,2,33,58,2,95,34,0,34,129
07/30/2020,UNV,PA,AEA,EN,Federal Contract Tower,0,19,16,0,35,0,8,34,0,42,0,27,50,0,77,66,0,66,143
07/31/2020,UNV,PA,AEA,EN,Federal Contract Tower,2,19,13,0,34,0,10,26,0,36,2,29,39,0,70,40,0,40,110
08/01/2020,UNV,PA,AEA,EN,Federal Contract Tower,2,14,2,0,18,0,0,47,0,47,2,14,49,0,65,32,0,32,97
08/02/2020,UNV,PA,AEA,EN,Federal Contract Tower,0,20,15,0,35,0,5,6,0,11,0,25,21,0,46,0,0,0,46
08/03/2020,UNV,PA,AEA,EN,Federal Contract Tower,2,13,13,0,28,0,10,17,0,27,2,23,30,0,55,44,0,44,99
08/04/2020,UNV,PA,AEA,EN,Federal Contract Tower,0,15,8,0,23,0,2,3,0,5,0,17,11,0,28,6,0,6,34
08/05/2020,UNV,PA,AEA,EN,Federal Contract Tower,2,16,6,4,28,0,3,50,0,53,2,19,56,4,81,36,0,36,117
08/06/2020,UNV,PA,AEA,EN,Federal Contract Tower,0,18,10,0,28,0,0,31,0,31,0,18,41,0,59,14,0,14,73
08/07/2020,UNV,PA,AEA,EN,Federal Contract Tower,2,20,7,0,29,0,3,3,0,6,2,23,10,0,35,0,0,0,35
08/08/2020,UNV,PA,AEA,EN,Federal Contract Tower,2,17,16,0,35,0,1,21,0,22,2,18,37,0,57,22,0,22,79
08/09/2020,UNV,PA,AEA,EN,Federal Contract Tower,0,18,5,0,23,0,6,51,0,57,0,24,56,0,80,46,0,46,126
08/10/2020,UNV,PA,AEA,EN,Federal Contract Tower,2,15,6,0,23,0,2,49,0,51,2,17,55,0,74,48,0,48,122
08/11/2020,UNV,PA,AEA,EN,Federal Contract Tower,0,15,10,0,25,0,4,23,0,27,0,19,33,0,52,30,0,30,82
08/12/2020,UNV,PA,AEA,EN,Federal Contract Tower,2,14,3,0,19,0,8,24,0,32,2,22,27,0,51,26,0,26,77
08/13/2020,UNV,PA,AEA,EN,Federal Contract Tower,0,20,7,0,27,0,5,30,6,41,0,25,37,6,68,32,0,32,100
08/14/2020,UNV,PA,AEA,EN,Federal Contract Tower,2,21,16,0,39,0,3,38,0,41,2,24,54,0,80,64,0,64,144
08/15/2020,UNV,PA,AEA,EN,Federal Contract Tower,2,14,4,0,20,0,4,60,0,64,2,18,64,0,84,72,0,72,156
08/16/2020,UNV,PA,AEA,EN,Federal Contract Tower,0,16,6,0,22,0,3,12,0,15,0,19,18,0,37,22,0,22,59
08/17/2020,UNV,PA,AEA,EN,Federal Contract Tower,2,19,9,0,30,0,7,20,0,27,2,26,29,0,57,78,0,78,135
08/18/2020,UNV,PA,AEA,EN,Federal Contract Tower,0,16,9,0,25,0,2,43,0,45,0,18,52,0,70,42,0,42,112
08/19/2020,UNV,PA,AEA,EN,Federal Contract Tower,0,14,5,0,19,0,0,42,0,42,0,14,47,0,61,64,0,64,125
08/20/2020,UNV,PA,AEA,EN,Federal Contract Tower,2,18,11,0,31,0,3,51,0,54,2,21,62,0,85,28,0,28,113
08/21/2020,UNV,PA,AEA,EN,Federal Contract Tower,2,24,11,0,37,0,2,48,8,58,2,26,59,8,95,36,6,42,137
08/22/2020,UNV,PA,AEA,EN,Federal Contract Tower,0,18,6,0,24,0,5,63,0,68,0,23,69,0,92,68,0,68,160
08/23/2020,UNV,PA,AEA,EN,Federal Contract Tower,2,18,11,0,31,0,2,29,0,31,2,20,40,0,62,52,0,52,114
08/24/2020,UNV,PA,AEA,EN,Federal Contract Tower,2,17,2,2,23,0,2,25,0,27,2,19,27,2,50,14,0,14,64
08/25/2020,UNV,PA,AEA,EN,Federal Contract Tower,0,17,8,3,28,0,6,14,1,21,0,23,22,4,49,44,0,44,93
08/26/2020,UNV,PA,AEA,EN,Federal Contract Tower,0,14,14,0,28,0,10,63,2,75,0,24,77,2,103,50,0,50,153
08/27/2020,UNV,PA,AEA,EN,Federal Contract Tower,0,16,2,0,18,0,0,13,0,13,0,16,15,0,31,14,0,14,45
08/28/2020,UNV,PA,AEA,EN,Federal Contract Tower,0,18,10,0,28,0,0,3,0,3,0,18,13,0,31,22,0,22,53
08/29/2020,UNV,PA,AEA,EN,Federal Contract Tower,0,13,6,0,19,0,6,15,0,21,0,19,21,0,40,30,0,30,70
08/30/2020,UNV,PA,AEA,EN,Federal Contract Tower,0,14,8,0,22,0,4,32,0,36,0,18,40,0,58,36,0,36,94
08/31/2020,UNV,PA,AEA,EN,Federal Contract Tower,0,12,4,0,16,0,0,24,0,24,0,12,28,0,40,52,0,52,92
09/02/2020,UNV,PA,AEA,EN,Federal Contract Tower,0,15,12,0,27,0,0,6,0,6,0,15,18,0,33,0,0,0,33
09/03/2020,UNV,PA,AEA,EN,Federal Contract Tower,2,23,8,0,33,0,6,22,0,28,2,29,30,0,61,50,0,50,111
09/04/2020,UNV,PA,AEA,EN,Federal Contract Tower,2,18,18,0,38,0,5,45,0,50,2,23,63,0,88,58,0,58,146
09/05/2020,UNV,PA,AEA,EN,Federal Contract Tower,0,12,7,0,19,0,3,40,0,43,0,15,47,0,62,42,0,42,104
09/06/2020,UNV,PA,AEA,EN,Federal Contract Tower,2,11,4,0,17,0,11,34,0,45,2,22,38,0,62,26,0,26,88
09/07/2020,UNV,PA,AEA,EN,Federal Contract Tower,2,13,6,0,21,0,4,22,0,26,2,17,28,0,47,92,0,92,139
09/08/2020,UNV,PA,AEA,EN,Federal Contract Tower,0,16,9,0,25,0,12,56,0,68,0,28,65,0,93,102,0,102,195
09/09/2020,UNV,PA,AEA,EN,Federal Contract Tower,0,20,12,0,32,0,9,39,2,50,0,29,51,2,82,54,0,54,136
09/10/2020,UNV,PA,AEA,EN,Federal Contract Tower,2,20,9,0,31,0,1,33,0,34,2,21,42,0,65,22,0,22,87
09/11/2020,UNV,PA,AEA,EN,Federal Contract Tower,0,20,11,5,36,0,6,31,4,41,0,26,42,9,77,66,10,76,153
09/12/2020,UNV,PA,AEA,EN,Federal Contract Tower,0,15,18,0,33,0,6,7,0,13,0,21,25,0,46,3,0,3,49
09/13/2020,UNV,PA,AEA,EN,Federal Contract Tower,2,19,11,0,32,0,2,10,0,12,2,21,21,0,44,18,0,18,62
09/14/2020,UNV,PA,AEA,EN,Federal Contract Tower,0,20,4,0,24,0,5,34,0,39,0,25,38,0,63,80,0,80,143
09/15/2020,UNV,PA,AEA,EN,Federal Contract Tower,0,15,4,3,22,0,2,48,1,51,0,17,52,4,73,48,0,48,121
09/16/2020,UNV,PA,AEA,EN,Federal Contract Tower,0,21,7,10,38,0,4,26,0,30,0,25,33,10,68,62,0,62,130
09/17/2020,UNV,PA,AEA,EN,Federal Contract Tower,2,22,7,0,31,0,5,37,0,42,2,27,44,0,73,52,0,52,125
09/18/2020,UNV,PA,AEA,EN,Federal Contract Tower,0,24,13,0,37,0,6,25,0,31,0,30,38,0,68,12,0,12,80
09/19/2020,UNV,PA,AEA,EN,Federal Contract Tower,0,13,2,0,15,0,11,45,0,56,0,24,47,0,71,38,0,38,109
09/20/2020,UNV,PA,AEA,EN,Federal Contract Tower,2,15,8,0,25,0,2,52,0,54,2,17,60,0,79,14,0,14,93
09/21/2020,UNV,PA,AEA,EN,Federal Contract Tower,0,18,8,0,26,0,7,21,0,28,0,25,29,0,54,2,0,2,56
09/22/2020,UNV,PA,AEA,EN,Federal Contract Tower,0,15,15,1,31,0,3,18,1,22,0,18,33,2,53,40,20,60,113
09/23/2020,UNV,PA,AEA,EN,Federal Contract Tower,0,21,9,3,33,0,8,21,1,30,0,29,30,4,63,20,0,20,83
09/24/2020,UNV,PA,AEA,EN,Federal Contract Tower,2,29,9,0,40,0,2,34,0,36,2,31,43,0,76,58,0,58,134
09/25/2020,UNV,PA,AEA,EN,Federal Contract Tower,0,27,6,0,33,0,9,34,0,43,0,36,40,0,76,50,0,50,126
09/26/2020,UNV,PA,AEA,EN,Federal Contract Tower,0,15,14,0,29,0,3,16,0,19,0,18,30,0,48,28,0,28,76
09/27/2020,UNV,PA,AEA,EN,Federal Contract Tower,2,19,13,0,34,0,4,44,0,48,2,23,57,0,82,46,0,46,128
09/28/2020,UNV,PA,AEA,EN,Federal Contract Tower,0,17,7,0,24,0,3,30,0,33,0,20,37,0,57,108,0,108,165
09/29/2020,UNV,PA,AEA,EN,Federal Contract Tower,0,16,7,0,23,0,2,0,0,2,0,18,7,0,25,0,0,0,25
09/30/2020,UNV,PA,AEA,EN,Federal Contract Tower,0,21,7,0,28,0,7,38,0,45,0,28,45,0,73,20,0,20,93
10/01/2020,UNV,PA,AEA,EN,Federal Contract Tower,2,24,16,2,44,0,4,47,3,54,2,28,63,5,98,36,20,56,154
10/02/2020,UNV,PA,AEA,EN,Federal Contract Tower,0,25,11,0,36,0,10,46,0,56,0,35,57,0,92,134,0,134,226
10/03/2020,UNV,PA,AEA,EN,Federal Contract Tower,0,15,6,0,21,0,2,67,0,69,0,17,73,0,90,60,0,60,150
10/04/2020,UNV,PA,AEA,EN,Federal Contract Tower,2,19,14,0,35,0,7,28,2,37,2,26,42,2,72,40,0,40,112
10/05/2020,UNV,PA,AEA,EN,Federal Contract Tower,0,20,20,0,40,0,4,22,0,26,0,24,42,0,66,68,0,68,134
10/06/2020,UNV,PA,AEA,EN,Federal Contract Tower,0,15,5,0,20,0,3,42,0,45,0,18,47,0,65,48,0,48,113
10/07/2020,UNV,PA,AEA,EN,Federal Contract Tower,0,22,7,0,29,0,6,11,2,19,0,28,18,2,48,22,0,22,70
10/08/2020,UNV,PA,AEA,EN,Federal Contract Tower,2,23,5,0,30,0,0,46,0,46,2,23,51,0,76,20,0,20,96
10/09/2020,UNV,PA,AEA,EN,Federal Contract Tower,0,22,9,2,33,0,4,58,0,62,0,26,67,2,95,130,0,130,225
10/10/2020,UNV,PA,AEA,EN,Federal Contract Tower,0,11,7,0,18,0,5,50,0,55,0,16,57,0,73,56,0,56,129
10/11/2020,UNV,PA,AEA,EN,Federal Contract Tower,2,15,15,0,32,0,1,6,0,7,2,16,21,0,39,12,0,12,51
10/12/2020,UNV,PA,AEA,EN,Federal Contract Tower,0,22,9,0,31,0,0,0,0,0,0,22,9,0,31,0,0,0,31
10/13/2020,UNV,PA,AEA,EN,Federal Contract Tower,0,17,7,0,24,0,0,15,0,15,0,17,22,0,39,64,0,64,103
10/14/2020,UNV,PA,AEA,EN,Federal Contract Tower,0,17,11,1,29,0,4,43,4,51,0,21,54,5,80,130,14,144,224
10/15/2020,UNV,PA,AEA,EN,Federal Contract Tower,2,25,5,2,34,0,4,29,1,34,2,29,34,3,68,40,8,48,116
10/16/2020,UNV,PA,AEA,EN,Federal Contract Tower,0,23,4,0,27,0,2,17,0,19,0,25,21,0,46,36,0,36,82
10/17/2020,UNV,PA,AEA,EN,Federal Contract Tower,0,13,3,0,16,0,0,70,0,70,0,13,73,0,86,34,0,34,120
10/18/2020,UNV,PA,AEA,EN,Federal Contract Tower,2,13,8,0,23,0,7,41,0,48,2,20,49,0,71,60,0,60,131
10/19/2020,UNV,PA,AEA,EN,Federal Contract Tower,0,24,2,0,26,0,6,13,0,19,0,30,15,0,45,30,0,30,75
10/20/2020,UNV,PA,AEA,EN,Federal Contract Tower,0,17,11,0,28,0,8,6,0,14,0,25,17,0,42,16,0,16,58
10/21/2020,UNV,PA,AEA,EN,Federal Contract Tower,0,19,9,0,28,0,5,38,0,43,0,24,47,0,71,36,0,36,107
10/22/2020,UNV,PA,AEA,EN,Federal Contract Tower,2,29,8,0,39,0,3,46,0,49,2,32,54,0,88,84,0,84,172
10/23/2020,UNV,PA,AEA,EN,Federal Contract Tower,2,24,10,4,40,0,5,43,0,48,2,29,53,4,88,48,0,48,136
10/24/2020,UNV,PA,AEA,EN,Federal Contract Tower,0,12,5,0,17,0,3,20,0,23,0,15,25,0,40,38,0,38,78
10/25/2020,UNV,PA,AEA,EN,Federal Contract Tower,2,16,15,0,33,0,3,36,0,39,2,19,51,0,72,26,0,26,98
10/26/2020,UNV,PA,AEA,EN,Federal Contract Tower,0,19,15,0,34,0,0,0,0,0,0,19,15,0,34,0,0,0,34
10/27/2020,UNV,PA,AEA,EN,Federal Contract Tower,0,13,9,2,24,0,5,19,2,26,0,18,28,4,50,58,0,58,108
10/28/2020,UNV,PA,AEA,EN,Federal Contract Tower,0,17,14,0,31,0,0,0,0,0,0,17,14,0,31,0,0,0,31
10/29/2020,UNV,PA,AEA,EN,Federal Contract Tower,0,22,2,0,24,0,0,0,0,0,0,22,2,0,24,0,0,0,24
10/30/2020,UNV,PA,AEA,EN,Federal Contract Tower,2,23,1,0,26,0,0,9,0,9,2,23,10,0,35,32,0,32,67
10/31/2020,UNV,PA,AEA,EN,Federal Contract Tower,0,20,8,0,28,0,5,41,0,46,0,25,49,0,74,16,0,16,90
11/01/2020,UNV,PA,AEA,EN,Federal Contract Tower,0,16,5,0,21,0,0,8,0,8,0,16,13,0,29,0,0,0,29
11/02/2020,UNV,PA,AEA,EN,Federal Contract Tower,0,22,0,0,22,0,0,16,0,16,0,22,16,0,38,8,0,8,46
11/03/2020,UNV,PA,AEA,EN,Federal Contract Tower,0,14,5,2,21,0,5,20,0,25,0,19,25,2,46,80,8,88,134
11/04/2020,UNV,PA,AEA,EN,Federal Contract Tower,0,11,7,0,18,0,5,38,2,45,0,16,45,2,63,92,2,94,157
11/05/2020,UNV,PA,AEA,EN,Federal Contract Tower,0,32,4,0,36,0,9,34,0,43,0,41,38,0,79,88,0,88,167
11/06/2020,UNV,PA,AEA,EN,Federal Contract Tower,0,25,7,0,32,0,5,52,0,57,0,30,59,0,89,74,0,74,163
11/07/2020,UNV,PA,AEA,EN,Federal Contract Tower,0,15,6,0,21,0,10,56,0,66,0,25,62,0,87,14,0,14,101
11/08/2020,UNV,PA,AEA,EN,Federal Contract Tower,0,16,5,0,21,0,3,83,0,86,0,19,88,0,107,62,0,62,169
11/09/2020,UNV,PA,AEA,EN,Federal Contract Tower,0,21,1,2,24,0,3,49,0,52,0,24,50,2,76,104,10,114,190
11/10/2020,UNV,PA,AEA,EN,Federal Contract Tower,0,19,0,0,19,0,3,31,4,38,0,22,31,4,57,84,0,84,141
11/11/2020,UNV,PA,AEA,EN,Federal Contract Tower,0,15,2,0,17,0,0,0,0,0,0,15,2,0,17,0,0,0,17
11/12/2020,UNV,PA,AEA,EN,Federal Contract Tower,0,27,8,0,35,0,7,38,0,45,0,34,46,0,80,62,0,62,142
11/13/2020,UNV,PA,AEA,EN,Federal Contract Tower,2,25,7,1,35,0,2,53,3,58,2,27,60,4,93,62,2,64,157
11/14/2020,UNV,PA,AEA,EN,Federal Contract Tower,2,18,10,0,30,0,4,74,0,78,2,22,84,0,108,154,0,154,262
11/15/2020,UNV,PA,AEA,EN,Federal Contract Tower,0,21,2,0,23,0,2,1,0,3,0,23,3,0,26,0,0,0,26
11/16/2020,UNV,PA,AEA,EN,Federal Contract Tower,0,20,0,1,21,0,7,15,0,22,0,27,15,1,43,34,0,34,77
11/17/2020,UNV,PA,AEA,EN,Federal Contract Tower,0,20,8,0,28,0,2,6,0,8,0,22,14,0,36,0,0,0,36
11/18/2020,UNV,PA,AEA,EN,Federal Contract Tower,0,15,8,0,23,0,4,36,2,42,0,19,44,2,65,28,0,28,93
11/19/2020,UNV,PA,AEA,EN,Federal Contract Tower,0,30,3,0,33,0,0,42,2,44,0,30,45,2,77,80,0,80,157
11/20/2020,UNV,PA,AEA,EN,Federal Contract Tower,3,23,14,0,40,0,6,52,0,58,3,29,66,0,98,106,0,106,204
11/21/2020,UNV,PA,AEA,EN,Federal Contract Tower,3,17,12,0,32,0,8,40,0,48,3,25,52,0,80,68,0,68,148
11/22/2020,UNV,PA,AEA,EN,Federal Contract Tower,0,15,5,0,20,0,3,16,0,19,0,18,21,0,39,86,0,86,125
11/23/2020,UNV,PA,AEA,EN,Federal Contract Tower,2,13,5,0,20,0,6,7,0,13,2,19,12,0,33,0,0,0,33
11/24/2020,UNV,PA,AEA,EN,Federal Contract Tower,2,21,8,0,31,0,2,40,2,44,2,23,48,2,75,70,2,72,147
11/25/2020,UNV,PA,AEA,EN,Federal Contract Tower,2,20,6,0,28,0,4,17,0,21,2,24,23,0,49,50,0,50,99
11/26/2020,UNV,PA,AEA,EN,Federal Contract Tower,0,8,0,0,8,0,3,0,0,3,0,11,0,0,11,0,0,0,11
11/27/2020,UNV,PA,AEA,EN,Federal Contract Tower,2,15,4,0,21,0,4,19,0,23,2,19,23,0,44,52,0,52,96
11/28/2020,UNV,PA,AEA,EN,Federal Contract Tower,4,17,3,0,24,0,4,27,0,31,4,21,30,0,55,86,0,86,141
11/29/2020,UNV,PA,AEA,EN,Federal Contract Tower,2,25,6,0,33,0,4,49,0,53,2,29,55,0,86,22,0,22,108
11/30/2020,UNV,PA,AEA,EN,Federal Contract Tower,0,26,6,0,32,0,2,1,0,3,0,28,7,0,35,0,0,0,35
12/01/2020,UNV,PA,AEA,EN,Federal Contract Tower,1,20,2,0,23,0,0,0,0,0,1,20,2,0,23,0,0,0,23
12/02/2020,UNV,PA,AEA,EN,Federal Contract Tower,1,16,3,0,20,0,2,5,0,7,1,18,8,0,27,2,0,2,29
12/03/2020,UNV,PA,AEA,EN,Federal Contract Tower,0,28,10,1,39,0,15,53,2,70,0,43,63,3,109,30,14,44,153
12/04/2020,UNV,PA,AEA,EN,Federal Contract Tower,2,21,6,0,29,0,1,27,0,28,2,22,33,0,57,32,0,32,89
12/05/2020,UNV,PA,AEA,EN,Federal Contract Tower,4,11,2,0,17,0,3,8,0,11,4,14,10,0,28,18,0,18,46
12/06/2020,UNV,PA,AEA,EN,Federal Contract Tower,0,15,6,0,21,0,0,12,0,12,0,15,18,0,33,13,0,13,46
12/07/2020,UNV,PA,AEA,EN,Federal Contract Tower,4,17,3,0,24,0,0,17,0,17,4,17,20,0,41,14,0,14,55
12/08/2020,UNV,PA,AEA,EN,Federal Contract Tower,0,17,5,0,22,0,3,26,0,29,0,20,31,0,51,76,0,76,127
12/09/2020,UNV,PA,AEA,EN,Federal Contract Tower,0,17,6,0,23,0,2,2,0,4,0,19,8,0,27,0,0,0,27
12/10/2020,UNV,PA,AEA,EN,Federal Contract Tower,0,21,13,0,34,0,7,41,0,48,0,28,54,0,82,112,0,112,194
12/11/2020,UNV,PA,AEA,EN,Federal Contract Tower,3,21,7,4,35,0,3,57,2,62,3,24,64,6,97,36,0,36,133
12/12/2020,UNV,PA,AEA,EN,Federal Contract Tower,5,14,5,0,24,0,3,34,0,37,5,17,39,0,61,64,0,64,125
12/13/2020,UNV,PA,AEA,EN,Federal Contract Tower,2,13,13,0,28,0,4,12,0,16,2,17,25,0,44,36,0,36,80
12/14/2020,UNV,PA,AEA,EN,Federal Contract Tower,2,20,6,0,28,0,1,0,0,1,2,21,6,0,29,0,0,0,29
12/15/2020,UNV,PA,AEA,EN,Federal Contract Tower,0,21,4,2,27,0,10,44,10,64,0,31,48,12,91,80,0,80,171
12/16/2020,UNV,PA,AEA,EN,Federal Contract Tower,0,5,0,0,5,0,0,4,0,4,0,5,4,0,9,10,0,10,19
12/17/2020,UNV,PA,AEA,EN,Federal Contract Tower,0,16,1,0,17,0,4,0,0,4,0,20,1,0,21,0,0,0,21
12/18/2020,UNV,PA,AEA,EN,Federal Contract Tower,3,19,8,0,30,0,0,0,0,0,3,19,8,0,30,0,0,0,30
12/19/2020,UNV,PA,AEA,EN,Federal Contract Tower,2,15,4,0,21,0,0,10,0,10,2,15,14,0,31,12,0,12,43
12/20/2020,UNV,PA,AEA,EN,Federal Contract Tower,0,13,3,0,16,0,0,2,0,2,0,13,5,0,18,0,0,0,18
12/21/2020,UNV,PA,AEA,EN,Federal Contract Tower,2,17,5,4,28,0,0,10,0,10,2,17,15,4,38,108,0,108,146
12/22/2020,UNV,PA,AEA,EN,Federal Contract Tower,2,19,2,0,23,0,1,2,0,3,2,20,4,0,26,0,0,0,26
12/23/2020,UNV,PA,AEA,EN,Federal Contract Tower,4,22,14,0,40,0,2,48,0,50,4,24,62,0,90,128,0,128,218
12/24/2020,UNV,PA,AEA,EN,Federal Contract Tower,2,17,2,0,21,0,0,0,0,0,2,17,2,0,21,0,0,0,21
12/25/2020,UNV,PA,AEA,EN,Federal Contract Tower,2,3,0,0,5,0,0,0,0,0,2,3,0,0,5,0,0,0,5
12/26/2020,UNV,PA,AEA,EN,Federal Contract Tower,4,11,0,0,15,0,2,2,0,4,4,13,2,0,19,2,0,2,21
12/27/2020,UNV,PA,AEA,EN,Federal Contract Tower,2,12,7,0,21,0,4,30,0,34,2,16,37,0,55,52,0,52,107
12/28/2020,UNV,PA,AEA,EN,Federal Contract Tower,2,15,10,0,27,0,11,5,0,16,2,26,15,0,43,24,0,24,67
12/29/2020,UNV,PA,AEA,EN,Federal Contract Tower,2,20,15,4,41,0,5,20,2,27,2,25,35,6,68,8,2,10,78
12/30/2020,UNV,PA,AEA,EN,Federal Contract Tower,2,22,2,0,26,0,0,17,0,17,2,22,19,0,43,0,0,0,43
12/31/2020,UNV,PA,AEA,EN,Federal Contract Tower,2,11,4,0,17,0,2,0,0,2,2,13,4,0,19,0,0,0,19
01/01/2021,UNV,PA,AEA,EN,Federal Contract Tower,1,5,0,0,6,0,3,4,0,7,1,8,4,0,13,0,0,0,13
01/02/2021,UNV,PA,AEA,EN,Federal Contract Tower,3,14,2,0,19,0,3,2,0,5,3,17,4,0,24,6,0,6,30
01/03/2021,UNV,PA,AEA,EN,Federal Contract Tower,4,13,3,0,20,0,0,0,0,0,4,13,3,0,20,0,0,0,20
01/04/2021,UNV,PA,AEA,EN,Federal Contract Tower,0,16,2,0,18,0,0,41,0,41,0,16,43,0,59,20,0,20,79
01/05/2021,UNV,PA,AEA,EN,Federal Contract Tower,2,17,5,0,24,0,2,2,0,4,2,19,7,0,28,0,0,0,28
01/06/2021,UNV,PA,AEA,EN,Federal Contract Tower,2,14,4,0,20,0,4,17,0,21,2,18,21,0,41,18,0,18,59
01/07/2021,UNV,PA,AEA,EN,Federal Contract Tower,0,19,6,7,32,0,4,34,4,42,0,23,40,11,74,84,14,98,172
01/08/2021,UNV,PA,AEA,EN,Federal Contract Tower,0,19,5,2,26,0,5,26,0,31,0,24,31,2,57,34,0,34,91
01/09/2021,UNV,PA,AEA,EN,Federal Contract Tower,4,15,7,0,26,0,5,44,4,53,4,20,51,4,79,60,0,60,139
01/10/2021,UNV,PA,AEA,EN,Federal Contract Tower,0,11,4,0,15,0,10,29,0,39,0,21,33,0,54,50,0,50,104
01/11/2021,UNV,PA,AEA,EN,Federal Contract Tower,0,17,4,0,21,0,3,23,0,26,0,20,27,0,47,42,0,42,89
01/12/2021,UNV,PA,AEA,EN,Federal Contract Tower,0,15,4,2,21,0,4,24,4,32,0,19,28,6,53,72,0,72,125
01/13/2021,UNV,PA,AEA,EN,Federal Contract Tower,2,15,11,0,28,0,5,23,0,28,2,20,34,0,56,76,0,76,132
01/14/2021,UNV,PA,AEA,EN,Federal Contract Tower,0,17,5,0,22,0,10,39,0,49,0,27,44,0,71,42,0,42,113
01/15/2021,UNV,PA,AEA,EN,Federal Contract Tower,2,20,6,0,28,0,2,6,0,8,2,22,12,0,36,18,0,18,54
01/16/2021,UNV,PA,AEA,EN,Federal Contract Tower,4,15,7,0,26,0,3,12,0,15,4,18,19,0,41,12,0,12,53
01/17/2021,UNV,PA,AEA,EN,Federal Contract Tower,0,15,3,0,18,0,4,0,0,4,0,19,3,0,22,0,0,0,22
01/18/2021,UNV,PA,AEA,EN,Federal Contract Tower,2,15,1,0,18,0,0,2,0,2,2,15,3,0,20,0,0,0,20
01/19/2021,UNV,PA,AEA,EN,Federal Contract Tower,0,14,1,0,15,0,10,10,0,20,0,24,11,0,35,14,0,14,49
01/20/2021,UNV,PA,AEA,EN,Federal Contract Tower,3,18,3,0,24,0,0,2,0,2,3,18,5,0,26,26,0,26,52
01/21/2021,UNV,PA,AEA,EN,Federal Contract Tower,0,19,3,0,22,0,0,29,2,31,0,19,32,2,53,44,0,44,97
01/22/2021,UNV,PA,AEA,EN,Federal Contract Tower,3,19,6,0,28,0,3,12,0,15,3,22,18,0,43,4,0,4,47
01/23/2021,UNV,PA,AEA,EN,Federal Contract Tower,2,12,0,0,14,0,3,8,0,11,2,15,8,0,25,14,0,14,39
01/24/2021,UNV,PA,AEA,EN,Federal Contract Tower,1,13,4,0,18,0,7,50,0,57,1,20,54,0,75,76,0,76,151
01/25/2021,UNV,PA,AEA,EN,Federal Contract Tower,3,17,3,2,25,0,2,16,0,18,3,19,19,2,43,30,0,30,73
01/26/2021,UNV,PA,AEA,EN,Federal Contract Tower,0,22,5,0,27,0,0,0,0,0,0,22,5,0,27,0,0,0,27
01/27/2021,UNV,PA,AEA,EN,Federal Contract Tower,4,27,19,0,50,0,16,11,0,27,4,43,30,0,77,36,0,36,113
01/28/2021,UNV,PA,AEA,EN,Federal Contract Tower,0,24,2,2,28,0,6,12,0,18,0,30,14,2,46,2,0,2,48
01/29/2021,UNV,PA,AEA,EN,Federal Contract Tower,2,21,4,0,27,0,8,0,0,8,2,29,4,0,35,0,0,0,35
01/30/2021,UNV,PA,AEA,EN,Federal Contract Tower,4,17,4,0,25,0,2,71,0,73,4,19,75,0,98,56,0,56,154
01/31/2021,UNV,PA,AEA,EN,Federal Contract Tower,0,15,0,0,15,0,0,0,0,0,0,15,0,0,15,0,0,0,15
02/01/2021,UNV,PA,AEA,EN,Federal Contract Tower,3,10,0,0,13,0,0,0,0,0,3,10,0,0,13,0,0,0,13
02/02/2021,UNV,PA,AEA,EN,Federal Contract Tower,0,10,3,0,13,0,0,0,0,0,0,10,3,0,13,0,0,0,13
02/03/2021,UNV,PA,AEA,EN,Federal Contract Tower,4,19,4,0,27,0,6,0,0,6,4,25,4,0,33,0,0,0,33
02/04/2021,UNV,PA,AEA,EN,Federal Contract Tower,2,26,0,0,28,0,2,42,0,44,2,28,42,0,72,62,0,62,134
02/05/2021,UNV,PA,AEA,EN,Federal Contract Tower,2,19,7,0,28,0,1,2,0,3,2,20,9,0,31,0,0,0,31
02/06/2021,UNV,PA,AEA,EN,Federal Contract Tower,3,12,8,0,23,0,5,11,0,16,3,17,19,0,39,0,0,0,39
02/07/2021,UNV,PA,AEA,EN,Federal Contract Tower,0,12,4,0,16,0,2,9,0,11,0,14,13,0,27,18,0,18,45
02/08/2021,UNV,PA,AEA,EN,Federal Contract Tower,4,18,0,1,23,0,4,26,4,34,4,22,26,5,57,22,12,34,91
02/09/2021,UNV,PA,AEA,EN,Federal Contract Tower,2,15,1,0,18,0,0,6,0,6,2,15,7,0,24,0,0,0,24
02/10/2021,UNV,PA,AEA,EN,Federal Contract Tower,3,20,6,0,29,0,1,20,2,23,3,21,26,2,52,30,0,30,82
02/11/2021,UNV,PA,AEA,EN,Federal Contract Tower,0,19,3,0,22,0,2,6,0,8,0,21,9,0,30,0,0,0,30
02/12/2021,UNV,PA,AEA,EN,Federal Contract Tower,4,22,3,2,31,0,6,25,0,31,4,28,28,2,62,18,0,18,80
02/13/2021,UNV,PA,AEA,EN,Federal Contract Tower,2,13,2,0,17,0,1,7,0,8,2,14,9,0,25,42,0,42,67
02/14/2021,UNV,PA,AEA,EN,Federal Contract Tower,0,11,7,0,18,0,3,0,0,3,0,14,7,0,21,6,0,6,27
02/15/2021,UNV,PA,AEA,EN,Federal Contract Tower,0,10,1,0,11,0,0,0,0,0,0,10,1,0,11,0,0,0,11
02/16/2021,UNV,PA,AEA,EN,Federal Contract Tower,1,13,2,0,16,0,6,0,0,6,1,19,2,0,22,2,0,2,24
02/17/2021,UNV,PA,AEA,EN,Federal Contract Tower,1,22,10,0,33,0,7,37,0,44,1,29,47,0,77,6,0,6,83
02/18/2021,UNV,PA,AEA,EN,Federal Contract Tower,0,17,1,0,18,0,0,0,0,0,0,17,1,0,18,0,0,0,18
02/19/2021,UNV,PA,AEA,EN,Federal Contract Tower,2,16,4,0,22,0,3,5,0,8,2,19,9,0,30,20,0,20,50
02/20/2021,UNV,PA,AEA,EN,Federal Contract Tower,2,13,5,0,20,0,5,12,0,17,2,18,17,0,37,2,0,2,39
02/21/2021,UNV,PA,AEA,EN,Federal Contract Tower,0,14,10,0,24,0,1,36,0,37,0,15,46,0,61,34,0,34,95
02/22/2021,UNV,PA,AEA,EN,Federal Contract Tower,2,14,0,0,16,0,0,0,0,0,2,14,0,0,16,0,0,0,16
02/23/2021,UNV,PA,AEA,EN,Federal Contract Tower,1,14,2,2,19,0,0,2,6,8,1,14,4,8,27,6,0,6,33
02/24/2021,UNV,PA,AEA,EN,Federal Contract Tower,2,16,5,0,23,0,11,25,0,36,2,27,30,0,59,16,0,16,75
02/25/2021,UNV,PA,AEA,EN,Federal Contract Tower,1,18,10,0,29,0,2,48,0,50,1,20,58,0,79,18,0,18,97
02/26/2021,UNV,PA,AEA,EN,Federal Contract Tower,2,17,4,0,23,0,2,49,0,51,2,19,53,0,74,32,0,32,106
02/27/2021,UNV,PA,AEA,EN,Federal Contract Tower,0,14,12,0,26,0,2,2,0,4,0,16,14,0,30,0,0,0,30
02/28/2021,UNV,PA,AEA,EN,Federal Contract Tower,0,11,4,0,15,0,2,0,0,2,0,13,4,0,17,0,0,0,17
03/01/2021,UNV,PA,AEA,EN,Federal Contract Tower,2,14,6,0,22,0,0,2,0,2,2,14,8,0,24,0,0,0,24
03/02/2021,UNV,PA,AEA,EN,Federal Contract Tower,1,18,3,0,22,0,9,43,0,52,1,27,46,0,74,50,0,50,124
03/03/2021,UNV,PA,AEA,EN,Federal Contract Tower,0,18,6,2,26,0,5,60,0,65,0,23,66,2,91,80,0,80,171
03/04/2021,UNV,PA,AEA,EN,Federal Contract Tower,2,21,4,0,27,0,5,18,0,23,2,26,22,0,50,22,0,22,72
03/05/2021,UNV,PA,AEA,EN,Federal Contract Tower,2,20,10,0,32,0,0,7,0,7,2,20,17,0,39,6,0,6,45
03/06/2021,UNV,PA,AEA,EN,Federal Contract Tower,0,12,6,0,18,0,3,11,0,14,0,15,17,0,32,38,0,38,70
03/07/2021,UNV,PA,AEA,EN,Federal Contract Tower,1,14,16,0,31,0,2,58,0,60,1,16,74,0,91,28,0,28,119
03/08/2021,UNV,PA,AEA,EN,Federal Contract Tower,2,15,7,0,24,0,4,25,0,29,2,19,32,0,53,68,0,68,121
03/09/2021,UNV,PA,AEA,EN,Federal Contract Tower,2,19,11,0,32,0,6,25,0,31,2,25,36,0,63,68,0,68,131
03/10/2021,UNV,PA,AEA,EN,Federal Contract Tower,0,18,9,0,27,0,9,50,0,59,0,27,59,0,86,80,0,80,166
03/11/2021,UNV,PA,AEA,EN,Federal Contract Tower,2,20,7,0,29,0,2,17,2,21,2,22,24,2,50,16,0,16,66
03/12/2021,UNV,PA,AEA,EN,Federal Contract Tower,6,18,4,2,30,0,2,31,4,37,6,20,35,6,67,30,0,30,97
03/13/2021,UNV,PA,AEA,EN,Federal Contract Tower,0,11,7,0,18,0,1,66,2,69,0,12,73,2,87,124,0,124,211
03/14/2021,UNV,PA,AEA,EN,Federal Contract Tower,0,14,7,2,23,0,3,8,0,11,0,17,15,2,34,0,0,0,34
03/15/2021,UNV,PA,AEA,EN,Federal Contract Tower,0,19,3,0,22,0,2,38,0,40,0,21,41,0,62,84,0,84,146
03/16/2021,UNV,PA,AEA,EN,Federal Contract Tower,2,14,2,0,18,0,9,0,0,9,2,23,2,0,27,0,0,0,27
03/17/2021,UNV,PA,AEA,EN,Federal Contract Tower,0,17,12,2,31,0,4,26,0,30,0,21,38,2,61,28,0,28,89
03/18/2021,UNV,PA,AEA,EN,Federal Contract Tower,0,21,2,0,23,0,0,0,0,0,0,21,2,0,23,0,0,0,23
03/19/2021,UNV,PA,AEA,EN,Federal Contract Tower,2,18,4,2,26,0,2,27,0,29,2,20,31,2,55,22,0,22,77
03/20/2021,UNV,PA,AEA,EN,Federal Contract Tower,0,12,4,2,18,0,0,73,0,73,0,12,77,2,91,38,0,38,129
03/21/2021,UNV,PA,AEA,EN,Federal Contract Tower,0,15,12,0,27,0,11,65,0,76,0,26,77,0,103,102,0,102,205
03/22/2021,UNV,PA,AEA,EN,Federal Contract Tower,1,17,5,0,23,0,9,23,0,32,1,26,28,0,55,20,0,20,75
03/23/2021,UNV,PA,AEA,EN,Federal Contract Tower,0,19,10,1,30,0,9,24,1,34,0,28,34,2,64,62,4,66,130
03/24/2021,UNV,PA,AEA,EN,Federal Contract Tower,0,20,7,0,27,0,0,0,0,0,0,20,7,0,27,0,0,0,27
03/25/2021,UNV,PA,AEA,EN,Federal Contract Tower,0,26,7,2,35,0,2,14,0,16,0,28,21,2,51,26,0,26,77
03/26/2021,UNV,PA,AEA,EN,Federal Contract Tower,2,21,9,0,32,0,2,6,0,8,2,23,15,0,40,4,0,4,44
03/27/2021,UNV,PA,AEA,EN,Federal Contract Tower,0,11,17,0,28,0,4,58,0,62,0,15,75,0,90,64,0,64,154
03/28/2021,UNV,PA,AEA,EN,Federal Contract Tower,0,15,1,0,16,0,0,0,0,0,0,15,1,0,16,0,0,0,16
03/29/2021,UNV,PA,AEA,EN,Federal Contract Tower,2,21,0,0,23,0,7,13,0,20,2,28,13,0,43,10,0,10,53
03/30/2021,UNV,PA,AEA,EN,Federal Contract Tower,0,24,2,0,26,0,3,40,2,45,0,27,42,2,71,24,0,24,95
03/31/2021,UNV,PA,AEA,EN,Federal Contract Tower,0,25,20,0,45,0,0,2,0,2,0,25,22,0,47,10,0,10,57
04/01/2021,UNV,PA,AEA,EN,Federal Contract Tower,0,19,10,0,29,0,0,2,0,2,0,19,12,0,31,0,0,0,31
04/02/2021,UNV,PA,AEA,EN,Federal Contract Tower,2,17,9,0,28,0,2,17,6,25,2,19,26,6,53,8,0,8,61
04/03/2021,UNV,PA,AEA,EN,Federal Contract Tower,0,12,8,0,20,0,4,63,0,67,0,16,71,0,87,42,0,42,129
04/04/2021,UNV,PA,AEA,EN,Federal Contract Tower,0,12,3,0,15,0,5,18,0,23,0,17,21,0,38,22,0,22,60
04/05/2021,UNV,PA,AEA,EN,Federal Contract Tower,2,16,11,0,29,0,0,37,0,37,2,16,48,0,66,80,0,80,146
04/06/2021,UNV,PA,AEA,EN,Federal Contract Tower,0,19,11,0,30,0,2,47,0,49,0,21,58,0,79,138,0,138,217
04/07/2021,UNV,PA,AEA,EN,Federal Contract Tower,0,15,8,0,23,0,9,31,0,40,0,24,39,0,63,26,0,26,89
04/08/2021,UNV,PA,AEA,EN,Federal Contract Tower,0,22,7,5,34,0,4,32,4,40,0,26,39,9,74,52,18,70,144
04/09/2021,UNV,PA,AEA,EN,Federal Contract Tower,2,18,14,0,34,0,0,0,0,0,2,18,14,0,34,0,0,0,34
04/10/2021,UNV,PA,AEA,EN,Federal Contract Tower,0,13,10,0,23,0,2,6,0,8,0,15,16,0,31,10,0,10,41
04/11/2021,UNV,PA,AEA,EN,Federal Contract Tower,0,16,10,0,26,0,1,4,0,5,0,17,14,0,31,22,0,22,53
04/12/2021,UNV,PA,AEA,EN,Federal Contract Tower,2,17,9,0,28,0,1,7,0,8,2,18,16,0,36,22,0,22,58
04/13/2021,UNV,PA,AEA,EN,Federal Contract Tower,0,16,16,0,32,0,5,35,0,40,0,21,51,0,72,42,0,42,114
04/14/2021,UNV,PA,AEA,EN,Federal Contract Tower,2,25,14,0,41,0,5,54,0,59,2,30,68,0,100,118,0,118,218
04/15/2021,UNV,PA,AEA,EN,Federal Contract Tower,0,18,8,0,26,0,8,19,0,27,0,26,27,0,53,18,0,18,71
04/16/2021,UNV,PA,AEA,EN,Federal Contract Tower,0,23,8,0,31,0,3,4,0,7,0,26,12,0,38,6,0,6,44
04/17/2021,UNV,PA,AEA,EN,Federal Contract Tower,2,18,5,0,25,0,0,17,0,17,2,18,22,0,42,14,0,14,56
04/18/2021,UNV,PA,AEA,EN,Federal Contract Tower,0,15,11,0,26,0,5,33,0,38,0,20,44,0,64,38,0,38,102
04/19/2021,UNV,PA,AEA,EN,Federal Contract Tower,0,19,8,0,27,0,1,25,3,29,0,20,33,3,56,52,0,52,108
04/20/2021,UNV,PA,AEA,EN,Federal Contract Tower,0,21,5,0,26,0,5,30,2,37,0,26,35,2,63,54,0,54,117
04/21/2021,UNV,PA,AEA,EN,Federal Contract Tower,2,20,4,0,26,0,0,0,0,0,2,20,4,0,26,0,0,0,26
04/22/2021,UNV,PA,AEA,EN,Federal Contract Tower,0,19,7,0,26,0,0,20,4,24,0,19,27,4,50,2,0,2,52
04/23/2021,UNV,PA,AEA,EN,Federal Contract Tower,0,19,1,0,20,0,7,49,0,56,0,26,50,0,76,28,0,28,104
04/24/2021,UNV,PA,AEA,EN,Federal Contract Tower,2,11,2,0,15,0,4,60,0,64,2,15,62,0,79,66,0,66,145
04/25/2021,UNV,PA,AEA,EN,Federal Contract Tower,0,12,21,0,33,0,1,24,0,25,0,13,45,0,58,14,0,14,72
04/26/2021,UNV,PA,AEA,EN,Federal Contract Tower,0,17,9,0,26,0,4,41,0,45,0,21,50,0,71,78,0,78,149
04/27/2021,UNV,PA,AEA,EN,Federal Contract Tower,0,16,3,2,21,0,2,70,11,83,0,18,73,13,104,72,0,72,176
04/28/2021,UNV,PA,AEA,EN,Federal Contract Tower,2,17,6,0,25,0,9,30,2,41,2,26,36,2,66,26,4,30,96
04/29/2021,UNV,PA,AEA,EN,Federal Contract Tower,0,21,16,0,37,0,0,6,0,6,0,21,22,0,43,24,0,24,67
04/30/2021,UNV,PA,AEA,EN,Federal Contract Tower,0,26,8,0,34,0,2,0,0,2,0,28,8,0,36,0,0,0,36
05/01/2021,UNV,PA,AEA,EN,Federal Contract Tower,2,12,8,0,22,0,2,55,0,57,2,14,63,0,79,62,0,62,141
05/02/2021,UNV,PA,AEA,EN,Federal Contract Tower,0,13,10,0,23,0,4,28,0,32,0,17,38,0,55,24,0,24,79
05/03/2021,UNV,PA,AEA,EN,Federal Contract Tower,0,15,24,0,39,0,0,5,0,5,0,15,29,0,44,30,0,30,74
05/04/2021,UNV,PA,AEA,EN,Federal Contract Tower,0,16,5,0,21,0,6,15,4,25,0,22,20,4,46,30,0,30,76
05/05/2021,UNV,PA,AEA,EN,Federal Contract Tower,2,15,12,0,29,0,7,0,0,7,2,22,12,0,36,36,0,36,72
05/06/2021,UNV,PA,AEA,EN,Federal Contract Tower,0,20,9,0,29,0,3,73,0,76,0,23,82,0,105,98,0,98,203
05/07/2021,UNV,PA,AEA,EN,Federal Contract Tower,0,19,15,0,34,0,1,19,0,20,0,20,34,0,54,46,0,46,100
05/08/2021,UNV,PA,AEA,EN,Federal Contract Tower,2,19,17,0,38,0,4,34,0,38,2,23,51,0,76,82,0,82,158
05/09/2021,UNV,PA,AEA,EN,Federal Contract Tower,0,20,5,0,25,0,0,5,0,5,0,20,10,0,30,2,0,2,32
05/10/2021,UNV,PA,AEA,EN,Federal Contract Tower,0,16,9,0,25,0,3,33,2,38,0,19,42,2,63,64,10,74,137
05/11/2021,UNV,PA,AEA,EN,Federal Contract Tower,0,15,1,0,16,0,2,24,0,26,0,17,25,0,42,41,0,41,83
05/12/2021,UNV,PA,AEA,EN,Federal Contract Tower,2,22,3,2,29,0,2,63,0,65,2,24,66,2,94,128,0,128,222
05/13/2021,UNV,PA,AEA,EN,Federal Contract Tower,2,18,5,4,29,0,1,48,2,51,2,19,53,6,80,82,6,88,168
05/14/2021,UNV,PA,AEA,EN,Federal Contract Tower,0,22,8,0,30,0,4,58,4,66,0,26,66,4,96,60,0,60,156
05/15/2021,UNV,PA,AEA,EN,Federal Contract Tower,2,18,3,0,23,0,0,78,0,78,2,18,81,0,101,72,0,72,173
05/16/2021,UNV,PA,AEA,EN,Federal Contract Tower,1,12,13,0,26,0,2,38,0,40,1,14,51,0,66,64,0,64,130
05/17/2021,UNV,PA,AEA,EN,Federal Contract Tower,0,19,5,0,24,0,6,39,0,45,0,25,44,0,69,92,0,92,161
05/18/2021,UNV,PA,AEA,EN,Federal Contract Tower,0,20,7,0,27,0,4,53,0,57,0,24,60,0,84,60,0,60,144
05/19/2021,UNV,PA,AEA,EN,Federal Contract Tower,2,18,9,0,29,0,1,72,0,73,2,19,81,0,102,96,0,96,198
05/20/2021,UNV,PA,AEA,EN,Federal Contract Tower,0,19,3,0,22,0,4,60,0,64,0,23,63,0,86,56,0,56,142
05/21/2021,UNV,PA,AEA,EN,Federal Contract Tower,0,16,9,0,25,0,5,44,0,49,0,21,53,0,74,44,0,44,118
05/22/2021,UNV,PA,AEA,EN,Federal Contract Tower,2,16,6,0,24,0,6,47,4,57,2,22,53,4,81,46,0,46,127
05/23/2021,UNV,PA,AEA,EN,Federal Contract Tower,0,14,8,0,22,0,6,25,0,31,0,20,33,0,53,10,0,10,63
05/24/2021,UNV,PA,AEA,EN,Federal Contract Tower,0,16,10,0,26,0,5,4,0,9,0,21,14,0,35,54,0,54,89
05/25/2021,UNV,PA,AEA,EN,Federal Contract Tower,0,18,17,0,35,0,4,13,0,17,0,22,30,0,52,28,0,28,80
05/27/2021,UNV,PA,AEA,EN,Federal Contract Tower,0,24,17,0,41,0,8,71,0,79,0,32,88,0,120,52,0,52,172
05/28/2021,UNV,PA,AEA,EN,Federal Contract Tower,0,19,11,1,31,0,4,19,1,24,0,23,30,2,55,28,0,28,83
05/29/2021,UNV,PA,AEA,EN,Federal Contract Tower,2,13,11,0,26,0,0,0,0,0,2,13,11,0,26,0,0,0,26
05/30/2021,UNV,PA,AEA,EN,Federal Contract Tower,0,13,14,0,27,0,2,0,0,2,0,15,14,0,29,0,0,0,29
05/31/2021,UNV,PA,AEA,EN,Federal Contract Tower,0,13,18,0,31,0,3,45,0,48,0,16,63,0,79,102,0,102,181
06/01/2021,UNV,PA,AEA,EN,Federal Contract Tower,0,22,2,0,24,0,2,41,2,45,0,24,43,2,69,80,8,88,157
06/02/2021,UNV,PA,AEA,EN,Federal Contract Tower,2,18,8,0,28,0,2,18,0,20,2,20,26,0,48,40,0,40,88
06/03/2021,UNV,PA,AEA,EN,Federal Contract Tower,0,15,3,2,20,0,0,0,0,0,0,15,3,2,20,0,0,0,20
06/04/2021,UNV,PA,AEA,EN,Federal Contract Tower,0,24,15,0,39,0,2,29,2,33,0,26,44,2,72,72,0,72,144
06/05/2021,UNV,PA,AEA,EN,Federal Contract Tower,2,18,12,0,32,0,2,49,0,51,2,20,61,0,83,54,0,54,137
06/06/2021,UNV,PA,AEA,EN,Federal Contract Tower,0,22,6,0,28,0,6,45,0,51,0,28,51,0,79,42,0,42,121
06/07/2021,UNV,PA,AEA,EN,Federal Contract Tower,0,21,13,0,34,0,5,29,0,34,0,26,42,0,68,60,0,60,128
06/08/2021,UNV,PA,AEA,EN,Federal Contract Tower,0,23,6,0,29,0,2,14,0,16,0,25,20,0,45,52,0,52,97
06/09/2021,UNV,PA,AEA,EN,Federal Contract Tower,2,36,9,0,47,0,4,9,0,13,2,40,18,0,60,22,0,22,82
06/10/2021,UNV,PA,AEA,EN,Federal Contract Tower,0,26,8,0,34,0,0,39,2,41,0,26,47,2,75,38,0,38,113
06/11/2021,UNV,PA,AEA,EN,Federal Contract Tower,0,30,20,1,51,0,0,1,0,1,0,30,21,1,52,0,0,0,52
06/12/2021,UNV,PA,AEA,EN,Federal Contract Tower,2,20,16,2,40,0,0,11,0,11,2,20,27,2,51,14,0,14,65
06/13/2021,UNV,PA,AEA,EN,Federal Contract Tower,0,24,9,3,36,0,2,11,0,13,0,26,20,3,49,40,0,40,89
06/14/2021,UNV,PA,AEA,EN,Federal Contract Tower,0,22,4,0,26,0,5,22,2,29,0,27,26,2,55,24,0,24,79
06/15/2021,UNV,PA,AEA,EN,Federal Contract Tower,0,28,7,0,35,0,1,42,0,43,0,29,49,0,78,80,0,80,158
06/16/2021,UNV,PA,AEA,EN,Federal Contract Tower,2,31,8,0,41,0,23,48,0,71,2,54,56,0,112,78,0,78,190
06/17/2021,UNV,PA,AEA,EN,Federal Contract Tower,0,26,12,0,38,0,10,63,0,73,0,36,75,0,111,82,0,82,193
06/18/2021,UNV,PA,AEA,EN,Federal Contract Tower,32,5,0,0,37,0,1,45,4,50,32,6,45,4,87,80,0,80,167
06/19/2021,UNV,PA,AEA,EN,Federal Contract Tower,2,27,5,0,34,0,3,22,0,25,2,30,27,0,59,74,0,74,133
06/20/2021,UNV,PA,AEA,EN,Federal Contract Tower,0,27,11,0,38,0,6,33,0,39,0,33,44,0,77,38,0,38,115
06/21/2021,UNV,PA,AEA,EN,Federal Contract Tower,0,22,6,0,28,0,4,23,0,27,0,26,29,0,55,40,0,40,95
06/22/2021,UNV,PA,AEA,EN,Federal Contract Tower,0,28,10,0,38,0,2,31,0,33,0,30,41,0,71,76,0,76,147
06/23/2021,UNV,PA,AEA,EN,Federal Contract Tower,2,33,10,0,45,0,14,65,4,83,2,47,75,4,128,98,0,98,226
06/24/2021,UNV,PA,AEA,EN,Federal Contract Tower,0,29,9,1,39,0,5,42,10,57,0,34,51,11,96,28,12,40,136
06/25/2021,UNV,PA,AEA,EN,Federal Contract Tower,0,29,8,2,39,0,6,54,3,63,0,35,62,5,102,54,4,58,160
06/26/2021,UNV,PA,AEA,EN,Federal Contract Tower,2,23,12,0,37,0,4,34,0,38,2,27,46,0,75,10,0,10,85
06/27/2021,UNV,PA,AEA,EN,Federal Contract Tower,0,20,14,0,34,0,2,30,0,32,0,22,44,0,66,36,0,36,102
06/28/2021,UNV,PA,AEA,EN,Federal Contract Tower,0,24,5,0,29,0,3,26,0,29,0,27,31,0,58,64,0,64,122
06/29/2021,UNV,PA,AEA,EN,Federal Contract Tower,0,24,7,0,31,0,6,47,7,60,0,30,54,7,91,68,2,70,161
06/30/2021,UNV,PA,AEA,EN,Federal Contract Tower,2,22,10,0,34,0,5,34,0,39,2,27,44,0,73,62,0,62,135
07/01/2021,UNV,PA,AEA,EN,Federal Contract Tower,0,28,9,0,37,0,0,0,0,0,0,28,9,0,37,0,0,0,37
07/02/2021,UNV,PA,AEA,EN,Federal Contract Tower,33,8,0,0,41,0,12,25,0,37,33,20,25,0,78,54,0,54,132
07/03/2021,UNV,PA,AEA,EN,Federal Contract Tower,2,18,13,0,33,0,3,29,0,32,2,21,42,0,65,48,0,48,113
07/04/2021,UNV,PA,AEA,EN,Federal Contract Tower,0,17,10,0,27,0,5,46,0,51,0,22,56,0,78,80,0,80,158
07/05/2021,UNV,PA,AEA,EN,Federal Contract Tower,0,26,12,0,38,0,5,43,0,48,0,31,55,0,86,38,0,38,124
07/06/2021,UNV,PA,AEA,EN,Federal Contract Tower,0,25,20,0,45,0,5,36,0,41,0,30,56,0,86,66,0,66,152
07/07/2021,UNV,PA,AEA,EN,Federal Contract Tower,2,25,12,0,39,0,34,20,0,54,2,59,32,0,93,34,0,34,127
07/08/2021,UNV,PA,AEA,EN,Federal Contract Tower,0,34,10,1,45,0,0,1,1,2,0,34,11,2,47,0,0,0,47
07/09/2021,UNV,PA,AEA,EN,Federal Contract Tower,28,16,0,0,44,0,1,15,0,16,28,17,15,0,60,26,0,26,86
07/10/2021,UNV,PA,AEA,EN,Federal Contract Tower,2,22,23,0,47,0,1,52,0,53,2,23,75,0,100,50,0,50,150
07/11/2021,UNV,PA,AEA,EN,Federal Contract Tower,0,23,5,0,28,0,2,11,0,13,0,25,16,0,41,56,0,56,97
07/12/2021,UNV,PA,AEA,EN,Federal Contract Tower,0,23,5,0,28,0,1,11,0,12,0,24,16,0,40,56,0,56,96
07/13/2021,UNV,PA,AEA,EN,Federal Contract Tower,0,27,5,0,32,0,2,21,0,23,0,29,26,0,55,82,0,82,137
07/14/2021,UNV,PA,AEA,EN,Federal Contract Tower,2,29,7,7,45,0,4,35,4,43,2,33,42,11,88,62,28,90,178
07/15/2021,UNV,PA,AEA,EN,Federal Contract Tower,0,31,22,0,53,0,4,59,0,63,0,35,81,0,116,108,0,108,224
07/16/2021,UNV,PA,AEA,EN,Federal Contract Tower,24,12,0,0,36,0,6,38,0,44,24,18,38,0,80,56,0,56,136
07/17/2021,UNV,PA,AEA,EN,Federal Contract Tower,2,17,16,0,35,0,2,14,0,16,2,19,30,0,51,30,0,30,81
07/18/2021,UNV,PA,AEA,EN,Federal Contract Tower,0,24,18,0,42,0,2,18,0,20,0,26,36,0,62,44,0,44,106
07/19/2021,UNV,PA,AEA,EN,Federal Contract Tower,0,27,5,0,32,0,1,26,0,27,0,28,31,0,59,34,0,34,93
07/20/2021,UNV,PA,AEA,EN,Federal Contract Tower,0,29,16,1,46,0,2,44,1,47,0,31,60,2,93,116,0,116,209
07/21/2021,UNV,PA,AEA,EN,Federal Contract Tower,2,28,14,0,44,0,0,34,2,36,2,28,48,2,80,72,0,72,152
07/22/2021,UNV,PA,AEA,EN,Federal Contract Tower,0,32,3,3,38,0,0,68,4,72,0,32,71,7,110,116,6,122,232
07/23/2021,UNV,PA,AEA,EN,Federal Contract Tower,0,30,5,0,35,0,4,37,0,41,0,34,42,0,76,34,0,34,110
07/24/2021,UNV,PA,AEA,EN,Federal Contract Tower,2,18,9,0,29,0,4,80,0,84,2,22,89,0,113,98,0,98,211
07/25/2021,UNV,PA,AEA,EN,Federal Contract Tower,0,23,14,0,37,0,2,29,0,31,0,25,43,0,68,72,0,72,140
07/26/2021,UNV,PA,AEA,EN,Federal Contract Tower,0,30,8,0,38,0,2,30,0,32,0,32,38,0,70,84,0,84,154
07/27/2021,UNV,PA,AEA,EN,Federal Contract Tower,0,30,1,1,32,0,5,27,2,34,0,35,28,3,66,68,6,74,140
07/28/2021,UNV,PA,AEA,EN,Federal Contract Tower,2,30,13,2,47,0,9,32,0,41,2,39,45,2,88,90,0,90,178
07/29/2021,UNV,PA,AEA,EN,Federal Contract Tower,0,29,9,4,42,0,2,13,0,15,0,31,22,4,57,22,0,22,79
07/30/2021,UNV,PA,AEA,EN,Federal Contract Tower,0,33,11,1,45,0,2,37,1,40,0,35,48,2,85,58,2,60,145
07/31/2021,UNV,PA,AEA,EN,Federal Contract Tower,0,22,8,0,30,0,9,68,0,77,0,31,76,0,107,70,0,70,177
08/01/2021,UNV,PA,AEA,EN,Federal Contract Tower,0,21,6,0,27,0,0,49,0,49,0,21,55,0,76,58,0,58,134
08/02/2021,UNV,PA,AEA,EN,Federal Contract Tower,0,27,9,0,36,0,9,28,0,37,0,36,37,0,73,56,0,56,129
08/03/2021,UNV,PA,AEA,EN,Federal Contract Tower,0,26,14,4,44,0,7,44,0,51,0,33,58,4,95,86,0,86,181
08/04/2021,UNV,PA,AEA,EN,Federal Contract Tower,2,30,7,0,39,0,2,47,2,51,2,32,54,2,90,44,0,44,134
08/05/2021,UNV,PA,AEA,EN,Federal Contract Tower,0,30,7,0,37,0,4,28,0,32,0,34,35,0,69,98,0,98,167
08/06/2021,UNV,PA,AEA,EN,Federal Contract Tower,0,30,6,2,38,0,1,36,4,41,0,31,42,6,79,76,0,76,155
08/07/2021,UNV,PA,AEA,EN,Federal Contract Tower,2,29,8,0,39,0,0,52,2,54,2,29,60,2,93,126,0,126,219
08/08/2021,UNV,PA,AEA,EN,Federal Contract Tower,0,19,14,0,33,0,0,23,0,23,0,19,37,0,56,48,0,48,104
08/09/2021,UNV,PA,AEA,EN,Federal Contract Tower,0,28,9,4,41,0,6,30,4,40,0,34,39,8,81,54,0,54,135
08/10/2021,UNV,PA,AEA,EN,Federal Contract Tower,0,25,8,0,33,0,0,17,0,17,0,25,25,0,50,48,0,48,98
08/11/2021,UNV,PA,AEA,EN,Federal Contract Tower,2,34,17,1,54,0,9,30,4,43,2,43,47,5,97,54,4,58,155
08/12/2021,UNV,PA,AEA,EN,Federal Contract Tower,0,30,10,0,40,0,4,40,0,44,0,34,50,0,84,26,0,26,110
08/13/2021,UNV,PA,AEA,EN,Federal Contract Tower,0,25,10,0,35,0,6,20,0,26,0,31,30,0,61,34,0,34,95
08/14/2021,UNV,PA,AEA,EN,Federal Contract Tower,2,25,14,0,41,0,0,23,0,23,2,25,37,0,64,80,0,80,144
08/16/2021,UNV,PA,AEA,EN,Federal Contract Tower,0,28,16,1,45,0,1,8,1,10,0,29,24,2,55,44,0,44,99
08/17/2021,UNV,PA,AEA,EN,Federal Contract Tower,0,26,14,0,40,0,3,6,0,9,0,29,20,0,49,30,0,30,79
08/19/2021,UNV,PA,AEA,EN,Federal Contract Tower,2,32,20,0,54,0,2,17,0,19,2,34,37,0,73,80,0,80,153
08/20/2021,UNV,PA,AEA,EN,Federal Contract Tower,2,33,16,0,51,0,5,37,0,42,2,38,53,0,93,96,0,96,189
08/21/2021,UNV,PA,AEA,EN,Federal Contract Tower,1,23,14,0,38,0,2,35,0,37,1,25,49,0,75,34,0,34,109
08/22/2021,UNV,PA,AEA,EN,Federal Contract Tower,1,23,14,0,38,0,0,32,0,32,1,23,46,0,70,62,0,62,132
08/23/2021,UNV,PA,AEA,EN,Federal Contract Tower,2,27,6,0,35,0,0,36,0,36,2,27,42,0,71,72,0,72,143
08/24/2021,UNV,PA,AEA,EN,Federal Contract Tower,0,28,11,2,41,0,6,38,0,44,0,34,49,2,85,106,0,106,191
08/25/2021,UNV,PA,AEA,EN,Federal Contract Tower,0,27,10,0,37,0,16,59,0,75,0,43,69,0,112,62,0,62,174
08/26/2021,UNV,PA,AEA,EN,Federal Contract Tower,0,34,13,0,47,0,2,44,2,48,0,36,57,2,95,58,4,62,157
08/27/2021,UNV,PA,AEA,EN,Federal Contract Tower,2,25,20,0,47,0,0,30,0,30,2,25,50,0,77,54,0,54,131
08/28/2021,UNV,PA,AEA,EN,Federal Contract Tower,0,20,10,0,30,0,0,12,0,12,0,20,22,0,42,20,0,20,62
08/29/2021,UNV,PA,AEA,EN,Federal Contract Tower,0,28,11,0,39,0,2,3,0,5,0,30,14,0,44,0,0,0,44
08/30/2021,UNV,PA,AEA,EN,Federal Contract Tower,2,24,8,0,34,0,2,21,0,23,2,26,29,0,57,44,0,44,101
08/31/2021,UNV,PA,AEA,EN,Federal Contract Tower,0,26,6,0,32,0,1,28,0,29,0,27,34,0,61,32,0,32,93
09/01/2021,UNV,PA,AEA,EN,Federal Contract Tower,0,28,2,0,30,0,0,0,0,0,0,28,2,0,30,0,0,0,30
09/02/2021,UNV,PA,AEA,EN,Federal Contract Tower,0,29,5,5,39,0,2,35,2,39,0,31,40,7,78,62,10,72,150
09/03/2021,UNV,PA,AEA,EN,Federal Contract Tower,4,31,18,0,53,0,16,24,2,42,4,47,42,2,95,48,0,48,143
09/04/2021,UNV,PA,AEA,EN,Federal Contract Tower,2,21,12,0,35,0,3,57,0,60,2,24,69,0,95,44,0,44,139
09/05/2021,UNV,PA,AEA,EN,Federal Contract Tower,0,17,6,0,23,0,2,1,0,3,0,19,7,0,26,0,0,0,26
09/06/2021,UNV,PA,AEA,EN,Federal Contract Tower,2,20,15,0,37,0,6,61,0,67,2,26,76,0,104,52,0,52,156
09/07/2021,UNV,PA,AEA,EN,Federal Contract Tower,0,25,10,0,35,0,3,48,0,51,0,28,58,0,86,80,0,80,166
09/08/2021,UNV,PA,AEA,EN,Federal Contract Tower,0,30,12,0,42,0,0,17,2,19,0,30,29,2,61,38,6,44,105
09/09/2021,UNV,PA,AEA,EN,Federal Contract Tower,0,30,16,0,46,0,3,9,0,12,0,33,25,0,58,6,0,6,64
09/10/2021,UNV,PA,AEA,EN,Federal Contract Tower,2,31,22,0,55,0,3,31,10,44,2,34,53,10,99,78,0,78,177
09/11/2021,UNV,PA,AEA,EN,Federal Contract Tower,2,24,34,0,60,0,6,64,8,78,2,30,98,8,138,28,0,28,166
09/12/2021,UNV,PA,AEA,EN,Federal Contract Tower,0,21,17,0,38,0,7,27,0,34,0,28,44,0,72,30,0,30,102
09/13/2021,UNV,PA,AEA,EN,Federal Contract Tower,0,26,12,0,38,0,8,16,0,24,0,34,28,0,62,48,0,48,110
09/14/2021,UNV,PA,AEA,EN,Federal Contract Tower,0,28,10,0,38,0,13,27,0,40,0,41,37,0,78,76,0,76,154
09/15/2021,UNV,PA,AEA,EN,Federal Contract Tower,0,26,4,0,30,1,23,2,0,26,1,49,6,0,56,34,4,38,94
09/16/2021,UNV,PA,AEA,EN,Federal Contract Tower,0,35,22,0,57,0,2,11,0,13,0,37,33,0,70,28,0,28,98
09/17/2021,UNV,PA,AEA,EN,Federal Contract Tower,8,47,50,0,105,0,5,23,0,28,8,52,73,0,133,6,0,6,139
09/18/2021,UNV,PA,AEA,EN,Federal Contract Tower,2,53,59,0,114,0,9,47,0,56,2,62,106,0,170,14,0,14,184
09/19/2021,UNV,PA,AEA,EN,Federal Contract Tower,11,58,82,0,151,0,7,63,0,70,11,65,145,0,221,14,0,14,235
09/20/2021,UNV,PA,AEA,EN,Federal Contract Tower,0,30,10,3,43,0,7,39,0,46,0,37,49,3,89,70,0,70,159
09/21/2021,UNV,PA,AEA,EN,Federal Contract Tower,0,24,9,0,33,0,1,12,0,13,0,25,21,0,46,44,0,44,90
09/22/2021,UNV,PA,AEA,EN,Federal Contract Tower,0,24,3,0,27,0,0,0,0,0,0,24,3,0,27,0,0,0,27
09/23/2021,UNV,PA,AEA,EN,Federal Contract Tower,0,36,6,0,42,0,9,18,0,27,0,45,24,0,69,18,0,18,87
09/24/2021,UNV,PA,AEA,EN,Federal Contract Tower,0,39,17,0,56,0,4,74,0,78,0,43,91,0,134,56,0,56,190
09/25/2021,UNV,PA,AEA,EN,Federal Contract Tower,1,32,18,2,53,0,6,62,0,68,1,38,80,2,121,26,0,26,147
09/26/2021,UNV,PA,AEA,EN,Federal Contract Tower,1,27,13,0,41,1,3,50,0,54,2,30,63,0,95,44,0,44,139
09/27/2021,UNV,PA,AEA,EN,Federal Contract Tower,0,26,8,0,34,0,4,33,0,37,0,30,41,0,71,22,0,22,93
09/28/2021,UNV,PA,AEA,EN,Federal Contract Tower,0,32,7,0,39,0,1,5,2,8,0,33,12,2,47,0,0,0,47
09/30/2021,UNV,PA,AEA,EN,Federal Contract Tower,0,40,14,0,54,0,0,80,0,80,0,40,94,0,134,120,0,120,254
10/01/2021,UNV,PA,AEA,EN,Federal Contract Tower,2,47,18,0,67,0,8,74,4,86,2,55,92,4,153,80,0,80,233
10/02/2021,UNV,PA,AEA,EN,Federal Contract Tower,1,31,18,0,50,0,11,52,0,63,1,42,70,0,113,66,0,66,179
10/03/2021,UNV,PA,AEA,EN,Federal Contract Tower,1,34,20,0,55,0,0,22,0,22,1,34,42,0,77,20,0,20,97
10/04/2021,UNV,PA,AEA,EN,Federal Contract Tower,0,28,9,0,37,0,0,5,0,5,0,28,14,0,42,16,0,16,58
10/05/2021,UNV,PA,AEA,EN,Federal Contract Tower,0,25,15,2,42,0,6,12,0,18,0,31,27,2,60,28,0,28,88
10/06/2021,UNV,PA,AEA,EN,Federal Contract Tower,0,36,6,0,42,0,4,13,0,17,0,40,19,0,59,72,0,72,131
10/08/2021,UNV,PA,AEA,EN,Federal Contract Tower,4,37,25,2,68,0,2,16,0,18,4,39,41,2,86,48,0,48,134
10/09/2021,UNV,PA,AEA,EN,Federal Contract Tower,0,28,9,0,37,0,0,7,0,7,0,28,16,0,44,44,0,44,88
10/10/2021,UNV,PA,AEA,EN,Federal Contract Tower,2,26,21,0,49,0,2,0,0,2,2,28,21,0,51,0,0,0,51
10/11/2021,UNV,PA,AEA,EN,Federal Contract Tower,2,26,22,0,50,0,0,14,0,14,2,26,36,0,64,60,0,60,124
10/12/2021,UNV,PA,AEA,EN,Federal Contract Tower,0,31,11,2,44,0,0,22,0,22,0,31,33,2,66,232,0,232,298
10/13/2021,UNV,PA,AEA,EN,Federal Contract Tower,0,30,14,2,46,0,0,25,0,25,0,30,39,2,71,108,0,108,179
10/14/2021,UNV,PA,AEA,EN,Federal Contract Tower,0,28,9,2,39,0,4,97,0,101,0,32,106,2,140,120,0,120,260
10/15/2021,UNV,PA,AEA,EN,Federal Contract Tower,2,30,17,0,49,0,7,19,2,28,2,37,36,2,77,98,0,98,175
10/16/2021,UNV,PA,AEA,EN,Federal Contract Tower,0,25,8,0,33,0,0,6,0,6,0,25,14,0,39,0,0,0,39
10/17/2021,UNV,PA,AEA,EN,Federal Contract Tower,0,28,8,0,36,0,6,17,0,23,0,34,25,0,59,16,0,16,75
10/18/2021,UNV,PA,AEA,EN,Federal Contract Tower,2,29,10,0,41,0,12,23,0,35,2,41,33,0,76,38,0,38,114
10/19/2021,UNV,PA,AEA,EN,Federal Contract Tower,0,35,8,1,44,0,8,49,1,58,0,43,57,2,102,44,12,56,158
10/20/2021,UNV,PA,AEA,EN,Federal Contract Tower,0,26,9,1,36,0,7,82,1,90,0,33,91,2,126,84,12,96,222
10/21/2021,UNV,PA,AEA,EN,Federal Contract Tower,0,34,9,0,43,0,5,46,3,54,0,39,55,3,97,98,0,98,195
10/22/2021,UNV,PA,AEA,EN,Federal Contract Tower,3,35,32,2,72,0,3,46,0,49,3,38,78,2,121,104,0,104,225
10/23/2021,UNV,PA,AEA,EN,Federal Contract Tower,1,36,39,0,76,0,1,6,0,7,1,37,45,0,83,0,0,0,83
10/24/2021,UNV,PA,AEA,EN,Federal Contract Tower,2,37,21,0,60,0,6,31,0,37,2,43,52,0,97,56,0,56,153
10/25/2021,UNV,PA,AEA,EN,Federal Contract Tower,2,24,6,0,32,0,4,25,0,29,2,28,31,0,61,56,0,56,117
10/26/2021,UNV,PA,AEA,EN,Federal Contract Tower,0,28,3,2,33,0,1,0,0,1,0,29,3,2,34,0,0,0,34
10/27/2021,UNV,PA,AEA,EN,Federal Contract Tower,0,34,4,0,38,0,8,26,2,36,0,42,30,2,74,34,12,46,120
10/28/2021,UNV,PA,AEA,EN,Federal Contract Tower,5,27,11,0,43,0,0,49,2,51,5,27,60,2,94,84,4,88,182
10/29/2021,UNV,PA,AEA,EN,Federal Contract Tower,4,32,8,0,44,0,0,0,0,0,4,32,8,0,44,0,0,0,44
10/30/2021,UNV,PA,AEA,EN,Federal Contract Tower,0,24,8,0,32,0,0,0,0,0,0,24,8,0,32,0,0,0,32
10/31/2021,UNV,PA,AEA,EN,Federal Contract Tower,4,17,7,0,28,0,7,1,0,8,4,24,8,0,36,0,0,0,36
11/01/2021,UNV,PA,AEA,EN,Federal Contract Tower,2,20,10,0,32,0,2,37,0,39,2,22,47,0,71,66,0,66,137
11/02/2021,UNV,PA,AEA,EN,Federal Contract Tower,0,22,6,0,28,0,30,0,2,32,0,52,6,2,60,130,0,130,190
11/03/2021,UNV,PA,AEA,EN,Federal Contract Tower,0,25,16,0,41,0,8,33,2,43,0,33,49,2,84,120,0,120,204
11/04/2021,UNV,PA,AEA,EN,Federal Contract Tower,4,23,6,4,37,0,13,46,0,59,4,36,52,4,96,118,0,118,214
11/05/2021,UNV,PA,AEA,EN,Federal Contract Tower,2,26,14,0,42,0,0,50,0,50,2,26,64,0,92,124,0,124,216
11/06/2021,UNV,PA,AEA,EN,Federal Contract Tower,1,18,8,0,27,0,4,78,0,82,1,22,86,0,109,70,0,70,179
11/07/2021,UNV,PA,AEA,EN,Federal Contract Tower,2,20,12,0,34,0,9,50,0,59,2,29,62,0,93,16,6,22,115
11/08/2021,UNV,PA,AEA,EN,Federal Contract Tower,2,21,5,2,30,0,3,39,0,42,2,24,44,2,72,98,0,98,170
11/09/2021,UNV,PA,AEA,EN,Federal Contract Tower,0,21,6,0,27,0,8,38,2,48,0,29,44,2,75,36,0,36,111
11/10/2021,UNV,PA,AEA,EN,Federal Contract Tower,0,28,7,2,37,0,2,56,2,60,0,30,63,4,97,40,0,40,137
11/11/2021,UNV,PA,AEA,EN,Federal Contract Tower,2,32,14,0,48,0,0,35,0,35,2,32,49,0,83,62,0,62,145
11/12/2021,UNV,PA,AEA,EN,Federal Contract Tower,6,36,27,0,69,0,3,28,0,31,6,39,55,0,100,0,0,0,100
11/13/2021,UNV,PA,AEA,EN,Federal Contract Tower,5,43,45,0,93,0,6,12,0,18,5,49,57,0,111,4,0,4,115
11/14/2021,UNV,PA,AEA,EN,Federal Contract Tower,7,45,23,0,75,0,0,12,0,12,7,45,35,0,87,12,0,12,99
11/15/2021,UNV,PA,AEA,EN,Federal Contract Tower,2,20,10,0,32,0,4,11,0,15,2,24,21,0,47,0,0,0,47
11/16/2021,UNV,PA,AEA,EN,Federal Contract Tower,0,29,18,0,47,0,5,49,0,54,0,34,67,0,101,114,0,114,215
11/17/2021,UNV,PA,AEA,EN,Federal Contract Tower,2,25,11,0,38,0,4,41,0,45,2,29,52,0,83,66,0,66,149
11/18/2021,UNV,PA,AEA,EN,Federal Contract Tower,3,25,9,0,37,0,2,6,0,8,3,27,15,0,45,22,0,22,67
11/19/2021,UNV,PA,AEA,EN,Federal Contract Tower,3,27,23,1,54,0,2,20,3,25,3,29,43,4,79,26,0,26,105
11/20/2021,UNV,PA,AEA,EN,Federal Contract Tower,1,31,21,1,54,0,15,52,1,68,1,46,73,2,122,0,0,0,122
11/21/2021,UNV,PA,AEA,EN,Federal Contract Tower,2,21,13,4,40,0,2,16,0,18,2,23,29,4,58,0,0,0,58
11/22/2021,UNV,PA,AEA,EN,Federal Contract Tower,2,18,10,0,30,0,11,10,0,21,2,29,20,0,51,0,0,0,51
11/23/2021,UNV,PA,AEA,EN,Federal Contract Tower,2,24,11,0,37,0,5,8,2,15,2,29,19,2,52,12,0,12,64
11/24/2021,UNV,PA,AEA,EN,Federal Contract Tower,2,21,13,0,36,0,1,58,0,59,2,22,71,0,95,30,0,30,125
11/25/2021,UNV,PA,AEA,EN,Federal Contract Tower,1,8,3,0,12,0,4,13,0,17,1,12,16,0,29,0,0,0,29
11/26/2021,UNV,PA,AEA,EN,Federal Contract Tower,2,19,3,0,24,0,1,0,0,1,2,20,3,0,25,0,0,0,25
11/27/2021,UNV,PA,AEA,EN,Federal Contract Tower,4,18,8,0,30,0,2,17,0,19,4,20,25,0,49,18,0,18,67
11/28/2021,UNV,PA,AEA,EN,Federal Contract Tower,4,21,13,0,38,0,1,4,0,5,4,22,17,0,43,0,0,0,43
11/29/2021,UNV,PA,AEA,EN,Federal Contract Tower,0,25,11,0,36,0,2,14,0,16,0,27,25,0,52,48,0,48,100
11/30/2021,UNV,PA,AEA,EN,Federal Contract Tower,2,23,2,0,27,0,2,15,0,17,2,25,17,0,44,50,0,50,94
12/01/2021,UNV,PA,AEA,EN,Federal Contract Tower,1,25,9,0,35,0,0,34,2,36,1,25,43,2,71,82,2,84,155
12/02/2021,UNV,PA,AEA,EN,Federal Contract Tower,2,25,10,0,37,0,2,8,0,10,2,27,18,0,47,16,0,16,63
12/03/2021,UNV,PA,AEA,EN,Federal Contract Tower,2,27,5,0,34,0,3,31,0,34,2,30,36,0,68,120,0,120,188
12/04/2021,UNV,PA,AEA,EN,Federal Contract Tower,3,26,14,0,43,0,6,59,0,65,3,32,73,0,108,100,0,100,208
12/05/2021,UNV,PA,AEA,EN,Federal Contract Tower,0,20,10,0,30,0,1,55,0,56,0,21,65,0,86,44,0,44,130
12/06/2021,UNV,PA,AEA,EN,Federal Contract Tower,2,19,8,0,29,0,3,0,0,3,2,22,8,0,32,0,0,0,32
12/07/2021,UNV,PA,AEA,EN,Federal Contract Tower,0,32,6,0,38,0,4,35,2,41,0,36,41,2,79,80,0,80,159
12/08/2021,UNV,PA,AEA,EN,Federal Contract Tower,0,24,8,0,32,0,2,8,0,10,0,26,16,0,42,36,0,36,78
12/09/2021,UNV,PA,AEA,EN,Federal Contract Tower,1,25,14,0,40,0,7,53,0,60,1,32,67,0,100,84,0,84,184
12/10/2021,UNV,PA,AEA,EN,Federal Contract Tower,2,26,12,0,40,0,6,34,0,40,2,32,46,0,80,82,0,82,162
12/11/2021,UNV,PA,AEA,EN,Federal Contract Tower,2,15,4,0,21,0,0,2,0,2,2,15,6,0,23,0,0,0,23
12/12/2021,UNV,PA,AEA,EN,Federal Contract Tower,1,17,10,0,28,0,5,37,0,42,1,22,47,0,70,26,0,26,96
12/13/2021,UNV,PA,AEA,EN,Federal Contract Tower,2,21,6,0,29,0,2,41,0,43,2,23,47,0,72,32,0,32,104
12/14/2021,UNV,PA,AEA,EN,Federal Contract Tower,0,21,11,0,32,0,4,69,0,73,0,25,80,0,105,38,0,38,143
12/15/2021,UNV,PA,AEA,EN,Federal Contract Tower,0,24,5,0,29,0,4,40,2,46,0,28,45,2,75,88,0,88,163
12/16/2021,UNV,PA,AEA,EN,Federal Contract Tower,0,24,8,0,32,0,7,42,2,51,0,31,50,2,83,102,0,102,185
12/17/2021,UNV,PA,AEA,EN,Federal Contract Tower,1,27,7,0,35,0,4,33,0,37,1,31,40,0,72,72,0,72,144
12/18/2021,UNV,PA,AEA,EN,Federal Contract Tower,0,18,6,0,24,0,0,0,0,0,0,18,6,0,24,0,0,0,24
12/19/2021,UNV,PA,AEA,EN,Federal Contract Tower,0,17,4,0,21,0,4,8,2,14,0,21,12,2,35,2,0,2,37
12/20/2021,UNV,PA,AEA,EN,Federal Contract Tower,2,21,12,3,38,0,7,67,1,75,2,28,79,4,113,104,0,104,217
12/21/2021,UNV,PA,AEA,EN,Federal Contract Tower,0,25,7,3,35,0,2,54,5,61,0,27,61,8,96,120,12,132,228
12/22/2021,UNV,PA,AEA,EN,Federal Contract Tower,0,25,2,0,27,0,0,4,0,4,0,25,6,0,31,8,0,8,39
12/23/2021,UNV,PA,AEA,EN,Federal Contract Tower,0,26,13,0,39,0,7,36,0,43,0,33,49,0,82,118,0,118,200
12/24/2021,UNV,PA,AEA,EN,Federal Contract Tower,2,19,4,0,25,0,6,23,0,29,2,25,27,0,54,4,0,4,58
12/25/2021,UNV,PA,AEA,EN,Federal Contract Tower,4,15,0,0,19,0,3,2,0,5,4,18,2,0,24,0,0,0,24
12/26/2021,UNV,PA,AEA,EN,Federal Contract Tower,0,17,10,0,27,0,5,14,0,19,0,22,24,0,46,2,0,2,48
12/27/2021,UNV,PA,AEA,EN,Federal Contract Tower,2,18,6,0,26,0,0,0,0,0,2,18,6,0,26,0,0,0,26
12/28/2021,UNV,PA,AEA,EN,Federal Contract Tower,0,27,5,0,32,0,0,25,0,25,0,27,30,0,57,26,0,26,83
12/29/2021,UNV,PA,AEA,EN,Federal Contract Tower,0,24,9,0,33,0,2,12,0,14,0,26,21,0,47,50,0,50,97
12/30/2021,UNV,PA,AEA,EN,Federal Contract Tower,0,23,8,0,31,0,0,0,0,0,0,23,8,0,31,0,0,0,31
12/31/2021,UNV,PA,AEA,EN,Federal Contract Tower,1,17,5,0,23,0,1,24,0,25,1,18,29,0,48,34,0,34,82
01/01/2022,UNV,PA,AEA,EN,Federal Contract Tower,5,12,4,0,21,0,0,2,0,2,5,12,6,0,23,14,0,14,37
01/02/2022,UNV,PA,AEA,EN,Federal Contract Tower,1,17,10,0,28,0,0,0,0,0,1,17,10,0,28,0,0,0,28
01/03/2022,UNV,PA,AEA,EN,Federal Contract Tower,2,17,1,0,20,0,0,15,4,19,2,17,16,4,39,22,0,22,61
01/04/2022,UNV,PA,AEA,EN,Federal Contract Tower,2,18,10,0,30,0,0,43,0,43,2,18,53,0,73,10,0,10,83
01/05/2022,UNV,PA,AEA,EN,Federal Contract Tower,0,19,2,0,21,0,2,25,0,27,0,21,27,0,48,18,0,18,66
01/06/2022,UNV,PA,AEA,EN,Federal Contract Tower,1,18,1,0,20,0,6,18,6,30,1,24,19,6,50,40,0,40,90
01/07/2022,UNV,PA,AEA,EN,Federal Contract Tower,3,19,1,0,23,0,2,2,0,4,3,21,3,0,27,0,0,0,27
01/08/2022,UNV,PA,AEA,EN,Federal Contract Tower,1,12,13,0,26,0,2,60,0,62,1,14,73,0,88,80,0,80,168
01/09/2022,UNV,PA,AEA,EN,Federal Contract Tower,0,10,3,0,13,0,0,0,0,0,0,10,3,0,13,0,0,0,13
01/10/2022,UNV,PA,AEA,EN,Federal Contract Tower,2,16,2,2,22,0,2,2,0,4,2,18,4,2,26,2,0,2,28
01/11/2022,UNV,PA,AEA,EN,Federal Contract Tower,0,22,4,1,27,0,0,38,3,41,0,22,42,4,68,78,6,84,152
01/12/2022,UNV,PA,AEA,EN,Federal Contract Tower,5,16,10,2,33,0,8,45,2,55,5,24,55,4,88,102,0,102,190
01/13/2022,UNV,PA,AEA,EN,Federal Contract Tower,2,21,3,0,26,0,31,0,0,31,2,52,3,0,57,34,0,34,91
01/14/2022,UNV,PA,AEA,EN,Federal Contract Tower,3,20,6,0,29,0,2,5,0,7,3,22,11,0,36,18,0,18,54
01/15/2022,UNV,PA,AEA,EN,Federal Contract Tower,3,13,14,0,30,0,0,36,2,38,3,13,50,2,68,16,0,16,84
01/16/2022,UNV,PA,AEA,EN,Federal Contract Tower,3,13,3,0,19,0,0,12,0,12,3,13,15,0,31,16,0,16,47
01/17/2022,UNV,PA,AEA,EN,Federal Contract Tower,2,5,5,0,12,0,2,0,0,2,2,7,5,0,14,0,0,0,14
01/18/2022,UNV,PA,AEA,EN,Federal Contract Tower,1,16,7,2,26,0,2,2,2,6,1,18,9,4,32,16,0,16,48
01/19/2022,UNV,PA,AEA,EN,Federal Contract Tower,1,21,3,0,25,0,5,29,0,34,1,26,32,0,59,38,0,38,97
01/20/2022,UNV,PA,AEA,EN,Federal Contract Tower,5,17,11,0,33,0,8,24,1,33,5,25,35,1,66,28,0,28,94
01/21/2022,UNV,PA,AEA,EN,Federal Contract Tower,3,19,7,0,29,0,2,29,1,32,3,21,36,1,61,36,0,36,97
01/22/2022,UNV,PA,AEA,EN,Federal Contract Tower,2,11,12,0,25,0,1,34,0,35,2,12,46,0,60,22,0,22,82
01/23/2022,UNV,PA,AEA,EN,Federal Contract Tower,2,14,5,0,21,0,2,6,0,8,2,16,11,0,29,0,0,0,29
01/24/2022,UNV,PA,AEA,EN,Federal Contract Tower,2,17,4,0,23,0,0,10,0,10,2,17,14,0,33,8,0,8,41
01/25/2022,UNV,PA,AEA,EN,Federal Contract Tower,2,20,5,0,27,0,8,7,0,15,2,28,12,0,42,0,0,0,42
01/26/2022,UNV,PA,AEA,EN,Federal Contract Tower,2,21,3,0,26,0,3,31,0,34,2,24,34,0,60,50,0,50,110
01/27/2022,UNV,PA,AEA,EN,Federal Contract Tower,0,20,5,0,25,0,3,46,0,49,0,23,51,0,74,50,0,50,124
01/28/2022,UNV,PA,AEA,EN,Federal Contract Tower,2,28,5,0,35,0,0,0,0,0,2,28,5,0,35,0,0,0,35
01/29/2022,UNV,PA,AEA,EN,Federal Contract Tower,0,15,10,0,25,0,2,15,0,17,0,17,25,0,42,4,0,4,46
01/30/2022,UNV,PA,AEA,EN,Federal Contract Tower,1,14,9,0,24,0,4,27,3,34,1,18,36,3,58,24,0,24,82
01/31/2022,UNV,PA,AEA,EN,Federal Contract Tower,2,18,3,0,23,0,13,30,3,46,2,31,33,3,69,46,0,46,115
02/01/2022,UNV,PA,AEA,EN,Federal Contract Tower,0,17,11,0,28,0,0,39,6,45,0,17,50,6,73,26,0,26,99
02/02/2022,UNV,PA,AEA,EN,Federal Contract Tower,2,26,6,0,34,0,4,43,0,47,2,30,49,0,81,62,0,62,143
02/03/2022,UNV,PA,AEA,EN,Federal Contract Tower,0,7,4,0,11,0,0,0,0,0,0,7,4,0,11,0,0,0,11
02/04/2022,UNV,PA,AEA,EN,Federal Contract Tower,0,8,8,0,16,0,0,0,0,0,0,8,8,0,16,0,0,0,16
02/05/2022,UNV,PA,AEA,EN,Federal Contract Tower,6,15,11,0,32,0,5,21,2,28,6,20,32,2,60,32,0,32,92
02/06/2022,UNV,PA,AEA,EN,Federal Contract Tower,4,14,13,0,31,0,0,62,0,62,4,14,75,0,93,52,0,52,145
02/07/2022,UNV,PA,AEA,EN,Federal Contract Tower,3,17,6,0,26,0,1,35,3,39,3,18,41,3,65,98,0,98,163
02/08/2022,UNV,PA,AEA,EN,Federal Contract Tower,0,26,6,0,32,0,1,6,5,12,0,27,12,5,44,6,0,6,50
02/09/2022,UNV,PA,AEA,EN,Federal Contract Tower,0,20,10,0,30,0,4,24,0,28,0,24,34,0,58,38,0,38,96
02/10/2022,UNV,PA,AEA,EN,Federal Contract Tower,0,17,3,0,20,0,5,1,0,6,0,22,4,0,26,0,0,0,26
02/11/2022,UNV,PA,AEA,EN,Federal Contract Tower,4,23,6,0,33,0,3,34,2,39,4,26,40,2,72,62,0,62,134
02/12/2022,UNV,PA,AEA,EN,Federal Contract Tower,0,13,3,0,16,0,5,6,6,17,0,18,9,6,33,10,0,10,43
02/13/2022,UNV,PA,AEA,EN,Federal Contract Tower,1,15,6,0,22,0,8,27,0,35,1,23,33,0,57,38,0,38,95
02/14/2022,UNV,PA,AEA,EN,Federal Contract Tower,4,20,4,0,28,0,3,24,0,27,4,23,28,0,55,88,0,88,143
02/15/2022,UNV,PA,AEA,EN,Federal Contract Tower,2,16,9,1,28,0,1,54,2,57,2,17,63,3,85,118,8,126,211
02/16/2022,UNV,PA,AEA,EN,Federal Contract Tower,6,18,2,0,26,0,0,31,0,31,6,18,33,0,57,24,0,24,81
02/17/2022,UNV,PA,AEA,EN,Federal Contract Tower,1,25,1,0,27,0,0,0,0,0,1,25,1,0,27,0,0,0,27
02/18/2022,UNV,PA,AEA,EN,Federal Contract Tower,0,22,8,0,30,0,0,3,0,3,0,22,11,0,33,0,0,0,33
02/19/2022,UNV,PA,AEA,EN,Federal Contract Tower,3,19,9,0,31,0,3,1,0,4,3,22,10,0,35,0,0,0,35
02/20/2022,UNV,PA,AEA,EN,Federal Contract Tower,0,13,13,0,26,0,4,45,0,49,0,17,58,0,75,58,0,58,133
02/21/2022,UNV,PA,AEA,EN,Federal Contract Tower,0,18,4,0,22,0,4,62,0,66,0,22,66,0,88,32,0,32,120
02/22/2022,UNV,PA,AEA,EN,Federal Contract Tower,2,21,5,0,28,0,0,0,0,0,2,21,5,0,28,0,0,0,28
02/23/2022,UNV,PA,AEA,EN,Federal Contract Tower,2,23,11,0,36,0,0,5,0,5,2,23,16,0,41,6,0,6,47
02/24/2022,UNV,PA,AEA,EN,Federal Contract Tower,2,19,9,0,30,0,4,25,0,29,2,23,34,0,59,72,0,72,131
02/25/2022,UNV,PA,AEA,EN,Federal Contract Tower,0,20,3,0,23,0,3,0,0,3,0,23,3,0,26,0,0,0,26
02/26/2022,UNV,PA,AEA,EN,Federal Contract Tower,4,22,10,0,36,0,4,36,0,40,4,26,46,0,76,68,0,68,144
02/27/2022,UNV,PA,AEA,EN,Federal Contract Tower,3,16,5,0,24,0,4,5,0,9,3,20,10,0,33,0,0,0,33
02/28/2022,UNV,PA,AEA,EN,Federal Contract Tower,0,20,6,0,26,0,2,68,0,70,0,22,74,0,96,102,0,102,198
03/01/2022,UNV,PA,AEA,EN,Federal Contract Tower,0,17,4,0,21,0,2,23,0,25,0,19,27,0,46,78,0,78,124
03/02/2022,UNV,PA,AEA,EN,Federal Contract Tower,4,20,5,3,32,0,4,56,1,61,4,24,61,4,93,64,0,64,157
03/03/2022,UNV,PA,AEA,EN,Federal Contract Tower,0,23,8,0,31,0,5,16,2,23,0,28,24,2,54,40,0,40,94
03/04/2022,UNV,PA,AEA,EN,Federal Contract Tower,3,20,23,0,46,0,2,73,0,75,3,22,96,0,121,106,0,106,227
03/05/2022,UNV,PA,AEA,EN,Federal Contract Tower,4,13,3,0,20,0,2,34,0,36,4,15,37,0,56,62,0,62,118
03/06/2022,UNV,PA,AEA,EN,Federal Contract Tower,6,12,0,0,18,0,0,3,0,3,6,12,3,0,21,18,0,18,39
03/07/2022,UNV,PA,AEA,EN,Federal Contract Tower,3,10,6,0,19,0,0,0,0,0,3,10,6,0,19,0,0,0,19
03/08/2022,UNV,PA,AEA,EN,Federal Contract Tower,6,16,1,0,23,0,4,34,4,42,6,20,35,4,65,18,2,20,85
03/09/2022,UNV,PA,AEA,EN,Federal Contract Tower,6,14,5,0,25,0,0,0,0,0,6,14,5,0,25,0,0,0,25
03/10/2022,UNV,PA,AEA,EN,Federal Contract Tower,4,17,5,0,26,0,7,27,0,34,4,24,32,0,60,40,0,40,100
03/11/2022,UNV,PA,AEA,EN,Federal Contract Tower,6,18,17,0,41,0,5,31,0,36,6,23,48,0,77,30,0,30,107
03/12/2022,UNV,PA,AEA,EN,Federal Contract Tower,2,10,1,0,13,0,0,1,0,1,2,10,2,0,14,0,0,0,14
03/13/2022,UNV,PA,AEA,EN,Federal Contract Tower,7,11,11,0,29,0,3,10,0,13,7,14,21,0,42,0,0,0,42
03/14/2022,UNV,PA,AEA,EN,Federal Contract Tower,4,17,8,0,29,0,0,35,0,35,4,17,43,0,64,60,0,60,124
03/15/2022,UNV,PA,AEA,EN,Federal Contract Tower,6,17,3,2,28,0,2,23,2,27,6,19,26,4,55,54,8,62,117
03/16/2022,UNV,PA,AEA,EN,Federal Contract Tower,7,16,8,2,33,0,4,69,0,73,7,20,77,2,106,24,0,24,130
03/17/2022,UNV,PA,AEA,EN,Federal Contract Tower,6,22,14,4,46,0,0,16,4,20,6,22,30,8,66,32,12,44,110
03/18/2022,UNV,PA,AEA,EN,Federal Contract Tower,5,29,19,0,53,0,3,51,4,58,5,32,70,4,111,54,4,58,169
03/19/2022,UNV,PA,AEA,EN,Federal Contract Tower,2,15,6,0,23,0,7,25,0,32,2,22,31,0,55,46,0,46,101
03/20/2022,UNV,PA,AEA,EN,Federal Contract Tower,4,20,10,0,34,0,0,9,0,9,4,20,19,0,43,0,0,0,43
03/21/2022,UNV,PA,AEA,EN,Federal Contract Tower,4,15,10,0,29,0,4,28,2,34,4,19,38,2,63,20,0,20,83
03/22/2022,UNV,PA,AEA,EN,Federal Contract Tower,4,14,9,0,27,0,14,57,2,73,4,28,66,2,100,100,0,100,200
03/23/2022,UNV,PA,AEA,EN,Federal Contract Tower,6,16,6,0,28,0,0,3,0,3,6,16,9,0,31,4,0,4,35
03/24/2022,UNV,PA,AEA,EN,Federal Contract Tower,4,19,11,0,34,0,2,24,0,26,4,21,35,0,60,100,0,100,160
03/25/2022,UNV,PA,AEA,EN,Federal Contract Tower,6,18,20,0,44,0,4,37,0,41,6,22,57,0,85,114,0,114,199
03/26/2022,UNV,PA,AEA,EN,Federal Contract Tower,0,13,0,0,13,0,0,5,0,5,0,13,5,0,18,4,0,4,22
03/27/2022,UNV,PA,AEA,EN,Federal Contract Tower,7,15,5,0,27,0,0,3,0,3,7,15,8,0,30,0,0,0,30
03/28/2022,UNV,PA,AEA,EN,Federal Contract Tower,3,17,2,0,22,0,2,0,0,2,3,19,2,0,24,0,0,0,24
03/29/2022,UNV,PA,AEA,EN,Federal Contract Tower,2,17,9,0,28,0,6,37,0,43,2,23,46,0,71,6,0,6,77
03/30/2022,UNV,PA,AEA,EN,Federal Contract Tower,8,13,7,0,28,0,2,24,1,27,8,15,31,1,55,32,0,32,87
03/31/2022,UNV,PA,AEA,EN,Federal Contract Tower,5,23,4,0,32,0,0,0,0,0,5,23,4,0,32,0,0,0,32
04/01/2022,UNV,PA,AEA,EN,Federal Contract Tower,2,22,5,1,30,0,4,1,0,5,2,26,6,1,35,0,0,0,35
04/02/2022,UNV,PA,AEA,EN,Federal Contract Tower,0,13,9,0,22,0,2,88,2,92,0,15,97,2,114,96,0,96,210
04/03/2022,UNV,PA,AEA,EN,Federal Contract Tower,5,18,3,0,26,0,2,0,0,2,5,20,3,0,28,0,0,0,28
04/04/2022,UNV,PA,AEA,EN,Federal Contract Tower,3,13,14,0,30,0,7,60,2,69,3,20,74,2,99,122,0,122,221
04/05/2022,UNV,PA,AEA,EN,Federal Contract Tower,3,22,9,0,34,0,5,32,0,37,3,27,41,0,71,134,0,134,205
04/06/2022,UNV,PA,AEA,EN,Federal Contract Tower,8,23,18,0,49,0,0,0,0,0,8,23,18,0,49,0,0,0,49
04/07/2022,UNV,PA,AEA,EN,Federal Contract Tower,2,18,11,7,38,0,0,3,2,5,2,18,14,9,43,0,2,2,45
04/08/2022,UNV,PA,AEA,EN,Federal Contract Tower,4,25,12,0,41,0,8,43,4,55,4,33,55,4,96,82,2,84,180
04/09/2022,UNV,PA,AEA,EN,Federal Contract Tower,2,19,5,0,26,0,7,19,0,26,2,26,24,0,52,52,0,52,104
04/10/2022,UNV,PA,AEA,EN,Federal Contract Tower,3,14,12,0,29,0,9,2,0,11,3,23,14,0,40,2,0,2,42
04/11/2022,UNV,PA,AEA,EN,Federal Contract Tower,3,17,4,0,24,0,0,47,10,57,3,17,51,10,81,60,0,60,141
04/12/2022,UNV,PA,AEA,EN,Federal Contract Tower,3,23,10,2,38,0,3,62,0,65,3,26,72,2,103,110,0,110,213
04/13/2022,UNV,PA,AEA,EN,Federal Contract Tower,5,21,5,2,33,0,9,48,4,61,5,30,53,6,94,82,6,88,182
04/14/2022,UNV,PA,AEA,EN,Federal Contract Tower,4,27,12,2,45,0,1,18,24,43,4,28,30,26,88,24,0,24,112
04/15/2022,UNV,PA,AEA,EN,Federal Contract Tower,3,17,13,0,33,0,5,48,0,53,3,22,61,0,86,76,0,76,162
04/16/2022,UNV,PA,AEA,EN,Federal Contract Tower,2,18,5,0,25,0,0,8,0,8,2,18,13,0,33,0,0,0,33
04/17/2022,UNV,PA,AEA,EN,Federal Contract Tower,2,13,12,0,27,0,0,23,0,23,2,13,35,0,50,4,0,4,54
04/18/2022,UNV,PA,AEA,EN,Federal Contract Tower,3,17,14,0,34,0,2,14,0,16,3,19,28,0,50,20,0,20,70
04/19/2022,UNV,PA,AEA,EN,Federal Contract Tower,3,23,3,0,29,0,2,0,2,4,3,25,3,2,33,0,0,0,33
04/20/2022,UNV,PA,AEA,EN,Federal Contract Tower,5,26,3,0,34,0,1,62,2,65,5,27,65,2,99,118,0,118,217
04/21/2022,UNV,PA,AEA,EN,Federal Contract Tower,5,28,15,2,50,0,0,0,0,0,5,28,15,2,50,0,0,0,50
04/22/2022,UNV,PA,AEA,EN,Federal Contract Tower,3,23,16,0,42,0,3,100,6,109,3,26,116,6,151,190,0,190,341
04/23/2022,UNV,PA,AEA,EN,Federal Contract Tower,2,20,14,0,36,0,0,44,0,44,2,20,58,0,80,118,0,118,198
04/24/2022,UNV,PA,AEA,EN,Federal Contract Tower,3,18,26,0,47,0,1,97,0,98,3,19,123,0,145,58,0,58,203
04/25/2022,UNV,PA,AEA,EN,Federal Contract Tower,3,18,6,0,27,0,4,42,2,48,3,22,48,2,75,170,0,170,245
04/26/2022,UNV,PA,AEA,EN,Federal Contract Tower,3,24,7,0,34,0,2,3,0,5,3,26,10,0,39,42,0,42,81
04/27/2022,UNV,PA,AEA,EN,Federal Contract Tower,7,19,6,0,32,0,5,0,0,5,7,24,6,0,37,0,0,0,37
04/28/2022,UNV,PA,AEA,EN,Federal Contract Tower,3,21,9,1,34,0,8,25,0,33,3,29,34,1,67,64,0,64,131
04/29/2022,UNV,PA,AEA,EN,Federal Contract Tower,5,21,17,0,43,0,2,61,4,67,5,23,78,4,110,100,0,100,210
04/30/2022,UNV,PA,AEA,EN,Federal Contract Tower,4,21,5,0,30,0,4,53,0,57,4,25,58,0,87,48,0,48,135
05/01/2022,UNV,PA,AEA,EN,Federal Contract Tower,3,12,11,0,26,0,1,14,0,15,3,13,25,0,41,46,0,46,87
05/02/2022,UNV,PA,AEA,EN,Federal Contract Tower,3,17,6,0,26,0,1,19,0,20,3,18,25,0,46,34,0,34,80
05/03/2022,UNV,PA,AEA,EN,Federal Contract Tower,2,23,5,1,31,0,10,33,3,46,2,33,38,4,77,80,4,84,161
05/04/2022,UNV,PA,AEA,EN,Federal Contract Tower,5,29,14,0,48,0,0,7,0,7,5,29,21,0,55,2,0,2,57
05/05/2022,UNV,PA,AEA,EN,Federal Contract Tower,3,18,18,0,39,0,2,72,0,74,3,20,90,0,113,70,0,70,183
05/06/2022,UNV,PA,AEA,EN,Federal Contract Tower,3,22,17,0,42,0,0,0,0,0,3,22,17,0,42,0,0,0,42
05/07/2022,UNV,PA,AEA,EN,Federal Contract Tower,9,23,9,0,41,0,2,0,0,2,9,25,9,0,43,0,0,0,43
05/08/2022,UNV,PA,AEA,EN,Federal Contract Tower,4,13,19,0,36,0,2,49,0,51,4,15,68,0,87,46,0,46,133
05/09/2022,UNV,PA,AEA,EN,Federal Contract Tower,3,15,14,0,32,0,12,64,2,78,3,27,78,2,110,118,0,118,228
05/10/2022,UNV,PA,AEA,EN,Federal Contract Tower,3,20,5,0,28,0,20,61,6,87,3,40,66,6,115,114,0,114,229
05/11/2022,UNV,PA,AEA,EN,Federal Contract Tower,5,20,14,2,41,0,10,56,9,75,5,30,70,11,116,26,4,30,146
05/12/2022,UNV,PA,AEA,EN,Federal Contract Tower,3,21,15,2,41,0,4,67,0,71,3,25,82,2,112,122,0,122,234
05/13/2022,UNV,PA,AEA,EN,Federal Contract Tower,1,16,26,0,43,0,1,13,0,14,1,17,39,0,57,74,0,74,131
05/14/2022,UNV,PA,AEA,EN,Federal Contract Tower,7,14,4,0,25,0,2,13,0,15,7,16,17,0,40,42,0,42,82
05/15/2022,UNV,PA,AEA,EN,Federal Contract Tower,5,12,16,0,33,0,0,23,0,23,5,12,39,0,56,60,0,60,116
05/16/2022,UNV,PA,AEA,EN,Federal Contract Tower,4,15,0,0,19,0,3,8,2,13,4,18,8,2,32,0,0,0,32
05/17/2022,UNV,PA,AEA,EN,Federal Contract Tower,3,15,4,0,22,0,12,15,0,27,3,27,19,0,49,20,0,20,69
05/18/2022,UNV,PA,AEA,EN,Federal Contract Tower,2,24,9,0,35,0,2,57,2,61,2,26,66,2,96,86,0,86,182
05/19/2022,UNV,PA,AEA,EN,Federal Contract Tower,5,16,17,0,38,0,2,17,0,19,5,18,34,0,57,6,0,6,63
05/20/2022,UNV,PA,AEA,EN,Federal Contract Tower,5,22,10,0,37,0,4,19,0,23,5,26,29,0,60,98,0,98,158
05/21/2022,UNV,PA,AEA,EN,Federal Contract Tower,3,14,5,0,22,0,4,63,0,67,3,18,68,0,89,34,0,34,123
05/22/2022,UNV,PA,AEA,EN,Federal Contract Tower,7,10,7,0,24,0,3,21,2,26,7,13,28,2,50,32,0,32,82
05/23/2022,UNV,PA,AEA,EN,Federal Contract Tower,3,23,18,2,46,0,4,31,0,35,3,27,49,2,81,110,0,110,191
05/24/2022,UNV,PA,AEA,EN,Federal Contract Tower,3,15,12,0,30,0,4,49,0,53,3,19,61,0,83,216,0,216,299
05/25/2022,UNV,PA,AEA,EN,Federal Contract Tower,2,27,8,0,37,0,10,38,2,50,2,37,46,2,87,70,0,70,157
05/26/2022,UNV,PA,AEA,EN,Federal Contract Tower,4,22,22,0,48,0,0,19,0,19,4,22,41,0,67,52,0,52,119
05/27/2022,UNV,PA,AEA,EN,Federal Contract Tower,4,16,13,0,33,0,5,7,0,12,4,21,20,0,45,6,0,6,51
05/28/2022,UNV,PA,AEA,EN,Federal Contract Tower,3,12,12,0,27,0,2,17,0,19,3,14,29,0,46,112,0,112,158
05/29/2022,UNV,PA,AEA,EN,Federal Contract Tower,5,12,7,0,24,5,86,0,0,91,10,98,7,0,115,98,0,98,213
05/30/2022,UNV,PA,AEA,EN,Federal Contract Tower,3,9,13,0,25,0,4,47,0,51,3,13,60,0,76,56,0,56,132
05/31/2022,UNV,PA,AEA,EN,Federal Contract Tower,3,14,9,0,26,0,6,37,0,43,3,20,46,0,69,86,0,86,155
06/01/2022,UNV,PA,AEA,EN,Federal Contract Tower,4,17,7,0,28,0,9,41,0,50,4,26,48,0,78,42,0,42,120
06/02/2022,UNV,PA,AEA,EN,Federal Contract Tower,2,21,16,0,39,0,2,10,0,12,2,23,26,0,51,46,0,46,97
06/03/2022,UNV,PA,AEA,EN,Federal Contract Tower,2,24,14,0,40,0,11,58,0,69,2,35,72,0,109,44,0,44,153
06/04/2022,UNV,PA,AEA,EN,Federal Contract Tower,3,21,13,0,37,0,7,45,0,52,3,28,58,0,89,84,0,84,173
06/05/2022,UNV,PA,AEA,EN,Federal Contract Tower,3,13,11,0,27,0,6,63,0,69,3,19,74,0,96,86,0,86,182
06/06/2022,UNV,PA,AEA,EN,Federal Contract Tower,3,14,9,2,28,0,0,34,3,37,3,14,43,5,65,114,14,128,193
06/07/2022,UNV,PA,AEA,EN,Federal Contract Tower,3,16,15,2,36,0,2,13,0,15,3,18,28,2,51,8,0,8,59
06/08/2022,UNV,PA,AEA,EN,Federal Contract Tower,4,15,13,1,33,0,4,52,3,59,4,19,65,4,92,138,2,140,232
06/09/2022,UNV,PA,AEA,EN,Federal Contract Tower,3,20,10,2,35,0,10,16,4,30,3,30,26,6,65,36,4,40,105
06/10/2022,UNV,PA,AEA,EN,Federal Contract Tower,3,19,5,0,27,0,1,53,2,56,3,20,58,2,83,146,2,148,231
06/11/2022,UNV,PA,AEA,EN,Federal Contract Tower,3,12,12,0,27,0,1,56,0,57,3,13,68,0,84,62,0,62,146
06/12/2022,UNV,PA,AEA,EN,Federal Contract Tower,3,24,13,2,42,0,0,8,0,8,3,24,21,2,50,30,0,30,80
06/13/2022,UNV,PA,AEA,EN,Federal Contract Tower,3,12,10,1,26,0,2,36,6,44,3,14,46,7,70,72,2,74,144
06/14/2022,UNV,PA,AEA,EN,Federal Contract Tower,3,17,15,0,35,0,5,25,4,34,3,22,40,4,69,90,8,98,167
06/15/2022,UNV,PA,AEA,EN,Federal Contract Tower,3,17,10,0,30,0,9,56,7,72,3,26,66,7,102,48,4,52,154
06/16/2022,UNV,PA,AEA,EN,Federal Contract Tower,6,20,9,0,35,0,4,7,0,11,6,24,16,0,46,48,0,48,94
06/17/2022,UNV,PA,AEA,EN,Federal Contract Tower,3,19,10,0,32,0,12,4,0,16,3,31,14,0,48,0,0,0,48
06/18/2022,UNV,PA,AEA,EN,Federal Contract Tower,3,12,8,0,23,0,4,3,0,7,3,16,11,0,30,0,0,0,30
06/19/2022,UNV,PA,AEA,EN,Federal Contract Tower,3,11,16,0,30,0,5,15,0,20,3,16,31,0,50,0,0,0,50
06/20/2022,UNV,PA,AEA,EN,Federal Contract Tower,3,16,16,2,37,0,7,61,0,68,3,23,77,2,105,96,0,96,201
06/21/2022,UNV,PA,AEA,EN,Federal Contract Tower,3,14,6,0,23,0,3,51,0,54,3,17,57,0,77,52,0,52,129
06/22/2022,UNV,PA,AEA,EN,Federal Contract Tower,1,16,7,0,24,0,10,24,0,34,1,26,31,0,58,34,0,34,92
06/23/2022,UNV,PA,AEA,EN,Federal Contract Tower,3,19,15,0,37,0,5,32,2,39,3,24,47,2,76,82,0,82,158
06/24/2022,UNV,PA,AEA,EN,Federal Contract Tower,2,18,24,0,44,0,4,49,0,53,2,22,73,0,97,42,0,42,139
06/25/2022,UNV,PA,AEA,EN,Federal Contract Tower,1,14,13,0,28,0,2,72,0,74,1,16,85,0,102,96,0,96,198
06/26/2022,UNV,PA,AEA,EN,Federal Contract Tower,3,12,11,0,26,0,5,29,0,34,3,17,40,0,60,56,0,56,116
06/27/2022,UNV,PA,AEA,EN,Federal Contract Tower,3,15,13,0,31,0,5,21,2,28,3,20,34,2,59,16,2,18,77
06/28/2022,UNV,PA,AEA,EN,Federal Contract Tower,3,15,3,0,21,0,7,50,2,59,3,22,53,2,80,30,16,46,126
06/29/2022,UNV,PA,AEA,EN,Federal Contract Tower,3,18,10,5,36,0,5,44,4,53,3,23,54,9,89,60,0,60,149
06/30/2022,UNV,PA,AEA,EN,Federal Contract Tower,3,17,10,0,30,0,5,52,2,59,3,22,62,2,89,62,0,62,151
07/01/2022,UNV,PA,AEA,EN,Federal Contract Tower,2,15,17,0,34,0,5,47,0,52,2,20,64,0,86,64,0,64,150
07/02/2022,UNV,PA,AEA,EN,Federal Contract Tower,1,20,16,0,37,0,5,45,0,50,1,25,61,0,87,62,0,62,149
07/03/2022,UNV,PA,AEA,EN,Federal Contract Tower,2,12,10,0,24,0,8,53,2,63,2,20,63,2,87,44,0,44,131
07/04/2022,UNV,PA,AEA,EN,Federal Contract Tower,3,10,4,0,17,0,4,41,2,47,3,14,45,2,64,72,2,74,138
07/05/2022,UNV,PA,AEA,EN,Federal Contract Tower,2,11,14,0,27,0,4,24,0,28,2,15,38,0,55,106,0,106,161
07/06/2022,UNV,PA,AEA,EN,Federal Contract Tower,3,20,7,0,30,0,3,32,0,35,3,23,39,0,65,86,0,86,151
07/07/2022,UNV,PA,AEA,EN,Federal Contract Tower,3,20,14,0,37,0,10,32,0,42,3,30,46,0,79,24,0,24,103
07/08/2022,UNV,PA,AEA,EN,Federal Contract Tower,0,3,18,22,43,0,7,42,0,49,0,10,60,22,92,68,0,68,160
07/09/2022,UNV,PA,AEA,EN,Federal Contract Tower,1,16,10,0,27,0,8,59,0,67,1,24,69,0,94,128,0,128,222
07/10/2022,UNV,PA,AEA,EN,Federal Contract Tower,3,15,13,0,31,0,2,62,0,64,3,17,75,0,95,134,0,134,229
07/11/2022,UNV,PA,AEA,EN,Federal Contract Tower,5,12,16,0,33,0,4,45,0,49,5,16,61,0,82,134,0,134,216
07/12/2022,UNV,PA,AEA,EN,Federal Contract Tower,5,14,5,0,24,0,5,19,2,26,5,19,24,2,50,36,0,36,86
07/13/2022,UNV,PA,AEA,EN,Federal Contract Tower,5,20,6,0,31,0,3,58,2,63,5,23,64,2,94,98,0,98,192
07/14/2022,UNV,PA,AEA,EN,Federal Contract Tower,5,16,10,0,31,0,11,60,0,71,5,27,70,0,102,106,0,106,208
07/15/2022,UNV,PA,AEA,EN,Federal Contract Tower,3,18,21,0,42,0,2,86,0,88,3,20,107,0,130,96,0,96,226
07/16/2022,UNV,PA,AEA,EN,Federal Contract Tower,1,15,26,2,44,0,7,51,0,58,1,22,77,2,102,102,0,102,204
07/17/2022,UNV,PA,AEA,EN,Federal Contract Tower,3,14,13,0,30,0,0,18,0,18,3,14,31,0,48,62,0,62,110
07/18/2022,UNV,PA,AEA,EN,Federal Contract Tower,2,15,10,0,27,0,3,3,0,6,2,18,13,0,33,0,0,0,33
07/19/2022,UNV,PA,AEA,EN,Federal Contract Tower,3,17,16,0,36,0,9,54,2,65,3,26,70,2,101,44,2,46,147
07/20/2022,UNV,PA,AEA,EN,Federal Contract Tower,3,18,8,1,30,0,4,47,3,54,3,22,55,4,84,44,0,44,128
07/21/2022,UNV,PA,AEA,EN,Federal Contract Tower,5,17,4,0,26,0,8,30,0,38,5,25,34,0,64,48,0,48,112
07/22/2022,UNV,PA,AEA,EN,Federal Contract Tower,3,19,11,0,33,0,0,58,3,61,3,19,69,3,94,120,0,120,214
07/23/2022,UNV,PA,AEA,EN,Federal Contract Tower,1,12,8,0,21,0,5,57,0,62,1,17,65,0,83,118,0,118,201
07/24/2022,UNV,PA,AEA,EN,Federal Contract Tower,3,12,12,0,27,0,7,28,2,37,3,19,40,2,64,70,0,70,134
07/25/2022,UNV,PA,AEA,EN,Federal Contract Tower,3,15,6,0,24,0,3,19,1,23,3,18,25,1,47,14,0,14,61
07/26/2022,UNV,PA,AEA,EN,Federal Contract Tower,3,17,9,0,29,0,7,56,4,67,3,24,65,4,96,62,0,62,158
07/27/2022,UNV,PA,AEA,EN,Federal Contract Tower,5,16,10,0,31,0,2,29,0,31,5,18,39,0,62,52,0,52,114
07/28/2022,UNV,PA,AEA,EN,Federal Contract Tower,3,19,8,0,30,0,6,10,0,16,3,25,18,0,46,4,0,4,50
07/29/2022,UNV,PA,AEA,EN,Federal Contract Tower,4,18,8,0,30,0,6,37,0,43,4,24,45,0,73,22,0,22,95
07/30/2022,UNV,PA,AEA,EN,Federal Contract Tower,1,13,9,0,23,0,2,45,0,47,1,15,54,0,70,40,0,40,110
07/31/2022,UNV,PA,AEA,EN,Federal Contract Tower,3,10,12,0,25,0,0,29,0,29,3,10,41,0,54,8,0,8,62
08/01/2022,UNV,PA,AEA,EN,Federal Contract Tower,3,13,4,0,20,0,4,18,0,22,3,17,22,0,42,88,0,88,130
08/02/2022,UNV,PA,AEA,EN,Federal Contract Tower,3,15,6,0,24,0,4,41,0,45,3,19,47,0,69,58,0,58,127
08/03/2022,UNV,PA,AEA,EN,Federal Contract Tower,3,15,6,0,24,0,0,30,0,30,3,15,36,0,54,24,0,24,78
08/04/2022,UNV,PA,AEA,EN,Federal Contract Tower,4,15,12,0,31,0,2,18,0,20,4,17,30,0,51,22,0,22,73
08/05/2022,UNV,PA,AEA,EN,Federal Contract Tower,2,18,12,0,32,0,2,14,0,16,2,20,26,0,48,16,0,16,64
08/06/2022,UNV,PA,AEA,EN,Federal Contract Tower,4,14,10,0,28,0,6,25,0,31,4,20,35,0,59,18,0,18,77
08/07/2022,UNV,PA,AEA,EN,Federal Contract Tower,3,13,20,0,36,0,0,16,0,16,3,13,36,0,52,38,0,38,90
08/08/2022,UNV,PA,AEA,EN,Federal Contract Tower,4,14,6,0,24,0,11,50,0,61,4,25,56,0,85,60,0,60,145
08/09/2022,UNV,PA,AEA,EN,Federal Contract Tower,3,15,4,0,22,0,2,29,0,31,3,17,33,0,53,40,0,40,93
08/10/2022,UNV,PA,AEA,EN,Federal Contract Tower,3,16,5,0,24,0,2,32,4,38,3,18,37,4,62,76,0,76,138
08/11/2022,UNV,PA,AEA,EN,Federal Contract Tower,3,16,15,0,34,0,6,58,0,64,3,22,73,0,98,64,0,64,162
08/12/2022,UNV,PA,AEA,EN,Federal Contract Tower,3,20,7,0,30,0,2,49,0,51,3,22,56,0,81,40,0,40,121
08/13/2022,UNV,PA,AEA,EN,Federal Contract Tower,1,15,14,0,30,0,2,78,0,80,1,17,92,0,110,110,0,110,220
08/14/2022,UNV,PA,AEA,EN,Federal Contract Tower,3,9,11,0,23,0,3,52,0,55,3,12,63,0,78,52,0,52,130
08/15/2022,UNV,PA,AEA,EN,Federal Contract Tower,3,21,13,2,39,0,0,11,0,11,3,21,24,2,50,12,0,12,62
08/16/2022,UNV,PA,AEA,EN,Federal Contract Tower,2,14,7,1,24,0,2,25,0,27,2,16,32,1,51,116,0,116,167
08/17/2022,UNV,PA,AEA,EN,Federal Contract Tower,5,20,8,0,33,0,3,40,0,43,5,23,48,0,76,74,0,74,150
08/18/2022,UNV,PA,AEA,EN,Federal Contract Tower,5,19,14,0,38,0,4,51,0,55,5,23,65,0,93,116,0,116,209
08/19/2022,UNV,PA,AEA,EN,Federal Contract Tower,3,18,14,0,35,0,7,66,0,73,3,25,80,0,108,124,0,124,232
08/20/2022,UNV,PA,AEA,EN,Federal Contract Tower,1,14,14,0,29,0,0,76,0,76,1,14,90,0,105,84,0,84,189
08/21/2022,UNV,PA,AEA,EN,Federal Contract Tower,3,14,14,0,31,0,0,4,0,4,3,14,18,0,35,14,0,14,49
08/22/2022,UNV,PA,AEA,EN,Federal Contract Tower,4,19,3,0,26,0,2,13,0,15,4,21,16,0,41,48,0,48,89
08/23/2022,UNV,PA,AEA,EN,Federal Contract Tower,2,17,15,0,34,0,15,44,2,61,2,32,59,2,95,124,0,124,219
08/24/2022,UNV,PA,AEA,EN,Federal Contract Tower,3,20,10,0,33,0,19,67,0,86,3,39,77,0,119,88,0,88,207
08/25/2022,UNV,PA,AEA,EN,Federal Contract Tower,3,22,8,4,37,0,0,47,0,47,3,22,55,4,84,34,0,34,118
08/26/2022,UNV,PA,AEA,EN,Federal Contract Tower,4,16,6,0,26,0,5,44,0,49,4,21,50,0,75,32,0,32,107
08/27/2022,UNV,PA,AEA,EN,Federal Contract Tower,1,13,11,0,25,0,3,55,0,58,1,16,66,0,83,116,0,116,199
08/28/2022,UNV,PA,AEA,EN,Federal Contract Tower,4,10,9,0,23,0,2,48,2,52,4,12,57,2,75,60,0,60,135
08/29/2022,UNV,PA,AEA,EN,Federal Contract Tower,3,14,12,0,29,0,3,33,4,40,3,17,45,4,69,158,0,158,227
08/30/2022,UNV,PA,AEA,EN,Federal Contract Tower,1,16,5,0,22,0,7,3,0,10,1,23,8,0,32,10,0,10,42
08/31/2022,UNV,PA,AEA,EN,Federal Contract Tower,5,17,4,2,28,0,3,75,2,80,5,20,79,4,108,102,2,104,212
09/01/2022,UNV,PA,AEA,EN,Federal Contract Tower,3,19,15,0,37,0,6,66,0,72,3,25,81,0,109,26,0,26,135
09/02/2022,UNV,PA,AEA,EN,Federal Contract Tower,3,20,7,0,30,0,3,96,0,99,3,23,103,0,129,154,0,154,283
09/03/2022,UNV,PA,AEA,EN,Federal Contract Tower,1,15,23,1,40,0,8,40,7,55,1,23,63,8,95,82,0,82,177
09/04/2022,UNV,PA,AEA,EN,Federal Contract Tower,4,15,15,0,34,0,2,15,4,21,4,17,30,4,55,38,0,38,93
09/05/2022,UNV,PA,AEA,EN,Federal Contract Tower,3,11,4,0,18,0,0,0,0,0,3,11,4,0,18,0,0,0,18
09/06/2022,UNV,PA,AEA,EN,Federal Contract Tower,4,15,9,1,29,0,0,11,6,17,4,15,20,7,46,28,4,32,78
09/07/2022,UNV,PA,AEA,EN,Federal Contract Tower,3,22,7,1,33,0,0,0,0,0,3,22,7,1,33,0,0,0,33
09/08/2022,UNV,PA,AEA,EN,Federal Contract Tower,3,17,13,0,33,0,5,21,0,26,3,22,34,0,59,62,0,62,121
09/09/2022,UNV,PA,AEA,EN,Federal Contract Tower,3,26,19,2,50,0,8,65,1,74,3,34,84,3,124,90,0,90,214
09/10/2022,UNV,PA,AEA,EN,Federal Contract Tower,4,21,23,1,49,0,1,48,0,49,4,22,71,1,98,6,0,6,104
09/11/2022,UNV,PA,AEA,EN,Federal Contract Tower,3,21,24,0,48,0,4,0,0,4,3,25,24,0,52,0,0,0,52
09/12/2022,UNV,PA,AEA,EN,Federal Contract Tower,3,21,10,0,34,0,0,12,0,12,3,21,22,0,46,6,0,6,52
09/13/2022,UNV,PA,AEA,EN,Federal Contract Tower,3,18,11,0,32,0,4,55,2,61,3,22,66,2,93,58,0,58,151
09/14/2022,UNV,PA,AEA,EN,Federal Contract Tower,3,22,14,0,39,0,9,40,0,49,3,31,54,0,88,58,0,58,146
09/15/2022,UNV,PA,AEA,EN,Federal Contract Tower,5,18,13,0,36,0,7,47,0,54,5,25,60,0,90,40,0,40,130
09/16/2022,UNV,PA,AEA,EN,Federal Contract Tower,4,21,13,0,38,0,13,58,2,73,4,34,71,2,111,42,0,42,153
09/17/2022,UNV,PA,AEA,EN,Federal Contract Tower,2,16,16,1,35,0,11,87,0,98,2,27,103,1,133,120,0,120,253
09/18/2022,UNV,PA,AEA,EN,Federal Contract Tower,2,19,20,0,41,0,2,53,0,55,2,21,73,0,96,56,0,56,152
09/19/2022,UNV,PA,AEA,EN,Federal Contract Tower,2,22,8,0,32,0,5,17,0,22,2,27,25,0,54,46,0,46,100
09/20/2022,UNV,PA,AEA,EN,Federal Contract Tower,2,18,9,1,30,0,0,62,3,65,2,18,71,4,95,100,12,112,207
09/21/2022,UNV,PA,AEA,EN,Federal Contract Tower,2,28,9,0,39,0,6,54,0,60,2,34,63,0,99,96,0,96,195
09/22/2022,UNV,PA,AEA,EN,Federal Contract Tower,4,27,19,0,50,0,4,6,0,10,4,31,25,0,60,0,0,0,60
09/23/2022,UNV,PA,AEA,EN,Federal Contract Tower,6,24,19,0,49,0,6,27,0,33,6,30,46,0,82,18,0,18,100
09/24/2022,UNV,PA,AEA,EN,Federal Contract Tower,3,22,17,0,42,0,8,54,2,64,3,30,71,2,106,14,0,14,120
09/25/2022,UNV,PA,AEA,EN,Federal Contract Tower,2,20,10,0,32,0,1,11,0,12,2,21,21,0,44,0,0,0,44
09/26/2022,UNV,PA,AEA,EN,Federal Contract Tower,4,16,7,0,27,0,3,5,0,8,4,19,12,0,35,8,0,8,43
09/27/2022,UNV,PA,AEA,EN,Federal Contract Tower,4,15,13,0,32,0,8,14,0,22,4,23,27,0,54,0,0,0,54
09/28/2022,UNV,PA,AEA,EN,Federal Contract Tower,3,28,12,0,43,0,2,34,2,38,3,30,46,2,81,126,0,126,207
09/29/2022,UNV,PA,AEA,EN,Federal Contract Tower,4,34,15,0,53,0,6,61,2,69,4,40,76,2,122,114,0,114,236
09/30/2022,UNV,PA,AEA,EN,Federal Contract Tower,5,29,23,2,59,0,0,31,2,33,5,29,54,4,92,74,8,82,174
10/01/2022,UNV,PA,AEA,EN,Federal Contract Tower,6,31,27,0,64,0,1,5,0,6,6,32,32,0,70,0,0,0,70
10/02/2022,UNV,PA,AEA,EN,Federal Contract Tower,4,22,17,0,43,0,2,1,0,3,4,24,18,0,46,0,0,0,46
10/03/2022,UNV,PA,AEA,EN,Federal Contract Tower,3,15,10,0,28,0,1,51,0,52,3,16,61,0,80,104,0,104,184
10/04/2022,UNV,PA,AEA,EN,Federal Contract Tower,1,18,13,2,34,0,4,13,0,17,1,22,26,2,51,14,0,14,65
10/05/2022,UNV,PA,AEA,EN,Federal Contract Tower,3,17,9,5,34,0,3,35,3,41,3,20,44,8,75,100,8,108,183
10/06/2022,UNV,PA,AEA,EN,Federal Contract Tower,7,20,13,2,42,0,0,53,2,55,7,20,66,4,97,72,0,72,169
10/07/2022,UNV,PA,AEA,EN,Federal Contract Tower,5,23,27,0,55,0,1,42,0,43,5,24,69,0,98,46,0,46,144
10/08/2022,UNV,PA,AEA,EN,Federal Contract Tower,5,14,10,0,29,0,0,50,0,50,5,14,60,0,79,22,0,22,101
10/09/2022,UNV,PA,AEA,EN,Federal Contract Tower,7,17,10,0,34,0,1,42,0,43,7,18,52,0,77,58,0,58,135
10/10/2022,UNV,PA,AEA,EN,Federal Contract Tower,5,21,5,0,31,0,3,43,0,46,5,24,48,0,77,48,0,48,125
10/11/2022,UNV,PA,AEA,EN,Federal Contract Tower,5,17,18,0,40,0,5,45,0,50,5,22,63,0,90,142,0,142,232
10/12/2022,UNV,PA,AEA,EN,Federal Contract Tower,5,19,11,0,35,0,4,43,0,47,5,23,54,0,82,50,0,50,132
10/13/2022,UNV,PA,AEA,EN,Federal Contract Tower,7,20,16,0,43,0,0,6,2,8,7,20,22,2,51,0,10,10,61
10/14/2022,UNV,PA,AEA,EN,Federal Contract Tower,7,19,7,4,37,0,2,43,2,47,7,21,50,6,84,98,0,98,182
10/15/2022,UNV,PA,AEA,EN,Federal Contract Tower,7,15,17,0,39,0,4,37,0,41,7,19,54,0,80,38,0,38,118
10/16/2022,UNV,PA,AEA,EN,Federal Contract Tower,5,16,12,0,33,0,3,56,0,59,5,19,68,0,92,36,0,36,128
10/17/2022,UNV,PA,AEA,EN,Federal Contract Tower,6,20,8,0,34,0,5,10,0,15,6,25,18,0,49,36,0,36,85
10/18/2022,UNV,PA,AEA,EN,Federal Contract Tower,5,17,6,0,28,0,6,33,1,40,5,23,39,1,68,88,0,88,156
10/19/2022,UNV,PA,AEA,EN,Federal Contract Tower,6,22,9,0,37,0,0,3,0,3,6,22,12,0,40,2,0,2,42
10/20/2022,UNV,PA,AEA,EN,Federal Contract Tower,5,22,9,0,36,0,4,39,2,45,5,26,48,2,81,116,0,116,197
10/21/2022,UNV,PA,AEA,EN,Federal Contract Tower,6,39,19,0,64,0,8,70,0,78,6,47,89,0,142,42,0,42,184
10/22/2022,UNV,PA,AEA,EN,Federal Contract Tower,6,27,36,1,70,0,13,111,3,127,6,40,147,4,197,64,4,68,265
10/23/2022,UNV,PA,AEA,EN,Federal Contract Tower,5,33,30,0,68,0,3,61,0,64,5,36,91,0,132,90,0,90,222
10/24/2022,UNV,PA,AEA,EN,Federal Contract Tower,6,16,10,0,32,0,5,29,9,43,6,21,39,9,75,42,0,42,117
10/25/2022,UNV,PA,AEA,EN,Federal Contract Tower,5,25,16,0,46,0,3,8,0,11,5,28,24,0,57,30,0,30,87
10/27/2022,UNV,PA,AEA,EN,Federal Contract Tower,7,24,17,1,49,0,0,40,6,46,7,24,57,7,95,94,20,114,209
10/28/2022,UNV,PA,AEA,EN,Federal Contract Tower,10,40,30,0,80,0,9,32,0,41,10,49,62,0,121,36,2,38,159
10/29/2022,UNV,PA,AEA,EN,Federal Contract Tower,8,55,31,0,94,0,10,108,5,123,8,65,139,5,217,0,0,0,217
10/30/2022,UNV,PA,AEA,EN,Federal Contract Tower,5,40,24,2,71,0,1,84,0,85,5,41,108,2,156,90,0,90,246
10/31/2022,UNV,PA,AEA,EN,Federal Contract Tower,5,21,7,0,33,0,1,9,0,10,5,22,16,0,43,138,0,138,181
11/01/2022,UNV,PA,AEA,EN,Federal Contract Tower,5,20,12,0,37,0,2,4,0,6,5,22,16,0,43,12,0,12,55
11/02/2022,UNV,PA,AEA,EN,Federal Contract Tower,4,18,11,0,33,0,6,35,0,41,4,24,46,0,74,46,0,46,120
11/03/2022,UNV,PA,AEA,EN,Federal Contract Tower,8,20,8,0,36,0,0,48,0,48,8,20,56,0,84,56,0,56,140
11/04/2022,UNV,PA,AEA,EN,Federal Contract Tower,7,22,13,0,42,0,3,42,0,45,7,25,55,0,87,42,0,42,129
11/05/2022,UNV,PA,AEA,EN,Federal Contract Tower,3,18,16,0,37,0,3,1,0,4,3,21,17,0,41,14,0,14,55
11/06/2022,UNV,PA,AEA,EN,Federal Contract Tower,7,21,10,1,39,0,1,7,0,8,7,22,17,1,47,24,0,24,71
11/07/2022,UNV,PA,AEA,EN,Federal Contract Tower,5,18,7,0,30,0,8,20,0,28,5,26,27,0,58,48,6,54,112
11/08/2022,UNV,PA,AEA,EN,Federal Contract Tower,6,20,4,0,30,0,7,17,2,26,6,27,21,2,56,6,0,6,62
11/09/2022,UNV,PA,AEA,EN,Federal Contract Tower,8,17,3,1,29,0,16,53,0,69,8,33,56,1,98,46,0,46,144
11/10/2022,UNV,PA,AEA,EN,Federal Contract Tower,5,26,5,4,40,0,9,46,0,55,5,35,51,4,95,70,0,70,165
11/11/2022,UNV,PA,AEA,EN,Federal Contract Tower,5,22,10,0,37,0,0,0,0,0,5,22,10,0,37,0,0,0,37
11/12/2022,UNV,PA,AEA,EN,Federal Contract Tower,5,19,16,0,40,0,5,4,0,9,5,24,20,0,49,0,0,0,49
11/13/2022,UNV,PA,AEA,EN,Federal Contract Tower,5,20,6,0,31,0,0,2,0,2,5,20,8,0,33,0,0,0,33
11/14/2022,UNV,PA,AEA,EN,Federal Contract Tower,3,27,8,0,38,0,8,24,0,32,3,35,32,0,70,68,0,68,138
11/15/2022,UNV,PA,AEA,EN,Federal Contract Tower,5,16,10,0,31,0,7,3,0,10,5,23,13,0,41,20,0,20,61
11/16/2022,UNV,PA,AEA,EN,Federal Contract Tower,7,26,6,0,39,0,7,2,0,9,7,33,8,0,48,2,0,2,50
11/17/2022,UNV,PA,AEA,EN,Federal Contract Tower,7,25,6,0,38,0,0,2,0,2,7,25,8,0,40,0,0,0,40
11/18/2022,UNV,PA,AEA,EN,Federal Contract Tower,4,19,9,4,36,0,7,3,0,10,4,26,12,4,46,0,0,0,46
11/19/2022,UNV,PA,AEA,EN,Federal Contract Tower,10,16,17,0,43,0,3,25,1,29,10,19,42,1,72,22,0,22,94
11/20/2022,UNV,PA,AEA,EN,Federal Contract Tower,5,14,4,0,23,0,2,2,0,4,5,16,6,0,27,0,0,0,27
11/21/2022,UNV,PA,AEA,EN,Federal Contract Tower,5,18,3,0,26,0,2,27,0,29,5,20,30,0,55,14,0,14,69
11/22/2022,UNV,PA,AEA,EN,Federal Contract Tower,7,18,9,2,36,0,2,52,0,54,7,20,61,2,90,42,0,42,132
11/23/2022,UNV,PA,AEA,EN,Federal Contract Tower,5,17,14,0,36,0,13,43,2,58,5,30,57,2,94,30,0,30,124
11/24/2022,UNV,PA,AEA,EN,Federal Contract Tower,5,9,2,0,16,0,5,37,0,42,5,14,39,0,58,10,0,10,68
11/25/2022,UNV,PA,AEA,EN,Federal Contract Tower,8,16,8,0,32,0,4,3,0,7,8,20,11,0,39,0,0,0,39
11/26/2022,UNV,PA,AEA,EN,Federal Contract Tower,11,17,17,0,45,0,10,41,1,52,11,27,58,1,97,20,0,20,117
11/27/2022,UNV,PA,AEA,EN,Federal Contract Tower,5,27,11,0,43,0,0,1,0,1,5,27,12,0,44,0,0,0,44
11/28/2022,UNV,PA,AEA,EN,Federal Contract Tower,7,15,9,0,31,0,4,9,0,13,7,19,18,0,44,0,0,0,44
11/29/2022,UNV,PA,AEA,EN,Federal Contract Tower,6,18,3,0,27,0,16,44,0,60,6,34,47,0,87,58,0,58,145
11/30/2022,UNV,PA,AEA,EN,Federal Contract Tower,9,16,7,0,32,0,0,0,0,0,9,16,7,0,32,0,0,0,32
12/01/2022,UNV,PA,AEA,EN,Federal Contract Tower,3,26,0,0,29,0,0,28,0,28,3,26,28,0,57,50,0,50,107
12/02/2022,UNV,PA,AEA,EN,Federal Contract Tower,8,16,15,2,41,0,2,40,4,46,8,18,55,6,87,64,0,64,151
12/03/2022,UNV,PA,AEA,EN,Federal Contract Tower,5,14,5,0,24,0,15,2,0,17,5,29,7,0,41,0,0,0,41
12/04/2022,UNV,PA,AEA,EN,Federal Contract Tower,5,13,10,0,28,0,4,59,1,64,5,17,69,1,92,34,0,34,126
12/05/2022,UNV,PA,AEA,EN,Federal Contract Tower,5,19,6,0,30,0,0,35,4,39,5,19,41,4,69,90,0,90,159
12/06/2022,UNV,PA,AEA,EN,Federal Contract Tower,9,15,12,0,36,0,0,0,0,0,9,15,12,0,36,0,0,0,36
12/07/2022,UNV,PA,AEA,EN,Federal Contract Tower,10,19,8,1,38,0,6,7,0,13,10,25,15,1,51,20,0,20,71
12/08/2022,UNV,PA,AEA,EN,Federal Contract Tower,7,21,18,0,46,0,4,20,1,25,7,25,38,1,71,64,0,64,135
12/09/2022,UNV,PA,AEA,EN,Federal Contract Tower,12,23,9,0,44,0,8,31,2,41,12,31,40,2,85,10,12,22,107
12/10/2022,UNV,PA,AEA,EN,Federal Contract Tower,6,12,9,0,27,0,3,47,2,52,6,15,56,2,79,70,0,70,149
12/11/2022,UNV,PA,AEA,EN,Federal Contract Tower,5,12,5,0,22,0,0,0,0,0,5,12,5,0,22,0,0,0,22
12/12/2022,UNV,PA,AEA,EN,Federal Contract Tower,5,14,4,3,26,0,0,16,1,17,5,14,20,4,43,18,0,18,61
12/13/2022,UNV,PA,AEA,EN,Federal Contract Tower,4,21,11,2,38,0,6,48,8,62,4,27,59,10,100,28,2,30,130
12/14/2022,UNV,PA,AEA,EN,Federal Contract Tower,5,24,11,0,40,0,9,49,4,62,5,33,60,4,102,40,0,40,142
12/15/2022,UNV,PA,AEA,EN,Federal Contract Tower,5,6,1,0,12,0,0,0,0,0,5,6,1,0,12,0,0,0,12
12/16/2022,UNV,PA,AEA,EN,Federal Contract Tower,5,17,7,0,29,0,3,0,0,3,5,20,7,0,32,0,0,0,32
12/17/2022,UNV,PA,AEA,EN,Federal Contract Tower,6,17,10,0,33,0,2,16,0,18,6,19,26,0,51,6,0,6,57
12/18/2022,UNV,PA,AEA,EN,Federal Contract Tower,6,8,4,0,18,0,3,10,0,13,6,11,14,0,31,18,0,18,49
12/19/2022,UNV,PA,AEA,EN,Federal Contract Tower,6,8,10,1,25,0,5,20,0,25,6,13,30,1,50,44,0,44,94
12/20/2022,UNV,PA,AEA,EN,Federal Contract Tower,6,10,9,3,28,0,3,21,7,31,6,13,30,10,59,34,32,66,125
12/21/2022,UNV,PA,AEA,EN,Federal Contract Tower,6,17,19,2,44,0,5,43,2,50,6,22,62,4,94,48,0,48,142
12/22/2022,UNV,PA,AEA,EN,Federal Contract Tower,7,10,2,0,19,0,0,0,0,0,7,10,2,0,19,0,0,0,19
12/23/2022,UNV,PA,AEA,EN,Federal Contract Tower,3,3,0,0,6,0,0,0,0,0,3,3,0,0,6,0,0,0,6
12/24/2022,UNV,PA,AEA,EN,Federal Contract Tower,5,7,0,0,12,0,0,0,0,0,5,7,0,0,12,0,0,0,12
12/25/2022,UNV,PA,AEA,EN,Federal Contract Tower,6,6,0,0,12,0,4,0,0,4,6,10,0,0,16,0,0,0,16
12/26/2022,UNV,PA,AEA,EN,Federal Contract Tower,6,10,2,0,18,0,4,15,0,19,6,14,17,0,37,4,0,4,41
12/27/2022,UNV,PA,AEA,EN,Federal Contract Tower,5,8,14,0,27,0,0,0,0,0,5,8,14,0,27,0,0,0,27
12/28/2022,UNV,PA,AEA,EN,Federal Contract Tower,7,14,10,0,31,0,4,29,0,33,7,18,39,0,64,38,0,38,102
12/29/2022,UNV,PA,AEA,EN,Federal Contract Tower,6,13,9,0,28,0,8,38,0,46,6,21,47,0,74,42,0,42,116
12/30/2022,UNV,PA,AEA,EN,Federal Contract Tower,5,19,5,0,29,0,3,24,0,27,5,22,29,0,56,10,0,10,66
12/31/2022,UNV,PA,AEA,EN,Federal Contract Tower,6,11,3,0,20,0,0,4,0,4,6,11,7,0,24,0,0,0,24
01/01/2023,UNV,PA,AEA,EN,Federal Contract Tower,5,11,5,0,21,0,2,19,0,21,5,13,24,0,42,36,0,36,78
01/02/2023,UNV,PA,AEA,EN,Federal Contract Tower,6,11,6,0,23,0,0,2,0,2,6,11,8,0,25,0,0,0,25
01/03/2023,UNV,PA,AEA,EN,Federal Contract Tower,7,12,3,0,22,0,0,0,0,0,7,12,3,0,22,0,0,0,22
01/04/2023,UNV,PA,AEA,EN,Federal Contract Tower,9,15,9,0,33,0,0,10,0,10,9,15,19,0,43,14,0,14,57
01/05/2023,UNV,PA,AEA,EN,Federal Contract Tower,10,13,8,0,31,0,9,33,4,46,10,22,41,4,77,34,0,34,111
01/06/2023,UNV,PA,AEA,EN,Federal Contract Tower,13,8,4,0,25,0,4,3,0,7,13,12,7,0,32,18,0,18,50
01/07/2023,UNV,PA,AEA,EN,Federal Contract Tower,9,12,1,0,22,0,5,11,0,16,9,17,12,0,38,32,0,32,70
01/08/2023,UNV,PA,AEA,EN,Federal Contract Tower,8,10,12,0,30,0,2,17,0,19,8,12,29,0,49,50,0,50,99
01/09/2023,UNV,PA,AEA,EN,Federal Contract Tower,12,11,3,0,26,0,5,14,0,19,12,16,17,0,45,12,0,12,57
01/10/2023,UNV,PA,AEA,EN,Federal Contract Tower,13,16,6,0,35,0,2,15,4,21,13,18,21,4,56,88,2,90,146
01/11/2023,UNV,PA,AEA,EN,Federal Contract Tower,8,15,8,0,31,0,8,22,4,34,8,23,30,4,65,16,0,16,81
01/12/2023,UNV,PA,AEA,EN,Federal Contract Tower,10,14,5,0,29,0,0,0,0,0,10,14,5,0,29,0,0,0,29
01/13/2023,UNV,PA,AEA,EN,Federal Contract Tower,13,19,9,0,41,0,0,0,0,0,13,19,9,0,41,0,0,0,41
01/14/2023,UNV,PA,AEA,EN,Federal Contract Tower,12,10,4,0,26,0,4,11,0,15,12,14,15,0,41,22,0,22,63
01/15/2023,UNV,PA,AEA,EN,Federal Contract Tower,11,9,11,0,31,0,0,25,2,27,11,9,36,2,58,56,0,56,114
01/16/2023,UNV,PA,AEA,EN,Federal Contract Tower,11,10,4,0,25,0,8,67,3,78,11,18,71,3,103,74,26,100,203
01/17/2023,UNV,PA,AEA,EN,Federal Contract Tower,11,15,3,0,29,0,0,0,0,0,11,15,3,0,29,0,0,0,29
01/18/2023,UNV,PA,AEA,EN,Federal Contract Tower,11,12,6,0,29,0,4,2,0,6,11,16,8,0,35,14,0,14,49
01/19/2023,UNV,PA,AEA,EN,Federal Contract Tower,13,20,6,0,39,0,0,0,0,0,13,20,6,0,39,0,0,0,39
01/20/2023,UNV,PA,AEA,EN,Federal Contract Tower,13,16,16,0,45,0,0,1,0,1,13,16,17,0,46,0,0,0,46
01/21/2023,UNV,PA,AEA,EN,Federal Contract Tower,11,11,11,0,33,0,2,16,0,18,11,13,27,0,51,42,0,42,93
01/22/2023,UNV,PA,AEA,EN,Federal Contract Tower,10,13,15,0,38,0,0,6,0,6,10,13,21,0,44,32,0,32,76
01/23/2023,UNV,PA,AEA,EN,Federal Contract Tower,9,18,5,0,32,0,4,0,0,4,9,22,5,0,36,0,0,0,36
01/24/2023,UNV,PA,AEA,EN,Federal Contract Tower,10,13,11,2,36,0,0,7,2,9,10,13,18,4,45,2,4,6,51
01/25/2023,UNV,PA,AEA,EN,Federal Contract Tower,9,19,1,0,29,0,0,0,0,0,9,19,1,0,29,0,0,0,29
01/26/2023,UNV,PA,AEA,EN,Federal Contract Tower,12,23,9,3,47,0,7,0,2,9,12,30,9,5,56,0,0,0,56
01/27/2023,UNV,PA,AEA,EN,Federal Contract Tower,12,13,18,1,44,0,5,46,12,63,12,18,64,13,107,80,0,80,187
01/28/2023,UNV,PA,AEA,EN,Federal Contract Tower,12,7,13,0,32,0,1,38,3,42,12,8,51,3,74,28,6,34,108
01/29/2023,UNV,PA,AEA,EN,Federal Contract Tower,13,7,6,0,26,0,0,9,0,9,13,7,15,0,35,20,0,20,55
01/30/2023,UNV,PA,AEA,EN,Federal Contract Tower,10,9,10,0,29,0,4,6,0,10,10,13,16,0,39,56,0,56,95
01/31/2023,UNV,PA,AEA,EN,Federal Contract Tower,11,15,7,0,33,0,2,37,0,39,11,17,44,0,72,68,0,68,140
02/01/2023,UNV,PA,AEA,EN,Federal Contract Tower,11,17,10,0,38,0,4,56,0,60,11,21,66,0,98,42,0,42,140
02/02/2023,UNV,PA,AEA,EN,Federal Contract Tower,13,12,8,4,37,0,4,38,2,44,13,16,46,6,81,70,0,70,151
02/03/2023,UNV,PA,AEA,EN,Federal Contract Tower,10,12,5,0,27,0,0,2,0,2,10,12,7,0,29,0,0,0,29
02/04/2023,UNV,PA,AEA,EN,Federal Contract Tower,13,8,4,0,25,0,15,28,0,43,13,23,32,0,68,76,0,76,144
02/05/2023,UNV,PA,AEA,EN,Federal Contract Tower,12,7,4,0,23,0,2,17,0,19,12,9,21,0,42,30,0,30,72
02/06/2023,UNV,PA,AEA,EN,Federal Contract Tower,10,8,7,0,25,0,0,14,4,18,10,8,21,4,43,46,0,46,89
02/07/2023,UNV,PA,AEA,EN,Federal Contract Tower,12,14,15,0,41,0,0,10,9,19,12,14,25,9,60,2,0,2,62
02/08/2023,UNV,PA,AEA,EN,Federal Contract Tower,9,11,11,0,31,0,4,24,7,35,9,15,35,7,66,20,0,20,86
02/09/2023,UNV,PA,AEA,EN,Federal Contract Tower,11,12,7,0,30,0,5,6,0,11,11,17,13,0,41,0,0,0,41
02/10/2023,UNV,PA,AEA,EN,Federal Contract Tower,12,15,5,0,32,0,0,2,0,2,12,15,7,0,34,8,0,8,42
02/11/2023,UNV,PA,AEA,EN,Federal Contract Tower,12,12,3,0,27,0,0,41,0,41,12,12,44,0,68,58,0,58,126
02/12/2023,UNV,PA,AEA,EN,Federal Contract Tower,13,6,3,0,22,0,0,27,2,29,13,6,30,2,51,2,0,2,53
02/13/2023,UNV,PA,AEA,EN,Federal Contract Tower,8,13,3,0,24,0,2,18,0,20,8,15,21,0,44,8,0,8,52
02/14/2023,UNV,PA,AEA,EN,Federal Contract Tower,10,16,5,0,31,0,1,45,0,46,10,17,50,0,77,50,0,50,127
02/15/2023,UNV,PA,AEA,EN,Federal Contract Tower,11,15,8,0,34,0,2,15,0,17,11,17,23,0,51,14,0,14,65
02/16/2023,UNV,PA,AEA,EN,Federal Contract Tower,11,17,7,0,35,0,3,18,0,21,11,20,25,0,56,0,0,0,56
02/17/2023,UNV,PA,AEA,EN,Federal Contract Tower,11,26,4,0,41,0,0,4,0,4,11,26,8,0,45,8,0,8,53
02/18/2023,UNV,PA,AEA,EN,Federal Contract Tower,12,14,10,2,38,0,2,76,0,78,12,16,86,2,116,168,0,168,284
02/19/2023,UNV,PA,AEA,EN,Federal Contract Tower,10,15,10,0,35,0,6,47,2,55,10,21,57,2,90,50,0,50,140
02/20/2023,UNV,PA,AEA,EN,Federal Contract Tower,9,11,10,0,30,0,3,22,1,26,9,14,32,1,56,12,0,12,68
02/21/2023,UNV,PA,AEA,EN,Federal Contract Tower,12,16,7,4,39,0,0,4,0,4,12,16,11,4,43,0,0,0,43
02/22/2023,UNV,PA,AEA,EN,Federal Contract Tower,10,21,6,0,37,0,1,0,1,2,10,22,6,1,39,0,0,0,39
02/23/2023,UNV,PA,AEA,EN,Federal Contract Tower,12,20,8,1,41,0,10,31,2,43,12,30,39,3,84,42,0,42,126
02/24/2023,UNV,PA,AEA,EN,Federal Contract Tower,13,11,8,2,34,0,2,7,0,9,13,13,15,2,43,0,0,0,43
02/25/2023,UNV,PA,AEA,EN,Federal Contract Tower,13,10,7,0,30,0,4,60,0,64,13,14,67,0,94,28,0,28,122
02/26/2023,UNV,PA,AEA,EN,Federal Contract Tower,10,8,15,0,33,0,2,8,0,10,10,10,23,0,43,6,0,6,49
02/27/2023,UNV,PA,AEA,EN,Federal Contract Tower,10,8,8,0,26,0,2,24,0,26,10,10,32,0,52,26,0,26,78
02/28/2023,UNV,PA,AEA,EN,Federal Contract Tower,12,13,2,0,27,0,8,4,2,14,12,21,6,2,41,8,0,8,49
03/01/2023,UNV,PA,AEA,EN,Federal Contract Tower,11,19,4,0,34,0,2,34,2,38,11,21,38,2,72,70,0,70,142
03/02/2023,UNV,PA,AEA,EN,Federal Contract Tower,16,17,2,2,37,0,0,46,0,46,16,17,48,2,83,36,2,38,121
03/03/2023,UNV,PA,AEA,EN,Federal Contract Tower,7,11,13,0,31,0,3,8,0,11,7,14,21,0,42,28,0,28,70
03/04/2023,UNV,PA,AEA,EN,Federal Contract Tower,10,14,6,0,30,0,4,3,0,7,10,18,9,0,37,0,0,0,37
03/05/2023,UNV,PA,AEA,EN,Federal Contract Tower,10,12,9,0,31,0,6,28,0,34,10,18,37,0,65,40,0,40,105
03/06/2023,UNV,PA,AEA,EN,Federal Contract Tower,11,15,7,3,36,0,4,35,4,43,11,19,42,7,79,80,0,80,159
03/07/2023,UNV,PA,AEA,EN,Federal Contract Tower,12,9,7,0,28,0,2,10,0,12,12,11,17,0,40,0,0,0,40
03/08/2023,UNV,PA,AEA,EN,Federal Contract Tower,10,14,5,1,30,0,8,24,1,33,10,22,29,2,63,24,4,28,91
03/09/2023,UNV,PA,AEA,EN,Federal Contract Tower,9,19,6,0,34,0,2,53,8,63,9,21,59,8,97,84,2,86,183
03/10/2023,UNV,PA,AEA,EN,Federal Contract Tower,10,18,8,0,36,0,0,0,0,0,10,18,8,0,36,0,0,0,36
03/11/2023,UNV,PA,AEA,EN,Federal Contract Tower,9,14,4,0,27,0,4,13,0,17,9,18,17,0,44,8,0,8,52
03/12/2023,UNV,PA,AEA,EN,Federal Contract Tower,10,17,10,0,37,0,9,22,0,31,10,26,32,0,68,30,0,30,98
03/13/2023,UNV,PA,AEA,EN,Federal Contract Tower,10,15,5,0,30,0,0,1,0,1,10,15,6,0,31,0,0,0,31
03/14/2023,UNV,PA,AEA,EN,Federal Contract Tower,13,15,7,0,35,0,2,4,0,6,13,17,11,0,41,0,0,0,41
03/15/2023,UNV,PA,AEA,EN,Federal Contract Tower,9,19,8,2,38,0,8,15,0,23,9,27,23,2,61,8,4,12,73
03/16/2023,UNV,PA,AEA,EN,Federal Contract Tower,10,22,20,0,52,0,5,69,2,76,10,27,89,2,128,94,0,94,222
03/17/2023,UNV,PA,AEA,EN,Federal Contract Tower,9,14,12,2,37,0,0,5,0,5,9,14,17,2,42,12,0,12,54
03/18/2023,UNV,PA,AEA,EN,Federal Contract Tower,10,14,7,0,31,0,5,20,2,27,10,19,27,2,58,22,0,22,80
03/19/2023,UNV,PA,AEA,EN,Federal Contract Tower,13,11,19,0,43,0,2,7,0,9,13,13,26,0,52,14,0,14,66
03/20/2023,UNV,PA,AEA,EN,Federal Contract Tower,9,14,12,0,35,0,4,45,0,49,9,18,57,0,84,46,0,46,130
03/21/2023,UNV,PA,AEA,EN,Federal Contract Tower,9,15,7,0,31,0,0,68,6,74,9,15,75,6,105,92,8,100,205
03/22/2023,UNV,PA,AEA,EN,Federal Contract Tower,10,17,9,0,36,0,6,55,0,61,10,23,64,0,97,122,0,122,219
03/23/2023,UNV,PA,AEA,EN,Federal Contract Tower,10,26,14,2,52,0,0,0,5,5,10,26,14,7,57,0,0,0,57
03/24/2023,UNV,PA,AEA,EN,Federal Contract Tower,9,22,17,0,48,0,7,38,5,50,9,29,55,5,98,68,0,68,166
03/25/2023,UNV,PA,AEA,EN,Federal Contract Tower,9,18,13,0,40,0,0,0,0,0,9,18,13,0,40,0,0,0,40
03/26/2023,UNV,PA,AEA,EN,Federal Contract Tower,11,15,14,0,40,0,2,12,0,14,11,17,26,0,54,0,0,0,54
03/27/2023,UNV,PA,AEA,EN,Federal Contract Tower,12,14,8,0,34,0,4,42,0,46,12,18,50,0,80,110,0,110,190
03/28/2023,UNV,PA,AEA,EN,Federal Contract Tower,6,14,2,0,22,0,0,22,1,23,6,14,24,1,45,64,0,64,109
03/29/2023,UNV,PA,AEA,EN,Federal Contract Tower,11,13,5,2,31,0,3,38,4,45,11,16,43,6,76,76,0,76,152
03/30/2023,UNV,PA,AEA,EN,Federal Contract Tower,12,19,20,3,54,0,0,75,6,81,12,19,95,9,135,136,2,138,273
03/31/2023,UNV,PA,AEA,EN,Federal Contract Tower,10,20,9,0,39,0,0,13,2,15,10,20,22,2,54,24,0,24,78
04/01/2023,UNV,PA,AEA,EN,Federal Contract Tower,7,11,6,0,24,0,2,3,0,5,7,13,9,0,29,4,0,4,33
04/02/2023,UNV,PA,AEA,EN,Federal Contract Tower,10,15,9,0,34,0,8,44,0,52,10,23,53,0,86,10,0,10,96
04/03/2023,UNV,PA,AEA,EN,Federal Contract Tower,10,17,4,0,31,0,4,28,0,32,10,21,32,0,63,16,0,16,79
04/04/2023,UNV,PA,AEA,EN,Federal Contract Tower,13,14,14,0,41,0,9,46,6,61,13,23,60,6,102,84,0,84,186
04/05/2023,UNV,PA,AEA,EN,Federal Contract Tower,9,17,7,3,36,0,0,30,4,34,9,17,37,7,70,34,0,34,104
04/06/2023,UNV,PA,AEA,EN,Federal Contract Tower,10,17,20,0,47,0,0,15,0,15,10,17,35,0,62,50,0,50,112
04/07/2023,UNV,PA,AEA,EN,Federal Contract Tower,12,16,17,1,46,0,2,49,1,52,12,18,66,2,98,24,0,24,122
04/08/2023,UNV,PA,AEA,EN,Federal Contract Tower,10,19,5,0,34,0,6,82,0,88,10,25,87,0,122,34,0,34,156
04/09/2023,UNV,PA,AEA,EN,Federal Contract Tower,12,16,6,0,34,0,1,62,1,64,12,17,68,1,98,80,0,80,178
04/10/2023,UNV,PA,AEA,EN,Federal Contract Tower,14,11,2,0,27,0,8,60,1,69,14,19,62,1,96,80,0,80,176
04/11/2023,UNV,PA,AEA,EN,Federal Contract Tower,16,13,7,2,38,0,5,28,4,37,16,18,35,6,75,32,0,32,107
04/12/2023,UNV,PA,AEA,EN,Federal Contract Tower,12,21,7,0,40,0,3,18,8,29,12,24,25,8,69,24,22,46,115
04/13/2023,UNV,PA,AEA,EN,Federal Contract Tower,12,31,16,0,59,0,7,66,9,82,12,38,82,9,141,122,0,122,263
04/14/2023,UNV,PA,AEA,EN,Federal Contract Tower,13,16,14,0,43,0,9,55,0,64,13,25,69,0,107,64,0,64,171
04/15/2023,UNV,PA,AEA,EN,Federal Contract Tower,11,11,17,0,39,0,4,4,0,8,11,15,21,0,47,0,0,0,47
04/16/2023,UNV,PA,AEA,EN,Federal Contract Tower,11,17,12,0,40,0,0,36,0,36,11,17,48,0,76,34,0,34,110
04/17/2023,UNV,PA,AEA,EN,Federal Contract Tower,10,13,5,0,28,0,0,15,0,15,10,13,20,0,43,4,0,4,47
04/18/2023,UNV,PA,AEA,EN,Federal Contract Tower,11,13,4,0,28,0,5,6,2,13,11,18,10,2,41,0,0,0,41
04/19/2023,UNV,PA,AEA,EN,Federal Contract Tower,11,25,10,0,46,0,6,33,1,40,11,31,43,1,86,34,0,34,120
04/20/2023,UNV,PA,AEA,EN,Federal Contract Tower,9,16,4,1,30,0,4,53,5,62,9,20,57,6,92,70,0,70,162
04/21/2023,UNV,PA,AEA,EN,Federal Contract Tower,12,18,12,0,42,0,14,37,0,51,12,32,49,0,93,84,0,84,177
04/22/2023,UNV,PA,AEA,EN,Federal Contract Tower,9,23,10,0,42,0,7,6,0,13,9,30,16,0,55,12,0,12,67
04/23/2023,UNV,PA,AEA,EN,Federal Contract Tower,11,15,15,0,41,0,10,28,0,38,11,25,43,0,79,96,0,96,175
04/24/2023,UNV,PA,AEA,EN,Federal Contract Tower,12,15,6,0,33,0,10,24,2,36,12,25,30,2,69,30,0,30,99
04/25/2023,UNV,PA,AEA,EN,Federal Contract Tower,10,14,4,0,28,0,5,39,0,44,10,19,43,0,72,88,0,88,160
04/26/2023,UNV,PA,AEA,EN,Federal Contract Tower,12,18,8,0,38,0,10,60,0,70,12,28,68,0,108,118,0,118,226
04/27/2023,UNV,PA,AEA,EN,Federal Contract Tower,17,20,14,1,52,0,2,52,3,57,17,22,66,4,109,98,0,98,207
04/28/2023,UNV,PA,AEA,EN,Federal Contract Tower,13,21,12,0,46,0,0,0,0,0,13,21,12,0,46,0,0,0,46
04/29/2023,UNV,PA,AEA,EN,Federal Contract Tower,13,19,6,0,38,0,0,0,0,0,13,19,6,0,38,0,0,0,38
04/30/2023,UNV,PA,AEA,EN,Federal Contract Tower,13,13,4,0,30,0,0,0,0,0,13,13,4,0,30,0,0,0,30
05/01/2023,UNV,PA,AEA,EN,Federal Contract Tower,12,16,5,0,33,0,2,1,0,3,12,18,6,0,36,8,0,8,44
05/02/2023,UNV,PA,AEA,EN,Federal Contract Tower,12,17,2,0,31,0,0,2,0,2,12,17,4,0,33,0,0,0,33
05/03/2023,UNV,PA,AEA,EN,Federal Contract Tower,12,16,9,1,38,0,0,4,0,4,12,16,13,1,42,0,0,0,42
05/04/2023,UNV,PA,AEA,EN,Federal Contract Tower,12,19,9,3,43,0,4,20,0,24,12,23,29,3,67,78,0,78,145
05/05/2023,UNV,PA,AEA,EN,Federal Contract Tower,10,30,12,1,53,0,2,31,1,34,10,32,43,2,87,28,0,28,115
05/06/2023,UNV,PA,AEA,EN,Federal Contract Tower,9,15,9,0,33,0,1,60,0,61,9,16,69,0,94,40,0,40,134
05/07/2023,UNV,PA,AEA,EN,Federal Contract Tower,11,22,13,0,46,0,3,34,0,37,11,25,47,0,83,34,0,34,117
05/08/2023,UNV,PA,AEA,EN,Federal Contract Tower,12,15,5,2,34,0,3,34,0,37,12,18,39,2,71,100,0,100,171
05/09/2023,UNV,PA,AEA,EN,Federal Contract Tower,10,17,3,0,30,0,5,44,0,49,10,22,47,0,79,44,0,44,123
05/10/2023,UNV,PA,AEA,EN,Federal Contract Tower,10,22,13,0,45,0,8,55,0,63,10,30,68,0,108,58,0,58,166
05/11/2023,UNV,PA,AEA,EN,Federal Contract Tower,7,19,12,2,40,0,16,59,0,75,7,35,71,2,115,78,0,78,193
05/12/2023,UNV,PA,AEA,EN,Federal Contract Tower,11,21,5,2,39,0,6,61,0,67,11,27,66,2,106,108,0,108,214
05/13/2023,UNV,PA,AEA,EN,Federal Contract Tower,10,14,5,0,29,0,8,30,0,38,10,22,35,0,67,80,0,80,147
05/14/2023,UNV,PA,AEA,EN,Federal Contract Tower,12,16,5,0,33,0,1,39,0,40,12,17,44,0,73,26,0,26,99
05/15/2023,UNV,PA,AEA,EN,Federal Contract Tower,8,19,12,0,39,0,3,34,4,41,8,22,46,4,80,38,0,38,118
05/16/2023,UNV,PA,AEA,EN,Federal Contract Tower,9,17,5,0,31,0,4,45,2,51,9,21,50,2,82,62,0,62,144
05/17/2023,UNV,PA,AEA,EN,Federal Contract Tower,9,20,4,0,33,0,3,31,0,34,9,23,35,0,67,14,0,14,81
05/18/2023,UNV,PA,AEA,EN,Federal Contract Tower,9,16,8,0,33,0,2,52,0,54,9,18,60,0,87,40,0,40,127
05/19/2023,UNV,PA,AEA,EN,Federal Contract Tower,10,23,9,0,42,0,2,25,0,27,10,25,34,0,69,16,0,16,85
05/20/2023,UNV,PA,AEA,EN,Federal Contract Tower,9,13,8,0,30,0,4,15,0,19,9,17,23,0,49,40,0,40,89
05/21/2023,UNV,PA,AEA,EN,Federal Contract Tower,9,23,10,0,42,0,4,46,6,56,9,27,56,6,98,16,0,16,114
05/22/2023,UNV,PA,AEA,EN,Federal Contract Tower,9,13,5,0,27,0,6,49,2,57,9,19,54,2,84,100,6,106,190
05/23/2023,UNV,PA,AEA,EN,Federal Contract Tower,9,15,7,8,39,0,6,53,8,67,9,21,60,16,106,88,18,106,212
05/24/2023,UNV,PA,AEA,EN,Federal Contract Tower,9,19,6,1,35,0,8,39,4,51,9,27,45,5,86,46,0,46,132
05/25/2023,UNV,PA,AEA,EN,Federal Contract Tower,8,24,4,0,36,0,16,56,0,72,8,40,60,0,108,26,0,26,134
05/26/2023,UNV,PA,AEA,EN,Federal Contract Tower,10,24,12,0,46,0,7,50,0,57,10,31,62,0,103,18,0,18,121
05/27/2023,UNV,PA,AEA,EN,Federal Contract Tower,9,19,10,0,38,0,4,58,0,62,9,23,68,0,100,48,0,48,148
05/28/2023,UNV,PA,AEA,EN,Federal Contract Tower,12,10,7,0,29,0,3,56,0,59,12,13,63,0,88,74,0,74,162
05/29/2023,UNV,PA,AEA,EN,Federal Contract Tower,9,19,7,0,35,0,4,31,0,35,9,23,38,0,70,8,0,8,78
05/30/2023,UNV,PA,AEA,EN,Federal Contract Tower,9,13,9,0,31,0,12,54,0,66,9,25,63,0,97,36,0,36,133
05/31/2023,UNV,PA,AEA,EN,Federal Contract Tower,9,20,5,2,36,0,3,39,6,48,9,23,44,8,84,40,6,46,130
06/01/2023,UNV,PA,AEA,EN,Federal Contract Tower,10,21,12,3,46,0,10,62,3,75,10,31,74,6,121,48,0,48,169
06/02/2023,UNV,PA,AEA,EN,Federal Contract Tower,10,17,12,0,39,0,7,40,0,47,10,24,52,0,86,26,0,26,112
06/03/2023,UNV,PA,AEA,EN,Federal Contract Tower,8,12,12,0,32,0,6,29,2,37,8,18,41,2,69,34,0,34,103
06/04/2023,UNV,PA,AEA,EN,Federal Contract Tower,9,11,12,0,32,0,4,40,1,45,9,15,52,1,77,38,0,38,115
06/05/2023,UNV,PA,AEA,EN,Federal Contract Tower,9,11,11,0,31,0,5,41,8,54,9,16,52,8,85,60,12,72,157
06/06/2023,UNV,PA,AEA,EN,Federal Contract Tower,8,14,9,0,31,0,23,16,0,39,8,37,25,0,70,42,0,42,112
06/07/2023,UNV,PA,AEA,EN,Federal Contract Tower,7,19,18,0,44,0,2,18,0,20,7,21,36,0,64,54,0,54,118
06/08/2023,UNV,PA,AEA,EN,Federal Contract Tower,7,22,12,0,41,0,3,15,0,18,7,25,27,0,59,26,0,26,85
06/09/2023,UNV,PA,AEA,EN,Federal Contract Tower,7,26,11,0,44,0,8,27,2,37,7,34,38,2,81,54,0,54,135
06/10/2023,UNV,PA,AEA,EN,Federal Contract Tower,8,12,5,0,25,0,4,41,4,49,8,16,46,4,74,122,0,122,196
06/11/2023,UNV,PA,AEA,EN,Federal Contract Tower,8,12,8,0,28,0,4,31,0,35,8,16,39,0,63,40,0,40,103
06/12/2023,UNV,PA,AEA,EN,Federal Contract Tower,6,19,7,0,32,0,7,0,0,7,6,26,7,0,39,0,0,0,39
06/13/2023,UNV,PA,AEA,EN,Federal Contract Tower,7,20,11,1,39,0,11,43,0,54,7,31,54,1,93,102,0,102,195
06/14/2023,UNV,PA,AEA,EN,Federal Contract Tower,5,18,9,0,32,0,6,1,0,7,5,24,10,0,39,0,0,0,39
06/15/2023,UNV,PA,AEA,EN,Federal Contract Tower,8,16,6,0,30,0,2,49,2,53,8,18,55,2,83,52,0,52,135
06/16/2023,UNV,PA,AEA,EN,Federal Contract Tower,6,21,5,0,32,0,1,0,0,1,6,22,5,0,33,0,0,0,33
06/17/2023,UNV,PA,AEA,EN,Federal Contract Tower,5,16,7,0,28,0,9,31,0,40,5,25,38,0,68,48,0,48,116
06/18/2023,UNV,PA,AEA,EN,Federal Contract Tower,8,21,7,0,36,0,7,59,1,67,8,28,66,1,103,34,0,34,137
06/19/2023,UNV,PA,AEA,EN,Federal Contract Tower,7,14,9,0,30,0,14,33,0,47,7,28,42,0,77,32,0,32,109
06/20/2023,UNV,PA,AEA,EN,Federal Contract Tower,6,20,10,0,36,0,19,39,8,66,6,39,49,8,102,74,42,116,218
06/21/2023,UNV,PA,AEA,EN,Federal Contract Tower,7,18,20,1,46,0,0,40,2,42,7,18,60,3,88,56,0,56,144
06/22/2023,UNV,PA,AEA,EN,Federal Contract Tower,7,15,13,0,35,0,0,0,0,0,7,15,13,0,35,0,0,0,35
06/23/2023,UNV,PA,AEA,EN,Federal Contract Tower,7,15,26,0,48,0,0,0,0,0,7,15,26,0,48,0,0,0,48
06/24/2023,UNV,PA,AEA,EN,Federal Contract Tower,7,14,13,4,38,0,0,13,0,13,7,14,26,4,51,6,0,6,57
06/25/2023,UNV,PA,AEA,EN,Federal Contract Tower,5,10,19,0,34,0,0,13,0,13,5,10,32,0,47,34,0,34,81
06/26/2023,UNV,PA,AEA,EN,Federal Contract Tower,5,13,12,0,30,0,2,26,1,29,5,15,38,1,59,112,0,112,171
06/27/2023,UNV,PA,AEA,EN,Federal Contract Tower,6,12,10,1,29,0,0,4,0,4,6,12,14,1,33,10,0,10,43
06/28/2023,UNV,PA,AEA,EN,Federal Contract Tower,6,18,21,0,45,0,0,9,0,9,6,18,30,0,54,36,0,36,90
06/29/2023,UNV,PA,AEA,EN,Federal Contract Tower,9,17,15,1,42,0,0,23,0,23,9,17,38,1,65,100,0,100,165
06/30/2023,UNV,PA,AEA,EN,Federal Contract Tower,7,22,24,0,53,0,2,4,0,6,7,24,28,0,59,0,0,0,59
07/01/2023,UNV,PA,AEA,EN,Federal Contract Tower,6,11,11,0,28,0,0,17,0,17,6,11,28,0,45,56,0,56,101
07/02/2023,UNV,PA,AEA,EN,Federal Contract Tower,6,17,3,0,26,0,2,0,0,2,6,19,3,0,28,0,0,0,28
07/03/2023,UNV,PA,AEA,EN,Federal Contract Tower,7,10,8,0,25,0,2,10,0,12,7,12,18,0,37,20,0,20,57
07/04/2023,UNV,PA,AEA,EN,Federal Contract Tower,5,6,5,0,16,0,2,28,0,30,5,8,33,0,46,36,0,36,82
07/05/2023,UNV,PA,AEA,EN,Federal Contract Tower,8,13,6,1,28,0,3,69,0,72,8,16,75,1,100,88,0,88,188
07/06/2023,UNV,PA,AEA,EN,Federal Contract Tower,7,19,2,0,28,0,7,45,0,52,7,26,47,0,80,68,0,68,148
07/07/2023,UNV,PA,AEA,EN,Federal Contract Tower,8,17,6,0,31,0,5,26,0,31,8,22,32,0,62,42,0,42,104
07/08/2023,UNV,PA,AEA,EN,Federal Contract Tower,8,11,16,0,35,0,9,26,0,35,8,20,42,0,70,54,0,54,124
07/09/2023,UNV,PA,AEA,EN,Federal Contract Tower,5,7,10,0,22,0,1,10,0,11,5,8,20,0,33,14,0,14,47
07/10/2023,UNV,PA,AEA,EN,Federal Contract Tower,7,15,12,1,35,0,5,26,2,33,7,20,38,3,68,58,8,66,134
07/11/2023,UNV,PA,AEA,EN,Federal Contract Tower,6,17,6,0,29,0,6,63,3,72,6,23,69,3,101,92,0,92,193
07/12/2023,UNV,PA,AEA,EN,Federal Contract Tower,6,17,17,0,40,0,6,36,4,46,6,23,53,4,86,22,0,22,108
07/13/2023,UNV,PA,AEA,EN,Federal Contract Tower,7,16,9,0,32,0,6,40,0,46,7,22,49,0,78,60,0,60,138
07/14/2023,UNV,PA,AEA,EN,Federal Contract Tower,7,20,14,0,41,0,4,42,0,46,7,24,56,0,87,58,0,58,145
07/15/2023,UNV,PA,AEA,EN,Federal Contract Tower,8,15,14,0,37,0,3,49,0,52,8,18,63,0,89,96,0,96,185
07/16/2023,UNV,PA,AEA,EN,Federal Contract Tower,7,10,10,0,27,0,5,25,0,30,7,15,35,0,57,50,0,50,107
07/17/2023,UNV,PA,AEA,EN,Federal Contract Tower,6,11,22,0,39,0,3,10,0,13,6,14,32,0,52,8,0,8,60
07/18/2023,UNV,PA,AEA,EN,Federal Contract Tower,6,14,4,5,29,0,3,20,5,28,6,17,24,10,57,72,22,94,151
07/19/2023,UNV,PA,AEA,EN,Federal Contract Tower,8,24,12,0,44,0,1,35,0,36,8,25,47,0,80,110,0,110,190
07/20/2023,UNV,PA,AEA,EN,Federal Contract Tower,7,26,12,0,45,0,2,29,2,33,7,28,41,2,78,61,0,61,139
07/21/2023,UNV,PA,AEA,EN,Federal Contract Tower,6,14,18,0,38,0,1,33,0,34,6,15,51,0,72,48,0,48,120
07/22/2023,UNV,PA,AEA,EN,Federal Contract Tower,7,19,9,0,35,0,5,73,0,78,7,24,82,0,113,68,0,68,181
07/23/2023,UNV,PA,AEA,EN,Federal Contract Tower,8,16,14,0,38,0,2,57,0,59,8,18,71,0,97,32,0,32,129
07/24/2023,UNV,PA,AEA,EN,Federal Contract Tower,6,12,8,0,26,0,2,27,0,29,6,14,35,0,55,36,0,36,91
07/25/2023,UNV,PA,AEA,EN,Federal Contract Tower,2,20,13,2,37,0,2,24,2,28,2,22,37,4,65,18,0,18,83
07/26/2023,UNV,PA,AEA,EN,Federal Contract Tower,7,21,20,1,49,0,9,30,1,40,7,30,50,2,89,10,0,10,99
07/27/2023,UNV,PA,AEA,EN,Federal Contract Tower,6,22,14,1,43,0,6,17,2,25,6,28,31,3,68,22,0,22,90
07/28/2023,UNV,PA,AEA,EN,Federal Contract Tower,7,16,18,0,41,0,2,27,0,29,7,18,45,0,70,72,0,72,142
07/29/2023,UNV,PA,AEA,EN,Federal Contract Tower,9,14,9,0,32,0,6,3,0,9,9,20,12,0,41,0,0,0,41
07/30/2023,UNV,PA,AEA,EN,Federal Contract Tower,7,12,11,1,31,0,3,43,0,46,7,15,54,1,77,44,0,44,121
07/31/2023,UNV,PA,AEA,EN,Federal Contract Tower,10,14,15,1,40,0,8,45,0,53,10,22,60,1,93,100,0,100,193
08/01/2023,UNV,PA,AEA,EN,Federal Contract Tower,8,15,13,0,36,0,10,66,1,77,8,25,79,1,113,42,0,42,155
08/02/2023,UNV,PA,AEA,EN,Federal Contract Tower,8,15,11,0,34,0,7,57,0,64,8,22,68,0,98,78,0,78,176
08/03/2023,UNV,PA,AEA,EN,Federal Contract Tower,8,14,10,0,32,0,3,38,0,41,8,17,48,0,73,72,0,72,145
08/04/2023,UNV,PA,AEA,EN,Federal Contract Tower,5,17,12,0,34,0,3,14,2,19,5,20,26,2,53,24,0,24,77
08/05/2023,UNV,PA,AEA,EN,Federal Contract Tower,7,16,15,0,38,0,0,38,1,39,7,16,53,1,77,74,0,74,151
08/06/2023,UNV,PA,AEA,EN,Federal Contract Tower,8,12,7,1,28,0,2,43,0,45,8,14,50,1,73,26,0,26,99
08/07/2023,UNV,PA,AEA,EN,Federal Contract Tower,7,12,6,0,25,0,1,3,0,4,7,13,9,0,29,0,0,0,29
08/08/2023,UNV,PA,AEA,EN,Federal Contract Tower,6,14,10,4,34,0,2,16,0,18,6,16,26,4,52,6,0,6,58
08/09/2023,UNV,PA,AEA,EN,Federal Contract Tower,8,21,20,2,51,0,64,2,0,66,8,85,22,2,117,48,6,54,171
08/10/2023,UNV,PA,AEA,EN,Federal Contract Tower,7,15,21,4,47,0,3,4,3,10,7,18,25,7,57,24,14,38,95
08/11/2023,UNV,PA,AEA,EN,Federal Contract Tower,8,20,13,0,41,0,2,36,2,40,8,22,49,2,81,22,0,22,103
08/12/2023,UNV,PA,AEA,EN,Federal Contract Tower,7,17,5,0,29,0,2,35,0,37,7,19,40,0,66,32,0,32,98
08/13/2023,UNV,PA,AEA,EN,Federal Contract Tower,6,14,6,0,26,0,5,11,3,19,6,19,17,3,45,14,0,14,59
08/14/2023,UNV,PA,AEA,EN,Federal Contract Tower,4,14,6,0,24,0,2,24,0,26,4,16,30,0,50,32,0,32,82
08/15/2023,UNV,PA,AEA,EN,Federal Contract Tower,7,21,7,4,39,0,5,18,2,25,7,26,25,6,64,36,20,56,120
08/16/2023,UNV,PA,AEA,EN,Federal Contract Tower,10,19,13,0,42,0,1,34,2,37,10,20,47,2,79,90,0,90,169
08/17/2023,UNV,PA,AEA,EN,Federal Contract Tower,8,21,13,0,42,0,7,32,2,41,8,28,45,2,83,18,0,18,101
08/18/2023,UNV,PA,AEA,EN,Federal Contract Tower,9,19,9,0,37,0,1,7,0,8,9,20,16,0,45,12,0,12,57
08/19/2023,UNV,PA,AEA,EN,Federal Contract Tower,11,14,2,0,27,0,2,46,0,48,11,16,48,0,75,28,0,28,103
08/20/2023,UNV,PA,AEA,EN,Federal Contract Tower,7,12,18,0,37,0,2,44,0,46,7,14,62,0,83,20,0,20,103
08/21/2023,UNV,PA,AEA,EN,Federal Contract Tower,7,11,9,0,27,0,3,27,0,30,7,14,36,0,57,58,0,58,115
08/23/2023,UNV,PA,AEA,EN,Federal Contract Tower,10,15,4,0,29,0,0,25,0,25,10,15,29,0,54,22,0,22,76
08/24/2023,UNV,PA,AEA,EN,Federal Contract Tower,9,15,5,0,29,0,2,4,0,6,9,17,9,0,35,16,0,16,51
08/25/2023,UNV,PA,AEA,EN,Federal Contract Tower,8,18,19,1,46,0,7,22,2,31,8,25,41,3,77,72,2,74,151
08/26/2023,UNV,PA,AEA,EN,Federal Contract Tower,9,15,10,1,35,0,14,29,7,50,9,29,39,8,85,38,2,40,125
08/27/2023,UNV,PA,AEA,EN,Federal Contract Tower,7,12,6,0,25,0,4,43,0,47,7,16,49,0,72,48,0,48,120
08/28/2023,UNV,PA,AEA,EN,Federal Contract Tower,9,16,9,0,34,0,1,12,0,13,9,17,21,0,47,0,0,0,47
08/29/2023,UNV,PA,AEA,EN,Federal Contract Tower,8,22,5,4,39,0,6,19,1,26,8,28,24,5,65,16,10,26,91
08/30/2023,UNV,PA,AEA,EN,Federal Contract Tower,8,12,13,2,35,0,2,37,6,45,8,14,50,8,80,54,0,54,134
08/31/2023,UNV,PA,AEA,EN,Federal Contract Tower,8,15,11,3,37,0,2,36,5,43,8,17,47,8,80,46,12,58,138
