01/01/2020,VCT,TX,ASW,CE,Federal Contract Tower,0,4,4,0,8,0,2,0,0,2,0,6,4,0,10,2,0,2,12
01/02/2020,VCT,TX,ASW,CE,Federal Contract Tower,0,4,4,17,25,0,6,2,1,9,0,10,6,18,34,0,32,32,66
01/03/2020,VCT,TX,ASW,CE,Federal Contract Tower,0,4,8,20,32,0,0,5,13,18,0,4,13,33,50,2,128,130,180
01/04/2020,VCT,TX,ASW,CE,Federal Contract Tower,0,6,3,6,15,0,0,8,2,10,0,6,11,8,25,14,32,46,71
01/05/2020,VCT,TX,ASW,CE,Federal Contract Tower,0,1,5,6,12,0,7,11,0,18,0,8,16,6,30,6,4,10,40
01/06/2020,VCT,TX,ASW,CE,Federal Contract Tower,0,7,7,5,19,0,5,9,9,23,0,12,16,14,42,10,28,38,80
01/07/2020,VCT,TX,ASW,CE,Federal Contract Tower,0,10,6,16,32,0,1,11,11,23,0,11,17,27,55,2,154,156,211
01/08/2020,VCT,TX,ASW,CE,Federal Contract Tower,0,3,3,2,8,0,2,5,32,39,0,5,8,34,47,0,196,196,243
01/09/2020,VCT,TX,ASW,CE,Federal Contract Tower,0,9,9,22,40,0,2,3,0,5,0,11,12,22,45,0,12,12,57
01/10/2020,VCT,TX,ASW,CE,Federal Contract Tower,0,8,9,4,21,0,0,5,0,5,0,8,14,4,26,2,14,16,42
01/11/2020,VCT,TX,ASW,CE,Federal Contract Tower,0,4,1,20,25,0,4,8,2,14,0,8,9,22,39,2,18,20,59
01/12/2020,VCT,TX,ASW,CE,Federal Contract Tower,0,11,7,8,26,0,0,14,11,25,0,11,21,19,51,2,28,30,81
01/13/2020,VCT,TX,ASW,CE,Federal Contract Tower,0,5,10,16,31,0,0,0,0,0,0,5,10,16,31,0,16,16,47
01/14/2020,VCT,TX,ASW,CE,Federal Contract Tower,0,7,13,4,24,0,0,4,0,4,0,7,17,4,28,0,4,4,32
01/15/2020,VCT,TX,ASW,CE,Federal Contract Tower,0,14,10,36,60,0,2,1,7,10,0,16,11,43,70,2,110,112,182
01/16/2020,VCT,TX,ASW,CE,Federal Contract Tower,0,11,6,54,71,0,0,5,1,6,0,11,11,55,77,2,62,64,141
01/17/2020,VCT,TX,ASW,CE,Federal Contract Tower,0,6,9,25,40,0,0,2,3,5,0,6,11,28,45,0,28,28,73
01/18/2020,VCT,TX,ASW,CE,Federal Contract Tower,0,6,0,10,16,0,0,3,2,5,0,6,3,12,21,0,40,40,61
01/19/2020,VCT,TX,ASW,CE,Federal Contract Tower,0,3,4,6,13,0,2,12,4,18,0,5,16,10,31,8,30,38,69
01/20/2020,VCT,TX,ASW,CE,Federal Contract Tower,0,5,4,17,26,0,1,21,5,27,0,6,25,22,53,8,62,70,123
01/21/2020,VCT,TX,ASW,CE,Federal Contract Tower,0,9,6,15,30,0,6,12,33,51,0,15,18,48,81,2,230,232,313
01/22/2020,VCT,TX,ASW,CE,Federal Contract Tower,0,6,9,10,25,0,0,1,0,1,0,6,10,10,26,0,6,6,32
01/23/2020,VCT,TX,ASW,CE,Federal Contract Tower,0,12,19,22,53,0,0,18,15,33,0,12,37,37,86,10,212,222,308
01/24/2020,VCT,TX,ASW,CE,Federal Contract Tower,0,10,5,6,21,0,1,36,10,47,0,11,41,16,68,20,154,174,242
01/25/2020,VCT,TX,ASW,CE,Federal Contract Tower,0,5,0,6,11,0,0,12,2,14,0,5,12,8,25,0,42,42,67
01/26/2020,VCT,TX,ASW,CE,Federal Contract Tower,0,9,3,0,12,0,2,5,3,10,0,11,8,3,22,0,24,24,46
01/27/2020,VCT,TX,ASW,CE,Federal Contract Tower,0,15,5,8,28,0,0,7,19,26,0,15,12,27,54,10,108,118,172
01/28/2020,VCT,TX,ASW,CE,Federal Contract Tower,0,6,3,14,23,0,0,0,0,0,0,6,3,14,23,0,12,12,35
01/29/2020,VCT,TX,ASW,CE,Federal Contract Tower,0,8,9,32,49,0,4,5,15,24,0,12,14,47,73,2,188,190,263
01/30/2020,VCT,TX,ASW,CE,Federal Contract Tower,0,6,12,70,88,0,4,3,14,21,0,10,15,84,109,0,210,210,319
01/31/2020,VCT,TX,ASW,CE,Federal Contract Tower,0,6,3,10,19,0,0,13,6,19,0,6,16,16,38,4,108,112,150
02/01/2020,VCT,TX,ASW,CE,Federal Contract Tower,0,7,2,12,21,0,0,20,10,30,0,7,22,22,51,0,58,58,109
02/02/2020,VCT,TX,ASW,CE,Federal Contract Tower,0,4,3,6,13,0,0,18,0,18,0,4,21,6,31,0,4,4,35
02/03/2020,VCT,TX,ASW,CE,Federal Contract Tower,0,7,4,23,34,0,0,2,3,5,0,7,6,26,39,0,66,66,105
02/04/2020,VCT,TX,ASW,CE,Federal Contract Tower,0,8,6,35,49,0,0,2,1,3,0,8,8,36,52,0,53,53,105
02/05/2020,VCT,TX,ASW,CE,Federal Contract Tower,0,9,5,41,55,0,2,0,3,5,0,11,5,44,60,0,84,84,144
02/06/2020,VCT,TX,ASW,CE,Federal Contract Tower,0,8,7,22,37,0,2,12,13,27,0,10,19,35,64,8,86,94,158
02/07/2020,VCT,TX,ASW,CE,Federal Contract Tower,0,9,15,13,37,0,0,32,20,52,0,9,47,33,89,14,186,200,289
02/08/2020,VCT,TX,ASW,CE,Federal Contract Tower,0,5,4,12,21,0,0,13,3,16,0,5,17,15,37,10,14,24,61
02/09/2020,VCT,TX,ASW,CE,Federal Contract Tower,0,7,4,5,16,0,1,0,1,2,0,8,4,6,18,0,14,14,32
02/10/2020,VCT,TX,ASW,CE,Federal Contract Tower,0,7,6,12,25,0,1,1,0,2,0,8,7,12,27,0,12,12,39
02/11/2020,VCT,TX,ASW,CE,Federal Contract Tower,0,5,1,0,6,0,0,0,0,0,0,5,1,0,6,0,0,0,6
02/12/2020,VCT,TX,ASW,CE,Federal Contract Tower,0,12,5,8,25,0,0,1,4,5,0,12,6,12,30,2,82,84,114
02/13/2020,VCT,TX,ASW,CE,Federal Contract Tower,0,10,3,14,27,0,1,17,27,45,0,11,20,41,72,0,236,236,308
02/14/2020,VCT,TX,ASW,CE,Federal Contract Tower,0,8,2,20,30,0,0,17,24,41,0,8,19,44,71,32,274,306,377
02/15/2020,VCT,TX,ASW,CE,Federal Contract Tower,0,5,11,4,20,0,0,7,6,13,0,5,18,10,33,16,50,66,99
02/16/2020,VCT,TX,ASW,CE,Federal Contract Tower,0,6,11,0,17,0,5,9,4,18,0,11,20,4,35,12,26,38,73
02/17/2020,VCT,TX,ASW,CE,Federal Contract Tower,0,6,10,18,34,0,2,5,0,7,0,8,15,18,41,0,16,16,57
02/18/2020,VCT,TX,ASW,CE,Federal Contract Tower,0,7,15,20,42,0,4,6,0,10,0,11,21,20,52,0,16,16,68
02/19/2020,VCT,TX,ASW,CE,Federal Contract Tower,0,7,6,2,15,0,0,0,0,0,0,7,6,2,15,0,0,0,15
02/20/2020,VCT,TX,ASW,CE,Federal Contract Tower,0,8,8,14,30,0,3,3,1,7,0,11,11,15,37,0,60,60,97
02/21/2020,VCT,TX,ASW,CE,Federal Contract Tower,0,10,11,38,59,0,0,23,32,55,0,10,34,70,114,2,270,272,386
02/22/2020,VCT,TX,ASW,CE,Federal Contract Tower,0,5,4,13,22,0,2,18,18,38,0,7,22,31,60,12,188,200,260
02/23/2020,VCT,TX,ASW,CE,Federal Contract Tower,0,8,2,7,17,0,1,3,5,9,0,9,5,12,26,0,24,24,50
02/24/2020,VCT,TX,ASW,CE,Federal Contract Tower,0,7,1,24,32,0,1,5,25,31,0,8,6,49,63,0,238,238,301
02/25/2020,VCT,TX,ASW,CE,Federal Contract Tower,0,8,4,51,63,0,0,16,9,25,0,8,20,60,88,14,210,224,312
02/26/2020,VCT,TX,ASW,CE,Federal Contract Tower,0,7,13,23,43,0,5,14,18,37,0,12,27,41,80,20,190,210,290
02/27/2020,VCT,TX,ASW,CE,Federal Contract Tower,0,11,5,17,33,0,10,23,13,46,0,21,28,30,79,10,106,116,195
02/28/2020,VCT,TX,ASW,CE,Federal Contract Tower,0,8,3,34,45,0,0,14,16,30,0,8,17,50,75,0,158,158,233
02/29/2020,VCT,TX,ASW,CE,Federal Contract Tower,0,6,0,8,14,0,0,12,12,24,0,6,12,20,38,6,60,66,104
03/01/2020,VCT,TX,ASW,CE,Federal Contract Tower,0,6,9,12,27,0,11,4,0,15,0,17,13,12,42,4,12,16,58
03/02/2020,VCT,TX,ASW,CE,Federal Contract Tower,0,9,12,35,56,0,4,2,5,11,0,13,14,40,67,2,112,114,181
03/03/2020,VCT,TX,ASW,CE,Federal Contract Tower,0,8,2,30,40,0,4,2,0,6,0,12,4,30,46,0,24,24,70
03/04/2020,VCT,TX,ASW,CE,Federal Contract Tower,0,7,3,25,35,0,3,2,16,21,0,10,5,41,56,0,206,206,262
03/05/2020,VCT,TX,ASW,CE,Federal Contract Tower,0,10,4,31,45,0,7,16,17,40,0,17,20,48,85,0,154,154,239
03/06/2020,VCT,TX,ASW,CE,Federal Contract Tower,0,9,12,32,53,0,0,20,22,42,0,9,32,54,95,2,198,200,295
03/07/2020,VCT,TX,ASW,CE,Federal Contract Tower,0,6,5,22,33,0,0,10,11,21,0,6,15,33,54,4,106,110,164
03/08/2020,VCT,TX,ASW,CE,Federal Contract Tower,0,9,7,6,22,0,1,8,9,18,0,10,15,15,40,2,64,66,106
03/09/2020,VCT,TX,ASW,CE,Federal Contract Tower,0,6,6,22,34,0,9,7,8,24,0,15,13,30,58,6,154,160,218
03/10/2020,VCT,TX,ASW,CE,Federal Contract Tower,0,9,2,46,57,0,2,6,13,21,0,11,8,59,78,14,120,134,212
03/11/2020,VCT,TX,ASW,CE,Federal Contract Tower,0,9,6,33,48,0,10,16,7,33,0,19,22,40,81,10,118,128,209
03/12/2020,VCT,TX,ASW,CE,Federal Contract Tower,0,9,6,29,44,0,7,7,10,24,0,16,13,39,68,0,92,92,160
03/13/2020,VCT,TX,ASW,CE,Federal Contract Tower,0,10,5,20,35,0,0,7,7,14,0,10,12,27,49,0,82,82,131
03/14/2020,VCT,TX,ASW,CE,Federal Contract Tower,0,5,6,4,15,0,8,6,6,20,0,13,12,10,35,2,130,132,167
03/15/2020,VCT,TX,ASW,CE,Federal Contract Tower,0,8,5,15,28,0,0,9,1,10,0,8,14,16,38,4,12,16,54
03/16/2020,VCT,TX,ASW,CE,Federal Contract Tower,0,7,2,34,43,0,0,4,0,4,0,7,6,34,47,0,32,32,79
03/17/2020,VCT,TX,ASW,CE,Federal Contract Tower,0,8,13,5,26,0,6,2,0,8,0,14,15,5,34,0,12,12,46
03/18/2020,VCT,TX,ASW,CE,Federal Contract Tower,0,9,4,38,51,0,0,7,0,7,0,9,11,38,58,4,32,36,94
03/19/2020,VCT,TX,ASW,CE,Federal Contract Tower,0,7,6,46,59,0,2,6,4,12,0,9,12,50,71,4,70,74,145
03/20/2020,VCT,TX,ASW,CE,Federal Contract Tower,0,8,0,8,16,0,0,2,0,2,0,8,2,8,18,0,6,6,24
03/21/2020,VCT,TX,ASW,CE,Federal Contract Tower,0,5,4,10,19,0,0,1,0,1,0,5,5,10,20,0,30,30,50
03/22/2020,VCT,TX,ASW,CE,Federal Contract Tower,0,9,2,6,17,0,0,1,0,1,0,9,3,6,18,0,4,4,22
03/23/2020,VCT,TX,ASW,CE,Federal Contract Tower,0,7,3,29,39,0,7,14,2,23,0,14,17,31,62,12,32,44,106
03/24/2020,VCT,TX,ASW,CE,Federal Contract Tower,0,13,6,28,47,0,6,11,16,33,0,19,17,44,80,6,136,142,222
03/25/2020,VCT,TX,ASW,CE,Federal Contract Tower,0,7,7,62,76,0,1,15,14,30,0,8,22,76,106,24,144,168,274
03/26/2020,VCT,TX,ASW,CE,Federal Contract Tower,0,8,1,62,71,0,5,17,15,37,0,13,18,77,108,2,138,140,248
03/27/2020,VCT,TX,ASW,CE,Federal Contract Tower,0,7,2,24,33,0,5,8,11,24,0,12,10,35,57,0,82,82,139
03/28/2020,VCT,TX,ASW,CE,Federal Contract Tower,0,5,2,17,24,0,0,3,8,11,0,5,5,25,35,0,106,106,141
03/29/2020,VCT,TX,ASW,CE,Federal Contract Tower,0,6,3,15,24,0,3,13,4,20,0,9,16,19,44,2,33,35,79
03/30/2020,VCT,TX,ASW,CE,Federal Contract Tower,0,7,1,69,77,0,1,2,13,16,0,8,3,82,93,0,174,174,267
03/31/2020,VCT,TX,ASW,CE,Federal Contract Tower,0,8,0,22,30,0,2,10,20,32,0,10,10,42,62,8,246,254,316
04/01/2020,VCT,TX,ASW,CE,Federal Contract Tower,0,6,2,2,10,0,0,10,13,23,0,6,12,15,33,0,52,52,85
04/02/2020,VCT,TX,ASW,CE,Federal Contract Tower,0,8,3,0,11,0,2,4,4,10,0,10,7,4,21,2,50,52,73
04/03/2020,VCT,TX,ASW,CE,Federal Contract Tower,0,6,0,0,6,0,0,0,0,0,0,6,0,0,6,0,0,0,6
04/04/2020,VCT,TX,ASW,CE,Federal Contract Tower,0,0,0,0,0,0,0,0,0,0,0,0,0,0,0,0,0,0,0
04/05/2020,VCT,TX,ASW,CE,Federal Contract Tower,0,5,0,4,9,0,2,4,0,6,0,7,4,4,15,4,4,8,23
04/06/2020,VCT,TX,ASW,CE,Federal Contract Tower,0,6,0,0,6,0,3,3,0,6,0,9,3,0,12,0,0,0,12
04/07/2020,VCT,TX,ASW,CE,Federal Contract Tower,0,8,0,0,8,0,0,9,0,9,0,8,9,0,17,0,0,0,17
04/08/2020,VCT,TX,ASW,CE,Federal Contract Tower,0,8,3,1,12,0,0,11,2,13,0,8,14,3,25,0,30,30,55
04/09/2020,VCT,TX,ASW,CE,Federal Contract Tower,0,9,2,6,17,0,3,9,0,12,0,12,11,6,29,2,4,6,35
04/10/2020,VCT,TX,ASW,CE,Federal Contract Tower,0,9,0,5,14,0,0,7,2,9,0,9,7,7,23,10,22,32,55
04/11/2020,VCT,TX,ASW,CE,Federal Contract Tower,0,0,0,0,0,0,0,3,0,3,0,0,3,0,3,0,0,0,3
04/12/2020,VCT,TX,ASW,CE,Federal Contract Tower,0,6,1,0,7,0,0,4,0,4,0,6,5,0,11,2,0,2,13
04/13/2020,VCT,TX,ASW,CE,Federal Contract Tower,0,2,2,2,6,0,3,26,8,37,0,5,28,10,43,4,10,14,57
04/14/2020,VCT,TX,ASW,CE,Federal Contract Tower,0,8,9,6,23,0,0,13,4,17,0,8,22,10,40,6,30,36,76
04/15/2020,VCT,TX,ASW,CE,Federal Contract Tower,0,7,2,7,16,0,3,22,8,33,0,10,24,15,49,8,54,62,111
04/16/2020,VCT,TX,ASW,CE,Federal Contract Tower,0,10,2,1,13,0,1,10,6,17,0,11,12,7,30,0,54,54,84
04/17/2020,VCT,TX,ASW,CE,Federal Contract Tower,0,7,2,2,11,0,0,4,4,8,0,7,6,6,19,0,26,26,45
04/18/2020,VCT,TX,ASW,CE,Federal Contract Tower,0,2,0,0,2,0,0,0,0,0,0,2,0,0,2,0,0,0,2
04/19/2020,VCT,TX,ASW,CE,Federal Contract Tower,0,6,0,4,10,0,0,0,0,0,0,6,0,4,10,0,4,4,14
04/20/2020,VCT,TX,ASW,CE,Federal Contract Tower,0,5,3,8,16,0,3,11,19,33,0,8,14,27,49,0,90,90,139
04/21/2020,VCT,TX,ASW,CE,Federal Contract Tower,0,5,0,2,7,0,4,2,2,8,0,9,2,4,15,0,2,2,17
04/22/2020,VCT,TX,ASW,CE,Federal Contract Tower,0,7,5,0,12,0,0,2,2,4,0,7,7,2,16,0,14,14,30
04/23/2020,VCT,TX,ASW,CE,Federal Contract Tower,0,6,2,5,13,0,3,11,6,20,0,9,13,11,33,4,26,30,63
04/24/2020,VCT,TX,ASW,CE,Federal Contract Tower,0,8,4,4,16,0,0,15,0,15,0,8,19,4,31,2,4,6,37
04/25/2020,VCT,TX,ASW,CE,Federal Contract Tower,0,4,8,0,12,0,0,13,0,13,0,4,21,0,25,6,0,6,31
04/26/2020,VCT,TX,ASW,CE,Federal Contract Tower,0,5,2,0,7,0,1,18,0,19,0,6,20,0,26,12,0,12,38
04/27/2020,VCT,TX,ASW,CE,Federal Contract Tower,0,7,2,10,19,0,2,12,11,25,0,9,14,21,44,0,50,50,94
04/28/2020,VCT,TX,ASW,CE,Federal Contract Tower,0,7,2,1,10,0,3,0,5,8,0,10,2,6,18,0,52,52,70
04/29/2020,VCT,TX,ASW,CE,Federal Contract Tower,0,8,1,0,9,0,2,2,2,6,0,10,3,2,15,0,2,2,17
04/30/2020,VCT,TX,ASW,CE,Federal Contract Tower,0,7,1,0,8,0,3,14,6,23,0,10,15,6,31,2,28,30,61
05/01/2020,VCT,TX,ASW,CE,Federal Contract Tower,0,10,6,2,18,0,1,8,8,17,0,11,14,10,35,0,78,78,113
05/02/2020,VCT,TX,ASW,CE,Federal Contract Tower,0,0,4,0,4,0,0,12,6,18,0,0,16,6,22,8,54,62,84
05/03/2020,VCT,TX,ASW,CE,Federal Contract Tower,0,6,0,0,6,0,0,9,2,11,0,6,9,2,17,2,10,12,29
05/04/2020,VCT,TX,ASW,CE,Federal Contract Tower,0,7,1,0,8,0,4,5,4,13,0,11,6,4,21,2,24,26,47
05/05/2020,VCT,TX,ASW,CE,Federal Contract Tower,0,8,2,1,11,0,4,10,2,16,0,12,12,3,27,2,18,20,47
05/06/2020,VCT,TX,ASW,CE,Federal Contract Tower,0,8,2,2,12,0,3,7,6,16,0,11,9,8,28,2,40,42,70
05/07/2020,VCT,TX,ASW,CE,Federal Contract Tower,0,8,2,8,18,0,0,8,4,12,0,8,10,12,30,0,12,12,42
05/08/2020,VCT,TX,ASW,CE,Federal Contract Tower,0,7,2,8,17,0,1,6,2,9,0,8,8,10,26,4,30,34,60
05/09/2020,VCT,TX,ASW,CE,Federal Contract Tower,0,0,2,0,2,0,0,9,0,9,0,0,11,0,11,8,0,8,19
05/10/2020,VCT,TX,ASW,CE,Federal Contract Tower,0,6,0,4,10,0,4,19,0,23,0,10,19,4,33,2,4,6,39
05/11/2020,VCT,TX,ASW,CE,Federal Contract Tower,0,9,1,0,10,0,6,14,4,24,0,15,15,4,34,8,4,12,46
05/12/2020,VCT,TX,ASW,CE,Federal Contract Tower,0,7,1,0,8,0,2,5,0,7,0,9,6,0,15,2,0,2,17
05/13/2020,VCT,TX,ASW,CE,Federal Contract Tower,0,8,6,18,32,0,0,9,4,13,0,8,15,22,45,2,16,18,63
05/14/2020,VCT,TX,ASW,CE,Federal Contract Tower,0,8,5,6,19,0,1,9,4,14,0,9,14,10,33,2,14,16,49
05/15/2020,VCT,TX,ASW,CE,Federal Contract Tower,0,8,5,6,19,0,1,2,2,5,0,9,7,8,24,0,8,8,32
05/16/2020,VCT,TX,ASW,CE,Federal Contract Tower,0,4,3,0,7,0,0,3,0,3,0,4,6,0,10,0,0,0,10
05/17/2020,VCT,TX,ASW,CE,Federal Contract Tower,0,5,4,4,13,0,2,15,0,17,0,7,19,4,30,8,4,12,42
05/18/2020,VCT,TX,ASW,CE,Federal Contract Tower,0,8,0,4,12,0,4,12,10,26,0,12,12,14,38,0,88,88,126
05/19/2020,VCT,TX,ASW,CE,Federal Contract Tower,0,9,4,5,18,0,1,4,1,6,0,10,8,6,24,0,26,26,50
05/20/2020,VCT,TX,ASW,CE,Federal Contract Tower,0,8,2,5,15,0,1,8,11,20,0,9,10,16,35,4,26,30,65
05/21/2020,VCT,TX,ASW,CE,Federal Contract Tower,0,8,10,4,22,0,5,10,2,17,0,13,20,6,39,2,28,30,69
05/22/2020,VCT,TX,ASW,CE,Federal Contract Tower,0,7,9,0,16,0,1,5,7,13,0,8,14,7,29,20,14,34,63
05/23/2020,VCT,TX,ASW,CE,Federal Contract Tower,0,0,2,2,4,0,0,3,0,3,0,0,5,2,7,8,2,10,17
05/24/2020,VCT,TX,ASW,CE,Federal Contract Tower,0,6,0,0,6,0,5,2,2,9,0,11,2,2,15,0,2,2,17
05/25/2020,VCT,TX,ASW,CE,Federal Contract Tower,0,6,0,0,6,0,4,4,0,8,0,10,4,0,14,0,0,0,14
05/26/2020,VCT,TX,ASW,CE,Federal Contract Tower,0,8,2,9,19,0,1,8,8,17,0,9,10,17,36,4,80,84,120
05/27/2020,VCT,TX,ASW,CE,Federal Contract Tower,0,9,3,2,14,0,0,15,6,21,0,9,18,8,35,4,24,28,63
05/28/2020,VCT,TX,ASW,CE,Federal Contract Tower,0,8,8,7,23,0,2,4,12,18,0,10,12,19,41,22,66,88,129
05/29/2020,VCT,TX,ASW,CE,Federal Contract Tower,0,7,6,10,23,0,0,11,10,21,0,7,17,20,44,2,80,82,126
05/30/2020,VCT,TX,ASW,CE,Federal Contract Tower,0,0,2,0,2,0,0,8,0,8,0,0,10,0,10,0,0,0,10
05/31/2020,VCT,TX,ASW,CE,Federal Contract Tower,0,6,2,2,10,0,0,2,0,2,0,6,4,2,12,0,2,2,14
06/01/2020,VCT,TX,ASW,CE,Federal Contract Tower,0,7,1,4,12,0,0,1,0,1,0,7,2,4,13,0,4,4,17
06/02/2020,VCT,TX,ASW,CE,Federal Contract Tower,0,8,2,3,13,0,0,4,3,7,0,8,6,6,20,0,16,16,36
06/03/2020,VCT,TX,ASW,CE,Federal Contract Tower,0,10,1,2,13,0,4,3,4,11,0,14,4,6,24,6,6,12,36
06/04/2020,VCT,TX,ASW,CE,Federal Contract Tower,0,8,8,15,31,0,5,16,8,29,0,13,24,23,60,4,50,54,114
06/05/2020,VCT,TX,ASW,CE,Federal Contract Tower,0,9,2,12,23,0,5,12,5,22,0,14,14,17,45,34,32,66,111
06/06/2020,VCT,TX,ASW,CE,Federal Contract Tower,0,0,0,1,1,0,5,16,3,24,0,5,16,4,25,18,20,38,63
06/07/2020,VCT,TX,ASW,CE,Federal Contract Tower,0,6,6,2,14,0,2,12,0,14,0,8,18,2,28,4,2,6,34
06/08/2020,VCT,TX,ASW,CE,Federal Contract Tower,0,7,2,2,11,0,2,5,14,21,0,9,7,16,32,0,84,84,116
06/09/2020,VCT,TX,ASW,CE,Federal Contract Tower,0,8,1,0,9,0,0,15,5,20,0,8,16,5,29,14,20,34,63
06/10/2020,VCT,TX,ASW,CE,Federal Contract Tower,0,8,7,4,19,0,2,14,6,22,0,10,21,10,41,2,86,88,129
06/11/2020,VCT,TX,ASW,CE,Federal Contract Tower,0,8,6,0,14,0,5,18,4,27,0,13,24,4,41,6,36,42,83
06/12/2020,VCT,TX,ASW,CE,Federal Contract Tower,0,7,5,6,18,0,3,25,2,30,0,10,30,8,48,0,32,32,80
06/13/2020,VCT,TX,ASW,CE,Federal Contract Tower,0,0,0,0,0,0,0,10,2,12,0,0,10,2,12,0,4,4,16
06/14/2020,VCT,TX,ASW,CE,Federal Contract Tower,0,6,1,0,7,0,0,9,0,9,0,6,10,0,16,0,0,0,16
06/15/2020,VCT,TX,ASW,CE,Federal Contract Tower,0,11,1,8,20,0,2,7,4,13,0,13,8,12,33,10,34,44,77
06/16/2020,VCT,TX,ASW,CE,Federal Contract Tower,0,8,3,28,39,0,3,8,11,22,0,11,11,39,61,2,48,50,111
06/17/2020,VCT,TX,ASW,CE,Federal Contract Tower,0,6,4,22,32,0,2,15,4,21,0,8,19,26,53,4,32,36,89
06/18/2020,VCT,TX,ASW,CE,Federal Contract Tower,0,8,4,32,44,0,2,6,0,8,0,10,10,32,52,10,32,42,94
06/19/2020,VCT,TX,ASW,CE,Federal Contract Tower,0,7,4,4,15,0,0,6,1,7,0,7,10,5,22,0,4,4,26
06/20/2020,VCT,TX,ASW,CE,Federal Contract Tower,0,0,2,4,6,0,0,6,0,6,0,0,8,4,12,4,4,8,20
06/21/2020,VCT,TX,ASW,CE,Federal Contract Tower,0,0,4,0,4,0,1,6,0,7,0,1,10,0,11,0,0,0,11
06/22/2020,VCT,TX,ASW,CE,Federal Contract Tower,0,5,3,4,12,0,1,7,0,8,0,6,10,4,20,0,4,4,24
06/23/2020,VCT,TX,ASW,CE,Federal Contract Tower,0,12,4,33,49,0,0,6,7,13,0,12,10,40,62,0,64,64,126
06/24/2020,VCT,TX,ASW,CE,Federal Contract Tower,0,10,9,8,27,0,2,9,0,11,0,12,18,8,38,8,8,16,54
06/25/2020,VCT,TX,ASW,CE,Federal Contract Tower,0,8,7,13,28,0,0,1,4,5,0,8,8,17,33,2,32,34,67
06/26/2020,VCT,TX,ASW,CE,Federal Contract Tower,0,7,4,4,15,0,0,0,0,0,0,7,4,4,15,0,4,4,19
06/27/2020,VCT,TX,ASW,CE,Federal Contract Tower,0,5,4,2,11,0,0,3,4,7,0,5,7,6,18,0,2,2,20
06/28/2020,VCT,TX,ASW,CE,Federal Contract Tower,0,10,3,2,15,0,6,0,0,6,0,16,3,2,21,0,2,2,23
06/29/2020,VCT,TX,ASW,CE,Federal Contract Tower,0,7,7,21,35,0,0,0,6,6,0,7,7,27,41,0,106,106,147
06/30/2020,VCT,TX,ASW,CE,Federal Contract Tower,0,8,2,31,41,0,0,7,2,9,0,8,9,33,50,4,86,90,140
07/01/2020,VCT,TX,ASW,CE,Federal Contract Tower,0,8,2,26,36,0,3,8,3,14,0,11,10,29,50,2,48,50,100
07/02/2020,VCT,TX,ASW,CE,Federal Contract Tower,0,9,1,8,18,0,0,13,0,13,0,9,14,8,31,24,16,40,71
07/03/2020,VCT,TX,ASW,CE,Federal Contract Tower,0,8,0,0,8,0,4,9,0,13,0,12,9,0,21,0,0,0,21
07/04/2020,VCT,TX,ASW,CE,Federal Contract Tower,0,1,3,0,4,0,0,10,0,10,0,1,13,0,14,0,0,0,14
07/05/2020,VCT,TX,ASW,CE,Federal Contract Tower,0,8,3,0,11,0,3,5,0,8,0,11,8,0,19,0,0,0,19
07/06/2020,VCT,TX,ASW,CE,Federal Contract Tower,0,9,4,0,13,0,1,11,2,14,0,10,15,2,27,0,0,0,27
07/07/2020,VCT,TX,ASW,CE,Federal Contract Tower,0,9,2,29,40,0,2,11,9,22,0,11,13,38,62,0,82,82,144
07/08/2020,VCT,TX,ASW,CE,Federal Contract Tower,0,8,9,27,44,0,3,24,5,32,0,11,33,32,76,0,90,90,166
07/09/2020,VCT,TX,ASW,CE,Federal Contract Tower,0,8,1,22,31,0,2,17,10,29,0,10,18,32,60,2,36,38,98
07/10/2020,VCT,TX,ASW,CE,Federal Contract Tower,0,10,8,24,42,0,0,11,7,18,0,10,19,31,60,2,44,46,106
07/11/2020,VCT,TX,ASW,CE,Federal Contract Tower,0,1,0,8,9,0,0,18,6,24,0,1,18,14,33,4,18,22,55
07/12/2020,VCT,TX,ASW,CE,Federal Contract Tower,0,8,2,0,10,0,0,9,2,11,0,8,11,2,21,0,10,10,31
07/13/2020,VCT,TX,ASW,CE,Federal Contract Tower,0,7,0,17,24,0,1,11,1,13,0,8,11,18,37,0,18,18,55
07/14/2020,VCT,TX,ASW,CE,Federal Contract Tower,0,8,1,19,28,0,1,9,5,15,0,9,10,24,43,4,44,48,91
07/15/2020,VCT,TX,ASW,CE,Federal Contract Tower,0,8,2,0,10,0,1,22,0,23,0,9,24,0,33,18,0,18,51
07/16/2020,VCT,TX,ASW,CE,Federal Contract Tower,0,4,7,9,20,0,2,17,13,32,0,6,24,22,52,30,100,130,182
07/17/2020,VCT,TX,ASW,CE,Federal Contract Tower,0,10,12,6,28,0,0,5,0,5,0,10,17,6,33,8,6,14,47
07/18/2020,VCT,TX,ASW,CE,Federal Contract Tower,0,0,0,2,2,0,0,16,2,18,0,0,16,4,20,8,54,62,82
07/19/2020,VCT,TX,ASW,CE,Federal Contract Tower,0,6,3,2,11,0,0,22,0,22,0,6,25,2,33,16,2,18,51
07/20/2020,VCT,TX,ASW,CE,Federal Contract Tower,0,7,2,1,10,0,2,4,1,7,0,9,6,2,17,10,0,10,27
07/21/2020,VCT,TX,ASW,CE,Federal Contract Tower,0,10,7,6,23,0,2,5,0,7,0,12,12,6,30,12,4,16,46
07/22/2020,VCT,TX,ASW,CE,Federal Contract Tower,0,10,4,0,14,0,0,6,6,12,0,10,10,6,26,2,24,26,52
07/23/2020,VCT,TX,ASW,CE,Federal Contract Tower,0,8,4,6,18,0,5,22,3,30,0,13,26,9,48,6,26,32,80
07/24/2020,VCT,TX,ASW,CE,Federal Contract Tower,0,7,8,6,21,0,1,8,0,9,0,8,16,6,30,0,8,8,38
07/25/2020,VCT,TX,ASW,CE,Federal Contract Tower,0,0,0,0,0,0,0,0,0,0,0,0,0,0,0,0,0,0,0
07/26/2020,VCT,TX,ASW,CE,Federal Contract Tower,0,4,0,0,4,0,2,0,0,2,0,6,0,0,6,0,0,0,6
07/27/2020,VCT,TX,ASW,CE,Federal Contract Tower,0,3,2,0,5,0,0,11,0,11,0,3,13,0,16,0,0,0,16
07/28/2020,VCT,TX,ASW,CE,Federal Contract Tower,0,10,2,16,28,0,1,3,0,4,0,11,5,16,32,14,16,30,62
07/29/2020,VCT,TX,ASW,CE,Federal Contract Tower,0,8,0,0,8,0,2,9,2,13,0,10,9,2,21,0,18,18,39
07/30/2020,VCT,TX,ASW,CE,Federal Contract Tower,0,8,2,2,12,0,0,27,5,32,0,8,29,7,44,36,12,48,92
07/31/2020,VCT,TX,ASW,CE,Federal Contract Tower,0,7,5,0,12,0,0,23,0,23,0,7,28,0,35,6,0,6,41
08/01/2020,VCT,TX,ASW,CE,Federal Contract Tower,0,0,0,0,0,0,0,7,0,7,0,0,7,0,7,0,0,0,7
08/02/2020,VCT,TX,ASW,CE,Federal Contract Tower,0,6,5,6,17,0,1,15,0,16,0,7,20,6,33,16,4,20,53
08/03/2020,VCT,TX,ASW,CE,Federal Contract Tower,0,6,3,14,23,0,0,25,3,28,0,6,28,17,51,2,66,68,119
08/04/2020,VCT,TX,ASW,CE,Federal Contract Tower,0,9,4,4,17,0,7,17,9,33,0,16,21,13,50,4,36,40,90
08/05/2020,VCT,TX,ASW,CE,Federal Contract Tower,0,8,5,0,13,0,0,23,6,29,0,8,28,6,42,14,6,20,62
08/06/2020,VCT,TX,ASW,CE,Federal Contract Tower,0,8,1,4,13,0,3,31,4,38,0,11,32,8,51,30,20,50,101
08/07/2020,VCT,TX,ASW,CE,Federal Contract Tower,0,7,2,10,19,0,1,9,8,18,0,8,11,18,37,14,44,58,95
08/08/2020,VCT,TX,ASW,CE,Federal Contract Tower,0,0,1,5,6,0,0,9,4,13,0,0,10,9,19,2,52,54,73
08/09/2020,VCT,TX,ASW,CE,Federal Contract Tower,0,8,2,2,12,0,1,9,0,10,0,9,11,2,22,0,2,2,24
08/10/2020,VCT,TX,ASW,CE,Federal Contract Tower,0,9,1,5,15,0,2,13,1,16,0,11,14,6,31,4,14,18,49
08/11/2020,VCT,TX,ASW,CE,Federal Contract Tower,0,12,3,2,17,0,3,4,5,12,0,15,7,7,29,0,20,20,49
08/12/2020,VCT,TX,ASW,CE,Federal Contract Tower,0,6,2,4,12,0,0,15,9,24,0,6,17,13,36,14,62,76,112
08/13/2020,VCT,TX,ASW,CE,Federal Contract Tower,0,8,4,0,12,0,0,24,9,33,0,8,28,9,45,8,66,74,119
08/14/2020,VCT,TX,ASW,CE,Federal Contract Tower,0,3,4,3,10,0,2,20,3,25,0,5,24,6,35,20,22,42,77
08/15/2020,VCT,TX,ASW,CE,Federal Contract Tower,0,0,0,0,0,0,0,19,0,19,0,0,19,0,19,10,0,10,29
08/16/2020,VCT,TX,ASW,CE,Federal Contract Tower,0,6,2,4,12,0,0,15,4,19,0,6,17,8,31,16,4,20,51
08/17/2020,VCT,TX,ASW,CE,Federal Contract Tower,0,7,7,10,24,0,3,5,2,10,0,10,12,12,34,36,26,62,96
08/18/2020,VCT,TX,ASW,CE,Federal Contract Tower,0,11,3,2,16,0,1,19,4,24,0,12,22,6,40,16,12,28,68
08/19/2020,VCT,TX,ASW,CE,Federal Contract Tower,0,8,3,12,23,0,0,18,2,20,0,8,21,14,43,8,14,22,65
08/20/2020,VCT,TX,ASW,CE,Federal Contract Tower,0,8,6,6,20,0,0,13,8,21,0,8,19,14,41,2,36,38,79
08/21/2020,VCT,TX,ASW,CE,Federal Contract Tower,0,3,8,0,11,0,0,10,2,12,0,3,18,2,23,2,14,16,39
08/22/2020,VCT,TX,ASW,CE,Federal Contract Tower,0,0,3,0,3,0,0,10,0,10,0,0,13,0,13,0,0,0,13
08/23/2020,VCT,TX,ASW,CE,Federal Contract Tower,0,6,0,6,12,0,0,9,0,9,0,6,9,6,21,30,4,34,55
08/24/2020,VCT,TX,ASW,CE,Federal Contract Tower,0,8,2,0,10,0,4,8,0,12,0,12,10,0,22,0,0,0,22
08/25/2020,VCT,TX,ASW,CE,Federal Contract Tower,0,8,3,10,21,0,0,36,11,47,0,8,39,21,68,18,98,116,184
08/26/2020,VCT,TX,ASW,CE,Federal Contract Tower,0,8,2,1,11,0,0,8,1,9,0,8,10,2,20,6,0,6,26
08/27/2020,VCT,TX,ASW,CE,Federal Contract Tower,0,4,1,0,5,0,0,31,3,34,0,4,32,3,39,10,2,12,51
08/28/2020,VCT,TX,ASW,CE,Federal Contract Tower,0,4,4,6,14,0,0,24,6,30,0,4,28,12,44,12,18,30,74
08/29/2020,VCT,TX,ASW,CE,Federal Contract Tower,0,1,0,0,1,0,23,0,0,23,0,24,0,0,24,2,0,2,26
08/30/2020,VCT,TX,ASW,CE,Federal Contract Tower,0,6,2,2,10,0,0,12,2,14,0,6,14,4,24,12,2,14,38
08/31/2020,VCT,TX,ASW,CE,Federal Contract Tower,0,7,5,6,18,0,0,8,3,11,0,7,13,9,29,0,10,10,39
09/01/2020,VCT,TX,ASW,CE,Federal Contract Tower,0,9,5,0,14,0,0,22,4,26,0,9,27,4,40,0,2,2,42
09/02/2020,VCT,TX,ASW,CE,Federal Contract Tower,0,8,6,1,15,0,0,10,6,16,0,8,16,7,31,2,18,20,51
09/03/2020,VCT,TX,ASW,CE,Federal Contract Tower,0,5,3,4,12,0,0,18,2,20,0,5,21,6,32,16,2,18,50
09/04/2020,VCT,TX,ASW,CE,Federal Contract Tower,0,9,3,1,13,0,0,11,0,11,0,9,14,1,24,14,0,14,38
09/05/2020,VCT,TX,ASW,CE,Federal Contract Tower,0,8,1,7,16,0,9,1,0,10,0,17,2,7,26,0,4,4,30
09/06/2020,VCT,TX,ASW,CE,Federal Contract Tower,0,5,2,0,7,0,0,7,0,7,0,5,9,0,14,2,0,2,16
09/07/2020,VCT,TX,ASW,CE,Federal Contract Tower,0,6,3,0,9,0,0,10,1,11,0,6,13,1,20,14,0,14,34
09/08/2020,VCT,TX,ASW,CE,Federal Contract Tower,0,7,0,2,9,0,0,4,0,4,0,7,4,2,13,0,2,2,15
09/09/2020,VCT,TX,ASW,CE,Federal Contract Tower,0,8,5,2,15,0,0,2,2,4,0,8,7,4,19,0,4,4,23
09/10/2020,VCT,TX,ASW,CE,Federal Contract Tower,0,8,7,5,20,0,0,5,1,6,0,8,12,6,26,0,12,12,38
09/11/2020,VCT,TX,ASW,CE,Federal Contract Tower,0,7,9,12,28,0,1,22,6,29,0,8,31,18,57,0,16,16,73
09/12/2020,VCT,TX,ASW,CE,Federal Contract Tower,0,6,3,2,11,0,0,25,0,25,0,6,28,2,36,10,2,12,48
09/13/2020,VCT,TX,ASW,CE,Federal Contract Tower,0,6,2,0,8,0,0,2,0,2,0,6,4,0,10,2,0,2,12
09/14/2020,VCT,TX,ASW,CE,Federal Contract Tower,0,8,0,16,24,0,3,11,3,17,0,11,11,19,41,0,18,18,59
09/15/2020,VCT,TX,ASW,CE,Federal Contract Tower,0,8,2,17,27,0,1,12,8,21,0,9,14,25,48,0,50,50,98
09/16/2020,VCT,TX,ASW,CE,Federal Contract Tower,0,8,0,0,8,0,0,10,6,16,0,8,10,6,24,6,4,10,34
09/17/2020,VCT,TX,ASW,CE,Federal Contract Tower,0,8,0,14,22,0,0,12,0,12,0,8,12,14,34,4,10,14,48
09/18/2020,VCT,TX,ASW,CE,Federal Contract Tower,0,11,7,15,33,0,0,14,1,15,0,11,21,16,48,48,10,58,106
09/19/2020,VCT,TX,ASW,CE,Federal Contract Tower,0,6,1,0,7,0,0,29,0,29,0,6,30,0,36,26,0,26,62
09/20/2020,VCT,TX,ASW,CE,Federal Contract Tower,0,14,7,0,21,0,1,14,0,15,0,15,21,0,36,28,0,28,64
09/21/2020,VCT,TX,ASW,CE,Federal Contract Tower,0,6,1,0,7,0,0,0,0,0,0,6,1,0,7,0,0,0,7
09/22/2020,VCT,TX,ASW,CE,Federal Contract Tower,0,6,0,0,6,0,0,0,0,0,0,6,0,0,6,2,0,2,8
09/23/2020,VCT,TX,ASW,CE,Federal Contract Tower,0,6,9,10,25,0,1,22,2,25,0,7,31,12,50,2,2,4,54
09/24/2020,VCT,TX,ASW,CE,Federal Contract Tower,0,11,9,7,27,0,0,16,7,23,0,11,25,14,50,20,44,64,114
09/25/2020,VCT,TX,ASW,CE,Federal Contract Tower,0,8,4,10,22,0,0,23,2,25,0,8,27,12,47,22,16,38,85
09/26/2020,VCT,TX,ASW,CE,Federal Contract Tower,0,7,0,6,13,0,0,11,0,11,0,7,11,6,24,12,4,16,40
09/27/2020,VCT,TX,ASW,CE,Federal Contract Tower,0,6,4,2,12,0,0,10,0,10,0,6,14,2,22,10,2,12,34
09/28/2020,VCT,TX,ASW,CE,Federal Contract Tower,0,7,4,2,13,0,0,6,10,16,0,7,10,12,29,0,10,10,39
09/29/2020,VCT,TX,ASW,CE,Federal Contract Tower,0,8,0,6,14,0,0,25,7,32,0,8,25,13,46,2,12,14,60
09/30/2020,VCT,TX,ASW,CE,Federal Contract Tower,0,7,6,6,19,0,0,31,6,37,0,7,37,12,56,22,6,28,84
10/01/2020,VCT,TX,ASW,CE,Federal Contract Tower,0,10,6,17,33,0,0,26,11,37,0,10,32,28,70,12,110,122,192
10/02/2020,VCT,TX,ASW,CE,Federal Contract Tower,0,12,14,28,54,0,0,13,8,21,0,12,27,36,75,6,76,82,157
10/03/2020,VCT,TX,ASW,CE,Federal Contract Tower,0,6,7,8,21,0,2,26,2,30,0,8,33,10,51,8,8,16,67
10/04/2020,VCT,TX,ASW,CE,Federal Contract Tower,0,6,4,4,14,0,1,28,2,31,0,7,32,6,45,8,48,56,101
10/05/2020,VCT,TX,ASW,CE,Federal Contract Tower,0,11,8,20,39,0,2,9,11,22,0,13,17,31,61,0,134,134,195
10/06/2020,VCT,TX,ASW,CE,Federal Contract Tower,0,13,5,30,48,0,0,12,16,28,0,13,17,46,76,0,366,366,442
10/07/2020,VCT,TX,ASW,CE,Federal Contract Tower,0,11,3,34,48,0,0,28,11,39,0,11,31,45,87,0,186,186,273
10/08/2020,VCT,TX,ASW,CE,Federal Contract Tower,0,9,14,23,46,0,0,19,6,25,0,9,33,29,71,2,258,260,331
10/09/2020,VCT,TX,ASW,CE,Federal Contract Tower,0,6,9,26,41,0,0,6,1,7,0,6,15,27,48,0,80,80,128
10/10/2020,VCT,TX,ASW,CE,Federal Contract Tower,0,4,4,4,12,0,1,30,2,33,0,5,34,6,45,18,2,20,65
10/11/2020,VCT,TX,ASW,CE,Federal Contract Tower,0,6,3,11,20,0,0,21,2,23,0,6,24,13,43,16,16,32,75
10/12/2020,VCT,TX,ASW,CE,Federal Contract Tower,0,6,3,10,19,0,2,10,5,17,0,8,13,15,36,0,42,42,78
10/13/2020,VCT,TX,ASW,CE,Federal Contract Tower,0,9,12,34,55,0,1,43,17,61,0,10,55,51,116,26,130,156,272
10/14/2020,VCT,TX,ASW,CE,Federal Contract Tower,0,6,6,25,37,0,2,22,14,38,0,8,28,39,75,4,136,140,215
10/15/2020,VCT,TX,ASW,CE,Federal Contract Tower,0,3,4,39,46,0,0,16,15,31,0,3,20,54,77,2,240,242,319
10/16/2020,VCT,TX,ASW,CE,Federal Contract Tower,0,7,10,25,42,0,0,2,0,2,0,7,12,25,44,0,18,18,62
10/17/2020,VCT,TX,ASW,CE,Federal Contract Tower,0,10,4,15,29,0,0,6,0,6,0,10,10,15,35,0,10,10,45
10/18/2020,VCT,TX,ASW,CE,Federal Contract Tower,0,8,10,9,27,0,0,20,4,24,0,8,30,13,51,8,62,70,121
10/19/2020,VCT,TX,ASW,CE,Federal Contract Tower,0,6,6,38,50,0,0,1,9,10,0,6,7,47,60,2,146,148,208
10/20/2020,VCT,TX,ASW,CE,Federal Contract Tower,0,10,13,26,49,0,1,22,17,40,0,11,35,43,89,14,176,190,279
10/21/2020,VCT,TX,ASW,CE,Federal Contract Tower,0,9,4,21,34,0,0,8,9,17,0,9,12,30,51,6,94,100,151
10/22/2020,VCT,TX,ASW,CE,Federal Contract Tower,0,11,6,46,63,0,0,3,4,7,0,11,9,50,70,2,72,74,144
10/23/2020,VCT,TX,ASW,CE,Federal Contract Tower,0,8,12,34,54,0,1,11,7,19,0,9,23,41,73,2,64,66,139
10/24/2020,VCT,TX,ASW,CE,Federal Contract Tower,0,5,3,3,11,0,0,18,3,21,0,5,21,6,32,6,20,26,58
10/25/2020,VCT,TX,ASW,CE,Federal Contract Tower,0,7,6,6,19,0,0,1,0,1,0,7,7,6,20,2,6,8,28
10/26/2020,VCT,TX,ASW,CE,Federal Contract Tower,0,8,6,11,25,0,0,2,1,3,0,8,8,12,28,20,32,52,80
10/27/2020,VCT,TX,ASW,CE,Federal Contract Tower,0,12,3,4,19,0,0,2,0,2,0,12,5,4,21,2,4,6,27
10/28/2020,VCT,TX,ASW,CE,Federal Contract Tower,0,8,3,28,39,0,0,4,5,9,0,8,7,33,48,2,102,104,152
10/29/2020,VCT,TX,ASW,CE,Federal Contract Tower,0,8,4,26,38,0,2,18,17,37,0,10,22,43,75,16,116,132,207
10/30/2020,VCT,TX,ASW,CE,Federal Contract Tower,0,9,5,24,38,0,0,30,10,40,0,9,35,34,78,10,142,152,230
10/31/2020,VCT,TX,ASW,CE,Federal Contract Tower,0,7,2,12,21,0,0,21,2,23,0,7,23,14,44,4,14,18,62
11/01/2020,VCT,TX,ASW,CE,Federal Contract Tower,0,6,3,8,17,0,0,12,4,16,0,6,15,12,33,8,40,48,81
11/02/2020,VCT,TX,ASW,CE,Federal Contract Tower,0,7,2,35,44,0,0,20,11,31,0,7,22,46,75,12,238,250,325
11/03/2020,VCT,TX,ASW,CE,Federal Contract Tower,0,8,8,42,58,0,0,28,18,46,0,8,36,60,104,10,142,152,256
11/04/2020,VCT,TX,ASW,CE,Federal Contract Tower,0,8,5,32,45,0,2,15,24,41,0,10,20,56,86,4,238,242,328
11/05/2020,VCT,TX,ASW,CE,Federal Contract Tower,0,13,4,48,65,0,2,24,25,51,0,15,28,73,116,18,168,186,302
11/06/2020,VCT,TX,ASW,CE,Federal Contract Tower,0,12,10,22,44,0,0,13,15,28,0,12,23,37,72,8,122,130,202
11/07/2020,VCT,TX,ASW,CE,Federal Contract Tower,0,8,6,12,26,0,0,28,3,31,0,8,34,15,57,10,28,38,95
11/08/2020,VCT,TX,ASW,CE,Federal Contract Tower,0,5,3,18,26,0,1,11,5,17,0,6,14,23,43,10,34,44,87
11/09/2020,VCT,TX,ASW,CE,Federal Contract Tower,0,5,16,19,40,0,1,9,6,16,0,6,25,25,56,6,98,104,160
11/10/2020,VCT,TX,ASW,CE,Federal Contract Tower,0,9,10,39,58,0,2,8,21,31,0,11,18,60,89,18,190,208,297
11/11/2020,VCT,TX,ASW,CE,Federal Contract Tower,0,6,4,18,28,0,1,18,5,24,0,7,22,23,52,10,18,28,80
11/12/2020,VCT,TX,ASW,CE,Federal Contract Tower,0,6,13,17,36,0,0,13,13,26,0,6,26,30,62,14,96,110,172
11/13/2020,VCT,TX,ASW,CE,Federal Contract Tower,0,8,5,35,48,0,1,4,9,14,0,9,9,44,62,0,90,90,152
11/14/2020,VCT,TX,ASW,CE,Federal Contract Tower,0,4,0,45,49,0,0,2,6,8,0,4,2,51,57,0,102,102,159
11/15/2020,VCT,TX,ASW,CE,Federal Contract Tower,0,4,1,6,11,0,0,1,0,1,0,4,2,6,12,0,6,6,18
11/16/2020,VCT,TX,ASW,CE,Federal Contract Tower,0,7,5,8,20,0,0,13,13,26,0,7,18,21,46,4,168,172,218
11/17/2020,VCT,TX,ASW,CE,Federal Contract Tower,0,4,9,13,26,0,0,14,16,30,0,4,23,29,56,20,204,224,280
11/18/2020,VCT,TX,ASW,CE,Federal Contract Tower,0,6,1,15,22,0,0,21,19,40,0,6,22,34,62,2,168,170,232
11/19/2020,VCT,TX,ASW,CE,Federal Contract Tower,0,6,9,34,49,0,0,30,15,45,0,6,39,49,94,34,136,170,264
11/20/2020,VCT,TX,ASW,CE,Federal Contract Tower,0,8,11,23,42,0,0,10,6,16,0,8,21,29,58,10,84,94,152
11/21/2020,VCT,TX,ASW,CE,Federal Contract Tower,0,3,4,29,36,0,0,15,11,26,0,3,19,40,62,0,146,146,208
11/22/2020,VCT,TX,ASW,CE,Federal Contract Tower,0,6,6,2,14,0,0,8,0,8,0,6,14,2,22,8,2,10,32
11/23/2020,VCT,TX,ASW,CE,Federal Contract Tower,0,5,5,41,51,0,0,11,7,18,0,5,16,48,69,6,154,160,229
11/24/2020,VCT,TX,ASW,CE,Federal Contract Tower,0,6,4,37,47,0,0,1,10,11,0,6,5,47,58,2,130,132,190
11/25/2020,VCT,TX,ASW,CE,Federal Contract Tower,0,6,7,12,25,0,0,9,8,17,0,6,16,20,42,2,166,168,210
11/26/2020,VCT,TX,ASW,CE,Federal Contract Tower,0,2,3,0,5,0,0,3,0,3,0,2,6,0,8,2,0,2,10
11/27/2020,VCT,TX,ASW,CE,Federal Contract Tower,0,4,4,0,8,0,0,7,0,7,0,4,11,0,15,0,0,0,15
11/28/2020,VCT,TX,ASW,CE,Federal Contract Tower,0,4,3,0,7,0,0,2,0,2,0,4,5,0,9,0,0,0,9
11/29/2020,VCT,TX,ASW,CE,Federal Contract Tower,0,4,1,2,7,0,0,5,2,7,0,4,6,4,14,4,40,44,58
11/30/2020,VCT,TX,ASW,CE,Federal Contract Tower,0,5,7,22,34,0,0,23,14,37,0,5,30,36,71,6,150,156,227
12/01/2020,VCT,TX,ASW,CE,Federal Contract Tower,0,4,5,53,62,0,0,15,15,30,0,4,20,68,92,22,106,128,220
12/02/2020,VCT,TX,ASW,CE,Federal Contract Tower,0,6,16,24,46,0,0,8,5,13,0,6,24,29,59,6,142,148,207
12/03/2020,VCT,TX,ASW,CE,Federal Contract Tower,0,7,3,44,54,0,0,12,6,18,0,7,15,50,72,4,82,86,158
12/04/2020,VCT,TX,ASW,CE,Federal Contract Tower,0,9,7,24,40,0,0,19,8,27,0,9,26,32,67,26,102,128,195
12/05/2020,VCT,TX,ASW,CE,Federal Contract Tower,0,4,4,7,15,0,0,8,2,10,0,4,12,9,25,4,18,22,47
12/06/2020,VCT,TX,ASW,CE,Federal Contract Tower,0,5,2,10,17,0,0,22,3,25,0,5,24,13,42,0,40,40,82
12/07/2020,VCT,TX,ASW,CE,Federal Contract Tower,0,5,4,32,41,0,0,18,8,26,0,5,22,40,67,6,154,160,227
12/08/2020,VCT,TX,ASW,CE,Federal Contract Tower,0,6,8,28,42,0,0,8,17,25,0,6,16,45,67,2,92,94,161
12/09/2020,VCT,TX,ASW,CE,Federal Contract Tower,0,6,2,45,53,0,0,7,9,16,0,6,9,54,69,2,126,128,197
12/10/2020,VCT,TX,ASW,CE,Federal Contract Tower,0,6,4,40,50,0,0,17,31,48,0,6,21,71,98,20,192,212,310
12/11/2020,VCT,TX,ASW,CE,Federal Contract Tower,0,7,5,25,37,0,0,7,2,9,0,7,12,27,46,0,46,46,92
12/12/2020,VCT,TX,ASW,CE,Federal Contract Tower,0,3,7,6,16,0,0,4,0,4,0,3,11,6,20,2,6,8,28
12/13/2020,VCT,TX,ASW,CE,Federal Contract Tower,0,6,5,0,11,0,0,1,0,1,0,6,6,0,12,0,0,0,12
12/14/2020,VCT,TX,ASW,CE,Federal Contract Tower,0,6,3,22,31,0,0,11,4,15,0,6,14,26,46,12,56,68,114
12/15/2020,VCT,TX,ASW,CE,Federal Contract Tower,0,6,18,61,85,0,0,13,20,33,0,6,31,81,118,10,196,206,324
12/16/2020,VCT,TX,ASW,CE,Federal Contract Tower,0,6,7,25,38,0,0,16,26,42,0,6,23,51,80,0,196,196,276
12/17/2020,VCT,TX,ASW,CE,Federal Contract Tower,0,6,12,24,42,0,0,22,11,33,0,6,34,35,75,14,66,80,155
12/18/2020,VCT,TX,ASW,CE,Federal Contract Tower,0,8,10,2,20,0,0,6,7,13,0,8,16,9,33,0,62,62,95
12/19/2020,VCT,TX,ASW,CE,Federal Contract Tower,0,4,1,0,5,0,0,0,0,0,0,4,1,0,5,0,0,0,5
12/20/2020,VCT,TX,ASW,CE,Federal Contract Tower,0,4,3,6,13,0,0,26,4,30,0,4,29,10,43,12,26,38,81
12/21/2020,VCT,TX,ASW,CE,Federal Contract Tower,0,8,4,16,28,0,0,15,0,15,0,8,19,16,43,4,52,56,99
12/22/2020,VCT,TX,ASW,CE,Federal Contract Tower,0,6,3,8,17,0,0,26,14,40,0,6,29,22,57,18,48,66,123
12/23/2020,VCT,TX,ASW,CE,Federal Contract Tower,0,8,1,6,15,0,1,3,4,8,0,9,4,10,23,0,12,12,35
12/24/2020,VCT,TX,ASW,CE,Federal Contract Tower,0,4,1,0,5,0,0,5,0,5,0,4,6,0,10,0,0,0,10
12/25/2020,VCT,TX,ASW,CE,Federal Contract Tower,0,2,0,0,2,0,0,7,0,7,0,2,7,0,9,14,0,14,23
12/26/2020,VCT,TX,ASW,CE,Federal Contract Tower,0,5,3,0,8,0,0,16,0,16,0,5,19,0,24,2,0,2,26
12/27/2020,VCT,TX,ASW,CE,Federal Contract Tower,0,4,0,0,4,0,0,9,0,9,0,4,9,0,13,0,0,0,13
12/28/2020,VCT,TX,ASW,CE,Federal Contract Tower,0,7,5,10,22,0,3,9,2,14,0,10,14,12,36,4,20,24,60
12/29/2020,VCT,TX,ASW,CE,Federal Contract Tower,0,6,2,6,14,0,0,10,4,14,0,6,12,10,28,0,14,14,42
12/30/2020,VCT,TX,ASW,CE,Federal Contract Tower,0,7,9,6,22,0,2,3,0,5,0,9,12,6,27,6,4,10,37
12/31/2020,VCT,TX,ASW,CE,Federal Contract Tower,0,2,1,0,3,0,0,1,0,1,0,2,2,0,4,0,0,0,4
01/01/2021,VCT,TX,ASW,CE,Federal Contract Tower,0,2,3,0,5,0,0,6,0,6,0,2,9,0,11,0,0,0,11
01/02/2021,VCT,TX,ASW,CE,Federal Contract Tower,0,5,7,0,12,0,0,17,0,17,0,5,24,0,29,20,0,20,49
01/03/2021,VCT,TX,ASW,CE,Federal Contract Tower,0,7,5,0,12,0,0,30,0,30,0,7,35,0,42,2,0,2,44
01/04/2021,VCT,TX,ASW,CE,Federal Contract Tower,0,8,7,9,24,0,3,19,3,25,0,11,26,12,49,2,48,50,99
01/05/2021,VCT,TX,ASW,CE,Federal Contract Tower,0,4,2,11,17,0,0,4,4,8,0,4,6,15,25,0,34,34,59
01/06/2021,VCT,TX,ASW,CE,Federal Contract Tower,0,6,2,8,16,0,0,8,6,14,0,6,10,14,30,0,26,26,56
01/07/2021,VCT,TX,ASW,CE,Federal Contract Tower,0,5,7,23,35,0,1,14,15,30,0,6,21,38,65,4,84,88,153
01/08/2021,VCT,TX,ASW,CE,Federal Contract Tower,0,5,7,19,31,0,1,13,12,26,0,6,20,31,57,0,142,142,199
01/09/2021,VCT,TX,ASW,CE,Federal Contract Tower,0,2,3,16,21,0,1,16,2,19,0,3,19,18,40,0,44,44,84
01/10/2021,VCT,TX,ASW,CE,Federal Contract Tower,0,4,4,0,8,0,0,0,0,0,0,4,4,0,8,0,0,0,8
01/11/2021,VCT,TX,ASW,CE,Federal Contract Tower,0,5,2,41,48,0,0,10,10,20,0,5,12,51,68,0,178,178,246
01/12/2021,VCT,TX,ASW,CE,Federal Contract Tower,0,4,3,109,116,0,0,19,18,37,0,4,22,127,153,0,264,264,417
01/13/2021,VCT,TX,ASW,CE,Federal Contract Tower,0,6,3,42,51,0,0,14,21,35,0,6,17,63,86,6,240,246,332
01/14/2021,VCT,TX,ASW,CE,Federal Contract Tower,0,8,8,4,20,0,0,20,23,43,0,8,28,27,63,12,214,226,289
01/15/2021,VCT,TX,ASW,CE,Federal Contract Tower,0,8,5,7,20,0,0,22,21,43,0,8,27,28,63,4,248,252,315
01/16/2021,VCT,TX,ASW,CE,Federal Contract Tower,0,4,9,2,15,0,0,13,2,15,0,4,22,4,30,8,30,38,68
01/17/2021,VCT,TX,ASW,CE,Federal Contract Tower,0,4,2,4,10,0,0,14,0,14,0,4,16,4,24,18,4,22,46
01/18/2021,VCT,TX,ASW,CE,Federal Contract Tower,0,5,15,3,23,0,0,21,4,25,0,5,36,7,48,6,12,18,66
01/19/2021,VCT,TX,ASW,CE,Federal Contract Tower,0,13,5,57,75,0,0,0,12,12,0,13,5,69,87,14,150,164,251
01/20/2021,VCT,TX,ASW,CE,Federal Contract Tower,0,7,1,63,71,0,0,0,0,0,0,7,1,63,71,0,52,52,123
01/21/2021,VCT,TX,ASW,CE,Federal Contract Tower,0,6,12,23,41,0,0,0,0,0,0,6,12,23,41,0,22,22,63
01/22/2021,VCT,TX,ASW,CE,Federal Contract Tower,0,7,13,43,63,0,1,10,9,20,0,8,23,52,83,2,112,114,197
01/23/2021,VCT,TX,ASW,CE,Federal Contract Tower,0,6,4,11,21,0,0,0,0,0,0,6,4,11,21,0,6,6,27
01/24/2021,VCT,TX,ASW,CE,Federal Contract Tower,0,3,4,7,14,0,0,0,0,0,0,3,4,7,14,0,8,8,22
01/25/2021,VCT,TX,ASW,CE,Federal Contract Tower,0,8,11,49,68,0,3,4,22,29,0,11,15,71,97,18,298,316,413
01/26/2021,VCT,TX,ASW,CE,Federal Contract Tower,0,4,14,19,37,0,0,24,26,50,0,4,38,45,87,62,218,280,367
01/27/2021,VCT,TX,ASW,CE,Federal Contract Tower,0,7,11,44,62,0,1,20,19,40,0,8,31,63,102,52,254,306,408
01/28/2021,VCT,TX,ASW,CE,Federal Contract Tower,0,7,7,46,60,0,0,20,15,35,0,7,27,61,95,4,226,230,325
01/29/2021,VCT,TX,ASW,CE,Federal Contract Tower,0,6,8,4,18,0,0,17,12,29,0,6,25,16,47,0,84,84,131
01/30/2021,VCT,TX,ASW,CE,Federal Contract Tower,0,3,4,1,8,0,3,7,6,16,0,6,11,7,24,2,86,88,112
01/31/2021,VCT,TX,ASW,CE,Federal Contract Tower,0,5,3,8,16,0,4,15,0,19,0,9,18,8,35,0,6,6,41
02/01/2021,VCT,TX,ASW,CE,Federal Contract Tower,0,5,5,24,34,0,0,13,25,38,0,5,18,49,72,10,210,220,292
02/02/2021,VCT,TX,ASW,CE,Federal Contract Tower,0,4,8,27,39,0,0,35,19,54,0,4,43,46,93,10,132,142,235
02/03/2021,VCT,TX,ASW,CE,Federal Contract Tower,0,6,3,38,47,0,0,6,28,34,0,6,9,66,81,2,288,290,371
02/04/2021,VCT,TX,ASW,CE,Federal Contract Tower,0,6,5,50,61,0,0,10,22,32,0,6,15,72,93,48,248,296,389
02/05/2021,VCT,TX,ASW,CE,Federal Contract Tower,0,6,11,51,68,0,3,0,9,12,0,9,11,60,80,0,130,130,210
02/06/2021,VCT,TX,ASW,CE,Federal Contract Tower,0,3,17,8,28,0,4,14,0,18,0,7,31,8,46,16,8,24,70
02/07/2021,VCT,TX,ASW,CE,Federal Contract Tower,0,4,7,3,14,0,1,16,0,17,0,5,23,3,31,8,2,10,41
02/08/2021,VCT,TX,ASW,CE,Federal Contract Tower,0,5,0,2,7,0,0,7,4,11,0,5,7,6,18,4,18,22,40
02/09/2021,VCT,TX,ASW,CE,Federal Contract Tower,0,4,13,17,34,0,0,6,1,7,0,4,19,18,41,6,28,34,75
02/10/2021,VCT,TX,ASW,CE,Federal Contract Tower,0,6,7,14,27,0,0,0,0,0,0,6,7,14,27,0,14,14,41
02/11/2021,VCT,TX,ASW,CE,Federal Contract Tower,0,7,2,0,9,0,0,0,0,0,0,7,2,0,9,2,0,2,11
02/12/2021,VCT,TX,ASW,CE,Federal Contract Tower,0,6,2,10,18,0,0,0,0,0,0,6,2,10,18,0,44,44,62
02/13/2021,VCT,TX,ASW,CE,Federal Contract Tower,0,3,2,0,5,0,0,0,0,0,0,3,2,0,5,2,0,2,7
02/14/2021,VCT,TX,ASW,CE,Federal Contract Tower,0,1,0,0,1,0,0,0,0,0,0,1,0,0,1,0,0,0,1
02/15/2021,VCT,TX,ASW,CE,Federal Contract Tower,0,0,0,0,0,0,0,5,0,5,0,0,5,0,5,0,0,0,5
02/16/2021,VCT,TX,ASW,CE,Federal Contract Tower,0,0,1,0,1,0,0,1,0,1,0,0,2,0,2,0,0,0,2
02/18/2021,VCT,TX,ASW,CE,Federal Contract Tower,0,1,6,0,7,0,0,0,0,0,0,1,6,0,7,0,0,0,7
02/19/2021,VCT,TX,ASW,CE,Federal Contract Tower,0,5,1,0,6,0,2,7,0,9,0,7,8,0,15,0,0,0,15
02/20/2021,VCT,TX,ASW,CE,Federal Contract Tower,0,3,0,10,13,0,2,16,10,28,0,5,16,20,41,18,94,112,153
02/21/2021,VCT,TX,ASW,CE,Federal Contract Tower,0,6,2,6,14,0,0,5,7,12,0,6,7,13,26,0,44,44,70
02/22/2021,VCT,TX,ASW,CE,Federal Contract Tower,0,7,8,31,46,0,1,17,19,37,0,8,25,50,83,8,294,302,385
02/23/2021,VCT,TX,ASW,CE,Federal Contract Tower,0,6,12,33,51,0,0,16,8,24,0,6,28,41,75,2,88,90,165
02/24/2021,VCT,TX,ASW,CE,Federal Contract Tower,0,8,11,8,27,0,0,3,0,3,0,8,14,8,30,0,16,16,46
02/25/2021,VCT,TX,ASW,CE,Federal Contract Tower,0,5,8,21,34,0,0,4,0,4,0,5,12,21,38,0,20,20,58
02/26/2021,VCT,TX,ASW,CE,Federal Contract Tower,0,6,13,9,28,0,2,0,1,3,0,8,13,10,31,2,16,18,49
02/28/2021,VCT,TX,ASW,CE,Federal Contract Tower,0,4,5,18,27,0,1,0,2,3,0,5,5,20,30,0,14,14,44
03/01/2021,VCT,TX,ASW,CE,Federal Contract Tower,0,5,12,4,21,0,0,0,0,0,0,5,12,4,21,2,2,4,25
03/02/2021,VCT,TX,ASW,CE,Federal Contract Tower,0,5,2,35,42,0,0,8,12,20,0,5,10,47,62,0,222,222,284
03/03/2021,VCT,TX,ASW,CE,Federal Contract Tower,0,6,2,22,30,0,0,16,15,31,0,6,18,37,61,18,88,106,167
03/04/2021,VCT,TX,ASW,CE,Federal Contract Tower,0,6,5,48,59,0,1,13,27,41,0,7,18,75,100,2,304,306,406
03/05/2021,VCT,TX,ASW,CE,Federal Contract Tower,0,6,6,30,42,0,0,14,12,26,0,6,20,42,68,0,148,148,216
03/06/2021,VCT,TX,ASW,CE,Federal Contract Tower,0,3,0,13,16,0,0,10,5,15,0,3,10,18,31,0,26,26,57
03/07/2021,VCT,TX,ASW,CE,Federal Contract Tower,0,4,5,9,18,0,0,19,7,26,0,4,24,16,44,18,70,88,132
03/08/2021,VCT,TX,ASW,CE,Federal Contract Tower,0,5,0,23,28,0,0,7,21,28,0,5,7,44,56,0,208,208,264
03/09/2021,VCT,TX,ASW,CE,Federal Contract Tower,0,9,2,84,95,0,3,7,28,38,0,12,9,112,133,2,278,280,413
03/10/2021,VCT,TX,ASW,CE,Federal Contract Tower,0,6,10,38,54,0,0,8,19,27,0,6,18,57,81,2,228,230,311
03/11/2021,VCT,TX,ASW,CE,Federal Contract Tower,0,6,15,43,64,0,0,6,10,16,0,6,21,53,80,8,96,104,184
03/12/2021,VCT,TX,ASW,CE,Federal Contract Tower,0,6,11,30,47,0,2,4,7,13,0,8,15,37,60,0,144,144,204
03/13/2021,VCT,TX,ASW,CE,Federal Contract Tower,0,3,11,6,20,0,0,0,5,5,0,3,11,11,25,4,80,84,109
03/14/2021,VCT,TX,ASW,CE,Federal Contract Tower,0,4,7,0,11,0,3,0,0,3,0,7,7,0,14,0,0,0,14
03/15/2021,VCT,TX,ASW,CE,Federal Contract Tower,0,7,12,11,30,0,0,2,1,3,0,7,14,12,33,2,22,24,57
03/16/2021,VCT,TX,ASW,CE,Federal Contract Tower,0,7,4,12,23,0,0,6,0,6,0,7,10,12,29,0,10,10,39
03/17/2021,VCT,TX,ASW,CE,Federal Contract Tower,0,6,4,18,28,0,0,13,17,30,0,6,17,35,58,0,202,202,260
03/18/2021,VCT,TX,ASW,CE,Federal Contract Tower,0,8,8,24,40,0,3,17,22,42,0,11,25,46,82,0,222,222,304
03/19/2021,VCT,TX,ASW,CE,Federal Contract Tower,0,6,3,25,34,0,0,25,19,44,0,6,28,44,78,4,226,230,308
03/20/2021,VCT,TX,ASW,CE,Federal Contract Tower,0,6,1,28,35,0,0,29,0,29,0,6,30,28,64,8,28,36,100
03/21/2021,VCT,TX,ASW,CE,Federal Contract Tower,0,3,5,17,25,0,0,21,4,25,0,3,26,21,50,10,16,26,76
03/22/2021,VCT,TX,ASW,CE,Federal Contract Tower,0,6,5,38,49,0,0,6,20,26,0,6,11,58,75,4,304,308,383
03/23/2021,VCT,TX,ASW,CE,Federal Contract Tower,0,4,6,26,36,0,0,25,29,54,0,4,31,55,90,36,272,308,398
03/24/2021,VCT,TX,ASW,CE,Federal Contract Tower,0,9,7,18,34,0,0,0,0,0,0,9,7,18,34,2,14,16,50
03/25/2021,VCT,TX,ASW,CE,Federal Contract Tower,0,6,6,11,23,0,0,10,24,34,0,6,16,35,57,4,218,222,279
03/26/2021,VCT,TX,ASW,CE,Federal Contract Tower,0,6,6,17,29,0,0,6,17,23,0,6,12,34,52,0,200,200,252
03/27/2021,VCT,TX,ASW,CE,Federal Contract Tower,0,3,1,17,21,0,0,2,5,7,0,3,3,22,28,0,70,70,98
03/28/2021,VCT,TX,ASW,CE,Federal Contract Tower,0,4,3,0,7,0,2,7,0,9,0,6,10,0,16,0,0,0,16
03/29/2021,VCT,TX,ASW,CE,Federal Contract Tower,0,5,1,12,18,0,10,13,4,27,0,15,14,16,45,44,54,98,143
03/30/2021,VCT,TX,ASW,CE,Federal Contract Tower,0,4,2,32,38,0,1,2,2,5,0,5,4,34,43,0,64,64,107
03/31/2021,VCT,TX,ASW,CE,Federal Contract Tower,0,8,8,6,22,0,10,0,2,12,0,18,8,8,34,0,10,10,44
04/01/2021,VCT,TX,ASW,CE,Federal Contract Tower,0,6,5,25,36,0,4,20,20,44,0,10,25,45,80,8,128,136,216
04/02/2021,VCT,TX,ASW,CE,Federal Contract Tower,0,7,9,13,29,0,0,35,19,54,0,7,44,32,83,26,192,218,301
04/03/2021,VCT,TX,ASW,CE,Federal Contract Tower,0,4,3,5,12,0,7,19,5,31,0,11,22,10,43,20,36,56,99
04/04/2021,VCT,TX,ASW,CE,Federal Contract Tower,0,4,3,0,7,0,6,5,2,13,0,10,8,2,20,2,16,18,38
04/05/2021,VCT,TX,ASW,CE,Federal Contract Tower,0,6,2,29,37,0,0,11,15,26,0,6,13,44,63,4,262,266,329
04/06/2021,VCT,TX,ASW,CE,Federal Contract Tower,0,6,7,19,32,0,5,2,10,17,0,11,9,29,49,0,138,138,187
04/07/2021,VCT,TX,ASW,CE,Federal Contract Tower,0,6,8,16,30,0,0,3,2,5,0,6,11,18,35,2,62,64,99
04/08/2021,VCT,TX,ASW,CE,Federal Contract Tower,0,6,9,15,30,0,4,13,12,29,0,10,22,27,59,24,102,126,185
04/09/2021,VCT,TX,ASW,CE,Federal Contract Tower,0,8,2,25,35,0,1,9,5,15,0,9,11,30,50,0,66,66,116
04/10/2021,VCT,TX,ASW,CE,Federal Contract Tower,0,3,2,11,16,0,3,14,2,19,0,6,16,13,35,26,10,36,71
04/11/2021,VCT,TX,ASW,CE,Federal Contract Tower,0,3,4,6,13,0,7,19,0,26,0,10,23,6,39,18,6,24,63
04/12/2021,VCT,TX,ASW,CE,Federal Contract Tower,0,7,4,8,19,0,5,5,2,12,0,12,9,10,31,0,6,6,37
04/13/2021,VCT,TX,ASW,CE,Federal Contract Tower,0,5,4,17,26,0,2,7,1,10,0,7,11,18,36,0,66,66,102
04/14/2021,VCT,TX,ASW,CE,Federal Contract Tower,0,8,4,10,22,0,3,2,0,5,0,11,6,10,27,0,10,10,37
04/15/2021,VCT,TX,ASW,CE,Federal Contract Tower,0,5,9,0,14,0,0,0,0,0,0,5,9,0,14,0,0,0,14
04/16/2021,VCT,TX,ASW,CE,Federal Contract Tower,0,5,8,0,13,0,0,0,0,0,0,5,8,0,13,0,0,0,13
04/17/2021,VCT,TX,ASW,CE,Federal Contract Tower,0,3,3,3,9,0,5,3,3,11,0,8,6,6,20,0,110,110,130
04/18/2021,VCT,TX,ASW,CE,Federal Contract Tower,0,4,4,2,10,0,0,8,0,8,0,4,12,2,18,2,2,4,22
04/19/2021,VCT,TX,ASW,CE,Federal Contract Tower,0,5,4,46,55,0,7,13,12,32,0,12,17,58,87,6,218,224,311
04/20/2021,VCT,TX,ASW,CE,Federal Contract Tower,0,7,2,19,28,0,0,25,11,36,0,7,27,30,64,6,206,212,276
04/21/2021,VCT,TX,ASW,CE,Federal Contract Tower,0,6,7,8,21,0,0,21,19,40,0,6,28,27,61,4,126,130,191
04/22/2021,VCT,TX,ASW,CE,Federal Contract Tower,0,6,10,14,30,0,0,6,20,26,0,6,16,34,56,8,200,208,264
04/23/2021,VCT,TX,ASW,CE,Federal Contract Tower,0,6,5,0,11,0,0,3,0,3,0,6,8,0,14,0,0,0,14
04/24/2021,VCT,TX,ASW,CE,Federal Contract Tower,0,3,7,4,14,0,0,14,0,14,0,3,21,4,28,4,4,8,36
04/25/2021,VCT,TX,ASW,CE,Federal Contract Tower,0,5,1,1,7,0,1,26,11,38,0,6,27,12,45,6,92,98,143
04/26/2021,VCT,TX,ASW,CE,Federal Contract Tower,0,7,5,32,44,0,0,20,9,29,0,7,25,41,73,14,190,204,277
04/27/2021,VCT,TX,ASW,CE,Federal Contract Tower,0,7,13,10,30,0,0,4,0,4,0,7,17,10,34,2,6,8,42
04/28/2021,VCT,TX,ASW,CE,Federal Contract Tower,0,6,11,30,47,0,0,7,7,14,0,6,18,37,61,2,138,140,201
04/29/2021,VCT,TX,ASW,CE,Federal Contract Tower,0,6,10,20,36,0,0,5,0,5,0,6,15,20,41,2,38,40,81
04/30/2021,VCT,TX,ASW,CE,Federal Contract Tower,0,5,5,0,10,0,1,1,0,2,0,6,6,0,12,0,0,0,12
05/01/2021,VCT,TX,ASW,CE,Federal Contract Tower,0,3,3,0,6,0,0,2,0,2,0,3,5,0,8,0,0,0,8
05/02/2021,VCT,TX,ASW,CE,Federal Contract Tower,0,6,12,0,18,0,0,4,9,13,0,6,16,9,31,6,30,36,67
05/03/2021,VCT,TX,ASW,CE,Federal Contract Tower,0,5,3,9,17,0,0,7,22,29,0,5,10,31,46,4,196,200,246
05/04/2021,VCT,TX,ASW,CE,Federal Contract Tower,0,4,4,29,37,0,2,2,10,14,0,6,6,39,51,2,84,86,137
05/05/2021,VCT,TX,ASW,CE,Federal Contract Tower,0,7,16,11,34,0,0,32,20,52,0,7,48,31,86,12,178,190,276
05/06/2021,VCT,TX,ASW,CE,Federal Contract Tower,0,8,13,11,32,0,0,19,27,46,0,8,32,38,78,7,274,281,359
05/07/2021,VCT,TX,ASW,CE,Federal Contract Tower,0,8,8,16,32,0,0,19,8,27,0,8,27,24,59,4,100,104,163
05/08/2021,VCT,TX,ASW,CE,Federal Contract Tower,0,4,2,5,11,0,0,17,7,24,0,4,19,12,35,16,62,78,113
05/09/2021,VCT,TX,ASW,CE,Federal Contract Tower,0,4,3,8,15,0,2,1,2,5,0,6,4,10,20,0,14,14,34
05/10/2021,VCT,TX,ASW,CE,Federal Contract Tower,0,5,8,15,28,0,0,16,12,28,0,5,24,27,56,12,120,132,188
05/11/2021,VCT,TX,ASW,CE,Federal Contract Tower,0,4,4,8,16,0,0,16,12,28,0,4,20,20,44,0,98,98,142
05/12/2021,VCT,TX,ASW,CE,Federal Contract Tower,0,7,3,26,36,0,2,16,11,29,0,9,19,37,65,16,188,204,269
05/13/2021,VCT,TX,ASW,CE,Federal Contract Tower,0,6,12,29,47,0,4,6,24,34,0,10,18,53,81,24,284,308,389
05/14/2021,VCT,TX,ASW,CE,Federal Contract Tower,0,8,7,10,25,0,1,11,21,33,0,9,18,31,58,0,194,194,252
05/15/2021,VCT,TX,ASW,CE,Federal Contract Tower,0,3,0,14,17,0,0,8,2,10,0,3,8,16,27,4,34,38,65
05/16/2021,VCT,TX,ASW,CE,Federal Contract Tower,0,4,4,2,10,0,0,0,0,0,0,4,4,2,10,2,2,4,14
05/17/2021,VCT,TX,ASW,CE,Federal Contract Tower,0,4,10,21,35,0,0,4,5,9,0,4,14,26,44,2,168,170,214
05/18/2021,VCT,TX,ASW,CE,Federal Contract Tower,0,3,2,0,5,0,0,9,4,13,0,3,11,4,18,0,2,2,20
05/19/2021,VCT,TX,ASW,CE,Federal Contract Tower,0,5,2,0,7,0,0,0,0,0,0,5,2,0,7,0,0,0,7
05/20/2021,VCT,TX,ASW,CE,Federal Contract Tower,0,6,9,15,30,0,0,14,15,29,0,6,23,30,59,6,228,234,293
05/21/2021,VCT,TX,ASW,CE,Federal Contract Tower,0,6,5,9,20,0,0,6,3,9,0,6,11,12,29,0,42,42,71
05/22/2021,VCT,TX,ASW,CE,Federal Contract Tower,0,3,1,4,8,0,0,6,0,6,0,3,7,4,14,0,2,2,16
05/23/2021,VCT,TX,ASW,CE,Federal Contract Tower,0,4,3,0,7,0,0,0,0,0,0,4,3,0,7,0,0,0,7
05/24/2021,VCT,TX,ASW,CE,Federal Contract Tower,0,10,4,34,48,0,0,4,8,12,0,10,8,42,60,4,60,64,124
05/25/2021,VCT,TX,ASW,CE,Federal Contract Tower,0,3,4,9,16,0,0,2,0,2,0,3,6,9,18,2,14,16,34
05/26/2021,VCT,TX,ASW,CE,Federal Contract Tower,0,6,8,14,28,0,0,4,18,22,0,6,12,32,50,4,136,140,190
05/27/2021,VCT,TX,ASW,CE,Federal Contract Tower,0,8,6,4,18,0,0,14,17,31,0,8,20,21,49,6,82,88,137
05/28/2021,VCT,TX,ASW,CE,Federal Contract Tower,0,6,12,12,30,0,0,10,0,10,0,6,22,12,40,2,10,12,52
05/29/2021,VCT,TX,ASW,CE,Federal Contract Tower,0,4,7,14,25,0,0,10,0,10,0,4,17,14,35,0,14,14,49
05/30/2021,VCT,TX,ASW,CE,Federal Contract Tower,0,6,3,0,9,0,0,10,0,10,0,6,13,0,19,6,0,6,25
05/31/2021,VCT,TX,ASW,CE,Federal Contract Tower,0,5,3,10,18,0,0,10,0,10,0,5,13,10,28,4,10,14,42
06/01/2021,VCT,TX,ASW,CE,Federal Contract Tower,0,4,4,18,26,0,0,7,12,19,0,4,11,30,45,2,110,112,157
06/02/2021,VCT,TX,ASW,CE,Federal Contract Tower,0,4,11,18,33,0,0,10,10,20,0,4,21,28,53,14,122,136,189
06/03/2021,VCT,TX,ASW,CE,Federal Contract Tower,0,4,4,4,12,0,0,1,1,2,0,4,5,5,14,0,22,22,36
06/04/2021,VCT,TX,ASW,CE,Federal Contract Tower,0,6,6,7,19,0,0,3,8,11,0,6,9,15,30,2,26,28,58
06/05/2021,VCT,TX,ASW,CE,Federal Contract Tower,0,5,0,14,19,0,0,13,3,16,0,5,13,17,35,6,20,26,61
06/06/2021,VCT,TX,ASW,CE,Federal Contract Tower,0,4,4,17,25,0,1,12,1,14,0,5,16,18,39,34,24,58,97
06/07/2021,VCT,TX,ASW,CE,Federal Contract Tower,0,5,7,35,47,0,0,8,8,16,0,5,15,43,63,6,152,158,221
06/08/2021,VCT,TX,ASW,CE,Federal Contract Tower,0,4,16,31,51,0,0,17,14,31,0,4,33,45,82,4,124,128,210
06/09/2021,VCT,TX,ASW,CE,Federal Contract Tower,0,6,10,57,73,0,3,25,16,44,0,9,35,73,117,2,212,214,331
06/10/2021,VCT,TX,ASW,CE,Federal Contract Tower,0,7,8,28,43,0,0,9,28,37,0,7,17,56,80,4,290,294,374
06/11/2021,VCT,TX,ASW,CE,Federal Contract Tower,0,7,11,30,48,0,0,19,14,33,0,7,30,44,81,4,70,74,155
06/12/2021,VCT,TX,ASW,CE,Federal Contract Tower,0,2,2,0,4,0,2,13,7,22,0,4,15,7,26,10,80,90,116
06/13/2021,VCT,TX,ASW,CE,Federal Contract Tower,0,4,7,12,23,0,0,16,2,18,0,4,23,14,41,4,8,12,53
06/14/2021,VCT,TX,ASW,CE,Federal Contract Tower,0,4,2,12,18,0,1,18,8,27,0,5,20,20,45,2,78,80,125
06/15/2021,VCT,TX,ASW,CE,Federal Contract Tower,0,6,0,9,15,0,0,15,14,29,0,6,15,23,44,2,170,172,216
06/16/2021,VCT,TX,ASW,CE,Federal Contract Tower,0,8,8,18,34,0,0,12,23,35,0,8,20,41,69,0,206,206,275
06/17/2021,VCT,TX,ASW,CE,Federal Contract Tower,0,7,2,19,28,0,0,10,34,44,0,7,12,53,72,4,358,362,434
06/18/2021,VCT,TX,ASW,CE,Federal Contract Tower,0,7,13,2,22,0,0,20,2,22,0,7,33,4,44,6,4,10,54
06/19/2021,VCT,TX,ASW,CE,Federal Contract Tower,0,5,0,16,21,0,0,30,2,32,0,5,30,18,53,4,48,52,105
06/20/2021,VCT,TX,ASW,CE,Federal Contract Tower,0,4,1,4,9,0,2,6,2,10,0,6,7,6,19,2,10,12,31
06/21/2021,VCT,TX,ASW,CE,Federal Contract Tower,0,7,4,31,42,0,0,5,9,14,0,7,9,40,56,2,82,84,140
06/22/2021,VCT,TX,ASW,CE,Federal Contract Tower,0,4,5,40,49,0,0,14,7,21,0,4,19,47,70,8,134,142,212
06/23/2021,VCT,TX,ASW,CE,Federal Contract Tower,0,8,14,45,67,0,0,21,31,52,0,8,35,76,119,12,376,388,507
06/24/2021,VCT,TX,ASW,CE,Federal Contract Tower,0,6,10,57,73,0,0,10,29,39,0,6,20,86,112,26,254,280,392
06/25/2021,VCT,TX,ASW,CE,Federal Contract Tower,0,7,5,24,36,0,0,0,0,0,0,7,5,24,36,12,168,180,216
06/26/2021,VCT,TX,ASW,CE,Federal Contract Tower,0,6,4,21,31,0,0,14,18,32,0,6,18,39,63,10,150,160,223
06/27/2021,VCT,TX,ASW,CE,Federal Contract Tower,0,5,4,8,17,0,0,2,0,2,0,5,6,8,19,0,8,8,27
06/28/2021,VCT,TX,ASW,CE,Federal Contract Tower,0,4,0,19,23,0,0,1,7,8,0,4,1,26,31,0,68,68,99
06/29/2021,VCT,TX,ASW,CE,Federal Contract Tower,0,4,8,68,80,0,0,8,10,18,0,4,16,78,98,0,132,132,230
06/30/2021,VCT,TX,ASW,CE,Federal Contract Tower,0,9,4,26,39,0,0,4,16,20,0,9,8,42,59,0,226,226,285
07/01/2021,VCT,TX,ASW,CE,Federal Contract Tower,0,6,2,31,39,0,0,14,15,29,0,6,16,46,68,0,156,156,224
07/02/2021,VCT,TX,ASW,CE,Federal Contract Tower,0,4,3,5,12,0,1,20,3,24,0,5,23,8,36,6,14,20,56
07/03/2021,VCT,TX,ASW,CE,Federal Contract Tower,0,6,0,0,6,0,0,10,0,10,0,6,10,0,16,12,0,12,28
07/04/2021,VCT,TX,ASW,CE,Federal Contract Tower,0,4,0,0,4,0,0,4,0,4,0,4,4,0,8,10,0,10,18
07/05/2021,VCT,TX,ASW,CE,Federal Contract Tower,0,3,7,0,10,0,0,6,0,6,0,3,13,0,16,0,0,0,16
07/06/2021,VCT,TX,ASW,CE,Federal Contract Tower,0,4,4,18,26,0,2,5,0,7,0,6,9,18,33,0,14,14,47
07/07/2021,VCT,TX,ASW,CE,Federal Contract Tower,0,6,0,0,6,0,0,1,0,1,0,6,1,0,7,0,0,0,7
07/08/2021,VCT,TX,ASW,CE,Federal Contract Tower,0,6,5,0,11,0,0,0,0,0,0,6,5,0,11,0,0,0,11
07/09/2021,VCT,TX,ASW,CE,Federal Contract Tower,0,6,2,16,24,0,4,4,0,8,0,10,6,16,32,0,8,8,40
07/10/2021,VCT,TX,ASW,CE,Federal Contract Tower,0,3,3,2,8,0,0,11,0,11,0,3,14,2,19,0,2,2,21
07/11/2021,VCT,TX,ASW,CE,Federal Contract Tower,0,3,7,11,21,0,0,9,0,9,0,3,16,11,30,4,7,11,41
07/12/2021,VCT,TX,ASW,CE,Federal Contract Tower,0,9,5,21,35,0,4,13,22,39,0,13,18,43,74,0,136,136,210
07/13/2021,VCT,TX,ASW,CE,Federal Contract Tower,0,4,6,13,23,0,0,14,3,17,0,4,20,16,40,4,22,26,66
07/14/2021,VCT,TX,ASW,CE,Federal Contract Tower,0,6,4,10,20,0,4,1,9,14,0,10,5,19,34,0,66,66,100
07/15/2021,VCT,TX,ASW,CE,Federal Contract Tower,0,6,4,52,62,0,1,32,25,58,0,7,36,77,120,14,212,226,346
07/16/2021,VCT,TX,ASW,CE,Federal Contract Tower,0,14,13,47,74,0,8,25,35,68,0,22,38,82,142,19,238,257,399
07/17/2021,VCT,TX,ASW,CE,Federal Contract Tower,0,3,7,20,30,0,0,21,3,24,0,3,28,23,54,24,48,72,126
07/18/2021,VCT,TX,ASW,CE,Federal Contract Tower,0,4,2,16,22,0,0,28,3,31,0,4,30,19,53,0,40,40,93
07/19/2021,VCT,TX,ASW,CE,Federal Contract Tower,0,5,9,18,32,0,0,5,11,16,0,5,14,29,48,2,44,46,94
07/20/2021,VCT,TX,ASW,CE,Federal Contract Tower,0,3,2,32,37,0,1,12,10,23,0,4,14,42,60,4,160,164,224
07/21/2021,VCT,TX,ASW,CE,Federal Contract Tower,0,5,6,18,29,0,3,15,20,38,0,8,21,38,67,0,118,118,185
07/22/2021,VCT,TX,ASW,CE,Federal Contract Tower,0,6,0,29,35,0,0,3,16,19,0,6,3,45,54,0,112,112,166
07/23/2021,VCT,TX,ASW,CE,Federal Contract Tower,0,4,6,15,25,0,0,17,10,27,0,4,23,25,52,0,104,104,156
07/24/2021,VCT,TX,ASW,CE,Federal Contract Tower,1,3,6,16,26,0,0,9,6,15,1,3,15,22,41,6,62,68,109
07/25/2021,VCT,TX,ASW,CE,Federal Contract Tower,0,3,2,18,23,0,4,21,8,33,0,7,23,26,56,8,52,60,116
07/26/2021,VCT,TX,ASW,CE,Federal Contract Tower,0,7,0,54,61,0,10,9,33,52,0,17,9,87,113,2,278,280,393
07/27/2021,VCT,TX,ASW,CE,Federal Contract Tower,0,4,4,48,56,0,3,9,20,32,0,7,13,68,88,0,164,164,252
07/28/2021,VCT,TX,ASW,CE,Federal Contract Tower,0,6,5,34,45,0,0,14,22,36,0,6,19,56,81,4,202,206,287
07/29/2021,VCT,TX,ASW,CE,Federal Contract Tower,0,6,8,54,68,0,0,17,15,32,0,6,25,69,100,8,166,174,274
07/30/2021,VCT,TX,ASW,CE,Federal Contract Tower,0,8,10,6,24,0,0,1,15,16,0,8,11,21,40,0,172,172,212
07/31/2021,VCT,TX,ASW,CE,Federal Contract Tower,0,3,7,16,26,0,0,24,8,32,0,3,31,24,58,12,68,80,138
08/01/2021,VCT,TX,ASW,CE,Federal Contract Tower,0,4,8,0,12,0,0,18,6,24,0,4,26,6,36,4,0,4,40
08/02/2021,VCT,TX,ASW,CE,Federal Contract Tower,0,5,2,36,43,0,3,11,12,26,0,8,13,48,69,0,88,88,157
08/03/2021,VCT,TX,ASW,CE,Federal Contract Tower,0,4,2,38,44,0,0,4,2,6,0,4,6,40,50,4,62,66,116
08/04/2021,VCT,TX,ASW,CE,Federal Contract Tower,0,10,7,21,38,0,0,7,3,10,0,10,14,24,48,0,16,16,64
08/05/2021,VCT,TX,ASW,CE,Federal Contract Tower,0,6,3,30,39,0,0,6,7,13,0,6,9,37,52,4,52,56,108
08/06/2021,VCT,TX,ASW,CE,Federal Contract Tower,0,5,3,24,32,0,4,6,3,13,0,9,9,27,45,0,26,26,71
08/07/2021,VCT,TX,ASW,CE,Federal Contract Tower,0,3,7,9,19,0,4,12,2,18,0,7,19,11,37,26,12,38,75
08/08/2021,VCT,TX,ASW,CE,Federal Contract Tower,0,4,3,1,8,0,1,11,1,13,0,5,14,2,21,6,2,8,29
08/09/2021,VCT,TX,ASW,CE,Federal Contract Tower,0,7,1,42,50,0,0,15,9,24,0,7,16,51,74,22,140,162,236
08/10/2021,VCT,TX,ASW,CE,Federal Contract Tower,0,6,3,34,43,0,2,6,16,24,0,8,9,50,67,0,188,188,255
08/11/2021,VCT,TX,ASW,CE,Federal Contract Tower,0,7,6,82,95,0,0,9,15,24,0,7,15,97,119,18,280,298,417
08/12/2021,VCT,TX,ASW,CE,Federal Contract Tower,0,7,4,22,33,0,0,13,23,36,0,7,17,45,69,20,158,178,247
08/13/2021,VCT,TX,ASW,CE,Federal Contract Tower,0,6,5,2,13,0,2,9,6,17,0,8,14,8,30,29,44,73,103
08/14/2021,VCT,TX,ASW,CE,Federal Contract Tower,0,4,2,8,14,0,14,13,0,27,0,18,15,8,41,18,8,26,67
08/15/2021,VCT,TX,ASW,CE,Federal Contract Tower,0,4,1,2,7,0,1,8,0,9,0,5,9,2,16,10,2,12,28
08/16/2021,VCT,TX,ASW,CE,Federal Contract Tower,0,5,0,8,13,0,1,15,10,26,0,6,15,18,39,8,34,42,81
08/17/2021,VCT,TX,ASW,CE,Federal Contract Tower,0,4,3,24,31,0,0,5,12,17,0,4,8,36,48,14,98,112,160
08/18/2021,VCT,TX,ASW,CE,Federal Contract Tower,0,10,0,41,51,0,0,5,9,14,0,10,5,50,65,0,100,100,165
08/19/2021,VCT,TX,ASW,CE,Federal Contract Tower,0,6,7,73,86,0,2,13,27,42,0,8,20,100,128,32,324,356,484
08/20/2021,VCT,TX,ASW,CE,Federal Contract Tower,0,7,4,47,58,0,10,14,8,32,0,17,18,55,90,0,66,66,156
08/21/2021,VCT,TX,ASW,CE,Federal Contract Tower,0,3,3,6,12,0,0,12,0,12,0,3,15,6,24,0,8,8,32
08/22/2021,VCT,TX,ASW,CE,Federal Contract Tower,0,3,7,17,27,0,0,19,13,32,0,3,26,30,59,24,68,92,151
08/23/2021,VCT,TX,ASW,CE,Federal Contract Tower,0,9,5,57,71,0,4,20,24,48,0,13,25,81,119,2,288,290,409
08/24/2021,VCT,TX,ASW,CE,Federal Contract Tower,0,4,4,82,90,0,6,11,21,38,0,10,15,103,128,4,188,192,320
08/25/2021,VCT,TX,ASW,CE,Federal Contract Tower,0,6,3,56,65,0,0,16,12,28,0,6,19,68,93,26,130,156,249
08/26/2021,VCT,TX,ASW,CE,Federal Contract Tower,0,6,3,10,19,0,0,7,14,21,0,6,10,24,40,0,154,154,194
08/27/2021,VCT,TX,ASW,CE,Federal Contract Tower,0,7,6,6,19,0,6,4,0,10,0,13,10,6,29,0,2,2,31
08/28/2021,VCT,TX,ASW,CE,Federal Contract Tower,0,4,0,2,6,0,6,0,0,6,0,10,0,2,12,0,2,2,14
08/29/2021,VCT,TX,ASW,CE,Federal Contract Tower,0,4,9,3,16,0,1,18,5,24,0,5,27,8,40,14,32,46,86
08/30/2021,VCT,TX,ASW,CE,Federal Contract Tower,0,5,1,41,47,0,18,17,22,57,0,23,18,63,104,8,232,240,344
08/31/2021,VCT,TX,ASW,CE,Federal Contract Tower,0,4,2,63,69,0,2,13,34,49,0,6,15,97,118,18,400,418,536
09/01/2021,VCT,TX,ASW,CE,Federal Contract Tower,0,6,2,16,24,0,0,13,21,34,0,6,15,37,58,0,188,188,246
09/02/2021,VCT,TX,ASW,CE,Federal Contract Tower,0,6,0,9,15,0,5,3,12,20,0,11,3,21,35,0,116,116,151
09/03/2021,VCT,TX,ASW,CE,Federal Contract Tower,0,5,5,2,12,0,5,2,0,7,0,10,7,2,19,0,2,2,21
09/04/2021,VCT,TX,ASW,CE,Federal Contract Tower,0,4,1,15,20,0,2,12,7,21,0,6,13,22,41,8,44,52,93
09/05/2021,VCT,TX,ASW,CE,Federal Contract Tower,0,3,2,3,8,0,0,12,5,17,0,3,14,8,25,8,18,26,51
09/06/2021,VCT,TX,ASW,CE,Federal Contract Tower,0,5,5,14,24,0,3,5,0,8,0,8,10,14,32,0,14,14,46
09/07/2021,VCT,TX,ASW,CE,Federal Contract Tower,0,6,5,47,58,0,0,8,20,28,0,6,13,67,86,0,184,184,270
09/08/2021,VCT,TX,ASW,CE,Federal Contract Tower,0,6,2,50,58,0,0,25,24,49,0,6,27,74,107,2,218,220,327
09/10/2021,VCT,TX,ASW,CE,Federal Contract Tower,0,7,3,36,46,0,2,12,15,29,0,9,15,51,75,2,130,132,207
09/11/2021,VCT,TX,ASW,CE,Federal Contract Tower,0,4,0,11,15,0,2,22,6,30,0,6,22,17,45,2,4,6,51
09/12/2021,VCT,TX,ASW,CE,Federal Contract Tower,0,6,2,6,14,0,0,7,0,7,0,6,9,6,21,2,0,2,23
09/13/2021,VCT,TX,ASW,CE,Federal Contract Tower,0,1,0,0,1,0,1,1,0,2,0,2,1,0,3,0,0,0,3
09/14/2021,VCT,TX,ASW,CE,Federal Contract Tower,0,2,2,24,28,0,3,5,14,22,0,5,7,38,50,0,100,100,150
09/15/2021,VCT,TX,ASW,CE,Federal Contract Tower,0,6,8,4,18,0,1,10,4,15,0,7,18,8,33,0,34,34,67
09/16/2021,VCT,TX,ASW,CE,Federal Contract Tower,0,5,9,62,76,0,0,11,18,29,0,5,20,80,105,32,204,236,341
09/17/2021,VCT,TX,ASW,CE,Federal Contract Tower,0,5,6,36,47,0,3,15,15,33,0,8,21,51,80,14,156,170,250
09/18/2021,VCT,TX,ASW,CE,Federal Contract Tower,0,3,3,13,19,0,3,9,9,21,0,6,12,22,40,6,38,44,84
09/19/2021,VCT,TX,ASW,CE,Federal Contract Tower,0,4,4,0,8,0,0,9,0,9,0,4,13,0,17,4,0,4,21
09/20/2021,VCT,TX,ASW,CE,Federal Contract Tower,0,5,4,26,35,0,2,7,6,15,0,7,11,32,50,14,68,82,132
09/21/2021,VCT,TX,ASW,CE,Federal Contract Tower,0,4,8,14,26,0,2,10,4,16,0,6,18,18,42,12,76,88,130
09/22/2021,VCT,TX,ASW,CE,Federal Contract Tower,0,8,3,17,28,0,2,12,3,17,0,10,15,20,45,0,54,54,99
09/23/2021,VCT,TX,ASW,CE,Federal Contract Tower,0,7,4,19,30,0,0,23,8,31,0,7,27,27,61,14,96,110,171
09/24/2021,VCT,TX,ASW,CE,Federal Contract Tower,0,6,2,17,25,0,0,14,11,25,0,6,16,28,50,8,86,94,144
09/25/2021,VCT,TX,ASW,CE,Federal Contract Tower,0,3,5,0,8,0,1,26,0,27,0,4,31,0,35,6,0,6,41
09/26/2021,VCT,TX,ASW,CE,Federal Contract Tower,0,4,5,3,12,0,0,31,1,32,0,4,36,4,44,4,6,10,54
09/27/2021,VCT,TX,ASW,CE,Federal Contract Tower,0,5,2,70,77,0,0,18,18,36,0,5,20,88,113,0,214,214,327
09/28/2021,VCT,TX,ASW,CE,Federal Contract Tower,0,4,7,29,40,0,0,26,4,30,0,4,33,33,70,8,44,52,122
09/29/2021,VCT,TX,ASW,CE,Federal Contract Tower,1,8,5,0,14,0,0,13,0,13,1,8,18,0,27,0,0,0,27
09/30/2021,VCT,TX,ASW,CE,Federal Contract Tower,0,8,12,27,47,0,1,4,4,9,0,9,16,31,56,2,92,94,150
10/01/2021,VCT,TX,ASW,CE,Federal Contract Tower,0,6,2,6,14,0,2,0,2,4,0,8,2,8,18,0,20,20,38
10/02/2021,VCT,TX,ASW,CE,Federal Contract Tower,0,4,2,8,14,0,5,1,0,6,0,9,3,8,20,0,6,6,26
10/03/2021,VCT,TX,ASW,CE,Federal Contract Tower,0,4,5,0,9,0,0,6,0,6,0,4,11,0,15,4,0,4,19
10/04/2021,VCT,TX,ASW,CE,Federal Contract Tower,0,5,2,60,67,0,2,11,16,29,0,7,13,76,96,4,102,106,202
10/05/2021,VCT,TX,ASW,CE,Federal Contract Tower,0,4,4,34,42,0,4,13,31,48,0,8,17,65,90,2,306,308,398
10/06/2021,VCT,TX,ASW,CE,Federal Contract Tower,0,6,1,17,24,0,0,24,7,31,0,6,25,24,55,36,44,80,135
10/07/2021,VCT,TX,ASW,CE,Federal Contract Tower,0,6,5,53,64,0,0,15,19,34,0,6,20,72,98,8,194,202,300
10/08/2021,VCT,TX,ASW,CE,Federal Contract Tower,0,6,6,32,44,0,8,19,26,53,0,14,25,58,97,2,244,246,343
10/09/2021,VCT,TX,ASW,CE,Federal Contract Tower,0,3,4,18,25,0,3,11,4,18,0,6,15,22,43,14,14,28,71
10/10/2021,VCT,TX,ASW,CE,Federal Contract Tower,0,4,4,4,12,0,0,6,4,10,0,4,10,8,22,12,20,32,54
10/11/2021,VCT,TX,ASW,CE,Federal Contract Tower,0,5,7,2,14,0,8,13,4,25,0,13,20,6,39,0,56,56,95
10/12/2021,VCT,TX,ASW,CE,Federal Contract Tower,0,4,9,46,59,0,3,3,12,18,0,7,12,58,77,0,248,248,325
10/13/2021,VCT,TX,ASW,CE,Federal Contract Tower,0,6,8,33,47,0,0,6,17,23,0,6,14,50,70,2,244,246,316
10/14/2021,VCT,TX,ASW,CE,Federal Contract Tower,0,6,3,41,50,0,1,0,5,6,0,7,3,46,56,0,58,58,114
10/15/2021,VCT,TX,ASW,CE,Federal Contract Tower,0,6,10,27,43,0,0,10,3,13,0,6,20,30,56,12,26,38,94
10/16/2021,VCT,TX,ASW,CE,Federal Contract Tower,0,3,4,15,22,0,3,13,13,29,0,6,17,28,51,0,42,42,93
10/17/2021,VCT,TX,ASW,CE,Federal Contract Tower,0,4,11,5,20,0,2,10,3,15,0,6,21,8,35,0,18,18,53
10/18/2021,VCT,TX,ASW,CE,Federal Contract Tower,0,5,9,68,82,0,5,16,26,47,0,10,25,94,129,10,234,244,373
10/19/2021,VCT,TX,ASW,CE,Federal Contract Tower,0,4,9,49,62,0,0,16,25,41,0,4,25,74,103,8,202,210,313
10/20/2021,VCT,TX,ASW,CE,Federal Contract Tower,0,5,11,16,32,0,0,8,2,10,0,5,19,18,42,2,94,96,138
10/21/2021,VCT,TX,ASW,CE,Federal Contract Tower,0,8,5,42,55,0,1,21,4,26,0,9,26,46,81,6,68,74,155
10/22/2021,VCT,TX,ASW,CE,Federal Contract Tower,0,4,5,40,49,0,1,16,15,32,0,5,21,55,81,0,154,154,235
10/23/2021,VCT,TX,ASW,CE,Federal Contract Tower,0,6,1,4,11,0,3,6,0,9,0,9,7,4,20,0,4,4,24
10/24/2021,VCT,TX,ASW,CE,Federal Contract Tower,0,5,1,4,10,0,0,14,4,18,0,5,15,8,28,16,38,54,82
10/25/2021,VCT,TX,ASW,CE,Federal Contract Tower,0,5,8,52,65,0,8,12,15,35,0,13,20,67,100,4,104,108,208
10/26/2021,VCT,TX,ASW,CE,Federal Contract Tower,0,5,8,38,51,0,1,4,11,16,0,6,12,49,67,0,104,104,171
10/27/2021,VCT,TX,ASW,CE,Federal Contract Tower,0,6,3,12,21,0,0,2,0,2,0,6,5,12,23,0,40,40,63
10/28/2021,VCT,TX,ASW,CE,Federal Contract Tower,0,7,2,31,40,0,0,14,10,24,0,7,16,41,64,6,64,70,134
10/29/2021,VCT,TX,ASW,CE,Federal Contract Tower,0,5,4,16,25,0,0,12,13,25,0,5,16,29,50,2,68,70,120
10/30/2021,VCT,TX,ASW,CE,Federal Contract Tower,0,6,5,4,15,0,0,31,0,31,0,6,36,4,46,4,4,8,54
10/31/2021,VCT,TX,ASW,CE,Federal Contract Tower,0,3,4,0,7,0,0,21,0,21,0,3,25,0,28,10,0,10,38
11/01/2021,VCT,TX,ASW,CE,Federal Contract Tower,0,5,7,47,59,0,0,15,13,28,0,5,22,60,87,12,266,278,365
11/02/2021,VCT,TX,ASW,CE,Federal Contract Tower,0,6,7,59,72,0,2,15,12,29,0,8,22,71,101,2,256,258,359
11/03/2021,VCT,TX,ASW,CE,Federal Contract Tower,0,6,4,3,13,0,0,3,14,17,0,6,7,17,30,0,138,138,168
11/04/2021,VCT,TX,ASW,CE,Federal Contract Tower,0,6,6,39,51,0,0,0,3,3,0,6,6,42,54,0,30,30,84
11/05/2021,VCT,TX,ASW,CE,Federal Contract Tower,0,6,7,25,38,0,1,27,11,39,0,7,34,36,77,6,106,112,189
11/06/2021,VCT,TX,ASW,CE,Federal Contract Tower,0,3,4,9,16,0,1,29,3,33,0,4,33,12,49,2,6,8,57
11/07/2021,VCT,TX,ASW,CE,Federal Contract Tower,0,4,4,6,14,0,2,31,6,39,0,6,35,12,53,2,58,60,113
11/08/2021,VCT,TX,ASW,CE,Federal Contract Tower,0,6,3,45,54,0,2,19,25,46,0,8,22,70,100,4,196,200,300
11/09/2021,VCT,TX,ASW,CE,Federal Contract Tower,0,6,5,61,72,0,4,7,24,35,0,10,12,85,107,0,376,376,483
11/10/2021,VCT,TX,ASW,CE,Federal Contract Tower,0,6,4,31,41,0,1,11,8,20,0,7,15,39,61,12,108,120,181
11/11/2021,VCT,TX,ASW,CE,Federal Contract Tower,0,6,6,2,14,0,1,14,0,15,0,7,20,2,29,6,2,8,37
11/12/2021,VCT,TX,ASW,CE,Federal Contract Tower,0,6,8,2,16,0,0,19,4,23,0,6,27,6,39,32,48,80,119
11/13/2021,VCT,TX,ASW,CE,Federal Contract Tower,0,5,2,12,19,0,0,14,2,16,0,5,16,14,35,2,24,26,61
11/14/2021,VCT,TX,ASW,CE,Federal Contract Tower,0,4,3,4,11,0,0,20,0,20,0,4,23,4,31,14,4,18,49
11/15/2021,VCT,TX,ASW,CE,Federal Contract Tower,0,5,5,32,42,0,0,9,28,37,0,5,14,60,79,0,216,216,295
11/16/2021,VCT,TX,ASW,CE,Federal Contract Tower,0,4,10,19,33,0,2,5,17,24,0,6,15,36,57,2,120,122,179
11/17/2021,VCT,TX,ASW,CE,Federal Contract Tower,0,8,8,71,87,0,0,14,21,35,0,8,22,92,122,2,218,220,342
11/18/2021,VCT,TX,ASW,CE,Federal Contract Tower,0,6,0,26,32,0,1,6,17,24,0,7,6,43,56,2,186,188,244
11/19/2021,VCT,TX,ASW,CE,Federal Contract Tower,0,10,5,47,62,0,1,24,23,48,0,11,29,70,110,20,192,212,322
11/20/2021,VCT,TX,ASW,CE,Federal Contract Tower,0,5,7,8,20,0,6,22,6,34,0,11,29,14,54,22,10,32,86
11/21/2021,VCT,TX,ASW,CE,Federal Contract Tower,0,4,2,3,9,0,1,3,3,7,0,5,5,6,16,0,14,14,30
11/22/2021,VCT,TX,ASW,CE,Federal Contract Tower,0,4,0,24,28,0,4,9,15,28,0,8,9,39,56,0,214,214,270
11/23/2021,VCT,TX,ASW,CE,Federal Contract Tower,0,7,6,51,64,0,2,16,24,42,0,9,22,75,106,10,352,362,468
11/24/2021,VCT,TX,ASW,CE,Federal Contract Tower,0,6,6,13,25,0,0,16,0,16,0,6,22,13,41,6,26,32,73
11/25/2021,VCT,TX,ASW,CE,Federal Contract Tower,0,2,1,0,3,0,2,0,0,2,0,4,1,0,5,0,0,0,5
11/26/2021,VCT,TX,ASW,CE,Federal Contract Tower,0,4,3,0,7,0,2,12,0,14,0,6,15,0,21,4,0,4,25
11/27/2021,VCT,TX,ASW,CE,Federal Contract Tower,0,6,5,0,11,0,0,0,2,2,0,6,5,2,13,0,0,0,13
11/28/2021,VCT,TX,ASW,CE,Federal Contract Tower,0,4,6,2,12,0,0,10,0,10,0,4,16,2,22,12,2,14,36
11/29/2021,VCT,TX,ASW,CE,Federal Contract Tower,0,5,9,26,40,0,0,14,23,37,0,5,23,49,77,20,212,232,309
11/30/2021,VCT,TX,ASW,CE,Federal Contract Tower,0,4,4,106,114,0,2,9,15,26,0,6,13,121,140,2,214,216,356
12/01/2021,VCT,TX,ASW,CE,Federal Contract Tower,0,6,2,51,59,0,0,24,23,47,0,6,26,74,106,10,144,154,260
12/02/2021,VCT,TX,ASW,CE,Federal Contract Tower,0,6,6,80,92,0,0,8,25,33,0,6,14,105,125,2,224,226,351
12/03/2021,VCT,TX,ASW,CE,Federal Contract Tower,0,6,5,22,33,0,0,13,1,14,0,6,18,23,47,10,30,40,87
12/04/2021,VCT,TX,ASW,CE,Federal Contract Tower,0,3,5,4,12,0,0,8,0,8,0,3,13,4,20,4,4,8,28
12/05/2021,VCT,TX,ASW,CE,Federal Contract Tower,0,3,14,10,27,0,1,6,2,9,0,4,20,12,36,12,10,22,58
12/06/2021,VCT,TX,ASW,CE,Federal Contract Tower,0,4,6,38,48,0,8,4,8,20,0,12,10,46,68,0,36,36,104
12/07/2021,VCT,TX,ASW,CE,Federal Contract Tower,0,4,11,57,72,0,2,9,15,26,0,6,20,72,98,10,176,186,284
12/08/2021,VCT,TX,ASW,CE,Federal Contract Tower,0,6,13,55,74,0,5,5,5,15,0,11,18,60,89,4,78,82,171
12/09/2021,VCT,TX,ASW,CE,Federal Contract Tower,0,6,9,27,42,0,1,12,4,17,0,7,21,31,59,10,42,52,111
12/10/2021,VCT,TX,ASW,CE,Federal Contract Tower,0,5,12,32,49,0,2,11,9,22,0,7,23,41,71,0,52,52,123
12/11/2021,VCT,TX,ASW,CE,Federal Contract Tower,0,4,2,7,13,0,1,3,1,5,0,5,5,8,18,2,6,8,26
12/12/2021,VCT,TX,ASW,CE,Federal Contract Tower,0,4,4,16,24,0,0,32,3,35,0,4,36,19,59,6,34,40,99
12/13/2021,VCT,TX,ASW,CE,Federal Contract Tower,0,5,8,6,19,0,0,0,0,0,0,5,8,6,19,2,0,2,21
12/14/2021,VCT,TX,ASW,CE,Federal Contract Tower,0,4,12,35,51,0,2,6,5,13,0,6,18,40,64,2,42,44,108
12/15/2021,VCT,TX,ASW,CE,Federal Contract Tower,0,6,10,71,87,0,1,5,6,12,0,7,15,77,99,0,140,140,239
12/16/2021,VCT,TX,ASW,CE,Federal Contract Tower,0,5,15,69,89,0,0,16,10,26,0,5,31,79,115,8,282,290,405
12/17/2021,VCT,TX,ASW,CE,Federal Contract Tower,0,5,13,52,70,0,0,9,9,18,0,5,22,61,88,0,128,128,216
12/18/2021,VCT,TX,ASW,CE,Federal Contract Tower,0,3,5,0,8,0,2,0,0,2,0,5,5,0,10,0,0,0,10
12/19/2021,VCT,TX,ASW,CE,Federal Contract Tower,0,4,5,1,10,0,0,4,0,4,0,4,9,1,14,4,0,4,18
12/20/2021,VCT,TX,ASW,CE,Federal Contract Tower,0,5,4,33,42,0,0,9,23,32,0,5,13,56,74,2,204,206,280
12/21/2021,VCT,TX,ASW,CE,Federal Contract Tower,0,3,5,60,68,0,9,25,17,51,0,12,30,77,119,2,194,196,315
12/22/2021,VCT,TX,ASW,CE,Federal Contract Tower,0,4,5,28,37,0,0,24,19,43,0,4,29,47,80,24,76,100,180
12/23/2021,VCT,TX,ASW,CE,Federal Contract Tower,0,4,3,0,7,0,1,18,1,20,0,5,21,1,27,14,0,14,41
12/24/2021,VCT,TX,ASW,CE,Federal Contract Tower,0,4,4,0,8,0,1,8,0,9,0,5,12,0,17,0,0,0,17
12/25/2021,VCT,TX,ASW,CE,Federal Contract Tower,0,2,0,0,2,0,0,4,0,4,0,2,4,0,6,2,0,2,8
12/26/2021,VCT,TX,ASW,CE,Federal Contract Tower,0,4,4,0,8,0,1,5,0,6,0,5,9,0,14,0,0,0,14
12/27/2021,VCT,TX,ASW,CE,Federal Contract Tower,0,6,3,22,31,0,5,10,0,15,0,11,13,22,46,0,20,20,66
12/28/2021,VCT,TX,ASW,CE,Federal Contract Tower,0,4,5,18,27,0,1,9,6,16,0,5,14,24,43,0,30,30,73
12/29/2021,VCT,TX,ASW,CE,Federal Contract Tower,0,7,2,25,34,0,0,6,2,8,0,7,8,27,42,0,40,40,82
12/30/2021,VCT,TX,ASW,CE,Federal Contract Tower,0,10,4,11,25,0,0,2,0,2,0,10,6,11,27,0,10,10,37
12/31/2021,VCT,TX,ASW,CE,Federal Contract Tower,0,3,2,0,5,0,0,3,0,3,0,3,5,0,8,0,0,0,8
01/01/2022,VCT,TX,ASW,CE,Federal Contract Tower,0,1,3,0,4,0,7,2,0,9,0,8,5,0,13,2,0,2,15
01/02/2022,VCT,TX,ASW,CE,Federal Contract Tower,0,3,4,0,7,0,1,0,0,1,0,4,4,0,8,0,0,0,8
01/03/2022,VCT,TX,ASW,CE,Federal Contract Tower,0,12,4,1,17,0,3,18,1,22,0,15,22,2,39,14,6,20,59
01/04/2022,VCT,TX,ASW,CE,Federal Contract Tower,0,3,7,9,19,0,15,20,15,50,0,18,27,24,69,2,88,90,159
01/05/2022,VCT,TX,ASW,CE,Federal Contract Tower,0,5,1,28,34,0,1,8,28,37,0,6,9,56,71,6,230,236,307
01/06/2022,VCT,TX,ASW,CE,Federal Contract Tower,0,5,3,17,25,0,2,12,18,32,0,7,15,35,57,4,116,120,177
01/07/2022,VCT,TX,ASW,CE,Federal Contract Tower,0,8,8,25,41,0,3,1,1,5,0,11,9,26,46,0,48,48,94
01/08/2022,VCT,TX,ASW,CE,Federal Contract Tower,0,4,2,0,6,0,0,0,0,0,0,4,2,0,6,0,0,0,6
01/09/2022,VCT,TX,ASW,CE,Federal Contract Tower,0,6,0,0,6,0,0,2,0,2,0,6,2,0,8,0,0,0,8
01/10/2022,VCT,TX,ASW,CE,Federal Contract Tower,0,7,2,17,26,0,2,13,27,42,0,9,15,44,68,6,98,104,172
01/11/2022,VCT,TX,ASW,CE,Federal Contract Tower,0,5,5,38,48,0,3,16,26,45,0,8,21,64,93,2,212,214,307
01/12/2022,VCT,TX,ASW,CE,Federal Contract Tower,0,8,11,57,76,0,0,18,14,32,0,8,29,71,108,18,340,358,466
01/13/2022,VCT,TX,ASW,CE,Federal Contract Tower,0,6,2,37,45,0,0,32,33,65,0,6,34,70,110,30,231,261,371
01/14/2022,VCT,TX,ASW,CE,Federal Contract Tower,0,8,4,42,54,0,1,5,12,18,0,9,9,54,72,4,82,86,158
01/15/2022,VCT,TX,ASW,CE,Federal Contract Tower,0,3,1,0,4,0,2,0,0,2,0,5,1,0,6,0,0,0,6
01/16/2022,VCT,TX,ASW,CE,Federal Contract Tower,0,5,1,6,12,0,0,9,4,13,0,5,10,10,25,2,6,8,33
01/17/2022,VCT,TX,ASW,CE,Federal Contract Tower,0,7,6,12,25,0,0,27,5,32,0,7,33,17,57,14,44,58,115
01/18/2022,VCT,TX,ASW,CE,Federal Contract Tower,0,4,3,51,58,0,4,20,20,44,0,8,23,71,102,0,206,206,308
01/19/2022,VCT,TX,ASW,CE,Federal Contract Tower,0,7,7,36,50,0,0,15,8,23,0,7,22,44,73,2,34,36,109
01/20/2022,VCT,TX,ASW,CE,Federal Contract Tower,0,6,0,2,8,0,0,0,2,2,0,6,0,4,10,0,4,4,14
01/21/2022,VCT,TX,ASW,CE,Federal Contract Tower,0,5,7,20,32,0,0,14,16,30,0,5,21,36,62,16,180,196,258
01/22/2022,VCT,TX,ASW,CE,Federal Contract Tower,0,3,0,16,19,0,1,29,16,46,0,4,29,32,65,36,56,92,157
01/23/2022,VCT,TX,ASW,CE,Federal Contract Tower,0,4,3,16,23,0,0,4,17,21,0,4,7,33,44,12,72,84,128
01/24/2022,VCT,TX,ASW,CE,Federal Contract Tower,0,5,2,33,40,0,1,0,0,1,0,6,2,33,41,0,30,30,71
01/25/2022,VCT,TX,ASW,CE,Federal Contract Tower,0,4,8,34,46,0,2,5,1,8,0,6,13,35,54,4,24,28,82
01/26/2022,VCT,TX,ASW,CE,Federal Contract Tower,0,5,12,43,60,0,2,19,14,35,0,7,31,57,95,10,182,192,287
01/27/2022,VCT,TX,ASW,CE,Federal Contract Tower,0,6,3,55,64,0,0,22,22,44,0,6,25,77,108,2,340,342,450
01/28/2022,VCT,TX,ASW,CE,Federal Contract Tower,0,6,7,44,57,0,1,12,18,31,0,7,19,62,88,2,210,212,300
01/29/2022,VCT,TX,ASW,CE,Federal Contract Tower,0,3,2,17,22,0,5,22,4,31,0,8,24,21,53,2,32,34,87
01/30/2022,VCT,TX,ASW,CE,Federal Contract Tower,0,4,4,10,18,0,0,13,2,15,0,4,17,12,33,0,24,24,57
01/31/2022,VCT,TX,ASW,CE,Federal Contract Tower,0,5,0,0,5,0,0,0,0,0,0,5,0,0,5,0,0,0,5
02/01/2022,VCT,TX,ASW,CE,Federal Contract Tower,0,6,7,39,52,0,6,8,15,29,0,12,15,54,81,8,130,138,219
02/02/2022,VCT,TX,ASW,CE,Federal Contract Tower,0,6,8,16,30,0,1,1,1,3,0,7,9,17,33,2,22,24,57
02/03/2022,VCT,TX,ASW,CE,Federal Contract Tower,0,1,2,4,7,0,0,0,0,0,0,1,2,4,7,0,0,0,7
02/04/2022,VCT,TX,ASW,CE,Federal Contract Tower,0,5,1,8,14,0,2,4,2,8,0,7,5,10,22,4,6,10,32
02/05/2022,VCT,TX,ASW,CE,Federal Contract Tower,0,3,0,12,15,0,10,21,6,37,0,13,21,18,52,22,34,56,108
02/06/2022,VCT,TX,ASW,CE,Federal Contract Tower,0,3,5,7,15,0,1,14,5,20,0,4,19,12,35,2,10,12,47
02/07/2022,VCT,TX,ASW,CE,Federal Contract Tower,0,7,5,33,45,0,1,13,25,39,0,8,18,58,84,10,196,206,290
02/08/2022,VCT,TX,ASW,CE,Federal Contract Tower,0,4,4,46,54,0,2,25,14,41,0,6,29,60,95,14,228,242,337
02/09/2022,VCT,TX,ASW,CE,Federal Contract Tower,0,7,7,57,71,0,0,24,27,51,0,7,31,84,122,40,280,320,442
02/10/2022,VCT,TX,ASW,CE,Federal Contract Tower,0,7,3,65,75,0,5,20,33,58,0,12,23,98,133,16,248,264,397
02/11/2022,VCT,TX,ASW,CE,Federal Contract Tower,0,8,11,76,95,0,4,24,19,47,0,12,35,95,142,10,178,188,330
02/12/2022,VCT,TX,ASW,CE,Federal Contract Tower,0,3,2,4,9,0,1,0,0,1,0,4,2,4,10,0,4,4,14
02/13/2022,VCT,TX,ASW,CE,Federal Contract Tower,0,6,8,18,32,0,4,21,0,25,0,10,29,18,57,10,18,28,85
02/14/2022,VCT,TX,ASW,CE,Federal Contract Tower,0,4,6,75,85,0,2,8,24,34,0,6,14,99,119,4,224,228,347
02/15/2022,VCT,TX,ASW,CE,Federal Contract Tower,0,2,11,31,44,0,4,6,16,26,0,6,17,47,70,0,146,146,216
02/16/2022,VCT,TX,ASW,CE,Federal Contract Tower,0,4,13,61,78,0,0,3,11,14,0,4,16,72,92,0,126,126,218
02/17/2022,VCT,TX,ASW,CE,Federal Contract Tower,0,4,5,18,27,0,4,14,20,38,0,8,19,38,65,2,146,148,213
02/18/2022,VCT,TX,ASW,CE,Federal Contract Tower,0,6,12,18,36,0,5,20,28,53,0,11,32,46,89,4,118,122,211
02/19/2022,VCT,TX,ASW,CE,Federal Contract Tower,0,3,7,12,22,0,3,10,4,17,0,6,17,16,39,12,12,24,63
02/20/2022,VCT,TX,ASW,CE,Federal Contract Tower,0,5,5,15,25,0,0,11,5,16,0,5,16,20,41,40,74,114,155
02/21/2022,VCT,TX,ASW,CE,Federal Contract Tower,0,5,5,3,13,0,0,0,4,4,0,5,5,7,17,2,18,20,37
02/22/2022,VCT,TX,ASW,CE,Federal Contract Tower,0,4,16,22,42,0,0,3,4,7,0,4,19,26,49,4,122,126,175
02/23/2022,VCT,TX,ASW,CE,Federal Contract Tower,0,6,6,16,28,0,1,0,1,2,0,7,6,17,30,2,38,40,70
02/24/2022,VCT,TX,ASW,CE,Federal Contract Tower,0,10,5,0,15,0,0,0,0,0,0,10,5,0,15,0,0,0,15
02/25/2022,VCT,TX,ASW,CE,Federal Contract Tower,0,6,5,39,50,0,2,7,1,10,0,8,12,40,60,0,98,98,158
02/26/2022,VCT,TX,ASW,CE,Federal Contract Tower,0,3,3,4,10,0,0,0,0,0,0,3,3,4,10,0,4,4,14
02/27/2022,VCT,TX,ASW,CE,Federal Contract Tower,0,5,12,6,23,0,0,13,7,20,0,5,25,13,43,16,38,54,97
02/28/2022,VCT,TX,ASW,CE,Federal Contract Tower,0,7,10,72,89,0,2,16,29,47,0,9,26,101,136,18,252,270,406
03/01/2022,VCT,TX,ASW,CE,Federal Contract Tower,0,5,12,72,89,0,1,21,34,56,0,6,33,106,145,8,332,340,485
03/02/2022,VCT,TX,ASW,CE,Federal Contract Tower,0,6,4,60,70,0,1,11,21,33,0,7,15,81,103,2,144,146,249
03/03/2022,VCT,TX,ASW,CE,Federal Contract Tower,0,6,10,50,66,0,3,7,17,27,0,9,17,67,93,6,116,122,215
03/04/2022,VCT,TX,ASW,CE,Federal Contract Tower,0,4,14,64,82,0,1,7,20,28,0,5,21,84,110,12,172,184,294
03/05/2022,VCT,TX,ASW,CE,Federal Contract Tower,0,3,10,0,13,0,0,0,0,0,0,3,10,0,13,8,0,8,21
03/06/2022,VCT,TX,ASW,CE,Federal Contract Tower,0,4,3,4,11,0,4,1,0,5,0,8,4,4,16,4,2,6,22
03/07/2022,VCT,TX,ASW,CE,Federal Contract Tower,0,10,0,8,18,0,0,3,26,29,0,10,3,34,47,2,26,28,75
03/08/2022,VCT,TX,ASW,CE,Federal Contract Tower,0,6,11,19,36,0,1,2,0,3,0,7,13,19,39,0,12,12,51
03/09/2022,VCT,TX,ASW,CE,Federal Contract Tower,0,6,9,11,26,0,0,28,27,55,0,6,37,38,81,12,114,126,207
03/10/2022,VCT,TX,ASW,CE,Federal Contract Tower,0,6,3,36,45,0,0,19,30,49,0,6,22,66,94,6,248,254,348
03/11/2022,VCT,TX,ASW,CE,Federal Contract Tower,0,6,7,4,17,0,0,0,0,0,0,6,7,4,17,0,4,4,21
03/12/2022,VCT,TX,ASW,CE,Federal Contract Tower,0,3,2,4,9,0,1,16,8,25,0,4,18,12,34,8,24,32,66
03/13/2022,VCT,TX,ASW,CE,Federal Contract Tower,0,3,3,19,25,0,0,10,9,19,0,3,13,28,44,4,74,78,122
03/14/2022,VCT,TX,ASW,CE,Federal Contract Tower,0,4,7,49,60,0,1,11,18,30,0,5,18,67,90,0,128,128,218
03/15/2022,VCT,TX,ASW,CE,Federal Contract Tower,0,6,9,24,39,0,4,10,22,36,0,10,19,46,75,0,172,172,247
03/16/2022,VCT,TX,ASW,CE,Federal Contract Tower,0,8,6,49,63,0,1,16,17,34,0,9,22,66,97,10,102,112,209
03/17/2022,VCT,TX,ASW,CE,Federal Contract Tower,0,7,7,18,32,0,0,4,7,11,0,7,11,25,43,2,70,72,115
03/18/2022,VCT,TX,ASW,CE,Federal Contract Tower,0,6,7,21,34,0,2,17,18,37,0,8,24,39,71,18,152,170,241
03/19/2022,VCT,TX,ASW,CE,Federal Contract Tower,0,5,3,4,12,0,4,26,12,42,0,9,29,16,54,4,98,102,156
03/20/2022,VCT,TX,ASW,CE,Federal Contract Tower,0,4,7,33,44,0,3,12,7,22,0,7,19,40,66,0,54,54,120
03/21/2022,VCT,TX,ASW,CE,Federal Contract Tower,0,7,3,10,20,0,0,0,0,0,0,7,3,10,20,0,8,8,28
03/22/2022,VCT,TX,ASW,CE,Federal Contract Tower,0,4,3,42,49,0,3,11,22,36,0,7,14,64,85,2,266,268,353
03/23/2022,VCT,TX,ASW,CE,Federal Contract Tower,0,8,5,45,58,0,1,18,35,54,0,9,23,80,112,8,230,238,350
03/24/2022,VCT,TX,ASW,CE,Federal Contract Tower,0,8,1,52,61,0,3,20,29,52,0,11,21,81,113,20,236,256,369
03/25/2022,VCT,TX,ASW,CE,Federal Contract Tower,0,8,4,26,38,0,1,25,16,42,0,9,29,42,80,2,74,76,156
03/26/2022,VCT,TX,ASW,CE,Federal Contract Tower,0,4,4,3,11,0,1,6,2,9,0,5,10,5,20,2,12,14,34
03/27/2022,VCT,TX,ASW,CE,Federal Contract Tower,0,4,1,25,30,0,3,5,3,11,0,7,6,28,41,0,40,40,81
03/28/2022,VCT,TX,ASW,CE,Federal Contract Tower,0,5,11,16,32,0,0,8,16,24,0,5,19,32,56,6,156,162,218
03/29/2022,VCT,TX,ASW,CE,Federal Contract Tower,0,4,3,10,17,0,0,1,8,9,0,4,4,18,26,2,32,34,60
03/30/2022,VCT,TX,ASW,CE,Federal Contract Tower,0,10,13,27,50,0,3,2,15,20,0,13,15,42,70,4,168,172,242
03/31/2022,VCT,TX,ASW,CE,Federal Contract Tower,0,6,5,25,36,0,0,24,29,53,0,6,29,54,89,4,142,146,235
04/01/2022,VCT,TX,ASW,CE,Federal Contract Tower,0,7,5,48,60,0,5,7,32,44,0,12,12,80,104,2,178,180,284
04/02/2022,VCT,TX,ASW,CE,Federal Contract Tower,0,3,6,14,23,0,8,9,13,30,0,11,15,27,53,12,142,154,207
04/03/2022,VCT,TX,ASW,CE,Federal Contract Tower,0,4,9,10,23,0,2,5,6,13,0,6,14,16,36,2,46,48,84
04/04/2022,VCT,TX,ASW,CE,Federal Contract Tower,0,5,7,27,39,0,3,0,0,3,0,8,7,27,42,2,16,18,60
04/05/2022,VCT,TX,ASW,CE,Federal Contract Tower,0,5,7,43,55,0,4,7,10,21,0,9,14,53,76,2,132,134,210
04/06/2022,VCT,TX,ASW,CE,Federal Contract Tower,0,6,10,8,24,0,6,9,21,36,0,12,19,29,60,0,68,68,128
04/07/2022,VCT,TX,ASW,CE,Federal Contract Tower,0,8,3,29,40,0,4,21,26,51,0,12,24,55,91,4,242,246,337
04/08/2022,VCT,TX,ASW,CE,Federal Contract Tower,0,11,12,5,28,0,1,13,13,27,0,12,25,18,55,4,84,88,143
04/09/2022,VCT,TX,ASW,CE,Federal Contract Tower,0,5,2,10,17,0,4,10,2,16,0,9,12,12,33,2,28,30,63
04/10/2022,VCT,TX,ASW,CE,Federal Contract Tower,0,9,8,4,21,0,2,6,2,10,0,11,14,6,31,2,4,6,37
04/11/2022,VCT,TX,ASW,CE,Federal Contract Tower,0,5,6,28,39,0,1,7,12,20,0,6,13,40,59,2,118,120,179
04/12/2022,VCT,TX,ASW,CE,Federal Contract Tower,0,6,8,30,44,0,2,5,0,7,0,8,13,30,51,2,22,24,75
04/13/2022,VCT,TX,ASW,CE,Federal Contract Tower,0,6,3,50,59,0,8,9,11,28,0,14,12,61,87,10,118,128,215
04/14/2022,VCT,TX,ASW,CE,Federal Contract Tower,0,6,10,44,60,0,1,15,23,39,0,7,25,67,99,12,155,167,266
04/15/2022,VCT,TX,ASW,CE,Federal Contract Tower,0,6,6,21,33,0,2,0,0,2,0,8,6,21,35,2,18,20,55
04/16/2022,VCT,TX,ASW,CE,Federal Contract Tower,0,4,12,4,20,0,3,6,1,10,0,7,18,5,30,8,14,22,52
04/17/2022,VCT,TX,ASW,CE,Federal Contract Tower,0,4,8,0,12,0,1,0,0,1,0,5,8,0,13,0,0,0,13
04/18/2022,VCT,TX,ASW,CE,Federal Contract Tower,0,6,1,51,58,0,4,10,12,26,0,10,11,63,84,4,198,202,286
04/19/2022,VCT,TX,ASW,CE,Federal Contract Tower,0,4,9,83,96,0,1,3,20,24,0,5,12,103,120,4,352,356,476
04/20/2022,VCT,TX,ASW,CE,Federal Contract Tower,0,6,12,55,73,0,4,4,8,16,0,10,16,63,89,4,92,96,185
04/21/2022,VCT,TX,ASW,CE,Federal Contract Tower,0,8,13,51,72,0,3,7,2,12,0,11,20,53,84,6,60,66,150
04/22/2022,VCT,TX,ASW,CE,Federal Contract Tower,0,9,12,28,49,0,3,12,15,30,0,12,24,43,79,14,108,122,201
04/23/2022,VCT,TX,ASW,CE,Federal Contract Tower,0,3,5,6,14,0,0,5,2,7,0,3,10,8,21,9,4,13,34
04/24/2022,VCT,TX,ASW,CE,Federal Contract Tower,0,5,6,7,18,0,1,1,7,9,0,6,7,14,27,2,24,26,53
04/25/2022,VCT,TX,ASW,CE,Federal Contract Tower,0,2,3,8,13,0,2,4,11,17,0,4,7,19,30,0,16,16,46
04/26/2022,VCT,TX,ASW,CE,Federal Contract Tower,0,4,3,14,21,0,3,5,12,20,0,7,8,26,41,0,122,122,163
04/27/2022,VCT,TX,ASW,CE,Federal Contract Tower,0,8,14,54,76,0,11,21,24,56,0,19,35,78,132,14,248,262,394
04/28/2022,VCT,TX,ASW,CE,Federal Contract Tower,0,13,10,60,83,0,4,13,30,47,0,17,23,90,130,16,238,254,384
04/29/2022,VCT,TX,ASW,CE,Federal Contract Tower,0,6,6,32,44,0,7,4,3,14,0,13,10,35,58,2,92,94,152
04/30/2022,VCT,TX,ASW,CE,Federal Contract Tower,0,3,4,5,12,0,3,10,3,16,0,6,14,8,28,4,4,8,36
05/01/2022,VCT,TX,ASW,CE,Federal Contract Tower,0,4,10,12,26,0,2,12,3,17,0,6,22,15,43,12,16,28,71
05/02/2022,VCT,TX,ASW,CE,Federal Contract Tower,0,5,1,18,24,0,2,1,25,28,0,7,2,43,52,0,182,182,234
05/03/2022,VCT,TX,ASW,CE,Federal Contract Tower,0,4,9,45,58,0,5,10,19,34,0,9,19,64,92,2,222,224,316
05/04/2022,VCT,TX,ASW,CE,Federal Contract Tower,0,6,5,74,85,0,1,11,3,15,0,7,16,77,100,4,152,156,256
05/05/2022,VCT,TX,ASW,CE,Federal Contract Tower,0,5,6,24,35,0,3,8,4,15,0,8,14,28,50,0,92,92,142
05/06/2022,VCT,TX,ASW,CE,Federal Contract Tower,0,6,9,23,38,0,8,17,8,33,0,14,26,31,71,4,52,56,127
05/07/2022,VCT,TX,ASW,CE,Federal Contract Tower,0,3,4,19,26,0,1,14,0,15,0,4,18,19,41,16,14,30,71
05/08/2022,VCT,TX,ASW,CE,Federal Contract Tower,0,4,1,20,25,0,0,4,1,5,0,4,5,21,30,0,20,20,50
05/09/2022,VCT,TX,ASW,CE,Federal Contract Tower,0,6,0,49,55,0,0,5,20,25,0,6,5,69,80,0,232,232,312
05/10/2022,VCT,TX,ASW,CE,Federal Contract Tower,0,4,6,84,94,0,0,11,21,32,0,4,17,105,126,14,116,130,256
05/11/2022,VCT,TX,ASW,CE,Federal Contract Tower,0,6,5,37,48,0,7,8,14,29,0,13,13,51,77,0,184,184,261
05/12/2022,VCT,TX,ASW,CE,Federal Contract Tower,0,6,8,18,32,0,1,17,39,57,0,7,25,57,89,16,140,156,245
05/13/2022,VCT,TX,ASW,CE,Federal Contract Tower,0,7,7,24,38,0,4,8,31,43,0,11,15,55,81,6,58,64,145
05/14/2022,VCT,TX,ASW,CE,Federal Contract Tower,0,5,9,12,26,0,4,15,11,30,0,9,24,23,56,10,114,124,180
05/15/2022,VCT,TX,ASW,CE,Federal Contract Tower,0,4,7,26,37,0,2,10,8,20,0,6,17,34,57,10,100,110,167
05/16/2022,VCT,TX,ASW,CE,Federal Contract Tower,0,5,12,57,74,0,0,8,18,26,0,5,20,75,100,10,184,194,294
05/17/2022,VCT,TX,ASW,CE,Federal Contract Tower,0,4,7,46,57,0,0,7,25,32,0,4,14,71,89,4,140,144,233
05/18/2022,VCT,TX,ASW,CE,Federal Contract Tower,0,6,10,16,32,0,4,9,25,38,0,10,19,41,70,2,170,172,242
05/19/2022,VCT,TX,ASW,CE,Federal Contract Tower,0,7,4,54,65,0,4,13,17,34,0,11,17,71,99,2,210,212,311
05/20/2022,VCT,TX,ASW,CE,Federal Contract Tower,0,6,5,34,45,0,1,2,18,21,0,7,7,52,66,0,102,102,168
05/21/2022,VCT,TX,ASW,CE,Federal Contract Tower,0,3,3,7,13,0,1,3,5,9,0,4,6,12,22,6,18,24,46
05/22/2022,VCT,TX,ASW,CE,Federal Contract Tower,0,9,1,16,26,0,3,6,6,15,0,12,7,22,41,4,54,58,99
05/23/2022,VCT,TX,ASW,CE,Federal Contract Tower,0,5,6,58,69,0,4,5,19,28,0,9,11,77,97,0,396,396,493
05/24/2022,VCT,TX,ASW,CE,Federal Contract Tower,0,6,7,10,23,0,1,10,12,23,0,7,17,22,46,2,162,164,210
05/25/2022,VCT,TX,ASW,CE,Federal Contract Tower,0,6,3,31,40,0,2,10,36,48,0,8,13,67,88,18,312,330,418
05/26/2022,VCT,TX,ASW,CE,Federal Contract Tower,0,6,5,68,79,0,7,26,11,44,0,13,31,79,123,15,150,165,288
05/27/2022,VCT,TX,ASW,CE,Federal Contract Tower,0,7,5,12,24,0,4,9,8,21,0,11,14,20,45,10,46,56,101
05/28/2022,VCT,TX,ASW,CE,Federal Contract Tower,0,3,6,10,19,0,4,22,2,28,0,7,28,12,47,12,14,26,73
05/29/2022,VCT,TX,ASW,CE,Federal Contract Tower,0,4,2,5,11,0,0,5,1,6,0,4,7,6,17,4,4,8,25
05/30/2022,VCT,TX,ASW,CE,Federal Contract Tower,0,4,9,3,16,0,3,12,4,19,0,7,21,7,35,4,24,28,63
05/31/2022,VCT,TX,ASW,CE,Federal Contract Tower,0,4,8,44,56,0,4,4,22,30,0,8,12,66,86,6,206,212,298
06/01/2022,VCT,TX,ASW,CE,Federal Contract Tower,0,6,7,54,67,0,2,5,9,16,0,8,12,63,83,4,180,184,267
06/02/2022,VCT,TX,ASW,CE,Federal Contract Tower,0,6,8,76,90,0,1,14,30,45,0,7,22,106,135,14,168,182,317
06/03/2022,VCT,TX,ASW,CE,Federal Contract Tower,0,6,5,41,52,0,4,17,18,39,0,10,22,59,91,22,170,192,283
06/04/2022,VCT,TX,ASW,CE,Federal Contract Tower,0,3,1,13,17,0,2,12,4,18,0,5,13,17,35,4,10,14,49
06/05/2022,VCT,TX,ASW,CE,Federal Contract Tower,0,5,6,18,29,0,4,13,10,27,0,9,19,28,56,8,48,56,112
06/06/2022,VCT,TX,ASW,CE,Federal Contract Tower,0,5,7,57,69,0,4,8,30,42,0,9,15,87,111,4,268,272,383
06/07/2022,VCT,TX,ASW,CE,Federal Contract Tower,0,4,13,46,63,0,2,7,22,31,0,6,20,68,94,4,188,192,286
06/08/2022,VCT,TX,ASW,CE,Federal Contract Tower,0,6,13,39,58,0,0,13,17,30,0,6,26,56,88,2,124,126,214
06/09/2022,VCT,TX,ASW,CE,Federal Contract Tower,0,5,9,62,76,0,1,14,28,43,0,6,23,90,119,16,214,230,349
06/10/2022,VCT,TX,ASW,CE,Federal Contract Tower,0,7,10,39,56,0,4,20,16,40,0,11,30,55,96,6,216,222,318
06/11/2022,VCT,TX,ASW,CE,Federal Contract Tower,0,3,1,27,31,0,2,4,3,9,0,5,5,30,40,0,48,48,88
06/12/2022,VCT,TX,ASW,CE,Federal Contract Tower,0,4,4,37,45,0,1,6,2,9,0,5,10,39,54,12,44,56,110
06/13/2022,VCT,TX,ASW,CE,Federal Contract Tower,0,7,3,3,13,0,3,1,5,9,0,10,4,8,22,2,36,38,60
06/14/2022,VCT,TX,ASW,CE,Federal Contract Tower,0,4,8,75,87,0,2,8,8,18,0,6,16,83,105,2,136,138,243
06/15/2022,VCT,TX,ASW,CE,Federal Contract Tower,0,6,2,51,59,0,4,8,19,31,0,10,10,70,90,0,128,128,218
06/16/2022,VCT,TX,ASW,CE,Federal Contract Tower,0,6,13,60,79,0,2,14,23,39,0,8,27,83,118,4,184,188,306
06/17/2022,VCT,TX,ASW,CE,Federal Contract Tower,0,6,9,54,69,0,0,8,13,21,0,6,17,67,90,2,160,162,252
06/18/2022,VCT,TX,ASW,CE,Federal Contract Tower,0,3,8,12,23,0,0,9,14,23,0,3,17,26,46,4,68,72,118
06/19/2022,VCT,TX,ASW,CE,Federal Contract Tower,0,4,1,11,16,0,7,16,1,24,0,11,17,12,40,20,10,30,70
06/20/2022,VCT,TX,ASW,CE,Federal Contract Tower,0,5,7,10,22,0,1,7,4,12,0,6,14,14,34,8,36,44,78
06/21/2022,VCT,TX,ASW,CE,Federal Contract Tower,0,9,6,16,31,0,2,17,24,43,0,11,23,40,74,10,42,52,126
06/22/2022,VCT,TX,ASW,CE,Federal Contract Tower,0,6,8,26,40,0,2,9,24,35,0,8,17,50,75,0,166,166,241
06/23/2022,VCT,TX,ASW,CE,Federal Contract Tower,0,7,6,37,50,0,5,12,15,32,0,12,18,52,82,16,114,130,212
06/24/2022,VCT,TX,ASW,CE,Federal Contract Tower,0,6,11,19,36,0,1,11,29,41,0,7,22,48,77,2,86,88,165
06/25/2022,VCT,TX,ASW,CE,Federal Contract Tower,0,5,0,18,23,0,4,19,4,27,0,9,19,22,50,0,24,24,74
06/26/2022,VCT,TX,ASW,CE,Federal Contract Tower,0,5,3,20,28,0,1,14,24,39,0,6,17,44,67,0,28,28,95
06/27/2022,VCT,TX,ASW,CE,Federal Contract Tower,0,4,3,40,47,0,2,5,19,26,0,6,8,59,73,2,82,84,157
06/28/2022,VCT,TX,ASW,CE,Federal Contract Tower,0,3,3,0,6,0,4,11,12,27,0,7,14,12,33,8,8,16,49
06/29/2022,VCT,TX,ASW,CE,Federal Contract Tower,0,6,6,44,56,0,3,8,6,17,0,9,14,50,73,8,70,78,151
06/30/2022,VCT,TX,ASW,CE,Federal Contract Tower,0,6,1,35,42,0,3,10,1,14,0,9,11,36,56,0,68,68,124
07/01/2022,VCT,TX,ASW,CE,Federal Contract Tower,0,4,0,27,31,0,2,4,11,17,0,6,4,38,48,0,84,84,132
07/02/2022,VCT,TX,ASW,CE,Federal Contract Tower,0,3,1,5,9,0,8,8,2,18,0,11,9,7,27,0,24,24,51
07/03/2022,VCT,TX,ASW,CE,Federal Contract Tower,0,2,1,6,9,0,3,7,4,14,0,5,8,10,23,10,70,80,103
07/04/2022,VCT,TX,ASW,CE,Federal Contract Tower,0,2,8,2,12,0,2,14,2,18,0,4,22,4,30,12,4,16,46
07/05/2022,VCT,TX,ASW,CE,Federal Contract Tower,0,4,10,10,24,0,0,10,6,16,0,4,20,16,40,4,76,80,120
07/06/2022,VCT,TX,ASW,CE,Federal Contract Tower,0,5,10,88,103,0,0,8,16,24,0,5,18,104,127,12,228,240,367
07/07/2022,VCT,TX,ASW,CE,Federal Contract Tower,0,5,4,64,73,0,0,13,21,34,0,5,17,85,107,2,144,146,253
07/08/2022,VCT,TX,ASW,CE,Federal Contract Tower,0,4,7,55,66,0,3,18,26,47,0,7,25,81,113,6,188,194,307
07/09/2022,VCT,TX,ASW,CE,Federal Contract Tower,0,4,3,19,26,0,2,17,6,25,0,6,20,25,51,10,48,58,109
07/10/2022,VCT,TX,ASW,CE,Federal Contract Tower,0,2,0,11,13,0,1,15,12,28,0,3,15,23,41,8,72,80,121
07/11/2022,VCT,TX,ASW,CE,Federal Contract Tower,0,4,2,80,86,0,0,12,33,45,0,4,14,113,131,28,364,392,523
07/12/2022,VCT,TX,ASW,CE,Federal Contract Tower,0,2,5,37,44,0,0,11,29,40,0,2,16,66,84,0,175,175,259
07/13/2022,VCT,TX,ASW,CE,Federal Contract Tower,0,5,7,47,59,0,3,6,34,43,0,8,13,81,102,8,192,200,302
07/14/2022,VCT,TX,ASW,CE,Federal Contract Tower,0,4,8,52,64,0,2,10,10,22,0,6,18,62,86,10,62,72,158
07/15/2022,VCT,TX,ASW,CE,Federal Contract Tower,0,6,3,22,31,0,0,4,10,14,0,6,7,32,45,0,100,100,145
07/16/2022,VCT,TX,ASW,CE,Federal Contract Tower,0,2,0,12,14,0,3,9,2,14,0,5,9,14,28,0,24,24,52
07/17/2022,VCT,TX,ASW,CE,Federal Contract Tower,0,3,4,23,30,0,1,15,6,22,0,4,19,29,52,8,38,46,98
07/18/2022,VCT,TX,ASW,CE,Federal Contract Tower,0,4,6,77,87,0,0,17,26,43,0,4,23,103,130,12,270,282,412
07/19/2022,VCT,TX,ASW,CE,Federal Contract Tower,0,2,1,97,100,0,5,9,16,30,0,7,10,113,130,2,130,132,262
07/20/2022,VCT,TX,ASW,CE,Federal Contract Tower,0,5,1,74,80,0,3,14,31,48,0,8,15,105,128,0,252,252,380
07/21/2022,VCT,TX,ASW,CE,Federal Contract Tower,0,4,6,48,58,0,0,7,18,25,0,4,13,66,83,4,115,119,202
07/22/2022,VCT,TX,ASW,CE,Federal Contract Tower,0,5,10,38,53,0,4,14,15,33,0,9,24,53,86,4,134,138,224
07/23/2022,VCT,TX,ASW,CE,Federal Contract Tower,0,1,2,20,23,0,5,10,2,17,0,6,12,22,40,2,28,30,70
07/24/2022,VCT,TX,ASW,CE,Federal Contract Tower,0,3,1,37,41,0,0,13,2,15,0,3,14,39,56,2,46,48,104
07/25/2022,VCT,TX,ASW,CE,Federal Contract Tower,0,4,3,52,59,0,0,13,21,34,0,4,16,73,93,6,194,200,293
07/26/2022,VCT,TX,ASW,CE,Federal Contract Tower,0,3,3,95,101,0,3,13,19,35,0,6,16,114,136,10,332,342,478
07/27/2022,VCT,TX,ASW,CE,Federal Contract Tower,0,4,8,58,70,0,4,10,18,32,0,8,18,76,102,26,120,146,248
07/28/2022,VCT,TX,ASW,CE,Federal Contract Tower,0,5,5,57,67,0,4,13,25,42,0,9,18,82,109,2,208,210,319
07/29/2022,VCT,TX,ASW,CE,Federal Contract Tower,0,5,2,59,66,0,3,10,20,33,0,8,12,79,99,2,150,152,251
07/30/2022,VCT,TX,ASW,CE,Federal Contract Tower,0,2,1,16,19,0,1,5,5,11,0,3,6,21,30,0,16,16,46
07/31/2022,VCT,TX,ASW,CE,Federal Contract Tower,0,2,2,9,13,0,0,6,1,7,0,2,8,10,20,6,62,68,88
08/01/2022,VCT,TX,ASW,CE,Federal Contract Tower,0,3,3,78,84,0,2,7,21,30,0,5,10,99,114,4,162,166,280
08/02/2022,VCT,TX,ASW,CE,Federal Contract Tower,0,2,1,76,79,0,5,10,19,34,0,7,11,95,113,14,210,224,337
08/03/2022,VCT,TX,ASW,CE,Federal Contract Tower,0,6,4,45,55,0,4,14,23,41,0,10,18,68,96,2,184,186,282
08/04/2022,VCT,TX,ASW,CE,Federal Contract Tower,0,6,0,78,84,0,2,13,25,40,0,8,13,103,124,2,178,180,304
08/05/2022,VCT,TX,ASW,CE,Federal Contract Tower,0,4,5,18,27,0,3,12,4,19,0,7,17,22,46,0,88,88,134
08/06/2022,VCT,TX,ASW,CE,Federal Contract Tower,0,4,1,4,9,0,2,9,2,13,0,6,10,6,22,2,28,30,52
08/07/2022,VCT,TX,ASW,CE,Federal Contract Tower,0,3,4,22,29,0,2,18,0,20,0,5,22,22,49,4,20,24,73
08/08/2022,VCT,TX,ASW,CE,Federal Contract Tower,0,4,1,84,89,0,0,9,17,26,0,4,10,101,115,2,232,234,349
08/09/2022,VCT,TX,ASW,CE,Federal Contract Tower,0,2,1,97,100,0,0,12,24,36,0,2,13,121,136,8,161,169,305
08/10/2022,VCT,TX,ASW,CE,Federal Contract Tower,0,2,6,63,71,0,14,17,28,59,0,16,23,91,130,14,120,134,264
08/11/2022,VCT,TX,ASW,CE,Federal Contract Tower,0,5,11,20,36,0,6,16,10,32,0,11,27,30,68,8,88,96,164
08/12/2022,VCT,TX,ASW,CE,Federal Contract Tower,0,5,9,2,16,0,2,6,5,13,0,7,15,7,29,2,2,4,33
08/13/2022,VCT,TX,ASW,CE,Federal Contract Tower,0,1,2,3,6,0,5,4,1,10,0,6,6,4,16,0,4,4,20
08/14/2022,VCT,TX,ASW,CE,Federal Contract Tower,0,6,4,4,14,0,1,4,2,7,0,7,8,6,21,0,6,6,27
08/15/2022,VCT,TX,ASW,CE,Federal Contract Tower,0,3,5,83,91,0,3,15,14,32,0,6,20,97,123,2,138,140,263
08/16/2022,VCT,TX,ASW,CE,Federal Contract Tower,0,3,6,46,55,0,4,19,21,44,0,7,25,67,99,12,196,208,307
08/17/2022,VCT,TX,ASW,CE,Federal Contract Tower,0,4,8,14,26,0,0,20,31,51,0,4,28,45,77,4,208,212,289
08/18/2022,VCT,TX,ASW,CE,Federal Contract Tower,0,5,3,9,17,0,6,13,15,34,0,11,16,24,51,16,118,134,185
08/19/2022,VCT,TX,ASW,CE,Federal Contract Tower,0,7,5,8,20,0,1,7,9,17,0,8,12,17,37,12,40,52,89
08/20/2022,VCT,TX,ASW,CE,Federal Contract Tower,0,2,2,5,9,0,2,4,3,9,0,4,6,8,18,2,8,10,28
08/21/2022,VCT,TX,ASW,CE,Federal Contract Tower,0,2,4,17,23,0,0,5,7,12,0,2,9,24,35,0,38,38,73
08/22/2022,VCT,TX,ASW,CE,Federal Contract Tower,0,3,6,43,52,0,2,8,18,28,0,5,14,61,80,2,122,124,204
08/23/2022,VCT,TX,ASW,CE,Federal Contract Tower,0,4,12,20,36,0,3,8,9,20,0,7,20,29,56,20,50,70,126
08/24/2022,VCT,TX,ASW,CE,Federal Contract Tower,0,4,11,2,17,0,3,3,1,7,0,7,14,3,24,2,0,2,26
08/25/2022,VCT,TX,ASW,CE,Federal Contract Tower,0,4,7,14,25,0,5,5,2,12,0,9,12,16,37,0,26,26,63
08/26/2022,VCT,TX,ASW,CE,Federal Contract Tower,0,4,7,8,19,0,10,9,2,21,0,14,16,10,40,2,6,8,48
08/27/2022,VCT,TX,ASW,CE,Federal Contract Tower,0,4,0,19,23,0,8,12,4,24,0,12,12,23,47,2,20,22,69
08/28/2022,VCT,TX,ASW,CE,Federal Contract Tower,0,2,5,25,32,0,4,11,7,22,0,6,16,32,54,0,94,94,148
08/29/2022,VCT,TX,ASW,CE,Federal Contract Tower,0,4,2,4,10,0,4,3,6,13,0,8,5,10,23,12,16,28,51
08/30/2022,VCT,TX,ASW,CE,Federal Contract Tower,0,3,6,22,31,0,2,4,2,8,0,5,10,24,39,0,20,20,59
08/31/2022,VCT,TX,ASW,CE,Federal Contract Tower,0,6,3,56,65,0,3,14,18,35,0,9,17,74,100,12,202,214,314
09/01/2022,VCT,TX,ASW,CE,Federal Contract Tower,0,5,2,58,65,0,7,6,30,43,0,12,8,88,108,0,160,160,268
09/02/2022,VCT,TX,ASW,CE,Federal Contract Tower,0,4,4,25,33,0,3,10,10,23,0,7,14,35,56,6,110,116,172
09/03/2022,VCT,TX,ASW,CE,Federal Contract Tower,0,2,2,6,10,0,2,3,0,5,0,4,5,6,15,6,4,10,25
09/04/2022,VCT,TX,ASW,CE,Federal Contract Tower,0,2,0,7,9,0,7,0,1,8,0,9,0,8,17,0,8,8,25
09/05/2022,VCT,TX,ASW,CE,Federal Contract Tower,0,3,12,4,19,0,6,12,0,18,0,9,24,4,37,4,4,8,45
09/06/2022,VCT,TX,ASW,CE,Federal Contract Tower,0,4,0,46,50,0,0,9,13,22,0,4,9,59,72,26,120,146,218
09/07/2022,VCT,TX,ASW,CE,Federal Contract Tower,0,2,2,42,46,0,0,18,12,30,0,2,20,54,76,8,96,104,180
09/08/2022,VCT,TX,ASW,CE,Federal Contract Tower,0,4,10,14,28,0,0,8,12,20,0,4,18,26,48,8,128,136,184
09/09/2022,VCT,TX,ASW,CE,Federal Contract Tower,0,7,7,28,42,0,2,8,24,34,0,9,15,52,76,4,96,100,176
09/10/2022,VCT,TX,ASW,CE,Federal Contract Tower,0,1,6,7,14,0,5,22,1,28,0,6,28,8,42,14,8,22,64
09/11/2022,VCT,TX,ASW,CE,Federal Contract Tower,0,2,4,15,21,0,1,24,6,31,0,3,28,21,52,6,42,48,100
09/12/2022,VCT,TX,ASW,CE,Federal Contract Tower,0,3,17,57,77,0,2,14,25,41,0,5,31,82,118,6,254,260,378
09/13/2022,VCT,TX,ASW,CE,Federal Contract Tower,0,2,4,27,33,0,0,9,5,14,0,2,13,32,47,0,116,116,163
09/14/2022,VCT,TX,ASW,CE,Federal Contract Tower,0,4,8,98,110,0,2,17,28,47,0,6,25,126,157,8,284,292,449
09/15/2022,VCT,TX,ASW,CE,Federal Contract Tower,0,4,6,29,39,0,12,15,20,47,0,16,21,49,86,22,268,290,376
09/16/2022,VCT,TX,ASW,CE,Federal Contract Tower,0,5,8,33,46,0,2,17,10,29,0,7,25,43,75,0,144,144,219
09/17/2022,VCT,TX,ASW,CE,Federal Contract Tower,0,1,4,6,11,0,1,13,13,27,0,2,17,19,38,8,98,106,144
09/18/2022,VCT,TX,ASW,CE,Federal Contract Tower,0,2,13,12,27,0,2,19,12,33,0,4,32,24,60,26,76,102,162
09/19/2022,VCT,TX,ASW,CE,Federal Contract Tower,0,3,11,48,62,0,1,5,31,37,0,4,16,79,99,2,268,270,369
09/20/2022,VCT,TX,ASW,CE,Federal Contract Tower,0,2,8,40,50,0,1,13,13,27,0,3,21,53,77,0,152,152,229
09/21/2022,VCT,TX,ASW,CE,Federal Contract Tower,0,4,4,72,80,0,5,12,14,31,0,9,16,86,111,6,188,194,305
09/22/2022,VCT,TX,ASW,CE,Federal Contract Tower,0,4,5,42,51,0,1,28,14,43,0,5,33,56,94,8,84,92,186
09/23/2022,VCT,TX,ASW,CE,Federal Contract Tower,0,4,5,29,38,0,5,8,4,17,0,9,13,33,55,4,106,110,165
09/24/2022,VCT,TX,ASW,CE,Federal Contract Tower,0,0,3,0,3,0,6,5,4,15,0,6,8,4,18,2,30,32,50
09/25/2022,VCT,TX,ASW,CE,Federal Contract Tower,0,2,3,18,23,0,0,14,3,17,0,2,17,21,40,2,28,30,70
09/26/2022,VCT,TX,ASW,CE,Federal Contract Tower,0,4,4,51,59,0,1,11,26,38,0,5,15,77,97,2,303,305,402
09/27/2022,VCT,TX,ASW,CE,Federal Contract Tower,0,3,6,59,68,0,0,10,14,24,0,3,16,73,92,2,136,138,230
09/28/2022,VCT,TX,ASW,CE,Federal Contract Tower,0,5,6,61,72,0,2,18,17,37,0,7,24,78,109,12,164,176,285
09/29/2022,VCT,TX,ASW,CE,Federal Contract Tower,0,5,8,46,59,0,1,21,10,32,0,6,29,56,91,6,214,220,311
09/30/2022,VCT,TX,ASW,CE,Federal Contract Tower,0,5,2,17,24,0,0,16,11,27,0,5,18,28,51,6,140,146,197
10/01/2022,VCT,TX,ASW,CE,Federal Contract Tower,0,2,0,12,14,0,2,15,0,17,0,4,15,12,31,8,8,16,47
10/02/2022,VCT,TX,ASW,CE,Federal Contract Tower,0,3,3,7,13,0,0,28,0,28,0,3,31,7,41,4,6,10,51
10/03/2022,VCT,TX,ASW,CE,Federal Contract Tower,0,4,1,62,67,0,0,17,16,33,0,4,18,78,100,2,122,124,224
10/04/2022,VCT,TX,ASW,CE,Federal Contract Tower,0,2,4,43,49,0,3,17,14,34,0,5,21,57,83,16,222,238,321
10/05/2022,VCT,TX,ASW,CE,Federal Contract Tower,0,5,3,39,47,0,2,21,22,45,0,7,24,61,92,10,186,196,288
10/06/2022,VCT,TX,ASW,CE,Federal Contract Tower,0,5,5,37,47,0,3,15,17,35,0,8,20,54,82,4,110,114,196
10/08/2022,VCT,TX,ASW,CE,Federal Contract Tower,0,2,2,0,4,0,7,19,2,28,0,9,21,2,32,6,2,8,40
10/09/2022,VCT,TX,ASW,CE,Federal Contract Tower,0,3,2,0,5,0,2,10,4,16,0,5,12,4,21,0,28,28,49
10/10/2022,VCT,TX,ASW,CE,Federal Contract Tower,0,4,6,4,14,0,0,18,2,20,0,4,24,6,34,22,2,24,58
10/11/2022,VCT,TX,ASW,CE,Federal Contract Tower,0,2,8,65,75,0,3,10,37,50,0,5,18,102,125,4,238,242,367
10/12/2022,VCT,TX,ASW,CE,Federal Contract Tower,0,5,11,44,60,0,2,16,12,30,0,7,27,56,90,22,116,138,228
10/13/2022,VCT,TX,ASW,CE,Federal Contract Tower,0,5,8,9,22,0,2,10,16,28,0,7,18,25,50,2,56,58,108
10/14/2022,VCT,TX,ASW,CE,Federal Contract Tower,0,5,11,36,52,0,8,5,3,16,0,13,16,39,68,6,52,58,126
10/15/2022,VCT,TX,ASW,CE,Federal Contract Tower,0,2,2,17,21,0,3,12,3,18,0,5,14,20,39,4,30,34,73
10/16/2022,VCT,TX,ASW,CE,Federal Contract Tower,0,3,4,0,7,0,0,11,0,11,0,3,15,0,18,12,0,12,30
10/17/2022,VCT,TX,ASW,CE,Federal Contract Tower,0,4,8,6,18,0,4,1,2,7,0,8,9,8,25,0,42,42,67
10/18/2022,VCT,TX,ASW,CE,Federal Contract Tower,0,3,12,30,45,0,2,12,8,22,0,5,24,38,67,16,246,262,329
10/19/2022,VCT,TX,ASW,CE,Federal Contract Tower,0,5,7,18,30,0,1,14,41,56,0,6,21,59,86,8,180,188,274
10/20/2022,VCT,TX,ASW,CE,Federal Contract Tower,0,5,10,15,30,0,1,19,17,37,0,6,29,32,67,2,144,146,213
10/21/2022,VCT,TX,ASW,CE,Federal Contract Tower,0,5,7,30,42,0,4,19,12,35,0,9,26,42,77,2,124,126,203
10/22/2022,VCT,TX,ASW,CE,Federal Contract Tower,0,2,2,22,26,0,2,18,14,34,0,4,20,36,60,2,106,108,168
10/23/2022,VCT,TX,ASW,CE,Federal Contract Tower,0,3,4,4,11,0,1,6,7,14,0,4,10,11,25,10,36,46,71
10/24/2022,VCT,TX,ASW,CE,Federal Contract Tower,0,6,3,45,54,0,1,3,12,16,0,7,6,57,70,10,222,232,302
10/25/2022,VCT,TX,ASW,CE,Federal Contract Tower,0,4,4,32,40,0,2,5,29,36,0,6,9,61,76,2,140,142,218
10/26/2022,VCT,TX,ASW,CE,Federal Contract Tower,0,8,6,60,74,0,6,23,31,60,0,14,29,91,134,2,298,300,434
10/27/2022,VCT,TX,ASW,CE,Federal Contract Tower,0,9,5,46,60,0,7,18,33,58,0,16,23,79,118,4,270,274,392
10/28/2022,VCT,TX,ASW,CE,Federal Contract Tower,0,7,2,6,15,0,2,0,0,2,0,9,2,6,17,0,4,4,21
10/29/2022,VCT,TX,ASW,CE,Federal Contract Tower,0,2,2,6,10,0,6,12,6,24,0,8,14,12,34,0,72,72,106
10/30/2022,VCT,TX,ASW,CE,Federal Contract Tower,0,3,2,0,5,0,2,11,2,15,0,5,13,2,20,2,8,10,30
10/31/2022,VCT,TX,ASW,CE,Federal Contract Tower,0,6,7,45,58,0,3,13,30,46,0,9,20,75,104,2,308,310,414
11/01/2022,VCT,TX,ASW,CE,Federal Contract Tower,0,3,16,31,50,0,0,0,1,1,0,3,16,32,51,4,50,54,105
11/02/2022,VCT,TX,ASW,CE,Federal Contract Tower,0,8,13,80,101,0,3,5,6,14,0,11,18,86,115,4,294,298,413
11/03/2022,VCT,TX,ASW,CE,Federal Contract Tower,0,6,12,25,43,0,4,8,10,22,0,10,20,35,65,0,100,100,165
11/04/2022,VCT,TX,ASW,CE,Federal Contract Tower,0,7,10,19,36,0,0,2,12,14,0,7,12,31,50,2,14,16,66
11/05/2022,VCT,TX,ASW,CE,Federal Contract Tower,0,4,4,24,32,0,8,25,10,43,0,12,29,34,75,2,38,40,115
11/06/2022,VCT,TX,ASW,CE,Federal Contract Tower,0,5,4,7,16,0,2,8,5,15,0,7,12,12,31,4,32,36,67
11/07/2022,VCT,TX,ASW,CE,Federal Contract Tower,0,3,4,91,98,0,4,12,13,29,0,7,16,104,127,18,262,280,407
11/08/2022,VCT,TX,ASW,CE,Federal Contract Tower,0,2,12,82,96,0,6,5,6,17,0,8,17,88,113,4,98,102,215
11/09/2022,VCT,TX,ASW,CE,Federal Contract Tower,0,8,7,80,95,0,4,9,6,19,0,12,16,86,114,0,128,128,242
11/10/2022,VCT,TX,ASW,CE,Federal Contract Tower,0,5,6,37,48,0,4,14,23,41,0,9,20,60,89,6,170,176,265
11/11/2022,VCT,TX,ASW,CE,Federal Contract Tower,0,6,8,9,23,0,2,10,1,13,0,8,18,10,36,2,4,6,42
11/12/2022,VCT,TX,ASW,CE,Federal Contract Tower,0,2,6,7,15,0,3,12,6,21,0,5,18,13,36,2,60,62,98
11/13/2022,VCT,TX,ASW,CE,Federal Contract Tower,0,3,5,2,10,0,4,16,2,22,0,7,21,4,32,4,14,18,50
11/14/2022,VCT,TX,ASW,CE,Federal Contract Tower,0,7,3,18,28,0,6,0,0,6,0,13,3,18,34,2,16,18,52
11/15/2022,VCT,TX,ASW,CE,Federal Contract Tower,0,3,11,10,24,0,4,8,12,24,0,7,19,22,48,2,152,154,202
11/16/2022,VCT,TX,ASW,CE,Federal Contract Tower,0,12,4,46,62,0,0,15,34,49,0,12,19,80,111,8,260,268,379
11/17/2022,VCT,TX,ASW,CE,Federal Contract Tower,0,7,5,11,23,0,0,11,7,18,0,7,16,18,41,22,120,142,183
11/18/2022,VCT,TX,ASW,CE,Federal Contract Tower,0,5,18,43,66,0,13,2,12,27,0,18,20,55,93,2,158,160,253
11/19/2022,VCT,TX,ASW,CE,Federal Contract Tower,0,2,1,0,3,0,0,1,0,1,0,2,2,0,4,0,0,0,4
11/20/2022,VCT,TX,ASW,CE,Federal Contract Tower,0,3,1,22,26,0,0,9,2,11,0,3,10,24,37,4,26,30,67
11/21/2022,VCT,TX,ASW,CE,Federal Contract Tower,0,6,2,19,27,0,1,0,0,1,0,7,2,19,28,0,14,14,42
11/22/2022,VCT,TX,ASW,CE,Federal Contract Tower,0,5,16,48,69,0,2,0,1,3,0,7,16,49,72,4,66,70,142
11/23/2022,VCT,TX,ASW,CE,Federal Contract Tower,0,5,4,7,16,0,1,5,4,10,0,6,9,11,26,2,26,28,54
11/24/2022,VCT,TX,ASW,CE,Federal Contract Tower,0,1,0,0,1,0,0,0,0,0,0,1,0,0,1,0,0,0,1
11/25/2022,VCT,TX,ASW,CE,Federal Contract Tower,0,5,1,0,6,0,0,0,0,0,0,5,1,0,6,0,0,0,6
11/26/2022,VCT,TX,ASW,CE,Federal Contract Tower,0,2,3,4,9,0,3,16,0,19,0,5,19,4,28,20,4,24,52
11/27/2022,VCT,TX,ASW,CE,Federal Contract Tower,0,3,8,7,18,0,1,22,1,24,0,4,30,8,42,6,18,24,66
11/28/2022,VCT,TX,ASW,CE,Federal Contract Tower,0,4,3,56,63,0,2,23,18,43,0,6,26,74,106,8,432,440,546
11/29/2022,VCT,TX,ASW,CE,Federal Contract Tower,0,10,5,56,71,0,7,8,8,23,0,17,13,64,94,10,120,130,224
11/30/2022,VCT,TX,ASW,CE,Federal Contract Tower,0,8,6,66,80,0,9,14,23,46,0,17,20,89,126,12,164,176,302
12/01/2022,VCT,TX,ASW,CE,Federal Contract Tower,0,5,7,28,40,0,4,3,14,21,0,9,10,42,61,2,96,98,159
12/02/2022,VCT,TX,ASW,CE,Federal Contract Tower,0,4,5,8,17,0,0,0,0,0,0,4,5,8,17,0,8,8,25
12/03/2022,VCT,TX,ASW,CE,Federal Contract Tower,0,3,4,8,15,0,1,0,0,1,0,4,4,8,16,4,6,10,26
12/04/2022,VCT,TX,ASW,CE,Federal Contract Tower,0,3,2,7,12,0,2,4,0,6,0,5,6,7,18,16,4,20,38
12/05/2022,VCT,TX,ASW,CE,Federal Contract Tower,0,4,15,15,34,0,3,8,10,21,0,7,23,25,55,10,56,66,121
12/06/2022,VCT,TX,ASW,CE,Federal Contract Tower,0,4,15,15,34,0,1,6,18,25,0,5,21,33,59,8,136,144,203
12/07/2022,VCT,TX,ASW,CE,Federal Contract Tower,0,6,6,7,19,0,4,15,4,23,0,10,21,11,42,14,34,48,90
12/08/2022,VCT,TX,ASW,CE,Federal Contract Tower,0,4,3,2,9,0,2,9,10,21,0,6,12,12,30,0,36,36,66
12/09/2022,VCT,TX,ASW,CE,Federal Contract Tower,0,6,8,6,20,0,5,5,6,16,0,11,13,12,36,20,6,26,62
12/10/2022,VCT,TX,ASW,CE,Federal Contract Tower,0,3,3,11,17,0,1,1,4,6,0,4,4,15,23,0,30,30,53
12/11/2022,VCT,TX,ASW,CE,Federal Contract Tower,0,2,2,6,10,0,2,4,0,6,0,4,6,6,16,2,18,20,36
12/12/2022,VCT,TX,ASW,CE,Federal Contract Tower,0,4,16,24,44,0,2,2,1,5,0,6,18,25,49,6,16,22,71
12/13/2022,VCT,TX,ASW,CE,Federal Contract Tower,0,4,23,47,74,0,2,4,14,20,0,6,27,61,94,4,56,60,154
12/14/2022,VCT,TX,ASW,CE,Federal Contract Tower,0,4,9,45,58,0,0,6,8,14,0,4,15,53,72,0,164,164,236
12/15/2022,VCT,TX,ASW,CE,Federal Contract Tower,0,4,10,65,79,0,2,28,54,84,0,6,38,119,163,28,488,516,679
12/16/2022,VCT,TX,ASW,CE,Federal Contract Tower,0,5,8,39,52,0,2,8,23,33,0,7,16,62,85,22,196,218,303
12/18/2022,VCT,TX,ASW,CE,Federal Contract Tower,0,2,12,13,27,0,0,14,9,23,0,2,26,22,50,2,104,106,156
12/19/2022,VCT,TX,ASW,CE,Federal Contract Tower,0,5,5,0,10,0,0,0,0,0,0,5,5,0,10,0,0,0,10
12/21/2022,VCT,TX,ASW,CE,Federal Contract Tower,0,4,14,50,68,0,4,7,0,11,0,8,21,50,79,2,30,32,111
12/22/2022,VCT,TX,ASW,CE,Federal Contract Tower,0,5,1,22,28,0,3,6,5,14,0,8,7,27,42,2,18,20,62
12/23/2022,VCT,TX,ASW,CE,Federal Contract Tower,0,6,5,0,11,0,6,10,0,16,0,12,15,0,27,0,0,0,27
12/24/2022,VCT,TX,ASW,CE,Federal Contract Tower,0,5,0,0,5,0,2,8,0,10,0,7,8,0,15,2,0,2,17
12/25/2022,VCT,TX,ASW,CE,Federal Contract Tower,0,2,3,0,5,0,0,6,0,6,0,2,9,0,11,0,0,0,11
12/26/2022,VCT,TX,ASW,CE,Federal Contract Tower,0,5,6,0,11,0,0,20,0,20,0,5,26,0,31,16,0,16,47
12/27/2022,VCT,TX,ASW,CE,Federal Contract Tower,0,4,1,6,11,0,0,18,2,20,0,4,19,8,31,0,14,14,45
12/28/2022,VCT,TX,ASW,CE,Federal Contract Tower,0,5,4,17,26,0,1,21,18,40,0,6,25,35,66,0,86,86,152
12/29/2022,VCT,TX,ASW,CE,Federal Contract Tower,0,4,2,19,25,0,4,5,4,13,0,8,7,23,38,0,20,20,58
12/30/2022,VCT,TX,ASW,CE,Federal Contract Tower,0,4,8,1,13,0,7,7,1,15,0,11,15,2,28,0,0,0,28
12/31/2022,VCT,TX,ASW,CE,Federal Contract Tower,0,3,2,0,5,0,3,12,1,16,0,6,14,1,21,2,0,2,23
01/01/2023,VCT,TX,ASW,CE,Federal Contract Tower,0,2,1,0,3,0,2,0,0,2,0,4,1,0,5,0,0,0,5
01/02/2023,VCT,TX,ASW,CE,Federal Contract Tower,0,2,9,0,11,0,1,1,0,2,0,3,10,0,13,0,0,0,13
01/03/2023,VCT,TX,ASW,CE,Federal Contract Tower,0,4,1,25,30,0,2,12,8,22,0,6,13,33,52,4,140,144,196
01/04/2023,VCT,TX,ASW,CE,Federal Contract Tower,0,4,6,19,29,0,3,26,27,56,0,7,32,46,85,8,170,178,263
01/05/2023,VCT,TX,ASW,CE,Federal Contract Tower,0,5,2,29,36,0,2,21,10,33,0,7,23,39,69,8,132,140,209
01/06/2023,VCT,TX,ASW,CE,Federal Contract Tower,0,5,9,42,56,0,4,7,22,33,0,9,16,64,89,4,248,252,341
01/07/2023,VCT,TX,ASW,CE,Federal Contract Tower,0,3,6,4,13,0,2,3,2,7,0,5,9,6,20,22,24,46,66
01/08/2023,VCT,TX,ASW,CE,Federal Contract Tower,0,2,0,11,13,0,0,21,4,25,0,2,21,15,38,8,58,66,104
01/09/2023,VCT,TX,ASW,CE,Federal Contract Tower,0,4,6,32,42,0,5,6,10,21,0,9,12,42,63,2,82,84,147
01/10/2023,VCT,TX,ASW,CE,Federal Contract Tower,0,4,5,31,40,0,2,11,6,19,0,6,16,37,59,4,66,70,129
01/11/2023,VCT,TX,ASW,CE,Federal Contract Tower,0,5,0,49,54,0,2,13,11,26,0,7,13,60,80,2,114,116,196
01/12/2023,VCT,TX,ASW,CE,Federal Contract Tower,0,4,14,42,60,0,4,10,14,28,0,8,24,56,88,10,42,52,140
01/13/2023,VCT,TX,ASW,CE,Federal Contract Tower,0,4,11,30,45,0,0,16,24,40,0,4,27,54,85,6,70,76,161
01/14/2023,VCT,TX,ASW,CE,Federal Contract Tower,0,3,6,10,19,0,2,27,4,33,0,5,33,14,52,16,26,42,94
01/15/2023,VCT,TX,ASW,CE,Federal Contract Tower,0,2,7,5,14,0,1,3,3,7,0,3,10,8,21,2,4,6,27
01/16/2023,VCT,TX,ASW,CE,Federal Contract Tower,0,6,4,14,24,0,6,4,2,12,0,12,8,16,36,6,28,34,70
01/17/2023,VCT,TX,ASW,CE,Federal Contract Tower,0,6,4,50,60,0,9,4,7,20,0,15,8,57,80,2,63,65,145
01/18/2023,VCT,TX,ASW,CE,Federal Contract Tower,0,5,5,53,63,0,0,13,10,23,0,5,18,63,86,10,194,204,290
01/19/2023,VCT,TX,ASW,CE,Federal Contract Tower,0,6,9,32,47,0,12,49,9,70,0,18,58,41,117,18,98,116,233
01/20/2023,VCT,TX,ASW,CE,Federal Contract Tower,0,5,7,64,76,0,1,10,13,24,0,6,17,77,100,0,122,122,222
01/21/2023,VCT,TX,ASW,CE,Federal Contract Tower,0,3,0,18,21,0,3,0,9,12,0,6,0,27,33,0,60,60,93
01/22/2023,VCT,TX,ASW,CE,Federal Contract Tower,0,2,3,25,30,0,4,33,8,45,0,6,36,33,75,8,30,38,113
01/23/2023,VCT,TX,ASW,CE,Federal Contract Tower,0,5,8,63,76,0,2,17,25,44,0,7,25,88,120,14,236,250,370
01/24/2023,VCT,TX,ASW,CE,Federal Contract Tower,0,4,6,16,26,0,0,0,2,2,0,4,6,18,28,0,36,36,64
01/25/2023,VCT,TX,ASW,CE,Federal Contract Tower,0,5,15,29,49,0,5,8,26,39,0,10,23,55,88,4,152,156,244
01/26/2023,VCT,TX,ASW,CE,Federal Contract Tower,4,5,0,30,39,0,1,10,34,45,4,6,10,64,84,6,276,282,366
01/27/2023,VCT,TX,ASW,CE,Federal Contract Tower,0,5,11,23,39,0,3,6,12,21,0,8,17,35,60,0,48,48,108
01/28/2023,VCT,TX,ASW,CE,Federal Contract Tower,0,3,0,16,19,0,0,0,1,1,0,3,0,17,20,0,16,16,36
01/29/2023,VCT,TX,ASW,CE,Federal Contract Tower,0,4,9,2,15,0,0,0,0,0,0,4,9,2,15,0,2,2,17
01/30/2023,VCT,TX,ASW,CE,Federal Contract Tower,0,3,5,0,8,0,0,0,0,0,0,3,5,0,8,2,0,2,10
01/31/2023,VCT,TX,ASW,CE,Federal Contract Tower,0,4,4,0,8,0,0,0,0,0,0,4,4,0,8,2,0,2,10
02/01/2023,VCT,TX,ASW,CE,Federal Contract Tower,0,4,2,0,6,0,0,0,0,0,0,4,2,0,6,0,0,0,6
02/02/2023,VCT,TX,ASW,CE,Federal Contract Tower,0,4,4,23,31,0,0,0,0,0,0,4,4,23,31,2,14,16,47
02/03/2023,VCT,TX,ASW,CE,Federal Contract Tower,0,4,16,18,38,0,1,6,7,14,0,5,22,25,52,6,74,80,132
02/04/2023,VCT,TX,ASW,CE,Federal Contract Tower,0,1,2,4,7,0,1,8,2,11,0,2,10,6,18,4,10,14,32
02/05/2023,VCT,TX,ASW,CE,Federal Contract Tower,0,4,5,22,31,0,1,27,11,39,0,5,32,33,70,32,74,106,176
02/06/2023,VCT,TX,ASW,CE,Federal Contract Tower,0,4,3,78,85,0,2,7,22,31,0,6,10,100,116,0,234,234,350
02/07/2023,VCT,TX,ASW,CE,Federal Contract Tower,0,2,1,51,54,0,0,2,15,17,0,2,3,66,71,0,90,90,161
02/08/2023,VCT,TX,ASW,CE,Federal Contract Tower,0,4,10,15,29,0,0,5,5,10,0,4,15,20,39,0,46,46,85
02/09/2023,VCT,TX,ASW,CE,Federal Contract Tower,0,4,7,71,82,0,0,27,15,42,0,4,34,86,124,16,166,182,306
02/10/2023,VCT,TX,ASW,CE,Federal Contract Tower,0,7,9,19,35,0,1,6,17,24,0,8,15,36,59,2,72,74,133
02/11/2023,VCT,TX,ASW,CE,Federal Contract Tower,0,2,4,2,8,0,2,11,2,15,0,4,15,4,23,18,2,20,43
02/12/2023,VCT,TX,ASW,CE,Federal Contract Tower,0,2,4,10,16,0,0,29,6,35,0,2,33,16,51,36,30,66,117
02/13/2023,VCT,TX,ASW,CE,Federal Contract Tower,0,4,10,66,80,0,3,13,20,36,0,7,23,86,116,12,146,158,274
02/14/2023,VCT,TX,ASW,CE,Federal Contract Tower,0,2,12,50,64,0,2,8,15,25,0,4,20,65,89,2,136,138,227
02/15/2023,VCT,TX,ASW,CE,Federal Contract Tower,0,7,0,47,54,0,1,2,2,5,0,8,2,49,59,0,60,60,119
02/16/2023,VCT,TX,ASW,CE,Federal Contract Tower,0,6,11,36,53,0,3,5,6,14,0,9,16,42,67,0,142,142,209
02/17/2023,VCT,TX,ASW,CE,Federal Contract Tower,0,5,8,24,37,0,2,12,13,27,0,7,20,37,64,10,206,216,280
02/18/2023,VCT,TX,ASW,CE,Federal Contract Tower,0,1,6,17,24,0,4,15,1,20,0,5,21,18,44,22,16,38,82
02/19/2023,VCT,TX,ASW,CE,Federal Contract Tower,0,2,5,2,9,0,2,19,0,21,0,4,24,2,30,16,0,16,46
02/20/2023,VCT,TX,ASW,CE,Federal Contract Tower,0,2,4,8,14,0,0,0,6,6,0,2,4,14,20,2,60,62,82
02/21/2023,VCT,TX,ASW,CE,Federal Contract Tower,0,2,7,19,28,0,1,5,9,15,0,3,12,28,43,2,34,36,79
02/22/2023,VCT,TX,ASW,CE,Federal Contract Tower,0,4,9,42,55,0,0,11,11,22,0,4,20,53,77,8,96,104,181
02/23/2023,VCT,TX,ASW,CE,Federal Contract Tower,0,8,6,4,18,0,2,4,0,6,0,10,10,4,24,0,0,0,24
02/24/2023,VCT,TX,ASW,CE,Federal Contract Tower,0,3,9,22,34,0,0,3,3,6,0,3,12,25,40,0,26,26,66
02/25/2023,VCT,TX,ASW,CE,Federal Contract Tower,0,1,5,13,19,0,0,5,0,5,0,1,10,13,24,4,12,16,40
02/26/2023,VCT,TX,ASW,CE,Federal Contract Tower,0,2,9,30,41,0,0,0,7,7,0,2,9,37,48,2,40,42,90
02/27/2023,VCT,TX,ASW,CE,Federal Contract Tower,0,7,7,33,47,0,8,9,15,32,0,15,16,48,79,18,138,156,235
02/28/2023,VCT,TX,ASW,CE,Federal Contract Tower,0,4,13,22,39,0,2,5,5,12,0,6,18,27,51,2,46,48,99
03/01/2023,VCT,TX,ASW,CE,Federal Contract Tower,0,4,5,31,40,0,5,0,4,9,0,9,5,35,49,0,28,28,77
03/02/2023,VCT,TX,ASW,CE,Federal Contract Tower,0,4,5,56,65,0,0,2,0,2,0,4,7,56,67,2,50,52,119
03/03/2023,VCT,TX,ASW,CE,Federal Contract Tower,0,6,8,27,41,0,4,15,11,30,0,10,23,38,71,10,78,88,159
03/04/2023,VCT,TX,ASW,CE,Federal Contract Tower,0,4,7,16,27,0,2,24,4,30,0,6,31,20,57,14,62,76,133
03/05/2023,VCT,TX,ASW,CE,Federal Contract Tower,0,2,3,7,12,0,0,17,3,20,0,2,20,10,32,4,40,44,76
03/06/2023,VCT,TX,ASW,CE,Federal Contract Tower,0,3,5,12,20,0,6,7,7,20,0,9,12,19,40,0,18,18,58
03/07/2023,VCT,TX,ASW,CE,Federal Contract Tower,0,3,9,43,55,0,4,11,8,23,0,7,20,51,78,2,58,60,138
03/08/2023,VCT,TX,ASW,CE,Federal Contract Tower,0,5,19,60,84,0,8,11,14,33,0,13,30,74,117,6,128,134,251
03/09/2023,VCT,TX,ASW,CE,Federal Contract Tower,0,3,2,40,45,0,2,12,24,38,0,5,14,64,83,6,132,138,221
03/10/2023,VCT,TX,ASW,CE,Federal Contract Tower,0,4,6,18,28,0,2,13,6,21,0,6,19,24,49,2,56,58,107
03/11/2023,VCT,TX,ASW,CE,Federal Contract Tower,0,1,1,16,18,0,2,5,4,11,0,3,6,20,29,10,54,64,93
03/12/2023,VCT,TX,ASW,CE,Federal Contract Tower,0,3,2,0,5,0,0,6,3,9,0,3,8,3,14,6,36,42,56
03/13/2023,VCT,TX,ASW,CE,Federal Contract Tower,0,5,4,46,55,0,1,12,17,30,0,6,16,63,85,8,102,110,195
03/14/2023,VCT,TX,ASW,CE,Federal Contract Tower,0,3,10,113,126,0,2,14,32,48,0,5,24,145,174,8,286,294,468
03/15/2023,VCT,TX,ASW,CE,Federal Contract Tower,0,4,5,43,52,0,1,13,29,43,0,5,18,72,95,4,216,220,315
03/16/2023,VCT,TX,ASW,CE,Federal Contract Tower,0,4,2,22,28,0,3,0,4,7,0,7,2,26,35,0,28,28,63
03/17/2023,VCT,TX,ASW,CE,Federal Contract Tower,0,6,4,10,20,0,2,0,2,4,0,8,4,12,24,0,54,54,78
03/18/2023,VCT,TX,ASW,CE,Federal Contract Tower,0,2,3,0,5,0,1,2,2,5,0,3,5,2,10,0,0,0,10
03/19/2023,VCT,TX,ASW,CE,Federal Contract Tower,0,5,6,8,19,0,1,14,2,17,0,6,20,10,36,24,18,42,78
03/20/2023,VCT,TX,ASW,CE,Federal Contract Tower,0,3,8,48,59,0,0,4,17,21,0,3,12,65,80,4,142,146,226
03/21/2023,VCT,TX,ASW,CE,Federal Contract Tower,0,6,5,61,72,0,1,1,1,3,0,7,6,62,75,0,42,42,117
03/22/2023,VCT,TX,ASW,CE,Federal Contract Tower,0,9,13,102,124,0,2,12,16,30,0,11,25,118,154,10,170,180,334
03/23/2023,VCT,TX,ASW,CE,Federal Contract Tower,0,4,9,47,60,0,3,8,0,11,0,7,17,47,71,4,60,64,135
03/24/2023,VCT,TX,ASW,CE,Federal Contract Tower,0,5,9,19,33,0,0,6,0,6,0,5,15,19,39,10,28,38,77
03/25/2023,VCT,TX,ASW,CE,Federal Contract Tower,0,3,4,4,11,0,5,29,12,46,0,8,33,16,57,12,24,36,93
03/26/2023,VCT,TX,ASW,CE,Federal Contract Tower,0,3,9,18,30,0,0,1,0,1,0,3,10,18,31,2,16,18,49
03/27/2023,VCT,TX,ASW,CE,Federal Contract Tower,0,3,11,21,35,0,2,9,3,14,0,5,20,24,49,6,30,36,85
03/28/2023,VCT,TX,ASW,CE,Federal Contract Tower,0,2,3,13,18,0,4,9,10,23,0,6,12,23,41,0,68,68,109
03/29/2023,VCT,TX,ASW,CE,Federal Contract Tower,0,3,25,63,91,0,1,18,6,25,0,4,43,69,116,12,154,166,282
03/30/2023,VCT,TX,ASW,CE,Federal Contract Tower,0,4,15,48,67,0,2,9,1,12,0,6,24,49,79,4,48,52,131
03/31/2023,VCT,TX,ASW,CE,Federal Contract Tower,0,5,7,45,57,0,4,12,8,24,0,9,19,53,81,8,100,108,189
04/01/2023,VCT,TX,ASW,CE,Federal Contract Tower,0,5,3,7,15,0,4,8,1,13,0,9,11,8,28,2,6,8,36
04/02/2023,VCT,TX,ASW,CE,Federal Contract Tower,0,3,4,12,19,0,0,5,3,8,0,3,9,15,27,2,18,20,47
04/03/2023,VCT,TX,ASW,CE,Federal Contract Tower,0,4,10,15,29,0,0,4,1,5,0,4,14,16,34,0,12,12,46
04/04/2023,VCT,TX,ASW,CE,Federal Contract Tower,0,3,7,55,65,0,0,4,2,6,0,3,11,57,71,0,64,64,135
04/05/2023,VCT,TX,ASW,CE,Federal Contract Tower,0,6,10,4,20,0,0,0,4,4,0,6,10,8,24,0,12,12,36
04/06/2023,VCT,TX,ASW,CE,Federal Contract Tower,0,4,4,2,10,0,0,0,0,0,0,4,4,2,10,0,2,2,12
04/07/2023,VCT,TX,ASW,CE,Federal Contract Tower,0,4,8,0,12,0,0,0,0,0,0,4,8,0,12,0,0,0,12
04/08/2023,VCT,TX,ASW,CE,Federal Contract Tower,0,2,2,8,12,0,1,8,0,9,0,3,10,8,21,8,8,16,37
04/09/2023,VCT,TX,ASW,CE,Federal Contract Tower,0,3,6,20,29,0,2,4,1,7,0,5,10,21,36,4,44,48,84
04/10/2023,VCT,TX,ASW,CE,Federal Contract Tower,0,4,16,30,50,0,1,16,18,35,0,5,32,48,85,26,82,108,193
04/11/2023,VCT,TX,ASW,CE,Federal Contract Tower,0,3,2,60,65,0,1,8,28,37,0,4,10,88,102,2,188,190,292
04/12/2023,VCT,TX,ASW,CE,Federal Contract Tower,0,5,5,38,48,0,2,23,15,40,0,7,28,53,88,8,104,112,200
04/13/2023,VCT,TX,ASW,CE,Federal Contract Tower,0,4,1,37,42,0,14,15,29,58,0,18,16,66,100,10,154,164,264
04/14/2023,VCT,TX,ASW,CE,Federal Contract Tower,0,8,14,66,88,0,14,0,3,17,0,22,14,69,105,4,67,71,176
04/15/2023,VCT,TX,ASW,CE,Federal Contract Tower,0,1,3,3,7,0,1,5,4,10,0,2,8,7,17,4,10,14,31
04/16/2023,VCT,TX,ASW,CE,Federal Contract Tower,0,3,5,6,14,0,11,5,10,26,0,14,10,16,40,4,60,64,104
04/17/2023,VCT,TX,ASW,CE,Federal Contract Tower,0,6,11,53,70,0,3,23,27,53,0,9,34,80,123,8,322,330,453
04/18/2023,VCT,TX,ASW,CE,Federal Contract Tower,0,7,7,39,53,0,0,6,12,18,0,7,13,51,71,4,98,102,173
04/19/2023,VCT,TX,ASW,CE,Federal Contract Tower,0,5,13,50,68,0,7,11,17,35,0,12,24,67,103,6,274,280,383
04/20/2023,VCT,TX,ASW,CE,Federal Contract Tower,0,5,13,37,55,0,3,4,3,10,0,8,17,40,65,6,68,74,139
04/21/2023,VCT,TX,ASW,CE,Federal Contract Tower,0,5,10,26,41,0,3,12,5,20,0,8,22,31,61,10,138,148,209
04/22/2023,VCT,TX,ASW,CE,Federal Contract Tower,0,3,3,19,25,0,3,19,0,22,0,6,22,19,47,24,36,60,107
04/23/2023,VCT,TX,ASW,CE,Federal Contract Tower,0,3,2,1,6,0,1,1,3,5,0,4,3,4,11,0,12,12,23
04/24/2023,VCT,TX,ASW,CE,Federal Contract Tower,0,4,7,75,86,0,1,8,29,38,0,5,15,104,124,2,326,328,452
04/25/2023,VCT,TX,ASW,CE,Federal Contract Tower,0,3,17,46,66,0,0,5,6,11,0,3,22,52,77,4,66,70,147
04/26/2023,VCT,TX,ASW,CE,Federal Contract Tower,0,5,7,35,47,0,0,2,10,12,0,5,9,45,59,0,68,68,127
04/27/2023,VCT,TX,ASW,CE,Federal Contract Tower,0,6,3,31,40,0,5,7,21,33,0,11,10,52,73,8,128,136,209
04/28/2023,VCT,TX,ASW,CE,Federal Contract Tower,0,4,8,25,37,0,2,10,16,28,0,6,18,41,65,4,78,82,147
04/29/2023,VCT,TX,ASW,CE,Federal Contract Tower,0,2,6,4,12,0,0,5,2,7,0,2,11,6,19,0,6,6,25
04/30/2023,VCT,TX,ASW,CE,Federal Contract Tower,0,4,6,24,34,0,1,25,7,33,0,5,31,31,67,34,58,92,159
05/01/2023,VCT,TX,ASW,CE,Federal Contract Tower,0,6,4,23,33,0,1,24,22,47,0,7,28,45,80,6,70,76,156
05/02/2023,VCT,TX,ASW,CE,Federal Contract Tower,0,4,8,56,68,0,2,13,28,43,0,6,21,84,111,4,216,220,331
05/03/2023,VCT,TX,ASW,CE,Federal Contract Tower,0,5,12,78,95,0,4,16,5,25,0,9,28,83,120,22,102,124,244
05/04/2023,VCT,TX,ASW,CE,Federal Contract Tower,0,6,13,30,49,0,4,3,2,9,0,10,16,32,58,8,10,18,76
05/05/2023,VCT,TX,ASW,CE,Federal Contract Tower,0,10,18,22,50,0,2,4,8,14,0,12,22,30,64,6,64,70,134
05/06/2023,VCT,TX,ASW,CE,Federal Contract Tower,0,3,9,12,24,0,0,4,0,4,0,3,13,12,28,2,12,14,42
05/07/2023,VCT,TX,ASW,CE,Federal Contract Tower,0,4,8,0,12,0,1,2,0,3,0,5,10,0,15,0,0,0,15
05/08/2023,VCT,TX,ASW,CE,Federal Contract Tower,0,4,7,76,87,0,2,6,7,15,0,6,13,83,102,2,140,142,244
05/09/2023,VCT,TX,ASW,CE,Federal Contract Tower,0,6,8,4,18,0,0,3,1,4,0,6,11,5,22,0,4,4,26
05/10/2023,VCT,TX,ASW,CE,Federal Contract Tower,0,4,2,26,32,0,3,5,0,8,0,7,7,26,40,2,26,28,68
05/11/2023,VCT,TX,ASW,CE,Federal Contract Tower,0,8,11,58,77,0,5,6,10,21,0,13,17,68,98,4,152,156,254
05/12/2023,VCT,TX,ASW,CE,Federal Contract Tower,0,6,11,86,103,0,0,7,10,17,0,6,18,96,120,12,164,176,296
05/13/2023,VCT,TX,ASW,CE,Federal Contract Tower,0,2,0,8,10,0,2,4,0,6,0,4,4,8,16,4,6,10,26
05/14/2023,VCT,TX,ASW,CE,Federal Contract Tower,0,2,2,12,16,0,4,2,0,6,0,6,4,12,22,6,12,18,40
05/15/2023,VCT,TX,ASW,CE,Federal Contract Tower,0,4,3,25,32,0,2,16,4,22,0,6,19,29,54,8,44,52,106
05/16/2023,VCT,TX,ASW,CE,Federal Contract Tower,0,4,7,4,15,0,0,10,11,21,0,4,17,15,36,10,74,84,120
05/17/2023,VCT,TX,ASW,CE,Federal Contract Tower,0,6,10,52,68,0,6,31,22,59,0,12,41,74,127,14,276,290,417
05/18/2023,VCT,TX,ASW,CE,Federal Contract Tower,0,6,6,33,45,0,2,29,21,52,0,8,35,54,97,16,86,102,199
05/19/2023,VCT,TX,ASW,CE,Federal Contract Tower,0,5,16,42,63,0,0,20,22,42,0,5,36,64,105,26,118,144,249
05/20/2023,VCT,TX,ASW,CE,Federal Contract Tower,0,2,9,4,15,0,0,7,2,9,0,2,16,6,24,6,4,10,34
05/21/2023,VCT,TX,ASW,CE,Federal Contract Tower,0,3,4,14,21,0,2,4,2,8,0,5,8,16,29,4,22,26,55
05/22/2023,VCT,TX,ASW,CE,Federal Contract Tower,0,7,6,38,51,0,5,3,23,31,0,12,9,61,82,4,125,129,211
05/23/2023,VCT,TX,ASW,CE,Federal Contract Tower,0,7,9,79,95,0,5,15,21,41,0,12,24,100,136,12,151,163,299
05/24/2023,VCT,TX,ASW,CE,Federal Contract Tower,0,4,6,36,46,0,2,13,50,65,0,6,19,86,111,0,132,132,243
05/25/2023,VCT,TX,ASW,CE,Federal Contract Tower,0,5,11,42,58,0,4,16,13,33,0,9,27,55,91,2,56,58,149
05/26/2023,VCT,TX,ASW,CE,Federal Contract Tower,0,7,10,18,35,0,2,16,2,20,0,9,26,20,55,4,32,36,91
05/27/2023,VCT,TX,ASW,CE,Federal Contract Tower,0,4,0,0,4,0,0,43,0,43,0,4,43,0,47,12,0,12,59
05/28/2023,VCT,TX,ASW,CE,Federal Contract Tower,0,4,0,4,8,0,0,3,4,7,0,4,3,8,15,2,36,38,53
05/29/2023,VCT,TX,ASW,CE,Federal Contract Tower,0,3,6,0,9,0,2,6,2,10,0,5,12,2,19,6,10,16,35
05/30/2023,VCT,TX,ASW,CE,Federal Contract Tower,0,3,6,30,39,0,2,12,20,34,0,5,18,50,73,4,90,94,167
05/31/2023,VCT,TX,ASW,CE,Federal Contract Tower,0,5,12,29,46,0,0,23,33,56,0,5,35,62,102,8,172,180,282
06/01/2023,VCT,TX,ASW,CE,Federal Contract Tower,0,7,11,44,62,0,16,24,0,40,0,23,35,44,102,18,161,179,281
06/02/2023,VCT,TX,ASW,CE,Federal Contract Tower,0,7,7,33,47,0,0,13,15,28,0,7,20,48,75,12,146,158,233
06/03/2023,VCT,TX,ASW,CE,Federal Contract Tower,0,8,5,14,27,0,0,23,3,26,0,8,28,17,53,18,48,66,119
06/04/2023,VCT,TX,ASW,CE,Federal Contract Tower,0,3,6,20,29,0,0,5,5,10,0,3,11,25,39,2,46,48,87
06/05/2023,VCT,TX,ASW,CE,Federal Contract Tower,0,3,3,3,9,0,0,2,0,2,0,3,5,3,11,0,22,22,33
06/06/2023,VCT,TX,ASW,CE,Federal Contract Tower,0,3,5,45,53,0,7,7,21,35,0,10,12,66,88,8,76,84,172
06/07/2023,VCT,TX,ASW,CE,Federal Contract Tower,0,6,4,47,57,0,1,18,16,35,0,7,22,63,92,28,162,190,282
06/08/2023,VCT,TX,ASW,CE,Federal Contract Tower,0,9,7,35,51,0,10,13,26,49,0,19,20,61,100,20,66,86,186
06/09/2023,VCT,TX,ASW,CE,Federal Contract Tower,0,7,8,25,40,0,2,17,17,36,0,9,25,42,76,4,64,68,144
06/10/2023,VCT,TX,ASW,CE,Federal Contract Tower,0,1,4,22,27,0,1,3,0,4,0,2,7,22,31,6,20,26,57
06/11/2023,VCT,TX,ASW,CE,Federal Contract Tower,0,4,5,6,15,0,0,7,8,15,0,4,12,14,30,4,22,26,56
06/12/2023,VCT,TX,ASW,CE,Federal Contract Tower,0,7,5,60,72,0,2,5,19,26,0,9,10,79,98,0,116,116,214
06/13/2023,VCT,TX,ASW,CE,Federal Contract Tower,0,5,5,47,57,0,0,14,26,40,0,5,19,73,97,2,156,158,255
06/14/2023,VCT,TX,ASW,CE,Federal Contract Tower,0,5,12,34,51,0,2,1,10,13,0,7,13,44,64,0,24,24,88
06/15/2023,VCT,TX,ASW,CE,Federal Contract Tower,0,5,7,44,56,0,6,12,27,45,0,11,19,71,101,2,86,88,189
06/16/2023,VCT,TX,ASW,CE,Federal Contract Tower,0,8,16,43,67,0,1,5,7,13,0,9,21,50,80,4,98,102,182
06/17/2023,VCT,TX,ASW,CE,Federal Contract Tower,0,4,9,8,21,0,0,5,0,5,0,4,14,8,26,2,6,8,34
06/18/2023,VCT,TX,ASW,CE,Federal Contract Tower,0,3,7,19,29,0,0,1,1,2,0,3,8,20,31,4,30,34,65
06/19/2023,VCT,TX,ASW,CE,Federal Contract Tower,0,4,9,12,25,0,4,16,0,20,0,8,25,12,45,6,12,18,63
06/20/2023,VCT,TX,ASW,CE,Federal Contract Tower,0,4,2,42,48,0,0,8,14,22,0,4,10,56,70,2,172,174,244
06/21/2023,VCT,TX,ASW,CE,Federal Contract Tower,0,4,8,26,38,0,10,10,23,43,0,14,18,49,81,2,110,112,193
06/22/2023,VCT,TX,ASW,CE,Federal Contract Tower,0,4,12,41,57,0,1,13,29,43,0,5,25,70,100,10,126,136,236
06/23/2023,VCT,TX,ASW,CE,Federal Contract Tower,0,6,16,26,48,0,0,16,14,30,0,6,32,40,78,10,72,82,160
06/24/2023,VCT,TX,ASW,CE,Federal Contract Tower,0,1,4,6,11,0,0,10,7,17,0,1,14,13,28,12,48,60,88
06/25/2023,VCT,TX,ASW,CE,Federal Contract Tower,0,5,3,20,28,0,2,8,4,14,0,7,11,24,42,4,48,52,94
06/26/2023,VCT,TX,ASW,CE,Federal Contract Tower,0,3,2,37,42,0,1,16,22,39,0,4,18,59,81,0,200,200,281
06/27/2023,VCT,TX,ASW,CE,Federal Contract Tower,0,3,9,37,49,0,4,15,15,34,0,7,24,52,83,10,82,92,175
06/28/2023,VCT,TX,ASW,CE,Federal Contract Tower,0,4,15,59,78,0,4,12,13,29,0,8,27,72,107,38,112,150,257
06/29/2023,VCT,TX,ASW,CE,Federal Contract Tower,0,7,6,43,56,0,2,14,21,37,0,9,20,64,93,40,150,190,283
06/30/2023,VCT,TX,ASW,CE,Federal Contract Tower,0,9,11,16,36,0,5,13,9,27,0,14,24,25,63,14,28,42,105
07/01/2023,VCT,TX,ASW,CE,Federal Contract Tower,0,4,2,16,22,0,0,11,1,12,0,4,13,17,34,20,24,44,78
07/02/2023,VCT,TX,ASW,CE,Federal Contract Tower,0,5,6,3,14,0,0,7,1,8,0,5,13,4,22,4,4,8,30
07/03/2023,VCT,TX,ASW,CE,Federal Contract Tower,0,3,2,0,5,0,2,3,0,5,0,5,5,0,10,6,0,6,16
07/04/2023,VCT,TX,ASW,CE,Federal Contract Tower,0,1,2,0,3,0,12,7,0,19,0,13,9,0,22,4,0,4,26
07/05/2023,VCT,TX,ASW,CE,Federal Contract Tower,0,5,2,14,21,0,5,7,2,14,0,10,9,16,35,4,22,26,61
07/06/2023,VCT,TX,ASW,CE,Federal Contract Tower,0,5,4,7,16,0,0,5,5,10,0,5,9,12,26,2,56,58,84
07/07/2023,VCT,TX,ASW,CE,Federal Contract Tower,0,5,6,11,22,0,0,8,3,11,0,5,14,14,33,12,48,60,93
07/08/2023,VCT,TX,ASW,CE,Federal Contract Tower,0,2,0,5,7,0,2,4,2,8,0,4,4,7,15,0,14,14,29
07/09/2023,VCT,TX,ASW,CE,Federal Contract Tower,0,2,0,2,4,0,5,7,2,14,0,7,7,4,18,8,12,20,38
07/10/2023,VCT,TX,ASW,CE,Federal Contract Tower,0,4,14,34,52,0,1,7,2,10,0,5,21,36,62,6,34,40,102
07/11/2023,VCT,TX,ASW,CE,Federal Contract Tower,0,4,5,56,65,0,4,10,17,31,0,8,15,73,96,4,94,98,194
07/12/2023,VCT,TX,ASW,CE,Federal Contract Tower,0,10,5,42,57,0,1,12,16,29,0,11,17,58,86,8,56,64,150
07/13/2023,VCT,TX,ASW,CE,Federal Contract Tower,0,4,8,30,42,0,4,18,17,39,0,8,26,47,81,6,86,92,173
07/14/2023,VCT,TX,ASW,CE,Federal Contract Tower,0,6,15,27,48,0,0,12,25,37,0,6,27,52,85,0,164,164,249
07/15/2023,VCT,TX,ASW,CE,Federal Contract Tower,0,2,5,4,11,0,1,16,0,17,0,3,21,4,28,10,6,16,44
07/16/2023,VCT,TX,ASW,CE,Federal Contract Tower,0,6,4,29,39,0,1,14,12,27,0,7,18,41,66,14,76,90,156
07/17/2023,VCT,TX,ASW,CE,Federal Contract Tower,0,5,5,43,53,0,1,10,14,25,0,6,15,57,78,6,118,124,202
07/18/2023,VCT,TX,ASW,CE,Federal Contract Tower,0,7,8,33,48,0,4,12,28,44,0,11,20,61,92,4,174,178,270
07/19/2023,VCT,TX,ASW,CE,Federal Contract Tower,0,5,11,54,70,0,0,18,14,32,0,5,29,68,102,10,126,136,238
07/20/2023,VCT,TX,ASW,CE,Federal Contract Tower,0,8,8,26,42,0,4,10,9,23,0,12,18,35,65,14,102,116,181
07/21/2023,VCT,TX,ASW,CE,Federal Contract Tower,0,4,9,26,39,0,1,7,19,27,0,5,16,45,66,2,98,100,166
07/22/2023,VCT,TX,ASW,CE,Federal Contract Tower,0,2,0,7,9,0,0,7,5,12,0,2,7,12,21,6,102,108,129
07/23/2023,VCT,TX,ASW,CE,Federal Contract Tower,0,3,3,4,10,0,1,4,7,12,0,4,7,11,22,0,16,16,38
07/24/2023,VCT,TX,ASW,CE,Federal Contract Tower,0,4,3,19,26,0,2,8,19,29,0,6,11,38,55,4,112,116,171
07/25/2023,VCT,TX,ASW,CE,Federal Contract Tower,0,2,11,40,53,0,4,11,15,30,0,6,22,55,83,2,110,112,195
07/26/2023,VCT,TX,ASW,CE,Federal Contract Tower,0,8,4,30,42,0,4,4,12,20,0,12,8,42,62,2,154,156,218
07/27/2023,VCT,TX,ASW,CE,Federal Contract Tower,0,5,3,40,48,0,2,20,19,41,0,7,23,59,89,4,126,130,219
07/28/2023,VCT,TX,ASW,CE,Federal Contract Tower,0,5,10,22,37,0,0,12,13,25,0,5,22,35,62,12,46,58,120
07/29/2023,VCT,TX,ASW,CE,Federal Contract Tower,0,2,7,1,10,0,2,6,3,11,0,4,13,4,21,6,32,38,59
07/30/2023,VCT,TX,ASW,CE,Federal Contract Tower,0,3,12,13,28,0,1,14,0,15,0,4,26,13,43,8,12,20,63
07/31/2023,VCT,TX,ASW,CE,Federal Contract Tower,0,6,5,12,23,0,5,13,17,35,0,11,18,29,58,4,136,140,198
08/01/2023,VCT,TX,ASW,CE,Federal Contract Tower,0,2,8,33,43,0,3,15,36,54,0,5,23,69,97,2,198,200,297
08/02/2023,VCT,TX,ASW,CE,Federal Contract Tower,0,7,9,12,28,0,5,32,6,43,0,12,41,18,71,14,80,94,165
08/03/2023,VCT,TX,ASW,CE,Federal Contract Tower,0,7,7,20,34,0,7,17,22,46,0,14,24,42,80,6,152,158,238
08/04/2023,VCT,TX,ASW,CE,Federal Contract Tower,0,4,10,18,32,0,0,24,22,46,0,4,34,40,78,20,110,130,208
08/05/2023,VCT,TX,ASW,CE,Federal Contract Tower,0,1,10,0,11,0,1,9,6,16,0,2,19,6,27,18,44,62,89
08/06/2023,VCT,TX,ASW,CE,Federal Contract Tower,0,4,7,13,24,0,1,12,9,22,0,5,19,22,46,16,68,84,130
08/07/2023,VCT,TX,ASW,CE,Federal Contract Tower,0,4,3,41,48,0,8,11,31,50,0,12,14,72,98,0,180,180,278
08/08/2023,VCT,TX,ASW,CE,Federal Contract Tower,0,3,5,44,52,0,0,18,17,35,0,3,23,61,87,14,128,142,229
08/09/2023,VCT,TX,ASW,CE,Federal Contract Tower,0,5,11,35,51,0,3,23,31,57,0,8,34,66,108,10,118,128,236
08/10/2023,VCT,TX,ASW,CE,Federal Contract Tower,0,9,5,47,61,0,0,10,23,33,0,9,15,70,94,6,178,184,278
08/11/2023,VCT,TX,ASW,CE,Federal Contract Tower,0,4,2,22,28,0,0,5,11,16,0,4,7,33,44,0,38,38,82
08/12/2023,VCT,TX,ASW,CE,Federal Contract Tower,0,2,10,28,40,0,0,3,3,6,0,2,13,31,46,4,28,32,78
08/13/2023,VCT,TX,ASW,CE,Federal Contract Tower,0,3,6,1,10,0,2,15,3,20,0,5,21,4,30,2,0,2,32
08/14/2023,VCT,TX,ASW,CE,Federal Contract Tower,0,4,2,39,45,0,0,13,16,29,0,4,15,55,74,6,126,132,206
08/15/2023,VCT,TX,ASW,CE,Federal Contract Tower,0,6,6,33,45,0,0,18,28,46,0,6,24,61,91,12,246,258,349
08/16/2023,VCT,TX,ASW,CE,Federal Contract Tower,0,7,3,3,13,0,5,9,15,29,0,12,12,18,42,8,78,86,128
08/17/2023,VCT,TX,ASW,CE,Federal Contract Tower,0,7,4,34,45,0,5,9,22,36,0,12,13,56,81,22,94,116,197
08/18/2023,VCT,TX,ASW,CE,Federal Contract Tower,0,4,5,14,23,0,0,23,30,53,0,4,28,44,76,6,60,66,142
08/19/2023,VCT,TX,ASW,CE,Federal Contract Tower,0,3,3,10,16,0,0,14,7,21,0,3,17,17,37,4,14,18,55
08/20/2023,VCT,TX,ASW,CE,Federal Contract Tower,0,3,4,7,14,0,0,15,10,25,0,3,19,17,39,30,6,36,75
08/21/2023,VCT,TX,ASW,CE,Federal Contract Tower,0,6,4,35,45,0,1,10,18,29,0,7,14,53,74,0,98,98,172
08/22/2023,VCT,TX,ASW,CE,Federal Contract Tower,0,2,2,0,4,0,4,1,0,5,0,6,3,0,9,0,0,0,9
08/23/2023,VCT,TX,ASW,CE,Federal Contract Tower,0,8,6,67,81,0,3,5,29,37,0,11,11,96,118,8,228,236,354
08/24/2023,VCT,TX,ASW,CE,Federal Contract Tower,0,6,5,35,46,0,3,8,22,33,0,9,13,57,79,8,186,194,273
08/25/2023,VCT,TX,ASW,CE,Federal Contract Tower,0,8,5,2,15,0,3,14,9,26,0,11,19,11,41,8,42,50,91
08/26/2023,VCT,TX,ASW,CE,Federal Contract Tower,0,4,3,19,26,0,0,10,10,20,0,4,13,29,46,8,32,40,86
08/27/2023,VCT,TX,ASW,CE,Federal Contract Tower,0,2,1,4,7,0,2,6,10,18,0,4,7,14,25,2,24,26,51
08/28/2023,VCT,TX,ASW,CE,Federal Contract Tower,0,6,1,30,37,0,2,8,7,17,0,8,9,37,54,0,50,50,104
08/29/2023,VCT,TX,ASW,CE,Federal Contract Tower,0,3,11,43,57,0,6,6,25,37,0,9,17,68,94,4,102,106,200
08/30/2023,VCT,TX,ASW,CE,Federal Contract Tower,0,7,4,27,38,0,6,17,21,44,0,13,21,48,82,10,100,110,192
08/31/2023,VCT,TX,ASW,CE,Federal Contract Tower,0,5,5,45,55,0,5,10,17,32,0,10,15,62,87,6,82,88,175
01/01/2020,VCT,TX,ASW,CE,Federal Contract Tower,0,4,4,0,8,0,2,0,0,2,0,6,4,0,10,2,0,2,12
01/02/2020,VCT,TX,ASW,CE,Federal Contract Tower,0,4,4,17,25,0,6,2,1,9,0,10,6,18,34,0,32,32,66
01/03/2020,VCT,TX,ASW,CE,Federal Contract Tower,0,4,8,20,32,0,0,5,13,18,0,4,13,33,50,2,128,130,180
01/04/2020,VCT,TX,ASW,CE,Federal Contract Tower,0,6,3,6,15,0,0,8,2,10,0,6,11,8,25,14,32,46,71
01/05/2020,VCT,TX,ASW,CE,Federal Contract Tower,0,1,5,6,12,0,7,11,0,18,0,8,16,6,30,6,4,10,40
01/06/2020,VCT,TX,ASW,CE,Federal Contract Tower,0,7,7,5,19,0,5,9,9,23,0,12,16,14,42,10,28,38,80
01/07/2020,VCT,TX,ASW,CE,Federal Contract Tower,0,10,6,16,32,0,1,11,11,23,0,11,17,27,55,2,154,156,211
01/08/2020,VCT,TX,ASW,CE,Federal Contract Tower,0,3,3,2,8,0,2,5,32,39,0,5,8,34,47,0,196,196,243
01/09/2020,VCT,TX,ASW,CE,Federal Contract Tower,0,9,9,22,40,0,2,3,0,5,0,11,12,22,45,0,12,12,57
01/10/2020,VCT,TX,ASW,CE,Federal Contract Tower,0,8,9,4,21,0,0,5,0,5,0,8,14,4,26,2,14,16,42
01/11/2020,VCT,TX,ASW,CE,Federal Contract Tower,0,4,1,20,25,0,4,8,2,14,0,8,9,22,39,2,18,20,59
01/12/2020,VCT,TX,ASW,CE,Federal Contract Tower,0,11,7,8,26,0,0,14,11,25,0,11,21,19,51,2,28,30,81
01/13/2020,VCT,TX,ASW,CE,Federal Contract Tower,0,5,10,16,31,0,0,0,0,0,0,5,10,16,31,0,16,16,47
01/14/2020,VCT,TX,ASW,CE,Federal Contract Tower,0,7,13,4,24,0,0,4,0,4,0,7,17,4,28,0,4,4,32
01/15/2020,VCT,TX,ASW,CE,Federal Contract Tower,0,14,10,36,60,0,2,1,7,10,0,16,11,43,70,2,110,112,182
01/16/2020,VCT,TX,ASW,CE,Federal Contract Tower,0,11,6,54,71,0,0,5,1,6,0,11,11,55,77,2,62,64,141
01/17/2020,VCT,TX,ASW,CE,Federal Contract Tower,0,6,9,25,40,0,0,2,3,5,0,6,11,28,45,0,28,28,73
01/18/2020,VCT,TX,ASW,CE,Federal Contract Tower,0,6,0,10,16,0,0,3,2,5,0,6,3,12,21,0,40,40,61
01/19/2020,VCT,TX,ASW,CE,Federal Contract Tower,0,3,4,6,13,0,2,12,4,18,0,5,16,10,31,8,30,38,69
01/20/2020,VCT,TX,ASW,CE,Federal Contract Tower,0,5,4,17,26,0,1,21,5,27,0,6,25,22,53,8,62,70,123
01/21/2020,VCT,TX,ASW,CE,Federal Contract Tower,0,9,6,15,30,0,6,12,33,51,0,15,18,48,81,2,230,232,313
01/22/2020,VCT,TX,ASW,CE,Federal Contract Tower,0,6,9,10,25,0,0,1,0,1,0,6,10,10,26,0,6,6,32
01/23/2020,VCT,TX,ASW,CE,Federal Contract Tower,0,12,19,22,53,0,0,18,15,33,0,12,37,37,86,10,212,222,308
01/24/2020,VCT,TX,ASW,CE,Federal Contract Tower,0,10,5,6,21,0,1,36,10,47,0,11,41,16,68,20,154,174,242
01/25/2020,VCT,TX,ASW,CE,Federal Contract Tower,0,5,0,6,11,0,0,12,2,14,0,5,12,8,25,0,42,42,67
01/26/2020,VCT,TX,ASW,CE,Federal Contract Tower,0,9,3,0,12,0,2,5,3,10,0,11,8,3,22,0,24,24,46
01/27/2020,VCT,TX,ASW,CE,Federal Contract Tower,0,15,5,8,28,0,0,7,19,26,0,15,12,27,54,10,108,118,172
01/28/2020,VCT,TX,ASW,CE,Federal Contract Tower,0,6,3,14,23,0,0,0,0,0,0,6,3,14,23,0,12,12,35
01/29/2020,VCT,TX,ASW,CE,Federal Contract Tower,0,8,9,32,49,0,4,5,15,24,0,12,14,47,73,2,188,190,263
01/30/2020,VCT,TX,ASW,CE,Federal Contract Tower,0,6,12,70,88,0,4,3,14,21,0,10,15,84,109,0,210,210,319
01/31/2020,VCT,TX,ASW,CE,Federal Contract Tower,0,6,3,10,19,0,0,13,6,19,0,6,16,16,38,4,108,112,150
02/01/2020,VCT,TX,ASW,CE,Federal Contract Tower,0,7,2,12,21,0,0,20,10,30,0,7,22,22,51,0,58,58,109
02/02/2020,VCT,TX,ASW,CE,Federal Contract Tower,0,4,3,6,13,0,0,18,0,18,0,4,21,6,31,0,4,4,35
02/03/2020,VCT,TX,ASW,CE,Federal Contract Tower,0,7,4,23,34,0,0,2,3,5,0,7,6,26,39,0,66,66,105
02/04/2020,VCT,TX,ASW,CE,Federal Contract Tower,0,8,6,35,49,0,0,2,1,3,0,8,8,36,52,0,53,53,105
02/05/2020,VCT,TX,ASW,CE,Federal Contract Tower,0,9,5,41,55,0,2,0,3,5,0,11,5,44,60,0,84,84,144
02/06/2020,VCT,TX,ASW,CE,Federal Contract Tower,0,8,7,22,37,0,2,12,13,27,0,10,19,35,64,8,86,94,158
02/07/2020,VCT,TX,ASW,CE,Federal Contract Tower,0,9,15,13,37,0,0,32,20,52,0,9,47,33,89,14,186,200,289
02/08/2020,VCT,TX,ASW,CE,Federal Contract Tower,0,5,4,12,21,0,0,13,3,16,0,5,17,15,37,10,14,24,61
02/09/2020,VCT,TX,ASW,CE,Federal Contract Tower,0,7,4,5,16,0,1,0,1,2,0,8,4,6,18,0,14,14,32
02/10/2020,VCT,TX,ASW,CE,Federal Contract Tower,0,7,6,12,25,0,1,1,0,2,0,8,7,12,27,0,12,12,39
02/11/2020,VCT,TX,ASW,CE,Federal Contract Tower,0,5,1,0,6,0,0,0,0,0,0,5,1,0,6,0,0,0,6
02/12/2020,VCT,TX,ASW,CE,Federal Contract Tower,0,12,5,8,25,0,0,1,4,5,0,12,6,12,30,2,82,84,114
02/13/2020,VCT,TX,ASW,CE,Federal Contract Tower,0,10,3,14,27,0,1,17,27,45,0,11,20,41,72,0,236,236,308
02/14/2020,VCT,TX,ASW,CE,Federal Contract Tower,0,8,2,20,30,0,0,17,24,41,0,8,19,44,71,32,274,306,377
02/15/2020,VCT,TX,ASW,CE,Federal Contract Tower,0,5,11,4,20,0,0,7,6,13,0,5,18,10,33,16,50,66,99
02/16/2020,VCT,TX,ASW,CE,Federal Contract Tower,0,6,11,0,17,0,5,9,4,18,0,11,20,4,35,12,26,38,73
02/17/2020,VCT,TX,ASW,CE,Federal Contract Tower,0,6,10,18,34,0,2,5,0,7,0,8,15,18,41,0,16,16,57
02/18/2020,VCT,TX,ASW,CE,Federal Contract Tower,0,7,15,20,42,0,4,6,0,10,0,11,21,20,52,0,16,16,68
02/19/2020,VCT,TX,ASW,CE,Federal Contract Tower,0,7,6,2,15,0,0,0,0,0,0,7,6,2,15,0,0,0,15
02/20/2020,VCT,TX,ASW,CE,Federal Contract Tower,0,8,8,14,30,0,3,3,1,7,0,11,11,15,37,0,60,60,97
02/21/2020,VCT,TX,ASW,CE,Federal Contract Tower,0,10,11,38,59,0,0,23,32,55,0,10,34,70,114,2,270,272,386
02/22/2020,VCT,TX,ASW,CE,Federal Contract Tower,0,5,4,13,22,0,2,18,18,38,0,7,22,31,60,12,188,200,260
02/23/2020,VCT,TX,ASW,CE,Federal Contract Tower,0,8,2,7,17,0,1,3,5,9,0,9,5,12,26,0,24,24,50
02/24/2020,VCT,TX,ASW,CE,Federal Contract Tower,0,7,1,24,32,0,1,5,25,31,0,8,6,49,63,0,238,238,301
02/25/2020,VCT,TX,ASW,CE,Federal Contract Tower,0,8,4,51,63,0,0,16,9,25,0,8,20,60,88,14,210,224,312
02/26/2020,VCT,TX,ASW,CE,Federal Contract Tower,0,7,13,23,43,0,5,14,18,37,0,12,27,41,80,20,190,210,290
02/27/2020,VCT,TX,ASW,CE,Federal Contract Tower,0,11,5,17,33,0,10,23,13,46,0,21,28,30,79,10,106,116,195
02/28/2020,VCT,TX,ASW,CE,Federal Contract Tower,0,8,3,34,45,0,0,14,16,30,0,8,17,50,75,0,158,158,233
02/29/2020,VCT,TX,ASW,CE,Federal Contract Tower,0,6,0,8,14,0,0,12,12,24,0,6,12,20,38,6,60,66,104
03/01/2020,VCT,TX,ASW,CE,Federal Contract Tower,0,6,9,12,27,0,11,4,0,15,0,17,13,12,42,4,12,16,58
03/02/2020,VCT,TX,ASW,CE,Federal Contract Tower,0,9,12,35,56,0,4,2,5,11,0,13,14,40,67,2,112,114,181
03/03/2020,VCT,TX,ASW,CE,Federal Contract Tower,0,8,2,30,40,0,4,2,0,6,0,12,4,30,46,0,24,24,70
03/04/2020,VCT,TX,ASW,CE,Federal Contract Tower,0,7,3,25,35,0,3,2,16,21,0,10,5,41,56,0,206,206,262
03/05/2020,VCT,TX,ASW,CE,Federal Contract Tower,0,10,4,31,45,0,7,16,17,40,0,17,20,48,85,0,154,154,239
03/06/2020,VCT,TX,ASW,CE,Federal Contract Tower,0,9,12,32,53,0,0,20,22,42,0,9,32,54,95,2,198,200,295
03/07/2020,VCT,TX,ASW,CE,Federal Contract Tower,0,6,5,22,33,0,0,10,11,21,0,6,15,33,54,4,106,110,164
03/08/2020,VCT,TX,ASW,CE,Federal Contract Tower,0,9,7,6,22,0,1,8,9,18,0,10,15,15,40,2,64,66,106
03/09/2020,VCT,TX,ASW,CE,Federal Contract Tower,0,6,6,22,34,0,9,7,8,24,0,15,13,30,58,6,154,160,218
03/10/2020,VCT,TX,ASW,CE,Federal Contract Tower,0,9,2,46,57,0,2,6,13,21,0,11,8,59,78,14,120,134,212
03/11/2020,VCT,TX,ASW,CE,Federal Contract Tower,0,9,6,33,48,0,10,16,7,33,0,19,22,40,81,10,118,128,209
03/12/2020,VCT,TX,ASW,CE,Federal Contract Tower,0,9,6,29,44,0,7,7,10,24,0,16,13,39,68,0,92,92,160
03/13/2020,VCT,TX,ASW,CE,Federal Contract Tower,0,10,5,20,35,0,0,7,7,14,0,10,12,27,49,0,82,82,131
03/14/2020,VCT,TX,ASW,CE,Federal Contract Tower,0,5,6,4,15,0,8,6,6,20,0,13,12,10,35,2,130,132,167
03/15/2020,VCT,TX,ASW,CE,Federal Contract Tower,0,8,5,15,28,0,0,9,1,10,0,8,14,16,38,4,12,16,54
03/16/2020,VCT,TX,ASW,CE,Federal Contract Tower,0,7,2,34,43,0,0,4,0,4,0,7,6,34,47,0,32,32,79
03/17/2020,VCT,TX,ASW,CE,Federal Contract Tower,0,8,13,5,26,0,6,2,0,8,0,14,15,5,34,0,12,12,46
03/18/2020,VCT,TX,ASW,CE,Federal Contract Tower,0,9,4,38,51,0,0,7,0,7,0,9,11,38,58,4,32,36,94
03/19/2020,VCT,TX,ASW,CE,Federal Contract Tower,0,7,6,46,59,0,2,6,4,12,0,9,12,50,71,4,70,74,145
03/20/2020,VCT,TX,ASW,CE,Federal Contract Tower,0,8,0,8,16,0,0,2,0,2,0,8,2,8,18,0,6,6,24
03/21/2020,VCT,TX,ASW,CE,Federal Contract Tower,0,5,4,10,19,0,0,1,0,1,0,5,5,10,20,0,30,30,50
03/22/2020,VCT,TX,ASW,CE,Federal Contract Tower,0,9,2,6,17,0,0,1,0,1,0,9,3,6,18,0,4,4,22
03/23/2020,VCT,TX,ASW,CE,Federal Contract Tower,0,7,3,29,39,0,7,14,2,23,0,14,17,31,62,12,32,44,106
03/24/2020,VCT,TX,ASW,CE,Federal Contract Tower,0,13,6,28,47,0,6,11,16,33,0,19,17,44,80,6,136,142,222
03/25/2020,VCT,TX,ASW,CE,Federal Contract Tower,0,7,7,62,76,0,1,15,14,30,0,8,22,76,106,24,144,168,274
03/26/2020,VCT,TX,ASW,CE,Federal Contract Tower,0,8,1,62,71,0,5,17,15,37,0,13,18,77,108,2,138,140,248
03/27/2020,VCT,TX,ASW,CE,Federal Contract Tower,0,7,2,24,33,0,5,8,11,24,0,12,10,35,57,0,82,82,139
03/28/2020,VCT,TX,ASW,CE,Federal Contract Tower,0,5,2,17,24,0,0,3,8,11,0,5,5,25,35,0,106,106,141
03/29/2020,VCT,TX,ASW,CE,Federal Contract Tower,0,6,3,15,24,0,3,13,4,20,0,9,16,19,44,2,33,35,79
03/30/2020,VCT,TX,ASW,CE,Federal Contract Tower,0,7,1,69,77,0,1,2,13,16,0,8,3,82,93,0,174,174,267
03/31/2020,VCT,TX,ASW,CE,Federal Contract Tower,0,8,0,22,30,0,2,10,20,32,0,10,10,42,62,8,246,254,316
04/01/2020,VCT,TX,ASW,CE,Federal Contract Tower,0,6,2,2,10,0,0,10,13,23,0,6,12,15,33,0,52,52,85
04/02/2020,VCT,TX,ASW,CE,Federal Contract Tower,0,8,3,0,11,0,2,4,4,10,0,10,7,4,21,2,50,52,73
04/03/2020,VCT,TX,ASW,CE,Federal Contract Tower,0,6,0,0,6,0,0,0,0,0,0,6,0,0,6,0,0,0,6
04/04/2020,VCT,TX,ASW,CE,Federal Contract Tower,0,0,0,0,0,0,0,0,0,0,0,0,0,0,0,0,0,0,0
04/05/2020,VCT,TX,ASW,CE,Federal Contract Tower,0,5,0,4,9,0,2,4,0,6,0,7,4,4,15,4,4,8,23
04/06/2020,VCT,TX,ASW,CE,Federal Contract Tower,0,6,0,0,6,0,3,3,0,6,0,9,3,0,12,0,0,0,12
04/07/2020,VCT,TX,ASW,CE,Federal Contract Tower,0,8,0,0,8,0,0,9,0,9,0,8,9,0,17,0,0,0,17
04/08/2020,VCT,TX,ASW,CE,Federal Contract Tower,0,8,3,1,12,0,0,11,2,13,0,8,14,3,25,0,30,30,55
04/09/2020,VCT,TX,ASW,CE,Federal Contract Tower,0,9,2,6,17,0,3,9,0,12,0,12,11,6,29,2,4,6,35
04/10/2020,VCT,TX,ASW,CE,Federal Contract Tower,0,9,0,5,14,0,0,7,2,9,0,9,7,7,23,10,22,32,55
04/11/2020,VCT,TX,ASW,CE,Federal Contract Tower,0,0,0,0,0,0,0,3,0,3,0,0,3,0,3,0,0,0,3
04/12/2020,VCT,TX,ASW,CE,Federal Contract Tower,0,6,1,0,7,0,0,4,0,4,0,6,5,0,11,2,0,2,13
04/13/2020,VCT,TX,ASW,CE,Federal Contract Tower,0,2,2,2,6,0,3,26,8,37,0,5,28,10,43,4,10,14,57
04/14/2020,VCT,TX,ASW,CE,Federal Contract Tower,0,8,9,6,23,0,0,13,4,17,0,8,22,10,40,6,30,36,76
04/15/2020,VCT,TX,ASW,CE,Federal Contract Tower,0,7,2,7,16,0,3,22,8,33,0,10,24,15,49,8,54,62,111
04/16/2020,VCT,TX,ASW,CE,Federal Contract Tower,0,10,2,1,13,0,1,10,6,17,0,11,12,7,30,0,54,54,84
04/17/2020,VCT,TX,ASW,CE,Federal Contract Tower,0,7,2,2,11,0,0,4,4,8,0,7,6,6,19,0,26,26,45
04/18/2020,VCT,TX,ASW,CE,Federal Contract Tower,0,2,0,0,2,0,0,0,0,0,0,2,0,0,2,0,0,0,2
04/19/2020,VCT,TX,ASW,CE,Federal Contract Tower,0,6,0,4,10,0,0,0,0,0,0,6,0,4,10,0,4,4,14
04/20/2020,VCT,TX,ASW,CE,Federal Contract Tower,0,5,3,8,16,0,3,11,19,33,0,8,14,27,49,0,90,90,139
04/21/2020,VCT,TX,ASW,CE,Federal Contract Tower,0,5,0,2,7,0,4,2,2,8,0,9,2,4,15,0,2,2,17
04/22/2020,VCT,TX,ASW,CE,Federal Contract Tower,0,7,5,0,12,0,0,2,2,4,0,7,7,2,16,0,14,14,30
04/23/2020,VCT,TX,ASW,CE,Federal Contract Tower,0,6,2,5,13,0,3,11,6,20,0,9,13,11,33,4,26,30,63
04/24/2020,VCT,TX,ASW,CE,Federal Contract Tower,0,8,4,4,16,0,0,15,0,15,0,8,19,4,31,2,4,6,37
04/25/2020,VCT,TX,ASW,CE,Federal Contract Tower,0,4,8,0,12,0,0,13,0,13,0,4,21,0,25,6,0,6,31
04/26/2020,VCT,TX,ASW,CE,Federal Contract Tower,0,5,2,0,7,0,1,18,0,19,0,6,20,0,26,12,0,12,38
04/27/2020,VCT,TX,ASW,CE,Federal Contract Tower,0,7,2,10,19,0,2,12,11,25,0,9,14,21,44,0,50,50,94
04/28/2020,VCT,TX,ASW,CE,Federal Contract Tower,0,7,2,1,10,0,3,0,5,8,0,10,2,6,18,0,52,52,70
04/29/2020,VCT,TX,ASW,CE,Federal Contract Tower,0,8,1,0,9,0,2,2,2,6,0,10,3,2,15,0,2,2,17
04/30/2020,VCT,TX,ASW,CE,Federal Contract Tower,0,7,1,0,8,0,3,14,6,23,0,10,15,6,31,2,28,30,61
05/01/2020,VCT,TX,ASW,CE,Federal Contract Tower,0,10,6,2,18,0,1,8,8,17,0,11,14,10,35,0,78,78,113
05/02/2020,VCT,TX,ASW,CE,Federal Contract Tower,0,0,4,0,4,0,0,12,6,18,0,0,16,6,22,8,54,62,84
05/03/2020,VCT,TX,ASW,CE,Federal Contract Tower,0,6,0,0,6,0,0,9,2,11,0,6,9,2,17,2,10,12,29
05/04/2020,VCT,TX,ASW,CE,Federal Contract Tower,0,7,1,0,8,0,4,5,4,13,0,11,6,4,21,2,24,26,47
05/05/2020,VCT,TX,ASW,CE,Federal Contract Tower,0,8,2,1,11,0,4,10,2,16,0,12,12,3,27,2,18,20,47
05/06/2020,VCT,TX,ASW,CE,Federal Contract Tower,0,8,2,2,12,0,3,7,6,16,0,11,9,8,28,2,40,42,70
05/07/2020,VCT,TX,ASW,CE,Federal Contract Tower,0,8,2,8,18,0,0,8,4,12,0,8,10,12,30,0,12,12,42
05/08/2020,VCT,TX,ASW,CE,Federal Contract Tower,0,7,2,8,17,0,1,6,2,9,0,8,8,10,26,4,30,34,60
05/09/2020,VCT,TX,ASW,CE,Federal Contract Tower,0,0,2,0,2,0,0,9,0,9,0,0,11,0,11,8,0,8,19
05/10/2020,VCT,TX,ASW,CE,Federal Contract Tower,0,6,0,4,10,0,4,19,0,23,0,10,19,4,33,2,4,6,39
05/11/2020,VCT,TX,ASW,CE,Federal Contract Tower,0,9,1,0,10,0,6,14,4,24,0,15,15,4,34,8,4,12,46
05/12/2020,VCT,TX,ASW,CE,Federal Contract Tower,0,7,1,0,8,0,2,5,0,7,0,9,6,0,15,2,0,2,17
05/13/2020,VCT,TX,ASW,CE,Federal Contract Tower,0,8,6,18,32,0,0,9,4,13,0,8,15,22,45,2,16,18,63
05/14/2020,VCT,TX,ASW,CE,Federal Contract Tower,0,8,5,6,19,0,1,9,4,14,0,9,14,10,33,2,14,16,49
05/15/2020,VCT,TX,ASW,CE,Federal Contract Tower,0,8,5,6,19,0,1,2,2,5,0,9,7,8,24,0,8,8,32
05/16/2020,VCT,TX,ASW,CE,Federal Contract Tower,0,4,3,0,7,0,0,3,0,3,0,4,6,0,10,0,0,0,10
05/17/2020,VCT,TX,ASW,CE,Federal Contract Tower,0,5,4,4,13,0,2,15,0,17,0,7,19,4,30,8,4,12,42
05/18/2020,VCT,TX,ASW,CE,Federal Contract Tower,0,8,0,4,12,0,4,12,10,26,0,12,12,14,38,0,88,88,126
05/19/2020,VCT,TX,ASW,CE,Federal Contract Tower,0,9,4,5,18,0,1,4,1,6,0,10,8,6,24,0,26,26,50
05/20/2020,VCT,TX,ASW,CE,Federal Contract Tower,0,8,2,5,15,0,1,8,11,20,0,9,10,16,35,4,26,30,65
05/21/2020,VCT,TX,ASW,CE,Federal Contract Tower,0,8,10,4,22,0,5,10,2,17,0,13,20,6,39,2,28,30,69
05/22/2020,VCT,TX,ASW,CE,Federal Contract Tower,0,7,9,0,16,0,1,5,7,13,0,8,14,7,29,20,14,34,63
05/23/2020,VCT,TX,ASW,CE,Federal Contract Tower,0,0,2,2,4,0,0,3,0,3,0,0,5,2,7,8,2,10,17
05/24/2020,VCT,TX,ASW,CE,Federal Contract Tower,0,6,0,0,6,0,5,2,2,9,0,11,2,2,15,0,2,2,17
05/25/2020,VCT,TX,ASW,CE,Federal Contract Tower,0,6,0,0,6,0,4,4,0,8,0,10,4,0,14,0,0,0,14
05/26/2020,VCT,TX,ASW,CE,Federal Contract Tower,0,8,2,9,19,0,1,8,8,17,0,9,10,17,36,4,80,84,120
05/27/2020,VCT,TX,ASW,CE,Federal Contract Tower,0,9,3,2,14,0,0,15,6,21,0,9,18,8,35,4,24,28,63
05/28/2020,VCT,TX,ASW,CE,Federal Contract Tower,0,8,8,7,23,0,2,4,12,18,0,10,12,19,41,22,66,88,129
05/29/2020,VCT,TX,ASW,CE,Federal Contract Tower,0,7,6,10,23,0,0,11,10,21,0,7,17,20,44,2,80,82,126
05/30/2020,VCT,TX,ASW,CE,Federal Contract Tower,0,0,2,0,2,0,0,8,0,8,0,0,10,0,10,0,0,0,10
05/31/2020,VCT,TX,ASW,CE,Federal Contract Tower,0,6,2,2,10,0,0,2,0,2,0,6,4,2,12,0,2,2,14
06/01/2020,VCT,TX,ASW,CE,Federal Contract Tower,0,7,1,4,12,0,0,1,0,1,0,7,2,4,13,0,4,4,17
06/02/2020,VCT,TX,ASW,CE,Federal Contract Tower,0,8,2,3,13,0,0,4,3,7,0,8,6,6,20,0,16,16,36
06/03/2020,VCT,TX,ASW,CE,Federal Contract Tower,0,10,1,2,13,0,4,3,4,11,0,14,4,6,24,6,6,12,36
06/04/2020,VCT,TX,ASW,CE,Federal Contract Tower,0,8,8,15,31,0,5,16,8,29,0,13,24,23,60,4,50,54,114
06/05/2020,VCT,TX,ASW,CE,Federal Contract Tower,0,9,2,12,23,0,5,12,5,22,0,14,14,17,45,34,32,66,111
06/06/2020,VCT,TX,ASW,CE,Federal Contract Tower,0,0,0,1,1,0,5,16,3,24,0,5,16,4,25,18,20,38,63
06/07/2020,VCT,TX,ASW,CE,Federal Contract Tower,0,6,6,2,14,0,2,12,0,14,0,8,18,2,28,4,2,6,34
06/08/2020,VCT,TX,ASW,CE,Federal Contract Tower,0,7,2,2,11,0,2,5,14,21,0,9,7,16,32,0,84,84,116
06/09/2020,VCT,TX,ASW,CE,Federal Contract Tower,0,8,1,0,9,0,0,15,5,20,0,8,16,5,29,14,20,34,63
06/10/2020,VCT,TX,ASW,CE,Federal Contract Tower,0,8,7,4,19,0,2,14,6,22,0,10,21,10,41,2,86,88,129
06/11/2020,VCT,TX,ASW,CE,Federal Contract Tower,0,8,6,0,14,0,5,18,4,27,0,13,24,4,41,6,36,42,83
06/12/2020,VCT,TX,ASW,CE,Federal Contract Tower,0,7,5,6,18,0,3,25,2,30,0,10,30,8,48,0,32,32,80
06/13/2020,VCT,TX,ASW,CE,Federal Contract Tower,0,0,0,0,0,0,0,10,2,12,0,0,10,2,12,0,4,4,16
06/14/2020,VCT,TX,ASW,CE,Federal Contract Tower,0,6,1,0,7,0,0,9,0,9,0,6,10,0,16,0,0,0,16
06/15/2020,VCT,TX,ASW,CE,Federal Contract Tower,0,11,1,8,20,0,2,7,4,13,0,13,8,12,33,10,34,44,77
06/16/2020,VCT,TX,ASW,CE,Federal Contract Tower,0,8,3,28,39,0,3,8,11,22,0,11,11,39,61,2,48,50,111
06/17/2020,VCT,TX,ASW,CE,Federal Contract Tower,0,6,4,22,32,0,2,15,4,21,0,8,19,26,53,4,32,36,89
06/18/2020,VCT,TX,ASW,CE,Federal Contract Tower,0,8,4,32,44,0,2,6,0,8,0,10,10,32,52,10,32,42,94
06/19/2020,VCT,TX,ASW,CE,Federal Contract Tower,0,7,4,4,15,0,0,6,1,7,0,7,10,5,22,0,4,4,26
06/20/2020,VCT,TX,ASW,CE,Federal Contract Tower,0,0,2,4,6,0,0,6,0,6,0,0,8,4,12,4,4,8,20
06/21/2020,VCT,TX,ASW,CE,Federal Contract Tower,0,0,4,0,4,0,1,6,0,7,0,1,10,0,11,0,0,0,11
06/22/2020,VCT,TX,ASW,CE,Federal Contract Tower,0,5,3,4,12,0,1,7,0,8,0,6,10,4,20,0,4,4,24
06/23/2020,VCT,TX,ASW,CE,Federal Contract Tower,0,12,4,33,49,0,0,6,7,13,0,12,10,40,62,0,64,64,126
06/24/2020,VCT,TX,ASW,CE,Federal Contract Tower,0,10,9,8,27,0,2,9,0,11,0,12,18,8,38,8,8,16,54
06/25/2020,VCT,TX,ASW,CE,Federal Contract Tower,0,8,7,13,28,0,0,1,4,5,0,8,8,17,33,2,32,34,67
06/26/2020,VCT,TX,ASW,CE,Federal Contract Tower,0,7,4,4,15,0,0,0,0,0,0,7,4,4,15,0,4,4,19
06/27/2020,VCT,TX,ASW,CE,Federal Contract Tower,0,5,4,2,11,0,0,3,4,7,0,5,7,6,18,0,2,2,20
06/28/2020,VCT,TX,ASW,CE,Federal Contract Tower,0,10,3,2,15,0,6,0,0,6,0,16,3,2,21,0,2,2,23
06/29/2020,VCT,TX,ASW,CE,Federal Contract Tower,0,7,7,21,35,0,0,0,6,6,0,7,7,27,41,0,106,106,147
06/30/2020,VCT,TX,ASW,CE,Federal Contract Tower,0,8,2,31,41,0,0,7,2,9,0,8,9,33,50,4,86,90,140
07/01/2020,VCT,TX,ASW,CE,Federal Contract Tower,0,8,2,26,36,0,3,8,3,14,0,11,10,29,50,2,48,50,100
07/02/2020,VCT,TX,ASW,CE,Federal Contract Tower,0,9,1,8,18,0,0,13,0,13,0,9,14,8,31,24,16,40,71
07/03/2020,VCT,TX,ASW,CE,Federal Contract Tower,0,8,0,0,8,0,4,9,0,13,0,12,9,0,21,0,0,0,21
07/04/2020,VCT,TX,ASW,CE,Federal Contract Tower,0,1,3,0,4,0,0,10,0,10,0,1,13,0,14,0,0,0,14
07/05/2020,VCT,TX,ASW,CE,Federal Contract Tower,0,8,3,0,11,0,3,5,0,8,0,11,8,0,19,0,0,0,19
07/06/2020,VCT,TX,ASW,CE,Federal Contract Tower,0,9,4,0,13,0,1,11,2,14,0,10,15,2,27,0,0,0,27
07/07/2020,VCT,TX,ASW,CE,Federal Contract Tower,0,9,2,29,40,0,2,11,9,22,0,11,13,38,62,0,82,82,144
07/08/2020,VCT,TX,ASW,CE,Federal Contract Tower,0,8,9,27,44,0,3,24,5,32,0,11,33,32,76,0,90,90,166
07/09/2020,VCT,TX,ASW,CE,Federal Contract Tower,0,8,1,22,31,0,2,17,10,29,0,10,18,32,60,2,36,38,98
07/10/2020,VCT,TX,ASW,CE,Federal Contract Tower,0,10,8,24,42,0,0,11,7,18,0,10,19,31,60,2,44,46,106
07/11/2020,VCT,TX,ASW,CE,Federal Contract Tower,0,1,0,8,9,0,0,18,6,24,0,1,18,14,33,4,18,22,55
07/12/2020,VCT,TX,ASW,CE,Federal Contract Tower,0,8,2,0,10,0,0,9,2,11,0,8,11,2,21,0,10,10,31
07/13/2020,VCT,TX,ASW,CE,Federal Contract Tower,0,7,0,17,24,0,1,11,1,13,0,8,11,18,37,0,18,18,55
07/14/2020,VCT,TX,ASW,CE,Federal Contract Tower,0,8,1,19,28,0,1,9,5,15,0,9,10,24,43,4,44,48,91
07/15/2020,VCT,TX,ASW,CE,Federal Contract Tower,0,8,2,0,10,0,1,22,0,23,0,9,24,0,33,18,0,18,51
07/16/2020,VCT,TX,ASW,CE,Federal Contract Tower,0,4,7,9,20,0,2,17,13,32,0,6,24,22,52,30,100,130,182
07/17/2020,VCT,TX,ASW,CE,Federal Contract Tower,0,10,12,6,28,0,0,5,0,5,0,10,17,6,33,8,6,14,47
07/18/2020,VCT,TX,ASW,CE,Federal Contract Tower,0,0,0,2,2,0,0,16,2,18,0,0,16,4,20,8,54,62,82
07/19/2020,VCT,TX,ASW,CE,Federal Contract Tower,0,6,3,2,11,0,0,22,0,22,0,6,25,2,33,16,2,18,51
07/20/2020,VCT,TX,ASW,CE,Federal Contract Tower,0,7,2,1,10,0,2,4,1,7,0,9,6,2,17,10,0,10,27
07/21/2020,VCT,TX,ASW,CE,Federal Contract Tower,0,10,7,6,23,0,2,5,0,7,0,12,12,6,30,12,4,16,46
07/22/2020,VCT,TX,ASW,CE,Federal Contract Tower,0,10,4,0,14,0,0,6,6,12,0,10,10,6,26,2,24,26,52
07/23/2020,VCT,TX,ASW,CE,Federal Contract Tower,0,8,4,6,18,0,5,22,3,30,0,13,26,9,48,6,26,32,80
07/24/2020,VCT,TX,ASW,CE,Federal Contract Tower,0,7,8,6,21,0,1,8,0,9,0,8,16,6,30,0,8,8,38
07/25/2020,VCT,TX,ASW,CE,Federal Contract Tower,0,0,0,0,0,0,0,0,0,0,0,0,0,0,0,0,0,0,0
07/26/2020,VCT,TX,ASW,CE,Federal Contract Tower,0,4,0,0,4,0,2,0,0,2,0,6,0,0,6,0,0,0,6
07/27/2020,VCT,TX,ASW,CE,Federal Contract Tower,0,3,2,0,5,0,0,11,0,11,0,3,13,0,16,0,0,0,16
07/28/2020,VCT,TX,ASW,CE,Federal Contract Tower,0,10,2,16,28,0,1,3,0,4,0,11,5,16,32,14,16,30,62
07/29/2020,VCT,TX,ASW,CE,Federal Contract Tower,0,8,0,0,8,0,2,9,2,13,0,10,9,2,21,0,18,18,39
07/30/2020,VCT,TX,ASW,CE,Federal Contract Tower,0,8,2,2,12,0,0,27,5,32,0,8,29,7,44,36,12,48,92
07/31/2020,VCT,TX,ASW,CE,Federal Contract Tower,0,7,5,0,12,0,0,23,0,23,0,7,28,0,35,6,0,6,41
08/01/2020,VCT,TX,ASW,CE,Federal Contract Tower,0,0,0,0,0,0,0,7,0,7,0,0,7,0,7,0,0,0,7
08/02/2020,VCT,TX,ASW,CE,Federal Contract Tower,0,6,5,6,17,0,1,15,0,16,0,7,20,6,33,16,4,20,53
08/03/2020,VCT,TX,ASW,CE,Federal Contract Tower,0,6,3,14,23,0,0,25,3,28,0,6,28,17,51,2,66,68,119
08/04/2020,VCT,TX,ASW,CE,Federal Contract Tower,0,9,4,4,17,0,7,17,9,33,0,16,21,13,50,4,36,40,90
08/05/2020,VCT,TX,ASW,CE,Federal Contract Tower,0,8,5,0,13,0,0,23,6,29,0,8,28,6,42,14,6,20,62
08/06/2020,VCT,TX,ASW,CE,Federal Contract Tower,0,8,1,4,13,0,3,31,4,38,0,11,32,8,51,30,20,50,101
08/07/2020,VCT,TX,ASW,CE,Federal Contract Tower,0,7,2,10,19,0,1,9,8,18,0,8,11,18,37,14,44,58,95
08/08/2020,VCT,TX,ASW,CE,Federal Contract Tower,0,0,1,5,6,0,0,9,4,13,0,0,10,9,19,2,52,54,73
08/09/2020,VCT,TX,ASW,CE,Federal Contract Tower,0,8,2,2,12,0,1,9,0,10,0,9,11,2,22,0,2,2,24
08/10/2020,VCT,TX,ASW,CE,Federal Contract Tower,0,9,1,5,15,0,2,13,1,16,0,11,14,6,31,4,14,18,49
08/11/2020,VCT,TX,ASW,CE,Federal Contract Tower,0,12,3,2,17,0,3,4,5,12,0,15,7,7,29,0,20,20,49
08/12/2020,VCT,TX,ASW,CE,Federal Contract Tower,0,6,2,4,12,0,0,15,9,24,0,6,17,13,36,14,62,76,112
08/13/2020,VCT,TX,ASW,CE,Federal Contract Tower,0,8,4,0,12,0,0,24,9,33,0,8,28,9,45,8,66,74,119
08/14/2020,VCT,TX,ASW,CE,Federal Contract Tower,0,3,4,3,10,0,2,20,3,25,0,5,24,6,35,20,22,42,77
08/15/2020,VCT,TX,ASW,CE,Federal Contract Tower,0,0,0,0,0,0,0,19,0,19,0,0,19,0,19,10,0,10,29
08/16/2020,VCT,TX,ASW,CE,Federal Contract Tower,0,6,2,4,12,0,0,15,4,19,0,6,17,8,31,16,4,20,51
08/17/2020,VCT,TX,ASW,CE,Federal Contract Tower,0,7,7,10,24,0,3,5,2,10,0,10,12,12,34,36,26,62,96
08/18/2020,VCT,TX,ASW,CE,Federal Contract Tower,0,11,3,2,16,0,1,19,4,24,0,12,22,6,40,16,12,28,68
08/19/2020,VCT,TX,ASW,CE,Federal Contract Tower,0,8,3,12,23,0,0,18,2,20,0,8,21,14,43,8,14,22,65
08/20/2020,VCT,TX,ASW,CE,Federal Contract Tower,0,8,6,6,20,0,0,13,8,21,0,8,19,14,41,2,36,38,79
08/21/2020,VCT,TX,ASW,CE,Federal Contract Tower,0,3,8,0,11,0,0,10,2,12,0,3,18,2,23,2,14,16,39
08/22/2020,VCT,TX,ASW,CE,Federal Contract Tower,0,0,3,0,3,0,0,10,0,10,0,0,13,0,13,0,0,0,13
08/23/2020,VCT,TX,ASW,CE,Federal Contract Tower,0,6,0,6,12,0,0,9,0,9,0,6,9,6,21,30,4,34,55
08/24/2020,VCT,TX,ASW,CE,Federal Contract Tower,0,8,2,0,10,0,4,8,0,12,0,12,10,0,22,0,0,0,22
08/25/2020,VCT,TX,ASW,CE,Federal Contract Tower,0,8,3,10,21,0,0,36,11,47,0,8,39,21,68,18,98,116,184
08/26/2020,VCT,TX,ASW,CE,Federal Contract Tower,0,8,2,1,11,0,0,8,1,9,0,8,10,2,20,6,0,6,26
08/27/2020,VCT,TX,ASW,CE,Federal Contract Tower,0,4,1,0,5,0,0,31,3,34,0,4,32,3,39,10,2,12,51
08/28/2020,VCT,TX,ASW,CE,Federal Contract Tower,0,4,4,6,14,0,0,24,6,30,0,4,28,12,44,12,18,30,74
08/29/2020,VCT,TX,ASW,CE,Federal Contract Tower,0,1,0,0,1,0,23,0,0,23,0,24,0,0,24,2,0,2,26
08/30/2020,VCT,TX,ASW,CE,Federal Contract Tower,0,6,2,2,10,0,0,12,2,14,0,6,14,4,24,12,2,14,38
08/31/2020,VCT,TX,ASW,CE,Federal Contract Tower,0,7,5,6,18,0,0,8,3,11,0,7,13,9,29,0,10,10,39
09/01/2020,VCT,TX,ASW,CE,Federal Contract Tower,0,9,5,0,14,0,0,22,4,26,0,9,27,4,40,0,2,2,42
09/02/2020,VCT,TX,ASW,CE,Federal Contract Tower,0,8,6,1,15,0,0,10,6,16,0,8,16,7,31,2,18,20,51
09/03/2020,VCT,TX,ASW,CE,Federal Contract Tower,0,5,3,4,12,0,0,18,2,20,0,5,21,6,32,16,2,18,50
09/04/2020,VCT,TX,ASW,CE,Federal Contract Tower,0,9,3,1,13,0,0,11,0,11,0,9,14,1,24,14,0,14,38
09/05/2020,VCT,TX,ASW,CE,Federal Contract Tower,0,8,1,7,16,0,9,1,0,10,0,17,2,7,26,0,4,4,30
09/06/2020,VCT,TX,ASW,CE,Federal Contract Tower,0,5,2,0,7,0,0,7,0,7,0,5,9,0,14,2,0,2,16
09/07/2020,VCT,TX,ASW,CE,Federal Contract Tower,0,6,3,0,9,0,0,10,1,11,0,6,13,1,20,14,0,14,34
09/08/2020,VCT,TX,ASW,CE,Federal Contract Tower,0,7,0,2,9,0,0,4,0,4,0,7,4,2,13,0,2,2,15
09/09/2020,VCT,TX,ASW,CE,Federal Contract Tower,0,8,5,2,15,0,0,2,2,4,0,8,7,4,19,0,4,4,23
09/10/2020,VCT,TX,ASW,CE,Federal Contract Tower,0,8,7,5,20,0,0,5,1,6,0,8,12,6,26,0,12,12,38
09/11/2020,VCT,TX,ASW,CE,Federal Contract Tower,0,7,9,12,28,0,1,22,6,29,0,8,31,18,57,0,16,16,73
09/12/2020,VCT,TX,ASW,CE,Federal Contract Tower,0,6,3,2,11,0,0,25,0,25,0,6,28,2,36,10,2,12,48
09/13/2020,VCT,TX,ASW,CE,Federal Contract Tower,0,6,2,0,8,0,0,2,0,2,0,6,4,0,10,2,0,2,12
09/14/2020,VCT,TX,ASW,CE,Federal Contract Tower,0,8,0,16,24,0,3,11,3,17,0,11,11,19,41,0,18,18,59
09/15/2020,VCT,TX,ASW,CE,Federal Contract Tower,0,8,2,17,27,0,1,12,8,21,0,9,14,25,48,0,50,50,98
09/16/2020,VCT,TX,ASW,CE,Federal Contract Tower,0,8,0,0,8,0,0,10,6,16,0,8,10,6,24,6,4,10,34
09/17/2020,VCT,TX,ASW,CE,Federal Contract Tower,0,8,0,14,22,0,0,12,0,12,0,8,12,14,34,4,10,14,48
09/18/2020,VCT,TX,ASW,CE,Federal Contract Tower,0,11,7,15,33,0,0,14,1,15,0,11,21,16,48,48,10,58,106
09/19/2020,VCT,TX,ASW,CE,Federal Contract Tower,0,6,1,0,7,0,0,29,0,29,0,6,30,0,36,26,0,26,62
09/20/2020,VCT,TX,ASW,CE,Federal Contract Tower,0,14,7,0,21,0,1,14,0,15,0,15,21,0,36,28,0,28,64
09/21/2020,VCT,TX,ASW,CE,Federal Contract Tower,0,6,1,0,7,0,0,0,0,0,0,6,1,0,7,0,0,0,7
09/22/2020,VCT,TX,ASW,CE,Federal Contract Tower,0,6,0,0,6,0,0,0,0,0,0,6,0,0,6,2,0,2,8
09/23/2020,VCT,TX,ASW,CE,Federal Contract Tower,0,6,9,10,25,0,1,22,2,25,0,7,31,12,50,2,2,4,54
09/24/2020,VCT,TX,ASW,CE,Federal Contract Tower,0,11,9,7,27,0,0,16,7,23,0,11,25,14,50,20,44,64,114
09/25/2020,VCT,TX,ASW,CE,Federal Contract Tower,0,8,4,10,22,0,0,23,2,25,0,8,27,12,47,22,16,38,85
09/26/2020,VCT,TX,ASW,CE,Federal Contract Tower,0,7,0,6,13,0,0,11,0,11,0,7,11,6,24,12,4,16,40
09/27/2020,VCT,TX,ASW,CE,Federal Contract Tower,0,6,4,2,12,0,0,10,0,10,0,6,14,2,22,10,2,12,34
09/28/2020,VCT,TX,ASW,CE,Federal Contract Tower,0,7,4,2,13,0,0,6,10,16,0,7,10,12,29,0,10,10,39
09/29/2020,VCT,TX,ASW,CE,Federal Contract Tower,0,8,0,6,14,0,0,25,7,32,0,8,25,13,46,2,12,14,60
09/30/2020,VCT,TX,ASW,CE,Federal Contract Tower,0,7,6,6,19,0,0,31,6,37,0,7,37,12,56,22,6,28,84
10/01/2020,VCT,TX,ASW,CE,Federal Contract Tower,0,10,6,17,33,0,0,26,11,37,0,10,32,28,70,12,110,122,192
10/02/2020,VCT,TX,ASW,CE,Federal Contract Tower,0,12,14,28,54,0,0,13,8,21,0,12,27,36,75,6,76,82,157
10/03/2020,VCT,TX,ASW,CE,Federal Contract Tower,0,6,7,8,21,0,2,26,2,30,0,8,33,10,51,8,8,16,67
10/04/2020,VCT,TX,ASW,CE,Federal Contract Tower,0,6,4,4,14,0,1,28,2,31,0,7,32,6,45,8,48,56,101
10/05/2020,VCT,TX,ASW,CE,Federal Contract Tower,0,11,8,20,39,0,2,9,11,22,0,13,17,31,61,0,134,134,195
10/06/2020,VCT,TX,ASW,CE,Federal Contract Tower,0,13,5,30,48,0,0,12,16,28,0,13,17,46,76,0,366,366,442
10/07/2020,VCT,TX,ASW,CE,Federal Contract Tower,0,11,3,34,48,0,0,28,11,39,0,11,31,45,87,0,186,186,273
10/08/2020,VCT,TX,ASW,CE,Federal Contract Tower,0,9,14,23,46,0,0,19,6,25,0,9,33,29,71,2,258,260,331
10/09/2020,VCT,TX,ASW,CE,Federal Contract Tower,0,6,9,26,41,0,0,6,1,7,0,6,15,27,48,0,80,80,128
10/10/2020,VCT,TX,ASW,CE,Federal Contract Tower,0,4,4,4,12,0,1,30,2,33,0,5,34,6,45,18,2,20,65
10/11/2020,VCT,TX,ASW,CE,Federal Contract Tower,0,6,3,11,20,0,0,21,2,23,0,6,24,13,43,16,16,32,75
10/12/2020,VCT,TX,ASW,CE,Federal Contract Tower,0,6,3,10,19,0,2,10,5,17,0,8,13,15,36,0,42,42,78
10/13/2020,VCT,TX,ASW,CE,Federal Contract Tower,0,9,12,34,55,0,1,43,17,61,0,10,55,51,116,26,130,156,272
10/14/2020,VCT,TX,ASW,CE,Federal Contract Tower,0,6,6,25,37,0,2,22,14,38,0,8,28,39,75,4,136,140,215
10/15/2020,VCT,TX,ASW,CE,Federal Contract Tower,0,3,4,39,46,0,0,16,15,31,0,3,20,54,77,2,240,242,319
10/16/2020,VCT,TX,ASW,CE,Federal Contract Tower,0,7,10,25,42,0,0,2,0,2,0,7,12,25,44,0,18,18,62
10/17/2020,VCT,TX,ASW,CE,Federal Contract Tower,0,10,4,15,29,0,0,6,0,6,0,10,10,15,35,0,10,10,45
10/18/2020,VCT,TX,ASW,CE,Federal Contract Tower,0,8,10,9,27,0,0,20,4,24,0,8,30,13,51,8,62,70,121
10/19/2020,VCT,TX,ASW,CE,Federal Contract Tower,0,6,6,38,50,0,0,1,9,10,0,6,7,47,60,2,146,148,208
10/20/2020,VCT,TX,ASW,CE,Federal Contract Tower,0,10,13,26,49,0,1,22,17,40,0,11,35,43,89,14,176,190,279
10/21/2020,VCT,TX,ASW,CE,Federal Contract Tower,0,9,4,21,34,0,0,8,9,17,0,9,12,30,51,6,94,100,151
10/22/2020,VCT,TX,ASW,CE,Federal Contract Tower,0,11,6,46,63,0,0,3,4,7,0,11,9,50,70,2,72,74,144
10/23/2020,VCT,TX,ASW,CE,Federal Contract Tower,0,8,12,34,54,0,1,11,7,19,0,9,23,41,73,2,64,66,139
10/24/2020,VCT,TX,ASW,CE,Federal Contract Tower,0,5,3,3,11,0,0,18,3,21,0,5,21,6,32,6,20,26,58
10/25/2020,VCT,TX,ASW,CE,Federal Contract Tower,0,7,6,6,19,0,0,1,0,1,0,7,7,6,20,2,6,8,28
10/26/2020,VCT,TX,ASW,CE,Federal Contract Tower,0,8,6,11,25,0,0,2,1,3,0,8,8,12,28,20,32,52,80
10/27/2020,VCT,TX,ASW,CE,Federal Contract Tower,0,12,3,4,19,0,0,2,0,2,0,12,5,4,21,2,4,6,27
10/28/2020,VCT,TX,ASW,CE,Federal Contract Tower,0,8,3,28,39,0,0,4,5,9,0,8,7,33,48,2,102,104,152
10/29/2020,VCT,TX,ASW,CE,Federal Contract Tower,0,8,4,26,38,0,2,18,17,37,0,10,22,43,75,16,116,132,207
10/30/2020,VCT,TX,ASW,CE,Federal Contract Tower,0,9,5,24,38,0,0,30,10,40,0,9,35,34,78,10,142,152,230
10/31/2020,VCT,TX,ASW,CE,Federal Contract Tower,0,7,2,12,21,0,0,21,2,23,0,7,23,14,44,4,14,18,62
11/01/2020,VCT,TX,ASW,CE,Federal Contract Tower,0,6,3,8,17,0,0,12,4,16,0,6,15,12,33,8,40,48,81
11/02/2020,VCT,TX,ASW,CE,Federal Contract Tower,0,7,2,35,44,0,0,20,11,31,0,7,22,46,75,12,238,250,325
11/03/2020,VCT,TX,ASW,CE,Federal Contract Tower,0,8,8,42,58,0,0,28,18,46,0,8,36,60,104,10,142,152,256
11/04/2020,VCT,TX,ASW,CE,Federal Contract Tower,0,8,5,32,45,0,2,15,24,41,0,10,20,56,86,4,238,242,328
11/05/2020,VCT,TX,ASW,CE,Federal Contract Tower,0,13,4,48,65,0,2,24,25,51,0,15,28,73,116,18,168,186,302
11/06/2020,VCT,TX,ASW,CE,Federal Contract Tower,0,12,10,22,44,0,0,13,15,28,0,12,23,37,72,8,122,130,202
11/07/2020,VCT,TX,ASW,CE,Federal Contract Tower,0,8,6,12,26,0,0,28,3,31,0,8,34,15,57,10,28,38,95
11/08/2020,VCT,TX,ASW,CE,Federal Contract Tower,0,5,3,18,26,0,1,11,5,17,0,6,14,23,43,10,34,44,87
11/09/2020,VCT,TX,ASW,CE,Federal Contract Tower,0,5,16,19,40,0,1,9,6,16,0,6,25,25,56,6,98,104,160
11/10/2020,VCT,TX,ASW,CE,Federal Contract Tower,0,9,10,39,58,0,2,8,21,31,0,11,18,60,89,18,190,208,297
11/11/2020,VCT,TX,ASW,CE,Federal Contract Tower,0,6,4,18,28,0,1,18,5,24,0,7,22,23,52,10,18,28,80
11/12/2020,VCT,TX,ASW,CE,Federal Contract Tower,0,6,13,17,36,0,0,13,13,26,0,6,26,30,62,14,96,110,172
11/13/2020,VCT,TX,ASW,CE,Federal Contract Tower,0,8,5,35,48,0,1,4,9,14,0,9,9,44,62,0,90,90,152
11/14/2020,VCT,TX,ASW,CE,Federal Contract Tower,0,4,0,45,49,0,0,2,6,8,0,4,2,51,57,0,102,102,159
11/15/2020,VCT,TX,ASW,CE,Federal Contract Tower,0,4,1,6,11,0,0,1,0,1,0,4,2,6,12,0,6,6,18
11/16/2020,VCT,TX,ASW,CE,Federal Contract Tower,0,7,5,8,20,0,0,13,13,26,0,7,18,21,46,4,168,172,218
11/17/2020,VCT,TX,ASW,CE,Federal Contract Tower,0,4,9,13,26,0,0,14,16,30,0,4,23,29,56,20,204,224,280
11/18/2020,VCT,TX,ASW,CE,Federal Contract Tower,0,6,1,15,22,0,0,21,19,40,0,6,22,34,62,2,168,170,232
11/19/2020,VCT,TX,ASW,CE,Federal Contract Tower,0,6,9,34,49,0,0,30,15,45,0,6,39,49,94,34,136,170,264
11/20/2020,VCT,TX,ASW,CE,Federal Contract Tower,0,8,11,23,42,0,0,10,6,16,0,8,21,29,58,10,84,94,152
11/21/2020,VCT,TX,ASW,CE,Federal Contract Tower,0,3,4,29,36,0,0,15,11,26,0,3,19,40,62,0,146,146,208
11/22/2020,VCT,TX,ASW,CE,Federal Contract Tower,0,6,6,2,14,0,0,8,0,8,0,6,14,2,22,8,2,10,32
11/23/2020,VCT,TX,ASW,CE,Federal Contract Tower,0,5,5,41,51,0,0,11,7,18,0,5,16,48,69,6,154,160,229
11/24/2020,VCT,TX,ASW,CE,Federal Contract Tower,0,6,4,37,47,0,0,1,10,11,0,6,5,47,58,2,130,132,190
11/25/2020,VCT,TX,ASW,CE,Federal Contract Tower,0,6,7,12,25,0,0,9,8,17,0,6,16,20,42,2,166,168,210
11/26/2020,VCT,TX,ASW,CE,Federal Contract Tower,0,2,3,0,5,0,0,3,0,3,0,2,6,0,8,2,0,2,10
11/27/2020,VCT,TX,ASW,CE,Federal Contract Tower,0,4,4,0,8,0,0,7,0,7,0,4,11,0,15,0,0,0,15
11/28/2020,VCT,TX,ASW,CE,Federal Contract Tower,0,4,3,0,7,0,0,2,0,2,0,4,5,0,9,0,0,0,9
11/29/2020,VCT,TX,ASW,CE,Federal Contract Tower,0,4,1,2,7,0,0,5,2,7,0,4,6,4,14,4,40,44,58
11/30/2020,VCT,TX,ASW,CE,Federal Contract Tower,0,5,7,22,34,0,0,23,14,37,0,5,30,36,71,6,150,156,227
12/01/2020,VCT,TX,ASW,CE,Federal Contract Tower,0,4,5,53,62,0,0,15,15,30,0,4,20,68,92,22,106,128,220
12/02/2020,VCT,TX,ASW,CE,Federal Contract Tower,0,6,16,24,46,0,0,8,5,13,0,6,24,29,59,6,142,148,207
12/03/2020,VCT,TX,ASW,CE,Federal Contract Tower,0,7,3,44,54,0,0,12,6,18,0,7,15,50,72,4,82,86,158
12/04/2020,VCT,TX,ASW,CE,Federal Contract Tower,0,9,7,24,40,0,0,19,8,27,0,9,26,32,67,26,102,128,195
12/05/2020,VCT,TX,ASW,CE,Federal Contract Tower,0,4,4,7,15,0,0,8,2,10,0,4,12,9,25,4,18,22,47
12/06/2020,VCT,TX,ASW,CE,Federal Contract Tower,0,5,2,10,17,0,0,22,3,25,0,5,24,13,42,0,40,40,82
12/07/2020,VCT,TX,ASW,CE,Federal Contract Tower,0,5,4,32,41,0,0,18,8,26,0,5,22,40,67,6,154,160,227
12/08/2020,VCT,TX,ASW,CE,Federal Contract Tower,0,6,8,28,42,0,0,8,17,25,0,6,16,45,67,2,92,94,161
12/09/2020,VCT,TX,ASW,CE,Federal Contract Tower,0,6,2,45,53,0,0,7,9,16,0,6,9,54,69,2,126,128,197
12/10/2020,VCT,TX,ASW,CE,Federal Contract Tower,0,6,4,40,50,0,0,17,31,48,0,6,21,71,98,20,192,212,310
12/11/2020,VCT,TX,ASW,CE,Federal Contract Tower,0,7,5,25,37,0,0,7,2,9,0,7,12,27,46,0,46,46,92
12/12/2020,VCT,TX,ASW,CE,Federal Contract Tower,0,3,7,6,16,0,0,4,0,4,0,3,11,6,20,2,6,8,28
12/13/2020,VCT,TX,ASW,CE,Federal Contract Tower,0,6,5,0,11,0,0,1,0,1,0,6,6,0,12,0,0,0,12
12/14/2020,VCT,TX,ASW,CE,Federal Contract Tower,0,6,3,22,31,0,0,11,4,15,0,6,14,26,46,12,56,68,114
12/15/2020,VCT,TX,ASW,CE,Federal Contract Tower,0,6,18,61,85,0,0,13,20,33,0,6,31,81,118,10,196,206,324
12/16/2020,VCT,TX,ASW,CE,Federal Contract Tower,0,6,7,25,38,0,0,16,26,42,0,6,23,51,80,0,196,196,276
12/17/2020,VCT,TX,ASW,CE,Federal Contract Tower,0,6,12,24,42,0,0,22,11,33,0,6,34,35,75,14,66,80,155
12/18/2020,VCT,TX,ASW,CE,Federal Contract Tower,0,8,10,2,20,0,0,6,7,13,0,8,16,9,33,0,62,62,95
12/19/2020,VCT,TX,ASW,CE,Federal Contract Tower,0,4,1,0,5,0,0,0,0,0,0,4,1,0,5,0,0,0,5
12/20/2020,VCT,TX,ASW,CE,Federal Contract Tower,0,4,3,6,13,0,0,26,4,30,0,4,29,10,43,12,26,38,81
12/21/2020,VCT,TX,ASW,CE,Federal Contract Tower,0,8,4,16,28,0,0,15,0,15,0,8,19,16,43,4,52,56,99
12/22/2020,VCT,TX,ASW,CE,Federal Contract Tower,0,6,3,8,17,0,0,26,14,40,0,6,29,22,57,18,48,66,123
12/23/2020,VCT,TX,ASW,CE,Federal Contract Tower,0,8,1,6,15,0,1,3,4,8,0,9,4,10,23,0,12,12,35
12/24/2020,VCT,TX,ASW,CE,Federal Contract Tower,0,4,1,0,5,0,0,5,0,5,0,4,6,0,10,0,0,0,10
12/25/2020,VCT,TX,ASW,CE,Federal Contract Tower,0,2,0,0,2,0,0,7,0,7,0,2,7,0,9,14,0,14,23
12/26/2020,VCT,TX,ASW,CE,Federal Contract Tower,0,5,3,0,8,0,0,16,0,16,0,5,19,0,24,2,0,2,26
12/27/2020,VCT,TX,ASW,CE,Federal Contract Tower,0,4,0,0,4,0,0,9,0,9,0,4,9,0,13,0,0,0,13
12/28/2020,VCT,TX,ASW,CE,Federal Contract Tower,0,7,5,10,22,0,3,9,2,14,0,10,14,12,36,4,20,24,60
12/29/2020,VCT,TX,ASW,CE,Federal Contract Tower,0,6,2,6,14,0,0,10,4,14,0,6,12,10,28,0,14,14,42
12/30/2020,VCT,TX,ASW,CE,Federal Contract Tower,0,7,9,6,22,0,2,3,0,5,0,9,12,6,27,6,4,10,37
12/31/2020,VCT,TX,ASW,CE,Federal Contract Tower,0,2,1,0,3,0,0,1,0,1,0,2,2,0,4,0,0,0,4
01/01/2021,VCT,TX,ASW,CE,Federal Contract Tower,0,2,3,0,5,0,0,6,0,6,0,2,9,0,11,0,0,0,11
01/02/2021,VCT,TX,ASW,CE,Federal Contract Tower,0,5,7,0,12,0,0,17,0,17,0,5,24,0,29,20,0,20,49
01/03/2021,VCT,TX,ASW,CE,Federal Contract Tower,0,7,5,0,12,0,0,30,0,30,0,7,35,0,42,2,0,2,44
01/04/2021,VCT,TX,ASW,CE,Federal Contract Tower,0,8,7,9,24,0,3,19,3,25,0,11,26,12,49,2,48,50,99
01/05/2021,VCT,TX,ASW,CE,Federal Contract Tower,0,4,2,11,17,0,0,4,4,8,0,4,6,15,25,0,34,34,59
01/06/2021,VCT,TX,ASW,CE,Federal Contract Tower,0,6,2,8,16,0,0,8,6,14,0,6,10,14,30,0,26,26,56
01/07/2021,VCT,TX,ASW,CE,Federal Contract Tower,0,5,7,23,35,0,1,14,15,30,0,6,21,38,65,4,84,88,153
01/08/2021,VCT,TX,ASW,CE,Federal Contract Tower,0,5,7,19,31,0,1,13,12,26,0,6,20,31,57,0,142,142,199
01/09/2021,VCT,TX,ASW,CE,Federal Contract Tower,0,2,3,16,21,0,1,16,2,19,0,3,19,18,40,0,44,44,84
01/10/2021,VCT,TX,ASW,CE,Federal Contract Tower,0,4,4,0,8,0,0,0,0,0,0,4,4,0,8,0,0,0,8
01/11/2021,VCT,TX,ASW,CE,Federal Contract Tower,0,5,2,41,48,0,0,10,10,20,0,5,12,51,68,0,178,178,246
01/12/2021,VCT,TX,ASW,CE,Federal Contract Tower,0,4,3,109,116,0,0,19,18,37,0,4,22,127,153,0,264,264,417
01/13/2021,VCT,TX,ASW,CE,Federal Contract Tower,0,6,3,42,51,0,0,14,21,35,0,6,17,63,86,6,240,246,332
01/14/2021,VCT,TX,ASW,CE,Federal Contract Tower,0,8,8,4,20,0,0,20,23,43,0,8,28,27,63,12,214,226,289
01/15/2021,VCT,TX,ASW,CE,Federal Contract Tower,0,8,5,7,20,0,0,22,21,43,0,8,27,28,63,4,248,252,315
01/16/2021,VCT,TX,ASW,CE,Federal Contract Tower,0,4,9,2,15,0,0,13,2,15,0,4,22,4,30,8,30,38,68
01/17/2021,VCT,TX,ASW,CE,Federal Contract Tower,0,4,2,4,10,0,0,14,0,14,0,4,16,4,24,18,4,22,46
01/18/2021,VCT,TX,ASW,CE,Federal Contract Tower,0,5,15,3,23,0,0,21,4,25,0,5,36,7,48,6,12,18,66
01/19/2021,VCT,TX,ASW,CE,Federal Contract Tower,0,13,5,57,75,0,0,0,12,12,0,13,5,69,87,14,150,164,251
01/20/2021,VCT,TX,ASW,CE,Federal Contract Tower,0,7,1,63,71,0,0,0,0,0,0,7,1,63,71,0,52,52,123
01/21/2021,VCT,TX,ASW,CE,Federal Contract Tower,0,6,12,23,41,0,0,0,0,0,0,6,12,23,41,0,22,22,63
01/22/2021,VCT,TX,ASW,CE,Federal Contract Tower,0,7,13,43,63,0,1,10,9,20,0,8,23,52,83,2,112,114,197
01/23/2021,VCT,TX,ASW,CE,Federal Contract Tower,0,6,4,11,21,0,0,0,0,0,0,6,4,11,21,0,6,6,27
01/24/2021,VCT,TX,ASW,CE,Federal Contract Tower,0,3,4,7,14,0,0,0,0,0,0,3,4,7,14,0,8,8,22
01/25/2021,VCT,TX,ASW,CE,Federal Contract Tower,0,8,11,49,68,0,3,4,22,29,0,11,15,71,97,18,298,316,413
01/26/2021,VCT,TX,ASW,CE,Federal Contract Tower,0,4,14,19,37,0,0,24,26,50,0,4,38,45,87,62,218,280,367
01/27/2021,VCT,TX,ASW,CE,Federal Contract Tower,0,7,11,44,62,0,1,20,19,40,0,8,31,63,102,52,254,306,408
01/28/2021,VCT,TX,ASW,CE,Federal Contract Tower,0,7,7,46,60,0,0,20,15,35,0,7,27,61,95,4,226,230,325
01/29/2021,VCT,TX,ASW,CE,Federal Contract Tower,0,6,8,4,18,0,0,17,12,29,0,6,25,16,47,0,84,84,131
01/30/2021,VCT,TX,ASW,CE,Federal Contract Tower,0,3,4,1,8,0,3,7,6,16,0,6,11,7,24,2,86,88,112
01/31/2021,VCT,TX,ASW,CE,Federal Contract Tower,0,5,3,8,16,0,4,15,0,19,0,9,18,8,35,0,6,6,41
02/01/2021,VCT,TX,ASW,CE,Federal Contract Tower,0,5,5,24,34,0,0,13,25,38,0,5,18,49,72,10,210,220,292
02/02/2021,VCT,TX,ASW,CE,Federal Contract Tower,0,4,8,27,39,0,0,35,19,54,0,4,43,46,93,10,132,142,235
02/03/2021,VCT,TX,ASW,CE,Federal Contract Tower,0,6,3,38,47,0,0,6,28,34,0,6,9,66,81,2,288,290,371
02/04/2021,VCT,TX,ASW,CE,Federal Contract Tower,0,6,5,50,61,0,0,10,22,32,0,6,15,72,93,48,248,296,389
02/05/2021,VCT,TX,ASW,CE,Federal Contract Tower,0,6,11,51,68,0,3,0,9,12,0,9,11,60,80,0,130,130,210
02/06/2021,VCT,TX,ASW,CE,Federal Contract Tower,0,3,17,8,28,0,4,14,0,18,0,7,31,8,46,16,8,24,70
02/07/2021,VCT,TX,ASW,CE,Federal Contract Tower,0,4,7,3,14,0,1,16,0,17,0,5,23,3,31,8,2,10,41
02/08/2021,VCT,TX,ASW,CE,Federal Contract Tower,0,5,0,2,7,0,0,7,4,11,0,5,7,6,18,4,18,22,40
02/09/2021,VCT,TX,ASW,CE,Federal Contract Tower,0,4,13,17,34,0,0,6,1,7,0,4,19,18,41,6,28,34,75
02/10/2021,VCT,TX,ASW,CE,Federal Contract Tower,0,6,7,14,27,0,0,0,0,0,0,6,7,14,27,0,14,14,41
02/11/2021,VCT,TX,ASW,CE,Federal Contract Tower,0,7,2,0,9,0,0,0,0,0,0,7,2,0,9,2,0,2,11
02/12/2021,VCT,TX,ASW,CE,Federal Contract Tower,0,6,2,10,18,0,0,0,0,0,0,6,2,10,18,0,44,44,62
02/13/2021,VCT,TX,ASW,CE,Federal Contract Tower,0,3,2,0,5,0,0,0,0,0,0,3,2,0,5,2,0,2,7
02/14/2021,VCT,TX,ASW,CE,Federal Contract Tower,0,1,0,0,1,0,0,0,0,0,0,1,0,0,1,0,0,0,1
02/15/2021,VCT,TX,ASW,CE,Federal Contract Tower,0,0,0,0,0,0,0,5,0,5,0,0,5,0,5,0,0,0,5
02/16/2021,VCT,TX,ASW,CE,Federal Contract Tower,0,0,1,0,1,0,0,1,0,1,0,0,2,0,2,0,0,0,2
02/18/2021,VCT,TX,ASW,CE,Federal Contract Tower,0,1,6,0,7,0,0,0,0,0,0,1,6,0,7,0,0,0,7
02/19/2021,VCT,TX,ASW,CE,Federal Contract Tower,0,5,1,0,6,0,2,7,0,9,0,7,8,0,15,0,0,0,15
02/20/2021,VCT,TX,ASW,CE,Federal Contract Tower,0,3,0,10,13,0,2,16,10,28,0,5,16,20,41,18,94,112,153
02/21/2021,VCT,TX,ASW,CE,Federal Contract Tower,0,6,2,6,14,0,0,5,7,12,0,6,7,13,26,0,44,44,70
02/22/2021,VCT,TX,ASW,CE,Federal Contract Tower,0,7,8,31,46,0,1,17,19,37,0,8,25,50,83,8,294,302,385
02/23/2021,VCT,TX,ASW,CE,Federal Contract Tower,0,6,12,33,51,0,0,16,8,24,0,6,28,41,75,2,88,90,165
02/24/2021,VCT,TX,ASW,CE,Federal Contract Tower,0,8,11,8,27,0,0,3,0,3,0,8,14,8,30,0,16,16,46
02/25/2021,VCT,TX,ASW,CE,Federal Contract Tower,0,5,8,21,34,0,0,4,0,4,0,5,12,21,38,0,20,20,58
02/26/2021,VCT,TX,ASW,CE,Federal Contract Tower,0,6,13,9,28,0,2,0,1,3,0,8,13,10,31,2,16,18,49
02/28/2021,VCT,TX,ASW,CE,Federal Contract Tower,0,4,5,18,27,0,1,0,2,3,0,5,5,20,30,0,14,14,44
03/01/2021,VCT,TX,ASW,CE,Federal Contract Tower,0,5,12,4,21,0,0,0,0,0,0,5,12,4,21,2,2,4,25
03/02/2021,VCT,TX,ASW,CE,Federal Contract Tower,0,5,2,35,42,0,0,8,12,20,0,5,10,47,62,0,222,222,284
03/03/2021,VCT,TX,ASW,CE,Federal Contract Tower,0,6,2,22,30,0,0,16,15,31,0,6,18,37,61,18,88,106,167
03/04/2021,VCT,TX,ASW,CE,Federal Contract Tower,0,6,5,48,59,0,1,13,27,41,0,7,18,75,100,2,304,306,406
03/05/2021,VCT,TX,ASW,CE,Federal Contract Tower,0,6,6,30,42,0,0,14,12,26,0,6,20,42,68,0,148,148,216
03/06/2021,VCT,TX,ASW,CE,Federal Contract Tower,0,3,0,13,16,0,0,10,5,15,0,3,10,18,31,0,26,26,57
03/07/2021,VCT,TX,ASW,CE,Federal Contract Tower,0,4,5,9,18,0,0,19,7,26,0,4,24,16,44,18,70,88,132
03/08/2021,VCT,TX,ASW,CE,Federal Contract Tower,0,5,0,23,28,0,0,7,21,28,0,5,7,44,56,0,208,208,264
03/09/2021,VCT,TX,ASW,CE,Federal Contract Tower,0,9,2,84,95,0,3,7,28,38,0,12,9,112,133,2,278,280,413
03/10/2021,VCT,TX,ASW,CE,Federal Contract Tower,0,6,10,38,54,0,0,8,19,27,0,6,18,57,81,2,228,230,311
03/11/2021,VCT,TX,ASW,CE,Federal Contract Tower,0,6,15,43,64,0,0,6,10,16,0,6,21,53,80,8,96,104,184
03/12/2021,VCT,TX,ASW,CE,Federal Contract Tower,0,6,11,30,47,0,2,4,7,13,0,8,15,37,60,0,144,144,204
03/13/2021,VCT,TX,ASW,CE,Federal Contract Tower,0,3,11,6,20,0,0,0,5,5,0,3,11,11,25,4,80,84,109
03/14/2021,VCT,TX,ASW,CE,Federal Contract Tower,0,4,7,0,11,0,3,0,0,3,0,7,7,0,14,0,0,0,14
03/15/2021,VCT,TX,ASW,CE,Federal Contract Tower,0,7,12,11,30,0,0,2,1,3,0,7,14,12,33,2,22,24,57
03/16/2021,VCT,TX,ASW,CE,Federal Contract Tower,0,7,4,12,23,0,0,6,0,6,0,7,10,12,29,0,10,10,39
03/17/2021,VCT,TX,ASW,CE,Federal Contract Tower,0,6,4,18,28,0,0,13,17,30,0,6,17,35,58,0,202,202,260
03/18/2021,VCT,TX,ASW,CE,Federal Contract Tower,0,8,8,24,40,0,3,17,22,42,0,11,25,46,82,0,222,222,304
03/19/2021,VCT,TX,ASW,CE,Federal Contract Tower,0,6,3,25,34,0,0,25,19,44,0,6,28,44,78,4,226,230,308
03/20/2021,VCT,TX,ASW,CE,Federal Contract Tower,0,6,1,28,35,0,0,29,0,29,0,6,30,28,64,8,28,36,100
03/21/2021,VCT,TX,ASW,CE,Federal Contract Tower,0,3,5,17,25,0,0,21,4,25,0,3,26,21,50,10,16,26,76
03/22/2021,VCT,TX,ASW,CE,Federal Contract Tower,0,6,5,38,49,0,0,6,20,26,0,6,11,58,75,4,304,308,383
03/23/2021,VCT,TX,ASW,CE,Federal Contract Tower,0,4,6,26,36,0,0,25,29,54,0,4,31,55,90,36,272,308,398
03/24/2021,VCT,TX,ASW,CE,Federal Contract Tower,0,9,7,18,34,0,0,0,0,0,0,9,7,18,34,2,14,16,50
03/25/2021,VCT,TX,ASW,CE,Federal Contract Tower,0,6,6,11,23,0,0,10,24,34,0,6,16,35,57,4,218,222,279
03/26/2021,VCT,TX,ASW,CE,Federal Contract Tower,0,6,6,17,29,0,0,6,17,23,0,6,12,34,52,0,200,200,252
03/27/2021,VCT,TX,ASW,CE,Federal Contract Tower,0,3,1,17,21,0,0,2,5,7,0,3,3,22,28,0,70,70,98
03/28/2021,VCT,TX,ASW,CE,Federal Contract Tower,0,4,3,0,7,0,2,7,0,9,0,6,10,0,16,0,0,0,16
03/29/2021,VCT,TX,ASW,CE,Federal Contract Tower,0,5,1,12,18,0,10,13,4,27,0,15,14,16,45,44,54,98,143
03/30/2021,VCT,TX,ASW,CE,Federal Contract Tower,0,4,2,32,38,0,1,2,2,5,0,5,4,34,43,0,64,64,107
03/31/2021,VCT,TX,ASW,CE,Federal Contract Tower,0,8,8,6,22,0,10,0,2,12,0,18,8,8,34,0,10,10,44
04/01/2021,VCT,TX,ASW,CE,Federal Contract Tower,0,6,5,25,36,0,4,20,20,44,0,10,25,45,80,8,128,136,216
04/02/2021,VCT,TX,ASW,CE,Federal Contract Tower,0,7,9,13,29,0,0,35,19,54,0,7,44,32,83,26,192,218,301
04/03/2021,VCT,TX,ASW,CE,Federal Contract Tower,0,4,3,5,12,0,7,19,5,31,0,11,22,10,43,20,36,56,99
04/04/2021,VCT,TX,ASW,CE,Federal Contract Tower,0,4,3,0,7,0,6,5,2,13,0,10,8,2,20,2,16,18,38
04/05/2021,VCT,TX,ASW,CE,Federal Contract Tower,0,6,2,29,37,0,0,11,15,26,0,6,13,44,63,4,262,266,329
04/06/2021,VCT,TX,ASW,CE,Federal Contract Tower,0,6,7,19,32,0,5,2,10,17,0,11,9,29,49,0,138,138,187
04/07/2021,VCT,TX,ASW,CE,Federal Contract Tower,0,6,8,16,30,0,0,3,2,5,0,6,11,18,35,2,62,64,99
04/08/2021,VCT,TX,ASW,CE,Federal Contract Tower,0,6,9,15,30,0,4,13,12,29,0,10,22,27,59,24,102,126,185
04/09/2021,VCT,TX,ASW,CE,Federal Contract Tower,0,8,2,25,35,0,1,9,5,15,0,9,11,30,50,0,66,66,116
04/10/2021,VCT,TX,ASW,CE,Federal Contract Tower,0,3,2,11,16,0,3,14,2,19,0,6,16,13,35,26,10,36,71
04/11/2021,VCT,TX,ASW,CE,Federal Contract Tower,0,3,4,6,13,0,7,19,0,26,0,10,23,6,39,18,6,24,63
04/12/2021,VCT,TX,ASW,CE,Federal Contract Tower,0,7,4,8,19,0,5,5,2,12,0,12,9,10,31,0,6,6,37
04/13/2021,VCT,TX,ASW,CE,Federal Contract Tower,0,5,4,17,26,0,2,7,1,10,0,7,11,18,36,0,66,66,102
04/14/2021,VCT,TX,ASW,CE,Federal Contract Tower,0,8,4,10,22,0,3,2,0,5,0,11,6,10,27,0,10,10,37
04/15/2021,VCT,TX,ASW,CE,Federal Contract Tower,0,5,9,0,14,0,0,0,0,0,0,5,9,0,14,0,0,0,14
04/16/2021,VCT,TX,ASW,CE,Federal Contract Tower,0,5,8,0,13,0,0,0,0,0,0,5,8,0,13,0,0,0,13
04/17/2021,VCT,TX,ASW,CE,Federal Contract Tower,0,3,3,3,9,0,5,3,3,11,0,8,6,6,20,0,110,110,130
04/18/2021,VCT,TX,ASW,CE,Federal Contract Tower,0,4,4,2,10,0,0,8,0,8,0,4,12,2,18,2,2,4,22
04/19/2021,VCT,TX,ASW,CE,Federal Contract Tower,0,5,4,46,55,0,7,13,12,32,0,12,17,58,87,6,218,224,311
04/20/2021,VCT,TX,ASW,CE,Federal Contract Tower,0,7,2,19,28,0,0,25,11,36,0,7,27,30,64,6,206,212,276
04/21/2021,VCT,TX,ASW,CE,Federal Contract Tower,0,6,7,8,21,0,0,21,19,40,0,6,28,27,61,4,126,130,191
04/22/2021,VCT,TX,ASW,CE,Federal Contract Tower,0,6,10,14,30,0,0,6,20,26,0,6,16,34,56,8,200,208,264
04/23/2021,VCT,TX,ASW,CE,Federal Contract Tower,0,6,5,0,11,0,0,3,0,3,0,6,8,0,14,0,0,0,14
04/24/2021,VCT,TX,ASW,CE,Federal Contract Tower,0,3,7,4,14,0,0,14,0,14,0,3,21,4,28,4,4,8,36
04/25/2021,VCT,TX,ASW,CE,Federal Contract Tower,0,5,1,1,7,0,1,26,11,38,0,6,27,12,45,6,92,98,143
04/26/2021,VCT,TX,ASW,CE,Federal Contract Tower,0,7,5,32,44,0,0,20,9,29,0,7,25,41,73,14,190,204,277
04/27/2021,VCT,TX,ASW,CE,Federal Contract Tower,0,7,13,10,30,0,0,4,0,4,0,7,17,10,34,2,6,8,42
04/28/2021,VCT,TX,ASW,CE,Federal Contract Tower,0,6,11,30,47,0,0,7,7,14,0,6,18,37,61,2,138,140,201
04/29/2021,VCT,TX,ASW,CE,Federal Contract Tower,0,6,10,20,36,0,0,5,0,5,0,6,15,20,41,2,38,40,81
04/30/2021,VCT,TX,ASW,CE,Federal Contract Tower,0,5,5,0,10,0,1,1,0,2,0,6,6,0,12,0,0,0,12
05/01/2021,VCT,TX,ASW,CE,Federal Contract Tower,0,3,3,0,6,0,0,2,0,2,0,3,5,0,8,0,0,0,8
05/02/2021,VCT,TX,ASW,CE,Federal Contract Tower,0,6,12,0,18,0,0,4,9,13,0,6,16,9,31,6,30,36,67
05/03/2021,VCT,TX,ASW,CE,Federal Contract Tower,0,5,3,9,17,0,0,7,22,29,0,5,10,31,46,4,196,200,246
05/04/2021,VCT,TX,ASW,CE,Federal Contract Tower,0,4,4,29,37,0,2,2,10,14,0,6,6,39,51,2,84,86,137
05/05/2021,VCT,TX,ASW,CE,Federal Contract Tower,0,7,16,11,34,0,0,32,20,52,0,7,48,31,86,12,178,190,276
05/06/2021,VCT,TX,ASW,CE,Federal Contract Tower,0,8,13,11,32,0,0,19,27,46,0,8,32,38,78,7,274,281,359
05/07/2021,VCT,TX,ASW,CE,Federal Contract Tower,0,8,8,16,32,0,0,19,8,27,0,8,27,24,59,4,100,104,163
05/08/2021,VCT,TX,ASW,CE,Federal Contract Tower,0,4,2,5,11,0,0,17,7,24,0,4,19,12,35,16,62,78,113
05/09/2021,VCT,TX,ASW,CE,Federal Contract Tower,0,4,3,8,15,0,2,1,2,5,0,6,4,10,20,0,14,14,34
05/10/2021,VCT,TX,ASW,CE,Federal Contract Tower,0,5,8,15,28,0,0,16,12,28,0,5,24,27,56,12,120,132,188
05/11/2021,VCT,TX,ASW,CE,Federal Contract Tower,0,4,4,8,16,0,0,16,12,28,0,4,20,20,44,0,98,98,142
05/12/2021,VCT,TX,ASW,CE,Federal Contract Tower,0,7,3,26,36,0,2,16,11,29,0,9,19,37,65,16,188,204,269
05/13/2021,VCT,TX,ASW,CE,Federal Contract Tower,0,6,12,29,47,0,4,6,24,34,0,10,18,53,81,24,284,308,389
05/14/2021,VCT,TX,ASW,CE,Federal Contract Tower,0,8,7,10,25,0,1,11,21,33,0,9,18,31,58,0,194,194,252
05/15/2021,VCT,TX,ASW,CE,Federal Contract Tower,0,3,0,14,17,0,0,8,2,10,0,3,8,16,27,4,34,38,65
05/16/2021,VCT,TX,ASW,CE,Federal Contract Tower,0,4,4,2,10,0,0,0,0,0,0,4,4,2,10,2,2,4,14
05/17/2021,VCT,TX,ASW,CE,Federal Contract Tower,0,4,10,21,35,0,0,4,5,9,0,4,14,26,44,2,168,170,214
05/18/2021,VCT,TX,ASW,CE,Federal Contract Tower,0,3,2,0,5,0,0,9,4,13,0,3,11,4,18,0,2,2,20
05/19/2021,VCT,TX,ASW,CE,Federal Contract Tower,0,5,2,0,7,0,0,0,0,0,0,5,2,0,7,0,0,0,7
05/20/2021,VCT,TX,ASW,CE,Federal Contract Tower,0,6,9,15,30,0,0,14,15,29,0,6,23,30,59,6,228,234,293
05/21/2021,VCT,TX,ASW,CE,Federal Contract Tower,0,6,5,9,20,0,0,6,3,9,0,6,11,12,29,0,42,42,71
05/22/2021,VCT,TX,ASW,CE,Federal Contract Tower,0,3,1,4,8,0,0,6,0,6,0,3,7,4,14,0,2,2,16
05/23/2021,VCT,TX,ASW,CE,Federal Contract Tower,0,4,3,0,7,0,0,0,0,0,0,4,3,0,7,0,0,0,7
05/24/2021,VCT,TX,ASW,CE,Federal Contract Tower,0,10,4,34,48,0,0,4,8,12,0,10,8,42,60,4,60,64,124
05/25/2021,VCT,TX,ASW,CE,Federal Contract Tower,0,3,4,9,16,0,0,2,0,2,0,3,6,9,18,2,14,16,34
05/26/2021,VCT,TX,ASW,CE,Federal Contract Tower,0,6,8,14,28,0,0,4,18,22,0,6,12,32,50,4,136,140,190
05/27/2021,VCT,TX,ASW,CE,Federal Contract Tower,0,8,6,4,18,0,0,14,17,31,0,8,20,21,49,6,82,88,137
05/28/2021,VCT,TX,ASW,CE,Federal Contract Tower,0,6,12,12,30,0,0,10,0,10,0,6,22,12,40,2,10,12,52
05/29/2021,VCT,TX,ASW,CE,Federal Contract Tower,0,4,7,14,25,0,0,10,0,10,0,4,17,14,35,0,14,14,49
05/30/2021,VCT,TX,ASW,CE,Federal Contract Tower,0,6,3,0,9,0,0,10,0,10,0,6,13,0,19,6,0,6,25
05/31/2021,VCT,TX,ASW,CE,Federal Contract Tower,0,5,3,10,18,0,0,10,0,10,0,5,13,10,28,4,10,14,42
06/01/2021,VCT,TX,ASW,CE,Federal Contract Tower,0,4,4,18,26,0,0,7,12,19,0,4,11,30,45,2,110,112,157
06/02/2021,VCT,TX,ASW,CE,Federal Contract Tower,0,4,11,18,33,0,0,10,10,20,0,4,21,28,53,14,122,136,189
06/03/2021,VCT,TX,ASW,CE,Federal Contract Tower,0,4,4,4,12,0,0,1,1,2,0,4,5,5,14,0,22,22,36
06/04/2021,VCT,TX,ASW,CE,Federal Contract Tower,0,6,6,7,19,0,0,3,8,11,0,6,9,15,30,2,26,28,58
06/05/2021,VCT,TX,ASW,CE,Federal Contract Tower,0,5,0,14,19,0,0,13,3,16,0,5,13,17,35,6,20,26,61
06/06/2021,VCT,TX,ASW,CE,Federal Contract Tower,0,4,4,17,25,0,1,12,1,14,0,5,16,18,39,34,24,58,97
06/07/2021,VCT,TX,ASW,CE,Federal Contract Tower,0,5,7,35,47,0,0,8,8,16,0,5,15,43,63,6,152,158,221
06/08/2021,VCT,TX,ASW,CE,Federal Contract Tower,0,4,16,31,51,0,0,17,14,31,0,4,33,45,82,4,124,128,210
06/09/2021,VCT,TX,ASW,CE,Federal Contract Tower,0,6,10,57,73,0,3,25,16,44,0,9,35,73,117,2,212,214,331
06/10/2021,VCT,TX,ASW,CE,Federal Contract Tower,0,7,8,28,43,0,0,9,28,37,0,7,17,56,80,4,290,294,374
06/11/2021,VCT,TX,ASW,CE,Federal Contract Tower,0,7,11,30,48,0,0,19,14,33,0,7,30,44,81,4,70,74,155
06/12/2021,VCT,TX,ASW,CE,Federal Contract Tower,0,2,2,0,4,0,2,13,7,22,0,4,15,7,26,10,80,90,116
06/13/2021,VCT,TX,ASW,CE,Federal Contract Tower,0,4,7,12,23,0,0,16,2,18,0,4,23,14,41,4,8,12,53
06/14/2021,VCT,TX,ASW,CE,Federal Contract Tower,0,4,2,12,18,0,1,18,8,27,0,5,20,20,45,2,78,80,125
06/15/2021,VCT,TX,ASW,CE,Federal Contract Tower,0,6,0,9,15,0,0,15,14,29,0,6,15,23,44,2,170,172,216
06/16/2021,VCT,TX,ASW,CE,Federal Contract Tower,0,8,8,18,34,0,0,12,23,35,0,8,20,41,69,0,206,206,275
06/17/2021,VCT,TX,ASW,CE,Federal Contract Tower,0,7,2,19,28,0,0,10,34,44,0,7,12,53,72,4,358,362,434
06/18/2021,VCT,TX,ASW,CE,Federal Contract Tower,0,7,13,2,22,0,0,20,2,22,0,7,33,4,44,6,4,10,54
06/19/2021,VCT,TX,ASW,CE,Federal Contract Tower,0,5,0,16,21,0,0,30,2,32,0,5,30,18,53,4,48,52,105
06/20/2021,VCT,TX,ASW,CE,Federal Contract Tower,0,4,1,4,9,0,2,6,2,10,0,6,7,6,19,2,10,12,31
06/21/2021,VCT,TX,ASW,CE,Federal Contract Tower,0,7,4,31,42,0,0,5,9,14,0,7,9,40,56,2,82,84,140
06/22/2021,VCT,TX,ASW,CE,Federal Contract Tower,0,4,5,40,49,0,0,14,7,21,0,4,19,47,70,8,134,142,212
06/23/2021,VCT,TX,ASW,CE,Federal Contract Tower,0,8,14,45,67,0,0,21,31,52,0,8,35,76,119,12,376,388,507
06/24/2021,VCT,TX,ASW,CE,Federal Contract Tower,0,6,10,57,73,0,0,10,29,39,0,6,20,86,112,26,254,280,392
06/25/2021,VCT,TX,ASW,CE,Federal Contract Tower,0,7,5,24,36,0,0,0,0,0,0,7,5,24,36,12,168,180,216
06/26/2021,VCT,TX,ASW,CE,Federal Contract Tower,0,6,4,21,31,0,0,14,18,32,0,6,18,39,63,10,150,160,223
06/27/2021,VCT,TX,ASW,CE,Federal Contract Tower,0,5,4,8,17,0,0,2,0,2,0,5,6,8,19,0,8,8,27
06/28/2021,VCT,TX,ASW,CE,Federal Contract Tower,0,4,0,19,23,0,0,1,7,8,0,4,1,26,31,0,68,68,99
06/29/2021,VCT,TX,ASW,CE,Federal Contract Tower,0,4,8,68,80,0,0,8,10,18,0,4,16,78,98,0,132,132,230
06/30/2021,VCT,TX,ASW,CE,Federal Contract Tower,0,9,4,26,39,0,0,4,16,20,0,9,8,42,59,0,226,226,285
07/01/2021,VCT,TX,ASW,CE,Federal Contract Tower,0,6,2,31,39,0,0,14,15,29,0,6,16,46,68,0,156,156,224
07/02/2021,VCT,TX,ASW,CE,Federal Contract Tower,0,4,3,5,12,0,1,20,3,24,0,5,23,8,36,6,14,20,56
07/03/2021,VCT,TX,ASW,CE,Federal Contract Tower,0,6,0,0,6,0,0,10,0,10,0,6,10,0,16,12,0,12,28
07/04/2021,VCT,TX,ASW,CE,Federal Contract Tower,0,4,0,0,4,0,0,4,0,4,0,4,4,0,8,10,0,10,18
07/05/2021,VCT,TX,ASW,CE,Federal Contract Tower,0,3,7,0,10,0,0,6,0,6,0,3,13,0,16,0,0,0,16
07/06/2021,VCT,TX,ASW,CE,Federal Contract Tower,0,4,4,18,26,0,2,5,0,7,0,6,9,18,33,0,14,14,47
07/07/2021,VCT,TX,ASW,CE,Federal Contract Tower,0,6,0,0,6,0,0,1,0,1,0,6,1,0,7,0,0,0,7
07/08/2021,VCT,TX,ASW,CE,Federal Contract Tower,0,6,5,0,11,0,0,0,0,0,0,6,5,0,11,0,0,0,11
07/09/2021,VCT,TX,ASW,CE,Federal Contract Tower,0,6,2,16,24,0,4,4,0,8,0,10,6,16,32,0,8,8,40
07/10/2021,VCT,TX,ASW,CE,Federal Contract Tower,0,3,3,2,8,0,0,11,0,11,0,3,14,2,19,0,2,2,21
07/11/2021,VCT,TX,ASW,CE,Federal Contract Tower,0,3,7,11,21,0,0,9,0,9,0,3,16,11,30,4,7,11,41
07/12/2021,VCT,TX,ASW,CE,Federal Contract Tower,0,9,5,21,35,0,4,13,22,39,0,13,18,43,74,0,136,136,210
07/13/2021,VCT,TX,ASW,CE,Federal Contract Tower,0,4,6,13,23,0,0,14,3,17,0,4,20,16,40,4,22,26,66
07/14/2021,VCT,TX,ASW,CE,Federal Contract Tower,0,6,4,10,20,0,4,1,9,14,0,10,5,19,34,0,66,66,100
07/15/2021,VCT,TX,ASW,CE,Federal Contract Tower,0,6,4,52,62,0,1,32,25,58,0,7,36,77,120,14,212,226,346
07/16/2021,VCT,TX,ASW,CE,Federal Contract Tower,0,14,13,47,74,0,8,25,35,68,0,22,38,82,142,19,238,257,399
07/17/2021,VCT,TX,ASW,CE,Federal Contract Tower,0,3,7,20,30,0,0,21,3,24,0,3,28,23,54,24,48,72,126
07/18/2021,VCT,TX,ASW,CE,Federal Contract Tower,0,4,2,16,22,0,0,28,3,31,0,4,30,19,53,0,40,40,93
07/19/2021,VCT,TX,ASW,CE,Federal Contract Tower,0,5,9,18,32,0,0,5,11,16,0,5,14,29,48,2,44,46,94
07/20/2021,VCT,TX,ASW,CE,Federal Contract Tower,0,3,2,32,37,0,1,12,10,23,0,4,14,42,60,4,160,164,224
07/21/2021,VCT,TX,ASW,CE,Federal Contract Tower,0,5,6,18,29,0,3,15,20,38,0,8,21,38,67,0,118,118,185
07/22/2021,VCT,TX,ASW,CE,Federal Contract Tower,0,6,0,29,35,0,0,3,16,19,0,6,3,45,54,0,112,112,166
07/23/2021,VCT,TX,ASW,CE,Federal Contract Tower,0,4,6,15,25,0,0,17,10,27,0,4,23,25,52,0,104,104,156
07/24/2021,VCT,TX,ASW,CE,Federal Contract Tower,1,3,6,16,26,0,0,9,6,15,1,3,15,22,41,6,62,68,109
07/25/2021,VCT,TX,ASW,CE,Federal Contract Tower,0,3,2,18,23,0,4,21,8,33,0,7,23,26,56,8,52,60,116
07/26/2021,VCT,TX,ASW,CE,Federal Contract Tower,0,7,0,54,61,0,10,9,33,52,0,17,9,87,113,2,278,280,393
07/27/2021,VCT,TX,ASW,CE,Federal Contract Tower,0,4,4,48,56,0,3,9,20,32,0,7,13,68,88,0,164,164,252
07/28/2021,VCT,TX,ASW,CE,Federal Contract Tower,0,6,5,34,45,0,0,14,22,36,0,6,19,56,81,4,202,206,287
07/29/2021,VCT,TX,ASW,CE,Federal Contract Tower,0,6,8,54,68,0,0,17,15,32,0,6,25,69,100,8,166,174,274
07/30/2021,VCT,TX,ASW,CE,Federal Contract Tower,0,8,10,6,24,0,0,1,15,16,0,8,11,21,40,0,172,172,212
07/31/2021,VCT,TX,ASW,CE,Federal Contract Tower,0,3,7,16,26,0,0,24,8,32,0,3,31,24,58,12,68,80,138
08/01/2021,VCT,TX,ASW,CE,Federal Contract Tower,0,4,8,0,12,0,0,18,6,24,0,4,26,6,36,4,0,4,40
08/02/2021,VCT,TX,ASW,CE,Federal Contract Tower,0,5,2,36,43,0,3,11,12,26,0,8,13,48,69,0,88,88,157
08/03/2021,VCT,TX,ASW,CE,Federal Contract Tower,0,4,2,38,44,0,0,4,2,6,0,4,6,40,50,4,62,66,116
08/04/2021,VCT,TX,ASW,CE,Federal Contract Tower,0,10,7,21,38,0,0,7,3,10,0,10,14,24,48,0,16,16,64
08/05/2021,VCT,TX,ASW,CE,Federal Contract Tower,0,6,3,30,39,0,0,6,7,13,0,6,9,37,52,4,52,56,108
08/06/2021,VCT,TX,ASW,CE,Federal Contract Tower,0,5,3,24,32,0,4,6,3,13,0,9,9,27,45,0,26,26,71
08/07/2021,VCT,TX,ASW,CE,Federal Contract Tower,0,3,7,9,19,0,4,12,2,18,0,7,19,11,37,26,12,38,75
08/08/2021,VCT,TX,ASW,CE,Federal Contract Tower,0,4,3,1,8,0,1,11,1,13,0,5,14,2,21,6,2,8,29
08/09/2021,VCT,TX,ASW,CE,Federal Contract Tower,0,7,1,42,50,0,0,15,9,24,0,7,16,51,74,22,140,162,236
08/10/2021,VCT,TX,ASW,CE,Federal Contract Tower,0,6,3,34,43,0,2,6,16,24,0,8,9,50,67,0,188,188,255
08/11/2021,VCT,TX,ASW,CE,Federal Contract Tower,0,7,6,82,95,0,0,9,15,24,0,7,15,97,119,18,280,298,417
08/12/2021,VCT,TX,ASW,CE,Federal Contract Tower,0,7,4,22,33,0,0,13,23,36,0,7,17,45,69,20,158,178,247
08/13/2021,VCT,TX,ASW,CE,Federal Contract Tower,0,6,5,2,13,0,2,9,6,17,0,8,14,8,30,29,44,73,103
08/14/2021,VCT,TX,ASW,CE,Federal Contract Tower,0,4,2,8,14,0,14,13,0,27,0,18,15,8,41,18,8,26,67
08/15/2021,VCT,TX,ASW,CE,Federal Contract Tower,0,4,1,2,7,0,1,8,0,9,0,5,9,2,16,10,2,12,28
08/16/2021,VCT,TX,ASW,CE,Federal Contract Tower,0,5,0,8,13,0,1,15,10,26,0,6,15,18,39,8,34,42,81
08/17/2021,VCT,TX,ASW,CE,Federal Contract Tower,0,4,3,24,31,0,0,5,12,17,0,4,8,36,48,14,98,112,160
08/18/2021,VCT,TX,ASW,CE,Federal Contract Tower,0,10,0,41,51,0,0,5,9,14,0,10,5,50,65,0,100,100,165
08/19/2021,VCT,TX,ASW,CE,Federal Contract Tower,0,6,7,73,86,0,2,13,27,42,0,8,20,100,128,32,324,356,484
08/20/2021,VCT,TX,ASW,CE,Federal Contract Tower,0,7,4,47,58,0,10,14,8,32,0,17,18,55,90,0,66,66,156
08/21/2021,VCT,TX,ASW,CE,Federal Contract Tower,0,3,3,6,12,0,0,12,0,12,0,3,15,6,24,0,8,8,32
08/22/2021,VCT,TX,ASW,CE,Federal Contract Tower,0,3,7,17,27,0,0,19,13,32,0,3,26,30,59,24,68,92,151
08/23/2021,VCT,TX,ASW,CE,Federal Contract Tower,0,9,5,57,71,0,4,20,24,48,0,13,25,81,119,2,288,290,409
08/24/2021,VCT,TX,ASW,CE,Federal Contract Tower,0,4,4,82,90,0,6,11,21,38,0,10,15,103,128,4,188,192,320
08/25/2021,VCT,TX,ASW,CE,Federal Contract Tower,0,6,3,56,65,0,0,16,12,28,0,6,19,68,93,26,130,156,249
08/26/2021,VCT,TX,ASW,CE,Federal Contract Tower,0,6,3,10,19,0,0,7,14,21,0,6,10,24,40,0,154,154,194
08/27/2021,VCT,TX,ASW,CE,Federal Contract Tower,0,7,6,6,19,0,6,4,0,10,0,13,10,6,29,0,2,2,31
08/28/2021,VCT,TX,ASW,CE,Federal Contract Tower,0,4,0,2,6,0,6,0,0,6,0,10,0,2,12,0,2,2,14
08/29/2021,VCT,TX,ASW,CE,Federal Contract Tower,0,4,9,3,16,0,1,18,5,24,0,5,27,8,40,14,32,46,86
08/30/2021,VCT,TX,ASW,CE,Federal Contract Tower,0,5,1,41,47,0,18,17,22,57,0,23,18,63,104,8,232,240,344
08/31/2021,VCT,TX,ASW,CE,Federal Contract Tower,0,4,2,63,69,0,2,13,34,49,0,6,15,97,118,18,400,418,536
09/01/2021,VCT,TX,ASW,CE,Federal Contract Tower,0,6,2,16,24,0,0,13,21,34,0,6,15,37,58,0,188,188,246
09/02/2021,VCT,TX,ASW,CE,Federal Contract Tower,0,6,0,9,15,0,5,3,12,20,0,11,3,21,35,0,116,116,151
09/03/2021,VCT,TX,ASW,CE,Federal Contract Tower,0,5,5,2,12,0,5,2,0,7,0,10,7,2,19,0,2,2,21
09/04/2021,VCT,TX,ASW,CE,Federal Contract Tower,0,4,1,15,20,0,2,12,7,21,0,6,13,22,41,8,44,52,93
09/05/2021,VCT,TX,ASW,CE,Federal Contract Tower,0,3,2,3,8,0,0,12,5,17,0,3,14,8,25,8,18,26,51
09/06/2021,VCT,TX,ASW,CE,Federal Contract Tower,0,5,5,14,24,0,3,5,0,8,0,8,10,14,32,0,14,14,46
09/07/2021,VCT,TX,ASW,CE,Federal Contract Tower,0,6,5,47,58,0,0,8,20,28,0,6,13,67,86,0,184,184,270
09/08/2021,VCT,TX,ASW,CE,Federal Contract Tower,0,6,2,50,58,0,0,25,24,49,0,6,27,74,107,2,218,220,327
09/10/2021,VCT,TX,ASW,CE,Federal Contract Tower,0,7,3,36,46,0,2,12,15,29,0,9,15,51,75,2,130,132,207
09/11/2021,VCT,TX,ASW,CE,Federal Contract Tower,0,4,0,11,15,0,2,22,6,30,0,6,22,17,45,2,4,6,51
09/12/2021,VCT,TX,ASW,CE,Federal Contract Tower,0,6,2,6,14,0,0,7,0,7,0,6,9,6,21,2,0,2,23
09/13/2021,VCT,TX,ASW,CE,Federal Contract Tower,0,1,0,0,1,0,1,1,0,2,0,2,1,0,3,0,0,0,3
09/14/2021,VCT,TX,ASW,CE,Federal Contract Tower,0,2,2,24,28,0,3,5,14,22,0,5,7,38,50,0,100,100,150
09/15/2021,VCT,TX,ASW,CE,Federal Contract Tower,0,6,8,4,18,0,1,10,4,15,0,7,18,8,33,0,34,34,67
09/16/2021,VCT,TX,ASW,CE,Federal Contract Tower,0,5,9,62,76,0,0,11,18,29,0,5,20,80,105,32,204,236,341
09/17/2021,VCT,TX,ASW,CE,Federal Contract Tower,0,5,6,36,47,0,3,15,15,33,0,8,21,51,80,14,156,170,250
09/18/2021,VCT,TX,ASW,CE,Federal Contract Tower,0,3,3,13,19,0,3,9,9,21,0,6,12,22,40,6,38,44,84
09/19/2021,VCT,TX,ASW,CE,Federal Contract Tower,0,4,4,0,8,0,0,9,0,9,0,4,13,0,17,4,0,4,21
09/20/2021,VCT,TX,ASW,CE,Federal Contract Tower,0,5,4,26,35,0,2,7,6,15,0,7,11,32,50,14,68,82,132
09/21/2021,VCT,TX,ASW,CE,Federal Contract Tower,0,4,8,14,26,0,2,10,4,16,0,6,18,18,42,12,76,88,130
09/22/2021,VCT,TX,ASW,CE,Federal Contract Tower,0,8,3,17,28,0,2,12,3,17,0,10,15,20,45,0,54,54,99
09/23/2021,VCT,TX,ASW,CE,Federal Contract Tower,0,7,4,19,30,0,0,23,8,31,0,7,27,27,61,14,96,110,171
09/24/2021,VCT,TX,ASW,CE,Federal Contract Tower,0,6,2,17,25,0,0,14,11,25,0,6,16,28,50,8,86,94,144
09/25/2021,VCT,TX,ASW,CE,Federal Contract Tower,0,3,5,0,8,0,1,26,0,27,0,4,31,0,35,6,0,6,41
09/26/2021,VCT,TX,ASW,CE,Federal Contract Tower,0,4,5,3,12,0,0,31,1,32,0,4,36,4,44,4,6,10,54
09/27/2021,VCT,TX,ASW,CE,Federal Contract Tower,0,5,2,70,77,0,0,18,18,36,0,5,20,88,113,0,214,214,327
09/28/2021,VCT,TX,ASW,CE,Federal Contract Tower,0,4,7,29,40,0,0,26,4,30,0,4,33,33,70,8,44,52,122
09/29/2021,VCT,TX,ASW,CE,Federal Contract Tower,1,8,5,0,14,0,0,13,0,13,1,8,18,0,27,0,0,0,27
09/30/2021,VCT,TX,ASW,CE,Federal Contract Tower,0,8,12,27,47,0,1,4,4,9,0,9,16,31,56,2,92,94,150
10/01/2021,VCT,TX,ASW,CE,Federal Contract Tower,0,6,2,6,14,0,2,0,2,4,0,8,2,8,18,0,20,20,38
10/02/2021,VCT,TX,ASW,CE,Federal Contract Tower,0,4,2,8,14,0,5,1,0,6,0,9,3,8,20,0,6,6,26
10/03/2021,VCT,TX,ASW,CE,Federal Contract Tower,0,4,5,0,9,0,0,6,0,6,0,4,11,0,15,4,0,4,19
10/04/2021,VCT,TX,ASW,CE,Federal Contract Tower,0,5,2,60,67,0,2,11,16,29,0,7,13,76,96,4,102,106,202
10/05/2021,VCT,TX,ASW,CE,Federal Contract Tower,0,4,4,34,42,0,4,13,31,48,0,8,17,65,90,2,306,308,398
10/06/2021,VCT,TX,ASW,CE,Federal Contract Tower,0,6,1,17,24,0,0,24,7,31,0,6,25,24,55,36,44,80,135
10/07/2021,VCT,TX,ASW,CE,Federal Contract Tower,0,6,5,53,64,0,0,15,19,34,0,6,20,72,98,8,194,202,300
10/08/2021,VCT,TX,ASW,CE,Federal Contract Tower,0,6,6,32,44,0,8,19,26,53,0,14,25,58,97,2,244,246,343
10/09/2021,VCT,TX,ASW,CE,Federal Contract Tower,0,3,4,18,25,0,3,11,4,18,0,6,15,22,43,14,14,28,71
10/10/2021,VCT,TX,ASW,CE,Federal Contract Tower,0,4,4,4,12,0,0,6,4,10,0,4,10,8,22,12,20,32,54
10/11/2021,VCT,TX,ASW,CE,Federal Contract Tower,0,5,7,2,14,0,8,13,4,25,0,13,20,6,39,0,56,56,95
10/12/2021,VCT,TX,ASW,CE,Federal Contract Tower,0,4,9,46,59,0,3,3,12,18,0,7,12,58,77,0,248,248,325
10/13/2021,VCT,TX,ASW,CE,Federal Contract Tower,0,6,8,33,47,0,0,6,17,23,0,6,14,50,70,2,244,246,316
10/14/2021,VCT,TX,ASW,CE,Federal Contract Tower,0,6,3,41,50,0,1,0,5,6,0,7,3,46,56,0,58,58,114
10/15/2021,VCT,TX,ASW,CE,Federal Contract Tower,0,6,10,27,43,0,0,10,3,13,0,6,20,30,56,12,26,38,94
10/16/2021,VCT,TX,ASW,CE,Federal Contract Tower,0,3,4,15,22,0,3,13,13,29,0,6,17,28,51,0,42,42,93
10/17/2021,VCT,TX,ASW,CE,Federal Contract Tower,0,4,11,5,20,0,2,10,3,15,0,6,21,8,35,0,18,18,53
10/18/2021,VCT,TX,ASW,CE,Federal Contract Tower,0,5,9,68,82,0,5,16,26,47,0,10,25,94,129,10,234,244,373
10/19/2021,VCT,TX,ASW,CE,Federal Contract Tower,0,4,9,49,62,0,0,16,25,41,0,4,25,74,103,8,202,210,313
10/20/2021,VCT,TX,ASW,CE,Federal Contract Tower,0,5,11,16,32,0,0,8,2,10,0,5,19,18,42,2,94,96,138
10/21/2021,VCT,TX,ASW,CE,Federal Contract Tower,0,8,5,42,55,0,1,21,4,26,0,9,26,46,81,6,68,74,155
10/22/2021,VCT,TX,ASW,CE,Federal Contract Tower,0,4,5,40,49,0,1,16,15,32,0,5,21,55,81,0,154,154,235
10/23/2021,VCT,TX,ASW,CE,Federal Contract Tower,0,6,1,4,11,0,3,6,0,9,0,9,7,4,20,0,4,4,24
10/24/2021,VCT,TX,ASW,CE,Federal Contract Tower,0,5,1,4,10,0,0,14,4,18,0,5,15,8,28,16,38,54,82
10/25/2021,VCT,TX,ASW,CE,Federal Contract Tower,0,5,8,52,65,0,8,12,15,35,0,13,20,67,100,4,104,108,208
10/26/2021,VCT,TX,ASW,CE,Federal Contract Tower,0,5,8,38,51,0,1,4,11,16,0,6,12,49,67,0,104,104,171
10/27/2021,VCT,TX,ASW,CE,Federal Contract Tower,0,6,3,12,21,0,0,2,0,2,0,6,5,12,23,0,40,40,63
10/28/2021,VCT,TX,ASW,CE,Federal Contract Tower,0,7,2,31,40,0,0,14,10,24,0,7,16,41,64,6,64,70,134
10/29/2021,VCT,TX,ASW,CE,Federal Contract Tower,0,5,4,16,25,0,0,12,13,25,0,5,16,29,50,2,68,70,120
10/30/2021,VCT,TX,ASW,CE,Federal Contract Tower,0,6,5,4,15,0,0,31,0,31,0,6,36,4,46,4,4,8,54
10/31/2021,VCT,TX,ASW,CE,Federal Contract Tower,0,3,4,0,7,0,0,21,0,21,0,3,25,0,28,10,0,10,38
11/01/2021,VCT,TX,ASW,CE,Federal Contract Tower,0,5,7,47,59,0,0,15,13,28,0,5,22,60,87,12,266,278,365
11/02/2021,VCT,TX,ASW,CE,Federal Contract Tower,0,6,7,59,72,0,2,15,12,29,0,8,22,71,101,2,256,258,359
11/03/2021,VCT,TX,ASW,CE,Federal Contract Tower,0,6,4,3,13,0,0,3,14,17,0,6,7,17,30,0,138,138,168
11/04/2021,VCT,TX,ASW,CE,Federal Contract Tower,0,6,6,39,51,0,0,0,3,3,0,6,6,42,54,0,30,30,84
11/05/2021,VCT,TX,ASW,CE,Federal Contract Tower,0,6,7,25,38,0,1,27,11,39,0,7,34,36,77,6,106,112,189
11/06/2021,VCT,TX,ASW,CE,Federal Contract Tower,0,3,4,9,16,0,1,29,3,33,0,4,33,12,49,2,6,8,57
11/07/2021,VCT,TX,ASW,CE,Federal Contract Tower,0,4,4,6,14,0,2,31,6,39,0,6,35,12,53,2,58,60,113
11/08/2021,VCT,TX,ASW,CE,Federal Contract Tower,0,6,3,45,54,0,2,19,25,46,0,8,22,70,100,4,196,200,300
11/09/2021,VCT,TX,ASW,CE,Federal Contract Tower,0,6,5,61,72,0,4,7,24,35,0,10,12,85,107,0,376,376,483
11/10/2021,VCT,TX,ASW,CE,Federal Contract Tower,0,6,4,31,41,0,1,11,8,20,0,7,15,39,61,12,108,120,181
11/11/2021,VCT,TX,ASW,CE,Federal Contract Tower,0,6,6,2,14,0,1,14,0,15,0,7,20,2,29,6,2,8,37
11/12/2021,VCT,TX,ASW,CE,Federal Contract Tower,0,6,8,2,16,0,0,19,4,23,0,6,27,6,39,32,48,80,119
11/13/2021,VCT,TX,ASW,CE,Federal Contract Tower,0,5,2,12,19,0,0,14,2,16,0,5,16,14,35,2,24,26,61
11/14/2021,VCT,TX,ASW,CE,Federal Contract Tower,0,4,3,4,11,0,0,20,0,20,0,4,23,4,31,14,4,18,49
11/15/2021,VCT,TX,ASW,CE,Federal Contract Tower,0,5,5,32,42,0,0,9,28,37,0,5,14,60,79,0,216,216,295
11/16/2021,VCT,TX,ASW,CE,Federal Contract Tower,0,4,10,19,33,0,2,5,17,24,0,6,15,36,57,2,120,122,179
11/17/2021,VCT,TX,ASW,CE,Federal Contract Tower,0,8,8,71,87,0,0,14,21,35,0,8,22,92,122,2,218,220,342
11/18/2021,VCT,TX,ASW,CE,Federal Contract Tower,0,6,0,26,32,0,1,6,17,24,0,7,6,43,56,2,186,188,244
11/19/2021,VCT,TX,ASW,CE,Federal Contract Tower,0,10,5,47,62,0,1,24,23,48,0,11,29,70,110,20,192,212,322
11/20/2021,VCT,TX,ASW,CE,Federal Contract Tower,0,5,7,8,20,0,6,22,6,34,0,11,29,14,54,22,10,32,86
11/21/2021,VCT,TX,ASW,CE,Federal Contract Tower,0,4,2,3,9,0,1,3,3,7,0,5,5,6,16,0,14,14,30
11/22/2021,VCT,TX,ASW,CE,Federal Contract Tower,0,4,0,24,28,0,4,9,15,28,0,8,9,39,56,0,214,214,270
11/23/2021,VCT,TX,ASW,CE,Federal Contract Tower,0,7,6,51,64,0,2,16,24,42,0,9,22,75,106,10,352,362,468
11/24/2021,VCT,TX,ASW,CE,Federal Contract Tower,0,6,6,13,25,0,0,16,0,16,0,6,22,13,41,6,26,32,73
11/25/2021,VCT,TX,ASW,CE,Federal Contract Tower,0,2,1,0,3,0,2,0,0,2,0,4,1,0,5,0,0,0,5
11/26/2021,VCT,TX,ASW,CE,Federal Contract Tower,0,4,3,0,7,0,2,12,0,14,0,6,15,0,21,4,0,4,25
11/27/2021,VCT,TX,ASW,CE,Federal Contract Tower,0,6,5,0,11,0,0,0,2,2,0,6,5,2,13,0,0,0,13
11/28/2021,VCT,TX,ASW,CE,Federal Contract Tower,0,4,6,2,12,0,0,10,0,10,0,4,16,2,22,12,2,14,36
11/29/2021,VCT,TX,ASW,CE,Federal Contract Tower,0,5,9,26,40,0,0,14,23,37,0,5,23,49,77,20,212,232,309
11/30/2021,VCT,TX,ASW,CE,Federal Contract Tower,0,4,4,106,114,0,2,9,15,26,0,6,13,121,140,2,214,216,356
12/01/2021,VCT,TX,ASW,CE,Federal Contract Tower,0,6,2,51,59,0,0,24,23,47,0,6,26,74,106,10,144,154,260
12/02/2021,VCT,TX,ASW,CE,Federal Contract Tower,0,6,6,80,92,0,0,8,25,33,0,6,14,105,125,2,224,226,351
12/03/2021,VCT,TX,ASW,CE,Federal Contract Tower,0,6,5,22,33,0,0,13,1,14,0,6,18,23,47,10,30,40,87
12/04/2021,VCT,TX,ASW,CE,Federal Contract Tower,0,3,5,4,12,0,0,8,0,8,0,3,13,4,20,4,4,8,28
12/05/2021,VCT,TX,ASW,CE,Federal Contract Tower,0,3,14,10,27,0,1,6,2,9,0,4,20,12,36,12,10,22,58
12/06/2021,VCT,TX,ASW,CE,Federal Contract Tower,0,4,6,38,48,0,8,4,8,20,0,12,10,46,68,0,36,36,104
12/07/2021,VCT,TX,ASW,CE,Federal Contract Tower,0,4,11,57,72,0,2,9,15,26,0,6,20,72,98,10,176,186,284
12/08/2021,VCT,TX,ASW,CE,Federal Contract Tower,0,6,13,55,74,0,5,5,5,15,0,11,18,60,89,4,78,82,171
12/09/2021,VCT,TX,ASW,CE,Federal Contract Tower,0,6,9,27,42,0,1,12,4,17,0,7,21,31,59,10,42,52,111
12/10/2021,VCT,TX,ASW,CE,Federal Contract Tower,0,5,12,32,49,0,2,11,9,22,0,7,23,41,71,0,52,52,123
12/11/2021,VCT,TX,ASW,CE,Federal Contract Tower,0,4,2,7,13,0,1,3,1,5,0,5,5,8,18,2,6,8,26
12/12/2021,VCT,TX,ASW,CE,Federal Contract Tower,0,4,4,16,24,0,0,32,3,35,0,4,36,19,59,6,34,40,99
12/13/2021,VCT,TX,ASW,CE,Federal Contract Tower,0,5,8,6,19,0,0,0,0,0,0,5,8,6,19,2,0,2,21
12/14/2021,VCT,TX,ASW,CE,Federal Contract Tower,0,4,12,35,51,0,2,6,5,13,0,6,18,40,64,2,42,44,108
12/15/2021,VCT,TX,ASW,CE,Federal Contract Tower,0,6,10,71,87,0,1,5,6,12,0,7,15,77,99,0,140,140,239
12/16/2021,VCT,TX,ASW,CE,Federal Contract Tower,0,5,15,69,89,0,0,16,10,26,0,5,31,79,115,8,282,290,405
12/17/2021,VCT,TX,ASW,CE,Federal Contract Tower,0,5,13,52,70,0,0,9,9,18,0,5,22,61,88,0,128,128,216
12/18/2021,VCT,TX,ASW,CE,Federal Contract Tower,0,3,5,0,8,0,2,0,0,2,0,5,5,0,10,0,0,0,10
12/19/2021,VCT,TX,ASW,CE,Federal Contract Tower,0,4,5,1,10,0,0,4,0,4,0,4,9,1,14,4,0,4,18
12/20/2021,VCT,TX,ASW,CE,Federal Contract Tower,0,5,4,33,42,0,0,9,23,32,0,5,13,56,74,2,204,206,280
12/21/2021,VCT,TX,ASW,CE,Federal Contract Tower,0,3,5,60,68,0,9,25,17,51,0,12,30,77,119,2,194,196,315
12/22/2021,VCT,TX,ASW,CE,Federal Contract Tower,0,4,5,28,37,0,0,24,19,43,0,4,29,47,80,24,76,100,180
12/23/2021,VCT,TX,ASW,CE,Federal Contract Tower,0,4,3,0,7,0,1,18,1,20,0,5,21,1,27,14,0,14,41
12/24/2021,VCT,TX,ASW,CE,Federal Contract Tower,0,4,4,0,8,0,1,8,0,9,0,5,12,0,17,0,0,0,17
12/25/2021,VCT,TX,ASW,CE,Federal Contract Tower,0,2,0,0,2,0,0,4,0,4,0,2,4,0,6,2,0,2,8
12/26/2021,VCT,TX,ASW,CE,Federal Contract Tower,0,4,4,0,8,0,1,5,0,6,0,5,9,0,14,0,0,0,14
12/27/2021,VCT,TX,ASW,CE,Federal Contract Tower,0,6,3,22,31,0,5,10,0,15,0,11,13,22,46,0,20,20,66
12/28/2021,VCT,TX,ASW,CE,Federal Contract Tower,0,4,5,18,27,0,1,9,6,16,0,5,14,24,43,0,30,30,73
12/29/2021,VCT,TX,ASW,CE,Federal Contract Tower,0,7,2,25,34,0,0,6,2,8,0,7,8,27,42,0,40,40,82
12/30/2021,VCT,TX,ASW,CE,Federal Contract Tower,0,10,4,11,25,0,0,2,0,2,0,10,6,11,27,0,10,10,37
12/31/2021,VCT,TX,ASW,CE,Federal Contract Tower,0,3,2,0,5,0,0,3,0,3,0,3,5,0,8,0,0,0,8
01/01/2022,VCT,TX,ASW,CE,Federal Contract Tower,0,1,3,0,4,0,7,2,0,9,0,8,5,0,13,2,0,2,15
01/02/2022,VCT,TX,ASW,CE,Federal Contract Tower,0,3,4,0,7,0,1,0,0,1,0,4,4,0,8,0,0,0,8
01/03/2022,VCT,TX,ASW,CE,Federal Contract Tower,0,12,4,1,17,0,3,18,1,22,0,15,22,2,39,14,6,20,59
01/04/2022,VCT,TX,ASW,CE,Federal Contract Tower,0,3,7,9,19,0,15,20,15,50,0,18,27,24,69,2,88,90,159
01/05/2022,VCT,TX,ASW,CE,Federal Contract Tower,0,5,1,28,34,0,1,8,28,37,0,6,9,56,71,6,230,236,307
01/06/2022,VCT,TX,ASW,CE,Federal Contract Tower,0,5,3,17,25,0,2,12,18,32,0,7,15,35,57,4,116,120,177
01/07/2022,VCT,TX,ASW,CE,Federal Contract Tower,0,8,8,25,41,0,3,1,1,5,0,11,9,26,46,0,48,48,94
01/08/2022,VCT,TX,ASW,CE,Federal Contract Tower,0,4,2,0,6,0,0,0,0,0,0,4,2,0,6,0,0,0,6
01/09/2022,VCT,TX,ASW,CE,Federal Contract Tower,0,6,0,0,6,0,0,2,0,2,0,6,2,0,8,0,0,0,8
01/10/2022,VCT,TX,ASW,CE,Federal Contract Tower,0,7,2,17,26,0,2,13,27,42,0,9,15,44,68,6,98,104,172
01/11/2022,VCT,TX,ASW,CE,Federal Contract Tower,0,5,5,38,48,0,3,16,26,45,0,8,21,64,93,2,212,214,307
01/12/2022,VCT,TX,ASW,CE,Federal Contract Tower,0,8,11,57,76,0,0,18,14,32,0,8,29,71,108,18,340,358,466
01/13/2022,VCT,TX,ASW,CE,Federal Contract Tower,0,6,2,37,45,0,0,32,33,65,0,6,34,70,110,30,231,261,371
01/14/2022,VCT,TX,ASW,CE,Federal Contract Tower,0,8,4,42,54,0,1,5,12,18,0,9,9,54,72,4,82,86,158
01/15/2022,VCT,TX,ASW,CE,Federal Contract Tower,0,3,1,0,4,0,2,0,0,2,0,5,1,0,6,0,0,0,6
01/16/2022,VCT,TX,ASW,CE,Federal Contract Tower,0,5,1,6,12,0,0,9,4,13,0,5,10,10,25,2,6,8,33
01/17/2022,VCT,TX,ASW,CE,Federal Contract Tower,0,7,6,12,25,0,0,27,5,32,0,7,33,17,57,14,44,58,115
01/18/2022,VCT,TX,ASW,CE,Federal Contract Tower,0,4,3,51,58,0,4,20,20,44,0,8,23,71,102,0,206,206,308
01/19/2022,VCT,TX,ASW,CE,Federal Contract Tower,0,7,7,36,50,0,0,15,8,23,0,7,22,44,73,2,34,36,109
01/20/2022,VCT,TX,ASW,CE,Federal Contract Tower,0,6,0,2,8,0,0,0,2,2,0,6,0,4,10,0,4,4,14
01/21/2022,VCT,TX,ASW,CE,Federal Contract Tower,0,5,7,20,32,0,0,14,16,30,0,5,21,36,62,16,180,196,258
01/22/2022,VCT,TX,ASW,CE,Federal Contract Tower,0,3,0,16,19,0,1,29,16,46,0,4,29,32,65,36,56,92,157
01/23/2022,VCT,TX,ASW,CE,Federal Contract Tower,0,4,3,16,23,0,0,4,17,21,0,4,7,33,44,12,72,84,128
01/24/2022,VCT,TX,ASW,CE,Federal Contract Tower,0,5,2,33,40,0,1,0,0,1,0,6,2,33,41,0,30,30,71
01/25/2022,VCT,TX,ASW,CE,Federal Contract Tower,0,4,8,34,46,0,2,5,1,8,0,6,13,35,54,4,24,28,82
01/26/2022,VCT,TX,ASW,CE,Federal Contract Tower,0,5,12,43,60,0,2,19,14,35,0,7,31,57,95,10,182,192,287
01/27/2022,VCT,TX,ASW,CE,Federal Contract Tower,0,6,3,55,64,0,0,22,22,44,0,6,25,77,108,2,340,342,450
01/28/2022,VCT,TX,ASW,CE,Federal Contract Tower,0,6,7,44,57,0,1,12,18,31,0,7,19,62,88,2,210,212,300
01/29/2022,VCT,TX,ASW,CE,Federal Contract Tower,0,3,2,17,22,0,5,22,4,31,0,8,24,21,53,2,32,34,87
01/30/2022,VCT,TX,ASW,CE,Federal Contract Tower,0,4,4,10,18,0,0,13,2,15,0,4,17,12,33,0,24,24,57
01/31/2022,VCT,TX,ASW,CE,Federal Contract Tower,0,5,0,0,5,0,0,0,0,0,0,5,0,0,5,0,0,0,5
02/01/2022,VCT,TX,ASW,CE,Federal Contract Tower,0,6,7,39,52,0,6,8,15,29,0,12,15,54,81,8,130,138,219
02/02/2022,VCT,TX,ASW,CE,Federal Contract Tower,0,6,8,16,30,0,1,1,1,3,0,7,9,17,33,2,22,24,57
02/03/2022,VCT,TX,ASW,CE,Federal Contract Tower,0,1,2,4,7,0,0,0,0,0,0,1,2,4,7,0,0,0,7
02/04/2022,VCT,TX,ASW,CE,Federal Contract Tower,0,5,1,8,14,0,2,4,2,8,0,7,5,10,22,4,6,10,32
02/05/2022,VCT,TX,ASW,CE,Federal Contract Tower,0,3,0,12,15,0,10,21,6,37,0,13,21,18,52,22,34,56,108
02/06/2022,VCT,TX,ASW,CE,Federal Contract Tower,0,3,5,7,15,0,1,14,5,20,0,4,19,12,35,2,10,12,47
02/07/2022,VCT,TX,ASW,CE,Federal Contract Tower,0,7,5,33,45,0,1,13,25,39,0,8,18,58,84,10,196,206,290
02/08/2022,VCT,TX,ASW,CE,Federal Contract Tower,0,4,4,46,54,0,2,25,14,41,0,6,29,60,95,14,228,242,337
02/09/2022,VCT,TX,ASW,CE,Federal Contract Tower,0,7,7,57,71,0,0,24,27,51,0,7,31,84,122,40,280,320,442
02/10/2022,VCT,TX,ASW,CE,Federal Contract Tower,0,7,3,65,75,0,5,20,33,58,0,12,23,98,133,16,248,264,397
02/11/2022,VCT,TX,ASW,CE,Federal Contract Tower,0,8,11,76,95,0,4,24,19,47,0,12,35,95,142,10,178,188,330
02/12/2022,VCT,TX,ASW,CE,Federal Contract Tower,0,3,2,4,9,0,1,0,0,1,0,4,2,4,10,0,4,4,14
02/13/2022,VCT,TX,ASW,CE,Federal Contract Tower,0,6,8,18,32,0,4,21,0,25,0,10,29,18,57,10,18,28,85
02/14/2022,VCT,TX,ASW,CE,Federal Contract Tower,0,4,6,75,85,0,2,8,24,34,0,6,14,99,119,4,224,228,347
02/15/2022,VCT,TX,ASW,CE,Federal Contract Tower,0,2,11,31,44,0,4,6,16,26,0,6,17,47,70,0,146,146,216
02/16/2022,VCT,TX,ASW,CE,Federal Contract Tower,0,4,13,61,78,0,0,3,11,14,0,4,16,72,92,0,126,126,218
02/17/2022,VCT,TX,ASW,CE,Federal Contract Tower,0,4,5,18,27,0,4,14,20,38,0,8,19,38,65,2,146,148,213
02/18/2022,VCT,TX,ASW,CE,Federal Contract Tower,0,6,12,18,36,0,5,20,28,53,0,11,32,46,89,4,118,122,211
02/19/2022,VCT,TX,ASW,CE,Federal Contract Tower,0,3,7,12,22,0,3,10,4,17,0,6,17,16,39,12,12,24,63
02/20/2022,VCT,TX,ASW,CE,Federal Contract Tower,0,5,5,15,25,0,0,11,5,16,0,5,16,20,41,40,74,114,155
02/21/2022,VCT,TX,ASW,CE,Federal Contract Tower,0,5,5,3,13,0,0,0,4,4,0,5,5,7,17,2,18,20,37
02/22/2022,VCT,TX,ASW,CE,Federal Contract Tower,0,4,16,22,42,0,0,3,4,7,0,4,19,26,49,4,122,126,175
02/23/2022,VCT,TX,ASW,CE,Federal Contract Tower,0,6,6,16,28,0,1,0,1,2,0,7,6,17,30,2,38,40,70
02/24/2022,VCT,TX,ASW,CE,Federal Contract Tower,0,10,5,0,15,0,0,0,0,0,0,10,5,0,15,0,0,0,15
02/25/2022,VCT,TX,ASW,CE,Federal Contract Tower,0,6,5,39,50,0,2,7,1,10,0,8,12,40,60,0,98,98,158
02/26/2022,VCT,TX,ASW,CE,Federal Contract Tower,0,3,3,4,10,0,0,0,0,0,0,3,3,4,10,0,4,4,14
02/27/2022,VCT,TX,ASW,CE,Federal Contract Tower,0,5,12,6,23,0,0,13,7,20,0,5,25,13,43,16,38,54,97
02/28/2022,VCT,TX,ASW,CE,Federal Contract Tower,0,7,10,72,89,0,2,16,29,47,0,9,26,101,136,18,252,270,406
03/01/2022,VCT,TX,ASW,CE,Federal Contract Tower,0,5,12,72,89,0,1,21,34,56,0,6,33,106,145,8,332,340,485
03/02/2022,VCT,TX,ASW,CE,Federal Contract Tower,0,6,4,60,70,0,1,11,21,33,0,7,15,81,103,2,144,146,249
03/03/2022,VCT,TX,ASW,CE,Federal Contract Tower,0,6,10,50,66,0,3,7,17,27,0,9,17,67,93,6,116,122,215
03/04/2022,VCT,TX,ASW,CE,Federal Contract Tower,0,4,14,64,82,0,1,7,20,28,0,5,21,84,110,12,172,184,294
03/05/2022,VCT,TX,ASW,CE,Federal Contract Tower,0,3,10,0,13,0,0,0,0,0,0,3,10,0,13,8,0,8,21
03/06/2022,VCT,TX,ASW,CE,Federal Contract Tower,0,4,3,4,11,0,4,1,0,5,0,8,4,4,16,4,2,6,22
03/07/2022,VCT,TX,ASW,CE,Federal Contract Tower,0,10,0,8,18,0,0,3,26,29,0,10,3,34,47,2,26,28,75
03/08/2022,VCT,TX,ASW,CE,Federal Contract Tower,0,6,11,19,36,0,1,2,0,3,0,7,13,19,39,0,12,12,51
03/09/2022,VCT,TX,ASW,CE,Federal Contract Tower,0,6,9,11,26,0,0,28,27,55,0,6,37,38,81,12,114,126,207
03/10/2022,VCT,TX,ASW,CE,Federal Contract Tower,0,6,3,36,45,0,0,19,30,49,0,6,22,66,94,6,248,254,348
03/11/2022,VCT,TX,ASW,CE,Federal Contract Tower,0,6,7,4,17,0,0,0,0,0,0,6,7,4,17,0,4,4,21
03/12/2022,VCT,TX,ASW,CE,Federal Contract Tower,0,3,2,4,9,0,1,16,8,25,0,4,18,12,34,8,24,32,66
03/13/2022,VCT,TX,ASW,CE,Federal Contract Tower,0,3,3,19,25,0,0,10,9,19,0,3,13,28,44,4,74,78,122
03/14/2022,VCT,TX,ASW,CE,Federal Contract Tower,0,4,7,49,60,0,1,11,18,30,0,5,18,67,90,0,128,128,218
03/15/2022,VCT,TX,ASW,CE,Federal Contract Tower,0,6,9,24,39,0,4,10,22,36,0,10,19,46,75,0,172,172,247
03/16/2022,VCT,TX,ASW,CE,Federal Contract Tower,0,8,6,49,63,0,1,16,17,34,0,9,22,66,97,10,102,112,209
03/17/2022,VCT,TX,ASW,CE,Federal Contract Tower,0,7,7,18,32,0,0,4,7,11,0,7,11,25,43,2,70,72,115
03/18/2022,VCT,TX,ASW,CE,Federal Contract Tower,0,6,7,21,34,0,2,17,18,37,0,8,24,39,71,18,152,170,241
03/19/2022,VCT,TX,ASW,CE,Federal Contract Tower,0,5,3,4,12,0,4,26,12,42,0,9,29,16,54,4,98,102,156
03/20/2022,VCT,TX,ASW,CE,Federal Contract Tower,0,4,7,33,44,0,3,12,7,22,0,7,19,40,66,0,54,54,120
03/21/2022,VCT,TX,ASW,CE,Federal Contract Tower,0,7,3,10,20,0,0,0,0,0,0,7,3,10,20,0,8,8,28
03/22/2022,VCT,TX,ASW,CE,Federal Contract Tower,0,4,3,42,49,0,3,11,22,36,0,7,14,64,85,2,266,268,353
03/23/2022,VCT,TX,ASW,CE,Federal Contract Tower,0,8,5,45,58,0,1,18,35,54,0,9,23,80,112,8,230,238,350
03/24/2022,VCT,TX,ASW,CE,Federal Contract Tower,0,8,1,52,61,0,3,20,29,52,0,11,21,81,113,20,236,256,369
03/25/2022,VCT,TX,ASW,CE,Federal Contract Tower,0,8,4,26,38,0,1,25,16,42,0,9,29,42,80,2,74,76,156
03/26/2022,VCT,TX,ASW,CE,Federal Contract Tower,0,4,4,3,11,0,1,6,2,9,0,5,10,5,20,2,12,14,34
03/27/2022,VCT,TX,ASW,CE,Federal Contract Tower,0,4,1,25,30,0,3,5,3,11,0,7,6,28,41,0,40,40,81
03/28/2022,VCT,TX,ASW,CE,Federal Contract Tower,0,5,11,16,32,0,0,8,16,24,0,5,19,32,56,6,156,162,218
03/29/2022,VCT,TX,ASW,CE,Federal Contract Tower,0,4,3,10,17,0,0,1,8,9,0,4,4,18,26,2,32,34,60
03/30/2022,VCT,TX,ASW,CE,Federal Contract Tower,0,10,13,27,50,0,3,2,15,20,0,13,15,42,70,4,168,172,242
03/31/2022,VCT,TX,ASW,CE,Federal Contract Tower,0,6,5,25,36,0,0,24,29,53,0,6,29,54,89,4,142,146,235
04/01/2022,VCT,TX,ASW,CE,Federal Contract Tower,0,7,5,48,60,0,5,7,32,44,0,12,12,80,104,2,178,180,284
04/02/2022,VCT,TX,ASW,CE,Federal Contract Tower,0,3,6,14,23,0,8,9,13,30,0,11,15,27,53,12,142,154,207
04/03/2022,VCT,TX,ASW,CE,Federal Contract Tower,0,4,9,10,23,0,2,5,6,13,0,6,14,16,36,2,46,48,84
04/04/2022,VCT,TX,ASW,CE,Federal Contract Tower,0,5,7,27,39,0,3,0,0,3,0,8,7,27,42,2,16,18,60
04/05/2022,VCT,TX,ASW,CE,Federal Contract Tower,0,5,7,43,55,0,4,7,10,21,0,9,14,53,76,2,132,134,210
04/06/2022,VCT,TX,ASW,CE,Federal Contract Tower,0,6,10,8,24,0,6,9,21,36,0,12,19,29,60,0,68,68,128
04/07/2022,VCT,TX,ASW,CE,Federal Contract Tower,0,8,3,29,40,0,4,21,26,51,0,12,24,55,91,4,242,246,337
04/08/2022,VCT,TX,ASW,CE,Federal Contract Tower,0,11,12,5,28,0,1,13,13,27,0,12,25,18,55,4,84,88,143
04/09/2022,VCT,TX,ASW,CE,Federal Contract Tower,0,5,2,10,17,0,4,10,2,16,0,9,12,12,33,2,28,30,63
04/10/2022,VCT,TX,ASW,CE,Federal Contract Tower,0,9,8,4,21,0,2,6,2,10,0,11,14,6,31,2,4,6,37
04/11/2022,VCT,TX,ASW,CE,Federal Contract Tower,0,5,6,28,39,0,1,7,12,20,0,6,13,40,59,2,118,120,179
04/12/2022,VCT,TX,ASW,CE,Federal Contract Tower,0,6,8,30,44,0,2,5,0,7,0,8,13,30,51,2,22,24,75
04/13/2022,VCT,TX,ASW,CE,Federal Contract Tower,0,6,3,50,59,0,8,9,11,28,0,14,12,61,87,10,118,128,215
04/14/2022,VCT,TX,ASW,CE,Federal Contract Tower,0,6,10,44,60,0,1,15,23,39,0,7,25,67,99,12,155,167,266
04/15/2022,VCT,TX,ASW,CE,Federal Contract Tower,0,6,6,21,33,0,2,0,0,2,0,8,6,21,35,2,18,20,55
04/16/2022,VCT,TX,ASW,CE,Federal Contract Tower,0,4,12,4,20,0,3,6,1,10,0,7,18,5,30,8,14,22,52
04/17/2022,VCT,TX,ASW,CE,Federal Contract Tower,0,4,8,0,12,0,1,0,0,1,0,5,8,0,13,0,0,0,13
04/18/2022,VCT,TX,ASW,CE,Federal Contract Tower,0,6,1,51,58,0,4,10,12,26,0,10,11,63,84,4,198,202,286
04/19/2022,VCT,TX,ASW,CE,Federal Contract Tower,0,4,9,83,96,0,1,3,20,24,0,5,12,103,120,4,352,356,476
04/20/2022,VCT,TX,ASW,CE,Federal Contract Tower,0,6,12,55,73,0,4,4,8,16,0,10,16,63,89,4,92,96,185
04/21/2022,VCT,TX,ASW,CE,Federal Contract Tower,0,8,13,51,72,0,3,7,2,12,0,11,20,53,84,6,60,66,150
04/22/2022,VCT,TX,ASW,CE,Federal Contract Tower,0,9,12,28,49,0,3,12,15,30,0,12,24,43,79,14,108,122,201
04/23/2022,VCT,TX,ASW,CE,Federal Contract Tower,0,3,5,6,14,0,0,5,2,7,0,3,10,8,21,9,4,13,34
04/24/2022,VCT,TX,ASW,CE,Federal Contract Tower,0,5,6,7,18,0,1,1,7,9,0,6,7,14,27,2,24,26,53
04/25/2022,VCT,TX,ASW,CE,Federal Contract Tower,0,2,3,8,13,0,2,4,11,17,0,4,7,19,30,0,16,16,46
04/26/2022,VCT,TX,ASW,CE,Federal Contract Tower,0,4,3,14,21,0,3,5,12,20,0,7,8,26,41,0,122,122,163
04/27/2022,VCT,TX,ASW,CE,Federal Contract Tower,0,8,14,54,76,0,11,21,24,56,0,19,35,78,132,14,248,262,394
04/28/2022,VCT,TX,ASW,CE,Federal Contract Tower,0,13,10,60,83,0,4,13,30,47,0,17,23,90,130,16,238,254,384
04/29/2022,VCT,TX,ASW,CE,Federal Contract Tower,0,6,6,32,44,0,7,4,3,14,0,13,10,35,58,2,92,94,152
04/30/2022,VCT,TX,ASW,CE,Federal Contract Tower,0,3,4,5,12,0,3,10,3,16,0,6,14,8,28,4,4,8,36
05/01/2022,VCT,TX,ASW,CE,Federal Contract Tower,0,4,10,12,26,0,2,12,3,17,0,6,22,15,43,12,16,28,71
05/02/2022,VCT,TX,ASW,CE,Federal Contract Tower,0,5,1,18,24,0,2,1,25,28,0,7,2,43,52,0,182,182,234
05/03/2022,VCT,TX,ASW,CE,Federal Contract Tower,0,4,9,45,58,0,5,10,19,34,0,9,19,64,92,2,222,224,316
05/04/2022,VCT,TX,ASW,CE,Federal Contract Tower,0,6,5,74,85,0,1,11,3,15,0,7,16,77,100,4,152,156,256
05/05/2022,VCT,TX,ASW,CE,Federal Contract Tower,0,5,6,24,35,0,3,8,4,15,0,8,14,28,50,0,92,92,142
05/06/2022,VCT,TX,ASW,CE,Federal Contract Tower,0,6,9,23,38,0,8,17,8,33,0,14,26,31,71,4,52,56,127
05/07/2022,VCT,TX,ASW,CE,Federal Contract Tower,0,3,4,19,26,0,1,14,0,15,0,4,18,19,41,16,14,30,71
05/08/2022,VCT,TX,ASW,CE,Federal Contract Tower,0,4,1,20,25,0,0,4,1,5,0,4,5,21,30,0,20,20,50
05/09/2022,VCT,TX,ASW,CE,Federal Contract Tower,0,6,0,49,55,0,0,5,20,25,0,6,5,69,80,0,232,232,312
05/10/2022,VCT,TX,ASW,CE,Federal Contract Tower,0,4,6,84,94,0,0,11,21,32,0,4,17,105,126,14,116,130,256
05/11/2022,VCT,TX,ASW,CE,Federal Contract Tower,0,6,5,37,48,0,7,8,14,29,0,13,13,51,77,0,184,184,261
05/12/2022,VCT,TX,ASW,CE,Federal Contract Tower,0,6,8,18,32,0,1,17,39,57,0,7,25,57,89,16,140,156,245
05/13/2022,VCT,TX,ASW,CE,Federal Contract Tower,0,7,7,24,38,0,4,8,31,43,0,11,15,55,81,6,58,64,145
05/14/2022,VCT,TX,ASW,CE,Federal Contract Tower,0,5,9,12,26,0,4,15,11,30,0,9,24,23,56,10,114,124,180
05/15/2022,VCT,TX,ASW,CE,Federal Contract Tower,0,4,7,26,37,0,2,10,8,20,0,6,17,34,57,10,100,110,167
05/16/2022,VCT,TX,ASW,CE,Federal Contract Tower,0,5,12,57,74,0,0,8,18,26,0,5,20,75,100,10,184,194,294
05/17/2022,VCT,TX,ASW,CE,Federal Contract Tower,0,4,7,46,57,0,0,7,25,32,0,4,14,71,89,4,140,144,233
05/18/2022,VCT,TX,ASW,CE,Federal Contract Tower,0,6,10,16,32,0,4,9,25,38,0,10,19,41,70,2,170,172,242
05/19/2022,VCT,TX,ASW,CE,Federal Contract Tower,0,7,4,54,65,0,4,13,17,34,0,11,17,71,99,2,210,212,311
05/20/2022,VCT,TX,ASW,CE,Federal Contract Tower,0,6,5,34,45,0,1,2,18,21,0,7,7,52,66,0,102,102,168
05/21/2022,VCT,TX,ASW,CE,Federal Contract Tower,0,3,3,7,13,0,1,3,5,9,0,4,6,12,22,6,18,24,46
05/22/2022,VCT,TX,ASW,CE,Federal Contract Tower,0,9,1,16,26,0,3,6,6,15,0,12,7,22,41,4,54,58,99
05/23/2022,VCT,TX,ASW,CE,Federal Contract Tower,0,5,6,58,69,0,4,5,19,28,0,9,11,77,97,0,396,396,493
05/24/2022,VCT,TX,ASW,CE,Federal Contract Tower,0,6,7,10,23,0,1,10,12,23,0,7,17,22,46,2,162,164,210
05/25/2022,VCT,TX,ASW,CE,Federal Contract Tower,0,6,3,31,40,0,2,10,36,48,0,8,13,67,88,18,312,330,418
05/26/2022,VCT,TX,ASW,CE,Federal Contract Tower,0,6,5,68,79,0,7,26,11,44,0,13,31,79,123,15,150,165,288
05/27/2022,VCT,TX,ASW,CE,Federal Contract Tower,0,7,5,12,24,0,4,9,8,21,0,11,14,20,45,10,46,56,101
05/28/2022,VCT,TX,ASW,CE,Federal Contract Tower,0,3,6,10,19,0,4,22,2,28,0,7,28,12,47,12,14,26,73
05/29/2022,VCT,TX,ASW,CE,Federal Contract Tower,0,4,2,5,11,0,0,5,1,6,0,4,7,6,17,4,4,8,25
05/30/2022,VCT,TX,ASW,CE,Federal Contract Tower,0,4,9,3,16,0,3,12,4,19,0,7,21,7,35,4,24,28,63
05/31/2022,VCT,TX,ASW,CE,Federal Contract Tower,0,4,8,44,56,0,4,4,22,30,0,8,12,66,86,6,206,212,298
06/01/2022,VCT,TX,ASW,CE,Federal Contract Tower,0,6,7,54,67,0,2,5,9,16,0,8,12,63,83,4,180,184,267
06/02/2022,VCT,TX,ASW,CE,Federal Contract Tower,0,6,8,76,90,0,1,14,30,45,0,7,22,106,135,14,168,182,317
06/03/2022,VCT,TX,ASW,CE,Federal Contract Tower,0,6,5,41,52,0,4,17,18,39,0,10,22,59,91,22,170,192,283
06/04/2022,VCT,TX,ASW,CE,Federal Contract Tower,0,3,1,13,17,0,2,12,4,18,0,5,13,17,35,4,10,14,49
06/05/2022,VCT,TX,ASW,CE,Federal Contract Tower,0,5,6,18,29,0,4,13,10,27,0,9,19,28,56,8,48,56,112
06/06/2022,VCT,TX,ASW,CE,Federal Contract Tower,0,5,7,57,69,0,4,8,30,42,0,9,15,87,111,4,268,272,383
06/07/2022,VCT,TX,ASW,CE,Federal Contract Tower,0,4,13,46,63,0,2,7,22,31,0,6,20,68,94,4,188,192,286
06/08/2022,VCT,TX,ASW,CE,Federal Contract Tower,0,6,13,39,58,0,0,13,17,30,0,6,26,56,88,2,124,126,214
06/09/2022,VCT,TX,ASW,CE,Federal Contract Tower,0,5,9,62,76,0,1,14,28,43,0,6,23,90,119,16,214,230,349
06/10/2022,VCT,TX,ASW,CE,Federal Contract Tower,0,7,10,39,56,0,4,20,16,40,0,11,30,55,96,6,216,222,318
06/11/2022,VCT,TX,ASW,CE,Federal Contract Tower,0,3,1,27,31,0,2,4,3,9,0,5,5,30,40,0,48,48,88
06/12/2022,VCT,TX,ASW,CE,Federal Contract Tower,0,4,4,37,45,0,1,6,2,9,0,5,10,39,54,12,44,56,110
06/13/2022,VCT,TX,ASW,CE,Federal Contract Tower,0,7,3,3,13,0,3,1,5,9,0,10,4,8,22,2,36,38,60
06/14/2022,VCT,TX,ASW,CE,Federal Contract Tower,0,4,8,75,87,0,2,8,8,18,0,6,16,83,105,2,136,138,243
06/15/2022,VCT,TX,ASW,CE,Federal Contract Tower,0,6,2,51,59,0,4,8,19,31,0,10,10,70,90,0,128,128,218
06/16/2022,VCT,TX,ASW,CE,Federal Contract Tower,0,6,13,60,79,0,2,14,23,39,0,8,27,83,118,4,184,188,306
06/17/2022,VCT,TX,ASW,CE,Federal Contract Tower,0,6,9,54,69,0,0,8,13,21,0,6,17,67,90,2,160,162,252
06/18/2022,VCT,TX,ASW,CE,Federal Contract Tower,0,3,8,12,23,0,0,9,14,23,0,3,17,26,46,4,68,72,118
06/19/2022,VCT,TX,ASW,CE,Federal Contract Tower,0,4,1,11,16,0,7,16,1,24,0,11,17,12,40,20,10,30,70
06/20/2022,VCT,TX,ASW,CE,Federal Contract Tower,0,5,7,10,22,0,1,7,4,12,0,6,14,14,34,8,36,44,78
06/21/2022,VCT,TX,ASW,CE,Federal Contract Tower,0,9,6,16,31,0,2,17,24,43,0,11,23,40,74,10,42,52,126
06/22/2022,VCT,TX,ASW,CE,Federal Contract Tower,0,6,8,26,40,0,2,9,24,35,0,8,17,50,75,0,166,166,241
06/23/2022,VCT,TX,ASW,CE,Federal Contract Tower,0,7,6,37,50,0,5,12,15,32,0,12,18,52,82,16,114,130,212
06/24/2022,VCT,TX,ASW,CE,Federal Contract Tower,0,6,11,19,36,0,1,11,29,41,0,7,22,48,77,2,86,88,165
06/25/2022,VCT,TX,ASW,CE,Federal Contract Tower,0,5,0,18,23,0,4,19,4,27,0,9,19,22,50,0,24,24,74
06/26/2022,VCT,TX,ASW,CE,Federal Contract Tower,0,5,3,20,28,0,1,14,24,39,0,6,17,44,67,0,28,28,95
06/27/2022,VCT,TX,ASW,CE,Federal Contract Tower,0,4,3,40,47,0,2,5,19,26,0,6,8,59,73,2,82,84,157
06/28/2022,VCT,TX,ASW,CE,Federal Contract Tower,0,3,3,0,6,0,4,11,12,27,0,7,14,12,33,8,8,16,49
06/29/2022,VCT,TX,ASW,CE,Federal Contract Tower,0,6,6,44,56,0,3,8,6,17,0,9,14,50,73,8,70,78,151
06/30/2022,VCT,TX,ASW,CE,Federal Contract Tower,0,6,1,35,42,0,3,10,1,14,0,9,11,36,56,0,68,68,124
07/01/2022,VCT,TX,ASW,CE,Federal Contract Tower,0,4,0,27,31,0,2,4,11,17,0,6,4,38,48,0,84,84,132
07/02/2022,VCT,TX,ASW,CE,Federal Contract Tower,0,3,1,5,9,0,8,8,2,18,0,11,9,7,27,0,24,24,51
07/03/2022,VCT,TX,ASW,CE,Federal Contract Tower,0,2,1,6,9,0,3,7,4,14,0,5,8,10,23,10,70,80,103
07/04/2022,VCT,TX,ASW,CE,Federal Contract Tower,0,2,8,2,12,0,2,14,2,18,0,4,22,4,30,12,4,16,46
07/05/2022,VCT,TX,ASW,CE,Federal Contract Tower,0,4,10,10,24,0,0,10,6,16,0,4,20,16,40,4,76,80,120
07/06/2022,VCT,TX,ASW,CE,Federal Contract Tower,0,5,10,88,103,0,0,8,16,24,0,5,18,104,127,12,228,240,367
07/07/2022,VCT,TX,ASW,CE,Federal Contract Tower,0,5,4,64,73,0,0,13,21,34,0,5,17,85,107,2,144,146,253
07/08/2022,VCT,TX,ASW,CE,Federal Contract Tower,0,4,7,55,66,0,3,18,26,47,0,7,25,81,113,6,188,194,307
07/09/2022,VCT,TX,ASW,CE,Federal Contract Tower,0,4,3,19,26,0,2,17,6,25,0,6,20,25,51,10,48,58,109
07/10/2022,VCT,TX,ASW,CE,Federal Contract Tower,0,2,0,11,13,0,1,15,12,28,0,3,15,23,41,8,72,80,121
07/11/2022,VCT,TX,ASW,CE,Federal Contract Tower,0,4,2,80,86,0,0,12,33,45,0,4,14,113,131,28,364,392,523
07/12/2022,VCT,TX,ASW,CE,Federal Contract Tower,0,2,5,37,44,0,0,11,29,40,0,2,16,66,84,0,175,175,259
07/13/2022,VCT,TX,ASW,CE,Federal Contract Tower,0,5,7,47,59,0,3,6,34,43,0,8,13,81,102,8,192,200,302
07/14/2022,VCT,TX,ASW,CE,Federal Contract Tower,0,4,8,52,64,0,2,10,10,22,0,6,18,62,86,10,62,72,158
07/15/2022,VCT,TX,ASW,CE,Federal Contract Tower,0,6,3,22,31,0,0,4,10,14,0,6,7,32,45,0,100,100,145
07/16/2022,VCT,TX,ASW,CE,Federal Contract Tower,0,2,0,12,14,0,3,9,2,14,0,5,9,14,28,0,24,24,52
07/17/2022,VCT,TX,ASW,CE,Federal Contract Tower,0,3,4,23,30,0,1,15,6,22,0,4,19,29,52,8,38,46,98
07/18/2022,VCT,TX,ASW,CE,Federal Contract Tower,0,4,6,77,87,0,0,17,26,43,0,4,23,103,130,12,270,282,412
07/19/2022,VCT,TX,ASW,CE,Federal Contract Tower,0,2,1,97,100,0,5,9,16,30,0,7,10,113,130,2,130,132,262
07/20/2022,VCT,TX,ASW,CE,Federal Contract Tower,0,5,1,74,80,0,3,14,31,48,0,8,15,105,128,0,252,252,380
07/21/2022,VCT,TX,ASW,CE,Federal Contract Tower,0,4,6,48,58,0,0,7,18,25,0,4,13,66,83,4,115,119,202
07/22/2022,VCT,TX,ASW,CE,Federal Contract Tower,0,5,10,38,53,0,4,14,15,33,0,9,24,53,86,4,134,138,224
07/23/2022,VCT,TX,ASW,CE,Federal Contract Tower,0,1,2,20,23,0,5,10,2,17,0,6,12,22,40,2,28,30,70
07/24/2022,VCT,TX,ASW,CE,Federal Contract Tower,0,3,1,37,41,0,0,13,2,15,0,3,14,39,56,2,46,48,104
07/25/2022,VCT,TX,ASW,CE,Federal Contract Tower,0,4,3,52,59,0,0,13,21,34,0,4,16,73,93,6,194,200,293
07/26/2022,VCT,TX,ASW,CE,Federal Contract Tower,0,3,3,95,101,0,3,13,19,35,0,6,16,114,136,10,332,342,478
07/27/2022,VCT,TX,ASW,CE,Federal Contract Tower,0,4,8,58,70,0,4,10,18,32,0,8,18,76,102,26,120,146,248
07/28/2022,VCT,TX,ASW,CE,Federal Contract Tower,0,5,5,57,67,0,4,13,25,42,0,9,18,82,109,2,208,210,319
07/29/2022,VCT,TX,ASW,CE,Federal Contract Tower,0,5,2,59,66,0,3,10,20,33,0,8,12,79,99,2,150,152,251
07/30/2022,VCT,TX,ASW,CE,Federal Contract Tower,0,2,1,16,19,0,1,5,5,11,0,3,6,21,30,0,16,16,46
07/31/2022,VCT,TX,ASW,CE,Federal Contract Tower,0,2,2,9,13,0,0,6,1,7,0,2,8,10,20,6,62,68,88
08/01/2022,VCT,TX,ASW,CE,Federal Contract Tower,0,3,3,78,84,0,2,7,21,30,0,5,10,99,114,4,162,166,280
08/02/2022,VCT,TX,ASW,CE,Federal Contract Tower,0,2,1,76,79,0,5,10,19,34,0,7,11,95,113,14,210,224,337
08/03/2022,VCT,TX,ASW,CE,Federal Contract Tower,0,6,4,45,55,0,4,14,23,41,0,10,18,68,96,2,184,186,282
08/04/2022,VCT,TX,ASW,CE,Federal Contract Tower,0,6,0,78,84,0,2,13,25,40,0,8,13,103,124,2,178,180,304
08/05/2022,VCT,TX,ASW,CE,Federal Contract Tower,0,4,5,18,27,0,3,12,4,19,0,7,17,22,46,0,88,88,134
08/06/2022,VCT,TX,ASW,CE,Federal Contract Tower,0,4,1,4,9,0,2,9,2,13,0,6,10,6,22,2,28,30,52
08/07/2022,VCT,TX,ASW,CE,Federal Contract Tower,0,3,4,22,29,0,2,18,0,20,0,5,22,22,49,4,20,24,73
08/08/2022,VCT,TX,ASW,CE,Federal Contract Tower,0,4,1,84,89,0,0,9,17,26,0,4,10,101,115,2,232,234,349
08/09/2022,VCT,TX,ASW,CE,Federal Contract Tower,0,2,1,97,100,0,0,12,24,36,0,2,13,121,136,8,161,169,305
08/10/2022,VCT,TX,ASW,CE,Federal Contract Tower,0,2,6,63,71,0,14,17,28,59,0,16,23,91,130,14,120,134,264
08/11/2022,VCT,TX,ASW,CE,Federal Contract Tower,0,5,11,20,36,0,6,16,10,32,0,11,27,30,68,8,88,96,164
08/12/2022,VCT,TX,ASW,CE,Federal Contract Tower,0,5,9,2,16,0,2,6,5,13,0,7,15,7,29,2,2,4,33
08/13/2022,VCT,TX,ASW,CE,Federal Contract Tower,0,1,2,3,6,0,5,4,1,10,0,6,6,4,16,0,4,4,20
08/14/2022,VCT,TX,ASW,CE,Federal Contract Tower,0,6,4,4,14,0,1,4,2,7,0,7,8,6,21,0,6,6,27
08/15/2022,VCT,TX,ASW,CE,Federal Contract Tower,0,3,5,83,91,0,3,15,14,32,0,6,20,97,123,2,138,140,263
08/16/2022,VCT,TX,ASW,CE,Federal Contract Tower,0,3,6,46,55,0,4,19,21,44,0,7,25,67,99,12,196,208,307
08/17/2022,VCT,TX,ASW,CE,Federal Contract Tower,0,4,8,14,26,0,0,20,31,51,0,4,28,45,77,4,208,212,289
08/18/2022,VCT,TX,ASW,CE,Federal Contract Tower,0,5,3,9,17,0,6,13,15,34,0,11,16,24,51,16,118,134,185
08/19/2022,VCT,TX,ASW,CE,Federal Contract Tower,0,7,5,8,20,0,1,7,9,17,0,8,12,17,37,12,40,52,89
08/20/2022,VCT,TX,ASW,CE,Federal Contract Tower,0,2,2,5,9,0,2,4,3,9,0,4,6,8,18,2,8,10,28
08/21/2022,VCT,TX,ASW,CE,Federal Contract Tower,0,2,4,17,23,0,0,5,7,12,0,2,9,24,35,0,38,38,73
08/22/2022,VCT,TX,ASW,CE,Federal Contract Tower,0,3,6,43,52,0,2,8,18,28,0,5,14,61,80,2,122,124,204
08/23/2022,VCT,TX,ASW,CE,Federal Contract Tower,0,4,12,20,36,0,3,8,9,20,0,7,20,29,56,20,50,70,126
08/24/2022,VCT,TX,ASW,CE,Federal Contract Tower,0,4,11,2,17,0,3,3,1,7,0,7,14,3,24,2,0,2,26
08/25/2022,VCT,TX,ASW,CE,Federal Contract Tower,0,4,7,14,25,0,5,5,2,12,0,9,12,16,37,0,26,26,63
08/26/2022,VCT,TX,ASW,CE,Federal Contract Tower,0,4,7,8,19,0,10,9,2,21,0,14,16,10,40,2,6,8,48
08/27/2022,VCT,TX,ASW,CE,Federal Contract Tower,0,4,0,19,23,0,8,12,4,24,0,12,12,23,47,2,20,22,69
08/28/2022,VCT,TX,ASW,CE,Federal Contract Tower,0,2,5,25,32,0,4,11,7,22,0,6,16,32,54,0,94,94,148
08/29/2022,VCT,TX,ASW,CE,Federal Contract Tower,0,4,2,4,10,0,4,3,6,13,0,8,5,10,23,12,16,28,51
08/30/2022,VCT,TX,ASW,CE,Federal Contract Tower,0,3,6,22,31,0,2,4,2,8,0,5,10,24,39,0,20,20,59
08/31/2022,VCT,TX,ASW,CE,Federal Contract Tower,0,6,3,56,65,0,3,14,18,35,0,9,17,74,100,12,202,214,314
09/01/2022,VCT,TX,ASW,CE,Federal Contract Tower,0,5,2,58,65,0,7,6,30,43,0,12,8,88,108,0,160,160,268
09/02/2022,VCT,TX,ASW,CE,Federal Contract Tower,0,4,4,25,33,0,3,10,10,23,0,7,14,35,56,6,110,116,172
09/03/2022,VCT,TX,ASW,CE,Federal Contract Tower,0,2,2,6,10,0,2,3,0,5,0,4,5,6,15,6,4,10,25
09/04/2022,VCT,TX,ASW,CE,Federal Contract Tower,0,2,0,7,9,0,7,0,1,8,0,9,0,8,17,0,8,8,25
09/05/2022,VCT,TX,ASW,CE,Federal Contract Tower,0,3,12,4,19,0,6,12,0,18,0,9,24,4,37,4,4,8,45
09/06/2022,VCT,TX,ASW,CE,Federal Contract Tower,0,4,0,46,50,0,0,9,13,22,0,4,9,59,72,26,120,146,218
09/07/2022,VCT,TX,ASW,CE,Federal Contract Tower,0,2,2,42,46,0,0,18,12,30,0,2,20,54,76,8,96,104,180
09/08/2022,VCT,TX,ASW,CE,Federal Contract Tower,0,4,10,14,28,0,0,8,12,20,0,4,18,26,48,8,128,136,184
09/09/2022,VCT,TX,ASW,CE,Federal Contract Tower,0,7,7,28,42,0,2,8,24,34,0,9,15,52,76,4,96,100,176
09/10/2022,VCT,TX,ASW,CE,Federal Contract Tower,0,1,6,7,14,0,5,22,1,28,0,6,28,8,42,14,8,22,64
09/11/2022,VCT,TX,ASW,CE,Federal Contract Tower,0,2,4,15,21,0,1,24,6,31,0,3,28,21,52,6,42,48,100
09/12/2022,VCT,TX,ASW,CE,Federal Contract Tower,0,3,17,57,77,0,2,14,25,41,0,5,31,82,118,6,254,260,378
09/13/2022,VCT,TX,ASW,CE,Federal Contract Tower,0,2,4,27,33,0,0,9,5,14,0,2,13,32,47,0,116,116,163
09/14/2022,VCT,TX,ASW,CE,Federal Contract Tower,0,4,8,98,110,0,2,17,28,47,0,6,25,126,157,8,284,292,449
09/15/2022,VCT,TX,ASW,CE,Federal Contract Tower,0,4,6,29,39,0,12,15,20,47,0,16,21,49,86,22,268,290,376
09/16/2022,VCT,TX,ASW,CE,Federal Contract Tower,0,5,8,33,46,0,2,17,10,29,0,7,25,43,75,0,144,144,219
09/17/2022,VCT,TX,ASW,CE,Federal Contract Tower,0,1,4,6,11,0,1,13,13,27,0,2,17,19,38,8,98,106,144
09/18/2022,VCT,TX,ASW,CE,Federal Contract Tower,0,2,13,12,27,0,2,19,12,33,0,4,32,24,60,26,76,102,162
09/19/2022,VCT,TX,ASW,CE,Federal Contract Tower,0,3,11,48,62,0,1,5,31,37,0,4,16,79,99,2,268,270,369
09/20/2022,VCT,TX,ASW,CE,Federal Contract Tower,0,2,8,40,50,0,1,13,13,27,0,3,21,53,77,0,152,152,229
09/21/2022,VCT,TX,ASW,CE,Federal Contract Tower,0,4,4,72,80,0,5,12,14,31,0,9,16,86,111,6,188,194,305
09/22/2022,VCT,TX,ASW,CE,Federal Contract Tower,0,4,5,42,51,0,1,28,14,43,0,5,33,56,94,8,84,92,186
09/23/2022,VCT,TX,ASW,CE,Federal Contract Tower,0,4,5,29,38,0,5,8,4,17,0,9,13,33,55,4,106,110,165
09/24/2022,VCT,TX,ASW,CE,Federal Contract Tower,0,0,3,0,3,0,6,5,4,15,0,6,8,4,18,2,30,32,50
09/25/2022,VCT,TX,ASW,CE,Federal Contract Tower,0,2,3,18,23,0,0,14,3,17,0,2,17,21,40,2,28,30,70
09/26/2022,VCT,TX,ASW,CE,Federal Contract Tower,0,4,4,51,59,0,1,11,26,38,0,5,15,77,97,2,303,305,402
09/27/2022,VCT,TX,ASW,CE,Federal Contract Tower,0,3,6,59,68,0,0,10,14,24,0,3,16,73,92,2,136,138,230
09/28/2022,VCT,TX,ASW,CE,Federal Contract Tower,0,5,6,61,72,0,2,18,17,37,0,7,24,78,109,12,164,176,285
09/29/2022,VCT,TX,ASW,CE,Federal Contract Tower,0,5,8,46,59,0,1,21,10,32,0,6,29,56,91,6,214,220,311
09/30/2022,VCT,TX,ASW,CE,Federal Contract Tower,0,5,2,17,24,0,0,16,11,27,0,5,18,28,51,6,140,146,197
10/01/2022,VCT,TX,ASW,CE,Federal Contract Tower,0,2,0,12,14,0,2,15,0,17,0,4,15,12,31,8,8,16,47
10/02/2022,VCT,TX,ASW,CE,Federal Contract Tower,0,3,3,7,13,0,0,28,0,28,0,3,31,7,41,4,6,10,51
10/03/2022,VCT,TX,ASW,CE,Federal Contract Tower,0,4,1,62,67,0,0,17,16,33,0,4,18,78,100,2,122,124,224
10/04/2022,VCT,TX,ASW,CE,Federal Contract Tower,0,2,4,43,49,0,3,17,14,34,0,5,21,57,83,16,222,238,321
10/05/2022,VCT,TX,ASW,CE,Federal Contract Tower,0,5,3,39,47,0,2,21,22,45,0,7,24,61,92,10,186,196,288
10/06/2022,VCT,TX,ASW,CE,Federal Contract Tower,0,5,5,37,47,0,3,15,17,35,0,8,20,54,82,4,110,114,196
10/08/2022,VCT,TX,ASW,CE,Federal Contract Tower,0,2,2,0,4,0,7,19,2,28,0,9,21,2,32,6,2,8,40
10/09/2022,VCT,TX,ASW,CE,Federal Contract Tower,0,3,2,0,5,0,2,10,4,16,0,5,12,4,21,0,28,28,49
10/10/2022,VCT,TX,ASW,CE,Federal Contract Tower,0,4,6,4,14,0,0,18,2,20,0,4,24,6,34,22,2,24,58
10/11/2022,VCT,TX,ASW,CE,Federal Contract Tower,0,2,8,65,75,0,3,10,37,50,0,5,18,102,125,4,238,242,367
10/12/2022,VCT,TX,ASW,CE,Federal Contract Tower,0,5,11,44,60,0,2,16,12,30,0,7,27,56,90,22,116,138,228
10/13/2022,VCT,TX,ASW,CE,Federal Contract Tower,0,5,8,9,22,0,2,10,16,28,0,7,18,25,50,2,56,58,108
10/14/2022,VCT,TX,ASW,CE,Federal Contract Tower,0,5,11,36,52,0,8,5,3,16,0,13,16,39,68,6,52,58,126
10/15/2022,VCT,TX,ASW,CE,Federal Contract Tower,0,2,2,17,21,0,3,12,3,18,0,5,14,20,39,4,30,34,73
10/16/2022,VCT,TX,ASW,CE,Federal Contract Tower,0,3,4,0,7,0,0,11,0,11,0,3,15,0,18,12,0,12,30
10/17/2022,VCT,TX,ASW,CE,Federal Contract Tower,0,4,8,6,18,0,4,1,2,7,0,8,9,8,25,0,42,42,67
10/18/2022,VCT,TX,ASW,CE,Federal Contract Tower,0,3,12,30,45,0,2,12,8,22,0,5,24,38,67,16,246,262,329
10/19/2022,VCT,TX,ASW,CE,Federal Contract Tower,0,5,7,18,30,0,1,14,41,56,0,6,21,59,86,8,180,188,274
10/20/2022,VCT,TX,ASW,CE,Federal Contract Tower,0,5,10,15,30,0,1,19,17,37,0,6,29,32,67,2,144,146,213
10/21/2022,VCT,TX,ASW,CE,Federal Contract Tower,0,5,7,30,42,0,4,19,12,35,0,9,26,42,77,2,124,126,203
10/22/2022,VCT,TX,ASW,CE,Federal Contract Tower,0,2,2,22,26,0,2,18,14,34,0,4,20,36,60,2,106,108,168
10/23/2022,VCT,TX,ASW,CE,Federal Contract Tower,0,3,4,4,11,0,1,6,7,14,0,4,10,11,25,10,36,46,71
10/24/2022,VCT,TX,ASW,CE,Federal Contract Tower,0,6,3,45,54,0,1,3,12,16,0,7,6,57,70,10,222,232,302
10/25/2022,VCT,TX,ASW,CE,Federal Contract Tower,0,4,4,32,40,0,2,5,29,36,0,6,9,61,76,2,140,142,218
10/26/2022,VCT,TX,ASW,CE,Federal Contract Tower,0,8,6,60,74,0,6,23,31,60,0,14,29,91,134,2,298,300,434
10/27/2022,VCT,TX,ASW,CE,Federal Contract Tower,0,9,5,46,60,0,7,18,33,58,0,16,23,79,118,4,270,274,392
10/28/2022,VCT,TX,ASW,CE,Federal Contract Tower,0,7,2,6,15,0,2,0,0,2,0,9,2,6,17,0,4,4,21
10/29/2022,VCT,TX,ASW,CE,Federal Contract Tower,0,2,2,6,10,0,6,12,6,24,0,8,14,12,34,0,72,72,106
10/30/2022,VCT,TX,ASW,CE,Federal Contract Tower,0,3,2,0,5,0,2,11,2,15,0,5,13,2,20,2,8,10,30
10/31/2022,VCT,TX,ASW,CE,Federal Contract Tower,0,6,7,45,58,0,3,13,30,46,0,9,20,75,104,2,308,310,414
11/01/2022,VCT,TX,ASW,CE,Federal Contract Tower,0,3,16,31,50,0,0,0,1,1,0,3,16,32,51,4,50,54,105
11/02/2022,VCT,TX,ASW,CE,Federal Contract Tower,0,8,13,80,101,0,3,5,6,14,0,11,18,86,115,4,294,298,413
11/03/2022,VCT,TX,ASW,CE,Federal Contract Tower,0,6,12,25,43,0,4,8,10,22,0,10,20,35,65,0,100,100,165
11/04/2022,VCT,TX,ASW,CE,Federal Contract Tower,0,7,10,19,36,0,0,2,12,14,0,7,12,31,50,2,14,16,66
11/05/2022,VCT,TX,ASW,CE,Federal Contract Tower,0,4,4,24,32,0,8,25,10,43,0,12,29,34,75,2,38,40,115
11/06/2022,VCT,TX,ASW,CE,Federal Contract Tower,0,5,4,7,16,0,2,8,5,15,0,7,12,12,31,4,32,36,67
11/07/2022,VCT,TX,ASW,CE,Federal Contract Tower,0,3,4,91,98,0,4,12,13,29,0,7,16,104,127,18,262,280,407
11/08/2022,VCT,TX,ASW,CE,Federal Contract Tower,0,2,12,82,96,0,6,5,6,17,0,8,17,88,113,4,98,102,215
11/09/2022,VCT,TX,ASW,CE,Federal Contract Tower,0,8,7,80,95,0,4,9,6,19,0,12,16,86,114,0,128,128,242
11/10/2022,VCT,TX,ASW,CE,Federal Contract Tower,0,5,6,37,48,0,4,14,23,41,0,9,20,60,89,6,170,176,265
11/11/2022,VCT,TX,ASW,CE,Federal Contract Tower,0,6,8,9,23,0,2,10,1,13,0,8,18,10,36,2,4,6,42
11/12/2022,VCT,TX,ASW,CE,Federal Contract Tower,0,2,6,7,15,0,3,12,6,21,0,5,18,13,36,2,60,62,98
11/13/2022,VCT,TX,ASW,CE,Federal Contract Tower,0,3,5,2,10,0,4,16,2,22,0,7,21,4,32,4,14,18,50
11/14/2022,VCT,TX,ASW,CE,Federal Contract Tower,0,7,3,18,28,0,6,0,0,6,0,13,3,18,34,2,16,18,52
11/15/2022,VCT,TX,ASW,CE,Federal Contract Tower,0,3,11,10,24,0,4,8,12,24,0,7,19,22,48,2,152,154,202
11/16/2022,VCT,TX,ASW,CE,Federal Contract Tower,0,12,4,46,62,0,0,15,34,49,0,12,19,80,111,8,260,268,379
11/17/2022,VCT,TX,ASW,CE,Federal Contract Tower,0,7,5,11,23,0,0,11,7,18,0,7,16,18,41,22,120,142,183
11/18/2022,VCT,TX,ASW,CE,Federal Contract Tower,0,5,18,43,66,0,13,2,12,27,0,18,20,55,93,2,158,160,253
11/19/2022,VCT,TX,ASW,CE,Federal Contract Tower,0,2,1,0,3,0,0,1,0,1,0,2,2,0,4,0,0,0,4
11/20/2022,VCT,TX,ASW,CE,Federal Contract Tower,0,3,1,22,26,0,0,9,2,11,0,3,10,24,37,4,26,30,67
11/21/2022,VCT,TX,ASW,CE,Federal Contract Tower,0,6,2,19,27,0,1,0,0,1,0,7,2,19,28,0,14,14,42
11/22/2022,VCT,TX,ASW,CE,Federal Contract Tower,0,5,16,48,69,0,2,0,1,3,0,7,16,49,72,4,66,70,142
11/23/2022,VCT,TX,ASW,CE,Federal Contract Tower,0,5,4,7,16,0,1,5,4,10,0,6,9,11,26,2,26,28,54
11/24/2022,VCT,TX,ASW,CE,Federal Contract Tower,0,1,0,0,1,0,0,0,0,0,0,1,0,0,1,0,0,0,1
11/25/2022,VCT,TX,ASW,CE,Federal Contract Tower,0,5,1,0,6,0,0,0,0,0,0,5,1,0,6,0,0,0,6
11/26/2022,VCT,TX,ASW,CE,Federal Contract Tower,0,2,3,4,9,0,3,16,0,19,0,5,19,4,28,20,4,24,52
11/27/2022,VCT,TX,ASW,CE,Federal Contract Tower,0,3,8,7,18,0,1,22,1,24,0,4,30,8,42,6,18,24,66
11/28/2022,VCT,TX,ASW,CE,Federal Contract Tower,0,4,3,56,63,0,2,23,18,43,0,6,26,74,106,8,432,440,546
11/29/2022,VCT,TX,ASW,CE,Federal Contract Tower,0,10,5,56,71,0,7,8,8,23,0,17,13,64,94,10,120,130,224
11/30/2022,VCT,TX,ASW,CE,Federal Contract Tower,0,8,6,66,80,0,9,14,23,46,0,17,20,89,126,12,164,176,302
12/01/2022,VCT,TX,ASW,CE,Federal Contract Tower,0,5,7,28,40,0,4,3,14,21,0,9,10,42,61,2,96,98,159
12/02/2022,VCT,TX,ASW,CE,Federal Contract Tower,0,4,5,8,17,0,0,0,0,0,0,4,5,8,17,0,8,8,25
12/03/2022,VCT,TX,ASW,CE,Federal Contract Tower,0,3,4,8,15,0,1,0,0,1,0,4,4,8,16,4,6,10,26
12/04/2022,VCT,TX,ASW,CE,Federal Contract Tower,0,3,2,7,12,0,2,4,0,6,0,5,6,7,18,16,4,20,38
12/05/2022,VCT,TX,ASW,CE,Federal Contract Tower,0,4,15,15,34,0,3,8,10,21,0,7,23,25,55,10,56,66,121
12/06/2022,VCT,TX,ASW,CE,Federal Contract Tower,0,4,15,15,34,0,1,6,18,25,0,5,21,33,59,8,136,144,203
12/07/2022,VCT,TX,ASW,CE,Federal Contract Tower,0,6,6,7,19,0,4,15,4,23,0,10,21,11,42,14,34,48,90
12/08/2022,VCT,TX,ASW,CE,Federal Contract Tower,0,4,3,2,9,0,2,9,10,21,0,6,12,12,30,0,36,36,66
12/09/2022,VCT,TX,ASW,CE,Federal Contract Tower,0,6,8,6,20,0,5,5,6,16,0,11,13,12,36,20,6,26,62
12/10/2022,VCT,TX,ASW,CE,Federal Contract Tower,0,3,3,11,17,0,1,1,4,6,0,4,4,15,23,0,30,30,53
12/11/2022,VCT,TX,ASW,CE,Federal Contract Tower,0,2,2,6,10,0,2,4,0,6,0,4,6,6,16,2,18,20,36
12/12/2022,VCT,TX,ASW,CE,Federal Contract Tower,0,4,16,24,44,0,2,2,1,5,0,6,18,25,49,6,16,22,71
12/13/2022,VCT,TX,ASW,CE,Federal Contract Tower,0,4,23,47,74,0,2,4,14,20,0,6,27,61,94,4,56,60,154
12/14/2022,VCT,TX,ASW,CE,Federal Contract Tower,0,4,9,45,58,0,0,6,8,14,0,4,15,53,72,0,164,164,236
12/15/2022,VCT,TX,ASW,CE,Federal Contract Tower,0,4,10,65,79,0,2,28,54,84,0,6,38,119,163,28,488,516,679
12/16/2022,VCT,TX,ASW,CE,Federal Contract Tower,0,5,8,39,52,0,2,8,23,33,0,7,16,62,85,22,196,218,303
12/18/2022,VCT,TX,ASW,CE,Federal Contract Tower,0,2,12,13,27,0,0,14,9,23,0,2,26,22,50,2,104,106,156
12/19/2022,VCT,TX,ASW,CE,Federal Contract Tower,0,5,5,0,10,0,0,0,0,0,0,5,5,0,10,0,0,0,10
12/21/2022,VCT,TX,ASW,CE,Federal Contract Tower,0,4,14,50,68,0,4,7,0,11,0,8,21,50,79,2,30,32,111
12/22/2022,VCT,TX,ASW,CE,Federal Contract Tower,0,5,1,22,28,0,3,6,5,14,0,8,7,27,42,2,18,20,62
12/23/2022,VCT,TX,ASW,CE,Federal Contract Tower,0,6,5,0,11,0,6,10,0,16,0,12,15,0,27,0,0,0,27
12/24/2022,VCT,TX,ASW,CE,Federal Contract Tower,0,5,0,0,5,0,2,8,0,10,0,7,8,0,15,2,0,2,17
12/25/2022,VCT,TX,ASW,CE,Federal Contract Tower,0,2,3,0,5,0,0,6,0,6,0,2,9,0,11,0,0,0,11
12/26/2022,VCT,TX,ASW,CE,Federal Contract Tower,0,5,6,0,11,0,0,20,0,20,0,5,26,0,31,16,0,16,47
12/27/2022,VCT,TX,ASW,CE,Federal Contract Tower,0,4,1,6,11,0,0,18,2,20,0,4,19,8,31,0,14,14,45
12/28/2022,VCT,TX,ASW,CE,Federal Contract Tower,0,5,4,17,26,0,1,21,18,40,0,6,25,35,66,0,86,86,152
12/29/2022,VCT,TX,ASW,CE,Federal Contract Tower,0,4,2,19,25,0,4,5,4,13,0,8,7,23,38,0,20,20,58
12/30/2022,VCT,TX,ASW,CE,Federal Contract Tower,0,4,8,1,13,0,7,7,1,15,0,11,15,2,28,0,0,0,28
12/31/2022,VCT,TX,ASW,CE,Federal Contract Tower,0,3,2,0,5,0,3,12,1,16,0,6,14,1,21,2,0,2,23
01/01/2023,VCT,TX,ASW,CE,Federal Contract Tower,0,2,1,0,3,0,2,0,0,2,0,4,1,0,5,0,0,0,5
01/02/2023,VCT,TX,ASW,CE,Federal Contract Tower,0,2,9,0,11,0,1,1,0,2,0,3,10,0,13,0,0,0,13
01/03/2023,VCT,TX,ASW,CE,Federal Contract Tower,0,4,1,25,30,0,2,12,8,22,0,6,13,33,52,4,140,144,196
01/04/2023,VCT,TX,ASW,CE,Federal Contract Tower,0,4,6,19,29,0,3,26,27,56,0,7,32,46,85,8,170,178,263
01/05/2023,VCT,TX,ASW,CE,Federal Contract Tower,0,5,2,29,36,0,2,21,10,33,0,7,23,39,69,8,132,140,209
01/06/2023,VCT,TX,ASW,CE,Federal Contract Tower,0,5,9,42,56,0,4,7,22,33,0,9,16,64,89,4,248,252,341
01/07/2023,VCT,TX,ASW,CE,Federal Contract Tower,0,3,6,4,13,0,2,3,2,7,0,5,9,6,20,22,24,46,66
01/08/2023,VCT,TX,ASW,CE,Federal Contract Tower,0,2,0,11,13,0,0,21,4,25,0,2,21,15,38,8,58,66,104
01/09/2023,VCT,TX,ASW,CE,Federal Contract Tower,0,4,6,32,42,0,5,6,10,21,0,9,12,42,63,2,82,84,147
01/10/2023,VCT,TX,ASW,CE,Federal Contract Tower,0,4,5,31,40,0,2,11,6,19,0,6,16,37,59,4,66,70,129
01/11/2023,VCT,TX,ASW,CE,Federal Contract Tower,0,5,0,49,54,0,2,13,11,26,0,7,13,60,80,2,114,116,196
01/12/2023,VCT,TX,ASW,CE,Federal Contract Tower,0,4,14,42,60,0,4,10,14,28,0,8,24,56,88,10,42,52,140
01/13/2023,VCT,TX,ASW,CE,Federal Contract Tower,0,4,11,30,45,0,0,16,24,40,0,4,27,54,85,6,70,76,161
01/14/2023,VCT,TX,ASW,CE,Federal Contract Tower,0,3,6,10,19,0,2,27,4,33,0,5,33,14,52,16,26,42,94
01/15/2023,VCT,TX,ASW,CE,Federal Contract Tower,0,2,7,5,14,0,1,3,3,7,0,3,10,8,21,2,4,6,27
01/16/2023,VCT,TX,ASW,CE,Federal Contract Tower,0,6,4,14,24,0,6,4,2,12,0,12,8,16,36,6,28,34,70
01/17/2023,VCT,TX,ASW,CE,Federal Contract Tower,0,6,4,50,60,0,9,4,7,20,0,15,8,57,80,2,63,65,145
01/18/2023,VCT,TX,ASW,CE,Federal Contract Tower,0,5,5,53,63,0,0,13,10,23,0,5,18,63,86,10,194,204,290
01/19/2023,VCT,TX,ASW,CE,Federal Contract Tower,0,6,9,32,47,0,12,49,9,70,0,18,58,41,117,18,98,116,233
01/20/2023,VCT,TX,ASW,CE,Federal Contract Tower,0,5,7,64,76,0,1,10,13,24,0,6,17,77,100,0,122,122,222
01/21/2023,VCT,TX,ASW,CE,Federal Contract Tower,0,3,0,18,21,0,3,0,9,12,0,6,0,27,33,0,60,60,93
01/22/2023,VCT,TX,ASW,CE,Federal Contract Tower,0,2,3,25,30,0,4,33,8,45,0,6,36,33,75,8,30,38,113
01/23/2023,VCT,TX,ASW,CE,Federal Contract Tower,0,5,8,63,76,0,2,17,25,44,0,7,25,88,120,14,236,250,370
01/24/2023,VCT,TX,ASW,CE,Federal Contract Tower,0,4,6,16,26,0,0,0,2,2,0,4,6,18,28,0,36,36,64
01/25/2023,VCT,TX,ASW,CE,Federal Contract Tower,0,5,15,29,49,0,5,8,26,39,0,10,23,55,88,4,152,156,244
01/26/2023,VCT,TX,ASW,CE,Federal Contract Tower,4,5,0,30,39,0,1,10,34,45,4,6,10,64,84,6,276,282,366
01/27/2023,VCT,TX,ASW,CE,Federal Contract Tower,0,5,11,23,39,0,3,6,12,21,0,8,17,35,60,0,48,48,108
01/28/2023,VCT,TX,ASW,CE,Federal Contract Tower,0,3,0,16,19,0,0,0,1,1,0,3,0,17,20,0,16,16,36
01/29/2023,VCT,TX,ASW,CE,Federal Contract Tower,0,4,9,2,15,0,0,0,0,0,0,4,9,2,15,0,2,2,17
01/30/2023,VCT,TX,ASW,CE,Federal Contract Tower,0,3,5,0,8,0,0,0,0,0,0,3,5,0,8,2,0,2,10
01/31/2023,VCT,TX,ASW,CE,Federal Contract Tower,0,4,4,0,8,0,0,0,0,0,0,4,4,0,8,2,0,2,10
02/01/2023,VCT,TX,ASW,CE,Federal Contract Tower,0,4,2,0,6,0,0,0,0,0,0,4,2,0,6,0,0,0,6
02/02/2023,VCT,TX,ASW,CE,Federal Contract Tower,0,4,4,23,31,0,0,0,0,0,0,4,4,23,31,2,14,16,47
02/03/2023,VCT,TX,ASW,CE,Federal Contract Tower,0,4,16,18,38,0,1,6,7,14,0,5,22,25,52,6,74,80,132
02/04/2023,VCT,TX,ASW,CE,Federal Contract Tower,0,1,2,4,7,0,1,8,2,11,0,2,10,6,18,4,10,14,32
02/05/2023,VCT,TX,ASW,CE,Federal Contract Tower,0,4,5,22,31,0,1,27,11,39,0,5,32,33,70,32,74,106,176
02/06/2023,VCT,TX,ASW,CE,Federal Contract Tower,0,4,3,78,85,0,2,7,22,31,0,6,10,100,116,0,234,234,350
02/07/2023,VCT,TX,ASW,CE,Federal Contract Tower,0,2,1,51,54,0,0,2,15,17,0,2,3,66,71,0,90,90,161
02/08/2023,VCT,TX,ASW,CE,Federal Contract Tower,0,4,10,15,29,0,0,5,5,10,0,4,15,20,39,0,46,46,85
02/09/2023,VCT,TX,ASW,CE,Federal Contract Tower,0,4,7,71,82,0,0,27,15,42,0,4,34,86,124,16,166,182,306
02/10/2023,VCT,TX,ASW,CE,Federal Contract Tower,0,7,9,19,35,0,1,6,17,24,0,8,15,36,59,2,72,74,133
02/11/2023,VCT,TX,ASW,CE,Federal Contract Tower,0,2,4,2,8,0,2,11,2,15,0,4,15,4,23,18,2,20,43
02/12/2023,VCT,TX,ASW,CE,Federal Contract Tower,0,2,4,10,16,0,0,29,6,35,0,2,33,16,51,36,30,66,117
02/13/2023,VCT,TX,ASW,CE,Federal Contract Tower,0,4,10,66,80,0,3,13,20,36,0,7,23,86,116,12,146,158,274
02/14/2023,VCT,TX,ASW,CE,Federal Contract Tower,0,2,12,50,64,0,2,8,15,25,0,4,20,65,89,2,136,138,227
02/15/2023,VCT,TX,ASW,CE,Federal Contract Tower,0,7,0,47,54,0,1,2,2,5,0,8,2,49,59,0,60,60,119
02/16/2023,VCT,TX,ASW,CE,Federal Contract Tower,0,6,11,36,53,0,3,5,6,14,0,9,16,42,67,0,142,142,209
02/17/2023,VCT,TX,ASW,CE,Federal Contract Tower,0,5,8,24,37,0,2,12,13,27,0,7,20,37,64,10,206,216,280
02/18/2023,VCT,TX,ASW,CE,Federal Contract Tower,0,1,6,17,24,0,4,15,1,20,0,5,21,18,44,22,16,38,82
02/19/2023,VCT,TX,ASW,CE,Federal Contract Tower,0,2,5,2,9,0,2,19,0,21,0,4,24,2,30,16,0,16,46
02/20/2023,VCT,TX,ASW,CE,Federal Contract Tower,0,2,4,8,14,0,0,0,6,6,0,2,4,14,20,2,60,62,82
02/21/2023,VCT,TX,ASW,CE,Federal Contract Tower,0,2,7,19,28,0,1,5,9,15,0,3,12,28,43,2,34,36,79
02/22/2023,VCT,TX,ASW,CE,Federal Contract Tower,0,4,9,42,55,0,0,11,11,22,0,4,20,53,77,8,96,104,181
02/23/2023,VCT,TX,ASW,CE,Federal Contract Tower,0,8,6,4,18,0,2,4,0,6,0,10,10,4,24,0,0,0,24
02/24/2023,VCT,TX,ASW,CE,Federal Contract Tower,0,3,9,22,34,0,0,3,3,6,0,3,12,25,40,0,26,26,66
02/25/2023,VCT,TX,ASW,CE,Federal Contract Tower,0,1,5,13,19,0,0,5,0,5,0,1,10,13,24,4,12,16,40
02/26/2023,VCT,TX,ASW,CE,Federal Contract Tower,0,2,9,30,41,0,0,0,7,7,0,2,9,37,48,2,40,42,90
02/27/2023,VCT,TX,ASW,CE,Federal Contract Tower,0,7,7,33,47,0,8,9,15,32,0,15,16,48,79,18,138,156,235
02/28/2023,VCT,TX,ASW,CE,Federal Contract Tower,0,4,13,22,39,0,2,5,5,12,0,6,18,27,51,2,46,48,99
03/01/2023,VCT,TX,ASW,CE,Federal Contract Tower,0,4,5,31,40,0,5,0,4,9,0,9,5,35,49,0,28,28,77
03/02/2023,VCT,TX,ASW,CE,Federal Contract Tower,0,4,5,56,65,0,0,2,0,2,0,4,7,56,67,2,50,52,119
03/03/2023,VCT,TX,ASW,CE,Federal Contract Tower,0,6,8,27,41,0,4,15,11,30,0,10,23,38,71,10,78,88,159
03/04/2023,VCT,TX,ASW,CE,Federal Contract Tower,0,4,7,16,27,0,2,24,4,30,0,6,31,20,57,14,62,76,133
03/05/2023,VCT,TX,ASW,CE,Federal Contract Tower,0,2,3,7,12,0,0,17,3,20,0,2,20,10,32,4,40,44,76
03/06/2023,VCT,TX,ASW,CE,Federal Contract Tower,0,3,5,12,20,0,6,7,7,20,0,9,12,19,40,0,18,18,58
03/07/2023,VCT,TX,ASW,CE,Federal Contract Tower,0,3,9,43,55,0,4,11,8,23,0,7,20,51,78,2,58,60,138
03/08/2023,VCT,TX,ASW,CE,Federal Contract Tower,0,5,19,60,84,0,8,11,14,33,0,13,30,74,117,6,128,134,251
03/09/2023,VCT,TX,ASW,CE,Federal Contract Tower,0,3,2,40,45,0,2,12,24,38,0,5,14,64,83,6,132,138,221
03/10/2023,VCT,TX,ASW,CE,Federal Contract Tower,0,4,6,18,28,0,2,13,6,21,0,6,19,24,49,2,56,58,107
03/11/2023,VCT,TX,ASW,CE,Federal Contract Tower,0,1,1,16,18,0,2,5,4,11,0,3,6,20,29,10,54,64,93
03/12/2023,VCT,TX,ASW,CE,Federal Contract Tower,0,3,2,0,5,0,0,6,3,9,0,3,8,3,14,6,36,42,56
03/13/2023,VCT,TX,ASW,CE,Federal Contract Tower,0,5,4,46,55,0,1,12,17,30,0,6,16,63,85,8,102,110,195
03/14/2023,VCT,TX,ASW,CE,Federal Contract Tower,0,3,10,113,126,0,2,14,32,48,0,5,24,145,174,8,286,294,468
03/15/2023,VCT,TX,ASW,CE,Federal Contract Tower,0,4,5,43,52,0,1,13,29,43,0,5,18,72,95,4,216,220,315
03/16/2023,VCT,TX,ASW,CE,Federal Contract Tower,0,4,2,22,28,0,3,0,4,7,0,7,2,26,35,0,28,28,63
03/17/2023,VCT,TX,ASW,CE,Federal Contract Tower,0,6,4,10,20,0,2,0,2,4,0,8,4,12,24,0,54,54,78
03/18/2023,VCT,TX,ASW,CE,Federal Contract Tower,0,2,3,0,5,0,1,2,2,5,0,3,5,2,10,0,0,0,10
03/19/2023,VCT,TX,ASW,CE,Federal Contract Tower,0,5,6,8,19,0,1,14,2,17,0,6,20,10,36,24,18,42,78
03/20/2023,VCT,TX,ASW,CE,Federal Contract Tower,0,3,8,48,59,0,0,4,17,21,0,3,12,65,80,4,142,146,226
03/21/2023,VCT,TX,ASW,CE,Federal Contract Tower,0,6,5,61,72,0,1,1,1,3,0,7,6,62,75,0,42,42,117
03/22/2023,VCT,TX,ASW,CE,Federal Contract Tower,0,9,13,102,124,0,2,12,16,30,0,11,25,118,154,10,170,180,334
03/23/2023,VCT,TX,ASW,CE,Federal Contract Tower,0,4,9,47,60,0,3,8,0,11,0,7,17,47,71,4,60,64,135
03/24/2023,VCT,TX,ASW,CE,Federal Contract Tower,0,5,9,19,33,0,0,6,0,6,0,5,15,19,39,10,28,38,77
03/25/2023,VCT,TX,ASW,CE,Federal Contract Tower,0,3,4,4,11,0,5,29,12,46,0,8,33,16,57,12,24,36,93
03/26/2023,VCT,TX,ASW,CE,Federal Contract Tower,0,3,9,18,30,0,0,1,0,1,0,3,10,18,31,2,16,18,49
03/27/2023,VCT,TX,ASW,CE,Federal Contract Tower,0,3,11,21,35,0,2,9,3,14,0,5,20,24,49,6,30,36,85
03/28/2023,VCT,TX,ASW,CE,Federal Contract Tower,0,2,3,13,18,0,4,9,10,23,0,6,12,23,41,0,68,68,109
03/29/2023,VCT,TX,ASW,CE,Federal Contract Tower,0,3,25,63,91,0,1,18,6,25,0,4,43,69,116,12,154,166,282
03/30/2023,VCT,TX,ASW,CE,Federal Contract Tower,0,4,15,48,67,0,2,9,1,12,0,6,24,49,79,4,48,52,131
03/31/2023,VCT,TX,ASW,CE,Federal Contract Tower,0,5,7,45,57,0,4,12,8,24,0,9,19,53,81,8,100,108,189
04/01/2023,VCT,TX,ASW,CE,Federal Contract Tower,0,5,3,7,15,0,4,8,1,13,0,9,11,8,28,2,6,8,36
04/02/2023,VCT,TX,ASW,CE,Federal Contract Tower,0,3,4,12,19,0,0,5,3,8,0,3,9,15,27,2,18,20,47
04/03/2023,VCT,TX,ASW,CE,Federal Contract Tower,0,4,10,15,29,0,0,4,1,5,0,4,14,16,34,0,12,12,46
04/04/2023,VCT,TX,ASW,CE,Federal Contract Tower,0,3,7,55,65,0,0,4,2,6,0,3,11,57,71,0,64,64,135
04/05/2023,VCT,TX,ASW,CE,Federal Contract Tower,0,6,10,4,20,0,0,0,4,4,0,6,10,8,24,0,12,12,36
04/06/2023,VCT,TX,ASW,CE,Federal Contract Tower,0,4,4,2,10,0,0,0,0,0,0,4,4,2,10,0,2,2,12
04/07/2023,VCT,TX,ASW,CE,Federal Contract Tower,0,4,8,0,12,0,0,0,0,0,0,4,8,0,12,0,0,0,12
04/08/2023,VCT,TX,ASW,CE,Federal Contract Tower,0,2,2,8,12,0,1,8,0,9,0,3,10,8,21,8,8,16,37
04/09/2023,VCT,TX,ASW,CE,Federal Contract Tower,0,3,6,20,29,0,2,4,1,7,0,5,10,21,36,4,44,48,84
04/10/2023,VCT,TX,ASW,CE,Federal Contract Tower,0,4,16,30,50,0,1,16,18,35,0,5,32,48,85,26,82,108,193
04/11/2023,VCT,TX,ASW,CE,Federal Contract Tower,0,3,2,60,65,0,1,8,28,37,0,4,10,88,102,2,188,190,292
04/12/2023,VCT,TX,ASW,CE,Federal Contract Tower,0,5,5,38,48,0,2,23,15,40,0,7,28,53,88,8,104,112,200
04/13/2023,VCT,TX,ASW,CE,Federal Contract Tower,0,4,1,37,42,0,14,15,29,58,0,18,16,66,100,10,154,164,264
04/14/2023,VCT,TX,ASW,CE,Federal Contract Tower,0,8,14,66,88,0,14,0,3,17,0,22,14,69,105,4,67,71,176
04/15/2023,VCT,TX,ASW,CE,Federal Contract Tower,0,1,3,3,7,0,1,5,4,10,0,2,8,7,17,4,10,14,31
04/16/2023,VCT,TX,ASW,CE,Federal Contract Tower,0,3,5,6,14,0,11,5,10,26,0,14,10,16,40,4,60,64,104
04/17/2023,VCT,TX,ASW,CE,Federal Contract Tower,0,6,11,53,70,0,3,23,27,53,0,9,34,80,123,8,322,330,453
04/18/2023,VCT,TX,ASW,CE,Federal Contract Tower,0,7,7,39,53,0,0,6,12,18,0,7,13,51,71,4,98,102,173
04/19/2023,VCT,TX,ASW,CE,Federal Contract Tower,0,5,13,50,68,0,7,11,17,35,0,12,24,67,103,6,274,280,383
04/20/2023,VCT,TX,ASW,CE,Federal Contract Tower,0,5,13,37,55,0,3,4,3,10,0,8,17,40,65,6,68,74,139
04/21/2023,VCT,TX,ASW,CE,Federal Contract Tower,0,5,10,26,41,0,3,12,5,20,0,8,22,31,61,10,138,148,209
04/22/2023,VCT,TX,ASW,CE,Federal Contract Tower,0,3,3,19,25,0,3,19,0,22,0,6,22,19,47,24,36,60,107
04/23/2023,VCT,TX,ASW,CE,Federal Contract Tower,0,3,2,1,6,0,1,1,3,5,0,4,3,4,11,0,12,12,23
04/24/2023,VCT,TX,ASW,CE,Federal Contract Tower,0,4,7,75,86,0,1,8,29,38,0,5,15,104,124,2,326,328,452
04/25/2023,VCT,TX,ASW,CE,Federal Contract Tower,0,3,17,46,66,0,0,5,6,11,0,3,22,52,77,4,66,70,147
04/26/2023,VCT,TX,ASW,CE,Federal Contract Tower,0,5,7,35,47,0,0,2,10,12,0,5,9,45,59,0,68,68,127
04/27/2023,VCT,TX,ASW,CE,Federal Contract Tower,0,6,3,31,40,0,5,7,21,33,0,11,10,52,73,8,128,136,209
04/28/2023,VCT,TX,ASW,CE,Federal Contract Tower,0,4,8,25,37,0,2,10,16,28,0,6,18,41,65,4,78,82,147
04/29/2023,VCT,TX,ASW,CE,Federal Contract Tower,0,2,6,4,12,0,0,5,2,7,0,2,11,6,19,0,6,6,25
04/30/2023,VCT,TX,ASW,CE,Federal Contract Tower,0,4,6,24,34,0,1,25,7,33,0,5,31,31,67,34,58,92,159
05/01/2023,VCT,TX,ASW,CE,Federal Contract Tower,0,6,4,23,33,0,1,24,22,47,0,7,28,45,80,6,70,76,156
05/02/2023,VCT,TX,ASW,CE,Federal Contract Tower,0,4,8,56,68,0,2,13,28,43,0,6,21,84,111,4,216,220,331
05/03/2023,VCT,TX,ASW,CE,Federal Contract Tower,0,5,12,78,95,0,4,16,5,25,0,9,28,83,120,22,102,124,244
05/04/2023,VCT,TX,ASW,CE,Federal Contract Tower,0,6,13,30,49,0,4,3,2,9,0,10,16,32,58,8,10,18,76
05/05/2023,VCT,TX,ASW,CE,Federal Contract Tower,0,10,18,22,50,0,2,4,8,14,0,12,22,30,64,6,64,70,134
05/06/2023,VCT,TX,ASW,CE,Federal Contract Tower,0,3,9,12,24,0,0,4,0,4,0,3,13,12,28,2,12,14,42
05/07/2023,VCT,TX,ASW,CE,Federal Contract Tower,0,4,8,0,12,0,1,2,0,3,0,5,10,0,15,0,0,0,15
05/08/2023,VCT,TX,ASW,CE,Federal Contract Tower,0,4,7,76,87,0,2,6,7,15,0,6,13,83,102,2,140,142,244
05/09/2023,VCT,TX,ASW,CE,Federal Contract Tower,0,6,8,4,18,0,0,3,1,4,0,6,11,5,22,0,4,4,26
05/10/2023,VCT,TX,ASW,CE,Federal Contract Tower,0,4,2,26,32,0,3,5,0,8,0,7,7,26,40,2,26,28,68
05/11/2023,VCT,TX,ASW,CE,Federal Contract Tower,0,8,11,58,77,0,5,6,10,21,0,13,17,68,98,4,152,156,254
05/12/2023,VCT,TX,ASW,CE,Federal Contract Tower,0,6,11,86,103,0,0,7,10,17,0,6,18,96,120,12,164,176,296
05/13/2023,VCT,TX,ASW,CE,Federal Contract Tower,0,2,0,8,10,0,2,4,0,6,0,4,4,8,16,4,6,10,26
05/14/2023,VCT,TX,ASW,CE,Federal Contract Tower,0,2,2,12,16,0,4,2,0,6,0,6,4,12,22,6,12,18,40
05/15/2023,VCT,TX,ASW,CE,Federal Contract Tower,0,4,3,25,32,0,2,16,4,22,0,6,19,29,54,8,44,52,106
05/16/2023,VCT,TX,ASW,CE,Federal Contract Tower,0,4,7,4,15,0,0,10,11,21,0,4,17,15,36,10,74,84,120
05/17/2023,VCT,TX,ASW,CE,Federal Contract Tower,0,6,10,52,68,0,6,31,22,59,0,12,41,74,127,14,276,290,417
05/18/2023,VCT,TX,ASW,CE,Federal Contract Tower,0,6,6,33,45,0,2,29,21,52,0,8,35,54,97,16,86,102,199
05/19/2023,VCT,TX,ASW,CE,Federal Contract Tower,0,5,16,42,63,0,0,20,22,42,0,5,36,64,105,26,118,144,249
05/20/2023,VCT,TX,ASW,CE,Federal Contract Tower,0,2,9,4,15,0,0,7,2,9,0,2,16,6,24,6,4,10,34
05/21/2023,VCT,TX,ASW,CE,Federal Contract Tower,0,3,4,14,21,0,2,4,2,8,0,5,8,16,29,4,22,26,55
05/22/2023,VCT,TX,ASW,CE,Federal Contract Tower,0,7,6,38,51,0,5,3,23,31,0,12,9,61,82,4,125,129,211
05/23/2023,VCT,TX,ASW,CE,Federal Contract Tower,0,7,9,79,95,0,5,15,21,41,0,12,24,100,136,12,151,163,299
05/24/2023,VCT,TX,ASW,CE,Federal Contract Tower,0,4,6,36,46,0,2,13,50,65,0,6,19,86,111,0,132,132,243
05/25/2023,VCT,TX,ASW,CE,Federal Contract Tower,0,5,11,42,58,0,4,16,13,33,0,9,27,55,91,2,56,58,149
05/26/2023,VCT,TX,ASW,CE,Federal Contract Tower,0,7,10,18,35,0,2,16,2,20,0,9,26,20,55,4,32,36,91
05/27/2023,VCT,TX,ASW,CE,Federal Contract Tower,0,4,0,0,4,0,0,43,0,43,0,4,43,0,47,12,0,12,59
05/28/2023,VCT,TX,ASW,CE,Federal Contract Tower,0,4,0,4,8,0,0,3,4,7,0,4,3,8,15,2,36,38,53
05/29/2023,VCT,TX,ASW,CE,Federal Contract Tower,0,3,6,0,9,0,2,6,2,10,0,5,12,2,19,6,10,16,35
05/30/2023,VCT,TX,ASW,CE,Federal Contract Tower,0,3,6,30,39,0,2,12,20,34,0,5,18,50,73,4,90,94,167
05/31/2023,VCT,TX,ASW,CE,Federal Contract Tower,0,5,12,29,46,0,0,23,33,56,0,5,35,62,102,8,172,180,282
06/01/2023,VCT,TX,ASW,CE,Federal Contract Tower,0,7,11,44,62,0,16,24,0,40,0,23,35,44,102,18,161,179,281
06/02/2023,VCT,TX,ASW,CE,Federal Contract Tower,0,7,7,33,47,0,0,13,15,28,0,7,20,48,75,12,146,158,233
06/03/2023,VCT,TX,ASW,CE,Federal Contract Tower,0,8,5,14,27,0,0,23,3,26,0,8,28,17,53,18,48,66,119
06/04/2023,VCT,TX,ASW,CE,Federal Contract Tower,0,3,6,20,29,0,0,5,5,10,0,3,11,25,39,2,46,48,87
06/05/2023,VCT,TX,ASW,CE,Federal Contract Tower,0,3,3,3,9,0,0,2,0,2,0,3,5,3,11,0,22,22,33
06/06/2023,VCT,TX,ASW,CE,Federal Contract Tower,0,3,5,45,53,0,7,7,21,35,0,10,12,66,88,8,76,84,172
06/07/2023,VCT,TX,ASW,CE,Federal Contract Tower,0,6,4,47,57,0,1,18,16,35,0,7,22,63,92,28,162,190,282
06/08/2023,VCT,TX,ASW,CE,Federal Contract Tower,0,9,7,35,51,0,10,13,26,49,0,19,20,61,100,20,66,86,186
06/09/2023,VCT,TX,ASW,CE,Federal Contract Tower,0,7,8,25,40,0,2,17,17,36,0,9,25,42,76,4,64,68,144
06/10/2023,VCT,TX,ASW,CE,Federal Contract Tower,0,1,4,22,27,0,1,3,0,4,0,2,7,22,31,6,20,26,57
06/11/2023,VCT,TX,ASW,CE,Federal Contract Tower,0,4,5,6,15,0,0,7,8,15,0,4,12,14,30,4,22,26,56
06/12/2023,VCT,TX,ASW,CE,Federal Contract Tower,0,7,5,60,72,0,2,5,19,26,0,9,10,79,98,0,116,116,214
06/13/2023,VCT,TX,ASW,CE,Federal Contract Tower,0,5,5,47,57,0,0,14,26,40,0,5,19,73,97,2,156,158,255
06/14/2023,VCT,TX,ASW,CE,Federal Contract Tower,0,5,12,34,51,0,2,1,10,13,0,7,13,44,64,0,24,24,88
06/15/2023,VCT,TX,ASW,CE,Federal Contract Tower,0,5,7,44,56,0,6,12,27,45,0,11,19,71,101,2,86,88,189
06/16/2023,VCT,TX,ASW,CE,Federal Contract Tower,0,8,16,43,67,0,1,5,7,13,0,9,21,50,80,4,98,102,182
06/17/2023,VCT,TX,ASW,CE,Federal Contract Tower,0,4,9,8,21,0,0,5,0,5,0,4,14,8,26,2,6,8,34
06/18/2023,VCT,TX,ASW,CE,Federal Contract Tower,0,3,7,19,29,0,0,1,1,2,0,3,8,20,31,4,30,34,65
06/19/2023,VCT,TX,ASW,CE,Federal Contract Tower,0,4,9,12,25,0,4,16,0,20,0,8,25,12,45,6,12,18,63
06/20/2023,VCT,TX,ASW,CE,Federal Contract Tower,0,4,2,42,48,0,0,8,14,22,0,4,10,56,70,2,172,174,244
06/21/2023,VCT,TX,ASW,CE,Federal Contract Tower,0,4,8,26,38,0,10,10,23,43,0,14,18,49,81,2,110,112,193
06/22/2023,VCT,TX,ASW,CE,Federal Contract Tower,0,4,12,41,57,0,1,13,29,43,0,5,25,70,100,10,126,136,236
06/23/2023,VCT,TX,ASW,CE,Federal Contract Tower,0,6,16,26,48,0,0,16,14,30,0,6,32,40,78,10,72,82,160
06/24/2023,VCT,TX,ASW,CE,Federal Contract Tower,0,1,4,6,11,0,0,10,7,17,0,1,14,13,28,12,48,60,88
06/25/2023,VCT,TX,ASW,CE,Federal Contract Tower,0,5,3,20,28,0,2,8,4,14,0,7,11,24,42,4,48,52,94
06/26/2023,VCT,TX,ASW,CE,Federal Contract Tower,0,3,2,37,42,0,1,16,22,39,0,4,18,59,81,0,200,200,281
06/27/2023,VCT,TX,ASW,CE,Federal Contract Tower,0,3,9,37,49,0,4,15,15,34,0,7,24,52,83,10,82,92,175
06/28/2023,VCT,TX,ASW,CE,Federal Contract Tower,0,4,15,59,78,0,4,12,13,29,0,8,27,72,107,38,112,150,257
06/29/2023,VCT,TX,ASW,CE,Federal Contract Tower,0,7,6,43,56,0,2,14,21,37,0,9,20,64,93,40,150,190,283
06/30/2023,VCT,TX,ASW,CE,Federal Contract Tower,0,9,11,16,36,0,5,13,9,27,0,14,24,25,63,14,28,42,105
07/01/2023,VCT,TX,ASW,CE,Federal Contract Tower,0,4,2,16,22,0,0,11,1,12,0,4,13,17,34,20,24,44,78
07/02/2023,VCT,TX,ASW,CE,Federal Contract Tower,0,5,6,3,14,0,0,7,1,8,0,5,13,4,22,4,4,8,30
07/03/2023,VCT,TX,ASW,CE,Federal Contract Tower,0,3,2,0,5,0,2,3,0,5,0,5,5,0,10,6,0,6,16
07/04/2023,VCT,TX,ASW,CE,Federal Contract Tower,0,1,2,0,3,0,12,7,0,19,0,13,9,0,22,4,0,4,26
07/05/2023,VCT,TX,ASW,CE,Federal Contract Tower,0,5,2,14,21,0,5,7,2,14,0,10,9,16,35,4,22,26,61
07/06/2023,VCT,TX,ASW,CE,Federal Contract Tower,0,5,4,7,16,0,0,5,5,10,0,5,9,12,26,2,56,58,84
07/07/2023,VCT,TX,ASW,CE,Federal Contract Tower,0,5,6,11,22,0,0,8,3,11,0,5,14,14,33,12,48,60,93
07/08/2023,VCT,TX,ASW,CE,Federal Contract Tower,0,2,0,5,7,0,2,4,2,8,0,4,4,7,15,0,14,14,29
07/09/2023,VCT,TX,ASW,CE,Federal Contract Tower,0,2,0,2,4,0,5,7,2,14,0,7,7,4,18,8,12,20,38
07/10/2023,VCT,TX,ASW,CE,Federal Contract Tower,0,4,14,34,52,0,1,7,2,10,0,5,21,36,62,6,34,40,102
07/11/2023,VCT,TX,ASW,CE,Federal Contract Tower,0,4,5,56,65,0,4,10,17,31,0,8,15,73,96,4,94,98,194
07/12/2023,VCT,TX,ASW,CE,Federal Contract Tower,0,10,5,42,57,0,1,12,16,29,0,11,17,58,86,8,56,64,150
07/13/2023,VCT,TX,ASW,CE,Federal Contract Tower,0,4,8,30,42,0,4,18,17,39,0,8,26,47,81,6,86,92,173
07/14/2023,VCT,TX,ASW,CE,Federal Contract Tower,0,6,15,27,48,0,0,12,25,37,0,6,27,52,85,0,164,164,249
07/15/2023,VCT,TX,ASW,CE,Federal Contract Tower,0,2,5,4,11,0,1,16,0,17,0,3,21,4,28,10,6,16,44
07/16/2023,VCT,TX,ASW,CE,Federal Contract Tower,0,6,4,29,39,0,1,14,12,27,0,7,18,41,66,14,76,90,156
07/17/2023,VCT,TX,ASW,CE,Federal Contract Tower,0,5,5,43,53,0,1,10,14,25,0,6,15,57,78,6,118,124,202
07/18/2023,VCT,TX,ASW,CE,Federal Contract Tower,0,7,8,33,48,0,4,12,28,44,0,11,20,61,92,4,174,178,270
07/19/2023,VCT,TX,ASW,CE,Federal Contract Tower,0,5,11,54,70,0,0,18,14,32,0,5,29,68,102,10,126,136,238
07/20/2023,VCT,TX,ASW,CE,Federal Contract Tower,0,8,8,26,42,0,4,10,9,23,0,12,18,35,65,14,102,116,181
07/21/2023,VCT,TX,ASW,CE,Federal Contract Tower,0,4,9,26,39,0,1,7,19,27,0,5,16,45,66,2,98,100,166
07/22/2023,VCT,TX,ASW,CE,Federal Contract Tower,0,2,0,7,9,0,0,7,5,12,0,2,7,12,21,6,102,108,129
07/23/2023,VCT,TX,ASW,CE,Federal Contract Tower,0,3,3,4,10,0,1,4,7,12,0,4,7,11,22,0,16,16,38
07/24/2023,VCT,TX,ASW,CE,Federal Contract Tower,0,4,3,19,26,0,2,8,19,29,0,6,11,38,55,4,112,116,171
07/25/2023,VCT,TX,ASW,CE,Federal Contract Tower,0,2,11,40,53,0,4,11,15,30,0,6,22,55,83,2,110,112,195
07/26/2023,VCT,TX,ASW,CE,Federal Contract Tower,0,8,4,30,42,0,4,4,12,20,0,12,8,42,62,2,154,156,218
07/27/2023,VCT,TX,ASW,CE,Federal Contract Tower,0,5,3,40,48,0,2,20,19,41,0,7,23,59,89,4,126,130,219
07/28/2023,VCT,TX,ASW,CE,Federal Contract Tower,0,5,10,22,37,0,0,12,13,25,0,5,22,35,62,12,46,58,120
07/29/2023,VCT,TX,ASW,CE,Federal Contract Tower,0,2,7,1,10,0,2,6,3,11,0,4,13,4,21,6,32,38,59
07/30/2023,VCT,TX,ASW,CE,Federal Contract Tower,0,3,12,13,28,0,1,14,0,15,0,4,26,13,43,8,12,20,63
07/31/2023,VCT,TX,ASW,CE,Federal Contract Tower,0,6,5,12,23,0,5,13,17,35,0,11,18,29,58,4,136,140,198
08/01/2023,VCT,TX,ASW,CE,Federal Contract Tower,0,2,8,33,43,0,3,15,36,54,0,5,23,69,97,2,198,200,297
08/02/2023,VCT,TX,ASW,CE,Federal Contract Tower,0,7,9,12,28,0,5,32,6,43,0,12,41,18,71,14,80,94,165
08/03/2023,VCT,TX,ASW,CE,Federal Contract Tower,0,7,7,20,34,0,7,17,22,46,0,14,24,42,80,6,152,158,238
08/04/2023,VCT,TX,ASW,CE,Federal Contract Tower,0,4,10,18,32,0,0,24,22,46,0,4,34,40,78,20,110,130,208
08/05/2023,VCT,TX,ASW,CE,Federal Contract Tower,0,1,10,0,11,0,1,9,6,16,0,2,19,6,27,18,44,62,89
08/06/2023,VCT,TX,ASW,CE,Federal Contract Tower,0,4,7,13,24,0,1,12,9,22,0,5,19,22,46,16,68,84,130
08/07/2023,VCT,TX,ASW,CE,Federal Contract Tower,0,4,3,41,48,0,8,11,31,50,0,12,14,72,98,0,180,180,278
08/08/2023,VCT,TX,ASW,CE,Federal Contract Tower,0,3,5,44,52,0,0,18,17,35,0,3,23,61,87,14,128,142,229
08/09/2023,VCT,TX,ASW,CE,Federal Contract Tower,0,5,11,35,51,0,3,23,31,57,0,8,34,66,108,10,118,128,236
08/10/2023,VCT,TX,ASW,CE,Federal Contract Tower,0,9,5,47,61,0,0,10,23,33,0,9,15,70,94,6,178,184,278
08/11/2023,VCT,TX,ASW,CE,Federal Contract Tower,0,4,2,22,28,0,0,5,11,16,0,4,7,33,44,0,38,38,82
08/12/2023,VCT,TX,ASW,CE,Federal Contract Tower,0,2,10,28,40,0,0,3,3,6,0,2,13,31,46,4,28,32,78
08/13/2023,VCT,TX,ASW,CE,Federal Contract Tower,0,3,6,1,10,0,2,15,3,20,0,5,21,4,30,2,0,2,32
08/14/2023,VCT,TX,ASW,CE,Federal Contract Tower,0,4,2,39,45,0,0,13,16,29,0,4,15,55,74,6,126,132,206
08/15/2023,VCT,TX,ASW,CE,Federal Contract Tower,0,6,6,33,45,0,0,18,28,46,0,6,24,61,91,12,246,258,349
08/16/2023,VCT,TX,ASW,CE,Federal Contract Tower,0,7,3,3,13,0,5,9,15,29,0,12,12,18,42,8,78,86,128
08/17/2023,VCT,TX,ASW,CE,Federal Contract Tower,0,7,4,34,45,0,5,9,22,36,0,12,13,56,81,22,94,116,197
08/18/2023,VCT,TX,ASW,CE,Federal Contract Tower,0,4,5,14,23,0,0,23,30,53,0,4,28,44,76,6,60,66,142
08/19/2023,VCT,TX,ASW,CE,Federal Contract Tower,0,3,3,10,16,0,0,14,7,21,0,3,17,17,37,4,14,18,55
08/20/2023,VCT,TX,ASW,CE,Federal Contract Tower,0,3,4,7,14,0,0,15,10,25,0,3,19,17,39,30,6,36,75
08/21/2023,VCT,TX,ASW,CE,Federal Contract Tower,0,6,4,35,45,0,1,10,18,29,0,7,14,53,74,0,98,98,172
08/22/2023,VCT,TX,ASW,CE,Federal Contract Tower,0,2,2,0,4,0,4,1,0,5,0,6,3,0,9,0,0,0,9
08/23/2023,VCT,TX,ASW,CE,Federal Contract Tower,0,8,6,67,81,0,3,5,29,37,0,11,11,96,118,8,228,236,354
08/24/2023,VCT,TX,ASW,CE,Federal Contract Tower,0,6,5,35,46,0,3,8,22,33,0,9,13,57,79,8,186,194,273
08/25/2023,VCT,TX,ASW,CE,Federal Contract Tower,0,8,5,2,15,0,3,14,9,26,0,11,19,11,41,8,42,50,91
08/26/2023,VCT,TX,ASW,CE,Federal Contract Tower,0,4,3,19,26,0,0,10,10,20,0,4,13,29,46,8,32,40,86
08/27/2023,VCT,TX,ASW,CE,Federal Contract Tower,0,2,1,4,7,0,2,6,10,18,0,4,7,14,25,2,24,26,51
08/28/2023,VCT,TX,ASW,CE,Federal Contract Tower,0,6,1,30,37,0,2,8,7,17,0,8,9,37,54,0,50,50,104
08/29/2023,VCT,TX,ASW,CE,Federal Contract Tower,0,3,11,43,57,0,6,6,25,37,0,9,17,68,94,4,102,106,200
08/30/2023,VCT,TX,ASW,CE,Federal Contract Tower,0,7,4,27,38,0,6,17,21,44,0,13,21,48,82,10,100,110,192
08/31/2023,VCT,TX,ASW,CE,Federal Contract Tower,0,5,5,45,55,0,5,10,17,32,0,10,15,62,87,6,82,88,175
