01/01/2020,VCV,CA,AWP,WE,Federal Contract Tower,0,0,0,0,0,0,11,1,0,12,0,11,1,0,12,26,0,26,38
01/02/2020,VCV,CA,AWP,WE,Federal Contract Tower,0,4,0,0,4,0,6,12,0,18,0,10,12,0,22,56,0,56,78
01/03/2020,VCV,CA,AWP,WE,Federal Contract Tower,8,0,0,0,8,0,7,21,2,30,8,7,21,2,38,66,6,72,110
01/04/2020,VCV,CA,AWP,WE,Federal Contract Tower,0,0,0,0,0,0,12,11,0,23,0,12,11,0,23,44,0,44,67
01/05/2020,VCV,CA,AWP,WE,Federal Contract Tower,0,0,1,0,1,0,9,7,0,16,0,9,8,0,17,32,0,32,49
01/06/2020,VCV,CA,AWP,WE,Federal Contract Tower,5,1,2,2,10,0,10,9,0,19,5,11,11,2,29,2,32,34,63
01/07/2020,VCV,CA,AWP,WE,Federal Contract Tower,1,1,0,1,3,0,8,11,4,23,1,9,11,5,26,22,21,43,69
01/08/2020,VCV,CA,AWP,WE,Federal Contract Tower,0,2,1,2,5,0,12,35,9,56,0,14,36,11,61,46,38,84,145
01/09/2020,VCV,CA,AWP,WE,Federal Contract Tower,5,0,0,4,9,0,13,13,2,28,5,13,13,6,37,30,14,44,81
01/10/2020,VCV,CA,AWP,WE,Federal Contract Tower,3,0,2,0,5,1,7,20,3,31,4,7,22,3,36,66,22,88,124
01/11/2020,VCV,CA,AWP,WE,Federal Contract Tower,1,0,0,2,3,0,13,22,0,35,1,13,22,2,38,40,18,58,96
01/12/2020,VCV,CA,AWP,WE,Federal Contract Tower,1,0,0,0,1,0,13,12,0,25,1,13,12,0,26,52,0,52,78
01/13/2020,VCV,CA,AWP,WE,Federal Contract Tower,0,0,0,0,0,0,2,10,0,12,0,2,10,0,12,20,0,20,32
01/14/2020,VCV,CA,AWP,WE,Federal Contract Tower,2,3,2,2,9,0,4,24,0,28,2,7,26,2,37,10,22,32,69
01/15/2020,VCV,CA,AWP,WE,Federal Contract Tower,0,2,3,3,8,0,13,18,2,33,0,15,21,5,41,0,20,20,61
01/16/2020,VCV,CA,AWP,WE,Federal Contract Tower,3,0,0,4,7,0,11,17,9,37,3,11,17,13,44,44,44,88,132
01/17/2020,VCV,CA,AWP,WE,Federal Contract Tower,0,0,1,1,2,0,2,16,6,24,0,2,17,7,26,58,12,70,96
01/18/2020,VCV,CA,AWP,WE,Federal Contract Tower,0,0,0,0,0,0,20,18,8,46,0,20,18,8,46,22,0,22,68
01/19/2020,VCV,CA,AWP,WE,Federal Contract Tower,0,0,0,0,0,0,9,19,0,28,0,9,19,0,28,50,0,50,78
01/20/2020,VCV,CA,AWP,WE,Federal Contract Tower,0,0,3,0,3,0,10,10,6,26,0,10,13,6,29,18,6,24,53
01/21/2020,VCV,CA,AWP,WE,Federal Contract Tower,0,4,3,6,13,0,5,19,13,37,0,9,22,19,50,54,20,74,124
01/22/2020,VCV,CA,AWP,WE,Federal Contract Tower,7,6,0,0,13,0,12,9,6,27,7,18,9,6,40,6,2,8,48
01/23/2020,VCV,CA,AWP,WE,Federal Contract Tower,2,2,7,4,15,0,13,44,9,66,2,15,51,13,81,46,12,58,139
01/24/2020,VCV,CA,AWP,WE,Federal Contract Tower,6,1,5,3,15,0,9,37,4,50,6,10,42,7,65,64,32,96,161
01/25/2020,VCV,CA,AWP,WE,Federal Contract Tower,1,0,3,3,7,0,15,9,1,25,1,15,12,4,32,42,4,46,78
01/26/2020,VCV,CA,AWP,WE,Federal Contract Tower,0,1,0,4,5,0,6,6,3,15,0,7,6,7,20,36,14,50,70
01/27/2020,VCV,CA,AWP,WE,Federal Contract Tower,3,0,2,0,5,1,4,4,8,17,4,4,6,8,22,0,28,28,50
01/28/2020,VCV,CA,AWP,WE,Federal Contract Tower,6,2,4,0,12,0,8,18,2,28,6,10,22,2,40,8,4,12,52
01/29/2020,VCV,CA,AWP,WE,Federal Contract Tower,1,8,0,6,15,0,0,8,6,14,1,8,8,12,29,6,16,22,51
01/30/2020,VCV,CA,AWP,WE,Federal Contract Tower,1,1,4,4,10,6,10,21,11,48,7,11,25,15,58,32,10,42,100
01/31/2020,VCV,CA,AWP,WE,Federal Contract Tower,3,0,4,0,7,0,11,43,4,58,3,11,47,4,65,38,10,48,113
02/01/2020,VCV,CA,AWP,WE,Federal Contract Tower,1,0,1,0,2,0,6,15,0,21,1,6,16,0,23,76,0,76,99
02/02/2020,VCV,CA,AWP,WE,Federal Contract Tower,1,0,0,0,1,0,5,17,0,22,1,5,17,0,23,32,4,36,59
02/03/2020,VCV,CA,AWP,WE,Federal Contract Tower,2,0,0,0,2,0,2,9,5,16,2,2,9,5,18,20,28,48,66
02/04/2020,VCV,CA,AWP,WE,Federal Contract Tower,4,4,0,0,8,1,8,2,2,13,5,12,2,2,21,0,12,12,33
02/05/2020,VCV,CA,AWP,WE,Federal Contract Tower,1,6,1,4,12,0,0,21,9,30,1,6,22,13,42,50,20,70,112
02/06/2020,VCV,CA,AWP,WE,Federal Contract Tower,6,0,5,11,22,0,4,30,12,46,6,4,35,23,68,26,26,52,120
02/07/2020,VCV,CA,AWP,WE,Federal Contract Tower,3,1,2,1,7,2,12,11,11,36,5,13,13,12,43,36,12,48,91
02/08/2020,VCV,CA,AWP,WE,Federal Contract Tower,1,0,0,0,1,0,16,11,0,27,1,16,11,0,28,22,0,22,50
02/09/2020,VCV,CA,AWP,WE,Federal Contract Tower,0,0,3,0,3,0,6,1,0,7,0,6,4,0,10,0,0,0,10
02/10/2020,VCV,CA,AWP,WE,Federal Contract Tower,0,0,1,0,1,0,11,5,2,18,0,11,6,2,19,4,16,20,39
02/11/2020,VCV,CA,AWP,WE,Federal Contract Tower,3,7,1,0,11,1,11,4,0,16,4,18,5,0,27,32,0,32,59
02/12/2020,VCV,CA,AWP,WE,Federal Contract Tower,3,5,8,4,20,0,21,9,12,42,3,26,17,16,62,22,10,32,94
02/13/2020,VCV,CA,AWP,WE,Federal Contract Tower,5,10,11,0,26,1,3,42,6,52,6,13,53,6,78,24,38,62,140
02/14/2020,VCV,CA,AWP,WE,Federal Contract Tower,7,1,1,0,9,0,16,18,0,34,7,17,19,0,43,28,0,28,71
02/15/2020,VCV,CA,AWP,WE,Federal Contract Tower,3,0,2,0,5,0,8,10,0,18,3,8,12,0,23,16,0,16,39
02/16/2020,VCV,CA,AWP,WE,Federal Contract Tower,0,2,0,0,2,0,8,10,2,20,0,10,10,2,22,6,0,6,28
02/17/2020,VCV,CA,AWP,WE,Federal Contract Tower,2,2,1,0,5,0,6,4,4,14,2,8,5,4,19,2,0,2,21
02/18/2020,VCV,CA,AWP,WE,Federal Contract Tower,4,16,1,5,26,0,29,8,12,49,4,45,9,17,75,6,2,8,83
02/19/2020,VCV,CA,AWP,WE,Federal Contract Tower,4,7,2,2,15,0,16,8,8,32,4,23,10,10,47,6,20,26,73
02/20/2020,VCV,CA,AWP,WE,Federal Contract Tower,2,3,0,4,9,0,11,23,11,45,2,14,23,15,54,30,40,70,124
02/21/2020,VCV,CA,AWP,WE,Federal Contract Tower,2,0,0,2,4,0,12,31,3,46,2,12,31,5,50,58,10,68,118
02/22/2020,VCV,CA,AWP,WE,Federal Contract Tower,0,0,0,0,0,0,10,3,3,16,0,10,3,3,16,26,12,38,54
02/23/2020,VCV,CA,AWP,WE,Federal Contract Tower,1,0,2,0,3,0,14,9,8,31,1,14,11,8,34,76,0,76,110
02/24/2020,VCV,CA,AWP,WE,Federal Contract Tower,2,7,2,0,11,0,4,30,7,41,2,11,32,7,52,36,38,74,126
02/25/2020,VCV,CA,AWP,WE,Federal Contract Tower,4,4,3,0,11,0,11,7,2,20,4,15,10,2,31,12,4,16,47
02/26/2020,VCV,CA,AWP,WE,Federal Contract Tower,0,0,2,2,4,0,5,11,4,20,0,5,13,6,24,0,16,16,40
02/27/2020,VCV,CA,AWP,WE,Federal Contract Tower,3,0,0,0,3,0,5,12,0,17,3,5,12,0,20,38,0,38,58
02/28/2020,VCV,CA,AWP,WE,Federal Contract Tower,1,1,2,2,6,0,8,13,1,22,1,9,15,3,28,32,14,46,74
02/29/2020,VCV,CA,AWP,WE,Federal Contract Tower,4,0,6,1,11,0,10,14,5,29,4,10,20,6,40,36,20,56,96
03/01/2020,VCV,CA,AWP,WE,Federal Contract Tower,1,0,0,1,2,0,6,1,1,8,1,6,1,2,10,0,0,0,10
03/02/2020,VCV,CA,AWP,WE,Federal Contract Tower,1,0,2,3,6,0,3,11,7,21,1,3,13,10,27,0,8,8,35
03/03/2020,VCV,CA,AWP,WE,Federal Contract Tower,2,5,2,0,9,0,8,14,2,24,2,13,16,2,33,42,14,56,89
03/04/2020,VCV,CA,AWP,WE,Federal Contract Tower,5,2,2,2,11,0,17,16,10,43,5,19,18,12,54,54,14,68,122
03/05/2020,VCV,CA,AWP,WE,Federal Contract Tower,3,0,4,0,7,0,15,30,4,49,3,15,34,4,56,56,18,74,130
03/06/2020,VCV,CA,AWP,WE,Federal Contract Tower,2,0,2,0,4,0,13,32,5,50,2,13,34,5,54,56,36,92,146
03/07/2020,VCV,CA,AWP,WE,Federal Contract Tower,0,0,0,0,0,0,9,9,2,20,0,9,9,2,20,28,0,28,48
03/08/2020,VCV,CA,AWP,WE,Federal Contract Tower,3,0,1,2,6,0,6,14,0,20,3,6,15,2,26,36,34,70,96
03/09/2020,VCV,CA,AWP,WE,Federal Contract Tower,3,0,0,5,8,1,4,6,16,27,4,4,6,21,35,0,20,20,55
03/10/2020,VCV,CA,AWP,WE,Federal Contract Tower,3,6,0,3,12,0,4,2,0,6,3,10,2,3,18,0,10,10,28
03/11/2020,VCV,CA,AWP,WE,Federal Contract Tower,3,6,1,0,10,0,9,5,0,14,3,15,6,0,24,30,0,30,54
03/12/2020,VCV,CA,AWP,WE,Federal Contract Tower,1,0,0,1,2,0,1,1,2,4,1,1,1,3,6,0,0,0,6
03/13/2020,VCV,CA,AWP,WE,Federal Contract Tower,2,0,1,0,3,0,3,2,6,11,2,3,3,6,14,0,0,0,14
03/14/2020,VCV,CA,AWP,WE,Federal Contract Tower,1,1,0,0,2,0,5,2,1,8,1,6,2,1,10,0,0,0,10
03/15/2020,VCV,CA,AWP,WE,Federal Contract Tower,0,0,0,0,0,0,2,0,0,2,0,2,0,0,2,0,0,0,2
03/16/2020,VCV,CA,AWP,WE,Federal Contract Tower,0,0,2,0,2,0,5,0,2,7,0,5,2,2,9,0,0,0,9
03/17/2020,VCV,CA,AWP,WE,Federal Contract Tower,2,0,0,2,4,0,2,5,5,12,2,2,5,7,16,0,4,4,20
03/18/2020,VCV,CA,AWP,WE,Federal Contract Tower,1,0,2,3,6,0,4,13,3,20,1,4,15,6,26,4,4,8,34
03/19/2020,VCV,CA,AWP,WE,Federal Contract Tower,3,0,0,0,3,0,3,10,2,15,3,3,10,2,18,20,10,30,48
03/20/2020,VCV,CA,AWP,WE,Federal Contract Tower,15,1,0,0,16,0,4,23,3,30,15,5,23,3,46,22,26,48,94
03/21/2020,VCV,CA,AWP,WE,Federal Contract Tower,26,0,1,0,27,0,9,10,0,19,26,9,11,0,46,42,0,42,88
03/22/2020,VCV,CA,AWP,WE,Federal Contract Tower,32,0,0,0,32,0,3,1,10,14,32,3,1,10,46,0,32,32,78
03/23/2020,VCV,CA,AWP,WE,Federal Contract Tower,18,0,3,0,21,0,2,3,0,5,18,2,6,0,26,18,0,18,44
03/24/2020,VCV,CA,AWP,WE,Federal Contract Tower,30,2,0,10,42,0,5,6,7,18,30,7,6,17,60,10,28,38,98
03/25/2020,VCV,CA,AWP,WE,Federal Contract Tower,9,2,0,5,16,0,8,8,10,26,9,10,8,15,42,50,16,66,108
03/26/2020,VCV,CA,AWP,WE,Federal Contract Tower,12,0,3,2,17,0,7,9,7,23,12,7,12,9,40,42,18,60,100
03/27/2020,VCV,CA,AWP,WE,Federal Contract Tower,9,0,0,2,11,0,10,17,2,29,9,10,17,4,40,58,6,64,104
03/28/2020,VCV,CA,AWP,WE,Federal Contract Tower,10,0,0,0,10,0,4,20,5,29,10,4,20,5,39,18,38,56,95
03/29/2020,VCV,CA,AWP,WE,Federal Contract Tower,6,0,2,1,9,0,5,10,2,17,6,5,12,3,26,36,8,44,70
03/30/2020,VCV,CA,AWP,WE,Federal Contract Tower,8,0,2,2,12,0,1,10,2,13,8,1,12,4,25,26,8,34,59
03/31/2020,VCV,CA,AWP,WE,Federal Contract Tower,7,0,0,1,8,0,4,16,0,20,7,4,16,1,28,4,0,4,32
04/01/2020,VCV,CA,AWP,WE,Federal Contract Tower,1,0,3,0,4,0,2,8,9,19,1,2,11,9,23,2,2,4,27
04/02/2020,VCV,CA,AWP,WE,Federal Contract Tower,4,2,2,0,8,1,5,9,3,18,5,7,11,3,26,62,18,80,106
04/03/2020,VCV,CA,AWP,WE,Federal Contract Tower,0,2,0,0,2,0,4,22,2,28,0,6,22,2,30,60,20,80,110
04/04/2020,VCV,CA,AWP,WE,Federal Contract Tower,1,0,1,0,2,0,10,18,2,30,1,10,19,2,32,78,22,100,132
04/05/2020,VCV,CA,AWP,WE,Federal Contract Tower,0,0,0,0,0,0,6,7,1,14,0,6,7,1,14,48,6,54,68
04/06/2020,VCV,CA,AWP,WE,Federal Contract Tower,1,0,2,0,3,0,0,0,0,0,1,0,2,0,3,0,0,0,3
04/07/2020,VCV,CA,AWP,WE,Federal Contract Tower,1,4,0,0,5,0,0,0,0,0,1,4,0,0,5,0,0,0,5
04/08/2020,VCV,CA,AWP,WE,Federal Contract Tower,2,0,0,0,2,0,2,1,0,3,2,2,1,0,5,0,0,0,5
04/09/2020,VCV,CA,AWP,WE,Federal Contract Tower,0,1,1,2,4,0,5,7,0,12,0,6,8,2,16,30,0,30,46
04/10/2020,VCV,CA,AWP,WE,Federal Contract Tower,3,0,0,0,3,0,4,7,0,11,3,4,7,0,14,38,0,38,52
04/11/2020,VCV,CA,AWP,WE,Federal Contract Tower,0,0,3,0,3,0,10,29,0,39,0,10,32,0,42,92,0,92,134
04/12/2020,VCV,CA,AWP,WE,Federal Contract Tower,0,4,2,0,6,0,6,8,0,14,0,10,10,0,20,56,0,56,76
04/13/2020,VCV,CA,AWP,WE,Federal Contract Tower,0,0,2,2,4,0,6,7,1,14,0,6,9,3,18,62,0,62,80
04/14/2020,VCV,CA,AWP,WE,Federal Contract Tower,4,2,2,1,9,0,5,12,0,17,4,7,14,1,26,16,0,16,42
04/15/2020,VCV,CA,AWP,WE,Federal Contract Tower,0,0,6,7,13,1,6,20,4,31,1,6,26,11,44,12,16,28,72
04/16/2020,VCV,CA,AWP,WE,Federal Contract Tower,0,0,5,0,5,0,5,26,11,42,0,5,31,11,47,56,55,111,158
04/17/2020,VCV,CA,AWP,WE,Federal Contract Tower,1,0,0,4,5,0,3,14,0,17,1,3,14,4,22,60,4,64,86
04/18/2020,VCV,CA,AWP,WE,Federal Contract Tower,3,0,8,0,11,0,4,7,0,11,3,4,15,0,22,68,0,68,90
04/19/2020,VCV,CA,AWP,WE,Federal Contract Tower,0,0,0,0,0,0,5,15,0,20,0,5,15,0,20,54,0,54,74
04/20/2020,VCV,CA,AWP,WE,Federal Contract Tower,0,0,2,0,2,0,9,10,0,19,0,9,12,0,21,34,0,34,55
04/21/2020,VCV,CA,AWP,WE,Federal Contract Tower,6,6,1,1,14,1,24,12,3,40,7,30,13,4,54,20,8,28,82
04/22/2020,VCV,CA,AWP,WE,Federal Contract Tower,2,2,0,3,7,0,2,33,4,39,2,4,33,7,46,6,0,6,52
04/23/2020,VCV,CA,AWP,WE,Federal Contract Tower,0,2,2,3,7,0,4,18,7,29,0,6,20,10,36,6,20,26,62
04/24/2020,VCV,CA,AWP,WE,Federal Contract Tower,2,0,0,3,5,0,2,35,2,39,2,2,35,5,44,58,6,64,108
04/25/2020,VCV,CA,AWP,WE,Federal Contract Tower,0,0,2,0,2,0,7,33,0,40,0,7,35,0,42,18,0,18,60
04/26/2020,VCV,CA,AWP,WE,Federal Contract Tower,1,0,3,0,4,0,2,16,0,18,1,2,19,0,22,0,0,0,22
04/27/2020,VCV,CA,AWP,WE,Federal Contract Tower,3,2,0,5,10,0,13,13,7,33,3,15,13,12,43,38,0,38,81
04/28/2020,VCV,CA,AWP,WE,Federal Contract Tower,2,2,1,5,10,0,5,26,29,60,2,7,27,34,70,72,10,82,152
04/29/2020,VCV,CA,AWP,WE,Federal Contract Tower,2,0,4,4,10,5,8,22,0,35,7,8,26,4,45,8,10,18,63
04/30/2020,VCV,CA,AWP,WE,Federal Contract Tower,0,4,4,2,10,0,8,8,3,19,0,12,12,5,29,12,10,22,51
05/01/2020,VCV,CA,AWP,WE,Federal Contract Tower,1,0,1,5,7,0,13,8,5,26,1,13,9,10,33,10,2,12,45
05/02/2020,VCV,CA,AWP,WE,Federal Contract Tower,0,0,0,0,0,0,4,18,0,22,0,4,18,0,22,46,0,46,68
05/03/2020,VCV,CA,AWP,WE,Federal Contract Tower,0,0,0,0,0,0,7,19,0,26,0,7,19,0,26,48,0,48,74
05/04/2020,VCV,CA,AWP,WE,Federal Contract Tower,1,0,6,0,7,0,4,18,7,29,1,4,24,7,36,56,4,60,96
05/05/2020,VCV,CA,AWP,WE,Federal Contract Tower,2,2,2,0,6,0,11,13,2,26,2,13,15,2,32,22,8,30,62
05/06/2020,VCV,CA,AWP,WE,Federal Contract Tower,0,5,4,9,18,0,3,33,11,47,0,8,37,20,65,40,10,50,115
05/07/2020,VCV,CA,AWP,WE,Federal Contract Tower,4,2,0,0,6,0,8,18,24,50,4,10,18,24,56,48,0,48,104
05/08/2020,VCV,CA,AWP,WE,Federal Contract Tower,0,0,1,0,1,0,6,35,2,43,0,6,36,2,44,50,8,58,102
05/09/2020,VCV,CA,AWP,WE,Federal Contract Tower,0,0,0,0,0,0,9,37,0,46,0,9,37,0,46,62,0,62,108
05/10/2020,VCV,CA,AWP,WE,Federal Contract Tower,0,0,1,0,1,0,3,4,0,7,0,3,5,0,8,14,0,14,22
05/11/2020,VCV,CA,AWP,WE,Federal Contract Tower,1,0,2,0,3,0,10,18,3,31,1,10,20,3,34,28,26,54,88
05/12/2020,VCV,CA,AWP,WE,Federal Contract Tower,5,6,3,0,14,0,1,10,6,17,5,7,13,6,31,0,0,0,31
05/13/2020,VCV,CA,AWP,WE,Federal Contract Tower,0,0,1,8,9,0,3,16,5,24,0,3,17,13,33,0,4,4,37
05/14/2020,VCV,CA,AWP,WE,Federal Contract Tower,4,1,0,0,5,0,7,12,4,23,4,8,12,4,28,18,2,20,48
05/15/2020,VCV,CA,AWP,WE,Federal Contract Tower,1,1,2,2,6,0,5,25,2,32,1,6,27,4,38,48,10,58,96
05/16/2020,VCV,CA,AWP,WE,Federal Contract Tower,0,0,1,0,1,0,10,25,0,35,0,10,26,0,36,48,0,48,84
05/17/2020,VCV,CA,AWP,WE,Federal Contract Tower,0,0,1,0,1,0,12,19,0,31,0,12,20,0,32,42,0,42,74
05/18/2020,VCV,CA,AWP,WE,Federal Contract Tower,1,2,0,0,3,0,14,16,1,31,1,16,16,1,34,44,8,52,86
05/19/2020,VCV,CA,AWP,WE,Federal Contract Tower,3,2,0,0,5,0,7,5,2,14,3,9,5,2,19,0,4,4,23
05/20/2020,VCV,CA,AWP,WE,Federal Contract Tower,0,2,2,0,4,0,5,27,5,37,0,7,29,5,41,32,0,32,73
05/21/2020,VCV,CA,AWP,WE,Federal Contract Tower,0,3,2,4,9,0,23,16,2,41,0,26,18,6,50,20,0,20,70
05/22/2020,VCV,CA,AWP,WE,Federal Contract Tower,0,2,2,0,4,0,6,30,0,36,0,8,32,0,40,76,0,76,116
05/23/2020,VCV,CA,AWP,WE,Federal Contract Tower,0,0,0,0,0,0,14,32,0,46,0,14,32,0,46,56,0,56,102
05/24/2020,VCV,CA,AWP,WE,Federal Contract Tower,0,0,0,1,1,0,6,17,0,23,0,6,17,1,24,60,0,60,84
05/25/2020,VCV,CA,AWP,WE,Federal Contract Tower,0,0,0,0,0,0,13,19,0,32,0,13,19,0,32,58,0,58,90
05/26/2020,VCV,CA,AWP,WE,Federal Contract Tower,2,2,3,3,10,0,5,12,3,20,2,7,15,6,30,6,4,10,40
05/27/2020,VCV,CA,AWP,WE,Federal Contract Tower,0,3,2,4,9,0,11,8,8,27,0,14,10,12,36,28,0,28,64
05/28/2020,VCV,CA,AWP,WE,Federal Contract Tower,0,0,0,0,0,0,3,12,0,15,0,3,12,0,15,2,0,2,17
05/29/2020,VCV,CA,AWP,WE,Federal Contract Tower,0,4,0,0,4,0,16,8,0,24,0,20,8,0,28,36,0,36,64
05/30/2020,VCV,CA,AWP,WE,Federal Contract Tower,0,0,0,0,0,0,12,16,0,28,0,12,16,0,28,68,0,68,96
05/31/2020,VCV,CA,AWP,WE,Federal Contract Tower,1,0,0,0,1,0,19,26,0,45,1,19,26,0,46,56,0,56,102
06/01/2020,VCV,CA,AWP,WE,Federal Contract Tower,3,3,2,1,9,0,16,5,1,22,3,19,7,2,31,2,0,2,33
06/02/2020,VCV,CA,AWP,WE,Federal Contract Tower,2,3,0,2,7,0,4,9,5,18,2,7,9,7,25,0,0,0,25
06/03/2020,VCV,CA,AWP,WE,Federal Contract Tower,0,5,1,2,8,0,8,6,2,16,0,13,7,4,24,4,8,12,36
06/04/2020,VCV,CA,AWP,WE,Federal Contract Tower,3,2,9,0,14,0,4,11,8,23,3,6,20,8,37,0,12,12,49
06/05/2020,VCV,CA,AWP,WE,Federal Contract Tower,0,1,0,0,1,0,6,7,0,13,0,7,7,0,14,14,0,14,28
06/06/2020,VCV,CA,AWP,WE,Federal Contract Tower,0,0,0,0,0,0,5,11,0,16,0,5,11,0,16,38,0,38,54
06/07/2020,VCV,CA,AWP,WE,Federal Contract Tower,0,0,0,0,0,0,16,2,0,18,0,16,2,0,18,0,0,0,18
06/08/2020,VCV,CA,AWP,WE,Federal Contract Tower,0,0,2,0,2,0,3,7,2,12,0,3,9,2,14,16,12,28,42
06/09/2020,VCV,CA,AWP,WE,Federal Contract Tower,2,4,0,0,6,0,3,9,0,12,2,7,9,0,18,28,0,28,46
06/10/2020,VCV,CA,AWP,WE,Federal Contract Tower,0,2,3,4,9,0,6,5,5,16,0,8,8,9,25,4,26,30,55
06/11/2020,VCV,CA,AWP,WE,Federal Contract Tower,0,1,2,0,3,0,8,9,0,17,0,9,11,0,20,6,0,6,26
06/12/2020,VCV,CA,AWP,WE,Federal Contract Tower,0,0,1,0,1,0,13,18,0,31,0,13,19,0,32,36,0,36,68
06/13/2020,VCV,CA,AWP,WE,Federal Contract Tower,1,0,7,0,8,0,7,20,0,27,1,7,27,0,35,32,0,32,67
06/14/2020,VCV,CA,AWP,WE,Federal Contract Tower,0,0,0,0,0,0,11,15,0,26,0,11,15,0,26,62,0,62,88
06/15/2020,VCV,CA,AWP,WE,Federal Contract Tower,3,2,0,0,5,3,7,15,4,29,6,9,15,4,34,18,10,28,62
06/16/2020,VCV,CA,AWP,WE,Federal Contract Tower,3,2,3,3,11,0,10,17,6,33,3,12,20,9,44,44,12,56,100
06/17/2020,VCV,CA,AWP,WE,Federal Contract Tower,3,8,4,0,15,0,4,17,2,23,3,12,21,2,38,4,0,4,42
06/18/2020,VCV,CA,AWP,WE,Federal Contract Tower,0,2,1,3,6,0,5,11,12,28,0,7,12,15,34,8,2,10,44
06/19/2020,VCV,CA,AWP,WE,Federal Contract Tower,0,0,6,0,6,0,14,25,1,40,0,14,31,1,46,36,6,42,88
06/20/2020,VCV,CA,AWP,WE,Federal Contract Tower,0,0,2,0,2,0,6,16,0,22,0,6,18,0,24,32,0,32,56
06/21/2020,VCV,CA,AWP,WE,Federal Contract Tower,0,0,3,0,3,0,7,14,0,21,0,7,17,0,24,48,0,48,72
06/22/2020,VCV,CA,AWP,WE,Federal Contract Tower,0,0,0,1,1,0,8,26,1,35,0,8,26,2,36,20,8,28,64
06/23/2020,VCV,CA,AWP,WE,Federal Contract Tower,4,2,2,0,8,0,11,14,3,28,4,13,16,3,36,22,0,22,58
06/24/2020,VCV,CA,AWP,WE,Federal Contract Tower,2,8,6,6,22,1,12,23,12,48,3,20,29,18,70,0,6,6,76
06/25/2020,VCV,CA,AWP,WE,Federal Contract Tower,3,8,1,2,14,0,11,16,10,37,3,19,17,12,51,8,8,16,67
06/26/2020,VCV,CA,AWP,WE,Federal Contract Tower,4,0,4,0,8,0,9,23,2,34,4,9,27,2,42,34,14,48,90
06/27/2020,VCV,CA,AWP,WE,Federal Contract Tower,1,0,0,0,1,0,16,25,0,41,1,16,25,0,42,44,0,44,86
06/28/2020,VCV,CA,AWP,WE,Federal Contract Tower,1,0,0,0,1,0,8,3,0,11,1,8,3,0,12,0,0,0,12
06/29/2020,VCV,CA,AWP,WE,Federal Contract Tower,1,0,0,0,1,0,13,6,2,21,1,13,6,2,22,22,12,34,56
06/30/2020,VCV,CA,AWP,WE,Federal Contract Tower,5,3,1,0,9,0,12,10,0,22,5,15,11,0,31,22,0,22,53
07/01/2020,VCV,CA,AWP,WE,Federal Contract Tower,2,0,1,0,3,0,3,10,0,13,2,3,11,0,16,0,0,0,16
07/02/2020,VCV,CA,AWP,WE,Federal Contract Tower,5,1,2,1,9,0,7,6,3,16,5,8,8,4,25,10,0,10,35
07/03/2020,VCV,CA,AWP,WE,Federal Contract Tower,0,0,0,0,0,0,10,20,0,30,0,10,20,0,30,40,0,40,70
07/04/2020,VCV,CA,AWP,WE,Federal Contract Tower,0,0,0,0,0,0,14,8,0,22,0,14,8,0,22,14,0,14,36
07/05/2020,VCV,CA,AWP,WE,Federal Contract Tower,1,0,0,0,1,0,11,12,0,23,1,11,12,0,24,56,0,56,80
07/06/2020,VCV,CA,AWP,WE,Federal Contract Tower,2,0,0,5,7,0,6,7,0,13,2,6,7,5,20,14,0,14,34
07/07/2020,VCV,CA,AWP,WE,Federal Contract Tower,4,3,5,1,13,0,9,7,3,19,4,12,12,4,32,8,0,8,40
07/08/2020,VCV,CA,AWP,WE,Federal Contract Tower,2,2,6,1,11,0,10,11,0,21,2,12,17,1,32,0,0,0,32
07/09/2020,VCV,CA,AWP,WE,Federal Contract Tower,0,1,4,2,7,4,4,21,4,33,4,5,25,6,40,12,8,20,60
07/10/2020,VCV,CA,AWP,WE,Federal Contract Tower,2,0,4,2,8,0,9,20,9,38,2,9,24,11,46,20,56,76,122
07/11/2020,VCV,CA,AWP,WE,Federal Contract Tower,0,0,0,0,0,0,9,17,2,28,0,9,17,2,28,32,22,54,82
07/12/2020,VCV,CA,AWP,WE,Federal Contract Tower,0,0,2,0,2,0,9,21,2,32,0,9,23,2,34,44,32,76,110
07/13/2020,VCV,CA,AWP,WE,Federal Contract Tower,1,1,0,0,2,0,11,13,3,27,1,12,13,3,29,6,20,26,55
07/14/2020,VCV,CA,AWP,WE,Federal Contract Tower,4,0,2,0,6,0,0,10,4,14,4,0,12,4,20,74,0,74,94
07/15/2020,VCV,CA,AWP,WE,Federal Contract Tower,6,4,0,1,11,1,9,7,0,17,7,13,7,1,28,0,0,0,28
07/16/2020,VCV,CA,AWP,WE,Federal Contract Tower,2,2,5,2,11,0,2,11,2,15,2,4,16,4,26,4,0,4,30
07/17/2020,VCV,CA,AWP,WE,Federal Contract Tower,2,0,4,0,6,0,5,21,2,28,2,5,25,2,34,36,18,54,88
07/18/2020,VCV,CA,AWP,WE,Federal Contract Tower,1,0,2,0,3,0,14,21,0,35,1,14,23,0,38,40,0,40,78
07/19/2020,VCV,CA,AWP,WE,Federal Contract Tower,0,0,0,0,0,0,14,24,0,38,0,14,24,0,38,72,0,72,110
07/20/2020,VCV,CA,AWP,WE,Federal Contract Tower,5,0,1,0,6,0,11,9,2,22,5,11,10,2,28,20,20,40,68
07/21/2020,VCV,CA,AWP,WE,Federal Contract Tower,4,2,1,1,8,0,10,10,10,30,4,12,11,11,38,2,36,38,76
07/22/2020,VCV,CA,AWP,WE,Federal Contract Tower,5,1,1,0,7,0,5,8,0,13,5,6,9,0,20,16,0,16,36
07/23/2020,VCV,CA,AWP,WE,Federal Contract Tower,9,3,1,2,15,2,14,10,4,30,11,17,11,6,45,14,0,14,59
07/24/2020,VCV,CA,AWP,WE,Federal Contract Tower,4,0,2,0,6,0,10,27,1,38,4,10,29,1,44,36,0,36,80
07/25/2020,VCV,CA,AWP,WE,Federal Contract Tower,0,0,2,1,3,0,10,21,8,39,0,10,23,9,42,20,14,34,76
07/26/2020,VCV,CA,AWP,WE,Federal Contract Tower,1,0,0,0,1,0,7,18,0,25,1,7,18,0,26,66,0,66,92
07/27/2020,VCV,CA,AWP,WE,Federal Contract Tower,4,0,2,0,6,0,8,23,1,32,4,8,25,1,38,50,0,50,88
07/28/2020,VCV,CA,AWP,WE,Federal Contract Tower,2,3,0,0,5,0,8,16,4,28,2,11,16,4,33,14,2,16,49
07/29/2020,VCV,CA,AWP,WE,Federal Contract Tower,3,2,4,2,11,0,4,21,4,29,3,6,25,6,40,4,0,4,44
07/30/2020,VCV,CA,AWP,WE,Federal Contract Tower,6,3,9,0,18,0,5,23,0,28,6,8,32,0,46,18,0,18,64
07/31/2020,VCV,CA,AWP,WE,Federal Contract Tower,0,0,1,1,2,0,4,18,4,26,0,4,19,5,28,56,22,78,106
08/01/2020,VCV,CA,AWP,WE,Federal Contract Tower,2,1,2,0,5,0,12,21,0,33,2,13,23,0,38,74,0,74,112
08/02/2020,VCV,CA,AWP,WE,Federal Contract Tower,0,0,0,0,0,0,9,17,0,26,0,9,17,0,26,52,0,52,78
08/03/2020,VCV,CA,AWP,WE,Federal Contract Tower,2,0,0,0,2,0,6,10,6,22,2,6,10,6,24,2,0,2,26
08/04/2020,VCV,CA,AWP,WE,Federal Contract Tower,0,2,0,4,6,0,2,10,8,20,0,4,10,12,26,0,4,4,30
08/05/2020,VCV,CA,AWP,WE,Federal Contract Tower,0,1,3,1,5,0,7,14,3,24,0,8,17,4,29,20,12,32,61
08/06/2020,VCV,CA,AWP,WE,Federal Contract Tower,5,5,1,4,15,2,6,18,12,38,7,11,19,16,53,56,40,96,149
08/07/2020,VCV,CA,AWP,WE,Federal Contract Tower,1,0,2,3,6,0,9,25,3,37,1,9,27,6,43,54,12,66,109
08/08/2020,VCV,CA,AWP,WE,Federal Contract Tower,0,0,2,0,2,0,6,15,3,24,0,6,17,3,26,20,30,50,76
08/09/2020,VCV,CA,AWP,WE,Federal Contract Tower,0,0,3,0,3,0,4,13,0,17,0,4,16,0,20,76,0,76,96
08/10/2020,VCV,CA,AWP,WE,Federal Contract Tower,5,0,0,0,5,0,0,13,2,15,5,0,13,2,20,36,22,58,78
08/11/2020,VCV,CA,AWP,WE,Federal Contract Tower,0,6,2,2,10,0,7,4,12,23,0,13,6,14,33,2,4,6,39
08/12/2020,VCV,CA,AWP,WE,Federal Contract Tower,4,0,0,1,5,0,1,12,4,17,4,1,12,5,22,0,4,4,26
08/13/2020,VCV,CA,AWP,WE,Federal Contract Tower,4,2,2,0,8,0,11,6,0,17,4,13,8,0,25,0,0,0,25
08/14/2020,VCV,CA,AWP,WE,Federal Contract Tower,1,0,2,2,5,0,9,23,5,37,1,9,25,7,42,44,8,52,94
08/15/2020,VCV,CA,AWP,WE,Federal Contract Tower,0,0,3,0,3,0,0,23,4,27,0,0,26,4,30,12,0,12,42
08/16/2020,VCV,CA,AWP,WE,Federal Contract Tower,0,0,0,0,0,0,13,19,0,32,0,13,19,0,32,26,0,26,58
08/17/2020,VCV,CA,AWP,WE,Federal Contract Tower,2,5,6,4,17,0,6,4,1,11,2,11,10,5,28,0,0,0,28
08/18/2020,VCV,CA,AWP,WE,Federal Contract Tower,4,2,2,2,10,0,4,9,0,13,4,6,11,2,23,12,22,34,57
08/19/2020,VCV,CA,AWP,WE,Federal Contract Tower,2,0,0,2,4,0,4,2,4,10,2,4,2,6,14,4,0,4,18
08/20/2020,VCV,CA,AWP,WE,Federal Contract Tower,6,2,4,6,18,0,1,0,10,11,6,3,4,16,29,0,0,0,29
08/21/2020,VCV,CA,AWP,WE,Federal Contract Tower,1,0,2,0,3,0,6,5,10,21,1,6,7,10,24,0,0,0,24
08/22/2020,VCV,CA,AWP,WE,Federal Contract Tower,3,0,2,0,5,0,1,6,0,7,3,1,8,0,12,0,0,0,12
08/23/2020,VCV,CA,AWP,WE,Federal Contract Tower,0,0,0,0,0,0,8,14,0,22,0,8,14,0,22,68,0,68,90
08/24/2020,VCV,CA,AWP,WE,Federal Contract Tower,4,2,0,2,8,0,8,8,2,18,4,10,8,4,26,42,20,62,88
08/25/2020,VCV,CA,AWP,WE,Federal Contract Tower,3,5,2,0,10,0,7,3,8,18,3,12,5,8,28,4,20,24,52
08/26/2020,VCV,CA,AWP,WE,Federal Contract Tower,2,3,2,0,7,0,9,4,2,15,2,12,6,2,22,0,2,2,24
08/27/2020,VCV,CA,AWP,WE,Federal Contract Tower,5,1,1,3,10,1,4,16,10,31,6,5,17,13,41,8,26,34,75
08/28/2020,VCV,CA,AWP,WE,Federal Contract Tower,2,1,0,0,3,0,1,19,1,21,2,2,19,1,24,28,6,34,58
08/29/2020,VCV,CA,AWP,WE,Federal Contract Tower,0,0,2,0,2,0,11,15,8,34,0,11,17,8,36,40,26,66,102
08/30/2020,VCV,CA,AWP,WE,Federal Contract Tower,0,0,3,0,3,0,8,33,0,41,0,8,36,0,44,40,0,40,84
08/31/2020,VCV,CA,AWP,WE,Federal Contract Tower,2,0,0,7,9,0,3,12,5,20,2,3,12,12,29,32,26,58,87
09/01/2020,VCV,CA,AWP,WE,Federal Contract Tower,1,2,3,10,16,0,16,7,6,29,1,18,10,16,45,10,4,14,59
09/02/2020,VCV,CA,AWP,WE,Federal Contract Tower,3,2,0,0,5,0,5,10,0,15,3,7,10,0,20,2,0,2,22
09/03/2020,VCV,CA,AWP,WE,Federal Contract Tower,1,0,0,0,1,0,0,15,0,15,1,0,15,0,16,6,0,6,22
09/04/2020,VCV,CA,AWP,WE,Federal Contract Tower,4,0,1,0,5,0,3,18,2,23,4,3,19,2,28,30,8,38,66
09/05/2020,VCV,CA,AWP,WE,Federal Contract Tower,0,0,0,0,0,0,5,9,4,18,0,5,9,4,18,8,6,14,32
09/06/2020,VCV,CA,AWP,WE,Federal Contract Tower,0,0,1,0,1,0,5,5,0,10,0,5,6,0,11,0,0,0,11
09/07/2020,VCV,CA,AWP,WE,Federal Contract Tower,0,0,0,0,0,0,2,0,0,2,0,2,0,0,2,0,0,0,2
09/08/2020,VCV,CA,AWP,WE,Federal Contract Tower,0,1,0,2,3,0,0,0,0,0,0,1,0,2,3,0,0,0,3
09/09/2020,VCV,CA,AWP,WE,Federal Contract Tower,4,2,13,2,21,0,3,4,12,19,4,5,17,14,40,0,0,0,40
09/10/2020,VCV,CA,AWP,WE,Federal Contract Tower,0,2,9,5,16,0,4,16,6,26,0,6,25,11,42,0,10,10,52
09/11/2020,VCV,CA,AWP,WE,Federal Contract Tower,1,2,1,0,4,0,4,15,3,22,1,6,16,3,26,34,12,46,72
09/12/2020,VCV,CA,AWP,WE,Federal Contract Tower,0,0,0,0,0,0,10,15,1,26,0,10,15,1,26,40,8,48,74
09/13/2020,VCV,CA,AWP,WE,Federal Contract Tower,0,0,0,0,0,0,2,0,0,2,0,2,0,0,2,0,0,0,2
09/14/2020,VCV,CA,AWP,WE,Federal Contract Tower,3,2,3,0,8,0,12,10,6,28,3,14,13,6,36,22,32,54,90
09/15/2020,VCV,CA,AWP,WE,Federal Contract Tower,3,5,1,5,14,5,8,0,7,20,8,13,1,12,34,0,24,24,58
09/16/2020,VCV,CA,AWP,WE,Federal Contract Tower,0,2,1,2,5,0,10,16,4,30,0,12,17,6,35,6,12,18,53
09/17/2020,VCV,CA,AWP,WE,Federal Contract Tower,5,2,6,4,17,2,5,18,5,30,7,7,24,9,47,14,6,20,67
09/18/2020,VCV,CA,AWP,WE,Federal Contract Tower,1,0,0,0,1,0,3,0,0,3,1,3,0,0,4,0,0,0,4
09/19/2020,VCV,CA,AWP,WE,Federal Contract Tower,1,0,2,1,4,0,6,25,9,40,1,6,27,10,44,34,8,42,86
09/20/2020,VCV,CA,AWP,WE,Federal Contract Tower,0,0,0,0,0,0,4,4,0,8,0,4,4,0,8,0,0,0,8
09/21/2020,VCV,CA,AWP,WE,Federal Contract Tower,0,0,4,1,5,0,2,12,6,20,0,2,16,7,25,32,0,32,57
09/22/2020,VCV,CA,AWP,WE,Federal Contract Tower,1,6,6,4,17,0,5,12,7,24,1,11,18,11,41,2,18,20,61
09/23/2020,VCV,CA,AWP,WE,Federal Contract Tower,2,6,0,1,9,0,8,16,13,37,2,14,16,14,46,8,0,8,54
09/24/2020,VCV,CA,AWP,WE,Federal Contract Tower,10,5,11,4,30,0,2,19,0,21,10,7,30,4,51,8,0,8,59
09/25/2020,VCV,CA,AWP,WE,Federal Contract Tower,1,1,3,3,8,0,7,12,6,25,1,8,15,9,33,5,0,5,38
09/26/2020,VCV,CA,AWP,WE,Federal Contract Tower,0,0,0,2,2,0,4,4,0,8,0,4,4,2,10,0,0,0,10
09/27/2020,VCV,CA,AWP,WE,Federal Contract Tower,0,0,0,0,0,0,14,12,0,26,0,14,12,0,26,40,0,40,66
09/28/2020,VCV,CA,AWP,WE,Federal Contract Tower,1,0,2,2,5,0,1,8,24,33,1,1,10,26,38,50,14,64,102
09/29/2020,VCV,CA,AWP,WE,Federal Contract Tower,1,2,0,0,3,0,7,8,1,16,1,9,8,1,19,22,10,32,51
09/30/2020,VCV,CA,AWP,WE,Federal Contract Tower,1,3,0,1,5,0,2,8,0,10,1,5,8,1,15,22,0,22,37
10/01/2020,VCV,CA,AWP,WE,Federal Contract Tower,4,2,1,4,11,0,1,12,9,22,4,3,13,13,33,30,16,46,79
10/02/2020,VCV,CA,AWP,WE,Federal Contract Tower,1,0,3,0,4,0,10,18,0,28,1,10,21,0,32,46,0,46,78
10/03/2020,VCV,CA,AWP,WE,Federal Contract Tower,1,0,2,0,3,0,6,27,0,33,1,6,29,0,36,60,0,60,96
10/04/2020,VCV,CA,AWP,WE,Federal Contract Tower,1,0,3,0,4,0,5,6,0,11,1,5,9,0,15,38,0,38,53
10/05/2020,VCV,CA,AWP,WE,Federal Contract Tower,6,0,1,1,8,3,4,12,7,26,9,4,13,8,34,52,28,80,114
10/06/2020,VCV,CA,AWP,WE,Federal Contract Tower,3,2,5,6,16,0,6,25,31,62,3,8,30,37,78,40,102,142,220
10/07/2020,VCV,CA,AWP,WE,Federal Contract Tower,2,0,3,8,13,0,10,23,5,38,2,10,26,13,51,40,8,48,99
10/08/2020,VCV,CA,AWP,WE,Federal Contract Tower,4,0,2,2,8,0,5,10,4,19,4,5,12,6,27,0,14,14,41
10/09/2020,VCV,CA,AWP,WE,Federal Contract Tower,0,2,3,2,7,0,8,13,2,23,0,10,16,4,30,42,24,66,96
10/10/2020,VCV,CA,AWP,WE,Federal Contract Tower,0,0,1,0,1,0,8,11,0,19,0,8,12,0,20,20,0,20,40
10/11/2020,VCV,CA,AWP,WE,Federal Contract Tower,0,0,3,0,3,0,6,3,0,9,0,6,6,0,12,32,0,32,44
10/12/2020,VCV,CA,AWP,WE,Federal Contract Tower,1,0,2,1,4,2,5,13,7,27,3,5,15,8,31,34,0,34,65
10/13/2020,VCV,CA,AWP,WE,Federal Contract Tower,8,3,2,4,17,0,5,6,10,21,8,8,8,14,38,2,48,50,88
10/14/2020,VCV,CA,AWP,WE,Federal Contract Tower,3,0,6,7,16,0,11,22,14,47,3,11,28,21,63,18,36,54,117
10/15/2020,VCV,CA,AWP,WE,Federal Contract Tower,5,0,1,4,10,0,2,20,8,30,5,2,21,12,40,2,14,16,56
10/16/2020,VCV,CA,AWP,WE,Federal Contract Tower,3,0,0,2,5,0,4,21,12,37,3,4,21,14,42,28,72,100,142
10/17/2020,VCV,CA,AWP,WE,Federal Contract Tower,0,0,0,0,0,0,4,6,0,10,0,4,6,0,10,0,0,0,10
10/18/2020,VCV,CA,AWP,WE,Federal Contract Tower,0,0,2,0,2,0,5,3,0,8,0,5,5,0,10,12,0,12,22
10/19/2020,VCV,CA,AWP,WE,Federal Contract Tower,0,0,6,4,10,1,5,15,3,24,1,5,21,7,34,0,8,8,42
10/20/2020,VCV,CA,AWP,WE,Federal Contract Tower,4,4,0,0,8,0,6,7,0,13,4,10,7,0,21,8,0,8,29
10/21/2020,VCV,CA,AWP,WE,Federal Contract Tower,3,4,3,2,12,0,5,20,1,26,3,9,23,3,38,10,8,18,56
10/22/2020,VCV,CA,AWP,WE,Federal Contract Tower,2,2,4,6,14,0,9,37,0,46,2,11,41,6,60,48,4,52,112
10/23/2020,VCV,CA,AWP,WE,Federal Contract Tower,3,0,0,4,7,0,10,11,2,23,3,10,11,6,30,16,6,22,52
10/24/2020,VCV,CA,AWP,WE,Federal Contract Tower,4,0,0,1,5,0,8,15,6,29,4,8,15,7,34,22,18,40,74
10/25/2020,VCV,CA,AWP,WE,Federal Contract Tower,2,0,0,0,2,0,9,9,0,18,2,9,9,0,20,10,0,10,30
10/26/2020,VCV,CA,AWP,WE,Federal Contract Tower,0,2,0,0,2,0,4,1,0,5,0,6,1,0,7,0,0,0,7
10/27/2020,VCV,CA,AWP,WE,Federal Contract Tower,2,2,0,4,8,0,6,14,2,22,2,8,14,6,30,42,4,46,76
10/28/2020,VCV,CA,AWP,WE,Federal Contract Tower,0,1,0,0,1,1,4,8,0,13,1,5,8,0,14,6,0,6,20
10/29/2020,VCV,CA,AWP,WE,Federal Contract Tower,4,3,1,0,8,0,15,10,6,31,4,18,11,6,39,54,0,54,93
10/30/2020,VCV,CA,AWP,WE,Federal Contract Tower,7,3,0,0,10,1,18,15,0,34,8,21,15,0,44,28,0,28,72
10/31/2020,VCV,CA,AWP,WE,Federal Contract Tower,1,0,3,0,4,0,10,28,0,38,1,10,31,0,42,52,0,52,94
11/01/2020,VCV,CA,AWP,WE,Federal Contract Tower,1,0,0,0,1,0,13,18,0,31,1,13,18,0,32,36,0,36,68
11/02/2020,VCV,CA,AWP,WE,Federal Contract Tower,0,0,3,0,3,1,2,16,0,19,1,2,19,0,22,14,0,14,36
11/03/2020,VCV,CA,AWP,WE,Federal Contract Tower,6,4,0,6,16,0,7,13,6,26,6,11,13,12,42,10,20,30,72
11/04/2020,VCV,CA,AWP,WE,Federal Contract Tower,4,2,1,0,7,0,16,9,0,25,4,18,10,0,32,0,0,0,32
11/05/2020,VCV,CA,AWP,WE,Federal Contract Tower,6,4,0,5,15,1,10,5,14,30,7,14,5,19,45,2,40,42,87
11/06/2020,VCV,CA,AWP,WE,Federal Contract Tower,1,2,2,0,5,0,3,2,0,5,1,5,4,0,10,0,0,0,10
11/07/2020,VCV,CA,AWP,WE,Federal Contract Tower,0,0,0,0,0,0,2,0,2,4,0,2,0,2,4,0,0,0,4
11/08/2020,VCV,CA,AWP,WE,Federal Contract Tower,0,0,0,0,0,0,6,6,0,12,0,6,6,0,12,0,0,0,12
11/09/2020,VCV,CA,AWP,WE,Federal Contract Tower,1,5,0,0,6,0,12,13,3,28,1,17,13,3,34,10,18,28,62
11/10/2020,VCV,CA,AWP,WE,Federal Contract Tower,2,11,2,4,19,2,5,30,13,50,4,16,32,17,69,40,58,98,167
11/11/2020,VCV,CA,AWP,WE,Federal Contract Tower,3,4,3,1,11,0,21,21,0,42,3,25,24,1,53,6,0,6,59
11/12/2020,VCV,CA,AWP,WE,Federal Contract Tower,9,4,5,6,24,3,7,25,13,48,12,11,30,19,72,30,6,36,108
11/13/2020,VCV,CA,AWP,WE,Federal Contract Tower,2,0,0,3,5,0,6,16,7,29,2,6,16,10,34,28,10,38,72
11/14/2020,VCV,CA,AWP,WE,Federal Contract Tower,1,0,0,1,2,0,15,17,4,36,1,15,17,5,38,36,22,58,96
11/15/2020,VCV,CA,AWP,WE,Federal Contract Tower,0,0,0,0,0,0,10,20,0,30,0,10,20,0,30,66,0,66,96
11/16/2020,VCV,CA,AWP,WE,Federal Contract Tower,5,1,3,4,13,0,14,17,9,40,5,15,20,13,53,48,50,98,151
11/17/2020,VCV,CA,AWP,WE,Federal Contract Tower,4,0,0,3,7,0,12,4,5,21,4,12,4,8,28,0,22,22,50
11/18/2020,VCV,CA,AWP,WE,Federal Contract Tower,3,0,3,3,9,0,8,2,6,16,3,8,5,9,25,0,20,20,45
11/19/2020,VCV,CA,AWP,WE,Federal Contract Tower,3,2,5,6,16,0,13,27,8,48,3,15,32,14,64,21,40,61,125
11/20/2020,VCV,CA,AWP,WE,Federal Contract Tower,2,1,4,0,7,0,7,20,2,29,2,8,24,2,36,30,14,44,80
11/21/2020,VCV,CA,AWP,WE,Federal Contract Tower,0,0,0,0,0,0,6,12,0,18,0,6,12,0,18,30,0,30,48
11/22/2020,VCV,CA,AWP,WE,Federal Contract Tower,1,0,0,0,1,0,7,8,0,15,1,7,8,0,16,10,0,10,26
11/23/2020,VCV,CA,AWP,WE,Federal Contract Tower,0,0,1,1,2,0,6,7,1,14,0,6,8,2,16,18,6,24,40
11/24/2020,VCV,CA,AWP,WE,Federal Contract Tower,3,0,0,2,5,0,6,12,4,22,3,6,12,6,27,6,26,32,59
11/25/2020,VCV,CA,AWP,WE,Federal Contract Tower,1,0,0,2,3,0,2,10,4,16,1,2,10,6,19,10,12,22,41
11/26/2020,VCV,CA,AWP,WE,Federal Contract Tower,0,0,2,0,2,0,8,0,0,8,0,8,2,0,10,0,0,0,10
11/27/2020,VCV,CA,AWP,WE,Federal Contract Tower,0,0,0,0,0,0,2,2,0,4,0,2,2,0,4,0,0,0,4
11/28/2020,VCV,CA,AWP,WE,Federal Contract Tower,1,0,0,0,1,0,4,11,0,15,1,4,11,0,16,6,0,6,22
11/29/2020,VCV,CA,AWP,WE,Federal Contract Tower,1,0,0,0,1,0,7,4,0,11,1,7,4,0,12,0,0,0,12
11/30/2020,VCV,CA,AWP,WE,Federal Contract Tower,2,0,2,2,6,1,8,14,2,25,3,8,16,4,31,32,20,52,83
12/01/2020,VCV,CA,AWP,WE,Federal Contract Tower,3,2,2,1,8,1,3,5,1,10,4,5,7,2,18,0,0,0,18
12/02/2020,VCV,CA,AWP,WE,Federal Contract Tower,4,0,1,2,7,2,10,1,8,21,6,10,2,10,28,12,22,34,62
12/03/2020,VCV,CA,AWP,WE,Federal Contract Tower,0,4,1,2,7,0,4,2,5,11,0,8,3,7,18,20,0,20,38
12/04/2020,VCV,CA,AWP,WE,Federal Contract Tower,3,0,1,1,5,0,10,6,3,19,3,10,7,4,24,14,28,42,66
12/05/2020,VCV,CA,AWP,WE,Federal Contract Tower,0,0,2,0,2,0,9,13,2,24,0,9,15,2,26,12,14,26,52
12/06/2020,VCV,CA,AWP,WE,Federal Contract Tower,0,0,3,0,3,0,12,13,0,25,0,12,16,0,28,16,0,16,44
12/07/2020,VCV,CA,AWP,WE,Federal Contract Tower,0,2,2,1,5,0,4,4,2,10,0,6,6,3,15,6,10,16,31
12/08/2020,VCV,CA,AWP,WE,Federal Contract Tower,2,3,4,0,9,0,3,8,0,11,2,6,12,0,20,8,0,8,28
12/09/2020,VCV,CA,AWP,WE,Federal Contract Tower,5,4,6,1,16,1,9,10,3,23,6,13,16,4,39,6,14,20,59
12/10/2020,VCV,CA,AWP,WE,Federal Contract Tower,7,1,0,2,10,0,0,10,11,21,7,1,10,13,31,16,16,32,63
12/11/2020,VCV,CA,AWP,WE,Federal Contract Tower,5,0,0,1,6,1,3,2,0,6,6,3,2,1,12,0,0,0,12
12/12/2020,VCV,CA,AWP,WE,Federal Contract Tower,0,0,2,0,2,0,4,0,0,4,0,4,2,0,6,0,0,0,6
12/13/2020,VCV,CA,AWP,WE,Federal Contract Tower,0,0,0,0,0,0,5,11,0,16,0,5,11,0,16,4,0,4,20
12/14/2020,VCV,CA,AWP,WE,Federal Contract Tower,1,0,0,0,1,0,8,0,4,12,1,8,0,4,13,0,0,0,13
12/15/2020,VCV,CA,AWP,WE,Federal Contract Tower,2,2,2,3,9,3,9,13,13,38,5,11,15,16,47,22,44,66,113
12/16/2020,VCV,CA,AWP,WE,Federal Contract Tower,3,0,6,1,10,0,18,17,1,36,3,18,23,2,46,10,12,22,68
12/17/2020,VCV,CA,AWP,WE,Federal Contract Tower,1,0,0,1,2,0,1,4,4,9,1,1,4,5,11,0,16,16,27
12/18/2020,VCV,CA,AWP,WE,Federal Contract Tower,1,0,2,1,4,0,5,6,1,12,1,5,8,2,16,6,0,6,22
12/19/2020,VCV,CA,AWP,WE,Federal Contract Tower,2,0,0,0,2,0,6,12,0,18,2,6,12,0,20,6,0,6,26
12/20/2020,VCV,CA,AWP,WE,Federal Contract Tower,0,0,0,0,0,0,4,14,0,18,0,4,14,0,18,0,0,0,18
12/21/2020,VCV,CA,AWP,WE,Federal Contract Tower,3,0,0,0,3,2,4,5,4,15,5,4,5,4,18,0,0,0,18
12/22/2020,VCV,CA,AWP,WE,Federal Contract Tower,4,2,0,2,8,2,2,5,11,20,6,4,5,13,28,2,18,20,48
12/23/2020,VCV,CA,AWP,WE,Federal Contract Tower,3,1,0,1,5,2,1,5,3,11,5,2,5,4,16,0,0,0,16
12/24/2020,VCV,CA,AWP,WE,Federal Contract Tower,0,0,0,0,0,0,4,6,0,10,0,4,6,0,10,6,0,6,16
12/25/2020,VCV,CA,AWP,WE,Federal Contract Tower,0,0,0,0,0,0,5,1,0,6,0,5,1,0,6,4,0,4,10
12/26/2020,VCV,CA,AWP,WE,Federal Contract Tower,3,0,6,0,9,0,3,6,0,9,3,3,12,0,18,10,0,10,28
12/27/2020,VCV,CA,AWP,WE,Federal Contract Tower,0,0,0,0,0,0,2,4,0,6,0,2,4,0,6,0,0,0,6
12/28/2020,VCV,CA,AWP,WE,Federal Contract Tower,0,0,0,0,0,0,0,0,0,0,0,0,0,0,0,0,0,0,0
12/29/2020,VCV,CA,AWP,WE,Federal Contract Tower,3,4,0,3,10,0,12,4,5,21,3,16,4,8,31,6,18,24,55
12/30/2020,VCV,CA,AWP,WE,Federal Contract Tower,2,4,2,0,8,0,14,9,0,23,2,18,11,0,31,12,0,12,43
12/31/2020,VCV,CA,AWP,WE,Federal Contract Tower,0,0,1,0,1,0,1,10,0,11,0,1,11,0,12,8,0,8,20
01/01/2021,VCV,CA,AWP,WE,Federal Contract Tower,0,0,0,0,0,0,7,2,0,9,0,7,2,0,9,4,0,4,13
01/02/2021,VCV,CA,AWP,WE,Federal Contract Tower,3,0,0,0,3,0,4,9,2,15,3,4,9,2,18,0,10,10,28
01/03/2021,VCV,CA,AWP,WE,Federal Contract Tower,0,0,0,0,0,0,10,20,0,30,0,10,20,0,30,10,0,10,40
01/04/2021,VCV,CA,AWP,WE,Federal Contract Tower,0,0,2,0,2,0,4,12,1,17,0,4,14,1,19,22,8,30,49
01/05/2021,VCV,CA,AWP,WE,Federal Contract Tower,6,0,2,3,11,0,1,10,20,31,6,1,12,23,42,4,72,76,118
01/06/2021,VCV,CA,AWP,WE,Federal Contract Tower,0,0,9,1,10,0,5,12,2,19,0,5,21,3,29,12,0,12,41
01/07/2021,VCV,CA,AWP,WE,Federal Contract Tower,1,0,1,1,3,0,3,17,13,33,1,3,18,14,36,24,48,72,108
01/08/2021,VCV,CA,AWP,WE,Federal Contract Tower,3,0,2,0,5,0,5,11,5,21,3,5,13,5,26,30,40,70,96
01/09/2021,VCV,CA,AWP,WE,Federal Contract Tower,3,0,0,0,3,0,4,16,1,21,3,4,16,1,24,46,12,58,82
01/10/2021,VCV,CA,AWP,WE,Federal Contract Tower,2,0,0,0,2,2,12,10,2,26,4,12,10,2,28,16,12,28,56
01/11/2021,VCV,CA,AWP,WE,Federal Contract Tower,2,0,3,0,5,0,6,11,3,20,2,6,14,3,25,24,20,44,69
01/12/2021,VCV,CA,AWP,WE,Federal Contract Tower,6,1,2,1,10,0,5,6,5,16,6,6,8,6,26,18,2,20,46
01/13/2021,VCV,CA,AWP,WE,Federal Contract Tower,2,0,1,1,4,0,11,2,6,19,2,11,3,7,23,2,14,16,39
01/14/2021,VCV,CA,AWP,WE,Federal Contract Tower,1,0,1,2,4,0,2,10,5,17,1,2,11,7,21,14,38,52,73
01/15/2021,VCV,CA,AWP,WE,Federal Contract Tower,1,0,0,1,2,1,5,14,2,22,2,5,14,3,24,34,30,64,88
01/16/2021,VCV,CA,AWP,WE,Federal Contract Tower,1,0,0,1,2,0,5,4,3,12,1,5,4,4,14,16,22,38,52
01/17/2021,VCV,CA,AWP,WE,Federal Contract Tower,0,0,0,0,0,0,7,7,0,14,0,7,7,0,14,12,0,12,26
01/18/2021,VCV,CA,AWP,WE,Federal Contract Tower,0,0,0,0,0,0,8,8,2,18,0,8,8,2,18,18,12,30,48
01/19/2021,VCV,CA,AWP,WE,Federal Contract Tower,2,0,0,0,2,0,0,0,0,0,2,0,0,0,2,0,0,0,2
01/20/2021,VCV,CA,AWP,WE,Federal Contract Tower,0,4,1,1,6,0,3,1,3,7,0,7,2,4,13,0,10,10,23
01/21/2021,VCV,CA,AWP,WE,Federal Contract Tower,4,0,1,2,7,2,5,8,5,20,6,5,9,7,27,2,10,12,39
01/22/2021,VCV,CA,AWP,WE,Federal Contract Tower,3,0,3,2,8,0,6,9,5,20,3,6,12,7,28,26,20,46,74
01/23/2021,VCV,CA,AWP,WE,Federal Contract Tower,1,0,0,0,1,0,1,1,1,3,1,1,1,1,4,0,0,0,4
01/24/2021,VCV,CA,AWP,WE,Federal Contract Tower,0,0,1,0,1,1,2,13,7,23,1,2,14,7,24,30,0,30,54
01/25/2021,VCV,CA,AWP,WE,Federal Contract Tower,2,0,0,0,2,0,6,0,0,6,2,6,0,0,8,0,0,0,8
01/26/2021,VCV,CA,AWP,WE,Federal Contract Tower,5,0,2,2,9,0,6,7,10,23,5,6,9,12,32,24,32,56,88
01/27/2021,VCV,CA,AWP,WE,Federal Contract Tower,4,4,1,3,12,0,0,5,6,11,4,4,6,9,23,14,12,26,49
01/28/2021,VCV,CA,AWP,WE,Federal Contract Tower,4,0,0,4,8,0,6,4,4,14,4,6,4,8,22,6,16,22,44
01/29/2021,VCV,CA,AWP,WE,Federal Contract Tower,4,0,1,0,5,0,0,0,0,0,4,0,1,0,5,0,0,0,5
01/30/2021,VCV,CA,AWP,WE,Federal Contract Tower,1,0,1,0,2,0,4,12,2,18,1,4,13,2,20,8,18,26,46
01/31/2021,VCV,CA,AWP,WE,Federal Contract Tower,2,0,0,0,2,2,7,16,1,26,4,7,16,1,28,16,12,28,56
02/01/2021,VCV,CA,AWP,WE,Federal Contract Tower,1,0,0,0,1,0,7,7,1,15,1,7,7,1,16,16,12,28,44
02/02/2021,VCV,CA,AWP,WE,Federal Contract Tower,5,0,0,4,9,0,6,14,5,25,5,6,14,9,34,12,24,36,70
02/03/2021,VCV,CA,AWP,WE,Federal Contract Tower,0,0,0,0,0,0,5,10,0,15,0,5,10,0,15,4,0,4,19
02/04/2021,VCV,CA,AWP,WE,Federal Contract Tower,0,4,2,3,9,0,4,9,6,19,0,8,11,9,28,2,12,14,42
02/05/2021,VCV,CA,AWP,WE,Federal Contract Tower,0,0,1,0,1,0,3,16,2,21,0,3,17,2,22,22,12,34,56
02/06/2021,VCV,CA,AWP,WE,Federal Contract Tower,1,0,0,0,1,0,4,16,1,21,1,4,16,1,22,14,10,24,46
02/07/2021,VCV,CA,AWP,WE,Federal Contract Tower,1,0,1,0,2,1,3,6,0,10,2,3,7,0,12,8,0,8,20
02/08/2021,VCV,CA,AWP,WE,Federal Contract Tower,0,1,0,0,1,0,6,12,5,23,0,7,12,5,24,20,24,44,68
02/09/2021,VCV,CA,AWP,WE,Federal Contract Tower,4,2,0,0,6,1,7,19,6,33,5,9,19,6,39,12,12,24,63
02/10/2021,VCV,CA,AWP,WE,Federal Contract Tower,5,0,3,1,9,0,4,8,2,14,5,4,11,3,23,0,0,0,23
02/11/2021,VCV,CA,AWP,WE,Federal Contract Tower,7,4,4,3,18,0,8,18,6,32,7,12,22,9,50,10,14,24,74
02/12/2021,VCV,CA,AWP,WE,Federal Contract Tower,1,0,2,0,3,0,10,3,0,13,1,10,5,0,16,0,0,0,16
02/13/2021,VCV,CA,AWP,WE,Federal Contract Tower,1,0,2,0,3,0,3,0,0,3,1,3,2,0,6,0,0,0,6
02/14/2021,VCV,CA,AWP,WE,Federal Contract Tower,3,0,0,0,3,4,5,4,0,13,7,5,4,0,16,6,0,6,22
02/15/2021,VCV,CA,AWP,WE,Federal Contract Tower,0,0,0,0,0,0,5,5,0,10,0,5,5,0,10,0,0,0,10
02/16/2021,VCV,CA,AWP,WE,Federal Contract Tower,0,0,0,3,3,0,3,1,1,5,0,3,1,4,8,0,14,14,22
02/17/2021,VCV,CA,AWP,WE,Federal Contract Tower,3,2,2,3,10,0,8,5,6,19,3,10,7,9,29,0,26,26,55
02/18/2021,VCV,CA,AWP,WE,Federal Contract Tower,2,3,1,0,6,0,7,17,9,33,2,10,18,9,39,14,10,24,63
02/19/2021,VCV,CA,AWP,WE,Federal Contract Tower,2,0,0,2,4,0,4,7,3,14,2,4,7,5,18,20,22,42,60
02/20/2021,VCV,CA,AWP,WE,Federal Contract Tower,0,0,0,0,0,0,4,0,0,4,0,4,0,0,4,0,0,0,4
02/21/2021,VCV,CA,AWP,WE,Federal Contract Tower,2,0,0,0,2,4,3,11,0,18,6,3,11,0,20,12,0,12,32
02/22/2021,VCV,CA,AWP,WE,Federal Contract Tower,2,0,2,0,4,0,11,8,1,20,2,11,10,1,24,18,8,26,50
02/23/2021,VCV,CA,AWP,WE,Federal Contract Tower,5,5,0,1,11,2,18,1,0,21,7,23,1,1,32,28,0,28,60
02/24/2021,VCV,CA,AWP,WE,Federal Contract Tower,2,0,0,0,2,0,2,6,2,10,2,2,6,2,12,2,0,2,14
02/25/2021,VCV,CA,AWP,WE,Federal Contract Tower,5,0,0,1,6,0,4,7,1,12,5,4,7,2,18,0,10,10,28
02/26/2021,VCV,CA,AWP,WE,Federal Contract Tower,0,0,2,0,2,0,8,19,1,28,0,8,21,1,30,24,8,32,62
02/27/2021,VCV,CA,AWP,WE,Federal Contract Tower,1,0,3,1,5,0,6,20,1,27,1,6,23,2,32,16,0,16,48
02/28/2021,VCV,CA,AWP,WE,Federal Contract Tower,2,0,0,0,2,4,6,10,0,20,6,6,10,0,22,30,0,30,52
03/01/2021,VCV,CA,AWP,WE,Federal Contract Tower,1,1,0,0,2,0,4,13,4,21,1,5,13,4,23,0,12,12,35
03/02/2021,VCV,CA,AWP,WE,Federal Contract Tower,3,1,0,5,9,0,3,7,9,19,3,4,7,14,28,14,30,44,72
03/03/2021,VCV,CA,AWP,WE,Federal Contract Tower,2,0,0,0,2,0,6,2,2,10,2,6,2,2,12,0,0,0,12
03/04/2021,VCV,CA,AWP,WE,Federal Contract Tower,3,2,0,0,5,0,5,12,0,17,3,7,12,0,22,36,0,36,58
03/05/2021,VCV,CA,AWP,WE,Federal Contract Tower,0,0,0,6,6,0,3,25,6,34,0,3,25,12,40,12,18,30,70
03/06/2021,VCV,CA,AWP,WE,Federal Contract Tower,0,1,1,0,2,0,6,11,0,17,0,7,12,0,19,34,0,34,53
03/07/2021,VCV,CA,AWP,WE,Federal Contract Tower,3,0,1,0,4,4,6,10,0,20,7,6,11,0,24,26,0,26,50
03/08/2021,VCV,CA,AWP,WE,Federal Contract Tower,0,0,0,0,0,0,4,4,2,10,0,4,4,2,10,6,0,6,16
03/09/2021,VCV,CA,AWP,WE,Federal Contract Tower,3,2,0,0,5,0,2,0,4,6,3,4,0,4,11,0,0,0,11
03/10/2021,VCV,CA,AWP,WE,Federal Contract Tower,3,4,0,0,7,0,4,0,0,4,3,8,0,0,11,0,0,0,11
03/11/2021,VCV,CA,AWP,WE,Federal Contract Tower,0,2,1,1,4,0,4,2,2,8,0,6,3,3,12,0,0,0,12
03/12/2021,VCV,CA,AWP,WE,Federal Contract Tower,4,2,0,4,10,0,4,8,3,15,4,6,8,7,25,8,12,20,45
03/13/2021,VCV,CA,AWP,WE,Federal Contract Tower,1,0,4,0,5,0,10,7,4,21,1,10,11,4,26,8,2,10,36
03/14/2021,VCV,CA,AWP,WE,Federal Contract Tower,3,0,0,0,3,4,4,9,6,23,7,4,9,6,26,32,4,36,62
03/15/2021,VCV,CA,AWP,WE,Federal Contract Tower,0,0,1,0,1,0,0,1,0,1,0,0,2,0,2,0,0,0,2
03/16/2021,VCV,CA,AWP,WE,Federal Contract Tower,2,0,1,1,4,4,18,15,6,43,6,18,16,7,47,38,14,52,99
03/17/2021,VCV,CA,AWP,WE,Federal Contract Tower,3,5,0,1,9,0,19,15,2,36,3,24,15,3,45,18,22,40,85
03/18/2021,VCV,CA,AWP,WE,Federal Contract Tower,0,1,1,1,3,1,19,8,6,34,1,20,9,7,37,0,18,18,55
03/19/2021,VCV,CA,AWP,WE,Federal Contract Tower,2,1,2,1,6,0,5,15,0,20,2,6,17,1,26,36,0,36,62
03/20/2021,VCV,CA,AWP,WE,Federal Contract Tower,0,0,1,0,1,0,6,5,0,11,0,6,6,0,12,6,0,6,18
03/21/2021,VCV,CA,AWP,WE,Federal Contract Tower,2,0,0,0,2,4,4,2,0,10,6,4,2,0,12,6,0,6,18
03/22/2021,VCV,CA,AWP,WE,Federal Contract Tower,4,0,2,2,8,0,10,10,7,27,4,10,12,9,35,12,24,36,71
03/23/2021,VCV,CA,AWP,WE,Federal Contract Tower,3,5,3,7,18,1,15,10,12,38,4,20,13,19,56,4,28,32,88
03/24/2021,VCV,CA,AWP,WE,Federal Contract Tower,2,0,0,3,5,0,5,6,3,14,2,5,6,6,19,0,4,4,23
03/25/2021,VCV,CA,AWP,WE,Federal Contract Tower,3,4,0,1,8,0,7,1,6,14,3,11,1,7,22,0,0,0,22
03/26/2021,VCV,CA,AWP,WE,Federal Contract Tower,0,2,0,0,2,0,9,11,0,20,0,11,11,0,22,2,0,2,24
03/27/2021,VCV,CA,AWP,WE,Federal Contract Tower,2,0,0,2,4,0,7,10,4,21,2,7,10,6,25,18,0,18,43
03/28/2021,VCV,CA,AWP,WE,Federal Contract Tower,2,0,0,0,2,4,5,5,0,14,6,5,5,0,16,14,0,14,30
03/29/2021,VCV,CA,AWP,WE,Federal Contract Tower,0,0,0,0,0,0,9,14,1,24,0,9,14,1,24,6,0,6,30
03/30/2021,VCV,CA,AWP,WE,Federal Contract Tower,5,3,0,0,8,1,6,3,0,10,6,9,3,0,18,2,0,2,20
03/31/2021,VCV,CA,AWP,WE,Federal Contract Tower,2,1,7,1,11,0,1,11,3,15,2,2,18,4,26,4,0,4,30
04/01/2021,VCV,CA,AWP,WE,Federal Contract Tower,4,1,0,0,5,0,9,19,0,28,4,10,19,0,33,0,2,2,35
04/02/2021,VCV,CA,AWP,WE,Federal Contract Tower,6,0,0,0,6,0,13,11,2,26,6,13,11,2,32,6,4,10,42
04/03/2021,VCV,CA,AWP,WE,Federal Contract Tower,0,2,1,0,3,0,8,7,0,15,0,10,8,0,18,10,0,10,28
04/04/2021,VCV,CA,AWP,WE,Federal Contract Tower,2,0,1,0,3,4,6,7,0,17,6,6,8,0,20,8,0,8,28
04/05/2021,VCV,CA,AWP,WE,Federal Contract Tower,5,0,0,0,5,0,8,5,0,13,5,8,5,0,18,0,0,0,18
04/06/2021,VCV,CA,AWP,WE,Federal Contract Tower,5,9,3,1,18,0,5,7,0,12,5,14,10,1,30,0,8,8,38
04/07/2021,VCV,CA,AWP,WE,Federal Contract Tower,1,4,2,3,10,2,6,3,2,13,3,10,5,5,23,2,6,8,31
04/08/2021,VCV,CA,AWP,WE,Federal Contract Tower,5,2,1,5,13,2,2,7,2,13,7,4,8,7,26,4,0,4,30
04/09/2021,VCV,CA,AWP,WE,Federal Contract Tower,4,0,0,3,7,0,2,31,6,39,4,2,31,9,46,0,10,10,56
04/10/2021,VCV,CA,AWP,WE,Federal Contract Tower,6,0,0,4,10,2,7,20,1,30,8,7,20,5,40,10,6,16,56
04/11/2021,VCV,CA,AWP,WE,Federal Contract Tower,0,0,2,2,4,0,3,9,2,14,0,3,11,4,18,2,0,2,20
04/12/2021,VCV,CA,AWP,WE,Federal Contract Tower,1,0,0,3,4,0,4,20,6,30,1,4,20,9,34,8,16,24,58
04/13/2021,VCV,CA,AWP,WE,Federal Contract Tower,3,0,1,1,5,0,5,1,2,8,3,5,2,3,13,0,10,10,23
04/14/2021,VCV,CA,AWP,WE,Federal Contract Tower,1,0,1,1,3,0,9,3,4,16,1,9,4,5,19,1,4,5,24
04/15/2021,VCV,CA,AWP,WE,Federal Contract Tower,2,0,0,0,2,0,0,22,0,22,2,0,22,0,24,10,0,10,34
04/16/2021,VCV,CA,AWP,WE,Federal Contract Tower,3,0,0,1,4,0,1,10,1,12,3,1,10,2,16,2,12,14,30
04/17/2021,VCV,CA,AWP,WE,Federal Contract Tower,0,0,0,0,0,0,11,0,0,11,0,11,0,0,11,0,0,0,11
04/18/2021,VCV,CA,AWP,WE,Federal Contract Tower,1,0,0,0,1,0,8,12,0,20,1,8,12,0,21,0,0,0,21
04/19/2021,VCV,CA,AWP,WE,Federal Contract Tower,3,2,0,1,6,0,0,11,10,21,3,2,11,11,27,16,20,36,63
04/20/2021,VCV,CA,AWP,WE,Federal Contract Tower,9,0,1,1,11,0,0,3,2,5,9,0,4,3,16,0,8,8,24
04/21/2021,VCV,CA,AWP,WE,Federal Contract Tower,2,3,4,3,12,0,4,3,9,16,2,7,7,12,28,2,0,2,30
04/22/2021,VCV,CA,AWP,WE,Federal Contract Tower,3,1,4,3,11,2,10,9,13,34,5,11,13,16,45,6,10,16,61
04/23/2021,VCV,CA,AWP,WE,Federal Contract Tower,4,1,3,0,8,0,13,16,14,43,4,14,19,14,51,14,8,22,73
04/24/2021,VCV,CA,AWP,WE,Federal Contract Tower,1,0,0,0,1,0,7,7,1,15,1,7,7,1,16,4,0,4,20
04/25/2021,VCV,CA,AWP,WE,Federal Contract Tower,2,0,1,0,3,3,4,4,0,11,5,4,5,0,14,8,0,8,22
04/26/2021,VCV,CA,AWP,WE,Federal Contract Tower,2,2,0,0,4,0,6,8,0,14,2,8,8,0,18,14,0,14,32
04/27/2021,VCV,CA,AWP,WE,Federal Contract Tower,5,6,0,0,11,0,8,9,0,17,5,14,9,0,28,0,0,0,28
04/28/2021,VCV,CA,AWP,WE,Federal Contract Tower,1,0,0,0,1,0,6,9,0,15,1,6,9,0,16,0,0,0,16
04/29/2021,VCV,CA,AWP,WE,Federal Contract Tower,0,0,1,0,1,0,3,14,3,20,0,3,15,3,21,12,20,32,53
04/30/2021,VCV,CA,AWP,WE,Federal Contract Tower,1,0,0,0,1,0,3,20,2,25,1,3,20,2,26,56,4,60,86
05/01/2021,VCV,CA,AWP,WE,Federal Contract Tower,0,0,4,0,4,0,11,7,0,18,0,11,11,0,22,4,0,4,26
05/02/2021,VCV,CA,AWP,WE,Federal Contract Tower,0,0,0,0,0,0,7,7,0,14,0,7,7,0,14,20,0,20,34
05/03/2021,VCV,CA,AWP,WE,Federal Contract Tower,0,1,0,1,2,0,9,13,6,28,0,10,13,7,30,6,20,26,56
05/04/2021,VCV,CA,AWP,WE,Federal Contract Tower,3,3,1,0,7,0,12,27,2,41,3,15,28,2,48,16,0,16,64
05/05/2021,VCV,CA,AWP,WE,Federal Contract Tower,1,3,0,0,4,0,13,13,2,28,1,16,13,2,32,28,14,42,74
05/06/2021,VCV,CA,AWP,WE,Federal Contract Tower,0,0,2,0,2,0,1,12,1,14,0,1,14,1,16,28,6,34,50
05/07/2021,VCV,CA,AWP,WE,Federal Contract Tower,3,1,2,1,7,0,17,26,8,51,3,18,28,9,58,24,10,34,92
05/08/2021,VCV,CA,AWP,WE,Federal Contract Tower,0,0,0,0,0,0,5,14,3,22,0,5,14,3,22,22,6,28,50
05/09/2021,VCV,CA,AWP,WE,Federal Contract Tower,1,0,0,0,1,0,3,4,0,7,1,3,4,0,8,8,0,8,16
05/10/2021,VCV,CA,AWP,WE,Federal Contract Tower,1,5,0,0,6,1,7,12,1,21,2,12,12,1,27,34,8,42,69
05/11/2021,VCV,CA,AWP,WE,Federal Contract Tower,3,8,1,1,13,0,5,16,1,22,3,13,17,2,35,12,10,22,57
05/12/2021,VCV,CA,AWP,WE,Federal Contract Tower,1,4,3,6,14,0,6,17,9,32,1,10,20,15,46,24,8,32,78
05/13/2021,VCV,CA,AWP,WE,Federal Contract Tower,0,2,0,0,2,0,5,3,0,8,0,7,3,0,10,12,0,12,22
05/14/2021,VCV,CA,AWP,WE,Federal Contract Tower,2,0,0,0,2,0,6,8,0,14,2,6,8,0,16,14,0,14,30
05/15/2021,VCV,CA,AWP,WE,Federal Contract Tower,4,0,0,0,4,0,6,6,0,12,4,6,6,0,16,6,0,6,22
05/16/2021,VCV,CA,AWP,WE,Federal Contract Tower,3,0,0,0,3,0,3,14,0,17,3,3,14,0,20,22,0,22,42
05/17/2021,VCV,CA,AWP,WE,Federal Contract Tower,2,0,2,0,4,0,7,5,0,12,2,7,7,0,16,20,0,20,36
05/18/2021,VCV,CA,AWP,WE,Federal Contract Tower,2,3,6,2,13,0,5,12,4,21,2,8,18,6,34,16,6,22,56
05/19/2021,VCV,CA,AWP,WE,Federal Contract Tower,1,5,2,0,8,0,7,3,2,12,1,12,5,2,20,0,0,0,20
05/20/2021,VCV,CA,AWP,WE,Federal Contract Tower,4,1,0,0,5,0,0,6,3,9,4,1,6,3,14,6,14,20,34
05/21/2021,VCV,CA,AWP,WE,Federal Contract Tower,4,0,0,0,4,0,5,15,2,22,4,5,15,2,26,14,0,14,40
05/22/2021,VCV,CA,AWP,WE,Federal Contract Tower,0,0,0,0,0,0,6,4,8,18,0,6,4,8,18,4,0,4,22
05/23/2021,VCV,CA,AWP,WE,Federal Contract Tower,1,0,0,0,1,0,5,8,8,21,1,5,8,8,22,10,8,18,40
05/24/2021,VCV,CA,AWP,WE,Federal Contract Tower,4,0,0,0,4,0,2,3,3,8,4,2,3,3,12,10,0,10,22
05/25/2021,VCV,CA,AWP,WE,Federal Contract Tower,7,2,4,0,13,0,7,8,6,21,7,9,12,6,34,8,18,26,60
05/26/2021,VCV,CA,AWP,WE,Federal Contract Tower,0,8,3,2,13,0,7,9,4,20,0,15,12,6,33,12,0,12,45
05/27/2021,VCV,CA,AWP,WE,Federal Contract Tower,1,0,2,0,3,0,7,5,0,12,1,7,7,0,15,0,0,0,15
05/28/2021,VCV,CA,AWP,WE,Federal Contract Tower,4,0,2,0,6,0,6,15,1,22,4,6,17,1,28,20,6,26,54
05/29/2021,VCV,CA,AWP,WE,Federal Contract Tower,2,0,0,0,2,0,13,13,6,32,2,13,13,6,34,38,0,38,72
05/30/2021,VCV,CA,AWP,WE,Federal Contract Tower,2,0,0,0,2,0,7,11,0,18,2,7,11,0,20,26,0,26,46
05/31/2021,VCV,CA,AWP,WE,Federal Contract Tower,1,0,0,1,2,0,7,7,0,14,1,7,7,1,16,16,0,16,32
06/01/2021,VCV,CA,AWP,WE,Federal Contract Tower,9,3,0,0,12,0,6,13,3,22,9,9,13,3,34,12,0,12,46
06/02/2021,VCV,CA,AWP,WE,Federal Contract Tower,2,0,2,0,4,0,6,19,4,29,2,6,21,4,33,16,0,16,49
06/03/2021,VCV,CA,AWP,WE,Federal Contract Tower,4,0,1,3,8,0,6,5,7,18,4,6,6,10,26,8,24,32,58
06/04/2021,VCV,CA,AWP,WE,Federal Contract Tower,4,1,1,0,6,0,4,10,8,22,4,5,11,8,28,22,0,22,50
06/05/2021,VCV,CA,AWP,WE,Federal Contract Tower,0,2,0,0,2,2,7,17,0,26,2,9,17,0,28,20,0,20,48
06/06/2021,VCV,CA,AWP,WE,Federal Contract Tower,1,0,3,0,4,0,8,8,0,16,1,8,11,0,20,6,0,6,26
06/07/2021,VCV,CA,AWP,WE,Federal Contract Tower,2,0,0,0,2,0,4,2,0,6,2,4,2,0,8,0,0,0,8
06/08/2021,VCV,CA,AWP,WE,Federal Contract Tower,1,1,2,0,4,0,7,9,0,16,1,8,11,0,20,4,0,4,24
06/09/2021,VCV,CA,AWP,WE,Federal Contract Tower,1,2,0,1,4,0,10,9,18,37,1,12,9,19,41,0,0,0,41
06/10/2021,VCV,CA,AWP,WE,Federal Contract Tower,2,0,0,0,2,0,3,9,0,12,2,3,9,0,14,12,0,12,26
06/11/2021,VCV,CA,AWP,WE,Federal Contract Tower,2,0,0,1,3,0,9,19,5,33,2,9,19,6,36,20,8,28,64
06/12/2021,VCV,CA,AWP,WE,Federal Contract Tower,0,0,0,0,0,0,7,17,0,24,0,7,17,0,24,34,0,34,58
06/13/2021,VCV,CA,AWP,WE,Federal Contract Tower,1,0,2,0,3,0,2,5,0,7,1,2,7,0,10,0,0,0,10
06/14/2021,VCV,CA,AWP,WE,Federal Contract Tower,1,3,2,0,6,0,7,9,0,16,1,10,11,0,22,10,0,10,32
06/15/2021,VCV,CA,AWP,WE,Federal Contract Tower,3,4,1,0,8,0,16,13,1,30,3,20,14,1,38,24,6,30,68
06/16/2021,VCV,CA,AWP,WE,Federal Contract Tower,0,4,3,0,7,0,16,3,7,26,0,20,6,7,33,0,4,4,37
06/17/2021,VCV,CA,AWP,WE,Federal Contract Tower,1,0,6,0,7,0,1,21,2,24,1,1,27,2,31,6,2,8,39
06/18/2021,VCV,CA,AWP,WE,Federal Contract Tower,0,0,0,0,0,0,5,15,0,20,0,5,15,0,20,14,0,14,34
06/19/2021,VCV,CA,AWP,WE,Federal Contract Tower,0,0,0,0,0,0,5,7,0,12,0,5,7,0,12,4,0,4,16
06/20/2021,VCV,CA,AWP,WE,Federal Contract Tower,1,0,0,0,1,0,7,8,0,15,1,7,8,0,16,0,0,0,16
06/21/2021,VCV,CA,AWP,WE,Federal Contract Tower,2,0,0,1,3,0,2,10,3,15,2,2,10,4,18,0,0,0,18
06/22/2021,VCV,CA,AWP,WE,Federal Contract Tower,0,1,0,0,1,0,13,22,0,35,0,14,22,0,36,20,0,20,56
06/23/2021,VCV,CA,AWP,WE,Federal Contract Tower,1,2,6,2,11,0,7,11,0,18,1,9,17,2,29,2,0,2,31
06/24/2021,VCV,CA,AWP,WE,Federal Contract Tower,3,0,1,0,4,0,5,9,19,33,3,5,10,19,37,10,6,16,53
06/25/2021,VCV,CA,AWP,WE,Federal Contract Tower,1,0,0,0,1,0,3,10,2,15,1,3,10,2,16,16,16,32,48
06/26/2021,VCV,CA,AWP,WE,Federal Contract Tower,0,0,0,0,0,0,7,9,0,16,0,7,9,0,16,20,0,20,36
06/27/2021,VCV,CA,AWP,WE,Federal Contract Tower,0,0,0,0,0,0,6,4,0,10,0,6,4,0,10,0,0,0,10
06/28/2021,VCV,CA,AWP,WE,Federal Contract Tower,3,0,1,1,5,0,7,2,0,9,3,7,3,1,14,0,0,0,14
06/29/2021,VCV,CA,AWP,WE,Federal Contract Tower,0,0,0,0,0,0,2,0,0,2,0,2,0,0,2,0,0,0,2
06/30/2021,VCV,CA,AWP,WE,Federal Contract Tower,0,0,4,0,4,0,2,0,0,2,0,2,4,0,6,0,0,0,6
07/01/2021,VCV,CA,AWP,WE,Federal Contract Tower,2,0,1,1,4,0,7,8,1,16,2,7,9,2,20,14,0,14,34
07/02/2021,VCV,CA,AWP,WE,Federal Contract Tower,2,0,0,0,2,0,11,5,0,16,2,11,5,0,18,0,0,0,18
07/03/2021,VCV,CA,AWP,WE,Federal Contract Tower,0,0,1,0,1,0,4,3,0,7,0,4,4,0,8,16,0,16,24
07/04/2021,VCV,CA,AWP,WE,Federal Contract Tower,0,2,2,0,4,0,9,11,0,20,0,11,13,0,24,8,0,8,32
07/05/2021,VCV,CA,AWP,WE,Federal Contract Tower,0,0,0,2,2,0,6,22,0,28,0,6,22,2,30,18,0,18,48
07/06/2021,VCV,CA,AWP,WE,Federal Contract Tower,2,0,0,2,4,0,7,23,10,40,2,7,23,12,44,14,0,14,58
07/07/2021,VCV,CA,AWP,WE,Federal Contract Tower,2,2,0,4,8,0,7,18,7,32,2,9,18,11,40,6,12,18,58
07/08/2021,VCV,CA,AWP,WE,Federal Contract Tower,1,0,1,0,2,0,6,20,10,36,1,6,21,10,38,0,8,8,46
07/09/2021,VCV,CA,AWP,WE,Federal Contract Tower,1,0,0,0,1,0,4,13,4,21,1,4,13,4,22,0,0,0,22
07/10/2021,VCV,CA,AWP,WE,Federal Contract Tower,2,0,0,3,5,0,10,20,0,30,2,10,20,3,35,47,0,47,82
07/11/2021,VCV,CA,AWP,WE,Federal Contract Tower,1,0,1,0,2,0,6,4,0,10,1,6,5,0,12,26,0,26,38
07/12/2021,VCV,CA,AWP,WE,Federal Contract Tower,1,1,0,2,4,0,6,11,3,20,1,7,11,5,24,10,0,10,34
07/13/2021,VCV,CA,AWP,WE,Federal Contract Tower,0,1,2,10,13,0,3,7,7,17,0,4,9,17,30,6,4,10,40
07/14/2021,VCV,CA,AWP,WE,Federal Contract Tower,0,1,1,0,2,0,4,12,0,16,0,5,13,0,18,16,0,16,34
07/15/2021,VCV,CA,AWP,WE,Federal Contract Tower,4,12,2,3,21,0,15,12,1,28,4,27,14,4,49,42,12,54,103
07/16/2021,VCV,CA,AWP,WE,Federal Contract Tower,2,0,0,1,3,0,3,14,4,21,2,3,14,5,24,6,6,12,36
07/17/2021,VCV,CA,AWP,WE,Federal Contract Tower,2,0,0,0,2,0,4,10,0,14,2,4,10,0,16,52,0,52,68
07/18/2021,VCV,CA,AWP,WE,Federal Contract Tower,0,0,0,0,0,0,2,0,0,2,0,2,0,0,2,0,0,0,2
07/19/2021,VCV,CA,AWP,WE,Federal Contract Tower,0,0,1,4,5,0,11,2,5,18,0,11,3,9,23,0,13,13,36
07/20/2021,VCV,CA,AWP,WE,Federal Contract Tower,0,0,2,2,4,0,9,14,7,30,0,9,16,9,34,28,22,50,84
07/21/2021,VCV,CA,AWP,WE,Federal Contract Tower,1,3,3,0,7,0,4,1,11,16,1,7,4,11,23,4,0,4,27
07/22/2021,VCV,CA,AWP,WE,Federal Contract Tower,0,0,2,3,5,0,10,2,21,33,0,10,4,24,38,2,12,14,52
07/23/2021,VCV,CA,AWP,WE,Federal Contract Tower,4,0,2,3,9,0,5,1,3,9,4,5,3,6,18,0,12,12,30
07/24/2021,VCV,CA,AWP,WE,Federal Contract Tower,0,0,1,0,1,0,5,2,1,8,0,5,3,1,9,0,5,5,14
07/25/2021,VCV,CA,AWP,WE,Federal Contract Tower,0,0,0,0,0,0,4,2,0,6,0,4,2,0,6,0,0,0,6
07/26/2021,VCV,CA,AWP,WE,Federal Contract Tower,2,1,0,0,3,0,4,4,1,9,2,5,4,1,12,0,0,0,12
07/27/2021,VCV,CA,AWP,WE,Federal Contract Tower,1,2,3,2,8,0,6,6,0,12,1,8,9,2,20,6,0,6,26
07/28/2021,VCV,CA,AWP,WE,Federal Contract Tower,1,0,0,1,2,0,7,2,1,10,1,7,2,2,12,18,28,46,58
07/29/2021,VCV,CA,AWP,WE,Federal Contract Tower,3,5,2,1,11,0,7,6,6,19,3,12,8,7,30,8,6,14,44
07/30/2021,VCV,CA,AWP,WE,Federal Contract Tower,0,0,3,0,3,0,1,0,10,11,0,1,3,10,14,0,0,0,14
07/31/2021,VCV,CA,AWP,WE,Federal Contract Tower,0,0,0,0,0,0,8,12,10,30,0,8,12,10,30,0,0,0,30
08/01/2021,VCV,CA,AWP,WE,Federal Contract Tower,0,2,0,3,5,0,6,3,2,11,0,8,3,5,16,0,0,0,16
08/02/2021,VCV,CA,AWP,WE,Federal Contract Tower,2,0,0,0,2,0,10,1,0,11,2,10,1,0,13,0,0,0,13
08/03/2021,VCV,CA,AWP,WE,Federal Contract Tower,0,0,0,0,0,0,6,6,0,12,0,6,6,0,12,0,0,0,12
08/04/2021,VCV,CA,AWP,WE,Federal Contract Tower,0,0,0,0,0,0,10,4,0,14,0,10,4,0,14,0,0,0,14
08/05/2021,VCV,CA,AWP,WE,Federal Contract Tower,0,0,0,0,0,0,4,0,0,4,0,4,0,0,4,0,0,0,4
08/06/2021,VCV,CA,AWP,WE,Federal Contract Tower,2,0,0,1,3,0,4,0,1,5,2,4,0,2,8,0,2,2,10
08/07/2021,VCV,CA,AWP,WE,Federal Contract Tower,1,4,0,0,5,0,5,2,0,7,1,9,2,0,12,0,0,0,12
08/08/2021,VCV,CA,AWP,WE,Federal Contract Tower,0,0,3,0,3,0,8,7,0,15,0,8,10,0,18,0,0,0,18
08/09/2021,VCV,CA,AWP,WE,Federal Contract Tower,0,0,0,6,6,1,2,5,7,15,1,2,5,13,21,0,2,2,23
08/10/2021,VCV,CA,AWP,WE,Federal Contract Tower,1,2,0,0,3,0,11,12,2,25,1,13,12,2,28,12,0,12,40
08/11/2021,VCV,CA,AWP,WE,Federal Contract Tower,0,2,4,0,6,0,5,3,2,10,0,7,7,2,16,6,0,6,22
08/12/2021,VCV,CA,AWP,WE,Federal Contract Tower,2,1,4,0,7,0,6,9,6,21,2,7,13,6,28,36,0,36,64
08/13/2021,VCV,CA,AWP,WE,Federal Contract Tower,0,0,1,1,2,0,6,17,1,24,0,6,18,2,26,30,6,36,62
08/14/2021,VCV,CA,AWP,WE,Federal Contract Tower,0,0,0,0,0,0,7,7,0,14,0,7,7,0,14,40,0,40,54
08/15/2021,VCV,CA,AWP,WE,Federal Contract Tower,0,0,2,0,2,0,11,9,0,20,0,11,11,0,22,28,0,28,50
08/16/2021,VCV,CA,AWP,WE,Federal Contract Tower,1,1,0,2,4,0,7,10,0,17,1,8,10,2,21,10,0,10,31
08/17/2021,VCV,CA,AWP,WE,Federal Contract Tower,4,5,0,0,9,0,5,10,0,15,4,10,10,0,24,28,0,28,52
08/18/2021,VCV,CA,AWP,WE,Federal Contract Tower,4,0,0,3,7,0,5,1,3,9,4,5,1,6,16,0,14,14,30
08/19/2021,VCV,CA,AWP,WE,Federal Contract Tower,0,0,0,1,1,0,2,5,2,9,0,2,5,3,10,0,14,14,24
08/20/2021,VCV,CA,AWP,WE,Federal Contract Tower,2,0,2,2,6,0,1,8,0,9,2,1,10,2,15,0,0,0,15
08/21/2021,VCV,CA,AWP,WE,Federal Contract Tower,1,0,0,0,1,0,3,12,0,15,1,3,12,0,16,6,0,6,22
08/22/2021,VCV,CA,AWP,WE,Federal Contract Tower,0,0,0,0,0,0,4,2,0,6,0,4,2,0,6,4,0,4,10
08/23/2021,VCV,CA,AWP,WE,Federal Contract Tower,2,0,0,0,2,0,6,3,0,9,2,6,3,0,11,10,0,10,21
08/24/2021,VCV,CA,AWP,WE,Federal Contract Tower,0,0,0,0,0,0,4,2,2,8,0,4,2,2,8,2,4,6,14
08/25/2021,VCV,CA,AWP,WE,Federal Contract Tower,0,0,0,3,3,0,6,7,6,19,0,6,7,9,22,0,22,22,44
08/26/2021,VCV,CA,AWP,WE,Federal Contract Tower,2,2,0,0,4,0,4,0,0,4,2,6,0,0,8,0,0,0,8
08/27/2021,VCV,CA,AWP,WE,Federal Contract Tower,1,1,0,0,2,0,4,1,3,8,1,5,1,3,10,0,0,0,10
08/28/2021,VCV,CA,AWP,WE,Federal Contract Tower,0,1,0,0,1,0,10,8,5,23,0,11,8,5,24,18,0,18,42
08/29/2021,VCV,CA,AWP,WE,Federal Contract Tower,0,0,0,1,1,0,0,3,4,7,0,0,3,5,8,6,0,6,14
08/30/2021,VCV,CA,AWP,WE,Federal Contract Tower,0,2,0,0,2,0,5,7,0,12,0,7,7,0,14,6,0,6,20
08/31/2021,VCV,CA,AWP,WE,Federal Contract Tower,3,0,0,0,3,0,1,4,0,5,3,1,4,0,8,2,0,2,10
09/01/2021,VCV,CA,AWP,WE,Federal Contract Tower,0,2,1,0,3,0,3,6,4,13,0,5,7,4,16,50,0,50,66
09/02/2021,VCV,CA,AWP,WE,Federal Contract Tower,8,5,4,1,18,2,10,13,1,26,10,15,17,2,44,12,24,36,80
09/03/2021,VCV,CA,AWP,WE,Federal Contract Tower,0,0,0,0,0,0,8,10,0,18,0,8,10,0,18,6,0,6,24
09/04/2021,VCV,CA,AWP,WE,Federal Contract Tower,2,0,2,0,4,0,5,4,0,9,2,5,6,0,13,10,0,10,23
09/05/2021,VCV,CA,AWP,WE,Federal Contract Tower,0,0,1,0,1,0,3,4,2,9,0,3,5,2,10,0,8,8,18
09/06/2021,VCV,CA,AWP,WE,Federal Contract Tower,0,0,0,2,2,0,9,7,2,18,0,9,7,4,20,14,10,24,44
09/07/2021,VCV,CA,AWP,WE,Federal Contract Tower,2,2,0,1,5,0,8,9,0,17,2,10,9,1,22,0,0,0,22
09/08/2021,VCV,CA,AWP,WE,Federal Contract Tower,1,3,0,1,5,0,8,2,1,11,1,11,2,2,16,8,4,12,28
09/09/2021,VCV,CA,AWP,WE,Federal Contract Tower,0,0,1,0,1,0,3,8,0,11,0,3,9,0,12,2,0,2,14
09/10/2021,VCV,CA,AWP,WE,Federal Contract Tower,6,0,1,1,8,0,10,9,1,20,6,10,10,2,28,22,4,26,54
09/11/2021,VCV,CA,AWP,WE,Federal Contract Tower,1,12,0,0,13,0,3,12,0,15,1,15,12,0,28,2,12,14,42
09/12/2021,VCV,CA,AWP,WE,Federal Contract Tower,0,0,0,0,0,0,10,4,0,14,0,10,4,0,14,12,0,12,26
09/13/2021,VCV,CA,AWP,WE,Federal Contract Tower,2,5,3,7,17,0,9,11,12,32,2,14,14,19,49,6,18,24,73
09/14/2021,VCV,CA,AWP,WE,Federal Contract Tower,2,1,0,2,5,0,4,8,6,18,2,5,8,8,23,2,8,10,33
09/15/2021,VCV,CA,AWP,WE,Federal Contract Tower,2,3,0,0,5,0,9,12,2,23,2,12,12,2,28,14,0,14,42
09/16/2021,VCV,CA,AWP,WE,Federal Contract Tower,1,0,1,0,2,0,3,2,3,8,1,3,3,3,10,8,0,8,18
09/17/2021,VCV,CA,AWP,WE,Federal Contract Tower,1,0,0,3,4,0,3,4,1,8,1,3,4,4,12,14,6,20,32
09/18/2021,VCV,CA,AWP,WE,Federal Contract Tower,2,1,0,0,3,0,15,7,0,22,2,16,7,0,25,6,0,6,31
09/19/2021,VCV,CA,AWP,WE,Federal Contract Tower,0,0,1,0,1,0,4,6,0,10,0,4,7,0,11,4,0,4,15
09/20/2021,VCV,CA,AWP,WE,Federal Contract Tower,0,2,0,0,2,0,4,10,1,15,0,6,10,1,17,8,0,8,25
09/21/2021,VCV,CA,AWP,WE,Federal Contract Tower,5,5,0,0,10,0,2,4,6,12,5,7,4,6,22,0,0,0,22
09/22/2021,VCV,CA,AWP,WE,Federal Contract Tower,3,4,1,0,8,2,7,11,0,20,5,11,12,0,28,18,0,18,46
09/23/2021,VCV,CA,AWP,WE,Federal Contract Tower,1,0,5,3,9,0,4,19,8,31,1,4,24,11,40,50,2,52,92
09/24/2021,VCV,CA,AWP,WE,Federal Contract Tower,1,0,0,1,2,0,3,17,2,22,1,3,17,3,24,42,0,42,66
09/25/2021,VCV,CA,AWP,WE,Federal Contract Tower,0,0,0,0,0,0,6,5,3,14,0,6,5,3,14,4,0,4,18
09/26/2021,VCV,CA,AWP,WE,Federal Contract Tower,0,0,1,1,2,0,3,5,0,8,0,3,6,1,10,16,0,16,26
09/27/2021,VCV,CA,AWP,WE,Federal Contract Tower,1,0,5,1,7,0,4,13,0,17,1,4,18,1,24,12,0,12,36
09/28/2021,VCV,CA,AWP,WE,Federal Contract Tower,2,2,4,2,10,0,6,5,1,12,2,8,9,3,22,10,0,10,32
09/29/2021,VCV,CA,AWP,WE,Federal Contract Tower,5,0,6,2,13,0,5,18,0,23,5,5,24,2,36,14,0,14,50
09/30/2021,VCV,CA,AWP,WE,Federal Contract Tower,1,0,4,4,9,0,14,23,1,38,1,14,27,5,47,30,28,58,105
10/01/2021,VCV,CA,AWP,WE,Federal Contract Tower,1,0,2,0,3,0,2,7,2,11,1,2,9,2,14,0,18,18,32
10/02/2021,VCV,CA,AWP,WE,Federal Contract Tower,5,0,2,0,7,0,0,0,0,0,5,0,2,0,7,14,0,14,21
10/03/2021,VCV,CA,AWP,WE,Federal Contract Tower,0,2,0,0,2,0,6,5,2,13,0,8,5,2,15,0,0,0,15
10/04/2021,VCV,CA,AWP,WE,Federal Contract Tower,4,0,8,4,16,0,11,4,0,15,4,11,12,4,31,0,0,0,31
10/05/2021,VCV,CA,AWP,WE,Federal Contract Tower,5,4,6,1,16,0,4,8,1,13,5,8,14,2,29,40,0,40,69
10/06/2021,VCV,CA,AWP,WE,Federal Contract Tower,2,4,3,0,9,0,11,9,0,20,2,15,12,0,29,4,0,4,33
10/07/2021,VCV,CA,AWP,WE,Federal Contract Tower,1,0,0,0,1,0,1,7,0,8,1,1,7,0,9,0,0,0,9
10/08/2021,VCV,CA,AWP,WE,Federal Contract Tower,4,2,3,1,10,0,6,2,3,11,4,8,5,4,21,0,6,6,27
10/09/2021,VCV,CA,AWP,WE,Federal Contract Tower,4,0,2,1,7,0,13,13,4,30,4,13,15,5,37,24,8,32,69
10/10/2021,VCV,CA,AWP,WE,Federal Contract Tower,0,0,0,0,0,0,6,6,0,12,0,6,6,0,12,0,0,0,12
10/11/2021,VCV,CA,AWP,WE,Federal Contract Tower,2,0,0,0,2,0,0,0,0,0,2,0,0,0,2,0,0,0,2
10/12/2021,VCV,CA,AWP,WE,Federal Contract Tower,4,8,0,0,12,0,10,0,0,10,4,18,0,0,22,0,0,0,22
10/13/2021,VCV,CA,AWP,WE,Federal Contract Tower,3,2,0,2,7,0,0,0,0,0,3,2,0,2,7,0,4,4,11
10/14/2021,VCV,CA,AWP,WE,Federal Contract Tower,5,3,1,2,11,0,0,0,0,0,5,3,1,2,11,2,8,10,21
10/15/2021,VCV,CA,AWP,WE,Federal Contract Tower,3,0,1,0,4,0,2,10,0,12,3,2,11,0,16,8,0,8,24
10/16/2021,VCV,CA,AWP,WE,Federal Contract Tower,4,0,2,0,6,2,6,14,0,22,6,6,16,0,28,0,0,0,28
10/17/2021,VCV,CA,AWP,WE,Federal Contract Tower,0,5,0,0,5,0,5,6,0,11,0,10,6,0,16,0,0,0,16
10/18/2021,VCV,CA,AWP,WE,Federal Contract Tower,1,2,0,0,3,0,0,0,0,0,1,2,0,0,3,0,0,0,3
10/19/2021,VCV,CA,AWP,WE,Federal Contract Tower,8,1,0,3,12,0,0,0,0,0,8,1,0,3,12,4,0,4,16
10/20/2021,VCV,CA,AWP,WE,Federal Contract Tower,0,5,0,0,5,0,8,3,2,13,0,13,3,2,18,0,0,0,18
10/21/2021,VCV,CA,AWP,WE,Federal Contract Tower,0,0,1,0,1,0,6,16,2,24,0,6,17,2,25,14,0,14,39
10/22/2021,VCV,CA,AWP,WE,Federal Contract Tower,1,2,2,1,6,0,0,0,0,0,1,2,2,1,6,18,22,40,46
10/23/2021,VCV,CA,AWP,WE,Federal Contract Tower,0,4,0,0,4,0,2,8,0,10,0,6,8,0,14,48,0,48,62
10/24/2021,VCV,CA,AWP,WE,Federal Contract Tower,2,0,0,0,2,0,0,0,0,0,2,0,0,0,2,0,0,0,2
10/25/2021,VCV,CA,AWP,WE,Federal Contract Tower,2,0,0,1,3,0,0,0,0,0,2,0,0,1,3,0,8,8,11
10/26/2021,VCV,CA,AWP,WE,Federal Contract Tower,1,7,2,0,10,0,8,11,2,21,1,15,13,2,31,0,0,0,31
10/27/2021,VCV,CA,AWP,WE,Federal Contract Tower,1,5,3,2,11,0,4,18,0,22,1,9,21,2,33,28,0,28,61
10/28/2021,VCV,CA,AWP,WE,Federal Contract Tower,4,1,0,0,5,0,0,0,0,0,4,1,0,0,5,8,0,8,13
10/29/2021,VCV,CA,AWP,WE,Federal Contract Tower,2,0,5,0,7,2,4,13,2,21,4,4,18,2,28,4,6,10,38
10/30/2021,VCV,CA,AWP,WE,Federal Contract Tower,1,0,0,0,1,0,8,9,0,17,1,8,9,0,18,28,0,28,46
10/31/2021,VCV,CA,AWP,WE,Federal Contract Tower,0,0,3,0,3,0,8,5,0,13,0,8,8,0,16,8,0,8,24
11/01/2021,VCV,CA,AWP,WE,Federal Contract Tower,2,0,0,0,2,0,6,1,0,7,2,6,1,0,9,4,0,4,13
11/02/2021,VCV,CA,AWP,WE,Federal Contract Tower,4,0,1,0,5,0,0,0,0,0,4,0,1,0,5,8,0,8,13
11/03/2021,VCV,CA,AWP,WE,Federal Contract Tower,1,5,0,0,6,0,11,4,2,17,1,16,4,2,23,16,12,28,51
11/04/2021,VCV,CA,AWP,WE,Federal Contract Tower,0,7,0,0,7,0,12,6,6,24,0,19,6,6,31,8,20,28,59
11/05/2021,VCV,CA,AWP,WE,Federal Contract Tower,3,4,2,0,9,0,10,17,4,31,3,14,19,4,40,30,0,30,70
11/06/2021,VCV,CA,AWP,WE,Federal Contract Tower,1,5,2,0,8,0,14,17,0,31,1,19,19,0,39,38,0,38,77
11/07/2021,VCV,CA,AWP,WE,Federal Contract Tower,1,0,1,0,2,0,10,6,0,16,1,10,7,0,18,16,0,16,34
11/08/2021,VCV,CA,AWP,WE,Federal Contract Tower,3,0,4,3,10,0,6,23,0,29,3,6,27,3,39,6,16,22,61
11/09/2021,VCV,CA,AWP,WE,Federal Contract Tower,1,0,3,0,4,0,6,2,4,12,1,6,5,4,16,4,30,34,50
11/10/2021,VCV,CA,AWP,WE,Federal Contract Tower,1,2,2,0,5,0,14,7,0,21,1,16,9,0,26,34,0,34,60
11/11/2021,VCV,CA,AWP,WE,Federal Contract Tower,2,3,0,0,5,0,9,9,0,18,2,12,9,0,23,30,0,30,53
11/12/2021,VCV,CA,AWP,WE,Federal Contract Tower,1,4,1,0,6,0,7,5,0,12,1,11,6,0,18,18,0,18,36
11/13/2021,VCV,CA,AWP,WE,Federal Contract Tower,0,0,2,0,2,0,4,5,0,9,0,4,7,0,11,14,0,14,25
11/14/2021,VCV,CA,AWP,WE,Federal Contract Tower,1,1,0,0,2,0,7,14,0,21,1,8,14,0,23,2,0,2,25
11/15/2021,VCV,CA,AWP,WE,Federal Contract Tower,0,5,0,0,5,0,7,5,2,14,0,12,5,2,19,0,16,16,35
11/16/2021,VCV,CA,AWP,WE,Federal Contract Tower,1,7,2,2,12,0,17,7,7,31,1,24,9,9,43,6,12,18,61
11/17/2021,VCV,CA,AWP,WE,Federal Contract Tower,1,4,1,1,7,0,3,14,1,18,1,7,15,2,25,14,14,28,53
11/18/2021,VCV,CA,AWP,WE,Federal Contract Tower,1,5,4,1,11,0,8,7,0,15,1,13,11,1,26,20,22,42,68
11/19/2021,VCV,CA,AWP,WE,Federal Contract Tower,2,3,1,7,13,0,9,7,8,24,2,12,8,15,37,28,28,56,93
11/20/2021,VCV,CA,AWP,WE,Federal Contract Tower,0,1,3,1,5,0,4,12,0,16,0,5,15,1,21,26,6,32,53
11/21/2021,VCV,CA,AWP,WE,Federal Contract Tower,0,0,4,1,5,0,10,13,1,24,0,10,17,2,29,16,8,24,53
11/22/2021,VCV,CA,AWP,WE,Federal Contract Tower,2,1,1,0,4,0,7,7,0,14,2,8,8,0,18,16,0,16,34
11/23/2021,VCV,CA,AWP,WE,Federal Contract Tower,2,14,1,0,17,0,5,14,2,21,2,19,15,2,38,12,0,12,50
11/24/2021,VCV,CA,AWP,WE,Federal Contract Tower,3,0,2,3,8,0,4,13,1,18,3,4,15,4,26,10,14,24,50
11/25/2021,VCV,CA,AWP,WE,Federal Contract Tower,0,0,0,0,0,0,7,1,0,8,0,7,1,0,8,0,0,0,8
11/26/2021,VCV,CA,AWP,WE,Federal Contract Tower,0,0,2,0,2,0,12,8,0,20,0,12,10,0,22,2,0,2,24
11/27/2021,VCV,CA,AWP,WE,Federal Contract Tower,1,2,0,2,5,0,7,8,0,15,1,9,8,2,20,12,2,14,34
11/28/2021,VCV,CA,AWP,WE,Federal Contract Tower,1,0,0,0,1,0,9,8,0,17,1,9,8,0,18,0,0,0,18
11/29/2021,VCV,CA,AWP,WE,Federal Contract Tower,0,2,0,0,2,0,5,3,2,10,0,7,3,2,12,0,12,12,24
11/30/2021,VCV,CA,AWP,WE,Federal Contract Tower,1,0,0,0,1,0,15,5,2,22,1,15,5,2,23,6,0,6,29
12/01/2021,VCV,CA,AWP,WE,Federal Contract Tower,3,7,2,1,13,0,7,7,3,17,3,14,9,4,30,10,6,16,46
12/02/2021,VCV,CA,AWP,WE,Federal Contract Tower,3,0,4,0,7,0,15,14,10,39,3,15,18,10,46,10,2,12,58
12/03/2021,VCV,CA,AWP,WE,Federal Contract Tower,0,3,5,2,10,0,7,16,5,28,0,10,21,7,38,26,10,36,74
12/04/2021,VCV,CA,AWP,WE,Federal Contract Tower,2,0,10,0,12,0,8,9,4,21,2,8,19,4,33,8,0,8,41
12/05/2021,VCV,CA,AWP,WE,Federal Contract Tower,1,3,0,0,4,0,7,2,0,9,1,10,2,0,13,0,0,0,13
12/06/2021,VCV,CA,AWP,WE,Federal Contract Tower,1,6,2,1,10,0,9,5,2,16,1,15,7,3,26,2,4,6,32
12/07/2021,VCV,CA,AWP,WE,Federal Contract Tower,3,0,0,10,13,0,9,4,0,13,3,9,4,10,26,16,10,26,52
12/08/2021,VCV,CA,AWP,WE,Federal Contract Tower,1,7,0,0,8,0,5,12,0,17,1,12,12,0,25,12,0,12,37
12/09/2021,VCV,CA,AWP,WE,Federal Contract Tower,0,18,6,14,38,0,1,2,4,7,0,19,8,18,45,10,30,40,85
12/10/2021,VCV,CA,AWP,WE,Federal Contract Tower,1,0,6,4,11,0,12,14,1,27,1,12,20,5,38,26,6,32,70
12/11/2021,VCV,CA,AWP,WE,Federal Contract Tower,2,2,0,0,4,0,23,3,0,26,2,25,3,0,30,12,0,12,42
12/12/2021,VCV,CA,AWP,WE,Federal Contract Tower,0,13,0,0,13,0,15,8,0,23,0,28,8,0,36,8,0,8,44
12/13/2021,VCV,CA,AWP,WE,Federal Contract Tower,3,2,2,4,11,0,3,17,2,22,3,5,19,6,33,0,22,22,55
12/14/2021,VCV,CA,AWP,WE,Federal Contract Tower,0,1,0,0,1,0,2,0,0,2,0,3,0,0,3,0,0,0,3
12/15/2021,VCV,CA,AWP,WE,Federal Contract Tower,3,8,1,1,13,2,8,23,15,48,5,16,24,16,61,4,0,4,65
12/16/2021,VCV,CA,AWP,WE,Federal Contract Tower,2,1,12,0,15,0,5,10,6,21,2,6,22,6,36,6,4,10,46
12/17/2021,VCV,CA,AWP,WE,Federal Contract Tower,1,1,18,2,22,0,7,34,0,41,1,8,52,2,63,18,0,18,81
12/18/2021,VCV,CA,AWP,WE,Federal Contract Tower,2,11,3,0,16,0,12,4,2,18,2,23,7,2,34,4,6,10,44
12/19/2021,VCV,CA,AWP,WE,Federal Contract Tower,2,2,4,0,8,0,23,8,4,35,2,25,12,4,43,22,14,36,79
12/20/2021,VCV,CA,AWP,WE,Federal Contract Tower,0,3,5,1,9,0,7,10,2,19,0,10,15,3,28,24,12,36,64
12/21/2021,VCV,CA,AWP,WE,Federal Contract Tower,1,7,0,2,10,0,2,14,4,20,1,9,14,6,30,0,22,22,52
12/22/2021,VCV,CA,AWP,WE,Federal Contract Tower,2,3,6,0,11,0,2,11,0,13,2,5,17,0,24,6,0,6,30
12/23/2021,VCV,CA,AWP,WE,Federal Contract Tower,1,0,0,0,1,0,5,1,0,6,1,5,1,0,7,0,0,0,7
12/24/2021,VCV,CA,AWP,WE,Federal Contract Tower,0,0,0,0,0,0,1,5,0,6,0,1,5,0,6,2,0,2,8
12/25/2021,VCV,CA,AWP,WE,Federal Contract Tower,0,0,0,0,0,0,2,0,0,2,0,2,0,0,2,0,0,0,2
12/26/2021,VCV,CA,AWP,WE,Federal Contract Tower,0,0,1,0,1,0,12,3,0,15,0,12,4,0,16,6,0,6,22
12/27/2021,VCV,CA,AWP,WE,Federal Contract Tower,0,0,1,1,2,0,3,4,1,8,0,3,5,2,10,0,24,24,34
12/28/2021,VCV,CA,AWP,WE,Federal Contract Tower,1,1,5,0,7,0,2,5,0,7,1,3,10,0,14,0,0,0,14
12/29/2021,VCV,CA,AWP,WE,Federal Contract Tower,1,0,0,0,1,0,1,3,0,4,1,1,3,0,5,0,0,0,5
12/30/2021,VCV,CA,AWP,WE,Federal Contract Tower,1,0,0,0,1,0,0,8,0,8,1,0,8,0,9,6,0,6,15
12/31/2021,VCV,CA,AWP,WE,Federal Contract Tower,0,0,6,0,6,0,2,13,0,15,0,2,19,0,21,6,0,6,27
01/01/2022,VCV,CA,AWP,WE,Federal Contract Tower,0,0,0,0,0,0,4,3,0,7,0,4,3,0,7,2,0,2,9
01/02/2022,VCV,CA,AWP,WE,Federal Contract Tower,0,1,6,0,7,0,6,6,0,12,0,7,12,0,19,20,0,20,39
01/03/2022,VCV,CA,AWP,WE,Federal Contract Tower,1,0,6,0,7,0,6,4,0,10,1,6,10,0,17,12,0,12,29
01/04/2022,VCV,CA,AWP,WE,Federal Contract Tower,1,0,1,3,5,0,3,5,1,9,1,3,6,4,14,16,0,16,30
01/05/2022,VCV,CA,AWP,WE,Federal Contract Tower,3,2,3,1,9,0,2,15,0,17,3,4,18,1,26,71,0,71,97
01/06/2022,VCV,CA,AWP,WE,Federal Contract Tower,0,4,0,4,8,0,0,14,2,16,0,4,14,6,24,16,15,31,55
01/07/2022,VCV,CA,AWP,WE,Federal Contract Tower,4,2,3,3,12,0,0,8,1,9,4,2,11,4,21,2,17,19,40
01/08/2022,VCV,CA,AWP,WE,Federal Contract Tower,0,3,2,0,5,0,5,10,0,15,0,8,12,0,20,14,0,14,34
01/09/2022,VCV,CA,AWP,WE,Federal Contract Tower,2,8,1,0,11,0,14,11,0,25,2,22,12,0,36,18,0,18,54
01/10/2022,VCV,CA,AWP,WE,Federal Contract Tower,2,0,0,0,2,0,13,5,0,18,2,13,5,0,20,0,0,0,20
01/11/2022,VCV,CA,AWP,WE,Federal Contract Tower,0,2,3,8,13,0,1,10,2,13,0,3,13,10,26,10,0,10,36
01/12/2022,VCV,CA,AWP,WE,Federal Contract Tower,2,4,2,0,8,0,2,9,0,11,2,6,11,0,19,40,0,40,59
01/13/2022,VCV,CA,AWP,WE,Federal Contract Tower,2,0,4,4,10,1,2,5,0,8,3,2,9,4,18,18,4,22,40
01/14/2022,VCV,CA,AWP,WE,Federal Contract Tower,0,0,13,0,13,0,2,11,2,15,0,2,24,2,28,10,68,78,106
01/15/2022,VCV,CA,AWP,WE,Federal Contract Tower,0,0,3,0,3,0,7,12,8,27,0,7,15,8,30,10,0,10,40
01/16/2022,VCV,CA,AWP,WE,Federal Contract Tower,1,0,2,0,3,0,6,5,0,11,1,6,7,0,14,8,0,8,22
01/17/2022,VCV,CA,AWP,WE,Federal Contract Tower,2,0,2,0,4,0,4,4,0,8,2,4,6,0,12,2,0,2,14
01/18/2022,VCV,CA,AWP,WE,Federal Contract Tower,4,4,1,4,13,0,2,13,0,15,4,6,14,4,28,22,12,34,62
01/19/2022,VCV,CA,AWP,WE,Federal Contract Tower,1,4,2,2,9,0,1,23,2,26,1,5,25,4,35,0,0,0,35
01/20/2022,VCV,CA,AWP,WE,Federal Contract Tower,1,0,3,1,5,0,3,7,4,14,1,3,10,5,19,16,2,18,37
01/21/2022,VCV,CA,AWP,WE,Federal Contract Tower,2,0,2,0,4,1,6,8,0,15,3,6,10,0,19,2,0,2,21
01/22/2022,VCV,CA,AWP,WE,Federal Contract Tower,1,0,1,0,2,0,5,6,0,11,1,5,7,0,13,6,0,6,19
01/23/2022,VCV,CA,AWP,WE,Federal Contract Tower,0,0,1,1,2,0,1,12,1,14,0,1,13,2,16,2,8,10,26
01/24/2022,VCV,CA,AWP,WE,Federal Contract Tower,0,0,2,5,7,0,8,23,4,35,0,8,25,9,42,16,30,46,88
01/25/2022,VCV,CA,AWP,WE,Federal Contract Tower,3,4,7,7,21,0,1,8,1,10,3,5,15,8,31,5,20,25,56
01/26/2022,VCV,CA,AWP,WE,Federal Contract Tower,0,5,6,0,11,0,7,19,2,28,0,12,25,2,39,0,0,0,39
01/27/2022,VCV,CA,AWP,WE,Federal Contract Tower,1,1,2,2,6,0,0,11,4,15,1,1,13,6,21,47,0,47,68
01/28/2022,VCV,CA,AWP,WE,Federal Contract Tower,1,0,1,1,3,0,4,3,1,8,1,4,4,2,11,0,10,10,21
01/29/2022,VCV,CA,AWP,WE,Federal Contract Tower,0,0,6,0,6,0,6,12,0,18,0,6,18,0,24,6,0,6,30
01/30/2022,VCV,CA,AWP,WE,Federal Contract Tower,1,0,3,0,4,0,5,13,0,18,1,5,16,0,22,14,0,14,36
01/31/2022,VCV,CA,AWP,WE,Federal Contract Tower,3,0,0,0,3,0,7,18,2,27,3,7,18,2,30,4,8,12,42
02/01/2022,VCV,CA,AWP,WE,Federal Contract Tower,2,0,11,2,15,0,9,11,2,22,2,9,22,4,37,6,0,6,43
02/02/2022,VCV,CA,AWP,WE,Federal Contract Tower,1,4,4,0,9,0,6,2,0,8,1,10,6,0,17,0,0,0,17
02/03/2022,VCV,CA,AWP,WE,Federal Contract Tower,0,0,6,0,6,0,14,20,0,34,0,14,26,0,40,20,0,20,60
02/04/2022,VCV,CA,AWP,WE,Federal Contract Tower,5,1,1,0,7,1,8,1,0,10,6,9,2,0,17,2,0,2,19
02/05/2022,VCV,CA,AWP,WE,Federal Contract Tower,4,0,2,0,6,0,7,10,0,17,4,7,12,0,23,16,0,16,39
02/06/2022,VCV,CA,AWP,WE,Federal Contract Tower,1,0,0,0,1,0,7,5,0,12,1,7,5,0,13,6,0,6,19
02/07/2022,VCV,CA,AWP,WE,Federal Contract Tower,2,0,2,2,6,0,3,9,0,12,2,3,11,2,18,6,0,6,24
02/08/2022,VCV,CA,AWP,WE,Federal Contract Tower,1,1,1,0,3,0,9,10,0,19,1,10,11,0,22,5,0,5,27
02/09/2022,VCV,CA,AWP,WE,Federal Contract Tower,4,2,0,0,6,0,10,11,0,21,4,12,11,0,27,52,0,52,79
02/10/2022,VCV,CA,AWP,WE,Federal Contract Tower,0,0,4,2,6,0,10,6,3,19,0,10,10,5,25,10,0,10,35
02/11/2022,VCV,CA,AWP,WE,Federal Contract Tower,5,2,1,0,8,0,14,9,2,25,5,16,10,2,33,14,0,14,47
02/12/2022,VCV,CA,AWP,WE,Federal Contract Tower,5,1,5,0,11,0,8,18,0,26,5,9,23,0,37,48,0,48,85
02/13/2022,VCV,CA,AWP,WE,Federal Contract Tower,0,0,0,0,0,0,9,1,1,11,0,9,1,1,11,4,2,6,17
02/14/2022,VCV,CA,AWP,WE,Federal Contract Tower,4,1,2,0,7,0,11,1,0,12,4,12,3,0,19,8,0,8,27
02/15/2022,VCV,CA,AWP,WE,Federal Contract Tower,3,4,0,0,7,2,0,2,4,8,5,4,2,4,15,6,0,6,21
02/16/2022,VCV,CA,AWP,WE,Federal Contract Tower,3,9,3,0,15,1,12,6,0,19,4,21,9,0,34,5,0,5,39
02/17/2022,VCV,CA,AWP,WE,Federal Contract Tower,5,0,0,0,5,0,3,7,2,12,5,3,7,2,17,0,0,0,17
02/18/2022,VCV,CA,AWP,WE,Federal Contract Tower,3,0,0,0,3,0,15,14,0,29,3,15,14,0,32,7,0,7,39
02/19/2022,VCV,CA,AWP,WE,Federal Contract Tower,3,0,0,0,3,0,8,5,0,13,3,8,5,0,16,6,0,6,22
02/20/2022,VCV,CA,AWP,WE,Federal Contract Tower,3,0,1,0,4,27,14,27,0,68,30,14,28,0,72,46,0,46,118
02/21/2022,VCV,CA,AWP,WE,Federal Contract Tower,4,1,0,0,5,0,1,0,0,1,4,2,0,0,6,0,0,0,6
02/22/2022,VCV,CA,AWP,WE,Federal Contract Tower,2,2,0,0,4,0,3,0,0,3,2,5,0,0,7,0,0,0,7
02/23/2022,VCV,CA,AWP,WE,Federal Contract Tower,9,5,0,4,18,1,7,5,0,13,10,12,5,4,31,7,10,17,48
02/24/2022,VCV,CA,AWP,WE,Federal Contract Tower,13,7,3,0,23,0,12,22,0,34,13,19,25,0,57,12,0,12,69
02/25/2022,VCV,CA,AWP,WE,Federal Contract Tower,3,0,7,0,10,0,6,12,1,19,3,6,19,1,29,11,8,19,48
02/26/2022,VCV,CA,AWP,WE,Federal Contract Tower,2,0,4,3,9,1,6,20,4,31,3,6,24,7,40,30,6,36,76
02/27/2022,VCV,CA,AWP,WE,Federal Contract Tower,1,2,1,0,4,0,12,5,0,17,1,14,6,0,21,10,0,10,31
02/28/2022,VCV,CA,AWP,WE,Federal Contract Tower,2,1,3,0,6,0,18,14,0,32,2,19,17,0,38,24,0,24,62
03/01/2022,VCV,CA,AWP,WE,Federal Contract Tower,2,15,1,2,20,1,9,13,6,29,3,24,14,8,49,32,14,46,95
03/02/2022,VCV,CA,AWP,WE,Federal Contract Tower,2,7,2,0,11,3,25,22,0,50,5,32,24,0,61,24,0,24,85
03/03/2022,VCV,CA,AWP,WE,Federal Contract Tower,2,0,6,2,10,1,10,24,6,41,3,10,30,8,51,26,0,26,77
03/04/2022,VCV,CA,AWP,WE,Federal Contract Tower,2,3,2,0,7,0,3,2,0,5,2,6,4,0,12,2,0,2,14
03/05/2022,VCV,CA,AWP,WE,Federal Contract Tower,0,0,0,0,0,0,6,0,0,6,0,6,0,0,6,0,0,0,6
03/06/2022,VCV,CA,AWP,WE,Federal Contract Tower,2,0,1,0,3,0,9,5,0,14,2,9,6,0,17,0,0,0,17
03/07/2022,VCV,CA,AWP,WE,Federal Contract Tower,1,0,1,2,4,0,8,15,6,29,1,8,16,8,33,8,32,40,73
03/08/2022,VCV,CA,AWP,WE,Federal Contract Tower,2,2,1,0,5,0,18,9,6,33,2,20,10,6,38,6,0,6,44
03/09/2022,VCV,CA,AWP,WE,Federal Contract Tower,1,4,0,0,5,0,8,2,2,12,1,12,2,2,17,0,8,8,25
03/10/2022,VCV,CA,AWP,WE,Federal Contract Tower,1,1,0,0,2,0,4,6,1,11,1,5,6,1,13,8,11,19,32
03/11/2022,VCV,CA,AWP,WE,Federal Contract Tower,0,1,2,4,7,0,3,23,0,26,0,4,25,4,33,0,0,0,33
03/12/2022,VCV,CA,AWP,WE,Federal Contract Tower,0,0,0,0,0,0,3,14,0,17,0,3,14,0,17,16,0,16,33
03/13/2022,VCV,CA,AWP,WE,Federal Contract Tower,0,0,2,0,2,0,4,13,0,17,0,4,15,0,19,8,0,8,27
03/14/2022,VCV,CA,AWP,WE,Federal Contract Tower,2,0,0,2,4,0,30,2,10,42,2,30,2,12,46,8,0,8,54
03/15/2022,VCV,CA,AWP,WE,Federal Contract Tower,2,3,0,0,5,0,5,13,2,20,2,8,13,2,25,4,0,4,29
03/16/2022,VCV,CA,AWP,WE,Federal Contract Tower,1,7,0,2,10,0,14,17,4,35,1,21,17,6,45,24,0,24,69
03/17/2022,VCV,CA,AWP,WE,Federal Contract Tower,2,1,3,3,9,0,4,14,2,20,2,5,17,5,29,10,0,10,39
03/18/2022,VCV,CA,AWP,WE,Federal Contract Tower,1,0,3,0,4,0,6,10,0,16,1,6,13,0,20,2,0,2,22
03/19/2022,VCV,CA,AWP,WE,Federal Contract Tower,0,0,6,0,6,0,11,8,2,21,0,11,14,2,27,6,4,10,37
03/20/2022,VCV,CA,AWP,WE,Federal Contract Tower,0,1,0,0,1,0,6,2,0,8,0,7,2,0,9,2,0,2,11
03/21/2022,VCV,CA,AWP,WE,Federal Contract Tower,1,0,0,0,1,0,5,2,0,7,1,5,2,0,8,2,0,2,10
03/22/2022,VCV,CA,AWP,WE,Federal Contract Tower,1,0,0,1,2,0,6,5,8,19,1,6,5,9,21,7,12,19,40
03/23/2022,VCV,CA,AWP,WE,Federal Contract Tower,3,4,0,1,8,0,8,8,2,18,3,12,8,3,26,6,18,24,50
03/24/2022,VCV,CA,AWP,WE,Federal Contract Tower,2,3,5,3,13,0,9,14,4,27,2,12,19,7,40,16,0,16,56
03/25/2022,VCV,CA,AWP,WE,Federal Contract Tower,0,2,2,0,4,0,5,12,0,17,0,7,14,0,21,16,0,16,37
03/26/2022,VCV,CA,AWP,WE,Federal Contract Tower,0,0,0,0,0,0,6,7,4,17,0,6,7,4,17,14,0,14,31
03/27/2022,VCV,CA,AWP,WE,Federal Contract Tower,0,1,0,0,1,0,4,1,0,5,0,5,1,0,6,0,0,0,6
03/28/2022,VCV,CA,AWP,WE,Federal Contract Tower,0,0,1,0,1,0,0,1,0,1,0,0,2,0,2,0,0,0,2
03/29/2022,VCV,CA,AWP,WE,Federal Contract Tower,1,6,0,1,8,0,7,4,1,12,1,13,4,2,20,11,0,11,31
03/30/2022,VCV,CA,AWP,WE,Federal Contract Tower,2,6,2,2,12,1,5,9,4,19,3,11,11,6,31,6,18,24,55
03/31/2022,VCV,CA,AWP,WE,Federal Contract Tower,1,5,1,0,7,0,4,16,4,24,1,9,17,4,31,16,6,22,53
04/01/2022,VCV,CA,AWP,WE,Federal Contract Tower,0,0,0,0,0,0,2,13,0,15,0,2,13,0,15,10,0,10,25
04/02/2022,VCV,CA,AWP,WE,Federal Contract Tower,3,0,1,0,4,0,10,7,0,17,3,10,8,0,21,20,0,20,41
04/03/2022,VCV,CA,AWP,WE,Federal Contract Tower,1,2,4,0,7,0,5,6,0,11,1,7,10,0,18,0,0,0,18
04/04/2022,VCV,CA,AWP,WE,Federal Contract Tower,0,3,1,3,7,0,8,5,1,14,0,11,6,4,21,6,22,28,49
04/05/2022,VCV,CA,AWP,WE,Federal Contract Tower,7,4,1,0,12,0,7,12,10,29,7,11,13,10,41,14,0,14,55
04/06/2022,VCV,CA,AWP,WE,Federal Contract Tower,2,2,2,0,6,0,7,10,0,17,2,9,12,0,23,18,0,18,41
04/07/2022,VCV,CA,AWP,WE,Federal Contract Tower,1,1,3,0,5,0,4,3,0,7,1,5,6,0,12,0,0,0,12
04/08/2022,VCV,CA,AWP,WE,Federal Contract Tower,1,2,0,0,3,0,7,7,0,14,1,9,7,0,17,6,0,6,23
04/09/2022,VCV,CA,AWP,WE,Federal Contract Tower,2,0,0,0,2,0,13,5,0,18,2,13,5,0,20,2,0,2,22
04/10/2022,VCV,CA,AWP,WE,Federal Contract Tower,0,0,0,1,1,0,8,9,0,17,0,8,9,1,18,16,0,16,34
04/11/2022,VCV,CA,AWP,WE,Federal Contract Tower,1,3,0,1,5,0,5,0,2,7,1,8,0,3,12,0,0,0,12
04/12/2022,VCV,CA,AWP,WE,Federal Contract Tower,4,2,1,7,14,0,5,7,9,21,4,7,8,16,35,2,2,4,39
04/13/2022,VCV,CA,AWP,WE,Federal Contract Tower,1,4,4,1,10,0,8,3,8,19,1,12,7,9,29,0,0,0,29
04/14/2022,VCV,CA,AWP,WE,Federal Contract Tower,0,4,3,2,9,0,8,11,5,24,0,12,14,7,33,4,6,10,43
04/15/2022,VCV,CA,AWP,WE,Federal Contract Tower,1,3,2,0,6,0,9,9,0,18,1,12,11,0,24,6,0,6,30
04/16/2022,VCV,CA,AWP,WE,Federal Contract Tower,0,0,0,0,0,0,7,3,0,10,0,7,3,0,10,2,0,2,12
04/17/2022,VCV,CA,AWP,WE,Federal Contract Tower,0,0,0,0,0,0,3,14,0,17,0,3,14,0,17,8,0,8,25
04/18/2022,VCV,CA,AWP,WE,Federal Contract Tower,0,0,2,0,2,0,4,10,0,14,0,4,12,0,16,2,0,2,18
04/19/2022,VCV,CA,AWP,WE,Federal Contract Tower,0,6,1,2,9,0,10,2,0,12,0,16,3,2,21,2,0,2,23
04/20/2022,VCV,CA,AWP,WE,Federal Contract Tower,4,5,0,0,9,0,10,6,0,16,4,15,6,0,25,14,0,14,39
04/21/2022,VCV,CA,AWP,WE,Federal Contract Tower,0,1,1,0,2,0,8,11,4,23,0,9,12,4,25,4,25,29,54
04/22/2022,VCV,CA,AWP,WE,Federal Contract Tower,1,1,0,0,2,0,2,2,0,4,1,3,2,0,6,0,0,0,6
04/23/2022,VCV,CA,AWP,WE,Federal Contract Tower,2,0,0,2,4,0,9,1,0,10,2,9,1,2,14,0,0,0,14
04/24/2022,VCV,CA,AWP,WE,Federal Contract Tower,1,0,2,0,3,0,8,5,0,13,1,8,7,0,16,8,0,8,24
04/25/2022,VCV,CA,AWP,WE,Federal Contract Tower,4,0,4,0,8,0,13,11,0,24,4,13,15,0,32,2,0,2,34
04/26/2022,VCV,CA,AWP,WE,Federal Contract Tower,2,3,1,2,8,0,5,8,0,13,2,8,9,2,21,16,0,16,37
04/27/2022,VCV,CA,AWP,WE,Federal Contract Tower,2,9,0,3,14,0,6,8,0,14,2,15,8,3,28,6,0,6,34
04/28/2022,VCV,CA,AWP,WE,Federal Contract Tower,1,0,1,1,3,0,6,2,5,13,1,6,3,6,16,0,2,2,18
04/29/2022,VCV,CA,AWP,WE,Federal Contract Tower,2,1,0,0,3,0,5,19,2,26,2,6,19,2,29,14,0,14,43
04/30/2022,VCV,CA,AWP,WE,Federal Contract Tower,1,0,0,0,1,0,11,4,16,31,1,11,4,16,32,14,0,14,46
05/01/2022,VCV,CA,AWP,WE,Federal Contract Tower,1,0,0,0,1,0,14,10,0,24,1,14,10,0,25,22,0,22,47
05/02/2022,VCV,CA,AWP,WE,Federal Contract Tower,4,1,6,2,13,0,26,7,2,35,4,27,13,4,48,0,0,0,48
05/03/2022,VCV,CA,AWP,WE,Federal Contract Tower,4,2,5,0,11,0,9,20,0,29,4,11,25,0,40,39,0,39,79
05/04/2022,VCV,CA,AWP,WE,Federal Contract Tower,2,3,1,1,7,0,11,2,3,16,2,14,3,4,23,0,20,20,43
05/05/2022,VCV,CA,AWP,WE,Federal Contract Tower,2,7,1,0,10,0,7,6,2,15,2,14,7,2,25,3,8,11,36
05/06/2022,VCV,CA,AWP,WE,Federal Contract Tower,4,0,0,0,4,0,9,4,2,15,4,9,4,2,19,0,2,2,21
05/07/2022,VCV,CA,AWP,WE,Federal Contract Tower,0,2,0,3,5,0,10,0,5,15,0,12,0,8,20,0,4,4,24
05/08/2022,VCV,CA,AWP,WE,Federal Contract Tower,0,0,0,0,0,0,9,2,0,11,0,9,2,0,11,0,0,0,11
05/09/2022,VCV,CA,AWP,WE,Federal Contract Tower,2,3,0,0,5,0,10,2,0,12,2,13,2,0,17,4,0,4,21
05/10/2022,VCV,CA,AWP,WE,Federal Contract Tower,5,7,5,0,17,0,6,4,0,10,5,13,9,0,27,8,2,10,37
05/11/2022,VCV,CA,AWP,WE,Federal Contract Tower,3,4,0,0,7,0,7,5,3,15,3,11,5,3,22,10,6,16,38
05/12/2022,VCV,CA,AWP,WE,Federal Contract Tower,3,0,2,0,5,0,15,18,4,37,3,15,20,4,42,26,2,28,70
05/13/2022,VCV,CA,AWP,WE,Federal Contract Tower,4,0,3,0,7,0,6,19,0,25,4,6,22,0,32,13,0,13,45
05/14/2022,VCV,CA,AWP,WE,Federal Contract Tower,3,0,0,3,6,0,10,3,3,16,3,10,3,6,22,10,2,12,34
05/15/2022,VCV,CA,AWP,WE,Federal Contract Tower,0,0,1,0,1,0,10,2,0,12,0,10,3,0,13,2,0,2,15
05/16/2022,VCV,CA,AWP,WE,Federal Contract Tower,6,2,0,1,9,0,17,16,3,36,6,19,16,4,45,0,0,0,45
05/17/2022,VCV,CA,AWP,WE,Federal Contract Tower,3,2,3,27,35,3,13,13,2,31,6,15,16,29,66,2,4,6,72
05/18/2022,VCV,CA,AWP,WE,Federal Contract Tower,4,2,16,0,22,0,10,18,0,28,4,12,34,0,50,4,0,4,54
05/19/2022,VCV,CA,AWP,WE,Federal Contract Tower,4,0,1,4,9,2,13,3,2,20,6,13,4,6,29,12,4,16,45
05/20/2022,VCV,CA,AWP,WE,Federal Contract Tower,2,0,0,0,2,2,13,0,0,15,4,13,0,0,17,0,0,0,17
05/21/2022,VCV,CA,AWP,WE,Federal Contract Tower,4,0,0,0,4,0,15,8,0,23,4,15,8,0,27,14,0,14,41
05/22/2022,VCV,CA,AWP,WE,Federal Contract Tower,2,0,0,0,2,0,10,6,0,16,2,10,6,0,18,12,0,12,30
05/23/2022,VCV,CA,AWP,WE,Federal Contract Tower,4,0,0,2,6,0,7,4,0,11,4,7,4,2,17,6,26,32,49
05/24/2022,VCV,CA,AWP,WE,Federal Contract Tower,1,5,4,0,10,0,7,6,5,18,1,12,10,5,28,10,36,46,74
05/25/2022,VCV,CA,AWP,WE,Federal Contract Tower,4,2,2,4,12,0,5,7,6,18,4,7,9,10,30,0,53,53,83
05/26/2022,VCV,CA,AWP,WE,Federal Contract Tower,4,2,5,0,11,0,7,5,0,12,4,9,10,0,23,15,0,15,38
05/27/2022,VCV,CA,AWP,WE,Federal Contract Tower,6,0,2,3,11,0,11,6,2,19,6,11,8,5,30,4,12,16,46
05/28/2022,VCV,CA,AWP,WE,Federal Contract Tower,1,0,0,2,3,0,3,0,1,4,1,3,0,3,7,0,0,0,7
05/29/2022,VCV,CA,AWP,WE,Federal Contract Tower,0,0,0,0,0,0,3,0,0,3,0,3,0,0,3,0,0,0,3
05/30/2022,VCV,CA,AWP,WE,Federal Contract Tower,5,0,0,0,5,0,3,4,0,7,5,3,4,0,12,12,0,12,24
05/31/2022,VCV,CA,AWP,WE,Federal Contract Tower,6,6,1,1,14,0,9,8,12,29,6,15,9,13,43,0,11,11,54
06/01/2022,VCV,CA,AWP,WE,Federal Contract Tower,4,2,0,3,9,0,7,5,8,20,4,9,5,11,29,0,0,0,29
06/02/2022,VCV,CA,AWP,WE,Federal Contract Tower,4,1,0,0,5,0,4,4,6,14,4,5,4,6,19,2,2,4,23
06/03/2022,VCV,CA,AWP,WE,Federal Contract Tower,2,0,3,3,8,0,10,11,4,25,2,10,14,7,33,20,4,24,57
06/04/2022,VCV,CA,AWP,WE,Federal Contract Tower,2,0,1,0,3,0,8,2,0,10,2,8,3,0,13,7,0,7,20
06/05/2022,VCV,CA,AWP,WE,Federal Contract Tower,2,0,0,0,2,0,8,0,0,8,2,8,0,0,10,0,0,0,10
06/06/2022,VCV,CA,AWP,WE,Federal Contract Tower,2,3,1,2,8,0,4,1,0,5,2,7,2,2,13,3,0,3,16
06/07/2022,VCV,CA,AWP,WE,Federal Contract Tower,6,7,1,3,17,0,1,0,6,7,6,8,1,9,24,6,6,12,36
06/08/2022,VCV,CA,AWP,WE,Federal Contract Tower,4,6,4,1,15,0,10,10,1,21,4,16,14,2,36,12,5,17,53
06/09/2022,VCV,CA,AWP,WE,Federal Contract Tower,2,5,6,2,15,0,16,4,1,21,2,21,10,3,36,5,8,13,49
06/10/2022,VCV,CA,AWP,WE,Federal Contract Tower,1,2,0,1,4,0,8,10,0,18,1,10,10,1,22,8,0,8,30
06/11/2022,VCV,CA,AWP,WE,Federal Contract Tower,2,1,1,1,5,0,11,11,0,22,2,12,12,1,27,8,0,8,35
06/12/2022,VCV,CA,AWP,WE,Federal Contract Tower,1,0,0,1,2,0,7,4,0,11,1,7,4,1,13,0,0,0,13
06/13/2022,VCV,CA,AWP,WE,Federal Contract Tower,4,0,0,0,4,0,4,0,0,4,4,4,0,0,8,0,0,0,8
06/14/2022,VCV,CA,AWP,WE,Federal Contract Tower,3,3,0,1,7,0,3,11,1,15,3,6,11,2,22,15,0,15,37
06/15/2022,VCV,CA,AWP,WE,Federal Contract Tower,2,0,5,2,9,0,11,9,2,22,2,11,14,4,31,9,12,21,52
06/16/2022,VCV,CA,AWP,WE,Federal Contract Tower,0,1,0,0,1,0,6,3,0,9,0,7,3,0,10,11,0,11,21
06/17/2022,VCV,CA,AWP,WE,Federal Contract Tower,4,0,0,6,10,0,2,3,0,5,4,2,3,6,15,8,18,26,41
06/18/2022,VCV,CA,AWP,WE,Federal Contract Tower,0,0,0,0,0,0,7,9,0,16,0,7,9,0,16,16,0,16,32
06/19/2022,VCV,CA,AWP,WE,Federal Contract Tower,0,0,0,0,0,0,4,2,0,6,0,4,2,0,6,0,0,0,6
06/20/2022,VCV,CA,AWP,WE,Federal Contract Tower,4,0,0,0,4,0,6,2,0,8,4,6,2,0,12,10,0,10,22
06/21/2022,VCV,CA,AWP,WE,Federal Contract Tower,3,12,0,0,15,0,15,13,0,28,3,27,13,0,43,28,0,28,71
06/22/2022,VCV,CA,AWP,WE,Federal Contract Tower,0,6,0,0,6,0,7,0,0,7,0,13,0,0,13,0,0,0,13
06/23/2022,VCV,CA,AWP,WE,Federal Contract Tower,4,5,4,1,14,0,14,19,2,35,4,19,23,3,49,59,2,61,110
06/24/2022,VCV,CA,AWP,WE,Federal Contract Tower,4,0,0,0,4,0,5,10,10,25,4,5,10,10,29,8,6,14,43
06/25/2022,VCV,CA,AWP,WE,Federal Contract Tower,0,0,3,0,3,0,11,7,6,24,0,11,10,6,27,4,0,4,31
06/26/2022,VCV,CA,AWP,WE,Federal Contract Tower,1,0,0,0,1,0,10,1,0,11,1,10,1,0,12,2,0,2,14
06/27/2022,VCV,CA,AWP,WE,Federal Contract Tower,0,9,0,2,11,0,4,1,1,6,0,13,1,3,17,2,2,4,21
06/28/2022,VCV,CA,AWP,WE,Federal Contract Tower,2,1,0,0,3,0,0,18,0,18,2,1,18,0,21,40,0,40,61
06/29/2022,VCV,CA,AWP,WE,Federal Contract Tower,5,7,0,0,12,0,3,4,0,7,5,10,4,0,19,6,0,6,25
06/30/2022,VCV,CA,AWP,WE,Federal Contract Tower,2,2,0,2,6,0,9,14,2,25,2,11,14,4,31,0,8,8,39
07/01/2022,VCV,CA,AWP,WE,Federal Contract Tower,1,0,0,0,1,0,5,3,4,12,1,5,3,4,13,6,0,6,19
07/02/2022,VCV,CA,AWP,WE,Federal Contract Tower,0,2,0,0,2,0,21,8,0,29,0,23,8,0,31,23,0,23,54
07/03/2022,VCV,CA,AWP,WE,Federal Contract Tower,0,0,0,0,0,0,8,1,0,9,0,8,1,0,9,3,0,3,12
07/04/2022,VCV,CA,AWP,WE,Federal Contract Tower,0,0,0,0,0,0,8,6,0,14,0,8,6,0,14,24,0,24,38
07/05/2022,VCV,CA,AWP,WE,Federal Contract Tower,2,0,0,0,2,0,8,10,8,26,2,8,10,8,28,8,12,20,48
07/06/2022,VCV,CA,AWP,WE,Federal Contract Tower,3,3,1,0,7,0,9,3,6,18,3,12,4,6,25,0,0,0,25
07/07/2022,VCV,CA,AWP,WE,Federal Contract Tower,1,2,0,0,3,0,11,0,10,21,1,13,0,10,24,18,16,34,58
07/08/2022,VCV,CA,AWP,WE,Federal Contract Tower,1,1,2,0,4,0,7,9,4,20,1,8,11,4,24,16,4,20,44
07/09/2022,VCV,CA,AWP,WE,Federal Contract Tower,3,0,0,0,3,0,10,3,0,13,3,10,3,0,16,0,0,0,16
07/10/2022,VCV,CA,AWP,WE,Federal Contract Tower,0,0,0,0,0,0,10,3,0,13,0,10,3,0,13,12,0,12,25
07/11/2022,VCV,CA,AWP,WE,Federal Contract Tower,2,0,0,0,2,0,10,3,2,15,2,10,3,2,17,4,0,4,21
07/12/2022,VCV,CA,AWP,WE,Federal Contract Tower,3,7,0,0,10,0,13,4,0,17,3,20,4,0,27,4,0,4,31
07/13/2022,VCV,CA,AWP,WE,Federal Contract Tower,2,6,0,0,8,0,8,4,10,22,2,14,4,10,30,22,36,58,88
07/14/2022,VCV,CA,AWP,WE,Federal Contract Tower,5,2,0,1,8,0,3,5,0,8,5,5,5,1,16,8,12,20,36
07/15/2022,VCV,CA,AWP,WE,Federal Contract Tower,1,2,0,1,4,0,6,8,0,14,1,8,8,1,18,14,2,16,34
07/16/2022,VCV,CA,AWP,WE,Federal Contract Tower,1,2,0,0,3,0,5,2,0,7,1,7,2,0,10,0,0,0,10
07/17/2022,VCV,CA,AWP,WE,Federal Contract Tower,0,0,0,1,1,0,0,8,0,8,0,0,8,1,9,16,8,24,33
07/18/2022,VCV,CA,AWP,WE,Federal Contract Tower,3,1,0,0,4,0,10,4,4,18,3,11,4,4,22,4,0,4,26
07/19/2022,VCV,CA,AWP,WE,Federal Contract Tower,1,3,0,2,6,0,7,11,0,18,1,10,11,2,24,6,0,6,30
07/20/2022,VCV,CA,AWP,WE,Federal Contract Tower,1,2,0,0,3,2,12,1,6,21,3,14,1,6,24,6,0,6,30
07/21/2022,VCV,CA,AWP,WE,Federal Contract Tower,1,2,8,2,13,0,13,6,4,23,1,15,14,6,36,10,24,34,70
07/22/2022,VCV,CA,AWP,WE,Federal Contract Tower,1,0,0,0,1,0,6,2,2,10,1,6,2,2,11,0,8,8,19
07/23/2022,VCV,CA,AWP,WE,Federal Contract Tower,0,0,3,0,3,0,2,4,0,6,0,2,7,0,9,11,0,11,20
07/24/2022,VCV,CA,AWP,WE,Federal Contract Tower,1,2,0,0,3,0,9,2,0,11,1,11,2,0,14,2,0,2,16
07/25/2022,VCV,CA,AWP,WE,Federal Contract Tower,0,0,1,2,3,0,12,6,1,19,0,12,7,3,22,4,2,6,28
07/26/2022,VCV,CA,AWP,WE,Federal Contract Tower,8,7,2,2,19,1,1,12,7,21,9,8,14,9,40,13,34,47,87
07/27/2022,VCV,CA,AWP,WE,Federal Contract Tower,4,4,5,0,13,0,4,3,0,7,4,8,8,0,20,0,0,0,20
07/28/2022,VCV,CA,AWP,WE,Federal Contract Tower,1,5,0,2,8,0,8,13,7,28,1,13,13,9,36,10,11,21,57
07/29/2022,VCV,CA,AWP,WE,Federal Contract Tower,4,2,0,1,7,0,5,2,12,19,4,7,2,13,26,6,8,14,40
07/30/2022,VCV,CA,AWP,WE,Federal Contract Tower,2,0,1,0,3,0,4,6,4,14,2,4,7,4,17,8,0,8,25
07/31/2022,VCV,CA,AWP,WE,Federal Contract Tower,0,0,0,0,0,0,4,0,0,4,0,4,0,0,4,0,0,0,4
08/01/2022,VCV,CA,AWP,WE,Federal Contract Tower,0,0,2,0,2,0,2,8,0,10,0,2,10,0,12,6,0,6,18
08/02/2022,VCV,CA,AWP,WE,Federal Contract Tower,0,4,0,3,7,0,9,6,3,18,0,13,6,6,25,2,10,12,37
08/03/2022,VCV,CA,AWP,WE,Federal Contract Tower,3,4,4,2,13,0,3,4,2,9,3,7,8,4,22,6,4,10,32
08/04/2022,VCV,CA,AWP,WE,Federal Contract Tower,2,0,2,0,4,0,0,2,2,4,2,0,4,2,8,4,0,4,12
08/05/2022,VCV,CA,AWP,WE,Federal Contract Tower,9,2,0,0,11,0,3,6,8,17,9,5,6,8,28,12,16,28,56
08/06/2022,VCV,CA,AWP,WE,Federal Contract Tower,1,13,0,0,14,0,3,8,0,11,1,16,8,0,25,4,0,4,29
08/07/2022,VCV,CA,AWP,WE,Federal Contract Tower,1,0,0,2,3,0,7,7,0,14,1,7,7,2,17,25,0,25,42
08/08/2022,VCV,CA,AWP,WE,Federal Contract Tower,0,0,0,0,0,0,10,6,8,24,0,10,6,8,24,4,8,12,36
08/09/2022,VCV,CA,AWP,WE,Federal Contract Tower,4,3,4,9,20,0,2,18,9,29,4,5,22,18,49,46,4,50,99
08/10/2022,VCV,CA,AWP,WE,Federal Contract Tower,4,4,0,0,8,0,6,9,12,27,4,10,9,12,35,14,4,18,53
08/11/2022,VCV,CA,AWP,WE,Federal Contract Tower,0,9,0,0,9,0,10,4,9,23,0,19,4,9,32,6,0,6,38
08/12/2022,VCV,CA,AWP,WE,Federal Contract Tower,1,0,0,2,3,0,3,8,1,12,1,3,8,3,15,8,25,33,48
08/13/2022,VCV,CA,AWP,WE,Federal Contract Tower,1,3,4,0,8,0,6,7,0,13,1,9,11,0,21,11,0,11,32
08/14/2022,VCV,CA,AWP,WE,Federal Contract Tower,1,3,2,0,6,0,8,7,0,15,1,11,9,0,21,2,0,2,23
08/15/2022,VCV,CA,AWP,WE,Federal Contract Tower,2,6,0,2,10,0,5,4,0,9,2,11,4,2,19,12,4,16,35
08/16/2022,VCV,CA,AWP,WE,Federal Contract Tower,1,0,0,0,1,0,6,3,2,11,1,6,3,2,12,0,2,2,14
08/17/2022,VCV,CA,AWP,WE,Federal Contract Tower,1,4,5,0,10,0,2,12,4,18,1,6,17,4,28,10,16,26,54
08/18/2022,VCV,CA,AWP,WE,Federal Contract Tower,0,5,0,0,5,0,11,15,1,27,0,16,15,1,32,42,4,46,78
08/19/2022,VCV,CA,AWP,WE,Federal Contract Tower,3,0,0,0,3,0,15,5,2,22,3,15,5,2,25,2,0,2,27
08/20/2022,VCV,CA,AWP,WE,Federal Contract Tower,3,0,0,0,3,0,12,4,0,16,3,12,4,0,19,4,0,4,23
08/21/2022,VCV,CA,AWP,WE,Federal Contract Tower,0,6,0,0,6,0,4,3,0,7,0,10,3,0,13,6,0,6,19
08/22/2022,VCV,CA,AWP,WE,Federal Contract Tower,3,8,0,2,13,0,4,2,8,14,3,12,2,10,27,10,0,10,37
08/23/2022,VCV,CA,AWP,WE,Federal Contract Tower,1,6,0,1,8,0,11,7,1,19,1,17,7,2,27,11,5,16,43
08/24/2022,VCV,CA,AWP,WE,Federal Contract Tower,1,5,0,0,6,0,7,5,0,12,1,12,5,0,18,0,0,0,18
08/25/2022,VCV,CA,AWP,WE,Federal Contract Tower,1,15,1,0,17,0,8,3,0,11,1,23,4,0,28,0,0,0,28
08/26/2022,VCV,CA,AWP,WE,Federal Contract Tower,5,3,6,0,14,0,12,12,0,24,5,15,18,0,38,37,0,37,75
08/27/2022,VCV,CA,AWP,WE,Federal Contract Tower,2,0,0,0,2,0,8,3,0,11,2,8,3,0,13,2,0,2,15
08/28/2022,VCV,CA,AWP,WE,Federal Contract Tower,0,0,0,0,0,0,9,8,0,17,0,9,8,0,17,14,0,14,31
08/29/2022,VCV,CA,AWP,WE,Federal Contract Tower,3,0,0,0,3,0,8,8,0,16,3,8,8,0,19,2,0,2,21
08/30/2022,VCV,CA,AWP,WE,Federal Contract Tower,1,2,0,0,3,0,5,13,0,18,1,7,13,0,21,42,0,42,63
08/31/2022,VCV,CA,AWP,WE,Federal Contract Tower,2,5,0,4,11,0,12,5,1,18,2,17,5,5,29,0,0,0,29
09/01/2022,VCV,CA,AWP,WE,Federal Contract Tower,3,3,0,1,7,0,13,5,6,24,3,16,5,7,31,0,12,12,43
09/02/2022,VCV,CA,AWP,WE,Federal Contract Tower,3,0,1,0,4,0,4,0,0,4,3,4,1,0,8,0,0,0,8
09/03/2022,VCV,CA,AWP,WE,Federal Contract Tower,0,0,0,0,0,0,5,4,1,10,0,5,4,1,10,0,0,0,10
09/04/2022,VCV,CA,AWP,WE,Federal Contract Tower,0,0,0,0,0,0,6,9,0,15,0,6,9,0,15,0,0,0,15
09/05/2022,VCV,CA,AWP,WE,Federal Contract Tower,1,0,0,0,1,0,6,1,0,7,1,6,1,0,8,6,0,6,14
09/06/2022,VCV,CA,AWP,WE,Federal Contract Tower,2,4,0,0,6,0,6,8,2,16,2,10,8,2,22,10,6,16,38
09/07/2022,VCV,CA,AWP,WE,Federal Contract Tower,2,1,0,0,3,0,6,5,0,11,2,7,5,0,14,0,0,0,14
09/08/2022,VCV,CA,AWP,WE,Federal Contract Tower,3,0,0,1,4,0,6,1,1,8,3,6,1,2,12,2,0,2,14
09/09/2022,VCV,CA,AWP,WE,Federal Contract Tower,2,1,0,0,3,0,2,5,0,7,2,3,5,0,10,10,0,10,20
09/10/2022,VCV,CA,AWP,WE,Federal Contract Tower,1,0,0,0,1,0,14,0,0,14,1,14,0,0,15,0,0,0,15
09/11/2022,VCV,CA,AWP,WE,Federal Contract Tower,0,0,1,1,2,0,4,1,0,5,0,4,2,1,7,8,0,8,15
09/12/2022,VCV,CA,AWP,WE,Federal Contract Tower,3,1,2,0,6,0,7,3,6,16,3,8,5,6,22,0,0,0,22
09/13/2022,VCV,CA,AWP,WE,Federal Contract Tower,1,1,0,5,7,2,12,8,14,36,3,13,8,19,43,6,18,24,67
09/14/2022,VCV,CA,AWP,WE,Federal Contract Tower,6,6,2,2,16,1,9,10,16,36,7,15,12,18,52,2,18,20,72
09/15/2022,VCV,CA,AWP,WE,Federal Contract Tower,2,4,2,2,10,4,11,12,2,29,6,15,14,4,39,0,4,4,43
09/16/2022,VCV,CA,AWP,WE,Federal Contract Tower,2,5,0,0,7,0,12,19,14,45,2,17,19,14,52,10,0,10,62
09/17/2022,VCV,CA,AWP,WE,Federal Contract Tower,0,0,1,0,1,2,10,16,0,28,2,10,17,0,29,20,0,20,49
09/18/2022,VCV,CA,AWP,WE,Federal Contract Tower,0,0,0,0,0,0,7,8,0,15,0,7,8,0,15,6,0,6,21
09/19/2022,VCV,CA,AWP,WE,Federal Contract Tower,2,0,2,0,4,0,6,7,0,13,2,6,9,0,17,2,0,2,19
09/20/2022,VCV,CA,AWP,WE,Federal Contract Tower,1,14,0,0,15,0,15,15,4,34,1,29,15,4,49,6,4,10,59
09/21/2022,VCV,CA,AWP,WE,Federal Contract Tower,0,7,0,0,7,0,9,6,1,16,0,16,6,1,23,6,12,18,41
09/22/2022,VCV,CA,AWP,WE,Federal Contract Tower,1,1,2,0,4,0,10,10,0,20,1,11,12,0,24,12,0,12,36
09/23/2022,VCV,CA,AWP,WE,Federal Contract Tower,3,0,0,0,3,0,7,4,0,11,3,7,4,0,14,4,0,4,18
09/24/2022,VCV,CA,AWP,WE,Federal Contract Tower,0,2,0,7,9,0,4,10,0,14,0,6,10,7,23,6,0,6,29
09/25/2022,VCV,CA,AWP,WE,Federal Contract Tower,0,0,0,0,0,0,8,2,8,18,0,8,2,8,18,0,0,0,18
09/26/2022,VCV,CA,AWP,WE,Federal Contract Tower,2,0,0,1,3,0,18,4,4,26,2,18,4,5,29,8,0,8,37
09/27/2022,VCV,CA,AWP,WE,Federal Contract Tower,3,3,0,2,8,0,14,7,1,22,3,17,7,3,30,10,4,14,44
09/28/2022,VCV,CA,AWP,WE,Federal Contract Tower,2,5,4,0,11,0,17,16,0,33,2,22,20,0,44,12,0,12,56
09/29/2022,VCV,CA,AWP,WE,Federal Contract Tower,0,2,0,0,2,0,16,13,0,29,0,18,13,0,31,10,0,10,41
09/30/2022,VCV,CA,AWP,WE,Federal Contract Tower,2,0,3,0,5,0,9,6,1,16,2,9,9,1,21,4,6,10,31
10/01/2022,VCV,CA,AWP,WE,Federal Contract Tower,3,0,0,0,3,0,16,9,0,25,3,16,9,0,28,14,0,14,42
10/02/2022,VCV,CA,AWP,WE,Federal Contract Tower,0,0,0,0,0,1,8,8,0,17,1,8,8,0,17,12,0,12,29
10/03/2022,VCV,CA,AWP,WE,Federal Contract Tower,3,2,2,0,7,0,9,18,1,28,3,11,20,1,35,6,0,6,41
10/04/2022,VCV,CA,AWP,WE,Federal Contract Tower,1,2,0,3,6,0,8,7,2,17,1,10,7,5,23,0,8,8,31
10/05/2022,VCV,CA,AWP,WE,Federal Contract Tower,0,0,10,0,10,0,15,14,2,31,0,15,24,2,41,2,6,8,49
10/06/2022,VCV,CA,AWP,WE,Federal Contract Tower,1,11,9,0,21,0,7,5,5,17,1,18,14,5,38,0,12,12,50
10/07/2022,VCV,CA,AWP,WE,Federal Contract Tower,5,1,0,0,6,0,9,10,0,19,5,10,10,0,25,4,0,4,29
10/08/2022,VCV,CA,AWP,WE,Federal Contract Tower,1,0,0,0,1,0,10,0,2,12,1,10,0,2,13,0,0,0,13
10/09/2022,VCV,CA,AWP,WE,Federal Contract Tower,3,0,2,0,5,0,6,7,0,13,3,6,9,0,18,6,0,6,24
10/10/2022,VCV,CA,AWP,WE,Federal Contract Tower,0,3,0,2,5,0,6,7,0,13,0,9,7,2,18,4,0,4,22
10/11/2022,VCV,CA,AWP,WE,Federal Contract Tower,2,3,1,3,9,0,2,0,19,21,2,5,1,22,30,0,8,8,38
10/12/2022,VCV,CA,AWP,WE,Federal Contract Tower,5,10,5,0,20,0,6,6,2,14,5,16,11,2,34,12,0,12,46
10/13/2022,VCV,CA,AWP,WE,Federal Contract Tower,2,0,6,1,9,0,5,9,3,17,2,5,15,4,26,6,0,6,32
10/14/2022,VCV,CA,AWP,WE,Federal Contract Tower,4,1,2,1,8,0,8,24,2,34,4,9,26,3,42,20,8,28,70
10/15/2022,VCV,CA,AWP,WE,Federal Contract Tower,1,2,1,0,4,0,3,11,2,16,1,5,12,2,20,6,6,12,32
10/16/2022,VCV,CA,AWP,WE,Federal Contract Tower,0,1,1,2,4,0,8,4,1,13,0,9,5,3,17,6,12,18,35
10/17/2022,VCV,CA,AWP,WE,Federal Contract Tower,0,2,0,0,2,0,8,8,0,16,0,10,8,0,18,10,0,10,28
10/18/2022,VCV,CA,AWP,WE,Federal Contract Tower,2,3,1,0,6,0,7,2,2,11,2,10,3,2,17,0,8,8,25
10/19/2022,VCV,CA,AWP,WE,Federal Contract Tower,3,6,4,0,13,0,8,12,9,29,3,14,16,9,42,0,12,12,54
10/20/2022,VCV,CA,AWP,WE,Federal Contract Tower,1,4,3,0,8,0,6,6,4,16,1,10,9,4,24,4,10,14,38
10/21/2022,VCV,CA,AWP,WE,Federal Contract Tower,5,0,6,0,11,0,4,6,0,10,5,4,12,0,21,2,0,2,23
10/22/2022,VCV,CA,AWP,WE,Federal Contract Tower,0,0,0,0,0,0,10,4,0,14,0,10,4,0,14,0,0,0,14
10/23/2022,VCV,CA,AWP,WE,Federal Contract Tower,0,0,0,0,0,0,10,1,0,11,0,10,1,0,11,14,0,14,25
10/24/2022,VCV,CA,AWP,WE,Federal Contract Tower,3,1,5,0,9,0,16,13,4,33,3,17,18,4,42,8,6,14,56
10/25/2022,VCV,CA,AWP,WE,Federal Contract Tower,1,5,0,4,10,0,5,9,2,16,1,10,9,6,26,2,0,2,28
10/26/2022,VCV,CA,AWP,WE,Federal Contract Tower,2,4,0,0,6,0,4,0,0,4,2,8,0,0,10,0,0,0,10
10/27/2022,VCV,CA,AWP,WE,Federal Contract Tower,4,0,4,0,8,0,6,11,3,20,4,6,15,3,28,2,2,4,32
10/28/2022,VCV,CA,AWP,WE,Federal Contract Tower,0,0,1,0,1,0,7,6,0,13,0,7,7,0,14,4,0,4,18
10/29/2022,VCV,CA,AWP,WE,Federal Contract Tower,1,0,1,0,2,0,14,11,0,25,1,14,12,0,27,30,0,30,57
10/30/2022,VCV,CA,AWP,WE,Federal Contract Tower,0,0,0,0,0,0,8,11,0,19,0,8,11,0,19,34,0,34,53
10/31/2022,VCV,CA,AWP,WE,Federal Contract Tower,3,3,4,3,13,0,2,5,1,8,3,5,9,4,21,14,0,14,35
11/01/2022,VCV,CA,AWP,WE,Federal Contract Tower,3,0,0,1,4,0,7,1,0,8,3,7,1,1,12,2,0,2,14
11/02/2022,VCV,CA,AWP,WE,Federal Contract Tower,3,2,0,9,14,0,5,2,0,7,3,7,2,9,21,0,0,0,21
11/03/2022,VCV,CA,AWP,WE,Federal Contract Tower,2,3,1,3,9,0,4,9,13,26,2,7,10,16,35,20,14,34,69
11/04/2022,VCV,CA,AWP,WE,Federal Contract Tower,2,1,2,1,6,0,7,6,7,20,2,8,8,8,26,6,6,12,38
11/05/2022,VCV,CA,AWP,WE,Federal Contract Tower,1,0,0,0,1,0,6,15,4,25,1,6,15,4,26,14,0,14,40
11/06/2022,VCV,CA,AWP,WE,Federal Contract Tower,1,0,0,3,4,0,6,4,1,11,1,6,4,4,15,8,0,8,23
11/07/2022,VCV,CA,AWP,WE,Federal Contract Tower,0,0,0,7,7,0,5,0,0,5,0,5,0,7,12,0,7,7,19
11/08/2022,VCV,CA,AWP,WE,Federal Contract Tower,2,4,0,2,8,0,1,0,0,1,2,5,0,2,9,0,0,0,9
11/09/2022,VCV,CA,AWP,WE,Federal Contract Tower,2,4,0,9,15,0,4,2,9,15,2,8,2,18,30,4,4,8,38
11/10/2022,VCV,CA,AWP,WE,Federal Contract Tower,0,0,2,5,7,0,8,11,4,23,0,8,13,9,30,8,0,8,38
11/11/2022,VCV,CA,AWP,WE,Federal Contract Tower,1,0,0,0,1,0,6,5,0,11,1,6,5,0,12,0,0,0,12
11/12/2022,VCV,CA,AWP,WE,Federal Contract Tower,1,0,1,0,2,0,2,14,0,16,1,2,15,0,18,6,0,6,24
11/13/2022,VCV,CA,AWP,WE,Federal Contract Tower,0,2,2,0,4,0,5,4,2,11,0,7,6,2,15,6,0,6,21
11/14/2022,VCV,CA,AWP,WE,Federal Contract Tower,0,6,2,2,10,0,6,8,6,20,0,12,10,8,30,12,0,12,42
11/15/2022,VCV,CA,AWP,WE,Federal Contract Tower,2,5,0,2,9,0,10,4,14,28,2,15,4,16,37,0,6,6,43
11/16/2022,VCV,CA,AWP,WE,Federal Contract Tower,2,4,1,0,7,0,7,6,10,23,2,11,7,10,30,0,0,0,30
11/17/2022,VCV,CA,AWP,WE,Federal Contract Tower,3,5,0,1,9,0,11,8,12,31,3,16,8,13,40,10,8,18,58
11/18/2022,VCV,CA,AWP,WE,Federal Contract Tower,2,1,5,2,10,0,15,8,4,27,2,16,13,6,37,30,13,43,80
11/19/2022,VCV,CA,AWP,WE,Federal Contract Tower,2,0,3,1,6,0,4,17,0,21,2,4,20,1,27,2,0,2,29
11/20/2022,VCV,CA,AWP,WE,Federal Contract Tower,6,0,2,0,8,0,15,3,4,22,6,15,5,4,30,22,0,22,52
11/21/2022,VCV,CA,AWP,WE,Federal Contract Tower,0,0,0,3,3,0,11,12,1,24,0,11,12,4,27,16,8,24,51
11/22/2022,VCV,CA,AWP,WE,Federal Contract Tower,4,4,1,6,15,0,7,5,1,13,4,11,6,7,28,0,5,5,33
11/23/2022,VCV,CA,AWP,WE,Federal Contract Tower,0,5,0,0,5,2,14,2,0,18,2,19,2,0,23,0,0,0,23
11/24/2022,VCV,CA,AWP,WE,Federal Contract Tower,0,0,0,0,0,0,1,3,0,4,0,1,3,0,4,0,0,0,4
11/25/2022,VCV,CA,AWP,WE,Federal Contract Tower,0,0,0,0,0,0,6,11,0,17,0,6,11,0,17,8,0,8,25
11/26/2022,VCV,CA,AWP,WE,Federal Contract Tower,0,0,1,0,1,0,7,5,0,12,0,7,6,0,13,0,0,0,13
11/27/2022,VCV,CA,AWP,WE,Federal Contract Tower,9,0,2,0,11,0,9,6,0,15,9,9,8,0,26,0,0,0,26
11/28/2022,VCV,CA,AWP,WE,Federal Contract Tower,4,0,0,4,8,0,12,4,0,16,4,12,4,4,24,2,0,2,26
11/29/2022,VCV,CA,AWP,WE,Federal Contract Tower,1,2,0,0,3,0,14,9,0,23,1,16,9,0,26,9,0,9,35
11/30/2022,VCV,CA,AWP,WE,Federal Contract Tower,0,8,4,0,12,0,7,8,0,15,0,15,12,0,27,10,0,10,37
12/01/2022,VCV,CA,AWP,WE,Federal Contract Tower,3,0,0,0,3,0,4,2,2,8,3,4,2,2,11,0,6,6,17
12/02/2022,VCV,CA,AWP,WE,Federal Contract Tower,6,4,0,0,10,0,4,3,3,10,6,8,3,3,20,12,6,18,38
12/03/2022,VCV,CA,AWP,WE,Federal Contract Tower,4,0,2,4,10,0,10,4,1,15,4,10,6,5,25,8,10,18,43
12/04/2022,VCV,CA,AWP,WE,Federal Contract Tower,0,0,2,1,3,0,7,7,0,14,0,7,9,1,17,0,0,0,17
12/05/2022,VCV,CA,AWP,WE,Federal Contract Tower,1,0,2,2,5,0,6,2,0,8,1,6,4,2,13,6,11,17,30
12/06/2022,VCV,CA,AWP,WE,Federal Contract Tower,2,2,0,2,6,0,3,4,4,11,2,5,4,6,17,4,24,28,45
12/07/2022,VCV,CA,AWP,WE,Federal Contract Tower,1,2,0,2,5,0,5,2,3,10,1,7,2,5,15,0,12,12,27
12/08/2022,VCV,CA,AWP,WE,Federal Contract Tower,1,1,1,1,4,0,11,9,4,24,1,12,10,5,28,2,34,36,64
12/09/2022,VCV,CA,AWP,WE,Federal Contract Tower,1,0,3,1,5,0,10,14,2,26,1,10,17,3,31,0,16,16,47
12/10/2022,VCV,CA,AWP,WE,Federal Contract Tower,1,0,1,0,2,0,5,3,0,8,1,5,4,0,10,6,0,6,16
12/11/2022,VCV,CA,AWP,WE,Federal Contract Tower,0,5,2,0,7,0,3,0,0,3,0,8,2,0,10,0,0,0,10
12/12/2022,VCV,CA,AWP,WE,Federal Contract Tower,3,0,2,0,5,0,3,0,0,3,3,3,2,0,8,2,0,2,10
12/13/2022,VCV,CA,AWP,WE,Federal Contract Tower,3,4,2,1,10,0,9,6,0,15,3,13,8,1,25,0,10,10,35
12/14/2022,VCV,CA,AWP,WE,Federal Contract Tower,0,2,0,2,4,0,14,10,0,24,0,16,10,2,28,12,0,12,40
12/15/2022,VCV,CA,AWP,WE,Federal Contract Tower,4,3,2,0,9,0,11,6,0,17,4,14,8,0,26,0,0,0,26
12/16/2022,VCV,CA,AWP,WE,Federal Contract Tower,4,1,0,0,5,0,15,6,1,22,4,16,6,1,27,0,6,6,33
12/17/2022,VCV,CA,AWP,WE,Federal Contract Tower,0,0,0,0,0,0,8,20,0,28,0,8,20,0,28,36,0,36,64
12/18/2022,VCV,CA,AWP,WE,Federal Contract Tower,0,0,1,0,1,0,13,7,0,20,0,13,8,0,21,20,0,20,41
12/19/2022,VCV,CA,AWP,WE,Federal Contract Tower,0,13,0,1,14,0,14,4,1,19,0,27,4,2,33,10,0,10,43
12/20/2022,VCV,CA,AWP,WE,Federal Contract Tower,1,1,3,2,7,0,9,1,2,12,1,10,4,4,19,0,21,21,40
12/21/2022,VCV,CA,AWP,WE,Federal Contract Tower,7,6,2,2,17,0,5,1,0,6,7,11,3,2,23,0,0,0,23
12/22/2022,VCV,CA,AWP,WE,Federal Contract Tower,5,5,2,7,19,2,19,8,2,31,7,24,10,9,50,8,4,12,62
12/23/2022,VCV,CA,AWP,WE,Federal Contract Tower,1,0,3,0,4,0,7,6,0,13,1,7,9,0,17,0,0,0,17
12/24/2022,VCV,CA,AWP,WE,Federal Contract Tower,0,0,0,0,0,0,9,4,0,13,0,9,4,0,13,0,0,0,13
12/25/2022,VCV,CA,AWP,WE,Federal Contract Tower,2,0,0,0,2,0,7,2,0,9,2,7,2,0,11,0,0,0,11
12/26/2022,VCV,CA,AWP,WE,Federal Contract Tower,1,0,0,0,1,0,4,10,0,14,1,4,10,0,15,6,0,6,21
12/27/2022,VCV,CA,AWP,WE,Federal Contract Tower,0,0,0,2,2,1,2,2,2,7,1,2,2,4,9,0,0,0,9
12/28/2022,VCV,CA,AWP,WE,Federal Contract Tower,2,16,0,4,22,0,5,7,0,12,2,21,7,4,34,3,0,3,37
12/29/2022,VCV,CA,AWP,WE,Federal Contract Tower,1,0,2,0,3,0,10,0,0,10,1,10,2,0,13,0,0,0,13
12/30/2022,VCV,CA,AWP,WE,Federal Contract Tower,1,0,4,0,5,0,0,1,0,1,1,0,5,0,6,0,0,0,6
12/31/2022,VCV,CA,AWP,WE,Federal Contract Tower,1,0,0,0,1,0,3,2,0,5,1,3,2,0,6,0,0,0,6
01/01/2023,VCV,CA,AWP,WE,Federal Contract Tower,1,0,0,0,1,0,5,3,0,8,1,5,3,0,9,0,0,0,9
01/02/2023,VCV,CA,AWP,WE,Federal Contract Tower,2,0,3,0,5,0,7,6,0,13,2,7,9,0,18,0,0,0,18
01/03/2023,VCV,CA,AWP,WE,Federal Contract Tower,3,0,2,0,5,2,2,4,0,8,5,2,6,0,13,18,0,18,31
01/04/2023,VCV,CA,AWP,WE,Federal Contract Tower,0,0,2,4,6,0,8,2,7,17,0,8,4,11,23,4,24,28,51
01/05/2023,VCV,CA,AWP,WE,Federal Contract Tower,2,0,0,4,6,0,5,0,0,5,2,5,0,4,11,0,0,0,11
01/06/2023,VCV,CA,AWP,WE,Federal Contract Tower,1,6,0,0,7,0,17,5,0,22,1,23,5,0,29,16,0,16,45
01/07/2023,VCV,CA,AWP,WE,Federal Contract Tower,0,0,3,0,3,0,13,6,0,19,0,13,9,0,22,10,0,10,32
01/08/2023,VCV,CA,AWP,WE,Federal Contract Tower,1,0,1,0,2,0,6,5,0,11,1,6,6,0,13,8,0,8,21
01/09/2023,VCV,CA,AWP,WE,Federal Contract Tower,8,3,0,0,11,0,0,8,2,10,8,3,8,2,21,0,24,24,45
01/10/2023,VCV,CA,AWP,WE,Federal Contract Tower,5,2,0,0,7,0,0,0,4,4,5,2,0,4,11,0,0,0,11
01/11/2023,VCV,CA,AWP,WE,Federal Contract Tower,3,9,2,4,18,0,8,7,6,21,3,17,9,10,39,0,8,8,47
01/12/2023,VCV,CA,AWP,WE,Federal Contract Tower,3,0,1,4,8,0,9,8,4,21,3,9,9,8,29,25,0,25,54
01/13/2023,VCV,CA,AWP,WE,Federal Contract Tower,1,4,0,7,12,0,9,4,1,14,1,13,4,8,26,12,4,16,42
01/14/2023,VCV,CA,AWP,WE,Federal Contract Tower,5,0,0,0,5,6,6,2,0,14,11,6,2,0,19,28,0,28,47
01/15/2023,VCV,CA,AWP,WE,Federal Contract Tower,1,4,0,0,5,0,10,6,0,16,1,14,6,0,21,18,0,18,39
01/16/2023,VCV,CA,AWP,WE,Federal Contract Tower,2,0,0,0,2,0,0,3,0,3,2,0,3,0,5,0,0,0,5
01/17/2023,VCV,CA,AWP,WE,Federal Contract Tower,4,5,0,0,9,0,0,22,11,33,4,5,22,11,42,10,0,10,52
01/18/2023,VCV,CA,AWP,WE,Federal Contract Tower,1,2,0,0,3,0,7,7,2,16,1,9,7,2,19,0,13,13,32
01/19/2023,VCV,CA,AWP,WE,Federal Contract Tower,1,2,2,0,5,0,5,0,0,5,1,7,2,0,10,5,0,5,15
01/20/2023,VCV,CA,AWP,WE,Federal Contract Tower,2,2,2,2,8,0,6,6,0,12,2,8,8,2,20,0,4,4,24
01/21/2023,VCV,CA,AWP,WE,Federal Contract Tower,3,0,0,0,3,0,12,7,0,19,3,12,7,0,22,10,0,10,32
01/22/2023,VCV,CA,AWP,WE,Federal Contract Tower,0,0,0,0,0,0,12,2,0,14,0,12,2,0,14,0,0,0,14
01/23/2023,VCV,CA,AWP,WE,Federal Contract Tower,2,0,2,1,5,1,2,2,2,7,3,2,4,3,12,20,0,20,32
01/24/2023,VCV,CA,AWP,WE,Federal Contract Tower,0,6,1,4,11,0,6,8,3,17,0,12,9,7,28,16,16,32,60
01/25/2023,VCV,CA,AWP,WE,Federal Contract Tower,0,6,1,5,12,0,9,11,2,22,0,15,12,7,34,4,8,12,46
01/26/2023,VCV,CA,AWP,WE,Federal Contract Tower,0,4,2,0,6,0,5,2,0,7,0,9,4,0,13,0,6,6,19
01/27/2023,VCV,CA,AWP,WE,Federal Contract Tower,1,0,0,0,1,0,3,9,2,14,1,3,9,2,15,12,0,12,27
01/28/2023,VCV,CA,AWP,WE,Federal Contract Tower,1,0,0,0,1,0,5,14,0,19,1,5,14,0,20,2,0,2,22
01/29/2023,VCV,CA,AWP,WE,Federal Contract Tower,1,1,0,0,2,0,5,0,0,5,1,6,0,0,7,0,0,0,7
01/30/2023,VCV,CA,AWP,WE,Federal Contract Tower,3,0,0,0,3,0,0,2,3,5,3,0,2,3,8,6,0,6,14
01/31/2023,VCV,CA,AWP,WE,Federal Contract Tower,0,2,0,1,3,0,6,11,8,25,0,8,11,9,28,6,14,20,48
02/01/2023,VCV,CA,AWP,WE,Federal Contract Tower,0,8,3,0,11,0,2,7,0,9,0,10,10,0,20,0,0,0,20
02/02/2023,VCV,CA,AWP,WE,Federal Contract Tower,2,4,0,2,8,0,5,11,4,20,2,9,11,6,28,15,0,15,43
02/03/2023,VCV,CA,AWP,WE,Federal Contract Tower,0,5,3,2,10,0,5,5,0,10,0,10,8,2,20,0,0,0,20
02/04/2023,VCV,CA,AWP,WE,Federal Contract Tower,4,1,0,0,5,1,7,5,0,13,5,8,5,0,18,2,0,2,20
02/05/2023,VCV,CA,AWP,WE,Federal Contract Tower,2,1,0,0,3,0,2,3,0,5,2,3,3,0,8,2,0,2,10
02/06/2023,VCV,CA,AWP,WE,Federal Contract Tower,3,4,1,0,8,0,4,8,0,12,3,8,9,0,20,0,0,0,20
02/07/2023,VCV,CA,AWP,WE,Federal Contract Tower,0,7,2,3,12,0,9,10,0,19,0,16,12,3,31,6,0,6,37
02/08/2023,VCV,CA,AWP,WE,Federal Contract Tower,2,6,3,1,12,0,1,16,0,17,2,7,19,1,29,10,2,12,41
02/09/2023,VCV,CA,AWP,WE,Federal Contract Tower,4,2,0,0,6,1,8,17,0,26,5,10,17,0,32,2,2,4,36
02/10/2023,VCV,CA,AWP,WE,Federal Contract Tower,2,1,0,6,9,0,8,15,3,26,2,9,15,9,35,18,0,18,53
02/11/2023,VCV,CA,AWP,WE,Federal Contract Tower,5,0,0,0,5,0,5,8,1,14,5,5,8,1,19,2,6,8,27
02/12/2023,VCV,CA,AWP,WE,Federal Contract Tower,0,2,0,0,2,0,5,1,0,6,0,7,1,0,8,0,0,0,8
02/13/2023,VCV,CA,AWP,WE,Federal Contract Tower,1,0,0,1,2,0,4,4,0,8,1,4,4,1,10,0,12,12,22
02/14/2023,VCV,CA,AWP,WE,Federal Contract Tower,1,0,3,3,7,0,0,0,0,0,1,0,3,3,7,0,0,0,7
02/15/2023,VCV,CA,AWP,WE,Federal Contract Tower,3,6,0,3,12,0,6,8,3,17,3,12,8,6,29,8,4,12,41
02/16/2023,VCV,CA,AWP,WE,Federal Contract Tower,2,2,1,1,6,0,3,13,4,20,2,5,14,5,26,0,12,12,38
02/17/2023,VCV,CA,AWP,WE,Federal Contract Tower,2,0,2,0,4,0,9,7,0,16,2,9,9,0,20,0,0,0,20
02/18/2023,VCV,CA,AWP,WE,Federal Contract Tower,1,0,1,1,3,0,10,14,0,24,1,10,15,1,27,8,0,8,35
02/19/2023,VCV,CA,AWP,WE,Federal Contract Tower,0,0,2,1,3,0,2,13,0,15,0,2,15,1,18,6,0,6,24
02/20/2023,VCV,CA,AWP,WE,Federal Contract Tower,4,3,0,0,7,0,3,8,1,12,4,6,8,1,19,4,0,4,23
02/21/2023,VCV,CA,AWP,WE,Federal Contract Tower,3,0,2,3,8,3,3,4,0,10,6,3,6,3,18,0,0,0,18
02/22/2023,VCV,CA,AWP,WE,Federal Contract Tower,2,0,0,0,2,0,0,2,0,2,2,0,2,0,4,0,0,0,4
02/23/2023,VCV,CA,AWP,WE,Federal Contract Tower,1,0,0,2,3,0,2,2,0,4,1,2,2,2,7,0,0,0,7
02/24/2023,VCV,CA,AWP,WE,Federal Contract Tower,1,2,0,1,4,0,0,0,0,0,1,2,0,1,4,0,0,0,4
02/25/2023,VCV,CA,AWP,WE,Federal Contract Tower,0,0,0,0,0,0,0,0,0,0,0,0,0,0,0,0,0,0,0
02/26/2023,VCV,CA,AWP,WE,Federal Contract Tower,0,0,0,0,0,0,7,0,0,7,0,7,0,0,7,8,0,8,15
02/27/2023,VCV,CA,AWP,WE,Federal Contract Tower,4,1,0,0,5,0,6,2,7,15,4,7,2,7,20,6,14,20,40
02/28/2023,VCV,CA,AWP,WE,Federal Contract Tower,2,6,0,0,8,0,1,4,1,6,2,7,4,1,14,2,0,2,16
03/01/2023,VCV,CA,AWP,WE,Federal Contract Tower,2,4,0,0,6,0,3,0,0,3,2,7,0,0,9,0,0,0,9
03/02/2023,VCV,CA,AWP,WE,Federal Contract Tower,3,4,2,2,11,0,14,23,2,39,3,18,25,4,50,42,6,48,98
03/03/2023,VCV,CA,AWP,WE,Federal Contract Tower,2,1,3,0,6,0,16,17,6,39,2,17,20,6,45,18,0,18,63
03/04/2023,VCV,CA,AWP,WE,Federal Contract Tower,0,2,0,0,2,2,1,3,0,6,2,3,3,0,8,0,0,0,8
03/05/2023,VCV,CA,AWP,WE,Federal Contract Tower,1,0,0,0,1,0,4,0,0,4,1,4,0,0,5,0,0,0,5
03/06/2023,VCV,CA,AWP,WE,Federal Contract Tower,2,0,1,0,3,0,6,13,0,19,2,6,14,0,22,0,0,0,22
03/07/2023,VCV,CA,AWP,WE,Federal Contract Tower,3,4,0,5,12,1,3,15,8,27,4,7,15,13,39,4,34,38,77
03/08/2023,VCV,CA,AWP,WE,Federal Contract Tower,2,5,0,4,11,11,7,15,6,39,13,12,15,10,50,0,30,30,80
03/09/2023,VCV,CA,AWP,WE,Federal Contract Tower,2,1,0,0,3,4,3,17,0,24,6,4,17,0,27,14,0,14,41
03/10/2023,VCV,CA,AWP,WE,Federal Contract Tower,3,0,0,0,3,0,2,0,1,3,3,2,0,1,6,0,0,0,6
03/11/2023,VCV,CA,AWP,WE,Federal Contract Tower,4,2,0,0,6,0,0,6,12,18,4,2,6,12,24,0,18,18,42
03/12/2023,VCV,CA,AWP,WE,Federal Contract Tower,1,0,0,0,1,0,4,0,8,12,1,4,0,8,13,0,4,4,17
03/13/2023,VCV,CA,AWP,WE,Federal Contract Tower,0,0,0,6,6,0,4,9,11,24,0,4,9,17,30,8,16,24,54
03/14/2023,VCV,CA,AWP,WE,Federal Contract Tower,6,6,0,1,13,0,0,1,0,1,6,6,1,1,14,0,0,0,14
03/15/2023,VCV,CA,AWP,WE,Federal Contract Tower,4,2,0,0,6,0,0,2,0,2,4,2,2,0,8,0,0,0,8
03/16/2023,VCV,CA,AWP,WE,Federal Contract Tower,8,1,2,0,11,0,13,12,0,25,8,14,14,0,36,6,0,6,42
03/17/2023,VCV,CA,AWP,WE,Federal Contract Tower,5,0,2,0,7,0,9,9,1,19,5,9,11,1,26,24,28,52,78
03/18/2023,VCV,CA,AWP,WE,Federal Contract Tower,4,0,2,0,6,0,1,11,4,16,4,1,13,4,22,10,12,22,44
03/19/2023,VCV,CA,AWP,WE,Federal Contract Tower,2,0,0,0,2,0,0,9,0,9,2,0,9,0,11,0,0,0,11
03/20/2023,VCV,CA,AWP,WE,Federal Contract Tower,2,2,2,0,6,0,1,5,1,7,2,3,7,1,13,0,0,0,13
03/21/2023,VCV,CA,AWP,WE,Federal Contract Tower,1,2,0,0,3,0,2,2,0,4,1,4,2,0,7,0,0,0,7
03/22/2023,VCV,CA,AWP,WE,Federal Contract Tower,2,7,0,2,11,0,4,0,0,4,2,11,0,2,15,4,0,4,19
03/23/2023,VCV,CA,AWP,WE,Federal Contract Tower,0,3,3,0,6,0,3,5,0,8,0,6,8,0,14,10,0,10,24
03/24/2023,VCV,CA,AWP,WE,Federal Contract Tower,3,0,0,0,3,0,11,7,0,18,3,11,7,0,21,0,0,0,21
03/25/2023,VCV,CA,AWP,WE,Federal Contract Tower,2,3,1,0,6,0,11,7,0,18,2,14,8,0,24,8,6,14,38
03/26/2023,VCV,CA,AWP,WE,Federal Contract Tower,6,0,0,0,6,0,6,0,2,8,6,6,0,2,14,0,0,0,14
03/27/2023,VCV,CA,AWP,WE,Federal Contract Tower,2,0,0,2,4,0,10,10,4,24,2,10,10,6,28,6,0,6,34
03/28/2023,VCV,CA,AWP,WE,Federal Contract Tower,1,2,2,0,5,0,16,11,26,53,1,18,13,26,58,12,0,12,70
03/29/2023,VCV,CA,AWP,WE,Federal Contract Tower,1,3,0,4,8,0,1,0,1,2,1,4,0,5,10,0,0,0,10
03/30/2023,VCV,CA,AWP,WE,Federal Contract Tower,2,2,0,0,4,0,4,1,5,10,2,6,1,5,14,16,2,18,32
03/31/2023,VCV,CA,AWP,WE,Federal Contract Tower,2,1,11,16,30,0,13,13,3,29,2,14,24,19,59,2,4,6,65
04/01/2023,VCV,CA,AWP,WE,Federal Contract Tower,1,2,0,0,3,0,5,5,2,12,1,7,5,2,15,10,0,10,25
04/02/2023,VCV,CA,AWP,WE,Federal Contract Tower,9,1,0,1,11,0,2,9,2,13,9,3,9,3,24,14,6,20,44
04/03/2023,VCV,CA,AWP,WE,Federal Contract Tower,3,0,0,0,3,0,1,5,0,6,3,1,5,0,9,0,0,0,9
04/04/2023,VCV,CA,AWP,WE,Federal Contract Tower,0,4,0,0,4,0,11,10,5,26,0,15,10,5,30,0,8,8,38
04/05/2023,VCV,CA,AWP,WE,Federal Contract Tower,0,3,0,1,4,0,4,5,4,13,0,7,5,5,17,6,4,10,27
04/06/2023,VCV,CA,AWP,WE,Federal Contract Tower,4,0,3,0,7,0,3,7,3,13,4,3,10,3,20,6,14,20,40
04/07/2023,VCV,CA,AWP,WE,Federal Contract Tower,0,0,0,0,0,0,5,7,6,18,0,5,7,6,18,8,10,18,36
04/08/2023,VCV,CA,AWP,WE,Federal Contract Tower,2,0,0,4,6,0,4,5,7,16,2,4,5,11,22,10,0,10,32
04/09/2023,VCV,CA,AWP,WE,Federal Contract Tower,0,0,1,0,1,0,1,5,0,6,0,1,6,0,7,2,0,2,9
04/10/2023,VCV,CA,AWP,WE,Federal Contract Tower,1,0,2,0,3,0,10,14,0,24,1,10,16,0,27,7,0,7,34
04/11/2023,VCV,CA,AWP,WE,Federal Contract Tower,1,1,0,8,10,0,4,8,3,15,1,5,8,11,25,26,46,72,97
04/12/2023,VCV,CA,AWP,WE,Federal Contract Tower,2,6,0,8,16,0,6,4,29,39,2,12,4,37,55,6,6,12,67
04/13/2023,VCV,CA,AWP,WE,Federal Contract Tower,4,4,0,2,10,0,15,6,2,23,4,19,6,4,33,14,0,14,47
04/14/2023,VCV,CA,AWP,WE,Federal Contract Tower,5,2,0,0,7,0,10,6,0,16,5,12,6,0,23,6,0,6,29
04/15/2023,VCV,CA,AWP,WE,Federal Contract Tower,0,0,4,0,4,0,2,11,0,13,0,2,15,0,17,2,0,2,19
04/16/2023,VCV,CA,AWP,WE,Federal Contract Tower,0,0,0,0,0,0,6,7,0,13,0,6,7,0,13,0,0,0,13
04/17/2023,VCV,CA,AWP,WE,Federal Contract Tower,3,4,2,2,11,0,6,8,1,15,3,10,10,3,26,16,0,16,42
04/18/2023,VCV,CA,AWP,WE,Federal Contract Tower,3,1,0,0,4,0,6,4,2,12,3,7,4,2,16,4,8,12,28
04/19/2023,VCV,CA,AWP,WE,Federal Contract Tower,1,2,1,0,4,0,7,2,1,10,1,9,3,1,14,0,8,8,22
04/20/2023,VCV,CA,AWP,WE,Federal Contract Tower,7,0,0,0,7,9,3,14,0,26,16,3,14,0,33,26,14,40,73
04/21/2023,VCV,CA,AWP,WE,Federal Contract Tower,1,0,1,2,4,14,5,9,0,28,15,5,10,2,32,2,12,14,46
04/22/2023,VCV,CA,AWP,WE,Federal Contract Tower,2,0,1,0,3,5,8,5,0,18,7,8,6,0,21,32,0,32,53
04/23/2023,VCV,CA,AWP,WE,Federal Contract Tower,2,0,1,0,3,0,6,30,0,36,2,6,31,0,39,4,0,4,43
04/24/2023,VCV,CA,AWP,WE,Federal Contract Tower,1,0,0,2,3,1,3,5,4,13,2,3,5,6,16,2,2,4,20
04/25/2023,VCV,CA,AWP,WE,Federal Contract Tower,5,1,1,2,9,0,4,9,13,26,5,5,10,15,35,18,18,36,71
04/26/2023,VCV,CA,AWP,WE,Federal Contract Tower,1,0,0,0,1,1,4,15,2,22,2,4,15,2,23,0,0,0,23
04/27/2023,VCV,CA,AWP,WE,Federal Contract Tower,4,0,4,4,12,1,3,7,0,11,5,3,11,4,23,38,0,38,61
04/28/2023,VCV,CA,AWP,WE,Federal Contract Tower,4,0,2,0,6,0,5,3,0,8,4,5,5,0,14,0,0,0,14
04/29/2023,VCV,CA,AWP,WE,Federal Contract Tower,2,0,0,0,2,0,5,8,0,13,2,5,8,0,15,22,0,22,37
04/30/2023,VCV,CA,AWP,WE,Federal Contract Tower,1,0,0,2,3,0,5,6,0,11,1,5,6,2,14,14,0,14,28
05/01/2023,VCV,CA,AWP,WE,Federal Contract Tower,1,0,1,1,3,0,7,5,8,20,1,7,6,9,23,8,0,8,31
05/02/2023,VCV,CA,AWP,WE,Federal Contract Tower,3,1,0,2,6,4,2,4,6,16,7,3,4,8,22,8,0,8,30
05/03/2023,VCV,CA,AWP,WE,Federal Contract Tower,1,2,1,11,15,0,4,5,27,36,1,6,6,38,51,0,0,0,51
05/04/2023,VCV,CA,AWP,WE,Federal Contract Tower,0,0,0,2,2,0,2,0,2,4,0,2,0,4,6,0,0,0,6
05/05/2023,VCV,CA,AWP,WE,Federal Contract Tower,5,0,0,0,5,6,6,5,0,17,11,6,5,0,22,0,0,0,22
05/06/2023,VCV,CA,AWP,WE,Federal Contract Tower,2,4,1,0,7,10,3,14,6,33,12,7,15,6,40,6,0,6,46
05/07/2023,VCV,CA,AWP,WE,Federal Contract Tower,0,1,0,0,1,0,8,2,0,10,0,9,2,0,11,4,0,4,15
05/08/2023,VCV,CA,AWP,WE,Federal Contract Tower,0,0,0,2,2,6,2,9,1,18,6,2,9,3,20,10,0,10,30
05/09/2023,VCV,CA,AWP,WE,Federal Contract Tower,4,2,0,0,6,0,6,4,2,12,4,8,4,2,18,6,0,6,24
05/10/2023,VCV,CA,AWP,WE,Federal Contract Tower,9,2,0,0,11,0,4,2,6,12,9,6,2,6,23,0,0,0,23
05/11/2023,VCV,CA,AWP,WE,Federal Contract Tower,1,2,10,1,14,0,4,6,0,10,1,6,16,1,24,30,0,30,54
05/12/2023,VCV,CA,AWP,WE,Federal Contract Tower,3,5,3,0,11,1,8,16,0,25,4,13,19,0,36,18,0,18,54
05/13/2023,VCV,CA,AWP,WE,Federal Contract Tower,5,0,4,1,10,0,3,9,6,18,5,3,13,7,28,4,8,12,40
05/14/2023,VCV,CA,AWP,WE,Federal Contract Tower,1,0,1,0,2,0,7,3,4,14,1,7,4,4,16,6,0,6,22
05/15/2023,VCV,CA,AWP,WE,Federal Contract Tower,3,3,3,2,11,0,5,15,21,41,3,8,18,23,52,8,0,8,60
05/16/2023,VCV,CA,AWP,WE,Federal Contract Tower,4,2,1,2,9,2,6,18,9,35,6,8,19,11,44,4,16,20,64
05/17/2023,VCV,CA,AWP,WE,Federal Contract Tower,4,3,3,0,10,0,6,1,0,7,4,9,4,0,17,0,0,0,17
05/18/2023,VCV,CA,AWP,WE,Federal Contract Tower,6,0,2,0,8,0,3,5,6,14,6,3,7,6,22,0,6,6,28
05/19/2023,VCV,CA,AWP,WE,Federal Contract Tower,3,3,3,0,9,0,2,5,4,11,3,5,8,4,20,0,14,14,34
05/20/2023,VCV,CA,AWP,WE,Federal Contract Tower,3,0,1,0,4,8,2,10,0,20,11,2,11,0,24,0,0,0,24
05/21/2023,VCV,CA,AWP,WE,Federal Contract Tower,0,0,2,0,2,0,4,5,8,17,0,4,7,8,19,20,0,20,39
05/22/2023,VCV,CA,AWP,WE,Federal Contract Tower,6,5,0,0,11,0,8,7,0,15,6,13,7,0,26,4,0,4,30
05/23/2023,VCV,CA,AWP,WE,Federal Contract Tower,2,2,3,1,8,0,2,3,8,13,2,4,6,9,21,6,30,36,57
05/24/2023,VCV,CA,AWP,WE,Federal Contract Tower,1,2,1,0,4,0,41,16,0,57,1,43,17,0,61,0,0,0,61
05/25/2023,VCV,CA,AWP,WE,Federal Contract Tower,3,0,1,0,4,0,2,6,0,8,3,2,7,0,12,8,6,14,26
05/26/2023,VCV,CA,AWP,WE,Federal Contract Tower,8,0,5,0,13,0,3,7,0,10,8,3,12,0,23,4,20,24,47
05/27/2023,VCV,CA,AWP,WE,Federal Contract Tower,3,5,0,0,8,0,8,13,0,21,3,13,13,0,29,2,0,2,31
05/28/2023,VCV,CA,AWP,WE,Federal Contract Tower,0,0,3,0,3,0,5,5,0,10,0,5,8,0,13,0,0,0,13
05/29/2023,VCV,CA,AWP,WE,Federal Contract Tower,1,0,0,0,1,0,7,4,0,11,1,7,4,0,12,4,0,4,16
05/30/2023,VCV,CA,AWP,WE,Federal Contract Tower,5,0,3,2,10,0,7,7,0,14,5,7,10,2,24,2,20,22,46
05/31/2023,VCV,CA,AWP,WE,Federal Contract Tower,3,1,5,0,9,0,11,5,7,23,3,12,10,7,32,4,6,10,42
06/01/2023,VCV,CA,AWP,WE,Federal Contract Tower,2,1,1,0,4,0,15,7,0,22,2,16,8,0,26,14,16,30,56
06/02/2023,VCV,CA,AWP,WE,Federal Contract Tower,2,3,1,0,6,0,1,8,0,9,2,4,9,0,15,8,0,8,23
06/03/2023,VCV,CA,AWP,WE,Federal Contract Tower,0,0,0,0,0,0,0,7,0,7,0,0,7,0,7,0,0,0,7
06/04/2023,VCV,CA,AWP,WE,Federal Contract Tower,1,0,0,0,1,0,5,1,0,6,1,5,1,0,7,2,0,2,9
06/05/2023,VCV,CA,AWP,WE,Federal Contract Tower,2,0,0,0,2,1,11,2,4,18,3,11,2,4,20,16,8,24,44
06/06/2023,VCV,CA,AWP,WE,Federal Contract Tower,3,4,1,1,9,0,6,3,1,10,3,10,4,2,19,14,0,14,33
06/07/2023,VCV,CA,AWP,WE,Federal Contract Tower,1,3,2,0,6,0,5,15,4,24,1,8,17,4,30,8,6,14,44
06/08/2023,VCV,CA,AWP,WE,Federal Contract Tower,0,3,0,2,5,0,7,8,9,24,0,10,8,11,29,14,18,32,61
06/09/2023,VCV,CA,AWP,WE,Federal Contract Tower,2,0,1,0,3,0,4,6,7,17,2,4,7,7,20,4,10,14,34
06/10/2023,VCV,CA,AWP,WE,Federal Contract Tower,2,0,1,4,7,0,4,13,13,30,2,4,14,17,37,10,8,18,55
06/11/2023,VCV,CA,AWP,WE,Federal Contract Tower,0,0,2,0,2,0,2,2,0,4,0,2,4,0,6,2,0,2,8
06/12/2023,VCV,CA,AWP,WE,Federal Contract Tower,0,3,0,1,4,0,4,3,2,9,0,7,3,3,13,0,6,6,19
06/13/2023,VCV,CA,AWP,WE,Federal Contract Tower,4,3,0,0,7,0,5,2,3,10,4,8,2,3,17,0,0,0,17
06/14/2023,VCV,CA,AWP,WE,Federal Contract Tower,3,1,3,1,8,0,2,4,5,11,3,3,7,6,19,5,34,39,58
06/15/2023,VCV,CA,AWP,WE,Federal Contract Tower,1,0,1,7,9,0,5,9,2,16,1,5,10,9,25,4,12,16,41
06/16/2023,VCV,CA,AWP,WE,Federal Contract Tower,2,6,0,0,8,0,5,1,0,6,2,11,1,0,14,10,0,10,24
06/17/2023,VCV,CA,AWP,WE,Federal Contract Tower,0,0,0,0,0,0,2,2,0,4,0,2,2,0,4,2,0,2,6
06/18/2023,VCV,CA,AWP,WE,Federal Contract Tower,2,0,1,0,3,0,7,7,0,14,2,7,8,0,17,6,0,6,23
06/19/2023,VCV,CA,AWP,WE,Federal Contract Tower,1,1,1,1,4,0,8,5,0,13,1,9,6,1,17,0,6,6,23
06/20/2023,VCV,CA,AWP,WE,Federal Contract Tower,3,3,3,0,9,0,5,5,3,13,3,8,8,3,22,0,31,31,53
06/21/2023,VCV,CA,AWP,WE,Federal Contract Tower,2,0,0,10,12,0,4,6,0,10,2,4,6,10,22,4,0,4,26
06/22/2023,VCV,CA,AWP,WE,Federal Contract Tower,1,2,0,0,3,0,0,6,0,6,1,2,6,0,9,6,0,6,15
06/23/2023,VCV,CA,AWP,WE,Federal Contract Tower,2,0,0,0,2,0,6,4,2,12,2,6,4,2,14,12,0,12,26
06/24/2023,VCV,CA,AWP,WE,Federal Contract Tower,0,1,1,0,2,0,3,9,1,13,0,4,10,1,15,12,2,14,29
06/25/2023,VCV,CA,AWP,WE,Federal Contract Tower,0,0,0,0,0,1,13,2,1,17,1,13,2,1,17,4,0,4,21
06/26/2023,VCV,CA,AWP,WE,Federal Contract Tower,2,0,3,0,5,0,6,6,8,20,2,6,9,8,25,22,14,36,61
06/27/2023,VCV,CA,AWP,WE,Federal Contract Tower,3,1,0,11,15,0,8,6,16,30,3,9,6,27,45,10,16,26,71
06/28/2023,VCV,CA,AWP,WE,Federal Contract Tower,2,0,0,0,2,0,7,6,8,21,2,7,6,8,23,8,0,8,31
06/29/2023,VCV,CA,AWP,WE,Federal Contract Tower,2,5,3,2,12,0,5,2,0,7,2,10,5,2,19,8,0,8,27
06/30/2023,VCV,CA,AWP,WE,Federal Contract Tower,1,0,0,1,2,0,5,6,5,16,1,5,6,6,18,0,0,0,18
07/01/2023,VCV,CA,AWP,WE,Federal Contract Tower,1,0,0,0,1,0,7,7,0,14,1,7,7,0,15,0,0,0,15
07/02/2023,VCV,CA,AWP,WE,Federal Contract Tower,0,0,0,0,0,0,6,2,0,8,0,6,2,0,8,0,0,0,8
07/03/2023,VCV,CA,AWP,WE,Federal Contract Tower,0,0,0,0,0,0,3,1,0,4,0,3,1,0,4,0,0,0,4
07/04/2023,VCV,CA,AWP,WE,Federal Contract Tower,0,0,0,0,0,0,1,2,0,3,0,1,2,0,3,0,0,0,3
07/05/2023,VCV,CA,AWP,WE,Federal Contract Tower,1,0,3,2,6,0,2,9,4,15,1,2,12,6,21,0,0,0,21
07/06/2023,VCV,CA,AWP,WE,Federal Contract Tower,1,3,3,3,10,0,7,2,6,15,1,10,5,9,25,14,6,20,45
07/07/2023,VCV,CA,AWP,WE,Federal Contract Tower,3,0,2,2,7,2,2,4,2,10,5,2,6,4,17,12,16,28,45
07/08/2023,VCV,CA,AWP,WE,Federal Contract Tower,6,0,0,0,6,0,1,3,0,4,6,1,3,0,10,6,0,6,16
07/09/2023,VCV,CA,AWP,WE,Federal Contract Tower,2,0,0,0,2,1,6,8,0,15,3,6,8,0,17,0,0,0,17
07/10/2023,VCV,CA,AWP,WE,Federal Contract Tower,0,2,0,0,2,0,9,0,0,9,0,11,0,0,11,0,0,0,11
07/11/2023,VCV,CA,AWP,WE,Federal Contract Tower,0,1,2,2,5,0,5,8,6,19,0,6,10,8,24,8,0,8,32
07/12/2023,VCV,CA,AWP,WE,Federal Contract Tower,2,1,0,0,3,0,10,3,0,13,2,11,3,0,16,6,0,6,22
07/13/2023,VCV,CA,AWP,WE,Federal Contract Tower,1,3,1,0,5,0,10,6,0,16,1,13,7,0,21,8,0,8,29
07/14/2023,VCV,CA,AWP,WE,Federal Contract Tower,4,0,0,1,5,0,7,16,13,36,4,7,16,14,41,0,8,8,49
07/15/2023,VCV,CA,AWP,WE,Federal Contract Tower,0,0,0,0,0,0,5,1,0,6,0,5,1,0,6,6,0,6,12
07/16/2023,VCV,CA,AWP,WE,Federal Contract Tower,1,0,0,0,1,0,4,1,0,5,1,4,1,0,6,8,0,8,14
07/17/2023,VCV,CA,AWP,WE,Federal Contract Tower,2,0,1,2,5,0,0,8,8,16,2,0,9,10,21,6,0,6,27
07/18/2023,VCV,CA,AWP,WE,Federal Contract Tower,2,1,0,0,3,0,7,2,2,11,2,8,2,2,14,0,0,0,14
07/19/2023,VCV,CA,AWP,WE,Federal Contract Tower,0,1,0,3,4,0,8,11,8,27,0,9,11,11,31,6,2,8,39
07/20/2023,VCV,CA,AWP,WE,Federal Contract Tower,0,1,4,0,5,0,5,1,4,10,0,6,5,4,15,0,0,0,15
07/21/2023,VCV,CA,AWP,WE,Federal Contract Tower,2,0,1,0,3,0,2,4,3,9,2,2,5,3,12,12,0,12,24
07/22/2023,VCV,CA,AWP,WE,Federal Contract Tower,1,0,2,0,3,0,2,0,0,2,1,2,2,0,5,0,0,0,5
07/23/2023,VCV,CA,AWP,WE,Federal Contract Tower,1,0,1,0,2,0,5,6,0,11,1,5,7,0,13,0,0,0,13
07/24/2023,VCV,CA,AWP,WE,Federal Contract Tower,0,0,5,0,5,0,6,6,0,12,0,6,11,0,17,14,0,14,31
07/25/2023,VCV,CA,AWP,WE,Federal Contract Tower,1,1,0,2,4,0,5,12,3,20,1,6,12,5,24,12,36,48,72
07/26/2023,VCV,CA,AWP,WE,Federal Contract Tower,0,4,0,2,6,0,6,2,0,8,0,10,2,2,14,0,0,0,14
07/27/2023,VCV,CA,AWP,WE,Federal Contract Tower,1,1,1,0,3,0,3,3,0,6,1,4,4,0,9,0,0,0,9
07/28/2023,VCV,CA,AWP,WE,Federal Contract Tower,3,0,1,0,4,0,8,6,0,14,3,8,7,0,18,0,0,0,18
07/29/2023,VCV,CA,AWP,WE,Federal Contract Tower,1,4,0,0,5,0,6,5,0,11,1,10,5,0,16,0,0,0,16
07/30/2023,VCV,CA,AWP,WE,Federal Contract Tower,1,0,0,0,1,0,8,4,0,12,1,8,4,0,13,8,0,8,21
07/31/2023,VCV,CA,AWP,WE,Federal Contract Tower,2,0,0,0,2,0,4,2,0,6,2,4,2,0,8,0,0,0,8
08/01/2023,VCV,CA,AWP,WE,Federal Contract Tower,2,3,0,0,5,0,7,3,0,10,2,10,3,0,15,0,0,0,15
08/02/2023,VCV,CA,AWP,WE,Federal Contract Tower,1,1,3,2,7,0,5,10,0,15,1,6,13,2,22,4,0,4,26
08/03/2023,VCV,CA,AWP,WE,Federal Contract Tower,1,0,0,0,1,0,2,9,0,11,1,2,9,0,12,2,0,2,14
08/04/2023,VCV,CA,AWP,WE,Federal Contract Tower,4,0,0,0,4,0,4,6,3,13,4,4,6,3,17,14,0,14,31
08/06/2023,VCV,CA,AWP,WE,Federal Contract Tower,2,0,1,1,4,1,6,9,19,35,3,6,10,20,39,6,26,32,71
08/07/2023,VCV,CA,AWP,WE,Federal Contract Tower,0,2,0,0,2,0,2,6,0,8,0,4,6,0,10,2,0,2,12
08/08/2023,VCV,CA,AWP,WE,Federal Contract Tower,2,5,1,0,8,0,6,7,0,13,2,11,8,0,21,4,0,4,25
08/09/2023,VCV,CA,AWP,WE,Federal Contract Tower,1,4,2,2,9,0,7,22,0,29,1,11,24,2,38,16,20,36,74
08/11/2023,VCV,CA,AWP,WE,Federal Contract Tower,3,0,1,0,4,0,13,1,1,15,3,13,2,1,19,0,0,0,19
08/12/2023,VCV,CA,AWP,WE,Federal Contract Tower,0,1,0,0,1,0,12,5,0,17,0,13,5,0,18,0,0,0,18
08/13/2023,VCV,CA,AWP,WE,Federal Contract Tower,0,0,0,0,0,0,2,3,0,5,0,2,3,0,5,0,0,0,5
08/14/2023,VCV,CA,AWP,WE,Federal Contract Tower,0,0,1,2,3,0,3,8,0,11,0,3,9,2,14,18,0,18,32
08/15/2023,VCV,CA,AWP,WE,Federal Contract Tower,2,7,0,0,9,1,5,10,2,18,3,12,10,2,27,0,0,0,27
08/16/2023,VCV,CA,AWP,WE,Federal Contract Tower,1,3,0,0,4,0,11,9,0,20,1,14,9,0,24,4,0,4,28
08/17/2023,VCV,CA,AWP,WE,Federal Contract Tower,0,0,0,7,7,0,7,22,1,30,0,7,22,8,37,8,16,24,61
08/18/2023,VCV,CA,AWP,WE,Federal Contract Tower,1,2,0,0,3,0,4,1,6,11,1,6,1,6,14,10,0,10,24
08/19/2023,VCV,CA,AWP,WE,Federal Contract Tower,1,11,0,1,13,0,3,0,0,3,1,14,0,1,16,0,0,0,16
08/20/2023,VCV,CA,AWP,WE,Federal Contract Tower,0,0,0,0,0,0,0,0,0,0,0,0,0,0,0,0,0,0,0
08/21/2023,VCV,CA,AWP,WE,Federal Contract Tower,1,0,2,3,6,0,6,4,0,10,1,6,6,3,16,0,0,0,16
08/23/2023,VCV,CA,AWP,WE,Federal Contract Tower,0,4,0,0,4,0,3,9,0,12,0,7,9,0,16,14,0,14,30
08/24/2023,VCV,CA,AWP,WE,Federal Contract Tower,3,2,0,0,5,2,11,12,8,33,5,13,12,8,38,6,4,10,48
08/25/2023,VCV,CA,AWP,WE,Federal Contract Tower,2,1,0,3,6,0,6,3,7,16,2,7,3,10,22,0,0,0,22
08/26/2023,VCV,CA,AWP,WE,Federal Contract Tower,2,0,2,0,4,0,8,10,2,20,2,8,12,2,24,8,0,8,32
08/27/2023,VCV,CA,AWP,WE,Federal Contract Tower,1,0,1,0,2,0,10,8,0,18,1,10,9,0,20,36,0,36,56
08/28/2023,VCV,CA,AWP,WE,Federal Contract Tower,1,2,0,1,4,0,6,5,1,12,1,8,5,2,16,6,8,14,30
08/29/2023,VCV,CA,AWP,WE,Federal Contract Tower,7,1,0,0,8,0,6,14,8,28,7,7,14,8,36,16,14,30,66
08/30/2023,VCV,CA,AWP,WE,Federal Contract Tower,5,3,0,0,8,0,6,2,0,8,5,9,2,0,16,0,0,0,16
08/31/2023,VCV,CA,AWP,WE,Federal Contract Tower,3,0,1,4,8,0,13,5,8,26,3,13,6,12,34,8,24,32,66
01/01/2020,VCV,CA,AWP,WE,Federal Contract Tower,0,0,0,0,0,0,11,1,0,12,0,11,1,0,12,26,0,26,38
01/02/2020,VCV,CA,AWP,WE,Federal Contract Tower,0,4,0,0,4,0,6,12,0,18,0,10,12,0,22,56,0,56,78
01/03/2020,VCV,CA,AWP,WE,Federal Contract Tower,8,0,0,0,8,0,7,21,2,30,8,7,21,2,38,66,6,72,110
01/04/2020,VCV,CA,AWP,WE,Federal Contract Tower,0,0,0,0,0,0,12,11,0,23,0,12,11,0,23,44,0,44,67
01/05/2020,VCV,CA,AWP,WE,Federal Contract Tower,0,0,1,0,1,0,9,7,0,16,0,9,8,0,17,32,0,32,49
01/06/2020,VCV,CA,AWP,WE,Federal Contract Tower,5,1,2,2,10,0,10,9,0,19,5,11,11,2,29,2,32,34,63
01/07/2020,VCV,CA,AWP,WE,Federal Contract Tower,1,1,0,1,3,0,8,11,4,23,1,9,11,5,26,22,21,43,69
01/08/2020,VCV,CA,AWP,WE,Federal Contract Tower,0,2,1,2,5,0,12,35,9,56,0,14,36,11,61,46,38,84,145
01/09/2020,VCV,CA,AWP,WE,Federal Contract Tower,5,0,0,4,9,0,13,13,2,28,5,13,13,6,37,30,14,44,81
01/10/2020,VCV,CA,AWP,WE,Federal Contract Tower,3,0,2,0,5,1,7,20,3,31,4,7,22,3,36,66,22,88,124
01/11/2020,VCV,CA,AWP,WE,Federal Contract Tower,1,0,0,2,3,0,13,22,0,35,1,13,22,2,38,40,18,58,96
01/12/2020,VCV,CA,AWP,WE,Federal Contract Tower,1,0,0,0,1,0,13,12,0,25,1,13,12,0,26,52,0,52,78
01/13/2020,VCV,CA,AWP,WE,Federal Contract Tower,0,0,0,0,0,0,2,10,0,12,0,2,10,0,12,20,0,20,32
01/14/2020,VCV,CA,AWP,WE,Federal Contract Tower,2,3,2,2,9,0,4,24,0,28,2,7,26,2,37,10,22,32,69
01/15/2020,VCV,CA,AWP,WE,Federal Contract Tower,0,2,3,3,8,0,13,18,2,33,0,15,21,5,41,0,20,20,61
01/16/2020,VCV,CA,AWP,WE,Federal Contract Tower,3,0,0,4,7,0,11,17,9,37,3,11,17,13,44,44,44,88,132
01/17/2020,VCV,CA,AWP,WE,Federal Contract Tower,0,0,1,1,2,0,2,16,6,24,0,2,17,7,26,58,12,70,96
01/18/2020,VCV,CA,AWP,WE,Federal Contract Tower,0,0,0,0,0,0,20,18,8,46,0,20,18,8,46,22,0,22,68
01/19/2020,VCV,CA,AWP,WE,Federal Contract Tower,0,0,0,0,0,0,9,19,0,28,0,9,19,0,28,50,0,50,78
01/20/2020,VCV,CA,AWP,WE,Federal Contract Tower,0,0,3,0,3,0,10,10,6,26,0,10,13,6,29,18,6,24,53
01/21/2020,VCV,CA,AWP,WE,Federal Contract Tower,0,4,3,6,13,0,5,19,13,37,0,9,22,19,50,54,20,74,124
01/22/2020,VCV,CA,AWP,WE,Federal Contract Tower,7,6,0,0,13,0,12,9,6,27,7,18,9,6,40,6,2,8,48
01/23/2020,VCV,CA,AWP,WE,Federal Contract Tower,2,2,7,4,15,0,13,44,9,66,2,15,51,13,81,46,12,58,139
01/24/2020,VCV,CA,AWP,WE,Federal Contract Tower,6,1,5,3,15,0,9,37,4,50,6,10,42,7,65,64,32,96,161
01/25/2020,VCV,CA,AWP,WE,Federal Contract Tower,1,0,3,3,7,0,15,9,1,25,1,15,12,4,32,42,4,46,78
01/26/2020,VCV,CA,AWP,WE,Federal Contract Tower,0,1,0,4,5,0,6,6,3,15,0,7,6,7,20,36,14,50,70
01/27/2020,VCV,CA,AWP,WE,Federal Contract Tower,3,0,2,0,5,1,4,4,8,17,4,4,6,8,22,0,28,28,50
01/28/2020,VCV,CA,AWP,WE,Federal Contract Tower,6,2,4,0,12,0,8,18,2,28,6,10,22,2,40,8,4,12,52
01/29/2020,VCV,CA,AWP,WE,Federal Contract Tower,1,8,0,6,15,0,0,8,6,14,1,8,8,12,29,6,16,22,51
01/30/2020,VCV,CA,AWP,WE,Federal Contract Tower,1,1,4,4,10,6,10,21,11,48,7,11,25,15,58,32,10,42,100
01/31/2020,VCV,CA,AWP,WE,Federal Contract Tower,3,0,4,0,7,0,11,43,4,58,3,11,47,4,65,38,10,48,113
02/01/2020,VCV,CA,AWP,WE,Federal Contract Tower,1,0,1,0,2,0,6,15,0,21,1,6,16,0,23,76,0,76,99
02/02/2020,VCV,CA,AWP,WE,Federal Contract Tower,1,0,0,0,1,0,5,17,0,22,1,5,17,0,23,32,4,36,59
02/03/2020,VCV,CA,AWP,WE,Federal Contract Tower,2,0,0,0,2,0,2,9,5,16,2,2,9,5,18,20,28,48,66
02/04/2020,VCV,CA,AWP,WE,Federal Contract Tower,4,4,0,0,8,1,8,2,2,13,5,12,2,2,21,0,12,12,33
02/05/2020,VCV,CA,AWP,WE,Federal Contract Tower,1,6,1,4,12,0,0,21,9,30,1,6,22,13,42,50,20,70,112
02/06/2020,VCV,CA,AWP,WE,Federal Contract Tower,6,0,5,11,22,0,4,30,12,46,6,4,35,23,68,26,26,52,120
02/07/2020,VCV,CA,AWP,WE,Federal Contract Tower,3,1,2,1,7,2,12,11,11,36,5,13,13,12,43,36,12,48,91
02/08/2020,VCV,CA,AWP,WE,Federal Contract Tower,1,0,0,0,1,0,16,11,0,27,1,16,11,0,28,22,0,22,50
02/09/2020,VCV,CA,AWP,WE,Federal Contract Tower,0,0,3,0,3,0,6,1,0,7,0,6,4,0,10,0,0,0,10
02/10/2020,VCV,CA,AWP,WE,Federal Contract Tower,0,0,1,0,1,0,11,5,2,18,0,11,6,2,19,4,16,20,39
02/11/2020,VCV,CA,AWP,WE,Federal Contract Tower,3,7,1,0,11,1,11,4,0,16,4,18,5,0,27,32,0,32,59
02/12/2020,VCV,CA,AWP,WE,Federal Contract Tower,3,5,8,4,20,0,21,9,12,42,3,26,17,16,62,22,10,32,94
02/13/2020,VCV,CA,AWP,WE,Federal Contract Tower,5,10,11,0,26,1,3,42,6,52,6,13,53,6,78,24,38,62,140
02/14/2020,VCV,CA,AWP,WE,Federal Contract Tower,7,1,1,0,9,0,16,18,0,34,7,17,19,0,43,28,0,28,71
02/15/2020,VCV,CA,AWP,WE,Federal Contract Tower,3,0,2,0,5,0,8,10,0,18,3,8,12,0,23,16,0,16,39
02/16/2020,VCV,CA,AWP,WE,Federal Contract Tower,0,2,0,0,2,0,8,10,2,20,0,10,10,2,22,6,0,6,28
02/17/2020,VCV,CA,AWP,WE,Federal Contract Tower,2,2,1,0,5,0,6,4,4,14,2,8,5,4,19,2,0,2,21
02/18/2020,VCV,CA,AWP,WE,Federal Contract Tower,4,16,1,5,26,0,29,8,12,49,4,45,9,17,75,6,2,8,83
02/19/2020,VCV,CA,AWP,WE,Federal Contract Tower,4,7,2,2,15,0,16,8,8,32,4,23,10,10,47,6,20,26,73
02/20/2020,VCV,CA,AWP,WE,Federal Contract Tower,2,3,0,4,9,0,11,23,11,45,2,14,23,15,54,30,40,70,124
02/21/2020,VCV,CA,AWP,WE,Federal Contract Tower,2,0,0,2,4,0,12,31,3,46,2,12,31,5,50,58,10,68,118
02/22/2020,VCV,CA,AWP,WE,Federal Contract Tower,0,0,0,0,0,0,10,3,3,16,0,10,3,3,16,26,12,38,54
02/23/2020,VCV,CA,AWP,WE,Federal Contract Tower,1,0,2,0,3,0,14,9,8,31,1,14,11,8,34,76,0,76,110
02/24/2020,VCV,CA,AWP,WE,Federal Contract Tower,2,7,2,0,11,0,4,30,7,41,2,11,32,7,52,36,38,74,126
02/25/2020,VCV,CA,AWP,WE,Federal Contract Tower,4,4,3,0,11,0,11,7,2,20,4,15,10,2,31,12,4,16,47
02/26/2020,VCV,CA,AWP,WE,Federal Contract Tower,0,0,2,2,4,0,5,11,4,20,0,5,13,6,24,0,16,16,40
02/27/2020,VCV,CA,AWP,WE,Federal Contract Tower,3,0,0,0,3,0,5,12,0,17,3,5,12,0,20,38,0,38,58
02/28/2020,VCV,CA,AWP,WE,Federal Contract Tower,1,1,2,2,6,0,8,13,1,22,1,9,15,3,28,32,14,46,74
02/29/2020,VCV,CA,AWP,WE,Federal Contract Tower,4,0,6,1,11,0,10,14,5,29,4,10,20,6,40,36,20,56,96
03/01/2020,VCV,CA,AWP,WE,Federal Contract Tower,1,0,0,1,2,0,6,1,1,8,1,6,1,2,10,0,0,0,10
03/02/2020,VCV,CA,AWP,WE,Federal Contract Tower,1,0,2,3,6,0,3,11,7,21,1,3,13,10,27,0,8,8,35
03/03/2020,VCV,CA,AWP,WE,Federal Contract Tower,2,5,2,0,9,0,8,14,2,24,2,13,16,2,33,42,14,56,89
03/04/2020,VCV,CA,AWP,WE,Federal Contract Tower,5,2,2,2,11,0,17,16,10,43,5,19,18,12,54,54,14,68,122
03/05/2020,VCV,CA,AWP,WE,Federal Contract Tower,3,0,4,0,7,0,15,30,4,49,3,15,34,4,56,56,18,74,130
03/06/2020,VCV,CA,AWP,WE,Federal Contract Tower,2,0,2,0,4,0,13,32,5,50,2,13,34,5,54,56,36,92,146
03/07/2020,VCV,CA,AWP,WE,Federal Contract Tower,0,0,0,0,0,0,9,9,2,20,0,9,9,2,20,28,0,28,48
03/08/2020,VCV,CA,AWP,WE,Federal Contract Tower,3,0,1,2,6,0,6,14,0,20,3,6,15,2,26,36,34,70,96
03/09/2020,VCV,CA,AWP,WE,Federal Contract Tower,3,0,0,5,8,1,4,6,16,27,4,4,6,21,35,0,20,20,55
03/10/2020,VCV,CA,AWP,WE,Federal Contract Tower,3,6,0,3,12,0,4,2,0,6,3,10,2,3,18,0,10,10,28
03/11/2020,VCV,CA,AWP,WE,Federal Contract Tower,3,6,1,0,10,0,9,5,0,14,3,15,6,0,24,30,0,30,54
03/12/2020,VCV,CA,AWP,WE,Federal Contract Tower,1,0,0,1,2,0,1,1,2,4,1,1,1,3,6,0,0,0,6
03/13/2020,VCV,CA,AWP,WE,Federal Contract Tower,2,0,1,0,3,0,3,2,6,11,2,3,3,6,14,0,0,0,14
03/14/2020,VCV,CA,AWP,WE,Federal Contract Tower,1,1,0,0,2,0,5,2,1,8,1,6,2,1,10,0,0,0,10
03/15/2020,VCV,CA,AWP,WE,Federal Contract Tower,0,0,0,0,0,0,2,0,0,2,0,2,0,0,2,0,0,0,2
03/16/2020,VCV,CA,AWP,WE,Federal Contract Tower,0,0,2,0,2,0,5,0,2,7,0,5,2,2,9,0,0,0,9
03/17/2020,VCV,CA,AWP,WE,Federal Contract Tower,2,0,0,2,4,0,2,5,5,12,2,2,5,7,16,0,4,4,20
03/18/2020,VCV,CA,AWP,WE,Federal Contract Tower,1,0,2,3,6,0,4,13,3,20,1,4,15,6,26,4,4,8,34
03/19/2020,VCV,CA,AWP,WE,Federal Contract Tower,3,0,0,0,3,0,3,10,2,15,3,3,10,2,18,20,10,30,48
03/20/2020,VCV,CA,AWP,WE,Federal Contract Tower,15,1,0,0,16,0,4,23,3,30,15,5,23,3,46,22,26,48,94
03/21/2020,VCV,CA,AWP,WE,Federal Contract Tower,26,0,1,0,27,0,9,10,0,19,26,9,11,0,46,42,0,42,88
03/22/2020,VCV,CA,AWP,WE,Federal Contract Tower,32,0,0,0,32,0,3,1,10,14,32,3,1,10,46,0,32,32,78
03/23/2020,VCV,CA,AWP,WE,Federal Contract Tower,18,0,3,0,21,0,2,3,0,5,18,2,6,0,26,18,0,18,44
03/24/2020,VCV,CA,AWP,WE,Federal Contract Tower,30,2,0,10,42,0,5,6,7,18,30,7,6,17,60,10,28,38,98
03/25/2020,VCV,CA,AWP,WE,Federal Contract Tower,9,2,0,5,16,0,8,8,10,26,9,10,8,15,42,50,16,66,108
03/26/2020,VCV,CA,AWP,WE,Federal Contract Tower,12,0,3,2,17,0,7,9,7,23,12,7,12,9,40,42,18,60,100
03/27/2020,VCV,CA,AWP,WE,Federal Contract Tower,9,0,0,2,11,0,10,17,2,29,9,10,17,4,40,58,6,64,104
03/28/2020,VCV,CA,AWP,WE,Federal Contract Tower,10,0,0,0,10,0,4,20,5,29,10,4,20,5,39,18,38,56,95
03/29/2020,VCV,CA,AWP,WE,Federal Contract Tower,6,0,2,1,9,0,5,10,2,17,6,5,12,3,26,36,8,44,70
03/30/2020,VCV,CA,AWP,WE,Federal Contract Tower,8,0,2,2,12,0,1,10,2,13,8,1,12,4,25,26,8,34,59
03/31/2020,VCV,CA,AWP,WE,Federal Contract Tower,7,0,0,1,8,0,4,16,0,20,7,4,16,1,28,4,0,4,32
04/01/2020,VCV,CA,AWP,WE,Federal Contract Tower,1,0,3,0,4,0,2,8,9,19,1,2,11,9,23,2,2,4,27
04/02/2020,VCV,CA,AWP,WE,Federal Contract Tower,4,2,2,0,8,1,5,9,3,18,5,7,11,3,26,62,18,80,106
04/03/2020,VCV,CA,AWP,WE,Federal Contract Tower,0,2,0,0,2,0,4,22,2,28,0,6,22,2,30,60,20,80,110
04/04/2020,VCV,CA,AWP,WE,Federal Contract Tower,1,0,1,0,2,0,10,18,2,30,1,10,19,2,32,78,22,100,132
04/05/2020,VCV,CA,AWP,WE,Federal Contract Tower,0,0,0,0,0,0,6,7,1,14,0,6,7,1,14,48,6,54,68
04/06/2020,VCV,CA,AWP,WE,Federal Contract Tower,1,0,2,0,3,0,0,0,0,0,1,0,2,0,3,0,0,0,3
04/07/2020,VCV,CA,AWP,WE,Federal Contract Tower,1,4,0,0,5,0,0,0,0,0,1,4,0,0,5,0,0,0,5
04/08/2020,VCV,CA,AWP,WE,Federal Contract Tower,2,0,0,0,2,0,2,1,0,3,2,2,1,0,5,0,0,0,5
04/09/2020,VCV,CA,AWP,WE,Federal Contract Tower,0,1,1,2,4,0,5,7,0,12,0,6,8,2,16,30,0,30,46
04/10/2020,VCV,CA,AWP,WE,Federal Contract Tower,3,0,0,0,3,0,4,7,0,11,3,4,7,0,14,38,0,38,52
04/11/2020,VCV,CA,AWP,WE,Federal Contract Tower,0,0,3,0,3,0,10,29,0,39,0,10,32,0,42,92,0,92,134
04/12/2020,VCV,CA,AWP,WE,Federal Contract Tower,0,4,2,0,6,0,6,8,0,14,0,10,10,0,20,56,0,56,76
04/13/2020,VCV,CA,AWP,WE,Federal Contract Tower,0,0,2,2,4,0,6,7,1,14,0,6,9,3,18,62,0,62,80
04/14/2020,VCV,CA,AWP,WE,Federal Contract Tower,4,2,2,1,9,0,5,12,0,17,4,7,14,1,26,16,0,16,42
04/15/2020,VCV,CA,AWP,WE,Federal Contract Tower,0,0,6,7,13,1,6,20,4,31,1,6,26,11,44,12,16,28,72
04/16/2020,VCV,CA,AWP,WE,Federal Contract Tower,0,0,5,0,5,0,5,26,11,42,0,5,31,11,47,56,55,111,158
04/17/2020,VCV,CA,AWP,WE,Federal Contract Tower,1,0,0,4,5,0,3,14,0,17,1,3,14,4,22,60,4,64,86
04/18/2020,VCV,CA,AWP,WE,Federal Contract Tower,3,0,8,0,11,0,4,7,0,11,3,4,15,0,22,68,0,68,90
04/19/2020,VCV,CA,AWP,WE,Federal Contract Tower,0,0,0,0,0,0,5,15,0,20,0,5,15,0,20,54,0,54,74
04/20/2020,VCV,CA,AWP,WE,Federal Contract Tower,0,0,2,0,2,0,9,10,0,19,0,9,12,0,21,34,0,34,55
04/21/2020,VCV,CA,AWP,WE,Federal Contract Tower,6,6,1,1,14,1,24,12,3,40,7,30,13,4,54,20,8,28,82
04/22/2020,VCV,CA,AWP,WE,Federal Contract Tower,2,2,0,3,7,0,2,33,4,39,2,4,33,7,46,6,0,6,52
04/23/2020,VCV,CA,AWP,WE,Federal Contract Tower,0,2,2,3,7,0,4,18,7,29,0,6,20,10,36,6,20,26,62
04/24/2020,VCV,CA,AWP,WE,Federal Contract Tower,2,0,0,3,5,0,2,35,2,39,2,2,35,5,44,58,6,64,108
04/25/2020,VCV,CA,AWP,WE,Federal Contract Tower,0,0,2,0,2,0,7,33,0,40,0,7,35,0,42,18,0,18,60
04/26/2020,VCV,CA,AWP,WE,Federal Contract Tower,1,0,3,0,4,0,2,16,0,18,1,2,19,0,22,0,0,0,22
04/27/2020,VCV,CA,AWP,WE,Federal Contract Tower,3,2,0,5,10,0,13,13,7,33,3,15,13,12,43,38,0,38,81
04/28/2020,VCV,CA,AWP,WE,Federal Contract Tower,2,2,1,5,10,0,5,26,29,60,2,7,27,34,70,72,10,82,152
04/29/2020,VCV,CA,AWP,WE,Federal Contract Tower,2,0,4,4,10,5,8,22,0,35,7,8,26,4,45,8,10,18,63
04/30/2020,VCV,CA,AWP,WE,Federal Contract Tower,0,4,4,2,10,0,8,8,3,19,0,12,12,5,29,12,10,22,51
05/01/2020,VCV,CA,AWP,WE,Federal Contract Tower,1,0,1,5,7,0,13,8,5,26,1,13,9,10,33,10,2,12,45
05/02/2020,VCV,CA,AWP,WE,Federal Contract Tower,0,0,0,0,0,0,4,18,0,22,0,4,18,0,22,46,0,46,68
05/03/2020,VCV,CA,AWP,WE,Federal Contract Tower,0,0,0,0,0,0,7,19,0,26,0,7,19,0,26,48,0,48,74
05/04/2020,VCV,CA,AWP,WE,Federal Contract Tower,1,0,6,0,7,0,4,18,7,29,1,4,24,7,36,56,4,60,96
05/05/2020,VCV,CA,AWP,WE,Federal Contract Tower,2,2,2,0,6,0,11,13,2,26,2,13,15,2,32,22,8,30,62
05/06/2020,VCV,CA,AWP,WE,Federal Contract Tower,0,5,4,9,18,0,3,33,11,47,0,8,37,20,65,40,10,50,115
05/07/2020,VCV,CA,AWP,WE,Federal Contract Tower,4,2,0,0,6,0,8,18,24,50,4,10,18,24,56,48,0,48,104
05/08/2020,VCV,CA,AWP,WE,Federal Contract Tower,0,0,1,0,1,0,6,35,2,43,0,6,36,2,44,50,8,58,102
05/09/2020,VCV,CA,AWP,WE,Federal Contract Tower,0,0,0,0,0,0,9,37,0,46,0,9,37,0,46,62,0,62,108
05/10/2020,VCV,CA,AWP,WE,Federal Contract Tower,0,0,1,0,1,0,3,4,0,7,0,3,5,0,8,14,0,14,22
05/11/2020,VCV,CA,AWP,WE,Federal Contract Tower,1,0,2,0,3,0,10,18,3,31,1,10,20,3,34,28,26,54,88
05/12/2020,VCV,CA,AWP,WE,Federal Contract Tower,5,6,3,0,14,0,1,10,6,17,5,7,13,6,31,0,0,0,31
05/13/2020,VCV,CA,AWP,WE,Federal Contract Tower,0,0,1,8,9,0,3,16,5,24,0,3,17,13,33,0,4,4,37
05/14/2020,VCV,CA,AWP,WE,Federal Contract Tower,4,1,0,0,5,0,7,12,4,23,4,8,12,4,28,18,2,20,48
05/15/2020,VCV,CA,AWP,WE,Federal Contract Tower,1,1,2,2,6,0,5,25,2,32,1,6,27,4,38,48,10,58,96
05/16/2020,VCV,CA,AWP,WE,Federal Contract Tower,0,0,1,0,1,0,10,25,0,35,0,10,26,0,36,48,0,48,84
05/17/2020,VCV,CA,AWP,WE,Federal Contract Tower,0,0,1,0,1,0,12,19,0,31,0,12,20,0,32,42,0,42,74
05/18/2020,VCV,CA,AWP,WE,Federal Contract Tower,1,2,0,0,3,0,14,16,1,31,1,16,16,1,34,44,8,52,86
05/19/2020,VCV,CA,AWP,WE,Federal Contract Tower,3,2,0,0,5,0,7,5,2,14,3,9,5,2,19,0,4,4,23
05/20/2020,VCV,CA,AWP,WE,Federal Contract Tower,0,2,2,0,4,0,5,27,5,37,0,7,29,5,41,32,0,32,73
05/21/2020,VCV,CA,AWP,WE,Federal Contract Tower,0,3,2,4,9,0,23,16,2,41,0,26,18,6,50,20,0,20,70
05/22/2020,VCV,CA,AWP,WE,Federal Contract Tower,0,2,2,0,4,0,6,30,0,36,0,8,32,0,40,76,0,76,116
05/23/2020,VCV,CA,AWP,WE,Federal Contract Tower,0,0,0,0,0,0,14,32,0,46,0,14,32,0,46,56,0,56,102
05/24/2020,VCV,CA,AWP,WE,Federal Contract Tower,0,0,0,1,1,0,6,17,0,23,0,6,17,1,24,60,0,60,84
05/25/2020,VCV,CA,AWP,WE,Federal Contract Tower,0,0,0,0,0,0,13,19,0,32,0,13,19,0,32,58,0,58,90
05/26/2020,VCV,CA,AWP,WE,Federal Contract Tower,2,2,3,3,10,0,5,12,3,20,2,7,15,6,30,6,4,10,40
05/27/2020,VCV,CA,AWP,WE,Federal Contract Tower,0,3,2,4,9,0,11,8,8,27,0,14,10,12,36,28,0,28,64
05/28/2020,VCV,CA,AWP,WE,Federal Contract Tower,0,0,0,0,0,0,3,12,0,15,0,3,12,0,15,2,0,2,17
05/29/2020,VCV,CA,AWP,WE,Federal Contract Tower,0,4,0,0,4,0,16,8,0,24,0,20,8,0,28,36,0,36,64
05/30/2020,VCV,CA,AWP,WE,Federal Contract Tower,0,0,0,0,0,0,12,16,0,28,0,12,16,0,28,68,0,68,96
05/31/2020,VCV,CA,AWP,WE,Federal Contract Tower,1,0,0,0,1,0,19,26,0,45,1,19,26,0,46,56,0,56,102
06/01/2020,VCV,CA,AWP,WE,Federal Contract Tower,3,3,2,1,9,0,16,5,1,22,3,19,7,2,31,2,0,2,33
06/02/2020,VCV,CA,AWP,WE,Federal Contract Tower,2,3,0,2,7,0,4,9,5,18,2,7,9,7,25,0,0,0,25
06/03/2020,VCV,CA,AWP,WE,Federal Contract Tower,0,5,1,2,8,0,8,6,2,16,0,13,7,4,24,4,8,12,36
06/04/2020,VCV,CA,AWP,WE,Federal Contract Tower,3,2,9,0,14,0,4,11,8,23,3,6,20,8,37,0,12,12,49
06/05/2020,VCV,CA,AWP,WE,Federal Contract Tower,0,1,0,0,1,0,6,7,0,13,0,7,7,0,14,14,0,14,28
06/06/2020,VCV,CA,AWP,WE,Federal Contract Tower,0,0,0,0,0,0,5,11,0,16,0,5,11,0,16,38,0,38,54
06/07/2020,VCV,CA,AWP,WE,Federal Contract Tower,0,0,0,0,0,0,16,2,0,18,0,16,2,0,18,0,0,0,18
06/08/2020,VCV,CA,AWP,WE,Federal Contract Tower,0,0,2,0,2,0,3,7,2,12,0,3,9,2,14,16,12,28,42
06/09/2020,VCV,CA,AWP,WE,Federal Contract Tower,2,4,0,0,6,0,3,9,0,12,2,7,9,0,18,28,0,28,46
06/10/2020,VCV,CA,AWP,WE,Federal Contract Tower,0,2,3,4,9,0,6,5,5,16,0,8,8,9,25,4,26,30,55
06/11/2020,VCV,CA,AWP,WE,Federal Contract Tower,0,1,2,0,3,0,8,9,0,17,0,9,11,0,20,6,0,6,26
06/12/2020,VCV,CA,AWP,WE,Federal Contract Tower,0,0,1,0,1,0,13,18,0,31,0,13,19,0,32,36,0,36,68
06/13/2020,VCV,CA,AWP,WE,Federal Contract Tower,1,0,7,0,8,0,7,20,0,27,1,7,27,0,35,32,0,32,67
06/14/2020,VCV,CA,AWP,WE,Federal Contract Tower,0,0,0,0,0,0,11,15,0,26,0,11,15,0,26,62,0,62,88
06/15/2020,VCV,CA,AWP,WE,Federal Contract Tower,3,2,0,0,5,3,7,15,4,29,6,9,15,4,34,18,10,28,62
06/16/2020,VCV,CA,AWP,WE,Federal Contract Tower,3,2,3,3,11,0,10,17,6,33,3,12,20,9,44,44,12,56,100
06/17/2020,VCV,CA,AWP,WE,Federal Contract Tower,3,8,4,0,15,0,4,17,2,23,3,12,21,2,38,4,0,4,42
06/18/2020,VCV,CA,AWP,WE,Federal Contract Tower,0,2,1,3,6,0,5,11,12,28,0,7,12,15,34,8,2,10,44
06/19/2020,VCV,CA,AWP,WE,Federal Contract Tower,0,0,6,0,6,0,14,25,1,40,0,14,31,1,46,36,6,42,88
06/20/2020,VCV,CA,AWP,WE,Federal Contract Tower,0,0,2,0,2,0,6,16,0,22,0,6,18,0,24,32,0,32,56
06/21/2020,VCV,CA,AWP,WE,Federal Contract Tower,0,0,3,0,3,0,7,14,0,21,0,7,17,0,24,48,0,48,72
06/22/2020,VCV,CA,AWP,WE,Federal Contract Tower,0,0,0,1,1,0,8,26,1,35,0,8,26,2,36,20,8,28,64
06/23/2020,VCV,CA,AWP,WE,Federal Contract Tower,4,2,2,0,8,0,11,14,3,28,4,13,16,3,36,22,0,22,58
06/24/2020,VCV,CA,AWP,WE,Federal Contract Tower,2,8,6,6,22,1,12,23,12,48,3,20,29,18,70,0,6,6,76
06/25/2020,VCV,CA,AWP,WE,Federal Contract Tower,3,8,1,2,14,0,11,16,10,37,3,19,17,12,51,8,8,16,67
06/26/2020,VCV,CA,AWP,WE,Federal Contract Tower,4,0,4,0,8,0,9,23,2,34,4,9,27,2,42,34,14,48,90
06/27/2020,VCV,CA,AWP,WE,Federal Contract Tower,1,0,0,0,1,0,16,25,0,41,1,16,25,0,42,44,0,44,86
06/28/2020,VCV,CA,AWP,WE,Federal Contract Tower,1,0,0,0,1,0,8,3,0,11,1,8,3,0,12,0,0,0,12
06/29/2020,VCV,CA,AWP,WE,Federal Contract Tower,1,0,0,0,1,0,13,6,2,21,1,13,6,2,22,22,12,34,56
06/30/2020,VCV,CA,AWP,WE,Federal Contract Tower,5,3,1,0,9,0,12,10,0,22,5,15,11,0,31,22,0,22,53
07/01/2020,VCV,CA,AWP,WE,Federal Contract Tower,2,0,1,0,3,0,3,10,0,13,2,3,11,0,16,0,0,0,16
07/02/2020,VCV,CA,AWP,WE,Federal Contract Tower,5,1,2,1,9,0,7,6,3,16,5,8,8,4,25,10,0,10,35
07/03/2020,VCV,CA,AWP,WE,Federal Contract Tower,0,0,0,0,0,0,10,20,0,30,0,10,20,0,30,40,0,40,70
07/04/2020,VCV,CA,AWP,WE,Federal Contract Tower,0,0,0,0,0,0,14,8,0,22,0,14,8,0,22,14,0,14,36
07/05/2020,VCV,CA,AWP,WE,Federal Contract Tower,1,0,0,0,1,0,11,12,0,23,1,11,12,0,24,56,0,56,80
07/06/2020,VCV,CA,AWP,WE,Federal Contract Tower,2,0,0,5,7,0,6,7,0,13,2,6,7,5,20,14,0,14,34
07/07/2020,VCV,CA,AWP,WE,Federal Contract Tower,4,3,5,1,13,0,9,7,3,19,4,12,12,4,32,8,0,8,40
07/08/2020,VCV,CA,AWP,WE,Federal Contract Tower,2,2,6,1,11,0,10,11,0,21,2,12,17,1,32,0,0,0,32
07/09/2020,VCV,CA,AWP,WE,Federal Contract Tower,0,1,4,2,7,4,4,21,4,33,4,5,25,6,40,12,8,20,60
07/10/2020,VCV,CA,AWP,WE,Federal Contract Tower,2,0,4,2,8,0,9,20,9,38,2,9,24,11,46,20,56,76,122
07/11/2020,VCV,CA,AWP,WE,Federal Contract Tower,0,0,0,0,0,0,9,17,2,28,0,9,17,2,28,32,22,54,82
07/12/2020,VCV,CA,AWP,WE,Federal Contract Tower,0,0,2,0,2,0,9,21,2,32,0,9,23,2,34,44,32,76,110
07/13/2020,VCV,CA,AWP,WE,Federal Contract Tower,1,1,0,0,2,0,11,13,3,27,1,12,13,3,29,6,20,26,55
07/14/2020,VCV,CA,AWP,WE,Federal Contract Tower,4,0,2,0,6,0,0,10,4,14,4,0,12,4,20,74,0,74,94
07/15/2020,VCV,CA,AWP,WE,Federal Contract Tower,6,4,0,1,11,1,9,7,0,17,7,13,7,1,28,0,0,0,28
07/16/2020,VCV,CA,AWP,WE,Federal Contract Tower,2,2,5,2,11,0,2,11,2,15,2,4,16,4,26,4,0,4,30
07/17/2020,VCV,CA,AWP,WE,Federal Contract Tower,2,0,4,0,6,0,5,21,2,28,2,5,25,2,34,36,18,54,88
07/18/2020,VCV,CA,AWP,WE,Federal Contract Tower,1,0,2,0,3,0,14,21,0,35,1,14,23,0,38,40,0,40,78
07/19/2020,VCV,CA,AWP,WE,Federal Contract Tower,0,0,0,0,0,0,14,24,0,38,0,14,24,0,38,72,0,72,110
07/20/2020,VCV,CA,AWP,WE,Federal Contract Tower,5,0,1,0,6,0,11,9,2,22,5,11,10,2,28,20,20,40,68
07/21/2020,VCV,CA,AWP,WE,Federal Contract Tower,4,2,1,1,8,0,10,10,10,30,4,12,11,11,38,2,36,38,76
07/22/2020,VCV,CA,AWP,WE,Federal Contract Tower,5,1,1,0,7,0,5,8,0,13,5,6,9,0,20,16,0,16,36
07/23/2020,VCV,CA,AWP,WE,Federal Contract Tower,9,3,1,2,15,2,14,10,4,30,11,17,11,6,45,14,0,14,59
07/24/2020,VCV,CA,AWP,WE,Federal Contract Tower,4,0,2,0,6,0,10,27,1,38,4,10,29,1,44,36,0,36,80
07/25/2020,VCV,CA,AWP,WE,Federal Contract Tower,0,0,2,1,3,0,10,21,8,39,0,10,23,9,42,20,14,34,76
07/26/2020,VCV,CA,AWP,WE,Federal Contract Tower,1,0,0,0,1,0,7,18,0,25,1,7,18,0,26,66,0,66,92
07/27/2020,VCV,CA,AWP,WE,Federal Contract Tower,4,0,2,0,6,0,8,23,1,32,4,8,25,1,38,50,0,50,88
07/28/2020,VCV,CA,AWP,WE,Federal Contract Tower,2,3,0,0,5,0,8,16,4,28,2,11,16,4,33,14,2,16,49
07/29/2020,VCV,CA,AWP,WE,Federal Contract Tower,3,2,4,2,11,0,4,21,4,29,3,6,25,6,40,4,0,4,44
07/30/2020,VCV,CA,AWP,WE,Federal Contract Tower,6,3,9,0,18,0,5,23,0,28,6,8,32,0,46,18,0,18,64
07/31/2020,VCV,CA,AWP,WE,Federal Contract Tower,0,0,1,1,2,0,4,18,4,26,0,4,19,5,28,56,22,78,106
08/01/2020,VCV,CA,AWP,WE,Federal Contract Tower,2,1,2,0,5,0,12,21,0,33,2,13,23,0,38,74,0,74,112
08/02/2020,VCV,CA,AWP,WE,Federal Contract Tower,0,0,0,0,0,0,9,17,0,26,0,9,17,0,26,52,0,52,78
08/03/2020,VCV,CA,AWP,WE,Federal Contract Tower,2,0,0,0,2,0,6,10,6,22,2,6,10,6,24,2,0,2,26
08/04/2020,VCV,CA,AWP,WE,Federal Contract Tower,0,2,0,4,6,0,2,10,8,20,0,4,10,12,26,0,4,4,30
08/05/2020,VCV,CA,AWP,WE,Federal Contract Tower,0,1,3,1,5,0,7,14,3,24,0,8,17,4,29,20,12,32,61
08/06/2020,VCV,CA,AWP,WE,Federal Contract Tower,5,5,1,4,15,2,6,18,12,38,7,11,19,16,53,56,40,96,149
08/07/2020,VCV,CA,AWP,WE,Federal Contract Tower,1,0,2,3,6,0,9,25,3,37,1,9,27,6,43,54,12,66,109
08/08/2020,VCV,CA,AWP,WE,Federal Contract Tower,0,0,2,0,2,0,6,15,3,24,0,6,17,3,26,20,30,50,76
08/09/2020,VCV,CA,AWP,WE,Federal Contract Tower,0,0,3,0,3,0,4,13,0,17,0,4,16,0,20,76,0,76,96
08/10/2020,VCV,CA,AWP,WE,Federal Contract Tower,5,0,0,0,5,0,0,13,2,15,5,0,13,2,20,36,22,58,78
08/11/2020,VCV,CA,AWP,WE,Federal Contract Tower,0,6,2,2,10,0,7,4,12,23,0,13,6,14,33,2,4,6,39
08/12/2020,VCV,CA,AWP,WE,Federal Contract Tower,4,0,0,1,5,0,1,12,4,17,4,1,12,5,22,0,4,4,26
08/13/2020,VCV,CA,AWP,WE,Federal Contract Tower,4,2,2,0,8,0,11,6,0,17,4,13,8,0,25,0,0,0,25
08/14/2020,VCV,CA,AWP,WE,Federal Contract Tower,1,0,2,2,5,0,9,23,5,37,1,9,25,7,42,44,8,52,94
08/15/2020,VCV,CA,AWP,WE,Federal Contract Tower,0,0,3,0,3,0,0,23,4,27,0,0,26,4,30,12,0,12,42
08/16/2020,VCV,CA,AWP,WE,Federal Contract Tower,0,0,0,0,0,0,13,19,0,32,0,13,19,0,32,26,0,26,58
08/17/2020,VCV,CA,AWP,WE,Federal Contract Tower,2,5,6,4,17,0,6,4,1,11,2,11,10,5,28,0,0,0,28
08/18/2020,VCV,CA,AWP,WE,Federal Contract Tower,4,2,2,2,10,0,4,9,0,13,4,6,11,2,23,12,22,34,57
08/19/2020,VCV,CA,AWP,WE,Federal Contract Tower,2,0,0,2,4,0,4,2,4,10,2,4,2,6,14,4,0,4,18
08/20/2020,VCV,CA,AWP,WE,Federal Contract Tower,6,2,4,6,18,0,1,0,10,11,6,3,4,16,29,0,0,0,29
08/21/2020,VCV,CA,AWP,WE,Federal Contract Tower,1,0,2,0,3,0,6,5,10,21,1,6,7,10,24,0,0,0,24
08/22/2020,VCV,CA,AWP,WE,Federal Contract Tower,3,0,2,0,5,0,1,6,0,7,3,1,8,0,12,0,0,0,12
08/23/2020,VCV,CA,AWP,WE,Federal Contract Tower,0,0,0,0,0,0,8,14,0,22,0,8,14,0,22,68,0,68,90
08/24/2020,VCV,CA,AWP,WE,Federal Contract Tower,4,2,0,2,8,0,8,8,2,18,4,10,8,4,26,42,20,62,88
08/25/2020,VCV,CA,AWP,WE,Federal Contract Tower,3,5,2,0,10,0,7,3,8,18,3,12,5,8,28,4,20,24,52
08/26/2020,VCV,CA,AWP,WE,Federal Contract Tower,2,3,2,0,7,0,9,4,2,15,2,12,6,2,22,0,2,2,24
08/27/2020,VCV,CA,AWP,WE,Federal Contract Tower,5,1,1,3,10,1,4,16,10,31,6,5,17,13,41,8,26,34,75
08/28/2020,VCV,CA,AWP,WE,Federal Contract Tower,2,1,0,0,3,0,1,19,1,21,2,2,19,1,24,28,6,34,58
08/29/2020,VCV,CA,AWP,WE,Federal Contract Tower,0,0,2,0,2,0,11,15,8,34,0,11,17,8,36,40,26,66,102
08/30/2020,VCV,CA,AWP,WE,Federal Contract Tower,0,0,3,0,3,0,8,33,0,41,0,8,36,0,44,40,0,40,84
08/31/2020,VCV,CA,AWP,WE,Federal Contract Tower,2,0,0,7,9,0,3,12,5,20,2,3,12,12,29,32,26,58,87
09/01/2020,VCV,CA,AWP,WE,Federal Contract Tower,1,2,3,10,16,0,16,7,6,29,1,18,10,16,45,10,4,14,59
09/02/2020,VCV,CA,AWP,WE,Federal Contract Tower,3,2,0,0,5,0,5,10,0,15,3,7,10,0,20,2,0,2,22
09/03/2020,VCV,CA,AWP,WE,Federal Contract Tower,1,0,0,0,1,0,0,15,0,15,1,0,15,0,16,6,0,6,22
09/04/2020,VCV,CA,AWP,WE,Federal Contract Tower,4,0,1,0,5,0,3,18,2,23,4,3,19,2,28,30,8,38,66
09/05/2020,VCV,CA,AWP,WE,Federal Contract Tower,0,0,0,0,0,0,5,9,4,18,0,5,9,4,18,8,6,14,32
09/06/2020,VCV,CA,AWP,WE,Federal Contract Tower,0,0,1,0,1,0,5,5,0,10,0,5,6,0,11,0,0,0,11
09/07/2020,VCV,CA,AWP,WE,Federal Contract Tower,0,0,0,0,0,0,2,0,0,2,0,2,0,0,2,0,0,0,2
09/08/2020,VCV,CA,AWP,WE,Federal Contract Tower,0,1,0,2,3,0,0,0,0,0,0,1,0,2,3,0,0,0,3
09/09/2020,VCV,CA,AWP,WE,Federal Contract Tower,4,2,13,2,21,0,3,4,12,19,4,5,17,14,40,0,0,0,40
09/10/2020,VCV,CA,AWP,WE,Federal Contract Tower,0,2,9,5,16,0,4,16,6,26,0,6,25,11,42,0,10,10,52
09/11/2020,VCV,CA,AWP,WE,Federal Contract Tower,1,2,1,0,4,0,4,15,3,22,1,6,16,3,26,34,12,46,72
09/12/2020,VCV,CA,AWP,WE,Federal Contract Tower,0,0,0,0,0,0,10,15,1,26,0,10,15,1,26,40,8,48,74
09/13/2020,VCV,CA,AWP,WE,Federal Contract Tower,0,0,0,0,0,0,2,0,0,2,0,2,0,0,2,0,0,0,2
09/14/2020,VCV,CA,AWP,WE,Federal Contract Tower,3,2,3,0,8,0,12,10,6,28,3,14,13,6,36,22,32,54,90
09/15/2020,VCV,CA,AWP,WE,Federal Contract Tower,3,5,1,5,14,5,8,0,7,20,8,13,1,12,34,0,24,24,58
09/16/2020,VCV,CA,AWP,WE,Federal Contract Tower,0,2,1,2,5,0,10,16,4,30,0,12,17,6,35,6,12,18,53
09/17/2020,VCV,CA,AWP,WE,Federal Contract Tower,5,2,6,4,17,2,5,18,5,30,7,7,24,9,47,14,6,20,67
09/18/2020,VCV,CA,AWP,WE,Federal Contract Tower,1,0,0,0,1,0,3,0,0,3,1,3,0,0,4,0,0,0,4
09/19/2020,VCV,CA,AWP,WE,Federal Contract Tower,1,0,2,1,4,0,6,25,9,40,1,6,27,10,44,34,8,42,86
09/20/2020,VCV,CA,AWP,WE,Federal Contract Tower,0,0,0,0,0,0,4,4,0,8,0,4,4,0,8,0,0,0,8
09/21/2020,VCV,CA,AWP,WE,Federal Contract Tower,0,0,4,1,5,0,2,12,6,20,0,2,16,7,25,32,0,32,57
09/22/2020,VCV,CA,AWP,WE,Federal Contract Tower,1,6,6,4,17,0,5,12,7,24,1,11,18,11,41,2,18,20,61
09/23/2020,VCV,CA,AWP,WE,Federal Contract Tower,2,6,0,1,9,0,8,16,13,37,2,14,16,14,46,8,0,8,54
09/24/2020,VCV,CA,AWP,WE,Federal Contract Tower,10,5,11,4,30,0,2,19,0,21,10,7,30,4,51,8,0,8,59
09/25/2020,VCV,CA,AWP,WE,Federal Contract Tower,1,1,3,3,8,0,7,12,6,25,1,8,15,9,33,5,0,5,38
09/26/2020,VCV,CA,AWP,WE,Federal Contract Tower,0,0,0,2,2,0,4,4,0,8,0,4,4,2,10,0,0,0,10
09/27/2020,VCV,CA,AWP,WE,Federal Contract Tower,0,0,0,0,0,0,14,12,0,26,0,14,12,0,26,40,0,40,66
09/28/2020,VCV,CA,AWP,WE,Federal Contract Tower,1,0,2,2,5,0,1,8,24,33,1,1,10,26,38,50,14,64,102
09/29/2020,VCV,CA,AWP,WE,Federal Contract Tower,1,2,0,0,3,0,7,8,1,16,1,9,8,1,19,22,10,32,51
09/30/2020,VCV,CA,AWP,WE,Federal Contract Tower,1,3,0,1,5,0,2,8,0,10,1,5,8,1,15,22,0,22,37
10/01/2020,VCV,CA,AWP,WE,Federal Contract Tower,4,2,1,4,11,0,1,12,9,22,4,3,13,13,33,30,16,46,79
10/02/2020,VCV,CA,AWP,WE,Federal Contract Tower,1,0,3,0,4,0,10,18,0,28,1,10,21,0,32,46,0,46,78
10/03/2020,VCV,CA,AWP,WE,Federal Contract Tower,1,0,2,0,3,0,6,27,0,33,1,6,29,0,36,60,0,60,96
10/04/2020,VCV,CA,AWP,WE,Federal Contract Tower,1,0,3,0,4,0,5,6,0,11,1,5,9,0,15,38,0,38,53
10/05/2020,VCV,CA,AWP,WE,Federal Contract Tower,6,0,1,1,8,3,4,12,7,26,9,4,13,8,34,52,28,80,114
10/06/2020,VCV,CA,AWP,WE,Federal Contract Tower,3,2,5,6,16,0,6,25,31,62,3,8,30,37,78,40,102,142,220
10/07/2020,VCV,CA,AWP,WE,Federal Contract Tower,2,0,3,8,13,0,10,23,5,38,2,10,26,13,51,40,8,48,99
10/08/2020,VCV,CA,AWP,WE,Federal Contract Tower,4,0,2,2,8,0,5,10,4,19,4,5,12,6,27,0,14,14,41
10/09/2020,VCV,CA,AWP,WE,Federal Contract Tower,0,2,3,2,7,0,8,13,2,23,0,10,16,4,30,42,24,66,96
10/10/2020,VCV,CA,AWP,WE,Federal Contract Tower,0,0,1,0,1,0,8,11,0,19,0,8,12,0,20,20,0,20,40
10/11/2020,VCV,CA,AWP,WE,Federal Contract Tower,0,0,3,0,3,0,6,3,0,9,0,6,6,0,12,32,0,32,44
10/12/2020,VCV,CA,AWP,WE,Federal Contract Tower,1,0,2,1,4,2,5,13,7,27,3,5,15,8,31,34,0,34,65
10/13/2020,VCV,CA,AWP,WE,Federal Contract Tower,8,3,2,4,17,0,5,6,10,21,8,8,8,14,38,2,48,50,88
10/14/2020,VCV,CA,AWP,WE,Federal Contract Tower,3,0,6,7,16,0,11,22,14,47,3,11,28,21,63,18,36,54,117
10/15/2020,VCV,CA,AWP,WE,Federal Contract Tower,5,0,1,4,10,0,2,20,8,30,5,2,21,12,40,2,14,16,56
10/16/2020,VCV,CA,AWP,WE,Federal Contract Tower,3,0,0,2,5,0,4,21,12,37,3,4,21,14,42,28,72,100,142
10/17/2020,VCV,CA,AWP,WE,Federal Contract Tower,0,0,0,0,0,0,4,6,0,10,0,4,6,0,10,0,0,0,10
10/18/2020,VCV,CA,AWP,WE,Federal Contract Tower,0,0,2,0,2,0,5,3,0,8,0,5,5,0,10,12,0,12,22
10/19/2020,VCV,CA,AWP,WE,Federal Contract Tower,0,0,6,4,10,1,5,15,3,24,1,5,21,7,34,0,8,8,42
10/20/2020,VCV,CA,AWP,WE,Federal Contract Tower,4,4,0,0,8,0,6,7,0,13,4,10,7,0,21,8,0,8,29
10/21/2020,VCV,CA,AWP,WE,Federal Contract Tower,3,4,3,2,12,0,5,20,1,26,3,9,23,3,38,10,8,18,56
10/22/2020,VCV,CA,AWP,WE,Federal Contract Tower,2,2,4,6,14,0,9,37,0,46,2,11,41,6,60,48,4,52,112
10/23/2020,VCV,CA,AWP,WE,Federal Contract Tower,3,0,0,4,7,0,10,11,2,23,3,10,11,6,30,16,6,22,52
10/24/2020,VCV,CA,AWP,WE,Federal Contract Tower,4,0,0,1,5,0,8,15,6,29,4,8,15,7,34,22,18,40,74
10/25/2020,VCV,CA,AWP,WE,Federal Contract Tower,2,0,0,0,2,0,9,9,0,18,2,9,9,0,20,10,0,10,30
10/26/2020,VCV,CA,AWP,WE,Federal Contract Tower,0,2,0,0,2,0,4,1,0,5,0,6,1,0,7,0,0,0,7
10/27/2020,VCV,CA,AWP,WE,Federal Contract Tower,2,2,0,4,8,0,6,14,2,22,2,8,14,6,30,42,4,46,76
10/28/2020,VCV,CA,AWP,WE,Federal Contract Tower,0,1,0,0,1,1,4,8,0,13,1,5,8,0,14,6,0,6,20
10/29/2020,VCV,CA,AWP,WE,Federal Contract Tower,4,3,1,0,8,0,15,10,6,31,4,18,11,6,39,54,0,54,93
10/30/2020,VCV,CA,AWP,WE,Federal Contract Tower,7,3,0,0,10,1,18,15,0,34,8,21,15,0,44,28,0,28,72
10/31/2020,VCV,CA,AWP,WE,Federal Contract Tower,1,0,3,0,4,0,10,28,0,38,1,10,31,0,42,52,0,52,94
11/01/2020,VCV,CA,AWP,WE,Federal Contract Tower,1,0,0,0,1,0,13,18,0,31,1,13,18,0,32,36,0,36,68
11/02/2020,VCV,CA,AWP,WE,Federal Contract Tower,0,0,3,0,3,1,2,16,0,19,1,2,19,0,22,14,0,14,36
11/03/2020,VCV,CA,AWP,WE,Federal Contract Tower,6,4,0,6,16,0,7,13,6,26,6,11,13,12,42,10,20,30,72
11/04/2020,VCV,CA,AWP,WE,Federal Contract Tower,4,2,1,0,7,0,16,9,0,25,4,18,10,0,32,0,0,0,32
11/05/2020,VCV,CA,AWP,WE,Federal Contract Tower,6,4,0,5,15,1,10,5,14,30,7,14,5,19,45,2,40,42,87
11/06/2020,VCV,CA,AWP,WE,Federal Contract Tower,1,2,2,0,5,0,3,2,0,5,1,5,4,0,10,0,0,0,10
11/07/2020,VCV,CA,AWP,WE,Federal Contract Tower,0,0,0,0,0,0,2,0,2,4,0,2,0,2,4,0,0,0,4
11/08/2020,VCV,CA,AWP,WE,Federal Contract Tower,0,0,0,0,0,0,6,6,0,12,0,6,6,0,12,0,0,0,12
11/09/2020,VCV,CA,AWP,WE,Federal Contract Tower,1,5,0,0,6,0,12,13,3,28,1,17,13,3,34,10,18,28,62
11/10/2020,VCV,CA,AWP,WE,Federal Contract Tower,2,11,2,4,19,2,5,30,13,50,4,16,32,17,69,40,58,98,167
11/11/2020,VCV,CA,AWP,WE,Federal Contract Tower,3,4,3,1,11,0,21,21,0,42,3,25,24,1,53,6,0,6,59
11/12/2020,VCV,CA,AWP,WE,Federal Contract Tower,9,4,5,6,24,3,7,25,13,48,12,11,30,19,72,30,6,36,108
11/13/2020,VCV,CA,AWP,WE,Federal Contract Tower,2,0,0,3,5,0,6,16,7,29,2,6,16,10,34,28,10,38,72
11/14/2020,VCV,CA,AWP,WE,Federal Contract Tower,1,0,0,1,2,0,15,17,4,36,1,15,17,5,38,36,22,58,96
11/15/2020,VCV,CA,AWP,WE,Federal Contract Tower,0,0,0,0,0,0,10,20,0,30,0,10,20,0,30,66,0,66,96
11/16/2020,VCV,CA,AWP,WE,Federal Contract Tower,5,1,3,4,13,0,14,17,9,40,5,15,20,13,53,48,50,98,151
11/17/2020,VCV,CA,AWP,WE,Federal Contract Tower,4,0,0,3,7,0,12,4,5,21,4,12,4,8,28,0,22,22,50
11/18/2020,VCV,CA,AWP,WE,Federal Contract Tower,3,0,3,3,9,0,8,2,6,16,3,8,5,9,25,0,20,20,45
11/19/2020,VCV,CA,AWP,WE,Federal Contract Tower,3,2,5,6,16,0,13,27,8,48,3,15,32,14,64,21,40,61,125
11/20/2020,VCV,CA,AWP,WE,Federal Contract Tower,2,1,4,0,7,0,7,20,2,29,2,8,24,2,36,30,14,44,80
11/21/2020,VCV,CA,AWP,WE,Federal Contract Tower,0,0,0,0,0,0,6,12,0,18,0,6,12,0,18,30,0,30,48
11/22/2020,VCV,CA,AWP,WE,Federal Contract Tower,1,0,0,0,1,0,7,8,0,15,1,7,8,0,16,10,0,10,26
11/23/2020,VCV,CA,AWP,WE,Federal Contract Tower,0,0,1,1,2,0,6,7,1,14,0,6,8,2,16,18,6,24,40
11/24/2020,VCV,CA,AWP,WE,Federal Contract Tower,3,0,0,2,5,0,6,12,4,22,3,6,12,6,27,6,26,32,59
11/25/2020,VCV,CA,AWP,WE,Federal Contract Tower,1,0,0,2,3,0,2,10,4,16,1,2,10,6,19,10,12,22,41
11/26/2020,VCV,CA,AWP,WE,Federal Contract Tower,0,0,2,0,2,0,8,0,0,8,0,8,2,0,10,0,0,0,10
11/27/2020,VCV,CA,AWP,WE,Federal Contract Tower,0,0,0,0,0,0,2,2,0,4,0,2,2,0,4,0,0,0,4
11/28/2020,VCV,CA,AWP,WE,Federal Contract Tower,1,0,0,0,1,0,4,11,0,15,1,4,11,0,16,6,0,6,22
11/29/2020,VCV,CA,AWP,WE,Federal Contract Tower,1,0,0,0,1,0,7,4,0,11,1,7,4,0,12,0,0,0,12
11/30/2020,VCV,CA,AWP,WE,Federal Contract Tower,2,0,2,2,6,1,8,14,2,25,3,8,16,4,31,32,20,52,83
12/01/2020,VCV,CA,AWP,WE,Federal Contract Tower,3,2,2,1,8,1,3,5,1,10,4,5,7,2,18,0,0,0,18
12/02/2020,VCV,CA,AWP,WE,Federal Contract Tower,4,0,1,2,7,2,10,1,8,21,6,10,2,10,28,12,22,34,62
12/03/2020,VCV,CA,AWP,WE,Federal Contract Tower,0,4,1,2,7,0,4,2,5,11,0,8,3,7,18,20,0,20,38
12/04/2020,VCV,CA,AWP,WE,Federal Contract Tower,3,0,1,1,5,0,10,6,3,19,3,10,7,4,24,14,28,42,66
12/05/2020,VCV,CA,AWP,WE,Federal Contract Tower,0,0,2,0,2,0,9,13,2,24,0,9,15,2,26,12,14,26,52
12/06/2020,VCV,CA,AWP,WE,Federal Contract Tower,0,0,3,0,3,0,12,13,0,25,0,12,16,0,28,16,0,16,44
12/07/2020,VCV,CA,AWP,WE,Federal Contract Tower,0,2,2,1,5,0,4,4,2,10,0,6,6,3,15,6,10,16,31
12/08/2020,VCV,CA,AWP,WE,Federal Contract Tower,2,3,4,0,9,0,3,8,0,11,2,6,12,0,20,8,0,8,28
12/09/2020,VCV,CA,AWP,WE,Federal Contract Tower,5,4,6,1,16,1,9,10,3,23,6,13,16,4,39,6,14,20,59
12/10/2020,VCV,CA,AWP,WE,Federal Contract Tower,7,1,0,2,10,0,0,10,11,21,7,1,10,13,31,16,16,32,63
12/11/2020,VCV,CA,AWP,WE,Federal Contract Tower,5,0,0,1,6,1,3,2,0,6,6,3,2,1,12,0,0,0,12
12/12/2020,VCV,CA,AWP,WE,Federal Contract Tower,0,0,2,0,2,0,4,0,0,4,0,4,2,0,6,0,0,0,6
12/13/2020,VCV,CA,AWP,WE,Federal Contract Tower,0,0,0,0,0,0,5,11,0,16,0,5,11,0,16,4,0,4,20
12/14/2020,VCV,CA,AWP,WE,Federal Contract Tower,1,0,0,0,1,0,8,0,4,12,1,8,0,4,13,0,0,0,13
12/15/2020,VCV,CA,AWP,WE,Federal Contract Tower,2,2,2,3,9,3,9,13,13,38,5,11,15,16,47,22,44,66,113
12/16/2020,VCV,CA,AWP,WE,Federal Contract Tower,3,0,6,1,10,0,18,17,1,36,3,18,23,2,46,10,12,22,68
12/17/2020,VCV,CA,AWP,WE,Federal Contract Tower,1,0,0,1,2,0,1,4,4,9,1,1,4,5,11,0,16,16,27
12/18/2020,VCV,CA,AWP,WE,Federal Contract Tower,1,0,2,1,4,0,5,6,1,12,1,5,8,2,16,6,0,6,22
12/19/2020,VCV,CA,AWP,WE,Federal Contract Tower,2,0,0,0,2,0,6,12,0,18,2,6,12,0,20,6,0,6,26
12/20/2020,VCV,CA,AWP,WE,Federal Contract Tower,0,0,0,0,0,0,4,14,0,18,0,4,14,0,18,0,0,0,18
12/21/2020,VCV,CA,AWP,WE,Federal Contract Tower,3,0,0,0,3,2,4,5,4,15,5,4,5,4,18,0,0,0,18
12/22/2020,VCV,CA,AWP,WE,Federal Contract Tower,4,2,0,2,8,2,2,5,11,20,6,4,5,13,28,2,18,20,48
12/23/2020,VCV,CA,AWP,WE,Federal Contract Tower,3,1,0,1,5,2,1,5,3,11,5,2,5,4,16,0,0,0,16
12/24/2020,VCV,CA,AWP,WE,Federal Contract Tower,0,0,0,0,0,0,4,6,0,10,0,4,6,0,10,6,0,6,16
12/25/2020,VCV,CA,AWP,WE,Federal Contract Tower,0,0,0,0,0,0,5,1,0,6,0,5,1,0,6,4,0,4,10
12/26/2020,VCV,CA,AWP,WE,Federal Contract Tower,3,0,6,0,9,0,3,6,0,9,3,3,12,0,18,10,0,10,28
12/27/2020,VCV,CA,AWP,WE,Federal Contract Tower,0,0,0,0,0,0,2,4,0,6,0,2,4,0,6,0,0,0,6
12/28/2020,VCV,CA,AWP,WE,Federal Contract Tower,0,0,0,0,0,0,0,0,0,0,0,0,0,0,0,0,0,0,0
12/29/2020,VCV,CA,AWP,WE,Federal Contract Tower,3,4,0,3,10,0,12,4,5,21,3,16,4,8,31,6,18,24,55
12/30/2020,VCV,CA,AWP,WE,Federal Contract Tower,2,4,2,0,8,0,14,9,0,23,2,18,11,0,31,12,0,12,43
12/31/2020,VCV,CA,AWP,WE,Federal Contract Tower,0,0,1,0,1,0,1,10,0,11,0,1,11,0,12,8,0,8,20
01/01/2021,VCV,CA,AWP,WE,Federal Contract Tower,0,0,0,0,0,0,7,2,0,9,0,7,2,0,9,4,0,4,13
01/02/2021,VCV,CA,AWP,WE,Federal Contract Tower,3,0,0,0,3,0,4,9,2,15,3,4,9,2,18,0,10,10,28
01/03/2021,VCV,CA,AWP,WE,Federal Contract Tower,0,0,0,0,0,0,10,20,0,30,0,10,20,0,30,10,0,10,40
01/04/2021,VCV,CA,AWP,WE,Federal Contract Tower,0,0,2,0,2,0,4,12,1,17,0,4,14,1,19,22,8,30,49
01/05/2021,VCV,CA,AWP,WE,Federal Contract Tower,6,0,2,3,11,0,1,10,20,31,6,1,12,23,42,4,72,76,118
01/06/2021,VCV,CA,AWP,WE,Federal Contract Tower,0,0,9,1,10,0,5,12,2,19,0,5,21,3,29,12,0,12,41
01/07/2021,VCV,CA,AWP,WE,Federal Contract Tower,1,0,1,1,3,0,3,17,13,33,1,3,18,14,36,24,48,72,108
01/08/2021,VCV,CA,AWP,WE,Federal Contract Tower,3,0,2,0,5,0,5,11,5,21,3,5,13,5,26,30,40,70,96
01/09/2021,VCV,CA,AWP,WE,Federal Contract Tower,3,0,0,0,3,0,4,16,1,21,3,4,16,1,24,46,12,58,82
01/10/2021,VCV,CA,AWP,WE,Federal Contract Tower,2,0,0,0,2,2,12,10,2,26,4,12,10,2,28,16,12,28,56
01/11/2021,VCV,CA,AWP,WE,Federal Contract Tower,2,0,3,0,5,0,6,11,3,20,2,6,14,3,25,24,20,44,69
01/12/2021,VCV,CA,AWP,WE,Federal Contract Tower,6,1,2,1,10,0,5,6,5,16,6,6,8,6,26,18,2,20,46
01/13/2021,VCV,CA,AWP,WE,Federal Contract Tower,2,0,1,1,4,0,11,2,6,19,2,11,3,7,23,2,14,16,39
01/14/2021,VCV,CA,AWP,WE,Federal Contract Tower,1,0,1,2,4,0,2,10,5,17,1,2,11,7,21,14,38,52,73
01/15/2021,VCV,CA,AWP,WE,Federal Contract Tower,1,0,0,1,2,1,5,14,2,22,2,5,14,3,24,34,30,64,88
01/16/2021,VCV,CA,AWP,WE,Federal Contract Tower,1,0,0,1,2,0,5,4,3,12,1,5,4,4,14,16,22,38,52
01/17/2021,VCV,CA,AWP,WE,Federal Contract Tower,0,0,0,0,0,0,7,7,0,14,0,7,7,0,14,12,0,12,26
01/18/2021,VCV,CA,AWP,WE,Federal Contract Tower,0,0,0,0,0,0,8,8,2,18,0,8,8,2,18,18,12,30,48
01/19/2021,VCV,CA,AWP,WE,Federal Contract Tower,2,0,0,0,2,0,0,0,0,0,2,0,0,0,2,0,0,0,2
01/20/2021,VCV,CA,AWP,WE,Federal Contract Tower,0,4,1,1,6,0,3,1,3,7,0,7,2,4,13,0,10,10,23
01/21/2021,VCV,CA,AWP,WE,Federal Contract Tower,4,0,1,2,7,2,5,8,5,20,6,5,9,7,27,2,10,12,39
01/22/2021,VCV,CA,AWP,WE,Federal Contract Tower,3,0,3,2,8,0,6,9,5,20,3,6,12,7,28,26,20,46,74
01/23/2021,VCV,CA,AWP,WE,Federal Contract Tower,1,0,0,0,1,0,1,1,1,3,1,1,1,1,4,0,0,0,4
01/24/2021,VCV,CA,AWP,WE,Federal Contract Tower,0,0,1,0,1,1,2,13,7,23,1,2,14,7,24,30,0,30,54
01/25/2021,VCV,CA,AWP,WE,Federal Contract Tower,2,0,0,0,2,0,6,0,0,6,2,6,0,0,8,0,0,0,8
01/26/2021,VCV,CA,AWP,WE,Federal Contract Tower,5,0,2,2,9,0,6,7,10,23,5,6,9,12,32,24,32,56,88
01/27/2021,VCV,CA,AWP,WE,Federal Contract Tower,4,4,1,3,12,0,0,5,6,11,4,4,6,9,23,14,12,26,49
01/28/2021,VCV,CA,AWP,WE,Federal Contract Tower,4,0,0,4,8,0,6,4,4,14,4,6,4,8,22,6,16,22,44
01/29/2021,VCV,CA,AWP,WE,Federal Contract Tower,4,0,1,0,5,0,0,0,0,0,4,0,1,0,5,0,0,0,5
01/30/2021,VCV,CA,AWP,WE,Federal Contract Tower,1,0,1,0,2,0,4,12,2,18,1,4,13,2,20,8,18,26,46
01/31/2021,VCV,CA,AWP,WE,Federal Contract Tower,2,0,0,0,2,2,7,16,1,26,4,7,16,1,28,16,12,28,56
02/01/2021,VCV,CA,AWP,WE,Federal Contract Tower,1,0,0,0,1,0,7,7,1,15,1,7,7,1,16,16,12,28,44
02/02/2021,VCV,CA,AWP,WE,Federal Contract Tower,5,0,0,4,9,0,6,14,5,25,5,6,14,9,34,12,24,36,70
02/03/2021,VCV,CA,AWP,WE,Federal Contract Tower,0,0,0,0,0,0,5,10,0,15,0,5,10,0,15,4,0,4,19
02/04/2021,VCV,CA,AWP,WE,Federal Contract Tower,0,4,2,3,9,0,4,9,6,19,0,8,11,9,28,2,12,14,42
02/05/2021,VCV,CA,AWP,WE,Federal Contract Tower,0,0,1,0,1,0,3,16,2,21,0,3,17,2,22,22,12,34,56
02/06/2021,VCV,CA,AWP,WE,Federal Contract Tower,1,0,0,0,1,0,4,16,1,21,1,4,16,1,22,14,10,24,46
02/07/2021,VCV,CA,AWP,WE,Federal Contract Tower,1,0,1,0,2,1,3,6,0,10,2,3,7,0,12,8,0,8,20
02/08/2021,VCV,CA,AWP,WE,Federal Contract Tower,0,1,0,0,1,0,6,12,5,23,0,7,12,5,24,20,24,44,68
02/09/2021,VCV,CA,AWP,WE,Federal Contract Tower,4,2,0,0,6,1,7,19,6,33,5,9,19,6,39,12,12,24,63
02/10/2021,VCV,CA,AWP,WE,Federal Contract Tower,5,0,3,1,9,0,4,8,2,14,5,4,11,3,23,0,0,0,23
02/11/2021,VCV,CA,AWP,WE,Federal Contract Tower,7,4,4,3,18,0,8,18,6,32,7,12,22,9,50,10,14,24,74
02/12/2021,VCV,CA,AWP,WE,Federal Contract Tower,1,0,2,0,3,0,10,3,0,13,1,10,5,0,16,0,0,0,16
02/13/2021,VCV,CA,AWP,WE,Federal Contract Tower,1,0,2,0,3,0,3,0,0,3,1,3,2,0,6,0,0,0,6
02/14/2021,VCV,CA,AWP,WE,Federal Contract Tower,3,0,0,0,3,4,5,4,0,13,7,5,4,0,16,6,0,6,22
02/15/2021,VCV,CA,AWP,WE,Federal Contract Tower,0,0,0,0,0,0,5,5,0,10,0,5,5,0,10,0,0,0,10
02/16/2021,VCV,CA,AWP,WE,Federal Contract Tower,0,0,0,3,3,0,3,1,1,5,0,3,1,4,8,0,14,14,22
02/17/2021,VCV,CA,AWP,WE,Federal Contract Tower,3,2,2,3,10,0,8,5,6,19,3,10,7,9,29,0,26,26,55
02/18/2021,VCV,CA,AWP,WE,Federal Contract Tower,2,3,1,0,6,0,7,17,9,33,2,10,18,9,39,14,10,24,63
02/19/2021,VCV,CA,AWP,WE,Federal Contract Tower,2,0,0,2,4,0,4,7,3,14,2,4,7,5,18,20,22,42,60
02/20/2021,VCV,CA,AWP,WE,Federal Contract Tower,0,0,0,0,0,0,4,0,0,4,0,4,0,0,4,0,0,0,4
02/21/2021,VCV,CA,AWP,WE,Federal Contract Tower,2,0,0,0,2,4,3,11,0,18,6,3,11,0,20,12,0,12,32
02/22/2021,VCV,CA,AWP,WE,Federal Contract Tower,2,0,2,0,4,0,11,8,1,20,2,11,10,1,24,18,8,26,50
02/23/2021,VCV,CA,AWP,WE,Federal Contract Tower,5,5,0,1,11,2,18,1,0,21,7,23,1,1,32,28,0,28,60
02/24/2021,VCV,CA,AWP,WE,Federal Contract Tower,2,0,0,0,2,0,2,6,2,10,2,2,6,2,12,2,0,2,14
02/25/2021,VCV,CA,AWP,WE,Federal Contract Tower,5,0,0,1,6,0,4,7,1,12,5,4,7,2,18,0,10,10,28
02/26/2021,VCV,CA,AWP,WE,Federal Contract Tower,0,0,2,0,2,0,8,19,1,28,0,8,21,1,30,24,8,32,62
02/27/2021,VCV,CA,AWP,WE,Federal Contract Tower,1,0,3,1,5,0,6,20,1,27,1,6,23,2,32,16,0,16,48
02/28/2021,VCV,CA,AWP,WE,Federal Contract Tower,2,0,0,0,2,4,6,10,0,20,6,6,10,0,22,30,0,30,52
03/01/2021,VCV,CA,AWP,WE,Federal Contract Tower,1,1,0,0,2,0,4,13,4,21,1,5,13,4,23,0,12,12,35
03/02/2021,VCV,CA,AWP,WE,Federal Contract Tower,3,1,0,5,9,0,3,7,9,19,3,4,7,14,28,14,30,44,72
03/03/2021,VCV,CA,AWP,WE,Federal Contract Tower,2,0,0,0,2,0,6,2,2,10,2,6,2,2,12,0,0,0,12
03/04/2021,VCV,CA,AWP,WE,Federal Contract Tower,3,2,0,0,5,0,5,12,0,17,3,7,12,0,22,36,0,36,58
03/05/2021,VCV,CA,AWP,WE,Federal Contract Tower,0,0,0,6,6,0,3,25,6,34,0,3,25,12,40,12,18,30,70
03/06/2021,VCV,CA,AWP,WE,Federal Contract Tower,0,1,1,0,2,0,6,11,0,17,0,7,12,0,19,34,0,34,53
03/07/2021,VCV,CA,AWP,WE,Federal Contract Tower,3,0,1,0,4,4,6,10,0,20,7,6,11,0,24,26,0,26,50
03/08/2021,VCV,CA,AWP,WE,Federal Contract Tower,0,0,0,0,0,0,4,4,2,10,0,4,4,2,10,6,0,6,16
03/09/2021,VCV,CA,AWP,WE,Federal Contract Tower,3,2,0,0,5,0,2,0,4,6,3,4,0,4,11,0,0,0,11
03/10/2021,VCV,CA,AWP,WE,Federal Contract Tower,3,4,0,0,7,0,4,0,0,4,3,8,0,0,11,0,0,0,11
03/11/2021,VCV,CA,AWP,WE,Federal Contract Tower,0,2,1,1,4,0,4,2,2,8,0,6,3,3,12,0,0,0,12
03/12/2021,VCV,CA,AWP,WE,Federal Contract Tower,4,2,0,4,10,0,4,8,3,15,4,6,8,7,25,8,12,20,45
03/13/2021,VCV,CA,AWP,WE,Federal Contract Tower,1,0,4,0,5,0,10,7,4,21,1,10,11,4,26,8,2,10,36
03/14/2021,VCV,CA,AWP,WE,Federal Contract Tower,3,0,0,0,3,4,4,9,6,23,7,4,9,6,26,32,4,36,62
03/15/2021,VCV,CA,AWP,WE,Federal Contract Tower,0,0,1,0,1,0,0,1,0,1,0,0,2,0,2,0,0,0,2
03/16/2021,VCV,CA,AWP,WE,Federal Contract Tower,2,0,1,1,4,4,18,15,6,43,6,18,16,7,47,38,14,52,99
03/17/2021,VCV,CA,AWP,WE,Federal Contract Tower,3,5,0,1,9,0,19,15,2,36,3,24,15,3,45,18,22,40,85
03/18/2021,VCV,CA,AWP,WE,Federal Contract Tower,0,1,1,1,3,1,19,8,6,34,1,20,9,7,37,0,18,18,55
03/19/2021,VCV,CA,AWP,WE,Federal Contract Tower,2,1,2,1,6,0,5,15,0,20,2,6,17,1,26,36,0,36,62
03/20/2021,VCV,CA,AWP,WE,Federal Contract Tower,0,0,1,0,1,0,6,5,0,11,0,6,6,0,12,6,0,6,18
03/21/2021,VCV,CA,AWP,WE,Federal Contract Tower,2,0,0,0,2,4,4,2,0,10,6,4,2,0,12,6,0,6,18
03/22/2021,VCV,CA,AWP,WE,Federal Contract Tower,4,0,2,2,8,0,10,10,7,27,4,10,12,9,35,12,24,36,71
03/23/2021,VCV,CA,AWP,WE,Federal Contract Tower,3,5,3,7,18,1,15,10,12,38,4,20,13,19,56,4,28,32,88
03/24/2021,VCV,CA,AWP,WE,Federal Contract Tower,2,0,0,3,5,0,5,6,3,14,2,5,6,6,19,0,4,4,23
03/25/2021,VCV,CA,AWP,WE,Federal Contract Tower,3,4,0,1,8,0,7,1,6,14,3,11,1,7,22,0,0,0,22
03/26/2021,VCV,CA,AWP,WE,Federal Contract Tower,0,2,0,0,2,0,9,11,0,20,0,11,11,0,22,2,0,2,24
03/27/2021,VCV,CA,AWP,WE,Federal Contract Tower,2,0,0,2,4,0,7,10,4,21,2,7,10,6,25,18,0,18,43
03/28/2021,VCV,CA,AWP,WE,Federal Contract Tower,2,0,0,0,2,4,5,5,0,14,6,5,5,0,16,14,0,14,30
03/29/2021,VCV,CA,AWP,WE,Federal Contract Tower,0,0,0,0,0,0,9,14,1,24,0,9,14,1,24,6,0,6,30
03/30/2021,VCV,CA,AWP,WE,Federal Contract Tower,5,3,0,0,8,1,6,3,0,10,6,9,3,0,18,2,0,2,20
03/31/2021,VCV,CA,AWP,WE,Federal Contract Tower,2,1,7,1,11,0,1,11,3,15,2,2,18,4,26,4,0,4,30
04/01/2021,VCV,CA,AWP,WE,Federal Contract Tower,4,1,0,0,5,0,9,19,0,28,4,10,19,0,33,0,2,2,35
04/02/2021,VCV,CA,AWP,WE,Federal Contract Tower,6,0,0,0,6,0,13,11,2,26,6,13,11,2,32,6,4,10,42
04/03/2021,VCV,CA,AWP,WE,Federal Contract Tower,0,2,1,0,3,0,8,7,0,15,0,10,8,0,18,10,0,10,28
04/04/2021,VCV,CA,AWP,WE,Federal Contract Tower,2,0,1,0,3,4,6,7,0,17,6,6,8,0,20,8,0,8,28
04/05/2021,VCV,CA,AWP,WE,Federal Contract Tower,5,0,0,0,5,0,8,5,0,13,5,8,5,0,18,0,0,0,18
04/06/2021,VCV,CA,AWP,WE,Federal Contract Tower,5,9,3,1,18,0,5,7,0,12,5,14,10,1,30,0,8,8,38
04/07/2021,VCV,CA,AWP,WE,Federal Contract Tower,1,4,2,3,10,2,6,3,2,13,3,10,5,5,23,2,6,8,31
04/08/2021,VCV,CA,AWP,WE,Federal Contract Tower,5,2,1,5,13,2,2,7,2,13,7,4,8,7,26,4,0,4,30
04/09/2021,VCV,CA,AWP,WE,Federal Contract Tower,4,0,0,3,7,0,2,31,6,39,4,2,31,9,46,0,10,10,56
04/10/2021,VCV,CA,AWP,WE,Federal Contract Tower,6,0,0,4,10,2,7,20,1,30,8,7,20,5,40,10,6,16,56
04/11/2021,VCV,CA,AWP,WE,Federal Contract Tower,0,0,2,2,4,0,3,9,2,14,0,3,11,4,18,2,0,2,20
04/12/2021,VCV,CA,AWP,WE,Federal Contract Tower,1,0,0,3,4,0,4,20,6,30,1,4,20,9,34,8,16,24,58
04/13/2021,VCV,CA,AWP,WE,Federal Contract Tower,3,0,1,1,5,0,5,1,2,8,3,5,2,3,13,0,10,10,23
04/14/2021,VCV,CA,AWP,WE,Federal Contract Tower,1,0,1,1,3,0,9,3,4,16,1,9,4,5,19,1,4,5,24
04/15/2021,VCV,CA,AWP,WE,Federal Contract Tower,2,0,0,0,2,0,0,22,0,22,2,0,22,0,24,10,0,10,34
04/16/2021,VCV,CA,AWP,WE,Federal Contract Tower,3,0,0,1,4,0,1,10,1,12,3,1,10,2,16,2,12,14,30
04/17/2021,VCV,CA,AWP,WE,Federal Contract Tower,0,0,0,0,0,0,11,0,0,11,0,11,0,0,11,0,0,0,11
04/18/2021,VCV,CA,AWP,WE,Federal Contract Tower,1,0,0,0,1,0,8,12,0,20,1,8,12,0,21,0,0,0,21
04/19/2021,VCV,CA,AWP,WE,Federal Contract Tower,3,2,0,1,6,0,0,11,10,21,3,2,11,11,27,16,20,36,63
04/20/2021,VCV,CA,AWP,WE,Federal Contract Tower,9,0,1,1,11,0,0,3,2,5,9,0,4,3,16,0,8,8,24
04/21/2021,VCV,CA,AWP,WE,Federal Contract Tower,2,3,4,3,12,0,4,3,9,16,2,7,7,12,28,2,0,2,30
04/22/2021,VCV,CA,AWP,WE,Federal Contract Tower,3,1,4,3,11,2,10,9,13,34,5,11,13,16,45,6,10,16,61
04/23/2021,VCV,CA,AWP,WE,Federal Contract Tower,4,1,3,0,8,0,13,16,14,43,4,14,19,14,51,14,8,22,73
04/24/2021,VCV,CA,AWP,WE,Federal Contract Tower,1,0,0,0,1,0,7,7,1,15,1,7,7,1,16,4,0,4,20
04/25/2021,VCV,CA,AWP,WE,Federal Contract Tower,2,0,1,0,3,3,4,4,0,11,5,4,5,0,14,8,0,8,22
04/26/2021,VCV,CA,AWP,WE,Federal Contract Tower,2,2,0,0,4,0,6,8,0,14,2,8,8,0,18,14,0,14,32
04/27/2021,VCV,CA,AWP,WE,Federal Contract Tower,5,6,0,0,11,0,8,9,0,17,5,14,9,0,28,0,0,0,28
04/28/2021,VCV,CA,AWP,WE,Federal Contract Tower,1,0,0,0,1,0,6,9,0,15,1,6,9,0,16,0,0,0,16
04/29/2021,VCV,CA,AWP,WE,Federal Contract Tower,0,0,1,0,1,0,3,14,3,20,0,3,15,3,21,12,20,32,53
04/30/2021,VCV,CA,AWP,WE,Federal Contract Tower,1,0,0,0,1,0,3,20,2,25,1,3,20,2,26,56,4,60,86
05/01/2021,VCV,CA,AWP,WE,Federal Contract Tower,0,0,4,0,4,0,11,7,0,18,0,11,11,0,22,4,0,4,26
05/02/2021,VCV,CA,AWP,WE,Federal Contract Tower,0,0,0,0,0,0,7,7,0,14,0,7,7,0,14,20,0,20,34
05/03/2021,VCV,CA,AWP,WE,Federal Contract Tower,0,1,0,1,2,0,9,13,6,28,0,10,13,7,30,6,20,26,56
05/04/2021,VCV,CA,AWP,WE,Federal Contract Tower,3,3,1,0,7,0,12,27,2,41,3,15,28,2,48,16,0,16,64
05/05/2021,VCV,CA,AWP,WE,Federal Contract Tower,1,3,0,0,4,0,13,13,2,28,1,16,13,2,32,28,14,42,74
05/06/2021,VCV,CA,AWP,WE,Federal Contract Tower,0,0,2,0,2,0,1,12,1,14,0,1,14,1,16,28,6,34,50
05/07/2021,VCV,CA,AWP,WE,Federal Contract Tower,3,1,2,1,7,0,17,26,8,51,3,18,28,9,58,24,10,34,92
05/08/2021,VCV,CA,AWP,WE,Federal Contract Tower,0,0,0,0,0,0,5,14,3,22,0,5,14,3,22,22,6,28,50
05/09/2021,VCV,CA,AWP,WE,Federal Contract Tower,1,0,0,0,1,0,3,4,0,7,1,3,4,0,8,8,0,8,16
05/10/2021,VCV,CA,AWP,WE,Federal Contract Tower,1,5,0,0,6,1,7,12,1,21,2,12,12,1,27,34,8,42,69
05/11/2021,VCV,CA,AWP,WE,Federal Contract Tower,3,8,1,1,13,0,5,16,1,22,3,13,17,2,35,12,10,22,57
05/12/2021,VCV,CA,AWP,WE,Federal Contract Tower,1,4,3,6,14,0,6,17,9,32,1,10,20,15,46,24,8,32,78
05/13/2021,VCV,CA,AWP,WE,Federal Contract Tower,0,2,0,0,2,0,5,3,0,8,0,7,3,0,10,12,0,12,22
05/14/2021,VCV,CA,AWP,WE,Federal Contract Tower,2,0,0,0,2,0,6,8,0,14,2,6,8,0,16,14,0,14,30
05/15/2021,VCV,CA,AWP,WE,Federal Contract Tower,4,0,0,0,4,0,6,6,0,12,4,6,6,0,16,6,0,6,22
05/16/2021,VCV,CA,AWP,WE,Federal Contract Tower,3,0,0,0,3,0,3,14,0,17,3,3,14,0,20,22,0,22,42
05/17/2021,VCV,CA,AWP,WE,Federal Contract Tower,2,0,2,0,4,0,7,5,0,12,2,7,7,0,16,20,0,20,36
05/18/2021,VCV,CA,AWP,WE,Federal Contract Tower,2,3,6,2,13,0,5,12,4,21,2,8,18,6,34,16,6,22,56
05/19/2021,VCV,CA,AWP,WE,Federal Contract Tower,1,5,2,0,8,0,7,3,2,12,1,12,5,2,20,0,0,0,20
05/20/2021,VCV,CA,AWP,WE,Federal Contract Tower,4,1,0,0,5,0,0,6,3,9,4,1,6,3,14,6,14,20,34
05/21/2021,VCV,CA,AWP,WE,Federal Contract Tower,4,0,0,0,4,0,5,15,2,22,4,5,15,2,26,14,0,14,40
05/22/2021,VCV,CA,AWP,WE,Federal Contract Tower,0,0,0,0,0,0,6,4,8,18,0,6,4,8,18,4,0,4,22
05/23/2021,VCV,CA,AWP,WE,Federal Contract Tower,1,0,0,0,1,0,5,8,8,21,1,5,8,8,22,10,8,18,40
05/24/2021,VCV,CA,AWP,WE,Federal Contract Tower,4,0,0,0,4,0,2,3,3,8,4,2,3,3,12,10,0,10,22
05/25/2021,VCV,CA,AWP,WE,Federal Contract Tower,7,2,4,0,13,0,7,8,6,21,7,9,12,6,34,8,18,26,60
05/26/2021,VCV,CA,AWP,WE,Federal Contract Tower,0,8,3,2,13,0,7,9,4,20,0,15,12,6,33,12,0,12,45
05/27/2021,VCV,CA,AWP,WE,Federal Contract Tower,1,0,2,0,3,0,7,5,0,12,1,7,7,0,15,0,0,0,15
05/28/2021,VCV,CA,AWP,WE,Federal Contract Tower,4,0,2,0,6,0,6,15,1,22,4,6,17,1,28,20,6,26,54
05/29/2021,VCV,CA,AWP,WE,Federal Contract Tower,2,0,0,0,2,0,13,13,6,32,2,13,13,6,34,38,0,38,72
05/30/2021,VCV,CA,AWP,WE,Federal Contract Tower,2,0,0,0,2,0,7,11,0,18,2,7,11,0,20,26,0,26,46
05/31/2021,VCV,CA,AWP,WE,Federal Contract Tower,1,0,0,1,2,0,7,7,0,14,1,7,7,1,16,16,0,16,32
06/01/2021,VCV,CA,AWP,WE,Federal Contract Tower,9,3,0,0,12,0,6,13,3,22,9,9,13,3,34,12,0,12,46
06/02/2021,VCV,CA,AWP,WE,Federal Contract Tower,2,0,2,0,4,0,6,19,4,29,2,6,21,4,33,16,0,16,49
06/03/2021,VCV,CA,AWP,WE,Federal Contract Tower,4,0,1,3,8,0,6,5,7,18,4,6,6,10,26,8,24,32,58
06/04/2021,VCV,CA,AWP,WE,Federal Contract Tower,4,1,1,0,6,0,4,10,8,22,4,5,11,8,28,22,0,22,50
06/05/2021,VCV,CA,AWP,WE,Federal Contract Tower,0,2,0,0,2,2,7,17,0,26,2,9,17,0,28,20,0,20,48
06/06/2021,VCV,CA,AWP,WE,Federal Contract Tower,1,0,3,0,4,0,8,8,0,16,1,8,11,0,20,6,0,6,26
06/07/2021,VCV,CA,AWP,WE,Federal Contract Tower,2,0,0,0,2,0,4,2,0,6,2,4,2,0,8,0,0,0,8
06/08/2021,VCV,CA,AWP,WE,Federal Contract Tower,1,1,2,0,4,0,7,9,0,16,1,8,11,0,20,4,0,4,24
06/09/2021,VCV,CA,AWP,WE,Federal Contract Tower,1,2,0,1,4,0,10,9,18,37,1,12,9,19,41,0,0,0,41
06/10/2021,VCV,CA,AWP,WE,Federal Contract Tower,2,0,0,0,2,0,3,9,0,12,2,3,9,0,14,12,0,12,26
06/11/2021,VCV,CA,AWP,WE,Federal Contract Tower,2,0,0,1,3,0,9,19,5,33,2,9,19,6,36,20,8,28,64
06/12/2021,VCV,CA,AWP,WE,Federal Contract Tower,0,0,0,0,0,0,7,17,0,24,0,7,17,0,24,34,0,34,58
06/13/2021,VCV,CA,AWP,WE,Federal Contract Tower,1,0,2,0,3,0,2,5,0,7,1,2,7,0,10,0,0,0,10
06/14/2021,VCV,CA,AWP,WE,Federal Contract Tower,1,3,2,0,6,0,7,9,0,16,1,10,11,0,22,10,0,10,32
06/15/2021,VCV,CA,AWP,WE,Federal Contract Tower,3,4,1,0,8,0,16,13,1,30,3,20,14,1,38,24,6,30,68
06/16/2021,VCV,CA,AWP,WE,Federal Contract Tower,0,4,3,0,7,0,16,3,7,26,0,20,6,7,33,0,4,4,37
06/17/2021,VCV,CA,AWP,WE,Federal Contract Tower,1,0,6,0,7,0,1,21,2,24,1,1,27,2,31,6,2,8,39
06/18/2021,VCV,CA,AWP,WE,Federal Contract Tower,0,0,0,0,0,0,5,15,0,20,0,5,15,0,20,14,0,14,34
06/19/2021,VCV,CA,AWP,WE,Federal Contract Tower,0,0,0,0,0,0,5,7,0,12,0,5,7,0,12,4,0,4,16
06/20/2021,VCV,CA,AWP,WE,Federal Contract Tower,1,0,0,0,1,0,7,8,0,15,1,7,8,0,16,0,0,0,16
06/21/2021,VCV,CA,AWP,WE,Federal Contract Tower,2,0,0,1,3,0,2,10,3,15,2,2,10,4,18,0,0,0,18
06/22/2021,VCV,CA,AWP,WE,Federal Contract Tower,0,1,0,0,1,0,13,22,0,35,0,14,22,0,36,20,0,20,56
06/23/2021,VCV,CA,AWP,WE,Federal Contract Tower,1,2,6,2,11,0,7,11,0,18,1,9,17,2,29,2,0,2,31
06/24/2021,VCV,CA,AWP,WE,Federal Contract Tower,3,0,1,0,4,0,5,9,19,33,3,5,10,19,37,10,6,16,53
06/25/2021,VCV,CA,AWP,WE,Federal Contract Tower,1,0,0,0,1,0,3,10,2,15,1,3,10,2,16,16,16,32,48
06/26/2021,VCV,CA,AWP,WE,Federal Contract Tower,0,0,0,0,0,0,7,9,0,16,0,7,9,0,16,20,0,20,36
06/27/2021,VCV,CA,AWP,WE,Federal Contract Tower,0,0,0,0,0,0,6,4,0,10,0,6,4,0,10,0,0,0,10
06/28/2021,VCV,CA,AWP,WE,Federal Contract Tower,3,0,1,1,5,0,7,2,0,9,3,7,3,1,14,0,0,0,14
06/29/2021,VCV,CA,AWP,WE,Federal Contract Tower,0,0,0,0,0,0,2,0,0,2,0,2,0,0,2,0,0,0,2
06/30/2021,VCV,CA,AWP,WE,Federal Contract Tower,0,0,4,0,4,0,2,0,0,2,0,2,4,0,6,0,0,0,6
07/01/2021,VCV,CA,AWP,WE,Federal Contract Tower,2,0,1,1,4,0,7,8,1,16,2,7,9,2,20,14,0,14,34
07/02/2021,VCV,CA,AWP,WE,Federal Contract Tower,2,0,0,0,2,0,11,5,0,16,2,11,5,0,18,0,0,0,18
07/03/2021,VCV,CA,AWP,WE,Federal Contract Tower,0,0,1,0,1,0,4,3,0,7,0,4,4,0,8,16,0,16,24
07/04/2021,VCV,CA,AWP,WE,Federal Contract Tower,0,2,2,0,4,0,9,11,0,20,0,11,13,0,24,8,0,8,32
07/05/2021,VCV,CA,AWP,WE,Federal Contract Tower,0,0,0,2,2,0,6,22,0,28,0,6,22,2,30,18,0,18,48
07/06/2021,VCV,CA,AWP,WE,Federal Contract Tower,2,0,0,2,4,0,7,23,10,40,2,7,23,12,44,14,0,14,58
07/07/2021,VCV,CA,AWP,WE,Federal Contract Tower,2,2,0,4,8,0,7,18,7,32,2,9,18,11,40,6,12,18,58
07/08/2021,VCV,CA,AWP,WE,Federal Contract Tower,1,0,1,0,2,0,6,20,10,36,1,6,21,10,38,0,8,8,46
07/09/2021,VCV,CA,AWP,WE,Federal Contract Tower,1,0,0,0,1,0,4,13,4,21,1,4,13,4,22,0,0,0,22
07/10/2021,VCV,CA,AWP,WE,Federal Contract Tower,2,0,0,3,5,0,10,20,0,30,2,10,20,3,35,47,0,47,82
07/11/2021,VCV,CA,AWP,WE,Federal Contract Tower,1,0,1,0,2,0,6,4,0,10,1,6,5,0,12,26,0,26,38
07/12/2021,VCV,CA,AWP,WE,Federal Contract Tower,1,1,0,2,4,0,6,11,3,20,1,7,11,5,24,10,0,10,34
07/13/2021,VCV,CA,AWP,WE,Federal Contract Tower,0,1,2,10,13,0,3,7,7,17,0,4,9,17,30,6,4,10,40
07/14/2021,VCV,CA,AWP,WE,Federal Contract Tower,0,1,1,0,2,0,4,12,0,16,0,5,13,0,18,16,0,16,34
07/15/2021,VCV,CA,AWP,WE,Federal Contract Tower,4,12,2,3,21,0,15,12,1,28,4,27,14,4,49,42,12,54,103
07/16/2021,VCV,CA,AWP,WE,Federal Contract Tower,2,0,0,1,3,0,3,14,4,21,2,3,14,5,24,6,6,12,36
07/17/2021,VCV,CA,AWP,WE,Federal Contract Tower,2,0,0,0,2,0,4,10,0,14,2,4,10,0,16,52,0,52,68
07/18/2021,VCV,CA,AWP,WE,Federal Contract Tower,0,0,0,0,0,0,2,0,0,2,0,2,0,0,2,0,0,0,2
07/19/2021,VCV,CA,AWP,WE,Federal Contract Tower,0,0,1,4,5,0,11,2,5,18,0,11,3,9,23,0,13,13,36
07/20/2021,VCV,CA,AWP,WE,Federal Contract Tower,0,0,2,2,4,0,9,14,7,30,0,9,16,9,34,28,22,50,84
07/21/2021,VCV,CA,AWP,WE,Federal Contract Tower,1,3,3,0,7,0,4,1,11,16,1,7,4,11,23,4,0,4,27
07/22/2021,VCV,CA,AWP,WE,Federal Contract Tower,0,0,2,3,5,0,10,2,21,33,0,10,4,24,38,2,12,14,52
07/23/2021,VCV,CA,AWP,WE,Federal Contract Tower,4,0,2,3,9,0,5,1,3,9,4,5,3,6,18,0,12,12,30
07/24/2021,VCV,CA,AWP,WE,Federal Contract Tower,0,0,1,0,1,0,5,2,1,8,0,5,3,1,9,0,5,5,14
07/25/2021,VCV,CA,AWP,WE,Federal Contract Tower,0,0,0,0,0,0,4,2,0,6,0,4,2,0,6,0,0,0,6
07/26/2021,VCV,CA,AWP,WE,Federal Contract Tower,2,1,0,0,3,0,4,4,1,9,2,5,4,1,12,0,0,0,12
07/27/2021,VCV,CA,AWP,WE,Federal Contract Tower,1,2,3,2,8,0,6,6,0,12,1,8,9,2,20,6,0,6,26
07/28/2021,VCV,CA,AWP,WE,Federal Contract Tower,1,0,0,1,2,0,7,2,1,10,1,7,2,2,12,18,28,46,58
07/29/2021,VCV,CA,AWP,WE,Federal Contract Tower,3,5,2,1,11,0,7,6,6,19,3,12,8,7,30,8,6,14,44
07/30/2021,VCV,CA,AWP,WE,Federal Contract Tower,0,0,3,0,3,0,1,0,10,11,0,1,3,10,14,0,0,0,14
07/31/2021,VCV,CA,AWP,WE,Federal Contract Tower,0,0,0,0,0,0,8,12,10,30,0,8,12,10,30,0,0,0,30
08/01/2021,VCV,CA,AWP,WE,Federal Contract Tower,0,2,0,3,5,0,6,3,2,11,0,8,3,5,16,0,0,0,16
08/02/2021,VCV,CA,AWP,WE,Federal Contract Tower,2,0,0,0,2,0,10,1,0,11,2,10,1,0,13,0,0,0,13
08/03/2021,VCV,CA,AWP,WE,Federal Contract Tower,0,0,0,0,0,0,6,6,0,12,0,6,6,0,12,0,0,0,12
08/04/2021,VCV,CA,AWP,WE,Federal Contract Tower,0,0,0,0,0,0,10,4,0,14,0,10,4,0,14,0,0,0,14
08/05/2021,VCV,CA,AWP,WE,Federal Contract Tower,0,0,0,0,0,0,4,0,0,4,0,4,0,0,4,0,0,0,4
08/06/2021,VCV,CA,AWP,WE,Federal Contract Tower,2,0,0,1,3,0,4,0,1,5,2,4,0,2,8,0,2,2,10
08/07/2021,VCV,CA,AWP,WE,Federal Contract Tower,1,4,0,0,5,0,5,2,0,7,1,9,2,0,12,0,0,0,12
08/08/2021,VCV,CA,AWP,WE,Federal Contract Tower,0,0,3,0,3,0,8,7,0,15,0,8,10,0,18,0,0,0,18
08/09/2021,VCV,CA,AWP,WE,Federal Contract Tower,0,0,0,6,6,1,2,5,7,15,1,2,5,13,21,0,2,2,23
08/10/2021,VCV,CA,AWP,WE,Federal Contract Tower,1,2,0,0,3,0,11,12,2,25,1,13,12,2,28,12,0,12,40
08/11/2021,VCV,CA,AWP,WE,Federal Contract Tower,0,2,4,0,6,0,5,3,2,10,0,7,7,2,16,6,0,6,22
08/12/2021,VCV,CA,AWP,WE,Federal Contract Tower,2,1,4,0,7,0,6,9,6,21,2,7,13,6,28,36,0,36,64
08/13/2021,VCV,CA,AWP,WE,Federal Contract Tower,0,0,1,1,2,0,6,17,1,24,0,6,18,2,26,30,6,36,62
08/14/2021,VCV,CA,AWP,WE,Federal Contract Tower,0,0,0,0,0,0,7,7,0,14,0,7,7,0,14,40,0,40,54
08/15/2021,VCV,CA,AWP,WE,Federal Contract Tower,0,0,2,0,2,0,11,9,0,20,0,11,11,0,22,28,0,28,50
08/16/2021,VCV,CA,AWP,WE,Federal Contract Tower,1,1,0,2,4,0,7,10,0,17,1,8,10,2,21,10,0,10,31
08/17/2021,VCV,CA,AWP,WE,Federal Contract Tower,4,5,0,0,9,0,5,10,0,15,4,10,10,0,24,28,0,28,52
08/18/2021,VCV,CA,AWP,WE,Federal Contract Tower,4,0,0,3,7,0,5,1,3,9,4,5,1,6,16,0,14,14,30
08/19/2021,VCV,CA,AWP,WE,Federal Contract Tower,0,0,0,1,1,0,2,5,2,9,0,2,5,3,10,0,14,14,24
08/20/2021,VCV,CA,AWP,WE,Federal Contract Tower,2,0,2,2,6,0,1,8,0,9,2,1,10,2,15,0,0,0,15
08/21/2021,VCV,CA,AWP,WE,Federal Contract Tower,1,0,0,0,1,0,3,12,0,15,1,3,12,0,16,6,0,6,22
08/22/2021,VCV,CA,AWP,WE,Federal Contract Tower,0,0,0,0,0,0,4,2,0,6,0,4,2,0,6,4,0,4,10
08/23/2021,VCV,CA,AWP,WE,Federal Contract Tower,2,0,0,0,2,0,6,3,0,9,2,6,3,0,11,10,0,10,21
08/24/2021,VCV,CA,AWP,WE,Federal Contract Tower,0,0,0,0,0,0,4,2,2,8,0,4,2,2,8,2,4,6,14
08/25/2021,VCV,CA,AWP,WE,Federal Contract Tower,0,0,0,3,3,0,6,7,6,19,0,6,7,9,22,0,22,22,44
08/26/2021,VCV,CA,AWP,WE,Federal Contract Tower,2,2,0,0,4,0,4,0,0,4,2,6,0,0,8,0,0,0,8
08/27/2021,VCV,CA,AWP,WE,Federal Contract Tower,1,1,0,0,2,0,4,1,3,8,1,5,1,3,10,0,0,0,10
08/28/2021,VCV,CA,AWP,WE,Federal Contract Tower,0,1,0,0,1,0,10,8,5,23,0,11,8,5,24,18,0,18,42
08/29/2021,VCV,CA,AWP,WE,Federal Contract Tower,0,0,0,1,1,0,0,3,4,7,0,0,3,5,8,6,0,6,14
08/30/2021,VCV,CA,AWP,WE,Federal Contract Tower,0,2,0,0,2,0,5,7,0,12,0,7,7,0,14,6,0,6,20
08/31/2021,VCV,CA,AWP,WE,Federal Contract Tower,3,0,0,0,3,0,1,4,0,5,3,1,4,0,8,2,0,2,10
09/01/2021,VCV,CA,AWP,WE,Federal Contract Tower,0,2,1,0,3,0,3,6,4,13,0,5,7,4,16,50,0,50,66
09/02/2021,VCV,CA,AWP,WE,Federal Contract Tower,8,5,4,1,18,2,10,13,1,26,10,15,17,2,44,12,24,36,80
09/03/2021,VCV,CA,AWP,WE,Federal Contract Tower,0,0,0,0,0,0,8,10,0,18,0,8,10,0,18,6,0,6,24
09/04/2021,VCV,CA,AWP,WE,Federal Contract Tower,2,0,2,0,4,0,5,4,0,9,2,5,6,0,13,10,0,10,23
09/05/2021,VCV,CA,AWP,WE,Federal Contract Tower,0,0,1,0,1,0,3,4,2,9,0,3,5,2,10,0,8,8,18
09/06/2021,VCV,CA,AWP,WE,Federal Contract Tower,0,0,0,2,2,0,9,7,2,18,0,9,7,4,20,14,10,24,44
09/07/2021,VCV,CA,AWP,WE,Federal Contract Tower,2,2,0,1,5,0,8,9,0,17,2,10,9,1,22,0,0,0,22
09/08/2021,VCV,CA,AWP,WE,Federal Contract Tower,1,3,0,1,5,0,8,2,1,11,1,11,2,2,16,8,4,12,28
09/09/2021,VCV,CA,AWP,WE,Federal Contract Tower,0,0,1,0,1,0,3,8,0,11,0,3,9,0,12,2,0,2,14
09/10/2021,VCV,CA,AWP,WE,Federal Contract Tower,6,0,1,1,8,0,10,9,1,20,6,10,10,2,28,22,4,26,54
09/11/2021,VCV,CA,AWP,WE,Federal Contract Tower,1,12,0,0,13,0,3,12,0,15,1,15,12,0,28,2,12,14,42
09/12/2021,VCV,CA,AWP,WE,Federal Contract Tower,0,0,0,0,0,0,10,4,0,14,0,10,4,0,14,12,0,12,26
09/13/2021,VCV,CA,AWP,WE,Federal Contract Tower,2,5,3,7,17,0,9,11,12,32,2,14,14,19,49,6,18,24,73
09/14/2021,VCV,CA,AWP,WE,Federal Contract Tower,2,1,0,2,5,0,4,8,6,18,2,5,8,8,23,2,8,10,33
09/15/2021,VCV,CA,AWP,WE,Federal Contract Tower,2,3,0,0,5,0,9,12,2,23,2,12,12,2,28,14,0,14,42
09/16/2021,VCV,CA,AWP,WE,Federal Contract Tower,1,0,1,0,2,0,3,2,3,8,1,3,3,3,10,8,0,8,18
09/17/2021,VCV,CA,AWP,WE,Federal Contract Tower,1,0,0,3,4,0,3,4,1,8,1,3,4,4,12,14,6,20,32
09/18/2021,VCV,CA,AWP,WE,Federal Contract Tower,2,1,0,0,3,0,15,7,0,22,2,16,7,0,25,6,0,6,31
09/19/2021,VCV,CA,AWP,WE,Federal Contract Tower,0,0,1,0,1,0,4,6,0,10,0,4,7,0,11,4,0,4,15
09/20/2021,VCV,CA,AWP,WE,Federal Contract Tower,0,2,0,0,2,0,4,10,1,15,0,6,10,1,17,8,0,8,25
09/21/2021,VCV,CA,AWP,WE,Federal Contract Tower,5,5,0,0,10,0,2,4,6,12,5,7,4,6,22,0,0,0,22
09/22/2021,VCV,CA,AWP,WE,Federal Contract Tower,3,4,1,0,8,2,7,11,0,20,5,11,12,0,28,18,0,18,46
09/23/2021,VCV,CA,AWP,WE,Federal Contract Tower,1,0,5,3,9,0,4,19,8,31,1,4,24,11,40,50,2,52,92
09/24/2021,VCV,CA,AWP,WE,Federal Contract Tower,1,0,0,1,2,0,3,17,2,22,1,3,17,3,24,42,0,42,66
09/25/2021,VCV,CA,AWP,WE,Federal Contract Tower,0,0,0,0,0,0,6,5,3,14,0,6,5,3,14,4,0,4,18
09/26/2021,VCV,CA,AWP,WE,Federal Contract Tower,0,0,1,1,2,0,3,5,0,8,0,3,6,1,10,16,0,16,26
09/27/2021,VCV,CA,AWP,WE,Federal Contract Tower,1,0,5,1,7,0,4,13,0,17,1,4,18,1,24,12,0,12,36
09/28/2021,VCV,CA,AWP,WE,Federal Contract Tower,2,2,4,2,10,0,6,5,1,12,2,8,9,3,22,10,0,10,32
09/29/2021,VCV,CA,AWP,WE,Federal Contract Tower,5,0,6,2,13,0,5,18,0,23,5,5,24,2,36,14,0,14,50
09/30/2021,VCV,CA,AWP,WE,Federal Contract Tower,1,0,4,4,9,0,14,23,1,38,1,14,27,5,47,30,28,58,105
10/01/2021,VCV,CA,AWP,WE,Federal Contract Tower,1,0,2,0,3,0,2,7,2,11,1,2,9,2,14,0,18,18,32
10/02/2021,VCV,CA,AWP,WE,Federal Contract Tower,5,0,2,0,7,0,0,0,0,0,5,0,2,0,7,14,0,14,21
10/03/2021,VCV,CA,AWP,WE,Federal Contract Tower,0,2,0,0,2,0,6,5,2,13,0,8,5,2,15,0,0,0,15
10/04/2021,VCV,CA,AWP,WE,Federal Contract Tower,4,0,8,4,16,0,11,4,0,15,4,11,12,4,31,0,0,0,31
10/05/2021,VCV,CA,AWP,WE,Federal Contract Tower,5,4,6,1,16,0,4,8,1,13,5,8,14,2,29,40,0,40,69
10/06/2021,VCV,CA,AWP,WE,Federal Contract Tower,2,4,3,0,9,0,11,9,0,20,2,15,12,0,29,4,0,4,33
10/07/2021,VCV,CA,AWP,WE,Federal Contract Tower,1,0,0,0,1,0,1,7,0,8,1,1,7,0,9,0,0,0,9
10/08/2021,VCV,CA,AWP,WE,Federal Contract Tower,4,2,3,1,10,0,6,2,3,11,4,8,5,4,21,0,6,6,27
10/09/2021,VCV,CA,AWP,WE,Federal Contract Tower,4,0,2,1,7,0,13,13,4,30,4,13,15,5,37,24,8,32,69
10/10/2021,VCV,CA,AWP,WE,Federal Contract Tower,0,0,0,0,0,0,6,6,0,12,0,6,6,0,12,0,0,0,12
10/11/2021,VCV,CA,AWP,WE,Federal Contract Tower,2,0,0,0,2,0,0,0,0,0,2,0,0,0,2,0,0,0,2
10/12/2021,VCV,CA,AWP,WE,Federal Contract Tower,4,8,0,0,12,0,10,0,0,10,4,18,0,0,22,0,0,0,22
10/13/2021,VCV,CA,AWP,WE,Federal Contract Tower,3,2,0,2,7,0,0,0,0,0,3,2,0,2,7,0,4,4,11
10/14/2021,VCV,CA,AWP,WE,Federal Contract Tower,5,3,1,2,11,0,0,0,0,0,5,3,1,2,11,2,8,10,21
10/15/2021,VCV,CA,AWP,WE,Federal Contract Tower,3,0,1,0,4,0,2,10,0,12,3,2,11,0,16,8,0,8,24
10/16/2021,VCV,CA,AWP,WE,Federal Contract Tower,4,0,2,0,6,2,6,14,0,22,6,6,16,0,28,0,0,0,28
10/17/2021,VCV,CA,AWP,WE,Federal Contract Tower,0,5,0,0,5,0,5,6,0,11,0,10,6,0,16,0,0,0,16
10/18/2021,VCV,CA,AWP,WE,Federal Contract Tower,1,2,0,0,3,0,0,0,0,0,1,2,0,0,3,0,0,0,3
10/19/2021,VCV,CA,AWP,WE,Federal Contract Tower,8,1,0,3,12,0,0,0,0,0,8,1,0,3,12,4,0,4,16
10/20/2021,VCV,CA,AWP,WE,Federal Contract Tower,0,5,0,0,5,0,8,3,2,13,0,13,3,2,18,0,0,0,18
10/21/2021,VCV,CA,AWP,WE,Federal Contract Tower,0,0,1,0,1,0,6,16,2,24,0,6,17,2,25,14,0,14,39
10/22/2021,VCV,CA,AWP,WE,Federal Contract Tower,1,2,2,1,6,0,0,0,0,0,1,2,2,1,6,18,22,40,46
10/23/2021,VCV,CA,AWP,WE,Federal Contract Tower,0,4,0,0,4,0,2,8,0,10,0,6,8,0,14,48,0,48,62
10/24/2021,VCV,CA,AWP,WE,Federal Contract Tower,2,0,0,0,2,0,0,0,0,0,2,0,0,0,2,0,0,0,2
10/25/2021,VCV,CA,AWP,WE,Federal Contract Tower,2,0,0,1,3,0,0,0,0,0,2,0,0,1,3,0,8,8,11
10/26/2021,VCV,CA,AWP,WE,Federal Contract Tower,1,7,2,0,10,0,8,11,2,21,1,15,13,2,31,0,0,0,31
10/27/2021,VCV,CA,AWP,WE,Federal Contract Tower,1,5,3,2,11,0,4,18,0,22,1,9,21,2,33,28,0,28,61
10/28/2021,VCV,CA,AWP,WE,Federal Contract Tower,4,1,0,0,5,0,0,0,0,0,4,1,0,0,5,8,0,8,13
10/29/2021,VCV,CA,AWP,WE,Federal Contract Tower,2,0,5,0,7,2,4,13,2,21,4,4,18,2,28,4,6,10,38
10/30/2021,VCV,CA,AWP,WE,Federal Contract Tower,1,0,0,0,1,0,8,9,0,17,1,8,9,0,18,28,0,28,46
10/31/2021,VCV,CA,AWP,WE,Federal Contract Tower,0,0,3,0,3,0,8,5,0,13,0,8,8,0,16,8,0,8,24
11/01/2021,VCV,CA,AWP,WE,Federal Contract Tower,2,0,0,0,2,0,6,1,0,7,2,6,1,0,9,4,0,4,13
11/02/2021,VCV,CA,AWP,WE,Federal Contract Tower,4,0,1,0,5,0,0,0,0,0,4,0,1,0,5,8,0,8,13
11/03/2021,VCV,CA,AWP,WE,Federal Contract Tower,1,5,0,0,6,0,11,4,2,17,1,16,4,2,23,16,12,28,51
11/04/2021,VCV,CA,AWP,WE,Federal Contract Tower,0,7,0,0,7,0,12,6,6,24,0,19,6,6,31,8,20,28,59
11/05/2021,VCV,CA,AWP,WE,Federal Contract Tower,3,4,2,0,9,0,10,17,4,31,3,14,19,4,40,30,0,30,70
11/06/2021,VCV,CA,AWP,WE,Federal Contract Tower,1,5,2,0,8,0,14,17,0,31,1,19,19,0,39,38,0,38,77
11/07/2021,VCV,CA,AWP,WE,Federal Contract Tower,1,0,1,0,2,0,10,6,0,16,1,10,7,0,18,16,0,16,34
11/08/2021,VCV,CA,AWP,WE,Federal Contract Tower,3,0,4,3,10,0,6,23,0,29,3,6,27,3,39,6,16,22,61
11/09/2021,VCV,CA,AWP,WE,Federal Contract Tower,1,0,3,0,4,0,6,2,4,12,1,6,5,4,16,4,30,34,50
11/10/2021,VCV,CA,AWP,WE,Federal Contract Tower,1,2,2,0,5,0,14,7,0,21,1,16,9,0,26,34,0,34,60
11/11/2021,VCV,CA,AWP,WE,Federal Contract Tower,2,3,0,0,5,0,9,9,0,18,2,12,9,0,23,30,0,30,53
11/12/2021,VCV,CA,AWP,WE,Federal Contract Tower,1,4,1,0,6,0,7,5,0,12,1,11,6,0,18,18,0,18,36
11/13/2021,VCV,CA,AWP,WE,Federal Contract Tower,0,0,2,0,2,0,4,5,0,9,0,4,7,0,11,14,0,14,25
11/14/2021,VCV,CA,AWP,WE,Federal Contract Tower,1,1,0,0,2,0,7,14,0,21,1,8,14,0,23,2,0,2,25
11/15/2021,VCV,CA,AWP,WE,Federal Contract Tower,0,5,0,0,5,0,7,5,2,14,0,12,5,2,19,0,16,16,35
11/16/2021,VCV,CA,AWP,WE,Federal Contract Tower,1,7,2,2,12,0,17,7,7,31,1,24,9,9,43,6,12,18,61
11/17/2021,VCV,CA,AWP,WE,Federal Contract Tower,1,4,1,1,7,0,3,14,1,18,1,7,15,2,25,14,14,28,53
11/18/2021,VCV,CA,AWP,WE,Federal Contract Tower,1,5,4,1,11,0,8,7,0,15,1,13,11,1,26,20,22,42,68
11/19/2021,VCV,CA,AWP,WE,Federal Contract Tower,2,3,1,7,13,0,9,7,8,24,2,12,8,15,37,28,28,56,93
11/20/2021,VCV,CA,AWP,WE,Federal Contract Tower,0,1,3,1,5,0,4,12,0,16,0,5,15,1,21,26,6,32,53
11/21/2021,VCV,CA,AWP,WE,Federal Contract Tower,0,0,4,1,5,0,10,13,1,24,0,10,17,2,29,16,8,24,53
11/22/2021,VCV,CA,AWP,WE,Federal Contract Tower,2,1,1,0,4,0,7,7,0,14,2,8,8,0,18,16,0,16,34
11/23/2021,VCV,CA,AWP,WE,Federal Contract Tower,2,14,1,0,17,0,5,14,2,21,2,19,15,2,38,12,0,12,50
11/24/2021,VCV,CA,AWP,WE,Federal Contract Tower,3,0,2,3,8,0,4,13,1,18,3,4,15,4,26,10,14,24,50
11/25/2021,VCV,CA,AWP,WE,Federal Contract Tower,0,0,0,0,0,0,7,1,0,8,0,7,1,0,8,0,0,0,8
11/26/2021,VCV,CA,AWP,WE,Federal Contract Tower,0,0,2,0,2,0,12,8,0,20,0,12,10,0,22,2,0,2,24
11/27/2021,VCV,CA,AWP,WE,Federal Contract Tower,1,2,0,2,5,0,7,8,0,15,1,9,8,2,20,12,2,14,34
11/28/2021,VCV,CA,AWP,WE,Federal Contract Tower,1,0,0,0,1,0,9,8,0,17,1,9,8,0,18,0,0,0,18
11/29/2021,VCV,CA,AWP,WE,Federal Contract Tower,0,2,0,0,2,0,5,3,2,10,0,7,3,2,12,0,12,12,24
11/30/2021,VCV,CA,AWP,WE,Federal Contract Tower,1,0,0,0,1,0,15,5,2,22,1,15,5,2,23,6,0,6,29
12/01/2021,VCV,CA,AWP,WE,Federal Contract Tower,3,7,2,1,13,0,7,7,3,17,3,14,9,4,30,10,6,16,46
12/02/2021,VCV,CA,AWP,WE,Federal Contract Tower,3,0,4,0,7,0,15,14,10,39,3,15,18,10,46,10,2,12,58
12/03/2021,VCV,CA,AWP,WE,Federal Contract Tower,0,3,5,2,10,0,7,16,5,28,0,10,21,7,38,26,10,36,74
12/04/2021,VCV,CA,AWP,WE,Federal Contract Tower,2,0,10,0,12,0,8,9,4,21,2,8,19,4,33,8,0,8,41
12/05/2021,VCV,CA,AWP,WE,Federal Contract Tower,1,3,0,0,4,0,7,2,0,9,1,10,2,0,13,0,0,0,13
12/06/2021,VCV,CA,AWP,WE,Federal Contract Tower,1,6,2,1,10,0,9,5,2,16,1,15,7,3,26,2,4,6,32
12/07/2021,VCV,CA,AWP,WE,Federal Contract Tower,3,0,0,10,13,0,9,4,0,13,3,9,4,10,26,16,10,26,52
12/08/2021,VCV,CA,AWP,WE,Federal Contract Tower,1,7,0,0,8,0,5,12,0,17,1,12,12,0,25,12,0,12,37
12/09/2021,VCV,CA,AWP,WE,Federal Contract Tower,0,18,6,14,38,0,1,2,4,7,0,19,8,18,45,10,30,40,85
12/10/2021,VCV,CA,AWP,WE,Federal Contract Tower,1,0,6,4,11,0,12,14,1,27,1,12,20,5,38,26,6,32,70
12/11/2021,VCV,CA,AWP,WE,Federal Contract Tower,2,2,0,0,4,0,23,3,0,26,2,25,3,0,30,12,0,12,42
12/12/2021,VCV,CA,AWP,WE,Federal Contract Tower,0,13,0,0,13,0,15,8,0,23,0,28,8,0,36,8,0,8,44
12/13/2021,VCV,CA,AWP,WE,Federal Contract Tower,3,2,2,4,11,0,3,17,2,22,3,5,19,6,33,0,22,22,55
12/14/2021,VCV,CA,AWP,WE,Federal Contract Tower,0,1,0,0,1,0,2,0,0,2,0,3,0,0,3,0,0,0,3
12/15/2021,VCV,CA,AWP,WE,Federal Contract Tower,3,8,1,1,13,2,8,23,15,48,5,16,24,16,61,4,0,4,65
12/16/2021,VCV,CA,AWP,WE,Federal Contract Tower,2,1,12,0,15,0,5,10,6,21,2,6,22,6,36,6,4,10,46
12/17/2021,VCV,CA,AWP,WE,Federal Contract Tower,1,1,18,2,22,0,7,34,0,41,1,8,52,2,63,18,0,18,81
12/18/2021,VCV,CA,AWP,WE,Federal Contract Tower,2,11,3,0,16,0,12,4,2,18,2,23,7,2,34,4,6,10,44
12/19/2021,VCV,CA,AWP,WE,Federal Contract Tower,2,2,4,0,8,0,23,8,4,35,2,25,12,4,43,22,14,36,79
12/20/2021,VCV,CA,AWP,WE,Federal Contract Tower,0,3,5,1,9,0,7,10,2,19,0,10,15,3,28,24,12,36,64
12/21/2021,VCV,CA,AWP,WE,Federal Contract Tower,1,7,0,2,10,0,2,14,4,20,1,9,14,6,30,0,22,22,52
12/22/2021,VCV,CA,AWP,WE,Federal Contract Tower,2,3,6,0,11,0,2,11,0,13,2,5,17,0,24,6,0,6,30
12/23/2021,VCV,CA,AWP,WE,Federal Contract Tower,1,0,0,0,1,0,5,1,0,6,1,5,1,0,7,0,0,0,7
12/24/2021,VCV,CA,AWP,WE,Federal Contract Tower,0,0,0,0,0,0,1,5,0,6,0,1,5,0,6,2,0,2,8
12/25/2021,VCV,CA,AWP,WE,Federal Contract Tower,0,0,0,0,0,0,2,0,0,2,0,2,0,0,2,0,0,0,2
12/26/2021,VCV,CA,AWP,WE,Federal Contract Tower,0,0,1,0,1,0,12,3,0,15,0,12,4,0,16,6,0,6,22
12/27/2021,VCV,CA,AWP,WE,Federal Contract Tower,0,0,1,1,2,0,3,4,1,8,0,3,5,2,10,0,24,24,34
12/28/2021,VCV,CA,AWP,WE,Federal Contract Tower,1,1,5,0,7,0,2,5,0,7,1,3,10,0,14,0,0,0,14
12/29/2021,VCV,CA,AWP,WE,Federal Contract Tower,1,0,0,0,1,0,1,3,0,4,1,1,3,0,5,0,0,0,5
12/30/2021,VCV,CA,AWP,WE,Federal Contract Tower,1,0,0,0,1,0,0,8,0,8,1,0,8,0,9,6,0,6,15
12/31/2021,VCV,CA,AWP,WE,Federal Contract Tower,0,0,6,0,6,0,2,13,0,15,0,2,19,0,21,6,0,6,27
01/01/2022,VCV,CA,AWP,WE,Federal Contract Tower,0,0,0,0,0,0,4,3,0,7,0,4,3,0,7,2,0,2,9
01/02/2022,VCV,CA,AWP,WE,Federal Contract Tower,0,1,6,0,7,0,6,6,0,12,0,7,12,0,19,20,0,20,39
01/03/2022,VCV,CA,AWP,WE,Federal Contract Tower,1,0,6,0,7,0,6,4,0,10,1,6,10,0,17,12,0,12,29
01/04/2022,VCV,CA,AWP,WE,Federal Contract Tower,1,0,1,3,5,0,3,5,1,9,1,3,6,4,14,16,0,16,30
01/05/2022,VCV,CA,AWP,WE,Federal Contract Tower,3,2,3,1,9,0,2,15,0,17,3,4,18,1,26,71,0,71,97
01/06/2022,VCV,CA,AWP,WE,Federal Contract Tower,0,4,0,4,8,0,0,14,2,16,0,4,14,6,24,16,15,31,55
01/07/2022,VCV,CA,AWP,WE,Federal Contract Tower,4,2,3,3,12,0,0,8,1,9,4,2,11,4,21,2,17,19,40
01/08/2022,VCV,CA,AWP,WE,Federal Contract Tower,0,3,2,0,5,0,5,10,0,15,0,8,12,0,20,14,0,14,34
01/09/2022,VCV,CA,AWP,WE,Federal Contract Tower,2,8,1,0,11,0,14,11,0,25,2,22,12,0,36,18,0,18,54
01/10/2022,VCV,CA,AWP,WE,Federal Contract Tower,2,0,0,0,2,0,13,5,0,18,2,13,5,0,20,0,0,0,20
01/11/2022,VCV,CA,AWP,WE,Federal Contract Tower,0,2,3,8,13,0,1,10,2,13,0,3,13,10,26,10,0,10,36
01/12/2022,VCV,CA,AWP,WE,Federal Contract Tower,2,4,2,0,8,0,2,9,0,11,2,6,11,0,19,40,0,40,59
01/13/2022,VCV,CA,AWP,WE,Federal Contract Tower,2,0,4,4,10,1,2,5,0,8,3,2,9,4,18,18,4,22,40
01/14/2022,VCV,CA,AWP,WE,Federal Contract Tower,0,0,13,0,13,0,2,11,2,15,0,2,24,2,28,10,68,78,106
01/15/2022,VCV,CA,AWP,WE,Federal Contract Tower,0,0,3,0,3,0,7,12,8,27,0,7,15,8,30,10,0,10,40
01/16/2022,VCV,CA,AWP,WE,Federal Contract Tower,1,0,2,0,3,0,6,5,0,11,1,6,7,0,14,8,0,8,22
01/17/2022,VCV,CA,AWP,WE,Federal Contract Tower,2,0,2,0,4,0,4,4,0,8,2,4,6,0,12,2,0,2,14
01/18/2022,VCV,CA,AWP,WE,Federal Contract Tower,4,4,1,4,13,0,2,13,0,15,4,6,14,4,28,22,12,34,62
01/19/2022,VCV,CA,AWP,WE,Federal Contract Tower,1,4,2,2,9,0,1,23,2,26,1,5,25,4,35,0,0,0,35
01/20/2022,VCV,CA,AWP,WE,Federal Contract Tower,1,0,3,1,5,0,3,7,4,14,1,3,10,5,19,16,2,18,37
01/21/2022,VCV,CA,AWP,WE,Federal Contract Tower,2,0,2,0,4,1,6,8,0,15,3,6,10,0,19,2,0,2,21
01/22/2022,VCV,CA,AWP,WE,Federal Contract Tower,1,0,1,0,2,0,5,6,0,11,1,5,7,0,13,6,0,6,19
01/23/2022,VCV,CA,AWP,WE,Federal Contract Tower,0,0,1,1,2,0,1,12,1,14,0,1,13,2,16,2,8,10,26
01/24/2022,VCV,CA,AWP,WE,Federal Contract Tower,0,0,2,5,7,0,8,23,4,35,0,8,25,9,42,16,30,46,88
01/25/2022,VCV,CA,AWP,WE,Federal Contract Tower,3,4,7,7,21,0,1,8,1,10,3,5,15,8,31,5,20,25,56
01/26/2022,VCV,CA,AWP,WE,Federal Contract Tower,0,5,6,0,11,0,7,19,2,28,0,12,25,2,39,0,0,0,39
01/27/2022,VCV,CA,AWP,WE,Federal Contract Tower,1,1,2,2,6,0,0,11,4,15,1,1,13,6,21,47,0,47,68
01/28/2022,VCV,CA,AWP,WE,Federal Contract Tower,1,0,1,1,3,0,4,3,1,8,1,4,4,2,11,0,10,10,21
01/29/2022,VCV,CA,AWP,WE,Federal Contract Tower,0,0,6,0,6,0,6,12,0,18,0,6,18,0,24,6,0,6,30
01/30/2022,VCV,CA,AWP,WE,Federal Contract Tower,1,0,3,0,4,0,5,13,0,18,1,5,16,0,22,14,0,14,36
01/31/2022,VCV,CA,AWP,WE,Federal Contract Tower,3,0,0,0,3,0,7,18,2,27,3,7,18,2,30,4,8,12,42
02/01/2022,VCV,CA,AWP,WE,Federal Contract Tower,2,0,11,2,15,0,9,11,2,22,2,9,22,4,37,6,0,6,43
02/02/2022,VCV,CA,AWP,WE,Federal Contract Tower,1,4,4,0,9,0,6,2,0,8,1,10,6,0,17,0,0,0,17
02/03/2022,VCV,CA,AWP,WE,Federal Contract Tower,0,0,6,0,6,0,14,20,0,34,0,14,26,0,40,20,0,20,60
02/04/2022,VCV,CA,AWP,WE,Federal Contract Tower,5,1,1,0,7,1,8,1,0,10,6,9,2,0,17,2,0,2,19
02/05/2022,VCV,CA,AWP,WE,Federal Contract Tower,4,0,2,0,6,0,7,10,0,17,4,7,12,0,23,16,0,16,39
02/06/2022,VCV,CA,AWP,WE,Federal Contract Tower,1,0,0,0,1,0,7,5,0,12,1,7,5,0,13,6,0,6,19
02/07/2022,VCV,CA,AWP,WE,Federal Contract Tower,2,0,2,2,6,0,3,9,0,12,2,3,11,2,18,6,0,6,24
02/08/2022,VCV,CA,AWP,WE,Federal Contract Tower,1,1,1,0,3,0,9,10,0,19,1,10,11,0,22,5,0,5,27
02/09/2022,VCV,CA,AWP,WE,Federal Contract Tower,4,2,0,0,6,0,10,11,0,21,4,12,11,0,27,52,0,52,79
02/10/2022,VCV,CA,AWP,WE,Federal Contract Tower,0,0,4,2,6,0,10,6,3,19,0,10,10,5,25,10,0,10,35
02/11/2022,VCV,CA,AWP,WE,Federal Contract Tower,5,2,1,0,8,0,14,9,2,25,5,16,10,2,33,14,0,14,47
02/12/2022,VCV,CA,AWP,WE,Federal Contract Tower,5,1,5,0,11,0,8,18,0,26,5,9,23,0,37,48,0,48,85
02/13/2022,VCV,CA,AWP,WE,Federal Contract Tower,0,0,0,0,0,0,9,1,1,11,0,9,1,1,11,4,2,6,17
02/14/2022,VCV,CA,AWP,WE,Federal Contract Tower,4,1,2,0,7,0,11,1,0,12,4,12,3,0,19,8,0,8,27
02/15/2022,VCV,CA,AWP,WE,Federal Contract Tower,3,4,0,0,7,2,0,2,4,8,5,4,2,4,15,6,0,6,21
02/16/2022,VCV,CA,AWP,WE,Federal Contract Tower,3,9,3,0,15,1,12,6,0,19,4,21,9,0,34,5,0,5,39
02/17/2022,VCV,CA,AWP,WE,Federal Contract Tower,5,0,0,0,5,0,3,7,2,12,5,3,7,2,17,0,0,0,17
02/18/2022,VCV,CA,AWP,WE,Federal Contract Tower,3,0,0,0,3,0,15,14,0,29,3,15,14,0,32,7,0,7,39
02/19/2022,VCV,CA,AWP,WE,Federal Contract Tower,3,0,0,0,3,0,8,5,0,13,3,8,5,0,16,6,0,6,22
02/20/2022,VCV,CA,AWP,WE,Federal Contract Tower,3,0,1,0,4,27,14,27,0,68,30,14,28,0,72,46,0,46,118
02/21/2022,VCV,CA,AWP,WE,Federal Contract Tower,4,1,0,0,5,0,1,0,0,1,4,2,0,0,6,0,0,0,6
02/22/2022,VCV,CA,AWP,WE,Federal Contract Tower,2,2,0,0,4,0,3,0,0,3,2,5,0,0,7,0,0,0,7
02/23/2022,VCV,CA,AWP,WE,Federal Contract Tower,9,5,0,4,18,1,7,5,0,13,10,12,5,4,31,7,10,17,48
02/24/2022,VCV,CA,AWP,WE,Federal Contract Tower,13,7,3,0,23,0,12,22,0,34,13,19,25,0,57,12,0,12,69
02/25/2022,VCV,CA,AWP,WE,Federal Contract Tower,3,0,7,0,10,0,6,12,1,19,3,6,19,1,29,11,8,19,48
02/26/2022,VCV,CA,AWP,WE,Federal Contract Tower,2,0,4,3,9,1,6,20,4,31,3,6,24,7,40,30,6,36,76
02/27/2022,VCV,CA,AWP,WE,Federal Contract Tower,1,2,1,0,4,0,12,5,0,17,1,14,6,0,21,10,0,10,31
02/28/2022,VCV,CA,AWP,WE,Federal Contract Tower,2,1,3,0,6,0,18,14,0,32,2,19,17,0,38,24,0,24,62
03/01/2022,VCV,CA,AWP,WE,Federal Contract Tower,2,15,1,2,20,1,9,13,6,29,3,24,14,8,49,32,14,46,95
03/02/2022,VCV,CA,AWP,WE,Federal Contract Tower,2,7,2,0,11,3,25,22,0,50,5,32,24,0,61,24,0,24,85
03/03/2022,VCV,CA,AWP,WE,Federal Contract Tower,2,0,6,2,10,1,10,24,6,41,3,10,30,8,51,26,0,26,77
03/04/2022,VCV,CA,AWP,WE,Federal Contract Tower,2,3,2,0,7,0,3,2,0,5,2,6,4,0,12,2,0,2,14
03/05/2022,VCV,CA,AWP,WE,Federal Contract Tower,0,0,0,0,0,0,6,0,0,6,0,6,0,0,6,0,0,0,6
03/06/2022,VCV,CA,AWP,WE,Federal Contract Tower,2,0,1,0,3,0,9,5,0,14,2,9,6,0,17,0,0,0,17
03/07/2022,VCV,CA,AWP,WE,Federal Contract Tower,1,0,1,2,4,0,8,15,6,29,1,8,16,8,33,8,32,40,73
03/08/2022,VCV,CA,AWP,WE,Federal Contract Tower,2,2,1,0,5,0,18,9,6,33,2,20,10,6,38,6,0,6,44
03/09/2022,VCV,CA,AWP,WE,Federal Contract Tower,1,4,0,0,5,0,8,2,2,12,1,12,2,2,17,0,8,8,25
03/10/2022,VCV,CA,AWP,WE,Federal Contract Tower,1,1,0,0,2,0,4,6,1,11,1,5,6,1,13,8,11,19,32
03/11/2022,VCV,CA,AWP,WE,Federal Contract Tower,0,1,2,4,7,0,3,23,0,26,0,4,25,4,33,0,0,0,33
03/12/2022,VCV,CA,AWP,WE,Federal Contract Tower,0,0,0,0,0,0,3,14,0,17,0,3,14,0,17,16,0,16,33
03/13/2022,VCV,CA,AWP,WE,Federal Contract Tower,0,0,2,0,2,0,4,13,0,17,0,4,15,0,19,8,0,8,27
03/14/2022,VCV,CA,AWP,WE,Federal Contract Tower,2,0,0,2,4,0,30,2,10,42,2,30,2,12,46,8,0,8,54
03/15/2022,VCV,CA,AWP,WE,Federal Contract Tower,2,3,0,0,5,0,5,13,2,20,2,8,13,2,25,4,0,4,29
03/16/2022,VCV,CA,AWP,WE,Federal Contract Tower,1,7,0,2,10,0,14,17,4,35,1,21,17,6,45,24,0,24,69
03/17/2022,VCV,CA,AWP,WE,Federal Contract Tower,2,1,3,3,9,0,4,14,2,20,2,5,17,5,29,10,0,10,39
03/18/2022,VCV,CA,AWP,WE,Federal Contract Tower,1,0,3,0,4,0,6,10,0,16,1,6,13,0,20,2,0,2,22
03/19/2022,VCV,CA,AWP,WE,Federal Contract Tower,0,0,6,0,6,0,11,8,2,21,0,11,14,2,27,6,4,10,37
03/20/2022,VCV,CA,AWP,WE,Federal Contract Tower,0,1,0,0,1,0,6,2,0,8,0,7,2,0,9,2,0,2,11
03/21/2022,VCV,CA,AWP,WE,Federal Contract Tower,1,0,0,0,1,0,5,2,0,7,1,5,2,0,8,2,0,2,10
03/22/2022,VCV,CA,AWP,WE,Federal Contract Tower,1,0,0,1,2,0,6,5,8,19,1,6,5,9,21,7,12,19,40
03/23/2022,VCV,CA,AWP,WE,Federal Contract Tower,3,4,0,1,8,0,8,8,2,18,3,12,8,3,26,6,18,24,50
03/24/2022,VCV,CA,AWP,WE,Federal Contract Tower,2,3,5,3,13,0,9,14,4,27,2,12,19,7,40,16,0,16,56
03/25/2022,VCV,CA,AWP,WE,Federal Contract Tower,0,2,2,0,4,0,5,12,0,17,0,7,14,0,21,16,0,16,37
03/26/2022,VCV,CA,AWP,WE,Federal Contract Tower,0,0,0,0,0,0,6,7,4,17,0,6,7,4,17,14,0,14,31
03/27/2022,VCV,CA,AWP,WE,Federal Contract Tower,0,1,0,0,1,0,4,1,0,5,0,5,1,0,6,0,0,0,6
03/28/2022,VCV,CA,AWP,WE,Federal Contract Tower,0,0,1,0,1,0,0,1,0,1,0,0,2,0,2,0,0,0,2
03/29/2022,VCV,CA,AWP,WE,Federal Contract Tower,1,6,0,1,8,0,7,4,1,12,1,13,4,2,20,11,0,11,31
03/30/2022,VCV,CA,AWP,WE,Federal Contract Tower,2,6,2,2,12,1,5,9,4,19,3,11,11,6,31,6,18,24,55
03/31/2022,VCV,CA,AWP,WE,Federal Contract Tower,1,5,1,0,7,0,4,16,4,24,1,9,17,4,31,16,6,22,53
04/01/2022,VCV,CA,AWP,WE,Federal Contract Tower,0,0,0,0,0,0,2,13,0,15,0,2,13,0,15,10,0,10,25
04/02/2022,VCV,CA,AWP,WE,Federal Contract Tower,3,0,1,0,4,0,10,7,0,17,3,10,8,0,21,20,0,20,41
04/03/2022,VCV,CA,AWP,WE,Federal Contract Tower,1,2,4,0,7,0,5,6,0,11,1,7,10,0,18,0,0,0,18
04/04/2022,VCV,CA,AWP,WE,Federal Contract Tower,0,3,1,3,7,0,8,5,1,14,0,11,6,4,21,6,22,28,49
04/05/2022,VCV,CA,AWP,WE,Federal Contract Tower,7,4,1,0,12,0,7,12,10,29,7,11,13,10,41,14,0,14,55
04/06/2022,VCV,CA,AWP,WE,Federal Contract Tower,2,2,2,0,6,0,7,10,0,17,2,9,12,0,23,18,0,18,41
04/07/2022,VCV,CA,AWP,WE,Federal Contract Tower,1,1,3,0,5,0,4,3,0,7,1,5,6,0,12,0,0,0,12
04/08/2022,VCV,CA,AWP,WE,Federal Contract Tower,1,2,0,0,3,0,7,7,0,14,1,9,7,0,17,6,0,6,23
04/09/2022,VCV,CA,AWP,WE,Federal Contract Tower,2,0,0,0,2,0,13,5,0,18,2,13,5,0,20,2,0,2,22
04/10/2022,VCV,CA,AWP,WE,Federal Contract Tower,0,0,0,1,1,0,8,9,0,17,0,8,9,1,18,16,0,16,34
04/11/2022,VCV,CA,AWP,WE,Federal Contract Tower,1,3,0,1,5,0,5,0,2,7,1,8,0,3,12,0,0,0,12
04/12/2022,VCV,CA,AWP,WE,Federal Contract Tower,4,2,1,7,14,0,5,7,9,21,4,7,8,16,35,2,2,4,39
04/13/2022,VCV,CA,AWP,WE,Federal Contract Tower,1,4,4,1,10,0,8,3,8,19,1,12,7,9,29,0,0,0,29
04/14/2022,VCV,CA,AWP,WE,Federal Contract Tower,0,4,3,2,9,0,8,11,5,24,0,12,14,7,33,4,6,10,43
04/15/2022,VCV,CA,AWP,WE,Federal Contract Tower,1,3,2,0,6,0,9,9,0,18,1,12,11,0,24,6,0,6,30
04/16/2022,VCV,CA,AWP,WE,Federal Contract Tower,0,0,0,0,0,0,7,3,0,10,0,7,3,0,10,2,0,2,12
04/17/2022,VCV,CA,AWP,WE,Federal Contract Tower,0,0,0,0,0,0,3,14,0,17,0,3,14,0,17,8,0,8,25
04/18/2022,VCV,CA,AWP,WE,Federal Contract Tower,0,0,2,0,2,0,4,10,0,14,0,4,12,0,16,2,0,2,18
04/19/2022,VCV,CA,AWP,WE,Federal Contract Tower,0,6,1,2,9,0,10,2,0,12,0,16,3,2,21,2,0,2,23
04/20/2022,VCV,CA,AWP,WE,Federal Contract Tower,4,5,0,0,9,0,10,6,0,16,4,15,6,0,25,14,0,14,39
04/21/2022,VCV,CA,AWP,WE,Federal Contract Tower,0,1,1,0,2,0,8,11,4,23,0,9,12,4,25,4,25,29,54
04/22/2022,VCV,CA,AWP,WE,Federal Contract Tower,1,1,0,0,2,0,2,2,0,4,1,3,2,0,6,0,0,0,6
04/23/2022,VCV,CA,AWP,WE,Federal Contract Tower,2,0,0,2,4,0,9,1,0,10,2,9,1,2,14,0,0,0,14
04/24/2022,VCV,CA,AWP,WE,Federal Contract Tower,1,0,2,0,3,0,8,5,0,13,1,8,7,0,16,8,0,8,24
04/25/2022,VCV,CA,AWP,WE,Federal Contract Tower,4,0,4,0,8,0,13,11,0,24,4,13,15,0,32,2,0,2,34
04/26/2022,VCV,CA,AWP,WE,Federal Contract Tower,2,3,1,2,8,0,5,8,0,13,2,8,9,2,21,16,0,16,37
04/27/2022,VCV,CA,AWP,WE,Federal Contract Tower,2,9,0,3,14,0,6,8,0,14,2,15,8,3,28,6,0,6,34
04/28/2022,VCV,CA,AWP,WE,Federal Contract Tower,1,0,1,1,3,0,6,2,5,13,1,6,3,6,16,0,2,2,18
04/29/2022,VCV,CA,AWP,WE,Federal Contract Tower,2,1,0,0,3,0,5,19,2,26,2,6,19,2,29,14,0,14,43
04/30/2022,VCV,CA,AWP,WE,Federal Contract Tower,1,0,0,0,1,0,11,4,16,31,1,11,4,16,32,14,0,14,46
05/01/2022,VCV,CA,AWP,WE,Federal Contract Tower,1,0,0,0,1,0,14,10,0,24,1,14,10,0,25,22,0,22,47
05/02/2022,VCV,CA,AWP,WE,Federal Contract Tower,4,1,6,2,13,0,26,7,2,35,4,27,13,4,48,0,0,0,48
05/03/2022,VCV,CA,AWP,WE,Federal Contract Tower,4,2,5,0,11,0,9,20,0,29,4,11,25,0,40,39,0,39,79
05/04/2022,VCV,CA,AWP,WE,Federal Contract Tower,2,3,1,1,7,0,11,2,3,16,2,14,3,4,23,0,20,20,43
05/05/2022,VCV,CA,AWP,WE,Federal Contract Tower,2,7,1,0,10,0,7,6,2,15,2,14,7,2,25,3,8,11,36
05/06/2022,VCV,CA,AWP,WE,Federal Contract Tower,4,0,0,0,4,0,9,4,2,15,4,9,4,2,19,0,2,2,21
05/07/2022,VCV,CA,AWP,WE,Federal Contract Tower,0,2,0,3,5,0,10,0,5,15,0,12,0,8,20,0,4,4,24
05/08/2022,VCV,CA,AWP,WE,Federal Contract Tower,0,0,0,0,0,0,9,2,0,11,0,9,2,0,11,0,0,0,11
05/09/2022,VCV,CA,AWP,WE,Federal Contract Tower,2,3,0,0,5,0,10,2,0,12,2,13,2,0,17,4,0,4,21
05/10/2022,VCV,CA,AWP,WE,Federal Contract Tower,5,7,5,0,17,0,6,4,0,10,5,13,9,0,27,8,2,10,37
05/11/2022,VCV,CA,AWP,WE,Federal Contract Tower,3,4,0,0,7,0,7,5,3,15,3,11,5,3,22,10,6,16,38
05/12/2022,VCV,CA,AWP,WE,Federal Contract Tower,3,0,2,0,5,0,15,18,4,37,3,15,20,4,42,26,2,28,70
05/13/2022,VCV,CA,AWP,WE,Federal Contract Tower,4,0,3,0,7,0,6,19,0,25,4,6,22,0,32,13,0,13,45
05/14/2022,VCV,CA,AWP,WE,Federal Contract Tower,3,0,0,3,6,0,10,3,3,16,3,10,3,6,22,10,2,12,34
05/15/2022,VCV,CA,AWP,WE,Federal Contract Tower,0,0,1,0,1,0,10,2,0,12,0,10,3,0,13,2,0,2,15
05/16/2022,VCV,CA,AWP,WE,Federal Contract Tower,6,2,0,1,9,0,17,16,3,36,6,19,16,4,45,0,0,0,45
05/17/2022,VCV,CA,AWP,WE,Federal Contract Tower,3,2,3,27,35,3,13,13,2,31,6,15,16,29,66,2,4,6,72
05/18/2022,VCV,CA,AWP,WE,Federal Contract Tower,4,2,16,0,22,0,10,18,0,28,4,12,34,0,50,4,0,4,54
05/19/2022,VCV,CA,AWP,WE,Federal Contract Tower,4,0,1,4,9,2,13,3,2,20,6,13,4,6,29,12,4,16,45
05/20/2022,VCV,CA,AWP,WE,Federal Contract Tower,2,0,0,0,2,2,13,0,0,15,4,13,0,0,17,0,0,0,17
05/21/2022,VCV,CA,AWP,WE,Federal Contract Tower,4,0,0,0,4,0,15,8,0,23,4,15,8,0,27,14,0,14,41
05/22/2022,VCV,CA,AWP,WE,Federal Contract Tower,2,0,0,0,2,0,10,6,0,16,2,10,6,0,18,12,0,12,30
05/23/2022,VCV,CA,AWP,WE,Federal Contract Tower,4,0,0,2,6,0,7,4,0,11,4,7,4,2,17,6,26,32,49
05/24/2022,VCV,CA,AWP,WE,Federal Contract Tower,1,5,4,0,10,0,7,6,5,18,1,12,10,5,28,10,36,46,74
05/25/2022,VCV,CA,AWP,WE,Federal Contract Tower,4,2,2,4,12,0,5,7,6,18,4,7,9,10,30,0,53,53,83
05/26/2022,VCV,CA,AWP,WE,Federal Contract Tower,4,2,5,0,11,0,7,5,0,12,4,9,10,0,23,15,0,15,38
05/27/2022,VCV,CA,AWP,WE,Federal Contract Tower,6,0,2,3,11,0,11,6,2,19,6,11,8,5,30,4,12,16,46
05/28/2022,VCV,CA,AWP,WE,Federal Contract Tower,1,0,0,2,3,0,3,0,1,4,1,3,0,3,7,0,0,0,7
05/29/2022,VCV,CA,AWP,WE,Federal Contract Tower,0,0,0,0,0,0,3,0,0,3,0,3,0,0,3,0,0,0,3
05/30/2022,VCV,CA,AWP,WE,Federal Contract Tower,5,0,0,0,5,0,3,4,0,7,5,3,4,0,12,12,0,12,24
05/31/2022,VCV,CA,AWP,WE,Federal Contract Tower,6,6,1,1,14,0,9,8,12,29,6,15,9,13,43,0,11,11,54
06/01/2022,VCV,CA,AWP,WE,Federal Contract Tower,4,2,0,3,9,0,7,5,8,20,4,9,5,11,29,0,0,0,29
06/02/2022,VCV,CA,AWP,WE,Federal Contract Tower,4,1,0,0,5,0,4,4,6,14,4,5,4,6,19,2,2,4,23
06/03/2022,VCV,CA,AWP,WE,Federal Contract Tower,2,0,3,3,8,0,10,11,4,25,2,10,14,7,33,20,4,24,57
06/04/2022,VCV,CA,AWP,WE,Federal Contract Tower,2,0,1,0,3,0,8,2,0,10,2,8,3,0,13,7,0,7,20
06/05/2022,VCV,CA,AWP,WE,Federal Contract Tower,2,0,0,0,2,0,8,0,0,8,2,8,0,0,10,0,0,0,10
06/06/2022,VCV,CA,AWP,WE,Federal Contract Tower,2,3,1,2,8,0,4,1,0,5,2,7,2,2,13,3,0,3,16
06/07/2022,VCV,CA,AWP,WE,Federal Contract Tower,6,7,1,3,17,0,1,0,6,7,6,8,1,9,24,6,6,12,36
06/08/2022,VCV,CA,AWP,WE,Federal Contract Tower,4,6,4,1,15,0,10,10,1,21,4,16,14,2,36,12,5,17,53
06/09/2022,VCV,CA,AWP,WE,Federal Contract Tower,2,5,6,2,15,0,16,4,1,21,2,21,10,3,36,5,8,13,49
06/10/2022,VCV,CA,AWP,WE,Federal Contract Tower,1,2,0,1,4,0,8,10,0,18,1,10,10,1,22,8,0,8,30
06/11/2022,VCV,CA,AWP,WE,Federal Contract Tower,2,1,1,1,5,0,11,11,0,22,2,12,12,1,27,8,0,8,35
06/12/2022,VCV,CA,AWP,WE,Federal Contract Tower,1,0,0,1,2,0,7,4,0,11,1,7,4,1,13,0,0,0,13
06/13/2022,VCV,CA,AWP,WE,Federal Contract Tower,4,0,0,0,4,0,4,0,0,4,4,4,0,0,8,0,0,0,8
06/14/2022,VCV,CA,AWP,WE,Federal Contract Tower,3,3,0,1,7,0,3,11,1,15,3,6,11,2,22,15,0,15,37
06/15/2022,VCV,CA,AWP,WE,Federal Contract Tower,2,0,5,2,9,0,11,9,2,22,2,11,14,4,31,9,12,21,52
06/16/2022,VCV,CA,AWP,WE,Federal Contract Tower,0,1,0,0,1,0,6,3,0,9,0,7,3,0,10,11,0,11,21
06/17/2022,VCV,CA,AWP,WE,Federal Contract Tower,4,0,0,6,10,0,2,3,0,5,4,2,3,6,15,8,18,26,41
06/18/2022,VCV,CA,AWP,WE,Federal Contract Tower,0,0,0,0,0,0,7,9,0,16,0,7,9,0,16,16,0,16,32
06/19/2022,VCV,CA,AWP,WE,Federal Contract Tower,0,0,0,0,0,0,4,2,0,6,0,4,2,0,6,0,0,0,6
06/20/2022,VCV,CA,AWP,WE,Federal Contract Tower,4,0,0,0,4,0,6,2,0,8,4,6,2,0,12,10,0,10,22
06/21/2022,VCV,CA,AWP,WE,Federal Contract Tower,3,12,0,0,15,0,15,13,0,28,3,27,13,0,43,28,0,28,71
06/22/2022,VCV,CA,AWP,WE,Federal Contract Tower,0,6,0,0,6,0,7,0,0,7,0,13,0,0,13,0,0,0,13
06/23/2022,VCV,CA,AWP,WE,Federal Contract Tower,4,5,4,1,14,0,14,19,2,35,4,19,23,3,49,59,2,61,110
06/24/2022,VCV,CA,AWP,WE,Federal Contract Tower,4,0,0,0,4,0,5,10,10,25,4,5,10,10,29,8,6,14,43
06/25/2022,VCV,CA,AWP,WE,Federal Contract Tower,0,0,3,0,3,0,11,7,6,24,0,11,10,6,27,4,0,4,31
06/26/2022,VCV,CA,AWP,WE,Federal Contract Tower,1,0,0,0,1,0,10,1,0,11,1,10,1,0,12,2,0,2,14
06/27/2022,VCV,CA,AWP,WE,Federal Contract Tower,0,9,0,2,11,0,4,1,1,6,0,13,1,3,17,2,2,4,21
06/28/2022,VCV,CA,AWP,WE,Federal Contract Tower,2,1,0,0,3,0,0,18,0,18,2,1,18,0,21,40,0,40,61
06/29/2022,VCV,CA,AWP,WE,Federal Contract Tower,5,7,0,0,12,0,3,4,0,7,5,10,4,0,19,6,0,6,25
06/30/2022,VCV,CA,AWP,WE,Federal Contract Tower,2,2,0,2,6,0,9,14,2,25,2,11,14,4,31,0,8,8,39
07/01/2022,VCV,CA,AWP,WE,Federal Contract Tower,1,0,0,0,1,0,5,3,4,12,1,5,3,4,13,6,0,6,19
07/02/2022,VCV,CA,AWP,WE,Federal Contract Tower,0,2,0,0,2,0,21,8,0,29,0,23,8,0,31,23,0,23,54
07/03/2022,VCV,CA,AWP,WE,Federal Contract Tower,0,0,0,0,0,0,8,1,0,9,0,8,1,0,9,3,0,3,12
07/04/2022,VCV,CA,AWP,WE,Federal Contract Tower,0,0,0,0,0,0,8,6,0,14,0,8,6,0,14,24,0,24,38
07/05/2022,VCV,CA,AWP,WE,Federal Contract Tower,2,0,0,0,2,0,8,10,8,26,2,8,10,8,28,8,12,20,48
07/06/2022,VCV,CA,AWP,WE,Federal Contract Tower,3,3,1,0,7,0,9,3,6,18,3,12,4,6,25,0,0,0,25
07/07/2022,VCV,CA,AWP,WE,Federal Contract Tower,1,2,0,0,3,0,11,0,10,21,1,13,0,10,24,18,16,34,58
07/08/2022,VCV,CA,AWP,WE,Federal Contract Tower,1,1,2,0,4,0,7,9,4,20,1,8,11,4,24,16,4,20,44
07/09/2022,VCV,CA,AWP,WE,Federal Contract Tower,3,0,0,0,3,0,10,3,0,13,3,10,3,0,16,0,0,0,16
07/10/2022,VCV,CA,AWP,WE,Federal Contract Tower,0,0,0,0,0,0,10,3,0,13,0,10,3,0,13,12,0,12,25
07/11/2022,VCV,CA,AWP,WE,Federal Contract Tower,2,0,0,0,2,0,10,3,2,15,2,10,3,2,17,4,0,4,21
07/12/2022,VCV,CA,AWP,WE,Federal Contract Tower,3,7,0,0,10,0,13,4,0,17,3,20,4,0,27,4,0,4,31
07/13/2022,VCV,CA,AWP,WE,Federal Contract Tower,2,6,0,0,8,0,8,4,10,22,2,14,4,10,30,22,36,58,88
07/14/2022,VCV,CA,AWP,WE,Federal Contract Tower,5,2,0,1,8,0,3,5,0,8,5,5,5,1,16,8,12,20,36
07/15/2022,VCV,CA,AWP,WE,Federal Contract Tower,1,2,0,1,4,0,6,8,0,14,1,8,8,1,18,14,2,16,34
07/16/2022,VCV,CA,AWP,WE,Federal Contract Tower,1,2,0,0,3,0,5,2,0,7,1,7,2,0,10,0,0,0,10
07/17/2022,VCV,CA,AWP,WE,Federal Contract Tower,0,0,0,1,1,0,0,8,0,8,0,0,8,1,9,16,8,24,33
07/18/2022,VCV,CA,AWP,WE,Federal Contract Tower,3,1,0,0,4,0,10,4,4,18,3,11,4,4,22,4,0,4,26
07/19/2022,VCV,CA,AWP,WE,Federal Contract Tower,1,3,0,2,6,0,7,11,0,18,1,10,11,2,24,6,0,6,30
07/20/2022,VCV,CA,AWP,WE,Federal Contract Tower,1,2,0,0,3,2,12,1,6,21,3,14,1,6,24,6,0,6,30
07/21/2022,VCV,CA,AWP,WE,Federal Contract Tower,1,2,8,2,13,0,13,6,4,23,1,15,14,6,36,10,24,34,70
07/22/2022,VCV,CA,AWP,WE,Federal Contract Tower,1,0,0,0,1,0,6,2,2,10,1,6,2,2,11,0,8,8,19
07/23/2022,VCV,CA,AWP,WE,Federal Contract Tower,0,0,3,0,3,0,2,4,0,6,0,2,7,0,9,11,0,11,20
07/24/2022,VCV,CA,AWP,WE,Federal Contract Tower,1,2,0,0,3,0,9,2,0,11,1,11,2,0,14,2,0,2,16
07/25/2022,VCV,CA,AWP,WE,Federal Contract Tower,0,0,1,2,3,0,12,6,1,19,0,12,7,3,22,4,2,6,28
07/26/2022,VCV,CA,AWP,WE,Federal Contract Tower,8,7,2,2,19,1,1,12,7,21,9,8,14,9,40,13,34,47,87
07/27/2022,VCV,CA,AWP,WE,Federal Contract Tower,4,4,5,0,13,0,4,3,0,7,4,8,8,0,20,0,0,0,20
07/28/2022,VCV,CA,AWP,WE,Federal Contract Tower,1,5,0,2,8,0,8,13,7,28,1,13,13,9,36,10,11,21,57
07/29/2022,VCV,CA,AWP,WE,Federal Contract Tower,4,2,0,1,7,0,5,2,12,19,4,7,2,13,26,6,8,14,40
07/30/2022,VCV,CA,AWP,WE,Federal Contract Tower,2,0,1,0,3,0,4,6,4,14,2,4,7,4,17,8,0,8,25
07/31/2022,VCV,CA,AWP,WE,Federal Contract Tower,0,0,0,0,0,0,4,0,0,4,0,4,0,0,4,0,0,0,4
08/01/2022,VCV,CA,AWP,WE,Federal Contract Tower,0,0,2,0,2,0,2,8,0,10,0,2,10,0,12,6,0,6,18
08/02/2022,VCV,CA,AWP,WE,Federal Contract Tower,0,4,0,3,7,0,9,6,3,18,0,13,6,6,25,2,10,12,37
08/03/2022,VCV,CA,AWP,WE,Federal Contract Tower,3,4,4,2,13,0,3,4,2,9,3,7,8,4,22,6,4,10,32
08/04/2022,VCV,CA,AWP,WE,Federal Contract Tower,2,0,2,0,4,0,0,2,2,4,2,0,4,2,8,4,0,4,12
08/05/2022,VCV,CA,AWP,WE,Federal Contract Tower,9,2,0,0,11,0,3,6,8,17,9,5,6,8,28,12,16,28,56
08/06/2022,VCV,CA,AWP,WE,Federal Contract Tower,1,13,0,0,14,0,3,8,0,11,1,16,8,0,25,4,0,4,29
08/07/2022,VCV,CA,AWP,WE,Federal Contract Tower,1,0,0,2,3,0,7,7,0,14,1,7,7,2,17,25,0,25,42
08/08/2022,VCV,CA,AWP,WE,Federal Contract Tower,0,0,0,0,0,0,10,6,8,24,0,10,6,8,24,4,8,12,36
08/09/2022,VCV,CA,AWP,WE,Federal Contract Tower,4,3,4,9,20,0,2,18,9,29,4,5,22,18,49,46,4,50,99
08/10/2022,VCV,CA,AWP,WE,Federal Contract Tower,4,4,0,0,8,0,6,9,12,27,4,10,9,12,35,14,4,18,53
08/11/2022,VCV,CA,AWP,WE,Federal Contract Tower,0,9,0,0,9,0,10,4,9,23,0,19,4,9,32,6,0,6,38
08/12/2022,VCV,CA,AWP,WE,Federal Contract Tower,1,0,0,2,3,0,3,8,1,12,1,3,8,3,15,8,25,33,48
08/13/2022,VCV,CA,AWP,WE,Federal Contract Tower,1,3,4,0,8,0,6,7,0,13,1,9,11,0,21,11,0,11,32
08/14/2022,VCV,CA,AWP,WE,Federal Contract Tower,1,3,2,0,6,0,8,7,0,15,1,11,9,0,21,2,0,2,23
08/15/2022,VCV,CA,AWP,WE,Federal Contract Tower,2,6,0,2,10,0,5,4,0,9,2,11,4,2,19,12,4,16,35
08/16/2022,VCV,CA,AWP,WE,Federal Contract Tower,1,0,0,0,1,0,6,3,2,11,1,6,3,2,12,0,2,2,14
08/17/2022,VCV,CA,AWP,WE,Federal Contract Tower,1,4,5,0,10,0,2,12,4,18,1,6,17,4,28,10,16,26,54
08/18/2022,VCV,CA,AWP,WE,Federal Contract Tower,0,5,0,0,5,0,11,15,1,27,0,16,15,1,32,42,4,46,78
08/19/2022,VCV,CA,AWP,WE,Federal Contract Tower,3,0,0,0,3,0,15,5,2,22,3,15,5,2,25,2,0,2,27
08/20/2022,VCV,CA,AWP,WE,Federal Contract Tower,3,0,0,0,3,0,12,4,0,16,3,12,4,0,19,4,0,4,23
08/21/2022,VCV,CA,AWP,WE,Federal Contract Tower,0,6,0,0,6,0,4,3,0,7,0,10,3,0,13,6,0,6,19
08/22/2022,VCV,CA,AWP,WE,Federal Contract Tower,3,8,0,2,13,0,4,2,8,14,3,12,2,10,27,10,0,10,37
08/23/2022,VCV,CA,AWP,WE,Federal Contract Tower,1,6,0,1,8,0,11,7,1,19,1,17,7,2,27,11,5,16,43
08/24/2022,VCV,CA,AWP,WE,Federal Contract Tower,1,5,0,0,6,0,7,5,0,12,1,12,5,0,18,0,0,0,18
08/25/2022,VCV,CA,AWP,WE,Federal Contract Tower,1,15,1,0,17,0,8,3,0,11,1,23,4,0,28,0,0,0,28
08/26/2022,VCV,CA,AWP,WE,Federal Contract Tower,5,3,6,0,14,0,12,12,0,24,5,15,18,0,38,37,0,37,75
08/27/2022,VCV,CA,AWP,WE,Federal Contract Tower,2,0,0,0,2,0,8,3,0,11,2,8,3,0,13,2,0,2,15
08/28/2022,VCV,CA,AWP,WE,Federal Contract Tower,0,0,0,0,0,0,9,8,0,17,0,9,8,0,17,14,0,14,31
08/29/2022,VCV,CA,AWP,WE,Federal Contract Tower,3,0,0,0,3,0,8,8,0,16,3,8,8,0,19,2,0,2,21
08/30/2022,VCV,CA,AWP,WE,Federal Contract Tower,1,2,0,0,3,0,5,13,0,18,1,7,13,0,21,42,0,42,63
08/31/2022,VCV,CA,AWP,WE,Federal Contract Tower,2,5,0,4,11,0,12,5,1,18,2,17,5,5,29,0,0,0,29
09/01/2022,VCV,CA,AWP,WE,Federal Contract Tower,3,3,0,1,7,0,13,5,6,24,3,16,5,7,31,0,12,12,43
09/02/2022,VCV,CA,AWP,WE,Federal Contract Tower,3,0,1,0,4,0,4,0,0,4,3,4,1,0,8,0,0,0,8
09/03/2022,VCV,CA,AWP,WE,Federal Contract Tower,0,0,0,0,0,0,5,4,1,10,0,5,4,1,10,0,0,0,10
09/04/2022,VCV,CA,AWP,WE,Federal Contract Tower,0,0,0,0,0,0,6,9,0,15,0,6,9,0,15,0,0,0,15
09/05/2022,VCV,CA,AWP,WE,Federal Contract Tower,1,0,0,0,1,0,6,1,0,7,1,6,1,0,8,6,0,6,14
09/06/2022,VCV,CA,AWP,WE,Federal Contract Tower,2,4,0,0,6,0,6,8,2,16,2,10,8,2,22,10,6,16,38
09/07/2022,VCV,CA,AWP,WE,Federal Contract Tower,2,1,0,0,3,0,6,5,0,11,2,7,5,0,14,0,0,0,14
09/08/2022,VCV,CA,AWP,WE,Federal Contract Tower,3,0,0,1,4,0,6,1,1,8,3,6,1,2,12,2,0,2,14
09/09/2022,VCV,CA,AWP,WE,Federal Contract Tower,2,1,0,0,3,0,2,5,0,7,2,3,5,0,10,10,0,10,20
09/10/2022,VCV,CA,AWP,WE,Federal Contract Tower,1,0,0,0,1,0,14,0,0,14,1,14,0,0,15,0,0,0,15
09/11/2022,VCV,CA,AWP,WE,Federal Contract Tower,0,0,1,1,2,0,4,1,0,5,0,4,2,1,7,8,0,8,15
09/12/2022,VCV,CA,AWP,WE,Federal Contract Tower,3,1,2,0,6,0,7,3,6,16,3,8,5,6,22,0,0,0,22
09/13/2022,VCV,CA,AWP,WE,Federal Contract Tower,1,1,0,5,7,2,12,8,14,36,3,13,8,19,43,6,18,24,67
09/14/2022,VCV,CA,AWP,WE,Federal Contract Tower,6,6,2,2,16,1,9,10,16,36,7,15,12,18,52,2,18,20,72
09/15/2022,VCV,CA,AWP,WE,Federal Contract Tower,2,4,2,2,10,4,11,12,2,29,6,15,14,4,39,0,4,4,43
09/16/2022,VCV,CA,AWP,WE,Federal Contract Tower,2,5,0,0,7,0,12,19,14,45,2,17,19,14,52,10,0,10,62
09/17/2022,VCV,CA,AWP,WE,Federal Contract Tower,0,0,1,0,1,2,10,16,0,28,2,10,17,0,29,20,0,20,49
09/18/2022,VCV,CA,AWP,WE,Federal Contract Tower,0,0,0,0,0,0,7,8,0,15,0,7,8,0,15,6,0,6,21
09/19/2022,VCV,CA,AWP,WE,Federal Contract Tower,2,0,2,0,4,0,6,7,0,13,2,6,9,0,17,2,0,2,19
09/20/2022,VCV,CA,AWP,WE,Federal Contract Tower,1,14,0,0,15,0,15,15,4,34,1,29,15,4,49,6,4,10,59
09/21/2022,VCV,CA,AWP,WE,Federal Contract Tower,0,7,0,0,7,0,9,6,1,16,0,16,6,1,23,6,12,18,41
09/22/2022,VCV,CA,AWP,WE,Federal Contract Tower,1,1,2,0,4,0,10,10,0,20,1,11,12,0,24,12,0,12,36
09/23/2022,VCV,CA,AWP,WE,Federal Contract Tower,3,0,0,0,3,0,7,4,0,11,3,7,4,0,14,4,0,4,18
09/24/2022,VCV,CA,AWP,WE,Federal Contract Tower,0,2,0,7,9,0,4,10,0,14,0,6,10,7,23,6,0,6,29
09/25/2022,VCV,CA,AWP,WE,Federal Contract Tower,0,0,0,0,0,0,8,2,8,18,0,8,2,8,18,0,0,0,18
09/26/2022,VCV,CA,AWP,WE,Federal Contract Tower,2,0,0,1,3,0,18,4,4,26,2,18,4,5,29,8,0,8,37
09/27/2022,VCV,CA,AWP,WE,Federal Contract Tower,3,3,0,2,8,0,14,7,1,22,3,17,7,3,30,10,4,14,44
09/28/2022,VCV,CA,AWP,WE,Federal Contract Tower,2,5,4,0,11,0,17,16,0,33,2,22,20,0,44,12,0,12,56
09/29/2022,VCV,CA,AWP,WE,Federal Contract Tower,0,2,0,0,2,0,16,13,0,29,0,18,13,0,31,10,0,10,41
09/30/2022,VCV,CA,AWP,WE,Federal Contract Tower,2,0,3,0,5,0,9,6,1,16,2,9,9,1,21,4,6,10,31
10/01/2022,VCV,CA,AWP,WE,Federal Contract Tower,3,0,0,0,3,0,16,9,0,25,3,16,9,0,28,14,0,14,42
10/02/2022,VCV,CA,AWP,WE,Federal Contract Tower,0,0,0,0,0,1,8,8,0,17,1,8,8,0,17,12,0,12,29
10/03/2022,VCV,CA,AWP,WE,Federal Contract Tower,3,2,2,0,7,0,9,18,1,28,3,11,20,1,35,6,0,6,41
10/04/2022,VCV,CA,AWP,WE,Federal Contract Tower,1,2,0,3,6,0,8,7,2,17,1,10,7,5,23,0,8,8,31
10/05/2022,VCV,CA,AWP,WE,Federal Contract Tower,0,0,10,0,10,0,15,14,2,31,0,15,24,2,41,2,6,8,49
10/06/2022,VCV,CA,AWP,WE,Federal Contract Tower,1,11,9,0,21,0,7,5,5,17,1,18,14,5,38,0,12,12,50
10/07/2022,VCV,CA,AWP,WE,Federal Contract Tower,5,1,0,0,6,0,9,10,0,19,5,10,10,0,25,4,0,4,29
10/08/2022,VCV,CA,AWP,WE,Federal Contract Tower,1,0,0,0,1,0,10,0,2,12,1,10,0,2,13,0,0,0,13
10/09/2022,VCV,CA,AWP,WE,Federal Contract Tower,3,0,2,0,5,0,6,7,0,13,3,6,9,0,18,6,0,6,24
10/10/2022,VCV,CA,AWP,WE,Federal Contract Tower,0,3,0,2,5,0,6,7,0,13,0,9,7,2,18,4,0,4,22
10/11/2022,VCV,CA,AWP,WE,Federal Contract Tower,2,3,1,3,9,0,2,0,19,21,2,5,1,22,30,0,8,8,38
10/12/2022,VCV,CA,AWP,WE,Federal Contract Tower,5,10,5,0,20,0,6,6,2,14,5,16,11,2,34,12,0,12,46
10/13/2022,VCV,CA,AWP,WE,Federal Contract Tower,2,0,6,1,9,0,5,9,3,17,2,5,15,4,26,6,0,6,32
10/14/2022,VCV,CA,AWP,WE,Federal Contract Tower,4,1,2,1,8,0,8,24,2,34,4,9,26,3,42,20,8,28,70
10/15/2022,VCV,CA,AWP,WE,Federal Contract Tower,1,2,1,0,4,0,3,11,2,16,1,5,12,2,20,6,6,12,32
10/16/2022,VCV,CA,AWP,WE,Federal Contract Tower,0,1,1,2,4,0,8,4,1,13,0,9,5,3,17,6,12,18,35
10/17/2022,VCV,CA,AWP,WE,Federal Contract Tower,0,2,0,0,2,0,8,8,0,16,0,10,8,0,18,10,0,10,28
10/18/2022,VCV,CA,AWP,WE,Federal Contract Tower,2,3,1,0,6,0,7,2,2,11,2,10,3,2,17,0,8,8,25
10/19/2022,VCV,CA,AWP,WE,Federal Contract Tower,3,6,4,0,13,0,8,12,9,29,3,14,16,9,42,0,12,12,54
10/20/2022,VCV,CA,AWP,WE,Federal Contract Tower,1,4,3,0,8,0,6,6,4,16,1,10,9,4,24,4,10,14,38
10/21/2022,VCV,CA,AWP,WE,Federal Contract Tower,5,0,6,0,11,0,4,6,0,10,5,4,12,0,21,2,0,2,23
10/22/2022,VCV,CA,AWP,WE,Federal Contract Tower,0,0,0,0,0,0,10,4,0,14,0,10,4,0,14,0,0,0,14
10/23/2022,VCV,CA,AWP,WE,Federal Contract Tower,0,0,0,0,0,0,10,1,0,11,0,10,1,0,11,14,0,14,25
10/24/2022,VCV,CA,AWP,WE,Federal Contract Tower,3,1,5,0,9,0,16,13,4,33,3,17,18,4,42,8,6,14,56
10/25/2022,VCV,CA,AWP,WE,Federal Contract Tower,1,5,0,4,10,0,5,9,2,16,1,10,9,6,26,2,0,2,28
10/26/2022,VCV,CA,AWP,WE,Federal Contract Tower,2,4,0,0,6,0,4,0,0,4,2,8,0,0,10,0,0,0,10
10/27/2022,VCV,CA,AWP,WE,Federal Contract Tower,4,0,4,0,8,0,6,11,3,20,4,6,15,3,28,2,2,4,32
10/28/2022,VCV,CA,AWP,WE,Federal Contract Tower,0,0,1,0,1,0,7,6,0,13,0,7,7,0,14,4,0,4,18
10/29/2022,VCV,CA,AWP,WE,Federal Contract Tower,1,0,1,0,2,0,14,11,0,25,1,14,12,0,27,30,0,30,57
10/30/2022,VCV,CA,AWP,WE,Federal Contract Tower,0,0,0,0,0,0,8,11,0,19,0,8,11,0,19,34,0,34,53
10/31/2022,VCV,CA,AWP,WE,Federal Contract Tower,3,3,4,3,13,0,2,5,1,8,3,5,9,4,21,14,0,14,35
11/01/2022,VCV,CA,AWP,WE,Federal Contract Tower,3,0,0,1,4,0,7,1,0,8,3,7,1,1,12,2,0,2,14
11/02/2022,VCV,CA,AWP,WE,Federal Contract Tower,3,2,0,9,14,0,5,2,0,7,3,7,2,9,21,0,0,0,21
11/03/2022,VCV,CA,AWP,WE,Federal Contract Tower,2,3,1,3,9,0,4,9,13,26,2,7,10,16,35,20,14,34,69
11/04/2022,VCV,CA,AWP,WE,Federal Contract Tower,2,1,2,1,6,0,7,6,7,20,2,8,8,8,26,6,6,12,38
11/05/2022,VCV,CA,AWP,WE,Federal Contract Tower,1,0,0,0,1,0,6,15,4,25,1,6,15,4,26,14,0,14,40
11/06/2022,VCV,CA,AWP,WE,Federal Contract Tower,1,0,0,3,4,0,6,4,1,11,1,6,4,4,15,8,0,8,23
11/07/2022,VCV,CA,AWP,WE,Federal Contract Tower,0,0,0,7,7,0,5,0,0,5,0,5,0,7,12,0,7,7,19
11/08/2022,VCV,CA,AWP,WE,Federal Contract Tower,2,4,0,2,8,0,1,0,0,1,2,5,0,2,9,0,0,0,9
11/09/2022,VCV,CA,AWP,WE,Federal Contract Tower,2,4,0,9,15,0,4,2,9,15,2,8,2,18,30,4,4,8,38
11/10/2022,VCV,CA,AWP,WE,Federal Contract Tower,0,0,2,5,7,0,8,11,4,23,0,8,13,9,30,8,0,8,38
11/11/2022,VCV,CA,AWP,WE,Federal Contract Tower,1,0,0,0,1,0,6,5,0,11,1,6,5,0,12,0,0,0,12
11/12/2022,VCV,CA,AWP,WE,Federal Contract Tower,1,0,1,0,2,0,2,14,0,16,1,2,15,0,18,6,0,6,24
11/13/2022,VCV,CA,AWP,WE,Federal Contract Tower,0,2,2,0,4,0,5,4,2,11,0,7,6,2,15,6,0,6,21
11/14/2022,VCV,CA,AWP,WE,Federal Contract Tower,0,6,2,2,10,0,6,8,6,20,0,12,10,8,30,12,0,12,42
11/15/2022,VCV,CA,AWP,WE,Federal Contract Tower,2,5,0,2,9,0,10,4,14,28,2,15,4,16,37,0,6,6,43
11/16/2022,VCV,CA,AWP,WE,Federal Contract Tower,2,4,1,0,7,0,7,6,10,23,2,11,7,10,30,0,0,0,30
11/17/2022,VCV,CA,AWP,WE,Federal Contract Tower,3,5,0,1,9,0,11,8,12,31,3,16,8,13,40,10,8,18,58
11/18/2022,VCV,CA,AWP,WE,Federal Contract Tower,2,1,5,2,10,0,15,8,4,27,2,16,13,6,37,30,13,43,80
11/19/2022,VCV,CA,AWP,WE,Federal Contract Tower,2,0,3,1,6,0,4,17,0,21,2,4,20,1,27,2,0,2,29
11/20/2022,VCV,CA,AWP,WE,Federal Contract Tower,6,0,2,0,8,0,15,3,4,22,6,15,5,4,30,22,0,22,52
11/21/2022,VCV,CA,AWP,WE,Federal Contract Tower,0,0,0,3,3,0,11,12,1,24,0,11,12,4,27,16,8,24,51
11/22/2022,VCV,CA,AWP,WE,Federal Contract Tower,4,4,1,6,15,0,7,5,1,13,4,11,6,7,28,0,5,5,33
11/23/2022,VCV,CA,AWP,WE,Federal Contract Tower,0,5,0,0,5,2,14,2,0,18,2,19,2,0,23,0,0,0,23
11/24/2022,VCV,CA,AWP,WE,Federal Contract Tower,0,0,0,0,0,0,1,3,0,4,0,1,3,0,4,0,0,0,4
11/25/2022,VCV,CA,AWP,WE,Federal Contract Tower,0,0,0,0,0,0,6,11,0,17,0,6,11,0,17,8,0,8,25
11/26/2022,VCV,CA,AWP,WE,Federal Contract Tower,0,0,1,0,1,0,7,5,0,12,0,7,6,0,13,0,0,0,13
11/27/2022,VCV,CA,AWP,WE,Federal Contract Tower,9,0,2,0,11,0,9,6,0,15,9,9,8,0,26,0,0,0,26
11/28/2022,VCV,CA,AWP,WE,Federal Contract Tower,4,0,0,4,8,0,12,4,0,16,4,12,4,4,24,2,0,2,26
11/29/2022,VCV,CA,AWP,WE,Federal Contract Tower,1,2,0,0,3,0,14,9,0,23,1,16,9,0,26,9,0,9,35
11/30/2022,VCV,CA,AWP,WE,Federal Contract Tower,0,8,4,0,12,0,7,8,0,15,0,15,12,0,27,10,0,10,37
12/01/2022,VCV,CA,AWP,WE,Federal Contract Tower,3,0,0,0,3,0,4,2,2,8,3,4,2,2,11,0,6,6,17
12/02/2022,VCV,CA,AWP,WE,Federal Contract Tower,6,4,0,0,10,0,4,3,3,10,6,8,3,3,20,12,6,18,38
12/03/2022,VCV,CA,AWP,WE,Federal Contract Tower,4,0,2,4,10,0,10,4,1,15,4,10,6,5,25,8,10,18,43
12/04/2022,VCV,CA,AWP,WE,Federal Contract Tower,0,0,2,1,3,0,7,7,0,14,0,7,9,1,17,0,0,0,17
12/05/2022,VCV,CA,AWP,WE,Federal Contract Tower,1,0,2,2,5,0,6,2,0,8,1,6,4,2,13,6,11,17,30
12/06/2022,VCV,CA,AWP,WE,Federal Contract Tower,2,2,0,2,6,0,3,4,4,11,2,5,4,6,17,4,24,28,45
12/07/2022,VCV,CA,AWP,WE,Federal Contract Tower,1,2,0,2,5,0,5,2,3,10,1,7,2,5,15,0,12,12,27
12/08/2022,VCV,CA,AWP,WE,Federal Contract Tower,1,1,1,1,4,0,11,9,4,24,1,12,10,5,28,2,34,36,64
12/09/2022,VCV,CA,AWP,WE,Federal Contract Tower,1,0,3,1,5,0,10,14,2,26,1,10,17,3,31,0,16,16,47
12/10/2022,VCV,CA,AWP,WE,Federal Contract Tower,1,0,1,0,2,0,5,3,0,8,1,5,4,0,10,6,0,6,16
12/11/2022,VCV,CA,AWP,WE,Federal Contract Tower,0,5,2,0,7,0,3,0,0,3,0,8,2,0,10,0,0,0,10
12/12/2022,VCV,CA,AWP,WE,Federal Contract Tower,3,0,2,0,5,0,3,0,0,3,3,3,2,0,8,2,0,2,10
12/13/2022,VCV,CA,AWP,WE,Federal Contract Tower,3,4,2,1,10,0,9,6,0,15,3,13,8,1,25,0,10,10,35
12/14/2022,VCV,CA,AWP,WE,Federal Contract Tower,0,2,0,2,4,0,14,10,0,24,0,16,10,2,28,12,0,12,40
12/15/2022,VCV,CA,AWP,WE,Federal Contract Tower,4,3,2,0,9,0,11,6,0,17,4,14,8,0,26,0,0,0,26
12/16/2022,VCV,CA,AWP,WE,Federal Contract Tower,4,1,0,0,5,0,15,6,1,22,4,16,6,1,27,0,6,6,33
12/17/2022,VCV,CA,AWP,WE,Federal Contract Tower,0,0,0,0,0,0,8,20,0,28,0,8,20,0,28,36,0,36,64
12/18/2022,VCV,CA,AWP,WE,Federal Contract Tower,0,0,1,0,1,0,13,7,0,20,0,13,8,0,21,20,0,20,41
12/19/2022,VCV,CA,AWP,WE,Federal Contract Tower,0,13,0,1,14,0,14,4,1,19,0,27,4,2,33,10,0,10,43
12/20/2022,VCV,CA,AWP,WE,Federal Contract Tower,1,1,3,2,7,0,9,1,2,12,1,10,4,4,19,0,21,21,40
12/21/2022,VCV,CA,AWP,WE,Federal Contract Tower,7,6,2,2,17,0,5,1,0,6,7,11,3,2,23,0,0,0,23
12/22/2022,VCV,CA,AWP,WE,Federal Contract Tower,5,5,2,7,19,2,19,8,2,31,7,24,10,9,50,8,4,12,62
12/23/2022,VCV,CA,AWP,WE,Federal Contract Tower,1,0,3,0,4,0,7,6,0,13,1,7,9,0,17,0,0,0,17
12/24/2022,VCV,CA,AWP,WE,Federal Contract Tower,0,0,0,0,0,0,9,4,0,13,0,9,4,0,13,0,0,0,13
12/25/2022,VCV,CA,AWP,WE,Federal Contract Tower,2,0,0,0,2,0,7,2,0,9,2,7,2,0,11,0,0,0,11
12/26/2022,VCV,CA,AWP,WE,Federal Contract Tower,1,0,0,0,1,0,4,10,0,14,1,4,10,0,15,6,0,6,21
12/27/2022,VCV,CA,AWP,WE,Federal Contract Tower,0,0,0,2,2,1,2,2,2,7,1,2,2,4,9,0,0,0,9
12/28/2022,VCV,CA,AWP,WE,Federal Contract Tower,2,16,0,4,22,0,5,7,0,12,2,21,7,4,34,3,0,3,37
12/29/2022,VCV,CA,AWP,WE,Federal Contract Tower,1,0,2,0,3,0,10,0,0,10,1,10,2,0,13,0,0,0,13
12/30/2022,VCV,CA,AWP,WE,Federal Contract Tower,1,0,4,0,5,0,0,1,0,1,1,0,5,0,6,0,0,0,6
12/31/2022,VCV,CA,AWP,WE,Federal Contract Tower,1,0,0,0,1,0,3,2,0,5,1,3,2,0,6,0,0,0,6
01/01/2023,VCV,CA,AWP,WE,Federal Contract Tower,1,0,0,0,1,0,5,3,0,8,1,5,3,0,9,0,0,0,9
01/02/2023,VCV,CA,AWP,WE,Federal Contract Tower,2,0,3,0,5,0,7,6,0,13,2,7,9,0,18,0,0,0,18
01/03/2023,VCV,CA,AWP,WE,Federal Contract Tower,3,0,2,0,5,2,2,4,0,8,5,2,6,0,13,18,0,18,31
01/04/2023,VCV,CA,AWP,WE,Federal Contract Tower,0,0,2,4,6,0,8,2,7,17,0,8,4,11,23,4,24,28,51
01/05/2023,VCV,CA,AWP,WE,Federal Contract Tower,2,0,0,4,6,0,5,0,0,5,2,5,0,4,11,0,0,0,11
01/06/2023,VCV,CA,AWP,WE,Federal Contract Tower,1,6,0,0,7,0,17,5,0,22,1,23,5,0,29,16,0,16,45
01/07/2023,VCV,CA,AWP,WE,Federal Contract Tower,0,0,3,0,3,0,13,6,0,19,0,13,9,0,22,10,0,10,32
01/08/2023,VCV,CA,AWP,WE,Federal Contract Tower,1,0,1,0,2,0,6,5,0,11,1,6,6,0,13,8,0,8,21
01/09/2023,VCV,CA,AWP,WE,Federal Contract Tower,8,3,0,0,11,0,0,8,2,10,8,3,8,2,21,0,24,24,45
01/10/2023,VCV,CA,AWP,WE,Federal Contract Tower,5,2,0,0,7,0,0,0,4,4,5,2,0,4,11,0,0,0,11
01/11/2023,VCV,CA,AWP,WE,Federal Contract Tower,3,9,2,4,18,0,8,7,6,21,3,17,9,10,39,0,8,8,47
01/12/2023,VCV,CA,AWP,WE,Federal Contract Tower,3,0,1,4,8,0,9,8,4,21,3,9,9,8,29,25,0,25,54
01/13/2023,VCV,CA,AWP,WE,Federal Contract Tower,1,4,0,7,12,0,9,4,1,14,1,13,4,8,26,12,4,16,42
01/14/2023,VCV,CA,AWP,WE,Federal Contract Tower,5,0,0,0,5,6,6,2,0,14,11,6,2,0,19,28,0,28,47
01/15/2023,VCV,CA,AWP,WE,Federal Contract Tower,1,4,0,0,5,0,10,6,0,16,1,14,6,0,21,18,0,18,39
01/16/2023,VCV,CA,AWP,WE,Federal Contract Tower,2,0,0,0,2,0,0,3,0,3,2,0,3,0,5,0,0,0,5
01/17/2023,VCV,CA,AWP,WE,Federal Contract Tower,4,5,0,0,9,0,0,22,11,33,4,5,22,11,42,10,0,10,52
01/18/2023,VCV,CA,AWP,WE,Federal Contract Tower,1,2,0,0,3,0,7,7,2,16,1,9,7,2,19,0,13,13,32
01/19/2023,VCV,CA,AWP,WE,Federal Contract Tower,1,2,2,0,5,0,5,0,0,5,1,7,2,0,10,5,0,5,15
01/20/2023,VCV,CA,AWP,WE,Federal Contract Tower,2,2,2,2,8,0,6,6,0,12,2,8,8,2,20,0,4,4,24
01/21/2023,VCV,CA,AWP,WE,Federal Contract Tower,3,0,0,0,3,0,12,7,0,19,3,12,7,0,22,10,0,10,32
01/22/2023,VCV,CA,AWP,WE,Federal Contract Tower,0,0,0,0,0,0,12,2,0,14,0,12,2,0,14,0,0,0,14
01/23/2023,VCV,CA,AWP,WE,Federal Contract Tower,2,0,2,1,5,1,2,2,2,7,3,2,4,3,12,20,0,20,32
01/24/2023,VCV,CA,AWP,WE,Federal Contract Tower,0,6,1,4,11,0,6,8,3,17,0,12,9,7,28,16,16,32,60
01/25/2023,VCV,CA,AWP,WE,Federal Contract Tower,0,6,1,5,12,0,9,11,2,22,0,15,12,7,34,4,8,12,46
01/26/2023,VCV,CA,AWP,WE,Federal Contract Tower,0,4,2,0,6,0,5,2,0,7,0,9,4,0,13,0,6,6,19
01/27/2023,VCV,CA,AWP,WE,Federal Contract Tower,1,0,0,0,1,0,3,9,2,14,1,3,9,2,15,12,0,12,27
01/28/2023,VCV,CA,AWP,WE,Federal Contract Tower,1,0,0,0,1,0,5,14,0,19,1,5,14,0,20,2,0,2,22
01/29/2023,VCV,CA,AWP,WE,Federal Contract Tower,1,1,0,0,2,0,5,0,0,5,1,6,0,0,7,0,0,0,7
01/30/2023,VCV,CA,AWP,WE,Federal Contract Tower,3,0,0,0,3,0,0,2,3,5,3,0,2,3,8,6,0,6,14
01/31/2023,VCV,CA,AWP,WE,Federal Contract Tower,0,2,0,1,3,0,6,11,8,25,0,8,11,9,28,6,14,20,48
02/01/2023,VCV,CA,AWP,WE,Federal Contract Tower,0,8,3,0,11,0,2,7,0,9,0,10,10,0,20,0,0,0,20
02/02/2023,VCV,CA,AWP,WE,Federal Contract Tower,2,4,0,2,8,0,5,11,4,20,2,9,11,6,28,15,0,15,43
02/03/2023,VCV,CA,AWP,WE,Federal Contract Tower,0,5,3,2,10,0,5,5,0,10,0,10,8,2,20,0,0,0,20
02/04/2023,VCV,CA,AWP,WE,Federal Contract Tower,4,1,0,0,5,1,7,5,0,13,5,8,5,0,18,2,0,2,20
02/05/2023,VCV,CA,AWP,WE,Federal Contract Tower,2,1,0,0,3,0,2,3,0,5,2,3,3,0,8,2,0,2,10
02/06/2023,VCV,CA,AWP,WE,Federal Contract Tower,3,4,1,0,8,0,4,8,0,12,3,8,9,0,20,0,0,0,20
02/07/2023,VCV,CA,AWP,WE,Federal Contract Tower,0,7,2,3,12,0,9,10,0,19,0,16,12,3,31,6,0,6,37
02/08/2023,VCV,CA,AWP,WE,Federal Contract Tower,2,6,3,1,12,0,1,16,0,17,2,7,19,1,29,10,2,12,41
02/09/2023,VCV,CA,AWP,WE,Federal Contract Tower,4,2,0,0,6,1,8,17,0,26,5,10,17,0,32,2,2,4,36
02/10/2023,VCV,CA,AWP,WE,Federal Contract Tower,2,1,0,6,9,0,8,15,3,26,2,9,15,9,35,18,0,18,53
02/11/2023,VCV,CA,AWP,WE,Federal Contract Tower,5,0,0,0,5,0,5,8,1,14,5,5,8,1,19,2,6,8,27
02/12/2023,VCV,CA,AWP,WE,Federal Contract Tower,0,2,0,0,2,0,5,1,0,6,0,7,1,0,8,0,0,0,8
02/13/2023,VCV,CA,AWP,WE,Federal Contract Tower,1,0,0,1,2,0,4,4,0,8,1,4,4,1,10,0,12,12,22
02/14/2023,VCV,CA,AWP,WE,Federal Contract Tower,1,0,3,3,7,0,0,0,0,0,1,0,3,3,7,0,0,0,7
02/15/2023,VCV,CA,AWP,WE,Federal Contract Tower,3,6,0,3,12,0,6,8,3,17,3,12,8,6,29,8,4,12,41
02/16/2023,VCV,CA,AWP,WE,Federal Contract Tower,2,2,1,1,6,0,3,13,4,20,2,5,14,5,26,0,12,12,38
02/17/2023,VCV,CA,AWP,WE,Federal Contract Tower,2,0,2,0,4,0,9,7,0,16,2,9,9,0,20,0,0,0,20
02/18/2023,VCV,CA,AWP,WE,Federal Contract Tower,1,0,1,1,3,0,10,14,0,24,1,10,15,1,27,8,0,8,35
02/19/2023,VCV,CA,AWP,WE,Federal Contract Tower,0,0,2,1,3,0,2,13,0,15,0,2,15,1,18,6,0,6,24
02/20/2023,VCV,CA,AWP,WE,Federal Contract Tower,4,3,0,0,7,0,3,8,1,12,4,6,8,1,19,4,0,4,23
02/21/2023,VCV,CA,AWP,WE,Federal Contract Tower,3,0,2,3,8,3,3,4,0,10,6,3,6,3,18,0,0,0,18
02/22/2023,VCV,CA,AWP,WE,Federal Contract Tower,2,0,0,0,2,0,0,2,0,2,2,0,2,0,4,0,0,0,4
02/23/2023,VCV,CA,AWP,WE,Federal Contract Tower,1,0,0,2,3,0,2,2,0,4,1,2,2,2,7,0,0,0,7
02/24/2023,VCV,CA,AWP,WE,Federal Contract Tower,1,2,0,1,4,0,0,0,0,0,1,2,0,1,4,0,0,0,4
02/25/2023,VCV,CA,AWP,WE,Federal Contract Tower,0,0,0,0,0,0,0,0,0,0,0,0,0,0,0,0,0,0,0
02/26/2023,VCV,CA,AWP,WE,Federal Contract Tower,0,0,0,0,0,0,7,0,0,7,0,7,0,0,7,8,0,8,15
02/27/2023,VCV,CA,AWP,WE,Federal Contract Tower,4,1,0,0,5,0,6,2,7,15,4,7,2,7,20,6,14,20,40
02/28/2023,VCV,CA,AWP,WE,Federal Contract Tower,2,6,0,0,8,0,1,4,1,6,2,7,4,1,14,2,0,2,16
03/01/2023,VCV,CA,AWP,WE,Federal Contract Tower,2,4,0,0,6,0,3,0,0,3,2,7,0,0,9,0,0,0,9
03/02/2023,VCV,CA,AWP,WE,Federal Contract Tower,3,4,2,2,11,0,14,23,2,39,3,18,25,4,50,42,6,48,98
03/03/2023,VCV,CA,AWP,WE,Federal Contract Tower,2,1,3,0,6,0,16,17,6,39,2,17,20,6,45,18,0,18,63
03/04/2023,VCV,CA,AWP,WE,Federal Contract Tower,0,2,0,0,2,2,1,3,0,6,2,3,3,0,8,0,0,0,8
03/05/2023,VCV,CA,AWP,WE,Federal Contract Tower,1,0,0,0,1,0,4,0,0,4,1,4,0,0,5,0,0,0,5
03/06/2023,VCV,CA,AWP,WE,Federal Contract Tower,2,0,1,0,3,0,6,13,0,19,2,6,14,0,22,0,0,0,22
03/07/2023,VCV,CA,AWP,WE,Federal Contract Tower,3,4,0,5,12,1,3,15,8,27,4,7,15,13,39,4,34,38,77
03/08/2023,VCV,CA,AWP,WE,Federal Contract Tower,2,5,0,4,11,11,7,15,6,39,13,12,15,10,50,0,30,30,80
03/09/2023,VCV,CA,AWP,WE,Federal Contract Tower,2,1,0,0,3,4,3,17,0,24,6,4,17,0,27,14,0,14,41
03/10/2023,VCV,CA,AWP,WE,Federal Contract Tower,3,0,0,0,3,0,2,0,1,3,3,2,0,1,6,0,0,0,6
03/11/2023,VCV,CA,AWP,WE,Federal Contract Tower,4,2,0,0,6,0,0,6,12,18,4,2,6,12,24,0,18,18,42
03/12/2023,VCV,CA,AWP,WE,Federal Contract Tower,1,0,0,0,1,0,4,0,8,12,1,4,0,8,13,0,4,4,17
03/13/2023,VCV,CA,AWP,WE,Federal Contract Tower,0,0,0,6,6,0,4,9,11,24,0,4,9,17,30,8,16,24,54
03/14/2023,VCV,CA,AWP,WE,Federal Contract Tower,6,6,0,1,13,0,0,1,0,1,6,6,1,1,14,0,0,0,14
03/15/2023,VCV,CA,AWP,WE,Federal Contract Tower,4,2,0,0,6,0,0,2,0,2,4,2,2,0,8,0,0,0,8
03/16/2023,VCV,CA,AWP,WE,Federal Contract Tower,8,1,2,0,11,0,13,12,0,25,8,14,14,0,36,6,0,6,42
03/17/2023,VCV,CA,AWP,WE,Federal Contract Tower,5,0,2,0,7,0,9,9,1,19,5,9,11,1,26,24,28,52,78
03/18/2023,VCV,CA,AWP,WE,Federal Contract Tower,4,0,2,0,6,0,1,11,4,16,4,1,13,4,22,10,12,22,44
03/19/2023,VCV,CA,AWP,WE,Federal Contract Tower,2,0,0,0,2,0,0,9,0,9,2,0,9,0,11,0,0,0,11
03/20/2023,VCV,CA,AWP,WE,Federal Contract Tower,2,2,2,0,6,0,1,5,1,7,2,3,7,1,13,0,0,0,13
03/21/2023,VCV,CA,AWP,WE,Federal Contract Tower,1,2,0,0,3,0,2,2,0,4,1,4,2,0,7,0,0,0,7
03/22/2023,VCV,CA,AWP,WE,Federal Contract Tower,2,7,0,2,11,0,4,0,0,4,2,11,0,2,15,4,0,4,19
03/23/2023,VCV,CA,AWP,WE,Federal Contract Tower,0,3,3,0,6,0,3,5,0,8,0,6,8,0,14,10,0,10,24
03/24/2023,VCV,CA,AWP,WE,Federal Contract Tower,3,0,0,0,3,0,11,7,0,18,3,11,7,0,21,0,0,0,21
03/25/2023,VCV,CA,AWP,WE,Federal Contract Tower,2,3,1,0,6,0,11,7,0,18,2,14,8,0,24,8,6,14,38
03/26/2023,VCV,CA,AWP,WE,Federal Contract Tower,6,0,0,0,6,0,6,0,2,8,6,6,0,2,14,0,0,0,14
03/27/2023,VCV,CA,AWP,WE,Federal Contract Tower,2,0,0,2,4,0,10,10,4,24,2,10,10,6,28,6,0,6,34
03/28/2023,VCV,CA,AWP,WE,Federal Contract Tower,1,2,2,0,5,0,16,11,26,53,1,18,13,26,58,12,0,12,70
03/29/2023,VCV,CA,AWP,WE,Federal Contract Tower,1,3,0,4,8,0,1,0,1,2,1,4,0,5,10,0,0,0,10
03/30/2023,VCV,CA,AWP,WE,Federal Contract Tower,2,2,0,0,4,0,4,1,5,10,2,6,1,5,14,16,2,18,32
03/31/2023,VCV,CA,AWP,WE,Federal Contract Tower,2,1,11,16,30,0,13,13,3,29,2,14,24,19,59,2,4,6,65
04/01/2023,VCV,CA,AWP,WE,Federal Contract Tower,1,2,0,0,3,0,5,5,2,12,1,7,5,2,15,10,0,10,25
04/02/2023,VCV,CA,AWP,WE,Federal Contract Tower,9,1,0,1,11,0,2,9,2,13,9,3,9,3,24,14,6,20,44
04/03/2023,VCV,CA,AWP,WE,Federal Contract Tower,3,0,0,0,3,0,1,5,0,6,3,1,5,0,9,0,0,0,9
04/04/2023,VCV,CA,AWP,WE,Federal Contract Tower,0,4,0,0,4,0,11,10,5,26,0,15,10,5,30,0,8,8,38
04/05/2023,VCV,CA,AWP,WE,Federal Contract Tower,0,3,0,1,4,0,4,5,4,13,0,7,5,5,17,6,4,10,27
04/06/2023,VCV,CA,AWP,WE,Federal Contract Tower,4,0,3,0,7,0,3,7,3,13,4,3,10,3,20,6,14,20,40
04/07/2023,VCV,CA,AWP,WE,Federal Contract Tower,0,0,0,0,0,0,5,7,6,18,0,5,7,6,18,8,10,18,36
04/08/2023,VCV,CA,AWP,WE,Federal Contract Tower,2,0,0,4,6,0,4,5,7,16,2,4,5,11,22,10,0,10,32
04/09/2023,VCV,CA,AWP,WE,Federal Contract Tower,0,0,1,0,1,0,1,5,0,6,0,1,6,0,7,2,0,2,9
04/10/2023,VCV,CA,AWP,WE,Federal Contract Tower,1,0,2,0,3,0,10,14,0,24,1,10,16,0,27,7,0,7,34
04/11/2023,VCV,CA,AWP,WE,Federal Contract Tower,1,1,0,8,10,0,4,8,3,15,1,5,8,11,25,26,46,72,97
04/12/2023,VCV,CA,AWP,WE,Federal Contract Tower,2,6,0,8,16,0,6,4,29,39,2,12,4,37,55,6,6,12,67
04/13/2023,VCV,CA,AWP,WE,Federal Contract Tower,4,4,0,2,10,0,15,6,2,23,4,19,6,4,33,14,0,14,47
04/14/2023,VCV,CA,AWP,WE,Federal Contract Tower,5,2,0,0,7,0,10,6,0,16,5,12,6,0,23,6,0,6,29
04/15/2023,VCV,CA,AWP,WE,Federal Contract Tower,0,0,4,0,4,0,2,11,0,13,0,2,15,0,17,2,0,2,19
04/16/2023,VCV,CA,AWP,WE,Federal Contract Tower,0,0,0,0,0,0,6,7,0,13,0,6,7,0,13,0,0,0,13
04/17/2023,VCV,CA,AWP,WE,Federal Contract Tower,3,4,2,2,11,0,6,8,1,15,3,10,10,3,26,16,0,16,42
04/18/2023,VCV,CA,AWP,WE,Federal Contract Tower,3,1,0,0,4,0,6,4,2,12,3,7,4,2,16,4,8,12,28
04/19/2023,VCV,CA,AWP,WE,Federal Contract Tower,1,2,1,0,4,0,7,2,1,10,1,9,3,1,14,0,8,8,22
04/20/2023,VCV,CA,AWP,WE,Federal Contract Tower,7,0,0,0,7,9,3,14,0,26,16,3,14,0,33,26,14,40,73
04/21/2023,VCV,CA,AWP,WE,Federal Contract Tower,1,0,1,2,4,14,5,9,0,28,15,5,10,2,32,2,12,14,46
04/22/2023,VCV,CA,AWP,WE,Federal Contract Tower,2,0,1,0,3,5,8,5,0,18,7,8,6,0,21,32,0,32,53
04/23/2023,VCV,CA,AWP,WE,Federal Contract Tower,2,0,1,0,3,0,6,30,0,36,2,6,31,0,39,4,0,4,43
04/24/2023,VCV,CA,AWP,WE,Federal Contract Tower,1,0,0,2,3,1,3,5,4,13,2,3,5,6,16,2,2,4,20
04/25/2023,VCV,CA,AWP,WE,Federal Contract Tower,5,1,1,2,9,0,4,9,13,26,5,5,10,15,35,18,18,36,71
04/26/2023,VCV,CA,AWP,WE,Federal Contract Tower,1,0,0,0,1,1,4,15,2,22,2,4,15,2,23,0,0,0,23
04/27/2023,VCV,CA,AWP,WE,Federal Contract Tower,4,0,4,4,12,1,3,7,0,11,5,3,11,4,23,38,0,38,61
04/28/2023,VCV,CA,AWP,WE,Federal Contract Tower,4,0,2,0,6,0,5,3,0,8,4,5,5,0,14,0,0,0,14
04/29/2023,VCV,CA,AWP,WE,Federal Contract Tower,2,0,0,0,2,0,5,8,0,13,2,5,8,0,15,22,0,22,37
04/30/2023,VCV,CA,AWP,WE,Federal Contract Tower,1,0,0,2,3,0,5,6,0,11,1,5,6,2,14,14,0,14,28
05/01/2023,VCV,CA,AWP,WE,Federal Contract Tower,1,0,1,1,3,0,7,5,8,20,1,7,6,9,23,8,0,8,31
05/02/2023,VCV,CA,AWP,WE,Federal Contract Tower,3,1,0,2,6,4,2,4,6,16,7,3,4,8,22,8,0,8,30
05/03/2023,VCV,CA,AWP,WE,Federal Contract Tower,1,2,1,11,15,0,4,5,27,36,1,6,6,38,51,0,0,0,51
05/04/2023,VCV,CA,AWP,WE,Federal Contract Tower,0,0,0,2,2,0,2,0,2,4,0,2,0,4,6,0,0,0,6
05/05/2023,VCV,CA,AWP,WE,Federal Contract Tower,5,0,0,0,5,6,6,5,0,17,11,6,5,0,22,0,0,0,22
05/06/2023,VCV,CA,AWP,WE,Federal Contract Tower,2,4,1,0,7,10,3,14,6,33,12,7,15,6,40,6,0,6,46
05/07/2023,VCV,CA,AWP,WE,Federal Contract Tower,0,1,0,0,1,0,8,2,0,10,0,9,2,0,11,4,0,4,15
05/08/2023,VCV,CA,AWP,WE,Federal Contract Tower,0,0,0,2,2,6,2,9,1,18,6,2,9,3,20,10,0,10,30
05/09/2023,VCV,CA,AWP,WE,Federal Contract Tower,4,2,0,0,6,0,6,4,2,12,4,8,4,2,18,6,0,6,24
05/10/2023,VCV,CA,AWP,WE,Federal Contract Tower,9,2,0,0,11,0,4,2,6,12,9,6,2,6,23,0,0,0,23
05/11/2023,VCV,CA,AWP,WE,Federal Contract Tower,1,2,10,1,14,0,4,6,0,10,1,6,16,1,24,30,0,30,54
05/12/2023,VCV,CA,AWP,WE,Federal Contract Tower,3,5,3,0,11,1,8,16,0,25,4,13,19,0,36,18,0,18,54
05/13/2023,VCV,CA,AWP,WE,Federal Contract Tower,5,0,4,1,10,0,3,9,6,18,5,3,13,7,28,4,8,12,40
05/14/2023,VCV,CA,AWP,WE,Federal Contract Tower,1,0,1,0,2,0,7,3,4,14,1,7,4,4,16,6,0,6,22
05/15/2023,VCV,CA,AWP,WE,Federal Contract Tower,3,3,3,2,11,0,5,15,21,41,3,8,18,23,52,8,0,8,60
05/16/2023,VCV,CA,AWP,WE,Federal Contract Tower,4,2,1,2,9,2,6,18,9,35,6,8,19,11,44,4,16,20,64
05/17/2023,VCV,CA,AWP,WE,Federal Contract Tower,4,3,3,0,10,0,6,1,0,7,4,9,4,0,17,0,0,0,17
05/18/2023,VCV,CA,AWP,WE,Federal Contract Tower,6,0,2,0,8,0,3,5,6,14,6,3,7,6,22,0,6,6,28
05/19/2023,VCV,CA,AWP,WE,Federal Contract Tower,3,3,3,0,9,0,2,5,4,11,3,5,8,4,20,0,14,14,34
05/20/2023,VCV,CA,AWP,WE,Federal Contract Tower,3,0,1,0,4,8,2,10,0,20,11,2,11,0,24,0,0,0,24
05/21/2023,VCV,CA,AWP,WE,Federal Contract Tower,0,0,2,0,2,0,4,5,8,17,0,4,7,8,19,20,0,20,39
05/22/2023,VCV,CA,AWP,WE,Federal Contract Tower,6,5,0,0,11,0,8,7,0,15,6,13,7,0,26,4,0,4,30
05/23/2023,VCV,CA,AWP,WE,Federal Contract Tower,2,2,3,1,8,0,2,3,8,13,2,4,6,9,21,6,30,36,57
05/24/2023,VCV,CA,AWP,WE,Federal Contract Tower,1,2,1,0,4,0,41,16,0,57,1,43,17,0,61,0,0,0,61
05/25/2023,VCV,CA,AWP,WE,Federal Contract Tower,3,0,1,0,4,0,2,6,0,8,3,2,7,0,12,8,6,14,26
05/26/2023,VCV,CA,AWP,WE,Federal Contract Tower,8,0,5,0,13,0,3,7,0,10,8,3,12,0,23,4,20,24,47
05/27/2023,VCV,CA,AWP,WE,Federal Contract Tower,3,5,0,0,8,0,8,13,0,21,3,13,13,0,29,2,0,2,31
05/28/2023,VCV,CA,AWP,WE,Federal Contract Tower,0,0,3,0,3,0,5,5,0,10,0,5,8,0,13,0,0,0,13
05/29/2023,VCV,CA,AWP,WE,Federal Contract Tower,1,0,0,0,1,0,7,4,0,11,1,7,4,0,12,4,0,4,16
05/30/2023,VCV,CA,AWP,WE,Federal Contract Tower,5,0,3,2,10,0,7,7,0,14,5,7,10,2,24,2,20,22,46
05/31/2023,VCV,CA,AWP,WE,Federal Contract Tower,3,1,5,0,9,0,11,5,7,23,3,12,10,7,32,4,6,10,42
06/01/2023,VCV,CA,AWP,WE,Federal Contract Tower,2,1,1,0,4,0,15,7,0,22,2,16,8,0,26,14,16,30,56
06/02/2023,VCV,CA,AWP,WE,Federal Contract Tower,2,3,1,0,6,0,1,8,0,9,2,4,9,0,15,8,0,8,23
06/03/2023,VCV,CA,AWP,WE,Federal Contract Tower,0,0,0,0,0,0,0,7,0,7,0,0,7,0,7,0,0,0,7
06/04/2023,VCV,CA,AWP,WE,Federal Contract Tower,1,0,0,0,1,0,5,1,0,6,1,5,1,0,7,2,0,2,9
06/05/2023,VCV,CA,AWP,WE,Federal Contract Tower,2,0,0,0,2,1,11,2,4,18,3,11,2,4,20,16,8,24,44
06/06/2023,VCV,CA,AWP,WE,Federal Contract Tower,3,4,1,1,9,0,6,3,1,10,3,10,4,2,19,14,0,14,33
06/07/2023,VCV,CA,AWP,WE,Federal Contract Tower,1,3,2,0,6,0,5,15,4,24,1,8,17,4,30,8,6,14,44
06/08/2023,VCV,CA,AWP,WE,Federal Contract Tower,0,3,0,2,5,0,7,8,9,24,0,10,8,11,29,14,18,32,61
06/09/2023,VCV,CA,AWP,WE,Federal Contract Tower,2,0,1,0,3,0,4,6,7,17,2,4,7,7,20,4,10,14,34
06/10/2023,VCV,CA,AWP,WE,Federal Contract Tower,2,0,1,4,7,0,4,13,13,30,2,4,14,17,37,10,8,18,55
06/11/2023,VCV,CA,AWP,WE,Federal Contract Tower,0,0,2,0,2,0,2,2,0,4,0,2,4,0,6,2,0,2,8
06/12/2023,VCV,CA,AWP,WE,Federal Contract Tower,0,3,0,1,4,0,4,3,2,9,0,7,3,3,13,0,6,6,19
06/13/2023,VCV,CA,AWP,WE,Federal Contract Tower,4,3,0,0,7,0,5,2,3,10,4,8,2,3,17,0,0,0,17
06/14/2023,VCV,CA,AWP,WE,Federal Contract Tower,3,1,3,1,8,0,2,4,5,11,3,3,7,6,19,5,34,39,58
06/15/2023,VCV,CA,AWP,WE,Federal Contract Tower,1,0,1,7,9,0,5,9,2,16,1,5,10,9,25,4,12,16,41
06/16/2023,VCV,CA,AWP,WE,Federal Contract Tower,2,6,0,0,8,0,5,1,0,6,2,11,1,0,14,10,0,10,24
06/17/2023,VCV,CA,AWP,WE,Federal Contract Tower,0,0,0,0,0,0,2,2,0,4,0,2,2,0,4,2,0,2,6
06/18/2023,VCV,CA,AWP,WE,Federal Contract Tower,2,0,1,0,3,0,7,7,0,14,2,7,8,0,17,6,0,6,23
06/19/2023,VCV,CA,AWP,WE,Federal Contract Tower,1,1,1,1,4,0,8,5,0,13,1,9,6,1,17,0,6,6,23
06/20/2023,VCV,CA,AWP,WE,Federal Contract Tower,3,3,3,0,9,0,5,5,3,13,3,8,8,3,22,0,31,31,53
06/21/2023,VCV,CA,AWP,WE,Federal Contract Tower,2,0,0,10,12,0,4,6,0,10,2,4,6,10,22,4,0,4,26
06/22/2023,VCV,CA,AWP,WE,Federal Contract Tower,1,2,0,0,3,0,0,6,0,6,1,2,6,0,9,6,0,6,15
06/23/2023,VCV,CA,AWP,WE,Federal Contract Tower,2,0,0,0,2,0,6,4,2,12,2,6,4,2,14,12,0,12,26
06/24/2023,VCV,CA,AWP,WE,Federal Contract Tower,0,1,1,0,2,0,3,9,1,13,0,4,10,1,15,12,2,14,29
06/25/2023,VCV,CA,AWP,WE,Federal Contract Tower,0,0,0,0,0,1,13,2,1,17,1,13,2,1,17,4,0,4,21
06/26/2023,VCV,CA,AWP,WE,Federal Contract Tower,2,0,3,0,5,0,6,6,8,20,2,6,9,8,25,22,14,36,61
06/27/2023,VCV,CA,AWP,WE,Federal Contract Tower,3,1,0,11,15,0,8,6,16,30,3,9,6,27,45,10,16,26,71
06/28/2023,VCV,CA,AWP,WE,Federal Contract Tower,2,0,0,0,2,0,7,6,8,21,2,7,6,8,23,8,0,8,31
06/29/2023,VCV,CA,AWP,WE,Federal Contract Tower,2,5,3,2,12,0,5,2,0,7,2,10,5,2,19,8,0,8,27
06/30/2023,VCV,CA,AWP,WE,Federal Contract Tower,1,0,0,1,2,0,5,6,5,16,1,5,6,6,18,0,0,0,18
07/01/2023,VCV,CA,AWP,WE,Federal Contract Tower,1,0,0,0,1,0,7,7,0,14,1,7,7,0,15,0,0,0,15
07/02/2023,VCV,CA,AWP,WE,Federal Contract Tower,0,0,0,0,0,0,6,2,0,8,0,6,2,0,8,0,0,0,8
07/03/2023,VCV,CA,AWP,WE,Federal Contract Tower,0,0,0,0,0,0,3,1,0,4,0,3,1,0,4,0,0,0,4
07/04/2023,VCV,CA,AWP,WE,Federal Contract Tower,0,0,0,0,0,0,1,2,0,3,0,1,2,0,3,0,0,0,3
07/05/2023,VCV,CA,AWP,WE,Federal Contract Tower,1,0,3,2,6,0,2,9,4,15,1,2,12,6,21,0,0,0,21
07/06/2023,VCV,CA,AWP,WE,Federal Contract Tower,1,3,3,3,10,0,7,2,6,15,1,10,5,9,25,14,6,20,45
07/07/2023,VCV,CA,AWP,WE,Federal Contract Tower,3,0,2,2,7,2,2,4,2,10,5,2,6,4,17,12,16,28,45
07/08/2023,VCV,CA,AWP,WE,Federal Contract Tower,6,0,0,0,6,0,1,3,0,4,6,1,3,0,10,6,0,6,16
07/09/2023,VCV,CA,AWP,WE,Federal Contract Tower,2,0,0,0,2,1,6,8,0,15,3,6,8,0,17,0,0,0,17
07/10/2023,VCV,CA,AWP,WE,Federal Contract Tower,0,2,0,0,2,0,9,0,0,9,0,11,0,0,11,0,0,0,11
07/11/2023,VCV,CA,AWP,WE,Federal Contract Tower,0,1,2,2,5,0,5,8,6,19,0,6,10,8,24,8,0,8,32
07/12/2023,VCV,CA,AWP,WE,Federal Contract Tower,2,1,0,0,3,0,10,3,0,13,2,11,3,0,16,6,0,6,22
07/13/2023,VCV,CA,AWP,WE,Federal Contract Tower,1,3,1,0,5,0,10,6,0,16,1,13,7,0,21,8,0,8,29
07/14/2023,VCV,CA,AWP,WE,Federal Contract Tower,4,0,0,1,5,0,7,16,13,36,4,7,16,14,41,0,8,8,49
07/15/2023,VCV,CA,AWP,WE,Federal Contract Tower,0,0,0,0,0,0,5,1,0,6,0,5,1,0,6,6,0,6,12
07/16/2023,VCV,CA,AWP,WE,Federal Contract Tower,1,0,0,0,1,0,4,1,0,5,1,4,1,0,6,8,0,8,14
07/17/2023,VCV,CA,AWP,WE,Federal Contract Tower,2,0,1,2,5,0,0,8,8,16,2,0,9,10,21,6,0,6,27
07/18/2023,VCV,CA,AWP,WE,Federal Contract Tower,2,1,0,0,3,0,7,2,2,11,2,8,2,2,14,0,0,0,14
07/19/2023,VCV,CA,AWP,WE,Federal Contract Tower,0,1,0,3,4,0,8,11,8,27,0,9,11,11,31,6,2,8,39
07/20/2023,VCV,CA,AWP,WE,Federal Contract Tower,0,1,4,0,5,0,5,1,4,10,0,6,5,4,15,0,0,0,15
07/21/2023,VCV,CA,AWP,WE,Federal Contract Tower,2,0,1,0,3,0,2,4,3,9,2,2,5,3,12,12,0,12,24
07/22/2023,VCV,CA,AWP,WE,Federal Contract Tower,1,0,2,0,3,0,2,0,0,2,1,2,2,0,5,0,0,0,5
07/23/2023,VCV,CA,AWP,WE,Federal Contract Tower,1,0,1,0,2,0,5,6,0,11,1,5,7,0,13,0,0,0,13
07/24/2023,VCV,CA,AWP,WE,Federal Contract Tower,0,0,5,0,5,0,6,6,0,12,0,6,11,0,17,14,0,14,31
07/25/2023,VCV,CA,AWP,WE,Federal Contract Tower,1,1,0,2,4,0,5,12,3,20,1,6,12,5,24,12,36,48,72
07/26/2023,VCV,CA,AWP,WE,Federal Contract Tower,0,4,0,2,6,0,6,2,0,8,0,10,2,2,14,0,0,0,14
07/27/2023,VCV,CA,AWP,WE,Federal Contract Tower,1,1,1,0,3,0,3,3,0,6,1,4,4,0,9,0,0,0,9
07/28/2023,VCV,CA,AWP,WE,Federal Contract Tower,3,0,1,0,4,0,8,6,0,14,3,8,7,0,18,0,0,0,18
07/29/2023,VCV,CA,AWP,WE,Federal Contract Tower,1,4,0,0,5,0,6,5,0,11,1,10,5,0,16,0,0,0,16
07/30/2023,VCV,CA,AWP,WE,Federal Contract Tower,1,0,0,0,1,0,8,4,0,12,1,8,4,0,13,8,0,8,21
07/31/2023,VCV,CA,AWP,WE,Federal Contract Tower,2,0,0,0,2,0,4,2,0,6,2,4,2,0,8,0,0,0,8
08/01/2023,VCV,CA,AWP,WE,Federal Contract Tower,2,3,0,0,5,0,7,3,0,10,2,10,3,0,15,0,0,0,15
08/02/2023,VCV,CA,AWP,WE,Federal Contract Tower,1,1,3,2,7,0,5,10,0,15,1,6,13,2,22,4,0,4,26
08/03/2023,VCV,CA,AWP,WE,Federal Contract Tower,1,0,0,0,1,0,2,9,0,11,1,2,9,0,12,2,0,2,14
08/04/2023,VCV,CA,AWP,WE,Federal Contract Tower,4,0,0,0,4,0,4,6,3,13,4,4,6,3,17,14,0,14,31
08/06/2023,VCV,CA,AWP,WE,Federal Contract Tower,2,0,1,1,4,1,6,9,19,35,3,6,10,20,39,6,26,32,71
08/07/2023,VCV,CA,AWP,WE,Federal Contract Tower,0,2,0,0,2,0,2,6,0,8,0,4,6,0,10,2,0,2,12
08/08/2023,VCV,CA,AWP,WE,Federal Contract Tower,2,5,1,0,8,0,6,7,0,13,2,11,8,0,21,4,0,4,25
08/09/2023,VCV,CA,AWP,WE,Federal Contract Tower,1,4,2,2,9,0,7,22,0,29,1,11,24,2,38,16,20,36,74
08/11/2023,VCV,CA,AWP,WE,Federal Contract Tower,3,0,1,0,4,0,13,1,1,15,3,13,2,1,19,0,0,0,19
08/12/2023,VCV,CA,AWP,WE,Federal Contract Tower,0,1,0,0,1,0,12,5,0,17,0,13,5,0,18,0,0,0,18
08/13/2023,VCV,CA,AWP,WE,Federal Contract Tower,0,0,0,0,0,0,2,3,0,5,0,2,3,0,5,0,0,0,5
08/14/2023,VCV,CA,AWP,WE,Federal Contract Tower,0,0,1,2,3,0,3,8,0,11,0,3,9,2,14,18,0,18,32
08/15/2023,VCV,CA,AWP,WE,Federal Contract Tower,2,7,0,0,9,1,5,10,2,18,3,12,10,2,27,0,0,0,27
08/16/2023,VCV,CA,AWP,WE,Federal Contract Tower,1,3,0,0,4,0,11,9,0,20,1,14,9,0,24,4,0,4,28
08/17/2023,VCV,CA,AWP,WE,Federal Contract Tower,0,0,0,7,7,0,7,22,1,30,0,7,22,8,37,8,16,24,61
08/18/2023,VCV,CA,AWP,WE,Federal Contract Tower,1,2,0,0,3,0,4,1,6,11,1,6,1,6,14,10,0,10,24
08/19/2023,VCV,CA,AWP,WE,Federal Contract Tower,1,11,0,1,13,0,3,0,0,3,1,14,0,1,16,0,0,0,16
08/20/2023,VCV,CA,AWP,WE,Federal Contract Tower,0,0,0,0,0,0,0,0,0,0,0,0,0,0,0,0,0,0,0
08/21/2023,VCV,CA,AWP,WE,Federal Contract Tower,1,0,2,3,6,0,6,4,0,10,1,6,6,3,16,0,0,0,16
08/23/2023,VCV,CA,AWP,WE,Federal Contract Tower,0,4,0,0,4,0,3,9,0,12,0,7,9,0,16,14,0,14,30
08/24/2023,VCV,CA,AWP,WE,Federal Contract Tower,3,2,0,0,5,2,11,12,8,33,5,13,12,8,38,6,4,10,48
08/25/2023,VCV,CA,AWP,WE,Federal Contract Tower,2,1,0,3,6,0,6,3,7,16,2,7,3,10,22,0,0,0,22
08/26/2023,VCV,CA,AWP,WE,Federal Contract Tower,2,0,2,0,4,0,8,10,2,20,2,8,12,2,24,8,0,8,32
08/27/2023,VCV,CA,AWP,WE,Federal Contract Tower,1,0,1,0,2,0,10,8,0,18,1,10,9,0,20,36,0,36,56
08/28/2023,VCV,CA,AWP,WE,Federal Contract Tower,1,2,0,1,4,0,6,5,1,12,1,8,5,2,16,6,8,14,30
08/29/2023,VCV,CA,AWP,WE,Federal Contract Tower,7,1,0,0,8,0,6,14,8,28,7,7,14,8,36,16,14,30,66
08/30/2023,VCV,CA,AWP,WE,Federal Contract Tower,5,3,0,0,8,0,6,2,0,8,5,9,2,0,16,0,0,0,16
08/31/2023,VCV,CA,AWP,WE,Federal Contract Tower,3,0,1,4,8,0,13,5,8,26,3,13,6,12,34,8,24,32,66
