01/01/2020,VGT,NV,AWP,WE,Towers with Radar,1,4,4,0,9,0,64,108,0,172,1,68,112,0,181,196,0,196,377
01/02/2020,VGT,NV,AWP,WE,Towers with Radar,0,2,6,0,8,0,72,86,0,158,0,74,92,0,166,138,0,138,304
01/03/2020,VGT,NV,AWP,WE,Towers with Radar,0,12,11,0,23,0,92,161,4,257,0,104,172,4,280,524,0,524,804
01/04/2020,VGT,NV,AWP,WE,Towers with Radar,0,9,11,0,20,0,87,193,0,280,0,96,204,0,300,350,0,350,650
01/05/2020,VGT,NV,AWP,WE,Towers with Radar,0,2,13,0,15,0,41,171,0,212,0,43,184,0,227,264,0,264,491
01/06/2020,VGT,NV,AWP,WE,Towers with Radar,0,3,11,0,14,0,44,122,1,167,0,47,133,1,181,324,0,324,505
01/07/2020,VGT,NV,AWP,WE,Towers with Radar,0,6,15,1,22,0,22,152,1,175,0,28,167,2,197,472,0,472,669
01/08/2020,VGT,NV,AWP,WE,Towers with Radar,0,4,14,0,18,0,25,156,7,188,0,29,170,7,206,378,0,378,584
01/09/2020,VGT,NV,AWP,WE,Towers with Radar,0,1,25,0,26,0,40,160,2,202,0,41,185,2,228,450,2,452,680
01/10/2020,VGT,NV,AWP,WE,Towers with Radar,1,3,26,0,30,0,56,148,3,207,1,59,174,3,237,298,2,300,537
01/11/2020,VGT,NV,AWP,WE,Towers with Radar,0,5,20,0,25,0,70,284,3,357,0,75,304,3,382,500,0,500,882
01/12/2020,VGT,NV,AWP,WE,Towers with Radar,0,1,19,0,20,0,43,124,4,171,0,44,143,4,191,316,0,316,507
01/13/2020,VGT,NV,AWP,WE,Towers with Radar,0,4,11,0,15,0,16,150,0,166,0,20,161,0,181,436,0,436,617
01/14/2020,VGT,NV,AWP,WE,Towers with Radar,0,5,11,0,16,0,47,143,1,191,0,52,154,1,207,574,0,574,781
01/15/2020,VGT,NV,AWP,WE,Towers with Radar,0,11,6,0,17,0,87,191,2,280,0,98,197,2,297,554,6,560,857
01/16/2020,VGT,NV,AWP,WE,Towers with Radar,0,12,13,0,25,0,60,140,1,201,0,72,153,1,226,448,0,448,674
01/17/2020,VGT,NV,AWP,WE,Towers with Radar,0,6,17,0,23,0,52,135,1,188,0,58,152,1,211,264,0,264,475
01/18/2020,VGT,NV,AWP,WE,Towers with Radar,0,9,7,0,16,0,94,215,3,312,0,103,222,3,328,332,0,332,660
01/19/2020,VGT,NV,AWP,WE,Towers with Radar,0,5,9,0,14,0,51,209,1,261,0,56,218,1,275,364,0,364,639
01/20/2020,VGT,NV,AWP,WE,Towers with Radar,0,17,22,0,39,0,53,133,1,187,0,70,155,1,226,392,0,392,618
01/21/2020,VGT,NV,AWP,WE,Towers with Radar,1,8,27,0,36,0,25,147,2,174,1,33,174,2,210,460,0,460,670
01/22/2020,VGT,NV,AWP,WE,Towers with Radar,1,3,17,0,21,0,38,201,4,243,1,41,218,4,264,408,2,410,674
01/23/2020,VGT,NV,AWP,WE,Towers with Radar,0,7,18,1,26,0,54,168,3,225,0,61,186,4,251,680,0,680,931
01/24/2020,VGT,NV,AWP,WE,Towers with Radar,0,6,20,0,26,0,47,210,2,259,0,53,230,2,285,374,0,374,659
01/25/2020,VGT,NV,AWP,WE,Towers with Radar,0,4,12,0,16,0,84,219,7,310,0,88,231,7,326,429,5,434,760
01/26/2020,VGT,NV,AWP,WE,Towers with Radar,0,5,7,0,12,0,59,162,4,225,0,64,169,4,237,466,0,466,703
01/27/2020,VGT,NV,AWP,WE,Towers with Radar,0,12,9,0,21,0,28,104,8,140,0,40,113,8,161,244,0,244,405
01/28/2020,VGT,NV,AWP,WE,Towers with Radar,0,8,11,1,20,0,16,149,2,167,0,24,160,3,187,620,0,620,807
01/29/2020,VGT,NV,AWP,WE,Towers with Radar,0,11,15,0,26,0,24,47,0,71,0,35,62,0,97,114,0,114,211
01/30/2020,VGT,NV,AWP,WE,Towers with Radar,0,5,18,1,24,0,63,182,8,253,0,68,200,9,277,594,0,594,871
01/31/2020,VGT,NV,AWP,WE,Towers with Radar,0,4,16,0,20,0,33,165,4,202,0,37,181,4,222,416,0,416,638
02/01/2020,VGT,NV,AWP,WE,Towers with Radar,0,3,24,0,27,0,46,184,4,234,0,49,208,4,261,463,0,463,724
02/02/2020,VGT,NV,AWP,WE,Towers with Radar,0,4,8,1,13,0,5,128,1,134,0,9,136,2,147,276,0,276,423
02/03/2020,VGT,NV,AWP,WE,Towers with Radar,0,7,7,1,15,0,19,42,0,61,0,26,49,1,76,44,0,44,120
02/04/2020,VGT,NV,AWP,WE,Towers with Radar,0,0,8,0,8,0,12,46,0,58,0,12,54,0,66,134,0,134,200
02/05/2020,VGT,NV,AWP,WE,Towers with Radar,0,4,11,0,15,0,17,173,6,196,0,21,184,6,211,650,0,650,861
02/06/2020,VGT,NV,AWP,WE,Towers with Radar,0,4,14,0,18,0,19,175,4,198,0,23,189,4,216,546,0,546,762
02/07/2020,VGT,NV,AWP,WE,Towers with Radar,0,1,21,0,22,0,41,233,21,295,0,42,254,21,317,602,0,602,919
02/08/2020,VGT,NV,AWP,WE,Towers with Radar,0,3,16,0,19,0,58,212,8,278,0,61,228,8,297,510,14,524,821
02/09/2020,VGT,NV,AWP,WE,Towers with Radar,0,6,20,0,26,0,15,40,3,58,0,21,60,3,84,112,0,112,196
02/10/2020,VGT,NV,AWP,WE,Towers with Radar,0,3,5,0,8,0,18,59,6,83,0,21,64,6,91,66,0,66,157
02/11/2020,VGT,NV,AWP,WE,Towers with Radar,0,2,11,0,13,0,36,62,10,108,0,38,73,10,121,186,0,186,307
02/12/2020,VGT,NV,AWP,WE,Towers with Radar,0,6,13,1,20,0,28,219,18,265,0,34,232,19,285,587,4,591,876
02/13/2020,VGT,NV,AWP,WE,Towers with Radar,1,6,20,0,27,0,43,236,8,287,1,49,256,8,314,716,2,718,1032
02/14/2020,VGT,NV,AWP,WE,Towers with Radar,1,5,16,0,22,0,69,224,9,302,1,74,240,9,324,406,0,406,730
02/15/2020,VGT,NV,AWP,WE,Towers with Radar,0,3,10,0,13,0,51,225,6,282,0,54,235,6,295,508,0,508,803
02/16/2020,VGT,NV,AWP,WE,Towers with Radar,0,5,25,0,30,0,46,155,3,204,0,51,180,3,234,462,0,462,696
02/17/2020,VGT,NV,AWP,WE,Towers with Radar,0,9,13,0,22,0,32,175,5,212,0,41,188,5,234,400,0,400,634
02/18/2020,VGT,NV,AWP,WE,Towers with Radar,0,6,12,1,19,0,38,130,8,176,0,44,142,9,195,344,6,350,545
02/19/2020,VGT,NV,AWP,WE,Towers with Radar,0,7,8,3,18,0,53,115,8,176,0,60,123,11,194,386,0,386,580
02/20/2020,VGT,NV,AWP,WE,Towers with Radar,0,4,14,0,18,0,6,39,4,49,0,10,53,4,67,80,0,80,147
02/21/2020,VGT,NV,AWP,WE,Towers with Radar,0,3,5,0,8,0,30,86,5,121,0,33,91,5,129,80,0,80,209
02/22/2020,VGT,NV,AWP,WE,Towers with Radar,0,2,6,0,8,0,48,53,5,106,0,50,59,5,114,270,0,270,384
02/23/2020,VGT,NV,AWP,WE,Towers with Radar,0,3,16,0,19,0,39,197,2,238,0,42,213,2,257,414,0,414,671
02/24/2020,VGT,NV,AWP,WE,Towers with Radar,0,3,14,0,17,0,21,114,3,138,0,24,128,3,155,242,0,242,397
02/25/2020,VGT,NV,AWP,WE,Towers with Radar,0,7,8,0,15,0,26,78,1,105,0,33,86,1,120,222,0,222,342
02/26/2020,VGT,NV,AWP,WE,Towers with Radar,0,2,20,1,23,0,38,181,8,227,0,40,201,9,250,520,0,520,770
02/27/2020,VGT,NV,AWP,WE,Towers with Radar,0,0,18,0,18,0,58,202,19,279,0,58,220,19,297,612,0,612,909
02/28/2020,VGT,NV,AWP,WE,Towers with Radar,0,3,21,0,24,0,45,245,5,295,0,48,266,5,319,551,0,551,870
02/29/2020,VGT,NV,AWP,WE,Towers with Radar,0,1,11,0,12,0,63,224,8,295,0,64,235,8,307,494,10,504,811
03/01/2020,VGT,NV,AWP,WE,Towers with Radar,0,2,8,0,10,0,20,36,1,57,0,22,44,1,67,28,0,28,95
03/02/2020,VGT,NV,AWP,WE,Towers with Radar,0,6,15,0,21,0,42,40,1,83,0,48,55,1,104,114,0,114,218
03/03/2020,VGT,NV,AWP,WE,Towers with Radar,0,6,11,1,18,0,22,103,0,125,0,28,114,1,143,206,0,206,349
03/04/2020,VGT,NV,AWP,WE,Towers with Radar,0,2,6,1,9,0,30,236,4,270,0,32,242,5,279,698,4,702,981
03/05/2020,VGT,NV,AWP,WE,Towers with Radar,0,3,12,2,17,0,45,253,4,302,0,48,265,6,319,640,6,646,965
03/06/2020,VGT,NV,AWP,WE,Towers with Radar,0,3,20,0,23,0,39,239,8,286,0,42,259,8,309,546,0,546,855
03/07/2020,VGT,NV,AWP,WE,Towers with Radar,0,5,14,0,19,0,36,123,3,162,0,41,137,3,181,218,0,218,399
03/08/2020,VGT,NV,AWP,WE,Towers with Radar,0,4,19,0,23,0,24,135,7,166,0,28,154,7,189,148,0,148,337
03/09/2020,VGT,NV,AWP,WE,Towers with Radar,0,5,18,1,24,0,25,181,9,215,0,30,199,10,239,454,0,454,693
03/10/2020,VGT,NV,AWP,WE,Towers with Radar,0,10,36,0,46,0,1,54,0,55,0,11,90,0,101,322,0,322,423
03/11/2020,VGT,NV,AWP,WE,Towers with Radar,0,7,45,0,52,0,11,86,3,100,0,18,131,3,152,482,0,482,634
03/12/2020,VGT,NV,AWP,WE,Towers with Radar,0,4,27,0,31,0,3,161,2,166,0,7,188,2,197,406,0,406,603
03/13/2020,VGT,NV,AWP,WE,Towers with Radar,0,6,39,0,45,0,25,44,1,70,0,31,83,1,115,60,0,60,175
03/14/2020,VGT,NV,AWP,WE,Towers with Radar,0,3,20,0,23,0,38,101,0,139,0,41,121,0,162,122,0,122,284
03/15/2020,VGT,NV,AWP,WE,Towers with Radar,0,3,14,0,17,0,43,130,1,174,0,46,144,1,191,232,0,232,423
03/16/2020,VGT,NV,AWP,WE,Towers with Radar,0,5,6,0,11,0,7,120,5,132,0,12,126,5,143,372,66,438,581
03/17/2020,VGT,NV,AWP,WE,Towers with Radar,0,2,12,0,14,0,7,92,0,99,0,9,104,0,113,272,0,272,385
03/18/2020,VGT,NV,AWP,WE,Towers with Radar,0,2,5,0,7,0,4,110,8,122,0,6,115,8,129,488,12,500,629
03/19/2020,VGT,NV,AWP,WE,Towers with Radar,0,4,9,0,13,0,2,128,1,131,0,6,137,1,144,350,6,356,500
03/20/2020,VGT,NV,AWP,WE,Towers with Radar,0,9,11,1,21,0,4,89,3,96,0,13,100,4,117,354,0,354,471
03/21/2020,VGT,NV,AWP,WE,Towers with Radar,0,1,12,0,13,0,2,199,1,202,0,3,211,1,215,376,0,376,591
03/22/2020,VGT,NV,AWP,WE,Towers with Radar,0,0,10,0,10,0,0,128,2,130,0,0,138,2,140,240,0,240,380
03/23/2020,VGT,NV,AWP,WE,Towers with Radar,0,4,8,0,12,0,1,43,2,46,0,5,51,2,58,190,0,190,248
03/24/2020,VGT,NV,AWP,WE,Towers with Radar,0,0,5,0,5,0,4,87,1,92,0,4,92,1,97,218,8,226,323
03/25/2020,VGT,NV,AWP,WE,Towers with Radar,0,6,6,0,12,0,1,32,0,33,0,7,38,0,45,82,0,82,127
03/26/2020,VGT,NV,AWP,WE,Towers with Radar,0,8,6,0,14,0,4,104,0,108,0,12,110,0,122,156,0,156,278
03/27/2020,VGT,NV,AWP,WE,Towers with Radar,0,4,5,1,10,0,2,72,4,78,0,6,77,5,88,124,0,124,212
03/28/2020,VGT,NV,AWP,WE,Towers with Radar,0,0,5,0,5,0,1,215,0,216,0,1,220,0,221,356,0,356,577
03/29/2020,VGT,NV,AWP,WE,Towers with Radar,0,0,4,0,4,0,0,107,0,107,0,0,111,0,111,14,0,14,125
03/30/2020,VGT,NV,AWP,WE,Towers with Radar,0,5,15,0,20,0,2,181,1,184,0,7,196,1,204,20,0,20,224
03/31/2020,VGT,NV,AWP,WE,Towers with Radar,0,0,2,1,3,0,0,121,11,132,0,0,123,12,135,336,0,336,471
04/01/2020,VGT,NV,AWP,WE,Towers with Radar,0,3,10,0,13,0,1,100,0,101,0,4,110,0,114,358,0,358,472
04/02/2020,VGT,NV,AWP,WE,Towers with Radar,0,0,3,1,4,0,0,51,2,53,0,0,54,3,57,192,0,192,249
04/03/2020,VGT,NV,AWP,WE,Towers with Radar,0,0,10,0,10,0,5,227,0,232,0,5,237,0,242,364,0,364,606
04/04/2020,VGT,NV,AWP,WE,Towers with Radar,0,0,7,0,7,0,4,130,0,134,0,4,137,0,141,202,0,202,343
04/05/2020,VGT,NV,AWP,WE,Towers with Radar,0,0,0,0,0,0,4,29,0,33,0,4,29,0,33,26,0,26,59
04/06/2020,VGT,NV,AWP,WE,Towers with Radar,0,4,1,0,5,0,2,57,3,62,0,6,58,3,67,194,0,194,261
04/07/2020,VGT,NV,AWP,WE,Towers with Radar,0,0,2,0,2,0,0,37,4,41,0,0,39,4,43,86,0,86,129
04/08/2020,VGT,NV,AWP,WE,Towers with Radar,0,2,1,0,3,0,0,53,1,54,0,2,54,1,57,180,0,180,237
04/09/2020,VGT,NV,AWP,WE,Towers with Radar,0,0,3,0,3,0,0,85,3,88,0,0,88,3,91,200,0,200,291
04/10/2020,VGT,NV,AWP,WE,Towers with Radar,0,0,7,0,7,0,0,71,0,71,0,0,78,0,78,266,0,266,344
04/11/2020,VGT,NV,AWP,WE,Towers with Radar,0,0,12,0,12,0,0,159,0,159,0,0,171,0,171,158,0,158,329
04/12/2020,VGT,NV,AWP,WE,Towers with Radar,0,0,0,0,0,0,0,65,0,65,0,0,65,0,65,92,0,92,157
04/13/2020,VGT,NV,AWP,WE,Towers with Radar,0,2,6,0,8,0,1,83,0,84,0,3,89,0,92,122,0,122,214
04/14/2020,VGT,NV,AWP,WE,Towers with Radar,0,0,7,0,7,0,0,108,0,108,0,0,115,0,115,212,0,212,327
04/15/2020,VGT,NV,AWP,WE,Towers with Radar,0,3,4,0,7,0,1,142,0,143,0,4,146,0,150,234,0,234,384
04/16/2020,VGT,NV,AWP,WE,Towers with Radar,0,1,5,0,6,0,3,109,2,114,0,4,114,2,120,214,0,214,334
04/17/2020,VGT,NV,AWP,WE,Towers with Radar,0,0,4,0,4,0,1,131,1,133,0,1,135,1,137,220,0,220,357
04/18/2020,VGT,NV,AWP,WE,Towers with Radar,0,0,2,0,2,0,0,90,0,90,0,0,92,0,92,198,0,198,290
04/19/2020,VGT,NV,AWP,WE,Towers with Radar,0,0,3,0,3,0,0,99,0,99,0,0,102,0,102,186,0,186,288
04/20/2020,VGT,NV,AWP,WE,Towers with Radar,0,3,4,0,7,0,2,107,3,112,0,5,111,3,119,276,0,276,395
04/21/2020,VGT,NV,AWP,WE,Towers with Radar,0,2,4,2,8,0,0,106,1,107,0,2,110,3,115,338,0,338,453
04/22/2020,VGT,NV,AWP,WE,Towers with Radar,0,0,5,2,7,0,0,97,1,98,0,0,102,3,105,260,0,260,365
04/23/2020,VGT,NV,AWP,WE,Towers with Radar,0,3,8,1,12,0,3,110,8,121,0,6,118,9,133,50,0,50,183
04/24/2020,VGT,NV,AWP,WE,Towers with Radar,0,0,8,0,8,0,5,180,0,185,0,5,188,0,193,344,0,344,537
04/25/2020,VGT,NV,AWP,WE,Towers with Radar,0,2,1,0,3,0,4,233,0,237,0,6,234,0,240,332,0,332,572
04/26/2020,VGT,NV,AWP,WE,Towers with Radar,0,7,2,0,9,0,0,137,1,138,0,7,139,1,147,218,0,218,365
04/27/2020,VGT,NV,AWP,WE,Towers with Radar,0,1,7,0,8,0,1,140,4,145,0,2,147,4,153,352,0,352,505
04/28/2020,VGT,NV,AWP,WE,Towers with Radar,0,5,4,0,9,0,2,135,2,139,0,7,139,2,148,352,0,352,500
04/29/2020,VGT,NV,AWP,WE,Towers with Radar,0,0,12,0,12,1,0,151,10,162,1,0,163,10,174,308,0,308,482
04/30/2020,VGT,NV,AWP,WE,Towers with Radar,0,3,4,1,8,0,0,91,3,94,0,3,95,4,102,322,0,322,424
05/01/2020,VGT,NV,AWP,WE,Towers with Radar,0,6,7,0,13,0,0,152,7,159,0,6,159,7,172,252,0,252,424
05/02/2020,VGT,NV,AWP,WE,Towers with Radar,0,2,12,0,14,0,2,213,1,216,0,4,225,1,230,306,0,306,536
05/03/2020,VGT,NV,AWP,WE,Towers with Radar,0,5,3,0,8,0,2,183,0,185,0,7,186,0,193,258,0,258,451
05/04/2020,VGT,NV,AWP,WE,Towers with Radar,0,7,3,0,10,0,0,124,5,129,0,7,127,5,139,196,0,196,335
05/05/2020,VGT,NV,AWP,WE,Towers with Radar,0,0,11,0,11,0,2,177,1,180,0,2,188,1,191,372,0,372,563
05/06/2020,VGT,NV,AWP,WE,Towers with Radar,0,2,6,0,8,0,0,150,1,151,0,2,156,1,159,300,0,300,459
05/07/2020,VGT,NV,AWP,WE,Towers with Radar,0,3,9,0,12,0,3,127,0,130,0,6,136,0,142,368,0,368,510
05/08/2020,VGT,NV,AWP,WE,Towers with Radar,0,6,10,0,16,0,0,148,5,153,0,6,158,5,169,356,0,356,525
05/09/2020,VGT,NV,AWP,WE,Towers with Radar,0,0,5,0,5,0,0,169,0,169,0,0,174,0,174,288,0,288,462
05/10/2020,VGT,NV,AWP,WE,Towers with Radar,0,6,2,0,8,0,4,99,2,105,0,10,101,2,113,212,0,212,325
05/11/2020,VGT,NV,AWP,WE,Towers with Radar,0,4,4,1,9,0,1,60,7,68,0,5,64,8,77,166,10,176,253
05/12/2020,VGT,NV,AWP,WE,Towers with Radar,0,1,4,0,5,0,0,11,1,12,0,1,15,1,17,36,0,36,53
05/13/2020,VGT,NV,AWP,WE,Towers with Radar,0,1,4,1,6,0,0,122,1,123,0,1,126,2,129,340,2,342,471
05/14/2020,VGT,NV,AWP,WE,Towers with Radar,0,0,24,0,24,0,0,129,1,130,0,0,153,1,154,448,0,448,602
05/15/2020,VGT,NV,AWP,WE,Towers with Radar,0,3,6,0,9,0,3,147,0,150,0,6,153,0,159,454,0,454,613
05/16/2020,VGT,NV,AWP,WE,Towers with Radar,0,5,10,0,15,0,5,147,0,152,0,10,157,0,167,427,0,427,594
05/17/2020,VGT,NV,AWP,WE,Towers with Radar,0,0,14,0,14,0,2,73,0,75,0,2,87,0,89,158,0,158,247
05/18/2020,VGT,NV,AWP,WE,Towers with Radar,0,7,2,0,9,0,3,53,4,60,0,10,55,4,69,80,0,80,149
05/19/2020,VGT,NV,AWP,WE,Towers with Radar,1,6,10,0,17,0,1,60,4,65,1,7,70,4,82,60,0,60,142
05/20/2020,VGT,NV,AWP,WE,Towers with Radar,0,4,11,0,15,0,5,190,3,198,0,9,201,3,213,462,0,462,675
05/21/2020,VGT,NV,AWP,WE,Towers with Radar,1,3,7,0,11,0,9,257,5,271,1,12,264,5,282,420,0,420,702
05/22/2020,VGT,NV,AWP,WE,Towers with Radar,0,10,14,0,24,0,2,87,1,90,0,12,101,1,114,190,0,190,304
05/23/2020,VGT,NV,AWP,WE,Towers with Radar,0,3,6,0,9,0,0,92,1,93,0,3,98,1,102,214,0,214,316
05/24/2020,VGT,NV,AWP,WE,Towers with Radar,0,2,18,0,20,0,4,172,11,187,0,6,190,11,207,250,4,254,461
05/25/2020,VGT,NV,AWP,WE,Towers with Radar,0,3,11,0,14,0,1,148,4,153,0,4,159,4,167,266,0,266,433
05/26/2020,VGT,NV,AWP,WE,Towers with Radar,0,7,12,0,19,0,2,211,2,215,0,9,223,2,234,432,0,432,666
05/27/2020,VGT,NV,AWP,WE,Towers with Radar,0,3,15,0,18,0,2,179,7,188,0,5,194,7,206,452,0,452,658
05/28/2020,VGT,NV,AWP,WE,Towers with Radar,0,2,12,0,14,0,1,135,3,139,0,3,147,3,153,297,0,297,450
05/29/2020,VGT,NV,AWP,WE,Towers with Radar,0,3,7,0,10,0,3,83,0,86,0,6,90,0,96,226,4,230,326
05/30/2020,VGT,NV,AWP,WE,Towers with Radar,0,3,7,0,10,0,2,47,1,50,0,5,54,1,60,256,0,256,316
05/31/2020,VGT,NV,AWP,WE,Towers with Radar,0,0,11,0,11,0,4,107,0,111,0,4,118,0,122,260,0,260,382
06/01/2020,VGT,NV,AWP,WE,Towers with Radar,0,0,8,0,8,0,7,106,0,113,0,7,114,0,121,330,0,330,451
06/02/2020,VGT,NV,AWP,WE,Towers with Radar,0,1,3,0,4,0,0,193,0,193,0,1,196,0,197,419,0,419,616
06/03/2020,VGT,NV,AWP,WE,Towers with Radar,0,5,9,0,14,0,1,192,1,194,0,6,201,1,208,304,0,304,512
06/04/2020,VGT,NV,AWP,WE,Towers with Radar,0,11,16,0,27,0,2,148,0,150,0,13,164,0,177,363,0,363,540
06/05/2020,VGT,NV,AWP,WE,Towers with Radar,0,4,10,0,14,0,5,112,3,120,0,9,122,3,134,112,0,112,246
06/06/2020,VGT,NV,AWP,WE,Towers with Radar,0,3,3,0,6,0,6,20,0,26,0,9,23,0,32,42,0,42,74
06/07/2020,VGT,NV,AWP,WE,Towers with Radar,0,4,21,0,25,0,4,93,0,97,0,8,114,0,122,238,20,258,380
06/08/2020,VGT,NV,AWP,WE,Towers with Radar,0,5,8,0,13,0,7,39,2,48,0,12,47,2,61,94,0,94,155
06/09/2020,VGT,NV,AWP,WE,Towers with Radar,0,1,17,0,18,0,7,134,0,141,0,8,151,0,159,464,2,466,625
06/10/2020,VGT,NV,AWP,WE,Towers with Radar,0,2,10,0,12,0,9,114,1,124,0,11,124,1,136,496,0,496,632
06/11/2020,VGT,NV,AWP,WE,Towers with Radar,0,9,16,0,25,0,0,113,0,113,0,9,129,0,138,486,0,486,624
06/12/2020,VGT,NV,AWP,WE,Towers with Radar,0,6,11,0,17,0,6,106,3,115,0,12,117,3,132,272,0,272,404
06/13/2020,VGT,NV,AWP,WE,Towers with Radar,0,4,6,0,10,0,7,78,0,85,0,11,84,0,95,34,0,34,129
06/14/2020,VGT,NV,AWP,WE,Towers with Radar,0,7,12,0,19,0,6,209,0,215,0,13,221,0,234,378,0,378,612
06/15/2020,VGT,NV,AWP,WE,Towers with Radar,0,8,16,0,24,0,9,158,13,180,0,17,174,13,204,278,0,278,482
06/16/2020,VGT,NV,AWP,WE,Towers with Radar,0,9,6,0,15,0,1,67,2,70,0,10,73,2,85,52,0,52,137
06/17/2020,VGT,NV,AWP,WE,Towers with Radar,0,12,10,1,23,0,2,89,5,96,0,14,99,6,119,314,0,314,433
06/18/2020,VGT,NV,AWP,WE,Towers with Radar,0,3,19,0,22,0,0,149,2,151,0,3,168,2,173,354,0,354,527
06/19/2020,VGT,NV,AWP,WE,Towers with Radar,0,8,9,0,17,0,3,186,0,189,0,11,195,0,206,464,0,464,670
06/20/2020,VGT,NV,AWP,WE,Towers with Radar,0,4,15,0,19,0,2,150,5,157,0,6,165,5,176,304,0,304,480
06/21/2020,VGT,NV,AWP,WE,Towers with Radar,0,4,6,0,10,0,4,131,0,135,0,8,137,0,145,290,0,290,435
06/22/2020,VGT,NV,AWP,WE,Towers with Radar,0,4,11,0,15,0,3,134,5,142,0,7,145,5,157,274,0,274,431
06/23/2020,VGT,NV,AWP,WE,Towers with Radar,0,5,10,0,15,0,9,142,2,153,0,14,152,2,168,312,0,312,480
06/24/2020,VGT,NV,AWP,WE,Towers with Radar,0,8,9,1,18,0,4,131,0,135,0,12,140,1,153,284,0,284,437
06/25/2020,VGT,NV,AWP,WE,Towers with Radar,0,6,12,1,19,0,8,129,6,143,0,14,141,7,162,438,0,438,600
06/26/2020,VGT,NV,AWP,WE,Towers with Radar,0,5,12,0,17,0,11,148,1,160,0,16,160,1,177,426,0,426,603
06/27/2020,VGT,NV,AWP,WE,Towers with Radar,0,2,9,0,11,0,6,174,1,181,0,8,183,1,192,328,0,328,520
06/28/2020,VGT,NV,AWP,WE,Towers with Radar,0,4,10,0,14,0,0,14,0,14,0,4,24,0,28,0,0,0,28
06/29/2020,VGT,NV,AWP,WE,Towers with Radar,0,6,10,4,20,0,4,80,2,86,0,10,90,6,106,146,0,146,252
06/30/2020,VGT,NV,AWP,WE,Towers with Radar,0,3,5,3,11,0,4,112,4,120,0,7,117,7,131,433,2,435,566
07/01/2020,VGT,NV,AWP,WE,Towers with Radar,0,5,13,1,19,0,21,123,2,146,0,26,136,3,165,222,0,222,387
07/02/2020,VGT,NV,AWP,WE,Towers with Radar,0,6,17,2,25,0,15,118,2,135,0,21,135,4,160,250,0,250,410
07/03/2020,VGT,NV,AWP,WE,Towers with Radar,0,4,18,0,22,0,22,115,1,138,0,26,133,1,160,304,0,304,464
07/04/2020,VGT,NV,AWP,WE,Towers with Radar,0,0,4,0,4,0,15,104,0,119,0,15,108,0,123,158,0,158,281
07/05/2020,VGT,NV,AWP,WE,Towers with Radar,0,2,12,0,14,0,22,86,1,109,0,24,98,1,123,210,0,210,333
07/06/2020,VGT,NV,AWP,WE,Towers with Radar,0,10,4,1,15,0,15,123,2,140,0,25,127,3,155,260,0,260,415
07/07/2020,VGT,NV,AWP,WE,Towers with Radar,0,3,9,1,13,0,5,93,5,103,0,8,102,6,116,236,0,236,352
07/08/2020,VGT,NV,AWP,WE,Towers with Radar,0,3,18,0,21,0,3,149,8,160,0,6,167,8,181,370,0,370,551
07/09/2020,VGT,NV,AWP,WE,Towers with Radar,0,5,21,0,26,0,18,147,0,165,0,23,168,0,191,426,0,426,617
07/10/2020,VGT,NV,AWP,WE,Towers with Radar,0,8,15,0,23,0,10,129,2,141,0,18,144,2,164,312,0,312,476
07/11/2020,VGT,NV,AWP,WE,Towers with Radar,0,2,14,0,16,0,16,115,0,131,0,18,129,0,147,238,0,238,385
07/12/2020,VGT,NV,AWP,WE,Towers with Radar,0,4,12,0,16,0,17,145,4,166,0,21,157,4,182,274,8,282,464
07/13/2020,VGT,NV,AWP,WE,Towers with Radar,0,7,5,0,12,0,4,65,1,70,0,11,70,1,82,162,0,162,244
07/14/2020,VGT,NV,AWP,WE,Towers with Radar,0,1,7,0,8,0,11,98,1,110,0,12,105,1,118,244,0,244,362
07/15/2020,VGT,NV,AWP,WE,Towers with Radar,0,2,11,0,13,0,16,137,4,157,0,18,148,4,170,300,0,300,470
07/16/2020,VGT,NV,AWP,WE,Towers with Radar,0,4,11,1,16,0,17,151,2,170,0,21,162,3,186,390,2,392,578
07/17/2020,VGT,NV,AWP,WE,Towers with Radar,0,7,10,0,17,0,11,113,0,124,0,18,123,0,141,244,0,244,385
07/18/2020,VGT,NV,AWP,WE,Towers with Radar,0,1,12,0,13,0,44,153,5,202,0,45,165,5,215,236,2,238,453
07/19/2020,VGT,NV,AWP,WE,Towers with Radar,0,4,15,0,19,0,22,174,5,201,0,26,189,5,220,310,0,310,530
07/20/2020,VGT,NV,AWP,WE,Towers with Radar,0,10,16,0,26,0,18,74,1,93,0,28,90,1,119,234,0,234,353
07/21/2020,VGT,NV,AWP,WE,Towers with Radar,0,3,12,0,15,0,23,135,4,162,0,26,147,4,177,320,0,320,497
07/22/2020,VGT,NV,AWP,WE,Towers with Radar,0,6,8,1,15,0,20,116,3,139,0,26,124,4,154,358,0,358,512
07/23/2020,VGT,NV,AWP,WE,Towers with Radar,0,4,8,0,12,0,8,127,13,148,0,12,135,13,160,312,0,312,472
07/24/2020,VGT,NV,AWP,WE,Towers with Radar,0,3,13,0,16,0,26,184,10,220,0,29,197,10,236,364,0,364,600
07/25/2020,VGT,NV,AWP,WE,Towers with Radar,0,7,2,2,11,0,27,158,3,188,0,34,160,5,199,292,0,292,491
07/26/2020,VGT,NV,AWP,WE,Towers with Radar,0,6,13,0,19,0,21,185,0,206,0,27,198,0,225,388,0,388,613
07/27/2020,VGT,NV,AWP,WE,Towers with Radar,0,8,6,0,14,0,21,133,2,156,0,29,139,2,170,298,0,298,468
07/28/2020,VGT,NV,AWP,WE,Towers with Radar,0,4,10,2,16,0,9,127,4,140,0,13,137,6,156,362,0,362,518
07/29/2020,VGT,NV,AWP,WE,Towers with Radar,0,3,5,0,8,0,12,159,5,176,0,15,164,5,184,380,0,380,564
07/30/2020,VGT,NV,AWP,WE,Towers with Radar,0,5,4,0,9,0,9,161,1,171,0,14,165,1,180,368,0,368,548
07/31/2020,VGT,NV,AWP,WE,Towers with Radar,0,10,16,0,26,0,21,154,2,177,0,31,170,2,203,324,0,324,527
08/01/2020,VGT,NV,AWP,WE,Towers with Radar,0,4,6,0,10,0,30,152,0,182,0,34,158,0,192,218,0,218,410
08/02/2020,VGT,NV,AWP,WE,Towers with Radar,0,3,10,0,13,0,14,110,2,126,0,17,120,2,139,248,0,248,387
08/03/2020,VGT,NV,AWP,WE,Towers with Radar,0,6,10,0,16,0,14,133,0,147,0,20,143,0,163,272,2,274,437
08/04/2020,VGT,NV,AWP,WE,Towers with Radar,0,4,11,1,16,0,16,116,1,133,0,20,127,2,149,350,2,352,501
08/05/2020,VGT,NV,AWP,WE,Towers with Radar,0,3,11,0,14,0,16,112,2,130,0,19,123,2,144,286,6,292,436
08/06/2020,VGT,NV,AWP,WE,Towers with Radar,0,8,13,1,22,0,24,147,0,171,0,32,160,1,193,410,0,410,603
08/07/2020,VGT,NV,AWP,WE,Towers with Radar,0,8,12,0,20,0,14,118,0,132,0,22,130,0,152,372,0,372,524
08/08/2020,VGT,NV,AWP,WE,Towers with Radar,0,2,5,0,7,0,27,147,1,175,0,29,152,1,182,216,0,216,398
08/09/2020,VGT,NV,AWP,WE,Towers with Radar,0,4,12,0,16,0,19,137,0,156,0,23,149,0,172,240,0,240,412
08/10/2020,VGT,NV,AWP,WE,Towers with Radar,0,11,9,0,20,0,23,132,3,158,0,34,141,3,178,374,0,374,552
08/11/2020,VGT,NV,AWP,WE,Towers with Radar,0,1,5,0,6,0,18,122,7,147,0,19,127,7,153,370,0,370,523
08/12/2020,VGT,NV,AWP,WE,Towers with Radar,0,3,9,0,12,0,10,125,1,136,0,13,134,1,148,244,2,246,394
08/13/2020,VGT,NV,AWP,WE,Towers with Radar,0,3,9,0,12,0,21,177,8,206,0,24,186,8,218,336,0,336,554
08/14/2020,VGT,NV,AWP,WE,Towers with Radar,0,6,12,0,18,0,14,127,2,143,0,20,139,2,161,276,0,276,437
08/15/2020,VGT,NV,AWP,WE,Towers with Radar,0,2,11,0,13,0,27,146,0,173,0,29,157,0,186,282,2,284,470
08/16/2020,VGT,NV,AWP,WE,Towers with Radar,0,6,11,0,17,0,26,111,6,143,0,32,122,6,160,160,0,160,320
08/17/2020,VGT,NV,AWP,WE,Towers with Radar,0,6,11,0,17,0,19,111,4,134,0,25,122,4,151,262,0,262,413
08/18/2020,VGT,NV,AWP,WE,Towers with Radar,0,5,11,0,16,0,24,89,3,116,0,29,100,3,132,294,0,294,426
08/19/2020,VGT,NV,AWP,WE,Towers with Radar,0,9,5,2,16,0,19,121,11,151,0,28,126,13,167,215,6,221,388
08/20/2020,VGT,NV,AWP,WE,Towers with Radar,0,3,10,0,13,0,23,113,10,146,0,26,123,10,159,324,0,324,483
08/21/2020,VGT,NV,AWP,WE,Towers with Radar,0,5,12,0,17,0,29,120,8,157,0,34,132,8,174,208,0,208,382
08/22/2020,VGT,NV,AWP,WE,Towers with Radar,0,9,9,0,18,0,32,114,4,150,0,41,123,4,168,192,2,194,362
08/23/2020,VGT,NV,AWP,WE,Towers with Radar,0,2,9,0,11,0,37,108,1,146,0,39,117,1,157,200,0,200,357
08/24/2020,VGT,NV,AWP,WE,Towers with Radar,0,10,3,0,13,0,21,116,2,139,0,31,119,2,152,290,0,290,442
08/25/2020,VGT,NV,AWP,WE,Towers with Radar,0,3,9,0,12,0,20,135,5,160,0,23,144,5,172,254,26,280,452
08/26/2020,VGT,NV,AWP,WE,Towers with Radar,0,4,13,2,19,0,19,123,7,149,0,23,136,9,168,272,0,272,440
08/27/2020,VGT,NV,AWP,WE,Towers with Radar,0,4,12,0,16,0,25,162,5,192,0,29,174,5,208,272,0,272,480
08/28/2020,VGT,NV,AWP,WE,Towers with Radar,0,4,9,0,13,0,35,131,3,169,0,39,140,3,182,248,0,248,430
08/29/2020,VGT,NV,AWP,WE,Towers with Radar,0,6,11,0,17,0,32,145,0,177,0,38,156,0,194,272,0,272,466
08/30/2020,VGT,NV,AWP,WE,Towers with Radar,0,5,16,0,21,0,25,138,3,166,0,30,154,3,187,320,0,320,507
08/31/2020,VGT,NV,AWP,WE,Towers with Radar,0,7,18,2,27,0,12,113,4,129,0,19,131,6,156,220,0,220,376
09/01/2020,VGT,NV,AWP,WE,Towers with Radar,0,5,6,1,12,0,22,150,3,175,0,27,156,4,187,374,4,378,565
09/02/2020,VGT,NV,AWP,WE,Towers with Radar,0,6,15,1,22,0,19,153,9,181,0,25,168,10,203,288,0,288,491
09/03/2020,VGT,NV,AWP,WE,Towers with Radar,0,14,13,0,27,0,28,196,12,236,0,42,209,12,263,390,0,390,653
09/04/2020,VGT,NV,AWP,WE,Towers with Radar,0,3,20,0,23,0,42,149,5,196,0,45,169,5,219,322,0,322,541
09/05/2020,VGT,NV,AWP,WE,Towers with Radar,0,6,8,0,14,0,41,162,0,203,0,47,170,0,217,232,2,234,451
09/06/2020,VGT,NV,AWP,WE,Towers with Radar,0,3,8,0,11,0,34,117,2,153,0,37,125,2,164,172,0,172,336
09/07/2020,VGT,NV,AWP,WE,Towers with Radar,0,6,16,0,22,0,28,93,0,121,0,34,109,0,143,146,0,146,289
09/08/2020,VGT,NV,AWP,WE,Towers with Radar,0,7,2,0,9,0,21,6,2,29,0,28,8,2,38,18,0,18,56
09/09/2020,VGT,NV,AWP,WE,Towers with Radar,0,5,7,1,13,0,19,99,5,123,0,24,106,6,136,316,0,316,452
09/10/2020,VGT,NV,AWP,WE,Towers with Radar,0,7,10,0,17,0,33,212,6,251,0,40,222,6,268,498,0,498,766
09/11/2020,VGT,NV,AWP,WE,Towers with Radar,0,10,13,0,23,0,32,179,2,213,0,42,192,2,236,408,0,408,644
09/12/2020,VGT,NV,AWP,WE,Towers with Radar,0,5,16,0,21,0,21,183,2,206,0,26,199,2,227,316,0,316,543
09/13/2020,VGT,NV,AWP,WE,Towers with Radar,0,11,4,0,15,0,0,16,2,18,0,11,20,2,33,0,0,0,33
09/14/2020,VGT,NV,AWP,WE,Towers with Radar,0,5,3,0,8,0,31,79,1,111,0,36,82,1,119,258,0,258,377
09/15/2020,VGT,NV,AWP,WE,Towers with Radar,0,8,13,1,22,0,26,128,3,157,0,34,141,4,179,482,0,482,661
09/16/2020,VGT,NV,AWP,WE,Towers with Radar,0,8,9,5,22,0,16,101,5,122,0,24,110,10,144,561,2,563,707
09/17/2020,VGT,NV,AWP,WE,Towers with Radar,0,12,8,0,20,0,45,128,4,177,0,57,136,4,197,509,0,509,706
09/18/2020,VGT,NV,AWP,WE,Towers with Radar,0,2,17,0,19,0,53,79,1,133,0,55,96,1,152,255,0,255,407
09/19/2020,VGT,NV,AWP,WE,Towers with Radar,0,5,12,0,17,0,66,117,4,187,0,71,129,4,204,155,0,155,359
09/20/2020,VGT,NV,AWP,WE,Towers with Radar,0,6,9,0,15,0,39,115,4,158,0,45,124,4,173,219,2,221,394
09/21/2020,VGT,NV,AWP,WE,Towers with Radar,0,3,5,0,8,0,22,89,6,117,0,25,94,6,125,274,0,274,399
09/22/2020,VGT,NV,AWP,WE,Towers with Radar,0,3,12,1,16,0,36,84,4,124,0,39,96,5,140,383,8,391,531
09/23/2020,VGT,NV,AWP,WE,Towers with Radar,0,6,7,1,14,0,32,123,4,159,0,38,130,5,173,395,0,395,568
09/24/2020,VGT,NV,AWP,WE,Towers with Radar,1,6,3,0,10,0,31,100,4,135,1,37,103,4,145,418,1,419,564
09/25/2020,VGT,NV,AWP,WE,Towers with Radar,0,5,17,0,22,0,52,117,1,170,0,57,134,1,192,458,0,458,650
09/26/2020,VGT,NV,AWP,WE,Towers with Radar,0,4,10,0,14,0,53,117,4,174,0,57,127,4,188,315,0,315,503
09/27/2020,VGT,NV,AWP,WE,Towers with Radar,0,9,15,0,24,0,29,143,2,174,0,38,158,2,198,227,0,227,425
09/28/2020,VGT,NV,AWP,WE,Towers with Radar,0,7,14,0,21,0,20,70,3,93,0,27,84,3,114,243,0,243,357
09/29/2020,VGT,NV,AWP,WE,Towers with Radar,0,9,9,0,18,0,19,81,1,101,0,28,90,1,119,387,0,387,506
09/30/2020,VGT,NV,AWP,WE,Towers with Radar,0,3,6,0,9,0,29,112,10,151,0,32,118,10,160,414,0,414,574
10/01/2020,VGT,NV,AWP,WE,Towers with Radar,0,11,7,0,18,0,33,98,2,133,0,44,105,2,151,402,0,402,553
10/02/2020,VGT,NV,AWP,WE,Towers with Radar,0,8,7,0,15,0,35,98,6,139,0,43,105,6,154,328,0,328,482
10/03/2020,VGT,NV,AWP,WE,Towers with Radar,0,3,8,0,11,0,31,106,1,138,0,34,114,1,149,396,0,396,545
10/04/2020,VGT,NV,AWP,WE,Towers with Radar,0,4,12,0,16,0,31,114,0,145,0,35,126,0,161,245,0,245,406
10/05/2020,VGT,NV,AWP,WE,Towers with Radar,0,9,15,0,24,0,12,82,1,95,0,21,97,1,119,460,0,460,579
10/06/2020,VGT,NV,AWP,WE,Towers with Radar,0,3,8,0,11,0,15,105,1,121,0,18,113,1,132,377,8,385,517
10/07/2020,VGT,NV,AWP,WE,Towers with Radar,0,6,11,0,17,0,14,103,3,120,0,20,114,3,137,414,0,414,551
10/08/2020,VGT,NV,AWP,WE,Towers with Radar,0,6,16,1,23,0,27,121,6,154,0,33,137,7,177,345,0,345,522
10/09/2020,VGT,NV,AWP,WE,Towers with Radar,0,10,18,0,28,0,41,123,2,166,0,51,141,2,194,367,0,367,561
10/10/2020,VGT,NV,AWP,WE,Towers with Radar,0,8,12,0,20,0,57,107,0,164,0,65,119,0,184,292,0,292,476
10/11/2020,VGT,NV,AWP,WE,Towers with Radar,0,7,10,0,17,0,21,91,1,113,0,28,101,1,130,261,0,261,391
10/12/2020,VGT,NV,AWP,WE,Towers with Radar,0,5,21,0,26,0,22,108,1,131,0,27,129,1,157,356,0,356,513
10/13/2020,VGT,NV,AWP,WE,Towers with Radar,0,5,7,1,13,0,18,102,5,125,0,23,109,6,138,422,0,422,560
10/14/2020,VGT,NV,AWP,WE,Towers with Radar,0,4,11,0,15,0,18,80,5,103,0,22,91,5,118,384,0,384,502
10/15/2020,VGT,NV,AWP,WE,Towers with Radar,0,7,13,1,21,0,26,89,3,118,0,33,102,4,139,406,0,406,545
10/16/2020,VGT,NV,AWP,WE,Towers with Radar,0,8,8,0,16,0,48,83,2,133,0,56,91,2,149,297,1,298,447
10/17/2020,VGT,NV,AWP,WE,Towers with Radar,0,2,6,0,8,0,36,104,0,140,0,38,110,0,148,301,0,301,449
10/18/2020,VGT,NV,AWP,WE,Towers with Radar,0,8,5,0,13,0,1,39,4,44,0,9,44,4,57,126,0,126,183
10/19/2020,VGT,NV,AWP,WE,Towers with Radar,0,4,10,0,14,0,15,65,5,85,0,19,75,5,99,151,0,151,250
10/20/2020,VGT,NV,AWP,WE,Towers with Radar,0,6,14,0,20,0,24,127,2,153,0,30,141,2,173,427,2,429,602
10/21/2020,VGT,NV,AWP,WE,Towers with Radar,0,4,6,0,10,0,16,73,5,94,0,20,79,5,104,468,1,469,573
10/22/2020,VGT,NV,AWP,WE,Towers with Radar,0,7,8,1,16,0,40,111,3,154,0,47,119,4,170,413,1,414,584
10/23/2020,VGT,NV,AWP,WE,Towers with Radar,0,7,14,0,21,0,45,101,0,146,0,52,115,0,167,578,0,578,745
10/24/2020,VGT,NV,AWP,WE,Towers with Radar,0,7,12,2,21,0,46,95,0,141,0,53,107,2,162,301,0,301,463
10/25/2020,VGT,NV,AWP,WE,Towers with Radar,0,11,14,0,25,0,2,51,0,53,0,13,65,0,78,189,8,197,275
10/26/2020,VGT,NV,AWP,WE,Towers with Radar,0,2,3,0,5,0,24,28,1,53,0,26,31,1,58,93,0,93,151
10/27/2020,VGT,NV,AWP,WE,Towers with Radar,0,2,12,0,14,0,30,56,3,89,0,32,68,3,103,296,0,296,399
10/28/2020,VGT,NV,AWP,WE,Towers with Radar,0,3,8,0,11,0,19,59,4,82,0,22,67,4,93,249,0,249,342
10/29/2020,VGT,NV,AWP,WE,Towers with Radar,0,7,17,2,26,0,30,133,1,164,0,37,150,3,190,399,0,399,589
10/30/2020,VGT,NV,AWP,WE,Towers with Radar,0,4,23,0,27,0,32,116,2,150,0,36,139,2,177,452,0,452,629
10/31/2020,VGT,NV,AWP,WE,Towers with Radar,0,4,9,0,13,0,38,131,5,174,0,42,140,5,187,352,0,352,539
11/01/2020,VGT,NV,AWP,WE,Towers with Radar,0,6,16,0,22,0,31,75,3,109,0,37,91,3,131,227,0,227,358
11/02/2020,VGT,NV,AWP,WE,Towers with Radar,0,1,16,1,18,0,18,102,4,124,0,19,118,5,142,272,0,272,414
11/03/2020,VGT,NV,AWP,WE,Towers with Radar,0,3,7,0,10,0,23,108,6,137,0,26,115,6,147,293,2,295,442
11/04/2020,VGT,NV,AWP,WE,Towers with Radar,0,7,8,0,15,0,27,94,6,127,0,34,102,6,142,347,0,347,489
11/05/2020,VGT,NV,AWP,WE,Towers with Radar,0,8,10,0,18,0,36,97,8,141,0,44,107,8,159,570,0,570,729
11/06/2020,VGT,NV,AWP,WE,Towers with Radar,0,7,12,0,19,0,33,76,1,110,0,40,88,1,129,443,2,445,574
11/07/2020,VGT,NV,AWP,WE,Towers with Radar,0,2,5,0,7,0,64,22,2,88,0,66,27,2,95,64,0,64,159
11/08/2020,VGT,NV,AWP,WE,Towers with Radar,0,8,5,0,13,0,34,27,1,62,0,42,32,1,75,58,0,58,133
11/09/2020,VGT,NV,AWP,WE,Towers with Radar,0,5,12,0,17,0,19,56,0,75,0,24,68,0,92,353,0,353,445
11/10/2020,VGT,NV,AWP,WE,Towers with Radar,0,11,6,1,18,0,24,84,3,111,0,35,90,4,129,365,1,366,495
11/11/2020,VGT,NV,AWP,WE,Towers with Radar,0,9,16,0,25,0,31,150,0,181,0,40,166,0,206,305,0,305,511
11/12/2020,VGT,NV,AWP,WE,Towers with Radar,0,2,11,0,13,0,46,103,3,152,0,48,114,3,165,435,0,435,600
11/13/2020,VGT,NV,AWP,WE,Towers with Radar,0,3,7,0,10,0,57,92,1,150,0,60,99,1,160,325,0,325,485
11/14/2020,VGT,NV,AWP,WE,Towers with Radar,0,3,10,0,13,0,85,125,1,211,0,88,135,1,224,415,0,415,639
11/15/2020,VGT,NV,AWP,WE,Towers with Radar,0,5,5,0,10,0,40,103,0,143,0,45,108,0,153,322,1,323,476
11/16/2020,VGT,NV,AWP,WE,Towers with Radar,0,10,20,0,30,0,23,87,4,114,0,33,107,4,144,262,0,262,406
11/17/2020,VGT,NV,AWP,WE,Towers with Radar,0,3,18,1,22,0,17,100,2,119,0,20,118,3,141,354,8,362,503
11/18/2020,VGT,NV,AWP,WE,Towers with Radar,0,4,14,0,18,0,21,43,6,70,0,25,57,6,88,152,4,156,244
11/19/2020,VGT,NV,AWP,WE,Towers with Radar,0,10,11,1,22,0,32,82,1,115,0,42,93,2,137,398,1,399,536
11/20/2020,VGT,NV,AWP,WE,Towers with Radar,0,7,23,0,30,0,52,105,0,157,0,59,128,0,187,527,4,531,718
11/21/2020,VGT,NV,AWP,WE,Towers with Radar,0,6,16,0,22,0,68,126,2,196,0,74,142,2,218,433,0,433,651
11/22/2020,VGT,NV,AWP,WE,Towers with Radar,0,2,8,0,10,0,38,100,0,138,0,40,108,0,148,356,0,356,504
11/23/2020,VGT,NV,AWP,WE,Towers with Radar,0,6,6,0,12,0,29,68,0,97,0,35,74,0,109,320,7,327,436
11/24/2020,VGT,NV,AWP,WE,Towers with Radar,0,7,13,0,20,0,27,59,0,86,0,34,72,0,106,239,2,241,347
11/25/2020,VGT,NV,AWP,WE,Towers with Radar,0,6,12,0,18,0,43,117,1,161,0,49,129,1,179,350,0,350,529
11/26/2020,VGT,NV,AWP,WE,Towers with Radar,0,1,8,0,9,0,13,16,0,29,0,14,24,0,38,22,0,22,60
11/27/2020,VGT,NV,AWP,WE,Towers with Radar,0,4,5,0,9,0,42,49,0,91,0,46,54,0,100,191,0,191,291
11/28/2020,VGT,NV,AWP,WE,Towers with Radar,0,6,9,0,15,0,73,115,1,189,0,79,124,1,204,449,0,449,653
11/29/2020,VGT,NV,AWP,WE,Towers with Radar,0,9,15,0,24,0,41,85,0,126,0,50,100,0,150,365,1,366,516
11/30/2020,VGT,NV,AWP,WE,Towers with Radar,0,3,18,0,21,0,20,76,6,102,0,23,94,6,123,272,0,272,395
12/01/2020,VGT,NV,AWP,WE,Towers with Radar,0,5,6,0,11,0,18,72,0,90,0,23,78,0,101,400,0,400,501
12/02/2020,VGT,NV,AWP,WE,Towers with Radar,0,0,8,1,9,0,18,42,4,64,0,18,50,5,73,194,0,194,267
12/03/2020,VGT,NV,AWP,WE,Towers with Radar,0,6,3,1,10,0,33,63,2,98,0,39,66,3,108,423,0,423,531
12/04/2020,VGT,NV,AWP,WE,Towers with Radar,0,7,5,0,12,0,39,127,2,168,0,46,132,2,180,418,1,419,599
12/05/2020,VGT,NV,AWP,WE,Towers with Radar,0,7,11,1,19,0,66,122,3,191,0,73,133,4,210,400,0,400,610
12/06/2020,VGT,NV,AWP,WE,Towers with Radar,0,14,7,0,21,0,12,115,0,127,0,26,122,0,148,262,8,270,418
12/07/2020,VGT,NV,AWP,WE,Towers with Radar,0,6,16,0,22,0,8,48,1,57,0,14,64,1,79,394,0,394,473
12/08/2020,VGT,NV,AWP,WE,Towers with Radar,0,6,8,0,14,0,24,73,6,103,0,30,81,6,117,379,0,379,496
12/09/2020,VGT,NV,AWP,WE,Towers with Radar,0,6,11,1,18,0,15,104,8,127,0,21,115,9,145,425,2,427,572
12/10/2020,VGT,NV,AWP,WE,Towers with Radar,0,5,18,2,25,0,41,121,6,168,0,46,139,8,193,421,2,423,616
12/11/2020,VGT,NV,AWP,WE,Towers with Radar,0,4,7,0,11,0,51,77,0,128,0,55,84,0,139,438,0,438,577
12/12/2020,VGT,NV,AWP,WE,Towers with Radar,0,2,6,0,8,0,67,67,0,134,0,69,73,0,142,240,3,243,385
12/13/2020,VGT,NV,AWP,WE,Towers with Radar,0,3,11,0,14,0,14,63,0,77,0,17,74,0,91,258,0,258,349
12/14/2020,VGT,NV,AWP,WE,Towers with Radar,0,11,12,0,23,0,11,41,0,52,0,22,53,0,75,145,0,145,220
12/15/2020,VGT,NV,AWP,WE,Towers with Radar,0,0,9,0,9,0,16,72,2,90,0,16,81,2,99,363,0,363,462
12/16/2020,VGT,NV,AWP,WE,Towers with Radar,0,1,6,0,7,0,13,66,2,81,0,14,72,2,88,351,0,351,439
12/17/2020,VGT,NV,AWP,WE,Towers with Radar,0,7,12,0,19,0,19,60,0,79,0,26,72,0,98,403,0,403,501
12/18/2020,VGT,NV,AWP,WE,Towers with Radar,0,6,12,0,18,0,35,37,0,72,0,41,49,0,90,161,0,161,251
12/19/2020,VGT,NV,AWP,WE,Towers with Radar,0,10,11,0,21,0,50,108,0,158,0,60,119,0,179,454,0,454,633
12/20/2020,VGT,NV,AWP,WE,Towers with Radar,0,8,5,0,13,0,18,110,0,128,0,26,115,0,141,340,0,340,481
12/21/2020,VGT,NV,AWP,WE,Towers with Radar,0,7,9,0,16,0,16,76,4,96,0,23,85,4,112,404,15,419,531
12/22/2020,VGT,NV,AWP,WE,Towers with Radar,0,5,8,0,13,0,26,74,4,104,0,31,82,4,117,292,0,292,409
12/23/2020,VGT,NV,AWP,WE,Towers with Radar,0,11,10,0,21,0,26,48,1,75,0,37,58,1,96,212,0,212,308
12/24/2020,VGT,NV,AWP,WE,Towers with Radar,0,5,7,0,12,0,25,59,0,84,0,30,66,0,96,246,0,246,342
12/25/2020,VGT,NV,AWP,WE,Towers with Radar,0,4,2,0,6,0,41,32,0,73,0,45,34,0,79,99,0,99,178
12/26/2020,VGT,NV,AWP,WE,Towers with Radar,0,8,12,0,20,1,48,87,0,136,1,56,99,0,156,183,0,183,339
12/27/2020,VGT,NV,AWP,WE,Towers with Radar,0,7,15,0,22,0,35,44,0,79,0,42,59,0,101,232,0,232,333
12/28/2020,VGT,NV,AWP,WE,Towers with Radar,0,4,8,0,12,0,22,21,2,45,0,26,29,2,57,243,0,243,300
12/29/2020,VGT,NV,AWP,WE,Towers with Radar,0,8,14,0,22,0,48,54,4,106,0,56,68,4,128,172,24,196,324
12/30/2020,VGT,NV,AWP,WE,Towers with Radar,0,11,6,1,18,0,58,98,7,163,0,69,104,8,181,401,2,403,584
12/31/2020,VGT,NV,AWP,WE,Towers with Radar,0,3,15,0,18,0,67,54,0,121,0,70,69,0,139,237,0,237,376
01/01/2021,VGT,NV,AWP,WE,Towers with Radar,0,0,1,0,1,0,58,68,0,126,0,58,69,0,127,168,0,168,295
01/02/2021,VGT,NV,AWP,WE,Towers with Radar,0,11,16,0,27,0,98,135,2,235,0,109,151,2,262,338,0,338,600
01/03/2021,VGT,NV,AWP,WE,Towers with Radar,0,11,15,0,26,0,48,95,0,143,0,59,110,0,169,216,0,216,385
01/04/2021,VGT,NV,AWP,WE,Towers with Radar,0,6,5,1,12,0,27,49,2,78,0,33,54,3,90,157,0,157,247
01/05/2021,VGT,NV,AWP,WE,Towers with Radar,0,6,7,0,13,0,20,67,2,89,0,26,74,2,102,192,26,218,320
01/06/2021,VGT,NV,AWP,WE,Towers with Radar,0,2,5,4,11,0,22,76,5,103,0,24,81,9,114,226,2,228,342
01/07/2021,VGT,NV,AWP,WE,Towers with Radar,0,2,5,0,7,0,23,64,2,89,0,25,69,2,96,176,0,176,272
01/08/2021,VGT,NV,AWP,WE,Towers with Radar,0,3,18,0,21,0,28,56,3,87,0,31,74,3,108,254,0,254,362
01/09/2021,VGT,NV,AWP,WE,Towers with Radar,0,6,6,0,12,0,57,25,1,83,0,63,31,1,95,32,0,32,127
01/10/2021,VGT,NV,AWP,WE,Towers with Radar,0,11,11,0,22,0,23,83,0,106,0,34,94,0,128,104,0,104,232
01/11/2021,VGT,NV,AWP,WE,Towers with Radar,0,6,10,0,16,0,16,61,2,79,0,22,71,2,95,243,0,243,338
01/12/2021,VGT,NV,AWP,WE,Towers with Radar,0,5,8,0,13,0,15,67,3,85,0,20,75,3,98,331,0,331,429
01/13/2021,VGT,NV,AWP,WE,Towers with Radar,0,6,10,1,17,0,14,75,0,89,0,20,85,1,106,303,6,309,415
01/14/2021,VGT,NV,AWP,WE,Towers with Radar,0,5,9,0,14,0,35,41,2,78,0,40,50,2,92,238,0,238,330
01/15/2021,VGT,NV,AWP,WE,Towers with Radar,0,7,14,0,21,0,36,94,2,132,0,43,108,2,153,258,0,258,411
01/16/2021,VGT,NV,AWP,WE,Towers with Radar,0,4,15,0,19,0,59,105,0,164,0,63,120,0,183,217,1,218,401
01/17/2021,VGT,NV,AWP,WE,Towers with Radar,0,7,10,0,17,0,38,89,0,127,0,45,99,0,144,278,1,279,423
01/18/2021,VGT,NV,AWP,WE,Towers with Radar,0,6,7,0,13,0,19,35,0,54,0,25,42,0,67,156,0,156,223
01/19/2021,VGT,NV,AWP,WE,Towers with Radar,0,3,7,3,13,0,3,35,3,41,0,6,42,6,54,125,0,125,179
01/20/2021,VGT,NV,AWP,WE,Towers with Radar,0,10,8,0,18,0,9,82,6,97,0,19,90,6,115,486,0,486,601
01/21/2021,VGT,NV,AWP,WE,Towers with Radar,0,8,10,1,19,0,7,108,4,119,0,15,118,5,138,422,0,422,560
01/22/2021,VGT,NV,AWP,WE,Towers with Radar,0,6,10,0,16,0,3,47,3,53,0,9,57,3,69,191,0,191,260
01/23/2021,VGT,NV,AWP,WE,Towers with Radar,0,3,9,0,12,0,21,62,2,85,0,24,71,2,97,392,0,392,489
01/24/2021,VGT,NV,AWP,WE,Towers with Radar,0,8,8,0,16,0,9,55,0,64,0,17,63,0,80,436,0,436,516
01/25/2021,VGT,NV,AWP,WE,Towers with Radar,0,4,10,0,14,0,2,8,0,10,0,6,18,0,24,81,0,81,105
01/26/2021,VGT,NV,AWP,WE,Towers with Radar,0,1,2,0,3,0,3,30,3,36,0,4,32,3,39,255,0,255,294
01/27/2021,VGT,NV,AWP,WE,Towers with Radar,0,8,11,0,19,0,6,42,1,49,0,14,53,1,68,288,3,291,359
01/28/2021,VGT,NV,AWP,WE,Towers with Radar,0,7,4,1,12,0,10,102,4,116,0,17,106,5,128,460,0,460,588
01/29/2021,VGT,NV,AWP,WE,Towers with Radar,0,3,6,0,9,0,6,31,0,37,0,9,37,0,46,118,0,118,164
01/30/2021,VGT,NV,AWP,WE,Towers with Radar,0,1,18,0,19,0,26,118,1,145,0,27,136,1,164,407,0,407,571
01/31/2021,VGT,NV,AWP,WE,Towers with Radar,0,3,12,0,15,0,6,95,0,101,0,9,107,0,116,382,18,400,516
02/01/2021,VGT,NV,AWP,WE,Towers with Radar,0,10,8,1,19,0,0,76,0,76,0,10,84,1,95,328,0,328,423
02/02/2021,VGT,NV,AWP,WE,Towers with Radar,0,2,9,1,12,0,3,118,8,129,0,5,127,9,141,412,1,413,554
02/03/2021,VGT,NV,AWP,WE,Towers with Radar,0,12,3,2,17,0,7,45,1,53,0,19,48,3,70,72,0,72,142
02/04/2021,VGT,NV,AWP,WE,Towers with Radar,0,9,14,0,23,0,4,87,0,91,0,13,101,0,114,143,0,143,257
02/05/2021,VGT,NV,AWP,WE,Towers with Radar,0,11,20,0,31,0,16,67,3,86,0,27,87,3,117,488,0,488,605
02/06/2021,VGT,NV,AWP,WE,Towers with Radar,0,8,12,0,20,0,15,148,4,167,0,23,160,4,187,556,0,556,743
02/07/2021,VGT,NV,AWP,WE,Towers with Radar,0,3,11,0,14,0,6,79,0,85,0,9,90,0,99,381,1,382,481
02/08/2021,VGT,NV,AWP,WE,Towers with Radar,0,10,7,0,17,0,3,91,0,94,0,13,98,0,111,429,0,429,540
02/09/2021,VGT,NV,AWP,WE,Towers with Radar,0,3,15,1,19,0,9,90,9,108,0,12,105,10,127,474,1,475,602
02/10/2021,VGT,NV,AWP,WE,Towers with Radar,0,6,15,0,21,0,10,109,6,125,0,16,124,6,146,532,0,532,678
02/11/2021,VGT,NV,AWP,WE,Towers with Radar,0,6,14,0,20,0,15,118,2,135,0,21,132,2,155,546,2,548,703
02/12/2021,VGT,NV,AWP,WE,Towers with Radar,0,10,10,0,20,0,28,59,0,87,0,38,69,0,107,183,0,183,290
02/13/2021,VGT,NV,AWP,WE,Towers with Radar,0,4,5,0,9,0,33,32,0,65,0,37,37,0,74,218,0,218,292
02/14/2021,VGT,NV,AWP,WE,Towers with Radar,0,7,9,0,16,0,77,28,0,105,0,84,37,0,121,81,0,81,202
02/15/2021,VGT,NV,AWP,WE,Towers with Radar,0,16,8,0,24,0,11,105,1,117,0,27,113,1,141,563,0,563,704
02/16/2021,VGT,NV,AWP,WE,Towers with Radar,0,7,8,0,15,0,7,29,6,42,0,14,37,6,57,67,1,68,125
02/17/2021,VGT,NV,AWP,WE,Towers with Radar,0,3,10,0,13,0,11,34,3,48,0,14,44,3,61,156,6,162,223
02/18/2021,VGT,NV,AWP,WE,Towers with Radar,0,8,9,0,17,0,16,80,3,99,0,24,89,3,116,639,0,639,755
02/19/2021,VGT,NV,AWP,WE,Towers with Radar,0,9,16,0,25,0,43,118,3,164,0,52,134,3,189,504,0,504,693
02/20/2021,VGT,NV,AWP,WE,Towers with Radar,0,7,4,0,11,0,26,19,0,45,0,33,23,0,56,209,0,209,265
02/21/2021,VGT,NV,AWP,WE,Towers with Radar,0,6,10,0,16,0,3,96,8,107,0,9,106,8,123,424,0,424,547
02/22/2021,VGT,NV,AWP,WE,Towers with Radar,0,6,7,0,13,0,5,83,2,90,0,11,90,2,103,470,0,470,573
02/23/2021,VGT,NV,AWP,WE,Towers with Radar,0,7,11,3,21,0,3,129,7,139,0,10,140,10,160,619,2,621,781
02/24/2021,VGT,NV,AWP,WE,Towers with Radar,0,10,5,0,15,0,3,81,7,91,0,13,86,7,106,376,2,378,484
02/25/2021,VGT,NV,AWP,WE,Towers with Radar,0,5,7,0,12,0,6,48,3,57,0,11,55,3,69,75,0,75,144
02/26/2021,VGT,NV,AWP,WE,Towers with Radar,0,7,20,0,27,0,14,133,1,148,0,21,153,1,175,486,0,486,661
02/27/2021,VGT,NV,AWP,WE,Towers with Radar,0,8,4,2,14,0,23,38,0,61,0,31,42,2,75,162,0,162,237
02/28/2021,VGT,NV,AWP,WE,Towers with Radar,0,9,13,0,22,0,4,54,0,58,0,13,67,0,80,292,0,292,372
03/01/2021,VGT,NV,AWP,WE,Towers with Radar,0,15,6,0,21,0,8,68,2,78,0,23,74,2,99,615,8,623,722
03/02/2021,VGT,NV,AWP,WE,Towers with Radar,0,3,15,0,18,0,8,86,12,106,0,11,101,12,124,726,4,730,854
03/03/2021,VGT,NV,AWP,WE,Towers with Radar,0,4,11,0,15,0,3,70,6,79,0,7,81,6,94,417,1,418,512
03/04/2021,VGT,NV,AWP,WE,Towers with Radar,0,3,11,1,15,0,10,148,3,161,0,13,159,4,176,531,0,531,707
03/05/2021,VGT,NV,AWP,WE,Towers with Radar,0,7,15,0,22,0,26,141,0,167,0,33,156,0,189,449,0,449,638
03/06/2021,VGT,NV,AWP,WE,Towers with Radar,0,2,16,0,18,0,32,82,0,114,0,34,98,0,132,242,0,242,374
03/07/2021,VGT,NV,AWP,WE,Towers with Radar,0,7,17,0,24,0,5,124,0,129,0,12,141,0,153,385,0,385,538
03/08/2021,VGT,NV,AWP,WE,Towers with Radar,0,7,4,0,11,0,18,25,0,43,0,25,29,0,54,129,2,131,185
03/09/2021,VGT,NV,AWP,WE,Towers with Radar,0,10,2,0,12,0,9,23,0,32,0,19,25,0,44,262,2,264,308
03/10/2021,VGT,NV,AWP,WE,Towers with Radar,0,9,6,0,15,0,1,39,0,40,0,10,45,0,55,120,1,121,176
03/11/2021,VGT,NV,AWP,WE,Towers with Radar,0,9,9,0,18,0,1,40,1,42,0,10,49,1,60,420,0,420,480
03/12/2021,VGT,NV,AWP,WE,Towers with Radar,0,5,12,0,17,0,6,37,0,43,0,11,49,0,60,335,14,349,409
03/13/2021,VGT,NV,AWP,WE,Towers with Radar,0,6,6,0,12,0,28,56,0,84,0,34,62,0,96,314,6,320,416
03/14/2021,VGT,NV,AWP,WE,Towers with Radar,0,10,17,0,27,0,9,198,4,211,0,19,215,4,238,407,1,408,646
03/15/2021,VGT,NV,AWP,WE,Towers with Radar,0,11,8,0,19,0,8,25,1,34,0,19,33,1,53,48,0,48,101
03/16/2021,VGT,NV,AWP,WE,Towers with Radar,0,5,11,0,16,0,6,85,8,99,0,11,96,8,115,681,0,681,796
03/17/2021,VGT,NV,AWP,WE,Towers with Radar,0,1,14,1,16,0,3,125,6,134,0,4,139,7,150,631,0,631,781
03/18/2021,VGT,NV,AWP,WE,Towers with Radar,0,3,17,1,21,0,18,157,7,182,0,21,174,8,203,582,5,587,790
03/19/2021,VGT,NV,AWP,WE,Towers with Radar,0,11,13,2,26,0,20,124,7,151,0,31,137,9,177,414,1,415,592
03/20/2021,VGT,NV,AWP,WE,Towers with Radar,0,4,4,1,9,0,16,41,4,61,0,20,45,5,70,26,0,26,96
03/21/2021,VGT,NV,AWP,WE,Towers with Radar,0,5,10,0,15,0,11,59,0,70,0,16,69,0,85,134,0,134,219
03/22/2021,VGT,NV,AWP,WE,Towers with Radar,0,13,11,1,25,0,11,87,4,102,0,24,98,5,127,507,0,507,634
03/23/2021,VGT,NV,AWP,WE,Towers with Radar,0,6,8,0,14,0,10,40,1,51,0,16,48,1,65,154,1,155,220
03/24/2021,VGT,NV,AWP,WE,Towers with Radar,0,14,20,1,35,0,20,74,4,98,0,34,94,5,133,234,1,235,368
03/25/2021,VGT,NV,AWP,WE,Towers with Radar,0,7,12,0,19,0,10,63,4,77,0,17,75,4,96,164,4,168,264
03/26/2021,VGT,NV,AWP,WE,Towers with Radar,0,9,34,0,43,0,16,75,0,91,0,25,109,0,134,180,0,180,314
03/27/2021,VGT,NV,AWP,WE,Towers with Radar,0,10,11,0,21,0,25,102,0,127,0,35,113,0,148,430,0,430,578
03/28/2021,VGT,NV,AWP,WE,Towers with Radar,0,13,16,0,29,0,8,127,1,136,0,21,143,1,165,331,30,361,526
03/29/2021,VGT,NV,AWP,WE,Towers with Radar,0,6,8,0,14,0,16,88,0,104,0,22,96,0,118,443,1,444,562
03/30/2021,VGT,NV,AWP,WE,Towers with Radar,0,4,18,0,22,0,9,64,0,73,0,13,82,0,95,119,0,119,214
03/31/2021,VGT,NV,AWP,WE,Towers with Radar,0,8,14,1,23,0,8,115,10,133,0,16,129,11,156,496,11,507,663
04/01/2021,VGT,NV,AWP,WE,Towers with Radar,0,10,14,0,24,0,16,156,3,175,0,26,170,3,199,493,2,495,694
04/02/2021,VGT,NV,AWP,WE,Towers with Radar,0,9,13,0,22,0,31,116,7,154,0,40,129,7,176,452,0,452,628
04/03/2021,VGT,NV,AWP,WE,Towers with Radar,0,12,10,0,22,0,21,120,1,142,0,33,130,1,164,345,0,345,509
04/04/2021,VGT,NV,AWP,WE,Towers with Radar,0,10,12,0,22,0,7,76,1,84,0,17,88,1,106,282,0,282,388
04/05/2021,VGT,NV,AWP,WE,Towers with Radar,0,8,12,0,20,0,6,54,0,60,0,14,66,0,80,231,0,231,311
04/06/2021,VGT,NV,AWP,WE,Towers with Radar,0,6,9,0,15,0,3,82,9,94,0,9,91,9,109,239,1,240,349
04/07/2021,VGT,NV,AWP,WE,Towers with Radar,0,8,19,0,27,0,6,97,6,109,0,14,116,6,136,537,0,537,673
04/08/2021,VGT,NV,AWP,WE,Towers with Radar,0,9,15,0,24,0,23,76,1,100,0,32,91,1,124,309,2,311,435
04/09/2021,VGT,NV,AWP,WE,Towers with Radar,0,3,15,0,18,0,27,102,5,134,0,30,117,5,152,518,0,518,670
04/10/2021,VGT,NV,AWP,WE,Towers with Radar,0,10,18,0,28,0,30,133,6,169,0,40,151,6,197,340,0,340,537
04/11/2021,VGT,NV,AWP,WE,Towers with Radar,0,12,17,0,29,0,13,107,4,124,0,25,124,4,153,254,5,259,412
04/12/2021,VGT,NV,AWP,WE,Towers with Radar,0,13,22,0,35,0,16,70,8,94,0,29,92,8,129,400,0,400,529
04/13/2021,VGT,NV,AWP,WE,Towers with Radar,0,6,7,1,14,0,2,44,2,48,0,8,51,3,62,189,0,189,251
04/14/2021,VGT,NV,AWP,WE,Towers with Radar,0,9,21,0,30,0,12,74,4,90,0,21,95,4,120,332,0,332,452
04/15/2021,VGT,NV,AWP,WE,Towers with Radar,0,10,15,1,26,0,17,89,5,111,0,27,104,6,137,177,1,178,315
04/16/2021,VGT,NV,AWP,WE,Towers with Radar,0,9,21,0,30,0,26,98,6,130,0,35,119,6,160,483,0,483,643
04/17/2021,VGT,NV,AWP,WE,Towers with Radar,0,8,14,0,22,0,29,71,9,109,0,37,85,9,131,157,0,157,288
04/18/2021,VGT,NV,AWP,WE,Towers with Radar,0,9,10,0,19,0,18,82,5,105,0,27,92,5,124,248,0,248,372
04/19/2021,VGT,NV,AWP,WE,Towers with Radar,0,1,16,0,17,0,13,93,0,106,0,14,109,0,123,375,0,375,498
04/20/2021,VGT,NV,AWP,WE,Towers with Radar,0,4,9,0,13,0,16,82,5,103,0,20,91,5,116,415,0,415,531
04/21/2021,VGT,NV,AWP,WE,Towers with Radar,0,11,17,0,28,0,6,49,0,55,0,17,66,0,83,101,0,101,184
04/22/2021,VGT,NV,AWP,WE,Towers with Radar,0,7,18,0,25,0,37,120,2,159,0,44,138,2,184,390,1,391,575
04/23/2021,VGT,NV,AWP,WE,Towers with Radar,0,8,25,2,35,0,42,78,4,124,0,50,103,6,159,453,0,453,612
04/24/2021,VGT,NV,AWP,WE,Towers with Radar,0,7,6,0,13,0,7,27,0,34,0,14,33,0,47,86,43,129,176
04/25/2021,VGT,NV,AWP,WE,Towers with Radar,0,7,13,0,20,0,22,30,1,53,0,29,43,1,73,53,0,53,126
04/26/2021,VGT,NV,AWP,WE,Towers with Radar,0,3,12,0,15,0,20,46,3,69,0,23,58,3,84,229,0,229,313
04/27/2021,VGT,NV,AWP,WE,Towers with Radar,0,5,9,0,14,0,13,74,3,90,0,18,83,3,104,459,1,460,564
04/28/2021,VGT,NV,AWP,WE,Towers with Radar,0,5,15,0,20,0,14,62,2,78,0,19,77,2,98,212,3,215,313
04/29/2021,VGT,NV,AWP,WE,Towers with Radar,0,6,15,0,21,0,24,117,1,142,0,30,132,1,163,629,0,629,792
04/30/2021,VGT,NV,AWP,WE,Towers with Radar,0,8,21,0,29,0,31,141,2,174,0,39,162,2,203,648,0,648,851
05/01/2021,VGT,NV,AWP,WE,Towers with Radar,0,6,8,0,14,0,27,73,2,102,0,33,81,2,116,160,0,160,276
05/02/2021,VGT,NV,AWP,WE,Towers with Radar,0,10,15,0,25,0,16,45,0,61,0,26,60,0,86,81,0,81,167
05/03/2021,VGT,NV,AWP,WE,Towers with Radar,0,7,5,0,12,0,3,62,0,65,0,10,67,0,77,139,0,139,216
05/04/2021,VGT,NV,AWP,WE,Towers with Radar,0,5,14,0,19,0,4,106,2,112,0,9,120,2,131,539,1,540,671
05/05/2021,VGT,NV,AWP,WE,Towers with Radar,0,5,8,0,13,0,5,146,0,151,0,10,154,0,164,534,0,534,698
05/06/2021,VGT,NV,AWP,WE,Towers with Radar,0,9,17,1,27,0,22,75,1,98,0,31,92,2,125,515,0,515,640
05/07/2021,VGT,NV,AWP,WE,Towers with Radar,0,10,13,0,23,0,37,69,0,106,0,47,82,0,129,207,0,207,336
05/08/2021,VGT,NV,AWP,WE,Towers with Radar,0,8,12,0,20,0,39,74,9,122,0,47,86,9,142,124,0,124,266
05/09/2021,VGT,NV,AWP,WE,Towers with Radar,0,5,9,0,14,0,22,82,0,104,0,27,91,0,118,334,0,334,452
05/10/2021,VGT,NV,AWP,WE,Towers with Radar,0,7,9,0,16,0,13,94,2,109,0,20,103,2,125,413,2,415,540
05/11/2021,VGT,NV,AWP,WE,Towers with Radar,0,5,18,0,23,0,11,86,3,100,0,16,104,3,123,494,2,496,619
05/12/2021,VGT,NV,AWP,WE,Towers with Radar,0,13,13,0,26,0,14,106,3,123,0,27,119,3,149,535,0,535,684
05/13/2021,VGT,NV,AWP,WE,Towers with Radar,0,7,22,0,29,0,21,82,2,105,0,28,104,2,134,470,4,474,608
05/14/2021,VGT,NV,AWP,WE,Towers with Radar,0,15,10,0,25,0,33,97,2,132,0,48,107,2,157,357,0,357,514
05/15/2021,VGT,NV,AWP,WE,Towers with Radar,0,0,17,0,17,0,20,40,0,60,0,20,57,0,77,107,0,107,184
05/16/2021,VGT,NV,AWP,WE,Towers with Radar,0,7,12,0,19,0,18,76,5,99,0,25,88,5,118,255,0,255,373
05/17/2021,VGT,NV,AWP,WE,Towers with Radar,0,5,11,0,16,0,4,93,4,101,0,9,104,4,117,493,0,493,610
05/18/2021,VGT,NV,AWP,WE,Towers with Radar,0,3,18,0,21,0,13,86,1,100,0,16,104,1,121,482,0,482,603
05/19/2021,VGT,NV,AWP,WE,Towers with Radar,0,5,17,0,22,0,16,75,5,96,0,21,92,5,118,279,6,285,403
05/20/2021,VGT,NV,AWP,WE,Towers with Radar,0,3,10,0,13,0,2,21,0,23,0,5,31,0,36,18,0,18,54
05/21/2021,VGT,NV,AWP,WE,Towers with Radar,0,13,5,0,18,0,27,44,1,72,0,40,49,1,90,110,1,111,201
05/22/2021,VGT,NV,AWP,WE,Towers with Radar,0,4,10,0,14,0,45,89,0,134,0,49,99,0,148,308,0,308,456
05/23/2021,VGT,NV,AWP,WE,Towers with Radar,0,3,13,0,16,0,10,94,0,104,0,13,107,0,120,373,0,373,493
05/24/2021,VGT,NV,AWP,WE,Towers with Radar,0,8,14,0,22,0,24,112,2,138,0,32,126,2,160,372,0,372,532
05/25/2021,VGT,NV,AWP,WE,Towers with Radar,0,6,7,0,13,0,21,95,4,120,0,27,102,4,133,449,4,453,586
05/26/2021,VGT,NV,AWP,WE,Towers with Radar,0,6,14,0,20,0,11,104,2,117,0,17,118,2,137,487,1,488,625
05/27/2021,VGT,NV,AWP,WE,Towers with Radar,0,11,16,0,27,0,33,115,0,148,0,44,131,0,175,464,0,464,639
05/28/2021,VGT,NV,AWP,WE,Towers with Radar,0,10,20,0,30,0,29,121,0,150,0,39,141,0,180,488,0,488,668
05/29/2021,VGT,NV,AWP,WE,Towers with Radar,0,5,15,0,20,0,38,124,0,162,0,43,139,0,182,395,0,395,577
05/30/2021,VGT,NV,AWP,WE,Towers with Radar,0,9,8,0,17,0,43,105,6,154,0,52,113,6,171,320,0,320,491
05/31/2021,VGT,NV,AWP,WE,Towers with Radar,0,8,13,0,21,0,26,60,0,86,0,34,73,0,107,324,0,324,431
06/01/2021,VGT,NV,AWP,WE,Towers with Radar,0,9,10,0,19,0,6,108,2,116,0,15,118,2,135,405,3,408,543
06/02/2021,VGT,NV,AWP,WE,Towers with Radar,0,11,9,0,20,0,19,97,1,117,0,30,106,1,137,330,0,330,467
06/03/2021,VGT,NV,AWP,WE,Towers with Radar,0,3,17,0,20,0,22,61,4,87,0,25,78,4,107,299,1,300,407
06/04/2021,VGT,NV,AWP,WE,Towers with Radar,0,5,12,0,17,0,16,80,0,96,0,21,92,0,113,288,0,288,401
06/05/2021,VGT,NV,AWP,WE,Towers with Radar,1,8,10,0,19,0,29,102,0,131,1,37,112,0,150,352,0,352,502
06/06/2021,VGT,NV,AWP,WE,Towers with Radar,0,5,11,0,16,0,9,77,0,86,0,14,88,0,102,274,0,274,376
06/07/2021,VGT,NV,AWP,WE,Towers with Radar,0,7,15,2,24,0,7,77,3,87,0,14,92,5,111,338,3,341,452
06/08/2021,VGT,NV,AWP,WE,Towers with Radar,0,12,5,0,17,0,10,59,1,70,0,22,64,1,87,190,1,191,278
06/09/2021,VGT,NV,AWP,WE,Towers with Radar,0,11,10,1,22,0,12,90,4,106,0,23,100,5,128,271,0,271,399
06/10/2021,VGT,NV,AWP,WE,Towers with Radar,0,7,20,0,27,0,15,66,1,82,0,22,86,1,109,169,0,169,278
06/11/2021,VGT,NV,AWP,WE,Towers with Radar,0,9,14,0,23,0,21,105,4,130,0,30,119,4,153,408,0,408,561
06/12/2021,VGT,NV,AWP,WE,Towers with Radar,0,1,12,0,13,0,29,123,1,153,0,30,135,1,166,349,0,349,515
06/13/2021,VGT,NV,AWP,WE,Towers with Radar,0,12,19,0,31,0,15,95,1,111,0,27,114,1,142,281,0,281,423
06/14/2021,VGT,NV,AWP,WE,Towers with Radar,0,13,14,0,27,0,3,80,0,83,0,16,94,0,110,273,0,273,383
06/15/2021,VGT,NV,AWP,WE,Towers with Radar,0,8,10,0,18,0,9,63,0,72,0,17,73,0,90,369,0,369,459
06/16/2021,VGT,NV,AWP,WE,Towers with Radar,0,4,19,0,23,0,18,90,3,111,0,22,109,3,134,262,0,262,396
06/17/2021,VGT,NV,AWP,WE,Towers with Radar,0,5,10,0,15,0,15,86,7,108,0,20,96,7,123,204,0,204,327
06/18/2021,VGT,NV,AWP,WE,Towers with Radar,0,13,20,0,33,0,20,55,0,75,0,33,75,0,108,293,0,293,401
06/19/2021,VGT,NV,AWP,WE,Towers with Radar,0,8,10,0,18,0,28,63,0,91,0,36,73,0,109,219,0,219,328
06/20/2021,VGT,NV,AWP,WE,Towers with Radar,0,9,5,0,14,0,17,56,0,73,0,26,61,0,87,132,0,132,219
06/21/2021,VGT,NV,AWP,WE,Towers with Radar,0,10,9,0,19,0,8,72,1,81,0,18,81,1,100,227,0,227,327
06/22/2021,VGT,NV,AWP,WE,Towers with Radar,0,8,8,0,16,0,14,54,0,68,0,22,62,0,84,165,13,178,262
06/23/2021,VGT,NV,AWP,WE,Towers with Radar,0,4,8,1,13,0,8,44,0,52,0,12,52,1,65,227,0,227,292
06/24/2021,VGT,NV,AWP,WE,Towers with Radar,0,12,18,0,30,0,7,89,0,96,0,19,107,0,126,281,0,281,407
06/25/2021,VGT,NV,AWP,WE,Towers with Radar,0,16,15,0,31,0,28,92,3,123,0,44,107,3,154,272,0,272,426
06/26/2021,VGT,NV,AWP,WE,Towers with Radar,0,5,7,0,12,0,14,70,0,84,0,19,77,0,96,225,0,225,321
06/27/2021,VGT,NV,AWP,WE,Towers with Radar,0,4,10,0,14,0,12,56,0,68,0,16,66,0,82,210,0,210,292
06/28/2021,VGT,NV,AWP,WE,Towers with Radar,0,13,9,0,22,0,17,68,0,85,0,30,77,0,107,243,0,243,350
06/29/2021,VGT,NV,AWP,WE,Towers with Radar,0,4,14,0,18,0,13,55,1,69,0,17,69,1,87,307,2,309,396
06/30/2021,VGT,NV,AWP,WE,Towers with Radar,0,8,6,0,14,0,11,71,0,82,0,19,77,0,96,341,0,341,437
07/01/2021,VGT,NV,AWP,WE,Towers with Radar,0,8,8,0,16,0,13,64,2,79,0,21,72,2,95,363,0,363,458
07/02/2021,VGT,NV,AWP,WE,Towers with Radar,0,9,11,0,20,0,11,95,2,108,0,20,106,2,128,268,0,268,396
07/03/2021,VGT,NV,AWP,WE,Towers with Radar,0,5,13,0,18,0,17,80,2,99,0,22,93,2,117,256,0,256,373
07/04/2021,VGT,NV,AWP,WE,Towers with Radar,0,3,4,0,7,0,17,46,0,63,0,20,50,0,70,120,0,120,190
07/05/2021,VGT,NV,AWP,WE,Towers with Radar,0,7,9,0,16,0,24,96,0,120,0,31,105,0,136,193,0,193,329
07/06/2021,VGT,NV,AWP,WE,Towers with Radar,0,10,10,4,24,0,12,84,0,96,0,22,94,4,120,275,0,275,395
07/07/2021,VGT,NV,AWP,WE,Towers with Radar,0,10,9,0,19,0,16,63,0,79,0,26,72,0,98,269,4,273,371
07/08/2021,VGT,NV,AWP,WE,Towers with Radar,0,11,18,2,31,0,5,43,0,48,0,16,61,2,79,280,0,280,359
07/09/2021,VGT,NV,AWP,WE,Towers with Radar,0,15,15,4,34,0,18,66,1,85,0,33,81,5,119,335,1,336,455
07/10/2021,VGT,NV,AWP,WE,Towers with Radar,0,14,29,0,43,0,16,50,3,69,0,30,79,3,112,261,4,265,377
07/11/2021,VGT,NV,AWP,WE,Towers with Radar,0,11,30,0,41,0,9,74,0,83,0,20,104,0,124,296,0,296,420
07/12/2021,VGT,NV,AWP,WE,Towers with Radar,0,8,7,0,15,0,3,71,2,76,0,11,78,2,91,262,8,270,361
07/13/2021,VGT,NV,AWP,WE,Towers with Radar,0,8,10,0,18,0,13,77,2,92,0,21,87,2,110,288,2,290,400
07/14/2021,VGT,NV,AWP,WE,Towers with Radar,0,4,7,0,11,0,21,68,5,94,0,25,75,5,105,225,0,225,330
07/15/2021,VGT,NV,AWP,WE,Towers with Radar,0,5,18,0,23,0,11,76,2,89,0,16,94,2,112,374,1,375,487
07/16/2021,VGT,NV,AWP,WE,Towers with Radar,0,14,12,0,26,0,21,64,1,86,0,35,76,1,112,274,0,274,386
07/17/2021,VGT,NV,AWP,WE,Towers with Radar,0,2,13,0,15,0,25,87,2,114,0,27,100,2,129,292,0,292,421
07/18/2021,VGT,NV,AWP,WE,Towers with Radar,0,7,14,0,21,0,11,80,6,97,0,18,94,6,118,237,0,237,355
07/19/2021,VGT,NV,AWP,WE,Towers with Radar,0,9,9,1,19,0,8,72,1,81,0,17,81,2,100,305,2,307,407
07/20/2021,VGT,NV,AWP,WE,Towers with Radar,0,4,11,4,19,0,8,76,7,91,0,12,87,11,110,327,2,329,439
07/21/2021,VGT,NV,AWP,WE,Towers with Radar,0,10,9,0,19,0,12,84,5,101,0,22,93,5,120,360,9,369,489
07/22/2021,VGT,NV,AWP,WE,Towers with Radar,0,11,8,0,19,0,16,62,7,85,0,27,70,7,104,293,0,293,397
07/23/2021,VGT,NV,AWP,WE,Towers with Radar,0,7,17,0,24,0,23,66,4,93,0,30,83,4,117,277,2,279,396
07/24/2021,VGT,NV,AWP,WE,Towers with Radar,0,4,14,0,18,0,18,82,2,102,0,22,96,2,120,302,0,302,422
07/25/2021,VGT,NV,AWP,WE,Towers with Radar,0,11,20,0,31,0,6,70,0,76,0,17,90,0,107,175,0,175,282
07/26/2021,VGT,NV,AWP,WE,Towers with Radar,0,14,16,2,32,0,10,26,2,38,0,24,42,4,70,295,0,295,365
07/27/2021,VGT,NV,AWP,WE,Towers with Radar,0,8,8,0,16,0,13,66,4,83,0,21,74,4,99,405,3,408,507
07/28/2021,VGT,NV,AWP,WE,Towers with Radar,0,6,7,0,13,0,15,53,5,73,0,21,60,5,86,297,5,302,388
07/29/2021,VGT,NV,AWP,WE,Towers with Radar,0,6,17,0,23,0,13,57,0,70,0,19,74,0,93,303,3,306,399
07/30/2021,VGT,NV,AWP,WE,Towers with Radar,0,8,18,0,26,0,27,53,0,80,0,35,71,0,106,339,0,339,445
07/31/2021,VGT,NV,AWP,WE,Towers with Radar,0,6,9,0,15,0,25,79,0,104,0,31,88,0,119,356,0,356,475
08/01/2021,VGT,NV,AWP,WE,Towers with Radar,0,5,13,0,18,0,5,65,2,72,0,10,78,2,90,207,0,207,297
08/02/2021,VGT,NV,AWP,WE,Towers with Radar,0,10,11,0,21,0,18,75,1,94,0,28,86,1,115,374,6,380,495
08/03/2021,VGT,NV,AWP,WE,Towers with Radar,0,5,8,0,13,0,9,64,1,74,0,14,72,1,87,363,7,370,457
08/04/2021,VGT,NV,AWP,WE,Towers with Radar,0,3,22,0,25,0,13,52,2,67,0,16,74,2,92,367,1,368,460
08/05/2021,VGT,NV,AWP,WE,Towers with Radar,0,14,15,0,29,0,16,69,1,86,0,30,84,1,115,218,0,218,333
08/06/2021,VGT,NV,AWP,WE,Towers with Radar,0,9,12,2,23,0,4,54,0,58,0,13,66,2,81,271,0,271,352
08/07/2021,VGT,NV,AWP,WE,Towers with Radar,0,4,18,0,22,0,14,30,0,44,0,18,48,0,66,6,9,15,81
08/08/2021,VGT,NV,AWP,WE,Towers with Radar,0,5,13,0,18,0,14,54,0,68,0,19,67,0,86,212,1,213,299
08/09/2021,VGT,NV,AWP,WE,Towers with Radar,0,8,20,0,28,0,12,82,2,96,0,20,102,2,124,287,0,287,411
08/10/2021,VGT,NV,AWP,WE,Towers with Radar,0,4,17,0,21,0,8,95,1,104,0,12,112,1,125,390,2,392,517
08/11/2021,VGT,NV,AWP,WE,Towers with Radar,0,8,12,0,20,0,7,60,3,70,0,15,72,3,90,470,1,471,561
08/12/2021,VGT,NV,AWP,WE,Towers with Radar,0,7,24,1,32,0,11,65,0,76,0,18,89,1,108,296,2,298,406
08/13/2021,VGT,NV,AWP,WE,Towers with Radar,0,5,15,0,20,0,17,74,0,91,0,22,89,0,111,346,1,347,458
08/14/2021,VGT,NV,AWP,WE,Towers with Radar,0,5,16,0,21,0,18,81,0,99,0,23,97,0,120,304,1,305,425
08/15/2021,VGT,NV,AWP,WE,Towers with Radar,0,13,10,0,23,0,19,110,3,132,0,32,120,3,155,266,0,266,421
08/16/2021,VGT,NV,AWP,WE,Towers with Radar,0,3,11,0,14,0,14,53,1,68,0,17,64,1,82,378,2,380,462
08/17/2021,VGT,NV,AWP,WE,Towers with Radar,0,7,6,0,13,0,23,73,6,102,0,30,79,6,115,228,3,231,346
08/18/2021,VGT,NV,AWP,WE,Towers with Radar,0,0,16,0,16,0,4,32,5,41,0,4,48,5,57,75,5,80,137
08/19/2021,VGT,NV,AWP,WE,Towers with Radar,0,11,21,0,32,0,8,89,2,99,0,19,110,2,131,419,1,420,551
08/20/2021,VGT,NV,AWP,WE,Towers with Radar,0,1,16,0,17,0,20,95,2,117,0,21,111,2,134,366,0,366,500
08/21/2021,VGT,NV,AWP,WE,Towers with Radar,0,6,6,0,12,0,11,61,0,72,0,17,67,0,84,186,0,186,270
08/22/2021,VGT,NV,AWP,WE,Towers with Radar,0,7,26,0,33,0,9,55,1,65,0,16,81,1,98,359,0,359,457
08/23/2021,VGT,NV,AWP,WE,Towers with Radar,0,6,11,0,17,0,2,64,3,69,0,8,75,3,86,390,0,390,476
08/24/2021,VGT,NV,AWP,WE,Towers with Radar,0,5,15,0,20,0,0,76,6,82,0,5,91,6,102,315,3,318,420
08/25/2021,VGT,NV,AWP,WE,Towers with Radar,0,5,13,0,18,0,6,71,4,81,0,11,84,4,99,278,0,278,377
08/26/2021,VGT,NV,AWP,WE,Towers with Radar,0,5,16,0,21,0,14,65,8,87,0,19,81,8,108,273,2,275,383
08/27/2021,VGT,NV,AWP,WE,Towers with Radar,0,5,14,0,19,0,17,63,3,83,0,22,77,3,102,436,0,436,538
08/28/2021,VGT,NV,AWP,WE,Towers with Radar,0,2,4,0,6,0,25,104,2,131,0,27,108,2,137,357,9,366,503
08/29/2021,VGT,NV,AWP,WE,Towers with Radar,0,8,13,0,21,0,8,79,2,89,0,16,92,2,110,340,0,340,450
08/30/2021,VGT,NV,AWP,WE,Towers with Radar,0,5,9,0,14,0,3,47,1,51,0,8,56,1,65,440,0,440,505
08/31/2021,VGT,NV,AWP,WE,Towers with Radar,0,2,11,0,13,0,4,74,0,78,0,6,85,0,91,227,9,236,327
09/01/2021,VGT,NV,AWP,WE,Towers with Radar,0,12,26,0,38,0,11,95,2,108,0,23,121,2,146,373,3,376,522
09/02/2021,VGT,NV,AWP,WE,Towers with Radar,0,11,13,0,24,0,2,83,0,85,0,13,96,0,109,358,0,358,467
09/03/2021,VGT,NV,AWP,WE,Towers with Radar,0,4,13,0,17,0,16,82,0,98,0,20,95,0,115,376,1,377,492
09/04/2021,VGT,NV,AWP,WE,Towers with Radar,0,8,10,0,18,0,28,89,2,119,0,36,99,2,137,312,0,312,449
09/05/2021,VGT,NV,AWP,WE,Towers with Radar,0,5,10,0,15,0,18,63,8,89,0,23,73,8,104,291,0,291,395
09/06/2021,VGT,NV,AWP,WE,Towers with Radar,0,8,18,0,26,0,9,67,0,76,0,17,85,0,102,458,0,458,560
09/07/2021,VGT,NV,AWP,WE,Towers with Radar,0,5,15,0,20,0,14,63,3,80,0,19,78,3,100,331,7,338,438
09/08/2021,VGT,NV,AWP,WE,Towers with Radar,0,4,8,0,12,0,10,63,2,75,0,14,71,2,87,374,0,374,461
09/09/2021,VGT,NV,AWP,WE,Towers with Radar,0,8,9,0,17,0,4,59,0,63,0,12,68,0,80,327,2,329,409
09/10/2021,VGT,NV,AWP,WE,Towers with Radar,0,13,10,2,25,0,19,54,0,73,0,32,64,2,98,345,0,345,443
09/11/2021,VGT,NV,AWP,WE,Towers with Radar,0,9,15,0,24,0,29,91,6,126,0,38,106,6,150,288,3,291,441
09/12/2021,VGT,NV,AWP,WE,Towers with Radar,0,13,17,2,32,0,9,83,1,93,0,22,100,3,125,367,1,368,493
09/13/2021,VGT,NV,AWP,WE,Towers with Radar,0,6,8,0,14,0,16,69,3,88,0,22,77,3,102,259,1,260,362
09/14/2021,VGT,NV,AWP,WE,Towers with Radar,0,4,15,0,19,0,11,82,6,99,0,15,97,6,118,327,0,327,445
09/15/2021,VGT,NV,AWP,WE,Towers with Radar,0,8,11,0,19,0,17,83,1,101,0,25,94,1,120,294,5,299,419
09/16/2021,VGT,NV,AWP,WE,Towers with Radar,0,10,16,0,26,0,12,77,6,95,0,22,93,6,121,293,17,310,431
09/17/2021,VGT,NV,AWP,WE,Towers with Radar,0,13,8,0,21,0,6,59,2,67,0,19,67,2,88,303,0,303,391
09/18/2021,VGT,NV,AWP,WE,Towers with Radar,0,8,10,0,18,0,28,52,2,82,0,36,62,2,100,258,0,258,358
09/19/2021,VGT,NV,AWP,WE,Towers with Radar,0,5,15,0,20,0,15,60,0,75,0,20,75,0,95,259,0,259,354
09/20/2021,VGT,NV,AWP,WE,Towers with Radar,0,14,6,0,20,0,3,65,0,68,0,17,71,0,88,386,6,392,480
09/21/2021,VGT,NV,AWP,WE,Towers with Radar,0,7,20,0,27,0,3,76,4,83,0,10,96,4,110,539,2,541,651
09/22/2021,VGT,NV,AWP,WE,Towers with Radar,0,14,12,0,26,0,11,73,4,88,0,25,85,4,114,344,3,347,461
09/23/2021,VGT,NV,AWP,WE,Towers with Radar,0,9,14,0,23,0,24,121,3,148,0,33,135,3,171,415,0,415,586
09/24/2021,VGT,NV,AWP,WE,Towers with Radar,0,12,21,0,33,0,14,100,5,119,0,26,121,5,152,291,0,291,443
09/25/2021,VGT,NV,AWP,WE,Towers with Radar,0,6,19,0,25,0,22,90,2,114,0,28,109,2,139,423,0,423,562
09/26/2021,VGT,NV,AWP,WE,Towers with Radar,0,6,33,0,39,1,27,85,6,119,1,33,118,6,158,214,0,214,372
09/27/2021,VGT,NV,AWP,WE,Towers with Radar,0,10,10,0,20,0,2,67,6,75,0,12,77,6,95,288,0,288,383
09/28/2021,VGT,NV,AWP,WE,Towers with Radar,0,2,8,0,10,0,0,83,0,83,0,2,91,0,93,250,2,252,345
09/29/2021,VGT,NV,AWP,WE,Towers with Radar,0,9,12,0,21,0,7,62,1,70,0,16,74,1,91,353,1,354,445
09/30/2021,VGT,NV,AWP,WE,Towers with Radar,0,8,13,0,21,0,16,89,0,105,0,24,102,0,126,348,0,348,474
10/01/2021,VGT,NV,AWP,WE,Towers with Radar,0,6,26,0,32,0,2,107,0,109,0,8,133,0,141,368,0,368,509
10/02/2021,VGT,NV,AWP,WE,Towers with Radar,0,2,12,0,14,0,34,104,5,143,0,36,116,5,157,355,1,356,513
10/03/2021,VGT,NV,AWP,WE,Towers with Radar,0,11,12,0,23,0,6,90,0,96,0,17,102,0,119,358,0,358,477
10/04/2021,VGT,NV,AWP,WE,Towers with Radar,0,11,13,0,24,0,5,81,2,88,0,16,94,2,112,419,0,419,531
10/05/2021,VGT,NV,AWP,WE,Towers with Radar,0,0,11,0,11,0,3,60,5,68,0,3,71,5,79,235,0,235,314
10/06/2021,VGT,NV,AWP,WE,Towers with Radar,0,6,19,0,25,0,12,92,2,106,0,18,111,2,131,409,0,409,540
10/07/2021,VGT,NV,AWP,WE,Towers with Radar,0,5,24,0,29,0,15,81,2,98,0,20,105,2,127,379,2,381,508
10/08/2021,VGT,NV,AWP,WE,Towers with Radar,0,10,23,0,33,0,11,49,5,65,0,21,72,5,98,140,4,144,242
10/09/2021,VGT,NV,AWP,WE,Towers with Radar,0,3,25,0,28,0,25,115,0,140,0,28,140,0,168,313,0,313,481
10/10/2021,VGT,NV,AWP,WE,Towers with Radar,0,4,54,0,58,0,4,135,0,139,0,8,189,0,197,222,0,222,419
10/11/2021,VGT,NV,AWP,WE,Towers with Radar,0,21,67,0,88,0,4,44,0,48,0,25,111,0,136,86,0,86,222
10/12/2021,VGT,NV,AWP,WE,Towers with Radar,0,14,46,0,60,0,12,47,3,62,0,26,93,3,122,106,2,108,230
10/13/2021,VGT,NV,AWP,WE,Towers with Radar,0,16,53,0,69,0,5,117,3,125,0,21,170,3,194,377,2,379,573
10/14/2021,VGT,NV,AWP,WE,Towers with Radar,0,21,57,0,78,0,24,87,2,113,0,45,144,2,191,327,1,328,519
10/15/2021,VGT,NV,AWP,WE,Towers with Radar,0,16,45,0,61,0,15,83,2,100,0,31,128,2,161,335,0,335,496
10/16/2021,VGT,NV,AWP,WE,Towers with Radar,0,4,16,0,20,0,28,106,3,137,0,32,122,3,157,382,0,382,539
10/17/2021,VGT,NV,AWP,WE,Towers with Radar,0,13,24,0,37,0,13,90,0,103,0,26,114,0,140,439,0,439,579
10/18/2021,VGT,NV,AWP,WE,Towers with Radar,0,9,10,0,19,0,9,29,2,40,0,18,39,2,59,150,0,150,209
10/19/2021,VGT,NV,AWP,WE,Towers with Radar,0,6,20,0,26,0,2,71,3,76,0,8,91,3,102,522,2,524,626
10/20/2021,VGT,NV,AWP,WE,Towers with Radar,0,13,15,0,28,0,5,84,3,92,0,18,99,3,120,599,4,603,723
10/21/2021,VGT,NV,AWP,WE,Towers with Radar,0,6,16,1,23,0,15,79,5,99,0,21,95,6,122,421,8,429,551
10/22/2021,VGT,NV,AWP,WE,Towers with Radar,0,10,14,0,24,0,21,54,1,76,0,31,68,1,100,490,5,495,595
10/23/2021,VGT,NV,AWP,WE,Towers with Radar,0,4,18,0,22,0,49,91,0,140,0,53,109,0,162,404,0,404,566
10/24/2021,VGT,NV,AWP,WE,Towers with Radar,0,6,18,0,24,0,25,84,0,109,0,31,102,0,133,365,0,365,498
10/25/2021,VGT,NV,AWP,WE,Towers with Radar,0,10,13,0,23,0,0,19,2,21,0,10,32,2,44,85,2,87,131
10/26/2021,VGT,NV,AWP,WE,Towers with Radar,0,8,21,2,31,0,12,62,1,75,0,20,83,3,106,376,5,381,487
10/27/2021,VGT,NV,AWP,WE,Towers with Radar,0,7,18,0,25,0,5,80,0,85,0,12,98,0,110,592,2,594,704
10/28/2021,VGT,NV,AWP,WE,Towers with Radar,0,10,18,0,28,0,19,66,5,90,0,29,84,5,118,560,4,564,682
10/29/2021,VGT,NV,AWP,WE,Towers with Radar,0,7,18,0,25,0,25,74,0,99,0,32,92,0,124,444,0,444,568
10/30/2021,VGT,NV,AWP,WE,Towers with Radar,0,5,15,0,20,0,24,84,1,109,0,29,99,1,129,419,1,420,549
10/31/2021,VGT,NV,AWP,WE,Towers with Radar,0,10,11,0,21,0,2,76,0,78,0,12,87,0,99,183,0,183,282
11/01/2021,VGT,NV,AWP,WE,Towers with Radar,0,7,10,0,17,0,10,64,1,75,0,17,74,1,92,360,0,360,452
11/02/2021,VGT,NV,AWP,WE,Towers with Radar,0,6,21,0,27,0,3,59,2,64,0,9,80,2,91,486,0,486,577
11/03/2021,VGT,NV,AWP,WE,Towers with Radar,0,11,24,0,35,0,8,77,2,87,0,19,101,2,122,550,0,550,672
11/04/2021,VGT,NV,AWP,WE,Towers with Radar,0,8,23,0,31,0,33,74,0,107,0,41,97,0,138,486,0,486,624
11/05/2021,VGT,NV,AWP,WE,Towers with Radar,0,8,19,0,27,0,42,91,3,136,0,50,110,3,163,563,1,564,727
11/06/2021,VGT,NV,AWP,WE,Towers with Radar,0,14,18,0,32,0,27,108,2,137,0,41,126,2,169,382,0,382,551
11/07/2021,VGT,NV,AWP,WE,Towers with Radar,0,16,42,0,58,0,15,59,1,75,0,31,101,1,133,198,0,198,331
11/08/2021,VGT,NV,AWP,WE,Towers with Radar,0,10,27,0,37,0,8,71,2,81,0,18,98,2,118,307,0,307,425
11/09/2021,VGT,NV,AWP,WE,Towers with Radar,0,9,12,0,21,0,11,32,2,45,0,20,44,2,66,148,0,148,214
11/10/2021,VGT,NV,AWP,WE,Towers with Radar,0,9,25,1,35,0,21,78,2,101,0,30,103,3,136,271,3,274,410
11/11/2021,VGT,NV,AWP,WE,Towers with Radar,0,18,16,0,34,0,38,81,0,119,0,56,97,0,153,606,0,606,759
11/12/2021,VGT,NV,AWP,WE,Towers with Radar,0,10,18,0,28,0,15,76,1,92,0,25,94,1,120,632,2,634,754
11/13/2021,VGT,NV,AWP,WE,Towers with Radar,0,10,16,0,26,0,28,97,2,127,0,38,113,2,153,548,0,548,701
11/14/2021,VGT,NV,AWP,WE,Towers with Radar,0,10,19,0,29,0,10,66,0,76,0,20,85,0,105,322,0,322,427
11/15/2021,VGT,NV,AWP,WE,Towers with Radar,0,17,18,4,39,0,9,65,0,74,0,26,83,4,113,476,0,476,589
11/16/2021,VGT,NV,AWP,WE,Towers with Radar,0,9,10,2,21,0,13,55,6,74,0,22,65,8,95,467,3,470,565
11/17/2021,VGT,NV,AWP,WE,Towers with Radar,0,2,13,2,17,0,14,73,4,91,0,16,86,6,108,462,0,462,570
11/18/2021,VGT,NV,AWP,WE,Towers with Radar,0,8,13,2,23,0,21,51,3,75,0,29,64,5,98,477,3,480,578
11/19/2021,VGT,NV,AWP,WE,Towers with Radar,0,10,19,0,29,0,25,83,2,110,0,35,102,2,139,564,0,564,703
11/20/2021,VGT,NV,AWP,WE,Towers with Radar,0,5,23,0,28,0,29,126,0,155,0,34,149,0,183,456,2,458,641
11/21/2021,VGT,NV,AWP,WE,Towers with Radar,0,15,21,1,37,0,18,68,0,86,0,33,89,1,123,306,0,306,429
11/22/2021,VGT,NV,AWP,WE,Towers with Radar,0,11,19,0,30,0,19,82,0,101,0,30,101,0,131,486,0,486,617
11/23/2021,VGT,NV,AWP,WE,Towers with Radar,0,9,17,0,26,0,14,72,5,91,0,23,89,5,117,480,2,482,599
11/24/2021,VGT,NV,AWP,WE,Towers with Radar,0,7,11,0,18,0,13,48,0,61,0,20,59,0,79,59,0,59,138
11/25/2021,VGT,NV,AWP,WE,Towers with Radar,0,1,4,0,5,0,1,41,0,42,0,2,45,0,47,80,2,82,129
11/26/2021,VGT,NV,AWP,WE,Towers with Radar,0,4,16,0,20,0,22,95,0,117,0,26,111,0,137,448,0,448,585
11/27/2021,VGT,NV,AWP,WE,Towers with Radar,0,4,9,0,13,0,51,112,0,163,0,55,121,0,176,328,2,330,506
11/28/2021,VGT,NV,AWP,WE,Towers with Radar,0,8,16,0,24,0,26,105,0,131,0,34,121,0,155,252,0,252,407
11/29/2021,VGT,NV,AWP,WE,Towers with Radar,0,2,21,0,23,0,6,70,2,78,0,8,91,2,101,423,1,424,525
11/30/2021,VGT,NV,AWP,WE,Towers with Radar,0,6,20,0,26,0,7,79,6,92,0,13,99,6,118,557,10,567,685
12/01/2021,VGT,NV,AWP,WE,Towers with Radar,0,3,13,0,16,0,8,90,4,102,0,11,103,4,118,449,0,449,567
12/02/2021,VGT,NV,AWP,WE,Towers with Radar,0,11,25,2,38,0,9,84,2,95,0,20,109,4,133,402,0,402,535
12/03/2021,VGT,NV,AWP,WE,Towers with Radar,0,10,30,1,41,0,27,87,0,114,0,37,117,1,155,524,0,524,679
12/04/2021,VGT,NV,AWP,WE,Towers with Radar,0,13,23,0,36,0,46,123,1,170,0,59,146,1,206,437,0,437,643
12/05/2021,VGT,NV,AWP,WE,Towers with Radar,0,37,66,0,103,0,19,91,0,110,0,56,157,0,213,206,0,206,419
12/06/2021,VGT,NV,AWP,WE,Towers with Radar,0,20,30,0,50,0,10,75,2,87,0,30,105,2,137,465,0,465,602
12/07/2021,VGT,NV,AWP,WE,Towers with Radar,0,8,37,1,46,0,5,58,1,64,0,13,95,2,110,383,0,383,493
12/08/2021,VGT,NV,AWP,WE,Towers with Radar,0,8,26,0,34,0,3,73,0,76,0,11,99,0,110,619,1,620,730
12/09/2021,VGT,NV,AWP,WE,Towers with Radar,0,3,24,0,27,0,4,16,2,22,0,7,40,2,49,58,0,58,107
12/10/2021,VGT,NV,AWP,WE,Towers with Radar,0,13,30,0,43,0,30,94,4,128,0,43,124,4,171,427,0,427,598
12/11/2021,VGT,NV,AWP,WE,Towers with Radar,0,7,11,0,18,0,18,115,2,135,0,25,126,2,153,427,0,427,580
12/12/2021,VGT,NV,AWP,WE,Towers with Radar,0,11,26,0,37,0,15,76,3,94,0,26,102,3,131,447,1,448,579
12/13/2021,VGT,NV,AWP,WE,Towers with Radar,0,10,13,0,23,0,13,57,5,75,0,23,70,5,98,518,6,524,622
12/14/2021,VGT,NV,AWP,WE,Towers with Radar,0,7,2,0,9,0,0,13,0,13,0,7,15,0,22,77,0,77,99
12/15/2021,VGT,NV,AWP,WE,Towers with Radar,0,10,10,1,21,0,11,55,3,69,0,21,65,4,90,503,0,503,593
12/16/2021,VGT,NV,AWP,WE,Towers with Radar,0,14,5,3,22,0,27,70,1,98,0,41,75,4,120,485,0,485,605
12/17/2021,VGT,NV,AWP,WE,Towers with Radar,0,12,22,3,37,0,35,96,7,138,0,47,118,10,175,306,1,307,482
12/18/2021,VGT,NV,AWP,WE,Towers with Radar,0,8,18,0,26,0,38,66,4,108,0,46,84,4,134,374,0,374,508
12/19/2021,VGT,NV,AWP,WE,Towers with Radar,0,11,12,0,23,0,13,92,0,105,0,24,104,0,128,338,0,338,466
12/20/2021,VGT,NV,AWP,WE,Towers with Radar,0,11,21,0,32,0,4,70,0,74,0,15,91,0,106,383,0,383,489
12/21/2021,VGT,NV,AWP,WE,Towers with Radar,0,10,17,1,28,0,28,68,2,98,0,38,85,3,126,497,6,503,629
12/22/2021,VGT,NV,AWP,WE,Towers with Radar,0,7,15,0,22,0,1,91,0,92,0,8,106,0,114,476,0,476,590
12/23/2021,VGT,NV,AWP,WE,Towers with Radar,0,7,10,0,17,0,19,29,0,48,0,26,39,0,65,316,0,316,381
12/24/2021,VGT,NV,AWP,WE,Towers with Radar,0,4,7,0,11,0,4,15,0,19,0,8,22,0,30,14,0,14,44
12/25/2021,VGT,NV,AWP,WE,Towers with Radar,0,4,3,0,7,0,4,20,0,24,0,8,23,0,31,72,0,72,103
12/26/2021,VGT,NV,AWP,WE,Towers with Radar,0,6,13,0,19,0,13,37,0,50,0,19,50,0,69,73,0,73,142
12/27/2021,VGT,NV,AWP,WE,Towers with Radar,0,8,12,0,20,0,1,19,0,20,0,9,31,0,40,49,0,49,89
12/28/2021,VGT,NV,AWP,WE,Towers with Radar,0,10,20,0,30,0,35,45,0,80,0,45,65,0,110,379,0,379,489
12/29/2021,VGT,NV,AWP,WE,Towers with Radar,0,14,5,0,19,0,19,53,1,73,0,33,58,1,92,462,0,462,554
12/30/2021,VGT,NV,AWP,WE,Towers with Radar,0,7,14,0,21,0,56,25,0,81,0,63,39,0,102,212,0,212,314
12/31/2021,VGT,NV,AWP,WE,Towers with Radar,0,2,8,0,10,0,16,45,4,65,0,18,53,4,75,242,0,242,317
01/01/2022,VGT,NV,AWP,WE,Towers with Radar,0,8,8,0,16,0,46,52,6,104,0,54,60,6,120,108,0,108,228
01/02/2022,VGT,NV,AWP,WE,Towers with Radar,0,5,20,0,25,0,10,73,2,85,0,15,93,2,110,284,0,284,394
01/03/2022,VGT,NV,AWP,WE,Towers with Radar,0,9,14,2,25,0,22,60,0,82,0,31,74,2,107,443,0,443,550
01/04/2022,VGT,NV,AWP,WE,Towers with Radar,0,6,7,1,14,0,3,74,1,78,0,9,81,2,92,347,0,347,439
01/05/2022,VGT,NV,AWP,WE,Towers with Radar,0,4,10,1,15,0,6,67,2,75,0,10,77,3,90,523,2,525,615
01/06/2022,VGT,NV,AWP,WE,Towers with Radar,0,8,11,0,19,0,7,59,6,72,0,15,70,6,91,420,0,420,511
01/07/2022,VGT,NV,AWP,WE,Towers with Radar,0,8,26,0,34,0,12,64,1,77,0,20,90,1,111,499,1,500,611
01/08/2022,VGT,NV,AWP,WE,Towers with Radar,0,2,4,0,6,0,21,28,4,53,0,23,32,4,59,11,2,13,72
01/09/2022,VGT,NV,AWP,WE,Towers with Radar,0,8,10,0,18,0,4,54,12,70,0,12,64,12,88,137,2,139,227
01/10/2022,VGT,NV,AWP,WE,Towers with Radar,0,7,14,0,21,0,3,70,3,76,0,10,84,3,97,404,1,405,502
01/11/2022,VGT,NV,AWP,WE,Towers with Radar,0,11,9,4,24,0,5,57,5,67,0,16,66,9,91,227,0,227,318
01/12/2022,VGT,NV,AWP,WE,Towers with Radar,0,5,14,0,19,0,6,104,10,120,0,11,118,10,139,386,1,387,526
01/13/2022,VGT,NV,AWP,WE,Towers with Radar,0,9,12,0,21,0,5,85,1,91,0,14,97,1,112,412,0,412,524
01/14/2022,VGT,NV,AWP,WE,Towers with Radar,0,6,4,0,10,0,15,52,0,67,0,21,56,0,77,140,2,142,219
01/15/2022,VGT,NV,AWP,WE,Towers with Radar,0,3,12,0,15,0,27,117,4,148,0,30,129,4,163,419,2,421,584
01/16/2022,VGT,NV,AWP,WE,Towers with Radar,0,10,15,0,25,0,9,102,4,115,0,19,117,4,140,349,0,349,489
01/17/2022,VGT,NV,AWP,WE,Towers with Radar,0,14,13,0,27,0,16,111,2,129,0,30,124,2,156,515,0,515,671
01/18/2022,VGT,NV,AWP,WE,Towers with Radar,0,14,19,0,33,0,3,51,0,54,0,17,70,0,87,445,3,448,535
01/19/2022,VGT,NV,AWP,WE,Towers with Radar,0,9,26,0,35,0,1,84,8,93,0,10,110,8,128,623,6,629,757
01/20/2022,VGT,NV,AWP,WE,Towers with Radar,0,12,35,0,47,0,29,88,3,120,0,41,123,3,167,442,0,442,609
01/21/2022,VGT,NV,AWP,WE,Towers with Radar,0,11,20,2,33,0,9,42,2,53,0,20,62,4,86,190,1,191,277
01/22/2022,VGT,NV,AWP,WE,Towers with Radar,0,9,10,0,19,0,28,46,0,74,0,37,56,0,93,58,0,58,151
01/23/2022,VGT,NV,AWP,WE,Towers with Radar,0,7,24,0,31,0,6,72,2,80,0,13,96,2,111,251,0,251,362
01/24/2022,VGT,NV,AWP,WE,Towers with Radar,0,8,18,0,26,0,5,65,0,70,0,13,83,0,96,602,0,602,698
01/25/2022,VGT,NV,AWP,WE,Towers with Radar,0,4,13,1,18,0,9,41,2,52,0,13,54,3,70,101,0,101,171
01/26/2022,VGT,NV,AWP,WE,Towers with Radar,0,11,16,2,29,0,14,76,5,95,0,25,92,7,124,586,0,586,710
01/27/2022,VGT,NV,AWP,WE,Towers with Radar,0,8,17,1,26,0,4,81,3,88,0,12,98,4,114,300,0,300,414
01/28/2022,VGT,NV,AWP,WE,Towers with Radar,0,9,22,0,31,0,23,85,0,108,0,32,107,0,139,434,0,434,573
01/29/2022,VGT,NV,AWP,WE,Towers with Radar,0,8,11,0,19,0,27,109,0,136,0,35,120,0,155,434,0,434,589
01/30/2022,VGT,NV,AWP,WE,Towers with Radar,0,13,18,0,31,0,10,108,0,118,0,23,126,0,149,318,0,318,467
01/31/2022,VGT,NV,AWP,WE,Towers with Radar,0,8,16,0,24,0,11,77,0,88,0,19,93,0,112,463,1,464,576
02/01/2022,VGT,NV,AWP,WE,Towers with Radar,0,9,8,1,18,0,11,70,5,86,0,20,78,6,104,280,2,282,386
02/02/2022,VGT,NV,AWP,WE,Towers with Radar,0,2,11,0,13,0,10,15,6,31,0,12,26,6,44,4,0,4,48
02/03/2022,VGT,NV,AWP,WE,Towers with Radar,0,5,11,1,17,0,13,88,10,111,0,18,99,11,128,414,0,414,542
02/04/2022,VGT,NV,AWP,WE,Towers with Radar,0,6,16,1,23,0,22,122,8,152,0,28,138,9,175,459,2,461,636
02/05/2022,VGT,NV,AWP,WE,Towers with Radar,0,6,12,0,18,0,9,109,4,122,0,15,121,4,140,544,0,544,684
02/06/2022,VGT,NV,AWP,WE,Towers with Radar,0,8,14,0,22,0,14,70,0,84,0,22,84,0,106,129,0,129,235
02/07/2022,VGT,NV,AWP,WE,Towers with Radar,0,5,10,0,15,0,17,143,6,166,0,22,153,6,181,508,2,510,691
02/08/2022,VGT,NV,AWP,WE,Towers with Radar,0,10,15,1,26,0,3,117,5,125,0,13,132,6,151,477,0,477,628
02/09/2022,VGT,NV,AWP,WE,Towers with Radar,0,12,11,0,23,0,6,76,2,84,0,18,87,2,107,379,2,381,488
02/10/2022,VGT,NV,AWP,WE,Towers with Radar,0,15,19,0,34,0,28,76,2,106,0,43,95,2,140,454,0,454,594
02/11/2022,VGT,NV,AWP,WE,Towers with Radar,1,8,14,0,23,0,37,85,1,123,1,45,99,1,146,467,0,467,613
02/12/2022,VGT,NV,AWP,WE,Towers with Radar,0,4,14,1,19,0,49,110,2,161,0,53,124,3,180,598,8,606,786
02/13/2022,VGT,NV,AWP,WE,Towers with Radar,0,8,9,0,17,0,10,121,2,133,0,18,130,2,150,476,2,478,628
02/14/2022,VGT,NV,AWP,WE,Towers with Radar,0,9,25,0,34,0,55,90,1,146,0,64,115,1,180,578,1,579,759
02/15/2022,VGT,NV,AWP,WE,Towers with Radar,0,7,11,0,18,0,14,34,2,50,0,21,45,2,68,43,2,45,113
02/16/2022,VGT,NV,AWP,WE,Towers with Radar,0,8,16,0,24,0,7,58,2,67,0,15,74,2,91,96,5,101,192
02/17/2022,VGT,NV,AWP,WE,Towers with Radar,0,11,22,1,34,0,21,86,7,114,0,32,108,8,148,271,0,271,419
02/18/2022,VGT,NV,AWP,WE,Towers with Radar,0,9,31,0,40,0,13,119,4,136,0,22,150,4,176,565,4,569,745
02/19/2022,VGT,NV,AWP,WE,Towers with Radar,0,3,22,0,25,0,34,138,6,178,0,37,160,6,203,569,0,569,772
02/20/2022,VGT,NV,AWP,WE,Towers with Radar,0,4,17,0,21,0,21,86,2,109,0,25,103,2,130,340,0,340,470
02/21/2022,VGT,NV,AWP,WE,Towers with Radar,0,12,22,0,34,0,7,16,0,23,0,19,38,0,57,26,0,26,83
02/22/2022,VGT,NV,AWP,WE,Towers with Radar,0,11,10,0,21,0,8,18,1,27,0,19,28,1,48,12,0,12,60
02/23/2022,VGT,NV,AWP,WE,Towers with Radar,0,6,6,0,12,0,7,30,1,38,0,13,36,1,50,279,0,279,329
02/24/2022,VGT,NV,AWP,WE,Towers with Radar,0,10,15,0,25,0,20,131,5,156,0,30,146,5,181,669,2,671,852
02/25/2022,VGT,NV,AWP,WE,Towers with Radar,0,15,19,0,34,0,20,111,0,131,0,35,130,0,165,622,0,622,787
02/26/2022,VGT,NV,AWP,WE,Towers with Radar,0,6,16,0,22,0,29,114,6,149,0,35,130,6,171,542,1,543,714
02/27/2022,VGT,NV,AWP,WE,Towers with Radar,0,12,19,0,31,0,2,113,6,121,0,14,132,6,152,617,13,630,782
02/28/2022,VGT,NV,AWP,WE,Towers with Radar,0,4,13,0,17,0,13,103,3,119,0,17,116,3,136,650,0,650,786
03/01/2022,VGT,NV,AWP,WE,Towers with Radar,0,6,15,0,21,0,1,77,3,81,0,7,92,3,102,584,0,584,686
03/02/2022,VGT,NV,AWP,WE,Towers with Radar,0,3,16,1,20,0,15,94,6,115,0,18,110,7,135,664,4,668,803
03/03/2022,VGT,NV,AWP,WE,Towers with Radar,0,4,11,0,15,0,22,81,3,106,0,26,92,3,121,578,0,578,699
03/04/2022,VGT,NV,AWP,WE,Towers with Radar,0,7,22,0,29,0,28,53,0,81,0,35,75,0,110,407,0,407,517
03/05/2022,VGT,NV,AWP,WE,Towers with Radar,0,8,13,0,21,0,12,18,4,34,0,20,31,4,55,84,0,84,139
03/06/2022,VGT,NV,AWP,WE,Towers with Radar,0,5,21,0,26,0,19,104,5,128,0,24,125,5,154,196,0,196,350
03/07/2022,VGT,NV,AWP,WE,Towers with Radar,0,9,19,0,28,0,30,42,4,76,0,39,61,4,104,184,1,185,289
03/08/2022,VGT,NV,AWP,WE,Towers with Radar,0,9,13,0,22,0,10,101,2,113,0,19,114,2,135,584,0,584,719
03/09/2022,VGT,NV,AWP,WE,Towers with Radar,0,9,23,0,32,0,34,75,6,115,0,43,98,6,147,629,0,629,776
03/10/2022,VGT,NV,AWP,WE,Towers with Radar,1,16,32,1,50,0,2,19,1,22,1,18,51,2,72,38,0,38,110
03/11/2022,VGT,NV,AWP,WE,Towers with Radar,0,9,27,0,36,0,45,117,11,173,0,54,144,11,209,654,7,661,870
03/12/2022,VGT,NV,AWP,WE,Towers with Radar,0,1,12,0,13,0,45,145,11,201,0,46,157,11,214,625,0,625,839
03/13/2022,VGT,NV,AWP,WE,Towers with Radar,0,13,36,0,49,0,10,97,13,120,0,23,133,13,169,425,0,425,594
03/14/2022,VGT,NV,AWP,WE,Towers with Radar,0,5,10,0,15,0,16,92,4,112,0,21,102,4,127,498,1,499,626
03/15/2022,VGT,NV,AWP,WE,Towers with Radar,0,16,10,0,26,0,6,129,6,141,0,22,139,6,167,650,0,650,817
03/16/2022,VGT,NV,AWP,WE,Towers with Radar,0,8,13,0,21,0,26,56,8,90,0,34,69,8,111,77,0,77,188
03/17/2022,VGT,NV,AWP,WE,Towers with Radar,0,10,20,1,31,0,20,132,12,164,0,30,152,13,195,776,0,776,971
03/18/2022,VGT,NV,AWP,WE,Towers with Radar,0,8,19,0,27,0,21,125,9,155,0,29,144,9,182,891,0,891,1073
03/19/2022,VGT,NV,AWP,WE,Towers with Radar,0,7,16,0,23,0,25,105,4,134,0,32,121,4,157,452,0,452,609
03/20/2022,VGT,NV,AWP,WE,Towers with Radar,0,5,22,0,27,0,4,17,3,24,0,9,39,3,51,16,0,16,67
03/21/2022,VGT,NV,AWP,WE,Towers with Radar,0,7,17,0,24,2,18,46,4,70,2,25,63,4,94,155,0,155,249
03/22/2022,VGT,NV,AWP,WE,Towers with Radar,0,3,23,0,26,0,7,94,4,105,0,10,117,4,131,332,0,332,463
03/23/2022,VGT,NV,AWP,WE,Towers with Radar,1,13,18,0,32,0,9,92,3,104,1,22,110,3,136,693,0,693,829
03/24/2022,VGT,NV,AWP,WE,Towers with Radar,0,11,22,0,33,0,22,103,9,134,0,33,125,9,167,695,1,696,863
03/25/2022,VGT,NV,AWP,WE,Towers with Radar,0,9,23,0,32,0,38,108,6,152,0,47,131,6,184,633,0,633,817
03/26/2022,VGT,NV,AWP,WE,Towers with Radar,0,7,16,0,23,0,18,135,10,163,0,25,151,10,186,512,0,512,698
03/27/2022,VGT,NV,AWP,WE,Towers with Radar,0,12,30,0,42,0,19,100,8,127,0,31,130,8,169,385,0,385,554
03/28/2022,VGT,NV,AWP,WE,Towers with Radar,0,13,12,0,25,0,5,49,7,61,0,18,61,7,86,203,0,203,289
03/29/2022,VGT,NV,AWP,WE,Towers with Radar,0,3,18,0,21,0,27,85,12,124,0,30,103,12,145,332,0,332,477
03/30/2022,VGT,NV,AWP,WE,Towers with Radar,0,11,22,1,34,0,23,97,2,122,0,34,119,3,156,429,0,429,585
03/31/2022,VGT,NV,AWP,WE,Towers with Radar,0,13,21,1,35,0,32,123,7,162,0,45,144,8,197,697,1,698,895
04/01/2022,VGT,NV,AWP,WE,Towers with Radar,0,9,25,2,36,0,28,109,8,145,0,37,134,10,181,591,1,592,773
04/02/2022,VGT,NV,AWP,WE,Towers with Radar,0,2,16,1,19,0,29,123,6,158,0,31,139,7,177,519,1,520,697
04/03/2022,VGT,NV,AWP,WE,Towers with Radar,0,5,19,0,24,0,9,108,8,125,0,14,127,8,149,465,0,465,614
04/04/2022,VGT,NV,AWP,WE,Towers with Radar,0,15,11,0,26,0,14,100,2,116,0,29,111,2,142,535,2,537,679
04/05/2022,VGT,NV,AWP,WE,Towers with Radar,0,6,16,0,22,0,3,56,1,60,0,9,72,1,82,169,0,169,251
04/06/2022,VGT,NV,AWP,WE,Towers with Radar,0,8,18,0,26,0,9,107,7,123,0,17,125,7,149,294,0,294,443
04/07/2022,VGT,NV,AWP,WE,Towers with Radar,0,8,14,0,22,0,23,138,2,163,0,31,152,2,185,621,0,621,806
04/08/2022,VGT,NV,AWP,WE,Towers with Radar,0,9,17,0,26,0,23,110,5,138,0,32,127,5,164,625,0,625,789
04/09/2022,VGT,NV,AWP,WE,Towers with Radar,0,8,14,0,22,0,26,105,10,141,0,34,119,10,163,443,0,443,606
04/10/2022,VGT,NV,AWP,WE,Towers with Radar,0,11,15,0,26,0,17,94,8,119,0,28,109,8,145,218,0,218,363
04/11/2022,VGT,NV,AWP,WE,Towers with Radar,0,10,12,0,22,0,3,7,1,11,0,13,19,1,33,145,0,145,178
04/12/2022,VGT,NV,AWP,WE,Towers with Radar,0,7,6,0,13,0,11,28,6,45,0,18,34,6,58,34,6,40,98
04/13/2022,VGT,NV,AWP,WE,Towers with Radar,0,9,23,0,32,0,26,115,7,148,0,35,138,7,180,559,0,559,739
04/14/2022,VGT,NV,AWP,WE,Towers with Radar,0,10,10,0,20,0,23,96,22,141,0,33,106,22,161,507,1,508,669
04/15/2022,VGT,NV,AWP,WE,Towers with Radar,0,17,13,0,30,0,30,126,6,162,0,47,139,6,192,553,0,553,745
04/16/2022,VGT,NV,AWP,WE,Towers with Radar,0,12,5,0,17,0,1,16,0,17,0,13,21,0,34,10,0,10,44
04/17/2022,VGT,NV,AWP,WE,Towers with Radar,0,6,11,0,17,0,12,131,3,146,0,18,142,3,163,498,0,498,661
04/18/2022,VGT,NV,AWP,WE,Towers with Radar,0,9,17,0,26,0,35,85,10,130,0,44,102,10,156,501,1,502,658
04/19/2022,VGT,NV,AWP,WE,Towers with Radar,0,11,14,0,25,0,1,17,1,19,0,12,31,1,44,5,0,5,49
04/20/2022,VGT,NV,AWP,WE,Towers with Radar,0,7,15,0,22,0,22,129,12,163,0,29,144,12,185,616,0,616,801
04/21/2022,VGT,NV,AWP,WE,Towers with Radar,0,8,13,1,22,0,8,31,6,45,0,16,44,7,67,37,0,37,104
04/22/2022,VGT,NV,AWP,WE,Towers with Radar,0,15,16,1,32,0,30,52,6,88,0,45,68,7,120,162,0,162,282
04/23/2022,VGT,NV,AWP,WE,Towers with Radar,0,8,15,0,23,0,33,108,4,145,0,41,123,4,168,260,0,260,428
04/24/2022,VGT,NV,AWP,WE,Towers with Radar,0,11,12,0,23,0,13,106,4,123,0,24,118,4,146,329,0,329,475
04/25/2022,VGT,NV,AWP,WE,Towers with Radar,0,11,20,0,31,0,6,102,12,120,0,17,122,12,151,663,2,665,816
04/26/2022,VGT,NV,AWP,WE,Towers with Radar,0,5,22,0,27,0,16,100,6,122,0,21,122,6,149,556,0,556,705
04/27/2022,VGT,NV,AWP,WE,Towers with Radar,0,15,17,0,32,0,19,110,6,135,0,34,127,6,167,461,0,461,628
04/28/2022,VGT,NV,AWP,WE,Towers with Radar,0,8,12,0,20,0,21,38,19,78,0,29,50,19,98,84,2,86,184
04/29/2022,VGT,NV,AWP,WE,Towers with Radar,0,6,14,2,22,0,29,108,6,143,0,35,122,8,165,397,0,397,562
04/30/2022,VGT,NV,AWP,WE,Towers with Radar,0,5,18,0,23,0,23,142,2,167,0,28,160,2,190,594,1,595,785
05/01/2022,VGT,NV,AWP,WE,Towers with Radar,0,10,14,0,24,0,3,33,1,37,0,13,47,1,61,129,0,129,190
05/02/2022,VGT,NV,AWP,WE,Towers with Radar,0,7,17,0,24,0,6,63,4,73,0,13,80,4,97,464,0,464,561
05/03/2022,VGT,NV,AWP,WE,Towers with Radar,0,7,12,0,19,0,7,60,12,79,0,14,72,12,98,71,0,71,169
05/04/2022,VGT,NV,AWP,WE,Towers with Radar,0,12,22,0,34,0,28,111,5,144,0,40,133,5,178,700,0,700,878
05/05/2022,VGT,NV,AWP,WE,Towers with Radar,0,7,17,0,24,0,15,84,3,102,0,22,101,3,126,547,0,547,673
05/06/2022,VGT,NV,AWP,WE,Towers with Radar,0,9,17,0,26,0,31,102,10,143,0,40,119,10,169,629,0,629,798
05/07/2022,VGT,NV,AWP,WE,Towers with Radar,0,4,8,0,12,0,21,52,7,80,0,25,60,7,92,185,0,185,277
05/08/2022,VGT,NV,AWP,WE,Towers with Radar,0,7,4,0,11,0,2,40,0,42,0,9,44,0,53,197,0,197,250
05/09/2022,VGT,NV,AWP,WE,Towers with Radar,0,13,19,0,32,0,22,51,6,79,0,35,70,6,111,212,0,212,323
05/10/2022,VGT,NV,AWP,WE,Towers with Radar,0,15,10,0,25,0,27,80,6,113,0,42,90,6,138,177,0,177,315
05/11/2022,VGT,NV,AWP,WE,Towers with Radar,0,11,13,0,24,0,10,59,10,79,0,21,72,10,103,308,1,309,412
05/12/2022,VGT,NV,AWP,WE,Towers with Radar,0,16,15,0,31,0,28,118,8,154,0,44,133,8,185,619,0,619,804
05/13/2022,VGT,NV,AWP,WE,Towers with Radar,0,13,26,0,39,0,29,152,6,187,0,42,178,6,226,707,0,707,933
05/14/2022,VGT,NV,AWP,WE,Towers with Radar,0,11,17,0,28,0,30,162,13,205,0,41,179,13,233,577,0,577,810
05/15/2022,VGT,NV,AWP,WE,Towers with Radar,0,9,16,0,25,0,22,94,6,122,0,31,110,6,147,495,0,495,642
05/16/2022,VGT,NV,AWP,WE,Towers with Radar,0,8,17,0,25,0,21,74,8,103,0,29,91,8,128,476,0,476,604
05/17/2022,VGT,NV,AWP,WE,Towers with Radar,0,10,19,1,30,0,14,80,7,101,0,24,99,8,131,539,0,539,670
05/18/2022,VGT,NV,AWP,WE,Towers with Radar,0,8,14,1,23,0,20,119,5,144,0,28,133,6,167,746,0,746,913
05/19/2022,VGT,NV,AWP,WE,Towers with Radar,0,8,11,0,19,0,17,72,8,97,0,25,83,8,116,353,3,356,472
05/20/2022,VGT,NV,AWP,WE,Towers with Radar,0,10,18,0,28,0,23,64,4,91,0,33,82,4,119,119,0,119,238
05/21/2022,VGT,NV,AWP,WE,Towers with Radar,0,8,13,0,21,0,30,182,13,225,0,38,195,13,246,433,0,433,679
05/22/2022,VGT,NV,AWP,WE,Towers with Radar,0,7,11,0,18,0,23,148,8,179,0,30,159,8,197,430,1,431,628
05/23/2022,VGT,NV,AWP,WE,Towers with Radar,0,8,15,0,23,0,25,91,7,123,0,33,106,7,146,302,2,304,450
05/24/2022,VGT,NV,AWP,WE,Towers with Radar,0,6,17,0,23,0,16,104,19,139,0,22,121,19,162,536,2,538,700
05/25/2022,VGT,NV,AWP,WE,Towers with Radar,0,7,14,0,21,0,15,94,12,121,0,22,108,12,142,587,0,587,729
05/26/2022,VGT,NV,AWP,WE,Towers with Radar,0,15,22,1,38,0,34,99,3,136,0,49,121,4,174,422,0,422,596
05/27/2022,VGT,NV,AWP,WE,Towers with Radar,0,12,16,1,29,0,20,103,3,126,0,32,119,4,155,414,0,414,569
05/28/2022,VGT,NV,AWP,WE,Towers with Radar,0,13,17,0,30,0,17,120,0,137,0,30,137,0,167,254,0,254,421
05/29/2022,VGT,NV,AWP,WE,Towers with Radar,0,11,10,0,21,0,12,38,2,52,0,23,48,2,73,22,0,22,95
05/30/2022,VGT,NV,AWP,WE,Towers with Radar,0,15,15,0,30,0,28,94,0,122,0,43,109,0,152,541,0,541,693
05/31/2022,VGT,NV,AWP,WE,Towers with Radar,0,10,9,1,20,0,11,86,1,98,0,21,95,2,118,285,0,285,403
06/01/2022,VGT,NV,AWP,WE,Towers with Radar,0,6,19,0,25,0,14,103,3,120,0,20,122,3,145,443,0,443,588
06/02/2022,VGT,NV,AWP,WE,Towers with Radar,0,4,15,2,21,0,25,135,7,167,0,29,150,9,188,619,0,619,807
06/03/2022,VGT,NV,AWP,WE,Towers with Radar,0,8,14,0,22,0,31,120,3,154,0,39,134,3,176,440,0,440,616
06/04/2022,VGT,NV,AWP,WE,Towers with Radar,0,15,12,0,27,0,34,86,1,121,0,49,98,1,148,299,0,299,447
06/05/2022,VGT,NV,AWP,WE,Towers with Radar,0,7,15,0,22,0,17,119,2,138,0,24,134,2,160,376,0,376,536
06/06/2022,VGT,NV,AWP,WE,Towers with Radar,0,8,11,1,20,0,3,76,5,84,0,11,87,6,104,563,4,567,671
06/07/2022,VGT,NV,AWP,WE,Towers with Radar,0,7,8,1,16,0,7,75,14,96,0,14,83,15,112,526,0,526,638
06/08/2022,VGT,NV,AWP,WE,Towers with Radar,0,4,20,3,27,0,28,74,8,110,0,32,94,11,137,502,0,502,639
06/09/2022,VGT,NV,AWP,WE,Towers with Radar,0,6,13,1,20,0,14,76,5,95,0,20,89,6,115,349,0,349,464
06/10/2022,VGT,NV,AWP,WE,Towers with Radar,0,16,12,1,29,0,18,89,0,107,0,34,101,1,136,409,0,409,545
06/11/2022,VGT,NV,AWP,WE,Towers with Radar,0,6,14,0,20,0,7,102,0,109,0,13,116,0,129,245,0,245,374
06/12/2022,VGT,NV,AWP,WE,Towers with Radar,0,8,7,0,15,0,14,44,0,58,0,22,51,0,73,211,0,211,284
06/13/2022,VGT,NV,AWP,WE,Towers with Radar,0,6,12,0,18,0,2,57,0,59,0,8,69,0,77,148,1,149,226
06/14/2022,VGT,NV,AWP,WE,Towers with Radar,0,7,11,0,18,0,16,71,9,96,0,23,82,9,114,456,4,460,574
06/15/2022,VGT,NV,AWP,WE,Towers with Radar,0,15,12,0,27,0,12,70,5,87,0,27,82,5,114,488,1,489,603
06/16/2022,VGT,NV,AWP,WE,Towers with Radar,0,12,16,0,28,0,8,76,11,95,0,20,92,11,123,442,2,444,567
06/17/2022,VGT,NV,AWP,WE,Towers with Radar,0,9,5,0,14,0,10,62,1,73,0,19,67,1,87,356,0,356,443
06/18/2022,VGT,NV,AWP,WE,Towers with Radar,0,6,14,0,20,0,2,76,0,78,0,8,90,0,98,182,0,182,280
06/19/2022,VGT,NV,AWP,WE,Towers with Radar,0,15,11,0,26,0,13,88,0,101,0,28,99,0,127,325,1,326,453
06/20/2022,VGT,NV,AWP,WE,Towers with Radar,0,11,19,0,30,0,10,106,0,116,0,21,125,0,146,512,0,512,658
06/21/2022,VGT,NV,AWP,WE,Towers with Radar,0,9,17,5,31,0,6,89,8,103,0,15,106,13,134,513,0,513,647
06/22/2022,VGT,NV,AWP,WE,Towers with Radar,0,11,13,0,24,0,15,77,4,96,0,26,90,4,120,346,0,346,466
06/23/2022,VGT,NV,AWP,WE,Towers with Radar,0,7,8,3,18,0,15,92,8,115,0,22,100,11,133,504,3,507,640
06/24/2022,VGT,NV,AWP,WE,Towers with Radar,0,13,17,0,30,0,30,115,4,149,0,43,132,4,179,434,0,434,613
06/25/2022,VGT,NV,AWP,WE,Towers with Radar,0,7,9,0,16,0,18,97,1,116,0,25,106,1,132,376,0,376,508
06/26/2022,VGT,NV,AWP,WE,Towers with Radar,0,11,10,0,21,0,12,117,3,132,0,23,127,3,153,270,0,270,423
06/27/2022,VGT,NV,AWP,WE,Towers with Radar,0,7,10,0,17,0,13,101,5,119,0,20,111,5,136,345,0,345,481
06/28/2022,VGT,NV,AWP,WE,Towers with Radar,0,16,13,1,30,0,19,93,8,120,0,35,106,9,150,324,1,325,475
06/29/2022,VGT,NV,AWP,WE,Towers with Radar,0,12,17,0,29,0,11,92,10,113,0,23,109,10,142,304,0,304,446
06/30/2022,VGT,NV,AWP,WE,Towers with Radar,0,18,5,0,23,0,15,79,4,98,0,33,84,4,121,136,0,136,257
07/01/2022,VGT,NV,AWP,WE,Towers with Radar,0,15,16,0,31,0,31,109,4,144,0,46,125,4,175,283,0,283,458
07/02/2022,VGT,NV,AWP,WE,Towers with Radar,0,8,13,0,21,0,22,109,2,133,0,30,122,2,154,420,0,420,574
07/03/2022,VGT,NV,AWP,WE,Towers with Radar,0,7,5,0,12,0,35,65,0,100,0,42,70,0,112,172,0,172,284
07/04/2022,VGT,NV,AWP,WE,Towers with Radar,0,8,9,0,17,0,7,88,1,96,0,15,97,1,113,232,0,232,345
07/05/2022,VGT,NV,AWP,WE,Towers with Radar,0,10,10,0,20,0,8,69,0,77,0,18,79,0,97,382,0,382,479
07/06/2022,VGT,NV,AWP,WE,Towers with Radar,0,7,15,1,23,0,18,99,9,126,0,25,114,10,149,460,0,460,609
07/07/2022,VGT,NV,AWP,WE,Towers with Radar,0,9,11,2,22,0,15,99,12,126,0,24,110,14,148,496,2,498,646
07/08/2022,VGT,NV,AWP,WE,Towers with Radar,0,10,15,1,26,0,20,179,0,199,0,30,194,1,225,431,0,431,656
07/09/2022,VGT,NV,AWP,WE,Towers with Radar,0,10,7,1,18,0,7,154,5,166,0,17,161,6,184,502,6,508,692
07/10/2022,VGT,NV,AWP,WE,Towers with Radar,0,7,18,0,25,0,5,144,4,153,0,12,162,4,178,346,0,346,524
07/11/2022,VGT,NV,AWP,WE,Towers with Radar,0,10,16,4,30,0,17,120,1,138,0,27,136,5,168,328,0,328,496
07/12/2022,VGT,NV,AWP,WE,Towers with Radar,0,8,4,1,13,0,14,114,6,134,0,22,118,7,147,321,0,321,468
07/13/2022,VGT,NV,AWP,WE,Towers with Radar,0,6,9,0,15,0,23,130,11,164,0,29,139,11,179,268,0,268,447
07/14/2022,VGT,NV,AWP,WE,Towers with Radar,0,10,10,0,20,0,10,133,0,143,0,20,143,0,163,387,0,387,550
07/15/2022,VGT,NV,AWP,WE,Towers with Radar,0,7,10,0,17,0,31,172,0,203,0,38,182,0,220,376,0,376,596
07/16/2022,VGT,NV,AWP,WE,Towers with Radar,0,1,10,0,11,0,13,122,1,136,0,14,132,1,147,304,0,304,451
07/17/2022,VGT,NV,AWP,WE,Towers with Radar,0,8,8,0,16,0,11,51,2,64,0,19,59,2,80,200,0,200,280
07/18/2022,VGT,NV,AWP,WE,Towers with Radar,0,13,11,0,24,0,5,60,0,65,0,18,71,0,89,7,0,7,96
07/19/2022,VGT,NV,AWP,WE,Towers with Radar,0,13,13,0,26,0,18,139,0,157,0,31,152,0,183,34,1,35,218
07/20/2022,VGT,NV,AWP,WE,Towers with Radar,0,10,12,0,22,0,13,113,3,129,0,23,125,3,151,87,0,87,238
07/21/2022,VGT,NV,AWP,WE,Towers with Radar,0,8,15,0,23,0,12,122,5,139,0,20,137,5,162,51,0,51,213
07/22/2022,VGT,NV,AWP,WE,Towers with Radar,0,10,15,0,25,0,19,109,3,131,0,29,124,3,156,304,1,305,461
07/23/2022,VGT,NV,AWP,WE,Towers with Radar,0,11,12,0,23,0,19,135,1,155,0,30,147,1,178,251,0,251,429
07/24/2022,VGT,NV,AWP,WE,Towers with Radar,0,14,13,0,27,0,22,112,1,135,0,36,125,1,162,195,0,195,357
07/25/2022,VGT,NV,AWP,WE,Towers with Radar,0,9,10,0,19,0,7,105,0,112,0,16,115,0,131,210,0,210,341
07/26/2022,VGT,NV,AWP,WE,Towers with Radar,0,9,13,0,22,0,21,93,4,118,0,30,106,4,140,371,16,387,527
07/27/2022,VGT,NV,AWP,WE,Towers with Radar,0,3,13,0,16,0,21,67,1,89,0,24,80,1,105,512,6,518,623
07/28/2022,VGT,NV,AWP,WE,Towers with Radar,0,11,16,1,28,0,11,140,7,158,0,22,156,8,186,473,0,473,659
07/29/2022,VGT,NV,AWP,WE,Towers with Radar,0,10,12,0,22,0,15,162,2,179,0,25,174,2,201,471,0,471,672
07/30/2022,VGT,NV,AWP,WE,Towers with Radar,0,3,15,0,18,0,19,159,0,178,0,22,174,0,196,522,0,522,718
07/31/2022,VGT,NV,AWP,WE,Towers with Radar,0,9,9,0,18,0,6,77,0,83,0,15,86,0,101,337,6,343,444
08/01/2022,VGT,NV,AWP,WE,Towers with Radar,0,10,10,0,20,0,14,113,0,127,0,24,123,0,147,229,1,230,377
08/02/2022,VGT,NV,AWP,WE,Towers with Radar,0,12,7,2,21,0,13,129,3,145,0,25,136,5,166,257,0,257,423
08/03/2022,VGT,NV,AWP,WE,Towers with Radar,0,17,11,0,28,0,11,104,1,116,0,28,115,1,144,278,2,280,424
08/04/2022,VGT,NV,AWP,WE,Towers with Radar,0,9,13,1,23,0,13,98,6,117,0,22,111,7,140,206,0,206,346
08/05/2022,VGT,NV,AWP,WE,Towers with Radar,0,10,21,0,31,0,11,118,4,133,0,21,139,4,164,280,0,280,444
08/06/2022,VGT,NV,AWP,WE,Towers with Radar,0,15,11,0,26,0,10,146,1,157,0,25,157,1,183,240,0,240,423
08/07/2022,VGT,NV,AWP,WE,Towers with Radar,0,9,17,0,26,0,15,201,1,217,0,24,218,1,243,147,0,147,390
08/08/2022,VGT,NV,AWP,WE,Towers with Radar,0,13,11,0,24,0,7,138,3,148,0,20,149,3,172,236,0,236,408
08/09/2022,VGT,NV,AWP,WE,Towers with Radar,0,5,12,0,17,0,22,82,3,107,0,27,94,3,124,492,0,492,616
08/10/2022,VGT,NV,AWP,WE,Towers with Radar,0,7,8,0,15,0,9,122,9,140,0,16,130,9,155,558,0,558,713
08/11/2022,VGT,NV,AWP,WE,Towers with Radar,0,11,26,0,37,0,6,148,6,160,0,17,174,6,197,514,0,514,711
08/12/2022,VGT,NV,AWP,WE,Towers with Radar,0,9,12,0,21,0,16,139,0,155,0,25,151,0,176,448,0,448,624
08/13/2022,VGT,NV,AWP,WE,Towers with Radar,0,7,22,0,29,0,7,175,1,183,0,14,197,1,212,373,0,373,585
08/14/2022,VGT,NV,AWP,WE,Towers with Radar,0,13,18,0,31,0,15,139,0,154,0,28,157,0,185,321,0,321,506
08/15/2022,VGT,NV,AWP,WE,Towers with Radar,0,12,13,0,25,0,32,150,2,184,0,44,163,2,209,392,0,392,601
08/16/2022,VGT,NV,AWP,WE,Towers with Radar,0,6,19,0,25,0,9,114,12,135,0,15,133,12,160,489,1,490,650
08/17/2022,VGT,NV,AWP,WE,Towers with Radar,0,7,18,0,25,0,10,78,3,91,0,17,96,3,116,417,0,417,533
08/18/2022,VGT,NV,AWP,WE,Towers with Radar,0,10,17,0,27,0,16,94,7,117,0,26,111,7,144,386,0,386,530
08/19/2022,VGT,NV,AWP,WE,Towers with Radar,0,13,18,0,31,0,16,153,2,171,0,29,171,2,202,350,0,350,552
08/20/2022,VGT,NV,AWP,WE,Towers with Radar,0,7,13,0,20,0,14,175,2,191,0,21,188,2,211,335,0,335,546
08/21/2022,VGT,NV,AWP,WE,Towers with Radar,0,20,16,0,36,0,13,156,0,169,0,33,172,0,205,227,0,227,432
08/22/2022,VGT,NV,AWP,WE,Towers with Radar,0,11,12,0,23,0,13,76,2,91,0,24,88,2,114,228,0,228,342
08/23/2022,VGT,NV,AWP,WE,Towers with Radar,0,6,15,0,21,0,10,95,9,114,0,16,110,9,135,446,0,446,581
08/24/2022,VGT,NV,AWP,WE,Towers with Radar,0,8,16,0,24,0,14,83,7,104,0,22,99,7,128,405,0,405,533
08/25/2022,VGT,NV,AWP,WE,Towers with Radar,0,12,13,0,25,0,19,140,3,162,0,31,153,3,187,525,0,525,712
08/26/2022,VGT,NV,AWP,WE,Towers with Radar,0,4,15,0,19,0,16,138,1,155,0,20,153,1,174,495,0,495,669
08/27/2022,VGT,NV,AWP,WE,Towers with Radar,0,6,12,0,18,0,14,242,0,256,0,20,254,0,274,219,0,219,493
08/28/2022,VGT,NV,AWP,WE,Towers with Radar,0,1,12,0,13,0,6,186,2,194,0,7,198,2,207,286,0,286,493
08/29/2022,VGT,NV,AWP,WE,Towers with Radar,1,10,10,0,21,0,7,124,2,133,1,17,134,2,154,418,0,418,572
08/30/2022,VGT,NV,AWP,WE,Towers with Radar,0,4,11,0,15,0,7,120,3,130,0,11,131,3,145,375,0,375,520
08/31/2022,VGT,NV,AWP,WE,Towers with Radar,0,4,11,0,15,0,7,126,9,142,0,11,137,9,157,381,42,423,580
09/01/2022,VGT,NV,AWP,WE,Towers with Radar,0,10,8,1,19,0,14,172,5,191,0,24,180,6,210,310,0,310,520
09/02/2022,VGT,NV,AWP,WE,Towers with Radar,0,8,14,0,22,0,10,130,1,141,0,18,144,1,163,466,1,467,630
09/03/2022,VGT,NV,AWP,WE,Towers with Radar,0,5,12,0,17,0,13,176,0,189,0,18,188,0,206,392,0,392,598
09/04/2022,VGT,NV,AWP,WE,Towers with Radar,0,10,9,0,19,0,20,130,2,152,0,30,139,2,171,417,0,417,588
09/05/2022,VGT,NV,AWP,WE,Towers with Radar,0,14,17,0,31,0,11,129,4,144,0,25,146,4,175,317,4,321,496
09/06/2022,VGT,NV,AWP,WE,Towers with Radar,0,14,16,0,30,0,19,120,3,142,0,33,136,3,172,361,0,361,533
09/07/2022,VGT,NV,AWP,WE,Towers with Radar,0,5,12,1,18,0,5,121,9,135,0,10,133,10,153,377,0,377,530
09/08/2022,VGT,NV,AWP,WE,Towers with Radar,0,10,17,2,29,0,25,151,9,185,0,35,168,11,214,288,0,288,502
09/09/2022,VGT,NV,AWP,WE,Towers with Radar,0,11,19,0,30,0,21,81,3,105,0,32,100,3,135,135,0,135,270
09/10/2022,VGT,NV,AWP,WE,Towers with Radar,0,9,13,0,22,0,24,96,1,121,0,33,109,1,143,325,0,325,468
09/11/2022,VGT,NV,AWP,WE,Towers with Radar,0,10,16,0,26,0,19,138,0,157,0,29,154,0,183,399,0,399,582
09/12/2022,VGT,NV,AWP,WE,Towers with Radar,0,11,19,0,30,0,8,77,0,85,0,19,96,0,115,272,6,278,393
09/13/2022,VGT,NV,AWP,WE,Towers with Radar,0,8,21,0,29,0,19,78,2,99,0,27,99,2,128,360,0,360,488
09/14/2022,VGT,NV,AWP,WE,Towers with Radar,0,14,22,1,37,0,14,108,10,132,0,28,130,11,169,370,2,372,541
09/15/2022,VGT,NV,AWP,WE,Towers with Radar,1,13,19,2,35,0,14,144,2,160,1,27,163,4,195,348,0,348,543
09/16/2022,VGT,NV,AWP,WE,Towers with Radar,0,8,20,0,28,0,30,111,2,143,0,38,131,2,171,403,2,405,576
09/17/2022,VGT,NV,AWP,WE,Towers with Radar,0,6,14,0,20,0,20,180,2,202,0,26,194,2,222,329,0,329,551
09/18/2022,VGT,NV,AWP,WE,Towers with Radar,0,6,24,0,30,0,22,197,3,222,0,28,221,3,252,345,0,345,597
09/19/2022,VGT,NV,AWP,WE,Towers with Radar,0,20,13,0,33,0,73,180,1,254,0,93,193,1,287,318,0,318,605
09/20/2022,VGT,NV,AWP,WE,Towers with Radar,0,4,20,0,24,0,12,93,5,110,0,16,113,5,134,348,1,349,483
09/21/2022,VGT,NV,AWP,WE,Towers with Radar,0,13,7,0,20,0,15,73,2,90,0,28,80,2,110,364,0,364,474
09/22/2022,VGT,NV,AWP,WE,Towers with Radar,0,9,12,0,21,0,31,212,3,246,0,40,224,3,267,415,1,416,683
09/23/2022,VGT,NV,AWP,WE,Towers with Radar,0,11,26,1,38,0,23,182,1,206,0,34,208,2,244,519,0,519,763
09/24/2022,VGT,NV,AWP,WE,Towers with Radar,0,10,4,1,15,0,31,163,0,194,0,41,167,1,209,464,0,464,673
09/25/2022,VGT,NV,AWP,WE,Towers with Radar,0,9,16,0,25,0,24,126,0,150,0,33,142,0,175,375,0,375,550
09/26/2022,VGT,NV,AWP,WE,Towers with Radar,0,12,10,1,23,0,17,133,1,151,0,29,143,2,174,497,0,497,671
09/27/2022,VGT,NV,AWP,WE,Towers with Radar,0,8,10,0,18,0,25,130,13,168,0,33,140,13,186,546,0,546,732
09/28/2022,VGT,NV,AWP,WE,Towers with Radar,0,11,19,0,30,0,16,96,3,115,0,27,115,3,145,274,1,275,420
09/29/2022,VGT,NV,AWP,WE,Towers with Radar,0,14,8,1,23,0,24,173,8,205,0,38,181,9,228,461,0,461,689
09/30/2022,VGT,NV,AWP,WE,Towers with Radar,0,16,20,0,36,0,26,164,3,193,0,42,184,3,229,390,0,390,619
10/01/2022,VGT,NV,AWP,WE,Towers with Radar,0,9,7,0,16,0,28,210,1,239,0,37,217,1,255,411,0,411,666
10/02/2022,VGT,NV,AWP,WE,Towers with Radar,0,21,16,1,38,0,12,127,1,140,0,33,143,2,178,294,0,294,472
10/03/2022,VGT,NV,AWP,WE,Towers with Radar,0,10,19,0,29,0,13,99,9,121,0,23,118,9,150,272,0,272,422
10/04/2022,VGT,NV,AWP,WE,Towers with Radar,0,5,19,2,26,0,22,113,4,139,0,27,132,6,165,487,5,492,657
10/05/2022,VGT,NV,AWP,WE,Towers with Radar,0,14,12,1,27,0,13,129,8,150,0,27,141,9,177,440,0,440,617
10/06/2022,VGT,NV,AWP,WE,Towers with Radar,0,9,17,2,28,0,15,134,19,168,0,24,151,21,196,487,0,487,683
10/07/2022,VGT,NV,AWP,WE,Towers with Radar,0,9,18,0,27,0,12,150,2,164,0,21,168,2,191,413,0,413,604
10/08/2022,VGT,NV,AWP,WE,Towers with Radar,0,12,8,0,20,0,13,159,0,172,0,25,167,0,192,439,0,439,631
10/09/2022,VGT,NV,AWP,WE,Towers with Radar,0,13,16,0,29,0,9,138,2,149,0,22,154,2,178,327,0,327,505
10/10/2022,VGT,NV,AWP,WE,Towers with Radar,0,14,17,0,31,0,13,120,2,135,0,27,137,2,166,377,8,385,551
10/11/2022,VGT,NV,AWP,WE,Towers with Radar,0,9,18,0,27,0,9,140,5,154,0,18,158,5,181,467,0,467,648
10/12/2022,VGT,NV,AWP,WE,Towers with Radar,0,16,13,2,31,0,6,148,6,160,0,22,161,8,191,469,0,469,660
10/13/2022,VGT,NV,AWP,WE,Towers with Radar,0,17,22,0,39,0,11,168,6,185,0,28,190,6,224,506,0,506,730
10/14/2022,VGT,NV,AWP,WE,Towers with Radar,0,15,23,0,38,0,16,183,0,199,0,31,206,0,237,377,0,377,614
10/15/2022,VGT,NV,AWP,WE,Towers with Radar,0,10,5,0,15,0,6,176,5,187,0,16,181,5,202,401,0,401,603
10/16/2022,VGT,NV,AWP,WE,Towers with Radar,0,8,17,0,25,0,4,163,0,167,0,12,180,0,192,483,0,483,675
10/17/2022,VGT,NV,AWP,WE,Towers with Radar,0,8,10,0,18,0,5,120,1,126,0,13,130,1,144,448,0,448,592
10/18/2022,VGT,NV,AWP,WE,Towers with Radar,0,8,8,0,16,0,22,184,3,209,0,30,192,3,225,312,0,312,537
10/19/2022,VGT,NV,AWP,WE,Towers with Radar,0,6,9,0,15,0,11,164,6,181,0,17,173,6,196,62,0,62,258
10/20/2022,VGT,NV,AWP,WE,Towers with Radar,0,13,24,0,37,0,14,192,2,208,0,27,216,2,245,417,0,417,662
10/21/2022,VGT,NV,AWP,WE,Towers with Radar,0,9,22,0,31,0,26,199,3,228,0,35,221,3,259,358,0,358,617
10/22/2022,VGT,NV,AWP,WE,Towers with Radar,0,11,8,0,19,0,10,35,3,48,0,21,43,3,67,87,0,87,154
10/23/2022,VGT,NV,AWP,WE,Towers with Radar,0,10,18,0,28,0,18,75,0,93,0,28,93,0,121,73,0,73,194
10/24/2022,VGT,NV,AWP,WE,Towers with Radar,0,11,24,0,35,0,48,153,3,204,0,59,177,3,239,382,6,388,627
10/25/2022,VGT,NV,AWP,WE,Towers with Radar,0,4,11,0,15,0,25,244,2,271,0,29,255,2,286,348,1,349,635
10/26/2022,VGT,NV,AWP,WE,Towers with Radar,0,7,19,0,26,0,22,161,2,185,0,29,180,2,211,470,1,471,682
10/27/2022,VGT,NV,AWP,WE,Towers with Radar,0,11,23,0,34,0,21,203,7,231,0,32,226,7,265,484,10,494,759
10/28/2022,VGT,NV,AWP,WE,Towers with Radar,1,11,34,0,46,0,21,197,8,226,1,32,231,8,272,425,0,425,697
10/29/2022,VGT,NV,AWP,WE,Towers with Radar,0,7,15,0,22,0,24,218,2,244,0,31,233,2,266,430,0,430,696
10/30/2022,VGT,NV,AWP,WE,Towers with Radar,0,14,24,0,38,0,21,167,1,189,0,35,191,1,227,362,0,362,589
10/31/2022,VGT,NV,AWP,WE,Towers with Radar,0,6,13,0,19,0,11,151,8,170,0,17,164,8,189,433,0,433,622
11/01/2022,VGT,NV,AWP,WE,Towers with Radar,0,3,21,0,24,0,8,80,10,98,0,11,101,10,122,317,0,317,439
11/02/2022,VGT,NV,AWP,WE,Towers with Radar,0,5,23,0,28,0,19,35,9,63,0,24,58,9,91,38,0,38,129
11/03/2022,VGT,NV,AWP,WE,Towers with Radar,0,25,20,0,45,0,33,39,4,76,0,58,59,4,121,62,0,62,183
11/04/2022,VGT,NV,AWP,WE,Towers with Radar,0,8,34,2,44,0,24,246,2,272,0,32,280,4,316,362,8,370,686
11/05/2022,VGT,NV,AWP,WE,Towers with Radar,0,9,16,0,25,0,22,186,5,213,0,31,202,5,238,399,0,399,637
11/06/2022,VGT,NV,AWP,WE,Towers with Radar,0,9,24,0,33,0,11,161,0,172,0,20,185,0,205,391,0,391,596
11/07/2022,VGT,NV,AWP,WE,Towers with Radar,0,5,18,0,23,0,2,19,2,23,0,7,37,2,46,71,0,71,117
11/08/2022,VGT,NV,AWP,WE,Towers with Radar,0,2,6,0,8,0,0,19,2,21,0,2,25,2,29,187,0,187,216
11/09/2022,VGT,NV,AWP,WE,Towers with Radar,0,6,14,1,21,0,6,123,3,132,0,12,137,4,153,440,0,440,593
11/10/2022,VGT,NV,AWP,WE,Towers with Radar,0,7,24,0,31,0,8,163,1,172,0,15,187,1,203,434,0,434,637
11/11/2022,VGT,NV,AWP,WE,Towers with Radar,0,19,13,0,32,0,16,187,0,203,0,35,200,0,235,587,0,587,822
11/12/2022,VGT,NV,AWP,WE,Towers with Radar,0,8,17,0,25,0,19,268,2,289,0,27,285,2,314,432,0,432,746
11/13/2022,VGT,NV,AWP,WE,Towers with Radar,0,14,11,0,25,0,14,63,0,77,0,28,74,0,102,132,0,132,234
11/14/2022,VGT,NV,AWP,WE,Towers with Radar,0,10,20,0,30,0,23,155,3,181,0,33,175,3,211,611,0,611,822
11/15/2022,VGT,NV,AWP,WE,Towers with Radar,0,2,13,1,16,0,8,118,7,133,0,10,131,8,149,406,0,406,555
11/16/2022,VGT,NV,AWP,WE,Towers with Radar,1,7,23,0,31,0,6,123,9,138,1,13,146,9,169,288,0,288,457
11/17/2022,VGT,NV,AWP,WE,Towers with Radar,0,13,11,0,24,0,26,198,10,234,0,39,209,10,258,573,0,573,831
11/18/2022,VGT,NV,AWP,WE,Towers with Radar,0,11,19,0,30,0,14,183,5,202,0,25,202,5,232,302,6,308,540
11/19/2022,VGT,NV,AWP,WE,Towers with Radar,0,12,20,0,32,0,24,175,1,200,0,36,195,1,232,20,0,20,252
11/20/2022,VGT,NV,AWP,WE,Towers with Radar,0,6,17,0,23,0,10,228,3,241,0,16,245,3,264,22,0,22,286
11/21/2022,VGT,NV,AWP,WE,Towers with Radar,0,8,10,1,19,0,39,241,4,284,0,47,251,5,303,20,0,20,323
11/22/2022,VGT,NV,AWP,WE,Towers with Radar,0,15,9,1,25,0,21,217,8,246,0,36,226,9,271,7,0,7,278
11/23/2022,VGT,NV,AWP,WE,Towers with Radar,0,12,16,0,28,0,21,167,3,191,0,33,183,3,219,8,0,8,227
11/24/2022,VGT,NV,AWP,WE,Towers with Radar,0,4,2,0,6,0,5,55,2,62,0,9,57,2,68,0,0,0,68
11/25/2022,VGT,NV,AWP,WE,Towers with Radar,0,2,7,0,9,0,29,221,1,251,0,31,228,1,260,2,0,2,262
11/26/2022,VGT,NV,AWP,WE,Towers with Radar,0,16,19,0,35,0,22,213,3,238,0,38,232,3,273,3,0,3,276
11/27/2022,VGT,NV,AWP,WE,Towers with Radar,0,15,25,0,40,0,19,201,0,220,0,34,226,0,260,0,0,0,260
11/28/2022,VGT,NV,AWP,WE,Towers with Radar,0,12,10,1,23,0,7,184,2,193,0,19,194,3,216,0,0,0,216
11/29/2022,VGT,NV,AWP,WE,Towers with Radar,0,8,14,1,23,0,8,207,3,218,0,16,221,4,241,0,0,0,241
11/30/2022,VGT,NV,AWP,WE,Towers with Radar,0,7,14,2,23,0,14,228,12,254,0,21,242,14,277,1,2,3,280
12/01/2022,VGT,NV,AWP,WE,Towers with Radar,0,13,19,2,34,0,6,127,9,142,0,19,146,11,176,2,0,2,178
12/02/2022,VGT,NV,AWP,WE,Towers with Radar,0,19,53,1,73,0,22,231,12,265,0,41,284,13,338,12,0,12,350
12/03/2022,VGT,NV,AWP,WE,Towers with Radar,0,8,33,1,42,0,25,316,0,341,0,33,349,1,383,2,0,2,385
12/04/2022,VGT,NV,AWP,WE,Towers with Radar,0,23,39,0,62,0,23,141,8,172,0,46,180,8,234,2,0,2,236
12/05/2022,VGT,NV,AWP,WE,Towers with Radar,0,16,33,0,49,0,27,209,6,242,0,43,242,6,291,2,0,2,293
12/06/2022,VGT,NV,AWP,WE,Towers with Radar,0,7,19,2,28,0,10,219,5,234,0,17,238,7,262,3,0,3,265
12/07/2022,VGT,NV,AWP,WE,Towers with Radar,0,6,25,1,32,0,6,132,14,152,0,12,157,15,184,8,0,8,192
12/08/2022,VGT,NV,AWP,WE,Towers with Radar,0,9,30,1,40,0,15,268,15,298,0,24,298,16,338,6,0,6,344
12/09/2022,VGT,NV,AWP,WE,Towers with Radar,0,20,23,0,43,0,10,252,8,270,0,30,275,8,313,6,0,6,319
12/10/2022,VGT,NV,AWP,WE,Towers with Radar,0,12,29,0,41,0,13,250,1,264,0,25,279,1,305,3,0,3,308
12/11/2022,VGT,NV,AWP,WE,Towers with Radar,0,16,31,0,47,0,6,66,5,77,0,22,97,5,124,4,0,4,128
12/12/2022,VGT,NV,AWP,WE,Towers with Radar,0,8,18,1,27,0,14,184,4,202,0,22,202,5,229,4,0,4,233
12/13/2022,VGT,NV,AWP,WE,Towers with Radar,0,9,9,0,18,0,11,169,5,185,0,20,178,5,203,4,0,4,207
12/14/2022,VGT,NV,AWP,WE,Towers with Radar,0,0,14,0,14,0,20,182,3,205,0,20,196,3,219,2,0,2,221
12/15/2022,VGT,NV,AWP,WE,Towers with Radar,0,7,8,0,15,0,15,224,6,245,0,22,232,6,260,8,0,8,268
12/16/2022,VGT,NV,AWP,WE,Towers with Radar,0,11,22,1,34,0,23,184,3,210,0,34,206,4,244,2,0,2,246
12/17/2022,VGT,NV,AWP,WE,Towers with Radar,0,10,28,0,38,0,36,206,0,242,0,46,234,0,280,8,0,8,288
12/18/2022,VGT,NV,AWP,WE,Towers with Radar,0,10,16,0,26,0,11,147,0,158,0,21,163,0,184,8,0,8,192
12/19/2022,VGT,NV,AWP,WE,Towers with Radar,0,15,11,1,27,0,28,188,1,217,0,43,199,2,244,6,0,6,250
12/20/2022,VGT,NV,AWP,WE,Towers with Radar,0,11,13,1,25,0,18,196,6,220,0,29,209,7,245,57,0,57,302
12/21/2022,VGT,NV,AWP,WE,Towers with Radar,0,17,13,0,30,0,23,148,5,176,0,40,161,5,206,76,0,76,282
12/22/2022,VGT,NV,AWP,WE,Towers with Radar,0,6,13,0,19,0,31,213,4,248,0,37,226,4,267,50,0,50,317
12/23/2022,VGT,NV,AWP,WE,Towers with Radar,0,16,13,0,29,0,13,186,0,199,0,29,199,0,228,60,0,60,288
12/24/2022,VGT,NV,AWP,WE,Towers with Radar,0,8,1,0,9,0,0,146,0,146,0,8,147,0,155,6,0,6,161
12/25/2022,VGT,NV,AWP,WE,Towers with Radar,0,6,7,0,13,0,0,58,0,58,0,6,65,0,71,0,0,0,71
12/26/2022,VGT,NV,AWP,WE,Towers with Radar,0,7,20,0,27,0,8,114,3,125,0,15,134,3,152,0,0,0,152
12/27/2022,VGT,NV,AWP,WE,Towers with Radar,0,9,6,0,15,0,9,65,2,76,0,18,71,2,91,27,0,27,118
12/28/2022,VGT,NV,AWP,WE,Towers with Radar,0,9,16,0,25,0,33,96,2,131,0,42,112,2,156,92,0,92,248
12/29/2022,VGT,NV,AWP,WE,Towers with Radar,0,9,13,0,22,0,34,161,1,196,0,43,174,1,218,149,0,149,367
12/30/2022,VGT,NV,AWP,WE,Towers with Radar,0,22,19,0,41,0,57,106,3,166,0,79,125,3,207,301,0,301,508
12/31/2022,VGT,NV,AWP,WE,Towers with Radar,0,10,12,1,23,0,35,69,0,104,0,45,81,1,127,100,0,100,227
01/01/2023,VGT,NV,AWP,WE,Towers with Radar,0,11,14,0,25,0,31,11,0,42,0,42,25,0,67,38,0,38,105
01/02/2023,VGT,NV,AWP,WE,Towers with Radar,0,15,21,0,36,0,42,186,2,230,0,57,207,2,266,106,0,106,372
01/03/2023,VGT,NV,AWP,WE,Towers with Radar,0,7,7,0,14,0,8,143,1,152,0,15,150,1,166,126,0,126,292
01/04/2023,VGT,NV,AWP,WE,Towers with Radar,0,15,14,0,29,0,6,53,6,65,0,21,67,6,94,50,0,50,144
01/05/2023,VGT,NV,AWP,WE,Towers with Radar,0,5,12,0,17,0,10,41,2,53,0,15,53,2,70,101,4,105,175
01/06/2023,VGT,NV,AWP,WE,Towers with Radar,0,18,19,0,37,0,30,221,1,252,0,48,240,1,289,190,0,190,479
01/07/2023,VGT,NV,AWP,WE,Towers with Radar,0,10,31,0,41,0,26,226,5,257,0,36,257,5,298,0,1,1,299
01/08/2023,VGT,NV,AWP,WE,Towers with Radar,0,15,23,0,38,0,13,148,2,163,0,28,171,2,201,153,0,153,354
01/09/2023,VGT,NV,AWP,WE,Towers with Radar,0,12,9,0,21,0,8,91,4,103,0,20,100,4,124,246,0,246,370
01/10/2023,VGT,NV,AWP,WE,Towers with Radar,0,8,6,0,14,0,2,38,0,40,0,10,44,0,54,104,0,104,158
01/11/2023,VGT,NV,AWP,WE,Towers with Radar,0,9,9,0,18,0,15,195,6,216,0,24,204,6,234,158,0,158,392
01/12/2023,VGT,NV,AWP,WE,Towers with Radar,0,12,17,0,29,0,16,187,7,210,0,28,204,7,239,132,0,132,371
01/13/2023,VGT,NV,AWP,WE,Towers with Radar,0,12,19,1,32,0,12,194,3,209,0,24,213,4,241,280,0,280,521
01/14/2023,VGT,NV,AWP,WE,Towers with Radar,0,9,24,0,33,0,19,120,0,139,0,28,144,0,172,305,0,305,477
01/15/2023,VGT,NV,AWP,WE,Towers with Radar,0,4,10,1,15,0,15,116,2,133,0,19,126,3,148,300,0,300,448
01/16/2023,VGT,NV,AWP,WE,Towers with Radar,0,17,21,0,38,0,1,26,1,28,0,18,47,1,66,102,0,102,168
01/17/2023,VGT,NV,AWP,WE,Towers with Radar,0,18,25,0,43,0,9,82,2,93,0,27,107,2,136,206,0,206,342
01/18/2023,VGT,NV,AWP,WE,Towers with Radar,0,4,15,1,20,0,9,199,14,222,0,13,214,15,242,268,10,278,520
01/19/2023,VGT,NV,AWP,WE,Towers with Radar,0,14,33,1,48,0,15,126,0,141,0,29,159,1,189,282,8,290,479
01/20/2023,VGT,NV,AWP,WE,Towers with Radar,0,16,26,0,42,0,11,115,1,127,0,27,141,1,169,0,0,0,169
01/21/2023,VGT,NV,AWP,WE,Towers with Radar,0,9,16,0,25,0,27,241,1,269,0,36,257,1,294,224,0,224,518
01/22/2023,VGT,NV,AWP,WE,Towers with Radar,0,9,15,0,24,0,6,125,2,133,0,15,140,2,157,187,0,187,344
01/23/2023,VGT,NV,AWP,WE,Towers with Radar,0,6,12,0,18,0,12,42,3,57,0,18,54,3,75,12,0,12,87
01/24/2023,VGT,NV,AWP,WE,Towers with Radar,0,8,6,0,14,0,2,137,7,146,0,10,143,7,160,199,0,199,359
01/25/2023,VGT,NV,AWP,WE,Towers with Radar,0,5,10,0,15,0,9,178,11,198,0,14,188,11,213,248,2,250,463
01/26/2023,VGT,NV,AWP,WE,Towers with Radar,0,14,15,1,30,0,10,174,9,193,0,24,189,10,223,222,0,222,445
01/27/2023,VGT,NV,AWP,WE,Towers with Radar,0,15,18,0,33,0,29,225,7,261,0,44,243,7,294,236,0,236,530
01/28/2023,VGT,NV,AWP,WE,Towers with Radar,0,7,13,0,20,0,29,273,4,306,0,36,286,4,326,171,0,171,497
01/29/2023,VGT,NV,AWP,WE,Towers with Radar,0,8,16,0,24,0,21,155,0,176,0,29,171,0,200,189,0,189,389
01/30/2023,VGT,NV,AWP,WE,Towers with Radar,0,30,68,0,98,0,7,41,0,48,0,37,109,0,146,169,0,169,315
01/31/2023,VGT,NV,AWP,WE,Towers with Radar,0,11,19,0,30,0,17,129,1,147,0,28,148,1,177,128,0,128,305
02/01/2023,VGT,NV,AWP,WE,Towers with Radar,0,18,34,2,54,0,20,190,8,218,0,38,224,10,272,183,0,183,455
02/02/2023,VGT,NV,AWP,WE,Towers with Radar,0,13,37,1,51,0,20,235,15,270,0,33,272,16,321,254,0,254,575
02/03/2023,VGT,NV,AWP,WE,Towers with Radar,0,18,20,1,39,0,16,238,8,262,0,34,258,9,301,186,0,186,487
02/04/2023,VGT,NV,AWP,WE,Towers with Radar,0,3,14,0,17,0,31,228,5,264,0,34,242,5,281,218,0,218,499
02/05/2023,VGT,NV,AWP,WE,Towers with Radar,0,16,17,0,33,0,18,68,1,87,0,34,85,1,120,52,0,52,172
02/06/2023,VGT,NV,AWP,WE,Towers with Radar,0,5,9,1,15,0,18,66,5,89,0,23,75,6,104,53,0,53,157
02/07/2023,VGT,NV,AWP,WE,Towers with Radar,0,10,14,1,25,0,12,155,5,172,0,22,169,6,197,100,0,100,297
02/08/2023,VGT,NV,AWP,WE,Towers with Radar,0,6,11,0,17,0,34,246,10,290,0,40,257,10,307,242,0,242,549
02/09/2023,VGT,NV,AWP,WE,Towers with Radar,0,13,14,1,28,0,8,177,10,195,0,21,191,11,223,275,0,275,498
02/10/2023,VGT,NV,AWP,WE,Towers with Radar,0,19,13,0,32,0,21,297,4,322,0,40,310,4,354,13,1,14,368
02/11/2023,VGT,NV,AWP,WE,Towers with Radar,0,10,23,0,33,0,37,288,3,328,0,47,311,3,361,167,0,167,528
02/12/2023,VGT,NV,AWP,WE,Towers with Radar,0,9,9,1,19,0,11,162,5,178,0,20,171,6,197,164,0,164,361
02/13/2023,VGT,NV,AWP,WE,Towers with Radar,0,9,18,5,32,0,18,204,7,229,0,27,222,12,261,261,2,263,524
02/14/2023,VGT,NV,AWP,WE,Towers with Radar,0,4,9,0,13,0,28,37,3,68,0,32,46,3,81,2,0,2,83
02/15/2023,VGT,NV,AWP,WE,Towers with Radar,0,11,15,1,27,0,23,37,12,72,0,34,52,13,99,2,0,2,101
02/16/2023,VGT,NV,AWP,WE,Towers with Radar,0,19,24,0,43,0,31,218,11,260,0,50,242,11,303,91,0,91,394
02/17/2023,VGT,NV,AWP,WE,Towers with Radar,1,14,24,0,39,0,24,269,9,302,1,38,293,9,341,4,1,5,346
02/18/2023,VGT,NV,AWP,WE,Towers with Radar,0,10,17,0,27,0,34,267,4,305,0,44,284,4,332,8,0,8,340
02/19/2023,VGT,NV,AWP,WE,Towers with Radar,1,5,16,0,22,0,14,211,7,232,1,19,227,7,254,70,0,70,324
02/20/2023,VGT,NV,AWP,WE,Towers with Radar,0,18,18,1,37,0,31,228,8,267,0,49,246,9,304,260,0,260,564
02/21/2023,VGT,NV,AWP,WE,Towers with Radar,0,8,13,1,22,0,6,88,6,100,0,14,101,7,122,164,0,164,286
02/22/2023,VGT,NV,AWP,WE,Towers with Radar,0,10,12,0,22,0,14,52,4,70,0,24,64,4,92,3,0,3,95
02/23/2023,VGT,NV,AWP,WE,Towers with Radar,0,9,9,0,18,0,16,85,6,107,0,25,94,6,125,18,0,18,143
02/24/2023,VGT,NV,AWP,WE,Towers with Radar,0,11,14,0,25,0,25,163,11,199,0,36,177,11,224,2,0,2,226
02/25/2023,VGT,NV,AWP,WE,Towers with Radar,0,11,14,0,25,0,5,79,0,84,0,16,93,0,109,6,0,6,115
02/26/2023,VGT,NV,AWP,WE,Towers with Radar,0,10,21,2,33,0,28,228,3,259,0,38,249,5,292,49,0,49,341
02/27/2023,VGT,NV,AWP,WE,Towers with Radar,0,10,8,2,20,0,6,113,3,122,0,16,121,5,142,33,0,33,175
02/28/2023,VGT,NV,AWP,WE,Towers with Radar,0,5,12,3,20,0,10,193,8,211,0,15,205,11,231,88,0,88,319
03/01/2023,VGT,NV,AWP,WE,Towers with Radar,0,9,13,1,23,0,2,56,2,60,0,11,69,3,83,16,0,16,99
03/02/2023,VGT,NV,AWP,WE,Towers with Radar,0,8,12,0,20,0,27,173,8,208,0,35,185,8,228,53,0,53,281
03/03/2023,VGT,NV,AWP,WE,Towers with Radar,0,17,23,1,41,0,28,377,6,411,0,45,400,7,452,10,0,10,462
03/04/2023,VGT,NV,AWP,WE,Towers with Radar,0,21,18,0,39,0,19,142,8,169,0,40,160,8,208,5,0,5,213
03/05/2023,VGT,NV,AWP,WE,Towers with Radar,0,13,8,1,22,0,20,64,1,85,0,33,72,2,107,13,0,13,120
03/06/2023,VGT,NV,AWP,WE,Towers with Radar,0,8,17,3,28,0,13,233,4,250,0,21,250,7,278,76,0,76,354
03/07/2023,VGT,NV,AWP,WE,Towers with Radar,0,9,15,2,26,0,10,304,5,319,0,19,319,7,345,4,0,4,349
03/08/2023,VGT,NV,AWP,WE,Towers with Radar,0,8,14,2,24,0,14,138,17,169,0,22,152,19,193,7,0,7,200
03/09/2023,VGT,NV,AWP,WE,Towers with Radar,0,16,20,2,38,0,22,324,19,365,0,38,344,21,403,55,0,55,458
03/10/2023,VGT,NV,AWP,WE,Towers with Radar,0,16,12,0,28,0,21,55,1,77,0,37,67,1,105,0,0,0,105
03/11/2023,VGT,NV,AWP,WE,Towers with Radar,0,17,15,0,32,0,15,156,1,172,0,32,171,1,204,143,0,143,347
03/12/2023,VGT,NV,AWP,WE,Towers with Radar,0,23,23,2,48,0,25,268,5,298,0,48,291,7,346,242,0,242,588
03/13/2023,VGT,NV,AWP,WE,Towers with Radar,0,19,26,1,46,0,17,291,6,314,0,36,317,7,360,64,0,64,424
03/14/2023,VGT,NV,AWP,WE,Towers with Radar,0,15,27,0,42,0,7,106,2,115,0,22,133,2,157,16,0,16,173
03/15/2023,VGT,NV,AWP,WE,Towers with Radar,0,10,28,0,38,0,4,10,3,17,0,14,38,3,55,1,0,1,56
03/16/2023,VGT,NV,AWP,WE,Towers with Radar,0,33,63,0,96,0,34,214,6,254,0,67,277,6,350,90,0,90,440
03/17/2023,VGT,NV,AWP,WE,Towers with Radar,0,21,57,1,79,0,23,230,8,261,0,44,287,9,340,55,0,55,395
03/18/2023,VGT,NV,AWP,WE,Towers with Radar,0,10,18,0,28,0,23,195,0,218,0,33,213,0,246,94,0,94,340
03/19/2023,VGT,NV,AWP,WE,Towers with Radar,0,17,18,0,35,0,40,112,1,153,0,57,130,1,188,70,0,70,258
03/20/2023,VGT,NV,AWP,WE,Towers with Radar,0,8,22,0,30,0,17,201,3,221,0,25,223,3,251,158,2,160,411
03/21/2023,VGT,NV,AWP,WE,Towers with Radar,0,7,16,0,23,0,3,12,0,15,0,10,28,0,38,150,0,150,188
03/22/2023,VGT,NV,AWP,WE,Towers with Radar,0,20,8,0,28,0,16,51,6,73,0,36,59,6,101,78,0,78,179
03/23/2023,VGT,NV,AWP,WE,Towers with Radar,0,14,25,0,39,0,24,190,3,217,0,38,215,3,256,270,0,270,526
03/24/2023,VGT,NV,AWP,WE,Towers with Radar,0,11,28,0,39,0,28,155,5,188,0,39,183,5,227,160,0,160,387
03/25/2023,VGT,NV,AWP,WE,Towers with Radar,0,15,23,0,38,0,32,249,4,285,0,47,272,4,323,16,0,16,339
03/26/2023,VGT,NV,AWP,WE,Towers with Radar,0,14,32,0,46,0,22,215,10,247,0,36,247,10,293,229,0,229,522
03/27/2023,VGT,NV,AWP,WE,Towers with Radar,0,10,16,0,26,0,32,211,4,247,0,42,227,4,273,135,0,135,408
03/28/2023,VGT,NV,AWP,WE,Towers with Radar,0,16,25,0,41,0,31,221,7,259,0,47,246,7,300,434,0,434,734
03/29/2023,VGT,NV,AWP,WE,Towers with Radar,0,14,12,0,26,0,23,58,2,83,0,37,70,2,109,126,0,126,235
03/30/2023,VGT,NV,AWP,WE,Towers with Radar,0,16,8,0,24,0,12,146,1,159,0,28,154,1,183,291,0,291,474
03/31/2023,VGT,NV,AWP,WE,Towers with Radar,0,16,25,0,41,0,37,268,5,310,0,53,293,5,351,221,0,221,572
04/01/2023,VGT,NV,AWP,WE,Towers with Radar,0,20,23,0,43,0,25,232,7,264,0,45,255,7,307,240,0,240,547
04/02/2023,VGT,NV,AWP,WE,Towers with Radar,0,11,21,0,32,0,19,164,3,186,0,30,185,3,218,69,0,69,287
04/03/2023,VGT,NV,AWP,WE,Towers with Radar,0,9,4,0,13,0,3,8,0,11,0,12,12,0,24,0,3,3,27
04/04/2023,VGT,NV,AWP,WE,Towers with Radar,0,10,5,0,15,0,31,52,8,91,0,41,57,8,106,48,0,48,154
04/05/2023,VGT,NV,AWP,WE,Towers with Radar,0,19,13,0,32,0,32,264,3,299,0,51,277,3,331,374,0,374,705
04/06/2023,VGT,NV,AWP,WE,Towers with Radar,0,18,19,2,39,0,34,225,7,266,0,52,244,9,305,152,0,152,457
04/07/2023,VGT,NV,AWP,WE,Towers with Radar,0,21,11,0,32,0,40,277,1,318,0,61,288,1,350,303,2,305,655
04/08/2023,VGT,NV,AWP,WE,Towers with Radar,0,11,10,0,21,0,42,236,5,283,0,53,246,5,304,230,42,272,576
04/09/2023,VGT,NV,AWP,WE,Towers with Radar,0,15,9,0,24,0,5,180,0,185,0,20,189,0,209,270,0,270,479
04/10/2023,VGT,NV,AWP,WE,Towers with Radar,0,16,16,0,32,0,22,225,3,250,0,38,241,3,282,438,0,438,720
04/11/2023,VGT,NV,AWP,WE,Towers with Radar,0,5,11,2,18,0,25,207,4,236,0,30,218,6,254,398,0,398,652
04/12/2023,VGT,NV,AWP,WE,Towers with Radar,0,11,13,0,24,0,30,84,7,121,0,41,97,7,145,171,0,171,316
04/13/2023,VGT,NV,AWP,WE,Towers with Radar,0,15,13,0,28,0,35,163,13,211,0,50,176,13,239,114,2,116,355
04/14/2023,VGT,NV,AWP,WE,Towers with Radar,0,20,19,0,39,0,39,289,11,339,0,59,308,11,378,335,0,335,713
04/15/2023,VGT,NV,AWP,WE,Towers with Radar,0,3,13,0,16,0,31,266,1,298,0,34,279,1,314,260,0,260,574
04/16/2023,VGT,NV,AWP,WE,Towers with Radar,0,23,13,0,36,0,22,251,1,274,0,45,264,1,310,149,0,149,459
04/17/2023,VGT,NV,AWP,WE,Towers with Radar,0,14,15,0,29,0,18,104,9,131,0,32,119,9,160,84,0,84,244
04/18/2023,VGT,NV,AWP,WE,Towers with Radar,0,17,13,0,30,0,12,69,8,89,0,29,82,8,119,154,0,154,273
04/19/2023,VGT,NV,AWP,WE,Towers with Radar,0,12,14,0,26,0,19,125,8,152,0,31,139,8,178,329,0,329,507
04/20/2023,VGT,NV,AWP,WE,Towers with Radar,0,20,21,0,41,0,31,281,6,318,0,51,302,6,359,309,0,309,668
04/21/2023,VGT,NV,AWP,WE,Towers with Radar,0,7,14,0,21,0,52,243,7,302,0,59,257,7,323,255,2,257,580
04/22/2023,VGT,NV,AWP,WE,Towers with Radar,0,15,12,0,27,0,38,269,1,308,0,53,281,1,335,282,0,282,617
04/23/2023,VGT,NV,AWP,WE,Towers with Radar,0,21,21,0,42,0,30,206,4,240,0,51,227,4,282,251,0,251,533
04/24/2023,VGT,NV,AWP,WE,Towers with Radar,0,11,13,0,24,0,28,174,3,205,0,39,187,3,229,282,0,282,511
04/25/2023,VGT,NV,AWP,WE,Towers with Radar,0,14,15,0,29,0,27,90,5,122,0,41,105,5,151,224,0,224,375
04/26/2023,VGT,NV,AWP,WE,Towers with Radar,0,12,13,0,25,0,24,248,7,279,0,36,261,7,304,485,0,485,789
04/27/2023,VGT,NV,AWP,WE,Towers with Radar,0,14,22,0,36,0,37,292,4,333,0,51,314,4,369,300,0,300,669
04/28/2023,VGT,NV,AWP,WE,Towers with Radar,0,23,28,1,52,0,34,181,0,215,0,57,209,1,267,222,0,222,489
04/29/2023,VGT,NV,AWP,WE,Towers with Radar,0,7,9,1,17,0,39,293,1,333,0,46,302,2,350,402,0,402,752
04/30/2023,VGT,NV,AWP,WE,Towers with Radar,0,20,24,2,46,0,34,195,0,229,0,54,219,2,275,304,0,304,579
05/01/2023,VGT,NV,AWP,WE,Towers with Radar,0,10,19,0,29,0,15,95,1,111,0,25,114,1,140,136,0,136,276
05/02/2023,VGT,NV,AWP,WE,Towers with Radar,0,12,19,0,31,0,26,133,6,165,0,38,152,6,196,302,0,302,498
05/03/2023,VGT,NV,AWP,WE,Towers with Radar,1,17,7,0,25,0,27,142,0,169,1,44,149,0,194,335,1,336,530
05/04/2023,VGT,NV,AWP,WE,Towers with Radar,0,17,18,0,35,0,27,102,8,137,0,44,120,8,172,110,0,110,282
05/05/2023,VGT,NV,AWP,WE,Towers with Radar,0,23,25,0,48,0,32,157,0,189,0,55,182,0,237,163,0,163,400
05/06/2023,VGT,NV,AWP,WE,Towers with Radar,0,10,15,0,25,0,32,133,0,165,0,42,148,0,190,270,0,270,460
05/07/2023,VGT,NV,AWP,WE,Towers with Radar,0,22,10,2,34,0,39,245,5,289,0,61,255,7,323,376,0,376,699
05/08/2023,VGT,NV,AWP,WE,Towers with Radar,0,8,15,0,23,0,20,178,1,199,0,28,193,1,222,193,2,195,417
05/09/2023,VGT,NV,AWP,WE,Towers with Radar,0,14,12,0,26,0,29,203,8,240,0,43,215,8,266,338,0,338,604
05/10/2023,VGT,NV,AWP,WE,Towers with Radar,0,7,14,0,21,0,8,196,4,208,0,15,210,4,229,227,0,227,456
05/11/2023,VGT,NV,AWP,WE,Towers with Radar,0,16,16,0,32,0,36,237,2,275,0,52,253,2,307,256,0,256,563
05/12/2023,VGT,NV,AWP,WE,Towers with Radar,0,18,17,0,35,0,28,234,1,263,0,46,251,1,298,318,0,318,616
05/13/2023,VGT,NV,AWP,WE,Towers with Radar,0,8,25,0,33,0,24,187,1,212,0,32,212,1,245,255,0,255,500
05/14/2023,VGT,NV,AWP,WE,Towers with Radar,0,21,10,0,31,0,30,152,0,182,0,51,162,0,213,311,0,311,524
05/15/2023,VGT,NV,AWP,WE,Towers with Radar,0,10,17,0,27,0,14,221,6,241,0,24,238,6,268,420,0,420,688
05/16/2023,VGT,NV,AWP,WE,Towers with Radar,0,10,11,0,21,0,24,142,10,176,0,34,153,10,197,335,0,335,532
05/17/2023,VGT,NV,AWP,WE,Towers with Radar,0,7,11,0,18,0,23,203,5,231,0,30,214,5,249,204,0,204,453
05/18/2023,VGT,NV,AWP,WE,Towers with Radar,0,19,20,0,39,0,39,268,6,313,0,58,288,6,352,390,0,390,742
05/19/2023,VGT,NV,AWP,WE,Towers with Radar,0,7,14,0,21,0,36,207,7,250,0,43,221,7,271,289,0,289,560
05/20/2023,VGT,NV,AWP,WE,Towers with Radar,0,18,14,0,32,0,22,244,3,269,0,40,258,3,301,323,0,323,624
05/21/2023,VGT,NV,AWP,WE,Towers with Radar,0,28,21,0,49,0,33,187,4,224,0,61,208,4,273,252,0,252,525
05/22/2023,VGT,NV,AWP,WE,Towers with Radar,0,18,13,0,31,0,27,203,7,237,0,45,216,7,268,311,1,312,580
05/23/2023,VGT,NV,AWP,WE,Towers with Radar,0,11,18,1,30,0,25,194,7,226,0,36,212,8,256,191,0,191,447
05/24/2023,VGT,NV,AWP,WE,Towers with Radar,0,13,23,0,36,0,28,149,10,187,0,41,172,10,223,69,0,69,292
05/25/2023,VGT,NV,AWP,WE,Towers with Radar,0,20,8,0,28,0,32,187,9,228,0,52,195,9,256,305,0,305,561
05/26/2023,VGT,NV,AWP,WE,Towers with Radar,0,10,26,0,36,0,13,207,8,228,0,23,233,8,264,254,0,254,518
05/27/2023,VGT,NV,AWP,WE,Towers with Radar,0,8,9,0,17,0,43,228,5,276,0,51,237,5,293,152,6,158,451
05/28/2023,VGT,NV,AWP,WE,Towers with Radar,0,10,8,0,18,0,27,135,3,165,0,37,143,3,183,251,0,251,434
05/29/2023,VGT,NV,AWP,WE,Towers with Radar,0,11,18,0,29,0,28,149,6,183,0,39,167,6,212,263,0,263,475
05/30/2023,VGT,NV,AWP,WE,Towers with Radar,0,13,9,1,23,0,23,161,1,185,0,36,170,2,208,345,0,345,553
05/31/2023,VGT,NV,AWP,WE,Towers with Radar,0,18,10,0,28,0,20,197,4,221,0,38,207,4,249,127,0,127,376
06/01/2023,VGT,NV,AWP,WE,Towers with Radar,0,19,10,0,29,0,23,189,8,220,0,42,199,8,249,288,0,288,537
06/02/2023,VGT,NV,AWP,WE,Towers with Radar,0,9,14,0,23,0,23,208,5,236,0,32,222,5,259,383,0,383,642
06/03/2023,VGT,NV,AWP,WE,Towers with Radar,0,14,17,0,31,0,25,202,2,229,0,39,219,2,260,350,0,350,610
06/04/2023,VGT,NV,AWP,WE,Towers with Radar,0,14,18,0,32,0,26,213,2,241,0,40,231,2,273,301,0,301,574
06/05/2023,VGT,NV,AWP,WE,Towers with Radar,0,11,14,0,25,0,18,145,3,166,0,29,159,3,191,307,0,307,498
06/06/2023,VGT,NV,AWP,WE,Towers with Radar,0,10,12,0,22,0,22,168,4,194,0,32,180,4,216,314,0,314,530
06/07/2023,VGT,NV,AWP,WE,Towers with Radar,0,6,6,0,12,0,25,149,4,178,0,31,155,4,190,497,0,497,687
06/08/2023,VGT,NV,AWP,WE,Towers with Radar,0,12,21,0,33,0,15,204,2,221,0,27,225,2,254,413,0,413,667
06/09/2023,VGT,NV,AWP,WE,Towers with Radar,0,9,22,0,31,0,15,204,4,223,0,24,226,4,254,319,0,319,573
06/10/2023,VGT,NV,AWP,WE,Towers with Radar,0,18,14,0,32,0,42,202,13,257,0,60,216,13,289,300,2,302,591
06/11/2023,VGT,NV,AWP,WE,Towers with Radar,0,11,14,2,27,0,20,133,6,159,0,31,147,8,186,166,0,166,352
06/12/2023,VGT,NV,AWP,WE,Towers with Radar,0,13,16,0,29,0,21,144,7,172,0,34,160,7,201,427,0,427,628
06/13/2023,VGT,NV,AWP,WE,Towers with Radar,0,13,11,0,24,0,31,239,17,287,0,44,250,17,311,388,4,392,703
06/14/2023,VGT,NV,AWP,WE,Towers with Radar,0,12,10,0,22,0,20,168,14,202,0,32,178,14,224,314,0,314,538
06/15/2023,VGT,NV,AWP,WE,Towers with Radar,0,19,10,0,29,0,29,201,5,235,0,48,211,5,264,403,0,403,667
06/16/2023,VGT,NV,AWP,WE,Towers with Radar,0,23,13,0,36,0,25,146,2,173,0,48,159,2,209,138,0,138,347
06/17/2023,VGT,NV,AWP,WE,Towers with Radar,0,16,6,0,22,0,36,225,5,266,0,52,231,5,288,344,0,344,632
06/18/2023,VGT,NV,AWP,WE,Towers with Radar,0,19,12,0,31,0,26,105,2,133,0,45,117,2,164,90,0,90,254
06/19/2023,VGT,NV,AWP,WE,Towers with Radar,0,17,5,0,22,0,32,43,0,75,0,49,48,0,97,12,0,12,109
06/20/2023,VGT,NV,AWP,WE,Towers with Radar,0,15,21,0,36,0,20,227,1,248,0,35,248,1,284,344,0,344,628
06/21/2023,VGT,NV,AWP,WE,Towers with Radar,0,14,15,0,29,0,28,244,0,272,0,42,259,0,301,146,0,146,447
06/22/2023,VGT,NV,AWP,WE,Towers with Radar,0,20,19,0,39,0,41,226,5,272,0,61,245,5,311,266,0,266,577
06/23/2023,VGT,NV,AWP,WE,Towers with Radar,1,18,11,1,31,0,45,236,3,284,1,63,247,4,315,331,0,331,646
06/24/2023,VGT,NV,AWP,WE,Towers with Radar,0,16,10,0,26,0,48,200,1,249,0,64,210,1,275,252,0,252,527
06/25/2023,VGT,NV,AWP,WE,Towers with Radar,0,15,13,0,28,0,24,182,0,206,0,39,195,0,234,177,2,179,413
06/26/2023,VGT,NV,AWP,WE,Towers with Radar,0,8,7,0,15,0,23,164,1,188,0,31,171,1,203,178,0,178,381
06/27/2023,VGT,NV,AWP,WE,Towers with Radar,0,10,10,0,20,0,107,214,4,325,0,117,224,4,345,300,0,300,645
06/28/2023,VGT,NV,AWP,WE,Towers with Radar,0,17,7,0,24,0,94,201,0,295,0,111,208,0,319,182,0,182,501
06/29/2023,VGT,NV,AWP,WE,Towers with Radar,0,20,19,0,39,0,85,217,3,305,0,105,236,3,344,252,0,252,596
06/30/2023,VGT,NV,AWP,WE,Towers with Radar,0,19,12,0,31,0,95,222,1,318,0,114,234,1,349,260,0,260,609
07/01/2023,VGT,NV,AWP,WE,Towers with Radar,0,14,12,0,26,0,91,134,3,228,0,105,146,3,254,226,0,226,480
07/02/2023,VGT,NV,AWP,WE,Towers with Radar,0,7,5,0,12,0,38,117,3,158,0,45,122,3,170,234,0,234,404
07/03/2023,VGT,NV,AWP,WE,Towers with Radar,0,4,7,0,11,0,38,114,1,153,0,42,121,1,164,340,0,340,504
07/04/2023,VGT,NV,AWP,WE,Towers with Radar,0,10,4,0,14,0,47,106,1,154,0,57,110,1,168,293,0,293,461
07/05/2023,VGT,NV,AWP,WE,Towers with Radar,0,21,10,0,31,0,48,160,0,208,0,69,170,0,239,330,0,330,569
07/06/2023,VGT,NV,AWP,WE,Towers with Radar,0,11,6,0,17,0,34,207,2,243,0,45,213,2,260,387,0,387,647
07/07/2023,VGT,NV,AWP,WE,Towers with Radar,0,13,17,0,30,0,45,178,2,225,0,58,195,2,255,463,0,463,718
07/08/2023,VGT,NV,AWP,WE,Towers with Radar,0,14,9,0,23,0,43,197,0,240,0,57,206,0,263,404,0,404,667
07/09/2023,VGT,NV,AWP,WE,Towers with Radar,0,14,6,0,20,0,37,120,2,159,0,51,126,2,179,171,4,175,354
07/10/2023,VGT,NV,AWP,WE,Towers with Radar,0,17,5,0,22,0,40,164,7,211,0,57,169,7,233,241,0,241,474
07/11/2023,VGT,NV,AWP,WE,Towers with Radar,0,11,11,0,22,0,31,179,8,218,0,42,190,8,240,300,0,300,540
07/12/2023,VGT,NV,AWP,WE,Towers with Radar,0,11,12,0,23,0,42,170,3,215,0,53,182,3,238,259,0,259,497
07/13/2023,VGT,NV,AWP,WE,Towers with Radar,0,16,3,0,19,0,46,195,8,249,0,62,198,8,268,339,0,339,607
07/14/2023,VGT,NV,AWP,WE,Towers with Radar,0,16,9,2,27,0,29,157,1,187,0,45,166,3,214,352,0,352,566
07/15/2023,VGT,NV,AWP,WE,Towers with Radar,0,13,3,0,16,0,31,143,2,176,0,44,146,2,192,290,0,290,482
07/16/2023,VGT,NV,AWP,WE,Towers with Radar,0,16,5,0,21,0,28,127,2,157,0,44,132,2,178,225,0,225,403
07/17/2023,VGT,NV,AWP,WE,Towers with Radar,0,14,4,0,18,0,19,155,2,176,0,33,159,2,194,228,0,228,422
07/18/2023,VGT,NV,AWP,WE,Towers with Radar,0,6,12,0,18,0,21,188,0,209,0,27,200,0,227,287,0,287,514
07/19/2023,VGT,NV,AWP,WE,Towers with Radar,0,6,11,0,17,0,26,137,7,170,0,32,148,7,187,343,0,343,530
07/20/2023,VGT,NV,AWP,WE,Towers with Radar,0,21,15,0,36,0,26,193,3,222,0,47,208,3,258,256,0,256,514
07/21/2023,VGT,NV,AWP,WE,Towers with Radar,0,13,6,0,19,0,24,174,0,198,0,37,180,0,217,338,0,338,555
07/22/2023,VGT,NV,AWP,WE,Towers with Radar,0,15,8,0,23,0,23,120,3,146,0,38,128,3,169,286,0,286,455
07/23/2023,VGT,NV,AWP,WE,Towers with Radar,0,17,17,0,34,0,17,108,2,127,0,34,125,2,161,249,4,253,414
07/24/2023,VGT,NV,AWP,WE,Towers with Radar,0,13,8,0,21,0,32,144,0,176,0,45,152,0,197,200,0,200,397
07/25/2023,VGT,NV,AWP,WE,Towers with Radar,0,15,5,0,20,0,43,156,2,201,0,58,161,2,221,385,0,385,606
07/26/2023,VGT,NV,AWP,WE,Towers with Radar,0,11,12,0,23,0,47,138,2,187,0,58,150,2,210,299,0,299,509
07/27/2023,VGT,NV,AWP,WE,Towers with Radar,0,10,16,0,26,0,32,133,4,169,0,42,149,4,195,307,0,307,502
07/28/2023,VGT,NV,AWP,WE,Towers with Radar,0,19,12,0,31,0,31,175,0,206,0,50,187,0,237,256,2,258,495
07/29/2023,VGT,NV,AWP,WE,Towers with Radar,0,10,17,0,27,0,27,128,1,156,0,37,145,1,183,304,0,304,487
07/30/2023,VGT,NV,AWP,WE,Towers with Radar,0,16,12,0,28,0,28,134,2,164,0,44,146,2,192,180,0,180,372
07/31/2023,VGT,NV,AWP,WE,Towers with Radar,0,13,10,0,23,0,27,105,7,139,0,40,115,7,162,312,0,312,474
08/01/2023,VGT,NV,AWP,WE,Towers with Radar,0,9,3,0,12,0,33,147,2,182,0,42,150,2,194,289,0,289,483
08/02/2023,VGT,NV,AWP,WE,Towers with Radar,0,5,9,0,14,0,33,150,4,187,0,38,159,4,201,503,0,503,704
08/03/2023,VGT,NV,AWP,WE,Towers with Radar,0,13,18,0,31,0,32,189,3,224,0,45,207,3,255,414,0,414,669
08/04/2023,VGT,NV,AWP,WE,Towers with Radar,0,12,15,0,27,0,48,193,3,244,0,60,208,3,271,356,0,356,627
08/05/2023,VGT,NV,AWP,WE,Towers with Radar,0,8,20,0,28,0,30,194,2,226,0,38,214,2,254,324,4,328,582
08/06/2023,VGT,NV,AWP,WE,Towers with Radar,0,12,16,1,29,0,23,174,5,202,0,35,190,6,231,286,0,286,517
08/07/2023,VGT,NV,AWP,WE,Towers with Radar,0,17,7,0,24,0,37,153,4,194,0,54,160,4,218,318,0,318,536
08/08/2023,VGT,NV,AWP,WE,Towers with Radar,0,17,13,0,30,0,23,152,4,179,0,40,165,4,209,338,0,338,547
08/09/2023,VGT,NV,AWP,WE,Towers with Radar,0,10,13,0,23,0,28,202,4,234,0,38,215,4,257,390,0,390,647
08/10/2023,VGT,NV,AWP,WE,Towers with Radar,0,16,18,0,34,0,52,148,4,204,0,68,166,4,238,324,0,324,562
08/11/2023,VGT,NV,AWP,WE,Towers with Radar,0,19,21,0,40,0,36,190,7,233,0,55,211,7,273,420,0,420,693
08/12/2023,VGT,NV,AWP,WE,Towers with Radar,0,6,10,0,16,0,54,208,2,264,0,60,218,2,280,394,0,394,674
08/13/2023,VGT,NV,AWP,WE,Towers with Radar,0,23,20,0,43,0,34,198,2,234,0,57,218,2,277,270,0,270,547
08/14/2023,VGT,NV,AWP,WE,Towers with Radar,0,22,6,0,28,0,37,198,3,238,0,59,204,3,266,535,0,535,801
08/15/2023,VGT,NV,AWP,WE,Towers with Radar,0,12,11,0,23,0,23,166,5,194,0,35,177,5,217,426,0,426,643
08/16/2023,VGT,NV,AWP,WE,Towers with Radar,0,16,9,2,27,0,23,189,8,220,0,39,198,10,247,405,0,405,652
08/17/2023,VGT,NV,AWP,WE,Towers with Radar,0,19,20,0,39,0,35,175,16,226,0,54,195,16,265,351,0,351,616
08/18/2023,VGT,NV,AWP,WE,Towers with Radar,0,13,12,0,25,0,23,131,1,155,0,36,143,1,180,302,0,302,482
08/19/2023,VGT,NV,AWP,WE,Towers with Radar,0,8,18,0,26,0,47,103,0,150,0,55,121,0,176,314,0,314,490
08/20/2023,VGT,NV,AWP,WE,Towers with Radar,0,12,10,0,22,0,0,28,0,28,0,12,38,0,50,16,0,16,66
08/21/2023,VGT,NV,AWP,WE,Towers with Radar,0,6,12,0,18,0,10,107,4,121,0,16,119,4,139,286,1,287,426
08/22/2023,VGT,NV,AWP,WE,Towers with Radar,0,14,15,1,30,0,50,263,14,327,0,64,278,15,357,549,0,549,906
08/23/2023,VGT,NV,AWP,WE,Towers with Radar,0,8,23,0,31,0,29,191,7,227,0,37,214,7,258,568,0,568,826
08/24/2023,VGT,NV,AWP,WE,Towers with Radar,0,17,12,0,29,0,35,247,3,285,0,52,259,3,314,354,0,354,668
08/25/2023,VGT,NV,AWP,WE,Towers with Radar,0,21,18,0,39,0,23,215,4,242,0,44,233,4,281,492,2,494,775
08/26/2023,VGT,NV,AWP,WE,Towers with Radar,0,14,7,0,21,0,45,255,3,303,0,59,262,3,324,318,0,318,642
08/27/2023,VGT,NV,AWP,WE,Towers with Radar,0,9,15,0,24,0,27,197,4,228,0,36,212,4,252,452,0,452,704
08/28/2023,VGT,NV,AWP,WE,Towers with Radar,0,11,8,0,19,0,38,154,2,194,0,49,162,2,213,526,0,526,739
08/29/2023,VGT,NV,AWP,WE,Towers with Radar,0,19,12,0,31,0,22,177,6,205,0,41,189,6,236,474,0,474,710
08/30/2023,VGT,NV,AWP,WE,Towers with Radar,0,8,11,0,19,0,25,169,6,200,0,33,180,6,219,341,0,341,560
08/31/2023,VGT,NV,AWP,WE,Towers with Radar,0,19,16,0,35,0,24,158,1,183,0,43,174,1,218,238,0,238,456
01/01/2020,VGT,NV,AWP,WE,Towers with Radar,1,4,4,0,9,0,64,108,0,172,1,68,112,0,181,196,0,196,377
01/02/2020,VGT,NV,AWP,WE,Towers with Radar,0,2,6,0,8,0,72,86,0,158,0,74,92,0,166,138,0,138,304
01/03/2020,VGT,NV,AWP,WE,Towers with Radar,0,12,11,0,23,0,92,161,4,257,0,104,172,4,280,524,0,524,804
01/04/2020,VGT,NV,AWP,WE,Towers with Radar,0,9,11,0,20,0,87,193,0,280,0,96,204,0,300,350,0,350,650
01/05/2020,VGT,NV,AWP,WE,Towers with Radar,0,2,13,0,15,0,41,171,0,212,0,43,184,0,227,264,0,264,491
01/06/2020,VGT,NV,AWP,WE,Towers with Radar,0,3,11,0,14,0,44,122,1,167,0,47,133,1,181,324,0,324,505
01/07/2020,VGT,NV,AWP,WE,Towers with Radar,0,6,15,1,22,0,22,152,1,175,0,28,167,2,197,472,0,472,669
01/08/2020,VGT,NV,AWP,WE,Towers with Radar,0,4,14,0,18,0,25,156,7,188,0,29,170,7,206,378,0,378,584
01/09/2020,VGT,NV,AWP,WE,Towers with Radar,0,1,25,0,26,0,40,160,2,202,0,41,185,2,228,450,2,452,680
01/10/2020,VGT,NV,AWP,WE,Towers with Radar,1,3,26,0,30,0,56,148,3,207,1,59,174,3,237,298,2,300,537
01/11/2020,VGT,NV,AWP,WE,Towers with Radar,0,5,20,0,25,0,70,284,3,357,0,75,304,3,382,500,0,500,882
01/12/2020,VGT,NV,AWP,WE,Towers with Radar,0,1,19,0,20,0,43,124,4,171,0,44,143,4,191,316,0,316,507
01/13/2020,VGT,NV,AWP,WE,Towers with Radar,0,4,11,0,15,0,16,150,0,166,0,20,161,0,181,436,0,436,617
01/14/2020,VGT,NV,AWP,WE,Towers with Radar,0,5,11,0,16,0,47,143,1,191,0,52,154,1,207,574,0,574,781
01/15/2020,VGT,NV,AWP,WE,Towers with Radar,0,11,6,0,17,0,87,191,2,280,0,98,197,2,297,554,6,560,857
01/16/2020,VGT,NV,AWP,WE,Towers with Radar,0,12,13,0,25,0,60,140,1,201,0,72,153,1,226,448,0,448,674
01/17/2020,VGT,NV,AWP,WE,Towers with Radar,0,6,17,0,23,0,52,135,1,188,0,58,152,1,211,264,0,264,475
01/18/2020,VGT,NV,AWP,WE,Towers with Radar,0,9,7,0,16,0,94,215,3,312,0,103,222,3,328,332,0,332,660
01/19/2020,VGT,NV,AWP,WE,Towers with Radar,0,5,9,0,14,0,51,209,1,261,0,56,218,1,275,364,0,364,639
01/20/2020,VGT,NV,AWP,WE,Towers with Radar,0,17,22,0,39,0,53,133,1,187,0,70,155,1,226,392,0,392,618
01/21/2020,VGT,NV,AWP,WE,Towers with Radar,1,8,27,0,36,0,25,147,2,174,1,33,174,2,210,460,0,460,670
01/22/2020,VGT,NV,AWP,WE,Towers with Radar,1,3,17,0,21,0,38,201,4,243,1,41,218,4,264,408,2,410,674
01/23/2020,VGT,NV,AWP,WE,Towers with Radar,0,7,18,1,26,0,54,168,3,225,0,61,186,4,251,680,0,680,931
01/24/2020,VGT,NV,AWP,WE,Towers with Radar,0,6,20,0,26,0,47,210,2,259,0,53,230,2,285,374,0,374,659
01/25/2020,VGT,NV,AWP,WE,Towers with Radar,0,4,12,0,16,0,84,219,7,310,0,88,231,7,326,429,5,434,760
01/26/2020,VGT,NV,AWP,WE,Towers with Radar,0,5,7,0,12,0,59,162,4,225,0,64,169,4,237,466,0,466,703
01/27/2020,VGT,NV,AWP,WE,Towers with Radar,0,12,9,0,21,0,28,104,8,140,0,40,113,8,161,244,0,244,405
01/28/2020,VGT,NV,AWP,WE,Towers with Radar,0,8,11,1,20,0,16,149,2,167,0,24,160,3,187,620,0,620,807
01/29/2020,VGT,NV,AWP,WE,Towers with Radar,0,11,15,0,26,0,24,47,0,71,0,35,62,0,97,114,0,114,211
01/30/2020,VGT,NV,AWP,WE,Towers with Radar,0,5,18,1,24,0,63,182,8,253,0,68,200,9,277,594,0,594,871
01/31/2020,VGT,NV,AWP,WE,Towers with Radar,0,4,16,0,20,0,33,165,4,202,0,37,181,4,222,416,0,416,638
02/01/2020,VGT,NV,AWP,WE,Towers with Radar,0,3,24,0,27,0,46,184,4,234,0,49,208,4,261,463,0,463,724
02/02/2020,VGT,NV,AWP,WE,Towers with Radar,0,4,8,1,13,0,5,128,1,134,0,9,136,2,147,276,0,276,423
02/03/2020,VGT,NV,AWP,WE,Towers with Radar,0,7,7,1,15,0,19,42,0,61,0,26,49,1,76,44,0,44,120
02/04/2020,VGT,NV,AWP,WE,Towers with Radar,0,0,8,0,8,0,12,46,0,58,0,12,54,0,66,134,0,134,200
02/05/2020,VGT,NV,AWP,WE,Towers with Radar,0,4,11,0,15,0,17,173,6,196,0,21,184,6,211,650,0,650,861
02/06/2020,VGT,NV,AWP,WE,Towers with Radar,0,4,14,0,18,0,19,175,4,198,0,23,189,4,216,546,0,546,762
02/07/2020,VGT,NV,AWP,WE,Towers with Radar,0,1,21,0,22,0,41,233,21,295,0,42,254,21,317,602,0,602,919
02/08/2020,VGT,NV,AWP,WE,Towers with Radar,0,3,16,0,19,0,58,212,8,278,0,61,228,8,297,510,14,524,821
02/09/2020,VGT,NV,AWP,WE,Towers with Radar,0,6,20,0,26,0,15,40,3,58,0,21,60,3,84,112,0,112,196
02/10/2020,VGT,NV,AWP,WE,Towers with Radar,0,3,5,0,8,0,18,59,6,83,0,21,64,6,91,66,0,66,157
02/11/2020,VGT,NV,AWP,WE,Towers with Radar,0,2,11,0,13,0,36,62,10,108,0,38,73,10,121,186,0,186,307
02/12/2020,VGT,NV,AWP,WE,Towers with Radar,0,6,13,1,20,0,28,219,18,265,0,34,232,19,285,587,4,591,876
02/13/2020,VGT,NV,AWP,WE,Towers with Radar,1,6,20,0,27,0,43,236,8,287,1,49,256,8,314,716,2,718,1032
02/14/2020,VGT,NV,AWP,WE,Towers with Radar,1,5,16,0,22,0,69,224,9,302,1,74,240,9,324,406,0,406,730
02/15/2020,VGT,NV,AWP,WE,Towers with Radar,0,3,10,0,13,0,51,225,6,282,0,54,235,6,295,508,0,508,803
02/16/2020,VGT,NV,AWP,WE,Towers with Radar,0,5,25,0,30,0,46,155,3,204,0,51,180,3,234,462,0,462,696
02/17/2020,VGT,NV,AWP,WE,Towers with Radar,0,9,13,0,22,0,32,175,5,212,0,41,188,5,234,400,0,400,634
02/18/2020,VGT,NV,AWP,WE,Towers with Radar,0,6,12,1,19,0,38,130,8,176,0,44,142,9,195,344,6,350,545
02/19/2020,VGT,NV,AWP,WE,Towers with Radar,0,7,8,3,18,0,53,115,8,176,0,60,123,11,194,386,0,386,580
02/20/2020,VGT,NV,AWP,WE,Towers with Radar,0,4,14,0,18,0,6,39,4,49,0,10,53,4,67,80,0,80,147
02/21/2020,VGT,NV,AWP,WE,Towers with Radar,0,3,5,0,8,0,30,86,5,121,0,33,91,5,129,80,0,80,209
02/22/2020,VGT,NV,AWP,WE,Towers with Radar,0,2,6,0,8,0,48,53,5,106,0,50,59,5,114,270,0,270,384
02/23/2020,VGT,NV,AWP,WE,Towers with Radar,0,3,16,0,19,0,39,197,2,238,0,42,213,2,257,414,0,414,671
02/24/2020,VGT,NV,AWP,WE,Towers with Radar,0,3,14,0,17,0,21,114,3,138,0,24,128,3,155,242,0,242,397
02/25/2020,VGT,NV,AWP,WE,Towers with Radar,0,7,8,0,15,0,26,78,1,105,0,33,86,1,120,222,0,222,342
02/26/2020,VGT,NV,AWP,WE,Towers with Radar,0,2,20,1,23,0,38,181,8,227,0,40,201,9,250,520,0,520,770
02/27/2020,VGT,NV,AWP,WE,Towers with Radar,0,0,18,0,18,0,58,202,19,279,0,58,220,19,297,612,0,612,909
02/28/2020,VGT,NV,AWP,WE,Towers with Radar,0,3,21,0,24,0,45,245,5,295,0,48,266,5,319,551,0,551,870
02/29/2020,VGT,NV,AWP,WE,Towers with Radar,0,1,11,0,12,0,63,224,8,295,0,64,235,8,307,494,10,504,811
03/01/2020,VGT,NV,AWP,WE,Towers with Radar,0,2,8,0,10,0,20,36,1,57,0,22,44,1,67,28,0,28,95
03/02/2020,VGT,NV,AWP,WE,Towers with Radar,0,6,15,0,21,0,42,40,1,83,0,48,55,1,104,114,0,114,218
03/03/2020,VGT,NV,AWP,WE,Towers with Radar,0,6,11,1,18,0,22,103,0,125,0,28,114,1,143,206,0,206,349
03/04/2020,VGT,NV,AWP,WE,Towers with Radar,0,2,6,1,9,0,30,236,4,270,0,32,242,5,279,698,4,702,981
03/05/2020,VGT,NV,AWP,WE,Towers with Radar,0,3,12,2,17,0,45,253,4,302,0,48,265,6,319,640,6,646,965
03/06/2020,VGT,NV,AWP,WE,Towers with Radar,0,3,20,0,23,0,39,239,8,286,0,42,259,8,309,546,0,546,855
03/07/2020,VGT,NV,AWP,WE,Towers with Radar,0,5,14,0,19,0,36,123,3,162,0,41,137,3,181,218,0,218,399
03/08/2020,VGT,NV,AWP,WE,Towers with Radar,0,4,19,0,23,0,24,135,7,166,0,28,154,7,189,148,0,148,337
03/09/2020,VGT,NV,AWP,WE,Towers with Radar,0,5,18,1,24,0,25,181,9,215,0,30,199,10,239,454,0,454,693
03/10/2020,VGT,NV,AWP,WE,Towers with Radar,0,10,36,0,46,0,1,54,0,55,0,11,90,0,101,322,0,322,423
03/11/2020,VGT,NV,AWP,WE,Towers with Radar,0,7,45,0,52,0,11,86,3,100,0,18,131,3,152,482,0,482,634
03/12/2020,VGT,NV,AWP,WE,Towers with Radar,0,4,27,0,31,0,3,161,2,166,0,7,188,2,197,406,0,406,603
03/13/2020,VGT,NV,AWP,WE,Towers with Radar,0,6,39,0,45,0,25,44,1,70,0,31,83,1,115,60,0,60,175
03/14/2020,VGT,NV,AWP,WE,Towers with Radar,0,3,20,0,23,0,38,101,0,139,0,41,121,0,162,122,0,122,284
03/15/2020,VGT,NV,AWP,WE,Towers with Radar,0,3,14,0,17,0,43,130,1,174,0,46,144,1,191,232,0,232,423
03/16/2020,VGT,NV,AWP,WE,Towers with Radar,0,5,6,0,11,0,7,120,5,132,0,12,126,5,143,372,66,438,581
03/17/2020,VGT,NV,AWP,WE,Towers with Radar,0,2,12,0,14,0,7,92,0,99,0,9,104,0,113,272,0,272,385
03/18/2020,VGT,NV,AWP,WE,Towers with Radar,0,2,5,0,7,0,4,110,8,122,0,6,115,8,129,488,12,500,629
03/19/2020,VGT,NV,AWP,WE,Towers with Radar,0,4,9,0,13,0,2,128,1,131,0,6,137,1,144,350,6,356,500
03/20/2020,VGT,NV,AWP,WE,Towers with Radar,0,9,11,1,21,0,4,89,3,96,0,13,100,4,117,354,0,354,471
03/21/2020,VGT,NV,AWP,WE,Towers with Radar,0,1,12,0,13,0,2,199,1,202,0,3,211,1,215,376,0,376,591
03/22/2020,VGT,NV,AWP,WE,Towers with Radar,0,0,10,0,10,0,0,128,2,130,0,0,138,2,140,240,0,240,380
03/23/2020,VGT,NV,AWP,WE,Towers with Radar,0,4,8,0,12,0,1,43,2,46,0,5,51,2,58,190,0,190,248
03/24/2020,VGT,NV,AWP,WE,Towers with Radar,0,0,5,0,5,0,4,87,1,92,0,4,92,1,97,218,8,226,323
03/25/2020,VGT,NV,AWP,WE,Towers with Radar,0,6,6,0,12,0,1,32,0,33,0,7,38,0,45,82,0,82,127
03/26/2020,VGT,NV,AWP,WE,Towers with Radar,0,8,6,0,14,0,4,104,0,108,0,12,110,0,122,156,0,156,278
03/27/2020,VGT,NV,AWP,WE,Towers with Radar,0,4,5,1,10,0,2,72,4,78,0,6,77,5,88,124,0,124,212
03/28/2020,VGT,NV,AWP,WE,Towers with Radar,0,0,5,0,5,0,1,215,0,216,0,1,220,0,221,356,0,356,577
03/29/2020,VGT,NV,AWP,WE,Towers with Radar,0,0,4,0,4,0,0,107,0,107,0,0,111,0,111,14,0,14,125
03/30/2020,VGT,NV,AWP,WE,Towers with Radar,0,5,15,0,20,0,2,181,1,184,0,7,196,1,204,20,0,20,224
03/31/2020,VGT,NV,AWP,WE,Towers with Radar,0,0,2,1,3,0,0,121,11,132,0,0,123,12,135,336,0,336,471
04/01/2020,VGT,NV,AWP,WE,Towers with Radar,0,3,10,0,13,0,1,100,0,101,0,4,110,0,114,358,0,358,472
04/02/2020,VGT,NV,AWP,WE,Towers with Radar,0,0,3,1,4,0,0,51,2,53,0,0,54,3,57,192,0,192,249
04/03/2020,VGT,NV,AWP,WE,Towers with Radar,0,0,10,0,10,0,5,227,0,232,0,5,237,0,242,364,0,364,606
04/04/2020,VGT,NV,AWP,WE,Towers with Radar,0,0,7,0,7,0,4,130,0,134,0,4,137,0,141,202,0,202,343
04/05/2020,VGT,NV,AWP,WE,Towers with Radar,0,0,0,0,0,0,4,29,0,33,0,4,29,0,33,26,0,26,59
04/06/2020,VGT,NV,AWP,WE,Towers with Radar,0,4,1,0,5,0,2,57,3,62,0,6,58,3,67,194,0,194,261
04/07/2020,VGT,NV,AWP,WE,Towers with Radar,0,0,2,0,2,0,0,37,4,41,0,0,39,4,43,86,0,86,129
04/08/2020,VGT,NV,AWP,WE,Towers with Radar,0,2,1,0,3,0,0,53,1,54,0,2,54,1,57,180,0,180,237
04/09/2020,VGT,NV,AWP,WE,Towers with Radar,0,0,3,0,3,0,0,85,3,88,0,0,88,3,91,200,0,200,291
04/10/2020,VGT,NV,AWP,WE,Towers with Radar,0,0,7,0,7,0,0,71,0,71,0,0,78,0,78,266,0,266,344
04/11/2020,VGT,NV,AWP,WE,Towers with Radar,0,0,12,0,12,0,0,159,0,159,0,0,171,0,171,158,0,158,329
04/12/2020,VGT,NV,AWP,WE,Towers with Radar,0,0,0,0,0,0,0,65,0,65,0,0,65,0,65,92,0,92,157
04/13/2020,VGT,NV,AWP,WE,Towers with Radar,0,2,6,0,8,0,1,83,0,84,0,3,89,0,92,122,0,122,214
04/14/2020,VGT,NV,AWP,WE,Towers with Radar,0,0,7,0,7,0,0,108,0,108,0,0,115,0,115,212,0,212,327
04/15/2020,VGT,NV,AWP,WE,Towers with Radar,0,3,4,0,7,0,1,142,0,143,0,4,146,0,150,234,0,234,384
04/16/2020,VGT,NV,AWP,WE,Towers with Radar,0,1,5,0,6,0,3,109,2,114,0,4,114,2,120,214,0,214,334
04/17/2020,VGT,NV,AWP,WE,Towers with Radar,0,0,4,0,4,0,1,131,1,133,0,1,135,1,137,220,0,220,357
04/18/2020,VGT,NV,AWP,WE,Towers with Radar,0,0,2,0,2,0,0,90,0,90,0,0,92,0,92,198,0,198,290
04/19/2020,VGT,NV,AWP,WE,Towers with Radar,0,0,3,0,3,0,0,99,0,99,0,0,102,0,102,186,0,186,288
04/20/2020,VGT,NV,AWP,WE,Towers with Radar,0,3,4,0,7,0,2,107,3,112,0,5,111,3,119,276,0,276,395
04/21/2020,VGT,NV,AWP,WE,Towers with Radar,0,2,4,2,8,0,0,106,1,107,0,2,110,3,115,338,0,338,453
04/22/2020,VGT,NV,AWP,WE,Towers with Radar,0,0,5,2,7,0,0,97,1,98,0,0,102,3,105,260,0,260,365
04/23/2020,VGT,NV,AWP,WE,Towers with Radar,0,3,8,1,12,0,3,110,8,121,0,6,118,9,133,50,0,50,183
04/24/2020,VGT,NV,AWP,WE,Towers with Radar,0,0,8,0,8,0,5,180,0,185,0,5,188,0,193,344,0,344,537
04/25/2020,VGT,NV,AWP,WE,Towers with Radar,0,2,1,0,3,0,4,233,0,237,0,6,234,0,240,332,0,332,572
04/26/2020,VGT,NV,AWP,WE,Towers with Radar,0,7,2,0,9,0,0,137,1,138,0,7,139,1,147,218,0,218,365
04/27/2020,VGT,NV,AWP,WE,Towers with Radar,0,1,7,0,8,0,1,140,4,145,0,2,147,4,153,352,0,352,505
04/28/2020,VGT,NV,AWP,WE,Towers with Radar,0,5,4,0,9,0,2,135,2,139,0,7,139,2,148,352,0,352,500
04/29/2020,VGT,NV,AWP,WE,Towers with Radar,0,0,12,0,12,1,0,151,10,162,1,0,163,10,174,308,0,308,482
04/30/2020,VGT,NV,AWP,WE,Towers with Radar,0,3,4,1,8,0,0,91,3,94,0,3,95,4,102,322,0,322,424
05/01/2020,VGT,NV,AWP,WE,Towers with Radar,0,6,7,0,13,0,0,152,7,159,0,6,159,7,172,252,0,252,424
05/02/2020,VGT,NV,AWP,WE,Towers with Radar,0,2,12,0,14,0,2,213,1,216,0,4,225,1,230,306,0,306,536
05/03/2020,VGT,NV,AWP,WE,Towers with Radar,0,5,3,0,8,0,2,183,0,185,0,7,186,0,193,258,0,258,451
05/04/2020,VGT,NV,AWP,WE,Towers with Radar,0,7,3,0,10,0,0,124,5,129,0,7,127,5,139,196,0,196,335
05/05/2020,VGT,NV,AWP,WE,Towers with Radar,0,0,11,0,11,0,2,177,1,180,0,2,188,1,191,372,0,372,563
05/06/2020,VGT,NV,AWP,WE,Towers with Radar,0,2,6,0,8,0,0,150,1,151,0,2,156,1,159,300,0,300,459
05/07/2020,VGT,NV,AWP,WE,Towers with Radar,0,3,9,0,12,0,3,127,0,130,0,6,136,0,142,368,0,368,510
05/08/2020,VGT,NV,AWP,WE,Towers with Radar,0,6,10,0,16,0,0,148,5,153,0,6,158,5,169,356,0,356,525
05/09/2020,VGT,NV,AWP,WE,Towers with Radar,0,0,5,0,5,0,0,169,0,169,0,0,174,0,174,288,0,288,462
05/10/2020,VGT,NV,AWP,WE,Towers with Radar,0,6,2,0,8,0,4,99,2,105,0,10,101,2,113,212,0,212,325
05/11/2020,VGT,NV,AWP,WE,Towers with Radar,0,4,4,1,9,0,1,60,7,68,0,5,64,8,77,166,10,176,253
05/12/2020,VGT,NV,AWP,WE,Towers with Radar,0,1,4,0,5,0,0,11,1,12,0,1,15,1,17,36,0,36,53
05/13/2020,VGT,NV,AWP,WE,Towers with Radar,0,1,4,1,6,0,0,122,1,123,0,1,126,2,129,340,2,342,471
05/14/2020,VGT,NV,AWP,WE,Towers with Radar,0,0,24,0,24,0,0,129,1,130,0,0,153,1,154,448,0,448,602
05/15/2020,VGT,NV,AWP,WE,Towers with Radar,0,3,6,0,9,0,3,147,0,150,0,6,153,0,159,454,0,454,613
05/16/2020,VGT,NV,AWP,WE,Towers with Radar,0,5,10,0,15,0,5,147,0,152,0,10,157,0,167,427,0,427,594
05/17/2020,VGT,NV,AWP,WE,Towers with Radar,0,0,14,0,14,0,2,73,0,75,0,2,87,0,89,158,0,158,247
05/18/2020,VGT,NV,AWP,WE,Towers with Radar,0,7,2,0,9,0,3,53,4,60,0,10,55,4,69,80,0,80,149
05/19/2020,VGT,NV,AWP,WE,Towers with Radar,1,6,10,0,17,0,1,60,4,65,1,7,70,4,82,60,0,60,142
05/20/2020,VGT,NV,AWP,WE,Towers with Radar,0,4,11,0,15,0,5,190,3,198,0,9,201,3,213,462,0,462,675
05/21/2020,VGT,NV,AWP,WE,Towers with Radar,1,3,7,0,11,0,9,257,5,271,1,12,264,5,282,420,0,420,702
05/22/2020,VGT,NV,AWP,WE,Towers with Radar,0,10,14,0,24,0,2,87,1,90,0,12,101,1,114,190,0,190,304
05/23/2020,VGT,NV,AWP,WE,Towers with Radar,0,3,6,0,9,0,0,92,1,93,0,3,98,1,102,214,0,214,316
05/24/2020,VGT,NV,AWP,WE,Towers with Radar,0,2,18,0,20,0,4,172,11,187,0,6,190,11,207,250,4,254,461
05/25/2020,VGT,NV,AWP,WE,Towers with Radar,0,3,11,0,14,0,1,148,4,153,0,4,159,4,167,266,0,266,433
05/26/2020,VGT,NV,AWP,WE,Towers with Radar,0,7,12,0,19,0,2,211,2,215,0,9,223,2,234,432,0,432,666
05/27/2020,VGT,NV,AWP,WE,Towers with Radar,0,3,15,0,18,0,2,179,7,188,0,5,194,7,206,452,0,452,658
05/28/2020,VGT,NV,AWP,WE,Towers with Radar,0,2,12,0,14,0,1,135,3,139,0,3,147,3,153,297,0,297,450
05/29/2020,VGT,NV,AWP,WE,Towers with Radar,0,3,7,0,10,0,3,83,0,86,0,6,90,0,96,226,4,230,326
05/30/2020,VGT,NV,AWP,WE,Towers with Radar,0,3,7,0,10,0,2,47,1,50,0,5,54,1,60,256,0,256,316
05/31/2020,VGT,NV,AWP,WE,Towers with Radar,0,0,11,0,11,0,4,107,0,111,0,4,118,0,122,260,0,260,382
06/01/2020,VGT,NV,AWP,WE,Towers with Radar,0,0,8,0,8,0,7,106,0,113,0,7,114,0,121,330,0,330,451
06/02/2020,VGT,NV,AWP,WE,Towers with Radar,0,1,3,0,4,0,0,193,0,193,0,1,196,0,197,419,0,419,616
06/03/2020,VGT,NV,AWP,WE,Towers with Radar,0,5,9,0,14,0,1,192,1,194,0,6,201,1,208,304,0,304,512
06/04/2020,VGT,NV,AWP,WE,Towers with Radar,0,11,16,0,27,0,2,148,0,150,0,13,164,0,177,363,0,363,540
06/05/2020,VGT,NV,AWP,WE,Towers with Radar,0,4,10,0,14,0,5,112,3,120,0,9,122,3,134,112,0,112,246
06/06/2020,VGT,NV,AWP,WE,Towers with Radar,0,3,3,0,6,0,6,20,0,26,0,9,23,0,32,42,0,42,74
06/07/2020,VGT,NV,AWP,WE,Towers with Radar,0,4,21,0,25,0,4,93,0,97,0,8,114,0,122,238,20,258,380
06/08/2020,VGT,NV,AWP,WE,Towers with Radar,0,5,8,0,13,0,7,39,2,48,0,12,47,2,61,94,0,94,155
06/09/2020,VGT,NV,AWP,WE,Towers with Radar,0,1,17,0,18,0,7,134,0,141,0,8,151,0,159,464,2,466,625
06/10/2020,VGT,NV,AWP,WE,Towers with Radar,0,2,10,0,12,0,9,114,1,124,0,11,124,1,136,496,0,496,632
06/11/2020,VGT,NV,AWP,WE,Towers with Radar,0,9,16,0,25,0,0,113,0,113,0,9,129,0,138,486,0,486,624
06/12/2020,VGT,NV,AWP,WE,Towers with Radar,0,6,11,0,17,0,6,106,3,115,0,12,117,3,132,272,0,272,404
06/13/2020,VGT,NV,AWP,WE,Towers with Radar,0,4,6,0,10,0,7,78,0,85,0,11,84,0,95,34,0,34,129
06/14/2020,VGT,NV,AWP,WE,Towers with Radar,0,7,12,0,19,0,6,209,0,215,0,13,221,0,234,378,0,378,612
06/15/2020,VGT,NV,AWP,WE,Towers with Radar,0,8,16,0,24,0,9,158,13,180,0,17,174,13,204,278,0,278,482
06/16/2020,VGT,NV,AWP,WE,Towers with Radar,0,9,6,0,15,0,1,67,2,70,0,10,73,2,85,52,0,52,137
06/17/2020,VGT,NV,AWP,WE,Towers with Radar,0,12,10,1,23,0,2,89,5,96,0,14,99,6,119,314,0,314,433
06/18/2020,VGT,NV,AWP,WE,Towers with Radar,0,3,19,0,22,0,0,149,2,151,0,3,168,2,173,354,0,354,527
06/19/2020,VGT,NV,AWP,WE,Towers with Radar,0,8,9,0,17,0,3,186,0,189,0,11,195,0,206,464,0,464,670
06/20/2020,VGT,NV,AWP,WE,Towers with Radar,0,4,15,0,19,0,2,150,5,157,0,6,165,5,176,304,0,304,480
06/21/2020,VGT,NV,AWP,WE,Towers with Radar,0,4,6,0,10,0,4,131,0,135,0,8,137,0,145,290,0,290,435
06/22/2020,VGT,NV,AWP,WE,Towers with Radar,0,4,11,0,15,0,3,134,5,142,0,7,145,5,157,274,0,274,431
06/23/2020,VGT,NV,AWP,WE,Towers with Radar,0,5,10,0,15,0,9,142,2,153,0,14,152,2,168,312,0,312,480
06/24/2020,VGT,NV,AWP,WE,Towers with Radar,0,8,9,1,18,0,4,131,0,135,0,12,140,1,153,284,0,284,437
06/25/2020,VGT,NV,AWP,WE,Towers with Radar,0,6,12,1,19,0,8,129,6,143,0,14,141,7,162,438,0,438,600
06/26/2020,VGT,NV,AWP,WE,Towers with Radar,0,5,12,0,17,0,11,148,1,160,0,16,160,1,177,426,0,426,603
06/27/2020,VGT,NV,AWP,WE,Towers with Radar,0,2,9,0,11,0,6,174,1,181,0,8,183,1,192,328,0,328,520
06/28/2020,VGT,NV,AWP,WE,Towers with Radar,0,4,10,0,14,0,0,14,0,14,0,4,24,0,28,0,0,0,28
06/29/2020,VGT,NV,AWP,WE,Towers with Radar,0,6,10,4,20,0,4,80,2,86,0,10,90,6,106,146,0,146,252
06/30/2020,VGT,NV,AWP,WE,Towers with Radar,0,3,5,3,11,0,4,112,4,120,0,7,117,7,131,433,2,435,566
07/01/2020,VGT,NV,AWP,WE,Towers with Radar,0,5,13,1,19,0,21,123,2,146,0,26,136,3,165,222,0,222,387
07/02/2020,VGT,NV,AWP,WE,Towers with Radar,0,6,17,2,25,0,15,118,2,135,0,21,135,4,160,250,0,250,410
07/03/2020,VGT,NV,AWP,WE,Towers with Radar,0,4,18,0,22,0,22,115,1,138,0,26,133,1,160,304,0,304,464
07/04/2020,VGT,NV,AWP,WE,Towers with Radar,0,0,4,0,4,0,15,104,0,119,0,15,108,0,123,158,0,158,281
07/05/2020,VGT,NV,AWP,WE,Towers with Radar,0,2,12,0,14,0,22,86,1,109,0,24,98,1,123,210,0,210,333
07/06/2020,VGT,NV,AWP,WE,Towers with Radar,0,10,4,1,15,0,15,123,2,140,0,25,127,3,155,260,0,260,415
07/07/2020,VGT,NV,AWP,WE,Towers with Radar,0,3,9,1,13,0,5,93,5,103,0,8,102,6,116,236,0,236,352
07/08/2020,VGT,NV,AWP,WE,Towers with Radar,0,3,18,0,21,0,3,149,8,160,0,6,167,8,181,370,0,370,551
07/09/2020,VGT,NV,AWP,WE,Towers with Radar,0,5,21,0,26,0,18,147,0,165,0,23,168,0,191,426,0,426,617
07/10/2020,VGT,NV,AWP,WE,Towers with Radar,0,8,15,0,23,0,10,129,2,141,0,18,144,2,164,312,0,312,476
07/11/2020,VGT,NV,AWP,WE,Towers with Radar,0,2,14,0,16,0,16,115,0,131,0,18,129,0,147,238,0,238,385
07/12/2020,VGT,NV,AWP,WE,Towers with Radar,0,4,12,0,16,0,17,145,4,166,0,21,157,4,182,274,8,282,464
07/13/2020,VGT,NV,AWP,WE,Towers with Radar,0,7,5,0,12,0,4,65,1,70,0,11,70,1,82,162,0,162,244
07/14/2020,VGT,NV,AWP,WE,Towers with Radar,0,1,7,0,8,0,11,98,1,110,0,12,105,1,118,244,0,244,362
07/15/2020,VGT,NV,AWP,WE,Towers with Radar,0,2,11,0,13,0,16,137,4,157,0,18,148,4,170,300,0,300,470
07/16/2020,VGT,NV,AWP,WE,Towers with Radar,0,4,11,1,16,0,17,151,2,170,0,21,162,3,186,390,2,392,578
07/17/2020,VGT,NV,AWP,WE,Towers with Radar,0,7,10,0,17,0,11,113,0,124,0,18,123,0,141,244,0,244,385
07/18/2020,VGT,NV,AWP,WE,Towers with Radar,0,1,12,0,13,0,44,153,5,202,0,45,165,5,215,236,2,238,453
07/19/2020,VGT,NV,AWP,WE,Towers with Radar,0,4,15,0,19,0,22,174,5,201,0,26,189,5,220,310,0,310,530
07/20/2020,VGT,NV,AWP,WE,Towers with Radar,0,10,16,0,26,0,18,74,1,93,0,28,90,1,119,234,0,234,353
07/21/2020,VGT,NV,AWP,WE,Towers with Radar,0,3,12,0,15,0,23,135,4,162,0,26,147,4,177,320,0,320,497
07/22/2020,VGT,NV,AWP,WE,Towers with Radar,0,6,8,1,15,0,20,116,3,139,0,26,124,4,154,358,0,358,512
07/23/2020,VGT,NV,AWP,WE,Towers with Radar,0,4,8,0,12,0,8,127,13,148,0,12,135,13,160,312,0,312,472
07/24/2020,VGT,NV,AWP,WE,Towers with Radar,0,3,13,0,16,0,26,184,10,220,0,29,197,10,236,364,0,364,600
07/25/2020,VGT,NV,AWP,WE,Towers with Radar,0,7,2,2,11,0,27,158,3,188,0,34,160,5,199,292,0,292,491
07/26/2020,VGT,NV,AWP,WE,Towers with Radar,0,6,13,0,19,0,21,185,0,206,0,27,198,0,225,388,0,388,613
07/27/2020,VGT,NV,AWP,WE,Towers with Radar,0,8,6,0,14,0,21,133,2,156,0,29,139,2,170,298,0,298,468
07/28/2020,VGT,NV,AWP,WE,Towers with Radar,0,4,10,2,16,0,9,127,4,140,0,13,137,6,156,362,0,362,518
07/29/2020,VGT,NV,AWP,WE,Towers with Radar,0,3,5,0,8,0,12,159,5,176,0,15,164,5,184,380,0,380,564
07/30/2020,VGT,NV,AWP,WE,Towers with Radar,0,5,4,0,9,0,9,161,1,171,0,14,165,1,180,368,0,368,548
07/31/2020,VGT,NV,AWP,WE,Towers with Radar,0,10,16,0,26,0,21,154,2,177,0,31,170,2,203,324,0,324,527
08/01/2020,VGT,NV,AWP,WE,Towers with Radar,0,4,6,0,10,0,30,152,0,182,0,34,158,0,192,218,0,218,410
08/02/2020,VGT,NV,AWP,WE,Towers with Radar,0,3,10,0,13,0,14,110,2,126,0,17,120,2,139,248,0,248,387
08/03/2020,VGT,NV,AWP,WE,Towers with Radar,0,6,10,0,16,0,14,133,0,147,0,20,143,0,163,272,2,274,437
08/04/2020,VGT,NV,AWP,WE,Towers with Radar,0,4,11,1,16,0,16,116,1,133,0,20,127,2,149,350,2,352,501
08/05/2020,VGT,NV,AWP,WE,Towers with Radar,0,3,11,0,14,0,16,112,2,130,0,19,123,2,144,286,6,292,436
08/06/2020,VGT,NV,AWP,WE,Towers with Radar,0,8,13,1,22,0,24,147,0,171,0,32,160,1,193,410,0,410,603
08/07/2020,VGT,NV,AWP,WE,Towers with Radar,0,8,12,0,20,0,14,118,0,132,0,22,130,0,152,372,0,372,524
08/08/2020,VGT,NV,AWP,WE,Towers with Radar,0,2,5,0,7,0,27,147,1,175,0,29,152,1,182,216,0,216,398
08/09/2020,VGT,NV,AWP,WE,Towers with Radar,0,4,12,0,16,0,19,137,0,156,0,23,149,0,172,240,0,240,412
08/10/2020,VGT,NV,AWP,WE,Towers with Radar,0,11,9,0,20,0,23,132,3,158,0,34,141,3,178,374,0,374,552
08/11/2020,VGT,NV,AWP,WE,Towers with Radar,0,1,5,0,6,0,18,122,7,147,0,19,127,7,153,370,0,370,523
08/12/2020,VGT,NV,AWP,WE,Towers with Radar,0,3,9,0,12,0,10,125,1,136,0,13,134,1,148,244,2,246,394
08/13/2020,VGT,NV,AWP,WE,Towers with Radar,0,3,9,0,12,0,21,177,8,206,0,24,186,8,218,336,0,336,554
08/14/2020,VGT,NV,AWP,WE,Towers with Radar,0,6,12,0,18,0,14,127,2,143,0,20,139,2,161,276,0,276,437
08/15/2020,VGT,NV,AWP,WE,Towers with Radar,0,2,11,0,13,0,27,146,0,173,0,29,157,0,186,282,2,284,470
08/16/2020,VGT,NV,AWP,WE,Towers with Radar,0,6,11,0,17,0,26,111,6,143,0,32,122,6,160,160,0,160,320
08/17/2020,VGT,NV,AWP,WE,Towers with Radar,0,6,11,0,17,0,19,111,4,134,0,25,122,4,151,262,0,262,413
08/18/2020,VGT,NV,AWP,WE,Towers with Radar,0,5,11,0,16,0,24,89,3,116,0,29,100,3,132,294,0,294,426
08/19/2020,VGT,NV,AWP,WE,Towers with Radar,0,9,5,2,16,0,19,121,11,151,0,28,126,13,167,215,6,221,388
08/20/2020,VGT,NV,AWP,WE,Towers with Radar,0,3,10,0,13,0,23,113,10,146,0,26,123,10,159,324,0,324,483
08/21/2020,VGT,NV,AWP,WE,Towers with Radar,0,5,12,0,17,0,29,120,8,157,0,34,132,8,174,208,0,208,382
08/22/2020,VGT,NV,AWP,WE,Towers with Radar,0,9,9,0,18,0,32,114,4,150,0,41,123,4,168,192,2,194,362
08/23/2020,VGT,NV,AWP,WE,Towers with Radar,0,2,9,0,11,0,37,108,1,146,0,39,117,1,157,200,0,200,357
08/24/2020,VGT,NV,AWP,WE,Towers with Radar,0,10,3,0,13,0,21,116,2,139,0,31,119,2,152,290,0,290,442
08/25/2020,VGT,NV,AWP,WE,Towers with Radar,0,3,9,0,12,0,20,135,5,160,0,23,144,5,172,254,26,280,452
08/26/2020,VGT,NV,AWP,WE,Towers with Radar,0,4,13,2,19,0,19,123,7,149,0,23,136,9,168,272,0,272,440
08/27/2020,VGT,NV,AWP,WE,Towers with Radar,0,4,12,0,16,0,25,162,5,192,0,29,174,5,208,272,0,272,480
08/28/2020,VGT,NV,AWP,WE,Towers with Radar,0,4,9,0,13,0,35,131,3,169,0,39,140,3,182,248,0,248,430
08/29/2020,VGT,NV,AWP,WE,Towers with Radar,0,6,11,0,17,0,32,145,0,177,0,38,156,0,194,272,0,272,466
08/30/2020,VGT,NV,AWP,WE,Towers with Radar,0,5,16,0,21,0,25,138,3,166,0,30,154,3,187,320,0,320,507
08/31/2020,VGT,NV,AWP,WE,Towers with Radar,0,7,18,2,27,0,12,113,4,129,0,19,131,6,156,220,0,220,376
09/01/2020,VGT,NV,AWP,WE,Towers with Radar,0,5,6,1,12,0,22,150,3,175,0,27,156,4,187,374,4,378,565
09/02/2020,VGT,NV,AWP,WE,Towers with Radar,0,6,15,1,22,0,19,153,9,181,0,25,168,10,203,288,0,288,491
09/03/2020,VGT,NV,AWP,WE,Towers with Radar,0,14,13,0,27,0,28,196,12,236,0,42,209,12,263,390,0,390,653
09/04/2020,VGT,NV,AWP,WE,Towers with Radar,0,3,20,0,23,0,42,149,5,196,0,45,169,5,219,322,0,322,541
09/05/2020,VGT,NV,AWP,WE,Towers with Radar,0,6,8,0,14,0,41,162,0,203,0,47,170,0,217,232,2,234,451
09/06/2020,VGT,NV,AWP,WE,Towers with Radar,0,3,8,0,11,0,34,117,2,153,0,37,125,2,164,172,0,172,336
09/07/2020,VGT,NV,AWP,WE,Towers with Radar,0,6,16,0,22,0,28,93,0,121,0,34,109,0,143,146,0,146,289
09/08/2020,VGT,NV,AWP,WE,Towers with Radar,0,7,2,0,9,0,21,6,2,29,0,28,8,2,38,18,0,18,56
09/09/2020,VGT,NV,AWP,WE,Towers with Radar,0,5,7,1,13,0,19,99,5,123,0,24,106,6,136,316,0,316,452
09/10/2020,VGT,NV,AWP,WE,Towers with Radar,0,7,10,0,17,0,33,212,6,251,0,40,222,6,268,498,0,498,766
09/11/2020,VGT,NV,AWP,WE,Towers with Radar,0,10,13,0,23,0,32,179,2,213,0,42,192,2,236,408,0,408,644
09/12/2020,VGT,NV,AWP,WE,Towers with Radar,0,5,16,0,21,0,21,183,2,206,0,26,199,2,227,316,0,316,543
09/13/2020,VGT,NV,AWP,WE,Towers with Radar,0,11,4,0,15,0,0,16,2,18,0,11,20,2,33,0,0,0,33
09/14/2020,VGT,NV,AWP,WE,Towers with Radar,0,5,3,0,8,0,31,79,1,111,0,36,82,1,119,258,0,258,377
09/15/2020,VGT,NV,AWP,WE,Towers with Radar,0,8,13,1,22,0,26,128,3,157,0,34,141,4,179,482,0,482,661
09/16/2020,VGT,NV,AWP,WE,Towers with Radar,0,8,9,5,22,0,16,101,5,122,0,24,110,10,144,561,2,563,707
09/17/2020,VGT,NV,AWP,WE,Towers with Radar,0,12,8,0,20,0,45,128,4,177,0,57,136,4,197,509,0,509,706
09/18/2020,VGT,NV,AWP,WE,Towers with Radar,0,2,17,0,19,0,53,79,1,133,0,55,96,1,152,255,0,255,407
09/19/2020,VGT,NV,AWP,WE,Towers with Radar,0,5,12,0,17,0,66,117,4,187,0,71,129,4,204,155,0,155,359
09/20/2020,VGT,NV,AWP,WE,Towers with Radar,0,6,9,0,15,0,39,115,4,158,0,45,124,4,173,219,2,221,394
09/21/2020,VGT,NV,AWP,WE,Towers with Radar,0,3,5,0,8,0,22,89,6,117,0,25,94,6,125,274,0,274,399
09/22/2020,VGT,NV,AWP,WE,Towers with Radar,0,3,12,1,16,0,36,84,4,124,0,39,96,5,140,383,8,391,531
09/23/2020,VGT,NV,AWP,WE,Towers with Radar,0,6,7,1,14,0,32,123,4,159,0,38,130,5,173,395,0,395,568
09/24/2020,VGT,NV,AWP,WE,Towers with Radar,1,6,3,0,10,0,31,100,4,135,1,37,103,4,145,418,1,419,564
09/25/2020,VGT,NV,AWP,WE,Towers with Radar,0,5,17,0,22,0,52,117,1,170,0,57,134,1,192,458,0,458,650
09/26/2020,VGT,NV,AWP,WE,Towers with Radar,0,4,10,0,14,0,53,117,4,174,0,57,127,4,188,315,0,315,503
09/27/2020,VGT,NV,AWP,WE,Towers with Radar,0,9,15,0,24,0,29,143,2,174,0,38,158,2,198,227,0,227,425
09/28/2020,VGT,NV,AWP,WE,Towers with Radar,0,7,14,0,21,0,20,70,3,93,0,27,84,3,114,243,0,243,357
09/29/2020,VGT,NV,AWP,WE,Towers with Radar,0,9,9,0,18,0,19,81,1,101,0,28,90,1,119,387,0,387,506
09/30/2020,VGT,NV,AWP,WE,Towers with Radar,0,3,6,0,9,0,29,112,10,151,0,32,118,10,160,414,0,414,574
10/01/2020,VGT,NV,AWP,WE,Towers with Radar,0,11,7,0,18,0,33,98,2,133,0,44,105,2,151,402,0,402,553
10/02/2020,VGT,NV,AWP,WE,Towers with Radar,0,8,7,0,15,0,35,98,6,139,0,43,105,6,154,328,0,328,482
10/03/2020,VGT,NV,AWP,WE,Towers with Radar,0,3,8,0,11,0,31,106,1,138,0,34,114,1,149,396,0,396,545
10/04/2020,VGT,NV,AWP,WE,Towers with Radar,0,4,12,0,16,0,31,114,0,145,0,35,126,0,161,245,0,245,406
10/05/2020,VGT,NV,AWP,WE,Towers with Radar,0,9,15,0,24,0,12,82,1,95,0,21,97,1,119,460,0,460,579
10/06/2020,VGT,NV,AWP,WE,Towers with Radar,0,3,8,0,11,0,15,105,1,121,0,18,113,1,132,377,8,385,517
10/07/2020,VGT,NV,AWP,WE,Towers with Radar,0,6,11,0,17,0,14,103,3,120,0,20,114,3,137,414,0,414,551
10/08/2020,VGT,NV,AWP,WE,Towers with Radar,0,6,16,1,23,0,27,121,6,154,0,33,137,7,177,345,0,345,522
10/09/2020,VGT,NV,AWP,WE,Towers with Radar,0,10,18,0,28,0,41,123,2,166,0,51,141,2,194,367,0,367,561
10/10/2020,VGT,NV,AWP,WE,Towers with Radar,0,8,12,0,20,0,57,107,0,164,0,65,119,0,184,292,0,292,476
10/11/2020,VGT,NV,AWP,WE,Towers with Radar,0,7,10,0,17,0,21,91,1,113,0,28,101,1,130,261,0,261,391
10/12/2020,VGT,NV,AWP,WE,Towers with Radar,0,5,21,0,26,0,22,108,1,131,0,27,129,1,157,356,0,356,513
10/13/2020,VGT,NV,AWP,WE,Towers with Radar,0,5,7,1,13,0,18,102,5,125,0,23,109,6,138,422,0,422,560
10/14/2020,VGT,NV,AWP,WE,Towers with Radar,0,4,11,0,15,0,18,80,5,103,0,22,91,5,118,384,0,384,502
10/15/2020,VGT,NV,AWP,WE,Towers with Radar,0,7,13,1,21,0,26,89,3,118,0,33,102,4,139,406,0,406,545
10/16/2020,VGT,NV,AWP,WE,Towers with Radar,0,8,8,0,16,0,48,83,2,133,0,56,91,2,149,297,1,298,447
10/17/2020,VGT,NV,AWP,WE,Towers with Radar,0,2,6,0,8,0,36,104,0,140,0,38,110,0,148,301,0,301,449
10/18/2020,VGT,NV,AWP,WE,Towers with Radar,0,8,5,0,13,0,1,39,4,44,0,9,44,4,57,126,0,126,183
10/19/2020,VGT,NV,AWP,WE,Towers with Radar,0,4,10,0,14,0,15,65,5,85,0,19,75,5,99,151,0,151,250
10/20/2020,VGT,NV,AWP,WE,Towers with Radar,0,6,14,0,20,0,24,127,2,153,0,30,141,2,173,427,2,429,602
10/21/2020,VGT,NV,AWP,WE,Towers with Radar,0,4,6,0,10,0,16,73,5,94,0,20,79,5,104,468,1,469,573
10/22/2020,VGT,NV,AWP,WE,Towers with Radar,0,7,8,1,16,0,40,111,3,154,0,47,119,4,170,413,1,414,584
10/23/2020,VGT,NV,AWP,WE,Towers with Radar,0,7,14,0,21,0,45,101,0,146,0,52,115,0,167,578,0,578,745
10/24/2020,VGT,NV,AWP,WE,Towers with Radar,0,7,12,2,21,0,46,95,0,141,0,53,107,2,162,301,0,301,463
10/25/2020,VGT,NV,AWP,WE,Towers with Radar,0,11,14,0,25,0,2,51,0,53,0,13,65,0,78,189,8,197,275
10/26/2020,VGT,NV,AWP,WE,Towers with Radar,0,2,3,0,5,0,24,28,1,53,0,26,31,1,58,93,0,93,151
10/27/2020,VGT,NV,AWP,WE,Towers with Radar,0,2,12,0,14,0,30,56,3,89,0,32,68,3,103,296,0,296,399
10/28/2020,VGT,NV,AWP,WE,Towers with Radar,0,3,8,0,11,0,19,59,4,82,0,22,67,4,93,249,0,249,342
10/29/2020,VGT,NV,AWP,WE,Towers with Radar,0,7,17,2,26,0,30,133,1,164,0,37,150,3,190,399,0,399,589
10/30/2020,VGT,NV,AWP,WE,Towers with Radar,0,4,23,0,27,0,32,116,2,150,0,36,139,2,177,452,0,452,629
10/31/2020,VGT,NV,AWP,WE,Towers with Radar,0,4,9,0,13,0,38,131,5,174,0,42,140,5,187,352,0,352,539
11/01/2020,VGT,NV,AWP,WE,Towers with Radar,0,6,16,0,22,0,31,75,3,109,0,37,91,3,131,227,0,227,358
11/02/2020,VGT,NV,AWP,WE,Towers with Radar,0,1,16,1,18,0,18,102,4,124,0,19,118,5,142,272,0,272,414
11/03/2020,VGT,NV,AWP,WE,Towers with Radar,0,3,7,0,10,0,23,108,6,137,0,26,115,6,147,293,2,295,442
11/04/2020,VGT,NV,AWP,WE,Towers with Radar,0,7,8,0,15,0,27,94,6,127,0,34,102,6,142,347,0,347,489
11/05/2020,VGT,NV,AWP,WE,Towers with Radar,0,8,10,0,18,0,36,97,8,141,0,44,107,8,159,570,0,570,729
11/06/2020,VGT,NV,AWP,WE,Towers with Radar,0,7,12,0,19,0,33,76,1,110,0,40,88,1,129,443,2,445,574
11/07/2020,VGT,NV,AWP,WE,Towers with Radar,0,2,5,0,7,0,64,22,2,88,0,66,27,2,95,64,0,64,159
11/08/2020,VGT,NV,AWP,WE,Towers with Radar,0,8,5,0,13,0,34,27,1,62,0,42,32,1,75,58,0,58,133
11/09/2020,VGT,NV,AWP,WE,Towers with Radar,0,5,12,0,17,0,19,56,0,75,0,24,68,0,92,353,0,353,445
11/10/2020,VGT,NV,AWP,WE,Towers with Radar,0,11,6,1,18,0,24,84,3,111,0,35,90,4,129,365,1,366,495
11/11/2020,VGT,NV,AWP,WE,Towers with Radar,0,9,16,0,25,0,31,150,0,181,0,40,166,0,206,305,0,305,511
11/12/2020,VGT,NV,AWP,WE,Towers with Radar,0,2,11,0,13,0,46,103,3,152,0,48,114,3,165,435,0,435,600
11/13/2020,VGT,NV,AWP,WE,Towers with Radar,0,3,7,0,10,0,57,92,1,150,0,60,99,1,160,325,0,325,485
11/14/2020,VGT,NV,AWP,WE,Towers with Radar,0,3,10,0,13,0,85,125,1,211,0,88,135,1,224,415,0,415,639
11/15/2020,VGT,NV,AWP,WE,Towers with Radar,0,5,5,0,10,0,40,103,0,143,0,45,108,0,153,322,1,323,476
11/16/2020,VGT,NV,AWP,WE,Towers with Radar,0,10,20,0,30,0,23,87,4,114,0,33,107,4,144,262,0,262,406
11/17/2020,VGT,NV,AWP,WE,Towers with Radar,0,3,18,1,22,0,17,100,2,119,0,20,118,3,141,354,8,362,503
11/18/2020,VGT,NV,AWP,WE,Towers with Radar,0,4,14,0,18,0,21,43,6,70,0,25,57,6,88,152,4,156,244
11/19/2020,VGT,NV,AWP,WE,Towers with Radar,0,10,11,1,22,0,32,82,1,115,0,42,93,2,137,398,1,399,536
11/20/2020,VGT,NV,AWP,WE,Towers with Radar,0,7,23,0,30,0,52,105,0,157,0,59,128,0,187,527,4,531,718
11/21/2020,VGT,NV,AWP,WE,Towers with Radar,0,6,16,0,22,0,68,126,2,196,0,74,142,2,218,433,0,433,651
11/22/2020,VGT,NV,AWP,WE,Towers with Radar,0,2,8,0,10,0,38,100,0,138,0,40,108,0,148,356,0,356,504
11/23/2020,VGT,NV,AWP,WE,Towers with Radar,0,6,6,0,12,0,29,68,0,97,0,35,74,0,109,320,7,327,436
11/24/2020,VGT,NV,AWP,WE,Towers with Radar,0,7,13,0,20,0,27,59,0,86,0,34,72,0,106,239,2,241,347
11/25/2020,VGT,NV,AWP,WE,Towers with Radar,0,6,12,0,18,0,43,117,1,161,0,49,129,1,179,350,0,350,529
11/26/2020,VGT,NV,AWP,WE,Towers with Radar,0,1,8,0,9,0,13,16,0,29,0,14,24,0,38,22,0,22,60
11/27/2020,VGT,NV,AWP,WE,Towers with Radar,0,4,5,0,9,0,42,49,0,91,0,46,54,0,100,191,0,191,291
11/28/2020,VGT,NV,AWP,WE,Towers with Radar,0,6,9,0,15,0,73,115,1,189,0,79,124,1,204,449,0,449,653
11/29/2020,VGT,NV,AWP,WE,Towers with Radar,0,9,15,0,24,0,41,85,0,126,0,50,100,0,150,365,1,366,516
11/30/2020,VGT,NV,AWP,WE,Towers with Radar,0,3,18,0,21,0,20,76,6,102,0,23,94,6,123,272,0,272,395
12/01/2020,VGT,NV,AWP,WE,Towers with Radar,0,5,6,0,11,0,18,72,0,90,0,23,78,0,101,400,0,400,501
12/02/2020,VGT,NV,AWP,WE,Towers with Radar,0,0,8,1,9,0,18,42,4,64,0,18,50,5,73,194,0,194,267
12/03/2020,VGT,NV,AWP,WE,Towers with Radar,0,6,3,1,10,0,33,63,2,98,0,39,66,3,108,423,0,423,531
12/04/2020,VGT,NV,AWP,WE,Towers with Radar,0,7,5,0,12,0,39,127,2,168,0,46,132,2,180,418,1,419,599
12/05/2020,VGT,NV,AWP,WE,Towers with Radar,0,7,11,1,19,0,66,122,3,191,0,73,133,4,210,400,0,400,610
12/06/2020,VGT,NV,AWP,WE,Towers with Radar,0,14,7,0,21,0,12,115,0,127,0,26,122,0,148,262,8,270,418
12/07/2020,VGT,NV,AWP,WE,Towers with Radar,0,6,16,0,22,0,8,48,1,57,0,14,64,1,79,394,0,394,473
12/08/2020,VGT,NV,AWP,WE,Towers with Radar,0,6,8,0,14,0,24,73,6,103,0,30,81,6,117,379,0,379,496
12/09/2020,VGT,NV,AWP,WE,Towers with Radar,0,6,11,1,18,0,15,104,8,127,0,21,115,9,145,425,2,427,572
12/10/2020,VGT,NV,AWP,WE,Towers with Radar,0,5,18,2,25,0,41,121,6,168,0,46,139,8,193,421,2,423,616
12/11/2020,VGT,NV,AWP,WE,Towers with Radar,0,4,7,0,11,0,51,77,0,128,0,55,84,0,139,438,0,438,577
12/12/2020,VGT,NV,AWP,WE,Towers with Radar,0,2,6,0,8,0,67,67,0,134,0,69,73,0,142,240,3,243,385
12/13/2020,VGT,NV,AWP,WE,Towers with Radar,0,3,11,0,14,0,14,63,0,77,0,17,74,0,91,258,0,258,349
12/14/2020,VGT,NV,AWP,WE,Towers with Radar,0,11,12,0,23,0,11,41,0,52,0,22,53,0,75,145,0,145,220
12/15/2020,VGT,NV,AWP,WE,Towers with Radar,0,0,9,0,9,0,16,72,2,90,0,16,81,2,99,363,0,363,462
12/16/2020,VGT,NV,AWP,WE,Towers with Radar,0,1,6,0,7,0,13,66,2,81,0,14,72,2,88,351,0,351,439
12/17/2020,VGT,NV,AWP,WE,Towers with Radar,0,7,12,0,19,0,19,60,0,79,0,26,72,0,98,403,0,403,501
12/18/2020,VGT,NV,AWP,WE,Towers with Radar,0,6,12,0,18,0,35,37,0,72,0,41,49,0,90,161,0,161,251
12/19/2020,VGT,NV,AWP,WE,Towers with Radar,0,10,11,0,21,0,50,108,0,158,0,60,119,0,179,454,0,454,633
12/20/2020,VGT,NV,AWP,WE,Towers with Radar,0,8,5,0,13,0,18,110,0,128,0,26,115,0,141,340,0,340,481
12/21/2020,VGT,NV,AWP,WE,Towers with Radar,0,7,9,0,16,0,16,76,4,96,0,23,85,4,112,404,15,419,531
12/22/2020,VGT,NV,AWP,WE,Towers with Radar,0,5,8,0,13,0,26,74,4,104,0,31,82,4,117,292,0,292,409
12/23/2020,VGT,NV,AWP,WE,Towers with Radar,0,11,10,0,21,0,26,48,1,75,0,37,58,1,96,212,0,212,308
12/24/2020,VGT,NV,AWP,WE,Towers with Radar,0,5,7,0,12,0,25,59,0,84,0,30,66,0,96,246,0,246,342
12/25/2020,VGT,NV,AWP,WE,Towers with Radar,0,4,2,0,6,0,41,32,0,73,0,45,34,0,79,99,0,99,178
12/26/2020,VGT,NV,AWP,WE,Towers with Radar,0,8,12,0,20,1,48,87,0,136,1,56,99,0,156,183,0,183,339
12/27/2020,VGT,NV,AWP,WE,Towers with Radar,0,7,15,0,22,0,35,44,0,79,0,42,59,0,101,232,0,232,333
12/28/2020,VGT,NV,AWP,WE,Towers with Radar,0,4,8,0,12,0,22,21,2,45,0,26,29,2,57,243,0,243,300
12/29/2020,VGT,NV,AWP,WE,Towers with Radar,0,8,14,0,22,0,48,54,4,106,0,56,68,4,128,172,24,196,324
12/30/2020,VGT,NV,AWP,WE,Towers with Radar,0,11,6,1,18,0,58,98,7,163,0,69,104,8,181,401,2,403,584
12/31/2020,VGT,NV,AWP,WE,Towers with Radar,0,3,15,0,18,0,67,54,0,121,0,70,69,0,139,237,0,237,376
01/01/2021,VGT,NV,AWP,WE,Towers with Radar,0,0,1,0,1,0,58,68,0,126,0,58,69,0,127,168,0,168,295
01/02/2021,VGT,NV,AWP,WE,Towers with Radar,0,11,16,0,27,0,98,135,2,235,0,109,151,2,262,338,0,338,600
01/03/2021,VGT,NV,AWP,WE,Towers with Radar,0,11,15,0,26,0,48,95,0,143,0,59,110,0,169,216,0,216,385
01/04/2021,VGT,NV,AWP,WE,Towers with Radar,0,6,5,1,12,0,27,49,2,78,0,33,54,3,90,157,0,157,247
01/05/2021,VGT,NV,AWP,WE,Towers with Radar,0,6,7,0,13,0,20,67,2,89,0,26,74,2,102,192,26,218,320
01/06/2021,VGT,NV,AWP,WE,Towers with Radar,0,2,5,4,11,0,22,76,5,103,0,24,81,9,114,226,2,228,342
01/07/2021,VGT,NV,AWP,WE,Towers with Radar,0,2,5,0,7,0,23,64,2,89,0,25,69,2,96,176,0,176,272
01/08/2021,VGT,NV,AWP,WE,Towers with Radar,0,3,18,0,21,0,28,56,3,87,0,31,74,3,108,254,0,254,362
01/09/2021,VGT,NV,AWP,WE,Towers with Radar,0,6,6,0,12,0,57,25,1,83,0,63,31,1,95,32,0,32,127
01/10/2021,VGT,NV,AWP,WE,Towers with Radar,0,11,11,0,22,0,23,83,0,106,0,34,94,0,128,104,0,104,232
01/11/2021,VGT,NV,AWP,WE,Towers with Radar,0,6,10,0,16,0,16,61,2,79,0,22,71,2,95,243,0,243,338
01/12/2021,VGT,NV,AWP,WE,Towers with Radar,0,5,8,0,13,0,15,67,3,85,0,20,75,3,98,331,0,331,429
01/13/2021,VGT,NV,AWP,WE,Towers with Radar,0,6,10,1,17,0,14,75,0,89,0,20,85,1,106,303,6,309,415
01/14/2021,VGT,NV,AWP,WE,Towers with Radar,0,5,9,0,14,0,35,41,2,78,0,40,50,2,92,238,0,238,330
01/15/2021,VGT,NV,AWP,WE,Towers with Radar,0,7,14,0,21,0,36,94,2,132,0,43,108,2,153,258,0,258,411
01/16/2021,VGT,NV,AWP,WE,Towers with Radar,0,4,15,0,19,0,59,105,0,164,0,63,120,0,183,217,1,218,401
01/17/2021,VGT,NV,AWP,WE,Towers with Radar,0,7,10,0,17,0,38,89,0,127,0,45,99,0,144,278,1,279,423
01/18/2021,VGT,NV,AWP,WE,Towers with Radar,0,6,7,0,13,0,19,35,0,54,0,25,42,0,67,156,0,156,223
01/19/2021,VGT,NV,AWP,WE,Towers with Radar,0,3,7,3,13,0,3,35,3,41,0,6,42,6,54,125,0,125,179
01/20/2021,VGT,NV,AWP,WE,Towers with Radar,0,10,8,0,18,0,9,82,6,97,0,19,90,6,115,486,0,486,601
01/21/2021,VGT,NV,AWP,WE,Towers with Radar,0,8,10,1,19,0,7,108,4,119,0,15,118,5,138,422,0,422,560
01/22/2021,VGT,NV,AWP,WE,Towers with Radar,0,6,10,0,16,0,3,47,3,53,0,9,57,3,69,191,0,191,260
01/23/2021,VGT,NV,AWP,WE,Towers with Radar,0,3,9,0,12,0,21,62,2,85,0,24,71,2,97,392,0,392,489
01/24/2021,VGT,NV,AWP,WE,Towers with Radar,0,8,8,0,16,0,9,55,0,64,0,17,63,0,80,436,0,436,516
01/25/2021,VGT,NV,AWP,WE,Towers with Radar,0,4,10,0,14,0,2,8,0,10,0,6,18,0,24,81,0,81,105
01/26/2021,VGT,NV,AWP,WE,Towers with Radar,0,1,2,0,3,0,3,30,3,36,0,4,32,3,39,255,0,255,294
01/27/2021,VGT,NV,AWP,WE,Towers with Radar,0,8,11,0,19,0,6,42,1,49,0,14,53,1,68,288,3,291,359
01/28/2021,VGT,NV,AWP,WE,Towers with Radar,0,7,4,1,12,0,10,102,4,116,0,17,106,5,128,460,0,460,588
01/29/2021,VGT,NV,AWP,WE,Towers with Radar,0,3,6,0,9,0,6,31,0,37,0,9,37,0,46,118,0,118,164
01/30/2021,VGT,NV,AWP,WE,Towers with Radar,0,1,18,0,19,0,26,118,1,145,0,27,136,1,164,407,0,407,571
01/31/2021,VGT,NV,AWP,WE,Towers with Radar,0,3,12,0,15,0,6,95,0,101,0,9,107,0,116,382,18,400,516
02/01/2021,VGT,NV,AWP,WE,Towers with Radar,0,10,8,1,19,0,0,76,0,76,0,10,84,1,95,328,0,328,423
02/02/2021,VGT,NV,AWP,WE,Towers with Radar,0,2,9,1,12,0,3,118,8,129,0,5,127,9,141,412,1,413,554
02/03/2021,VGT,NV,AWP,WE,Towers with Radar,0,12,3,2,17,0,7,45,1,53,0,19,48,3,70,72,0,72,142
02/04/2021,VGT,NV,AWP,WE,Towers with Radar,0,9,14,0,23,0,4,87,0,91,0,13,101,0,114,143,0,143,257
02/05/2021,VGT,NV,AWP,WE,Towers with Radar,0,11,20,0,31,0,16,67,3,86,0,27,87,3,117,488,0,488,605
02/06/2021,VGT,NV,AWP,WE,Towers with Radar,0,8,12,0,20,0,15,148,4,167,0,23,160,4,187,556,0,556,743
02/07/2021,VGT,NV,AWP,WE,Towers with Radar,0,3,11,0,14,0,6,79,0,85,0,9,90,0,99,381,1,382,481
02/08/2021,VGT,NV,AWP,WE,Towers with Radar,0,10,7,0,17,0,3,91,0,94,0,13,98,0,111,429,0,429,540
02/09/2021,VGT,NV,AWP,WE,Towers with Radar,0,3,15,1,19,0,9,90,9,108,0,12,105,10,127,474,1,475,602
02/10/2021,VGT,NV,AWP,WE,Towers with Radar,0,6,15,0,21,0,10,109,6,125,0,16,124,6,146,532,0,532,678
02/11/2021,VGT,NV,AWP,WE,Towers with Radar,0,6,14,0,20,0,15,118,2,135,0,21,132,2,155,546,2,548,703
02/12/2021,VGT,NV,AWP,WE,Towers with Radar,0,10,10,0,20,0,28,59,0,87,0,38,69,0,107,183,0,183,290
02/13/2021,VGT,NV,AWP,WE,Towers with Radar,0,4,5,0,9,0,33,32,0,65,0,37,37,0,74,218,0,218,292
02/14/2021,VGT,NV,AWP,WE,Towers with Radar,0,7,9,0,16,0,77,28,0,105,0,84,37,0,121,81,0,81,202
02/15/2021,VGT,NV,AWP,WE,Towers with Radar,0,16,8,0,24,0,11,105,1,117,0,27,113,1,141,563,0,563,704
02/16/2021,VGT,NV,AWP,WE,Towers with Radar,0,7,8,0,15,0,7,29,6,42,0,14,37,6,57,67,1,68,125
02/17/2021,VGT,NV,AWP,WE,Towers with Radar,0,3,10,0,13,0,11,34,3,48,0,14,44,3,61,156,6,162,223
02/18/2021,VGT,NV,AWP,WE,Towers with Radar,0,8,9,0,17,0,16,80,3,99,0,24,89,3,116,639,0,639,755
02/19/2021,VGT,NV,AWP,WE,Towers with Radar,0,9,16,0,25,0,43,118,3,164,0,52,134,3,189,504,0,504,693
02/20/2021,VGT,NV,AWP,WE,Towers with Radar,0,7,4,0,11,0,26,19,0,45,0,33,23,0,56,209,0,209,265
02/21/2021,VGT,NV,AWP,WE,Towers with Radar,0,6,10,0,16,0,3,96,8,107,0,9,106,8,123,424,0,424,547
02/22/2021,VGT,NV,AWP,WE,Towers with Radar,0,6,7,0,13,0,5,83,2,90,0,11,90,2,103,470,0,470,573
02/23/2021,VGT,NV,AWP,WE,Towers with Radar,0,7,11,3,21,0,3,129,7,139,0,10,140,10,160,619,2,621,781
02/24/2021,VGT,NV,AWP,WE,Towers with Radar,0,10,5,0,15,0,3,81,7,91,0,13,86,7,106,376,2,378,484
02/25/2021,VGT,NV,AWP,WE,Towers with Radar,0,5,7,0,12,0,6,48,3,57,0,11,55,3,69,75,0,75,144
02/26/2021,VGT,NV,AWP,WE,Towers with Radar,0,7,20,0,27,0,14,133,1,148,0,21,153,1,175,486,0,486,661
02/27/2021,VGT,NV,AWP,WE,Towers with Radar,0,8,4,2,14,0,23,38,0,61,0,31,42,2,75,162,0,162,237
02/28/2021,VGT,NV,AWP,WE,Towers with Radar,0,9,13,0,22,0,4,54,0,58,0,13,67,0,80,292,0,292,372
03/01/2021,VGT,NV,AWP,WE,Towers with Radar,0,15,6,0,21,0,8,68,2,78,0,23,74,2,99,615,8,623,722
03/02/2021,VGT,NV,AWP,WE,Towers with Radar,0,3,15,0,18,0,8,86,12,106,0,11,101,12,124,726,4,730,854
03/03/2021,VGT,NV,AWP,WE,Towers with Radar,0,4,11,0,15,0,3,70,6,79,0,7,81,6,94,417,1,418,512
03/04/2021,VGT,NV,AWP,WE,Towers with Radar,0,3,11,1,15,0,10,148,3,161,0,13,159,4,176,531,0,531,707
03/05/2021,VGT,NV,AWP,WE,Towers with Radar,0,7,15,0,22,0,26,141,0,167,0,33,156,0,189,449,0,449,638
03/06/2021,VGT,NV,AWP,WE,Towers with Radar,0,2,16,0,18,0,32,82,0,114,0,34,98,0,132,242,0,242,374
03/07/2021,VGT,NV,AWP,WE,Towers with Radar,0,7,17,0,24,0,5,124,0,129,0,12,141,0,153,385,0,385,538
03/08/2021,VGT,NV,AWP,WE,Towers with Radar,0,7,4,0,11,0,18,25,0,43,0,25,29,0,54,129,2,131,185
03/09/2021,VGT,NV,AWP,WE,Towers with Radar,0,10,2,0,12,0,9,23,0,32,0,19,25,0,44,262,2,264,308
03/10/2021,VGT,NV,AWP,WE,Towers with Radar,0,9,6,0,15,0,1,39,0,40,0,10,45,0,55,120,1,121,176
03/11/2021,VGT,NV,AWP,WE,Towers with Radar,0,9,9,0,18,0,1,40,1,42,0,10,49,1,60,420,0,420,480
03/12/2021,VGT,NV,AWP,WE,Towers with Radar,0,5,12,0,17,0,6,37,0,43,0,11,49,0,60,335,14,349,409
03/13/2021,VGT,NV,AWP,WE,Towers with Radar,0,6,6,0,12,0,28,56,0,84,0,34,62,0,96,314,6,320,416
03/14/2021,VGT,NV,AWP,WE,Towers with Radar,0,10,17,0,27,0,9,198,4,211,0,19,215,4,238,407,1,408,646
03/15/2021,VGT,NV,AWP,WE,Towers with Radar,0,11,8,0,19,0,8,25,1,34,0,19,33,1,53,48,0,48,101
03/16/2021,VGT,NV,AWP,WE,Towers with Radar,0,5,11,0,16,0,6,85,8,99,0,11,96,8,115,681,0,681,796
03/17/2021,VGT,NV,AWP,WE,Towers with Radar,0,1,14,1,16,0,3,125,6,134,0,4,139,7,150,631,0,631,781
03/18/2021,VGT,NV,AWP,WE,Towers with Radar,0,3,17,1,21,0,18,157,7,182,0,21,174,8,203,582,5,587,790
03/19/2021,VGT,NV,AWP,WE,Towers with Radar,0,11,13,2,26,0,20,124,7,151,0,31,137,9,177,414,1,415,592
03/20/2021,VGT,NV,AWP,WE,Towers with Radar,0,4,4,1,9,0,16,41,4,61,0,20,45,5,70,26,0,26,96
03/21/2021,VGT,NV,AWP,WE,Towers with Radar,0,5,10,0,15,0,11,59,0,70,0,16,69,0,85,134,0,134,219
03/22/2021,VGT,NV,AWP,WE,Towers with Radar,0,13,11,1,25,0,11,87,4,102,0,24,98,5,127,507,0,507,634
03/23/2021,VGT,NV,AWP,WE,Towers with Radar,0,6,8,0,14,0,10,40,1,51,0,16,48,1,65,154,1,155,220
03/24/2021,VGT,NV,AWP,WE,Towers with Radar,0,14,20,1,35,0,20,74,4,98,0,34,94,5,133,234,1,235,368
03/25/2021,VGT,NV,AWP,WE,Towers with Radar,0,7,12,0,19,0,10,63,4,77,0,17,75,4,96,164,4,168,264
03/26/2021,VGT,NV,AWP,WE,Towers with Radar,0,9,34,0,43,0,16,75,0,91,0,25,109,0,134,180,0,180,314
03/27/2021,VGT,NV,AWP,WE,Towers with Radar,0,10,11,0,21,0,25,102,0,127,0,35,113,0,148,430,0,430,578
03/28/2021,VGT,NV,AWP,WE,Towers with Radar,0,13,16,0,29,0,8,127,1,136,0,21,143,1,165,331,30,361,526
03/29/2021,VGT,NV,AWP,WE,Towers with Radar,0,6,8,0,14,0,16,88,0,104,0,22,96,0,118,443,1,444,562
03/30/2021,VGT,NV,AWP,WE,Towers with Radar,0,4,18,0,22,0,9,64,0,73,0,13,82,0,95,119,0,119,214
03/31/2021,VGT,NV,AWP,WE,Towers with Radar,0,8,14,1,23,0,8,115,10,133,0,16,129,11,156,496,11,507,663
04/01/2021,VGT,NV,AWP,WE,Towers with Radar,0,10,14,0,24,0,16,156,3,175,0,26,170,3,199,493,2,495,694
04/02/2021,VGT,NV,AWP,WE,Towers with Radar,0,9,13,0,22,0,31,116,7,154,0,40,129,7,176,452,0,452,628
04/03/2021,VGT,NV,AWP,WE,Towers with Radar,0,12,10,0,22,0,21,120,1,142,0,33,130,1,164,345,0,345,509
04/04/2021,VGT,NV,AWP,WE,Towers with Radar,0,10,12,0,22,0,7,76,1,84,0,17,88,1,106,282,0,282,388
04/05/2021,VGT,NV,AWP,WE,Towers with Radar,0,8,12,0,20,0,6,54,0,60,0,14,66,0,80,231,0,231,311
04/06/2021,VGT,NV,AWP,WE,Towers with Radar,0,6,9,0,15,0,3,82,9,94,0,9,91,9,109,239,1,240,349
04/07/2021,VGT,NV,AWP,WE,Towers with Radar,0,8,19,0,27,0,6,97,6,109,0,14,116,6,136,537,0,537,673
04/08/2021,VGT,NV,AWP,WE,Towers with Radar,0,9,15,0,24,0,23,76,1,100,0,32,91,1,124,309,2,311,435
04/09/2021,VGT,NV,AWP,WE,Towers with Radar,0,3,15,0,18,0,27,102,5,134,0,30,117,5,152,518,0,518,670
04/10/2021,VGT,NV,AWP,WE,Towers with Radar,0,10,18,0,28,0,30,133,6,169,0,40,151,6,197,340,0,340,537
04/11/2021,VGT,NV,AWP,WE,Towers with Radar,0,12,17,0,29,0,13,107,4,124,0,25,124,4,153,254,5,259,412
04/12/2021,VGT,NV,AWP,WE,Towers with Radar,0,13,22,0,35,0,16,70,8,94,0,29,92,8,129,400,0,400,529
04/13/2021,VGT,NV,AWP,WE,Towers with Radar,0,6,7,1,14,0,2,44,2,48,0,8,51,3,62,189,0,189,251
04/14/2021,VGT,NV,AWP,WE,Towers with Radar,0,9,21,0,30,0,12,74,4,90,0,21,95,4,120,332,0,332,452
04/15/2021,VGT,NV,AWP,WE,Towers with Radar,0,10,15,1,26,0,17,89,5,111,0,27,104,6,137,177,1,178,315
04/16/2021,VGT,NV,AWP,WE,Towers with Radar,0,9,21,0,30,0,26,98,6,130,0,35,119,6,160,483,0,483,643
04/17/2021,VGT,NV,AWP,WE,Towers with Radar,0,8,14,0,22,0,29,71,9,109,0,37,85,9,131,157,0,157,288
04/18/2021,VGT,NV,AWP,WE,Towers with Radar,0,9,10,0,19,0,18,82,5,105,0,27,92,5,124,248,0,248,372
04/19/2021,VGT,NV,AWP,WE,Towers with Radar,0,1,16,0,17,0,13,93,0,106,0,14,109,0,123,375,0,375,498
04/20/2021,VGT,NV,AWP,WE,Towers with Radar,0,4,9,0,13,0,16,82,5,103,0,20,91,5,116,415,0,415,531
04/21/2021,VGT,NV,AWP,WE,Towers with Radar,0,11,17,0,28,0,6,49,0,55,0,17,66,0,83,101,0,101,184
04/22/2021,VGT,NV,AWP,WE,Towers with Radar,0,7,18,0,25,0,37,120,2,159,0,44,138,2,184,390,1,391,575
04/23/2021,VGT,NV,AWP,WE,Towers with Radar,0,8,25,2,35,0,42,78,4,124,0,50,103,6,159,453,0,453,612
04/24/2021,VGT,NV,AWP,WE,Towers with Radar,0,7,6,0,13,0,7,27,0,34,0,14,33,0,47,86,43,129,176
04/25/2021,VGT,NV,AWP,WE,Towers with Radar,0,7,13,0,20,0,22,30,1,53,0,29,43,1,73,53,0,53,126
04/26/2021,VGT,NV,AWP,WE,Towers with Radar,0,3,12,0,15,0,20,46,3,69,0,23,58,3,84,229,0,229,313
04/27/2021,VGT,NV,AWP,WE,Towers with Radar,0,5,9,0,14,0,13,74,3,90,0,18,83,3,104,459,1,460,564
04/28/2021,VGT,NV,AWP,WE,Towers with Radar,0,5,15,0,20,0,14,62,2,78,0,19,77,2,98,212,3,215,313
04/29/2021,VGT,NV,AWP,WE,Towers with Radar,0,6,15,0,21,0,24,117,1,142,0,30,132,1,163,629,0,629,792
04/30/2021,VGT,NV,AWP,WE,Towers with Radar,0,8,21,0,29,0,31,141,2,174,0,39,162,2,203,648,0,648,851
05/01/2021,VGT,NV,AWP,WE,Towers with Radar,0,6,8,0,14,0,27,73,2,102,0,33,81,2,116,160,0,160,276
05/02/2021,VGT,NV,AWP,WE,Towers with Radar,0,10,15,0,25,0,16,45,0,61,0,26,60,0,86,81,0,81,167
05/03/2021,VGT,NV,AWP,WE,Towers with Radar,0,7,5,0,12,0,3,62,0,65,0,10,67,0,77,139,0,139,216
05/04/2021,VGT,NV,AWP,WE,Towers with Radar,0,5,14,0,19,0,4,106,2,112,0,9,120,2,131,539,1,540,671
05/05/2021,VGT,NV,AWP,WE,Towers with Radar,0,5,8,0,13,0,5,146,0,151,0,10,154,0,164,534,0,534,698
05/06/2021,VGT,NV,AWP,WE,Towers with Radar,0,9,17,1,27,0,22,75,1,98,0,31,92,2,125,515,0,515,640
05/07/2021,VGT,NV,AWP,WE,Towers with Radar,0,10,13,0,23,0,37,69,0,106,0,47,82,0,129,207,0,207,336
05/08/2021,VGT,NV,AWP,WE,Towers with Radar,0,8,12,0,20,0,39,74,9,122,0,47,86,9,142,124,0,124,266
05/09/2021,VGT,NV,AWP,WE,Towers with Radar,0,5,9,0,14,0,22,82,0,104,0,27,91,0,118,334,0,334,452
05/10/2021,VGT,NV,AWP,WE,Towers with Radar,0,7,9,0,16,0,13,94,2,109,0,20,103,2,125,413,2,415,540
05/11/2021,VGT,NV,AWP,WE,Towers with Radar,0,5,18,0,23,0,11,86,3,100,0,16,104,3,123,494,2,496,619
05/12/2021,VGT,NV,AWP,WE,Towers with Radar,0,13,13,0,26,0,14,106,3,123,0,27,119,3,149,535,0,535,684
05/13/2021,VGT,NV,AWP,WE,Towers with Radar,0,7,22,0,29,0,21,82,2,105,0,28,104,2,134,470,4,474,608
05/14/2021,VGT,NV,AWP,WE,Towers with Radar,0,15,10,0,25,0,33,97,2,132,0,48,107,2,157,357,0,357,514
05/15/2021,VGT,NV,AWP,WE,Towers with Radar,0,0,17,0,17,0,20,40,0,60,0,20,57,0,77,107,0,107,184
05/16/2021,VGT,NV,AWP,WE,Towers with Radar,0,7,12,0,19,0,18,76,5,99,0,25,88,5,118,255,0,255,373
05/17/2021,VGT,NV,AWP,WE,Towers with Radar,0,5,11,0,16,0,4,93,4,101,0,9,104,4,117,493,0,493,610
05/18/2021,VGT,NV,AWP,WE,Towers with Radar,0,3,18,0,21,0,13,86,1,100,0,16,104,1,121,482,0,482,603
05/19/2021,VGT,NV,AWP,WE,Towers with Radar,0,5,17,0,22,0,16,75,5,96,0,21,92,5,118,279,6,285,403
05/20/2021,VGT,NV,AWP,WE,Towers with Radar,0,3,10,0,13,0,2,21,0,23,0,5,31,0,36,18,0,18,54
05/21/2021,VGT,NV,AWP,WE,Towers with Radar,0,13,5,0,18,0,27,44,1,72,0,40,49,1,90,110,1,111,201
05/22/2021,VGT,NV,AWP,WE,Towers with Radar,0,4,10,0,14,0,45,89,0,134,0,49,99,0,148,308,0,308,456
05/23/2021,VGT,NV,AWP,WE,Towers with Radar,0,3,13,0,16,0,10,94,0,104,0,13,107,0,120,373,0,373,493
05/24/2021,VGT,NV,AWP,WE,Towers with Radar,0,8,14,0,22,0,24,112,2,138,0,32,126,2,160,372,0,372,532
05/25/2021,VGT,NV,AWP,WE,Towers with Radar,0,6,7,0,13,0,21,95,4,120,0,27,102,4,133,449,4,453,586
05/26/2021,VGT,NV,AWP,WE,Towers with Radar,0,6,14,0,20,0,11,104,2,117,0,17,118,2,137,487,1,488,625
05/27/2021,VGT,NV,AWP,WE,Towers with Radar,0,11,16,0,27,0,33,115,0,148,0,44,131,0,175,464,0,464,639
05/28/2021,VGT,NV,AWP,WE,Towers with Radar,0,10,20,0,30,0,29,121,0,150,0,39,141,0,180,488,0,488,668
05/29/2021,VGT,NV,AWP,WE,Towers with Radar,0,5,15,0,20,0,38,124,0,162,0,43,139,0,182,395,0,395,577
05/30/2021,VGT,NV,AWP,WE,Towers with Radar,0,9,8,0,17,0,43,105,6,154,0,52,113,6,171,320,0,320,491
05/31/2021,VGT,NV,AWP,WE,Towers with Radar,0,8,13,0,21,0,26,60,0,86,0,34,73,0,107,324,0,324,431
06/01/2021,VGT,NV,AWP,WE,Towers with Radar,0,9,10,0,19,0,6,108,2,116,0,15,118,2,135,405,3,408,543
06/02/2021,VGT,NV,AWP,WE,Towers with Radar,0,11,9,0,20,0,19,97,1,117,0,30,106,1,137,330,0,330,467
06/03/2021,VGT,NV,AWP,WE,Towers with Radar,0,3,17,0,20,0,22,61,4,87,0,25,78,4,107,299,1,300,407
06/04/2021,VGT,NV,AWP,WE,Towers with Radar,0,5,12,0,17,0,16,80,0,96,0,21,92,0,113,288,0,288,401
06/05/2021,VGT,NV,AWP,WE,Towers with Radar,1,8,10,0,19,0,29,102,0,131,1,37,112,0,150,352,0,352,502
06/06/2021,VGT,NV,AWP,WE,Towers with Radar,0,5,11,0,16,0,9,77,0,86,0,14,88,0,102,274,0,274,376
06/07/2021,VGT,NV,AWP,WE,Towers with Radar,0,7,15,2,24,0,7,77,3,87,0,14,92,5,111,338,3,341,452
06/08/2021,VGT,NV,AWP,WE,Towers with Radar,0,12,5,0,17,0,10,59,1,70,0,22,64,1,87,190,1,191,278
06/09/2021,VGT,NV,AWP,WE,Towers with Radar,0,11,10,1,22,0,12,90,4,106,0,23,100,5,128,271,0,271,399
06/10/2021,VGT,NV,AWP,WE,Towers with Radar,0,7,20,0,27,0,15,66,1,82,0,22,86,1,109,169,0,169,278
06/11/2021,VGT,NV,AWP,WE,Towers with Radar,0,9,14,0,23,0,21,105,4,130,0,30,119,4,153,408,0,408,561
06/12/2021,VGT,NV,AWP,WE,Towers with Radar,0,1,12,0,13,0,29,123,1,153,0,30,135,1,166,349,0,349,515
06/13/2021,VGT,NV,AWP,WE,Towers with Radar,0,12,19,0,31,0,15,95,1,111,0,27,114,1,142,281,0,281,423
06/14/2021,VGT,NV,AWP,WE,Towers with Radar,0,13,14,0,27,0,3,80,0,83,0,16,94,0,110,273,0,273,383
06/15/2021,VGT,NV,AWP,WE,Towers with Radar,0,8,10,0,18,0,9,63,0,72,0,17,73,0,90,369,0,369,459
06/16/2021,VGT,NV,AWP,WE,Towers with Radar,0,4,19,0,23,0,18,90,3,111,0,22,109,3,134,262,0,262,396
06/17/2021,VGT,NV,AWP,WE,Towers with Radar,0,5,10,0,15,0,15,86,7,108,0,20,96,7,123,204,0,204,327
06/18/2021,VGT,NV,AWP,WE,Towers with Radar,0,13,20,0,33,0,20,55,0,75,0,33,75,0,108,293,0,293,401
06/19/2021,VGT,NV,AWP,WE,Towers with Radar,0,8,10,0,18,0,28,63,0,91,0,36,73,0,109,219,0,219,328
06/20/2021,VGT,NV,AWP,WE,Towers with Radar,0,9,5,0,14,0,17,56,0,73,0,26,61,0,87,132,0,132,219
06/21/2021,VGT,NV,AWP,WE,Towers with Radar,0,10,9,0,19,0,8,72,1,81,0,18,81,1,100,227,0,227,327
06/22/2021,VGT,NV,AWP,WE,Towers with Radar,0,8,8,0,16,0,14,54,0,68,0,22,62,0,84,165,13,178,262
06/23/2021,VGT,NV,AWP,WE,Towers with Radar,0,4,8,1,13,0,8,44,0,52,0,12,52,1,65,227,0,227,292
06/24/2021,VGT,NV,AWP,WE,Towers with Radar,0,12,18,0,30,0,7,89,0,96,0,19,107,0,126,281,0,281,407
06/25/2021,VGT,NV,AWP,WE,Towers with Radar,0,16,15,0,31,0,28,92,3,123,0,44,107,3,154,272,0,272,426
06/26/2021,VGT,NV,AWP,WE,Towers with Radar,0,5,7,0,12,0,14,70,0,84,0,19,77,0,96,225,0,225,321
06/27/2021,VGT,NV,AWP,WE,Towers with Radar,0,4,10,0,14,0,12,56,0,68,0,16,66,0,82,210,0,210,292
06/28/2021,VGT,NV,AWP,WE,Towers with Radar,0,13,9,0,22,0,17,68,0,85,0,30,77,0,107,243,0,243,350
06/29/2021,VGT,NV,AWP,WE,Towers with Radar,0,4,14,0,18,0,13,55,1,69,0,17,69,1,87,307,2,309,396
06/30/2021,VGT,NV,AWP,WE,Towers with Radar,0,8,6,0,14,0,11,71,0,82,0,19,77,0,96,341,0,341,437
07/01/2021,VGT,NV,AWP,WE,Towers with Radar,0,8,8,0,16,0,13,64,2,79,0,21,72,2,95,363,0,363,458
07/02/2021,VGT,NV,AWP,WE,Towers with Radar,0,9,11,0,20,0,11,95,2,108,0,20,106,2,128,268,0,268,396
07/03/2021,VGT,NV,AWP,WE,Towers with Radar,0,5,13,0,18,0,17,80,2,99,0,22,93,2,117,256,0,256,373
07/04/2021,VGT,NV,AWP,WE,Towers with Radar,0,3,4,0,7,0,17,46,0,63,0,20,50,0,70,120,0,120,190
07/05/2021,VGT,NV,AWP,WE,Towers with Radar,0,7,9,0,16,0,24,96,0,120,0,31,105,0,136,193,0,193,329
07/06/2021,VGT,NV,AWP,WE,Towers with Radar,0,10,10,4,24,0,12,84,0,96,0,22,94,4,120,275,0,275,395
07/07/2021,VGT,NV,AWP,WE,Towers with Radar,0,10,9,0,19,0,16,63,0,79,0,26,72,0,98,269,4,273,371
07/08/2021,VGT,NV,AWP,WE,Towers with Radar,0,11,18,2,31,0,5,43,0,48,0,16,61,2,79,280,0,280,359
07/09/2021,VGT,NV,AWP,WE,Towers with Radar,0,15,15,4,34,0,18,66,1,85,0,33,81,5,119,335,1,336,455
07/10/2021,VGT,NV,AWP,WE,Towers with Radar,0,14,29,0,43,0,16,50,3,69,0,30,79,3,112,261,4,265,377
07/11/2021,VGT,NV,AWP,WE,Towers with Radar,0,11,30,0,41,0,9,74,0,83,0,20,104,0,124,296,0,296,420
07/12/2021,VGT,NV,AWP,WE,Towers with Radar,0,8,7,0,15,0,3,71,2,76,0,11,78,2,91,262,8,270,361
07/13/2021,VGT,NV,AWP,WE,Towers with Radar,0,8,10,0,18,0,13,77,2,92,0,21,87,2,110,288,2,290,400
07/14/2021,VGT,NV,AWP,WE,Towers with Radar,0,4,7,0,11,0,21,68,5,94,0,25,75,5,105,225,0,225,330
07/15/2021,VGT,NV,AWP,WE,Towers with Radar,0,5,18,0,23,0,11,76,2,89,0,16,94,2,112,374,1,375,487
07/16/2021,VGT,NV,AWP,WE,Towers with Radar,0,14,12,0,26,0,21,64,1,86,0,35,76,1,112,274,0,274,386
07/17/2021,VGT,NV,AWP,WE,Towers with Radar,0,2,13,0,15,0,25,87,2,114,0,27,100,2,129,292,0,292,421
07/18/2021,VGT,NV,AWP,WE,Towers with Radar,0,7,14,0,21,0,11,80,6,97,0,18,94,6,118,237,0,237,355
07/19/2021,VGT,NV,AWP,WE,Towers with Radar,0,9,9,1,19,0,8,72,1,81,0,17,81,2,100,305,2,307,407
07/20/2021,VGT,NV,AWP,WE,Towers with Radar,0,4,11,4,19,0,8,76,7,91,0,12,87,11,110,327,2,329,439
07/21/2021,VGT,NV,AWP,WE,Towers with Radar,0,10,9,0,19,0,12,84,5,101,0,22,93,5,120,360,9,369,489
07/22/2021,VGT,NV,AWP,WE,Towers with Radar,0,11,8,0,19,0,16,62,7,85,0,27,70,7,104,293,0,293,397
07/23/2021,VGT,NV,AWP,WE,Towers with Radar,0,7,17,0,24,0,23,66,4,93,0,30,83,4,117,277,2,279,396
07/24/2021,VGT,NV,AWP,WE,Towers with Radar,0,4,14,0,18,0,18,82,2,102,0,22,96,2,120,302,0,302,422
07/25/2021,VGT,NV,AWP,WE,Towers with Radar,0,11,20,0,31,0,6,70,0,76,0,17,90,0,107,175,0,175,282
07/26/2021,VGT,NV,AWP,WE,Towers with Radar,0,14,16,2,32,0,10,26,2,38,0,24,42,4,70,295,0,295,365
07/27/2021,VGT,NV,AWP,WE,Towers with Radar,0,8,8,0,16,0,13,66,4,83,0,21,74,4,99,405,3,408,507
07/28/2021,VGT,NV,AWP,WE,Towers with Radar,0,6,7,0,13,0,15,53,5,73,0,21,60,5,86,297,5,302,388
07/29/2021,VGT,NV,AWP,WE,Towers with Radar,0,6,17,0,23,0,13,57,0,70,0,19,74,0,93,303,3,306,399
07/30/2021,VGT,NV,AWP,WE,Towers with Radar,0,8,18,0,26,0,27,53,0,80,0,35,71,0,106,339,0,339,445
07/31/2021,VGT,NV,AWP,WE,Towers with Radar,0,6,9,0,15,0,25,79,0,104,0,31,88,0,119,356,0,356,475
08/01/2021,VGT,NV,AWP,WE,Towers with Radar,0,5,13,0,18,0,5,65,2,72,0,10,78,2,90,207,0,207,297
08/02/2021,VGT,NV,AWP,WE,Towers with Radar,0,10,11,0,21,0,18,75,1,94,0,28,86,1,115,374,6,380,495
08/03/2021,VGT,NV,AWP,WE,Towers with Radar,0,5,8,0,13,0,9,64,1,74,0,14,72,1,87,363,7,370,457
08/04/2021,VGT,NV,AWP,WE,Towers with Radar,0,3,22,0,25,0,13,52,2,67,0,16,74,2,92,367,1,368,460
08/05/2021,VGT,NV,AWP,WE,Towers with Radar,0,14,15,0,29,0,16,69,1,86,0,30,84,1,115,218,0,218,333
08/06/2021,VGT,NV,AWP,WE,Towers with Radar,0,9,12,2,23,0,4,54,0,58,0,13,66,2,81,271,0,271,352
08/07/2021,VGT,NV,AWP,WE,Towers with Radar,0,4,18,0,22,0,14,30,0,44,0,18,48,0,66,6,9,15,81
08/08/2021,VGT,NV,AWP,WE,Towers with Radar,0,5,13,0,18,0,14,54,0,68,0,19,67,0,86,212,1,213,299
08/09/2021,VGT,NV,AWP,WE,Towers with Radar,0,8,20,0,28,0,12,82,2,96,0,20,102,2,124,287,0,287,411
08/10/2021,VGT,NV,AWP,WE,Towers with Radar,0,4,17,0,21,0,8,95,1,104,0,12,112,1,125,390,2,392,517
08/11/2021,VGT,NV,AWP,WE,Towers with Radar,0,8,12,0,20,0,7,60,3,70,0,15,72,3,90,470,1,471,561
08/12/2021,VGT,NV,AWP,WE,Towers with Radar,0,7,24,1,32,0,11,65,0,76,0,18,89,1,108,296,2,298,406
08/13/2021,VGT,NV,AWP,WE,Towers with Radar,0,5,15,0,20,0,17,74,0,91,0,22,89,0,111,346,1,347,458
08/14/2021,VGT,NV,AWP,WE,Towers with Radar,0,5,16,0,21,0,18,81,0,99,0,23,97,0,120,304,1,305,425
08/15/2021,VGT,NV,AWP,WE,Towers with Radar,0,13,10,0,23,0,19,110,3,132,0,32,120,3,155,266,0,266,421
08/16/2021,VGT,NV,AWP,WE,Towers with Radar,0,3,11,0,14,0,14,53,1,68,0,17,64,1,82,378,2,380,462
08/17/2021,VGT,NV,AWP,WE,Towers with Radar,0,7,6,0,13,0,23,73,6,102,0,30,79,6,115,228,3,231,346
08/18/2021,VGT,NV,AWP,WE,Towers with Radar,0,0,16,0,16,0,4,32,5,41,0,4,48,5,57,75,5,80,137
08/19/2021,VGT,NV,AWP,WE,Towers with Radar,0,11,21,0,32,0,8,89,2,99,0,19,110,2,131,419,1,420,551
08/20/2021,VGT,NV,AWP,WE,Towers with Radar,0,1,16,0,17,0,20,95,2,117,0,21,111,2,134,366,0,366,500
08/21/2021,VGT,NV,AWP,WE,Towers with Radar,0,6,6,0,12,0,11,61,0,72,0,17,67,0,84,186,0,186,270
08/22/2021,VGT,NV,AWP,WE,Towers with Radar,0,7,26,0,33,0,9,55,1,65,0,16,81,1,98,359,0,359,457
08/23/2021,VGT,NV,AWP,WE,Towers with Radar,0,6,11,0,17,0,2,64,3,69,0,8,75,3,86,390,0,390,476
08/24/2021,VGT,NV,AWP,WE,Towers with Radar,0,5,15,0,20,0,0,76,6,82,0,5,91,6,102,315,3,318,420
08/25/2021,VGT,NV,AWP,WE,Towers with Radar,0,5,13,0,18,0,6,71,4,81,0,11,84,4,99,278,0,278,377
08/26/2021,VGT,NV,AWP,WE,Towers with Radar,0,5,16,0,21,0,14,65,8,87,0,19,81,8,108,273,2,275,383
08/27/2021,VGT,NV,AWP,WE,Towers with Radar,0,5,14,0,19,0,17,63,3,83,0,22,77,3,102,436,0,436,538
08/28/2021,VGT,NV,AWP,WE,Towers with Radar,0,2,4,0,6,0,25,104,2,131,0,27,108,2,137,357,9,366,503
08/29/2021,VGT,NV,AWP,WE,Towers with Radar,0,8,13,0,21,0,8,79,2,89,0,16,92,2,110,340,0,340,450
08/30/2021,VGT,NV,AWP,WE,Towers with Radar,0,5,9,0,14,0,3,47,1,51,0,8,56,1,65,440,0,440,505
08/31/2021,VGT,NV,AWP,WE,Towers with Radar,0,2,11,0,13,0,4,74,0,78,0,6,85,0,91,227,9,236,327
09/01/2021,VGT,NV,AWP,WE,Towers with Radar,0,12,26,0,38,0,11,95,2,108,0,23,121,2,146,373,3,376,522
09/02/2021,VGT,NV,AWP,WE,Towers with Radar,0,11,13,0,24,0,2,83,0,85,0,13,96,0,109,358,0,358,467
09/03/2021,VGT,NV,AWP,WE,Towers with Radar,0,4,13,0,17,0,16,82,0,98,0,20,95,0,115,376,1,377,492
09/04/2021,VGT,NV,AWP,WE,Towers with Radar,0,8,10,0,18,0,28,89,2,119,0,36,99,2,137,312,0,312,449
09/05/2021,VGT,NV,AWP,WE,Towers with Radar,0,5,10,0,15,0,18,63,8,89,0,23,73,8,104,291,0,291,395
09/06/2021,VGT,NV,AWP,WE,Towers with Radar,0,8,18,0,26,0,9,67,0,76,0,17,85,0,102,458,0,458,560
09/07/2021,VGT,NV,AWP,WE,Towers with Radar,0,5,15,0,20,0,14,63,3,80,0,19,78,3,100,331,7,338,438
09/08/2021,VGT,NV,AWP,WE,Towers with Radar,0,4,8,0,12,0,10,63,2,75,0,14,71,2,87,374,0,374,461
09/09/2021,VGT,NV,AWP,WE,Towers with Radar,0,8,9,0,17,0,4,59,0,63,0,12,68,0,80,327,2,329,409
09/10/2021,VGT,NV,AWP,WE,Towers with Radar,0,13,10,2,25,0,19,54,0,73,0,32,64,2,98,345,0,345,443
09/11/2021,VGT,NV,AWP,WE,Towers with Radar,0,9,15,0,24,0,29,91,6,126,0,38,106,6,150,288,3,291,441
09/12/2021,VGT,NV,AWP,WE,Towers with Radar,0,13,17,2,32,0,9,83,1,93,0,22,100,3,125,367,1,368,493
09/13/2021,VGT,NV,AWP,WE,Towers with Radar,0,6,8,0,14,0,16,69,3,88,0,22,77,3,102,259,1,260,362
09/14/2021,VGT,NV,AWP,WE,Towers with Radar,0,4,15,0,19,0,11,82,6,99,0,15,97,6,118,327,0,327,445
09/15/2021,VGT,NV,AWP,WE,Towers with Radar,0,8,11,0,19,0,17,83,1,101,0,25,94,1,120,294,5,299,419
09/16/2021,VGT,NV,AWP,WE,Towers with Radar,0,10,16,0,26,0,12,77,6,95,0,22,93,6,121,293,17,310,431
09/17/2021,VGT,NV,AWP,WE,Towers with Radar,0,13,8,0,21,0,6,59,2,67,0,19,67,2,88,303,0,303,391
09/18/2021,VGT,NV,AWP,WE,Towers with Radar,0,8,10,0,18,0,28,52,2,82,0,36,62,2,100,258,0,258,358
09/19/2021,VGT,NV,AWP,WE,Towers with Radar,0,5,15,0,20,0,15,60,0,75,0,20,75,0,95,259,0,259,354
09/20/2021,VGT,NV,AWP,WE,Towers with Radar,0,14,6,0,20,0,3,65,0,68,0,17,71,0,88,386,6,392,480
09/21/2021,VGT,NV,AWP,WE,Towers with Radar,0,7,20,0,27,0,3,76,4,83,0,10,96,4,110,539,2,541,651
09/22/2021,VGT,NV,AWP,WE,Towers with Radar,0,14,12,0,26,0,11,73,4,88,0,25,85,4,114,344,3,347,461
09/23/2021,VGT,NV,AWP,WE,Towers with Radar,0,9,14,0,23,0,24,121,3,148,0,33,135,3,171,415,0,415,586
09/24/2021,VGT,NV,AWP,WE,Towers with Radar,0,12,21,0,33,0,14,100,5,119,0,26,121,5,152,291,0,291,443
09/25/2021,VGT,NV,AWP,WE,Towers with Radar,0,6,19,0,25,0,22,90,2,114,0,28,109,2,139,423,0,423,562
09/26/2021,VGT,NV,AWP,WE,Towers with Radar,0,6,33,0,39,1,27,85,6,119,1,33,118,6,158,214,0,214,372
09/27/2021,VGT,NV,AWP,WE,Towers with Radar,0,10,10,0,20,0,2,67,6,75,0,12,77,6,95,288,0,288,383
09/28/2021,VGT,NV,AWP,WE,Towers with Radar,0,2,8,0,10,0,0,83,0,83,0,2,91,0,93,250,2,252,345
09/29/2021,VGT,NV,AWP,WE,Towers with Radar,0,9,12,0,21,0,7,62,1,70,0,16,74,1,91,353,1,354,445
09/30/2021,VGT,NV,AWP,WE,Towers with Radar,0,8,13,0,21,0,16,89,0,105,0,24,102,0,126,348,0,348,474
10/01/2021,VGT,NV,AWP,WE,Towers with Radar,0,6,26,0,32,0,2,107,0,109,0,8,133,0,141,368,0,368,509
10/02/2021,VGT,NV,AWP,WE,Towers with Radar,0,2,12,0,14,0,34,104,5,143,0,36,116,5,157,355,1,356,513
10/03/2021,VGT,NV,AWP,WE,Towers with Radar,0,11,12,0,23,0,6,90,0,96,0,17,102,0,119,358,0,358,477
10/04/2021,VGT,NV,AWP,WE,Towers with Radar,0,11,13,0,24,0,5,81,2,88,0,16,94,2,112,419,0,419,531
10/05/2021,VGT,NV,AWP,WE,Towers with Radar,0,0,11,0,11,0,3,60,5,68,0,3,71,5,79,235,0,235,314
10/06/2021,VGT,NV,AWP,WE,Towers with Radar,0,6,19,0,25,0,12,92,2,106,0,18,111,2,131,409,0,409,540
10/07/2021,VGT,NV,AWP,WE,Towers with Radar,0,5,24,0,29,0,15,81,2,98,0,20,105,2,127,379,2,381,508
10/08/2021,VGT,NV,AWP,WE,Towers with Radar,0,10,23,0,33,0,11,49,5,65,0,21,72,5,98,140,4,144,242
10/09/2021,VGT,NV,AWP,WE,Towers with Radar,0,3,25,0,28,0,25,115,0,140,0,28,140,0,168,313,0,313,481
10/10/2021,VGT,NV,AWP,WE,Towers with Radar,0,4,54,0,58,0,4,135,0,139,0,8,189,0,197,222,0,222,419
10/11/2021,VGT,NV,AWP,WE,Towers with Radar,0,21,67,0,88,0,4,44,0,48,0,25,111,0,136,86,0,86,222
10/12/2021,VGT,NV,AWP,WE,Towers with Radar,0,14,46,0,60,0,12,47,3,62,0,26,93,3,122,106,2,108,230
10/13/2021,VGT,NV,AWP,WE,Towers with Radar,0,16,53,0,69,0,5,117,3,125,0,21,170,3,194,377,2,379,573
10/14/2021,VGT,NV,AWP,WE,Towers with Radar,0,21,57,0,78,0,24,87,2,113,0,45,144,2,191,327,1,328,519
10/15/2021,VGT,NV,AWP,WE,Towers with Radar,0,16,45,0,61,0,15,83,2,100,0,31,128,2,161,335,0,335,496
10/16/2021,VGT,NV,AWP,WE,Towers with Radar,0,4,16,0,20,0,28,106,3,137,0,32,122,3,157,382,0,382,539
10/17/2021,VGT,NV,AWP,WE,Towers with Radar,0,13,24,0,37,0,13,90,0,103,0,26,114,0,140,439,0,439,579
10/18/2021,VGT,NV,AWP,WE,Towers with Radar,0,9,10,0,19,0,9,29,2,40,0,18,39,2,59,150,0,150,209
10/19/2021,VGT,NV,AWP,WE,Towers with Radar,0,6,20,0,26,0,2,71,3,76,0,8,91,3,102,522,2,524,626
10/20/2021,VGT,NV,AWP,WE,Towers with Radar,0,13,15,0,28,0,5,84,3,92,0,18,99,3,120,599,4,603,723
10/21/2021,VGT,NV,AWP,WE,Towers with Radar,0,6,16,1,23,0,15,79,5,99,0,21,95,6,122,421,8,429,551
10/22/2021,VGT,NV,AWP,WE,Towers with Radar,0,10,14,0,24,0,21,54,1,76,0,31,68,1,100,490,5,495,595
10/23/2021,VGT,NV,AWP,WE,Towers with Radar,0,4,18,0,22,0,49,91,0,140,0,53,109,0,162,404,0,404,566
10/24/2021,VGT,NV,AWP,WE,Towers with Radar,0,6,18,0,24,0,25,84,0,109,0,31,102,0,133,365,0,365,498
10/25/2021,VGT,NV,AWP,WE,Towers with Radar,0,10,13,0,23,0,0,19,2,21,0,10,32,2,44,85,2,87,131
10/26/2021,VGT,NV,AWP,WE,Towers with Radar,0,8,21,2,31,0,12,62,1,75,0,20,83,3,106,376,5,381,487
10/27/2021,VGT,NV,AWP,WE,Towers with Radar,0,7,18,0,25,0,5,80,0,85,0,12,98,0,110,592,2,594,704
10/28/2021,VGT,NV,AWP,WE,Towers with Radar,0,10,18,0,28,0,19,66,5,90,0,29,84,5,118,560,4,564,682
10/29/2021,VGT,NV,AWP,WE,Towers with Radar,0,7,18,0,25,0,25,74,0,99,0,32,92,0,124,444,0,444,568
10/30/2021,VGT,NV,AWP,WE,Towers with Radar,0,5,15,0,20,0,24,84,1,109,0,29,99,1,129,419,1,420,549
10/31/2021,VGT,NV,AWP,WE,Towers with Radar,0,10,11,0,21,0,2,76,0,78,0,12,87,0,99,183,0,183,282
11/01/2021,VGT,NV,AWP,WE,Towers with Radar,0,7,10,0,17,0,10,64,1,75,0,17,74,1,92,360,0,360,452
11/02/2021,VGT,NV,AWP,WE,Towers with Radar,0,6,21,0,27,0,3,59,2,64,0,9,80,2,91,486,0,486,577
11/03/2021,VGT,NV,AWP,WE,Towers with Radar,0,11,24,0,35,0,8,77,2,87,0,19,101,2,122,550,0,550,672
11/04/2021,VGT,NV,AWP,WE,Towers with Radar,0,8,23,0,31,0,33,74,0,107,0,41,97,0,138,486,0,486,624
11/05/2021,VGT,NV,AWP,WE,Towers with Radar,0,8,19,0,27,0,42,91,3,136,0,50,110,3,163,563,1,564,727
11/06/2021,VGT,NV,AWP,WE,Towers with Radar,0,14,18,0,32,0,27,108,2,137,0,41,126,2,169,382,0,382,551
11/07/2021,VGT,NV,AWP,WE,Towers with Radar,0,16,42,0,58,0,15,59,1,75,0,31,101,1,133,198,0,198,331
11/08/2021,VGT,NV,AWP,WE,Towers with Radar,0,10,27,0,37,0,8,71,2,81,0,18,98,2,118,307,0,307,425
11/09/2021,VGT,NV,AWP,WE,Towers with Radar,0,9,12,0,21,0,11,32,2,45,0,20,44,2,66,148,0,148,214
11/10/2021,VGT,NV,AWP,WE,Towers with Radar,0,9,25,1,35,0,21,78,2,101,0,30,103,3,136,271,3,274,410
11/11/2021,VGT,NV,AWP,WE,Towers with Radar,0,18,16,0,34,0,38,81,0,119,0,56,97,0,153,606,0,606,759
11/12/2021,VGT,NV,AWP,WE,Towers with Radar,0,10,18,0,28,0,15,76,1,92,0,25,94,1,120,632,2,634,754
11/13/2021,VGT,NV,AWP,WE,Towers with Radar,0,10,16,0,26,0,28,97,2,127,0,38,113,2,153,548,0,548,701
11/14/2021,VGT,NV,AWP,WE,Towers with Radar,0,10,19,0,29,0,10,66,0,76,0,20,85,0,105,322,0,322,427
11/15/2021,VGT,NV,AWP,WE,Towers with Radar,0,17,18,4,39,0,9,65,0,74,0,26,83,4,113,476,0,476,589
11/16/2021,VGT,NV,AWP,WE,Towers with Radar,0,9,10,2,21,0,13,55,6,74,0,22,65,8,95,467,3,470,565
11/17/2021,VGT,NV,AWP,WE,Towers with Radar,0,2,13,2,17,0,14,73,4,91,0,16,86,6,108,462,0,462,570
11/18/2021,VGT,NV,AWP,WE,Towers with Radar,0,8,13,2,23,0,21,51,3,75,0,29,64,5,98,477,3,480,578
11/19/2021,VGT,NV,AWP,WE,Towers with Radar,0,10,19,0,29,0,25,83,2,110,0,35,102,2,139,564,0,564,703
11/20/2021,VGT,NV,AWP,WE,Towers with Radar,0,5,23,0,28,0,29,126,0,155,0,34,149,0,183,456,2,458,641
11/21/2021,VGT,NV,AWP,WE,Towers with Radar,0,15,21,1,37,0,18,68,0,86,0,33,89,1,123,306,0,306,429
11/22/2021,VGT,NV,AWP,WE,Towers with Radar,0,11,19,0,30,0,19,82,0,101,0,30,101,0,131,486,0,486,617
11/23/2021,VGT,NV,AWP,WE,Towers with Radar,0,9,17,0,26,0,14,72,5,91,0,23,89,5,117,480,2,482,599
11/24/2021,VGT,NV,AWP,WE,Towers with Radar,0,7,11,0,18,0,13,48,0,61,0,20,59,0,79,59,0,59,138
11/25/2021,VGT,NV,AWP,WE,Towers with Radar,0,1,4,0,5,0,1,41,0,42,0,2,45,0,47,80,2,82,129
11/26/2021,VGT,NV,AWP,WE,Towers with Radar,0,4,16,0,20,0,22,95,0,117,0,26,111,0,137,448,0,448,585
11/27/2021,VGT,NV,AWP,WE,Towers with Radar,0,4,9,0,13,0,51,112,0,163,0,55,121,0,176,328,2,330,506
11/28/2021,VGT,NV,AWP,WE,Towers with Radar,0,8,16,0,24,0,26,105,0,131,0,34,121,0,155,252,0,252,407
11/29/2021,VGT,NV,AWP,WE,Towers with Radar,0,2,21,0,23,0,6,70,2,78,0,8,91,2,101,423,1,424,525
11/30/2021,VGT,NV,AWP,WE,Towers with Radar,0,6,20,0,26,0,7,79,6,92,0,13,99,6,118,557,10,567,685
12/01/2021,VGT,NV,AWP,WE,Towers with Radar,0,3,13,0,16,0,8,90,4,102,0,11,103,4,118,449,0,449,567
12/02/2021,VGT,NV,AWP,WE,Towers with Radar,0,11,25,2,38,0,9,84,2,95,0,20,109,4,133,402,0,402,535
12/03/2021,VGT,NV,AWP,WE,Towers with Radar,0,10,30,1,41,0,27,87,0,114,0,37,117,1,155,524,0,524,679
12/04/2021,VGT,NV,AWP,WE,Towers with Radar,0,13,23,0,36,0,46,123,1,170,0,59,146,1,206,437,0,437,643
12/05/2021,VGT,NV,AWP,WE,Towers with Radar,0,37,66,0,103,0,19,91,0,110,0,56,157,0,213,206,0,206,419
12/06/2021,VGT,NV,AWP,WE,Towers with Radar,0,20,30,0,50,0,10,75,2,87,0,30,105,2,137,465,0,465,602
12/07/2021,VGT,NV,AWP,WE,Towers with Radar,0,8,37,1,46,0,5,58,1,64,0,13,95,2,110,383,0,383,493
12/08/2021,VGT,NV,AWP,WE,Towers with Radar,0,8,26,0,34,0,3,73,0,76,0,11,99,0,110,619,1,620,730
12/09/2021,VGT,NV,AWP,WE,Towers with Radar,0,3,24,0,27,0,4,16,2,22,0,7,40,2,49,58,0,58,107
12/10/2021,VGT,NV,AWP,WE,Towers with Radar,0,13,30,0,43,0,30,94,4,128,0,43,124,4,171,427,0,427,598
12/11/2021,VGT,NV,AWP,WE,Towers with Radar,0,7,11,0,18,0,18,115,2,135,0,25,126,2,153,427,0,427,580
12/12/2021,VGT,NV,AWP,WE,Towers with Radar,0,11,26,0,37,0,15,76,3,94,0,26,102,3,131,447,1,448,579
12/13/2021,VGT,NV,AWP,WE,Towers with Radar,0,10,13,0,23,0,13,57,5,75,0,23,70,5,98,518,6,524,622
12/14/2021,VGT,NV,AWP,WE,Towers with Radar,0,7,2,0,9,0,0,13,0,13,0,7,15,0,22,77,0,77,99
12/15/2021,VGT,NV,AWP,WE,Towers with Radar,0,10,10,1,21,0,11,55,3,69,0,21,65,4,90,503,0,503,593
12/16/2021,VGT,NV,AWP,WE,Towers with Radar,0,14,5,3,22,0,27,70,1,98,0,41,75,4,120,485,0,485,605
12/17/2021,VGT,NV,AWP,WE,Towers with Radar,0,12,22,3,37,0,35,96,7,138,0,47,118,10,175,306,1,307,482
12/18/2021,VGT,NV,AWP,WE,Towers with Radar,0,8,18,0,26,0,38,66,4,108,0,46,84,4,134,374,0,374,508
12/19/2021,VGT,NV,AWP,WE,Towers with Radar,0,11,12,0,23,0,13,92,0,105,0,24,104,0,128,338,0,338,466
12/20/2021,VGT,NV,AWP,WE,Towers with Radar,0,11,21,0,32,0,4,70,0,74,0,15,91,0,106,383,0,383,489
12/21/2021,VGT,NV,AWP,WE,Towers with Radar,0,10,17,1,28,0,28,68,2,98,0,38,85,3,126,497,6,503,629
12/22/2021,VGT,NV,AWP,WE,Towers with Radar,0,7,15,0,22,0,1,91,0,92,0,8,106,0,114,476,0,476,590
12/23/2021,VGT,NV,AWP,WE,Towers with Radar,0,7,10,0,17,0,19,29,0,48,0,26,39,0,65,316,0,316,381
12/24/2021,VGT,NV,AWP,WE,Towers with Radar,0,4,7,0,11,0,4,15,0,19,0,8,22,0,30,14,0,14,44
12/25/2021,VGT,NV,AWP,WE,Towers with Radar,0,4,3,0,7,0,4,20,0,24,0,8,23,0,31,72,0,72,103
12/26/2021,VGT,NV,AWP,WE,Towers with Radar,0,6,13,0,19,0,13,37,0,50,0,19,50,0,69,73,0,73,142
12/27/2021,VGT,NV,AWP,WE,Towers with Radar,0,8,12,0,20,0,1,19,0,20,0,9,31,0,40,49,0,49,89
12/28/2021,VGT,NV,AWP,WE,Towers with Radar,0,10,20,0,30,0,35,45,0,80,0,45,65,0,110,379,0,379,489
12/29/2021,VGT,NV,AWP,WE,Towers with Radar,0,14,5,0,19,0,19,53,1,73,0,33,58,1,92,462,0,462,554
12/30/2021,VGT,NV,AWP,WE,Towers with Radar,0,7,14,0,21,0,56,25,0,81,0,63,39,0,102,212,0,212,314
12/31/2021,VGT,NV,AWP,WE,Towers with Radar,0,2,8,0,10,0,16,45,4,65,0,18,53,4,75,242,0,242,317
01/01/2022,VGT,NV,AWP,WE,Towers with Radar,0,8,8,0,16,0,46,52,6,104,0,54,60,6,120,108,0,108,228
01/02/2022,VGT,NV,AWP,WE,Towers with Radar,0,5,20,0,25,0,10,73,2,85,0,15,93,2,110,284,0,284,394
01/03/2022,VGT,NV,AWP,WE,Towers with Radar,0,9,14,2,25,0,22,60,0,82,0,31,74,2,107,443,0,443,550
01/04/2022,VGT,NV,AWP,WE,Towers with Radar,0,6,7,1,14,0,3,74,1,78,0,9,81,2,92,347,0,347,439
01/05/2022,VGT,NV,AWP,WE,Towers with Radar,0,4,10,1,15,0,6,67,2,75,0,10,77,3,90,523,2,525,615
01/06/2022,VGT,NV,AWP,WE,Towers with Radar,0,8,11,0,19,0,7,59,6,72,0,15,70,6,91,420,0,420,511
01/07/2022,VGT,NV,AWP,WE,Towers with Radar,0,8,26,0,34,0,12,64,1,77,0,20,90,1,111,499,1,500,611
01/08/2022,VGT,NV,AWP,WE,Towers with Radar,0,2,4,0,6,0,21,28,4,53,0,23,32,4,59,11,2,13,72
01/09/2022,VGT,NV,AWP,WE,Towers with Radar,0,8,10,0,18,0,4,54,12,70,0,12,64,12,88,137,2,139,227
01/10/2022,VGT,NV,AWP,WE,Towers with Radar,0,7,14,0,21,0,3,70,3,76,0,10,84,3,97,404,1,405,502
01/11/2022,VGT,NV,AWP,WE,Towers with Radar,0,11,9,4,24,0,5,57,5,67,0,16,66,9,91,227,0,227,318
01/12/2022,VGT,NV,AWP,WE,Towers with Radar,0,5,14,0,19,0,6,104,10,120,0,11,118,10,139,386,1,387,526
01/13/2022,VGT,NV,AWP,WE,Towers with Radar,0,9,12,0,21,0,5,85,1,91,0,14,97,1,112,412,0,412,524
01/14/2022,VGT,NV,AWP,WE,Towers with Radar,0,6,4,0,10,0,15,52,0,67,0,21,56,0,77,140,2,142,219
01/15/2022,VGT,NV,AWP,WE,Towers with Radar,0,3,12,0,15,0,27,117,4,148,0,30,129,4,163,419,2,421,584
01/16/2022,VGT,NV,AWP,WE,Towers with Radar,0,10,15,0,25,0,9,102,4,115,0,19,117,4,140,349,0,349,489
01/17/2022,VGT,NV,AWP,WE,Towers with Radar,0,14,13,0,27,0,16,111,2,129,0,30,124,2,156,515,0,515,671
01/18/2022,VGT,NV,AWP,WE,Towers with Radar,0,14,19,0,33,0,3,51,0,54,0,17,70,0,87,445,3,448,535
01/19/2022,VGT,NV,AWP,WE,Towers with Radar,0,9,26,0,35,0,1,84,8,93,0,10,110,8,128,623,6,629,757
01/20/2022,VGT,NV,AWP,WE,Towers with Radar,0,12,35,0,47,0,29,88,3,120,0,41,123,3,167,442,0,442,609
01/21/2022,VGT,NV,AWP,WE,Towers with Radar,0,11,20,2,33,0,9,42,2,53,0,20,62,4,86,190,1,191,277
01/22/2022,VGT,NV,AWP,WE,Towers with Radar,0,9,10,0,19,0,28,46,0,74,0,37,56,0,93,58,0,58,151
01/23/2022,VGT,NV,AWP,WE,Towers with Radar,0,7,24,0,31,0,6,72,2,80,0,13,96,2,111,251,0,251,362
01/24/2022,VGT,NV,AWP,WE,Towers with Radar,0,8,18,0,26,0,5,65,0,70,0,13,83,0,96,602,0,602,698
01/25/2022,VGT,NV,AWP,WE,Towers with Radar,0,4,13,1,18,0,9,41,2,52,0,13,54,3,70,101,0,101,171
01/26/2022,VGT,NV,AWP,WE,Towers with Radar,0,11,16,2,29,0,14,76,5,95,0,25,92,7,124,586,0,586,710
01/27/2022,VGT,NV,AWP,WE,Towers with Radar,0,8,17,1,26,0,4,81,3,88,0,12,98,4,114,300,0,300,414
01/28/2022,VGT,NV,AWP,WE,Towers with Radar,0,9,22,0,31,0,23,85,0,108,0,32,107,0,139,434,0,434,573
01/29/2022,VGT,NV,AWP,WE,Towers with Radar,0,8,11,0,19,0,27,109,0,136,0,35,120,0,155,434,0,434,589
01/30/2022,VGT,NV,AWP,WE,Towers with Radar,0,13,18,0,31,0,10,108,0,118,0,23,126,0,149,318,0,318,467
01/31/2022,VGT,NV,AWP,WE,Towers with Radar,0,8,16,0,24,0,11,77,0,88,0,19,93,0,112,463,1,464,576
02/01/2022,VGT,NV,AWP,WE,Towers with Radar,0,9,8,1,18,0,11,70,5,86,0,20,78,6,104,280,2,282,386
02/02/2022,VGT,NV,AWP,WE,Towers with Radar,0,2,11,0,13,0,10,15,6,31,0,12,26,6,44,4,0,4,48
02/03/2022,VGT,NV,AWP,WE,Towers with Radar,0,5,11,1,17,0,13,88,10,111,0,18,99,11,128,414,0,414,542
02/04/2022,VGT,NV,AWP,WE,Towers with Radar,0,6,16,1,23,0,22,122,8,152,0,28,138,9,175,459,2,461,636
02/05/2022,VGT,NV,AWP,WE,Towers with Radar,0,6,12,0,18,0,9,109,4,122,0,15,121,4,140,544,0,544,684
02/06/2022,VGT,NV,AWP,WE,Towers with Radar,0,8,14,0,22,0,14,70,0,84,0,22,84,0,106,129,0,129,235
02/07/2022,VGT,NV,AWP,WE,Towers with Radar,0,5,10,0,15,0,17,143,6,166,0,22,153,6,181,508,2,510,691
02/08/2022,VGT,NV,AWP,WE,Towers with Radar,0,10,15,1,26,0,3,117,5,125,0,13,132,6,151,477,0,477,628
02/09/2022,VGT,NV,AWP,WE,Towers with Radar,0,12,11,0,23,0,6,76,2,84,0,18,87,2,107,379,2,381,488
02/10/2022,VGT,NV,AWP,WE,Towers with Radar,0,15,19,0,34,0,28,76,2,106,0,43,95,2,140,454,0,454,594
02/11/2022,VGT,NV,AWP,WE,Towers with Radar,1,8,14,0,23,0,37,85,1,123,1,45,99,1,146,467,0,467,613
02/12/2022,VGT,NV,AWP,WE,Towers with Radar,0,4,14,1,19,0,49,110,2,161,0,53,124,3,180,598,8,606,786
02/13/2022,VGT,NV,AWP,WE,Towers with Radar,0,8,9,0,17,0,10,121,2,133,0,18,130,2,150,476,2,478,628
02/14/2022,VGT,NV,AWP,WE,Towers with Radar,0,9,25,0,34,0,55,90,1,146,0,64,115,1,180,578,1,579,759
02/15/2022,VGT,NV,AWP,WE,Towers with Radar,0,7,11,0,18,0,14,34,2,50,0,21,45,2,68,43,2,45,113
02/16/2022,VGT,NV,AWP,WE,Towers with Radar,0,8,16,0,24,0,7,58,2,67,0,15,74,2,91,96,5,101,192
02/17/2022,VGT,NV,AWP,WE,Towers with Radar,0,11,22,1,34,0,21,86,7,114,0,32,108,8,148,271,0,271,419
02/18/2022,VGT,NV,AWP,WE,Towers with Radar,0,9,31,0,40,0,13,119,4,136,0,22,150,4,176,565,4,569,745
02/19/2022,VGT,NV,AWP,WE,Towers with Radar,0,3,22,0,25,0,34,138,6,178,0,37,160,6,203,569,0,569,772
02/20/2022,VGT,NV,AWP,WE,Towers with Radar,0,4,17,0,21,0,21,86,2,109,0,25,103,2,130,340,0,340,470
02/21/2022,VGT,NV,AWP,WE,Towers with Radar,0,12,22,0,34,0,7,16,0,23,0,19,38,0,57,26,0,26,83
02/22/2022,VGT,NV,AWP,WE,Towers with Radar,0,11,10,0,21,0,8,18,1,27,0,19,28,1,48,12,0,12,60
02/23/2022,VGT,NV,AWP,WE,Towers with Radar,0,6,6,0,12,0,7,30,1,38,0,13,36,1,50,279,0,279,329
02/24/2022,VGT,NV,AWP,WE,Towers with Radar,0,10,15,0,25,0,20,131,5,156,0,30,146,5,181,669,2,671,852
02/25/2022,VGT,NV,AWP,WE,Towers with Radar,0,15,19,0,34,0,20,111,0,131,0,35,130,0,165,622,0,622,787
02/26/2022,VGT,NV,AWP,WE,Towers with Radar,0,6,16,0,22,0,29,114,6,149,0,35,130,6,171,542,1,543,714
02/27/2022,VGT,NV,AWP,WE,Towers with Radar,0,12,19,0,31,0,2,113,6,121,0,14,132,6,152,617,13,630,782
02/28/2022,VGT,NV,AWP,WE,Towers with Radar,0,4,13,0,17,0,13,103,3,119,0,17,116,3,136,650,0,650,786
03/01/2022,VGT,NV,AWP,WE,Towers with Radar,0,6,15,0,21,0,1,77,3,81,0,7,92,3,102,584,0,584,686
03/02/2022,VGT,NV,AWP,WE,Towers with Radar,0,3,16,1,20,0,15,94,6,115,0,18,110,7,135,664,4,668,803
03/03/2022,VGT,NV,AWP,WE,Towers with Radar,0,4,11,0,15,0,22,81,3,106,0,26,92,3,121,578,0,578,699
03/04/2022,VGT,NV,AWP,WE,Towers with Radar,0,7,22,0,29,0,28,53,0,81,0,35,75,0,110,407,0,407,517
03/05/2022,VGT,NV,AWP,WE,Towers with Radar,0,8,13,0,21,0,12,18,4,34,0,20,31,4,55,84,0,84,139
03/06/2022,VGT,NV,AWP,WE,Towers with Radar,0,5,21,0,26,0,19,104,5,128,0,24,125,5,154,196,0,196,350
03/07/2022,VGT,NV,AWP,WE,Towers with Radar,0,9,19,0,28,0,30,42,4,76,0,39,61,4,104,184,1,185,289
03/08/2022,VGT,NV,AWP,WE,Towers with Radar,0,9,13,0,22,0,10,101,2,113,0,19,114,2,135,584,0,584,719
03/09/2022,VGT,NV,AWP,WE,Towers with Radar,0,9,23,0,32,0,34,75,6,115,0,43,98,6,147,629,0,629,776
03/10/2022,VGT,NV,AWP,WE,Towers with Radar,1,16,32,1,50,0,2,19,1,22,1,18,51,2,72,38,0,38,110
03/11/2022,VGT,NV,AWP,WE,Towers with Radar,0,9,27,0,36,0,45,117,11,173,0,54,144,11,209,654,7,661,870
03/12/2022,VGT,NV,AWP,WE,Towers with Radar,0,1,12,0,13,0,45,145,11,201,0,46,157,11,214,625,0,625,839
03/13/2022,VGT,NV,AWP,WE,Towers with Radar,0,13,36,0,49,0,10,97,13,120,0,23,133,13,169,425,0,425,594
03/14/2022,VGT,NV,AWP,WE,Towers with Radar,0,5,10,0,15,0,16,92,4,112,0,21,102,4,127,498,1,499,626
03/15/2022,VGT,NV,AWP,WE,Towers with Radar,0,16,10,0,26,0,6,129,6,141,0,22,139,6,167,650,0,650,817
03/16/2022,VGT,NV,AWP,WE,Towers with Radar,0,8,13,0,21,0,26,56,8,90,0,34,69,8,111,77,0,77,188
03/17/2022,VGT,NV,AWP,WE,Towers with Radar,0,10,20,1,31,0,20,132,12,164,0,30,152,13,195,776,0,776,971
03/18/2022,VGT,NV,AWP,WE,Towers with Radar,0,8,19,0,27,0,21,125,9,155,0,29,144,9,182,891,0,891,1073
03/19/2022,VGT,NV,AWP,WE,Towers with Radar,0,7,16,0,23,0,25,105,4,134,0,32,121,4,157,452,0,452,609
03/20/2022,VGT,NV,AWP,WE,Towers with Radar,0,5,22,0,27,0,4,17,3,24,0,9,39,3,51,16,0,16,67
03/21/2022,VGT,NV,AWP,WE,Towers with Radar,0,7,17,0,24,2,18,46,4,70,2,25,63,4,94,155,0,155,249
03/22/2022,VGT,NV,AWP,WE,Towers with Radar,0,3,23,0,26,0,7,94,4,105,0,10,117,4,131,332,0,332,463
03/23/2022,VGT,NV,AWP,WE,Towers with Radar,1,13,18,0,32,0,9,92,3,104,1,22,110,3,136,693,0,693,829
03/24/2022,VGT,NV,AWP,WE,Towers with Radar,0,11,22,0,33,0,22,103,9,134,0,33,125,9,167,695,1,696,863
03/25/2022,VGT,NV,AWP,WE,Towers with Radar,0,9,23,0,32,0,38,108,6,152,0,47,131,6,184,633,0,633,817
03/26/2022,VGT,NV,AWP,WE,Towers with Radar,0,7,16,0,23,0,18,135,10,163,0,25,151,10,186,512,0,512,698
03/27/2022,VGT,NV,AWP,WE,Towers with Radar,0,12,30,0,42,0,19,100,8,127,0,31,130,8,169,385,0,385,554
03/28/2022,VGT,NV,AWP,WE,Towers with Radar,0,13,12,0,25,0,5,49,7,61,0,18,61,7,86,203,0,203,289
03/29/2022,VGT,NV,AWP,WE,Towers with Radar,0,3,18,0,21,0,27,85,12,124,0,30,103,12,145,332,0,332,477
03/30/2022,VGT,NV,AWP,WE,Towers with Radar,0,11,22,1,34,0,23,97,2,122,0,34,119,3,156,429,0,429,585
03/31/2022,VGT,NV,AWP,WE,Towers with Radar,0,13,21,1,35,0,32,123,7,162,0,45,144,8,197,697,1,698,895
04/01/2022,VGT,NV,AWP,WE,Towers with Radar,0,9,25,2,36,0,28,109,8,145,0,37,134,10,181,591,1,592,773
04/02/2022,VGT,NV,AWP,WE,Towers with Radar,0,2,16,1,19,0,29,123,6,158,0,31,139,7,177,519,1,520,697
04/03/2022,VGT,NV,AWP,WE,Towers with Radar,0,5,19,0,24,0,9,108,8,125,0,14,127,8,149,465,0,465,614
04/04/2022,VGT,NV,AWP,WE,Towers with Radar,0,15,11,0,26,0,14,100,2,116,0,29,111,2,142,535,2,537,679
04/05/2022,VGT,NV,AWP,WE,Towers with Radar,0,6,16,0,22,0,3,56,1,60,0,9,72,1,82,169,0,169,251
04/06/2022,VGT,NV,AWP,WE,Towers with Radar,0,8,18,0,26,0,9,107,7,123,0,17,125,7,149,294,0,294,443
04/07/2022,VGT,NV,AWP,WE,Towers with Radar,0,8,14,0,22,0,23,138,2,163,0,31,152,2,185,621,0,621,806
04/08/2022,VGT,NV,AWP,WE,Towers with Radar,0,9,17,0,26,0,23,110,5,138,0,32,127,5,164,625,0,625,789
04/09/2022,VGT,NV,AWP,WE,Towers with Radar,0,8,14,0,22,0,26,105,10,141,0,34,119,10,163,443,0,443,606
04/10/2022,VGT,NV,AWP,WE,Towers with Radar,0,11,15,0,26,0,17,94,8,119,0,28,109,8,145,218,0,218,363
04/11/2022,VGT,NV,AWP,WE,Towers with Radar,0,10,12,0,22,0,3,7,1,11,0,13,19,1,33,145,0,145,178
04/12/2022,VGT,NV,AWP,WE,Towers with Radar,0,7,6,0,13,0,11,28,6,45,0,18,34,6,58,34,6,40,98
04/13/2022,VGT,NV,AWP,WE,Towers with Radar,0,9,23,0,32,0,26,115,7,148,0,35,138,7,180,559,0,559,739
04/14/2022,VGT,NV,AWP,WE,Towers with Radar,0,10,10,0,20,0,23,96,22,141,0,33,106,22,161,507,1,508,669
04/15/2022,VGT,NV,AWP,WE,Towers with Radar,0,17,13,0,30,0,30,126,6,162,0,47,139,6,192,553,0,553,745
04/16/2022,VGT,NV,AWP,WE,Towers with Radar,0,12,5,0,17,0,1,16,0,17,0,13,21,0,34,10,0,10,44
04/17/2022,VGT,NV,AWP,WE,Towers with Radar,0,6,11,0,17,0,12,131,3,146,0,18,142,3,163,498,0,498,661
04/18/2022,VGT,NV,AWP,WE,Towers with Radar,0,9,17,0,26,0,35,85,10,130,0,44,102,10,156,501,1,502,658
04/19/2022,VGT,NV,AWP,WE,Towers with Radar,0,11,14,0,25,0,1,17,1,19,0,12,31,1,44,5,0,5,49
04/20/2022,VGT,NV,AWP,WE,Towers with Radar,0,7,15,0,22,0,22,129,12,163,0,29,144,12,185,616,0,616,801
04/21/2022,VGT,NV,AWP,WE,Towers with Radar,0,8,13,1,22,0,8,31,6,45,0,16,44,7,67,37,0,37,104
04/22/2022,VGT,NV,AWP,WE,Towers with Radar,0,15,16,1,32,0,30,52,6,88,0,45,68,7,120,162,0,162,282
04/23/2022,VGT,NV,AWP,WE,Towers with Radar,0,8,15,0,23,0,33,108,4,145,0,41,123,4,168,260,0,260,428
04/24/2022,VGT,NV,AWP,WE,Towers with Radar,0,11,12,0,23,0,13,106,4,123,0,24,118,4,146,329,0,329,475
04/25/2022,VGT,NV,AWP,WE,Towers with Radar,0,11,20,0,31,0,6,102,12,120,0,17,122,12,151,663,2,665,816
04/26/2022,VGT,NV,AWP,WE,Towers with Radar,0,5,22,0,27,0,16,100,6,122,0,21,122,6,149,556,0,556,705
04/27/2022,VGT,NV,AWP,WE,Towers with Radar,0,15,17,0,32,0,19,110,6,135,0,34,127,6,167,461,0,461,628
04/28/2022,VGT,NV,AWP,WE,Towers with Radar,0,8,12,0,20,0,21,38,19,78,0,29,50,19,98,84,2,86,184
04/29/2022,VGT,NV,AWP,WE,Towers with Radar,0,6,14,2,22,0,29,108,6,143,0,35,122,8,165,397,0,397,562
04/30/2022,VGT,NV,AWP,WE,Towers with Radar,0,5,18,0,23,0,23,142,2,167,0,28,160,2,190,594,1,595,785
05/01/2022,VGT,NV,AWP,WE,Towers with Radar,0,10,14,0,24,0,3,33,1,37,0,13,47,1,61,129,0,129,190
05/02/2022,VGT,NV,AWP,WE,Towers with Radar,0,7,17,0,24,0,6,63,4,73,0,13,80,4,97,464,0,464,561
05/03/2022,VGT,NV,AWP,WE,Towers with Radar,0,7,12,0,19,0,7,60,12,79,0,14,72,12,98,71,0,71,169
05/04/2022,VGT,NV,AWP,WE,Towers with Radar,0,12,22,0,34,0,28,111,5,144,0,40,133,5,178,700,0,700,878
05/05/2022,VGT,NV,AWP,WE,Towers with Radar,0,7,17,0,24,0,15,84,3,102,0,22,101,3,126,547,0,547,673
05/06/2022,VGT,NV,AWP,WE,Towers with Radar,0,9,17,0,26,0,31,102,10,143,0,40,119,10,169,629,0,629,798
05/07/2022,VGT,NV,AWP,WE,Towers with Radar,0,4,8,0,12,0,21,52,7,80,0,25,60,7,92,185,0,185,277
05/08/2022,VGT,NV,AWP,WE,Towers with Radar,0,7,4,0,11,0,2,40,0,42,0,9,44,0,53,197,0,197,250
05/09/2022,VGT,NV,AWP,WE,Towers with Radar,0,13,19,0,32,0,22,51,6,79,0,35,70,6,111,212,0,212,323
05/10/2022,VGT,NV,AWP,WE,Towers with Radar,0,15,10,0,25,0,27,80,6,113,0,42,90,6,138,177,0,177,315
05/11/2022,VGT,NV,AWP,WE,Towers with Radar,0,11,13,0,24,0,10,59,10,79,0,21,72,10,103,308,1,309,412
05/12/2022,VGT,NV,AWP,WE,Towers with Radar,0,16,15,0,31,0,28,118,8,154,0,44,133,8,185,619,0,619,804
05/13/2022,VGT,NV,AWP,WE,Towers with Radar,0,13,26,0,39,0,29,152,6,187,0,42,178,6,226,707,0,707,933
05/14/2022,VGT,NV,AWP,WE,Towers with Radar,0,11,17,0,28,0,30,162,13,205,0,41,179,13,233,577,0,577,810
05/15/2022,VGT,NV,AWP,WE,Towers with Radar,0,9,16,0,25,0,22,94,6,122,0,31,110,6,147,495,0,495,642
05/16/2022,VGT,NV,AWP,WE,Towers with Radar,0,8,17,0,25,0,21,74,8,103,0,29,91,8,128,476,0,476,604
05/17/2022,VGT,NV,AWP,WE,Towers with Radar,0,10,19,1,30,0,14,80,7,101,0,24,99,8,131,539,0,539,670
05/18/2022,VGT,NV,AWP,WE,Towers with Radar,0,8,14,1,23,0,20,119,5,144,0,28,133,6,167,746,0,746,913
05/19/2022,VGT,NV,AWP,WE,Towers with Radar,0,8,11,0,19,0,17,72,8,97,0,25,83,8,116,353,3,356,472
05/20/2022,VGT,NV,AWP,WE,Towers with Radar,0,10,18,0,28,0,23,64,4,91,0,33,82,4,119,119,0,119,238
05/21/2022,VGT,NV,AWP,WE,Towers with Radar,0,8,13,0,21,0,30,182,13,225,0,38,195,13,246,433,0,433,679
05/22/2022,VGT,NV,AWP,WE,Towers with Radar,0,7,11,0,18,0,23,148,8,179,0,30,159,8,197,430,1,431,628
05/23/2022,VGT,NV,AWP,WE,Towers with Radar,0,8,15,0,23,0,25,91,7,123,0,33,106,7,146,302,2,304,450
05/24/2022,VGT,NV,AWP,WE,Towers with Radar,0,6,17,0,23,0,16,104,19,139,0,22,121,19,162,536,2,538,700
05/25/2022,VGT,NV,AWP,WE,Towers with Radar,0,7,14,0,21,0,15,94,12,121,0,22,108,12,142,587,0,587,729
05/26/2022,VGT,NV,AWP,WE,Towers with Radar,0,15,22,1,38,0,34,99,3,136,0,49,121,4,174,422,0,422,596
05/27/2022,VGT,NV,AWP,WE,Towers with Radar,0,12,16,1,29,0,20,103,3,126,0,32,119,4,155,414,0,414,569
05/28/2022,VGT,NV,AWP,WE,Towers with Radar,0,13,17,0,30,0,17,120,0,137,0,30,137,0,167,254,0,254,421
05/29/2022,VGT,NV,AWP,WE,Towers with Radar,0,11,10,0,21,0,12,38,2,52,0,23,48,2,73,22,0,22,95
05/30/2022,VGT,NV,AWP,WE,Towers with Radar,0,15,15,0,30,0,28,94,0,122,0,43,109,0,152,541,0,541,693
05/31/2022,VGT,NV,AWP,WE,Towers with Radar,0,10,9,1,20,0,11,86,1,98,0,21,95,2,118,285,0,285,403
06/01/2022,VGT,NV,AWP,WE,Towers with Radar,0,6,19,0,25,0,14,103,3,120,0,20,122,3,145,443,0,443,588
06/02/2022,VGT,NV,AWP,WE,Towers with Radar,0,4,15,2,21,0,25,135,7,167,0,29,150,9,188,619,0,619,807
06/03/2022,VGT,NV,AWP,WE,Towers with Radar,0,8,14,0,22,0,31,120,3,154,0,39,134,3,176,440,0,440,616
06/04/2022,VGT,NV,AWP,WE,Towers with Radar,0,15,12,0,27,0,34,86,1,121,0,49,98,1,148,299,0,299,447
06/05/2022,VGT,NV,AWP,WE,Towers with Radar,0,7,15,0,22,0,17,119,2,138,0,24,134,2,160,376,0,376,536
06/06/2022,VGT,NV,AWP,WE,Towers with Radar,0,8,11,1,20,0,3,76,5,84,0,11,87,6,104,563,4,567,671
06/07/2022,VGT,NV,AWP,WE,Towers with Radar,0,7,8,1,16,0,7,75,14,96,0,14,83,15,112,526,0,526,638
06/08/2022,VGT,NV,AWP,WE,Towers with Radar,0,4,20,3,27,0,28,74,8,110,0,32,94,11,137,502,0,502,639
06/09/2022,VGT,NV,AWP,WE,Towers with Radar,0,6,13,1,20,0,14,76,5,95,0,20,89,6,115,349,0,349,464
06/10/2022,VGT,NV,AWP,WE,Towers with Radar,0,16,12,1,29,0,18,89,0,107,0,34,101,1,136,409,0,409,545
06/11/2022,VGT,NV,AWP,WE,Towers with Radar,0,6,14,0,20,0,7,102,0,109,0,13,116,0,129,245,0,245,374
06/12/2022,VGT,NV,AWP,WE,Towers with Radar,0,8,7,0,15,0,14,44,0,58,0,22,51,0,73,211,0,211,284
06/13/2022,VGT,NV,AWP,WE,Towers with Radar,0,6,12,0,18,0,2,57,0,59,0,8,69,0,77,148,1,149,226
06/14/2022,VGT,NV,AWP,WE,Towers with Radar,0,7,11,0,18,0,16,71,9,96,0,23,82,9,114,456,4,460,574
06/15/2022,VGT,NV,AWP,WE,Towers with Radar,0,15,12,0,27,0,12,70,5,87,0,27,82,5,114,488,1,489,603
06/16/2022,VGT,NV,AWP,WE,Towers with Radar,0,12,16,0,28,0,8,76,11,95,0,20,92,11,123,442,2,444,567
06/17/2022,VGT,NV,AWP,WE,Towers with Radar,0,9,5,0,14,0,10,62,1,73,0,19,67,1,87,356,0,356,443
06/18/2022,VGT,NV,AWP,WE,Towers with Radar,0,6,14,0,20,0,2,76,0,78,0,8,90,0,98,182,0,182,280
06/19/2022,VGT,NV,AWP,WE,Towers with Radar,0,15,11,0,26,0,13,88,0,101,0,28,99,0,127,325,1,326,453
06/20/2022,VGT,NV,AWP,WE,Towers with Radar,0,11,19,0,30,0,10,106,0,116,0,21,125,0,146,512,0,512,658
06/21/2022,VGT,NV,AWP,WE,Towers with Radar,0,9,17,5,31,0,6,89,8,103,0,15,106,13,134,513,0,513,647
06/22/2022,VGT,NV,AWP,WE,Towers with Radar,0,11,13,0,24,0,15,77,4,96,0,26,90,4,120,346,0,346,466
06/23/2022,VGT,NV,AWP,WE,Towers with Radar,0,7,8,3,18,0,15,92,8,115,0,22,100,11,133,504,3,507,640
06/24/2022,VGT,NV,AWP,WE,Towers with Radar,0,13,17,0,30,0,30,115,4,149,0,43,132,4,179,434,0,434,613
06/25/2022,VGT,NV,AWP,WE,Towers with Radar,0,7,9,0,16,0,18,97,1,116,0,25,106,1,132,376,0,376,508
06/26/2022,VGT,NV,AWP,WE,Towers with Radar,0,11,10,0,21,0,12,117,3,132,0,23,127,3,153,270,0,270,423
06/27/2022,VGT,NV,AWP,WE,Towers with Radar,0,7,10,0,17,0,13,101,5,119,0,20,111,5,136,345,0,345,481
06/28/2022,VGT,NV,AWP,WE,Towers with Radar,0,16,13,1,30,0,19,93,8,120,0,35,106,9,150,324,1,325,475
06/29/2022,VGT,NV,AWP,WE,Towers with Radar,0,12,17,0,29,0,11,92,10,113,0,23,109,10,142,304,0,304,446
06/30/2022,VGT,NV,AWP,WE,Towers with Radar,0,18,5,0,23,0,15,79,4,98,0,33,84,4,121,136,0,136,257
07/01/2022,VGT,NV,AWP,WE,Towers with Radar,0,15,16,0,31,0,31,109,4,144,0,46,125,4,175,283,0,283,458
07/02/2022,VGT,NV,AWP,WE,Towers with Radar,0,8,13,0,21,0,22,109,2,133,0,30,122,2,154,420,0,420,574
07/03/2022,VGT,NV,AWP,WE,Towers with Radar,0,7,5,0,12,0,35,65,0,100,0,42,70,0,112,172,0,172,284
07/04/2022,VGT,NV,AWP,WE,Towers with Radar,0,8,9,0,17,0,7,88,1,96,0,15,97,1,113,232,0,232,345
07/05/2022,VGT,NV,AWP,WE,Towers with Radar,0,10,10,0,20,0,8,69,0,77,0,18,79,0,97,382,0,382,479
07/06/2022,VGT,NV,AWP,WE,Towers with Radar,0,7,15,1,23,0,18,99,9,126,0,25,114,10,149,460,0,460,609
07/07/2022,VGT,NV,AWP,WE,Towers with Radar,0,9,11,2,22,0,15,99,12,126,0,24,110,14,148,496,2,498,646
07/08/2022,VGT,NV,AWP,WE,Towers with Radar,0,10,15,1,26,0,20,179,0,199,0,30,194,1,225,431,0,431,656
07/09/2022,VGT,NV,AWP,WE,Towers with Radar,0,10,7,1,18,0,7,154,5,166,0,17,161,6,184,502,6,508,692
07/10/2022,VGT,NV,AWP,WE,Towers with Radar,0,7,18,0,25,0,5,144,4,153,0,12,162,4,178,346,0,346,524
07/11/2022,VGT,NV,AWP,WE,Towers with Radar,0,10,16,4,30,0,17,120,1,138,0,27,136,5,168,328,0,328,496
07/12/2022,VGT,NV,AWP,WE,Towers with Radar,0,8,4,1,13,0,14,114,6,134,0,22,118,7,147,321,0,321,468
07/13/2022,VGT,NV,AWP,WE,Towers with Radar,0,6,9,0,15,0,23,130,11,164,0,29,139,11,179,268,0,268,447
07/14/2022,VGT,NV,AWP,WE,Towers with Radar,0,10,10,0,20,0,10,133,0,143,0,20,143,0,163,387,0,387,550
07/15/2022,VGT,NV,AWP,WE,Towers with Radar,0,7,10,0,17,0,31,172,0,203,0,38,182,0,220,376,0,376,596
07/16/2022,VGT,NV,AWP,WE,Towers with Radar,0,1,10,0,11,0,13,122,1,136,0,14,132,1,147,304,0,304,451
07/17/2022,VGT,NV,AWP,WE,Towers with Radar,0,8,8,0,16,0,11,51,2,64,0,19,59,2,80,200,0,200,280
07/18/2022,VGT,NV,AWP,WE,Towers with Radar,0,13,11,0,24,0,5,60,0,65,0,18,71,0,89,7,0,7,96
07/19/2022,VGT,NV,AWP,WE,Towers with Radar,0,13,13,0,26,0,18,139,0,157,0,31,152,0,183,34,1,35,218
07/20/2022,VGT,NV,AWP,WE,Towers with Radar,0,10,12,0,22,0,13,113,3,129,0,23,125,3,151,87,0,87,238
07/21/2022,VGT,NV,AWP,WE,Towers with Radar,0,8,15,0,23,0,12,122,5,139,0,20,137,5,162,51,0,51,213
07/22/2022,VGT,NV,AWP,WE,Towers with Radar,0,10,15,0,25,0,19,109,3,131,0,29,124,3,156,304,1,305,461
07/23/2022,VGT,NV,AWP,WE,Towers with Radar,0,11,12,0,23,0,19,135,1,155,0,30,147,1,178,251,0,251,429
07/24/2022,VGT,NV,AWP,WE,Towers with Radar,0,14,13,0,27,0,22,112,1,135,0,36,125,1,162,195,0,195,357
07/25/2022,VGT,NV,AWP,WE,Towers with Radar,0,9,10,0,19,0,7,105,0,112,0,16,115,0,131,210,0,210,341
07/26/2022,VGT,NV,AWP,WE,Towers with Radar,0,9,13,0,22,0,21,93,4,118,0,30,106,4,140,371,16,387,527
07/27/2022,VGT,NV,AWP,WE,Towers with Radar,0,3,13,0,16,0,21,67,1,89,0,24,80,1,105,512,6,518,623
07/28/2022,VGT,NV,AWP,WE,Towers with Radar,0,11,16,1,28,0,11,140,7,158,0,22,156,8,186,473,0,473,659
07/29/2022,VGT,NV,AWP,WE,Towers with Radar,0,10,12,0,22,0,15,162,2,179,0,25,174,2,201,471,0,471,672
07/30/2022,VGT,NV,AWP,WE,Towers with Radar,0,3,15,0,18,0,19,159,0,178,0,22,174,0,196,522,0,522,718
07/31/2022,VGT,NV,AWP,WE,Towers with Radar,0,9,9,0,18,0,6,77,0,83,0,15,86,0,101,337,6,343,444
08/01/2022,VGT,NV,AWP,WE,Towers with Radar,0,10,10,0,20,0,14,113,0,127,0,24,123,0,147,229,1,230,377
08/02/2022,VGT,NV,AWP,WE,Towers with Radar,0,12,7,2,21,0,13,129,3,145,0,25,136,5,166,257,0,257,423
08/03/2022,VGT,NV,AWP,WE,Towers with Radar,0,17,11,0,28,0,11,104,1,116,0,28,115,1,144,278,2,280,424
08/04/2022,VGT,NV,AWP,WE,Towers with Radar,0,9,13,1,23,0,13,98,6,117,0,22,111,7,140,206,0,206,346
08/05/2022,VGT,NV,AWP,WE,Towers with Radar,0,10,21,0,31,0,11,118,4,133,0,21,139,4,164,280,0,280,444
08/06/2022,VGT,NV,AWP,WE,Towers with Radar,0,15,11,0,26,0,10,146,1,157,0,25,157,1,183,240,0,240,423
08/07/2022,VGT,NV,AWP,WE,Towers with Radar,0,9,17,0,26,0,15,201,1,217,0,24,218,1,243,147,0,147,390
08/08/2022,VGT,NV,AWP,WE,Towers with Radar,0,13,11,0,24,0,7,138,3,148,0,20,149,3,172,236,0,236,408
08/09/2022,VGT,NV,AWP,WE,Towers with Radar,0,5,12,0,17,0,22,82,3,107,0,27,94,3,124,492,0,492,616
08/10/2022,VGT,NV,AWP,WE,Towers with Radar,0,7,8,0,15,0,9,122,9,140,0,16,130,9,155,558,0,558,713
08/11/2022,VGT,NV,AWP,WE,Towers with Radar,0,11,26,0,37,0,6,148,6,160,0,17,174,6,197,514,0,514,711
08/12/2022,VGT,NV,AWP,WE,Towers with Radar,0,9,12,0,21,0,16,139,0,155,0,25,151,0,176,448,0,448,624
08/13/2022,VGT,NV,AWP,WE,Towers with Radar,0,7,22,0,29,0,7,175,1,183,0,14,197,1,212,373,0,373,585
08/14/2022,VGT,NV,AWP,WE,Towers with Radar,0,13,18,0,31,0,15,139,0,154,0,28,157,0,185,321,0,321,506
08/15/2022,VGT,NV,AWP,WE,Towers with Radar,0,12,13,0,25,0,32,150,2,184,0,44,163,2,209,392,0,392,601
08/16/2022,VGT,NV,AWP,WE,Towers with Radar,0,6,19,0,25,0,9,114,12,135,0,15,133,12,160,489,1,490,650
08/17/2022,VGT,NV,AWP,WE,Towers with Radar,0,7,18,0,25,0,10,78,3,91,0,17,96,3,116,417,0,417,533
08/18/2022,VGT,NV,AWP,WE,Towers with Radar,0,10,17,0,27,0,16,94,7,117,0,26,111,7,144,386,0,386,530
08/19/2022,VGT,NV,AWP,WE,Towers with Radar,0,13,18,0,31,0,16,153,2,171,0,29,171,2,202,350,0,350,552
08/20/2022,VGT,NV,AWP,WE,Towers with Radar,0,7,13,0,20,0,14,175,2,191,0,21,188,2,211,335,0,335,546
08/21/2022,VGT,NV,AWP,WE,Towers with Radar,0,20,16,0,36,0,13,156,0,169,0,33,172,0,205,227,0,227,432
08/22/2022,VGT,NV,AWP,WE,Towers with Radar,0,11,12,0,23,0,13,76,2,91,0,24,88,2,114,228,0,228,342
08/23/2022,VGT,NV,AWP,WE,Towers with Radar,0,6,15,0,21,0,10,95,9,114,0,16,110,9,135,446,0,446,581
08/24/2022,VGT,NV,AWP,WE,Towers with Radar,0,8,16,0,24,0,14,83,7,104,0,22,99,7,128,405,0,405,533
08/25/2022,VGT,NV,AWP,WE,Towers with Radar,0,12,13,0,25,0,19,140,3,162,0,31,153,3,187,525,0,525,712
08/26/2022,VGT,NV,AWP,WE,Towers with Radar,0,4,15,0,19,0,16,138,1,155,0,20,153,1,174,495,0,495,669
08/27/2022,VGT,NV,AWP,WE,Towers with Radar,0,6,12,0,18,0,14,242,0,256,0,20,254,0,274,219,0,219,493
08/28/2022,VGT,NV,AWP,WE,Towers with Radar,0,1,12,0,13,0,6,186,2,194,0,7,198,2,207,286,0,286,493
08/29/2022,VGT,NV,AWP,WE,Towers with Radar,1,10,10,0,21,0,7,124,2,133,1,17,134,2,154,418,0,418,572
08/30/2022,VGT,NV,AWP,WE,Towers with Radar,0,4,11,0,15,0,7,120,3,130,0,11,131,3,145,375,0,375,520
08/31/2022,VGT,NV,AWP,WE,Towers with Radar,0,4,11,0,15,0,7,126,9,142,0,11,137,9,157,381,42,423,580
09/01/2022,VGT,NV,AWP,WE,Towers with Radar,0,10,8,1,19,0,14,172,5,191,0,24,180,6,210,310,0,310,520
09/02/2022,VGT,NV,AWP,WE,Towers with Radar,0,8,14,0,22,0,10,130,1,141,0,18,144,1,163,466,1,467,630
09/03/2022,VGT,NV,AWP,WE,Towers with Radar,0,5,12,0,17,0,13,176,0,189,0,18,188,0,206,392,0,392,598
09/04/2022,VGT,NV,AWP,WE,Towers with Radar,0,10,9,0,19,0,20,130,2,152,0,30,139,2,171,417,0,417,588
09/05/2022,VGT,NV,AWP,WE,Towers with Radar,0,14,17,0,31,0,11,129,4,144,0,25,146,4,175,317,4,321,496
09/06/2022,VGT,NV,AWP,WE,Towers with Radar,0,14,16,0,30,0,19,120,3,142,0,33,136,3,172,361,0,361,533
09/07/2022,VGT,NV,AWP,WE,Towers with Radar,0,5,12,1,18,0,5,121,9,135,0,10,133,10,153,377,0,377,530
09/08/2022,VGT,NV,AWP,WE,Towers with Radar,0,10,17,2,29,0,25,151,9,185,0,35,168,11,214,288,0,288,502
09/09/2022,VGT,NV,AWP,WE,Towers with Radar,0,11,19,0,30,0,21,81,3,105,0,32,100,3,135,135,0,135,270
09/10/2022,VGT,NV,AWP,WE,Towers with Radar,0,9,13,0,22,0,24,96,1,121,0,33,109,1,143,325,0,325,468
09/11/2022,VGT,NV,AWP,WE,Towers with Radar,0,10,16,0,26,0,19,138,0,157,0,29,154,0,183,399,0,399,582
09/12/2022,VGT,NV,AWP,WE,Towers with Radar,0,11,19,0,30,0,8,77,0,85,0,19,96,0,115,272,6,278,393
09/13/2022,VGT,NV,AWP,WE,Towers with Radar,0,8,21,0,29,0,19,78,2,99,0,27,99,2,128,360,0,360,488
09/14/2022,VGT,NV,AWP,WE,Towers with Radar,0,14,22,1,37,0,14,108,10,132,0,28,130,11,169,370,2,372,541
09/15/2022,VGT,NV,AWP,WE,Towers with Radar,1,13,19,2,35,0,14,144,2,160,1,27,163,4,195,348,0,348,543
09/16/2022,VGT,NV,AWP,WE,Towers with Radar,0,8,20,0,28,0,30,111,2,143,0,38,131,2,171,403,2,405,576
09/17/2022,VGT,NV,AWP,WE,Towers with Radar,0,6,14,0,20,0,20,180,2,202,0,26,194,2,222,329,0,329,551
09/18/2022,VGT,NV,AWP,WE,Towers with Radar,0,6,24,0,30,0,22,197,3,222,0,28,221,3,252,345,0,345,597
09/19/2022,VGT,NV,AWP,WE,Towers with Radar,0,20,13,0,33,0,73,180,1,254,0,93,193,1,287,318,0,318,605
09/20/2022,VGT,NV,AWP,WE,Towers with Radar,0,4,20,0,24,0,12,93,5,110,0,16,113,5,134,348,1,349,483
09/21/2022,VGT,NV,AWP,WE,Towers with Radar,0,13,7,0,20,0,15,73,2,90,0,28,80,2,110,364,0,364,474
09/22/2022,VGT,NV,AWP,WE,Towers with Radar,0,9,12,0,21,0,31,212,3,246,0,40,224,3,267,415,1,416,683
09/23/2022,VGT,NV,AWP,WE,Towers with Radar,0,11,26,1,38,0,23,182,1,206,0,34,208,2,244,519,0,519,763
09/24/2022,VGT,NV,AWP,WE,Towers with Radar,0,10,4,1,15,0,31,163,0,194,0,41,167,1,209,464,0,464,673
09/25/2022,VGT,NV,AWP,WE,Towers with Radar,0,9,16,0,25,0,24,126,0,150,0,33,142,0,175,375,0,375,550
09/26/2022,VGT,NV,AWP,WE,Towers with Radar,0,12,10,1,23,0,17,133,1,151,0,29,143,2,174,497,0,497,671
09/27/2022,VGT,NV,AWP,WE,Towers with Radar,0,8,10,0,18,0,25,130,13,168,0,33,140,13,186,546,0,546,732
09/28/2022,VGT,NV,AWP,WE,Towers with Radar,0,11,19,0,30,0,16,96,3,115,0,27,115,3,145,274,1,275,420
09/29/2022,VGT,NV,AWP,WE,Towers with Radar,0,14,8,1,23,0,24,173,8,205,0,38,181,9,228,461,0,461,689
09/30/2022,VGT,NV,AWP,WE,Towers with Radar,0,16,20,0,36,0,26,164,3,193,0,42,184,3,229,390,0,390,619
10/01/2022,VGT,NV,AWP,WE,Towers with Radar,0,9,7,0,16,0,28,210,1,239,0,37,217,1,255,411,0,411,666
10/02/2022,VGT,NV,AWP,WE,Towers with Radar,0,21,16,1,38,0,12,127,1,140,0,33,143,2,178,294,0,294,472
10/03/2022,VGT,NV,AWP,WE,Towers with Radar,0,10,19,0,29,0,13,99,9,121,0,23,118,9,150,272,0,272,422
10/04/2022,VGT,NV,AWP,WE,Towers with Radar,0,5,19,2,26,0,22,113,4,139,0,27,132,6,165,487,5,492,657
10/05/2022,VGT,NV,AWP,WE,Towers with Radar,0,14,12,1,27,0,13,129,8,150,0,27,141,9,177,440,0,440,617
10/06/2022,VGT,NV,AWP,WE,Towers with Radar,0,9,17,2,28,0,15,134,19,168,0,24,151,21,196,487,0,487,683
10/07/2022,VGT,NV,AWP,WE,Towers with Radar,0,9,18,0,27,0,12,150,2,164,0,21,168,2,191,413,0,413,604
10/08/2022,VGT,NV,AWP,WE,Towers with Radar,0,12,8,0,20,0,13,159,0,172,0,25,167,0,192,439,0,439,631
10/09/2022,VGT,NV,AWP,WE,Towers with Radar,0,13,16,0,29,0,9,138,2,149,0,22,154,2,178,327,0,327,505
10/10/2022,VGT,NV,AWP,WE,Towers with Radar,0,14,17,0,31,0,13,120,2,135,0,27,137,2,166,377,8,385,551
10/11/2022,VGT,NV,AWP,WE,Towers with Radar,0,9,18,0,27,0,9,140,5,154,0,18,158,5,181,467,0,467,648
10/12/2022,VGT,NV,AWP,WE,Towers with Radar,0,16,13,2,31,0,6,148,6,160,0,22,161,8,191,469,0,469,660
10/13/2022,VGT,NV,AWP,WE,Towers with Radar,0,17,22,0,39,0,11,168,6,185,0,28,190,6,224,506,0,506,730
10/14/2022,VGT,NV,AWP,WE,Towers with Radar,0,15,23,0,38,0,16,183,0,199,0,31,206,0,237,377,0,377,614
10/15/2022,VGT,NV,AWP,WE,Towers with Radar,0,10,5,0,15,0,6,176,5,187,0,16,181,5,202,401,0,401,603
10/16/2022,VGT,NV,AWP,WE,Towers with Radar,0,8,17,0,25,0,4,163,0,167,0,12,180,0,192,483,0,483,675
10/17/2022,VGT,NV,AWP,WE,Towers with Radar,0,8,10,0,18,0,5,120,1,126,0,13,130,1,144,448,0,448,592
10/18/2022,VGT,NV,AWP,WE,Towers with Radar,0,8,8,0,16,0,22,184,3,209,0,30,192,3,225,312,0,312,537
10/19/2022,VGT,NV,AWP,WE,Towers with Radar,0,6,9,0,15,0,11,164,6,181,0,17,173,6,196,62,0,62,258
10/20/2022,VGT,NV,AWP,WE,Towers with Radar,0,13,24,0,37,0,14,192,2,208,0,27,216,2,245,417,0,417,662
10/21/2022,VGT,NV,AWP,WE,Towers with Radar,0,9,22,0,31,0,26,199,3,228,0,35,221,3,259,358,0,358,617
10/22/2022,VGT,NV,AWP,WE,Towers with Radar,0,11,8,0,19,0,10,35,3,48,0,21,43,3,67,87,0,87,154
10/23/2022,VGT,NV,AWP,WE,Towers with Radar,0,10,18,0,28,0,18,75,0,93,0,28,93,0,121,73,0,73,194
10/24/2022,VGT,NV,AWP,WE,Towers with Radar,0,11,24,0,35,0,48,153,3,204,0,59,177,3,239,382,6,388,627
10/25/2022,VGT,NV,AWP,WE,Towers with Radar,0,4,11,0,15,0,25,244,2,271,0,29,255,2,286,348,1,349,635
10/26/2022,VGT,NV,AWP,WE,Towers with Radar,0,7,19,0,26,0,22,161,2,185,0,29,180,2,211,470,1,471,682
10/27/2022,VGT,NV,AWP,WE,Towers with Radar,0,11,23,0,34,0,21,203,7,231,0,32,226,7,265,484,10,494,759
10/28/2022,VGT,NV,AWP,WE,Towers with Radar,1,11,34,0,46,0,21,197,8,226,1,32,231,8,272,425,0,425,697
10/29/2022,VGT,NV,AWP,WE,Towers with Radar,0,7,15,0,22,0,24,218,2,244,0,31,233,2,266,430,0,430,696
10/30/2022,VGT,NV,AWP,WE,Towers with Radar,0,14,24,0,38,0,21,167,1,189,0,35,191,1,227,362,0,362,589
10/31/2022,VGT,NV,AWP,WE,Towers with Radar,0,6,13,0,19,0,11,151,8,170,0,17,164,8,189,433,0,433,622
11/01/2022,VGT,NV,AWP,WE,Towers with Radar,0,3,21,0,24,0,8,80,10,98,0,11,101,10,122,317,0,317,439
11/02/2022,VGT,NV,AWP,WE,Towers with Radar,0,5,23,0,28,0,19,35,9,63,0,24,58,9,91,38,0,38,129
11/03/2022,VGT,NV,AWP,WE,Towers with Radar,0,25,20,0,45,0,33,39,4,76,0,58,59,4,121,62,0,62,183
11/04/2022,VGT,NV,AWP,WE,Towers with Radar,0,8,34,2,44,0,24,246,2,272,0,32,280,4,316,362,8,370,686
11/05/2022,VGT,NV,AWP,WE,Towers with Radar,0,9,16,0,25,0,22,186,5,213,0,31,202,5,238,399,0,399,637
11/06/2022,VGT,NV,AWP,WE,Towers with Radar,0,9,24,0,33,0,11,161,0,172,0,20,185,0,205,391,0,391,596
11/07/2022,VGT,NV,AWP,WE,Towers with Radar,0,5,18,0,23,0,2,19,2,23,0,7,37,2,46,71,0,71,117
11/08/2022,VGT,NV,AWP,WE,Towers with Radar,0,2,6,0,8,0,0,19,2,21,0,2,25,2,29,187,0,187,216
11/09/2022,VGT,NV,AWP,WE,Towers with Radar,0,6,14,1,21,0,6,123,3,132,0,12,137,4,153,440,0,440,593
11/10/2022,VGT,NV,AWP,WE,Towers with Radar,0,7,24,0,31,0,8,163,1,172,0,15,187,1,203,434,0,434,637
11/11/2022,VGT,NV,AWP,WE,Towers with Radar,0,19,13,0,32,0,16,187,0,203,0,35,200,0,235,587,0,587,822
11/12/2022,VGT,NV,AWP,WE,Towers with Radar,0,8,17,0,25,0,19,268,2,289,0,27,285,2,314,432,0,432,746
11/13/2022,VGT,NV,AWP,WE,Towers with Radar,0,14,11,0,25,0,14,63,0,77,0,28,74,0,102,132,0,132,234
11/14/2022,VGT,NV,AWP,WE,Towers with Radar,0,10,20,0,30,0,23,155,3,181,0,33,175,3,211,611,0,611,822
11/15/2022,VGT,NV,AWP,WE,Towers with Radar,0,2,13,1,16,0,8,118,7,133,0,10,131,8,149,406,0,406,555
11/16/2022,VGT,NV,AWP,WE,Towers with Radar,1,7,23,0,31,0,6,123,9,138,1,13,146,9,169,288,0,288,457
11/17/2022,VGT,NV,AWP,WE,Towers with Radar,0,13,11,0,24,0,26,198,10,234,0,39,209,10,258,573,0,573,831
11/18/2022,VGT,NV,AWP,WE,Towers with Radar,0,11,19,0,30,0,14,183,5,202,0,25,202,5,232,302,6,308,540
11/19/2022,VGT,NV,AWP,WE,Towers with Radar,0,12,20,0,32,0,24,175,1,200,0,36,195,1,232,20,0,20,252
11/20/2022,VGT,NV,AWP,WE,Towers with Radar,0,6,17,0,23,0,10,228,3,241,0,16,245,3,264,22,0,22,286
11/21/2022,VGT,NV,AWP,WE,Towers with Radar,0,8,10,1,19,0,39,241,4,284,0,47,251,5,303,20,0,20,323
11/22/2022,VGT,NV,AWP,WE,Towers with Radar,0,15,9,1,25,0,21,217,8,246,0,36,226,9,271,7,0,7,278
11/23/2022,VGT,NV,AWP,WE,Towers with Radar,0,12,16,0,28,0,21,167,3,191,0,33,183,3,219,8,0,8,227
11/24/2022,VGT,NV,AWP,WE,Towers with Radar,0,4,2,0,6,0,5,55,2,62,0,9,57,2,68,0,0,0,68
11/25/2022,VGT,NV,AWP,WE,Towers with Radar,0,2,7,0,9,0,29,221,1,251,0,31,228,1,260,2,0,2,262
11/26/2022,VGT,NV,AWP,WE,Towers with Radar,0,16,19,0,35,0,22,213,3,238,0,38,232,3,273,3,0,3,276
11/27/2022,VGT,NV,AWP,WE,Towers with Radar,0,15,25,0,40,0,19,201,0,220,0,34,226,0,260,0,0,0,260
11/28/2022,VGT,NV,AWP,WE,Towers with Radar,0,12,10,1,23,0,7,184,2,193,0,19,194,3,216,0,0,0,216
11/29/2022,VGT,NV,AWP,WE,Towers with Radar,0,8,14,1,23,0,8,207,3,218,0,16,221,4,241,0,0,0,241
11/30/2022,VGT,NV,AWP,WE,Towers with Radar,0,7,14,2,23,0,14,228,12,254,0,21,242,14,277,1,2,3,280
12/01/2022,VGT,NV,AWP,WE,Towers with Radar,0,13,19,2,34,0,6,127,9,142,0,19,146,11,176,2,0,2,178
12/02/2022,VGT,NV,AWP,WE,Towers with Radar,0,19,53,1,73,0,22,231,12,265,0,41,284,13,338,12,0,12,350
12/03/2022,VGT,NV,AWP,WE,Towers with Radar,0,8,33,1,42,0,25,316,0,341,0,33,349,1,383,2,0,2,385
12/04/2022,VGT,NV,AWP,WE,Towers with Radar,0,23,39,0,62,0,23,141,8,172,0,46,180,8,234,2,0,2,236
12/05/2022,VGT,NV,AWP,WE,Towers with Radar,0,16,33,0,49,0,27,209,6,242,0,43,242,6,291,2,0,2,293
12/06/2022,VGT,NV,AWP,WE,Towers with Radar,0,7,19,2,28,0,10,219,5,234,0,17,238,7,262,3,0,3,265
12/07/2022,VGT,NV,AWP,WE,Towers with Radar,0,6,25,1,32,0,6,132,14,152,0,12,157,15,184,8,0,8,192
12/08/2022,VGT,NV,AWP,WE,Towers with Radar,0,9,30,1,40,0,15,268,15,298,0,24,298,16,338,6,0,6,344
12/09/2022,VGT,NV,AWP,WE,Towers with Radar,0,20,23,0,43,0,10,252,8,270,0,30,275,8,313,6,0,6,319
12/10/2022,VGT,NV,AWP,WE,Towers with Radar,0,12,29,0,41,0,13,250,1,264,0,25,279,1,305,3,0,3,308
12/11/2022,VGT,NV,AWP,WE,Towers with Radar,0,16,31,0,47,0,6,66,5,77,0,22,97,5,124,4,0,4,128
12/12/2022,VGT,NV,AWP,WE,Towers with Radar,0,8,18,1,27,0,14,184,4,202,0,22,202,5,229,4,0,4,233
12/13/2022,VGT,NV,AWP,WE,Towers with Radar,0,9,9,0,18,0,11,169,5,185,0,20,178,5,203,4,0,4,207
12/14/2022,VGT,NV,AWP,WE,Towers with Radar,0,0,14,0,14,0,20,182,3,205,0,20,196,3,219,2,0,2,221
12/15/2022,VGT,NV,AWP,WE,Towers with Radar,0,7,8,0,15,0,15,224,6,245,0,22,232,6,260,8,0,8,268
12/16/2022,VGT,NV,AWP,WE,Towers with Radar,0,11,22,1,34,0,23,184,3,210,0,34,206,4,244,2,0,2,246
12/17/2022,VGT,NV,AWP,WE,Towers with Radar,0,10,28,0,38,0,36,206,0,242,0,46,234,0,280,8,0,8,288
12/18/2022,VGT,NV,AWP,WE,Towers with Radar,0,10,16,0,26,0,11,147,0,158,0,21,163,0,184,8,0,8,192
12/19/2022,VGT,NV,AWP,WE,Towers with Radar,0,15,11,1,27,0,28,188,1,217,0,43,199,2,244,6,0,6,250
12/20/2022,VGT,NV,AWP,WE,Towers with Radar,0,11,13,1,25,0,18,196,6,220,0,29,209,7,245,57,0,57,302
12/21/2022,VGT,NV,AWP,WE,Towers with Radar,0,17,13,0,30,0,23,148,5,176,0,40,161,5,206,76,0,76,282
12/22/2022,VGT,NV,AWP,WE,Towers with Radar,0,6,13,0,19,0,31,213,4,248,0,37,226,4,267,50,0,50,317
12/23/2022,VGT,NV,AWP,WE,Towers with Radar,0,16,13,0,29,0,13,186,0,199,0,29,199,0,228,60,0,60,288
12/24/2022,VGT,NV,AWP,WE,Towers with Radar,0,8,1,0,9,0,0,146,0,146,0,8,147,0,155,6,0,6,161
12/25/2022,VGT,NV,AWP,WE,Towers with Radar,0,6,7,0,13,0,0,58,0,58,0,6,65,0,71,0,0,0,71
12/26/2022,VGT,NV,AWP,WE,Towers with Radar,0,7,20,0,27,0,8,114,3,125,0,15,134,3,152,0,0,0,152
12/27/2022,VGT,NV,AWP,WE,Towers with Radar,0,9,6,0,15,0,9,65,2,76,0,18,71,2,91,27,0,27,118
12/28/2022,VGT,NV,AWP,WE,Towers with Radar,0,9,16,0,25,0,33,96,2,131,0,42,112,2,156,92,0,92,248
12/29/2022,VGT,NV,AWP,WE,Towers with Radar,0,9,13,0,22,0,34,161,1,196,0,43,174,1,218,149,0,149,367
12/30/2022,VGT,NV,AWP,WE,Towers with Radar,0,22,19,0,41,0,57,106,3,166,0,79,125,3,207,301,0,301,508
12/31/2022,VGT,NV,AWP,WE,Towers with Radar,0,10,12,1,23,0,35,69,0,104,0,45,81,1,127,100,0,100,227
01/01/2023,VGT,NV,AWP,WE,Towers with Radar,0,11,14,0,25,0,31,11,0,42,0,42,25,0,67,38,0,38,105
01/02/2023,VGT,NV,AWP,WE,Towers with Radar,0,15,21,0,36,0,42,186,2,230,0,57,207,2,266,106,0,106,372
01/03/2023,VGT,NV,AWP,WE,Towers with Radar,0,7,7,0,14,0,8,143,1,152,0,15,150,1,166,126,0,126,292
01/04/2023,VGT,NV,AWP,WE,Towers with Radar,0,15,14,0,29,0,6,53,6,65,0,21,67,6,94,50,0,50,144
01/05/2023,VGT,NV,AWP,WE,Towers with Radar,0,5,12,0,17,0,10,41,2,53,0,15,53,2,70,101,4,105,175
01/06/2023,VGT,NV,AWP,WE,Towers with Radar,0,18,19,0,37,0,30,221,1,252,0,48,240,1,289,190,0,190,479
01/07/2023,VGT,NV,AWP,WE,Towers with Radar,0,10,31,0,41,0,26,226,5,257,0,36,257,5,298,0,1,1,299
01/08/2023,VGT,NV,AWP,WE,Towers with Radar,0,15,23,0,38,0,13,148,2,163,0,28,171,2,201,153,0,153,354
01/09/2023,VGT,NV,AWP,WE,Towers with Radar,0,12,9,0,21,0,8,91,4,103,0,20,100,4,124,246,0,246,370
01/10/2023,VGT,NV,AWP,WE,Towers with Radar,0,8,6,0,14,0,2,38,0,40,0,10,44,0,54,104,0,104,158
01/11/2023,VGT,NV,AWP,WE,Towers with Radar,0,9,9,0,18,0,15,195,6,216,0,24,204,6,234,158,0,158,392
01/12/2023,VGT,NV,AWP,WE,Towers with Radar,0,12,17,0,29,0,16,187,7,210,0,28,204,7,239,132,0,132,371
01/13/2023,VGT,NV,AWP,WE,Towers with Radar,0,12,19,1,32,0,12,194,3,209,0,24,213,4,241,280,0,280,521
01/14/2023,VGT,NV,AWP,WE,Towers with Radar,0,9,24,0,33,0,19,120,0,139,0,28,144,0,172,305,0,305,477
01/15/2023,VGT,NV,AWP,WE,Towers with Radar,0,4,10,1,15,0,15,116,2,133,0,19,126,3,148,300,0,300,448
01/16/2023,VGT,NV,AWP,WE,Towers with Radar,0,17,21,0,38,0,1,26,1,28,0,18,47,1,66,102,0,102,168
01/17/2023,VGT,NV,AWP,WE,Towers with Radar,0,18,25,0,43,0,9,82,2,93,0,27,107,2,136,206,0,206,342
01/18/2023,VGT,NV,AWP,WE,Towers with Radar,0,4,15,1,20,0,9,199,14,222,0,13,214,15,242,268,10,278,520
01/19/2023,VGT,NV,AWP,WE,Towers with Radar,0,14,33,1,48,0,15,126,0,141,0,29,159,1,189,282,8,290,479
01/20/2023,VGT,NV,AWP,WE,Towers with Radar,0,16,26,0,42,0,11,115,1,127,0,27,141,1,169,0,0,0,169
01/21/2023,VGT,NV,AWP,WE,Towers with Radar,0,9,16,0,25,0,27,241,1,269,0,36,257,1,294,224,0,224,518
01/22/2023,VGT,NV,AWP,WE,Towers with Radar,0,9,15,0,24,0,6,125,2,133,0,15,140,2,157,187,0,187,344
01/23/2023,VGT,NV,AWP,WE,Towers with Radar,0,6,12,0,18,0,12,42,3,57,0,18,54,3,75,12,0,12,87
01/24/2023,VGT,NV,AWP,WE,Towers with Radar,0,8,6,0,14,0,2,137,7,146,0,10,143,7,160,199,0,199,359
01/25/2023,VGT,NV,AWP,WE,Towers with Radar,0,5,10,0,15,0,9,178,11,198,0,14,188,11,213,248,2,250,463
01/26/2023,VGT,NV,AWP,WE,Towers with Radar,0,14,15,1,30,0,10,174,9,193,0,24,189,10,223,222,0,222,445
01/27/2023,VGT,NV,AWP,WE,Towers with Radar,0,15,18,0,33,0,29,225,7,261,0,44,243,7,294,236,0,236,530
01/28/2023,VGT,NV,AWP,WE,Towers with Radar,0,7,13,0,20,0,29,273,4,306,0,36,286,4,326,171,0,171,497
01/29/2023,VGT,NV,AWP,WE,Towers with Radar,0,8,16,0,24,0,21,155,0,176,0,29,171,0,200,189,0,189,389
01/30/2023,VGT,NV,AWP,WE,Towers with Radar,0,30,68,0,98,0,7,41,0,48,0,37,109,0,146,169,0,169,315
01/31/2023,VGT,NV,AWP,WE,Towers with Radar,0,11,19,0,30,0,17,129,1,147,0,28,148,1,177,128,0,128,305
02/01/2023,VGT,NV,AWP,WE,Towers with Radar,0,18,34,2,54,0,20,190,8,218,0,38,224,10,272,183,0,183,455
02/02/2023,VGT,NV,AWP,WE,Towers with Radar,0,13,37,1,51,0,20,235,15,270,0,33,272,16,321,254,0,254,575
02/03/2023,VGT,NV,AWP,WE,Towers with Radar,0,18,20,1,39,0,16,238,8,262,0,34,258,9,301,186,0,186,487
02/04/2023,VGT,NV,AWP,WE,Towers with Radar,0,3,14,0,17,0,31,228,5,264,0,34,242,5,281,218,0,218,499
02/05/2023,VGT,NV,AWP,WE,Towers with Radar,0,16,17,0,33,0,18,68,1,87,0,34,85,1,120,52,0,52,172
02/06/2023,VGT,NV,AWP,WE,Towers with Radar,0,5,9,1,15,0,18,66,5,89,0,23,75,6,104,53,0,53,157
02/07/2023,VGT,NV,AWP,WE,Towers with Radar,0,10,14,1,25,0,12,155,5,172,0,22,169,6,197,100,0,100,297
02/08/2023,VGT,NV,AWP,WE,Towers with Radar,0,6,11,0,17,0,34,246,10,290,0,40,257,10,307,242,0,242,549
02/09/2023,VGT,NV,AWP,WE,Towers with Radar,0,13,14,1,28,0,8,177,10,195,0,21,191,11,223,275,0,275,498
02/10/2023,VGT,NV,AWP,WE,Towers with Radar,0,19,13,0,32,0,21,297,4,322,0,40,310,4,354,13,1,14,368
02/11/2023,VGT,NV,AWP,WE,Towers with Radar,0,10,23,0,33,0,37,288,3,328,0,47,311,3,361,167,0,167,528
02/12/2023,VGT,NV,AWP,WE,Towers with Radar,0,9,9,1,19,0,11,162,5,178,0,20,171,6,197,164,0,164,361
02/13/2023,VGT,NV,AWP,WE,Towers with Radar,0,9,18,5,32,0,18,204,7,229,0,27,222,12,261,261,2,263,524
02/14/2023,VGT,NV,AWP,WE,Towers with Radar,0,4,9,0,13,0,28,37,3,68,0,32,46,3,81,2,0,2,83
02/15/2023,VGT,NV,AWP,WE,Towers with Radar,0,11,15,1,27,0,23,37,12,72,0,34,52,13,99,2,0,2,101
02/16/2023,VGT,NV,AWP,WE,Towers with Radar,0,19,24,0,43,0,31,218,11,260,0,50,242,11,303,91,0,91,394
02/17/2023,VGT,NV,AWP,WE,Towers with Radar,1,14,24,0,39,0,24,269,9,302,1,38,293,9,341,4,1,5,346
02/18/2023,VGT,NV,AWP,WE,Towers with Radar,0,10,17,0,27,0,34,267,4,305,0,44,284,4,332,8,0,8,340
02/19/2023,VGT,NV,AWP,WE,Towers with Radar,1,5,16,0,22,0,14,211,7,232,1,19,227,7,254,70,0,70,324
02/20/2023,VGT,NV,AWP,WE,Towers with Radar,0,18,18,1,37,0,31,228,8,267,0,49,246,9,304,260,0,260,564
02/21/2023,VGT,NV,AWP,WE,Towers with Radar,0,8,13,1,22,0,6,88,6,100,0,14,101,7,122,164,0,164,286
02/22/2023,VGT,NV,AWP,WE,Towers with Radar,0,10,12,0,22,0,14,52,4,70,0,24,64,4,92,3,0,3,95
02/23/2023,VGT,NV,AWP,WE,Towers with Radar,0,9,9,0,18,0,16,85,6,107,0,25,94,6,125,18,0,18,143
02/24/2023,VGT,NV,AWP,WE,Towers with Radar,0,11,14,0,25,0,25,163,11,199,0,36,177,11,224,2,0,2,226
02/25/2023,VGT,NV,AWP,WE,Towers with Radar,0,11,14,0,25,0,5,79,0,84,0,16,93,0,109,6,0,6,115
02/26/2023,VGT,NV,AWP,WE,Towers with Radar,0,10,21,2,33,0,28,228,3,259,0,38,249,5,292,49,0,49,341
02/27/2023,VGT,NV,AWP,WE,Towers with Radar,0,10,8,2,20,0,6,113,3,122,0,16,121,5,142,33,0,33,175
02/28/2023,VGT,NV,AWP,WE,Towers with Radar,0,5,12,3,20,0,10,193,8,211,0,15,205,11,231,88,0,88,319
03/01/2023,VGT,NV,AWP,WE,Towers with Radar,0,9,13,1,23,0,2,56,2,60,0,11,69,3,83,16,0,16,99
03/02/2023,VGT,NV,AWP,WE,Towers with Radar,0,8,12,0,20,0,27,173,8,208,0,35,185,8,228,53,0,53,281
03/03/2023,VGT,NV,AWP,WE,Towers with Radar,0,17,23,1,41,0,28,377,6,411,0,45,400,7,452,10,0,10,462
03/04/2023,VGT,NV,AWP,WE,Towers with Radar,0,21,18,0,39,0,19,142,8,169,0,40,160,8,208,5,0,5,213
03/05/2023,VGT,NV,AWP,WE,Towers with Radar,0,13,8,1,22,0,20,64,1,85,0,33,72,2,107,13,0,13,120
03/06/2023,VGT,NV,AWP,WE,Towers with Radar,0,8,17,3,28,0,13,233,4,250,0,21,250,7,278,76,0,76,354
03/07/2023,VGT,NV,AWP,WE,Towers with Radar,0,9,15,2,26,0,10,304,5,319,0,19,319,7,345,4,0,4,349
03/08/2023,VGT,NV,AWP,WE,Towers with Radar,0,8,14,2,24,0,14,138,17,169,0,22,152,19,193,7,0,7,200
03/09/2023,VGT,NV,AWP,WE,Towers with Radar,0,16,20,2,38,0,22,324,19,365,0,38,344,21,403,55,0,55,458
03/10/2023,VGT,NV,AWP,WE,Towers with Radar,0,16,12,0,28,0,21,55,1,77,0,37,67,1,105,0,0,0,105
03/11/2023,VGT,NV,AWP,WE,Towers with Radar,0,17,15,0,32,0,15,156,1,172,0,32,171,1,204,143,0,143,347
03/12/2023,VGT,NV,AWP,WE,Towers with Radar,0,23,23,2,48,0,25,268,5,298,0,48,291,7,346,242,0,242,588
03/13/2023,VGT,NV,AWP,WE,Towers with Radar,0,19,26,1,46,0,17,291,6,314,0,36,317,7,360,64,0,64,424
03/14/2023,VGT,NV,AWP,WE,Towers with Radar,0,15,27,0,42,0,7,106,2,115,0,22,133,2,157,16,0,16,173
03/15/2023,VGT,NV,AWP,WE,Towers with Radar,0,10,28,0,38,0,4,10,3,17,0,14,38,3,55,1,0,1,56
03/16/2023,VGT,NV,AWP,WE,Towers with Radar,0,33,63,0,96,0,34,214,6,254,0,67,277,6,350,90,0,90,440
03/17/2023,VGT,NV,AWP,WE,Towers with Radar,0,21,57,1,79,0,23,230,8,261,0,44,287,9,340,55,0,55,395
03/18/2023,VGT,NV,AWP,WE,Towers with Radar,0,10,18,0,28,0,23,195,0,218,0,33,213,0,246,94,0,94,340
03/19/2023,VGT,NV,AWP,WE,Towers with Radar,0,17,18,0,35,0,40,112,1,153,0,57,130,1,188,70,0,70,258
03/20/2023,VGT,NV,AWP,WE,Towers with Radar,0,8,22,0,30,0,17,201,3,221,0,25,223,3,251,158,2,160,411
03/21/2023,VGT,NV,AWP,WE,Towers with Radar,0,7,16,0,23,0,3,12,0,15,0,10,28,0,38,150,0,150,188
03/22/2023,VGT,NV,AWP,WE,Towers with Radar,0,20,8,0,28,0,16,51,6,73,0,36,59,6,101,78,0,78,179
03/23/2023,VGT,NV,AWP,WE,Towers with Radar,0,14,25,0,39,0,24,190,3,217,0,38,215,3,256,270,0,270,526
03/24/2023,VGT,NV,AWP,WE,Towers with Radar,0,11,28,0,39,0,28,155,5,188,0,39,183,5,227,160,0,160,387
03/25/2023,VGT,NV,AWP,WE,Towers with Radar,0,15,23,0,38,0,32,249,4,285,0,47,272,4,323,16,0,16,339
03/26/2023,VGT,NV,AWP,WE,Towers with Radar,0,14,32,0,46,0,22,215,10,247,0,36,247,10,293,229,0,229,522
03/27/2023,VGT,NV,AWP,WE,Towers with Radar,0,10,16,0,26,0,32,211,4,247,0,42,227,4,273,135,0,135,408
03/28/2023,VGT,NV,AWP,WE,Towers with Radar,0,16,25,0,41,0,31,221,7,259,0,47,246,7,300,434,0,434,734
03/29/2023,VGT,NV,AWP,WE,Towers with Radar,0,14,12,0,26,0,23,58,2,83,0,37,70,2,109,126,0,126,235
03/30/2023,VGT,NV,AWP,WE,Towers with Radar,0,16,8,0,24,0,12,146,1,159,0,28,154,1,183,291,0,291,474
03/31/2023,VGT,NV,AWP,WE,Towers with Radar,0,16,25,0,41,0,37,268,5,310,0,53,293,5,351,221,0,221,572
04/01/2023,VGT,NV,AWP,WE,Towers with Radar,0,20,23,0,43,0,25,232,7,264,0,45,255,7,307,240,0,240,547
04/02/2023,VGT,NV,AWP,WE,Towers with Radar,0,11,21,0,32,0,19,164,3,186,0,30,185,3,218,69,0,69,287
04/03/2023,VGT,NV,AWP,WE,Towers with Radar,0,9,4,0,13,0,3,8,0,11,0,12,12,0,24,0,3,3,27
04/04/2023,VGT,NV,AWP,WE,Towers with Radar,0,10,5,0,15,0,31,52,8,91,0,41,57,8,106,48,0,48,154
04/05/2023,VGT,NV,AWP,WE,Towers with Radar,0,19,13,0,32,0,32,264,3,299,0,51,277,3,331,374,0,374,705
04/06/2023,VGT,NV,AWP,WE,Towers with Radar,0,18,19,2,39,0,34,225,7,266,0,52,244,9,305,152,0,152,457
04/07/2023,VGT,NV,AWP,WE,Towers with Radar,0,21,11,0,32,0,40,277,1,318,0,61,288,1,350,303,2,305,655
04/08/2023,VGT,NV,AWP,WE,Towers with Radar,0,11,10,0,21,0,42,236,5,283,0,53,246,5,304,230,42,272,576
04/09/2023,VGT,NV,AWP,WE,Towers with Radar,0,15,9,0,24,0,5,180,0,185,0,20,189,0,209,270,0,270,479
04/10/2023,VGT,NV,AWP,WE,Towers with Radar,0,16,16,0,32,0,22,225,3,250,0,38,241,3,282,438,0,438,720
04/11/2023,VGT,NV,AWP,WE,Towers with Radar,0,5,11,2,18,0,25,207,4,236,0,30,218,6,254,398,0,398,652
04/12/2023,VGT,NV,AWP,WE,Towers with Radar,0,11,13,0,24,0,30,84,7,121,0,41,97,7,145,171,0,171,316
04/13/2023,VGT,NV,AWP,WE,Towers with Radar,0,15,13,0,28,0,35,163,13,211,0,50,176,13,239,114,2,116,355
04/14/2023,VGT,NV,AWP,WE,Towers with Radar,0,20,19,0,39,0,39,289,11,339,0,59,308,11,378,335,0,335,713
04/15/2023,VGT,NV,AWP,WE,Towers with Radar,0,3,13,0,16,0,31,266,1,298,0,34,279,1,314,260,0,260,574
04/16/2023,VGT,NV,AWP,WE,Towers with Radar,0,23,13,0,36,0,22,251,1,274,0,45,264,1,310,149,0,149,459
04/17/2023,VGT,NV,AWP,WE,Towers with Radar,0,14,15,0,29,0,18,104,9,131,0,32,119,9,160,84,0,84,244
04/18/2023,VGT,NV,AWP,WE,Towers with Radar,0,17,13,0,30,0,12,69,8,89,0,29,82,8,119,154,0,154,273
04/19/2023,VGT,NV,AWP,WE,Towers with Radar,0,12,14,0,26,0,19,125,8,152,0,31,139,8,178,329,0,329,507
04/20/2023,VGT,NV,AWP,WE,Towers with Radar,0,20,21,0,41,0,31,281,6,318,0,51,302,6,359,309,0,309,668
04/21/2023,VGT,NV,AWP,WE,Towers with Radar,0,7,14,0,21,0,52,243,7,302,0,59,257,7,323,255,2,257,580
04/22/2023,VGT,NV,AWP,WE,Towers with Radar,0,15,12,0,27,0,38,269,1,308,0,53,281,1,335,282,0,282,617
04/23/2023,VGT,NV,AWP,WE,Towers with Radar,0,21,21,0,42,0,30,206,4,240,0,51,227,4,282,251,0,251,533
04/24/2023,VGT,NV,AWP,WE,Towers with Radar,0,11,13,0,24,0,28,174,3,205,0,39,187,3,229,282,0,282,511
04/25/2023,VGT,NV,AWP,WE,Towers with Radar,0,14,15,0,29,0,27,90,5,122,0,41,105,5,151,224,0,224,375
04/26/2023,VGT,NV,AWP,WE,Towers with Radar,0,12,13,0,25,0,24,248,7,279,0,36,261,7,304,485,0,485,789
04/27/2023,VGT,NV,AWP,WE,Towers with Radar,0,14,22,0,36,0,37,292,4,333,0,51,314,4,369,300,0,300,669
04/28/2023,VGT,NV,AWP,WE,Towers with Radar,0,23,28,1,52,0,34,181,0,215,0,57,209,1,267,222,0,222,489
04/29/2023,VGT,NV,AWP,WE,Towers with Radar,0,7,9,1,17,0,39,293,1,333,0,46,302,2,350,402,0,402,752
04/30/2023,VGT,NV,AWP,WE,Towers with Radar,0,20,24,2,46,0,34,195,0,229,0,54,219,2,275,304,0,304,579
05/01/2023,VGT,NV,AWP,WE,Towers with Radar,0,10,19,0,29,0,15,95,1,111,0,25,114,1,140,136,0,136,276
05/02/2023,VGT,NV,AWP,WE,Towers with Radar,0,12,19,0,31,0,26,133,6,165,0,38,152,6,196,302,0,302,498
05/03/2023,VGT,NV,AWP,WE,Towers with Radar,1,17,7,0,25,0,27,142,0,169,1,44,149,0,194,335,1,336,530
05/04/2023,VGT,NV,AWP,WE,Towers with Radar,0,17,18,0,35,0,27,102,8,137,0,44,120,8,172,110,0,110,282
05/05/2023,VGT,NV,AWP,WE,Towers with Radar,0,23,25,0,48,0,32,157,0,189,0,55,182,0,237,163,0,163,400
05/06/2023,VGT,NV,AWP,WE,Towers with Radar,0,10,15,0,25,0,32,133,0,165,0,42,148,0,190,270,0,270,460
05/07/2023,VGT,NV,AWP,WE,Towers with Radar,0,22,10,2,34,0,39,245,5,289,0,61,255,7,323,376,0,376,699
05/08/2023,VGT,NV,AWP,WE,Towers with Radar,0,8,15,0,23,0,20,178,1,199,0,28,193,1,222,193,2,195,417
05/09/2023,VGT,NV,AWP,WE,Towers with Radar,0,14,12,0,26,0,29,203,8,240,0,43,215,8,266,338,0,338,604
05/10/2023,VGT,NV,AWP,WE,Towers with Radar,0,7,14,0,21,0,8,196,4,208,0,15,210,4,229,227,0,227,456
05/11/2023,VGT,NV,AWP,WE,Towers with Radar,0,16,16,0,32,0,36,237,2,275,0,52,253,2,307,256,0,256,563
05/12/2023,VGT,NV,AWP,WE,Towers with Radar,0,18,17,0,35,0,28,234,1,263,0,46,251,1,298,318,0,318,616
05/13/2023,VGT,NV,AWP,WE,Towers with Radar,0,8,25,0,33,0,24,187,1,212,0,32,212,1,245,255,0,255,500
05/14/2023,VGT,NV,AWP,WE,Towers with Radar,0,21,10,0,31,0,30,152,0,182,0,51,162,0,213,311,0,311,524
05/15/2023,VGT,NV,AWP,WE,Towers with Radar,0,10,17,0,27,0,14,221,6,241,0,24,238,6,268,420,0,420,688
05/16/2023,VGT,NV,AWP,WE,Towers with Radar,0,10,11,0,21,0,24,142,10,176,0,34,153,10,197,335,0,335,532
05/17/2023,VGT,NV,AWP,WE,Towers with Radar,0,7,11,0,18,0,23,203,5,231,0,30,214,5,249,204,0,204,453
05/18/2023,VGT,NV,AWP,WE,Towers with Radar,0,19,20,0,39,0,39,268,6,313,0,58,288,6,352,390,0,390,742
05/19/2023,VGT,NV,AWP,WE,Towers with Radar,0,7,14,0,21,0,36,207,7,250,0,43,221,7,271,289,0,289,560
05/20/2023,VGT,NV,AWP,WE,Towers with Radar,0,18,14,0,32,0,22,244,3,269,0,40,258,3,301,323,0,323,624
05/21/2023,VGT,NV,AWP,WE,Towers with Radar,0,28,21,0,49,0,33,187,4,224,0,61,208,4,273,252,0,252,525
05/22/2023,VGT,NV,AWP,WE,Towers with Radar,0,18,13,0,31,0,27,203,7,237,0,45,216,7,268,311,1,312,580
05/23/2023,VGT,NV,AWP,WE,Towers with Radar,0,11,18,1,30,0,25,194,7,226,0,36,212,8,256,191,0,191,447
05/24/2023,VGT,NV,AWP,WE,Towers with Radar,0,13,23,0,36,0,28,149,10,187,0,41,172,10,223,69,0,69,292
05/25/2023,VGT,NV,AWP,WE,Towers with Radar,0,20,8,0,28,0,32,187,9,228,0,52,195,9,256,305,0,305,561
05/26/2023,VGT,NV,AWP,WE,Towers with Radar,0,10,26,0,36,0,13,207,8,228,0,23,233,8,264,254,0,254,518
05/27/2023,VGT,NV,AWP,WE,Towers with Radar,0,8,9,0,17,0,43,228,5,276,0,51,237,5,293,152,6,158,451
05/28/2023,VGT,NV,AWP,WE,Towers with Radar,0,10,8,0,18,0,27,135,3,165,0,37,143,3,183,251,0,251,434
05/29/2023,VGT,NV,AWP,WE,Towers with Radar,0,11,18,0,29,0,28,149,6,183,0,39,167,6,212,263,0,263,475
05/30/2023,VGT,NV,AWP,WE,Towers with Radar,0,13,9,1,23,0,23,161,1,185,0,36,170,2,208,345,0,345,553
05/31/2023,VGT,NV,AWP,WE,Towers with Radar,0,18,10,0,28,0,20,197,4,221,0,38,207,4,249,127,0,127,376
06/01/2023,VGT,NV,AWP,WE,Towers with Radar,0,19,10,0,29,0,23,189,8,220,0,42,199,8,249,288,0,288,537
06/02/2023,VGT,NV,AWP,WE,Towers with Radar,0,9,14,0,23,0,23,208,5,236,0,32,222,5,259,383,0,383,642
06/03/2023,VGT,NV,AWP,WE,Towers with Radar,0,14,17,0,31,0,25,202,2,229,0,39,219,2,260,350,0,350,610
06/04/2023,VGT,NV,AWP,WE,Towers with Radar,0,14,18,0,32,0,26,213,2,241,0,40,231,2,273,301,0,301,574
06/05/2023,VGT,NV,AWP,WE,Towers with Radar,0,11,14,0,25,0,18,145,3,166,0,29,159,3,191,307,0,307,498
06/06/2023,VGT,NV,AWP,WE,Towers with Radar,0,10,12,0,22,0,22,168,4,194,0,32,180,4,216,314,0,314,530
06/07/2023,VGT,NV,AWP,WE,Towers with Radar,0,6,6,0,12,0,25,149,4,178,0,31,155,4,190,497,0,497,687
06/08/2023,VGT,NV,AWP,WE,Towers with Radar,0,12,21,0,33,0,15,204,2,221,0,27,225,2,254,413,0,413,667
06/09/2023,VGT,NV,AWP,WE,Towers with Radar,0,9,22,0,31,0,15,204,4,223,0,24,226,4,254,319,0,319,573
06/10/2023,VGT,NV,AWP,WE,Towers with Radar,0,18,14,0,32,0,42,202,13,257,0,60,216,13,289,300,2,302,591
06/11/2023,VGT,NV,AWP,WE,Towers with Radar,0,11,14,2,27,0,20,133,6,159,0,31,147,8,186,166,0,166,352
06/12/2023,VGT,NV,AWP,WE,Towers with Radar,0,13,16,0,29,0,21,144,7,172,0,34,160,7,201,427,0,427,628
06/13/2023,VGT,NV,AWP,WE,Towers with Radar,0,13,11,0,24,0,31,239,17,287,0,44,250,17,311,388,4,392,703
06/14/2023,VGT,NV,AWP,WE,Towers with Radar,0,12,10,0,22,0,20,168,14,202,0,32,178,14,224,314,0,314,538
06/15/2023,VGT,NV,AWP,WE,Towers with Radar,0,19,10,0,29,0,29,201,5,235,0,48,211,5,264,403,0,403,667
06/16/2023,VGT,NV,AWP,WE,Towers with Radar,0,23,13,0,36,0,25,146,2,173,0,48,159,2,209,138,0,138,347
06/17/2023,VGT,NV,AWP,WE,Towers with Radar,0,16,6,0,22,0,36,225,5,266,0,52,231,5,288,344,0,344,632
06/18/2023,VGT,NV,AWP,WE,Towers with Radar,0,19,12,0,31,0,26,105,2,133,0,45,117,2,164,90,0,90,254
06/19/2023,VGT,NV,AWP,WE,Towers with Radar,0,17,5,0,22,0,32,43,0,75,0,49,48,0,97,12,0,12,109
06/20/2023,VGT,NV,AWP,WE,Towers with Radar,0,15,21,0,36,0,20,227,1,248,0,35,248,1,284,344,0,344,628
06/21/2023,VGT,NV,AWP,WE,Towers with Radar,0,14,15,0,29,0,28,244,0,272,0,42,259,0,301,146,0,146,447
06/22/2023,VGT,NV,AWP,WE,Towers with Radar,0,20,19,0,39,0,41,226,5,272,0,61,245,5,311,266,0,266,577
06/23/2023,VGT,NV,AWP,WE,Towers with Radar,1,18,11,1,31,0,45,236,3,284,1,63,247,4,315,331,0,331,646
06/24/2023,VGT,NV,AWP,WE,Towers with Radar,0,16,10,0,26,0,48,200,1,249,0,64,210,1,275,252,0,252,527
06/25/2023,VGT,NV,AWP,WE,Towers with Radar,0,15,13,0,28,0,24,182,0,206,0,39,195,0,234,177,2,179,413
06/26/2023,VGT,NV,AWP,WE,Towers with Radar,0,8,7,0,15,0,23,164,1,188,0,31,171,1,203,178,0,178,381
06/27/2023,VGT,NV,AWP,WE,Towers with Radar,0,10,10,0,20,0,107,214,4,325,0,117,224,4,345,300,0,300,645
06/28/2023,VGT,NV,AWP,WE,Towers with Radar,0,17,7,0,24,0,94,201,0,295,0,111,208,0,319,182,0,182,501
06/29/2023,VGT,NV,AWP,WE,Towers with Radar,0,20,19,0,39,0,85,217,3,305,0,105,236,3,344,252,0,252,596
06/30/2023,VGT,NV,AWP,WE,Towers with Radar,0,19,12,0,31,0,95,222,1,318,0,114,234,1,349,260,0,260,609
07/01/2023,VGT,NV,AWP,WE,Towers with Radar,0,14,12,0,26,0,91,134,3,228,0,105,146,3,254,226,0,226,480
07/02/2023,VGT,NV,AWP,WE,Towers with Radar,0,7,5,0,12,0,38,117,3,158,0,45,122,3,170,234,0,234,404
07/03/2023,VGT,NV,AWP,WE,Towers with Radar,0,4,7,0,11,0,38,114,1,153,0,42,121,1,164,340,0,340,504
07/04/2023,VGT,NV,AWP,WE,Towers with Radar,0,10,4,0,14,0,47,106,1,154,0,57,110,1,168,293,0,293,461
07/05/2023,VGT,NV,AWP,WE,Towers with Radar,0,21,10,0,31,0,48,160,0,208,0,69,170,0,239,330,0,330,569
07/06/2023,VGT,NV,AWP,WE,Towers with Radar,0,11,6,0,17,0,34,207,2,243,0,45,213,2,260,387,0,387,647
07/07/2023,VGT,NV,AWP,WE,Towers with Radar,0,13,17,0,30,0,45,178,2,225,0,58,195,2,255,463,0,463,718
07/08/2023,VGT,NV,AWP,WE,Towers with Radar,0,14,9,0,23,0,43,197,0,240,0,57,206,0,263,404,0,404,667
07/09/2023,VGT,NV,AWP,WE,Towers with Radar,0,14,6,0,20,0,37,120,2,159,0,51,126,2,179,171,4,175,354
07/10/2023,VGT,NV,AWP,WE,Towers with Radar,0,17,5,0,22,0,40,164,7,211,0,57,169,7,233,241,0,241,474
07/11/2023,VGT,NV,AWP,WE,Towers with Radar,0,11,11,0,22,0,31,179,8,218,0,42,190,8,240,300,0,300,540
07/12/2023,VGT,NV,AWP,WE,Towers with Radar,0,11,12,0,23,0,42,170,3,215,0,53,182,3,238,259,0,259,497
07/13/2023,VGT,NV,AWP,WE,Towers with Radar,0,16,3,0,19,0,46,195,8,249,0,62,198,8,268,339,0,339,607
07/14/2023,VGT,NV,AWP,WE,Towers with Radar,0,16,9,2,27,0,29,157,1,187,0,45,166,3,214,352,0,352,566
07/15/2023,VGT,NV,AWP,WE,Towers with Radar,0,13,3,0,16,0,31,143,2,176,0,44,146,2,192,290,0,290,482
07/16/2023,VGT,NV,AWP,WE,Towers with Radar,0,16,5,0,21,0,28,127,2,157,0,44,132,2,178,225,0,225,403
07/17/2023,VGT,NV,AWP,WE,Towers with Radar,0,14,4,0,18,0,19,155,2,176,0,33,159,2,194,228,0,228,422
07/18/2023,VGT,NV,AWP,WE,Towers with Radar,0,6,12,0,18,0,21,188,0,209,0,27,200,0,227,287,0,287,514
07/19/2023,VGT,NV,AWP,WE,Towers with Radar,0,6,11,0,17,0,26,137,7,170,0,32,148,7,187,343,0,343,530
07/20/2023,VGT,NV,AWP,WE,Towers with Radar,0,21,15,0,36,0,26,193,3,222,0,47,208,3,258,256,0,256,514
07/21/2023,VGT,NV,AWP,WE,Towers with Radar,0,13,6,0,19,0,24,174,0,198,0,37,180,0,217,338,0,338,555
07/22/2023,VGT,NV,AWP,WE,Towers with Radar,0,15,8,0,23,0,23,120,3,146,0,38,128,3,169,286,0,286,455
07/23/2023,VGT,NV,AWP,WE,Towers with Radar,0,17,17,0,34,0,17,108,2,127,0,34,125,2,161,249,4,253,414
07/24/2023,VGT,NV,AWP,WE,Towers with Radar,0,13,8,0,21,0,32,144,0,176,0,45,152,0,197,200,0,200,397
07/25/2023,VGT,NV,AWP,WE,Towers with Radar,0,15,5,0,20,0,43,156,2,201,0,58,161,2,221,385,0,385,606
07/26/2023,VGT,NV,AWP,WE,Towers with Radar,0,11,12,0,23,0,47,138,2,187,0,58,150,2,210,299,0,299,509
07/27/2023,VGT,NV,AWP,WE,Towers with Radar,0,10,16,0,26,0,32,133,4,169,0,42,149,4,195,307,0,307,502
07/28/2023,VGT,NV,AWP,WE,Towers with Radar,0,19,12,0,31,0,31,175,0,206,0,50,187,0,237,256,2,258,495
07/29/2023,VGT,NV,AWP,WE,Towers with Radar,0,10,17,0,27,0,27,128,1,156,0,37,145,1,183,304,0,304,487
07/30/2023,VGT,NV,AWP,WE,Towers with Radar,0,16,12,0,28,0,28,134,2,164,0,44,146,2,192,180,0,180,372
07/31/2023,VGT,NV,AWP,WE,Towers with Radar,0,13,10,0,23,0,27,105,7,139,0,40,115,7,162,312,0,312,474
08/01/2023,VGT,NV,AWP,WE,Towers with Radar,0,9,3,0,12,0,33,147,2,182,0,42,150,2,194,289,0,289,483
08/02/2023,VGT,NV,AWP,WE,Towers with Radar,0,5,9,0,14,0,33,150,4,187,0,38,159,4,201,503,0,503,704
08/03/2023,VGT,NV,AWP,WE,Towers with Radar,0,13,18,0,31,0,32,189,3,224,0,45,207,3,255,414,0,414,669
08/04/2023,VGT,NV,AWP,WE,Towers with Radar,0,12,15,0,27,0,48,193,3,244,0,60,208,3,271,356,0,356,627
08/05/2023,VGT,NV,AWP,WE,Towers with Radar,0,8,20,0,28,0,30,194,2,226,0,38,214,2,254,324,4,328,582
08/06/2023,VGT,NV,AWP,WE,Towers with Radar,0,12,16,1,29,0,23,174,5,202,0,35,190,6,231,286,0,286,517
08/07/2023,VGT,NV,AWP,WE,Towers with Radar,0,17,7,0,24,0,37,153,4,194,0,54,160,4,218,318,0,318,536
08/08/2023,VGT,NV,AWP,WE,Towers with Radar,0,17,13,0,30,0,23,152,4,179,0,40,165,4,209,338,0,338,547
08/09/2023,VGT,NV,AWP,WE,Towers with Radar,0,10,13,0,23,0,28,202,4,234,0,38,215,4,257,390,0,390,647
08/10/2023,VGT,NV,AWP,WE,Towers with Radar,0,16,18,0,34,0,52,148,4,204,0,68,166,4,238,324,0,324,562
08/11/2023,VGT,NV,AWP,WE,Towers with Radar,0,19,21,0,40,0,36,190,7,233,0,55,211,7,273,420,0,420,693
08/12/2023,VGT,NV,AWP,WE,Towers with Radar,0,6,10,0,16,0,54,208,2,264,0,60,218,2,280,394,0,394,674
08/13/2023,VGT,NV,AWP,WE,Towers with Radar,0,23,20,0,43,0,34,198,2,234,0,57,218,2,277,270,0,270,547
08/14/2023,VGT,NV,AWP,WE,Towers with Radar,0,22,6,0,28,0,37,198,3,238,0,59,204,3,266,535,0,535,801
08/15/2023,VGT,NV,AWP,WE,Towers with Radar,0,12,11,0,23,0,23,166,5,194,0,35,177,5,217,426,0,426,643
08/16/2023,VGT,NV,AWP,WE,Towers with Radar,0,16,9,2,27,0,23,189,8,220,0,39,198,10,247,405,0,405,652
08/17/2023,VGT,NV,AWP,WE,Towers with Radar,0,19,20,0,39,0,35,175,16,226,0,54,195,16,265,351,0,351,616
08/18/2023,VGT,NV,AWP,WE,Towers with Radar,0,13,12,0,25,0,23,131,1,155,0,36,143,1,180,302,0,302,482
08/19/2023,VGT,NV,AWP,WE,Towers with Radar,0,8,18,0,26,0,47,103,0,150,0,55,121,0,176,314,0,314,490
08/20/2023,VGT,NV,AWP,WE,Towers with Radar,0,12,10,0,22,0,0,28,0,28,0,12,38,0,50,16,0,16,66
08/21/2023,VGT,NV,AWP,WE,Towers with Radar,0,6,12,0,18,0,10,107,4,121,0,16,119,4,139,286,1,287,426
08/22/2023,VGT,NV,AWP,WE,Towers with Radar,0,14,15,1,30,0,50,263,14,327,0,64,278,15,357,549,0,549,906
08/23/2023,VGT,NV,AWP,WE,Towers with Radar,0,8,23,0,31,0,29,191,7,227,0,37,214,7,258,568,0,568,826
08/24/2023,VGT,NV,AWP,WE,Towers with Radar,0,17,12,0,29,0,35,247,3,285,0,52,259,3,314,354,0,354,668
08/25/2023,VGT,NV,AWP,WE,Towers with Radar,0,21,18,0,39,0,23,215,4,242,0,44,233,4,281,492,2,494,775
08/26/2023,VGT,NV,AWP,WE,Towers with Radar,0,14,7,0,21,0,45,255,3,303,0,59,262,3,324,318,0,318,642
08/27/2023,VGT,NV,AWP,WE,Towers with Radar,0,9,15,0,24,0,27,197,4,228,0,36,212,4,252,452,0,452,704
08/28/2023,VGT,NV,AWP,WE,Towers with Radar,0,11,8,0,19,0,38,154,2,194,0,49,162,2,213,526,0,526,739
08/29/2023,VGT,NV,AWP,WE,Towers with Radar,0,19,12,0,31,0,22,177,6,205,0,41,189,6,236,474,0,474,710
08/30/2023,VGT,NV,AWP,WE,Towers with Radar,0,8,11,0,19,0,25,169,6,200,0,33,180,6,219,341,0,341,560
08/31/2023,VGT,NV,AWP,WE,Towers with Radar,0,19,16,0,35,0,24,158,1,183,0,43,174,1,218,238,0,238,456
