01/01/2020,VNY,CA,AWP,WE,Towers with Radar,1,91,92,0,184,0,0,198,0,198,1,91,290,0,382,183,0,183,565
01/02/2020,VNY,CA,AWP,WE,Towers with Radar,0,116,105,0,221,0,2,233,1,236,0,118,338,1,457,193,0,193,650
01/03/2020,VNY,CA,AWP,WE,Towers with Radar,0,114,125,0,239,0,1,292,0,293,0,115,417,0,532,254,0,254,786
01/04/2020,VNY,CA,AWP,WE,Towers with Radar,0,113,125,0,238,0,1,284,0,285,0,114,409,0,523,238,0,238,761
01/05/2020,VNY,CA,AWP,WE,Towers with Radar,2,102,104,0,208,0,5,178,1,184,2,107,282,1,392,93,0,93,485
01/06/2020,VNY,CA,AWP,WE,Towers with Radar,0,94,82,0,176,0,2,157,1,160,0,96,239,1,336,142,0,142,478
01/07/2020,VNY,CA,AWP,WE,Towers with Radar,2,64,77,0,143,0,1,263,4,268,2,65,340,4,411,242,0,242,653
01/08/2020,VNY,CA,AWP,WE,Towers with Radar,0,66,95,0,161,0,0,245,0,245,0,66,340,0,406,285,0,285,691
01/09/2020,VNY,CA,AWP,WE,Towers with Radar,0,91,84,0,175,0,0,206,4,210,0,91,290,4,385,288,0,288,673
01/10/2020,VNY,CA,AWP,WE,Towers with Radar,0,43,111,0,154,0,4,296,0,300,0,47,407,0,454,236,0,236,690
01/11/2020,VNY,CA,AWP,WE,Towers with Radar,0,59,76,0,135,0,5,277,0,282,0,64,353,0,417,389,0,389,806
01/12/2020,VNY,CA,AWP,WE,Towers with Radar,0,92,108,0,200,0,2,311,1,314,0,94,419,1,514,275,0,275,789
01/13/2020,VNY,CA,AWP,WE,Towers with Radar,0,53,89,0,142,0,4,215,0,219,0,57,304,0,361,278,0,278,639
01/14/2020,VNY,CA,AWP,WE,Towers with Radar,0,71,100,0,171,0,3,286,0,289,0,74,386,0,460,278,0,278,738
01/15/2020,VNY,CA,AWP,WE,Towers with Radar,0,56,79,0,135,0,2,259,1,262,0,58,338,1,397,335,0,335,732
01/16/2020,VNY,CA,AWP,WE,Towers with Radar,0,98,126,0,224,0,2,174,1,177,0,100,300,1,401,234,0,234,635
01/17/2020,VNY,CA,AWP,WE,Towers with Radar,0,117,156,0,273,0,1,286,3,290,0,118,442,3,563,295,0,295,858
01/18/2020,VNY,CA,AWP,WE,Towers with Radar,0,70,74,0,144,0,3,297,3,303,0,73,371,3,447,146,0,146,593
01/19/2020,VNY,CA,AWP,WE,Towers with Radar,0,78,87,0,165,0,4,279,0,283,0,82,366,0,448,187,0,187,635
01/20/2020,VNY,CA,AWP,WE,Towers with Radar,0,90,157,0,247,0,1,254,0,255,0,91,411,0,502,316,0,316,818
01/21/2020,VNY,CA,AWP,WE,Towers with Radar,2,68,141,0,211,0,0,212,1,213,2,68,353,1,424,345,0,345,769
01/22/2020,VNY,CA,AWP,WE,Towers with Radar,0,60,109,0,169,0,0,312,1,313,0,60,421,1,482,341,0,341,823
01/23/2020,VNY,CA,AWP,WE,Towers with Radar,2,81,112,0,195,0,2,271,0,273,2,83,383,0,468,308,0,308,776
01/24/2020,VNY,CA,AWP,WE,Towers with Radar,0,76,107,0,183,0,2,346,0,348,0,78,453,0,531,304,0,304,835
01/25/2020,VNY,CA,AWP,WE,Towers with Radar,2,51,70,0,123,0,1,266,0,267,2,52,336,0,390,288,0,288,678
01/26/2020,VNY,CA,AWP,WE,Towers with Radar,0,91,144,1,236,0,5,112,0,117,0,96,256,1,353,69,0,69,422
01/27/2020,VNY,CA,AWP,WE,Towers with Radar,0,85,87,1,173,0,2,213,0,215,0,87,300,1,388,216,0,216,604
01/28/2020,VNY,CA,AWP,WE,Towers with Radar,0,68,110,0,178,0,3,232,0,235,0,71,342,0,413,223,0,223,636
01/29/2020,VNY,CA,AWP,WE,Towers with Radar,1,65,82,0,148,0,4,118,0,122,1,69,200,0,270,11,0,11,281
01/30/2020,VNY,CA,AWP,WE,Towers with Radar,0,87,114,2,203,0,0,301,5,306,0,87,415,7,509,305,0,305,814
01/31/2020,VNY,CA,AWP,WE,Towers with Radar,0,84,96,0,180,0,2,254,1,257,0,86,350,1,437,272,0,272,709
02/01/2020,VNY,CA,AWP,WE,Towers with Radar,0,54,72,0,126,0,8,276,0,284,0,62,348,0,410,252,0,252,662
02/02/2020,VNY,CA,AWP,WE,Towers with Radar,2,69,72,0,143,0,2,262,0,264,2,71,334,0,407,244,0,244,651
02/03/2020,VNY,CA,AWP,WE,Towers with Radar,0,81,104,0,185,0,3,109,0,112,0,84,213,0,297,14,0,14,311
02/04/2020,VNY,CA,AWP,WE,Towers with Radar,0,84,76,0,160,0,2,110,0,112,0,86,186,0,272,11,0,11,283
02/05/2020,VNY,CA,AWP,WE,Towers with Radar,0,68,101,0,169,0,2,281,1,284,0,70,382,1,453,407,0,407,860
02/06/2020,VNY,CA,AWP,WE,Towers with Radar,2,80,108,0,190,0,3,354,2,359,2,83,462,2,549,354,0,354,903
02/07/2020,VNY,CA,AWP,WE,Towers with Radar,0,64,127,1,192,0,4,346,1,351,0,68,473,2,543,337,0,337,880
02/08/2020,VNY,CA,AWP,WE,Towers with Radar,0,57,78,0,135,0,3,275,1,279,0,60,353,1,414,228,0,228,642
02/09/2020,VNY,CA,AWP,WE,Towers with Radar,0,100,110,0,210,0,0,74,0,74,0,100,184,0,284,36,0,36,320
02/10/2020,VNY,CA,AWP,WE,Towers with Radar,0,91,105,0,196,0,1,95,2,98,0,92,200,2,294,51,0,51,345
02/11/2020,VNY,CA,AWP,WE,Towers with Radar,1,67,88,0,156,0,2,143,0,145,1,69,231,0,301,49,0,49,350
02/12/2020,VNY,CA,AWP,WE,Towers with Radar,1,83,116,0,200,0,1,296,0,297,1,84,412,0,497,374,0,374,871
02/13/2020,VNY,CA,AWP,WE,Towers with Radar,0,120,153,0,273,0,2,363,0,365,0,122,516,0,638,342,0,342,980
02/14/2020,VNY,CA,AWP,WE,Towers with Radar,0,120,150,0,270,0,1,327,0,328,0,121,477,0,598,308,0,308,906
02/15/2020,VNY,CA,AWP,WE,Towers with Radar,0,70,92,0,162,0,3,264,0,267,0,73,356,0,429,242,0,242,671
02/16/2020,VNY,CA,AWP,WE,Towers with Radar,0,70,75,0,145,0,1,302,0,303,0,71,377,0,448,251,0,251,699
02/17/2020,VNY,CA,AWP,WE,Towers with Radar,2,145,171,0,318,0,2,264,2,268,2,147,435,2,586,369,0,369,955
02/18/2020,VNY,CA,AWP,WE,Towers with Radar,0,105,142,0,247,0,9,132,1,142,0,114,274,1,389,150,0,150,539
02/19/2020,VNY,CA,AWP,WE,Towers with Radar,0,68,105,0,173,0,2,225,1,228,0,70,330,1,401,384,0,384,785
02/20/2020,VNY,CA,AWP,WE,Towers with Radar,0,84,119,0,203,0,0,324,0,324,0,84,443,0,527,382,0,382,909
02/21/2020,VNY,CA,AWP,WE,Towers with Radar,0,71,89,0,160,0,4,283,0,287,0,75,372,0,447,295,0,295,742
02/22/2020,VNY,CA,AWP,WE,Towers with Radar,2,71,99,0,172,0,1,86,0,87,2,72,185,0,259,117,0,117,376
02/23/2020,VNY,CA,AWP,WE,Towers with Radar,1,103,115,0,219,0,3,276,1,280,1,106,391,1,499,276,0,276,775
02/24/2020,VNY,CA,AWP,WE,Towers with Radar,0,57,99,2,158,0,0,217,1,218,0,57,316,3,376,313,0,313,689
02/25/2020,VNY,CA,AWP,WE,Towers with Radar,0,59,61,0,120,0,0,188,0,188,0,59,249,0,308,119,0,119,427
02/26/2020,VNY,CA,AWP,WE,Towers with Radar,0,70,104,0,174,0,1,282,0,283,0,71,386,0,457,141,0,141,598
02/27/2020,VNY,CA,AWP,WE,Towers with Radar,0,95,82,0,177,0,0,286,0,286,0,95,368,0,463,405,0,405,868
02/28/2020,VNY,CA,AWP,WE,Towers with Radar,2,84,113,0,199,0,2,304,0,306,2,86,417,0,505,330,0,330,835
02/29/2020,VNY,CA,AWP,WE,Towers with Radar,0,56,67,0,123,0,0,335,1,336,0,56,402,1,459,312,0,312,771
03/01/2020,VNY,CA,AWP,WE,Towers with Radar,0,103,111,0,214,0,0,85,0,85,0,103,196,0,299,123,0,123,422
03/02/2020,VNY,CA,AWP,WE,Towers with Radar,2,86,73,0,161,0,4,115,3,122,2,90,188,3,283,136,0,136,419
03/03/2020,VNY,CA,AWP,WE,Towers with Radar,0,67,69,0,136,0,0,216,0,216,0,67,285,0,352,249,0,249,601
03/04/2020,VNY,CA,AWP,WE,Towers with Radar,0,86,103,0,189,0,3,294,1,298,0,89,397,1,487,238,0,238,725
03/05/2020,VNY,CA,AWP,WE,Towers with Radar,0,95,113,0,208,0,3,296,0,299,0,98,409,0,507,247,0,247,754
03/06/2020,VNY,CA,AWP,WE,Towers with Radar,0,85,128,0,213,0,7,334,1,342,0,92,462,1,555,391,0,391,946
03/07/2020,VNY,CA,AWP,WE,Towers with Radar,0,58,71,0,129,0,2,168,2,172,0,60,239,2,301,359,0,359,660
03/08/2020,VNY,CA,AWP,WE,Towers with Radar,0,91,149,0,240,0,1,166,0,167,0,92,315,0,407,474,0,474,881
03/09/2020,VNY,CA,AWP,WE,Towers with Radar,0,60,114,0,174,0,1,199,0,200,0,61,313,0,374,365,0,365,739
03/10/2020,VNY,CA,AWP,WE,Towers with Radar,0,68,102,1,171,0,0,29,0,29,0,68,131,1,200,14,0,14,214
03/11/2020,VNY,CA,AWP,WE,Towers with Radar,0,97,95,0,192,0,1,147,3,151,0,98,242,3,343,245,0,245,588
03/12/2020,VNY,CA,AWP,WE,Towers with Radar,0,106,112,0,218,0,0,93,1,94,0,106,205,1,312,242,0,242,554
03/13/2020,VNY,CA,AWP,WE,Towers with Radar,0,84,123,0,207,0,0,24,0,24,0,84,147,0,231,0,0,0,231
03/14/2020,VNY,CA,AWP,WE,Towers with Radar,0,63,103,0,166,0,0,26,0,26,0,63,129,0,192,42,0,42,234
03/15/2020,VNY,CA,AWP,WE,Towers with Radar,0,94,104,0,198,0,0,134,0,134,0,94,238,0,332,296,0,296,628
03/16/2020,VNY,CA,AWP,WE,Towers with Radar,0,59,89,0,148,0,0,50,1,51,0,59,139,1,199,42,0,42,241
03/17/2020,VNY,CA,AWP,WE,Towers with Radar,0,57,67,0,124,0,0,150,0,150,0,57,217,0,274,195,0,195,469
03/18/2020,VNY,CA,AWP,WE,Towers with Radar,0,52,61,0,113,0,0,227,0,227,0,52,288,0,340,298,0,298,638
03/19/2020,VNY,CA,AWP,WE,Towers with Radar,0,36,46,0,82,0,0,118,2,120,0,36,164,2,202,203,0,203,405
03/20/2020,VNY,CA,AWP,WE,Towers with Radar,0,58,45,0,103,0,0,178,0,178,0,58,223,0,281,204,0,204,485
03/21/2020,VNY,CA,AWP,WE,Towers with Radar,0,43,50,0,93,0,0,169,0,169,0,43,219,0,262,191,0,191,453
03/22/2020,VNY,CA,AWP,WE,Towers with Radar,0,36,38,0,74,0,0,76,0,76,0,36,114,0,150,137,0,137,287
03/23/2020,VNY,CA,AWP,WE,Towers with Radar,0,31,19,0,50,5,0,99,1,105,5,31,118,1,155,323,0,323,478
03/24/2020,VNY,CA,AWP,WE,Towers with Radar,0,24,23,0,47,0,0,102,0,102,0,24,125,0,149,214,0,214,363
03/25/2020,VNY,CA,AWP,WE,Towers with Radar,0,26,26,0,52,0,1,157,0,158,0,27,183,0,210,198,0,198,408
03/26/2020,VNY,CA,AWP,WE,Towers with Radar,0,20,27,0,47,0,1,187,0,188,0,21,214,0,235,179,0,179,414
03/27/2020,VNY,CA,AWP,WE,Towers with Radar,0,17,42,0,59,0,0,150,0,150,0,17,192,0,209,101,0,101,310
03/28/2020,VNY,CA,AWP,WE,Towers with Radar,0,27,33,0,60,0,4,202,0,206,0,31,235,0,266,214,0,214,480
03/29/2020,VNY,CA,AWP,WE,Towers with Radar,0,28,28,0,56,0,3,110,2,115,0,31,138,2,171,114,0,114,285
03/30/2020,VNY,CA,AWP,WE,Towers with Radar,0,11,34,0,45,0,0,200,2,202,0,11,234,2,247,253,0,253,500
03/31/2020,VNY,CA,AWP,WE,Towers with Radar,0,8,18,0,26,0,0,169,3,172,0,8,187,3,198,178,0,178,376
04/01/2020,VNY,CA,AWP,WE,Towers with Radar,0,14,22,0,36,0,4,147,1,152,0,18,169,1,188,116,0,116,304
04/02/2020,VNY,CA,AWP,WE,Towers with Radar,0,23,22,0,45,0,2,129,0,131,0,25,151,0,176,126,0,126,302
04/03/2020,VNY,CA,AWP,WE,Towers with Radar,0,21,35,0,56,0,0,214,0,214,0,21,249,0,270,110,0,110,380
04/04/2020,VNY,CA,AWP,WE,Towers with Radar,0,10,34,0,44,0,0,132,0,132,0,10,166,0,176,159,0,159,335
04/05/2020,VNY,CA,AWP,WE,Towers with Radar,0,18,19,0,37,0,0,66,0,66,0,18,85,0,103,138,0,138,241
04/06/2020,VNY,CA,AWP,WE,Towers with Radar,0,15,13,0,28,0,1,67,0,68,0,16,80,0,96,49,0,49,145
04/07/2020,VNY,CA,AWP,WE,Towers with Radar,0,19,22,0,41,0,2,86,0,88,0,21,108,0,129,78,0,78,207
04/08/2020,VNY,CA,AWP,WE,Towers with Radar,0,16,19,0,35,0,0,76,0,76,0,16,95,0,111,18,0,18,129
04/09/2020,VNY,CA,AWP,WE,Towers with Radar,0,22,8,0,30,0,0,47,1,48,0,22,55,1,78,4,0,4,82
04/10/2020,VNY,CA,AWP,WE,Towers with Radar,0,23,32,0,55,0,0,69,0,69,0,23,101,0,124,89,0,89,213
04/11/2020,VNY,CA,AWP,WE,Towers with Radar,0,16,31,0,47,0,1,216,0,217,0,17,247,0,264,270,0,270,534
04/12/2020,VNY,CA,AWP,WE,Towers with Radar,0,12,19,0,31,0,0,19,0,19,0,12,38,0,50,94,0,94,144
04/13/2020,VNY,CA,AWP,WE,Towers with Radar,0,13,30,0,43,0,0,85,0,85,0,13,115,0,128,135,0,135,263
04/14/2020,VNY,CA,AWP,WE,Towers with Radar,0,8,21,0,29,0,0,174,1,175,0,8,195,1,204,109,18,127,331
04/15/2020,VNY,CA,AWP,WE,Towers with Radar,0,12,37,0,49,0,0,189,1,190,0,12,226,1,239,87,0,87,326
04/16/2020,VNY,CA,AWP,WE,Towers with Radar,0,13,26,0,39,0,0,198,0,198,0,13,224,0,237,120,0,120,357
04/17/2020,VNY,CA,AWP,WE,Towers with Radar,0,14,27,0,41,0,8,131,1,140,0,22,158,1,181,137,0,137,318
04/18/2020,VNY,CA,AWP,WE,Towers with Radar,0,13,23,0,36,0,0,123,0,123,0,13,146,0,159,304,0,304,463
04/19/2020,VNY,CA,AWP,WE,Towers with Radar,0,19,32,0,51,0,0,133,0,133,0,19,165,0,184,185,0,185,369
04/20/2020,VNY,CA,AWP,WE,Towers with Radar,0,9,32,0,41,0,1,129,0,130,0,10,161,0,171,325,0,325,496
04/21/2020,VNY,CA,AWP,WE,Towers with Radar,0,24,30,0,54,0,1,228,0,229,0,25,258,0,283,146,0,146,429
04/22/2020,VNY,CA,AWP,WE,Towers with Radar,0,18,37,0,55,0,1,277,0,278,0,19,314,0,333,169,0,169,502
04/23/2020,VNY,CA,AWP,WE,Towers with Radar,0,24,22,0,46,0,1,151,0,152,0,25,173,0,198,56,0,56,254
04/24/2020,VNY,CA,AWP,WE,Towers with Radar,0,27,26,0,53,0,2,197,0,199,0,29,223,0,252,123,0,123,375
04/25/2020,VNY,CA,AWP,WE,Towers with Radar,0,15,26,0,41,0,3,209,0,212,0,18,235,0,253,191,0,191,444
04/26/2020,VNY,CA,AWP,WE,Towers with Radar,0,22,34,0,56,0,3,176,0,179,0,25,210,0,235,207,0,207,442
04/27/2020,VNY,CA,AWP,WE,Towers with Radar,0,21,28,0,49,0,1,198,0,199,0,22,226,0,248,245,0,245,493
04/28/2020,VNY,CA,AWP,WE,Towers with Radar,0,20,36,0,56,0,2,211,0,213,0,22,247,0,269,163,0,163,432
04/29/2020,VNY,CA,AWP,WE,Towers with Radar,0,30,31,0,61,0,1,159,1,161,0,31,190,1,222,243,0,243,465
04/30/2020,VNY,CA,AWP,WE,Towers with Radar,0,21,37,0,58,0,0,146,1,147,0,21,183,1,205,148,0,148,353
05/01/2020,VNY,CA,AWP,WE,Towers with Radar,0,16,44,0,60,0,2,207,1,210,0,18,251,1,270,83,0,83,353
05/02/2020,VNY,CA,AWP,WE,Towers with Radar,1,11,29,0,41,0,1,200,0,201,1,12,229,0,242,137,0,137,379
05/03/2020,VNY,CA,AWP,WE,Towers with Radar,0,21,33,0,54,0,0,193,0,193,0,21,226,0,247,226,0,226,473
05/04/2020,VNY,CA,AWP,WE,Towers with Radar,0,23,34,0,57,0,0,245,0,245,0,23,279,0,302,166,0,166,468
05/05/2020,VNY,CA,AWP,WE,Towers with Radar,0,27,27,0,54,0,0,258,0,258,0,27,285,0,312,176,0,176,488
05/06/2020,VNY,CA,AWP,WE,Towers with Radar,0,26,23,0,49,0,5,218,0,223,0,31,241,0,272,181,0,181,453
05/07/2020,VNY,CA,AWP,WE,Towers with Radar,0,32,33,0,65,0,2,235,0,237,0,34,268,0,302,185,0,185,487
05/08/2020,VNY,CA,AWP,WE,Towers with Radar,0,27,40,0,67,0,1,211,0,212,0,28,251,0,279,107,0,107,386
05/09/2020,VNY,CA,AWP,WE,Towers with Radar,0,34,51,0,85,0,0,215,0,215,0,34,266,0,300,198,0,198,498
05/10/2020,VNY,CA,AWP,WE,Towers with Radar,0,20,35,0,55,0,0,111,0,111,0,20,146,0,166,165,0,165,331
05/11/2020,VNY,CA,AWP,WE,Towers with Radar,0,20,46,0,66,0,1,154,2,157,0,21,200,2,223,198,0,198,421
05/12/2020,VNY,CA,AWP,WE,Towers with Radar,0,14,59,0,73,0,2,146,1,149,0,16,205,1,222,280,0,280,502
05/13/2020,VNY,CA,AWP,WE,Towers with Radar,0,25,35,0,60,0,0,220,2,222,0,25,255,2,282,213,0,213,495
05/14/2020,VNY,CA,AWP,WE,Towers with Radar,0,37,58,0,95,0,2,172,3,177,0,39,230,3,272,175,0,175,447
05/15/2020,VNY,CA,AWP,WE,Towers with Radar,0,43,42,0,85,0,2,214,0,216,0,45,256,0,301,224,0,224,525
05/16/2020,VNY,CA,AWP,WE,Towers with Radar,1,39,47,0,87,0,3,231,3,237,1,42,278,3,324,233,0,233,557
05/17/2020,VNY,CA,AWP,WE,Towers with Radar,1,37,30,0,68,0,3,142,2,147,1,40,172,2,215,233,0,233,448
05/18/2020,VNY,CA,AWP,WE,Towers with Radar,0,33,53,0,86,0,0,56,0,56,0,33,109,0,142,85,0,85,227
05/19/2020,VNY,CA,AWP,WE,Towers with Radar,0,22,45,0,67,0,0,191,0,191,0,22,236,0,258,183,0,183,441
05/20/2020,VNY,CA,AWP,WE,Towers with Radar,0,43,47,0,90,0,0,273,0,273,0,43,320,0,363,309,0,309,672
05/21/2020,VNY,CA,AWP,WE,Towers with Radar,0,43,72,0,115,0,0,270,0,270,0,43,342,0,385,184,0,184,569
05/22/2020,VNY,CA,AWP,WE,Towers with Radar,0,41,59,0,100,0,1,285,2,288,0,42,344,2,388,263,0,263,651
05/23/2020,VNY,CA,AWP,WE,Towers with Radar,0,47,55,0,102,0,5,206,1,212,0,52,261,1,314,139,0,139,453
05/24/2020,VNY,CA,AWP,WE,Towers with Radar,0,25,38,0,63,0,2,261,1,264,0,27,299,1,327,238,0,238,565
05/25/2020,VNY,CA,AWP,WE,Towers with Radar,0,50,38,0,88,0,0,257,1,258,0,50,295,1,346,252,0,252,598
05/26/2020,VNY,CA,AWP,WE,Towers with Radar,0,32,66,0,98,0,0,233,1,234,0,32,299,1,332,273,0,273,605
05/27/2020,VNY,CA,AWP,WE,Towers with Radar,0,51,61,0,112,0,3,242,1,246,0,54,303,1,358,199,0,199,557
05/28/2020,VNY,CA,AWP,WE,Towers with Radar,2,53,66,0,121,0,0,196,0,196,2,53,262,0,317,230,0,230,547
05/29/2020,VNY,CA,AWP,WE,Towers with Radar,0,49,71,0,120,0,0,147,1,148,0,49,218,1,268,210,0,210,478
05/30/2020,VNY,CA,AWP,WE,Towers with Radar,0,40,58,0,98,0,2,232,1,235,0,42,290,1,333,365,0,365,698
05/31/2020,VNY,CA,AWP,WE,Towers with Radar,0,45,52,0,97,0,0,225,0,225,0,45,277,0,322,246,0,246,568
06/01/2020,VNY,CA,AWP,WE,Towers with Radar,0,41,57,0,98,0,2,235,1,238,0,43,292,1,336,193,0,193,529
06/02/2020,VNY,CA,AWP,WE,Towers with Radar,0,42,46,0,88,0,1,254,4,259,0,43,300,4,347,238,0,238,585
06/03/2020,VNY,CA,AWP,WE,Towers with Radar,1,51,62,0,114,0,3,231,0,234,1,54,293,0,348,289,0,289,637
06/04/2020,VNY,CA,AWP,WE,Towers with Radar,1,41,73,0,115,0,1,223,4,228,1,42,296,4,343,237,0,237,580
06/05/2020,VNY,CA,AWP,WE,Towers with Radar,0,61,83,0,144,0,0,138,0,138,0,61,221,0,282,268,0,268,550
06/06/2020,VNY,CA,AWP,WE,Towers with Radar,0,39,76,0,115,0,3,207,1,211,0,42,283,1,326,293,0,293,619
06/07/2020,VNY,CA,AWP,WE,Towers with Radar,0,47,56,0,103,0,3,208,1,212,0,50,264,1,315,174,0,174,489
06/08/2020,VNY,CA,AWP,WE,Towers with Radar,0,44,72,0,116,0,0,122,2,124,0,44,194,2,240,95,0,95,335
06/09/2020,VNY,CA,AWP,WE,Towers with Radar,0,40,60,0,100,0,4,257,0,261,0,44,317,0,361,274,0,274,635
06/10/2020,VNY,CA,AWP,WE,Towers with Radar,0,71,77,0,148,0,2,294,0,296,0,73,371,0,444,273,0,273,717
06/11/2020,VNY,CA,AWP,WE,Towers with Radar,0,57,84,0,141,0,2,301,2,305,0,59,385,2,446,252,0,252,698
06/12/2020,VNY,CA,AWP,WE,Towers with Radar,1,53,85,0,139,0,5,233,1,239,1,58,318,1,378,266,0,266,644
06/13/2020,VNY,CA,AWP,WE,Towers with Radar,0,63,54,0,117,0,2,236,2,240,0,65,290,2,357,289,0,289,646
06/14/2020,VNY,CA,AWP,WE,Towers with Radar,0,68,86,0,154,0,2,237,0,239,0,70,323,0,393,248,0,248,641
06/15/2020,VNY,CA,AWP,WE,Towers with Radar,0,56,62,0,118,0,2,190,1,193,0,58,252,1,311,215,0,215,526
06/16/2020,VNY,CA,AWP,WE,Towers with Radar,0,56,60,0,116,0,1,221,0,222,0,57,281,0,338,318,0,318,656
06/17/2020,VNY,CA,AWP,WE,Towers with Radar,0,71,97,0,168,0,1,217,1,219,0,72,314,1,387,474,0,474,861
06/18/2020,VNY,CA,AWP,WE,Towers with Radar,0,68,109,0,177,0,2,150,0,152,0,70,259,0,329,258,0,258,587
06/19/2020,VNY,CA,AWP,WE,Towers with Radar,0,55,74,0,129,0,3,237,0,240,0,58,311,0,369,225,0,225,594
06/20/2020,VNY,CA,AWP,WE,Towers with Radar,0,83,69,0,152,0,0,181,2,183,0,83,250,2,335,372,0,372,707
06/21/2020,VNY,CA,AWP,WE,Towers with Radar,0,79,78,0,157,0,1,181,0,182,0,80,259,0,339,198,0,198,537
06/22/2020,VNY,CA,AWP,WE,Towers with Radar,0,58,74,0,132,0,4,182,0,186,0,62,256,0,318,132,0,132,450
06/23/2020,VNY,CA,AWP,WE,Towers with Radar,0,48,71,0,119,0,0,255,3,258,0,48,326,3,377,201,0,201,578
06/24/2020,VNY,CA,AWP,WE,Towers with Radar,1,58,111,0,170,0,1,228,2,231,1,59,339,2,401,223,0,223,624
06/25/2020,VNY,CA,AWP,WE,Towers with Radar,1,81,106,0,188,0,3,189,1,193,1,84,295,1,381,173,0,173,554
06/26/2020,VNY,CA,AWP,WE,Towers with Radar,1,76,105,0,182,0,2,262,0,264,1,78,367,0,446,262,0,262,708
06/27/2020,VNY,CA,AWP,WE,Towers with Radar,0,60,88,0,148,0,9,225,0,234,0,69,313,0,382,252,0,252,634
06/28/2020,VNY,CA,AWP,WE,Towers with Radar,0,86,102,1,189,0,0,99,0,99,0,86,201,1,288,366,0,366,654
06/29/2020,VNY,CA,AWP,WE,Towers with Radar,0,75,92,0,167,0,0,207,0,207,0,75,299,0,374,420,0,420,794
06/30/2020,VNY,CA,AWP,WE,Towers with Radar,0,68,71,0,139,0,1,276,1,278,0,69,347,1,417,339,0,339,756
07/01/2020,VNY,CA,AWP,WE,Towers with Radar,0,84,123,1,208,0,2,202,1,205,0,86,325,2,413,320,0,320,733
07/02/2020,VNY,CA,AWP,WE,Towers with Radar,0,65,100,0,165,0,1,237,1,239,0,66,337,1,404,332,0,332,736
07/03/2020,VNY,CA,AWP,WE,Towers with Radar,1,73,79,0,153,0,3,212,2,217,1,76,291,2,370,200,0,200,570
07/04/2020,VNY,CA,AWP,WE,Towers with Radar,0,25,40,0,65,0,2,190,2,194,0,27,230,2,259,106,0,106,365
07/05/2020,VNY,CA,AWP,WE,Towers with Radar,0,79,81,0,160,0,0,148,0,148,0,79,229,0,308,114,0,114,422
07/06/2020,VNY,CA,AWP,WE,Towers with Radar,0,74,104,0,178,0,1,264,0,265,0,75,368,0,443,205,0,205,648
07/07/2020,VNY,CA,AWP,WE,Towers with Radar,0,59,78,0,137,0,0,285,2,287,0,59,363,2,424,348,0,348,772
07/08/2020,VNY,CA,AWP,WE,Towers with Radar,2,49,64,0,115,0,2,276,1,279,2,51,340,1,394,306,0,306,700
07/09/2020,VNY,CA,AWP,WE,Towers with Radar,0,60,81,0,141,0,2,247,0,249,0,62,328,0,390,360,0,360,750
07/10/2020,VNY,CA,AWP,WE,Towers with Radar,1,72,75,0,148,0,2,244,0,246,1,74,319,0,394,380,0,380,774
07/11/2020,VNY,CA,AWP,WE,Towers with Radar,0,68,55,0,123,0,2,210,0,212,0,70,265,0,335,308,0,308,643
07/12/2020,VNY,CA,AWP,WE,Towers with Radar,0,76,87,0,163,0,0,190,0,190,0,76,277,0,353,183,0,183,536
07/13/2020,VNY,CA,AWP,WE,Towers with Radar,0,56,69,0,125,0,2,219,1,222,0,58,288,1,347,192,0,192,539
07/14/2020,VNY,CA,AWP,WE,Towers with Radar,0,56,78,0,134,0,0,280,0,280,0,56,358,0,414,316,0,316,730
07/15/2020,VNY,CA,AWP,WE,Towers with Radar,0,65,63,0,128,0,0,283,0,283,0,65,346,0,411,276,0,276,687
07/16/2020,VNY,CA,AWP,WE,Towers with Radar,0,60,116,0,176,0,1,254,0,255,0,61,370,0,431,212,0,212,643
07/17/2020,VNY,CA,AWP,WE,Towers with Radar,0,53,73,0,126,0,1,281,1,283,0,54,354,1,409,326,0,326,735
07/18/2020,VNY,CA,AWP,WE,Towers with Radar,0,81,65,0,146,0,1,399,1,401,0,82,464,1,547,272,0,272,819
07/19/2020,VNY,CA,AWP,WE,Towers with Radar,1,78,96,0,175,0,0,258,2,260,1,78,354,2,435,316,0,316,751
07/20/2020,VNY,CA,AWP,WE,Towers with Radar,0,59,69,0,128,0,1,237,0,238,0,60,306,0,366,258,0,258,624
07/21/2020,VNY,CA,AWP,WE,Towers with Radar,0,53,83,0,136,0,2,370,0,372,0,55,453,0,508,419,0,419,927
07/22/2020,VNY,CA,AWP,WE,Towers with Radar,1,60,99,0,160,0,0,335,0,335,1,60,434,0,495,278,0,278,773
07/23/2020,VNY,CA,AWP,WE,Towers with Radar,0,55,109,0,164,0,1,245,0,246,0,56,354,0,410,156,0,156,566
07/24/2020,VNY,CA,AWP,WE,Towers with Radar,0,78,110,0,188,0,0,247,0,247,0,78,357,0,435,408,0,408,843
07/25/2020,VNY,CA,AWP,WE,Towers with Radar,0,76,70,0,146,0,10,240,1,251,0,86,310,1,397,194,0,194,591
07/26/2020,VNY,CA,AWP,WE,Towers with Radar,0,95,107,0,202,0,2,301,0,303,0,97,408,0,505,198,0,198,703
07/27/2020,VNY,CA,AWP,WE,Towers with Radar,0,72,88,0,160,0,2,273,2,277,0,74,361,2,437,326,0,326,763
07/28/2020,VNY,CA,AWP,WE,Towers with Radar,0,46,81,0,127,0,2,275,0,277,0,48,356,0,404,467,0,467,871
07/29/2020,VNY,CA,AWP,WE,Towers with Radar,0,51,85,0,136,0,0,315,0,315,0,51,400,0,451,454,0,454,905
07/30/2020,VNY,CA,AWP,WE,Towers with Radar,0,72,95,0,167,0,3,280,0,283,0,75,375,0,450,464,0,464,914
07/31/2020,VNY,CA,AWP,WE,Towers with Radar,0,88,103,0,191,0,3,272,0,275,0,91,375,0,466,324,0,324,790
08/01/2020,VNY,CA,AWP,WE,Towers with Radar,0,94,88,0,182,0,2,255,0,257,0,96,343,0,439,229,0,229,668
08/02/2020,VNY,CA,AWP,WE,Towers with Radar,0,71,91,0,162,0,1,214,0,215,0,72,305,0,377,236,0,236,613
08/03/2020,VNY,CA,AWP,WE,Towers with Radar,1,69,93,0,163,0,0,250,1,251,1,69,343,1,414,312,0,312,726
08/04/2020,VNY,CA,AWP,WE,Towers with Radar,0,63,69,1,133,0,1,260,0,261,0,64,329,1,394,318,0,318,712
08/05/2020,VNY,CA,AWP,WE,Towers with Radar,0,73,89,0,162,0,1,273,0,274,0,74,362,0,436,277,0,277,713
08/06/2020,VNY,CA,AWP,WE,Towers with Radar,0,63,99,0,162,0,1,240,2,243,0,64,339,2,405,338,0,338,743
08/07/2020,VNY,CA,AWP,WE,Towers with Radar,1,80,91,0,172,0,2,282,0,284,1,82,373,0,456,455,0,455,911
08/08/2020,VNY,CA,AWP,WE,Towers with Radar,0,82,78,0,160,0,1,226,0,227,0,83,304,0,387,294,0,294,681
08/09/2020,VNY,CA,AWP,WE,Towers with Radar,0,93,116,0,209,0,1,231,0,232,0,94,347,0,441,238,0,238,679
08/10/2020,VNY,CA,AWP,WE,Towers with Radar,0,90,87,0,177,0,1,214,3,218,0,91,301,3,395,324,0,324,719
08/11/2020,VNY,CA,AWP,WE,Towers with Radar,0,65,73,0,138,0,2,334,0,336,0,67,407,0,474,319,0,319,793
08/12/2020,VNY,CA,AWP,WE,Towers with Radar,0,91,91,1,183,0,0,282,0,282,0,91,373,1,465,307,0,307,772
08/13/2020,VNY,CA,AWP,WE,Towers with Radar,1,71,108,0,180,0,4,299,0,303,1,75,407,0,483,234,0,234,717
08/14/2020,VNY,CA,AWP,WE,Towers with Radar,0,75,103,0,178,0,1,253,0,254,0,76,356,0,432,170,0,170,602
08/15/2020,VNY,CA,AWP,WE,Towers with Radar,0,83,79,0,162,0,0,217,1,218,0,83,296,1,380,184,0,184,564
08/16/2020,VNY,CA,AWP,WE,Towers with Radar,0,80,117,0,197,0,0,242,1,243,0,80,359,1,440,241,0,241,681
08/17/2020,VNY,CA,AWP,WE,Towers with Radar,0,76,84,1,161,0,1,229,0,230,0,77,313,1,391,371,0,371,762
08/18/2020,VNY,CA,AWP,WE,Towers with Radar,0,69,70,0,139,0,1,155,1,157,0,70,225,1,296,204,0,204,500
08/19/2020,VNY,CA,AWP,WE,Towers with Radar,0,65,72,0,137,0,2,228,0,230,0,67,300,0,367,293,0,293,660
08/20/2020,VNY,CA,AWP,WE,Towers with Radar,2,80,93,0,175,0,6,211,0,217,2,86,304,0,392,286,0,286,678
08/21/2020,VNY,CA,AWP,WE,Towers with Radar,0,89,99,0,188,0,1,258,0,259,0,90,357,0,447,310,0,310,757
08/22/2020,VNY,CA,AWP,WE,Towers with Radar,3,83,92,0,178,0,0,277,2,279,3,83,369,2,457,278,0,278,735
08/23/2020,VNY,CA,AWP,WE,Towers with Radar,0,85,115,1,201,0,1,304,1,306,0,86,419,2,507,371,0,371,878
08/24/2020,VNY,CA,AWP,WE,Towers with Radar,0,76,90,0,166,0,0,226,0,226,0,76,316,0,392,296,0,296,688
08/25/2020,VNY,CA,AWP,WE,Towers with Radar,0,68,63,0,131,0,2,300,0,302,0,70,363,0,433,238,0,238,671
08/26/2020,VNY,CA,AWP,WE,Towers with Radar,1,76,94,2,173,0,2,240,0,242,1,78,334,2,415,408,0,408,823
08/27/2020,VNY,CA,AWP,WE,Towers with Radar,3,86,84,1,174,0,5,235,2,242,3,91,319,3,416,260,0,260,676
08/28/2020,VNY,CA,AWP,WE,Towers with Radar,2,72,101,0,175,0,2,312,1,315,2,74,413,1,490,396,0,396,886
08/29/2020,VNY,CA,AWP,WE,Towers with Radar,2,65,71,0,138,0,2,268,0,270,2,67,339,0,408,335,0,335,743
08/30/2020,VNY,CA,AWP,WE,Towers with Radar,0,88,109,1,198,0,2,230,0,232,0,90,339,1,430,248,0,248,678
08/31/2020,VNY,CA,AWP,WE,Towers with Radar,1,76,76,0,153,0,2,228,0,230,1,78,304,0,383,192,0,192,575
09/01/2020,VNY,CA,AWP,WE,Towers with Radar,1,84,87,0,172,0,1,226,0,227,1,85,313,0,399,291,0,291,690
09/02/2020,VNY,CA,AWP,WE,Towers with Radar,1,83,72,0,156,0,3,284,1,288,1,86,356,1,444,352,0,352,796
09/03/2020,VNY,CA,AWP,WE,Towers with Radar,0,84,110,0,194,0,6,305,0,311,0,90,415,0,505,310,0,310,815
09/04/2020,VNY,CA,AWP,WE,Towers with Radar,0,94,127,0,221,0,3,319,0,322,0,97,446,0,543,272,0,272,815
09/05/2020,VNY,CA,AWP,WE,Towers with Radar,0,55,58,1,114,0,0,191,1,192,0,55,249,2,306,139,0,139,445
09/06/2020,VNY,CA,AWP,WE,Towers with Radar,0,70,51,0,121,0,2,245,1,248,0,72,296,1,369,74,0,74,443
09/07/2020,VNY,CA,AWP,WE,Towers with Radar,0,100,132,1,233,0,3,192,2,197,0,103,324,3,430,417,0,417,847
09/08/2020,VNY,CA,AWP,WE,Towers with Radar,0,58,84,0,142,0,1,151,0,152,0,59,235,0,294,487,0,487,781
09/09/2020,VNY,CA,AWP,WE,Towers with Radar,2,76,83,0,161,0,4,238,1,243,2,80,321,1,404,398,0,398,802
09/10/2020,VNY,CA,AWP,WE,Towers with Radar,0,78,104,1,183,0,0,243,0,243,0,78,347,1,426,414,0,414,840
09/11/2020,VNY,CA,AWP,WE,Towers with Radar,0,75,97,0,172,0,10,206,0,216,0,85,303,0,388,352,0,352,740
09/12/2020,VNY,CA,AWP,WE,Towers with Radar,0,80,82,0,162,0,0,75,0,75,0,80,157,0,237,161,0,161,398
09/13/2020,VNY,CA,AWP,WE,Towers with Radar,2,80,90,0,172,0,2,130,0,132,2,82,220,0,304,125,0,125,429
09/14/2020,VNY,CA,AWP,WE,Towers with Radar,0,69,89,0,158,0,1,199,0,200,0,70,288,0,358,435,0,435,793
09/15/2020,VNY,CA,AWP,WE,Towers with Radar,0,55,96,0,151,0,0,164,1,165,0,55,260,1,316,186,0,186,502
09/16/2020,VNY,CA,AWP,WE,Towers with Radar,0,83,97,0,180,0,4,265,0,269,0,87,362,0,449,300,0,300,749
09/17/2020,VNY,CA,AWP,WE,Towers with Radar,0,71,105,1,177,0,0,298,0,298,0,71,403,1,475,373,0,373,848
09/18/2020,VNY,CA,AWP,WE,Towers with Radar,0,85,115,0,200,0,3,276,0,279,0,88,391,0,479,285,0,285,764
09/19/2020,VNY,CA,AWP,WE,Towers with Radar,0,65,65,0,130,0,2,249,4,255,0,67,314,4,385,192,0,192,577
09/20/2020,VNY,CA,AWP,WE,Towers with Radar,0,110,118,0,228,0,1,274,3,278,0,111,392,3,506,348,0,348,854
09/21/2020,VNY,CA,AWP,WE,Towers with Radar,0,83,80,0,163,0,1,192,0,193,0,84,272,0,356,261,0,261,617
09/22/2020,VNY,CA,AWP,WE,Towers with Radar,0,56,80,0,136,0,2,314,0,316,0,58,394,0,452,345,0,345,797
09/23/2020,VNY,CA,AWP,WE,Towers with Radar,0,83,97,1,181,0,2,305,1,308,0,85,402,2,489,406,0,406,895
09/24/2020,VNY,CA,AWP,WE,Towers with Radar,0,86,111,0,197,0,4,255,0,259,0,90,366,0,456,256,0,256,712
09/25/2020,VNY,CA,AWP,WE,Towers with Radar,0,89,80,1,170,0,3,293,0,296,0,92,373,1,466,373,0,373,839
09/26/2020,VNY,CA,AWP,WE,Towers with Radar,0,65,82,1,148,0,0,237,0,237,0,65,319,1,385,297,0,297,682
09/27/2020,VNY,CA,AWP,WE,Towers with Radar,0,103,79,0,182,0,3,214,0,217,0,106,293,0,399,310,0,310,709
09/28/2020,VNY,CA,AWP,WE,Towers with Radar,2,76,88,0,166,0,6,208,0,214,2,82,296,0,380,219,0,219,599
09/29/2020,VNY,CA,AWP,WE,Towers with Radar,0,67,74,0,141,0,2,262,0,264,0,69,336,0,405,236,0,236,641
09/30/2020,VNY,CA,AWP,WE,Towers with Radar,0,72,92,0,164,0,1,242,0,243,0,73,334,0,407,185,0,185,592
10/01/2020,VNY,CA,AWP,WE,Towers with Radar,2,113,97,0,212,0,0,286,0,286,2,113,383,0,498,268,0,268,766
10/02/2020,VNY,CA,AWP,WE,Towers with Radar,0,77,91,0,168,0,1,295,0,296,0,78,386,0,464,294,0,294,758
10/03/2020,VNY,CA,AWP,WE,Towers with Radar,0,100,72,0,172,0,1,305,0,306,0,101,377,0,478,343,0,343,821
10/04/2020,VNY,CA,AWP,WE,Towers with Radar,2,97,107,0,206,0,1,249,0,250,2,98,356,0,456,228,0,228,684
10/05/2020,VNY,CA,AWP,WE,Towers with Radar,2,71,83,1,157,0,2,222,0,224,2,73,305,1,381,458,0,458,839
10/06/2020,VNY,CA,AWP,WE,Towers with Radar,0,77,95,0,172,0,4,266,0,270,0,81,361,0,442,291,0,291,733
10/07/2020,VNY,CA,AWP,WE,Towers with Radar,0,61,100,0,161,0,0,252,0,252,0,61,352,0,413,370,0,370,783
10/08/2020,VNY,CA,AWP,WE,Towers with Radar,2,88,118,0,208,0,1,176,0,177,2,89,294,0,385,566,0,566,951
10/09/2020,VNY,CA,AWP,WE,Towers with Radar,0,70,118,0,188,0,3,173,1,177,0,73,291,1,365,379,0,379,744
10/10/2020,VNY,CA,AWP,WE,Towers with Radar,0,83,79,0,162,0,0,214,1,215,0,83,293,1,377,310,0,310,687
10/11/2020,VNY,CA,AWP,WE,Towers with Radar,0,101,84,0,185,0,0,331,0,331,0,101,415,0,516,224,0,224,740
10/12/2020,VNY,CA,AWP,WE,Towers with Radar,0,85,103,1,189,0,1,285,1,287,0,86,388,2,476,309,0,309,785
10/13/2020,VNY,CA,AWP,WE,Towers with Radar,0,68,84,0,152,0,1,279,0,280,0,69,363,0,432,242,0,242,674
10/14/2020,VNY,CA,AWP,WE,Towers with Radar,0,83,94,0,177,0,5,318,0,323,0,88,412,0,500,389,0,389,889
10/15/2020,VNY,CA,AWP,WE,Towers with Radar,0,94,118,1,213,0,0,294,2,296,0,94,412,3,509,291,0,291,800
10/16/2020,VNY,CA,AWP,WE,Towers with Radar,0,87,104,0,191,0,0,273,2,275,0,87,377,2,466,119,0,119,585
10/17/2020,VNY,CA,AWP,WE,Towers with Radar,0,63,87,0,150,0,1,296,0,297,0,64,383,0,447,331,0,331,778
10/18/2020,VNY,CA,AWP,WE,Towers with Radar,0,107,115,1,223,0,2,235,0,237,0,109,350,1,460,413,0,413,873
10/19/2020,VNY,CA,AWP,WE,Towers with Radar,0,89,77,0,166,0,1,164,0,165,0,90,241,0,331,201,0,201,532
10/20/2020,VNY,CA,AWP,WE,Towers with Radar,0,49,74,0,123,0,0,231,0,231,0,49,305,0,354,355,0,355,709
10/21/2020,VNY,CA,AWP,WE,Towers with Radar,0,86,99,0,185,0,2,214,0,216,0,88,313,0,401,238,0,238,639
10/22/2020,VNY,CA,AWP,WE,Towers with Radar,0,108,129,0,237,0,1,194,0,195,0,109,323,0,432,427,0,427,859
10/23/2020,VNY,CA,AWP,WE,Towers with Radar,0,99,123,0,222,0,5,216,1,222,0,104,339,1,444,376,0,376,820
10/24/2020,VNY,CA,AWP,WE,Towers with Radar,0,88,87,0,175,0,1,185,1,187,0,89,272,1,362,370,0,370,732
10/25/2020,VNY,CA,AWP,WE,Towers with Radar,0,105,101,0,206,0,2,141,0,143,0,107,242,0,349,318,0,318,667
10/26/2020,VNY,CA,AWP,WE,Towers with Radar,0,70,67,1,138,0,1,85,0,86,0,71,152,1,224,31,0,31,255
10/27/2020,VNY,CA,AWP,WE,Towers with Radar,0,76,96,0,172,0,3,166,0,169,0,79,262,0,341,113,0,113,454
10/28/2020,VNY,CA,AWP,WE,Towers with Radar,0,70,103,0,173,0,2,323,1,326,0,72,426,1,499,331,0,331,830
10/29/2020,VNY,CA,AWP,WE,Towers with Radar,0,77,86,0,163,0,0,298,0,298,0,77,384,0,461,457,0,457,918
10/30/2020,VNY,CA,AWP,WE,Towers with Radar,0,99,90,2,191,2,2,266,0,270,2,101,356,2,461,197,0,197,658
10/31/2020,VNY,CA,AWP,WE,Towers with Radar,1,64,75,0,140,0,4,340,0,344,1,68,415,0,484,258,0,258,742
11/01/2020,VNY,CA,AWP,WE,Towers with Radar,1,95,86,0,182,0,2,235,0,237,1,97,321,0,419,225,0,225,644
11/02/2020,VNY,CA,AWP,WE,Towers with Radar,0,90,98,0,188,0,1,244,2,247,0,91,342,2,435,270,0,270,705
11/03/2020,VNY,CA,AWP,WE,Towers with Radar,0,56,87,0,143,0,1,221,1,223,0,57,308,1,366,292,0,292,658
11/04/2020,VNY,CA,AWP,WE,Towers with Radar,0,71,72,0,143,0,0,245,0,245,0,71,317,0,388,377,0,377,765
11/05/2020,VNY,CA,AWP,WE,Towers with Radar,0,73,101,0,174,0,2,224,0,226,0,75,325,0,400,369,0,369,769
11/06/2020,VNY,CA,AWP,WE,Towers with Radar,0,78,97,0,175,0,1,214,0,215,0,79,311,0,390,278,0,278,668
11/07/2020,VNY,CA,AWP,WE,Towers with Radar,0,43,65,0,108,0,1,58,0,59,0,44,123,0,167,48,0,48,215
11/08/2020,VNY,CA,AWP,WE,Towers with Radar,1,97,87,0,185,0,4,76,0,80,1,101,163,0,265,72,0,72,337
11/09/2020,VNY,CA,AWP,WE,Towers with Radar,0,64,70,1,135,0,1,229,0,230,0,65,299,1,365,279,0,279,644
11/10/2020,VNY,CA,AWP,WE,Towers with Radar,0,58,85,0,143,0,2,282,0,284,0,60,367,0,427,309,0,309,736
11/11/2020,VNY,CA,AWP,WE,Towers with Radar,0,64,84,0,148,0,1,311,1,313,0,65,395,1,461,405,0,405,866
11/12/2020,VNY,CA,AWP,WE,Towers with Radar,0,72,60,0,132,0,0,262,0,262,0,72,322,0,394,362,0,362,756
11/13/2020,VNY,CA,AWP,WE,Towers with Radar,0,61,111,1,173,0,0,278,2,280,0,61,389,3,453,306,0,306,759
11/14/2020,VNY,CA,AWP,WE,Towers with Radar,0,64,70,0,134,0,0,249,0,249,0,64,319,0,383,246,0,246,629
11/15/2020,VNY,CA,AWP,WE,Towers with Radar,0,82,90,0,172,0,1,218,0,219,0,83,308,0,391,195,0,195,586
11/16/2020,VNY,CA,AWP,WE,Towers with Radar,0,73,72,0,145,0,2,213,0,215,0,75,285,0,360,169,0,169,529
11/17/2020,VNY,CA,AWP,WE,Towers with Radar,0,82,98,0,180,0,4,271,0,275,0,86,369,0,455,407,0,407,862
11/18/2020,VNY,CA,AWP,WE,Towers with Radar,2,94,104,0,200,0,2,204,0,206,2,96,308,0,406,373,0,373,779
11/19/2020,VNY,CA,AWP,WE,Towers with Radar,0,72,104,0,176,0,1,256,1,258,0,73,360,1,434,283,0,283,717
11/20/2020,VNY,CA,AWP,WE,Towers with Radar,2,123,99,0,224,0,1,304,1,306,2,124,403,1,530,334,0,334,864
11/21/2020,VNY,CA,AWP,WE,Towers with Radar,2,87,79,0,168,0,1,253,0,254,2,88,332,0,422,179,0,179,601
11/22/2020,VNY,CA,AWP,WE,Towers with Radar,1,103,114,0,218,0,2,284,0,286,1,105,398,0,504,342,0,342,846
11/23/2020,VNY,CA,AWP,WE,Towers with Radar,0,91,102,0,193,0,3,221,0,224,0,94,323,0,417,265,0,265,682
11/24/2020,VNY,CA,AWP,WE,Towers with Radar,0,89,115,0,204,0,2,273,2,277,0,91,388,2,481,445,0,445,926
11/25/2020,VNY,CA,AWP,WE,Towers with Radar,0,83,96,0,179,0,2,223,3,228,0,85,319,3,407,241,0,241,648
11/26/2020,VNY,CA,AWP,WE,Towers with Radar,0,49,29,0,78,0,3,77,1,81,0,52,106,1,159,10,0,10,169
11/27/2020,VNY,CA,AWP,WE,Towers with Radar,0,64,62,0,126,0,3,139,0,142,0,67,201,0,268,251,0,251,519
11/28/2020,VNY,CA,AWP,WE,Towers with Radar,1,105,85,0,191,0,1,249,2,252,1,106,334,2,443,226,0,226,669
11/29/2020,VNY,CA,AWP,WE,Towers with Radar,0,118,165,0,283,0,5,205,0,210,0,123,370,0,493,245,0,245,738
11/30/2020,VNY,CA,AWP,WE,Towers with Radar,1,92,88,0,181,0,3,235,1,239,1,95,323,1,420,228,0,228,648
12/01/2020,VNY,CA,AWP,WE,Towers with Radar,0,82,75,0,157,0,2,254,0,256,0,84,329,0,413,283,0,283,696
12/02/2020,VNY,CA,AWP,WE,Towers with Radar,0,70,62,0,132,0,1,221,0,222,0,71,283,0,354,397,0,397,751
12/03/2020,VNY,CA,AWP,WE,Towers with Radar,0,62,65,0,127,0,1,123,0,124,0,63,188,0,251,48,0,48,299
12/04/2020,VNY,CA,AWP,WE,Towers with Radar,0,68,81,0,149,0,0,279,1,280,0,68,360,1,429,283,0,283,712
12/05/2020,VNY,CA,AWP,WE,Towers with Radar,0,61,68,0,129,0,5,262,1,268,0,66,330,1,397,360,0,360,757
12/06/2020,VNY,CA,AWP,WE,Towers with Radar,0,67,65,0,132,0,2,216,0,218,0,69,281,0,350,332,0,332,682
12/07/2020,VNY,CA,AWP,WE,Towers with Radar,0,40,63,0,103,0,0,91,0,91,0,40,154,0,194,80,0,80,274
12/08/2020,VNY,CA,AWP,WE,Towers with Radar,1,63,54,1,119,0,3,184,1,188,1,66,238,2,307,295,0,295,602
12/09/2020,VNY,CA,AWP,WE,Towers with Radar,0,73,76,0,149,0,1,340,1,342,0,74,416,1,491,427,0,427,918
12/10/2020,VNY,CA,AWP,WE,Towers with Radar,1,66,80,0,147,0,0,268,0,268,1,66,348,0,415,342,0,342,757
12/11/2020,VNY,CA,AWP,WE,Towers with Radar,0,70,98,0,168,0,1,177,0,178,0,71,275,0,346,374,0,374,720
12/12/2020,VNY,CA,AWP,WE,Towers with Radar,0,77,65,0,142,0,3,176,1,180,0,80,241,1,322,352,0,352,674
12/13/2020,VNY,CA,AWP,WE,Towers with Radar,0,69,96,0,165,0,2,257,1,260,0,71,353,1,425,266,0,266,691
12/14/2020,VNY,CA,AWP,WE,Towers with Radar,0,62,61,0,123,0,4,118,0,122,0,66,179,0,245,17,0,17,262
12/15/2020,VNY,CA,AWP,WE,Towers with Radar,0,76,78,0,154,0,1,174,0,175,0,77,252,0,329,76,0,76,405
12/16/2020,VNY,CA,AWP,WE,Towers with Radar,0,72,92,0,164,0,2,322,0,324,0,74,414,0,488,315,0,315,803
12/17/2020,VNY,CA,AWP,WE,Towers with Radar,2,80,104,0,186,0,0,264,2,266,2,80,368,2,452,448,0,448,900
12/18/2020,VNY,CA,AWP,WE,Towers with Radar,0,121,110,1,232,0,2,236,0,238,0,123,346,1,470,193,0,193,663
12/19/2020,VNY,CA,AWP,WE,Towers with Radar,0,114,118,0,232,0,0,264,0,264,0,114,382,0,496,206,0,206,702
12/20/2020,VNY,CA,AWP,WE,Towers with Radar,0,103,110,0,213,0,2,282,1,285,0,105,392,1,498,291,0,291,789
12/21/2020,VNY,CA,AWP,WE,Towers with Radar,0,98,79,0,177,0,1,215,1,217,0,99,294,1,394,335,0,335,729
12/22/2020,VNY,CA,AWP,WE,Towers with Radar,0,84,89,0,173,0,0,261,0,261,0,84,350,0,434,313,0,313,747
12/23/2020,VNY,CA,AWP,WE,Towers with Radar,0,92,98,0,190,0,4,155,0,159,0,96,253,0,349,166,0,166,515
12/24/2020,VNY,CA,AWP,WE,Towers with Radar,0,52,49,0,101,0,1,144,0,145,0,53,193,0,246,86,0,86,332
12/25/2020,VNY,CA,AWP,WE,Towers with Radar,0,52,34,0,86,0,1,144,0,145,0,53,178,0,231,117,0,117,348
12/26/2020,VNY,CA,AWP,WE,Towers with Radar,0,91,138,0,229,0,2,208,1,211,0,93,346,1,440,253,0,253,693
12/27/2020,VNY,CA,AWP,WE,Towers with Radar,3,98,113,0,214,0,2,155,0,157,3,100,268,0,371,210,0,210,581
12/28/2020,VNY,CA,AWP,WE,Towers with Radar,0,81,91,0,172,0,0,34,0,34,0,81,125,0,206,27,0,27,233
12/29/2020,VNY,CA,AWP,WE,Towers with Radar,0,89,86,0,175,0,1,170,1,172,0,90,256,1,347,171,0,171,518
12/30/2020,VNY,CA,AWP,WE,Towers with Radar,0,92,73,0,165,0,1,232,1,234,0,93,305,1,399,207,0,207,606
12/31/2020,VNY,CA,AWP,WE,Towers with Radar,0,69,65,0,134,0,1,130,0,131,0,70,195,0,265,79,0,79,344
01/01/2021,VNY,CA,AWP,WE,Towers with Radar,0,59,50,0,109,0,3,115,0,118,0,62,165,0,227,38,0,38,265
01/02/2021,VNY,CA,AWP,WE,Towers with Radar,0,106,133,0,239,0,0,293,0,293,0,106,426,0,532,253,0,253,785
01/03/2021,VNY,CA,AWP,WE,Towers with Radar,0,132,151,0,283,0,2,210,2,214,0,134,361,2,497,302,0,302,799
01/04/2021,VNY,CA,AWP,WE,Towers with Radar,1,93,122,0,216,0,5,204,0,209,1,98,326,0,425,309,0,309,734
01/05/2021,VNY,CA,AWP,WE,Towers with Radar,0,71,79,0,150,0,1,188,0,189,0,72,267,0,339,199,0,199,538
01/06/2021,VNY,CA,AWP,WE,Towers with Radar,0,63,73,0,136,0,0,309,0,309,0,63,382,0,445,435,0,435,880
01/07/2021,VNY,CA,AWP,WE,Towers with Radar,0,60,106,0,166,0,2,270,0,272,0,62,376,0,438,400,0,400,838
01/08/2021,VNY,CA,AWP,WE,Towers with Radar,0,68,96,1,165,0,1,245,2,248,0,69,341,3,413,298,0,298,711
01/09/2021,VNY,CA,AWP,WE,Towers with Radar,0,79,77,0,156,0,3,120,0,123,0,82,197,0,279,79,0,79,358
01/10/2021,VNY,CA,AWP,WE,Towers with Radar,0,79,97,0,176,0,1,268,0,269,0,80,365,0,445,291,0,291,736
01/11/2021,VNY,CA,AWP,WE,Towers with Radar,0,63,74,1,138,0,1,222,0,223,0,64,296,1,361,247,0,247,608
01/12/2021,VNY,CA,AWP,WE,Towers with Radar,0,57,64,0,121,0,1,282,0,283,0,58,346,0,404,341,0,341,745
01/13/2021,VNY,CA,AWP,WE,Towers with Radar,0,73,79,0,152,0,3,226,0,229,0,76,305,0,381,343,0,343,724
01/14/2021,VNY,CA,AWP,WE,Towers with Radar,0,91,86,0,177,0,1,169,0,170,0,92,255,0,347,98,0,98,445
01/15/2021,VNY,CA,AWP,WE,Towers with Radar,0,74,89,0,163,0,1,141,0,142,0,75,230,0,305,25,0,25,330
01/16/2021,VNY,CA,AWP,WE,Towers with Radar,2,82,69,0,153,0,1,181,0,182,2,83,250,0,335,104,0,104,439
01/17/2021,VNY,CA,AWP,WE,Towers with Radar,0,78,73,0,151,0,0,305,1,306,0,78,378,1,457,304,0,304,761
01/18/2021,VNY,CA,AWP,WE,Towers with Radar,1,98,64,1,164,0,0,212,1,213,1,98,276,2,377,331,0,331,708
01/19/2021,VNY,CA,AWP,WE,Towers with Radar,0,52,54,0,106,0,0,73,0,73,0,52,127,0,179,6,0,6,185
01/20/2021,VNY,CA,AWP,WE,Towers with Radar,0,72,64,0,136,0,1,143,0,144,0,73,207,0,280,36,0,36,316
01/21/2021,VNY,CA,AWP,WE,Towers with Radar,0,57,83,0,140,0,1,346,4,351,0,58,429,4,491,379,0,379,870
01/22/2021,VNY,CA,AWP,WE,Towers with Radar,0,73,114,1,188,0,0,155,0,155,0,73,269,1,343,359,0,359,702
01/23/2021,VNY,CA,AWP,WE,Towers with Radar,0,83,74,0,157,0,0,70,0,70,0,83,144,0,227,302,0,302,529
01/24/2021,VNY,CA,AWP,WE,Towers with Radar,0,67,102,1,170,1,1,291,0,293,1,68,393,1,463,387,0,387,850
01/25/2021,VNY,CA,AWP,WE,Towers with Radar,0,52,64,0,116,0,1,69,0,70,0,53,133,0,186,124,0,124,310
01/26/2021,VNY,CA,AWP,WE,Towers with Radar,0,57,57,0,114,0,1,283,1,285,0,58,340,1,399,373,0,373,772
01/27/2021,VNY,CA,AWP,WE,Towers with Radar,1,70,64,0,135,0,0,165,0,165,1,70,229,0,300,235,0,235,535
01/28/2021,VNY,CA,AWP,WE,Towers with Radar,1,52,87,0,140,0,0,132,0,132,1,52,219,0,272,306,0,306,578
01/29/2021,VNY,CA,AWP,WE,Towers with Radar,0,62,89,0,151,0,2,85,0,87,0,64,174,0,238,161,0,161,399
01/30/2021,VNY,CA,AWP,WE,Towers with Radar,1,71,69,0,141,0,0,337,0,337,1,71,406,0,478,400,0,400,878
01/31/2021,VNY,CA,AWP,WE,Towers with Radar,0,74,86,0,160,0,3,295,0,298,0,77,381,0,458,313,0,313,771
02/01/2021,VNY,CA,AWP,WE,Towers with Radar,0,60,62,0,122,0,3,254,0,257,0,63,316,0,379,479,0,479,858
02/02/2021,VNY,CA,AWP,WE,Towers with Radar,0,48,85,0,133,0,3,249,0,252,0,51,334,0,385,506,0,506,891
02/03/2021,VNY,CA,AWP,WE,Towers with Radar,0,72,108,0,180,0,3,255,0,258,0,75,363,0,438,423,0,423,861
02/04/2021,VNY,CA,AWP,WE,Towers with Radar,0,66,114,0,180,0,3,278,0,281,0,69,392,0,461,315,0,315,776
02/05/2021,VNY,CA,AWP,WE,Towers with Radar,0,73,104,0,177,0,1,315,0,316,0,74,419,0,493,548,0,548,1041
02/06/2021,VNY,CA,AWP,WE,Towers with Radar,0,62,60,1,123,0,2,350,0,352,0,64,410,1,475,354,0,354,829
02/07/2021,VNY,CA,AWP,WE,Towers with Radar,0,62,91,0,153,0,2,240,2,244,0,64,331,2,397,463,0,463,860
02/08/2021,VNY,CA,AWP,WE,Towers with Radar,0,75,103,2,180,0,0,155,0,155,0,75,258,2,335,384,0,384,719
02/09/2021,VNY,CA,AWP,WE,Towers with Radar,0,71,77,1,149,0,0,159,1,160,0,71,236,2,309,383,0,383,692
02/10/2021,VNY,CA,AWP,WE,Towers with Radar,0,73,113,0,186,0,0,287,0,287,0,73,400,0,473,498,0,498,971
02/11/2021,VNY,CA,AWP,WE,Towers with Radar,0,91,135,0,226,0,2,285,0,287,0,93,420,0,513,595,0,595,1108
02/12/2021,VNY,CA,AWP,WE,Towers with Radar,0,91,122,1,214,0,0,170,1,171,0,91,292,2,385,76,0,76,461
02/13/2021,VNY,CA,AWP,WE,Towers with Radar,0,73,58,0,131,0,0,248,0,248,0,73,306,0,379,298,0,298,677
02/14/2021,VNY,CA,AWP,WE,Towers with Radar,0,74,78,0,152,0,0,203,0,203,0,74,281,0,355,80,0,80,435
02/15/2021,VNY,CA,AWP,WE,Towers with Radar,0,102,152,0,254,0,4,273,0,277,0,106,425,0,531,301,0,301,832
02/16/2021,VNY,CA,AWP,WE,Towers with Radar,0,85,94,0,179,0,1,156,1,158,0,86,250,1,337,33,0,33,370
02/17/2021,VNY,CA,AWP,WE,Towers with Radar,0,89,85,0,174,0,0,143,0,143,0,89,228,0,317,47,0,47,364
02/18/2021,VNY,CA,AWP,WE,Towers with Radar,1,80,109,0,190,0,2,237,1,240,1,82,346,1,430,97,0,97,527
02/19/2021,VNY,CA,AWP,WE,Towers with Radar,0,88,116,0,204,0,6,480,0,486,0,94,596,0,690,555,0,555,1245
02/20/2021,VNY,CA,AWP,WE,Towers with Radar,1,81,62,0,144,0,1,77,0,78,1,82,139,0,222,8,0,8,230
02/21/2021,VNY,CA,AWP,WE,Towers with Radar,0,100,101,0,201,0,0,205,0,205,0,100,306,0,406,122,0,122,528
02/22/2021,VNY,CA,AWP,WE,Towers with Radar,0,84,90,0,174,0,4,233,0,237,0,88,323,0,411,397,0,397,808
02/23/2021,VNY,CA,AWP,WE,Towers with Radar,1,82,90,0,173,0,0,293,0,293,1,82,383,0,466,526,0,526,992
02/24/2021,VNY,CA,AWP,WE,Towers with Radar,0,78,106,1,185,0,2,350,0,352,0,80,456,1,537,464,0,464,1001
02/25/2021,VNY,CA,AWP,WE,Towers with Radar,0,94,90,0,184,0,4,133,0,137,0,98,223,0,321,82,0,82,403
02/26/2021,VNY,CA,AWP,WE,Towers with Radar,0,95,104,0,199,0,4,387,0,391,0,99,491,0,590,451,0,451,1041
02/27/2021,VNY,CA,AWP,WE,Towers with Radar,0,93,67,0,160,0,1,115,0,116,0,94,182,0,276,18,0,18,294
02/28/2021,VNY,CA,AWP,WE,Towers with Radar,0,91,108,0,199,0,2,97,0,99,0,93,205,0,298,26,0,26,324
03/01/2021,VNY,CA,AWP,WE,Towers with Radar,0,76,77,1,154,0,2,264,0,266,0,78,341,1,420,417,0,417,837
03/02/2021,VNY,CA,AWP,WE,Towers with Radar,0,69,66,0,135,0,2,266,0,268,0,71,332,0,403,444,0,444,847
03/03/2021,VNY,CA,AWP,WE,Towers with Radar,0,90,109,0,199,0,1,147,0,148,0,91,256,0,347,207,0,207,554
03/04/2021,VNY,CA,AWP,WE,Towers with Radar,0,98,121,0,219,0,4,379,0,383,0,102,500,0,602,511,0,511,1113
03/05/2021,VNY,CA,AWP,WE,Towers with Radar,0,100,101,0,201,0,2,366,0,368,0,102,467,0,569,545,0,545,1114
03/06/2021,VNY,CA,AWP,WE,Towers with Radar,0,66,78,0,144,0,3,345,1,349,0,69,423,1,493,427,0,427,920
03/07/2021,VNY,CA,AWP,WE,Towers with Radar,0,114,114,0,228,0,2,194,0,196,0,116,308,0,424,427,0,427,851
03/08/2021,VNY,CA,AWP,WE,Towers with Radar,0,89,112,0,201,0,2,218,0,220,0,91,330,0,421,454,0,454,875
03/09/2021,VNY,CA,AWP,WE,Towers with Radar,2,74,76,0,152,0,0,193,2,195,2,74,269,2,347,261,0,261,608
03/10/2021,VNY,CA,AWP,WE,Towers with Radar,0,84,104,0,188,0,1,88,0,89,0,85,192,0,277,54,0,54,331
03/11/2021,VNY,CA,AWP,WE,Towers with Radar,0,83,86,0,169,0,1,137,0,138,0,84,223,0,307,271,0,271,578
03/12/2021,VNY,CA,AWP,WE,Towers with Radar,0,101,133,0,234,0,3,233,0,236,0,104,366,0,470,364,0,364,834
03/13/2021,VNY,CA,AWP,WE,Towers with Radar,0,80,92,0,172,0,3,267,0,270,0,83,359,0,442,429,0,429,871
03/14/2021,VNY,CA,AWP,WE,Towers with Radar,0,102,139,0,241,0,0,234,0,234,0,102,373,0,475,617,0,617,1092
03/15/2021,VNY,CA,AWP,WE,Towers with Radar,0,105,94,0,199,0,0,52,0,52,0,105,146,0,251,36,0,36,287
03/16/2021,VNY,CA,AWP,WE,Towers with Radar,0,96,76,0,172,0,1,315,0,316,0,97,391,0,488,519,0,519,1007
03/17/2021,VNY,CA,AWP,WE,Towers with Radar,0,111,114,1,226,0,2,319,0,321,0,113,433,1,547,431,0,431,978
03/18/2021,VNY,CA,AWP,WE,Towers with Radar,0,89,139,0,228,0,2,313,0,315,0,91,452,0,543,458,0,458,1001
03/19/2021,VNY,CA,AWP,WE,Towers with Radar,0,120,120,0,240,0,3,383,2,388,0,123,503,2,628,576,0,576,1204
03/20/2021,VNY,CA,AWP,WE,Towers with Radar,0,87,121,0,208,0,0,224,1,225,0,87,345,1,433,271,0,271,704
03/21/2021,VNY,CA,AWP,WE,Towers with Radar,0,101,132,0,233,0,0,240,1,241,0,101,372,1,474,139,0,139,613
03/22/2021,VNY,CA,AWP,WE,Towers with Radar,0,78,90,0,168,0,3,240,1,244,0,81,330,1,412,493,0,493,905
03/23/2021,VNY,CA,AWP,WE,Towers with Radar,0,63,83,0,146,0,0,166,0,166,0,63,249,0,312,150,0,150,462
03/24/2021,VNY,CA,AWP,WE,Towers with Radar,0,102,117,0,219,0,0,241,0,241,0,102,358,0,460,118,0,118,578
03/25/2021,VNY,CA,AWP,WE,Towers with Radar,0,91,142,1,234,0,1,182,0,183,0,92,324,1,417,469,0,469,886
03/26/2021,VNY,CA,AWP,WE,Towers with Radar,0,129,152,0,281,0,3,319,0,322,0,132,471,0,603,408,0,408,1011
03/27/2021,VNY,CA,AWP,WE,Towers with Radar,0,108,115,0,223,0,3,299,0,302,0,111,414,0,525,379,0,379,904
03/28/2021,VNY,CA,AWP,WE,Towers with Radar,0,122,145,0,267,0,2,340,0,342,0,124,485,0,609,387,0,387,996
03/29/2021,VNY,CA,AWP,WE,Towers with Radar,0,81,110,1,192,0,5,292,0,297,0,86,402,1,489,436,0,436,925
03/30/2021,VNY,CA,AWP,WE,Towers with Radar,0,87,96,0,183,0,2,246,0,248,0,89,342,0,431,362,0,362,793
03/31/2021,VNY,CA,AWP,WE,Towers with Radar,0,114,108,1,223,0,2,227,3,232,0,116,335,4,455,210,0,210,665
04/01/2021,VNY,CA,AWP,WE,Towers with Radar,0,113,130,0,243,0,1,286,1,288,0,114,416,1,531,240,0,240,771
04/02/2021,VNY,CA,AWP,WE,Towers with Radar,0,130,128,1,259,0,2,327,0,329,0,132,455,1,588,497,0,497,1085
04/03/2021,VNY,CA,AWP,WE,Towers with Radar,0,98,114,0,212,0,2,289,0,291,0,100,403,0,503,403,0,403,906
04/04/2021,VNY,CA,AWP,WE,Towers with Radar,0,110,102,0,212,0,2,262,0,264,0,112,364,0,476,281,0,281,757
04/05/2021,VNY,CA,AWP,WE,Towers with Radar,0,99,124,0,223,0,2,224,0,226,0,101,348,0,449,285,0,285,734
04/06/2021,VNY,CA,AWP,WE,Towers with Radar,0,90,109,0,199,0,0,230,0,230,0,90,339,0,429,493,0,493,922
04/07/2021,VNY,CA,AWP,WE,Towers with Radar,0,75,120,2,197,0,1,249,0,250,0,76,369,2,447,368,0,368,815
04/08/2021,VNY,CA,AWP,WE,Towers with Radar,0,84,131,0,215,0,1,252,0,253,0,85,383,0,468,286,0,286,754
04/09/2021,VNY,CA,AWP,WE,Towers with Radar,0,103,103,0,206,0,1,308,3,312,0,104,411,3,518,300,0,300,818
04/10/2021,VNY,CA,AWP,WE,Towers with Radar,0,102,88,0,190,0,0,341,1,342,0,102,429,1,532,365,0,365,897
04/11/2021,VNY,CA,AWP,WE,Towers with Radar,2,130,144,0,276,0,1,315,0,316,2,131,459,0,592,513,0,513,1105
04/12/2021,VNY,CA,AWP,WE,Towers with Radar,0,91,119,0,210,0,1,241,1,243,0,92,360,1,453,557,0,557,1010
04/13/2021,VNY,CA,AWP,WE,Towers with Radar,0,90,96,0,186,0,0,103,0,103,0,90,199,0,289,306,0,306,595
04/14/2021,VNY,CA,AWP,WE,Towers with Radar,0,82,120,0,202,0,1,213,0,214,0,83,333,0,416,463,0,463,879
04/15/2021,VNY,CA,AWP,WE,Towers with Radar,0,102,114,0,216,0,2,339,0,341,0,104,453,0,557,450,0,450,1007
04/16/2021,VNY,CA,AWP,WE,Towers with Radar,0,96,118,1,215,0,5,376,0,381,0,101,494,1,596,453,0,453,1049
04/17/2021,VNY,CA,AWP,WE,Towers with Radar,0,68,91,0,159,0,1,279,0,280,0,69,370,0,439,346,0,346,785
04/18/2021,VNY,CA,AWP,WE,Towers with Radar,0,108,119,0,227,0,1,158,1,160,0,109,277,1,387,62,0,62,449
04/19/2021,VNY,CA,AWP,WE,Towers with Radar,0,82,106,0,188,0,2,288,0,290,0,84,394,0,478,312,0,312,790
04/20/2021,VNY,CA,AWP,WE,Towers with Radar,0,82,86,0,168,0,1,283,0,284,0,83,369,0,452,369,0,369,821
04/21/2021,VNY,CA,AWP,WE,Towers with Radar,1,78,145,0,224,0,0,252,0,252,1,78,397,0,476,582,0,582,1058
04/22/2021,VNY,CA,AWP,WE,Towers with Radar,0,116,128,0,244,0,0,168,0,168,0,116,296,0,412,473,0,473,885
04/23/2021,VNY,CA,AWP,WE,Towers with Radar,1,84,131,0,216,0,1,179,0,180,1,85,310,0,396,528,0,528,924
04/24/2021,VNY,CA,AWP,WE,Towers with Radar,0,82,82,0,164,0,1,230,0,231,0,83,312,0,395,513,0,513,908
04/25/2021,VNY,CA,AWP,WE,Towers with Radar,1,90,140,0,231,0,0,156,1,157,1,90,296,1,388,292,0,292,680
04/26/2021,VNY,CA,AWP,WE,Towers with Radar,0,51,105,0,156,0,0,179,2,181,0,51,284,2,337,572,0,572,909
04/27/2021,VNY,CA,AWP,WE,Towers with Radar,0,67,88,0,155,0,7,227,2,236,0,74,315,2,391,347,0,347,738
04/28/2021,VNY,CA,AWP,WE,Towers with Radar,2,69,118,2,191,0,4,278,0,282,2,73,396,2,473,117,0,117,590
04/29/2021,VNY,CA,AWP,WE,Towers with Radar,0,101,132,0,233,0,3,339,0,342,0,104,471,0,575,328,0,328,903
04/30/2021,VNY,CA,AWP,WE,Towers with Radar,0,87,113,0,200,0,4,342,4,350,0,91,455,4,550,372,0,372,922
05/01/2021,VNY,CA,AWP,WE,Towers with Radar,0,86,93,0,179,0,3,336,6,345,0,89,429,6,524,331,0,331,855
05/02/2021,VNY,CA,AWP,WE,Towers with Radar,0,123,125,0,248,0,2,315,2,319,0,125,440,2,567,486,0,486,1053
05/03/2021,VNY,CA,AWP,WE,Towers with Radar,0,75,127,1,203,0,1,262,1,264,0,76,389,2,467,287,0,287,754
05/04/2021,VNY,CA,AWP,WE,Towers with Radar,0,83,88,1,172,0,1,298,1,300,0,84,386,2,472,391,0,391,863
05/05/2021,VNY,CA,AWP,WE,Towers with Radar,0,90,102,0,192,0,2,336,0,338,0,92,438,0,530,379,0,379,909
05/06/2021,VNY,CA,AWP,WE,Towers with Radar,0,101,126,0,227,0,2,319,0,321,0,103,445,0,548,332,0,332,880
05/07/2021,VNY,CA,AWP,WE,Towers with Radar,0,94,122,0,216,0,3,355,0,358,0,97,477,0,574,487,0,487,1061
05/08/2021,VNY,CA,AWP,WE,Towers with Radar,0,94,109,0,203,0,3,255,2,260,0,97,364,2,463,257,0,257,720
05/09/2021,VNY,CA,AWP,WE,Towers with Radar,0,78,110,0,188,0,1,228,0,229,0,79,338,0,417,308,0,308,725
05/10/2021,VNY,CA,AWP,WE,Towers with Radar,0,89,123,0,212,0,2,179,2,183,0,91,302,2,395,767,0,767,1162
05/11/2021,VNY,CA,AWP,WE,Towers with Radar,1,78,123,0,202,0,2,244,1,247,1,80,367,1,449,525,0,525,974
05/12/2021,VNY,CA,AWP,WE,Towers with Radar,0,83,129,2,214,0,4,289,1,294,0,87,418,3,508,615,0,615,1123
05/13/2021,VNY,CA,AWP,WE,Towers with Radar,1,96,144,0,241,0,0,208,1,209,1,96,352,1,450,503,0,503,953
05/14/2021,VNY,CA,AWP,WE,Towers with Radar,1,110,141,1,253,0,3,288,0,291,1,113,429,1,544,341,0,341,885
05/15/2021,VNY,CA,AWP,WE,Towers with Radar,0,100,100,0,200,0,2,209,4,215,0,102,309,4,415,320,0,320,735
05/16/2021,VNY,CA,AWP,WE,Towers with Radar,0,113,155,0,268,0,1,234,0,235,0,114,389,0,503,317,0,317,820
05/17/2021,VNY,CA,AWP,WE,Towers with Radar,0,77,122,0,199,0,1,203,4,208,0,78,325,4,407,353,0,353,760
05/18/2021,VNY,CA,AWP,WE,Towers with Radar,0,100,87,0,187,0,3,363,0,366,0,103,450,0,553,509,0,509,1062
05/19/2021,VNY,CA,AWP,WE,Towers with Radar,0,87,117,0,204,0,1,280,0,281,0,88,397,0,485,369,0,369,854
05/20/2021,VNY,CA,AWP,WE,Towers with Radar,0,98,106,0,204,0,1,295,0,296,0,99,401,0,500,511,0,511,1011
05/21/2021,VNY,CA,AWP,WE,Towers with Radar,1,110,111,0,222,0,6,307,0,313,1,116,418,0,535,376,0,376,911
05/22/2021,VNY,CA,AWP,WE,Towers with Radar,0,70,88,0,158,0,1,347,2,350,0,71,435,2,508,304,0,304,812
05/23/2021,VNY,CA,AWP,WE,Towers with Radar,0,123,133,0,256,0,2,357,0,359,0,125,490,0,615,268,0,268,883
05/24/2021,VNY,CA,AWP,WE,Towers with Radar,0,73,104,2,179,0,3,302,0,305,0,76,406,2,484,490,0,490,974
05/25/2021,VNY,CA,AWP,WE,Towers with Radar,0,87,105,0,192,0,1,315,0,316,0,88,420,0,508,381,0,381,889
05/26/2021,VNY,CA,AWP,WE,Towers with Radar,0,101,129,0,230,0,2,322,2,326,0,103,451,2,556,372,0,372,928
05/27/2021,VNY,CA,AWP,WE,Towers with Radar,0,102,148,0,250,0,1,323,2,326,0,103,471,2,576,465,2,467,1043
05/28/2021,VNY,CA,AWP,WE,Towers with Radar,1,122,147,0,270,0,3,364,1,368,1,125,511,1,638,585,0,585,1223
05/29/2021,VNY,CA,AWP,WE,Towers with Radar,1,88,96,0,185,0,0,255,4,259,1,88,351,4,444,229,0,229,673
05/30/2021,VNY,CA,AWP,WE,Towers with Radar,0,80,82,1,163,0,1,249,0,250,0,81,331,1,413,367,0,367,780
05/31/2021,VNY,CA,AWP,WE,Towers with Radar,0,135,151,0,286,0,5,298,3,306,0,140,449,3,592,392,0,392,984
06/01/2021,VNY,CA,AWP,WE,Towers with Radar,0,110,113,0,223,0,6,255,0,261,0,116,368,0,484,372,0,372,856
06/02/2021,VNY,CA,AWP,WE,Towers with Radar,0,71,110,0,181,0,3,244,0,247,0,74,354,0,428,388,0,388,816
06/03/2021,VNY,CA,AWP,WE,Towers with Radar,0,93,131,2,226,0,1,317,1,319,0,94,448,3,545,333,0,333,878
06/04/2021,VNY,CA,AWP,WE,Towers with Radar,1,91,116,0,208,0,2,306,0,308,1,93,422,0,516,504,0,504,1020
06/05/2021,VNY,CA,AWP,WE,Towers with Radar,2,71,108,0,181,0,1,330,0,331,2,72,438,0,512,276,0,276,788
06/06/2021,VNY,CA,AWP,WE,Towers with Radar,0,108,141,0,249,0,0,235,3,238,0,108,376,3,487,330,0,330,817
06/07/2021,VNY,CA,AWP,WE,Towers with Radar,0,102,129,1,232,0,4,103,0,107,0,106,232,1,339,283,0,283,622
06/08/2021,VNY,CA,AWP,WE,Towers with Radar,0,75,108,0,183,0,9,301,0,310,0,84,409,0,493,596,0,596,1089
06/09/2021,VNY,CA,AWP,WE,Towers with Radar,0,79,123,1,203,0,1,253,0,254,0,80,376,1,457,392,0,392,849
06/10/2021,VNY,CA,AWP,WE,Towers with Radar,0,105,148,0,253,0,5,294,3,302,0,110,442,3,555,419,0,419,974
06/11/2021,VNY,CA,AWP,WE,Towers with Radar,0,124,147,2,273,0,1,322,1,324,0,125,469,3,597,512,0,512,1109
06/12/2021,VNY,CA,AWP,WE,Towers with Radar,1,107,146,0,254,0,4,336,2,342,1,111,482,2,596,472,0,472,1068
06/13/2021,VNY,CA,AWP,WE,Towers with Radar,0,118,136,0,254,0,2,303,1,306,0,120,439,1,560,490,0,490,1050
06/14/2021,VNY,CA,AWP,WE,Towers with Radar,2,93,113,0,208,0,2,313,0,315,2,95,426,0,523,366,0,366,889
06/15/2021,VNY,CA,AWP,WE,Towers with Radar,0,100,86,0,186,0,0,228,1,229,0,100,314,1,415,408,0,408,823
06/16/2021,VNY,CA,AWP,WE,Towers with Radar,0,96,123,0,219,0,0,346,1,347,0,96,469,1,566,409,0,409,975
06/17/2021,VNY,CA,AWP,WE,Towers with Radar,0,121,143,0,264,0,3,319,0,322,0,124,462,0,586,538,0,538,1124
06/18/2021,VNY,CA,AWP,WE,Towers with Radar,2,122,169,0,293,0,3,573,0,576,2,125,742,0,869,494,0,494,1363
06/19/2021,VNY,CA,AWP,WE,Towers with Radar,1,87,95,1,184,0,4,135,5,144,1,91,230,6,328,0,0,0,328
06/20/2021,VNY,CA,AWP,WE,Towers with Radar,0,98,131,1,230,0,2,213,0,215,0,100,344,1,445,313,0,313,758
06/21/2021,VNY,CA,AWP,WE,Towers with Radar,0,121,109,0,230,0,1,258,1,260,0,122,367,1,490,454,0,454,944
06/22/2021,VNY,CA,AWP,WE,Towers with Radar,0,81,108,0,189,0,3,301,1,305,0,84,409,1,494,455,0,455,949
06/23/2021,VNY,CA,AWP,WE,Towers with Radar,0,118,115,0,233,0,1,354,0,355,0,119,469,0,588,388,0,388,976
06/24/2021,VNY,CA,AWP,WE,Towers with Radar,1,133,138,1,273,0,0,318,2,320,1,133,456,3,593,462,0,462,1055
06/25/2021,VNY,CA,AWP,WE,Towers with Radar,2,130,144,0,276,0,1,359,0,360,2,131,503,0,636,454,0,454,1090
06/26/2021,VNY,CA,AWP,WE,Towers with Radar,0,82,104,1,187,0,4,333,0,337,0,86,437,1,524,187,0,187,711
06/27/2021,VNY,CA,AWP,WE,Towers with Radar,0,114,156,0,270,0,2,260,0,262,0,116,416,0,532,352,0,352,884
06/28/2021,VNY,CA,AWP,WE,Towers with Radar,1,82,113,1,197,0,1,228,0,229,1,83,341,1,426,377,0,377,803
06/29/2021,VNY,CA,AWP,WE,Towers with Radar,1,79,115,0,195,0,1,244,0,245,1,80,359,0,440,391,0,391,831
06/30/2021,VNY,CA,AWP,WE,Towers with Radar,1,105,132,1,239,0,19,309,0,328,1,124,441,1,567,296,0,296,863
07/01/2021,VNY,CA,AWP,WE,Towers with Radar,0,142,160,1,303,0,8,307,0,315,0,150,467,1,618,313,0,313,931
07/02/2021,VNY,CA,AWP,WE,Towers with Radar,0,112,162,0,274,0,2,249,1,252,0,114,411,1,526,348,0,348,874
07/03/2021,VNY,CA,AWP,WE,Towers with Radar,1,88,105,0,194,0,5,232,0,237,1,93,337,0,431,245,0,245,676
07/04/2021,VNY,CA,AWP,WE,Towers with Radar,0,63,53,0,116,0,3,224,9,236,0,66,277,9,352,168,0,168,520
07/05/2021,VNY,CA,AWP,WE,Towers with Radar,2,117,158,0,277,0,2,209,0,211,2,119,367,0,488,305,0,305,793
07/06/2021,VNY,CA,AWP,WE,Towers with Radar,0,84,130,0,214,0,4,253,4,261,0,88,383,4,475,304,0,304,779
07/07/2021,VNY,CA,AWP,WE,Towers with Radar,1,93,120,0,214,0,2,319,3,324,1,95,439,3,538,381,0,381,919
07/08/2021,VNY,CA,AWP,WE,Towers with Radar,0,97,112,1,210,0,1,262,3,266,0,98,374,4,476,383,0,383,859
07/09/2021,VNY,CA,AWP,WE,Towers with Radar,0,129,158,0,287,0,5,306,0,311,0,134,464,0,598,185,0,185,783
07/10/2021,VNY,CA,AWP,WE,Towers with Radar,2,96,117,1,216,0,1,261,0,262,2,97,378,1,478,359,0,359,837
07/11/2021,VNY,CA,AWP,WE,Towers with Radar,0,140,185,0,325,0,0,260,2,262,0,140,445,2,587,317,0,317,904
07/12/2021,VNY,CA,AWP,WE,Towers with Radar,2,88,124,0,214,0,0,202,1,203,2,88,326,1,417,362,0,362,779
07/13/2021,VNY,CA,AWP,WE,Towers with Radar,0,87,74,0,161,0,2,250,2,254,0,89,324,2,415,450,0,450,865
07/14/2021,VNY,CA,AWP,WE,Towers with Radar,0,92,122,0,214,0,1,293,0,294,0,93,415,0,508,468,0,468,976
07/15/2021,VNY,CA,AWP,WE,Towers with Radar,0,104,115,0,219,0,2,267,2,271,0,106,382,2,490,383,0,383,873
07/16/2021,VNY,CA,AWP,WE,Towers with Radar,2,94,101,0,197,0,2,297,1,300,2,96,398,1,497,374,0,374,871
07/17/2021,VNY,CA,AWP,WE,Towers with Radar,0,86,97,1,184,0,2,245,0,247,0,88,342,1,431,256,0,256,687
07/18/2021,VNY,CA,AWP,WE,Towers with Radar,0,116,129,1,246,0,2,241,0,243,0,118,370,1,489,406,0,406,895
07/19/2021,VNY,CA,AWP,WE,Towers with Radar,0,118,101,0,219,0,0,233,1,234,0,118,334,1,453,319,0,319,772
07/20/2021,VNY,CA,AWP,WE,Towers with Radar,0,73,115,1,189,0,4,280,0,284,0,77,395,1,473,406,0,406,879
07/21/2021,VNY,CA,AWP,WE,Towers with Radar,0,90,118,0,208,0,2,327,3,332,0,92,445,3,540,508,0,508,1048
07/22/2021,VNY,CA,AWP,WE,Towers with Radar,0,106,109,0,215,0,0,322,0,322,0,106,431,0,537,299,0,299,836
07/23/2021,VNY,CA,AWP,WE,Towers with Radar,0,116,129,0,245,0,1,314,2,317,0,117,443,2,562,496,0,496,1058
07/24/2021,VNY,CA,AWP,WE,Towers with Radar,3,76,103,0,182,0,0,258,0,258,3,76,361,0,440,210,0,210,650
07/25/2021,VNY,CA,AWP,WE,Towers with Radar,0,128,147,1,276,0,4,280,0,284,0,132,427,1,560,395,0,395,955
07/26/2021,VNY,CA,AWP,WE,Towers with Radar,2,91,150,0,243,0,1,172,0,173,2,92,322,0,416,389,0,389,805
07/27/2021,VNY,CA,AWP,WE,Towers with Radar,0,93,125,0,218,0,1,304,1,306,0,94,429,1,524,548,0,548,1072
07/28/2021,VNY,CA,AWP,WE,Towers with Radar,2,83,110,1,196,0,2,269,1,272,2,85,379,2,468,250,0,250,718
07/29/2021,VNY,CA,AWP,WE,Towers with Radar,0,120,117,0,237,0,3,294,0,297,0,123,411,0,534,322,0,322,856
07/30/2021,VNY,CA,AWP,WE,Towers with Radar,2,100,108,2,212,0,1,295,3,299,2,101,403,5,511,261,0,261,772
07/31/2021,VNY,CA,AWP,WE,Towers with Radar,3,94,93,0,190,0,0,258,1,259,3,94,351,1,449,286,0,286,735
08/01/2021,VNY,CA,AWP,WE,Towers with Radar,0,123,136,0,259,0,1,285,1,287,0,124,421,1,546,152,0,152,698
08/02/2021,VNY,CA,AWP,WE,Towers with Radar,0,94,77,2,173,0,0,272,3,275,0,94,349,5,448,256,0,256,704
08/03/2021,VNY,CA,AWP,WE,Towers with Radar,0,94,79,0,173,0,0,268,3,271,0,94,347,3,444,330,0,330,774
08/04/2021,VNY,CA,AWP,WE,Towers with Radar,0,100,128,0,228,0,2,312,3,317,0,102,440,3,545,278,0,278,823
08/05/2021,VNY,CA,AWP,WE,Towers with Radar,0,101,127,0,228,0,3,326,0,329,0,104,453,0,557,387,0,387,944
08/06/2021,VNY,CA,AWP,WE,Towers with Radar,0,91,133,0,224,0,2,385,0,387,0,93,518,0,611,344,0,344,955
08/07/2021,VNY,CA,AWP,WE,Towers with Radar,0,108,110,0,218,0,0,286,1,287,0,108,396,1,505,357,0,357,862
08/08/2021,VNY,CA,AWP,WE,Towers with Radar,0,127,149,0,276,0,0,241,1,242,0,127,390,1,518,294,0,294,812
08/09/2021,VNY,CA,AWP,WE,Towers with Radar,0,108,133,0,241,0,1,289,2,292,0,109,422,2,533,433,0,433,966
08/10/2021,VNY,CA,AWP,WE,Towers with Radar,0,105,122,0,227,0,2,323,1,326,0,107,445,1,553,481,0,481,1034
08/11/2021,VNY,CA,AWP,WE,Towers with Radar,0,106,171,2,279,0,2,284,3,289,0,108,455,5,568,365,0,365,933
08/12/2021,VNY,CA,AWP,WE,Towers with Radar,0,109,152,0,261,0,0,322,0,322,0,109,474,0,583,494,0,494,1077
08/13/2021,VNY,CA,AWP,WE,Towers with Radar,1,117,142,0,260,0,2,287,0,289,1,119,429,0,549,292,0,292,841
08/14/2021,VNY,CA,AWP,WE,Towers with Radar,1,87,112,0,200,0,1,273,0,274,1,88,385,0,474,304,0,304,778
08/15/2021,VNY,CA,AWP,WE,Towers with Radar,0,128,173,0,301,0,0,307,0,307,0,128,480,0,608,358,0,358,966
08/16/2021,VNY,CA,AWP,WE,Towers with Radar,0,105,118,0,223,0,1,212,0,213,0,106,330,0,436,307,0,307,743
08/17/2021,VNY,CA,AWP,WE,Towers with Radar,0,93,126,1,220,0,1,249,0,250,0,94,375,1,470,348,0,348,818
08/18/2021,VNY,CA,AWP,WE,Towers with Radar,1,115,126,1,243,0,1,103,1,105,1,116,229,2,348,240,0,240,588
08/19/2021,VNY,CA,AWP,WE,Towers with Radar,1,97,123,0,221,0,2,249,0,251,1,99,372,0,472,542,0,542,1014
08/20/2021,VNY,CA,AWP,WE,Towers with Radar,0,121,148,0,269,0,1,251,0,252,0,122,399,0,521,369,0,369,890
08/21/2021,VNY,CA,AWP,WE,Towers with Radar,0,90,117,0,207,0,0,182,0,182,0,90,299,0,389,276,0,276,665
08/22/2021,VNY,CA,AWP,WE,Towers with Radar,1,148,145,0,294,0,0,206,2,208,1,148,351,2,502,438,0,438,940
08/23/2021,VNY,CA,AWP,WE,Towers with Radar,0,132,135,0,267,0,2,249,2,253,0,134,384,2,520,577,0,577,1097
08/24/2021,VNY,CA,AWP,WE,Towers with Radar,0,84,118,2,204,0,1,312,0,313,0,85,430,2,517,437,0,437,954
08/25/2021,VNY,CA,AWP,WE,Towers with Radar,0,80,110,0,190,0,0,249,0,249,0,80,359,0,439,429,0,429,868
08/26/2021,VNY,CA,AWP,WE,Towers with Radar,0,129,117,0,246,0,0,291,0,291,0,129,408,0,537,326,0,326,863
08/27/2021,VNY,CA,AWP,WE,Towers with Radar,0,123,130,0,253,0,2,296,0,298,0,125,426,0,551,441,0,441,992
08/28/2021,VNY,CA,AWP,WE,Towers with Radar,0,78,99,0,177,0,0,287,3,290,0,78,386,3,467,313,0,313,780
08/29/2021,VNY,CA,AWP,WE,Towers with Radar,0,115,145,1,261,0,2,272,0,274,0,117,417,1,535,304,0,304,839
08/30/2021,VNY,CA,AWP,WE,Towers with Radar,0,83,111,0,194,0,2,262,3,267,0,85,373,3,461,396,0,396,857
08/31/2021,VNY,CA,AWP,WE,Towers with Radar,0,91,82,0,173,0,4,213,2,219,0,95,295,2,392,467,0,467,859
09/01/2021,VNY,CA,AWP,WE,Towers with Radar,0,95,98,0,193,0,6,200,1,207,0,101,298,1,400,422,0,422,822
09/02/2021,VNY,CA,AWP,WE,Towers with Radar,0,88,145,0,233,0,2,229,0,231,0,90,374,0,464,359,0,359,823
09/03/2021,VNY,CA,AWP,WE,Towers with Radar,1,121,171,0,293,0,2,324,0,326,1,123,495,0,619,498,0,498,1117
09/04/2021,VNY,CA,AWP,WE,Towers with Radar,0,83,94,0,177,0,1,246,1,248,0,84,340,1,425,276,0,276,701
09/05/2021,VNY,CA,AWP,WE,Towers with Radar,0,98,101,0,199,0,0,210,1,211,0,98,311,1,410,247,0,247,657
09/06/2021,VNY,CA,AWP,WE,Towers with Radar,0,111,148,0,259,0,2,258,1,261,0,113,406,1,520,480,0,480,1000
09/07/2021,VNY,CA,AWP,WE,Towers with Radar,0,126,148,2,276,0,2,266,2,270,0,128,414,4,546,336,0,336,882
09/08/2021,VNY,CA,AWP,WE,Towers with Radar,0,100,135,0,235,0,2,323,0,325,0,102,458,0,560,334,0,334,894
09/09/2021,VNY,CA,AWP,WE,Towers with Radar,0,123,95,1,219,0,2,263,0,265,0,125,358,1,484,324,0,324,808
09/10/2021,VNY,CA,AWP,WE,Towers with Radar,0,120,125,0,245,0,2,263,0,265,0,122,388,0,510,309,0,309,819
09/11/2021,VNY,CA,AWP,WE,Towers with Radar,0,74,99,1,174,0,3,278,1,282,0,77,377,2,456,264,0,264,720
09/12/2021,VNY,CA,AWP,WE,Towers with Radar,1,111,146,0,258,0,1,181,0,182,1,112,327,0,440,392,0,392,832
09/13/2021,VNY,CA,AWP,WE,Towers with Radar,1,85,119,0,205,0,4,180,0,184,1,89,299,0,389,252,0,252,641
09/14/2021,VNY,CA,AWP,WE,Towers with Radar,0,82,115,0,197,0,0,212,2,214,0,82,327,2,411,255,0,255,666
09/15/2021,VNY,CA,AWP,WE,Towers with Radar,1,89,121,0,211,0,0,296,0,296,1,89,417,0,507,460,0,460,967
09/16/2021,VNY,CA,AWP,WE,Towers with Radar,0,100,133,0,233,0,2,297,0,299,0,102,430,0,532,510,0,510,1042
09/17/2021,VNY,CA,AWP,WE,Towers with Radar,1,107,166,0,274,0,2,261,1,264,1,109,427,1,538,360,0,360,898
09/18/2021,VNY,CA,AWP,WE,Towers with Radar,0,82,106,0,188,0,2,158,0,160,0,84,264,0,348,0,0,0,348
09/19/2021,VNY,CA,AWP,WE,Towers with Radar,0,119,173,0,292,0,2,298,0,300,0,121,471,0,592,374,0,374,966
09/20/2021,VNY,CA,AWP,WE,Towers with Radar,0,74,116,0,190,0,1,216,1,218,0,75,332,1,408,356,0,356,764
09/21/2021,VNY,CA,AWP,WE,Towers with Radar,0,78,115,0,193,0,5,238,2,245,0,83,353,2,438,385,0,385,823
09/22/2021,VNY,CA,AWP,WE,Towers with Radar,0,86,118,0,204,0,5,318,0,323,0,91,436,0,527,270,0,270,797
09/23/2021,VNY,CA,AWP,WE,Towers with Radar,0,109,154,0,263,0,2,271,0,273,0,111,425,0,536,384,0,384,920
09/24/2021,VNY,CA,AWP,WE,Towers with Radar,0,126,144,0,270,0,0,268,3,271,0,126,412,3,541,335,0,335,876
09/25/2021,VNY,CA,AWP,WE,Towers with Radar,0,72,94,0,166,0,0,291,0,291,0,72,385,0,457,401,0,401,858
09/26/2021,VNY,CA,AWP,WE,Towers with Radar,1,147,208,0,356,0,2,160,0,162,1,149,368,0,518,297,0,297,815
09/27/2021,VNY,CA,AWP,WE,Towers with Radar,2,124,135,0,261,0,3,82,0,85,2,127,217,0,346,190,0,190,536
09/28/2021,VNY,CA,AWP,WE,Towers with Radar,0,89,112,0,201,0,2,139,0,141,0,91,251,0,342,325,0,325,667
09/29/2021,VNY,CA,AWP,WE,Towers with Radar,0,98,114,0,212,0,0,269,0,269,0,98,383,0,481,345,0,345,826
09/30/2021,VNY,CA,AWP,WE,Towers with Radar,1,102,142,0,245,1,2,269,2,274,2,104,411,2,519,310,0,310,829
10/01/2021,VNY,CA,AWP,WE,Towers with Radar,0,119,133,0,252,0,0,318,2,320,0,119,451,2,572,407,0,407,979
10/02/2021,VNY,CA,AWP,WE,Towers with Radar,1,90,96,0,187,0,2,324,0,326,1,92,420,0,513,497,0,497,1010
10/03/2021,VNY,CA,AWP,WE,Towers with Radar,0,124,162,0,286,0,6,282,2,290,0,130,444,2,576,335,0,335,911
10/04/2021,VNY,CA,AWP,WE,Towers with Radar,1,84,121,0,206,0,3,235,3,241,1,87,356,3,447,256,0,256,703
10/05/2021,VNY,CA,AWP,WE,Towers with Radar,0,81,115,0,196,0,0,313,0,313,0,81,428,0,509,330,0,330,839
10/06/2021,VNY,CA,AWP,WE,Towers with Radar,2,95,126,0,223,0,1,213,0,214,2,96,339,0,437,399,0,399,836
10/07/2021,VNY,CA,AWP,WE,Towers with Radar,0,135,148,0,283,0,1,130,0,131,0,136,278,0,414,412,0,412,826
10/08/2021,VNY,CA,AWP,WE,Towers with Radar,0,117,166,0,283,0,0,190,0,190,0,117,356,0,473,411,0,411,884
10/09/2021,VNY,CA,AWP,WE,Towers with Radar,0,76,123,0,199,0,5,325,0,330,0,81,448,0,529,302,0,302,831
10/10/2021,VNY,CA,AWP,WE,Towers with Radar,0,137,147,0,284,0,3,329,0,332,0,140,476,0,616,390,0,390,1006
10/11/2021,VNY,CA,AWP,WE,Towers with Radar,0,107,115,0,222,0,0,145,0,145,0,107,260,0,367,134,0,134,501
10/12/2021,VNY,CA,AWP,WE,Towers with Radar,0,92,131,1,224,0,0,186,0,186,0,92,317,1,410,252,0,252,662
10/13/2021,VNY,CA,AWP,WE,Towers with Radar,1,93,130,2,226,0,3,371,1,375,1,96,501,3,601,451,0,451,1052
10/14/2021,VNY,CA,AWP,WE,Towers with Radar,1,118,146,1,266,0,5,345,0,350,1,123,491,1,616,442,0,442,1058
10/15/2021,VNY,CA,AWP,WE,Towers with Radar,0,86,155,0,241,0,2,247,0,249,0,88,402,0,490,228,0,228,718
10/16/2021,VNY,CA,AWP,WE,Towers with Radar,0,64,106,0,170,0,1,313,0,314,0,65,419,0,484,345,0,345,829
10/17/2021,VNY,CA,AWP,WE,Towers with Radar,0,112,185,0,297,0,2,311,0,313,0,114,496,0,610,344,0,344,954
10/18/2021,VNY,CA,AWP,WE,Towers with Radar,0,104,148,0,252,0,0,197,1,198,0,104,345,1,450,397,0,397,847
10/19/2021,VNY,CA,AWP,WE,Towers with Radar,2,85,130,0,217,0,1,265,1,267,2,86,395,1,484,554,0,554,1038
10/20/2021,VNY,CA,AWP,WE,Towers with Radar,2,110,155,0,267,0,1,311,0,312,2,111,466,0,579,348,0,348,927
10/21/2021,VNY,CA,AWP,WE,Towers with Radar,2,126,185,0,313,0,2,294,1,297,2,128,479,1,610,433,0,433,1043
10/22/2021,VNY,CA,AWP,WE,Towers with Radar,3,137,162,0,302,0,3,326,0,329,3,140,488,0,631,495,0,495,1126
10/23/2021,VNY,CA,AWP,WE,Towers with Radar,0,85,113,0,198,0,1,190,1,192,0,86,303,1,390,264,0,264,654
10/24/2021,VNY,CA,AWP,WE,Towers with Radar,0,134,174,0,308,0,3,156,0,159,0,137,330,0,467,462,0,462,929
10/25/2021,VNY,CA,AWP,WE,Towers with Radar,0,108,131,0,239,0,0,57,0,57,0,108,188,0,296,142,0,142,438
10/26/2021,VNY,CA,AWP,WE,Towers with Radar,0,83,114,0,197,0,0,233,0,233,0,83,347,0,430,269,0,269,699
10/27/2021,VNY,CA,AWP,WE,Towers with Radar,0,98,109,0,207,0,5,323,0,328,0,103,432,0,535,306,0,306,841
10/28/2021,VNY,CA,AWP,WE,Towers with Radar,0,102,152,2,256,0,3,358,4,365,0,105,510,6,621,367,0,367,988
10/29/2021,VNY,CA,AWP,WE,Towers with Radar,2,90,128,1,221,0,0,345,0,345,2,90,473,1,566,377,0,377,943
10/30/2021,VNY,CA,AWP,WE,Towers with Radar,0,100,105,0,205,0,2,232,0,234,0,102,337,0,439,278,0,278,717
10/31/2021,VNY,CA,AWP,WE,Towers with Radar,1,79,128,1,209,0,3,143,0,146,1,82,271,1,355,332,0,332,687
11/01/2021,VNY,CA,AWP,WE,Towers with Radar,0,71,156,0,227,0,1,188,0,189,0,72,344,0,416,553,0,553,969
11/02/2021,VNY,CA,AWP,WE,Towers with Radar,0,66,108,0,174,0,1,227,0,228,0,67,335,0,402,517,0,517,919
11/03/2021,VNY,CA,AWP,WE,Towers with Radar,0,104,145,0,249,0,3,307,0,310,0,107,452,0,559,384,0,384,943
11/04/2021,VNY,CA,AWP,WE,Towers with Radar,0,100,145,0,245,0,2,267,0,269,0,102,412,0,514,352,0,352,866
11/05/2021,VNY,CA,AWP,WE,Towers with Radar,0,107,163,0,270,0,4,374,0,378,0,111,537,0,648,390,0,390,1038
11/06/2021,VNY,CA,AWP,WE,Towers with Radar,0,79,127,1,207,0,1,234,1,236,0,80,361,2,443,289,0,289,732
11/07/2021,VNY,CA,AWP,WE,Towers with Radar,1,118,181,0,300,0,2,218,1,221,1,120,399,1,521,312,0,312,833
11/08/2021,VNY,CA,AWP,WE,Towers with Radar,0,102,128,1,231,0,0,235,1,236,0,102,363,2,467,398,0,398,865
11/09/2021,VNY,CA,AWP,WE,Towers with Radar,0,83,136,0,219,0,0,218,1,219,0,83,354,1,438,544,0,544,982
11/10/2021,VNY,CA,AWP,WE,Towers with Radar,0,100,140,0,240,0,3,306,0,309,0,103,446,0,549,415,0,415,964
11/11/2021,VNY,CA,AWP,WE,Towers with Radar,0,118,140,0,258,0,6,220,1,227,0,124,360,1,485,247,0,247,732
11/12/2021,VNY,CA,AWP,WE,Towers with Radar,0,90,125,0,215,0,2,240,2,244,0,92,365,2,459,191,0,191,650
11/13/2021,VNY,CA,AWP,WE,Towers with Radar,0,73,111,0,184,0,3,337,1,341,0,76,448,1,525,353,0,353,878
11/14/2021,VNY,CA,AWP,WE,Towers with Radar,0,133,163,0,296,0,3,327,1,331,0,136,490,1,627,414,0,414,1041
11/15/2021,VNY,CA,AWP,WE,Towers with Radar,0,97,175,0,272,0,1,295,0,296,0,98,470,0,568,417,0,417,985
11/16/2021,VNY,CA,AWP,WE,Towers with Radar,0,87,154,0,241,0,1,297,0,298,0,88,451,0,539,445,0,445,984
11/17/2021,VNY,CA,AWP,WE,Towers with Radar,0,90,145,0,235,0,6,287,2,295,0,96,432,2,530,349,0,349,879
11/18/2021,VNY,CA,AWP,WE,Towers with Radar,0,109,139,0,248,0,2,262,0,264,0,111,401,0,512,463,0,463,975
11/19/2021,VNY,CA,AWP,WE,Towers with Radar,0,114,165,1,280,0,1,155,0,156,0,115,320,1,436,280,0,280,716
11/20/2021,VNY,CA,AWP,WE,Towers with Radar,0,111,163,0,274,0,3,205,0,208,0,114,368,0,482,268,0,268,750
11/21/2021,VNY,CA,AWP,WE,Towers with Radar,0,109,127,0,236,0,3,161,1,165,0,112,288,1,401,121,0,121,522
11/22/2021,VNY,CA,AWP,WE,Towers with Radar,0,114,116,1,231,0,1,246,0,247,0,115,362,1,478,298,0,298,776
11/23/2021,VNY,CA,AWP,WE,Towers with Radar,0,114,154,0,268,0,1,388,0,389,0,115,542,0,657,382,0,382,1039
11/24/2021,VNY,CA,AWP,WE,Towers with Radar,0,96,123,0,219,0,3,274,0,277,0,99,397,0,496,198,0,198,694
11/25/2021,VNY,CA,AWP,WE,Towers with Radar,0,48,42,0,90,0,0,57,0,57,0,48,99,0,147,0,0,0,147
11/26/2021,VNY,CA,AWP,WE,Towers with Radar,0,79,87,0,166,0,1,265,1,267,0,80,352,1,433,150,0,150,583
11/27/2021,VNY,CA,AWP,WE,Towers with Radar,0,119,131,0,250,0,6,301,0,307,0,125,432,0,557,294,0,294,851
11/28/2021,VNY,CA,AWP,WE,Towers with Radar,0,156,195,0,351,0,3,240,2,245,0,159,435,2,596,251,0,251,847
11/29/2021,VNY,CA,AWP,WE,Towers with Radar,0,108,110,0,218,0,2,263,1,266,0,110,373,1,484,407,0,407,891
11/30/2021,VNY,CA,AWP,WE,Towers with Radar,0,101,108,1,210,0,0,263,1,264,0,101,371,2,474,387,0,387,861
12/01/2021,VNY,CA,AWP,WE,Towers with Radar,0,103,158,0,261,0,1,317,0,318,0,104,475,0,579,386,0,386,965
12/02/2021,VNY,CA,AWP,WE,Towers with Radar,1,116,143,0,260,0,2,254,0,256,1,118,397,0,516,302,0,302,818
12/03/2021,VNY,CA,AWP,WE,Towers with Radar,0,110,141,4,255,0,3,107,0,110,0,113,248,4,365,86,0,86,451
12/04/2021,VNY,CA,AWP,WE,Towers with Radar,1,76,100,4,181,0,2,190,0,192,1,78,290,4,373,354,0,354,727
12/05/2021,VNY,CA,AWP,WE,Towers with Radar,0,121,142,0,263,0,2,201,4,207,0,123,343,4,470,152,0,152,622
12/06/2021,VNY,CA,AWP,WE,Towers with Radar,0,86,134,0,220,0,0,233,0,233,0,86,367,0,453,421,0,421,874
12/07/2021,VNY,CA,AWP,WE,Towers with Radar,0,81,154,0,235,0,2,168,1,171,0,83,322,1,406,445,0,445,851
12/08/2021,VNY,CA,AWP,WE,Towers with Radar,0,83,147,0,230,0,0,326,0,326,0,83,473,0,556,298,0,298,854
12/09/2021,VNY,CA,AWP,WE,Towers with Radar,0,99,115,0,214,0,0,61,0,61,0,99,176,0,275,63,0,63,338
12/10/2021,VNY,CA,AWP,WE,Towers with Radar,1,105,119,0,225,0,4,293,0,297,1,109,412,0,522,325,0,325,847
12/11/2021,VNY,CA,AWP,WE,Towers with Radar,0,83,100,0,183,0,1,348,0,349,0,84,448,0,532,359,0,359,891
12/12/2021,VNY,CA,AWP,WE,Towers with Radar,0,117,133,0,250,0,0,314,1,315,0,117,447,1,565,408,0,408,973
12/13/2021,VNY,CA,AWP,WE,Towers with Radar,0,82,149,0,231,0,1,152,0,153,0,83,301,0,384,296,0,296,680
12/14/2021,VNY,CA,AWP,WE,Towers with Radar,0,67,92,0,159,0,3,72,0,75,0,70,164,0,234,0,0,0,234
12/15/2021,VNY,CA,AWP,WE,Towers with Radar,0,76,153,2,231,0,5,373,0,378,0,81,526,2,609,545,0,545,1154
12/16/2021,VNY,CA,AWP,WE,Towers with Radar,0,116,182,0,298,0,0,103,1,104,0,116,285,1,402,234,0,234,636
12/17/2021,VNY,CA,AWP,WE,Towers with Radar,2,122,158,0,282,0,6,263,0,269,2,128,421,0,551,265,0,265,816
12/18/2021,VNY,CA,AWP,WE,Towers with Radar,0,146,143,0,289,0,0,251,0,251,0,146,394,0,540,210,0,210,750
12/19/2021,VNY,CA,AWP,WE,Towers with Radar,0,149,172,0,321,0,0,301,0,301,0,149,473,0,622,497,0,497,1119
12/20/2021,VNY,CA,AWP,WE,Towers with Radar,0,122,136,0,258,0,5,283,1,289,0,127,419,1,547,349,0,349,896
12/21/2021,VNY,CA,AWP,WE,Towers with Radar,0,100,103,1,204,0,2,260,3,265,0,102,363,4,469,304,0,304,773
12/22/2021,VNY,CA,AWP,WE,Towers with Radar,0,127,133,0,260,0,1,294,1,296,0,128,427,1,556,437,0,437,993
12/23/2021,VNY,CA,AWP,WE,Towers with Radar,0,122,138,1,261,0,0,11,0,11,0,122,149,1,272,0,0,0,272
12/24/2021,VNY,CA,AWP,WE,Towers with Radar,0,74,69,0,143,0,1,57,0,58,0,75,126,0,201,66,0,66,267
12/25/2021,VNY,CA,AWP,WE,Towers with Radar,0,80,54,0,134,4,0,26,0,30,4,80,80,0,164,0,0,0,164
12/26/2021,VNY,CA,AWP,WE,Towers with Radar,0,94,148,0,242,0,1,220,0,221,0,95,368,0,463,431,0,431,894
12/27/2021,VNY,CA,AWP,WE,Towers with Radar,0,81,144,0,225,0,1,72,0,73,0,82,216,0,298,148,0,148,446
12/28/2021,VNY,CA,AWP,WE,Towers with Radar,0,96,141,0,237,0,1,244,0,245,0,97,385,0,482,278,0,278,760
12/29/2021,VNY,CA,AWP,WE,Towers with Radar,0,114,136,0,250,0,0,53,0,53,0,114,189,0,303,26,0,26,329
12/30/2021,VNY,CA,AWP,WE,Towers with Radar,0,99,117,0,216,0,0,28,0,28,0,99,145,0,244,0,0,0,244
12/31/2021,VNY,CA,AWP,WE,Towers with Radar,0,82,100,0,182,0,1,237,0,238,0,83,337,0,420,202,0,202,622
01/01/2022,VNY,CA,AWP,WE,Towers with Radar,0,99,130,0,229,0,3,146,0,149,0,102,276,0,378,37,0,37,415
01/02/2022,VNY,CA,AWP,WE,Towers with Radar,1,117,195,0,313,0,1,248,0,249,1,118,443,0,562,129,0,129,691
01/03/2022,VNY,CA,AWP,WE,Towers with Radar,1,110,145,0,256,0,0,257,0,257,1,110,402,0,513,314,0,314,827
01/04/2022,VNY,CA,AWP,WE,Towers with Radar,0,109,97,1,207,0,1,301,0,302,0,110,398,1,509,405,0,405,914
01/05/2022,VNY,CA,AWP,WE,Towers with Radar,2,82,83,0,167,0,1,210,2,213,2,83,293,2,380,199,0,199,579
01/06/2022,VNY,CA,AWP,WE,Towers with Radar,0,93,110,0,203,0,3,325,0,328,0,96,435,0,531,480,0,480,1011
01/07/2022,VNY,CA,AWP,WE,Towers with Radar,0,89,119,1,209,0,0,249,0,249,0,89,368,1,458,466,0,466,924
01/08/2022,VNY,CA,AWP,WE,Towers with Radar,0,99,94,0,193,0,1,296,0,297,0,100,390,0,490,424,0,424,914
01/09/2022,VNY,CA,AWP,WE,Towers with Radar,0,117,117,1,235,0,2,253,0,255,0,119,370,1,490,325,0,325,815
01/10/2022,VNY,CA,AWP,WE,Towers with Radar,0,84,96,0,180,0,0,181,0,181,0,84,277,0,361,129,0,129,490
01/11/2022,VNY,CA,AWP,WE,Towers with Radar,0,76,77,1,154,0,2,215,0,217,0,78,292,1,371,290,0,290,661
01/12/2022,VNY,CA,AWP,WE,Towers with Radar,1,69,102,0,172,0,0,279,2,281,1,69,381,2,453,352,0,352,805
01/13/2022,VNY,CA,AWP,WE,Towers with Radar,0,84,91,1,176,0,7,250,1,258,0,91,341,2,434,410,0,410,844
01/14/2022,VNY,CA,AWP,WE,Towers with Radar,0,132,135,1,268,0,3,277,0,280,0,135,412,1,548,378,0,378,926
01/15/2022,VNY,CA,AWP,WE,Towers with Radar,0,64,101,1,166,0,4,213,1,218,0,68,314,2,384,471,0,471,855
01/16/2022,VNY,CA,AWP,WE,Towers with Radar,0,83,102,0,185,0,0,343,0,343,0,83,445,0,528,458,0,458,986
01/17/2022,VNY,CA,AWP,WE,Towers with Radar,0,136,145,0,281,0,1,157,0,158,0,137,302,0,439,224,0,224,663
01/18/2022,VNY,CA,AWP,WE,Towers with Radar,0,85,139,0,224,0,1,207,0,208,0,86,346,0,432,346,0,346,778
01/19/2022,VNY,CA,AWP,WE,Towers with Radar,0,89,123,2,214,0,1,229,0,230,0,90,352,2,444,257,0,257,701
01/20/2022,VNY,CA,AWP,WE,Towers with Radar,0,96,127,0,223,0,0,261,1,262,0,96,388,1,485,180,0,180,665
01/21/2022,VNY,CA,AWP,WE,Towers with Radar,0,90,112,0,202,0,2,223,0,225,0,92,335,0,427,205,0,205,632
01/22/2022,VNY,CA,AWP,WE,Towers with Radar,0,81,77,0,158,0,4,62,0,66,0,85,139,0,224,0,0,0,224
01/23/2022,VNY,CA,AWP,WE,Towers with Radar,0,113,141,0,254,0,1,233,0,234,0,114,374,0,488,266,0,266,754
01/24/2022,VNY,CA,AWP,WE,Towers with Radar,0,84,103,0,187,0,1,315,0,316,0,85,418,0,503,426,0,426,929
01/25/2022,VNY,CA,AWP,WE,Towers with Radar,0,64,78,0,142,0,3,254,1,258,0,67,332,1,400,511,0,511,911
01/26/2022,VNY,CA,AWP,WE,Towers with Radar,0,94,99,0,193,0,2,293,1,296,0,96,392,1,489,334,0,334,823
01/27/2022,VNY,CA,AWP,WE,Towers with Radar,0,109,126,0,235,0,1,301,0,302,0,110,427,0,537,360,0,360,897
01/28/2022,VNY,CA,AWP,WE,Towers with Radar,0,98,112,0,210,0,4,282,0,286,0,102,394,0,496,245,0,245,741
01/29/2022,VNY,CA,AWP,WE,Towers with Radar,1,71,79,2,153,0,3,308,0,311,1,74,387,2,464,361,0,361,825
01/30/2022,VNY,CA,AWP,WE,Towers with Radar,0,144,119,0,263,0,4,260,0,264,0,148,379,0,527,314,0,314,841
01/31/2022,VNY,CA,AWP,WE,Towers with Radar,0,83,121,0,204,0,5,243,2,250,0,88,364,2,454,371,0,371,825
02/01/2022,VNY,CA,AWP,WE,Towers with Radar,0,72,95,0,167,0,1,186,0,187,0,73,281,0,354,365,0,365,719
02/02/2022,VNY,CA,AWP,WE,Towers with Radar,0,83,91,0,174,0,2,97,1,100,0,85,188,1,274,51,0,51,325
02/03/2022,VNY,CA,AWP,WE,Towers with Radar,0,101,95,1,197,0,1,262,2,265,0,102,357,3,462,231,0,231,693
02/04/2022,VNY,CA,AWP,WE,Towers with Radar,0,100,128,0,228,0,1,148,0,149,0,101,276,0,377,116,0,116,493
02/05/2022,VNY,CA,AWP,WE,Towers with Radar,0,63,74,0,137,0,0,317,0,317,0,63,391,0,454,471,0,471,925
02/06/2022,VNY,CA,AWP,WE,Towers with Radar,0,113,131,1,245,0,1,190,0,191,0,114,321,1,436,215,0,215,651
02/07/2022,VNY,CA,AWP,WE,Towers with Radar,0,114,105,0,219,0,3,238,0,241,0,117,343,0,460,289,0,289,749
02/08/2022,VNY,CA,AWP,WE,Towers with Radar,0,89,119,0,208,0,1,248,0,249,0,90,367,0,457,283,0,283,740
02/09/2022,VNY,CA,AWP,WE,Towers with Radar,0,93,77,0,170,0,1,218,1,220,0,94,295,1,390,133,0,133,523
02/10/2022,VNY,CA,AWP,WE,Towers with Radar,1,114,93,0,208,0,1,135,0,136,1,115,228,0,344,27,0,27,371
02/11/2022,VNY,CA,AWP,WE,Towers with Radar,0,132,107,0,239,0,2,318,1,321,0,134,425,1,560,426,0,426,986
02/12/2022,VNY,CA,AWP,WE,Towers with Radar,1,86,77,0,164,0,0,263,0,263,1,86,340,0,427,314,0,314,741
02/13/2022,VNY,CA,AWP,WE,Towers with Radar,3,108,86,0,197,0,0,140,0,140,3,108,226,0,337,146,0,146,483
02/14/2022,VNY,CA,AWP,WE,Towers with Radar,0,137,141,0,278,0,0,327,0,327,0,137,468,0,605,215,0,215,820
02/15/2022,VNY,CA,AWP,WE,Towers with Radar,2,96,131,0,229,0,3,126,0,129,2,99,257,0,358,363,0,363,721
02/16/2022,VNY,CA,AWP,WE,Towers with Radar,1,115,133,0,249,0,2,356,0,358,1,117,489,0,607,477,0,477,1084
02/17/2022,VNY,CA,AWP,WE,Towers with Radar,2,160,186,1,349,0,2,234,0,236,2,162,420,1,585,254,0,254,839
02/18/2022,VNY,CA,AWP,WE,Towers with Radar,0,136,196,0,332,0,2,267,1,270,0,138,463,1,602,479,0,479,1081
02/19/2022,VNY,CA,AWP,WE,Towers with Radar,0,102,101,0,203,0,5,330,0,335,0,107,431,0,538,368,0,368,906
02/20/2022,VNY,CA,AWP,WE,Towers with Radar,0,113,142,0,255,0,0,288,1,289,0,113,430,1,544,286,0,286,830
02/21/2022,VNY,CA,AWP,WE,Towers with Radar,1,123,190,1,315,0,3,209,0,212,1,126,399,1,527,386,0,386,913
02/22/2022,VNY,CA,AWP,WE,Towers with Radar,0,98,118,1,217,0,2,161,0,163,0,100,279,1,380,110,0,110,490
02/23/2022,VNY,CA,AWP,WE,Towers with Radar,0,124,124,0,248,0,0,248,0,248,0,124,372,0,496,78,0,78,574
02/24/2022,VNY,CA,AWP,WE,Towers with Radar,1,113,146,0,260,0,7,327,1,335,1,120,473,1,595,98,0,98,693
02/25/2022,VNY,CA,AWP,WE,Towers with Radar,0,125,163,2,290,0,3,349,0,352,0,128,512,2,642,47,0,47,689
02/26/2022,VNY,CA,AWP,WE,Towers with Radar,0,105,98,2,205,0,2,328,0,330,0,107,426,2,535,85,0,85,620
02/27/2022,VNY,CA,AWP,WE,Towers with Radar,0,139,155,0,294,0,4,256,0,260,0,143,411,0,554,128,0,128,682
02/28/2022,VNY,CA,AWP,WE,Towers with Radar,0,97,104,0,201,0,2,184,1,187,0,99,288,1,388,12,0,12,400
03/01/2022,VNY,CA,AWP,WE,Towers with Radar,0,80,111,0,191,0,1,258,1,260,0,81,369,1,451,91,0,91,542
03/02/2022,VNY,CA,AWP,WE,Towers with Radar,0,80,122,0,202,0,1,311,0,312,0,81,433,0,514,132,0,132,646
03/03/2022,VNY,CA,AWP,WE,Towers with Radar,3,111,121,0,235,0,1,283,0,284,3,112,404,0,519,129,0,129,648
03/04/2022,VNY,CA,AWP,WE,Towers with Radar,1,88,168,0,257,0,1,203,0,204,1,89,371,0,461,168,0,168,629
03/05/2022,VNY,CA,AWP,WE,Towers with Radar,0,84,84,0,168,0,1,211,1,213,0,85,295,1,381,81,0,81,462
03/06/2022,VNY,CA,AWP,WE,Towers with Radar,2,115,133,0,250,0,2,296,0,298,2,117,429,0,548,137,0,137,685
03/07/2022,VNY,CA,AWP,WE,Towers with Radar,0,98,99,0,197,0,2,250,0,252,0,100,349,0,449,205,0,205,654
03/08/2022,VNY,CA,AWP,WE,Towers with Radar,0,94,112,0,206,0,0,294,0,294,0,94,406,0,500,184,0,184,684
03/09/2022,VNY,CA,AWP,WE,Towers with Radar,0,95,146,0,241,0,0,410,1,411,0,95,556,1,652,176,0,176,828
03/10/2022,VNY,CA,AWP,WE,Towers with Radar,1,114,118,0,233,0,1,267,0,268,1,115,385,0,501,91,0,91,592
03/11/2022,VNY,CA,AWP,WE,Towers with Radar,0,135,120,0,255,0,3,267,0,270,0,138,387,0,525,70,0,70,595
03/12/2022,VNY,CA,AWP,WE,Towers with Radar,0,109,107,0,216,0,2,342,0,344,0,111,449,0,560,217,0,217,777
03/13/2022,VNY,CA,AWP,WE,Towers with Radar,1,114,136,0,251,0,2,327,1,330,1,116,463,1,581,183,0,183,764
03/14/2022,VNY,CA,AWP,WE,Towers with Radar,1,92,105,0,198,0,0,361,0,361,1,92,466,0,559,264,0,264,823
03/15/2022,VNY,CA,AWP,WE,Towers with Radar,0,88,114,0,202,0,0,349,1,350,0,88,463,1,552,288,0,288,840
03/16/2022,VNY,CA,AWP,WE,Towers with Radar,0,95,112,0,207,0,3,261,0,264,0,98,373,0,471,166,0,166,637
03/17/2022,VNY,CA,AWP,WE,Towers with Radar,1,83,123,0,207,0,3,351,1,355,1,86,474,1,562,115,0,115,677
03/18/2022,VNY,CA,AWP,WE,Towers with Radar,0,93,124,0,217,0,5,359,2,366,0,98,483,2,583,149,0,149,732
03/19/2022,VNY,CA,AWP,WE,Towers with Radar,1,87,97,2,187,0,2,258,2,262,1,89,355,4,449,85,0,85,534
03/20/2022,VNY,CA,AWP,WE,Towers with Radar,0,94,167,1,262,0,4,214,0,218,0,98,381,1,480,61,0,61,541
03/21/2022,VNY,CA,AWP,WE,Towers with Radar,1,116,119,0,236,0,4,232,1,237,1,120,351,1,473,89,0,89,562
03/22/2022,VNY,CA,AWP,WE,Towers with Radar,1,85,136,1,223,0,3,298,0,301,1,88,434,1,524,264,0,264,788
03/23/2022,VNY,CA,AWP,WE,Towers with Radar,0,89,101,0,190,0,2,350,0,352,0,91,451,0,542,136,0,136,678
03/24/2022,VNY,CA,AWP,WE,Towers with Radar,0,116,157,2,275,0,1,331,0,332,0,117,488,2,607,90,0,90,697
03/25/2022,VNY,CA,AWP,WE,Towers with Radar,0,92,139,0,231,0,1,366,1,368,0,93,505,1,599,210,0,210,809
03/26/2022,VNY,CA,AWP,WE,Towers with Radar,0,75,129,0,204,0,1,346,3,350,0,76,475,3,554,220,0,220,774
03/27/2022,VNY,CA,AWP,WE,Towers with Radar,0,100,186,0,286,0,2,219,1,222,0,102,405,1,508,192,0,192,700
03/28/2022,VNY,CA,AWP,WE,Towers with Radar,0,106,137,0,243,0,0,52,3,55,0,106,189,3,298,14,0,14,312
03/29/2022,VNY,CA,AWP,WE,Towers with Radar,1,100,123,0,224,0,4,308,2,314,1,104,431,2,538,110,0,110,648
03/30/2022,VNY,CA,AWP,WE,Towers with Radar,1,96,115,0,212,0,1,291,1,293,1,97,406,1,505,188,0,188,693
03/31/2022,VNY,CA,AWP,WE,Towers with Radar,1,108,154,4,267,0,0,235,1,236,1,108,389,5,503,231,0,231,734
04/01/2022,VNY,CA,AWP,WE,Towers with Radar,0,111,143,0,254,0,2,312,2,316,0,113,455,2,570,164,0,164,734
04/02/2022,VNY,CA,AWP,WE,Towers with Radar,2,105,138,1,246,0,0,96,1,97,2,105,234,2,343,82,0,82,425
04/03/2022,VNY,CA,AWP,WE,Towers with Radar,0,109,158,0,267,0,3,201,0,204,0,112,359,0,471,201,0,201,672
04/04/2022,VNY,CA,AWP,WE,Towers with Radar,1,82,151,0,234,0,1,213,2,216,1,83,364,2,450,105,0,105,555
04/05/2022,VNY,CA,AWP,WE,Towers with Radar,0,77,118,0,195,0,0,193,0,193,0,77,311,0,388,46,0,46,434
04/06/2022,VNY,CA,AWP,WE,Towers with Radar,0,109,119,0,228,0,4,323,1,328,0,113,442,1,556,111,0,111,667
04/07/2022,VNY,CA,AWP,WE,Towers with Radar,0,116,130,0,246,0,1,266,1,268,0,117,396,1,514,183,0,183,697
04/08/2022,VNY,CA,AWP,WE,Towers with Radar,0,89,134,0,223,0,2,331,2,335,0,91,465,2,558,70,0,70,628
04/09/2022,VNY,CA,AWP,WE,Towers with Radar,1,105,108,1,215,0,2,323,4,329,1,107,431,5,544,96,0,96,640
04/10/2022,VNY,CA,AWP,WE,Towers with Radar,0,129,142,0,271,0,1,269,0,270,0,130,411,0,541,87,0,87,628
04/11/2022,VNY,CA,AWP,WE,Towers with Radar,1,109,118,0,228,0,1,170,1,172,1,110,288,1,400,201,0,201,601
04/12/2022,VNY,CA,AWP,WE,Towers with Radar,0,96,80,0,176,0,0,135,1,136,0,96,215,1,312,50,0,50,362
04/13/2022,VNY,CA,AWP,WE,Towers with Radar,0,79,105,0,184,0,0,302,0,302,0,79,407,0,486,146,0,146,632
04/14/2022,VNY,CA,AWP,WE,Towers with Radar,1,103,149,0,253,0,1,371,0,372,1,104,520,0,625,208,0,208,833
04/15/2022,VNY,CA,AWP,WE,Towers with Radar,0,120,136,0,256,0,2,356,0,358,0,122,492,0,614,162,0,162,776
04/16/2022,VNY,CA,AWP,WE,Towers with Radar,0,88,98,0,186,0,2,209,1,212,0,90,307,1,398,241,0,241,639
04/17/2022,VNY,CA,AWP,WE,Towers with Radar,1,110,92,0,203,0,1,218,0,219,1,111,310,0,422,204,0,204,626
04/18/2022,VNY,CA,AWP,WE,Towers with Radar,0,103,168,0,271,0,4,348,0,352,0,107,516,0,623,143,0,143,766
04/19/2022,VNY,CA,AWP,WE,Towers with Radar,2,108,121,0,231,0,1,278,1,280,2,109,399,1,511,200,0,200,711
04/20/2022,VNY,CA,AWP,WE,Towers with Radar,0,85,143,0,228,0,0,290,1,291,0,85,433,1,519,148,0,148,667
04/21/2022,VNY,CA,AWP,WE,Towers with Radar,0,112,125,2,239,0,5,277,1,283,0,117,402,3,522,215,0,215,737
04/22/2022,VNY,CA,AWP,WE,Towers with Radar,1,94,139,0,234,0,2,233,2,237,1,96,372,2,471,209,0,209,680
04/23/2022,VNY,CA,AWP,WE,Towers with Radar,0,85,93,0,178,0,2,283,3,288,0,87,376,3,466,96,0,96,562
04/24/2022,VNY,CA,AWP,WE,Towers with Radar,0,115,147,0,262,0,1,231,7,239,0,116,378,7,501,85,0,85,586
04/25/2022,VNY,CA,AWP,WE,Towers with Radar,0,82,133,1,216,0,3,275,0,278,0,85,408,1,494,84,0,84,578
04/26/2022,VNY,CA,AWP,WE,Towers with Radar,2,76,124,0,202,0,0,388,1,389,2,76,512,1,591,205,0,205,796
04/27/2022,VNY,CA,AWP,WE,Towers with Radar,0,102,155,0,257,0,0,344,2,346,0,102,499,2,603,150,0,150,753
04/28/2022,VNY,CA,AWP,WE,Towers with Radar,0,100,184,1,285,0,1,234,1,236,0,101,418,2,521,110,0,110,631
04/29/2022,VNY,CA,AWP,WE,Towers with Radar,0,103,153,0,256,0,1,325,4,330,0,104,478,4,586,210,0,210,796
04/30/2022,VNY,CA,AWP,WE,Towers with Radar,0,85,101,0,186,0,2,281,0,283,0,87,382,0,469,143,0,143,612
05/01/2022,VNY,CA,AWP,WE,Towers with Radar,0,142,163,0,305,0,2,286,0,288,0,144,449,0,593,63,0,63,656
05/02/2022,VNY,CA,AWP,WE,Towers with Radar,0,120,133,0,253,0,2,224,0,226,0,122,357,0,479,218,0,218,697
05/03/2022,VNY,CA,AWP,WE,Towers with Radar,1,103,111,0,215,0,0,273,0,273,1,103,384,0,488,207,0,207,695
05/04/2022,VNY,CA,AWP,WE,Towers with Radar,0,126,132,0,258,0,0,300,0,300,0,126,432,0,558,108,0,108,666
05/05/2022,VNY,CA,AWP,WE,Towers with Radar,1,112,134,0,247,0,0,327,1,328,1,112,461,1,575,158,0,158,733
05/06/2022,VNY,CA,AWP,WE,Towers with Radar,0,84,100,0,184,0,3,389,0,392,0,87,489,0,576,202,0,202,778
05/07/2022,VNY,CA,AWP,WE,Towers with Radar,0,70,77,0,147,0,1,305,1,307,0,71,382,1,454,151,0,151,605
05/08/2022,VNY,CA,AWP,WE,Towers with Radar,0,85,99,0,184,0,1,190,0,191,0,86,289,0,375,193,0,193,568
05/09/2022,VNY,CA,AWP,WE,Towers with Radar,0,91,114,0,205,0,1,258,1,260,0,92,372,1,465,201,0,201,666
05/10/2022,VNY,CA,AWP,WE,Towers with Radar,0,94,104,0,198,0,3,332,0,335,0,97,436,0,533,201,0,201,734
05/11/2022,VNY,CA,AWP,WE,Towers with Radar,0,87,102,0,189,0,1,192,1,194,0,88,294,1,383,74,0,74,457
05/12/2022,VNY,CA,AWP,WE,Towers with Radar,0,101,135,0,236,0,3,329,0,332,0,104,464,0,568,88,0,88,656
05/13/2022,VNY,CA,AWP,WE,Towers with Radar,0,91,115,0,206,0,5,334,3,342,0,96,449,3,548,181,0,181,729
05/14/2022,VNY,CA,AWP,WE,Towers with Radar,1,71,102,0,174,0,0,344,0,344,1,71,446,0,518,291,0,291,809
05/15/2022,VNY,CA,AWP,WE,Towers with Radar,0,131,168,0,299,0,2,260,1,263,0,133,428,1,562,78,0,78,640
05/16/2022,VNY,CA,AWP,WE,Towers with Radar,0,88,123,0,211,0,1,250,0,251,0,89,373,0,462,148,0,148,610
05/17/2022,VNY,CA,AWP,WE,Towers with Radar,0,97,120,0,217,0,2,269,0,271,0,99,389,0,488,243,0,243,731
05/18/2022,VNY,CA,AWP,WE,Towers with Radar,1,103,120,0,224,0,2,250,3,255,1,105,370,3,479,99,0,99,578
05/19/2022,VNY,CA,AWP,WE,Towers with Radar,0,125,139,1,265,0,0,187,0,187,0,125,326,1,452,116,0,116,568
05/20/2022,VNY,CA,AWP,WE,Towers with Radar,1,108,163,0,272,0,1,155,1,157,1,109,318,1,429,194,0,194,623
05/21/2022,VNY,CA,AWP,WE,Towers with Radar,0,63,89,0,152,0,1,250,1,252,0,64,339,1,404,234,0,234,638
05/22/2022,VNY,CA,AWP,WE,Towers with Radar,0,115,134,0,249,0,2,270,1,273,0,117,404,1,522,131,0,131,653
05/23/2022,VNY,CA,AWP,WE,Towers with Radar,0,96,119,0,215,0,1,238,2,241,0,97,357,2,456,187,0,187,643
05/24/2022,VNY,CA,AWP,WE,Towers with Radar,0,83,130,0,213,0,5,302,0,307,0,88,432,0,520,208,0,208,728
05/25/2022,VNY,CA,AWP,WE,Towers with Radar,0,85,120,0,205,0,1,284,3,288,0,86,404,3,493,159,0,159,652
05/26/2022,VNY,CA,AWP,WE,Towers with Radar,0,111,131,0,242,0,1,312,1,314,0,112,443,1,556,93,0,93,649
05/27/2022,VNY,CA,AWP,WE,Towers with Radar,0,106,142,0,248,0,2,283,0,285,0,108,425,0,533,158,0,158,691
05/28/2022,VNY,CA,AWP,WE,Towers with Radar,0,57,80,0,137,0,0,186,2,188,0,57,266,2,325,260,0,260,585
05/29/2022,VNY,CA,AWP,WE,Towers with Radar,0,61,79,0,140,0,3,235,0,238,0,64,314,0,378,80,0,80,458
05/30/2022,VNY,CA,AWP,WE,Towers with Radar,1,105,143,0,249,0,1,216,3,220,1,106,359,3,469,161,0,161,630
05/31/2022,VNY,CA,AWP,WE,Towers with Radar,0,94,107,1,202,0,1,297,0,298,0,95,404,1,500,208,0,208,708
06/01/2022,VNY,CA,AWP,WE,Towers with Radar,0,85,89,0,174,0,2,292,0,294,0,87,381,0,468,207,0,207,675
06/02/2022,VNY,CA,AWP,WE,Towers with Radar,1,83,120,0,204,0,5,316,0,321,1,88,436,0,525,205,0,205,730
06/03/2022,VNY,CA,AWP,WE,Towers with Radar,0,102,112,0,214,0,3,232,0,235,0,105,344,0,449,166,0,166,615
06/04/2022,VNY,CA,AWP,WE,Towers with Radar,0,60,87,0,147,0,2,174,0,176,0,62,261,0,323,175,0,175,498
06/05/2022,VNY,CA,AWP,WE,Towers with Radar,1,112,105,0,218,0,4,244,1,249,1,116,349,1,467,181,0,181,648
06/06/2022,VNY,CA,AWP,WE,Towers with Radar,0,88,117,2,207,0,3,251,0,254,0,91,368,2,461,145,0,145,606
06/07/2022,VNY,CA,AWP,WE,Towers with Radar,0,90,126,0,216,0,8,261,6,275,0,98,387,6,491,168,0,168,659
06/08/2022,VNY,CA,AWP,WE,Towers with Radar,0,109,160,0,269,0,1,93,0,94,0,110,253,0,363,38,0,38,401
06/09/2022,VNY,CA,AWP,WE,Towers with Radar,0,139,153,0,292,0,3,74,1,78,0,142,227,1,370,2,0,2,372
06/10/2022,VNY,CA,AWP,WE,Towers with Radar,0,95,119,0,214,0,5,78,0,83,0,100,197,0,297,0,0,0,297
06/11/2022,VNY,CA,AWP,WE,Towers with Radar,0,80,126,0,206,0,4,251,0,255,0,84,377,0,461,94,0,94,555
06/12/2022,VNY,CA,AWP,WE,Towers with Radar,0,121,163,0,284,0,5,323,0,328,0,126,486,0,612,195,0,195,807
06/13/2022,VNY,CA,AWP,WE,Towers with Radar,2,103,131,0,236,0,0,319,0,319,2,103,450,0,555,204,0,204,759
06/14/2022,VNY,CA,AWP,WE,Towers with Radar,0,75,111,0,186,0,4,395,0,399,0,79,506,0,585,242,0,242,827
06/15/2022,VNY,CA,AWP,WE,Towers with Radar,0,108,118,1,227,0,5,335,4,344,0,113,453,5,571,191,0,191,762
06/16/2022,VNY,CA,AWP,WE,Towers with Radar,0,115,123,0,238,0,2,308,0,310,0,117,431,0,548,127,0,127,675
06/17/2022,VNY,CA,AWP,WE,Towers with Radar,1,106,131,0,238,0,1,268,1,270,1,107,399,1,508,142,0,142,650
06/18/2022,VNY,CA,AWP,WE,Towers with Radar,0,60,101,0,161,0,2,339,1,342,0,62,440,1,503,190,0,190,693
06/19/2022,VNY,CA,AWP,WE,Towers with Radar,0,99,103,0,202,0,2,296,0,298,0,101,399,0,500,160,0,160,660
06/20/2022,VNY,CA,AWP,WE,Towers with Radar,0,97,109,0,206,0,0,357,0,357,0,97,466,0,563,275,0,275,838
06/21/2022,VNY,CA,AWP,WE,Towers with Radar,0,81,96,0,177,0,2,332,1,335,0,83,428,1,512,384,0,384,896
06/22/2022,VNY,CA,AWP,WE,Towers with Radar,1,89,95,0,185,0,1,178,0,179,1,90,273,0,364,330,0,330,694
06/23/2022,VNY,CA,AWP,WE,Towers with Radar,2,107,109,0,218,0,2,361,0,363,2,109,470,0,581,255,0,255,836
06/24/2022,VNY,CA,AWP,WE,Towers with Radar,0,96,124,1,221,0,2,382,2,386,0,98,506,3,607,194,0,194,801
06/25/2022,VNY,CA,AWP,WE,Towers with Radar,0,64,81,0,145,0,0,358,0,358,0,64,439,0,503,298,0,298,801
06/26/2022,VNY,CA,AWP,WE,Towers with Radar,0,113,139,1,253,0,3,301,1,305,0,116,440,2,558,239,0,239,797
06/27/2022,VNY,CA,AWP,WE,Towers with Radar,1,81,99,0,181,0,2,322,0,324,1,83,421,0,505,180,0,180,685
06/28/2022,VNY,CA,AWP,WE,Towers with Radar,0,73,83,0,156,0,0,323,0,323,0,73,406,0,479,321,0,321,800
06/29/2022,VNY,CA,AWP,WE,Towers with Radar,1,95,103,0,199,0,1,372,2,375,1,96,475,2,574,330,0,330,904
06/30/2022,VNY,CA,AWP,WE,Towers with Radar,0,119,110,0,229,0,2,323,0,325,0,121,433,0,554,273,0,273,827
07/01/2022,VNY,CA,AWP,WE,Towers with Radar,1,113,137,0,251,0,0,314,0,314,1,113,451,0,565,242,0,242,807
07/02/2022,VNY,CA,AWP,WE,Towers with Radar,0,84,79,0,163,0,0,329,5,334,0,84,408,5,497,267,0,267,764
07/03/2022,VNY,CA,AWP,WE,Towers with Radar,0,75,86,0,161,0,2,237,3,242,0,77,323,3,403,386,0,386,789
07/04/2022,VNY,CA,AWP,WE,Towers with Radar,0,64,54,0,118,0,7,270,11,288,0,71,324,11,406,344,0,344,750
07/05/2022,VNY,CA,AWP,WE,Towers with Radar,0,113,124,0,237,0,1,295,4,300,0,114,419,4,537,239,0,239,776
07/06/2022,VNY,CA,AWP,WE,Towers with Radar,0,84,99,0,183,0,4,286,2,292,0,88,385,2,475,343,0,343,818
07/07/2022,VNY,CA,AWP,WE,Towers with Radar,1,78,89,0,168,0,3,289,1,293,1,81,378,1,461,196,0,196,657
07/08/2022,VNY,CA,AWP,WE,Towers with Radar,0,83,121,0,204,0,2,359,2,363,0,85,480,2,567,231,0,231,798
07/09/2022,VNY,CA,AWP,WE,Towers with Radar,0,93,90,1,184,0,3,323,3,329,0,96,413,4,513,272,0,272,785
07/10/2022,VNY,CA,AWP,WE,Towers with Radar,0,104,99,0,203,0,0,306,2,308,0,104,405,2,511,269,0,269,780
07/11/2022,VNY,CA,AWP,WE,Towers with Radar,0,96,102,0,198,0,1,280,0,281,0,97,382,0,479,337,0,337,816
07/12/2022,VNY,CA,AWP,WE,Towers with Radar,0,71,82,0,153,0,4,275,0,279,0,75,357,0,432,274,0,274,706
07/13/2022,VNY,CA,AWP,WE,Towers with Radar,0,91,96,0,187,0,0,293,0,293,0,91,389,0,480,209,0,209,689
07/14/2022,VNY,CA,AWP,WE,Towers with Radar,0,102,135,0,237,0,4,406,0,410,0,106,541,0,647,244,0,244,891
07/15/2022,VNY,CA,AWP,WE,Towers with Radar,0,77,127,0,204,0,3,404,0,407,0,80,531,0,611,202,0,202,813
07/16/2022,VNY,CA,AWP,WE,Towers with Radar,0,70,85,0,155,0,1,334,0,335,0,71,419,0,490,225,0,225,715
07/17/2022,VNY,CA,AWP,WE,Towers with Radar,0,107,141,0,248,0,10,299,0,309,0,117,440,0,557,333,0,333,890
07/18/2022,VNY,CA,AWP,WE,Towers with Radar,0,79,87,0,166,0,1,307,1,309,0,80,394,1,475,343,0,343,818
07/19/2022,VNY,CA,AWP,WE,Towers with Radar,0,65,89,0,154,0,2,364,1,367,0,67,453,1,521,352,0,352,873
07/20/2022,VNY,CA,AWP,WE,Towers with Radar,0,93,112,0,205,0,3,380,2,385,0,96,492,2,590,239,0,239,829
07/21/2022,VNY,CA,AWP,WE,Towers with Radar,0,96,125,0,221,0,0,322,2,324,0,96,447,2,545,273,0,273,818
07/22/2022,VNY,CA,AWP,WE,Towers with Radar,0,100,105,1,206,0,1,351,2,354,0,101,456,3,560,324,0,324,884
07/23/2022,VNY,CA,AWP,WE,Towers with Radar,0,73,96,0,169,0,2,281,2,285,0,75,377,2,454,215,0,215,669
07/24/2022,VNY,CA,AWP,WE,Towers with Radar,1,123,138,0,262,0,1,233,0,234,1,124,371,0,496,254,0,254,750
07/25/2022,VNY,CA,AWP,WE,Towers with Radar,0,111,104,1,216,0,1,260,1,262,0,112,364,2,478,204,0,204,682
07/26/2022,VNY,CA,AWP,WE,Towers with Radar,21,83,147,0,251,0,2,344,0,346,21,85,491,0,597,317,0,317,914
07/27/2022,VNY,CA,AWP,WE,Towers with Radar,0,85,106,0,191,0,2,347,0,349,0,87,453,0,540,301,0,301,841
07/28/2022,VNY,CA,AWP,WE,Towers with Radar,0,105,109,0,214,0,3,371,1,375,0,108,480,1,589,208,0,208,797
07/29/2022,VNY,CA,AWP,WE,Towers with Radar,0,88,94,0,182,0,3,348,2,353,0,91,442,2,535,231,0,231,766
07/30/2022,VNY,CA,AWP,WE,Towers with Radar,0,77,75,0,152,0,1,305,0,306,0,78,380,0,458,188,0,188,646
07/31/2022,VNY,CA,AWP,WE,Towers with Radar,1,126,125,0,252,0,4,267,1,272,1,130,392,1,524,270,0,270,794
08/01/2022,VNY,CA,AWP,WE,Towers with Radar,0,85,114,0,199,0,1,261,0,262,0,86,375,0,461,329,0,329,790
08/02/2022,VNY,CA,AWP,WE,Towers with Radar,0,69,91,1,161,0,2,366,1,369,0,71,457,2,530,328,0,328,858
08/03/2022,VNY,CA,AWP,WE,Towers with Radar,0,71,105,0,176,0,1,383,1,385,0,72,488,1,561,361,0,361,922
08/04/2022,VNY,CA,AWP,WE,Towers with Radar,0,103,112,1,216,0,2,368,1,371,0,105,480,2,587,276,0,276,863
08/05/2022,VNY,CA,AWP,WE,Towers with Radar,1,96,129,2,228,0,2,322,0,324,1,98,451,2,552,212,0,212,764
08/06/2022,VNY,CA,AWP,WE,Towers with Radar,0,108,73,0,181,0,0,268,0,268,0,108,341,0,449,359,0,359,808
08/07/2022,VNY,CA,AWP,WE,Towers with Radar,1,101,130,0,232,0,3,277,0,280,1,104,407,0,512,466,0,466,978
08/08/2022,VNY,CA,AWP,WE,Towers with Radar,0,83,110,0,193,0,1,274,3,278,0,84,384,3,471,607,0,607,1078
08/09/2022,VNY,CA,AWP,WE,Towers with Radar,0,76,114,0,190,0,1,327,2,330,0,77,441,2,520,613,0,613,1133
08/10/2022,VNY,CA,AWP,WE,Towers with Radar,0,77,114,3,194,0,4,314,2,320,0,81,428,5,514,534,0,534,1048
08/11/2022,VNY,CA,AWP,WE,Towers with Radar,0,116,105,0,221,0,0,308,0,308,0,116,413,0,529,578,0,578,1107
08/12/2022,VNY,CA,AWP,WE,Towers with Radar,1,100,80,1,182,0,2,329,0,331,1,102,409,1,513,438,0,438,951
08/13/2022,VNY,CA,AWP,WE,Towers with Radar,2,93,78,0,173,0,1,346,0,347,2,94,424,0,520,377,0,377,897
08/14/2022,VNY,CA,AWP,WE,Towers with Radar,0,160,143,0,303,0,2,337,2,341,0,162,480,2,644,454,0,454,1098
08/15/2022,VNY,CA,AWP,WE,Towers with Radar,0,109,110,1,220,0,3,295,0,298,0,112,405,1,518,485,0,485,1003
08/16/2022,VNY,CA,AWP,WE,Towers with Radar,0,86,96,0,182,0,3,332,1,336,0,89,428,1,518,438,0,438,956
08/17/2022,VNY,CA,AWP,WE,Towers with Radar,0,108,109,1,218,0,0,322,0,322,0,108,431,1,540,552,0,552,1092
08/18/2022,VNY,CA,AWP,WE,Towers with Radar,0,108,106,1,215,0,0,324,2,326,0,108,430,3,541,411,0,411,952
08/19/2022,VNY,CA,AWP,WE,Towers with Radar,0,111,113,1,225,0,6,272,1,279,0,117,385,2,504,403,0,403,907
08/20/2022,VNY,CA,AWP,WE,Towers with Radar,0,81,83,1,165,0,2,325,2,329,0,83,408,3,494,486,0,486,980
08/21/2022,VNY,CA,AWP,WE,Towers with Radar,2,149,150,1,302,0,5,236,1,242,2,154,386,2,544,427,0,427,971
08/22/2022,VNY,CA,AWP,WE,Towers with Radar,0,97,114,0,211,0,1,252,0,253,0,98,366,0,464,485,0,485,949
08/23/2022,VNY,CA,AWP,WE,Towers with Radar,1,7,18,0,26,0,0,332,1,333,1,7,350,1,359,513,0,513,872
08/24/2022,VNY,CA,AWP,WE,Towers with Radar,0,6,8,0,14,0,1,311,2,314,0,7,319,2,328,534,0,534,862
08/25/2022,VNY,CA,AWP,WE,Towers with Radar,0,110,113,0,223,0,0,313,3,316,0,110,426,3,539,518,0,518,1057
08/26/2022,VNY,CA,AWP,WE,Towers with Radar,0,87,81,0,168,0,2,398,0,400,0,89,479,0,568,539,0,539,1107
08/27/2022,VNY,CA,AWP,WE,Towers with Radar,0,59,68,0,127,0,3,313,1,317,0,62,381,1,444,582,0,582,1026
08/28/2022,VNY,CA,AWP,WE,Towers with Radar,0,80,130,0,210,0,0,273,1,274,0,80,403,1,484,314,0,314,798
08/29/2022,VNY,CA,AWP,WE,Towers with Radar,0,82,102,2,186,0,1,333,3,337,0,83,435,5,523,391,0,391,914
08/30/2022,VNY,CA,AWP,WE,Towers with Radar,0,3,14,0,17,0,1,311,2,314,0,4,325,2,331,415,0,415,746
08/31/2022,VNY,CA,AWP,WE,Towers with Radar,0,3,16,0,19,0,3,376,0,379,0,6,392,0,398,291,0,291,689
09/01/2022,VNY,CA,AWP,WE,Towers with Radar,0,108,91,0,199,0,10,290,4,304,0,118,381,4,503,246,0,246,749
09/02/2022,VNY,CA,AWP,WE,Towers with Radar,0,88,123,4,215,0,0,295,2,297,0,88,418,6,512,368,0,368,880
09/03/2022,VNY,CA,AWP,WE,Towers with Radar,0,47,54,1,102,0,2,257,1,260,0,49,311,2,362,278,0,278,640
09/04/2022,VNY,CA,AWP,WE,Towers with Radar,0,62,71,0,133,0,0,192,0,192,0,62,263,0,325,286,0,286,611
09/05/2022,VNY,CA,AWP,WE,Towers with Radar,0,112,109,0,221,0,6,248,0,254,0,118,357,0,475,411,0,411,886
09/06/2022,VNY,CA,AWP,WE,Towers with Radar,0,71,114,0,185,0,1,241,2,244,0,72,355,2,429,359,0,359,788
09/07/2022,VNY,CA,AWP,WE,Towers with Radar,0,83,104,2,189,0,1,291,0,292,0,84,395,2,481,483,0,483,964
09/08/2022,VNY,CA,AWP,WE,Towers with Radar,0,97,126,0,223,0,5,284,2,291,0,102,410,2,514,547,0,547,1061
09/09/2022,VNY,CA,AWP,WE,Towers with Radar,1,107,122,2,232,0,4,198,1,203,1,111,320,3,435,174,0,174,609
09/10/2022,VNY,CA,AWP,WE,Towers with Radar,1,81,97,0,179,0,1,155,0,156,1,82,252,0,335,294,0,294,629
09/11/2022,VNY,CA,AWP,WE,Towers with Radar,0,123,145,0,268,0,0,248,1,249,0,123,393,1,517,357,0,357,874
09/12/2022,VNY,CA,AWP,WE,Towers with Radar,1,94,97,0,192,0,1,277,0,278,1,95,374,0,470,501,0,501,971
09/13/2022,VNY,CA,AWP,WE,Towers with Radar,0,93,94,0,187,0,3,384,3,390,0,96,478,3,577,515,0,515,1092
09/14/2022,VNY,CA,AWP,WE,Towers with Radar,0,87,116,0,203,0,0,250,1,251,0,87,366,1,454,508,0,508,962
09/15/2022,VNY,CA,AWP,WE,Towers with Radar,0,89,124,0,213,0,2,306,1,309,0,91,430,1,522,637,0,637,1159
09/16/2022,VNY,CA,AWP,WE,Towers with Radar,0,107,102,0,209,0,1,384,0,385,0,108,486,0,594,343,0,343,937
09/17/2022,VNY,CA,AWP,WE,Towers with Radar,0,94,91,0,185,0,0,295,0,295,0,94,386,0,480,603,0,603,1083
09/18/2022,VNY,CA,AWP,WE,Towers with Radar,1,133,151,0,285,0,2,294,0,296,1,135,445,0,581,579,0,579,1160
09/19/2022,VNY,CA,AWP,WE,Towers with Radar,0,95,101,0,196,0,2,254,2,258,0,97,355,2,454,301,0,301,755
09/20/2022,VNY,CA,AWP,WE,Towers with Radar,0,82,126,0,208,0,2,292,0,294,0,84,418,0,502,611,0,611,1113
09/21/2022,VNY,CA,AWP,WE,Towers with Radar,0,83,99,2,184,0,0,284,1,285,0,83,383,3,469,484,0,484,953
09/22/2022,VNY,CA,AWP,WE,Towers with Radar,0,110,146,1,257,0,1,352,0,353,0,111,498,1,610,554,0,554,1164
09/23/2022,VNY,CA,AWP,WE,Towers with Radar,0,115,124,0,239,0,2,405,0,407,0,117,529,0,646,402,0,402,1048
09/24/2022,VNY,CA,AWP,WE,Towers with Radar,0,107,75,0,182,0,2,363,0,365,0,109,438,0,547,554,0,554,1101
09/25/2022,VNY,CA,AWP,WE,Towers with Radar,1,102,98,2,203,0,1,288,0,289,1,103,386,2,492,366,0,366,858
09/26/2022,VNY,CA,AWP,WE,Towers with Radar,0,84,98,0,182,0,2,310,0,312,0,86,408,0,494,430,0,430,924
09/27/2022,VNY,CA,AWP,WE,Towers with Radar,0,94,84,0,178,0,3,321,1,325,0,97,405,1,503,448,0,448,951
09/28/2022,VNY,CA,AWP,WE,Towers with Radar,0,90,95,0,185,0,1,330,0,331,0,91,425,0,516,475,0,475,991
09/29/2022,VNY,CA,AWP,WE,Towers with Radar,1,91,126,0,218,0,0,316,3,319,1,91,442,3,537,558,0,558,1095
09/30/2022,VNY,CA,AWP,WE,Towers with Radar,0,111,116,0,227,0,4,288,1,293,0,115,404,1,520,433,0,433,953
10/01/2022,VNY,CA,AWP,WE,Towers with Radar,0,94,102,0,196,0,2,287,0,289,0,96,389,0,485,545,0,545,1030
10/02/2022,VNY,CA,AWP,WE,Towers with Radar,0,112,134,0,246,0,0,279,1,280,0,112,413,1,526,358,0,358,884
10/03/2022,VNY,CA,AWP,WE,Towers with Radar,0,71,86,0,157,0,0,301,2,303,0,71,387,2,460,621,0,621,1081
10/04/2022,VNY,CA,AWP,WE,Towers with Radar,0,70,95,0,165,0,2,401,2,405,0,72,496,2,570,543,0,543,1113
10/05/2022,VNY,CA,AWP,WE,Towers with Radar,0,75,76,0,151,0,1,276,2,279,0,76,352,2,430,564,0,564,994
10/06/2022,VNY,CA,AWP,WE,Towers with Radar,0,100,110,1,211,0,3,248,1,252,0,103,358,2,463,388,0,388,851
10/07/2022,VNY,CA,AWP,WE,Towers with Radar,0,99,118,0,217,0,3,307,3,313,0,102,425,3,530,454,0,454,984
10/08/2022,VNY,CA,AWP,WE,Towers with Radar,0,58,62,1,121,0,0,294,0,294,0,58,356,1,415,476,0,476,891
10/09/2022,VNY,CA,AWP,WE,Towers with Radar,2,112,121,0,235,0,0,256,2,258,2,112,377,2,493,359,0,359,852
10/10/2022,VNY,CA,AWP,WE,Towers with Radar,0,77,122,0,199,0,3,215,0,218,0,80,337,0,417,383,0,383,800
10/11/2022,VNY,CA,AWP,WE,Towers with Radar,0,95,100,1,196,0,3,242,0,245,0,98,342,1,441,428,0,428,869
10/12/2022,VNY,CA,AWP,WE,Towers with Radar,0,105,120,0,225,0,2,98,0,100,0,107,218,0,325,118,0,118,443
10/13/2022,VNY,CA,AWP,WE,Towers with Radar,0,119,126,1,246,0,3,57,1,61,0,122,183,2,307,0,0,0,307
10/14/2022,VNY,CA,AWP,WE,Towers with Radar,0,114,135,0,249,0,3,130,0,133,0,117,265,0,382,220,0,220,602
10/15/2022,VNY,CA,AWP,WE,Towers with Radar,0,66,81,0,147,0,0,144,0,144,0,66,225,0,291,262,0,262,553
10/16/2022,VNY,CA,AWP,WE,Towers with Radar,1,118,146,0,265,0,1,216,2,219,1,119,362,2,484,387,0,387,871
10/17/2022,VNY,CA,AWP,WE,Towers with Radar,0,87,98,0,185,0,2,250,0,252,0,89,348,0,437,403,0,403,840
10/18/2022,VNY,CA,AWP,WE,Towers with Radar,1,85,106,0,192,0,0,317,2,319,1,85,423,2,511,451,0,451,962
10/19/2022,VNY,CA,AWP,WE,Towers with Radar,0,104,117,0,221,0,2,308,4,314,0,106,425,4,535,404,0,404,939
10/20/2022,VNY,CA,AWP,WE,Towers with Radar,0,115,125,0,240,0,7,339,1,347,0,122,464,1,587,471,0,471,1058
10/21/2022,VNY,CA,AWP,WE,Towers with Radar,0,83,113,0,196,0,0,311,2,313,0,83,424,2,509,501,0,501,1010
10/22/2022,VNY,CA,AWP,WE,Towers with Radar,0,73,100,0,173,0,0,169,2,171,0,73,269,2,344,408,0,408,752
10/23/2022,VNY,CA,AWP,WE,Towers with Radar,1,131,108,0,240,0,1,296,1,298,1,132,404,1,538,340,0,340,878
10/24/2022,VNY,CA,AWP,WE,Towers with Radar,1,89,95,0,185,0,0,297,0,297,1,89,392,0,482,332,0,332,814
10/25/2022,VNY,CA,AWP,WE,Towers with Radar,0,84,80,0,164,0,3,343,0,346,0,87,423,0,510,406,0,406,916
10/26/2022,VNY,CA,AWP,WE,Towers with Radar,3,88,95,0,186,0,4,406,1,411,3,92,501,1,597,571,0,571,1168
10/27/2022,VNY,CA,AWP,WE,Towers with Radar,1,111,127,0,239,0,0,346,1,347,1,111,473,1,586,498,0,498,1084
10/28/2022,VNY,CA,AWP,WE,Towers with Radar,0,85,111,2,198,0,1,401,2,404,0,86,512,4,602,342,0,342,944
10/29/2022,VNY,CA,AWP,WE,Towers with Radar,2,73,59,0,134,0,6,340,2,348,2,79,399,2,482,301,0,301,783
10/30/2022,VNY,CA,AWP,WE,Towers with Radar,0,77,102,0,179,0,3,301,0,304,0,80,403,0,483,187,0,187,670
10/31/2022,VNY,CA,AWP,WE,Towers with Radar,0,57,84,0,141,0,0,236,0,236,0,57,320,0,377,394,0,394,771
11/01/2022,VNY,CA,AWP,WE,Towers with Radar,1,99,123,0,223,0,0,215,1,216,1,99,338,1,439,502,0,502,941
11/02/2022,VNY,CA,AWP,WE,Towers with Radar,2,67,113,0,182,0,3,224,0,227,2,70,337,0,409,389,0,389,798
11/03/2022,VNY,CA,AWP,WE,Towers with Radar,1,119,132,0,252,0,6,245,0,251,1,125,377,0,503,247,0,247,750
11/04/2022,VNY,CA,AWP,WE,Towers with Radar,1,119,117,2,239,0,2,305,0,307,1,121,422,2,546,316,0,316,862
11/05/2022,VNY,CA,AWP,WE,Towers with Radar,0,86,76,0,162,0,2,342,4,348,0,88,418,4,510,483,0,483,993
11/06/2022,VNY,CA,AWP,WE,Towers with Radar,2,128,143,1,274,0,1,288,0,289,2,129,431,1,563,354,0,354,917
11/07/2022,VNY,CA,AWP,WE,Towers with Radar,1,82,86,0,169,0,0,25,0,25,1,82,111,0,194,8,0,8,202
11/08/2022,VNY,CA,AWP,WE,Towers with Radar,1,83,98,0,182,0,0,48,0,48,1,83,146,0,230,6,0,6,236
11/09/2022,VNY,CA,AWP,WE,Towers with Radar,0,79,84,0,163,0,2,328,0,330,0,81,412,0,493,539,0,539,1032
11/10/2022,VNY,CA,AWP,WE,Towers with Radar,5,117,111,0,233,0,0,304,2,306,5,117,415,2,539,333,0,333,872
11/11/2022,VNY,CA,AWP,WE,Towers with Radar,1,90,129,0,220,0,3,279,2,284,1,93,408,2,504,328,0,328,832
11/12/2022,VNY,CA,AWP,WE,Towers with Radar,1,86,61,0,148,0,6,336,1,343,1,92,397,1,491,404,0,404,895
11/13/2022,VNY,CA,AWP,WE,Towers with Radar,0,118,115,0,233,0,1,196,2,199,0,119,311,2,432,243,0,243,675
11/14/2022,VNY,CA,AWP,WE,Towers with Radar,0,97,95,0,192,0,2,311,2,315,0,99,406,2,507,408,0,408,915
11/15/2022,VNY,CA,AWP,WE,Towers with Radar,0,92,89,0,181,0,1,253,2,256,0,93,342,2,437,260,0,260,697
11/16/2022,VNY,CA,AWP,WE,Towers with Radar,0,84,98,0,182,0,2,119,2,123,0,86,217,2,305,36,0,36,341
11/17/2022,VNY,CA,AWP,WE,Towers with Radar,0,112,111,0,223,0,2,309,0,311,0,114,420,0,534,432,0,432,966
11/18/2022,VNY,CA,AWP,WE,Towers with Radar,0,133,139,0,272,0,8,314,0,322,0,141,453,0,594,458,0,458,1052
11/19/2022,VNY,CA,AWP,WE,Towers with Radar,0,95,114,0,209,0,0,130,0,130,0,95,244,0,339,108,0,108,447
11/20/2022,VNY,CA,AWP,WE,Towers with Radar,0,104,119,0,223,0,1,237,0,238,0,105,356,0,461,222,0,222,683
11/21/2022,VNY,CA,AWP,WE,Towers with Radar,0,101,95,3,199,0,1,272,2,275,0,102,367,5,474,342,0,342,816
11/22/2022,VNY,CA,AWP,WE,Towers with Radar,0,71,81,2,154,0,5,292,1,298,0,76,373,3,452,284,0,284,736
11/23/2022,VNY,CA,AWP,WE,Towers with Radar,0,96,117,0,213,0,3,299,1,303,0,99,416,1,516,491,0,491,1007
11/24/2022,VNY,CA,AWP,WE,Towers with Radar,0,29,18,1,48,0,0,52,0,52,0,29,70,1,100,6,0,6,106
11/25/2022,VNY,CA,AWP,WE,Towers with Radar,0,71,58,0,129,0,1,252,0,253,0,72,310,0,382,302,0,302,684
11/26/2022,VNY,CA,AWP,WE,Towers with Radar,0,99,102,0,201,0,2,273,0,275,0,101,375,0,476,382,0,382,858
11/27/2022,VNY,CA,AWP,WE,Towers with Radar,0,111,178,0,289,0,7,269,2,278,0,118,447,2,567,367,0,367,934
11/28/2022,VNY,CA,AWP,WE,Towers with Radar,0,106,105,0,211,0,8,147,0,155,0,114,252,0,366,494,0,494,860
11/29/2022,VNY,CA,AWP,WE,Towers with Radar,0,78,95,0,173,0,2,265,1,268,0,80,360,1,441,489,0,489,930
11/30/2022,VNY,CA,AWP,WE,Towers with Radar,0,75,106,1,182,0,0,147,0,147,0,75,253,1,329,324,0,324,653
12/01/2022,VNY,CA,AWP,WE,Towers with Radar,0,92,94,2,188,0,1,110,0,111,0,93,204,2,299,335,0,335,634
12/02/2022,VNY,CA,AWP,WE,Towers with Radar,2,87,126,2,217,0,0,30,0,30,2,87,156,2,247,26,0,26,273
12/03/2022,VNY,CA,AWP,WE,Towers with Radar,1,65,102,4,172,0,2,265,0,267,1,67,367,4,439,496,0,496,935
12/04/2022,VNY,CA,AWP,WE,Towers with Radar,0,106,117,1,224,0,0,24,0,24,0,106,141,1,248,64,0,64,312
12/05/2022,VNY,CA,AWP,WE,Towers with Radar,0,76,130,0,206,0,1,208,1,210,0,77,338,1,416,371,0,371,787
12/06/2022,VNY,CA,AWP,WE,Towers with Radar,1,78,95,0,174,0,1,205,0,206,1,79,300,0,380,572,0,572,952
12/07/2022,VNY,CA,AWP,WE,Towers with Radar,0,62,113,0,175,0,3,315,0,318,0,65,428,0,493,461,0,461,954
12/08/2022,VNY,CA,AWP,WE,Towers with Radar,0,80,130,0,210,0,3,322,0,325,0,83,452,0,535,408,0,408,943
12/09/2022,VNY,CA,AWP,WE,Towers with Radar,0,93,146,0,239,0,7,320,0,327,0,100,466,0,566,316,0,316,882
12/10/2022,VNY,CA,AWP,WE,Towers with Radar,0,49,67,0,116,0,0,69,0,69,0,49,136,0,185,398,0,398,583
12/11/2022,VNY,CA,AWP,WE,Towers with Radar,0,97,83,0,180,0,0,42,0,42,0,97,125,0,222,62,0,62,284
12/12/2022,VNY,CA,AWP,WE,Towers with Radar,0,75,86,1,162,0,4,122,9,135,0,79,208,10,297,265,60,325,622
12/13/2022,VNY,CA,AWP,WE,Towers with Radar,0,80,95,0,175,0,2,291,1,294,0,82,386,1,469,510,0,510,979
12/14/2022,VNY,CA,AWP,WE,Towers with Radar,0,77,98,0,175,0,1,278,1,280,0,78,376,1,455,451,0,451,906
12/15/2022,VNY,CA,AWP,WE,Towers with Radar,0,94,98,0,192,0,3,313,1,317,0,97,411,1,509,423,0,423,932
12/16/2022,VNY,CA,AWP,WE,Towers with Radar,0,130,136,0,266,0,1,224,0,225,0,131,360,0,491,225,0,225,716
12/17/2022,VNY,CA,AWP,WE,Towers with Radar,0,111,127,0,238,0,1,243,0,244,0,112,370,0,482,220,0,220,702
12/18/2022,VNY,CA,AWP,WE,Towers with Radar,2,112,129,0,243,0,1,271,0,272,2,113,400,0,515,408,0,408,923
12/19/2022,VNY,CA,AWP,WE,Towers with Radar,0,100,113,0,213,0,3,266,0,269,0,103,379,0,482,413,0,413,895
12/20/2022,VNY,CA,AWP,WE,Towers with Radar,0,95,74,0,169,0,0,332,0,332,0,95,406,0,501,471,0,471,972
12/21/2022,VNY,CA,AWP,WE,Towers with Radar,0,97,86,0,183,0,0,286,0,286,0,97,372,0,469,334,0,334,803
12/22/2022,VNY,CA,AWP,WE,Towers with Radar,3,88,124,0,215,0,4,350,1,355,3,92,474,1,570,416,0,416,986
12/23/2022,VNY,CA,AWP,WE,Towers with Radar,1,101,95,0,197,0,4,256,0,260,1,105,351,0,457,303,0,303,760
12/24/2022,VNY,CA,AWP,WE,Towers with Radar,0,75,56,0,131,0,3,159,2,164,0,78,215,2,295,44,0,44,339
12/25/2022,VNY,CA,AWP,WE,Towers with Radar,0,60,52,0,112,0,0,95,0,95,0,60,147,0,207,50,0,50,257
12/26/2022,VNY,CA,AWP,WE,Towers with Radar,0,135,161,0,296,0,6,284,2,292,0,141,445,2,588,338,0,338,926
12/27/2022,VNY,CA,AWP,WE,Towers with Radar,0,80,145,0,225,0,0,219,1,220,0,80,364,1,445,410,0,410,855
12/28/2022,VNY,CA,AWP,WE,Towers with Radar,0,102,123,0,225,0,2,285,1,288,0,104,408,1,513,677,0,677,1190
12/29/2022,VNY,CA,AWP,WE,Towers with Radar,0,77,100,0,177,0,3,80,1,84,0,80,180,1,261,114,0,114,375
12/30/2022,VNY,CA,AWP,WE,Towers with Radar,0,75,109,0,184,0,1,49,0,50,0,76,158,0,234,12,0,12,246
12/31/2022,VNY,CA,AWP,WE,Towers with Radar,0,53,54,0,107,0,0,1,0,1,0,53,55,0,108,0,0,0,108
01/01/2023,VNY,CA,AWP,WE,Towers with Radar,0,118,120,1,239,0,1,150,0,151,0,119,270,1,390,176,0,176,566
01/02/2023,VNY,CA,AWP,WE,Towers with Radar,0,95,169,0,264,0,1,231,0,232,0,96,400,0,496,551,0,551,1047
01/03/2023,VNY,CA,AWP,WE,Towers with Radar,0,83,138,0,221,0,3,18,0,21,0,86,156,0,242,0,0,0,242
01/04/2023,VNY,CA,AWP,WE,Towers with Radar,0,106,87,1,194,0,0,3,0,3,0,106,90,1,197,0,0,0,197
01/05/2023,VNY,CA,AWP,WE,Towers with Radar,0,93,82,1,176,0,0,17,0,17,0,93,99,1,193,6,0,6,199
01/06/2023,VNY,CA,AWP,WE,Towers with Radar,0,107,115,0,222,0,2,329,0,331,0,109,444,0,553,419,0,419,972
01/07/2023,VNY,CA,AWP,WE,Towers with Radar,0,108,103,0,211,0,3,301,0,304,0,111,404,0,515,433,0,433,948
01/08/2023,VNY,CA,AWP,WE,Towers with Radar,1,119,139,0,259,0,1,182,0,183,1,120,321,0,442,442,0,442,884
01/09/2023,VNY,CA,AWP,WE,Towers with Radar,1,85,90,1,177,0,0,4,0,4,1,85,94,1,181,0,0,0,181
01/10/2023,VNY,CA,AWP,WE,Towers with Radar,0,145,141,0,286,0,0,47,0,47,0,145,188,0,333,12,0,12,345
01/11/2023,VNY,CA,AWP,WE,Towers with Radar,0,105,105,1,211,0,3,300,2,305,0,108,405,3,516,367,0,367,883
01/12/2023,VNY,CA,AWP,WE,Towers with Radar,0,117,120,0,237,0,5,258,0,263,0,122,378,0,500,313,0,313,813
01/13/2023,VNY,CA,AWP,WE,Towers with Radar,1,133,98,0,232,0,1,297,0,298,1,134,395,0,530,412,0,412,942
01/14/2023,VNY,CA,AWP,WE,Towers with Radar,0,69,46,1,116,0,0,11,0,11,0,69,57,1,127,8,0,8,135
01/15/2023,VNY,CA,AWP,WE,Towers with Radar,1,84,71,0,156,0,0,86,0,86,1,84,157,0,242,188,0,188,430
01/16/2023,VNY,CA,AWP,WE,Towers with Radar,1,107,107,0,215,0,0,93,0,93,1,107,200,0,308,107,0,107,415
01/17/2023,VNY,CA,AWP,WE,Towers with Radar,1,65,85,0,151,0,1,310,0,311,1,66,395,0,462,231,0,231,693
01/18/2023,VNY,CA,AWP,WE,Towers with Radar,0,61,90,0,151,0,4,381,1,386,0,65,471,1,537,392,0,392,929
01/19/2023,VNY,CA,AWP,WE,Towers with Radar,0,103,93,0,196,0,5,272,2,279,0,108,365,2,475,463,0,463,938
01/20/2023,VNY,CA,AWP,WE,Towers with Radar,0,103,94,0,197,0,7,351,0,358,0,110,445,0,555,456,0,456,1011
01/21/2023,VNY,CA,AWP,WE,Towers with Radar,0,79,77,1,157,0,0,324,2,326,0,79,401,3,483,320,0,320,803
01/22/2023,VNY,CA,AWP,WE,Towers with Radar,0,101,88,0,189,0,1,259,0,260,0,102,347,0,449,255,0,255,704
01/23/2023,VNY,CA,AWP,WE,Towers with Radar,0,81,91,0,172,0,1,123,0,124,0,82,214,0,296,118,0,118,414
01/24/2023,VNY,CA,AWP,WE,Towers with Radar,0,72,83,0,155,0,4,280,0,284,0,76,363,0,439,314,0,314,753
01/25/2023,VNY,CA,AWP,WE,Towers with Radar,0,87,95,0,182,0,0,259,1,260,0,87,354,1,442,189,0,189,631
01/26/2023,VNY,CA,AWP,WE,Towers with Radar,0,104,74,0,178,0,2,121,0,123,0,106,195,0,301,22,0,22,323
01/27/2023,VNY,CA,AWP,WE,Towers with Radar,0,90,104,1,195,0,1,382,0,383,0,91,486,1,578,573,0,573,1151
01/28/2023,VNY,CA,AWP,WE,Towers with Radar,0,66,82,0,148,0,0,355,3,358,0,66,437,3,506,518,0,518,1024
01/29/2023,VNY,CA,AWP,WE,Towers with Radar,0,89,115,0,204,0,0,108,0,108,0,89,223,0,312,370,0,370,682
01/30/2023,VNY,CA,AWP,WE,Towers with Radar,1,88,109,0,198,0,1,175,0,176,1,89,284,0,374,321,0,321,695
01/31/2023,VNY,CA,AWP,WE,Towers with Radar,0,81,98,0,179,0,2,148,1,151,0,83,246,1,330,17,0,17,347
02/01/2023,VNY,CA,AWP,WE,Towers with Radar,0,80,92,0,172,0,4,263,2,269,0,84,355,2,441,274,0,274,715
02/02/2023,VNY,CA,AWP,WE,Towers with Radar,0,93,123,2,218,0,2,329,0,331,0,95,452,2,549,487,0,487,1036
02/03/2023,VNY,CA,AWP,WE,Towers with Radar,0,109,110,0,219,0,2,447,2,451,0,111,557,2,670,613,0,613,1283
02/04/2023,VNY,CA,AWP,WE,Towers with Radar,0,82,73,1,156,0,0,395,1,396,0,82,468,2,552,539,0,539,1091
02/05/2023,VNY,CA,AWP,WE,Towers with Radar,1,76,133,1,211,0,1,193,0,194,1,77,326,1,405,293,0,293,698
02/06/2023,VNY,CA,AWP,WE,Towers with Radar,1,93,92,1,187,0,5,212,1,218,1,98,304,2,405,198,0,198,603
02/07/2023,VNY,CA,AWP,WE,Towers with Radar,0,89,83,1,173,0,2,313,0,315,0,91,396,1,488,360,0,360,848
02/08/2023,VNY,CA,AWP,WE,Towers with Radar,0,103,79,0,182,0,2,381,0,383,0,105,460,0,565,516,0,516,1081
02/09/2023,VNY,CA,AWP,WE,Towers with Radar,0,113,134,1,248,0,6,237,1,244,0,119,371,2,492,134,0,134,626
02/10/2023,VNY,CA,AWP,WE,Towers with Radar,0,110,153,0,263,0,1,284,9,294,0,111,437,9,557,400,0,400,957
02/11/2023,VNY,CA,AWP,WE,Towers with Radar,0,91,91,0,182,0,1,323,0,324,0,92,414,0,506,406,0,406,912
02/12/2023,VNY,CA,AWP,WE,Towers with Radar,0,112,117,0,229,0,0,296,0,296,0,112,413,0,525,287,0,287,812
02/13/2023,VNY,CA,AWP,WE,Towers with Radar,2,119,153,0,274,0,2,275,0,277,2,121,428,0,551,619,0,619,1170
02/14/2023,VNY,CA,AWP,WE,Towers with Radar,3,62,87,0,152,0,1,234,0,235,3,63,321,0,387,318,0,318,705
02/15/2023,VNY,CA,AWP,WE,Towers with Radar,1,98,115,0,214,0,5,263,0,268,1,103,378,0,482,192,0,192,674
02/16/2023,VNY,CA,AWP,WE,Towers with Radar,1,154,128,0,283,0,3,339,2,344,1,157,467,2,627,587,0,587,1214
02/17/2023,VNY,CA,AWP,WE,Towers with Radar,0,140,140,0,280,0,0,275,3,278,0,140,415,3,558,294,0,294,852
02/18/2023,VNY,CA,AWP,WE,Towers with Radar,1,112,89,0,202,0,1,363,0,364,1,113,452,0,566,540,0,540,1106
02/19/2023,VNY,CA,AWP,WE,Towers with Radar,0,100,95,0,195,0,5,294,2,301,0,105,389,2,496,494,0,494,990
02/20/2023,VNY,CA,AWP,WE,Towers with Radar,0,170,120,0,290,0,0,452,0,452,0,170,572,0,742,520,0,520,1262
02/21/2023,VNY,CA,AWP,WE,Towers with Radar,4,102,93,0,199,0,5,264,0,269,4,107,357,0,468,636,0,636,1104
02/22/2023,VNY,CA,AWP,WE,Towers with Radar,0,86,87,0,173,0,4,126,0,130,0,90,213,0,303,258,0,258,561
02/23/2023,VNY,CA,AWP,WE,Towers with Radar,0,107,83,0,190,0,0,95,0,95,0,107,178,0,285,245,0,245,530
02/24/2023,VNY,CA,AWP,WE,Towers with Radar,2,78,74,0,154,0,0,10,0,10,2,78,84,0,164,0,0,0,164
02/25/2023,VNY,CA,AWP,WE,Towers with Radar,0,94,57,1,152,0,0,56,1,57,0,94,113,2,209,12,0,12,221
02/26/2023,VNY,CA,AWP,WE,Towers with Radar,1,105,120,0,226,0,2,240,0,242,1,107,360,0,468,551,0,551,1019
02/27/2023,VNY,CA,AWP,WE,Towers with Radar,0,86,68,0,154,0,2,42,0,44,0,88,110,0,198,6,0,6,204
02/28/2023,VNY,CA,AWP,WE,Towers with Radar,0,64,80,0,144,0,1,181,0,182,0,65,261,0,326,358,0,358,684
03/01/2023,VNY,CA,AWP,WE,Towers with Radar,0,85,66,2,153,0,1,102,0,103,0,86,168,2,256,90,0,90,346
03/02/2023,VNY,CA,AWP,WE,Towers with Radar,0,102,107,0,209,0,1,368,3,372,0,103,475,3,581,423,0,423,1004
03/03/2023,VNY,CA,AWP,WE,Towers with Radar,0,106,100,0,206,0,4,338,3,345,0,110,438,3,551,550,0,550,1101
03/04/2023,VNY,CA,AWP,WE,Towers with Radar,0,67,86,0,153,0,1,192,1,194,0,68,278,1,347,613,0,613,960
03/05/2023,VNY,CA,AWP,WE,Towers with Radar,0,123,126,0,249,0,0,89,0,89,0,123,215,0,338,146,0,146,484
03/06/2023,VNY,CA,AWP,WE,Towers with Radar,1,92,75,0,168,0,0,251,0,251,1,92,326,0,419,588,0,588,1007
03/07/2023,VNY,CA,AWP,WE,Towers with Radar,0,94,131,0,225,0,2,350,0,352,0,96,481,0,577,578,0,578,1155
03/08/2023,VNY,CA,AWP,WE,Towers with Radar,1,97,126,0,224,0,0,249,1,250,1,97,375,1,474,533,0,533,1007
03/09/2023,VNY,CA,AWP,WE,Towers with Radar,0,104,119,1,224,0,0,349,0,349,0,104,468,1,573,528,0,528,1101
03/10/2023,VNY,CA,AWP,WE,Towers with Radar,0,105,120,0,225,0,0,0,0,0,0,105,120,0,225,0,0,0,225
03/11/2023,VNY,CA,AWP,WE,Towers with Radar,0,80,90,1,171,0,0,29,0,29,0,80,119,1,200,12,0,12,212
03/12/2023,VNY,CA,AWP,WE,Towers with Radar,1,110,130,0,241,0,1,262,0,263,1,111,392,0,504,746,0,746,1250
03/13/2023,VNY,CA,AWP,WE,Towers with Radar,0,102,136,4,242,0,4,223,0,227,0,106,359,4,469,449,0,449,918
03/14/2023,VNY,CA,AWP,WE,Towers with Radar,0,82,110,0,192,0,1,8,0,9,0,83,118,0,201,0,0,0,201
03/15/2023,VNY,CA,AWP,WE,Towers with Radar,1,100,125,0,226,0,1,59,0,60,1,101,184,0,286,47,0,47,333
03/16/2023,VNY,CA,AWP,WE,Towers with Radar,1,104,131,0,236,0,1,205,3,209,1,105,336,3,445,669,0,669,1114
03/17/2023,VNY,CA,AWP,WE,Towers with Radar,0,108,108,0,216,0,5,261,3,269,0,113,369,3,485,549,0,549,1034
03/18/2023,VNY,CA,AWP,WE,Towers with Radar,0,75,90,0,165,0,5,404,1,410,0,80,494,1,575,515,0,515,1090
03/19/2023,VNY,CA,AWP,WE,Towers with Radar,2,117,140,0,259,0,5,105,0,110,2,122,245,0,369,282,0,282,651
03/20/2023,VNY,CA,AWP,WE,Towers with Radar,0,65,99,2,166,0,2,183,1,186,0,67,282,3,352,402,0,402,754
03/21/2023,VNY,CA,AWP,WE,Towers with Radar,0,73,68,0,141,0,0,33,0,33,0,73,101,0,174,15,0,15,189
03/22/2023,VNY,CA,AWP,WE,Towers with Radar,0,86,111,0,197,0,0,52,0,52,0,86,163,0,249,54,0,54,303
03/23/2023,VNY,CA,AWP,WE,Towers with Radar,0,88,138,0,226,0,3,222,0,225,0,91,360,0,451,801,0,801,1252
03/24/2023,VNY,CA,AWP,WE,Towers with Radar,0,106,120,0,226,0,5,244,3,252,0,111,364,3,478,96,0,96,574
03/25/2023,VNY,CA,AWP,WE,Towers with Radar,0,86,77,0,163,0,3,332,0,335,0,89,409,0,498,344,0,344,842
03/26/2023,VNY,CA,AWP,WE,Towers with Radar,0,108,133,1,242,0,1,216,1,218,0,109,349,2,460,140,0,140,600
03/27/2023,VNY,CA,AWP,WE,Towers with Radar,0,81,74,2,157,0,4,257,2,263,0,85,331,4,420,456,0,456,876
03/28/2023,VNY,CA,AWP,WE,Towers with Radar,1,71,90,0,162,0,1,340,2,343,1,72,430,2,505,604,0,604,1109
03/29/2023,VNY,CA,AWP,WE,Towers with Radar,1,72,104,0,177,0,2,127,2,131,1,74,231,2,308,196,0,196,504
03/30/2023,VNY,CA,AWP,WE,Towers with Radar,0,95,114,0,209,0,1,151,3,155,0,96,265,3,364,279,0,279,643
03/31/2023,VNY,CA,AWP,WE,Towers with Radar,0,100,110,0,210,0,1,355,4,360,0,101,465,4,570,464,0,464,1034
04/01/2023,VNY,CA,AWP,WE,Towers with Radar,0,84,82,0,166,0,1,405,2,408,0,85,487,2,574,625,0,625,1199
04/02/2023,VNY,CA,AWP,WE,Towers with Radar,0,124,124,0,248,0,3,341,0,344,0,127,465,0,592,541,0,541,1133
04/03/2023,VNY,CA,AWP,WE,Towers with Radar,0,99,96,1,196,0,2,112,0,114,0,101,208,1,310,148,0,148,458
04/04/2023,VNY,CA,AWP,WE,Towers with Radar,0,90,85,0,175,0,3,228,4,235,0,93,313,4,410,156,0,156,566
04/05/2023,VNY,CA,AWP,WE,Towers with Radar,0,87,84,0,171,0,0,387,2,389,0,87,471,2,560,619,0,619,1179
04/06/2023,VNY,CA,AWP,WE,Towers with Radar,0,90,97,0,187,0,1,314,0,315,0,91,411,0,502,514,0,514,1016
04/07/2023,VNY,CA,AWP,WE,Towers with Radar,0,111,89,0,200,0,4,406,1,411,0,115,495,1,611,576,0,576,1187
04/08/2023,VNY,CA,AWP,WE,Towers with Radar,0,73,81,0,154,0,1,378,2,381,0,74,459,2,535,502,0,502,1037
04/09/2023,VNY,CA,AWP,WE,Towers with Radar,0,103,83,0,186,0,1,276,0,277,0,104,359,0,463,519,0,519,982
04/10/2023,VNY,CA,AWP,WE,Towers with Radar,0,91,104,0,195,0,5,313,0,318,0,96,417,0,513,408,0,408,921
04/11/2023,VNY,CA,AWP,WE,Towers with Radar,0,60,89,0,149,0,1,239,0,240,0,61,328,0,389,558,0,558,947
04/12/2023,VNY,CA,AWP,WE,Towers with Radar,2,95,122,1,220,0,2,54,0,56,2,97,176,1,276,130,0,130,406
04/13/2023,VNY,CA,AWP,WE,Towers with Radar,0,110,159,0,269,0,0,126,1,127,0,110,285,1,396,767,0,767,1163
04/14/2023,VNY,CA,AWP,WE,Towers with Radar,0,129,132,0,261,0,0,285,5,290,0,129,417,5,551,772,0,772,1323
04/15/2023,VNY,CA,AWP,WE,Towers with Radar,1,78,88,0,167,0,2,324,3,329,1,80,412,3,496,478,0,478,974
04/16/2023,VNY,CA,AWP,WE,Towers with Radar,2,99,118,0,219,0,2,261,0,263,2,101,379,0,482,477,0,477,959
04/17/2023,VNY,CA,AWP,WE,Towers with Radar,1,113,145,0,259,0,3,162,0,165,1,116,307,0,424,556,0,556,980
04/18/2023,VNY,CA,AWP,WE,Towers with Radar,1,81,110,0,192,0,3,302,1,306,1,84,412,1,498,604,0,604,1102
04/19/2023,VNY,CA,AWP,WE,Towers with Radar,0,101,83,0,184,0,3,282,1,286,0,104,365,1,470,336,0,336,806
04/20/2023,VNY,CA,AWP,WE,Towers with Radar,1,99,116,0,216,0,3,323,3,329,1,102,439,3,545,598,0,598,1143
04/21/2023,VNY,CA,AWP,WE,Towers with Radar,1,96,103,0,200,0,3,352,1,356,1,99,455,1,556,399,0,399,955
04/22/2023,VNY,CA,AWP,WE,Towers with Radar,0,75,95,0,170,0,0,344,0,344,0,75,439,0,514,430,0,430,944
04/23/2023,VNY,CA,AWP,WE,Towers with Radar,0,121,133,0,254,0,2,327,0,329,0,123,460,0,583,390,0,390,973
04/24/2023,VNY,CA,AWP,WE,Towers with Radar,0,91,114,1,206,0,5,288,2,295,0,96,402,3,501,536,0,536,1037
04/25/2023,VNY,CA,AWP,WE,Towers with Radar,0,86,101,0,187,0,2,275,0,277,0,88,376,0,464,649,0,649,1113
04/26/2023,VNY,CA,AWP,WE,Towers with Radar,2,83,104,0,189,0,1,288,4,293,2,84,392,4,482,630,0,630,1112
04/27/2023,VNY,CA,AWP,WE,Towers with Radar,0,113,142,0,255,0,1,280,4,285,0,114,422,4,540,477,0,477,1017
04/28/2023,VNY,CA,AWP,WE,Towers with Radar,0,110,110,0,220,0,1,325,5,331,0,111,435,5,551,397,0,397,948
04/29/2023,VNY,CA,AWP,WE,Towers with Radar,0,83,100,0,183,0,6,266,0,272,0,89,366,0,455,530,0,530,985
04/30/2023,VNY,CA,AWP,WE,Towers with Radar,0,139,128,0,267,0,1,189,1,191,0,140,317,1,458,314,0,314,772
05/01/2023,VNY,CA,AWP,WE,Towers with Radar,0,105,108,1,214,0,2,172,0,174,0,107,280,1,388,378,0,378,766
05/02/2023,VNY,CA,AWP,WE,Towers with Radar,0,109,116,0,225,0,2,249,0,251,0,111,365,0,476,389,0,389,865
05/03/2023,VNY,CA,AWP,WE,Towers with Radar,0,111,125,0,236,0,6,213,2,221,0,117,338,2,457,450,0,450,907
05/04/2023,VNY,CA,AWP,WE,Towers with Radar,0,98,134,0,232,0,1,120,2,123,0,99,254,2,355,317,0,317,672
05/05/2023,VNY,CA,AWP,WE,Towers with Radar,0,104,143,0,247,0,4,263,1,268,0,108,406,1,515,641,0,641,1156
05/06/2023,VNY,CA,AWP,WE,Towers with Radar,0,64,83,0,147,0,4,325,0,329,0,68,408,0,476,424,0,424,900
05/07/2023,VNY,CA,AWP,WE,Towers with Radar,1,105,136,0,242,0,3,281,1,285,1,108,417,1,527,357,0,357,884
05/08/2023,VNY,CA,AWP,WE,Towers with Radar,0,99,94,0,193,0,2,307,2,311,0,101,401,2,504,543,0,543,1047
05/09/2023,VNY,CA,AWP,WE,Towers with Radar,0,72,94,0,166,0,8,141,0,149,0,80,235,0,315,480,0,480,795
05/10/2023,VNY,CA,AWP,WE,Towers with Radar,0,82,153,0,235,0,0,278,3,281,0,82,431,3,516,437,0,437,953
05/11/2023,VNY,CA,AWP,WE,Towers with Radar,0,92,112,0,204,0,1,321,0,322,0,93,433,0,526,520,0,520,1046
05/12/2023,VNY,CA,AWP,WE,Towers with Radar,0,106,82,0,188,0,3,325,0,328,0,109,407,0,516,336,0,336,852
05/13/2023,VNY,CA,AWP,WE,Towers with Radar,0,77,65,0,142,0,0,274,0,274,0,77,339,0,416,624,0,624,1040
05/14/2023,VNY,CA,AWP,WE,Towers with Radar,0,84,98,0,182,0,2,227,1,230,0,86,325,1,412,292,0,292,704
05/15/2023,VNY,CA,AWP,WE,Towers with Radar,0,86,107,0,193,0,0,229,0,229,0,86,336,0,422,469,0,469,891
05/16/2023,VNY,CA,AWP,WE,Towers with Radar,0,63,85,2,150,0,0,302,0,302,0,63,387,2,452,565,0,565,1017
05/17/2023,VNY,CA,AWP,WE,Towers with Radar,0,100,99,0,199,0,4,296,0,300,0,104,395,0,499,576,0,576,1075
05/18/2023,VNY,CA,AWP,WE,Towers with Radar,0,83,118,2,203,0,2,300,0,302,0,85,418,2,505,455,0,455,960
05/19/2023,VNY,CA,AWP,WE,Towers with Radar,1,101,131,1,234,0,3,187,0,190,1,104,318,1,424,456,0,456,880
05/20/2023,VNY,CA,AWP,WE,Towers with Radar,0,87,90,0,177,0,2,232,2,236,0,89,322,2,413,542,0,542,955
05/21/2023,VNY,CA,AWP,WE,Towers with Radar,0,117,103,0,220,0,3,213,2,218,0,120,316,2,438,356,0,356,794
05/22/2023,VNY,CA,AWP,WE,Towers with Radar,0,94,118,1,213,0,4,147,0,151,0,98,265,1,364,416,0,416,780
05/23/2023,VNY,CA,AWP,WE,Towers with Radar,0,64,119,1,184,0,2,100,0,102,0,66,219,1,286,756,0,756,1042
05/24/2023,VNY,CA,AWP,WE,Towers with Radar,0,94,136,0,230,0,2,194,0,196,0,96,330,0,426,646,0,646,1072
05/25/2023,VNY,CA,AWP,WE,Towers with Radar,0,90,136,0,226,0,0,193,0,193,0,90,329,0,419,778,0,778,1197
05/26/2023,VNY,CA,AWP,WE,Towers with Radar,0,119,152,0,271,0,3,289,1,293,0,122,441,1,564,696,0,696,1260
05/27/2023,VNY,CA,AWP,WE,Towers with Radar,0,64,83,0,147,0,4,252,1,257,0,68,335,1,404,478,0,478,882
05/28/2023,VNY,CA,AWP,WE,Towers with Radar,0,69,90,0,159,0,2,83,0,85,0,71,173,0,244,335,0,335,579
05/29/2023,VNY,CA,AWP,WE,Towers with Radar,1,125,135,0,261,0,2,213,3,218,1,127,348,3,479,554,0,554,1033
05/30/2023,VNY,CA,AWP,WE,Towers with Radar,0,79,96,2,177,0,0,210,0,210,0,79,306,2,387,634,0,634,1021
05/31/2023,VNY,CA,AWP,WE,Towers with Radar,0,73,115,0,188,0,7,191,0,198,0,80,306,0,386,696,0,696,1082
06/01/2023,VNY,CA,AWP,WE,Towers with Radar,0,82,140,0,222,0,1,170,1,172,0,83,310,1,394,789,0,789,1183
06/02/2023,VNY,CA,AWP,WE,Towers with Radar,0,81,99,0,180,0,3,405,0,408,0,84,504,0,588,561,0,561,1149
06/03/2023,VNY,CA,AWP,WE,Towers with Radar,0,66,68,0,134,0,0,361,0,361,0,66,429,0,495,462,0,462,957
06/04/2023,VNY,CA,AWP,WE,Towers with Radar,0,84,121,0,205,0,0,237,2,239,0,84,358,2,444,414,0,414,858
06/05/2023,VNY,CA,AWP,WE,Towers with Radar,1,86,103,0,190,0,3,120,0,123,1,89,223,0,313,564,0,564,877
06/06/2023,VNY,CA,AWP,WE,Towers with Radar,0,68,91,2,161,0,3,261,0,264,0,71,352,2,425,702,3,705,1130
06/07/2023,VNY,CA,AWP,WE,Towers with Radar,0,64,121,0,185,0,0,228,0,228,0,64,349,0,413,749,0,749,1162
06/08/2023,VNY,CA,AWP,WE,Towers with Radar,0,90,103,0,193,0,1,314,0,315,0,91,417,0,508,617,0,617,1125
06/09/2023,VNY,CA,AWP,WE,Towers with Radar,0,92,106,0,198,0,0,153,2,155,0,92,259,2,353,543,0,543,896
06/10/2023,VNY,CA,AWP,WE,Towers with Radar,0,82,102,1,185,0,1,138,0,139,0,83,240,1,324,606,0,606,930
06/11/2023,VNY,CA,AWP,WE,Towers with Radar,1,113,106,0,220,0,2,122,0,124,1,115,228,0,344,552,0,552,896
06/12/2023,VNY,CA,AWP,WE,Towers with Radar,0,79,105,1,185,0,1,217,0,218,0,80,322,1,403,891,0,891,1294
06/13/2023,VNY,CA,AWP,WE,Towers with Radar,0,97,125,0,222,0,1,332,2,335,0,98,457,2,557,715,0,715,1272
06/14/2023,VNY,CA,AWP,WE,Towers with Radar,0,82,144,0,226,0,2,111,1,114,0,84,255,1,340,452,0,452,792
06/15/2023,VNY,CA,AWP,WE,Towers with Radar,0,115,135,0,250,0,0,107,0,107,0,115,242,0,357,604,0,604,961
06/16/2023,VNY,CA,AWP,WE,Towers with Radar,0,105,141,0,246,0,0,281,2,283,0,105,422,2,529,511,0,511,1040
06/17/2023,VNY,CA,AWP,WE,Towers with Radar,0,103,102,0,205,0,2,343,0,345,0,105,445,0,550,511,0,511,1061
06/18/2023,VNY,CA,AWP,WE,Towers with Radar,0,121,123,0,244,0,1,185,1,187,0,122,308,1,431,498,0,498,929
06/19/2023,VNY,CA,AWP,WE,Towers with Radar,0,118,122,0,240,0,3,253,0,256,0,121,375,0,496,673,0,673,1169
06/20/2023,VNY,CA,AWP,WE,Towers with Radar,0,72,84,0,156,0,3,373,0,376,0,75,457,0,532,576,0,576,1108
06/21/2023,VNY,CA,AWP,WE,Towers with Radar,0,91,101,0,192,0,0,352,3,355,0,91,453,3,547,535,0,535,1082
06/22/2023,VNY,CA,AWP,WE,Towers with Radar,0,89,110,0,199,0,1,242,4,247,0,90,352,4,446,591,0,591,1037
06/23/2023,VNY,CA,AWP,WE,Towers with Radar,0,94,100,0,194,0,2,350,4,356,0,96,450,4,550,539,0,539,1089
06/24/2023,VNY,CA,AWP,WE,Towers with Radar,0,81,77,0,158,0,2,367,1,370,0,83,444,1,528,571,0,571,1099
06/25/2023,VNY,CA,AWP,WE,Towers with Radar,0,106,117,0,223,0,0,289,0,289,0,106,406,0,512,567,0,567,1079
06/26/2023,VNY,CA,AWP,WE,Towers with Radar,0,77,99,0,176,0,2,360,0,362,0,79,459,0,538,605,0,605,1143
06/27/2023,VNY,CA,AWP,WE,Towers with Radar,0,61,97,0,158,0,0,351,3,354,0,61,448,3,512,586,0,586,1098
06/28/2023,VNY,CA,AWP,WE,Towers with Radar,0,99,116,2,217,0,2,258,0,260,0,101,374,2,477,520,0,520,997
06/29/2023,VNY,CA,AWP,WE,Towers with Radar,0,98,108,2,208,0,6,321,1,328,0,104,429,3,536,487,0,487,1023
06/30/2023,VNY,CA,AWP,WE,Towers with Radar,0,129,141,0,270,0,3,412,1,416,0,132,553,1,686,116,0,116,802
07/01/2023,VNY,CA,AWP,WE,Towers with Radar,0,77,89,0,166,0,1,266,1,268,0,78,355,1,434,280,0,280,714
07/02/2023,VNY,CA,AWP,WE,Towers with Radar,0,91,80,0,171,0,2,268,0,270,0,93,348,0,441,373,0,373,814
07/03/2023,VNY,CA,AWP,WE,Towers with Radar,1,59,60,1,121,0,3,293,1,297,1,62,353,2,418,559,0,559,977
07/04/2023,VNY,CA,AWP,WE,Towers with Radar,0,52,42,0,94,0,1,305,2,308,0,53,347,2,402,484,0,484,886
07/05/2023,VNY,CA,AWP,WE,Towers with Radar,0,82,83,0,165,0,1,324,2,327,0,83,407,2,492,445,0,445,937
07/06/2023,VNY,CA,AWP,WE,Towers with Radar,0,73,98,0,171,0,3,314,1,318,0,76,412,1,489,537,0,537,1026
07/07/2023,VNY,CA,AWP,WE,Towers with Radar,0,91,102,0,193,0,3,321,0,324,0,94,423,0,517,524,0,524,1041
07/08/2023,VNY,CA,AWP,WE,Towers with Radar,0,83,87,0,170,0,0,357,0,357,0,83,444,0,527,495,0,495,1022
07/09/2023,VNY,CA,AWP,WE,Towers with Radar,0,108,101,0,209,0,1,318,0,319,0,109,419,0,528,431,0,431,959
07/10/2023,VNY,CA,AWP,WE,Towers with Radar,1,100,94,0,195,0,2,375,1,378,1,102,469,1,573,558,0,558,1131
07/11/2023,VNY,CA,AWP,WE,Towers with Radar,0,88,85,0,173,0,3,368,0,371,0,91,453,0,544,530,0,530,1074
07/12/2023,VNY,CA,AWP,WE,Towers with Radar,0,86,87,0,173,0,3,262,2,267,0,89,349,2,440,515,0,515,955
07/13/2023,VNY,CA,AWP,WE,Towers with Radar,0,99,91,0,190,0,2,312,2,316,0,101,403,2,506,488,0,488,994
07/14/2023,VNY,CA,AWP,WE,Towers with Radar,0,88,96,0,184,0,2,400,3,405,0,90,496,3,589,587,0,587,1176
07/15/2023,VNY,CA,AWP,WE,Towers with Radar,0,83,77,0,160,0,0,325,4,329,0,83,402,4,489,588,0,588,1077
07/16/2023,VNY,CA,AWP,WE,Towers with Radar,0,79,103,0,182,0,2,248,1,251,0,81,351,1,433,565,0,565,998
07/17/2023,VNY,CA,AWP,WE,Towers with Radar,0,88,87,0,175,0,1,305,0,306,0,89,392,0,481,387,0,387,868
07/18/2023,VNY,CA,AWP,WE,Towers with Radar,0,71,82,0,153,0,2,316,0,318,0,73,398,0,471,479,0,479,950
07/19/2023,VNY,CA,AWP,WE,Towers with Radar,0,95,102,0,197,0,2,301,0,303,0,97,403,0,500,647,0,647,1147
07/20/2023,VNY,CA,AWP,WE,Towers with Radar,0,101,102,0,203,0,3,326,1,330,0,104,428,1,533,450,0,450,983
07/21/2023,VNY,CA,AWP,WE,Towers with Radar,0,85,94,0,179,0,2,353,3,358,0,87,447,3,537,562,0,562,1099
07/22/2023,VNY,CA,AWP,WE,Towers with Radar,0,78,62,0,140,0,0,285,0,285,0,78,347,0,425,666,0,666,1091
07/23/2023,VNY,CA,AWP,WE,Towers with Radar,0,118,94,0,212,0,0,329,0,329,0,118,423,0,541,660,0,660,1201
07/24/2023,VNY,CA,AWP,WE,Towers with Radar,0,97,78,1,176,0,1,296,1,298,0,98,374,2,474,576,0,576,1050
07/25/2023,VNY,CA,AWP,WE,Towers with Radar,0,78,80,0,158,0,1,353,11,365,0,79,433,11,523,456,0,456,979
07/26/2023,VNY,CA,AWP,WE,Towers with Radar,0,81,92,0,173,0,3,317,3,323,0,84,409,3,496,413,0,413,909
07/27/2023,VNY,CA,AWP,WE,Towers with Radar,0,91,101,1,193,0,0,311,2,313,0,91,412,3,506,506,0,506,1012
07/28/2023,VNY,CA,AWP,WE,Towers with Radar,0,92,100,1,193,0,3,326,3,332,0,95,426,4,525,531,0,531,1056
07/29/2023,VNY,CA,AWP,WE,Towers with Radar,0,83,83,0,166,0,2,290,0,292,0,85,373,0,458,487,0,487,945
07/30/2023,VNY,CA,AWP,WE,Towers with Radar,0,123,95,0,218,0,0,254,0,254,0,123,349,0,472,368,0,368,840
07/31/2023,VNY,CA,AWP,WE,Towers with Radar,0,83,89,1,173,0,1,264,0,265,0,84,353,1,438,598,0,598,1036
08/01/2023,VNY,CA,AWP,WE,Towers with Radar,0,98,93,2,193,0,4,309,0,313,0,102,402,2,506,458,0,458,964
08/02/2023,VNY,CA,AWP,WE,Towers with Radar,0,74,82,1,157,0,3,264,4,271,0,77,346,5,428,297,0,297,725
08/03/2023,VNY,CA,AWP,WE,Towers with Radar,0,86,94,0,180,0,1,320,3,324,0,87,414,3,504,529,0,529,1033
08/04/2023,VNY,CA,AWP,WE,Towers with Radar,0,103,88,1,192,0,2,300,0,302,0,105,388,1,494,374,0,374,868
08/05/2023,VNY,CA,AWP,WE,Towers with Radar,0,85,78,1,164,0,6,348,0,354,0,91,426,1,518,487,0,487,1005
08/06/2023,VNY,CA,AWP,WE,Towers with Radar,0,93,114,1,208,0,2,306,0,308,0,95,420,1,516,398,0,398,914
08/07/2023,VNY,CA,AWP,WE,Towers with Radar,0,89,102,0,191,0,2,342,1,345,0,91,444,1,536,414,0,414,950
08/08/2023,VNY,CA,AWP,WE,Towers with Radar,0,71,101,0,172,0,5,346,2,353,0,76,447,2,525,485,0,485,1010
08/09/2023,VNY,CA,AWP,WE,Towers with Radar,0,84,93,0,177,0,1,271,0,272,0,85,364,0,449,507,0,507,956
08/10/2023,VNY,CA,AWP,WE,Towers with Radar,0,80,105,0,185,0,1,225,1,227,0,81,330,1,412,388,0,388,800
08/11/2023,VNY,CA,AWP,WE,Towers with Radar,0,99,118,2,219,0,1,282,1,284,0,100,400,3,503,438,0,438,941
08/12/2023,VNY,CA,AWP,WE,Towers with Radar,0,81,87,0,168,0,5,347,1,353,0,86,434,1,521,542,0,542,1063
08/13/2023,VNY,CA,AWP,WE,Towers with Radar,1,125,106,0,232,0,1,306,1,308,1,126,412,1,540,539,0,539,1079
08/14/2023,VNY,CA,AWP,WE,Towers with Radar,0,79,94,1,174,0,4,338,1,343,0,83,432,2,517,595,0,595,1112
08/15/2023,VNY,CA,AWP,WE,Towers with Radar,0,88,85,0,173,0,4,325,1,330,0,92,410,1,503,576,0,576,1079
08/16/2023,VNY,CA,AWP,WE,Towers with Radar,1,81,105,0,187,0,2,309,4,315,1,83,414,4,502,598,0,598,1100
08/17/2023,VNY,CA,AWP,WE,Towers with Radar,0,91,109,0,200,0,9,366,4,379,0,100,475,4,579,612,0,612,1191
08/18/2023,VNY,CA,AWP,WE,Towers with Radar,0,106,123,0,229,0,4,364,3,371,0,110,487,3,600,606,0,606,1206
08/19/2023,VNY,CA,AWP,WE,Towers with Radar,0,83,129,0,212,0,3,281,1,285,0,86,410,1,497,472,0,472,969
08/20/2023,VNY,CA,AWP,WE,Towers with Radar,0,67,59,0,126,0,0,29,0,29,0,67,88,0,155,0,0,0,155
08/21/2023,VNY,CA,AWP,WE,Towers with Radar,0,76,82,0,158,0,3,144,0,147,0,79,226,0,305,232,0,232,537
08/22/2023,VNY,CA,AWP,WE,Towers with Radar,0,70,87,0,157,0,0,335,2,337,0,70,422,2,494,468,0,468,962
08/23/2023,VNY,CA,AWP,WE,Towers with Radar,0,86,98,0,184,0,0,313,5,318,0,86,411,5,502,665,0,665,1167
08/24/2023,VNY,CA,AWP,WE,Towers with Radar,0,96,87,0,183,0,2,317,0,319,0,98,404,0,502,614,0,614,1116
08/25/2023,VNY,CA,AWP,WE,Towers with Radar,0,62,86,2,150,0,1,331,4,336,0,63,417,6,486,445,0,445,931
08/26/2023,VNY,CA,AWP,WE,Towers with Radar,0,78,79,0,157,0,2,313,0,315,0,80,392,0,472,426,0,426,898
08/27/2023,VNY,CA,AWP,WE,Towers with Radar,0,102,98,1,201,0,3,275,0,278,0,105,373,1,479,427,0,427,906
08/28/2023,VNY,CA,AWP,WE,Towers with Radar,2,80,79,0,161,0,4,245,0,249,2,84,324,0,410,476,0,476,886
08/29/2023,VNY,CA,AWP,WE,Towers with Radar,0,76,86,0,162,0,3,288,0,291,0,79,374,0,453,313,0,313,766
08/30/2023,VNY,CA,AWP,WE,Towers with Radar,0,86,100,0,186,0,3,272,3,278,0,89,372,3,464,471,0,471,935
08/31/2023,VNY,CA,AWP,WE,Towers with Radar,2,123,107,0,232,0,2,331,2,335,2,125,438,2,567,501,0,501,1068
01/01/2020,VNY,CA,AWP,WE,Towers with Radar,1,91,92,0,184,0,0,198,0,198,1,91,290,0,382,183,0,183,565
01/02/2020,VNY,CA,AWP,WE,Towers with Radar,0,116,105,0,221,0,2,233,1,236,0,118,338,1,457,193,0,193,650
01/03/2020,VNY,CA,AWP,WE,Towers with Radar,0,114,125,0,239,0,1,292,0,293,0,115,417,0,532,254,0,254,786
01/04/2020,VNY,CA,AWP,WE,Towers with Radar,0,113,125,0,238,0,1,284,0,285,0,114,409,0,523,238,0,238,761
01/05/2020,VNY,CA,AWP,WE,Towers with Radar,2,102,104,0,208,0,5,178,1,184,2,107,282,1,392,93,0,93,485
01/06/2020,VNY,CA,AWP,WE,Towers with Radar,0,94,82,0,176,0,2,157,1,160,0,96,239,1,336,142,0,142,478
01/07/2020,VNY,CA,AWP,WE,Towers with Radar,2,64,77,0,143,0,1,263,4,268,2,65,340,4,411,242,0,242,653
01/08/2020,VNY,CA,AWP,WE,Towers with Radar,0,66,95,0,161,0,0,245,0,245,0,66,340,0,406,285,0,285,691
01/09/2020,VNY,CA,AWP,WE,Towers with Radar,0,91,84,0,175,0,0,206,4,210,0,91,290,4,385,288,0,288,673
01/10/2020,VNY,CA,AWP,WE,Towers with Radar,0,43,111,0,154,0,4,296,0,300,0,47,407,0,454,236,0,236,690
01/11/2020,VNY,CA,AWP,WE,Towers with Radar,0,59,76,0,135,0,5,277,0,282,0,64,353,0,417,389,0,389,806
01/12/2020,VNY,CA,AWP,WE,Towers with Radar,0,92,108,0,200,0,2,311,1,314,0,94,419,1,514,275,0,275,789
01/13/2020,VNY,CA,AWP,WE,Towers with Radar,0,53,89,0,142,0,4,215,0,219,0,57,304,0,361,278,0,278,639
01/14/2020,VNY,CA,AWP,WE,Towers with Radar,0,71,100,0,171,0,3,286,0,289,0,74,386,0,460,278,0,278,738
01/15/2020,VNY,CA,AWP,WE,Towers with Radar,0,56,79,0,135,0,2,259,1,262,0,58,338,1,397,335,0,335,732
01/16/2020,VNY,CA,AWP,WE,Towers with Radar,0,98,126,0,224,0,2,174,1,177,0,100,300,1,401,234,0,234,635
01/17/2020,VNY,CA,AWP,WE,Towers with Radar,0,117,156,0,273,0,1,286,3,290,0,118,442,3,563,295,0,295,858
01/18/2020,VNY,CA,AWP,WE,Towers with Radar,0,70,74,0,144,0,3,297,3,303,0,73,371,3,447,146,0,146,593
01/19/2020,VNY,CA,AWP,WE,Towers with Radar,0,78,87,0,165,0,4,279,0,283,0,82,366,0,448,187,0,187,635
01/20/2020,VNY,CA,AWP,WE,Towers with Radar,0,90,157,0,247,0,1,254,0,255,0,91,411,0,502,316,0,316,818
01/21/2020,VNY,CA,AWP,WE,Towers with Radar,2,68,141,0,211,0,0,212,1,213,2,68,353,1,424,345,0,345,769
01/22/2020,VNY,CA,AWP,WE,Towers with Radar,0,60,109,0,169,0,0,312,1,313,0,60,421,1,482,341,0,341,823
01/23/2020,VNY,CA,AWP,WE,Towers with Radar,2,81,112,0,195,0,2,271,0,273,2,83,383,0,468,308,0,308,776
01/24/2020,VNY,CA,AWP,WE,Towers with Radar,0,76,107,0,183,0,2,346,0,348,0,78,453,0,531,304,0,304,835
01/25/2020,VNY,CA,AWP,WE,Towers with Radar,2,51,70,0,123,0,1,266,0,267,2,52,336,0,390,288,0,288,678
01/26/2020,VNY,CA,AWP,WE,Towers with Radar,0,91,144,1,236,0,5,112,0,117,0,96,256,1,353,69,0,69,422
01/27/2020,VNY,CA,AWP,WE,Towers with Radar,0,85,87,1,173,0,2,213,0,215,0,87,300,1,388,216,0,216,604
01/28/2020,VNY,CA,AWP,WE,Towers with Radar,0,68,110,0,178,0,3,232,0,235,0,71,342,0,413,223,0,223,636
01/29/2020,VNY,CA,AWP,WE,Towers with Radar,1,65,82,0,148,0,4,118,0,122,1,69,200,0,270,11,0,11,281
01/30/2020,VNY,CA,AWP,WE,Towers with Radar,0,87,114,2,203,0,0,301,5,306,0,87,415,7,509,305,0,305,814
01/31/2020,VNY,CA,AWP,WE,Towers with Radar,0,84,96,0,180,0,2,254,1,257,0,86,350,1,437,272,0,272,709
02/01/2020,VNY,CA,AWP,WE,Towers with Radar,0,54,72,0,126,0,8,276,0,284,0,62,348,0,410,252,0,252,662
02/02/2020,VNY,CA,AWP,WE,Towers with Radar,2,69,72,0,143,0,2,262,0,264,2,71,334,0,407,244,0,244,651
02/03/2020,VNY,CA,AWP,WE,Towers with Radar,0,81,104,0,185,0,3,109,0,112,0,84,213,0,297,14,0,14,311
02/04/2020,VNY,CA,AWP,WE,Towers with Radar,0,84,76,0,160,0,2,110,0,112,0,86,186,0,272,11,0,11,283
02/05/2020,VNY,CA,AWP,WE,Towers with Radar,0,68,101,0,169,0,2,281,1,284,0,70,382,1,453,407,0,407,860
02/06/2020,VNY,CA,AWP,WE,Towers with Radar,2,80,108,0,190,0,3,354,2,359,2,83,462,2,549,354,0,354,903
02/07/2020,VNY,CA,AWP,WE,Towers with Radar,0,64,127,1,192,0,4,346,1,351,0,68,473,2,543,337,0,337,880
02/08/2020,VNY,CA,AWP,WE,Towers with Radar,0,57,78,0,135,0,3,275,1,279,0,60,353,1,414,228,0,228,642
02/09/2020,VNY,CA,AWP,WE,Towers with Radar,0,100,110,0,210,0,0,74,0,74,0,100,184,0,284,36,0,36,320
02/10/2020,VNY,CA,AWP,WE,Towers with Radar,0,91,105,0,196,0,1,95,2,98,0,92,200,2,294,51,0,51,345
02/11/2020,VNY,CA,AWP,WE,Towers with Radar,1,67,88,0,156,0,2,143,0,145,1,69,231,0,301,49,0,49,350
02/12/2020,VNY,CA,AWP,WE,Towers with Radar,1,83,116,0,200,0,1,296,0,297,1,84,412,0,497,374,0,374,871
02/13/2020,VNY,CA,AWP,WE,Towers with Radar,0,120,153,0,273,0,2,363,0,365,0,122,516,0,638,342,0,342,980
02/14/2020,VNY,CA,AWP,WE,Towers with Radar,0,120,150,0,270,0,1,327,0,328,0,121,477,0,598,308,0,308,906
02/15/2020,VNY,CA,AWP,WE,Towers with Radar,0,70,92,0,162,0,3,264,0,267,0,73,356,0,429,242,0,242,671
02/16/2020,VNY,CA,AWP,WE,Towers with Radar,0,70,75,0,145,0,1,302,0,303,0,71,377,0,448,251,0,251,699
02/17/2020,VNY,CA,AWP,WE,Towers with Radar,2,145,171,0,318,0,2,264,2,268,2,147,435,2,586,369,0,369,955
02/18/2020,VNY,CA,AWP,WE,Towers with Radar,0,105,142,0,247,0,9,132,1,142,0,114,274,1,389,150,0,150,539
02/19/2020,VNY,CA,AWP,WE,Towers with Radar,0,68,105,0,173,0,2,225,1,228,0,70,330,1,401,384,0,384,785
02/20/2020,VNY,CA,AWP,WE,Towers with Radar,0,84,119,0,203,0,0,324,0,324,0,84,443,0,527,382,0,382,909
02/21/2020,VNY,CA,AWP,WE,Towers with Radar,0,71,89,0,160,0,4,283,0,287,0,75,372,0,447,295,0,295,742
02/22/2020,VNY,CA,AWP,WE,Towers with Radar,2,71,99,0,172,0,1,86,0,87,2,72,185,0,259,117,0,117,376
02/23/2020,VNY,CA,AWP,WE,Towers with Radar,1,103,115,0,219,0,3,276,1,280,1,106,391,1,499,276,0,276,775
02/24/2020,VNY,CA,AWP,WE,Towers with Radar,0,57,99,2,158,0,0,217,1,218,0,57,316,3,376,313,0,313,689
02/25/2020,VNY,CA,AWP,WE,Towers with Radar,0,59,61,0,120,0,0,188,0,188,0,59,249,0,308,119,0,119,427
02/26/2020,VNY,CA,AWP,WE,Towers with Radar,0,70,104,0,174,0,1,282,0,283,0,71,386,0,457,141,0,141,598
02/27/2020,VNY,CA,AWP,WE,Towers with Radar,0,95,82,0,177,0,0,286,0,286,0,95,368,0,463,405,0,405,868
02/28/2020,VNY,CA,AWP,WE,Towers with Radar,2,84,113,0,199,0,2,304,0,306,2,86,417,0,505,330,0,330,835
02/29/2020,VNY,CA,AWP,WE,Towers with Radar,0,56,67,0,123,0,0,335,1,336,0,56,402,1,459,312,0,312,771
03/01/2020,VNY,CA,AWP,WE,Towers with Radar,0,103,111,0,214,0,0,85,0,85,0,103,196,0,299,123,0,123,422
03/02/2020,VNY,CA,AWP,WE,Towers with Radar,2,86,73,0,161,0,4,115,3,122,2,90,188,3,283,136,0,136,419
03/03/2020,VNY,CA,AWP,WE,Towers with Radar,0,67,69,0,136,0,0,216,0,216,0,67,285,0,352,249,0,249,601
03/04/2020,VNY,CA,AWP,WE,Towers with Radar,0,86,103,0,189,0,3,294,1,298,0,89,397,1,487,238,0,238,725
03/05/2020,VNY,CA,AWP,WE,Towers with Radar,0,95,113,0,208,0,3,296,0,299,0,98,409,0,507,247,0,247,754
03/06/2020,VNY,CA,AWP,WE,Towers with Radar,0,85,128,0,213,0,7,334,1,342,0,92,462,1,555,391,0,391,946
03/07/2020,VNY,CA,AWP,WE,Towers with Radar,0,58,71,0,129,0,2,168,2,172,0,60,239,2,301,359,0,359,660
03/08/2020,VNY,CA,AWP,WE,Towers with Radar,0,91,149,0,240,0,1,166,0,167,0,92,315,0,407,474,0,474,881
03/09/2020,VNY,CA,AWP,WE,Towers with Radar,0,60,114,0,174,0,1,199,0,200,0,61,313,0,374,365,0,365,739
03/10/2020,VNY,CA,AWP,WE,Towers with Radar,0,68,102,1,171,0,0,29,0,29,0,68,131,1,200,14,0,14,214
03/11/2020,VNY,CA,AWP,WE,Towers with Radar,0,97,95,0,192,0,1,147,3,151,0,98,242,3,343,245,0,245,588
03/12/2020,VNY,CA,AWP,WE,Towers with Radar,0,106,112,0,218,0,0,93,1,94,0,106,205,1,312,242,0,242,554
03/13/2020,VNY,CA,AWP,WE,Towers with Radar,0,84,123,0,207,0,0,24,0,24,0,84,147,0,231,0,0,0,231
03/14/2020,VNY,CA,AWP,WE,Towers with Radar,0,63,103,0,166,0,0,26,0,26,0,63,129,0,192,42,0,42,234
03/15/2020,VNY,CA,AWP,WE,Towers with Radar,0,94,104,0,198,0,0,134,0,134,0,94,238,0,332,296,0,296,628
03/16/2020,VNY,CA,AWP,WE,Towers with Radar,0,59,89,0,148,0,0,50,1,51,0,59,139,1,199,42,0,42,241
03/17/2020,VNY,CA,AWP,WE,Towers with Radar,0,57,67,0,124,0,0,150,0,150,0,57,217,0,274,195,0,195,469
03/18/2020,VNY,CA,AWP,WE,Towers with Radar,0,52,61,0,113,0,0,227,0,227,0,52,288,0,340,298,0,298,638
03/19/2020,VNY,CA,AWP,WE,Towers with Radar,0,36,46,0,82,0,0,118,2,120,0,36,164,2,202,203,0,203,405
03/20/2020,VNY,CA,AWP,WE,Towers with Radar,0,58,45,0,103,0,0,178,0,178,0,58,223,0,281,204,0,204,485
03/21/2020,VNY,CA,AWP,WE,Towers with Radar,0,43,50,0,93,0,0,169,0,169,0,43,219,0,262,191,0,191,453
03/22/2020,VNY,CA,AWP,WE,Towers with Radar,0,36,38,0,74,0,0,76,0,76,0,36,114,0,150,137,0,137,287
03/23/2020,VNY,CA,AWP,WE,Towers with Radar,0,31,19,0,50,5,0,99,1,105,5,31,118,1,155,323,0,323,478
03/24/2020,VNY,CA,AWP,WE,Towers with Radar,0,24,23,0,47,0,0,102,0,102,0,24,125,0,149,214,0,214,363
03/25/2020,VNY,CA,AWP,WE,Towers with Radar,0,26,26,0,52,0,1,157,0,158,0,27,183,0,210,198,0,198,408
03/26/2020,VNY,CA,AWP,WE,Towers with Radar,0,20,27,0,47,0,1,187,0,188,0,21,214,0,235,179,0,179,414
03/27/2020,VNY,CA,AWP,WE,Towers with Radar,0,17,42,0,59,0,0,150,0,150,0,17,192,0,209,101,0,101,310
03/28/2020,VNY,CA,AWP,WE,Towers with Radar,0,27,33,0,60,0,4,202,0,206,0,31,235,0,266,214,0,214,480
03/29/2020,VNY,CA,AWP,WE,Towers with Radar,0,28,28,0,56,0,3,110,2,115,0,31,138,2,171,114,0,114,285
03/30/2020,VNY,CA,AWP,WE,Towers with Radar,0,11,34,0,45,0,0,200,2,202,0,11,234,2,247,253,0,253,500
03/31/2020,VNY,CA,AWP,WE,Towers with Radar,0,8,18,0,26,0,0,169,3,172,0,8,187,3,198,178,0,178,376
04/01/2020,VNY,CA,AWP,WE,Towers with Radar,0,14,22,0,36,0,4,147,1,152,0,18,169,1,188,116,0,116,304
04/02/2020,VNY,CA,AWP,WE,Towers with Radar,0,23,22,0,45,0,2,129,0,131,0,25,151,0,176,126,0,126,302
04/03/2020,VNY,CA,AWP,WE,Towers with Radar,0,21,35,0,56,0,0,214,0,214,0,21,249,0,270,110,0,110,380
04/04/2020,VNY,CA,AWP,WE,Towers with Radar,0,10,34,0,44,0,0,132,0,132,0,10,166,0,176,159,0,159,335
04/05/2020,VNY,CA,AWP,WE,Towers with Radar,0,18,19,0,37,0,0,66,0,66,0,18,85,0,103,138,0,138,241
04/06/2020,VNY,CA,AWP,WE,Towers with Radar,0,15,13,0,28,0,1,67,0,68,0,16,80,0,96,49,0,49,145
04/07/2020,VNY,CA,AWP,WE,Towers with Radar,0,19,22,0,41,0,2,86,0,88,0,21,108,0,129,78,0,78,207
04/08/2020,VNY,CA,AWP,WE,Towers with Radar,0,16,19,0,35,0,0,76,0,76,0,16,95,0,111,18,0,18,129
04/09/2020,VNY,CA,AWP,WE,Towers with Radar,0,22,8,0,30,0,0,47,1,48,0,22,55,1,78,4,0,4,82
04/10/2020,VNY,CA,AWP,WE,Towers with Radar,0,23,32,0,55,0,0,69,0,69,0,23,101,0,124,89,0,89,213
04/11/2020,VNY,CA,AWP,WE,Towers with Radar,0,16,31,0,47,0,1,216,0,217,0,17,247,0,264,270,0,270,534
04/12/2020,VNY,CA,AWP,WE,Towers with Radar,0,12,19,0,31,0,0,19,0,19,0,12,38,0,50,94,0,94,144
04/13/2020,VNY,CA,AWP,WE,Towers with Radar,0,13,30,0,43,0,0,85,0,85,0,13,115,0,128,135,0,135,263
04/14/2020,VNY,CA,AWP,WE,Towers with Radar,0,8,21,0,29,0,0,174,1,175,0,8,195,1,204,109,18,127,331
04/15/2020,VNY,CA,AWP,WE,Towers with Radar,0,12,37,0,49,0,0,189,1,190,0,12,226,1,239,87,0,87,326
04/16/2020,VNY,CA,AWP,WE,Towers with Radar,0,13,26,0,39,0,0,198,0,198,0,13,224,0,237,120,0,120,357
04/17/2020,VNY,CA,AWP,WE,Towers with Radar,0,14,27,0,41,0,8,131,1,140,0,22,158,1,181,137,0,137,318
04/18/2020,VNY,CA,AWP,WE,Towers with Radar,0,13,23,0,36,0,0,123,0,123,0,13,146,0,159,304,0,304,463
04/19/2020,VNY,CA,AWP,WE,Towers with Radar,0,19,32,0,51,0,0,133,0,133,0,19,165,0,184,185,0,185,369
04/20/2020,VNY,CA,AWP,WE,Towers with Radar,0,9,32,0,41,0,1,129,0,130,0,10,161,0,171,325,0,325,496
04/21/2020,VNY,CA,AWP,WE,Towers with Radar,0,24,30,0,54,0,1,228,0,229,0,25,258,0,283,146,0,146,429
04/22/2020,VNY,CA,AWP,WE,Towers with Radar,0,18,37,0,55,0,1,277,0,278,0,19,314,0,333,169,0,169,502
04/23/2020,VNY,CA,AWP,WE,Towers with Radar,0,24,22,0,46,0,1,151,0,152,0,25,173,0,198,56,0,56,254
04/24/2020,VNY,CA,AWP,WE,Towers with Radar,0,27,26,0,53,0,2,197,0,199,0,29,223,0,252,123,0,123,375
04/25/2020,VNY,CA,AWP,WE,Towers with Radar,0,15,26,0,41,0,3,209,0,212,0,18,235,0,253,191,0,191,444
04/26/2020,VNY,CA,AWP,WE,Towers with Radar,0,22,34,0,56,0,3,176,0,179,0,25,210,0,235,207,0,207,442
04/27/2020,VNY,CA,AWP,WE,Towers with Radar,0,21,28,0,49,0,1,198,0,199,0,22,226,0,248,245,0,245,493
04/28/2020,VNY,CA,AWP,WE,Towers with Radar,0,20,36,0,56,0,2,211,0,213,0,22,247,0,269,163,0,163,432
04/29/2020,VNY,CA,AWP,WE,Towers with Radar,0,30,31,0,61,0,1,159,1,161,0,31,190,1,222,243,0,243,465
04/30/2020,VNY,CA,AWP,WE,Towers with Radar,0,21,37,0,58,0,0,146,1,147,0,21,183,1,205,148,0,148,353
05/01/2020,VNY,CA,AWP,WE,Towers with Radar,0,16,44,0,60,0,2,207,1,210,0,18,251,1,270,83,0,83,353
05/02/2020,VNY,CA,AWP,WE,Towers with Radar,1,11,29,0,41,0,1,200,0,201,1,12,229,0,242,137,0,137,379
05/03/2020,VNY,CA,AWP,WE,Towers with Radar,0,21,33,0,54,0,0,193,0,193,0,21,226,0,247,226,0,226,473
05/04/2020,VNY,CA,AWP,WE,Towers with Radar,0,23,34,0,57,0,0,245,0,245,0,23,279,0,302,166,0,166,468
05/05/2020,VNY,CA,AWP,WE,Towers with Radar,0,27,27,0,54,0,0,258,0,258,0,27,285,0,312,176,0,176,488
05/06/2020,VNY,CA,AWP,WE,Towers with Radar,0,26,23,0,49,0,5,218,0,223,0,31,241,0,272,181,0,181,453
05/07/2020,VNY,CA,AWP,WE,Towers with Radar,0,32,33,0,65,0,2,235,0,237,0,34,268,0,302,185,0,185,487
05/08/2020,VNY,CA,AWP,WE,Towers with Radar,0,27,40,0,67,0,1,211,0,212,0,28,251,0,279,107,0,107,386
05/09/2020,VNY,CA,AWP,WE,Towers with Radar,0,34,51,0,85,0,0,215,0,215,0,34,266,0,300,198,0,198,498
05/10/2020,VNY,CA,AWP,WE,Towers with Radar,0,20,35,0,55,0,0,111,0,111,0,20,146,0,166,165,0,165,331
05/11/2020,VNY,CA,AWP,WE,Towers with Radar,0,20,46,0,66,0,1,154,2,157,0,21,200,2,223,198,0,198,421
05/12/2020,VNY,CA,AWP,WE,Towers with Radar,0,14,59,0,73,0,2,146,1,149,0,16,205,1,222,280,0,280,502
05/13/2020,VNY,CA,AWP,WE,Towers with Radar,0,25,35,0,60,0,0,220,2,222,0,25,255,2,282,213,0,213,495
05/14/2020,VNY,CA,AWP,WE,Towers with Radar,0,37,58,0,95,0,2,172,3,177,0,39,230,3,272,175,0,175,447
05/15/2020,VNY,CA,AWP,WE,Towers with Radar,0,43,42,0,85,0,2,214,0,216,0,45,256,0,301,224,0,224,525
05/16/2020,VNY,CA,AWP,WE,Towers with Radar,1,39,47,0,87,0,3,231,3,237,1,42,278,3,324,233,0,233,557
05/17/2020,VNY,CA,AWP,WE,Towers with Radar,1,37,30,0,68,0,3,142,2,147,1,40,172,2,215,233,0,233,448
05/18/2020,VNY,CA,AWP,WE,Towers with Radar,0,33,53,0,86,0,0,56,0,56,0,33,109,0,142,85,0,85,227
05/19/2020,VNY,CA,AWP,WE,Towers with Radar,0,22,45,0,67,0,0,191,0,191,0,22,236,0,258,183,0,183,441
05/20/2020,VNY,CA,AWP,WE,Towers with Radar,0,43,47,0,90,0,0,273,0,273,0,43,320,0,363,309,0,309,672
05/21/2020,VNY,CA,AWP,WE,Towers with Radar,0,43,72,0,115,0,0,270,0,270,0,43,342,0,385,184,0,184,569
05/22/2020,VNY,CA,AWP,WE,Towers with Radar,0,41,59,0,100,0,1,285,2,288,0,42,344,2,388,263,0,263,651
05/23/2020,VNY,CA,AWP,WE,Towers with Radar,0,47,55,0,102,0,5,206,1,212,0,52,261,1,314,139,0,139,453
05/24/2020,VNY,CA,AWP,WE,Towers with Radar,0,25,38,0,63,0,2,261,1,264,0,27,299,1,327,238,0,238,565
05/25/2020,VNY,CA,AWP,WE,Towers with Radar,0,50,38,0,88,0,0,257,1,258,0,50,295,1,346,252,0,252,598
05/26/2020,VNY,CA,AWP,WE,Towers with Radar,0,32,66,0,98,0,0,233,1,234,0,32,299,1,332,273,0,273,605
05/27/2020,VNY,CA,AWP,WE,Towers with Radar,0,51,61,0,112,0,3,242,1,246,0,54,303,1,358,199,0,199,557
05/28/2020,VNY,CA,AWP,WE,Towers with Radar,2,53,66,0,121,0,0,196,0,196,2,53,262,0,317,230,0,230,547
05/29/2020,VNY,CA,AWP,WE,Towers with Radar,0,49,71,0,120,0,0,147,1,148,0,49,218,1,268,210,0,210,478
05/30/2020,VNY,CA,AWP,WE,Towers with Radar,0,40,58,0,98,0,2,232,1,235,0,42,290,1,333,365,0,365,698
05/31/2020,VNY,CA,AWP,WE,Towers with Radar,0,45,52,0,97,0,0,225,0,225,0,45,277,0,322,246,0,246,568
06/01/2020,VNY,CA,AWP,WE,Towers with Radar,0,41,57,0,98,0,2,235,1,238,0,43,292,1,336,193,0,193,529
06/02/2020,VNY,CA,AWP,WE,Towers with Radar,0,42,46,0,88,0,1,254,4,259,0,43,300,4,347,238,0,238,585
06/03/2020,VNY,CA,AWP,WE,Towers with Radar,1,51,62,0,114,0,3,231,0,234,1,54,293,0,348,289,0,289,637
06/04/2020,VNY,CA,AWP,WE,Towers with Radar,1,41,73,0,115,0,1,223,4,228,1,42,296,4,343,237,0,237,580
06/05/2020,VNY,CA,AWP,WE,Towers with Radar,0,61,83,0,144,0,0,138,0,138,0,61,221,0,282,268,0,268,550
06/06/2020,VNY,CA,AWP,WE,Towers with Radar,0,39,76,0,115,0,3,207,1,211,0,42,283,1,326,293,0,293,619
06/07/2020,VNY,CA,AWP,WE,Towers with Radar,0,47,56,0,103,0,3,208,1,212,0,50,264,1,315,174,0,174,489
06/08/2020,VNY,CA,AWP,WE,Towers with Radar,0,44,72,0,116,0,0,122,2,124,0,44,194,2,240,95,0,95,335
06/09/2020,VNY,CA,AWP,WE,Towers with Radar,0,40,60,0,100,0,4,257,0,261,0,44,317,0,361,274,0,274,635
06/10/2020,VNY,CA,AWP,WE,Towers with Radar,0,71,77,0,148,0,2,294,0,296,0,73,371,0,444,273,0,273,717
06/11/2020,VNY,CA,AWP,WE,Towers with Radar,0,57,84,0,141,0,2,301,2,305,0,59,385,2,446,252,0,252,698
06/12/2020,VNY,CA,AWP,WE,Towers with Radar,1,53,85,0,139,0,5,233,1,239,1,58,318,1,378,266,0,266,644
06/13/2020,VNY,CA,AWP,WE,Towers with Radar,0,63,54,0,117,0,2,236,2,240,0,65,290,2,357,289,0,289,646
06/14/2020,VNY,CA,AWP,WE,Towers with Radar,0,68,86,0,154,0,2,237,0,239,0,70,323,0,393,248,0,248,641
06/15/2020,VNY,CA,AWP,WE,Towers with Radar,0,56,62,0,118,0,2,190,1,193,0,58,252,1,311,215,0,215,526
06/16/2020,VNY,CA,AWP,WE,Towers with Radar,0,56,60,0,116,0,1,221,0,222,0,57,281,0,338,318,0,318,656
06/17/2020,VNY,CA,AWP,WE,Towers with Radar,0,71,97,0,168,0,1,217,1,219,0,72,314,1,387,474,0,474,861
06/18/2020,VNY,CA,AWP,WE,Towers with Radar,0,68,109,0,177,0,2,150,0,152,0,70,259,0,329,258,0,258,587
06/19/2020,VNY,CA,AWP,WE,Towers with Radar,0,55,74,0,129,0,3,237,0,240,0,58,311,0,369,225,0,225,594
06/20/2020,VNY,CA,AWP,WE,Towers with Radar,0,83,69,0,152,0,0,181,2,183,0,83,250,2,335,372,0,372,707
06/21/2020,VNY,CA,AWP,WE,Towers with Radar,0,79,78,0,157,0,1,181,0,182,0,80,259,0,339,198,0,198,537
06/22/2020,VNY,CA,AWP,WE,Towers with Radar,0,58,74,0,132,0,4,182,0,186,0,62,256,0,318,132,0,132,450
06/23/2020,VNY,CA,AWP,WE,Towers with Radar,0,48,71,0,119,0,0,255,3,258,0,48,326,3,377,201,0,201,578
06/24/2020,VNY,CA,AWP,WE,Towers with Radar,1,58,111,0,170,0,1,228,2,231,1,59,339,2,401,223,0,223,624
06/25/2020,VNY,CA,AWP,WE,Towers with Radar,1,81,106,0,188,0,3,189,1,193,1,84,295,1,381,173,0,173,554
06/26/2020,VNY,CA,AWP,WE,Towers with Radar,1,76,105,0,182,0,2,262,0,264,1,78,367,0,446,262,0,262,708
06/27/2020,VNY,CA,AWP,WE,Towers with Radar,0,60,88,0,148,0,9,225,0,234,0,69,313,0,382,252,0,252,634
06/28/2020,VNY,CA,AWP,WE,Towers with Radar,0,86,102,1,189,0,0,99,0,99,0,86,201,1,288,366,0,366,654
06/29/2020,VNY,CA,AWP,WE,Towers with Radar,0,75,92,0,167,0,0,207,0,207,0,75,299,0,374,420,0,420,794
06/30/2020,VNY,CA,AWP,WE,Towers with Radar,0,68,71,0,139,0,1,276,1,278,0,69,347,1,417,339,0,339,756
07/01/2020,VNY,CA,AWP,WE,Towers with Radar,0,84,123,1,208,0,2,202,1,205,0,86,325,2,413,320,0,320,733
07/02/2020,VNY,CA,AWP,WE,Towers with Radar,0,65,100,0,165,0,1,237,1,239,0,66,337,1,404,332,0,332,736
07/03/2020,VNY,CA,AWP,WE,Towers with Radar,1,73,79,0,153,0,3,212,2,217,1,76,291,2,370,200,0,200,570
07/04/2020,VNY,CA,AWP,WE,Towers with Radar,0,25,40,0,65,0,2,190,2,194,0,27,230,2,259,106,0,106,365
07/05/2020,VNY,CA,AWP,WE,Towers with Radar,0,79,81,0,160,0,0,148,0,148,0,79,229,0,308,114,0,114,422
07/06/2020,VNY,CA,AWP,WE,Towers with Radar,0,74,104,0,178,0,1,264,0,265,0,75,368,0,443,205,0,205,648
07/07/2020,VNY,CA,AWP,WE,Towers with Radar,0,59,78,0,137,0,0,285,2,287,0,59,363,2,424,348,0,348,772
07/08/2020,VNY,CA,AWP,WE,Towers with Radar,2,49,64,0,115,0,2,276,1,279,2,51,340,1,394,306,0,306,700
07/09/2020,VNY,CA,AWP,WE,Towers with Radar,0,60,81,0,141,0,2,247,0,249,0,62,328,0,390,360,0,360,750
07/10/2020,VNY,CA,AWP,WE,Towers with Radar,1,72,75,0,148,0,2,244,0,246,1,74,319,0,394,380,0,380,774
07/11/2020,VNY,CA,AWP,WE,Towers with Radar,0,68,55,0,123,0,2,210,0,212,0,70,265,0,335,308,0,308,643
07/12/2020,VNY,CA,AWP,WE,Towers with Radar,0,76,87,0,163,0,0,190,0,190,0,76,277,0,353,183,0,183,536
07/13/2020,VNY,CA,AWP,WE,Towers with Radar,0,56,69,0,125,0,2,219,1,222,0,58,288,1,347,192,0,192,539
07/14/2020,VNY,CA,AWP,WE,Towers with Radar,0,56,78,0,134,0,0,280,0,280,0,56,358,0,414,316,0,316,730
07/15/2020,VNY,CA,AWP,WE,Towers with Radar,0,65,63,0,128,0,0,283,0,283,0,65,346,0,411,276,0,276,687
07/16/2020,VNY,CA,AWP,WE,Towers with Radar,0,60,116,0,176,0,1,254,0,255,0,61,370,0,431,212,0,212,643
07/17/2020,VNY,CA,AWP,WE,Towers with Radar,0,53,73,0,126,0,1,281,1,283,0,54,354,1,409,326,0,326,735
07/18/2020,VNY,CA,AWP,WE,Towers with Radar,0,81,65,0,146,0,1,399,1,401,0,82,464,1,547,272,0,272,819
07/19/2020,VNY,CA,AWP,WE,Towers with Radar,1,78,96,0,175,0,0,258,2,260,1,78,354,2,435,316,0,316,751
07/20/2020,VNY,CA,AWP,WE,Towers with Radar,0,59,69,0,128,0,1,237,0,238,0,60,306,0,366,258,0,258,624
07/21/2020,VNY,CA,AWP,WE,Towers with Radar,0,53,83,0,136,0,2,370,0,372,0,55,453,0,508,419,0,419,927
07/22/2020,VNY,CA,AWP,WE,Towers with Radar,1,60,99,0,160,0,0,335,0,335,1,60,434,0,495,278,0,278,773
07/23/2020,VNY,CA,AWP,WE,Towers with Radar,0,55,109,0,164,0,1,245,0,246,0,56,354,0,410,156,0,156,566
07/24/2020,VNY,CA,AWP,WE,Towers with Radar,0,78,110,0,188,0,0,247,0,247,0,78,357,0,435,408,0,408,843
07/25/2020,VNY,CA,AWP,WE,Towers with Radar,0,76,70,0,146,0,10,240,1,251,0,86,310,1,397,194,0,194,591
07/26/2020,VNY,CA,AWP,WE,Towers with Radar,0,95,107,0,202,0,2,301,0,303,0,97,408,0,505,198,0,198,703
07/27/2020,VNY,CA,AWP,WE,Towers with Radar,0,72,88,0,160,0,2,273,2,277,0,74,361,2,437,326,0,326,763
07/28/2020,VNY,CA,AWP,WE,Towers with Radar,0,46,81,0,127,0,2,275,0,277,0,48,356,0,404,467,0,467,871
07/29/2020,VNY,CA,AWP,WE,Towers with Radar,0,51,85,0,136,0,0,315,0,315,0,51,400,0,451,454,0,454,905
07/30/2020,VNY,CA,AWP,WE,Towers with Radar,0,72,95,0,167,0,3,280,0,283,0,75,375,0,450,464,0,464,914
07/31/2020,VNY,CA,AWP,WE,Towers with Radar,0,88,103,0,191,0,3,272,0,275,0,91,375,0,466,324,0,324,790
08/01/2020,VNY,CA,AWP,WE,Towers with Radar,0,94,88,0,182,0,2,255,0,257,0,96,343,0,439,229,0,229,668
08/02/2020,VNY,CA,AWP,WE,Towers with Radar,0,71,91,0,162,0,1,214,0,215,0,72,305,0,377,236,0,236,613
08/03/2020,VNY,CA,AWP,WE,Towers with Radar,1,69,93,0,163,0,0,250,1,251,1,69,343,1,414,312,0,312,726
08/04/2020,VNY,CA,AWP,WE,Towers with Radar,0,63,69,1,133,0,1,260,0,261,0,64,329,1,394,318,0,318,712
08/05/2020,VNY,CA,AWP,WE,Towers with Radar,0,73,89,0,162,0,1,273,0,274,0,74,362,0,436,277,0,277,713
08/06/2020,VNY,CA,AWP,WE,Towers with Radar,0,63,99,0,162,0,1,240,2,243,0,64,339,2,405,338,0,338,743
08/07/2020,VNY,CA,AWP,WE,Towers with Radar,1,80,91,0,172,0,2,282,0,284,1,82,373,0,456,455,0,455,911
08/08/2020,VNY,CA,AWP,WE,Towers with Radar,0,82,78,0,160,0,1,226,0,227,0,83,304,0,387,294,0,294,681
08/09/2020,VNY,CA,AWP,WE,Towers with Radar,0,93,116,0,209,0,1,231,0,232,0,94,347,0,441,238,0,238,679
08/10/2020,VNY,CA,AWP,WE,Towers with Radar,0,90,87,0,177,0,1,214,3,218,0,91,301,3,395,324,0,324,719
08/11/2020,VNY,CA,AWP,WE,Towers with Radar,0,65,73,0,138,0,2,334,0,336,0,67,407,0,474,319,0,319,793
08/12/2020,VNY,CA,AWP,WE,Towers with Radar,0,91,91,1,183,0,0,282,0,282,0,91,373,1,465,307,0,307,772
08/13/2020,VNY,CA,AWP,WE,Towers with Radar,1,71,108,0,180,0,4,299,0,303,1,75,407,0,483,234,0,234,717
08/14/2020,VNY,CA,AWP,WE,Towers with Radar,0,75,103,0,178,0,1,253,0,254,0,76,356,0,432,170,0,170,602
08/15/2020,VNY,CA,AWP,WE,Towers with Radar,0,83,79,0,162,0,0,217,1,218,0,83,296,1,380,184,0,184,564
08/16/2020,VNY,CA,AWP,WE,Towers with Radar,0,80,117,0,197,0,0,242,1,243,0,80,359,1,440,241,0,241,681
08/17/2020,VNY,CA,AWP,WE,Towers with Radar,0,76,84,1,161,0,1,229,0,230,0,77,313,1,391,371,0,371,762
08/18/2020,VNY,CA,AWP,WE,Towers with Radar,0,69,70,0,139,0,1,155,1,157,0,70,225,1,296,204,0,204,500
08/19/2020,VNY,CA,AWP,WE,Towers with Radar,0,65,72,0,137,0,2,228,0,230,0,67,300,0,367,293,0,293,660
08/20/2020,VNY,CA,AWP,WE,Towers with Radar,2,80,93,0,175,0,6,211,0,217,2,86,304,0,392,286,0,286,678
08/21/2020,VNY,CA,AWP,WE,Towers with Radar,0,89,99,0,188,0,1,258,0,259,0,90,357,0,447,310,0,310,757
08/22/2020,VNY,CA,AWP,WE,Towers with Radar,3,83,92,0,178,0,0,277,2,279,3,83,369,2,457,278,0,278,735
08/23/2020,VNY,CA,AWP,WE,Towers with Radar,0,85,115,1,201,0,1,304,1,306,0,86,419,2,507,371,0,371,878
08/24/2020,VNY,CA,AWP,WE,Towers with Radar,0,76,90,0,166,0,0,226,0,226,0,76,316,0,392,296,0,296,688
08/25/2020,VNY,CA,AWP,WE,Towers with Radar,0,68,63,0,131,0,2,300,0,302,0,70,363,0,433,238,0,238,671
08/26/2020,VNY,CA,AWP,WE,Towers with Radar,1,76,94,2,173,0,2,240,0,242,1,78,334,2,415,408,0,408,823
08/27/2020,VNY,CA,AWP,WE,Towers with Radar,3,86,84,1,174,0,5,235,2,242,3,91,319,3,416,260,0,260,676
08/28/2020,VNY,CA,AWP,WE,Towers with Radar,2,72,101,0,175,0,2,312,1,315,2,74,413,1,490,396,0,396,886
08/29/2020,VNY,CA,AWP,WE,Towers with Radar,2,65,71,0,138,0,2,268,0,270,2,67,339,0,408,335,0,335,743
08/30/2020,VNY,CA,AWP,WE,Towers with Radar,0,88,109,1,198,0,2,230,0,232,0,90,339,1,430,248,0,248,678
08/31/2020,VNY,CA,AWP,WE,Towers with Radar,1,76,76,0,153,0,2,228,0,230,1,78,304,0,383,192,0,192,575
09/01/2020,VNY,CA,AWP,WE,Towers with Radar,1,84,87,0,172,0,1,226,0,227,1,85,313,0,399,291,0,291,690
09/02/2020,VNY,CA,AWP,WE,Towers with Radar,1,83,72,0,156,0,3,284,1,288,1,86,356,1,444,352,0,352,796
09/03/2020,VNY,CA,AWP,WE,Towers with Radar,0,84,110,0,194,0,6,305,0,311,0,90,415,0,505,310,0,310,815
09/04/2020,VNY,CA,AWP,WE,Towers with Radar,0,94,127,0,221,0,3,319,0,322,0,97,446,0,543,272,0,272,815
09/05/2020,VNY,CA,AWP,WE,Towers with Radar,0,55,58,1,114,0,0,191,1,192,0,55,249,2,306,139,0,139,445
09/06/2020,VNY,CA,AWP,WE,Towers with Radar,0,70,51,0,121,0,2,245,1,248,0,72,296,1,369,74,0,74,443
09/07/2020,VNY,CA,AWP,WE,Towers with Radar,0,100,132,1,233,0,3,192,2,197,0,103,324,3,430,417,0,417,847
09/08/2020,VNY,CA,AWP,WE,Towers with Radar,0,58,84,0,142,0,1,151,0,152,0,59,235,0,294,487,0,487,781
09/09/2020,VNY,CA,AWP,WE,Towers with Radar,2,76,83,0,161,0,4,238,1,243,2,80,321,1,404,398,0,398,802
09/10/2020,VNY,CA,AWP,WE,Towers with Radar,0,78,104,1,183,0,0,243,0,243,0,78,347,1,426,414,0,414,840
09/11/2020,VNY,CA,AWP,WE,Towers with Radar,0,75,97,0,172,0,10,206,0,216,0,85,303,0,388,352,0,352,740
09/12/2020,VNY,CA,AWP,WE,Towers with Radar,0,80,82,0,162,0,0,75,0,75,0,80,157,0,237,161,0,161,398
09/13/2020,VNY,CA,AWP,WE,Towers with Radar,2,80,90,0,172,0,2,130,0,132,2,82,220,0,304,125,0,125,429
09/14/2020,VNY,CA,AWP,WE,Towers with Radar,0,69,89,0,158,0,1,199,0,200,0,70,288,0,358,435,0,435,793
09/15/2020,VNY,CA,AWP,WE,Towers with Radar,0,55,96,0,151,0,0,164,1,165,0,55,260,1,316,186,0,186,502
09/16/2020,VNY,CA,AWP,WE,Towers with Radar,0,83,97,0,180,0,4,265,0,269,0,87,362,0,449,300,0,300,749
09/17/2020,VNY,CA,AWP,WE,Towers with Radar,0,71,105,1,177,0,0,298,0,298,0,71,403,1,475,373,0,373,848
09/18/2020,VNY,CA,AWP,WE,Towers with Radar,0,85,115,0,200,0,3,276,0,279,0,88,391,0,479,285,0,285,764
09/19/2020,VNY,CA,AWP,WE,Towers with Radar,0,65,65,0,130,0,2,249,4,255,0,67,314,4,385,192,0,192,577
09/20/2020,VNY,CA,AWP,WE,Towers with Radar,0,110,118,0,228,0,1,274,3,278,0,111,392,3,506,348,0,348,854
09/21/2020,VNY,CA,AWP,WE,Towers with Radar,0,83,80,0,163,0,1,192,0,193,0,84,272,0,356,261,0,261,617
09/22/2020,VNY,CA,AWP,WE,Towers with Radar,0,56,80,0,136,0,2,314,0,316,0,58,394,0,452,345,0,345,797
09/23/2020,VNY,CA,AWP,WE,Towers with Radar,0,83,97,1,181,0,2,305,1,308,0,85,402,2,489,406,0,406,895
09/24/2020,VNY,CA,AWP,WE,Towers with Radar,0,86,111,0,197,0,4,255,0,259,0,90,366,0,456,256,0,256,712
09/25/2020,VNY,CA,AWP,WE,Towers with Radar,0,89,80,1,170,0,3,293,0,296,0,92,373,1,466,373,0,373,839
09/26/2020,VNY,CA,AWP,WE,Towers with Radar,0,65,82,1,148,0,0,237,0,237,0,65,319,1,385,297,0,297,682
09/27/2020,VNY,CA,AWP,WE,Towers with Radar,0,103,79,0,182,0,3,214,0,217,0,106,293,0,399,310,0,310,709
09/28/2020,VNY,CA,AWP,WE,Towers with Radar,2,76,88,0,166,0,6,208,0,214,2,82,296,0,380,219,0,219,599
09/29/2020,VNY,CA,AWP,WE,Towers with Radar,0,67,74,0,141,0,2,262,0,264,0,69,336,0,405,236,0,236,641
09/30/2020,VNY,CA,AWP,WE,Towers with Radar,0,72,92,0,164,0,1,242,0,243,0,73,334,0,407,185,0,185,592
10/01/2020,VNY,CA,AWP,WE,Towers with Radar,2,113,97,0,212,0,0,286,0,286,2,113,383,0,498,268,0,268,766
10/02/2020,VNY,CA,AWP,WE,Towers with Radar,0,77,91,0,168,0,1,295,0,296,0,78,386,0,464,294,0,294,758
10/03/2020,VNY,CA,AWP,WE,Towers with Radar,0,100,72,0,172,0,1,305,0,306,0,101,377,0,478,343,0,343,821
10/04/2020,VNY,CA,AWP,WE,Towers with Radar,2,97,107,0,206,0,1,249,0,250,2,98,356,0,456,228,0,228,684
10/05/2020,VNY,CA,AWP,WE,Towers with Radar,2,71,83,1,157,0,2,222,0,224,2,73,305,1,381,458,0,458,839
10/06/2020,VNY,CA,AWP,WE,Towers with Radar,0,77,95,0,172,0,4,266,0,270,0,81,361,0,442,291,0,291,733
10/07/2020,VNY,CA,AWP,WE,Towers with Radar,0,61,100,0,161,0,0,252,0,252,0,61,352,0,413,370,0,370,783
10/08/2020,VNY,CA,AWP,WE,Towers with Radar,2,88,118,0,208,0,1,176,0,177,2,89,294,0,385,566,0,566,951
10/09/2020,VNY,CA,AWP,WE,Towers with Radar,0,70,118,0,188,0,3,173,1,177,0,73,291,1,365,379,0,379,744
10/10/2020,VNY,CA,AWP,WE,Towers with Radar,0,83,79,0,162,0,0,214,1,215,0,83,293,1,377,310,0,310,687
10/11/2020,VNY,CA,AWP,WE,Towers with Radar,0,101,84,0,185,0,0,331,0,331,0,101,415,0,516,224,0,224,740
10/12/2020,VNY,CA,AWP,WE,Towers with Radar,0,85,103,1,189,0,1,285,1,287,0,86,388,2,476,309,0,309,785
10/13/2020,VNY,CA,AWP,WE,Towers with Radar,0,68,84,0,152,0,1,279,0,280,0,69,363,0,432,242,0,242,674
10/14/2020,VNY,CA,AWP,WE,Towers with Radar,0,83,94,0,177,0,5,318,0,323,0,88,412,0,500,389,0,389,889
10/15/2020,VNY,CA,AWP,WE,Towers with Radar,0,94,118,1,213,0,0,294,2,296,0,94,412,3,509,291,0,291,800
10/16/2020,VNY,CA,AWP,WE,Towers with Radar,0,87,104,0,191,0,0,273,2,275,0,87,377,2,466,119,0,119,585
10/17/2020,VNY,CA,AWP,WE,Towers with Radar,0,63,87,0,150,0,1,296,0,297,0,64,383,0,447,331,0,331,778
10/18/2020,VNY,CA,AWP,WE,Towers with Radar,0,107,115,1,223,0,2,235,0,237,0,109,350,1,460,413,0,413,873
10/19/2020,VNY,CA,AWP,WE,Towers with Radar,0,89,77,0,166,0,1,164,0,165,0,90,241,0,331,201,0,201,532
10/20/2020,VNY,CA,AWP,WE,Towers with Radar,0,49,74,0,123,0,0,231,0,231,0,49,305,0,354,355,0,355,709
10/21/2020,VNY,CA,AWP,WE,Towers with Radar,0,86,99,0,185,0,2,214,0,216,0,88,313,0,401,238,0,238,639
10/22/2020,VNY,CA,AWP,WE,Towers with Radar,0,108,129,0,237,0,1,194,0,195,0,109,323,0,432,427,0,427,859
10/23/2020,VNY,CA,AWP,WE,Towers with Radar,0,99,123,0,222,0,5,216,1,222,0,104,339,1,444,376,0,376,820
10/24/2020,VNY,CA,AWP,WE,Towers with Radar,0,88,87,0,175,0,1,185,1,187,0,89,272,1,362,370,0,370,732
10/25/2020,VNY,CA,AWP,WE,Towers with Radar,0,105,101,0,206,0,2,141,0,143,0,107,242,0,349,318,0,318,667
10/26/2020,VNY,CA,AWP,WE,Towers with Radar,0,70,67,1,138,0,1,85,0,86,0,71,152,1,224,31,0,31,255
10/27/2020,VNY,CA,AWP,WE,Towers with Radar,0,76,96,0,172,0,3,166,0,169,0,79,262,0,341,113,0,113,454
10/28/2020,VNY,CA,AWP,WE,Towers with Radar,0,70,103,0,173,0,2,323,1,326,0,72,426,1,499,331,0,331,830
10/29/2020,VNY,CA,AWP,WE,Towers with Radar,0,77,86,0,163,0,0,298,0,298,0,77,384,0,461,457,0,457,918
10/30/2020,VNY,CA,AWP,WE,Towers with Radar,0,99,90,2,191,2,2,266,0,270,2,101,356,2,461,197,0,197,658
10/31/2020,VNY,CA,AWP,WE,Towers with Radar,1,64,75,0,140,0,4,340,0,344,1,68,415,0,484,258,0,258,742
11/01/2020,VNY,CA,AWP,WE,Towers with Radar,1,95,86,0,182,0,2,235,0,237,1,97,321,0,419,225,0,225,644
11/02/2020,VNY,CA,AWP,WE,Towers with Radar,0,90,98,0,188,0,1,244,2,247,0,91,342,2,435,270,0,270,705
11/03/2020,VNY,CA,AWP,WE,Towers with Radar,0,56,87,0,143,0,1,221,1,223,0,57,308,1,366,292,0,292,658
11/04/2020,VNY,CA,AWP,WE,Towers with Radar,0,71,72,0,143,0,0,245,0,245,0,71,317,0,388,377,0,377,765
11/05/2020,VNY,CA,AWP,WE,Towers with Radar,0,73,101,0,174,0,2,224,0,226,0,75,325,0,400,369,0,369,769
11/06/2020,VNY,CA,AWP,WE,Towers with Radar,0,78,97,0,175,0,1,214,0,215,0,79,311,0,390,278,0,278,668
11/07/2020,VNY,CA,AWP,WE,Towers with Radar,0,43,65,0,108,0,1,58,0,59,0,44,123,0,167,48,0,48,215
11/08/2020,VNY,CA,AWP,WE,Towers with Radar,1,97,87,0,185,0,4,76,0,80,1,101,163,0,265,72,0,72,337
11/09/2020,VNY,CA,AWP,WE,Towers with Radar,0,64,70,1,135,0,1,229,0,230,0,65,299,1,365,279,0,279,644
11/10/2020,VNY,CA,AWP,WE,Towers with Radar,0,58,85,0,143,0,2,282,0,284,0,60,367,0,427,309,0,309,736
11/11/2020,VNY,CA,AWP,WE,Towers with Radar,0,64,84,0,148,0,1,311,1,313,0,65,395,1,461,405,0,405,866
11/12/2020,VNY,CA,AWP,WE,Towers with Radar,0,72,60,0,132,0,0,262,0,262,0,72,322,0,394,362,0,362,756
11/13/2020,VNY,CA,AWP,WE,Towers with Radar,0,61,111,1,173,0,0,278,2,280,0,61,389,3,453,306,0,306,759
11/14/2020,VNY,CA,AWP,WE,Towers with Radar,0,64,70,0,134,0,0,249,0,249,0,64,319,0,383,246,0,246,629
11/15/2020,VNY,CA,AWP,WE,Towers with Radar,0,82,90,0,172,0,1,218,0,219,0,83,308,0,391,195,0,195,586
11/16/2020,VNY,CA,AWP,WE,Towers with Radar,0,73,72,0,145,0,2,213,0,215,0,75,285,0,360,169,0,169,529
11/17/2020,VNY,CA,AWP,WE,Towers with Radar,0,82,98,0,180,0,4,271,0,275,0,86,369,0,455,407,0,407,862
11/18/2020,VNY,CA,AWP,WE,Towers with Radar,2,94,104,0,200,0,2,204,0,206,2,96,308,0,406,373,0,373,779
11/19/2020,VNY,CA,AWP,WE,Towers with Radar,0,72,104,0,176,0,1,256,1,258,0,73,360,1,434,283,0,283,717
11/20/2020,VNY,CA,AWP,WE,Towers with Radar,2,123,99,0,224,0,1,304,1,306,2,124,403,1,530,334,0,334,864
11/21/2020,VNY,CA,AWP,WE,Towers with Radar,2,87,79,0,168,0,1,253,0,254,2,88,332,0,422,179,0,179,601
11/22/2020,VNY,CA,AWP,WE,Towers with Radar,1,103,114,0,218,0,2,284,0,286,1,105,398,0,504,342,0,342,846
11/23/2020,VNY,CA,AWP,WE,Towers with Radar,0,91,102,0,193,0,3,221,0,224,0,94,323,0,417,265,0,265,682
11/24/2020,VNY,CA,AWP,WE,Towers with Radar,0,89,115,0,204,0,2,273,2,277,0,91,388,2,481,445,0,445,926
11/25/2020,VNY,CA,AWP,WE,Towers with Radar,0,83,96,0,179,0,2,223,3,228,0,85,319,3,407,241,0,241,648
11/26/2020,VNY,CA,AWP,WE,Towers with Radar,0,49,29,0,78,0,3,77,1,81,0,52,106,1,159,10,0,10,169
11/27/2020,VNY,CA,AWP,WE,Towers with Radar,0,64,62,0,126,0,3,139,0,142,0,67,201,0,268,251,0,251,519
11/28/2020,VNY,CA,AWP,WE,Towers with Radar,1,105,85,0,191,0,1,249,2,252,1,106,334,2,443,226,0,226,669
11/29/2020,VNY,CA,AWP,WE,Towers with Radar,0,118,165,0,283,0,5,205,0,210,0,123,370,0,493,245,0,245,738
11/30/2020,VNY,CA,AWP,WE,Towers with Radar,1,92,88,0,181,0,3,235,1,239,1,95,323,1,420,228,0,228,648
12/01/2020,VNY,CA,AWP,WE,Towers with Radar,0,82,75,0,157,0,2,254,0,256,0,84,329,0,413,283,0,283,696
12/02/2020,VNY,CA,AWP,WE,Towers with Radar,0,70,62,0,132,0,1,221,0,222,0,71,283,0,354,397,0,397,751
12/03/2020,VNY,CA,AWP,WE,Towers with Radar,0,62,65,0,127,0,1,123,0,124,0,63,188,0,251,48,0,48,299
12/04/2020,VNY,CA,AWP,WE,Towers with Radar,0,68,81,0,149,0,0,279,1,280,0,68,360,1,429,283,0,283,712
12/05/2020,VNY,CA,AWP,WE,Towers with Radar,0,61,68,0,129,0,5,262,1,268,0,66,330,1,397,360,0,360,757
12/06/2020,VNY,CA,AWP,WE,Towers with Radar,0,67,65,0,132,0,2,216,0,218,0,69,281,0,350,332,0,332,682
12/07/2020,VNY,CA,AWP,WE,Towers with Radar,0,40,63,0,103,0,0,91,0,91,0,40,154,0,194,80,0,80,274
12/08/2020,VNY,CA,AWP,WE,Towers with Radar,1,63,54,1,119,0,3,184,1,188,1,66,238,2,307,295,0,295,602
12/09/2020,VNY,CA,AWP,WE,Towers with Radar,0,73,76,0,149,0,1,340,1,342,0,74,416,1,491,427,0,427,918
12/10/2020,VNY,CA,AWP,WE,Towers with Radar,1,66,80,0,147,0,0,268,0,268,1,66,348,0,415,342,0,342,757
12/11/2020,VNY,CA,AWP,WE,Towers with Radar,0,70,98,0,168,0,1,177,0,178,0,71,275,0,346,374,0,374,720
12/12/2020,VNY,CA,AWP,WE,Towers with Radar,0,77,65,0,142,0,3,176,1,180,0,80,241,1,322,352,0,352,674
12/13/2020,VNY,CA,AWP,WE,Towers with Radar,0,69,96,0,165,0,2,257,1,260,0,71,353,1,425,266,0,266,691
12/14/2020,VNY,CA,AWP,WE,Towers with Radar,0,62,61,0,123,0,4,118,0,122,0,66,179,0,245,17,0,17,262
12/15/2020,VNY,CA,AWP,WE,Towers with Radar,0,76,78,0,154,0,1,174,0,175,0,77,252,0,329,76,0,76,405
12/16/2020,VNY,CA,AWP,WE,Towers with Radar,0,72,92,0,164,0,2,322,0,324,0,74,414,0,488,315,0,315,803
12/17/2020,VNY,CA,AWP,WE,Towers with Radar,2,80,104,0,186,0,0,264,2,266,2,80,368,2,452,448,0,448,900
12/18/2020,VNY,CA,AWP,WE,Towers with Radar,0,121,110,1,232,0,2,236,0,238,0,123,346,1,470,193,0,193,663
12/19/2020,VNY,CA,AWP,WE,Towers with Radar,0,114,118,0,232,0,0,264,0,264,0,114,382,0,496,206,0,206,702
12/20/2020,VNY,CA,AWP,WE,Towers with Radar,0,103,110,0,213,0,2,282,1,285,0,105,392,1,498,291,0,291,789
12/21/2020,VNY,CA,AWP,WE,Towers with Radar,0,98,79,0,177,0,1,215,1,217,0,99,294,1,394,335,0,335,729
12/22/2020,VNY,CA,AWP,WE,Towers with Radar,0,84,89,0,173,0,0,261,0,261,0,84,350,0,434,313,0,313,747
12/23/2020,VNY,CA,AWP,WE,Towers with Radar,0,92,98,0,190,0,4,155,0,159,0,96,253,0,349,166,0,166,515
12/24/2020,VNY,CA,AWP,WE,Towers with Radar,0,52,49,0,101,0,1,144,0,145,0,53,193,0,246,86,0,86,332
12/25/2020,VNY,CA,AWP,WE,Towers with Radar,0,52,34,0,86,0,1,144,0,145,0,53,178,0,231,117,0,117,348
12/26/2020,VNY,CA,AWP,WE,Towers with Radar,0,91,138,0,229,0,2,208,1,211,0,93,346,1,440,253,0,253,693
12/27/2020,VNY,CA,AWP,WE,Towers with Radar,3,98,113,0,214,0,2,155,0,157,3,100,268,0,371,210,0,210,581
12/28/2020,VNY,CA,AWP,WE,Towers with Radar,0,81,91,0,172,0,0,34,0,34,0,81,125,0,206,27,0,27,233
12/29/2020,VNY,CA,AWP,WE,Towers with Radar,0,89,86,0,175,0,1,170,1,172,0,90,256,1,347,171,0,171,518
12/30/2020,VNY,CA,AWP,WE,Towers with Radar,0,92,73,0,165,0,1,232,1,234,0,93,305,1,399,207,0,207,606
12/31/2020,VNY,CA,AWP,WE,Towers with Radar,0,69,65,0,134,0,1,130,0,131,0,70,195,0,265,79,0,79,344
01/01/2021,VNY,CA,AWP,WE,Towers with Radar,0,59,50,0,109,0,3,115,0,118,0,62,165,0,227,38,0,38,265
01/02/2021,VNY,CA,AWP,WE,Towers with Radar,0,106,133,0,239,0,0,293,0,293,0,106,426,0,532,253,0,253,785
01/03/2021,VNY,CA,AWP,WE,Towers with Radar,0,132,151,0,283,0,2,210,2,214,0,134,361,2,497,302,0,302,799
01/04/2021,VNY,CA,AWP,WE,Towers with Radar,1,93,122,0,216,0,5,204,0,209,1,98,326,0,425,309,0,309,734
01/05/2021,VNY,CA,AWP,WE,Towers with Radar,0,71,79,0,150,0,1,188,0,189,0,72,267,0,339,199,0,199,538
01/06/2021,VNY,CA,AWP,WE,Towers with Radar,0,63,73,0,136,0,0,309,0,309,0,63,382,0,445,435,0,435,880
01/07/2021,VNY,CA,AWP,WE,Towers with Radar,0,60,106,0,166,0,2,270,0,272,0,62,376,0,438,400,0,400,838
01/08/2021,VNY,CA,AWP,WE,Towers with Radar,0,68,96,1,165,0,1,245,2,248,0,69,341,3,413,298,0,298,711
01/09/2021,VNY,CA,AWP,WE,Towers with Radar,0,79,77,0,156,0,3,120,0,123,0,82,197,0,279,79,0,79,358
01/10/2021,VNY,CA,AWP,WE,Towers with Radar,0,79,97,0,176,0,1,268,0,269,0,80,365,0,445,291,0,291,736
01/11/2021,VNY,CA,AWP,WE,Towers with Radar,0,63,74,1,138,0,1,222,0,223,0,64,296,1,361,247,0,247,608
01/12/2021,VNY,CA,AWP,WE,Towers with Radar,0,57,64,0,121,0,1,282,0,283,0,58,346,0,404,341,0,341,745
01/13/2021,VNY,CA,AWP,WE,Towers with Radar,0,73,79,0,152,0,3,226,0,229,0,76,305,0,381,343,0,343,724
01/14/2021,VNY,CA,AWP,WE,Towers with Radar,0,91,86,0,177,0,1,169,0,170,0,92,255,0,347,98,0,98,445
01/15/2021,VNY,CA,AWP,WE,Towers with Radar,0,74,89,0,163,0,1,141,0,142,0,75,230,0,305,25,0,25,330
01/16/2021,VNY,CA,AWP,WE,Towers with Radar,2,82,69,0,153,0,1,181,0,182,2,83,250,0,335,104,0,104,439
01/17/2021,VNY,CA,AWP,WE,Towers with Radar,0,78,73,0,151,0,0,305,1,306,0,78,378,1,457,304,0,304,761
01/18/2021,VNY,CA,AWP,WE,Towers with Radar,1,98,64,1,164,0,0,212,1,213,1,98,276,2,377,331,0,331,708
01/19/2021,VNY,CA,AWP,WE,Towers with Radar,0,52,54,0,106,0,0,73,0,73,0,52,127,0,179,6,0,6,185
01/20/2021,VNY,CA,AWP,WE,Towers with Radar,0,72,64,0,136,0,1,143,0,144,0,73,207,0,280,36,0,36,316
01/21/2021,VNY,CA,AWP,WE,Towers with Radar,0,57,83,0,140,0,1,346,4,351,0,58,429,4,491,379,0,379,870
01/22/2021,VNY,CA,AWP,WE,Towers with Radar,0,73,114,1,188,0,0,155,0,155,0,73,269,1,343,359,0,359,702
01/23/2021,VNY,CA,AWP,WE,Towers with Radar,0,83,74,0,157,0,0,70,0,70,0,83,144,0,227,302,0,302,529
01/24/2021,VNY,CA,AWP,WE,Towers with Radar,0,67,102,1,170,1,1,291,0,293,1,68,393,1,463,387,0,387,850
01/25/2021,VNY,CA,AWP,WE,Towers with Radar,0,52,64,0,116,0,1,69,0,70,0,53,133,0,186,124,0,124,310
01/26/2021,VNY,CA,AWP,WE,Towers with Radar,0,57,57,0,114,0,1,283,1,285,0,58,340,1,399,373,0,373,772
01/27/2021,VNY,CA,AWP,WE,Towers with Radar,1,70,64,0,135,0,0,165,0,165,1,70,229,0,300,235,0,235,535
01/28/2021,VNY,CA,AWP,WE,Towers with Radar,1,52,87,0,140,0,0,132,0,132,1,52,219,0,272,306,0,306,578
01/29/2021,VNY,CA,AWP,WE,Towers with Radar,0,62,89,0,151,0,2,85,0,87,0,64,174,0,238,161,0,161,399
01/30/2021,VNY,CA,AWP,WE,Towers with Radar,1,71,69,0,141,0,0,337,0,337,1,71,406,0,478,400,0,400,878
01/31/2021,VNY,CA,AWP,WE,Towers with Radar,0,74,86,0,160,0,3,295,0,298,0,77,381,0,458,313,0,313,771
02/01/2021,VNY,CA,AWP,WE,Towers with Radar,0,60,62,0,122,0,3,254,0,257,0,63,316,0,379,479,0,479,858
02/02/2021,VNY,CA,AWP,WE,Towers with Radar,0,48,85,0,133,0,3,249,0,252,0,51,334,0,385,506,0,506,891
02/03/2021,VNY,CA,AWP,WE,Towers with Radar,0,72,108,0,180,0,3,255,0,258,0,75,363,0,438,423,0,423,861
02/04/2021,VNY,CA,AWP,WE,Towers with Radar,0,66,114,0,180,0,3,278,0,281,0,69,392,0,461,315,0,315,776
02/05/2021,VNY,CA,AWP,WE,Towers with Radar,0,73,104,0,177,0,1,315,0,316,0,74,419,0,493,548,0,548,1041
02/06/2021,VNY,CA,AWP,WE,Towers with Radar,0,62,60,1,123,0,2,350,0,352,0,64,410,1,475,354,0,354,829
02/07/2021,VNY,CA,AWP,WE,Towers with Radar,0,62,91,0,153,0,2,240,2,244,0,64,331,2,397,463,0,463,860
02/08/2021,VNY,CA,AWP,WE,Towers with Radar,0,75,103,2,180,0,0,155,0,155,0,75,258,2,335,384,0,384,719
02/09/2021,VNY,CA,AWP,WE,Towers with Radar,0,71,77,1,149,0,0,159,1,160,0,71,236,2,309,383,0,383,692
02/10/2021,VNY,CA,AWP,WE,Towers with Radar,0,73,113,0,186,0,0,287,0,287,0,73,400,0,473,498,0,498,971
02/11/2021,VNY,CA,AWP,WE,Towers with Radar,0,91,135,0,226,0,2,285,0,287,0,93,420,0,513,595,0,595,1108
02/12/2021,VNY,CA,AWP,WE,Towers with Radar,0,91,122,1,214,0,0,170,1,171,0,91,292,2,385,76,0,76,461
02/13/2021,VNY,CA,AWP,WE,Towers with Radar,0,73,58,0,131,0,0,248,0,248,0,73,306,0,379,298,0,298,677
02/14/2021,VNY,CA,AWP,WE,Towers with Radar,0,74,78,0,152,0,0,203,0,203,0,74,281,0,355,80,0,80,435
02/15/2021,VNY,CA,AWP,WE,Towers with Radar,0,102,152,0,254,0,4,273,0,277,0,106,425,0,531,301,0,301,832
02/16/2021,VNY,CA,AWP,WE,Towers with Radar,0,85,94,0,179,0,1,156,1,158,0,86,250,1,337,33,0,33,370
02/17/2021,VNY,CA,AWP,WE,Towers with Radar,0,89,85,0,174,0,0,143,0,143,0,89,228,0,317,47,0,47,364
02/18/2021,VNY,CA,AWP,WE,Towers with Radar,1,80,109,0,190,0,2,237,1,240,1,82,346,1,430,97,0,97,527
02/19/2021,VNY,CA,AWP,WE,Towers with Radar,0,88,116,0,204,0,6,480,0,486,0,94,596,0,690,555,0,555,1245
02/20/2021,VNY,CA,AWP,WE,Towers with Radar,1,81,62,0,144,0,1,77,0,78,1,82,139,0,222,8,0,8,230
02/21/2021,VNY,CA,AWP,WE,Towers with Radar,0,100,101,0,201,0,0,205,0,205,0,100,306,0,406,122,0,122,528
02/22/2021,VNY,CA,AWP,WE,Towers with Radar,0,84,90,0,174,0,4,233,0,237,0,88,323,0,411,397,0,397,808
02/23/2021,VNY,CA,AWP,WE,Towers with Radar,1,82,90,0,173,0,0,293,0,293,1,82,383,0,466,526,0,526,992
02/24/2021,VNY,CA,AWP,WE,Towers with Radar,0,78,106,1,185,0,2,350,0,352,0,80,456,1,537,464,0,464,1001
02/25/2021,VNY,CA,AWP,WE,Towers with Radar,0,94,90,0,184,0,4,133,0,137,0,98,223,0,321,82,0,82,403
02/26/2021,VNY,CA,AWP,WE,Towers with Radar,0,95,104,0,199,0,4,387,0,391,0,99,491,0,590,451,0,451,1041
02/27/2021,VNY,CA,AWP,WE,Towers with Radar,0,93,67,0,160,0,1,115,0,116,0,94,182,0,276,18,0,18,294
02/28/2021,VNY,CA,AWP,WE,Towers with Radar,0,91,108,0,199,0,2,97,0,99,0,93,205,0,298,26,0,26,324
03/01/2021,VNY,CA,AWP,WE,Towers with Radar,0,76,77,1,154,0,2,264,0,266,0,78,341,1,420,417,0,417,837
03/02/2021,VNY,CA,AWP,WE,Towers with Radar,0,69,66,0,135,0,2,266,0,268,0,71,332,0,403,444,0,444,847
03/03/2021,VNY,CA,AWP,WE,Towers with Radar,0,90,109,0,199,0,1,147,0,148,0,91,256,0,347,207,0,207,554
03/04/2021,VNY,CA,AWP,WE,Towers with Radar,0,98,121,0,219,0,4,379,0,383,0,102,500,0,602,511,0,511,1113
03/05/2021,VNY,CA,AWP,WE,Towers with Radar,0,100,101,0,201,0,2,366,0,368,0,102,467,0,569,545,0,545,1114
03/06/2021,VNY,CA,AWP,WE,Towers with Radar,0,66,78,0,144,0,3,345,1,349,0,69,423,1,493,427,0,427,920
03/07/2021,VNY,CA,AWP,WE,Towers with Radar,0,114,114,0,228,0,2,194,0,196,0,116,308,0,424,427,0,427,851
03/08/2021,VNY,CA,AWP,WE,Towers with Radar,0,89,112,0,201,0,2,218,0,220,0,91,330,0,421,454,0,454,875
03/09/2021,VNY,CA,AWP,WE,Towers with Radar,2,74,76,0,152,0,0,193,2,195,2,74,269,2,347,261,0,261,608
03/10/2021,VNY,CA,AWP,WE,Towers with Radar,0,84,104,0,188,0,1,88,0,89,0,85,192,0,277,54,0,54,331
03/11/2021,VNY,CA,AWP,WE,Towers with Radar,0,83,86,0,169,0,1,137,0,138,0,84,223,0,307,271,0,271,578
03/12/2021,VNY,CA,AWP,WE,Towers with Radar,0,101,133,0,234,0,3,233,0,236,0,104,366,0,470,364,0,364,834
03/13/2021,VNY,CA,AWP,WE,Towers with Radar,0,80,92,0,172,0,3,267,0,270,0,83,359,0,442,429,0,429,871
03/14/2021,VNY,CA,AWP,WE,Towers with Radar,0,102,139,0,241,0,0,234,0,234,0,102,373,0,475,617,0,617,1092
03/15/2021,VNY,CA,AWP,WE,Towers with Radar,0,105,94,0,199,0,0,52,0,52,0,105,146,0,251,36,0,36,287
03/16/2021,VNY,CA,AWP,WE,Towers with Radar,0,96,76,0,172,0,1,315,0,316,0,97,391,0,488,519,0,519,1007
03/17/2021,VNY,CA,AWP,WE,Towers with Radar,0,111,114,1,226,0,2,319,0,321,0,113,433,1,547,431,0,431,978
03/18/2021,VNY,CA,AWP,WE,Towers with Radar,0,89,139,0,228,0,2,313,0,315,0,91,452,0,543,458,0,458,1001
03/19/2021,VNY,CA,AWP,WE,Towers with Radar,0,120,120,0,240,0,3,383,2,388,0,123,503,2,628,576,0,576,1204
03/20/2021,VNY,CA,AWP,WE,Towers with Radar,0,87,121,0,208,0,0,224,1,225,0,87,345,1,433,271,0,271,704
03/21/2021,VNY,CA,AWP,WE,Towers with Radar,0,101,132,0,233,0,0,240,1,241,0,101,372,1,474,139,0,139,613
03/22/2021,VNY,CA,AWP,WE,Towers with Radar,0,78,90,0,168,0,3,240,1,244,0,81,330,1,412,493,0,493,905
03/23/2021,VNY,CA,AWP,WE,Towers with Radar,0,63,83,0,146,0,0,166,0,166,0,63,249,0,312,150,0,150,462
03/24/2021,VNY,CA,AWP,WE,Towers with Radar,0,102,117,0,219,0,0,241,0,241,0,102,358,0,460,118,0,118,578
03/25/2021,VNY,CA,AWP,WE,Towers with Radar,0,91,142,1,234,0,1,182,0,183,0,92,324,1,417,469,0,469,886
03/26/2021,VNY,CA,AWP,WE,Towers with Radar,0,129,152,0,281,0,3,319,0,322,0,132,471,0,603,408,0,408,1011
03/27/2021,VNY,CA,AWP,WE,Towers with Radar,0,108,115,0,223,0,3,299,0,302,0,111,414,0,525,379,0,379,904
03/28/2021,VNY,CA,AWP,WE,Towers with Radar,0,122,145,0,267,0,2,340,0,342,0,124,485,0,609,387,0,387,996
03/29/2021,VNY,CA,AWP,WE,Towers with Radar,0,81,110,1,192,0,5,292,0,297,0,86,402,1,489,436,0,436,925
03/30/2021,VNY,CA,AWP,WE,Towers with Radar,0,87,96,0,183,0,2,246,0,248,0,89,342,0,431,362,0,362,793
03/31/2021,VNY,CA,AWP,WE,Towers with Radar,0,114,108,1,223,0,2,227,3,232,0,116,335,4,455,210,0,210,665
04/01/2021,VNY,CA,AWP,WE,Towers with Radar,0,113,130,0,243,0,1,286,1,288,0,114,416,1,531,240,0,240,771
04/02/2021,VNY,CA,AWP,WE,Towers with Radar,0,130,128,1,259,0,2,327,0,329,0,132,455,1,588,497,0,497,1085
04/03/2021,VNY,CA,AWP,WE,Towers with Radar,0,98,114,0,212,0,2,289,0,291,0,100,403,0,503,403,0,403,906
04/04/2021,VNY,CA,AWP,WE,Towers with Radar,0,110,102,0,212,0,2,262,0,264,0,112,364,0,476,281,0,281,757
04/05/2021,VNY,CA,AWP,WE,Towers with Radar,0,99,124,0,223,0,2,224,0,226,0,101,348,0,449,285,0,285,734
04/06/2021,VNY,CA,AWP,WE,Towers with Radar,0,90,109,0,199,0,0,230,0,230,0,90,339,0,429,493,0,493,922
04/07/2021,VNY,CA,AWP,WE,Towers with Radar,0,75,120,2,197,0,1,249,0,250,0,76,369,2,447,368,0,368,815
04/08/2021,VNY,CA,AWP,WE,Towers with Radar,0,84,131,0,215,0,1,252,0,253,0,85,383,0,468,286,0,286,754
04/09/2021,VNY,CA,AWP,WE,Towers with Radar,0,103,103,0,206,0,1,308,3,312,0,104,411,3,518,300,0,300,818
04/10/2021,VNY,CA,AWP,WE,Towers with Radar,0,102,88,0,190,0,0,341,1,342,0,102,429,1,532,365,0,365,897
04/11/2021,VNY,CA,AWP,WE,Towers with Radar,2,130,144,0,276,0,1,315,0,316,2,131,459,0,592,513,0,513,1105
04/12/2021,VNY,CA,AWP,WE,Towers with Radar,0,91,119,0,210,0,1,241,1,243,0,92,360,1,453,557,0,557,1010
04/13/2021,VNY,CA,AWP,WE,Towers with Radar,0,90,96,0,186,0,0,103,0,103,0,90,199,0,289,306,0,306,595
04/14/2021,VNY,CA,AWP,WE,Towers with Radar,0,82,120,0,202,0,1,213,0,214,0,83,333,0,416,463,0,463,879
04/15/2021,VNY,CA,AWP,WE,Towers with Radar,0,102,114,0,216,0,2,339,0,341,0,104,453,0,557,450,0,450,1007
04/16/2021,VNY,CA,AWP,WE,Towers with Radar,0,96,118,1,215,0,5,376,0,381,0,101,494,1,596,453,0,453,1049
04/17/2021,VNY,CA,AWP,WE,Towers with Radar,0,68,91,0,159,0,1,279,0,280,0,69,370,0,439,346,0,346,785
04/18/2021,VNY,CA,AWP,WE,Towers with Radar,0,108,119,0,227,0,1,158,1,160,0,109,277,1,387,62,0,62,449
04/19/2021,VNY,CA,AWP,WE,Towers with Radar,0,82,106,0,188,0,2,288,0,290,0,84,394,0,478,312,0,312,790
04/20/2021,VNY,CA,AWP,WE,Towers with Radar,0,82,86,0,168,0,1,283,0,284,0,83,369,0,452,369,0,369,821
04/21/2021,VNY,CA,AWP,WE,Towers with Radar,1,78,145,0,224,0,0,252,0,252,1,78,397,0,476,582,0,582,1058
04/22/2021,VNY,CA,AWP,WE,Towers with Radar,0,116,128,0,244,0,0,168,0,168,0,116,296,0,412,473,0,473,885
04/23/2021,VNY,CA,AWP,WE,Towers with Radar,1,84,131,0,216,0,1,179,0,180,1,85,310,0,396,528,0,528,924
04/24/2021,VNY,CA,AWP,WE,Towers with Radar,0,82,82,0,164,0,1,230,0,231,0,83,312,0,395,513,0,513,908
04/25/2021,VNY,CA,AWP,WE,Towers with Radar,1,90,140,0,231,0,0,156,1,157,1,90,296,1,388,292,0,292,680
04/26/2021,VNY,CA,AWP,WE,Towers with Radar,0,51,105,0,156,0,0,179,2,181,0,51,284,2,337,572,0,572,909
04/27/2021,VNY,CA,AWP,WE,Towers with Radar,0,67,88,0,155,0,7,227,2,236,0,74,315,2,391,347,0,347,738
04/28/2021,VNY,CA,AWP,WE,Towers with Radar,2,69,118,2,191,0,4,278,0,282,2,73,396,2,473,117,0,117,590
04/29/2021,VNY,CA,AWP,WE,Towers with Radar,0,101,132,0,233,0,3,339,0,342,0,104,471,0,575,328,0,328,903
04/30/2021,VNY,CA,AWP,WE,Towers with Radar,0,87,113,0,200,0,4,342,4,350,0,91,455,4,550,372,0,372,922
05/01/2021,VNY,CA,AWP,WE,Towers with Radar,0,86,93,0,179,0,3,336,6,345,0,89,429,6,524,331,0,331,855
05/02/2021,VNY,CA,AWP,WE,Towers with Radar,0,123,125,0,248,0,2,315,2,319,0,125,440,2,567,486,0,486,1053
05/03/2021,VNY,CA,AWP,WE,Towers with Radar,0,75,127,1,203,0,1,262,1,264,0,76,389,2,467,287,0,287,754
05/04/2021,VNY,CA,AWP,WE,Towers with Radar,0,83,88,1,172,0,1,298,1,300,0,84,386,2,472,391,0,391,863
05/05/2021,VNY,CA,AWP,WE,Towers with Radar,0,90,102,0,192,0,2,336,0,338,0,92,438,0,530,379,0,379,909
05/06/2021,VNY,CA,AWP,WE,Towers with Radar,0,101,126,0,227,0,2,319,0,321,0,103,445,0,548,332,0,332,880
05/07/2021,VNY,CA,AWP,WE,Towers with Radar,0,94,122,0,216,0,3,355,0,358,0,97,477,0,574,487,0,487,1061
05/08/2021,VNY,CA,AWP,WE,Towers with Radar,0,94,109,0,203,0,3,255,2,260,0,97,364,2,463,257,0,257,720
05/09/2021,VNY,CA,AWP,WE,Towers with Radar,0,78,110,0,188,0,1,228,0,229,0,79,338,0,417,308,0,308,725
05/10/2021,VNY,CA,AWP,WE,Towers with Radar,0,89,123,0,212,0,2,179,2,183,0,91,302,2,395,767,0,767,1162
05/11/2021,VNY,CA,AWP,WE,Towers with Radar,1,78,123,0,202,0,2,244,1,247,1,80,367,1,449,525,0,525,974
05/12/2021,VNY,CA,AWP,WE,Towers with Radar,0,83,129,2,214,0,4,289,1,294,0,87,418,3,508,615,0,615,1123
05/13/2021,VNY,CA,AWP,WE,Towers with Radar,1,96,144,0,241,0,0,208,1,209,1,96,352,1,450,503,0,503,953
05/14/2021,VNY,CA,AWP,WE,Towers with Radar,1,110,141,1,253,0,3,288,0,291,1,113,429,1,544,341,0,341,885
05/15/2021,VNY,CA,AWP,WE,Towers with Radar,0,100,100,0,200,0,2,209,4,215,0,102,309,4,415,320,0,320,735
05/16/2021,VNY,CA,AWP,WE,Towers with Radar,0,113,155,0,268,0,1,234,0,235,0,114,389,0,503,317,0,317,820
05/17/2021,VNY,CA,AWP,WE,Towers with Radar,0,77,122,0,199,0,1,203,4,208,0,78,325,4,407,353,0,353,760
05/18/2021,VNY,CA,AWP,WE,Towers with Radar,0,100,87,0,187,0,3,363,0,366,0,103,450,0,553,509,0,509,1062
05/19/2021,VNY,CA,AWP,WE,Towers with Radar,0,87,117,0,204,0,1,280,0,281,0,88,397,0,485,369,0,369,854
05/20/2021,VNY,CA,AWP,WE,Towers with Radar,0,98,106,0,204,0,1,295,0,296,0,99,401,0,500,511,0,511,1011
05/21/2021,VNY,CA,AWP,WE,Towers with Radar,1,110,111,0,222,0,6,307,0,313,1,116,418,0,535,376,0,376,911
05/22/2021,VNY,CA,AWP,WE,Towers with Radar,0,70,88,0,158,0,1,347,2,350,0,71,435,2,508,304,0,304,812
05/23/2021,VNY,CA,AWP,WE,Towers with Radar,0,123,133,0,256,0,2,357,0,359,0,125,490,0,615,268,0,268,883
05/24/2021,VNY,CA,AWP,WE,Towers with Radar,0,73,104,2,179,0,3,302,0,305,0,76,406,2,484,490,0,490,974
05/25/2021,VNY,CA,AWP,WE,Towers with Radar,0,87,105,0,192,0,1,315,0,316,0,88,420,0,508,381,0,381,889
05/26/2021,VNY,CA,AWP,WE,Towers with Radar,0,101,129,0,230,0,2,322,2,326,0,103,451,2,556,372,0,372,928
05/27/2021,VNY,CA,AWP,WE,Towers with Radar,0,102,148,0,250,0,1,323,2,326,0,103,471,2,576,465,2,467,1043
05/28/2021,VNY,CA,AWP,WE,Towers with Radar,1,122,147,0,270,0,3,364,1,368,1,125,511,1,638,585,0,585,1223
05/29/2021,VNY,CA,AWP,WE,Towers with Radar,1,88,96,0,185,0,0,255,4,259,1,88,351,4,444,229,0,229,673
05/30/2021,VNY,CA,AWP,WE,Towers with Radar,0,80,82,1,163,0,1,249,0,250,0,81,331,1,413,367,0,367,780
05/31/2021,VNY,CA,AWP,WE,Towers with Radar,0,135,151,0,286,0,5,298,3,306,0,140,449,3,592,392,0,392,984
06/01/2021,VNY,CA,AWP,WE,Towers with Radar,0,110,113,0,223,0,6,255,0,261,0,116,368,0,484,372,0,372,856
06/02/2021,VNY,CA,AWP,WE,Towers with Radar,0,71,110,0,181,0,3,244,0,247,0,74,354,0,428,388,0,388,816
06/03/2021,VNY,CA,AWP,WE,Towers with Radar,0,93,131,2,226,0,1,317,1,319,0,94,448,3,545,333,0,333,878
06/04/2021,VNY,CA,AWP,WE,Towers with Radar,1,91,116,0,208,0,2,306,0,308,1,93,422,0,516,504,0,504,1020
06/05/2021,VNY,CA,AWP,WE,Towers with Radar,2,71,108,0,181,0,1,330,0,331,2,72,438,0,512,276,0,276,788
06/06/2021,VNY,CA,AWP,WE,Towers with Radar,0,108,141,0,249,0,0,235,3,238,0,108,376,3,487,330,0,330,817
06/07/2021,VNY,CA,AWP,WE,Towers with Radar,0,102,129,1,232,0,4,103,0,107,0,106,232,1,339,283,0,283,622
06/08/2021,VNY,CA,AWP,WE,Towers with Radar,0,75,108,0,183,0,9,301,0,310,0,84,409,0,493,596,0,596,1089
06/09/2021,VNY,CA,AWP,WE,Towers with Radar,0,79,123,1,203,0,1,253,0,254,0,80,376,1,457,392,0,392,849
06/10/2021,VNY,CA,AWP,WE,Towers with Radar,0,105,148,0,253,0,5,294,3,302,0,110,442,3,555,419,0,419,974
06/11/2021,VNY,CA,AWP,WE,Towers with Radar,0,124,147,2,273,0,1,322,1,324,0,125,469,3,597,512,0,512,1109
06/12/2021,VNY,CA,AWP,WE,Towers with Radar,1,107,146,0,254,0,4,336,2,342,1,111,482,2,596,472,0,472,1068
06/13/2021,VNY,CA,AWP,WE,Towers with Radar,0,118,136,0,254,0,2,303,1,306,0,120,439,1,560,490,0,490,1050
06/14/2021,VNY,CA,AWP,WE,Towers with Radar,2,93,113,0,208,0,2,313,0,315,2,95,426,0,523,366,0,366,889
06/15/2021,VNY,CA,AWP,WE,Towers with Radar,0,100,86,0,186,0,0,228,1,229,0,100,314,1,415,408,0,408,823
06/16/2021,VNY,CA,AWP,WE,Towers with Radar,0,96,123,0,219,0,0,346,1,347,0,96,469,1,566,409,0,409,975
06/17/2021,VNY,CA,AWP,WE,Towers with Radar,0,121,143,0,264,0,3,319,0,322,0,124,462,0,586,538,0,538,1124
06/18/2021,VNY,CA,AWP,WE,Towers with Radar,2,122,169,0,293,0,3,573,0,576,2,125,742,0,869,494,0,494,1363
06/19/2021,VNY,CA,AWP,WE,Towers with Radar,1,87,95,1,184,0,4,135,5,144,1,91,230,6,328,0,0,0,328
06/20/2021,VNY,CA,AWP,WE,Towers with Radar,0,98,131,1,230,0,2,213,0,215,0,100,344,1,445,313,0,313,758
06/21/2021,VNY,CA,AWP,WE,Towers with Radar,0,121,109,0,230,0,1,258,1,260,0,122,367,1,490,454,0,454,944
06/22/2021,VNY,CA,AWP,WE,Towers with Radar,0,81,108,0,189,0,3,301,1,305,0,84,409,1,494,455,0,455,949
06/23/2021,VNY,CA,AWP,WE,Towers with Radar,0,118,115,0,233,0,1,354,0,355,0,119,469,0,588,388,0,388,976
06/24/2021,VNY,CA,AWP,WE,Towers with Radar,1,133,138,1,273,0,0,318,2,320,1,133,456,3,593,462,0,462,1055
06/25/2021,VNY,CA,AWP,WE,Towers with Radar,2,130,144,0,276,0,1,359,0,360,2,131,503,0,636,454,0,454,1090
06/26/2021,VNY,CA,AWP,WE,Towers with Radar,0,82,104,1,187,0,4,333,0,337,0,86,437,1,524,187,0,187,711
06/27/2021,VNY,CA,AWP,WE,Towers with Radar,0,114,156,0,270,0,2,260,0,262,0,116,416,0,532,352,0,352,884
06/28/2021,VNY,CA,AWP,WE,Towers with Radar,1,82,113,1,197,0,1,228,0,229,1,83,341,1,426,377,0,377,803
06/29/2021,VNY,CA,AWP,WE,Towers with Radar,1,79,115,0,195,0,1,244,0,245,1,80,359,0,440,391,0,391,831
06/30/2021,VNY,CA,AWP,WE,Towers with Radar,1,105,132,1,239,0,19,309,0,328,1,124,441,1,567,296,0,296,863
07/01/2021,VNY,CA,AWP,WE,Towers with Radar,0,142,160,1,303,0,8,307,0,315,0,150,467,1,618,313,0,313,931
07/02/2021,VNY,CA,AWP,WE,Towers with Radar,0,112,162,0,274,0,2,249,1,252,0,114,411,1,526,348,0,348,874
07/03/2021,VNY,CA,AWP,WE,Towers with Radar,1,88,105,0,194,0,5,232,0,237,1,93,337,0,431,245,0,245,676
07/04/2021,VNY,CA,AWP,WE,Towers with Radar,0,63,53,0,116,0,3,224,9,236,0,66,277,9,352,168,0,168,520
07/05/2021,VNY,CA,AWP,WE,Towers with Radar,2,117,158,0,277,0,2,209,0,211,2,119,367,0,488,305,0,305,793
07/06/2021,VNY,CA,AWP,WE,Towers with Radar,0,84,130,0,214,0,4,253,4,261,0,88,383,4,475,304,0,304,779
07/07/2021,VNY,CA,AWP,WE,Towers with Radar,1,93,120,0,214,0,2,319,3,324,1,95,439,3,538,381,0,381,919
07/08/2021,VNY,CA,AWP,WE,Towers with Radar,0,97,112,1,210,0,1,262,3,266,0,98,374,4,476,383,0,383,859
07/09/2021,VNY,CA,AWP,WE,Towers with Radar,0,129,158,0,287,0,5,306,0,311,0,134,464,0,598,185,0,185,783
07/10/2021,VNY,CA,AWP,WE,Towers with Radar,2,96,117,1,216,0,1,261,0,262,2,97,378,1,478,359,0,359,837
07/11/2021,VNY,CA,AWP,WE,Towers with Radar,0,140,185,0,325,0,0,260,2,262,0,140,445,2,587,317,0,317,904
07/12/2021,VNY,CA,AWP,WE,Towers with Radar,2,88,124,0,214,0,0,202,1,203,2,88,326,1,417,362,0,362,779
07/13/2021,VNY,CA,AWP,WE,Towers with Radar,0,87,74,0,161,0,2,250,2,254,0,89,324,2,415,450,0,450,865
07/14/2021,VNY,CA,AWP,WE,Towers with Radar,0,92,122,0,214,0,1,293,0,294,0,93,415,0,508,468,0,468,976
07/15/2021,VNY,CA,AWP,WE,Towers with Radar,0,104,115,0,219,0,2,267,2,271,0,106,382,2,490,383,0,383,873
07/16/2021,VNY,CA,AWP,WE,Towers with Radar,2,94,101,0,197,0,2,297,1,300,2,96,398,1,497,374,0,374,871
07/17/2021,VNY,CA,AWP,WE,Towers with Radar,0,86,97,1,184,0,2,245,0,247,0,88,342,1,431,256,0,256,687
07/18/2021,VNY,CA,AWP,WE,Towers with Radar,0,116,129,1,246,0,2,241,0,243,0,118,370,1,489,406,0,406,895
07/19/2021,VNY,CA,AWP,WE,Towers with Radar,0,118,101,0,219,0,0,233,1,234,0,118,334,1,453,319,0,319,772
07/20/2021,VNY,CA,AWP,WE,Towers with Radar,0,73,115,1,189,0,4,280,0,284,0,77,395,1,473,406,0,406,879
07/21/2021,VNY,CA,AWP,WE,Towers with Radar,0,90,118,0,208,0,2,327,3,332,0,92,445,3,540,508,0,508,1048
07/22/2021,VNY,CA,AWP,WE,Towers with Radar,0,106,109,0,215,0,0,322,0,322,0,106,431,0,537,299,0,299,836
07/23/2021,VNY,CA,AWP,WE,Towers with Radar,0,116,129,0,245,0,1,314,2,317,0,117,443,2,562,496,0,496,1058
07/24/2021,VNY,CA,AWP,WE,Towers with Radar,3,76,103,0,182,0,0,258,0,258,3,76,361,0,440,210,0,210,650
07/25/2021,VNY,CA,AWP,WE,Towers with Radar,0,128,147,1,276,0,4,280,0,284,0,132,427,1,560,395,0,395,955
07/26/2021,VNY,CA,AWP,WE,Towers with Radar,2,91,150,0,243,0,1,172,0,173,2,92,322,0,416,389,0,389,805
07/27/2021,VNY,CA,AWP,WE,Towers with Radar,0,93,125,0,218,0,1,304,1,306,0,94,429,1,524,548,0,548,1072
07/28/2021,VNY,CA,AWP,WE,Towers with Radar,2,83,110,1,196,0,2,269,1,272,2,85,379,2,468,250,0,250,718
07/29/2021,VNY,CA,AWP,WE,Towers with Radar,0,120,117,0,237,0,3,294,0,297,0,123,411,0,534,322,0,322,856
07/30/2021,VNY,CA,AWP,WE,Towers with Radar,2,100,108,2,212,0,1,295,3,299,2,101,403,5,511,261,0,261,772
07/31/2021,VNY,CA,AWP,WE,Towers with Radar,3,94,93,0,190,0,0,258,1,259,3,94,351,1,449,286,0,286,735
08/01/2021,VNY,CA,AWP,WE,Towers with Radar,0,123,136,0,259,0,1,285,1,287,0,124,421,1,546,152,0,152,698
08/02/2021,VNY,CA,AWP,WE,Towers with Radar,0,94,77,2,173,0,0,272,3,275,0,94,349,5,448,256,0,256,704
08/03/2021,VNY,CA,AWP,WE,Towers with Radar,0,94,79,0,173,0,0,268,3,271,0,94,347,3,444,330,0,330,774
08/04/2021,VNY,CA,AWP,WE,Towers with Radar,0,100,128,0,228,0,2,312,3,317,0,102,440,3,545,278,0,278,823
08/05/2021,VNY,CA,AWP,WE,Towers with Radar,0,101,127,0,228,0,3,326,0,329,0,104,453,0,557,387,0,387,944
08/06/2021,VNY,CA,AWP,WE,Towers with Radar,0,91,133,0,224,0,2,385,0,387,0,93,518,0,611,344,0,344,955
08/07/2021,VNY,CA,AWP,WE,Towers with Radar,0,108,110,0,218,0,0,286,1,287,0,108,396,1,505,357,0,357,862
08/08/2021,VNY,CA,AWP,WE,Towers with Radar,0,127,149,0,276,0,0,241,1,242,0,127,390,1,518,294,0,294,812
08/09/2021,VNY,CA,AWP,WE,Towers with Radar,0,108,133,0,241,0,1,289,2,292,0,109,422,2,533,433,0,433,966
08/10/2021,VNY,CA,AWP,WE,Towers with Radar,0,105,122,0,227,0,2,323,1,326,0,107,445,1,553,481,0,481,1034
08/11/2021,VNY,CA,AWP,WE,Towers with Radar,0,106,171,2,279,0,2,284,3,289,0,108,455,5,568,365,0,365,933
08/12/2021,VNY,CA,AWP,WE,Towers with Radar,0,109,152,0,261,0,0,322,0,322,0,109,474,0,583,494,0,494,1077
08/13/2021,VNY,CA,AWP,WE,Towers with Radar,1,117,142,0,260,0,2,287,0,289,1,119,429,0,549,292,0,292,841
08/14/2021,VNY,CA,AWP,WE,Towers with Radar,1,87,112,0,200,0,1,273,0,274,1,88,385,0,474,304,0,304,778
08/15/2021,VNY,CA,AWP,WE,Towers with Radar,0,128,173,0,301,0,0,307,0,307,0,128,480,0,608,358,0,358,966
08/16/2021,VNY,CA,AWP,WE,Towers with Radar,0,105,118,0,223,0,1,212,0,213,0,106,330,0,436,307,0,307,743
08/17/2021,VNY,CA,AWP,WE,Towers with Radar,0,93,126,1,220,0,1,249,0,250,0,94,375,1,470,348,0,348,818
08/18/2021,VNY,CA,AWP,WE,Towers with Radar,1,115,126,1,243,0,1,103,1,105,1,116,229,2,348,240,0,240,588
08/19/2021,VNY,CA,AWP,WE,Towers with Radar,1,97,123,0,221,0,2,249,0,251,1,99,372,0,472,542,0,542,1014
08/20/2021,VNY,CA,AWP,WE,Towers with Radar,0,121,148,0,269,0,1,251,0,252,0,122,399,0,521,369,0,369,890
08/21/2021,VNY,CA,AWP,WE,Towers with Radar,0,90,117,0,207,0,0,182,0,182,0,90,299,0,389,276,0,276,665
08/22/2021,VNY,CA,AWP,WE,Towers with Radar,1,148,145,0,294,0,0,206,2,208,1,148,351,2,502,438,0,438,940
08/23/2021,VNY,CA,AWP,WE,Towers with Radar,0,132,135,0,267,0,2,249,2,253,0,134,384,2,520,577,0,577,1097
08/24/2021,VNY,CA,AWP,WE,Towers with Radar,0,84,118,2,204,0,1,312,0,313,0,85,430,2,517,437,0,437,954
08/25/2021,VNY,CA,AWP,WE,Towers with Radar,0,80,110,0,190,0,0,249,0,249,0,80,359,0,439,429,0,429,868
08/26/2021,VNY,CA,AWP,WE,Towers with Radar,0,129,117,0,246,0,0,291,0,291,0,129,408,0,537,326,0,326,863
08/27/2021,VNY,CA,AWP,WE,Towers with Radar,0,123,130,0,253,0,2,296,0,298,0,125,426,0,551,441,0,441,992
08/28/2021,VNY,CA,AWP,WE,Towers with Radar,0,78,99,0,177,0,0,287,3,290,0,78,386,3,467,313,0,313,780
08/29/2021,VNY,CA,AWP,WE,Towers with Radar,0,115,145,1,261,0,2,272,0,274,0,117,417,1,535,304,0,304,839
08/30/2021,VNY,CA,AWP,WE,Towers with Radar,0,83,111,0,194,0,2,262,3,267,0,85,373,3,461,396,0,396,857
08/31/2021,VNY,CA,AWP,WE,Towers with Radar,0,91,82,0,173,0,4,213,2,219,0,95,295,2,392,467,0,467,859
09/01/2021,VNY,CA,AWP,WE,Towers with Radar,0,95,98,0,193,0,6,200,1,207,0,101,298,1,400,422,0,422,822
09/02/2021,VNY,CA,AWP,WE,Towers with Radar,0,88,145,0,233,0,2,229,0,231,0,90,374,0,464,359,0,359,823
09/03/2021,VNY,CA,AWP,WE,Towers with Radar,1,121,171,0,293,0,2,324,0,326,1,123,495,0,619,498,0,498,1117
09/04/2021,VNY,CA,AWP,WE,Towers with Radar,0,83,94,0,177,0,1,246,1,248,0,84,340,1,425,276,0,276,701
09/05/2021,VNY,CA,AWP,WE,Towers with Radar,0,98,101,0,199,0,0,210,1,211,0,98,311,1,410,247,0,247,657
09/06/2021,VNY,CA,AWP,WE,Towers with Radar,0,111,148,0,259,0,2,258,1,261,0,113,406,1,520,480,0,480,1000
09/07/2021,VNY,CA,AWP,WE,Towers with Radar,0,126,148,2,276,0,2,266,2,270,0,128,414,4,546,336,0,336,882
09/08/2021,VNY,CA,AWP,WE,Towers with Radar,0,100,135,0,235,0,2,323,0,325,0,102,458,0,560,334,0,334,894
09/09/2021,VNY,CA,AWP,WE,Towers with Radar,0,123,95,1,219,0,2,263,0,265,0,125,358,1,484,324,0,324,808
09/10/2021,VNY,CA,AWP,WE,Towers with Radar,0,120,125,0,245,0,2,263,0,265,0,122,388,0,510,309,0,309,819
09/11/2021,VNY,CA,AWP,WE,Towers with Radar,0,74,99,1,174,0,3,278,1,282,0,77,377,2,456,264,0,264,720
09/12/2021,VNY,CA,AWP,WE,Towers with Radar,1,111,146,0,258,0,1,181,0,182,1,112,327,0,440,392,0,392,832
09/13/2021,VNY,CA,AWP,WE,Towers with Radar,1,85,119,0,205,0,4,180,0,184,1,89,299,0,389,252,0,252,641
09/14/2021,VNY,CA,AWP,WE,Towers with Radar,0,82,115,0,197,0,0,212,2,214,0,82,327,2,411,255,0,255,666
09/15/2021,VNY,CA,AWP,WE,Towers with Radar,1,89,121,0,211,0,0,296,0,296,1,89,417,0,507,460,0,460,967
09/16/2021,VNY,CA,AWP,WE,Towers with Radar,0,100,133,0,233,0,2,297,0,299,0,102,430,0,532,510,0,510,1042
09/17/2021,VNY,CA,AWP,WE,Towers with Radar,1,107,166,0,274,0,2,261,1,264,1,109,427,1,538,360,0,360,898
09/18/2021,VNY,CA,AWP,WE,Towers with Radar,0,82,106,0,188,0,2,158,0,160,0,84,264,0,348,0,0,0,348
09/19/2021,VNY,CA,AWP,WE,Towers with Radar,0,119,173,0,292,0,2,298,0,300,0,121,471,0,592,374,0,374,966
09/20/2021,VNY,CA,AWP,WE,Towers with Radar,0,74,116,0,190,0,1,216,1,218,0,75,332,1,408,356,0,356,764
09/21/2021,VNY,CA,AWP,WE,Towers with Radar,0,78,115,0,193,0,5,238,2,245,0,83,353,2,438,385,0,385,823
09/22/2021,VNY,CA,AWP,WE,Towers with Radar,0,86,118,0,204,0,5,318,0,323,0,91,436,0,527,270,0,270,797
09/23/2021,VNY,CA,AWP,WE,Towers with Radar,0,109,154,0,263,0,2,271,0,273,0,111,425,0,536,384,0,384,920
09/24/2021,VNY,CA,AWP,WE,Towers with Radar,0,126,144,0,270,0,0,268,3,271,0,126,412,3,541,335,0,335,876
09/25/2021,VNY,CA,AWP,WE,Towers with Radar,0,72,94,0,166,0,0,291,0,291,0,72,385,0,457,401,0,401,858
09/26/2021,VNY,CA,AWP,WE,Towers with Radar,1,147,208,0,356,0,2,160,0,162,1,149,368,0,518,297,0,297,815
09/27/2021,VNY,CA,AWP,WE,Towers with Radar,2,124,135,0,261,0,3,82,0,85,2,127,217,0,346,190,0,190,536
09/28/2021,VNY,CA,AWP,WE,Towers with Radar,0,89,112,0,201,0,2,139,0,141,0,91,251,0,342,325,0,325,667
09/29/2021,VNY,CA,AWP,WE,Towers with Radar,0,98,114,0,212,0,0,269,0,269,0,98,383,0,481,345,0,345,826
09/30/2021,VNY,CA,AWP,WE,Towers with Radar,1,102,142,0,245,1,2,269,2,274,2,104,411,2,519,310,0,310,829
10/01/2021,VNY,CA,AWP,WE,Towers with Radar,0,119,133,0,252,0,0,318,2,320,0,119,451,2,572,407,0,407,979
10/02/2021,VNY,CA,AWP,WE,Towers with Radar,1,90,96,0,187,0,2,324,0,326,1,92,420,0,513,497,0,497,1010
10/03/2021,VNY,CA,AWP,WE,Towers with Radar,0,124,162,0,286,0,6,282,2,290,0,130,444,2,576,335,0,335,911
10/04/2021,VNY,CA,AWP,WE,Towers with Radar,1,84,121,0,206,0,3,235,3,241,1,87,356,3,447,256,0,256,703
10/05/2021,VNY,CA,AWP,WE,Towers with Radar,0,81,115,0,196,0,0,313,0,313,0,81,428,0,509,330,0,330,839
10/06/2021,VNY,CA,AWP,WE,Towers with Radar,2,95,126,0,223,0,1,213,0,214,2,96,339,0,437,399,0,399,836
10/07/2021,VNY,CA,AWP,WE,Towers with Radar,0,135,148,0,283,0,1,130,0,131,0,136,278,0,414,412,0,412,826
10/08/2021,VNY,CA,AWP,WE,Towers with Radar,0,117,166,0,283,0,0,190,0,190,0,117,356,0,473,411,0,411,884
10/09/2021,VNY,CA,AWP,WE,Towers with Radar,0,76,123,0,199,0,5,325,0,330,0,81,448,0,529,302,0,302,831
10/10/2021,VNY,CA,AWP,WE,Towers with Radar,0,137,147,0,284,0,3,329,0,332,0,140,476,0,616,390,0,390,1006
10/11/2021,VNY,CA,AWP,WE,Towers with Radar,0,107,115,0,222,0,0,145,0,145,0,107,260,0,367,134,0,134,501
10/12/2021,VNY,CA,AWP,WE,Towers with Radar,0,92,131,1,224,0,0,186,0,186,0,92,317,1,410,252,0,252,662
10/13/2021,VNY,CA,AWP,WE,Towers with Radar,1,93,130,2,226,0,3,371,1,375,1,96,501,3,601,451,0,451,1052
10/14/2021,VNY,CA,AWP,WE,Towers with Radar,1,118,146,1,266,0,5,345,0,350,1,123,491,1,616,442,0,442,1058
10/15/2021,VNY,CA,AWP,WE,Towers with Radar,0,86,155,0,241,0,2,247,0,249,0,88,402,0,490,228,0,228,718
10/16/2021,VNY,CA,AWP,WE,Towers with Radar,0,64,106,0,170,0,1,313,0,314,0,65,419,0,484,345,0,345,829
10/17/2021,VNY,CA,AWP,WE,Towers with Radar,0,112,185,0,297,0,2,311,0,313,0,114,496,0,610,344,0,344,954
10/18/2021,VNY,CA,AWP,WE,Towers with Radar,0,104,148,0,252,0,0,197,1,198,0,104,345,1,450,397,0,397,847
10/19/2021,VNY,CA,AWP,WE,Towers with Radar,2,85,130,0,217,0,1,265,1,267,2,86,395,1,484,554,0,554,1038
10/20/2021,VNY,CA,AWP,WE,Towers with Radar,2,110,155,0,267,0,1,311,0,312,2,111,466,0,579,348,0,348,927
10/21/2021,VNY,CA,AWP,WE,Towers with Radar,2,126,185,0,313,0,2,294,1,297,2,128,479,1,610,433,0,433,1043
10/22/2021,VNY,CA,AWP,WE,Towers with Radar,3,137,162,0,302,0,3,326,0,329,3,140,488,0,631,495,0,495,1126
10/23/2021,VNY,CA,AWP,WE,Towers with Radar,0,85,113,0,198,0,1,190,1,192,0,86,303,1,390,264,0,264,654
10/24/2021,VNY,CA,AWP,WE,Towers with Radar,0,134,174,0,308,0,3,156,0,159,0,137,330,0,467,462,0,462,929
10/25/2021,VNY,CA,AWP,WE,Towers with Radar,0,108,131,0,239,0,0,57,0,57,0,108,188,0,296,142,0,142,438
10/26/2021,VNY,CA,AWP,WE,Towers with Radar,0,83,114,0,197,0,0,233,0,233,0,83,347,0,430,269,0,269,699
10/27/2021,VNY,CA,AWP,WE,Towers with Radar,0,98,109,0,207,0,5,323,0,328,0,103,432,0,535,306,0,306,841
10/28/2021,VNY,CA,AWP,WE,Towers with Radar,0,102,152,2,256,0,3,358,4,365,0,105,510,6,621,367,0,367,988
10/29/2021,VNY,CA,AWP,WE,Towers with Radar,2,90,128,1,221,0,0,345,0,345,2,90,473,1,566,377,0,377,943
10/30/2021,VNY,CA,AWP,WE,Towers with Radar,0,100,105,0,205,0,2,232,0,234,0,102,337,0,439,278,0,278,717
10/31/2021,VNY,CA,AWP,WE,Towers with Radar,1,79,128,1,209,0,3,143,0,146,1,82,271,1,355,332,0,332,687
11/01/2021,VNY,CA,AWP,WE,Towers with Radar,0,71,156,0,227,0,1,188,0,189,0,72,344,0,416,553,0,553,969
11/02/2021,VNY,CA,AWP,WE,Towers with Radar,0,66,108,0,174,0,1,227,0,228,0,67,335,0,402,517,0,517,919
11/03/2021,VNY,CA,AWP,WE,Towers with Radar,0,104,145,0,249,0,3,307,0,310,0,107,452,0,559,384,0,384,943
11/04/2021,VNY,CA,AWP,WE,Towers with Radar,0,100,145,0,245,0,2,267,0,269,0,102,412,0,514,352,0,352,866
11/05/2021,VNY,CA,AWP,WE,Towers with Radar,0,107,163,0,270,0,4,374,0,378,0,111,537,0,648,390,0,390,1038
11/06/2021,VNY,CA,AWP,WE,Towers with Radar,0,79,127,1,207,0,1,234,1,236,0,80,361,2,443,289,0,289,732
11/07/2021,VNY,CA,AWP,WE,Towers with Radar,1,118,181,0,300,0,2,218,1,221,1,120,399,1,521,312,0,312,833
11/08/2021,VNY,CA,AWP,WE,Towers with Radar,0,102,128,1,231,0,0,235,1,236,0,102,363,2,467,398,0,398,865
11/09/2021,VNY,CA,AWP,WE,Towers with Radar,0,83,136,0,219,0,0,218,1,219,0,83,354,1,438,544,0,544,982
11/10/2021,VNY,CA,AWP,WE,Towers with Radar,0,100,140,0,240,0,3,306,0,309,0,103,446,0,549,415,0,415,964
11/11/2021,VNY,CA,AWP,WE,Towers with Radar,0,118,140,0,258,0,6,220,1,227,0,124,360,1,485,247,0,247,732
11/12/2021,VNY,CA,AWP,WE,Towers with Radar,0,90,125,0,215,0,2,240,2,244,0,92,365,2,459,191,0,191,650
11/13/2021,VNY,CA,AWP,WE,Towers with Radar,0,73,111,0,184,0,3,337,1,341,0,76,448,1,525,353,0,353,878
11/14/2021,VNY,CA,AWP,WE,Towers with Radar,0,133,163,0,296,0,3,327,1,331,0,136,490,1,627,414,0,414,1041
11/15/2021,VNY,CA,AWP,WE,Towers with Radar,0,97,175,0,272,0,1,295,0,296,0,98,470,0,568,417,0,417,985
11/16/2021,VNY,CA,AWP,WE,Towers with Radar,0,87,154,0,241,0,1,297,0,298,0,88,451,0,539,445,0,445,984
11/17/2021,VNY,CA,AWP,WE,Towers with Radar,0,90,145,0,235,0,6,287,2,295,0,96,432,2,530,349,0,349,879
11/18/2021,VNY,CA,AWP,WE,Towers with Radar,0,109,139,0,248,0,2,262,0,264,0,111,401,0,512,463,0,463,975
11/19/2021,VNY,CA,AWP,WE,Towers with Radar,0,114,165,1,280,0,1,155,0,156,0,115,320,1,436,280,0,280,716
11/20/2021,VNY,CA,AWP,WE,Towers with Radar,0,111,163,0,274,0,3,205,0,208,0,114,368,0,482,268,0,268,750
11/21/2021,VNY,CA,AWP,WE,Towers with Radar,0,109,127,0,236,0,3,161,1,165,0,112,288,1,401,121,0,121,522
11/22/2021,VNY,CA,AWP,WE,Towers with Radar,0,114,116,1,231,0,1,246,0,247,0,115,362,1,478,298,0,298,776
11/23/2021,VNY,CA,AWP,WE,Towers with Radar,0,114,154,0,268,0,1,388,0,389,0,115,542,0,657,382,0,382,1039
11/24/2021,VNY,CA,AWP,WE,Towers with Radar,0,96,123,0,219,0,3,274,0,277,0,99,397,0,496,198,0,198,694
11/25/2021,VNY,CA,AWP,WE,Towers with Radar,0,48,42,0,90,0,0,57,0,57,0,48,99,0,147,0,0,0,147
11/26/2021,VNY,CA,AWP,WE,Towers with Radar,0,79,87,0,166,0,1,265,1,267,0,80,352,1,433,150,0,150,583
11/27/2021,VNY,CA,AWP,WE,Towers with Radar,0,119,131,0,250,0,6,301,0,307,0,125,432,0,557,294,0,294,851
11/28/2021,VNY,CA,AWP,WE,Towers with Radar,0,156,195,0,351,0,3,240,2,245,0,159,435,2,596,251,0,251,847
11/29/2021,VNY,CA,AWP,WE,Towers with Radar,0,108,110,0,218,0,2,263,1,266,0,110,373,1,484,407,0,407,891
11/30/2021,VNY,CA,AWP,WE,Towers with Radar,0,101,108,1,210,0,0,263,1,264,0,101,371,2,474,387,0,387,861
12/01/2021,VNY,CA,AWP,WE,Towers with Radar,0,103,158,0,261,0,1,317,0,318,0,104,475,0,579,386,0,386,965
12/02/2021,VNY,CA,AWP,WE,Towers with Radar,1,116,143,0,260,0,2,254,0,256,1,118,397,0,516,302,0,302,818
12/03/2021,VNY,CA,AWP,WE,Towers with Radar,0,110,141,4,255,0,3,107,0,110,0,113,248,4,365,86,0,86,451
12/04/2021,VNY,CA,AWP,WE,Towers with Radar,1,76,100,4,181,0,2,190,0,192,1,78,290,4,373,354,0,354,727
12/05/2021,VNY,CA,AWP,WE,Towers with Radar,0,121,142,0,263,0,2,201,4,207,0,123,343,4,470,152,0,152,622
12/06/2021,VNY,CA,AWP,WE,Towers with Radar,0,86,134,0,220,0,0,233,0,233,0,86,367,0,453,421,0,421,874
12/07/2021,VNY,CA,AWP,WE,Towers with Radar,0,81,154,0,235,0,2,168,1,171,0,83,322,1,406,445,0,445,851
12/08/2021,VNY,CA,AWP,WE,Towers with Radar,0,83,147,0,230,0,0,326,0,326,0,83,473,0,556,298,0,298,854
12/09/2021,VNY,CA,AWP,WE,Towers with Radar,0,99,115,0,214,0,0,61,0,61,0,99,176,0,275,63,0,63,338
12/10/2021,VNY,CA,AWP,WE,Towers with Radar,1,105,119,0,225,0,4,293,0,297,1,109,412,0,522,325,0,325,847
12/11/2021,VNY,CA,AWP,WE,Towers with Radar,0,83,100,0,183,0,1,348,0,349,0,84,448,0,532,359,0,359,891
12/12/2021,VNY,CA,AWP,WE,Towers with Radar,0,117,133,0,250,0,0,314,1,315,0,117,447,1,565,408,0,408,973
12/13/2021,VNY,CA,AWP,WE,Towers with Radar,0,82,149,0,231,0,1,152,0,153,0,83,301,0,384,296,0,296,680
12/14/2021,VNY,CA,AWP,WE,Towers with Radar,0,67,92,0,159,0,3,72,0,75,0,70,164,0,234,0,0,0,234
12/15/2021,VNY,CA,AWP,WE,Towers with Radar,0,76,153,2,231,0,5,373,0,378,0,81,526,2,609,545,0,545,1154
12/16/2021,VNY,CA,AWP,WE,Towers with Radar,0,116,182,0,298,0,0,103,1,104,0,116,285,1,402,234,0,234,636
12/17/2021,VNY,CA,AWP,WE,Towers with Radar,2,122,158,0,282,0,6,263,0,269,2,128,421,0,551,265,0,265,816
12/18/2021,VNY,CA,AWP,WE,Towers with Radar,0,146,143,0,289,0,0,251,0,251,0,146,394,0,540,210,0,210,750
12/19/2021,VNY,CA,AWP,WE,Towers with Radar,0,149,172,0,321,0,0,301,0,301,0,149,473,0,622,497,0,497,1119
12/20/2021,VNY,CA,AWP,WE,Towers with Radar,0,122,136,0,258,0,5,283,1,289,0,127,419,1,547,349,0,349,896
12/21/2021,VNY,CA,AWP,WE,Towers with Radar,0,100,103,1,204,0,2,260,3,265,0,102,363,4,469,304,0,304,773
12/22/2021,VNY,CA,AWP,WE,Towers with Radar,0,127,133,0,260,0,1,294,1,296,0,128,427,1,556,437,0,437,993
12/23/2021,VNY,CA,AWP,WE,Towers with Radar,0,122,138,1,261,0,0,11,0,11,0,122,149,1,272,0,0,0,272
12/24/2021,VNY,CA,AWP,WE,Towers with Radar,0,74,69,0,143,0,1,57,0,58,0,75,126,0,201,66,0,66,267
12/25/2021,VNY,CA,AWP,WE,Towers with Radar,0,80,54,0,134,4,0,26,0,30,4,80,80,0,164,0,0,0,164
12/26/2021,VNY,CA,AWP,WE,Towers with Radar,0,94,148,0,242,0,1,220,0,221,0,95,368,0,463,431,0,431,894
12/27/2021,VNY,CA,AWP,WE,Towers with Radar,0,81,144,0,225,0,1,72,0,73,0,82,216,0,298,148,0,148,446
12/28/2021,VNY,CA,AWP,WE,Towers with Radar,0,96,141,0,237,0,1,244,0,245,0,97,385,0,482,278,0,278,760
12/29/2021,VNY,CA,AWP,WE,Towers with Radar,0,114,136,0,250,0,0,53,0,53,0,114,189,0,303,26,0,26,329
12/30/2021,VNY,CA,AWP,WE,Towers with Radar,0,99,117,0,216,0,0,28,0,28,0,99,145,0,244,0,0,0,244
12/31/2021,VNY,CA,AWP,WE,Towers with Radar,0,82,100,0,182,0,1,237,0,238,0,83,337,0,420,202,0,202,622
01/01/2022,VNY,CA,AWP,WE,Towers with Radar,0,99,130,0,229,0,3,146,0,149,0,102,276,0,378,37,0,37,415
01/02/2022,VNY,CA,AWP,WE,Towers with Radar,1,117,195,0,313,0,1,248,0,249,1,118,443,0,562,129,0,129,691
01/03/2022,VNY,CA,AWP,WE,Towers with Radar,1,110,145,0,256,0,0,257,0,257,1,110,402,0,513,314,0,314,827
01/04/2022,VNY,CA,AWP,WE,Towers with Radar,0,109,97,1,207,0,1,301,0,302,0,110,398,1,509,405,0,405,914
01/05/2022,VNY,CA,AWP,WE,Towers with Radar,2,82,83,0,167,0,1,210,2,213,2,83,293,2,380,199,0,199,579
01/06/2022,VNY,CA,AWP,WE,Towers with Radar,0,93,110,0,203,0,3,325,0,328,0,96,435,0,531,480,0,480,1011
01/07/2022,VNY,CA,AWP,WE,Towers with Radar,0,89,119,1,209,0,0,249,0,249,0,89,368,1,458,466,0,466,924
01/08/2022,VNY,CA,AWP,WE,Towers with Radar,0,99,94,0,193,0,1,296,0,297,0,100,390,0,490,424,0,424,914
01/09/2022,VNY,CA,AWP,WE,Towers with Radar,0,117,117,1,235,0,2,253,0,255,0,119,370,1,490,325,0,325,815
01/10/2022,VNY,CA,AWP,WE,Towers with Radar,0,84,96,0,180,0,0,181,0,181,0,84,277,0,361,129,0,129,490
01/11/2022,VNY,CA,AWP,WE,Towers with Radar,0,76,77,1,154,0,2,215,0,217,0,78,292,1,371,290,0,290,661
01/12/2022,VNY,CA,AWP,WE,Towers with Radar,1,69,102,0,172,0,0,279,2,281,1,69,381,2,453,352,0,352,805
01/13/2022,VNY,CA,AWP,WE,Towers with Radar,0,84,91,1,176,0,7,250,1,258,0,91,341,2,434,410,0,410,844
01/14/2022,VNY,CA,AWP,WE,Towers with Radar,0,132,135,1,268,0,3,277,0,280,0,135,412,1,548,378,0,378,926
01/15/2022,VNY,CA,AWP,WE,Towers with Radar,0,64,101,1,166,0,4,213,1,218,0,68,314,2,384,471,0,471,855
01/16/2022,VNY,CA,AWP,WE,Towers with Radar,0,83,102,0,185,0,0,343,0,343,0,83,445,0,528,458,0,458,986
01/17/2022,VNY,CA,AWP,WE,Towers with Radar,0,136,145,0,281,0,1,157,0,158,0,137,302,0,439,224,0,224,663
01/18/2022,VNY,CA,AWP,WE,Towers with Radar,0,85,139,0,224,0,1,207,0,208,0,86,346,0,432,346,0,346,778
01/19/2022,VNY,CA,AWP,WE,Towers with Radar,0,89,123,2,214,0,1,229,0,230,0,90,352,2,444,257,0,257,701
01/20/2022,VNY,CA,AWP,WE,Towers with Radar,0,96,127,0,223,0,0,261,1,262,0,96,388,1,485,180,0,180,665
01/21/2022,VNY,CA,AWP,WE,Towers with Radar,0,90,112,0,202,0,2,223,0,225,0,92,335,0,427,205,0,205,632
01/22/2022,VNY,CA,AWP,WE,Towers with Radar,0,81,77,0,158,0,4,62,0,66,0,85,139,0,224,0,0,0,224
01/23/2022,VNY,CA,AWP,WE,Towers with Radar,0,113,141,0,254,0,1,233,0,234,0,114,374,0,488,266,0,266,754
01/24/2022,VNY,CA,AWP,WE,Towers with Radar,0,84,103,0,187,0,1,315,0,316,0,85,418,0,503,426,0,426,929
01/25/2022,VNY,CA,AWP,WE,Towers with Radar,0,64,78,0,142,0,3,254,1,258,0,67,332,1,400,511,0,511,911
01/26/2022,VNY,CA,AWP,WE,Towers with Radar,0,94,99,0,193,0,2,293,1,296,0,96,392,1,489,334,0,334,823
01/27/2022,VNY,CA,AWP,WE,Towers with Radar,0,109,126,0,235,0,1,301,0,302,0,110,427,0,537,360,0,360,897
01/28/2022,VNY,CA,AWP,WE,Towers with Radar,0,98,112,0,210,0,4,282,0,286,0,102,394,0,496,245,0,245,741
01/29/2022,VNY,CA,AWP,WE,Towers with Radar,1,71,79,2,153,0,3,308,0,311,1,74,387,2,464,361,0,361,825
01/30/2022,VNY,CA,AWP,WE,Towers with Radar,0,144,119,0,263,0,4,260,0,264,0,148,379,0,527,314,0,314,841
01/31/2022,VNY,CA,AWP,WE,Towers with Radar,0,83,121,0,204,0,5,243,2,250,0,88,364,2,454,371,0,371,825
02/01/2022,VNY,CA,AWP,WE,Towers with Radar,0,72,95,0,167,0,1,186,0,187,0,73,281,0,354,365,0,365,719
02/02/2022,VNY,CA,AWP,WE,Towers with Radar,0,83,91,0,174,0,2,97,1,100,0,85,188,1,274,51,0,51,325
02/03/2022,VNY,CA,AWP,WE,Towers with Radar,0,101,95,1,197,0,1,262,2,265,0,102,357,3,462,231,0,231,693
02/04/2022,VNY,CA,AWP,WE,Towers with Radar,0,100,128,0,228,0,1,148,0,149,0,101,276,0,377,116,0,116,493
02/05/2022,VNY,CA,AWP,WE,Towers with Radar,0,63,74,0,137,0,0,317,0,317,0,63,391,0,454,471,0,471,925
02/06/2022,VNY,CA,AWP,WE,Towers with Radar,0,113,131,1,245,0,1,190,0,191,0,114,321,1,436,215,0,215,651
02/07/2022,VNY,CA,AWP,WE,Towers with Radar,0,114,105,0,219,0,3,238,0,241,0,117,343,0,460,289,0,289,749
02/08/2022,VNY,CA,AWP,WE,Towers with Radar,0,89,119,0,208,0,1,248,0,249,0,90,367,0,457,283,0,283,740
02/09/2022,VNY,CA,AWP,WE,Towers with Radar,0,93,77,0,170,0,1,218,1,220,0,94,295,1,390,133,0,133,523
02/10/2022,VNY,CA,AWP,WE,Towers with Radar,1,114,93,0,208,0,1,135,0,136,1,115,228,0,344,27,0,27,371
02/11/2022,VNY,CA,AWP,WE,Towers with Radar,0,132,107,0,239,0,2,318,1,321,0,134,425,1,560,426,0,426,986
02/12/2022,VNY,CA,AWP,WE,Towers with Radar,1,86,77,0,164,0,0,263,0,263,1,86,340,0,427,314,0,314,741
02/13/2022,VNY,CA,AWP,WE,Towers with Radar,3,108,86,0,197,0,0,140,0,140,3,108,226,0,337,146,0,146,483
02/14/2022,VNY,CA,AWP,WE,Towers with Radar,0,137,141,0,278,0,0,327,0,327,0,137,468,0,605,215,0,215,820
02/15/2022,VNY,CA,AWP,WE,Towers with Radar,2,96,131,0,229,0,3,126,0,129,2,99,257,0,358,363,0,363,721
02/16/2022,VNY,CA,AWP,WE,Towers with Radar,1,115,133,0,249,0,2,356,0,358,1,117,489,0,607,477,0,477,1084
02/17/2022,VNY,CA,AWP,WE,Towers with Radar,2,160,186,1,349,0,2,234,0,236,2,162,420,1,585,254,0,254,839
02/18/2022,VNY,CA,AWP,WE,Towers with Radar,0,136,196,0,332,0,2,267,1,270,0,138,463,1,602,479,0,479,1081
02/19/2022,VNY,CA,AWP,WE,Towers with Radar,0,102,101,0,203,0,5,330,0,335,0,107,431,0,538,368,0,368,906
02/20/2022,VNY,CA,AWP,WE,Towers with Radar,0,113,142,0,255,0,0,288,1,289,0,113,430,1,544,286,0,286,830
02/21/2022,VNY,CA,AWP,WE,Towers with Radar,1,123,190,1,315,0,3,209,0,212,1,126,399,1,527,386,0,386,913
02/22/2022,VNY,CA,AWP,WE,Towers with Radar,0,98,118,1,217,0,2,161,0,163,0,100,279,1,380,110,0,110,490
02/23/2022,VNY,CA,AWP,WE,Towers with Radar,0,124,124,0,248,0,0,248,0,248,0,124,372,0,496,78,0,78,574
02/24/2022,VNY,CA,AWP,WE,Towers with Radar,1,113,146,0,260,0,7,327,1,335,1,120,473,1,595,98,0,98,693
02/25/2022,VNY,CA,AWP,WE,Towers with Radar,0,125,163,2,290,0,3,349,0,352,0,128,512,2,642,47,0,47,689
02/26/2022,VNY,CA,AWP,WE,Towers with Radar,0,105,98,2,205,0,2,328,0,330,0,107,426,2,535,85,0,85,620
02/27/2022,VNY,CA,AWP,WE,Towers with Radar,0,139,155,0,294,0,4,256,0,260,0,143,411,0,554,128,0,128,682
02/28/2022,VNY,CA,AWP,WE,Towers with Radar,0,97,104,0,201,0,2,184,1,187,0,99,288,1,388,12,0,12,400
03/01/2022,VNY,CA,AWP,WE,Towers with Radar,0,80,111,0,191,0,1,258,1,260,0,81,369,1,451,91,0,91,542
03/02/2022,VNY,CA,AWP,WE,Towers with Radar,0,80,122,0,202,0,1,311,0,312,0,81,433,0,514,132,0,132,646
03/03/2022,VNY,CA,AWP,WE,Towers with Radar,3,111,121,0,235,0,1,283,0,284,3,112,404,0,519,129,0,129,648
03/04/2022,VNY,CA,AWP,WE,Towers with Radar,1,88,168,0,257,0,1,203,0,204,1,89,371,0,461,168,0,168,629
03/05/2022,VNY,CA,AWP,WE,Towers with Radar,0,84,84,0,168,0,1,211,1,213,0,85,295,1,381,81,0,81,462
03/06/2022,VNY,CA,AWP,WE,Towers with Radar,2,115,133,0,250,0,2,296,0,298,2,117,429,0,548,137,0,137,685
03/07/2022,VNY,CA,AWP,WE,Towers with Radar,0,98,99,0,197,0,2,250,0,252,0,100,349,0,449,205,0,205,654
03/08/2022,VNY,CA,AWP,WE,Towers with Radar,0,94,112,0,206,0,0,294,0,294,0,94,406,0,500,184,0,184,684
03/09/2022,VNY,CA,AWP,WE,Towers with Radar,0,95,146,0,241,0,0,410,1,411,0,95,556,1,652,176,0,176,828
03/10/2022,VNY,CA,AWP,WE,Towers with Radar,1,114,118,0,233,0,1,267,0,268,1,115,385,0,501,91,0,91,592
03/11/2022,VNY,CA,AWP,WE,Towers with Radar,0,135,120,0,255,0,3,267,0,270,0,138,387,0,525,70,0,70,595
03/12/2022,VNY,CA,AWP,WE,Towers with Radar,0,109,107,0,216,0,2,342,0,344,0,111,449,0,560,217,0,217,777
03/13/2022,VNY,CA,AWP,WE,Towers with Radar,1,114,136,0,251,0,2,327,1,330,1,116,463,1,581,183,0,183,764
03/14/2022,VNY,CA,AWP,WE,Towers with Radar,1,92,105,0,198,0,0,361,0,361,1,92,466,0,559,264,0,264,823
03/15/2022,VNY,CA,AWP,WE,Towers with Radar,0,88,114,0,202,0,0,349,1,350,0,88,463,1,552,288,0,288,840
03/16/2022,VNY,CA,AWP,WE,Towers with Radar,0,95,112,0,207,0,3,261,0,264,0,98,373,0,471,166,0,166,637
03/17/2022,VNY,CA,AWP,WE,Towers with Radar,1,83,123,0,207,0,3,351,1,355,1,86,474,1,562,115,0,115,677
03/18/2022,VNY,CA,AWP,WE,Towers with Radar,0,93,124,0,217,0,5,359,2,366,0,98,483,2,583,149,0,149,732
03/19/2022,VNY,CA,AWP,WE,Towers with Radar,1,87,97,2,187,0,2,258,2,262,1,89,355,4,449,85,0,85,534
03/20/2022,VNY,CA,AWP,WE,Towers with Radar,0,94,167,1,262,0,4,214,0,218,0,98,381,1,480,61,0,61,541
03/21/2022,VNY,CA,AWP,WE,Towers with Radar,1,116,119,0,236,0,4,232,1,237,1,120,351,1,473,89,0,89,562
03/22/2022,VNY,CA,AWP,WE,Towers with Radar,1,85,136,1,223,0,3,298,0,301,1,88,434,1,524,264,0,264,788
03/23/2022,VNY,CA,AWP,WE,Towers with Radar,0,89,101,0,190,0,2,350,0,352,0,91,451,0,542,136,0,136,678
03/24/2022,VNY,CA,AWP,WE,Towers with Radar,0,116,157,2,275,0,1,331,0,332,0,117,488,2,607,90,0,90,697
03/25/2022,VNY,CA,AWP,WE,Towers with Radar,0,92,139,0,231,0,1,366,1,368,0,93,505,1,599,210,0,210,809
03/26/2022,VNY,CA,AWP,WE,Towers with Radar,0,75,129,0,204,0,1,346,3,350,0,76,475,3,554,220,0,220,774
03/27/2022,VNY,CA,AWP,WE,Towers with Radar,0,100,186,0,286,0,2,219,1,222,0,102,405,1,508,192,0,192,700
03/28/2022,VNY,CA,AWP,WE,Towers with Radar,0,106,137,0,243,0,0,52,3,55,0,106,189,3,298,14,0,14,312
03/29/2022,VNY,CA,AWP,WE,Towers with Radar,1,100,123,0,224,0,4,308,2,314,1,104,431,2,538,110,0,110,648
03/30/2022,VNY,CA,AWP,WE,Towers with Radar,1,96,115,0,212,0,1,291,1,293,1,97,406,1,505,188,0,188,693
03/31/2022,VNY,CA,AWP,WE,Towers with Radar,1,108,154,4,267,0,0,235,1,236,1,108,389,5,503,231,0,231,734
04/01/2022,VNY,CA,AWP,WE,Towers with Radar,0,111,143,0,254,0,2,312,2,316,0,113,455,2,570,164,0,164,734
04/02/2022,VNY,CA,AWP,WE,Towers with Radar,2,105,138,1,246,0,0,96,1,97,2,105,234,2,343,82,0,82,425
04/03/2022,VNY,CA,AWP,WE,Towers with Radar,0,109,158,0,267,0,3,201,0,204,0,112,359,0,471,201,0,201,672
04/04/2022,VNY,CA,AWP,WE,Towers with Radar,1,82,151,0,234,0,1,213,2,216,1,83,364,2,450,105,0,105,555
04/05/2022,VNY,CA,AWP,WE,Towers with Radar,0,77,118,0,195,0,0,193,0,193,0,77,311,0,388,46,0,46,434
04/06/2022,VNY,CA,AWP,WE,Towers with Radar,0,109,119,0,228,0,4,323,1,328,0,113,442,1,556,111,0,111,667
04/07/2022,VNY,CA,AWP,WE,Towers with Radar,0,116,130,0,246,0,1,266,1,268,0,117,396,1,514,183,0,183,697
04/08/2022,VNY,CA,AWP,WE,Towers with Radar,0,89,134,0,223,0,2,331,2,335,0,91,465,2,558,70,0,70,628
04/09/2022,VNY,CA,AWP,WE,Towers with Radar,1,105,108,1,215,0,2,323,4,329,1,107,431,5,544,96,0,96,640
04/10/2022,VNY,CA,AWP,WE,Towers with Radar,0,129,142,0,271,0,1,269,0,270,0,130,411,0,541,87,0,87,628
04/11/2022,VNY,CA,AWP,WE,Towers with Radar,1,109,118,0,228,0,1,170,1,172,1,110,288,1,400,201,0,201,601
04/12/2022,VNY,CA,AWP,WE,Towers with Radar,0,96,80,0,176,0,0,135,1,136,0,96,215,1,312,50,0,50,362
04/13/2022,VNY,CA,AWP,WE,Towers with Radar,0,79,105,0,184,0,0,302,0,302,0,79,407,0,486,146,0,146,632
04/14/2022,VNY,CA,AWP,WE,Towers with Radar,1,103,149,0,253,0,1,371,0,372,1,104,520,0,625,208,0,208,833
04/15/2022,VNY,CA,AWP,WE,Towers with Radar,0,120,136,0,256,0,2,356,0,358,0,122,492,0,614,162,0,162,776
04/16/2022,VNY,CA,AWP,WE,Towers with Radar,0,88,98,0,186,0,2,209,1,212,0,90,307,1,398,241,0,241,639
04/17/2022,VNY,CA,AWP,WE,Towers with Radar,1,110,92,0,203,0,1,218,0,219,1,111,310,0,422,204,0,204,626
04/18/2022,VNY,CA,AWP,WE,Towers with Radar,0,103,168,0,271,0,4,348,0,352,0,107,516,0,623,143,0,143,766
04/19/2022,VNY,CA,AWP,WE,Towers with Radar,2,108,121,0,231,0,1,278,1,280,2,109,399,1,511,200,0,200,711
04/20/2022,VNY,CA,AWP,WE,Towers with Radar,0,85,143,0,228,0,0,290,1,291,0,85,433,1,519,148,0,148,667
04/21/2022,VNY,CA,AWP,WE,Towers with Radar,0,112,125,2,239,0,5,277,1,283,0,117,402,3,522,215,0,215,737
04/22/2022,VNY,CA,AWP,WE,Towers with Radar,1,94,139,0,234,0,2,233,2,237,1,96,372,2,471,209,0,209,680
04/23/2022,VNY,CA,AWP,WE,Towers with Radar,0,85,93,0,178,0,2,283,3,288,0,87,376,3,466,96,0,96,562
04/24/2022,VNY,CA,AWP,WE,Towers with Radar,0,115,147,0,262,0,1,231,7,239,0,116,378,7,501,85,0,85,586
04/25/2022,VNY,CA,AWP,WE,Towers with Radar,0,82,133,1,216,0,3,275,0,278,0,85,408,1,494,84,0,84,578
04/26/2022,VNY,CA,AWP,WE,Towers with Radar,2,76,124,0,202,0,0,388,1,389,2,76,512,1,591,205,0,205,796
04/27/2022,VNY,CA,AWP,WE,Towers with Radar,0,102,155,0,257,0,0,344,2,346,0,102,499,2,603,150,0,150,753
04/28/2022,VNY,CA,AWP,WE,Towers with Radar,0,100,184,1,285,0,1,234,1,236,0,101,418,2,521,110,0,110,631
04/29/2022,VNY,CA,AWP,WE,Towers with Radar,0,103,153,0,256,0,1,325,4,330,0,104,478,4,586,210,0,210,796
04/30/2022,VNY,CA,AWP,WE,Towers with Radar,0,85,101,0,186,0,2,281,0,283,0,87,382,0,469,143,0,143,612
05/01/2022,VNY,CA,AWP,WE,Towers with Radar,0,142,163,0,305,0,2,286,0,288,0,144,449,0,593,63,0,63,656
05/02/2022,VNY,CA,AWP,WE,Towers with Radar,0,120,133,0,253,0,2,224,0,226,0,122,357,0,479,218,0,218,697
05/03/2022,VNY,CA,AWP,WE,Towers with Radar,1,103,111,0,215,0,0,273,0,273,1,103,384,0,488,207,0,207,695
05/04/2022,VNY,CA,AWP,WE,Towers with Radar,0,126,132,0,258,0,0,300,0,300,0,126,432,0,558,108,0,108,666
05/05/2022,VNY,CA,AWP,WE,Towers with Radar,1,112,134,0,247,0,0,327,1,328,1,112,461,1,575,158,0,158,733
05/06/2022,VNY,CA,AWP,WE,Towers with Radar,0,84,100,0,184,0,3,389,0,392,0,87,489,0,576,202,0,202,778
05/07/2022,VNY,CA,AWP,WE,Towers with Radar,0,70,77,0,147,0,1,305,1,307,0,71,382,1,454,151,0,151,605
05/08/2022,VNY,CA,AWP,WE,Towers with Radar,0,85,99,0,184,0,1,190,0,191,0,86,289,0,375,193,0,193,568
05/09/2022,VNY,CA,AWP,WE,Towers with Radar,0,91,114,0,205,0,1,258,1,260,0,92,372,1,465,201,0,201,666
05/10/2022,VNY,CA,AWP,WE,Towers with Radar,0,94,104,0,198,0,3,332,0,335,0,97,436,0,533,201,0,201,734
05/11/2022,VNY,CA,AWP,WE,Towers with Radar,0,87,102,0,189,0,1,192,1,194,0,88,294,1,383,74,0,74,457
05/12/2022,VNY,CA,AWP,WE,Towers with Radar,0,101,135,0,236,0,3,329,0,332,0,104,464,0,568,88,0,88,656
05/13/2022,VNY,CA,AWP,WE,Towers with Radar,0,91,115,0,206,0,5,334,3,342,0,96,449,3,548,181,0,181,729
05/14/2022,VNY,CA,AWP,WE,Towers with Radar,1,71,102,0,174,0,0,344,0,344,1,71,446,0,518,291,0,291,809
05/15/2022,VNY,CA,AWP,WE,Towers with Radar,0,131,168,0,299,0,2,260,1,263,0,133,428,1,562,78,0,78,640
05/16/2022,VNY,CA,AWP,WE,Towers with Radar,0,88,123,0,211,0,1,250,0,251,0,89,373,0,462,148,0,148,610
05/17/2022,VNY,CA,AWP,WE,Towers with Radar,0,97,120,0,217,0,2,269,0,271,0,99,389,0,488,243,0,243,731
05/18/2022,VNY,CA,AWP,WE,Towers with Radar,1,103,120,0,224,0,2,250,3,255,1,105,370,3,479,99,0,99,578
05/19/2022,VNY,CA,AWP,WE,Towers with Radar,0,125,139,1,265,0,0,187,0,187,0,125,326,1,452,116,0,116,568
05/20/2022,VNY,CA,AWP,WE,Towers with Radar,1,108,163,0,272,0,1,155,1,157,1,109,318,1,429,194,0,194,623
05/21/2022,VNY,CA,AWP,WE,Towers with Radar,0,63,89,0,152,0,1,250,1,252,0,64,339,1,404,234,0,234,638
05/22/2022,VNY,CA,AWP,WE,Towers with Radar,0,115,134,0,249,0,2,270,1,273,0,117,404,1,522,131,0,131,653
05/23/2022,VNY,CA,AWP,WE,Towers with Radar,0,96,119,0,215,0,1,238,2,241,0,97,357,2,456,187,0,187,643
05/24/2022,VNY,CA,AWP,WE,Towers with Radar,0,83,130,0,213,0,5,302,0,307,0,88,432,0,520,208,0,208,728
05/25/2022,VNY,CA,AWP,WE,Towers with Radar,0,85,120,0,205,0,1,284,3,288,0,86,404,3,493,159,0,159,652
05/26/2022,VNY,CA,AWP,WE,Towers with Radar,0,111,131,0,242,0,1,312,1,314,0,112,443,1,556,93,0,93,649
05/27/2022,VNY,CA,AWP,WE,Towers with Radar,0,106,142,0,248,0,2,283,0,285,0,108,425,0,533,158,0,158,691
05/28/2022,VNY,CA,AWP,WE,Towers with Radar,0,57,80,0,137,0,0,186,2,188,0,57,266,2,325,260,0,260,585
05/29/2022,VNY,CA,AWP,WE,Towers with Radar,0,61,79,0,140,0,3,235,0,238,0,64,314,0,378,80,0,80,458
05/30/2022,VNY,CA,AWP,WE,Towers with Radar,1,105,143,0,249,0,1,216,3,220,1,106,359,3,469,161,0,161,630
05/31/2022,VNY,CA,AWP,WE,Towers with Radar,0,94,107,1,202,0,1,297,0,298,0,95,404,1,500,208,0,208,708
06/01/2022,VNY,CA,AWP,WE,Towers with Radar,0,85,89,0,174,0,2,292,0,294,0,87,381,0,468,207,0,207,675
06/02/2022,VNY,CA,AWP,WE,Towers with Radar,1,83,120,0,204,0,5,316,0,321,1,88,436,0,525,205,0,205,730
06/03/2022,VNY,CA,AWP,WE,Towers with Radar,0,102,112,0,214,0,3,232,0,235,0,105,344,0,449,166,0,166,615
06/04/2022,VNY,CA,AWP,WE,Towers with Radar,0,60,87,0,147,0,2,174,0,176,0,62,261,0,323,175,0,175,498
06/05/2022,VNY,CA,AWP,WE,Towers with Radar,1,112,105,0,218,0,4,244,1,249,1,116,349,1,467,181,0,181,648
06/06/2022,VNY,CA,AWP,WE,Towers with Radar,0,88,117,2,207,0,3,251,0,254,0,91,368,2,461,145,0,145,606
06/07/2022,VNY,CA,AWP,WE,Towers with Radar,0,90,126,0,216,0,8,261,6,275,0,98,387,6,491,168,0,168,659
06/08/2022,VNY,CA,AWP,WE,Towers with Radar,0,109,160,0,269,0,1,93,0,94,0,110,253,0,363,38,0,38,401
06/09/2022,VNY,CA,AWP,WE,Towers with Radar,0,139,153,0,292,0,3,74,1,78,0,142,227,1,370,2,0,2,372
06/10/2022,VNY,CA,AWP,WE,Towers with Radar,0,95,119,0,214,0,5,78,0,83,0,100,197,0,297,0,0,0,297
06/11/2022,VNY,CA,AWP,WE,Towers with Radar,0,80,126,0,206,0,4,251,0,255,0,84,377,0,461,94,0,94,555
06/12/2022,VNY,CA,AWP,WE,Towers with Radar,0,121,163,0,284,0,5,323,0,328,0,126,486,0,612,195,0,195,807
06/13/2022,VNY,CA,AWP,WE,Towers with Radar,2,103,131,0,236,0,0,319,0,319,2,103,450,0,555,204,0,204,759
06/14/2022,VNY,CA,AWP,WE,Towers with Radar,0,75,111,0,186,0,4,395,0,399,0,79,506,0,585,242,0,242,827
06/15/2022,VNY,CA,AWP,WE,Towers with Radar,0,108,118,1,227,0,5,335,4,344,0,113,453,5,571,191,0,191,762
06/16/2022,VNY,CA,AWP,WE,Towers with Radar,0,115,123,0,238,0,2,308,0,310,0,117,431,0,548,127,0,127,675
06/17/2022,VNY,CA,AWP,WE,Towers with Radar,1,106,131,0,238,0,1,268,1,270,1,107,399,1,508,142,0,142,650
06/18/2022,VNY,CA,AWP,WE,Towers with Radar,0,60,101,0,161,0,2,339,1,342,0,62,440,1,503,190,0,190,693
06/19/2022,VNY,CA,AWP,WE,Towers with Radar,0,99,103,0,202,0,2,296,0,298,0,101,399,0,500,160,0,160,660
06/20/2022,VNY,CA,AWP,WE,Towers with Radar,0,97,109,0,206,0,0,357,0,357,0,97,466,0,563,275,0,275,838
06/21/2022,VNY,CA,AWP,WE,Towers with Radar,0,81,96,0,177,0,2,332,1,335,0,83,428,1,512,384,0,384,896
06/22/2022,VNY,CA,AWP,WE,Towers with Radar,1,89,95,0,185,0,1,178,0,179,1,90,273,0,364,330,0,330,694
06/23/2022,VNY,CA,AWP,WE,Towers with Radar,2,107,109,0,218,0,2,361,0,363,2,109,470,0,581,255,0,255,836
06/24/2022,VNY,CA,AWP,WE,Towers with Radar,0,96,124,1,221,0,2,382,2,386,0,98,506,3,607,194,0,194,801
06/25/2022,VNY,CA,AWP,WE,Towers with Radar,0,64,81,0,145,0,0,358,0,358,0,64,439,0,503,298,0,298,801
06/26/2022,VNY,CA,AWP,WE,Towers with Radar,0,113,139,1,253,0,3,301,1,305,0,116,440,2,558,239,0,239,797
06/27/2022,VNY,CA,AWP,WE,Towers with Radar,1,81,99,0,181,0,2,322,0,324,1,83,421,0,505,180,0,180,685
06/28/2022,VNY,CA,AWP,WE,Towers with Radar,0,73,83,0,156,0,0,323,0,323,0,73,406,0,479,321,0,321,800
06/29/2022,VNY,CA,AWP,WE,Towers with Radar,1,95,103,0,199,0,1,372,2,375,1,96,475,2,574,330,0,330,904
06/30/2022,VNY,CA,AWP,WE,Towers with Radar,0,119,110,0,229,0,2,323,0,325,0,121,433,0,554,273,0,273,827
07/01/2022,VNY,CA,AWP,WE,Towers with Radar,1,113,137,0,251,0,0,314,0,314,1,113,451,0,565,242,0,242,807
07/02/2022,VNY,CA,AWP,WE,Towers with Radar,0,84,79,0,163,0,0,329,5,334,0,84,408,5,497,267,0,267,764
07/03/2022,VNY,CA,AWP,WE,Towers with Radar,0,75,86,0,161,0,2,237,3,242,0,77,323,3,403,386,0,386,789
07/04/2022,VNY,CA,AWP,WE,Towers with Radar,0,64,54,0,118,0,7,270,11,288,0,71,324,11,406,344,0,344,750
07/05/2022,VNY,CA,AWP,WE,Towers with Radar,0,113,124,0,237,0,1,295,4,300,0,114,419,4,537,239,0,239,776
07/06/2022,VNY,CA,AWP,WE,Towers with Radar,0,84,99,0,183,0,4,286,2,292,0,88,385,2,475,343,0,343,818
07/07/2022,VNY,CA,AWP,WE,Towers with Radar,1,78,89,0,168,0,3,289,1,293,1,81,378,1,461,196,0,196,657
07/08/2022,VNY,CA,AWP,WE,Towers with Radar,0,83,121,0,204,0,2,359,2,363,0,85,480,2,567,231,0,231,798
07/09/2022,VNY,CA,AWP,WE,Towers with Radar,0,93,90,1,184,0,3,323,3,329,0,96,413,4,513,272,0,272,785
07/10/2022,VNY,CA,AWP,WE,Towers with Radar,0,104,99,0,203,0,0,306,2,308,0,104,405,2,511,269,0,269,780
07/11/2022,VNY,CA,AWP,WE,Towers with Radar,0,96,102,0,198,0,1,280,0,281,0,97,382,0,479,337,0,337,816
07/12/2022,VNY,CA,AWP,WE,Towers with Radar,0,71,82,0,153,0,4,275,0,279,0,75,357,0,432,274,0,274,706
07/13/2022,VNY,CA,AWP,WE,Towers with Radar,0,91,96,0,187,0,0,293,0,293,0,91,389,0,480,209,0,209,689
07/14/2022,VNY,CA,AWP,WE,Towers with Radar,0,102,135,0,237,0,4,406,0,410,0,106,541,0,647,244,0,244,891
07/15/2022,VNY,CA,AWP,WE,Towers with Radar,0,77,127,0,204,0,3,404,0,407,0,80,531,0,611,202,0,202,813
07/16/2022,VNY,CA,AWP,WE,Towers with Radar,0,70,85,0,155,0,1,334,0,335,0,71,419,0,490,225,0,225,715
07/17/2022,VNY,CA,AWP,WE,Towers with Radar,0,107,141,0,248,0,10,299,0,309,0,117,440,0,557,333,0,333,890
07/18/2022,VNY,CA,AWP,WE,Towers with Radar,0,79,87,0,166,0,1,307,1,309,0,80,394,1,475,343,0,343,818
07/19/2022,VNY,CA,AWP,WE,Towers with Radar,0,65,89,0,154,0,2,364,1,367,0,67,453,1,521,352,0,352,873
07/20/2022,VNY,CA,AWP,WE,Towers with Radar,0,93,112,0,205,0,3,380,2,385,0,96,492,2,590,239,0,239,829
07/21/2022,VNY,CA,AWP,WE,Towers with Radar,0,96,125,0,221,0,0,322,2,324,0,96,447,2,545,273,0,273,818
07/22/2022,VNY,CA,AWP,WE,Towers with Radar,0,100,105,1,206,0,1,351,2,354,0,101,456,3,560,324,0,324,884
07/23/2022,VNY,CA,AWP,WE,Towers with Radar,0,73,96,0,169,0,2,281,2,285,0,75,377,2,454,215,0,215,669
07/24/2022,VNY,CA,AWP,WE,Towers with Radar,1,123,138,0,262,0,1,233,0,234,1,124,371,0,496,254,0,254,750
07/25/2022,VNY,CA,AWP,WE,Towers with Radar,0,111,104,1,216,0,1,260,1,262,0,112,364,2,478,204,0,204,682
07/26/2022,VNY,CA,AWP,WE,Towers with Radar,21,83,147,0,251,0,2,344,0,346,21,85,491,0,597,317,0,317,914
07/27/2022,VNY,CA,AWP,WE,Towers with Radar,0,85,106,0,191,0,2,347,0,349,0,87,453,0,540,301,0,301,841
07/28/2022,VNY,CA,AWP,WE,Towers with Radar,0,105,109,0,214,0,3,371,1,375,0,108,480,1,589,208,0,208,797
07/29/2022,VNY,CA,AWP,WE,Towers with Radar,0,88,94,0,182,0,3,348,2,353,0,91,442,2,535,231,0,231,766
07/30/2022,VNY,CA,AWP,WE,Towers with Radar,0,77,75,0,152,0,1,305,0,306,0,78,380,0,458,188,0,188,646
07/31/2022,VNY,CA,AWP,WE,Towers with Radar,1,126,125,0,252,0,4,267,1,272,1,130,392,1,524,270,0,270,794
08/01/2022,VNY,CA,AWP,WE,Towers with Radar,0,85,114,0,199,0,1,261,0,262,0,86,375,0,461,329,0,329,790
08/02/2022,VNY,CA,AWP,WE,Towers with Radar,0,69,91,1,161,0,2,366,1,369,0,71,457,2,530,328,0,328,858
08/03/2022,VNY,CA,AWP,WE,Towers with Radar,0,71,105,0,176,0,1,383,1,385,0,72,488,1,561,361,0,361,922
08/04/2022,VNY,CA,AWP,WE,Towers with Radar,0,103,112,1,216,0,2,368,1,371,0,105,480,2,587,276,0,276,863
08/05/2022,VNY,CA,AWP,WE,Towers with Radar,1,96,129,2,228,0,2,322,0,324,1,98,451,2,552,212,0,212,764
08/06/2022,VNY,CA,AWP,WE,Towers with Radar,0,108,73,0,181,0,0,268,0,268,0,108,341,0,449,359,0,359,808
08/07/2022,VNY,CA,AWP,WE,Towers with Radar,1,101,130,0,232,0,3,277,0,280,1,104,407,0,512,466,0,466,978
08/08/2022,VNY,CA,AWP,WE,Towers with Radar,0,83,110,0,193,0,1,274,3,278,0,84,384,3,471,607,0,607,1078
08/09/2022,VNY,CA,AWP,WE,Towers with Radar,0,76,114,0,190,0,1,327,2,330,0,77,441,2,520,613,0,613,1133
08/10/2022,VNY,CA,AWP,WE,Towers with Radar,0,77,114,3,194,0,4,314,2,320,0,81,428,5,514,534,0,534,1048
08/11/2022,VNY,CA,AWP,WE,Towers with Radar,0,116,105,0,221,0,0,308,0,308,0,116,413,0,529,578,0,578,1107
08/12/2022,VNY,CA,AWP,WE,Towers with Radar,1,100,80,1,182,0,2,329,0,331,1,102,409,1,513,438,0,438,951
08/13/2022,VNY,CA,AWP,WE,Towers with Radar,2,93,78,0,173,0,1,346,0,347,2,94,424,0,520,377,0,377,897
08/14/2022,VNY,CA,AWP,WE,Towers with Radar,0,160,143,0,303,0,2,337,2,341,0,162,480,2,644,454,0,454,1098
08/15/2022,VNY,CA,AWP,WE,Towers with Radar,0,109,110,1,220,0,3,295,0,298,0,112,405,1,518,485,0,485,1003
08/16/2022,VNY,CA,AWP,WE,Towers with Radar,0,86,96,0,182,0,3,332,1,336,0,89,428,1,518,438,0,438,956
08/17/2022,VNY,CA,AWP,WE,Towers with Radar,0,108,109,1,218,0,0,322,0,322,0,108,431,1,540,552,0,552,1092
08/18/2022,VNY,CA,AWP,WE,Towers with Radar,0,108,106,1,215,0,0,324,2,326,0,108,430,3,541,411,0,411,952
08/19/2022,VNY,CA,AWP,WE,Towers with Radar,0,111,113,1,225,0,6,272,1,279,0,117,385,2,504,403,0,403,907
08/20/2022,VNY,CA,AWP,WE,Towers with Radar,0,81,83,1,165,0,2,325,2,329,0,83,408,3,494,486,0,486,980
08/21/2022,VNY,CA,AWP,WE,Towers with Radar,2,149,150,1,302,0,5,236,1,242,2,154,386,2,544,427,0,427,971
08/22/2022,VNY,CA,AWP,WE,Towers with Radar,0,97,114,0,211,0,1,252,0,253,0,98,366,0,464,485,0,485,949
08/23/2022,VNY,CA,AWP,WE,Towers with Radar,1,7,18,0,26,0,0,332,1,333,1,7,350,1,359,513,0,513,872
08/24/2022,VNY,CA,AWP,WE,Towers with Radar,0,6,8,0,14,0,1,311,2,314,0,7,319,2,328,534,0,534,862
08/25/2022,VNY,CA,AWP,WE,Towers with Radar,0,110,113,0,223,0,0,313,3,316,0,110,426,3,539,518,0,518,1057
08/26/2022,VNY,CA,AWP,WE,Towers with Radar,0,87,81,0,168,0,2,398,0,400,0,89,479,0,568,539,0,539,1107
08/27/2022,VNY,CA,AWP,WE,Towers with Radar,0,59,68,0,127,0,3,313,1,317,0,62,381,1,444,582,0,582,1026
08/28/2022,VNY,CA,AWP,WE,Towers with Radar,0,80,130,0,210,0,0,273,1,274,0,80,403,1,484,314,0,314,798
08/29/2022,VNY,CA,AWP,WE,Towers with Radar,0,82,102,2,186,0,1,333,3,337,0,83,435,5,523,391,0,391,914
08/30/2022,VNY,CA,AWP,WE,Towers with Radar,0,3,14,0,17,0,1,311,2,314,0,4,325,2,331,415,0,415,746
08/31/2022,VNY,CA,AWP,WE,Towers with Radar,0,3,16,0,19,0,3,376,0,379,0,6,392,0,398,291,0,291,689
09/01/2022,VNY,CA,AWP,WE,Towers with Radar,0,108,91,0,199,0,10,290,4,304,0,118,381,4,503,246,0,246,749
09/02/2022,VNY,CA,AWP,WE,Towers with Radar,0,88,123,4,215,0,0,295,2,297,0,88,418,6,512,368,0,368,880
09/03/2022,VNY,CA,AWP,WE,Towers with Radar,0,47,54,1,102,0,2,257,1,260,0,49,311,2,362,278,0,278,640
09/04/2022,VNY,CA,AWP,WE,Towers with Radar,0,62,71,0,133,0,0,192,0,192,0,62,263,0,325,286,0,286,611
09/05/2022,VNY,CA,AWP,WE,Towers with Radar,0,112,109,0,221,0,6,248,0,254,0,118,357,0,475,411,0,411,886
09/06/2022,VNY,CA,AWP,WE,Towers with Radar,0,71,114,0,185,0,1,241,2,244,0,72,355,2,429,359,0,359,788
09/07/2022,VNY,CA,AWP,WE,Towers with Radar,0,83,104,2,189,0,1,291,0,292,0,84,395,2,481,483,0,483,964
09/08/2022,VNY,CA,AWP,WE,Towers with Radar,0,97,126,0,223,0,5,284,2,291,0,102,410,2,514,547,0,547,1061
09/09/2022,VNY,CA,AWP,WE,Towers with Radar,1,107,122,2,232,0,4,198,1,203,1,111,320,3,435,174,0,174,609
09/10/2022,VNY,CA,AWP,WE,Towers with Radar,1,81,97,0,179,0,1,155,0,156,1,82,252,0,335,294,0,294,629
09/11/2022,VNY,CA,AWP,WE,Towers with Radar,0,123,145,0,268,0,0,248,1,249,0,123,393,1,517,357,0,357,874
09/12/2022,VNY,CA,AWP,WE,Towers with Radar,1,94,97,0,192,0,1,277,0,278,1,95,374,0,470,501,0,501,971
09/13/2022,VNY,CA,AWP,WE,Towers with Radar,0,93,94,0,187,0,3,384,3,390,0,96,478,3,577,515,0,515,1092
09/14/2022,VNY,CA,AWP,WE,Towers with Radar,0,87,116,0,203,0,0,250,1,251,0,87,366,1,454,508,0,508,962
09/15/2022,VNY,CA,AWP,WE,Towers with Radar,0,89,124,0,213,0,2,306,1,309,0,91,430,1,522,637,0,637,1159
09/16/2022,VNY,CA,AWP,WE,Towers with Radar,0,107,102,0,209,0,1,384,0,385,0,108,486,0,594,343,0,343,937
09/17/2022,VNY,CA,AWP,WE,Towers with Radar,0,94,91,0,185,0,0,295,0,295,0,94,386,0,480,603,0,603,1083
09/18/2022,VNY,CA,AWP,WE,Towers with Radar,1,133,151,0,285,0,2,294,0,296,1,135,445,0,581,579,0,579,1160
09/19/2022,VNY,CA,AWP,WE,Towers with Radar,0,95,101,0,196,0,2,254,2,258,0,97,355,2,454,301,0,301,755
09/20/2022,VNY,CA,AWP,WE,Towers with Radar,0,82,126,0,208,0,2,292,0,294,0,84,418,0,502,611,0,611,1113
09/21/2022,VNY,CA,AWP,WE,Towers with Radar,0,83,99,2,184,0,0,284,1,285,0,83,383,3,469,484,0,484,953
09/22/2022,VNY,CA,AWP,WE,Towers with Radar,0,110,146,1,257,0,1,352,0,353,0,111,498,1,610,554,0,554,1164
09/23/2022,VNY,CA,AWP,WE,Towers with Radar,0,115,124,0,239,0,2,405,0,407,0,117,529,0,646,402,0,402,1048
09/24/2022,VNY,CA,AWP,WE,Towers with Radar,0,107,75,0,182,0,2,363,0,365,0,109,438,0,547,554,0,554,1101
09/25/2022,VNY,CA,AWP,WE,Towers with Radar,1,102,98,2,203,0,1,288,0,289,1,103,386,2,492,366,0,366,858
09/26/2022,VNY,CA,AWP,WE,Towers with Radar,0,84,98,0,182,0,2,310,0,312,0,86,408,0,494,430,0,430,924
09/27/2022,VNY,CA,AWP,WE,Towers with Radar,0,94,84,0,178,0,3,321,1,325,0,97,405,1,503,448,0,448,951
09/28/2022,VNY,CA,AWP,WE,Towers with Radar,0,90,95,0,185,0,1,330,0,331,0,91,425,0,516,475,0,475,991
09/29/2022,VNY,CA,AWP,WE,Towers with Radar,1,91,126,0,218,0,0,316,3,319,1,91,442,3,537,558,0,558,1095
09/30/2022,VNY,CA,AWP,WE,Towers with Radar,0,111,116,0,227,0,4,288,1,293,0,115,404,1,520,433,0,433,953
10/01/2022,VNY,CA,AWP,WE,Towers with Radar,0,94,102,0,196,0,2,287,0,289,0,96,389,0,485,545,0,545,1030
10/02/2022,VNY,CA,AWP,WE,Towers with Radar,0,112,134,0,246,0,0,279,1,280,0,112,413,1,526,358,0,358,884
10/03/2022,VNY,CA,AWP,WE,Towers with Radar,0,71,86,0,157,0,0,301,2,303,0,71,387,2,460,621,0,621,1081
10/04/2022,VNY,CA,AWP,WE,Towers with Radar,0,70,95,0,165,0,2,401,2,405,0,72,496,2,570,543,0,543,1113
10/05/2022,VNY,CA,AWP,WE,Towers with Radar,0,75,76,0,151,0,1,276,2,279,0,76,352,2,430,564,0,564,994
10/06/2022,VNY,CA,AWP,WE,Towers with Radar,0,100,110,1,211,0,3,248,1,252,0,103,358,2,463,388,0,388,851
10/07/2022,VNY,CA,AWP,WE,Towers with Radar,0,99,118,0,217,0,3,307,3,313,0,102,425,3,530,454,0,454,984
10/08/2022,VNY,CA,AWP,WE,Towers with Radar,0,58,62,1,121,0,0,294,0,294,0,58,356,1,415,476,0,476,891
10/09/2022,VNY,CA,AWP,WE,Towers with Radar,2,112,121,0,235,0,0,256,2,258,2,112,377,2,493,359,0,359,852
10/10/2022,VNY,CA,AWP,WE,Towers with Radar,0,77,122,0,199,0,3,215,0,218,0,80,337,0,417,383,0,383,800
10/11/2022,VNY,CA,AWP,WE,Towers with Radar,0,95,100,1,196,0,3,242,0,245,0,98,342,1,441,428,0,428,869
10/12/2022,VNY,CA,AWP,WE,Towers with Radar,0,105,120,0,225,0,2,98,0,100,0,107,218,0,325,118,0,118,443
10/13/2022,VNY,CA,AWP,WE,Towers with Radar,0,119,126,1,246,0,3,57,1,61,0,122,183,2,307,0,0,0,307
10/14/2022,VNY,CA,AWP,WE,Towers with Radar,0,114,135,0,249,0,3,130,0,133,0,117,265,0,382,220,0,220,602
10/15/2022,VNY,CA,AWP,WE,Towers with Radar,0,66,81,0,147,0,0,144,0,144,0,66,225,0,291,262,0,262,553
10/16/2022,VNY,CA,AWP,WE,Towers with Radar,1,118,146,0,265,0,1,216,2,219,1,119,362,2,484,387,0,387,871
10/17/2022,VNY,CA,AWP,WE,Towers with Radar,0,87,98,0,185,0,2,250,0,252,0,89,348,0,437,403,0,403,840
10/18/2022,VNY,CA,AWP,WE,Towers with Radar,1,85,106,0,192,0,0,317,2,319,1,85,423,2,511,451,0,451,962
10/19/2022,VNY,CA,AWP,WE,Towers with Radar,0,104,117,0,221,0,2,308,4,314,0,106,425,4,535,404,0,404,939
10/20/2022,VNY,CA,AWP,WE,Towers with Radar,0,115,125,0,240,0,7,339,1,347,0,122,464,1,587,471,0,471,1058
10/21/2022,VNY,CA,AWP,WE,Towers with Radar,0,83,113,0,196,0,0,311,2,313,0,83,424,2,509,501,0,501,1010
10/22/2022,VNY,CA,AWP,WE,Towers with Radar,0,73,100,0,173,0,0,169,2,171,0,73,269,2,344,408,0,408,752
10/23/2022,VNY,CA,AWP,WE,Towers with Radar,1,131,108,0,240,0,1,296,1,298,1,132,404,1,538,340,0,340,878
10/24/2022,VNY,CA,AWP,WE,Towers with Radar,1,89,95,0,185,0,0,297,0,297,1,89,392,0,482,332,0,332,814
10/25/2022,VNY,CA,AWP,WE,Towers with Radar,0,84,80,0,164,0,3,343,0,346,0,87,423,0,510,406,0,406,916
10/26/2022,VNY,CA,AWP,WE,Towers with Radar,3,88,95,0,186,0,4,406,1,411,3,92,501,1,597,571,0,571,1168
10/27/2022,VNY,CA,AWP,WE,Towers with Radar,1,111,127,0,239,0,0,346,1,347,1,111,473,1,586,498,0,498,1084
10/28/2022,VNY,CA,AWP,WE,Towers with Radar,0,85,111,2,198,0,1,401,2,404,0,86,512,4,602,342,0,342,944
10/29/2022,VNY,CA,AWP,WE,Towers with Radar,2,73,59,0,134,0,6,340,2,348,2,79,399,2,482,301,0,301,783
10/30/2022,VNY,CA,AWP,WE,Towers with Radar,0,77,102,0,179,0,3,301,0,304,0,80,403,0,483,187,0,187,670
10/31/2022,VNY,CA,AWP,WE,Towers with Radar,0,57,84,0,141,0,0,236,0,236,0,57,320,0,377,394,0,394,771
11/01/2022,VNY,CA,AWP,WE,Towers with Radar,1,99,123,0,223,0,0,215,1,216,1,99,338,1,439,502,0,502,941
11/02/2022,VNY,CA,AWP,WE,Towers with Radar,2,67,113,0,182,0,3,224,0,227,2,70,337,0,409,389,0,389,798
11/03/2022,VNY,CA,AWP,WE,Towers with Radar,1,119,132,0,252,0,6,245,0,251,1,125,377,0,503,247,0,247,750
11/04/2022,VNY,CA,AWP,WE,Towers with Radar,1,119,117,2,239,0,2,305,0,307,1,121,422,2,546,316,0,316,862
11/05/2022,VNY,CA,AWP,WE,Towers with Radar,0,86,76,0,162,0,2,342,4,348,0,88,418,4,510,483,0,483,993
11/06/2022,VNY,CA,AWP,WE,Towers with Radar,2,128,143,1,274,0,1,288,0,289,2,129,431,1,563,354,0,354,917
11/07/2022,VNY,CA,AWP,WE,Towers with Radar,1,82,86,0,169,0,0,25,0,25,1,82,111,0,194,8,0,8,202
11/08/2022,VNY,CA,AWP,WE,Towers with Radar,1,83,98,0,182,0,0,48,0,48,1,83,146,0,230,6,0,6,236
11/09/2022,VNY,CA,AWP,WE,Towers with Radar,0,79,84,0,163,0,2,328,0,330,0,81,412,0,493,539,0,539,1032
11/10/2022,VNY,CA,AWP,WE,Towers with Radar,5,117,111,0,233,0,0,304,2,306,5,117,415,2,539,333,0,333,872
11/11/2022,VNY,CA,AWP,WE,Towers with Radar,1,90,129,0,220,0,3,279,2,284,1,93,408,2,504,328,0,328,832
11/12/2022,VNY,CA,AWP,WE,Towers with Radar,1,86,61,0,148,0,6,336,1,343,1,92,397,1,491,404,0,404,895
11/13/2022,VNY,CA,AWP,WE,Towers with Radar,0,118,115,0,233,0,1,196,2,199,0,119,311,2,432,243,0,243,675
11/14/2022,VNY,CA,AWP,WE,Towers with Radar,0,97,95,0,192,0,2,311,2,315,0,99,406,2,507,408,0,408,915
11/15/2022,VNY,CA,AWP,WE,Towers with Radar,0,92,89,0,181,0,1,253,2,256,0,93,342,2,437,260,0,260,697
11/16/2022,VNY,CA,AWP,WE,Towers with Radar,0,84,98,0,182,0,2,119,2,123,0,86,217,2,305,36,0,36,341
11/17/2022,VNY,CA,AWP,WE,Towers with Radar,0,112,111,0,223,0,2,309,0,311,0,114,420,0,534,432,0,432,966
11/18/2022,VNY,CA,AWP,WE,Towers with Radar,0,133,139,0,272,0,8,314,0,322,0,141,453,0,594,458,0,458,1052
11/19/2022,VNY,CA,AWP,WE,Towers with Radar,0,95,114,0,209,0,0,130,0,130,0,95,244,0,339,108,0,108,447
11/20/2022,VNY,CA,AWP,WE,Towers with Radar,0,104,119,0,223,0,1,237,0,238,0,105,356,0,461,222,0,222,683
11/21/2022,VNY,CA,AWP,WE,Towers with Radar,0,101,95,3,199,0,1,272,2,275,0,102,367,5,474,342,0,342,816
11/22/2022,VNY,CA,AWP,WE,Towers with Radar,0,71,81,2,154,0,5,292,1,298,0,76,373,3,452,284,0,284,736
11/23/2022,VNY,CA,AWP,WE,Towers with Radar,0,96,117,0,213,0,3,299,1,303,0,99,416,1,516,491,0,491,1007
11/24/2022,VNY,CA,AWP,WE,Towers with Radar,0,29,18,1,48,0,0,52,0,52,0,29,70,1,100,6,0,6,106
11/25/2022,VNY,CA,AWP,WE,Towers with Radar,0,71,58,0,129,0,1,252,0,253,0,72,310,0,382,302,0,302,684
11/26/2022,VNY,CA,AWP,WE,Towers with Radar,0,99,102,0,201,0,2,273,0,275,0,101,375,0,476,382,0,382,858
11/27/2022,VNY,CA,AWP,WE,Towers with Radar,0,111,178,0,289,0,7,269,2,278,0,118,447,2,567,367,0,367,934
11/28/2022,VNY,CA,AWP,WE,Towers with Radar,0,106,105,0,211,0,8,147,0,155,0,114,252,0,366,494,0,494,860
11/29/2022,VNY,CA,AWP,WE,Towers with Radar,0,78,95,0,173,0,2,265,1,268,0,80,360,1,441,489,0,489,930
11/30/2022,VNY,CA,AWP,WE,Towers with Radar,0,75,106,1,182,0,0,147,0,147,0,75,253,1,329,324,0,324,653
12/01/2022,VNY,CA,AWP,WE,Towers with Radar,0,92,94,2,188,0,1,110,0,111,0,93,204,2,299,335,0,335,634
12/02/2022,VNY,CA,AWP,WE,Towers with Radar,2,87,126,2,217,0,0,30,0,30,2,87,156,2,247,26,0,26,273
12/03/2022,VNY,CA,AWP,WE,Towers with Radar,1,65,102,4,172,0,2,265,0,267,1,67,367,4,439,496,0,496,935
12/04/2022,VNY,CA,AWP,WE,Towers with Radar,0,106,117,1,224,0,0,24,0,24,0,106,141,1,248,64,0,64,312
12/05/2022,VNY,CA,AWP,WE,Towers with Radar,0,76,130,0,206,0,1,208,1,210,0,77,338,1,416,371,0,371,787
12/06/2022,VNY,CA,AWP,WE,Towers with Radar,1,78,95,0,174,0,1,205,0,206,1,79,300,0,380,572,0,572,952
12/07/2022,VNY,CA,AWP,WE,Towers with Radar,0,62,113,0,175,0,3,315,0,318,0,65,428,0,493,461,0,461,954
12/08/2022,VNY,CA,AWP,WE,Towers with Radar,0,80,130,0,210,0,3,322,0,325,0,83,452,0,535,408,0,408,943
12/09/2022,VNY,CA,AWP,WE,Towers with Radar,0,93,146,0,239,0,7,320,0,327,0,100,466,0,566,316,0,316,882
12/10/2022,VNY,CA,AWP,WE,Towers with Radar,0,49,67,0,116,0,0,69,0,69,0,49,136,0,185,398,0,398,583
12/11/2022,VNY,CA,AWP,WE,Towers with Radar,0,97,83,0,180,0,0,42,0,42,0,97,125,0,222,62,0,62,284
12/12/2022,VNY,CA,AWP,WE,Towers with Radar,0,75,86,1,162,0,4,122,9,135,0,79,208,10,297,265,60,325,622
12/13/2022,VNY,CA,AWP,WE,Towers with Radar,0,80,95,0,175,0,2,291,1,294,0,82,386,1,469,510,0,510,979
12/14/2022,VNY,CA,AWP,WE,Towers with Radar,0,77,98,0,175,0,1,278,1,280,0,78,376,1,455,451,0,451,906
12/15/2022,VNY,CA,AWP,WE,Towers with Radar,0,94,98,0,192,0,3,313,1,317,0,97,411,1,509,423,0,423,932
12/16/2022,VNY,CA,AWP,WE,Towers with Radar,0,130,136,0,266,0,1,224,0,225,0,131,360,0,491,225,0,225,716
12/17/2022,VNY,CA,AWP,WE,Towers with Radar,0,111,127,0,238,0,1,243,0,244,0,112,370,0,482,220,0,220,702
12/18/2022,VNY,CA,AWP,WE,Towers with Radar,2,112,129,0,243,0,1,271,0,272,2,113,400,0,515,408,0,408,923
12/19/2022,VNY,CA,AWP,WE,Towers with Radar,0,100,113,0,213,0,3,266,0,269,0,103,379,0,482,413,0,413,895
12/20/2022,VNY,CA,AWP,WE,Towers with Radar,0,95,74,0,169,0,0,332,0,332,0,95,406,0,501,471,0,471,972
12/21/2022,VNY,CA,AWP,WE,Towers with Radar,0,97,86,0,183,0,0,286,0,286,0,97,372,0,469,334,0,334,803
12/22/2022,VNY,CA,AWP,WE,Towers with Radar,3,88,124,0,215,0,4,350,1,355,3,92,474,1,570,416,0,416,986
12/23/2022,VNY,CA,AWP,WE,Towers with Radar,1,101,95,0,197,0,4,256,0,260,1,105,351,0,457,303,0,303,760
12/24/2022,VNY,CA,AWP,WE,Towers with Radar,0,75,56,0,131,0,3,159,2,164,0,78,215,2,295,44,0,44,339
12/25/2022,VNY,CA,AWP,WE,Towers with Radar,0,60,52,0,112,0,0,95,0,95,0,60,147,0,207,50,0,50,257
12/26/2022,VNY,CA,AWP,WE,Towers with Radar,0,135,161,0,296,0,6,284,2,292,0,141,445,2,588,338,0,338,926
12/27/2022,VNY,CA,AWP,WE,Towers with Radar,0,80,145,0,225,0,0,219,1,220,0,80,364,1,445,410,0,410,855
12/28/2022,VNY,CA,AWP,WE,Towers with Radar,0,102,123,0,225,0,2,285,1,288,0,104,408,1,513,677,0,677,1190
12/29/2022,VNY,CA,AWP,WE,Towers with Radar,0,77,100,0,177,0,3,80,1,84,0,80,180,1,261,114,0,114,375
12/30/2022,VNY,CA,AWP,WE,Towers with Radar,0,75,109,0,184,0,1,49,0,50,0,76,158,0,234,12,0,12,246
12/31/2022,VNY,CA,AWP,WE,Towers with Radar,0,53,54,0,107,0,0,1,0,1,0,53,55,0,108,0,0,0,108
01/01/2023,VNY,CA,AWP,WE,Towers with Radar,0,118,120,1,239,0,1,150,0,151,0,119,270,1,390,176,0,176,566
01/02/2023,VNY,CA,AWP,WE,Towers with Radar,0,95,169,0,264,0,1,231,0,232,0,96,400,0,496,551,0,551,1047
01/03/2023,VNY,CA,AWP,WE,Towers with Radar,0,83,138,0,221,0,3,18,0,21,0,86,156,0,242,0,0,0,242
01/04/2023,VNY,CA,AWP,WE,Towers with Radar,0,106,87,1,194,0,0,3,0,3,0,106,90,1,197,0,0,0,197
01/05/2023,VNY,CA,AWP,WE,Towers with Radar,0,93,82,1,176,0,0,17,0,17,0,93,99,1,193,6,0,6,199
01/06/2023,VNY,CA,AWP,WE,Towers with Radar,0,107,115,0,222,0,2,329,0,331,0,109,444,0,553,419,0,419,972
01/07/2023,VNY,CA,AWP,WE,Towers with Radar,0,108,103,0,211,0,3,301,0,304,0,111,404,0,515,433,0,433,948
01/08/2023,VNY,CA,AWP,WE,Towers with Radar,1,119,139,0,259,0,1,182,0,183,1,120,321,0,442,442,0,442,884
01/09/2023,VNY,CA,AWP,WE,Towers with Radar,1,85,90,1,177,0,0,4,0,4,1,85,94,1,181,0,0,0,181
01/10/2023,VNY,CA,AWP,WE,Towers with Radar,0,145,141,0,286,0,0,47,0,47,0,145,188,0,333,12,0,12,345
01/11/2023,VNY,CA,AWP,WE,Towers with Radar,0,105,105,1,211,0,3,300,2,305,0,108,405,3,516,367,0,367,883
01/12/2023,VNY,CA,AWP,WE,Towers with Radar,0,117,120,0,237,0,5,258,0,263,0,122,378,0,500,313,0,313,813
01/13/2023,VNY,CA,AWP,WE,Towers with Radar,1,133,98,0,232,0,1,297,0,298,1,134,395,0,530,412,0,412,942
01/14/2023,VNY,CA,AWP,WE,Towers with Radar,0,69,46,1,116,0,0,11,0,11,0,69,57,1,127,8,0,8,135
01/15/2023,VNY,CA,AWP,WE,Towers with Radar,1,84,71,0,156,0,0,86,0,86,1,84,157,0,242,188,0,188,430
01/16/2023,VNY,CA,AWP,WE,Towers with Radar,1,107,107,0,215,0,0,93,0,93,1,107,200,0,308,107,0,107,415
01/17/2023,VNY,CA,AWP,WE,Towers with Radar,1,65,85,0,151,0,1,310,0,311,1,66,395,0,462,231,0,231,693
01/18/2023,VNY,CA,AWP,WE,Towers with Radar,0,61,90,0,151,0,4,381,1,386,0,65,471,1,537,392,0,392,929
01/19/2023,VNY,CA,AWP,WE,Towers with Radar,0,103,93,0,196,0,5,272,2,279,0,108,365,2,475,463,0,463,938
01/20/2023,VNY,CA,AWP,WE,Towers with Radar,0,103,94,0,197,0,7,351,0,358,0,110,445,0,555,456,0,456,1011
01/21/2023,VNY,CA,AWP,WE,Towers with Radar,0,79,77,1,157,0,0,324,2,326,0,79,401,3,483,320,0,320,803
01/22/2023,VNY,CA,AWP,WE,Towers with Radar,0,101,88,0,189,0,1,259,0,260,0,102,347,0,449,255,0,255,704
01/23/2023,VNY,CA,AWP,WE,Towers with Radar,0,81,91,0,172,0,1,123,0,124,0,82,214,0,296,118,0,118,414
01/24/2023,VNY,CA,AWP,WE,Towers with Radar,0,72,83,0,155,0,4,280,0,284,0,76,363,0,439,314,0,314,753
01/25/2023,VNY,CA,AWP,WE,Towers with Radar,0,87,95,0,182,0,0,259,1,260,0,87,354,1,442,189,0,189,631
01/26/2023,VNY,CA,AWP,WE,Towers with Radar,0,104,74,0,178,0,2,121,0,123,0,106,195,0,301,22,0,22,323
01/27/2023,VNY,CA,AWP,WE,Towers with Radar,0,90,104,1,195,0,1,382,0,383,0,91,486,1,578,573,0,573,1151
01/28/2023,VNY,CA,AWP,WE,Towers with Radar,0,66,82,0,148,0,0,355,3,358,0,66,437,3,506,518,0,518,1024
01/29/2023,VNY,CA,AWP,WE,Towers with Radar,0,89,115,0,204,0,0,108,0,108,0,89,223,0,312,370,0,370,682
01/30/2023,VNY,CA,AWP,WE,Towers with Radar,1,88,109,0,198,0,1,175,0,176,1,89,284,0,374,321,0,321,695
01/31/2023,VNY,CA,AWP,WE,Towers with Radar,0,81,98,0,179,0,2,148,1,151,0,83,246,1,330,17,0,17,347
02/01/2023,VNY,CA,AWP,WE,Towers with Radar,0,80,92,0,172,0,4,263,2,269,0,84,355,2,441,274,0,274,715
02/02/2023,VNY,CA,AWP,WE,Towers with Radar,0,93,123,2,218,0,2,329,0,331,0,95,452,2,549,487,0,487,1036
02/03/2023,VNY,CA,AWP,WE,Towers with Radar,0,109,110,0,219,0,2,447,2,451,0,111,557,2,670,613,0,613,1283
02/04/2023,VNY,CA,AWP,WE,Towers with Radar,0,82,73,1,156,0,0,395,1,396,0,82,468,2,552,539,0,539,1091
02/05/2023,VNY,CA,AWP,WE,Towers with Radar,1,76,133,1,211,0,1,193,0,194,1,77,326,1,405,293,0,293,698
02/06/2023,VNY,CA,AWP,WE,Towers with Radar,1,93,92,1,187,0,5,212,1,218,1,98,304,2,405,198,0,198,603
02/07/2023,VNY,CA,AWP,WE,Towers with Radar,0,89,83,1,173,0,2,313,0,315,0,91,396,1,488,360,0,360,848
02/08/2023,VNY,CA,AWP,WE,Towers with Radar,0,103,79,0,182,0,2,381,0,383,0,105,460,0,565,516,0,516,1081
02/09/2023,VNY,CA,AWP,WE,Towers with Radar,0,113,134,1,248,0,6,237,1,244,0,119,371,2,492,134,0,134,626
02/10/2023,VNY,CA,AWP,WE,Towers with Radar,0,110,153,0,263,0,1,284,9,294,0,111,437,9,557,400,0,400,957
02/11/2023,VNY,CA,AWP,WE,Towers with Radar,0,91,91,0,182,0,1,323,0,324,0,92,414,0,506,406,0,406,912
02/12/2023,VNY,CA,AWP,WE,Towers with Radar,0,112,117,0,229,0,0,296,0,296,0,112,413,0,525,287,0,287,812
02/13/2023,VNY,CA,AWP,WE,Towers with Radar,2,119,153,0,274,0,2,275,0,277,2,121,428,0,551,619,0,619,1170
02/14/2023,VNY,CA,AWP,WE,Towers with Radar,3,62,87,0,152,0,1,234,0,235,3,63,321,0,387,318,0,318,705
02/15/2023,VNY,CA,AWP,WE,Towers with Radar,1,98,115,0,214,0,5,263,0,268,1,103,378,0,482,192,0,192,674
02/16/2023,VNY,CA,AWP,WE,Towers with Radar,1,154,128,0,283,0,3,339,2,344,1,157,467,2,627,587,0,587,1214
02/17/2023,VNY,CA,AWP,WE,Towers with Radar,0,140,140,0,280,0,0,275,3,278,0,140,415,3,558,294,0,294,852
02/18/2023,VNY,CA,AWP,WE,Towers with Radar,1,112,89,0,202,0,1,363,0,364,1,113,452,0,566,540,0,540,1106
02/19/2023,VNY,CA,AWP,WE,Towers with Radar,0,100,95,0,195,0,5,294,2,301,0,105,389,2,496,494,0,494,990
02/20/2023,VNY,CA,AWP,WE,Towers with Radar,0,170,120,0,290,0,0,452,0,452,0,170,572,0,742,520,0,520,1262
02/21/2023,VNY,CA,AWP,WE,Towers with Radar,4,102,93,0,199,0,5,264,0,269,4,107,357,0,468,636,0,636,1104
02/22/2023,VNY,CA,AWP,WE,Towers with Radar,0,86,87,0,173,0,4,126,0,130,0,90,213,0,303,258,0,258,561
02/23/2023,VNY,CA,AWP,WE,Towers with Radar,0,107,83,0,190,0,0,95,0,95,0,107,178,0,285,245,0,245,530
02/24/2023,VNY,CA,AWP,WE,Towers with Radar,2,78,74,0,154,0,0,10,0,10,2,78,84,0,164,0,0,0,164
02/25/2023,VNY,CA,AWP,WE,Towers with Radar,0,94,57,1,152,0,0,56,1,57,0,94,113,2,209,12,0,12,221
02/26/2023,VNY,CA,AWP,WE,Towers with Radar,1,105,120,0,226,0,2,240,0,242,1,107,360,0,468,551,0,551,1019
02/27/2023,VNY,CA,AWP,WE,Towers with Radar,0,86,68,0,154,0,2,42,0,44,0,88,110,0,198,6,0,6,204
02/28/2023,VNY,CA,AWP,WE,Towers with Radar,0,64,80,0,144,0,1,181,0,182,0,65,261,0,326,358,0,358,684
03/01/2023,VNY,CA,AWP,WE,Towers with Radar,0,85,66,2,153,0,1,102,0,103,0,86,168,2,256,90,0,90,346
03/02/2023,VNY,CA,AWP,WE,Towers with Radar,0,102,107,0,209,0,1,368,3,372,0,103,475,3,581,423,0,423,1004
03/03/2023,VNY,CA,AWP,WE,Towers with Radar,0,106,100,0,206,0,4,338,3,345,0,110,438,3,551,550,0,550,1101
03/04/2023,VNY,CA,AWP,WE,Towers with Radar,0,67,86,0,153,0,1,192,1,194,0,68,278,1,347,613,0,613,960
03/05/2023,VNY,CA,AWP,WE,Towers with Radar,0,123,126,0,249,0,0,89,0,89,0,123,215,0,338,146,0,146,484
03/06/2023,VNY,CA,AWP,WE,Towers with Radar,1,92,75,0,168,0,0,251,0,251,1,92,326,0,419,588,0,588,1007
03/07/2023,VNY,CA,AWP,WE,Towers with Radar,0,94,131,0,225,0,2,350,0,352,0,96,481,0,577,578,0,578,1155
03/08/2023,VNY,CA,AWP,WE,Towers with Radar,1,97,126,0,224,0,0,249,1,250,1,97,375,1,474,533,0,533,1007
03/09/2023,VNY,CA,AWP,WE,Towers with Radar,0,104,119,1,224,0,0,349,0,349,0,104,468,1,573,528,0,528,1101
03/10/2023,VNY,CA,AWP,WE,Towers with Radar,0,105,120,0,225,0,0,0,0,0,0,105,120,0,225,0,0,0,225
03/11/2023,VNY,CA,AWP,WE,Towers with Radar,0,80,90,1,171,0,0,29,0,29,0,80,119,1,200,12,0,12,212
03/12/2023,VNY,CA,AWP,WE,Towers with Radar,1,110,130,0,241,0,1,262,0,263,1,111,392,0,504,746,0,746,1250
03/13/2023,VNY,CA,AWP,WE,Towers with Radar,0,102,136,4,242,0,4,223,0,227,0,106,359,4,469,449,0,449,918
03/14/2023,VNY,CA,AWP,WE,Towers with Radar,0,82,110,0,192,0,1,8,0,9,0,83,118,0,201,0,0,0,201
03/15/2023,VNY,CA,AWP,WE,Towers with Radar,1,100,125,0,226,0,1,59,0,60,1,101,184,0,286,47,0,47,333
03/16/2023,VNY,CA,AWP,WE,Towers with Radar,1,104,131,0,236,0,1,205,3,209,1,105,336,3,445,669,0,669,1114
03/17/2023,VNY,CA,AWP,WE,Towers with Radar,0,108,108,0,216,0,5,261,3,269,0,113,369,3,485,549,0,549,1034
03/18/2023,VNY,CA,AWP,WE,Towers with Radar,0,75,90,0,165,0,5,404,1,410,0,80,494,1,575,515,0,515,1090
03/19/2023,VNY,CA,AWP,WE,Towers with Radar,2,117,140,0,259,0,5,105,0,110,2,122,245,0,369,282,0,282,651
03/20/2023,VNY,CA,AWP,WE,Towers with Radar,0,65,99,2,166,0,2,183,1,186,0,67,282,3,352,402,0,402,754
03/21/2023,VNY,CA,AWP,WE,Towers with Radar,0,73,68,0,141,0,0,33,0,33,0,73,101,0,174,15,0,15,189
03/22/2023,VNY,CA,AWP,WE,Towers with Radar,0,86,111,0,197,0,0,52,0,52,0,86,163,0,249,54,0,54,303
03/23/2023,VNY,CA,AWP,WE,Towers with Radar,0,88,138,0,226,0,3,222,0,225,0,91,360,0,451,801,0,801,1252
03/24/2023,VNY,CA,AWP,WE,Towers with Radar,0,106,120,0,226,0,5,244,3,252,0,111,364,3,478,96,0,96,574
03/25/2023,VNY,CA,AWP,WE,Towers with Radar,0,86,77,0,163,0,3,332,0,335,0,89,409,0,498,344,0,344,842
03/26/2023,VNY,CA,AWP,WE,Towers with Radar,0,108,133,1,242,0,1,216,1,218,0,109,349,2,460,140,0,140,600
03/27/2023,VNY,CA,AWP,WE,Towers with Radar,0,81,74,2,157,0,4,257,2,263,0,85,331,4,420,456,0,456,876
03/28/2023,VNY,CA,AWP,WE,Towers with Radar,1,71,90,0,162,0,1,340,2,343,1,72,430,2,505,604,0,604,1109
03/29/2023,VNY,CA,AWP,WE,Towers with Radar,1,72,104,0,177,0,2,127,2,131,1,74,231,2,308,196,0,196,504
03/30/2023,VNY,CA,AWP,WE,Towers with Radar,0,95,114,0,209,0,1,151,3,155,0,96,265,3,364,279,0,279,643
03/31/2023,VNY,CA,AWP,WE,Towers with Radar,0,100,110,0,210,0,1,355,4,360,0,101,465,4,570,464,0,464,1034
04/01/2023,VNY,CA,AWP,WE,Towers with Radar,0,84,82,0,166,0,1,405,2,408,0,85,487,2,574,625,0,625,1199
04/02/2023,VNY,CA,AWP,WE,Towers with Radar,0,124,124,0,248,0,3,341,0,344,0,127,465,0,592,541,0,541,1133
04/03/2023,VNY,CA,AWP,WE,Towers with Radar,0,99,96,1,196,0,2,112,0,114,0,101,208,1,310,148,0,148,458
04/04/2023,VNY,CA,AWP,WE,Towers with Radar,0,90,85,0,175,0,3,228,4,235,0,93,313,4,410,156,0,156,566
04/05/2023,VNY,CA,AWP,WE,Towers with Radar,0,87,84,0,171,0,0,387,2,389,0,87,471,2,560,619,0,619,1179
04/06/2023,VNY,CA,AWP,WE,Towers with Radar,0,90,97,0,187,0,1,314,0,315,0,91,411,0,502,514,0,514,1016
04/07/2023,VNY,CA,AWP,WE,Towers with Radar,0,111,89,0,200,0,4,406,1,411,0,115,495,1,611,576,0,576,1187
04/08/2023,VNY,CA,AWP,WE,Towers with Radar,0,73,81,0,154,0,1,378,2,381,0,74,459,2,535,502,0,502,1037
04/09/2023,VNY,CA,AWP,WE,Towers with Radar,0,103,83,0,186,0,1,276,0,277,0,104,359,0,463,519,0,519,982
04/10/2023,VNY,CA,AWP,WE,Towers with Radar,0,91,104,0,195,0,5,313,0,318,0,96,417,0,513,408,0,408,921
04/11/2023,VNY,CA,AWP,WE,Towers with Radar,0,60,89,0,149,0,1,239,0,240,0,61,328,0,389,558,0,558,947
04/12/2023,VNY,CA,AWP,WE,Towers with Radar,2,95,122,1,220,0,2,54,0,56,2,97,176,1,276,130,0,130,406
04/13/2023,VNY,CA,AWP,WE,Towers with Radar,0,110,159,0,269,0,0,126,1,127,0,110,285,1,396,767,0,767,1163
04/14/2023,VNY,CA,AWP,WE,Towers with Radar,0,129,132,0,261,0,0,285,5,290,0,129,417,5,551,772,0,772,1323
04/15/2023,VNY,CA,AWP,WE,Towers with Radar,1,78,88,0,167,0,2,324,3,329,1,80,412,3,496,478,0,478,974
04/16/2023,VNY,CA,AWP,WE,Towers with Radar,2,99,118,0,219,0,2,261,0,263,2,101,379,0,482,477,0,477,959
04/17/2023,VNY,CA,AWP,WE,Towers with Radar,1,113,145,0,259,0,3,162,0,165,1,116,307,0,424,556,0,556,980
04/18/2023,VNY,CA,AWP,WE,Towers with Radar,1,81,110,0,192,0,3,302,1,306,1,84,412,1,498,604,0,604,1102
04/19/2023,VNY,CA,AWP,WE,Towers with Radar,0,101,83,0,184,0,3,282,1,286,0,104,365,1,470,336,0,336,806
04/20/2023,VNY,CA,AWP,WE,Towers with Radar,1,99,116,0,216,0,3,323,3,329,1,102,439,3,545,598,0,598,1143
04/21/2023,VNY,CA,AWP,WE,Towers with Radar,1,96,103,0,200,0,3,352,1,356,1,99,455,1,556,399,0,399,955
04/22/2023,VNY,CA,AWP,WE,Towers with Radar,0,75,95,0,170,0,0,344,0,344,0,75,439,0,514,430,0,430,944
04/23/2023,VNY,CA,AWP,WE,Towers with Radar,0,121,133,0,254,0,2,327,0,329,0,123,460,0,583,390,0,390,973
04/24/2023,VNY,CA,AWP,WE,Towers with Radar,0,91,114,1,206,0,5,288,2,295,0,96,402,3,501,536,0,536,1037
04/25/2023,VNY,CA,AWP,WE,Towers with Radar,0,86,101,0,187,0,2,275,0,277,0,88,376,0,464,649,0,649,1113
04/26/2023,VNY,CA,AWP,WE,Towers with Radar,2,83,104,0,189,0,1,288,4,293,2,84,392,4,482,630,0,630,1112
04/27/2023,VNY,CA,AWP,WE,Towers with Radar,0,113,142,0,255,0,1,280,4,285,0,114,422,4,540,477,0,477,1017
04/28/2023,VNY,CA,AWP,WE,Towers with Radar,0,110,110,0,220,0,1,325,5,331,0,111,435,5,551,397,0,397,948
04/29/2023,VNY,CA,AWP,WE,Towers with Radar,0,83,100,0,183,0,6,266,0,272,0,89,366,0,455,530,0,530,985
04/30/2023,VNY,CA,AWP,WE,Towers with Radar,0,139,128,0,267,0,1,189,1,191,0,140,317,1,458,314,0,314,772
05/01/2023,VNY,CA,AWP,WE,Towers with Radar,0,105,108,1,214,0,2,172,0,174,0,107,280,1,388,378,0,378,766
05/02/2023,VNY,CA,AWP,WE,Towers with Radar,0,109,116,0,225,0,2,249,0,251,0,111,365,0,476,389,0,389,865
05/03/2023,VNY,CA,AWP,WE,Towers with Radar,0,111,125,0,236,0,6,213,2,221,0,117,338,2,457,450,0,450,907
05/04/2023,VNY,CA,AWP,WE,Towers with Radar,0,98,134,0,232,0,1,120,2,123,0,99,254,2,355,317,0,317,672
05/05/2023,VNY,CA,AWP,WE,Towers with Radar,0,104,143,0,247,0,4,263,1,268,0,108,406,1,515,641,0,641,1156
05/06/2023,VNY,CA,AWP,WE,Towers with Radar,0,64,83,0,147,0,4,325,0,329,0,68,408,0,476,424,0,424,900
05/07/2023,VNY,CA,AWP,WE,Towers with Radar,1,105,136,0,242,0,3,281,1,285,1,108,417,1,527,357,0,357,884
05/08/2023,VNY,CA,AWP,WE,Towers with Radar,0,99,94,0,193,0,2,307,2,311,0,101,401,2,504,543,0,543,1047
05/09/2023,VNY,CA,AWP,WE,Towers with Radar,0,72,94,0,166,0,8,141,0,149,0,80,235,0,315,480,0,480,795
05/10/2023,VNY,CA,AWP,WE,Towers with Radar,0,82,153,0,235,0,0,278,3,281,0,82,431,3,516,437,0,437,953
05/11/2023,VNY,CA,AWP,WE,Towers with Radar,0,92,112,0,204,0,1,321,0,322,0,93,433,0,526,520,0,520,1046
05/12/2023,VNY,CA,AWP,WE,Towers with Radar,0,106,82,0,188,0,3,325,0,328,0,109,407,0,516,336,0,336,852
05/13/2023,VNY,CA,AWP,WE,Towers with Radar,0,77,65,0,142,0,0,274,0,274,0,77,339,0,416,624,0,624,1040
05/14/2023,VNY,CA,AWP,WE,Towers with Radar,0,84,98,0,182,0,2,227,1,230,0,86,325,1,412,292,0,292,704
05/15/2023,VNY,CA,AWP,WE,Towers with Radar,0,86,107,0,193,0,0,229,0,229,0,86,336,0,422,469,0,469,891
05/16/2023,VNY,CA,AWP,WE,Towers with Radar,0,63,85,2,150,0,0,302,0,302,0,63,387,2,452,565,0,565,1017
05/17/2023,VNY,CA,AWP,WE,Towers with Radar,0,100,99,0,199,0,4,296,0,300,0,104,395,0,499,576,0,576,1075
05/18/2023,VNY,CA,AWP,WE,Towers with Radar,0,83,118,2,203,0,2,300,0,302,0,85,418,2,505,455,0,455,960
05/19/2023,VNY,CA,AWP,WE,Towers with Radar,1,101,131,1,234,0,3,187,0,190,1,104,318,1,424,456,0,456,880
05/20/2023,VNY,CA,AWP,WE,Towers with Radar,0,87,90,0,177,0,2,232,2,236,0,89,322,2,413,542,0,542,955
05/21/2023,VNY,CA,AWP,WE,Towers with Radar,0,117,103,0,220,0,3,213,2,218,0,120,316,2,438,356,0,356,794
05/22/2023,VNY,CA,AWP,WE,Towers with Radar,0,94,118,1,213,0,4,147,0,151,0,98,265,1,364,416,0,416,780
05/23/2023,VNY,CA,AWP,WE,Towers with Radar,0,64,119,1,184,0,2,100,0,102,0,66,219,1,286,756,0,756,1042
05/24/2023,VNY,CA,AWP,WE,Towers with Radar,0,94,136,0,230,0,2,194,0,196,0,96,330,0,426,646,0,646,1072
05/25/2023,VNY,CA,AWP,WE,Towers with Radar,0,90,136,0,226,0,0,193,0,193,0,90,329,0,419,778,0,778,1197
05/26/2023,VNY,CA,AWP,WE,Towers with Radar,0,119,152,0,271,0,3,289,1,293,0,122,441,1,564,696,0,696,1260
05/27/2023,VNY,CA,AWP,WE,Towers with Radar,0,64,83,0,147,0,4,252,1,257,0,68,335,1,404,478,0,478,882
05/28/2023,VNY,CA,AWP,WE,Towers with Radar,0,69,90,0,159,0,2,83,0,85,0,71,173,0,244,335,0,335,579
05/29/2023,VNY,CA,AWP,WE,Towers with Radar,1,125,135,0,261,0,2,213,3,218,1,127,348,3,479,554,0,554,1033
05/30/2023,VNY,CA,AWP,WE,Towers with Radar,0,79,96,2,177,0,0,210,0,210,0,79,306,2,387,634,0,634,1021
05/31/2023,VNY,CA,AWP,WE,Towers with Radar,0,73,115,0,188,0,7,191,0,198,0,80,306,0,386,696,0,696,1082
06/01/2023,VNY,CA,AWP,WE,Towers with Radar,0,82,140,0,222,0,1,170,1,172,0,83,310,1,394,789,0,789,1183
06/02/2023,VNY,CA,AWP,WE,Towers with Radar,0,81,99,0,180,0,3,405,0,408,0,84,504,0,588,561,0,561,1149
06/03/2023,VNY,CA,AWP,WE,Towers with Radar,0,66,68,0,134,0,0,361,0,361,0,66,429,0,495,462,0,462,957
06/04/2023,VNY,CA,AWP,WE,Towers with Radar,0,84,121,0,205,0,0,237,2,239,0,84,358,2,444,414,0,414,858
06/05/2023,VNY,CA,AWP,WE,Towers with Radar,1,86,103,0,190,0,3,120,0,123,1,89,223,0,313,564,0,564,877
06/06/2023,VNY,CA,AWP,WE,Towers with Radar,0,68,91,2,161,0,3,261,0,264,0,71,352,2,425,702,3,705,1130
06/07/2023,VNY,CA,AWP,WE,Towers with Radar,0,64,121,0,185,0,0,228,0,228,0,64,349,0,413,749,0,749,1162
06/08/2023,VNY,CA,AWP,WE,Towers with Radar,0,90,103,0,193,0,1,314,0,315,0,91,417,0,508,617,0,617,1125
06/09/2023,VNY,CA,AWP,WE,Towers with Radar,0,92,106,0,198,0,0,153,2,155,0,92,259,2,353,543,0,543,896
06/10/2023,VNY,CA,AWP,WE,Towers with Radar,0,82,102,1,185,0,1,138,0,139,0,83,240,1,324,606,0,606,930
06/11/2023,VNY,CA,AWP,WE,Towers with Radar,1,113,106,0,220,0,2,122,0,124,1,115,228,0,344,552,0,552,896
06/12/2023,VNY,CA,AWP,WE,Towers with Radar,0,79,105,1,185,0,1,217,0,218,0,80,322,1,403,891,0,891,1294
06/13/2023,VNY,CA,AWP,WE,Towers with Radar,0,97,125,0,222,0,1,332,2,335,0,98,457,2,557,715,0,715,1272
06/14/2023,VNY,CA,AWP,WE,Towers with Radar,0,82,144,0,226,0,2,111,1,114,0,84,255,1,340,452,0,452,792
06/15/2023,VNY,CA,AWP,WE,Towers with Radar,0,115,135,0,250,0,0,107,0,107,0,115,242,0,357,604,0,604,961
06/16/2023,VNY,CA,AWP,WE,Towers with Radar,0,105,141,0,246,0,0,281,2,283,0,105,422,2,529,511,0,511,1040
06/17/2023,VNY,CA,AWP,WE,Towers with Radar,0,103,102,0,205,0,2,343,0,345,0,105,445,0,550,511,0,511,1061
06/18/2023,VNY,CA,AWP,WE,Towers with Radar,0,121,123,0,244,0,1,185,1,187,0,122,308,1,431,498,0,498,929
06/19/2023,VNY,CA,AWP,WE,Towers with Radar,0,118,122,0,240,0,3,253,0,256,0,121,375,0,496,673,0,673,1169
06/20/2023,VNY,CA,AWP,WE,Towers with Radar,0,72,84,0,156,0,3,373,0,376,0,75,457,0,532,576,0,576,1108
06/21/2023,VNY,CA,AWP,WE,Towers with Radar,0,91,101,0,192,0,0,352,3,355,0,91,453,3,547,535,0,535,1082
06/22/2023,VNY,CA,AWP,WE,Towers with Radar,0,89,110,0,199,0,1,242,4,247,0,90,352,4,446,591,0,591,1037
06/23/2023,VNY,CA,AWP,WE,Towers with Radar,0,94,100,0,194,0,2,350,4,356,0,96,450,4,550,539,0,539,1089
06/24/2023,VNY,CA,AWP,WE,Towers with Radar,0,81,77,0,158,0,2,367,1,370,0,83,444,1,528,571,0,571,1099
06/25/2023,VNY,CA,AWP,WE,Towers with Radar,0,106,117,0,223,0,0,289,0,289,0,106,406,0,512,567,0,567,1079
06/26/2023,VNY,CA,AWP,WE,Towers with Radar,0,77,99,0,176,0,2,360,0,362,0,79,459,0,538,605,0,605,1143
06/27/2023,VNY,CA,AWP,WE,Towers with Radar,0,61,97,0,158,0,0,351,3,354,0,61,448,3,512,586,0,586,1098
06/28/2023,VNY,CA,AWP,WE,Towers with Radar,0,99,116,2,217,0,2,258,0,260,0,101,374,2,477,520,0,520,997
06/29/2023,VNY,CA,AWP,WE,Towers with Radar,0,98,108,2,208,0,6,321,1,328,0,104,429,3,536,487,0,487,1023
06/30/2023,VNY,CA,AWP,WE,Towers with Radar,0,129,141,0,270,0,3,412,1,416,0,132,553,1,686,116,0,116,802
07/01/2023,VNY,CA,AWP,WE,Towers with Radar,0,77,89,0,166,0,1,266,1,268,0,78,355,1,434,280,0,280,714
07/02/2023,VNY,CA,AWP,WE,Towers with Radar,0,91,80,0,171,0,2,268,0,270,0,93,348,0,441,373,0,373,814
07/03/2023,VNY,CA,AWP,WE,Towers with Radar,1,59,60,1,121,0,3,293,1,297,1,62,353,2,418,559,0,559,977
07/04/2023,VNY,CA,AWP,WE,Towers with Radar,0,52,42,0,94,0,1,305,2,308,0,53,347,2,402,484,0,484,886
07/05/2023,VNY,CA,AWP,WE,Towers with Radar,0,82,83,0,165,0,1,324,2,327,0,83,407,2,492,445,0,445,937
07/06/2023,VNY,CA,AWP,WE,Towers with Radar,0,73,98,0,171,0,3,314,1,318,0,76,412,1,489,537,0,537,1026
07/07/2023,VNY,CA,AWP,WE,Towers with Radar,0,91,102,0,193,0,3,321,0,324,0,94,423,0,517,524,0,524,1041
07/08/2023,VNY,CA,AWP,WE,Towers with Radar,0,83,87,0,170,0,0,357,0,357,0,83,444,0,527,495,0,495,1022
07/09/2023,VNY,CA,AWP,WE,Towers with Radar,0,108,101,0,209,0,1,318,0,319,0,109,419,0,528,431,0,431,959
07/10/2023,VNY,CA,AWP,WE,Towers with Radar,1,100,94,0,195,0,2,375,1,378,1,102,469,1,573,558,0,558,1131
07/11/2023,VNY,CA,AWP,WE,Towers with Radar,0,88,85,0,173,0,3,368,0,371,0,91,453,0,544,530,0,530,1074
07/12/2023,VNY,CA,AWP,WE,Towers with Radar,0,86,87,0,173,0,3,262,2,267,0,89,349,2,440,515,0,515,955
07/13/2023,VNY,CA,AWP,WE,Towers with Radar,0,99,91,0,190,0,2,312,2,316,0,101,403,2,506,488,0,488,994
07/14/2023,VNY,CA,AWP,WE,Towers with Radar,0,88,96,0,184,0,2,400,3,405,0,90,496,3,589,587,0,587,1176
07/15/2023,VNY,CA,AWP,WE,Towers with Radar,0,83,77,0,160,0,0,325,4,329,0,83,402,4,489,588,0,588,1077
07/16/2023,VNY,CA,AWP,WE,Towers with Radar,0,79,103,0,182,0,2,248,1,251,0,81,351,1,433,565,0,565,998
07/17/2023,VNY,CA,AWP,WE,Towers with Radar,0,88,87,0,175,0,1,305,0,306,0,89,392,0,481,387,0,387,868
07/18/2023,VNY,CA,AWP,WE,Towers with Radar,0,71,82,0,153,0,2,316,0,318,0,73,398,0,471,479,0,479,950
07/19/2023,VNY,CA,AWP,WE,Towers with Radar,0,95,102,0,197,0,2,301,0,303,0,97,403,0,500,647,0,647,1147
07/20/2023,VNY,CA,AWP,WE,Towers with Radar,0,101,102,0,203,0,3,326,1,330,0,104,428,1,533,450,0,450,983
07/21/2023,VNY,CA,AWP,WE,Towers with Radar,0,85,94,0,179,0,2,353,3,358,0,87,447,3,537,562,0,562,1099
07/22/2023,VNY,CA,AWP,WE,Towers with Radar,0,78,62,0,140,0,0,285,0,285,0,78,347,0,425,666,0,666,1091
07/23/2023,VNY,CA,AWP,WE,Towers with Radar,0,118,94,0,212,0,0,329,0,329,0,118,423,0,541,660,0,660,1201
07/24/2023,VNY,CA,AWP,WE,Towers with Radar,0,97,78,1,176,0,1,296,1,298,0,98,374,2,474,576,0,576,1050
07/25/2023,VNY,CA,AWP,WE,Towers with Radar,0,78,80,0,158,0,1,353,11,365,0,79,433,11,523,456,0,456,979
07/26/2023,VNY,CA,AWP,WE,Towers with Radar,0,81,92,0,173,0,3,317,3,323,0,84,409,3,496,413,0,413,909
07/27/2023,VNY,CA,AWP,WE,Towers with Radar,0,91,101,1,193,0,0,311,2,313,0,91,412,3,506,506,0,506,1012
07/28/2023,VNY,CA,AWP,WE,Towers with Radar,0,92,100,1,193,0,3,326,3,332,0,95,426,4,525,531,0,531,1056
07/29/2023,VNY,CA,AWP,WE,Towers with Radar,0,83,83,0,166,0,2,290,0,292,0,85,373,0,458,487,0,487,945
07/30/2023,VNY,CA,AWP,WE,Towers with Radar,0,123,95,0,218,0,0,254,0,254,0,123,349,0,472,368,0,368,840
07/31/2023,VNY,CA,AWP,WE,Towers with Radar,0,83,89,1,173,0,1,264,0,265,0,84,353,1,438,598,0,598,1036
08/01/2023,VNY,CA,AWP,WE,Towers with Radar,0,98,93,2,193,0,4,309,0,313,0,102,402,2,506,458,0,458,964
08/02/2023,VNY,CA,AWP,WE,Towers with Radar,0,74,82,1,157,0,3,264,4,271,0,77,346,5,428,297,0,297,725
08/03/2023,VNY,CA,AWP,WE,Towers with Radar,0,86,94,0,180,0,1,320,3,324,0,87,414,3,504,529,0,529,1033
08/04/2023,VNY,CA,AWP,WE,Towers with Radar,0,103,88,1,192,0,2,300,0,302,0,105,388,1,494,374,0,374,868
08/05/2023,VNY,CA,AWP,WE,Towers with Radar,0,85,78,1,164,0,6,348,0,354,0,91,426,1,518,487,0,487,1005
08/06/2023,VNY,CA,AWP,WE,Towers with Radar,0,93,114,1,208,0,2,306,0,308,0,95,420,1,516,398,0,398,914
08/07/2023,VNY,CA,AWP,WE,Towers with Radar,0,89,102,0,191,0,2,342,1,345,0,91,444,1,536,414,0,414,950
08/08/2023,VNY,CA,AWP,WE,Towers with Radar,0,71,101,0,172,0,5,346,2,353,0,76,447,2,525,485,0,485,1010
08/09/2023,VNY,CA,AWP,WE,Towers with Radar,0,84,93,0,177,0,1,271,0,272,0,85,364,0,449,507,0,507,956
08/10/2023,VNY,CA,AWP,WE,Towers with Radar,0,80,105,0,185,0,1,225,1,227,0,81,330,1,412,388,0,388,800
08/11/2023,VNY,CA,AWP,WE,Towers with Radar,0,99,118,2,219,0,1,282,1,284,0,100,400,3,503,438,0,438,941
08/12/2023,VNY,CA,AWP,WE,Towers with Radar,0,81,87,0,168,0,5,347,1,353,0,86,434,1,521,542,0,542,1063
08/13/2023,VNY,CA,AWP,WE,Towers with Radar,1,125,106,0,232,0,1,306,1,308,1,126,412,1,540,539,0,539,1079
08/14/2023,VNY,CA,AWP,WE,Towers with Radar,0,79,94,1,174,0,4,338,1,343,0,83,432,2,517,595,0,595,1112
08/15/2023,VNY,CA,AWP,WE,Towers with Radar,0,88,85,0,173,0,4,325,1,330,0,92,410,1,503,576,0,576,1079
08/16/2023,VNY,CA,AWP,WE,Towers with Radar,1,81,105,0,187,0,2,309,4,315,1,83,414,4,502,598,0,598,1100
08/17/2023,VNY,CA,AWP,WE,Towers with Radar,0,91,109,0,200,0,9,366,4,379,0,100,475,4,579,612,0,612,1191
08/18/2023,VNY,CA,AWP,WE,Towers with Radar,0,106,123,0,229,0,4,364,3,371,0,110,487,3,600,606,0,606,1206
08/19/2023,VNY,CA,AWP,WE,Towers with Radar,0,83,129,0,212,0,3,281,1,285,0,86,410,1,497,472,0,472,969
08/20/2023,VNY,CA,AWP,WE,Towers with Radar,0,67,59,0,126,0,0,29,0,29,0,67,88,0,155,0,0,0,155
08/21/2023,VNY,CA,AWP,WE,Towers with Radar,0,76,82,0,158,0,3,144,0,147,0,79,226,0,305,232,0,232,537
08/22/2023,VNY,CA,AWP,WE,Towers with Radar,0,70,87,0,157,0,0,335,2,337,0,70,422,2,494,468,0,468,962
08/23/2023,VNY,CA,AWP,WE,Towers with Radar,0,86,98,0,184,0,0,313,5,318,0,86,411,5,502,665,0,665,1167
08/24/2023,VNY,CA,AWP,WE,Towers with Radar,0,96,87,0,183,0,2,317,0,319,0,98,404,0,502,614,0,614,1116
08/25/2023,VNY,CA,AWP,WE,Towers with Radar,0,62,86,2,150,0,1,331,4,336,0,63,417,6,486,445,0,445,931
08/26/2023,VNY,CA,AWP,WE,Towers with Radar,0,78,79,0,157,0,2,313,0,315,0,80,392,0,472,426,0,426,898
08/27/2023,VNY,CA,AWP,WE,Towers with Radar,0,102,98,1,201,0,3,275,0,278,0,105,373,1,479,427,0,427,906
08/28/2023,VNY,CA,AWP,WE,Towers with Radar,2,80,79,0,161,0,4,245,0,249,2,84,324,0,410,476,0,476,886
08/29/2023,VNY,CA,AWP,WE,Towers with Radar,0,76,86,0,162,0,3,288,0,291,0,79,374,0,453,313,0,313,766
08/30/2023,VNY,CA,AWP,WE,Towers with Radar,0,86,100,0,186,0,3,272,3,278,0,89,372,3,464,471,0,471,935
08/31/2023,VNY,CA,AWP,WE,Towers with Radar,2,123,107,0,232,0,2,331,2,335,2,125,438,2,567,501,0,501,1068
