01/01/2020,VQQ,FL,ASO,ES,Federal Contract Tower,0,0,11,0,11,0,0,17,0,17,0,0,28,0,28,70,0,70,98
01/02/2020,VQQ,FL,ASO,ES,Federal Contract Tower,0,2,26,8,36,0,0,40,10,50,0,2,66,18,86,124,38,162,248
01/03/2020,VQQ,FL,ASO,ES,Federal Contract Tower,0,2,10,28,40,0,0,18,14,32,0,2,28,42,72,82,92,174,246
01/04/2020,VQQ,FL,ASO,ES,Federal Contract Tower,0,0,6,9,15,0,0,2,2,4,0,0,8,11,19,4,0,4,23
01/05/2020,VQQ,FL,ASO,ES,Federal Contract Tower,0,0,23,1,24,0,0,20,0,20,0,0,43,1,44,42,0,42,86
01/06/2020,VQQ,FL,ASO,ES,Federal Contract Tower,6,2,24,32,64,0,0,14,8,22,6,2,38,40,86,78,50,128,214
01/07/2020,VQQ,FL,ASO,ES,Federal Contract Tower,4,3,30,34,71,0,0,21,20,41,4,3,51,54,112,120,174,294,406
01/08/2020,VQQ,FL,ASO,ES,Federal Contract Tower,3,2,41,18,64,0,0,26,93,119,3,2,67,111,183,56,142,198,381
01/09/2020,VQQ,FL,ASO,ES,Federal Contract Tower,3,2,36,33,74,0,0,27,50,77,3,2,63,83,151,172,201,373,524
01/10/2020,VQQ,FL,ASO,ES,Federal Contract Tower,2,2,19,56,79,0,0,36,37,73,2,2,55,93,152,60,119,179,331
01/11/2020,VQQ,FL,ASO,ES,Federal Contract Tower,2,1,6,10,19,0,0,6,11,17,2,1,12,21,36,10,96,106,142
01/12/2020,VQQ,FL,ASO,ES,Federal Contract Tower,0,0,13,25,38,0,0,11,3,14,0,0,24,28,52,48,12,60,112
01/13/2020,VQQ,FL,ASO,ES,Federal Contract Tower,0,2,15,48,65,0,0,26,28,54,0,2,41,76,119,74,104,178,297
01/14/2020,VQQ,FL,ASO,ES,Federal Contract Tower,0,3,40,33,76,0,0,28,39,67,0,3,68,72,143,118,176,294,437
01/15/2020,VQQ,FL,ASO,ES,Federal Contract Tower,0,2,40,73,115,0,0,28,35,63,0,2,68,108,178,192,202,394,572
01/16/2020,VQQ,FL,ASO,ES,Federal Contract Tower,1,2,41,16,60,0,0,11,28,39,1,2,52,44,99,8,108,116,215
01/17/2020,VQQ,FL,ASO,ES,Federal Contract Tower,0,2,6,17,25,0,0,16,21,37,0,2,22,38,62,23,67,90,152
01/18/2020,VQQ,FL,ASO,ES,Federal Contract Tower,2,0,8,17,27,0,0,20,4,24,2,0,28,21,51,84,44,128,179
01/19/2020,VQQ,FL,ASO,ES,Federal Contract Tower,2,0,2,2,6,0,0,0,0,0,2,0,2,2,6,0,0,0,6
01/20/2020,VQQ,FL,ASO,ES,Federal Contract Tower,0,2,44,2,48,0,0,54,0,54,0,2,98,2,102,218,0,218,320
01/21/2020,VQQ,FL,ASO,ES,Federal Contract Tower,1,2,36,54,93,0,0,35,29,64,1,2,71,83,157,170,190,360,517
01/22/2020,VQQ,FL,ASO,ES,Federal Contract Tower,0,2,29,26,57,0,0,18,24,42,0,2,47,50,99,82,262,344,443
01/23/2020,VQQ,FL,ASO,ES,Federal Contract Tower,0,2,31,20,53,0,0,9,17,26,0,2,40,37,79,28,64,92,171
01/24/2020,VQQ,FL,ASO,ES,Federal Contract Tower,3,4,41,23,71,0,0,13,39,52,3,4,54,62,123,70,100,170,293
01/25/2020,VQQ,FL,ASO,ES,Federal Contract Tower,0,0,33,15,48,0,0,37,4,41,0,0,70,19,89,144,30,174,263
01/26/2020,VQQ,FL,ASO,ES,Federal Contract Tower,0,2,20,17,39,0,0,43,3,46,0,2,63,20,85,138,8,146,231
01/27/2020,VQQ,FL,ASO,ES,Federal Contract Tower,0,6,43,14,63,0,0,37,12,49,0,6,80,26,112,238,42,280,392
01/28/2020,VQQ,FL,ASO,ES,Federal Contract Tower,0,2,49,33,84,0,0,44,39,83,0,2,93,72,167,171,217,388,555
01/29/2020,VQQ,FL,ASO,ES,Federal Contract Tower,3,2,27,43,75,0,0,13,24,37,3,2,40,67,112,72,170,242,354
01/30/2020,VQQ,FL,ASO,ES,Federal Contract Tower,1,4,33,49,87,0,0,1,22,23,1,4,34,71,110,38,204,242,352
01/31/2020,VQQ,FL,ASO,ES,Federal Contract Tower,1,2,25,11,39,0,0,6,20,26,1,2,31,31,65,22,36,58,123
02/01/2020,VQQ,FL,ASO,ES,Federal Contract Tower,0,0,33,5,38,0,0,2,4,6,0,0,35,9,44,4,0,4,48
02/02/2020,VQQ,FL,ASO,ES,Federal Contract Tower,1,0,21,6,28,0,0,37,5,42,1,0,58,11,70,112,2,114,184
02/03/2020,VQQ,FL,ASO,ES,Federal Contract Tower,0,2,22,4,28,0,0,36,6,42,0,2,58,10,70,148,38,186,256
02/04/2020,VQQ,FL,ASO,ES,Federal Contract Tower,4,2,21,44,71,0,0,36,26,62,4,2,57,70,133,168,262,430,563
02/05/2020,VQQ,FL,ASO,ES,Federal Contract Tower,0,2,15,40,57,0,0,31,34,65,0,2,46,74,122,166,224,390,512
02/06/2020,VQQ,FL,ASO,ES,Federal Contract Tower,0,2,6,23,31,0,0,4,27,31,0,2,10,50,62,60,234,294,356
02/07/2020,VQQ,FL,ASO,ES,Federal Contract Tower,3,3,6,13,25,0,0,10,22,32,3,3,16,35,57,32,34,66,123
02/08/2020,VQQ,FL,ASO,ES,Federal Contract Tower,0,1,21,6,28,0,0,26,0,26,0,1,47,6,54,58,0,58,112
02/09/2020,VQQ,FL,ASO,ES,Federal Contract Tower,2,0,8,5,15,0,0,28,3,31,2,0,36,8,46,122,40,162,208
02/10/2020,VQQ,FL,ASO,ES,Federal Contract Tower,2,2,12,1,17,0,0,38,7,45,2,2,50,8,62,152,64,216,278
02/11/2020,VQQ,FL,ASO,ES,Federal Contract Tower,3,2,12,31,48,0,0,28,33,61,3,2,40,64,109,54,134,188,297
02/12/2020,VQQ,FL,ASO,ES,Federal Contract Tower,1,2,17,42,62,0,0,19,45,64,1,2,36,87,126,174,250,424,550
02/13/2020,VQQ,FL,ASO,ES,Federal Contract Tower,2,2,13,30,47,0,0,1,31,32,2,2,14,61,79,0,178,178,257
02/14/2020,VQQ,FL,ASO,ES,Federal Contract Tower,2,2,17,6,27,0,0,2,20,22,2,2,19,26,49,14,86,100,149
02/15/2020,VQQ,FL,ASO,ES,Federal Contract Tower,0,0,8,1,9,0,0,40,0,40,0,0,48,1,49,150,0,150,199
02/16/2020,VQQ,FL,ASO,ES,Federal Contract Tower,0,0,5,4,9,0,0,18,1,19,0,0,23,5,28,52,0,52,80
02/17/2020,VQQ,FL,ASO,ES,Federal Contract Tower,0,2,3,0,5,0,0,1,0,1,0,2,4,0,6,0,0,0,6
02/18/2020,VQQ,FL,ASO,ES,Federal Contract Tower,1,3,13,11,28,0,0,19,25,44,1,3,32,36,72,72,102,174,246
02/19/2020,VQQ,FL,ASO,ES,Federal Contract Tower,0,2,22,16,40,0,0,16,43,59,0,2,38,59,99,36,186,222,321
02/20/2020,VQQ,FL,ASO,ES,Federal Contract Tower,1,2,24,23,50,0,0,2,10,12,1,2,26,33,62,12,62,74,136
02/21/2020,VQQ,FL,ASO,ES,Federal Contract Tower,0,2,8,13,23,0,0,5,19,24,0,2,13,32,47,18,44,62,109
02/22/2020,VQQ,FL,ASO,ES,Federal Contract Tower,3,0,33,13,49,0,0,32,19,51,3,0,65,32,100,76,0,76,176
02/23/2020,VQQ,FL,ASO,ES,Federal Contract Tower,0,0,15,9,24,0,5,32,0,37,0,5,47,9,61,112,0,112,173
02/24/2020,VQQ,FL,ASO,ES,Federal Contract Tower,0,2,23,18,43,0,0,55,21,76,0,2,78,39,119,206,60,266,385
02/25/2020,VQQ,FL,ASO,ES,Federal Contract Tower,1,2,17,4,24,0,0,6,8,14,1,2,23,12,38,22,14,36,74
02/26/2020,VQQ,FL,ASO,ES,Federal Contract Tower,1,2,21,4,28,0,0,13,22,35,1,2,34,26,63,58,106,164,227
02/27/2020,VQQ,FL,ASO,ES,Federal Contract Tower,2,4,20,12,38,0,0,31,45,76,2,4,51,57,114,242,78,320,434
02/28/2020,VQQ,FL,ASO,ES,Federal Contract Tower,3,2,24,2,31,0,0,71,34,105,3,2,95,36,136,184,104,288,424
02/29/2020,VQQ,FL,ASO,ES,Federal Contract Tower,3,0,9,0,12,0,0,9,1,10,3,0,18,1,22,18,2,20,42
03/01/2020,VQQ,FL,ASO,ES,Federal Contract Tower,2,0,18,4,24,0,0,48,1,49,2,0,66,5,73,184,0,184,257
03/02/2020,VQQ,FL,ASO,ES,Federal Contract Tower,0,2,23,4,29,0,0,41,9,50,0,2,64,13,79,200,56,256,335
03/03/2020,VQQ,FL,ASO,ES,Federal Contract Tower,9,2,33,20,64,0,0,29,23,52,9,2,62,43,116,80,86,166,282
03/04/2020,VQQ,FL,ASO,ES,Federal Contract Tower,6,2,34,14,56,0,0,23,34,57,6,2,57,48,113,74,210,284,397
03/05/2020,VQQ,FL,ASO,ES,Federal Contract Tower,3,2,9,13,27,0,0,0,29,29,3,2,9,42,56,0,120,120,176
03/06/2020,VQQ,FL,ASO,ES,Federal Contract Tower,2,2,15,12,31,0,0,28,26,54,2,2,43,38,85,34,25,59,144
03/07/2020,VQQ,FL,ASO,ES,Federal Contract Tower,4,0,14,2,20,0,0,27,1,28,4,0,41,3,48,118,2,120,168
03/08/2020,VQQ,FL,ASO,ES,Federal Contract Tower,1,0,16,2,19,0,0,34,0,34,1,0,50,2,53,116,2,118,171
03/09/2020,VQQ,FL,ASO,ES,Federal Contract Tower,0,2,29,8,39,0,0,34,26,60,0,2,63,34,99,152,62,214,313
03/10/2020,VQQ,FL,ASO,ES,Federal Contract Tower,3,2,17,28,50,0,0,25,30,55,3,2,42,58,105,158,162,320,425
03/11/2020,VQQ,FL,ASO,ES,Federal Contract Tower,3,2,40,11,56,0,0,57,48,105,3,2,97,59,161,184,262,446,607
03/12/2020,VQQ,FL,ASO,ES,Federal Contract Tower,1,4,23,19,47,0,0,41,46,87,1,4,64,65,134,178,174,352,486
03/13/2020,VQQ,FL,ASO,ES,Federal Contract Tower,1,2,23,9,35,0,0,46,28,74,1,2,69,37,109,132,70,202,311
03/14/2020,VQQ,FL,ASO,ES,Federal Contract Tower,1,0,16,0,17,0,0,30,1,31,1,0,46,1,48,122,0,122,170
03/15/2020,VQQ,FL,ASO,ES,Federal Contract Tower,1,0,11,0,12,0,0,20,0,20,1,0,31,0,32,92,0,92,124
03/16/2020,VQQ,FL,ASO,ES,Federal Contract Tower,0,2,17,8,27,0,0,3,27,30,0,2,20,35,57,48,70,118,175
03/17/2020,VQQ,FL,ASO,ES,Federal Contract Tower,3,2,16,16,37,0,0,13,29,42,3,2,29,45,79,74,84,158,237
03/18/2020,VQQ,FL,ASO,ES,Federal Contract Tower,3,2,28,13,46,0,0,38,41,79,3,2,66,54,125,146,144,290,415
03/19/2020,VQQ,FL,ASO,ES,Federal Contract Tower,0,2,18,8,28,0,0,33,39,72,0,2,51,47,100,140,137,277,377
03/20/2020,VQQ,FL,ASO,ES,Federal Contract Tower,0,2,19,1,22,0,1,33,9,43,0,3,52,10,65,64,3,67,132
03/21/2020,VQQ,FL,ASO,ES,Federal Contract Tower,2,0,4,0,6,0,0,22,0,22,2,0,26,0,28,50,0,50,78
03/22/2020,VQQ,FL,ASO,ES,Federal Contract Tower,0,0,5,0,5,0,0,16,0,16,0,0,21,0,21,66,0,66,87
03/23/2020,VQQ,FL,ASO,ES,Federal Contract Tower,0,2,11,3,16,0,0,28,16,44,0,2,39,19,60,114,8,122,182
03/24/2020,VQQ,FL,ASO,ES,Federal Contract Tower,0,2,21,14,37,0,0,22,28,50,0,2,43,42,87,68,114,182,269
03/25/2020,VQQ,FL,ASO,ES,Federal Contract Tower,0,2,20,12,34,0,0,21,14,35,0,2,41,26,69,131,88,219,288
03/26/2020,VQQ,FL,ASO,ES,Federal Contract Tower,1,2,18,10,31,0,0,36,14,50,1,2,54,24,81,110,122,232,313
03/27/2020,VQQ,FL,ASO,ES,Federal Contract Tower,1,2,19,9,31,0,0,37,16,53,1,2,56,25,84,156,34,190,274
03/28/2020,VQQ,FL,ASO,ES,Federal Contract Tower,0,0,10,4,14,0,0,28,0,28,0,0,38,4,42,76,0,76,118
03/29/2020,VQQ,FL,ASO,ES,Federal Contract Tower,0,0,7,1,8,0,0,18,0,18,0,0,25,1,26,66,0,66,92
03/30/2020,VQQ,FL,ASO,ES,Federal Contract Tower,3,2,7,5,17,0,0,37,8,45,3,2,44,13,62,146,14,160,222
03/31/2020,VQQ,FL,ASO,ES,Federal Contract Tower,0,3,12,7,22,0,0,5,10,15,0,3,17,17,37,28,4,32,69
04/01/2020,VQQ,FL,ASO,ES,Federal Contract Tower,0,2,14,8,24,0,0,29,16,45,0,2,43,24,69,142,114,256,325
04/02/2020,VQQ,FL,ASO,ES,Federal Contract Tower,1,2,8,3,14,0,0,41,24,65,1,2,49,27,79,176,104,280,359
04/03/2020,VQQ,FL,ASO,ES,Federal Contract Tower,1,2,5,15,23,0,0,16,21,37,1,2,21,36,60,58,35,93,153
04/04/2020,VQQ,FL,ASO,ES,Federal Contract Tower,0,0,14,6,20,0,0,12,41,53,0,0,26,47,73,40,0,40,113
04/05/2020,VQQ,FL,ASO,ES,Federal Contract Tower,0,0,9,2,11,0,0,5,16,21,0,0,14,18,32,14,0,14,46
04/06/2020,VQQ,FL,ASO,ES,Federal Contract Tower,5,2,7,8,22,0,0,10,68,78,5,2,17,76,100,36,0,36,136
04/07/2020,VQQ,FL,ASO,ES,Federal Contract Tower,1,2,8,23,34,0,0,18,46,64,1,2,26,69,98,88,222,310,408
04/08/2020,VQQ,FL,ASO,ES,Federal Contract Tower,3,2,9,51,65,0,2,18,21,41,3,4,27,72,106,6,64,70,176
04/09/2020,VQQ,FL,ASO,ES,Federal Contract Tower,0,2,17,65,84,0,0,6,44,50,0,2,23,109,134,34,201,235,369
04/10/2020,VQQ,FL,ASO,ES,Federal Contract Tower,1,2,11,61,75,0,0,2,24,26,1,2,13,85,101,10,110,120,221
04/11/2020,VQQ,FL,ASO,ES,Federal Contract Tower,0,0,12,31,43,0,0,11,6,17,0,0,23,37,60,34,14,48,108
04/12/2020,VQQ,FL,ASO,ES,Federal Contract Tower,0,0,0,10,10,0,0,0,0,0,0,0,0,10,10,0,0,0,10
04/13/2020,VQQ,FL,ASO,ES,Federal Contract Tower,1,2,1,17,21,0,0,0,22,22,1,2,1,39,43,0,94,94,137
04/14/2020,VQQ,FL,ASO,ES,Federal Contract Tower,3,2,0,3,8,0,0,0,16,16,3,2,0,19,24,0,12,12,36
04/15/2020,VQQ,FL,ASO,ES,Federal Contract Tower,0,5,3,7,15,0,0,0,13,13,0,5,3,20,28,0,92,92,120
04/16/2020,VQQ,FL,ASO,ES,Federal Contract Tower,2,3,7,13,25,0,0,6,57,63,2,3,13,70,88,20,222,242,330
04/17/2020,VQQ,FL,ASO,ES,Federal Contract Tower,4,2,17,2,25,0,0,5,21,26,4,2,22,23,51,0,43,43,94
04/18/2020,VQQ,FL,ASO,ES,Federal Contract Tower,0,0,2,9,11,0,0,0,0,0,0,0,2,9,11,0,0,0,11
04/19/2020,VQQ,FL,ASO,ES,Federal Contract Tower,0,0,4,3,7,0,0,2,0,2,0,0,6,3,9,0,0,0,9
04/20/2020,VQQ,FL,ASO,ES,Federal Contract Tower,0,2,5,8,15,0,0,5,18,23,0,2,10,26,38,28,72,100,138
04/21/2020,VQQ,FL,ASO,ES,Federal Contract Tower,0,2,15,8,25,0,0,35,27,62,0,2,50,35,87,158,42,200,287
04/22/2020,VQQ,FL,ASO,ES,Federal Contract Tower,0,2,5,5,12,0,0,21,40,61,0,2,26,45,73,82,150,232,305
04/23/2020,VQQ,FL,ASO,ES,Federal Contract Tower,0,2,2,10,14,0,0,13,36,49,0,2,15,46,63,22,163,185,248
04/24/2020,VQQ,FL,ASO,ES,Federal Contract Tower,2,2,9,8,21,0,0,4,30,34,2,2,13,38,55,0,66,66,121
04/25/2020,VQQ,FL,ASO,ES,Federal Contract Tower,1,0,16,1,18,0,0,21,2,23,1,0,37,3,41,56,30,86,127
04/26/2020,VQQ,FL,ASO,ES,Federal Contract Tower,5,0,11,0,16,0,0,18,0,18,5,0,29,0,34,32,0,32,66
04/27/2020,VQQ,FL,ASO,ES,Federal Contract Tower,0,2,14,6,22,0,0,23,11,34,0,2,37,17,56,46,116,162,218
04/28/2020,VQQ,FL,ASO,ES,Federal Contract Tower,0,2,11,17,30,0,0,16,37,53,0,2,27,54,83,96,270,366,449
04/29/2020,VQQ,FL,ASO,ES,Federal Contract Tower,0,2,10,12,24,0,0,18,31,49,0,2,28,43,73,50,200,250,323
04/30/2020,VQQ,FL,ASO,ES,Federal Contract Tower,0,4,10,15,29,0,0,4,56,60,0,4,14,71,89,0,98,98,187
05/01/2020,VQQ,FL,ASO,ES,Federal Contract Tower,0,2,4,4,10,0,0,21,28,49,0,2,25,32,59,32,87,119,178
05/02/2020,VQQ,FL,ASO,ES,Federal Contract Tower,0,0,5,0,5,0,0,35,0,35,0,0,40,0,40,66,0,66,106
05/03/2020,VQQ,FL,ASO,ES,Federal Contract Tower,0,1,2,0,3,0,0,20,1,21,0,1,22,1,24,67,0,67,91
05/04/2020,VQQ,FL,ASO,ES,Federal Contract Tower,1,4,13,8,26,0,0,16,31,47,1,4,29,39,73,58,130,188,261
05/05/2020,VQQ,FL,ASO,ES,Federal Contract Tower,0,2,10,14,26,0,0,32,35,67,0,2,42,49,93,106,28,134,227
05/06/2020,VQQ,FL,ASO,ES,Federal Contract Tower,0,2,21,7,30,0,0,7,58,65,0,2,28,65,95,26,162,188,283
05/07/2020,VQQ,FL,ASO,ES,Federal Contract Tower,0,2,4,7,13,0,0,16,43,59,0,2,20,50,72,46,66,112,184
05/08/2020,VQQ,FL,ASO,ES,Federal Contract Tower,2,2,15,3,22,0,0,46,27,73,2,2,61,30,95,178,68,246,341
05/09/2020,VQQ,FL,ASO,ES,Federal Contract Tower,0,0,7,0,7,0,0,12,0,12,0,0,19,0,19,66,0,66,85
05/10/2020,VQQ,FL,ASO,ES,Federal Contract Tower,2,0,0,0,2,0,0,2,0,2,2,0,2,0,4,20,0,20,24
05/11/2020,VQQ,FL,ASO,ES,Federal Contract Tower,0,2,14,7,23,0,0,26,17,43,0,2,40,24,66,114,32,146,212
05/12/2020,VQQ,FL,ASO,ES,Federal Contract Tower,2,2,9,7,20,0,0,36,29,65,2,2,45,36,85,68,86,154,239
05/13/2020,VQQ,FL,ASO,ES,Federal Contract Tower,2,2,20,28,52,0,0,27,41,68,2,2,47,69,120,58,168,226,346
05/14/2020,VQQ,FL,ASO,ES,Federal Contract Tower,0,3,14,21,38,0,0,21,36,57,0,3,35,57,95,34,92,126,221
05/15/2020,VQQ,FL,ASO,ES,Federal Contract Tower,1,2,8,4,15,0,0,22,35,57,1,2,30,39,72,36,54,90,162
05/16/2020,VQQ,FL,ASO,ES,Federal Contract Tower,2,0,8,15,25,0,0,7,22,29,2,0,15,37,54,6,0,6,60
05/17/2020,VQQ,FL,ASO,ES,Federal Contract Tower,1,0,7,20,28,0,0,4,53,57,1,0,11,73,85,12,0,12,97
05/18/2020,VQQ,FL,ASO,ES,Federal Contract Tower,2,2,1,49,54,0,1,16,2,19,2,3,17,51,73,60,16,76,149
05/19/2020,VQQ,FL,ASO,ES,Federal Contract Tower,7,2,18,48,75,0,0,31,29,60,7,2,49,77,135,80,118,198,333
05/20/2020,VQQ,FL,ASO,ES,Federal Contract Tower,0,2,6,45,53,0,0,27,27,54,0,2,33,72,107,100,98,198,305
05/21/2020,VQQ,FL,ASO,ES,Federal Contract Tower,0,2,18,45,65,0,0,29,46,75,0,2,47,91,140,86,152,238,378
05/22/2020,VQQ,FL,ASO,ES,Federal Contract Tower,1,4,6,12,23,0,0,16,12,28,1,4,22,24,51,124,14,138,189
05/23/2020,VQQ,FL,ASO,ES,Federal Contract Tower,0,0,7,8,15,0,0,18,1,19,0,0,25,9,34,52,0,52,86
05/24/2020,VQQ,FL,ASO,ES,Federal Contract Tower,0,0,10,0,10,0,0,22,1,23,0,0,32,1,33,62,0,62,95
05/25/2020,VQQ,FL,ASO,ES,Federal Contract Tower,0,0,16,5,21,0,0,4,0,4,0,0,20,5,25,14,0,14,39
05/26/2020,VQQ,FL,ASO,ES,Federal Contract Tower,2,2,13,14,31,0,0,0,0,0,2,2,13,14,31,0,0,0,31
05/27/2020,VQQ,FL,ASO,ES,Federal Contract Tower,0,2,15,9,26,0,0,1,30,31,0,2,16,39,57,18,186,204,261
05/28/2020,VQQ,FL,ASO,ES,Federal Contract Tower,0,4,17,14,35,0,0,14,20,34,0,4,31,34,69,58,81,139,208
05/29/2020,VQQ,FL,ASO,ES,Federal Contract Tower,1,2,17,21,41,0,0,13,8,21,1,2,30,29,62,40,78,118,180
05/30/2020,VQQ,FL,ASO,ES,Federal Contract Tower,1,0,14,7,22,0,0,7,0,7,1,0,21,7,29,32,0,32,61
05/31/2020,VQQ,FL,ASO,ES,Federal Contract Tower,0,0,4,4,8,0,0,24,0,24,0,0,28,4,32,42,0,42,74
06/01/2020,VQQ,FL,ASO,ES,Federal Contract Tower,0,4,12,6,22,0,0,12,22,34,0,4,24,28,56,30,84,114,170
06/02/2020,VQQ,FL,ASO,ES,Federal Contract Tower,2,6,26,11,45,2,0,26,19,47,4,6,52,30,92,104,62,166,258
06/03/2020,VQQ,FL,ASO,ES,Federal Contract Tower,0,2,25,19,46,0,0,25,46,71,0,2,50,65,117,120,142,262,379
06/04/2020,VQQ,FL,ASO,ES,Federal Contract Tower,1,2,7,18,28,0,0,0,19,19,1,2,7,37,47,0,57,57,104
06/05/2020,VQQ,FL,ASO,ES,Federal Contract Tower,2,2,14,7,25,0,0,11,13,24,2,2,25,20,49,54,34,88,137
06/06/2020,VQQ,FL,ASO,ES,Federal Contract Tower,3,0,3,2,8,0,0,8,0,8,3,0,11,2,16,16,0,16,32
06/07/2020,VQQ,FL,ASO,ES,Federal Contract Tower,0,0,2,1,3,0,0,0,0,0,0,0,2,1,3,0,0,0,3
06/08/2020,VQQ,FL,ASO,ES,Federal Contract Tower,0,2,17,13,32,0,0,3,5,8,0,2,20,18,40,1,10,11,51
06/09/2020,VQQ,FL,ASO,ES,Federal Contract Tower,0,2,21,25,48,0,0,6,20,26,0,2,27,45,74,0,150,150,224
06/10/2020,VQQ,FL,ASO,ES,Federal Contract Tower,0,2,12,14,28,0,0,13,19,32,0,2,25,33,60,60,56,116,176
06/11/2020,VQQ,FL,ASO,ES,Federal Contract Tower,0,2,15,19,36,0,0,39,34,73,0,2,54,53,109,92,246,338,447
06/12/2020,VQQ,FL,ASO,ES,Federal Contract Tower,0,4,17,4,25,0,0,26,18,44,0,4,43,22,69,68,24,92,161
06/13/2020,VQQ,FL,ASO,ES,Federal Contract Tower,0,0,7,4,11,0,0,3,2,5,0,0,10,6,16,12,0,12,28
06/14/2020,VQQ,FL,ASO,ES,Federal Contract Tower,0,0,6,4,10,0,0,16,2,18,0,0,22,6,28,44,0,44,72
06/15/2020,VQQ,FL,ASO,ES,Federal Contract Tower,0,5,20,6,31,0,0,9,22,31,0,5,29,28,62,22,18,40,102
06/16/2020,VQQ,FL,ASO,ES,Federal Contract Tower,0,2,24,26,52,0,0,25,41,66,0,2,49,67,118,116,228,344,462
06/17/2020,VQQ,FL,ASO,ES,Federal Contract Tower,0,2,22,18,42,0,0,18,37,55,0,2,40,55,97,68,228,296,393
06/18/2020,VQQ,FL,ASO,ES,Federal Contract Tower,0,2,13,12,27,0,0,20,52,72,0,2,33,64,99,46,166,212,311
06/19/2020,VQQ,FL,ASO,ES,Federal Contract Tower,0,2,7,7,16,0,0,8,17,25,0,2,15,24,41,0,70,70,111
06/20/2020,VQQ,FL,ASO,ES,Federal Contract Tower,0,0,21,0,21,0,0,8,0,8,0,0,29,0,29,16,0,16,45
06/21/2020,VQQ,FL,ASO,ES,Federal Contract Tower,2,0,15,2,19,0,0,14,0,14,2,0,29,2,33,44,0,44,77
06/22/2020,VQQ,FL,ASO,ES,Federal Contract Tower,0,2,21,11,34,0,0,21,22,43,0,2,42,33,77,81,27,108,185
06/23/2020,VQQ,FL,ASO,ES,Federal Contract Tower,3,2,16,14,35,0,0,20,37,57,3,2,36,51,92,60,128,188,280
06/24/2020,VQQ,FL,ASO,ES,Federal Contract Tower,3,2,18,6,29,0,0,18,32,50,3,2,36,38,79,64,210,274,353
06/25/2020,VQQ,FL,ASO,ES,Federal Contract Tower,2,2,27,33,64,0,0,13,50,63,2,2,40,83,127,44,260,304,431
06/26/2020,VQQ,FL,ASO,ES,Federal Contract Tower,4,8,14,11,37,0,0,20,14,34,4,8,34,25,71,98,72,170,241
06/27/2020,VQQ,FL,ASO,ES,Federal Contract Tower,0,0,10,7,17,0,0,11,1,12,0,0,21,8,29,60,0,60,89
06/28/2020,VQQ,FL,ASO,ES,Federal Contract Tower,1,0,16,2,19,0,0,9,1,10,1,0,25,3,29,6,0,6,35
06/29/2020,VQQ,FL,ASO,ES,Federal Contract Tower,1,2,12,2,17,0,0,11,19,30,1,2,23,21,47,32,0,32,79
06/30/2020,VQQ,FL,ASO,ES,Federal Contract Tower,0,2,17,18,37,0,0,12,42,54,0,2,29,60,91,18,174,192,283
07/01/2020,VQQ,FL,ASO,ES,Federal Contract Tower,0,2,15,23,40,0,0,33,44,77,0,2,48,67,117,94,302,396,513
07/02/2020,VQQ,FL,ASO,ES,Federal Contract Tower,1,2,17,16,36,0,0,32,44,76,1,2,49,60,112,48,238,286,398
07/03/2020,VQQ,FL,ASO,ES,Federal Contract Tower,5,2,15,0,22,0,0,23,0,23,5,2,38,0,45,93,0,93,138
07/04/2020,VQQ,FL,ASO,ES,Federal Contract Tower,0,0,1,0,1,0,0,8,0,8,0,0,9,0,9,2,0,2,11
07/05/2020,VQQ,FL,ASO,ES,Federal Contract Tower,0,0,10,2,12,0,0,4,1,5,0,0,14,3,17,8,0,8,25
07/06/2020,VQQ,FL,ASO,ES,Federal Contract Tower,3,2,2,6,13,0,0,12,6,18,3,2,14,12,31,61,20,81,112
07/07/2020,VQQ,FL,ASO,ES,Federal Contract Tower,0,2,13,2,17,0,0,23,26,49,0,2,36,28,66,120,26,146,212
07/08/2020,VQQ,FL,ASO,ES,Federal Contract Tower,0,2,21,21,44,0,0,9,34,43,0,2,30,55,87,36,102,138,225
07/09/2020,VQQ,FL,ASO,ES,Federal Contract Tower,2,6,24,22,54,0,0,29,44,73,2,6,53,66,127,54,68,122,249
07/10/2020,VQQ,FL,ASO,ES,Federal Contract Tower,0,2,25,15,42,0,0,20,29,49,0,2,45,44,91,52,98,150,241
07/11/2020,VQQ,FL,ASO,ES,Federal Contract Tower,0,0,4,6,10,0,0,10,1,11,0,0,14,7,21,36,0,36,57
07/12/2020,VQQ,FL,ASO,ES,Federal Contract Tower,0,0,12,6,18,0,0,26,6,32,0,0,38,12,50,100,18,118,168
07/13/2020,VQQ,FL,ASO,ES,Federal Contract Tower,0,2,15,10,27,0,0,28,6,34,0,2,43,16,61,96,0,96,157
07/14/2020,VQQ,FL,ASO,ES,Federal Contract Tower,0,2,14,14,30,0,0,26,19,45,0,2,40,33,75,78,116,194,269
07/15/2020,VQQ,FL,ASO,ES,Federal Contract Tower,0,0,22,31,53,0,0,26,47,73,0,0,48,78,126,110,136,246,372
07/16/2020,VQQ,FL,ASO,ES,Federal Contract Tower,2,2,17,21,42,0,0,37,33,70,2,2,54,54,112,124,89,213,325
07/17/2020,VQQ,FL,ASO,ES,Federal Contract Tower,4,5,23,14,46,0,0,22,26,48,4,5,45,40,94,80,36,116,210
07/18/2020,VQQ,FL,ASO,ES,Federal Contract Tower,2,0,31,1,34,0,0,25,2,27,2,0,56,3,61,56,0,56,117
07/19/2020,VQQ,FL,ASO,ES,Federal Contract Tower,0,0,29,1,30,0,0,12,2,14,0,0,41,3,44,40,6,46,90
07/20/2020,VQQ,FL,ASO,ES,Federal Contract Tower,0,2,26,19,47,0,0,29,31,60,0,2,55,50,107,110,16,126,233
07/21/2020,VQQ,FL,ASO,ES,Federal Contract Tower,0,2,15,12,29,0,0,18,48,66,0,2,33,60,95,114,238,352,447
07/22/2020,VQQ,FL,ASO,ES,Federal Contract Tower,0,2,20,22,44,0,0,17,55,72,0,2,37,77,116,42,198,240,356
07/23/2020,VQQ,FL,ASO,ES,Federal Contract Tower,0,2,7,13,22,0,0,19,36,55,0,2,26,49,77,78,117,195,272
07/24/2020,VQQ,FL,ASO,ES,Federal Contract Tower,1,2,35,12,50,0,0,30,30,60,1,2,65,42,110,61,39,100,210
07/25/2020,VQQ,FL,ASO,ES,Federal Contract Tower,3,0,20,4,27,0,0,19,4,23,3,0,39,8,50,36,0,36,86
07/26/2020,VQQ,FL,ASO,ES,Federal Contract Tower,1,2,10,0,13,0,0,13,2,15,1,2,23,2,28,92,0,92,120
07/27/2020,VQQ,FL,ASO,ES,Federal Contract Tower,2,0,28,5,35,0,0,22,25,47,2,0,50,30,82,49,26,75,157
07/28/2020,VQQ,FL,ASO,ES,Federal Contract Tower,0,0,27,16,43,0,0,33,37,70,0,0,60,53,113,160,138,298,411
07/29/2020,VQQ,FL,ASO,ES,Federal Contract Tower,0,0,11,14,25,0,0,34,40,74,0,0,45,54,99,62,226,288,387
07/30/2020,VQQ,FL,ASO,ES,Federal Contract Tower,0,0,21,15,36,0,0,22,39,61,0,0,43,54,97,78,234,312,409
07/31/2020,VQQ,FL,ASO,ES,Federal Contract Tower,2,0,28,10,40,0,0,28,32,60,2,0,56,42,100,78,56,134,234
08/01/2020,VQQ,FL,ASO,ES,Federal Contract Tower,0,0,8,0,8,0,0,14,0,14,0,0,22,0,22,22,0,22,44
08/02/2020,VQQ,FL,ASO,ES,Federal Contract Tower,0,0,1,0,1,0,0,10,0,10,0,0,11,0,11,30,0,30,41
08/03/2020,VQQ,FL,ASO,ES,Federal Contract Tower,0,0,4,2,6,0,0,5,2,7,0,0,9,4,13,26,8,34,47
08/04/2020,VQQ,FL,ASO,ES,Federal Contract Tower,0,0,22,4,26,0,0,43,11,54,0,0,65,15,80,100,76,176,256
08/05/2020,VQQ,FL,ASO,ES,Federal Contract Tower,0,0,26,15,41,0,0,26,39,65,0,0,52,54,106,38,200,238,344
08/06/2020,VQQ,FL,ASO,ES,Federal Contract Tower,0,0,19,15,34,0,0,22,19,41,0,0,41,34,75,112,104,216,291
08/07/2020,VQQ,FL,ASO,ES,Federal Contract Tower,2,0,22,31,55,0,0,22,10,32,2,0,44,41,87,85,56,141,228
08/08/2020,VQQ,FL,ASO,ES,Federal Contract Tower,5,0,13,2,20,2,0,15,1,18,7,0,28,3,38,62,0,62,100
08/09/2020,VQQ,FL,ASO,ES,Federal Contract Tower,0,0,22,0,22,0,0,17,0,17,0,0,39,0,39,42,0,42,81
08/10/2020,VQQ,FL,ASO,ES,Federal Contract Tower,5,0,17,0,22,0,0,25,12,37,5,0,42,12,59,154,40,194,253
08/11/2020,VQQ,FL,ASO,ES,Federal Contract Tower,1,0,22,6,29,0,0,26,31,57,1,0,48,37,86,100,199,299,385
08/12/2020,VQQ,FL,ASO,ES,Federal Contract Tower,1,4,21,20,46,0,0,35,28,63,1,4,56,48,109,158,214,372,481
08/13/2020,VQQ,FL,ASO,ES,Federal Contract Tower,0,0,22,17,39,0,0,36,27,63,0,0,58,44,102,90,177,267,369
08/14/2020,VQQ,FL,ASO,ES,Federal Contract Tower,0,1,10,27,38,0,0,19,14,33,0,1,29,41,71,59,34,93,164
08/15/2020,VQQ,FL,ASO,ES,Federal Contract Tower,0,0,10,0,10,0,0,2,0,2,0,0,12,0,12,2,0,2,14
08/16/2020,VQQ,FL,ASO,ES,Federal Contract Tower,1,0,13,2,16,0,0,16,0,16,1,0,29,2,32,60,0,60,92
08/17/2020,VQQ,FL,ASO,ES,Federal Contract Tower,2,0,12,34,48,0,0,24,16,40,2,0,36,50,88,68,86,154,242
08/18/2020,VQQ,FL,ASO,ES,Federal Contract Tower,0,0,22,14,36,0,0,16,28,44,0,0,38,42,80,18,238,256,336
08/19/2020,VQQ,FL,ASO,ES,Federal Contract Tower,0,0,10,25,35,0,0,41,24,65,0,0,51,49,100,144,188,332,432
08/20/2020,VQQ,FL,ASO,ES,Federal Contract Tower,0,1,20,68,89,0,0,12,44,56,0,1,32,112,145,38,261,299,444
08/21/2020,VQQ,FL,ASO,ES,Federal Contract Tower,0,4,33,11,48,0,1,15,15,31,0,5,48,26,79,72,22,94,173
08/22/2020,VQQ,FL,ASO,ES,Federal Contract Tower,3,0,18,10,31,0,0,16,5,21,3,0,34,15,52,40,12,52,104
08/23/2020,VQQ,FL,ASO,ES,Federal Contract Tower,0,0,10,4,14,0,0,6,1,7,0,0,16,5,21,36,0,36,57
08/24/2020,VQQ,FL,ASO,ES,Federal Contract Tower,0,0,42,9,51,0,0,18,6,24,0,0,60,15,75,120,30,150,225
08/25/2020,VQQ,FL,ASO,ES,Federal Contract Tower,0,0,35,24,59,0,0,24,23,47,0,0,59,47,106,50,160,210,316
08/26/2020,VQQ,FL,ASO,ES,Federal Contract Tower,3,0,31,18,52,0,0,36,30,66,3,0,67,48,118,128,239,367,485
08/27/2020,VQQ,FL,ASO,ES,Federal Contract Tower,0,0,19,19,38,0,0,18,33,51,0,0,37,52,89,82,204,286,375
08/28/2020,VQQ,FL,ASO,ES,Federal Contract Tower,0,0,36,16,52,0,0,29,23,52,0,0,65,39,104,54,72,126,230
08/29/2020,VQQ,FL,ASO,ES,Federal Contract Tower,4,0,14,2,20,0,0,4,2,6,4,0,18,4,26,20,0,20,46
08/30/2020,VQQ,FL,ASO,ES,Federal Contract Tower,0,0,3,0,3,0,0,0,2,2,0,0,3,2,5,0,0,0,5
08/31/2020,VQQ,FL,ASO,ES,Federal Contract Tower,0,0,6,11,17,0,0,7,17,24,0,0,13,28,41,33,109,142,183
09/01/2020,VQQ,FL,ASO,ES,Federal Contract Tower,5,0,29,26,60,2,0,6,47,55,7,0,35,73,115,6,292,298,413
09/02/2020,VQQ,FL,ASO,ES,Federal Contract Tower,4,0,41,30,75,0,0,32,25,57,4,0,73,55,132,80,124,204,336
09/03/2020,VQQ,FL,ASO,ES,Federal Contract Tower,0,0,31,38,69,0,0,27,35,62,0,0,58,73,131,88,222,310,441
09/04/2020,VQQ,FL,ASO,ES,Federal Contract Tower,2,0,25,17,44,0,0,40,17,57,2,0,65,34,101,84,30,114,215
09/05/2020,VQQ,FL,ASO,ES,Federal Contract Tower,1,0,23,2,26,0,0,2,0,2,1,0,25,2,28,4,0,4,32
09/06/2020,VQQ,FL,ASO,ES,Federal Contract Tower,1,0,2,1,4,0,0,5,0,5,1,0,7,1,9,5,0,5,14
09/07/2020,VQQ,FL,ASO,ES,Federal Contract Tower,0,0,31,4,35,0,0,19,0,19,0,0,50,4,54,89,0,89,143
09/08/2020,VQQ,FL,ASO,ES,Federal Contract Tower,3,0,13,32,48,0,0,11,26,37,3,0,24,58,85,62,140,202,287
09/09/2020,VQQ,FL,ASO,ES,Federal Contract Tower,3,0,21,44,68,0,0,12,62,74,3,0,33,106,142,18,254,272,414
09/10/2020,VQQ,FL,ASO,ES,Federal Contract Tower,0,0,24,40,64,0,0,23,76,99,0,0,47,116,163,82,249,331,494
09/11/2020,VQQ,FL,ASO,ES,Federal Contract Tower,0,0,23,57,80,0,2,8,35,45,0,2,31,92,125,60,113,173,298
09/12/2020,VQQ,FL,ASO,ES,Federal Contract Tower,0,0,3,47,50,0,0,15,4,19,0,0,18,51,69,42,26,68,137
09/13/2020,VQQ,FL,ASO,ES,Federal Contract Tower,0,0,4,42,46,0,0,1,0,1,0,0,5,42,47,0,0,0,47
09/14/2020,VQQ,FL,ASO,ES,Federal Contract Tower,2,0,27,57,86,0,0,20,20,40,2,0,47,77,126,50,172,222,348
09/15/2020,VQQ,FL,ASO,ES,Federal Contract Tower,2,0,26,21,49,0,0,19,24,43,2,0,45,45,92,76,90,166,258
09/16/2020,VQQ,FL,ASO,ES,Federal Contract Tower,4,0,18,13,35,0,0,28,37,65,4,0,46,50,100,132,206,338,438
09/17/2020,VQQ,FL,ASO,ES,Federal Contract Tower,5,0,21,7,33,0,0,5,37,42,5,0,26,44,75,11,176,187,262
09/18/2020,VQQ,FL,ASO,ES,Federal Contract Tower,1,3,15,10,29,0,0,11,33,44,1,3,26,43,73,60,52,112,185
09/19/2020,VQQ,FL,ASO,ES,Federal Contract Tower,0,1,9,1,11,0,0,0,0,0,0,1,9,1,11,0,0,0,11
09/20/2020,VQQ,FL,ASO,ES,Federal Contract Tower,0,0,0,0,0,0,0,0,0,0,0,0,0,0,0,0,0,0,0
09/21/2020,VQQ,FL,ASO,ES,Federal Contract Tower,1,0,17,8,26,0,1,8,29,38,1,1,25,37,64,34,131,165,229
09/22/2020,VQQ,FL,ASO,ES,Federal Contract Tower,0,0,59,11,70,0,0,58,49,107,0,0,117,60,177,170,202,372,549
09/23/2020,VQQ,FL,ASO,ES,Federal Contract Tower,7,0,12,22,41,1,0,39,26,66,8,0,51,48,107,126,56,182,289
09/24/2020,VQQ,FL,ASO,ES,Federal Contract Tower,3,2,22,20,47,0,0,19,11,30,3,2,41,31,77,80,102,182,259
09/25/2020,VQQ,FL,ASO,ES,Federal Contract Tower,3,0,57,35,95,0,0,28,23,51,3,0,85,58,146,159,74,233,379
09/26/2020,VQQ,FL,ASO,ES,Federal Contract Tower,0,0,45,11,56,0,0,10,0,10,0,0,55,11,66,44,0,44,110
09/27/2020,VQQ,FL,ASO,ES,Federal Contract Tower,0,0,11,0,11,0,0,6,0,6,0,0,17,0,17,6,0,6,23
09/28/2020,VQQ,FL,ASO,ES,Federal Contract Tower,0,0,31,12,43,0,0,12,19,31,0,0,43,31,74,24,42,66,140
09/29/2020,VQQ,FL,ASO,ES,Federal Contract Tower,0,0,16,25,41,0,0,2,22,24,0,0,18,47,65,16,106,122,187
09/30/2020,VQQ,FL,ASO,ES,Federal Contract Tower,0,0,20,27,47,0,0,61,25,86,0,0,81,52,133,206,124,330,463
10/01/2020,VQQ,FL,ASO,ES,Federal Contract Tower,0,0,26,32,58,0,0,57,36,93,0,0,83,68,151,150,268,418,569
10/02/2020,VQQ,FL,ASO,ES,Federal Contract Tower,0,0,31,15,46,0,0,48,31,79,0,0,79,46,125,206,58,264,389
10/03/2020,VQQ,FL,ASO,ES,Federal Contract Tower,4,0,13,0,17,0,0,18,0,18,4,0,31,0,35,64,0,64,99
10/04/2020,VQQ,FL,ASO,ES,Federal Contract Tower,6,0,3,7,16,0,0,2,3,5,6,0,5,10,21,22,0,22,43
10/05/2020,VQQ,FL,ASO,ES,Federal Contract Tower,1,1,4,18,24,0,0,0,0,0,1,1,4,18,24,0,0,0,24
10/06/2020,VQQ,FL,ASO,ES,Federal Contract Tower,1,1,21,17,40,0,0,10,32,42,1,1,31,49,82,74,144,218,300
10/07/2020,VQQ,FL,ASO,ES,Federal Contract Tower,3,0,20,92,115,0,0,5,34,39,3,0,25,126,154,40,120,160,314
10/08/2020,VQQ,FL,ASO,ES,Federal Contract Tower,3,0,29,26,58,0,0,30,40,70,3,0,59,66,128,190,258,448,576
10/09/2020,VQQ,FL,ASO,ES,Federal Contract Tower,0,0,20,8,28,0,0,14,30,44,0,0,34,38,72,64,35,99,171
10/10/2020,VQQ,FL,ASO,ES,Federal Contract Tower,0,0,14,0,14,0,0,35,1,36,0,0,49,1,50,100,0,100,150
10/11/2020,VQQ,FL,ASO,ES,Federal Contract Tower,0,0,0,64,64,0,0,2,0,2,0,0,2,64,66,6,0,6,72
10/12/2020,VQQ,FL,ASO,ES,Federal Contract Tower,1,0,56,0,57,0,0,34,0,34,1,0,90,0,91,127,0,127,218
10/13/2020,VQQ,FL,ASO,ES,Federal Contract Tower,0,0,38,47,85,0,0,48,32,80,0,0,86,79,165,194,136,330,495
10/14/2020,VQQ,FL,ASO,ES,Federal Contract Tower,0,0,33,26,59,0,0,49,26,75,0,0,82,52,134,142,78,220,354
10/15/2020,VQQ,FL,ASO,ES,Federal Contract Tower,1,0,40,33,74,0,0,28,44,72,1,0,68,77,146,103,196,299,445
10/16/2020,VQQ,FL,ASO,ES,Federal Contract Tower,2,1,24,28,55,0,0,50,23,73,2,1,74,51,128,108,80,188,316
10/17/2020,VQQ,FL,ASO,ES,Federal Contract Tower,0,1,19,18,38,0,0,27,10,37,0,1,46,28,75,30,158,188,263
10/18/2020,VQQ,FL,ASO,ES,Federal Contract Tower,0,0,25,5,30,0,0,6,6,12,0,0,31,11,42,20,44,64,106
10/19/2020,VQQ,FL,ASO,ES,Federal Contract Tower,1,0,26,8,35,0,0,19,12,31,1,0,45,20,66,138,70,208,274
10/20/2020,VQQ,FL,ASO,ES,Federal Contract Tower,1,0,23,32,56,0,0,2,23,25,1,0,25,55,81,0,92,92,173
10/21/2020,VQQ,FL,ASO,ES,Federal Contract Tower,0,0,12,41,53,0,0,7,45,52,0,0,19,86,105,54,108,162,267
10/22/2020,VQQ,FL,ASO,ES,Federal Contract Tower,1,0,9,11,21,0,0,15,33,48,1,0,24,44,69,28,107,135,204
10/23/2020,VQQ,FL,ASO,ES,Federal Contract Tower,0,0,21,5,26,0,0,26,16,42,0,0,47,21,68,35,31,66,134
10/24/2020,VQQ,FL,ASO,ES,Federal Contract Tower,0,0,22,21,43,0,0,26,9,35,0,0,48,30,78,93,50,143,221
10/25/2020,VQQ,FL,ASO,ES,Federal Contract Tower,0,0,9,0,9,0,1,17,10,28,0,1,26,10,37,49,0,49,86
10/26/2020,VQQ,FL,ASO,ES,Federal Contract Tower,0,0,27,1,28,0,0,22,34,56,0,0,49,35,84,110,42,152,236
10/27/2020,VQQ,FL,ASO,ES,Federal Contract Tower,0,0,19,41,60,0,0,7,41,48,0,0,26,82,108,18,196,214,322
10/28/2020,VQQ,FL,ASO,ES,Federal Contract Tower,1,4,30,15,50,0,0,31,48,79,1,4,61,63,129,104,172,276,405
10/29/2020,VQQ,FL,ASO,ES,Federal Contract Tower,1,3,12,11,27,0,0,5,17,22,1,3,17,28,49,38,72,110,159
10/30/2020,VQQ,FL,ASO,ES,Federal Contract Tower,1,2,14,10,27,0,0,38,21,59,1,2,52,31,86,202,28,230,316
10/31/2020,VQQ,FL,ASO,ES,Federal Contract Tower,2,0,14,0,16,0,0,16,0,16,2,0,30,0,32,40,0,40,72
11/01/2020,VQQ,FL,ASO,ES,Federal Contract Tower,0,0,6,1,7,0,0,7,0,7,0,0,13,1,14,26,0,26,40
11/02/2020,VQQ,FL,ASO,ES,Federal Contract Tower,0,0,14,9,23,0,0,32,2,34,0,0,46,11,57,104,38,142,199
11/03/2020,VQQ,FL,ASO,ES,Federal Contract Tower,4,0,19,24,47,0,0,59,33,92,4,0,78,57,139,228,220,448,587
11/04/2020,VQQ,FL,ASO,ES,Federal Contract Tower,3,0,26,18,47,0,0,40,30,70,3,0,66,48,117,144,90,234,351
11/05/2020,VQQ,FL,ASO,ES,Federal Contract Tower,0,0,29,22,51,0,0,40,34,74,0,0,69,56,125,146,160,306,431
11/06/2020,VQQ,FL,ASO,ES,Federal Contract Tower,2,0,19,40,61,0,0,2,18,20,2,0,21,58,81,12,68,80,161
11/07/2020,VQQ,FL,ASO,ES,Federal Contract Tower,6,0,7,5,18,0,0,7,6,13,6,0,14,11,31,18,42,60,91
11/08/2020,VQQ,FL,ASO,ES,Federal Contract Tower,0,1,15,1,17,0,0,4,0,4,0,1,19,1,21,36,0,36,57
11/09/2020,VQQ,FL,ASO,ES,Federal Contract Tower,0,1,4,20,25,0,0,3,31,34,0,1,7,51,59,6,124,130,189
11/10/2020,VQQ,FL,ASO,ES,Federal Contract Tower,2,0,6,38,46,0,0,4,31,35,2,0,10,69,81,24,112,136,217
11/11/2020,VQQ,FL,ASO,ES,Federal Contract Tower,0,0,25,0,25,0,0,5,0,5,0,0,30,0,30,22,0,22,52
11/12/2020,VQQ,FL,ASO,ES,Federal Contract Tower,0,0,1,19,20,0,0,0,12,12,0,0,1,31,32,10,84,94,126
11/13/2020,VQQ,FL,ASO,ES,Federal Contract Tower,4,0,36,18,58,0,0,15,24,39,4,0,51,42,97,88,54,142,239
11/14/2020,VQQ,FL,ASO,ES,Federal Contract Tower,4,0,18,3,25,0,0,36,12,48,4,0,54,15,73,160,68,228,301
11/15/2020,VQQ,FL,ASO,ES,Federal Contract Tower,2,0,13,2,17,0,0,33,4,37,2,0,46,6,54,100,0,100,154
11/16/2020,VQQ,FL,ASO,ES,Federal Contract Tower,0,0,34,11,45,0,0,41,22,63,0,0,75,33,108,176,116,292,400
11/17/2020,VQQ,FL,ASO,ES,Federal Contract Tower,3,0,62,6,71,0,0,41,39,80,3,0,103,45,151,218,128,346,497
11/18/2020,VQQ,FL,ASO,ES,Federal Contract Tower,0,0,21,22,43,0,0,51,55,106,0,0,72,77,149,60,164,224,373
11/19/2020,VQQ,FL,ASO,ES,Federal Contract Tower,0,2,46,28,76,0,0,27,55,82,0,2,73,83,158,148,224,372,530
11/20/2020,VQQ,FL,ASO,ES,Federal Contract Tower,1,0,34,4,39,0,0,27,14,41,1,0,61,18,80,96,26,122,202
11/21/2020,VQQ,FL,ASO,ES,Federal Contract Tower,0,0,20,12,32,0,0,13,3,16,0,0,33,15,48,48,0,48,96
11/22/2020,VQQ,FL,ASO,ES,Federal Contract Tower,0,0,7,9,16,0,0,0,0,0,0,0,7,9,16,4,0,4,20
11/23/2020,VQQ,FL,ASO,ES,Federal Contract Tower,0,2,22,16,40,0,0,36,31,67,0,2,58,47,107,264,42,306,413
11/24/2020,VQQ,FL,ASO,ES,Federal Contract Tower,0,0,20,20,40,0,0,50,25,75,0,0,70,45,115,82,0,82,197
11/25/2020,VQQ,FL,ASO,ES,Federal Contract Tower,0,0,22,20,42,0,0,35,6,41,0,0,57,26,83,140,2,142,225
11/26/2020,VQQ,FL,ASO,ES,Federal Contract Tower,0,0,3,0,3,0,0,3,0,3,0,0,6,0,6,8,0,8,14
11/27/2020,VQQ,FL,ASO,ES,Federal Contract Tower,1,0,9,0,10,0,0,15,0,15,1,0,24,0,25,60,0,60,85
11/28/2020,VQQ,FL,ASO,ES,Federal Contract Tower,0,0,2,2,4,0,0,10,0,10,0,0,12,2,14,46,0,46,60
11/29/2020,VQQ,FL,ASO,ES,Federal Contract Tower,0,0,7,2,9,0,0,5,2,7,0,0,12,4,16,26,0,26,42
11/30/2020,VQQ,FL,ASO,ES,Federal Contract Tower,3,0,7,13,23,0,0,20,28,48,3,0,27,41,71,30,96,126,197
12/01/2020,VQQ,FL,ASO,ES,Federal Contract Tower,0,0,25,7,32,0,0,35,25,60,0,0,60,32,92,138,128,266,358
12/02/2020,VQQ,FL,ASO,ES,Federal Contract Tower,0,6,39,13,58,0,0,45,41,86,0,6,84,54,144,192,252,444,588
12/03/2020,VQQ,FL,ASO,ES,Federal Contract Tower,1,1,32,21,55,0,2,34,42,78,1,3,66,63,133,137,224,361,494
12/04/2020,VQQ,FL,ASO,ES,Federal Contract Tower,2,0,17,10,29,0,0,30,21,51,2,0,47,31,80,83,108,191,271
12/05/2020,VQQ,FL,ASO,ES,Federal Contract Tower,1,0,14,5,20,0,0,31,6,37,1,0,45,11,57,72,26,98,155
12/06/2020,VQQ,FL,ASO,ES,Federal Contract Tower,0,0,17,50,67,0,0,8,3,11,0,0,25,53,78,50,8,58,136
12/07/2020,VQQ,FL,ASO,ES,Federal Contract Tower,0,0,15,33,48,0,0,33,5,38,0,0,48,38,86,135,59,194,280
12/08/2020,VQQ,FL,ASO,ES,Federal Contract Tower,0,2,21,24,47,0,0,54,69,123,0,2,75,93,170,86,110,196,366
12/09/2020,VQQ,FL,ASO,ES,Federal Contract Tower,0,0,14,53,67,0,0,27,94,121,0,0,41,147,188,102,388,490,678
12/10/2020,VQQ,FL,ASO,ES,Federal Contract Tower,0,0,14,58,72,0,0,34,49,83,0,0,48,107,155,138,176,314,469
12/11/2020,VQQ,FL,ASO,ES,Federal Contract Tower,4,4,9,52,69,0,0,42,26,68,4,4,51,78,137,130,58,188,325
12/12/2020,VQQ,FL,ASO,ES,Federal Contract Tower,1,0,3,57,61,0,0,11,3,14,1,0,14,60,75,20,0,20,95
12/13/2020,VQQ,FL,ASO,ES,Federal Contract Tower,1,0,13,51,65,0,0,11,0,11,1,0,24,51,76,40,0,40,116
12/14/2020,VQQ,FL,ASO,ES,Federal Contract Tower,0,0,11,25,36,0,0,12,25,37,0,0,23,50,73,46,37,83,156
12/15/2020,VQQ,FL,ASO,ES,Federal Contract Tower,0,0,49,25,74,0,0,16,42,58,0,0,65,67,132,162,198,360,492
12/16/2020,VQQ,FL,ASO,ES,Federal Contract Tower,1,0,2,1,4,0,0,0,0,0,1,0,2,1,4,0,28,28,32
12/17/2020,VQQ,FL,ASO,ES,Federal Contract Tower,0,0,31,20,51,0,0,21,33,54,0,0,52,53,105,111,204,315,420
12/18/2020,VQQ,FL,ASO,ES,Federal Contract Tower,0,0,27,6,33,0,0,44,16,60,0,0,71,22,93,166,84,250,343
12/19/2020,VQQ,FL,ASO,ES,Federal Contract Tower,1,0,9,2,12,0,0,6,0,6,1,0,15,2,18,18,0,18,36
12/20/2020,VQQ,FL,ASO,ES,Federal Contract Tower,0,0,6,3,9,0,0,4,2,6,0,0,10,5,15,8,2,10,25
12/21/2020,VQQ,FL,ASO,ES,Federal Contract Tower,0,0,11,7,18,0,0,18,19,37,0,0,29,26,55,48,56,104,159
12/22/2020,VQQ,FL,ASO,ES,Federal Contract Tower,6,0,6,8,20,0,0,43,20,63,6,0,49,28,83,72,94,166,249
12/23/2020,VQQ,FL,ASO,ES,Federal Contract Tower,2,0,5,1,8,0,0,28,17,45,2,0,33,18,53,171,72,243,296
12/24/2020,VQQ,FL,ASO,ES,Federal Contract Tower,0,0,0,0,0,0,0,7,0,7,0,0,7,0,7,18,0,18,25
12/25/2020,VQQ,FL,ASO,ES,Federal Contract Tower,0,0,2,0,2,0,0,1,0,1,0,0,3,0,3,0,0,0,3
12/26/2020,VQQ,FL,ASO,ES,Federal Contract Tower,1,0,4,0,5,0,0,24,4,28,1,0,28,4,33,74,4,78,111
12/27/2020,VQQ,FL,ASO,ES,Federal Contract Tower,2,0,5,0,7,0,0,15,0,15,2,0,20,0,22,24,0,24,46
12/28/2020,VQQ,FL,ASO,ES,Federal Contract Tower,0,0,4,2,6,0,0,29,7,36,0,0,33,9,42,136,0,136,178
12/29/2020,VQQ,FL,ASO,ES,Federal Contract Tower,6,0,4,4,14,0,0,28,15,43,6,0,32,19,57,48,66,114,171
12/30/2020,VQQ,FL,ASO,ES,Federal Contract Tower,2,0,7,7,16,0,0,28,10,38,2,0,35,17,54,108,42,150,204
12/31/2020,VQQ,FL,ASO,ES,Federal Contract Tower,2,0,8,0,10,0,0,12,0,12,2,0,20,0,22,40,0,40,62
01/01/2021,VQQ,FL,ASO,ES,Federal Contract Tower,0,0,5,1,6,0,0,10,1,11,0,0,15,2,17,12,0,12,29
01/02/2021,VQQ,FL,ASO,ES,Federal Contract Tower,2,0,3,1,6,0,0,8,8,16,2,0,11,9,22,24,80,104,126
01/03/2021,VQQ,FL,ASO,ES,Federal Contract Tower,3,0,15,3,21,0,0,15,5,20,3,0,30,8,41,12,84,96,137
01/04/2021,VQQ,FL,ASO,ES,Federal Contract Tower,1,0,19,5,25,0,0,26,11,37,1,0,45,16,62,122,40,162,224
01/05/2021,VQQ,FL,ASO,ES,Federal Contract Tower,1,0,24,26,51,0,0,38,12,50,1,0,62,38,101,220,84,304,405
01/06/2021,VQQ,FL,ASO,ES,Federal Contract Tower,0,0,9,12,21,0,0,45,27,72,0,0,54,39,93,144,126,270,363
01/07/2021,VQQ,FL,ASO,ES,Federal Contract Tower,0,2,14,7,23,0,1,41,21,63,0,3,55,28,86,82,112,194,280
01/08/2021,VQQ,FL,ASO,ES,Federal Contract Tower,0,0,19,17,36,0,0,16,23,39,0,0,35,40,75,140,120,260,335
01/09/2021,VQQ,FL,ASO,ES,Federal Contract Tower,1,0,3,3,7,0,0,10,5,15,1,0,13,8,22,40,10,50,72
01/10/2021,VQQ,FL,ASO,ES,Federal Contract Tower,0,2,2,18,22,0,0,27,1,28,0,2,29,19,50,104,0,104,154
01/11/2021,VQQ,FL,ASO,ES,Federal Contract Tower,0,0,19,11,30,0,0,28,6,34,0,0,47,17,64,158,44,202,266
01/12/2021,VQQ,FL,ASO,ES,Federal Contract Tower,2,0,31,12,45,0,0,8,29,37,2,0,39,41,82,26,196,222,304
01/13/2021,VQQ,FL,ASO,ES,Federal Contract Tower,0,0,37,9,46,0,0,10,47,57,0,0,47,56,103,128,478,606,709
01/14/2021,VQQ,FL,ASO,ES,Federal Contract Tower,0,0,36,12,48,0,0,20,30,50,0,0,56,42,98,122,172,294,392
01/15/2021,VQQ,FL,ASO,ES,Federal Contract Tower,3,0,15,25,43,0,0,14,6,20,3,0,29,31,63,78,46,124,187
01/16/2021,VQQ,FL,ASO,ES,Federal Contract Tower,0,0,6,4,10,0,0,10,0,10,0,0,16,4,20,26,0,26,46
01/17/2021,VQQ,FL,ASO,ES,Federal Contract Tower,0,2,7,10,19,0,0,11,0,11,0,2,18,10,30,32,0,32,62
01/18/2021,VQQ,FL,ASO,ES,Federal Contract Tower,1,0,23,2,26,0,0,28,0,28,1,0,51,2,54,72,0,72,126
01/19/2021,VQQ,FL,ASO,ES,Federal Contract Tower,0,0,27,28,55,0,0,42,34,76,0,0,69,62,131,228,194,422,553
01/20/2021,VQQ,FL,ASO,ES,Federal Contract Tower,4,0,29,36,69,0,0,28,46,74,4,0,57,82,143,152,288,440,583
01/21/2021,VQQ,FL,ASO,ES,Federal Contract Tower,2,0,26,41,69,0,0,31,55,86,2,0,57,96,155,188,225,413,568
01/22/2021,VQQ,FL,ASO,ES,Federal Contract Tower,2,0,19,11,32,0,0,0,5,5,2,0,19,16,37,0,102,102,139
01/23/2021,VQQ,FL,ASO,ES,Federal Contract Tower,3,6,9,2,20,0,0,6,7,13,3,6,15,9,33,8,40,48,81
01/24/2021,VQQ,FL,ASO,ES,Federal Contract Tower,4,2,6,11,23,0,0,9,10,19,4,2,15,21,42,20,120,140,182
01/25/2021,VQQ,FL,ASO,ES,Federal Contract Tower,4,1,11,21,37,0,0,13,33,46,4,1,24,54,83,65,120,185,268
01/26/2021,VQQ,FL,ASO,ES,Federal Contract Tower,2,0,17,19,38,0,0,44,39,83,2,0,61,58,121,192,208,400,521
01/27/2021,VQQ,FL,ASO,ES,Federal Contract Tower,1,0,17,13,31,0,0,9,13,22,1,0,26,26,53,16,68,84,137
01/28/2021,VQQ,FL,ASO,ES,Federal Contract Tower,0,0,22,16,38,0,0,32,54,86,0,0,54,70,124,98,369,467,591
01/29/2021,VQQ,FL,ASO,ES,Federal Contract Tower,4,0,26,10,40,0,2,44,0,46,4,2,70,10,86,260,66,326,412
01/30/2021,VQQ,FL,ASO,ES,Federal Contract Tower,2,0,12,3,17,0,0,34,0,34,2,0,46,3,51,74,0,74,125
01/31/2021,VQQ,FL,ASO,ES,Federal Contract Tower,0,0,5,6,11,0,0,9,1,10,0,0,14,7,21,22,0,22,43
02/01/2021,VQQ,FL,ASO,ES,Federal Contract Tower,2,0,13,15,30,0,0,0,12,12,2,0,13,27,42,22,64,86,128
02/02/2021,VQQ,FL,ASO,ES,Federal Contract Tower,2,0,10,22,34,0,0,24,32,56,2,0,34,54,90,94,92,186,276
02/03/2021,VQQ,FL,ASO,ES,Federal Contract Tower,0,0,16,17,33,0,0,40,23,63,0,0,56,40,96,210,90,300,396
02/04/2021,VQQ,FL,ASO,ES,Federal Contract Tower,0,0,32,8,40,0,0,49,31,80,0,0,81,39,120,188,70,258,378
02/05/2021,VQQ,FL,ASO,ES,Federal Contract Tower,0,0,20,29,49,0,0,5,23,28,0,0,25,52,77,5,48,53,130
02/06/2021,VQQ,FL,ASO,ES,Federal Contract Tower,0,2,12,1,15,0,0,0,0,0,0,2,12,1,15,0,0,0,15
02/07/2021,VQQ,FL,ASO,ES,Federal Contract Tower,7,0,18,4,29,0,0,4,1,5,7,0,22,5,34,38,0,38,72
02/08/2021,VQQ,FL,ASO,ES,Federal Contract Tower,2,0,22,8,32,0,0,35,24,59,2,0,57,32,91,158,30,188,279
02/09/2021,VQQ,FL,ASO,ES,Federal Contract Tower,0,0,10,7,17,0,0,0,14,14,0,0,10,21,31,0,58,58,89
02/10/2021,VQQ,FL,ASO,ES,Federal Contract Tower,0,2,32,24,58,0,0,18,25,43,0,2,50,49,101,68,188,256,357
02/11/2021,VQQ,FL,ASO,ES,Federal Contract Tower,0,1,36,25,62,0,0,29,58,87,0,1,65,83,149,164,182,346,495
02/12/2021,VQQ,FL,ASO,ES,Federal Contract Tower,0,0,12,16,28,0,0,2,1,3,0,0,14,17,31,14,18,32,63
02/13/2021,VQQ,FL,ASO,ES,Federal Contract Tower,0,0,4,0,4,0,0,0,4,4,0,0,4,4,8,0,0,0,8
02/14/2021,VQQ,FL,ASO,ES,Federal Contract Tower,0,0,1,9,10,0,0,0,0,0,0,0,1,9,10,0,0,0,10
02/15/2021,VQQ,FL,ASO,ES,Federal Contract Tower,0,0,5,2,7,0,0,0,0,0,0,0,5,2,7,0,0,0,7
02/16/2021,VQQ,FL,ASO,ES,Federal Contract Tower,5,0,31,11,47,0,0,38,40,78,5,0,69,51,125,182,188,370,495
02/17/2021,VQQ,FL,ASO,ES,Federal Contract Tower,0,0,43,9,52,0,0,25,31,56,0,0,68,40,108,220,206,426,534
02/18/2021,VQQ,FL,ASO,ES,Federal Contract Tower,0,2,27,31,60,0,0,14,25,39,0,2,41,56,99,52,102,154,253
02/19/2021,VQQ,FL,ASO,ES,Federal Contract Tower,0,0,9,20,29,0,0,0,2,2,0,0,9,22,31,0,12,12,43
02/20/2021,VQQ,FL,ASO,ES,Federal Contract Tower,2,2,30,3,37,0,0,98,6,104,2,2,128,9,141,116,50,166,307
02/21/2021,VQQ,FL,ASO,ES,Federal Contract Tower,0,0,9,4,13,0,0,18,12,30,0,0,27,16,43,66,34,100,143
02/22/2021,VQQ,FL,ASO,ES,Federal Contract Tower,0,3,18,20,41,0,0,33,34,67,0,3,51,54,108,118,160,278,386
02/23/2021,VQQ,FL,ASO,ES,Federal Contract Tower,5,1,37,14,57,0,0,42,35,77,5,1,79,49,134,124,154,278,412
02/24/2021,VQQ,FL,ASO,ES,Federal Contract Tower,1,0,40,34,75,0,0,51,45,96,1,0,91,79,171,262,226,488,659
02/25/2021,VQQ,FL,ASO,ES,Federal Contract Tower,0,0,45,31,76,0,0,50,33,83,0,0,95,64,159,130,168,298,457
02/26/2021,VQQ,FL,ASO,ES,Federal Contract Tower,1,0,19,20,40,0,0,20,18,38,1,0,39,38,78,80,28,108,186
02/27/2021,VQQ,FL,ASO,ES,Federal Contract Tower,0,1,18,7,26,0,0,20,0,20,0,1,38,7,46,34,0,34,80
02/28/2021,VQQ,FL,ASO,ES,Federal Contract Tower,0,3,12,18,33,0,0,14,5,19,0,3,26,23,52,48,2,50,102
03/01/2021,VQQ,FL,ASO,ES,Federal Contract Tower,0,0,40,22,62,0,0,18,11,29,0,0,58,33,91,106,84,190,281
03/02/2021,VQQ,FL,ASO,ES,Federal Contract Tower,0,2,29,28,59,0,0,4,0,4,0,2,33,28,63,0,0,0,63
03/03/2021,VQQ,FL,ASO,ES,Federal Contract Tower,1,0,27,17,45,0,0,2,24,26,1,0,29,41,71,0,32,32,103
03/04/2021,VQQ,FL,ASO,ES,Federal Contract Tower,2,2,40,16,60,0,0,51,53,104,2,2,91,69,164,252,224,476,640
03/05/2021,VQQ,FL,ASO,ES,Federal Contract Tower,1,0,26,29,56,0,0,39,20,59,1,0,65,49,115,170,52,222,337
03/06/2021,VQQ,FL,ASO,ES,Federal Contract Tower,0,0,5,5,10,0,0,0,1,1,0,0,5,6,11,0,0,0,11
03/07/2021,VQQ,FL,ASO,ES,Federal Contract Tower,3,0,9,24,36,0,0,36,3,39,3,0,45,27,75,132,0,132,207
03/08/2021,VQQ,FL,ASO,ES,Federal Contract Tower,0,0,22,10,32,0,0,42,22,64,0,0,64,32,96,140,60,200,296
03/09/2021,VQQ,FL,ASO,ES,Federal Contract Tower,0,0,22,38,60,0,0,38,31,69,0,0,60,69,129,138,120,258,387
03/10/2021,VQQ,FL,ASO,ES,Federal Contract Tower,0,0,55,12,67,0,0,40,45,85,0,0,95,57,152,176,218,394,546
03/11/2021,VQQ,FL,ASO,ES,Federal Contract Tower,3,0,26,21,50,0,0,28,38,66,3,0,54,59,116,106,152,258,374
03/12/2021,VQQ,FL,ASO,ES,Federal Contract Tower,0,0,11,35,46,0,0,41,20,61,0,0,52,55,107,177,34,211,318
03/13/2021,VQQ,FL,ASO,ES,Federal Contract Tower,1,0,16,12,29,0,0,19,61,80,1,0,35,73,109,46,0,46,155
03/14/2021,VQQ,FL,ASO,ES,Federal Contract Tower,0,0,17,53,70,0,0,27,3,30,0,0,44,56,100,66,2,68,168
03/15/2021,VQQ,FL,ASO,ES,Federal Contract Tower,1,0,41,96,138,0,0,25,28,53,1,0,66,124,191,86,156,242,433
03/16/2021,VQQ,FL,ASO,ES,Federal Contract Tower,3,0,27,84,114,0,0,45,32,77,3,0,72,116,191,169,100,269,460
03/17/2021,VQQ,FL,ASO,ES,Federal Contract Tower,0,0,33,39,72,0,0,31,19,50,0,0,64,58,122,100,188,288,410
03/18/2021,VQQ,FL,ASO,ES,Federal Contract Tower,2,0,6,21,29,0,0,8,16,24,2,0,14,37,53,56,140,196,249
03/19/2021,VQQ,FL,ASO,ES,Federal Contract Tower,1,0,30,32,63,0,0,33,14,47,1,0,63,46,110,184,60,244,354
03/20/2021,VQQ,FL,ASO,ES,Federal Contract Tower,0,0,5,10,15,0,0,3,4,7,0,0,8,14,22,2,12,14,36
03/21/2021,VQQ,FL,ASO,ES,Federal Contract Tower,0,0,8,15,23,0,0,0,0,0,0,0,8,15,23,0,0,0,23
03/22/2021,VQQ,FL,ASO,ES,Federal Contract Tower,7,0,9,11,27,0,0,8,12,20,7,0,17,23,47,48,48,96,143
03/23/2021,VQQ,FL,ASO,ES,Federal Contract Tower,0,2,69,10,81,0,0,43,36,79,0,2,112,46,160,132,130,262,422
03/24/2021,VQQ,FL,ASO,ES,Federal Contract Tower,3,1,35,41,80,0,0,30,36,66,3,1,65,77,146,148,144,292,438
03/25/2021,VQQ,FL,ASO,ES,Federal Contract Tower,5,0,24,29,58,0,0,23,35,58,5,0,47,64,116,74,186,260,376
03/26/2021,VQQ,FL,ASO,ES,Federal Contract Tower,0,0,44,43,87,0,2,37,19,58,0,2,81,62,145,190,106,296,441
03/27/2021,VQQ,FL,ASO,ES,Federal Contract Tower,1,0,19,8,28,0,0,17,4,21,1,0,36,12,49,86,6,92,141
03/28/2021,VQQ,FL,ASO,ES,Federal Contract Tower,0,2,13,26,41,0,0,9,5,14,0,2,22,31,55,28,20,48,103
03/29/2021,VQQ,FL,ASO,ES,Federal Contract Tower,1,0,36,11,48,0,0,27,8,35,1,0,63,19,83,130,54,184,267
03/30/2021,VQQ,FL,ASO,ES,Federal Contract Tower,0,0,18,9,27,0,0,3,22,25,0,0,21,31,52,0,98,98,150
03/31/2021,VQQ,FL,ASO,ES,Federal Contract Tower,2,0,24,23,49,0,0,18,44,62,2,0,42,67,111,118,152,270,381
04/01/2021,VQQ,FL,ASO,ES,Federal Contract Tower,1,0,34,23,58,0,0,13,27,40,1,0,47,50,98,100,130,230,328
04/02/2021,VQQ,FL,ASO,ES,Federal Contract Tower,0,0,25,19,44,0,0,32,11,43,0,0,57,30,87,110,20,130,217
04/03/2021,VQQ,FL,ASO,ES,Federal Contract Tower,0,1,16,3,20,0,0,26,2,28,0,1,42,5,48,58,2,60,108
04/04/2021,VQQ,FL,ASO,ES,Federal Contract Tower,5,0,14,5,24,0,0,16,0,16,5,0,30,5,40,34,0,34,74
04/05/2021,VQQ,FL,ASO,ES,Federal Contract Tower,3,0,27,16,46,0,0,26,6,32,3,0,53,22,78,92,8,100,178
04/06/2021,VQQ,FL,ASO,ES,Federal Contract Tower,0,2,42,61,105,0,0,35,50,85,0,2,77,111,190,82,232,314,504
04/07/2021,VQQ,FL,ASO,ES,Federal Contract Tower,0,0,36,18,54,0,0,21,58,79,0,0,57,76,133,64,240,304,437
04/08/2021,VQQ,FL,ASO,ES,Federal Contract Tower,0,0,27,13,40,0,0,29,29,58,0,0,56,42,98,112,102,214,312
04/09/2021,VQQ,FL,ASO,ES,Federal Contract Tower,1,0,42,29,72,0,0,27,21,48,1,0,69,50,120,141,35,176,296
04/10/2021,VQQ,FL,ASO,ES,Federal Contract Tower,0,0,6,2,8,0,0,7,6,13,0,0,13,8,21,26,2,28,49
04/11/2021,VQQ,FL,ASO,ES,Federal Contract Tower,0,0,0,3,3,0,0,1,1,2,0,0,1,4,5,0,0,0,5
04/12/2021,VQQ,FL,ASO,ES,Federal Contract Tower,0,0,16,8,24,0,0,32,35,67,0,0,48,43,91,164,51,215,306
04/13/2021,VQQ,FL,ASO,ES,Federal Contract Tower,2,0,26,9,37,0,0,32,38,70,2,0,58,47,107,148,270,418,525
04/14/2021,VQQ,FL,ASO,ES,Federal Contract Tower,1,0,24,15,40,0,0,31,41,72,1,0,55,56,112,152,166,318,430
04/15/2021,VQQ,FL,ASO,ES,Federal Contract Tower,2,0,26,25,53,0,0,24,57,81,2,0,50,82,134,100,296,396,530
04/16/2021,VQQ,FL,ASO,ES,Federal Contract Tower,2,0,15,18,35,0,0,23,22,45,2,0,38,40,80,66,47,113,193
04/17/2021,VQQ,FL,ASO,ES,Federal Contract Tower,2,0,6,0,8,0,0,0,2,2,2,0,6,2,10,0,10,10,20
04/18/2021,VQQ,FL,ASO,ES,Federal Contract Tower,0,0,5,1,6,0,0,3,0,3,0,0,8,1,9,0,0,0,9
04/19/2021,VQQ,FL,ASO,ES,Federal Contract Tower,0,0,34,8,42,0,0,36,11,47,0,0,70,19,89,124,40,164,253
04/20/2021,VQQ,FL,ASO,ES,Federal Contract Tower,0,0,23,22,45,0,0,25,28,53,0,0,48,50,98,140,208,348,446
04/21/2021,VQQ,FL,ASO,ES,Federal Contract Tower,2,0,28,24,54,0,0,22,34,56,2,0,50,58,110,70,146,216,326
04/22/2021,VQQ,FL,ASO,ES,Federal Contract Tower,0,0,37,27,64,0,0,36,43,79,0,0,73,70,143,166,212,378,521
04/23/2021,VQQ,FL,ASO,ES,Federal Contract Tower,7,0,20,9,36,0,0,38,9,47,7,0,58,18,83,97,42,139,222
04/24/2021,VQQ,FL,ASO,ES,Federal Contract Tower,0,0,8,7,15,0,0,3,2,5,0,0,11,9,20,10,0,10,30
04/25/2021,VQQ,FL,ASO,ES,Federal Contract Tower,3,0,21,7,31,0,0,31,0,31,3,0,52,7,62,74,0,74,136
04/26/2021,VQQ,FL,ASO,ES,Federal Contract Tower,0,0,16,2,18,0,0,22,23,45,0,0,38,25,63,78,32,110,173
04/27/2021,VQQ,FL,ASO,ES,Federal Contract Tower,0,0,37,7,44,0,0,33,38,71,0,0,70,45,115,254,234,488,603
04/28/2021,VQQ,FL,ASO,ES,Federal Contract Tower,4,0,28,12,44,0,0,30,38,68,4,0,58,50,112,122,104,226,338
04/29/2021,VQQ,FL,ASO,ES,Federal Contract Tower,0,0,33,24,57,0,0,51,39,90,0,0,84,63,147,194,197,391,538
04/30/2021,VQQ,FL,ASO,ES,Federal Contract Tower,1,0,20,6,27,0,0,10,16,26,1,0,30,22,53,58,50,108,161
05/01/2021,VQQ,FL,ASO,ES,Federal Contract Tower,2,0,15,0,17,0,0,13,0,13,2,0,28,0,30,62,0,62,92
05/02/2021,VQQ,FL,ASO,ES,Federal Contract Tower,0,0,15,6,21,0,0,8,0,8,0,0,23,6,29,8,0,8,37
05/03/2021,VQQ,FL,ASO,ES,Federal Contract Tower,0,2,19,16,37,0,0,37,9,46,0,2,56,25,83,160,94,254,337
05/04/2021,VQQ,FL,ASO,ES,Federal Contract Tower,0,0,27,23,50,0,0,32,39,71,0,0,59,62,121,108,296,404,525
05/05/2021,VQQ,FL,ASO,ES,Federal Contract Tower,0,0,28,40,68,0,0,34,47,81,0,0,62,87,149,88,248,336,485
05/06/2021,VQQ,FL,ASO,ES,Federal Contract Tower,0,0,7,8,15,0,0,10,34,44,0,0,17,42,59,82,230,312,371
05/07/2021,VQQ,FL,ASO,ES,Federal Contract Tower,0,2,34,18,54,0,0,32,22,54,0,2,66,40,108,94,28,122,230
05/08/2021,VQQ,FL,ASO,ES,Federal Contract Tower,1,0,20,12,33,0,0,27,3,30,1,0,47,15,63,48,22,70,133
05/09/2021,VQQ,FL,ASO,ES,Federal Contract Tower,0,0,13,4,17,0,0,13,0,13,0,0,26,4,30,52,0,52,82
05/10/2021,VQQ,FL,ASO,ES,Federal Contract Tower,2,1,28,6,37,0,0,9,31,40,2,1,37,37,77,68,92,160,237
05/11/2021,VQQ,FL,ASO,ES,Federal Contract Tower,3,1,24,15,43,0,0,36,35,71,3,1,60,50,114,126,184,310,424
05/12/2021,VQQ,FL,ASO,ES,Federal Contract Tower,1,1,27,18,47,0,0,44,23,67,1,1,71,41,114,198,116,314,428
05/13/2021,VQQ,FL,ASO,ES,Federal Contract Tower,0,3,34,10,47,0,0,0,15,15,0,3,34,25,62,0,98,98,160
05/14/2021,VQQ,FL,ASO,ES,Federal Contract Tower,0,0,33,37,70,0,0,27,21,48,0,0,60,58,118,126,66,192,310
05/15/2021,VQQ,FL,ASO,ES,Federal Contract Tower,0,0,9,3,12,0,0,19,2,21,0,0,28,5,33,54,0,54,87
05/16/2021,VQQ,FL,ASO,ES,Federal Contract Tower,0,0,24,3,27,0,0,18,3,21,0,0,42,6,48,46,34,80,128
05/17/2021,VQQ,FL,ASO,ES,Federal Contract Tower,0,0,52,19,71,0,0,47,26,73,0,0,99,45,144,106,86,192,336
05/18/2021,VQQ,FL,ASO,ES,Federal Contract Tower,0,0,57,41,98,0,0,26,44,70,0,0,83,85,168,160,188,348,516
05/19/2021,VQQ,FL,ASO,ES,Federal Contract Tower,6,4,33,22,65,0,0,25,45,70,6,4,58,67,135,104,258,362,497
05/20/2021,VQQ,FL,ASO,ES,Federal Contract Tower,0,0,42,33,75,0,0,38,37,75,0,0,80,70,150,126,180,306,456
05/21/2021,VQQ,FL,ASO,ES,Federal Contract Tower,1,1,41,46,89,0,0,17,21,38,1,1,58,67,127,88,20,108,235
05/22/2021,VQQ,FL,ASO,ES,Federal Contract Tower,0,1,14,10,25,0,0,21,2,23,0,1,35,12,48,38,8,46,94
05/23/2021,VQQ,FL,ASO,ES,Federal Contract Tower,0,0,18,5,23,0,0,20,2,22,0,0,38,7,45,44,0,44,89
05/24/2021,VQQ,FL,ASO,ES,Federal Contract Tower,2,0,36,21,59,0,0,31,22,53,2,0,67,43,112,106,82,188,300
05/25/2021,VQQ,FL,ASO,ES,Federal Contract Tower,0,0,23,15,38,0,0,42,49,91,0,0,65,64,129,114,216,330,459
05/26/2021,VQQ,FL,ASO,ES,Federal Contract Tower,0,2,21,13,36,0,2,38,26,66,0,4,59,39,102,60,116,176,278
05/27/2021,VQQ,FL,ASO,ES,Federal Contract Tower,1,0,19,5,25,0,0,30,13,43,1,0,49,18,68,94,30,124,192
05/28/2021,VQQ,FL,ASO,ES,Federal Contract Tower,1,0,22,8,31,0,0,35,10,45,1,0,57,18,76,55,12,67,143
05/29/2021,VQQ,FL,ASO,ES,Federal Contract Tower,0,0,10,1,11,0,0,18,0,18,0,0,28,1,29,46,0,46,75
05/30/2021,VQQ,FL,ASO,ES,Federal Contract Tower,4,0,6,3,13,0,0,6,0,6,4,0,12,3,19,10,0,10,29
05/31/2021,VQQ,FL,ASO,ES,Federal Contract Tower,0,0,19,2,21,0,0,30,0,30,0,0,49,2,51,84,0,84,135
06/01/2021,VQQ,FL,ASO,ES,Federal Contract Tower,2,0,33,7,42,0,0,38,18,56,2,0,71,25,98,164,104,268,366
06/02/2021,VQQ,FL,ASO,ES,Federal Contract Tower,2,0,26,2,30,0,0,15,18,33,2,0,41,20,63,50,60,110,173
06/03/2021,VQQ,FL,ASO,ES,Federal Contract Tower,1,0,18,13,32,0,0,14,12,26,1,0,32,25,58,154,146,300,358
06/04/2021,VQQ,FL,ASO,ES,Federal Contract Tower,2,1,37,16,56,0,0,22,15,37,2,1,59,31,93,16,60,76,169
06/05/2021,VQQ,FL,ASO,ES,Federal Contract Tower,3,0,5,1,9,0,0,8,3,11,3,0,13,4,20,62,18,80,100
06/06/2021,VQQ,FL,ASO,ES,Federal Contract Tower,2,0,10,1,13,0,0,16,4,20,2,0,26,5,33,56,28,84,117
06/07/2021,VQQ,FL,ASO,ES,Federal Contract Tower,2,0,14,10,26,0,0,12,12,24,2,0,26,22,50,94,62,156,206
06/08/2021,VQQ,FL,ASO,ES,Federal Contract Tower,0,0,33,18,51,0,0,28,34,62,0,0,61,52,113,122,368,490,603
06/09/2021,VQQ,FL,ASO,ES,Federal Contract Tower,1,0,17,13,31,0,0,21,31,52,1,0,38,44,83,80,104,184,267
06/10/2021,VQQ,FL,ASO,ES,Federal Contract Tower,2,0,36,9,47,0,0,26,30,56,2,0,62,39,103,58,166,224,327
06/11/2021,VQQ,FL,ASO,ES,Federal Contract Tower,2,0,21,8,31,0,0,36,20,56,2,0,57,28,87,122,38,160,247
06/12/2021,VQQ,FL,ASO,ES,Federal Contract Tower,0,0,4,6,10,0,0,13,4,17,0,0,17,10,27,20,2,22,49
06/13/2021,VQQ,FL,ASO,ES,Federal Contract Tower,0,0,14,3,17,0,0,5,9,14,0,0,19,12,31,6,12,18,49
06/14/2021,VQQ,FL,ASO,ES,Federal Contract Tower,1,0,9,24,34,0,0,5,6,11,1,0,14,30,45,0,8,8,53
06/15/2021,VQQ,FL,ASO,ES,Federal Contract Tower,0,0,41,10,51,0,0,20,23,43,0,0,61,33,94,42,100,142,236
06/16/2021,VQQ,FL,ASO,ES,Federal Contract Tower,0,2,18,5,25,0,0,22,11,33,0,2,40,16,58,40,26,66,124
06/17/2021,VQQ,FL,ASO,ES,Federal Contract Tower,2,0,44,10,56,0,0,31,23,54,2,0,75,33,110,138,78,216,326
06/18/2021,VQQ,FL,ASO,ES,Federal Contract Tower,1,0,37,7,45,0,0,28,3,31,1,0,65,10,76,112,0,112,188
06/19/2021,VQQ,FL,ASO,ES,Federal Contract Tower,0,0,7,4,11,0,1,11,0,12,0,1,18,4,23,18,0,18,41
06/20/2021,VQQ,FL,ASO,ES,Federal Contract Tower,0,0,7,4,11,0,0,2,0,2,0,0,9,4,13,0,0,0,13
06/21/2021,VQQ,FL,ASO,ES,Federal Contract Tower,1,0,10,2,13,0,0,20,0,20,1,0,30,2,33,70,0,70,103
06/22/2021,VQQ,FL,ASO,ES,Federal Contract Tower,0,0,15,20,35,0,0,21,29,50,0,0,36,49,85,70,176,246,331
06/23/2021,VQQ,FL,ASO,ES,Federal Contract Tower,3,1,19,9,32,0,0,3,20,23,3,1,22,29,55,16,58,74,129
06/24/2021,VQQ,FL,ASO,ES,Federal Contract Tower,0,5,14,16,35,0,0,3,23,26,0,5,17,39,61,20,124,144,205
06/25/2021,VQQ,FL,ASO,ES,Federal Contract Tower,2,2,8,2,14,0,0,12,10,22,2,2,20,12,36,46,22,68,104
06/26/2021,VQQ,FL,ASO,ES,Federal Contract Tower,0,0,11,2,13,0,0,2,0,2,0,0,13,2,15,4,0,4,19
06/27/2021,VQQ,FL,ASO,ES,Federal Contract Tower,0,0,14,11,25,0,0,12,0,12,0,0,26,11,37,30,0,30,67
06/28/2021,VQQ,FL,ASO,ES,Federal Contract Tower,1,0,31,18,50,0,0,38,13,51,1,0,69,31,101,136,26,162,263
06/29/2021,VQQ,FL,ASO,ES,Federal Contract Tower,3,0,36,32,71,0,0,29,21,50,3,0,65,53,121,124,134,258,379
06/30/2021,VQQ,FL,ASO,ES,Federal Contract Tower,1,0,10,23,34,0,0,23,33,56,1,0,33,56,90,86,144,230,320
07/01/2021,VQQ,FL,ASO,ES,Federal Contract Tower,0,0,16,14,30,0,0,11,17,28,0,0,27,31,58,68,106,174,232
07/02/2021,VQQ,FL,ASO,ES,Federal Contract Tower,0,0,12,8,20,0,0,4,0,4,0,0,16,8,24,12,0,12,36
07/03/2021,VQQ,FL,ASO,ES,Federal Contract Tower,0,3,7,0,10,0,0,13,0,13,0,3,20,0,23,40,0,40,63
07/04/2021,VQQ,FL,ASO,ES,Federal Contract Tower,0,2,0,0,2,0,0,9,1,10,0,2,9,1,12,18,0,18,30
07/05/2021,VQQ,FL,ASO,ES,Federal Contract Tower,2,0,40,1,43,0,0,27,0,27,2,0,67,1,70,84,0,84,154
07/06/2021,VQQ,FL,ASO,ES,Federal Contract Tower,2,0,34,12,48,0,0,12,28,40,2,0,46,40,88,138,24,162,250
07/07/2021,VQQ,FL,ASO,ES,Federal Contract Tower,1,0,2,0,3,0,0,0,0,0,1,0,2,0,3,0,0,0,3
07/08/2021,VQQ,FL,ASO,ES,Federal Contract Tower,2,0,16,21,39,0,0,21,54,75,2,0,37,75,114,146,280,426,540
07/09/2021,VQQ,FL,ASO,ES,Federal Contract Tower,1,0,19,29,49,0,4,12,25,41,1,4,31,54,90,66,122,188,278
07/10/2021,VQQ,FL,ASO,ES,Federal Contract Tower,0,0,15,0,15,0,0,13,0,13,0,0,28,0,28,36,0,36,64
07/11/2021,VQQ,FL,ASO,ES,Federal Contract Tower,9,0,5,2,16,0,0,16,0,16,9,0,21,2,32,58,0,58,90
07/12/2021,VQQ,FL,ASO,ES,Federal Contract Tower,0,4,17,28,49,0,0,30,18,48,0,4,47,46,97,202,108,310,407
07/13/2021,VQQ,FL,ASO,ES,Federal Contract Tower,0,2,31,10,43,0,0,43,27,70,0,2,74,37,113,128,112,240,353
07/14/2021,VQQ,FL,ASO,ES,Federal Contract Tower,2,0,49,24,75,0,0,32,38,70,2,0,81,62,145,102,246,348,493
07/15/2021,VQQ,FL,ASO,ES,Federal Contract Tower,0,0,40,18,58,0,2,37,28,67,0,2,77,46,125,86,180,266,391
07/16/2021,VQQ,FL,ASO,ES,Federal Contract Tower,0,0,19,77,96,0,0,26,36,62,0,0,45,113,158,92,48,140,298
07/17/2021,VQQ,FL,ASO,ES,Federal Contract Tower,1,0,7,6,14,0,0,15,8,23,1,0,22,14,37,38,32,70,107
07/18/2021,VQQ,FL,ASO,ES,Federal Contract Tower,0,1,9,8,18,0,1,13,7,21,0,2,22,15,39,31,0,31,70
07/19/2021,VQQ,FL,ASO,ES,Federal Contract Tower,3,0,14,1,18,0,0,40,18,58,3,0,54,19,76,134,50,184,260
07/20/2021,VQQ,FL,ASO,ES,Federal Contract Tower,1,0,30,18,49,0,0,28,35,63,1,0,58,53,112,144,208,352,464
07/21/2021,VQQ,FL,ASO,ES,Federal Contract Tower,0,0,28,9,37,0,0,40,38,78,0,0,68,47,115,88,170,258,373
07/22/2021,VQQ,FL,ASO,ES,Federal Contract Tower,0,3,41,6,50,0,0,37,24,61,0,3,78,30,111,142,42,184,295
07/23/2021,VQQ,FL,ASO,ES,Federal Contract Tower,0,3,22,28,53,0,0,17,17,34,0,3,39,45,87,70,74,144,231
07/24/2021,VQQ,FL,ASO,ES,Federal Contract Tower,0,0,4,6,10,0,3,15,0,18,0,3,19,6,28,42,0,42,70
07/25/2021,VQQ,FL,ASO,ES,Federal Contract Tower,2,0,5,9,16,0,0,14,0,14,2,0,19,9,30,46,0,46,76
07/26/2021,VQQ,FL,ASO,ES,Federal Contract Tower,4,0,16,29,49,0,0,2,10,12,4,0,18,39,61,10,12,22,83
07/27/2021,VQQ,FL,ASO,ES,Federal Contract Tower,2,2,20,15,39,0,0,20,29,49,2,2,40,44,88,52,132,184,272
07/28/2021,VQQ,FL,ASO,ES,Federal Contract Tower,5,2,35,22,64,0,0,29,30,59,5,2,64,52,123,106,240,346,469
07/29/2021,VQQ,FL,ASO,ES,Federal Contract Tower,1,2,31,6,40,0,2,29,40,71,1,4,60,46,111,126,136,262,373
07/30/2021,VQQ,FL,ASO,ES,Federal Contract Tower,2,0,30,20,52,0,0,24,27,51,2,0,54,47,103,44,22,66,169
07/31/2021,VQQ,FL,ASO,ES,Federal Contract Tower,0,0,6,3,9,0,0,16,29,45,0,0,22,32,54,50,32,82,136
08/01/2021,VQQ,FL,ASO,ES,Federal Contract Tower,0,2,10,7,19,0,0,15,9,24,0,2,25,16,43,46,24,70,113
08/02/2021,VQQ,FL,ASO,ES,Federal Contract Tower,1,1,29,5,36,0,0,27,0,27,1,1,56,5,63,122,20,142,205
08/03/2021,VQQ,FL,ASO,ES,Federal Contract Tower,0,0,21,19,40,0,0,6,6,12,0,0,27,25,52,16,42,58,110
08/04/2021,VQQ,FL,ASO,ES,Federal Contract Tower,5,0,40,25,70,0,0,8,11,19,5,0,48,36,89,60,120,180,269
08/05/2021,VQQ,FL,ASO,ES,Federal Contract Tower,2,0,29,6,37,0,0,8,11,19,2,0,37,17,56,36,50,86,142
08/06/2021,VQQ,FL,ASO,ES,Federal Contract Tower,1,1,12,8,22,0,0,27,5,32,1,1,39,13,54,159,48,207,261
08/07/2021,VQQ,FL,ASO,ES,Federal Contract Tower,0,3,5,4,12,0,2,16,0,18,0,5,21,4,30,62,0,62,92
08/08/2021,VQQ,FL,ASO,ES,Federal Contract Tower,4,1,21,3,29,0,0,11,2,13,4,1,32,5,42,35,20,55,97
08/09/2021,VQQ,FL,ASO,ES,Federal Contract Tower,0,3,22,13,38,0,0,36,11,47,0,3,58,24,85,140,42,182,267
08/10/2021,VQQ,FL,ASO,ES,Federal Contract Tower,1,0,21,24,46,0,0,20,19,39,1,0,41,43,85,189,140,329,414
08/11/2021,VQQ,FL,ASO,ES,Federal Contract Tower,0,0,22,26,48,0,0,41,31,72,0,0,63,57,120,221,212,433,553
08/12/2021,VQQ,FL,ASO,ES,Federal Contract Tower,2,0,30,18,50,0,1,42,22,65,2,1,72,40,115,227,235,462,577
08/13/2021,VQQ,FL,ASO,ES,Federal Contract Tower,0,1,22,9,32,0,0,35,11,46,0,1,57,20,78,93,46,139,217
08/14/2021,VQQ,FL,ASO,ES,Federal Contract Tower,1,0,9,1,11,0,0,13,0,13,1,0,22,1,24,58,0,58,82
08/15/2021,VQQ,FL,ASO,ES,Federal Contract Tower,0,4,9,0,13,0,0,20,0,20,0,4,29,0,33,58,0,58,91
08/16/2021,VQQ,FL,ASO,ES,Federal Contract Tower,0,0,13,3,16,0,0,8,20,28,0,0,21,23,44,44,18,62,106
08/17/2021,VQQ,FL,ASO,ES,Federal Contract Tower,1,0,23,16,40,0,0,13,44,57,1,0,36,60,97,52,194,246,343
08/18/2021,VQQ,FL,ASO,ES,Federal Contract Tower,2,0,19,13,34,0,0,32,35,67,2,0,51,48,101,162,162,324,425
08/19/2021,VQQ,FL,ASO,ES,Federal Contract Tower,1,0,37,16,54,0,0,35,41,76,1,0,72,57,130,140,270,410,540
08/20/2021,VQQ,FL,ASO,ES,Federal Contract Tower,0,0,9,10,19,0,0,33,28,61,0,0,42,38,80,114,56,170,250
08/21/2021,VQQ,FL,ASO,ES,Federal Contract Tower,3,0,5,9,17,0,0,23,5,28,3,0,28,14,45,74,10,84,129
08/22/2021,VQQ,FL,ASO,ES,Federal Contract Tower,1,2,12,2,17,0,0,13,0,13,1,2,25,2,30,16,0,16,46
08/23/2021,VQQ,FL,ASO,ES,Federal Contract Tower,4,0,16,35,55,0,0,18,17,35,4,0,34,52,90,56,26,82,172
08/24/2021,VQQ,FL,ASO,ES,Federal Contract Tower,0,2,24,33,59,0,0,12,18,30,0,2,36,51,89,104,152,256,345
08/25/2021,VQQ,FL,ASO,ES,Federal Contract Tower,1,0,14,34,49,0,0,19,45,64,1,0,33,79,113,74,276,350,463
08/26/2021,VQQ,FL,ASO,ES,Federal Contract Tower,2,2,18,12,34,0,0,12,40,52,2,2,30,52,86,12,292,304,390
08/27/2021,VQQ,FL,ASO,ES,Federal Contract Tower,0,2,36,41,79,0,0,20,15,35,0,2,56,56,114,66,30,96,210
08/28/2021,VQQ,FL,ASO,ES,Federal Contract Tower,1,0,20,0,21,0,0,13,0,13,1,0,33,0,34,44,0,44,78
08/29/2021,VQQ,FL,ASO,ES,Federal Contract Tower,0,0,18,14,32,0,0,10,3,13,0,0,28,17,45,80,0,80,125
08/30/2021,VQQ,FL,ASO,ES,Federal Contract Tower,0,2,21,4,27,0,1,22,14,37,0,3,43,18,64,56,12,68,132
08/31/2021,VQQ,FL,ASO,ES,Federal Contract Tower,2,0,22,43,67,0,0,17,32,49,2,0,39,75,116,104,210,314,430
09/01/2021,VQQ,FL,ASO,ES,Federal Contract Tower,1,0,22,21,44,0,0,4,26,30,1,0,26,47,74,16,150,166,240
09/02/2021,VQQ,FL,ASO,ES,Federal Contract Tower,0,0,43,6,49,0,0,18,31,49,0,0,61,37,98,62,86,148,246
09/03/2021,VQQ,FL,ASO,ES,Federal Contract Tower,0,0,16,6,22,0,2,25,8,35,0,2,41,14,57,103,18,121,178
09/04/2021,VQQ,FL,ASO,ES,Federal Contract Tower,1,0,17,6,24,0,0,25,0,25,1,0,42,6,49,102,0,102,151
09/05/2021,VQQ,FL,ASO,ES,Federal Contract Tower,2,0,13,9,24,0,0,13,0,13,2,0,26,9,37,68,0,68,105
09/06/2021,VQQ,FL,ASO,ES,Federal Contract Tower,0,0,29,4,33,0,0,19,0,19,0,0,48,4,52,114,0,114,166
09/07/2021,VQQ,FL,ASO,ES,Federal Contract Tower,6,0,20,4,30,0,0,20,25,45,6,0,40,29,75,108,72,180,255
09/08/2021,VQQ,FL,ASO,ES,Federal Contract Tower,0,0,22,5,27,0,0,22,40,62,0,0,44,45,89,116,122,238,327
09/09/2021,VQQ,FL,ASO,ES,Federal Contract Tower,0,0,32,9,41,0,0,19,29,48,0,0,51,38,89,28,116,144,233
09/10/2021,VQQ,FL,ASO,ES,Federal Contract Tower,0,0,26,13,39,0,0,19,23,42,0,0,45,36,81,70,52,122,203
09/11/2021,VQQ,FL,ASO,ES,Federal Contract Tower,0,0,23,12,35,0,0,35,0,35,0,0,58,12,70,100,10,110,180
09/12/2021,VQQ,FL,ASO,ES,Federal Contract Tower,0,0,16,9,25,0,0,18,1,19,0,0,34,10,44,102,0,102,146
09/13/2021,VQQ,FL,ASO,ES,Federal Contract Tower,4,0,32,75,111,0,0,24,30,54,4,0,56,105,165,60,146,206,371
09/14/2021,VQQ,FL,ASO,ES,Federal Contract Tower,0,3,12,33,48,0,0,27,35,62,0,3,39,68,110,104,234,338,448
09/15/2021,VQQ,FL,ASO,ES,Federal Contract Tower,3,4,20,33,60,0,1,22,41,64,3,5,42,74,124,112,176,288,412
09/16/2021,VQQ,FL,ASO,ES,Federal Contract Tower,1,2,33,21,57,0,0,27,46,73,1,2,60,67,130,114,414,528,658
09/17/2021,VQQ,FL,ASO,ES,Federal Contract Tower,2,3,10,38,53,0,0,14,21,35,2,3,24,59,88,18,58,76,164
09/18/2021,VQQ,FL,ASO,ES,Federal Contract Tower,2,2,16,5,25,0,0,8,54,62,2,2,24,59,87,48,0,48,135
09/19/2021,VQQ,FL,ASO,ES,Federal Contract Tower,1,2,13,40,56,0,0,2,2,4,1,2,15,42,60,8,0,8,68
09/20/2021,VQQ,FL,ASO,ES,Federal Contract Tower,1,0,17,31,49,0,0,13,9,22,1,0,30,40,71,12,48,60,131
09/21/2021,VQQ,FL,ASO,ES,Federal Contract Tower,0,2,15,85,102,0,0,17,31,48,0,2,32,116,150,106,230,336,486
09/22/2021,VQQ,FL,ASO,ES,Federal Contract Tower,1,2,29,33,65,0,0,22,43,65,1,2,51,76,130,58,208,266,396
09/23/2021,VQQ,FL,ASO,ES,Federal Contract Tower,1,0,40,26,67,0,0,52,35,87,1,0,92,61,154,90,186,276,430
09/24/2021,VQQ,FL,ASO,ES,Federal Contract Tower,1,0,55,2,58,0,0,57,21,78,1,0,112,23,136,97,36,133,269
09/25/2021,VQQ,FL,ASO,ES,Federal Contract Tower,0,0,25,12,37,0,0,41,0,41,0,0,66,12,78,128,0,128,206
09/26/2021,VQQ,FL,ASO,ES,Federal Contract Tower,2,0,18,0,20,0,0,40,0,40,2,0,58,0,60,166,0,166,226
09/27/2021,VQQ,FL,ASO,ES,Federal Contract Tower,1,0,30,11,42,0,0,56,25,81,1,0,86,36,123,234,82,316,439
09/28/2021,VQQ,FL,ASO,ES,Federal Contract Tower,2,0,25,11,38,0,0,57,29,86,2,0,82,40,124,182,168,350,474
09/29/2021,VQQ,FL,ASO,ES,Federal Contract Tower,0,0,44,18,62,0,0,50,39,89,0,0,94,57,151,110,110,220,371
09/30/2021,VQQ,FL,ASO,ES,Federal Contract Tower,0,0,30,23,53,0,0,42,40,82,0,0,72,63,135,110,116,226,361
10/01/2021,VQQ,FL,ASO,ES,Federal Contract Tower,0,0,46,18,64,0,3,64,22,89,0,3,110,40,153,206,34,240,393
10/02/2021,VQQ,FL,ASO,ES,Federal Contract Tower,4,1,18,3,26,0,0,21,0,21,4,1,39,3,47,96,0,96,143
10/03/2021,VQQ,FL,ASO,ES,Federal Contract Tower,0,1,18,7,26,0,0,24,2,26,0,1,42,9,52,110,0,110,162
10/04/2021,VQQ,FL,ASO,ES,Federal Contract Tower,0,2,25,1,28,0,0,37,0,37,0,2,62,1,65,142,0,142,207
10/05/2021,VQQ,FL,ASO,ES,Federal Contract Tower,1,2,35,28,66,0,0,39,35,74,1,2,74,63,140,130,108,238,378
10/06/2021,VQQ,FL,ASO,ES,Federal Contract Tower,3,4,24,16,47,0,0,25,41,66,3,4,49,57,113,28,244,272,385
10/07/2021,VQQ,FL,ASO,ES,Federal Contract Tower,0,7,57,27,91,0,0,36,53,89,0,7,93,80,180,96,234,330,510
10/08/2021,VQQ,FL,ASO,ES,Federal Contract Tower,1,2,32,12,47,0,0,14,0,14,1,2,46,12,61,54,0,54,115
10/09/2021,VQQ,FL,ASO,ES,Federal Contract Tower,1,0,28,2,31,0,0,20,0,20,1,0,48,2,51,54,0,54,105
10/10/2021,VQQ,FL,ASO,ES,Federal Contract Tower,0,4,10,8,22,0,0,20,0,20,0,4,30,8,42,108,0,108,150
10/11/2021,VQQ,FL,ASO,ES,Federal Contract Tower,0,0,34,4,38,0,0,56,0,56,0,0,90,4,94,260,0,260,354
10/12/2021,VQQ,FL,ASO,ES,Federal Contract Tower,2,0,36,27,65,0,0,21,34,55,2,0,57,61,120,118,146,264,384
10/13/2021,VQQ,FL,ASO,ES,Federal Contract Tower,0,0,39,19,58,0,0,55,40,95,0,0,94,59,153,176,106,282,435
10/14/2021,VQQ,FL,ASO,ES,Federal Contract Tower,1,2,66,41,110,0,0,47,40,87,1,2,113,81,197,220,169,389,586
10/15/2021,VQQ,FL,ASO,ES,Federal Contract Tower,2,0,28,10,40,0,0,51,37,88,2,0,79,47,128,199,48,247,375
10/16/2021,VQQ,FL,ASO,ES,Federal Contract Tower,4,0,19,2,25,0,0,31,15,46,4,0,50,17,71,134,22,156,227
10/17/2021,VQQ,FL,ASO,ES,Federal Contract Tower,0,0,24,5,29,0,0,35,3,38,0,0,59,8,67,170,70,240,307
10/18/2021,VQQ,FL,ASO,ES,Federal Contract Tower,0,0,25,12,37,0,0,33,26,59,0,0,58,38,96,132,110,242,338
10/19/2021,VQQ,FL,ASO,ES,Federal Contract Tower,0,0,21,15,36,0,0,53,51,104,0,0,74,66,140,210,88,298,438
10/20/2021,VQQ,FL,ASO,ES,Federal Contract Tower,1,2,40,27,70,0,0,52,44,96,1,2,92,71,166,182,90,272,438
10/21/2021,VQQ,FL,ASO,ES,Federal Contract Tower,5,0,40,10,55,0,0,27,37,64,5,0,67,47,119,112,160,272,391
10/22/2021,VQQ,FL,ASO,ES,Federal Contract Tower,1,0,24,20,45,0,0,36,16,52,1,0,60,36,97,146,8,154,251
10/23/2021,VQQ,FL,ASO,ES,Federal Contract Tower,1,0,9,0,10,0,0,23,8,31,1,0,32,8,41,64,0,64,105
10/24/2021,VQQ,FL,ASO,ES,Federal Contract Tower,1,1,21,4,27,0,0,25,23,48,1,1,46,27,75,114,98,212,287
10/25/2021,VQQ,FL,ASO,ES,Federal Contract Tower,4,1,18,25,48,0,0,5,16,21,4,1,23,41,69,54,72,126,195
10/26/2021,VQQ,FL,ASO,ES,Federal Contract Tower,9,4,40,13,66,0,1,37,25,63,9,5,77,38,129,188,154,342,471
10/27/2021,VQQ,FL,ASO,ES,Federal Contract Tower,0,4,37,35,76,0,0,81,45,126,0,4,118,80,202,196,102,298,500
10/28/2021,VQQ,FL,ASO,ES,Federal Contract Tower,3,1,12,21,37,0,0,0,19,19,3,1,12,40,56,0,108,108,164
10/29/2021,VQQ,FL,ASO,ES,Federal Contract Tower,4,2,27,39,72,0,0,34,22,56,4,2,61,61,128,156,36,192,320
10/30/2021,VQQ,FL,ASO,ES,Federal Contract Tower,0,0,30,6,36,0,0,34,6,40,0,0,64,12,76,86,0,86,162
10/31/2021,VQQ,FL,ASO,ES,Federal Contract Tower,0,2,19,44,65,0,0,18,0,18,0,2,37,44,83,94,0,94,177
11/01/2021,VQQ,FL,ASO,ES,Federal Contract Tower,2,2,28,45,77,0,0,44,3,47,2,2,72,48,124,138,28,166,290
11/02/2021,VQQ,FL,ASO,ES,Federal Contract Tower,0,0,51,24,75,0,0,48,22,70,0,0,99,46,145,186,52,238,383
11/03/2021,VQQ,FL,ASO,ES,Federal Contract Tower,0,0,25,28,53,0,0,38,44,82,0,0,63,72,135,148,202,350,485
11/04/2021,VQQ,FL,ASO,ES,Federal Contract Tower,4,2,28,13,47,0,0,6,42,48,4,2,34,55,95,34,124,158,253
11/05/2021,VQQ,FL,ASO,ES,Federal Contract Tower,1,1,7,24,33,0,0,0,3,3,1,1,7,27,36,0,4,4,40
11/06/2021,VQQ,FL,ASO,ES,Federal Contract Tower,2,1,4,0,7,0,0,0,2,2,2,1,4,2,9,0,8,8,17
11/07/2021,VQQ,FL,ASO,ES,Federal Contract Tower,0,0,19,12,31,0,0,8,1,9,0,0,27,13,40,18,0,18,58
11/08/2021,VQQ,FL,ASO,ES,Federal Contract Tower,0,0,28,19,47,0,0,23,22,45,0,0,51,41,92,104,116,220,312
11/09/2021,VQQ,FL,ASO,ES,Federal Contract Tower,0,2,43,13,58,0,0,49,60,109,0,2,92,73,167,180,294,474,641
11/10/2021,VQQ,FL,ASO,ES,Federal Contract Tower,0,0,38,18,56,0,0,59,46,105,0,0,97,64,161,160,70,230,391
11/11/2021,VQQ,FL,ASO,ES,Federal Contract Tower,0,2,43,0,45,0,0,17,0,17,0,2,60,0,62,50,0,50,112
11/12/2021,VQQ,FL,ASO,ES,Federal Contract Tower,0,3,32,6,41,0,0,34,0,34,0,3,66,6,75,80,0,80,155
11/13/2021,VQQ,FL,ASO,ES,Federal Contract Tower,0,0,24,0,24,0,0,18,0,18,0,0,42,0,42,58,0,58,100
11/14/2021,VQQ,FL,ASO,ES,Federal Contract Tower,2,0,7,1,10,0,0,31,2,33,2,0,38,3,43,56,0,56,99
11/15/2021,VQQ,FL,ASO,ES,Federal Contract Tower,4,0,39,15,58,0,0,34,20,54,4,0,73,35,112,92,116,208,320
11/16/2021,VQQ,FL,ASO,ES,Federal Contract Tower,0,0,28,32,60,0,0,43,38,81,0,0,71,70,141,232,156,388,529
11/17/2021,VQQ,FL,ASO,ES,Federal Contract Tower,0,5,50,15,70,0,1,44,42,87,0,6,94,57,157,124,232,356,513
11/18/2021,VQQ,FL,ASO,ES,Federal Contract Tower,0,0,36,32,68,0,0,40,42,82,0,0,76,74,150,172,264,436,586
11/19/2021,VQQ,FL,ASO,ES,Federal Contract Tower,0,0,45,13,58,0,0,30,19,49,0,0,75,32,107,134,42,176,283
11/20/2021,VQQ,FL,ASO,ES,Federal Contract Tower,8,0,22,5,35,0,0,4,0,4,8,0,26,5,39,4,8,12,51
11/21/2021,VQQ,FL,ASO,ES,Federal Contract Tower,2,0,21,16,39,0,0,12,0,12,2,0,33,16,51,26,0,26,77
11/22/2021,VQQ,FL,ASO,ES,Federal Contract Tower,5,0,33,18,56,0,0,35,16,51,5,0,68,34,107,32,61,93,200
11/23/2021,VQQ,FL,ASO,ES,Federal Contract Tower,1,0,51,39,91,0,0,61,43,104,1,0,112,82,195,168,230,398,593
11/24/2021,VQQ,FL,ASO,ES,Federal Contract Tower,0,0,44,3,47,0,0,40,8,48,0,0,84,11,95,78,0,78,173
11/25/2021,VQQ,FL,ASO,ES,Federal Contract Tower,0,0,9,1,10,0,0,0,0,0,0,0,9,1,10,0,0,0,10
11/26/2021,VQQ,FL,ASO,ES,Federal Contract Tower,2,2,19,2,25,0,0,8,0,8,2,2,27,2,33,12,0,12,45
11/27/2021,VQQ,FL,ASO,ES,Federal Contract Tower,3,2,33,0,38,0,0,22,0,22,3,2,55,0,60,80,0,80,140
11/28/2021,VQQ,FL,ASO,ES,Federal Contract Tower,0,0,20,9,29,0,0,13,1,14,0,0,33,10,43,42,6,48,91
11/29/2021,VQQ,FL,ASO,ES,Federal Contract Tower,2,0,34,8,44,0,0,76,17,93,2,0,110,25,137,180,62,242,379
11/30/2021,VQQ,FL,ASO,ES,Federal Contract Tower,1,5,53,18,77,0,0,24,46,70,1,5,77,64,147,138,138,276,423
12/01/2021,VQQ,FL,ASO,ES,Federal Contract Tower,1,0,36,21,58,0,0,42,40,82,1,0,78,61,140,74,100,174,314
12/02/2021,VQQ,FL,ASO,ES,Federal Contract Tower,0,0,41,8,49,0,0,40,38,78,0,0,81,46,127,100,180,280,407
12/03/2021,VQQ,FL,ASO,ES,Federal Contract Tower,1,0,38,16,55,0,0,47,29,76,1,0,85,45,131,139,69,208,339
12/04/2021,VQQ,FL,ASO,ES,Federal Contract Tower,1,0,14,2,17,0,0,22,4,26,1,0,36,6,43,82,8,90,133
12/05/2021,VQQ,FL,ASO,ES,Federal Contract Tower,0,0,16,1,17,0,0,13,6,19,0,0,29,7,36,40,36,76,112
12/06/2021,VQQ,FL,ASO,ES,Federal Contract Tower,2,2,50,33,87,0,0,16,31,47,2,2,66,64,134,64,136,200,334
12/07/2021,VQQ,FL,ASO,ES,Federal Contract Tower,1,7,46,18,72,0,0,18,29,47,1,7,64,47,119,57,157,214,333
12/08/2021,VQQ,FL,ASO,ES,Federal Contract Tower,0,3,28,9,40,0,0,4,28,32,0,3,32,37,72,8,88,96,168
12/09/2021,VQQ,FL,ASO,ES,Federal Contract Tower,0,2,39,35,76,0,0,8,46,54,0,2,47,81,130,50,236,286,416
12/10/2021,VQQ,FL,ASO,ES,Federal Contract Tower,1,4,21,19,45,0,0,38,33,71,1,4,59,52,116,168,58,226,342
12/11/2021,VQQ,FL,ASO,ES,Federal Contract Tower,1,0,15,2,18,0,2,25,0,27,1,2,40,2,45,52,0,52,97
12/12/2021,VQQ,FL,ASO,ES,Federal Contract Tower,0,7,7,5,19,0,0,0,3,3,0,7,7,8,22,0,0,0,22
12/13/2021,VQQ,FL,ASO,ES,Federal Contract Tower,0,0,48,36,84,0,1,16,24,41,0,1,64,60,125,110,58,168,293
12/14/2021,VQQ,FL,ASO,ES,Federal Contract Tower,0,0,45,47,92,0,0,11,22,33,0,0,56,69,125,128,56,184,309
12/15/2021,VQQ,FL,ASO,ES,Federal Contract Tower,4,0,40,44,88,0,0,17,81,98,4,0,57,125,186,58,78,136,322
12/16/2021,VQQ,FL,ASO,ES,Federal Contract Tower,2,0,42,38,82,0,0,45,27,72,2,0,87,65,154,112,66,178,332
12/17/2021,VQQ,FL,ASO,ES,Federal Contract Tower,1,1,32,68,102,0,0,51,15,66,1,1,83,83,168,92,36,128,296
12/18/2021,VQQ,FL,ASO,ES,Federal Contract Tower,1,0,12,35,48,0,0,29,6,35,1,0,41,41,83,98,0,98,181
12/19/2021,VQQ,FL,ASO,ES,Federal Contract Tower,1,0,10,30,41,0,0,9,3,12,1,0,19,33,53,24,2,26,79
12/20/2021,VQQ,FL,ASO,ES,Federal Contract Tower,0,2,11,25,38,0,0,0,2,2,0,2,11,27,40,0,4,4,44
12/21/2021,VQQ,FL,ASO,ES,Federal Contract Tower,0,1,10,0,11,0,0,0,0,0,0,1,10,0,11,0,0,0,11
12/22/2021,VQQ,FL,ASO,ES,Federal Contract Tower,2,1,29,27,59,0,0,22,31,53,2,1,51,58,112,34,132,166,278
12/23/2021,VQQ,FL,ASO,ES,Federal Contract Tower,5,2,38,1,46,0,0,30,8,38,5,2,68,9,84,108,0,108,192
12/24/2021,VQQ,FL,ASO,ES,Federal Contract Tower,0,0,14,0,14,0,0,11,0,11,0,0,25,0,25,43,0,43,68
12/25/2021,VQQ,FL,ASO,ES,Federal Contract Tower,0,0,3,0,3,0,0,0,0,0,0,0,3,0,3,0,0,0,3
12/26/2021,VQQ,FL,ASO,ES,Federal Contract Tower,0,0,6,0,6,0,0,6,0,6,0,0,12,0,12,22,0,22,34
12/27/2021,VQQ,FL,ASO,ES,Federal Contract Tower,1,0,13,1,15,0,0,12,0,12,1,0,25,1,27,34,6,40,67
12/28/2021,VQQ,FL,ASO,ES,Federal Contract Tower,0,0,18,4,22,0,0,13,8,21,0,0,31,12,43,54,14,68,111
12/29/2021,VQQ,FL,ASO,ES,Federal Contract Tower,1,1,20,11,33,0,2,20,11,33,1,3,40,22,66,42,76,118,184
12/30/2021,VQQ,FL,ASO,ES,Federal Contract Tower,0,0,19,2,21,0,2,13,8,23,0,2,32,10,44,40,2,42,86
12/31/2021,VQQ,FL,ASO,ES,Federal Contract Tower,4,0,10,0,14,0,0,10,0,10,4,0,20,0,24,28,0,28,52
01/01/2022,VQQ,FL,ASO,ES,Federal Contract Tower,0,0,6,1,7,0,0,8,0,8,0,0,14,1,15,34,0,34,49
01/02/2022,VQQ,FL,ASO,ES,Federal Contract Tower,2,0,4,0,6,0,0,5,0,5,2,0,9,0,11,4,0,4,15
01/03/2022,VQQ,FL,ASO,ES,Federal Contract Tower,1,0,9,0,10,0,0,16,10,26,1,0,25,10,36,80,14,94,130
01/04/2022,VQQ,FL,ASO,ES,Federal Contract Tower,1,0,17,7,25,0,0,27,15,42,1,0,44,22,67,116,112,228,295
01/05/2022,VQQ,FL,ASO,ES,Federal Contract Tower,1,2,25,18,46,0,0,2,13,15,1,2,27,31,61,4,88,92,153
01/06/2022,VQQ,FL,ASO,ES,Federal Contract Tower,0,2,23,21,46,0,0,25,22,47,0,2,48,43,93,106,110,216,309
01/07/2022,VQQ,FL,ASO,ES,Federal Contract Tower,0,1,14,15,30,0,0,28,9,37,0,1,42,24,67,82,22,104,171
01/08/2022,VQQ,FL,ASO,ES,Federal Contract Tower,0,6,19,0,25,0,0,30,0,30,0,6,49,0,55,96,0,96,151
01/09/2022,VQQ,FL,ASO,ES,Federal Contract Tower,0,1,12,4,17,0,0,17,3,20,0,1,29,7,37,82,0,82,119
01/10/2022,VQQ,FL,ASO,ES,Federal Contract Tower,2,0,11,19,32,0,0,12,15,27,2,0,23,34,59,44,58,102,161
01/11/2022,VQQ,FL,ASO,ES,Federal Contract Tower,1,1,32,24,58,0,0,32,31,63,1,1,64,55,121,148,98,246,367
01/12/2022,VQQ,FL,ASO,ES,Federal Contract Tower,2,0,28,15,45,0,0,44,50,94,2,0,72,65,139,170,202,372,511
01/13/2022,VQQ,FL,ASO,ES,Federal Contract Tower,4,1,27,16,48,0,0,41,52,93,4,1,68,68,141,152,122,274,415
01/14/2022,VQQ,FL,ASO,ES,Federal Contract Tower,0,1,42,13,56,0,0,45,14,59,0,1,87,27,115,130,32,162,277
01/15/2022,VQQ,FL,ASO,ES,Federal Contract Tower,0,0,11,2,13,0,0,17,5,22,0,0,28,7,35,42,10,52,87
01/16/2022,VQQ,FL,ASO,ES,Federal Contract Tower,0,0,1,1,2,0,0,1,1,2,0,0,2,2,4,0,0,0,4
01/17/2022,VQQ,FL,ASO,ES,Federal Contract Tower,4,3,11,0,18,0,0,13,0,13,4,3,24,0,31,44,0,44,75
01/18/2022,VQQ,FL,ASO,ES,Federal Contract Tower,0,1,43,12,56,0,0,28,12,40,0,1,71,24,96,54,78,132,228
01/19/2022,VQQ,FL,ASO,ES,Federal Contract Tower,0,1,32,49,82,0,2,32,36,70,0,3,64,85,152,146,184,330,482
01/20/2022,VQQ,FL,ASO,ES,Federal Contract Tower,3,1,13,25,42,0,2,31,37,70,3,3,44,62,112,128,144,272,384
01/21/2022,VQQ,FL,ASO,ES,Federal Contract Tower,2,2,12,12,28,0,0,0,0,0,2,2,12,12,28,0,0,0,28
01/22/2022,VQQ,FL,ASO,ES,Federal Contract Tower,1,0,2,2,5,0,0,0,0,0,1,0,2,2,5,0,0,0,5
01/23/2022,VQQ,FL,ASO,ES,Federal Contract Tower,0,3,5,6,14,0,0,18,2,20,0,3,23,8,34,40,0,40,74
01/24/2022,VQQ,FL,ASO,ES,Federal Contract Tower,0,0,41,28,69,0,0,56,22,78,0,0,97,50,147,186,50,236,383
01/25/2022,VQQ,FL,ASO,ES,Federal Contract Tower,4,0,50,34,88,0,0,25,51,76,4,0,75,85,164,122,260,382,546
01/26/2022,VQQ,FL,ASO,ES,Federal Contract Tower,1,0,31,12,44,0,0,39,22,61,1,0,70,34,105,146,78,224,329
01/27/2022,VQQ,FL,ASO,ES,Federal Contract Tower,0,1,13,22,36,0,0,9,19,28,0,1,22,41,64,52,88,140,204
01/28/2022,VQQ,FL,ASO,ES,Federal Contract Tower,1,1,23,11,36,0,2,41,21,64,1,3,64,32,100,146,62,208,308
01/29/2022,VQQ,FL,ASO,ES,Federal Contract Tower,0,0,7,15,22,0,0,9,7,16,0,0,16,22,38,12,38,50,88
01/30/2022,VQQ,FL,ASO,ES,Federal Contract Tower,2,0,8,3,13,0,0,31,27,58,2,0,39,30,71,142,10,152,223
01/31/2022,VQQ,FL,ASO,ES,Federal Contract Tower,6,0,42,10,58,0,0,57,14,71,6,0,99,24,129,118,30,148,277
02/01/2022,VQQ,FL,ASO,ES,Federal Contract Tower,5,0,24,33,62,0,0,46,34,80,5,0,70,67,142,70,106,176,318
02/02/2022,VQQ,FL,ASO,ES,Federal Contract Tower,1,0,19,13,33,0,0,46,27,73,1,0,65,40,106,116,36,152,258
02/03/2022,VQQ,FL,ASO,ES,Federal Contract Tower,4,0,21,36,61,0,0,39,42,81,4,0,60,78,142,140,151,291,433
02/04/2022,VQQ,FL,ASO,ES,Federal Contract Tower,3,0,28,29,60,0,0,17,10,27,3,0,45,39,87,47,42,89,176
02/05/2022,VQQ,FL,ASO,ES,Federal Contract Tower,2,2,12,4,20,0,0,15,6,21,2,2,27,10,41,44,0,44,85
02/06/2022,VQQ,FL,ASO,ES,Federal Contract Tower,0,0,12,3,15,0,0,0,0,0,0,0,12,3,15,0,0,0,15
02/07/2022,VQQ,FL,ASO,ES,Federal Contract Tower,2,5,21,10,38,0,0,0,2,2,2,5,21,12,40,0,6,6,46
02/08/2022,VQQ,FL,ASO,ES,Federal Contract Tower,0,0,14,6,20,0,0,13,10,23,0,0,27,16,43,52,60,112,155
02/09/2022,VQQ,FL,ASO,ES,Federal Contract Tower,2,2,22,14,40,0,0,50,23,73,2,2,72,37,113,196,76,272,385
02/10/2022,VQQ,FL,ASO,ES,Federal Contract Tower,5,0,22,9,36,0,0,42,34,76,5,0,64,43,112,130,80,210,322
02/11/2022,VQQ,FL,ASO,ES,Federal Contract Tower,0,2,22,20,44,0,1,46,16,63,0,3,68,36,107,176,74,250,357
02/12/2022,VQQ,FL,ASO,ES,Federal Contract Tower,1,1,9,7,18,0,0,14,0,14,1,1,23,7,32,58,0,58,90
02/13/2022,VQQ,FL,ASO,ES,Federal Contract Tower,0,0,2,7,9,0,0,8,0,8,0,0,10,7,17,16,0,16,33
02/14/2022,VQQ,FL,ASO,ES,Federal Contract Tower,1,4,21,4,30,0,0,34,25,59,1,4,55,29,89,124,2,126,215
02/15/2022,VQQ,FL,ASO,ES,Federal Contract Tower,0,0,12,13,25,0,0,32,26,58,0,0,44,39,83,100,88,188,271
02/16/2022,VQQ,FL,ASO,ES,Federal Contract Tower,2,0,27,6,35,0,0,38,40,78,2,0,65,46,113,88,204,292,405
02/17/2022,VQQ,FL,ASO,ES,Federal Contract Tower,0,0,23,20,43,0,0,33,40,73,0,0,56,60,116,144,134,278,394
02/18/2022,VQQ,FL,ASO,ES,Federal Contract Tower,0,2,21,18,41,0,0,0,6,6,0,2,21,24,47,0,2,2,49
02/19/2022,VQQ,FL,ASO,ES,Federal Contract Tower,1,0,33,9,43,0,2,37,0,39,1,2,70,9,82,134,12,146,228
02/20/2022,VQQ,FL,ASO,ES,Federal Contract Tower,4,0,4,4,12,0,0,22,2,24,4,0,26,6,36,66,2,68,104
02/21/2022,VQQ,FL,ASO,ES,Federal Contract Tower,3,6,21,1,31,0,0,42,0,42,3,6,63,1,73,130,0,130,203
02/22/2022,VQQ,FL,ASO,ES,Federal Contract Tower,3,1,18,4,26,4,0,28,33,65,7,1,46,37,91,124,64,188,279
02/23/2022,VQQ,FL,ASO,ES,Federal Contract Tower,0,2,35,4,41,0,0,29,21,50,0,2,64,25,91,72,150,222,313
02/24/2022,VQQ,FL,ASO,ES,Federal Contract Tower,3,1,24,6,34,0,0,24,39,63,3,1,48,45,97,105,44,149,246
02/25/2022,VQQ,FL,ASO,ES,Federal Contract Tower,0,0,17,19,36,0,0,17,23,40,0,0,34,42,76,48,40,88,164
02/26/2022,VQQ,FL,ASO,ES,Federal Contract Tower,0,4,16,0,20,0,1,9,14,24,0,5,25,14,44,26,44,70,114
02/27/2022,VQQ,FL,ASO,ES,Federal Contract Tower,0,2,24,2,28,0,0,9,10,19,0,2,33,12,47,18,10,28,75
02/28/2022,VQQ,FL,ASO,ES,Federal Contract Tower,0,2,7,1,10,0,0,0,5,5,0,2,7,6,15,0,48,48,63
03/01/2022,VQQ,FL,ASO,ES,Federal Contract Tower,6,0,18,6,30,0,0,48,28,76,6,0,66,34,106,172,142,314,420
03/02/2022,VQQ,FL,ASO,ES,Federal Contract Tower,1,0,22,3,26,0,0,45,35,80,1,0,67,38,106,170,78,248,354
03/03/2022,VQQ,FL,ASO,ES,Federal Contract Tower,1,0,22,1,24,2,0,42,29,73,3,0,64,30,97,174,84,258,355
03/04/2022,VQQ,FL,ASO,ES,Federal Contract Tower,3,4,25,51,83,0,1,23,11,35,3,5,48,62,118,78,8,86,204
03/05/2022,VQQ,FL,ASO,ES,Federal Contract Tower,1,0,22,23,46,0,0,24,7,31,1,0,46,30,77,80,20,100,177
03/06/2022,VQQ,FL,ASO,ES,Federal Contract Tower,0,0,13,8,21,0,0,18,2,20,0,0,31,10,41,28,0,28,69
03/07/2022,VQQ,FL,ASO,ES,Federal Contract Tower,5,0,30,9,44,0,0,30,8,38,5,0,60,17,82,114,38,152,234
03/08/2022,VQQ,FL,ASO,ES,Federal Contract Tower,1,0,25,7,33,0,0,6,32,38,1,0,31,39,71,14,94,108,179
03/09/2022,VQQ,FL,ASO,ES,Federal Contract Tower,2,0,33,17,52,1,0,2,18,21,3,0,35,35,73,0,40,40,113
03/10/2022,VQQ,FL,ASO,ES,Federal Contract Tower,2,2,21,9,34,0,0,0,9,9,2,2,21,18,43,0,32,32,75
03/11/2022,VQQ,FL,ASO,ES,Federal Contract Tower,2,1,0,1,4,0,0,0,0,0,2,1,0,1,4,0,0,0,4
03/12/2022,VQQ,FL,ASO,ES,Federal Contract Tower,0,0,15,3,18,0,0,6,2,8,0,0,21,5,26,6,0,6,32
03/13/2022,VQQ,FL,ASO,ES,Federal Contract Tower,1,0,18,0,19,0,0,54,0,54,1,0,72,0,73,142,0,142,215
03/14/2022,VQQ,FL,ASO,ES,Federal Contract Tower,0,1,39,15,55,0,0,33,29,62,0,1,72,44,117,62,138,200,317
03/15/2022,VQQ,FL,ASO,ES,Federal Contract Tower,3,0,29,30,62,0,0,12,25,37,3,0,41,55,99,34,112,146,245
03/16/2022,VQQ,FL,ASO,ES,Federal Contract Tower,0,0,35,9,44,0,0,15,37,52,0,0,50,46,96,30,164,194,290
03/17/2022,VQQ,FL,ASO,ES,Federal Contract Tower,0,0,37,17,54,0,0,45,51,96,0,0,82,68,150,154,243,397,547
03/18/2022,VQQ,FL,ASO,ES,Federal Contract Tower,0,4,28,18,50,0,0,24,42,66,0,4,52,60,116,44,66,110,226
03/19/2022,VQQ,FL,ASO,ES,Federal Contract Tower,0,0,37,1,38,0,0,19,1,20,0,0,56,2,58,46,0,46,104
03/20/2022,VQQ,FL,ASO,ES,Federal Contract Tower,0,1,15,3,19,0,0,24,19,43,0,1,39,22,62,48,20,68,130
03/21/2022,VQQ,FL,ASO,ES,Federal Contract Tower,0,2,75,14,91,0,0,58,32,90,0,2,133,46,181,210,126,336,517
03/22/2022,VQQ,FL,ASO,ES,Federal Contract Tower,0,3,32,18,53,0,0,28,36,64,0,3,60,54,117,92,176,268,385
03/23/2022,VQQ,FL,ASO,ES,Federal Contract Tower,5,1,19,16,41,0,0,9,11,20,5,1,28,27,61,18,98,116,177
03/24/2022,VQQ,FL,ASO,ES,Federal Contract Tower,1,0,11,10,22,0,0,0,24,24,1,0,11,34,46,0,58,58,104
03/25/2022,VQQ,FL,ASO,ES,Federal Contract Tower,7,1,45,22,75,0,0,49,39,88,7,1,94,61,163,155,105,260,423
03/26/2022,VQQ,FL,ASO,ES,Federal Contract Tower,1,0,24,6,31,0,0,30,6,36,1,0,54,12,67,106,6,112,179
03/27/2022,VQQ,FL,ASO,ES,Federal Contract Tower,1,4,17,5,27,0,0,16,29,45,1,4,33,34,72,118,4,122,194
03/28/2022,VQQ,FL,ASO,ES,Federal Contract Tower,0,0,55,14,69,0,0,49,33,82,0,0,104,47,151,162,58,220,371
03/29/2022,VQQ,FL,ASO,ES,Federal Contract Tower,1,0,57,32,90,0,0,44,36,80,1,0,101,68,170,92,120,212,382
03/30/2022,VQQ,FL,ASO,ES,Federal Contract Tower,0,0,27,14,41,0,0,28,33,61,0,0,55,47,102,116,82,198,300
03/31/2022,VQQ,FL,ASO,ES,Federal Contract Tower,1,2,9,10,22,0,0,1,29,30,1,2,10,39,52,24,158,182,234
04/01/2022,VQQ,FL,ASO,ES,Federal Contract Tower,0,0,47,22,69,0,0,48,18,66,0,0,95,40,135,121,53,174,309
04/02/2022,VQQ,FL,ASO,ES,Federal Contract Tower,0,1,8,0,9,0,0,0,0,0,0,1,8,0,9,0,0,0,9
04/03/2022,VQQ,FL,ASO,ES,Federal Contract Tower,0,1,21,14,36,0,0,28,5,33,0,1,49,19,69,118,0,118,187
04/04/2022,VQQ,FL,ASO,ES,Federal Contract Tower,0,1,71,8,80,0,0,47,8,55,0,1,118,16,135,178,46,224,359
04/05/2022,VQQ,FL,ASO,ES,Federal Contract Tower,0,0,29,15,44,0,0,27,48,75,0,0,56,63,119,78,178,256,375
04/06/2022,VQQ,FL,ASO,ES,Federal Contract Tower,0,2,23,5,30,0,0,24,32,56,0,2,47,37,86,124,102,226,312
04/07/2022,VQQ,FL,ASO,ES,Federal Contract Tower,2,0,13,5,20,0,0,5,35,40,2,0,18,40,60,2,76,78,138
04/08/2022,VQQ,FL,ASO,ES,Federal Contract Tower,0,0,15,60,75,0,0,36,31,67,0,0,51,91,142,102,76,178,320
04/09/2022,VQQ,FL,ASO,ES,Federal Contract Tower,5,0,12,1,18,0,0,11,15,26,5,0,23,16,44,50,6,56,100
04/10/2022,VQQ,FL,ASO,ES,Federal Contract Tower,0,0,12,1,13,0,0,27,9,36,0,0,39,10,49,80,4,84,133
04/11/2022,VQQ,FL,ASO,ES,Federal Contract Tower,1,1,72,9,83,0,0,51,13,64,1,1,123,22,147,120,14,134,281
04/12/2022,VQQ,FL,ASO,ES,Federal Contract Tower,0,0,38,22,60,0,0,35,37,72,0,0,73,59,132,154,78,232,364
04/13/2022,VQQ,FL,ASO,ES,Federal Contract Tower,2,1,32,19,54,0,0,55,28,83,2,1,87,47,137,200,78,278,415
04/14/2022,VQQ,FL,ASO,ES,Federal Contract Tower,0,1,53,12,66,0,0,46,57,103,0,1,99,69,169,204,142,346,515
04/15/2022,VQQ,FL,ASO,ES,Federal Contract Tower,1,0,39,4,44,0,0,42,14,56,1,0,81,18,100,204,88,292,392
04/16/2022,VQQ,FL,ASO,ES,Federal Contract Tower,1,0,35,1,37,0,0,19,0,19,1,0,54,1,56,56,0,56,112
04/17/2022,VQQ,FL,ASO,ES,Federal Contract Tower,1,0,12,0,13,0,0,9,0,9,1,0,21,0,22,20,0,20,42
04/18/2022,VQQ,FL,ASO,ES,Federal Contract Tower,9,0,31,7,47,0,0,26,17,43,9,0,57,24,90,50,10,60,150
04/19/2022,VQQ,FL,ASO,ES,Federal Contract Tower,3,0,42,21,66,0,0,31,40,71,3,0,73,61,137,108,84,192,329
04/20/2022,VQQ,FL,ASO,ES,Federal Contract Tower,0,0,54,13,67,0,0,41,48,89,0,0,95,61,156,148,80,228,384
04/21/2022,VQQ,FL,ASO,ES,Federal Contract Tower,0,0,58,16,74,0,0,30,40,70,0,0,88,56,144,74,90,164,308
04/22/2022,VQQ,FL,ASO,ES,Federal Contract Tower,4,6,35,16,61,0,0,19,3,22,4,6,54,19,83,80,16,96,179
04/23/2022,VQQ,FL,ASO,ES,Federal Contract Tower,0,2,18,4,24,0,0,29,0,29,0,2,47,4,53,84,0,84,137
04/24/2022,VQQ,FL,ASO,ES,Federal Contract Tower,0,0,7,4,11,0,0,30,0,30,0,0,37,4,41,66,0,66,107
04/25/2022,VQQ,FL,ASO,ES,Federal Contract Tower,0,7,37,7,51,0,0,46,27,73,0,7,83,34,124,153,92,245,369
04/26/2022,VQQ,FL,ASO,ES,Federal Contract Tower,7,5,31,9,52,0,0,39,29,68,7,5,70,38,120,68,72,140,260
04/27/2022,VQQ,FL,ASO,ES,Federal Contract Tower,4,1,54,8,67,0,0,31,43,74,4,1,85,51,141,172,92,264,405
04/28/2022,VQQ,FL,ASO,ES,Federal Contract Tower,1,3,32,11,47,0,0,36,53,89,1,3,68,64,136,116,62,178,314
04/29/2022,VQQ,FL,ASO,ES,Federal Contract Tower,0,2,34,30,66,0,0,24,26,50,0,2,58,56,116,106,28,134,250
04/30/2022,VQQ,FL,ASO,ES,Federal Contract Tower,0,0,19,5,24,0,0,22,0,22,0,0,41,5,46,72,0,72,118
05/01/2022,VQQ,FL,ASO,ES,Federal Contract Tower,2,0,13,8,23,0,0,5,8,13,2,0,18,16,36,16,0,16,52
05/02/2022,VQQ,FL,ASO,ES,Federal Contract Tower,7,1,29,6,43,0,0,34,6,40,7,1,63,12,83,66,36,102,185
05/03/2022,VQQ,FL,ASO,ES,Federal Contract Tower,0,3,37,4,44,0,0,30,23,53,0,3,67,27,97,160,50,210,307
05/04/2022,VQQ,FL,ASO,ES,Federal Contract Tower,0,4,36,18,58,0,0,46,51,97,0,4,82,69,155,134,178,312,467
05/05/2022,VQQ,FL,ASO,ES,Federal Contract Tower,0,0,46,20,66,0,0,43,33,76,0,0,89,53,142,176,136,312,454
05/06/2022,VQQ,FL,ASO,ES,Federal Contract Tower,0,0,41,26,67,0,0,25,4,29,0,0,66,30,96,80,14,94,190
05/07/2022,VQQ,FL,ASO,ES,Federal Contract Tower,2,0,17,0,19,0,0,11,1,12,2,0,28,1,31,20,0,20,51
05/08/2022,VQQ,FL,ASO,ES,Federal Contract Tower,5,0,4,4,13,0,0,17,0,17,5,0,21,4,30,42,0,42,72
05/09/2022,VQQ,FL,ASO,ES,Federal Contract Tower,2,0,31,12,45,0,0,52,17,69,2,0,83,29,114,144,20,164,278
05/10/2022,VQQ,FL,ASO,ES,Federal Contract Tower,0,0,34,19,53,0,0,48,36,84,0,0,82,55,137,180,108,288,425
05/11/2022,VQQ,FL,ASO,ES,Federal Contract Tower,0,1,40,30,71,0,0,39,40,79,0,1,79,70,150,170,122,292,442
05/12/2022,VQQ,FL,ASO,ES,Federal Contract Tower,12,0,46,35,93,0,0,37,47,84,12,0,83,82,177,122,66,188,365
05/13/2022,VQQ,FL,ASO,ES,Federal Contract Tower,1,1,16,26,44,0,0,19,21,40,1,1,35,47,84,36,36,72,156
05/14/2022,VQQ,FL,ASO,ES,Federal Contract Tower,2,0,9,5,16,0,0,12,19,31,2,0,21,24,47,52,92,144,191
05/15/2022,VQQ,FL,ASO,ES,Federal Contract Tower,0,1,13,6,20,0,0,11,5,16,0,1,24,11,36,44,6,50,86
05/16/2022,VQQ,FL,ASO,ES,Federal Contract Tower,0,1,33,12,46,0,0,42,29,71,0,1,75,41,117,154,59,213,330
05/17/2022,VQQ,FL,ASO,ES,Federal Contract Tower,0,0,24,17,41,0,0,34,17,51,0,0,58,34,92,126,102,228,320
05/18/2022,VQQ,FL,ASO,ES,Federal Contract Tower,0,0,45,25,70,0,0,35,34,69,0,0,80,59,139,98,180,278,417
05/19/2022,VQQ,FL,ASO,ES,Federal Contract Tower,1,0,35,24,60,0,0,25,59,84,1,0,60,83,144,60,150,210,354
05/20/2022,VQQ,FL,ASO,ES,Federal Contract Tower,0,0,30,42,72,0,0,27,15,42,0,0,57,57,114,61,46,107,221
05/21/2022,VQQ,FL,ASO,ES,Federal Contract Tower,0,0,15,5,20,0,0,15,0,15,0,0,30,5,35,32,0,32,67
05/22/2022,VQQ,FL,ASO,ES,Federal Contract Tower,0,0,13,15,28,0,0,12,4,16,0,0,25,19,44,58,0,58,102
05/23/2022,VQQ,FL,ASO,ES,Federal Contract Tower,0,0,40,56,96,0,0,24,23,47,0,0,64,79,143,84,112,196,339
05/24/2022,VQQ,FL,ASO,ES,Federal Contract Tower,0,0,19,23,42,4,0,50,36,90,4,0,69,59,132,188,174,362,494
05/25/2022,VQQ,FL,ASO,ES,Federal Contract Tower,1,0,51,8,60,0,0,22,44,66,1,0,73,52,126,48,160,208,334
05/26/2022,VQQ,FL,ASO,ES,Federal Contract Tower,1,4,27,10,42,0,0,32,11,43,1,4,59,21,85,118,92,210,295
05/27/2022,VQQ,FL,ASO,ES,Federal Contract Tower,1,1,10,2,14,0,0,11,0,11,1,1,21,2,25,30,0,30,55
05/28/2022,VQQ,FL,ASO,ES,Federal Contract Tower,0,0,26,0,26,0,0,15,2,17,0,0,41,2,43,52,0,52,95
05/29/2022,VQQ,FL,ASO,ES,Federal Contract Tower,0,0,5,2,7,0,2,15,0,17,0,2,20,2,24,12,0,12,36
05/30/2022,VQQ,FL,ASO,ES,Federal Contract Tower,0,0,17,2,19,0,0,26,1,27,0,0,43,3,46,98,0,98,144
05/31/2022,VQQ,FL,ASO,ES,Federal Contract Tower,10,0,35,10,55,0,0,26,37,63,10,0,61,47,118,126,54,180,298
06/01/2022,VQQ,FL,ASO,ES,Federal Contract Tower,9,0,37,27,73,0,0,39,48,87,9,0,76,75,160,144,140,284,444
06/02/2022,VQQ,FL,ASO,ES,Federal Contract Tower,0,2,33,25,60,0,2,37,44,83,0,4,70,69,143,138,150,288,431
06/03/2022,VQQ,FL,ASO,ES,Federal Contract Tower,1,0,13,11,25,0,0,33,20,53,1,0,46,31,78,84,38,122,200
06/04/2022,VQQ,FL,ASO,ES,Federal Contract Tower,2,0,23,3,28,0,2,11,4,17,2,2,34,7,45,32,0,32,77
06/05/2022,VQQ,FL,ASO,ES,Federal Contract Tower,0,4,19,2,25,0,0,3,2,5,0,4,22,4,30,8,0,8,38
06/06/2022,VQQ,FL,ASO,ES,Federal Contract Tower,3,0,28,20,51,0,0,11,6,17,3,0,39,26,68,16,46,62,130
06/07/2022,VQQ,FL,ASO,ES,Federal Contract Tower,3,2,51,27,83,0,0,27,27,54,3,2,78,54,137,114,102,216,353
06/08/2022,VQQ,FL,ASO,ES,Federal Contract Tower,2,0,27,17,46,0,0,35,29,64,2,0,62,46,110,90,158,248,358
06/09/2022,VQQ,FL,ASO,ES,Federal Contract Tower,0,0,23,13,36,0,0,28,33,61,0,0,51,46,97,44,144,188,285
06/10/2022,VQQ,FL,ASO,ES,Federal Contract Tower,0,0,20,20,40,0,0,31,20,51,0,0,51,40,91,74,30,104,195
06/11/2022,VQQ,FL,ASO,ES,Federal Contract Tower,0,0,12,3,15,0,0,7,0,7,0,0,19,3,22,12,0,12,34
06/12/2022,VQQ,FL,ASO,ES,Federal Contract Tower,0,0,12,4,16,0,0,7,1,8,0,0,19,5,24,58,2,60,84
06/13/2022,VQQ,FL,ASO,ES,Federal Contract Tower,0,2,22,3,27,0,0,18,10,28,0,2,40,13,55,62,8,70,125
06/14/2022,VQQ,FL,ASO,ES,Federal Contract Tower,1,0,25,24,50,0,0,18,25,43,1,0,43,49,93,60,76,136,229
06/15/2022,VQQ,FL,ASO,ES,Federal Contract Tower,0,0,46,52,98,0,0,51,26,77,0,0,97,78,175,166,106,272,447
06/16/2022,VQQ,FL,ASO,ES,Federal Contract Tower,6,3,40,37,86,0,0,42,88,130,6,3,82,125,216,178,56,234,450
06/17/2022,VQQ,FL,ASO,ES,Federal Contract Tower,0,0,45,89,134,0,0,28,14,42,0,0,73,103,176,86,80,166,342
06/18/2022,VQQ,FL,ASO,ES,Federal Contract Tower,0,0,13,39,52,0,0,9,0,9,0,0,22,39,61,49,0,49,110
06/19/2022,VQQ,FL,ASO,ES,Federal Contract Tower,0,0,14,63,77,0,0,14,0,14,0,0,28,63,91,56,0,56,147
06/20/2022,VQQ,FL,ASO,ES,Federal Contract Tower,1,0,30,21,52,0,2,23,1,26,1,2,53,22,78,54,0,54,132
06/21/2022,VQQ,FL,ASO,ES,Federal Contract Tower,11,0,28,21,60,0,0,40,19,59,11,0,68,40,119,156,2,158,277
06/22/2022,VQQ,FL,ASO,ES,Federal Contract Tower,0,0,24,21,45,0,1,32,56,89,0,1,56,77,134,112,200,312,446
06/23/2022,VQQ,FL,ASO,ES,Federal Contract Tower,10,0,32,20,62,0,0,38,48,86,10,0,70,68,148,90,114,204,352
06/24/2022,VQQ,FL,ASO,ES,Federal Contract Tower,3,2,41,19,65,0,0,23,43,66,3,2,64,62,131,38,124,162,293
06/25/2022,VQQ,FL,ASO,ES,Federal Contract Tower,0,0,14,1,15,0,1,16,7,24,0,1,30,8,39,26,0,26,65
06/26/2022,VQQ,FL,ASO,ES,Federal Contract Tower,0,0,6,0,6,0,0,17,10,27,0,0,23,10,33,54,8,62,95
06/27/2022,VQQ,FL,ASO,ES,Federal Contract Tower,0,2,24,9,35,0,0,31,25,56,0,2,55,34,91,63,88,151,242
06/28/2022,VQQ,FL,ASO,ES,Federal Contract Tower,1,0,21,5,27,0,0,18,26,44,1,0,39,31,71,66,60,126,197
06/29/2022,VQQ,FL,ASO,ES,Federal Contract Tower,2,4,30,45,81,0,0,42,53,95,2,4,72,98,176,150,361,511,687
06/30/2022,VQQ,FL,ASO,ES,Federal Contract Tower,3,0,52,4,59,0,0,18,31,49,3,0,70,35,108,46,144,190,298
07/01/2022,VQQ,FL,ASO,ES,Federal Contract Tower,0,0,15,1,16,0,0,21,1,22,0,0,36,2,38,24,0,24,62
07/02/2022,VQQ,FL,ASO,ES,Federal Contract Tower,0,0,18,0,18,0,0,20,0,20,0,0,38,0,38,78,0,78,116
07/03/2022,VQQ,FL,ASO,ES,Federal Contract Tower,0,0,5,0,5,0,0,15,4,19,0,0,20,4,24,26,0,26,50
07/04/2022,VQQ,FL,ASO,ES,Federal Contract Tower,0,0,12,0,12,0,0,10,0,10,0,0,22,0,22,30,0,30,52
07/05/2022,VQQ,FL,ASO,ES,Federal Contract Tower,11,0,25,2,38,0,0,20,12,32,11,0,45,14,70,34,16,50,120
07/06/2022,VQQ,FL,ASO,ES,Federal Contract Tower,0,0,30,12,42,0,0,49,44,93,0,0,79,56,135,208,112,320,455
07/07/2022,VQQ,FL,ASO,ES,Federal Contract Tower,0,0,39,14,53,0,0,30,33,63,0,0,69,47,116,138,118,256,372
07/08/2022,VQQ,FL,ASO,ES,Federal Contract Tower,0,0,17,48,65,0,0,36,32,68,0,0,53,80,133,85,127,212,345
07/09/2022,VQQ,FL,ASO,ES,Federal Contract Tower,1,0,11,0,12,0,0,12,0,12,1,0,23,0,24,22,0,22,46
07/10/2022,VQQ,FL,ASO,ES,Federal Contract Tower,7,0,4,3,14,0,0,10,0,10,7,0,14,3,24,52,0,52,76
07/11/2022,VQQ,FL,ASO,ES,Federal Contract Tower,0,4,22,5,31,0,0,22,3,25,0,4,44,8,56,40,2,42,98
07/12/2022,VQQ,FL,ASO,ES,Federal Contract Tower,0,0,25,31,56,0,0,25,53,78,0,0,50,84,134,64,318,382,516
07/13/2022,VQQ,FL,ASO,ES,Federal Contract Tower,3,2,26,28,59,0,0,34,47,81,3,2,60,75,140,98,300,398,538
07/14/2022,VQQ,FL,ASO,ES,Federal Contract Tower,0,2,19,15,36,0,0,34,60,94,0,2,53,75,130,80,298,378,508
07/15/2022,VQQ,FL,ASO,ES,Federal Contract Tower,0,0,31,19,50,0,0,23,23,46,0,0,54,42,96,72,118,190,286
07/16/2022,VQQ,FL,ASO,ES,Federal Contract Tower,0,0,6,1,7,0,0,8,0,8,0,0,14,1,15,6,0,6,21
07/17/2022,VQQ,FL,ASO,ES,Federal Contract Tower,1,0,16,1,18,0,0,18,5,23,1,0,34,6,41,34,24,58,99
07/18/2022,VQQ,FL,ASO,ES,Federal Contract Tower,3,0,15,5,23,0,0,15,34,49,3,0,30,39,72,58,222,280,352
07/19/2022,VQQ,FL,ASO,ES,Federal Contract Tower,0,0,22,6,28,0,0,24,48,72,0,0,46,54,100,50,144,194,294
07/20/2022,VQQ,FL,ASO,ES,Federal Contract Tower,6,0,4,10,20,0,0,9,39,48,6,0,13,49,68,46,188,234,302
07/21/2022,VQQ,FL,ASO,ES,Federal Contract Tower,0,0,45,10,55,0,0,43,54,97,0,0,88,64,152,132,162,294,446
07/22/2022,VQQ,FL,ASO,ES,Federal Contract Tower,0,0,41,23,64,0,0,37,23,60,0,0,78,46,124,107,90,197,321
07/23/2022,VQQ,FL,ASO,ES,Federal Contract Tower,0,0,24,2,26,0,0,16,0,16,0,0,40,2,42,54,0,54,96
07/24/2022,VQQ,FL,ASO,ES,Federal Contract Tower,0,2,14,2,18,0,1,17,0,18,0,3,31,2,36,42,0,42,78
07/25/2022,VQQ,FL,ASO,ES,Federal Contract Tower,0,0,35,11,46,0,0,32,31,63,0,0,67,42,109,142,122,264,373
07/26/2022,VQQ,FL,ASO,ES,Federal Contract Tower,0,0,23,22,45,0,0,31,35,66,0,0,54,57,111,108,142,250,361
07/27/2022,VQQ,FL,ASO,ES,Federal Contract Tower,0,0,22,7,29,0,0,31,39,70,0,0,53,46,99,94,220,314,413
07/28/2022,VQQ,FL,ASO,ES,Federal Contract Tower,3,0,50,34,87,0,0,35,50,85,3,0,85,84,172,76,188,264,436
07/29/2022,VQQ,FL,ASO,ES,Federal Contract Tower,4,0,37,10,51,0,0,34,19,53,4,0,71,29,104,87,69,156,260
07/30/2022,VQQ,FL,ASO,ES,Federal Contract Tower,0,0,13,3,16,0,0,30,0,30,0,0,43,3,46,100,0,100,146
07/31/2022,VQQ,FL,ASO,ES,Federal Contract Tower,0,3,10,4,17,0,0,19,0,19,0,3,29,4,36,32,0,32,68
08/01/2022,VQQ,FL,ASO,ES,Federal Contract Tower,2,1,21,11,35,0,0,33,26,59,2,1,54,37,94,86,38,124,218
08/02/2022,VQQ,FL,ASO,ES,Federal Contract Tower,7,0,30,17,54,0,0,22,44,66,7,0,52,61,120,46,252,298,418
08/03/2022,VQQ,FL,ASO,ES,Federal Contract Tower,2,2,24,27,55,0,0,25,19,44,2,2,49,46,99,54,92,146,245
08/04/2022,VQQ,FL,ASO,ES,Federal Contract Tower,7,1,46,15,69,0,1,31,19,51,7,2,77,34,120,112,134,246,366
08/05/2022,VQQ,FL,ASO,ES,Federal Contract Tower,3,1,24,13,41,0,0,24,5,29,3,1,48,18,70,70,8,78,148
08/06/2022,VQQ,FL,ASO,ES,Federal Contract Tower,0,1,8,0,9,0,0,18,0,18,0,1,26,0,27,86,0,86,113
08/07/2022,VQQ,FL,ASO,ES,Federal Contract Tower,0,2,14,3,19,0,0,10,2,12,0,2,24,5,31,4,4,8,39
08/08/2022,VQQ,FL,ASO,ES,Federal Contract Tower,1,0,18,10,29,0,0,20,31,51,1,0,38,41,80,86,108,194,274
08/09/2022,VQQ,FL,ASO,ES,Federal Contract Tower,6,0,31,10,47,0,0,16,23,39,6,0,47,33,86,32,76,108,194
08/10/2022,VQQ,FL,ASO,ES,Federal Contract Tower,2,0,29,14,45,0,0,36,45,81,2,0,65,59,126,86,174,260,386
08/11/2022,VQQ,FL,ASO,ES,Federal Contract Tower,4,0,14,11,29,0,0,28,31,59,4,0,42,42,88,70,124,194,282
08/12/2022,VQQ,FL,ASO,ES,Federal Contract Tower,0,2,22,18,42,0,0,36,25,61,0,2,58,43,103,142,54,196,299
08/13/2022,VQQ,FL,ASO,ES,Federal Contract Tower,1,0,14,2,17,0,0,15,0,15,1,0,29,2,32,28,0,28,60
08/14/2022,VQQ,FL,ASO,ES,Federal Contract Tower,0,0,32,4,36,0,0,25,1,26,0,0,57,5,62,66,0,66,128
08/15/2022,VQQ,FL,ASO,ES,Federal Contract Tower,1,0,41,1,43,0,0,56,23,79,1,0,97,24,122,132,88,220,342
08/16/2022,VQQ,FL,ASO,ES,Federal Contract Tower,5,0,14,18,37,0,0,35,40,75,5,0,49,58,112,70,192,262,374
08/17/2022,VQQ,FL,ASO,ES,Federal Contract Tower,2,0,39,3,44,0,0,27,37,64,2,0,66,40,108,70,172,242,350
08/18/2022,VQQ,FL,ASO,ES,Federal Contract Tower,2,0,21,18,41,0,0,22,23,45,2,0,43,41,86,70,100,170,256
08/19/2022,VQQ,FL,ASO,ES,Federal Contract Tower,2,0,23,13,38,4,0,8,20,32,6,0,31,33,70,38,98,136,206
08/20/2022,VQQ,FL,ASO,ES,Federal Contract Tower,4,0,17,0,21,0,0,11,2,13,4,0,28,2,34,58,0,58,92
08/21/2022,VQQ,FL,ASO,ES,Federal Contract Tower,0,0,6,4,10,0,0,10,7,17,0,0,16,11,27,38,0,38,65
08/22/2022,VQQ,FL,ASO,ES,Federal Contract Tower,0,0,29,16,45,0,0,24,3,27,0,0,53,19,72,42,26,68,140
08/23/2022,VQQ,FL,ASO,ES,Federal Contract Tower,0,1,21,5,27,0,0,30,31,61,0,1,51,36,88,102,142,244,332
08/24/2022,VQQ,FL,ASO,ES,Federal Contract Tower,1,2,38,11,52,0,0,20,36,56,1,2,58,47,108,62,98,160,268
08/25/2022,VQQ,FL,ASO,ES,Federal Contract Tower,3,0,21,8,32,0,0,4,41,45,3,0,25,49,77,20,266,286,363
08/26/2022,VQQ,FL,ASO,ES,Federal Contract Tower,2,0,26,21,49,0,0,5,5,10,2,0,31,26,59,14,14,28,87
08/27/2022,VQQ,FL,ASO,ES,Federal Contract Tower,1,0,16,0,17,0,0,2,0,2,1,0,18,0,19,6,0,6,25
08/28/2022,VQQ,FL,ASO,ES,Federal Contract Tower,0,0,7,0,7,0,0,8,0,8,0,0,15,0,15,22,0,22,37
08/29/2022,VQQ,FL,ASO,ES,Federal Contract Tower,1,0,28,11,40,0,0,13,18,31,1,0,41,29,71,18,98,116,187
08/30/2022,VQQ,FL,ASO,ES,Federal Contract Tower,7,0,30,14,51,0,0,24,27,51,7,0,54,41,102,88,178,266,368
08/31/2022,VQQ,FL,ASO,ES,Federal Contract Tower,0,0,24,22,46,0,0,22,13,35,0,0,46,35,81,50,48,98,179
09/01/2022,VQQ,FL,ASO,ES,Federal Contract Tower,4,2,12,0,18,0,0,25,18,43,4,2,37,18,61,94,44,138,199
09/02/2022,VQQ,FL,ASO,ES,Federal Contract Tower,0,0,51,0,51,0,0,19,0,19,0,0,70,0,70,81,0,81,151
09/03/2022,VQQ,FL,ASO,ES,Federal Contract Tower,1,0,39,0,40,0,0,11,0,11,1,0,50,0,51,26,0,26,77
09/04/2022,VQQ,FL,ASO,ES,Federal Contract Tower,1,0,6,2,9,0,4,24,0,28,1,4,30,2,37,18,0,18,55
09/05/2022,VQQ,FL,ASO,ES,Federal Contract Tower,0,0,32,0,32,0,0,23,0,23,0,0,55,0,55,162,0,162,217
09/06/2022,VQQ,FL,ASO,ES,Federal Contract Tower,0,2,33,32,67,0,0,40,31,71,0,2,73,63,138,96,84,180,318
09/07/2022,VQQ,FL,ASO,ES,Federal Contract Tower,0,0,32,17,49,0,0,40,40,80,0,0,72,57,129,154,118,272,401
09/08/2022,VQQ,FL,ASO,ES,Federal Contract Tower,0,0,33,5,38,0,0,20,19,39,0,0,53,24,77,96,116,212,289
09/09/2022,VQQ,FL,ASO,ES,Federal Contract Tower,0,0,20,6,26,0,0,16,25,41,0,0,36,31,67,36,128,164,231
09/10/2022,VQQ,FL,ASO,ES,Federal Contract Tower,1,0,14,1,16,0,0,12,0,12,1,0,26,1,28,24,0,24,52
09/11/2022,VQQ,FL,ASO,ES,Federal Contract Tower,0,0,19,1,20,0,0,12,0,12,0,0,31,1,32,44,0,44,76
09/12/2022,VQQ,FL,ASO,ES,Federal Contract Tower,6,0,13,19,38,0,0,11,26,37,6,0,24,45,75,41,114,155,230
09/13/2022,VQQ,FL,ASO,ES,Federal Contract Tower,0,0,40,8,48,0,0,8,21,29,0,0,48,29,77,24,114,138,215
09/14/2022,VQQ,FL,ASO,ES,Federal Contract Tower,2,0,32,26,60,0,0,53,43,96,2,0,85,69,156,150,212,362,518
09/15/2022,VQQ,FL,ASO,ES,Federal Contract Tower,2,0,25,17,44,0,0,34,48,82,2,0,59,65,126,128,106,234,360
09/16/2022,VQQ,FL,ASO,ES,Federal Contract Tower,1,2,33,23,59,0,0,28,40,68,1,2,61,63,127,80,104,184,311
09/17/2022,VQQ,FL,ASO,ES,Federal Contract Tower,0,0,17,4,21,0,0,13,7,20,0,0,30,11,41,44,2,46,87
09/18/2022,VQQ,FL,ASO,ES,Federal Contract Tower,0,0,7,0,7,0,0,2,0,2,0,0,9,0,9,8,0,8,17
09/19/2022,VQQ,FL,ASO,ES,Federal Contract Tower,1,2,39,11,53,0,0,7,4,11,1,2,46,15,64,4,6,10,74
09/20/2022,VQQ,FL,ASO,ES,Federal Contract Tower,1,0,33,29,63,0,0,37,23,60,1,0,70,52,123,146,196,342,465
09/21/2022,VQQ,FL,ASO,ES,Federal Contract Tower,1,0,40,13,54,0,0,28,52,80,1,0,68,65,134,124,168,292,426
09/22/2022,VQQ,FL,ASO,ES,Federal Contract Tower,2,3,35,13,53,0,0,32,45,77,2,3,67,58,130,74,150,224,354
09/23/2022,VQQ,FL,ASO,ES,Federal Contract Tower,1,0,61,4,66,0,0,18,11,29,1,0,79,15,95,86,32,118,213
09/24/2022,VQQ,FL,ASO,ES,Federal Contract Tower,0,0,17,10,27,0,2,33,4,39,0,2,50,14,66,148,14,162,228
09/25/2022,VQQ,FL,ASO,ES,Federal Contract Tower,0,4,26,15,45,0,0,26,1,27,0,4,52,16,72,100,0,100,172
09/26/2022,VQQ,FL,ASO,ES,Federal Contract Tower,0,2,57,18,77,0,0,40,7,47,0,2,97,25,124,178,22,200,324
09/27/2022,VQQ,FL,ASO,ES,Federal Contract Tower,1,3,27,9,40,0,0,19,27,46,1,3,46,36,86,32,2,34,120
09/28/2022,VQQ,FL,ASO,ES,Federal Contract Tower,1,0,2,2,5,0,0,0,0,0,1,0,2,2,5,0,0,0,5
09/29/2022,VQQ,FL,ASO,ES,Federal Contract Tower,0,0,0,0,0,0,0,0,0,0,0,0,0,0,0,0,0,0,0
09/30/2022,VQQ,FL,ASO,ES,Federal Contract Tower,0,0,2,2,4,0,5,2,11,18,0,5,4,13,22,0,0,0,22
10/01/2022,VQQ,FL,ASO,ES,Federal Contract Tower,0,0,13,7,20,0,0,14,4,18,0,0,27,11,38,14,0,14,52
10/02/2022,VQQ,FL,ASO,ES,Federal Contract Tower,1,0,14,0,15,0,0,26,1,27,1,0,40,1,42,104,0,104,146
10/03/2022,VQQ,FL,ASO,ES,Federal Contract Tower,1,0,35,9,45,0,0,29,25,54,1,0,64,34,99,126,40,166,265
10/04/2022,VQQ,FL,ASO,ES,Federal Contract Tower,5,2,38,35,80,2,0,46,35,83,7,2,84,70,163,214,188,402,565
10/05/2022,VQQ,FL,ASO,ES,Federal Contract Tower,1,2,48,19,70,0,0,48,38,86,1,2,96,57,156,204,100,304,460
10/06/2022,VQQ,FL,ASO,ES,Federal Contract Tower,1,2,47,22,72,0,0,60,38,98,1,2,107,60,170,296,68,364,534
10/07/2022,VQQ,FL,ASO,ES,Federal Contract Tower,0,1,24,18,43,0,0,50,12,62,0,1,74,30,105,236,34,270,375
10/08/2022,VQQ,FL,ASO,ES,Federal Contract Tower,0,0,32,2,34,0,2,25,1,28,0,2,57,3,62,92,0,92,154
10/09/2022,VQQ,FL,ASO,ES,Federal Contract Tower,1,0,16,14,31,1,0,31,4,36,2,0,47,18,67,142,0,142,209
10/10/2022,VQQ,FL,ASO,ES,Federal Contract Tower,0,2,56,6,64,0,0,28,1,29,0,2,84,7,93,132,0,132,225
10/11/2022,VQQ,FL,ASO,ES,Federal Contract Tower,2,0,52,19,73,0,0,21,25,46,2,0,73,44,119,136,72,208,327
10/12/2022,VQQ,FL,ASO,ES,Federal Contract Tower,2,3,85,16,106,0,0,15,45,60,2,3,100,61,166,50,226,276,442
10/13/2022,VQQ,FL,ASO,ES,Federal Contract Tower,14,0,66,20,100,0,0,31,29,60,14,0,97,49,160,134,118,252,412
10/14/2022,VQQ,FL,ASO,ES,Federal Contract Tower,1,1,48,13,63,0,0,70,32,102,1,1,118,45,165,262,138,400,565
10/15/2022,VQQ,FL,ASO,ES,Federal Contract Tower,0,1,32,6,39,0,0,43,2,45,0,1,75,8,84,274,4,278,362
10/16/2022,VQQ,FL,ASO,ES,Federal Contract Tower,2,0,16,1,19,0,0,50,5,55,2,0,66,6,74,136,0,136,210
10/17/2022,VQQ,FL,ASO,ES,Federal Contract Tower,1,2,24,13,40,0,0,35,16,51,1,2,59,29,91,72,132,204,295
10/18/2022,VQQ,FL,ASO,ES,Federal Contract Tower,0,2,37,55,94,0,0,60,34,94,0,2,97,89,188,176,164,340,528
10/19/2022,VQQ,FL,ASO,ES,Federal Contract Tower,0,0,55,26,81,0,0,57,38,95,0,0,112,64,176,224,172,396,572
10/20/2022,VQQ,FL,ASO,ES,Federal Contract Tower,0,0,58,15,73,0,0,56,34,90,0,0,114,49,163,168,58,226,389
10/21/2022,VQQ,FL,ASO,ES,Federal Contract Tower,2,5,58,33,98,0,0,60,26,86,2,5,118,59,184,198,64,262,446
10/22/2022,VQQ,FL,ASO,ES,Federal Contract Tower,1,1,50,2,54,0,0,30,2,32,1,1,80,4,86,156,0,156,242
10/23/2022,VQQ,FL,ASO,ES,Federal Contract Tower,3,0,22,11,36,0,0,20,7,27,3,0,42,18,63,78,0,78,141
10/24/2022,VQQ,FL,ASO,ES,Federal Contract Tower,0,0,27,15,42,0,0,33,25,58,0,0,60,40,100,117,86,203,303
10/25/2022,VQQ,FL,ASO,ES,Federal Contract Tower,1,0,42,14,57,0,0,50,36,86,1,0,92,50,143,246,120,366,509
10/26/2022,VQQ,FL,ASO,ES,Federal Contract Tower,2,0,52,19,73,0,0,42,33,75,2,0,94,52,148,190,124,314,462
10/27/2022,VQQ,FL,ASO,ES,Federal Contract Tower,1,0,64,32,97,0,0,60,41,101,1,0,124,73,198,302,92,394,592
10/28/2022,VQQ,FL,ASO,ES,Federal Contract Tower,1,0,66,26,93,0,0,3,8,11,1,0,69,34,104,8,48,56,160
10/29/2022,VQQ,FL,ASO,ES,Federal Contract Tower,0,0,12,0,12,0,0,0,0,0,0,0,12,0,12,0,0,0,12
10/30/2022,VQQ,FL,ASO,ES,Federal Contract Tower,1,0,21,7,29,0,0,2,1,3,1,0,23,8,32,0,0,0,32
10/31/2022,VQQ,FL,ASO,ES,Federal Contract Tower,1,0,29,19,49,0,0,30,18,48,1,0,59,37,97,120,58,178,275
11/01/2022,VQQ,FL,ASO,ES,Federal Contract Tower,4,1,43,19,67,0,0,56,38,94,4,1,99,57,161,296,118,414,575
11/02/2022,VQQ,FL,ASO,ES,Federal Contract Tower,2,0,52,25,79,0,0,55,48,103,2,0,107,73,182,190,148,338,520
11/03/2022,VQQ,FL,ASO,ES,Federal Contract Tower,0,0,86,30,116,0,0,36,44,80,0,0,122,74,196,144,200,344,540
11/04/2022,VQQ,FL,ASO,ES,Federal Contract Tower,0,4,49,14,67,0,0,26,26,52,0,4,75,40,119,110,66,176,295
11/05/2022,VQQ,FL,ASO,ES,Federal Contract Tower,0,2,28,9,39,0,0,26,0,26,0,2,54,9,65,162,0,162,227
11/06/2022,VQQ,FL,ASO,ES,Federal Contract Tower,0,0,17,0,17,0,0,19,0,19,0,0,36,0,36,120,0,120,156
11/07/2022,VQQ,FL,ASO,ES,Federal Contract Tower,0,0,29,23,52,0,0,39,10,49,0,0,68,33,101,172,42,214,315
11/08/2022,VQQ,FL,ASO,ES,Federal Contract Tower,0,1,16,22,39,0,0,17,18,35,0,1,33,40,74,32,117,149,223
11/09/2022,VQQ,FL,ASO,ES,Federal Contract Tower,2,1,10,6,19,0,0,2,11,13,2,1,12,17,32,0,26,26,58
11/10/2022,VQQ,FL,ASO,ES,Federal Contract Tower,1,1,1,0,3,0,0,0,0,0,1,1,1,0,3,0,0,0,3
11/11/2022,VQQ,FL,ASO,ES,Federal Contract Tower,0,0,12,3,15,0,0,2,0,2,0,0,14,3,17,0,0,0,17
11/12/2022,VQQ,FL,ASO,ES,Federal Contract Tower,2,0,51,2,55,0,0,12,4,16,2,0,63,6,71,46,26,72,143
11/13/2022,VQQ,FL,ASO,ES,Federal Contract Tower,0,0,44,0,44,0,0,9,0,9,0,0,53,0,53,26,0,26,79
11/14/2022,VQQ,FL,ASO,ES,Federal Contract Tower,0,2,78,27,107,0,0,37,8,45,0,2,115,35,152,236,34,270,422
11/15/2022,VQQ,FL,ASO,ES,Federal Contract Tower,1,0,52,10,63,0,0,21,34,55,1,0,73,44,118,126,218,344,462
11/16/2022,VQQ,FL,ASO,ES,Federal Contract Tower,2,2,67,20,91,0,0,23,42,65,2,2,90,62,156,100,148,248,404
11/17/2022,VQQ,FL,ASO,ES,Federal Contract Tower,3,2,56,33,94,0,0,55,65,120,3,2,111,98,214,202,294,496,710
11/18/2022,VQQ,FL,ASO,ES,Federal Contract Tower,3,2,72,20,97,0,2,57,31,90,3,4,129,51,187,238,172,410,597
11/19/2022,VQQ,FL,ASO,ES,Federal Contract Tower,0,0,29,2,31,0,0,41,10,51,0,0,70,12,82,196,48,244,326
11/20/2022,VQQ,FL,ASO,ES,Federal Contract Tower,0,2,24,10,36,0,2,17,1,20,0,4,41,11,56,44,0,44,100
11/21/2022,VQQ,FL,ASO,ES,Federal Contract Tower,0,5,48,13,66,0,0,29,28,57,0,5,77,41,123,108,98,206,329
11/22/2022,VQQ,FL,ASO,ES,Federal Contract Tower,1,6,18,10,35,0,0,0,20,20,1,6,18,30,55,0,72,72,127
11/23/2022,VQQ,FL,ASO,ES,Federal Contract Tower,0,0,46,14,60,0,0,0,0,0,0,0,46,14,60,0,0,0,60
11/24/2022,VQQ,FL,ASO,ES,Federal Contract Tower,0,0,0,0,0,0,0,0,0,0,0,0,0,0,0,0,0,0,0
11/25/2022,VQQ,FL,ASO,ES,Federal Contract Tower,1,0,11,4,16,0,0,8,0,8,1,0,19,4,24,32,0,32,56
11/26/2022,VQQ,FL,ASO,ES,Federal Contract Tower,0,0,23,3,26,0,0,3,1,4,0,0,26,4,30,26,0,26,56
11/27/2022,VQQ,FL,ASO,ES,Federal Contract Tower,0,0,14,1,15,0,0,5,2,7,0,0,19,3,22,14,0,14,36
11/28/2022,VQQ,FL,ASO,ES,Federal Contract Tower,0,0,50,18,68,0,0,55,21,76,0,0,105,39,144,160,68,228,372
11/29/2022,VQQ,FL,ASO,ES,Federal Contract Tower,0,3,52,33,88,0,0,67,44,111,0,3,119,77,199,266,162,428,627
11/30/2022,VQQ,FL,ASO,ES,Federal Contract Tower,3,0,43,8,54,0,0,19,27,46,3,0,62,35,100,62,130,192,292
12/01/2022,VQQ,FL,ASO,ES,Federal Contract Tower,2,3,38,20,63,0,2,49,44,95,2,5,87,64,158,140,116,256,414
12/02/2022,VQQ,FL,ASO,ES,Federal Contract Tower,2,0,84,31,117,0,0,59,36,95,2,0,143,67,212,302,58,360,572
12/03/2022,VQQ,FL,ASO,ES,Federal Contract Tower,0,0,43,12,55,0,0,28,7,35,0,0,71,19,90,158,0,158,248
12/04/2022,VQQ,FL,ASO,ES,Federal Contract Tower,0,0,27,13,40,0,0,19,5,24,0,0,46,18,64,134,4,138,202
12/05/2022,VQQ,FL,ASO,ES,Federal Contract Tower,0,1,47,37,85,0,0,32,29,61,0,1,79,66,146,188,166,354,500
12/06/2022,VQQ,FL,ASO,ES,Federal Contract Tower,1,0,62,19,82,0,0,39,26,65,1,0,101,45,147,166,76,242,389
12/07/2022,VQQ,FL,ASO,ES,Federal Contract Tower,0,2,67,31,100,0,0,54,41,95,0,2,121,72,195,174,164,338,533
12/08/2022,VQQ,FL,ASO,ES,Federal Contract Tower,2,0,65,12,79,0,0,48,41,89,2,0,113,53,168,220,228,448,616
12/09/2022,VQQ,FL,ASO,ES,Federal Contract Tower,2,0,76,11,89,2,0,51,32,85,4,0,127,43,174,216,40,256,430
12/10/2022,VQQ,FL,ASO,ES,Federal Contract Tower,0,1,19,18,38,0,0,0,0,0,0,1,19,18,38,0,0,0,38
12/11/2022,VQQ,FL,ASO,ES,Federal Contract Tower,0,2,33,17,52,0,0,14,0,14,0,2,47,17,66,0,0,0,66
12/12/2022,VQQ,FL,ASO,ES,Federal Contract Tower,0,4,58,16,78,0,0,36,29,65,0,4,94,45,143,186,128,314,457
12/13/2022,VQQ,FL,ASO,ES,Federal Contract Tower,4,8,48,30,90,0,2,31,46,79,4,10,79,76,169,240,140,380,549
12/14/2022,VQQ,FL,ASO,ES,Federal Contract Tower,0,0,44,27,71,0,0,43,33,76,0,0,87,60,147,226,170,396,543
12/15/2022,VQQ,FL,ASO,ES,Federal Contract Tower,0,8,40,5,53,0,0,3,20,23,0,8,43,25,76,0,124,124,200
12/16/2022,VQQ,FL,ASO,ES,Federal Contract Tower,0,1,64,17,82,0,0,68,7,75,0,1,132,24,157,320,20,340,497
12/17/2022,VQQ,FL,ASO,ES,Federal Contract Tower,1,0,45,1,47,0,0,28,0,28,1,0,73,1,75,142,0,142,217
12/18/2022,VQQ,FL,ASO,ES,Federal Contract Tower,0,3,17,7,27,0,0,34,4,38,0,3,51,11,65,108,0,108,173
12/19/2022,VQQ,FL,ASO,ES,Federal Contract Tower,1,5,32,12,50,2,0,54,14,70,3,5,86,26,120,178,28,206,326
12/20/2022,VQQ,FL,ASO,ES,Federal Contract Tower,1,2,21,20,44,0,0,0,0,0,1,2,21,20,44,0,2,2,46
12/21/2022,VQQ,FL,ASO,ES,Federal Contract Tower,1,2,16,8,27,0,0,0,0,0,1,2,16,8,27,0,0,0,27
12/22/2022,VQQ,FL,ASO,ES,Federal Contract Tower,2,2,33,2,39,0,0,5,16,21,2,2,38,18,60,8,42,50,110
12/23/2022,VQQ,FL,ASO,ES,Federal Contract Tower,0,2,18,1,21,0,0,7,8,15,0,2,25,9,36,10,16,26,62
12/24/2022,VQQ,FL,ASO,ES,Federal Contract Tower,1,0,2,0,3,0,0,4,0,4,1,0,6,0,7,4,0,4,11
12/25/2022,VQQ,FL,ASO,ES,Federal Contract Tower,0,0,4,0,4,0,0,2,0,2,0,0,6,0,6,0,0,0,6
12/26/2022,VQQ,FL,ASO,ES,Federal Contract Tower,0,0,12,0,12,0,0,17,2,19,0,0,29,2,31,47,8,55,86
12/27/2022,VQQ,FL,ASO,ES,Federal Contract Tower,1,1,26,14,42,0,0,34,21,55,1,1,60,35,97,102,80,182,279
12/28/2022,VQQ,FL,ASO,ES,Federal Contract Tower,1,0,38,32,71,0,0,41,27,68,1,0,79,59,139,138,144,282,421
12/29/2022,VQQ,FL,ASO,ES,Federal Contract Tower,0,1,22,38,61,0,0,22,35,57,0,1,44,73,118,64,144,208,326
12/30/2022,VQQ,FL,ASO,ES,Federal Contract Tower,0,1,17,2,20,0,0,34,8,42,0,1,51,10,62,102,44,146,208
12/31/2022,VQQ,FL,ASO,ES,Federal Contract Tower,0,0,5,0,5,0,0,0,0,0,0,0,5,0,5,0,0,0,5
01/01/2023,VQQ,FL,ASO,ES,Federal Contract Tower,0,2,8,0,10,0,0,0,0,0,0,2,8,0,10,0,0,0,10
01/02/2023,VQQ,FL,ASO,ES,Federal Contract Tower,0,0,12,0,12,0,0,13,0,13,0,0,25,0,25,40,0,40,65
01/03/2023,VQQ,FL,ASO,ES,Federal Contract Tower,3,0,30,18,51,0,0,49,15,64,3,0,79,33,115,160,4,164,279
01/04/2023,VQQ,FL,ASO,ES,Federal Contract Tower,3,2,25,33,63,0,0,4,23,27,3,2,29,56,90,2,52,54,144
01/05/2023,VQQ,FL,ASO,ES,Federal Contract Tower,12,0,45,16,73,0,0,41,28,69,12,0,86,44,142,232,46,278,420
01/06/2023,VQQ,FL,ASO,ES,Federal Contract Tower,1,0,46,23,70,0,2,56,10,68,1,2,102,33,138,294,18,312,450
01/07/2023,VQQ,FL,ASO,ES,Federal Contract Tower,1,0,33,5,39,0,0,43,18,61,1,0,76,23,100,150,0,150,250
01/08/2023,VQQ,FL,ASO,ES,Federal Contract Tower,1,0,37,13,51,0,0,12,1,13,1,0,49,14,64,68,0,68,132
01/09/2023,VQQ,FL,ASO,ES,Federal Contract Tower,0,0,39,22,61,0,0,45,29,74,0,0,84,51,135,160,56,216,351
01/10/2023,VQQ,FL,ASO,ES,Federal Contract Tower,0,0,51,25,76,0,0,59,42,101,0,0,110,67,177,156,96,252,429
01/11/2023,VQQ,FL,ASO,ES,Federal Contract Tower,1,0,27,50,78,0,0,45,56,101,1,0,72,106,179,222,170,392,571
01/12/2023,VQQ,FL,ASO,ES,Federal Contract Tower,0,2,48,38,88,0,0,47,47,94,0,2,95,85,182,192,80,272,454
01/13/2023,VQQ,FL,ASO,ES,Federal Contract Tower,0,0,48,19,67,0,0,15,22,37,0,0,63,41,104,104,44,148,252
01/14/2023,VQQ,FL,ASO,ES,Federal Contract Tower,1,0,31,6,38,0,0,10,3,13,1,0,41,9,51,46,2,48,99
01/15/2023,VQQ,FL,ASO,ES,Federal Contract Tower,0,0,38,3,41,0,0,33,2,35,0,0,71,5,76,132,0,132,208
01/16/2023,VQQ,FL,ASO,ES,Federal Contract Tower,0,1,56,0,57,0,0,45,1,46,0,1,101,1,103,166,0,166,269
01/17/2023,VQQ,FL,ASO,ES,Federal Contract Tower,1,0,45,18,64,0,0,36,33,69,1,0,81,51,133,256,98,354,487
01/18/2023,VQQ,FL,ASO,ES,Federal Contract Tower,4,3,55,31,93,0,0,50,52,102,4,3,105,83,195,300,248,548,743
01/19/2023,VQQ,FL,ASO,ES,Federal Contract Tower,0,0,32,12,44,0,0,39,33,72,0,0,71,45,116,164,88,252,368
01/20/2023,VQQ,FL,ASO,ES,Federal Contract Tower,5,1,25,9,40,0,0,54,30,84,5,1,79,39,124,238,58,296,420
01/21/2023,VQQ,FL,ASO,ES,Federal Contract Tower,0,0,56,6,62,0,0,17,13,30,0,0,73,19,92,46,60,106,198
01/22/2023,VQQ,FL,ASO,ES,Federal Contract Tower,0,0,8,2,10,0,0,8,2,10,0,0,16,4,20,16,0,16,36
01/23/2023,VQQ,FL,ASO,ES,Federal Contract Tower,0,0,53,24,77,0,0,54,16,70,0,0,107,40,147,248,58,306,453
01/24/2023,VQQ,FL,ASO,ES,Federal Contract Tower,0,0,59,4,63,0,0,75,26,101,0,0,134,30,164,346,164,510,674
01/25/2023,VQQ,FL,ASO,ES,Federal Contract Tower,0,0,8,29,37,0,0,2,25,27,0,0,10,54,64,2,108,110,174
01/26/2023,VQQ,FL,ASO,ES,Federal Contract Tower,0,0,54,22,76,0,1,42,24,67,0,1,96,46,143,176,92,268,411
01/27/2023,VQQ,FL,ASO,ES,Federal Contract Tower,7,0,62,38,107,0,0,62,19,81,7,0,124,57,188,330,96,426,614
01/28/2023,VQQ,FL,ASO,ES,Federal Contract Tower,0,0,28,5,33,0,0,39,3,42,0,0,67,8,75,246,4,250,325
01/29/2023,VQQ,FL,ASO,ES,Federal Contract Tower,2,0,24,5,31,0,0,25,0,25,2,0,49,5,56,176,4,180,236
01/30/2023,VQQ,FL,ASO,ES,Federal Contract Tower,0,1,38,35,74,0,0,49,12,61,0,1,87,47,135,260,100,360,495
01/31/2023,VQQ,FL,ASO,ES,Federal Contract Tower,0,0,26,42,68,0,0,27,4,31,0,0,53,46,99,187,124,311,410
02/01/2023,VQQ,FL,ASO,ES,Federal Contract Tower,1,1,37,25,64,0,2,26,67,95,1,3,63,92,159,154,50,204,363
02/02/2023,VQQ,FL,ASO,ES,Federal Contract Tower,1,0,61,51,113,0,2,33,45,80,1,2,94,96,193,138,138,276,469
02/03/2023,VQQ,FL,ASO,ES,Federal Contract Tower,1,0,52,44,97,0,0,0,16,16,1,0,52,60,113,0,4,4,117
02/04/2023,VQQ,FL,ASO,ES,Federal Contract Tower,2,1,40,32,75,0,0,26,5,31,2,1,66,37,106,92,24,116,222
02/05/2023,VQQ,FL,ASO,ES,Federal Contract Tower,3,0,36,49,88,0,0,18,2,20,3,0,54,51,108,102,0,102,210
02/06/2023,VQQ,FL,ASO,ES,Federal Contract Tower,1,0,61,16,78,0,0,86,18,104,1,0,147,34,182,320,34,354,536
02/07/2023,VQQ,FL,ASO,ES,Federal Contract Tower,0,0,54,39,93,0,0,54,21,75,0,0,108,60,168,296,34,330,498
02/08/2023,VQQ,FL,ASO,ES,Federal Contract Tower,3,0,62,21,86,0,0,55,23,78,3,0,117,44,164,330,48,378,542
02/09/2023,VQQ,FL,ASO,ES,Federal Contract Tower,0,4,68,3,75,0,3,53,17,73,0,7,121,20,148,158,54,212,360
02/10/2023,VQQ,FL,ASO,ES,Federal Contract Tower,0,10,24,0,34,0,0,4,4,8,0,10,28,4,42,6,0,6,48
02/11/2023,VQQ,FL,ASO,ES,Federal Contract Tower,0,0,15,0,15,0,0,0,0,0,0,0,15,0,15,0,0,0,15
02/12/2023,VQQ,FL,ASO,ES,Federal Contract Tower,0,0,4,0,4,0,0,0,2,2,0,0,4,2,6,0,0,0,6
02/13/2023,VQQ,FL,ASO,ES,Federal Contract Tower,0,0,37,6,43,0,0,36,10,46,0,0,73,16,89,131,68,199,288
02/14/2023,VQQ,FL,ASO,ES,Federal Contract Tower,0,0,61,14,75,0,0,39,28,67,0,0,100,42,142,239,121,360,502
02/15/2023,VQQ,FL,ASO,ES,Federal Contract Tower,1,2,37,8,48,0,1,66,61,128,1,3,103,69,176,360,178,538,714
02/16/2023,VQQ,FL,ASO,ES,Federal Contract Tower,5,3,49,16,73,0,0,60,30,90,5,3,109,46,163,300,136,436,599
02/17/2023,VQQ,FL,ASO,ES,Federal Contract Tower,1,2,31,24,58,0,0,25,19,44,1,2,56,43,102,56,86,142,244
02/18/2023,VQQ,FL,ASO,ES,Federal Contract Tower,1,0,40,6,47,0,2,83,9,94,1,2,123,15,141,82,16,98,239
02/19/2023,VQQ,FL,ASO,ES,Federal Contract Tower,0,0,20,3,23,0,0,18,0,18,0,0,38,3,41,68,0,68,109
02/20/2023,VQQ,FL,ASO,ES,Federal Contract Tower,0,3,33,2,38,0,2,37,2,41,0,5,70,4,79,150,8,158,237
02/21/2023,VQQ,FL,ASO,ES,Federal Contract Tower,0,2,51,11,64,0,0,17,19,36,0,2,68,30,100,44,36,80,180
02/22/2023,VQQ,FL,ASO,ES,Federal Contract Tower,0,0,57,43,100,0,0,25,51,76,0,0,82,94,176,96,178,274,450
02/23/2023,VQQ,FL,ASO,ES,Federal Contract Tower,1,0,44,26,71,0,0,40,48,88,1,0,84,74,159,176,230,406,565
02/24/2023,VQQ,FL,ASO,ES,Federal Contract Tower,7,0,78,30,115,0,0,21,34,55,7,0,99,64,170,106,26,132,302
02/25/2023,VQQ,FL,ASO,ES,Federal Contract Tower,0,1,41,8,50,0,0,36,5,41,0,1,77,13,91,234,18,252,343
02/26/2023,VQQ,FL,ASO,ES,Federal Contract Tower,3,3,9,11,26,0,0,15,2,17,3,3,24,13,43,22,12,34,77
02/27/2023,VQQ,FL,ASO,ES,Federal Contract Tower,2,1,30,25,58,0,2,37,26,65,2,3,67,51,123,84,144,228,351
02/28/2023,VQQ,FL,ASO,ES,Federal Contract Tower,1,3,46,9,59,0,0,24,43,67,1,3,70,52,126,132,146,278,404
03/01/2023,VQQ,FL,ASO,ES,Federal Contract Tower,4,3,24,32,63,0,2,57,64,123,4,5,81,96,186,371,87,458,644
03/02/2023,VQQ,FL,ASO,ES,Federal Contract Tower,0,0,37,13,50,0,0,54,68,122,0,0,91,81,172,170,90,260,432
03/03/2023,VQQ,FL,ASO,ES,Federal Contract Tower,0,2,19,34,55,0,0,23,62,85,0,2,42,96,140,172,40,212,352
03/04/2023,VQQ,FL,ASO,ES,Federal Contract Tower,0,0,12,1,13,0,0,3,0,3,0,0,15,1,16,10,0,10,26
03/05/2023,VQQ,FL,ASO,ES,Federal Contract Tower,0,0,16,2,18,0,0,32,4,36,0,0,48,6,54,112,0,112,166
03/06/2023,VQQ,FL,ASO,ES,Federal Contract Tower,0,0,41,11,52,0,0,32,48,80,0,0,73,59,132,186,82,268,400
03/07/2023,VQQ,FL,ASO,ES,Federal Contract Tower,5,0,28,9,42,0,0,21,82,103,5,0,49,91,145,104,72,176,321
03/08/2023,VQQ,FL,ASO,ES,Federal Contract Tower,0,1,39,9,49,0,0,31,51,82,0,1,70,60,131,64,84,148,279
03/09/2023,VQQ,FL,ASO,ES,Federal Contract Tower,2,0,59,32,93,0,0,96,41,137,2,0,155,73,230,374,64,438,668
03/10/2023,VQQ,FL,ASO,ES,Federal Contract Tower,2,0,40,12,54,0,0,48,19,67,2,0,88,31,121,166,48,214,335
03/11/2023,VQQ,FL,ASO,ES,Federal Contract Tower,1,0,27,7,35,0,0,42,2,44,1,0,69,9,79,164,0,164,243
03/12/2023,VQQ,FL,ASO,ES,Federal Contract Tower,0,0,26,7,33,0,0,13,0,13,0,0,39,7,46,34,0,34,80
03/13/2023,VQQ,FL,ASO,ES,Federal Contract Tower,0,0,15,3,18,0,0,1,9,10,0,0,16,12,28,0,60,60,88
03/14/2023,VQQ,FL,ASO,ES,Federal Contract Tower,1,2,40,29,72,0,0,54,33,87,1,2,94,62,159,222,166,388,547
03/15/2023,VQQ,FL,ASO,ES,Federal Contract Tower,0,0,23,14,37,0,0,47,27,74,0,0,70,41,111,206,134,340,451
03/16/2023,VQQ,FL,ASO,ES,Federal Contract Tower,0,0,34,22,56,0,0,96,11,107,0,0,130,33,163,368,36,404,567
03/17/2023,VQQ,FL,ASO,ES,Federal Contract Tower,6,0,46,28,80,0,0,33,14,47,6,0,79,42,127,142,52,194,321
03/18/2023,VQQ,FL,ASO,ES,Federal Contract Tower,2,0,2,4,8,0,0,0,14,14,2,0,2,18,22,0,0,0,22
03/19/2023,VQQ,FL,ASO,ES,Federal Contract Tower,2,0,19,4,25,0,0,40,0,40,2,0,59,4,65,174,0,174,239
03/20/2023,VQQ,FL,ASO,ES,Federal Contract Tower,2,0,73,37,112,0,0,66,49,115,2,0,139,86,227,182,4,186,413
03/21/2023,VQQ,FL,ASO,ES,Federal Contract Tower,2,0,53,49,104,0,0,43,60,103,2,0,96,109,207,277,153,430,637
03/22/2023,VQQ,FL,ASO,ES,Federal Contract Tower,5,0,59,36,100,0,1,31,59,91,5,1,90,95,191,164,102,266,457
03/23/2023,VQQ,FL,ASO,ES,Federal Contract Tower,0,6,41,36,83,0,0,58,70,128,0,6,99,106,211,284,52,336,547
03/24/2023,VQQ,FL,ASO,ES,Federal Contract Tower,2,0,59,21,82,0,0,51,47,98,2,0,110,68,180,226,10,236,416
03/25/2023,VQQ,FL,ASO,ES,Federal Contract Tower,2,0,53,19,74,0,0,18,26,44,2,0,71,45,118,76,70,146,264
03/26/2023,VQQ,FL,ASO,ES,Federal Contract Tower,0,0,25,2,27,0,0,17,5,22,0,0,42,7,49,44,0,44,93
03/27/2023,VQQ,FL,ASO,ES,Federal Contract Tower,6,0,48,32,86,0,0,19,44,63,6,0,67,76,149,93,51,144,293
03/28/2023,VQQ,FL,ASO,ES,Federal Contract Tower,0,2,38,28,68,0,0,6,17,23,0,2,44,45,91,14,54,68,159
03/29/2023,VQQ,FL,ASO,ES,Federal Contract Tower,0,1,74,44,119,0,0,44,65,109,0,1,118,109,228,210,118,328,556
03/30/2023,VQQ,FL,ASO,ES,Federal Contract Tower,0,0,81,17,98,0,0,58,53,111,0,0,139,70,209,260,110,370,579
03/31/2023,VQQ,FL,ASO,ES,Federal Contract Tower,2,0,65,15,82,0,0,46,42,88,2,0,111,57,170,336,30,366,536
04/01/2023,VQQ,FL,ASO,ES,Federal Contract Tower,0,0,32,6,38,0,0,17,7,24,0,0,49,13,62,56,24,80,142
04/02/2023,VQQ,FL,ASO,ES,Federal Contract Tower,4,0,24,6,34,0,0,17,0,17,4,0,41,6,51,52,0,52,103
04/03/2023,VQQ,FL,ASO,ES,Federal Contract Tower,0,1,25,4,30,0,0,27,4,31,0,1,52,8,61,200,60,260,321
04/04/2023,VQQ,FL,ASO,ES,Federal Contract Tower,2,0,63,11,76,0,0,14,33,47,2,0,77,44,123,45,167,212,335
04/05/2023,VQQ,FL,ASO,ES,Federal Contract Tower,2,1,53,8,64,0,0,48,33,81,2,1,101,41,145,276,86,362,507
04/06/2023,VQQ,FL,ASO,ES,Federal Contract Tower,3,2,55,10,70,0,0,30,28,58,3,2,85,38,128,202,114,316,444
04/07/2023,VQQ,FL,ASO,ES,Federal Contract Tower,0,0,52,10,62,0,0,38,22,60,0,0,90,32,122,148,26,174,296
04/09/2023,VQQ,FL,ASO,ES,Federal Contract Tower,0,1,4,3,8,0,0,0,0,0,0,1,4,3,8,0,0,0,8
04/10/2023,VQQ,FL,ASO,ES,Federal Contract Tower,2,0,12,30,44,0,0,4,13,17,2,0,16,43,61,30,78,108,169
04/11/2023,VQQ,FL,ASO,ES,Federal Contract Tower,2,0,31,10,43,0,0,8,35,43,2,0,39,45,86,27,30,57,143
04/12/2023,VQQ,FL,ASO,ES,Federal Contract Tower,0,0,42,10,52,0,0,45,30,75,0,0,87,40,127,151,86,237,364
04/13/2023,VQQ,FL,ASO,ES,Federal Contract Tower,0,4,25,38,67,0,0,11,20,31,0,4,36,58,98,60,136,196,294
04/14/2023,VQQ,FL,ASO,ES,Federal Contract Tower,2,2,58,27,89,0,0,38,29,67,2,2,96,56,156,242,94,336,492
04/15/2023,VQQ,FL,ASO,ES,Federal Contract Tower,0,0,23,4,27,0,0,37,2,39,0,0,60,6,66,268,0,268,334
04/16/2023,VQQ,FL,ASO,ES,Federal Contract Tower,0,0,29,0,29,0,0,2,2,4,0,0,31,2,33,34,0,34,67
04/17/2023,VQQ,FL,ASO,ES,Federal Contract Tower,1,0,69,10,80,0,0,40,14,54,1,0,109,24,134,230,18,248,382
04/18/2023,VQQ,FL,ASO,ES,Federal Contract Tower,0,4,78,14,96,0,0,60,42,102,0,4,138,56,198,194,156,350,548
04/19/2023,VQQ,FL,ASO,ES,Federal Contract Tower,1,0,61,16,78,0,0,62,41,103,1,0,123,57,181,312,128,440,621
04/20/2023,VQQ,FL,ASO,ES,Federal Contract Tower,4,1,45,13,63,0,0,48,21,69,4,1,93,34,132,162,28,190,322
04/21/2023,VQQ,FL,ASO,ES,Federal Contract Tower,0,4,55,40,99,0,0,52,16,68,0,4,107,56,167,150,80,230,397
04/22/2023,VQQ,FL,ASO,ES,Federal Contract Tower,0,0,31,5,36,0,0,32,3,35,0,0,63,8,71,120,0,120,191
04/23/2023,VQQ,FL,ASO,ES,Federal Contract Tower,4,0,12,9,25,0,0,22,1,23,4,0,34,10,48,52,0,52,100
04/24/2023,VQQ,FL,ASO,ES,Federal Contract Tower,1,3,60,19,83,0,0,53,15,68,1,3,113,34,151,252,44,296,447
04/25/2023,VQQ,FL,ASO,ES,Federal Contract Tower,2,7,44,20,73,0,0,39,27,66,2,7,83,47,139,166,114,280,419
04/26/2023,VQQ,FL,ASO,ES,Federal Contract Tower,0,1,42,20,63,0,0,42,23,65,0,1,84,43,128,164,70,234,362
04/27/2023,VQQ,FL,ASO,ES,Federal Contract Tower,2,1,42,14,59,0,0,19,15,34,2,1,61,29,93,102,60,162,255
04/28/2023,VQQ,FL,ASO,ES,Federal Contract Tower,2,2,41,5,50,0,0,23,19,42,2,2,64,24,92,48,38,86,178
04/29/2023,VQQ,FL,ASO,ES,Federal Contract Tower,0,0,11,3,14,0,0,8,2,10,0,0,19,5,24,42,12,54,78
04/30/2023,VQQ,FL,ASO,ES,Federal Contract Tower,2,0,13,3,18,0,0,3,0,3,2,0,16,3,21,0,0,0,21
05/01/2023,VQQ,FL,ASO,ES,Federal Contract Tower,0,2,27,9,38,0,0,15,11,26,0,2,42,20,64,32,20,52,116
05/02/2023,VQQ,FL,ASO,ES,Federal Contract Tower,3,0,64,31,98,0,0,39,15,54,3,0,103,46,152,238,78,316,468
05/03/2023,VQQ,FL,ASO,ES,Federal Contract Tower,2,0,59,13,74,3,0,33,28,64,5,0,92,41,138,94,284,378,516
05/04/2023,VQQ,FL,ASO,ES,Federal Contract Tower,0,0,48,34,82,0,0,62,25,87,0,0,110,59,169,276,68,344,513
05/05/2023,VQQ,FL,ASO,ES,Federal Contract Tower,2,0,56,7,65,0,0,54,24,78,2,0,110,31,143,234,80,314,457
05/06/2023,VQQ,FL,ASO,ES,Federal Contract Tower,0,0,33,6,39,0,0,3,7,10,0,0,36,13,49,2,56,58,107
05/07/2023,VQQ,FL,ASO,ES,Federal Contract Tower,0,0,12,2,14,0,0,20,1,21,0,0,32,3,35,100,0,100,135
05/08/2023,VQQ,FL,ASO,ES,Federal Contract Tower,4,0,54,12,70,0,0,50,17,67,4,0,104,29,137,172,70,242,379
05/09/2023,VQQ,FL,ASO,ES,Federal Contract Tower,6,0,44,12,62,0,0,49,41,90,6,0,93,53,152,230,283,513,665
05/10/2023,VQQ,FL,ASO,ES,Federal Contract Tower,6,0,36,26,68,0,0,29,10,39,6,0,65,36,107,156,56,212,319
05/11/2023,VQQ,FL,ASO,ES,Federal Contract Tower,1,0,81,22,104,0,0,38,22,60,1,0,119,44,164,222,86,308,472
05/12/2023,VQQ,FL,ASO,ES,Federal Contract Tower,0,4,35,27,66,0,0,17,17,34,0,4,52,44,100,54,88,142,242
05/13/2023,VQQ,FL,ASO,ES,Federal Contract Tower,0,0,16,1,17,0,0,18,0,18,0,0,34,1,35,52,0,52,87
05/14/2023,VQQ,FL,ASO,ES,Federal Contract Tower,2,0,19,0,21,0,0,16,0,16,2,0,35,0,37,42,0,42,79
05/15/2023,VQQ,FL,ASO,ES,Federal Contract Tower,0,0,61,33,94,0,0,65,13,78,0,0,126,46,172,262,182,444,616
05/16/2023,VQQ,FL,ASO,ES,Federal Contract Tower,1,0,32,15,48,0,0,37,35,72,1,0,69,50,120,239,112,351,471
05/17/2023,VQQ,FL,ASO,ES,Federal Contract Tower,2,0,19,12,33,0,0,11,33,44,2,0,30,45,77,32,86,118,195
05/18/2023,VQQ,FL,ASO,ES,Federal Contract Tower,0,0,61,18,79,0,0,27,34,61,0,0,88,52,140,76,220,296,436
05/19/2023,VQQ,FL,ASO,ES,Federal Contract Tower,0,0,57,16,73,0,0,5,16,21,0,0,62,32,94,8,34,42,136
05/20/2023,VQQ,FL,ASO,ES,Federal Contract Tower,2,0,31,2,35,0,0,39,4,43,2,0,70,6,78,164,0,164,242
05/21/2023,VQQ,FL,ASO,ES,Federal Contract Tower,0,4,20,2,26,0,0,31,0,31,0,4,51,2,57,156,0,156,213
05/22/2023,VQQ,FL,ASO,ES,Federal Contract Tower,0,0,16,2,18,0,0,2,6,8,0,0,18,8,26,4,50,54,80
05/23/2023,VQQ,FL,ASO,ES,Federal Contract Tower,0,0,26,16,42,0,0,25,27,52,0,0,51,43,94,52,146,198,292
05/24/2023,VQQ,FL,ASO,ES,Federal Contract Tower,1,4,32,10,47,0,0,8,35,43,1,4,40,45,90,60,136,196,286
05/25/2023,VQQ,FL,ASO,ES,Federal Contract Tower,0,0,100,3,103,0,0,51,27,78,0,0,151,30,181,248,130,378,559
05/26/2023,VQQ,FL,ASO,ES,Federal Contract Tower,1,2,24,0,27,0,0,4,0,4,1,2,28,0,31,24,0,24,55
05/27/2023,VQQ,FL,ASO,ES,Federal Contract Tower,2,0,23,4,29,0,0,13,1,14,2,0,36,5,43,66,0,66,109
05/28/2023,VQQ,FL,ASO,ES,Federal Contract Tower,0,0,34,3,37,0,0,23,0,23,0,0,57,3,60,88,0,88,148
05/29/2023,VQQ,FL,ASO,ES,Federal Contract Tower,0,0,54,0,54,0,0,41,5,46,0,0,95,5,100,134,0,134,234
05/30/2023,VQQ,FL,ASO,ES,Federal Contract Tower,1,0,76,22,99,0,0,46,23,69,1,0,122,45,168,227,11,238,406
05/31/2023,VQQ,FL,ASO,ES,Federal Contract Tower,0,0,56,16,72,0,0,52,50,102,0,0,108,66,174,254,238,492,666
06/01/2023,VQQ,FL,ASO,ES,Federal Contract Tower,3,0,84,30,117,0,0,22,35,57,3,0,106,65,174,90,272,362,536
06/02/2023,VQQ,FL,ASO,ES,Federal Contract Tower,0,0,65,9,74,0,0,31,18,49,0,0,96,27,123,120,130,250,373
06/03/2023,VQQ,FL,ASO,ES,Federal Contract Tower,2,0,27,0,29,0,0,5,0,5,2,0,32,0,34,20,0,20,54
06/04/2023,VQQ,FL,ASO,ES,Federal Contract Tower,1,0,17,0,18,0,0,0,0,0,1,0,17,0,18,0,0,0,18
06/05/2023,VQQ,FL,ASO,ES,Federal Contract Tower,0,4,43,6,53,0,0,71,9,80,0,4,114,15,133,282,48,330,463
06/06/2023,VQQ,FL,ASO,ES,Federal Contract Tower,0,0,38,5,43,0,0,65,43,108,0,0,103,48,151,314,260,574,725
06/07/2023,VQQ,FL,ASO,ES,Federal Contract Tower,1,0,48,21,70,0,0,43,36,79,1,0,91,57,149,256,128,384,533
06/08/2023,VQQ,FL,ASO,ES,Federal Contract Tower,0,0,32,9,41,0,0,60,43,103,0,0,92,52,144,204,148,352,496
06/09/2023,VQQ,FL,ASO,ES,Federal Contract Tower,0,0,43,8,51,0,0,35,15,50,0,0,78,23,101,100,52,152,253
06/10/2023,VQQ,FL,ASO,ES,Federal Contract Tower,0,0,17,9,26,0,0,7,1,8,0,0,24,10,34,10,4,14,48
06/11/2023,VQQ,FL,ASO,ES,Federal Contract Tower,0,0,28,3,31,0,0,26,0,26,0,0,54,3,57,112,2,114,171
06/12/2023,VQQ,FL,ASO,ES,Federal Contract Tower,0,0,23,5,28,0,0,45,26,71,0,0,68,31,99,206,48,254,353
06/13/2023,VQQ,FL,ASO,ES,Federal Contract Tower,0,0,29,20,49,0,0,15,20,35,0,0,44,40,84,54,46,100,184
06/14/2023,VQQ,FL,ASO,ES,Federal Contract Tower,1,0,42,14,57,0,0,23,30,53,1,0,65,44,110,126,198,324,434
06/15/2023,VQQ,FL,ASO,ES,Federal Contract Tower,0,0,12,5,17,0,0,27,6,33,0,0,39,11,50,148,24,172,222
06/16/2023,VQQ,FL,ASO,ES,Federal Contract Tower,3,1,22,5,31,0,0,17,8,25,3,1,39,13,56,46,38,84,140
06/17/2023,VQQ,FL,ASO,ES,Federal Contract Tower,0,0,6,0,6,0,0,9,0,9,0,0,15,0,15,20,0,20,35
06/18/2023,VQQ,FL,ASO,ES,Federal Contract Tower,2,0,19,0,21,0,0,24,0,24,2,0,43,0,45,128,0,128,173
06/19/2023,VQQ,FL,ASO,ES,Federal Contract Tower,0,0,21,0,21,0,0,51,0,51,0,0,72,0,72,116,0,116,188
06/20/2023,VQQ,FL,ASO,ES,Federal Contract Tower,0,2,20,8,30,0,2,19,17,38,0,4,39,25,68,62,70,132,200
06/21/2023,VQQ,FL,ASO,ES,Federal Contract Tower,0,0,18,11,29,0,0,11,29,40,0,0,29,40,69,80,160,240,309
06/22/2023,VQQ,FL,ASO,ES,Federal Contract Tower,5,0,21,21,47,2,0,12,30,44,7,0,33,51,91,50,80,130,221
06/23/2023,VQQ,FL,ASO,ES,Federal Contract Tower,0,0,17,8,25,0,0,22,20,42,0,0,39,28,67,34,60,94,161
06/24/2023,VQQ,FL,ASO,ES,Federal Contract Tower,1,0,20,0,21,0,0,23,6,29,1,0,43,6,50,54,6,60,110
06/25/2023,VQQ,FL,ASO,ES,Federal Contract Tower,1,0,14,5,20,0,0,30,2,32,1,0,44,7,52,108,6,114,166
06/26/2023,VQQ,FL,ASO,ES,Federal Contract Tower,1,0,45,13,59,0,0,40,17,57,1,0,85,30,116,170,80,250,366
06/27/2023,VQQ,FL,ASO,ES,Federal Contract Tower,2,0,29,21,52,2,0,17,27,46,4,0,46,48,98,112,102,214,312
06/28/2023,VQQ,FL,ASO,ES,Federal Contract Tower,1,0,47,14,62,0,0,35,31,66,1,0,82,45,128,106,132,238,366
06/29/2023,VQQ,FL,ASO,ES,Federal Contract Tower,0,2,75,24,101,0,0,73,24,97,0,2,148,48,198,218,40,258,456
06/30/2023,VQQ,FL,ASO,ES,Federal Contract Tower,0,0,32,2,34,0,0,24,11,35,0,0,56,13,69,88,38,126,195
07/01/2023,VQQ,FL,ASO,ES,Federal Contract Tower,0,0,33,4,37,0,0,34,0,34,0,0,67,4,71,98,0,98,169
07/02/2023,VQQ,FL,ASO,ES,Federal Contract Tower,0,2,6,0,8,0,0,33,0,33,0,2,39,0,41,84,0,84,125
07/03/2023,VQQ,FL,ASO,ES,Federal Contract Tower,0,0,33,0,33,0,0,36,0,36,0,0,69,0,69,134,0,134,203
07/04/2023,VQQ,FL,ASO,ES,Federal Contract Tower,0,0,8,2,10,0,0,26,1,27,0,0,34,3,37,60,2,62,99
07/05/2023,VQQ,FL,ASO,ES,Federal Contract Tower,0,0,36,13,49,0,0,27,32,59,0,0,63,45,108,130,80,210,318
07/06/2023,VQQ,FL,ASO,ES,Federal Contract Tower,0,0,21,27,48,0,0,40,17,57,0,0,61,44,105,118,138,256,361
07/07/2023,VQQ,FL,ASO,ES,Federal Contract Tower,0,0,27,21,48,0,0,34,19,53,0,0,61,40,101,166,84,250,351
07/08/2023,VQQ,FL,ASO,ES,Federal Contract Tower,2,0,14,1,17,0,0,30,0,30,2,0,44,1,47,112,0,112,159
07/09/2023,VQQ,FL,ASO,ES,Federal Contract Tower,0,0,6,1,7,0,0,13,0,13,0,0,19,1,20,58,0,58,78
07/10/2023,VQQ,FL,ASO,ES,Federal Contract Tower,0,0,17,1,18,0,0,16,20,36,0,0,33,21,54,40,58,98,152
07/11/2023,VQQ,FL,ASO,ES,Federal Contract Tower,0,0,29,7,36,0,0,16,32,48,0,0,45,39,84,57,52,109,193
07/12/2023,VQQ,FL,ASO,ES,Federal Contract Tower,0,1,32,16,49,0,0,52,16,68,0,1,84,32,117,174,88,262,379
07/13/2023,VQQ,FL,ASO,ES,Federal Contract Tower,0,0,22,9,31,0,0,36,8,44,0,0,58,17,75,180,6,186,261
07/14/2023,VQQ,FL,ASO,ES,Federal Contract Tower,0,0,42,11,53,0,0,39,4,43,0,0,81,15,96,204,0,204,300
07/15/2023,VQQ,FL,ASO,ES,Federal Contract Tower,1,2,2,6,11,0,0,26,0,26,1,2,28,6,37,80,0,80,117
07/16/2023,VQQ,FL,ASO,ES,Federal Contract Tower,0,0,26,0,26,0,0,3,1,4,0,0,29,1,30,6,0,6,36
07/17/2023,VQQ,FL,ASO,ES,Federal Contract Tower,0,0,17,14,31,0,0,18,14,32,0,0,35,28,63,78,60,138,201
07/18/2023,VQQ,FL,ASO,ES,Federal Contract Tower,3,4,44,16,67,0,0,31,28,59,3,4,75,44,126,102,124,226,352
07/19/2023,VQQ,FL,ASO,ES,Federal Contract Tower,0,2,60,9,71,0,0,58,20,78,0,2,118,29,149,242,128,370,519
07/20/2023,VQQ,FL,ASO,ES,Federal Contract Tower,0,0,16,26,42,0,0,67,30,97,0,0,83,56,139,342,88,430,569
07/21/2023,VQQ,FL,ASO,ES,Federal Contract Tower,1,0,66,24,91,0,0,49,26,75,1,0,115,50,166,222,52,274,440
07/22/2023,VQQ,FL,ASO,ES,Federal Contract Tower,2,1,16,5,24,0,0,21,1,22,2,1,37,6,46,72,0,72,118
07/23/2023,VQQ,FL,ASO,ES,Federal Contract Tower,0,0,7,0,7,0,0,11,0,11,0,0,18,0,18,30,0,30,48
07/24/2023,VQQ,FL,ASO,ES,Federal Contract Tower,0,0,15,1,16,0,0,33,16,49,0,0,48,17,65,174,56,230,295
07/25/2023,VQQ,FL,ASO,ES,Federal Contract Tower,2,0,16,9,27,0,0,19,56,75,2,0,35,65,102,62,230,292,394
07/26/2023,VQQ,FL,ASO,ES,Federal Contract Tower,0,0,58,28,86,0,0,79,36,115,0,0,137,64,201,310,142,452,653
07/27/2023,VQQ,FL,ASO,ES,Federal Contract Tower,0,0,62,15,77,0,0,50,30,80,0,0,112,45,157,122,140,262,419
07/28/2023,VQQ,FL,ASO,ES,Federal Contract Tower,0,0,24,13,37,0,0,4,24,28,0,0,28,37,65,2,70,72,137
07/29/2023,VQQ,FL,ASO,ES,Federal Contract Tower,0,2,15,2,19,0,0,16,5,21,0,2,31,7,40,36,0,36,76
07/30/2023,VQQ,FL,ASO,ES,Federal Contract Tower,0,0,23,3,26,0,0,21,2,23,0,0,44,5,49,50,0,50,99
07/31/2023,VQQ,FL,ASO,ES,Federal Contract Tower,2,0,39,3,44,0,0,28,15,43,2,0,67,18,87,122,60,182,269
08/01/2023,VQQ,FL,ASO,ES,Federal Contract Tower,6,0,60,6,72,0,0,43,25,68,6,0,103,31,140,121,94,215,355
08/02/2023,VQQ,FL,ASO,ES,Federal Contract Tower,2,0,18,8,28,0,0,59,42,101,2,0,77,50,129,202,138,340,469
08/03/2023,VQQ,FL,ASO,ES,Federal Contract Tower,3,0,47,16,66,0,2,53,31,86,3,2,100,47,152,170,48,218,370
08/04/2023,VQQ,FL,ASO,ES,Federal Contract Tower,0,0,24,8,32,0,0,28,4,32,0,0,52,12,64,66,10,76,140
08/05/2023,VQQ,FL,ASO,ES,Federal Contract Tower,0,2,32,14,48,0,0,21,3,24,0,2,53,17,72,72,0,72,144
08/06/2023,VQQ,FL,ASO,ES,Federal Contract Tower,0,0,27,18,45,0,0,25,14,39,0,0,52,32,84,68,2,70,154
08/07/2023,VQQ,FL,ASO,ES,Federal Contract Tower,0,2,24,14,40,0,0,52,45,97,0,2,76,59,137,168,24,192,329
08/08/2023,VQQ,FL,ASO,ES,Federal Contract Tower,1,0,48,40,89,0,0,30,28,58,1,0,78,68,147,86,164,250,397
08/09/2023,VQQ,FL,ASO,ES,Federal Contract Tower,0,0,41,49,90,0,0,68,32,100,0,0,109,81,190,274,124,398,588
08/10/2023,VQQ,FL,ASO,ES,Federal Contract Tower,0,0,44,54,98,0,0,29,29,58,0,0,73,83,156,142,86,228,384
08/11/2023,VQQ,FL,ASO,ES,Federal Contract Tower,0,0,39,37,76,0,0,49,21,70,0,0,88,58,146,170,50,220,366
08/12/2023,VQQ,FL,ASO,ES,Federal Contract Tower,0,0,45,2,47,0,0,10,0,10,0,0,55,2,57,16,0,16,73
08/13/2023,VQQ,FL,ASO,ES,Federal Contract Tower,0,0,24,4,28,0,0,37,2,39,0,0,61,6,67,120,0,120,187
08/14/2023,VQQ,FL,ASO,ES,Federal Contract Tower,0,4,16,11,31,0,0,34,16,50,0,4,50,27,81,158,62,220,301
08/15/2023,VQQ,FL,ASO,ES,Federal Contract Tower,2,0,25,3,30,0,0,30,13,43,2,0,55,16,73,104,82,186,259
08/16/2023,VQQ,FL,ASO,ES,Federal Contract Tower,0,0,37,11,48,0,0,39,31,70,0,0,76,42,118,178,130,308,426
08/17/2023,VQQ,FL,ASO,ES,Federal Contract Tower,0,0,29,10,39,0,0,22,20,42,0,0,51,30,81,96,98,194,275
08/18/2023,VQQ,FL,ASO,ES,Federal Contract Tower,0,0,43,16,59,0,0,62,20,82,0,0,105,36,141,308,30,338,479
08/19/2023,VQQ,FL,ASO,ES,Federal Contract Tower,0,0,29,1,30,0,0,37,4,41,0,0,66,5,71,136,0,136,207
08/20/2023,VQQ,FL,ASO,ES,Federal Contract Tower,0,0,14,1,15,0,0,0,3,3,0,0,14,4,18,0,0,0,18
08/21/2023,VQQ,FL,ASO,ES,Federal Contract Tower,3,0,31,6,40,2,0,36,28,66,5,0,67,34,106,134,78,212,318
08/22/2023,VQQ,FL,ASO,ES,Federal Contract Tower,0,2,32,15,49,0,2,31,37,70,0,4,63,52,119,104,188,292,411
08/23/2023,VQQ,FL,ASO,ES,Federal Contract Tower,0,0,33,33,66,0,0,39,28,67,0,0,72,61,133,140,102,242,375
08/24/2023,VQQ,FL,ASO,ES,Federal Contract Tower,4,0,26,12,42,0,0,48,40,88,4,0,74,52,130,230,198,428,558
08/25/2023,VQQ,FL,ASO,ES,Federal Contract Tower,0,0,48,25,73,0,2,32,21,55,0,2,80,46,128,206,68,274,402
08/26/2023,VQQ,FL,ASO,ES,Federal Contract Tower,0,0,5,0,5,0,0,27,11,38,0,0,32,11,43,78,4,82,125
08/27/2023,VQQ,FL,ASO,ES,Federal Contract Tower,0,0,8,15,23,0,0,39,4,43,0,0,47,19,66,92,22,114,180
08/28/2023,VQQ,FL,ASO,ES,Federal Contract Tower,1,0,17,1,19,0,0,24,25,49,1,0,41,26,68,150,56,206,274
08/29/2023,VQQ,FL,ASO,ES,Federal Contract Tower,1,0,22,23,46,0,0,39,10,49,1,0,61,33,95,114,4,118,213
08/30/2023,VQQ,FL,ASO,ES,Federal Contract Tower,0,0,0,0,0,0,0,0,0,0,0,0,0,0,0,0,0,0,0
08/31/2023,VQQ,FL,ASO,ES,Federal Contract Tower,0,0,32,5,37,0,0,36,14,50,0,0,68,19,87,142,10,152,239
01/01/2020,VQQ,FL,ASO,ES,Federal Contract Tower,0,0,11,0,11,0,0,17,0,17,0,0,28,0,28,70,0,70,98
01/02/2020,VQQ,FL,ASO,ES,Federal Contract Tower,0,2,26,8,36,0,0,40,10,50,0,2,66,18,86,124,38,162,248
01/03/2020,VQQ,FL,ASO,ES,Federal Contract Tower,0,2,10,28,40,0,0,18,14,32,0,2,28,42,72,82,92,174,246
01/04/2020,VQQ,FL,ASO,ES,Federal Contract Tower,0,0,6,9,15,0,0,2,2,4,0,0,8,11,19,4,0,4,23
01/05/2020,VQQ,FL,ASO,ES,Federal Contract Tower,0,0,23,1,24,0,0,20,0,20,0,0,43,1,44,42,0,42,86
01/06/2020,VQQ,FL,ASO,ES,Federal Contract Tower,6,2,24,32,64,0,0,14,8,22,6,2,38,40,86,78,50,128,214
01/07/2020,VQQ,FL,ASO,ES,Federal Contract Tower,4,3,30,34,71,0,0,21,20,41,4,3,51,54,112,120,174,294,406
01/08/2020,VQQ,FL,ASO,ES,Federal Contract Tower,3,2,41,18,64,0,0,26,93,119,3,2,67,111,183,56,142,198,381
01/09/2020,VQQ,FL,ASO,ES,Federal Contract Tower,3,2,36,33,74,0,0,27,50,77,3,2,63,83,151,172,201,373,524
01/10/2020,VQQ,FL,ASO,ES,Federal Contract Tower,2,2,19,56,79,0,0,36,37,73,2,2,55,93,152,60,119,179,331
01/11/2020,VQQ,FL,ASO,ES,Federal Contract Tower,2,1,6,10,19,0,0,6,11,17,2,1,12,21,36,10,96,106,142
01/12/2020,VQQ,FL,ASO,ES,Federal Contract Tower,0,0,13,25,38,0,0,11,3,14,0,0,24,28,52,48,12,60,112
01/13/2020,VQQ,FL,ASO,ES,Federal Contract Tower,0,2,15,48,65,0,0,26,28,54,0,2,41,76,119,74,104,178,297
01/14/2020,VQQ,FL,ASO,ES,Federal Contract Tower,0,3,40,33,76,0,0,28,39,67,0,3,68,72,143,118,176,294,437
01/15/2020,VQQ,FL,ASO,ES,Federal Contract Tower,0,2,40,73,115,0,0,28,35,63,0,2,68,108,178,192,202,394,572
01/16/2020,VQQ,FL,ASO,ES,Federal Contract Tower,1,2,41,16,60,0,0,11,28,39,1,2,52,44,99,8,108,116,215
01/17/2020,VQQ,FL,ASO,ES,Federal Contract Tower,0,2,6,17,25,0,0,16,21,37,0,2,22,38,62,23,67,90,152
01/18/2020,VQQ,FL,ASO,ES,Federal Contract Tower,2,0,8,17,27,0,0,20,4,24,2,0,28,21,51,84,44,128,179
01/19/2020,VQQ,FL,ASO,ES,Federal Contract Tower,2,0,2,2,6,0,0,0,0,0,2,0,2,2,6,0,0,0,6
01/20/2020,VQQ,FL,ASO,ES,Federal Contract Tower,0,2,44,2,48,0,0,54,0,54,0,2,98,2,102,218,0,218,320
01/21/2020,VQQ,FL,ASO,ES,Federal Contract Tower,1,2,36,54,93,0,0,35,29,64,1,2,71,83,157,170,190,360,517
01/22/2020,VQQ,FL,ASO,ES,Federal Contract Tower,0,2,29,26,57,0,0,18,24,42,0,2,47,50,99,82,262,344,443
01/23/2020,VQQ,FL,ASO,ES,Federal Contract Tower,0,2,31,20,53,0,0,9,17,26,0,2,40,37,79,28,64,92,171
01/24/2020,VQQ,FL,ASO,ES,Federal Contract Tower,3,4,41,23,71,0,0,13,39,52,3,4,54,62,123,70,100,170,293
01/25/2020,VQQ,FL,ASO,ES,Federal Contract Tower,0,0,33,15,48,0,0,37,4,41,0,0,70,19,89,144,30,174,263
01/26/2020,VQQ,FL,ASO,ES,Federal Contract Tower,0,2,20,17,39,0,0,43,3,46,0,2,63,20,85,138,8,146,231
01/27/2020,VQQ,FL,ASO,ES,Federal Contract Tower,0,6,43,14,63,0,0,37,12,49,0,6,80,26,112,238,42,280,392
01/28/2020,VQQ,FL,ASO,ES,Federal Contract Tower,0,2,49,33,84,0,0,44,39,83,0,2,93,72,167,171,217,388,555
01/29/2020,VQQ,FL,ASO,ES,Federal Contract Tower,3,2,27,43,75,0,0,13,24,37,3,2,40,67,112,72,170,242,354
01/30/2020,VQQ,FL,ASO,ES,Federal Contract Tower,1,4,33,49,87,0,0,1,22,23,1,4,34,71,110,38,204,242,352
01/31/2020,VQQ,FL,ASO,ES,Federal Contract Tower,1,2,25,11,39,0,0,6,20,26,1,2,31,31,65,22,36,58,123
02/01/2020,VQQ,FL,ASO,ES,Federal Contract Tower,0,0,33,5,38,0,0,2,4,6,0,0,35,9,44,4,0,4,48
02/02/2020,VQQ,FL,ASO,ES,Federal Contract Tower,1,0,21,6,28,0,0,37,5,42,1,0,58,11,70,112,2,114,184
02/03/2020,VQQ,FL,ASO,ES,Federal Contract Tower,0,2,22,4,28,0,0,36,6,42,0,2,58,10,70,148,38,186,256
02/04/2020,VQQ,FL,ASO,ES,Federal Contract Tower,4,2,21,44,71,0,0,36,26,62,4,2,57,70,133,168,262,430,563
02/05/2020,VQQ,FL,ASO,ES,Federal Contract Tower,0,2,15,40,57,0,0,31,34,65,0,2,46,74,122,166,224,390,512
02/06/2020,VQQ,FL,ASO,ES,Federal Contract Tower,0,2,6,23,31,0,0,4,27,31,0,2,10,50,62,60,234,294,356
02/07/2020,VQQ,FL,ASO,ES,Federal Contract Tower,3,3,6,13,25,0,0,10,22,32,3,3,16,35,57,32,34,66,123
02/08/2020,VQQ,FL,ASO,ES,Federal Contract Tower,0,1,21,6,28,0,0,26,0,26,0,1,47,6,54,58,0,58,112
02/09/2020,VQQ,FL,ASO,ES,Federal Contract Tower,2,0,8,5,15,0,0,28,3,31,2,0,36,8,46,122,40,162,208
02/10/2020,VQQ,FL,ASO,ES,Federal Contract Tower,2,2,12,1,17,0,0,38,7,45,2,2,50,8,62,152,64,216,278
02/11/2020,VQQ,FL,ASO,ES,Federal Contract Tower,3,2,12,31,48,0,0,28,33,61,3,2,40,64,109,54,134,188,297
02/12/2020,VQQ,FL,ASO,ES,Federal Contract Tower,1,2,17,42,62,0,0,19,45,64,1,2,36,87,126,174,250,424,550
02/13/2020,VQQ,FL,ASO,ES,Federal Contract Tower,2,2,13,30,47,0,0,1,31,32,2,2,14,61,79,0,178,178,257
02/14/2020,VQQ,FL,ASO,ES,Federal Contract Tower,2,2,17,6,27,0,0,2,20,22,2,2,19,26,49,14,86,100,149
02/15/2020,VQQ,FL,ASO,ES,Federal Contract Tower,0,0,8,1,9,0,0,40,0,40,0,0,48,1,49,150,0,150,199
02/16/2020,VQQ,FL,ASO,ES,Federal Contract Tower,0,0,5,4,9,0,0,18,1,19,0,0,23,5,28,52,0,52,80
02/17/2020,VQQ,FL,ASO,ES,Federal Contract Tower,0,2,3,0,5,0,0,1,0,1,0,2,4,0,6,0,0,0,6
02/18/2020,VQQ,FL,ASO,ES,Federal Contract Tower,1,3,13,11,28,0,0,19,25,44,1,3,32,36,72,72,102,174,246
02/19/2020,VQQ,FL,ASO,ES,Federal Contract Tower,0,2,22,16,40,0,0,16,43,59,0,2,38,59,99,36,186,222,321
02/20/2020,VQQ,FL,ASO,ES,Federal Contract Tower,1,2,24,23,50,0,0,2,10,12,1,2,26,33,62,12,62,74,136
02/21/2020,VQQ,FL,ASO,ES,Federal Contract Tower,0,2,8,13,23,0,0,5,19,24,0,2,13,32,47,18,44,62,109
02/22/2020,VQQ,FL,ASO,ES,Federal Contract Tower,3,0,33,13,49,0,0,32,19,51,3,0,65,32,100,76,0,76,176
02/23/2020,VQQ,FL,ASO,ES,Federal Contract Tower,0,0,15,9,24,0,5,32,0,37,0,5,47,9,61,112,0,112,173
02/24/2020,VQQ,FL,ASO,ES,Federal Contract Tower,0,2,23,18,43,0,0,55,21,76,0,2,78,39,119,206,60,266,385
02/25/2020,VQQ,FL,ASO,ES,Federal Contract Tower,1,2,17,4,24,0,0,6,8,14,1,2,23,12,38,22,14,36,74
02/26/2020,VQQ,FL,ASO,ES,Federal Contract Tower,1,2,21,4,28,0,0,13,22,35,1,2,34,26,63,58,106,164,227
02/27/2020,VQQ,FL,ASO,ES,Federal Contract Tower,2,4,20,12,38,0,0,31,45,76,2,4,51,57,114,242,78,320,434
02/28/2020,VQQ,FL,ASO,ES,Federal Contract Tower,3,2,24,2,31,0,0,71,34,105,3,2,95,36,136,184,104,288,424
02/29/2020,VQQ,FL,ASO,ES,Federal Contract Tower,3,0,9,0,12,0,0,9,1,10,3,0,18,1,22,18,2,20,42
03/01/2020,VQQ,FL,ASO,ES,Federal Contract Tower,2,0,18,4,24,0,0,48,1,49,2,0,66,5,73,184,0,184,257
03/02/2020,VQQ,FL,ASO,ES,Federal Contract Tower,0,2,23,4,29,0,0,41,9,50,0,2,64,13,79,200,56,256,335
03/03/2020,VQQ,FL,ASO,ES,Federal Contract Tower,9,2,33,20,64,0,0,29,23,52,9,2,62,43,116,80,86,166,282
03/04/2020,VQQ,FL,ASO,ES,Federal Contract Tower,6,2,34,14,56,0,0,23,34,57,6,2,57,48,113,74,210,284,397
03/05/2020,VQQ,FL,ASO,ES,Federal Contract Tower,3,2,9,13,27,0,0,0,29,29,3,2,9,42,56,0,120,120,176
03/06/2020,VQQ,FL,ASO,ES,Federal Contract Tower,2,2,15,12,31,0,0,28,26,54,2,2,43,38,85,34,25,59,144
03/07/2020,VQQ,FL,ASO,ES,Federal Contract Tower,4,0,14,2,20,0,0,27,1,28,4,0,41,3,48,118,2,120,168
03/08/2020,VQQ,FL,ASO,ES,Federal Contract Tower,1,0,16,2,19,0,0,34,0,34,1,0,50,2,53,116,2,118,171
03/09/2020,VQQ,FL,ASO,ES,Federal Contract Tower,0,2,29,8,39,0,0,34,26,60,0,2,63,34,99,152,62,214,313
03/10/2020,VQQ,FL,ASO,ES,Federal Contract Tower,3,2,17,28,50,0,0,25,30,55,3,2,42,58,105,158,162,320,425
03/11/2020,VQQ,FL,ASO,ES,Federal Contract Tower,3,2,40,11,56,0,0,57,48,105,3,2,97,59,161,184,262,446,607
03/12/2020,VQQ,FL,ASO,ES,Federal Contract Tower,1,4,23,19,47,0,0,41,46,87,1,4,64,65,134,178,174,352,486
03/13/2020,VQQ,FL,ASO,ES,Federal Contract Tower,1,2,23,9,35,0,0,46,28,74,1,2,69,37,109,132,70,202,311
03/14/2020,VQQ,FL,ASO,ES,Federal Contract Tower,1,0,16,0,17,0,0,30,1,31,1,0,46,1,48,122,0,122,170
03/15/2020,VQQ,FL,ASO,ES,Federal Contract Tower,1,0,11,0,12,0,0,20,0,20,1,0,31,0,32,92,0,92,124
03/16/2020,VQQ,FL,ASO,ES,Federal Contract Tower,0,2,17,8,27,0,0,3,27,30,0,2,20,35,57,48,70,118,175
03/17/2020,VQQ,FL,ASO,ES,Federal Contract Tower,3,2,16,16,37,0,0,13,29,42,3,2,29,45,79,74,84,158,237
03/18/2020,VQQ,FL,ASO,ES,Federal Contract Tower,3,2,28,13,46,0,0,38,41,79,3,2,66,54,125,146,144,290,415
03/19/2020,VQQ,FL,ASO,ES,Federal Contract Tower,0,2,18,8,28,0,0,33,39,72,0,2,51,47,100,140,137,277,377
03/20/2020,VQQ,FL,ASO,ES,Federal Contract Tower,0,2,19,1,22,0,1,33,9,43,0,3,52,10,65,64,3,67,132
03/21/2020,VQQ,FL,ASO,ES,Federal Contract Tower,2,0,4,0,6,0,0,22,0,22,2,0,26,0,28,50,0,50,78
03/22/2020,VQQ,FL,ASO,ES,Federal Contract Tower,0,0,5,0,5,0,0,16,0,16,0,0,21,0,21,66,0,66,87
03/23/2020,VQQ,FL,ASO,ES,Federal Contract Tower,0,2,11,3,16,0,0,28,16,44,0,2,39,19,60,114,8,122,182
03/24/2020,VQQ,FL,ASO,ES,Federal Contract Tower,0,2,21,14,37,0,0,22,28,50,0,2,43,42,87,68,114,182,269
03/25/2020,VQQ,FL,ASO,ES,Federal Contract Tower,0,2,20,12,34,0,0,21,14,35,0,2,41,26,69,131,88,219,288
03/26/2020,VQQ,FL,ASO,ES,Federal Contract Tower,1,2,18,10,31,0,0,36,14,50,1,2,54,24,81,110,122,232,313
03/27/2020,VQQ,FL,ASO,ES,Federal Contract Tower,1,2,19,9,31,0,0,37,16,53,1,2,56,25,84,156,34,190,274
03/28/2020,VQQ,FL,ASO,ES,Federal Contract Tower,0,0,10,4,14,0,0,28,0,28,0,0,38,4,42,76,0,76,118
03/29/2020,VQQ,FL,ASO,ES,Federal Contract Tower,0,0,7,1,8,0,0,18,0,18,0,0,25,1,26,66,0,66,92
03/30/2020,VQQ,FL,ASO,ES,Federal Contract Tower,3,2,7,5,17,0,0,37,8,45,3,2,44,13,62,146,14,160,222
03/31/2020,VQQ,FL,ASO,ES,Federal Contract Tower,0,3,12,7,22,0,0,5,10,15,0,3,17,17,37,28,4,32,69
04/01/2020,VQQ,FL,ASO,ES,Federal Contract Tower,0,2,14,8,24,0,0,29,16,45,0,2,43,24,69,142,114,256,325
04/02/2020,VQQ,FL,ASO,ES,Federal Contract Tower,1,2,8,3,14,0,0,41,24,65,1,2,49,27,79,176,104,280,359
04/03/2020,VQQ,FL,ASO,ES,Federal Contract Tower,1,2,5,15,23,0,0,16,21,37,1,2,21,36,60,58,35,93,153
04/04/2020,VQQ,FL,ASO,ES,Federal Contract Tower,0,0,14,6,20,0,0,12,41,53,0,0,26,47,73,40,0,40,113
04/05/2020,VQQ,FL,ASO,ES,Federal Contract Tower,0,0,9,2,11,0,0,5,16,21,0,0,14,18,32,14,0,14,46
04/06/2020,VQQ,FL,ASO,ES,Federal Contract Tower,5,2,7,8,22,0,0,10,68,78,5,2,17,76,100,36,0,36,136
04/07/2020,VQQ,FL,ASO,ES,Federal Contract Tower,1,2,8,23,34,0,0,18,46,64,1,2,26,69,98,88,222,310,408
04/08/2020,VQQ,FL,ASO,ES,Federal Contract Tower,3,2,9,51,65,0,2,18,21,41,3,4,27,72,106,6,64,70,176
04/09/2020,VQQ,FL,ASO,ES,Federal Contract Tower,0,2,17,65,84,0,0,6,44,50,0,2,23,109,134,34,201,235,369
04/10/2020,VQQ,FL,ASO,ES,Federal Contract Tower,1,2,11,61,75,0,0,2,24,26,1,2,13,85,101,10,110,120,221
04/11/2020,VQQ,FL,ASO,ES,Federal Contract Tower,0,0,12,31,43,0,0,11,6,17,0,0,23,37,60,34,14,48,108
04/12/2020,VQQ,FL,ASO,ES,Federal Contract Tower,0,0,0,10,10,0,0,0,0,0,0,0,0,10,10,0,0,0,10
04/13/2020,VQQ,FL,ASO,ES,Federal Contract Tower,1,2,1,17,21,0,0,0,22,22,1,2,1,39,43,0,94,94,137
04/14/2020,VQQ,FL,ASO,ES,Federal Contract Tower,3,2,0,3,8,0,0,0,16,16,3,2,0,19,24,0,12,12,36
04/15/2020,VQQ,FL,ASO,ES,Federal Contract Tower,0,5,3,7,15,0,0,0,13,13,0,5,3,20,28,0,92,92,120
04/16/2020,VQQ,FL,ASO,ES,Federal Contract Tower,2,3,7,13,25,0,0,6,57,63,2,3,13,70,88,20,222,242,330
04/17/2020,VQQ,FL,ASO,ES,Federal Contract Tower,4,2,17,2,25,0,0,5,21,26,4,2,22,23,51,0,43,43,94
04/18/2020,VQQ,FL,ASO,ES,Federal Contract Tower,0,0,2,9,11,0,0,0,0,0,0,0,2,9,11,0,0,0,11
04/19/2020,VQQ,FL,ASO,ES,Federal Contract Tower,0,0,4,3,7,0,0,2,0,2,0,0,6,3,9,0,0,0,9
04/20/2020,VQQ,FL,ASO,ES,Federal Contract Tower,0,2,5,8,15,0,0,5,18,23,0,2,10,26,38,28,72,100,138
04/21/2020,VQQ,FL,ASO,ES,Federal Contract Tower,0,2,15,8,25,0,0,35,27,62,0,2,50,35,87,158,42,200,287
04/22/2020,VQQ,FL,ASO,ES,Federal Contract Tower,0,2,5,5,12,0,0,21,40,61,0,2,26,45,73,82,150,232,305
04/23/2020,VQQ,FL,ASO,ES,Federal Contract Tower,0,2,2,10,14,0,0,13,36,49,0,2,15,46,63,22,163,185,248
04/24/2020,VQQ,FL,ASO,ES,Federal Contract Tower,2,2,9,8,21,0,0,4,30,34,2,2,13,38,55,0,66,66,121
04/25/2020,VQQ,FL,ASO,ES,Federal Contract Tower,1,0,16,1,18,0,0,21,2,23,1,0,37,3,41,56,30,86,127
04/26/2020,VQQ,FL,ASO,ES,Federal Contract Tower,5,0,11,0,16,0,0,18,0,18,5,0,29,0,34,32,0,32,66
04/27/2020,VQQ,FL,ASO,ES,Federal Contract Tower,0,2,14,6,22,0,0,23,11,34,0,2,37,17,56,46,116,162,218
04/28/2020,VQQ,FL,ASO,ES,Federal Contract Tower,0,2,11,17,30,0,0,16,37,53,0,2,27,54,83,96,270,366,449
04/29/2020,VQQ,FL,ASO,ES,Federal Contract Tower,0,2,10,12,24,0,0,18,31,49,0,2,28,43,73,50,200,250,323
04/30/2020,VQQ,FL,ASO,ES,Federal Contract Tower,0,4,10,15,29,0,0,4,56,60,0,4,14,71,89,0,98,98,187
05/01/2020,VQQ,FL,ASO,ES,Federal Contract Tower,0,2,4,4,10,0,0,21,28,49,0,2,25,32,59,32,87,119,178
05/02/2020,VQQ,FL,ASO,ES,Federal Contract Tower,0,0,5,0,5,0,0,35,0,35,0,0,40,0,40,66,0,66,106
05/03/2020,VQQ,FL,ASO,ES,Federal Contract Tower,0,1,2,0,3,0,0,20,1,21,0,1,22,1,24,67,0,67,91
05/04/2020,VQQ,FL,ASO,ES,Federal Contract Tower,1,4,13,8,26,0,0,16,31,47,1,4,29,39,73,58,130,188,261
05/05/2020,VQQ,FL,ASO,ES,Federal Contract Tower,0,2,10,14,26,0,0,32,35,67,0,2,42,49,93,106,28,134,227
05/06/2020,VQQ,FL,ASO,ES,Federal Contract Tower,0,2,21,7,30,0,0,7,58,65,0,2,28,65,95,26,162,188,283
05/07/2020,VQQ,FL,ASO,ES,Federal Contract Tower,0,2,4,7,13,0,0,16,43,59,0,2,20,50,72,46,66,112,184
05/08/2020,VQQ,FL,ASO,ES,Federal Contract Tower,2,2,15,3,22,0,0,46,27,73,2,2,61,30,95,178,68,246,341
05/09/2020,VQQ,FL,ASO,ES,Federal Contract Tower,0,0,7,0,7,0,0,12,0,12,0,0,19,0,19,66,0,66,85
05/10/2020,VQQ,FL,ASO,ES,Federal Contract Tower,2,0,0,0,2,0,0,2,0,2,2,0,2,0,4,20,0,20,24
05/11/2020,VQQ,FL,ASO,ES,Federal Contract Tower,0,2,14,7,23,0,0,26,17,43,0,2,40,24,66,114,32,146,212
05/12/2020,VQQ,FL,ASO,ES,Federal Contract Tower,2,2,9,7,20,0,0,36,29,65,2,2,45,36,85,68,86,154,239
05/13/2020,VQQ,FL,ASO,ES,Federal Contract Tower,2,2,20,28,52,0,0,27,41,68,2,2,47,69,120,58,168,226,346
05/14/2020,VQQ,FL,ASO,ES,Federal Contract Tower,0,3,14,21,38,0,0,21,36,57,0,3,35,57,95,34,92,126,221
05/15/2020,VQQ,FL,ASO,ES,Federal Contract Tower,1,2,8,4,15,0,0,22,35,57,1,2,30,39,72,36,54,90,162
05/16/2020,VQQ,FL,ASO,ES,Federal Contract Tower,2,0,8,15,25,0,0,7,22,29,2,0,15,37,54,6,0,6,60
05/17/2020,VQQ,FL,ASO,ES,Federal Contract Tower,1,0,7,20,28,0,0,4,53,57,1,0,11,73,85,12,0,12,97
05/18/2020,VQQ,FL,ASO,ES,Federal Contract Tower,2,2,1,49,54,0,1,16,2,19,2,3,17,51,73,60,16,76,149
05/19/2020,VQQ,FL,ASO,ES,Federal Contract Tower,7,2,18,48,75,0,0,31,29,60,7,2,49,77,135,80,118,198,333
05/20/2020,VQQ,FL,ASO,ES,Federal Contract Tower,0,2,6,45,53,0,0,27,27,54,0,2,33,72,107,100,98,198,305
05/21/2020,VQQ,FL,ASO,ES,Federal Contract Tower,0,2,18,45,65,0,0,29,46,75,0,2,47,91,140,86,152,238,378
05/22/2020,VQQ,FL,ASO,ES,Federal Contract Tower,1,4,6,12,23,0,0,16,12,28,1,4,22,24,51,124,14,138,189
05/23/2020,VQQ,FL,ASO,ES,Federal Contract Tower,0,0,7,8,15,0,0,18,1,19,0,0,25,9,34,52,0,52,86
05/24/2020,VQQ,FL,ASO,ES,Federal Contract Tower,0,0,10,0,10,0,0,22,1,23,0,0,32,1,33,62,0,62,95
05/25/2020,VQQ,FL,ASO,ES,Federal Contract Tower,0,0,16,5,21,0,0,4,0,4,0,0,20,5,25,14,0,14,39
05/26/2020,VQQ,FL,ASO,ES,Federal Contract Tower,2,2,13,14,31,0,0,0,0,0,2,2,13,14,31,0,0,0,31
05/27/2020,VQQ,FL,ASO,ES,Federal Contract Tower,0,2,15,9,26,0,0,1,30,31,0,2,16,39,57,18,186,204,261
05/28/2020,VQQ,FL,ASO,ES,Federal Contract Tower,0,4,17,14,35,0,0,14,20,34,0,4,31,34,69,58,81,139,208
05/29/2020,VQQ,FL,ASO,ES,Federal Contract Tower,1,2,17,21,41,0,0,13,8,21,1,2,30,29,62,40,78,118,180
05/30/2020,VQQ,FL,ASO,ES,Federal Contract Tower,1,0,14,7,22,0,0,7,0,7,1,0,21,7,29,32,0,32,61
05/31/2020,VQQ,FL,ASO,ES,Federal Contract Tower,0,0,4,4,8,0,0,24,0,24,0,0,28,4,32,42,0,42,74
06/01/2020,VQQ,FL,ASO,ES,Federal Contract Tower,0,4,12,6,22,0,0,12,22,34,0,4,24,28,56,30,84,114,170
06/02/2020,VQQ,FL,ASO,ES,Federal Contract Tower,2,6,26,11,45,2,0,26,19,47,4,6,52,30,92,104,62,166,258
06/03/2020,VQQ,FL,ASO,ES,Federal Contract Tower,0,2,25,19,46,0,0,25,46,71,0,2,50,65,117,120,142,262,379
06/04/2020,VQQ,FL,ASO,ES,Federal Contract Tower,1,2,7,18,28,0,0,0,19,19,1,2,7,37,47,0,57,57,104
06/05/2020,VQQ,FL,ASO,ES,Federal Contract Tower,2,2,14,7,25,0,0,11,13,24,2,2,25,20,49,54,34,88,137
06/06/2020,VQQ,FL,ASO,ES,Federal Contract Tower,3,0,3,2,8,0,0,8,0,8,3,0,11,2,16,16,0,16,32
06/07/2020,VQQ,FL,ASO,ES,Federal Contract Tower,0,0,2,1,3,0,0,0,0,0,0,0,2,1,3,0,0,0,3
06/08/2020,VQQ,FL,ASO,ES,Federal Contract Tower,0,2,17,13,32,0,0,3,5,8,0,2,20,18,40,1,10,11,51
06/09/2020,VQQ,FL,ASO,ES,Federal Contract Tower,0,2,21,25,48,0,0,6,20,26,0,2,27,45,74,0,150,150,224
06/10/2020,VQQ,FL,ASO,ES,Federal Contract Tower,0,2,12,14,28,0,0,13,19,32,0,2,25,33,60,60,56,116,176
06/11/2020,VQQ,FL,ASO,ES,Federal Contract Tower,0,2,15,19,36,0,0,39,34,73,0,2,54,53,109,92,246,338,447
06/12/2020,VQQ,FL,ASO,ES,Federal Contract Tower,0,4,17,4,25,0,0,26,18,44,0,4,43,22,69,68,24,92,161
06/13/2020,VQQ,FL,ASO,ES,Federal Contract Tower,0,0,7,4,11,0,0,3,2,5,0,0,10,6,16,12,0,12,28
06/14/2020,VQQ,FL,ASO,ES,Federal Contract Tower,0,0,6,4,10,0,0,16,2,18,0,0,22,6,28,44,0,44,72
06/15/2020,VQQ,FL,ASO,ES,Federal Contract Tower,0,5,20,6,31,0,0,9,22,31,0,5,29,28,62,22,18,40,102
06/16/2020,VQQ,FL,ASO,ES,Federal Contract Tower,0,2,24,26,52,0,0,25,41,66,0,2,49,67,118,116,228,344,462
06/17/2020,VQQ,FL,ASO,ES,Federal Contract Tower,0,2,22,18,42,0,0,18,37,55,0,2,40,55,97,68,228,296,393
06/18/2020,VQQ,FL,ASO,ES,Federal Contract Tower,0,2,13,12,27,0,0,20,52,72,0,2,33,64,99,46,166,212,311
06/19/2020,VQQ,FL,ASO,ES,Federal Contract Tower,0,2,7,7,16,0,0,8,17,25,0,2,15,24,41,0,70,70,111
06/20/2020,VQQ,FL,ASO,ES,Federal Contract Tower,0,0,21,0,21,0,0,8,0,8,0,0,29,0,29,16,0,16,45
06/21/2020,VQQ,FL,ASO,ES,Federal Contract Tower,2,0,15,2,19,0,0,14,0,14,2,0,29,2,33,44,0,44,77
06/22/2020,VQQ,FL,ASO,ES,Federal Contract Tower,0,2,21,11,34,0,0,21,22,43,0,2,42,33,77,81,27,108,185
06/23/2020,VQQ,FL,ASO,ES,Federal Contract Tower,3,2,16,14,35,0,0,20,37,57,3,2,36,51,92,60,128,188,280
06/24/2020,VQQ,FL,ASO,ES,Federal Contract Tower,3,2,18,6,29,0,0,18,32,50,3,2,36,38,79,64,210,274,353
06/25/2020,VQQ,FL,ASO,ES,Federal Contract Tower,2,2,27,33,64,0,0,13,50,63,2,2,40,83,127,44,260,304,431
06/26/2020,VQQ,FL,ASO,ES,Federal Contract Tower,4,8,14,11,37,0,0,20,14,34,4,8,34,25,71,98,72,170,241
06/27/2020,VQQ,FL,ASO,ES,Federal Contract Tower,0,0,10,7,17,0,0,11,1,12,0,0,21,8,29,60,0,60,89
06/28/2020,VQQ,FL,ASO,ES,Federal Contract Tower,1,0,16,2,19,0,0,9,1,10,1,0,25,3,29,6,0,6,35
06/29/2020,VQQ,FL,ASO,ES,Federal Contract Tower,1,2,12,2,17,0,0,11,19,30,1,2,23,21,47,32,0,32,79
06/30/2020,VQQ,FL,ASO,ES,Federal Contract Tower,0,2,17,18,37,0,0,12,42,54,0,2,29,60,91,18,174,192,283
07/01/2020,VQQ,FL,ASO,ES,Federal Contract Tower,0,2,15,23,40,0,0,33,44,77,0,2,48,67,117,94,302,396,513
07/02/2020,VQQ,FL,ASO,ES,Federal Contract Tower,1,2,17,16,36,0,0,32,44,76,1,2,49,60,112,48,238,286,398
07/03/2020,VQQ,FL,ASO,ES,Federal Contract Tower,5,2,15,0,22,0,0,23,0,23,5,2,38,0,45,93,0,93,138
07/04/2020,VQQ,FL,ASO,ES,Federal Contract Tower,0,0,1,0,1,0,0,8,0,8,0,0,9,0,9,2,0,2,11
07/05/2020,VQQ,FL,ASO,ES,Federal Contract Tower,0,0,10,2,12,0,0,4,1,5,0,0,14,3,17,8,0,8,25
07/06/2020,VQQ,FL,ASO,ES,Federal Contract Tower,3,2,2,6,13,0,0,12,6,18,3,2,14,12,31,61,20,81,112
07/07/2020,VQQ,FL,ASO,ES,Federal Contract Tower,0,2,13,2,17,0,0,23,26,49,0,2,36,28,66,120,26,146,212
07/08/2020,VQQ,FL,ASO,ES,Federal Contract Tower,0,2,21,21,44,0,0,9,34,43,0,2,30,55,87,36,102,138,225
07/09/2020,VQQ,FL,ASO,ES,Federal Contract Tower,2,6,24,22,54,0,0,29,44,73,2,6,53,66,127,54,68,122,249
07/10/2020,VQQ,FL,ASO,ES,Federal Contract Tower,0,2,25,15,42,0,0,20,29,49,0,2,45,44,91,52,98,150,241
07/11/2020,VQQ,FL,ASO,ES,Federal Contract Tower,0,0,4,6,10,0,0,10,1,11,0,0,14,7,21,36,0,36,57
07/12/2020,VQQ,FL,ASO,ES,Federal Contract Tower,0,0,12,6,18,0,0,26,6,32,0,0,38,12,50,100,18,118,168
07/13/2020,VQQ,FL,ASO,ES,Federal Contract Tower,0,2,15,10,27,0,0,28,6,34,0,2,43,16,61,96,0,96,157
07/14/2020,VQQ,FL,ASO,ES,Federal Contract Tower,0,2,14,14,30,0,0,26,19,45,0,2,40,33,75,78,116,194,269
07/15/2020,VQQ,FL,ASO,ES,Federal Contract Tower,0,0,22,31,53,0,0,26,47,73,0,0,48,78,126,110,136,246,372
07/16/2020,VQQ,FL,ASO,ES,Federal Contract Tower,2,2,17,21,42,0,0,37,33,70,2,2,54,54,112,124,89,213,325
07/17/2020,VQQ,FL,ASO,ES,Federal Contract Tower,4,5,23,14,46,0,0,22,26,48,4,5,45,40,94,80,36,116,210
07/18/2020,VQQ,FL,ASO,ES,Federal Contract Tower,2,0,31,1,34,0,0,25,2,27,2,0,56,3,61,56,0,56,117
07/19/2020,VQQ,FL,ASO,ES,Federal Contract Tower,0,0,29,1,30,0,0,12,2,14,0,0,41,3,44,40,6,46,90
07/20/2020,VQQ,FL,ASO,ES,Federal Contract Tower,0,2,26,19,47,0,0,29,31,60,0,2,55,50,107,110,16,126,233
07/21/2020,VQQ,FL,ASO,ES,Federal Contract Tower,0,2,15,12,29,0,0,18,48,66,0,2,33,60,95,114,238,352,447
07/22/2020,VQQ,FL,ASO,ES,Federal Contract Tower,0,2,20,22,44,0,0,17,55,72,0,2,37,77,116,42,198,240,356
07/23/2020,VQQ,FL,ASO,ES,Federal Contract Tower,0,2,7,13,22,0,0,19,36,55,0,2,26,49,77,78,117,195,272
07/24/2020,VQQ,FL,ASO,ES,Federal Contract Tower,1,2,35,12,50,0,0,30,30,60,1,2,65,42,110,61,39,100,210
07/25/2020,VQQ,FL,ASO,ES,Federal Contract Tower,3,0,20,4,27,0,0,19,4,23,3,0,39,8,50,36,0,36,86
07/26/2020,VQQ,FL,ASO,ES,Federal Contract Tower,1,2,10,0,13,0,0,13,2,15,1,2,23,2,28,92,0,92,120
07/27/2020,VQQ,FL,ASO,ES,Federal Contract Tower,2,0,28,5,35,0,0,22,25,47,2,0,50,30,82,49,26,75,157
07/28/2020,VQQ,FL,ASO,ES,Federal Contract Tower,0,0,27,16,43,0,0,33,37,70,0,0,60,53,113,160,138,298,411
07/29/2020,VQQ,FL,ASO,ES,Federal Contract Tower,0,0,11,14,25,0,0,34,40,74,0,0,45,54,99,62,226,288,387
07/30/2020,VQQ,FL,ASO,ES,Federal Contract Tower,0,0,21,15,36,0,0,22,39,61,0,0,43,54,97,78,234,312,409
07/31/2020,VQQ,FL,ASO,ES,Federal Contract Tower,2,0,28,10,40,0,0,28,32,60,2,0,56,42,100,78,56,134,234
08/01/2020,VQQ,FL,ASO,ES,Federal Contract Tower,0,0,8,0,8,0,0,14,0,14,0,0,22,0,22,22,0,22,44
08/02/2020,VQQ,FL,ASO,ES,Federal Contract Tower,0,0,1,0,1,0,0,10,0,10,0,0,11,0,11,30,0,30,41
08/03/2020,VQQ,FL,ASO,ES,Federal Contract Tower,0,0,4,2,6,0,0,5,2,7,0,0,9,4,13,26,8,34,47
08/04/2020,VQQ,FL,ASO,ES,Federal Contract Tower,0,0,22,4,26,0,0,43,11,54,0,0,65,15,80,100,76,176,256
08/05/2020,VQQ,FL,ASO,ES,Federal Contract Tower,0,0,26,15,41,0,0,26,39,65,0,0,52,54,106,38,200,238,344
08/06/2020,VQQ,FL,ASO,ES,Federal Contract Tower,0,0,19,15,34,0,0,22,19,41,0,0,41,34,75,112,104,216,291
08/07/2020,VQQ,FL,ASO,ES,Federal Contract Tower,2,0,22,31,55,0,0,22,10,32,2,0,44,41,87,85,56,141,228
08/08/2020,VQQ,FL,ASO,ES,Federal Contract Tower,5,0,13,2,20,2,0,15,1,18,7,0,28,3,38,62,0,62,100
08/09/2020,VQQ,FL,ASO,ES,Federal Contract Tower,0,0,22,0,22,0,0,17,0,17,0,0,39,0,39,42,0,42,81
08/10/2020,VQQ,FL,ASO,ES,Federal Contract Tower,5,0,17,0,22,0,0,25,12,37,5,0,42,12,59,154,40,194,253
08/11/2020,VQQ,FL,ASO,ES,Federal Contract Tower,1,0,22,6,29,0,0,26,31,57,1,0,48,37,86,100,199,299,385
08/12/2020,VQQ,FL,ASO,ES,Federal Contract Tower,1,4,21,20,46,0,0,35,28,63,1,4,56,48,109,158,214,372,481
08/13/2020,VQQ,FL,ASO,ES,Federal Contract Tower,0,0,22,17,39,0,0,36,27,63,0,0,58,44,102,90,177,267,369
08/14/2020,VQQ,FL,ASO,ES,Federal Contract Tower,0,1,10,27,38,0,0,19,14,33,0,1,29,41,71,59,34,93,164
08/15/2020,VQQ,FL,ASO,ES,Federal Contract Tower,0,0,10,0,10,0,0,2,0,2,0,0,12,0,12,2,0,2,14
08/16/2020,VQQ,FL,ASO,ES,Federal Contract Tower,1,0,13,2,16,0,0,16,0,16,1,0,29,2,32,60,0,60,92
08/17/2020,VQQ,FL,ASO,ES,Federal Contract Tower,2,0,12,34,48,0,0,24,16,40,2,0,36,50,88,68,86,154,242
08/18/2020,VQQ,FL,ASO,ES,Federal Contract Tower,0,0,22,14,36,0,0,16,28,44,0,0,38,42,80,18,238,256,336
08/19/2020,VQQ,FL,ASO,ES,Federal Contract Tower,0,0,10,25,35,0,0,41,24,65,0,0,51,49,100,144,188,332,432
08/20/2020,VQQ,FL,ASO,ES,Federal Contract Tower,0,1,20,68,89,0,0,12,44,56,0,1,32,112,145,38,261,299,444
08/21/2020,VQQ,FL,ASO,ES,Federal Contract Tower,0,4,33,11,48,0,1,15,15,31,0,5,48,26,79,72,22,94,173
08/22/2020,VQQ,FL,ASO,ES,Federal Contract Tower,3,0,18,10,31,0,0,16,5,21,3,0,34,15,52,40,12,52,104
08/23/2020,VQQ,FL,ASO,ES,Federal Contract Tower,0,0,10,4,14,0,0,6,1,7,0,0,16,5,21,36,0,36,57
08/24/2020,VQQ,FL,ASO,ES,Federal Contract Tower,0,0,42,9,51,0,0,18,6,24,0,0,60,15,75,120,30,150,225
08/25/2020,VQQ,FL,ASO,ES,Federal Contract Tower,0,0,35,24,59,0,0,24,23,47,0,0,59,47,106,50,160,210,316
08/26/2020,VQQ,FL,ASO,ES,Federal Contract Tower,3,0,31,18,52,0,0,36,30,66,3,0,67,48,118,128,239,367,485
08/27/2020,VQQ,FL,ASO,ES,Federal Contract Tower,0,0,19,19,38,0,0,18,33,51,0,0,37,52,89,82,204,286,375
08/28/2020,VQQ,FL,ASO,ES,Federal Contract Tower,0,0,36,16,52,0,0,29,23,52,0,0,65,39,104,54,72,126,230
08/29/2020,VQQ,FL,ASO,ES,Federal Contract Tower,4,0,14,2,20,0,0,4,2,6,4,0,18,4,26,20,0,20,46
08/30/2020,VQQ,FL,ASO,ES,Federal Contract Tower,0,0,3,0,3,0,0,0,2,2,0,0,3,2,5,0,0,0,5
08/31/2020,VQQ,FL,ASO,ES,Federal Contract Tower,0,0,6,11,17,0,0,7,17,24,0,0,13,28,41,33,109,142,183
09/01/2020,VQQ,FL,ASO,ES,Federal Contract Tower,5,0,29,26,60,2,0,6,47,55,7,0,35,73,115,6,292,298,413
09/02/2020,VQQ,FL,ASO,ES,Federal Contract Tower,4,0,41,30,75,0,0,32,25,57,4,0,73,55,132,80,124,204,336
09/03/2020,VQQ,FL,ASO,ES,Federal Contract Tower,0,0,31,38,69,0,0,27,35,62,0,0,58,73,131,88,222,310,441
09/04/2020,VQQ,FL,ASO,ES,Federal Contract Tower,2,0,25,17,44,0,0,40,17,57,2,0,65,34,101,84,30,114,215
09/05/2020,VQQ,FL,ASO,ES,Federal Contract Tower,1,0,23,2,26,0,0,2,0,2,1,0,25,2,28,4,0,4,32
09/06/2020,VQQ,FL,ASO,ES,Federal Contract Tower,1,0,2,1,4,0,0,5,0,5,1,0,7,1,9,5,0,5,14
09/07/2020,VQQ,FL,ASO,ES,Federal Contract Tower,0,0,31,4,35,0,0,19,0,19,0,0,50,4,54,89,0,89,143
09/08/2020,VQQ,FL,ASO,ES,Federal Contract Tower,3,0,13,32,48,0,0,11,26,37,3,0,24,58,85,62,140,202,287
09/09/2020,VQQ,FL,ASO,ES,Federal Contract Tower,3,0,21,44,68,0,0,12,62,74,3,0,33,106,142,18,254,272,414
09/10/2020,VQQ,FL,ASO,ES,Federal Contract Tower,0,0,24,40,64,0,0,23,76,99,0,0,47,116,163,82,249,331,494
09/11/2020,VQQ,FL,ASO,ES,Federal Contract Tower,0,0,23,57,80,0,2,8,35,45,0,2,31,92,125,60,113,173,298
09/12/2020,VQQ,FL,ASO,ES,Federal Contract Tower,0,0,3,47,50,0,0,15,4,19,0,0,18,51,69,42,26,68,137
09/13/2020,VQQ,FL,ASO,ES,Federal Contract Tower,0,0,4,42,46,0,0,1,0,1,0,0,5,42,47,0,0,0,47
09/14/2020,VQQ,FL,ASO,ES,Federal Contract Tower,2,0,27,57,86,0,0,20,20,40,2,0,47,77,126,50,172,222,348
09/15/2020,VQQ,FL,ASO,ES,Federal Contract Tower,2,0,26,21,49,0,0,19,24,43,2,0,45,45,92,76,90,166,258
09/16/2020,VQQ,FL,ASO,ES,Federal Contract Tower,4,0,18,13,35,0,0,28,37,65,4,0,46,50,100,132,206,338,438
09/17/2020,VQQ,FL,ASO,ES,Federal Contract Tower,5,0,21,7,33,0,0,5,37,42,5,0,26,44,75,11,176,187,262
09/18/2020,VQQ,FL,ASO,ES,Federal Contract Tower,1,3,15,10,29,0,0,11,33,44,1,3,26,43,73,60,52,112,185
09/19/2020,VQQ,FL,ASO,ES,Federal Contract Tower,0,1,9,1,11,0,0,0,0,0,0,1,9,1,11,0,0,0,11
09/20/2020,VQQ,FL,ASO,ES,Federal Contract Tower,0,0,0,0,0,0,0,0,0,0,0,0,0,0,0,0,0,0,0
09/21/2020,VQQ,FL,ASO,ES,Federal Contract Tower,1,0,17,8,26,0,1,8,29,38,1,1,25,37,64,34,131,165,229
09/22/2020,VQQ,FL,ASO,ES,Federal Contract Tower,0,0,59,11,70,0,0,58,49,107,0,0,117,60,177,170,202,372,549
09/23/2020,VQQ,FL,ASO,ES,Federal Contract Tower,7,0,12,22,41,1,0,39,26,66,8,0,51,48,107,126,56,182,289
09/24/2020,VQQ,FL,ASO,ES,Federal Contract Tower,3,2,22,20,47,0,0,19,11,30,3,2,41,31,77,80,102,182,259
09/25/2020,VQQ,FL,ASO,ES,Federal Contract Tower,3,0,57,35,95,0,0,28,23,51,3,0,85,58,146,159,74,233,379
09/26/2020,VQQ,FL,ASO,ES,Federal Contract Tower,0,0,45,11,56,0,0,10,0,10,0,0,55,11,66,44,0,44,110
09/27/2020,VQQ,FL,ASO,ES,Federal Contract Tower,0,0,11,0,11,0,0,6,0,6,0,0,17,0,17,6,0,6,23
09/28/2020,VQQ,FL,ASO,ES,Federal Contract Tower,0,0,31,12,43,0,0,12,19,31,0,0,43,31,74,24,42,66,140
09/29/2020,VQQ,FL,ASO,ES,Federal Contract Tower,0,0,16,25,41,0,0,2,22,24,0,0,18,47,65,16,106,122,187
09/30/2020,VQQ,FL,ASO,ES,Federal Contract Tower,0,0,20,27,47,0,0,61,25,86,0,0,81,52,133,206,124,330,463
10/01/2020,VQQ,FL,ASO,ES,Federal Contract Tower,0,0,26,32,58,0,0,57,36,93,0,0,83,68,151,150,268,418,569
10/02/2020,VQQ,FL,ASO,ES,Federal Contract Tower,0,0,31,15,46,0,0,48,31,79,0,0,79,46,125,206,58,264,389
10/03/2020,VQQ,FL,ASO,ES,Federal Contract Tower,4,0,13,0,17,0,0,18,0,18,4,0,31,0,35,64,0,64,99
10/04/2020,VQQ,FL,ASO,ES,Federal Contract Tower,6,0,3,7,16,0,0,2,3,5,6,0,5,10,21,22,0,22,43
10/05/2020,VQQ,FL,ASO,ES,Federal Contract Tower,1,1,4,18,24,0,0,0,0,0,1,1,4,18,24,0,0,0,24
10/06/2020,VQQ,FL,ASO,ES,Federal Contract Tower,1,1,21,17,40,0,0,10,32,42,1,1,31,49,82,74,144,218,300
10/07/2020,VQQ,FL,ASO,ES,Federal Contract Tower,3,0,20,92,115,0,0,5,34,39,3,0,25,126,154,40,120,160,314
10/08/2020,VQQ,FL,ASO,ES,Federal Contract Tower,3,0,29,26,58,0,0,30,40,70,3,0,59,66,128,190,258,448,576
10/09/2020,VQQ,FL,ASO,ES,Federal Contract Tower,0,0,20,8,28,0,0,14,30,44,0,0,34,38,72,64,35,99,171
10/10/2020,VQQ,FL,ASO,ES,Federal Contract Tower,0,0,14,0,14,0,0,35,1,36,0,0,49,1,50,100,0,100,150
10/11/2020,VQQ,FL,ASO,ES,Federal Contract Tower,0,0,0,64,64,0,0,2,0,2,0,0,2,64,66,6,0,6,72
10/12/2020,VQQ,FL,ASO,ES,Federal Contract Tower,1,0,56,0,57,0,0,34,0,34,1,0,90,0,91,127,0,127,218
10/13/2020,VQQ,FL,ASO,ES,Federal Contract Tower,0,0,38,47,85,0,0,48,32,80,0,0,86,79,165,194,136,330,495
10/14/2020,VQQ,FL,ASO,ES,Federal Contract Tower,0,0,33,26,59,0,0,49,26,75,0,0,82,52,134,142,78,220,354
10/15/2020,VQQ,FL,ASO,ES,Federal Contract Tower,1,0,40,33,74,0,0,28,44,72,1,0,68,77,146,103,196,299,445
10/16/2020,VQQ,FL,ASO,ES,Federal Contract Tower,2,1,24,28,55,0,0,50,23,73,2,1,74,51,128,108,80,188,316
10/17/2020,VQQ,FL,ASO,ES,Federal Contract Tower,0,1,19,18,38,0,0,27,10,37,0,1,46,28,75,30,158,188,263
10/18/2020,VQQ,FL,ASO,ES,Federal Contract Tower,0,0,25,5,30,0,0,6,6,12,0,0,31,11,42,20,44,64,106
10/19/2020,VQQ,FL,ASO,ES,Federal Contract Tower,1,0,26,8,35,0,0,19,12,31,1,0,45,20,66,138,70,208,274
10/20/2020,VQQ,FL,ASO,ES,Federal Contract Tower,1,0,23,32,56,0,0,2,23,25,1,0,25,55,81,0,92,92,173
10/21/2020,VQQ,FL,ASO,ES,Federal Contract Tower,0,0,12,41,53,0,0,7,45,52,0,0,19,86,105,54,108,162,267
10/22/2020,VQQ,FL,ASO,ES,Federal Contract Tower,1,0,9,11,21,0,0,15,33,48,1,0,24,44,69,28,107,135,204
10/23/2020,VQQ,FL,ASO,ES,Federal Contract Tower,0,0,21,5,26,0,0,26,16,42,0,0,47,21,68,35,31,66,134
10/24/2020,VQQ,FL,ASO,ES,Federal Contract Tower,0,0,22,21,43,0,0,26,9,35,0,0,48,30,78,93,50,143,221
10/25/2020,VQQ,FL,ASO,ES,Federal Contract Tower,0,0,9,0,9,0,1,17,10,28,0,1,26,10,37,49,0,49,86
10/26/2020,VQQ,FL,ASO,ES,Federal Contract Tower,0,0,27,1,28,0,0,22,34,56,0,0,49,35,84,110,42,152,236
10/27/2020,VQQ,FL,ASO,ES,Federal Contract Tower,0,0,19,41,60,0,0,7,41,48,0,0,26,82,108,18,196,214,322
10/28/2020,VQQ,FL,ASO,ES,Federal Contract Tower,1,4,30,15,50,0,0,31,48,79,1,4,61,63,129,104,172,276,405
10/29/2020,VQQ,FL,ASO,ES,Federal Contract Tower,1,3,12,11,27,0,0,5,17,22,1,3,17,28,49,38,72,110,159
10/30/2020,VQQ,FL,ASO,ES,Federal Contract Tower,1,2,14,10,27,0,0,38,21,59,1,2,52,31,86,202,28,230,316
10/31/2020,VQQ,FL,ASO,ES,Federal Contract Tower,2,0,14,0,16,0,0,16,0,16,2,0,30,0,32,40,0,40,72
11/01/2020,VQQ,FL,ASO,ES,Federal Contract Tower,0,0,6,1,7,0,0,7,0,7,0,0,13,1,14,26,0,26,40
11/02/2020,VQQ,FL,ASO,ES,Federal Contract Tower,0,0,14,9,23,0,0,32,2,34,0,0,46,11,57,104,38,142,199
11/03/2020,VQQ,FL,ASO,ES,Federal Contract Tower,4,0,19,24,47,0,0,59,33,92,4,0,78,57,139,228,220,448,587
11/04/2020,VQQ,FL,ASO,ES,Federal Contract Tower,3,0,26,18,47,0,0,40,30,70,3,0,66,48,117,144,90,234,351
11/05/2020,VQQ,FL,ASO,ES,Federal Contract Tower,0,0,29,22,51,0,0,40,34,74,0,0,69,56,125,146,160,306,431
11/06/2020,VQQ,FL,ASO,ES,Federal Contract Tower,2,0,19,40,61,0,0,2,18,20,2,0,21,58,81,12,68,80,161
11/07/2020,VQQ,FL,ASO,ES,Federal Contract Tower,6,0,7,5,18,0,0,7,6,13,6,0,14,11,31,18,42,60,91
11/08/2020,VQQ,FL,ASO,ES,Federal Contract Tower,0,1,15,1,17,0,0,4,0,4,0,1,19,1,21,36,0,36,57
11/09/2020,VQQ,FL,ASO,ES,Federal Contract Tower,0,1,4,20,25,0,0,3,31,34,0,1,7,51,59,6,124,130,189
11/10/2020,VQQ,FL,ASO,ES,Federal Contract Tower,2,0,6,38,46,0,0,4,31,35,2,0,10,69,81,24,112,136,217
11/11/2020,VQQ,FL,ASO,ES,Federal Contract Tower,0,0,25,0,25,0,0,5,0,5,0,0,30,0,30,22,0,22,52
11/12/2020,VQQ,FL,ASO,ES,Federal Contract Tower,0,0,1,19,20,0,0,0,12,12,0,0,1,31,32,10,84,94,126
11/13/2020,VQQ,FL,ASO,ES,Federal Contract Tower,4,0,36,18,58,0,0,15,24,39,4,0,51,42,97,88,54,142,239
11/14/2020,VQQ,FL,ASO,ES,Federal Contract Tower,4,0,18,3,25,0,0,36,12,48,4,0,54,15,73,160,68,228,301
11/15/2020,VQQ,FL,ASO,ES,Federal Contract Tower,2,0,13,2,17,0,0,33,4,37,2,0,46,6,54,100,0,100,154
11/16/2020,VQQ,FL,ASO,ES,Federal Contract Tower,0,0,34,11,45,0,0,41,22,63,0,0,75,33,108,176,116,292,400
11/17/2020,VQQ,FL,ASO,ES,Federal Contract Tower,3,0,62,6,71,0,0,41,39,80,3,0,103,45,151,218,128,346,497
11/18/2020,VQQ,FL,ASO,ES,Federal Contract Tower,0,0,21,22,43,0,0,51,55,106,0,0,72,77,149,60,164,224,373
11/19/2020,VQQ,FL,ASO,ES,Federal Contract Tower,0,2,46,28,76,0,0,27,55,82,0,2,73,83,158,148,224,372,530
11/20/2020,VQQ,FL,ASO,ES,Federal Contract Tower,1,0,34,4,39,0,0,27,14,41,1,0,61,18,80,96,26,122,202
11/21/2020,VQQ,FL,ASO,ES,Federal Contract Tower,0,0,20,12,32,0,0,13,3,16,0,0,33,15,48,48,0,48,96
11/22/2020,VQQ,FL,ASO,ES,Federal Contract Tower,0,0,7,9,16,0,0,0,0,0,0,0,7,9,16,4,0,4,20
11/23/2020,VQQ,FL,ASO,ES,Federal Contract Tower,0,2,22,16,40,0,0,36,31,67,0,2,58,47,107,264,42,306,413
11/24/2020,VQQ,FL,ASO,ES,Federal Contract Tower,0,0,20,20,40,0,0,50,25,75,0,0,70,45,115,82,0,82,197
11/25/2020,VQQ,FL,ASO,ES,Federal Contract Tower,0,0,22,20,42,0,0,35,6,41,0,0,57,26,83,140,2,142,225
11/26/2020,VQQ,FL,ASO,ES,Federal Contract Tower,0,0,3,0,3,0,0,3,0,3,0,0,6,0,6,8,0,8,14
11/27/2020,VQQ,FL,ASO,ES,Federal Contract Tower,1,0,9,0,10,0,0,15,0,15,1,0,24,0,25,60,0,60,85
11/28/2020,VQQ,FL,ASO,ES,Federal Contract Tower,0,0,2,2,4,0,0,10,0,10,0,0,12,2,14,46,0,46,60
11/29/2020,VQQ,FL,ASO,ES,Federal Contract Tower,0,0,7,2,9,0,0,5,2,7,0,0,12,4,16,26,0,26,42
11/30/2020,VQQ,FL,ASO,ES,Federal Contract Tower,3,0,7,13,23,0,0,20,28,48,3,0,27,41,71,30,96,126,197
12/01/2020,VQQ,FL,ASO,ES,Federal Contract Tower,0,0,25,7,32,0,0,35,25,60,0,0,60,32,92,138,128,266,358
12/02/2020,VQQ,FL,ASO,ES,Federal Contract Tower,0,6,39,13,58,0,0,45,41,86,0,6,84,54,144,192,252,444,588
12/03/2020,VQQ,FL,ASO,ES,Federal Contract Tower,1,1,32,21,55,0,2,34,42,78,1,3,66,63,133,137,224,361,494
12/04/2020,VQQ,FL,ASO,ES,Federal Contract Tower,2,0,17,10,29,0,0,30,21,51,2,0,47,31,80,83,108,191,271
12/05/2020,VQQ,FL,ASO,ES,Federal Contract Tower,1,0,14,5,20,0,0,31,6,37,1,0,45,11,57,72,26,98,155
12/06/2020,VQQ,FL,ASO,ES,Federal Contract Tower,0,0,17,50,67,0,0,8,3,11,0,0,25,53,78,50,8,58,136
12/07/2020,VQQ,FL,ASO,ES,Federal Contract Tower,0,0,15,33,48,0,0,33,5,38,0,0,48,38,86,135,59,194,280
12/08/2020,VQQ,FL,ASO,ES,Federal Contract Tower,0,2,21,24,47,0,0,54,69,123,0,2,75,93,170,86,110,196,366
12/09/2020,VQQ,FL,ASO,ES,Federal Contract Tower,0,0,14,53,67,0,0,27,94,121,0,0,41,147,188,102,388,490,678
12/10/2020,VQQ,FL,ASO,ES,Federal Contract Tower,0,0,14,58,72,0,0,34,49,83,0,0,48,107,155,138,176,314,469
12/11/2020,VQQ,FL,ASO,ES,Federal Contract Tower,4,4,9,52,69,0,0,42,26,68,4,4,51,78,137,130,58,188,325
12/12/2020,VQQ,FL,ASO,ES,Federal Contract Tower,1,0,3,57,61,0,0,11,3,14,1,0,14,60,75,20,0,20,95
12/13/2020,VQQ,FL,ASO,ES,Federal Contract Tower,1,0,13,51,65,0,0,11,0,11,1,0,24,51,76,40,0,40,116
12/14/2020,VQQ,FL,ASO,ES,Federal Contract Tower,0,0,11,25,36,0,0,12,25,37,0,0,23,50,73,46,37,83,156
12/15/2020,VQQ,FL,ASO,ES,Federal Contract Tower,0,0,49,25,74,0,0,16,42,58,0,0,65,67,132,162,198,360,492
12/16/2020,VQQ,FL,ASO,ES,Federal Contract Tower,1,0,2,1,4,0,0,0,0,0,1,0,2,1,4,0,28,28,32
12/17/2020,VQQ,FL,ASO,ES,Federal Contract Tower,0,0,31,20,51,0,0,21,33,54,0,0,52,53,105,111,204,315,420
12/18/2020,VQQ,FL,ASO,ES,Federal Contract Tower,0,0,27,6,33,0,0,44,16,60,0,0,71,22,93,166,84,250,343
12/19/2020,VQQ,FL,ASO,ES,Federal Contract Tower,1,0,9,2,12,0,0,6,0,6,1,0,15,2,18,18,0,18,36
12/20/2020,VQQ,FL,ASO,ES,Federal Contract Tower,0,0,6,3,9,0,0,4,2,6,0,0,10,5,15,8,2,10,25
12/21/2020,VQQ,FL,ASO,ES,Federal Contract Tower,0,0,11,7,18,0,0,18,19,37,0,0,29,26,55,48,56,104,159
12/22/2020,VQQ,FL,ASO,ES,Federal Contract Tower,6,0,6,8,20,0,0,43,20,63,6,0,49,28,83,72,94,166,249
12/23/2020,VQQ,FL,ASO,ES,Federal Contract Tower,2,0,5,1,8,0,0,28,17,45,2,0,33,18,53,171,72,243,296
12/24/2020,VQQ,FL,ASO,ES,Federal Contract Tower,0,0,0,0,0,0,0,7,0,7,0,0,7,0,7,18,0,18,25
12/25/2020,VQQ,FL,ASO,ES,Federal Contract Tower,0,0,2,0,2,0,0,1,0,1,0,0,3,0,3,0,0,0,3
12/26/2020,VQQ,FL,ASO,ES,Federal Contract Tower,1,0,4,0,5,0,0,24,4,28,1,0,28,4,33,74,4,78,111
12/27/2020,VQQ,FL,ASO,ES,Federal Contract Tower,2,0,5,0,7,0,0,15,0,15,2,0,20,0,22,24,0,24,46
12/28/2020,VQQ,FL,ASO,ES,Federal Contract Tower,0,0,4,2,6,0,0,29,7,36,0,0,33,9,42,136,0,136,178
12/29/2020,VQQ,FL,ASO,ES,Federal Contract Tower,6,0,4,4,14,0,0,28,15,43,6,0,32,19,57,48,66,114,171
12/30/2020,VQQ,FL,ASO,ES,Federal Contract Tower,2,0,7,7,16,0,0,28,10,38,2,0,35,17,54,108,42,150,204
12/31/2020,VQQ,FL,ASO,ES,Federal Contract Tower,2,0,8,0,10,0,0,12,0,12,2,0,20,0,22,40,0,40,62
01/01/2021,VQQ,FL,ASO,ES,Federal Contract Tower,0,0,5,1,6,0,0,10,1,11,0,0,15,2,17,12,0,12,29
01/02/2021,VQQ,FL,ASO,ES,Federal Contract Tower,2,0,3,1,6,0,0,8,8,16,2,0,11,9,22,24,80,104,126
01/03/2021,VQQ,FL,ASO,ES,Federal Contract Tower,3,0,15,3,21,0,0,15,5,20,3,0,30,8,41,12,84,96,137
01/04/2021,VQQ,FL,ASO,ES,Federal Contract Tower,1,0,19,5,25,0,0,26,11,37,1,0,45,16,62,122,40,162,224
01/05/2021,VQQ,FL,ASO,ES,Federal Contract Tower,1,0,24,26,51,0,0,38,12,50,1,0,62,38,101,220,84,304,405
01/06/2021,VQQ,FL,ASO,ES,Federal Contract Tower,0,0,9,12,21,0,0,45,27,72,0,0,54,39,93,144,126,270,363
01/07/2021,VQQ,FL,ASO,ES,Federal Contract Tower,0,2,14,7,23,0,1,41,21,63,0,3,55,28,86,82,112,194,280
01/08/2021,VQQ,FL,ASO,ES,Federal Contract Tower,0,0,19,17,36,0,0,16,23,39,0,0,35,40,75,140,120,260,335
01/09/2021,VQQ,FL,ASO,ES,Federal Contract Tower,1,0,3,3,7,0,0,10,5,15,1,0,13,8,22,40,10,50,72
01/10/2021,VQQ,FL,ASO,ES,Federal Contract Tower,0,2,2,18,22,0,0,27,1,28,0,2,29,19,50,104,0,104,154
01/11/2021,VQQ,FL,ASO,ES,Federal Contract Tower,0,0,19,11,30,0,0,28,6,34,0,0,47,17,64,158,44,202,266
01/12/2021,VQQ,FL,ASO,ES,Federal Contract Tower,2,0,31,12,45,0,0,8,29,37,2,0,39,41,82,26,196,222,304
01/13/2021,VQQ,FL,ASO,ES,Federal Contract Tower,0,0,37,9,46,0,0,10,47,57,0,0,47,56,103,128,478,606,709
01/14/2021,VQQ,FL,ASO,ES,Federal Contract Tower,0,0,36,12,48,0,0,20,30,50,0,0,56,42,98,122,172,294,392
01/15/2021,VQQ,FL,ASO,ES,Federal Contract Tower,3,0,15,25,43,0,0,14,6,20,3,0,29,31,63,78,46,124,187
01/16/2021,VQQ,FL,ASO,ES,Federal Contract Tower,0,0,6,4,10,0,0,10,0,10,0,0,16,4,20,26,0,26,46
01/17/2021,VQQ,FL,ASO,ES,Federal Contract Tower,0,2,7,10,19,0,0,11,0,11,0,2,18,10,30,32,0,32,62
01/18/2021,VQQ,FL,ASO,ES,Federal Contract Tower,1,0,23,2,26,0,0,28,0,28,1,0,51,2,54,72,0,72,126
01/19/2021,VQQ,FL,ASO,ES,Federal Contract Tower,0,0,27,28,55,0,0,42,34,76,0,0,69,62,131,228,194,422,553
01/20/2021,VQQ,FL,ASO,ES,Federal Contract Tower,4,0,29,36,69,0,0,28,46,74,4,0,57,82,143,152,288,440,583
01/21/2021,VQQ,FL,ASO,ES,Federal Contract Tower,2,0,26,41,69,0,0,31,55,86,2,0,57,96,155,188,225,413,568
01/22/2021,VQQ,FL,ASO,ES,Federal Contract Tower,2,0,19,11,32,0,0,0,5,5,2,0,19,16,37,0,102,102,139
01/23/2021,VQQ,FL,ASO,ES,Federal Contract Tower,3,6,9,2,20,0,0,6,7,13,3,6,15,9,33,8,40,48,81
01/24/2021,VQQ,FL,ASO,ES,Federal Contract Tower,4,2,6,11,23,0,0,9,10,19,4,2,15,21,42,20,120,140,182
01/25/2021,VQQ,FL,ASO,ES,Federal Contract Tower,4,1,11,21,37,0,0,13,33,46,4,1,24,54,83,65,120,185,268
01/26/2021,VQQ,FL,ASO,ES,Federal Contract Tower,2,0,17,19,38,0,0,44,39,83,2,0,61,58,121,192,208,400,521
01/27/2021,VQQ,FL,ASO,ES,Federal Contract Tower,1,0,17,13,31,0,0,9,13,22,1,0,26,26,53,16,68,84,137
01/28/2021,VQQ,FL,ASO,ES,Federal Contract Tower,0,0,22,16,38,0,0,32,54,86,0,0,54,70,124,98,369,467,591
01/29/2021,VQQ,FL,ASO,ES,Federal Contract Tower,4,0,26,10,40,0,2,44,0,46,4,2,70,10,86,260,66,326,412
01/30/2021,VQQ,FL,ASO,ES,Federal Contract Tower,2,0,12,3,17,0,0,34,0,34,2,0,46,3,51,74,0,74,125
01/31/2021,VQQ,FL,ASO,ES,Federal Contract Tower,0,0,5,6,11,0,0,9,1,10,0,0,14,7,21,22,0,22,43
02/01/2021,VQQ,FL,ASO,ES,Federal Contract Tower,2,0,13,15,30,0,0,0,12,12,2,0,13,27,42,22,64,86,128
02/02/2021,VQQ,FL,ASO,ES,Federal Contract Tower,2,0,10,22,34,0,0,24,32,56,2,0,34,54,90,94,92,186,276
02/03/2021,VQQ,FL,ASO,ES,Federal Contract Tower,0,0,16,17,33,0,0,40,23,63,0,0,56,40,96,210,90,300,396
02/04/2021,VQQ,FL,ASO,ES,Federal Contract Tower,0,0,32,8,40,0,0,49,31,80,0,0,81,39,120,188,70,258,378
02/05/2021,VQQ,FL,ASO,ES,Federal Contract Tower,0,0,20,29,49,0,0,5,23,28,0,0,25,52,77,5,48,53,130
02/06/2021,VQQ,FL,ASO,ES,Federal Contract Tower,0,2,12,1,15,0,0,0,0,0,0,2,12,1,15,0,0,0,15
02/07/2021,VQQ,FL,ASO,ES,Federal Contract Tower,7,0,18,4,29,0,0,4,1,5,7,0,22,5,34,38,0,38,72
02/08/2021,VQQ,FL,ASO,ES,Federal Contract Tower,2,0,22,8,32,0,0,35,24,59,2,0,57,32,91,158,30,188,279
02/09/2021,VQQ,FL,ASO,ES,Federal Contract Tower,0,0,10,7,17,0,0,0,14,14,0,0,10,21,31,0,58,58,89
02/10/2021,VQQ,FL,ASO,ES,Federal Contract Tower,0,2,32,24,58,0,0,18,25,43,0,2,50,49,101,68,188,256,357
02/11/2021,VQQ,FL,ASO,ES,Federal Contract Tower,0,1,36,25,62,0,0,29,58,87,0,1,65,83,149,164,182,346,495
02/12/2021,VQQ,FL,ASO,ES,Federal Contract Tower,0,0,12,16,28,0,0,2,1,3,0,0,14,17,31,14,18,32,63
02/13/2021,VQQ,FL,ASO,ES,Federal Contract Tower,0,0,4,0,4,0,0,0,4,4,0,0,4,4,8,0,0,0,8
02/14/2021,VQQ,FL,ASO,ES,Federal Contract Tower,0,0,1,9,10,0,0,0,0,0,0,0,1,9,10,0,0,0,10
02/15/2021,VQQ,FL,ASO,ES,Federal Contract Tower,0,0,5,2,7,0,0,0,0,0,0,0,5,2,7,0,0,0,7
02/16/2021,VQQ,FL,ASO,ES,Federal Contract Tower,5,0,31,11,47,0,0,38,40,78,5,0,69,51,125,182,188,370,495
02/17/2021,VQQ,FL,ASO,ES,Federal Contract Tower,0,0,43,9,52,0,0,25,31,56,0,0,68,40,108,220,206,426,534
02/18/2021,VQQ,FL,ASO,ES,Federal Contract Tower,0,2,27,31,60,0,0,14,25,39,0,2,41,56,99,52,102,154,253
02/19/2021,VQQ,FL,ASO,ES,Federal Contract Tower,0,0,9,20,29,0,0,0,2,2,0,0,9,22,31,0,12,12,43
02/20/2021,VQQ,FL,ASO,ES,Federal Contract Tower,2,2,30,3,37,0,0,98,6,104,2,2,128,9,141,116,50,166,307
02/21/2021,VQQ,FL,ASO,ES,Federal Contract Tower,0,0,9,4,13,0,0,18,12,30,0,0,27,16,43,66,34,100,143
02/22/2021,VQQ,FL,ASO,ES,Federal Contract Tower,0,3,18,20,41,0,0,33,34,67,0,3,51,54,108,118,160,278,386
02/23/2021,VQQ,FL,ASO,ES,Federal Contract Tower,5,1,37,14,57,0,0,42,35,77,5,1,79,49,134,124,154,278,412
02/24/2021,VQQ,FL,ASO,ES,Federal Contract Tower,1,0,40,34,75,0,0,51,45,96,1,0,91,79,171,262,226,488,659
02/25/2021,VQQ,FL,ASO,ES,Federal Contract Tower,0,0,45,31,76,0,0,50,33,83,0,0,95,64,159,130,168,298,457
02/26/2021,VQQ,FL,ASO,ES,Federal Contract Tower,1,0,19,20,40,0,0,20,18,38,1,0,39,38,78,80,28,108,186
02/27/2021,VQQ,FL,ASO,ES,Federal Contract Tower,0,1,18,7,26,0,0,20,0,20,0,1,38,7,46,34,0,34,80
02/28/2021,VQQ,FL,ASO,ES,Federal Contract Tower,0,3,12,18,33,0,0,14,5,19,0,3,26,23,52,48,2,50,102
03/01/2021,VQQ,FL,ASO,ES,Federal Contract Tower,0,0,40,22,62,0,0,18,11,29,0,0,58,33,91,106,84,190,281
03/02/2021,VQQ,FL,ASO,ES,Federal Contract Tower,0,2,29,28,59,0,0,4,0,4,0,2,33,28,63,0,0,0,63
03/03/2021,VQQ,FL,ASO,ES,Federal Contract Tower,1,0,27,17,45,0,0,2,24,26,1,0,29,41,71,0,32,32,103
03/04/2021,VQQ,FL,ASO,ES,Federal Contract Tower,2,2,40,16,60,0,0,51,53,104,2,2,91,69,164,252,224,476,640
03/05/2021,VQQ,FL,ASO,ES,Federal Contract Tower,1,0,26,29,56,0,0,39,20,59,1,0,65,49,115,170,52,222,337
03/06/2021,VQQ,FL,ASO,ES,Federal Contract Tower,0,0,5,5,10,0,0,0,1,1,0,0,5,6,11,0,0,0,11
03/07/2021,VQQ,FL,ASO,ES,Federal Contract Tower,3,0,9,24,36,0,0,36,3,39,3,0,45,27,75,132,0,132,207
03/08/2021,VQQ,FL,ASO,ES,Federal Contract Tower,0,0,22,10,32,0,0,42,22,64,0,0,64,32,96,140,60,200,296
03/09/2021,VQQ,FL,ASO,ES,Federal Contract Tower,0,0,22,38,60,0,0,38,31,69,0,0,60,69,129,138,120,258,387
03/10/2021,VQQ,FL,ASO,ES,Federal Contract Tower,0,0,55,12,67,0,0,40,45,85,0,0,95,57,152,176,218,394,546
03/11/2021,VQQ,FL,ASO,ES,Federal Contract Tower,3,0,26,21,50,0,0,28,38,66,3,0,54,59,116,106,152,258,374
03/12/2021,VQQ,FL,ASO,ES,Federal Contract Tower,0,0,11,35,46,0,0,41,20,61,0,0,52,55,107,177,34,211,318
03/13/2021,VQQ,FL,ASO,ES,Federal Contract Tower,1,0,16,12,29,0,0,19,61,80,1,0,35,73,109,46,0,46,155
03/14/2021,VQQ,FL,ASO,ES,Federal Contract Tower,0,0,17,53,70,0,0,27,3,30,0,0,44,56,100,66,2,68,168
03/15/2021,VQQ,FL,ASO,ES,Federal Contract Tower,1,0,41,96,138,0,0,25,28,53,1,0,66,124,191,86,156,242,433
03/16/2021,VQQ,FL,ASO,ES,Federal Contract Tower,3,0,27,84,114,0,0,45,32,77,3,0,72,116,191,169,100,269,460
03/17/2021,VQQ,FL,ASO,ES,Federal Contract Tower,0,0,33,39,72,0,0,31,19,50,0,0,64,58,122,100,188,288,410
03/18/2021,VQQ,FL,ASO,ES,Federal Contract Tower,2,0,6,21,29,0,0,8,16,24,2,0,14,37,53,56,140,196,249
03/19/2021,VQQ,FL,ASO,ES,Federal Contract Tower,1,0,30,32,63,0,0,33,14,47,1,0,63,46,110,184,60,244,354
03/20/2021,VQQ,FL,ASO,ES,Federal Contract Tower,0,0,5,10,15,0,0,3,4,7,0,0,8,14,22,2,12,14,36
03/21/2021,VQQ,FL,ASO,ES,Federal Contract Tower,0,0,8,15,23,0,0,0,0,0,0,0,8,15,23,0,0,0,23
03/22/2021,VQQ,FL,ASO,ES,Federal Contract Tower,7,0,9,11,27,0,0,8,12,20,7,0,17,23,47,48,48,96,143
03/23/2021,VQQ,FL,ASO,ES,Federal Contract Tower,0,2,69,10,81,0,0,43,36,79,0,2,112,46,160,132,130,262,422
03/24/2021,VQQ,FL,ASO,ES,Federal Contract Tower,3,1,35,41,80,0,0,30,36,66,3,1,65,77,146,148,144,292,438
03/25/2021,VQQ,FL,ASO,ES,Federal Contract Tower,5,0,24,29,58,0,0,23,35,58,5,0,47,64,116,74,186,260,376
03/26/2021,VQQ,FL,ASO,ES,Federal Contract Tower,0,0,44,43,87,0,2,37,19,58,0,2,81,62,145,190,106,296,441
03/27/2021,VQQ,FL,ASO,ES,Federal Contract Tower,1,0,19,8,28,0,0,17,4,21,1,0,36,12,49,86,6,92,141
03/28/2021,VQQ,FL,ASO,ES,Federal Contract Tower,0,2,13,26,41,0,0,9,5,14,0,2,22,31,55,28,20,48,103
03/29/2021,VQQ,FL,ASO,ES,Federal Contract Tower,1,0,36,11,48,0,0,27,8,35,1,0,63,19,83,130,54,184,267
03/30/2021,VQQ,FL,ASO,ES,Federal Contract Tower,0,0,18,9,27,0,0,3,22,25,0,0,21,31,52,0,98,98,150
03/31/2021,VQQ,FL,ASO,ES,Federal Contract Tower,2,0,24,23,49,0,0,18,44,62,2,0,42,67,111,118,152,270,381
04/01/2021,VQQ,FL,ASO,ES,Federal Contract Tower,1,0,34,23,58,0,0,13,27,40,1,0,47,50,98,100,130,230,328
04/02/2021,VQQ,FL,ASO,ES,Federal Contract Tower,0,0,25,19,44,0,0,32,11,43,0,0,57,30,87,110,20,130,217
04/03/2021,VQQ,FL,ASO,ES,Federal Contract Tower,0,1,16,3,20,0,0,26,2,28,0,1,42,5,48,58,2,60,108
04/04/2021,VQQ,FL,ASO,ES,Federal Contract Tower,5,0,14,5,24,0,0,16,0,16,5,0,30,5,40,34,0,34,74
04/05/2021,VQQ,FL,ASO,ES,Federal Contract Tower,3,0,27,16,46,0,0,26,6,32,3,0,53,22,78,92,8,100,178
04/06/2021,VQQ,FL,ASO,ES,Federal Contract Tower,0,2,42,61,105,0,0,35,50,85,0,2,77,111,190,82,232,314,504
04/07/2021,VQQ,FL,ASO,ES,Federal Contract Tower,0,0,36,18,54,0,0,21,58,79,0,0,57,76,133,64,240,304,437
04/08/2021,VQQ,FL,ASO,ES,Federal Contract Tower,0,0,27,13,40,0,0,29,29,58,0,0,56,42,98,112,102,214,312
04/09/2021,VQQ,FL,ASO,ES,Federal Contract Tower,1,0,42,29,72,0,0,27,21,48,1,0,69,50,120,141,35,176,296
04/10/2021,VQQ,FL,ASO,ES,Federal Contract Tower,0,0,6,2,8,0,0,7,6,13,0,0,13,8,21,26,2,28,49
04/11/2021,VQQ,FL,ASO,ES,Federal Contract Tower,0,0,0,3,3,0,0,1,1,2,0,0,1,4,5,0,0,0,5
04/12/2021,VQQ,FL,ASO,ES,Federal Contract Tower,0,0,16,8,24,0,0,32,35,67,0,0,48,43,91,164,51,215,306
04/13/2021,VQQ,FL,ASO,ES,Federal Contract Tower,2,0,26,9,37,0,0,32,38,70,2,0,58,47,107,148,270,418,525
04/14/2021,VQQ,FL,ASO,ES,Federal Contract Tower,1,0,24,15,40,0,0,31,41,72,1,0,55,56,112,152,166,318,430
04/15/2021,VQQ,FL,ASO,ES,Federal Contract Tower,2,0,26,25,53,0,0,24,57,81,2,0,50,82,134,100,296,396,530
04/16/2021,VQQ,FL,ASO,ES,Federal Contract Tower,2,0,15,18,35,0,0,23,22,45,2,0,38,40,80,66,47,113,193
04/17/2021,VQQ,FL,ASO,ES,Federal Contract Tower,2,0,6,0,8,0,0,0,2,2,2,0,6,2,10,0,10,10,20
04/18/2021,VQQ,FL,ASO,ES,Federal Contract Tower,0,0,5,1,6,0,0,3,0,3,0,0,8,1,9,0,0,0,9
04/19/2021,VQQ,FL,ASO,ES,Federal Contract Tower,0,0,34,8,42,0,0,36,11,47,0,0,70,19,89,124,40,164,253
04/20/2021,VQQ,FL,ASO,ES,Federal Contract Tower,0,0,23,22,45,0,0,25,28,53,0,0,48,50,98,140,208,348,446
04/21/2021,VQQ,FL,ASO,ES,Federal Contract Tower,2,0,28,24,54,0,0,22,34,56,2,0,50,58,110,70,146,216,326
04/22/2021,VQQ,FL,ASO,ES,Federal Contract Tower,0,0,37,27,64,0,0,36,43,79,0,0,73,70,143,166,212,378,521
04/23/2021,VQQ,FL,ASO,ES,Federal Contract Tower,7,0,20,9,36,0,0,38,9,47,7,0,58,18,83,97,42,139,222
04/24/2021,VQQ,FL,ASO,ES,Federal Contract Tower,0,0,8,7,15,0,0,3,2,5,0,0,11,9,20,10,0,10,30
04/25/2021,VQQ,FL,ASO,ES,Federal Contract Tower,3,0,21,7,31,0,0,31,0,31,3,0,52,7,62,74,0,74,136
04/26/2021,VQQ,FL,ASO,ES,Federal Contract Tower,0,0,16,2,18,0,0,22,23,45,0,0,38,25,63,78,32,110,173
04/27/2021,VQQ,FL,ASO,ES,Federal Contract Tower,0,0,37,7,44,0,0,33,38,71,0,0,70,45,115,254,234,488,603
04/28/2021,VQQ,FL,ASO,ES,Federal Contract Tower,4,0,28,12,44,0,0,30,38,68,4,0,58,50,112,122,104,226,338
04/29/2021,VQQ,FL,ASO,ES,Federal Contract Tower,0,0,33,24,57,0,0,51,39,90,0,0,84,63,147,194,197,391,538
04/30/2021,VQQ,FL,ASO,ES,Federal Contract Tower,1,0,20,6,27,0,0,10,16,26,1,0,30,22,53,58,50,108,161
05/01/2021,VQQ,FL,ASO,ES,Federal Contract Tower,2,0,15,0,17,0,0,13,0,13,2,0,28,0,30,62,0,62,92
05/02/2021,VQQ,FL,ASO,ES,Federal Contract Tower,0,0,15,6,21,0,0,8,0,8,0,0,23,6,29,8,0,8,37
05/03/2021,VQQ,FL,ASO,ES,Federal Contract Tower,0,2,19,16,37,0,0,37,9,46,0,2,56,25,83,160,94,254,337
05/04/2021,VQQ,FL,ASO,ES,Federal Contract Tower,0,0,27,23,50,0,0,32,39,71,0,0,59,62,121,108,296,404,525
05/05/2021,VQQ,FL,ASO,ES,Federal Contract Tower,0,0,28,40,68,0,0,34,47,81,0,0,62,87,149,88,248,336,485
05/06/2021,VQQ,FL,ASO,ES,Federal Contract Tower,0,0,7,8,15,0,0,10,34,44,0,0,17,42,59,82,230,312,371
05/07/2021,VQQ,FL,ASO,ES,Federal Contract Tower,0,2,34,18,54,0,0,32,22,54,0,2,66,40,108,94,28,122,230
05/08/2021,VQQ,FL,ASO,ES,Federal Contract Tower,1,0,20,12,33,0,0,27,3,30,1,0,47,15,63,48,22,70,133
05/09/2021,VQQ,FL,ASO,ES,Federal Contract Tower,0,0,13,4,17,0,0,13,0,13,0,0,26,4,30,52,0,52,82
05/10/2021,VQQ,FL,ASO,ES,Federal Contract Tower,2,1,28,6,37,0,0,9,31,40,2,1,37,37,77,68,92,160,237
05/11/2021,VQQ,FL,ASO,ES,Federal Contract Tower,3,1,24,15,43,0,0,36,35,71,3,1,60,50,114,126,184,310,424
05/12/2021,VQQ,FL,ASO,ES,Federal Contract Tower,1,1,27,18,47,0,0,44,23,67,1,1,71,41,114,198,116,314,428
05/13/2021,VQQ,FL,ASO,ES,Federal Contract Tower,0,3,34,10,47,0,0,0,15,15,0,3,34,25,62,0,98,98,160
05/14/2021,VQQ,FL,ASO,ES,Federal Contract Tower,0,0,33,37,70,0,0,27,21,48,0,0,60,58,118,126,66,192,310
05/15/2021,VQQ,FL,ASO,ES,Federal Contract Tower,0,0,9,3,12,0,0,19,2,21,0,0,28,5,33,54,0,54,87
05/16/2021,VQQ,FL,ASO,ES,Federal Contract Tower,0,0,24,3,27,0,0,18,3,21,0,0,42,6,48,46,34,80,128
05/17/2021,VQQ,FL,ASO,ES,Federal Contract Tower,0,0,52,19,71,0,0,47,26,73,0,0,99,45,144,106,86,192,336
05/18/2021,VQQ,FL,ASO,ES,Federal Contract Tower,0,0,57,41,98,0,0,26,44,70,0,0,83,85,168,160,188,348,516
05/19/2021,VQQ,FL,ASO,ES,Federal Contract Tower,6,4,33,22,65,0,0,25,45,70,6,4,58,67,135,104,258,362,497
05/20/2021,VQQ,FL,ASO,ES,Federal Contract Tower,0,0,42,33,75,0,0,38,37,75,0,0,80,70,150,126,180,306,456
05/21/2021,VQQ,FL,ASO,ES,Federal Contract Tower,1,1,41,46,89,0,0,17,21,38,1,1,58,67,127,88,20,108,235
05/22/2021,VQQ,FL,ASO,ES,Federal Contract Tower,0,1,14,10,25,0,0,21,2,23,0,1,35,12,48,38,8,46,94
05/23/2021,VQQ,FL,ASO,ES,Federal Contract Tower,0,0,18,5,23,0,0,20,2,22,0,0,38,7,45,44,0,44,89
05/24/2021,VQQ,FL,ASO,ES,Federal Contract Tower,2,0,36,21,59,0,0,31,22,53,2,0,67,43,112,106,82,188,300
05/25/2021,VQQ,FL,ASO,ES,Federal Contract Tower,0,0,23,15,38,0,0,42,49,91,0,0,65,64,129,114,216,330,459
05/26/2021,VQQ,FL,ASO,ES,Federal Contract Tower,0,2,21,13,36,0,2,38,26,66,0,4,59,39,102,60,116,176,278
05/27/2021,VQQ,FL,ASO,ES,Federal Contract Tower,1,0,19,5,25,0,0,30,13,43,1,0,49,18,68,94,30,124,192
05/28/2021,VQQ,FL,ASO,ES,Federal Contract Tower,1,0,22,8,31,0,0,35,10,45,1,0,57,18,76,55,12,67,143
05/29/2021,VQQ,FL,ASO,ES,Federal Contract Tower,0,0,10,1,11,0,0,18,0,18,0,0,28,1,29,46,0,46,75
05/30/2021,VQQ,FL,ASO,ES,Federal Contract Tower,4,0,6,3,13,0,0,6,0,6,4,0,12,3,19,10,0,10,29
05/31/2021,VQQ,FL,ASO,ES,Federal Contract Tower,0,0,19,2,21,0,0,30,0,30,0,0,49,2,51,84,0,84,135
06/01/2021,VQQ,FL,ASO,ES,Federal Contract Tower,2,0,33,7,42,0,0,38,18,56,2,0,71,25,98,164,104,268,366
06/02/2021,VQQ,FL,ASO,ES,Federal Contract Tower,2,0,26,2,30,0,0,15,18,33,2,0,41,20,63,50,60,110,173
06/03/2021,VQQ,FL,ASO,ES,Federal Contract Tower,1,0,18,13,32,0,0,14,12,26,1,0,32,25,58,154,146,300,358
06/04/2021,VQQ,FL,ASO,ES,Federal Contract Tower,2,1,37,16,56,0,0,22,15,37,2,1,59,31,93,16,60,76,169
06/05/2021,VQQ,FL,ASO,ES,Federal Contract Tower,3,0,5,1,9,0,0,8,3,11,3,0,13,4,20,62,18,80,100
06/06/2021,VQQ,FL,ASO,ES,Federal Contract Tower,2,0,10,1,13,0,0,16,4,20,2,0,26,5,33,56,28,84,117
06/07/2021,VQQ,FL,ASO,ES,Federal Contract Tower,2,0,14,10,26,0,0,12,12,24,2,0,26,22,50,94,62,156,206
06/08/2021,VQQ,FL,ASO,ES,Federal Contract Tower,0,0,33,18,51,0,0,28,34,62,0,0,61,52,113,122,368,490,603
06/09/2021,VQQ,FL,ASO,ES,Federal Contract Tower,1,0,17,13,31,0,0,21,31,52,1,0,38,44,83,80,104,184,267
06/10/2021,VQQ,FL,ASO,ES,Federal Contract Tower,2,0,36,9,47,0,0,26,30,56,2,0,62,39,103,58,166,224,327
06/11/2021,VQQ,FL,ASO,ES,Federal Contract Tower,2,0,21,8,31,0,0,36,20,56,2,0,57,28,87,122,38,160,247
06/12/2021,VQQ,FL,ASO,ES,Federal Contract Tower,0,0,4,6,10,0,0,13,4,17,0,0,17,10,27,20,2,22,49
06/13/2021,VQQ,FL,ASO,ES,Federal Contract Tower,0,0,14,3,17,0,0,5,9,14,0,0,19,12,31,6,12,18,49
06/14/2021,VQQ,FL,ASO,ES,Federal Contract Tower,1,0,9,24,34,0,0,5,6,11,1,0,14,30,45,0,8,8,53
06/15/2021,VQQ,FL,ASO,ES,Federal Contract Tower,0,0,41,10,51,0,0,20,23,43,0,0,61,33,94,42,100,142,236
06/16/2021,VQQ,FL,ASO,ES,Federal Contract Tower,0,2,18,5,25,0,0,22,11,33,0,2,40,16,58,40,26,66,124
06/17/2021,VQQ,FL,ASO,ES,Federal Contract Tower,2,0,44,10,56,0,0,31,23,54,2,0,75,33,110,138,78,216,326
06/18/2021,VQQ,FL,ASO,ES,Federal Contract Tower,1,0,37,7,45,0,0,28,3,31,1,0,65,10,76,112,0,112,188
06/19/2021,VQQ,FL,ASO,ES,Federal Contract Tower,0,0,7,4,11,0,1,11,0,12,0,1,18,4,23,18,0,18,41
06/20/2021,VQQ,FL,ASO,ES,Federal Contract Tower,0,0,7,4,11,0,0,2,0,2,0,0,9,4,13,0,0,0,13
06/21/2021,VQQ,FL,ASO,ES,Federal Contract Tower,1,0,10,2,13,0,0,20,0,20,1,0,30,2,33,70,0,70,103
06/22/2021,VQQ,FL,ASO,ES,Federal Contract Tower,0,0,15,20,35,0,0,21,29,50,0,0,36,49,85,70,176,246,331
06/23/2021,VQQ,FL,ASO,ES,Federal Contract Tower,3,1,19,9,32,0,0,3,20,23,3,1,22,29,55,16,58,74,129
06/24/2021,VQQ,FL,ASO,ES,Federal Contract Tower,0,5,14,16,35,0,0,3,23,26,0,5,17,39,61,20,124,144,205
06/25/2021,VQQ,FL,ASO,ES,Federal Contract Tower,2,2,8,2,14,0,0,12,10,22,2,2,20,12,36,46,22,68,104
06/26/2021,VQQ,FL,ASO,ES,Federal Contract Tower,0,0,11,2,13,0,0,2,0,2,0,0,13,2,15,4,0,4,19
06/27/2021,VQQ,FL,ASO,ES,Federal Contract Tower,0,0,14,11,25,0,0,12,0,12,0,0,26,11,37,30,0,30,67
06/28/2021,VQQ,FL,ASO,ES,Federal Contract Tower,1,0,31,18,50,0,0,38,13,51,1,0,69,31,101,136,26,162,263
06/29/2021,VQQ,FL,ASO,ES,Federal Contract Tower,3,0,36,32,71,0,0,29,21,50,3,0,65,53,121,124,134,258,379
06/30/2021,VQQ,FL,ASO,ES,Federal Contract Tower,1,0,10,23,34,0,0,23,33,56,1,0,33,56,90,86,144,230,320
07/01/2021,VQQ,FL,ASO,ES,Federal Contract Tower,0,0,16,14,30,0,0,11,17,28,0,0,27,31,58,68,106,174,232
07/02/2021,VQQ,FL,ASO,ES,Federal Contract Tower,0,0,12,8,20,0,0,4,0,4,0,0,16,8,24,12,0,12,36
07/03/2021,VQQ,FL,ASO,ES,Federal Contract Tower,0,3,7,0,10,0,0,13,0,13,0,3,20,0,23,40,0,40,63
07/04/2021,VQQ,FL,ASO,ES,Federal Contract Tower,0,2,0,0,2,0,0,9,1,10,0,2,9,1,12,18,0,18,30
07/05/2021,VQQ,FL,ASO,ES,Federal Contract Tower,2,0,40,1,43,0,0,27,0,27,2,0,67,1,70,84,0,84,154
07/06/2021,VQQ,FL,ASO,ES,Federal Contract Tower,2,0,34,12,48,0,0,12,28,40,2,0,46,40,88,138,24,162,250
07/07/2021,VQQ,FL,ASO,ES,Federal Contract Tower,1,0,2,0,3,0,0,0,0,0,1,0,2,0,3,0,0,0,3
07/08/2021,VQQ,FL,ASO,ES,Federal Contract Tower,2,0,16,21,39,0,0,21,54,75,2,0,37,75,114,146,280,426,540
07/09/2021,VQQ,FL,ASO,ES,Federal Contract Tower,1,0,19,29,49,0,4,12,25,41,1,4,31,54,90,66,122,188,278
07/10/2021,VQQ,FL,ASO,ES,Federal Contract Tower,0,0,15,0,15,0,0,13,0,13,0,0,28,0,28,36,0,36,64
07/11/2021,VQQ,FL,ASO,ES,Federal Contract Tower,9,0,5,2,16,0,0,16,0,16,9,0,21,2,32,58,0,58,90
07/12/2021,VQQ,FL,ASO,ES,Federal Contract Tower,0,4,17,28,49,0,0,30,18,48,0,4,47,46,97,202,108,310,407
07/13/2021,VQQ,FL,ASO,ES,Federal Contract Tower,0,2,31,10,43,0,0,43,27,70,0,2,74,37,113,128,112,240,353
07/14/2021,VQQ,FL,ASO,ES,Federal Contract Tower,2,0,49,24,75,0,0,32,38,70,2,0,81,62,145,102,246,348,493
07/15/2021,VQQ,FL,ASO,ES,Federal Contract Tower,0,0,40,18,58,0,2,37,28,67,0,2,77,46,125,86,180,266,391
07/16/2021,VQQ,FL,ASO,ES,Federal Contract Tower,0,0,19,77,96,0,0,26,36,62,0,0,45,113,158,92,48,140,298
07/17/2021,VQQ,FL,ASO,ES,Federal Contract Tower,1,0,7,6,14,0,0,15,8,23,1,0,22,14,37,38,32,70,107
07/18/2021,VQQ,FL,ASO,ES,Federal Contract Tower,0,1,9,8,18,0,1,13,7,21,0,2,22,15,39,31,0,31,70
07/19/2021,VQQ,FL,ASO,ES,Federal Contract Tower,3,0,14,1,18,0,0,40,18,58,3,0,54,19,76,134,50,184,260
07/20/2021,VQQ,FL,ASO,ES,Federal Contract Tower,1,0,30,18,49,0,0,28,35,63,1,0,58,53,112,144,208,352,464
07/21/2021,VQQ,FL,ASO,ES,Federal Contract Tower,0,0,28,9,37,0,0,40,38,78,0,0,68,47,115,88,170,258,373
07/22/2021,VQQ,FL,ASO,ES,Federal Contract Tower,0,3,41,6,50,0,0,37,24,61,0,3,78,30,111,142,42,184,295
07/23/2021,VQQ,FL,ASO,ES,Federal Contract Tower,0,3,22,28,53,0,0,17,17,34,0,3,39,45,87,70,74,144,231
07/24/2021,VQQ,FL,ASO,ES,Federal Contract Tower,0,0,4,6,10,0,3,15,0,18,0,3,19,6,28,42,0,42,70
07/25/2021,VQQ,FL,ASO,ES,Federal Contract Tower,2,0,5,9,16,0,0,14,0,14,2,0,19,9,30,46,0,46,76
07/26/2021,VQQ,FL,ASO,ES,Federal Contract Tower,4,0,16,29,49,0,0,2,10,12,4,0,18,39,61,10,12,22,83
07/27/2021,VQQ,FL,ASO,ES,Federal Contract Tower,2,2,20,15,39,0,0,20,29,49,2,2,40,44,88,52,132,184,272
07/28/2021,VQQ,FL,ASO,ES,Federal Contract Tower,5,2,35,22,64,0,0,29,30,59,5,2,64,52,123,106,240,346,469
07/29/2021,VQQ,FL,ASO,ES,Federal Contract Tower,1,2,31,6,40,0,2,29,40,71,1,4,60,46,111,126,136,262,373
07/30/2021,VQQ,FL,ASO,ES,Federal Contract Tower,2,0,30,20,52,0,0,24,27,51,2,0,54,47,103,44,22,66,169
07/31/2021,VQQ,FL,ASO,ES,Federal Contract Tower,0,0,6,3,9,0,0,16,29,45,0,0,22,32,54,50,32,82,136
08/01/2021,VQQ,FL,ASO,ES,Federal Contract Tower,0,2,10,7,19,0,0,15,9,24,0,2,25,16,43,46,24,70,113
08/02/2021,VQQ,FL,ASO,ES,Federal Contract Tower,1,1,29,5,36,0,0,27,0,27,1,1,56,5,63,122,20,142,205
08/03/2021,VQQ,FL,ASO,ES,Federal Contract Tower,0,0,21,19,40,0,0,6,6,12,0,0,27,25,52,16,42,58,110
08/04/2021,VQQ,FL,ASO,ES,Federal Contract Tower,5,0,40,25,70,0,0,8,11,19,5,0,48,36,89,60,120,180,269
08/05/2021,VQQ,FL,ASO,ES,Federal Contract Tower,2,0,29,6,37,0,0,8,11,19,2,0,37,17,56,36,50,86,142
08/06/2021,VQQ,FL,ASO,ES,Federal Contract Tower,1,1,12,8,22,0,0,27,5,32,1,1,39,13,54,159,48,207,261
08/07/2021,VQQ,FL,ASO,ES,Federal Contract Tower,0,3,5,4,12,0,2,16,0,18,0,5,21,4,30,62,0,62,92
08/08/2021,VQQ,FL,ASO,ES,Federal Contract Tower,4,1,21,3,29,0,0,11,2,13,4,1,32,5,42,35,20,55,97
08/09/2021,VQQ,FL,ASO,ES,Federal Contract Tower,0,3,22,13,38,0,0,36,11,47,0,3,58,24,85,140,42,182,267
08/10/2021,VQQ,FL,ASO,ES,Federal Contract Tower,1,0,21,24,46,0,0,20,19,39,1,0,41,43,85,189,140,329,414
08/11/2021,VQQ,FL,ASO,ES,Federal Contract Tower,0,0,22,26,48,0,0,41,31,72,0,0,63,57,120,221,212,433,553
08/12/2021,VQQ,FL,ASO,ES,Federal Contract Tower,2,0,30,18,50,0,1,42,22,65,2,1,72,40,115,227,235,462,577
08/13/2021,VQQ,FL,ASO,ES,Federal Contract Tower,0,1,22,9,32,0,0,35,11,46,0,1,57,20,78,93,46,139,217
08/14/2021,VQQ,FL,ASO,ES,Federal Contract Tower,1,0,9,1,11,0,0,13,0,13,1,0,22,1,24,58,0,58,82
08/15/2021,VQQ,FL,ASO,ES,Federal Contract Tower,0,4,9,0,13,0,0,20,0,20,0,4,29,0,33,58,0,58,91
08/16/2021,VQQ,FL,ASO,ES,Federal Contract Tower,0,0,13,3,16,0,0,8,20,28,0,0,21,23,44,44,18,62,106
08/17/2021,VQQ,FL,ASO,ES,Federal Contract Tower,1,0,23,16,40,0,0,13,44,57,1,0,36,60,97,52,194,246,343
08/18/2021,VQQ,FL,ASO,ES,Federal Contract Tower,2,0,19,13,34,0,0,32,35,67,2,0,51,48,101,162,162,324,425
08/19/2021,VQQ,FL,ASO,ES,Federal Contract Tower,1,0,37,16,54,0,0,35,41,76,1,0,72,57,130,140,270,410,540
08/20/2021,VQQ,FL,ASO,ES,Federal Contract Tower,0,0,9,10,19,0,0,33,28,61,0,0,42,38,80,114,56,170,250
08/21/2021,VQQ,FL,ASO,ES,Federal Contract Tower,3,0,5,9,17,0,0,23,5,28,3,0,28,14,45,74,10,84,129
08/22/2021,VQQ,FL,ASO,ES,Federal Contract Tower,1,2,12,2,17,0,0,13,0,13,1,2,25,2,30,16,0,16,46
08/23/2021,VQQ,FL,ASO,ES,Federal Contract Tower,4,0,16,35,55,0,0,18,17,35,4,0,34,52,90,56,26,82,172
08/24/2021,VQQ,FL,ASO,ES,Federal Contract Tower,0,2,24,33,59,0,0,12,18,30,0,2,36,51,89,104,152,256,345
08/25/2021,VQQ,FL,ASO,ES,Federal Contract Tower,1,0,14,34,49,0,0,19,45,64,1,0,33,79,113,74,276,350,463
08/26/2021,VQQ,FL,ASO,ES,Federal Contract Tower,2,2,18,12,34,0,0,12,40,52,2,2,30,52,86,12,292,304,390
08/27/2021,VQQ,FL,ASO,ES,Federal Contract Tower,0,2,36,41,79,0,0,20,15,35,0,2,56,56,114,66,30,96,210
08/28/2021,VQQ,FL,ASO,ES,Federal Contract Tower,1,0,20,0,21,0,0,13,0,13,1,0,33,0,34,44,0,44,78
08/29/2021,VQQ,FL,ASO,ES,Federal Contract Tower,0,0,18,14,32,0,0,10,3,13,0,0,28,17,45,80,0,80,125
08/30/2021,VQQ,FL,ASO,ES,Federal Contract Tower,0,2,21,4,27,0,1,22,14,37,0,3,43,18,64,56,12,68,132
08/31/2021,VQQ,FL,ASO,ES,Federal Contract Tower,2,0,22,43,67,0,0,17,32,49,2,0,39,75,116,104,210,314,430
09/01/2021,VQQ,FL,ASO,ES,Federal Contract Tower,1,0,22,21,44,0,0,4,26,30,1,0,26,47,74,16,150,166,240
09/02/2021,VQQ,FL,ASO,ES,Federal Contract Tower,0,0,43,6,49,0,0,18,31,49,0,0,61,37,98,62,86,148,246
09/03/2021,VQQ,FL,ASO,ES,Federal Contract Tower,0,0,16,6,22,0,2,25,8,35,0,2,41,14,57,103,18,121,178
09/04/2021,VQQ,FL,ASO,ES,Federal Contract Tower,1,0,17,6,24,0,0,25,0,25,1,0,42,6,49,102,0,102,151
09/05/2021,VQQ,FL,ASO,ES,Federal Contract Tower,2,0,13,9,24,0,0,13,0,13,2,0,26,9,37,68,0,68,105
09/06/2021,VQQ,FL,ASO,ES,Federal Contract Tower,0,0,29,4,33,0,0,19,0,19,0,0,48,4,52,114,0,114,166
09/07/2021,VQQ,FL,ASO,ES,Federal Contract Tower,6,0,20,4,30,0,0,20,25,45,6,0,40,29,75,108,72,180,255
09/08/2021,VQQ,FL,ASO,ES,Federal Contract Tower,0,0,22,5,27,0,0,22,40,62,0,0,44,45,89,116,122,238,327
09/09/2021,VQQ,FL,ASO,ES,Federal Contract Tower,0,0,32,9,41,0,0,19,29,48,0,0,51,38,89,28,116,144,233
09/10/2021,VQQ,FL,ASO,ES,Federal Contract Tower,0,0,26,13,39,0,0,19,23,42,0,0,45,36,81,70,52,122,203
09/11/2021,VQQ,FL,ASO,ES,Federal Contract Tower,0,0,23,12,35,0,0,35,0,35,0,0,58,12,70,100,10,110,180
09/12/2021,VQQ,FL,ASO,ES,Federal Contract Tower,0,0,16,9,25,0,0,18,1,19,0,0,34,10,44,102,0,102,146
09/13/2021,VQQ,FL,ASO,ES,Federal Contract Tower,4,0,32,75,111,0,0,24,30,54,4,0,56,105,165,60,146,206,371
09/14/2021,VQQ,FL,ASO,ES,Federal Contract Tower,0,3,12,33,48,0,0,27,35,62,0,3,39,68,110,104,234,338,448
09/15/2021,VQQ,FL,ASO,ES,Federal Contract Tower,3,4,20,33,60,0,1,22,41,64,3,5,42,74,124,112,176,288,412
09/16/2021,VQQ,FL,ASO,ES,Federal Contract Tower,1,2,33,21,57,0,0,27,46,73,1,2,60,67,130,114,414,528,658
09/17/2021,VQQ,FL,ASO,ES,Federal Contract Tower,2,3,10,38,53,0,0,14,21,35,2,3,24,59,88,18,58,76,164
09/18/2021,VQQ,FL,ASO,ES,Federal Contract Tower,2,2,16,5,25,0,0,8,54,62,2,2,24,59,87,48,0,48,135
09/19/2021,VQQ,FL,ASO,ES,Federal Contract Tower,1,2,13,40,56,0,0,2,2,4,1,2,15,42,60,8,0,8,68
09/20/2021,VQQ,FL,ASO,ES,Federal Contract Tower,1,0,17,31,49,0,0,13,9,22,1,0,30,40,71,12,48,60,131
09/21/2021,VQQ,FL,ASO,ES,Federal Contract Tower,0,2,15,85,102,0,0,17,31,48,0,2,32,116,150,106,230,336,486
09/22/2021,VQQ,FL,ASO,ES,Federal Contract Tower,1,2,29,33,65,0,0,22,43,65,1,2,51,76,130,58,208,266,396
09/23/2021,VQQ,FL,ASO,ES,Federal Contract Tower,1,0,40,26,67,0,0,52,35,87,1,0,92,61,154,90,186,276,430
09/24/2021,VQQ,FL,ASO,ES,Federal Contract Tower,1,0,55,2,58,0,0,57,21,78,1,0,112,23,136,97,36,133,269
09/25/2021,VQQ,FL,ASO,ES,Federal Contract Tower,0,0,25,12,37,0,0,41,0,41,0,0,66,12,78,128,0,128,206
09/26/2021,VQQ,FL,ASO,ES,Federal Contract Tower,2,0,18,0,20,0,0,40,0,40,2,0,58,0,60,166,0,166,226
09/27/2021,VQQ,FL,ASO,ES,Federal Contract Tower,1,0,30,11,42,0,0,56,25,81,1,0,86,36,123,234,82,316,439
09/28/2021,VQQ,FL,ASO,ES,Federal Contract Tower,2,0,25,11,38,0,0,57,29,86,2,0,82,40,124,182,168,350,474
09/29/2021,VQQ,FL,ASO,ES,Federal Contract Tower,0,0,44,18,62,0,0,50,39,89,0,0,94,57,151,110,110,220,371
09/30/2021,VQQ,FL,ASO,ES,Federal Contract Tower,0,0,30,23,53,0,0,42,40,82,0,0,72,63,135,110,116,226,361
10/01/2021,VQQ,FL,ASO,ES,Federal Contract Tower,0,0,46,18,64,0,3,64,22,89,0,3,110,40,153,206,34,240,393
10/02/2021,VQQ,FL,ASO,ES,Federal Contract Tower,4,1,18,3,26,0,0,21,0,21,4,1,39,3,47,96,0,96,143
10/03/2021,VQQ,FL,ASO,ES,Federal Contract Tower,0,1,18,7,26,0,0,24,2,26,0,1,42,9,52,110,0,110,162
10/04/2021,VQQ,FL,ASO,ES,Federal Contract Tower,0,2,25,1,28,0,0,37,0,37,0,2,62,1,65,142,0,142,207
10/05/2021,VQQ,FL,ASO,ES,Federal Contract Tower,1,2,35,28,66,0,0,39,35,74,1,2,74,63,140,130,108,238,378
10/06/2021,VQQ,FL,ASO,ES,Federal Contract Tower,3,4,24,16,47,0,0,25,41,66,3,4,49,57,113,28,244,272,385
10/07/2021,VQQ,FL,ASO,ES,Federal Contract Tower,0,7,57,27,91,0,0,36,53,89,0,7,93,80,180,96,234,330,510
10/08/2021,VQQ,FL,ASO,ES,Federal Contract Tower,1,2,32,12,47,0,0,14,0,14,1,2,46,12,61,54,0,54,115
10/09/2021,VQQ,FL,ASO,ES,Federal Contract Tower,1,0,28,2,31,0,0,20,0,20,1,0,48,2,51,54,0,54,105
10/10/2021,VQQ,FL,ASO,ES,Federal Contract Tower,0,4,10,8,22,0,0,20,0,20,0,4,30,8,42,108,0,108,150
10/11/2021,VQQ,FL,ASO,ES,Federal Contract Tower,0,0,34,4,38,0,0,56,0,56,0,0,90,4,94,260,0,260,354
10/12/2021,VQQ,FL,ASO,ES,Federal Contract Tower,2,0,36,27,65,0,0,21,34,55,2,0,57,61,120,118,146,264,384
10/13/2021,VQQ,FL,ASO,ES,Federal Contract Tower,0,0,39,19,58,0,0,55,40,95,0,0,94,59,153,176,106,282,435
10/14/2021,VQQ,FL,ASO,ES,Federal Contract Tower,1,2,66,41,110,0,0,47,40,87,1,2,113,81,197,220,169,389,586
10/15/2021,VQQ,FL,ASO,ES,Federal Contract Tower,2,0,28,10,40,0,0,51,37,88,2,0,79,47,128,199,48,247,375
10/16/2021,VQQ,FL,ASO,ES,Federal Contract Tower,4,0,19,2,25,0,0,31,15,46,4,0,50,17,71,134,22,156,227
10/17/2021,VQQ,FL,ASO,ES,Federal Contract Tower,0,0,24,5,29,0,0,35,3,38,0,0,59,8,67,170,70,240,307
10/18/2021,VQQ,FL,ASO,ES,Federal Contract Tower,0,0,25,12,37,0,0,33,26,59,0,0,58,38,96,132,110,242,338
10/19/2021,VQQ,FL,ASO,ES,Federal Contract Tower,0,0,21,15,36,0,0,53,51,104,0,0,74,66,140,210,88,298,438
10/20/2021,VQQ,FL,ASO,ES,Federal Contract Tower,1,2,40,27,70,0,0,52,44,96,1,2,92,71,166,182,90,272,438
10/21/2021,VQQ,FL,ASO,ES,Federal Contract Tower,5,0,40,10,55,0,0,27,37,64,5,0,67,47,119,112,160,272,391
10/22/2021,VQQ,FL,ASO,ES,Federal Contract Tower,1,0,24,20,45,0,0,36,16,52,1,0,60,36,97,146,8,154,251
10/23/2021,VQQ,FL,ASO,ES,Federal Contract Tower,1,0,9,0,10,0,0,23,8,31,1,0,32,8,41,64,0,64,105
10/24/2021,VQQ,FL,ASO,ES,Federal Contract Tower,1,1,21,4,27,0,0,25,23,48,1,1,46,27,75,114,98,212,287
10/25/2021,VQQ,FL,ASO,ES,Federal Contract Tower,4,1,18,25,48,0,0,5,16,21,4,1,23,41,69,54,72,126,195
10/26/2021,VQQ,FL,ASO,ES,Federal Contract Tower,9,4,40,13,66,0,1,37,25,63,9,5,77,38,129,188,154,342,471
10/27/2021,VQQ,FL,ASO,ES,Federal Contract Tower,0,4,37,35,76,0,0,81,45,126,0,4,118,80,202,196,102,298,500
10/28/2021,VQQ,FL,ASO,ES,Federal Contract Tower,3,1,12,21,37,0,0,0,19,19,3,1,12,40,56,0,108,108,164
10/29/2021,VQQ,FL,ASO,ES,Federal Contract Tower,4,2,27,39,72,0,0,34,22,56,4,2,61,61,128,156,36,192,320
10/30/2021,VQQ,FL,ASO,ES,Federal Contract Tower,0,0,30,6,36,0,0,34,6,40,0,0,64,12,76,86,0,86,162
10/31/2021,VQQ,FL,ASO,ES,Federal Contract Tower,0,2,19,44,65,0,0,18,0,18,0,2,37,44,83,94,0,94,177
11/01/2021,VQQ,FL,ASO,ES,Federal Contract Tower,2,2,28,45,77,0,0,44,3,47,2,2,72,48,124,138,28,166,290
11/02/2021,VQQ,FL,ASO,ES,Federal Contract Tower,0,0,51,24,75,0,0,48,22,70,0,0,99,46,145,186,52,238,383
11/03/2021,VQQ,FL,ASO,ES,Federal Contract Tower,0,0,25,28,53,0,0,38,44,82,0,0,63,72,135,148,202,350,485
11/04/2021,VQQ,FL,ASO,ES,Federal Contract Tower,4,2,28,13,47,0,0,6,42,48,4,2,34,55,95,34,124,158,253
11/05/2021,VQQ,FL,ASO,ES,Federal Contract Tower,1,1,7,24,33,0,0,0,3,3,1,1,7,27,36,0,4,4,40
11/06/2021,VQQ,FL,ASO,ES,Federal Contract Tower,2,1,4,0,7,0,0,0,2,2,2,1,4,2,9,0,8,8,17
11/07/2021,VQQ,FL,ASO,ES,Federal Contract Tower,0,0,19,12,31,0,0,8,1,9,0,0,27,13,40,18,0,18,58
11/08/2021,VQQ,FL,ASO,ES,Federal Contract Tower,0,0,28,19,47,0,0,23,22,45,0,0,51,41,92,104,116,220,312
11/09/2021,VQQ,FL,ASO,ES,Federal Contract Tower,0,2,43,13,58,0,0,49,60,109,0,2,92,73,167,180,294,474,641
11/10/2021,VQQ,FL,ASO,ES,Federal Contract Tower,0,0,38,18,56,0,0,59,46,105,0,0,97,64,161,160,70,230,391
11/11/2021,VQQ,FL,ASO,ES,Federal Contract Tower,0,2,43,0,45,0,0,17,0,17,0,2,60,0,62,50,0,50,112
11/12/2021,VQQ,FL,ASO,ES,Federal Contract Tower,0,3,32,6,41,0,0,34,0,34,0,3,66,6,75,80,0,80,155
11/13/2021,VQQ,FL,ASO,ES,Federal Contract Tower,0,0,24,0,24,0,0,18,0,18,0,0,42,0,42,58,0,58,100
11/14/2021,VQQ,FL,ASO,ES,Federal Contract Tower,2,0,7,1,10,0,0,31,2,33,2,0,38,3,43,56,0,56,99
11/15/2021,VQQ,FL,ASO,ES,Federal Contract Tower,4,0,39,15,58,0,0,34,20,54,4,0,73,35,112,92,116,208,320
11/16/2021,VQQ,FL,ASO,ES,Federal Contract Tower,0,0,28,32,60,0,0,43,38,81,0,0,71,70,141,232,156,388,529
11/17/2021,VQQ,FL,ASO,ES,Federal Contract Tower,0,5,50,15,70,0,1,44,42,87,0,6,94,57,157,124,232,356,513
11/18/2021,VQQ,FL,ASO,ES,Federal Contract Tower,0,0,36,32,68,0,0,40,42,82,0,0,76,74,150,172,264,436,586
11/19/2021,VQQ,FL,ASO,ES,Federal Contract Tower,0,0,45,13,58,0,0,30,19,49,0,0,75,32,107,134,42,176,283
11/20/2021,VQQ,FL,ASO,ES,Federal Contract Tower,8,0,22,5,35,0,0,4,0,4,8,0,26,5,39,4,8,12,51
11/21/2021,VQQ,FL,ASO,ES,Federal Contract Tower,2,0,21,16,39,0,0,12,0,12,2,0,33,16,51,26,0,26,77
11/22/2021,VQQ,FL,ASO,ES,Federal Contract Tower,5,0,33,18,56,0,0,35,16,51,5,0,68,34,107,32,61,93,200
11/23/2021,VQQ,FL,ASO,ES,Federal Contract Tower,1,0,51,39,91,0,0,61,43,104,1,0,112,82,195,168,230,398,593
11/24/2021,VQQ,FL,ASO,ES,Federal Contract Tower,0,0,44,3,47,0,0,40,8,48,0,0,84,11,95,78,0,78,173
11/25/2021,VQQ,FL,ASO,ES,Federal Contract Tower,0,0,9,1,10,0,0,0,0,0,0,0,9,1,10,0,0,0,10
11/26/2021,VQQ,FL,ASO,ES,Federal Contract Tower,2,2,19,2,25,0,0,8,0,8,2,2,27,2,33,12,0,12,45
11/27/2021,VQQ,FL,ASO,ES,Federal Contract Tower,3,2,33,0,38,0,0,22,0,22,3,2,55,0,60,80,0,80,140
11/28/2021,VQQ,FL,ASO,ES,Federal Contract Tower,0,0,20,9,29,0,0,13,1,14,0,0,33,10,43,42,6,48,91
11/29/2021,VQQ,FL,ASO,ES,Federal Contract Tower,2,0,34,8,44,0,0,76,17,93,2,0,110,25,137,180,62,242,379
11/30/2021,VQQ,FL,ASO,ES,Federal Contract Tower,1,5,53,18,77,0,0,24,46,70,1,5,77,64,147,138,138,276,423
12/01/2021,VQQ,FL,ASO,ES,Federal Contract Tower,1,0,36,21,58,0,0,42,40,82,1,0,78,61,140,74,100,174,314
12/02/2021,VQQ,FL,ASO,ES,Federal Contract Tower,0,0,41,8,49,0,0,40,38,78,0,0,81,46,127,100,180,280,407
12/03/2021,VQQ,FL,ASO,ES,Federal Contract Tower,1,0,38,16,55,0,0,47,29,76,1,0,85,45,131,139,69,208,339
12/04/2021,VQQ,FL,ASO,ES,Federal Contract Tower,1,0,14,2,17,0,0,22,4,26,1,0,36,6,43,82,8,90,133
12/05/2021,VQQ,FL,ASO,ES,Federal Contract Tower,0,0,16,1,17,0,0,13,6,19,0,0,29,7,36,40,36,76,112
12/06/2021,VQQ,FL,ASO,ES,Federal Contract Tower,2,2,50,33,87,0,0,16,31,47,2,2,66,64,134,64,136,200,334
12/07/2021,VQQ,FL,ASO,ES,Federal Contract Tower,1,7,46,18,72,0,0,18,29,47,1,7,64,47,119,57,157,214,333
12/08/2021,VQQ,FL,ASO,ES,Federal Contract Tower,0,3,28,9,40,0,0,4,28,32,0,3,32,37,72,8,88,96,168
12/09/2021,VQQ,FL,ASO,ES,Federal Contract Tower,0,2,39,35,76,0,0,8,46,54,0,2,47,81,130,50,236,286,416
12/10/2021,VQQ,FL,ASO,ES,Federal Contract Tower,1,4,21,19,45,0,0,38,33,71,1,4,59,52,116,168,58,226,342
12/11/2021,VQQ,FL,ASO,ES,Federal Contract Tower,1,0,15,2,18,0,2,25,0,27,1,2,40,2,45,52,0,52,97
12/12/2021,VQQ,FL,ASO,ES,Federal Contract Tower,0,7,7,5,19,0,0,0,3,3,0,7,7,8,22,0,0,0,22
12/13/2021,VQQ,FL,ASO,ES,Federal Contract Tower,0,0,48,36,84,0,1,16,24,41,0,1,64,60,125,110,58,168,293
12/14/2021,VQQ,FL,ASO,ES,Federal Contract Tower,0,0,45,47,92,0,0,11,22,33,0,0,56,69,125,128,56,184,309
12/15/2021,VQQ,FL,ASO,ES,Federal Contract Tower,4,0,40,44,88,0,0,17,81,98,4,0,57,125,186,58,78,136,322
12/16/2021,VQQ,FL,ASO,ES,Federal Contract Tower,2,0,42,38,82,0,0,45,27,72,2,0,87,65,154,112,66,178,332
12/17/2021,VQQ,FL,ASO,ES,Federal Contract Tower,1,1,32,68,102,0,0,51,15,66,1,1,83,83,168,92,36,128,296
12/18/2021,VQQ,FL,ASO,ES,Federal Contract Tower,1,0,12,35,48,0,0,29,6,35,1,0,41,41,83,98,0,98,181
12/19/2021,VQQ,FL,ASO,ES,Federal Contract Tower,1,0,10,30,41,0,0,9,3,12,1,0,19,33,53,24,2,26,79
12/20/2021,VQQ,FL,ASO,ES,Federal Contract Tower,0,2,11,25,38,0,0,0,2,2,0,2,11,27,40,0,4,4,44
12/21/2021,VQQ,FL,ASO,ES,Federal Contract Tower,0,1,10,0,11,0,0,0,0,0,0,1,10,0,11,0,0,0,11
12/22/2021,VQQ,FL,ASO,ES,Federal Contract Tower,2,1,29,27,59,0,0,22,31,53,2,1,51,58,112,34,132,166,278
12/23/2021,VQQ,FL,ASO,ES,Federal Contract Tower,5,2,38,1,46,0,0,30,8,38,5,2,68,9,84,108,0,108,192
12/24/2021,VQQ,FL,ASO,ES,Federal Contract Tower,0,0,14,0,14,0,0,11,0,11,0,0,25,0,25,43,0,43,68
12/25/2021,VQQ,FL,ASO,ES,Federal Contract Tower,0,0,3,0,3,0,0,0,0,0,0,0,3,0,3,0,0,0,3
12/26/2021,VQQ,FL,ASO,ES,Federal Contract Tower,0,0,6,0,6,0,0,6,0,6,0,0,12,0,12,22,0,22,34
12/27/2021,VQQ,FL,ASO,ES,Federal Contract Tower,1,0,13,1,15,0,0,12,0,12,1,0,25,1,27,34,6,40,67
12/28/2021,VQQ,FL,ASO,ES,Federal Contract Tower,0,0,18,4,22,0,0,13,8,21,0,0,31,12,43,54,14,68,111
12/29/2021,VQQ,FL,ASO,ES,Federal Contract Tower,1,1,20,11,33,0,2,20,11,33,1,3,40,22,66,42,76,118,184
12/30/2021,VQQ,FL,ASO,ES,Federal Contract Tower,0,0,19,2,21,0,2,13,8,23,0,2,32,10,44,40,2,42,86
12/31/2021,VQQ,FL,ASO,ES,Federal Contract Tower,4,0,10,0,14,0,0,10,0,10,4,0,20,0,24,28,0,28,52
01/01/2022,VQQ,FL,ASO,ES,Federal Contract Tower,0,0,6,1,7,0,0,8,0,8,0,0,14,1,15,34,0,34,49
01/02/2022,VQQ,FL,ASO,ES,Federal Contract Tower,2,0,4,0,6,0,0,5,0,5,2,0,9,0,11,4,0,4,15
01/03/2022,VQQ,FL,ASO,ES,Federal Contract Tower,1,0,9,0,10,0,0,16,10,26,1,0,25,10,36,80,14,94,130
01/04/2022,VQQ,FL,ASO,ES,Federal Contract Tower,1,0,17,7,25,0,0,27,15,42,1,0,44,22,67,116,112,228,295
01/05/2022,VQQ,FL,ASO,ES,Federal Contract Tower,1,2,25,18,46,0,0,2,13,15,1,2,27,31,61,4,88,92,153
01/06/2022,VQQ,FL,ASO,ES,Federal Contract Tower,0,2,23,21,46,0,0,25,22,47,0,2,48,43,93,106,110,216,309
01/07/2022,VQQ,FL,ASO,ES,Federal Contract Tower,0,1,14,15,30,0,0,28,9,37,0,1,42,24,67,82,22,104,171
01/08/2022,VQQ,FL,ASO,ES,Federal Contract Tower,0,6,19,0,25,0,0,30,0,30,0,6,49,0,55,96,0,96,151
01/09/2022,VQQ,FL,ASO,ES,Federal Contract Tower,0,1,12,4,17,0,0,17,3,20,0,1,29,7,37,82,0,82,119
01/10/2022,VQQ,FL,ASO,ES,Federal Contract Tower,2,0,11,19,32,0,0,12,15,27,2,0,23,34,59,44,58,102,161
01/11/2022,VQQ,FL,ASO,ES,Federal Contract Tower,1,1,32,24,58,0,0,32,31,63,1,1,64,55,121,148,98,246,367
01/12/2022,VQQ,FL,ASO,ES,Federal Contract Tower,2,0,28,15,45,0,0,44,50,94,2,0,72,65,139,170,202,372,511
01/13/2022,VQQ,FL,ASO,ES,Federal Contract Tower,4,1,27,16,48,0,0,41,52,93,4,1,68,68,141,152,122,274,415
01/14/2022,VQQ,FL,ASO,ES,Federal Contract Tower,0,1,42,13,56,0,0,45,14,59,0,1,87,27,115,130,32,162,277
01/15/2022,VQQ,FL,ASO,ES,Federal Contract Tower,0,0,11,2,13,0,0,17,5,22,0,0,28,7,35,42,10,52,87
01/16/2022,VQQ,FL,ASO,ES,Federal Contract Tower,0,0,1,1,2,0,0,1,1,2,0,0,2,2,4,0,0,0,4
01/17/2022,VQQ,FL,ASO,ES,Federal Contract Tower,4,3,11,0,18,0,0,13,0,13,4,3,24,0,31,44,0,44,75
01/18/2022,VQQ,FL,ASO,ES,Federal Contract Tower,0,1,43,12,56,0,0,28,12,40,0,1,71,24,96,54,78,132,228
01/19/2022,VQQ,FL,ASO,ES,Federal Contract Tower,0,1,32,49,82,0,2,32,36,70,0,3,64,85,152,146,184,330,482
01/20/2022,VQQ,FL,ASO,ES,Federal Contract Tower,3,1,13,25,42,0,2,31,37,70,3,3,44,62,112,128,144,272,384
01/21/2022,VQQ,FL,ASO,ES,Federal Contract Tower,2,2,12,12,28,0,0,0,0,0,2,2,12,12,28,0,0,0,28
01/22/2022,VQQ,FL,ASO,ES,Federal Contract Tower,1,0,2,2,5,0,0,0,0,0,1,0,2,2,5,0,0,0,5
01/23/2022,VQQ,FL,ASO,ES,Federal Contract Tower,0,3,5,6,14,0,0,18,2,20,0,3,23,8,34,40,0,40,74
01/24/2022,VQQ,FL,ASO,ES,Federal Contract Tower,0,0,41,28,69,0,0,56,22,78,0,0,97,50,147,186,50,236,383
01/25/2022,VQQ,FL,ASO,ES,Federal Contract Tower,4,0,50,34,88,0,0,25,51,76,4,0,75,85,164,122,260,382,546
01/26/2022,VQQ,FL,ASO,ES,Federal Contract Tower,1,0,31,12,44,0,0,39,22,61,1,0,70,34,105,146,78,224,329
01/27/2022,VQQ,FL,ASO,ES,Federal Contract Tower,0,1,13,22,36,0,0,9,19,28,0,1,22,41,64,52,88,140,204
01/28/2022,VQQ,FL,ASO,ES,Federal Contract Tower,1,1,23,11,36,0,2,41,21,64,1,3,64,32,100,146,62,208,308
01/29/2022,VQQ,FL,ASO,ES,Federal Contract Tower,0,0,7,15,22,0,0,9,7,16,0,0,16,22,38,12,38,50,88
01/30/2022,VQQ,FL,ASO,ES,Federal Contract Tower,2,0,8,3,13,0,0,31,27,58,2,0,39,30,71,142,10,152,223
01/31/2022,VQQ,FL,ASO,ES,Federal Contract Tower,6,0,42,10,58,0,0,57,14,71,6,0,99,24,129,118,30,148,277
02/01/2022,VQQ,FL,ASO,ES,Federal Contract Tower,5,0,24,33,62,0,0,46,34,80,5,0,70,67,142,70,106,176,318
02/02/2022,VQQ,FL,ASO,ES,Federal Contract Tower,1,0,19,13,33,0,0,46,27,73,1,0,65,40,106,116,36,152,258
02/03/2022,VQQ,FL,ASO,ES,Federal Contract Tower,4,0,21,36,61,0,0,39,42,81,4,0,60,78,142,140,151,291,433
02/04/2022,VQQ,FL,ASO,ES,Federal Contract Tower,3,0,28,29,60,0,0,17,10,27,3,0,45,39,87,47,42,89,176
02/05/2022,VQQ,FL,ASO,ES,Federal Contract Tower,2,2,12,4,20,0,0,15,6,21,2,2,27,10,41,44,0,44,85
02/06/2022,VQQ,FL,ASO,ES,Federal Contract Tower,0,0,12,3,15,0,0,0,0,0,0,0,12,3,15,0,0,0,15
02/07/2022,VQQ,FL,ASO,ES,Federal Contract Tower,2,5,21,10,38,0,0,0,2,2,2,5,21,12,40,0,6,6,46
02/08/2022,VQQ,FL,ASO,ES,Federal Contract Tower,0,0,14,6,20,0,0,13,10,23,0,0,27,16,43,52,60,112,155
02/09/2022,VQQ,FL,ASO,ES,Federal Contract Tower,2,2,22,14,40,0,0,50,23,73,2,2,72,37,113,196,76,272,385
02/10/2022,VQQ,FL,ASO,ES,Federal Contract Tower,5,0,22,9,36,0,0,42,34,76,5,0,64,43,112,130,80,210,322
02/11/2022,VQQ,FL,ASO,ES,Federal Contract Tower,0,2,22,20,44,0,1,46,16,63,0,3,68,36,107,176,74,250,357
02/12/2022,VQQ,FL,ASO,ES,Federal Contract Tower,1,1,9,7,18,0,0,14,0,14,1,1,23,7,32,58,0,58,90
02/13/2022,VQQ,FL,ASO,ES,Federal Contract Tower,0,0,2,7,9,0,0,8,0,8,0,0,10,7,17,16,0,16,33
02/14/2022,VQQ,FL,ASO,ES,Federal Contract Tower,1,4,21,4,30,0,0,34,25,59,1,4,55,29,89,124,2,126,215
02/15/2022,VQQ,FL,ASO,ES,Federal Contract Tower,0,0,12,13,25,0,0,32,26,58,0,0,44,39,83,100,88,188,271
02/16/2022,VQQ,FL,ASO,ES,Federal Contract Tower,2,0,27,6,35,0,0,38,40,78,2,0,65,46,113,88,204,292,405
02/17/2022,VQQ,FL,ASO,ES,Federal Contract Tower,0,0,23,20,43,0,0,33,40,73,0,0,56,60,116,144,134,278,394
02/18/2022,VQQ,FL,ASO,ES,Federal Contract Tower,0,2,21,18,41,0,0,0,6,6,0,2,21,24,47,0,2,2,49
02/19/2022,VQQ,FL,ASO,ES,Federal Contract Tower,1,0,33,9,43,0,2,37,0,39,1,2,70,9,82,134,12,146,228
02/20/2022,VQQ,FL,ASO,ES,Federal Contract Tower,4,0,4,4,12,0,0,22,2,24,4,0,26,6,36,66,2,68,104
02/21/2022,VQQ,FL,ASO,ES,Federal Contract Tower,3,6,21,1,31,0,0,42,0,42,3,6,63,1,73,130,0,130,203
02/22/2022,VQQ,FL,ASO,ES,Federal Contract Tower,3,1,18,4,26,4,0,28,33,65,7,1,46,37,91,124,64,188,279
02/23/2022,VQQ,FL,ASO,ES,Federal Contract Tower,0,2,35,4,41,0,0,29,21,50,0,2,64,25,91,72,150,222,313
02/24/2022,VQQ,FL,ASO,ES,Federal Contract Tower,3,1,24,6,34,0,0,24,39,63,3,1,48,45,97,105,44,149,246
02/25/2022,VQQ,FL,ASO,ES,Federal Contract Tower,0,0,17,19,36,0,0,17,23,40,0,0,34,42,76,48,40,88,164
02/26/2022,VQQ,FL,ASO,ES,Federal Contract Tower,0,4,16,0,20,0,1,9,14,24,0,5,25,14,44,26,44,70,114
02/27/2022,VQQ,FL,ASO,ES,Federal Contract Tower,0,2,24,2,28,0,0,9,10,19,0,2,33,12,47,18,10,28,75
02/28/2022,VQQ,FL,ASO,ES,Federal Contract Tower,0,2,7,1,10,0,0,0,5,5,0,2,7,6,15,0,48,48,63
03/01/2022,VQQ,FL,ASO,ES,Federal Contract Tower,6,0,18,6,30,0,0,48,28,76,6,0,66,34,106,172,142,314,420
03/02/2022,VQQ,FL,ASO,ES,Federal Contract Tower,1,0,22,3,26,0,0,45,35,80,1,0,67,38,106,170,78,248,354
03/03/2022,VQQ,FL,ASO,ES,Federal Contract Tower,1,0,22,1,24,2,0,42,29,73,3,0,64,30,97,174,84,258,355
03/04/2022,VQQ,FL,ASO,ES,Federal Contract Tower,3,4,25,51,83,0,1,23,11,35,3,5,48,62,118,78,8,86,204
03/05/2022,VQQ,FL,ASO,ES,Federal Contract Tower,1,0,22,23,46,0,0,24,7,31,1,0,46,30,77,80,20,100,177
03/06/2022,VQQ,FL,ASO,ES,Federal Contract Tower,0,0,13,8,21,0,0,18,2,20,0,0,31,10,41,28,0,28,69
03/07/2022,VQQ,FL,ASO,ES,Federal Contract Tower,5,0,30,9,44,0,0,30,8,38,5,0,60,17,82,114,38,152,234
03/08/2022,VQQ,FL,ASO,ES,Federal Contract Tower,1,0,25,7,33,0,0,6,32,38,1,0,31,39,71,14,94,108,179
03/09/2022,VQQ,FL,ASO,ES,Federal Contract Tower,2,0,33,17,52,1,0,2,18,21,3,0,35,35,73,0,40,40,113
03/10/2022,VQQ,FL,ASO,ES,Federal Contract Tower,2,2,21,9,34,0,0,0,9,9,2,2,21,18,43,0,32,32,75
03/11/2022,VQQ,FL,ASO,ES,Federal Contract Tower,2,1,0,1,4,0,0,0,0,0,2,1,0,1,4,0,0,0,4
03/12/2022,VQQ,FL,ASO,ES,Federal Contract Tower,0,0,15,3,18,0,0,6,2,8,0,0,21,5,26,6,0,6,32
03/13/2022,VQQ,FL,ASO,ES,Federal Contract Tower,1,0,18,0,19,0,0,54,0,54,1,0,72,0,73,142,0,142,215
03/14/2022,VQQ,FL,ASO,ES,Federal Contract Tower,0,1,39,15,55,0,0,33,29,62,0,1,72,44,117,62,138,200,317
03/15/2022,VQQ,FL,ASO,ES,Federal Contract Tower,3,0,29,30,62,0,0,12,25,37,3,0,41,55,99,34,112,146,245
03/16/2022,VQQ,FL,ASO,ES,Federal Contract Tower,0,0,35,9,44,0,0,15,37,52,0,0,50,46,96,30,164,194,290
03/17/2022,VQQ,FL,ASO,ES,Federal Contract Tower,0,0,37,17,54,0,0,45,51,96,0,0,82,68,150,154,243,397,547
03/18/2022,VQQ,FL,ASO,ES,Federal Contract Tower,0,4,28,18,50,0,0,24,42,66,0,4,52,60,116,44,66,110,226
03/19/2022,VQQ,FL,ASO,ES,Federal Contract Tower,0,0,37,1,38,0,0,19,1,20,0,0,56,2,58,46,0,46,104
03/20/2022,VQQ,FL,ASO,ES,Federal Contract Tower,0,1,15,3,19,0,0,24,19,43,0,1,39,22,62,48,20,68,130
03/21/2022,VQQ,FL,ASO,ES,Federal Contract Tower,0,2,75,14,91,0,0,58,32,90,0,2,133,46,181,210,126,336,517
03/22/2022,VQQ,FL,ASO,ES,Federal Contract Tower,0,3,32,18,53,0,0,28,36,64,0,3,60,54,117,92,176,268,385
03/23/2022,VQQ,FL,ASO,ES,Federal Contract Tower,5,1,19,16,41,0,0,9,11,20,5,1,28,27,61,18,98,116,177
03/24/2022,VQQ,FL,ASO,ES,Federal Contract Tower,1,0,11,10,22,0,0,0,24,24,1,0,11,34,46,0,58,58,104
03/25/2022,VQQ,FL,ASO,ES,Federal Contract Tower,7,1,45,22,75,0,0,49,39,88,7,1,94,61,163,155,105,260,423
03/26/2022,VQQ,FL,ASO,ES,Federal Contract Tower,1,0,24,6,31,0,0,30,6,36,1,0,54,12,67,106,6,112,179
03/27/2022,VQQ,FL,ASO,ES,Federal Contract Tower,1,4,17,5,27,0,0,16,29,45,1,4,33,34,72,118,4,122,194
03/28/2022,VQQ,FL,ASO,ES,Federal Contract Tower,0,0,55,14,69,0,0,49,33,82,0,0,104,47,151,162,58,220,371
03/29/2022,VQQ,FL,ASO,ES,Federal Contract Tower,1,0,57,32,90,0,0,44,36,80,1,0,101,68,170,92,120,212,382
03/30/2022,VQQ,FL,ASO,ES,Federal Contract Tower,0,0,27,14,41,0,0,28,33,61,0,0,55,47,102,116,82,198,300
03/31/2022,VQQ,FL,ASO,ES,Federal Contract Tower,1,2,9,10,22,0,0,1,29,30,1,2,10,39,52,24,158,182,234
04/01/2022,VQQ,FL,ASO,ES,Federal Contract Tower,0,0,47,22,69,0,0,48,18,66,0,0,95,40,135,121,53,174,309
04/02/2022,VQQ,FL,ASO,ES,Federal Contract Tower,0,1,8,0,9,0,0,0,0,0,0,1,8,0,9,0,0,0,9
04/03/2022,VQQ,FL,ASO,ES,Federal Contract Tower,0,1,21,14,36,0,0,28,5,33,0,1,49,19,69,118,0,118,187
04/04/2022,VQQ,FL,ASO,ES,Federal Contract Tower,0,1,71,8,80,0,0,47,8,55,0,1,118,16,135,178,46,224,359
04/05/2022,VQQ,FL,ASO,ES,Federal Contract Tower,0,0,29,15,44,0,0,27,48,75,0,0,56,63,119,78,178,256,375
04/06/2022,VQQ,FL,ASO,ES,Federal Contract Tower,0,2,23,5,30,0,0,24,32,56,0,2,47,37,86,124,102,226,312
04/07/2022,VQQ,FL,ASO,ES,Federal Contract Tower,2,0,13,5,20,0,0,5,35,40,2,0,18,40,60,2,76,78,138
04/08/2022,VQQ,FL,ASO,ES,Federal Contract Tower,0,0,15,60,75,0,0,36,31,67,0,0,51,91,142,102,76,178,320
04/09/2022,VQQ,FL,ASO,ES,Federal Contract Tower,5,0,12,1,18,0,0,11,15,26,5,0,23,16,44,50,6,56,100
04/10/2022,VQQ,FL,ASO,ES,Federal Contract Tower,0,0,12,1,13,0,0,27,9,36,0,0,39,10,49,80,4,84,133
04/11/2022,VQQ,FL,ASO,ES,Federal Contract Tower,1,1,72,9,83,0,0,51,13,64,1,1,123,22,147,120,14,134,281
04/12/2022,VQQ,FL,ASO,ES,Federal Contract Tower,0,0,38,22,60,0,0,35,37,72,0,0,73,59,132,154,78,232,364
04/13/2022,VQQ,FL,ASO,ES,Federal Contract Tower,2,1,32,19,54,0,0,55,28,83,2,1,87,47,137,200,78,278,415
04/14/2022,VQQ,FL,ASO,ES,Federal Contract Tower,0,1,53,12,66,0,0,46,57,103,0,1,99,69,169,204,142,346,515
04/15/2022,VQQ,FL,ASO,ES,Federal Contract Tower,1,0,39,4,44,0,0,42,14,56,1,0,81,18,100,204,88,292,392
04/16/2022,VQQ,FL,ASO,ES,Federal Contract Tower,1,0,35,1,37,0,0,19,0,19,1,0,54,1,56,56,0,56,112
04/17/2022,VQQ,FL,ASO,ES,Federal Contract Tower,1,0,12,0,13,0,0,9,0,9,1,0,21,0,22,20,0,20,42
04/18/2022,VQQ,FL,ASO,ES,Federal Contract Tower,9,0,31,7,47,0,0,26,17,43,9,0,57,24,90,50,10,60,150
04/19/2022,VQQ,FL,ASO,ES,Federal Contract Tower,3,0,42,21,66,0,0,31,40,71,3,0,73,61,137,108,84,192,329
04/20/2022,VQQ,FL,ASO,ES,Federal Contract Tower,0,0,54,13,67,0,0,41,48,89,0,0,95,61,156,148,80,228,384
04/21/2022,VQQ,FL,ASO,ES,Federal Contract Tower,0,0,58,16,74,0,0,30,40,70,0,0,88,56,144,74,90,164,308
04/22/2022,VQQ,FL,ASO,ES,Federal Contract Tower,4,6,35,16,61,0,0,19,3,22,4,6,54,19,83,80,16,96,179
04/23/2022,VQQ,FL,ASO,ES,Federal Contract Tower,0,2,18,4,24,0,0,29,0,29,0,2,47,4,53,84,0,84,137
04/24/2022,VQQ,FL,ASO,ES,Federal Contract Tower,0,0,7,4,11,0,0,30,0,30,0,0,37,4,41,66,0,66,107
04/25/2022,VQQ,FL,ASO,ES,Federal Contract Tower,0,7,37,7,51,0,0,46,27,73,0,7,83,34,124,153,92,245,369
04/26/2022,VQQ,FL,ASO,ES,Federal Contract Tower,7,5,31,9,52,0,0,39,29,68,7,5,70,38,120,68,72,140,260
04/27/2022,VQQ,FL,ASO,ES,Federal Contract Tower,4,1,54,8,67,0,0,31,43,74,4,1,85,51,141,172,92,264,405
04/28/2022,VQQ,FL,ASO,ES,Federal Contract Tower,1,3,32,11,47,0,0,36,53,89,1,3,68,64,136,116,62,178,314
04/29/2022,VQQ,FL,ASO,ES,Federal Contract Tower,0,2,34,30,66,0,0,24,26,50,0,2,58,56,116,106,28,134,250
04/30/2022,VQQ,FL,ASO,ES,Federal Contract Tower,0,0,19,5,24,0,0,22,0,22,0,0,41,5,46,72,0,72,118
05/01/2022,VQQ,FL,ASO,ES,Federal Contract Tower,2,0,13,8,23,0,0,5,8,13,2,0,18,16,36,16,0,16,52
05/02/2022,VQQ,FL,ASO,ES,Federal Contract Tower,7,1,29,6,43,0,0,34,6,40,7,1,63,12,83,66,36,102,185
05/03/2022,VQQ,FL,ASO,ES,Federal Contract Tower,0,3,37,4,44,0,0,30,23,53,0,3,67,27,97,160,50,210,307
05/04/2022,VQQ,FL,ASO,ES,Federal Contract Tower,0,4,36,18,58,0,0,46,51,97,0,4,82,69,155,134,178,312,467
05/05/2022,VQQ,FL,ASO,ES,Federal Contract Tower,0,0,46,20,66,0,0,43,33,76,0,0,89,53,142,176,136,312,454
05/06/2022,VQQ,FL,ASO,ES,Federal Contract Tower,0,0,41,26,67,0,0,25,4,29,0,0,66,30,96,80,14,94,190
05/07/2022,VQQ,FL,ASO,ES,Federal Contract Tower,2,0,17,0,19,0,0,11,1,12,2,0,28,1,31,20,0,20,51
05/08/2022,VQQ,FL,ASO,ES,Federal Contract Tower,5,0,4,4,13,0,0,17,0,17,5,0,21,4,30,42,0,42,72
05/09/2022,VQQ,FL,ASO,ES,Federal Contract Tower,2,0,31,12,45,0,0,52,17,69,2,0,83,29,114,144,20,164,278
05/10/2022,VQQ,FL,ASO,ES,Federal Contract Tower,0,0,34,19,53,0,0,48,36,84,0,0,82,55,137,180,108,288,425
05/11/2022,VQQ,FL,ASO,ES,Federal Contract Tower,0,1,40,30,71,0,0,39,40,79,0,1,79,70,150,170,122,292,442
05/12/2022,VQQ,FL,ASO,ES,Federal Contract Tower,12,0,46,35,93,0,0,37,47,84,12,0,83,82,177,122,66,188,365
05/13/2022,VQQ,FL,ASO,ES,Federal Contract Tower,1,1,16,26,44,0,0,19,21,40,1,1,35,47,84,36,36,72,156
05/14/2022,VQQ,FL,ASO,ES,Federal Contract Tower,2,0,9,5,16,0,0,12,19,31,2,0,21,24,47,52,92,144,191
05/15/2022,VQQ,FL,ASO,ES,Federal Contract Tower,0,1,13,6,20,0,0,11,5,16,0,1,24,11,36,44,6,50,86
05/16/2022,VQQ,FL,ASO,ES,Federal Contract Tower,0,1,33,12,46,0,0,42,29,71,0,1,75,41,117,154,59,213,330
05/17/2022,VQQ,FL,ASO,ES,Federal Contract Tower,0,0,24,17,41,0,0,34,17,51,0,0,58,34,92,126,102,228,320
05/18/2022,VQQ,FL,ASO,ES,Federal Contract Tower,0,0,45,25,70,0,0,35,34,69,0,0,80,59,139,98,180,278,417
05/19/2022,VQQ,FL,ASO,ES,Federal Contract Tower,1,0,35,24,60,0,0,25,59,84,1,0,60,83,144,60,150,210,354
05/20/2022,VQQ,FL,ASO,ES,Federal Contract Tower,0,0,30,42,72,0,0,27,15,42,0,0,57,57,114,61,46,107,221
05/21/2022,VQQ,FL,ASO,ES,Federal Contract Tower,0,0,15,5,20,0,0,15,0,15,0,0,30,5,35,32,0,32,67
05/22/2022,VQQ,FL,ASO,ES,Federal Contract Tower,0,0,13,15,28,0,0,12,4,16,0,0,25,19,44,58,0,58,102
05/23/2022,VQQ,FL,ASO,ES,Federal Contract Tower,0,0,40,56,96,0,0,24,23,47,0,0,64,79,143,84,112,196,339
05/24/2022,VQQ,FL,ASO,ES,Federal Contract Tower,0,0,19,23,42,4,0,50,36,90,4,0,69,59,132,188,174,362,494
05/25/2022,VQQ,FL,ASO,ES,Federal Contract Tower,1,0,51,8,60,0,0,22,44,66,1,0,73,52,126,48,160,208,334
05/26/2022,VQQ,FL,ASO,ES,Federal Contract Tower,1,4,27,10,42,0,0,32,11,43,1,4,59,21,85,118,92,210,295
05/27/2022,VQQ,FL,ASO,ES,Federal Contract Tower,1,1,10,2,14,0,0,11,0,11,1,1,21,2,25,30,0,30,55
05/28/2022,VQQ,FL,ASO,ES,Federal Contract Tower,0,0,26,0,26,0,0,15,2,17,0,0,41,2,43,52,0,52,95
05/29/2022,VQQ,FL,ASO,ES,Federal Contract Tower,0,0,5,2,7,0,2,15,0,17,0,2,20,2,24,12,0,12,36
05/30/2022,VQQ,FL,ASO,ES,Federal Contract Tower,0,0,17,2,19,0,0,26,1,27,0,0,43,3,46,98,0,98,144
05/31/2022,VQQ,FL,ASO,ES,Federal Contract Tower,10,0,35,10,55,0,0,26,37,63,10,0,61,47,118,126,54,180,298
06/01/2022,VQQ,FL,ASO,ES,Federal Contract Tower,9,0,37,27,73,0,0,39,48,87,9,0,76,75,160,144,140,284,444
06/02/2022,VQQ,FL,ASO,ES,Federal Contract Tower,0,2,33,25,60,0,2,37,44,83,0,4,70,69,143,138,150,288,431
06/03/2022,VQQ,FL,ASO,ES,Federal Contract Tower,1,0,13,11,25,0,0,33,20,53,1,0,46,31,78,84,38,122,200
06/04/2022,VQQ,FL,ASO,ES,Federal Contract Tower,2,0,23,3,28,0,2,11,4,17,2,2,34,7,45,32,0,32,77
06/05/2022,VQQ,FL,ASO,ES,Federal Contract Tower,0,4,19,2,25,0,0,3,2,5,0,4,22,4,30,8,0,8,38
06/06/2022,VQQ,FL,ASO,ES,Federal Contract Tower,3,0,28,20,51,0,0,11,6,17,3,0,39,26,68,16,46,62,130
06/07/2022,VQQ,FL,ASO,ES,Federal Contract Tower,3,2,51,27,83,0,0,27,27,54,3,2,78,54,137,114,102,216,353
06/08/2022,VQQ,FL,ASO,ES,Federal Contract Tower,2,0,27,17,46,0,0,35,29,64,2,0,62,46,110,90,158,248,358
06/09/2022,VQQ,FL,ASO,ES,Federal Contract Tower,0,0,23,13,36,0,0,28,33,61,0,0,51,46,97,44,144,188,285
06/10/2022,VQQ,FL,ASO,ES,Federal Contract Tower,0,0,20,20,40,0,0,31,20,51,0,0,51,40,91,74,30,104,195
06/11/2022,VQQ,FL,ASO,ES,Federal Contract Tower,0,0,12,3,15,0,0,7,0,7,0,0,19,3,22,12,0,12,34
06/12/2022,VQQ,FL,ASO,ES,Federal Contract Tower,0,0,12,4,16,0,0,7,1,8,0,0,19,5,24,58,2,60,84
06/13/2022,VQQ,FL,ASO,ES,Federal Contract Tower,0,2,22,3,27,0,0,18,10,28,0,2,40,13,55,62,8,70,125
06/14/2022,VQQ,FL,ASO,ES,Federal Contract Tower,1,0,25,24,50,0,0,18,25,43,1,0,43,49,93,60,76,136,229
06/15/2022,VQQ,FL,ASO,ES,Federal Contract Tower,0,0,46,52,98,0,0,51,26,77,0,0,97,78,175,166,106,272,447
06/16/2022,VQQ,FL,ASO,ES,Federal Contract Tower,6,3,40,37,86,0,0,42,88,130,6,3,82,125,216,178,56,234,450
06/17/2022,VQQ,FL,ASO,ES,Federal Contract Tower,0,0,45,89,134,0,0,28,14,42,0,0,73,103,176,86,80,166,342
06/18/2022,VQQ,FL,ASO,ES,Federal Contract Tower,0,0,13,39,52,0,0,9,0,9,0,0,22,39,61,49,0,49,110
06/19/2022,VQQ,FL,ASO,ES,Federal Contract Tower,0,0,14,63,77,0,0,14,0,14,0,0,28,63,91,56,0,56,147
06/20/2022,VQQ,FL,ASO,ES,Federal Contract Tower,1,0,30,21,52,0,2,23,1,26,1,2,53,22,78,54,0,54,132
06/21/2022,VQQ,FL,ASO,ES,Federal Contract Tower,11,0,28,21,60,0,0,40,19,59,11,0,68,40,119,156,2,158,277
06/22/2022,VQQ,FL,ASO,ES,Federal Contract Tower,0,0,24,21,45,0,1,32,56,89,0,1,56,77,134,112,200,312,446
06/23/2022,VQQ,FL,ASO,ES,Federal Contract Tower,10,0,32,20,62,0,0,38,48,86,10,0,70,68,148,90,114,204,352
06/24/2022,VQQ,FL,ASO,ES,Federal Contract Tower,3,2,41,19,65,0,0,23,43,66,3,2,64,62,131,38,124,162,293
06/25/2022,VQQ,FL,ASO,ES,Federal Contract Tower,0,0,14,1,15,0,1,16,7,24,0,1,30,8,39,26,0,26,65
06/26/2022,VQQ,FL,ASO,ES,Federal Contract Tower,0,0,6,0,6,0,0,17,10,27,0,0,23,10,33,54,8,62,95
06/27/2022,VQQ,FL,ASO,ES,Federal Contract Tower,0,2,24,9,35,0,0,31,25,56,0,2,55,34,91,63,88,151,242
06/28/2022,VQQ,FL,ASO,ES,Federal Contract Tower,1,0,21,5,27,0,0,18,26,44,1,0,39,31,71,66,60,126,197
06/29/2022,VQQ,FL,ASO,ES,Federal Contract Tower,2,4,30,45,81,0,0,42,53,95,2,4,72,98,176,150,361,511,687
06/30/2022,VQQ,FL,ASO,ES,Federal Contract Tower,3,0,52,4,59,0,0,18,31,49,3,0,70,35,108,46,144,190,298
07/01/2022,VQQ,FL,ASO,ES,Federal Contract Tower,0,0,15,1,16,0,0,21,1,22,0,0,36,2,38,24,0,24,62
07/02/2022,VQQ,FL,ASO,ES,Federal Contract Tower,0,0,18,0,18,0,0,20,0,20,0,0,38,0,38,78,0,78,116
07/03/2022,VQQ,FL,ASO,ES,Federal Contract Tower,0,0,5,0,5,0,0,15,4,19,0,0,20,4,24,26,0,26,50
07/04/2022,VQQ,FL,ASO,ES,Federal Contract Tower,0,0,12,0,12,0,0,10,0,10,0,0,22,0,22,30,0,30,52
07/05/2022,VQQ,FL,ASO,ES,Federal Contract Tower,11,0,25,2,38,0,0,20,12,32,11,0,45,14,70,34,16,50,120
07/06/2022,VQQ,FL,ASO,ES,Federal Contract Tower,0,0,30,12,42,0,0,49,44,93,0,0,79,56,135,208,112,320,455
07/07/2022,VQQ,FL,ASO,ES,Federal Contract Tower,0,0,39,14,53,0,0,30,33,63,0,0,69,47,116,138,118,256,372
07/08/2022,VQQ,FL,ASO,ES,Federal Contract Tower,0,0,17,48,65,0,0,36,32,68,0,0,53,80,133,85,127,212,345
07/09/2022,VQQ,FL,ASO,ES,Federal Contract Tower,1,0,11,0,12,0,0,12,0,12,1,0,23,0,24,22,0,22,46
07/10/2022,VQQ,FL,ASO,ES,Federal Contract Tower,7,0,4,3,14,0,0,10,0,10,7,0,14,3,24,52,0,52,76
07/11/2022,VQQ,FL,ASO,ES,Federal Contract Tower,0,4,22,5,31,0,0,22,3,25,0,4,44,8,56,40,2,42,98
07/12/2022,VQQ,FL,ASO,ES,Federal Contract Tower,0,0,25,31,56,0,0,25,53,78,0,0,50,84,134,64,318,382,516
07/13/2022,VQQ,FL,ASO,ES,Federal Contract Tower,3,2,26,28,59,0,0,34,47,81,3,2,60,75,140,98,300,398,538
07/14/2022,VQQ,FL,ASO,ES,Federal Contract Tower,0,2,19,15,36,0,0,34,60,94,0,2,53,75,130,80,298,378,508
07/15/2022,VQQ,FL,ASO,ES,Federal Contract Tower,0,0,31,19,50,0,0,23,23,46,0,0,54,42,96,72,118,190,286
07/16/2022,VQQ,FL,ASO,ES,Federal Contract Tower,0,0,6,1,7,0,0,8,0,8,0,0,14,1,15,6,0,6,21
07/17/2022,VQQ,FL,ASO,ES,Federal Contract Tower,1,0,16,1,18,0,0,18,5,23,1,0,34,6,41,34,24,58,99
07/18/2022,VQQ,FL,ASO,ES,Federal Contract Tower,3,0,15,5,23,0,0,15,34,49,3,0,30,39,72,58,222,280,352
07/19/2022,VQQ,FL,ASO,ES,Federal Contract Tower,0,0,22,6,28,0,0,24,48,72,0,0,46,54,100,50,144,194,294
07/20/2022,VQQ,FL,ASO,ES,Federal Contract Tower,6,0,4,10,20,0,0,9,39,48,6,0,13,49,68,46,188,234,302
07/21/2022,VQQ,FL,ASO,ES,Federal Contract Tower,0,0,45,10,55,0,0,43,54,97,0,0,88,64,152,132,162,294,446
07/22/2022,VQQ,FL,ASO,ES,Federal Contract Tower,0,0,41,23,64,0,0,37,23,60,0,0,78,46,124,107,90,197,321
07/23/2022,VQQ,FL,ASO,ES,Federal Contract Tower,0,0,24,2,26,0,0,16,0,16,0,0,40,2,42,54,0,54,96
07/24/2022,VQQ,FL,ASO,ES,Federal Contract Tower,0,2,14,2,18,0,1,17,0,18,0,3,31,2,36,42,0,42,78
07/25/2022,VQQ,FL,ASO,ES,Federal Contract Tower,0,0,35,11,46,0,0,32,31,63,0,0,67,42,109,142,122,264,373
07/26/2022,VQQ,FL,ASO,ES,Federal Contract Tower,0,0,23,22,45,0,0,31,35,66,0,0,54,57,111,108,142,250,361
07/27/2022,VQQ,FL,ASO,ES,Federal Contract Tower,0,0,22,7,29,0,0,31,39,70,0,0,53,46,99,94,220,314,413
07/28/2022,VQQ,FL,ASO,ES,Federal Contract Tower,3,0,50,34,87,0,0,35,50,85,3,0,85,84,172,76,188,264,436
07/29/2022,VQQ,FL,ASO,ES,Federal Contract Tower,4,0,37,10,51,0,0,34,19,53,4,0,71,29,104,87,69,156,260
07/30/2022,VQQ,FL,ASO,ES,Federal Contract Tower,0,0,13,3,16,0,0,30,0,30,0,0,43,3,46,100,0,100,146
07/31/2022,VQQ,FL,ASO,ES,Federal Contract Tower,0,3,10,4,17,0,0,19,0,19,0,3,29,4,36,32,0,32,68
08/01/2022,VQQ,FL,ASO,ES,Federal Contract Tower,2,1,21,11,35,0,0,33,26,59,2,1,54,37,94,86,38,124,218
08/02/2022,VQQ,FL,ASO,ES,Federal Contract Tower,7,0,30,17,54,0,0,22,44,66,7,0,52,61,120,46,252,298,418
08/03/2022,VQQ,FL,ASO,ES,Federal Contract Tower,2,2,24,27,55,0,0,25,19,44,2,2,49,46,99,54,92,146,245
08/04/2022,VQQ,FL,ASO,ES,Federal Contract Tower,7,1,46,15,69,0,1,31,19,51,7,2,77,34,120,112,134,246,366
08/05/2022,VQQ,FL,ASO,ES,Federal Contract Tower,3,1,24,13,41,0,0,24,5,29,3,1,48,18,70,70,8,78,148
08/06/2022,VQQ,FL,ASO,ES,Federal Contract Tower,0,1,8,0,9,0,0,18,0,18,0,1,26,0,27,86,0,86,113
08/07/2022,VQQ,FL,ASO,ES,Federal Contract Tower,0,2,14,3,19,0,0,10,2,12,0,2,24,5,31,4,4,8,39
08/08/2022,VQQ,FL,ASO,ES,Federal Contract Tower,1,0,18,10,29,0,0,20,31,51,1,0,38,41,80,86,108,194,274
08/09/2022,VQQ,FL,ASO,ES,Federal Contract Tower,6,0,31,10,47,0,0,16,23,39,6,0,47,33,86,32,76,108,194
08/10/2022,VQQ,FL,ASO,ES,Federal Contract Tower,2,0,29,14,45,0,0,36,45,81,2,0,65,59,126,86,174,260,386
08/11/2022,VQQ,FL,ASO,ES,Federal Contract Tower,4,0,14,11,29,0,0,28,31,59,4,0,42,42,88,70,124,194,282
08/12/2022,VQQ,FL,ASO,ES,Federal Contract Tower,0,2,22,18,42,0,0,36,25,61,0,2,58,43,103,142,54,196,299
08/13/2022,VQQ,FL,ASO,ES,Federal Contract Tower,1,0,14,2,17,0,0,15,0,15,1,0,29,2,32,28,0,28,60
08/14/2022,VQQ,FL,ASO,ES,Federal Contract Tower,0,0,32,4,36,0,0,25,1,26,0,0,57,5,62,66,0,66,128
08/15/2022,VQQ,FL,ASO,ES,Federal Contract Tower,1,0,41,1,43,0,0,56,23,79,1,0,97,24,122,132,88,220,342
08/16/2022,VQQ,FL,ASO,ES,Federal Contract Tower,5,0,14,18,37,0,0,35,40,75,5,0,49,58,112,70,192,262,374
08/17/2022,VQQ,FL,ASO,ES,Federal Contract Tower,2,0,39,3,44,0,0,27,37,64,2,0,66,40,108,70,172,242,350
08/18/2022,VQQ,FL,ASO,ES,Federal Contract Tower,2,0,21,18,41,0,0,22,23,45,2,0,43,41,86,70,100,170,256
08/19/2022,VQQ,FL,ASO,ES,Federal Contract Tower,2,0,23,13,38,4,0,8,20,32,6,0,31,33,70,38,98,136,206
08/20/2022,VQQ,FL,ASO,ES,Federal Contract Tower,4,0,17,0,21,0,0,11,2,13,4,0,28,2,34,58,0,58,92
08/21/2022,VQQ,FL,ASO,ES,Federal Contract Tower,0,0,6,4,10,0,0,10,7,17,0,0,16,11,27,38,0,38,65
08/22/2022,VQQ,FL,ASO,ES,Federal Contract Tower,0,0,29,16,45,0,0,24,3,27,0,0,53,19,72,42,26,68,140
08/23/2022,VQQ,FL,ASO,ES,Federal Contract Tower,0,1,21,5,27,0,0,30,31,61,0,1,51,36,88,102,142,244,332
08/24/2022,VQQ,FL,ASO,ES,Federal Contract Tower,1,2,38,11,52,0,0,20,36,56,1,2,58,47,108,62,98,160,268
08/25/2022,VQQ,FL,ASO,ES,Federal Contract Tower,3,0,21,8,32,0,0,4,41,45,3,0,25,49,77,20,266,286,363
08/26/2022,VQQ,FL,ASO,ES,Federal Contract Tower,2,0,26,21,49,0,0,5,5,10,2,0,31,26,59,14,14,28,87
08/27/2022,VQQ,FL,ASO,ES,Federal Contract Tower,1,0,16,0,17,0,0,2,0,2,1,0,18,0,19,6,0,6,25
08/28/2022,VQQ,FL,ASO,ES,Federal Contract Tower,0,0,7,0,7,0,0,8,0,8,0,0,15,0,15,22,0,22,37
08/29/2022,VQQ,FL,ASO,ES,Federal Contract Tower,1,0,28,11,40,0,0,13,18,31,1,0,41,29,71,18,98,116,187
08/30/2022,VQQ,FL,ASO,ES,Federal Contract Tower,7,0,30,14,51,0,0,24,27,51,7,0,54,41,102,88,178,266,368
08/31/2022,VQQ,FL,ASO,ES,Federal Contract Tower,0,0,24,22,46,0,0,22,13,35,0,0,46,35,81,50,48,98,179
09/01/2022,VQQ,FL,ASO,ES,Federal Contract Tower,4,2,12,0,18,0,0,25,18,43,4,2,37,18,61,94,44,138,199
09/02/2022,VQQ,FL,ASO,ES,Federal Contract Tower,0,0,51,0,51,0,0,19,0,19,0,0,70,0,70,81,0,81,151
09/03/2022,VQQ,FL,ASO,ES,Federal Contract Tower,1,0,39,0,40,0,0,11,0,11,1,0,50,0,51,26,0,26,77
09/04/2022,VQQ,FL,ASO,ES,Federal Contract Tower,1,0,6,2,9,0,4,24,0,28,1,4,30,2,37,18,0,18,55
09/05/2022,VQQ,FL,ASO,ES,Federal Contract Tower,0,0,32,0,32,0,0,23,0,23,0,0,55,0,55,162,0,162,217
09/06/2022,VQQ,FL,ASO,ES,Federal Contract Tower,0,2,33,32,67,0,0,40,31,71,0,2,73,63,138,96,84,180,318
09/07/2022,VQQ,FL,ASO,ES,Federal Contract Tower,0,0,32,17,49,0,0,40,40,80,0,0,72,57,129,154,118,272,401
09/08/2022,VQQ,FL,ASO,ES,Federal Contract Tower,0,0,33,5,38,0,0,20,19,39,0,0,53,24,77,96,116,212,289
09/09/2022,VQQ,FL,ASO,ES,Federal Contract Tower,0,0,20,6,26,0,0,16,25,41,0,0,36,31,67,36,128,164,231
09/10/2022,VQQ,FL,ASO,ES,Federal Contract Tower,1,0,14,1,16,0,0,12,0,12,1,0,26,1,28,24,0,24,52
09/11/2022,VQQ,FL,ASO,ES,Federal Contract Tower,0,0,19,1,20,0,0,12,0,12,0,0,31,1,32,44,0,44,76
09/12/2022,VQQ,FL,ASO,ES,Federal Contract Tower,6,0,13,19,38,0,0,11,26,37,6,0,24,45,75,41,114,155,230
09/13/2022,VQQ,FL,ASO,ES,Federal Contract Tower,0,0,40,8,48,0,0,8,21,29,0,0,48,29,77,24,114,138,215
09/14/2022,VQQ,FL,ASO,ES,Federal Contract Tower,2,0,32,26,60,0,0,53,43,96,2,0,85,69,156,150,212,362,518
09/15/2022,VQQ,FL,ASO,ES,Federal Contract Tower,2,0,25,17,44,0,0,34,48,82,2,0,59,65,126,128,106,234,360
09/16/2022,VQQ,FL,ASO,ES,Federal Contract Tower,1,2,33,23,59,0,0,28,40,68,1,2,61,63,127,80,104,184,311
09/17/2022,VQQ,FL,ASO,ES,Federal Contract Tower,0,0,17,4,21,0,0,13,7,20,0,0,30,11,41,44,2,46,87
09/18/2022,VQQ,FL,ASO,ES,Federal Contract Tower,0,0,7,0,7,0,0,2,0,2,0,0,9,0,9,8,0,8,17
09/19/2022,VQQ,FL,ASO,ES,Federal Contract Tower,1,2,39,11,53,0,0,7,4,11,1,2,46,15,64,4,6,10,74
09/20/2022,VQQ,FL,ASO,ES,Federal Contract Tower,1,0,33,29,63,0,0,37,23,60,1,0,70,52,123,146,196,342,465
09/21/2022,VQQ,FL,ASO,ES,Federal Contract Tower,1,0,40,13,54,0,0,28,52,80,1,0,68,65,134,124,168,292,426
09/22/2022,VQQ,FL,ASO,ES,Federal Contract Tower,2,3,35,13,53,0,0,32,45,77,2,3,67,58,130,74,150,224,354
09/23/2022,VQQ,FL,ASO,ES,Federal Contract Tower,1,0,61,4,66,0,0,18,11,29,1,0,79,15,95,86,32,118,213
09/24/2022,VQQ,FL,ASO,ES,Federal Contract Tower,0,0,17,10,27,0,2,33,4,39,0,2,50,14,66,148,14,162,228
09/25/2022,VQQ,FL,ASO,ES,Federal Contract Tower,0,4,26,15,45,0,0,26,1,27,0,4,52,16,72,100,0,100,172
09/26/2022,VQQ,FL,ASO,ES,Federal Contract Tower,0,2,57,18,77,0,0,40,7,47,0,2,97,25,124,178,22,200,324
09/27/2022,VQQ,FL,ASO,ES,Federal Contract Tower,1,3,27,9,40,0,0,19,27,46,1,3,46,36,86,32,2,34,120
09/28/2022,VQQ,FL,ASO,ES,Federal Contract Tower,1,0,2,2,5,0,0,0,0,0,1,0,2,2,5,0,0,0,5
09/29/2022,VQQ,FL,ASO,ES,Federal Contract Tower,0,0,0,0,0,0,0,0,0,0,0,0,0,0,0,0,0,0,0
09/30/2022,VQQ,FL,ASO,ES,Federal Contract Tower,0,0,2,2,4,0,5,2,11,18,0,5,4,13,22,0,0,0,22
10/01/2022,VQQ,FL,ASO,ES,Federal Contract Tower,0,0,13,7,20,0,0,14,4,18,0,0,27,11,38,14,0,14,52
10/02/2022,VQQ,FL,ASO,ES,Federal Contract Tower,1,0,14,0,15,0,0,26,1,27,1,0,40,1,42,104,0,104,146
10/03/2022,VQQ,FL,ASO,ES,Federal Contract Tower,1,0,35,9,45,0,0,29,25,54,1,0,64,34,99,126,40,166,265
10/04/2022,VQQ,FL,ASO,ES,Federal Contract Tower,5,2,38,35,80,2,0,46,35,83,7,2,84,70,163,214,188,402,565
10/05/2022,VQQ,FL,ASO,ES,Federal Contract Tower,1,2,48,19,70,0,0,48,38,86,1,2,96,57,156,204,100,304,460
10/06/2022,VQQ,FL,ASO,ES,Federal Contract Tower,1,2,47,22,72,0,0,60,38,98,1,2,107,60,170,296,68,364,534
10/07/2022,VQQ,FL,ASO,ES,Federal Contract Tower,0,1,24,18,43,0,0,50,12,62,0,1,74,30,105,236,34,270,375
10/08/2022,VQQ,FL,ASO,ES,Federal Contract Tower,0,0,32,2,34,0,2,25,1,28,0,2,57,3,62,92,0,92,154
10/09/2022,VQQ,FL,ASO,ES,Federal Contract Tower,1,0,16,14,31,1,0,31,4,36,2,0,47,18,67,142,0,142,209
10/10/2022,VQQ,FL,ASO,ES,Federal Contract Tower,0,2,56,6,64,0,0,28,1,29,0,2,84,7,93,132,0,132,225
10/11/2022,VQQ,FL,ASO,ES,Federal Contract Tower,2,0,52,19,73,0,0,21,25,46,2,0,73,44,119,136,72,208,327
10/12/2022,VQQ,FL,ASO,ES,Federal Contract Tower,2,3,85,16,106,0,0,15,45,60,2,3,100,61,166,50,226,276,442
10/13/2022,VQQ,FL,ASO,ES,Federal Contract Tower,14,0,66,20,100,0,0,31,29,60,14,0,97,49,160,134,118,252,412
10/14/2022,VQQ,FL,ASO,ES,Federal Contract Tower,1,1,48,13,63,0,0,70,32,102,1,1,118,45,165,262,138,400,565
10/15/2022,VQQ,FL,ASO,ES,Federal Contract Tower,0,1,32,6,39,0,0,43,2,45,0,1,75,8,84,274,4,278,362
10/16/2022,VQQ,FL,ASO,ES,Federal Contract Tower,2,0,16,1,19,0,0,50,5,55,2,0,66,6,74,136,0,136,210
10/17/2022,VQQ,FL,ASO,ES,Federal Contract Tower,1,2,24,13,40,0,0,35,16,51,1,2,59,29,91,72,132,204,295
10/18/2022,VQQ,FL,ASO,ES,Federal Contract Tower,0,2,37,55,94,0,0,60,34,94,0,2,97,89,188,176,164,340,528
10/19/2022,VQQ,FL,ASO,ES,Federal Contract Tower,0,0,55,26,81,0,0,57,38,95,0,0,112,64,176,224,172,396,572
10/20/2022,VQQ,FL,ASO,ES,Federal Contract Tower,0,0,58,15,73,0,0,56,34,90,0,0,114,49,163,168,58,226,389
10/21/2022,VQQ,FL,ASO,ES,Federal Contract Tower,2,5,58,33,98,0,0,60,26,86,2,5,118,59,184,198,64,262,446
10/22/2022,VQQ,FL,ASO,ES,Federal Contract Tower,1,1,50,2,54,0,0,30,2,32,1,1,80,4,86,156,0,156,242
10/23/2022,VQQ,FL,ASO,ES,Federal Contract Tower,3,0,22,11,36,0,0,20,7,27,3,0,42,18,63,78,0,78,141
10/24/2022,VQQ,FL,ASO,ES,Federal Contract Tower,0,0,27,15,42,0,0,33,25,58,0,0,60,40,100,117,86,203,303
10/25/2022,VQQ,FL,ASO,ES,Federal Contract Tower,1,0,42,14,57,0,0,50,36,86,1,0,92,50,143,246,120,366,509
10/26/2022,VQQ,FL,ASO,ES,Federal Contract Tower,2,0,52,19,73,0,0,42,33,75,2,0,94,52,148,190,124,314,462
10/27/2022,VQQ,FL,ASO,ES,Federal Contract Tower,1,0,64,32,97,0,0,60,41,101,1,0,124,73,198,302,92,394,592
10/28/2022,VQQ,FL,ASO,ES,Federal Contract Tower,1,0,66,26,93,0,0,3,8,11,1,0,69,34,104,8,48,56,160
10/29/2022,VQQ,FL,ASO,ES,Federal Contract Tower,0,0,12,0,12,0,0,0,0,0,0,0,12,0,12,0,0,0,12
10/30/2022,VQQ,FL,ASO,ES,Federal Contract Tower,1,0,21,7,29,0,0,2,1,3,1,0,23,8,32,0,0,0,32
10/31/2022,VQQ,FL,ASO,ES,Federal Contract Tower,1,0,29,19,49,0,0,30,18,48,1,0,59,37,97,120,58,178,275
11/01/2022,VQQ,FL,ASO,ES,Federal Contract Tower,4,1,43,19,67,0,0,56,38,94,4,1,99,57,161,296,118,414,575
11/02/2022,VQQ,FL,ASO,ES,Federal Contract Tower,2,0,52,25,79,0,0,55,48,103,2,0,107,73,182,190,148,338,520
11/03/2022,VQQ,FL,ASO,ES,Federal Contract Tower,0,0,86,30,116,0,0,36,44,80,0,0,122,74,196,144,200,344,540
11/04/2022,VQQ,FL,ASO,ES,Federal Contract Tower,0,4,49,14,67,0,0,26,26,52,0,4,75,40,119,110,66,176,295
11/05/2022,VQQ,FL,ASO,ES,Federal Contract Tower,0,2,28,9,39,0,0,26,0,26,0,2,54,9,65,162,0,162,227
11/06/2022,VQQ,FL,ASO,ES,Federal Contract Tower,0,0,17,0,17,0,0,19,0,19,0,0,36,0,36,120,0,120,156
11/07/2022,VQQ,FL,ASO,ES,Federal Contract Tower,0,0,29,23,52,0,0,39,10,49,0,0,68,33,101,172,42,214,315
11/08/2022,VQQ,FL,ASO,ES,Federal Contract Tower,0,1,16,22,39,0,0,17,18,35,0,1,33,40,74,32,117,149,223
11/09/2022,VQQ,FL,ASO,ES,Federal Contract Tower,2,1,10,6,19,0,0,2,11,13,2,1,12,17,32,0,26,26,58
11/10/2022,VQQ,FL,ASO,ES,Federal Contract Tower,1,1,1,0,3,0,0,0,0,0,1,1,1,0,3,0,0,0,3
11/11/2022,VQQ,FL,ASO,ES,Federal Contract Tower,0,0,12,3,15,0,0,2,0,2,0,0,14,3,17,0,0,0,17
11/12/2022,VQQ,FL,ASO,ES,Federal Contract Tower,2,0,51,2,55,0,0,12,4,16,2,0,63,6,71,46,26,72,143
11/13/2022,VQQ,FL,ASO,ES,Federal Contract Tower,0,0,44,0,44,0,0,9,0,9,0,0,53,0,53,26,0,26,79
11/14/2022,VQQ,FL,ASO,ES,Federal Contract Tower,0,2,78,27,107,0,0,37,8,45,0,2,115,35,152,236,34,270,422
11/15/2022,VQQ,FL,ASO,ES,Federal Contract Tower,1,0,52,10,63,0,0,21,34,55,1,0,73,44,118,126,218,344,462
11/16/2022,VQQ,FL,ASO,ES,Federal Contract Tower,2,2,67,20,91,0,0,23,42,65,2,2,90,62,156,100,148,248,404
11/17/2022,VQQ,FL,ASO,ES,Federal Contract Tower,3,2,56,33,94,0,0,55,65,120,3,2,111,98,214,202,294,496,710
11/18/2022,VQQ,FL,ASO,ES,Federal Contract Tower,3,2,72,20,97,0,2,57,31,90,3,4,129,51,187,238,172,410,597
11/19/2022,VQQ,FL,ASO,ES,Federal Contract Tower,0,0,29,2,31,0,0,41,10,51,0,0,70,12,82,196,48,244,326
11/20/2022,VQQ,FL,ASO,ES,Federal Contract Tower,0,2,24,10,36,0,2,17,1,20,0,4,41,11,56,44,0,44,100
11/21/2022,VQQ,FL,ASO,ES,Federal Contract Tower,0,5,48,13,66,0,0,29,28,57,0,5,77,41,123,108,98,206,329
11/22/2022,VQQ,FL,ASO,ES,Federal Contract Tower,1,6,18,10,35,0,0,0,20,20,1,6,18,30,55,0,72,72,127
11/23/2022,VQQ,FL,ASO,ES,Federal Contract Tower,0,0,46,14,60,0,0,0,0,0,0,0,46,14,60,0,0,0,60
11/24/2022,VQQ,FL,ASO,ES,Federal Contract Tower,0,0,0,0,0,0,0,0,0,0,0,0,0,0,0,0,0,0,0
11/25/2022,VQQ,FL,ASO,ES,Federal Contract Tower,1,0,11,4,16,0,0,8,0,8,1,0,19,4,24,32,0,32,56
11/26/2022,VQQ,FL,ASO,ES,Federal Contract Tower,0,0,23,3,26,0,0,3,1,4,0,0,26,4,30,26,0,26,56
11/27/2022,VQQ,FL,ASO,ES,Federal Contract Tower,0,0,14,1,15,0,0,5,2,7,0,0,19,3,22,14,0,14,36
11/28/2022,VQQ,FL,ASO,ES,Federal Contract Tower,0,0,50,18,68,0,0,55,21,76,0,0,105,39,144,160,68,228,372
11/29/2022,VQQ,FL,ASO,ES,Federal Contract Tower,0,3,52,33,88,0,0,67,44,111,0,3,119,77,199,266,162,428,627
11/30/2022,VQQ,FL,ASO,ES,Federal Contract Tower,3,0,43,8,54,0,0,19,27,46,3,0,62,35,100,62,130,192,292
12/01/2022,VQQ,FL,ASO,ES,Federal Contract Tower,2,3,38,20,63,0,2,49,44,95,2,5,87,64,158,140,116,256,414
12/02/2022,VQQ,FL,ASO,ES,Federal Contract Tower,2,0,84,31,117,0,0,59,36,95,2,0,143,67,212,302,58,360,572
12/03/2022,VQQ,FL,ASO,ES,Federal Contract Tower,0,0,43,12,55,0,0,28,7,35,0,0,71,19,90,158,0,158,248
12/04/2022,VQQ,FL,ASO,ES,Federal Contract Tower,0,0,27,13,40,0,0,19,5,24,0,0,46,18,64,134,4,138,202
12/05/2022,VQQ,FL,ASO,ES,Federal Contract Tower,0,1,47,37,85,0,0,32,29,61,0,1,79,66,146,188,166,354,500
12/06/2022,VQQ,FL,ASO,ES,Federal Contract Tower,1,0,62,19,82,0,0,39,26,65,1,0,101,45,147,166,76,242,389
12/07/2022,VQQ,FL,ASO,ES,Federal Contract Tower,0,2,67,31,100,0,0,54,41,95,0,2,121,72,195,174,164,338,533
12/08/2022,VQQ,FL,ASO,ES,Federal Contract Tower,2,0,65,12,79,0,0,48,41,89,2,0,113,53,168,220,228,448,616
12/09/2022,VQQ,FL,ASO,ES,Federal Contract Tower,2,0,76,11,89,2,0,51,32,85,4,0,127,43,174,216,40,256,430
12/10/2022,VQQ,FL,ASO,ES,Federal Contract Tower,0,1,19,18,38,0,0,0,0,0,0,1,19,18,38,0,0,0,38
12/11/2022,VQQ,FL,ASO,ES,Federal Contract Tower,0,2,33,17,52,0,0,14,0,14,0,2,47,17,66,0,0,0,66
12/12/2022,VQQ,FL,ASO,ES,Federal Contract Tower,0,4,58,16,78,0,0,36,29,65,0,4,94,45,143,186,128,314,457
12/13/2022,VQQ,FL,ASO,ES,Federal Contract Tower,4,8,48,30,90,0,2,31,46,79,4,10,79,76,169,240,140,380,549
12/14/2022,VQQ,FL,ASO,ES,Federal Contract Tower,0,0,44,27,71,0,0,43,33,76,0,0,87,60,147,226,170,396,543
12/15/2022,VQQ,FL,ASO,ES,Federal Contract Tower,0,8,40,5,53,0,0,3,20,23,0,8,43,25,76,0,124,124,200
12/16/2022,VQQ,FL,ASO,ES,Federal Contract Tower,0,1,64,17,82,0,0,68,7,75,0,1,132,24,157,320,20,340,497
12/17/2022,VQQ,FL,ASO,ES,Federal Contract Tower,1,0,45,1,47,0,0,28,0,28,1,0,73,1,75,142,0,142,217
12/18/2022,VQQ,FL,ASO,ES,Federal Contract Tower,0,3,17,7,27,0,0,34,4,38,0,3,51,11,65,108,0,108,173
12/19/2022,VQQ,FL,ASO,ES,Federal Contract Tower,1,5,32,12,50,2,0,54,14,70,3,5,86,26,120,178,28,206,326
12/20/2022,VQQ,FL,ASO,ES,Federal Contract Tower,1,2,21,20,44,0,0,0,0,0,1,2,21,20,44,0,2,2,46
12/21/2022,VQQ,FL,ASO,ES,Federal Contract Tower,1,2,16,8,27,0,0,0,0,0,1,2,16,8,27,0,0,0,27
12/22/2022,VQQ,FL,ASO,ES,Federal Contract Tower,2,2,33,2,39,0,0,5,16,21,2,2,38,18,60,8,42,50,110
12/23/2022,VQQ,FL,ASO,ES,Federal Contract Tower,0,2,18,1,21,0,0,7,8,15,0,2,25,9,36,10,16,26,62
12/24/2022,VQQ,FL,ASO,ES,Federal Contract Tower,1,0,2,0,3,0,0,4,0,4,1,0,6,0,7,4,0,4,11
12/25/2022,VQQ,FL,ASO,ES,Federal Contract Tower,0,0,4,0,4,0,0,2,0,2,0,0,6,0,6,0,0,0,6
12/26/2022,VQQ,FL,ASO,ES,Federal Contract Tower,0,0,12,0,12,0,0,17,2,19,0,0,29,2,31,47,8,55,86
12/27/2022,VQQ,FL,ASO,ES,Federal Contract Tower,1,1,26,14,42,0,0,34,21,55,1,1,60,35,97,102,80,182,279
12/28/2022,VQQ,FL,ASO,ES,Federal Contract Tower,1,0,38,32,71,0,0,41,27,68,1,0,79,59,139,138,144,282,421
12/29/2022,VQQ,FL,ASO,ES,Federal Contract Tower,0,1,22,38,61,0,0,22,35,57,0,1,44,73,118,64,144,208,326
12/30/2022,VQQ,FL,ASO,ES,Federal Contract Tower,0,1,17,2,20,0,0,34,8,42,0,1,51,10,62,102,44,146,208
12/31/2022,VQQ,FL,ASO,ES,Federal Contract Tower,0,0,5,0,5,0,0,0,0,0,0,0,5,0,5,0,0,0,5
01/01/2023,VQQ,FL,ASO,ES,Federal Contract Tower,0,2,8,0,10,0,0,0,0,0,0,2,8,0,10,0,0,0,10
01/02/2023,VQQ,FL,ASO,ES,Federal Contract Tower,0,0,12,0,12,0,0,13,0,13,0,0,25,0,25,40,0,40,65
01/03/2023,VQQ,FL,ASO,ES,Federal Contract Tower,3,0,30,18,51,0,0,49,15,64,3,0,79,33,115,160,4,164,279
01/04/2023,VQQ,FL,ASO,ES,Federal Contract Tower,3,2,25,33,63,0,0,4,23,27,3,2,29,56,90,2,52,54,144
01/05/2023,VQQ,FL,ASO,ES,Federal Contract Tower,12,0,45,16,73,0,0,41,28,69,12,0,86,44,142,232,46,278,420
01/06/2023,VQQ,FL,ASO,ES,Federal Contract Tower,1,0,46,23,70,0,2,56,10,68,1,2,102,33,138,294,18,312,450
01/07/2023,VQQ,FL,ASO,ES,Federal Contract Tower,1,0,33,5,39,0,0,43,18,61,1,0,76,23,100,150,0,150,250
01/08/2023,VQQ,FL,ASO,ES,Federal Contract Tower,1,0,37,13,51,0,0,12,1,13,1,0,49,14,64,68,0,68,132
01/09/2023,VQQ,FL,ASO,ES,Federal Contract Tower,0,0,39,22,61,0,0,45,29,74,0,0,84,51,135,160,56,216,351
01/10/2023,VQQ,FL,ASO,ES,Federal Contract Tower,0,0,51,25,76,0,0,59,42,101,0,0,110,67,177,156,96,252,429
01/11/2023,VQQ,FL,ASO,ES,Federal Contract Tower,1,0,27,50,78,0,0,45,56,101,1,0,72,106,179,222,170,392,571
01/12/2023,VQQ,FL,ASO,ES,Federal Contract Tower,0,2,48,38,88,0,0,47,47,94,0,2,95,85,182,192,80,272,454
01/13/2023,VQQ,FL,ASO,ES,Federal Contract Tower,0,0,48,19,67,0,0,15,22,37,0,0,63,41,104,104,44,148,252
01/14/2023,VQQ,FL,ASO,ES,Federal Contract Tower,1,0,31,6,38,0,0,10,3,13,1,0,41,9,51,46,2,48,99
01/15/2023,VQQ,FL,ASO,ES,Federal Contract Tower,0,0,38,3,41,0,0,33,2,35,0,0,71,5,76,132,0,132,208
01/16/2023,VQQ,FL,ASO,ES,Federal Contract Tower,0,1,56,0,57,0,0,45,1,46,0,1,101,1,103,166,0,166,269
01/17/2023,VQQ,FL,ASO,ES,Federal Contract Tower,1,0,45,18,64,0,0,36,33,69,1,0,81,51,133,256,98,354,487
01/18/2023,VQQ,FL,ASO,ES,Federal Contract Tower,4,3,55,31,93,0,0,50,52,102,4,3,105,83,195,300,248,548,743
01/19/2023,VQQ,FL,ASO,ES,Federal Contract Tower,0,0,32,12,44,0,0,39,33,72,0,0,71,45,116,164,88,252,368
01/20/2023,VQQ,FL,ASO,ES,Federal Contract Tower,5,1,25,9,40,0,0,54,30,84,5,1,79,39,124,238,58,296,420
01/21/2023,VQQ,FL,ASO,ES,Federal Contract Tower,0,0,56,6,62,0,0,17,13,30,0,0,73,19,92,46,60,106,198
01/22/2023,VQQ,FL,ASO,ES,Federal Contract Tower,0,0,8,2,10,0,0,8,2,10,0,0,16,4,20,16,0,16,36
01/23/2023,VQQ,FL,ASO,ES,Federal Contract Tower,0,0,53,24,77,0,0,54,16,70,0,0,107,40,147,248,58,306,453
01/24/2023,VQQ,FL,ASO,ES,Federal Contract Tower,0,0,59,4,63,0,0,75,26,101,0,0,134,30,164,346,164,510,674
01/25/2023,VQQ,FL,ASO,ES,Federal Contract Tower,0,0,8,29,37,0,0,2,25,27,0,0,10,54,64,2,108,110,174
01/26/2023,VQQ,FL,ASO,ES,Federal Contract Tower,0,0,54,22,76,0,1,42,24,67,0,1,96,46,143,176,92,268,411
01/27/2023,VQQ,FL,ASO,ES,Federal Contract Tower,7,0,62,38,107,0,0,62,19,81,7,0,124,57,188,330,96,426,614
01/28/2023,VQQ,FL,ASO,ES,Federal Contract Tower,0,0,28,5,33,0,0,39,3,42,0,0,67,8,75,246,4,250,325
01/29/2023,VQQ,FL,ASO,ES,Federal Contract Tower,2,0,24,5,31,0,0,25,0,25,2,0,49,5,56,176,4,180,236
01/30/2023,VQQ,FL,ASO,ES,Federal Contract Tower,0,1,38,35,74,0,0,49,12,61,0,1,87,47,135,260,100,360,495
01/31/2023,VQQ,FL,ASO,ES,Federal Contract Tower,0,0,26,42,68,0,0,27,4,31,0,0,53,46,99,187,124,311,410
02/01/2023,VQQ,FL,ASO,ES,Federal Contract Tower,1,1,37,25,64,0,2,26,67,95,1,3,63,92,159,154,50,204,363
02/02/2023,VQQ,FL,ASO,ES,Federal Contract Tower,1,0,61,51,113,0,2,33,45,80,1,2,94,96,193,138,138,276,469
02/03/2023,VQQ,FL,ASO,ES,Federal Contract Tower,1,0,52,44,97,0,0,0,16,16,1,0,52,60,113,0,4,4,117
02/04/2023,VQQ,FL,ASO,ES,Federal Contract Tower,2,1,40,32,75,0,0,26,5,31,2,1,66,37,106,92,24,116,222
02/05/2023,VQQ,FL,ASO,ES,Federal Contract Tower,3,0,36,49,88,0,0,18,2,20,3,0,54,51,108,102,0,102,210
02/06/2023,VQQ,FL,ASO,ES,Federal Contract Tower,1,0,61,16,78,0,0,86,18,104,1,0,147,34,182,320,34,354,536
02/07/2023,VQQ,FL,ASO,ES,Federal Contract Tower,0,0,54,39,93,0,0,54,21,75,0,0,108,60,168,296,34,330,498
02/08/2023,VQQ,FL,ASO,ES,Federal Contract Tower,3,0,62,21,86,0,0,55,23,78,3,0,117,44,164,330,48,378,542
02/09/2023,VQQ,FL,ASO,ES,Federal Contract Tower,0,4,68,3,75,0,3,53,17,73,0,7,121,20,148,158,54,212,360
02/10/2023,VQQ,FL,ASO,ES,Federal Contract Tower,0,10,24,0,34,0,0,4,4,8,0,10,28,4,42,6,0,6,48
02/11/2023,VQQ,FL,ASO,ES,Federal Contract Tower,0,0,15,0,15,0,0,0,0,0,0,0,15,0,15,0,0,0,15
02/12/2023,VQQ,FL,ASO,ES,Federal Contract Tower,0,0,4,0,4,0,0,0,2,2,0,0,4,2,6,0,0,0,6
02/13/2023,VQQ,FL,ASO,ES,Federal Contract Tower,0,0,37,6,43,0,0,36,10,46,0,0,73,16,89,131,68,199,288
02/14/2023,VQQ,FL,ASO,ES,Federal Contract Tower,0,0,61,14,75,0,0,39,28,67,0,0,100,42,142,239,121,360,502
02/15/2023,VQQ,FL,ASO,ES,Federal Contract Tower,1,2,37,8,48,0,1,66,61,128,1,3,103,69,176,360,178,538,714
02/16/2023,VQQ,FL,ASO,ES,Federal Contract Tower,5,3,49,16,73,0,0,60,30,90,5,3,109,46,163,300,136,436,599
02/17/2023,VQQ,FL,ASO,ES,Federal Contract Tower,1,2,31,24,58,0,0,25,19,44,1,2,56,43,102,56,86,142,244
02/18/2023,VQQ,FL,ASO,ES,Federal Contract Tower,1,0,40,6,47,0,2,83,9,94,1,2,123,15,141,82,16,98,239
02/19/2023,VQQ,FL,ASO,ES,Federal Contract Tower,0,0,20,3,23,0,0,18,0,18,0,0,38,3,41,68,0,68,109
02/20/2023,VQQ,FL,ASO,ES,Federal Contract Tower,0,3,33,2,38,0,2,37,2,41,0,5,70,4,79,150,8,158,237
02/21/2023,VQQ,FL,ASO,ES,Federal Contract Tower,0,2,51,11,64,0,0,17,19,36,0,2,68,30,100,44,36,80,180
02/22/2023,VQQ,FL,ASO,ES,Federal Contract Tower,0,0,57,43,100,0,0,25,51,76,0,0,82,94,176,96,178,274,450
02/23/2023,VQQ,FL,ASO,ES,Federal Contract Tower,1,0,44,26,71,0,0,40,48,88,1,0,84,74,159,176,230,406,565
02/24/2023,VQQ,FL,ASO,ES,Federal Contract Tower,7,0,78,30,115,0,0,21,34,55,7,0,99,64,170,106,26,132,302
02/25/2023,VQQ,FL,ASO,ES,Federal Contract Tower,0,1,41,8,50,0,0,36,5,41,0,1,77,13,91,234,18,252,343
02/26/2023,VQQ,FL,ASO,ES,Federal Contract Tower,3,3,9,11,26,0,0,15,2,17,3,3,24,13,43,22,12,34,77
02/27/2023,VQQ,FL,ASO,ES,Federal Contract Tower,2,1,30,25,58,0,2,37,26,65,2,3,67,51,123,84,144,228,351
02/28/2023,VQQ,FL,ASO,ES,Federal Contract Tower,1,3,46,9,59,0,0,24,43,67,1,3,70,52,126,132,146,278,404
03/01/2023,VQQ,FL,ASO,ES,Federal Contract Tower,4,3,24,32,63,0,2,57,64,123,4,5,81,96,186,371,87,458,644
03/02/2023,VQQ,FL,ASO,ES,Federal Contract Tower,0,0,37,13,50,0,0,54,68,122,0,0,91,81,172,170,90,260,432
03/03/2023,VQQ,FL,ASO,ES,Federal Contract Tower,0,2,19,34,55,0,0,23,62,85,0,2,42,96,140,172,40,212,352
03/04/2023,VQQ,FL,ASO,ES,Federal Contract Tower,0,0,12,1,13,0,0,3,0,3,0,0,15,1,16,10,0,10,26
03/05/2023,VQQ,FL,ASO,ES,Federal Contract Tower,0,0,16,2,18,0,0,32,4,36,0,0,48,6,54,112,0,112,166
03/06/2023,VQQ,FL,ASO,ES,Federal Contract Tower,0,0,41,11,52,0,0,32,48,80,0,0,73,59,132,186,82,268,400
03/07/2023,VQQ,FL,ASO,ES,Federal Contract Tower,5,0,28,9,42,0,0,21,82,103,5,0,49,91,145,104,72,176,321
03/08/2023,VQQ,FL,ASO,ES,Federal Contract Tower,0,1,39,9,49,0,0,31,51,82,0,1,70,60,131,64,84,148,279
03/09/2023,VQQ,FL,ASO,ES,Federal Contract Tower,2,0,59,32,93,0,0,96,41,137,2,0,155,73,230,374,64,438,668
03/10/2023,VQQ,FL,ASO,ES,Federal Contract Tower,2,0,40,12,54,0,0,48,19,67,2,0,88,31,121,166,48,214,335
03/11/2023,VQQ,FL,ASO,ES,Federal Contract Tower,1,0,27,7,35,0,0,42,2,44,1,0,69,9,79,164,0,164,243
03/12/2023,VQQ,FL,ASO,ES,Federal Contract Tower,0,0,26,7,33,0,0,13,0,13,0,0,39,7,46,34,0,34,80
03/13/2023,VQQ,FL,ASO,ES,Federal Contract Tower,0,0,15,3,18,0,0,1,9,10,0,0,16,12,28,0,60,60,88
03/14/2023,VQQ,FL,ASO,ES,Federal Contract Tower,1,2,40,29,72,0,0,54,33,87,1,2,94,62,159,222,166,388,547
03/15/2023,VQQ,FL,ASO,ES,Federal Contract Tower,0,0,23,14,37,0,0,47,27,74,0,0,70,41,111,206,134,340,451
03/16/2023,VQQ,FL,ASO,ES,Federal Contract Tower,0,0,34,22,56,0,0,96,11,107,0,0,130,33,163,368,36,404,567
03/17/2023,VQQ,FL,ASO,ES,Federal Contract Tower,6,0,46,28,80,0,0,33,14,47,6,0,79,42,127,142,52,194,321
03/18/2023,VQQ,FL,ASO,ES,Federal Contract Tower,2,0,2,4,8,0,0,0,14,14,2,0,2,18,22,0,0,0,22
03/19/2023,VQQ,FL,ASO,ES,Federal Contract Tower,2,0,19,4,25,0,0,40,0,40,2,0,59,4,65,174,0,174,239
03/20/2023,VQQ,FL,ASO,ES,Federal Contract Tower,2,0,73,37,112,0,0,66,49,115,2,0,139,86,227,182,4,186,413
03/21/2023,VQQ,FL,ASO,ES,Federal Contract Tower,2,0,53,49,104,0,0,43,60,103,2,0,96,109,207,277,153,430,637
03/22/2023,VQQ,FL,ASO,ES,Federal Contract Tower,5,0,59,36,100,0,1,31,59,91,5,1,90,95,191,164,102,266,457
03/23/2023,VQQ,FL,ASO,ES,Federal Contract Tower,0,6,41,36,83,0,0,58,70,128,0,6,99,106,211,284,52,336,547
03/24/2023,VQQ,FL,ASO,ES,Federal Contract Tower,2,0,59,21,82,0,0,51,47,98,2,0,110,68,180,226,10,236,416
03/25/2023,VQQ,FL,ASO,ES,Federal Contract Tower,2,0,53,19,74,0,0,18,26,44,2,0,71,45,118,76,70,146,264
03/26/2023,VQQ,FL,ASO,ES,Federal Contract Tower,0,0,25,2,27,0,0,17,5,22,0,0,42,7,49,44,0,44,93
03/27/2023,VQQ,FL,ASO,ES,Federal Contract Tower,6,0,48,32,86,0,0,19,44,63,6,0,67,76,149,93,51,144,293
03/28/2023,VQQ,FL,ASO,ES,Federal Contract Tower,0,2,38,28,68,0,0,6,17,23,0,2,44,45,91,14,54,68,159
03/29/2023,VQQ,FL,ASO,ES,Federal Contract Tower,0,1,74,44,119,0,0,44,65,109,0,1,118,109,228,210,118,328,556
03/30/2023,VQQ,FL,ASO,ES,Federal Contract Tower,0,0,81,17,98,0,0,58,53,111,0,0,139,70,209,260,110,370,579
03/31/2023,VQQ,FL,ASO,ES,Federal Contract Tower,2,0,65,15,82,0,0,46,42,88,2,0,111,57,170,336,30,366,536
04/01/2023,VQQ,FL,ASO,ES,Federal Contract Tower,0,0,32,6,38,0,0,17,7,24,0,0,49,13,62,56,24,80,142
04/02/2023,VQQ,FL,ASO,ES,Federal Contract Tower,4,0,24,6,34,0,0,17,0,17,4,0,41,6,51,52,0,52,103
04/03/2023,VQQ,FL,ASO,ES,Federal Contract Tower,0,1,25,4,30,0,0,27,4,31,0,1,52,8,61,200,60,260,321
04/04/2023,VQQ,FL,ASO,ES,Federal Contract Tower,2,0,63,11,76,0,0,14,33,47,2,0,77,44,123,45,167,212,335
04/05/2023,VQQ,FL,ASO,ES,Federal Contract Tower,2,1,53,8,64,0,0,48,33,81,2,1,101,41,145,276,86,362,507
04/06/2023,VQQ,FL,ASO,ES,Federal Contract Tower,3,2,55,10,70,0,0,30,28,58,3,2,85,38,128,202,114,316,444
04/07/2023,VQQ,FL,ASO,ES,Federal Contract Tower,0,0,52,10,62,0,0,38,22,60,0,0,90,32,122,148,26,174,296
04/09/2023,VQQ,FL,ASO,ES,Federal Contract Tower,0,1,4,3,8,0,0,0,0,0,0,1,4,3,8,0,0,0,8
04/10/2023,VQQ,FL,ASO,ES,Federal Contract Tower,2,0,12,30,44,0,0,4,13,17,2,0,16,43,61,30,78,108,169
04/11/2023,VQQ,FL,ASO,ES,Federal Contract Tower,2,0,31,10,43,0,0,8,35,43,2,0,39,45,86,27,30,57,143
04/12/2023,VQQ,FL,ASO,ES,Federal Contract Tower,0,0,42,10,52,0,0,45,30,75,0,0,87,40,127,151,86,237,364
04/13/2023,VQQ,FL,ASO,ES,Federal Contract Tower,0,4,25,38,67,0,0,11,20,31,0,4,36,58,98,60,136,196,294
04/14/2023,VQQ,FL,ASO,ES,Federal Contract Tower,2,2,58,27,89,0,0,38,29,67,2,2,96,56,156,242,94,336,492
04/15/2023,VQQ,FL,ASO,ES,Federal Contract Tower,0,0,23,4,27,0,0,37,2,39,0,0,60,6,66,268,0,268,334
04/16/2023,VQQ,FL,ASO,ES,Federal Contract Tower,0,0,29,0,29,0,0,2,2,4,0,0,31,2,33,34,0,34,67
04/17/2023,VQQ,FL,ASO,ES,Federal Contract Tower,1,0,69,10,80,0,0,40,14,54,1,0,109,24,134,230,18,248,382
04/18/2023,VQQ,FL,ASO,ES,Federal Contract Tower,0,4,78,14,96,0,0,60,42,102,0,4,138,56,198,194,156,350,548
04/19/2023,VQQ,FL,ASO,ES,Federal Contract Tower,1,0,61,16,78,0,0,62,41,103,1,0,123,57,181,312,128,440,621
04/20/2023,VQQ,FL,ASO,ES,Federal Contract Tower,4,1,45,13,63,0,0,48,21,69,4,1,93,34,132,162,28,190,322
04/21/2023,VQQ,FL,ASO,ES,Federal Contract Tower,0,4,55,40,99,0,0,52,16,68,0,4,107,56,167,150,80,230,397
04/22/2023,VQQ,FL,ASO,ES,Federal Contract Tower,0,0,31,5,36,0,0,32,3,35,0,0,63,8,71,120,0,120,191
04/23/2023,VQQ,FL,ASO,ES,Federal Contract Tower,4,0,12,9,25,0,0,22,1,23,4,0,34,10,48,52,0,52,100
04/24/2023,VQQ,FL,ASO,ES,Federal Contract Tower,1,3,60,19,83,0,0,53,15,68,1,3,113,34,151,252,44,296,447
04/25/2023,VQQ,FL,ASO,ES,Federal Contract Tower,2,7,44,20,73,0,0,39,27,66,2,7,83,47,139,166,114,280,419
04/26/2023,VQQ,FL,ASO,ES,Federal Contract Tower,0,1,42,20,63,0,0,42,23,65,0,1,84,43,128,164,70,234,362
04/27/2023,VQQ,FL,ASO,ES,Federal Contract Tower,2,1,42,14,59,0,0,19,15,34,2,1,61,29,93,102,60,162,255
04/28/2023,VQQ,FL,ASO,ES,Federal Contract Tower,2,2,41,5,50,0,0,23,19,42,2,2,64,24,92,48,38,86,178
04/29/2023,VQQ,FL,ASO,ES,Federal Contract Tower,0,0,11,3,14,0,0,8,2,10,0,0,19,5,24,42,12,54,78
04/30/2023,VQQ,FL,ASO,ES,Federal Contract Tower,2,0,13,3,18,0,0,3,0,3,2,0,16,3,21,0,0,0,21
05/01/2023,VQQ,FL,ASO,ES,Federal Contract Tower,0,2,27,9,38,0,0,15,11,26,0,2,42,20,64,32,20,52,116
05/02/2023,VQQ,FL,ASO,ES,Federal Contract Tower,3,0,64,31,98,0,0,39,15,54,3,0,103,46,152,238,78,316,468
05/03/2023,VQQ,FL,ASO,ES,Federal Contract Tower,2,0,59,13,74,3,0,33,28,64,5,0,92,41,138,94,284,378,516
05/04/2023,VQQ,FL,ASO,ES,Federal Contract Tower,0,0,48,34,82,0,0,62,25,87,0,0,110,59,169,276,68,344,513
05/05/2023,VQQ,FL,ASO,ES,Federal Contract Tower,2,0,56,7,65,0,0,54,24,78,2,0,110,31,143,234,80,314,457
05/06/2023,VQQ,FL,ASO,ES,Federal Contract Tower,0,0,33,6,39,0,0,3,7,10,0,0,36,13,49,2,56,58,107
05/07/2023,VQQ,FL,ASO,ES,Federal Contract Tower,0,0,12,2,14,0,0,20,1,21,0,0,32,3,35,100,0,100,135
05/08/2023,VQQ,FL,ASO,ES,Federal Contract Tower,4,0,54,12,70,0,0,50,17,67,4,0,104,29,137,172,70,242,379
05/09/2023,VQQ,FL,ASO,ES,Federal Contract Tower,6,0,44,12,62,0,0,49,41,90,6,0,93,53,152,230,283,513,665
05/10/2023,VQQ,FL,ASO,ES,Federal Contract Tower,6,0,36,26,68,0,0,29,10,39,6,0,65,36,107,156,56,212,319
05/11/2023,VQQ,FL,ASO,ES,Federal Contract Tower,1,0,81,22,104,0,0,38,22,60,1,0,119,44,164,222,86,308,472
05/12/2023,VQQ,FL,ASO,ES,Federal Contract Tower,0,4,35,27,66,0,0,17,17,34,0,4,52,44,100,54,88,142,242
05/13/2023,VQQ,FL,ASO,ES,Federal Contract Tower,0,0,16,1,17,0,0,18,0,18,0,0,34,1,35,52,0,52,87
05/14/2023,VQQ,FL,ASO,ES,Federal Contract Tower,2,0,19,0,21,0,0,16,0,16,2,0,35,0,37,42,0,42,79
05/15/2023,VQQ,FL,ASO,ES,Federal Contract Tower,0,0,61,33,94,0,0,65,13,78,0,0,126,46,172,262,182,444,616
05/16/2023,VQQ,FL,ASO,ES,Federal Contract Tower,1,0,32,15,48,0,0,37,35,72,1,0,69,50,120,239,112,351,471
05/17/2023,VQQ,FL,ASO,ES,Federal Contract Tower,2,0,19,12,33,0,0,11,33,44,2,0,30,45,77,32,86,118,195
05/18/2023,VQQ,FL,ASO,ES,Federal Contract Tower,0,0,61,18,79,0,0,27,34,61,0,0,88,52,140,76,220,296,436
05/19/2023,VQQ,FL,ASO,ES,Federal Contract Tower,0,0,57,16,73,0,0,5,16,21,0,0,62,32,94,8,34,42,136
05/20/2023,VQQ,FL,ASO,ES,Federal Contract Tower,2,0,31,2,35,0,0,39,4,43,2,0,70,6,78,164,0,164,242
05/21/2023,VQQ,FL,ASO,ES,Federal Contract Tower,0,4,20,2,26,0,0,31,0,31,0,4,51,2,57,156,0,156,213
05/22/2023,VQQ,FL,ASO,ES,Federal Contract Tower,0,0,16,2,18,0,0,2,6,8,0,0,18,8,26,4,50,54,80
05/23/2023,VQQ,FL,ASO,ES,Federal Contract Tower,0,0,26,16,42,0,0,25,27,52,0,0,51,43,94,52,146,198,292
05/24/2023,VQQ,FL,ASO,ES,Federal Contract Tower,1,4,32,10,47,0,0,8,35,43,1,4,40,45,90,60,136,196,286
05/25/2023,VQQ,FL,ASO,ES,Federal Contract Tower,0,0,100,3,103,0,0,51,27,78,0,0,151,30,181,248,130,378,559
05/26/2023,VQQ,FL,ASO,ES,Federal Contract Tower,1,2,24,0,27,0,0,4,0,4,1,2,28,0,31,24,0,24,55
05/27/2023,VQQ,FL,ASO,ES,Federal Contract Tower,2,0,23,4,29,0,0,13,1,14,2,0,36,5,43,66,0,66,109
05/28/2023,VQQ,FL,ASO,ES,Federal Contract Tower,0,0,34,3,37,0,0,23,0,23,0,0,57,3,60,88,0,88,148
05/29/2023,VQQ,FL,ASO,ES,Federal Contract Tower,0,0,54,0,54,0,0,41,5,46,0,0,95,5,100,134,0,134,234
05/30/2023,VQQ,FL,ASO,ES,Federal Contract Tower,1,0,76,22,99,0,0,46,23,69,1,0,122,45,168,227,11,238,406
05/31/2023,VQQ,FL,ASO,ES,Federal Contract Tower,0,0,56,16,72,0,0,52,50,102,0,0,108,66,174,254,238,492,666
06/01/2023,VQQ,FL,ASO,ES,Federal Contract Tower,3,0,84,30,117,0,0,22,35,57,3,0,106,65,174,90,272,362,536
06/02/2023,VQQ,FL,ASO,ES,Federal Contract Tower,0,0,65,9,74,0,0,31,18,49,0,0,96,27,123,120,130,250,373
06/03/2023,VQQ,FL,ASO,ES,Federal Contract Tower,2,0,27,0,29,0,0,5,0,5,2,0,32,0,34,20,0,20,54
06/04/2023,VQQ,FL,ASO,ES,Federal Contract Tower,1,0,17,0,18,0,0,0,0,0,1,0,17,0,18,0,0,0,18
06/05/2023,VQQ,FL,ASO,ES,Federal Contract Tower,0,4,43,6,53,0,0,71,9,80,0,4,114,15,133,282,48,330,463
06/06/2023,VQQ,FL,ASO,ES,Federal Contract Tower,0,0,38,5,43,0,0,65,43,108,0,0,103,48,151,314,260,574,725
06/07/2023,VQQ,FL,ASO,ES,Federal Contract Tower,1,0,48,21,70,0,0,43,36,79,1,0,91,57,149,256,128,384,533
06/08/2023,VQQ,FL,ASO,ES,Federal Contract Tower,0,0,32,9,41,0,0,60,43,103,0,0,92,52,144,204,148,352,496
06/09/2023,VQQ,FL,ASO,ES,Federal Contract Tower,0,0,43,8,51,0,0,35,15,50,0,0,78,23,101,100,52,152,253
06/10/2023,VQQ,FL,ASO,ES,Federal Contract Tower,0,0,17,9,26,0,0,7,1,8,0,0,24,10,34,10,4,14,48
06/11/2023,VQQ,FL,ASO,ES,Federal Contract Tower,0,0,28,3,31,0,0,26,0,26,0,0,54,3,57,112,2,114,171
06/12/2023,VQQ,FL,ASO,ES,Federal Contract Tower,0,0,23,5,28,0,0,45,26,71,0,0,68,31,99,206,48,254,353
06/13/2023,VQQ,FL,ASO,ES,Federal Contract Tower,0,0,29,20,49,0,0,15,20,35,0,0,44,40,84,54,46,100,184
06/14/2023,VQQ,FL,ASO,ES,Federal Contract Tower,1,0,42,14,57,0,0,23,30,53,1,0,65,44,110,126,198,324,434
06/15/2023,VQQ,FL,ASO,ES,Federal Contract Tower,0,0,12,5,17,0,0,27,6,33,0,0,39,11,50,148,24,172,222
06/16/2023,VQQ,FL,ASO,ES,Federal Contract Tower,3,1,22,5,31,0,0,17,8,25,3,1,39,13,56,46,38,84,140
06/17/2023,VQQ,FL,ASO,ES,Federal Contract Tower,0,0,6,0,6,0,0,9,0,9,0,0,15,0,15,20,0,20,35
06/18/2023,VQQ,FL,ASO,ES,Federal Contract Tower,2,0,19,0,21,0,0,24,0,24,2,0,43,0,45,128,0,128,173
06/19/2023,VQQ,FL,ASO,ES,Federal Contract Tower,0,0,21,0,21,0,0,51,0,51,0,0,72,0,72,116,0,116,188
06/20/2023,VQQ,FL,ASO,ES,Federal Contract Tower,0,2,20,8,30,0,2,19,17,38,0,4,39,25,68,62,70,132,200
06/21/2023,VQQ,FL,ASO,ES,Federal Contract Tower,0,0,18,11,29,0,0,11,29,40,0,0,29,40,69,80,160,240,309
06/22/2023,VQQ,FL,ASO,ES,Federal Contract Tower,5,0,21,21,47,2,0,12,30,44,7,0,33,51,91,50,80,130,221
06/23/2023,VQQ,FL,ASO,ES,Federal Contract Tower,0,0,17,8,25,0,0,22,20,42,0,0,39,28,67,34,60,94,161
06/24/2023,VQQ,FL,ASO,ES,Federal Contract Tower,1,0,20,0,21,0,0,23,6,29,1,0,43,6,50,54,6,60,110
06/25/2023,VQQ,FL,ASO,ES,Federal Contract Tower,1,0,14,5,20,0,0,30,2,32,1,0,44,7,52,108,6,114,166
06/26/2023,VQQ,FL,ASO,ES,Federal Contract Tower,1,0,45,13,59,0,0,40,17,57,1,0,85,30,116,170,80,250,366
06/27/2023,VQQ,FL,ASO,ES,Federal Contract Tower,2,0,29,21,52,2,0,17,27,46,4,0,46,48,98,112,102,214,312
06/28/2023,VQQ,FL,ASO,ES,Federal Contract Tower,1,0,47,14,62,0,0,35,31,66,1,0,82,45,128,106,132,238,366
06/29/2023,VQQ,FL,ASO,ES,Federal Contract Tower,0,2,75,24,101,0,0,73,24,97,0,2,148,48,198,218,40,258,456
06/30/2023,VQQ,FL,ASO,ES,Federal Contract Tower,0,0,32,2,34,0,0,24,11,35,0,0,56,13,69,88,38,126,195
07/01/2023,VQQ,FL,ASO,ES,Federal Contract Tower,0,0,33,4,37,0,0,34,0,34,0,0,67,4,71,98,0,98,169
07/02/2023,VQQ,FL,ASO,ES,Federal Contract Tower,0,2,6,0,8,0,0,33,0,33,0,2,39,0,41,84,0,84,125
07/03/2023,VQQ,FL,ASO,ES,Federal Contract Tower,0,0,33,0,33,0,0,36,0,36,0,0,69,0,69,134,0,134,203
07/04/2023,VQQ,FL,ASO,ES,Federal Contract Tower,0,0,8,2,10,0,0,26,1,27,0,0,34,3,37,60,2,62,99
07/05/2023,VQQ,FL,ASO,ES,Federal Contract Tower,0,0,36,13,49,0,0,27,32,59,0,0,63,45,108,130,80,210,318
07/06/2023,VQQ,FL,ASO,ES,Federal Contract Tower,0,0,21,27,48,0,0,40,17,57,0,0,61,44,105,118,138,256,361
07/07/2023,VQQ,FL,ASO,ES,Federal Contract Tower,0,0,27,21,48,0,0,34,19,53,0,0,61,40,101,166,84,250,351
07/08/2023,VQQ,FL,ASO,ES,Federal Contract Tower,2,0,14,1,17,0,0,30,0,30,2,0,44,1,47,112,0,112,159
07/09/2023,VQQ,FL,ASO,ES,Federal Contract Tower,0,0,6,1,7,0,0,13,0,13,0,0,19,1,20,58,0,58,78
07/10/2023,VQQ,FL,ASO,ES,Federal Contract Tower,0,0,17,1,18,0,0,16,20,36,0,0,33,21,54,40,58,98,152
07/11/2023,VQQ,FL,ASO,ES,Federal Contract Tower,0,0,29,7,36,0,0,16,32,48,0,0,45,39,84,57,52,109,193
07/12/2023,VQQ,FL,ASO,ES,Federal Contract Tower,0,1,32,16,49,0,0,52,16,68,0,1,84,32,117,174,88,262,379
07/13/2023,VQQ,FL,ASO,ES,Federal Contract Tower,0,0,22,9,31,0,0,36,8,44,0,0,58,17,75,180,6,186,261
07/14/2023,VQQ,FL,ASO,ES,Federal Contract Tower,0,0,42,11,53,0,0,39,4,43,0,0,81,15,96,204,0,204,300
07/15/2023,VQQ,FL,ASO,ES,Federal Contract Tower,1,2,2,6,11,0,0,26,0,26,1,2,28,6,37,80,0,80,117
07/16/2023,VQQ,FL,ASO,ES,Federal Contract Tower,0,0,26,0,26,0,0,3,1,4,0,0,29,1,30,6,0,6,36
07/17/2023,VQQ,FL,ASO,ES,Federal Contract Tower,0,0,17,14,31,0,0,18,14,32,0,0,35,28,63,78,60,138,201
07/18/2023,VQQ,FL,ASO,ES,Federal Contract Tower,3,4,44,16,67,0,0,31,28,59,3,4,75,44,126,102,124,226,352
07/19/2023,VQQ,FL,ASO,ES,Federal Contract Tower,0,2,60,9,71,0,0,58,20,78,0,2,118,29,149,242,128,370,519
07/20/2023,VQQ,FL,ASO,ES,Federal Contract Tower,0,0,16,26,42,0,0,67,30,97,0,0,83,56,139,342,88,430,569
07/21/2023,VQQ,FL,ASO,ES,Federal Contract Tower,1,0,66,24,91,0,0,49,26,75,1,0,115,50,166,222,52,274,440
07/22/2023,VQQ,FL,ASO,ES,Federal Contract Tower,2,1,16,5,24,0,0,21,1,22,2,1,37,6,46,72,0,72,118
07/23/2023,VQQ,FL,ASO,ES,Federal Contract Tower,0,0,7,0,7,0,0,11,0,11,0,0,18,0,18,30,0,30,48
07/24/2023,VQQ,FL,ASO,ES,Federal Contract Tower,0,0,15,1,16,0,0,33,16,49,0,0,48,17,65,174,56,230,295
07/25/2023,VQQ,FL,ASO,ES,Federal Contract Tower,2,0,16,9,27,0,0,19,56,75,2,0,35,65,102,62,230,292,394
07/26/2023,VQQ,FL,ASO,ES,Federal Contract Tower,0,0,58,28,86,0,0,79,36,115,0,0,137,64,201,310,142,452,653
07/27/2023,VQQ,FL,ASO,ES,Federal Contract Tower,0,0,62,15,77,0,0,50,30,80,0,0,112,45,157,122,140,262,419
07/28/2023,VQQ,FL,ASO,ES,Federal Contract Tower,0,0,24,13,37,0,0,4,24,28,0,0,28,37,65,2,70,72,137
07/29/2023,VQQ,FL,ASO,ES,Federal Contract Tower,0,2,15,2,19,0,0,16,5,21,0,2,31,7,40,36,0,36,76
07/30/2023,VQQ,FL,ASO,ES,Federal Contract Tower,0,0,23,3,26,0,0,21,2,23,0,0,44,5,49,50,0,50,99
07/31/2023,VQQ,FL,ASO,ES,Federal Contract Tower,2,0,39,3,44,0,0,28,15,43,2,0,67,18,87,122,60,182,269
08/01/2023,VQQ,FL,ASO,ES,Federal Contract Tower,6,0,60,6,72,0,0,43,25,68,6,0,103,31,140,121,94,215,355
08/02/2023,VQQ,FL,ASO,ES,Federal Contract Tower,2,0,18,8,28,0,0,59,42,101,2,0,77,50,129,202,138,340,469
08/03/2023,VQQ,FL,ASO,ES,Federal Contract Tower,3,0,47,16,66,0,2,53,31,86,3,2,100,47,152,170,48,218,370
08/04/2023,VQQ,FL,ASO,ES,Federal Contract Tower,0,0,24,8,32,0,0,28,4,32,0,0,52,12,64,66,10,76,140
08/05/2023,VQQ,FL,ASO,ES,Federal Contract Tower,0,2,32,14,48,0,0,21,3,24,0,2,53,17,72,72,0,72,144
08/06/2023,VQQ,FL,ASO,ES,Federal Contract Tower,0,0,27,18,45,0,0,25,14,39,0,0,52,32,84,68,2,70,154
08/07/2023,VQQ,FL,ASO,ES,Federal Contract Tower,0,2,24,14,40,0,0,52,45,97,0,2,76,59,137,168,24,192,329
08/08/2023,VQQ,FL,ASO,ES,Federal Contract Tower,1,0,48,40,89,0,0,30,28,58,1,0,78,68,147,86,164,250,397
08/09/2023,VQQ,FL,ASO,ES,Federal Contract Tower,0,0,41,49,90,0,0,68,32,100,0,0,109,81,190,274,124,398,588
08/10/2023,VQQ,FL,ASO,ES,Federal Contract Tower,0,0,44,54,98,0,0,29,29,58,0,0,73,83,156,142,86,228,384
08/11/2023,VQQ,FL,ASO,ES,Federal Contract Tower,0,0,39,37,76,0,0,49,21,70,0,0,88,58,146,170,50,220,366
08/12/2023,VQQ,FL,ASO,ES,Federal Contract Tower,0,0,45,2,47,0,0,10,0,10,0,0,55,2,57,16,0,16,73
08/13/2023,VQQ,FL,ASO,ES,Federal Contract Tower,0,0,24,4,28,0,0,37,2,39,0,0,61,6,67,120,0,120,187
08/14/2023,VQQ,FL,ASO,ES,Federal Contract Tower,0,4,16,11,31,0,0,34,16,50,0,4,50,27,81,158,62,220,301
08/15/2023,VQQ,FL,ASO,ES,Federal Contract Tower,2,0,25,3,30,0,0,30,13,43,2,0,55,16,73,104,82,186,259
08/16/2023,VQQ,FL,ASO,ES,Federal Contract Tower,0,0,37,11,48,0,0,39,31,70,0,0,76,42,118,178,130,308,426
08/17/2023,VQQ,FL,ASO,ES,Federal Contract Tower,0,0,29,10,39,0,0,22,20,42,0,0,51,30,81,96,98,194,275
08/18/2023,VQQ,FL,ASO,ES,Federal Contract Tower,0,0,43,16,59,0,0,62,20,82,0,0,105,36,141,308,30,338,479
08/19/2023,VQQ,FL,ASO,ES,Federal Contract Tower,0,0,29,1,30,0,0,37,4,41,0,0,66,5,71,136,0,136,207
08/20/2023,VQQ,FL,ASO,ES,Federal Contract Tower,0,0,14,1,15,0,0,0,3,3,0,0,14,4,18,0,0,0,18
08/21/2023,VQQ,FL,ASO,ES,Federal Contract Tower,3,0,31,6,40,2,0,36,28,66,5,0,67,34,106,134,78,212,318
08/22/2023,VQQ,FL,ASO,ES,Federal Contract Tower,0,2,32,15,49,0,2,31,37,70,0,4,63,52,119,104,188,292,411
08/23/2023,VQQ,FL,ASO,ES,Federal Contract Tower,0,0,33,33,66,0,0,39,28,67,0,0,72,61,133,140,102,242,375
08/24/2023,VQQ,FL,ASO,ES,Federal Contract Tower,4,0,26,12,42,0,0,48,40,88,4,0,74,52,130,230,198,428,558
08/25/2023,VQQ,FL,ASO,ES,Federal Contract Tower,0,0,48,25,73,0,2,32,21,55,0,2,80,46,128,206,68,274,402
08/26/2023,VQQ,FL,ASO,ES,Federal Contract Tower,0,0,5,0,5,0,0,27,11,38,0,0,32,11,43,78,4,82,125
08/27/2023,VQQ,FL,ASO,ES,Federal Contract Tower,0,0,8,15,23,0,0,39,4,43,0,0,47,19,66,92,22,114,180
08/28/2023,VQQ,FL,ASO,ES,Federal Contract Tower,1,0,17,1,19,0,0,24,25,49,1,0,41,26,68,150,56,206,274
08/29/2023,VQQ,FL,ASO,ES,Federal Contract Tower,1,0,22,23,46,0,0,39,10,49,1,0,61,33,95,114,4,118,213
08/30/2023,VQQ,FL,ASO,ES,Federal Contract Tower,0,0,0,0,0,0,0,0,0,0,0,0,0,0,0,0,0,0,0
08/31/2023,VQQ,FL,ASO,ES,Federal Contract Tower,0,0,32,5,37,0,0,36,14,50,0,0,68,19,87,142,10,152,239
