01/01/2020,VRB,FL,ASO,ES,Towers with Radar,0,21,31,0,52,0,7,34,0,41,0,28,65,0,93,16,0,16,109
01/02/2020,VRB,FL,ASO,ES,Towers with Radar,2,75,53,0,130,0,191,160,0,351,2,266,213,0,481,520,0,520,1001
01/03/2020,VRB,FL,ASO,ES,Towers with Radar,2,69,55,0,126,0,138,128,0,266,2,207,183,0,392,419,0,419,811
01/04/2020,VRB,FL,ASO,ES,Towers with Radar,1,57,53,0,111,0,15,31,0,46,1,72,84,0,157,81,0,81,238
01/05/2020,VRB,FL,ASO,ES,Towers with Radar,1,31,47,0,79,0,16,64,0,80,1,47,111,0,159,113,0,113,272
01/06/2020,VRB,FL,ASO,ES,Towers with Radar,4,46,28,0,78,0,219,159,0,378,4,265,187,0,456,444,0,444,900
01/07/2020,VRB,FL,ASO,ES,Towers with Radar,0,39,41,0,80,0,250,167,0,417,0,289,208,0,497,539,0,539,1036
01/08/2020,VRB,FL,ASO,ES,Towers with Radar,1,41,57,0,99,0,249,193,0,442,1,290,250,0,541,385,0,385,926
01/09/2020,VRB,FL,ASO,ES,Towers with Radar,0,51,42,0,93,0,208,122,0,330,0,259,164,0,423,384,0,384,807
01/10/2020,VRB,FL,ASO,ES,Towers with Radar,0,73,49,0,122,0,202,122,0,324,0,275,171,0,446,354,0,354,800
01/11/2020,VRB,FL,ASO,ES,Towers with Radar,0,56,43,0,99,0,73,30,0,103,0,129,73,0,202,286,0,286,488
01/12/2020,VRB,FL,ASO,ES,Towers with Radar,0,22,41,0,63,0,1,51,0,52,0,23,92,0,115,47,0,47,162
01/13/2020,VRB,FL,ASO,ES,Towers with Radar,0,58,45,0,103,0,252,183,0,435,0,310,228,0,538,593,0,593,1131
01/14/2020,VRB,FL,ASO,ES,Towers with Radar,0,53,47,0,100,0,141,106,0,247,0,194,153,0,347,469,0,469,816
01/15/2020,VRB,FL,ASO,ES,Towers with Radar,0,56,53,2,111,0,283,225,0,508,0,339,278,2,619,591,0,591,1210
01/16/2020,VRB,FL,ASO,ES,Towers with Radar,0,63,65,0,128,0,267,253,0,520,0,330,318,0,648,691,0,691,1339
01/17/2020,VRB,FL,ASO,ES,Towers with Radar,0,62,52,0,114,0,185,121,0,306,0,247,173,0,420,205,0,205,625
01/18/2020,VRB,FL,ASO,ES,Towers with Radar,0,34,58,0,92,0,169,118,0,287,0,203,176,0,379,384,0,384,763
01/19/2020,VRB,FL,ASO,ES,Towers with Radar,1,23,46,0,70,0,5,139,0,144,1,28,185,0,214,134,0,134,348
01/20/2020,VRB,FL,ASO,ES,Towers with Radar,2,54,60,0,116,0,305,196,0,501,2,359,256,0,617,548,0,548,1165
01/21/2020,VRB,FL,ASO,ES,Towers with Radar,0,41,59,1,101,0,149,190,1,340,0,190,249,2,441,123,0,123,564
01/22/2020,VRB,FL,ASO,ES,Towers with Radar,0,74,49,0,123,0,50,50,0,100,0,124,99,0,223,137,0,137,360
01/23/2020,VRB,FL,ASO,ES,Towers with Radar,0,86,69,0,155,0,117,57,0,174,0,203,126,0,329,382,0,382,711
01/24/2020,VRB,FL,ASO,ES,Towers with Radar,0,72,65,2,139,0,149,105,0,254,0,221,170,2,393,525,0,525,918
01/25/2020,VRB,FL,ASO,ES,Towers with Radar,0,43,41,0,84,0,227,171,0,398,0,270,212,0,482,405,0,405,887
01/26/2020,VRB,FL,ASO,ES,Towers with Radar,0,22,63,0,85,0,4,141,0,145,0,26,204,0,230,145,0,145,375
01/27/2020,VRB,FL,ASO,ES,Towers with Radar,0,100,61,0,161,0,276,175,0,451,0,376,236,0,612,706,0,706,1318
01/28/2020,VRB,FL,ASO,ES,Towers with Radar,0,91,52,0,143,0,227,190,0,417,0,318,242,0,560,462,0,462,1022
01/29/2020,VRB,FL,ASO,ES,Towers with Radar,0,70,57,0,127,0,229,156,0,385,0,299,213,0,512,595,0,595,1107
01/30/2020,VRB,FL,ASO,ES,Towers with Radar,1,73,80,0,154,0,99,108,0,207,1,172,188,0,361,237,0,237,598
01/31/2020,VRB,FL,ASO,ES,Towers with Radar,2,101,60,0,163,0,216,165,1,382,2,317,225,1,545,555,0,555,1100
02/01/2020,VRB,FL,ASO,ES,Towers with Radar,0,38,20,0,58,0,3,3,0,6,0,41,23,0,64,18,0,18,82
02/02/2020,VRB,FL,ASO,ES,Towers with Radar,1,27,37,0,65,0,6,112,0,118,1,33,149,0,183,187,0,187,370
02/03/2020,VRB,FL,ASO,ES,Towers with Radar,3,87,60,0,150,0,222,203,0,425,3,309,263,0,575,512,0,512,1087
02/04/2020,VRB,FL,ASO,ES,Towers with Radar,0,93,85,0,178,0,274,182,2,458,0,367,267,2,636,460,0,460,1096
02/05/2020,VRB,FL,ASO,ES,Towers with Radar,0,85,71,0,156,0,240,168,0,408,0,325,239,0,564,576,0,576,1140
02/06/2020,VRB,FL,ASO,ES,Towers with Radar,0,78,46,0,124,0,109,85,0,194,0,187,131,0,318,181,0,181,499
02/07/2020,VRB,FL,ASO,ES,Towers with Radar,0,59,43,0,102,0,162,141,0,303,0,221,184,0,405,368,0,368,773
02/08/2020,VRB,FL,ASO,ES,Towers with Radar,0,73,67,0,140,0,212,157,0,369,0,285,224,0,509,377,0,377,886
02/09/2020,VRB,FL,ASO,ES,Towers with Radar,0,34,37,0,71,0,8,82,0,90,0,42,119,0,161,56,0,56,217
02/10/2020,VRB,FL,ASO,ES,Towers with Radar,0,87,55,0,142,0,291,187,0,478,0,378,242,0,620,666,0,666,1286
02/11/2020,VRB,FL,ASO,ES,Towers with Radar,0,92,81,0,173,0,266,192,0,458,0,358,273,0,631,542,0,542,1173
02/12/2020,VRB,FL,ASO,ES,Towers with Radar,0,100,76,2,178,0,210,191,0,401,0,310,267,2,579,609,0,609,1188
02/13/2020,VRB,FL,ASO,ES,Towers with Radar,0,75,66,0,141,0,206,181,0,387,0,281,247,0,528,297,0,297,825
02/14/2020,VRB,FL,ASO,ES,Towers with Radar,0,61,110,0,171,0,1,12,0,13,0,62,122,0,184,3,0,3,187
02/15/2020,VRB,FL,ASO,ES,Towers with Radar,0,61,31,0,92,0,44,36,0,80,0,105,67,0,172,167,0,167,339
02/16/2020,VRB,FL,ASO,ES,Towers with Radar,0,16,52,0,68,0,0,64,0,64,0,16,116,0,132,121,0,121,253
02/17/2020,VRB,FL,ASO,ES,Towers with Radar,0,115,93,0,208,0,240,196,0,436,0,355,289,0,644,596,0,596,1240
02/18/2020,VRB,FL,ASO,ES,Towers with Radar,0,103,71,0,174,0,291,203,0,494,0,394,274,0,668,646,0,646,1314
02/19/2020,VRB,FL,ASO,ES,Towers with Radar,0,80,74,6,160,0,243,152,0,395,0,323,226,6,555,719,0,719,1274
02/20/2020,VRB,FL,ASO,ES,Towers with Radar,2,86,88,0,176,0,181,170,0,351,2,267,258,0,527,693,0,693,1220
02/21/2020,VRB,FL,ASO,ES,Towers with Radar,3,19,51,2,75,0,0,0,0,0,3,19,51,2,75,0,0,0,75
02/22/2020,VRB,FL,ASO,ES,Towers with Radar,0,61,43,0,104,0,90,48,0,138,0,151,91,0,242,179,0,179,421
02/23/2020,VRB,FL,ASO,ES,Towers with Radar,3,21,54,0,78,0,3,119,2,124,3,24,173,2,202,138,16,154,356
02/24/2020,VRB,FL,ASO,ES,Towers with Radar,3,70,76,0,149,0,309,197,0,506,3,379,273,0,655,554,0,554,1209
02/25/2020,VRB,FL,ASO,ES,Towers with Radar,0,70,49,0,119,0,217,157,0,374,0,287,206,0,493,309,0,309,802
02/26/2020,VRB,FL,ASO,ES,Towers with Radar,0,55,41,0,96,0,69,57,0,126,0,124,98,0,222,230,0,230,452
02/27/2020,VRB,FL,ASO,ES,Towers with Radar,0,86,69,0,155,0,183,188,2,373,0,269,257,2,528,469,0,469,997
02/28/2020,VRB,FL,ASO,ES,Towers with Radar,3,72,71,0,146,0,210,178,0,388,3,282,249,0,534,479,0,479,1013
02/29/2020,VRB,FL,ASO,ES,Towers with Radar,0,34,48,0,82,0,127,104,0,231,0,161,152,0,313,326,0,326,639
03/01/2020,VRB,FL,ASO,ES,Towers with Radar,1,22,49,0,72,0,31,140,0,171,1,53,189,0,243,105,0,105,348
03/02/2020,VRB,FL,ASO,ES,Towers with Radar,2,78,51,0,131,0,171,126,0,297,2,249,177,0,428,570,0,570,998
03/03/2020,VRB,FL,ASO,ES,Towers with Radar,1,100,59,0,160,0,196,189,0,385,1,296,248,0,545,195,0,195,740
03/04/2020,VRB,FL,ASO,ES,Towers with Radar,0,82,74,0,156,0,162,128,0,290,0,244,202,0,446,154,0,154,600
03/05/2020,VRB,FL,ASO,ES,Towers with Radar,1,78,43,0,122,0,185,155,0,340,1,263,198,0,462,265,0,265,727
03/06/2020,VRB,FL,ASO,ES,Towers with Radar,1,60,79,0,140,0,111,104,0,215,1,171,183,0,355,403,0,403,758
03/07/2020,VRB,FL,ASO,ES,Towers with Radar,0,34,41,0,75,0,37,50,0,87,0,71,91,0,162,39,0,39,201
03/08/2020,VRB,FL,ASO,ES,Towers with Radar,0,39,68,0,107,0,1,49,0,50,0,40,117,0,157,75,0,75,232
03/09/2020,VRB,FL,ASO,ES,Towers with Radar,2,70,65,0,137,0,165,77,0,242,2,235,142,0,379,342,0,342,721
03/10/2020,VRB,FL,ASO,ES,Towers with Radar,1,65,54,0,120,0,242,189,0,431,1,307,243,0,551,682,0,682,1233
03/11/2020,VRB,FL,ASO,ES,Towers with Radar,0,76,84,0,160,0,269,190,0,459,0,345,274,0,619,668,0,668,1287
03/12/2020,VRB,FL,ASO,ES,Towers with Radar,0,59,77,0,136,0,252,176,0,428,0,311,253,0,564,714,0,714,1278
03/13/2020,VRB,FL,ASO,ES,Towers with Radar,0,56,63,0,119,0,230,212,0,442,0,286,275,0,561,600,0,600,1161
03/14/2020,VRB,FL,ASO,ES,Towers with Radar,0,44,55,0,99,0,99,101,0,200,0,143,156,0,299,398,0,398,697
03/15/2020,VRB,FL,ASO,ES,Towers with Radar,0,17,63,0,80,0,6,73,0,79,0,23,136,0,159,136,0,136,295
03/16/2020,VRB,FL,ASO,ES,Towers with Radar,0,25,70,0,95,0,8,139,4,151,0,33,209,4,246,80,0,80,326
03/17/2020,VRB,FL,ASO,ES,Towers with Radar,0,20,55,0,75,0,12,158,0,170,0,32,213,0,245,105,0,105,350
03/18/2020,VRB,FL,ASO,ES,Towers with Radar,0,54,66,0,120,0,122,143,0,265,0,176,209,0,385,536,0,536,921
03/19/2020,VRB,FL,ASO,ES,Towers with Radar,0,33,73,0,106,0,140,154,2,296,0,173,227,2,402,415,0,415,817
03/20/2020,VRB,FL,ASO,ES,Towers with Radar,0,49,65,0,114,0,144,142,0,286,0,193,207,0,400,450,0,450,850
03/21/2020,VRB,FL,ASO,ES,Towers with Radar,0,33,35,0,68,0,89,67,0,156,0,122,102,0,224,295,0,295,519
03/22/2020,VRB,FL,ASO,ES,Towers with Radar,0,10,37,0,47,0,15,86,0,101,0,25,123,0,148,92,0,92,240
03/23/2020,VRB,FL,ASO,ES,Towers with Radar,0,34,28,0,62,0,172,146,0,318,0,206,174,0,380,576,0,576,956
03/24/2020,VRB,FL,ASO,ES,Towers with Radar,0,32,30,0,62,0,167,132,2,301,0,199,162,2,363,415,0,415,778
03/25/2020,VRB,FL,ASO,ES,Towers with Radar,0,44,54,0,98,0,77,124,0,201,0,121,178,0,299,413,0,413,712
03/26/2020,VRB,FL,ASO,ES,Towers with Radar,0,33,29,0,62,0,82,105,0,187,0,115,134,0,249,288,0,288,537
03/27/2020,VRB,FL,ASO,ES,Towers with Radar,0,34,47,0,81,0,140,117,0,257,0,174,164,0,338,496,0,496,834
03/28/2020,VRB,FL,ASO,ES,Towers with Radar,0,20,17,0,37,0,77,83,0,160,0,97,100,0,197,239,0,239,436
03/29/2020,VRB,FL,ASO,ES,Towers with Radar,0,5,38,0,43,0,7,66,0,73,0,12,104,0,116,29,0,29,145
03/30/2020,VRB,FL,ASO,ES,Towers with Radar,0,53,40,0,93,0,152,109,0,261,0,205,149,0,354,333,0,333,687
03/31/2020,VRB,FL,ASO,ES,Towers with Radar,0,23,24,0,47,0,123,117,0,240,0,146,141,0,287,201,0,201,488
04/01/2020,VRB,FL,ASO,ES,Towers with Radar,0,32,33,0,65,0,111,122,0,233,0,143,155,0,298,244,0,244,542
04/02/2020,VRB,FL,ASO,ES,Towers with Radar,0,31,43,0,74,0,93,119,0,212,0,124,162,0,286,229,0,229,515
04/03/2020,VRB,FL,ASO,ES,Towers with Radar,0,23,8,0,31,0,49,103,0,152,0,72,111,0,183,262,0,262,445
04/04/2020,VRB,FL,ASO,ES,Towers with Radar,0,15,16,0,31,0,31,87,0,118,0,46,103,0,149,74,0,74,223
04/05/2020,VRB,FL,ASO,ES,Towers with Radar,0,1,7,0,8,0,1,28,0,29,0,2,35,0,37,62,0,62,99
04/06/2020,VRB,FL,ASO,ES,Towers with Radar,0,25,27,0,52,0,2,20,0,22,0,27,47,0,74,12,0,12,86
04/07/2020,VRB,FL,ASO,ES,Towers with Radar,0,32,22,0,54,0,66,132,0,198,0,98,154,0,252,343,0,343,595
04/08/2020,VRB,FL,ASO,ES,Towers with Radar,0,14,32,0,46,0,104,128,0,232,0,118,160,0,278,274,0,274,552
04/09/2020,VRB,FL,ASO,ES,Towers with Radar,0,28,45,0,73,0,33,52,0,85,0,61,97,0,158,82,0,82,240
04/10/2020,VRB,FL,ASO,ES,Towers with Radar,0,28,24,0,52,0,0,24,0,24,0,28,48,0,76,96,0,96,172
04/11/2020,VRB,FL,ASO,ES,Towers with Radar,0,4,15,0,19,0,0,89,0,89,0,4,104,0,108,77,0,77,185
04/12/2020,VRB,FL,ASO,ES,Towers with Radar,0,4,12,0,16,0,1,11,0,12,0,5,23,0,28,0,0,0,28
04/13/2020,VRB,FL,ASO,ES,Towers with Radar,0,25,12,0,37,0,20,31,0,51,0,45,43,0,88,38,0,38,126
04/14/2020,VRB,FL,ASO,ES,Towers with Radar,0,17,24,0,41,0,86,96,0,182,0,103,120,0,223,260,0,260,483
04/15/2020,VRB,FL,ASO,ES,Towers with Radar,0,33,26,0,59,0,48,85,0,133,0,81,111,0,192,138,0,138,330
04/16/2020,VRB,FL,ASO,ES,Towers with Radar,0,22,15,0,37,0,6,2,0,8,0,28,17,0,45,6,0,6,51
04/17/2020,VRB,FL,ASO,ES,Towers with Radar,0,34,47,0,81,0,12,23,0,35,0,46,70,0,116,29,0,29,145
04/18/2020,VRB,FL,ASO,ES,Towers with Radar,0,3,23,0,26,0,2,29,0,31,0,5,52,0,57,36,0,36,93
04/19/2020,VRB,FL,ASO,ES,Towers with Radar,0,8,32,0,40,0,8,78,0,86,0,16,110,0,126,41,0,41,167
04/20/2020,VRB,FL,ASO,ES,Towers with Radar,0,21,7,0,28,0,28,34,0,62,0,49,41,0,90,97,0,97,187
04/21/2020,VRB,FL,ASO,ES,Towers with Radar,0,38,48,0,86,0,115,193,0,308,0,153,241,0,394,103,0,103,497
04/22/2020,VRB,FL,ASO,ES,Towers with Radar,0,47,48,0,95,0,87,159,0,246,0,134,207,0,341,105,0,105,446
04/23/2020,VRB,FL,ASO,ES,Towers with Radar,0,21,18,0,39,0,44,100,0,144,0,65,118,0,183,58,0,58,241
04/24/2020,VRB,FL,ASO,ES,Towers with Radar,0,5,13,0,18,0,0,29,0,29,0,5,42,0,47,27,0,27,74
04/25/2020,VRB,FL,ASO,ES,Towers with Radar,0,6,41,0,47,0,0,33,0,33,0,6,74,0,80,39,0,39,119
04/26/2020,VRB,FL,ASO,ES,Towers with Radar,0,7,7,0,14,0,0,12,0,12,0,7,19,0,26,3,0,3,29
04/27/2020,VRB,FL,ASO,ES,Towers with Radar,0,24,46,0,70,0,97,171,0,268,0,121,217,0,338,99,0,99,437
04/28/2020,VRB,FL,ASO,ES,Towers with Radar,0,35,39,0,74,0,94,129,0,223,0,129,168,0,297,168,0,168,465
04/29/2020,VRB,FL,ASO,ES,Towers with Radar,0,43,57,0,100,0,75,111,0,186,0,118,168,0,286,153,0,153,439
04/30/2020,VRB,FL,ASO,ES,Towers with Radar,0,24,26,0,50,0,33,54,0,87,0,57,80,0,137,70,0,70,207
05/01/2020,VRB,FL,ASO,ES,Towers with Radar,0,50,37,0,87,0,114,166,0,280,0,164,203,0,367,136,0,136,503
05/02/2020,VRB,FL,ASO,ES,Towers with Radar,0,15,37,0,52,0,3,113,0,116,0,18,150,0,168,74,0,74,242
05/03/2020,VRB,FL,ASO,ES,Towers with Radar,0,9,28,0,37,0,0,103,0,103,0,9,131,0,140,32,0,32,172
05/04/2020,VRB,FL,ASO,ES,Towers with Radar,0,31,38,0,69,0,74,171,0,245,0,105,209,0,314,227,0,227,541
05/05/2020,VRB,FL,ASO,ES,Towers with Radar,0,27,36,0,63,0,62,159,0,221,0,89,195,0,284,149,0,149,433
05/06/2020,VRB,FL,ASO,ES,Towers with Radar,0,44,38,0,82,0,66,164,0,230,0,110,202,0,312,223,0,223,535
05/07/2020,VRB,FL,ASO,ES,Towers with Radar,0,36,54,0,90,0,51,115,0,166,0,87,169,0,256,58,0,58,314
05/08/2020,VRB,FL,ASO,ES,Towers with Radar,2,30,53,0,85,0,86,145,0,231,2,116,198,0,316,137,0,137,453
05/09/2020,VRB,FL,ASO,ES,Towers with Radar,1,9,39,0,49,0,1,90,0,91,1,10,129,0,140,28,0,28,168
05/10/2020,VRB,FL,ASO,ES,Towers with Radar,0,7,17,4,28,0,0,6,0,6,0,7,23,4,34,0,0,0,34
05/11/2020,VRB,FL,ASO,ES,Towers with Radar,0,49,36,0,85,0,37,117,0,154,0,86,153,0,239,82,0,82,321
05/12/2020,VRB,FL,ASO,ES,Towers with Radar,0,37,41,0,78,0,81,172,0,253,0,118,213,0,331,130,0,130,461
05/13/2020,VRB,FL,ASO,ES,Towers with Radar,0,33,29,1,63,0,47,112,0,159,0,80,141,1,222,91,0,91,313
05/14/2020,VRB,FL,ASO,ES,Towers with Radar,0,41,47,0,88,0,28,66,0,94,0,69,113,0,182,52,0,52,234
05/15/2020,VRB,FL,ASO,ES,Towers with Radar,0,25,39,0,64,0,15,30,0,45,0,40,69,0,109,2,0,2,111
05/16/2020,VRB,FL,ASO,ES,Towers with Radar,0,12,35,0,47,0,3,31,0,34,0,15,66,0,81,30,0,30,111
05/17/2020,VRB,FL,ASO,ES,Towers with Radar,0,15,48,0,63,0,4,41,0,45,0,19,89,0,108,22,0,22,130
05/18/2020,VRB,FL,ASO,ES,Towers with Radar,0,31,37,0,68,0,43,64,0,107,0,74,101,0,175,82,0,82,257
05/19/2020,VRB,FL,ASO,ES,Towers with Radar,0,30,52,0,82,0,46,113,0,159,0,76,165,0,241,84,0,84,325
05/20/2020,VRB,FL,ASO,ES,Towers with Radar,0,60,57,0,117,0,109,171,0,280,0,169,228,0,397,141,0,141,538
05/21/2020,VRB,FL,ASO,ES,Towers with Radar,0,31,54,0,85,0,61,117,0,178,0,92,171,0,263,118,0,118,381
05/22/2020,VRB,FL,ASO,ES,Towers with Radar,0,46,66,0,112,0,78,159,0,237,0,124,225,0,349,181,0,181,530
05/23/2020,VRB,FL,ASO,ES,Towers with Radar,0,21,37,0,58,0,2,66,0,68,0,23,103,0,126,44,0,44,170
05/24/2020,VRB,FL,ASO,ES,Towers with Radar,0,6,37,0,43,0,0,17,0,17,0,6,54,0,60,15,0,15,75
05/25/2020,VRB,FL,ASO,ES,Towers with Radar,0,9,7,0,16,0,0,1,0,1,0,9,8,0,17,0,0,0,17
05/26/2020,VRB,FL,ASO,ES,Towers with Radar,0,24,58,0,82,0,6,35,0,41,0,30,93,0,123,58,0,58,181
05/27/2020,VRB,FL,ASO,ES,Towers with Radar,0,39,39,0,78,0,44,107,0,151,0,83,146,0,229,70,0,70,299
05/28/2020,VRB,FL,ASO,ES,Towers with Radar,0,55,73,0,128,0,52,84,0,136,0,107,157,0,264,114,0,114,378
05/29/2020,VRB,FL,ASO,ES,Towers with Radar,1,43,71,8,123,0,94,113,0,207,1,137,184,8,330,113,0,113,443
05/30/2020,VRB,FL,ASO,ES,Towers with Radar,0,20,55,0,75,0,8,80,0,88,0,28,135,0,163,52,0,52,215
05/31/2020,VRB,FL,ASO,ES,Towers with Radar,0,20,34,4,58,0,4,92,0,96,0,24,126,4,154,60,0,60,214
06/01/2020,VRB,FL,ASO,ES,Towers with Radar,0,69,63,0,132,0,79,122,0,201,0,148,185,0,333,136,0,136,469
06/02/2020,VRB,FL,ASO,ES,Towers with Radar,0,44,68,0,112,0,8,33,0,41,0,52,101,0,153,77,0,77,230
06/03/2020,VRB,FL,ASO,ES,Towers with Radar,0,15,34,0,49,0,0,15,0,15,0,15,49,0,64,43,0,43,107
06/04/2020,VRB,FL,ASO,ES,Towers with Radar,0,18,42,0,60,0,8,38,0,46,0,26,80,0,106,107,0,107,213
06/05/2020,VRB,FL,ASO,ES,Towers with Radar,0,51,55,0,106,0,54,109,0,163,0,105,164,0,269,151,0,151,420
06/06/2020,VRB,FL,ASO,ES,Towers with Radar,0,15,51,0,66,0,1,28,0,29,0,16,79,0,95,35,0,35,130
06/07/2020,VRB,FL,ASO,ES,Towers with Radar,0,7,42,0,49,0,0,35,0,35,0,7,77,0,84,23,0,23,107
06/08/2020,VRB,FL,ASO,ES,Towers with Radar,0,62,46,0,108,0,62,98,0,160,0,124,144,0,268,163,0,163,431
06/09/2020,VRB,FL,ASO,ES,Towers with Radar,0,60,79,8,147,0,52,108,0,160,0,112,187,8,307,213,0,213,520
06/10/2020,VRB,FL,ASO,ES,Towers with Radar,0,43,45,0,88,0,90,130,0,220,0,133,175,0,308,317,0,317,625
06/11/2020,VRB,FL,ASO,ES,Towers with Radar,0,47,57,0,104,0,95,145,0,240,0,142,202,0,344,248,0,248,592
06/12/2020,VRB,FL,ASO,ES,Towers with Radar,1,47,69,0,117,0,94,161,0,255,1,141,230,0,372,210,0,210,582
06/13/2020,VRB,FL,ASO,ES,Towers with Radar,0,15,35,8,58,0,3,82,2,87,0,18,117,10,145,55,0,55,200
06/14/2020,VRB,FL,ASO,ES,Towers with Radar,0,14,26,0,40,0,8,54,0,62,0,22,80,0,102,2,0,2,104
06/15/2020,VRB,FL,ASO,ES,Towers with Radar,0,64,74,0,138,0,91,107,0,198,0,155,181,0,336,119,0,119,455
06/16/2020,VRB,FL,ASO,ES,Towers with Radar,0,59,74,0,133,0,109,142,0,251,0,168,216,0,384,176,0,176,560
06/17/2020,VRB,FL,ASO,ES,Towers with Radar,0,58,51,0,109,0,75,155,0,230,0,133,206,0,339,260,0,260,599
06/18/2020,VRB,FL,ASO,ES,Towers with Radar,0,27,40,0,67,0,28,48,0,76,0,55,88,0,143,110,0,110,253
06/19/2020,VRB,FL,ASO,ES,Towers with Radar,0,27,38,0,65,0,37,57,2,96,0,64,95,2,161,109,2,111,272
06/20/2020,VRB,FL,ASO,ES,Towers with Radar,0,24,47,0,71,0,0,59,0,59,0,24,106,0,130,39,0,39,169
06/21/2020,VRB,FL,ASO,ES,Towers with Radar,0,15,26,0,41,0,3,58,0,61,0,18,84,0,102,38,0,38,140
06/22/2020,VRB,FL,ASO,ES,Towers with Radar,1,30,46,0,77,0,102,127,0,229,1,132,173,0,306,158,0,158,464
06/23/2020,VRB,FL,ASO,ES,Towers with Radar,0,28,57,0,85,0,53,122,0,175,0,81,179,0,260,237,0,237,497
06/24/2020,VRB,FL,ASO,ES,Towers with Radar,0,34,50,0,84,0,107,152,0,259,0,141,202,0,343,323,0,323,666
06/25/2020,VRB,FL,ASO,ES,Towers with Radar,0,37,50,0,87,0,88,142,0,230,0,125,192,0,317,242,0,242,559
06/26/2020,VRB,FL,ASO,ES,Towers with Radar,0,34,57,0,91,0,82,117,0,199,0,116,174,0,290,254,0,254,544
06/27/2020,VRB,FL,ASO,ES,Towers with Radar,0,14,49,0,63,0,4,103,0,107,0,18,152,0,170,48,0,48,218
06/28/2020,VRB,FL,ASO,ES,Towers with Radar,0,12,35,0,47,0,2,62,0,64,0,14,97,0,111,130,0,130,241
06/29/2020,VRB,FL,ASO,ES,Towers with Radar,0,45,43,0,88,0,75,83,0,158,0,120,126,0,246,171,0,171,417
06/30/2020,VRB,FL,ASO,ES,Towers with Radar,0,31,44,0,75,0,68,105,0,173,0,99,149,0,248,159,0,159,407
07/01/2020,VRB,FL,ASO,ES,Towers with Radar,0,31,23,0,54,0,59,100,0,159,0,90,123,0,213,155,0,155,368
07/02/2020,VRB,FL,ASO,ES,Towers with Radar,0,23,33,0,56,0,63,121,0,184,0,86,154,0,240,163,0,163,403
07/03/2020,VRB,FL,ASO,ES,Towers with Radar,0,12,18,0,30,0,6,48,0,54,0,18,66,0,84,36,0,36,120
07/04/2020,VRB,FL,ASO,ES,Towers with Radar,0,4,8,0,12,0,0,18,0,18,0,4,26,0,30,0,0,0,30
07/05/2020,VRB,FL,ASO,ES,Towers with Radar,0,9,21,0,30,0,0,56,0,56,0,9,77,0,86,22,0,22,108
07/06/2020,VRB,FL,ASO,ES,Towers with Radar,1,29,29,0,59,0,71,104,0,175,1,100,133,0,234,200,0,200,434
07/07/2020,VRB,FL,ASO,ES,Towers with Radar,0,14,37,0,51,0,60,102,0,162,0,74,139,0,213,119,0,119,332
07/08/2020,VRB,FL,ASO,ES,Towers with Radar,0,19,26,0,45,0,51,93,0,144,0,70,119,0,189,177,0,177,366
07/09/2020,VRB,FL,ASO,ES,Towers with Radar,0,35,52,0,87,0,67,122,0,189,0,102,174,0,276,223,0,223,499
07/10/2020,VRB,FL,ASO,ES,Towers with Radar,0,20,43,0,63,0,31,79,0,110,0,51,122,0,173,159,0,159,332
07/11/2020,VRB,FL,ASO,ES,Towers with Radar,0,9,14,0,23,0,0,31,0,31,0,9,45,0,54,6,0,6,60
07/12/2020,VRB,FL,ASO,ES,Towers with Radar,0,9,29,0,38,0,4,41,0,45,0,13,70,0,83,48,0,48,131
07/13/2020,VRB,FL,ASO,ES,Towers with Radar,1,43,44,0,88,0,56,86,0,142,1,99,130,0,230,119,30,149,379
07/14/2020,VRB,FL,ASO,ES,Towers with Radar,0,30,37,0,67,0,76,103,0,179,0,106,140,0,246,200,0,200,446
07/15/2020,VRB,FL,ASO,ES,Towers with Radar,0,28,38,0,66,0,89,122,0,211,0,117,160,0,277,216,0,216,493
07/16/2020,VRB,FL,ASO,ES,Towers with Radar,1,30,31,0,62,0,89,97,0,186,1,119,128,0,248,225,0,225,473
07/17/2020,VRB,FL,ASO,ES,Towers with Radar,0,16,28,0,44,0,55,94,0,149,0,71,122,0,193,229,0,229,422
07/18/2020,VRB,FL,ASO,ES,Towers with Radar,0,7,29,0,36,0,2,33,0,35,0,9,62,0,71,14,0,14,85
07/19/2020,VRB,FL,ASO,ES,Towers with Radar,0,6,26,0,32,0,0,26,0,26,0,6,52,0,58,88,0,88,146
07/20/2020,VRB,FL,ASO,ES,Towers with Radar,0,31,38,0,69,0,51,103,0,154,0,82,141,0,223,155,0,155,378
07/21/2020,VRB,FL,ASO,ES,Towers with Radar,0,22,22,2,46,0,33,74,0,107,0,55,96,2,153,275,0,275,428
07/22/2020,VRB,FL,ASO,ES,Towers with Radar,0,45,26,0,71,0,38,32,0,70,0,83,58,0,141,159,0,159,300
07/23/2020,VRB,FL,ASO,ES,Towers with Radar,0,28,29,0,57,0,51,82,0,133,0,79,111,0,190,237,0,237,427
07/24/2020,VRB,FL,ASO,ES,Towers with Radar,1,28,41,0,70,0,73,101,0,174,1,101,142,0,244,226,0,226,470
07/25/2020,VRB,FL,ASO,ES,Towers with Radar,0,4,14,0,18,0,4,55,0,59,0,8,69,0,77,18,0,18,95
07/26/2020,VRB,FL,ASO,ES,Towers with Radar,0,10,26,0,36,0,4,66,0,70,0,14,92,0,106,60,0,60,166
07/27/2020,VRB,FL,ASO,ES,Towers with Radar,0,28,29,0,57,0,71,91,0,162,0,99,120,0,219,293,0,293,512
07/28/2020,VRB,FL,ASO,ES,Towers with Radar,0,25,31,0,56,0,73,107,0,180,0,98,138,0,236,237,0,237,473
07/29/2020,VRB,FL,ASO,ES,Towers with Radar,0,17,37,0,54,0,71,92,0,163,0,88,129,0,217,223,0,223,440
07/30/2020,VRB,FL,ASO,ES,Towers with Radar,0,29,45,0,74,0,55,100,0,155,0,84,145,0,229,263,0,263,492
07/31/2020,VRB,FL,ASO,ES,Towers with Radar,0,15,50,0,65,0,30,144,0,174,0,45,194,0,239,33,0,33,272
08/01/2020,VRB,FL,ASO,ES,Towers with Radar,0,4,9,0,13,0,1,9,0,10,0,5,18,0,23,1,0,1,24
08/02/2020,VRB,FL,ASO,ES,Towers with Radar,0,0,0,0,0,0,0,0,0,0,0,0,0,0,0,0,0,0,0
08/03/2020,VRB,FL,ASO,ES,Towers with Radar,0,10,23,0,33,0,3,34,0,37,0,13,57,0,70,30,0,30,100
08/04/2020,VRB,FL,ASO,ES,Towers with Radar,0,19,21,0,40,0,27,47,0,74,0,46,68,0,114,28,0,28,142
08/05/2020,VRB,FL,ASO,ES,Towers with Radar,0,31,31,0,62,0,46,71,0,117,0,77,102,0,179,59,0,59,238
08/06/2020,VRB,FL,ASO,ES,Towers with Radar,1,25,29,0,55,0,67,84,0,151,1,92,113,0,206,234,0,234,440
08/07/2020,VRB,FL,ASO,ES,Towers with Radar,0,29,48,0,77,0,74,101,0,175,0,103,149,0,252,284,0,284,536
08/08/2020,VRB,FL,ASO,ES,Towers with Radar,0,10,43,0,53,0,0,91,0,91,0,10,134,0,144,41,0,41,185
08/09/2020,VRB,FL,ASO,ES,Towers with Radar,0,9,15,0,24,0,5,58,0,63,0,14,73,0,87,13,0,13,100
08/10/2020,VRB,FL,ASO,ES,Towers with Radar,0,24,29,0,53,0,73,78,0,151,0,97,107,0,204,171,0,171,375
08/11/2020,VRB,FL,ASO,ES,Towers with Radar,0,33,54,0,87,0,65,123,0,188,0,98,177,0,275,285,0,285,560
08/12/2020,VRB,FL,ASO,ES,Towers with Radar,0,27,27,0,54,0,62,99,0,161,0,89,126,0,215,292,0,292,507
08/13/2020,VRB,FL,ASO,ES,Towers with Radar,0,22,31,0,53,0,64,112,0,176,0,86,143,0,229,203,0,203,432
08/14/2020,VRB,FL,ASO,ES,Towers with Radar,0,20,46,0,66,0,55,113,0,168,0,75,159,0,234,311,0,311,545
08/15/2020,VRB,FL,ASO,ES,Towers with Radar,0,6,26,0,32,0,2,81,0,83,0,8,107,0,115,36,0,36,151
08/16/2020,VRB,FL,ASO,ES,Towers with Radar,0,5,27,0,32,0,2,52,0,54,0,7,79,0,86,35,0,35,121
08/17/2020,VRB,FL,ASO,ES,Towers with Radar,0,35,21,0,56,0,73,97,0,170,0,108,118,0,226,142,0,142,368
08/18/2020,VRB,FL,ASO,ES,Towers with Radar,0,31,31,0,62,0,56,136,0,192,0,87,167,0,254,239,0,239,493
08/19/2020,VRB,FL,ASO,ES,Towers with Radar,0,20,30,0,50,0,46,98,0,144,0,66,128,0,194,147,0,147,341
08/20/2020,VRB,FL,ASO,ES,Towers with Radar,1,26,29,0,56,0,48,99,2,149,1,74,128,2,205,179,0,179,384
08/21/2020,VRB,FL,ASO,ES,Towers with Radar,1,33,39,0,73,0,34,106,0,140,1,67,145,0,213,234,0,234,447
08/22/2020,VRB,FL,ASO,ES,Towers with Radar,0,10,35,0,45,0,3,91,0,94,0,13,126,0,139,48,0,48,187
08/23/2020,VRB,FL,ASO,ES,Towers with Radar,0,3,24,0,27,0,0,76,0,76,0,3,100,0,103,0,0,0,103
08/24/2020,VRB,FL,ASO,ES,Towers with Radar,0,21,26,0,47,0,36,63,0,99,0,57,89,0,146,145,0,145,291
08/25/2020,VRB,FL,ASO,ES,Towers with Radar,0,20,40,0,60,0,67,104,0,171,0,87,144,0,231,283,0,283,514
08/26/2020,VRB,FL,ASO,ES,Towers with Radar,0,27,53,0,80,0,57,110,0,167,0,84,163,0,247,262,0,262,509
08/27/2020,VRB,FL,ASO,ES,Towers with Radar,0,27,25,0,52,0,44,96,0,140,0,71,121,0,192,136,0,136,328
08/28/2020,VRB,FL,ASO,ES,Towers with Radar,1,23,31,0,55,0,86,135,0,221,1,109,166,0,276,245,0,245,521
08/29/2020,VRB,FL,ASO,ES,Towers with Radar,0,4,21,0,25,0,0,77,0,77,0,4,98,0,102,57,0,57,159
08/30/2020,VRB,FL,ASO,ES,Towers with Radar,0,8,14,2,24,0,1,51,0,52,0,9,65,2,76,9,0,9,85
08/31/2020,VRB,FL,ASO,ES,Towers with Radar,0,20,19,0,39,0,50,74,0,124,0,70,93,0,163,134,0,134,297
09/01/2020,VRB,FL,ASO,ES,Towers with Radar,0,22,36,0,58,0,77,129,0,206,0,99,165,0,264,261,0,261,525
09/02/2020,VRB,FL,ASO,ES,Towers with Radar,0,23,34,0,57,0,85,143,0,228,0,108,177,0,285,246,0,246,531
09/03/2020,VRB,FL,ASO,ES,Towers with Radar,1,21,45,0,67,0,96,145,0,241,1,117,190,0,308,259,0,259,567
09/04/2020,VRB,FL,ASO,ES,Towers with Radar,1,26,36,0,63,0,81,149,0,230,1,107,185,0,293,211,0,211,504
09/05/2020,VRB,FL,ASO,ES,Towers with Radar,0,2,20,0,22,0,5,134,0,139,0,7,154,0,161,71,0,71,232
09/06/2020,VRB,FL,ASO,ES,Towers with Radar,0,1,18,0,19,0,0,38,0,38,0,1,56,0,57,21,0,21,78
09/07/2020,VRB,FL,ASO,ES,Towers with Radar,0,13,23,0,36,0,1,36,0,37,0,14,59,0,73,30,0,30,103
09/08/2020,VRB,FL,ASO,ES,Towers with Radar,0,27,31,0,58,0,45,97,0,142,0,72,128,0,200,147,0,147,347
09/09/2020,VRB,FL,ASO,ES,Towers with Radar,0,33,35,0,68,0,55,99,0,154,0,88,134,0,222,189,0,189,411
09/10/2020,VRB,FL,ASO,ES,Towers with Radar,1,37,59,0,97,0,57,136,0,193,1,94,195,0,290,221,0,221,511
09/11/2020,VRB,FL,ASO,ES,Towers with Radar,1,20,36,0,57,0,36,86,0,122,1,56,122,0,179,154,0,154,333
09/12/2020,VRB,FL,ASO,ES,Towers with Radar,1,2,7,0,10,0,1,13,0,14,1,3,20,0,24,13,0,13,37
09/13/2020,VRB,FL,ASO,ES,Towers with Radar,0,8,19,0,27,0,2,32,0,34,0,10,51,0,61,13,0,13,74
09/14/2020,VRB,FL,ASO,ES,Towers with Radar,0,26,35,0,61,0,90,102,0,192,0,116,137,0,253,295,0,295,548
09/15/2020,VRB,FL,ASO,ES,Towers with Radar,0,30,41,0,71,0,78,167,2,247,0,108,208,2,318,215,0,215,533
09/16/2020,VRB,FL,ASO,ES,Towers with Radar,0,24,42,0,66,0,60,102,0,162,0,84,144,0,228,157,0,157,385
09/17/2020,VRB,FL,ASO,ES,Towers with Radar,0,42,51,0,93,0,66,142,0,208,0,108,193,0,301,225,0,225,526
09/18/2020,VRB,FL,ASO,ES,Towers with Radar,0,26,53,0,79,0,27,85,0,112,0,53,138,0,191,79,0,79,270
09/19/2020,VRB,FL,ASO,ES,Towers with Radar,0,6,31,0,37,0,2,91,0,93,0,8,122,0,130,96,0,96,226
09/20/2020,VRB,FL,ASO,ES,Towers with Radar,0,11,27,0,38,0,3,29,0,32,0,14,56,0,70,15,0,15,85
09/21/2020,VRB,FL,ASO,ES,Towers with Radar,0,13,28,0,41,0,4,22,0,26,0,17,50,0,67,20,0,20,87
09/22/2020,VRB,FL,ASO,ES,Towers with Radar,0,32,42,0,74,0,74,94,0,168,0,106,136,0,242,143,0,143,385
09/23/2020,VRB,FL,ASO,ES,Towers with Radar,0,26,47,0,73,0,90,150,0,240,0,116,197,0,313,349,0,349,662
09/24/2020,VRB,FL,ASO,ES,Towers with Radar,0,21,34,0,55,0,60,103,0,163,0,81,137,0,218,256,0,256,474
09/25/2020,VRB,FL,ASO,ES,Towers with Radar,0,18,42,0,60,0,54,87,0,141,0,72,129,0,201,195,0,195,396
09/26/2020,VRB,FL,ASO,ES,Towers with Radar,0,5,39,0,44,0,3,64,0,67,0,8,103,0,111,53,0,53,164
09/27/2020,VRB,FL,ASO,ES,Towers with Radar,0,6,22,0,28,0,5,77,0,82,0,11,99,0,110,16,0,16,126
09/28/2020,VRB,FL,ASO,ES,Towers with Radar,0,23,31,0,54,0,50,79,0,129,0,73,110,0,183,186,0,186,369
09/29/2020,VRB,FL,ASO,ES,Towers with Radar,0,28,27,0,55,0,53,125,0,178,0,81,152,0,233,164,0,164,397
09/30/2020,VRB,FL,ASO,ES,Towers with Radar,0,20,53,0,73,0,15,42,0,57,0,35,95,0,130,78,0,78,208
10/01/2020,VRB,FL,ASO,ES,Towers with Radar,0,25,35,0,60,0,11,37,0,48,0,36,72,0,108,94,0,94,202
10/02/2020,VRB,FL,ASO,ES,Towers with Radar,2,31,58,0,91,0,99,143,0,242,2,130,201,0,333,228,0,228,561
10/03/2020,VRB,FL,ASO,ES,Towers with Radar,1,4,21,0,26,0,0,26,0,26,1,4,47,0,52,65,0,65,117
10/04/2020,VRB,FL,ASO,ES,Towers with Radar,0,9,41,0,50,0,1,34,0,35,0,10,75,0,85,0,0,0,85
10/05/2020,VRB,FL,ASO,ES,Towers with Radar,0,19,42,0,61,0,46,80,0,126,0,65,122,0,187,215,0,215,402
10/06/2020,VRB,FL,ASO,ES,Towers with Radar,0,18,59,0,77,0,55,120,0,175,0,73,179,0,252,284,0,284,536
10/07/2020,VRB,FL,ASO,ES,Towers with Radar,0,48,47,0,95,0,59,143,0,202,0,107,190,0,297,338,0,338,635
10/08/2020,VRB,FL,ASO,ES,Towers with Radar,2,35,45,0,82,0,58,142,0,200,2,93,187,0,282,297,0,297,579
10/09/2020,VRB,FL,ASO,ES,Towers with Radar,2,27,36,0,65,0,33,120,0,153,2,60,156,0,218,194,0,194,412
10/10/2020,VRB,FL,ASO,ES,Towers with Radar,0,9,40,0,49,0,3,55,0,58,0,12,95,0,107,102,0,102,209
10/11/2020,VRB,FL,ASO,ES,Towers with Radar,0,9,31,0,40,0,0,68,0,68,0,9,99,0,108,13,0,13,121
10/12/2020,VRB,FL,ASO,ES,Towers with Radar,0,24,45,0,69,0,34,79,0,113,0,58,124,0,182,92,0,92,274
10/13/2020,VRB,FL,ASO,ES,Towers with Radar,0,35,58,0,93,0,83,163,0,246,0,118,221,0,339,292,0,292,631
10/14/2020,VRB,FL,ASO,ES,Towers with Radar,0,32,71,0,103,0,102,189,0,291,0,134,260,0,394,188,0,188,582
10/15/2020,VRB,FL,ASO,ES,Towers with Radar,2,37,65,0,104,0,83,147,0,230,2,120,212,0,334,225,0,225,559
10/16/2020,VRB,FL,ASO,ES,Towers with Radar,3,29,49,0,81,0,33,121,0,154,3,62,170,0,235,129,0,129,364
10/17/2020,VRB,FL,ASO,ES,Towers with Radar,0,16,42,0,58,0,3,66,0,69,0,19,108,0,127,90,0,90,217
10/18/2020,VRB,FL,ASO,ES,Towers with Radar,0,22,43,0,65,0,0,29,0,29,0,22,72,0,94,8,0,8,102
10/19/2020,VRB,FL,ASO,ES,Towers with Radar,1,46,45,2,94,0,8,27,1,36,1,54,72,3,130,33,0,33,163
10/20/2020,VRB,FL,ASO,ES,Towers with Radar,0,32,50,0,82,0,42,57,0,99,0,74,107,0,181,65,0,65,246
10/21/2020,VRB,FL,ASO,ES,Towers with Radar,0,35,57,0,92,0,19,55,0,74,0,54,112,0,166,91,0,91,257
10/22/2020,VRB,FL,ASO,ES,Towers with Radar,3,26,86,0,115,0,85,93,0,178,3,111,179,0,293,307,0,307,600
10/23/2020,VRB,FL,ASO,ES,Towers with Radar,0,33,76,0,109,0,56,125,0,181,0,89,201,0,290,298,0,298,588
10/24/2020,VRB,FL,ASO,ES,Towers with Radar,0,9,47,0,56,0,1,86,0,87,0,10,133,0,143,96,0,96,239
10/25/2020,VRB,FL,ASO,ES,Towers with Radar,0,17,40,0,57,0,3,40,2,45,0,20,80,2,102,55,0,55,157
10/26/2020,VRB,FL,ASO,ES,Towers with Radar,0,32,71,0,103,0,71,133,0,204,0,103,204,0,307,373,0,373,680
10/27/2020,VRB,FL,ASO,ES,Towers with Radar,0,39,67,0,106,0,50,147,0,197,0,89,214,0,303,304,0,304,607
10/28/2020,VRB,FL,ASO,ES,Towers with Radar,0,62,84,0,146,0,80,141,0,221,0,142,225,0,367,291,0,291,658
10/29/2020,VRB,FL,ASO,ES,Towers with Radar,2,37,71,0,110,0,58,120,0,178,2,95,191,0,288,186,0,186,474
10/30/2020,VRB,FL,ASO,ES,Towers with Radar,2,39,56,0,97,0,32,121,0,153,2,71,177,0,250,106,0,106,356
10/31/2020,VRB,FL,ASO,ES,Towers with Radar,0,17,42,0,59,0,3,79,0,82,0,20,121,0,141,83,0,83,224
11/01/2020,VRB,FL,ASO,ES,Towers with Radar,0,38,43,0,81,0,4,42,0,46,0,42,85,0,127,0,0,0,127
11/02/2020,VRB,FL,ASO,ES,Towers with Radar,4,32,31,0,67,0,26,36,0,62,4,58,67,0,129,43,0,43,172
11/03/2020,VRB,FL,ASO,ES,Towers with Radar,0,21,40,1,62,0,5,130,1,136,0,26,170,2,198,93,9,102,300
11/04/2020,VRB,FL,ASO,ES,Towers with Radar,0,36,56,0,92,0,66,104,0,170,0,102,160,0,262,212,0,212,474
11/05/2020,VRB,FL,ASO,ES,Towers with Radar,2,38,47,0,87,0,65,91,0,156,2,103,138,0,243,163,0,163,406
11/06/2020,VRB,FL,ASO,ES,Towers with Radar,2,36,53,0,91,0,51,114,2,167,2,87,167,2,258,194,0,194,452
11/07/2020,VRB,FL,ASO,ES,Towers with Radar,0,11,39,0,50,0,0,34,0,34,0,11,73,0,84,0,0,0,84
11/08/2020,VRB,FL,ASO,ES,Towers with Radar,0,16,19,0,35,0,0,1,0,1,0,16,20,0,36,0,0,0,36
11/09/2020,VRB,FL,ASO,ES,Towers with Radar,2,3,11,0,16,0,0,8,0,8,2,3,19,0,24,2,0,2,26
11/10/2020,VRB,FL,ASO,ES,Towers with Radar,0,32,40,0,72,0,17,41,0,58,0,49,81,0,130,42,0,42,172
11/11/2020,VRB,FL,ASO,ES,Towers with Radar,0,21,32,0,53,0,20,43,1,64,0,41,75,1,117,47,0,47,164
11/12/2020,VRB,FL,ASO,ES,Towers with Radar,2,22,48,2,74,0,29,41,0,70,2,51,89,2,144,101,0,101,245
11/13/2020,VRB,FL,ASO,ES,Towers with Radar,1,50,82,0,133,0,48,72,0,120,1,98,154,0,253,174,0,174,427
11/14/2020,VRB,FL,ASO,ES,Towers with Radar,0,11,57,0,68,0,0,119,0,119,0,11,176,0,187,110,0,110,297
11/15/2020,VRB,FL,ASO,ES,Towers with Radar,5,20,45,0,70,0,0,18,0,18,5,20,63,0,88,1,0,1,89
11/16/2020,VRB,FL,ASO,ES,Towers with Radar,1,47,64,4,116,0,71,125,0,196,1,118,189,4,312,225,0,225,537
11/17/2020,VRB,FL,ASO,ES,Towers with Radar,0,28,42,0,70,0,89,138,0,227,0,117,180,0,297,185,0,185,482
11/18/2020,VRB,FL,ASO,ES,Towers with Radar,0,38,50,0,88,0,43,130,0,173,0,81,180,0,261,120,0,120,381
11/19/2020,VRB,FL,ASO,ES,Towers with Radar,2,35,57,0,94,0,32,54,0,86,2,67,111,0,180,62,0,62,242
11/20/2020,VRB,FL,ASO,ES,Towers with Radar,1,5,9,0,15,0,14,12,0,26,1,19,21,0,41,4,0,4,45
11/21/2020,VRB,FL,ASO,ES,Towers with Radar,0,22,76,0,98,0,2,40,0,42,0,24,116,0,140,12,0,12,152
11/22/2020,VRB,FL,ASO,ES,Towers with Radar,0,25,56,0,81,0,0,23,0,23,0,25,79,0,104,0,0,0,104
11/23/2020,VRB,FL,ASO,ES,Towers with Radar,1,42,81,0,124,0,21,77,0,98,1,63,158,0,222,107,0,107,329
11/24/2020,VRB,FL,ASO,ES,Towers with Radar,2,35,82,0,119,0,72,172,0,244,2,107,254,0,363,332,0,332,695
11/25/2020,VRB,FL,ASO,ES,Towers with Radar,1,26,76,1,104,0,34,161,0,195,1,60,237,1,299,322,0,322,621
11/26/2020,VRB,FL,ASO,ES,Towers with Radar,0,12,10,0,22,0,3,28,0,31,0,15,38,0,53,16,0,16,69
11/27/2020,VRB,FL,ASO,ES,Towers with Radar,2,21,41,0,64,0,11,110,0,121,2,32,151,0,185,266,0,266,451
11/28/2020,VRB,FL,ASO,ES,Towers with Radar,0,24,56,0,80,0,16,107,0,123,0,40,163,0,203,72,0,72,275
11/29/2020,VRB,FL,ASO,ES,Towers with Radar,0,40,62,0,102,0,11,67,0,78,0,51,129,0,180,13,0,13,193
11/30/2020,VRB,FL,ASO,ES,Towers with Radar,1,34,43,0,78,0,21,68,0,89,1,55,111,0,167,105,0,105,272
12/01/2020,VRB,FL,ASO,ES,Towers with Radar,0,39,72,0,111,0,89,155,0,244,0,128,227,0,355,337,0,337,692
12/02/2020,VRB,FL,ASO,ES,Towers with Radar,0,38,62,0,100,0,71,166,0,237,0,109,228,0,337,325,0,325,662
12/03/2020,VRB,FL,ASO,ES,Towers with Radar,1,26,40,0,67,0,101,168,0,269,1,127,208,0,336,435,0,435,771
12/04/2020,VRB,FL,ASO,ES,Towers with Radar,2,31,64,0,97,0,71,140,1,212,2,102,204,1,309,327,0,327,636
12/05/2020,VRB,FL,ASO,ES,Towers with Radar,1,15,40,0,56,0,9,107,0,116,1,24,147,0,172,82,0,82,254
12/06/2020,VRB,FL,ASO,ES,Towers with Radar,0,33,40,0,73,0,2,110,0,112,0,35,150,0,185,37,0,37,222
12/07/2020,VRB,FL,ASO,ES,Towers with Radar,2,28,48,0,78,0,3,39,0,42,2,31,87,0,120,33,0,33,153
12/08/2020,VRB,FL,ASO,ES,Towers with Radar,0,29,38,0,67,0,115,195,0,310,0,144,233,0,377,346,0,346,723
12/09/2020,VRB,FL,ASO,ES,Towers with Radar,0,35,69,1,105,0,93,157,0,250,0,128,226,1,355,255,0,255,610
12/10/2020,VRB,FL,ASO,ES,Towers with Radar,2,32,57,0,91,0,81,188,0,269,2,113,245,0,360,255,0,255,615
12/11/2020,VRB,FL,ASO,ES,Towers with Radar,2,50,68,0,120,0,65,172,0,237,2,115,240,0,357,241,0,241,598
12/12/2020,VRB,FL,ASO,ES,Towers with Radar,0,16,70,0,86,0,3,43,0,46,0,19,113,0,132,35,0,35,167
12/13/2020,VRB,FL,ASO,ES,Towers with Radar,0,21,44,0,65,0,0,76,0,76,0,21,120,0,141,50,0,50,191
12/14/2020,VRB,FL,ASO,ES,Towers with Radar,2,33,52,0,87,0,51,145,0,196,2,84,197,0,283,168,0,168,451
12/15/2020,VRB,FL,ASO,ES,Towers with Radar,0,25,72,0,97,0,10,29,0,39,0,35,101,0,136,119,0,119,255
12/16/2020,VRB,FL,ASO,ES,Towers with Radar,1,33,61,0,95,0,27,108,0,135,1,60,169,0,230,284,0,284,514
12/17/2020,VRB,FL,ASO,ES,Towers with Radar,0,30,89,0,119,0,4,42,0,46,0,34,131,0,165,77,0,77,242
12/18/2020,VRB,FL,ASO,ES,Towers with Radar,2,30,81,0,113,0,44,139,0,183,2,74,220,0,296,189,0,189,485
12/19/2020,VRB,FL,ASO,ES,Towers with Radar,0,26,73,0,99,0,3,109,0,112,0,29,182,0,211,135,0,135,346
12/20/2020,VRB,FL,ASO,ES,Towers with Radar,0,28,37,0,65,0,5,65,0,70,0,33,102,0,135,54,0,54,189
12/21/2020,VRB,FL,ASO,ES,Towers with Radar,2,43,63,2,110,0,45,104,0,149,2,88,167,2,259,165,0,165,424
12/22/2020,VRB,FL,ASO,ES,Towers with Radar,2,41,44,3,90,0,44,116,0,160,2,85,160,3,250,224,0,224,474
12/23/2020,VRB,FL,ASO,ES,Towers with Radar,2,33,61,0,96,0,45,108,0,153,2,78,169,0,249,118,0,118,367
12/24/2020,VRB,FL,ASO,ES,Towers with Radar,0,11,16,0,27,0,5,44,0,49,0,16,60,0,76,60,0,60,136
12/25/2020,VRB,FL,ASO,ES,Towers with Radar,0,18,12,0,30,0,0,5,0,5,0,18,17,0,35,0,0,0,35
12/26/2020,VRB,FL,ASO,ES,Towers with Radar,0,44,59,0,103,0,4,92,0,96,0,48,151,0,199,32,0,32,231
12/27/2020,VRB,FL,ASO,ES,Towers with Radar,5,47,68,0,120,0,0,77,0,77,5,47,145,0,197,31,0,31,228
12/28/2020,VRB,FL,ASO,ES,Towers with Radar,3,44,73,0,120,0,21,90,2,113,3,65,163,2,233,79,0,79,312
12/29/2020,VRB,FL,ASO,ES,Towers with Radar,0,50,59,0,109,0,37,94,0,131,0,87,153,0,240,140,0,140,380
12/30/2020,VRB,FL,ASO,ES,Towers with Radar,1,20,59,0,80,0,24,89,0,113,1,44,148,0,193,149,0,149,342
12/31/2020,VRB,FL,ASO,ES,Towers with Radar,0,24,31,0,55,0,12,63,0,75,0,36,94,0,130,16,0,16,146
01/01/2021,VRB,FL,ASO,ES,Towers with Radar,2,21,24,0,47,0,2,22,0,24,2,23,46,0,71,0,0,0,71
01/02/2021,VRB,FL,ASO,ES,Towers with Radar,0,34,40,0,74,0,3,77,0,80,0,37,117,0,154,6,0,6,160
01/03/2021,VRB,FL,ASO,ES,Towers with Radar,2,40,51,0,93,0,0,52,0,52,2,40,103,0,145,10,0,10,155
01/04/2021,VRB,FL,ASO,ES,Towers with Radar,0,42,85,0,127,0,54,84,0,138,0,96,169,0,265,178,0,178,443
01/05/2021,VRB,FL,ASO,ES,Towers with Radar,1,37,70,0,108,0,62,128,0,190,1,99,198,0,298,309,0,309,607
01/06/2021,VRB,FL,ASO,ES,Towers with Radar,0,38,42,0,80,0,67,168,0,235,0,105,210,0,315,170,0,170,485
01/07/2021,VRB,FL,ASO,ES,Towers with Radar,2,40,55,1,98,0,52,141,0,193,2,92,196,1,291,201,0,201,492
01/08/2021,VRB,FL,ASO,ES,Towers with Radar,1,33,66,0,100,0,13,87,0,100,1,46,153,0,200,70,0,70,270
01/09/2021,VRB,FL,ASO,ES,Towers with Radar,0,19,39,0,58,0,2,74,0,76,0,21,113,0,134,55,0,55,189
01/10/2021,VRB,FL,ASO,ES,Towers with Radar,0,33,55,0,88,0,5,66,0,71,0,38,121,0,159,36,0,36,195
01/11/2021,VRB,FL,ASO,ES,Towers with Radar,1,58,43,2,104,0,66,145,2,213,1,124,188,4,317,276,0,276,593
01/12/2021,VRB,FL,ASO,ES,Towers with Radar,0,45,70,2,117,0,36,63,0,99,0,81,133,2,216,164,0,164,380
01/13/2021,VRB,FL,ASO,ES,Towers with Radar,0,54,86,4,144,0,42,110,0,152,0,96,196,4,296,257,0,257,553
01/14/2021,VRB,FL,ASO,ES,Towers with Radar,0,56,90,0,146,0,60,126,0,186,0,116,216,0,332,314,0,314,646
01/15/2021,VRB,FL,ASO,ES,Towers with Radar,0,55,87,0,142,0,63,132,0,195,0,118,219,0,337,259,0,259,596
01/16/2021,VRB,FL,ASO,ES,Towers with Radar,0,9,39,1,49,0,0,35,0,35,0,9,74,1,84,25,0,25,109
01/17/2021,VRB,FL,ASO,ES,Towers with Radar,0,24,49,0,73,0,6,98,0,104,0,30,147,0,177,58,0,58,235
01/18/2021,VRB,FL,ASO,ES,Towers with Radar,0,43,60,0,103,0,75,127,0,202,0,118,187,0,305,226,0,226,531
01/19/2021,VRB,FL,ASO,ES,Towers with Radar,0,34,68,0,102,0,75,161,0,236,0,109,229,0,338,270,0,270,608
01/20/2021,VRB,FL,ASO,ES,Towers with Radar,0,27,59,1,87,0,68,173,0,241,0,95,232,1,328,184,0,184,512
01/21/2021,VRB,FL,ASO,ES,Towers with Radar,0,39,55,0,94,0,62,121,0,183,0,101,176,0,277,149,0,149,426
01/22/2021,VRB,FL,ASO,ES,Towers with Radar,0,41,90,8,139,0,70,142,0,212,0,111,232,8,351,157,35,192,543
01/23/2021,VRB,FL,ASO,ES,Towers with Radar,0,13,38,0,51,0,0,49,0,49,0,13,87,0,100,5,0,5,105
01/24/2021,VRB,FL,ASO,ES,Towers with Radar,0,18,46,1,65,0,0,46,1,47,0,18,92,2,112,31,0,31,143
01/25/2021,VRB,FL,ASO,ES,Towers with Radar,0,48,62,0,110,0,26,74,0,100,0,74,136,0,210,62,0,62,272
01/26/2021,VRB,FL,ASO,ES,Towers with Radar,0,31,58,0,89,0,39,112,0,151,0,70,170,0,240,176,0,176,416
01/27/2021,VRB,FL,ASO,ES,Towers with Radar,0,35,69,0,104,0,40,118,0,158,0,75,187,0,262,186,0,186,448
01/28/2021,VRB,FL,ASO,ES,Towers with Radar,0,23,43,0,66,0,15,76,0,91,0,38,119,0,157,14,0,14,171
01/29/2021,VRB,FL,ASO,ES,Towers with Radar,1,35,81,0,117,0,33,128,2,163,1,68,209,2,280,124,0,124,404
01/30/2021,VRB,FL,ASO,ES,Towers with Radar,0,14,31,0,45,0,20,81,0,101,0,34,112,0,146,69,0,69,215
01/31/2021,VRB,FL,ASO,ES,Towers with Radar,0,14,41,0,55,0,3,74,0,77,0,17,115,0,132,24,0,24,156
02/01/2021,VRB,FL,ASO,ES,Towers with Radar,0,30,50,0,80,0,16,49,0,65,0,46,99,0,145,54,0,54,199
02/02/2021,VRB,FL,ASO,ES,Towers with Radar,0,15,42,0,57,0,24,45,0,69,0,39,87,0,126,41,0,41,167
02/03/2021,VRB,FL,ASO,ES,Towers with Radar,0,52,81,0,133,0,82,119,0,201,0,134,200,0,334,258,0,258,592
02/04/2021,VRB,FL,ASO,ES,Towers with Radar,0,48,67,0,115,0,66,151,0,217,0,114,218,0,332,289,0,289,621
02/05/2021,VRB,FL,ASO,ES,Towers with Radar,2,31,58,0,91,0,3,129,0,132,2,34,187,0,223,133,0,133,356
02/06/2021,VRB,FL,ASO,ES,Towers with Radar,1,25,43,0,69,0,3,17,0,20,1,28,60,0,89,26,0,26,115
02/07/2021,VRB,FL,ASO,ES,Towers with Radar,0,21,41,0,62,0,1,25,0,26,0,22,66,0,88,12,0,12,100
02/08/2021,VRB,FL,ASO,ES,Towers with Radar,0,22,55,0,77,0,0,15,0,15,0,22,70,0,92,4,0,4,96
02/09/2021,VRB,FL,ASO,ES,Towers with Radar,0,42,70,0,112,0,40,83,0,123,0,82,153,0,235,224,0,224,459
02/10/2021,VRB,FL,ASO,ES,Towers with Radar,0,32,69,0,101,0,58,145,0,203,0,90,214,0,304,250,0,250,554
02/11/2021,VRB,FL,ASO,ES,Towers with Radar,0,48,76,0,124,0,59,101,0,160,0,107,177,0,284,151,0,151,435
02/12/2021,VRB,FL,ASO,ES,Towers with Radar,2,29,70,0,101,0,45,142,4,191,2,74,212,4,292,105,14,119,411
02/13/2021,VRB,FL,ASO,ES,Towers with Radar,1,20,29,0,50,0,0,23,0,23,1,20,52,0,73,49,0,49,122
02/14/2021,VRB,FL,ASO,ES,Towers with Radar,0,22,30,0,52,0,1,23,0,24,0,23,53,0,76,5,0,5,81
02/15/2021,VRB,FL,ASO,ES,Towers with Radar,0,26,38,0,64,0,1,95,0,96,0,27,133,0,160,142,0,142,302
02/16/2021,VRB,FL,ASO,ES,Towers with Radar,0,29,54,0,83,0,3,80,0,83,0,32,134,0,166,65,0,65,231
02/17/2021,VRB,FL,ASO,ES,Towers with Radar,0,62,89,0,151,0,8,46,0,54,0,70,135,0,205,11,0,11,216
02/18/2021,VRB,FL,ASO,ES,Towers with Radar,3,44,53,0,100,0,65,142,0,207,3,109,195,0,307,96,0,96,403
02/19/2021,VRB,FL,ASO,ES,Towers with Radar,2,16,66,0,84,0,13,53,0,66,2,29,119,0,150,34,0,34,184
02/20/2021,VRB,FL,ASO,ES,Towers with Radar,0,23,63,0,86,0,7,57,0,64,0,30,120,0,150,4,0,4,154
02/21/2021,VRB,FL,ASO,ES,Towers with Radar,0,24,61,0,85,0,2,40,1,43,0,26,101,1,128,2,0,2,130
02/22/2021,VRB,FL,ASO,ES,Towers with Radar,0,47,43,0,90,0,86,118,0,204,0,133,161,0,294,279,0,279,573
02/23/2021,VRB,FL,ASO,ES,Towers with Radar,0,33,58,0,91,0,91,89,0,180,0,124,147,0,271,152,0,152,423
02/24/2021,VRB,FL,ASO,ES,Towers with Radar,1,42,68,2,113,0,79,135,0,214,1,121,203,2,327,248,0,248,575
02/25/2021,VRB,FL,ASO,ES,Towers with Radar,2,33,72,0,107,0,85,169,0,254,2,118,241,0,361,212,0,212,573
02/26/2021,VRB,FL,ASO,ES,Towers with Radar,2,43,77,0,122,0,65,130,0,195,2,108,207,0,317,200,0,200,517
02/27/2021,VRB,FL,ASO,ES,Towers with Radar,1,32,57,0,90,0,6,90,0,96,1,38,147,0,186,17,0,17,203
02/28/2021,VRB,FL,ASO,ES,Towers with Radar,0,40,53,0,93,0,3,50,0,53,0,43,103,0,146,4,0,4,150
03/01/2021,VRB,FL,ASO,ES,Towers with Radar,0,46,52,0,98,0,61,109,0,170,0,107,161,0,268,170,0,170,438
03/02/2021,VRB,FL,ASO,ES,Towers with Radar,1,35,68,0,104,0,62,97,0,159,1,97,165,0,263,279,0,279,542
03/03/2021,VRB,FL,ASO,ES,Towers with Radar,0,30,72,2,104,0,24,52,0,76,0,54,124,2,180,43,0,43,223
03/04/2021,VRB,FL,ASO,ES,Towers with Radar,2,45,97,0,144,0,23,75,0,98,2,68,172,0,242,105,0,105,347
03/05/2021,VRB,FL,ASO,ES,Towers with Radar,3,34,76,0,113,0,78,152,0,230,3,112,228,0,343,132,0,132,475
03/06/2021,VRB,FL,ASO,ES,Towers with Radar,0,24,51,0,75,0,0,22,0,22,0,24,73,0,97,3,0,3,100
03/07/2021,VRB,FL,ASO,ES,Towers with Radar,2,19,42,0,63,0,0,12,0,12,2,19,54,0,75,0,0,0,75
03/08/2021,VRB,FL,ASO,ES,Towers with Radar,0,36,55,0,91,0,47,62,0,109,0,83,117,0,200,235,0,235,435
03/09/2021,VRB,FL,ASO,ES,Towers with Radar,0,28,62,0,90,0,51,93,0,144,0,79,155,0,234,210,0,210,444
03/10/2021,VRB,FL,ASO,ES,Towers with Radar,0,43,54,0,97,0,70,113,0,183,0,113,167,0,280,340,0,340,620
03/11/2021,VRB,FL,ASO,ES,Towers with Radar,5,33,58,0,96,0,63,157,0,220,5,96,215,0,316,252,0,252,568
03/12/2021,VRB,FL,ASO,ES,Towers with Radar,1,46,76,0,123,0,69,102,0,171,1,115,178,0,294,309,0,309,603
03/13/2021,VRB,FL,ASO,ES,Towers with Radar,0,33,59,0,92,0,44,67,0,111,0,77,126,0,203,31,0,31,234
03/14/2021,VRB,FL,ASO,ES,Towers with Radar,3,25,57,0,85,0,19,63,0,82,3,44,120,0,167,1,0,1,168
03/15/2021,VRB,FL,ASO,ES,Towers with Radar,0,30,59,0,89,0,61,116,0,177,0,91,175,0,266,247,0,247,513
03/16/2021,VRB,FL,ASO,ES,Towers with Radar,0,27,55,0,82,0,57,104,0,161,0,84,159,0,243,210,0,210,453
03/17/2021,VRB,FL,ASO,ES,Towers with Radar,0,39,67,0,106,0,46,152,0,198,0,85,219,0,304,166,0,166,470
03/18/2021,VRB,FL,ASO,ES,Towers with Radar,2,17,71,0,90,0,23,88,0,111,2,40,159,0,201,145,0,145,346
03/19/2021,VRB,FL,ASO,ES,Towers with Radar,3,34,65,0,102,0,48,100,0,148,3,82,165,0,250,347,0,347,597
03/20/2021,VRB,FL,ASO,ES,Towers with Radar,0,41,46,0,87,0,0,43,0,43,0,41,89,0,130,17,0,17,147
03/21/2021,VRB,FL,ASO,ES,Towers with Radar,0,28,58,0,86,0,0,50,0,50,0,28,108,0,136,24,0,24,160
03/22/2021,VRB,FL,ASO,ES,Towers with Radar,0,35,47,1,83,0,25,78,0,103,0,60,125,1,186,170,0,170,356
03/23/2021,VRB,FL,ASO,ES,Towers with Radar,0,48,60,0,108,0,71,119,0,190,0,119,179,0,298,336,0,336,634
03/24/2021,VRB,FL,ASO,ES,Towers with Radar,0,33,64,0,97,0,76,131,0,207,0,109,195,0,304,284,0,284,588
03/25/2021,VRB,FL,ASO,ES,Towers with Radar,2,35,68,2,107,1,38,105,0,144,3,73,173,2,251,192,0,192,443
03/26/2021,VRB,FL,ASO,ES,Towers with Radar,2,39,81,0,122,0,28,109,0,137,2,67,190,0,259,167,0,167,426
03/27/2021,VRB,FL,ASO,ES,Towers with Radar,0,35,64,0,99,0,39,64,0,103,0,74,128,0,202,87,0,87,289
03/28/2021,VRB,FL,ASO,ES,Towers with Radar,1,37,67,0,105,0,7,57,0,64,1,44,124,0,169,4,0,4,173
03/29/2021,VRB,FL,ASO,ES,Towers with Radar,0,38,62,0,100,0,18,77,0,95,0,56,139,0,195,154,0,154,349
03/30/2021,VRB,FL,ASO,ES,Towers with Radar,0,48,37,0,85,0,47,134,0,181,0,95,171,0,266,334,0,334,600
03/31/2021,VRB,FL,ASO,ES,Towers with Radar,0,31,51,0,82,0,46,93,0,139,0,77,144,0,221,219,0,219,440
04/01/2021,VRB,FL,ASO,ES,Towers with Radar,2,38,70,0,110,0,17,44,0,61,2,55,114,0,171,37,0,37,208
04/02/2021,VRB,FL,ASO,ES,Towers with Radar,2,44,35,0,81,0,11,51,0,62,2,55,86,0,143,40,0,40,183
04/03/2021,VRB,FL,ASO,ES,Towers with Radar,3,38,41,0,82,0,1,36,0,37,3,39,77,0,119,28,0,28,147
04/04/2021,VRB,FL,ASO,ES,Towers with Radar,0,24,43,0,67,0,2,59,0,61,0,26,102,0,128,26,0,26,154
04/05/2021,VRB,FL,ASO,ES,Towers with Radar,2,54,74,0,130,0,63,120,0,183,2,117,194,0,313,184,0,184,497
04/06/2021,VRB,FL,ASO,ES,Towers with Radar,0,29,55,0,84,0,48,171,0,219,0,77,226,0,303,312,0,312,615
04/07/2021,VRB,FL,ASO,ES,Towers with Radar,2,36,60,0,98,0,47,136,0,183,2,83,196,0,281,231,0,231,512
04/08/2021,VRB,FL,ASO,ES,Towers with Radar,2,30,58,0,90,0,70,132,0,202,2,100,190,0,292,215,0,215,507
04/09/2021,VRB,FL,ASO,ES,Towers with Radar,3,26,61,0,90,0,53,155,0,208,3,79,216,0,298,260,0,260,558
04/10/2021,VRB,FL,ASO,ES,Towers with Radar,0,14,49,0,63,0,9,70,0,79,0,23,119,0,142,41,0,41,183
04/11/2021,VRB,FL,ASO,ES,Towers with Radar,4,16,28,0,48,0,0,16,0,16,4,16,44,0,64,0,0,0,64
04/12/2021,VRB,FL,ASO,ES,Towers with Radar,2,60,57,0,119,0,42,89,0,131,2,102,146,0,250,137,0,137,387
04/13/2021,VRB,FL,ASO,ES,Towers with Radar,0,23,53,0,76,0,65,146,0,211,0,88,199,0,287,235,0,235,522
04/14/2021,VRB,FL,ASO,ES,Towers with Radar,0,45,52,0,97,0,67,140,0,207,0,112,192,0,304,331,0,331,635
04/15/2021,VRB,FL,ASO,ES,Towers with Radar,2,49,65,0,116,0,49,148,0,197,2,98,213,0,313,187,0,187,500
04/16/2021,VRB,FL,ASO,ES,Towers with Radar,2,27,40,0,69,0,9,79,0,88,2,36,119,0,157,112,0,112,269
04/17/2021,VRB,FL,ASO,ES,Towers with Radar,1,19,48,0,68,0,0,33,0,33,1,19,81,0,101,42,0,42,143
04/18/2021,VRB,FL,ASO,ES,Towers with Radar,0,28,39,0,67,0,0,22,0,22,0,28,61,0,89,44,0,44,133
04/19/2021,VRB,FL,ASO,ES,Towers with Radar,0,16,26,0,42,0,0,8,0,8,0,16,34,0,50,0,0,0,50
04/20/2021,VRB,FL,ASO,ES,Towers with Radar,0,29,28,0,57,0,2,18,0,20,0,31,46,0,77,95,0,95,172
04/21/2021,VRB,FL,ASO,ES,Towers with Radar,1,56,50,0,107,0,31,75,0,106,1,87,125,0,213,174,0,174,387
04/22/2021,VRB,FL,ASO,ES,Towers with Radar,3,23,63,0,89,0,45,145,1,191,3,68,208,1,280,155,0,155,435
04/23/2021,VRB,FL,ASO,ES,Towers with Radar,2,36,52,0,90,0,12,118,0,130,2,48,170,0,220,155,0,155,375
04/24/2021,VRB,FL,ASO,ES,Towers with Radar,1,13,38,0,52,0,0,49,0,49,1,13,87,0,101,16,0,16,117
04/25/2021,VRB,FL,ASO,ES,Towers with Radar,0,16,51,0,67,0,0,30,0,30,0,16,81,0,97,9,0,9,106
04/26/2021,VRB,FL,ASO,ES,Towers with Radar,0,48,77,0,125,0,45,139,0,184,0,93,216,0,309,147,0,147,456
04/27/2021,VRB,FL,ASO,ES,Towers with Radar,0,37,61,0,98,0,47,122,0,169,0,84,183,0,267,225,0,225,492
04/28/2021,VRB,FL,ASO,ES,Towers with Radar,0,40,71,2,113,0,33,139,2,174,0,73,210,4,287,188,0,188,475
04/29/2021,VRB,FL,ASO,ES,Towers with Radar,1,51,56,0,108,0,21,80,0,101,1,72,136,0,209,146,0,146,355
04/30/2021,VRB,FL,ASO,ES,Towers with Radar,2,42,49,0,93,0,2,101,0,103,2,44,150,0,196,106,0,106,302
05/01/2021,VRB,FL,ASO,ES,Towers with Radar,0,32,45,0,77,0,0,71,0,71,0,32,116,0,148,7,0,7,155
05/02/2021,VRB,FL,ASO,ES,Towers with Radar,0,39,41,0,80,0,1,57,0,58,0,40,98,0,138,8,0,8,146
05/03/2021,VRB,FL,ASO,ES,Towers with Radar,0,18,45,0,63,0,1,87,0,88,0,19,132,0,151,68,0,68,219
05/04/2021,VRB,FL,ASO,ES,Towers with Radar,0,28,51,2,81,0,43,119,0,162,0,71,170,2,243,117,0,117,360
05/05/2021,VRB,FL,ASO,ES,Towers with Radar,0,40,45,0,85,0,32,113,0,145,0,72,158,0,230,121,0,121,351
05/06/2021,VRB,FL,ASO,ES,Towers with Radar,4,33,65,0,102,0,26,42,0,68,4,59,107,0,170,111,0,111,281
05/07/2021,VRB,FL,ASO,ES,Towers with Radar,3,44,67,0,114,0,22,119,0,141,3,66,186,0,255,104,0,104,359
05/08/2021,VRB,FL,ASO,ES,Towers with Radar,0,27,31,0,58,0,4,76,0,80,0,31,107,0,138,12,0,12,150
05/09/2021,VRB,FL,ASO,ES,Towers with Radar,0,25,25,0,50,0,3,43,0,46,0,28,68,0,96,6,0,6,102
05/10/2021,VRB,FL,ASO,ES,Towers with Radar,0,23,56,2,81,0,36,68,0,104,0,59,124,2,185,181,0,181,366
05/11/2021,VRB,FL,ASO,ES,Towers with Radar,0,30,57,0,87,0,63,104,0,167,0,93,161,0,254,218,0,218,472
05/12/2021,VRB,FL,ASO,ES,Towers with Radar,0,29,46,0,75,0,34,116,0,150,0,63,162,0,225,124,0,124,349
05/13/2021,VRB,FL,ASO,ES,Towers with Radar,2,37,104,0,143,0,15,60,0,75,2,52,164,0,218,69,0,69,287
05/14/2021,VRB,FL,ASO,ES,Towers with Radar,2,45,55,0,102,0,32,102,0,134,2,77,157,0,236,108,0,108,344
05/15/2021,VRB,FL,ASO,ES,Towers with Radar,1,19,29,0,49,0,0,51,0,51,1,19,80,0,100,26,0,26,126
05/16/2021,VRB,FL,ASO,ES,Towers with Radar,0,22,55,0,77,0,5,53,0,58,0,27,108,0,135,11,0,11,146
05/17/2021,VRB,FL,ASO,ES,Towers with Radar,0,34,45,0,79,0,52,96,0,148,0,86,141,0,227,135,0,135,362
05/18/2021,VRB,FL,ASO,ES,Towers with Radar,0,37,50,0,87,0,22,48,0,70,0,59,98,0,157,56,0,56,213
05/19/2021,VRB,FL,ASO,ES,Towers with Radar,3,51,51,0,105,0,32,57,0,89,3,83,108,0,194,73,0,73,267
05/20/2021,VRB,FL,ASO,ES,Towers with Radar,3,38,55,0,96,0,24,61,0,85,3,62,116,0,181,61,0,61,242
05/21/2021,VRB,FL,ASO,ES,Towers with Radar,2,30,43,0,75,0,35,82,0,117,2,65,125,0,192,65,0,65,257
05/22/2021,VRB,FL,ASO,ES,Towers with Radar,0,20,18,0,38,0,3,59,0,62,0,23,77,0,100,16,0,16,116
05/23/2021,VRB,FL,ASO,ES,Towers with Radar,0,11,57,0,68,0,14,75,0,89,0,25,132,0,157,1,0,1,158
05/24/2021,VRB,FL,ASO,ES,Towers with Radar,0,46,43,0,89,0,60,124,0,184,0,106,167,0,273,286,0,286,559
05/25/2021,VRB,FL,ASO,ES,Towers with Radar,0,39,63,2,104,0,55,130,3,188,0,94,193,5,292,231,4,235,527
05/26/2021,VRB,FL,ASO,ES,Towers with Radar,0,30,66,0,96,0,67,137,0,204,0,97,203,0,300,194,0,194,494
05/27/2021,VRB,FL,ASO,ES,Towers with Radar,2,35,66,2,105,0,58,136,0,194,2,93,202,2,299,213,0,213,512
05/28/2021,VRB,FL,ASO,ES,Towers with Radar,2,38,52,0,92,0,45,128,0,173,2,83,180,0,265,93,0,93,358
05/29/2021,VRB,FL,ASO,ES,Towers with Radar,1,16,34,0,51,0,1,43,0,44,1,17,77,0,95,33,0,33,128
05/30/2021,VRB,FL,ASO,ES,Towers with Radar,0,21,12,0,33,0,0,44,0,44,0,21,56,0,77,0,0,0,77
05/31/2021,VRB,FL,ASO,ES,Towers with Radar,1,17,37,0,55,0,1,73,0,74,1,18,110,0,129,34,0,34,163
06/01/2021,VRB,FL,ASO,ES,Towers with Radar,1,24,36,0,61,0,50,103,0,153,1,74,139,0,214,145,0,145,359
06/02/2021,VRB,FL,ASO,ES,Towers with Radar,0,27,51,0,78,0,14,59,0,73,0,41,110,0,151,106,0,106,257
06/03/2021,VRB,FL,ASO,ES,Towers with Radar,2,22,44,0,68,0,26,42,0,68,2,48,86,0,136,149,0,149,285
06/04/2021,VRB,FL,ASO,ES,Towers with Radar,2,24,46,1,73,0,45,58,1,104,2,69,104,2,177,140,0,140,317
06/05/2021,VRB,FL,ASO,ES,Towers with Radar,0,29,50,0,79,0,4,72,1,77,0,33,122,1,156,20,0,20,176
06/06/2021,VRB,FL,ASO,ES,Towers with Radar,0,11,52,0,63,0,0,39,0,39,0,11,91,0,102,0,0,0,102
06/07/2021,VRB,FL,ASO,ES,Towers with Radar,2,33,52,2,89,0,66,118,0,184,2,99,170,2,273,168,0,168,441
06/08/2021,VRB,FL,ASO,ES,Towers with Radar,1,18,53,0,72,0,66,162,0,228,1,84,215,0,300,158,0,158,458
06/09/2021,VRB,FL,ASO,ES,Towers with Radar,1,32,63,0,96,0,68,138,0,206,1,100,201,0,302,172,0,172,474
06/10/2021,VRB,FL,ASO,ES,Towers with Radar,2,16,49,2,69,0,66,119,0,185,2,82,168,2,254,243,0,243,497
06/11/2021,VRB,FL,ASO,ES,Towers with Radar,2,27,51,0,80,0,62,113,0,175,2,89,164,0,255,163,0,163,418
06/12/2021,VRB,FL,ASO,ES,Towers with Radar,0,14,41,0,55,0,3,66,0,69,0,17,107,0,124,30,0,30,154
06/13/2021,VRB,FL,ASO,ES,Towers with Radar,0,18,31,0,49,0,3,64,0,67,0,21,95,0,116,44,1,45,161
06/14/2021,VRB,FL,ASO,ES,Towers with Radar,2,10,43,0,55,0,38,60,0,98,2,48,103,0,153,109,0,109,262
06/15/2021,VRB,FL,ASO,ES,Towers with Radar,0,16,44,0,60,0,61,59,0,120,0,77,103,0,180,195,0,195,375
06/16/2021,VRB,FL,ASO,ES,Towers with Radar,0,28,54,0,82,0,55,80,0,135,0,83,134,0,217,177,0,177,394
06/17/2021,VRB,FL,ASO,ES,Towers with Radar,2,24,56,2,84,0,54,126,0,180,2,78,182,2,264,145,0,145,409
06/18/2021,VRB,FL,ASO,ES,Towers with Radar,2,9,75,0,86,0,66,134,0,200,2,75,209,0,286,154,0,154,440
06/19/2021,VRB,FL,ASO,ES,Towers with Radar,1,17,37,0,55,0,2,64,0,66,1,19,101,0,121,33,0,33,154
06/20/2021,VRB,FL,ASO,ES,Towers with Radar,0,6,33,0,39,0,0,41,0,41,0,6,74,0,80,42,0,42,122
06/21/2021,VRB,FL,ASO,ES,Towers with Radar,3,9,43,0,55,0,53,84,0,137,3,62,127,0,192,172,0,172,364
06/22/2021,VRB,FL,ASO,ES,Towers with Radar,2,14,26,0,42,0,33,63,0,96,2,47,89,0,138,132,0,132,270
06/23/2021,VRB,FL,ASO,ES,Towers with Radar,0,16,41,0,57,0,52,92,0,144,0,68,133,0,201,178,0,178,379
06/24/2021,VRB,FL,ASO,ES,Towers with Radar,3,24,48,2,77,0,52,97,0,149,3,76,145,2,226,156,0,156,382
06/25/2021,VRB,FL,ASO,ES,Towers with Radar,3,9,47,0,59,0,41,66,0,107,3,50,113,0,166,154,0,154,320
06/26/2021,VRB,FL,ASO,ES,Towers with Radar,1,9,20,0,30,0,0,61,0,61,1,9,81,0,91,3,0,3,94
06/27/2021,VRB,FL,ASO,ES,Towers with Radar,0,12,46,0,58,0,4,52,0,56,0,16,98,0,114,23,0,23,137
06/28/2021,VRB,FL,ASO,ES,Towers with Radar,2,24,39,0,65,0,48,99,0,147,2,72,138,0,212,112,0,112,324
06/29/2021,VRB,FL,ASO,ES,Towers with Radar,0,14,45,0,59,0,31,67,1,99,0,45,112,1,158,143,0,143,301
06/30/2021,VRB,FL,ASO,ES,Towers with Radar,0,19,42,0,61,0,45,64,0,109,0,64,106,0,170,141,0,141,311
07/01/2021,VRB,FL,ASO,ES,Towers with Radar,2,27,45,0,74,0,55,80,0,135,2,82,125,0,209,212,0,212,421
07/02/2021,VRB,FL,ASO,ES,Towers with Radar,2,14,57,0,73,0,46,86,0,132,2,60,143,0,205,139,0,139,344
07/03/2021,VRB,FL,ASO,ES,Towers with Radar,0,7,31,0,38,0,0,33,0,33,0,7,64,0,71,4,0,4,75
07/04/2021,VRB,FL,ASO,ES,Towers with Radar,0,9,14,1,24,0,0,56,3,59,0,9,70,4,83,7,0,7,90
07/05/2021,VRB,FL,ASO,ES,Towers with Radar,2,5,18,0,25,0,0,21,2,23,2,5,39,2,48,4,0,4,52
07/06/2021,VRB,FL,ASO,ES,Towers with Radar,0,14,19,0,33,0,0,5,1,6,0,14,24,1,39,0,0,0,39
07/07/2021,VRB,FL,ASO,ES,Towers with Radar,0,13,13,0,26,0,32,23,0,55,0,45,36,0,81,76,0,76,157
07/08/2021,VRB,FL,ASO,ES,Towers with Radar,2,17,42,0,61,0,68,98,0,166,2,85,140,0,227,165,0,165,392
07/09/2021,VRB,FL,ASO,ES,Towers with Radar,1,24,39,1,65,0,90,94,2,186,1,114,133,3,251,247,0,247,498
07/10/2021,VRB,FL,ASO,ES,Towers with Radar,0,23,28,0,51,0,69,55,0,124,0,92,83,0,175,189,0,189,364
07/11/2021,VRB,FL,ASO,ES,Towers with Radar,0,13,15,0,28,0,1,33,0,34,0,14,48,0,62,6,0,6,68
07/12/2021,VRB,FL,ASO,ES,Towers with Radar,2,21,37,0,60,0,47,87,0,134,2,68,124,0,194,123,0,123,317
07/13/2021,VRB,FL,ASO,ES,Towers with Radar,0,19,40,0,59,0,48,89,0,137,0,67,129,0,196,143,0,143,339
07/14/2021,VRB,FL,ASO,ES,Towers with Radar,0,18,47,0,65,0,56,77,0,133,0,74,124,0,198,223,0,223,421
07/15/2021,VRB,FL,ASO,ES,Towers with Radar,2,29,62,0,93,0,79,140,0,219,2,108,202,0,312,195,0,195,507
07/16/2021,VRB,FL,ASO,ES,Towers with Radar,2,26,29,0,57,0,80,134,0,214,2,106,163,0,271,238,0,238,509
07/17/2021,VRB,FL,ASO,ES,Towers with Radar,0,9,29,0,38,0,0,67,0,67,0,9,96,0,105,22,0,22,127
07/18/2021,VRB,FL,ASO,ES,Towers with Radar,0,8,27,0,35,0,2,57,1,60,0,10,84,1,95,5,0,5,100
07/19/2021,VRB,FL,ASO,ES,Towers with Radar,2,19,45,2,68,0,56,109,0,165,2,75,154,2,233,197,0,197,430
07/20/2021,VRB,FL,ASO,ES,Towers with Radar,0,32,30,0,62,1,55,117,0,173,1,87,147,0,235,206,0,206,441
07/21/2021,VRB,FL,ASO,ES,Towers with Radar,0,26,52,0,78,0,52,96,0,148,0,78,148,0,226,284,0,284,510
07/22/2021,VRB,FL,ASO,ES,Towers with Radar,3,24,42,0,69,0,89,79,0,168,3,113,121,0,237,257,0,257,494
07/23/2021,VRB,FL,ASO,ES,Towers with Radar,2,16,44,0,62,0,67,88,0,155,2,83,132,0,217,213,0,213,430
07/24/2021,VRB,FL,ASO,ES,Towers with Radar,0,11,41,0,52,0,3,54,0,57,0,14,95,0,109,2,0,2,111
07/25/2021,VRB,FL,ASO,ES,Towers with Radar,0,5,28,0,33,0,3,40,0,43,0,8,68,0,76,19,0,19,95
07/26/2021,VRB,FL,ASO,ES,Towers with Radar,3,24,36,2,65,0,58,72,0,130,3,82,108,2,195,183,0,183,378
07/27/2021,VRB,FL,ASO,ES,Towers with Radar,0,11,53,0,64,0,82,94,0,176,0,93,147,0,240,227,0,227,467
07/28/2021,VRB,FL,ASO,ES,Towers with Radar,0,9,39,0,48,0,58,82,0,140,0,67,121,0,188,168,0,168,356
07/29/2021,VRB,FL,ASO,ES,Towers with Radar,2,19,33,0,54,0,90,96,0,186,2,109,129,0,240,213,0,213,453
07/30/2021,VRB,FL,ASO,ES,Towers with Radar,2,14,41,0,57,0,92,106,0,198,2,106,147,0,255,208,0,208,463
07/31/2021,VRB,FL,ASO,ES,Towers with Radar,0,2,21,0,23,0,10,58,0,68,0,12,79,0,91,30,0,30,121
08/01/2021,VRB,FL,ASO,ES,Towers with Radar,1,14,25,0,40,0,2,39,1,42,1,16,64,1,82,5,0,5,87
08/02/2021,VRB,FL,ASO,ES,Towers with Radar,2,14,42,4,62,0,76,61,0,137,2,90,103,4,199,188,0,188,387
08/03/2021,VRB,FL,ASO,ES,Towers with Radar,0,13,26,0,39,0,60,50,0,110,0,73,76,0,149,131,0,131,280
08/04/2021,VRB,FL,ASO,ES,Towers with Radar,0,21,50,0,71,0,48,51,0,99,0,69,101,0,170,125,0,125,295
08/05/2021,VRB,FL,ASO,ES,Towers with Radar,2,28,33,0,63,0,40,116,0,156,2,68,149,0,219,150,0,150,369
08/06/2021,VRB,FL,ASO,ES,Towers with Radar,2,31,42,0,75,0,87,93,0,180,2,118,135,0,255,242,0,242,497
08/07/2021,VRB,FL,ASO,ES,Towers with Radar,0,2,37,0,39,0,6,42,4,52,0,8,79,4,91,28,0,28,119
08/08/2021,VRB,FL,ASO,ES,Towers with Radar,0,6,28,0,34,0,3,66,0,69,0,9,94,0,103,14,0,14,117
08/09/2021,VRB,FL,ASO,ES,Towers with Radar,2,32,34,0,68,0,54,71,0,125,2,86,105,0,193,212,0,212,405
08/10/2021,VRB,FL,ASO,ES,Towers with Radar,0,34,17,0,51,0,77,97,0,174,0,111,114,0,225,215,0,215,440
08/11/2021,VRB,FL,ASO,ES,Towers with Radar,2,30,41,0,73,0,101,99,0,200,2,131,140,0,273,219,0,219,492
08/12/2021,VRB,FL,ASO,ES,Towers with Radar,2,35,54,0,91,0,69,107,0,176,2,104,161,0,267,167,0,167,434
08/13/2021,VRB,FL,ASO,ES,Towers with Radar,2,28,24,0,54,0,72,63,0,135,2,100,87,0,189,221,0,221,410
08/14/2021,VRB,FL,ASO,ES,Towers with Radar,0,8,8,0,16,0,3,14,0,17,0,11,22,0,33,17,0,17,50
08/15/2021,VRB,FL,ASO,ES,Towers with Radar,1,6,23,0,30,0,3,35,0,38,1,9,58,0,68,16,0,16,84
08/16/2021,VRB,FL,ASO,ES,Towers with Radar,2,18,50,0,70,0,53,80,0,133,2,71,130,0,203,234,0,234,437
08/17/2021,VRB,FL,ASO,ES,Towers with Radar,0,34,40,0,74,0,88,87,0,175,0,122,127,0,249,251,0,251,500
08/18/2021,VRB,FL,ASO,ES,Towers with Radar,0,22,41,0,63,0,87,117,0,204,0,109,158,0,267,295,0,295,562
08/19/2021,VRB,FL,ASO,ES,Towers with Radar,2,30,26,0,58,0,87,112,1,200,2,117,138,1,258,331,0,331,589
08/20/2021,VRB,FL,ASO,ES,Towers with Radar,0,16,31,0,47,0,89,94,0,183,0,105,125,0,230,187,0,187,417
08/21/2021,VRB,FL,ASO,ES,Towers with Radar,0,6,20,0,26,0,4,52,0,56,0,10,72,0,82,38,0,38,120
08/22/2021,VRB,FL,ASO,ES,Towers with Radar,0,13,18,0,31,0,2,64,0,66,0,15,82,0,97,3,0,3,100
08/23/2021,VRB,FL,ASO,ES,Towers with Radar,2,17,25,0,44,0,62,55,1,118,2,79,80,1,162,387,0,387,549
08/24/2021,VRB,FL,ASO,ES,Towers with Radar,0,30,42,0,72,0,83,101,0,184,0,113,143,0,256,412,0,412,668
08/25/2021,VRB,FL,ASO,ES,Towers with Radar,0,30,41,0,71,0,86,97,0,183,0,116,138,0,254,235,0,235,489
08/26/2021,VRB,FL,ASO,ES,Towers with Radar,1,27,37,0,65,0,54,77,0,131,1,81,114,0,196,258,0,258,454
08/27/2021,VRB,FL,ASO,ES,Towers with Radar,2,14,23,0,39,0,37,41,0,78,2,51,64,0,117,69,0,69,186
08/28/2021,VRB,FL,ASO,ES,Towers with Radar,0,6,26,0,32,0,1,65,0,66,0,7,91,0,98,26,0,26,124
08/29/2021,VRB,FL,ASO,ES,Towers with Radar,1,9,26,0,36,0,3,58,0,61,1,12,84,0,97,29,0,29,126
08/30/2021,VRB,FL,ASO,ES,Towers with Radar,0,22,44,0,66,0,140,100,0,240,0,162,144,0,306,351,0,351,657
08/31/2021,VRB,FL,ASO,ES,Towers with Radar,0,32,31,0,63,0,110,86,0,196,0,142,117,0,259,373,0,373,632
09/01/2021,VRB,FL,ASO,ES,Towers with Radar,0,34,28,0,62,0,76,88,0,164,0,110,116,0,226,270,0,270,496
09/02/2021,VRB,FL,ASO,ES,Towers with Radar,1,36,51,0,88,0,92,68,0,160,1,128,119,0,248,287,0,287,535
09/03/2021,VRB,FL,ASO,ES,Towers with Radar,2,37,45,0,84,0,36,50,0,86,2,73,95,0,170,190,0,190,360
09/04/2021,VRB,FL,ASO,ES,Towers with Radar,0,8,26,0,34,0,2,52,0,54,0,10,78,0,88,16,0,16,104
09/05/2021,VRB,FL,ASO,ES,Towers with Radar,0,5,13,0,18,0,1,43,0,44,0,6,56,0,62,0,0,0,62
09/06/2021,VRB,FL,ASO,ES,Towers with Radar,2,8,26,0,36,0,1,129,0,130,2,9,155,0,166,130,0,130,296
09/07/2021,VRB,FL,ASO,ES,Towers with Radar,0,27,29,0,56,0,84,86,0,170,0,111,115,0,226,353,0,353,579
09/08/2021,VRB,FL,ASO,ES,Towers with Radar,0,38,32,0,70,0,87,119,0,206,0,125,151,0,276,289,0,289,565
09/09/2021,VRB,FL,ASO,ES,Towers with Radar,0,27,30,0,57,0,77,71,0,148,0,104,101,0,205,284,0,284,489
09/10/2021,VRB,FL,ASO,ES,Towers with Radar,0,20,35,0,55,0,78,99,0,177,0,98,134,0,232,387,0,387,619
09/11/2021,VRB,FL,ASO,ES,Towers with Radar,0,16,16,0,32,0,4,45,0,49,0,20,61,0,81,25,0,25,106
09/12/2021,VRB,FL,ASO,ES,Towers with Radar,0,13,40,0,53,0,0,48,0,48,0,13,88,0,101,10,0,10,111
09/13/2021,VRB,FL,ASO,ES,Towers with Radar,0,15,15,0,30,0,58,70,0,128,0,73,85,0,158,411,0,411,569
09/14/2021,VRB,FL,ASO,ES,Towers with Radar,0,46,41,0,87,0,77,119,0,196,0,123,160,0,283,481,0,481,764
09/15/2021,VRB,FL,ASO,ES,Towers with Radar,0,42,37,0,79,0,90,106,0,196,0,132,143,0,275,322,0,322,597
09/16/2021,VRB,FL,ASO,ES,Towers with Radar,0,28,42,0,70,0,63,103,0,166,0,91,145,0,236,284,0,284,520
09/17/2021,VRB,FL,ASO,ES,Towers with Radar,0,18,26,2,46,0,79,84,0,163,0,97,110,2,209,225,0,225,434
09/18/2021,VRB,FL,ASO,ES,Towers with Radar,0,13,26,0,39,0,1,57,0,58,0,14,83,0,97,9,0,9,106
09/19/2021,VRB,FL,ASO,ES,Towers with Radar,0,8,33,0,41,0,0,43,0,43,0,8,76,0,84,44,0,44,128
09/20/2021,VRB,FL,ASO,ES,Towers with Radar,0,8,27,0,35,0,71,56,0,127,0,79,83,0,162,119,0,119,281
09/21/2021,VRB,FL,ASO,ES,Towers with Radar,0,27,32,0,59,0,52,44,0,96,0,79,76,0,155,46,0,46,201
09/22/2021,VRB,FL,ASO,ES,Towers with Radar,0,33,45,0,78,0,76,79,0,155,0,109,124,0,233,54,0,54,287
09/23/2021,VRB,FL,ASO,ES,Towers with Radar,0,32,40,0,72,0,21,45,3,69,0,53,85,3,141,64,0,64,205
09/24/2021,VRB,FL,ASO,ES,Towers with Radar,0,28,37,0,65,0,118,120,0,238,0,146,157,0,303,110,0,110,413
09/25/2021,VRB,FL,ASO,ES,Towers with Radar,0,14,26,0,40,0,8,73,0,81,0,22,99,0,121,25,0,25,146
09/26/2021,VRB,FL,ASO,ES,Towers with Radar,0,13,27,1,41,0,3,70,0,73,0,16,97,1,114,10,0,10,124
09/27/2021,VRB,FL,ASO,ES,Towers with Radar,0,17,35,0,52,0,95,131,0,226,0,112,166,0,278,80,0,80,358
09/28/2021,VRB,FL,ASO,ES,Towers with Radar,0,33,31,0,64,0,101,110,0,211,0,134,141,0,275,84,0,84,359
09/29/2021,VRB,FL,ASO,ES,Towers with Radar,0,22,45,0,67,0,113,106,0,219,0,135,151,0,286,73,0,73,359
09/30/2021,VRB,FL,ASO,ES,Towers with Radar,0,20,43,0,63,0,138,130,0,268,0,158,173,0,331,101,0,101,432
10/01/2021,VRB,FL,ASO,ES,Towers with Radar,0,16,50,0,66,0,87,85,0,172,0,103,135,0,238,37,0,37,275
10/02/2021,VRB,FL,ASO,ES,Towers with Radar,0,12,24,0,36,0,4,44,0,48,0,16,68,0,84,6,0,6,90
10/03/2021,VRB,FL,ASO,ES,Towers with Radar,0,24,34,0,58,0,8,34,0,42,0,32,68,0,100,13,0,13,113
10/04/2021,VRB,FL,ASO,ES,Towers with Radar,0,15,36,0,51,0,127,106,0,233,0,142,142,0,284,92,0,92,376
10/05/2021,VRB,FL,ASO,ES,Towers with Radar,0,30,35,0,65,0,112,107,1,220,0,142,142,1,285,51,0,51,336
10/06/2021,VRB,FL,ASO,ES,Towers with Radar,0,32,41,1,74,0,112,153,0,265,0,144,194,1,339,50,0,50,389
10/07/2021,VRB,FL,ASO,ES,Towers with Radar,0,46,30,0,76,0,69,76,1,146,0,115,106,1,222,83,0,83,305
10/08/2021,VRB,FL,ASO,ES,Towers with Radar,0,26,35,0,61,0,53,68,0,121,0,79,103,0,182,25,0,25,207
10/09/2021,VRB,FL,ASO,ES,Towers with Radar,0,13,27,0,40,0,7,19,0,26,0,20,46,0,66,17,0,17,83
10/10/2021,VRB,FL,ASO,ES,Towers with Radar,0,9,31,0,40,0,1,50,0,51,0,10,81,0,91,36,0,36,127
10/11/2021,VRB,FL,ASO,ES,Towers with Radar,0,32,48,0,80,0,114,97,0,211,0,146,145,0,291,71,0,71,362
10/12/2021,VRB,FL,ASO,ES,Towers with Radar,0,56,41,1,98,0,94,122,1,217,0,150,163,2,315,102,0,102,417
10/13/2021,VRB,FL,ASO,ES,Towers with Radar,0,41,48,0,89,0,96,136,0,232,0,137,184,0,321,82,0,82,403
10/14/2021,VRB,FL,ASO,ES,Towers with Radar,0,45,48,0,93,0,133,101,0,234,0,178,149,0,327,59,0,59,386
10/15/2021,VRB,FL,ASO,ES,Towers with Radar,0,28,43,0,71,0,59,85,0,144,0,87,128,0,215,107,0,107,322
10/16/2021,VRB,FL,ASO,ES,Towers with Radar,0,22,15,0,37,0,45,101,0,146,0,67,116,0,183,48,0,48,231
10/17/2021,VRB,FL,ASO,ES,Towers with Radar,0,17,41,0,58,0,8,35,0,43,0,25,76,0,101,10,0,10,111
10/18/2021,VRB,FL,ASO,ES,Towers with Radar,0,28,34,0,62,0,101,98,0,199,0,129,132,0,261,87,0,87,348
10/19/2021,VRB,FL,ASO,ES,Towers with Radar,0,32,38,0,70,0,107,103,0,210,0,139,141,0,280,64,0,64,344
10/20/2021,VRB,FL,ASO,ES,Towers with Radar,0,51,54,0,105,0,118,106,0,224,0,169,160,0,329,51,0,51,380
10/21/2021,VRB,FL,ASO,ES,Towers with Radar,0,42,49,0,91,0,110,148,0,258,0,152,197,0,349,37,0,37,386
10/22/2021,VRB,FL,ASO,ES,Towers with Radar,0,39,37,0,76,0,113,127,0,240,0,152,164,0,316,110,0,110,426
10/23/2021,VRB,FL,ASO,ES,Towers with Radar,0,29,18,0,47,0,8,51,0,59,0,37,69,0,106,22,0,22,128
10/24/2021,VRB,FL,ASO,ES,Towers with Radar,0,21,35,0,56,0,0,32,0,32,0,21,67,0,88,11,0,11,99
10/25/2021,VRB,FL,ASO,ES,Towers with Radar,0,38,40,0,78,0,59,24,0,83,0,97,64,0,161,54,0,54,215
10/26/2021,VRB,FL,ASO,ES,Towers with Radar,0,50,47,0,97,0,43,63,0,106,0,93,110,0,203,26,0,26,229
10/27/2021,VRB,FL,ASO,ES,Towers with Radar,0,51,46,0,97,0,155,152,0,307,0,206,198,0,404,28,0,28,432
10/28/2021,VRB,FL,ASO,ES,Towers with Radar,0,40,52,2,94,0,60,62,0,122,0,100,114,2,216,11,0,11,227
10/29/2021,VRB,FL,ASO,ES,Towers with Radar,0,56,60,0,116,0,69,59,0,128,0,125,119,0,244,16,0,16,260
10/30/2021,VRB,FL,ASO,ES,Towers with Radar,0,24,35,0,59,0,14,30,0,44,0,38,65,0,103,7,0,7,110
10/31/2021,VRB,FL,ASO,ES,Towers with Radar,0,20,60,0,80,0,34,48,0,82,0,54,108,0,162,15,0,15,177
11/01/2021,VRB,FL,ASO,ES,Towers with Radar,0,68,57,0,125,0,131,105,0,236,0,199,162,0,361,64,0,64,425
11/02/2021,VRB,FL,ASO,ES,Towers with Radar,0,43,37,0,80,0,106,126,0,232,0,149,163,0,312,86,0,86,398
11/03/2021,VRB,FL,ASO,ES,Towers with Radar,0,55,42,0,97,0,113,149,0,262,0,168,191,0,359,49,0,49,408
11/04/2021,VRB,FL,ASO,ES,Towers with Radar,0,73,44,0,117,0,127,116,0,243,0,200,160,0,360,42,0,42,402
11/05/2021,VRB,FL,ASO,ES,Towers with Radar,0,14,10,0,24,0,0,0,0,0,0,14,10,0,24,0,0,0,24
11/06/2021,VRB,FL,ASO,ES,Towers with Radar,0,11,21,0,32,0,4,30,0,34,0,15,51,0,66,5,0,5,71
11/07/2021,VRB,FL,ASO,ES,Towers with Radar,0,21,30,0,51,0,3,40,0,43,0,24,70,0,94,27,0,27,121
11/08/2021,VRB,FL,ASO,ES,Towers with Radar,0,43,39,0,82,0,118,112,0,230,0,161,151,0,312,39,0,39,351
11/09/2021,VRB,FL,ASO,ES,Towers with Radar,0,51,40,0,91,0,157,142,0,299,0,208,182,0,390,108,0,108,498
11/10/2021,VRB,FL,ASO,ES,Towers with Radar,0,94,55,0,149,0,21,9,0,30,0,115,64,0,179,34,0,34,213
11/11/2021,VRB,FL,ASO,ES,Towers with Radar,0,50,53,0,103,0,129,84,0,213,0,179,137,0,316,56,0,56,372
11/12/2021,VRB,FL,ASO,ES,Towers with Radar,0,42,44,0,86,0,16,25,0,41,0,58,69,0,127,64,0,64,191
11/13/2021,VRB,FL,ASO,ES,Towers with Radar,0,31,55,0,86,0,6,81,0,87,0,37,136,0,173,34,0,34,207
11/14/2021,VRB,FL,ASO,ES,Towers with Radar,0,32,49,0,81,0,2,87,0,89,0,34,136,0,170,40,0,40,210
11/15/2021,VRB,FL,ASO,ES,Towers with Radar,0,18,22,0,40,0,160,143,0,303,0,178,165,0,343,34,0,34,377
11/16/2021,VRB,FL,ASO,ES,Towers with Radar,0,11,29,0,40,0,135,156,0,291,0,146,185,0,331,36,0,36,367
11/17/2021,VRB,FL,ASO,ES,Towers with Radar,0,26,27,0,53,0,150,129,0,279,0,176,156,0,332,44,0,44,376
11/18/2021,VRB,FL,ASO,ES,Towers with Radar,0,44,33,0,77,0,79,66,0,145,0,123,99,0,222,8,0,8,230
11/19/2021,VRB,FL,ASO,ES,Towers with Radar,0,15,34,0,49,0,30,59,0,89,0,45,93,0,138,35,0,35,173
11/20/2021,VRB,FL,ASO,ES,Towers with Radar,0,21,42,0,63,0,4,12,0,16,0,25,54,0,79,6,0,6,85
11/21/2021,VRB,FL,ASO,ES,Towers with Radar,0,27,31,0,58,0,0,4,0,4,0,27,35,0,62,0,0,0,62
11/22/2021,VRB,FL,ASO,ES,Towers with Radar,0,90,38,0,128,0,51,74,0,125,0,141,112,0,253,21,0,21,274
11/23/2021,VRB,FL,ASO,ES,Towers with Radar,0,68,57,0,125,0,52,82,0,134,0,120,139,0,259,42,0,42,301
11/24/2021,VRB,FL,ASO,ES,Towers with Radar,0,68,46,0,114,0,113,112,0,225,0,181,158,0,339,47,0,47,386
11/25/2021,VRB,FL,ASO,ES,Towers with Radar,0,8,11,0,19,0,0,44,0,44,0,8,55,0,63,9,0,9,72
11/26/2021,VRB,FL,ASO,ES,Towers with Radar,0,30,33,0,63,0,5,119,0,124,0,35,152,0,187,82,0,82,269
11/27/2021,VRB,FL,ASO,ES,Towers with Radar,0,31,39,0,70,0,9,57,0,66,0,40,96,0,136,20,0,20,156
11/28/2021,VRB,FL,ASO,ES,Towers with Radar,0,29,52,0,81,0,3,57,0,60,0,32,109,0,141,14,0,14,155
11/29/2021,VRB,FL,ASO,ES,Towers with Radar,0,90,52,0,142,0,124,137,0,261,0,214,189,0,403,67,0,67,470
11/30/2021,VRB,FL,ASO,ES,Towers with Radar,0,58,29,2,89,0,142,133,0,275,0,200,162,2,364,87,0,87,451
12/01/2021,VRB,FL,ASO,ES,Towers with Radar,0,82,34,0,116,0,136,145,0,281,0,218,179,0,397,122,0,122,519
12/02/2021,VRB,FL,ASO,ES,Towers with Radar,0,80,52,0,132,0,132,121,1,254,0,212,173,1,386,58,0,58,444
12/03/2021,VRB,FL,ASO,ES,Towers with Radar,0,73,39,0,112,0,99,144,0,243,0,172,183,0,355,56,0,56,411
12/04/2021,VRB,FL,ASO,ES,Towers with Radar,0,19,33,0,52,0,14,113,5,132,0,33,146,5,184,34,9,43,227
12/05/2021,VRB,FL,ASO,ES,Towers with Radar,0,26,32,0,58,0,12,70,0,82,0,38,102,0,140,13,0,13,153
12/06/2021,VRB,FL,ASO,ES,Towers with Radar,0,88,39,0,127,0,64,61,0,125,0,152,100,0,252,66,0,66,318
12/07/2021,VRB,FL,ASO,ES,Towers with Radar,0,54,33,0,87,0,121,115,0,236,0,175,148,0,323,16,0,16,339
12/08/2021,VRB,FL,ASO,ES,Towers with Radar,0,82,39,0,121,0,117,123,0,240,0,199,162,0,361,71,0,71,432
12/09/2021,VRB,FL,ASO,ES,Towers with Radar,0,85,40,0,125,0,68,94,0,162,0,153,134,0,287,45,0,45,332
12/10/2021,VRB,FL,ASO,ES,Towers with Radar,0,70,45,0,115,0,95,157,0,252,0,165,202,0,367,77,0,77,444
12/11/2021,VRB,FL,ASO,ES,Towers with Radar,0,18,37,0,55,0,21,90,0,111,0,39,127,0,166,46,0,46,212
12/12/2021,VRB,FL,ASO,ES,Towers with Radar,0,22,48,0,70,0,4,75,0,79,0,26,123,0,149,24,0,24,173
12/13/2021,VRB,FL,ASO,ES,Towers with Radar,0,69,48,0,117,0,112,126,0,238,0,181,174,0,355,93,0,93,448
12/14/2021,VRB,FL,ASO,ES,Towers with Radar,0,59,40,0,99,0,26,28,0,54,0,85,68,0,153,48,0,48,201
12/15/2021,VRB,FL,ASO,ES,Towers with Radar,0,84,55,0,139,0,33,59,0,92,0,117,114,0,231,89,0,89,320
12/16/2021,VRB,FL,ASO,ES,Towers with Radar,0,54,50,0,104,0,116,142,0,258,0,170,192,0,362,53,0,53,415
12/17/2021,VRB,FL,ASO,ES,Towers with Radar,0,38,60,0,98,0,117,161,0,278,0,155,221,0,376,56,0,56,432
12/18/2021,VRB,FL,ASO,ES,Towers with Radar,0,18,42,0,60,0,6,56,0,62,0,24,98,0,122,28,0,28,150
12/19/2021,VRB,FL,ASO,ES,Towers with Radar,0,31,37,0,68,0,2,35,0,37,0,33,72,0,105,37,0,37,142
12/20/2021,VRB,FL,ASO,ES,Towers with Radar,0,51,43,0,94,0,17,53,0,70,0,68,96,0,164,70,0,70,234
12/21/2021,VRB,FL,ASO,ES,Towers with Radar,0,20,29,0,49,0,1,14,0,15,0,21,43,0,64,0,0,0,64
12/22/2021,VRB,FL,ASO,ES,Towers with Radar,0,64,38,0,102,0,58,120,0,178,0,122,158,0,280,101,0,101,381
12/23/2021,VRB,FL,ASO,ES,Towers with Radar,0,51,69,0,120,0,75,138,0,213,0,126,207,0,333,66,0,66,399
12/24/2021,VRB,FL,ASO,ES,Towers with Radar,0,14,22,0,36,0,0,35,0,35,0,14,57,0,71,28,0,28,99
12/25/2021,VRB,FL,ASO,ES,Towers with Radar,0,26,5,0,31,0,0,30,0,30,0,26,35,0,61,2,0,2,63
12/26/2021,VRB,FL,ASO,ES,Towers with Radar,0,35,59,0,94,0,0,76,0,76,0,35,135,0,170,31,0,31,201
12/27/2021,VRB,FL,ASO,ES,Towers with Radar,0,58,50,0,108,0,7,138,0,145,0,65,188,0,253,86,0,86,339
12/28/2021,VRB,FL,ASO,ES,Towers with Radar,0,51,58,0,109,0,46,140,0,186,0,97,198,0,295,65,0,65,360
12/29/2021,VRB,FL,ASO,ES,Towers with Radar,0,46,57,0,103,0,47,155,0,202,0,93,212,0,305,85,0,85,390
12/30/2021,VRB,FL,ASO,ES,Towers with Radar,0,45,58,0,103,0,46,126,0,172,0,91,184,0,275,58,0,58,333
12/31/2021,VRB,FL,ASO,ES,Towers with Radar,0,26,47,0,73,0,0,58,0,58,0,26,105,0,131,5,0,5,136
01/01/2022,VRB,FL,ASO,ES,Towers with Radar,0,17,30,0,47,0,0,25,0,25,0,17,55,0,72,13,0,13,85
01/02/2022,VRB,FL,ASO,ES,Towers with Radar,0,37,44,0,81,0,2,68,0,70,0,39,112,0,151,29,0,29,180
01/03/2022,VRB,FL,ASO,ES,Towers with Radar,0,54,45,0,99,0,30,48,0,78,0,84,93,0,177,77,0,77,254
01/04/2022,VRB,FL,ASO,ES,Towers with Radar,0,55,49,0,104,0,94,88,0,182,0,149,137,0,286,18,0,18,304
01/05/2022,VRB,FL,ASO,ES,Towers with Radar,0,53,54,0,107,0,79,94,1,174,0,132,148,1,281,54,0,54,335
01/06/2022,VRB,FL,ASO,ES,Towers with Radar,0,84,49,0,133,0,96,138,0,234,0,180,187,0,367,43,0,43,410
01/07/2022,VRB,FL,ASO,ES,Towers with Radar,0,43,49,0,92,0,57,123,0,180,0,100,172,0,272,73,0,73,345
01/08/2022,VRB,FL,ASO,ES,Towers with Radar,0,34,32,1,67,0,7,53,4,64,0,41,85,5,131,4,0,4,135
01/09/2022,VRB,FL,ASO,ES,Towers with Radar,0,30,30,6,66,0,2,43,1,46,0,32,73,7,112,24,0,24,136
01/10/2022,VRB,FL,ASO,ES,Towers with Radar,0,39,27,0,66,0,66,74,0,140,0,105,101,0,206,38,0,38,244
01/11/2022,VRB,FL,ASO,ES,Towers with Radar,0,36,44,0,80,0,59,47,0,106,0,95,91,0,186,11,0,11,197
01/12/2022,VRB,FL,ASO,ES,Towers with Radar,0,43,54,2,99,0,57,37,0,94,0,100,91,2,193,12,0,12,205
01/13/2022,VRB,FL,ASO,ES,Towers with Radar,0,59,63,0,122,0,87,104,0,191,0,146,167,0,313,83,0,83,396
01/14/2022,VRB,FL,ASO,ES,Towers with Radar,0,83,70,0,153,0,44,120,0,164,0,127,190,0,317,37,0,37,354
01/15/2022,VRB,FL,ASO,ES,Towers with Radar,0,27,49,0,76,0,25,95,0,120,0,52,144,0,196,57,0,57,253
01/16/2022,VRB,FL,ASO,ES,Towers with Radar,0,21,14,0,35,0,2,7,0,9,0,23,21,0,44,0,0,0,44
01/17/2022,VRB,FL,ASO,ES,Towers with Radar,0,21,27,0,48,0,57,71,0,128,0,78,98,0,176,19,0,19,195
01/18/2022,VRB,FL,ASO,ES,Towers with Radar,0,22,32,0,54,0,107,144,0,251,0,129,176,0,305,60,0,60,365
01/19/2022,VRB,FL,ASO,ES,Towers with Radar,0,17,29,0,46,0,95,135,0,230,0,112,164,0,276,85,0,85,361
01/20/2022,VRB,FL,ASO,ES,Towers with Radar,0,23,53,0,76,0,76,131,1,208,0,99,184,1,284,93,0,93,377
01/21/2022,VRB,FL,ASO,ES,Towers with Radar,0,63,53,0,116,0,88,122,0,210,0,151,175,0,326,51,0,51,377
01/22/2022,VRB,FL,ASO,ES,Towers with Radar,0,19,32,0,51,0,0,0,0,0,0,19,32,0,51,0,0,0,51
01/23/2022,VRB,FL,ASO,ES,Towers with Radar,0,19,48,0,67,0,0,15,0,15,0,19,63,0,82,20,0,20,102
01/24/2022,VRB,FL,ASO,ES,Towers with Radar,0,44,54,0,98,0,116,140,0,256,0,160,194,0,354,76,0,76,430
01/25/2022,VRB,FL,ASO,ES,Towers with Radar,0,37,50,0,87,0,118,79,0,197,0,155,129,0,284,81,0,81,365
01/26/2022,VRB,FL,ASO,ES,Towers with Radar,0,44,40,3,87,0,0,0,0,0,0,44,40,3,87,0,0,0,87
01/27/2022,VRB,FL,ASO,ES,Towers with Radar,0,62,49,0,111,0,42,73,0,115,0,104,122,0,226,82,0,82,308
01/28/2022,VRB,FL,ASO,ES,Towers with Radar,0,36,55,0,91,0,8,14,0,22,0,44,69,0,113,4,0,4,117
01/29/2022,VRB,FL,ASO,ES,Towers with Radar,0,22,8,0,30,0,4,19,0,23,0,26,27,0,53,10,0,10,63
01/30/2022,VRB,FL,ASO,ES,Towers with Radar,0,16,42,0,58,0,4,94,0,98,0,20,136,0,156,32,0,32,188
01/31/2022,VRB,FL,ASO,ES,Towers with Radar,1,62,30,2,95,0,129,162,0,291,1,191,192,2,386,108,0,108,494
02/01/2022,VRB,FL,ASO,ES,Towers with Radar,0,46,45,0,91,0,132,121,0,253,0,178,166,0,344,62,0,62,406
02/02/2022,VRB,FL,ASO,ES,Towers with Radar,0,54,41,0,95,0,91,116,0,207,0,145,157,0,302,22,0,22,324
02/03/2022,VRB,FL,ASO,ES,Towers with Radar,0,46,40,0,86,0,74,102,0,176,0,120,142,0,262,85,0,85,347
02/04/2022,VRB,FL,ASO,ES,Towers with Radar,0,48,46,0,94,0,94,139,0,233,0,142,185,0,327,65,0,65,392
02/05/2022,VRB,FL,ASO,ES,Towers with Radar,0,28,46,0,74,0,0,7,0,7,0,28,53,0,81,23,0,23,104
02/06/2022,VRB,FL,ASO,ES,Towers with Radar,0,37,26,0,63,0,3,25,0,28,0,40,51,0,91,50,0,50,141
02/07/2022,VRB,FL,ASO,ES,Towers with Radar,0,35,41,0,76,0,32,37,0,69,0,67,78,0,145,71,0,71,216
02/08/2022,VRB,FL,ASO,ES,Towers with Radar,0,41,59,0,100,0,50,38,0,88,0,91,97,0,188,19,0,19,207
02/09/2022,VRB,FL,ASO,ES,Towers with Radar,0,78,64,1,143,0,110,65,0,175,0,188,129,1,318,183,0,183,501
02/10/2022,VRB,FL,ASO,ES,Towers with Radar,0,60,86,0,146,0,140,177,0,317,0,200,263,0,463,115,0,115,578
02/11/2022,VRB,FL,ASO,ES,Towers with Radar,0,51,72,0,123,0,152,135,0,287,0,203,207,0,410,83,0,83,493
02/12/2022,VRB,FL,ASO,ES,Towers with Radar,0,51,30,0,81,0,78,92,0,170,0,129,122,0,251,36,0,36,287
02/13/2022,VRB,FL,ASO,ES,Towers with Radar,0,25,35,0,60,0,1,14,0,15,0,26,49,0,75,10,0,10,85
02/14/2022,VRB,FL,ASO,ES,Towers with Radar,0,53,47,0,100,0,61,55,0,116,0,114,102,0,216,36,0,36,252
02/15/2022,VRB,FL,ASO,ES,Towers with Radar,0,39,36,0,75,0,82,90,0,172,0,121,126,0,247,61,0,61,308
02/16/2022,VRB,FL,ASO,ES,Towers with Radar,0,54,41,0,95,0,84,52,0,136,0,138,93,0,231,75,0,75,306
02/17/2022,VRB,FL,ASO,ES,Towers with Radar,0,52,51,0,103,0,69,53,0,122,0,121,104,0,225,40,0,40,265
02/18/2022,VRB,FL,ASO,ES,Towers with Radar,0,69,53,0,122,0,65,156,0,221,0,134,209,0,343,122,0,122,465
02/19/2022,VRB,FL,ASO,ES,Towers with Radar,0,58,60,0,118,0,0,11,0,11,0,58,71,0,129,14,0,14,143
02/20/2022,VRB,FL,ASO,ES,Towers with Radar,0,27,50,0,77,0,1,72,0,73,0,28,122,0,150,29,0,29,179
02/21/2022,VRB,FL,ASO,ES,Towers with Radar,0,59,42,0,101,0,151,113,0,264,0,210,155,0,365,151,0,151,516
02/22/2022,VRB,FL,ASO,ES,Towers with Radar,0,56,57,0,113,0,144,133,0,277,0,200,190,0,390,76,0,76,466
02/23/2022,VRB,FL,ASO,ES,Towers with Radar,0,65,46,0,111,0,105,105,0,210,0,170,151,0,321,103,0,103,424
02/24/2022,VRB,FL,ASO,ES,Towers with Radar,0,55,30,0,85,0,109,107,0,216,0,164,137,0,301,99,0,99,400
02/25/2022,VRB,FL,ASO,ES,Towers with Radar,0,46,30,0,76,0,120,144,0,264,0,166,174,0,340,117,0,117,457
02/26/2022,VRB,FL,ASO,ES,Towers with Radar,0,46,59,0,105,0,61,81,0,142,0,107,140,0,247,57,0,57,304
02/27/2022,VRB,FL,ASO,ES,Towers with Radar,0,30,59,0,89,0,3,69,0,72,0,33,128,0,161,69,0,69,230
02/28/2022,VRB,FL,ASO,ES,Towers with Radar,0,75,51,0,126,0,100,114,0,214,0,175,165,0,340,186,0,186,526
03/01/2022,VRB,FL,ASO,ES,Towers with Radar,0,79,69,0,148,0,34,76,0,110,0,113,145,0,258,64,0,64,322
03/02/2022,VRB,FL,ASO,ES,Towers with Radar,0,74,62,0,136,0,131,180,0,311,0,205,242,0,447,136,0,136,583
03/03/2022,VRB,FL,ASO,ES,Towers with Radar,0,58,55,0,113,0,113,136,0,249,0,171,191,0,362,256,0,256,618
03/04/2022,VRB,FL,ASO,ES,Towers with Radar,0,60,40,3,103,0,137,105,0,242,0,197,145,3,345,269,0,269,614
03/05/2022,VRB,FL,ASO,ES,Towers with Radar,0,47,48,0,95,0,19,61,0,80,0,66,109,0,175,25,0,25,200
03/06/2022,VRB,FL,ASO,ES,Towers with Radar,0,23,45,0,68,0,4,38,0,42,0,27,83,0,110,0,0,0,110
03/07/2022,VRB,FL,ASO,ES,Towers with Radar,0,38,44,0,82,0,105,63,0,168,0,143,107,0,250,282,0,282,532
03/08/2022,VRB,FL,ASO,ES,Towers with Radar,0,43,43,0,86,0,106,99,0,205,0,149,142,0,291,160,0,160,451
03/09/2022,VRB,FL,ASO,ES,Towers with Radar,0,45,48,0,93,0,74,85,0,159,0,119,133,0,252,145,0,145,397
03/10/2022,VRB,FL,ASO,ES,Towers with Radar,0,63,45,0,108,0,55,103,0,158,0,118,148,0,266,163,0,163,429
03/11/2022,VRB,FL,ASO,ES,Towers with Radar,0,56,77,0,133,0,80,98,0,178,0,136,175,0,311,230,0,230,541
03/12/2022,VRB,FL,ASO,ES,Towers with Radar,0,16,26,0,42,0,0,3,0,3,0,16,29,0,45,5,0,5,50
03/13/2022,VRB,FL,ASO,ES,Towers with Radar,0,30,69,0,99,0,2,49,0,51,0,32,118,0,150,26,0,26,176
03/14/2022,VRB,FL,ASO,ES,Towers with Radar,0,64,42,2,108,0,111,78,0,189,0,175,120,2,297,279,0,279,576
03/15/2022,VRB,FL,ASO,ES,Towers with Radar,0,42,61,0,103,0,60,77,0,137,0,102,138,0,240,242,0,242,482
03/16/2022,VRB,FL,ASO,ES,Towers with Radar,0,62,36,0,98,0,28,62,0,90,0,90,98,0,188,88,0,88,276
03/17/2022,VRB,FL,ASO,ES,Towers with Radar,0,68,73,0,141,0,93,145,0,238,0,161,218,0,379,332,0,332,711
03/18/2022,VRB,FL,ASO,ES,Towers with Radar,0,43,73,0,116,0,83,115,0,198,0,126,188,0,314,251,0,251,565
03/19/2022,VRB,FL,ASO,ES,Towers with Radar,0,45,56,0,101,0,22,50,0,72,0,67,106,0,173,69,0,69,242
03/20/2022,VRB,FL,ASO,ES,Towers with Radar,0,31,61,0,92,0,3,62,0,65,0,34,123,0,157,30,0,30,187
03/21/2022,VRB,FL,ASO,ES,Towers with Radar,0,40,49,3,92,0,78,105,0,183,0,118,154,3,275,175,0,175,450
03/22/2022,VRB,FL,ASO,ES,Towers with Radar,0,46,46,0,92,0,106,111,0,217,0,152,157,0,309,298,0,298,607
03/23/2022,VRB,FL,ASO,ES,Towers with Radar,0,47,39,0,86,0,45,91,0,136,0,92,130,0,222,137,0,137,359
03/24/2022,VRB,FL,ASO,ES,Towers with Radar,0,29,27,0,56,0,53,43,2,98,0,82,70,2,154,126,0,126,280
03/25/2022,VRB,FL,ASO,ES,Towers with Radar,1,85,53,0,139,0,135,135,0,270,1,220,188,0,409,361,0,361,770
03/26/2022,VRB,FL,ASO,ES,Towers with Radar,0,32,35,0,67,0,31,115,0,146,0,63,150,0,213,138,0,138,351
03/27/2022,VRB,FL,ASO,ES,Towers with Radar,0,44,50,0,94,0,3,84,0,87,0,47,134,0,181,25,0,25,206
03/28/2022,VRB,FL,ASO,ES,Towers with Radar,0,30,48,0,78,0,116,116,0,232,0,146,164,0,310,406,0,406,716
03/29/2022,VRB,FL,ASO,ES,Towers with Radar,1,43,52,0,96,0,117,165,0,282,1,160,217,0,378,363,0,363,741
03/30/2022,VRB,FL,ASO,ES,Towers with Radar,0,42,63,1,106,0,74,90,0,164,0,116,153,1,270,109,0,109,379
03/31/2022,VRB,FL,ASO,ES,Towers with Radar,0,40,35,0,75,0,38,63,0,101,0,78,98,0,176,76,0,76,252
04/01/2022,VRB,FL,ASO,ES,Towers with Radar,0,43,46,0,89,0,30,17,0,47,0,73,63,0,136,116,0,116,252
04/02/2022,VRB,FL,ASO,ES,Towers with Radar,1,26,35,1,63,0,11,21,0,32,1,37,56,1,95,77,0,77,172
04/03/2022,VRB,FL,ASO,ES,Towers with Radar,1,37,66,3,107,0,14,50,1,65,1,51,116,4,172,26,0,26,198
04/04/2022,VRB,FL,ASO,ES,Towers with Radar,1,68,42,0,111,0,113,169,0,282,1,181,211,0,393,434,0,434,827
04/05/2022,VRB,FL,ASO,ES,Towers with Radar,1,58,37,0,96,0,79,122,0,201,1,137,159,0,297,215,0,215,512
04/06/2022,VRB,FL,ASO,ES,Towers with Radar,1,53,45,0,99,0,88,103,1,192,1,141,148,1,291,171,0,171,462
04/07/2022,VRB,FL,ASO,ES,Towers with Radar,1,30,47,0,78,0,44,55,0,99,1,74,102,0,177,132,0,132,309
04/08/2022,VRB,FL,ASO,ES,Towers with Radar,2,59,53,0,114,0,101,177,0,278,2,160,230,0,392,337,0,337,729
04/09/2022,VRB,FL,ASO,ES,Towers with Radar,1,26,38,0,65,0,31,83,0,114,1,57,121,0,179,136,0,136,315
04/10/2022,VRB,FL,ASO,ES,Towers with Radar,1,21,56,0,78,0,6,126,0,132,1,27,182,0,210,10,0,10,220
04/11/2022,VRB,FL,ASO,ES,Towers with Radar,1,52,49,2,104,0,115,141,0,256,1,167,190,2,360,436,0,436,796
04/12/2022,VRB,FL,ASO,ES,Towers with Radar,1,51,51,2,105,0,129,125,0,254,1,180,176,2,359,385,0,385,744
04/13/2022,VRB,FL,ASO,ES,Towers with Radar,2,58,40,2,102,0,93,129,0,222,2,151,169,2,324,496,0,496,820
04/14/2022,VRB,FL,ASO,ES,Towers with Radar,1,78,53,0,132,0,109,134,0,243,1,187,187,0,375,572,0,572,947
04/15/2022,VRB,FL,ASO,ES,Towers with Radar,2,56,50,0,108,0,33,38,0,71,2,89,88,0,179,241,0,241,420
04/16/2022,VRB,FL,ASO,ES,Towers with Radar,2,26,40,0,68,0,43,109,0,152,2,69,149,0,220,160,0,160,380
04/17/2022,VRB,FL,ASO,ES,Towers with Radar,1,24,32,0,57,0,1,37,0,38,1,25,69,0,95,20,0,20,115
04/18/2022,VRB,FL,ASO,ES,Towers with Radar,1,80,69,0,150,0,97,100,0,197,1,177,169,0,347,384,0,384,731
04/19/2022,VRB,FL,ASO,ES,Towers with Radar,1,70,48,4,123,0,69,67,0,136,1,139,115,4,259,166,0,166,425
04/20/2022,VRB,FL,ASO,ES,Towers with Radar,1,76,54,0,131,0,67,85,0,152,1,143,139,0,283,215,0,215,498
04/21/2022,VRB,FL,ASO,ES,Towers with Radar,1,82,47,0,130,0,74,94,1,169,1,156,141,1,299,158,0,158,457
04/22/2022,VRB,FL,ASO,ES,Towers with Radar,2,73,74,0,149,0,70,68,0,138,2,143,142,0,287,228,0,228,515
04/23/2022,VRB,FL,ASO,ES,Towers with Radar,0,33,43,0,76,0,21,63,0,84,0,54,106,0,160,59,0,59,219
04/24/2022,VRB,FL,ASO,ES,Towers with Radar,1,30,51,0,82,0,7,49,0,56,1,37,100,0,138,46,0,46,184
04/25/2022,VRB,FL,ASO,ES,Towers with Radar,1,61,43,0,105,0,151,142,0,293,1,212,185,0,398,622,0,622,1020
04/26/2022,VRB,FL,ASO,ES,Towers with Radar,1,49,48,2,100,0,127,165,0,292,1,176,213,2,392,475,0,475,867
04/27/2022,VRB,FL,ASO,ES,Towers with Radar,2,29,34,5,70,0,122,146,0,268,2,151,180,5,338,250,0,250,588
04/28/2022,VRB,FL,ASO,ES,Towers with Radar,1,36,21,4,62,0,13,17,0,30,1,49,38,4,92,10,3,13,105
04/29/2022,VRB,FL,ASO,ES,Towers with Radar,0,18,12,4,34,0,4,20,1,25,0,22,32,5,59,4,0,4,63
04/30/2022,VRB,FL,ASO,ES,Towers with Radar,0,16,11,0,27,0,2,10,2,14,0,18,21,2,41,0,0,0,41
05/01/2022,VRB,FL,ASO,ES,Towers with Radar,0,15,18,4,37,0,3,11,3,17,0,18,29,7,54,1,2,3,57
05/02/2022,VRB,FL,ASO,ES,Towers with Radar,3,53,48,8,112,0,70,63,2,135,3,123,111,10,247,185,3,188,435
05/03/2022,VRB,FL,ASO,ES,Towers with Radar,0,58,56,0,114,0,110,120,0,230,0,168,176,0,344,315,0,315,659
05/04/2022,VRB,FL,ASO,ES,Towers with Radar,2,53,46,0,101,0,90,80,0,170,2,143,126,0,271,353,0,353,624
05/05/2022,VRB,FL,ASO,ES,Towers with Radar,0,62,59,0,121,0,131,137,0,268,0,193,196,0,389,304,0,304,693
05/06/2022,VRB,FL,ASO,ES,Towers with Radar,0,77,47,0,124,0,106,112,0,218,0,183,159,0,342,289,0,289,631
05/07/2022,VRB,FL,ASO,ES,Towers with Radar,2,28,24,0,54,0,8,19,0,27,2,36,43,0,81,10,0,10,91
05/08/2022,VRB,FL,ASO,ES,Towers with Radar,1,26,42,0,69,0,2,62,0,64,1,28,104,0,133,19,0,19,152
05/09/2022,VRB,FL,ASO,ES,Towers with Radar,1,39,48,0,88,0,106,105,0,211,1,145,153,0,299,200,0,200,499
05/10/2022,VRB,FL,ASO,ES,Towers with Radar,2,41,38,0,81,0,61,117,0,178,2,102,155,0,259,224,0,224,483
05/11/2022,VRB,FL,ASO,ES,Towers with Radar,1,49,30,0,80,0,51,72,0,123,1,100,102,0,203,240,0,240,443
05/12/2022,VRB,FL,ASO,ES,Towers with Radar,2,42,46,2,92,0,92,115,0,207,2,134,161,2,299,346,0,346,645
05/13/2022,VRB,FL,ASO,ES,Towers with Radar,1,24,46,0,71,0,109,74,0,183,1,133,120,0,254,243,0,243,497
05/14/2022,VRB,FL,ASO,ES,Towers with Radar,0,26,44,0,70,0,48,79,0,127,0,74,123,0,197,93,0,93,290
05/15/2022,VRB,FL,ASO,ES,Towers with Radar,1,28,37,0,66,0,4,65,0,69,1,32,102,0,135,24,0,24,159
05/16/2022,VRB,FL,ASO,ES,Towers with Radar,1,52,48,0,101,0,123,108,0,231,1,175,156,0,332,346,0,346,678
05/17/2022,VRB,FL,ASO,ES,Towers with Radar,1,63,54,0,118,0,95,129,0,224,1,158,183,0,342,364,0,364,706
05/18/2022,VRB,FL,ASO,ES,Towers with Radar,0,39,40,1,80,0,116,125,1,242,0,155,165,2,322,375,0,375,697
05/19/2022,VRB,FL,ASO,ES,Towers with Radar,2,41,58,0,101,0,149,104,1,254,2,190,162,1,355,511,0,511,866
05/20/2022,VRB,FL,ASO,ES,Towers with Radar,2,30,28,0,60,0,37,34,0,71,2,67,62,0,131,227,0,227,358
05/21/2022,VRB,FL,ASO,ES,Towers with Radar,0,14,21,0,35,0,13,20,0,33,0,27,41,0,68,40,0,40,108
05/22/2022,VRB,FL,ASO,ES,Towers with Radar,1,16,28,0,45,0,0,56,0,56,1,16,84,0,101,30,0,30,131
05/23/2022,VRB,FL,ASO,ES,Towers with Radar,1,32,43,0,76,0,121,106,0,227,1,153,149,0,303,442,0,442,745
05/24/2022,VRB,FL,ASO,ES,Towers with Radar,3,40,61,3,107,0,116,107,0,223,3,156,168,3,330,367,0,367,697
05/25/2022,VRB,FL,ASO,ES,Towers with Radar,1,45,52,1,99,0,66,98,0,164,1,111,150,1,263,339,0,339,602
05/26/2022,VRB,FL,ASO,ES,Towers with Radar,1,33,52,2,88,0,92,113,0,205,1,125,165,2,293,270,0,270,563
05/27/2022,VRB,FL,ASO,ES,Towers with Radar,0,35,32,0,67,0,55,80,0,135,0,90,112,0,202,155,0,155,357
05/28/2022,VRB,FL,ASO,ES,Towers with Radar,0,10,28,0,38,0,15,44,0,59,0,25,72,0,97,99,0,99,196
05/29/2022,VRB,FL,ASO,ES,Towers with Radar,2,12,28,0,42,0,3,41,0,44,2,15,69,0,86,2,0,2,88
05/30/2022,VRB,FL,ASO,ES,Towers with Radar,3,11,24,0,38,0,2,73,0,75,3,13,97,0,113,136,0,136,249
05/31/2022,VRB,FL,ASO,ES,Towers with Radar,1,39,63,0,103,0,96,94,0,190,1,135,157,0,293,275,0,275,568
06/01/2022,VRB,FL,ASO,ES,Towers with Radar,0,52,41,0,93,0,37,40,0,77,0,89,81,0,170,85,0,85,255
06/02/2022,VRB,FL,ASO,ES,Towers with Radar,0,46,38,0,84,0,119,125,0,244,0,165,163,0,328,432,0,432,760
06/03/2022,VRB,FL,ASO,ES,Towers with Radar,0,29,56,0,85,0,37,27,0,64,0,66,83,0,149,93,0,93,242
06/04/2022,VRB,FL,ASO,ES,Towers with Radar,1,12,6,0,19,0,0,3,0,3,1,12,9,0,22,0,0,0,22
06/05/2022,VRB,FL,ASO,ES,Towers with Radar,1,22,46,0,69,0,14,52,1,67,1,36,98,1,136,33,0,33,169
06/06/2022,VRB,FL,ASO,ES,Towers with Radar,0,22,39,0,61,0,88,96,0,184,0,110,135,0,245,341,0,341,586
06/07/2022,VRB,FL,ASO,ES,Towers with Radar,0,49,29,0,78,0,60,113,0,173,0,109,142,0,251,310,0,310,561
06/08/2022,VRB,FL,ASO,ES,Towers with Radar,0,26,28,0,54,0,81,106,0,187,0,107,134,0,241,327,0,327,568
06/09/2022,VRB,FL,ASO,ES,Towers with Radar,0,38,48,0,86,0,85,102,0,187,0,123,150,0,273,251,0,251,524
06/10/2022,VRB,FL,ASO,ES,Towers with Radar,0,25,35,0,60,0,57,83,0,140,0,82,118,0,200,115,0,115,315
06/11/2022,VRB,FL,ASO,ES,Towers with Radar,0,19,40,0,59,0,33,32,0,65,0,52,72,0,124,123,0,123,247
06/12/2022,VRB,FL,ASO,ES,Towers with Radar,0,15,24,0,39,0,2,61,0,63,0,17,85,0,102,8,0,8,110
06/13/2022,VRB,FL,ASO,ES,Towers with Radar,0,49,22,0,71,0,119,159,0,278,0,168,181,0,349,349,0,349,698
06/14/2022,VRB,FL,ASO,ES,Towers with Radar,1,20,36,0,57,0,91,135,2,228,1,111,171,2,285,439,10,449,734
06/15/2022,VRB,FL,ASO,ES,Towers with Radar,0,31,47,0,78,0,87,119,0,206,0,118,166,0,284,432,0,432,716
06/16/2022,VRB,FL,ASO,ES,Towers with Radar,0,25,35,0,60,0,93,133,1,227,0,118,168,1,287,399,0,399,686
06/17/2022,VRB,FL,ASO,ES,Towers with Radar,0,30,59,0,89,0,98,90,0,188,0,128,149,0,277,357,0,357,634
06/18/2022,VRB,FL,ASO,ES,Towers with Radar,0,8,27,0,35,0,49,69,0,118,0,57,96,0,153,185,0,185,338
06/19/2022,VRB,FL,ASO,ES,Towers with Radar,0,9,24,0,33,0,0,59,0,59,0,9,83,0,92,26,0,26,118
06/20/2022,VRB,FL,ASO,ES,Towers with Radar,0,41,45,0,86,0,59,95,0,154,0,100,140,0,240,273,0,273,513
06/21/2022,VRB,FL,ASO,ES,Towers with Radar,0,33,46,0,79,0,92,113,0,205,0,125,159,0,284,332,0,332,616
06/22/2022,VRB,FL,ASO,ES,Towers with Radar,0,28,47,1,76,0,112,137,0,249,0,140,184,1,325,420,0,420,745
06/23/2022,VRB,FL,ASO,ES,Towers with Radar,0,33,37,2,72,0,103,112,0,215,0,136,149,2,287,273,0,273,560
06/24/2022,VRB,FL,ASO,ES,Towers with Radar,0,36,47,1,84,0,67,92,0,159,0,103,139,1,243,283,0,283,526
06/25/2022,VRB,FL,ASO,ES,Towers with Radar,0,16,21,1,38,0,18,40,0,58,0,34,61,1,96,36,0,36,132
06/26/2022,VRB,FL,ASO,ES,Towers with Radar,1,9,15,0,25,0,1,37,0,38,1,10,52,0,63,28,0,28,91
06/27/2022,VRB,FL,ASO,ES,Towers with Radar,0,20,36,0,56,0,68,120,0,188,0,88,156,0,244,278,0,278,522
06/28/2022,VRB,FL,ASO,ES,Towers with Radar,0,79,32,0,111,0,70,109,0,179,0,149,141,0,290,256,0,256,546
06/29/2022,VRB,FL,ASO,ES,Towers with Radar,0,43,48,0,91,0,46,62,0,108,0,89,110,0,199,270,0,270,469
06/30/2022,VRB,FL,ASO,ES,Towers with Radar,1,36,34,0,71,0,41,63,0,104,1,77,97,0,175,229,0,229,404
07/01/2022,VRB,FL,ASO,ES,Towers with Radar,0,58,36,0,94,0,45,100,0,145,0,103,136,0,239,238,0,238,477
07/02/2022,VRB,FL,ASO,ES,Towers with Radar,0,21,35,0,56,0,19,29,0,48,0,40,64,0,104,114,0,114,218
07/03/2022,VRB,FL,ASO,ES,Towers with Radar,0,1,16,0,17,0,2,53,0,55,0,3,69,0,72,31,0,31,103
07/04/2022,VRB,FL,ASO,ES,Towers with Radar,0,6,15,0,21,0,0,33,0,33,0,6,48,0,54,2,0,2,56
07/05/2022,VRB,FL,ASO,ES,Towers with Radar,0,59,45,3,107,0,60,106,2,168,0,119,151,5,275,332,0,332,607
07/06/2022,VRB,FL,ASO,ES,Towers with Radar,0,51,24,0,75,0,46,73,0,119,0,97,97,0,194,190,0,190,384
07/07/2022,VRB,FL,ASO,ES,Towers with Radar,0,53,54,0,107,0,70,102,0,172,0,123,156,0,279,315,0,315,594
07/08/2022,VRB,FL,ASO,ES,Towers with Radar,0,46,35,0,81,0,73,92,0,165,0,119,127,0,246,266,0,266,512
07/09/2022,VRB,FL,ASO,ES,Towers with Radar,0,24,24,0,48,0,35,51,0,86,0,59,75,0,134,96,0,96,230
07/10/2022,VRB,FL,ASO,ES,Towers with Radar,0,9,23,0,32,0,0,30,0,30,0,9,53,0,62,2,0,2,64
07/11/2022,VRB,FL,ASO,ES,Towers with Radar,0,40,23,0,63,0,63,75,0,138,0,103,98,0,201,210,0,210,411
07/12/2022,VRB,FL,ASO,ES,Towers with Radar,0,53,48,0,101,0,51,104,0,155,0,104,152,0,256,244,0,244,500
07/13/2022,VRB,FL,ASO,ES,Towers with Radar,0,58,33,0,91,0,67,63,0,130,0,125,96,0,221,324,0,324,545
07/14/2022,VRB,FL,ASO,ES,Towers with Radar,0,41,30,0,71,0,67,74,0,141,0,108,104,0,212,305,0,305,517
07/15/2022,VRB,FL,ASO,ES,Towers with Radar,0,42,37,0,79,0,68,87,0,155,0,110,124,0,234,215,0,215,449
07/16/2022,VRB,FL,ASO,ES,Towers with Radar,0,18,29,0,47,0,24,40,0,64,0,42,69,0,111,70,0,70,181
07/17/2022,VRB,FL,ASO,ES,Towers with Radar,0,5,20,0,25,0,1,7,0,8,0,6,27,0,33,6,0,6,39
07/18/2022,VRB,FL,ASO,ES,Towers with Radar,0,30,35,0,65,0,60,92,0,152,0,90,127,0,217,207,0,207,424
07/19/2022,VRB,FL,ASO,ES,Towers with Radar,0,51,32,1,84,0,81,118,0,199,0,132,150,1,283,242,0,242,525
07/20/2022,VRB,FL,ASO,ES,Towers with Radar,2,45,56,0,103,0,98,125,0,223,2,143,181,0,326,336,0,336,662
07/21/2022,VRB,FL,ASO,ES,Towers with Radar,0,28,51,0,79,0,68,104,0,172,0,96,155,0,251,241,0,241,492
07/22/2022,VRB,FL,ASO,ES,Towers with Radar,0,45,29,0,74,0,74,49,0,123,0,119,78,0,197,245,0,245,442
07/23/2022,VRB,FL,ASO,ES,Towers with Radar,0,24,31,0,55,0,29,30,0,59,0,53,61,0,114,77,0,77,191
07/24/2022,VRB,FL,ASO,ES,Towers with Radar,0,7,34,0,41,0,6,57,0,63,0,13,91,0,104,25,0,25,129
07/25/2022,VRB,FL,ASO,ES,Towers with Radar,0,34,20,0,54,0,70,72,0,142,0,104,92,0,196,274,0,274,470
07/26/2022,VRB,FL,ASO,ES,Towers with Radar,0,21,30,0,51,0,37,44,0,81,0,58,74,0,132,164,0,164,296
07/27/2022,VRB,FL,ASO,ES,Towers with Radar,0,49,31,0,80,0,96,93,0,189,0,145,124,0,269,337,0,337,606
07/28/2022,VRB,FL,ASO,ES,Towers with Radar,0,49,33,0,82,0,94,87,0,181,0,143,120,0,263,238,0,238,501
07/29/2022,VRB,FL,ASO,ES,Towers with Radar,0,34,33,0,67,0,94,121,0,215,0,128,154,0,282,277,0,277,559
07/30/2022,VRB,FL,ASO,ES,Towers with Radar,0,15,19,0,34,0,20,93,0,113,0,35,112,0,147,52,0,52,199
07/31/2022,VRB,FL,ASO,ES,Towers with Radar,0,2,32,0,34,0,2,64,0,66,0,4,96,0,100,16,0,16,116
08/01/2022,VRB,FL,ASO,ES,Towers with Radar,0,52,33,0,85,0,55,100,0,155,0,107,133,0,240,295,0,295,535
08/02/2022,VRB,FL,ASO,ES,Towers with Radar,0,41,33,0,74,0,50,91,0,141,0,91,124,0,215,371,0,371,586
08/03/2022,VRB,FL,ASO,ES,Towers with Radar,0,49,42,0,91,0,72,94,1,167,0,121,136,1,258,338,0,338,596
08/04/2022,VRB,FL,ASO,ES,Towers with Radar,0,35,34,0,69,0,77,104,0,181,0,112,138,0,250,314,0,314,564
08/05/2022,VRB,FL,ASO,ES,Towers with Radar,0,49,37,0,86,0,58,80,0,138,0,107,117,0,224,295,0,295,519
08/06/2022,VRB,FL,ASO,ES,Towers with Radar,0,11,19,0,30,0,17,57,0,74,0,28,76,0,104,81,0,81,185
08/07/2022,VRB,FL,ASO,ES,Towers with Radar,0,11,23,0,34,0,3,56,0,59,0,14,79,0,93,3,0,3,96
08/08/2022,VRB,FL,ASO,ES,Towers with Radar,0,36,32,0,68,0,66,113,0,179,0,102,145,0,247,316,0,316,563
08/09/2022,VRB,FL,ASO,ES,Towers with Radar,0,33,22,0,55,0,40,44,0,84,0,73,66,0,139,301,0,301,440
08/10/2022,VRB,FL,ASO,ES,Towers with Radar,0,54,50,0,104,0,83,95,1,179,0,137,145,1,283,261,0,261,544
08/11/2022,VRB,FL,ASO,ES,Towers with Radar,0,49,52,2,103,0,66,116,0,182,0,115,168,2,285,425,0,425,710
08/12/2022,VRB,FL,ASO,ES,Towers with Radar,0,28,37,0,65,0,75,109,0,184,0,103,146,0,249,327,0,327,576
08/13/2022,VRB,FL,ASO,ES,Towers with Radar,0,18,25,0,43,0,19,41,0,60,0,37,66,0,103,93,0,93,196
08/14/2022,VRB,FL,ASO,ES,Towers with Radar,0,9,25,0,34,0,2,56,0,58,0,11,81,0,92,8,0,8,100
08/15/2022,VRB,FL,ASO,ES,Towers with Radar,0,22,30,0,52,0,48,98,1,147,0,70,128,1,199,331,0,331,530
08/16/2022,VRB,FL,ASO,ES,Towers with Radar,0,38,43,0,81,0,70,90,0,160,0,108,133,0,241,215,0,215,456
08/17/2022,VRB,FL,ASO,ES,Towers with Radar,0,53,46,0,99,0,89,92,0,181,0,142,138,0,280,255,0,255,535
08/18/2022,VRB,FL,ASO,ES,Towers with Radar,0,47,45,0,92,0,51,105,0,156,0,98,150,0,248,292,0,292,540
08/19/2022,VRB,FL,ASO,ES,Towers with Radar,0,46,49,0,95,0,83,126,6,215,0,129,175,6,310,356,0,356,666
08/20/2022,VRB,FL,ASO,ES,Towers with Radar,0,19,35,0,54,0,17,79,0,96,0,36,114,0,150,79,0,79,229
08/21/2022,VRB,FL,ASO,ES,Towers with Radar,0,10,21,0,31,0,0,63,0,63,0,10,84,0,94,14,0,14,108
08/22/2022,VRB,FL,ASO,ES,Towers with Radar,0,29,32,0,61,0,73,138,0,211,0,102,170,0,272,358,0,358,630
08/23/2022,VRB,FL,ASO,ES,Towers with Radar,0,49,33,0,82,0,82,147,0,229,0,131,180,0,311,345,0,345,656
08/24/2022,VRB,FL,ASO,ES,Towers with Radar,0,41,27,0,68,0,61,84,0,145,0,102,111,0,213,286,0,286,499
08/25/2022,VRB,FL,ASO,ES,Towers with Radar,0,31,38,0,69,0,53,69,0,122,0,84,107,0,191,296,0,296,487
08/26/2022,VRB,FL,ASO,ES,Towers with Radar,0,44,39,0,83,0,96,110,0,206,0,140,149,0,289,331,0,331,620
08/27/2022,VRB,FL,ASO,ES,Towers with Radar,0,6,9,0,15,0,10,28,0,38,0,16,37,0,53,53,0,53,106
08/28/2022,VRB,FL,ASO,ES,Towers with Radar,0,11,19,0,30,0,0,26,0,26,0,11,45,0,56,28,0,28,84
08/29/2022,VRB,FL,ASO,ES,Towers with Radar,0,31,24,0,55,0,55,87,0,142,0,86,111,0,197,224,0,224,421
08/30/2022,VRB,FL,ASO,ES,Towers with Radar,0,28,37,0,65,0,72,108,4,184,0,100,145,4,249,220,0,220,469
08/31/2022,VRB,FL,ASO,ES,Towers with Radar,0,28,43,0,71,0,90,132,0,222,0,118,175,0,293,326,1,327,620
09/01/2022,VRB,FL,ASO,ES,Towers with Radar,0,26,38,0,64,0,83,88,0,171,0,109,126,0,235,309,0,309,544
09/02/2022,VRB,FL,ASO,ES,Towers with Radar,0,38,49,0,87,0,79,110,0,189,0,117,159,0,276,292,0,292,568
09/03/2022,VRB,FL,ASO,ES,Towers with Radar,0,8,22,0,30,0,5,63,0,68,0,13,85,0,98,11,0,11,109
09/04/2022,VRB,FL,ASO,ES,Towers with Radar,0,5,13,0,18,0,6,51,2,59,0,11,64,2,77,18,4,22,99
09/05/2022,VRB,FL,ASO,ES,Towers with Radar,0,8,49,0,57,0,13,113,0,126,0,21,162,0,183,257,0,257,440
09/06/2022,VRB,FL,ASO,ES,Towers with Radar,0,31,46,0,77,0,77,118,0,195,0,108,164,0,272,347,0,347,619
09/07/2022,VRB,FL,ASO,ES,Towers with Radar,0,37,47,2,86,0,102,121,0,223,0,139,168,2,309,338,0,338,647
09/08/2022,VRB,FL,ASO,ES,Towers with Radar,0,29,26,0,55,0,85,86,0,171,0,114,112,0,226,226,0,226,452
09/09/2022,VRB,FL,ASO,ES,Towers with Radar,0,37,39,0,76,0,79,90,0,169,0,116,129,0,245,228,0,228,473
09/10/2022,VRB,FL,ASO,ES,Towers with Radar,0,20,29,0,49,0,55,81,0,136,0,75,110,0,185,119,0,119,304
09/11/2022,VRB,FL,ASO,ES,Towers with Radar,0,9,30,0,39,0,1,63,0,64,0,10,93,0,103,4,0,4,107
09/12/2022,VRB,FL,ASO,ES,Towers with Radar,0,23,53,0,76,0,113,136,0,249,0,136,189,0,325,291,0,291,616
09/13/2022,VRB,FL,ASO,ES,Towers with Radar,0,18,22,0,40,0,71,98,0,169,0,89,120,0,209,248,0,248,457
09/14/2022,VRB,FL,ASO,ES,Towers with Radar,0,17,25,0,42,0,83,73,0,156,0,100,98,0,198,330,0,330,528
09/15/2022,VRB,FL,ASO,ES,Towers with Radar,0,20,39,0,59,0,43,63,0,106,0,63,102,0,165,268,0,268,433
09/16/2022,VRB,FL,ASO,ES,Towers with Radar,0,47,46,0,93,0,41,56,0,97,0,88,102,0,190,252,0,252,442
09/17/2022,VRB,FL,ASO,ES,Towers with Radar,0,19,13,0,32,0,23,36,0,59,0,42,49,0,91,85,0,85,176
09/18/2022,VRB,FL,ASO,ES,Towers with Radar,0,2,42,0,44,0,0,45,0,45,0,2,87,0,89,9,0,9,98
09/19/2022,VRB,FL,ASO,ES,Towers with Radar,0,22,42,0,64,0,74,97,0,171,0,96,139,0,235,277,0,277,512
09/20/2022,VRB,FL,ASO,ES,Towers with Radar,0,38,31,0,69,0,94,128,0,222,0,132,159,0,291,238,0,238,529
09/21/2022,VRB,FL,ASO,ES,Towers with Radar,0,26,44,0,70,0,72,106,0,178,0,98,150,0,248,261,0,261,509
09/22/2022,VRB,FL,ASO,ES,Towers with Radar,0,34,46,0,80,0,92,113,1,206,0,126,159,1,286,300,0,300,586
09/23/2022,VRB,FL,ASO,ES,Towers with Radar,0,22,46,2,70,0,64,153,0,217,0,86,199,2,287,390,0,390,677
09/24/2022,VRB,FL,ASO,ES,Towers with Radar,0,12,19,0,31,0,20,24,0,44,0,32,43,0,75,69,0,69,144
09/25/2022,VRB,FL,ASO,ES,Towers with Radar,0,11,18,0,29,0,1,26,0,27,0,12,44,0,56,7,0,7,63
09/26/2022,VRB,FL,ASO,ES,Towers with Radar,0,34,30,0,64,0,69,96,0,165,0,103,126,0,229,375,0,375,604
09/27/2022,VRB,FL,ASO,ES,Towers with Radar,0,18,18,2,38,0,16,8,2,26,0,34,26,4,64,81,0,81,145
09/28/2022,VRB,FL,ASO,ES,Towers with Radar,0,2,3,0,5,0,0,0,0,0,0,2,3,0,5,0,0,0,5
09/29/2022,VRB,FL,ASO,ES,Towers with Radar,0,0,0,0,0,0,0,0,0,0,0,0,0,0,0,0,0,0,0
09/30/2022,VRB,FL,ASO,ES,Towers with Radar,0,21,27,0,48,0,79,81,0,160,0,100,108,0,208,286,0,286,494
10/01/2022,VRB,FL,ASO,ES,Towers with Radar,0,22,27,0,49,0,59,88,2,149,0,81,115,2,198,123,0,123,321
10/02/2022,VRB,FL,ASO,ES,Towers with Radar,0,13,19,0,32,0,8,84,0,92,0,21,103,0,124,5,0,5,129
10/03/2022,VRB,FL,ASO,ES,Towers with Radar,0,29,32,0,61,0,130,129,0,259,0,159,161,0,320,355,0,355,675
10/04/2022,VRB,FL,ASO,ES,Towers with Radar,0,35,28,0,63,0,82,146,2,230,0,117,174,2,293,285,2,287,580
10/05/2022,VRB,FL,ASO,ES,Towers with Radar,0,24,47,0,71,0,107,138,0,245,0,131,185,0,316,418,0,418,734
10/06/2022,VRB,FL,ASO,ES,Towers with Radar,0,25,32,0,57,0,82,156,0,238,0,107,188,0,295,338,0,338,633
10/07/2022,VRB,FL,ASO,ES,Towers with Radar,0,36,47,0,83,0,69,123,0,192,0,105,170,0,275,343,0,343,618
10/08/2022,VRB,FL,ASO,ES,Towers with Radar,0,16,25,0,41,0,16,100,0,116,0,32,125,0,157,58,0,58,215
10/09/2022,VRB,FL,ASO,ES,Towers with Radar,0,13,21,0,34,0,1,46,0,47,0,14,67,0,81,1,0,1,82
10/10/2022,VRB,FL,ASO,ES,Towers with Radar,0,22,35,0,57,0,104,97,0,201,0,126,132,0,258,384,0,384,642
10/11/2022,VRB,FL,ASO,ES,Towers with Radar,0,31,57,0,88,0,107,119,0,226,0,138,176,0,314,459,0,459,773
10/12/2022,VRB,FL,ASO,ES,Towers with Radar,0,28,33,0,61,0,73,99,0,172,0,101,132,0,233,503,0,503,736
10/13/2022,VRB,FL,ASO,ES,Towers with Radar,0,40,53,0,93,0,107,95,2,204,0,147,148,2,297,368,0,368,665
10/14/2022,VRB,FL,ASO,ES,Towers with Radar,0,33,35,0,68,0,97,116,1,214,0,130,151,1,282,385,0,385,667
10/15/2022,VRB,FL,ASO,ES,Towers with Radar,0,25,29,0,54,0,24,37,0,61,0,49,66,0,115,61,0,61,176
10/16/2022,VRB,FL,ASO,ES,Towers with Radar,0,18,31,0,49,0,3,73,0,76,0,21,104,0,125,26,0,26,151
10/17/2022,VRB,FL,ASO,ES,Towers with Radar,0,34,65,0,99,0,116,109,0,225,0,150,174,0,324,351,0,351,675
10/18/2022,VRB,FL,ASO,ES,Towers with Radar,0,39,40,1,80,0,57,71,0,128,0,96,111,1,208,309,6,315,523
10/19/2022,VRB,FL,ASO,ES,Towers with Radar,0,39,40,0,79,0,125,115,0,240,0,164,155,0,319,362,0,362,681
10/20/2022,VRB,FL,ASO,ES,Towers with Radar,0,72,45,0,117,0,87,119,0,206,0,159,164,0,323,312,0,312,635
10/21/2022,VRB,FL,ASO,ES,Towers with Radar,0,37,40,0,77,0,78,105,0,183,0,115,145,0,260,223,0,223,483
10/22/2022,VRB,FL,ASO,ES,Towers with Radar,0,41,43,0,84,0,36,82,0,118,0,77,125,0,202,101,0,101,303
10/23/2022,VRB,FL,ASO,ES,Towers with Radar,0,17,39,1,57,0,6,79,0,85,0,23,118,1,142,32,0,32,174
10/24/2022,VRB,FL,ASO,ES,Towers with Radar,0,41,42,0,83,0,104,117,0,221,0,145,159,0,304,254,0,254,558
10/25/2022,VRB,FL,ASO,ES,Towers with Radar,0,40,52,2,94,0,134,123,0,257,0,174,175,2,351,460,0,460,811
10/26/2022,VRB,FL,ASO,ES,Towers with Radar,0,47,56,0,103,0,96,142,0,238,0,143,198,0,341,392,0,392,733
10/27/2022,VRB,FL,ASO,ES,Towers with Radar,0,44,57,0,101,0,72,140,0,212,0,116,197,0,313,426,0,426,739
10/28/2022,VRB,FL,ASO,ES,Towers with Radar,0,47,45,0,92,0,86,136,0,222,0,133,181,0,314,353,0,353,667
10/29/2022,VRB,FL,ASO,ES,Towers with Radar,0,30,35,0,65,0,15,56,0,71,0,45,91,0,136,89,0,89,225
10/30/2022,VRB,FL,ASO,ES,Towers with Radar,0,29,36,0,65,0,0,54,0,54,0,29,90,0,119,26,0,26,145
10/31/2022,VRB,FL,ASO,ES,Towers with Radar,0,44,53,2,99,0,110,85,0,195,0,154,138,2,294,407,0,407,701
11/01/2022,VRB,FL,ASO,ES,Towers with Radar,0,35,40,0,75,0,66,115,0,181,0,101,155,0,256,450,0,450,706
11/02/2022,VRB,FL,ASO,ES,Towers with Radar,0,40,45,0,85,0,80,135,0,215,0,120,180,0,300,446,0,446,746
11/03/2022,VRB,FL,ASO,ES,Towers with Radar,0,48,48,0,96,0,70,145,0,215,0,118,193,0,311,318,0,318,629
11/04/2022,VRB,FL,ASO,ES,Towers with Radar,0,54,54,0,108,0,74,126,0,200,0,128,180,0,308,171,0,171,479
11/05/2022,VRB,FL,ASO,ES,Towers with Radar,0,25,23,0,48,0,37,67,0,104,0,62,90,0,152,70,0,70,222
11/06/2022,VRB,FL,ASO,ES,Towers with Radar,0,20,42,0,62,0,1,33,2,36,0,21,75,2,98,18,0,18,116
11/07/2022,VRB,FL,ASO,ES,Towers with Radar,0,52,30,0,82,0,53,65,0,118,0,105,95,0,200,95,0,95,295
11/08/2022,VRB,FL,ASO,ES,Towers with Radar,0,16,27,0,43,0,3,59,0,62,0,19,86,0,105,24,0,24,129
11/09/2022,VRB,FL,ASO,ES,Towers with Radar,0,1,1,0,2,0,0,0,0,0,0,1,1,0,2,0,0,0,2
11/10/2022,VRB,FL,ASO,ES,Towers with Radar,0,6,2,0,8,0,0,6,0,6,0,6,8,0,14,0,0,0,14
11/11/2022,VRB,FL,ASO,ES,Towers with Radar,0,47,37,0,84,0,86,73,2,161,0,133,110,2,245,235,0,235,480
11/12/2022,VRB,FL,ASO,ES,Towers with Radar,0,43,41,1,85,0,29,73,2,104,0,72,114,3,189,76,0,76,265
11/13/2022,VRB,FL,ASO,ES,Towers with Radar,0,32,46,0,78,0,4,55,2,61,0,36,101,2,139,10,0,10,149
11/14/2022,VRB,FL,ASO,ES,Towers with Radar,0,57,63,0,120,0,108,138,0,246,0,165,201,0,366,488,0,488,854
11/15/2022,VRB,FL,ASO,ES,Towers with Radar,0,60,46,1,107,0,114,183,0,297,0,174,229,1,404,426,0,426,830
11/16/2022,VRB,FL,ASO,ES,Towers with Radar,0,46,42,3,91,0,99,116,0,215,0,145,158,3,306,535,0,535,841
11/17/2022,VRB,FL,ASO,ES,Towers with Radar,0,48,39,0,87,0,43,105,0,148,0,91,144,0,235,166,0,166,401
11/18/2022,VRB,FL,ASO,ES,Towers with Radar,0,57,61,0,118,0,54,161,0,215,0,111,222,0,333,244,0,244,577
11/19/2022,VRB,FL,ASO,ES,Towers with Radar,0,40,47,0,87,0,24,72,0,96,0,64,119,0,183,138,0,138,321
11/20/2022,VRB,FL,ASO,ES,Towers with Radar,0,30,32,0,62,0,0,1,0,1,0,30,33,0,63,0,0,0,63
11/21/2022,VRB,FL,ASO,ES,Towers with Radar,0,52,50,0,102,0,3,13,0,16,0,55,63,0,118,37,0,37,155
11/22/2022,VRB,FL,ASO,ES,Towers with Radar,0,35,60,0,95,0,0,2,0,2,0,35,62,0,97,0,0,0,97
11/23/2022,VRB,FL,ASO,ES,Towers with Radar,0,50,46,0,96,0,0,0,0,0,0,50,46,0,96,0,0,0,96
11/24/2022,VRB,FL,ASO,ES,Towers with Radar,0,9,8,0,17,0,1,19,0,20,0,10,27,0,37,14,0,14,51
11/25/2022,VRB,FL,ASO,ES,Towers with Radar,0,21,44,0,65,0,14,76,0,90,0,35,120,0,155,130,0,130,285
11/26/2022,VRB,FL,ASO,ES,Towers with Radar,0,39,56,1,96,0,7,43,0,50,0,46,99,1,146,30,0,30,176
11/27/2022,VRB,FL,ASO,ES,Towers with Radar,0,35,54,0,89,0,10,39,0,49,0,45,93,0,138,17,0,17,155
11/28/2022,VRB,FL,ASO,ES,Towers with Radar,0,52,68,0,120,0,105,138,0,243,0,157,206,0,363,474,0,474,837
11/29/2022,VRB,FL,ASO,ES,Towers with Radar,0,33,66,0,99,0,112,206,0,318,0,145,272,0,417,422,0,422,839
11/30/2022,VRB,FL,ASO,ES,Towers with Radar,0,58,30,0,88,0,96,135,0,231,0,154,165,0,319,521,0,521,840
12/01/2022,VRB,FL,ASO,ES,Towers with Radar,0,46,59,0,105,0,76,131,0,207,0,122,190,0,312,239,0,239,551
12/02/2022,VRB,FL,ASO,ES,Towers with Radar,0,38,56,0,94,0,51,85,0,136,0,89,141,0,230,170,0,170,400
12/03/2022,VRB,FL,ASO,ES,Towers with Radar,0,40,28,0,68,0,46,86,0,132,0,86,114,0,200,225,0,225,425
12/04/2022,VRB,FL,ASO,ES,Towers with Radar,0,26,34,0,60,0,25,86,0,111,0,51,120,0,171,40,0,40,211
12/05/2022,VRB,FL,ASO,ES,Towers with Radar,0,52,39,0,91,0,112,135,0,247,0,164,174,0,338,380,0,380,718
12/06/2022,VRB,FL,ASO,ES,Towers with Radar,0,37,43,0,80,0,98,127,0,225,0,135,170,0,305,455,0,455,760
12/07/2022,VRB,FL,ASO,ES,Towers with Radar,0,41,55,0,96,0,107,147,0,254,0,148,202,0,350,409,0,409,759
12/08/2022,VRB,FL,ASO,ES,Towers with Radar,0,40,48,2,90,0,99,112,0,211,0,139,160,2,301,367,0,367,668
12/09/2022,VRB,FL,ASO,ES,Towers with Radar,0,39,65,0,104,0,86,134,0,220,0,125,199,0,324,265,0,265,589
12/10/2022,VRB,FL,ASO,ES,Towers with Radar,0,39,33,0,72,0,47,89,0,136,0,86,122,0,208,127,0,127,335
12/11/2022,VRB,FL,ASO,ES,Towers with Radar,0,13,41,0,54,0,0,39,0,39,0,13,80,0,93,37,0,37,130
12/12/2022,VRB,FL,ASO,ES,Towers with Radar,0,42,44,0,86,0,10,33,0,43,0,52,77,0,129,133,0,133,262
12/13/2022,VRB,FL,ASO,ES,Towers with Radar,0,42,48,0,90,0,77,91,0,168,0,119,139,0,258,199,0,199,457
12/14/2022,VRB,FL,ASO,ES,Towers with Radar,0,56,54,0,110,0,43,66,0,109,0,99,120,0,219,211,0,211,430
12/15/2022,VRB,FL,ASO,ES,Towers with Radar,0,36,21,0,57,0,19,58,0,77,0,55,79,0,134,57,0,57,191
12/16/2022,VRB,FL,ASO,ES,Towers with Radar,0,55,61,0,116,0,67,87,0,154,0,122,148,0,270,381,0,381,651
12/17/2022,VRB,FL,ASO,ES,Towers with Radar,0,42,48,0,90,0,39,65,0,104,0,81,113,0,194,93,0,93,287
12/18/2022,VRB,FL,ASO,ES,Towers with Radar,0,15,47,2,64,0,5,58,6,69,0,20,105,8,133,19,0,19,152
12/19/2022,VRB,FL,ASO,ES,Towers with Radar,0,47,42,0,89,0,96,158,0,254,0,143,200,0,343,312,0,312,655
12/20/2022,VRB,FL,ASO,ES,Towers with Radar,0,29,40,0,69,0,65,97,1,163,0,94,137,1,232,313,0,313,545
12/21/2022,VRB,FL,ASO,ES,Towers with Radar,0,47,78,0,125,0,24,58,0,82,0,71,136,0,207,209,0,209,416
12/22/2022,VRB,FL,ASO,ES,Towers with Radar,0,38,50,0,88,0,6,12,0,18,0,44,62,0,106,52,0,52,158
12/23/2022,VRB,FL,ASO,ES,Towers with Radar,0,19,39,0,58,0,1,125,0,126,0,20,164,0,184,44,0,44,228
12/24/2022,VRB,FL,ASO,ES,Towers with Radar,0,13,20,0,33,0,0,43,0,43,0,13,63,0,76,24,0,24,100
12/25/2022,VRB,FL,ASO,ES,Towers with Radar,0,33,10,0,43,0,0,10,0,10,0,33,20,0,53,0,0,0,53
12/26/2022,VRB,FL,ASO,ES,Towers with Radar,0,43,70,0,113,0,2,50,0,52,0,45,120,0,165,28,0,28,193
12/27/2022,VRB,FL,ASO,ES,Towers with Radar,0,68,71,0,139,0,49,118,0,167,0,117,189,0,306,200,0,200,506
12/28/2022,VRB,FL,ASO,ES,Towers with Radar,0,56,75,0,131,0,60,145,0,205,0,116,220,0,336,259,0,259,595
12/29/2022,VRB,FL,ASO,ES,Towers with Radar,0,50,58,4,112,0,39,165,0,204,0,89,223,4,316,344,0,344,660
12/30/2022,VRB,FL,ASO,ES,Towers with Radar,0,54,69,0,123,0,35,88,0,123,0,89,157,0,246,238,0,238,484
12/31/2022,VRB,FL,ASO,ES,Towers with Radar,0,27,27,0,54,0,6,39,0,45,0,33,66,0,99,41,0,41,140
01/01/2023,VRB,FL,ASO,ES,Towers with Radar,0,26,37,0,63,0,1,22,0,23,0,27,59,0,86,18,0,18,104
01/02/2023,VRB,FL,ASO,ES,Towers with Radar,0,27,64,0,91,0,0,45,0,45,0,27,109,0,136,2,0,2,138
01/03/2023,VRB,FL,ASO,ES,Towers with Radar,0,47,58,0,105,0,63,93,0,156,0,110,151,0,261,384,0,384,645
01/04/2023,VRB,FL,ASO,ES,Towers with Radar,0,42,72,0,114,0,61,132,0,193,0,103,204,0,307,247,0,247,554
01/05/2023,VRB,FL,ASO,ES,Towers with Radar,0,54,64,0,118,0,40,71,0,111,0,94,135,0,229,203,0,203,432
01/06/2023,VRB,FL,ASO,ES,Towers with Radar,0,41,58,0,99,0,96,117,0,213,0,137,175,0,312,302,0,302,614
01/07/2023,VRB,FL,ASO,ES,Towers with Radar,0,33,34,0,67,0,52,69,1,122,0,85,103,1,189,164,0,164,353
01/08/2023,VRB,FL,ASO,ES,Towers with Radar,0,31,29,2,62,0,4,35,0,39,0,35,64,2,101,19,0,19,120
01/09/2023,VRB,FL,ASO,ES,Towers with Radar,0,33,52,0,85,0,96,108,0,204,0,129,160,0,289,508,0,508,797
01/10/2023,VRB,FL,ASO,ES,Towers with Radar,0,38,65,0,103,0,92,99,0,191,0,130,164,0,294,331,0,331,625
01/11/2023,VRB,FL,ASO,ES,Towers with Radar,0,48,46,0,94,0,111,148,0,259,0,159,194,0,353,415,0,415,768
01/12/2023,VRB,FL,ASO,ES,Towers with Radar,0,49,58,0,107,0,122,181,0,303,0,171,239,0,410,443,0,443,853
01/13/2023,VRB,FL,ASO,ES,Towers with Radar,0,40,26,0,66,0,13,34,0,47,0,53,60,0,113,97,0,97,210
01/14/2023,VRB,FL,ASO,ES,Towers with Radar,0,16,24,0,40,0,9,26,0,35,0,25,50,0,75,52,0,52,127
01/15/2023,VRB,FL,ASO,ES,Towers with Radar,0,27,37,0,64,0,3,75,0,78,0,30,112,0,142,26,0,26,168
01/16/2023,VRB,FL,ASO,ES,Towers with Radar,0,45,55,0,100,0,96,152,0,248,0,141,207,0,348,542,0,542,890
01/17/2023,VRB,FL,ASO,ES,Towers with Radar,0,39,50,0,89,0,113,117,0,230,0,152,167,0,319,405,0,405,724
01/18/2023,VRB,FL,ASO,ES,Towers with Radar,0,57,55,2,114,0,124,125,0,249,0,181,180,2,363,368,0,368,731
01/19/2023,VRB,FL,ASO,ES,Towers with Radar,0,31,48,2,81,0,118,144,0,262,0,149,192,2,343,266,0,266,609
01/20/2023,VRB,FL,ASO,ES,Towers with Radar,0,59,71,0,130,0,124,100,0,224,0,183,171,0,354,425,0,425,779
01/21/2023,VRB,FL,ASO,ES,Towers with Radar,0,27,47,4,78,0,28,74,1,103,0,55,121,5,181,123,0,123,304
01/22/2023,VRB,FL,ASO,ES,Towers with Radar,0,30,31,0,61,0,3,64,0,67,0,33,95,0,128,14,0,14,142
01/23/2023,VRB,FL,ASO,ES,Towers with Radar,0,43,68,2,113,0,59,57,0,116,0,102,125,2,229,256,0,256,485
01/24/2023,VRB,FL,ASO,ES,Towers with Radar,0,68,52,0,120,0,106,137,0,243,0,174,189,0,363,324,0,324,687
01/25/2023,VRB,FL,ASO,ES,Towers with Radar,0,52,42,0,94,0,66,94,0,160,0,118,136,0,254,174,0,174,428
01/26/2023,VRB,FL,ASO,ES,Towers with Radar,0,78,65,0,143,0,84,115,0,199,0,162,180,0,342,504,0,504,846
01/27/2023,VRB,FL,ASO,ES,Towers with Radar,0,55,63,0,118,0,57,111,0,168,0,112,174,0,286,161,0,161,447
01/28/2023,VRB,FL,ASO,ES,Towers with Radar,0,32,54,0,86,0,17,48,0,65,0,49,102,0,151,134,0,134,285
01/29/2023,VRB,FL,ASO,ES,Towers with Radar,0,26,61,0,87,0,2,73,0,75,0,28,134,0,162,35,0,35,197
01/30/2023,VRB,FL,ASO,ES,Towers with Radar,0,70,64,0,134,0,78,116,0,194,0,148,180,0,328,452,0,452,780
01/31/2023,VRB,FL,ASO,ES,Towers with Radar,0,45,52,0,97,0,99,126,0,225,0,144,178,0,322,523,0,523,845
02/01/2023,VRB,FL,ASO,ES,Towers with Radar,0,48,73,0,121,0,112,169,2,283,0,160,242,2,404,421,0,421,825
02/02/2023,VRB,FL,ASO,ES,Towers with Radar,2,63,57,0,122,0,77,137,0,214,2,140,194,0,336,203,0,203,539
02/03/2023,VRB,FL,ASO,ES,Towers with Radar,2,63,53,0,118,0,4,16,0,20,2,67,69,0,138,45,0,45,183
02/04/2023,VRB,FL,ASO,ES,Towers with Radar,2,19,38,2,61,0,10,28,0,38,2,29,66,2,99,31,0,31,130
02/05/2023,VRB,FL,ASO,ES,Towers with Radar,2,23,37,0,62,0,0,1,0,1,2,23,38,0,63,0,0,0,63
02/06/2023,VRB,FL,ASO,ES,Towers with Radar,2,61,60,3,126,0,98,142,1,241,2,159,202,4,367,322,0,322,689
02/07/2023,VRB,FL,ASO,ES,Towers with Radar,0,39,60,0,99,0,131,174,0,305,0,170,234,0,404,527,0,527,931
02/08/2023,VRB,FL,ASO,ES,Towers with Radar,0,54,66,4,124,0,125,147,0,272,0,179,213,4,396,482,0,482,878
02/09/2023,VRB,FL,ASO,ES,Towers with Radar,2,54,87,2,145,0,108,109,0,217,2,162,196,2,362,388,0,388,750
02/10/2023,VRB,FL,ASO,ES,Towers with Radar,2,40,71,0,113,0,100,135,0,235,2,140,206,0,348,424,0,424,772
02/11/2023,VRB,FL,ASO,ES,Towers with Radar,2,32,37,0,71,0,27,43,0,70,2,59,80,0,141,79,0,79,220
02/12/2023,VRB,FL,ASO,ES,Towers with Radar,2,26,30,0,58,0,1,14,0,15,2,27,44,0,73,0,0,0,73
02/13/2023,VRB,FL,ASO,ES,Towers with Radar,0,45,70,0,115,0,97,142,0,239,0,142,212,0,354,479,0,479,833
02/14/2023,VRB,FL,ASO,ES,Towers with Radar,0,53,43,2,98,0,108,153,0,261,0,161,196,2,359,611,0,611,970
02/15/2023,VRB,FL,ASO,ES,Towers with Radar,2,50,57,0,109,0,99,122,0,221,2,149,179,0,330,250,0,250,580
02/16/2023,VRB,FL,ASO,ES,Towers with Radar,4,55,71,4,134,0,71,116,0,187,4,126,187,4,321,289,0,289,610
02/17/2023,VRB,FL,ASO,ES,Towers with Radar,0,44,52,0,96,0,75,118,0,193,0,119,170,0,289,166,0,166,455
02/18/2023,VRB,FL,ASO,ES,Towers with Radar,4,34,76,0,114,0,18,24,0,42,4,52,100,0,156,20,0,20,176
02/19/2023,VRB,FL,ASO,ES,Towers with Radar,4,36,44,0,84,0,0,64,0,64,4,36,108,0,148,33,0,33,181
02/20/2023,VRB,FL,ASO,ES,Towers with Radar,0,87,66,0,153,0,130,190,0,320,0,217,256,0,473,436,0,436,909
02/21/2023,VRB,FL,ASO,ES,Towers with Radar,2,43,40,3,88,0,95,144,0,239,2,138,184,3,327,330,0,330,657
02/22/2023,VRB,FL,ASO,ES,Towers with Radar,2,44,51,0,97,0,101,173,0,274,2,145,224,0,371,377,0,377,748
02/23/2023,VRB,FL,ASO,ES,Towers with Radar,4,51,56,0,111,0,91,159,0,250,4,142,215,0,361,439,0,439,800
02/24/2023,VRB,FL,ASO,ES,Towers with Radar,0,63,65,0,128,0,103,176,0,279,0,166,241,0,407,454,0,454,861
02/25/2023,VRB,FL,ASO,ES,Towers with Radar,4,30,58,2,94,0,40,74,2,116,4,70,132,4,210,67,0,67,277
02/26/2023,VRB,FL,ASO,ES,Towers with Radar,4,35,58,0,97,0,22,93,0,115,4,57,151,0,212,26,0,26,238
02/27/2023,VRB,FL,ASO,ES,Towers with Radar,0,65,40,0,105,0,134,150,0,284,0,199,190,0,389,385,0,385,774
02/28/2023,VRB,FL,ASO,ES,Towers with Radar,0,42,49,0,91,0,111,182,0,293,0,153,231,0,384,428,0,428,812
03/01/2023,VRB,FL,ASO,ES,Towers with Radar,0,71,64,0,135,0,80,107,0,187,0,151,171,0,322,409,0,409,731
03/02/2023,VRB,FL,ASO,ES,Towers with Radar,0,62,56,0,118,0,128,168,0,296,0,190,224,0,414,392,0,392,806
03/03/2023,VRB,FL,ASO,ES,Towers with Radar,3,65,33,0,101,0,47,52,0,99,3,112,85,0,200,162,0,162,362
03/04/2023,VRB,FL,ASO,ES,Towers with Radar,3,39,34,0,76,0,14,38,0,52,3,53,72,0,128,67,0,67,195
03/05/2023,VRB,FL,ASO,ES,Towers with Radar,4,49,63,0,116,0,7,69,0,76,4,56,132,0,192,30,0,30,222
03/06/2023,VRB,FL,ASO,ES,Towers with Radar,0,41,27,0,68,0,101,163,0,264,0,142,190,0,332,564,0,564,896
03/07/2023,VRB,FL,ASO,ES,Towers with Radar,0,46,48,0,94,0,95,158,0,253,0,141,206,0,347,355,0,355,702
03/08/2023,VRB,FL,ASO,ES,Towers with Radar,0,74,50,2,126,0,91,131,0,222,0,165,181,2,348,297,0,297,645
03/09/2023,VRB,FL,ASO,ES,Towers with Radar,4,57,51,0,112,0,108,150,0,258,4,165,201,0,370,698,0,698,1068
03/10/2023,VRB,FL,ASO,ES,Towers with Radar,0,70,56,0,126,0,80,131,0,211,0,150,187,0,337,509,0,509,846
03/11/2023,VRB,FL,ASO,ES,Towers with Radar,4,40,59,0,103,0,16,83,0,99,4,56,142,0,202,55,0,55,257
03/12/2023,VRB,FL,ASO,ES,Towers with Radar,4,45,42,0,91,0,7,74,0,81,4,52,116,0,172,20,0,20,192
03/13/2023,VRB,FL,ASO,ES,Towers with Radar,0,20,40,0,60,0,13,38,0,51,0,33,78,0,111,103,0,103,214
03/14/2023,VRB,FL,ASO,ES,Towers with Radar,0,52,54,0,106,0,110,181,0,291,0,162,235,0,397,372,0,372,769
03/15/2023,VRB,FL,ASO,ES,Towers with Radar,0,51,56,0,107,0,106,165,0,271,0,157,221,0,378,422,0,422,800
03/16/2023,VRB,FL,ASO,ES,Towers with Radar,4,54,65,0,123,0,95,138,0,233,4,149,203,0,356,423,0,423,779
03/17/2023,VRB,FL,ASO,ES,Towers with Radar,0,44,58,1,103,0,90,137,0,227,0,134,195,1,330,423,0,423,753
03/18/2023,VRB,FL,ASO,ES,Towers with Radar,3,32,47,0,82,0,18,46,0,64,3,50,93,0,146,37,0,37,183
03/19/2023,VRB,FL,ASO,ES,Towers with Radar,2,37,45,0,84,0,0,5,0,5,2,37,50,0,89,4,0,4,93
03/20/2023,VRB,FL,ASO,ES,Towers with Radar,1,50,51,0,102,0,57,107,0,164,1,107,158,0,266,330,0,330,596
03/21/2023,VRB,FL,ASO,ES,Towers with Radar,0,35,64,0,99,0,122,179,0,301,0,157,243,0,400,524,0,524,924
03/22/2023,VRB,FL,ASO,ES,Towers with Radar,0,36,56,1,93,0,106,150,0,256,0,142,206,1,349,487,0,487,836
03/23/2023,VRB,FL,ASO,ES,Towers with Radar,4,67,61,0,132,0,102,136,0,238,4,169,197,0,370,482,0,482,852
03/24/2023,VRB,FL,ASO,ES,Towers with Radar,0,53,78,4,135,0,85,114,0,199,0,138,192,4,334,364,0,364,698
03/25/2023,VRB,FL,ASO,ES,Towers with Radar,4,38,50,0,92,0,25,63,0,88,4,63,113,0,180,99,0,99,279
03/26/2023,VRB,FL,ASO,ES,Towers with Radar,4,21,51,0,76,0,1,72,0,73,4,22,123,0,149,22,0,22,171
03/27/2023,VRB,FL,ASO,ES,Towers with Radar,0,46,62,0,108,0,84,128,0,212,0,130,190,0,320,409,0,409,729
03/28/2023,VRB,FL,ASO,ES,Towers with Radar,0,56,55,1,112,0,113,123,0,236,0,169,178,1,348,434,0,434,782
03/29/2023,VRB,FL,ASO,ES,Towers with Radar,0,57,68,0,125,0,60,57,0,117,0,117,125,0,242,246,0,246,488
03/30/2023,VRB,FL,ASO,ES,Towers with Radar,4,56,62,0,122,0,134,128,0,262,4,190,190,0,384,291,0,291,675
03/31/2023,VRB,FL,ASO,ES,Towers with Radar,0,51,57,0,108,0,79,93,0,172,0,130,150,0,280,212,0,212,492
04/01/2023,VRB,FL,ASO,ES,Towers with Radar,2,39,27,0,68,0,28,49,0,77,2,67,76,0,145,94,0,94,239
04/02/2023,VRB,FL,ASO,ES,Towers with Radar,4,38,60,0,102,0,1,45,0,46,4,39,105,0,148,24,0,24,172
04/03/2023,VRB,FL,ASO,ES,Towers with Radar,0,41,62,0,103,0,65,91,0,156,0,106,153,0,259,355,0,355,614
04/04/2023,VRB,FL,ASO,ES,Towers with Radar,0,53,59,2,114,0,141,142,0,283,0,194,201,2,397,484,0,484,881
04/05/2023,VRB,FL,ASO,ES,Towers with Radar,2,58,83,4,147,0,111,154,0,265,2,169,237,4,412,324,0,324,736
04/06/2023,VRB,FL,ASO,ES,Towers with Radar,4,69,64,6,143,0,96,109,1,206,4,165,173,7,349,339,0,339,688
04/07/2023,VRB,FL,ASO,ES,Towers with Radar,2,45,70,0,117,0,103,108,0,211,2,148,178,0,328,370,0,370,698
04/08/2023,VRB,FL,ASO,ES,Towers with Radar,4,26,40,0,70,0,31,54,0,85,4,57,94,0,155,108,0,108,263
04/09/2023,VRB,FL,ASO,ES,Towers with Radar,4,32,45,0,81,0,0,28,0,28,4,32,73,0,109,0,0,0,109
04/10/2023,VRB,FL,ASO,ES,Towers with Radar,2,43,48,0,93,0,12,18,0,30,2,55,66,0,123,25,0,25,148
04/11/2023,VRB,FL,ASO,ES,Towers with Radar,2,39,33,0,74,0,17,26,0,43,2,56,59,0,117,17,0,17,134
04/12/2023,VRB,FL,ASO,ES,Towers with Radar,2,24,37,0,63,0,14,18,0,32,2,38,55,0,95,33,0,33,128
04/13/2023,VRB,FL,ASO,ES,Towers with Radar,7,40,30,0,77,0,60,85,0,145,7,100,115,0,222,217,0,217,439
04/14/2023,VRB,FL,ASO,ES,Towers with Radar,0,70,51,1,122,0,100,118,0,218,0,170,169,1,340,483,0,483,823
04/15/2023,VRB,FL,ASO,ES,Towers with Radar,4,34,55,1,94,0,99,93,0,192,4,133,148,1,286,305,0,305,591
04/16/2023,VRB,FL,ASO,ES,Towers with Radar,4,37,53,0,94,0,7,42,0,49,4,44,95,0,143,0,0,0,143
04/17/2023,VRB,FL,ASO,ES,Towers with Radar,2,51,40,0,93,0,18,29,0,47,2,69,69,0,140,154,0,154,294
04/18/2023,VRB,FL,ASO,ES,Towers with Radar,0,57,60,0,117,0,115,148,0,263,0,172,208,0,380,299,0,299,679
04/19/2023,VRB,FL,ASO,ES,Towers with Radar,2,50,66,0,118,0,113,170,0,283,2,163,236,0,401,389,0,389,790
04/20/2023,VRB,FL,ASO,ES,Towers with Radar,2,63,60,0,125,0,95,134,0,229,2,158,194,0,354,382,0,382,736
04/21/2023,VRB,FL,ASO,ES,Towers with Radar,2,58,52,2,114,0,115,123,0,238,2,173,175,2,352,448,0,448,800
04/22/2023,VRB,FL,ASO,ES,Towers with Radar,4,27,31,0,62,0,52,71,0,123,4,79,102,0,185,140,0,140,325
04/23/2023,VRB,FL,ASO,ES,Towers with Radar,2,29,52,0,83,0,8,57,0,65,2,37,109,0,148,4,0,4,152
04/24/2023,VRB,FL,ASO,ES,Towers with Radar,2,38,67,0,107,0,39,46,0,85,2,77,113,0,192,332,0,332,524
04/25/2023,VRB,FL,ASO,ES,Towers with Radar,0,36,43,0,79,0,43,110,0,153,0,79,153,0,232,293,0,293,525
04/26/2023,VRB,FL,ASO,ES,Towers with Radar,2,42,75,0,119,0,86,118,0,204,2,128,193,0,323,431,0,431,754
04/27/2023,VRB,FL,ASO,ES,Towers with Radar,2,41,56,0,99,0,135,129,0,264,2,176,185,0,363,299,0,299,662
04/28/2023,VRB,FL,ASO,ES,Towers with Radar,2,54,53,0,109,0,102,88,0,190,2,156,141,0,299,289,0,289,588
04/29/2023,VRB,FL,ASO,ES,Towers with Radar,4,49,34,0,87,0,26,74,0,100,4,75,108,0,187,197,0,197,384
04/30/2023,VRB,FL,ASO,ES,Towers with Radar,2,30,29,0,61,0,1,5,0,6,2,31,34,0,67,0,0,0,67
05/01/2023,VRB,FL,ASO,ES,Towers with Radar,2,43,55,0,100,0,157,177,0,334,2,200,232,0,434,417,0,417,851
05/02/2023,VRB,FL,ASO,ES,Towers with Radar,0,51,55,0,106,0,126,187,0,313,0,177,242,0,419,329,0,329,748
05/03/2023,VRB,FL,ASO,ES,Towers with Radar,2,65,84,0,151,0,94,146,0,240,2,159,230,0,391,374,0,374,765
05/04/2023,VRB,FL,ASO,ES,Towers with Radar,2,63,59,0,124,0,133,149,0,282,2,196,208,0,406,213,0,213,619
05/05/2023,VRB,FL,ASO,ES,Towers with Radar,4,51,54,2,111,0,145,124,0,269,4,196,178,2,380,368,0,368,748
05/06/2023,VRB,FL,ASO,ES,Towers with Radar,4,32,37,0,73,0,13,33,0,46,4,45,70,0,119,23,0,23,142
05/07/2023,VRB,FL,ASO,ES,Towers with Radar,2,17,49,0,68,0,2,40,0,42,2,19,89,0,110,7,0,7,117
05/08/2023,VRB,FL,ASO,ES,Towers with Radar,4,70,61,1,136,0,111,129,0,240,4,181,190,1,376,494,0,494,870
05/09/2023,VRB,FL,ASO,ES,Towers with Radar,0,51,58,0,109,0,170,167,0,337,0,221,225,0,446,544,0,544,990
05/10/2023,VRB,FL,ASO,ES,Towers with Radar,2,58,84,0,144,0,140,168,0,308,2,198,252,0,452,563,0,563,1015
05/11/2023,VRB,FL,ASO,ES,Towers with Radar,2,38,60,0,100,0,115,112,0,227,2,153,172,0,327,606,0,606,933
05/12/2023,VRB,FL,ASO,ES,Towers with Radar,3,38,35,0,76,0,86,105,1,192,3,124,140,1,268,269,0,269,537
05/13/2023,VRB,FL,ASO,ES,Towers with Radar,3,13,47,0,63,0,34,74,0,108,3,47,121,0,171,137,0,137,308
05/14/2023,VRB,FL,ASO,ES,Towers with Radar,2,29,35,0,66,0,5,37,0,42,2,34,72,0,108,2,0,2,110
05/15/2023,VRB,FL,ASO,ES,Towers with Radar,3,58,48,0,109,0,109,124,0,233,3,167,172,0,342,258,0,258,600
05/16/2023,VRB,FL,ASO,ES,Towers with Radar,0,47,39,0,86,0,115,142,0,257,0,162,181,0,343,466,0,466,809
05/17/2023,VRB,FL,ASO,ES,Towers with Radar,0,34,49,0,83,0,106,126,0,232,0,140,175,0,315,512,0,512,827
05/18/2023,VRB,FL,ASO,ES,Towers with Radar,1,51,40,0,92,0,91,133,0,224,1,142,173,0,316,335,0,335,651
05/19/2023,VRB,FL,ASO,ES,Towers with Radar,4,47,45,0,96,0,97,141,0,238,4,144,186,0,334,431,0,431,765
05/20/2023,VRB,FL,ASO,ES,Towers with Radar,2,27,14,0,43,0,22,61,0,83,2,49,75,0,126,190,0,190,316
05/21/2023,VRB,FL,ASO,ES,Towers with Radar,2,14,27,0,43,0,4,49,0,53,2,18,76,0,96,2,0,2,98
05/22/2023,VRB,FL,ASO,ES,Towers with Radar,3,43,48,0,94,0,98,78,0,176,3,141,126,0,270,380,0,380,650
05/23/2023,VRB,FL,ASO,ES,Towers with Radar,0,29,45,0,74,0,50,53,0,103,0,79,98,0,177,284,0,284,461
05/24/2023,VRB,FL,ASO,ES,Towers with Radar,0,14,44,0,58,0,61,79,0,140,0,75,123,0,198,291,0,291,489
05/25/2023,VRB,FL,ASO,ES,Towers with Radar,2,46,53,0,101,0,61,60,0,121,2,107,113,0,222,371,0,371,593
05/26/2023,VRB,FL,ASO,ES,Towers with Radar,3,23,41,0,67,0,71,89,0,160,3,94,130,0,227,340,0,340,567
05/27/2023,VRB,FL,ASO,ES,Towers with Radar,2,28,46,0,76,0,40,69,0,109,2,68,115,0,185,152,0,152,337
05/28/2023,VRB,FL,ASO,ES,Towers with Radar,2,7,26,0,35,0,6,24,0,30,2,13,50,0,65,8,0,8,73
05/29/2023,VRB,FL,ASO,ES,Towers with Radar,3,19,62,0,84,0,4,98,0,102,3,23,160,0,186,126,0,126,312
05/30/2023,VRB,FL,ASO,ES,Towers with Radar,0,32,45,2,79,0,152,161,0,313,0,184,206,2,392,374,0,374,766
05/31/2023,VRB,FL,ASO,ES,Towers with Radar,0,36,39,0,75,0,34,36,0,70,0,70,75,0,145,198,0,198,343
06/01/2023,VRB,FL,ASO,ES,Towers with Radar,2,25,63,1,91,0,53,57,0,110,2,78,120,1,201,169,0,169,370
06/02/2023,VRB,FL,ASO,ES,Towers with Radar,4,46,42,0,92,0,67,81,1,149,4,113,123,1,241,420,0,420,661
06/03/2023,VRB,FL,ASO,ES,Towers with Radar,2,37,20,0,59,0,18,42,0,60,2,55,62,0,119,127,0,127,246
06/04/2023,VRB,FL,ASO,ES,Towers with Radar,2,17,27,0,46,0,2,24,0,26,2,19,51,0,72,6,0,6,78
06/05/2023,VRB,FL,ASO,ES,Towers with Radar,3,27,50,1,81,0,71,102,2,175,3,98,152,3,256,167,8,175,431
06/06/2023,VRB,FL,ASO,ES,Towers with Radar,0,33,48,2,83,0,167,207,0,374,0,200,255,2,457,530,0,530,987
06/07/2023,VRB,FL,ASO,ES,Towers with Radar,0,42,52,0,94,0,71,118,0,189,0,113,170,0,283,323,0,323,606
06/08/2023,VRB,FL,ASO,ES,Towers with Radar,2,21,48,0,71,0,84,72,0,156,2,105,120,0,227,202,0,202,429
06/09/2023,VRB,FL,ASO,ES,Towers with Radar,4,30,49,0,83,0,131,94,0,225,4,161,143,0,308,485,0,485,793
06/10/2023,VRB,FL,ASO,ES,Towers with Radar,2,8,29,0,39,0,37,63,0,100,2,45,92,0,139,141,0,141,280
06/11/2023,VRB,FL,ASO,ES,Towers with Radar,1,20,32,0,53,0,9,73,2,84,1,29,105,2,137,27,0,27,164
06/12/2023,VRB,FL,ASO,ES,Towers with Radar,4,26,32,0,62,0,110,107,0,217,4,136,139,0,279,327,0,327,606
06/13/2023,VRB,FL,ASO,ES,Towers with Radar,0,27,34,0,61,0,137,169,0,306,0,164,203,0,367,454,0,454,821
06/14/2023,VRB,FL,ASO,ES,Towers with Radar,0,27,35,0,62,0,106,135,0,241,0,133,170,0,303,320,0,320,623
06/15/2023,VRB,FL,ASO,ES,Towers with Radar,2,36,50,0,88,0,104,126,0,230,2,140,176,0,318,307,0,307,625
06/16/2023,VRB,FL,ASO,ES,Towers with Radar,4,29,30,0,63,0,93,63,0,156,4,122,93,0,219,247,0,247,466
06/17/2023,VRB,FL,ASO,ES,Towers with Radar,2,11,27,0,40,0,8,22,0,30,2,19,49,0,70,9,0,9,79
06/18/2023,VRB,FL,ASO,ES,Towers with Radar,2,10,21,0,33,0,3,26,0,29,2,13,47,0,62,12,0,12,74
06/19/2023,VRB,FL,ASO,ES,Towers with Radar,3,32,37,0,72,0,122,123,0,245,3,154,160,0,317,473,0,473,790
06/20/2023,VRB,FL,ASO,ES,Towers with Radar,0,26,31,0,57,0,65,69,0,134,0,91,100,0,191,172,0,172,363
06/21/2023,VRB,FL,ASO,ES,Towers with Radar,0,34,38,0,72,0,107,105,0,212,0,141,143,0,284,448,0,448,732
06/22/2023,VRB,FL,ASO,ES,Towers with Radar,2,30,50,0,82,0,104,109,0,213,2,134,159,0,295,454,0,454,749
06/23/2023,VRB,FL,ASO,ES,Towers with Radar,2,39,36,0,77,0,129,105,0,234,2,168,141,0,311,395,0,395,706
06/24/2023,VRB,FL,ASO,ES,Towers with Radar,1,15,30,2,48,0,72,34,0,106,1,87,64,2,154,100,0,100,254
06/25/2023,VRB,FL,ASO,ES,Towers with Radar,1,10,22,0,33,0,3,48,0,51,1,13,70,0,84,20,0,20,104
06/26/2023,VRB,FL,ASO,ES,Towers with Radar,3,46,39,3,91,0,123,119,0,242,3,169,158,3,333,513,0,513,846
06/27/2023,VRB,FL,ASO,ES,Towers with Radar,1,26,28,0,55,0,128,132,0,260,1,154,160,0,315,385,0,385,700
06/28/2023,VRB,FL,ASO,ES,Towers with Radar,0,28,41,0,69,0,63,57,0,120,0,91,98,0,189,275,0,275,464
06/29/2023,VRB,FL,ASO,ES,Towers with Radar,2,32,47,0,81,0,110,111,0,221,2,142,158,0,302,409,0,409,711
06/30/2023,VRB,FL,ASO,ES,Towers with Radar,4,38,44,0,86,0,153,124,0,277,4,191,168,0,363,307,0,307,670
07/01/2023,VRB,FL,ASO,ES,Towers with Radar,2,18,30,0,50,0,49,46,0,95,2,67,76,0,145,132,0,132,277
07/02/2023,VRB,FL,ASO,ES,Towers with Radar,2,14,16,0,32,0,2,54,0,56,2,16,70,0,88,21,0,21,109
07/03/2023,VRB,FL,ASO,ES,Towers with Radar,5,14,25,0,44,0,112,119,0,231,5,126,144,0,275,411,0,411,686
07/04/2023,VRB,FL,ASO,ES,Towers with Radar,0,4,6,0,10,0,8,24,0,32,0,12,30,0,42,26,0,26,68
07/05/2023,VRB,FL,ASO,ES,Towers with Radar,0,22,32,2,56,0,95,82,0,177,0,117,114,2,233,491,0,491,724
07/06/2023,VRB,FL,ASO,ES,Towers with Radar,2,9,39,0,50,0,95,64,1,160,2,104,103,1,210,334,0,334,544
07/07/2023,VRB,FL,ASO,ES,Towers with Radar,3,23,33,0,59,0,116,97,0,213,3,139,130,0,272,353,0,353,625
07/08/2023,VRB,FL,ASO,ES,Towers with Radar,3,18,26,0,47,0,72,46,0,118,3,90,72,0,165,167,0,167,332
07/09/2023,VRB,FL,ASO,ES,Towers with Radar,0,12,28,0,40,0,0,38,0,38,0,12,66,0,78,35,0,35,113
07/10/2023,VRB,FL,ASO,ES,Towers with Radar,7,21,34,0,62,0,112,128,0,240,7,133,162,0,302,351,0,351,653
07/11/2023,VRB,FL,ASO,ES,Towers with Radar,1,24,30,0,55,0,129,126,0,255,1,153,156,0,310,435,0,435,745
07/12/2023,VRB,FL,ASO,ES,Towers with Radar,0,14,37,0,51,0,138,135,0,273,0,152,172,0,324,516,0,516,840
07/13/2023,VRB,FL,ASO,ES,Towers with Radar,2,26,27,0,55,0,100,103,0,203,2,126,130,0,258,348,0,348,606
07/14/2023,VRB,FL,ASO,ES,Towers with Radar,4,17,31,0,52,0,130,113,0,243,4,147,144,0,295,360,0,360,655
07/15/2023,VRB,FL,ASO,ES,Towers with Radar,2,14,18,0,34,0,79,59,0,138,2,93,77,0,172,210,0,210,382
07/16/2023,VRB,FL,ASO,ES,Towers with Radar,2,1,30,0,33,0,2,41,0,43,2,3,71,0,76,10,0,10,86
07/17/2023,VRB,FL,ASO,ES,Towers with Radar,2,9,29,0,40,0,90,69,0,159,2,99,98,0,199,371,0,371,570
07/18/2023,VRB,FL,ASO,ES,Towers with Radar,0,11,34,0,45,0,117,98,0,215,0,128,132,0,260,355,0,355,615
07/19/2023,VRB,FL,ASO,ES,Towers with Radar,0,17,47,0,64,0,149,109,0,258,0,166,156,0,322,602,0,602,924
07/20/2023,VRB,FL,ASO,ES,Towers with Radar,2,17,45,0,64,0,158,96,0,254,2,175,141,0,318,600,0,600,918
07/21/2023,VRB,FL,ASO,ES,Towers with Radar,3,18,24,0,45,0,170,126,0,296,3,188,150,0,341,433,0,433,774
07/22/2023,VRB,FL,ASO,ES,Towers with Radar,2,9,36,0,47,0,92,80,0,172,2,101,116,0,219,313,0,313,532
07/23/2023,VRB,FL,ASO,ES,Towers with Radar,2,9,19,0,30,0,2,67,0,69,2,11,86,0,99,24,0,24,123
07/24/2023,VRB,FL,ASO,ES,Towers with Radar,4,30,36,0,70,0,150,114,0,264,4,180,150,0,334,561,0,561,895
07/25/2023,VRB,FL,ASO,ES,Towers with Radar,0,20,35,0,55,0,158,102,0,260,0,178,137,0,315,670,0,670,985
07/26/2023,VRB,FL,ASO,ES,Towers with Radar,0,11,28,0,39,0,140,139,0,279,0,151,167,0,318,545,0,545,863
07/27/2023,VRB,FL,ASO,ES,Towers with Radar,1,7,30,0,38,0,73,45,0,118,1,80,75,0,156,419,0,419,575
07/28/2023,VRB,FL,ASO,ES,Towers with Radar,3,13,38,0,54,0,113,70,0,183,3,126,108,0,237,346,0,346,583
07/29/2023,VRB,FL,ASO,ES,Towers with Radar,2,12,19,0,33,0,85,43,1,129,2,97,62,1,162,179,0,179,341
07/30/2023,VRB,FL,ASO,ES,Towers with Radar,2,13,20,0,35,0,6,57,2,65,2,19,77,2,100,26,0,26,126
07/31/2023,VRB,FL,ASO,ES,Towers with Radar,3,14,31,0,48,0,132,130,0,262,3,146,161,0,310,366,0,366,676
08/01/2023,VRB,FL,ASO,ES,Towers with Radar,0,26,38,0,64,0,134,134,0,268,0,160,172,0,332,607,0,607,939
08/02/2023,VRB,FL,ASO,ES,Towers with Radar,0,18,32,0,50,0,202,180,0,382,0,220,212,0,432,588,0,588,1020
08/03/2023,VRB,FL,ASO,ES,Towers with Radar,2,28,45,0,75,0,160,130,0,290,2,188,175,0,365,706,0,706,1071
08/04/2023,VRB,FL,ASO,ES,Towers with Radar,3,13,36,0,52,0,147,122,0,269,3,160,158,0,321,654,0,654,975
08/05/2023,VRB,FL,ASO,ES,Towers with Radar,2,14,20,0,36,0,80,78,0,158,2,94,98,0,194,169,0,169,363
08/06/2023,VRB,FL,ASO,ES,Towers with Radar,2,10,23,0,35,0,3,58,0,61,2,13,81,0,96,19,2,21,117
08/07/2023,VRB,FL,ASO,ES,Towers with Radar,4,14,33,0,51,0,141,133,0,274,4,155,166,0,325,442,0,442,767
08/08/2023,VRB,FL,ASO,ES,Towers with Radar,0,15,45,2,62,0,209,147,0,356,0,224,192,2,418,457,0,457,875
08/09/2023,VRB,FL,ASO,ES,Towers with Radar,0,14,37,0,51,0,205,116,0,321,0,219,153,0,372,482,0,482,854
08/10/2023,VRB,FL,ASO,ES,Towers with Radar,2,7,39,0,48,0,151,128,0,279,2,158,167,0,327,313,0,313,640
08/11/2023,VRB,FL,ASO,ES,Towers with Radar,3,19,32,0,54,0,186,146,0,332,3,205,178,0,386,537,0,537,923
08/12/2023,VRB,FL,ASO,ES,Towers with Radar,2,7,13,0,22,0,86,58,0,144,2,93,71,0,166,166,0,166,332
08/13/2023,VRB,FL,ASO,ES,Towers with Radar,2,4,23,0,29,0,2,40,0,42,2,6,63,0,71,5,0,5,76
08/14/2023,VRB,FL,ASO,ES,Towers with Radar,2,18,35,0,55,0,114,113,0,227,2,132,148,0,282,397,0,397,679
08/15/2023,VRB,FL,ASO,ES,Towers with Radar,1,14,39,0,54,0,172,121,0,293,1,186,160,0,347,550,0,550,897
08/16/2023,VRB,FL,ASO,ES,Towers with Radar,0,21,47,0,68,0,121,70,0,191,0,142,117,0,259,316,0,316,575
08/17/2023,VRB,FL,ASO,ES,Towers with Radar,2,18,35,0,55,0,106,75,0,181,2,124,110,0,236,197,0,197,433
08/18/2023,VRB,FL,ASO,ES,Towers with Radar,4,20,34,0,58,0,199,137,0,336,4,219,171,0,394,623,0,623,1017
08/19/2023,VRB,FL,ASO,ES,Towers with Radar,2,19,19,0,40,0,52,27,0,79,2,71,46,0,119,143,0,143,262
08/20/2023,VRB,FL,ASO,ES,Towers with Radar,2,21,16,0,39,0,2,16,0,18,2,23,32,0,57,20,0,20,77
08/21/2023,VRB,FL,ASO,ES,Towers with Radar,3,19,32,0,54,0,79,72,0,151,3,98,104,0,205,238,0,238,443
08/22/2023,VRB,FL,ASO,ES,Towers with Radar,0,26,38,1,65,0,153,132,1,286,0,179,170,2,351,287,0,287,638
08/23/2023,VRB,FL,ASO,ES,Towers with Radar,0,35,49,0,84,0,163,129,0,292,0,198,178,0,376,462,0,462,838
08/24/2023,VRB,FL,ASO,ES,Towers with Radar,2,36,48,2,88,0,124,82,0,206,2,160,130,2,294,339,0,339,633
08/25/2023,VRB,FL,ASO,ES,Towers with Radar,4,31,53,0,88,0,190,143,0,333,4,221,196,0,421,191,0,191,612
08/26/2023,VRB,FL,ASO,ES,Towers with Radar,2,12,26,0,40,0,106,49,1,156,2,118,75,1,196,161,0,161,357
08/27/2023,VRB,FL,ASO,ES,Towers with Radar,2,8,26,1,37,0,0,45,0,45,2,8,71,1,82,38,2,40,122
08/28/2023,VRB,FL,ASO,ES,Towers with Radar,4,20,23,0,47,0,72,48,0,120,4,92,71,0,167,297,0,297,464
08/29/2023,VRB,FL,ASO,ES,Towers with Radar,0,17,25,0,42,0,105,77,0,182,0,122,102,0,224,482,0,482,706
08/30/2023,VRB,FL,ASO,ES,Towers with Radar,0,5,1,0,6,0,0,7,0,7,0,5,8,0,13,0,0,0,13
08/31/2023,VRB,FL,ASO,ES,Towers with Radar,2,19,35,0,56,0,112,48,0,160,2,131,83,0,216,243,0,243,459
01/01/2020,VRB,FL,ASO,ES,Towers with Radar,0,21,31,0,52,0,7,34,0,41,0,28,65,0,93,16,0,16,109
01/02/2020,VRB,FL,ASO,ES,Towers with Radar,2,75,53,0,130,0,191,160,0,351,2,266,213,0,481,520,0,520,1001
01/03/2020,VRB,FL,ASO,ES,Towers with Radar,2,69,55,0,126,0,138,128,0,266,2,207,183,0,392,419,0,419,811
01/04/2020,VRB,FL,ASO,ES,Towers with Radar,1,57,53,0,111,0,15,31,0,46,1,72,84,0,157,81,0,81,238
01/05/2020,VRB,FL,ASO,ES,Towers with Radar,1,31,47,0,79,0,16,64,0,80,1,47,111,0,159,113,0,113,272
01/06/2020,VRB,FL,ASO,ES,Towers with Radar,4,46,28,0,78,0,219,159,0,378,4,265,187,0,456,444,0,444,900
01/07/2020,VRB,FL,ASO,ES,Towers with Radar,0,39,41,0,80,0,250,167,0,417,0,289,208,0,497,539,0,539,1036
01/08/2020,VRB,FL,ASO,ES,Towers with Radar,1,41,57,0,99,0,249,193,0,442,1,290,250,0,541,385,0,385,926
01/09/2020,VRB,FL,ASO,ES,Towers with Radar,0,51,42,0,93,0,208,122,0,330,0,259,164,0,423,384,0,384,807
01/10/2020,VRB,FL,ASO,ES,Towers with Radar,0,73,49,0,122,0,202,122,0,324,0,275,171,0,446,354,0,354,800
01/11/2020,VRB,FL,ASO,ES,Towers with Radar,0,56,43,0,99,0,73,30,0,103,0,129,73,0,202,286,0,286,488
01/12/2020,VRB,FL,ASO,ES,Towers with Radar,0,22,41,0,63,0,1,51,0,52,0,23,92,0,115,47,0,47,162
01/13/2020,VRB,FL,ASO,ES,Towers with Radar,0,58,45,0,103,0,252,183,0,435,0,310,228,0,538,593,0,593,1131
01/14/2020,VRB,FL,ASO,ES,Towers with Radar,0,53,47,0,100,0,141,106,0,247,0,194,153,0,347,469,0,469,816
01/15/2020,VRB,FL,ASO,ES,Towers with Radar,0,56,53,2,111,0,283,225,0,508,0,339,278,2,619,591,0,591,1210
01/16/2020,VRB,FL,ASO,ES,Towers with Radar,0,63,65,0,128,0,267,253,0,520,0,330,318,0,648,691,0,691,1339
01/17/2020,VRB,FL,ASO,ES,Towers with Radar,0,62,52,0,114,0,185,121,0,306,0,247,173,0,420,205,0,205,625
01/18/2020,VRB,FL,ASO,ES,Towers with Radar,0,34,58,0,92,0,169,118,0,287,0,203,176,0,379,384,0,384,763
01/19/2020,VRB,FL,ASO,ES,Towers with Radar,1,23,46,0,70,0,5,139,0,144,1,28,185,0,214,134,0,134,348
01/20/2020,VRB,FL,ASO,ES,Towers with Radar,2,54,60,0,116,0,305,196,0,501,2,359,256,0,617,548,0,548,1165
01/21/2020,VRB,FL,ASO,ES,Towers with Radar,0,41,59,1,101,0,149,190,1,340,0,190,249,2,441,123,0,123,564
01/22/2020,VRB,FL,ASO,ES,Towers with Radar,0,74,49,0,123,0,50,50,0,100,0,124,99,0,223,137,0,137,360
01/23/2020,VRB,FL,ASO,ES,Towers with Radar,0,86,69,0,155,0,117,57,0,174,0,203,126,0,329,382,0,382,711
01/24/2020,VRB,FL,ASO,ES,Towers with Radar,0,72,65,2,139,0,149,105,0,254,0,221,170,2,393,525,0,525,918
01/25/2020,VRB,FL,ASO,ES,Towers with Radar,0,43,41,0,84,0,227,171,0,398,0,270,212,0,482,405,0,405,887
01/26/2020,VRB,FL,ASO,ES,Towers with Radar,0,22,63,0,85,0,4,141,0,145,0,26,204,0,230,145,0,145,375
01/27/2020,VRB,FL,ASO,ES,Towers with Radar,0,100,61,0,161,0,276,175,0,451,0,376,236,0,612,706,0,706,1318
01/28/2020,VRB,FL,ASO,ES,Towers with Radar,0,91,52,0,143,0,227,190,0,417,0,318,242,0,560,462,0,462,1022
01/29/2020,VRB,FL,ASO,ES,Towers with Radar,0,70,57,0,127,0,229,156,0,385,0,299,213,0,512,595,0,595,1107
01/30/2020,VRB,FL,ASO,ES,Towers with Radar,1,73,80,0,154,0,99,108,0,207,1,172,188,0,361,237,0,237,598
01/31/2020,VRB,FL,ASO,ES,Towers with Radar,2,101,60,0,163,0,216,165,1,382,2,317,225,1,545,555,0,555,1100
02/01/2020,VRB,FL,ASO,ES,Towers with Radar,0,38,20,0,58,0,3,3,0,6,0,41,23,0,64,18,0,18,82
02/02/2020,VRB,FL,ASO,ES,Towers with Radar,1,27,37,0,65,0,6,112,0,118,1,33,149,0,183,187,0,187,370
02/03/2020,VRB,FL,ASO,ES,Towers with Radar,3,87,60,0,150,0,222,203,0,425,3,309,263,0,575,512,0,512,1087
02/04/2020,VRB,FL,ASO,ES,Towers with Radar,0,93,85,0,178,0,274,182,2,458,0,367,267,2,636,460,0,460,1096
02/05/2020,VRB,FL,ASO,ES,Towers with Radar,0,85,71,0,156,0,240,168,0,408,0,325,239,0,564,576,0,576,1140
02/06/2020,VRB,FL,ASO,ES,Towers with Radar,0,78,46,0,124,0,109,85,0,194,0,187,131,0,318,181,0,181,499
02/07/2020,VRB,FL,ASO,ES,Towers with Radar,0,59,43,0,102,0,162,141,0,303,0,221,184,0,405,368,0,368,773
02/08/2020,VRB,FL,ASO,ES,Towers with Radar,0,73,67,0,140,0,212,157,0,369,0,285,224,0,509,377,0,377,886
02/09/2020,VRB,FL,ASO,ES,Towers with Radar,0,34,37,0,71,0,8,82,0,90,0,42,119,0,161,56,0,56,217
02/10/2020,VRB,FL,ASO,ES,Towers with Radar,0,87,55,0,142,0,291,187,0,478,0,378,242,0,620,666,0,666,1286
02/11/2020,VRB,FL,ASO,ES,Towers with Radar,0,92,81,0,173,0,266,192,0,458,0,358,273,0,631,542,0,542,1173
02/12/2020,VRB,FL,ASO,ES,Towers with Radar,0,100,76,2,178,0,210,191,0,401,0,310,267,2,579,609,0,609,1188
02/13/2020,VRB,FL,ASO,ES,Towers with Radar,0,75,66,0,141,0,206,181,0,387,0,281,247,0,528,297,0,297,825
02/14/2020,VRB,FL,ASO,ES,Towers with Radar,0,61,110,0,171,0,1,12,0,13,0,62,122,0,184,3,0,3,187
02/15/2020,VRB,FL,ASO,ES,Towers with Radar,0,61,31,0,92,0,44,36,0,80,0,105,67,0,172,167,0,167,339
02/16/2020,VRB,FL,ASO,ES,Towers with Radar,0,16,52,0,68,0,0,64,0,64,0,16,116,0,132,121,0,121,253
02/17/2020,VRB,FL,ASO,ES,Towers with Radar,0,115,93,0,208,0,240,196,0,436,0,355,289,0,644,596,0,596,1240
02/18/2020,VRB,FL,ASO,ES,Towers with Radar,0,103,71,0,174,0,291,203,0,494,0,394,274,0,668,646,0,646,1314
02/19/2020,VRB,FL,ASO,ES,Towers with Radar,0,80,74,6,160,0,243,152,0,395,0,323,226,6,555,719,0,719,1274
02/20/2020,VRB,FL,ASO,ES,Towers with Radar,2,86,88,0,176,0,181,170,0,351,2,267,258,0,527,693,0,693,1220
02/21/2020,VRB,FL,ASO,ES,Towers with Radar,3,19,51,2,75,0,0,0,0,0,3,19,51,2,75,0,0,0,75
02/22/2020,VRB,FL,ASO,ES,Towers with Radar,0,61,43,0,104,0,90,48,0,138,0,151,91,0,242,179,0,179,421
02/23/2020,VRB,FL,ASO,ES,Towers with Radar,3,21,54,0,78,0,3,119,2,124,3,24,173,2,202,138,16,154,356
02/24/2020,VRB,FL,ASO,ES,Towers with Radar,3,70,76,0,149,0,309,197,0,506,3,379,273,0,655,554,0,554,1209
02/25/2020,VRB,FL,ASO,ES,Towers with Radar,0,70,49,0,119,0,217,157,0,374,0,287,206,0,493,309,0,309,802
02/26/2020,VRB,FL,ASO,ES,Towers with Radar,0,55,41,0,96,0,69,57,0,126,0,124,98,0,222,230,0,230,452
02/27/2020,VRB,FL,ASO,ES,Towers with Radar,0,86,69,0,155,0,183,188,2,373,0,269,257,2,528,469,0,469,997
02/28/2020,VRB,FL,ASO,ES,Towers with Radar,3,72,71,0,146,0,210,178,0,388,3,282,249,0,534,479,0,479,1013
02/29/2020,VRB,FL,ASO,ES,Towers with Radar,0,34,48,0,82,0,127,104,0,231,0,161,152,0,313,326,0,326,639
03/01/2020,VRB,FL,ASO,ES,Towers with Radar,1,22,49,0,72,0,31,140,0,171,1,53,189,0,243,105,0,105,348
03/02/2020,VRB,FL,ASO,ES,Towers with Radar,2,78,51,0,131,0,171,126,0,297,2,249,177,0,428,570,0,570,998
03/03/2020,VRB,FL,ASO,ES,Towers with Radar,1,100,59,0,160,0,196,189,0,385,1,296,248,0,545,195,0,195,740
03/04/2020,VRB,FL,ASO,ES,Towers with Radar,0,82,74,0,156,0,162,128,0,290,0,244,202,0,446,154,0,154,600
03/05/2020,VRB,FL,ASO,ES,Towers with Radar,1,78,43,0,122,0,185,155,0,340,1,263,198,0,462,265,0,265,727
03/06/2020,VRB,FL,ASO,ES,Towers with Radar,1,60,79,0,140,0,111,104,0,215,1,171,183,0,355,403,0,403,758
03/07/2020,VRB,FL,ASO,ES,Towers with Radar,0,34,41,0,75,0,37,50,0,87,0,71,91,0,162,39,0,39,201
03/08/2020,VRB,FL,ASO,ES,Towers with Radar,0,39,68,0,107,0,1,49,0,50,0,40,117,0,157,75,0,75,232
03/09/2020,VRB,FL,ASO,ES,Towers with Radar,2,70,65,0,137,0,165,77,0,242,2,235,142,0,379,342,0,342,721
03/10/2020,VRB,FL,ASO,ES,Towers with Radar,1,65,54,0,120,0,242,189,0,431,1,307,243,0,551,682,0,682,1233
03/11/2020,VRB,FL,ASO,ES,Towers with Radar,0,76,84,0,160,0,269,190,0,459,0,345,274,0,619,668,0,668,1287
03/12/2020,VRB,FL,ASO,ES,Towers with Radar,0,59,77,0,136,0,252,176,0,428,0,311,253,0,564,714,0,714,1278
03/13/2020,VRB,FL,ASO,ES,Towers with Radar,0,56,63,0,119,0,230,212,0,442,0,286,275,0,561,600,0,600,1161
03/14/2020,VRB,FL,ASO,ES,Towers with Radar,0,44,55,0,99,0,99,101,0,200,0,143,156,0,299,398,0,398,697
03/15/2020,VRB,FL,ASO,ES,Towers with Radar,0,17,63,0,80,0,6,73,0,79,0,23,136,0,159,136,0,136,295
03/16/2020,VRB,FL,ASO,ES,Towers with Radar,0,25,70,0,95,0,8,139,4,151,0,33,209,4,246,80,0,80,326
03/17/2020,VRB,FL,ASO,ES,Towers with Radar,0,20,55,0,75,0,12,158,0,170,0,32,213,0,245,105,0,105,350
03/18/2020,VRB,FL,ASO,ES,Towers with Radar,0,54,66,0,120,0,122,143,0,265,0,176,209,0,385,536,0,536,921
03/19/2020,VRB,FL,ASO,ES,Towers with Radar,0,33,73,0,106,0,140,154,2,296,0,173,227,2,402,415,0,415,817
03/20/2020,VRB,FL,ASO,ES,Towers with Radar,0,49,65,0,114,0,144,142,0,286,0,193,207,0,400,450,0,450,850
03/21/2020,VRB,FL,ASO,ES,Towers with Radar,0,33,35,0,68,0,89,67,0,156,0,122,102,0,224,295,0,295,519
03/22/2020,VRB,FL,ASO,ES,Towers with Radar,0,10,37,0,47,0,15,86,0,101,0,25,123,0,148,92,0,92,240
03/23/2020,VRB,FL,ASO,ES,Towers with Radar,0,34,28,0,62,0,172,146,0,318,0,206,174,0,380,576,0,576,956
03/24/2020,VRB,FL,ASO,ES,Towers with Radar,0,32,30,0,62,0,167,132,2,301,0,199,162,2,363,415,0,415,778
03/25/2020,VRB,FL,ASO,ES,Towers with Radar,0,44,54,0,98,0,77,124,0,201,0,121,178,0,299,413,0,413,712
03/26/2020,VRB,FL,ASO,ES,Towers with Radar,0,33,29,0,62,0,82,105,0,187,0,115,134,0,249,288,0,288,537
03/27/2020,VRB,FL,ASO,ES,Towers with Radar,0,34,47,0,81,0,140,117,0,257,0,174,164,0,338,496,0,496,834
03/28/2020,VRB,FL,ASO,ES,Towers with Radar,0,20,17,0,37,0,77,83,0,160,0,97,100,0,197,239,0,239,436
03/29/2020,VRB,FL,ASO,ES,Towers with Radar,0,5,38,0,43,0,7,66,0,73,0,12,104,0,116,29,0,29,145
03/30/2020,VRB,FL,ASO,ES,Towers with Radar,0,53,40,0,93,0,152,109,0,261,0,205,149,0,354,333,0,333,687
03/31/2020,VRB,FL,ASO,ES,Towers with Radar,0,23,24,0,47,0,123,117,0,240,0,146,141,0,287,201,0,201,488
04/01/2020,VRB,FL,ASO,ES,Towers with Radar,0,32,33,0,65,0,111,122,0,233,0,143,155,0,298,244,0,244,542
04/02/2020,VRB,FL,ASO,ES,Towers with Radar,0,31,43,0,74,0,93,119,0,212,0,124,162,0,286,229,0,229,515
04/03/2020,VRB,FL,ASO,ES,Towers with Radar,0,23,8,0,31,0,49,103,0,152,0,72,111,0,183,262,0,262,445
04/04/2020,VRB,FL,ASO,ES,Towers with Radar,0,15,16,0,31,0,31,87,0,118,0,46,103,0,149,74,0,74,223
04/05/2020,VRB,FL,ASO,ES,Towers with Radar,0,1,7,0,8,0,1,28,0,29,0,2,35,0,37,62,0,62,99
04/06/2020,VRB,FL,ASO,ES,Towers with Radar,0,25,27,0,52,0,2,20,0,22,0,27,47,0,74,12,0,12,86
04/07/2020,VRB,FL,ASO,ES,Towers with Radar,0,32,22,0,54,0,66,132,0,198,0,98,154,0,252,343,0,343,595
04/08/2020,VRB,FL,ASO,ES,Towers with Radar,0,14,32,0,46,0,104,128,0,232,0,118,160,0,278,274,0,274,552
04/09/2020,VRB,FL,ASO,ES,Towers with Radar,0,28,45,0,73,0,33,52,0,85,0,61,97,0,158,82,0,82,240
04/10/2020,VRB,FL,ASO,ES,Towers with Radar,0,28,24,0,52,0,0,24,0,24,0,28,48,0,76,96,0,96,172
04/11/2020,VRB,FL,ASO,ES,Towers with Radar,0,4,15,0,19,0,0,89,0,89,0,4,104,0,108,77,0,77,185
04/12/2020,VRB,FL,ASO,ES,Towers with Radar,0,4,12,0,16,0,1,11,0,12,0,5,23,0,28,0,0,0,28
04/13/2020,VRB,FL,ASO,ES,Towers with Radar,0,25,12,0,37,0,20,31,0,51,0,45,43,0,88,38,0,38,126
04/14/2020,VRB,FL,ASO,ES,Towers with Radar,0,17,24,0,41,0,86,96,0,182,0,103,120,0,223,260,0,260,483
04/15/2020,VRB,FL,ASO,ES,Towers with Radar,0,33,26,0,59,0,48,85,0,133,0,81,111,0,192,138,0,138,330
04/16/2020,VRB,FL,ASO,ES,Towers with Radar,0,22,15,0,37,0,6,2,0,8,0,28,17,0,45,6,0,6,51
04/17/2020,VRB,FL,ASO,ES,Towers with Radar,0,34,47,0,81,0,12,23,0,35,0,46,70,0,116,29,0,29,145
04/18/2020,VRB,FL,ASO,ES,Towers with Radar,0,3,23,0,26,0,2,29,0,31,0,5,52,0,57,36,0,36,93
04/19/2020,VRB,FL,ASO,ES,Towers with Radar,0,8,32,0,40,0,8,78,0,86,0,16,110,0,126,41,0,41,167
04/20/2020,VRB,FL,ASO,ES,Towers with Radar,0,21,7,0,28,0,28,34,0,62,0,49,41,0,90,97,0,97,187
04/21/2020,VRB,FL,ASO,ES,Towers with Radar,0,38,48,0,86,0,115,193,0,308,0,153,241,0,394,103,0,103,497
04/22/2020,VRB,FL,ASO,ES,Towers with Radar,0,47,48,0,95,0,87,159,0,246,0,134,207,0,341,105,0,105,446
04/23/2020,VRB,FL,ASO,ES,Towers with Radar,0,21,18,0,39,0,44,100,0,144,0,65,118,0,183,58,0,58,241
04/24/2020,VRB,FL,ASO,ES,Towers with Radar,0,5,13,0,18,0,0,29,0,29,0,5,42,0,47,27,0,27,74
04/25/2020,VRB,FL,ASO,ES,Towers with Radar,0,6,41,0,47,0,0,33,0,33,0,6,74,0,80,39,0,39,119
04/26/2020,VRB,FL,ASO,ES,Towers with Radar,0,7,7,0,14,0,0,12,0,12,0,7,19,0,26,3,0,3,29
04/27/2020,VRB,FL,ASO,ES,Towers with Radar,0,24,46,0,70,0,97,171,0,268,0,121,217,0,338,99,0,99,437
04/28/2020,VRB,FL,ASO,ES,Towers with Radar,0,35,39,0,74,0,94,129,0,223,0,129,168,0,297,168,0,168,465
04/29/2020,VRB,FL,ASO,ES,Towers with Radar,0,43,57,0,100,0,75,111,0,186,0,118,168,0,286,153,0,153,439
04/30/2020,VRB,FL,ASO,ES,Towers with Radar,0,24,26,0,50,0,33,54,0,87,0,57,80,0,137,70,0,70,207
05/01/2020,VRB,FL,ASO,ES,Towers with Radar,0,50,37,0,87,0,114,166,0,280,0,164,203,0,367,136,0,136,503
05/02/2020,VRB,FL,ASO,ES,Towers with Radar,0,15,37,0,52,0,3,113,0,116,0,18,150,0,168,74,0,74,242
05/03/2020,VRB,FL,ASO,ES,Towers with Radar,0,9,28,0,37,0,0,103,0,103,0,9,131,0,140,32,0,32,172
05/04/2020,VRB,FL,ASO,ES,Towers with Radar,0,31,38,0,69,0,74,171,0,245,0,105,209,0,314,227,0,227,541
05/05/2020,VRB,FL,ASO,ES,Towers with Radar,0,27,36,0,63,0,62,159,0,221,0,89,195,0,284,149,0,149,433
05/06/2020,VRB,FL,ASO,ES,Towers with Radar,0,44,38,0,82,0,66,164,0,230,0,110,202,0,312,223,0,223,535
05/07/2020,VRB,FL,ASO,ES,Towers with Radar,0,36,54,0,90,0,51,115,0,166,0,87,169,0,256,58,0,58,314
05/08/2020,VRB,FL,ASO,ES,Towers with Radar,2,30,53,0,85,0,86,145,0,231,2,116,198,0,316,137,0,137,453
05/09/2020,VRB,FL,ASO,ES,Towers with Radar,1,9,39,0,49,0,1,90,0,91,1,10,129,0,140,28,0,28,168
05/10/2020,VRB,FL,ASO,ES,Towers with Radar,0,7,17,4,28,0,0,6,0,6,0,7,23,4,34,0,0,0,34
05/11/2020,VRB,FL,ASO,ES,Towers with Radar,0,49,36,0,85,0,37,117,0,154,0,86,153,0,239,82,0,82,321
05/12/2020,VRB,FL,ASO,ES,Towers with Radar,0,37,41,0,78,0,81,172,0,253,0,118,213,0,331,130,0,130,461
05/13/2020,VRB,FL,ASO,ES,Towers with Radar,0,33,29,1,63,0,47,112,0,159,0,80,141,1,222,91,0,91,313
05/14/2020,VRB,FL,ASO,ES,Towers with Radar,0,41,47,0,88,0,28,66,0,94,0,69,113,0,182,52,0,52,234
05/15/2020,VRB,FL,ASO,ES,Towers with Radar,0,25,39,0,64,0,15,30,0,45,0,40,69,0,109,2,0,2,111
05/16/2020,VRB,FL,ASO,ES,Towers with Radar,0,12,35,0,47,0,3,31,0,34,0,15,66,0,81,30,0,30,111
05/17/2020,VRB,FL,ASO,ES,Towers with Radar,0,15,48,0,63,0,4,41,0,45,0,19,89,0,108,22,0,22,130
05/18/2020,VRB,FL,ASO,ES,Towers with Radar,0,31,37,0,68,0,43,64,0,107,0,74,101,0,175,82,0,82,257
05/19/2020,VRB,FL,ASO,ES,Towers with Radar,0,30,52,0,82,0,46,113,0,159,0,76,165,0,241,84,0,84,325
05/20/2020,VRB,FL,ASO,ES,Towers with Radar,0,60,57,0,117,0,109,171,0,280,0,169,228,0,397,141,0,141,538
05/21/2020,VRB,FL,ASO,ES,Towers with Radar,0,31,54,0,85,0,61,117,0,178,0,92,171,0,263,118,0,118,381
05/22/2020,VRB,FL,ASO,ES,Towers with Radar,0,46,66,0,112,0,78,159,0,237,0,124,225,0,349,181,0,181,530
05/23/2020,VRB,FL,ASO,ES,Towers with Radar,0,21,37,0,58,0,2,66,0,68,0,23,103,0,126,44,0,44,170
05/24/2020,VRB,FL,ASO,ES,Towers with Radar,0,6,37,0,43,0,0,17,0,17,0,6,54,0,60,15,0,15,75
05/25/2020,VRB,FL,ASO,ES,Towers with Radar,0,9,7,0,16,0,0,1,0,1,0,9,8,0,17,0,0,0,17
05/26/2020,VRB,FL,ASO,ES,Towers with Radar,0,24,58,0,82,0,6,35,0,41,0,30,93,0,123,58,0,58,181
05/27/2020,VRB,FL,ASO,ES,Towers with Radar,0,39,39,0,78,0,44,107,0,151,0,83,146,0,229,70,0,70,299
05/28/2020,VRB,FL,ASO,ES,Towers with Radar,0,55,73,0,128,0,52,84,0,136,0,107,157,0,264,114,0,114,378
05/29/2020,VRB,FL,ASO,ES,Towers with Radar,1,43,71,8,123,0,94,113,0,207,1,137,184,8,330,113,0,113,443
05/30/2020,VRB,FL,ASO,ES,Towers with Radar,0,20,55,0,75,0,8,80,0,88,0,28,135,0,163,52,0,52,215
05/31/2020,VRB,FL,ASO,ES,Towers with Radar,0,20,34,4,58,0,4,92,0,96,0,24,126,4,154,60,0,60,214
06/01/2020,VRB,FL,ASO,ES,Towers with Radar,0,69,63,0,132,0,79,122,0,201,0,148,185,0,333,136,0,136,469
06/02/2020,VRB,FL,ASO,ES,Towers with Radar,0,44,68,0,112,0,8,33,0,41,0,52,101,0,153,77,0,77,230
06/03/2020,VRB,FL,ASO,ES,Towers with Radar,0,15,34,0,49,0,0,15,0,15,0,15,49,0,64,43,0,43,107
06/04/2020,VRB,FL,ASO,ES,Towers with Radar,0,18,42,0,60,0,8,38,0,46,0,26,80,0,106,107,0,107,213
06/05/2020,VRB,FL,ASO,ES,Towers with Radar,0,51,55,0,106,0,54,109,0,163,0,105,164,0,269,151,0,151,420
06/06/2020,VRB,FL,ASO,ES,Towers with Radar,0,15,51,0,66,0,1,28,0,29,0,16,79,0,95,35,0,35,130
06/07/2020,VRB,FL,ASO,ES,Towers with Radar,0,7,42,0,49,0,0,35,0,35,0,7,77,0,84,23,0,23,107
06/08/2020,VRB,FL,ASO,ES,Towers with Radar,0,62,46,0,108,0,62,98,0,160,0,124,144,0,268,163,0,163,431
06/09/2020,VRB,FL,ASO,ES,Towers with Radar,0,60,79,8,147,0,52,108,0,160,0,112,187,8,307,213,0,213,520
06/10/2020,VRB,FL,ASO,ES,Towers with Radar,0,43,45,0,88,0,90,130,0,220,0,133,175,0,308,317,0,317,625
06/11/2020,VRB,FL,ASO,ES,Towers with Radar,0,47,57,0,104,0,95,145,0,240,0,142,202,0,344,248,0,248,592
06/12/2020,VRB,FL,ASO,ES,Towers with Radar,1,47,69,0,117,0,94,161,0,255,1,141,230,0,372,210,0,210,582
06/13/2020,VRB,FL,ASO,ES,Towers with Radar,0,15,35,8,58,0,3,82,2,87,0,18,117,10,145,55,0,55,200
06/14/2020,VRB,FL,ASO,ES,Towers with Radar,0,14,26,0,40,0,8,54,0,62,0,22,80,0,102,2,0,2,104
06/15/2020,VRB,FL,ASO,ES,Towers with Radar,0,64,74,0,138,0,91,107,0,198,0,155,181,0,336,119,0,119,455
06/16/2020,VRB,FL,ASO,ES,Towers with Radar,0,59,74,0,133,0,109,142,0,251,0,168,216,0,384,176,0,176,560
06/17/2020,VRB,FL,ASO,ES,Towers with Radar,0,58,51,0,109,0,75,155,0,230,0,133,206,0,339,260,0,260,599
06/18/2020,VRB,FL,ASO,ES,Towers with Radar,0,27,40,0,67,0,28,48,0,76,0,55,88,0,143,110,0,110,253
06/19/2020,VRB,FL,ASO,ES,Towers with Radar,0,27,38,0,65,0,37,57,2,96,0,64,95,2,161,109,2,111,272
06/20/2020,VRB,FL,ASO,ES,Towers with Radar,0,24,47,0,71,0,0,59,0,59,0,24,106,0,130,39,0,39,169
06/21/2020,VRB,FL,ASO,ES,Towers with Radar,0,15,26,0,41,0,3,58,0,61,0,18,84,0,102,38,0,38,140
06/22/2020,VRB,FL,ASO,ES,Towers with Radar,1,30,46,0,77,0,102,127,0,229,1,132,173,0,306,158,0,158,464
06/23/2020,VRB,FL,ASO,ES,Towers with Radar,0,28,57,0,85,0,53,122,0,175,0,81,179,0,260,237,0,237,497
06/24/2020,VRB,FL,ASO,ES,Towers with Radar,0,34,50,0,84,0,107,152,0,259,0,141,202,0,343,323,0,323,666
06/25/2020,VRB,FL,ASO,ES,Towers with Radar,0,37,50,0,87,0,88,142,0,230,0,125,192,0,317,242,0,242,559
06/26/2020,VRB,FL,ASO,ES,Towers with Radar,0,34,57,0,91,0,82,117,0,199,0,116,174,0,290,254,0,254,544
06/27/2020,VRB,FL,ASO,ES,Towers with Radar,0,14,49,0,63,0,4,103,0,107,0,18,152,0,170,48,0,48,218
06/28/2020,VRB,FL,ASO,ES,Towers with Radar,0,12,35,0,47,0,2,62,0,64,0,14,97,0,111,130,0,130,241
06/29/2020,VRB,FL,ASO,ES,Towers with Radar,0,45,43,0,88,0,75,83,0,158,0,120,126,0,246,171,0,171,417
06/30/2020,VRB,FL,ASO,ES,Towers with Radar,0,31,44,0,75,0,68,105,0,173,0,99,149,0,248,159,0,159,407
07/01/2020,VRB,FL,ASO,ES,Towers with Radar,0,31,23,0,54,0,59,100,0,159,0,90,123,0,213,155,0,155,368
07/02/2020,VRB,FL,ASO,ES,Towers with Radar,0,23,33,0,56,0,63,121,0,184,0,86,154,0,240,163,0,163,403
07/03/2020,VRB,FL,ASO,ES,Towers with Radar,0,12,18,0,30,0,6,48,0,54,0,18,66,0,84,36,0,36,120
07/04/2020,VRB,FL,ASO,ES,Towers with Radar,0,4,8,0,12,0,0,18,0,18,0,4,26,0,30,0,0,0,30
07/05/2020,VRB,FL,ASO,ES,Towers with Radar,0,9,21,0,30,0,0,56,0,56,0,9,77,0,86,22,0,22,108
07/06/2020,VRB,FL,ASO,ES,Towers with Radar,1,29,29,0,59,0,71,104,0,175,1,100,133,0,234,200,0,200,434
07/07/2020,VRB,FL,ASO,ES,Towers with Radar,0,14,37,0,51,0,60,102,0,162,0,74,139,0,213,119,0,119,332
07/08/2020,VRB,FL,ASO,ES,Towers with Radar,0,19,26,0,45,0,51,93,0,144,0,70,119,0,189,177,0,177,366
07/09/2020,VRB,FL,ASO,ES,Towers with Radar,0,35,52,0,87,0,67,122,0,189,0,102,174,0,276,223,0,223,499
07/10/2020,VRB,FL,ASO,ES,Towers with Radar,0,20,43,0,63,0,31,79,0,110,0,51,122,0,173,159,0,159,332
07/11/2020,VRB,FL,ASO,ES,Towers with Radar,0,9,14,0,23,0,0,31,0,31,0,9,45,0,54,6,0,6,60
07/12/2020,VRB,FL,ASO,ES,Towers with Radar,0,9,29,0,38,0,4,41,0,45,0,13,70,0,83,48,0,48,131
07/13/2020,VRB,FL,ASO,ES,Towers with Radar,1,43,44,0,88,0,56,86,0,142,1,99,130,0,230,119,30,149,379
07/14/2020,VRB,FL,ASO,ES,Towers with Radar,0,30,37,0,67,0,76,103,0,179,0,106,140,0,246,200,0,200,446
07/15/2020,VRB,FL,ASO,ES,Towers with Radar,0,28,38,0,66,0,89,122,0,211,0,117,160,0,277,216,0,216,493
07/16/2020,VRB,FL,ASO,ES,Towers with Radar,1,30,31,0,62,0,89,97,0,186,1,119,128,0,248,225,0,225,473
07/17/2020,VRB,FL,ASO,ES,Towers with Radar,0,16,28,0,44,0,55,94,0,149,0,71,122,0,193,229,0,229,422
07/18/2020,VRB,FL,ASO,ES,Towers with Radar,0,7,29,0,36,0,2,33,0,35,0,9,62,0,71,14,0,14,85
07/19/2020,VRB,FL,ASO,ES,Towers with Radar,0,6,26,0,32,0,0,26,0,26,0,6,52,0,58,88,0,88,146
07/20/2020,VRB,FL,ASO,ES,Towers with Radar,0,31,38,0,69,0,51,103,0,154,0,82,141,0,223,155,0,155,378
07/21/2020,VRB,FL,ASO,ES,Towers with Radar,0,22,22,2,46,0,33,74,0,107,0,55,96,2,153,275,0,275,428
07/22/2020,VRB,FL,ASO,ES,Towers with Radar,0,45,26,0,71,0,38,32,0,70,0,83,58,0,141,159,0,159,300
07/23/2020,VRB,FL,ASO,ES,Towers with Radar,0,28,29,0,57,0,51,82,0,133,0,79,111,0,190,237,0,237,427
07/24/2020,VRB,FL,ASO,ES,Towers with Radar,1,28,41,0,70,0,73,101,0,174,1,101,142,0,244,226,0,226,470
07/25/2020,VRB,FL,ASO,ES,Towers with Radar,0,4,14,0,18,0,4,55,0,59,0,8,69,0,77,18,0,18,95
07/26/2020,VRB,FL,ASO,ES,Towers with Radar,0,10,26,0,36,0,4,66,0,70,0,14,92,0,106,60,0,60,166
07/27/2020,VRB,FL,ASO,ES,Towers with Radar,0,28,29,0,57,0,71,91,0,162,0,99,120,0,219,293,0,293,512
07/28/2020,VRB,FL,ASO,ES,Towers with Radar,0,25,31,0,56,0,73,107,0,180,0,98,138,0,236,237,0,237,473
07/29/2020,VRB,FL,ASO,ES,Towers with Radar,0,17,37,0,54,0,71,92,0,163,0,88,129,0,217,223,0,223,440
07/30/2020,VRB,FL,ASO,ES,Towers with Radar,0,29,45,0,74,0,55,100,0,155,0,84,145,0,229,263,0,263,492
07/31/2020,VRB,FL,ASO,ES,Towers with Radar,0,15,50,0,65,0,30,144,0,174,0,45,194,0,239,33,0,33,272
08/01/2020,VRB,FL,ASO,ES,Towers with Radar,0,4,9,0,13,0,1,9,0,10,0,5,18,0,23,1,0,1,24
08/02/2020,VRB,FL,ASO,ES,Towers with Radar,0,0,0,0,0,0,0,0,0,0,0,0,0,0,0,0,0,0,0
08/03/2020,VRB,FL,ASO,ES,Towers with Radar,0,10,23,0,33,0,3,34,0,37,0,13,57,0,70,30,0,30,100
08/04/2020,VRB,FL,ASO,ES,Towers with Radar,0,19,21,0,40,0,27,47,0,74,0,46,68,0,114,28,0,28,142
08/05/2020,VRB,FL,ASO,ES,Towers with Radar,0,31,31,0,62,0,46,71,0,117,0,77,102,0,179,59,0,59,238
08/06/2020,VRB,FL,ASO,ES,Towers with Radar,1,25,29,0,55,0,67,84,0,151,1,92,113,0,206,234,0,234,440
08/07/2020,VRB,FL,ASO,ES,Towers with Radar,0,29,48,0,77,0,74,101,0,175,0,103,149,0,252,284,0,284,536
08/08/2020,VRB,FL,ASO,ES,Towers with Radar,0,10,43,0,53,0,0,91,0,91,0,10,134,0,144,41,0,41,185
08/09/2020,VRB,FL,ASO,ES,Towers with Radar,0,9,15,0,24,0,5,58,0,63,0,14,73,0,87,13,0,13,100
08/10/2020,VRB,FL,ASO,ES,Towers with Radar,0,24,29,0,53,0,73,78,0,151,0,97,107,0,204,171,0,171,375
08/11/2020,VRB,FL,ASO,ES,Towers with Radar,0,33,54,0,87,0,65,123,0,188,0,98,177,0,275,285,0,285,560
08/12/2020,VRB,FL,ASO,ES,Towers with Radar,0,27,27,0,54,0,62,99,0,161,0,89,126,0,215,292,0,292,507
08/13/2020,VRB,FL,ASO,ES,Towers with Radar,0,22,31,0,53,0,64,112,0,176,0,86,143,0,229,203,0,203,432
08/14/2020,VRB,FL,ASO,ES,Towers with Radar,0,20,46,0,66,0,55,113,0,168,0,75,159,0,234,311,0,311,545
08/15/2020,VRB,FL,ASO,ES,Towers with Radar,0,6,26,0,32,0,2,81,0,83,0,8,107,0,115,36,0,36,151
08/16/2020,VRB,FL,ASO,ES,Towers with Radar,0,5,27,0,32,0,2,52,0,54,0,7,79,0,86,35,0,35,121
08/17/2020,VRB,FL,ASO,ES,Towers with Radar,0,35,21,0,56,0,73,97,0,170,0,108,118,0,226,142,0,142,368
08/18/2020,VRB,FL,ASO,ES,Towers with Radar,0,31,31,0,62,0,56,136,0,192,0,87,167,0,254,239,0,239,493
08/19/2020,VRB,FL,ASO,ES,Towers with Radar,0,20,30,0,50,0,46,98,0,144,0,66,128,0,194,147,0,147,341
08/20/2020,VRB,FL,ASO,ES,Towers with Radar,1,26,29,0,56,0,48,99,2,149,1,74,128,2,205,179,0,179,384
08/21/2020,VRB,FL,ASO,ES,Towers with Radar,1,33,39,0,73,0,34,106,0,140,1,67,145,0,213,234,0,234,447
08/22/2020,VRB,FL,ASO,ES,Towers with Radar,0,10,35,0,45,0,3,91,0,94,0,13,126,0,139,48,0,48,187
08/23/2020,VRB,FL,ASO,ES,Towers with Radar,0,3,24,0,27,0,0,76,0,76,0,3,100,0,103,0,0,0,103
08/24/2020,VRB,FL,ASO,ES,Towers with Radar,0,21,26,0,47,0,36,63,0,99,0,57,89,0,146,145,0,145,291
08/25/2020,VRB,FL,ASO,ES,Towers with Radar,0,20,40,0,60,0,67,104,0,171,0,87,144,0,231,283,0,283,514
08/26/2020,VRB,FL,ASO,ES,Towers with Radar,0,27,53,0,80,0,57,110,0,167,0,84,163,0,247,262,0,262,509
08/27/2020,VRB,FL,ASO,ES,Towers with Radar,0,27,25,0,52,0,44,96,0,140,0,71,121,0,192,136,0,136,328
08/28/2020,VRB,FL,ASO,ES,Towers with Radar,1,23,31,0,55,0,86,135,0,221,1,109,166,0,276,245,0,245,521
08/29/2020,VRB,FL,ASO,ES,Towers with Radar,0,4,21,0,25,0,0,77,0,77,0,4,98,0,102,57,0,57,159
08/30/2020,VRB,FL,ASO,ES,Towers with Radar,0,8,14,2,24,0,1,51,0,52,0,9,65,2,76,9,0,9,85
08/31/2020,VRB,FL,ASO,ES,Towers with Radar,0,20,19,0,39,0,50,74,0,124,0,70,93,0,163,134,0,134,297
09/01/2020,VRB,FL,ASO,ES,Towers with Radar,0,22,36,0,58,0,77,129,0,206,0,99,165,0,264,261,0,261,525
09/02/2020,VRB,FL,ASO,ES,Towers with Radar,0,23,34,0,57,0,85,143,0,228,0,108,177,0,285,246,0,246,531
09/03/2020,VRB,FL,ASO,ES,Towers with Radar,1,21,45,0,67,0,96,145,0,241,1,117,190,0,308,259,0,259,567
09/04/2020,VRB,FL,ASO,ES,Towers with Radar,1,26,36,0,63,0,81,149,0,230,1,107,185,0,293,211,0,211,504
09/05/2020,VRB,FL,ASO,ES,Towers with Radar,0,2,20,0,22,0,5,134,0,139,0,7,154,0,161,71,0,71,232
09/06/2020,VRB,FL,ASO,ES,Towers with Radar,0,1,18,0,19,0,0,38,0,38,0,1,56,0,57,21,0,21,78
09/07/2020,VRB,FL,ASO,ES,Towers with Radar,0,13,23,0,36,0,1,36,0,37,0,14,59,0,73,30,0,30,103
09/08/2020,VRB,FL,ASO,ES,Towers with Radar,0,27,31,0,58,0,45,97,0,142,0,72,128,0,200,147,0,147,347
09/09/2020,VRB,FL,ASO,ES,Towers with Radar,0,33,35,0,68,0,55,99,0,154,0,88,134,0,222,189,0,189,411
09/10/2020,VRB,FL,ASO,ES,Towers with Radar,1,37,59,0,97,0,57,136,0,193,1,94,195,0,290,221,0,221,511
09/11/2020,VRB,FL,ASO,ES,Towers with Radar,1,20,36,0,57,0,36,86,0,122,1,56,122,0,179,154,0,154,333
09/12/2020,VRB,FL,ASO,ES,Towers with Radar,1,2,7,0,10,0,1,13,0,14,1,3,20,0,24,13,0,13,37
09/13/2020,VRB,FL,ASO,ES,Towers with Radar,0,8,19,0,27,0,2,32,0,34,0,10,51,0,61,13,0,13,74
09/14/2020,VRB,FL,ASO,ES,Towers with Radar,0,26,35,0,61,0,90,102,0,192,0,116,137,0,253,295,0,295,548
09/15/2020,VRB,FL,ASO,ES,Towers with Radar,0,30,41,0,71,0,78,167,2,247,0,108,208,2,318,215,0,215,533
09/16/2020,VRB,FL,ASO,ES,Towers with Radar,0,24,42,0,66,0,60,102,0,162,0,84,144,0,228,157,0,157,385
09/17/2020,VRB,FL,ASO,ES,Towers with Radar,0,42,51,0,93,0,66,142,0,208,0,108,193,0,301,225,0,225,526
09/18/2020,VRB,FL,ASO,ES,Towers with Radar,0,26,53,0,79,0,27,85,0,112,0,53,138,0,191,79,0,79,270
09/19/2020,VRB,FL,ASO,ES,Towers with Radar,0,6,31,0,37,0,2,91,0,93,0,8,122,0,130,96,0,96,226
09/20/2020,VRB,FL,ASO,ES,Towers with Radar,0,11,27,0,38,0,3,29,0,32,0,14,56,0,70,15,0,15,85
09/21/2020,VRB,FL,ASO,ES,Towers with Radar,0,13,28,0,41,0,4,22,0,26,0,17,50,0,67,20,0,20,87
09/22/2020,VRB,FL,ASO,ES,Towers with Radar,0,32,42,0,74,0,74,94,0,168,0,106,136,0,242,143,0,143,385
09/23/2020,VRB,FL,ASO,ES,Towers with Radar,0,26,47,0,73,0,90,150,0,240,0,116,197,0,313,349,0,349,662
09/24/2020,VRB,FL,ASO,ES,Towers with Radar,0,21,34,0,55,0,60,103,0,163,0,81,137,0,218,256,0,256,474
09/25/2020,VRB,FL,ASO,ES,Towers with Radar,0,18,42,0,60,0,54,87,0,141,0,72,129,0,201,195,0,195,396
09/26/2020,VRB,FL,ASO,ES,Towers with Radar,0,5,39,0,44,0,3,64,0,67,0,8,103,0,111,53,0,53,164
09/27/2020,VRB,FL,ASO,ES,Towers with Radar,0,6,22,0,28,0,5,77,0,82,0,11,99,0,110,16,0,16,126
09/28/2020,VRB,FL,ASO,ES,Towers with Radar,0,23,31,0,54,0,50,79,0,129,0,73,110,0,183,186,0,186,369
09/29/2020,VRB,FL,ASO,ES,Towers with Radar,0,28,27,0,55,0,53,125,0,178,0,81,152,0,233,164,0,164,397
09/30/2020,VRB,FL,ASO,ES,Towers with Radar,0,20,53,0,73,0,15,42,0,57,0,35,95,0,130,78,0,78,208
10/01/2020,VRB,FL,ASO,ES,Towers with Radar,0,25,35,0,60,0,11,37,0,48,0,36,72,0,108,94,0,94,202
10/02/2020,VRB,FL,ASO,ES,Towers with Radar,2,31,58,0,91,0,99,143,0,242,2,130,201,0,333,228,0,228,561
10/03/2020,VRB,FL,ASO,ES,Towers with Radar,1,4,21,0,26,0,0,26,0,26,1,4,47,0,52,65,0,65,117
10/04/2020,VRB,FL,ASO,ES,Towers with Radar,0,9,41,0,50,0,1,34,0,35,0,10,75,0,85,0,0,0,85
10/05/2020,VRB,FL,ASO,ES,Towers with Radar,0,19,42,0,61,0,46,80,0,126,0,65,122,0,187,215,0,215,402
10/06/2020,VRB,FL,ASO,ES,Towers with Radar,0,18,59,0,77,0,55,120,0,175,0,73,179,0,252,284,0,284,536
10/07/2020,VRB,FL,ASO,ES,Towers with Radar,0,48,47,0,95,0,59,143,0,202,0,107,190,0,297,338,0,338,635
10/08/2020,VRB,FL,ASO,ES,Towers with Radar,2,35,45,0,82,0,58,142,0,200,2,93,187,0,282,297,0,297,579
10/09/2020,VRB,FL,ASO,ES,Towers with Radar,2,27,36,0,65,0,33,120,0,153,2,60,156,0,218,194,0,194,412
10/10/2020,VRB,FL,ASO,ES,Towers with Radar,0,9,40,0,49,0,3,55,0,58,0,12,95,0,107,102,0,102,209
10/11/2020,VRB,FL,ASO,ES,Towers with Radar,0,9,31,0,40,0,0,68,0,68,0,9,99,0,108,13,0,13,121
10/12/2020,VRB,FL,ASO,ES,Towers with Radar,0,24,45,0,69,0,34,79,0,113,0,58,124,0,182,92,0,92,274
10/13/2020,VRB,FL,ASO,ES,Towers with Radar,0,35,58,0,93,0,83,163,0,246,0,118,221,0,339,292,0,292,631
10/14/2020,VRB,FL,ASO,ES,Towers with Radar,0,32,71,0,103,0,102,189,0,291,0,134,260,0,394,188,0,188,582
10/15/2020,VRB,FL,ASO,ES,Towers with Radar,2,37,65,0,104,0,83,147,0,230,2,120,212,0,334,225,0,225,559
10/16/2020,VRB,FL,ASO,ES,Towers with Radar,3,29,49,0,81,0,33,121,0,154,3,62,170,0,235,129,0,129,364
10/17/2020,VRB,FL,ASO,ES,Towers with Radar,0,16,42,0,58,0,3,66,0,69,0,19,108,0,127,90,0,90,217
10/18/2020,VRB,FL,ASO,ES,Towers with Radar,0,22,43,0,65,0,0,29,0,29,0,22,72,0,94,8,0,8,102
10/19/2020,VRB,FL,ASO,ES,Towers with Radar,1,46,45,2,94,0,8,27,1,36,1,54,72,3,130,33,0,33,163
10/20/2020,VRB,FL,ASO,ES,Towers with Radar,0,32,50,0,82,0,42,57,0,99,0,74,107,0,181,65,0,65,246
10/21/2020,VRB,FL,ASO,ES,Towers with Radar,0,35,57,0,92,0,19,55,0,74,0,54,112,0,166,91,0,91,257
10/22/2020,VRB,FL,ASO,ES,Towers with Radar,3,26,86,0,115,0,85,93,0,178,3,111,179,0,293,307,0,307,600
10/23/2020,VRB,FL,ASO,ES,Towers with Radar,0,33,76,0,109,0,56,125,0,181,0,89,201,0,290,298,0,298,588
10/24/2020,VRB,FL,ASO,ES,Towers with Radar,0,9,47,0,56,0,1,86,0,87,0,10,133,0,143,96,0,96,239
10/25/2020,VRB,FL,ASO,ES,Towers with Radar,0,17,40,0,57,0,3,40,2,45,0,20,80,2,102,55,0,55,157
10/26/2020,VRB,FL,ASO,ES,Towers with Radar,0,32,71,0,103,0,71,133,0,204,0,103,204,0,307,373,0,373,680
10/27/2020,VRB,FL,ASO,ES,Towers with Radar,0,39,67,0,106,0,50,147,0,197,0,89,214,0,303,304,0,304,607
10/28/2020,VRB,FL,ASO,ES,Towers with Radar,0,62,84,0,146,0,80,141,0,221,0,142,225,0,367,291,0,291,658
10/29/2020,VRB,FL,ASO,ES,Towers with Radar,2,37,71,0,110,0,58,120,0,178,2,95,191,0,288,186,0,186,474
10/30/2020,VRB,FL,ASO,ES,Towers with Radar,2,39,56,0,97,0,32,121,0,153,2,71,177,0,250,106,0,106,356
10/31/2020,VRB,FL,ASO,ES,Towers with Radar,0,17,42,0,59,0,3,79,0,82,0,20,121,0,141,83,0,83,224
11/01/2020,VRB,FL,ASO,ES,Towers with Radar,0,38,43,0,81,0,4,42,0,46,0,42,85,0,127,0,0,0,127
11/02/2020,VRB,FL,ASO,ES,Towers with Radar,4,32,31,0,67,0,26,36,0,62,4,58,67,0,129,43,0,43,172
11/03/2020,VRB,FL,ASO,ES,Towers with Radar,0,21,40,1,62,0,5,130,1,136,0,26,170,2,198,93,9,102,300
11/04/2020,VRB,FL,ASO,ES,Towers with Radar,0,36,56,0,92,0,66,104,0,170,0,102,160,0,262,212,0,212,474
11/05/2020,VRB,FL,ASO,ES,Towers with Radar,2,38,47,0,87,0,65,91,0,156,2,103,138,0,243,163,0,163,406
11/06/2020,VRB,FL,ASO,ES,Towers with Radar,2,36,53,0,91,0,51,114,2,167,2,87,167,2,258,194,0,194,452
11/07/2020,VRB,FL,ASO,ES,Towers with Radar,0,11,39,0,50,0,0,34,0,34,0,11,73,0,84,0,0,0,84
11/08/2020,VRB,FL,ASO,ES,Towers with Radar,0,16,19,0,35,0,0,1,0,1,0,16,20,0,36,0,0,0,36
11/09/2020,VRB,FL,ASO,ES,Towers with Radar,2,3,11,0,16,0,0,8,0,8,2,3,19,0,24,2,0,2,26
11/10/2020,VRB,FL,ASO,ES,Towers with Radar,0,32,40,0,72,0,17,41,0,58,0,49,81,0,130,42,0,42,172
11/11/2020,VRB,FL,ASO,ES,Towers with Radar,0,21,32,0,53,0,20,43,1,64,0,41,75,1,117,47,0,47,164
11/12/2020,VRB,FL,ASO,ES,Towers with Radar,2,22,48,2,74,0,29,41,0,70,2,51,89,2,144,101,0,101,245
11/13/2020,VRB,FL,ASO,ES,Towers with Radar,1,50,82,0,133,0,48,72,0,120,1,98,154,0,253,174,0,174,427
11/14/2020,VRB,FL,ASO,ES,Towers with Radar,0,11,57,0,68,0,0,119,0,119,0,11,176,0,187,110,0,110,297
11/15/2020,VRB,FL,ASO,ES,Towers with Radar,5,20,45,0,70,0,0,18,0,18,5,20,63,0,88,1,0,1,89
11/16/2020,VRB,FL,ASO,ES,Towers with Radar,1,47,64,4,116,0,71,125,0,196,1,118,189,4,312,225,0,225,537
11/17/2020,VRB,FL,ASO,ES,Towers with Radar,0,28,42,0,70,0,89,138,0,227,0,117,180,0,297,185,0,185,482
11/18/2020,VRB,FL,ASO,ES,Towers with Radar,0,38,50,0,88,0,43,130,0,173,0,81,180,0,261,120,0,120,381
11/19/2020,VRB,FL,ASO,ES,Towers with Radar,2,35,57,0,94,0,32,54,0,86,2,67,111,0,180,62,0,62,242
11/20/2020,VRB,FL,ASO,ES,Towers with Radar,1,5,9,0,15,0,14,12,0,26,1,19,21,0,41,4,0,4,45
11/21/2020,VRB,FL,ASO,ES,Towers with Radar,0,22,76,0,98,0,2,40,0,42,0,24,116,0,140,12,0,12,152
11/22/2020,VRB,FL,ASO,ES,Towers with Radar,0,25,56,0,81,0,0,23,0,23,0,25,79,0,104,0,0,0,104
11/23/2020,VRB,FL,ASO,ES,Towers with Radar,1,42,81,0,124,0,21,77,0,98,1,63,158,0,222,107,0,107,329
11/24/2020,VRB,FL,ASO,ES,Towers with Radar,2,35,82,0,119,0,72,172,0,244,2,107,254,0,363,332,0,332,695
11/25/2020,VRB,FL,ASO,ES,Towers with Radar,1,26,76,1,104,0,34,161,0,195,1,60,237,1,299,322,0,322,621
11/26/2020,VRB,FL,ASO,ES,Towers with Radar,0,12,10,0,22,0,3,28,0,31,0,15,38,0,53,16,0,16,69
11/27/2020,VRB,FL,ASO,ES,Towers with Radar,2,21,41,0,64,0,11,110,0,121,2,32,151,0,185,266,0,266,451
11/28/2020,VRB,FL,ASO,ES,Towers with Radar,0,24,56,0,80,0,16,107,0,123,0,40,163,0,203,72,0,72,275
11/29/2020,VRB,FL,ASO,ES,Towers with Radar,0,40,62,0,102,0,11,67,0,78,0,51,129,0,180,13,0,13,193
11/30/2020,VRB,FL,ASO,ES,Towers with Radar,1,34,43,0,78,0,21,68,0,89,1,55,111,0,167,105,0,105,272
12/01/2020,VRB,FL,ASO,ES,Towers with Radar,0,39,72,0,111,0,89,155,0,244,0,128,227,0,355,337,0,337,692
12/02/2020,VRB,FL,ASO,ES,Towers with Radar,0,38,62,0,100,0,71,166,0,237,0,109,228,0,337,325,0,325,662
12/03/2020,VRB,FL,ASO,ES,Towers with Radar,1,26,40,0,67,0,101,168,0,269,1,127,208,0,336,435,0,435,771
12/04/2020,VRB,FL,ASO,ES,Towers with Radar,2,31,64,0,97,0,71,140,1,212,2,102,204,1,309,327,0,327,636
12/05/2020,VRB,FL,ASO,ES,Towers with Radar,1,15,40,0,56,0,9,107,0,116,1,24,147,0,172,82,0,82,254
12/06/2020,VRB,FL,ASO,ES,Towers with Radar,0,33,40,0,73,0,2,110,0,112,0,35,150,0,185,37,0,37,222
12/07/2020,VRB,FL,ASO,ES,Towers with Radar,2,28,48,0,78,0,3,39,0,42,2,31,87,0,120,33,0,33,153
12/08/2020,VRB,FL,ASO,ES,Towers with Radar,0,29,38,0,67,0,115,195,0,310,0,144,233,0,377,346,0,346,723
12/09/2020,VRB,FL,ASO,ES,Towers with Radar,0,35,69,1,105,0,93,157,0,250,0,128,226,1,355,255,0,255,610
12/10/2020,VRB,FL,ASO,ES,Towers with Radar,2,32,57,0,91,0,81,188,0,269,2,113,245,0,360,255,0,255,615
12/11/2020,VRB,FL,ASO,ES,Towers with Radar,2,50,68,0,120,0,65,172,0,237,2,115,240,0,357,241,0,241,598
12/12/2020,VRB,FL,ASO,ES,Towers with Radar,0,16,70,0,86,0,3,43,0,46,0,19,113,0,132,35,0,35,167
12/13/2020,VRB,FL,ASO,ES,Towers with Radar,0,21,44,0,65,0,0,76,0,76,0,21,120,0,141,50,0,50,191
12/14/2020,VRB,FL,ASO,ES,Towers with Radar,2,33,52,0,87,0,51,145,0,196,2,84,197,0,283,168,0,168,451
12/15/2020,VRB,FL,ASO,ES,Towers with Radar,0,25,72,0,97,0,10,29,0,39,0,35,101,0,136,119,0,119,255
12/16/2020,VRB,FL,ASO,ES,Towers with Radar,1,33,61,0,95,0,27,108,0,135,1,60,169,0,230,284,0,284,514
12/17/2020,VRB,FL,ASO,ES,Towers with Radar,0,30,89,0,119,0,4,42,0,46,0,34,131,0,165,77,0,77,242
12/18/2020,VRB,FL,ASO,ES,Towers with Radar,2,30,81,0,113,0,44,139,0,183,2,74,220,0,296,189,0,189,485
12/19/2020,VRB,FL,ASO,ES,Towers with Radar,0,26,73,0,99,0,3,109,0,112,0,29,182,0,211,135,0,135,346
12/20/2020,VRB,FL,ASO,ES,Towers with Radar,0,28,37,0,65,0,5,65,0,70,0,33,102,0,135,54,0,54,189
12/21/2020,VRB,FL,ASO,ES,Towers with Radar,2,43,63,2,110,0,45,104,0,149,2,88,167,2,259,165,0,165,424
12/22/2020,VRB,FL,ASO,ES,Towers with Radar,2,41,44,3,90,0,44,116,0,160,2,85,160,3,250,224,0,224,474
12/23/2020,VRB,FL,ASO,ES,Towers with Radar,2,33,61,0,96,0,45,108,0,153,2,78,169,0,249,118,0,118,367
12/24/2020,VRB,FL,ASO,ES,Towers with Radar,0,11,16,0,27,0,5,44,0,49,0,16,60,0,76,60,0,60,136
12/25/2020,VRB,FL,ASO,ES,Towers with Radar,0,18,12,0,30,0,0,5,0,5,0,18,17,0,35,0,0,0,35
12/26/2020,VRB,FL,ASO,ES,Towers with Radar,0,44,59,0,103,0,4,92,0,96,0,48,151,0,199,32,0,32,231
12/27/2020,VRB,FL,ASO,ES,Towers with Radar,5,47,68,0,120,0,0,77,0,77,5,47,145,0,197,31,0,31,228
12/28/2020,VRB,FL,ASO,ES,Towers with Radar,3,44,73,0,120,0,21,90,2,113,3,65,163,2,233,79,0,79,312
12/29/2020,VRB,FL,ASO,ES,Towers with Radar,0,50,59,0,109,0,37,94,0,131,0,87,153,0,240,140,0,140,380
12/30/2020,VRB,FL,ASO,ES,Towers with Radar,1,20,59,0,80,0,24,89,0,113,1,44,148,0,193,149,0,149,342
12/31/2020,VRB,FL,ASO,ES,Towers with Radar,0,24,31,0,55,0,12,63,0,75,0,36,94,0,130,16,0,16,146
01/01/2021,VRB,FL,ASO,ES,Towers with Radar,2,21,24,0,47,0,2,22,0,24,2,23,46,0,71,0,0,0,71
01/02/2021,VRB,FL,ASO,ES,Towers with Radar,0,34,40,0,74,0,3,77,0,80,0,37,117,0,154,6,0,6,160
01/03/2021,VRB,FL,ASO,ES,Towers with Radar,2,40,51,0,93,0,0,52,0,52,2,40,103,0,145,10,0,10,155
01/04/2021,VRB,FL,ASO,ES,Towers with Radar,0,42,85,0,127,0,54,84,0,138,0,96,169,0,265,178,0,178,443
01/05/2021,VRB,FL,ASO,ES,Towers with Radar,1,37,70,0,108,0,62,128,0,190,1,99,198,0,298,309,0,309,607
01/06/2021,VRB,FL,ASO,ES,Towers with Radar,0,38,42,0,80,0,67,168,0,235,0,105,210,0,315,170,0,170,485
01/07/2021,VRB,FL,ASO,ES,Towers with Radar,2,40,55,1,98,0,52,141,0,193,2,92,196,1,291,201,0,201,492
01/08/2021,VRB,FL,ASO,ES,Towers with Radar,1,33,66,0,100,0,13,87,0,100,1,46,153,0,200,70,0,70,270
01/09/2021,VRB,FL,ASO,ES,Towers with Radar,0,19,39,0,58,0,2,74,0,76,0,21,113,0,134,55,0,55,189
01/10/2021,VRB,FL,ASO,ES,Towers with Radar,0,33,55,0,88,0,5,66,0,71,0,38,121,0,159,36,0,36,195
01/11/2021,VRB,FL,ASO,ES,Towers with Radar,1,58,43,2,104,0,66,145,2,213,1,124,188,4,317,276,0,276,593
01/12/2021,VRB,FL,ASO,ES,Towers with Radar,0,45,70,2,117,0,36,63,0,99,0,81,133,2,216,164,0,164,380
01/13/2021,VRB,FL,ASO,ES,Towers with Radar,0,54,86,4,144,0,42,110,0,152,0,96,196,4,296,257,0,257,553
01/14/2021,VRB,FL,ASO,ES,Towers with Radar,0,56,90,0,146,0,60,126,0,186,0,116,216,0,332,314,0,314,646
01/15/2021,VRB,FL,ASO,ES,Towers with Radar,0,55,87,0,142,0,63,132,0,195,0,118,219,0,337,259,0,259,596
01/16/2021,VRB,FL,ASO,ES,Towers with Radar,0,9,39,1,49,0,0,35,0,35,0,9,74,1,84,25,0,25,109
01/17/2021,VRB,FL,ASO,ES,Towers with Radar,0,24,49,0,73,0,6,98,0,104,0,30,147,0,177,58,0,58,235
01/18/2021,VRB,FL,ASO,ES,Towers with Radar,0,43,60,0,103,0,75,127,0,202,0,118,187,0,305,226,0,226,531
01/19/2021,VRB,FL,ASO,ES,Towers with Radar,0,34,68,0,102,0,75,161,0,236,0,109,229,0,338,270,0,270,608
01/20/2021,VRB,FL,ASO,ES,Towers with Radar,0,27,59,1,87,0,68,173,0,241,0,95,232,1,328,184,0,184,512
01/21/2021,VRB,FL,ASO,ES,Towers with Radar,0,39,55,0,94,0,62,121,0,183,0,101,176,0,277,149,0,149,426
01/22/2021,VRB,FL,ASO,ES,Towers with Radar,0,41,90,8,139,0,70,142,0,212,0,111,232,8,351,157,35,192,543
01/23/2021,VRB,FL,ASO,ES,Towers with Radar,0,13,38,0,51,0,0,49,0,49,0,13,87,0,100,5,0,5,105
01/24/2021,VRB,FL,ASO,ES,Towers with Radar,0,18,46,1,65,0,0,46,1,47,0,18,92,2,112,31,0,31,143
01/25/2021,VRB,FL,ASO,ES,Towers with Radar,0,48,62,0,110,0,26,74,0,100,0,74,136,0,210,62,0,62,272
01/26/2021,VRB,FL,ASO,ES,Towers with Radar,0,31,58,0,89,0,39,112,0,151,0,70,170,0,240,176,0,176,416
01/27/2021,VRB,FL,ASO,ES,Towers with Radar,0,35,69,0,104,0,40,118,0,158,0,75,187,0,262,186,0,186,448
01/28/2021,VRB,FL,ASO,ES,Towers with Radar,0,23,43,0,66,0,15,76,0,91,0,38,119,0,157,14,0,14,171
01/29/2021,VRB,FL,ASO,ES,Towers with Radar,1,35,81,0,117,0,33,128,2,163,1,68,209,2,280,124,0,124,404
01/30/2021,VRB,FL,ASO,ES,Towers with Radar,0,14,31,0,45,0,20,81,0,101,0,34,112,0,146,69,0,69,215
01/31/2021,VRB,FL,ASO,ES,Towers with Radar,0,14,41,0,55,0,3,74,0,77,0,17,115,0,132,24,0,24,156
02/01/2021,VRB,FL,ASO,ES,Towers with Radar,0,30,50,0,80,0,16,49,0,65,0,46,99,0,145,54,0,54,199
02/02/2021,VRB,FL,ASO,ES,Towers with Radar,0,15,42,0,57,0,24,45,0,69,0,39,87,0,126,41,0,41,167
02/03/2021,VRB,FL,ASO,ES,Towers with Radar,0,52,81,0,133,0,82,119,0,201,0,134,200,0,334,258,0,258,592
02/04/2021,VRB,FL,ASO,ES,Towers with Radar,0,48,67,0,115,0,66,151,0,217,0,114,218,0,332,289,0,289,621
02/05/2021,VRB,FL,ASO,ES,Towers with Radar,2,31,58,0,91,0,3,129,0,132,2,34,187,0,223,133,0,133,356
02/06/2021,VRB,FL,ASO,ES,Towers with Radar,1,25,43,0,69,0,3,17,0,20,1,28,60,0,89,26,0,26,115
02/07/2021,VRB,FL,ASO,ES,Towers with Radar,0,21,41,0,62,0,1,25,0,26,0,22,66,0,88,12,0,12,100
02/08/2021,VRB,FL,ASO,ES,Towers with Radar,0,22,55,0,77,0,0,15,0,15,0,22,70,0,92,4,0,4,96
02/09/2021,VRB,FL,ASO,ES,Towers with Radar,0,42,70,0,112,0,40,83,0,123,0,82,153,0,235,224,0,224,459
02/10/2021,VRB,FL,ASO,ES,Towers with Radar,0,32,69,0,101,0,58,145,0,203,0,90,214,0,304,250,0,250,554
02/11/2021,VRB,FL,ASO,ES,Towers with Radar,0,48,76,0,124,0,59,101,0,160,0,107,177,0,284,151,0,151,435
02/12/2021,VRB,FL,ASO,ES,Towers with Radar,2,29,70,0,101,0,45,142,4,191,2,74,212,4,292,105,14,119,411
02/13/2021,VRB,FL,ASO,ES,Towers with Radar,1,20,29,0,50,0,0,23,0,23,1,20,52,0,73,49,0,49,122
02/14/2021,VRB,FL,ASO,ES,Towers with Radar,0,22,30,0,52,0,1,23,0,24,0,23,53,0,76,5,0,5,81
02/15/2021,VRB,FL,ASO,ES,Towers with Radar,0,26,38,0,64,0,1,95,0,96,0,27,133,0,160,142,0,142,302
02/16/2021,VRB,FL,ASO,ES,Towers with Radar,0,29,54,0,83,0,3,80,0,83,0,32,134,0,166,65,0,65,231
02/17/2021,VRB,FL,ASO,ES,Towers with Radar,0,62,89,0,151,0,8,46,0,54,0,70,135,0,205,11,0,11,216
02/18/2021,VRB,FL,ASO,ES,Towers with Radar,3,44,53,0,100,0,65,142,0,207,3,109,195,0,307,96,0,96,403
02/19/2021,VRB,FL,ASO,ES,Towers with Radar,2,16,66,0,84,0,13,53,0,66,2,29,119,0,150,34,0,34,184
02/20/2021,VRB,FL,ASO,ES,Towers with Radar,0,23,63,0,86,0,7,57,0,64,0,30,120,0,150,4,0,4,154
02/21/2021,VRB,FL,ASO,ES,Towers with Radar,0,24,61,0,85,0,2,40,1,43,0,26,101,1,128,2,0,2,130
02/22/2021,VRB,FL,ASO,ES,Towers with Radar,0,47,43,0,90,0,86,118,0,204,0,133,161,0,294,279,0,279,573
02/23/2021,VRB,FL,ASO,ES,Towers with Radar,0,33,58,0,91,0,91,89,0,180,0,124,147,0,271,152,0,152,423
02/24/2021,VRB,FL,ASO,ES,Towers with Radar,1,42,68,2,113,0,79,135,0,214,1,121,203,2,327,248,0,248,575
02/25/2021,VRB,FL,ASO,ES,Towers with Radar,2,33,72,0,107,0,85,169,0,254,2,118,241,0,361,212,0,212,573
02/26/2021,VRB,FL,ASO,ES,Towers with Radar,2,43,77,0,122,0,65,130,0,195,2,108,207,0,317,200,0,200,517
02/27/2021,VRB,FL,ASO,ES,Towers with Radar,1,32,57,0,90,0,6,90,0,96,1,38,147,0,186,17,0,17,203
02/28/2021,VRB,FL,ASO,ES,Towers with Radar,0,40,53,0,93,0,3,50,0,53,0,43,103,0,146,4,0,4,150
03/01/2021,VRB,FL,ASO,ES,Towers with Radar,0,46,52,0,98,0,61,109,0,170,0,107,161,0,268,170,0,170,438
03/02/2021,VRB,FL,ASO,ES,Towers with Radar,1,35,68,0,104,0,62,97,0,159,1,97,165,0,263,279,0,279,542
03/03/2021,VRB,FL,ASO,ES,Towers with Radar,0,30,72,2,104,0,24,52,0,76,0,54,124,2,180,43,0,43,223
03/04/2021,VRB,FL,ASO,ES,Towers with Radar,2,45,97,0,144,0,23,75,0,98,2,68,172,0,242,105,0,105,347
03/05/2021,VRB,FL,ASO,ES,Towers with Radar,3,34,76,0,113,0,78,152,0,230,3,112,228,0,343,132,0,132,475
03/06/2021,VRB,FL,ASO,ES,Towers with Radar,0,24,51,0,75,0,0,22,0,22,0,24,73,0,97,3,0,3,100
03/07/2021,VRB,FL,ASO,ES,Towers with Radar,2,19,42,0,63,0,0,12,0,12,2,19,54,0,75,0,0,0,75
03/08/2021,VRB,FL,ASO,ES,Towers with Radar,0,36,55,0,91,0,47,62,0,109,0,83,117,0,200,235,0,235,435
03/09/2021,VRB,FL,ASO,ES,Towers with Radar,0,28,62,0,90,0,51,93,0,144,0,79,155,0,234,210,0,210,444
03/10/2021,VRB,FL,ASO,ES,Towers with Radar,0,43,54,0,97,0,70,113,0,183,0,113,167,0,280,340,0,340,620
03/11/2021,VRB,FL,ASO,ES,Towers with Radar,5,33,58,0,96,0,63,157,0,220,5,96,215,0,316,252,0,252,568
03/12/2021,VRB,FL,ASO,ES,Towers with Radar,1,46,76,0,123,0,69,102,0,171,1,115,178,0,294,309,0,309,603
03/13/2021,VRB,FL,ASO,ES,Towers with Radar,0,33,59,0,92,0,44,67,0,111,0,77,126,0,203,31,0,31,234
03/14/2021,VRB,FL,ASO,ES,Towers with Radar,3,25,57,0,85,0,19,63,0,82,3,44,120,0,167,1,0,1,168
03/15/2021,VRB,FL,ASO,ES,Towers with Radar,0,30,59,0,89,0,61,116,0,177,0,91,175,0,266,247,0,247,513
03/16/2021,VRB,FL,ASO,ES,Towers with Radar,0,27,55,0,82,0,57,104,0,161,0,84,159,0,243,210,0,210,453
03/17/2021,VRB,FL,ASO,ES,Towers with Radar,0,39,67,0,106,0,46,152,0,198,0,85,219,0,304,166,0,166,470
03/18/2021,VRB,FL,ASO,ES,Towers with Radar,2,17,71,0,90,0,23,88,0,111,2,40,159,0,201,145,0,145,346
03/19/2021,VRB,FL,ASO,ES,Towers with Radar,3,34,65,0,102,0,48,100,0,148,3,82,165,0,250,347,0,347,597
03/20/2021,VRB,FL,ASO,ES,Towers with Radar,0,41,46,0,87,0,0,43,0,43,0,41,89,0,130,17,0,17,147
03/21/2021,VRB,FL,ASO,ES,Towers with Radar,0,28,58,0,86,0,0,50,0,50,0,28,108,0,136,24,0,24,160
03/22/2021,VRB,FL,ASO,ES,Towers with Radar,0,35,47,1,83,0,25,78,0,103,0,60,125,1,186,170,0,170,356
03/23/2021,VRB,FL,ASO,ES,Towers with Radar,0,48,60,0,108,0,71,119,0,190,0,119,179,0,298,336,0,336,634
03/24/2021,VRB,FL,ASO,ES,Towers with Radar,0,33,64,0,97,0,76,131,0,207,0,109,195,0,304,284,0,284,588
03/25/2021,VRB,FL,ASO,ES,Towers with Radar,2,35,68,2,107,1,38,105,0,144,3,73,173,2,251,192,0,192,443
03/26/2021,VRB,FL,ASO,ES,Towers with Radar,2,39,81,0,122,0,28,109,0,137,2,67,190,0,259,167,0,167,426
03/27/2021,VRB,FL,ASO,ES,Towers with Radar,0,35,64,0,99,0,39,64,0,103,0,74,128,0,202,87,0,87,289
03/28/2021,VRB,FL,ASO,ES,Towers with Radar,1,37,67,0,105,0,7,57,0,64,1,44,124,0,169,4,0,4,173
03/29/2021,VRB,FL,ASO,ES,Towers with Radar,0,38,62,0,100,0,18,77,0,95,0,56,139,0,195,154,0,154,349
03/30/2021,VRB,FL,ASO,ES,Towers with Radar,0,48,37,0,85,0,47,134,0,181,0,95,171,0,266,334,0,334,600
03/31/2021,VRB,FL,ASO,ES,Towers with Radar,0,31,51,0,82,0,46,93,0,139,0,77,144,0,221,219,0,219,440
04/01/2021,VRB,FL,ASO,ES,Towers with Radar,2,38,70,0,110,0,17,44,0,61,2,55,114,0,171,37,0,37,208
04/02/2021,VRB,FL,ASO,ES,Towers with Radar,2,44,35,0,81,0,11,51,0,62,2,55,86,0,143,40,0,40,183
04/03/2021,VRB,FL,ASO,ES,Towers with Radar,3,38,41,0,82,0,1,36,0,37,3,39,77,0,119,28,0,28,147
04/04/2021,VRB,FL,ASO,ES,Towers with Radar,0,24,43,0,67,0,2,59,0,61,0,26,102,0,128,26,0,26,154
04/05/2021,VRB,FL,ASO,ES,Towers with Radar,2,54,74,0,130,0,63,120,0,183,2,117,194,0,313,184,0,184,497
04/06/2021,VRB,FL,ASO,ES,Towers with Radar,0,29,55,0,84,0,48,171,0,219,0,77,226,0,303,312,0,312,615
04/07/2021,VRB,FL,ASO,ES,Towers with Radar,2,36,60,0,98,0,47,136,0,183,2,83,196,0,281,231,0,231,512
04/08/2021,VRB,FL,ASO,ES,Towers with Radar,2,30,58,0,90,0,70,132,0,202,2,100,190,0,292,215,0,215,507
04/09/2021,VRB,FL,ASO,ES,Towers with Radar,3,26,61,0,90,0,53,155,0,208,3,79,216,0,298,260,0,260,558
04/10/2021,VRB,FL,ASO,ES,Towers with Radar,0,14,49,0,63,0,9,70,0,79,0,23,119,0,142,41,0,41,183
04/11/2021,VRB,FL,ASO,ES,Towers with Radar,4,16,28,0,48,0,0,16,0,16,4,16,44,0,64,0,0,0,64
04/12/2021,VRB,FL,ASO,ES,Towers with Radar,2,60,57,0,119,0,42,89,0,131,2,102,146,0,250,137,0,137,387
04/13/2021,VRB,FL,ASO,ES,Towers with Radar,0,23,53,0,76,0,65,146,0,211,0,88,199,0,287,235,0,235,522
04/14/2021,VRB,FL,ASO,ES,Towers with Radar,0,45,52,0,97,0,67,140,0,207,0,112,192,0,304,331,0,331,635
04/15/2021,VRB,FL,ASO,ES,Towers with Radar,2,49,65,0,116,0,49,148,0,197,2,98,213,0,313,187,0,187,500
04/16/2021,VRB,FL,ASO,ES,Towers with Radar,2,27,40,0,69,0,9,79,0,88,2,36,119,0,157,112,0,112,269
04/17/2021,VRB,FL,ASO,ES,Towers with Radar,1,19,48,0,68,0,0,33,0,33,1,19,81,0,101,42,0,42,143
04/18/2021,VRB,FL,ASO,ES,Towers with Radar,0,28,39,0,67,0,0,22,0,22,0,28,61,0,89,44,0,44,133
04/19/2021,VRB,FL,ASO,ES,Towers with Radar,0,16,26,0,42,0,0,8,0,8,0,16,34,0,50,0,0,0,50
04/20/2021,VRB,FL,ASO,ES,Towers with Radar,0,29,28,0,57,0,2,18,0,20,0,31,46,0,77,95,0,95,172
04/21/2021,VRB,FL,ASO,ES,Towers with Radar,1,56,50,0,107,0,31,75,0,106,1,87,125,0,213,174,0,174,387
04/22/2021,VRB,FL,ASO,ES,Towers with Radar,3,23,63,0,89,0,45,145,1,191,3,68,208,1,280,155,0,155,435
04/23/2021,VRB,FL,ASO,ES,Towers with Radar,2,36,52,0,90,0,12,118,0,130,2,48,170,0,220,155,0,155,375
04/24/2021,VRB,FL,ASO,ES,Towers with Radar,1,13,38,0,52,0,0,49,0,49,1,13,87,0,101,16,0,16,117
04/25/2021,VRB,FL,ASO,ES,Towers with Radar,0,16,51,0,67,0,0,30,0,30,0,16,81,0,97,9,0,9,106
04/26/2021,VRB,FL,ASO,ES,Towers with Radar,0,48,77,0,125,0,45,139,0,184,0,93,216,0,309,147,0,147,456
04/27/2021,VRB,FL,ASO,ES,Towers with Radar,0,37,61,0,98,0,47,122,0,169,0,84,183,0,267,225,0,225,492
04/28/2021,VRB,FL,ASO,ES,Towers with Radar,0,40,71,2,113,0,33,139,2,174,0,73,210,4,287,188,0,188,475
04/29/2021,VRB,FL,ASO,ES,Towers with Radar,1,51,56,0,108,0,21,80,0,101,1,72,136,0,209,146,0,146,355
04/30/2021,VRB,FL,ASO,ES,Towers with Radar,2,42,49,0,93,0,2,101,0,103,2,44,150,0,196,106,0,106,302
05/01/2021,VRB,FL,ASO,ES,Towers with Radar,0,32,45,0,77,0,0,71,0,71,0,32,116,0,148,7,0,7,155
05/02/2021,VRB,FL,ASO,ES,Towers with Radar,0,39,41,0,80,0,1,57,0,58,0,40,98,0,138,8,0,8,146
05/03/2021,VRB,FL,ASO,ES,Towers with Radar,0,18,45,0,63,0,1,87,0,88,0,19,132,0,151,68,0,68,219
05/04/2021,VRB,FL,ASO,ES,Towers with Radar,0,28,51,2,81,0,43,119,0,162,0,71,170,2,243,117,0,117,360
05/05/2021,VRB,FL,ASO,ES,Towers with Radar,0,40,45,0,85,0,32,113,0,145,0,72,158,0,230,121,0,121,351
05/06/2021,VRB,FL,ASO,ES,Towers with Radar,4,33,65,0,102,0,26,42,0,68,4,59,107,0,170,111,0,111,281
05/07/2021,VRB,FL,ASO,ES,Towers with Radar,3,44,67,0,114,0,22,119,0,141,3,66,186,0,255,104,0,104,359
05/08/2021,VRB,FL,ASO,ES,Towers with Radar,0,27,31,0,58,0,4,76,0,80,0,31,107,0,138,12,0,12,150
05/09/2021,VRB,FL,ASO,ES,Towers with Radar,0,25,25,0,50,0,3,43,0,46,0,28,68,0,96,6,0,6,102
05/10/2021,VRB,FL,ASO,ES,Towers with Radar,0,23,56,2,81,0,36,68,0,104,0,59,124,2,185,181,0,181,366
05/11/2021,VRB,FL,ASO,ES,Towers with Radar,0,30,57,0,87,0,63,104,0,167,0,93,161,0,254,218,0,218,472
05/12/2021,VRB,FL,ASO,ES,Towers with Radar,0,29,46,0,75,0,34,116,0,150,0,63,162,0,225,124,0,124,349
05/13/2021,VRB,FL,ASO,ES,Towers with Radar,2,37,104,0,143,0,15,60,0,75,2,52,164,0,218,69,0,69,287
05/14/2021,VRB,FL,ASO,ES,Towers with Radar,2,45,55,0,102,0,32,102,0,134,2,77,157,0,236,108,0,108,344
05/15/2021,VRB,FL,ASO,ES,Towers with Radar,1,19,29,0,49,0,0,51,0,51,1,19,80,0,100,26,0,26,126
05/16/2021,VRB,FL,ASO,ES,Towers with Radar,0,22,55,0,77,0,5,53,0,58,0,27,108,0,135,11,0,11,146
05/17/2021,VRB,FL,ASO,ES,Towers with Radar,0,34,45,0,79,0,52,96,0,148,0,86,141,0,227,135,0,135,362
05/18/2021,VRB,FL,ASO,ES,Towers with Radar,0,37,50,0,87,0,22,48,0,70,0,59,98,0,157,56,0,56,213
05/19/2021,VRB,FL,ASO,ES,Towers with Radar,3,51,51,0,105,0,32,57,0,89,3,83,108,0,194,73,0,73,267
05/20/2021,VRB,FL,ASO,ES,Towers with Radar,3,38,55,0,96,0,24,61,0,85,3,62,116,0,181,61,0,61,242
05/21/2021,VRB,FL,ASO,ES,Towers with Radar,2,30,43,0,75,0,35,82,0,117,2,65,125,0,192,65,0,65,257
05/22/2021,VRB,FL,ASO,ES,Towers with Radar,0,20,18,0,38,0,3,59,0,62,0,23,77,0,100,16,0,16,116
05/23/2021,VRB,FL,ASO,ES,Towers with Radar,0,11,57,0,68,0,14,75,0,89,0,25,132,0,157,1,0,1,158
05/24/2021,VRB,FL,ASO,ES,Towers with Radar,0,46,43,0,89,0,60,124,0,184,0,106,167,0,273,286,0,286,559
05/25/2021,VRB,FL,ASO,ES,Towers with Radar,0,39,63,2,104,0,55,130,3,188,0,94,193,5,292,231,4,235,527
05/26/2021,VRB,FL,ASO,ES,Towers with Radar,0,30,66,0,96,0,67,137,0,204,0,97,203,0,300,194,0,194,494
05/27/2021,VRB,FL,ASO,ES,Towers with Radar,2,35,66,2,105,0,58,136,0,194,2,93,202,2,299,213,0,213,512
05/28/2021,VRB,FL,ASO,ES,Towers with Radar,2,38,52,0,92,0,45,128,0,173,2,83,180,0,265,93,0,93,358
05/29/2021,VRB,FL,ASO,ES,Towers with Radar,1,16,34,0,51,0,1,43,0,44,1,17,77,0,95,33,0,33,128
05/30/2021,VRB,FL,ASO,ES,Towers with Radar,0,21,12,0,33,0,0,44,0,44,0,21,56,0,77,0,0,0,77
05/31/2021,VRB,FL,ASO,ES,Towers with Radar,1,17,37,0,55,0,1,73,0,74,1,18,110,0,129,34,0,34,163
06/01/2021,VRB,FL,ASO,ES,Towers with Radar,1,24,36,0,61,0,50,103,0,153,1,74,139,0,214,145,0,145,359
06/02/2021,VRB,FL,ASO,ES,Towers with Radar,0,27,51,0,78,0,14,59,0,73,0,41,110,0,151,106,0,106,257
06/03/2021,VRB,FL,ASO,ES,Towers with Radar,2,22,44,0,68,0,26,42,0,68,2,48,86,0,136,149,0,149,285
06/04/2021,VRB,FL,ASO,ES,Towers with Radar,2,24,46,1,73,0,45,58,1,104,2,69,104,2,177,140,0,140,317
06/05/2021,VRB,FL,ASO,ES,Towers with Radar,0,29,50,0,79,0,4,72,1,77,0,33,122,1,156,20,0,20,176
06/06/2021,VRB,FL,ASO,ES,Towers with Radar,0,11,52,0,63,0,0,39,0,39,0,11,91,0,102,0,0,0,102
06/07/2021,VRB,FL,ASO,ES,Towers with Radar,2,33,52,2,89,0,66,118,0,184,2,99,170,2,273,168,0,168,441
06/08/2021,VRB,FL,ASO,ES,Towers with Radar,1,18,53,0,72,0,66,162,0,228,1,84,215,0,300,158,0,158,458
06/09/2021,VRB,FL,ASO,ES,Towers with Radar,1,32,63,0,96,0,68,138,0,206,1,100,201,0,302,172,0,172,474
06/10/2021,VRB,FL,ASO,ES,Towers with Radar,2,16,49,2,69,0,66,119,0,185,2,82,168,2,254,243,0,243,497
06/11/2021,VRB,FL,ASO,ES,Towers with Radar,2,27,51,0,80,0,62,113,0,175,2,89,164,0,255,163,0,163,418
06/12/2021,VRB,FL,ASO,ES,Towers with Radar,0,14,41,0,55,0,3,66,0,69,0,17,107,0,124,30,0,30,154
06/13/2021,VRB,FL,ASO,ES,Towers with Radar,0,18,31,0,49,0,3,64,0,67,0,21,95,0,116,44,1,45,161
06/14/2021,VRB,FL,ASO,ES,Towers with Radar,2,10,43,0,55,0,38,60,0,98,2,48,103,0,153,109,0,109,262
06/15/2021,VRB,FL,ASO,ES,Towers with Radar,0,16,44,0,60,0,61,59,0,120,0,77,103,0,180,195,0,195,375
06/16/2021,VRB,FL,ASO,ES,Towers with Radar,0,28,54,0,82,0,55,80,0,135,0,83,134,0,217,177,0,177,394
06/17/2021,VRB,FL,ASO,ES,Towers with Radar,2,24,56,2,84,0,54,126,0,180,2,78,182,2,264,145,0,145,409
06/18/2021,VRB,FL,ASO,ES,Towers with Radar,2,9,75,0,86,0,66,134,0,200,2,75,209,0,286,154,0,154,440
06/19/2021,VRB,FL,ASO,ES,Towers with Radar,1,17,37,0,55,0,2,64,0,66,1,19,101,0,121,33,0,33,154
06/20/2021,VRB,FL,ASO,ES,Towers with Radar,0,6,33,0,39,0,0,41,0,41,0,6,74,0,80,42,0,42,122
06/21/2021,VRB,FL,ASO,ES,Towers with Radar,3,9,43,0,55,0,53,84,0,137,3,62,127,0,192,172,0,172,364
06/22/2021,VRB,FL,ASO,ES,Towers with Radar,2,14,26,0,42,0,33,63,0,96,2,47,89,0,138,132,0,132,270
06/23/2021,VRB,FL,ASO,ES,Towers with Radar,0,16,41,0,57,0,52,92,0,144,0,68,133,0,201,178,0,178,379
06/24/2021,VRB,FL,ASO,ES,Towers with Radar,3,24,48,2,77,0,52,97,0,149,3,76,145,2,226,156,0,156,382
06/25/2021,VRB,FL,ASO,ES,Towers with Radar,3,9,47,0,59,0,41,66,0,107,3,50,113,0,166,154,0,154,320
06/26/2021,VRB,FL,ASO,ES,Towers with Radar,1,9,20,0,30,0,0,61,0,61,1,9,81,0,91,3,0,3,94
06/27/2021,VRB,FL,ASO,ES,Towers with Radar,0,12,46,0,58,0,4,52,0,56,0,16,98,0,114,23,0,23,137
06/28/2021,VRB,FL,ASO,ES,Towers with Radar,2,24,39,0,65,0,48,99,0,147,2,72,138,0,212,112,0,112,324
06/29/2021,VRB,FL,ASO,ES,Towers with Radar,0,14,45,0,59,0,31,67,1,99,0,45,112,1,158,143,0,143,301
06/30/2021,VRB,FL,ASO,ES,Towers with Radar,0,19,42,0,61,0,45,64,0,109,0,64,106,0,170,141,0,141,311
07/01/2021,VRB,FL,ASO,ES,Towers with Radar,2,27,45,0,74,0,55,80,0,135,2,82,125,0,209,212,0,212,421
07/02/2021,VRB,FL,ASO,ES,Towers with Radar,2,14,57,0,73,0,46,86,0,132,2,60,143,0,205,139,0,139,344
07/03/2021,VRB,FL,ASO,ES,Towers with Radar,0,7,31,0,38,0,0,33,0,33,0,7,64,0,71,4,0,4,75
07/04/2021,VRB,FL,ASO,ES,Towers with Radar,0,9,14,1,24,0,0,56,3,59,0,9,70,4,83,7,0,7,90
07/05/2021,VRB,FL,ASO,ES,Towers with Radar,2,5,18,0,25,0,0,21,2,23,2,5,39,2,48,4,0,4,52
07/06/2021,VRB,FL,ASO,ES,Towers with Radar,0,14,19,0,33,0,0,5,1,6,0,14,24,1,39,0,0,0,39
07/07/2021,VRB,FL,ASO,ES,Towers with Radar,0,13,13,0,26,0,32,23,0,55,0,45,36,0,81,76,0,76,157
07/08/2021,VRB,FL,ASO,ES,Towers with Radar,2,17,42,0,61,0,68,98,0,166,2,85,140,0,227,165,0,165,392
07/09/2021,VRB,FL,ASO,ES,Towers with Radar,1,24,39,1,65,0,90,94,2,186,1,114,133,3,251,247,0,247,498
07/10/2021,VRB,FL,ASO,ES,Towers with Radar,0,23,28,0,51,0,69,55,0,124,0,92,83,0,175,189,0,189,364
07/11/2021,VRB,FL,ASO,ES,Towers with Radar,0,13,15,0,28,0,1,33,0,34,0,14,48,0,62,6,0,6,68
07/12/2021,VRB,FL,ASO,ES,Towers with Radar,2,21,37,0,60,0,47,87,0,134,2,68,124,0,194,123,0,123,317
07/13/2021,VRB,FL,ASO,ES,Towers with Radar,0,19,40,0,59,0,48,89,0,137,0,67,129,0,196,143,0,143,339
07/14/2021,VRB,FL,ASO,ES,Towers with Radar,0,18,47,0,65,0,56,77,0,133,0,74,124,0,198,223,0,223,421
07/15/2021,VRB,FL,ASO,ES,Towers with Radar,2,29,62,0,93,0,79,140,0,219,2,108,202,0,312,195,0,195,507
07/16/2021,VRB,FL,ASO,ES,Towers with Radar,2,26,29,0,57,0,80,134,0,214,2,106,163,0,271,238,0,238,509
07/17/2021,VRB,FL,ASO,ES,Towers with Radar,0,9,29,0,38,0,0,67,0,67,0,9,96,0,105,22,0,22,127
07/18/2021,VRB,FL,ASO,ES,Towers with Radar,0,8,27,0,35,0,2,57,1,60,0,10,84,1,95,5,0,5,100
07/19/2021,VRB,FL,ASO,ES,Towers with Radar,2,19,45,2,68,0,56,109,0,165,2,75,154,2,233,197,0,197,430
07/20/2021,VRB,FL,ASO,ES,Towers with Radar,0,32,30,0,62,1,55,117,0,173,1,87,147,0,235,206,0,206,441
07/21/2021,VRB,FL,ASO,ES,Towers with Radar,0,26,52,0,78,0,52,96,0,148,0,78,148,0,226,284,0,284,510
07/22/2021,VRB,FL,ASO,ES,Towers with Radar,3,24,42,0,69,0,89,79,0,168,3,113,121,0,237,257,0,257,494
07/23/2021,VRB,FL,ASO,ES,Towers with Radar,2,16,44,0,62,0,67,88,0,155,2,83,132,0,217,213,0,213,430
07/24/2021,VRB,FL,ASO,ES,Towers with Radar,0,11,41,0,52,0,3,54,0,57,0,14,95,0,109,2,0,2,111
07/25/2021,VRB,FL,ASO,ES,Towers with Radar,0,5,28,0,33,0,3,40,0,43,0,8,68,0,76,19,0,19,95
07/26/2021,VRB,FL,ASO,ES,Towers with Radar,3,24,36,2,65,0,58,72,0,130,3,82,108,2,195,183,0,183,378
07/27/2021,VRB,FL,ASO,ES,Towers with Radar,0,11,53,0,64,0,82,94,0,176,0,93,147,0,240,227,0,227,467
07/28/2021,VRB,FL,ASO,ES,Towers with Radar,0,9,39,0,48,0,58,82,0,140,0,67,121,0,188,168,0,168,356
07/29/2021,VRB,FL,ASO,ES,Towers with Radar,2,19,33,0,54,0,90,96,0,186,2,109,129,0,240,213,0,213,453
07/30/2021,VRB,FL,ASO,ES,Towers with Radar,2,14,41,0,57,0,92,106,0,198,2,106,147,0,255,208,0,208,463
07/31/2021,VRB,FL,ASO,ES,Towers with Radar,0,2,21,0,23,0,10,58,0,68,0,12,79,0,91,30,0,30,121
08/01/2021,VRB,FL,ASO,ES,Towers with Radar,1,14,25,0,40,0,2,39,1,42,1,16,64,1,82,5,0,5,87
08/02/2021,VRB,FL,ASO,ES,Towers with Radar,2,14,42,4,62,0,76,61,0,137,2,90,103,4,199,188,0,188,387
08/03/2021,VRB,FL,ASO,ES,Towers with Radar,0,13,26,0,39,0,60,50,0,110,0,73,76,0,149,131,0,131,280
08/04/2021,VRB,FL,ASO,ES,Towers with Radar,0,21,50,0,71,0,48,51,0,99,0,69,101,0,170,125,0,125,295
08/05/2021,VRB,FL,ASO,ES,Towers with Radar,2,28,33,0,63,0,40,116,0,156,2,68,149,0,219,150,0,150,369
08/06/2021,VRB,FL,ASO,ES,Towers with Radar,2,31,42,0,75,0,87,93,0,180,2,118,135,0,255,242,0,242,497
08/07/2021,VRB,FL,ASO,ES,Towers with Radar,0,2,37,0,39,0,6,42,4,52,0,8,79,4,91,28,0,28,119
08/08/2021,VRB,FL,ASO,ES,Towers with Radar,0,6,28,0,34,0,3,66,0,69,0,9,94,0,103,14,0,14,117
08/09/2021,VRB,FL,ASO,ES,Towers with Radar,2,32,34,0,68,0,54,71,0,125,2,86,105,0,193,212,0,212,405
08/10/2021,VRB,FL,ASO,ES,Towers with Radar,0,34,17,0,51,0,77,97,0,174,0,111,114,0,225,215,0,215,440
08/11/2021,VRB,FL,ASO,ES,Towers with Radar,2,30,41,0,73,0,101,99,0,200,2,131,140,0,273,219,0,219,492
08/12/2021,VRB,FL,ASO,ES,Towers with Radar,2,35,54,0,91,0,69,107,0,176,2,104,161,0,267,167,0,167,434
08/13/2021,VRB,FL,ASO,ES,Towers with Radar,2,28,24,0,54,0,72,63,0,135,2,100,87,0,189,221,0,221,410
08/14/2021,VRB,FL,ASO,ES,Towers with Radar,0,8,8,0,16,0,3,14,0,17,0,11,22,0,33,17,0,17,50
08/15/2021,VRB,FL,ASO,ES,Towers with Radar,1,6,23,0,30,0,3,35,0,38,1,9,58,0,68,16,0,16,84
08/16/2021,VRB,FL,ASO,ES,Towers with Radar,2,18,50,0,70,0,53,80,0,133,2,71,130,0,203,234,0,234,437
08/17/2021,VRB,FL,ASO,ES,Towers with Radar,0,34,40,0,74,0,88,87,0,175,0,122,127,0,249,251,0,251,500
08/18/2021,VRB,FL,ASO,ES,Towers with Radar,0,22,41,0,63,0,87,117,0,204,0,109,158,0,267,295,0,295,562
08/19/2021,VRB,FL,ASO,ES,Towers with Radar,2,30,26,0,58,0,87,112,1,200,2,117,138,1,258,331,0,331,589
08/20/2021,VRB,FL,ASO,ES,Towers with Radar,0,16,31,0,47,0,89,94,0,183,0,105,125,0,230,187,0,187,417
08/21/2021,VRB,FL,ASO,ES,Towers with Radar,0,6,20,0,26,0,4,52,0,56,0,10,72,0,82,38,0,38,120
08/22/2021,VRB,FL,ASO,ES,Towers with Radar,0,13,18,0,31,0,2,64,0,66,0,15,82,0,97,3,0,3,100
08/23/2021,VRB,FL,ASO,ES,Towers with Radar,2,17,25,0,44,0,62,55,1,118,2,79,80,1,162,387,0,387,549
08/24/2021,VRB,FL,ASO,ES,Towers with Radar,0,30,42,0,72,0,83,101,0,184,0,113,143,0,256,412,0,412,668
08/25/2021,VRB,FL,ASO,ES,Towers with Radar,0,30,41,0,71,0,86,97,0,183,0,116,138,0,254,235,0,235,489
08/26/2021,VRB,FL,ASO,ES,Towers with Radar,1,27,37,0,65,0,54,77,0,131,1,81,114,0,196,258,0,258,454
08/27/2021,VRB,FL,ASO,ES,Towers with Radar,2,14,23,0,39,0,37,41,0,78,2,51,64,0,117,69,0,69,186
08/28/2021,VRB,FL,ASO,ES,Towers with Radar,0,6,26,0,32,0,1,65,0,66,0,7,91,0,98,26,0,26,124
08/29/2021,VRB,FL,ASO,ES,Towers with Radar,1,9,26,0,36,0,3,58,0,61,1,12,84,0,97,29,0,29,126
08/30/2021,VRB,FL,ASO,ES,Towers with Radar,0,22,44,0,66,0,140,100,0,240,0,162,144,0,306,351,0,351,657
08/31/2021,VRB,FL,ASO,ES,Towers with Radar,0,32,31,0,63,0,110,86,0,196,0,142,117,0,259,373,0,373,632
09/01/2021,VRB,FL,ASO,ES,Towers with Radar,0,34,28,0,62,0,76,88,0,164,0,110,116,0,226,270,0,270,496
09/02/2021,VRB,FL,ASO,ES,Towers with Radar,1,36,51,0,88,0,92,68,0,160,1,128,119,0,248,287,0,287,535
09/03/2021,VRB,FL,ASO,ES,Towers with Radar,2,37,45,0,84,0,36,50,0,86,2,73,95,0,170,190,0,190,360
09/04/2021,VRB,FL,ASO,ES,Towers with Radar,0,8,26,0,34,0,2,52,0,54,0,10,78,0,88,16,0,16,104
09/05/2021,VRB,FL,ASO,ES,Towers with Radar,0,5,13,0,18,0,1,43,0,44,0,6,56,0,62,0,0,0,62
09/06/2021,VRB,FL,ASO,ES,Towers with Radar,2,8,26,0,36,0,1,129,0,130,2,9,155,0,166,130,0,130,296
09/07/2021,VRB,FL,ASO,ES,Towers with Radar,0,27,29,0,56,0,84,86,0,170,0,111,115,0,226,353,0,353,579
09/08/2021,VRB,FL,ASO,ES,Towers with Radar,0,38,32,0,70,0,87,119,0,206,0,125,151,0,276,289,0,289,565
09/09/2021,VRB,FL,ASO,ES,Towers with Radar,0,27,30,0,57,0,77,71,0,148,0,104,101,0,205,284,0,284,489
09/10/2021,VRB,FL,ASO,ES,Towers with Radar,0,20,35,0,55,0,78,99,0,177,0,98,134,0,232,387,0,387,619
09/11/2021,VRB,FL,ASO,ES,Towers with Radar,0,16,16,0,32,0,4,45,0,49,0,20,61,0,81,25,0,25,106
09/12/2021,VRB,FL,ASO,ES,Towers with Radar,0,13,40,0,53,0,0,48,0,48,0,13,88,0,101,10,0,10,111
09/13/2021,VRB,FL,ASO,ES,Towers with Radar,0,15,15,0,30,0,58,70,0,128,0,73,85,0,158,411,0,411,569
09/14/2021,VRB,FL,ASO,ES,Towers with Radar,0,46,41,0,87,0,77,119,0,196,0,123,160,0,283,481,0,481,764
09/15/2021,VRB,FL,ASO,ES,Towers with Radar,0,42,37,0,79,0,90,106,0,196,0,132,143,0,275,322,0,322,597
09/16/2021,VRB,FL,ASO,ES,Towers with Radar,0,28,42,0,70,0,63,103,0,166,0,91,145,0,236,284,0,284,520
09/17/2021,VRB,FL,ASO,ES,Towers with Radar,0,18,26,2,46,0,79,84,0,163,0,97,110,2,209,225,0,225,434
09/18/2021,VRB,FL,ASO,ES,Towers with Radar,0,13,26,0,39,0,1,57,0,58,0,14,83,0,97,9,0,9,106
09/19/2021,VRB,FL,ASO,ES,Towers with Radar,0,8,33,0,41,0,0,43,0,43,0,8,76,0,84,44,0,44,128
09/20/2021,VRB,FL,ASO,ES,Towers with Radar,0,8,27,0,35,0,71,56,0,127,0,79,83,0,162,119,0,119,281
09/21/2021,VRB,FL,ASO,ES,Towers with Radar,0,27,32,0,59,0,52,44,0,96,0,79,76,0,155,46,0,46,201
09/22/2021,VRB,FL,ASO,ES,Towers with Radar,0,33,45,0,78,0,76,79,0,155,0,109,124,0,233,54,0,54,287
09/23/2021,VRB,FL,ASO,ES,Towers with Radar,0,32,40,0,72,0,21,45,3,69,0,53,85,3,141,64,0,64,205
09/24/2021,VRB,FL,ASO,ES,Towers with Radar,0,28,37,0,65,0,118,120,0,238,0,146,157,0,303,110,0,110,413
09/25/2021,VRB,FL,ASO,ES,Towers with Radar,0,14,26,0,40,0,8,73,0,81,0,22,99,0,121,25,0,25,146
09/26/2021,VRB,FL,ASO,ES,Towers with Radar,0,13,27,1,41,0,3,70,0,73,0,16,97,1,114,10,0,10,124
09/27/2021,VRB,FL,ASO,ES,Towers with Radar,0,17,35,0,52,0,95,131,0,226,0,112,166,0,278,80,0,80,358
09/28/2021,VRB,FL,ASO,ES,Towers with Radar,0,33,31,0,64,0,101,110,0,211,0,134,141,0,275,84,0,84,359
09/29/2021,VRB,FL,ASO,ES,Towers with Radar,0,22,45,0,67,0,113,106,0,219,0,135,151,0,286,73,0,73,359
09/30/2021,VRB,FL,ASO,ES,Towers with Radar,0,20,43,0,63,0,138,130,0,268,0,158,173,0,331,101,0,101,432
10/01/2021,VRB,FL,ASO,ES,Towers with Radar,0,16,50,0,66,0,87,85,0,172,0,103,135,0,238,37,0,37,275
10/02/2021,VRB,FL,ASO,ES,Towers with Radar,0,12,24,0,36,0,4,44,0,48,0,16,68,0,84,6,0,6,90
10/03/2021,VRB,FL,ASO,ES,Towers with Radar,0,24,34,0,58,0,8,34,0,42,0,32,68,0,100,13,0,13,113
10/04/2021,VRB,FL,ASO,ES,Towers with Radar,0,15,36,0,51,0,127,106,0,233,0,142,142,0,284,92,0,92,376
10/05/2021,VRB,FL,ASO,ES,Towers with Radar,0,30,35,0,65,0,112,107,1,220,0,142,142,1,285,51,0,51,336
10/06/2021,VRB,FL,ASO,ES,Towers with Radar,0,32,41,1,74,0,112,153,0,265,0,144,194,1,339,50,0,50,389
10/07/2021,VRB,FL,ASO,ES,Towers with Radar,0,46,30,0,76,0,69,76,1,146,0,115,106,1,222,83,0,83,305
10/08/2021,VRB,FL,ASO,ES,Towers with Radar,0,26,35,0,61,0,53,68,0,121,0,79,103,0,182,25,0,25,207
10/09/2021,VRB,FL,ASO,ES,Towers with Radar,0,13,27,0,40,0,7,19,0,26,0,20,46,0,66,17,0,17,83
10/10/2021,VRB,FL,ASO,ES,Towers with Radar,0,9,31,0,40,0,1,50,0,51,0,10,81,0,91,36,0,36,127
10/11/2021,VRB,FL,ASO,ES,Towers with Radar,0,32,48,0,80,0,114,97,0,211,0,146,145,0,291,71,0,71,362
10/12/2021,VRB,FL,ASO,ES,Towers with Radar,0,56,41,1,98,0,94,122,1,217,0,150,163,2,315,102,0,102,417
10/13/2021,VRB,FL,ASO,ES,Towers with Radar,0,41,48,0,89,0,96,136,0,232,0,137,184,0,321,82,0,82,403
10/14/2021,VRB,FL,ASO,ES,Towers with Radar,0,45,48,0,93,0,133,101,0,234,0,178,149,0,327,59,0,59,386
10/15/2021,VRB,FL,ASO,ES,Towers with Radar,0,28,43,0,71,0,59,85,0,144,0,87,128,0,215,107,0,107,322
10/16/2021,VRB,FL,ASO,ES,Towers with Radar,0,22,15,0,37,0,45,101,0,146,0,67,116,0,183,48,0,48,231
10/17/2021,VRB,FL,ASO,ES,Towers with Radar,0,17,41,0,58,0,8,35,0,43,0,25,76,0,101,10,0,10,111
10/18/2021,VRB,FL,ASO,ES,Towers with Radar,0,28,34,0,62,0,101,98,0,199,0,129,132,0,261,87,0,87,348
10/19/2021,VRB,FL,ASO,ES,Towers with Radar,0,32,38,0,70,0,107,103,0,210,0,139,141,0,280,64,0,64,344
10/20/2021,VRB,FL,ASO,ES,Towers with Radar,0,51,54,0,105,0,118,106,0,224,0,169,160,0,329,51,0,51,380
10/21/2021,VRB,FL,ASO,ES,Towers with Radar,0,42,49,0,91,0,110,148,0,258,0,152,197,0,349,37,0,37,386
10/22/2021,VRB,FL,ASO,ES,Towers with Radar,0,39,37,0,76,0,113,127,0,240,0,152,164,0,316,110,0,110,426
10/23/2021,VRB,FL,ASO,ES,Towers with Radar,0,29,18,0,47,0,8,51,0,59,0,37,69,0,106,22,0,22,128
10/24/2021,VRB,FL,ASO,ES,Towers with Radar,0,21,35,0,56,0,0,32,0,32,0,21,67,0,88,11,0,11,99
10/25/2021,VRB,FL,ASO,ES,Towers with Radar,0,38,40,0,78,0,59,24,0,83,0,97,64,0,161,54,0,54,215
10/26/2021,VRB,FL,ASO,ES,Towers with Radar,0,50,47,0,97,0,43,63,0,106,0,93,110,0,203,26,0,26,229
10/27/2021,VRB,FL,ASO,ES,Towers with Radar,0,51,46,0,97,0,155,152,0,307,0,206,198,0,404,28,0,28,432
10/28/2021,VRB,FL,ASO,ES,Towers with Radar,0,40,52,2,94,0,60,62,0,122,0,100,114,2,216,11,0,11,227
10/29/2021,VRB,FL,ASO,ES,Towers with Radar,0,56,60,0,116,0,69,59,0,128,0,125,119,0,244,16,0,16,260
10/30/2021,VRB,FL,ASO,ES,Towers with Radar,0,24,35,0,59,0,14,30,0,44,0,38,65,0,103,7,0,7,110
10/31/2021,VRB,FL,ASO,ES,Towers with Radar,0,20,60,0,80,0,34,48,0,82,0,54,108,0,162,15,0,15,177
11/01/2021,VRB,FL,ASO,ES,Towers with Radar,0,68,57,0,125,0,131,105,0,236,0,199,162,0,361,64,0,64,425
11/02/2021,VRB,FL,ASO,ES,Towers with Radar,0,43,37,0,80,0,106,126,0,232,0,149,163,0,312,86,0,86,398
11/03/2021,VRB,FL,ASO,ES,Towers with Radar,0,55,42,0,97,0,113,149,0,262,0,168,191,0,359,49,0,49,408
11/04/2021,VRB,FL,ASO,ES,Towers with Radar,0,73,44,0,117,0,127,116,0,243,0,200,160,0,360,42,0,42,402
11/05/2021,VRB,FL,ASO,ES,Towers with Radar,0,14,10,0,24,0,0,0,0,0,0,14,10,0,24,0,0,0,24
11/06/2021,VRB,FL,ASO,ES,Towers with Radar,0,11,21,0,32,0,4,30,0,34,0,15,51,0,66,5,0,5,71
11/07/2021,VRB,FL,ASO,ES,Towers with Radar,0,21,30,0,51,0,3,40,0,43,0,24,70,0,94,27,0,27,121
11/08/2021,VRB,FL,ASO,ES,Towers with Radar,0,43,39,0,82,0,118,112,0,230,0,161,151,0,312,39,0,39,351
11/09/2021,VRB,FL,ASO,ES,Towers with Radar,0,51,40,0,91,0,157,142,0,299,0,208,182,0,390,108,0,108,498
11/10/2021,VRB,FL,ASO,ES,Towers with Radar,0,94,55,0,149,0,21,9,0,30,0,115,64,0,179,34,0,34,213
11/11/2021,VRB,FL,ASO,ES,Towers with Radar,0,50,53,0,103,0,129,84,0,213,0,179,137,0,316,56,0,56,372
11/12/2021,VRB,FL,ASO,ES,Towers with Radar,0,42,44,0,86,0,16,25,0,41,0,58,69,0,127,64,0,64,191
11/13/2021,VRB,FL,ASO,ES,Towers with Radar,0,31,55,0,86,0,6,81,0,87,0,37,136,0,173,34,0,34,207
11/14/2021,VRB,FL,ASO,ES,Towers with Radar,0,32,49,0,81,0,2,87,0,89,0,34,136,0,170,40,0,40,210
11/15/2021,VRB,FL,ASO,ES,Towers with Radar,0,18,22,0,40,0,160,143,0,303,0,178,165,0,343,34,0,34,377
11/16/2021,VRB,FL,ASO,ES,Towers with Radar,0,11,29,0,40,0,135,156,0,291,0,146,185,0,331,36,0,36,367
11/17/2021,VRB,FL,ASO,ES,Towers with Radar,0,26,27,0,53,0,150,129,0,279,0,176,156,0,332,44,0,44,376
11/18/2021,VRB,FL,ASO,ES,Towers with Radar,0,44,33,0,77,0,79,66,0,145,0,123,99,0,222,8,0,8,230
11/19/2021,VRB,FL,ASO,ES,Towers with Radar,0,15,34,0,49,0,30,59,0,89,0,45,93,0,138,35,0,35,173
11/20/2021,VRB,FL,ASO,ES,Towers with Radar,0,21,42,0,63,0,4,12,0,16,0,25,54,0,79,6,0,6,85
11/21/2021,VRB,FL,ASO,ES,Towers with Radar,0,27,31,0,58,0,0,4,0,4,0,27,35,0,62,0,0,0,62
11/22/2021,VRB,FL,ASO,ES,Towers with Radar,0,90,38,0,128,0,51,74,0,125,0,141,112,0,253,21,0,21,274
11/23/2021,VRB,FL,ASO,ES,Towers with Radar,0,68,57,0,125,0,52,82,0,134,0,120,139,0,259,42,0,42,301
11/24/2021,VRB,FL,ASO,ES,Towers with Radar,0,68,46,0,114,0,113,112,0,225,0,181,158,0,339,47,0,47,386
11/25/2021,VRB,FL,ASO,ES,Towers with Radar,0,8,11,0,19,0,0,44,0,44,0,8,55,0,63,9,0,9,72
11/26/2021,VRB,FL,ASO,ES,Towers with Radar,0,30,33,0,63,0,5,119,0,124,0,35,152,0,187,82,0,82,269
11/27/2021,VRB,FL,ASO,ES,Towers with Radar,0,31,39,0,70,0,9,57,0,66,0,40,96,0,136,20,0,20,156
11/28/2021,VRB,FL,ASO,ES,Towers with Radar,0,29,52,0,81,0,3,57,0,60,0,32,109,0,141,14,0,14,155
11/29/2021,VRB,FL,ASO,ES,Towers with Radar,0,90,52,0,142,0,124,137,0,261,0,214,189,0,403,67,0,67,470
11/30/2021,VRB,FL,ASO,ES,Towers with Radar,0,58,29,2,89,0,142,133,0,275,0,200,162,2,364,87,0,87,451
12/01/2021,VRB,FL,ASO,ES,Towers with Radar,0,82,34,0,116,0,136,145,0,281,0,218,179,0,397,122,0,122,519
12/02/2021,VRB,FL,ASO,ES,Towers with Radar,0,80,52,0,132,0,132,121,1,254,0,212,173,1,386,58,0,58,444
12/03/2021,VRB,FL,ASO,ES,Towers with Radar,0,73,39,0,112,0,99,144,0,243,0,172,183,0,355,56,0,56,411
12/04/2021,VRB,FL,ASO,ES,Towers with Radar,0,19,33,0,52,0,14,113,5,132,0,33,146,5,184,34,9,43,227
12/05/2021,VRB,FL,ASO,ES,Towers with Radar,0,26,32,0,58,0,12,70,0,82,0,38,102,0,140,13,0,13,153
12/06/2021,VRB,FL,ASO,ES,Towers with Radar,0,88,39,0,127,0,64,61,0,125,0,152,100,0,252,66,0,66,318
12/07/2021,VRB,FL,ASO,ES,Towers with Radar,0,54,33,0,87,0,121,115,0,236,0,175,148,0,323,16,0,16,339
12/08/2021,VRB,FL,ASO,ES,Towers with Radar,0,82,39,0,121,0,117,123,0,240,0,199,162,0,361,71,0,71,432
12/09/2021,VRB,FL,ASO,ES,Towers with Radar,0,85,40,0,125,0,68,94,0,162,0,153,134,0,287,45,0,45,332
12/10/2021,VRB,FL,ASO,ES,Towers with Radar,0,70,45,0,115,0,95,157,0,252,0,165,202,0,367,77,0,77,444
12/11/2021,VRB,FL,ASO,ES,Towers with Radar,0,18,37,0,55,0,21,90,0,111,0,39,127,0,166,46,0,46,212
12/12/2021,VRB,FL,ASO,ES,Towers with Radar,0,22,48,0,70,0,4,75,0,79,0,26,123,0,149,24,0,24,173
12/13/2021,VRB,FL,ASO,ES,Towers with Radar,0,69,48,0,117,0,112,126,0,238,0,181,174,0,355,93,0,93,448
12/14/2021,VRB,FL,ASO,ES,Towers with Radar,0,59,40,0,99,0,26,28,0,54,0,85,68,0,153,48,0,48,201
12/15/2021,VRB,FL,ASO,ES,Towers with Radar,0,84,55,0,139,0,33,59,0,92,0,117,114,0,231,89,0,89,320
12/16/2021,VRB,FL,ASO,ES,Towers with Radar,0,54,50,0,104,0,116,142,0,258,0,170,192,0,362,53,0,53,415
12/17/2021,VRB,FL,ASO,ES,Towers with Radar,0,38,60,0,98,0,117,161,0,278,0,155,221,0,376,56,0,56,432
12/18/2021,VRB,FL,ASO,ES,Towers with Radar,0,18,42,0,60,0,6,56,0,62,0,24,98,0,122,28,0,28,150
12/19/2021,VRB,FL,ASO,ES,Towers with Radar,0,31,37,0,68,0,2,35,0,37,0,33,72,0,105,37,0,37,142
12/20/2021,VRB,FL,ASO,ES,Towers with Radar,0,51,43,0,94,0,17,53,0,70,0,68,96,0,164,70,0,70,234
12/21/2021,VRB,FL,ASO,ES,Towers with Radar,0,20,29,0,49,0,1,14,0,15,0,21,43,0,64,0,0,0,64
12/22/2021,VRB,FL,ASO,ES,Towers with Radar,0,64,38,0,102,0,58,120,0,178,0,122,158,0,280,101,0,101,381
12/23/2021,VRB,FL,ASO,ES,Towers with Radar,0,51,69,0,120,0,75,138,0,213,0,126,207,0,333,66,0,66,399
12/24/2021,VRB,FL,ASO,ES,Towers with Radar,0,14,22,0,36,0,0,35,0,35,0,14,57,0,71,28,0,28,99
12/25/2021,VRB,FL,ASO,ES,Towers with Radar,0,26,5,0,31,0,0,30,0,30,0,26,35,0,61,2,0,2,63
12/26/2021,VRB,FL,ASO,ES,Towers with Radar,0,35,59,0,94,0,0,76,0,76,0,35,135,0,170,31,0,31,201
12/27/2021,VRB,FL,ASO,ES,Towers with Radar,0,58,50,0,108,0,7,138,0,145,0,65,188,0,253,86,0,86,339
12/28/2021,VRB,FL,ASO,ES,Towers with Radar,0,51,58,0,109,0,46,140,0,186,0,97,198,0,295,65,0,65,360
12/29/2021,VRB,FL,ASO,ES,Towers with Radar,0,46,57,0,103,0,47,155,0,202,0,93,212,0,305,85,0,85,390
12/30/2021,VRB,FL,ASO,ES,Towers with Radar,0,45,58,0,103,0,46,126,0,172,0,91,184,0,275,58,0,58,333
12/31/2021,VRB,FL,ASO,ES,Towers with Radar,0,26,47,0,73,0,0,58,0,58,0,26,105,0,131,5,0,5,136
01/01/2022,VRB,FL,ASO,ES,Towers with Radar,0,17,30,0,47,0,0,25,0,25,0,17,55,0,72,13,0,13,85
01/02/2022,VRB,FL,ASO,ES,Towers with Radar,0,37,44,0,81,0,2,68,0,70,0,39,112,0,151,29,0,29,180
01/03/2022,VRB,FL,ASO,ES,Towers with Radar,0,54,45,0,99,0,30,48,0,78,0,84,93,0,177,77,0,77,254
01/04/2022,VRB,FL,ASO,ES,Towers with Radar,0,55,49,0,104,0,94,88,0,182,0,149,137,0,286,18,0,18,304
01/05/2022,VRB,FL,ASO,ES,Towers with Radar,0,53,54,0,107,0,79,94,1,174,0,132,148,1,281,54,0,54,335
01/06/2022,VRB,FL,ASO,ES,Towers with Radar,0,84,49,0,133,0,96,138,0,234,0,180,187,0,367,43,0,43,410
01/07/2022,VRB,FL,ASO,ES,Towers with Radar,0,43,49,0,92,0,57,123,0,180,0,100,172,0,272,73,0,73,345
01/08/2022,VRB,FL,ASO,ES,Towers with Radar,0,34,32,1,67,0,7,53,4,64,0,41,85,5,131,4,0,4,135
01/09/2022,VRB,FL,ASO,ES,Towers with Radar,0,30,30,6,66,0,2,43,1,46,0,32,73,7,112,24,0,24,136
01/10/2022,VRB,FL,ASO,ES,Towers with Radar,0,39,27,0,66,0,66,74,0,140,0,105,101,0,206,38,0,38,244
01/11/2022,VRB,FL,ASO,ES,Towers with Radar,0,36,44,0,80,0,59,47,0,106,0,95,91,0,186,11,0,11,197
01/12/2022,VRB,FL,ASO,ES,Towers with Radar,0,43,54,2,99,0,57,37,0,94,0,100,91,2,193,12,0,12,205
01/13/2022,VRB,FL,ASO,ES,Towers with Radar,0,59,63,0,122,0,87,104,0,191,0,146,167,0,313,83,0,83,396
01/14/2022,VRB,FL,ASO,ES,Towers with Radar,0,83,70,0,153,0,44,120,0,164,0,127,190,0,317,37,0,37,354
01/15/2022,VRB,FL,ASO,ES,Towers with Radar,0,27,49,0,76,0,25,95,0,120,0,52,144,0,196,57,0,57,253
01/16/2022,VRB,FL,ASO,ES,Towers with Radar,0,21,14,0,35,0,2,7,0,9,0,23,21,0,44,0,0,0,44
01/17/2022,VRB,FL,ASO,ES,Towers with Radar,0,21,27,0,48,0,57,71,0,128,0,78,98,0,176,19,0,19,195
01/18/2022,VRB,FL,ASO,ES,Towers with Radar,0,22,32,0,54,0,107,144,0,251,0,129,176,0,305,60,0,60,365
01/19/2022,VRB,FL,ASO,ES,Towers with Radar,0,17,29,0,46,0,95,135,0,230,0,112,164,0,276,85,0,85,361
01/20/2022,VRB,FL,ASO,ES,Towers with Radar,0,23,53,0,76,0,76,131,1,208,0,99,184,1,284,93,0,93,377
01/21/2022,VRB,FL,ASO,ES,Towers with Radar,0,63,53,0,116,0,88,122,0,210,0,151,175,0,326,51,0,51,377
01/22/2022,VRB,FL,ASO,ES,Towers with Radar,0,19,32,0,51,0,0,0,0,0,0,19,32,0,51,0,0,0,51
01/23/2022,VRB,FL,ASO,ES,Towers with Radar,0,19,48,0,67,0,0,15,0,15,0,19,63,0,82,20,0,20,102
01/24/2022,VRB,FL,ASO,ES,Towers with Radar,0,44,54,0,98,0,116,140,0,256,0,160,194,0,354,76,0,76,430
01/25/2022,VRB,FL,ASO,ES,Towers with Radar,0,37,50,0,87,0,118,79,0,197,0,155,129,0,284,81,0,81,365
01/26/2022,VRB,FL,ASO,ES,Towers with Radar,0,44,40,3,87,0,0,0,0,0,0,44,40,3,87,0,0,0,87
01/27/2022,VRB,FL,ASO,ES,Towers with Radar,0,62,49,0,111,0,42,73,0,115,0,104,122,0,226,82,0,82,308
01/28/2022,VRB,FL,ASO,ES,Towers with Radar,0,36,55,0,91,0,8,14,0,22,0,44,69,0,113,4,0,4,117
01/29/2022,VRB,FL,ASO,ES,Towers with Radar,0,22,8,0,30,0,4,19,0,23,0,26,27,0,53,10,0,10,63
01/30/2022,VRB,FL,ASO,ES,Towers with Radar,0,16,42,0,58,0,4,94,0,98,0,20,136,0,156,32,0,32,188
01/31/2022,VRB,FL,ASO,ES,Towers with Radar,1,62,30,2,95,0,129,162,0,291,1,191,192,2,386,108,0,108,494
02/01/2022,VRB,FL,ASO,ES,Towers with Radar,0,46,45,0,91,0,132,121,0,253,0,178,166,0,344,62,0,62,406
02/02/2022,VRB,FL,ASO,ES,Towers with Radar,0,54,41,0,95,0,91,116,0,207,0,145,157,0,302,22,0,22,324
02/03/2022,VRB,FL,ASO,ES,Towers with Radar,0,46,40,0,86,0,74,102,0,176,0,120,142,0,262,85,0,85,347
02/04/2022,VRB,FL,ASO,ES,Towers with Radar,0,48,46,0,94,0,94,139,0,233,0,142,185,0,327,65,0,65,392
02/05/2022,VRB,FL,ASO,ES,Towers with Radar,0,28,46,0,74,0,0,7,0,7,0,28,53,0,81,23,0,23,104
02/06/2022,VRB,FL,ASO,ES,Towers with Radar,0,37,26,0,63,0,3,25,0,28,0,40,51,0,91,50,0,50,141
02/07/2022,VRB,FL,ASO,ES,Towers with Radar,0,35,41,0,76,0,32,37,0,69,0,67,78,0,145,71,0,71,216
02/08/2022,VRB,FL,ASO,ES,Towers with Radar,0,41,59,0,100,0,50,38,0,88,0,91,97,0,188,19,0,19,207
02/09/2022,VRB,FL,ASO,ES,Towers with Radar,0,78,64,1,143,0,110,65,0,175,0,188,129,1,318,183,0,183,501
02/10/2022,VRB,FL,ASO,ES,Towers with Radar,0,60,86,0,146,0,140,177,0,317,0,200,263,0,463,115,0,115,578
02/11/2022,VRB,FL,ASO,ES,Towers with Radar,0,51,72,0,123,0,152,135,0,287,0,203,207,0,410,83,0,83,493
02/12/2022,VRB,FL,ASO,ES,Towers with Radar,0,51,30,0,81,0,78,92,0,170,0,129,122,0,251,36,0,36,287
02/13/2022,VRB,FL,ASO,ES,Towers with Radar,0,25,35,0,60,0,1,14,0,15,0,26,49,0,75,10,0,10,85
02/14/2022,VRB,FL,ASO,ES,Towers with Radar,0,53,47,0,100,0,61,55,0,116,0,114,102,0,216,36,0,36,252
02/15/2022,VRB,FL,ASO,ES,Towers with Radar,0,39,36,0,75,0,82,90,0,172,0,121,126,0,247,61,0,61,308
02/16/2022,VRB,FL,ASO,ES,Towers with Radar,0,54,41,0,95,0,84,52,0,136,0,138,93,0,231,75,0,75,306
02/17/2022,VRB,FL,ASO,ES,Towers with Radar,0,52,51,0,103,0,69,53,0,122,0,121,104,0,225,40,0,40,265
02/18/2022,VRB,FL,ASO,ES,Towers with Radar,0,69,53,0,122,0,65,156,0,221,0,134,209,0,343,122,0,122,465
02/19/2022,VRB,FL,ASO,ES,Towers with Radar,0,58,60,0,118,0,0,11,0,11,0,58,71,0,129,14,0,14,143
02/20/2022,VRB,FL,ASO,ES,Towers with Radar,0,27,50,0,77,0,1,72,0,73,0,28,122,0,150,29,0,29,179
02/21/2022,VRB,FL,ASO,ES,Towers with Radar,0,59,42,0,101,0,151,113,0,264,0,210,155,0,365,151,0,151,516
02/22/2022,VRB,FL,ASO,ES,Towers with Radar,0,56,57,0,113,0,144,133,0,277,0,200,190,0,390,76,0,76,466
02/23/2022,VRB,FL,ASO,ES,Towers with Radar,0,65,46,0,111,0,105,105,0,210,0,170,151,0,321,103,0,103,424
02/24/2022,VRB,FL,ASO,ES,Towers with Radar,0,55,30,0,85,0,109,107,0,216,0,164,137,0,301,99,0,99,400
02/25/2022,VRB,FL,ASO,ES,Towers with Radar,0,46,30,0,76,0,120,144,0,264,0,166,174,0,340,117,0,117,457
02/26/2022,VRB,FL,ASO,ES,Towers with Radar,0,46,59,0,105,0,61,81,0,142,0,107,140,0,247,57,0,57,304
02/27/2022,VRB,FL,ASO,ES,Towers with Radar,0,30,59,0,89,0,3,69,0,72,0,33,128,0,161,69,0,69,230
02/28/2022,VRB,FL,ASO,ES,Towers with Radar,0,75,51,0,126,0,100,114,0,214,0,175,165,0,340,186,0,186,526
03/01/2022,VRB,FL,ASO,ES,Towers with Radar,0,79,69,0,148,0,34,76,0,110,0,113,145,0,258,64,0,64,322
03/02/2022,VRB,FL,ASO,ES,Towers with Radar,0,74,62,0,136,0,131,180,0,311,0,205,242,0,447,136,0,136,583
03/03/2022,VRB,FL,ASO,ES,Towers with Radar,0,58,55,0,113,0,113,136,0,249,0,171,191,0,362,256,0,256,618
03/04/2022,VRB,FL,ASO,ES,Towers with Radar,0,60,40,3,103,0,137,105,0,242,0,197,145,3,345,269,0,269,614
03/05/2022,VRB,FL,ASO,ES,Towers with Radar,0,47,48,0,95,0,19,61,0,80,0,66,109,0,175,25,0,25,200
03/06/2022,VRB,FL,ASO,ES,Towers with Radar,0,23,45,0,68,0,4,38,0,42,0,27,83,0,110,0,0,0,110
03/07/2022,VRB,FL,ASO,ES,Towers with Radar,0,38,44,0,82,0,105,63,0,168,0,143,107,0,250,282,0,282,532
03/08/2022,VRB,FL,ASO,ES,Towers with Radar,0,43,43,0,86,0,106,99,0,205,0,149,142,0,291,160,0,160,451
03/09/2022,VRB,FL,ASO,ES,Towers with Radar,0,45,48,0,93,0,74,85,0,159,0,119,133,0,252,145,0,145,397
03/10/2022,VRB,FL,ASO,ES,Towers with Radar,0,63,45,0,108,0,55,103,0,158,0,118,148,0,266,163,0,163,429
03/11/2022,VRB,FL,ASO,ES,Towers with Radar,0,56,77,0,133,0,80,98,0,178,0,136,175,0,311,230,0,230,541
03/12/2022,VRB,FL,ASO,ES,Towers with Radar,0,16,26,0,42,0,0,3,0,3,0,16,29,0,45,5,0,5,50
03/13/2022,VRB,FL,ASO,ES,Towers with Radar,0,30,69,0,99,0,2,49,0,51,0,32,118,0,150,26,0,26,176
03/14/2022,VRB,FL,ASO,ES,Towers with Radar,0,64,42,2,108,0,111,78,0,189,0,175,120,2,297,279,0,279,576
03/15/2022,VRB,FL,ASO,ES,Towers with Radar,0,42,61,0,103,0,60,77,0,137,0,102,138,0,240,242,0,242,482
03/16/2022,VRB,FL,ASO,ES,Towers with Radar,0,62,36,0,98,0,28,62,0,90,0,90,98,0,188,88,0,88,276
03/17/2022,VRB,FL,ASO,ES,Towers with Radar,0,68,73,0,141,0,93,145,0,238,0,161,218,0,379,332,0,332,711
03/18/2022,VRB,FL,ASO,ES,Towers with Radar,0,43,73,0,116,0,83,115,0,198,0,126,188,0,314,251,0,251,565
03/19/2022,VRB,FL,ASO,ES,Towers with Radar,0,45,56,0,101,0,22,50,0,72,0,67,106,0,173,69,0,69,242
03/20/2022,VRB,FL,ASO,ES,Towers with Radar,0,31,61,0,92,0,3,62,0,65,0,34,123,0,157,30,0,30,187
03/21/2022,VRB,FL,ASO,ES,Towers with Radar,0,40,49,3,92,0,78,105,0,183,0,118,154,3,275,175,0,175,450
03/22/2022,VRB,FL,ASO,ES,Towers with Radar,0,46,46,0,92,0,106,111,0,217,0,152,157,0,309,298,0,298,607
03/23/2022,VRB,FL,ASO,ES,Towers with Radar,0,47,39,0,86,0,45,91,0,136,0,92,130,0,222,137,0,137,359
03/24/2022,VRB,FL,ASO,ES,Towers with Radar,0,29,27,0,56,0,53,43,2,98,0,82,70,2,154,126,0,126,280
03/25/2022,VRB,FL,ASO,ES,Towers with Radar,1,85,53,0,139,0,135,135,0,270,1,220,188,0,409,361,0,361,770
03/26/2022,VRB,FL,ASO,ES,Towers with Radar,0,32,35,0,67,0,31,115,0,146,0,63,150,0,213,138,0,138,351
03/27/2022,VRB,FL,ASO,ES,Towers with Radar,0,44,50,0,94,0,3,84,0,87,0,47,134,0,181,25,0,25,206
03/28/2022,VRB,FL,ASO,ES,Towers with Radar,0,30,48,0,78,0,116,116,0,232,0,146,164,0,310,406,0,406,716
03/29/2022,VRB,FL,ASO,ES,Towers with Radar,1,43,52,0,96,0,117,165,0,282,1,160,217,0,378,363,0,363,741
03/30/2022,VRB,FL,ASO,ES,Towers with Radar,0,42,63,1,106,0,74,90,0,164,0,116,153,1,270,109,0,109,379
03/31/2022,VRB,FL,ASO,ES,Towers with Radar,0,40,35,0,75,0,38,63,0,101,0,78,98,0,176,76,0,76,252
04/01/2022,VRB,FL,ASO,ES,Towers with Radar,0,43,46,0,89,0,30,17,0,47,0,73,63,0,136,116,0,116,252
04/02/2022,VRB,FL,ASO,ES,Towers with Radar,1,26,35,1,63,0,11,21,0,32,1,37,56,1,95,77,0,77,172
04/03/2022,VRB,FL,ASO,ES,Towers with Radar,1,37,66,3,107,0,14,50,1,65,1,51,116,4,172,26,0,26,198
04/04/2022,VRB,FL,ASO,ES,Towers with Radar,1,68,42,0,111,0,113,169,0,282,1,181,211,0,393,434,0,434,827
04/05/2022,VRB,FL,ASO,ES,Towers with Radar,1,58,37,0,96,0,79,122,0,201,1,137,159,0,297,215,0,215,512
04/06/2022,VRB,FL,ASO,ES,Towers with Radar,1,53,45,0,99,0,88,103,1,192,1,141,148,1,291,171,0,171,462
04/07/2022,VRB,FL,ASO,ES,Towers with Radar,1,30,47,0,78,0,44,55,0,99,1,74,102,0,177,132,0,132,309
04/08/2022,VRB,FL,ASO,ES,Towers with Radar,2,59,53,0,114,0,101,177,0,278,2,160,230,0,392,337,0,337,729
04/09/2022,VRB,FL,ASO,ES,Towers with Radar,1,26,38,0,65,0,31,83,0,114,1,57,121,0,179,136,0,136,315
04/10/2022,VRB,FL,ASO,ES,Towers with Radar,1,21,56,0,78,0,6,126,0,132,1,27,182,0,210,10,0,10,220
04/11/2022,VRB,FL,ASO,ES,Towers with Radar,1,52,49,2,104,0,115,141,0,256,1,167,190,2,360,436,0,436,796
04/12/2022,VRB,FL,ASO,ES,Towers with Radar,1,51,51,2,105,0,129,125,0,254,1,180,176,2,359,385,0,385,744
04/13/2022,VRB,FL,ASO,ES,Towers with Radar,2,58,40,2,102,0,93,129,0,222,2,151,169,2,324,496,0,496,820
04/14/2022,VRB,FL,ASO,ES,Towers with Radar,1,78,53,0,132,0,109,134,0,243,1,187,187,0,375,572,0,572,947
04/15/2022,VRB,FL,ASO,ES,Towers with Radar,2,56,50,0,108,0,33,38,0,71,2,89,88,0,179,241,0,241,420
04/16/2022,VRB,FL,ASO,ES,Towers with Radar,2,26,40,0,68,0,43,109,0,152,2,69,149,0,220,160,0,160,380
04/17/2022,VRB,FL,ASO,ES,Towers with Radar,1,24,32,0,57,0,1,37,0,38,1,25,69,0,95,20,0,20,115
04/18/2022,VRB,FL,ASO,ES,Towers with Radar,1,80,69,0,150,0,97,100,0,197,1,177,169,0,347,384,0,384,731
04/19/2022,VRB,FL,ASO,ES,Towers with Radar,1,70,48,4,123,0,69,67,0,136,1,139,115,4,259,166,0,166,425
04/20/2022,VRB,FL,ASO,ES,Towers with Radar,1,76,54,0,131,0,67,85,0,152,1,143,139,0,283,215,0,215,498
04/21/2022,VRB,FL,ASO,ES,Towers with Radar,1,82,47,0,130,0,74,94,1,169,1,156,141,1,299,158,0,158,457
04/22/2022,VRB,FL,ASO,ES,Towers with Radar,2,73,74,0,149,0,70,68,0,138,2,143,142,0,287,228,0,228,515
04/23/2022,VRB,FL,ASO,ES,Towers with Radar,0,33,43,0,76,0,21,63,0,84,0,54,106,0,160,59,0,59,219
04/24/2022,VRB,FL,ASO,ES,Towers with Radar,1,30,51,0,82,0,7,49,0,56,1,37,100,0,138,46,0,46,184
04/25/2022,VRB,FL,ASO,ES,Towers with Radar,1,61,43,0,105,0,151,142,0,293,1,212,185,0,398,622,0,622,1020
04/26/2022,VRB,FL,ASO,ES,Towers with Radar,1,49,48,2,100,0,127,165,0,292,1,176,213,2,392,475,0,475,867
04/27/2022,VRB,FL,ASO,ES,Towers with Radar,2,29,34,5,70,0,122,146,0,268,2,151,180,5,338,250,0,250,588
04/28/2022,VRB,FL,ASO,ES,Towers with Radar,1,36,21,4,62,0,13,17,0,30,1,49,38,4,92,10,3,13,105
04/29/2022,VRB,FL,ASO,ES,Towers with Radar,0,18,12,4,34,0,4,20,1,25,0,22,32,5,59,4,0,4,63
04/30/2022,VRB,FL,ASO,ES,Towers with Radar,0,16,11,0,27,0,2,10,2,14,0,18,21,2,41,0,0,0,41
05/01/2022,VRB,FL,ASO,ES,Towers with Radar,0,15,18,4,37,0,3,11,3,17,0,18,29,7,54,1,2,3,57
05/02/2022,VRB,FL,ASO,ES,Towers with Radar,3,53,48,8,112,0,70,63,2,135,3,123,111,10,247,185,3,188,435
05/03/2022,VRB,FL,ASO,ES,Towers with Radar,0,58,56,0,114,0,110,120,0,230,0,168,176,0,344,315,0,315,659
05/04/2022,VRB,FL,ASO,ES,Towers with Radar,2,53,46,0,101,0,90,80,0,170,2,143,126,0,271,353,0,353,624
05/05/2022,VRB,FL,ASO,ES,Towers with Radar,0,62,59,0,121,0,131,137,0,268,0,193,196,0,389,304,0,304,693
05/06/2022,VRB,FL,ASO,ES,Towers with Radar,0,77,47,0,124,0,106,112,0,218,0,183,159,0,342,289,0,289,631
05/07/2022,VRB,FL,ASO,ES,Towers with Radar,2,28,24,0,54,0,8,19,0,27,2,36,43,0,81,10,0,10,91
05/08/2022,VRB,FL,ASO,ES,Towers with Radar,1,26,42,0,69,0,2,62,0,64,1,28,104,0,133,19,0,19,152
05/09/2022,VRB,FL,ASO,ES,Towers with Radar,1,39,48,0,88,0,106,105,0,211,1,145,153,0,299,200,0,200,499
05/10/2022,VRB,FL,ASO,ES,Towers with Radar,2,41,38,0,81,0,61,117,0,178,2,102,155,0,259,224,0,224,483
05/11/2022,VRB,FL,ASO,ES,Towers with Radar,1,49,30,0,80,0,51,72,0,123,1,100,102,0,203,240,0,240,443
05/12/2022,VRB,FL,ASO,ES,Towers with Radar,2,42,46,2,92,0,92,115,0,207,2,134,161,2,299,346,0,346,645
05/13/2022,VRB,FL,ASO,ES,Towers with Radar,1,24,46,0,71,0,109,74,0,183,1,133,120,0,254,243,0,243,497
05/14/2022,VRB,FL,ASO,ES,Towers with Radar,0,26,44,0,70,0,48,79,0,127,0,74,123,0,197,93,0,93,290
05/15/2022,VRB,FL,ASO,ES,Towers with Radar,1,28,37,0,66,0,4,65,0,69,1,32,102,0,135,24,0,24,159
05/16/2022,VRB,FL,ASO,ES,Towers with Radar,1,52,48,0,101,0,123,108,0,231,1,175,156,0,332,346,0,346,678
05/17/2022,VRB,FL,ASO,ES,Towers with Radar,1,63,54,0,118,0,95,129,0,224,1,158,183,0,342,364,0,364,706
05/18/2022,VRB,FL,ASO,ES,Towers with Radar,0,39,40,1,80,0,116,125,1,242,0,155,165,2,322,375,0,375,697
05/19/2022,VRB,FL,ASO,ES,Towers with Radar,2,41,58,0,101,0,149,104,1,254,2,190,162,1,355,511,0,511,866
05/20/2022,VRB,FL,ASO,ES,Towers with Radar,2,30,28,0,60,0,37,34,0,71,2,67,62,0,131,227,0,227,358
05/21/2022,VRB,FL,ASO,ES,Towers with Radar,0,14,21,0,35,0,13,20,0,33,0,27,41,0,68,40,0,40,108
05/22/2022,VRB,FL,ASO,ES,Towers with Radar,1,16,28,0,45,0,0,56,0,56,1,16,84,0,101,30,0,30,131
05/23/2022,VRB,FL,ASO,ES,Towers with Radar,1,32,43,0,76,0,121,106,0,227,1,153,149,0,303,442,0,442,745
05/24/2022,VRB,FL,ASO,ES,Towers with Radar,3,40,61,3,107,0,116,107,0,223,3,156,168,3,330,367,0,367,697
05/25/2022,VRB,FL,ASO,ES,Towers with Radar,1,45,52,1,99,0,66,98,0,164,1,111,150,1,263,339,0,339,602
05/26/2022,VRB,FL,ASO,ES,Towers with Radar,1,33,52,2,88,0,92,113,0,205,1,125,165,2,293,270,0,270,563
05/27/2022,VRB,FL,ASO,ES,Towers with Radar,0,35,32,0,67,0,55,80,0,135,0,90,112,0,202,155,0,155,357
05/28/2022,VRB,FL,ASO,ES,Towers with Radar,0,10,28,0,38,0,15,44,0,59,0,25,72,0,97,99,0,99,196
05/29/2022,VRB,FL,ASO,ES,Towers with Radar,2,12,28,0,42,0,3,41,0,44,2,15,69,0,86,2,0,2,88
05/30/2022,VRB,FL,ASO,ES,Towers with Radar,3,11,24,0,38,0,2,73,0,75,3,13,97,0,113,136,0,136,249
05/31/2022,VRB,FL,ASO,ES,Towers with Radar,1,39,63,0,103,0,96,94,0,190,1,135,157,0,293,275,0,275,568
06/01/2022,VRB,FL,ASO,ES,Towers with Radar,0,52,41,0,93,0,37,40,0,77,0,89,81,0,170,85,0,85,255
06/02/2022,VRB,FL,ASO,ES,Towers with Radar,0,46,38,0,84,0,119,125,0,244,0,165,163,0,328,432,0,432,760
06/03/2022,VRB,FL,ASO,ES,Towers with Radar,0,29,56,0,85,0,37,27,0,64,0,66,83,0,149,93,0,93,242
06/04/2022,VRB,FL,ASO,ES,Towers with Radar,1,12,6,0,19,0,0,3,0,3,1,12,9,0,22,0,0,0,22
06/05/2022,VRB,FL,ASO,ES,Towers with Radar,1,22,46,0,69,0,14,52,1,67,1,36,98,1,136,33,0,33,169
06/06/2022,VRB,FL,ASO,ES,Towers with Radar,0,22,39,0,61,0,88,96,0,184,0,110,135,0,245,341,0,341,586
06/07/2022,VRB,FL,ASO,ES,Towers with Radar,0,49,29,0,78,0,60,113,0,173,0,109,142,0,251,310,0,310,561
06/08/2022,VRB,FL,ASO,ES,Towers with Radar,0,26,28,0,54,0,81,106,0,187,0,107,134,0,241,327,0,327,568
06/09/2022,VRB,FL,ASO,ES,Towers with Radar,0,38,48,0,86,0,85,102,0,187,0,123,150,0,273,251,0,251,524
06/10/2022,VRB,FL,ASO,ES,Towers with Radar,0,25,35,0,60,0,57,83,0,140,0,82,118,0,200,115,0,115,315
06/11/2022,VRB,FL,ASO,ES,Towers with Radar,0,19,40,0,59,0,33,32,0,65,0,52,72,0,124,123,0,123,247
06/12/2022,VRB,FL,ASO,ES,Towers with Radar,0,15,24,0,39,0,2,61,0,63,0,17,85,0,102,8,0,8,110
06/13/2022,VRB,FL,ASO,ES,Towers with Radar,0,49,22,0,71,0,119,159,0,278,0,168,181,0,349,349,0,349,698
06/14/2022,VRB,FL,ASO,ES,Towers with Radar,1,20,36,0,57,0,91,135,2,228,1,111,171,2,285,439,10,449,734
06/15/2022,VRB,FL,ASO,ES,Towers with Radar,0,31,47,0,78,0,87,119,0,206,0,118,166,0,284,432,0,432,716
06/16/2022,VRB,FL,ASO,ES,Towers with Radar,0,25,35,0,60,0,93,133,1,227,0,118,168,1,287,399,0,399,686
06/17/2022,VRB,FL,ASO,ES,Towers with Radar,0,30,59,0,89,0,98,90,0,188,0,128,149,0,277,357,0,357,634
06/18/2022,VRB,FL,ASO,ES,Towers with Radar,0,8,27,0,35,0,49,69,0,118,0,57,96,0,153,185,0,185,338
06/19/2022,VRB,FL,ASO,ES,Towers with Radar,0,9,24,0,33,0,0,59,0,59,0,9,83,0,92,26,0,26,118
06/20/2022,VRB,FL,ASO,ES,Towers with Radar,0,41,45,0,86,0,59,95,0,154,0,100,140,0,240,273,0,273,513
06/21/2022,VRB,FL,ASO,ES,Towers with Radar,0,33,46,0,79,0,92,113,0,205,0,125,159,0,284,332,0,332,616
06/22/2022,VRB,FL,ASO,ES,Towers with Radar,0,28,47,1,76,0,112,137,0,249,0,140,184,1,325,420,0,420,745
06/23/2022,VRB,FL,ASO,ES,Towers with Radar,0,33,37,2,72,0,103,112,0,215,0,136,149,2,287,273,0,273,560
06/24/2022,VRB,FL,ASO,ES,Towers with Radar,0,36,47,1,84,0,67,92,0,159,0,103,139,1,243,283,0,283,526
06/25/2022,VRB,FL,ASO,ES,Towers with Radar,0,16,21,1,38,0,18,40,0,58,0,34,61,1,96,36,0,36,132
06/26/2022,VRB,FL,ASO,ES,Towers with Radar,1,9,15,0,25,0,1,37,0,38,1,10,52,0,63,28,0,28,91
06/27/2022,VRB,FL,ASO,ES,Towers with Radar,0,20,36,0,56,0,68,120,0,188,0,88,156,0,244,278,0,278,522
06/28/2022,VRB,FL,ASO,ES,Towers with Radar,0,79,32,0,111,0,70,109,0,179,0,149,141,0,290,256,0,256,546
06/29/2022,VRB,FL,ASO,ES,Towers with Radar,0,43,48,0,91,0,46,62,0,108,0,89,110,0,199,270,0,270,469
06/30/2022,VRB,FL,ASO,ES,Towers with Radar,1,36,34,0,71,0,41,63,0,104,1,77,97,0,175,229,0,229,404
07/01/2022,VRB,FL,ASO,ES,Towers with Radar,0,58,36,0,94,0,45,100,0,145,0,103,136,0,239,238,0,238,477
07/02/2022,VRB,FL,ASO,ES,Towers with Radar,0,21,35,0,56,0,19,29,0,48,0,40,64,0,104,114,0,114,218
07/03/2022,VRB,FL,ASO,ES,Towers with Radar,0,1,16,0,17,0,2,53,0,55,0,3,69,0,72,31,0,31,103
07/04/2022,VRB,FL,ASO,ES,Towers with Radar,0,6,15,0,21,0,0,33,0,33,0,6,48,0,54,2,0,2,56
07/05/2022,VRB,FL,ASO,ES,Towers with Radar,0,59,45,3,107,0,60,106,2,168,0,119,151,5,275,332,0,332,607
07/06/2022,VRB,FL,ASO,ES,Towers with Radar,0,51,24,0,75,0,46,73,0,119,0,97,97,0,194,190,0,190,384
07/07/2022,VRB,FL,ASO,ES,Towers with Radar,0,53,54,0,107,0,70,102,0,172,0,123,156,0,279,315,0,315,594
07/08/2022,VRB,FL,ASO,ES,Towers with Radar,0,46,35,0,81,0,73,92,0,165,0,119,127,0,246,266,0,266,512
07/09/2022,VRB,FL,ASO,ES,Towers with Radar,0,24,24,0,48,0,35,51,0,86,0,59,75,0,134,96,0,96,230
07/10/2022,VRB,FL,ASO,ES,Towers with Radar,0,9,23,0,32,0,0,30,0,30,0,9,53,0,62,2,0,2,64
07/11/2022,VRB,FL,ASO,ES,Towers with Radar,0,40,23,0,63,0,63,75,0,138,0,103,98,0,201,210,0,210,411
07/12/2022,VRB,FL,ASO,ES,Towers with Radar,0,53,48,0,101,0,51,104,0,155,0,104,152,0,256,244,0,244,500
07/13/2022,VRB,FL,ASO,ES,Towers with Radar,0,58,33,0,91,0,67,63,0,130,0,125,96,0,221,324,0,324,545
07/14/2022,VRB,FL,ASO,ES,Towers with Radar,0,41,30,0,71,0,67,74,0,141,0,108,104,0,212,305,0,305,517
07/15/2022,VRB,FL,ASO,ES,Towers with Radar,0,42,37,0,79,0,68,87,0,155,0,110,124,0,234,215,0,215,449
07/16/2022,VRB,FL,ASO,ES,Towers with Radar,0,18,29,0,47,0,24,40,0,64,0,42,69,0,111,70,0,70,181
07/17/2022,VRB,FL,ASO,ES,Towers with Radar,0,5,20,0,25,0,1,7,0,8,0,6,27,0,33,6,0,6,39
07/18/2022,VRB,FL,ASO,ES,Towers with Radar,0,30,35,0,65,0,60,92,0,152,0,90,127,0,217,207,0,207,424
07/19/2022,VRB,FL,ASO,ES,Towers with Radar,0,51,32,1,84,0,81,118,0,199,0,132,150,1,283,242,0,242,525
07/20/2022,VRB,FL,ASO,ES,Towers with Radar,2,45,56,0,103,0,98,125,0,223,2,143,181,0,326,336,0,336,662
07/21/2022,VRB,FL,ASO,ES,Towers with Radar,0,28,51,0,79,0,68,104,0,172,0,96,155,0,251,241,0,241,492
07/22/2022,VRB,FL,ASO,ES,Towers with Radar,0,45,29,0,74,0,74,49,0,123,0,119,78,0,197,245,0,245,442
07/23/2022,VRB,FL,ASO,ES,Towers with Radar,0,24,31,0,55,0,29,30,0,59,0,53,61,0,114,77,0,77,191
07/24/2022,VRB,FL,ASO,ES,Towers with Radar,0,7,34,0,41,0,6,57,0,63,0,13,91,0,104,25,0,25,129
07/25/2022,VRB,FL,ASO,ES,Towers with Radar,0,34,20,0,54,0,70,72,0,142,0,104,92,0,196,274,0,274,470
07/26/2022,VRB,FL,ASO,ES,Towers with Radar,0,21,30,0,51,0,37,44,0,81,0,58,74,0,132,164,0,164,296
07/27/2022,VRB,FL,ASO,ES,Towers with Radar,0,49,31,0,80,0,96,93,0,189,0,145,124,0,269,337,0,337,606
07/28/2022,VRB,FL,ASO,ES,Towers with Radar,0,49,33,0,82,0,94,87,0,181,0,143,120,0,263,238,0,238,501
07/29/2022,VRB,FL,ASO,ES,Towers with Radar,0,34,33,0,67,0,94,121,0,215,0,128,154,0,282,277,0,277,559
07/30/2022,VRB,FL,ASO,ES,Towers with Radar,0,15,19,0,34,0,20,93,0,113,0,35,112,0,147,52,0,52,199
07/31/2022,VRB,FL,ASO,ES,Towers with Radar,0,2,32,0,34,0,2,64,0,66,0,4,96,0,100,16,0,16,116
08/01/2022,VRB,FL,ASO,ES,Towers with Radar,0,52,33,0,85,0,55,100,0,155,0,107,133,0,240,295,0,295,535
08/02/2022,VRB,FL,ASO,ES,Towers with Radar,0,41,33,0,74,0,50,91,0,141,0,91,124,0,215,371,0,371,586
08/03/2022,VRB,FL,ASO,ES,Towers with Radar,0,49,42,0,91,0,72,94,1,167,0,121,136,1,258,338,0,338,596
08/04/2022,VRB,FL,ASO,ES,Towers with Radar,0,35,34,0,69,0,77,104,0,181,0,112,138,0,250,314,0,314,564
08/05/2022,VRB,FL,ASO,ES,Towers with Radar,0,49,37,0,86,0,58,80,0,138,0,107,117,0,224,295,0,295,519
08/06/2022,VRB,FL,ASO,ES,Towers with Radar,0,11,19,0,30,0,17,57,0,74,0,28,76,0,104,81,0,81,185
08/07/2022,VRB,FL,ASO,ES,Towers with Radar,0,11,23,0,34,0,3,56,0,59,0,14,79,0,93,3,0,3,96
08/08/2022,VRB,FL,ASO,ES,Towers with Radar,0,36,32,0,68,0,66,113,0,179,0,102,145,0,247,316,0,316,563
08/09/2022,VRB,FL,ASO,ES,Towers with Radar,0,33,22,0,55,0,40,44,0,84,0,73,66,0,139,301,0,301,440
08/10/2022,VRB,FL,ASO,ES,Towers with Radar,0,54,50,0,104,0,83,95,1,179,0,137,145,1,283,261,0,261,544
08/11/2022,VRB,FL,ASO,ES,Towers with Radar,0,49,52,2,103,0,66,116,0,182,0,115,168,2,285,425,0,425,710
08/12/2022,VRB,FL,ASO,ES,Towers with Radar,0,28,37,0,65,0,75,109,0,184,0,103,146,0,249,327,0,327,576
08/13/2022,VRB,FL,ASO,ES,Towers with Radar,0,18,25,0,43,0,19,41,0,60,0,37,66,0,103,93,0,93,196
08/14/2022,VRB,FL,ASO,ES,Towers with Radar,0,9,25,0,34,0,2,56,0,58,0,11,81,0,92,8,0,8,100
08/15/2022,VRB,FL,ASO,ES,Towers with Radar,0,22,30,0,52,0,48,98,1,147,0,70,128,1,199,331,0,331,530
08/16/2022,VRB,FL,ASO,ES,Towers with Radar,0,38,43,0,81,0,70,90,0,160,0,108,133,0,241,215,0,215,456
08/17/2022,VRB,FL,ASO,ES,Towers with Radar,0,53,46,0,99,0,89,92,0,181,0,142,138,0,280,255,0,255,535
08/18/2022,VRB,FL,ASO,ES,Towers with Radar,0,47,45,0,92,0,51,105,0,156,0,98,150,0,248,292,0,292,540
08/19/2022,VRB,FL,ASO,ES,Towers with Radar,0,46,49,0,95,0,83,126,6,215,0,129,175,6,310,356,0,356,666
08/20/2022,VRB,FL,ASO,ES,Towers with Radar,0,19,35,0,54,0,17,79,0,96,0,36,114,0,150,79,0,79,229
08/21/2022,VRB,FL,ASO,ES,Towers with Radar,0,10,21,0,31,0,0,63,0,63,0,10,84,0,94,14,0,14,108
08/22/2022,VRB,FL,ASO,ES,Towers with Radar,0,29,32,0,61,0,73,138,0,211,0,102,170,0,272,358,0,358,630
08/23/2022,VRB,FL,ASO,ES,Towers with Radar,0,49,33,0,82,0,82,147,0,229,0,131,180,0,311,345,0,345,656
08/24/2022,VRB,FL,ASO,ES,Towers with Radar,0,41,27,0,68,0,61,84,0,145,0,102,111,0,213,286,0,286,499
08/25/2022,VRB,FL,ASO,ES,Towers with Radar,0,31,38,0,69,0,53,69,0,122,0,84,107,0,191,296,0,296,487
08/26/2022,VRB,FL,ASO,ES,Towers with Radar,0,44,39,0,83,0,96,110,0,206,0,140,149,0,289,331,0,331,620
08/27/2022,VRB,FL,ASO,ES,Towers with Radar,0,6,9,0,15,0,10,28,0,38,0,16,37,0,53,53,0,53,106
08/28/2022,VRB,FL,ASO,ES,Towers with Radar,0,11,19,0,30,0,0,26,0,26,0,11,45,0,56,28,0,28,84
08/29/2022,VRB,FL,ASO,ES,Towers with Radar,0,31,24,0,55,0,55,87,0,142,0,86,111,0,197,224,0,224,421
08/30/2022,VRB,FL,ASO,ES,Towers with Radar,0,28,37,0,65,0,72,108,4,184,0,100,145,4,249,220,0,220,469
08/31/2022,VRB,FL,ASO,ES,Towers with Radar,0,28,43,0,71,0,90,132,0,222,0,118,175,0,293,326,1,327,620
09/01/2022,VRB,FL,ASO,ES,Towers with Radar,0,26,38,0,64,0,83,88,0,171,0,109,126,0,235,309,0,309,544
09/02/2022,VRB,FL,ASO,ES,Towers with Radar,0,38,49,0,87,0,79,110,0,189,0,117,159,0,276,292,0,292,568
09/03/2022,VRB,FL,ASO,ES,Towers with Radar,0,8,22,0,30,0,5,63,0,68,0,13,85,0,98,11,0,11,109
09/04/2022,VRB,FL,ASO,ES,Towers with Radar,0,5,13,0,18,0,6,51,2,59,0,11,64,2,77,18,4,22,99
09/05/2022,VRB,FL,ASO,ES,Towers with Radar,0,8,49,0,57,0,13,113,0,126,0,21,162,0,183,257,0,257,440
09/06/2022,VRB,FL,ASO,ES,Towers with Radar,0,31,46,0,77,0,77,118,0,195,0,108,164,0,272,347,0,347,619
09/07/2022,VRB,FL,ASO,ES,Towers with Radar,0,37,47,2,86,0,102,121,0,223,0,139,168,2,309,338,0,338,647
09/08/2022,VRB,FL,ASO,ES,Towers with Radar,0,29,26,0,55,0,85,86,0,171,0,114,112,0,226,226,0,226,452
09/09/2022,VRB,FL,ASO,ES,Towers with Radar,0,37,39,0,76,0,79,90,0,169,0,116,129,0,245,228,0,228,473
09/10/2022,VRB,FL,ASO,ES,Towers with Radar,0,20,29,0,49,0,55,81,0,136,0,75,110,0,185,119,0,119,304
09/11/2022,VRB,FL,ASO,ES,Towers with Radar,0,9,30,0,39,0,1,63,0,64,0,10,93,0,103,4,0,4,107
09/12/2022,VRB,FL,ASO,ES,Towers with Radar,0,23,53,0,76,0,113,136,0,249,0,136,189,0,325,291,0,291,616
09/13/2022,VRB,FL,ASO,ES,Towers with Radar,0,18,22,0,40,0,71,98,0,169,0,89,120,0,209,248,0,248,457
09/14/2022,VRB,FL,ASO,ES,Towers with Radar,0,17,25,0,42,0,83,73,0,156,0,100,98,0,198,330,0,330,528
09/15/2022,VRB,FL,ASO,ES,Towers with Radar,0,20,39,0,59,0,43,63,0,106,0,63,102,0,165,268,0,268,433
09/16/2022,VRB,FL,ASO,ES,Towers with Radar,0,47,46,0,93,0,41,56,0,97,0,88,102,0,190,252,0,252,442
09/17/2022,VRB,FL,ASO,ES,Towers with Radar,0,19,13,0,32,0,23,36,0,59,0,42,49,0,91,85,0,85,176
09/18/2022,VRB,FL,ASO,ES,Towers with Radar,0,2,42,0,44,0,0,45,0,45,0,2,87,0,89,9,0,9,98
09/19/2022,VRB,FL,ASO,ES,Towers with Radar,0,22,42,0,64,0,74,97,0,171,0,96,139,0,235,277,0,277,512
09/20/2022,VRB,FL,ASO,ES,Towers with Radar,0,38,31,0,69,0,94,128,0,222,0,132,159,0,291,238,0,238,529
09/21/2022,VRB,FL,ASO,ES,Towers with Radar,0,26,44,0,70,0,72,106,0,178,0,98,150,0,248,261,0,261,509
09/22/2022,VRB,FL,ASO,ES,Towers with Radar,0,34,46,0,80,0,92,113,1,206,0,126,159,1,286,300,0,300,586
09/23/2022,VRB,FL,ASO,ES,Towers with Radar,0,22,46,2,70,0,64,153,0,217,0,86,199,2,287,390,0,390,677
09/24/2022,VRB,FL,ASO,ES,Towers with Radar,0,12,19,0,31,0,20,24,0,44,0,32,43,0,75,69,0,69,144
09/25/2022,VRB,FL,ASO,ES,Towers with Radar,0,11,18,0,29,0,1,26,0,27,0,12,44,0,56,7,0,7,63
09/26/2022,VRB,FL,ASO,ES,Towers with Radar,0,34,30,0,64,0,69,96,0,165,0,103,126,0,229,375,0,375,604
09/27/2022,VRB,FL,ASO,ES,Towers with Radar,0,18,18,2,38,0,16,8,2,26,0,34,26,4,64,81,0,81,145
09/28/2022,VRB,FL,ASO,ES,Towers with Radar,0,2,3,0,5,0,0,0,0,0,0,2,3,0,5,0,0,0,5
09/29/2022,VRB,FL,ASO,ES,Towers with Radar,0,0,0,0,0,0,0,0,0,0,0,0,0,0,0,0,0,0,0
09/30/2022,VRB,FL,ASO,ES,Towers with Radar,0,21,27,0,48,0,79,81,0,160,0,100,108,0,208,286,0,286,494
10/01/2022,VRB,FL,ASO,ES,Towers with Radar,0,22,27,0,49,0,59,88,2,149,0,81,115,2,198,123,0,123,321
10/02/2022,VRB,FL,ASO,ES,Towers with Radar,0,13,19,0,32,0,8,84,0,92,0,21,103,0,124,5,0,5,129
10/03/2022,VRB,FL,ASO,ES,Towers with Radar,0,29,32,0,61,0,130,129,0,259,0,159,161,0,320,355,0,355,675
10/04/2022,VRB,FL,ASO,ES,Towers with Radar,0,35,28,0,63,0,82,146,2,230,0,117,174,2,293,285,2,287,580
10/05/2022,VRB,FL,ASO,ES,Towers with Radar,0,24,47,0,71,0,107,138,0,245,0,131,185,0,316,418,0,418,734
10/06/2022,VRB,FL,ASO,ES,Towers with Radar,0,25,32,0,57,0,82,156,0,238,0,107,188,0,295,338,0,338,633
10/07/2022,VRB,FL,ASO,ES,Towers with Radar,0,36,47,0,83,0,69,123,0,192,0,105,170,0,275,343,0,343,618
10/08/2022,VRB,FL,ASO,ES,Towers with Radar,0,16,25,0,41,0,16,100,0,116,0,32,125,0,157,58,0,58,215
10/09/2022,VRB,FL,ASO,ES,Towers with Radar,0,13,21,0,34,0,1,46,0,47,0,14,67,0,81,1,0,1,82
10/10/2022,VRB,FL,ASO,ES,Towers with Radar,0,22,35,0,57,0,104,97,0,201,0,126,132,0,258,384,0,384,642
10/11/2022,VRB,FL,ASO,ES,Towers with Radar,0,31,57,0,88,0,107,119,0,226,0,138,176,0,314,459,0,459,773
10/12/2022,VRB,FL,ASO,ES,Towers with Radar,0,28,33,0,61,0,73,99,0,172,0,101,132,0,233,503,0,503,736
10/13/2022,VRB,FL,ASO,ES,Towers with Radar,0,40,53,0,93,0,107,95,2,204,0,147,148,2,297,368,0,368,665
10/14/2022,VRB,FL,ASO,ES,Towers with Radar,0,33,35,0,68,0,97,116,1,214,0,130,151,1,282,385,0,385,667
10/15/2022,VRB,FL,ASO,ES,Towers with Radar,0,25,29,0,54,0,24,37,0,61,0,49,66,0,115,61,0,61,176
10/16/2022,VRB,FL,ASO,ES,Towers with Radar,0,18,31,0,49,0,3,73,0,76,0,21,104,0,125,26,0,26,151
10/17/2022,VRB,FL,ASO,ES,Towers with Radar,0,34,65,0,99,0,116,109,0,225,0,150,174,0,324,351,0,351,675
10/18/2022,VRB,FL,ASO,ES,Towers with Radar,0,39,40,1,80,0,57,71,0,128,0,96,111,1,208,309,6,315,523
10/19/2022,VRB,FL,ASO,ES,Towers with Radar,0,39,40,0,79,0,125,115,0,240,0,164,155,0,319,362,0,362,681
10/20/2022,VRB,FL,ASO,ES,Towers with Radar,0,72,45,0,117,0,87,119,0,206,0,159,164,0,323,312,0,312,635
10/21/2022,VRB,FL,ASO,ES,Towers with Radar,0,37,40,0,77,0,78,105,0,183,0,115,145,0,260,223,0,223,483
10/22/2022,VRB,FL,ASO,ES,Towers with Radar,0,41,43,0,84,0,36,82,0,118,0,77,125,0,202,101,0,101,303
10/23/2022,VRB,FL,ASO,ES,Towers with Radar,0,17,39,1,57,0,6,79,0,85,0,23,118,1,142,32,0,32,174
10/24/2022,VRB,FL,ASO,ES,Towers with Radar,0,41,42,0,83,0,104,117,0,221,0,145,159,0,304,254,0,254,558
10/25/2022,VRB,FL,ASO,ES,Towers with Radar,0,40,52,2,94,0,134,123,0,257,0,174,175,2,351,460,0,460,811
10/26/2022,VRB,FL,ASO,ES,Towers with Radar,0,47,56,0,103,0,96,142,0,238,0,143,198,0,341,392,0,392,733
10/27/2022,VRB,FL,ASO,ES,Towers with Radar,0,44,57,0,101,0,72,140,0,212,0,116,197,0,313,426,0,426,739
10/28/2022,VRB,FL,ASO,ES,Towers with Radar,0,47,45,0,92,0,86,136,0,222,0,133,181,0,314,353,0,353,667
10/29/2022,VRB,FL,ASO,ES,Towers with Radar,0,30,35,0,65,0,15,56,0,71,0,45,91,0,136,89,0,89,225
10/30/2022,VRB,FL,ASO,ES,Towers with Radar,0,29,36,0,65,0,0,54,0,54,0,29,90,0,119,26,0,26,145
10/31/2022,VRB,FL,ASO,ES,Towers with Radar,0,44,53,2,99,0,110,85,0,195,0,154,138,2,294,407,0,407,701
11/01/2022,VRB,FL,ASO,ES,Towers with Radar,0,35,40,0,75,0,66,115,0,181,0,101,155,0,256,450,0,450,706
11/02/2022,VRB,FL,ASO,ES,Towers with Radar,0,40,45,0,85,0,80,135,0,215,0,120,180,0,300,446,0,446,746
11/03/2022,VRB,FL,ASO,ES,Towers with Radar,0,48,48,0,96,0,70,145,0,215,0,118,193,0,311,318,0,318,629
11/04/2022,VRB,FL,ASO,ES,Towers with Radar,0,54,54,0,108,0,74,126,0,200,0,128,180,0,308,171,0,171,479
11/05/2022,VRB,FL,ASO,ES,Towers with Radar,0,25,23,0,48,0,37,67,0,104,0,62,90,0,152,70,0,70,222
11/06/2022,VRB,FL,ASO,ES,Towers with Radar,0,20,42,0,62,0,1,33,2,36,0,21,75,2,98,18,0,18,116
11/07/2022,VRB,FL,ASO,ES,Towers with Radar,0,52,30,0,82,0,53,65,0,118,0,105,95,0,200,95,0,95,295
11/08/2022,VRB,FL,ASO,ES,Towers with Radar,0,16,27,0,43,0,3,59,0,62,0,19,86,0,105,24,0,24,129
11/09/2022,VRB,FL,ASO,ES,Towers with Radar,0,1,1,0,2,0,0,0,0,0,0,1,1,0,2,0,0,0,2
11/10/2022,VRB,FL,ASO,ES,Towers with Radar,0,6,2,0,8,0,0,6,0,6,0,6,8,0,14,0,0,0,14
11/11/2022,VRB,FL,ASO,ES,Towers with Radar,0,47,37,0,84,0,86,73,2,161,0,133,110,2,245,235,0,235,480
11/12/2022,VRB,FL,ASO,ES,Towers with Radar,0,43,41,1,85,0,29,73,2,104,0,72,114,3,189,76,0,76,265
11/13/2022,VRB,FL,ASO,ES,Towers with Radar,0,32,46,0,78,0,4,55,2,61,0,36,101,2,139,10,0,10,149
11/14/2022,VRB,FL,ASO,ES,Towers with Radar,0,57,63,0,120,0,108,138,0,246,0,165,201,0,366,488,0,488,854
11/15/2022,VRB,FL,ASO,ES,Towers with Radar,0,60,46,1,107,0,114,183,0,297,0,174,229,1,404,426,0,426,830
11/16/2022,VRB,FL,ASO,ES,Towers with Radar,0,46,42,3,91,0,99,116,0,215,0,145,158,3,306,535,0,535,841
11/17/2022,VRB,FL,ASO,ES,Towers with Radar,0,48,39,0,87,0,43,105,0,148,0,91,144,0,235,166,0,166,401
11/18/2022,VRB,FL,ASO,ES,Towers with Radar,0,57,61,0,118,0,54,161,0,215,0,111,222,0,333,244,0,244,577
11/19/2022,VRB,FL,ASO,ES,Towers with Radar,0,40,47,0,87,0,24,72,0,96,0,64,119,0,183,138,0,138,321
11/20/2022,VRB,FL,ASO,ES,Towers with Radar,0,30,32,0,62,0,0,1,0,1,0,30,33,0,63,0,0,0,63
11/21/2022,VRB,FL,ASO,ES,Towers with Radar,0,52,50,0,102,0,3,13,0,16,0,55,63,0,118,37,0,37,155
11/22/2022,VRB,FL,ASO,ES,Towers with Radar,0,35,60,0,95,0,0,2,0,2,0,35,62,0,97,0,0,0,97
11/23/2022,VRB,FL,ASO,ES,Towers with Radar,0,50,46,0,96,0,0,0,0,0,0,50,46,0,96,0,0,0,96
11/24/2022,VRB,FL,ASO,ES,Towers with Radar,0,9,8,0,17,0,1,19,0,20,0,10,27,0,37,14,0,14,51
11/25/2022,VRB,FL,ASO,ES,Towers with Radar,0,21,44,0,65,0,14,76,0,90,0,35,120,0,155,130,0,130,285
11/26/2022,VRB,FL,ASO,ES,Towers with Radar,0,39,56,1,96,0,7,43,0,50,0,46,99,1,146,30,0,30,176
11/27/2022,VRB,FL,ASO,ES,Towers with Radar,0,35,54,0,89,0,10,39,0,49,0,45,93,0,138,17,0,17,155
11/28/2022,VRB,FL,ASO,ES,Towers with Radar,0,52,68,0,120,0,105,138,0,243,0,157,206,0,363,474,0,474,837
11/29/2022,VRB,FL,ASO,ES,Towers with Radar,0,33,66,0,99,0,112,206,0,318,0,145,272,0,417,422,0,422,839
11/30/2022,VRB,FL,ASO,ES,Towers with Radar,0,58,30,0,88,0,96,135,0,231,0,154,165,0,319,521,0,521,840
12/01/2022,VRB,FL,ASO,ES,Towers with Radar,0,46,59,0,105,0,76,131,0,207,0,122,190,0,312,239,0,239,551
12/02/2022,VRB,FL,ASO,ES,Towers with Radar,0,38,56,0,94,0,51,85,0,136,0,89,141,0,230,170,0,170,400
12/03/2022,VRB,FL,ASO,ES,Towers with Radar,0,40,28,0,68,0,46,86,0,132,0,86,114,0,200,225,0,225,425
12/04/2022,VRB,FL,ASO,ES,Towers with Radar,0,26,34,0,60,0,25,86,0,111,0,51,120,0,171,40,0,40,211
12/05/2022,VRB,FL,ASO,ES,Towers with Radar,0,52,39,0,91,0,112,135,0,247,0,164,174,0,338,380,0,380,718
12/06/2022,VRB,FL,ASO,ES,Towers with Radar,0,37,43,0,80,0,98,127,0,225,0,135,170,0,305,455,0,455,760
12/07/2022,VRB,FL,ASO,ES,Towers with Radar,0,41,55,0,96,0,107,147,0,254,0,148,202,0,350,409,0,409,759
12/08/2022,VRB,FL,ASO,ES,Towers with Radar,0,40,48,2,90,0,99,112,0,211,0,139,160,2,301,367,0,367,668
12/09/2022,VRB,FL,ASO,ES,Towers with Radar,0,39,65,0,104,0,86,134,0,220,0,125,199,0,324,265,0,265,589
12/10/2022,VRB,FL,ASO,ES,Towers with Radar,0,39,33,0,72,0,47,89,0,136,0,86,122,0,208,127,0,127,335
12/11/2022,VRB,FL,ASO,ES,Towers with Radar,0,13,41,0,54,0,0,39,0,39,0,13,80,0,93,37,0,37,130
12/12/2022,VRB,FL,ASO,ES,Towers with Radar,0,42,44,0,86,0,10,33,0,43,0,52,77,0,129,133,0,133,262
12/13/2022,VRB,FL,ASO,ES,Towers with Radar,0,42,48,0,90,0,77,91,0,168,0,119,139,0,258,199,0,199,457
12/14/2022,VRB,FL,ASO,ES,Towers with Radar,0,56,54,0,110,0,43,66,0,109,0,99,120,0,219,211,0,211,430
12/15/2022,VRB,FL,ASO,ES,Towers with Radar,0,36,21,0,57,0,19,58,0,77,0,55,79,0,134,57,0,57,191
12/16/2022,VRB,FL,ASO,ES,Towers with Radar,0,55,61,0,116,0,67,87,0,154,0,122,148,0,270,381,0,381,651
12/17/2022,VRB,FL,ASO,ES,Towers with Radar,0,42,48,0,90,0,39,65,0,104,0,81,113,0,194,93,0,93,287
12/18/2022,VRB,FL,ASO,ES,Towers with Radar,0,15,47,2,64,0,5,58,6,69,0,20,105,8,133,19,0,19,152
12/19/2022,VRB,FL,ASO,ES,Towers with Radar,0,47,42,0,89,0,96,158,0,254,0,143,200,0,343,312,0,312,655
12/20/2022,VRB,FL,ASO,ES,Towers with Radar,0,29,40,0,69,0,65,97,1,163,0,94,137,1,232,313,0,313,545
12/21/2022,VRB,FL,ASO,ES,Towers with Radar,0,47,78,0,125,0,24,58,0,82,0,71,136,0,207,209,0,209,416
12/22/2022,VRB,FL,ASO,ES,Towers with Radar,0,38,50,0,88,0,6,12,0,18,0,44,62,0,106,52,0,52,158
12/23/2022,VRB,FL,ASO,ES,Towers with Radar,0,19,39,0,58,0,1,125,0,126,0,20,164,0,184,44,0,44,228
12/24/2022,VRB,FL,ASO,ES,Towers with Radar,0,13,20,0,33,0,0,43,0,43,0,13,63,0,76,24,0,24,100
12/25/2022,VRB,FL,ASO,ES,Towers with Radar,0,33,10,0,43,0,0,10,0,10,0,33,20,0,53,0,0,0,53
12/26/2022,VRB,FL,ASO,ES,Towers with Radar,0,43,70,0,113,0,2,50,0,52,0,45,120,0,165,28,0,28,193
12/27/2022,VRB,FL,ASO,ES,Towers with Radar,0,68,71,0,139,0,49,118,0,167,0,117,189,0,306,200,0,200,506
12/28/2022,VRB,FL,ASO,ES,Towers with Radar,0,56,75,0,131,0,60,145,0,205,0,116,220,0,336,259,0,259,595
12/29/2022,VRB,FL,ASO,ES,Towers with Radar,0,50,58,4,112,0,39,165,0,204,0,89,223,4,316,344,0,344,660
12/30/2022,VRB,FL,ASO,ES,Towers with Radar,0,54,69,0,123,0,35,88,0,123,0,89,157,0,246,238,0,238,484
12/31/2022,VRB,FL,ASO,ES,Towers with Radar,0,27,27,0,54,0,6,39,0,45,0,33,66,0,99,41,0,41,140
01/01/2023,VRB,FL,ASO,ES,Towers with Radar,0,26,37,0,63,0,1,22,0,23,0,27,59,0,86,18,0,18,104
01/02/2023,VRB,FL,ASO,ES,Towers with Radar,0,27,64,0,91,0,0,45,0,45,0,27,109,0,136,2,0,2,138
01/03/2023,VRB,FL,ASO,ES,Towers with Radar,0,47,58,0,105,0,63,93,0,156,0,110,151,0,261,384,0,384,645
01/04/2023,VRB,FL,ASO,ES,Towers with Radar,0,42,72,0,114,0,61,132,0,193,0,103,204,0,307,247,0,247,554
01/05/2023,VRB,FL,ASO,ES,Towers with Radar,0,54,64,0,118,0,40,71,0,111,0,94,135,0,229,203,0,203,432
01/06/2023,VRB,FL,ASO,ES,Towers with Radar,0,41,58,0,99,0,96,117,0,213,0,137,175,0,312,302,0,302,614
01/07/2023,VRB,FL,ASO,ES,Towers with Radar,0,33,34,0,67,0,52,69,1,122,0,85,103,1,189,164,0,164,353
01/08/2023,VRB,FL,ASO,ES,Towers with Radar,0,31,29,2,62,0,4,35,0,39,0,35,64,2,101,19,0,19,120
01/09/2023,VRB,FL,ASO,ES,Towers with Radar,0,33,52,0,85,0,96,108,0,204,0,129,160,0,289,508,0,508,797
01/10/2023,VRB,FL,ASO,ES,Towers with Radar,0,38,65,0,103,0,92,99,0,191,0,130,164,0,294,331,0,331,625
01/11/2023,VRB,FL,ASO,ES,Towers with Radar,0,48,46,0,94,0,111,148,0,259,0,159,194,0,353,415,0,415,768
01/12/2023,VRB,FL,ASO,ES,Towers with Radar,0,49,58,0,107,0,122,181,0,303,0,171,239,0,410,443,0,443,853
01/13/2023,VRB,FL,ASO,ES,Towers with Radar,0,40,26,0,66,0,13,34,0,47,0,53,60,0,113,97,0,97,210
01/14/2023,VRB,FL,ASO,ES,Towers with Radar,0,16,24,0,40,0,9,26,0,35,0,25,50,0,75,52,0,52,127
01/15/2023,VRB,FL,ASO,ES,Towers with Radar,0,27,37,0,64,0,3,75,0,78,0,30,112,0,142,26,0,26,168
01/16/2023,VRB,FL,ASO,ES,Towers with Radar,0,45,55,0,100,0,96,152,0,248,0,141,207,0,348,542,0,542,890
01/17/2023,VRB,FL,ASO,ES,Towers with Radar,0,39,50,0,89,0,113,117,0,230,0,152,167,0,319,405,0,405,724
01/18/2023,VRB,FL,ASO,ES,Towers with Radar,0,57,55,2,114,0,124,125,0,249,0,181,180,2,363,368,0,368,731
01/19/2023,VRB,FL,ASO,ES,Towers with Radar,0,31,48,2,81,0,118,144,0,262,0,149,192,2,343,266,0,266,609
01/20/2023,VRB,FL,ASO,ES,Towers with Radar,0,59,71,0,130,0,124,100,0,224,0,183,171,0,354,425,0,425,779
01/21/2023,VRB,FL,ASO,ES,Towers with Radar,0,27,47,4,78,0,28,74,1,103,0,55,121,5,181,123,0,123,304
01/22/2023,VRB,FL,ASO,ES,Towers with Radar,0,30,31,0,61,0,3,64,0,67,0,33,95,0,128,14,0,14,142
01/23/2023,VRB,FL,ASO,ES,Towers with Radar,0,43,68,2,113,0,59,57,0,116,0,102,125,2,229,256,0,256,485
01/24/2023,VRB,FL,ASO,ES,Towers with Radar,0,68,52,0,120,0,106,137,0,243,0,174,189,0,363,324,0,324,687
01/25/2023,VRB,FL,ASO,ES,Towers with Radar,0,52,42,0,94,0,66,94,0,160,0,118,136,0,254,174,0,174,428
01/26/2023,VRB,FL,ASO,ES,Towers with Radar,0,78,65,0,143,0,84,115,0,199,0,162,180,0,342,504,0,504,846
01/27/2023,VRB,FL,ASO,ES,Towers with Radar,0,55,63,0,118,0,57,111,0,168,0,112,174,0,286,161,0,161,447
01/28/2023,VRB,FL,ASO,ES,Towers with Radar,0,32,54,0,86,0,17,48,0,65,0,49,102,0,151,134,0,134,285
01/29/2023,VRB,FL,ASO,ES,Towers with Radar,0,26,61,0,87,0,2,73,0,75,0,28,134,0,162,35,0,35,197
01/30/2023,VRB,FL,ASO,ES,Towers with Radar,0,70,64,0,134,0,78,116,0,194,0,148,180,0,328,452,0,452,780
01/31/2023,VRB,FL,ASO,ES,Towers with Radar,0,45,52,0,97,0,99,126,0,225,0,144,178,0,322,523,0,523,845
02/01/2023,VRB,FL,ASO,ES,Towers with Radar,0,48,73,0,121,0,112,169,2,283,0,160,242,2,404,421,0,421,825
02/02/2023,VRB,FL,ASO,ES,Towers with Radar,2,63,57,0,122,0,77,137,0,214,2,140,194,0,336,203,0,203,539
02/03/2023,VRB,FL,ASO,ES,Towers with Radar,2,63,53,0,118,0,4,16,0,20,2,67,69,0,138,45,0,45,183
02/04/2023,VRB,FL,ASO,ES,Towers with Radar,2,19,38,2,61,0,10,28,0,38,2,29,66,2,99,31,0,31,130
02/05/2023,VRB,FL,ASO,ES,Towers with Radar,2,23,37,0,62,0,0,1,0,1,2,23,38,0,63,0,0,0,63
02/06/2023,VRB,FL,ASO,ES,Towers with Radar,2,61,60,3,126,0,98,142,1,241,2,159,202,4,367,322,0,322,689
02/07/2023,VRB,FL,ASO,ES,Towers with Radar,0,39,60,0,99,0,131,174,0,305,0,170,234,0,404,527,0,527,931
02/08/2023,VRB,FL,ASO,ES,Towers with Radar,0,54,66,4,124,0,125,147,0,272,0,179,213,4,396,482,0,482,878
02/09/2023,VRB,FL,ASO,ES,Towers with Radar,2,54,87,2,145,0,108,109,0,217,2,162,196,2,362,388,0,388,750
02/10/2023,VRB,FL,ASO,ES,Towers with Radar,2,40,71,0,113,0,100,135,0,235,2,140,206,0,348,424,0,424,772
02/11/2023,VRB,FL,ASO,ES,Towers with Radar,2,32,37,0,71,0,27,43,0,70,2,59,80,0,141,79,0,79,220
02/12/2023,VRB,FL,ASO,ES,Towers with Radar,2,26,30,0,58,0,1,14,0,15,2,27,44,0,73,0,0,0,73
02/13/2023,VRB,FL,ASO,ES,Towers with Radar,0,45,70,0,115,0,97,142,0,239,0,142,212,0,354,479,0,479,833
02/14/2023,VRB,FL,ASO,ES,Towers with Radar,0,53,43,2,98,0,108,153,0,261,0,161,196,2,359,611,0,611,970
02/15/2023,VRB,FL,ASO,ES,Towers with Radar,2,50,57,0,109,0,99,122,0,221,2,149,179,0,330,250,0,250,580
02/16/2023,VRB,FL,ASO,ES,Towers with Radar,4,55,71,4,134,0,71,116,0,187,4,126,187,4,321,289,0,289,610
02/17/2023,VRB,FL,ASO,ES,Towers with Radar,0,44,52,0,96,0,75,118,0,193,0,119,170,0,289,166,0,166,455
02/18/2023,VRB,FL,ASO,ES,Towers with Radar,4,34,76,0,114,0,18,24,0,42,4,52,100,0,156,20,0,20,176
02/19/2023,VRB,FL,ASO,ES,Towers with Radar,4,36,44,0,84,0,0,64,0,64,4,36,108,0,148,33,0,33,181
02/20/2023,VRB,FL,ASO,ES,Towers with Radar,0,87,66,0,153,0,130,190,0,320,0,217,256,0,473,436,0,436,909
02/21/2023,VRB,FL,ASO,ES,Towers with Radar,2,43,40,3,88,0,95,144,0,239,2,138,184,3,327,330,0,330,657
02/22/2023,VRB,FL,ASO,ES,Towers with Radar,2,44,51,0,97,0,101,173,0,274,2,145,224,0,371,377,0,377,748
02/23/2023,VRB,FL,ASO,ES,Towers with Radar,4,51,56,0,111,0,91,159,0,250,4,142,215,0,361,439,0,439,800
02/24/2023,VRB,FL,ASO,ES,Towers with Radar,0,63,65,0,128,0,103,176,0,279,0,166,241,0,407,454,0,454,861
02/25/2023,VRB,FL,ASO,ES,Towers with Radar,4,30,58,2,94,0,40,74,2,116,4,70,132,4,210,67,0,67,277
02/26/2023,VRB,FL,ASO,ES,Towers with Radar,4,35,58,0,97,0,22,93,0,115,4,57,151,0,212,26,0,26,238
02/27/2023,VRB,FL,ASO,ES,Towers with Radar,0,65,40,0,105,0,134,150,0,284,0,199,190,0,389,385,0,385,774
02/28/2023,VRB,FL,ASO,ES,Towers with Radar,0,42,49,0,91,0,111,182,0,293,0,153,231,0,384,428,0,428,812
03/01/2023,VRB,FL,ASO,ES,Towers with Radar,0,71,64,0,135,0,80,107,0,187,0,151,171,0,322,409,0,409,731
03/02/2023,VRB,FL,ASO,ES,Towers with Radar,0,62,56,0,118,0,128,168,0,296,0,190,224,0,414,392,0,392,806
03/03/2023,VRB,FL,ASO,ES,Towers with Radar,3,65,33,0,101,0,47,52,0,99,3,112,85,0,200,162,0,162,362
03/04/2023,VRB,FL,ASO,ES,Towers with Radar,3,39,34,0,76,0,14,38,0,52,3,53,72,0,128,67,0,67,195
03/05/2023,VRB,FL,ASO,ES,Towers with Radar,4,49,63,0,116,0,7,69,0,76,4,56,132,0,192,30,0,30,222
03/06/2023,VRB,FL,ASO,ES,Towers with Radar,0,41,27,0,68,0,101,163,0,264,0,142,190,0,332,564,0,564,896
03/07/2023,VRB,FL,ASO,ES,Towers with Radar,0,46,48,0,94,0,95,158,0,253,0,141,206,0,347,355,0,355,702
03/08/2023,VRB,FL,ASO,ES,Towers with Radar,0,74,50,2,126,0,91,131,0,222,0,165,181,2,348,297,0,297,645
03/09/2023,VRB,FL,ASO,ES,Towers with Radar,4,57,51,0,112,0,108,150,0,258,4,165,201,0,370,698,0,698,1068
03/10/2023,VRB,FL,ASO,ES,Towers with Radar,0,70,56,0,126,0,80,131,0,211,0,150,187,0,337,509,0,509,846
03/11/2023,VRB,FL,ASO,ES,Towers with Radar,4,40,59,0,103,0,16,83,0,99,4,56,142,0,202,55,0,55,257
03/12/2023,VRB,FL,ASO,ES,Towers with Radar,4,45,42,0,91,0,7,74,0,81,4,52,116,0,172,20,0,20,192
03/13/2023,VRB,FL,ASO,ES,Towers with Radar,0,20,40,0,60,0,13,38,0,51,0,33,78,0,111,103,0,103,214
03/14/2023,VRB,FL,ASO,ES,Towers with Radar,0,52,54,0,106,0,110,181,0,291,0,162,235,0,397,372,0,372,769
03/15/2023,VRB,FL,ASO,ES,Towers with Radar,0,51,56,0,107,0,106,165,0,271,0,157,221,0,378,422,0,422,800
03/16/2023,VRB,FL,ASO,ES,Towers with Radar,4,54,65,0,123,0,95,138,0,233,4,149,203,0,356,423,0,423,779
03/17/2023,VRB,FL,ASO,ES,Towers with Radar,0,44,58,1,103,0,90,137,0,227,0,134,195,1,330,423,0,423,753
03/18/2023,VRB,FL,ASO,ES,Towers with Radar,3,32,47,0,82,0,18,46,0,64,3,50,93,0,146,37,0,37,183
03/19/2023,VRB,FL,ASO,ES,Towers with Radar,2,37,45,0,84,0,0,5,0,5,2,37,50,0,89,4,0,4,93
03/20/2023,VRB,FL,ASO,ES,Towers with Radar,1,50,51,0,102,0,57,107,0,164,1,107,158,0,266,330,0,330,596
03/21/2023,VRB,FL,ASO,ES,Towers with Radar,0,35,64,0,99,0,122,179,0,301,0,157,243,0,400,524,0,524,924
03/22/2023,VRB,FL,ASO,ES,Towers with Radar,0,36,56,1,93,0,106,150,0,256,0,142,206,1,349,487,0,487,836
03/23/2023,VRB,FL,ASO,ES,Towers with Radar,4,67,61,0,132,0,102,136,0,238,4,169,197,0,370,482,0,482,852
03/24/2023,VRB,FL,ASO,ES,Towers with Radar,0,53,78,4,135,0,85,114,0,199,0,138,192,4,334,364,0,364,698
03/25/2023,VRB,FL,ASO,ES,Towers with Radar,4,38,50,0,92,0,25,63,0,88,4,63,113,0,180,99,0,99,279
03/26/2023,VRB,FL,ASO,ES,Towers with Radar,4,21,51,0,76,0,1,72,0,73,4,22,123,0,149,22,0,22,171
03/27/2023,VRB,FL,ASO,ES,Towers with Radar,0,46,62,0,108,0,84,128,0,212,0,130,190,0,320,409,0,409,729
03/28/2023,VRB,FL,ASO,ES,Towers with Radar,0,56,55,1,112,0,113,123,0,236,0,169,178,1,348,434,0,434,782
03/29/2023,VRB,FL,ASO,ES,Towers with Radar,0,57,68,0,125,0,60,57,0,117,0,117,125,0,242,246,0,246,488
03/30/2023,VRB,FL,ASO,ES,Towers with Radar,4,56,62,0,122,0,134,128,0,262,4,190,190,0,384,291,0,291,675
03/31/2023,VRB,FL,ASO,ES,Towers with Radar,0,51,57,0,108,0,79,93,0,172,0,130,150,0,280,212,0,212,492
04/01/2023,VRB,FL,ASO,ES,Towers with Radar,2,39,27,0,68,0,28,49,0,77,2,67,76,0,145,94,0,94,239
04/02/2023,VRB,FL,ASO,ES,Towers with Radar,4,38,60,0,102,0,1,45,0,46,4,39,105,0,148,24,0,24,172
04/03/2023,VRB,FL,ASO,ES,Towers with Radar,0,41,62,0,103,0,65,91,0,156,0,106,153,0,259,355,0,355,614
04/04/2023,VRB,FL,ASO,ES,Towers with Radar,0,53,59,2,114,0,141,142,0,283,0,194,201,2,397,484,0,484,881
04/05/2023,VRB,FL,ASO,ES,Towers with Radar,2,58,83,4,147,0,111,154,0,265,2,169,237,4,412,324,0,324,736
04/06/2023,VRB,FL,ASO,ES,Towers with Radar,4,69,64,6,143,0,96,109,1,206,4,165,173,7,349,339,0,339,688
04/07/2023,VRB,FL,ASO,ES,Towers with Radar,2,45,70,0,117,0,103,108,0,211,2,148,178,0,328,370,0,370,698
04/08/2023,VRB,FL,ASO,ES,Towers with Radar,4,26,40,0,70,0,31,54,0,85,4,57,94,0,155,108,0,108,263
04/09/2023,VRB,FL,ASO,ES,Towers with Radar,4,32,45,0,81,0,0,28,0,28,4,32,73,0,109,0,0,0,109
04/10/2023,VRB,FL,ASO,ES,Towers with Radar,2,43,48,0,93,0,12,18,0,30,2,55,66,0,123,25,0,25,148
04/11/2023,VRB,FL,ASO,ES,Towers with Radar,2,39,33,0,74,0,17,26,0,43,2,56,59,0,117,17,0,17,134
04/12/2023,VRB,FL,ASO,ES,Towers with Radar,2,24,37,0,63,0,14,18,0,32,2,38,55,0,95,33,0,33,128
04/13/2023,VRB,FL,ASO,ES,Towers with Radar,7,40,30,0,77,0,60,85,0,145,7,100,115,0,222,217,0,217,439
04/14/2023,VRB,FL,ASO,ES,Towers with Radar,0,70,51,1,122,0,100,118,0,218,0,170,169,1,340,483,0,483,823
04/15/2023,VRB,FL,ASO,ES,Towers with Radar,4,34,55,1,94,0,99,93,0,192,4,133,148,1,286,305,0,305,591
04/16/2023,VRB,FL,ASO,ES,Towers with Radar,4,37,53,0,94,0,7,42,0,49,4,44,95,0,143,0,0,0,143
04/17/2023,VRB,FL,ASO,ES,Towers with Radar,2,51,40,0,93,0,18,29,0,47,2,69,69,0,140,154,0,154,294
04/18/2023,VRB,FL,ASO,ES,Towers with Radar,0,57,60,0,117,0,115,148,0,263,0,172,208,0,380,299,0,299,679
04/19/2023,VRB,FL,ASO,ES,Towers with Radar,2,50,66,0,118,0,113,170,0,283,2,163,236,0,401,389,0,389,790
04/20/2023,VRB,FL,ASO,ES,Towers with Radar,2,63,60,0,125,0,95,134,0,229,2,158,194,0,354,382,0,382,736
04/21/2023,VRB,FL,ASO,ES,Towers with Radar,2,58,52,2,114,0,115,123,0,238,2,173,175,2,352,448,0,448,800
04/22/2023,VRB,FL,ASO,ES,Towers with Radar,4,27,31,0,62,0,52,71,0,123,4,79,102,0,185,140,0,140,325
04/23/2023,VRB,FL,ASO,ES,Towers with Radar,2,29,52,0,83,0,8,57,0,65,2,37,109,0,148,4,0,4,152
04/24/2023,VRB,FL,ASO,ES,Towers with Radar,2,38,67,0,107,0,39,46,0,85,2,77,113,0,192,332,0,332,524
04/25/2023,VRB,FL,ASO,ES,Towers with Radar,0,36,43,0,79,0,43,110,0,153,0,79,153,0,232,293,0,293,525
04/26/2023,VRB,FL,ASO,ES,Towers with Radar,2,42,75,0,119,0,86,118,0,204,2,128,193,0,323,431,0,431,754
04/27/2023,VRB,FL,ASO,ES,Towers with Radar,2,41,56,0,99,0,135,129,0,264,2,176,185,0,363,299,0,299,662
04/28/2023,VRB,FL,ASO,ES,Towers with Radar,2,54,53,0,109,0,102,88,0,190,2,156,141,0,299,289,0,289,588
04/29/2023,VRB,FL,ASO,ES,Towers with Radar,4,49,34,0,87,0,26,74,0,100,4,75,108,0,187,197,0,197,384
04/30/2023,VRB,FL,ASO,ES,Towers with Radar,2,30,29,0,61,0,1,5,0,6,2,31,34,0,67,0,0,0,67
05/01/2023,VRB,FL,ASO,ES,Towers with Radar,2,43,55,0,100,0,157,177,0,334,2,200,232,0,434,417,0,417,851
05/02/2023,VRB,FL,ASO,ES,Towers with Radar,0,51,55,0,106,0,126,187,0,313,0,177,242,0,419,329,0,329,748
05/03/2023,VRB,FL,ASO,ES,Towers with Radar,2,65,84,0,151,0,94,146,0,240,2,159,230,0,391,374,0,374,765
05/04/2023,VRB,FL,ASO,ES,Towers with Radar,2,63,59,0,124,0,133,149,0,282,2,196,208,0,406,213,0,213,619
05/05/2023,VRB,FL,ASO,ES,Towers with Radar,4,51,54,2,111,0,145,124,0,269,4,196,178,2,380,368,0,368,748
05/06/2023,VRB,FL,ASO,ES,Towers with Radar,4,32,37,0,73,0,13,33,0,46,4,45,70,0,119,23,0,23,142
05/07/2023,VRB,FL,ASO,ES,Towers with Radar,2,17,49,0,68,0,2,40,0,42,2,19,89,0,110,7,0,7,117
05/08/2023,VRB,FL,ASO,ES,Towers with Radar,4,70,61,1,136,0,111,129,0,240,4,181,190,1,376,494,0,494,870
05/09/2023,VRB,FL,ASO,ES,Towers with Radar,0,51,58,0,109,0,170,167,0,337,0,221,225,0,446,544,0,544,990
05/10/2023,VRB,FL,ASO,ES,Towers with Radar,2,58,84,0,144,0,140,168,0,308,2,198,252,0,452,563,0,563,1015
05/11/2023,VRB,FL,ASO,ES,Towers with Radar,2,38,60,0,100,0,115,112,0,227,2,153,172,0,327,606,0,606,933
05/12/2023,VRB,FL,ASO,ES,Towers with Radar,3,38,35,0,76,0,86,105,1,192,3,124,140,1,268,269,0,269,537
05/13/2023,VRB,FL,ASO,ES,Towers with Radar,3,13,47,0,63,0,34,74,0,108,3,47,121,0,171,137,0,137,308
05/14/2023,VRB,FL,ASO,ES,Towers with Radar,2,29,35,0,66,0,5,37,0,42,2,34,72,0,108,2,0,2,110
05/15/2023,VRB,FL,ASO,ES,Towers with Radar,3,58,48,0,109,0,109,124,0,233,3,167,172,0,342,258,0,258,600
05/16/2023,VRB,FL,ASO,ES,Towers with Radar,0,47,39,0,86,0,115,142,0,257,0,162,181,0,343,466,0,466,809
05/17/2023,VRB,FL,ASO,ES,Towers with Radar,0,34,49,0,83,0,106,126,0,232,0,140,175,0,315,512,0,512,827
05/18/2023,VRB,FL,ASO,ES,Towers with Radar,1,51,40,0,92,0,91,133,0,224,1,142,173,0,316,335,0,335,651
05/19/2023,VRB,FL,ASO,ES,Towers with Radar,4,47,45,0,96,0,97,141,0,238,4,144,186,0,334,431,0,431,765
05/20/2023,VRB,FL,ASO,ES,Towers with Radar,2,27,14,0,43,0,22,61,0,83,2,49,75,0,126,190,0,190,316
05/21/2023,VRB,FL,ASO,ES,Towers with Radar,2,14,27,0,43,0,4,49,0,53,2,18,76,0,96,2,0,2,98
05/22/2023,VRB,FL,ASO,ES,Towers with Radar,3,43,48,0,94,0,98,78,0,176,3,141,126,0,270,380,0,380,650
05/23/2023,VRB,FL,ASO,ES,Towers with Radar,0,29,45,0,74,0,50,53,0,103,0,79,98,0,177,284,0,284,461
05/24/2023,VRB,FL,ASO,ES,Towers with Radar,0,14,44,0,58,0,61,79,0,140,0,75,123,0,198,291,0,291,489
05/25/2023,VRB,FL,ASO,ES,Towers with Radar,2,46,53,0,101,0,61,60,0,121,2,107,113,0,222,371,0,371,593
05/26/2023,VRB,FL,ASO,ES,Towers with Radar,3,23,41,0,67,0,71,89,0,160,3,94,130,0,227,340,0,340,567
05/27/2023,VRB,FL,ASO,ES,Towers with Radar,2,28,46,0,76,0,40,69,0,109,2,68,115,0,185,152,0,152,337
05/28/2023,VRB,FL,ASO,ES,Towers with Radar,2,7,26,0,35,0,6,24,0,30,2,13,50,0,65,8,0,8,73
05/29/2023,VRB,FL,ASO,ES,Towers with Radar,3,19,62,0,84,0,4,98,0,102,3,23,160,0,186,126,0,126,312
05/30/2023,VRB,FL,ASO,ES,Towers with Radar,0,32,45,2,79,0,152,161,0,313,0,184,206,2,392,374,0,374,766
05/31/2023,VRB,FL,ASO,ES,Towers with Radar,0,36,39,0,75,0,34,36,0,70,0,70,75,0,145,198,0,198,343
06/01/2023,VRB,FL,ASO,ES,Towers with Radar,2,25,63,1,91,0,53,57,0,110,2,78,120,1,201,169,0,169,370
06/02/2023,VRB,FL,ASO,ES,Towers with Radar,4,46,42,0,92,0,67,81,1,149,4,113,123,1,241,420,0,420,661
06/03/2023,VRB,FL,ASO,ES,Towers with Radar,2,37,20,0,59,0,18,42,0,60,2,55,62,0,119,127,0,127,246
06/04/2023,VRB,FL,ASO,ES,Towers with Radar,2,17,27,0,46,0,2,24,0,26,2,19,51,0,72,6,0,6,78
06/05/2023,VRB,FL,ASO,ES,Towers with Radar,3,27,50,1,81,0,71,102,2,175,3,98,152,3,256,167,8,175,431
06/06/2023,VRB,FL,ASO,ES,Towers with Radar,0,33,48,2,83,0,167,207,0,374,0,200,255,2,457,530,0,530,987
06/07/2023,VRB,FL,ASO,ES,Towers with Radar,0,42,52,0,94,0,71,118,0,189,0,113,170,0,283,323,0,323,606
06/08/2023,VRB,FL,ASO,ES,Towers with Radar,2,21,48,0,71,0,84,72,0,156,2,105,120,0,227,202,0,202,429
06/09/2023,VRB,FL,ASO,ES,Towers with Radar,4,30,49,0,83,0,131,94,0,225,4,161,143,0,308,485,0,485,793
06/10/2023,VRB,FL,ASO,ES,Towers with Radar,2,8,29,0,39,0,37,63,0,100,2,45,92,0,139,141,0,141,280
06/11/2023,VRB,FL,ASO,ES,Towers with Radar,1,20,32,0,53,0,9,73,2,84,1,29,105,2,137,27,0,27,164
06/12/2023,VRB,FL,ASO,ES,Towers with Radar,4,26,32,0,62,0,110,107,0,217,4,136,139,0,279,327,0,327,606
06/13/2023,VRB,FL,ASO,ES,Towers with Radar,0,27,34,0,61,0,137,169,0,306,0,164,203,0,367,454,0,454,821
06/14/2023,VRB,FL,ASO,ES,Towers with Radar,0,27,35,0,62,0,106,135,0,241,0,133,170,0,303,320,0,320,623
06/15/2023,VRB,FL,ASO,ES,Towers with Radar,2,36,50,0,88,0,104,126,0,230,2,140,176,0,318,307,0,307,625
06/16/2023,VRB,FL,ASO,ES,Towers with Radar,4,29,30,0,63,0,93,63,0,156,4,122,93,0,219,247,0,247,466
06/17/2023,VRB,FL,ASO,ES,Towers with Radar,2,11,27,0,40,0,8,22,0,30,2,19,49,0,70,9,0,9,79
06/18/2023,VRB,FL,ASO,ES,Towers with Radar,2,10,21,0,33,0,3,26,0,29,2,13,47,0,62,12,0,12,74
06/19/2023,VRB,FL,ASO,ES,Towers with Radar,3,32,37,0,72,0,122,123,0,245,3,154,160,0,317,473,0,473,790
06/20/2023,VRB,FL,ASO,ES,Towers with Radar,0,26,31,0,57,0,65,69,0,134,0,91,100,0,191,172,0,172,363
06/21/2023,VRB,FL,ASO,ES,Towers with Radar,0,34,38,0,72,0,107,105,0,212,0,141,143,0,284,448,0,448,732
06/22/2023,VRB,FL,ASO,ES,Towers with Radar,2,30,50,0,82,0,104,109,0,213,2,134,159,0,295,454,0,454,749
06/23/2023,VRB,FL,ASO,ES,Towers with Radar,2,39,36,0,77,0,129,105,0,234,2,168,141,0,311,395,0,395,706
06/24/2023,VRB,FL,ASO,ES,Towers with Radar,1,15,30,2,48,0,72,34,0,106,1,87,64,2,154,100,0,100,254
06/25/2023,VRB,FL,ASO,ES,Towers with Radar,1,10,22,0,33,0,3,48,0,51,1,13,70,0,84,20,0,20,104
06/26/2023,VRB,FL,ASO,ES,Towers with Radar,3,46,39,3,91,0,123,119,0,242,3,169,158,3,333,513,0,513,846
06/27/2023,VRB,FL,ASO,ES,Towers with Radar,1,26,28,0,55,0,128,132,0,260,1,154,160,0,315,385,0,385,700
06/28/2023,VRB,FL,ASO,ES,Towers with Radar,0,28,41,0,69,0,63,57,0,120,0,91,98,0,189,275,0,275,464
06/29/2023,VRB,FL,ASO,ES,Towers with Radar,2,32,47,0,81,0,110,111,0,221,2,142,158,0,302,409,0,409,711
06/30/2023,VRB,FL,ASO,ES,Towers with Radar,4,38,44,0,86,0,153,124,0,277,4,191,168,0,363,307,0,307,670
07/01/2023,VRB,FL,ASO,ES,Towers with Radar,2,18,30,0,50,0,49,46,0,95,2,67,76,0,145,132,0,132,277
07/02/2023,VRB,FL,ASO,ES,Towers with Radar,2,14,16,0,32,0,2,54,0,56,2,16,70,0,88,21,0,21,109
07/03/2023,VRB,FL,ASO,ES,Towers with Radar,5,14,25,0,44,0,112,119,0,231,5,126,144,0,275,411,0,411,686
07/04/2023,VRB,FL,ASO,ES,Towers with Radar,0,4,6,0,10,0,8,24,0,32,0,12,30,0,42,26,0,26,68
07/05/2023,VRB,FL,ASO,ES,Towers with Radar,0,22,32,2,56,0,95,82,0,177,0,117,114,2,233,491,0,491,724
07/06/2023,VRB,FL,ASO,ES,Towers with Radar,2,9,39,0,50,0,95,64,1,160,2,104,103,1,210,334,0,334,544
07/07/2023,VRB,FL,ASO,ES,Towers with Radar,3,23,33,0,59,0,116,97,0,213,3,139,130,0,272,353,0,353,625
07/08/2023,VRB,FL,ASO,ES,Towers with Radar,3,18,26,0,47,0,72,46,0,118,3,90,72,0,165,167,0,167,332
07/09/2023,VRB,FL,ASO,ES,Towers with Radar,0,12,28,0,40,0,0,38,0,38,0,12,66,0,78,35,0,35,113
07/10/2023,VRB,FL,ASO,ES,Towers with Radar,7,21,34,0,62,0,112,128,0,240,7,133,162,0,302,351,0,351,653
07/11/2023,VRB,FL,ASO,ES,Towers with Radar,1,24,30,0,55,0,129,126,0,255,1,153,156,0,310,435,0,435,745
07/12/2023,VRB,FL,ASO,ES,Towers with Radar,0,14,37,0,51,0,138,135,0,273,0,152,172,0,324,516,0,516,840
07/13/2023,VRB,FL,ASO,ES,Towers with Radar,2,26,27,0,55,0,100,103,0,203,2,126,130,0,258,348,0,348,606
07/14/2023,VRB,FL,ASO,ES,Towers with Radar,4,17,31,0,52,0,130,113,0,243,4,147,144,0,295,360,0,360,655
07/15/2023,VRB,FL,ASO,ES,Towers with Radar,2,14,18,0,34,0,79,59,0,138,2,93,77,0,172,210,0,210,382
07/16/2023,VRB,FL,ASO,ES,Towers with Radar,2,1,30,0,33,0,2,41,0,43,2,3,71,0,76,10,0,10,86
07/17/2023,VRB,FL,ASO,ES,Towers with Radar,2,9,29,0,40,0,90,69,0,159,2,99,98,0,199,371,0,371,570
07/18/2023,VRB,FL,ASO,ES,Towers with Radar,0,11,34,0,45,0,117,98,0,215,0,128,132,0,260,355,0,355,615
07/19/2023,VRB,FL,ASO,ES,Towers with Radar,0,17,47,0,64,0,149,109,0,258,0,166,156,0,322,602,0,602,924
07/20/2023,VRB,FL,ASO,ES,Towers with Radar,2,17,45,0,64,0,158,96,0,254,2,175,141,0,318,600,0,600,918
07/21/2023,VRB,FL,ASO,ES,Towers with Radar,3,18,24,0,45,0,170,126,0,296,3,188,150,0,341,433,0,433,774
07/22/2023,VRB,FL,ASO,ES,Towers with Radar,2,9,36,0,47,0,92,80,0,172,2,101,116,0,219,313,0,313,532
07/23/2023,VRB,FL,ASO,ES,Towers with Radar,2,9,19,0,30,0,2,67,0,69,2,11,86,0,99,24,0,24,123
07/24/2023,VRB,FL,ASO,ES,Towers with Radar,4,30,36,0,70,0,150,114,0,264,4,180,150,0,334,561,0,561,895
07/25/2023,VRB,FL,ASO,ES,Towers with Radar,0,20,35,0,55,0,158,102,0,260,0,178,137,0,315,670,0,670,985
07/26/2023,VRB,FL,ASO,ES,Towers with Radar,0,11,28,0,39,0,140,139,0,279,0,151,167,0,318,545,0,545,863
07/27/2023,VRB,FL,ASO,ES,Towers with Radar,1,7,30,0,38,0,73,45,0,118,1,80,75,0,156,419,0,419,575
07/28/2023,VRB,FL,ASO,ES,Towers with Radar,3,13,38,0,54,0,113,70,0,183,3,126,108,0,237,346,0,346,583
07/29/2023,VRB,FL,ASO,ES,Towers with Radar,2,12,19,0,33,0,85,43,1,129,2,97,62,1,162,179,0,179,341
07/30/2023,VRB,FL,ASO,ES,Towers with Radar,2,13,20,0,35,0,6,57,2,65,2,19,77,2,100,26,0,26,126
07/31/2023,VRB,FL,ASO,ES,Towers with Radar,3,14,31,0,48,0,132,130,0,262,3,146,161,0,310,366,0,366,676
08/01/2023,VRB,FL,ASO,ES,Towers with Radar,0,26,38,0,64,0,134,134,0,268,0,160,172,0,332,607,0,607,939
08/02/2023,VRB,FL,ASO,ES,Towers with Radar,0,18,32,0,50,0,202,180,0,382,0,220,212,0,432,588,0,588,1020
08/03/2023,VRB,FL,ASO,ES,Towers with Radar,2,28,45,0,75,0,160,130,0,290,2,188,175,0,365,706,0,706,1071
08/04/2023,VRB,FL,ASO,ES,Towers with Radar,3,13,36,0,52,0,147,122,0,269,3,160,158,0,321,654,0,654,975
08/05/2023,VRB,FL,ASO,ES,Towers with Radar,2,14,20,0,36,0,80,78,0,158,2,94,98,0,194,169,0,169,363
08/06/2023,VRB,FL,ASO,ES,Towers with Radar,2,10,23,0,35,0,3,58,0,61,2,13,81,0,96,19,2,21,117
08/07/2023,VRB,FL,ASO,ES,Towers with Radar,4,14,33,0,51,0,141,133,0,274,4,155,166,0,325,442,0,442,767
08/08/2023,VRB,FL,ASO,ES,Towers with Radar,0,15,45,2,62,0,209,147,0,356,0,224,192,2,418,457,0,457,875
08/09/2023,VRB,FL,ASO,ES,Towers with Radar,0,14,37,0,51,0,205,116,0,321,0,219,153,0,372,482,0,482,854
08/10/2023,VRB,FL,ASO,ES,Towers with Radar,2,7,39,0,48,0,151,128,0,279,2,158,167,0,327,313,0,313,640
08/11/2023,VRB,FL,ASO,ES,Towers with Radar,3,19,32,0,54,0,186,146,0,332,3,205,178,0,386,537,0,537,923
08/12/2023,VRB,FL,ASO,ES,Towers with Radar,2,7,13,0,22,0,86,58,0,144,2,93,71,0,166,166,0,166,332
08/13/2023,VRB,FL,ASO,ES,Towers with Radar,2,4,23,0,29,0,2,40,0,42,2,6,63,0,71,5,0,5,76
08/14/2023,VRB,FL,ASO,ES,Towers with Radar,2,18,35,0,55,0,114,113,0,227,2,132,148,0,282,397,0,397,679
08/15/2023,VRB,FL,ASO,ES,Towers with Radar,1,14,39,0,54,0,172,121,0,293,1,186,160,0,347,550,0,550,897
08/16/2023,VRB,FL,ASO,ES,Towers with Radar,0,21,47,0,68,0,121,70,0,191,0,142,117,0,259,316,0,316,575
08/17/2023,VRB,FL,ASO,ES,Towers with Radar,2,18,35,0,55,0,106,75,0,181,2,124,110,0,236,197,0,197,433
08/18/2023,VRB,FL,ASO,ES,Towers with Radar,4,20,34,0,58,0,199,137,0,336,4,219,171,0,394,623,0,623,1017
08/19/2023,VRB,FL,ASO,ES,Towers with Radar,2,19,19,0,40,0,52,27,0,79,2,71,46,0,119,143,0,143,262
08/20/2023,VRB,FL,ASO,ES,Towers with Radar,2,21,16,0,39,0,2,16,0,18,2,23,32,0,57,20,0,20,77
08/21/2023,VRB,FL,ASO,ES,Towers with Radar,3,19,32,0,54,0,79,72,0,151,3,98,104,0,205,238,0,238,443
08/22/2023,VRB,FL,ASO,ES,Towers with Radar,0,26,38,1,65,0,153,132,1,286,0,179,170,2,351,287,0,287,638
08/23/2023,VRB,FL,ASO,ES,Towers with Radar,0,35,49,0,84,0,163,129,0,292,0,198,178,0,376,462,0,462,838
08/24/2023,VRB,FL,ASO,ES,Towers with Radar,2,36,48,2,88,0,124,82,0,206,2,160,130,2,294,339,0,339,633
08/25/2023,VRB,FL,ASO,ES,Towers with Radar,4,31,53,0,88,0,190,143,0,333,4,221,196,0,421,191,0,191,612
08/26/2023,VRB,FL,ASO,ES,Towers with Radar,2,12,26,0,40,0,106,49,1,156,2,118,75,1,196,161,0,161,357
08/27/2023,VRB,FL,ASO,ES,Towers with Radar,2,8,26,1,37,0,0,45,0,45,2,8,71,1,82,38,2,40,122
08/28/2023,VRB,FL,ASO,ES,Towers with Radar,4,20,23,0,47,0,72,48,0,120,4,92,71,0,167,297,0,297,464
08/29/2023,VRB,FL,ASO,ES,Towers with Radar,0,17,25,0,42,0,105,77,0,182,0,122,102,0,224,482,0,482,706
08/30/2023,VRB,FL,ASO,ES,Towers with Radar,0,5,1,0,6,0,0,7,0,7,0,5,8,0,13,0,0,0,13
08/31/2023,VRB,FL,ASO,ES,Towers with Radar,2,19,35,0,56,0,112,48,0,160,2,131,83,0,216,243,0,243,459
