01/01/2020,WDG,OK,ASW,CE,Federal Contract Tower,0,0,3,0,3,0,0,6,0,6,0,0,9,0,9,0,0,0,9
01/02/2020,WDG,OK,ASW,CE,Federal Contract Tower,0,2,4,0,6,0,0,15,0,15,0,2,19,0,21,42,0,42,63
01/03/2020,WDG,OK,ASW,CE,Federal Contract Tower,0,2,4,20,26,0,0,11,13,24,0,2,15,33,50,4,35,39,89
01/04/2020,WDG,OK,ASW,CE,Federal Contract Tower,0,3,3,6,12,0,0,39,6,45,0,3,42,12,57,55,36,91,148
01/05/2020,WDG,OK,ASW,CE,Federal Contract Tower,0,1,2,6,9,0,0,12,12,24,0,1,14,18,33,46,20,66,99
01/06/2020,WDG,OK,ASW,CE,Federal Contract Tower,0,2,4,59,65,0,0,11,45,56,0,2,15,104,121,0,107,107,228
01/07/2020,WDG,OK,ASW,CE,Federal Contract Tower,0,2,7,38,47,0,0,20,36,56,0,2,27,74,103,15,76,91,194
01/08/2020,WDG,OK,ASW,CE,Federal Contract Tower,0,2,2,42,46,0,0,10,24,34,0,2,12,66,80,0,48,48,128
01/09/2020,WDG,OK,ASW,CE,Federal Contract Tower,0,2,8,43,53,0,0,5,33,38,0,2,13,76,91,0,68,68,159
01/10/2020,WDG,OK,ASW,CE,Federal Contract Tower,0,2,0,1,3,0,0,2,1,3,0,2,2,2,6,0,0,0,6
01/11/2020,WDG,OK,ASW,CE,Federal Contract Tower,0,3,1,0,4,0,0,11,2,13,0,3,12,2,17,12,0,12,29
01/12/2020,WDG,OK,ASW,CE,Federal Contract Tower,0,0,3,5,8,0,0,5,4,9,0,0,8,9,17,14,0,14,31
01/13/2020,WDG,OK,ASW,CE,Federal Contract Tower,0,2,8,27,37,0,0,3,5,8,0,2,11,32,45,0,34,34,79
01/14/2020,WDG,OK,ASW,CE,Federal Contract Tower,0,2,5,50,57,0,0,9,17,26,0,2,14,67,83,0,70,70,153
01/15/2020,WDG,OK,ASW,CE,Federal Contract Tower,0,2,15,57,74,0,0,9,11,20,0,2,24,68,94,4,32,36,130
01/16/2020,WDG,OK,ASW,CE,Federal Contract Tower,0,0,5,65,70,0,0,8,42,50,0,0,13,107,120,2,192,194,314
01/17/2020,WDG,OK,ASW,CE,Federal Contract Tower,0,0,4,8,12,0,0,0,0,0,0,0,4,8,12,0,0,0,12
01/18/2020,WDG,OK,ASW,CE,Federal Contract Tower,0,2,6,7,15,0,0,19,4,23,0,2,25,11,38,42,43,85,123
01/19/2020,WDG,OK,ASW,CE,Federal Contract Tower,0,0,3,11,14,0,0,34,4,38,0,0,37,15,52,30,64,94,146
01/20/2020,WDG,OK,ASW,CE,Federal Contract Tower,0,2,10,23,35,0,0,27,4,31,0,2,37,27,66,10,62,72,138
01/21/2020,WDG,OK,ASW,CE,Federal Contract Tower,0,2,4,25,31,0,1,10,34,45,0,3,14,59,76,8,80,88,164
01/22/2020,WDG,OK,ASW,CE,Federal Contract Tower,0,2,0,1,3,0,0,0,0,0,0,2,0,1,3,0,0,0,3
01/23/2020,WDG,OK,ASW,CE,Federal Contract Tower,0,3,11,55,69,0,0,3,29,32,0,3,14,84,101,32,90,122,223
01/24/2020,WDG,OK,ASW,CE,Federal Contract Tower,0,2,10,41,53,0,0,11,42,53,0,2,21,83,106,6,150,156,262
01/25/2020,WDG,OK,ASW,CE,Federal Contract Tower,0,2,6,17,25,0,0,23,15,38,0,2,29,32,63,10,14,24,87
01/26/2020,WDG,OK,ASW,CE,Federal Contract Tower,0,0,4,33,37,0,0,33,19,52,0,0,37,52,89,22,34,56,145
01/27/2020,WDG,OK,ASW,CE,Federal Contract Tower,0,2,7,39,48,0,0,19,41,60,0,2,26,80,108,0,114,114,222
01/28/2020,WDG,OK,ASW,CE,Federal Contract Tower,0,3,1,0,4,0,0,0,0,0,0,3,1,0,4,0,0,0,4
01/29/2020,WDG,OK,ASW,CE,Federal Contract Tower,0,2,2,90,94,0,1,1,0,2,0,3,3,90,96,20,18,38,134
01/30/2020,WDG,OK,ASW,CE,Federal Contract Tower,0,4,5,80,89,0,0,0,0,0,0,4,5,80,89,0,48,48,137
01/31/2020,WDG,OK,ASW,CE,Federal Contract Tower,0,2,4,41,47,0,0,30,37,67,0,2,34,78,114,10,88,98,212
02/01/2020,WDG,OK,ASW,CE,Federal Contract Tower,0,2,3,14,19,0,0,35,12,47,0,2,38,26,66,22,38,60,126
02/02/2020,WDG,OK,ASW,CE,Federal Contract Tower,0,0,5,12,17,0,0,39,6,45,0,0,44,18,62,40,6,46,108
02/03/2020,WDG,OK,ASW,CE,Federal Contract Tower,0,2,7,56,65,0,0,12,22,34,0,2,19,78,99,11,106,117,216
02/04/2020,WDG,OK,ASW,CE,Federal Contract Tower,0,2,2,0,4,0,0,0,0,0,0,2,2,0,4,0,0,0,4
02/05/2020,WDG,OK,ASW,CE,Federal Contract Tower,0,2,2,46,50,0,0,0,20,20,0,2,2,66,70,22,42,64,134
02/06/2020,WDG,OK,ASW,CE,Federal Contract Tower,0,2,3,36,41,0,0,12,30,42,0,2,15,66,83,2,80,82,165
02/07/2020,WDG,OK,ASW,CE,Federal Contract Tower,0,2,6,69,77,0,0,35,58,93,0,2,41,127,170,0,168,168,338
02/08/2020,WDG,OK,ASW,CE,Federal Contract Tower,0,2,4,16,22,0,0,38,8,46,0,2,42,24,68,68,12,80,148
02/09/2020,WDG,OK,ASW,CE,Federal Contract Tower,0,0,4,15,19,0,0,4,3,7,0,0,8,18,26,6,14,20,46
02/10/2020,WDG,OK,ASW,CE,Federal Contract Tower,0,2,5,83,90,0,0,8,39,47,0,2,13,122,137,4,102,106,243
02/11/2020,WDG,OK,ASW,CE,Federal Contract Tower,0,2,3,75,80,0,0,4,54,58,0,2,7,129,138,44,72,116,254
02/12/2020,WDG,OK,ASW,CE,Federal Contract Tower,0,3,2,0,5,0,0,0,0,0,0,3,2,0,5,0,0,0,5
02/13/2020,WDG,OK,ASW,CE,Federal Contract Tower,0,2,3,78,83,0,0,6,34,40,0,2,9,112,123,7,69,76,199
02/14/2020,WDG,OK,ASW,CE,Federal Contract Tower,0,2,7,37,46,0,0,10,17,27,0,2,17,54,73,6,46,52,125
02/15/2020,WDG,OK,ASW,CE,Federal Contract Tower,0,2,3,0,5,0,0,42,1,43,0,2,45,1,48,110,0,110,158
02/16/2020,WDG,OK,ASW,CE,Federal Contract Tower,0,0,8,0,8,0,0,8,0,8,0,0,16,0,16,6,0,6,22
02/17/2020,WDG,OK,ASW,CE,Federal Contract Tower,0,2,2,6,10,0,0,10,0,10,0,2,12,6,20,8,0,8,28
02/18/2020,WDG,OK,ASW,CE,Federal Contract Tower,0,2,9,67,78,0,0,16,54,70,0,2,25,121,148,16,78,94,242
02/19/2020,WDG,OK,ASW,CE,Federal Contract Tower,0,2,3,76,81,0,0,14,47,61,0,2,17,123,142,18,102,120,262
02/20/2020,WDG,OK,ASW,CE,Federal Contract Tower,0,2,4,54,60,0,0,3,20,23,0,2,7,74,83,0,72,72,155
02/21/2020,WDG,OK,ASW,CE,Federal Contract Tower,0,2,8,41,51,0,0,25,38,63,0,2,33,79,114,8,52,60,174
02/22/2020,WDG,OK,ASW,CE,Federal Contract Tower,0,3,4,20,27,0,0,38,12,50,0,3,42,32,77,34,36,70,147
02/23/2020,WDG,OK,ASW,CE,Federal Contract Tower,0,1,9,15,25,0,0,1,0,1,0,1,10,15,26,0,8,8,34
02/24/2020,WDG,OK,ASW,CE,Federal Contract Tower,0,0,5,25,30,0,0,2,6,8,0,0,7,31,38,0,0,0,38
02/25/2020,WDG,OK,ASW,CE,Federal Contract Tower,0,2,7,30,39,0,0,5,26,31,0,2,12,56,70,8,58,66,136
02/26/2020,WDG,OK,ASW,CE,Federal Contract Tower,0,2,4,44,50,0,0,17,25,42,0,2,21,69,92,4,66,70,162
02/27/2020,WDG,OK,ASW,CE,Federal Contract Tower,0,2,5,38,45,0,0,8,26,34,0,2,13,64,79,0,104,104,183
02/28/2020,WDG,OK,ASW,CE,Federal Contract Tower,0,2,9,36,47,0,0,31,36,67,0,2,40,72,114,4,84,88,202
02/29/2020,WDG,OK,ASW,CE,Federal Contract Tower,0,2,4,10,16,0,0,16,4,20,0,2,20,14,36,10,12,22,58
03/01/2020,WDG,OK,ASW,CE,Federal Contract Tower,0,0,4,10,14,0,0,34,3,37,0,0,38,13,51,26,0,26,77
03/02/2020,WDG,OK,ASW,CE,Federal Contract Tower,0,2,0,39,41,0,0,12,7,19,0,2,12,46,60,4,18,22,82
03/03/2020,WDG,OK,ASW,CE,Federal Contract Tower,0,2,4,40,46,0,0,14,38,52,0,2,18,78,98,24,102,126,224
03/04/2020,WDG,OK,ASW,CE,Federal Contract Tower,0,4,7,40,51,0,0,8,32,40,0,4,15,72,91,0,108,108,199
03/05/2020,WDG,OK,ASW,CE,Federal Contract Tower,0,2,6,52,60,0,0,6,38,44,0,2,12,90,104,22,96,118,222
03/06/2020,WDG,OK,ASW,CE,Federal Contract Tower,0,2,4,29,35,0,0,12,27,39,0,2,16,56,74,4,118,122,196
03/07/2020,WDG,OK,ASW,CE,Federal Contract Tower,0,2,2,6,10,0,0,20,2,22,0,2,22,8,32,4,10,14,46
03/08/2020,WDG,OK,ASW,CE,Federal Contract Tower,0,0,5,19,24,0,0,6,2,8,0,0,11,21,32,0,0,0,32
03/09/2020,WDG,OK,ASW,CE,Federal Contract Tower,0,2,4,93,99,0,0,3,5,8,0,2,7,98,107,6,54,60,167
03/10/2020,WDG,OK,ASW,CE,Federal Contract Tower,0,2,5,26,33,0,0,6,10,16,0,2,11,36,49,6,20,26,75
03/11/2020,WDG,OK,ASW,CE,Federal Contract Tower,0,2,7,66,75,0,0,17,9,26,0,2,24,75,101,32,54,86,187
03/12/2020,WDG,OK,ASW,CE,Federal Contract Tower,0,2,4,51,57,0,0,15,31,46,0,2,19,82,103,2,134,136,239
03/13/2020,WDG,OK,ASW,CE,Federal Contract Tower,0,3,5,7,15,0,0,7,2,9,0,3,12,9,24,0,6,6,30
03/14/2020,WDG,OK,ASW,CE,Federal Contract Tower,0,0,7,6,13,0,0,0,0,0,0,0,7,6,13,0,4,4,17
03/15/2020,WDG,OK,ASW,CE,Federal Contract Tower,0,0,12,20,32,0,0,3,0,3,0,0,15,20,35,2,0,2,37
03/16/2020,WDG,OK,ASW,CE,Federal Contract Tower,0,2,3,2,7,0,0,0,0,0,0,2,3,2,7,0,0,0,7
03/17/2020,WDG,OK,ASW,CE,Federal Contract Tower,0,2,3,29,34,0,0,0,0,0,0,2,3,29,34,0,0,0,34
03/18/2020,WDG,OK,ASW,CE,Federal Contract Tower,0,2,1,54,57,0,0,0,11,11,0,2,1,65,68,0,63,63,131
03/19/2020,WDG,OK,ASW,CE,Federal Contract Tower,0,0,2,36,38,0,0,13,8,21,0,0,15,44,59,2,36,38,97
03/20/2020,WDG,OK,ASW,CE,Federal Contract Tower,0,2,1,67,70,0,0,13,30,43,0,2,14,97,113,2,78,80,193
03/21/2020,WDG,OK,ASW,CE,Federal Contract Tower,0,2,3,17,22,0,0,33,10,43,0,2,36,27,65,2,32,34,99
03/22/2020,WDG,OK,ASW,CE,Federal Contract Tower,0,0,0,19,19,0,0,0,0,0,0,0,0,19,19,0,0,0,19
03/23/2020,WDG,OK,ASW,CE,Federal Contract Tower,0,2,1,8,11,0,0,0,0,0,0,2,1,8,11,0,0,0,11
03/24/2020,WDG,OK,ASW,CE,Federal Contract Tower,0,2,0,46,48,0,0,8,16,24,0,2,8,62,72,18,34,52,124
03/25/2020,WDG,OK,ASW,CE,Federal Contract Tower,0,2,0,27,29,0,0,21,22,43,0,2,21,49,72,30,104,134,206
03/26/2020,WDG,OK,ASW,CE,Federal Contract Tower,0,2,0,55,57,0,0,14,13,27,0,2,14,68,84,9,42,51,135
03/27/2020,WDG,OK,ASW,CE,Federal Contract Tower,0,2,3,32,37,0,0,7,9,16,0,2,10,41,53,12,26,38,91
03/28/2020,WDG,OK,ASW,CE,Federal Contract Tower,0,2,1,8,11,0,0,0,0,0,0,2,1,8,11,0,4,4,15
03/29/2020,WDG,OK,ASW,CE,Federal Contract Tower,0,0,2,16,18,0,0,46,9,55,0,0,48,25,73,88,2,90,163
03/30/2020,WDG,OK,ASW,CE,Federal Contract Tower,0,2,0,2,4,0,0,0,0,0,0,2,0,2,4,0,0,0,4
03/31/2020,WDG,OK,ASW,CE,Federal Contract Tower,0,2,1,49,52,0,0,13,22,35,0,2,14,71,87,18,42,60,147
04/01/2020,WDG,OK,ASW,CE,Federal Contract Tower,0,2,0,41,43,0,0,8,24,32,0,2,8,65,75,12,48,60,135
04/02/2020,WDG,OK,ASW,CE,Federal Contract Tower,0,2,0,68,70,0,0,2,5,7,0,2,2,73,77,0,61,61,138
04/03/2020,WDG,OK,ASW,CE,Federal Contract Tower,0,3,1,27,31,0,0,4,9,13,0,3,5,36,44,1,32,33,77
04/04/2020,WDG,OK,ASW,CE,Federal Contract Tower,0,2,0,8,10,0,0,0,0,0,0,2,0,8,10,0,0,0,10
04/05/2020,WDG,OK,ASW,CE,Federal Contract Tower,0,0,2,1,3,0,0,8,0,8,0,0,10,1,11,0,0,0,11
04/06/2020,WDG,OK,ASW,CE,Federal Contract Tower,0,5,5,55,65,0,0,7,3,10,0,5,12,58,75,0,26,26,101
04/07/2020,WDG,OK,ASW,CE,Federal Contract Tower,0,2,5,38,45,0,0,7,15,22,0,2,12,53,67,0,57,57,124
04/08/2020,WDG,OK,ASW,CE,Federal Contract Tower,0,2,2,36,40,0,0,24,22,46,0,2,26,58,86,33,34,67,153
04/09/2020,WDG,OK,ASW,CE,Federal Contract Tower,0,2,4,48,54,0,0,17,36,53,0,2,21,84,107,12,82,94,201
04/10/2020,WDG,OK,ASW,CE,Federal Contract Tower,0,2,0,40,42,0,0,20,25,45,0,2,20,65,87,46,64,110,197
04/11/2020,WDG,OK,ASW,CE,Federal Contract Tower,0,2,1,36,39,0,0,8,23,31,0,2,9,59,70,0,38,38,108
04/12/2020,WDG,OK,ASW,CE,Federal Contract Tower,0,0,0,0,0,0,0,0,0,0,0,0,0,0,0,0,0,0,0
04/13/2020,WDG,OK,ASW,CE,Federal Contract Tower,0,2,8,59,69,0,0,10,37,47,0,2,18,96,116,10,50,60,176
04/14/2020,WDG,OK,ASW,CE,Federal Contract Tower,0,3,6,29,38,0,1,16,23,40,0,4,22,52,78,16,72,88,166
04/15/2020,WDG,OK,ASW,CE,Federal Contract Tower,0,2,1,39,42,0,0,17,23,40,0,2,18,62,82,0,58,58,140
04/16/2020,WDG,OK,ASW,CE,Federal Contract Tower,0,2,5,47,54,0,0,7,22,29,0,2,12,69,83,0,74,74,157
04/17/2020,WDG,OK,ASW,CE,Federal Contract Tower,0,2,2,59,63,0,0,2,12,14,0,2,4,71,77,18,38,56,133
04/18/2020,WDG,OK,ASW,CE,Federal Contract Tower,0,2,0,22,24,0,0,10,27,37,0,2,10,49,61,0,34,34,95
04/19/2020,WDG,OK,ASW,CE,Federal Contract Tower,0,0,10,0,10,0,0,6,0,6,0,0,16,0,16,10,0,10,26
04/20/2020,WDG,OK,ASW,CE,Federal Contract Tower,0,2,0,50,52,0,0,24,31,55,0,2,24,81,107,0,52,52,159
04/21/2020,WDG,OK,ASW,CE,Federal Contract Tower,0,2,4,44,50,0,0,11,33,44,0,2,15,77,94,4,72,76,170
04/22/2020,WDG,OK,ASW,CE,Federal Contract Tower,0,1,2,10,13,0,1,0,0,1,0,2,2,10,14,0,0,0,14
04/23/2020,WDG,OK,ASW,CE,Federal Contract Tower,0,2,0,42,44,0,0,25,21,46,0,2,25,63,90,14,46,60,150
04/24/2020,WDG,OK,ASW,CE,Federal Contract Tower,0,2,2,41,45,0,0,14,22,36,0,2,16,63,81,4,10,14,95
04/25/2020,WDG,OK,ASW,CE,Federal Contract Tower,0,1,4,72,77,0,1,35,38,74,0,2,39,110,151,30,64,94,245
04/26/2020,WDG,OK,ASW,CE,Federal Contract Tower,0,2,5,0,7,0,2,22,0,24,0,4,27,0,31,26,0,26,57
04/27/2020,WDG,OK,ASW,CE,Federal Contract Tower,0,2,4,41,47,0,0,9,29,38,0,2,13,70,85,0,86,86,171
04/28/2020,WDG,OK,ASW,CE,Federal Contract Tower,0,2,4,51,57,0,0,9,24,33,0,2,13,75,90,2,70,72,162
04/29/2020,WDG,OK,ASW,CE,Federal Contract Tower,0,2,0,45,47,0,0,12,25,37,0,2,12,70,84,0,36,36,120
04/30/2020,WDG,OK,ASW,CE,Federal Contract Tower,0,2,2,56,60,0,0,27,31,58,0,2,29,87,118,44,30,74,192
05/01/2020,WDG,OK,ASW,CE,Federal Contract Tower,0,2,4,33,39,0,0,11,24,35,0,2,15,57,74,0,32,32,106
05/02/2020,WDG,OK,ASW,CE,Federal Contract Tower,0,2,1,46,49,0,0,21,24,45,0,2,22,70,94,30,14,44,138
05/03/2020,WDG,OK,ASW,CE,Federal Contract Tower,0,0,9,15,24,0,0,6,0,6,0,0,15,15,30,0,6,6,36
05/04/2020,WDG,OK,ASW,CE,Federal Contract Tower,0,2,3,59,64,0,0,12,23,35,0,2,15,82,99,4,74,78,177
05/05/2020,WDG,OK,ASW,CE,Federal Contract Tower,0,2,4,59,65,0,0,9,36,45,0,2,13,95,110,26,36,62,172
05/06/2020,WDG,OK,ASW,CE,Federal Contract Tower,0,2,3,48,53,0,0,21,29,50,0,2,24,77,103,10,82,92,195
05/07/2020,WDG,OK,ASW,CE,Federal Contract Tower,0,2,5,47,54,0,0,12,15,27,0,2,17,62,81,8,20,28,109
05/08/2020,WDG,OK,ASW,CE,Federal Contract Tower,0,2,1,79,82,0,0,13,33,46,0,2,14,112,128,14,82,96,224
05/09/2020,WDG,OK,ASW,CE,Federal Contract Tower,0,2,0,40,42,0,0,46,10,56,0,2,46,50,98,28,43,71,169
05/10/2020,WDG,OK,ASW,CE,Federal Contract Tower,0,2,2,6,10,0,0,17,5,22,0,2,19,11,32,18,26,44,76
05/11/2020,WDG,OK,ASW,CE,Federal Contract Tower,0,2,7,58,67,0,0,11,27,38,0,2,18,85,105,0,50,50,155
05/12/2020,WDG,OK,ASW,CE,Federal Contract Tower,0,2,4,61,67,0,0,0,0,0,0,2,4,61,67,0,0,0,67
05/13/2020,WDG,OK,ASW,CE,Federal Contract Tower,0,2,4,56,62,0,0,0,0,0,0,2,4,56,62,0,22,22,84
05/14/2020,WDG,OK,ASW,CE,Federal Contract Tower,0,2,7,56,65,0,0,18,46,64,0,2,25,102,129,10,58,68,197
05/15/2020,WDG,OK,ASW,CE,Federal Contract Tower,0,2,4,28,34,0,0,5,0,5,0,2,9,28,39,12,0,12,51
05/16/2020,WDG,OK,ASW,CE,Federal Contract Tower,0,2,4,0,6,0,0,19,0,19,0,2,23,0,25,28,0,28,53
05/17/2020,WDG,OK,ASW,CE,Federal Contract Tower,0,0,9,73,82,0,0,20,32,52,0,0,29,105,134,6,28,34,168
05/18/2020,WDG,OK,ASW,CE,Federal Contract Tower,0,2,3,64,69,0,0,21,35,56,0,2,24,99,125,24,96,120,245
05/19/2020,WDG,OK,ASW,CE,Federal Contract Tower,0,2,2,73,77,0,1,23,34,58,0,3,25,107,135,59,94,153,288
05/20/2020,WDG,OK,ASW,CE,Federal Contract Tower,0,2,10,52,64,0,0,24,25,49,0,2,34,77,113,14,70,84,197
05/21/2020,WDG,OK,ASW,CE,Federal Contract Tower,0,2,4,65,71,0,0,11,5,16,0,2,15,70,87,12,24,36,123
05/22/2020,WDG,OK,ASW,CE,Federal Contract Tower,0,4,5,0,9,0,0,24,0,24,0,4,29,0,33,18,0,18,51
05/23/2020,WDG,OK,ASW,CE,Federal Contract Tower,0,2,5,0,7,0,1,26,0,27,0,3,31,0,34,2,0,2,36
05/24/2020,WDG,OK,ASW,CE,Federal Contract Tower,0,0,3,0,3,0,0,6,0,6,0,0,9,0,9,0,0,0,9
05/25/2020,WDG,OK,ASW,CE,Federal Contract Tower,0,0,6,0,6,0,0,6,0,6,0,0,12,0,12,0,0,0,12
05/26/2020,WDG,OK,ASW,CE,Federal Contract Tower,0,2,2,89,93,0,0,7,21,28,0,2,9,110,121,10,32,42,163
05/27/2020,WDG,OK,ASW,CE,Federal Contract Tower,0,2,3,61,66,0,0,9,36,45,0,2,12,97,111,16,96,112,223
05/28/2020,WDG,OK,ASW,CE,Federal Contract Tower,0,2,7,85,94,0,0,8,43,51,0,2,15,128,145,2,82,84,229
05/29/2020,WDG,OK,ASW,CE,Federal Contract Tower,0,2,2,53,57,0,0,19,23,42,0,2,21,76,99,2,40,42,141
05/30/2020,WDG,OK,ASW,CE,Federal Contract Tower,0,2,3,44,49,0,0,27,26,53,0,2,30,70,102,16,86,102,204
05/31/2020,WDG,OK,ASW,CE,Federal Contract Tower,0,0,2,10,12,0,0,10,6,16,0,0,12,16,28,2,34,36,64
06/01/2020,WDG,OK,ASW,CE,Federal Contract Tower,0,2,7,51,60,0,0,13,30,43,0,2,20,81,103,2,224,226,329
06/02/2020,WDG,OK,ASW,CE,Federal Contract Tower,0,2,8,54,64,0,0,12,12,24,0,2,20,66,88,10,58,68,156
06/03/2020,WDG,OK,ASW,CE,Federal Contract Tower,0,2,3,51,56,0,0,13,20,33,0,2,16,71,89,28,40,68,157
06/04/2020,WDG,OK,ASW,CE,Federal Contract Tower,0,2,6,44,52,0,0,19,21,40,0,2,25,65,92,4,32,36,128
06/05/2020,WDG,OK,ASW,CE,Federal Contract Tower,0,3,17,37,57,0,0,16,30,46,0,3,33,67,103,26,98,124,227
06/06/2020,WDG,OK,ASW,CE,Federal Contract Tower,0,2,5,28,35,0,0,21,16,37,0,2,26,44,72,20,46,66,138
06/07/2020,WDG,OK,ASW,CE,Federal Contract Tower,0,0,5,4,9,0,0,19,7,26,0,0,24,11,35,0,8,8,43
06/08/2020,WDG,OK,ASW,CE,Federal Contract Tower,0,2,1,61,64,0,0,18,19,37,0,2,19,80,101,16,58,74,175
06/09/2020,WDG,OK,ASW,CE,Federal Contract Tower,0,1,3,3,7,0,0,6,3,9,0,1,9,6,16,0,0,0,16
06/10/2020,WDG,OK,ASW,CE,Federal Contract Tower,0,3,3,81,87,0,0,15,48,63,0,3,18,129,150,28,64,92,242
06/11/2020,WDG,OK,ASW,CE,Federal Contract Tower,0,2,5,40,47,0,0,24,33,57,0,2,29,73,104,18,94,112,216
06/12/2020,WDG,OK,ASW,CE,Federal Contract Tower,0,4,7,47,58,0,0,22,38,60,0,4,29,85,118,38,102,140,258
06/13/2020,WDG,OK,ASW,CE,Federal Contract Tower,0,2,0,8,10,0,0,25,4,29,0,2,25,12,39,32,8,40,79
06/14/2020,WDG,OK,ASW,CE,Federal Contract Tower,0,1,6,6,13,0,0,27,2,29,0,1,33,8,42,13,24,37,79
06/15/2020,WDG,OK,ASW,CE,Federal Contract Tower,0,2,8,64,74,0,0,17,23,40,0,2,25,87,114,14,48,62,176
06/16/2020,WDG,OK,ASW,CE,Federal Contract Tower,0,2,6,44,52,0,1,24,23,48,0,3,30,67,100,48,56,104,204
06/17/2020,WDG,OK,ASW,CE,Federal Contract Tower,0,2,2,78,82,0,0,21,40,61,0,2,23,118,143,58,58,116,259
06/18/2020,WDG,OK,ASW,CE,Federal Contract Tower,0,2,7,66,75,0,0,9,34,43,0,2,16,100,118,6,88,94,212
06/19/2020,WDG,OK,ASW,CE,Federal Contract Tower,0,2,4,1,7,0,0,2,1,3,0,2,6,2,10,0,0,0,10
06/20/2020,WDG,OK,ASW,CE,Federal Contract Tower,0,2,6,2,10,0,0,34,2,36,0,2,40,4,46,28,0,28,74
06/21/2020,WDG,OK,ASW,CE,Federal Contract Tower,0,3,6,2,11,0,0,16,2,18,0,3,22,4,29,6,2,8,37
06/22/2020,WDG,OK,ASW,CE,Federal Contract Tower,0,2,4,67,73,0,0,9,47,56,0,2,13,114,129,38,58,96,225
06/23/2020,WDG,OK,ASW,CE,Federal Contract Tower,0,2,2,43,47,0,0,18,26,44,0,2,20,69,91,33,35,68,159
06/24/2020,WDG,OK,ASW,CE,Federal Contract Tower,0,2,0,54,56,0,0,19,30,49,0,2,19,84,105,84,36,120,225
06/25/2020,WDG,OK,ASW,CE,Federal Contract Tower,0,2,3,50,55,0,0,25,28,53,0,2,28,78,108,26,34,60,168
06/26/2020,WDG,OK,ASW,CE,Federal Contract Tower,0,2,5,62,69,0,0,21,30,51,0,2,26,92,120,10,78,88,208
06/27/2020,WDG,OK,ASW,CE,Federal Contract Tower,0,1,3,7,11,0,1,20,10,31,0,2,23,17,42,4,36,40,82
06/28/2020,WDG,OK,ASW,CE,Federal Contract Tower,0,0,3,11,14,0,0,6,9,15,0,0,9,20,29,0,38,38,67
06/29/2020,WDG,OK,ASW,CE,Federal Contract Tower,0,2,10,43,55,0,0,1,18,19,0,2,11,61,74,0,22,22,96
06/30/2020,WDG,OK,ASW,CE,Federal Contract Tower,0,3,5,42,50,0,0,10,32,42,0,3,15,74,92,16,16,32,124
07/01/2020,WDG,OK,ASW,CE,Federal Contract Tower,0,2,14,54,70,0,0,28,26,54,0,2,42,80,124,38,40,78,202
07/02/2020,WDG,OK,ASW,CE,Federal Contract Tower,0,1,8,66,75,0,1,29,39,69,0,2,37,105,144,30,88,118,262
07/03/2020,WDG,OK,ASW,CE,Federal Contract Tower,0,0,6,0,6,0,0,27,0,27,0,0,33,0,33,20,0,20,53
07/04/2020,WDG,OK,ASW,CE,Federal Contract Tower,0,0,0,0,0,0,0,9,0,9,0,0,9,0,9,14,0,14,23
07/05/2020,WDG,OK,ASW,CE,Federal Contract Tower,0,0,16,0,16,0,0,13,0,13,0,0,29,0,29,18,0,18,47
07/06/2020,WDG,OK,ASW,CE,Federal Contract Tower,0,2,10,0,12,0,0,13,0,13,0,2,23,0,25,26,0,26,51
07/07/2020,WDG,OK,ASW,CE,Federal Contract Tower,0,2,4,66,72,0,0,8,27,35,0,2,12,93,107,26,62,88,195
07/08/2020,WDG,OK,ASW,CE,Federal Contract Tower,0,3,7,52,62,0,1,18,40,59,0,4,25,92,121,36,50,86,207
07/09/2020,WDG,OK,ASW,CE,Federal Contract Tower,0,2,4,36,42,0,0,4,11,15,0,2,8,47,57,0,46,46,103
07/10/2020,WDG,OK,ASW,CE,Federal Contract Tower,0,2,3,42,47,0,1,9,20,30,0,3,12,62,77,22,19,41,118
07/11/2020,WDG,OK,ASW,CE,Federal Contract Tower,0,3,2,9,14,0,0,24,6,30,0,3,26,15,44,10,16,26,70
07/12/2020,WDG,OK,ASW,CE,Federal Contract Tower,0,0,5,10,15,0,0,25,6,31,0,0,30,16,46,10,20,30,76
07/13/2020,WDG,OK,ASW,CE,Federal Contract Tower,0,2,14,63,79,0,0,9,39,48,0,2,23,102,127,22,130,152,279
07/14/2020,WDG,OK,ASW,CE,Federal Contract Tower,0,2,9,46,57,0,0,10,31,41,0,2,19,77,98,28,86,114,212
07/15/2020,WDG,OK,ASW,CE,Federal Contract Tower,0,6,11,59,76,0,0,14,43,57,0,6,25,102,133,58,78,136,269
07/16/2020,WDG,OK,ASW,CE,Federal Contract Tower,0,3,6,43,52,0,0,24,29,53,0,3,30,72,105,34,116,150,255
07/17/2020,WDG,OK,ASW,CE,Federal Contract Tower,0,2,1,27,30,0,0,23,34,57,0,2,24,61,87,46,126,172,259
07/18/2020,WDG,OK,ASW,CE,Federal Contract Tower,0,2,8,21,31,0,0,38,32,70,0,2,46,53,101,8,60,68,169
07/19/2020,WDG,OK,ASW,CE,Federal Contract Tower,0,2,5,1,8,0,0,32,1,33,0,2,37,2,41,50,0,50,91
07/20/2020,WDG,OK,ASW,CE,Federal Contract Tower,0,2,0,34,36,0,0,12,19,31,0,2,12,53,67,26,46,72,139
07/21/2020,WDG,OK,ASW,CE,Federal Contract Tower,0,4,2,24,30,0,0,8,17,25,0,4,10,41,55,16,32,48,103
07/22/2020,WDG,OK,ASW,CE,Federal Contract Tower,0,2,1,37,40,0,2,14,26,42,0,4,15,63,82,28,50,78,160
07/23/2020,WDG,OK,ASW,CE,Federal Contract Tower,0,2,6,15,23,0,0,7,4,11,0,2,13,19,34,29,24,53,87
07/24/2020,WDG,OK,ASW,CE,Federal Contract Tower,0,2,5,24,31,0,0,21,27,48,0,2,26,51,79,6,18,24,103
07/25/2020,WDG,OK,ASW,CE,Federal Contract Tower,0,2,3,1,6,0,0,27,7,34,0,2,30,8,40,20,4,24,64
07/26/2020,WDG,OK,ASW,CE,Federal Contract Tower,0,0,3,2,5,0,0,19,2,21,0,0,22,4,26,0,10,10,36
07/27/2020,WDG,OK,ASW,CE,Federal Contract Tower,0,2,3,13,18,0,0,3,3,6,0,2,6,16,24,2,0,2,26
07/28/2020,WDG,OK,ASW,CE,Federal Contract Tower,0,2,7,43,52,0,0,3,3,6,0,2,10,46,58,20,2,22,80
07/29/2020,WDG,OK,ASW,CE,Federal Contract Tower,0,3,7,41,51,0,0,11,9,20,0,3,18,50,71,16,8,24,95
07/30/2020,WDG,OK,ASW,CE,Federal Contract Tower,0,6,4,49,59,0,0,25,32,57,0,6,29,81,116,22,115,137,253
07/31/2020,WDG,OK,ASW,CE,Federal Contract Tower,0,2,6,59,67,0,0,21,35,56,0,2,27,94,123,10,73,83,206
08/01/2020,WDG,OK,ASW,CE,Federal Contract Tower,0,6,2,0,8,0,0,43,6,49,0,6,45,6,57,34,0,34,91
08/02/2020,WDG,OK,ASW,CE,Federal Contract Tower,0,4,1,9,14,0,0,27,5,32,0,4,28,14,46,24,0,24,70
08/03/2020,WDG,OK,ASW,CE,Federal Contract Tower,0,2,12,38,52,0,0,15,34,49,0,2,27,72,101,106,60,166,267
08/04/2020,WDG,OK,ASW,CE,Federal Contract Tower,0,2,1,40,43,0,0,11,30,41,0,2,12,70,84,12,90,102,186
08/05/2020,WDG,OK,ASW,CE,Federal Contract Tower,0,4,5,38,47,0,0,10,6,16,0,4,15,44,63,4,74,78,141
08/06/2020,WDG,OK,ASW,CE,Federal Contract Tower,0,2,2,18,22,0,0,4,10,14,0,2,6,28,36,0,58,58,94
08/07/2020,WDG,OK,ASW,CE,Federal Contract Tower,0,3,4,11,18,0,0,18,21,39,0,3,22,32,57,0,28,28,85
08/08/2020,WDG,OK,ASW,CE,Federal Contract Tower,0,2,2,9,13,0,0,22,16,38,0,2,24,25,51,14,40,54,105
08/09/2020,WDG,OK,ASW,CE,Federal Contract Tower,0,0,0,6,6,0,0,15,7,22,0,0,15,13,28,4,18,22,50
08/10/2020,WDG,OK,ASW,CE,Federal Contract Tower,0,2,2,32,36,0,0,14,34,48,0,2,16,66,84,6,166,172,256
08/11/2020,WDG,OK,ASW,CE,Federal Contract Tower,0,2,2,32,36,0,0,15,14,29,0,2,17,46,65,32,26,58,123
08/12/2020,WDG,OK,ASW,CE,Federal Contract Tower,0,2,4,34,40,0,0,1,6,7,0,2,5,40,47,0,62,62,109
08/13/2020,WDG,OK,ASW,CE,Federal Contract Tower,0,2,2,22,26,0,0,12,13,25,0,2,14,35,51,2,12,14,65
08/14/2020,WDG,OK,ASW,CE,Federal Contract Tower,0,2,0,38,40,0,0,11,22,33,0,2,11,60,73,8,46,54,127
08/15/2020,WDG,OK,ASW,CE,Federal Contract Tower,0,3,7,14,24,0,0,56,5,61,0,3,63,19,85,20,16,36,121
08/16/2020,WDG,OK,ASW,CE,Federal Contract Tower,0,0,4,2,6,0,0,10,0,10,0,0,14,2,16,22,4,26,42
08/17/2020,WDG,OK,ASW,CE,Federal Contract Tower,0,2,8,33,43,0,0,16,26,42,0,2,24,59,85,16,25,41,126
08/18/2020,WDG,OK,ASW,CE,Federal Contract Tower,0,2,3,23,28,0,0,31,21,52,0,2,34,44,80,46,61,107,187
08/19/2020,WDG,OK,ASW,CE,Federal Contract Tower,0,4,3,36,43,0,0,19,28,47,0,4,22,64,90,46,62,108,198
08/20/2020,WDG,OK,ASW,CE,Federal Contract Tower,0,2,5,32,39,0,0,27,16,43,0,2,32,48,82,52,34,86,168
08/21/2020,WDG,OK,ASW,CE,Federal Contract Tower,0,2,12,29,43,0,0,26,13,39,0,2,38,42,82,20,58,78,160
08/22/2020,WDG,OK,ASW,CE,Federal Contract Tower,0,2,5,2,9,0,0,44,7,51,0,2,49,9,60,46,14,60,120
08/23/2020,WDG,OK,ASW,CE,Federal Contract Tower,0,0,4,15,19,0,0,28,7,35,0,0,32,22,54,46,0,46,100
08/24/2020,WDG,OK,ASW,CE,Federal Contract Tower,0,2,6,31,39,0,0,17,19,36,0,2,23,50,75,12,74,86,161
08/25/2020,WDG,OK,ASW,CE,Federal Contract Tower,0,2,3,30,35,0,0,39,34,73,0,2,42,64,108,30,78,108,216
08/26/2020,WDG,OK,ASW,CE,Federal Contract Tower,0,4,6,31,41,0,0,35,33,68,0,4,41,64,109,31,80,111,220
08/27/2020,WDG,OK,ASW,CE,Federal Contract Tower,0,2,4,38,44,0,0,7,44,51,0,2,11,82,95,0,98,98,193
08/28/2020,WDG,OK,ASW,CE,Federal Contract Tower,0,3,9,29,41,0,1,16,22,39,0,4,25,51,80,52,92,144,224
08/29/2020,WDG,OK,ASW,CE,Federal Contract Tower,0,2,4,3,9,0,0,14,4,18,0,2,18,7,27,38,2,40,67
08/30/2020,WDG,OK,ASW,CE,Federal Contract Tower,0,0,8,6,14,0,0,32,6,38,0,0,40,12,52,52,36,88,140
08/31/2020,WDG,OK,ASW,CE,Federal Contract Tower,0,2,6,43,51,0,0,11,28,39,0,2,17,71,90,10,72,82,172
09/01/2020,WDG,OK,ASW,CE,Federal Contract Tower,0,2,5,48,55,0,0,7,20,27,0,2,12,68,82,2,46,48,130
09/02/2020,WDG,OK,ASW,CE,Federal Contract Tower,0,2,5,48,55,0,0,18,3,21,0,2,23,51,76,18,22,40,116
09/03/2020,WDG,OK,ASW,CE,Federal Contract Tower,0,2,3,7,12,0,0,18,15,33,0,2,21,22,45,8,20,28,73
09/04/2020,WDG,OK,ASW,CE,Federal Contract Tower,0,3,6,1,10,0,2,21,2,25,0,5,27,3,35,12,2,14,49
09/05/2020,WDG,OK,ASW,CE,Federal Contract Tower,0,2,3,0,5,0,0,37,1,38,0,2,40,1,43,30,0,30,73
09/06/2020,WDG,OK,ASW,CE,Federal Contract Tower,0,0,5,0,5,0,0,13,0,13,0,0,18,0,18,14,0,14,32
09/07/2020,WDG,OK,ASW,CE,Federal Contract Tower,0,0,5,0,5,0,0,22,2,24,0,0,27,2,29,56,0,56,85
09/08/2020,WDG,OK,ASW,CE,Federal Contract Tower,0,2,1,31,34,0,0,2,37,39,0,2,3,68,73,8,104,112,185
09/09/2020,WDG,OK,ASW,CE,Federal Contract Tower,0,2,3,9,14,0,0,0,0,0,0,2,3,9,14,0,0,0,14
09/10/2020,WDG,OK,ASW,CE,Federal Contract Tower,0,2,10,42,54,0,0,7,0,7,0,2,17,42,61,6,0,6,67
09/11/2020,WDG,OK,ASW,CE,Federal Contract Tower,0,4,17,88,109,0,0,13,0,13,0,4,30,88,122,6,82,88,210
09/12/2020,WDG,OK,ASW,CE,Federal Contract Tower,0,0,4,11,15,0,0,31,9,40,0,0,35,20,55,62,20,82,137
09/13/2020,WDG,OK,ASW,CE,Federal Contract Tower,0,0,15,5,20,0,0,12,8,20,0,0,27,13,40,34,22,56,96
09/14/2020,WDG,OK,ASW,CE,Federal Contract Tower,0,4,9,42,55,0,0,14,39,53,0,4,23,81,108,29,115,144,252
09/15/2020,WDG,OK,ASW,CE,Federal Contract Tower,0,2,0,34,36,0,0,23,37,60,0,2,23,71,96,24,114,138,234
09/16/2020,WDG,OK,ASW,CE,Federal Contract Tower,0,3,10,31,44,0,0,13,41,54,0,3,23,72,98,16,174,190,288
09/17/2020,WDG,OK,ASW,CE,Federal Contract Tower,0,2,4,36,42,0,0,20,53,73,0,2,24,89,115,22,222,244,359
09/18/2020,WDG,OK,ASW,CE,Federal Contract Tower,0,2,2,48,52,0,0,31,37,68,0,2,33,85,120,10,156,166,286
09/19/2020,WDG,OK,ASW,CE,Federal Contract Tower,0,0,8,16,24,0,2,96,2,100,0,2,104,18,124,36,40,76,200
09/20/2020,WDG,OK,ASW,CE,Federal Contract Tower,0,0,5,7,12,0,0,27,13,40,0,0,32,20,52,30,14,44,96
09/21/2020,WDG,OK,ASW,CE,Federal Contract Tower,0,3,3,38,44,0,0,24,40,64,0,3,27,78,108,22,138,160,268
09/22/2020,WDG,OK,ASW,CE,Federal Contract Tower,0,2,10,50,62,0,0,10,0,10,0,2,20,50,72,10,6,16,88
09/23/2020,WDG,OK,ASW,CE,Federal Contract Tower,0,2,18,26,46,0,0,7,0,7,0,2,25,26,53,6,38,44,97
09/24/2020,WDG,OK,ASW,CE,Federal Contract Tower,0,2,12,25,39,0,0,20,25,45,0,2,32,50,84,50,92,142,226
09/25/2020,WDG,OK,ASW,CE,Federal Contract Tower,0,2,14,28,44,0,1,26,31,58,0,3,40,59,102,22,62,84,186
09/26/2020,WDG,OK,ASW,CE,Federal Contract Tower,0,2,3,15,20,0,0,27,11,38,0,2,30,26,58,22,10,32,90
09/27/2020,WDG,OK,ASW,CE,Federal Contract Tower,0,0,5,17,22,0,0,6,3,9,0,0,11,20,31,8,0,8,39
09/28/2020,WDG,OK,ASW,CE,Federal Contract Tower,0,2,1,51,54,0,0,28,46,74,0,2,29,97,128,28,150,178,306
09/29/2020,WDG,OK,ASW,CE,Federal Contract Tower,0,2,0,40,42,0,0,36,31,67,0,2,36,71,109,16,56,72,181
09/30/2020,WDG,OK,ASW,CE,Federal Contract Tower,0,2,2,42,46,0,0,25,38,63,0,2,27,80,109,12,165,177,286
10/01/2020,WDG,OK,ASW,CE,Federal Contract Tower,0,4,11,33,48,0,0,20,25,45,0,4,31,58,93,0,52,52,145
10/02/2020,WDG,OK,ASW,CE,Federal Contract Tower,0,2,5,25,32,0,0,17,38,55,0,2,22,63,87,8,90,98,185
10/03/2020,WDG,OK,ASW,CE,Federal Contract Tower,0,2,3,5,10,0,0,22,15,37,0,2,25,20,47,4,60,64,111
10/04/2020,WDG,OK,ASW,CE,Federal Contract Tower,0,2,4,6,12,0,0,17,10,27,0,2,21,16,39,20,22,42,81
10/05/2020,WDG,OK,ASW,CE,Federal Contract Tower,0,2,2,43,47,0,0,23,32,55,0,2,25,75,102,10,92,102,204
10/06/2020,WDG,OK,ASW,CE,Federal Contract Tower,0,2,2,41,45,0,0,22,40,62,0,2,24,81,107,0,138,138,245
10/07/2020,WDG,OK,ASW,CE,Federal Contract Tower,0,2,2,43,47,0,0,13,32,45,0,2,15,75,92,4,66,70,162
10/08/2020,WDG,OK,ASW,CE,Federal Contract Tower,0,2,11,40,53,0,0,24,33,57,0,2,35,73,110,14,100,114,224
10/09/2020,WDG,OK,ASW,CE,Federal Contract Tower,0,3,9,36,48,0,0,8,8,16,0,3,17,44,64,0,20,20,84
10/10/2020,WDG,OK,ASW,CE,Federal Contract Tower,0,0,7,5,12,0,0,21,0,21,0,0,28,5,33,40,6,46,79
10/11/2020,WDG,OK,ASW,CE,Federal Contract Tower,0,0,12,8,20,0,0,18,0,18,0,0,30,8,38,4,0,4,42
10/12/2020,WDG,OK,ASW,CE,Federal Contract Tower,0,2,8,9,19,0,0,35,4,39,0,2,43,13,58,52,14,66,124
10/13/2020,WDG,OK,ASW,CE,Federal Contract Tower,0,2,6,45,53,0,0,25,31,56,0,2,31,76,109,42,92,134,243
10/14/2020,WDG,OK,ASW,CE,Federal Contract Tower,0,2,9,28,39,0,0,13,20,33,0,2,22,48,72,8,32,40,112
10/15/2020,WDG,OK,ASW,CE,Federal Contract Tower,0,3,8,26,37,0,0,25,21,46,0,3,33,47,83,8,64,72,155
10/16/2020,WDG,OK,ASW,CE,Federal Contract Tower,0,2,9,19,30,0,0,29,19,48,0,2,38,38,78,6,143,149,227
10/17/2020,WDG,OK,ASW,CE,Federal Contract Tower,0,2,3,10,15,0,0,15,4,19,0,2,18,14,34,6,36,42,76
10/18/2020,WDG,OK,ASW,CE,Federal Contract Tower,0,0,2,7,9,0,0,1,0,1,0,0,3,7,10,0,0,0,10
10/19/2020,WDG,OK,ASW,CE,Federal Contract Tower,0,2,8,66,76,0,0,11,20,31,0,2,19,86,107,4,20,24,131
10/20/2020,WDG,OK,ASW,CE,Federal Contract Tower,0,2,9,46,57,0,0,8,1,9,0,2,17,47,66,2,50,52,118
10/21/2020,WDG,OK,ASW,CE,Federal Contract Tower,0,2,4,24,30,0,0,20,14,34,0,2,24,38,64,50,42,92,156
10/22/2020,WDG,OK,ASW,CE,Federal Contract Tower,0,2,7,27,36,0,0,12,25,37,0,2,19,52,73,8,94,102,175
10/23/2020,WDG,OK,ASW,CE,Federal Contract Tower,0,2,4,33,39,0,0,8,12,20,0,2,12,45,59,4,126,130,189
10/24/2020,WDG,OK,ASW,CE,Federal Contract Tower,0,2,0,24,26,0,0,35,8,43,0,2,35,32,69,64,38,102,171
10/25/2020,WDG,OK,ASW,CE,Federal Contract Tower,0,0,4,26,30,0,0,2,0,2,0,0,6,26,32,2,14,16,48
10/26/2020,WDG,OK,ASW,CE,Federal Contract Tower,0,0,1,0,1,0,0,0,0,0,0,0,1,0,1,0,0,0,1
10/27/2020,WDG,OK,ASW,CE,Federal Contract Tower,0,0,0,0,0,0,0,0,0,0,0,0,0,0,0,0,0,0,0
10/28/2020,WDG,OK,ASW,CE,Federal Contract Tower,0,0,0,0,0,0,0,0,0,0,0,0,0,0,0,0,0,0,0
10/29/2020,WDG,OK,ASW,CE,Federal Contract Tower,0,2,7,47,56,0,0,2,19,21,0,2,9,66,77,0,74,74,151
10/30/2020,WDG,OK,ASW,CE,Federal Contract Tower,0,2,6,33,41,0,0,27,23,50,0,2,33,56,91,12,88,100,191
10/31/2020,WDG,OK,ASW,CE,Federal Contract Tower,0,2,3,3,8,0,0,28,9,37,0,2,31,12,45,24,60,84,129
11/01/2020,WDG,OK,ASW,CE,Federal Contract Tower,0,0,3,13,16,0,0,28,8,36,0,0,31,21,52,24,34,58,110
11/02/2020,WDG,OK,ASW,CE,Federal Contract Tower,0,2,3,18,23,0,0,18,20,38,0,2,21,38,61,0,68,68,129
11/03/2020,WDG,OK,ASW,CE,Federal Contract Tower,0,3,5,33,41,0,0,9,26,35,0,3,14,59,76,4,96,100,176
11/04/2020,WDG,OK,ASW,CE,Federal Contract Tower,0,2,7,33,42,0,0,3,23,26,0,2,10,56,68,0,32,32,100
11/05/2020,WDG,OK,ASW,CE,Federal Contract Tower,0,2,2,18,22,0,0,20,17,37,0,2,22,35,59,22,56,78,137
11/06/2020,WDG,OK,ASW,CE,Federal Contract Tower,0,4,11,16,31,0,1,18,17,36,0,5,29,33,67,22,44,66,133
11/07/2020,WDG,OK,ASW,CE,Federal Contract Tower,0,2,2,5,9,0,0,30,10,40,0,2,32,15,49,10,4,14,63
11/08/2020,WDG,OK,ASW,CE,Federal Contract Tower,0,2,2,2,6,0,0,4,6,10,0,2,6,8,16,0,18,18,34
11/09/2020,WDG,OK,ASW,CE,Federal Contract Tower,0,3,8,37,48,0,0,12,1,13,0,3,20,38,61,41,7,48,109
11/10/2020,WDG,OK,ASW,CE,Federal Contract Tower,0,3,11,64,78,0,0,10,13,23,0,3,21,77,101,10,57,67,168
11/11/2020,WDG,OK,ASW,CE,Federal Contract Tower,0,2,11,3,16,0,0,20,11,31,0,2,31,14,47,26,6,32,79
11/12/2020,WDG,OK,ASW,CE,Federal Contract Tower,0,3,5,51,59,0,1,29,27,57,0,4,34,78,116,20,96,116,232
11/13/2020,WDG,OK,ASW,CE,Federal Contract Tower,0,2,12,25,39,0,0,21,18,39,0,2,33,43,78,40,66,106,184
11/14/2020,WDG,OK,ASW,CE,Federal Contract Tower,0,2,7,6,15,0,0,10,2,12,0,2,17,8,27,8,28,36,63
11/15/2020,WDG,OK,ASW,CE,Federal Contract Tower,0,0,2,12,14,0,0,43,6,49,0,0,45,18,63,48,16,64,127
11/16/2020,WDG,OK,ASW,CE,Federal Contract Tower,0,2,6,31,39,0,0,29,32,61,0,2,35,63,100,36,55,91,191
11/17/2020,WDG,OK,ASW,CE,Federal Contract Tower,0,2,4,29,35,0,0,21,26,47,0,2,25,55,82,48,92,140,222
11/18/2020,WDG,OK,ASW,CE,Federal Contract Tower,0,2,15,45,62,0,2,4,22,28,0,4,19,67,90,0,86,86,176
11/19/2020,WDG,OK,ASW,CE,Federal Contract Tower,0,2,7,58,67,0,0,11,22,33,0,2,18,80,100,16,92,108,208
11/20/2020,WDG,OK,ASW,CE,Federal Contract Tower,0,3,8,34,45,0,0,21,24,45,0,3,29,58,90,4,42,46,136
11/21/2020,WDG,OK,ASW,CE,Federal Contract Tower,0,2,9,8,19,0,0,0,0,0,0,2,9,8,19,0,0,0,19
11/22/2020,WDG,OK,ASW,CE,Federal Contract Tower,0,0,10,10,20,0,0,8,0,8,0,0,18,10,28,4,10,14,42
11/23/2020,WDG,OK,ASW,CE,Federal Contract Tower,0,3,1,34,38,0,1,2,8,11,0,4,3,42,49,22,82,104,153
11/24/2020,WDG,OK,ASW,CE,Federal Contract Tower,0,0,2,2,4,0,0,0,0,0,0,0,2,2,4,0,0,0,4
11/25/2020,WDG,OK,ASW,CE,Federal Contract Tower,0,2,3,38,43,0,0,22,19,41,0,2,25,57,84,20,116,136,220
11/26/2020,WDG,OK,ASW,CE,Federal Contract Tower,0,0,4,0,4,0,0,7,0,7,0,0,11,0,11,20,0,20,31
11/27/2020,WDG,OK,ASW,CE,Federal Contract Tower,0,2,1,0,3,0,0,16,0,16,0,2,17,0,19,32,0,32,51
11/28/2020,WDG,OK,ASW,CE,Federal Contract Tower,0,2,8,0,10,0,0,10,0,10,0,2,18,0,20,14,0,14,34
11/29/2020,WDG,OK,ASW,CE,Federal Contract Tower,0,0,8,0,8,0,0,7,0,7,0,0,15,0,15,0,0,0,15
11/30/2020,WDG,OK,ASW,CE,Federal Contract Tower,0,2,7,74,83,0,0,11,40,51,0,2,18,114,134,36,118,154,288
12/01/2020,WDG,OK,ASW,CE,Federal Contract Tower,0,2,7,63,72,0,0,23,41,64,0,2,30,104,136,46,108,154,290
12/02/2020,WDG,OK,ASW,CE,Federal Contract Tower,0,0,0,24,24,0,0,0,8,8,0,0,0,32,32,0,38,38,70
12/03/2020,WDG,OK,ASW,CE,Federal Contract Tower,0,4,10,1,15,0,0,0,0,0,0,4,10,1,15,10,0,10,25
12/04/2020,WDG,OK,ASW,CE,Federal Contract Tower,0,2,13,39,54,0,0,30,37,67,0,2,43,76,121,2,150,152,273
12/05/2020,WDG,OK,ASW,CE,Federal Contract Tower,0,2,2,5,9,0,0,46,4,50,0,2,48,9,59,48,0,48,107
12/06/2020,WDG,OK,ASW,CE,Federal Contract Tower,0,0,2,13,15,0,0,22,1,23,0,0,24,14,38,34,22,56,94
12/07/2020,WDG,OK,ASW,CE,Federal Contract Tower,0,3,8,55,66,0,0,20,28,48,0,3,28,83,114,44,92,136,250
12/08/2020,WDG,OK,ASW,CE,Federal Contract Tower,0,2,3,38,43,0,0,16,33,49,0,2,19,71,92,6,62,68,160
12/09/2020,WDG,OK,ASW,CE,Federal Contract Tower,0,2,8,42,52,0,0,29,32,61,0,2,37,74,113,30,96,126,239
12/10/2020,WDG,OK,ASW,CE,Federal Contract Tower,0,2,5,51,58,0,0,16,39,55,0,2,21,90,113,11,114,125,238
12/11/2020,WDG,OK,ASW,CE,Federal Contract Tower,0,0,7,64,71,0,0,6,15,21,0,0,13,79,92,0,68,68,160
12/12/2020,WDG,OK,ASW,CE,Federal Contract Tower,0,0,1,23,24,0,2,23,8,33,0,2,24,31,57,18,138,156,213
12/13/2020,WDG,OK,ASW,CE,Federal Contract Tower,0,0,12,4,16,0,0,2,0,2,0,0,14,4,18,0,0,0,18
12/14/2020,WDG,OK,ASW,CE,Federal Contract Tower,0,0,1,17,18,0,6,10,3,19,0,6,11,20,37,20,14,34,71
12/15/2020,WDG,OK,ASW,CE,Federal Contract Tower,0,0,8,0,8,0,0,0,0,0,0,0,8,0,8,0,0,0,8
12/16/2020,WDG,OK,ASW,CE,Federal Contract Tower,0,2,1,13,16,0,0,9,6,15,0,2,10,19,31,2,40,42,73
12/17/2020,WDG,OK,ASW,CE,Federal Contract Tower,0,5,6,53,64,0,0,18,24,42,0,5,24,77,106,0,124,124,230
12/18/2020,WDG,OK,ASW,CE,Federal Contract Tower,0,2,5,41,48,0,0,3,18,21,0,2,8,59,69,16,122,138,207
12/19/2020,WDG,OK,ASW,CE,Federal Contract Tower,0,2,10,15,27,0,0,22,9,31,0,2,32,24,58,0,32,32,90
12/20/2020,WDG,OK,ASW,CE,Federal Contract Tower,0,2,8,16,26,0,0,30,16,46,0,2,38,32,72,2,40,42,114
12/21/2020,WDG,OK,ASW,CE,Federal Contract Tower,0,1,6,48,55,0,1,23,30,54,0,2,29,78,109,26,72,98,207
12/22/2020,WDG,OK,ASW,CE,Federal Contract Tower,0,3,8,30,41,0,0,14,26,40,0,3,22,56,81,20,38,58,139
12/23/2020,WDG,OK,ASW,CE,Federal Contract Tower,0,2,11,0,13,0,0,7,0,7,0,2,18,0,20,0,0,0,20
12/24/2020,WDG,OK,ASW,CE,Federal Contract Tower,0,2,1,0,3,0,0,15,0,15,0,2,16,0,18,6,0,6,24
12/25/2020,WDG,OK,ASW,CE,Federal Contract Tower,0,1,1,0,2,0,0,6,0,6,0,1,7,0,8,0,0,0,8
12/26/2020,WDG,OK,ASW,CE,Federal Contract Tower,0,2,2,0,4,0,0,30,0,30,0,2,32,0,34,32,0,32,66
12/27/2020,WDG,OK,ASW,CE,Federal Contract Tower,0,2,12,0,14,0,0,8,0,8,0,2,20,0,22,0,0,0,22
12/28/2020,WDG,OK,ASW,CE,Federal Contract Tower,0,2,5,0,7,0,0,20,0,20,0,2,25,0,27,10,0,10,37
12/29/2020,WDG,OK,ASW,CE,Federal Contract Tower,0,2,4,0,6,0,0,0,0,0,0,2,4,0,6,0,0,0,6
12/30/2020,WDG,OK,ASW,CE,Federal Contract Tower,0,2,0,0,2,0,0,7,0,7,0,2,7,0,9,22,0,22,31
12/31/2020,WDG,OK,ASW,CE,Federal Contract Tower,0,2,0,0,2,0,0,10,0,10,0,2,10,0,12,26,0,26,38
01/01/2021,WDG,OK,ASW,CE,Federal Contract Tower,0,0,1,0,1,0,0,1,0,1,0,0,2,0,2,0,0,0,2
01/02/2021,WDG,OK,ASW,CE,Federal Contract Tower,0,1,6,0,7,0,1,26,0,27,0,2,32,0,34,14,0,14,48
01/03/2021,WDG,OK,ASW,CE,Federal Contract Tower,0,0,12,0,12,0,0,25,0,25,0,0,37,0,37,10,0,10,47
01/04/2021,WDG,OK,ASW,CE,Federal Contract Tower,0,2,5,0,7,0,0,14,0,14,0,2,19,0,21,32,0,32,53
01/05/2021,WDG,OK,ASW,CE,Federal Contract Tower,0,4,2,51,57,0,0,11,28,39,0,4,13,79,96,26,32,58,154
01/06/2021,WDG,OK,ASW,CE,Federal Contract Tower,0,2,3,66,71,0,0,5,38,43,0,2,8,104,114,10,88,98,212
01/07/2021,WDG,OK,ASW,CE,Federal Contract Tower,0,2,3,4,9,0,0,1,0,1,0,2,4,4,10,0,0,0,10
01/08/2021,WDG,OK,ASW,CE,Federal Contract Tower,0,2,4,68,74,0,0,5,3,8,0,2,9,71,82,6,44,50,132
01/09/2021,WDG,OK,ASW,CE,Federal Contract Tower,0,2,2,14,18,0,0,15,8,23,0,2,17,22,41,16,26,42,83
01/10/2021,WDG,OK,ASW,CE,Federal Contract Tower,0,0,0,6,6,0,0,1,2,3,0,0,1,8,9,0,12,12,21
01/11/2021,WDG,OK,ASW,CE,Federal Contract Tower,0,2,16,36,54,0,0,30,40,70,0,2,46,76,124,8,134,142,266
01/12/2021,WDG,OK,ASW,CE,Federal Contract Tower,0,2,8,23,33,0,0,28,34,62,0,2,36,57,95,26,105,131,226
01/13/2021,WDG,OK,ASW,CE,Federal Contract Tower,0,2,15,17,34,0,0,34,31,65,0,2,49,48,99,36,62,98,197
01/14/2021,WDG,OK,ASW,CE,Federal Contract Tower,0,2,18,24,44,0,0,17,19,36,0,2,35,43,80,0,37,37,117
01/15/2021,WDG,OK,ASW,CE,Federal Contract Tower,0,3,8,6,17,0,0,8,2,10,0,3,16,8,27,5,0,5,32
01/16/2021,WDG,OK,ASW,CE,Federal Contract Tower,0,2,4,0,6,0,0,42,1,43,0,2,46,1,49,12,14,26,75
01/17/2021,WDG,OK,ASW,CE,Federal Contract Tower,0,0,8,4,12,0,0,26,0,26,0,0,34,4,38,10,2,12,50
01/18/2021,WDG,OK,ASW,CE,Federal Contract Tower,0,7,8,0,15,0,0,31,4,35,0,7,39,4,50,42,6,48,98
01/19/2021,WDG,OK,ASW,CE,Federal Contract Tower,0,2,8,51,61,0,0,22,48,70,0,2,30,99,131,16,124,140,271
01/20/2021,WDG,OK,ASW,CE,Federal Contract Tower,0,2,4,35,41,0,0,4,34,38,0,2,8,69,79,0,134,134,213
01/21/2021,WDG,OK,ASW,CE,Federal Contract Tower,0,2,10,46,58,0,0,21,14,35,0,2,31,60,93,8,41,49,142
01/22/2021,WDG,OK,ASW,CE,Federal Contract Tower,0,3,12,34,49,0,0,24,32,56,0,3,36,66,105,44,140,184,289
01/23/2021,WDG,OK,ASW,CE,Federal Contract Tower,0,3,4,10,17,0,0,6,9,15,0,3,10,19,32,0,18,18,50
01/24/2021,WDG,OK,ASW,CE,Federal Contract Tower,0,2,4,28,34,0,0,0,0,0,0,2,4,28,34,0,0,0,34
01/25/2021,WDG,OK,ASW,CE,Federal Contract Tower,0,4,2,0,6,0,0,0,0,0,0,4,2,0,6,0,0,0,6
01/26/2021,WDG,OK,ASW,CE,Federal Contract Tower,0,2,7,12,21,0,0,3,0,3,0,2,10,12,24,0,2,2,26
01/27/2021,WDG,OK,ASW,CE,Federal Contract Tower,0,1,5,59,65,0,1,17,26,44,0,2,22,85,109,24,96,120,229
01/28/2021,WDG,OK,ASW,CE,Federal Contract Tower,0,4,1,36,41,0,0,8,22,30,0,4,9,58,71,0,74,74,145
01/29/2021,WDG,OK,ASW,CE,Federal Contract Tower,0,0,5,28,33,0,2,19,24,45,0,2,24,52,78,22,104,126,204
01/30/2021,WDG,OK,ASW,CE,Federal Contract Tower,0,0,0,9,9,0,2,6,6,14,0,2,6,15,23,0,6,6,29
01/31/2021,WDG,OK,ASW,CE,Federal Contract Tower,0,0,3,12,15,0,0,12,4,16,0,0,15,16,31,8,14,22,53
02/01/2021,WDG,OK,ASW,CE,Federal Contract Tower,0,2,2,59,63,0,0,19,46,65,0,2,21,105,128,4,154,158,286
02/02/2021,WDG,OK,ASW,CE,Federal Contract Tower,0,2,2,45,49,0,0,9,38,47,0,2,11,83,96,12,157,169,265
02/03/2021,WDG,OK,ASW,CE,Federal Contract Tower,0,2,1,48,51,0,0,23,42,65,0,2,24,90,116,30,210,240,356
02/04/2021,WDG,OK,ASW,CE,Federal Contract Tower,0,3,4,88,95,0,0,5,42,47,0,3,9,130,142,0,158,158,300
02/05/2021,WDG,OK,ASW,CE,Federal Contract Tower,0,2,8,30,40,0,0,20,33,53,0,2,28,63,93,22,168,190,283
02/06/2021,WDG,OK,ASW,CE,Federal Contract Tower,0,2,0,4,6,0,0,9,0,9,0,2,9,4,15,32,0,32,47
02/07/2021,WDG,OK,ASW,CE,Federal Contract Tower,0,3,4,0,7,0,0,0,0,0,0,3,4,0,7,0,0,0,7
02/08/2021,WDG,OK,ASW,CE,Federal Contract Tower,0,0,0,0,0,0,0,0,0,0,0,0,0,0,0,0,0,0,0
02/09/2021,WDG,OK,ASW,CE,Federal Contract Tower,0,0,0,0,0,0,0,0,0,0,0,0,0,0,0,0,0,0,0
02/10/2021,WDG,OK,ASW,CE,Federal Contract Tower,0,0,0,0,0,0,0,0,0,0,0,0,0,0,0,0,0,0,0
02/11/2021,WDG,OK,ASW,CE,Federal Contract Tower,0,2,0,0,2,0,0,2,0,2,0,2,2,0,4,0,0,0,4
02/12/2021,WDG,OK,ASW,CE,Federal Contract Tower,0,0,2,0,2,0,0,0,0,0,0,0,2,0,2,0,0,0,2
02/13/2021,WDG,OK,ASW,CE,Federal Contract Tower,0,0,7,0,7,0,0,0,0,0,0,0,7,0,7,20,0,20,27
02/14/2021,WDG,OK,ASW,CE,Federal Contract Tower,0,0,0,0,0,0,0,0,0,0,0,0,0,0,0,0,0,0,0
02/15/2021,WDG,OK,ASW,CE,Federal Contract Tower,0,0,0,0,0,0,0,0,0,0,0,0,0,0,0,0,0,0,0
02/16/2021,WDG,OK,ASW,CE,Federal Contract Tower,0,0,2,0,2,0,0,0,0,0,0,0,2,0,2,0,0,0,2
02/17/2021,WDG,OK,ASW,CE,Federal Contract Tower,0,0,0,0,0,0,0,0,0,0,0,0,0,0,0,0,0,0,0
02/18/2021,WDG,OK,ASW,CE,Federal Contract Tower,0,2,1,0,3,0,0,1,0,1,0,2,2,0,4,0,0,0,4
02/19/2021,WDG,OK,ASW,CE,Federal Contract Tower,0,1,3,20,24,0,1,5,6,12,0,2,8,26,36,0,32,32,68
02/20/2021,WDG,OK,ASW,CE,Federal Contract Tower,0,0,5,11,16,0,0,8,17,25,0,0,13,28,41,4,2,6,47
02/21/2021,WDG,OK,ASW,CE,Federal Contract Tower,0,0,8,27,35,0,0,17,16,33,0,0,25,43,68,18,40,58,126
02/22/2021,WDG,OK,ASW,CE,Federal Contract Tower,0,2,7,46,55,0,0,14,29,43,0,2,21,75,98,14,116,130,228
02/23/2021,WDG,OK,ASW,CE,Federal Contract Tower,0,3,6,50,59,0,0,25,45,70,0,3,31,95,129,22,108,130,259
02/24/2021,WDG,OK,ASW,CE,Federal Contract Tower,0,4,4,60,68,0,0,9,55,64,0,4,13,115,132,24,136,160,292
02/25/2021,WDG,OK,ASW,CE,Federal Contract Tower,0,2,9,66,77,0,0,7,55,62,0,2,16,121,139,6,184,190,329
02/26/2021,WDG,OK,ASW,CE,Federal Contract Tower,0,2,5,47,54,0,0,28,16,44,0,2,33,63,98,12,52,64,162
02/27/2021,WDG,OK,ASW,CE,Federal Contract Tower,0,0,0,0,0,0,0,0,0,0,0,0,0,0,0,0,0,0,0
02/28/2021,WDG,OK,ASW,CE,Federal Contract Tower,0,0,7,14,21,0,0,12,8,20,0,0,19,22,41,4,14,18,59
03/01/2021,WDG,OK,ASW,CE,Federal Contract Tower,0,3,5,69,77,0,0,10,40,50,0,3,15,109,127,0,192,192,319
03/02/2021,WDG,OK,ASW,CE,Federal Contract Tower,0,2,2,55,59,0,0,27,49,76,0,2,29,104,135,16,150,166,301
03/03/2021,WDG,OK,ASW,CE,Federal Contract Tower,0,2,1,56,59,0,0,26,51,77,0,2,27,107,136,20,193,213,349
03/04/2021,WDG,OK,ASW,CE,Federal Contract Tower,0,2,8,55,65,0,0,16,67,83,0,2,24,122,148,4,270,274,422
03/05/2021,WDG,OK,ASW,CE,Federal Contract Tower,0,2,7,18,27,0,0,8,14,22,0,2,15,32,49,0,40,40,89
03/06/2021,WDG,OK,ASW,CE,Federal Contract Tower,0,4,8,30,42,0,0,44,24,68,0,4,52,54,110,24,72,96,206
03/07/2021,WDG,OK,ASW,CE,Federal Contract Tower,0,0,4,11,15,0,0,18,8,26,0,0,22,19,41,2,54,56,97
03/08/2021,WDG,OK,ASW,CE,Federal Contract Tower,0,2,2,48,52,0,0,5,37,42,0,2,7,85,94,0,104,104,198
03/09/2021,WDG,OK,ASW,CE,Federal Contract Tower,0,2,3,80,85,0,0,8,38,46,0,2,11,118,131,0,178,178,309
03/10/2021,WDG,OK,ASW,CE,Federal Contract Tower,0,5,5,51,61,0,0,10,36,46,0,5,15,87,107,10,120,130,237
03/11/2021,WDG,OK,ASW,CE,Federal Contract Tower,0,4,13,1,18,0,0,5,1,6,0,4,18,2,24,4,0,4,28
03/12/2021,WDG,OK,ASW,CE,Federal Contract Tower,0,2,5,0,7,0,0,0,0,0,0,2,5,0,7,0,0,0,7
03/13/2021,WDG,OK,ASW,CE,Federal Contract Tower,0,0,2,0,2,0,0,0,0,0,0,0,2,0,2,0,0,0,2
03/14/2021,WDG,OK,ASW,CE,Federal Contract Tower,0,0,2,1,3,0,0,11,3,14,0,0,13,4,17,22,4,26,43
03/15/2021,WDG,OK,ASW,CE,Federal Contract Tower,0,2,5,22,29,0,0,16,16,32,0,2,21,38,61,0,60,60,121
03/16/2021,WDG,OK,ASW,CE,Federal Contract Tower,0,2,9,37,48,0,0,24,44,68,0,2,33,81,116,6,141,147,263
03/17/2021,WDG,OK,ASW,CE,Federal Contract Tower,0,2,3,0,5,0,0,0,0,0,0,2,3,0,5,0,0,0,5
03/18/2021,WDG,OK,ASW,CE,Federal Contract Tower,0,3,9,59,71,0,0,9,36,45,0,3,18,95,116,4,118,122,238
03/19/2021,WDG,OK,ASW,CE,Federal Contract Tower,0,2,3,28,33,0,0,29,22,51,0,2,32,50,84,84,76,160,244
03/20/2021,WDG,OK,ASW,CE,Federal Contract Tower,0,2,6,12,20,0,0,69,4,73,0,2,75,16,93,8,26,34,127
03/21/2021,WDG,OK,ASW,CE,Federal Contract Tower,0,0,8,17,25,0,0,13,16,29,0,0,21,33,54,0,4,4,58
03/22/2021,WDG,OK,ASW,CE,Federal Contract Tower,0,2,4,0,6,0,0,1,0,1,0,2,5,0,7,0,0,0,7
03/23/2021,WDG,OK,ASW,CE,Federal Contract Tower,0,2,5,0,7,0,0,4,0,4,0,2,9,0,11,0,0,0,11
03/24/2021,WDG,OK,ASW,CE,Federal Contract Tower,0,2,10,77,89,0,0,17,51,68,0,2,27,128,157,0,128,128,285
03/25/2021,WDG,OK,ASW,CE,Federal Contract Tower,0,2,7,67,76,0,0,12,24,36,0,2,19,91,112,14,100,114,226
03/26/2021,WDG,OK,ASW,CE,Federal Contract Tower,0,3,8,44,55,0,0,24,34,58,0,3,32,78,113,6,84,90,203
03/27/2021,WDG,OK,ASW,CE,Federal Contract Tower,0,2,3,40,45,0,0,28,21,49,0,2,31,61,94,26,46,72,166
03/28/2021,WDG,OK,ASW,CE,Federal Contract Tower,0,0,6,10,16,0,0,27,12,39,0,0,33,22,55,28,30,58,113
03/29/2021,WDG,OK,ASW,CE,Federal Contract Tower,0,4,2,0,6,0,0,1,0,1,0,4,3,0,7,2,0,2,9
03/30/2021,WDG,OK,ASW,CE,Federal Contract Tower,0,2,4,63,69,0,0,11,61,72,0,2,15,124,141,6,108,114,255
03/31/2021,WDG,OK,ASW,CE,Federal Contract Tower,0,2,4,50,56,0,0,21,33,54,0,2,25,83,110,8,74,82,192
04/01/2021,WDG,OK,ASW,CE,Federal Contract Tower,0,6,11,44,61,0,0,23,43,66,0,6,34,87,127,8,48,56,183
04/02/2021,WDG,OK,ASW,CE,Federal Contract Tower,0,2,5,50,57,0,0,15,50,65,0,2,20,100,122,4,120,124,246
04/03/2021,WDG,OK,ASW,CE,Federal Contract Tower,0,2,5,5,12,0,1,25,4,30,0,3,30,9,42,20,44,64,106
04/04/2021,WDG,OK,ASW,CE,Federal Contract Tower,0,0,4,0,4,0,0,6,1,7,0,0,10,1,11,0,4,4,15
04/05/2021,WDG,OK,ASW,CE,Federal Contract Tower,0,2,1,51,54,0,0,7,26,33,0,2,8,77,87,4,88,92,179
04/06/2021,WDG,OK,ASW,CE,Federal Contract Tower,0,3,5,63,71,0,0,2,26,28,0,3,7,89,99,0,90,90,189
04/07/2021,WDG,OK,ASW,CE,Federal Contract Tower,0,3,2,18,23,0,0,4,10,14,0,3,6,28,37,0,12,12,49
04/08/2021,WDG,OK,ASW,CE,Federal Contract Tower,0,6,7,63,76,0,2,11,50,63,0,8,18,113,139,4,60,64,203
04/09/2021,WDG,OK,ASW,CE,Federal Contract Tower,0,2,5,53,60,0,0,11,36,47,0,2,16,89,107,28,75,103,210
04/10/2021,WDG,OK,ASW,CE,Federal Contract Tower,0,3,1,0,4,0,0,21,17,38,0,3,22,17,42,14,14,28,70
04/11/2021,WDG,OK,ASW,CE,Federal Contract Tower,0,4,1,19,24,0,0,15,16,31,0,4,16,35,55,0,4,4,59
04/12/2021,WDG,OK,ASW,CE,Federal Contract Tower,0,3,8,65,76,0,2,19,45,66,0,5,27,110,142,0,146,146,288
04/13/2021,WDG,OK,ASW,CE,Federal Contract Tower,0,2,11,72,85,0,0,4,58,62,0,2,15,130,147,16,119,135,282
04/14/2021,WDG,OK,ASW,CE,Federal Contract Tower,0,3,7,70,80,0,0,17,41,58,0,3,24,111,138,6,62,68,206
04/15/2021,WDG,OK,ASW,CE,Federal Contract Tower,0,1,10,86,97,0,1,7,30,38,0,2,17,116,135,6,63,69,204
04/16/2021,WDG,OK,ASW,CE,Federal Contract Tower,0,2,3,2,7,0,0,0,0,0,0,2,3,2,7,0,8,8,15
04/17/2021,WDG,OK,ASW,CE,Federal Contract Tower,0,2,7,12,21,0,0,28,4,32,0,2,35,16,53,44,10,54,107
04/18/2021,WDG,OK,ASW,CE,Federal Contract Tower,0,0,10,31,41,0,0,20,25,45,0,0,30,56,86,10,34,44,130
04/19/2021,WDG,OK,ASW,CE,Federal Contract Tower,0,2,2,53,57,0,0,16,35,51,0,2,18,88,108,2,112,114,222
04/20/2021,WDG,OK,ASW,CE,Federal Contract Tower,0,2,1,47,50,0,0,3,21,24,0,2,4,68,74,0,46,46,120
04/21/2021,WDG,OK,ASW,CE,Federal Contract Tower,0,2,6,62,70,0,0,17,39,56,0,2,23,101,126,12,78,90,216
04/22/2021,WDG,OK,ASW,CE,Federal Contract Tower,0,4,10,23,37,0,0,11,17,28,0,4,21,40,65,10,66,76,141
04/23/2021,WDG,OK,ASW,CE,Federal Contract Tower,0,0,6,31,37,0,0,0,0,0,0,0,6,31,37,0,2,2,39
04/24/2021,WDG,OK,ASW,CE,Federal Contract Tower,0,2,6,2,10,0,0,34,2,36,0,2,40,4,46,22,16,38,84
04/25/2021,WDG,OK,ASW,CE,Federal Contract Tower,0,0,4,21,25,0,0,19,13,32,0,0,23,34,57,2,22,24,81
04/26/2021,WDG,OK,ASW,CE,Federal Contract Tower,0,2,7,34,43,0,0,13,24,37,0,2,20,58,80,0,138,138,218
04/27/2021,WDG,OK,ASW,CE,Federal Contract Tower,0,2,7,42,51,0,0,6,7,13,0,2,13,49,64,4,46,50,114
04/28/2021,WDG,OK,ASW,CE,Federal Contract Tower,0,2,4,6,12,0,0,0,0,0,0,2,4,6,12,0,0,0,12
04/29/2021,WDG,OK,ASW,CE,Federal Contract Tower,0,2,3,58,63,0,0,11,48,59,0,2,14,106,122,0,142,142,264
04/30/2021,WDG,OK,ASW,CE,Federal Contract Tower,0,2,8,37,47,0,0,27,28,55,0,2,35,65,102,24,118,142,244
05/01/2021,WDG,OK,ASW,CE,Federal Contract Tower,0,2,1,4,7,0,0,22,5,27,0,2,23,9,34,58,22,80,114
05/02/2021,WDG,OK,ASW,CE,Federal Contract Tower,0,0,9,35,44,0,0,8,5,13,0,0,17,40,57,36,20,56,113
05/03/2021,WDG,OK,ASW,CE,Federal Contract Tower,0,2,0,100,102,0,0,3,24,27,0,2,3,124,129,0,114,114,243
05/04/2021,WDG,OK,ASW,CE,Federal Contract Tower,0,2,2,87,91,0,0,5,32,37,0,2,7,119,128,12,118,130,258
05/05/2021,WDG,OK,ASW,CE,Federal Contract Tower,0,2,1,55,58,0,0,26,31,57,0,2,27,86,115,30,90,120,235
05/06/2021,WDG,OK,ASW,CE,Federal Contract Tower,0,2,6,71,79,0,0,10,55,65,0,2,16,126,144,6,101,107,251
05/07/2021,WDG,OK,ASW,CE,Federal Contract Tower,0,2,10,54,66,0,0,16,48,64,0,2,26,102,130,6,155,161,291
05/08/2021,WDG,OK,ASW,CE,Federal Contract Tower,0,2,8,6,16,0,0,13,2,15,0,2,21,8,31,10,32,42,73
05/09/2021,WDG,OK,ASW,CE,Federal Contract Tower,0,0,2,28,30,0,0,5,1,6,0,0,7,29,36,0,4,4,40
05/10/2021,WDG,OK,ASW,CE,Federal Contract Tower,0,6,5,57,68,0,0,8,6,14,0,6,13,63,82,8,30,38,120
05/11/2021,WDG,OK,ASW,CE,Federal Contract Tower,0,2,2,22,26,0,0,2,6,8,0,2,4,28,34,8,10,18,52
05/12/2021,WDG,OK,ASW,CE,Federal Contract Tower,0,3,13,55,71,0,1,10,33,44,0,4,23,88,115,10,122,132,247
05/13/2021,WDG,OK,ASW,CE,Federal Contract Tower,0,2,6,47,55,0,0,27,37,64,0,2,33,84,119,8,100,108,227
05/14/2021,WDG,OK,ASW,CE,Federal Contract Tower,0,2,3,22,27,0,0,13,20,33,0,2,16,42,60,0,74,74,134
05/15/2021,WDG,OK,ASW,CE,Federal Contract Tower,0,4,3,8,15,0,0,26,11,37,0,4,29,19,52,14,36,50,102
05/16/2021,WDG,OK,ASW,CE,Federal Contract Tower,0,0,8,15,23,0,0,1,2,3,0,0,9,17,26,0,6,6,32
05/17/2021,WDG,OK,ASW,CE,Federal Contract Tower,0,2,0,84,86,0,0,6,19,25,0,2,6,103,111,0,38,38,149
05/18/2021,WDG,OK,ASW,CE,Federal Contract Tower,0,2,7,41,50,0,0,4,0,4,0,2,11,41,54,24,22,46,100
05/19/2021,WDG,OK,ASW,CE,Federal Contract Tower,0,2,1,37,40,0,0,2,18,20,0,2,3,55,60,0,60,60,120
05/20/2021,WDG,OK,ASW,CE,Federal Contract Tower,0,2,4,31,37,0,0,8,20,28,0,2,12,51,65,30,88,118,183
05/21/2021,WDG,OK,ASW,CE,Federal Contract Tower,0,3,8,34,45,0,0,5,19,24,0,3,13,53,69,26,58,84,153
05/22/2021,WDG,OK,ASW,CE,Federal Contract Tower,0,4,3,18,25,0,0,0,2,2,0,4,3,20,27,14,4,18,45
05/23/2021,WDG,OK,ASW,CE,Federal Contract Tower,0,0,2,39,41,0,0,1,1,2,0,0,3,40,43,0,18,18,61
05/24/2021,WDG,OK,ASW,CE,Federal Contract Tower,0,2,5,24,31,0,0,2,0,2,0,2,7,24,33,4,0,4,37
05/25/2021,WDG,OK,ASW,CE,Federal Contract Tower,0,4,10,35,49,0,0,11,23,34,0,4,21,58,83,22,41,63,146
05/26/2021,WDG,OK,ASW,CE,Federal Contract Tower,0,2,3,5,10,0,0,5,0,5,0,2,8,5,15,12,0,12,27
05/27/2021,WDG,OK,ASW,CE,Federal Contract Tower,0,2,4,0,6,0,0,2,0,2,0,2,6,0,8,0,0,0,8
05/28/2021,WDG,OK,ASW,CE,Federal Contract Tower,0,2,5,3,10,0,0,18,0,18,0,2,23,3,28,20,0,20,48
05/29/2021,WDG,OK,ASW,CE,Federal Contract Tower,0,2,6,0,8,0,0,24,0,24,0,2,30,0,32,16,0,16,48
05/30/2021,WDG,OK,ASW,CE,Federal Contract Tower,0,2,6,3,11,0,0,2,0,2,0,2,8,3,13,0,0,0,13
05/31/2021,WDG,OK,ASW,CE,Federal Contract Tower,0,2,6,2,10,0,0,0,0,0,0,2,6,2,10,0,0,0,10
06/01/2021,WDG,OK,ASW,CE,Federal Contract Tower,0,2,3,54,59,0,0,7,9,16,0,2,10,63,75,8,96,104,179
06/02/2021,WDG,OK,ASW,CE,Federal Contract Tower,0,4,1,37,42,0,0,12,34,46,0,4,13,71,88,60,61,121,209
06/03/2021,WDG,OK,ASW,CE,Federal Contract Tower,0,2,4,35,41,0,1,24,23,48,0,3,28,58,89,48,67,115,204
06/04/2021,WDG,OK,ASW,CE,Federal Contract Tower,0,2,4,18,24,0,0,21,15,36,0,2,25,33,60,27,54,81,141
06/05/2021,WDG,OK,ASW,CE,Federal Contract Tower,0,2,7,10,19,0,0,24,8,32,0,2,31,18,51,28,42,70,121
06/06/2021,WDG,OK,ASW,CE,Federal Contract Tower,0,0,2,18,20,0,0,2,5,7,0,0,4,23,27,0,0,0,27
06/07/2021,WDG,OK,ASW,CE,Federal Contract Tower,0,2,3,44,49,0,1,5,24,30,0,3,8,68,79,8,50,58,137
06/08/2021,WDG,OK,ASW,CE,Federal Contract Tower,0,2,2,52,56,0,0,10,28,38,0,2,12,80,94,0,152,152,246
06/09/2021,WDG,OK,ASW,CE,Federal Contract Tower,0,0,7,38,45,0,0,17,26,43,0,0,24,64,88,12,38,50,138
06/10/2021,WDG,OK,ASW,CE,Federal Contract Tower,0,2,16,26,44,0,1,7,39,47,0,3,23,65,91,6,144,150,241
06/11/2021,WDG,OK,ASW,CE,Federal Contract Tower,0,3,8,29,40,0,1,13,28,42,0,4,21,57,82,12,134,146,228
06/12/2021,WDG,OK,ASW,CE,Federal Contract Tower,0,3,8,6,17,0,0,28,13,41,0,3,36,19,58,8,26,34,92
06/13/2021,WDG,OK,ASW,CE,Federal Contract Tower,0,2,1,23,26,0,0,13,9,22,0,2,14,32,48,2,28,30,78
06/14/2021,WDG,OK,ASW,CE,Federal Contract Tower,0,2,9,47,58,0,0,16,35,51,0,2,25,82,109,4,146,150,259
06/15/2021,WDG,OK,ASW,CE,Federal Contract Tower,0,2,9,38,49,0,0,20,29,49,0,2,29,67,98,4,138,142,240
06/16/2021,WDG,OK,ASW,CE,Federal Contract Tower,0,4,13,38,55,0,0,24,50,74,0,4,37,88,129,0,140,140,269
06/17/2021,WDG,OK,ASW,CE,Federal Contract Tower,0,2,8,43,53,0,0,9,40,49,0,2,17,83,102,0,126,126,228
06/18/2021,WDG,OK,ASW,CE,Federal Contract Tower,0,3,14,4,21,0,0,22,0,22,0,3,36,4,43,6,0,6,49
06/19/2021,WDG,OK,ASW,CE,Federal Contract Tower,0,2,7,0,9,0,0,42,0,42,0,2,49,0,51,38,0,38,89
06/20/2021,WDG,OK,ASW,CE,Federal Contract Tower,0,1,3,0,4,0,1,16,1,18,0,2,19,1,22,0,0,0,22
06/21/2021,WDG,OK,ASW,CE,Federal Contract Tower,0,4,1,49,54,0,0,14,35,49,0,4,15,84,103,4,78,82,185
06/22/2021,WDG,OK,ASW,CE,Federal Contract Tower,0,3,13,68,84,0,0,16,43,59,0,3,29,111,143,18,158,176,319
06/23/2021,WDG,OK,ASW,CE,Federal Contract Tower,0,2,8,52,62,0,0,21,19,40,0,2,29,71,102,14,112,126,228
06/24/2021,WDG,OK,ASW,CE,Federal Contract Tower,0,2,2,35,39,0,0,13,33,46,0,2,15,68,85,0,104,104,189
06/25/2021,WDG,OK,ASW,CE,Federal Contract Tower,0,4,8,19,31,0,0,26,19,45,0,4,34,38,76,2,96,98,174
06/26/2021,WDG,OK,ASW,CE,Federal Contract Tower,0,2,4,12,18,0,0,8,3,11,0,2,12,15,29,14,30,44,73
06/27/2021,WDG,OK,ASW,CE,Federal Contract Tower,0,0,4,21,25,0,0,6,0,6,0,0,10,21,31,8,0,8,39
06/28/2021,WDG,OK,ASW,CE,Federal Contract Tower,0,7,5,52,64,0,0,6,2,8,0,7,11,54,72,0,0,0,72
06/29/2021,WDG,OK,ASW,CE,Federal Contract Tower,0,2,1,0,3,0,0,1,0,1,0,2,2,0,4,0,0,0,4
06/30/2021,WDG,OK,ASW,CE,Federal Contract Tower,0,3,5,48,56,0,0,5,2,7,0,3,10,50,63,14,2,16,79
07/01/2021,WDG,OK,ASW,CE,Federal Contract Tower,0,4,7,12,23,0,0,7,4,11,0,4,14,16,34,0,1,1,35
07/02/2021,WDG,OK,ASW,CE,Federal Contract Tower,0,3,11,0,14,0,0,13,4,17,0,3,24,4,31,8,0,8,39
07/03/2021,WDG,OK,ASW,CE,Federal Contract Tower,0,3,8,4,15,0,0,35,8,43,0,3,43,12,58,12,36,48,106
07/04/2021,WDG,OK,ASW,CE,Federal Contract Tower,0,0,0,0,0,0,0,11,0,11,0,0,11,0,11,14,0,14,25
07/05/2021,WDG,OK,ASW,CE,Federal Contract Tower,0,0,6,2,8,0,0,27,6,33,0,0,33,8,41,24,16,40,81
07/06/2021,WDG,OK,ASW,CE,Federal Contract Tower,0,2,8,68,78,0,0,22,51,73,0,2,30,119,151,20,170,190,341
07/07/2021,WDG,OK,ASW,CE,Federal Contract Tower,0,2,9,20,31,0,0,9,17,26,0,2,18,37,57,0,66,66,123
07/08/2021,WDG,OK,ASW,CE,Federal Contract Tower,0,3,1,55,59,0,0,22,40,62,0,3,23,95,121,13,81,94,215
07/09/2021,WDG,OK,ASW,CE,Federal Contract Tower,0,2,11,31,44,0,0,14,42,56,0,2,25,73,100,4,108,112,212
07/10/2021,WDG,OK,ASW,CE,Federal Contract Tower,0,2,2,6,10,0,0,10,3,13,0,2,12,9,23,56,8,64,87
07/11/2021,WDG,OK,ASW,CE,Federal Contract Tower,0,0,10,20,30,0,0,17,10,27,0,0,27,30,57,10,24,34,91
07/12/2021,WDG,OK,ASW,CE,Federal Contract Tower,0,2,2,78,82,0,0,17,52,69,0,2,19,130,151,0,189,189,340
07/13/2021,WDG,OK,ASW,CE,Federal Contract Tower,0,2,3,44,49,0,0,10,34,44,0,2,13,78,93,10,154,164,257
07/14/2021,WDG,OK,ASW,CE,Federal Contract Tower,0,2,5,35,42,0,0,12,35,47,0,2,17,70,89,16,114,130,219
07/15/2021,WDG,OK,ASW,CE,Federal Contract Tower,0,2,4,47,53,0,0,14,31,45,0,2,18,78,98,4,86,90,188
07/16/2021,WDG,OK,ASW,CE,Federal Contract Tower,0,2,5,53,60,0,0,11,41,52,0,2,16,94,112,6,172,178,290
07/17/2021,WDG,OK,ASW,CE,Federal Contract Tower,0,2,5,5,12,0,0,32,3,35,0,2,37,8,47,2,14,16,63
07/18/2021,WDG,OK,ASW,CE,Federal Contract Tower,0,0,5,5,10,0,0,9,4,13,0,0,14,9,23,2,0,2,25
07/19/2021,WDG,OK,ASW,CE,Federal Contract Tower,0,2,6,62,70,0,0,23,42,65,0,2,29,104,135,6,158,164,299
07/20/2021,WDG,OK,ASW,CE,Federal Contract Tower,0,1,6,68,75,0,1,24,42,67,0,2,30,110,142,2,114,116,258
07/21/2021,WDG,OK,ASW,CE,Federal Contract Tower,0,1,2,51,54,0,1,24,37,62,0,2,26,88,116,24,196,220,336
07/22/2021,WDG,OK,ASW,CE,Federal Contract Tower,0,1,7,52,60,0,1,14,32,47,0,2,21,84,107,4,90,94,201
07/23/2021,WDG,OK,ASW,CE,Federal Contract Tower,0,1,3,43,47,0,1,17,39,57,0,2,20,82,104,0,90,90,194
07/24/2021,WDG,OK,ASW,CE,Federal Contract Tower,0,2,2,5,9,0,1,20,3,24,0,3,22,8,33,12,8,20,53
07/25/2021,WDG,OK,ASW,CE,Federal Contract Tower,0,0,5,7,12,0,0,12,7,19,0,0,17,14,31,6,8,14,45
07/26/2021,WDG,OK,ASW,CE,Federal Contract Tower,0,2,8,38,48,0,0,11,27,38,0,2,19,65,86,18,78,96,182
07/27/2021,WDG,OK,ASW,CE,Federal Contract Tower,0,1,5,27,33,0,1,10,31,42,0,2,15,58,75,0,114,114,189
07/28/2021,WDG,OK,ASW,CE,Federal Contract Tower,0,4,6,38,48,0,0,11,32,43,0,4,17,70,91,0,64,64,155
07/29/2021,WDG,OK,ASW,CE,Federal Contract Tower,0,7,8,31,46,0,0,19,33,52,0,7,27,64,98,28,98,126,224
07/30/2021,WDG,OK,ASW,CE,Federal Contract Tower,0,2,6,37,45,0,0,21,29,50,0,2,27,66,95,24,108,132,227
07/31/2021,WDG,OK,ASW,CE,Federal Contract Tower,0,2,9,7,18,0,0,14,11,25,0,2,23,18,43,4,36,40,83
08/01/2021,WDG,OK,ASW,CE,Federal Contract Tower,0,1,2,7,10,0,0,1,5,6,0,1,3,12,16,26,0,26,42
08/02/2021,WDG,OK,ASW,CE,Federal Contract Tower,0,2,6,59,67,0,1,12,39,52,0,3,18,98,119,2,96,98,217
08/03/2021,WDG,OK,ASW,CE,Federal Contract Tower,0,2,2,56,60,0,0,13,41,54,0,2,15,97,114,6,78,84,198
08/04/2021,WDG,OK,ASW,CE,Federal Contract Tower,0,4,3,35,42,0,0,11,41,52,0,4,14,76,94,16,118,134,228
08/05/2021,WDG,OK,ASW,CE,Federal Contract Tower,0,5,6,49,60,0,0,11,34,45,0,5,17,83,105,6,82,88,193
08/06/2021,WDG,OK,ASW,CE,Federal Contract Tower,0,2,10,34,46,0,0,20,32,52,0,2,30,66,98,0,182,182,280
08/07/2021,WDG,OK,ASW,CE,Federal Contract Tower,0,2,3,8,13,0,0,41,1,42,0,2,44,9,55,2,0,2,57
08/08/2021,WDG,OK,ASW,CE,Federal Contract Tower,0,1,8,10,19,0,0,7,8,15,0,1,15,18,34,2,0,2,36
08/09/2021,WDG,OK,ASW,CE,Federal Contract Tower,0,0,16,42,58,0,0,7,52,59,0,0,23,94,117,28,108,136,253
08/10/2021,WDG,OK,ASW,CE,Federal Contract Tower,0,2,10,33,45,0,0,18,26,44,0,2,28,59,89,2,84,86,175
08/11/2021,WDG,OK,ASW,CE,Federal Contract Tower,0,4,7,26,37,0,0,12,22,34,0,4,19,48,71,8,68,76,147
08/12/2021,WDG,OK,ASW,CE,Federal Contract Tower,0,2,9,33,44,0,0,9,32,41,0,2,18,65,85,0,114,114,199
08/13/2021,WDG,OK,ASW,CE,Federal Contract Tower,0,2,9,31,42,0,0,6,26,32,0,2,15,57,74,0,40,40,114
08/14/2021,WDG,OK,ASW,CE,Federal Contract Tower,0,2,5,4,11,0,1,10,2,13,0,3,15,6,24,8,0,8,32
08/15/2021,WDG,OK,ASW,CE,Federal Contract Tower,0,1,2,5,8,0,0,9,9,18,0,1,11,14,26,4,6,10,36
08/16/2021,WDG,OK,ASW,CE,Federal Contract Tower,0,4,5,28,37,0,0,13,29,42,0,4,18,57,79,14,96,110,189
08/17/2021,WDG,OK,ASW,CE,Federal Contract Tower,0,4,2,43,49,0,0,2,34,36,0,4,4,77,85,0,112,112,197
08/18/2021,WDG,OK,ASW,CE,Federal Contract Tower,0,4,6,60,70,0,0,3,17,20,0,4,9,77,90,4,94,98,188
08/19/2021,WDG,OK,ASW,CE,Federal Contract Tower,0,2,4,56,62,0,0,3,29,32,0,2,7,85,94,4,92,96,190
08/20/2021,WDG,OK,ASW,CE,Federal Contract Tower,0,2,4,58,64,0,0,26,47,73,0,2,30,105,137,2,120,122,259
08/21/2021,WDG,OK,ASW,CE,Federal Contract Tower,0,2,2,0,4,0,0,68,7,75,0,2,70,7,79,30,16,46,125
08/22/2021,WDG,OK,ASW,CE,Federal Contract Tower,0,0,4,11,15,0,0,14,14,28,0,0,18,25,43,0,10,10,53
08/23/2021,WDG,OK,ASW,CE,Federal Contract Tower,0,2,2,36,40,0,0,8,42,50,0,2,10,78,90,0,88,88,178
08/24/2021,WDG,OK,ASW,CE,Federal Contract Tower,0,3,9,50,62,0,0,18,39,57,0,3,27,89,119,12,86,98,217
08/25/2021,WDG,OK,ASW,CE,Federal Contract Tower,0,4,3,46,53,0,0,24,37,61,0,4,27,83,114,8,76,84,198
08/26/2021,WDG,OK,ASW,CE,Federal Contract Tower,0,4,2,34,40,0,0,7,26,33,0,4,9,60,73,18,82,100,173
08/27/2021,WDG,OK,ASW,CE,Federal Contract Tower,0,2,5,28,35,0,0,27,23,50,0,2,32,51,85,22,64,86,171
08/28/2021,WDG,OK,ASW,CE,Federal Contract Tower,0,2,0,4,6,0,0,21,8,29,0,2,21,12,35,2,56,58,93
08/29/2021,WDG,OK,ASW,CE,Federal Contract Tower,0,0,6,8,14,0,0,17,15,32,0,0,23,23,46,20,46,66,112
08/30/2021,WDG,OK,ASW,CE,Federal Contract Tower,0,2,3,36,41,0,0,15,26,41,0,2,18,62,82,0,47,47,129
08/31/2021,WDG,OK,ASW,CE,Federal Contract Tower,0,3,5,42,50,0,1,21,32,54,0,4,26,74,104,0,100,100,204
09/01/2021,WDG,OK,ASW,CE,Federal Contract Tower,0,1,6,45,52,0,1,9,27,37,0,2,15,72,89,0,76,76,165
09/02/2021,WDG,OK,ASW,CE,Federal Contract Tower,0,1,8,39,48,0,1,15,35,51,0,2,23,74,99,0,112,112,211
09/03/2021,WDG,OK,ASW,CE,Federal Contract Tower,0,2,10,0,12,0,0,14,2,16,0,2,24,2,28,2,0,2,30
09/04/2021,WDG,OK,ASW,CE,Federal Contract Tower,0,2,9,0,11,0,0,12,0,12,0,2,21,0,23,10,0,10,33
09/05/2021,WDG,OK,ASW,CE,Federal Contract Tower,0,0,6,0,6,0,0,10,0,10,0,0,16,0,16,34,0,34,50
09/06/2021,WDG,OK,ASW,CE,Federal Contract Tower,0,0,5,0,5,0,0,22,0,22,0,0,27,0,27,2,0,2,29
09/07/2021,WDG,OK,ASW,CE,Federal Contract Tower,0,5,2,50,57,0,0,18,37,55,0,5,20,87,112,6,144,150,262
09/08/2021,WDG,OK,ASW,CE,Federal Contract Tower,0,3,5,73,81,0,0,12,37,49,0,3,17,110,130,8,88,96,226
09/09/2021,WDG,OK,ASW,CE,Federal Contract Tower,0,2,13,52,67,0,0,9,44,53,0,2,22,96,120,0,162,162,282
09/10/2021,WDG,OK,ASW,CE,Federal Contract Tower,0,2,12,27,41,0,0,9,37,46,0,2,21,64,87,4,89,93,180
09/11/2021,WDG,OK,ASW,CE,Federal Contract Tower,0,2,3,4,9,0,0,20,14,34,0,2,23,18,43,6,26,32,75
09/12/2021,WDG,OK,ASW,CE,Federal Contract Tower,0,2,8,21,31,0,0,25,8,33,0,2,33,29,64,6,6,12,76
09/13/2021,WDG,OK,ASW,CE,Federal Contract Tower,0,2,9,44,55,0,0,8,33,41,0,2,17,77,96,10,72,82,178
09/14/2021,WDG,OK,ASW,CE,Federal Contract Tower,0,3,0,47,50,0,0,18,32,50,0,3,18,79,100,10,58,68,168
09/15/2021,WDG,OK,ASW,CE,Federal Contract Tower,0,7,8,34,49,0,0,14,33,47,0,7,22,67,96,14,106,120,216
09/16/2021,WDG,OK,ASW,CE,Federal Contract Tower,0,4,3,38,45,0,0,28,34,62,0,4,31,72,107,0,92,92,199
09/17/2021,WDG,OK,ASW,CE,Federal Contract Tower,0,2,18,18,38,0,0,34,20,54,0,2,52,38,92,4,50,54,146
09/18/2021,WDG,OK,ASW,CE,Federal Contract Tower,0,5,9,0,14,0,0,35,4,39,0,5,44,4,53,8,6,14,67
09/19/2021,WDG,OK,ASW,CE,Federal Contract Tower,0,1,15,17,33,0,0,18,12,30,0,1,33,29,63,2,0,2,65
09/20/2021,WDG,OK,ASW,CE,Federal Contract Tower,0,2,6,48,56,0,0,11,34,45,0,2,17,82,101,4,86,90,191
09/21/2021,WDG,OK,ASW,CE,Federal Contract Tower,0,2,8,33,43,0,0,6,26,32,0,2,14,59,75,0,52,52,127
09/22/2021,WDG,OK,ASW,CE,Federal Contract Tower,0,6,9,50,65,0,0,18,38,56,0,6,27,88,121,2,70,72,193
09/23/2021,WDG,OK,ASW,CE,Federal Contract Tower,0,2,8,33,43,0,0,9,25,34,0,2,17,58,77,4,88,92,169
09/24/2021,WDG,OK,ASW,CE,Federal Contract Tower,0,2,5,21,28,0,0,16,27,43,0,2,21,48,71,10,50,60,131
09/25/2021,WDG,OK,ASW,CE,Federal Contract Tower,0,4,3,4,11,0,0,26,2,28,0,4,29,6,39,0,18,18,57
09/26/2021,WDG,OK,ASW,CE,Federal Contract Tower,0,0,3,4,7,0,0,10,3,13,0,0,13,7,20,0,16,16,36
09/27/2021,WDG,OK,ASW,CE,Federal Contract Tower,0,2,0,28,30,0,0,2,22,24,0,2,2,50,54,0,74,74,128
09/28/2021,WDG,OK,ASW,CE,Federal Contract Tower,0,3,2,36,41,0,0,7,28,35,0,3,9,64,76,0,108,108,184
09/29/2021,WDG,OK,ASW,CE,Federal Contract Tower,0,2,10,31,43,0,0,14,20,34,0,2,24,51,77,0,48,48,125
09/30/2021,WDG,OK,ASW,CE,Federal Contract Tower,0,2,7,51,60,0,0,0,0,0,0,2,7,51,60,0,4,4,64
10/01/2021,WDG,OK,ASW,CE,Federal Contract Tower,0,2,4,31,37,0,0,9,16,25,0,2,13,47,62,0,72,72,134
10/02/2021,WDG,OK,ASW,CE,Federal Contract Tower,0,0,3,5,8,0,0,11,6,17,0,0,14,11,25,0,14,14,39
10/03/2021,WDG,OK,ASW,CE,Federal Contract Tower,0,0,7,9,16,0,0,13,7,20,0,0,20,16,36,36,14,50,86
10/04/2021,WDG,OK,ASW,CE,Federal Contract Tower,0,2,3,53,58,0,0,16,36,52,0,2,19,89,110,10,134,144,254
10/05/2021,WDG,OK,ASW,CE,Federal Contract Tower,0,2,3,33,38,0,0,22,40,62,0,2,25,73,100,8,114,122,222
10/06/2021,WDG,OK,ASW,CE,Federal Contract Tower,0,2,5,31,38,0,0,19,23,42,0,2,24,54,80,0,66,66,146
10/07/2021,WDG,OK,ASW,CE,Federal Contract Tower,0,2,7,34,43,0,0,18,29,47,0,2,25,63,90,2,112,114,204
10/08/2021,WDG,OK,ASW,CE,Federal Contract Tower,0,3,8,39,50,0,0,22,22,44,0,3,30,61,94,28,68,96,190
10/09/2021,WDG,OK,ASW,CE,Federal Contract Tower,0,2,0,6,8,0,0,9,5,14,0,2,9,11,22,10,26,36,58
10/10/2021,WDG,OK,ASW,CE,Federal Contract Tower,0,0,6,5,11,0,0,10,1,11,0,0,16,6,22,6,0,6,28
10/11/2021,WDG,OK,ASW,CE,Federal Contract Tower,0,2,8,3,13,0,0,20,1,21,0,2,28,4,34,8,12,20,54
10/12/2021,WDG,OK,ASW,CE,Federal Contract Tower,0,2,5,2,9,0,0,2,2,4,0,2,7,4,13,0,4,4,17
10/13/2021,WDG,OK,ASW,CE,Federal Contract Tower,0,4,2,59,65,0,0,10,42,52,0,4,12,101,117,12,134,146,263
10/14/2021,WDG,OK,ASW,CE,Federal Contract Tower,0,3,16,13,32,0,0,4,0,4,0,3,20,13,36,0,0,0,36
10/15/2021,WDG,OK,ASW,CE,Federal Contract Tower,0,5,7,57,69,0,0,14,37,51,0,5,21,94,120,8,196,204,324
10/16/2021,WDG,OK,ASW,CE,Federal Contract Tower,0,2,0,7,9,0,0,43,16,59,0,2,43,23,68,34,92,126,194
10/17/2021,WDG,OK,ASW,CE,Federal Contract Tower,0,0,4,15,19,0,0,24,6,30,0,0,28,21,49,6,12,18,67
10/18/2021,WDG,OK,ASW,CE,Federal Contract Tower,0,2,4,43,49,0,0,12,34,46,0,2,16,77,95,0,156,156,251
10/19/2021,WDG,OK,ASW,CE,Federal Contract Tower,0,2,4,3,9,0,0,6,3,9,0,2,10,6,18,0,16,16,34
10/20/2021,WDG,OK,ASW,CE,Federal Contract Tower,0,2,2,44,48,0,0,15,35,50,0,2,17,79,98,40,104,144,242
10/21/2021,WDG,OK,ASW,CE,Federal Contract Tower,0,2,9,54,65,0,0,23,45,68,0,2,32,99,133,8,98,106,239
10/22/2021,WDG,OK,ASW,CE,Federal Contract Tower,0,2,8,43,53,0,0,14,48,62,0,2,22,91,115,12,178,190,305
10/23/2021,WDG,OK,ASW,CE,Federal Contract Tower,0,2,3,12,17,0,0,51,4,55,0,2,54,16,72,0,114,114,186
10/24/2021,WDG,OK,ASW,CE,Federal Contract Tower,0,0,7,18,25,0,0,5,12,17,0,0,12,30,42,0,28,28,70
10/25/2021,WDG,OK,ASW,CE,Federal Contract Tower,0,2,8,67,77,0,0,22,34,56,0,2,30,101,133,10,148,158,291
10/26/2021,WDG,OK,ASW,CE,Federal Contract Tower,0,6,6,10,22,0,0,4,0,4,0,6,10,10,26,0,8,8,34
10/27/2021,WDG,OK,ASW,CE,Federal Contract Tower,0,4,7,3,14,0,0,0,0,0,0,4,7,3,14,0,0,0,14
10/28/2021,WDG,OK,ASW,CE,Federal Contract Tower,0,2,4,1,7,0,0,2,0,2,0,2,6,1,9,6,0,6,15
10/29/2021,WDG,OK,ASW,CE,Federal Contract Tower,0,2,9,44,55,0,1,9,29,39,0,3,18,73,94,4,48,52,146
10/30/2021,WDG,OK,ASW,CE,Federal Contract Tower,0,2,7,0,9,0,0,24,6,30,0,2,31,6,39,12,6,18,57
10/31/2021,WDG,OK,ASW,CE,Federal Contract Tower,0,0,3,11,14,0,0,11,4,15,0,0,14,15,29,0,0,0,29
11/01/2021,WDG,OK,ASW,CE,Federal Contract Tower,0,2,11,62,75,0,0,4,48,52,0,2,15,110,127,0,188,188,315
11/02/2021,WDG,OK,ASW,CE,Federal Contract Tower,0,3,9,78,90,0,0,0,14,14,0,3,9,92,104,0,86,86,190
11/03/2021,WDG,OK,ASW,CE,Federal Contract Tower,0,2,6,42,50,0,0,0,0,0,0,2,6,42,50,0,10,10,60
11/04/2021,WDG,OK,ASW,CE,Federal Contract Tower,0,6,14,46,66,0,0,8,3,11,0,6,22,49,77,4,30,34,111
11/05/2021,WDG,OK,ASW,CE,Federal Contract Tower,0,4,10,50,64,0,0,21,28,49,0,4,31,78,113,14,196,210,323
11/06/2021,WDG,OK,ASW,CE,Federal Contract Tower,0,3,5,20,28,0,1,35,19,55,0,4,40,39,83,10,76,86,169
11/07/2021,WDG,OK,ASW,CE,Federal Contract Tower,0,4,5,13,22,0,0,18,9,27,0,4,23,22,49,0,24,24,73
11/08/2021,WDG,OK,ASW,CE,Federal Contract Tower,0,5,18,46,69,0,0,18,32,50,0,5,36,78,119,0,130,130,249
11/09/2021,WDG,OK,ASW,CE,Federal Contract Tower,0,2,5,56,63,0,0,29,33,62,0,2,34,89,125,2,114,116,241
11/10/2021,WDG,OK,ASW,CE,Federal Contract Tower,0,3,16,36,55,0,0,0,0,0,0,3,16,36,55,0,0,0,55
11/11/2021,WDG,OK,ASW,CE,Federal Contract Tower,0,1,10,1,12,0,0,36,9,45,0,1,46,10,57,0,4,4,61
11/12/2021,WDG,OK,ASW,CE,Federal Contract Tower,0,2,3,53,58,0,0,18,32,50,0,2,21,85,108,0,90,90,198
11/13/2021,WDG,OK,ASW,CE,Federal Contract Tower,0,2,5,5,12,0,0,22,17,39,0,2,27,22,51,12,34,46,97
11/14/2021,WDG,OK,ASW,CE,Federal Contract Tower,0,2,8,9,19,0,0,19,9,28,0,2,27,18,47,4,20,24,71
11/15/2021,WDG,OK,ASW,CE,Federal Contract Tower,0,4,5,48,57,0,0,23,60,83,0,4,28,108,140,4,216,220,360
11/16/2021,WDG,OK,ASW,CE,Federal Contract Tower,0,2,11,44,57,0,0,22,36,58,0,2,33,80,115,0,120,120,235
11/17/2021,WDG,OK,ASW,CE,Federal Contract Tower,0,4,10,54,68,0,0,0,42,42,0,4,10,96,110,0,160,160,270
11/18/2021,WDG,OK,ASW,CE,Federal Contract Tower,0,4,14,60,78,0,0,18,41,59,0,4,32,101,137,2,164,166,303
11/19/2021,WDG,OK,ASW,CE,Federal Contract Tower,0,6,6,58,70,0,0,4,59,63,0,6,10,117,133,0,216,216,349
11/20/2021,WDG,OK,ASW,CE,Federal Contract Tower,0,2,5,11,18,0,0,8,26,34,0,2,13,37,52,2,182,184,236
11/21/2021,WDG,OK,ASW,CE,Federal Contract Tower,0,3,11,19,33,0,0,11,15,26,0,3,22,34,59,0,64,64,123
11/22/2021,WDG,OK,ASW,CE,Federal Contract Tower,0,2,6,54,62,0,0,13,41,54,0,2,19,95,116,0,112,112,228
11/23/2021,WDG,OK,ASW,CE,Federal Contract Tower,0,4,10,35,49,0,1,8,34,43,0,5,18,69,92,0,200,200,292
11/24/2021,WDG,OK,ASW,CE,Federal Contract Tower,0,2,11,42,55,0,0,6,38,44,0,2,17,80,99,0,186,186,285
11/25/2021,WDG,OK,ASW,CE,Federal Contract Tower,0,0,1,0,1,0,0,6,0,6,0,0,7,0,7,0,0,0,7
11/26/2021,WDG,OK,ASW,CE,Federal Contract Tower,0,2,3,0,5,0,0,24,0,24,0,2,27,0,29,4,0,4,33
11/27/2021,WDG,OK,ASW,CE,Federal Contract Tower,0,2,6,0,8,0,0,19,0,19,0,2,25,0,27,18,0,18,45
11/28/2021,WDG,OK,ASW,CE,Federal Contract Tower,0,4,12,0,16,0,0,25,0,25,0,4,37,0,41,4,0,4,45
11/29/2021,WDG,OK,ASW,CE,Federal Contract Tower,0,4,2,47,53,0,0,13,35,48,0,4,15,82,101,0,176,176,277
11/30/2021,WDG,OK,ASW,CE,Federal Contract Tower,0,2,4,54,60,0,0,11,34,45,0,2,15,88,105,4,132,136,241
12/01/2021,WDG,OK,ASW,CE,Federal Contract Tower,0,2,7,63,72,0,0,15,41,56,0,2,22,104,128,16,148,164,292
12/02/2021,WDG,OK,ASW,CE,Federal Contract Tower,0,2,14,42,58,0,0,15,38,53,0,2,29,80,111,0,146,146,257
12/03/2021,WDG,OK,ASW,CE,Federal Contract Tower,0,2,10,27,39,0,0,12,23,35,0,2,22,50,74,4,100,104,178
12/04/2021,WDG,OK,ASW,CE,Federal Contract Tower,0,2,9,3,14,0,0,12,0,12,0,2,21,3,26,0,0,0,26
12/05/2021,WDG,OK,ASW,CE,Federal Contract Tower,0,0,13,15,28,0,0,8,3,11,0,0,21,18,39,14,12,26,65
12/06/2021,WDG,OK,ASW,CE,Federal Contract Tower,0,2,9,67,78,0,0,7,34,41,0,2,16,101,119,2,132,134,253
12/07/2021,WDG,OK,ASW,CE,Federal Contract Tower,0,2,4,30,36,0,0,12,28,40,0,2,16,58,76,0,90,90,166
12/08/2021,WDG,OK,ASW,CE,Federal Contract Tower,0,4,2,49,55,0,0,19,28,47,0,4,21,77,102,0,170,170,272
12/09/2021,WDG,OK,ASW,CE,Federal Contract Tower,0,5,10,36,51,0,0,10,40,50,0,5,20,76,101,22,116,138,239
12/10/2021,WDG,OK,ASW,CE,Federal Contract Tower,0,3,8,6,17,0,0,2,1,3,0,3,10,7,20,0,8,8,28
12/11/2021,WDG,OK,ASW,CE,Federal Contract Tower,0,2,3,5,10,0,0,24,8,32,0,2,27,13,42,0,8,8,50
12/12/2021,WDG,OK,ASW,CE,Federal Contract Tower,0,0,12,6,18,0,0,8,8,16,0,0,20,14,34,0,6,6,40
12/13/2021,WDG,OK,ASW,CE,Federal Contract Tower,0,2,6,47,55,0,0,9,20,29,0,2,15,67,84,0,96,96,180
12/14/2021,WDG,OK,ASW,CE,Federal Contract Tower,0,2,5,0,7,0,0,7,0,7,0,2,12,0,14,0,0,0,14
12/15/2021,WDG,OK,ASW,CE,Federal Contract Tower,0,3,4,2,9,0,0,0,0,0,0,3,4,2,9,0,4,4,13
12/16/2021,WDG,OK,ASW,CE,Federal Contract Tower,0,3,13,63,79,0,0,7,35,42,0,3,20,98,121,2,146,148,269
12/17/2021,WDG,OK,ASW,CE,Federal Contract Tower,0,2,21,57,80,0,0,9,18,27,0,2,30,75,107,6,78,84,191
12/18/2021,WDG,OK,ASW,CE,Federal Contract Tower,0,1,5,16,22,0,1,10,10,21,0,2,15,26,43,2,0,2,45
12/19/2021,WDG,OK,ASW,CE,Federal Contract Tower,0,0,7,6,13,0,0,11,6,17,0,0,18,12,30,8,18,26,56
12/20/2021,WDG,OK,ASW,CE,Federal Contract Tower,0,2,14,15,31,0,0,12,11,23,0,2,26,26,54,4,12,16,70
12/21/2021,WDG,OK,ASW,CE,Federal Contract Tower,0,2,7,30,39,0,0,25,21,46,0,2,32,51,85,12,32,44,129
12/22/2021,WDG,OK,ASW,CE,Federal Contract Tower,0,4,7,20,31,0,0,13,18,31,0,4,20,38,62,10,78,88,150
12/23/2021,WDG,OK,ASW,CE,Federal Contract Tower,0,2,5,0,7,0,0,12,0,12,0,2,17,0,19,0,0,0,19
12/24/2021,WDG,OK,ASW,CE,Federal Contract Tower,0,0,2,0,2,0,0,6,0,6,0,0,8,0,8,0,0,0,8
12/25/2021,WDG,OK,ASW,CE,Federal Contract Tower,0,2,2,0,4,0,0,6,0,6,0,2,8,0,10,28,0,28,38
12/26/2021,WDG,OK,ASW,CE,Federal Contract Tower,0,0,6,0,6,0,0,10,0,10,0,0,16,0,16,0,0,0,16
12/27/2021,WDG,OK,ASW,CE,Federal Contract Tower,0,2,3,0,5,0,0,24,0,24,0,2,27,0,29,10,0,10,39
12/28/2021,WDG,OK,ASW,CE,Federal Contract Tower,0,2,3,0,5,0,0,9,0,9,0,2,12,0,14,2,0,2,16
12/29/2021,WDG,OK,ASW,CE,Federal Contract Tower,0,4,13,0,17,0,0,23,0,23,0,4,36,0,40,8,0,8,48
12/30/2021,WDG,OK,ASW,CE,Federal Contract Tower,0,2,7,0,9,0,0,31,0,31,0,2,38,0,40,6,0,6,46
12/31/2021,WDG,OK,ASW,CE,Federal Contract Tower,0,0,11,0,11,0,0,8,0,8,0,0,19,0,19,0,0,0,19
01/01/2022,WDG,OK,ASW,CE,Federal Contract Tower,0,0,1,0,1,0,0,0,0,0,0,0,1,0,1,0,0,0,1
01/02/2022,WDG,OK,ASW,CE,Federal Contract Tower,0,0,5,0,5,0,0,4,0,4,0,0,9,0,9,0,0,0,9
01/03/2022,WDG,OK,ASW,CE,Federal Contract Tower,0,2,2,2,6,0,0,20,0,20,0,2,22,2,26,18,0,18,44
01/04/2022,WDG,OK,ASW,CE,Federal Contract Tower,0,2,3,0,5,0,0,11,0,11,0,2,14,0,16,0,0,0,16
01/05/2022,WDG,OK,ASW,CE,Federal Contract Tower,0,2,2,43,47,0,0,6,29,35,0,2,8,72,82,0,68,68,150
01/06/2022,WDG,OK,ASW,CE,Federal Contract Tower,0,4,10,53,67,0,0,1,29,30,0,4,11,82,97,0,20,20,117
01/07/2022,WDG,OK,ASW,CE,Federal Contract Tower,0,4,2,15,21,0,0,17,19,36,0,4,19,34,57,2,48,50,107
01/08/2022,WDG,OK,ASW,CE,Federal Contract Tower,0,2,5,10,17,0,0,0,0,0,0,2,5,10,17,0,2,2,19
01/09/2022,WDG,OK,ASW,CE,Federal Contract Tower,0,0,3,21,24,0,0,11,2,13,0,0,14,23,37,4,12,16,53
01/10/2022,WDG,OK,ASW,CE,Federal Contract Tower,0,2,7,38,47,0,0,19,27,46,0,2,26,65,93,0,70,70,163
01/11/2022,WDG,OK,ASW,CE,Federal Contract Tower,0,4,5,26,35,0,0,16,24,40,0,4,21,50,75,2,82,84,159
01/12/2022,WDG,OK,ASW,CE,Federal Contract Tower,0,6,9,56,71,0,0,21,24,45,0,6,30,80,116,12,94,106,222
01/13/2022,WDG,OK,ASW,CE,Federal Contract Tower,0,5,3,39,47,0,3,11,26,40,0,8,14,65,87,6,60,66,153
01/14/2022,WDG,OK,ASW,CE,Federal Contract Tower,0,0,15,23,38,0,0,13,16,29,0,0,28,39,67,0,82,82,149
01/15/2022,WDG,OK,ASW,CE,Federal Contract Tower,0,2,2,0,4,0,0,0,0,0,0,2,2,0,4,0,0,0,4
01/16/2022,WDG,OK,ASW,CE,Federal Contract Tower,0,2,7,1,10,0,0,17,2,19,0,2,24,3,29,10,6,16,45
01/17/2022,WDG,OK,ASW,CE,Federal Contract Tower,0,2,8,1,11,0,0,41,1,42,0,2,49,2,53,0,4,4,57
01/18/2022,WDG,OK,ASW,CE,Federal Contract Tower,0,3,15,31,49,0,0,20,25,45,0,3,35,56,94,6,94,100,194
01/19/2022,WDG,OK,ASW,CE,Federal Contract Tower,0,2,6,59,67,0,0,3,21,24,0,2,9,80,91,0,70,70,161
01/20/2022,WDG,OK,ASW,CE,Federal Contract Tower,0,2,5,44,51,0,0,13,28,41,0,2,18,72,92,6,105,111,203
01/21/2022,WDG,OK,ASW,CE,Federal Contract Tower,0,2,11,12,25,0,0,14,20,34,0,2,25,32,59,22,95,117,176
01/22/2022,WDG,OK,ASW,CE,Federal Contract Tower,0,2,7,15,24,0,0,26,5,31,0,2,33,20,55,0,38,38,93
01/23/2022,WDG,OK,ASW,CE,Federal Contract Tower,0,1,5,14,20,0,0,33,18,51,0,1,38,32,71,36,48,84,155
01/24/2022,WDG,OK,ASW,CE,Federal Contract Tower,0,2,4,61,67,0,0,15,32,47,0,2,19,93,114,6,82,88,202
01/25/2022,WDG,OK,ASW,CE,Federal Contract Tower,0,2,3,61,66,0,0,3,42,45,0,2,6,103,111,0,102,102,213
01/26/2022,WDG,OK,ASW,CE,Federal Contract Tower,0,2,3,27,32,0,0,9,5,14,0,2,12,32,46,0,22,22,68
01/27/2022,WDG,OK,ASW,CE,Federal Contract Tower,0,2,2,18,22,0,0,4,4,8,0,2,6,22,30,0,14,14,44
01/28/2022,WDG,OK,ASW,CE,Federal Contract Tower,0,2,18,54,74,0,0,18,33,51,0,2,36,87,125,0,108,108,233
01/29/2022,WDG,OK,ASW,CE,Federal Contract Tower,0,1,10,15,26,0,1,24,8,33,0,2,34,23,59,6,76,82,141
01/30/2022,WDG,OK,ASW,CE,Federal Contract Tower,0,0,6,13,19,0,0,17,9,26,0,0,23,22,45,12,52,64,109
01/31/2022,WDG,OK,ASW,CE,Federal Contract Tower,0,2,7,21,30,0,0,26,16,42,0,2,33,37,72,6,36,42,114
02/01/2022,WDG,OK,ASW,CE,Federal Contract Tower,0,1,6,17,24,0,0,0,0,0,0,1,6,17,24,0,8,8,32
02/02/2022,WDG,OK,ASW,CE,Federal Contract Tower,0,0,0,0,0,0,0,0,0,0,0,0,0,0,0,0,0,0,0
02/03/2022,WDG,OK,ASW,CE,Federal Contract Tower,0,0,2,0,2,0,0,0,0,0,0,0,2,0,2,0,0,0,2
02/04/2022,WDG,OK,ASW,CE,Federal Contract Tower,0,1,1,10,12,0,0,2,3,5,0,1,3,13,17,0,4,4,21
02/05/2022,WDG,OK,ASW,CE,Federal Contract Tower,0,0,0,9,9,0,0,6,3,9,0,0,6,12,18,6,16,22,40
02/06/2022,WDG,OK,ASW,CE,Federal Contract Tower,0,1,2,8,11,0,0,14,19,33,0,1,16,27,44,42,2,44,88
02/07/2022,WDG,OK,ASW,CE,Federal Contract Tower,0,4,6,39,49,0,0,22,24,46,0,4,28,63,95,12,60,72,167
02/08/2022,WDG,OK,ASW,CE,Federal Contract Tower,0,2,11,30,43,0,0,13,24,37,0,2,24,54,80,2,130,132,212
02/09/2022,WDG,OK,ASW,CE,Federal Contract Tower,0,3,5,51,59,0,0,19,37,56,0,3,24,88,115,4,120,124,239
02/10/2022,WDG,OK,ASW,CE,Federal Contract Tower,0,3,3,45,51,0,0,27,33,60,0,3,30,78,111,8,80,88,199
02/11/2022,WDG,OK,ASW,CE,Federal Contract Tower,0,4,11,53,68,0,0,8,35,43,0,4,19,88,111,4,70,74,185
02/12/2022,WDG,OK,ASW,CE,Federal Contract Tower,0,2,3,14,19,0,0,34,1,35,0,2,37,15,54,0,44,44,98
02/13/2022,WDG,OK,ASW,CE,Federal Contract Tower,0,1,5,11,17,0,0,24,6,30,0,1,29,17,47,22,8,30,77
02/14/2022,WDG,OK,ASW,CE,Federal Contract Tower,0,3,7,47,57,0,0,23,25,48,0,3,30,72,105,0,106,106,211
02/15/2022,WDG,OK,ASW,CE,Federal Contract Tower,0,2,3,34,39,0,0,2,18,20,0,2,5,52,59,2,64,66,125
02/16/2022,WDG,OK,ASW,CE,Federal Contract Tower,0,2,3,37,42,0,0,4,18,22,0,2,7,55,64,0,46,46,110
02/17/2022,WDG,OK,ASW,CE,Federal Contract Tower,0,2,0,0,2,0,0,0,0,0,0,2,0,0,2,0,0,0,2
02/18/2022,WDG,OK,ASW,CE,Federal Contract Tower,0,2,9,32,43,0,0,20,16,36,0,2,29,48,79,18,60,78,157
02/19/2022,WDG,OK,ASW,CE,Federal Contract Tower,0,4,1,2,7,0,0,33,6,39,0,4,34,8,46,0,12,12,58
02/20/2022,WDG,OK,ASW,CE,Federal Contract Tower,0,0,3,3,6,0,0,5,6,11,0,0,8,9,17,0,2,2,19
02/21/2022,WDG,OK,ASW,CE,Federal Contract Tower,0,2,5,3,10,0,0,4,0,4,0,2,9,3,14,0,6,6,20
02/22/2022,WDG,OK,ASW,CE,Federal Contract Tower,0,3,26,29,58,0,0,7,36,43,0,3,33,65,101,0,32,32,133
02/23/2022,WDG,OK,ASW,CE,Federal Contract Tower,0,0,2,0,2,0,0,4,0,4,0,0,6,0,6,0,0,0,6
02/24/2022,WDG,OK,ASW,CE,Federal Contract Tower,0,0,2,0,2,0,0,0,0,0,0,0,2,0,2,0,0,0,2
02/25/2022,WDG,OK,ASW,CE,Federal Contract Tower,0,2,8,5,15,0,0,9,3,12,0,2,17,8,27,0,26,26,53
02/26/2022,WDG,OK,ASW,CE,Federal Contract Tower,0,2,8,8,18,0,0,14,8,22,0,2,22,16,40,10,22,32,72
02/27/2022,WDG,OK,ASW,CE,Federal Contract Tower,0,0,4,16,20,0,0,9,9,18,0,0,13,25,38,14,10,24,62
02/28/2022,WDG,OK,ASW,CE,Federal Contract Tower,0,2,14,32,48,0,0,13,19,32,0,2,27,51,80,0,86,86,166
03/01/2022,WDG,OK,ASW,CE,Federal Contract Tower,0,3,5,35,43,0,0,32,24,56,0,3,37,59,99,42,68,110,209
03/02/2022,WDG,OK,ASW,CE,Federal Contract Tower,0,2,5,27,34,0,0,6,29,35,0,2,11,56,69,16,76,92,161
03/03/2022,WDG,OK,ASW,CE,Federal Contract Tower,0,4,2,24,30,0,0,26,23,49,0,4,28,47,79,32,96,128,207
03/04/2022,WDG,OK,ASW,CE,Federal Contract Tower,0,2,6,20,28,0,0,6,17,23,0,2,12,37,51,0,56,56,107
03/05/2022,WDG,OK,ASW,CE,Federal Contract Tower,0,2,1,4,7,0,0,2,6,8,0,2,3,10,15,0,30,30,45
03/06/2022,WDG,OK,ASW,CE,Federal Contract Tower,0,0,6,23,29,0,0,5,10,15,0,0,11,33,44,0,4,4,48
03/07/2022,WDG,OK,ASW,CE,Federal Contract Tower,0,2,7,68,77,0,0,7,33,40,0,2,14,101,117,0,68,68,185
03/08/2022,WDG,OK,ASW,CE,Federal Contract Tower,0,2,7,47,56,0,0,9,34,43,0,2,16,81,99,10,104,114,213
03/09/2022,WDG,OK,ASW,CE,Federal Contract Tower,0,2,6,39,47,0,0,16,25,41,0,2,22,64,88,6,72,78,166
03/10/2022,WDG,OK,ASW,CE,Federal Contract Tower,0,2,7,33,42,0,0,2,0,2,0,2,9,33,44,0,4,4,48
03/11/2022,WDG,OK,ASW,CE,Federal Contract Tower,0,2,2,26,30,0,0,5,9,14,0,2,7,35,44,0,32,32,76
03/12/2022,WDG,OK,ASW,CE,Federal Contract Tower,0,2,14,10,26,0,0,23,11,34,0,2,37,21,60,2,2,4,64
03/13/2022,WDG,OK,ASW,CE,Federal Contract Tower,0,0,10,21,31,0,0,27,8,35,0,0,37,29,66,8,6,14,80
03/14/2022,WDG,OK,ASW,CE,Federal Contract Tower,0,2,4,45,51,0,0,10,23,33,0,2,14,68,84,6,57,63,147
03/15/2022,WDG,OK,ASW,CE,Federal Contract Tower,0,2,2,42,46,0,0,33,35,68,0,2,35,77,114,34,90,124,238
03/16/2022,WDG,OK,ASW,CE,Federal Contract Tower,0,2,4,20,26,0,0,5,21,26,0,2,9,41,52,9,41,50,102
03/17/2022,WDG,OK,ASW,CE,Federal Contract Tower,0,2,12,47,61,0,0,6,29,35,0,2,18,76,96,12,96,108,204
03/18/2022,WDG,OK,ASW,CE,Federal Contract Tower,0,2,9,31,42,0,0,7,21,28,0,2,16,52,70,0,40,40,110
03/19/2022,WDG,OK,ASW,CE,Federal Contract Tower,0,4,11,12,27,0,0,66,6,72,0,4,77,18,99,26,28,54,153
03/20/2022,WDG,OK,ASW,CE,Federal Contract Tower,0,0,9,28,37,0,0,15,9,24,0,0,24,37,61,2,50,52,113
03/21/2022,WDG,OK,ASW,CE,Federal Contract Tower,0,0,2,6,8,0,0,1,5,6,0,0,3,11,14,0,5,5,19
03/22/2022,WDG,OK,ASW,CE,Federal Contract Tower,0,0,12,2,14,0,0,2,0,2,0,0,14,2,16,0,0,0,16
03/23/2022,WDG,OK,ASW,CE,Federal Contract Tower,0,4,9,69,82,0,0,5,37,42,0,4,14,106,124,0,78,78,202
03/24/2022,WDG,OK,ASW,CE,Federal Contract Tower,0,2,7,40,49,0,0,21,45,66,0,2,28,85,115,15,132,147,262
03/25/2022,WDG,OK,ASW,CE,Federal Contract Tower,0,2,6,62,70,0,0,37,35,72,0,2,43,97,142,19,132,151,293
03/26/2022,WDG,OK,ASW,CE,Federal Contract Tower,0,2,4,29,35,0,0,50,16,66,0,2,54,45,101,124,140,264,365
03/27/2022,WDG,OK,ASW,CE,Federal Contract Tower,0,0,1,32,33,0,0,23,17,40,0,0,24,49,73,8,36,44,117
03/28/2022,WDG,OK,ASW,CE,Federal Contract Tower,0,2,10,30,42,0,0,26,27,53,0,2,36,57,95,48,58,106,201
03/29/2022,WDG,OK,ASW,CE,Federal Contract Tower,0,2,4,31,37,0,0,7,32,39,0,2,11,63,76,0,46,46,122
03/30/2022,WDG,OK,ASW,CE,Federal Contract Tower,0,2,6,72,80,0,0,5,25,30,0,2,11,97,110,0,62,62,172
03/31/2022,WDG,OK,ASW,CE,Federal Contract Tower,0,2,11,78,91,0,0,7,26,33,0,2,18,104,124,0,60,60,184
04/01/2022,WDG,OK,ASW,CE,Federal Contract Tower,0,2,9,24,35,0,0,16,32,48,0,2,25,56,83,18,90,108,191
04/02/2022,WDG,OK,ASW,CE,Federal Contract Tower,0,2,3,14,19,0,0,35,20,55,0,2,38,34,74,16,86,102,176
04/03/2022,WDG,OK,ASW,CE,Federal Contract Tower,0,0,11,22,33,0,0,6,14,20,0,0,17,36,53,8,16,24,77
04/04/2022,WDG,OK,ASW,CE,Federal Contract Tower,0,2,5,52,59,0,0,7,50,57,0,2,12,102,116,18,122,140,256
04/05/2022,WDG,OK,ASW,CE,Federal Contract Tower,0,2,6,50,58,0,0,13,14,27,0,2,19,64,85,14,56,70,155
04/06/2022,WDG,OK,ASW,CE,Federal Contract Tower,0,2,7,59,68,0,0,8,37,45,0,2,15,96,113,0,101,101,214
04/07/2022,WDG,OK,ASW,CE,Federal Contract Tower,0,2,11,31,44,0,0,5,23,28,0,2,16,54,72,0,50,50,122
04/08/2022,WDG,OK,ASW,CE,Federal Contract Tower,0,2,10,68,80,0,0,8,52,60,0,2,18,120,140,18,88,106,246
04/09/2022,WDG,OK,ASW,CE,Federal Contract Tower,0,6,3,16,25,0,0,24,5,29,0,6,27,21,54,10,72,82,136
04/10/2022,WDG,OK,ASW,CE,Federal Contract Tower,0,0,4,19,23,0,0,14,11,25,0,0,18,30,48,12,26,38,86
04/11/2022,WDG,OK,ASW,CE,Federal Contract Tower,0,2,10,46,58,0,0,12,43,55,0,2,22,89,113,10,152,162,275
04/12/2022,WDG,OK,ASW,CE,Federal Contract Tower,0,2,4,30,36,0,0,8,21,29,0,2,12,51,65,0,68,68,133
04/13/2022,WDG,OK,ASW,CE,Federal Contract Tower,0,4,6,27,37,0,0,21,15,36,0,4,27,42,73,0,102,102,175
04/14/2022,WDG,OK,ASW,CE,Federal Contract Tower,0,2,9,46,57,0,0,12,47,59,0,2,21,93,116,18,149,167,283
04/15/2022,WDG,OK,ASW,CE,Federal Contract Tower,0,2,10,32,44,0,0,19,32,51,0,2,29,64,95,6,90,96,191
04/16/2022,WDG,OK,ASW,CE,Federal Contract Tower,0,4,0,4,8,0,0,6,0,6,0,4,6,4,14,0,10,10,24
04/17/2022,WDG,OK,ASW,CE,Federal Contract Tower,0,0,6,0,6,0,0,8,0,8,0,0,14,0,14,0,0,0,14
04/18/2022,WDG,OK,ASW,CE,Federal Contract Tower,0,2,10,44,56,0,0,19,39,58,0,2,29,83,114,20,78,98,212
04/19/2022,WDG,OK,ASW,CE,Federal Contract Tower,0,2,7,42,51,0,0,16,17,33,0,2,23,59,84,6,14,20,104
04/20/2022,WDG,OK,ASW,CE,Federal Contract Tower,0,3,5,36,44,0,0,4,11,15,0,3,9,47,59,6,26,32,91
04/21/2022,WDG,OK,ASW,CE,Federal Contract Tower,0,2,11,33,46,0,0,10,19,29,0,2,21,52,75,8,52,60,135
04/22/2022,WDG,OK,ASW,CE,Federal Contract Tower,0,0,9,18,27,0,0,1,9,10,0,0,10,27,37,0,84,84,121
04/23/2022,WDG,OK,ASW,CE,Federal Contract Tower,0,4,5,0,9,0,0,5,0,5,0,4,10,0,14,0,0,0,14
04/24/2022,WDG,OK,ASW,CE,Federal Contract Tower,0,0,4,19,23,0,0,21,16,37,0,0,25,35,60,8,28,36,96
04/25/2022,WDG,OK,ASW,CE,Federal Contract Tower,0,2,3,59,64,0,0,16,50,66,0,2,19,109,130,28,160,188,318
04/26/2022,WDG,OK,ASW,CE,Federal Contract Tower,0,2,2,29,33,0,0,46,22,68,0,2,48,51,101,32,100,132,233
04/27/2022,WDG,OK,ASW,CE,Federal Contract Tower,0,2,8,34,44,0,0,16,30,46,0,2,24,64,90,0,118,118,208
04/28/2022,WDG,OK,ASW,CE,Federal Contract Tower,0,0,5,36,41,0,0,0,8,8,0,0,5,44,49,0,14,14,63
04/29/2022,WDG,OK,ASW,CE,Federal Contract Tower,0,0,8,30,38,0,0,4,23,27,0,0,12,53,65,0,41,41,106
04/30/2022,WDG,OK,ASW,CE,Federal Contract Tower,0,2,7,9,18,0,0,22,2,24,0,2,29,11,42,4,20,24,66
05/01/2022,WDG,OK,ASW,CE,Federal Contract Tower,0,0,12,10,22,0,1,24,13,38,0,1,36,23,60,16,34,50,110
05/02/2022,WDG,OK,ASW,CE,Federal Contract Tower,0,2,2,10,14,0,1,5,0,6,0,3,7,10,20,0,0,0,20
05/03/2022,WDG,OK,ASW,CE,Federal Contract Tower,0,0,12,52,64,0,0,15,18,33,0,0,27,70,97,10,90,100,197
05/04/2022,WDG,OK,ASW,CE,Federal Contract Tower,0,0,5,0,5,0,0,0,0,0,0,0,5,0,5,0,0,0,5
05/05/2022,WDG,OK,ASW,CE,Federal Contract Tower,0,0,8,8,16,0,0,2,0,2,0,0,10,8,18,0,0,0,18
05/06/2022,WDG,OK,ASW,CE,Federal Contract Tower,0,2,15,44,61,0,0,35,50,85,0,2,50,94,146,8,140,148,294
05/07/2022,WDG,OK,ASW,CE,Federal Contract Tower,0,2,6,5,13,0,0,15,1,16,0,2,21,6,29,0,2,2,31
05/08/2022,WDG,OK,ASW,CE,Federal Contract Tower,0,2,5,6,13,0,0,13,4,17,0,2,18,10,30,0,6,6,36
05/09/2022,WDG,OK,ASW,CE,Federal Contract Tower,0,2,4,24,30,0,0,8,25,33,0,2,12,49,63,14,108,122,185
05/10/2022,WDG,OK,ASW,CE,Federal Contract Tower,0,2,6,36,44,0,0,11,38,49,0,2,17,74,93,4,122,126,219
05/11/2022,WDG,OK,ASW,CE,Federal Contract Tower,0,3,3,32,38,0,0,17,33,50,0,3,20,65,88,20,130,150,238
05/12/2022,WDG,OK,ASW,CE,Federal Contract Tower,0,3,9,27,39,0,0,17,31,48,0,3,26,58,87,6,126,132,219
05/13/2022,WDG,OK,ASW,CE,Federal Contract Tower,0,2,10,34,46,0,0,23,13,36,0,2,33,47,82,28,62,90,172
05/14/2022,WDG,OK,ASW,CE,Federal Contract Tower,0,2,5,6,13,0,2,17,11,30,0,4,22,17,43,8,46,54,97
05/15/2022,WDG,OK,ASW,CE,Federal Contract Tower,0,1,14,24,39,0,0,12,16,28,0,1,26,40,67,32,42,74,141
05/16/2022,WDG,OK,ASW,CE,Federal Contract Tower,0,2,6,35,43,0,0,15,34,49,0,2,21,69,92,8,78,86,178
05/17/2022,WDG,OK,ASW,CE,Federal Contract Tower,0,2,14,38,54,0,0,25,33,58,0,2,39,71,112,8,144,152,264
05/18/2022,WDG,OK,ASW,CE,Federal Contract Tower,0,3,10,41,54,0,0,22,35,57,0,3,32,76,111,16,62,78,189
05/19/2022,WDG,OK,ASW,CE,Federal Contract Tower,0,2,6,35,43,0,0,14,23,37,0,2,20,58,80,62,38,100,180
05/20/2022,WDG,OK,ASW,CE,Federal Contract Tower,0,2,2,45,49,0,0,26,28,54,0,2,28,73,103,20,78,98,201
05/21/2022,WDG,OK,ASW,CE,Federal Contract Tower,0,2,6,16,24,0,0,29,7,36,0,2,35,23,60,20,100,120,180
05/22/2022,WDG,OK,ASW,CE,Federal Contract Tower,0,0,8,22,30,0,0,19,16,35,0,0,27,38,65,22,52,74,139
05/23/2022,WDG,OK,ASW,CE,Federal Contract Tower,0,0,4,1,5,0,0,1,0,1,0,0,5,1,6,0,0,0,6
05/24/2022,WDG,OK,ASW,CE,Federal Contract Tower,0,2,1,21,24,0,0,0,0,0,0,2,1,21,24,0,0,0,24
05/25/2022,WDG,OK,ASW,CE,Federal Contract Tower,0,2,4,8,14,0,0,0,0,0,0,2,4,8,14,0,0,0,14
05/26/2022,WDG,OK,ASW,CE,Federal Contract Tower,0,5,5,66,76,0,0,22,33,55,0,5,27,99,131,10,78,88,219
05/27/2022,WDG,OK,ASW,CE,Federal Contract Tower,0,2,12,2,16,0,2,47,2,51,0,4,59,4,67,14,8,22,89
05/28/2022,WDG,OK,ASW,CE,Federal Contract Tower,0,3,5,0,8,0,0,19,4,23,0,3,24,4,31,0,0,0,31
05/29/2022,WDG,OK,ASW,CE,Federal Contract Tower,0,1,5,0,6,0,0,2,3,5,0,1,7,3,11,0,0,0,11
05/30/2022,WDG,OK,ASW,CE,Federal Contract Tower,0,0,10,2,12,0,0,13,3,16,0,0,23,5,28,0,0,0,28
05/31/2022,WDG,OK,ASW,CE,Federal Contract Tower,0,2,7,22,31,0,0,15,7,22,0,2,22,29,53,6,30,36,89
06/01/2022,WDG,OK,ASW,CE,Federal Contract Tower,0,2,4,0,6,0,0,0,0,0,0,2,4,0,6,0,0,0,6
06/02/2022,WDG,OK,ASW,CE,Federal Contract Tower,0,2,15,26,43,0,0,20,22,42,0,2,35,48,85,28,70,98,183
06/03/2022,WDG,OK,ASW,CE,Federal Contract Tower,0,3,9,37,49,0,0,26,30,56,0,3,35,67,105,22,132,154,259
06/04/2022,WDG,OK,ASW,CE,Federal Contract Tower,0,2,5,5,12,0,0,12,4,16,0,2,17,9,28,14,28,42,70
06/05/2022,WDG,OK,ASW,CE,Federal Contract Tower,0,0,3,18,21,0,0,10,6,16,0,0,13,24,37,4,6,10,47
06/06/2022,WDG,OK,ASW,CE,Federal Contract Tower,0,2,4,30,36,0,0,19,28,47,0,2,23,58,83,16,108,124,207
06/07/2022,WDG,OK,ASW,CE,Federal Contract Tower,0,2,4,41,47,0,0,10,25,35,0,2,14,66,82,26,94,120,202
06/08/2022,WDG,OK,ASW,CE,Federal Contract Tower,0,2,7,52,61,0,0,9,9,18,0,2,16,61,79,0,20,20,99
06/09/2022,WDG,OK,ASW,CE,Federal Contract Tower,0,2,18,2,22,0,0,14,3,17,0,2,32,5,39,44,0,44,83
06/10/2022,WDG,OK,ASW,CE,Federal Contract Tower,0,2,5,34,41,0,0,19,38,57,0,2,24,72,98,0,124,124,222
06/11/2022,WDG,OK,ASW,CE,Federal Contract Tower,0,2,5,5,12,0,0,12,7,19,0,2,17,12,31,4,30,34,65
06/12/2022,WDG,OK,ASW,CE,Federal Contract Tower,0,0,8,28,36,0,0,9,21,30,0,0,17,49,66,0,28,28,94
06/13/2022,WDG,OK,ASW,CE,Federal Contract Tower,0,2,6,36,44,0,0,21,27,48,0,2,27,63,92,0,100,100,192
06/14/2022,WDG,OK,ASW,CE,Federal Contract Tower,0,2,6,34,42,0,0,6,34,40,0,2,12,68,82,0,132,132,214
06/15/2022,WDG,OK,ASW,CE,Federal Contract Tower,0,2,9,33,44,0,0,8,21,29,0,2,17,54,73,0,56,56,129
06/16/2022,WDG,OK,ASW,CE,Federal Contract Tower,0,2,9,37,48,0,0,7,37,44,0,2,16,74,92,14,88,102,194
06/17/2022,WDG,OK,ASW,CE,Federal Contract Tower,0,0,10,27,37,0,0,31,29,60,0,0,41,56,97,4,120,124,221
06/18/2022,WDG,OK,ASW,CE,Federal Contract Tower,0,2,6,1,9,0,0,48,1,49,0,2,54,2,58,0,14,14,72
06/19/2022,WDG,OK,ASW,CE,Federal Contract Tower,0,0,1,0,1,0,0,2,0,2,0,0,3,0,3,2,0,2,5
06/20/2022,WDG,OK,ASW,CE,Federal Contract Tower,0,0,1,0,1,0,0,5,0,5,0,0,6,0,6,16,0,16,22
06/21/2022,WDG,OK,ASW,CE,Federal Contract Tower,0,0,0,2,2,0,0,2,0,2,0,0,2,2,4,0,0,0,4
06/22/2022,WDG,OK,ASW,CE,Federal Contract Tower,0,2,9,26,37,0,0,14,21,35,0,2,23,47,72,8,61,69,141
06/23/2022,WDG,OK,ASW,CE,Federal Contract Tower,0,2,5,30,37,0,0,12,32,44,0,2,17,62,81,4,66,70,151
06/24/2022,WDG,OK,ASW,CE,Federal Contract Tower,0,2,14,27,43,0,0,15,22,37,0,2,29,49,80,0,28,28,108
06/25/2022,WDG,OK,ASW,CE,Federal Contract Tower,0,2,5,6,13,0,0,15,10,25,0,2,20,16,38,14,16,30,68
06/26/2022,WDG,OK,ASW,CE,Federal Contract Tower,0,0,7,15,22,0,0,8,16,24,0,0,15,31,46,0,34,34,80
06/27/2022,WDG,OK,ASW,CE,Federal Contract Tower,0,2,1,44,47,0,0,21,41,62,0,2,22,85,109,0,71,71,180
06/28/2022,WDG,OK,ASW,CE,Federal Contract Tower,0,3,6,40,49,0,0,30,33,63,0,3,36,73,112,36,97,133,245
06/29/2022,WDG,OK,ASW,CE,Federal Contract Tower,0,3,4,37,44,0,0,29,36,65,0,3,33,73,109,16,34,50,159
06/30/2022,WDG,OK,ASW,CE,Federal Contract Tower,0,2,7,35,44,0,0,15,22,37,0,2,22,57,81,29,42,71,152
07/01/2022,WDG,OK,ASW,CE,Federal Contract Tower,0,2,8,0,10,0,0,17,1,18,0,2,25,1,28,4,0,4,32
07/02/2022,WDG,OK,ASW,CE,Federal Contract Tower,0,2,0,0,2,0,0,13,0,13,0,2,13,0,15,0,0,0,15
07/03/2022,WDG,OK,ASW,CE,Federal Contract Tower,0,0,3,0,3,0,0,3,0,3,0,0,6,0,6,0,0,0,6
07/04/2022,WDG,OK,ASW,CE,Federal Contract Tower,0,0,3,0,3,0,0,6,0,6,0,0,9,0,9,0,0,0,9
07/05/2022,WDG,OK,ASW,CE,Federal Contract Tower,0,2,7,30,39,0,0,4,30,34,0,2,11,60,73,56,65,121,194
07/06/2022,WDG,OK,ASW,CE,Federal Contract Tower,0,2,13,21,36,0,0,13,28,41,0,2,26,49,77,20,44,64,141
07/07/2022,WDG,OK,ASW,CE,Federal Contract Tower,0,2,6,30,38,0,0,4,29,33,0,2,10,59,71,11,74,85,156
07/08/2022,WDG,OK,ASW,CE,Federal Contract Tower,0,2,4,30,36,0,0,10,22,32,0,2,14,52,68,0,40,40,108
07/09/2022,WDG,OK,ASW,CE,Federal Contract Tower,0,2,3,3,8,0,0,27,3,30,0,2,30,6,38,21,18,39,77
07/10/2022,WDG,OK,ASW,CE,Federal Contract Tower,0,0,4,4,8,0,0,9,4,13,0,0,13,8,21,16,14,30,51
07/11/2022,WDG,OK,ASW,CE,Federal Contract Tower,0,2,3,41,46,0,0,10,36,46,0,2,13,77,92,0,99,99,191
07/12/2022,WDG,OK,ASW,CE,Federal Contract Tower,0,2,11,48,61,0,0,9,36,45,0,2,20,84,106,0,78,78,184
07/13/2022,WDG,OK,ASW,CE,Federal Contract Tower,0,2,7,25,34,0,0,20,28,48,0,2,27,53,82,16,88,104,186
07/14/2022,WDG,OK,ASW,CE,Federal Contract Tower,0,3,6,36,45,0,0,21,40,61,0,3,27,76,106,17,97,114,220
07/15/2022,WDG,OK,ASW,CE,Federal Contract Tower,0,2,11,8,21,0,0,22,17,39,0,2,33,25,60,8,64,72,132
07/16/2022,WDG,OK,ASW,CE,Federal Contract Tower,0,2,4,6,12,0,0,29,2,31,0,2,33,8,43,21,6,27,70
07/17/2022,WDG,OK,ASW,CE,Federal Contract Tower,0,0,6,21,27,0,0,10,22,32,0,0,16,43,59,0,48,48,107
07/18/2022,WDG,OK,ASW,CE,Federal Contract Tower,0,2,13,40,55,0,0,14,33,47,0,2,27,73,102,2,116,118,220
07/19/2022,WDG,OK,ASW,CE,Federal Contract Tower,0,2,9,20,31,0,0,16,13,29,0,2,25,33,60,3,84,87,147
07/20/2022,WDG,OK,ASW,CE,Federal Contract Tower,0,2,3,49,54,0,0,18,32,50,0,2,21,81,104,0,95,95,199
07/21/2022,WDG,OK,ASW,CE,Federal Contract Tower,0,2,1,39,42,0,0,12,29,41,0,2,13,68,83,4,82,86,169
07/22/2022,WDG,OK,ASW,CE,Federal Contract Tower,0,2,12,17,31,0,0,15,34,49,0,2,27,51,80,18,59,77,157
07/23/2022,WDG,OK,ASW,CE,Federal Contract Tower,0,2,5,2,9,0,0,15,8,23,0,2,20,10,32,0,0,0,32
07/24/2022,WDG,OK,ASW,CE,Federal Contract Tower,0,0,9,5,14,0,0,10,5,15,0,0,19,10,29,8,2,10,39
07/25/2022,WDG,OK,ASW,CE,Federal Contract Tower,0,2,2,38,42,0,0,14,24,38,0,2,16,62,80,2,74,76,156
07/26/2022,WDG,OK,ASW,CE,Federal Contract Tower,0,2,2,56,60,0,0,24,29,53,0,2,26,85,113,0,102,102,215
07/27/2022,WDG,OK,ASW,CE,Federal Contract Tower,0,7,3,28,38,0,0,24,11,35,0,7,27,39,73,0,52,52,125
07/28/2022,WDG,OK,ASW,CE,Federal Contract Tower,0,4,15,47,66,0,0,24,21,45,0,4,39,68,111,4,66,70,181
07/29/2022,WDG,OK,ASW,CE,Federal Contract Tower,0,2,4,31,37,0,0,1,11,12,0,2,5,42,49,0,6,6,55
07/30/2022,WDG,OK,ASW,CE,Federal Contract Tower,0,0,4,0,4,0,0,0,0,0,0,0,4,0,4,0,0,0,4
07/31/2022,WDG,OK,ASW,CE,Federal Contract Tower,0,0,13,14,27,0,0,9,2,11,0,0,22,16,38,16,0,16,54
08/01/2022,WDG,OK,ASW,CE,Federal Contract Tower,0,2,7,48,57,0,0,18,31,49,0,2,25,79,106,4,74,78,184
08/02/2022,WDG,OK,ASW,CE,Federal Contract Tower,0,2,5,43,50,0,0,27,39,66,0,2,32,82,116,24,104,128,244
08/03/2022,WDG,OK,ASW,CE,Federal Contract Tower,0,2,4,49,55,0,0,13,38,51,0,2,17,87,106,26,79,105,211
08/04/2022,WDG,OK,ASW,CE,Federal Contract Tower,0,2,9,83,94,0,0,15,43,58,0,2,24,126,152,12,118,130,282
08/05/2022,WDG,OK,ASW,CE,Federal Contract Tower,0,2,8,39,49,0,0,27,34,61,0,2,35,73,110,6,81,87,197
08/06/2022,WDG,OK,ASW,CE,Federal Contract Tower,0,2,5,1,8,0,0,24,7,31,0,2,29,8,39,0,0,0,39
08/07/2022,WDG,OK,ASW,CE,Federal Contract Tower,0,0,8,32,40,0,0,8,26,34,0,0,16,58,74,0,40,40,114
08/08/2022,WDG,OK,ASW,CE,Federal Contract Tower,0,2,10,61,73,0,0,10,33,43,0,2,20,94,116,14,37,51,167
08/09/2022,WDG,OK,ASW,CE,Federal Contract Tower,0,2,6,39,47,0,0,15,35,50,0,2,21,74,97,18,92,110,207
08/10/2022,WDG,OK,ASW,CE,Federal Contract Tower,0,2,16,33,51,0,0,28,35,63,0,2,44,68,114,18,70,88,202
08/11/2022,WDG,OK,ASW,CE,Federal Contract Tower,0,2,9,51,62,0,0,20,31,51,0,2,29,82,113,32,70,102,215
08/12/2022,WDG,OK,ASW,CE,Federal Contract Tower,0,2,13,57,72,0,0,33,32,65,0,2,46,89,137,24,78,102,239
08/13/2022,WDG,OK,ASW,CE,Federal Contract Tower,0,2,4,6,12,0,0,57,2,59,0,2,61,8,71,28,2,30,101
08/14/2022,WDG,OK,ASW,CE,Federal Contract Tower,0,1,11,31,43,0,0,12,31,43,0,1,23,62,86,15,64,79,165
08/15/2022,WDG,OK,ASW,CE,Federal Contract Tower,0,2,5,49,56,0,0,20,34,54,0,2,25,83,110,4,94,98,208
08/16/2022,WDG,OK,ASW,CE,Federal Contract Tower,0,3,1,70,74,0,0,7,43,50,0,3,8,113,124,0,72,72,196
08/17/2022,WDG,OK,ASW,CE,Federal Contract Tower,0,2,18,71,91,0,0,3,7,10,0,2,21,78,101,4,12,16,117
08/18/2022,WDG,OK,ASW,CE,Federal Contract Tower,0,2,4,67,73,0,0,11,55,66,0,2,15,122,139,14,76,90,229
08/19/2022,WDG,OK,ASW,CE,Federal Contract Tower,0,2,8,35,45,0,0,35,35,70,0,2,43,70,115,22,63,85,200
08/20/2022,WDG,OK,ASW,CE,Federal Contract Tower,0,1,1,2,4,0,1,42,6,49,0,2,43,8,53,22,4,26,79
08/21/2022,WDG,OK,ASW,CE,Federal Contract Tower,0,2,3,13,18,0,0,13,2,15,0,2,16,15,33,2,0,2,35
08/22/2022,WDG,OK,ASW,CE,Federal Contract Tower,0,2,7,53,62,0,0,19,32,51,0,2,26,85,113,4,46,50,163
08/23/2022,WDG,OK,ASW,CE,Federal Contract Tower,0,2,8,55,65,0,0,25,43,68,0,2,33,98,133,0,125,125,258
08/24/2022,WDG,OK,ASW,CE,Federal Contract Tower,0,2,8,39,49,0,0,23,37,60,0,2,31,76,109,12,84,96,205
08/25/2022,WDG,OK,ASW,CE,Federal Contract Tower,0,2,3,43,48,0,0,33,33,66,0,2,36,76,114,36,69,105,219
08/26/2022,WDG,OK,ASW,CE,Federal Contract Tower,0,2,2,15,19,0,0,27,21,48,0,2,29,36,67,8,62,70,137
08/27/2022,WDG,OK,ASW,CE,Federal Contract Tower,0,2,8,11,21,0,0,23,11,34,0,2,31,22,55,22,40,62,117
08/28/2022,WDG,OK,ASW,CE,Federal Contract Tower,0,1,5,23,29,0,0,12,11,23,0,1,17,34,52,4,18,22,74
08/29/2022,WDG,OK,ASW,CE,Federal Contract Tower,0,2,5,39,46,0,0,7,28,35,0,2,12,67,81,0,107,107,188
08/30/2022,WDG,OK,ASW,CE,Federal Contract Tower,0,2,7,61,70,0,0,17,46,63,0,2,24,107,133,16,120,136,269
08/31/2022,WDG,OK,ASW,CE,Federal Contract Tower,0,2,9,53,64,0,0,43,32,75,0,2,52,85,139,6,118,124,263
09/01/2022,WDG,OK,ASW,CE,Federal Contract Tower,0,2,5,26,33,0,0,15,18,33,0,2,20,44,66,40,56,96,162
09/02/2022,WDG,OK,ASW,CE,Federal Contract Tower,0,2,7,0,9,0,0,20,0,20,0,2,27,0,29,3,0,3,32
09/03/2022,WDG,OK,ASW,CE,Federal Contract Tower,0,2,5,0,7,0,0,30,0,30,0,2,35,0,37,20,0,20,57
09/04/2022,WDG,OK,ASW,CE,Federal Contract Tower,0,0,5,0,5,0,0,20,0,20,0,0,25,0,25,22,0,22,47
09/05/2022,WDG,OK,ASW,CE,Federal Contract Tower,0,0,3,0,3,0,0,20,0,20,0,0,23,0,23,28,0,28,51
09/06/2022,WDG,OK,ASW,CE,Federal Contract Tower,0,2,7,51,60,0,0,30,29,59,0,2,37,80,119,8,58,66,185
09/07/2022,WDG,OK,ASW,CE,Federal Contract Tower,0,2,4,62,68,0,0,23,36,59,0,2,27,98,127,4,105,109,236
09/08/2022,WDG,OK,ASW,CE,Federal Contract Tower,0,2,5,55,62,0,0,51,38,89,0,2,56,93,151,35,75,110,261
09/09/2022,WDG,OK,ASW,CE,Federal Contract Tower,0,1,17,42,60,0,0,33,27,60,0,1,50,69,120,29,35,64,184
09/10/2022,WDG,OK,ASW,CE,Federal Contract Tower,0,2,2,6,10,0,0,50,5,55,0,2,52,11,65,10,22,32,97
09/11/2022,WDG,OK,ASW,CE,Federal Contract Tower,0,0,7,7,14,0,0,20,4,24,0,0,27,11,38,16,10,26,64
09/12/2022,WDG,OK,ASW,CE,Federal Contract Tower,0,2,1,38,41,0,0,24,33,57,0,2,25,71,98,6,83,89,187
09/13/2022,WDG,OK,ASW,CE,Federal Contract Tower,0,2,8,49,59,0,0,19,34,53,0,2,27,83,112,18,36,54,166
09/14/2022,WDG,OK,ASW,CE,Federal Contract Tower,0,2,18,44,64,0,0,27,36,63,0,2,45,80,127,2,72,74,201
09/15/2022,WDG,OK,ASW,CE,Federal Contract Tower,0,2,7,45,54,0,0,21,41,62,0,2,28,86,116,2,72,74,190
09/16/2022,WDG,OK,ASW,CE,Federal Contract Tower,0,2,10,32,44,0,0,31,32,63,0,2,41,64,107,28,64,92,199
09/17/2022,WDG,OK,ASW,CE,Federal Contract Tower,0,2,8,4,14,0,0,63,2,65,0,2,71,6,79,2,6,8,87
09/18/2022,WDG,OK,ASW,CE,Federal Contract Tower,0,0,5,21,26,0,0,23,12,35,0,0,28,33,61,0,10,10,71
09/19/2022,WDG,OK,ASW,CE,Federal Contract Tower,0,2,7,33,42,0,0,15,27,42,0,2,22,60,84,0,71,71,155
09/20/2022,WDG,OK,ASW,CE,Federal Contract Tower,0,2,5,50,57,0,0,12,38,50,0,2,17,88,107,1,103,104,211
09/21/2022,WDG,OK,ASW,CE,Federal Contract Tower,0,2,4,46,52,0,0,17,30,47,0,2,21,76,99,32,126,158,257
09/22/2022,WDG,OK,ASW,CE,Federal Contract Tower,0,2,13,58,73,0,0,19,14,33,0,2,32,72,106,8,8,16,122
09/23/2022,WDG,OK,ASW,CE,Federal Contract Tower,0,2,4,35,41,0,0,22,46,68,0,2,26,81,109,26,41,67,176
09/24/2022,WDG,OK,ASW,CE,Federal Contract Tower,0,3,3,11,17,0,0,21,3,24,0,3,24,14,41,16,48,64,105
09/25/2022,WDG,OK,ASW,CE,Federal Contract Tower,0,0,3,28,31,0,0,27,23,50,0,0,30,51,81,6,46,52,133
09/26/2022,WDG,OK,ASW,CE,Federal Contract Tower,0,2,14,98,114,0,0,31,35,66,0,2,45,133,180,2,98,100,280
09/27/2022,WDG,OK,ASW,CE,Federal Contract Tower,0,2,0,42,44,0,0,19,24,43,0,2,19,66,87,4,68,72,159
09/28/2022,WDG,OK,ASW,CE,Federal Contract Tower,0,2,15,86,103,0,0,30,37,67,0,2,45,123,170,0,64,64,234
09/29/2022,WDG,OK,ASW,CE,Federal Contract Tower,0,2,16,36,54,0,0,21,18,39,0,2,37,54,93,4,44,48,141
09/30/2022,WDG,OK,ASW,CE,Federal Contract Tower,0,2,17,28,47,0,0,30,31,61,0,2,47,59,108,4,60,64,172
10/01/2022,WDG,OK,ASW,CE,Federal Contract Tower,0,2,7,2,11,0,0,28,3,31,0,2,35,5,42,10,0,10,52
10/02/2022,WDG,OK,ASW,CE,Federal Contract Tower,0,0,12,12,24,0,0,26,6,32,0,0,38,18,56,26,6,32,88
10/03/2022,WDG,OK,ASW,CE,Federal Contract Tower,0,2,3,75,80,0,0,16,43,59,0,2,19,118,139,20,94,114,253
10/04/2022,WDG,OK,ASW,CE,Federal Contract Tower,0,2,1,39,42,0,0,30,34,64,0,2,31,73,106,6,96,102,208
10/05/2022,WDG,OK,ASW,CE,Federal Contract Tower,0,2,4,51,57,0,0,24,30,54,0,2,28,81,111,10,75,85,196
10/06/2022,WDG,OK,ASW,CE,Federal Contract Tower,0,2,9,55,66,0,0,28,44,72,0,2,37,99,138,14,130,144,282
10/07/2022,WDG,OK,ASW,CE,Federal Contract Tower,0,2,17,57,76,0,0,22,41,63,0,2,39,98,139,6,84,90,229
10/08/2022,WDG,OK,ASW,CE,Federal Contract Tower,0,2,7,0,9,0,0,18,0,18,0,2,25,0,27,0,0,0,27
10/09/2022,WDG,OK,ASW,CE,Federal Contract Tower,0,0,9,1,10,0,0,17,0,17,0,0,26,1,27,0,0,0,27
10/10/2022,WDG,OK,ASW,CE,Federal Contract Tower,0,2,13,0,15,0,0,13,2,15,0,2,26,2,30,0,2,2,32
10/11/2022,WDG,OK,ASW,CE,Federal Contract Tower,0,2,9,64,75,0,0,17,39,56,0,2,26,103,131,0,110,110,241
10/12/2022,WDG,OK,ASW,CE,Federal Contract Tower,0,2,12,53,67,0,0,15,49,64,0,2,27,102,131,12,86,98,229
10/13/2022,WDG,OK,ASW,CE,Federal Contract Tower,0,2,16,73,91,0,0,32,60,92,0,2,48,133,183,26,36,62,245
10/14/2022,WDG,OK,ASW,CE,Federal Contract Tower,0,2,10,38,50,0,0,16,24,40,0,2,26,62,90,22,102,124,214
10/15/2022,WDG,OK,ASW,CE,Federal Contract Tower,0,2,5,2,9,0,0,28,0,28,0,2,33,2,37,10,0,10,47
10/16/2022,WDG,OK,ASW,CE,Federal Contract Tower,0,0,7,22,29,0,0,13,17,30,0,0,20,39,59,0,28,28,87
10/17/2022,WDG,OK,ASW,CE,Federal Contract Tower,0,2,7,91,100,0,0,23,37,60,0,2,30,128,160,18,42,60,220
10/18/2022,WDG,OK,ASW,CE,Federal Contract Tower,0,2,7,50,59,0,0,25,24,49,0,2,32,74,108,34,30,64,172
10/19/2022,WDG,OK,ASW,CE,Federal Contract Tower,0,2,7,47,56,0,0,23,24,47,0,2,30,71,103,24,44,68,171
10/20/2022,WDG,OK,ASW,CE,Federal Contract Tower,0,2,13,59,74,0,0,21,23,44,0,2,34,82,118,4,100,104,222
10/21/2022,WDG,OK,ASW,CE,Federal Contract Tower,0,6,6,23,35,0,0,24,18,42,0,6,30,41,77,24,16,40,117
10/22/2022,WDG,OK,ASW,CE,Federal Contract Tower,0,2,2,6,10,0,0,10,12,22,0,2,12,18,32,0,12,12,44
10/23/2022,WDG,OK,ASW,CE,Federal Contract Tower,0,0,5,5,10,0,0,6,3,9,0,0,11,8,19,0,28,28,47
10/24/2022,WDG,OK,ASW,CE,Federal Contract Tower,0,2,1,4,7,0,0,0,0,0,0,2,1,4,7,0,0,0,7
10/25/2022,WDG,OK,ASW,CE,Federal Contract Tower,0,2,6,71,79,0,0,22,49,71,0,2,28,120,150,36,115,151,301
10/26/2022,WDG,OK,ASW,CE,Federal Contract Tower,0,2,7,62,71,0,0,38,33,71,0,2,45,95,142,28,84,112,254
10/27/2022,WDG,OK,ASW,CE,Federal Contract Tower,0,2,8,29,39,0,0,20,15,35,0,2,28,44,74,0,60,60,134
10/28/2022,WDG,OK,ASW,CE,Federal Contract Tower,0,2,8,47,57,0,0,11,22,33,0,2,19,69,90,6,49,55,145
10/29/2022,WDG,OK,ASW,CE,Federal Contract Tower,0,2,6,3,11,0,0,30,1,31,0,2,36,4,42,0,4,4,46
10/30/2022,WDG,OK,ASW,CE,Federal Contract Tower,0,0,2,5,7,0,0,26,2,28,0,0,28,7,35,34,6,40,75
10/31/2022,WDG,OK,ASW,CE,Federal Contract Tower,0,2,3,51,56,0,0,26,22,48,0,2,29,73,104,0,44,44,148
11/01/2022,WDG,OK,ASW,CE,Federal Contract Tower,0,2,6,36,44,0,0,36,27,63,0,2,42,63,107,41,60,101,208
11/02/2022,WDG,OK,ASW,CE,Federal Contract Tower,0,3,4,33,40,0,0,13,14,27,0,3,17,47,67,16,43,59,126
11/03/2022,WDG,OK,ASW,CE,Federal Contract Tower,0,2,12,40,54,0,0,4,4,8,0,2,16,44,62,8,4,12,74
11/04/2022,WDG,OK,ASW,CE,Federal Contract Tower,0,2,1,0,3,0,0,0,0,0,0,2,1,0,3,0,0,0,3
11/05/2022,WDG,OK,ASW,CE,Federal Contract Tower,0,2,2,5,9,0,0,16,17,33,0,2,18,22,42,32,38,70,112
11/06/2022,WDG,OK,ASW,CE,Federal Contract Tower,0,0,6,14,20,0,0,21,14,35,0,0,27,28,55,18,20,38,93
11/07/2022,WDG,OK,ASW,CE,Federal Contract Tower,0,2,3,56,61,0,0,8,19,27,0,2,11,75,88,0,70,70,158
11/08/2022,WDG,OK,ASW,CE,Federal Contract Tower,0,3,9,12,24,0,0,1,4,5,0,3,10,16,29,8,6,14,43
11/09/2022,WDG,OK,ASW,CE,Federal Contract Tower,0,5,1,73,79,0,0,2,15,17,0,5,3,88,96,0,84,84,180
11/10/2022,WDG,OK,ASW,CE,Federal Contract Tower,0,2,3,82,87,0,0,3,12,15,0,2,6,94,102,0,46,46,148
11/11/2022,WDG,OK,ASW,CE,Federal Contract Tower,0,2,7,0,9,0,0,7,2,9,0,2,14,2,18,0,0,0,18
11/12/2022,WDG,OK,ASW,CE,Federal Contract Tower,0,2,5,0,7,0,0,37,1,38,0,2,42,1,45,26,2,28,73
11/13/2022,WDG,OK,ASW,CE,Federal Contract Tower,0,0,8,0,8,0,0,24,2,26,0,0,32,2,34,0,0,0,34
11/14/2022,WDG,OK,ASW,CE,Federal Contract Tower,0,0,4,35,39,0,0,0,20,20,0,0,4,55,59,0,68,68,127
11/15/2022,WDG,OK,ASW,CE,Federal Contract Tower,0,3,5,29,37,0,2,15,24,41,0,5,20,53,78,2,46,48,126
11/16/2022,WDG,OK,ASW,CE,Federal Contract Tower,0,2,6,50,58,0,0,47,34,81,0,2,53,84,139,22,58,80,219
11/17/2022,WDG,OK,ASW,CE,Federal Contract Tower,0,2,15,57,74,0,0,26,27,53,0,2,41,84,127,16,62,78,205
11/18/2022,WDG,OK,ASW,CE,Federal Contract Tower,0,2,7,55,64,0,0,17,21,38,0,2,24,76,102,2,12,14,116
11/19/2022,WDG,OK,ASW,CE,Federal Contract Tower,0,2,4,4,10,0,0,26,8,34,0,2,30,12,44,38,28,66,110
11/20/2022,WDG,OK,ASW,CE,Federal Contract Tower,0,0,10,12,22,0,0,14,13,27,0,0,24,25,49,10,14,24,73
11/21/2022,WDG,OK,ASW,CE,Federal Contract Tower,0,2,3,39,44,0,0,23,24,47,0,2,26,63,91,40,36,76,167
11/22/2022,WDG,OK,ASW,CE,Federal Contract Tower,0,3,3,47,53,0,0,17,28,45,0,3,20,75,98,14,70,84,182
11/23/2022,WDG,OK,ASW,CE,Federal Contract Tower,0,2,7,17,26,0,0,0,0,0,0,2,7,17,26,0,12,12,38
11/24/2022,WDG,OK,ASW,CE,Federal Contract Tower,0,0,0,0,0,0,0,0,0,0,0,0,0,0,0,0,0,0,0
11/25/2022,WDG,OK,ASW,CE,Federal Contract Tower,0,4,6,4,14,0,0,15,0,15,0,4,21,4,29,40,0,40,69
11/26/2022,WDG,OK,ASW,CE,Federal Contract Tower,0,2,0,0,2,0,0,0,0,0,0,2,0,0,2,0,0,0,2
11/27/2022,WDG,OK,ASW,CE,Federal Contract Tower,0,0,8,0,8,0,0,21,0,21,0,0,29,0,29,18,0,18,47
11/28/2022,WDG,OK,ASW,CE,Federal Contract Tower,0,2,8,69,79,0,0,18,35,53,0,2,26,104,132,2,88,90,222
11/29/2022,WDG,OK,ASW,CE,Federal Contract Tower,0,2,3,118,123,0,0,7,20,27,0,2,10,138,150,8,42,50,200
11/30/2022,WDG,OK,ASW,CE,Federal Contract Tower,0,2,5,69,76,0,0,28,32,60,0,2,33,101,136,16,40,56,192
12/01/2022,WDG,OK,ASW,CE,Federal Contract Tower,0,2,6,56,64,0,0,2,21,23,0,2,8,77,87,0,42,42,129
12/02/2022,WDG,OK,ASW,CE,Federal Contract Tower,0,2,3,54,59,0,0,13,10,23,0,2,16,64,82,0,12,12,94
12/03/2022,WDG,OK,ASW,CE,Federal Contract Tower,0,2,9,1,12,0,0,28,7,35,0,2,37,8,47,4,0,4,51
12/04/2022,WDG,OK,ASW,CE,Federal Contract Tower,0,0,8,12,20,0,0,29,2,31,0,0,37,14,51,59,0,59,110
12/05/2022,WDG,OK,ASW,CE,Federal Contract Tower,0,2,2,83,87,0,0,13,17,30,0,2,15,100,117,2,28,30,147
12/06/2022,WDG,OK,ASW,CE,Federal Contract Tower,0,2,10,38,50,0,0,4,0,4,0,2,14,38,54,30,2,32,86
12/07/2022,WDG,OK,ASW,CE,Federal Contract Tower,0,2,4,30,36,0,0,0,0,0,0,2,4,30,36,0,0,0,36
12/08/2022,WDG,OK,ASW,CE,Federal Contract Tower,0,2,7,19,28,0,0,6,3,9,0,2,13,22,37,2,12,14,51
12/09/2022,WDG,OK,ASW,CE,Federal Contract Tower,0,2,7,85,94,0,0,27,30,57,0,2,34,115,151,34,48,82,233
12/10/2022,WDG,OK,ASW,CE,Federal Contract Tower,0,2,4,15,21,0,0,4,8,12,0,2,8,23,33,2,22,24,57
12/11/2022,WDG,OK,ASW,CE,Federal Contract Tower,0,0,10,6,16,0,0,0,0,0,0,0,10,6,16,0,0,0,16
12/12/2022,WDG,OK,ASW,CE,Federal Contract Tower,0,2,3,8,13,0,0,0,0,0,0,2,3,8,13,0,0,0,13
12/13/2022,WDG,OK,ASW,CE,Federal Contract Tower,0,3,3,69,75,0,0,22,38,60,0,3,25,107,135,6,40,46,181
12/14/2022,WDG,OK,ASW,CE,Federal Contract Tower,0,3,7,97,107,0,0,15,30,45,0,3,22,127,152,6,70,76,228
12/15/2022,WDG,OK,ASW,CE,Federal Contract Tower,0,3,6,100,109,0,0,12,46,58,0,3,18,146,167,0,65,65,232
12/16/2022,WDG,OK,ASW,CE,Federal Contract Tower,0,2,8,38,48,0,0,19,25,44,0,2,27,63,92,8,41,49,141
12/17/2022,WDG,OK,ASW,CE,Federal Contract Tower,0,2,13,10,25,0,0,25,14,39,0,2,38,24,64,4,80,84,148
12/18/2022,WDG,OK,ASW,CE,Federal Contract Tower,0,0,6,24,30,0,0,41,11,52,0,0,47,35,82,34,44,78,160
12/19/2022,WDG,OK,ASW,CE,Federal Contract Tower,0,2,7,80,89,0,0,6,43,49,0,2,13,123,138,0,142,142,280
12/20/2022,WDG,OK,ASW,CE,Federal Contract Tower,0,2,9,24,35,0,0,2,0,2,0,2,11,24,37,0,0,0,37
12/21/2022,WDG,OK,ASW,CE,Federal Contract Tower,0,2,10,25,37,0,0,2,1,3,0,2,12,26,40,0,4,4,44
12/22/2022,WDG,OK,ASW,CE,Federal Contract Tower,0,0,0,0,0,0,0,0,0,0,0,0,0,0,0,0,0,0,0
12/23/2022,WDG,OK,ASW,CE,Federal Contract Tower,0,2,5,0,7,0,0,16,0,16,0,2,21,0,23,0,0,0,23
12/24/2022,WDG,OK,ASW,CE,Federal Contract Tower,0,0,0,0,0,0,0,5,0,5,0,0,5,0,5,0,0,0,5
12/25/2022,WDG,OK,ASW,CE,Federal Contract Tower,0,2,0,0,2,0,0,14,0,14,0,2,14,0,16,8,0,8,24
12/26/2022,WDG,OK,ASW,CE,Federal Contract Tower,0,0,6,0,6,0,0,9,0,9,0,0,15,0,15,0,0,0,15
12/27/2022,WDG,OK,ASW,CE,Federal Contract Tower,0,2,9,0,11,0,0,23,0,23,0,2,32,0,34,0,0,0,34
12/28/2022,WDG,OK,ASW,CE,Federal Contract Tower,0,5,4,0,9,0,0,7,0,7,0,5,11,0,16,0,0,0,16
12/29/2022,WDG,OK,ASW,CE,Federal Contract Tower,0,2,10,0,12,0,0,14,4,18,0,2,24,4,30,27,10,37,67
12/30/2022,WDG,OK,ASW,CE,Federal Contract Tower,0,2,7,0,9,0,0,36,0,36,0,2,43,0,45,59,0,59,104
12/31/2022,WDG,OK,ASW,CE,Federal Contract Tower,0,2,5,0,7,0,0,21,0,21,0,2,26,0,28,18,0,18,46
01/01/2023,WDG,OK,ASW,CE,Federal Contract Tower,0,0,6,0,6,0,0,7,0,7,0,0,13,0,13,16,0,16,29
01/02/2023,WDG,OK,ASW,CE,Federal Contract Tower,0,0,2,0,2,0,0,0,0,0,0,0,2,0,2,0,0,0,2
01/03/2023,WDG,OK,ASW,CE,Federal Contract Tower,0,2,11,56,69,0,0,17,20,37,0,2,28,76,106,6,28,34,140
01/04/2023,WDG,OK,ASW,CE,Federal Contract Tower,0,2,4,78,84,0,0,26,28,54,0,2,30,106,138,10,60,70,208
01/05/2023,WDG,OK,ASW,CE,Federal Contract Tower,0,2,6,82,90,0,0,24,43,67,0,2,30,125,157,26,64,90,247
01/06/2023,WDG,OK,ASW,CE,Federal Contract Tower,0,2,3,45,50,0,0,9,11,20,0,2,12,56,70,2,62,64,134
01/07/2023,WDG,OK,ASW,CE,Federal Contract Tower,0,2,6,22,30,0,0,25,13,38,0,2,31,35,68,46,30,76,144
01/08/2023,WDG,OK,ASW,CE,Federal Contract Tower,0,0,6,20,26,0,0,22,12,34,0,0,28,32,60,12,64,76,136
01/09/2023,WDG,OK,ASW,CE,Federal Contract Tower,0,2,7,44,53,0,0,13,25,38,0,2,20,69,91,8,31,39,130
01/10/2023,WDG,OK,ASW,CE,Federal Contract Tower,0,2,6,45,53,0,0,28,25,53,0,2,34,70,106,50,94,144,250
01/11/2023,WDG,OK,ASW,CE,Federal Contract Tower,0,0,7,51,58,0,0,18,45,63,0,0,25,96,121,20,74,94,215
01/12/2023,WDG,OK,ASW,CE,Federal Contract Tower,0,2,4,52,58,0,0,22,28,50,0,2,26,80,108,12,132,144,252
01/13/2023,WDG,OK,ASW,CE,Federal Contract Tower,0,2,14,49,65,0,0,27,35,62,0,2,41,84,127,18,39,57,184
01/14/2023,WDG,OK,ASW,CE,Federal Contract Tower,0,2,6,0,8,0,0,14,0,14,0,2,20,0,22,18,0,18,40
01/15/2023,WDG,OK,ASW,CE,Federal Contract Tower,0,0,7,0,7,0,0,17,4,21,0,0,24,4,28,0,10,10,38
01/16/2023,WDG,OK,ASW,CE,Federal Contract Tower,0,2,7,1,10,0,0,38,2,40,0,2,45,3,50,38,6,44,94
01/17/2023,WDG,OK,ASW,CE,Federal Contract Tower,0,2,8,56,66,0,0,16,31,47,0,2,24,87,113,0,86,86,199
01/18/2023,WDG,OK,ASW,CE,Federal Contract Tower,0,2,4,56,62,0,0,4,29,33,0,2,8,85,95,0,46,46,141
01/19/2023,WDG,OK,ASW,CE,Federal Contract Tower,0,2,7,67,76,0,0,20,26,46,0,2,27,93,122,16,66,82,204
01/20/2023,WDG,OK,ASW,CE,Federal Contract Tower,0,4,5,32,41,0,0,23,23,46,0,4,28,55,87,6,30,36,123
01/21/2023,WDG,OK,ASW,CE,Federal Contract Tower,0,4,1,7,12,0,0,2,3,5,0,4,3,10,17,0,30,30,47
01/22/2023,WDG,OK,ASW,CE,Federal Contract Tower,0,0,6,25,31,0,0,14,6,20,0,0,20,31,51,83,6,89,140
01/23/2023,WDG,OK,ASW,CE,Federal Contract Tower,0,2,4,69,75,0,0,31,38,69,0,2,35,107,144,63,88,151,295
01/24/2023,WDG,OK,ASW,CE,Federal Contract Tower,0,0,3,0,3,0,0,0,0,0,0,0,3,0,3,0,0,0,3
01/25/2023,WDG,OK,ASW,CE,Federal Contract Tower,0,2,6,66,74,0,0,4,15,19,0,2,10,81,93,12,20,32,125
01/26/2023,WDG,OK,ASW,CE,Federal Contract Tower,0,4,1,56,61,0,0,24,37,61,0,4,25,93,122,16,76,92,214
01/27/2023,WDG,OK,ASW,CE,Federal Contract Tower,0,4,8,55,67,0,0,23,38,61,0,4,31,93,128,12,40,52,180
01/28/2023,WDG,OK,ASW,CE,Federal Contract Tower,0,2,8,4,14,0,0,31,8,39,0,2,39,12,53,12,8,20,73
01/29/2023,WDG,OK,ASW,CE,Federal Contract Tower,0,0,4,2,6,0,0,0,0,0,0,0,4,2,6,0,0,0,6
01/30/2023,WDG,OK,ASW,CE,Federal Contract Tower,0,2,4,22,28,0,0,6,14,20,0,2,10,36,48,6,30,36,84
01/31/2023,WDG,OK,ASW,CE,Federal Contract Tower,0,3,2,51,56,0,0,2,26,28,0,3,4,77,84,0,54,54,138
02/01/2023,WDG,OK,ASW,CE,Federal Contract Tower,0,1,5,48,54,0,0,10,26,36,0,1,15,74,90,10,62,72,162
02/02/2023,WDG,OK,ASW,CE,Federal Contract Tower,0,2,9,75,86,0,0,13,27,40,0,2,22,102,126,0,30,30,156
02/03/2023,WDG,OK,ASW,CE,Federal Contract Tower,0,2,9,47,58,0,0,50,34,84,0,2,59,81,142,24,64,88,230
02/04/2023,WDG,OK,ASW,CE,Federal Contract Tower,0,2,3,1,6,0,0,10,6,16,0,2,13,7,22,4,14,18,40
02/05/2023,WDG,OK,ASW,CE,Federal Contract Tower,0,0,6,12,18,0,0,19,9,28,0,0,25,21,46,24,14,38,84
02/06/2023,WDG,OK,ASW,CE,Federal Contract Tower,0,2,9,40,51,0,0,15,36,51,0,2,24,76,102,0,60,60,162
02/07/2023,WDG,OK,ASW,CE,Federal Contract Tower,0,0,4,42,46,0,0,12,29,41,0,0,16,71,87,8,64,72,159
02/08/2023,WDG,OK,ASW,CE,Federal Contract Tower,0,0,2,50,52,0,0,0,12,12,0,0,2,62,64,0,34,34,98
02/09/2023,WDG,OK,ASW,CE,Federal Contract Tower,0,2,2,54,58,0,0,14,40,54,0,2,16,94,112,38,98,136,248
02/10/2023,WDG,OK,ASW,CE,Federal Contract Tower,0,2,7,76,85,0,0,24,39,63,0,2,31,115,148,22,56,78,226
02/11/2023,WDG,OK,ASW,CE,Federal Contract Tower,0,2,5,2,9,0,0,66,13,79,0,2,71,15,88,14,48,62,150
02/12/2023,WDG,OK,ASW,CE,Federal Contract Tower,0,0,3,10,13,0,0,8,8,16,0,0,11,18,29,6,42,48,77
02/13/2023,WDG,OK,ASW,CE,Federal Contract Tower,0,2,5,56,63,0,0,42,16,58,0,2,47,72,121,8,28,36,157
02/14/2023,WDG,OK,ASW,CE,Federal Contract Tower,0,0,1,5,6,0,0,5,1,6,0,0,6,6,12,0,14,14,26
02/15/2023,WDG,OK,ASW,CE,Federal Contract Tower,0,0,3,95,98,0,0,24,47,71,0,0,27,142,169,4,144,148,317
02/16/2023,WDG,OK,ASW,CE,Federal Contract Tower,0,2,3,98,103,0,0,5,42,47,0,2,8,140,150,0,82,82,232
02/17/2023,WDG,OK,ASW,CE,Federal Contract Tower,0,4,3,49,56,0,0,42,26,68,0,4,45,75,124,32,88,120,244
02/18/2023,WDG,OK,ASW,CE,Federal Contract Tower,0,3,9,0,12,0,0,6,0,6,0,3,15,0,18,2,0,2,20
02/19/2023,WDG,OK,ASW,CE,Federal Contract Tower,0,0,7,0,7,0,0,36,0,36,0,0,43,0,43,44,0,44,87
02/20/2023,WDG,OK,ASW,CE,Federal Contract Tower,0,0,4,0,4,0,0,28,0,28,0,0,32,0,32,20,0,20,52
02/21/2023,WDG,OK,ASW,CE,Federal Contract Tower,0,2,12,67,81,0,0,20,31,51,0,2,32,98,132,24,40,64,196
02/22/2023,WDG,OK,ASW,CE,Federal Contract Tower,0,0,4,57,61,0,0,8,35,43,0,0,12,92,104,0,64,64,168
02/23/2023,WDG,OK,ASW,CE,Federal Contract Tower,0,2,5,87,94,0,0,21,38,59,0,2,26,125,153,2,158,160,313
02/24/2023,WDG,OK,ASW,CE,Federal Contract Tower,0,2,4,5,11,0,0,4,5,9,0,2,8,10,20,4,48,52,72
02/25/2023,WDG,OK,ASW,CE,Federal Contract Tower,0,0,10,7,17,0,0,3,0,3,0,0,13,7,20,0,6,6,26
02/26/2023,WDG,OK,ASW,CE,Federal Contract Tower,0,0,13,4,17,0,0,0,0,0,0,0,13,4,17,0,0,0,17
02/27/2023,WDG,OK,ASW,CE,Federal Contract Tower,0,2,5,96,103,0,0,15,46,61,0,2,20,142,164,12,111,123,287
02/28/2023,WDG,OK,ASW,CE,Federal Contract Tower,0,0,2,72,74,0,0,25,35,60,0,0,27,107,134,0,148,148,282
03/01/2023,WDG,OK,ASW,CE,Federal Contract Tower,0,1,2,75,78,0,1,20,36,57,0,2,22,111,135,2,130,132,267
03/02/2023,WDG,OK,ASW,CE,Federal Contract Tower,0,4,3,54,61,0,0,2,6,8,0,4,5,60,69,0,54,54,123
03/03/2023,WDG,OK,ASW,CE,Federal Contract Tower,0,3,8,53,64,0,0,19,35,54,0,3,27,88,118,2,78,80,198
03/04/2023,WDG,OK,ASW,CE,Federal Contract Tower,0,3,4,3,10,0,1,26,14,41,0,4,30,17,51,32,4,36,87
03/05/2023,WDG,OK,ASW,CE,Federal Contract Tower,0,0,5,7,12,0,0,4,10,14,0,0,9,17,26,0,20,20,46
03/06/2023,WDG,OK,ASW,CE,Federal Contract Tower,0,3,9,75,87,0,1,9,47,57,0,4,18,122,144,0,68,68,212
03/07/2023,WDG,OK,ASW,CE,Federal Contract Tower,0,4,4,109,117,0,0,4,2,6,0,4,8,111,123,0,38,38,161
03/08/2023,WDG,OK,ASW,CE,Federal Contract Tower,0,2,8,106,116,0,0,0,1,1,0,2,8,107,117,0,32,32,149
03/09/2023,WDG,OK,ASW,CE,Federal Contract Tower,0,2,7,30,39,0,0,4,11,15,0,2,11,41,54,18,10,28,82
03/10/2023,WDG,OK,ASW,CE,Federal Contract Tower,0,5,8,55,68,0,0,20,18,38,0,5,28,73,106,20,156,176,282
03/11/2023,WDG,OK,ASW,CE,Federal Contract Tower,0,3,3,10,16,0,0,8,11,19,0,3,11,21,35,12,16,28,63
03/12/2023,WDG,OK,ASW,CE,Federal Contract Tower,0,0,16,7,23,0,0,9,3,12,0,0,25,10,35,40,4,44,79
03/13/2023,WDG,OK,ASW,CE,Federal Contract Tower,0,2,8,95,105,0,0,22,49,71,0,2,30,144,176,0,142,142,318
03/14/2023,WDG,OK,ASW,CE,Federal Contract Tower,0,2,13,73,88,0,0,13,37,50,0,2,26,110,138,12,134,146,284
03/15/2023,WDG,OK,ASW,CE,Federal Contract Tower,0,4,7,42,53,0,0,7,24,31,0,4,14,66,84,0,44,44,128
03/16/2023,WDG,OK,ASW,CE,Federal Contract Tower,0,0,7,12,19,0,0,0,2,2,0,0,7,14,21,0,6,6,27
03/17/2023,WDG,OK,ASW,CE,Federal Contract Tower,0,2,7,44,53,0,0,14,31,45,0,2,21,75,98,4,70,74,172
03/18/2023,WDG,OK,ASW,CE,Federal Contract Tower,0,2,6,3,11,0,0,37,5,42,0,2,43,8,53,0,0,0,53
03/19/2023,WDG,OK,ASW,CE,Federal Contract Tower,0,0,18,8,26,0,0,27,4,31,0,0,45,12,57,52,10,62,119
03/20/2023,WDG,OK,ASW,CE,Federal Contract Tower,0,2,4,34,40,0,0,5,21,26,0,2,9,55,66,0,60,60,126
03/21/2023,WDG,OK,ASW,CE,Federal Contract Tower,0,2,5,25,32,0,0,5,13,18,0,2,10,38,50,0,50,50,100
03/22/2023,WDG,OK,ASW,CE,Federal Contract Tower,0,4,2,44,50,0,0,24,38,62,0,4,26,82,112,36,78,114,226
03/23/2023,WDG,OK,ASW,CE,Federal Contract Tower,0,2,6,74,82,0,0,17,32,49,0,2,23,106,131,90,70,160,291
03/24/2023,WDG,OK,ASW,CE,Federal Contract Tower,0,2,12,48,62,0,0,5,4,9,0,2,17,52,71,22,10,32,103
03/25/2023,WDG,OK,ASW,CE,Federal Contract Tower,0,0,6,3,9,0,0,44,2,46,0,0,50,5,55,58,10,68,123
03/26/2023,WDG,OK,ASW,CE,Federal Contract Tower,0,0,9,7,16,0,0,24,7,31,0,0,33,14,47,34,18,52,99
03/27/2023,WDG,OK,ASW,CE,Federal Contract Tower,0,4,2,44,50,0,0,13,30,43,0,4,15,74,93,46,68,114,207
03/28/2023,WDG,OK,ASW,CE,Federal Contract Tower,0,2,7,56,65,0,0,21,24,45,0,2,28,80,110,39,50,89,199
03/29/2023,WDG,OK,ASW,CE,Federal Contract Tower,0,2,13,52,67,0,0,38,28,66,0,2,51,80,133,46,76,122,255
03/30/2023,WDG,OK,ASW,CE,Federal Contract Tower,0,2,5,18,25,0,0,2,11,13,0,2,7,29,38,0,32,32,70
03/31/2023,WDG,OK,ASW,CE,Federal Contract Tower,0,0,2,0,2,0,0,0,2,2,0,0,2,2,4,2,0,2,6
04/01/2023,WDG,OK,ASW,CE,Federal Contract Tower,0,4,6,2,12,0,0,60,4,64,0,4,66,6,76,70,2,72,148
04/02/2023,WDG,OK,ASW,CE,Federal Contract Tower,0,1,4,7,12,0,0,7,11,18,0,1,11,18,30,0,4,4,34
04/03/2023,WDG,OK,ASW,CE,Federal Contract Tower,0,2,1,37,40,0,0,22,19,41,0,2,23,56,81,20,54,74,155
04/04/2023,WDG,OK,ASW,CE,Federal Contract Tower,0,0,6,23,29,0,0,8,11,19,0,0,14,34,48,0,38,38,86
04/05/2023,WDG,OK,ASW,CE,Federal Contract Tower,0,2,6,45,53,0,0,25,27,52,0,2,31,72,105,48,58,106,211
04/06/2023,WDG,OK,ASW,CE,Federal Contract Tower,0,2,4,54,60,0,0,23,28,51,0,2,27,82,111,32,106,138,249
04/07/2023,WDG,OK,ASW,CE,Federal Contract Tower,0,2,11,44,57,0,2,24,27,53,0,4,35,71,110,18,52,70,180
04/08/2023,WDG,OK,ASW,CE,Federal Contract Tower,0,2,4,0,6,0,0,24,0,24,0,2,28,0,30,22,0,22,52
04/09/2023,WDG,OK,ASW,CE,Federal Contract Tower,0,0,5,13,18,0,0,19,2,21,0,0,24,15,39,14,8,22,61
04/10/2023,WDG,OK,ASW,CE,Federal Contract Tower,0,2,9,35,46,0,0,13,35,48,0,2,22,70,94,0,82,82,176
04/11/2023,WDG,OK,ASW,CE,Federal Contract Tower,0,2,6,43,51,0,0,18,23,41,0,2,24,66,92,42,40,82,174
04/12/2023,WDG,OK,ASW,CE,Federal Contract Tower,0,3,1,34,38,0,0,16,23,39,0,3,17,57,77,22,54,76,153
04/13/2023,WDG,OK,ASW,CE,Federal Contract Tower,0,0,8,24,32,0,0,17,18,35,0,0,25,42,67,52,96,148,215
04/14/2023,WDG,OK,ASW,CE,Federal Contract Tower,0,2,9,30,41,0,0,8,14,22,0,2,17,44,63,22,32,54,117
04/15/2023,WDG,OK,ASW,CE,Federal Contract Tower,0,2,8,5,15,0,0,9,4,13,0,2,17,9,28,6,0,6,34
04/16/2023,WDG,OK,ASW,CE,Federal Contract Tower,0,0,9,9,18,0,0,19,15,34,0,0,28,24,52,32,4,36,88
04/17/2023,WDG,OK,ASW,CE,Federal Contract Tower,0,2,2,49,53,0,0,20,36,56,0,2,22,85,109,28,66,94,203
04/18/2023,WDG,OK,ASW,CE,Federal Contract Tower,0,2,2,32,36,0,0,3,24,27,0,2,5,56,63,0,68,68,131
04/19/2023,WDG,OK,ASW,CE,Federal Contract Tower,0,2,6,41,49,0,0,5,17,22,0,2,11,58,71,0,42,42,113
04/20/2023,WDG,OK,ASW,CE,Federal Contract Tower,0,2,2,69,73,0,0,18,33,51,0,2,20,102,124,0,22,22,146
04/21/2023,WDG,OK,ASW,CE,Federal Contract Tower,0,2,7,52,61,0,0,23,25,48,0,2,30,77,109,24,58,82,191
04/22/2023,WDG,OK,ASW,CE,Federal Contract Tower,0,2,6,8,16,0,0,15,7,22,0,2,21,15,38,30,34,64,102
04/23/2023,WDG,OK,ASW,CE,Federal Contract Tower,0,0,7,11,18,0,0,26,9,35,0,0,33,20,53,30,30,60,113
04/24/2023,WDG,OK,ASW,CE,Federal Contract Tower,0,2,3,31,36,0,0,17,14,31,0,2,20,45,67,16,8,24,91
04/25/2023,WDG,OK,ASW,CE,Federal Contract Tower,0,2,3,1,6,0,0,0,0,0,0,2,3,1,6,0,0,0,6
04/26/2023,WDG,OK,ASW,CE,Federal Contract Tower,0,2,2,0,4,0,0,0,0,0,0,2,2,0,4,0,0,0,4
04/27/2023,WDG,OK,ASW,CE,Federal Contract Tower,0,2,7,46,55,0,0,13,9,22,0,2,20,55,77,12,10,22,99
04/28/2023,WDG,OK,ASW,CE,Federal Contract Tower,0,2,16,32,50,0,0,7,0,7,0,2,23,32,57,0,0,0,57
04/29/2023,WDG,OK,ASW,CE,Federal Contract Tower,0,1,7,4,12,0,1,41,6,48,0,2,48,10,60,44,14,58,118
04/30/2023,WDG,OK,ASW,CE,Federal Contract Tower,0,0,3,17,20,0,0,39,14,53,0,0,42,31,73,46,8,54,127
05/01/2023,WDG,OK,ASW,CE,Federal Contract Tower,0,3,9,68,80,0,0,40,29,69,0,3,49,97,149,32,46,78,227
05/02/2023,WDG,OK,ASW,CE,Federal Contract Tower,0,3,2,61,66,0,0,24,36,60,0,3,26,97,126,38,38,76,202
05/04/2023,WDG,OK,ASW,CE,Federal Contract Tower,0,2,6,38,46,0,0,7,1,8,0,2,13,39,54,6,0,6,60
05/05/2023,WDG,OK,ASW,CE,Federal Contract Tower,0,2,4,25,31,0,0,14,4,18,0,2,18,29,49,20,8,28,77
05/06/2023,WDG,OK,ASW,CE,Federal Contract Tower,0,2,3,2,7,0,0,27,3,30,0,2,30,5,37,36,12,48,85
05/07/2023,WDG,OK,ASW,CE,Federal Contract Tower,0,0,7,5,12,0,0,17,5,22,0,0,24,10,34,8,10,18,52
05/08/2023,WDG,OK,ASW,CE,Federal Contract Tower,0,2,8,60,70,0,0,37,28,65,0,2,45,88,135,22,32,54,189
05/09/2023,WDG,OK,ASW,CE,Federal Contract Tower,0,2,9,50,61,0,0,17,17,34,0,2,26,67,95,16,34,50,145
05/10/2023,WDG,OK,ASW,CE,Federal Contract Tower,0,2,9,54,65,0,0,21,17,38,0,2,30,71,103,0,12,12,115
05/11/2023,WDG,OK,ASW,CE,Federal Contract Tower,0,2,6,43,51,0,0,2,5,7,0,2,8,48,58,6,26,32,90
05/12/2023,WDG,OK,ASW,CE,Federal Contract Tower,0,2,13,29,44,0,0,8,17,25,0,2,21,46,69,16,26,42,111
05/13/2023,WDG,OK,ASW,CE,Federal Contract Tower,0,2,8,0,10,0,0,27,0,27,0,2,35,0,37,40,0,40,77
05/14/2023,WDG,OK,ASW,CE,Federal Contract Tower,0,0,3,6,9,0,0,1,0,1,0,0,4,6,10,0,0,0,10
05/15/2023,WDG,OK,ASW,CE,Federal Contract Tower,0,2,14,72,88,0,0,0,0,0,0,2,14,72,88,0,4,4,92
05/16/2023,WDG,OK,ASW,CE,Federal Contract Tower,0,2,13,80,95,0,0,16,20,36,0,2,29,100,131,40,40,80,211
05/17/2023,WDG,OK,ASW,CE,Federal Contract Tower,0,2,13,56,71,0,0,41,23,64,0,2,54,79,135,44,10,54,189
05/18/2023,WDG,OK,ASW,CE,Federal Contract Tower,0,3,2,41,46,0,0,17,25,42,0,3,19,66,88,34,25,59,147
05/19/2023,WDG,OK,ASW,CE,Federal Contract Tower,0,2,11,15,28,0,0,1,0,1,0,2,12,15,29,0,0,0,29
05/20/2023,WDG,OK,ASW,CE,Federal Contract Tower,0,2,6,5,13,0,0,41,0,41,0,2,47,5,54,50,0,50,104
05/21/2023,WDG,OK,ASW,CE,Federal Contract Tower,0,0,8,21,29,0,0,22,14,36,0,0,30,35,65,44,6,50,115
05/22/2023,WDG,OK,ASW,CE,Federal Contract Tower,0,2,11,53,66,0,0,25,25,50,0,2,36,78,116,66,48,114,230
05/23/2023,WDG,OK,ASW,CE,Federal Contract Tower,0,2,1,28,31,0,0,7,18,25,0,2,8,46,56,0,44,44,100
05/24/2023,WDG,OK,ASW,CE,Federal Contract Tower,0,2,7,61,70,0,0,27,50,77,0,2,34,111,147,51,149,200,347
05/25/2023,WDG,OK,ASW,CE,Federal Contract Tower,0,2,8,48,58,0,0,13,16,29,0,2,21,64,87,2,38,40,127
05/26/2023,WDG,OK,ASW,CE,Federal Contract Tower,0,1,9,0,10,0,1,10,0,11,0,2,19,0,21,0,0,0,21
05/27/2023,WDG,OK,ASW,CE,Federal Contract Tower,0,2,6,0,8,0,0,25,0,25,0,2,31,0,33,10,0,10,43
05/28/2023,WDG,OK,ASW,CE,Federal Contract Tower,0,0,2,1,3,0,0,8,0,8,0,0,10,1,11,16,0,16,27
05/29/2023,WDG,OK,ASW,CE,Federal Contract Tower,0,0,8,0,8,0,0,21,0,21,0,0,29,0,29,30,0,30,59
05/30/2023,WDG,OK,ASW,CE,Federal Contract Tower,0,2,9,49,60,0,0,29,26,55,0,2,38,75,115,21,80,101,216
05/31/2023,WDG,OK,ASW,CE,Federal Contract Tower,0,2,7,28,37,0,0,9,19,28,0,2,16,47,65,18,50,68,133
06/01/2023,WDG,OK,ASW,CE,Federal Contract Tower,0,0,4,26,30,0,0,6,17,23,0,0,10,43,53,38,8,46,99
06/02/2023,WDG,OK,ASW,CE,Federal Contract Tower,0,0,1,25,26,0,0,14,18,32,0,0,15,43,58,4,48,52,110
06/03/2023,WDG,OK,ASW,CE,Federal Contract Tower,0,4,5,5,14,0,0,15,2,17,0,4,20,7,31,20,0,20,51
06/04/2023,WDG,OK,ASW,CE,Federal Contract Tower,0,0,6,21,27,0,0,7,9,16,0,0,13,30,43,0,16,16,59
06/05/2023,WDG,OK,ASW,CE,Federal Contract Tower,0,2,4,43,49,0,0,12,24,36,0,2,16,67,85,28,22,50,135
06/06/2023,WDG,OK,ASW,CE,Federal Contract Tower,0,2,12,27,41,0,0,17,16,33,0,2,29,43,74,52,34,86,160
06/07/2023,WDG,OK,ASW,CE,Federal Contract Tower,0,2,7,29,38,0,0,26,9,35,0,2,33,38,73,20,6,26,99
06/08/2023,WDG,OK,ASW,CE,Federal Contract Tower,0,2,8,50,60,0,0,29,20,49,0,2,37,70,109,22,14,36,145
06/09/2023,WDG,OK,ASW,CE,Federal Contract Tower,0,2,3,42,47,0,0,36,30,66,0,2,39,72,113,26,112,138,251
06/10/2023,WDG,OK,ASW,CE,Federal Contract Tower,0,2,5,5,12,0,0,10,8,18,0,2,15,13,30,30,39,69,99
06/11/2023,WDG,OK,ASW,CE,Federal Contract Tower,0,0,6,24,30,0,0,45,20,65,0,0,51,44,95,52,26,78,173
06/12/2023,WDG,OK,ASW,CE,Federal Contract Tower,0,1,7,44,52,0,1,4,12,17,0,2,11,56,69,16,86,102,171
06/13/2023,WDG,OK,ASW,CE,Federal Contract Tower,0,2,4,52,58,0,0,21,26,47,0,2,25,78,105,14,86,100,205
06/14/2023,WDG,OK,ASW,CE,Federal Contract Tower,0,2,10,81,93,0,0,24,48,72,0,2,34,129,165,26,84,110,275
06/15/2023,WDG,OK,ASW,CE,Federal Contract Tower,0,0,7,40,47,0,0,36,22,58,0,0,43,62,105,58,76,134,239
06/16/2023,WDG,OK,ASW,CE,Federal Contract Tower,0,3,4,64,71,0,0,47,44,91,0,3,51,108,162,20,72,92,254
06/17/2023,WDG,OK,ASW,CE,Federal Contract Tower,0,1,3,0,4,0,2,62,2,66,0,3,65,2,70,50,24,74,144
06/18/2023,WDG,OK,ASW,CE,Federal Contract Tower,0,0,7,0,7,0,0,17,2,19,0,0,24,2,26,16,16,32,58
06/19/2023,WDG,OK,ASW,CE,Federal Contract Tower,0,2,9,0,11,0,0,18,0,18,0,2,27,0,29,22,0,22,51
06/20/2023,WDG,OK,ASW,CE,Federal Contract Tower,0,2,3,44,49,0,0,14,38,52,0,2,17,82,101,0,100,100,201
06/21/2023,WDG,OK,ASW,CE,Federal Contract Tower,0,2,8,33,43,0,0,14,18,32,0,2,22,51,75,24,42,66,141
06/22/2023,WDG,OK,ASW,CE,Federal Contract Tower,0,2,5,58,65,0,0,36,36,72,0,2,41,94,137,30,104,134,271
06/23/2023,WDG,OK,ASW,CE,Federal Contract Tower,0,2,3,33,38,0,0,18,21,39,0,2,21,54,77,6,72,78,155
06/24/2023,WDG,OK,ASW,CE,Federal Contract Tower,0,2,6,1,9,0,0,25,6,31,0,2,31,7,40,36,16,52,92
06/25/2023,WDG,OK,ASW,CE,Federal Contract Tower,0,0,3,12,15,0,0,23,10,33,0,0,26,22,48,18,8,26,74
06/26/2023,WDG,OK,ASW,CE,Federal Contract Tower,0,2,6,52,60,0,0,26,28,54,0,2,32,80,114,28,60,88,202
06/27/2023,WDG,OK,ASW,CE,Federal Contract Tower,0,2,12,39,53,0,0,24,26,50,0,2,36,65,103,36,66,102,205
06/28/2023,WDG,OK,ASW,CE,Federal Contract Tower,0,2,7,44,53,0,0,24,32,56,0,2,31,76,109,4,88,92,201
06/29/2023,WDG,OK,ASW,CE,Federal Contract Tower,0,2,2,41,45,0,0,16,21,37,0,2,18,62,82,22,56,78,160
06/30/2023,WDG,OK,ASW,CE,Federal Contract Tower,0,2,13,46,61,0,0,15,15,30,0,2,28,61,91,26,38,64,155
07/01/2023,WDG,OK,ASW,CE,Federal Contract Tower,0,4,4,0,8,0,0,19,0,19,0,4,23,0,27,6,0,6,33
07/02/2023,WDG,OK,ASW,CE,Federal Contract Tower,0,0,7,0,7,0,0,24,0,24,0,0,31,0,31,24,0,24,55
07/03/2023,WDG,OK,ASW,CE,Federal Contract Tower,0,2,0,2,4,0,0,18,1,19,0,2,18,3,23,34,6,40,63
07/04/2023,WDG,OK,ASW,CE,Federal Contract Tower,0,0,0,0,0,0,0,14,3,17,0,0,14,3,17,26,0,26,43
07/05/2023,WDG,OK,ASW,CE,Federal Contract Tower,0,2,5,63,70,0,0,12,30,42,0,2,17,93,112,0,26,26,138
07/06/2023,WDG,OK,ASW,CE,Federal Contract Tower,0,2,16,66,84,0,0,9,18,27,0,2,25,84,111,18,32,50,161
07/07/2023,WDG,OK,ASW,CE,Federal Contract Tower,0,3,5,11,19,0,0,17,3,20,0,3,22,14,39,0,20,20,59
07/08/2023,WDG,OK,ASW,CE,Federal Contract Tower,0,2,12,0,14,0,0,22,10,32,0,2,34,10,46,20,16,36,82
07/09/2023,WDG,OK,ASW,CE,Federal Contract Tower,0,0,1,38,39,0,0,22,17,39,0,0,23,55,78,24,2,26,104
07/10/2023,WDG,OK,ASW,CE,Federal Contract Tower,0,2,3,77,82,0,0,25,46,71,0,2,28,123,153,10,106,116,269
07/11/2023,WDG,OK,ASW,CE,Federal Contract Tower,0,2,6,29,37,0,0,12,19,31,0,2,18,48,68,2,20,22,90
07/12/2023,WDG,OK,ASW,CE,Federal Contract Tower,0,2,2,64,68,0,0,18,34,52,0,2,20,98,120,10,66,76,196
07/13/2023,WDG,OK,ASW,CE,Federal Contract Tower,0,2,6,55,63,0,0,16,36,52,0,2,22,91,115,0,54,54,169
07/14/2023,WDG,OK,ASW,CE,Federal Contract Tower,0,2,12,39,53,0,0,10,19,29,0,2,22,58,82,20,38,58,140
07/15/2023,WDG,OK,ASW,CE,Federal Contract Tower,0,2,2,4,8,0,0,46,2,48,0,2,48,6,56,60,14,74,130
07/16/2023,WDG,OK,ASW,CE,Federal Contract Tower,0,0,20,28,48,0,0,23,13,36,0,0,43,41,84,14,0,14,98
07/17/2023,WDG,OK,ASW,CE,Federal Contract Tower,0,2,4,35,41,0,0,16,13,29,0,2,20,48,70,12,2,14,84
07/18/2023,WDG,OK,ASW,CE,Federal Contract Tower,0,2,3,26,31,0,0,13,19,32,0,2,16,45,63,22,18,40,103
07/19/2023,WDG,OK,ASW,CE,Federal Contract Tower,0,2,9,36,47,0,0,26,20,46,0,2,35,56,93,10,52,62,155
07/20/2023,WDG,OK,ASW,CE,Federal Contract Tower,0,2,9,93,104,0,0,25,37,62,0,2,34,130,166,6,64,70,236
07/21/2023,WDG,OK,ASW,CE,Federal Contract Tower,0,2,6,10,18,0,0,24,1,25,0,2,30,11,43,6,0,6,49
07/22/2023,WDG,OK,ASW,CE,Federal Contract Tower,0,2,2,0,4,0,0,42,0,42,0,2,44,0,46,16,0,16,62
07/23/2023,WDG,OK,ASW,CE,Federal Contract Tower,0,0,5,1,6,0,0,35,1,36,0,0,40,2,42,28,0,28,70
07/24/2023,WDG,OK,ASW,CE,Federal Contract Tower,0,2,4,33,39,0,0,19,18,37,0,2,23,51,76,30,2,32,108
07/25/2023,WDG,OK,ASW,CE,Federal Contract Tower,0,2,4,28,34,0,0,15,4,19,0,2,19,32,53,6,6,12,65
07/26/2023,WDG,OK,ASW,CE,Federal Contract Tower,0,2,7,28,37,0,0,18,9,27,0,2,25,37,64,0,10,10,74
07/27/2023,WDG,OK,ASW,CE,Federal Contract Tower,0,2,4,39,45,0,0,35,13,48,0,2,39,52,93,22,6,28,121
07/28/2023,WDG,OK,ASW,CE,Federal Contract Tower,0,2,8,60,70,0,0,24,26,50,0,2,32,86,120,10,52,62,182
07/29/2023,WDG,OK,ASW,CE,Federal Contract Tower,0,2,5,4,11,0,0,20,6,26,0,2,25,10,37,16,34,50,87
07/30/2023,WDG,OK,ASW,CE,Federal Contract Tower,0,0,5,14,19,0,0,26,14,40,0,0,31,28,59,30,30,60,119
07/31/2023,WDG,OK,ASW,CE,Federal Contract Tower,0,2,1,52,55,0,0,27,27,54,0,2,28,79,109,14,20,34,143
08/01/2023,WDG,OK,ASW,CE,Federal Contract Tower,0,4,4,55,63,0,0,18,31,49,0,4,22,86,112,12,36,48,160
08/02/2023,WDG,OK,ASW,CE,Federal Contract Tower,0,2,5,51,58,0,0,18,23,41,0,2,23,74,99,14,20,34,133
08/03/2023,WDG,OK,ASW,CE,Federal Contract Tower,0,2,9,52,63,0,0,20,33,53,0,2,29,85,116,0,48,48,164
08/04/2023,WDG,OK,ASW,CE,Federal Contract Tower,0,2,8,77,87,0,0,19,35,54,0,2,27,112,141,26,49,75,216
08/05/2023,WDG,OK,ASW,CE,Federal Contract Tower,0,2,1,0,3,0,0,1,0,1,0,2,2,0,4,0,0,0,4
08/06/2023,WDG,OK,ASW,CE,Federal Contract Tower,0,0,8,17,25,0,0,13,13,26,0,0,21,30,51,4,10,14,65
08/07/2023,WDG,OK,ASW,CE,Federal Contract Tower,0,2,7,52,61,0,0,19,28,47,0,2,26,80,108,12,22,34,142
08/08/2023,WDG,OK,ASW,CE,Federal Contract Tower,0,2,3,68,73,0,0,17,28,45,0,2,20,96,118,32,36,68,186
08/09/2023,WDG,OK,ASW,CE,Federal Contract Tower,0,2,7,85,94,0,0,16,43,59,0,2,23,128,153,16,96,112,265
08/10/2023,WDG,OK,ASW,CE,Federal Contract Tower,0,4,6,49,59,0,0,38,31,69,0,4,44,80,128,39,40,79,207
08/11/2023,WDG,OK,ASW,CE,Federal Contract Tower,0,2,12,58,72,0,0,18,28,46,0,2,30,86,118,2,42,44,162
08/12/2023,WDG,OK,ASW,CE,Federal Contract Tower,0,4,6,0,10,0,0,18,0,18,0,4,24,0,28,36,0,36,64
08/13/2023,WDG,OK,ASW,CE,Federal Contract Tower,0,2,7,21,30,0,0,17,12,29,0,2,24,33,59,54,36,90,149
08/14/2023,WDG,OK,ASW,CE,Federal Contract Tower,0,2,3,56,61,0,0,14,35,49,0,2,17,91,110,27,65,92,202
08/15/2023,WDG,OK,ASW,CE,Federal Contract Tower,0,2,2,60,64,0,9,19,27,55,0,11,21,87,119,16,50,66,185
08/16/2023,WDG,OK,ASW,CE,Federal Contract Tower,0,2,12,51,65,0,0,28,24,52,0,2,40,75,117,32,46,78,195
08/17/2023,WDG,OK,ASW,CE,Federal Contract Tower,0,2,0,53,55,0,0,21,32,53,0,2,21,85,108,31,72,103,211
08/18/2023,WDG,OK,ASW,CE,Federal Contract Tower,0,2,4,39,45,0,0,28,13,41,0,2,32,52,86,14,22,36,122
08/19/2023,WDG,OK,ASW,CE,Federal Contract Tower,0,2,3,0,5,0,0,45,1,46,0,2,48,1,51,18,0,18,69
08/20/2023,WDG,OK,ASW,CE,Federal Contract Tower,0,2,3,17,22,0,0,20,9,29,0,2,23,26,51,28,16,44,95
08/21/2023,WDG,OK,ASW,CE,Federal Contract Tower,0,2,1,59,62,0,0,13,41,54,0,2,14,100,116,18,60,78,194
08/22/2023,WDG,OK,ASW,CE,Federal Contract Tower,0,2,4,47,53,0,0,18,34,52,0,2,22,81,105,10,46,56,161
08/23/2023,WDG,OK,ASW,CE,Federal Contract Tower,0,3,4,47,54,0,0,26,31,57,0,3,30,78,111,38,62,100,211
08/24/2023,WDG,OK,ASW,CE,Federal Contract Tower,0,2,8,41,51,0,0,17,26,43,0,2,25,67,94,0,27,27,121
08/25/2023,WDG,OK,ASW,CE,Federal Contract Tower,0,2,5,49,56,0,0,15,30,45,0,2,20,79,101,5,46,51,152
08/26/2023,WDG,OK,ASW,CE,Federal Contract Tower,0,2,7,2,11,0,0,16,1,17,0,2,23,3,28,0,0,0,28
08/27/2023,WDG,OK,ASW,CE,Federal Contract Tower,0,0,0,28,28,0,0,26,10,36,0,0,26,38,64,8,12,20,84
08/28/2023,WDG,OK,ASW,CE,Federal Contract Tower,0,2,3,78,83,0,0,15,43,58,0,2,18,121,141,0,54,54,195
08/29/2023,WDG,OK,ASW,CE,Federal Contract Tower,0,4,7,73,84,0,0,20,43,63,0,4,27,116,147,8,52,60,207
08/30/2023,WDG,OK,ASW,CE,Federal Contract Tower,0,4,7,90,101,0,0,28,37,65,0,4,35,127,166,36,44,80,246
08/31/2023,WDG,OK,ASW,CE,Federal Contract Tower,0,2,4,55,61,0,0,34,34,68,0,2,38,89,129,38,36,74,203
01/01/2020,WDG,OK,ASW,CE,Federal Contract Tower,0,0,3,0,3,0,0,6,0,6,0,0,9,0,9,0,0,0,9
01/02/2020,WDG,OK,ASW,CE,Federal Contract Tower,0,2,4,0,6,0,0,15,0,15,0,2,19,0,21,42,0,42,63
01/03/2020,WDG,OK,ASW,CE,Federal Contract Tower,0,2,4,20,26,0,0,11,13,24,0,2,15,33,50,4,35,39,89
01/04/2020,WDG,OK,ASW,CE,Federal Contract Tower,0,3,3,6,12,0,0,39,6,45,0,3,42,12,57,55,36,91,148
01/05/2020,WDG,OK,ASW,CE,Federal Contract Tower,0,1,2,6,9,0,0,12,12,24,0,1,14,18,33,46,20,66,99
01/06/2020,WDG,OK,ASW,CE,Federal Contract Tower,0,2,4,59,65,0,0,11,45,56,0,2,15,104,121,0,107,107,228
01/07/2020,WDG,OK,ASW,CE,Federal Contract Tower,0,2,7,38,47,0,0,20,36,56,0,2,27,74,103,15,76,91,194
01/08/2020,WDG,OK,ASW,CE,Federal Contract Tower,0,2,2,42,46,0,0,10,24,34,0,2,12,66,80,0,48,48,128
01/09/2020,WDG,OK,ASW,CE,Federal Contract Tower,0,2,8,43,53,0,0,5,33,38,0,2,13,76,91,0,68,68,159
01/10/2020,WDG,OK,ASW,CE,Federal Contract Tower,0,2,0,1,3,0,0,2,1,3,0,2,2,2,6,0,0,0,6
01/11/2020,WDG,OK,ASW,CE,Federal Contract Tower,0,3,1,0,4,0,0,11,2,13,0,3,12,2,17,12,0,12,29
01/12/2020,WDG,OK,ASW,CE,Federal Contract Tower,0,0,3,5,8,0,0,5,4,9,0,0,8,9,17,14,0,14,31
01/13/2020,WDG,OK,ASW,CE,Federal Contract Tower,0,2,8,27,37,0,0,3,5,8,0,2,11,32,45,0,34,34,79
01/14/2020,WDG,OK,ASW,CE,Federal Contract Tower,0,2,5,50,57,0,0,9,17,26,0,2,14,67,83,0,70,70,153
01/15/2020,WDG,OK,ASW,CE,Federal Contract Tower,0,2,15,57,74,0,0,9,11,20,0,2,24,68,94,4,32,36,130
01/16/2020,WDG,OK,ASW,CE,Federal Contract Tower,0,0,5,65,70,0,0,8,42,50,0,0,13,107,120,2,192,194,314
01/17/2020,WDG,OK,ASW,CE,Federal Contract Tower,0,0,4,8,12,0,0,0,0,0,0,0,4,8,12,0,0,0,12
01/18/2020,WDG,OK,ASW,CE,Federal Contract Tower,0,2,6,7,15,0,0,19,4,23,0,2,25,11,38,42,43,85,123
01/19/2020,WDG,OK,ASW,CE,Federal Contract Tower,0,0,3,11,14,0,0,34,4,38,0,0,37,15,52,30,64,94,146
01/20/2020,WDG,OK,ASW,CE,Federal Contract Tower,0,2,10,23,35,0,0,27,4,31,0,2,37,27,66,10,62,72,138
01/21/2020,WDG,OK,ASW,CE,Federal Contract Tower,0,2,4,25,31,0,1,10,34,45,0,3,14,59,76,8,80,88,164
01/22/2020,WDG,OK,ASW,CE,Federal Contract Tower,0,2,0,1,3,0,0,0,0,0,0,2,0,1,3,0,0,0,3
01/23/2020,WDG,OK,ASW,CE,Federal Contract Tower,0,3,11,55,69,0,0,3,29,32,0,3,14,84,101,32,90,122,223
01/24/2020,WDG,OK,ASW,CE,Federal Contract Tower,0,2,10,41,53,0,0,11,42,53,0,2,21,83,106,6,150,156,262
01/25/2020,WDG,OK,ASW,CE,Federal Contract Tower,0,2,6,17,25,0,0,23,15,38,0,2,29,32,63,10,14,24,87
01/26/2020,WDG,OK,ASW,CE,Federal Contract Tower,0,0,4,33,37,0,0,33,19,52,0,0,37,52,89,22,34,56,145
01/27/2020,WDG,OK,ASW,CE,Federal Contract Tower,0,2,7,39,48,0,0,19,41,60,0,2,26,80,108,0,114,114,222
01/28/2020,WDG,OK,ASW,CE,Federal Contract Tower,0,3,1,0,4,0,0,0,0,0,0,3,1,0,4,0,0,0,4
01/29/2020,WDG,OK,ASW,CE,Federal Contract Tower,0,2,2,90,94,0,1,1,0,2,0,3,3,90,96,20,18,38,134
01/30/2020,WDG,OK,ASW,CE,Federal Contract Tower,0,4,5,80,89,0,0,0,0,0,0,4,5,80,89,0,48,48,137
01/31/2020,WDG,OK,ASW,CE,Federal Contract Tower,0,2,4,41,47,0,0,30,37,67,0,2,34,78,114,10,88,98,212
02/01/2020,WDG,OK,ASW,CE,Federal Contract Tower,0,2,3,14,19,0,0,35,12,47,0,2,38,26,66,22,38,60,126
02/02/2020,WDG,OK,ASW,CE,Federal Contract Tower,0,0,5,12,17,0,0,39,6,45,0,0,44,18,62,40,6,46,108
02/03/2020,WDG,OK,ASW,CE,Federal Contract Tower,0,2,7,56,65,0,0,12,22,34,0,2,19,78,99,11,106,117,216
02/04/2020,WDG,OK,ASW,CE,Federal Contract Tower,0,2,2,0,4,0,0,0,0,0,0,2,2,0,4,0,0,0,4
02/05/2020,WDG,OK,ASW,CE,Federal Contract Tower,0,2,2,46,50,0,0,0,20,20,0,2,2,66,70,22,42,64,134
02/06/2020,WDG,OK,ASW,CE,Federal Contract Tower,0,2,3,36,41,0,0,12,30,42,0,2,15,66,83,2,80,82,165
02/07/2020,WDG,OK,ASW,CE,Federal Contract Tower,0,2,6,69,77,0,0,35,58,93,0,2,41,127,170,0,168,168,338
02/08/2020,WDG,OK,ASW,CE,Federal Contract Tower,0,2,4,16,22,0,0,38,8,46,0,2,42,24,68,68,12,80,148
02/09/2020,WDG,OK,ASW,CE,Federal Contract Tower,0,0,4,15,19,0,0,4,3,7,0,0,8,18,26,6,14,20,46
02/10/2020,WDG,OK,ASW,CE,Federal Contract Tower,0,2,5,83,90,0,0,8,39,47,0,2,13,122,137,4,102,106,243
02/11/2020,WDG,OK,ASW,CE,Federal Contract Tower,0,2,3,75,80,0,0,4,54,58,0,2,7,129,138,44,72,116,254
02/12/2020,WDG,OK,ASW,CE,Federal Contract Tower,0,3,2,0,5,0,0,0,0,0,0,3,2,0,5,0,0,0,5
02/13/2020,WDG,OK,ASW,CE,Federal Contract Tower,0,2,3,78,83,0,0,6,34,40,0,2,9,112,123,7,69,76,199
02/14/2020,WDG,OK,ASW,CE,Federal Contract Tower,0,2,7,37,46,0,0,10,17,27,0,2,17,54,73,6,46,52,125
02/15/2020,WDG,OK,ASW,CE,Federal Contract Tower,0,2,3,0,5,0,0,42,1,43,0,2,45,1,48,110,0,110,158
02/16/2020,WDG,OK,ASW,CE,Federal Contract Tower,0,0,8,0,8,0,0,8,0,8,0,0,16,0,16,6,0,6,22
02/17/2020,WDG,OK,ASW,CE,Federal Contract Tower,0,2,2,6,10,0,0,10,0,10,0,2,12,6,20,8,0,8,28
02/18/2020,WDG,OK,ASW,CE,Federal Contract Tower,0,2,9,67,78,0,0,16,54,70,0,2,25,121,148,16,78,94,242
02/19/2020,WDG,OK,ASW,CE,Federal Contract Tower,0,2,3,76,81,0,0,14,47,61,0,2,17,123,142,18,102,120,262
02/20/2020,WDG,OK,ASW,CE,Federal Contract Tower,0,2,4,54,60,0,0,3,20,23,0,2,7,74,83,0,72,72,155
02/21/2020,WDG,OK,ASW,CE,Federal Contract Tower,0,2,8,41,51,0,0,25,38,63,0,2,33,79,114,8,52,60,174
02/22/2020,WDG,OK,ASW,CE,Federal Contract Tower,0,3,4,20,27,0,0,38,12,50,0,3,42,32,77,34,36,70,147
02/23/2020,WDG,OK,ASW,CE,Federal Contract Tower,0,1,9,15,25,0,0,1,0,1,0,1,10,15,26,0,8,8,34
02/24/2020,WDG,OK,ASW,CE,Federal Contract Tower,0,0,5,25,30,0,0,2,6,8,0,0,7,31,38,0,0,0,38
02/25/2020,WDG,OK,ASW,CE,Federal Contract Tower,0,2,7,30,39,0,0,5,26,31,0,2,12,56,70,8,58,66,136
02/26/2020,WDG,OK,ASW,CE,Federal Contract Tower,0,2,4,44,50,0,0,17,25,42,0,2,21,69,92,4,66,70,162
02/27/2020,WDG,OK,ASW,CE,Federal Contract Tower,0,2,5,38,45,0,0,8,26,34,0,2,13,64,79,0,104,104,183
02/28/2020,WDG,OK,ASW,CE,Federal Contract Tower,0,2,9,36,47,0,0,31,36,67,0,2,40,72,114,4,84,88,202
02/29/2020,WDG,OK,ASW,CE,Federal Contract Tower,0,2,4,10,16,0,0,16,4,20,0,2,20,14,36,10,12,22,58
03/01/2020,WDG,OK,ASW,CE,Federal Contract Tower,0,0,4,10,14,0,0,34,3,37,0,0,38,13,51,26,0,26,77
03/02/2020,WDG,OK,ASW,CE,Federal Contract Tower,0,2,0,39,41,0,0,12,7,19,0,2,12,46,60,4,18,22,82
03/03/2020,WDG,OK,ASW,CE,Federal Contract Tower,0,2,4,40,46,0,0,14,38,52,0,2,18,78,98,24,102,126,224
03/04/2020,WDG,OK,ASW,CE,Federal Contract Tower,0,4,7,40,51,0,0,8,32,40,0,4,15,72,91,0,108,108,199
03/05/2020,WDG,OK,ASW,CE,Federal Contract Tower,0,2,6,52,60,0,0,6,38,44,0,2,12,90,104,22,96,118,222
03/06/2020,WDG,OK,ASW,CE,Federal Contract Tower,0,2,4,29,35,0,0,12,27,39,0,2,16,56,74,4,118,122,196
03/07/2020,WDG,OK,ASW,CE,Federal Contract Tower,0,2,2,6,10,0,0,20,2,22,0,2,22,8,32,4,10,14,46
03/08/2020,WDG,OK,ASW,CE,Federal Contract Tower,0,0,5,19,24,0,0,6,2,8,0,0,11,21,32,0,0,0,32
03/09/2020,WDG,OK,ASW,CE,Federal Contract Tower,0,2,4,93,99,0,0,3,5,8,0,2,7,98,107,6,54,60,167
03/10/2020,WDG,OK,ASW,CE,Federal Contract Tower,0,2,5,26,33,0,0,6,10,16,0,2,11,36,49,6,20,26,75
03/11/2020,WDG,OK,ASW,CE,Federal Contract Tower,0,2,7,66,75,0,0,17,9,26,0,2,24,75,101,32,54,86,187
03/12/2020,WDG,OK,ASW,CE,Federal Contract Tower,0,2,4,51,57,0,0,15,31,46,0,2,19,82,103,2,134,136,239
03/13/2020,WDG,OK,ASW,CE,Federal Contract Tower,0,3,5,7,15,0,0,7,2,9,0,3,12,9,24,0,6,6,30
03/14/2020,WDG,OK,ASW,CE,Federal Contract Tower,0,0,7,6,13,0,0,0,0,0,0,0,7,6,13,0,4,4,17
03/15/2020,WDG,OK,ASW,CE,Federal Contract Tower,0,0,12,20,32,0,0,3,0,3,0,0,15,20,35,2,0,2,37
03/16/2020,WDG,OK,ASW,CE,Federal Contract Tower,0,2,3,2,7,0,0,0,0,0,0,2,3,2,7,0,0,0,7
03/17/2020,WDG,OK,ASW,CE,Federal Contract Tower,0,2,3,29,34,0,0,0,0,0,0,2,3,29,34,0,0,0,34
03/18/2020,WDG,OK,ASW,CE,Federal Contract Tower,0,2,1,54,57,0,0,0,11,11,0,2,1,65,68,0,63,63,131
03/19/2020,WDG,OK,ASW,CE,Federal Contract Tower,0,0,2,36,38,0,0,13,8,21,0,0,15,44,59,2,36,38,97
03/20/2020,WDG,OK,ASW,CE,Federal Contract Tower,0,2,1,67,70,0,0,13,30,43,0,2,14,97,113,2,78,80,193
03/21/2020,WDG,OK,ASW,CE,Federal Contract Tower,0,2,3,17,22,0,0,33,10,43,0,2,36,27,65,2,32,34,99
03/22/2020,WDG,OK,ASW,CE,Federal Contract Tower,0,0,0,19,19,0,0,0,0,0,0,0,0,19,19,0,0,0,19
03/23/2020,WDG,OK,ASW,CE,Federal Contract Tower,0,2,1,8,11,0,0,0,0,0,0,2,1,8,11,0,0,0,11
03/24/2020,WDG,OK,ASW,CE,Federal Contract Tower,0,2,0,46,48,0,0,8,16,24,0,2,8,62,72,18,34,52,124
03/25/2020,WDG,OK,ASW,CE,Federal Contract Tower,0,2,0,27,29,0,0,21,22,43,0,2,21,49,72,30,104,134,206
03/26/2020,WDG,OK,ASW,CE,Federal Contract Tower,0,2,0,55,57,0,0,14,13,27,0,2,14,68,84,9,42,51,135
03/27/2020,WDG,OK,ASW,CE,Federal Contract Tower,0,2,3,32,37,0,0,7,9,16,0,2,10,41,53,12,26,38,91
03/28/2020,WDG,OK,ASW,CE,Federal Contract Tower,0,2,1,8,11,0,0,0,0,0,0,2,1,8,11,0,4,4,15
03/29/2020,WDG,OK,ASW,CE,Federal Contract Tower,0,0,2,16,18,0,0,46,9,55,0,0,48,25,73,88,2,90,163
03/30/2020,WDG,OK,ASW,CE,Federal Contract Tower,0,2,0,2,4,0,0,0,0,0,0,2,0,2,4,0,0,0,4
03/31/2020,WDG,OK,ASW,CE,Federal Contract Tower,0,2,1,49,52,0,0,13,22,35,0,2,14,71,87,18,42,60,147
04/01/2020,WDG,OK,ASW,CE,Federal Contract Tower,0,2,0,41,43,0,0,8,24,32,0,2,8,65,75,12,48,60,135
04/02/2020,WDG,OK,ASW,CE,Federal Contract Tower,0,2,0,68,70,0,0,2,5,7,0,2,2,73,77,0,61,61,138
04/03/2020,WDG,OK,ASW,CE,Federal Contract Tower,0,3,1,27,31,0,0,4,9,13,0,3,5,36,44,1,32,33,77
04/04/2020,WDG,OK,ASW,CE,Federal Contract Tower,0,2,0,8,10,0,0,0,0,0,0,2,0,8,10,0,0,0,10
04/05/2020,WDG,OK,ASW,CE,Federal Contract Tower,0,0,2,1,3,0,0,8,0,8,0,0,10,1,11,0,0,0,11
04/06/2020,WDG,OK,ASW,CE,Federal Contract Tower,0,5,5,55,65,0,0,7,3,10,0,5,12,58,75,0,26,26,101
04/07/2020,WDG,OK,ASW,CE,Federal Contract Tower,0,2,5,38,45,0,0,7,15,22,0,2,12,53,67,0,57,57,124
04/08/2020,WDG,OK,ASW,CE,Federal Contract Tower,0,2,2,36,40,0,0,24,22,46,0,2,26,58,86,33,34,67,153
04/09/2020,WDG,OK,ASW,CE,Federal Contract Tower,0,2,4,48,54,0,0,17,36,53,0,2,21,84,107,12,82,94,201
04/10/2020,WDG,OK,ASW,CE,Federal Contract Tower,0,2,0,40,42,0,0,20,25,45,0,2,20,65,87,46,64,110,197
04/11/2020,WDG,OK,ASW,CE,Federal Contract Tower,0,2,1,36,39,0,0,8,23,31,0,2,9,59,70,0,38,38,108
04/12/2020,WDG,OK,ASW,CE,Federal Contract Tower,0,0,0,0,0,0,0,0,0,0,0,0,0,0,0,0,0,0,0
04/13/2020,WDG,OK,ASW,CE,Federal Contract Tower,0,2,8,59,69,0,0,10,37,47,0,2,18,96,116,10,50,60,176
04/14/2020,WDG,OK,ASW,CE,Federal Contract Tower,0,3,6,29,38,0,1,16,23,40,0,4,22,52,78,16,72,88,166
04/15/2020,WDG,OK,ASW,CE,Federal Contract Tower,0,2,1,39,42,0,0,17,23,40,0,2,18,62,82,0,58,58,140
04/16/2020,WDG,OK,ASW,CE,Federal Contract Tower,0,2,5,47,54,0,0,7,22,29,0,2,12,69,83,0,74,74,157
04/17/2020,WDG,OK,ASW,CE,Federal Contract Tower,0,2,2,59,63,0,0,2,12,14,0,2,4,71,77,18,38,56,133
04/18/2020,WDG,OK,ASW,CE,Federal Contract Tower,0,2,0,22,24,0,0,10,27,37,0,2,10,49,61,0,34,34,95
04/19/2020,WDG,OK,ASW,CE,Federal Contract Tower,0,0,10,0,10,0,0,6,0,6,0,0,16,0,16,10,0,10,26
04/20/2020,WDG,OK,ASW,CE,Federal Contract Tower,0,2,0,50,52,0,0,24,31,55,0,2,24,81,107,0,52,52,159
04/21/2020,WDG,OK,ASW,CE,Federal Contract Tower,0,2,4,44,50,0,0,11,33,44,0,2,15,77,94,4,72,76,170
04/22/2020,WDG,OK,ASW,CE,Federal Contract Tower,0,1,2,10,13,0,1,0,0,1,0,2,2,10,14,0,0,0,14
04/23/2020,WDG,OK,ASW,CE,Federal Contract Tower,0,2,0,42,44,0,0,25,21,46,0,2,25,63,90,14,46,60,150
04/24/2020,WDG,OK,ASW,CE,Federal Contract Tower,0,2,2,41,45,0,0,14,22,36,0,2,16,63,81,4,10,14,95
04/25/2020,WDG,OK,ASW,CE,Federal Contract Tower,0,1,4,72,77,0,1,35,38,74,0,2,39,110,151,30,64,94,245
04/26/2020,WDG,OK,ASW,CE,Federal Contract Tower,0,2,5,0,7,0,2,22,0,24,0,4,27,0,31,26,0,26,57
04/27/2020,WDG,OK,ASW,CE,Federal Contract Tower,0,2,4,41,47,0,0,9,29,38,0,2,13,70,85,0,86,86,171
04/28/2020,WDG,OK,ASW,CE,Federal Contract Tower,0,2,4,51,57,0,0,9,24,33,0,2,13,75,90,2,70,72,162
04/29/2020,WDG,OK,ASW,CE,Federal Contract Tower,0,2,0,45,47,0,0,12,25,37,0,2,12,70,84,0,36,36,120
04/30/2020,WDG,OK,ASW,CE,Federal Contract Tower,0,2,2,56,60,0,0,27,31,58,0,2,29,87,118,44,30,74,192
05/01/2020,WDG,OK,ASW,CE,Federal Contract Tower,0,2,4,33,39,0,0,11,24,35,0,2,15,57,74,0,32,32,106
05/02/2020,WDG,OK,ASW,CE,Federal Contract Tower,0,2,1,46,49,0,0,21,24,45,0,2,22,70,94,30,14,44,138
05/03/2020,WDG,OK,ASW,CE,Federal Contract Tower,0,0,9,15,24,0,0,6,0,6,0,0,15,15,30,0,6,6,36
05/04/2020,WDG,OK,ASW,CE,Federal Contract Tower,0,2,3,59,64,0,0,12,23,35,0,2,15,82,99,4,74,78,177
05/05/2020,WDG,OK,ASW,CE,Federal Contract Tower,0,2,4,59,65,0,0,9,36,45,0,2,13,95,110,26,36,62,172
05/06/2020,WDG,OK,ASW,CE,Federal Contract Tower,0,2,3,48,53,0,0,21,29,50,0,2,24,77,103,10,82,92,195
05/07/2020,WDG,OK,ASW,CE,Federal Contract Tower,0,2,5,47,54,0,0,12,15,27,0,2,17,62,81,8,20,28,109
05/08/2020,WDG,OK,ASW,CE,Federal Contract Tower,0,2,1,79,82,0,0,13,33,46,0,2,14,112,128,14,82,96,224
05/09/2020,WDG,OK,ASW,CE,Federal Contract Tower,0,2,0,40,42,0,0,46,10,56,0,2,46,50,98,28,43,71,169
05/10/2020,WDG,OK,ASW,CE,Federal Contract Tower,0,2,2,6,10,0,0,17,5,22,0,2,19,11,32,18,26,44,76
05/11/2020,WDG,OK,ASW,CE,Federal Contract Tower,0,2,7,58,67,0,0,11,27,38,0,2,18,85,105,0,50,50,155
05/12/2020,WDG,OK,ASW,CE,Federal Contract Tower,0,2,4,61,67,0,0,0,0,0,0,2,4,61,67,0,0,0,67
05/13/2020,WDG,OK,ASW,CE,Federal Contract Tower,0,2,4,56,62,0,0,0,0,0,0,2,4,56,62,0,22,22,84
05/14/2020,WDG,OK,ASW,CE,Federal Contract Tower,0,2,7,56,65,0,0,18,46,64,0,2,25,102,129,10,58,68,197
05/15/2020,WDG,OK,ASW,CE,Federal Contract Tower,0,2,4,28,34,0,0,5,0,5,0,2,9,28,39,12,0,12,51
05/16/2020,WDG,OK,ASW,CE,Federal Contract Tower,0,2,4,0,6,0,0,19,0,19,0,2,23,0,25,28,0,28,53
05/17/2020,WDG,OK,ASW,CE,Federal Contract Tower,0,0,9,73,82,0,0,20,32,52,0,0,29,105,134,6,28,34,168
05/18/2020,WDG,OK,ASW,CE,Federal Contract Tower,0,2,3,64,69,0,0,21,35,56,0,2,24,99,125,24,96,120,245
05/19/2020,WDG,OK,ASW,CE,Federal Contract Tower,0,2,2,73,77,0,1,23,34,58,0,3,25,107,135,59,94,153,288
05/20/2020,WDG,OK,ASW,CE,Federal Contract Tower,0,2,10,52,64,0,0,24,25,49,0,2,34,77,113,14,70,84,197
05/21/2020,WDG,OK,ASW,CE,Federal Contract Tower,0,2,4,65,71,0,0,11,5,16,0,2,15,70,87,12,24,36,123
05/22/2020,WDG,OK,ASW,CE,Federal Contract Tower,0,4,5,0,9,0,0,24,0,24,0,4,29,0,33,18,0,18,51
05/23/2020,WDG,OK,ASW,CE,Federal Contract Tower,0,2,5,0,7,0,1,26,0,27,0,3,31,0,34,2,0,2,36
05/24/2020,WDG,OK,ASW,CE,Federal Contract Tower,0,0,3,0,3,0,0,6,0,6,0,0,9,0,9,0,0,0,9
05/25/2020,WDG,OK,ASW,CE,Federal Contract Tower,0,0,6,0,6,0,0,6,0,6,0,0,12,0,12,0,0,0,12
05/26/2020,WDG,OK,ASW,CE,Federal Contract Tower,0,2,2,89,93,0,0,7,21,28,0,2,9,110,121,10,32,42,163
05/27/2020,WDG,OK,ASW,CE,Federal Contract Tower,0,2,3,61,66,0,0,9,36,45,0,2,12,97,111,16,96,112,223
05/28/2020,WDG,OK,ASW,CE,Federal Contract Tower,0,2,7,85,94,0,0,8,43,51,0,2,15,128,145,2,82,84,229
05/29/2020,WDG,OK,ASW,CE,Federal Contract Tower,0,2,2,53,57,0,0,19,23,42,0,2,21,76,99,2,40,42,141
05/30/2020,WDG,OK,ASW,CE,Federal Contract Tower,0,2,3,44,49,0,0,27,26,53,0,2,30,70,102,16,86,102,204
05/31/2020,WDG,OK,ASW,CE,Federal Contract Tower,0,0,2,10,12,0,0,10,6,16,0,0,12,16,28,2,34,36,64
06/01/2020,WDG,OK,ASW,CE,Federal Contract Tower,0,2,7,51,60,0,0,13,30,43,0,2,20,81,103,2,224,226,329
06/02/2020,WDG,OK,ASW,CE,Federal Contract Tower,0,2,8,54,64,0,0,12,12,24,0,2,20,66,88,10,58,68,156
06/03/2020,WDG,OK,ASW,CE,Federal Contract Tower,0,2,3,51,56,0,0,13,20,33,0,2,16,71,89,28,40,68,157
06/04/2020,WDG,OK,ASW,CE,Federal Contract Tower,0,2,6,44,52,0,0,19,21,40,0,2,25,65,92,4,32,36,128
06/05/2020,WDG,OK,ASW,CE,Federal Contract Tower,0,3,17,37,57,0,0,16,30,46,0,3,33,67,103,26,98,124,227
06/06/2020,WDG,OK,ASW,CE,Federal Contract Tower,0,2,5,28,35,0,0,21,16,37,0,2,26,44,72,20,46,66,138
06/07/2020,WDG,OK,ASW,CE,Federal Contract Tower,0,0,5,4,9,0,0,19,7,26,0,0,24,11,35,0,8,8,43
06/08/2020,WDG,OK,ASW,CE,Federal Contract Tower,0,2,1,61,64,0,0,18,19,37,0,2,19,80,101,16,58,74,175
06/09/2020,WDG,OK,ASW,CE,Federal Contract Tower,0,1,3,3,7,0,0,6,3,9,0,1,9,6,16,0,0,0,16
06/10/2020,WDG,OK,ASW,CE,Federal Contract Tower,0,3,3,81,87,0,0,15,48,63,0,3,18,129,150,28,64,92,242
06/11/2020,WDG,OK,ASW,CE,Federal Contract Tower,0,2,5,40,47,0,0,24,33,57,0,2,29,73,104,18,94,112,216
06/12/2020,WDG,OK,ASW,CE,Federal Contract Tower,0,4,7,47,58,0,0,22,38,60,0,4,29,85,118,38,102,140,258
06/13/2020,WDG,OK,ASW,CE,Federal Contract Tower,0,2,0,8,10,0,0,25,4,29,0,2,25,12,39,32,8,40,79
06/14/2020,WDG,OK,ASW,CE,Federal Contract Tower,0,1,6,6,13,0,0,27,2,29,0,1,33,8,42,13,24,37,79
06/15/2020,WDG,OK,ASW,CE,Federal Contract Tower,0,2,8,64,74,0,0,17,23,40,0,2,25,87,114,14,48,62,176
06/16/2020,WDG,OK,ASW,CE,Federal Contract Tower,0,2,6,44,52,0,1,24,23,48,0,3,30,67,100,48,56,104,204
06/17/2020,WDG,OK,ASW,CE,Federal Contract Tower,0,2,2,78,82,0,0,21,40,61,0,2,23,118,143,58,58,116,259
06/18/2020,WDG,OK,ASW,CE,Federal Contract Tower,0,2,7,66,75,0,0,9,34,43,0,2,16,100,118,6,88,94,212
06/19/2020,WDG,OK,ASW,CE,Federal Contract Tower,0,2,4,1,7,0,0,2,1,3,0,2,6,2,10,0,0,0,10
06/20/2020,WDG,OK,ASW,CE,Federal Contract Tower,0,2,6,2,10,0,0,34,2,36,0,2,40,4,46,28,0,28,74
06/21/2020,WDG,OK,ASW,CE,Federal Contract Tower,0,3,6,2,11,0,0,16,2,18,0,3,22,4,29,6,2,8,37
06/22/2020,WDG,OK,ASW,CE,Federal Contract Tower,0,2,4,67,73,0,0,9,47,56,0,2,13,114,129,38,58,96,225
06/23/2020,WDG,OK,ASW,CE,Federal Contract Tower,0,2,2,43,47,0,0,18,26,44,0,2,20,69,91,33,35,68,159
06/24/2020,WDG,OK,ASW,CE,Federal Contract Tower,0,2,0,54,56,0,0,19,30,49,0,2,19,84,105,84,36,120,225
06/25/2020,WDG,OK,ASW,CE,Federal Contract Tower,0,2,3,50,55,0,0,25,28,53,0,2,28,78,108,26,34,60,168
06/26/2020,WDG,OK,ASW,CE,Federal Contract Tower,0,2,5,62,69,0,0,21,30,51,0,2,26,92,120,10,78,88,208
06/27/2020,WDG,OK,ASW,CE,Federal Contract Tower,0,1,3,7,11,0,1,20,10,31,0,2,23,17,42,4,36,40,82
06/28/2020,WDG,OK,ASW,CE,Federal Contract Tower,0,0,3,11,14,0,0,6,9,15,0,0,9,20,29,0,38,38,67
06/29/2020,WDG,OK,ASW,CE,Federal Contract Tower,0,2,10,43,55,0,0,1,18,19,0,2,11,61,74,0,22,22,96
06/30/2020,WDG,OK,ASW,CE,Federal Contract Tower,0,3,5,42,50,0,0,10,32,42,0,3,15,74,92,16,16,32,124
07/01/2020,WDG,OK,ASW,CE,Federal Contract Tower,0,2,14,54,70,0,0,28,26,54,0,2,42,80,124,38,40,78,202
07/02/2020,WDG,OK,ASW,CE,Federal Contract Tower,0,1,8,66,75,0,1,29,39,69,0,2,37,105,144,30,88,118,262
07/03/2020,WDG,OK,ASW,CE,Federal Contract Tower,0,0,6,0,6,0,0,27,0,27,0,0,33,0,33,20,0,20,53
07/04/2020,WDG,OK,ASW,CE,Federal Contract Tower,0,0,0,0,0,0,0,9,0,9,0,0,9,0,9,14,0,14,23
07/05/2020,WDG,OK,ASW,CE,Federal Contract Tower,0,0,16,0,16,0,0,13,0,13,0,0,29,0,29,18,0,18,47
07/06/2020,WDG,OK,ASW,CE,Federal Contract Tower,0,2,10,0,12,0,0,13,0,13,0,2,23,0,25,26,0,26,51
07/07/2020,WDG,OK,ASW,CE,Federal Contract Tower,0,2,4,66,72,0,0,8,27,35,0,2,12,93,107,26,62,88,195
07/08/2020,WDG,OK,ASW,CE,Federal Contract Tower,0,3,7,52,62,0,1,18,40,59,0,4,25,92,121,36,50,86,207
07/09/2020,WDG,OK,ASW,CE,Federal Contract Tower,0,2,4,36,42,0,0,4,11,15,0,2,8,47,57,0,46,46,103
07/10/2020,WDG,OK,ASW,CE,Federal Contract Tower,0,2,3,42,47,0,1,9,20,30,0,3,12,62,77,22,19,41,118
07/11/2020,WDG,OK,ASW,CE,Federal Contract Tower,0,3,2,9,14,0,0,24,6,30,0,3,26,15,44,10,16,26,70
07/12/2020,WDG,OK,ASW,CE,Federal Contract Tower,0,0,5,10,15,0,0,25,6,31,0,0,30,16,46,10,20,30,76
07/13/2020,WDG,OK,ASW,CE,Federal Contract Tower,0,2,14,63,79,0,0,9,39,48,0,2,23,102,127,22,130,152,279
07/14/2020,WDG,OK,ASW,CE,Federal Contract Tower,0,2,9,46,57,0,0,10,31,41,0,2,19,77,98,28,86,114,212
07/15/2020,WDG,OK,ASW,CE,Federal Contract Tower,0,6,11,59,76,0,0,14,43,57,0,6,25,102,133,58,78,136,269
07/16/2020,WDG,OK,ASW,CE,Federal Contract Tower,0,3,6,43,52,0,0,24,29,53,0,3,30,72,105,34,116,150,255
07/17/2020,WDG,OK,ASW,CE,Federal Contract Tower,0,2,1,27,30,0,0,23,34,57,0,2,24,61,87,46,126,172,259
07/18/2020,WDG,OK,ASW,CE,Federal Contract Tower,0,2,8,21,31,0,0,38,32,70,0,2,46,53,101,8,60,68,169
07/19/2020,WDG,OK,ASW,CE,Federal Contract Tower,0,2,5,1,8,0,0,32,1,33,0,2,37,2,41,50,0,50,91
07/20/2020,WDG,OK,ASW,CE,Federal Contract Tower,0,2,0,34,36,0,0,12,19,31,0,2,12,53,67,26,46,72,139
07/21/2020,WDG,OK,ASW,CE,Federal Contract Tower,0,4,2,24,30,0,0,8,17,25,0,4,10,41,55,16,32,48,103
07/22/2020,WDG,OK,ASW,CE,Federal Contract Tower,0,2,1,37,40,0,2,14,26,42,0,4,15,63,82,28,50,78,160
07/23/2020,WDG,OK,ASW,CE,Federal Contract Tower,0,2,6,15,23,0,0,7,4,11,0,2,13,19,34,29,24,53,87
07/24/2020,WDG,OK,ASW,CE,Federal Contract Tower,0,2,5,24,31,0,0,21,27,48,0,2,26,51,79,6,18,24,103
07/25/2020,WDG,OK,ASW,CE,Federal Contract Tower,0,2,3,1,6,0,0,27,7,34,0,2,30,8,40,20,4,24,64
07/26/2020,WDG,OK,ASW,CE,Federal Contract Tower,0,0,3,2,5,0,0,19,2,21,0,0,22,4,26,0,10,10,36
07/27/2020,WDG,OK,ASW,CE,Federal Contract Tower,0,2,3,13,18,0,0,3,3,6,0,2,6,16,24,2,0,2,26
07/28/2020,WDG,OK,ASW,CE,Federal Contract Tower,0,2,7,43,52,0,0,3,3,6,0,2,10,46,58,20,2,22,80
07/29/2020,WDG,OK,ASW,CE,Federal Contract Tower,0,3,7,41,51,0,0,11,9,20,0,3,18,50,71,16,8,24,95
07/30/2020,WDG,OK,ASW,CE,Federal Contract Tower,0,6,4,49,59,0,0,25,32,57,0,6,29,81,116,22,115,137,253
07/31/2020,WDG,OK,ASW,CE,Federal Contract Tower,0,2,6,59,67,0,0,21,35,56,0,2,27,94,123,10,73,83,206
08/01/2020,WDG,OK,ASW,CE,Federal Contract Tower,0,6,2,0,8,0,0,43,6,49,0,6,45,6,57,34,0,34,91
08/02/2020,WDG,OK,ASW,CE,Federal Contract Tower,0,4,1,9,14,0,0,27,5,32,0,4,28,14,46,24,0,24,70
08/03/2020,WDG,OK,ASW,CE,Federal Contract Tower,0,2,12,38,52,0,0,15,34,49,0,2,27,72,101,106,60,166,267
08/04/2020,WDG,OK,ASW,CE,Federal Contract Tower,0,2,1,40,43,0,0,11,30,41,0,2,12,70,84,12,90,102,186
08/05/2020,WDG,OK,ASW,CE,Federal Contract Tower,0,4,5,38,47,0,0,10,6,16,0,4,15,44,63,4,74,78,141
08/06/2020,WDG,OK,ASW,CE,Federal Contract Tower,0,2,2,18,22,0,0,4,10,14,0,2,6,28,36,0,58,58,94
08/07/2020,WDG,OK,ASW,CE,Federal Contract Tower,0,3,4,11,18,0,0,18,21,39,0,3,22,32,57,0,28,28,85
08/08/2020,WDG,OK,ASW,CE,Federal Contract Tower,0,2,2,9,13,0,0,22,16,38,0,2,24,25,51,14,40,54,105
08/09/2020,WDG,OK,ASW,CE,Federal Contract Tower,0,0,0,6,6,0,0,15,7,22,0,0,15,13,28,4,18,22,50
08/10/2020,WDG,OK,ASW,CE,Federal Contract Tower,0,2,2,32,36,0,0,14,34,48,0,2,16,66,84,6,166,172,256
08/11/2020,WDG,OK,ASW,CE,Federal Contract Tower,0,2,2,32,36,0,0,15,14,29,0,2,17,46,65,32,26,58,123
08/12/2020,WDG,OK,ASW,CE,Federal Contract Tower,0,2,4,34,40,0,0,1,6,7,0,2,5,40,47,0,62,62,109
08/13/2020,WDG,OK,ASW,CE,Federal Contract Tower,0,2,2,22,26,0,0,12,13,25,0,2,14,35,51,2,12,14,65
08/14/2020,WDG,OK,ASW,CE,Federal Contract Tower,0,2,0,38,40,0,0,11,22,33,0,2,11,60,73,8,46,54,127
08/15/2020,WDG,OK,ASW,CE,Federal Contract Tower,0,3,7,14,24,0,0,56,5,61,0,3,63,19,85,20,16,36,121
08/16/2020,WDG,OK,ASW,CE,Federal Contract Tower,0,0,4,2,6,0,0,10,0,10,0,0,14,2,16,22,4,26,42
08/17/2020,WDG,OK,ASW,CE,Federal Contract Tower,0,2,8,33,43,0,0,16,26,42,0,2,24,59,85,16,25,41,126
08/18/2020,WDG,OK,ASW,CE,Federal Contract Tower,0,2,3,23,28,0,0,31,21,52,0,2,34,44,80,46,61,107,187
08/19/2020,WDG,OK,ASW,CE,Federal Contract Tower,0,4,3,36,43,0,0,19,28,47,0,4,22,64,90,46,62,108,198
08/20/2020,WDG,OK,ASW,CE,Federal Contract Tower,0,2,5,32,39,0,0,27,16,43,0,2,32,48,82,52,34,86,168
08/21/2020,WDG,OK,ASW,CE,Federal Contract Tower,0,2,12,29,43,0,0,26,13,39,0,2,38,42,82,20,58,78,160
08/22/2020,WDG,OK,ASW,CE,Federal Contract Tower,0,2,5,2,9,0,0,44,7,51,0,2,49,9,60,46,14,60,120
08/23/2020,WDG,OK,ASW,CE,Federal Contract Tower,0,0,4,15,19,0,0,28,7,35,0,0,32,22,54,46,0,46,100
08/24/2020,WDG,OK,ASW,CE,Federal Contract Tower,0,2,6,31,39,0,0,17,19,36,0,2,23,50,75,12,74,86,161
08/25/2020,WDG,OK,ASW,CE,Federal Contract Tower,0,2,3,30,35,0,0,39,34,73,0,2,42,64,108,30,78,108,216
08/26/2020,WDG,OK,ASW,CE,Federal Contract Tower,0,4,6,31,41,0,0,35,33,68,0,4,41,64,109,31,80,111,220
08/27/2020,WDG,OK,ASW,CE,Federal Contract Tower,0,2,4,38,44,0,0,7,44,51,0,2,11,82,95,0,98,98,193
08/28/2020,WDG,OK,ASW,CE,Federal Contract Tower,0,3,9,29,41,0,1,16,22,39,0,4,25,51,80,52,92,144,224
08/29/2020,WDG,OK,ASW,CE,Federal Contract Tower,0,2,4,3,9,0,0,14,4,18,0,2,18,7,27,38,2,40,67
08/30/2020,WDG,OK,ASW,CE,Federal Contract Tower,0,0,8,6,14,0,0,32,6,38,0,0,40,12,52,52,36,88,140
08/31/2020,WDG,OK,ASW,CE,Federal Contract Tower,0,2,6,43,51,0,0,11,28,39,0,2,17,71,90,10,72,82,172
09/01/2020,WDG,OK,ASW,CE,Federal Contract Tower,0,2,5,48,55,0,0,7,20,27,0,2,12,68,82,2,46,48,130
09/02/2020,WDG,OK,ASW,CE,Federal Contract Tower,0,2,5,48,55,0,0,18,3,21,0,2,23,51,76,18,22,40,116
09/03/2020,WDG,OK,ASW,CE,Federal Contract Tower,0,2,3,7,12,0,0,18,15,33,0,2,21,22,45,8,20,28,73
09/04/2020,WDG,OK,ASW,CE,Federal Contract Tower,0,3,6,1,10,0,2,21,2,25,0,5,27,3,35,12,2,14,49
09/05/2020,WDG,OK,ASW,CE,Federal Contract Tower,0,2,3,0,5,0,0,37,1,38,0,2,40,1,43,30,0,30,73
09/06/2020,WDG,OK,ASW,CE,Federal Contract Tower,0,0,5,0,5,0,0,13,0,13,0,0,18,0,18,14,0,14,32
09/07/2020,WDG,OK,ASW,CE,Federal Contract Tower,0,0,5,0,5,0,0,22,2,24,0,0,27,2,29,56,0,56,85
09/08/2020,WDG,OK,ASW,CE,Federal Contract Tower,0,2,1,31,34,0,0,2,37,39,0,2,3,68,73,8,104,112,185
09/09/2020,WDG,OK,ASW,CE,Federal Contract Tower,0,2,3,9,14,0,0,0,0,0,0,2,3,9,14,0,0,0,14
09/10/2020,WDG,OK,ASW,CE,Federal Contract Tower,0,2,10,42,54,0,0,7,0,7,0,2,17,42,61,6,0,6,67
09/11/2020,WDG,OK,ASW,CE,Federal Contract Tower,0,4,17,88,109,0,0,13,0,13,0,4,30,88,122,6,82,88,210
09/12/2020,WDG,OK,ASW,CE,Federal Contract Tower,0,0,4,11,15,0,0,31,9,40,0,0,35,20,55,62,20,82,137
09/13/2020,WDG,OK,ASW,CE,Federal Contract Tower,0,0,15,5,20,0,0,12,8,20,0,0,27,13,40,34,22,56,96
09/14/2020,WDG,OK,ASW,CE,Federal Contract Tower,0,4,9,42,55,0,0,14,39,53,0,4,23,81,108,29,115,144,252
09/15/2020,WDG,OK,ASW,CE,Federal Contract Tower,0,2,0,34,36,0,0,23,37,60,0,2,23,71,96,24,114,138,234
09/16/2020,WDG,OK,ASW,CE,Federal Contract Tower,0,3,10,31,44,0,0,13,41,54,0,3,23,72,98,16,174,190,288
09/17/2020,WDG,OK,ASW,CE,Federal Contract Tower,0,2,4,36,42,0,0,20,53,73,0,2,24,89,115,22,222,244,359
09/18/2020,WDG,OK,ASW,CE,Federal Contract Tower,0,2,2,48,52,0,0,31,37,68,0,2,33,85,120,10,156,166,286
09/19/2020,WDG,OK,ASW,CE,Federal Contract Tower,0,0,8,16,24,0,2,96,2,100,0,2,104,18,124,36,40,76,200
09/20/2020,WDG,OK,ASW,CE,Federal Contract Tower,0,0,5,7,12,0,0,27,13,40,0,0,32,20,52,30,14,44,96
09/21/2020,WDG,OK,ASW,CE,Federal Contract Tower,0,3,3,38,44,0,0,24,40,64,0,3,27,78,108,22,138,160,268
09/22/2020,WDG,OK,ASW,CE,Federal Contract Tower,0,2,10,50,62,0,0,10,0,10,0,2,20,50,72,10,6,16,88
09/23/2020,WDG,OK,ASW,CE,Federal Contract Tower,0,2,18,26,46,0,0,7,0,7,0,2,25,26,53,6,38,44,97
09/24/2020,WDG,OK,ASW,CE,Federal Contract Tower,0,2,12,25,39,0,0,20,25,45,0,2,32,50,84,50,92,142,226
09/25/2020,WDG,OK,ASW,CE,Federal Contract Tower,0,2,14,28,44,0,1,26,31,58,0,3,40,59,102,22,62,84,186
09/26/2020,WDG,OK,ASW,CE,Federal Contract Tower,0,2,3,15,20,0,0,27,11,38,0,2,30,26,58,22,10,32,90
09/27/2020,WDG,OK,ASW,CE,Federal Contract Tower,0,0,5,17,22,0,0,6,3,9,0,0,11,20,31,8,0,8,39
09/28/2020,WDG,OK,ASW,CE,Federal Contract Tower,0,2,1,51,54,0,0,28,46,74,0,2,29,97,128,28,150,178,306
09/29/2020,WDG,OK,ASW,CE,Federal Contract Tower,0,2,0,40,42,0,0,36,31,67,0,2,36,71,109,16,56,72,181
09/30/2020,WDG,OK,ASW,CE,Federal Contract Tower,0,2,2,42,46,0,0,25,38,63,0,2,27,80,109,12,165,177,286
10/01/2020,WDG,OK,ASW,CE,Federal Contract Tower,0,4,11,33,48,0,0,20,25,45,0,4,31,58,93,0,52,52,145
10/02/2020,WDG,OK,ASW,CE,Federal Contract Tower,0,2,5,25,32,0,0,17,38,55,0,2,22,63,87,8,90,98,185
10/03/2020,WDG,OK,ASW,CE,Federal Contract Tower,0,2,3,5,10,0,0,22,15,37,0,2,25,20,47,4,60,64,111
10/04/2020,WDG,OK,ASW,CE,Federal Contract Tower,0,2,4,6,12,0,0,17,10,27,0,2,21,16,39,20,22,42,81
10/05/2020,WDG,OK,ASW,CE,Federal Contract Tower,0,2,2,43,47,0,0,23,32,55,0,2,25,75,102,10,92,102,204
10/06/2020,WDG,OK,ASW,CE,Federal Contract Tower,0,2,2,41,45,0,0,22,40,62,0,2,24,81,107,0,138,138,245
10/07/2020,WDG,OK,ASW,CE,Federal Contract Tower,0,2,2,43,47,0,0,13,32,45,0,2,15,75,92,4,66,70,162
10/08/2020,WDG,OK,ASW,CE,Federal Contract Tower,0,2,11,40,53,0,0,24,33,57,0,2,35,73,110,14,100,114,224
10/09/2020,WDG,OK,ASW,CE,Federal Contract Tower,0,3,9,36,48,0,0,8,8,16,0,3,17,44,64,0,20,20,84
10/10/2020,WDG,OK,ASW,CE,Federal Contract Tower,0,0,7,5,12,0,0,21,0,21,0,0,28,5,33,40,6,46,79
10/11/2020,WDG,OK,ASW,CE,Federal Contract Tower,0,0,12,8,20,0,0,18,0,18,0,0,30,8,38,4,0,4,42
10/12/2020,WDG,OK,ASW,CE,Federal Contract Tower,0,2,8,9,19,0,0,35,4,39,0,2,43,13,58,52,14,66,124
10/13/2020,WDG,OK,ASW,CE,Federal Contract Tower,0,2,6,45,53,0,0,25,31,56,0,2,31,76,109,42,92,134,243
10/14/2020,WDG,OK,ASW,CE,Federal Contract Tower,0,2,9,28,39,0,0,13,20,33,0,2,22,48,72,8,32,40,112
10/15/2020,WDG,OK,ASW,CE,Federal Contract Tower,0,3,8,26,37,0,0,25,21,46,0,3,33,47,83,8,64,72,155
10/16/2020,WDG,OK,ASW,CE,Federal Contract Tower,0,2,9,19,30,0,0,29,19,48,0,2,38,38,78,6,143,149,227
10/17/2020,WDG,OK,ASW,CE,Federal Contract Tower,0,2,3,10,15,0,0,15,4,19,0,2,18,14,34,6,36,42,76
10/18/2020,WDG,OK,ASW,CE,Federal Contract Tower,0,0,2,7,9,0,0,1,0,1,0,0,3,7,10,0,0,0,10
10/19/2020,WDG,OK,ASW,CE,Federal Contract Tower,0,2,8,66,76,0,0,11,20,31,0,2,19,86,107,4,20,24,131
10/20/2020,WDG,OK,ASW,CE,Federal Contract Tower,0,2,9,46,57,0,0,8,1,9,0,2,17,47,66,2,50,52,118
10/21/2020,WDG,OK,ASW,CE,Federal Contract Tower,0,2,4,24,30,0,0,20,14,34,0,2,24,38,64,50,42,92,156
10/22/2020,WDG,OK,ASW,CE,Federal Contract Tower,0,2,7,27,36,0,0,12,25,37,0,2,19,52,73,8,94,102,175
10/23/2020,WDG,OK,ASW,CE,Federal Contract Tower,0,2,4,33,39,0,0,8,12,20,0,2,12,45,59,4,126,130,189
10/24/2020,WDG,OK,ASW,CE,Federal Contract Tower,0,2,0,24,26,0,0,35,8,43,0,2,35,32,69,64,38,102,171
10/25/2020,WDG,OK,ASW,CE,Federal Contract Tower,0,0,4,26,30,0,0,2,0,2,0,0,6,26,32,2,14,16,48
10/26/2020,WDG,OK,ASW,CE,Federal Contract Tower,0,0,1,0,1,0,0,0,0,0,0,0,1,0,1,0,0,0,1
10/27/2020,WDG,OK,ASW,CE,Federal Contract Tower,0,0,0,0,0,0,0,0,0,0,0,0,0,0,0,0,0,0,0
10/28/2020,WDG,OK,ASW,CE,Federal Contract Tower,0,0,0,0,0,0,0,0,0,0,0,0,0,0,0,0,0,0,0
10/29/2020,WDG,OK,ASW,CE,Federal Contract Tower,0,2,7,47,56,0,0,2,19,21,0,2,9,66,77,0,74,74,151
10/30/2020,WDG,OK,ASW,CE,Federal Contract Tower,0,2,6,33,41,0,0,27,23,50,0,2,33,56,91,12,88,100,191
10/31/2020,WDG,OK,ASW,CE,Federal Contract Tower,0,2,3,3,8,0,0,28,9,37,0,2,31,12,45,24,60,84,129
11/01/2020,WDG,OK,ASW,CE,Federal Contract Tower,0,0,3,13,16,0,0,28,8,36,0,0,31,21,52,24,34,58,110
11/02/2020,WDG,OK,ASW,CE,Federal Contract Tower,0,2,3,18,23,0,0,18,20,38,0,2,21,38,61,0,68,68,129
11/03/2020,WDG,OK,ASW,CE,Federal Contract Tower,0,3,5,33,41,0,0,9,26,35,0,3,14,59,76,4,96,100,176
11/04/2020,WDG,OK,ASW,CE,Federal Contract Tower,0,2,7,33,42,0,0,3,23,26,0,2,10,56,68,0,32,32,100
11/05/2020,WDG,OK,ASW,CE,Federal Contract Tower,0,2,2,18,22,0,0,20,17,37,0,2,22,35,59,22,56,78,137
11/06/2020,WDG,OK,ASW,CE,Federal Contract Tower,0,4,11,16,31,0,1,18,17,36,0,5,29,33,67,22,44,66,133
11/07/2020,WDG,OK,ASW,CE,Federal Contract Tower,0,2,2,5,9,0,0,30,10,40,0,2,32,15,49,10,4,14,63
11/08/2020,WDG,OK,ASW,CE,Federal Contract Tower,0,2,2,2,6,0,0,4,6,10,0,2,6,8,16,0,18,18,34
11/09/2020,WDG,OK,ASW,CE,Federal Contract Tower,0,3,8,37,48,0,0,12,1,13,0,3,20,38,61,41,7,48,109
11/10/2020,WDG,OK,ASW,CE,Federal Contract Tower,0,3,11,64,78,0,0,10,13,23,0,3,21,77,101,10,57,67,168
11/11/2020,WDG,OK,ASW,CE,Federal Contract Tower,0,2,11,3,16,0,0,20,11,31,0,2,31,14,47,26,6,32,79
11/12/2020,WDG,OK,ASW,CE,Federal Contract Tower,0,3,5,51,59,0,1,29,27,57,0,4,34,78,116,20,96,116,232
11/13/2020,WDG,OK,ASW,CE,Federal Contract Tower,0,2,12,25,39,0,0,21,18,39,0,2,33,43,78,40,66,106,184
11/14/2020,WDG,OK,ASW,CE,Federal Contract Tower,0,2,7,6,15,0,0,10,2,12,0,2,17,8,27,8,28,36,63
11/15/2020,WDG,OK,ASW,CE,Federal Contract Tower,0,0,2,12,14,0,0,43,6,49,0,0,45,18,63,48,16,64,127
11/16/2020,WDG,OK,ASW,CE,Federal Contract Tower,0,2,6,31,39,0,0,29,32,61,0,2,35,63,100,36,55,91,191
11/17/2020,WDG,OK,ASW,CE,Federal Contract Tower,0,2,4,29,35,0,0,21,26,47,0,2,25,55,82,48,92,140,222
11/18/2020,WDG,OK,ASW,CE,Federal Contract Tower,0,2,15,45,62,0,2,4,22,28,0,4,19,67,90,0,86,86,176
11/19/2020,WDG,OK,ASW,CE,Federal Contract Tower,0,2,7,58,67,0,0,11,22,33,0,2,18,80,100,16,92,108,208
11/20/2020,WDG,OK,ASW,CE,Federal Contract Tower,0,3,8,34,45,0,0,21,24,45,0,3,29,58,90,4,42,46,136
11/21/2020,WDG,OK,ASW,CE,Federal Contract Tower,0,2,9,8,19,0,0,0,0,0,0,2,9,8,19,0,0,0,19
11/22/2020,WDG,OK,ASW,CE,Federal Contract Tower,0,0,10,10,20,0,0,8,0,8,0,0,18,10,28,4,10,14,42
11/23/2020,WDG,OK,ASW,CE,Federal Contract Tower,0,3,1,34,38,0,1,2,8,11,0,4,3,42,49,22,82,104,153
11/24/2020,WDG,OK,ASW,CE,Federal Contract Tower,0,0,2,2,4,0,0,0,0,0,0,0,2,2,4,0,0,0,4
11/25/2020,WDG,OK,ASW,CE,Federal Contract Tower,0,2,3,38,43,0,0,22,19,41,0,2,25,57,84,20,116,136,220
11/26/2020,WDG,OK,ASW,CE,Federal Contract Tower,0,0,4,0,4,0,0,7,0,7,0,0,11,0,11,20,0,20,31
11/27/2020,WDG,OK,ASW,CE,Federal Contract Tower,0,2,1,0,3,0,0,16,0,16,0,2,17,0,19,32,0,32,51
11/28/2020,WDG,OK,ASW,CE,Federal Contract Tower,0,2,8,0,10,0,0,10,0,10,0,2,18,0,20,14,0,14,34
11/29/2020,WDG,OK,ASW,CE,Federal Contract Tower,0,0,8,0,8,0,0,7,0,7,0,0,15,0,15,0,0,0,15
11/30/2020,WDG,OK,ASW,CE,Federal Contract Tower,0,2,7,74,83,0,0,11,40,51,0,2,18,114,134,36,118,154,288
12/01/2020,WDG,OK,ASW,CE,Federal Contract Tower,0,2,7,63,72,0,0,23,41,64,0,2,30,104,136,46,108,154,290
12/02/2020,WDG,OK,ASW,CE,Federal Contract Tower,0,0,0,24,24,0,0,0,8,8,0,0,0,32,32,0,38,38,70
12/03/2020,WDG,OK,ASW,CE,Federal Contract Tower,0,4,10,1,15,0,0,0,0,0,0,4,10,1,15,10,0,10,25
12/04/2020,WDG,OK,ASW,CE,Federal Contract Tower,0,2,13,39,54,0,0,30,37,67,0,2,43,76,121,2,150,152,273
12/05/2020,WDG,OK,ASW,CE,Federal Contract Tower,0,2,2,5,9,0,0,46,4,50,0,2,48,9,59,48,0,48,107
12/06/2020,WDG,OK,ASW,CE,Federal Contract Tower,0,0,2,13,15,0,0,22,1,23,0,0,24,14,38,34,22,56,94
12/07/2020,WDG,OK,ASW,CE,Federal Contract Tower,0,3,8,55,66,0,0,20,28,48,0,3,28,83,114,44,92,136,250
12/08/2020,WDG,OK,ASW,CE,Federal Contract Tower,0,2,3,38,43,0,0,16,33,49,0,2,19,71,92,6,62,68,160
12/09/2020,WDG,OK,ASW,CE,Federal Contract Tower,0,2,8,42,52,0,0,29,32,61,0,2,37,74,113,30,96,126,239
12/10/2020,WDG,OK,ASW,CE,Federal Contract Tower,0,2,5,51,58,0,0,16,39,55,0,2,21,90,113,11,114,125,238
12/11/2020,WDG,OK,ASW,CE,Federal Contract Tower,0,0,7,64,71,0,0,6,15,21,0,0,13,79,92,0,68,68,160
12/12/2020,WDG,OK,ASW,CE,Federal Contract Tower,0,0,1,23,24,0,2,23,8,33,0,2,24,31,57,18,138,156,213
12/13/2020,WDG,OK,ASW,CE,Federal Contract Tower,0,0,12,4,16,0,0,2,0,2,0,0,14,4,18,0,0,0,18
12/14/2020,WDG,OK,ASW,CE,Federal Contract Tower,0,0,1,17,18,0,6,10,3,19,0,6,11,20,37,20,14,34,71
12/15/2020,WDG,OK,ASW,CE,Federal Contract Tower,0,0,8,0,8,0,0,0,0,0,0,0,8,0,8,0,0,0,8
12/16/2020,WDG,OK,ASW,CE,Federal Contract Tower,0,2,1,13,16,0,0,9,6,15,0,2,10,19,31,2,40,42,73
12/17/2020,WDG,OK,ASW,CE,Federal Contract Tower,0,5,6,53,64,0,0,18,24,42,0,5,24,77,106,0,124,124,230
12/18/2020,WDG,OK,ASW,CE,Federal Contract Tower,0,2,5,41,48,0,0,3,18,21,0,2,8,59,69,16,122,138,207
12/19/2020,WDG,OK,ASW,CE,Federal Contract Tower,0,2,10,15,27,0,0,22,9,31,0,2,32,24,58,0,32,32,90
12/20/2020,WDG,OK,ASW,CE,Federal Contract Tower,0,2,8,16,26,0,0,30,16,46,0,2,38,32,72,2,40,42,114
12/21/2020,WDG,OK,ASW,CE,Federal Contract Tower,0,1,6,48,55,0,1,23,30,54,0,2,29,78,109,26,72,98,207
12/22/2020,WDG,OK,ASW,CE,Federal Contract Tower,0,3,8,30,41,0,0,14,26,40,0,3,22,56,81,20,38,58,139
12/23/2020,WDG,OK,ASW,CE,Federal Contract Tower,0,2,11,0,13,0,0,7,0,7,0,2,18,0,20,0,0,0,20
12/24/2020,WDG,OK,ASW,CE,Federal Contract Tower,0,2,1,0,3,0,0,15,0,15,0,2,16,0,18,6,0,6,24
12/25/2020,WDG,OK,ASW,CE,Federal Contract Tower,0,1,1,0,2,0,0,6,0,6,0,1,7,0,8,0,0,0,8
12/26/2020,WDG,OK,ASW,CE,Federal Contract Tower,0,2,2,0,4,0,0,30,0,30,0,2,32,0,34,32,0,32,66
12/27/2020,WDG,OK,ASW,CE,Federal Contract Tower,0,2,12,0,14,0,0,8,0,8,0,2,20,0,22,0,0,0,22
12/28/2020,WDG,OK,ASW,CE,Federal Contract Tower,0,2,5,0,7,0,0,20,0,20,0,2,25,0,27,10,0,10,37
12/29/2020,WDG,OK,ASW,CE,Federal Contract Tower,0,2,4,0,6,0,0,0,0,0,0,2,4,0,6,0,0,0,6
12/30/2020,WDG,OK,ASW,CE,Federal Contract Tower,0,2,0,0,2,0,0,7,0,7,0,2,7,0,9,22,0,22,31
12/31/2020,WDG,OK,ASW,CE,Federal Contract Tower,0,2,0,0,2,0,0,10,0,10,0,2,10,0,12,26,0,26,38
01/01/2021,WDG,OK,ASW,CE,Federal Contract Tower,0,0,1,0,1,0,0,1,0,1,0,0,2,0,2,0,0,0,2
01/02/2021,WDG,OK,ASW,CE,Federal Contract Tower,0,1,6,0,7,0,1,26,0,27,0,2,32,0,34,14,0,14,48
01/03/2021,WDG,OK,ASW,CE,Federal Contract Tower,0,0,12,0,12,0,0,25,0,25,0,0,37,0,37,10,0,10,47
01/04/2021,WDG,OK,ASW,CE,Federal Contract Tower,0,2,5,0,7,0,0,14,0,14,0,2,19,0,21,32,0,32,53
01/05/2021,WDG,OK,ASW,CE,Federal Contract Tower,0,4,2,51,57,0,0,11,28,39,0,4,13,79,96,26,32,58,154
01/06/2021,WDG,OK,ASW,CE,Federal Contract Tower,0,2,3,66,71,0,0,5,38,43,0,2,8,104,114,10,88,98,212
01/07/2021,WDG,OK,ASW,CE,Federal Contract Tower,0,2,3,4,9,0,0,1,0,1,0,2,4,4,10,0,0,0,10
01/08/2021,WDG,OK,ASW,CE,Federal Contract Tower,0,2,4,68,74,0,0,5,3,8,0,2,9,71,82,6,44,50,132
01/09/2021,WDG,OK,ASW,CE,Federal Contract Tower,0,2,2,14,18,0,0,15,8,23,0,2,17,22,41,16,26,42,83
01/10/2021,WDG,OK,ASW,CE,Federal Contract Tower,0,0,0,6,6,0,0,1,2,3,0,0,1,8,9,0,12,12,21
01/11/2021,WDG,OK,ASW,CE,Federal Contract Tower,0,2,16,36,54,0,0,30,40,70,0,2,46,76,124,8,134,142,266
01/12/2021,WDG,OK,ASW,CE,Federal Contract Tower,0,2,8,23,33,0,0,28,34,62,0,2,36,57,95,26,105,131,226
01/13/2021,WDG,OK,ASW,CE,Federal Contract Tower,0,2,15,17,34,0,0,34,31,65,0,2,49,48,99,36,62,98,197
01/14/2021,WDG,OK,ASW,CE,Federal Contract Tower,0,2,18,24,44,0,0,17,19,36,0,2,35,43,80,0,37,37,117
01/15/2021,WDG,OK,ASW,CE,Federal Contract Tower,0,3,8,6,17,0,0,8,2,10,0,3,16,8,27,5,0,5,32
01/16/2021,WDG,OK,ASW,CE,Federal Contract Tower,0,2,4,0,6,0,0,42,1,43,0,2,46,1,49,12,14,26,75
01/17/2021,WDG,OK,ASW,CE,Federal Contract Tower,0,0,8,4,12,0,0,26,0,26,0,0,34,4,38,10,2,12,50
01/18/2021,WDG,OK,ASW,CE,Federal Contract Tower,0,7,8,0,15,0,0,31,4,35,0,7,39,4,50,42,6,48,98
01/19/2021,WDG,OK,ASW,CE,Federal Contract Tower,0,2,8,51,61,0,0,22,48,70,0,2,30,99,131,16,124,140,271
01/20/2021,WDG,OK,ASW,CE,Federal Contract Tower,0,2,4,35,41,0,0,4,34,38,0,2,8,69,79,0,134,134,213
01/21/2021,WDG,OK,ASW,CE,Federal Contract Tower,0,2,10,46,58,0,0,21,14,35,0,2,31,60,93,8,41,49,142
01/22/2021,WDG,OK,ASW,CE,Federal Contract Tower,0,3,12,34,49,0,0,24,32,56,0,3,36,66,105,44,140,184,289
01/23/2021,WDG,OK,ASW,CE,Federal Contract Tower,0,3,4,10,17,0,0,6,9,15,0,3,10,19,32,0,18,18,50
01/24/2021,WDG,OK,ASW,CE,Federal Contract Tower,0,2,4,28,34,0,0,0,0,0,0,2,4,28,34,0,0,0,34
01/25/2021,WDG,OK,ASW,CE,Federal Contract Tower,0,4,2,0,6,0,0,0,0,0,0,4,2,0,6,0,0,0,6
01/26/2021,WDG,OK,ASW,CE,Federal Contract Tower,0,2,7,12,21,0,0,3,0,3,0,2,10,12,24,0,2,2,26
01/27/2021,WDG,OK,ASW,CE,Federal Contract Tower,0,1,5,59,65,0,1,17,26,44,0,2,22,85,109,24,96,120,229
01/28/2021,WDG,OK,ASW,CE,Federal Contract Tower,0,4,1,36,41,0,0,8,22,30,0,4,9,58,71,0,74,74,145
01/29/2021,WDG,OK,ASW,CE,Federal Contract Tower,0,0,5,28,33,0,2,19,24,45,0,2,24,52,78,22,104,126,204
01/30/2021,WDG,OK,ASW,CE,Federal Contract Tower,0,0,0,9,9,0,2,6,6,14,0,2,6,15,23,0,6,6,29
01/31/2021,WDG,OK,ASW,CE,Federal Contract Tower,0,0,3,12,15,0,0,12,4,16,0,0,15,16,31,8,14,22,53
02/01/2021,WDG,OK,ASW,CE,Federal Contract Tower,0,2,2,59,63,0,0,19,46,65,0,2,21,105,128,4,154,158,286
02/02/2021,WDG,OK,ASW,CE,Federal Contract Tower,0,2,2,45,49,0,0,9,38,47,0,2,11,83,96,12,157,169,265
02/03/2021,WDG,OK,ASW,CE,Federal Contract Tower,0,2,1,48,51,0,0,23,42,65,0,2,24,90,116,30,210,240,356
02/04/2021,WDG,OK,ASW,CE,Federal Contract Tower,0,3,4,88,95,0,0,5,42,47,0,3,9,130,142,0,158,158,300
02/05/2021,WDG,OK,ASW,CE,Federal Contract Tower,0,2,8,30,40,0,0,20,33,53,0,2,28,63,93,22,168,190,283
02/06/2021,WDG,OK,ASW,CE,Federal Contract Tower,0,2,0,4,6,0,0,9,0,9,0,2,9,4,15,32,0,32,47
02/07/2021,WDG,OK,ASW,CE,Federal Contract Tower,0,3,4,0,7,0,0,0,0,0,0,3,4,0,7,0,0,0,7
02/08/2021,WDG,OK,ASW,CE,Federal Contract Tower,0,0,0,0,0,0,0,0,0,0,0,0,0,0,0,0,0,0,0
02/09/2021,WDG,OK,ASW,CE,Federal Contract Tower,0,0,0,0,0,0,0,0,0,0,0,0,0,0,0,0,0,0,0
02/10/2021,WDG,OK,ASW,CE,Federal Contract Tower,0,0,0,0,0,0,0,0,0,0,0,0,0,0,0,0,0,0,0
02/11/2021,WDG,OK,ASW,CE,Federal Contract Tower,0,2,0,0,2,0,0,2,0,2,0,2,2,0,4,0,0,0,4
02/12/2021,WDG,OK,ASW,CE,Federal Contract Tower,0,0,2,0,2,0,0,0,0,0,0,0,2,0,2,0,0,0,2
02/13/2021,WDG,OK,ASW,CE,Federal Contract Tower,0,0,7,0,7,0,0,0,0,0,0,0,7,0,7,20,0,20,27
02/14/2021,WDG,OK,ASW,CE,Federal Contract Tower,0,0,0,0,0,0,0,0,0,0,0,0,0,0,0,0,0,0,0
02/15/2021,WDG,OK,ASW,CE,Federal Contract Tower,0,0,0,0,0,0,0,0,0,0,0,0,0,0,0,0,0,0,0
02/16/2021,WDG,OK,ASW,CE,Federal Contract Tower,0,0,2,0,2,0,0,0,0,0,0,0,2,0,2,0,0,0,2
02/17/2021,WDG,OK,ASW,CE,Federal Contract Tower,0,0,0,0,0,0,0,0,0,0,0,0,0,0,0,0,0,0,0
02/18/2021,WDG,OK,ASW,CE,Federal Contract Tower,0,2,1,0,3,0,0,1,0,1,0,2,2,0,4,0,0,0,4
02/19/2021,WDG,OK,ASW,CE,Federal Contract Tower,0,1,3,20,24,0,1,5,6,12,0,2,8,26,36,0,32,32,68
02/20/2021,WDG,OK,ASW,CE,Federal Contract Tower,0,0,5,11,16,0,0,8,17,25,0,0,13,28,41,4,2,6,47
02/21/2021,WDG,OK,ASW,CE,Federal Contract Tower,0,0,8,27,35,0,0,17,16,33,0,0,25,43,68,18,40,58,126
02/22/2021,WDG,OK,ASW,CE,Federal Contract Tower,0,2,7,46,55,0,0,14,29,43,0,2,21,75,98,14,116,130,228
02/23/2021,WDG,OK,ASW,CE,Federal Contract Tower,0,3,6,50,59,0,0,25,45,70,0,3,31,95,129,22,108,130,259
02/24/2021,WDG,OK,ASW,CE,Federal Contract Tower,0,4,4,60,68,0,0,9,55,64,0,4,13,115,132,24,136,160,292
02/25/2021,WDG,OK,ASW,CE,Federal Contract Tower,0,2,9,66,77,0,0,7,55,62,0,2,16,121,139,6,184,190,329
02/26/2021,WDG,OK,ASW,CE,Federal Contract Tower,0,2,5,47,54,0,0,28,16,44,0,2,33,63,98,12,52,64,162
02/27/2021,WDG,OK,ASW,CE,Federal Contract Tower,0,0,0,0,0,0,0,0,0,0,0,0,0,0,0,0,0,0,0
02/28/2021,WDG,OK,ASW,CE,Federal Contract Tower,0,0,7,14,21,0,0,12,8,20,0,0,19,22,41,4,14,18,59
03/01/2021,WDG,OK,ASW,CE,Federal Contract Tower,0,3,5,69,77,0,0,10,40,50,0,3,15,109,127,0,192,192,319
03/02/2021,WDG,OK,ASW,CE,Federal Contract Tower,0,2,2,55,59,0,0,27,49,76,0,2,29,104,135,16,150,166,301
03/03/2021,WDG,OK,ASW,CE,Federal Contract Tower,0,2,1,56,59,0,0,26,51,77,0,2,27,107,136,20,193,213,349
03/04/2021,WDG,OK,ASW,CE,Federal Contract Tower,0,2,8,55,65,0,0,16,67,83,0,2,24,122,148,4,270,274,422
03/05/2021,WDG,OK,ASW,CE,Federal Contract Tower,0,2,7,18,27,0,0,8,14,22,0,2,15,32,49,0,40,40,89
03/06/2021,WDG,OK,ASW,CE,Federal Contract Tower,0,4,8,30,42,0,0,44,24,68,0,4,52,54,110,24,72,96,206
03/07/2021,WDG,OK,ASW,CE,Federal Contract Tower,0,0,4,11,15,0,0,18,8,26,0,0,22,19,41,2,54,56,97
03/08/2021,WDG,OK,ASW,CE,Federal Contract Tower,0,2,2,48,52,0,0,5,37,42,0,2,7,85,94,0,104,104,198
03/09/2021,WDG,OK,ASW,CE,Federal Contract Tower,0,2,3,80,85,0,0,8,38,46,0,2,11,118,131,0,178,178,309
03/10/2021,WDG,OK,ASW,CE,Federal Contract Tower,0,5,5,51,61,0,0,10,36,46,0,5,15,87,107,10,120,130,237
03/11/2021,WDG,OK,ASW,CE,Federal Contract Tower,0,4,13,1,18,0,0,5,1,6,0,4,18,2,24,4,0,4,28
03/12/2021,WDG,OK,ASW,CE,Federal Contract Tower,0,2,5,0,7,0,0,0,0,0,0,2,5,0,7,0,0,0,7
03/13/2021,WDG,OK,ASW,CE,Federal Contract Tower,0,0,2,0,2,0,0,0,0,0,0,0,2,0,2,0,0,0,2
03/14/2021,WDG,OK,ASW,CE,Federal Contract Tower,0,0,2,1,3,0,0,11,3,14,0,0,13,4,17,22,4,26,43
03/15/2021,WDG,OK,ASW,CE,Federal Contract Tower,0,2,5,22,29,0,0,16,16,32,0,2,21,38,61,0,60,60,121
03/16/2021,WDG,OK,ASW,CE,Federal Contract Tower,0,2,9,37,48,0,0,24,44,68,0,2,33,81,116,6,141,147,263
03/17/2021,WDG,OK,ASW,CE,Federal Contract Tower,0,2,3,0,5,0,0,0,0,0,0,2,3,0,5,0,0,0,5
03/18/2021,WDG,OK,ASW,CE,Federal Contract Tower,0,3,9,59,71,0,0,9,36,45,0,3,18,95,116,4,118,122,238
03/19/2021,WDG,OK,ASW,CE,Federal Contract Tower,0,2,3,28,33,0,0,29,22,51,0,2,32,50,84,84,76,160,244
03/20/2021,WDG,OK,ASW,CE,Federal Contract Tower,0,2,6,12,20,0,0,69,4,73,0,2,75,16,93,8,26,34,127
03/21/2021,WDG,OK,ASW,CE,Federal Contract Tower,0,0,8,17,25,0,0,13,16,29,0,0,21,33,54,0,4,4,58
03/22/2021,WDG,OK,ASW,CE,Federal Contract Tower,0,2,4,0,6,0,0,1,0,1,0,2,5,0,7,0,0,0,7
03/23/2021,WDG,OK,ASW,CE,Federal Contract Tower,0,2,5,0,7,0,0,4,0,4,0,2,9,0,11,0,0,0,11
03/24/2021,WDG,OK,ASW,CE,Federal Contract Tower,0,2,10,77,89,0,0,17,51,68,0,2,27,128,157,0,128,128,285
03/25/2021,WDG,OK,ASW,CE,Federal Contract Tower,0,2,7,67,76,0,0,12,24,36,0,2,19,91,112,14,100,114,226
03/26/2021,WDG,OK,ASW,CE,Federal Contract Tower,0,3,8,44,55,0,0,24,34,58,0,3,32,78,113,6,84,90,203
03/27/2021,WDG,OK,ASW,CE,Federal Contract Tower,0,2,3,40,45,0,0,28,21,49,0,2,31,61,94,26,46,72,166
03/28/2021,WDG,OK,ASW,CE,Federal Contract Tower,0,0,6,10,16,0,0,27,12,39,0,0,33,22,55,28,30,58,113
03/29/2021,WDG,OK,ASW,CE,Federal Contract Tower,0,4,2,0,6,0,0,1,0,1,0,4,3,0,7,2,0,2,9
03/30/2021,WDG,OK,ASW,CE,Federal Contract Tower,0,2,4,63,69,0,0,11,61,72,0,2,15,124,141,6,108,114,255
03/31/2021,WDG,OK,ASW,CE,Federal Contract Tower,0,2,4,50,56,0,0,21,33,54,0,2,25,83,110,8,74,82,192
04/01/2021,WDG,OK,ASW,CE,Federal Contract Tower,0,6,11,44,61,0,0,23,43,66,0,6,34,87,127,8,48,56,183
04/02/2021,WDG,OK,ASW,CE,Federal Contract Tower,0,2,5,50,57,0,0,15,50,65,0,2,20,100,122,4,120,124,246
04/03/2021,WDG,OK,ASW,CE,Federal Contract Tower,0,2,5,5,12,0,1,25,4,30,0,3,30,9,42,20,44,64,106
04/04/2021,WDG,OK,ASW,CE,Federal Contract Tower,0,0,4,0,4,0,0,6,1,7,0,0,10,1,11,0,4,4,15
04/05/2021,WDG,OK,ASW,CE,Federal Contract Tower,0,2,1,51,54,0,0,7,26,33,0,2,8,77,87,4,88,92,179
04/06/2021,WDG,OK,ASW,CE,Federal Contract Tower,0,3,5,63,71,0,0,2,26,28,0,3,7,89,99,0,90,90,189
04/07/2021,WDG,OK,ASW,CE,Federal Contract Tower,0,3,2,18,23,0,0,4,10,14,0,3,6,28,37,0,12,12,49
04/08/2021,WDG,OK,ASW,CE,Federal Contract Tower,0,6,7,63,76,0,2,11,50,63,0,8,18,113,139,4,60,64,203
04/09/2021,WDG,OK,ASW,CE,Federal Contract Tower,0,2,5,53,60,0,0,11,36,47,0,2,16,89,107,28,75,103,210
04/10/2021,WDG,OK,ASW,CE,Federal Contract Tower,0,3,1,0,4,0,0,21,17,38,0,3,22,17,42,14,14,28,70
04/11/2021,WDG,OK,ASW,CE,Federal Contract Tower,0,4,1,19,24,0,0,15,16,31,0,4,16,35,55,0,4,4,59
04/12/2021,WDG,OK,ASW,CE,Federal Contract Tower,0,3,8,65,76,0,2,19,45,66,0,5,27,110,142,0,146,146,288
04/13/2021,WDG,OK,ASW,CE,Federal Contract Tower,0,2,11,72,85,0,0,4,58,62,0,2,15,130,147,16,119,135,282
04/14/2021,WDG,OK,ASW,CE,Federal Contract Tower,0,3,7,70,80,0,0,17,41,58,0,3,24,111,138,6,62,68,206
04/15/2021,WDG,OK,ASW,CE,Federal Contract Tower,0,1,10,86,97,0,1,7,30,38,0,2,17,116,135,6,63,69,204
04/16/2021,WDG,OK,ASW,CE,Federal Contract Tower,0,2,3,2,7,0,0,0,0,0,0,2,3,2,7,0,8,8,15
04/17/2021,WDG,OK,ASW,CE,Federal Contract Tower,0,2,7,12,21,0,0,28,4,32,0,2,35,16,53,44,10,54,107
04/18/2021,WDG,OK,ASW,CE,Federal Contract Tower,0,0,10,31,41,0,0,20,25,45,0,0,30,56,86,10,34,44,130
04/19/2021,WDG,OK,ASW,CE,Federal Contract Tower,0,2,2,53,57,0,0,16,35,51,0,2,18,88,108,2,112,114,222
04/20/2021,WDG,OK,ASW,CE,Federal Contract Tower,0,2,1,47,50,0,0,3,21,24,0,2,4,68,74,0,46,46,120
04/21/2021,WDG,OK,ASW,CE,Federal Contract Tower,0,2,6,62,70,0,0,17,39,56,0,2,23,101,126,12,78,90,216
04/22/2021,WDG,OK,ASW,CE,Federal Contract Tower,0,4,10,23,37,0,0,11,17,28,0,4,21,40,65,10,66,76,141
04/23/2021,WDG,OK,ASW,CE,Federal Contract Tower,0,0,6,31,37,0,0,0,0,0,0,0,6,31,37,0,2,2,39
04/24/2021,WDG,OK,ASW,CE,Federal Contract Tower,0,2,6,2,10,0,0,34,2,36,0,2,40,4,46,22,16,38,84
04/25/2021,WDG,OK,ASW,CE,Federal Contract Tower,0,0,4,21,25,0,0,19,13,32,0,0,23,34,57,2,22,24,81
04/26/2021,WDG,OK,ASW,CE,Federal Contract Tower,0,2,7,34,43,0,0,13,24,37,0,2,20,58,80,0,138,138,218
04/27/2021,WDG,OK,ASW,CE,Federal Contract Tower,0,2,7,42,51,0,0,6,7,13,0,2,13,49,64,4,46,50,114
04/28/2021,WDG,OK,ASW,CE,Federal Contract Tower,0,2,4,6,12,0,0,0,0,0,0,2,4,6,12,0,0,0,12
04/29/2021,WDG,OK,ASW,CE,Federal Contract Tower,0,2,3,58,63,0,0,11,48,59,0,2,14,106,122,0,142,142,264
04/30/2021,WDG,OK,ASW,CE,Federal Contract Tower,0,2,8,37,47,0,0,27,28,55,0,2,35,65,102,24,118,142,244
05/01/2021,WDG,OK,ASW,CE,Federal Contract Tower,0,2,1,4,7,0,0,22,5,27,0,2,23,9,34,58,22,80,114
05/02/2021,WDG,OK,ASW,CE,Federal Contract Tower,0,0,9,35,44,0,0,8,5,13,0,0,17,40,57,36,20,56,113
05/03/2021,WDG,OK,ASW,CE,Federal Contract Tower,0,2,0,100,102,0,0,3,24,27,0,2,3,124,129,0,114,114,243
05/04/2021,WDG,OK,ASW,CE,Federal Contract Tower,0,2,2,87,91,0,0,5,32,37,0,2,7,119,128,12,118,130,258
05/05/2021,WDG,OK,ASW,CE,Federal Contract Tower,0,2,1,55,58,0,0,26,31,57,0,2,27,86,115,30,90,120,235
05/06/2021,WDG,OK,ASW,CE,Federal Contract Tower,0,2,6,71,79,0,0,10,55,65,0,2,16,126,144,6,101,107,251
05/07/2021,WDG,OK,ASW,CE,Federal Contract Tower,0,2,10,54,66,0,0,16,48,64,0,2,26,102,130,6,155,161,291
05/08/2021,WDG,OK,ASW,CE,Federal Contract Tower,0,2,8,6,16,0,0,13,2,15,0,2,21,8,31,10,32,42,73
05/09/2021,WDG,OK,ASW,CE,Federal Contract Tower,0,0,2,28,30,0,0,5,1,6,0,0,7,29,36,0,4,4,40
05/10/2021,WDG,OK,ASW,CE,Federal Contract Tower,0,6,5,57,68,0,0,8,6,14,0,6,13,63,82,8,30,38,120
05/11/2021,WDG,OK,ASW,CE,Federal Contract Tower,0,2,2,22,26,0,0,2,6,8,0,2,4,28,34,8,10,18,52
05/12/2021,WDG,OK,ASW,CE,Federal Contract Tower,0,3,13,55,71,0,1,10,33,44,0,4,23,88,115,10,122,132,247
05/13/2021,WDG,OK,ASW,CE,Federal Contract Tower,0,2,6,47,55,0,0,27,37,64,0,2,33,84,119,8,100,108,227
05/14/2021,WDG,OK,ASW,CE,Federal Contract Tower,0,2,3,22,27,0,0,13,20,33,0,2,16,42,60,0,74,74,134
05/15/2021,WDG,OK,ASW,CE,Federal Contract Tower,0,4,3,8,15,0,0,26,11,37,0,4,29,19,52,14,36,50,102
05/16/2021,WDG,OK,ASW,CE,Federal Contract Tower,0,0,8,15,23,0,0,1,2,3,0,0,9,17,26,0,6,6,32
05/17/2021,WDG,OK,ASW,CE,Federal Contract Tower,0,2,0,84,86,0,0,6,19,25,0,2,6,103,111,0,38,38,149
05/18/2021,WDG,OK,ASW,CE,Federal Contract Tower,0,2,7,41,50,0,0,4,0,4,0,2,11,41,54,24,22,46,100
05/19/2021,WDG,OK,ASW,CE,Federal Contract Tower,0,2,1,37,40,0,0,2,18,20,0,2,3,55,60,0,60,60,120
05/20/2021,WDG,OK,ASW,CE,Federal Contract Tower,0,2,4,31,37,0,0,8,20,28,0,2,12,51,65,30,88,118,183
05/21/2021,WDG,OK,ASW,CE,Federal Contract Tower,0,3,8,34,45,0,0,5,19,24,0,3,13,53,69,26,58,84,153
05/22/2021,WDG,OK,ASW,CE,Federal Contract Tower,0,4,3,18,25,0,0,0,2,2,0,4,3,20,27,14,4,18,45
05/23/2021,WDG,OK,ASW,CE,Federal Contract Tower,0,0,2,39,41,0,0,1,1,2,0,0,3,40,43,0,18,18,61
05/24/2021,WDG,OK,ASW,CE,Federal Contract Tower,0,2,5,24,31,0,0,2,0,2,0,2,7,24,33,4,0,4,37
05/25/2021,WDG,OK,ASW,CE,Federal Contract Tower,0,4,10,35,49,0,0,11,23,34,0,4,21,58,83,22,41,63,146
05/26/2021,WDG,OK,ASW,CE,Federal Contract Tower,0,2,3,5,10,0,0,5,0,5,0,2,8,5,15,12,0,12,27
05/27/2021,WDG,OK,ASW,CE,Federal Contract Tower,0,2,4,0,6,0,0,2,0,2,0,2,6,0,8,0,0,0,8
05/28/2021,WDG,OK,ASW,CE,Federal Contract Tower,0,2,5,3,10,0,0,18,0,18,0,2,23,3,28,20,0,20,48
05/29/2021,WDG,OK,ASW,CE,Federal Contract Tower,0,2,6,0,8,0,0,24,0,24,0,2,30,0,32,16,0,16,48
05/30/2021,WDG,OK,ASW,CE,Federal Contract Tower,0,2,6,3,11,0,0,2,0,2,0,2,8,3,13,0,0,0,13
05/31/2021,WDG,OK,ASW,CE,Federal Contract Tower,0,2,6,2,10,0,0,0,0,0,0,2,6,2,10,0,0,0,10
06/01/2021,WDG,OK,ASW,CE,Federal Contract Tower,0,2,3,54,59,0,0,7,9,16,0,2,10,63,75,8,96,104,179
06/02/2021,WDG,OK,ASW,CE,Federal Contract Tower,0,4,1,37,42,0,0,12,34,46,0,4,13,71,88,60,61,121,209
06/03/2021,WDG,OK,ASW,CE,Federal Contract Tower,0,2,4,35,41,0,1,24,23,48,0,3,28,58,89,48,67,115,204
06/04/2021,WDG,OK,ASW,CE,Federal Contract Tower,0,2,4,18,24,0,0,21,15,36,0,2,25,33,60,27,54,81,141
06/05/2021,WDG,OK,ASW,CE,Federal Contract Tower,0,2,7,10,19,0,0,24,8,32,0,2,31,18,51,28,42,70,121
06/06/2021,WDG,OK,ASW,CE,Federal Contract Tower,0,0,2,18,20,0,0,2,5,7,0,0,4,23,27,0,0,0,27
06/07/2021,WDG,OK,ASW,CE,Federal Contract Tower,0,2,3,44,49,0,1,5,24,30,0,3,8,68,79,8,50,58,137
06/08/2021,WDG,OK,ASW,CE,Federal Contract Tower,0,2,2,52,56,0,0,10,28,38,0,2,12,80,94,0,152,152,246
06/09/2021,WDG,OK,ASW,CE,Federal Contract Tower,0,0,7,38,45,0,0,17,26,43,0,0,24,64,88,12,38,50,138
06/10/2021,WDG,OK,ASW,CE,Federal Contract Tower,0,2,16,26,44,0,1,7,39,47,0,3,23,65,91,6,144,150,241
06/11/2021,WDG,OK,ASW,CE,Federal Contract Tower,0,3,8,29,40,0,1,13,28,42,0,4,21,57,82,12,134,146,228
06/12/2021,WDG,OK,ASW,CE,Federal Contract Tower,0,3,8,6,17,0,0,28,13,41,0,3,36,19,58,8,26,34,92
06/13/2021,WDG,OK,ASW,CE,Federal Contract Tower,0,2,1,23,26,0,0,13,9,22,0,2,14,32,48,2,28,30,78
06/14/2021,WDG,OK,ASW,CE,Federal Contract Tower,0,2,9,47,58,0,0,16,35,51,0,2,25,82,109,4,146,150,259
06/15/2021,WDG,OK,ASW,CE,Federal Contract Tower,0,2,9,38,49,0,0,20,29,49,0,2,29,67,98,4,138,142,240
06/16/2021,WDG,OK,ASW,CE,Federal Contract Tower,0,4,13,38,55,0,0,24,50,74,0,4,37,88,129,0,140,140,269
06/17/2021,WDG,OK,ASW,CE,Federal Contract Tower,0,2,8,43,53,0,0,9,40,49,0,2,17,83,102,0,126,126,228
06/18/2021,WDG,OK,ASW,CE,Federal Contract Tower,0,3,14,4,21,0,0,22,0,22,0,3,36,4,43,6,0,6,49
06/19/2021,WDG,OK,ASW,CE,Federal Contract Tower,0,2,7,0,9,0,0,42,0,42,0,2,49,0,51,38,0,38,89
06/20/2021,WDG,OK,ASW,CE,Federal Contract Tower,0,1,3,0,4,0,1,16,1,18,0,2,19,1,22,0,0,0,22
06/21/2021,WDG,OK,ASW,CE,Federal Contract Tower,0,4,1,49,54,0,0,14,35,49,0,4,15,84,103,4,78,82,185
06/22/2021,WDG,OK,ASW,CE,Federal Contract Tower,0,3,13,68,84,0,0,16,43,59,0,3,29,111,143,18,158,176,319
06/23/2021,WDG,OK,ASW,CE,Federal Contract Tower,0,2,8,52,62,0,0,21,19,40,0,2,29,71,102,14,112,126,228
06/24/2021,WDG,OK,ASW,CE,Federal Contract Tower,0,2,2,35,39,0,0,13,33,46,0,2,15,68,85,0,104,104,189
06/25/2021,WDG,OK,ASW,CE,Federal Contract Tower,0,4,8,19,31,0,0,26,19,45,0,4,34,38,76,2,96,98,174
06/26/2021,WDG,OK,ASW,CE,Federal Contract Tower,0,2,4,12,18,0,0,8,3,11,0,2,12,15,29,14,30,44,73
06/27/2021,WDG,OK,ASW,CE,Federal Contract Tower,0,0,4,21,25,0,0,6,0,6,0,0,10,21,31,8,0,8,39
06/28/2021,WDG,OK,ASW,CE,Federal Contract Tower,0,7,5,52,64,0,0,6,2,8,0,7,11,54,72,0,0,0,72
06/29/2021,WDG,OK,ASW,CE,Federal Contract Tower,0,2,1,0,3,0,0,1,0,1,0,2,2,0,4,0,0,0,4
06/30/2021,WDG,OK,ASW,CE,Federal Contract Tower,0,3,5,48,56,0,0,5,2,7,0,3,10,50,63,14,2,16,79
07/01/2021,WDG,OK,ASW,CE,Federal Contract Tower,0,4,7,12,23,0,0,7,4,11,0,4,14,16,34,0,1,1,35
07/02/2021,WDG,OK,ASW,CE,Federal Contract Tower,0,3,11,0,14,0,0,13,4,17,0,3,24,4,31,8,0,8,39
07/03/2021,WDG,OK,ASW,CE,Federal Contract Tower,0,3,8,4,15,0,0,35,8,43,0,3,43,12,58,12,36,48,106
07/04/2021,WDG,OK,ASW,CE,Federal Contract Tower,0,0,0,0,0,0,0,11,0,11,0,0,11,0,11,14,0,14,25
07/05/2021,WDG,OK,ASW,CE,Federal Contract Tower,0,0,6,2,8,0,0,27,6,33,0,0,33,8,41,24,16,40,81
07/06/2021,WDG,OK,ASW,CE,Federal Contract Tower,0,2,8,68,78,0,0,22,51,73,0,2,30,119,151,20,170,190,341
07/07/2021,WDG,OK,ASW,CE,Federal Contract Tower,0,2,9,20,31,0,0,9,17,26,0,2,18,37,57,0,66,66,123
07/08/2021,WDG,OK,ASW,CE,Federal Contract Tower,0,3,1,55,59,0,0,22,40,62,0,3,23,95,121,13,81,94,215
07/09/2021,WDG,OK,ASW,CE,Federal Contract Tower,0,2,11,31,44,0,0,14,42,56,0,2,25,73,100,4,108,112,212
07/10/2021,WDG,OK,ASW,CE,Federal Contract Tower,0,2,2,6,10,0,0,10,3,13,0,2,12,9,23,56,8,64,87
07/11/2021,WDG,OK,ASW,CE,Federal Contract Tower,0,0,10,20,30,0,0,17,10,27,0,0,27,30,57,10,24,34,91
07/12/2021,WDG,OK,ASW,CE,Federal Contract Tower,0,2,2,78,82,0,0,17,52,69,0,2,19,130,151,0,189,189,340
07/13/2021,WDG,OK,ASW,CE,Federal Contract Tower,0,2,3,44,49,0,0,10,34,44,0,2,13,78,93,10,154,164,257
07/14/2021,WDG,OK,ASW,CE,Federal Contract Tower,0,2,5,35,42,0,0,12,35,47,0,2,17,70,89,16,114,130,219
07/15/2021,WDG,OK,ASW,CE,Federal Contract Tower,0,2,4,47,53,0,0,14,31,45,0,2,18,78,98,4,86,90,188
07/16/2021,WDG,OK,ASW,CE,Federal Contract Tower,0,2,5,53,60,0,0,11,41,52,0,2,16,94,112,6,172,178,290
07/17/2021,WDG,OK,ASW,CE,Federal Contract Tower,0,2,5,5,12,0,0,32,3,35,0,2,37,8,47,2,14,16,63
07/18/2021,WDG,OK,ASW,CE,Federal Contract Tower,0,0,5,5,10,0,0,9,4,13,0,0,14,9,23,2,0,2,25
07/19/2021,WDG,OK,ASW,CE,Federal Contract Tower,0,2,6,62,70,0,0,23,42,65,0,2,29,104,135,6,158,164,299
07/20/2021,WDG,OK,ASW,CE,Federal Contract Tower,0,1,6,68,75,0,1,24,42,67,0,2,30,110,142,2,114,116,258
07/21/2021,WDG,OK,ASW,CE,Federal Contract Tower,0,1,2,51,54,0,1,24,37,62,0,2,26,88,116,24,196,220,336
07/22/2021,WDG,OK,ASW,CE,Federal Contract Tower,0,1,7,52,60,0,1,14,32,47,0,2,21,84,107,4,90,94,201
07/23/2021,WDG,OK,ASW,CE,Federal Contract Tower,0,1,3,43,47,0,1,17,39,57,0,2,20,82,104,0,90,90,194
07/24/2021,WDG,OK,ASW,CE,Federal Contract Tower,0,2,2,5,9,0,1,20,3,24,0,3,22,8,33,12,8,20,53
07/25/2021,WDG,OK,ASW,CE,Federal Contract Tower,0,0,5,7,12,0,0,12,7,19,0,0,17,14,31,6,8,14,45
07/26/2021,WDG,OK,ASW,CE,Federal Contract Tower,0,2,8,38,48,0,0,11,27,38,0,2,19,65,86,18,78,96,182
07/27/2021,WDG,OK,ASW,CE,Federal Contract Tower,0,1,5,27,33,0,1,10,31,42,0,2,15,58,75,0,114,114,189
07/28/2021,WDG,OK,ASW,CE,Federal Contract Tower,0,4,6,38,48,0,0,11,32,43,0,4,17,70,91,0,64,64,155
07/29/2021,WDG,OK,ASW,CE,Federal Contract Tower,0,7,8,31,46,0,0,19,33,52,0,7,27,64,98,28,98,126,224
07/30/2021,WDG,OK,ASW,CE,Federal Contract Tower,0,2,6,37,45,0,0,21,29,50,0,2,27,66,95,24,108,132,227
07/31/2021,WDG,OK,ASW,CE,Federal Contract Tower,0,2,9,7,18,0,0,14,11,25,0,2,23,18,43,4,36,40,83
08/01/2021,WDG,OK,ASW,CE,Federal Contract Tower,0,1,2,7,10,0,0,1,5,6,0,1,3,12,16,26,0,26,42
08/02/2021,WDG,OK,ASW,CE,Federal Contract Tower,0,2,6,59,67,0,1,12,39,52,0,3,18,98,119,2,96,98,217
08/03/2021,WDG,OK,ASW,CE,Federal Contract Tower,0,2,2,56,60,0,0,13,41,54,0,2,15,97,114,6,78,84,198
08/04/2021,WDG,OK,ASW,CE,Federal Contract Tower,0,4,3,35,42,0,0,11,41,52,0,4,14,76,94,16,118,134,228
08/05/2021,WDG,OK,ASW,CE,Federal Contract Tower,0,5,6,49,60,0,0,11,34,45,0,5,17,83,105,6,82,88,193
08/06/2021,WDG,OK,ASW,CE,Federal Contract Tower,0,2,10,34,46,0,0,20,32,52,0,2,30,66,98,0,182,182,280
08/07/2021,WDG,OK,ASW,CE,Federal Contract Tower,0,2,3,8,13,0,0,41,1,42,0,2,44,9,55,2,0,2,57
08/08/2021,WDG,OK,ASW,CE,Federal Contract Tower,0,1,8,10,19,0,0,7,8,15,0,1,15,18,34,2,0,2,36
08/09/2021,WDG,OK,ASW,CE,Federal Contract Tower,0,0,16,42,58,0,0,7,52,59,0,0,23,94,117,28,108,136,253
08/10/2021,WDG,OK,ASW,CE,Federal Contract Tower,0,2,10,33,45,0,0,18,26,44,0,2,28,59,89,2,84,86,175
08/11/2021,WDG,OK,ASW,CE,Federal Contract Tower,0,4,7,26,37,0,0,12,22,34,0,4,19,48,71,8,68,76,147
08/12/2021,WDG,OK,ASW,CE,Federal Contract Tower,0,2,9,33,44,0,0,9,32,41,0,2,18,65,85,0,114,114,199
08/13/2021,WDG,OK,ASW,CE,Federal Contract Tower,0,2,9,31,42,0,0,6,26,32,0,2,15,57,74,0,40,40,114
08/14/2021,WDG,OK,ASW,CE,Federal Contract Tower,0,2,5,4,11,0,1,10,2,13,0,3,15,6,24,8,0,8,32
08/15/2021,WDG,OK,ASW,CE,Federal Contract Tower,0,1,2,5,8,0,0,9,9,18,0,1,11,14,26,4,6,10,36
08/16/2021,WDG,OK,ASW,CE,Federal Contract Tower,0,4,5,28,37,0,0,13,29,42,0,4,18,57,79,14,96,110,189
08/17/2021,WDG,OK,ASW,CE,Federal Contract Tower,0,4,2,43,49,0,0,2,34,36,0,4,4,77,85,0,112,112,197
08/18/2021,WDG,OK,ASW,CE,Federal Contract Tower,0,4,6,60,70,0,0,3,17,20,0,4,9,77,90,4,94,98,188
08/19/2021,WDG,OK,ASW,CE,Federal Contract Tower,0,2,4,56,62,0,0,3,29,32,0,2,7,85,94,4,92,96,190
08/20/2021,WDG,OK,ASW,CE,Federal Contract Tower,0,2,4,58,64,0,0,26,47,73,0,2,30,105,137,2,120,122,259
08/21/2021,WDG,OK,ASW,CE,Federal Contract Tower,0,2,2,0,4,0,0,68,7,75,0,2,70,7,79,30,16,46,125
08/22/2021,WDG,OK,ASW,CE,Federal Contract Tower,0,0,4,11,15,0,0,14,14,28,0,0,18,25,43,0,10,10,53
08/23/2021,WDG,OK,ASW,CE,Federal Contract Tower,0,2,2,36,40,0,0,8,42,50,0,2,10,78,90,0,88,88,178
08/24/2021,WDG,OK,ASW,CE,Federal Contract Tower,0,3,9,50,62,0,0,18,39,57,0,3,27,89,119,12,86,98,217
08/25/2021,WDG,OK,ASW,CE,Federal Contract Tower,0,4,3,46,53,0,0,24,37,61,0,4,27,83,114,8,76,84,198
08/26/2021,WDG,OK,ASW,CE,Federal Contract Tower,0,4,2,34,40,0,0,7,26,33,0,4,9,60,73,18,82,100,173
08/27/2021,WDG,OK,ASW,CE,Federal Contract Tower,0,2,5,28,35,0,0,27,23,50,0,2,32,51,85,22,64,86,171
08/28/2021,WDG,OK,ASW,CE,Federal Contract Tower,0,2,0,4,6,0,0,21,8,29,0,2,21,12,35,2,56,58,93
08/29/2021,WDG,OK,ASW,CE,Federal Contract Tower,0,0,6,8,14,0,0,17,15,32,0,0,23,23,46,20,46,66,112
08/30/2021,WDG,OK,ASW,CE,Federal Contract Tower,0,2,3,36,41,0,0,15,26,41,0,2,18,62,82,0,47,47,129
08/31/2021,WDG,OK,ASW,CE,Federal Contract Tower,0,3,5,42,50,0,1,21,32,54,0,4,26,74,104,0,100,100,204
09/01/2021,WDG,OK,ASW,CE,Federal Contract Tower,0,1,6,45,52,0,1,9,27,37,0,2,15,72,89,0,76,76,165
09/02/2021,WDG,OK,ASW,CE,Federal Contract Tower,0,1,8,39,48,0,1,15,35,51,0,2,23,74,99,0,112,112,211
09/03/2021,WDG,OK,ASW,CE,Federal Contract Tower,0,2,10,0,12,0,0,14,2,16,0,2,24,2,28,2,0,2,30
09/04/2021,WDG,OK,ASW,CE,Federal Contract Tower,0,2,9,0,11,0,0,12,0,12,0,2,21,0,23,10,0,10,33
09/05/2021,WDG,OK,ASW,CE,Federal Contract Tower,0,0,6,0,6,0,0,10,0,10,0,0,16,0,16,34,0,34,50
09/06/2021,WDG,OK,ASW,CE,Federal Contract Tower,0,0,5,0,5,0,0,22,0,22,0,0,27,0,27,2,0,2,29
09/07/2021,WDG,OK,ASW,CE,Federal Contract Tower,0,5,2,50,57,0,0,18,37,55,0,5,20,87,112,6,144,150,262
09/08/2021,WDG,OK,ASW,CE,Federal Contract Tower,0,3,5,73,81,0,0,12,37,49,0,3,17,110,130,8,88,96,226
09/09/2021,WDG,OK,ASW,CE,Federal Contract Tower,0,2,13,52,67,0,0,9,44,53,0,2,22,96,120,0,162,162,282
09/10/2021,WDG,OK,ASW,CE,Federal Contract Tower,0,2,12,27,41,0,0,9,37,46,0,2,21,64,87,4,89,93,180
09/11/2021,WDG,OK,ASW,CE,Federal Contract Tower,0,2,3,4,9,0,0,20,14,34,0,2,23,18,43,6,26,32,75
09/12/2021,WDG,OK,ASW,CE,Federal Contract Tower,0,2,8,21,31,0,0,25,8,33,0,2,33,29,64,6,6,12,76
09/13/2021,WDG,OK,ASW,CE,Federal Contract Tower,0,2,9,44,55,0,0,8,33,41,0,2,17,77,96,10,72,82,178
09/14/2021,WDG,OK,ASW,CE,Federal Contract Tower,0,3,0,47,50,0,0,18,32,50,0,3,18,79,100,10,58,68,168
09/15/2021,WDG,OK,ASW,CE,Federal Contract Tower,0,7,8,34,49,0,0,14,33,47,0,7,22,67,96,14,106,120,216
09/16/2021,WDG,OK,ASW,CE,Federal Contract Tower,0,4,3,38,45,0,0,28,34,62,0,4,31,72,107,0,92,92,199
09/17/2021,WDG,OK,ASW,CE,Federal Contract Tower,0,2,18,18,38,0,0,34,20,54,0,2,52,38,92,4,50,54,146
09/18/2021,WDG,OK,ASW,CE,Federal Contract Tower,0,5,9,0,14,0,0,35,4,39,0,5,44,4,53,8,6,14,67
09/19/2021,WDG,OK,ASW,CE,Federal Contract Tower,0,1,15,17,33,0,0,18,12,30,0,1,33,29,63,2,0,2,65
09/20/2021,WDG,OK,ASW,CE,Federal Contract Tower,0,2,6,48,56,0,0,11,34,45,0,2,17,82,101,4,86,90,191
09/21/2021,WDG,OK,ASW,CE,Federal Contract Tower,0,2,8,33,43,0,0,6,26,32,0,2,14,59,75,0,52,52,127
09/22/2021,WDG,OK,ASW,CE,Federal Contract Tower,0,6,9,50,65,0,0,18,38,56,0,6,27,88,121,2,70,72,193
09/23/2021,WDG,OK,ASW,CE,Federal Contract Tower,0,2,8,33,43,0,0,9,25,34,0,2,17,58,77,4,88,92,169
09/24/2021,WDG,OK,ASW,CE,Federal Contract Tower,0,2,5,21,28,0,0,16,27,43,0,2,21,48,71,10,50,60,131
09/25/2021,WDG,OK,ASW,CE,Federal Contract Tower,0,4,3,4,11,0,0,26,2,28,0,4,29,6,39,0,18,18,57
09/26/2021,WDG,OK,ASW,CE,Federal Contract Tower,0,0,3,4,7,0,0,10,3,13,0,0,13,7,20,0,16,16,36
09/27/2021,WDG,OK,ASW,CE,Federal Contract Tower,0,2,0,28,30,0,0,2,22,24,0,2,2,50,54,0,74,74,128
09/28/2021,WDG,OK,ASW,CE,Federal Contract Tower,0,3,2,36,41,0,0,7,28,35,0,3,9,64,76,0,108,108,184
09/29/2021,WDG,OK,ASW,CE,Federal Contract Tower,0,2,10,31,43,0,0,14,20,34,0,2,24,51,77,0,48,48,125
09/30/2021,WDG,OK,ASW,CE,Federal Contract Tower,0,2,7,51,60,0,0,0,0,0,0,2,7,51,60,0,4,4,64
10/01/2021,WDG,OK,ASW,CE,Federal Contract Tower,0,2,4,31,37,0,0,9,16,25,0,2,13,47,62,0,72,72,134
10/02/2021,WDG,OK,ASW,CE,Federal Contract Tower,0,0,3,5,8,0,0,11,6,17,0,0,14,11,25,0,14,14,39
10/03/2021,WDG,OK,ASW,CE,Federal Contract Tower,0,0,7,9,16,0,0,13,7,20,0,0,20,16,36,36,14,50,86
10/04/2021,WDG,OK,ASW,CE,Federal Contract Tower,0,2,3,53,58,0,0,16,36,52,0,2,19,89,110,10,134,144,254
10/05/2021,WDG,OK,ASW,CE,Federal Contract Tower,0,2,3,33,38,0,0,22,40,62,0,2,25,73,100,8,114,122,222
10/06/2021,WDG,OK,ASW,CE,Federal Contract Tower,0,2,5,31,38,0,0,19,23,42,0,2,24,54,80,0,66,66,146
10/07/2021,WDG,OK,ASW,CE,Federal Contract Tower,0,2,7,34,43,0,0,18,29,47,0,2,25,63,90,2,112,114,204
10/08/2021,WDG,OK,ASW,CE,Federal Contract Tower,0,3,8,39,50,0,0,22,22,44,0,3,30,61,94,28,68,96,190
10/09/2021,WDG,OK,ASW,CE,Federal Contract Tower,0,2,0,6,8,0,0,9,5,14,0,2,9,11,22,10,26,36,58
10/10/2021,WDG,OK,ASW,CE,Federal Contract Tower,0,0,6,5,11,0,0,10,1,11,0,0,16,6,22,6,0,6,28
10/11/2021,WDG,OK,ASW,CE,Federal Contract Tower,0,2,8,3,13,0,0,20,1,21,0,2,28,4,34,8,12,20,54
10/12/2021,WDG,OK,ASW,CE,Federal Contract Tower,0,2,5,2,9,0,0,2,2,4,0,2,7,4,13,0,4,4,17
10/13/2021,WDG,OK,ASW,CE,Federal Contract Tower,0,4,2,59,65,0,0,10,42,52,0,4,12,101,117,12,134,146,263
10/14/2021,WDG,OK,ASW,CE,Federal Contract Tower,0,3,16,13,32,0,0,4,0,4,0,3,20,13,36,0,0,0,36
10/15/2021,WDG,OK,ASW,CE,Federal Contract Tower,0,5,7,57,69,0,0,14,37,51,0,5,21,94,120,8,196,204,324
10/16/2021,WDG,OK,ASW,CE,Federal Contract Tower,0,2,0,7,9,0,0,43,16,59,0,2,43,23,68,34,92,126,194
10/17/2021,WDG,OK,ASW,CE,Federal Contract Tower,0,0,4,15,19,0,0,24,6,30,0,0,28,21,49,6,12,18,67
10/18/2021,WDG,OK,ASW,CE,Federal Contract Tower,0,2,4,43,49,0,0,12,34,46,0,2,16,77,95,0,156,156,251
10/19/2021,WDG,OK,ASW,CE,Federal Contract Tower,0,2,4,3,9,0,0,6,3,9,0,2,10,6,18,0,16,16,34
10/20/2021,WDG,OK,ASW,CE,Federal Contract Tower,0,2,2,44,48,0,0,15,35,50,0,2,17,79,98,40,104,144,242
10/21/2021,WDG,OK,ASW,CE,Federal Contract Tower,0,2,9,54,65,0,0,23,45,68,0,2,32,99,133,8,98,106,239
10/22/2021,WDG,OK,ASW,CE,Federal Contract Tower,0,2,8,43,53,0,0,14,48,62,0,2,22,91,115,12,178,190,305
10/23/2021,WDG,OK,ASW,CE,Federal Contract Tower,0,2,3,12,17,0,0,51,4,55,0,2,54,16,72,0,114,114,186
10/24/2021,WDG,OK,ASW,CE,Federal Contract Tower,0,0,7,18,25,0,0,5,12,17,0,0,12,30,42,0,28,28,70
10/25/2021,WDG,OK,ASW,CE,Federal Contract Tower,0,2,8,67,77,0,0,22,34,56,0,2,30,101,133,10,148,158,291
10/26/2021,WDG,OK,ASW,CE,Federal Contract Tower,0,6,6,10,22,0,0,4,0,4,0,6,10,10,26,0,8,8,34
10/27/2021,WDG,OK,ASW,CE,Federal Contract Tower,0,4,7,3,14,0,0,0,0,0,0,4,7,3,14,0,0,0,14
10/28/2021,WDG,OK,ASW,CE,Federal Contract Tower,0,2,4,1,7,0,0,2,0,2,0,2,6,1,9,6,0,6,15
10/29/2021,WDG,OK,ASW,CE,Federal Contract Tower,0,2,9,44,55,0,1,9,29,39,0,3,18,73,94,4,48,52,146
10/30/2021,WDG,OK,ASW,CE,Federal Contract Tower,0,2,7,0,9,0,0,24,6,30,0,2,31,6,39,12,6,18,57
10/31/2021,WDG,OK,ASW,CE,Federal Contract Tower,0,0,3,11,14,0,0,11,4,15,0,0,14,15,29,0,0,0,29
11/01/2021,WDG,OK,ASW,CE,Federal Contract Tower,0,2,11,62,75,0,0,4,48,52,0,2,15,110,127,0,188,188,315
11/02/2021,WDG,OK,ASW,CE,Federal Contract Tower,0,3,9,78,90,0,0,0,14,14,0,3,9,92,104,0,86,86,190
11/03/2021,WDG,OK,ASW,CE,Federal Contract Tower,0,2,6,42,50,0,0,0,0,0,0,2,6,42,50,0,10,10,60
11/04/2021,WDG,OK,ASW,CE,Federal Contract Tower,0,6,14,46,66,0,0,8,3,11,0,6,22,49,77,4,30,34,111
11/05/2021,WDG,OK,ASW,CE,Federal Contract Tower,0,4,10,50,64,0,0,21,28,49,0,4,31,78,113,14,196,210,323
11/06/2021,WDG,OK,ASW,CE,Federal Contract Tower,0,3,5,20,28,0,1,35,19,55,0,4,40,39,83,10,76,86,169
11/07/2021,WDG,OK,ASW,CE,Federal Contract Tower,0,4,5,13,22,0,0,18,9,27,0,4,23,22,49,0,24,24,73
11/08/2021,WDG,OK,ASW,CE,Federal Contract Tower,0,5,18,46,69,0,0,18,32,50,0,5,36,78,119,0,130,130,249
11/09/2021,WDG,OK,ASW,CE,Federal Contract Tower,0,2,5,56,63,0,0,29,33,62,0,2,34,89,125,2,114,116,241
11/10/2021,WDG,OK,ASW,CE,Federal Contract Tower,0,3,16,36,55,0,0,0,0,0,0,3,16,36,55,0,0,0,55
11/11/2021,WDG,OK,ASW,CE,Federal Contract Tower,0,1,10,1,12,0,0,36,9,45,0,1,46,10,57,0,4,4,61
11/12/2021,WDG,OK,ASW,CE,Federal Contract Tower,0,2,3,53,58,0,0,18,32,50,0,2,21,85,108,0,90,90,198
11/13/2021,WDG,OK,ASW,CE,Federal Contract Tower,0,2,5,5,12,0,0,22,17,39,0,2,27,22,51,12,34,46,97
11/14/2021,WDG,OK,ASW,CE,Federal Contract Tower,0,2,8,9,19,0,0,19,9,28,0,2,27,18,47,4,20,24,71
11/15/2021,WDG,OK,ASW,CE,Federal Contract Tower,0,4,5,48,57,0,0,23,60,83,0,4,28,108,140,4,216,220,360
11/16/2021,WDG,OK,ASW,CE,Federal Contract Tower,0,2,11,44,57,0,0,22,36,58,0,2,33,80,115,0,120,120,235
11/17/2021,WDG,OK,ASW,CE,Federal Contract Tower,0,4,10,54,68,0,0,0,42,42,0,4,10,96,110,0,160,160,270
11/18/2021,WDG,OK,ASW,CE,Federal Contract Tower,0,4,14,60,78,0,0,18,41,59,0,4,32,101,137,2,164,166,303
11/19/2021,WDG,OK,ASW,CE,Federal Contract Tower,0,6,6,58,70,0,0,4,59,63,0,6,10,117,133,0,216,216,349
11/20/2021,WDG,OK,ASW,CE,Federal Contract Tower,0,2,5,11,18,0,0,8,26,34,0,2,13,37,52,2,182,184,236
11/21/2021,WDG,OK,ASW,CE,Federal Contract Tower,0,3,11,19,33,0,0,11,15,26,0,3,22,34,59,0,64,64,123
11/22/2021,WDG,OK,ASW,CE,Federal Contract Tower,0,2,6,54,62,0,0,13,41,54,0,2,19,95,116,0,112,112,228
11/23/2021,WDG,OK,ASW,CE,Federal Contract Tower,0,4,10,35,49,0,1,8,34,43,0,5,18,69,92,0,200,200,292
11/24/2021,WDG,OK,ASW,CE,Federal Contract Tower,0,2,11,42,55,0,0,6,38,44,0,2,17,80,99,0,186,186,285
11/25/2021,WDG,OK,ASW,CE,Federal Contract Tower,0,0,1,0,1,0,0,6,0,6,0,0,7,0,7,0,0,0,7
11/26/2021,WDG,OK,ASW,CE,Federal Contract Tower,0,2,3,0,5,0,0,24,0,24,0,2,27,0,29,4,0,4,33
11/27/2021,WDG,OK,ASW,CE,Federal Contract Tower,0,2,6,0,8,0,0,19,0,19,0,2,25,0,27,18,0,18,45
11/28/2021,WDG,OK,ASW,CE,Federal Contract Tower,0,4,12,0,16,0,0,25,0,25,0,4,37,0,41,4,0,4,45
11/29/2021,WDG,OK,ASW,CE,Federal Contract Tower,0,4,2,47,53,0,0,13,35,48,0,4,15,82,101,0,176,176,277
11/30/2021,WDG,OK,ASW,CE,Federal Contract Tower,0,2,4,54,60,0,0,11,34,45,0,2,15,88,105,4,132,136,241
12/01/2021,WDG,OK,ASW,CE,Federal Contract Tower,0,2,7,63,72,0,0,15,41,56,0,2,22,104,128,16,148,164,292
12/02/2021,WDG,OK,ASW,CE,Federal Contract Tower,0,2,14,42,58,0,0,15,38,53,0,2,29,80,111,0,146,146,257
12/03/2021,WDG,OK,ASW,CE,Federal Contract Tower,0,2,10,27,39,0,0,12,23,35,0,2,22,50,74,4,100,104,178
12/04/2021,WDG,OK,ASW,CE,Federal Contract Tower,0,2,9,3,14,0,0,12,0,12,0,2,21,3,26,0,0,0,26
12/05/2021,WDG,OK,ASW,CE,Federal Contract Tower,0,0,13,15,28,0,0,8,3,11,0,0,21,18,39,14,12,26,65
12/06/2021,WDG,OK,ASW,CE,Federal Contract Tower,0,2,9,67,78,0,0,7,34,41,0,2,16,101,119,2,132,134,253
12/07/2021,WDG,OK,ASW,CE,Federal Contract Tower,0,2,4,30,36,0,0,12,28,40,0,2,16,58,76,0,90,90,166
12/08/2021,WDG,OK,ASW,CE,Federal Contract Tower,0,4,2,49,55,0,0,19,28,47,0,4,21,77,102,0,170,170,272
12/09/2021,WDG,OK,ASW,CE,Federal Contract Tower,0,5,10,36,51,0,0,10,40,50,0,5,20,76,101,22,116,138,239
12/10/2021,WDG,OK,ASW,CE,Federal Contract Tower,0,3,8,6,17,0,0,2,1,3,0,3,10,7,20,0,8,8,28
12/11/2021,WDG,OK,ASW,CE,Federal Contract Tower,0,2,3,5,10,0,0,24,8,32,0,2,27,13,42,0,8,8,50
12/12/2021,WDG,OK,ASW,CE,Federal Contract Tower,0,0,12,6,18,0,0,8,8,16,0,0,20,14,34,0,6,6,40
12/13/2021,WDG,OK,ASW,CE,Federal Contract Tower,0,2,6,47,55,0,0,9,20,29,0,2,15,67,84,0,96,96,180
12/14/2021,WDG,OK,ASW,CE,Federal Contract Tower,0,2,5,0,7,0,0,7,0,7,0,2,12,0,14,0,0,0,14
12/15/2021,WDG,OK,ASW,CE,Federal Contract Tower,0,3,4,2,9,0,0,0,0,0,0,3,4,2,9,0,4,4,13
12/16/2021,WDG,OK,ASW,CE,Federal Contract Tower,0,3,13,63,79,0,0,7,35,42,0,3,20,98,121,2,146,148,269
12/17/2021,WDG,OK,ASW,CE,Federal Contract Tower,0,2,21,57,80,0,0,9,18,27,0,2,30,75,107,6,78,84,191
12/18/2021,WDG,OK,ASW,CE,Federal Contract Tower,0,1,5,16,22,0,1,10,10,21,0,2,15,26,43,2,0,2,45
12/19/2021,WDG,OK,ASW,CE,Federal Contract Tower,0,0,7,6,13,0,0,11,6,17,0,0,18,12,30,8,18,26,56
12/20/2021,WDG,OK,ASW,CE,Federal Contract Tower,0,2,14,15,31,0,0,12,11,23,0,2,26,26,54,4,12,16,70
12/21/2021,WDG,OK,ASW,CE,Federal Contract Tower,0,2,7,30,39,0,0,25,21,46,0,2,32,51,85,12,32,44,129
12/22/2021,WDG,OK,ASW,CE,Federal Contract Tower,0,4,7,20,31,0,0,13,18,31,0,4,20,38,62,10,78,88,150
12/23/2021,WDG,OK,ASW,CE,Federal Contract Tower,0,2,5,0,7,0,0,12,0,12,0,2,17,0,19,0,0,0,19
12/24/2021,WDG,OK,ASW,CE,Federal Contract Tower,0,0,2,0,2,0,0,6,0,6,0,0,8,0,8,0,0,0,8
12/25/2021,WDG,OK,ASW,CE,Federal Contract Tower,0,2,2,0,4,0,0,6,0,6,0,2,8,0,10,28,0,28,38
12/26/2021,WDG,OK,ASW,CE,Federal Contract Tower,0,0,6,0,6,0,0,10,0,10,0,0,16,0,16,0,0,0,16
12/27/2021,WDG,OK,ASW,CE,Federal Contract Tower,0,2,3,0,5,0,0,24,0,24,0,2,27,0,29,10,0,10,39
12/28/2021,WDG,OK,ASW,CE,Federal Contract Tower,0,2,3,0,5,0,0,9,0,9,0,2,12,0,14,2,0,2,16
12/29/2021,WDG,OK,ASW,CE,Federal Contract Tower,0,4,13,0,17,0,0,23,0,23,0,4,36,0,40,8,0,8,48
12/30/2021,WDG,OK,ASW,CE,Federal Contract Tower,0,2,7,0,9,0,0,31,0,31,0,2,38,0,40,6,0,6,46
12/31/2021,WDG,OK,ASW,CE,Federal Contract Tower,0,0,11,0,11,0,0,8,0,8,0,0,19,0,19,0,0,0,19
01/01/2022,WDG,OK,ASW,CE,Federal Contract Tower,0,0,1,0,1,0,0,0,0,0,0,0,1,0,1,0,0,0,1
01/02/2022,WDG,OK,ASW,CE,Federal Contract Tower,0,0,5,0,5,0,0,4,0,4,0,0,9,0,9,0,0,0,9
01/03/2022,WDG,OK,ASW,CE,Federal Contract Tower,0,2,2,2,6,0,0,20,0,20,0,2,22,2,26,18,0,18,44
01/04/2022,WDG,OK,ASW,CE,Federal Contract Tower,0,2,3,0,5,0,0,11,0,11,0,2,14,0,16,0,0,0,16
01/05/2022,WDG,OK,ASW,CE,Federal Contract Tower,0,2,2,43,47,0,0,6,29,35,0,2,8,72,82,0,68,68,150
01/06/2022,WDG,OK,ASW,CE,Federal Contract Tower,0,4,10,53,67,0,0,1,29,30,0,4,11,82,97,0,20,20,117
01/07/2022,WDG,OK,ASW,CE,Federal Contract Tower,0,4,2,15,21,0,0,17,19,36,0,4,19,34,57,2,48,50,107
01/08/2022,WDG,OK,ASW,CE,Federal Contract Tower,0,2,5,10,17,0,0,0,0,0,0,2,5,10,17,0,2,2,19
01/09/2022,WDG,OK,ASW,CE,Federal Contract Tower,0,0,3,21,24,0,0,11,2,13,0,0,14,23,37,4,12,16,53
01/10/2022,WDG,OK,ASW,CE,Federal Contract Tower,0,2,7,38,47,0,0,19,27,46,0,2,26,65,93,0,70,70,163
01/11/2022,WDG,OK,ASW,CE,Federal Contract Tower,0,4,5,26,35,0,0,16,24,40,0,4,21,50,75,2,82,84,159
01/12/2022,WDG,OK,ASW,CE,Federal Contract Tower,0,6,9,56,71,0,0,21,24,45,0,6,30,80,116,12,94,106,222
01/13/2022,WDG,OK,ASW,CE,Federal Contract Tower,0,5,3,39,47,0,3,11,26,40,0,8,14,65,87,6,60,66,153
01/14/2022,WDG,OK,ASW,CE,Federal Contract Tower,0,0,15,23,38,0,0,13,16,29,0,0,28,39,67,0,82,82,149
01/15/2022,WDG,OK,ASW,CE,Federal Contract Tower,0,2,2,0,4,0,0,0,0,0,0,2,2,0,4,0,0,0,4
01/16/2022,WDG,OK,ASW,CE,Federal Contract Tower,0,2,7,1,10,0,0,17,2,19,0,2,24,3,29,10,6,16,45
01/17/2022,WDG,OK,ASW,CE,Federal Contract Tower,0,2,8,1,11,0,0,41,1,42,0,2,49,2,53,0,4,4,57
01/18/2022,WDG,OK,ASW,CE,Federal Contract Tower,0,3,15,31,49,0,0,20,25,45,0,3,35,56,94,6,94,100,194
01/19/2022,WDG,OK,ASW,CE,Federal Contract Tower,0,2,6,59,67,0,0,3,21,24,0,2,9,80,91,0,70,70,161
01/20/2022,WDG,OK,ASW,CE,Federal Contract Tower,0,2,5,44,51,0,0,13,28,41,0,2,18,72,92,6,105,111,203
01/21/2022,WDG,OK,ASW,CE,Federal Contract Tower,0,2,11,12,25,0,0,14,20,34,0,2,25,32,59,22,95,117,176
01/22/2022,WDG,OK,ASW,CE,Federal Contract Tower,0,2,7,15,24,0,0,26,5,31,0,2,33,20,55,0,38,38,93
01/23/2022,WDG,OK,ASW,CE,Federal Contract Tower,0,1,5,14,20,0,0,33,18,51,0,1,38,32,71,36,48,84,155
01/24/2022,WDG,OK,ASW,CE,Federal Contract Tower,0,2,4,61,67,0,0,15,32,47,0,2,19,93,114,6,82,88,202
01/25/2022,WDG,OK,ASW,CE,Federal Contract Tower,0,2,3,61,66,0,0,3,42,45,0,2,6,103,111,0,102,102,213
01/26/2022,WDG,OK,ASW,CE,Federal Contract Tower,0,2,3,27,32,0,0,9,5,14,0,2,12,32,46,0,22,22,68
01/27/2022,WDG,OK,ASW,CE,Federal Contract Tower,0,2,2,18,22,0,0,4,4,8,0,2,6,22,30,0,14,14,44
01/28/2022,WDG,OK,ASW,CE,Federal Contract Tower,0,2,18,54,74,0,0,18,33,51,0,2,36,87,125,0,108,108,233
01/29/2022,WDG,OK,ASW,CE,Federal Contract Tower,0,1,10,15,26,0,1,24,8,33,0,2,34,23,59,6,76,82,141
01/30/2022,WDG,OK,ASW,CE,Federal Contract Tower,0,0,6,13,19,0,0,17,9,26,0,0,23,22,45,12,52,64,109
01/31/2022,WDG,OK,ASW,CE,Federal Contract Tower,0,2,7,21,30,0,0,26,16,42,0,2,33,37,72,6,36,42,114
02/01/2022,WDG,OK,ASW,CE,Federal Contract Tower,0,1,6,17,24,0,0,0,0,0,0,1,6,17,24,0,8,8,32
02/02/2022,WDG,OK,ASW,CE,Federal Contract Tower,0,0,0,0,0,0,0,0,0,0,0,0,0,0,0,0,0,0,0
02/03/2022,WDG,OK,ASW,CE,Federal Contract Tower,0,0,2,0,2,0,0,0,0,0,0,0,2,0,2,0,0,0,2
02/04/2022,WDG,OK,ASW,CE,Federal Contract Tower,0,1,1,10,12,0,0,2,3,5,0,1,3,13,17,0,4,4,21
02/05/2022,WDG,OK,ASW,CE,Federal Contract Tower,0,0,0,9,9,0,0,6,3,9,0,0,6,12,18,6,16,22,40
02/06/2022,WDG,OK,ASW,CE,Federal Contract Tower,0,1,2,8,11,0,0,14,19,33,0,1,16,27,44,42,2,44,88
02/07/2022,WDG,OK,ASW,CE,Federal Contract Tower,0,4,6,39,49,0,0,22,24,46,0,4,28,63,95,12,60,72,167
02/08/2022,WDG,OK,ASW,CE,Federal Contract Tower,0,2,11,30,43,0,0,13,24,37,0,2,24,54,80,2,130,132,212
02/09/2022,WDG,OK,ASW,CE,Federal Contract Tower,0,3,5,51,59,0,0,19,37,56,0,3,24,88,115,4,120,124,239
02/10/2022,WDG,OK,ASW,CE,Federal Contract Tower,0,3,3,45,51,0,0,27,33,60,0,3,30,78,111,8,80,88,199
02/11/2022,WDG,OK,ASW,CE,Federal Contract Tower,0,4,11,53,68,0,0,8,35,43,0,4,19,88,111,4,70,74,185
02/12/2022,WDG,OK,ASW,CE,Federal Contract Tower,0,2,3,14,19,0,0,34,1,35,0,2,37,15,54,0,44,44,98
02/13/2022,WDG,OK,ASW,CE,Federal Contract Tower,0,1,5,11,17,0,0,24,6,30,0,1,29,17,47,22,8,30,77
02/14/2022,WDG,OK,ASW,CE,Federal Contract Tower,0,3,7,47,57,0,0,23,25,48,0,3,30,72,105,0,106,106,211
02/15/2022,WDG,OK,ASW,CE,Federal Contract Tower,0,2,3,34,39,0,0,2,18,20,0,2,5,52,59,2,64,66,125
02/16/2022,WDG,OK,ASW,CE,Federal Contract Tower,0,2,3,37,42,0,0,4,18,22,0,2,7,55,64,0,46,46,110
02/17/2022,WDG,OK,ASW,CE,Federal Contract Tower,0,2,0,0,2,0,0,0,0,0,0,2,0,0,2,0,0,0,2
02/18/2022,WDG,OK,ASW,CE,Federal Contract Tower,0,2,9,32,43,0,0,20,16,36,0,2,29,48,79,18,60,78,157
02/19/2022,WDG,OK,ASW,CE,Federal Contract Tower,0,4,1,2,7,0,0,33,6,39,0,4,34,8,46,0,12,12,58
02/20/2022,WDG,OK,ASW,CE,Federal Contract Tower,0,0,3,3,6,0,0,5,6,11,0,0,8,9,17,0,2,2,19
02/21/2022,WDG,OK,ASW,CE,Federal Contract Tower,0,2,5,3,10,0,0,4,0,4,0,2,9,3,14,0,6,6,20
02/22/2022,WDG,OK,ASW,CE,Federal Contract Tower,0,3,26,29,58,0,0,7,36,43,0,3,33,65,101,0,32,32,133
02/23/2022,WDG,OK,ASW,CE,Federal Contract Tower,0,0,2,0,2,0,0,4,0,4,0,0,6,0,6,0,0,0,6
02/24/2022,WDG,OK,ASW,CE,Federal Contract Tower,0,0,2,0,2,0,0,0,0,0,0,0,2,0,2,0,0,0,2
02/25/2022,WDG,OK,ASW,CE,Federal Contract Tower,0,2,8,5,15,0,0,9,3,12,0,2,17,8,27,0,26,26,53
02/26/2022,WDG,OK,ASW,CE,Federal Contract Tower,0,2,8,8,18,0,0,14,8,22,0,2,22,16,40,10,22,32,72
02/27/2022,WDG,OK,ASW,CE,Federal Contract Tower,0,0,4,16,20,0,0,9,9,18,0,0,13,25,38,14,10,24,62
02/28/2022,WDG,OK,ASW,CE,Federal Contract Tower,0,2,14,32,48,0,0,13,19,32,0,2,27,51,80,0,86,86,166
03/01/2022,WDG,OK,ASW,CE,Federal Contract Tower,0,3,5,35,43,0,0,32,24,56,0,3,37,59,99,42,68,110,209
03/02/2022,WDG,OK,ASW,CE,Federal Contract Tower,0,2,5,27,34,0,0,6,29,35,0,2,11,56,69,16,76,92,161
03/03/2022,WDG,OK,ASW,CE,Federal Contract Tower,0,4,2,24,30,0,0,26,23,49,0,4,28,47,79,32,96,128,207
03/04/2022,WDG,OK,ASW,CE,Federal Contract Tower,0,2,6,20,28,0,0,6,17,23,0,2,12,37,51,0,56,56,107
03/05/2022,WDG,OK,ASW,CE,Federal Contract Tower,0,2,1,4,7,0,0,2,6,8,0,2,3,10,15,0,30,30,45
03/06/2022,WDG,OK,ASW,CE,Federal Contract Tower,0,0,6,23,29,0,0,5,10,15,0,0,11,33,44,0,4,4,48
03/07/2022,WDG,OK,ASW,CE,Federal Contract Tower,0,2,7,68,77,0,0,7,33,40,0,2,14,101,117,0,68,68,185
03/08/2022,WDG,OK,ASW,CE,Federal Contract Tower,0,2,7,47,56,0,0,9,34,43,0,2,16,81,99,10,104,114,213
03/09/2022,WDG,OK,ASW,CE,Federal Contract Tower,0,2,6,39,47,0,0,16,25,41,0,2,22,64,88,6,72,78,166
03/10/2022,WDG,OK,ASW,CE,Federal Contract Tower,0,2,7,33,42,0,0,2,0,2,0,2,9,33,44,0,4,4,48
03/11/2022,WDG,OK,ASW,CE,Federal Contract Tower,0,2,2,26,30,0,0,5,9,14,0,2,7,35,44,0,32,32,76
03/12/2022,WDG,OK,ASW,CE,Federal Contract Tower,0,2,14,10,26,0,0,23,11,34,0,2,37,21,60,2,2,4,64
03/13/2022,WDG,OK,ASW,CE,Federal Contract Tower,0,0,10,21,31,0,0,27,8,35,0,0,37,29,66,8,6,14,80
03/14/2022,WDG,OK,ASW,CE,Federal Contract Tower,0,2,4,45,51,0,0,10,23,33,0,2,14,68,84,6,57,63,147
03/15/2022,WDG,OK,ASW,CE,Federal Contract Tower,0,2,2,42,46,0,0,33,35,68,0,2,35,77,114,34,90,124,238
03/16/2022,WDG,OK,ASW,CE,Federal Contract Tower,0,2,4,20,26,0,0,5,21,26,0,2,9,41,52,9,41,50,102
03/17/2022,WDG,OK,ASW,CE,Federal Contract Tower,0,2,12,47,61,0,0,6,29,35,0,2,18,76,96,12,96,108,204
03/18/2022,WDG,OK,ASW,CE,Federal Contract Tower,0,2,9,31,42,0,0,7,21,28,0,2,16,52,70,0,40,40,110
03/19/2022,WDG,OK,ASW,CE,Federal Contract Tower,0,4,11,12,27,0,0,66,6,72,0,4,77,18,99,26,28,54,153
03/20/2022,WDG,OK,ASW,CE,Federal Contract Tower,0,0,9,28,37,0,0,15,9,24,0,0,24,37,61,2,50,52,113
03/21/2022,WDG,OK,ASW,CE,Federal Contract Tower,0,0,2,6,8,0,0,1,5,6,0,0,3,11,14,0,5,5,19
03/22/2022,WDG,OK,ASW,CE,Federal Contract Tower,0,0,12,2,14,0,0,2,0,2,0,0,14,2,16,0,0,0,16
03/23/2022,WDG,OK,ASW,CE,Federal Contract Tower,0,4,9,69,82,0,0,5,37,42,0,4,14,106,124,0,78,78,202
03/24/2022,WDG,OK,ASW,CE,Federal Contract Tower,0,2,7,40,49,0,0,21,45,66,0,2,28,85,115,15,132,147,262
03/25/2022,WDG,OK,ASW,CE,Federal Contract Tower,0,2,6,62,70,0,0,37,35,72,0,2,43,97,142,19,132,151,293
03/26/2022,WDG,OK,ASW,CE,Federal Contract Tower,0,2,4,29,35,0,0,50,16,66,0,2,54,45,101,124,140,264,365
03/27/2022,WDG,OK,ASW,CE,Federal Contract Tower,0,0,1,32,33,0,0,23,17,40,0,0,24,49,73,8,36,44,117
03/28/2022,WDG,OK,ASW,CE,Federal Contract Tower,0,2,10,30,42,0,0,26,27,53,0,2,36,57,95,48,58,106,201
03/29/2022,WDG,OK,ASW,CE,Federal Contract Tower,0,2,4,31,37,0,0,7,32,39,0,2,11,63,76,0,46,46,122
03/30/2022,WDG,OK,ASW,CE,Federal Contract Tower,0,2,6,72,80,0,0,5,25,30,0,2,11,97,110,0,62,62,172
03/31/2022,WDG,OK,ASW,CE,Federal Contract Tower,0,2,11,78,91,0,0,7,26,33,0,2,18,104,124,0,60,60,184
04/01/2022,WDG,OK,ASW,CE,Federal Contract Tower,0,2,9,24,35,0,0,16,32,48,0,2,25,56,83,18,90,108,191
04/02/2022,WDG,OK,ASW,CE,Federal Contract Tower,0,2,3,14,19,0,0,35,20,55,0,2,38,34,74,16,86,102,176
04/03/2022,WDG,OK,ASW,CE,Federal Contract Tower,0,0,11,22,33,0,0,6,14,20,0,0,17,36,53,8,16,24,77
04/04/2022,WDG,OK,ASW,CE,Federal Contract Tower,0,2,5,52,59,0,0,7,50,57,0,2,12,102,116,18,122,140,256
04/05/2022,WDG,OK,ASW,CE,Federal Contract Tower,0,2,6,50,58,0,0,13,14,27,0,2,19,64,85,14,56,70,155
04/06/2022,WDG,OK,ASW,CE,Federal Contract Tower,0,2,7,59,68,0,0,8,37,45,0,2,15,96,113,0,101,101,214
04/07/2022,WDG,OK,ASW,CE,Federal Contract Tower,0,2,11,31,44,0,0,5,23,28,0,2,16,54,72,0,50,50,122
04/08/2022,WDG,OK,ASW,CE,Federal Contract Tower,0,2,10,68,80,0,0,8,52,60,0,2,18,120,140,18,88,106,246
04/09/2022,WDG,OK,ASW,CE,Federal Contract Tower,0,6,3,16,25,0,0,24,5,29,0,6,27,21,54,10,72,82,136
04/10/2022,WDG,OK,ASW,CE,Federal Contract Tower,0,0,4,19,23,0,0,14,11,25,0,0,18,30,48,12,26,38,86
04/11/2022,WDG,OK,ASW,CE,Federal Contract Tower,0,2,10,46,58,0,0,12,43,55,0,2,22,89,113,10,152,162,275
04/12/2022,WDG,OK,ASW,CE,Federal Contract Tower,0,2,4,30,36,0,0,8,21,29,0,2,12,51,65,0,68,68,133
04/13/2022,WDG,OK,ASW,CE,Federal Contract Tower,0,4,6,27,37,0,0,21,15,36,0,4,27,42,73,0,102,102,175
04/14/2022,WDG,OK,ASW,CE,Federal Contract Tower,0,2,9,46,57,0,0,12,47,59,0,2,21,93,116,18,149,167,283
04/15/2022,WDG,OK,ASW,CE,Federal Contract Tower,0,2,10,32,44,0,0,19,32,51,0,2,29,64,95,6,90,96,191
04/16/2022,WDG,OK,ASW,CE,Federal Contract Tower,0,4,0,4,8,0,0,6,0,6,0,4,6,4,14,0,10,10,24
04/17/2022,WDG,OK,ASW,CE,Federal Contract Tower,0,0,6,0,6,0,0,8,0,8,0,0,14,0,14,0,0,0,14
04/18/2022,WDG,OK,ASW,CE,Federal Contract Tower,0,2,10,44,56,0,0,19,39,58,0,2,29,83,114,20,78,98,212
04/19/2022,WDG,OK,ASW,CE,Federal Contract Tower,0,2,7,42,51,0,0,16,17,33,0,2,23,59,84,6,14,20,104
04/20/2022,WDG,OK,ASW,CE,Federal Contract Tower,0,3,5,36,44,0,0,4,11,15,0,3,9,47,59,6,26,32,91
04/21/2022,WDG,OK,ASW,CE,Federal Contract Tower,0,2,11,33,46,0,0,10,19,29,0,2,21,52,75,8,52,60,135
04/22/2022,WDG,OK,ASW,CE,Federal Contract Tower,0,0,9,18,27,0,0,1,9,10,0,0,10,27,37,0,84,84,121
04/23/2022,WDG,OK,ASW,CE,Federal Contract Tower,0,4,5,0,9,0,0,5,0,5,0,4,10,0,14,0,0,0,14
04/24/2022,WDG,OK,ASW,CE,Federal Contract Tower,0,0,4,19,23,0,0,21,16,37,0,0,25,35,60,8,28,36,96
04/25/2022,WDG,OK,ASW,CE,Federal Contract Tower,0,2,3,59,64,0,0,16,50,66,0,2,19,109,130,28,160,188,318
04/26/2022,WDG,OK,ASW,CE,Federal Contract Tower,0,2,2,29,33,0,0,46,22,68,0,2,48,51,101,32,100,132,233
04/27/2022,WDG,OK,ASW,CE,Federal Contract Tower,0,2,8,34,44,0,0,16,30,46,0,2,24,64,90,0,118,118,208
04/28/2022,WDG,OK,ASW,CE,Federal Contract Tower,0,0,5,36,41,0,0,0,8,8,0,0,5,44,49,0,14,14,63
04/29/2022,WDG,OK,ASW,CE,Federal Contract Tower,0,0,8,30,38,0,0,4,23,27,0,0,12,53,65,0,41,41,106
04/30/2022,WDG,OK,ASW,CE,Federal Contract Tower,0,2,7,9,18,0,0,22,2,24,0,2,29,11,42,4,20,24,66
05/01/2022,WDG,OK,ASW,CE,Federal Contract Tower,0,0,12,10,22,0,1,24,13,38,0,1,36,23,60,16,34,50,110
05/02/2022,WDG,OK,ASW,CE,Federal Contract Tower,0,2,2,10,14,0,1,5,0,6,0,3,7,10,20,0,0,0,20
05/03/2022,WDG,OK,ASW,CE,Federal Contract Tower,0,0,12,52,64,0,0,15,18,33,0,0,27,70,97,10,90,100,197
05/04/2022,WDG,OK,ASW,CE,Federal Contract Tower,0,0,5,0,5,0,0,0,0,0,0,0,5,0,5,0,0,0,5
05/05/2022,WDG,OK,ASW,CE,Federal Contract Tower,0,0,8,8,16,0,0,2,0,2,0,0,10,8,18,0,0,0,18
05/06/2022,WDG,OK,ASW,CE,Federal Contract Tower,0,2,15,44,61,0,0,35,50,85,0,2,50,94,146,8,140,148,294
05/07/2022,WDG,OK,ASW,CE,Federal Contract Tower,0,2,6,5,13,0,0,15,1,16,0,2,21,6,29,0,2,2,31
05/08/2022,WDG,OK,ASW,CE,Federal Contract Tower,0,2,5,6,13,0,0,13,4,17,0,2,18,10,30,0,6,6,36
05/09/2022,WDG,OK,ASW,CE,Federal Contract Tower,0,2,4,24,30,0,0,8,25,33,0,2,12,49,63,14,108,122,185
05/10/2022,WDG,OK,ASW,CE,Federal Contract Tower,0,2,6,36,44,0,0,11,38,49,0,2,17,74,93,4,122,126,219
05/11/2022,WDG,OK,ASW,CE,Federal Contract Tower,0,3,3,32,38,0,0,17,33,50,0,3,20,65,88,20,130,150,238
05/12/2022,WDG,OK,ASW,CE,Federal Contract Tower,0,3,9,27,39,0,0,17,31,48,0,3,26,58,87,6,126,132,219
05/13/2022,WDG,OK,ASW,CE,Federal Contract Tower,0,2,10,34,46,0,0,23,13,36,0,2,33,47,82,28,62,90,172
05/14/2022,WDG,OK,ASW,CE,Federal Contract Tower,0,2,5,6,13,0,2,17,11,30,0,4,22,17,43,8,46,54,97
05/15/2022,WDG,OK,ASW,CE,Federal Contract Tower,0,1,14,24,39,0,0,12,16,28,0,1,26,40,67,32,42,74,141
05/16/2022,WDG,OK,ASW,CE,Federal Contract Tower,0,2,6,35,43,0,0,15,34,49,0,2,21,69,92,8,78,86,178
05/17/2022,WDG,OK,ASW,CE,Federal Contract Tower,0,2,14,38,54,0,0,25,33,58,0,2,39,71,112,8,144,152,264
05/18/2022,WDG,OK,ASW,CE,Federal Contract Tower,0,3,10,41,54,0,0,22,35,57,0,3,32,76,111,16,62,78,189
05/19/2022,WDG,OK,ASW,CE,Federal Contract Tower,0,2,6,35,43,0,0,14,23,37,0,2,20,58,80,62,38,100,180
05/20/2022,WDG,OK,ASW,CE,Federal Contract Tower,0,2,2,45,49,0,0,26,28,54,0,2,28,73,103,20,78,98,201
05/21/2022,WDG,OK,ASW,CE,Federal Contract Tower,0,2,6,16,24,0,0,29,7,36,0,2,35,23,60,20,100,120,180
05/22/2022,WDG,OK,ASW,CE,Federal Contract Tower,0,0,8,22,30,0,0,19,16,35,0,0,27,38,65,22,52,74,139
05/23/2022,WDG,OK,ASW,CE,Federal Contract Tower,0,0,4,1,5,0,0,1,0,1,0,0,5,1,6,0,0,0,6
05/24/2022,WDG,OK,ASW,CE,Federal Contract Tower,0,2,1,21,24,0,0,0,0,0,0,2,1,21,24,0,0,0,24
05/25/2022,WDG,OK,ASW,CE,Federal Contract Tower,0,2,4,8,14,0,0,0,0,0,0,2,4,8,14,0,0,0,14
05/26/2022,WDG,OK,ASW,CE,Federal Contract Tower,0,5,5,66,76,0,0,22,33,55,0,5,27,99,131,10,78,88,219
05/27/2022,WDG,OK,ASW,CE,Federal Contract Tower,0,2,12,2,16,0,2,47,2,51,0,4,59,4,67,14,8,22,89
05/28/2022,WDG,OK,ASW,CE,Federal Contract Tower,0,3,5,0,8,0,0,19,4,23,0,3,24,4,31,0,0,0,31
05/29/2022,WDG,OK,ASW,CE,Federal Contract Tower,0,1,5,0,6,0,0,2,3,5,0,1,7,3,11,0,0,0,11
05/30/2022,WDG,OK,ASW,CE,Federal Contract Tower,0,0,10,2,12,0,0,13,3,16,0,0,23,5,28,0,0,0,28
05/31/2022,WDG,OK,ASW,CE,Federal Contract Tower,0,2,7,22,31,0,0,15,7,22,0,2,22,29,53,6,30,36,89
06/01/2022,WDG,OK,ASW,CE,Federal Contract Tower,0,2,4,0,6,0,0,0,0,0,0,2,4,0,6,0,0,0,6
06/02/2022,WDG,OK,ASW,CE,Federal Contract Tower,0,2,15,26,43,0,0,20,22,42,0,2,35,48,85,28,70,98,183
06/03/2022,WDG,OK,ASW,CE,Federal Contract Tower,0,3,9,37,49,0,0,26,30,56,0,3,35,67,105,22,132,154,259
06/04/2022,WDG,OK,ASW,CE,Federal Contract Tower,0,2,5,5,12,0,0,12,4,16,0,2,17,9,28,14,28,42,70
06/05/2022,WDG,OK,ASW,CE,Federal Contract Tower,0,0,3,18,21,0,0,10,6,16,0,0,13,24,37,4,6,10,47
06/06/2022,WDG,OK,ASW,CE,Federal Contract Tower,0,2,4,30,36,0,0,19,28,47,0,2,23,58,83,16,108,124,207
06/07/2022,WDG,OK,ASW,CE,Federal Contract Tower,0,2,4,41,47,0,0,10,25,35,0,2,14,66,82,26,94,120,202
06/08/2022,WDG,OK,ASW,CE,Federal Contract Tower,0,2,7,52,61,0,0,9,9,18,0,2,16,61,79,0,20,20,99
06/09/2022,WDG,OK,ASW,CE,Federal Contract Tower,0,2,18,2,22,0,0,14,3,17,0,2,32,5,39,44,0,44,83
06/10/2022,WDG,OK,ASW,CE,Federal Contract Tower,0,2,5,34,41,0,0,19,38,57,0,2,24,72,98,0,124,124,222
06/11/2022,WDG,OK,ASW,CE,Federal Contract Tower,0,2,5,5,12,0,0,12,7,19,0,2,17,12,31,4,30,34,65
06/12/2022,WDG,OK,ASW,CE,Federal Contract Tower,0,0,8,28,36,0,0,9,21,30,0,0,17,49,66,0,28,28,94
06/13/2022,WDG,OK,ASW,CE,Federal Contract Tower,0,2,6,36,44,0,0,21,27,48,0,2,27,63,92,0,100,100,192
06/14/2022,WDG,OK,ASW,CE,Federal Contract Tower,0,2,6,34,42,0,0,6,34,40,0,2,12,68,82,0,132,132,214
06/15/2022,WDG,OK,ASW,CE,Federal Contract Tower,0,2,9,33,44,0,0,8,21,29,0,2,17,54,73,0,56,56,129
06/16/2022,WDG,OK,ASW,CE,Federal Contract Tower,0,2,9,37,48,0,0,7,37,44,0,2,16,74,92,14,88,102,194
06/17/2022,WDG,OK,ASW,CE,Federal Contract Tower,0,0,10,27,37,0,0,31,29,60,0,0,41,56,97,4,120,124,221
06/18/2022,WDG,OK,ASW,CE,Federal Contract Tower,0,2,6,1,9,0,0,48,1,49,0,2,54,2,58,0,14,14,72
06/19/2022,WDG,OK,ASW,CE,Federal Contract Tower,0,0,1,0,1,0,0,2,0,2,0,0,3,0,3,2,0,2,5
06/20/2022,WDG,OK,ASW,CE,Federal Contract Tower,0,0,1,0,1,0,0,5,0,5,0,0,6,0,6,16,0,16,22
06/21/2022,WDG,OK,ASW,CE,Federal Contract Tower,0,0,0,2,2,0,0,2,0,2,0,0,2,2,4,0,0,0,4
06/22/2022,WDG,OK,ASW,CE,Federal Contract Tower,0,2,9,26,37,0,0,14,21,35,0,2,23,47,72,8,61,69,141
06/23/2022,WDG,OK,ASW,CE,Federal Contract Tower,0,2,5,30,37,0,0,12,32,44,0,2,17,62,81,4,66,70,151
06/24/2022,WDG,OK,ASW,CE,Federal Contract Tower,0,2,14,27,43,0,0,15,22,37,0,2,29,49,80,0,28,28,108
06/25/2022,WDG,OK,ASW,CE,Federal Contract Tower,0,2,5,6,13,0,0,15,10,25,0,2,20,16,38,14,16,30,68
06/26/2022,WDG,OK,ASW,CE,Federal Contract Tower,0,0,7,15,22,0,0,8,16,24,0,0,15,31,46,0,34,34,80
06/27/2022,WDG,OK,ASW,CE,Federal Contract Tower,0,2,1,44,47,0,0,21,41,62,0,2,22,85,109,0,71,71,180
06/28/2022,WDG,OK,ASW,CE,Federal Contract Tower,0,3,6,40,49,0,0,30,33,63,0,3,36,73,112,36,97,133,245
06/29/2022,WDG,OK,ASW,CE,Federal Contract Tower,0,3,4,37,44,0,0,29,36,65,0,3,33,73,109,16,34,50,159
06/30/2022,WDG,OK,ASW,CE,Federal Contract Tower,0,2,7,35,44,0,0,15,22,37,0,2,22,57,81,29,42,71,152
07/01/2022,WDG,OK,ASW,CE,Federal Contract Tower,0,2,8,0,10,0,0,17,1,18,0,2,25,1,28,4,0,4,32
07/02/2022,WDG,OK,ASW,CE,Federal Contract Tower,0,2,0,0,2,0,0,13,0,13,0,2,13,0,15,0,0,0,15
07/03/2022,WDG,OK,ASW,CE,Federal Contract Tower,0,0,3,0,3,0,0,3,0,3,0,0,6,0,6,0,0,0,6
07/04/2022,WDG,OK,ASW,CE,Federal Contract Tower,0,0,3,0,3,0,0,6,0,6,0,0,9,0,9,0,0,0,9
07/05/2022,WDG,OK,ASW,CE,Federal Contract Tower,0,2,7,30,39,0,0,4,30,34,0,2,11,60,73,56,65,121,194
07/06/2022,WDG,OK,ASW,CE,Federal Contract Tower,0,2,13,21,36,0,0,13,28,41,0,2,26,49,77,20,44,64,141
07/07/2022,WDG,OK,ASW,CE,Federal Contract Tower,0,2,6,30,38,0,0,4,29,33,0,2,10,59,71,11,74,85,156
07/08/2022,WDG,OK,ASW,CE,Federal Contract Tower,0,2,4,30,36,0,0,10,22,32,0,2,14,52,68,0,40,40,108
07/09/2022,WDG,OK,ASW,CE,Federal Contract Tower,0,2,3,3,8,0,0,27,3,30,0,2,30,6,38,21,18,39,77
07/10/2022,WDG,OK,ASW,CE,Federal Contract Tower,0,0,4,4,8,0,0,9,4,13,0,0,13,8,21,16,14,30,51
07/11/2022,WDG,OK,ASW,CE,Federal Contract Tower,0,2,3,41,46,0,0,10,36,46,0,2,13,77,92,0,99,99,191
07/12/2022,WDG,OK,ASW,CE,Federal Contract Tower,0,2,11,48,61,0,0,9,36,45,0,2,20,84,106,0,78,78,184
07/13/2022,WDG,OK,ASW,CE,Federal Contract Tower,0,2,7,25,34,0,0,20,28,48,0,2,27,53,82,16,88,104,186
07/14/2022,WDG,OK,ASW,CE,Federal Contract Tower,0,3,6,36,45,0,0,21,40,61,0,3,27,76,106,17,97,114,220
07/15/2022,WDG,OK,ASW,CE,Federal Contract Tower,0,2,11,8,21,0,0,22,17,39,0,2,33,25,60,8,64,72,132
07/16/2022,WDG,OK,ASW,CE,Federal Contract Tower,0,2,4,6,12,0,0,29,2,31,0,2,33,8,43,21,6,27,70
07/17/2022,WDG,OK,ASW,CE,Federal Contract Tower,0,0,6,21,27,0,0,10,22,32,0,0,16,43,59,0,48,48,107
07/18/2022,WDG,OK,ASW,CE,Federal Contract Tower,0,2,13,40,55,0,0,14,33,47,0,2,27,73,102,2,116,118,220
07/19/2022,WDG,OK,ASW,CE,Federal Contract Tower,0,2,9,20,31,0,0,16,13,29,0,2,25,33,60,3,84,87,147
07/20/2022,WDG,OK,ASW,CE,Federal Contract Tower,0,2,3,49,54,0,0,18,32,50,0,2,21,81,104,0,95,95,199
07/21/2022,WDG,OK,ASW,CE,Federal Contract Tower,0,2,1,39,42,0,0,12,29,41,0,2,13,68,83,4,82,86,169
07/22/2022,WDG,OK,ASW,CE,Federal Contract Tower,0,2,12,17,31,0,0,15,34,49,0,2,27,51,80,18,59,77,157
07/23/2022,WDG,OK,ASW,CE,Federal Contract Tower,0,2,5,2,9,0,0,15,8,23,0,2,20,10,32,0,0,0,32
07/24/2022,WDG,OK,ASW,CE,Federal Contract Tower,0,0,9,5,14,0,0,10,5,15,0,0,19,10,29,8,2,10,39
07/25/2022,WDG,OK,ASW,CE,Federal Contract Tower,0,2,2,38,42,0,0,14,24,38,0,2,16,62,80,2,74,76,156
07/26/2022,WDG,OK,ASW,CE,Federal Contract Tower,0,2,2,56,60,0,0,24,29,53,0,2,26,85,113,0,102,102,215
07/27/2022,WDG,OK,ASW,CE,Federal Contract Tower,0,7,3,28,38,0,0,24,11,35,0,7,27,39,73,0,52,52,125
07/28/2022,WDG,OK,ASW,CE,Federal Contract Tower,0,4,15,47,66,0,0,24,21,45,0,4,39,68,111,4,66,70,181
07/29/2022,WDG,OK,ASW,CE,Federal Contract Tower,0,2,4,31,37,0,0,1,11,12,0,2,5,42,49,0,6,6,55
07/30/2022,WDG,OK,ASW,CE,Federal Contract Tower,0,0,4,0,4,0,0,0,0,0,0,0,4,0,4,0,0,0,4
07/31/2022,WDG,OK,ASW,CE,Federal Contract Tower,0,0,13,14,27,0,0,9,2,11,0,0,22,16,38,16,0,16,54
08/01/2022,WDG,OK,ASW,CE,Federal Contract Tower,0,2,7,48,57,0,0,18,31,49,0,2,25,79,106,4,74,78,184
08/02/2022,WDG,OK,ASW,CE,Federal Contract Tower,0,2,5,43,50,0,0,27,39,66,0,2,32,82,116,24,104,128,244
08/03/2022,WDG,OK,ASW,CE,Federal Contract Tower,0,2,4,49,55,0,0,13,38,51,0,2,17,87,106,26,79,105,211
08/04/2022,WDG,OK,ASW,CE,Federal Contract Tower,0,2,9,83,94,0,0,15,43,58,0,2,24,126,152,12,118,130,282
08/05/2022,WDG,OK,ASW,CE,Federal Contract Tower,0,2,8,39,49,0,0,27,34,61,0,2,35,73,110,6,81,87,197
08/06/2022,WDG,OK,ASW,CE,Federal Contract Tower,0,2,5,1,8,0,0,24,7,31,0,2,29,8,39,0,0,0,39
08/07/2022,WDG,OK,ASW,CE,Federal Contract Tower,0,0,8,32,40,0,0,8,26,34,0,0,16,58,74,0,40,40,114
08/08/2022,WDG,OK,ASW,CE,Federal Contract Tower,0,2,10,61,73,0,0,10,33,43,0,2,20,94,116,14,37,51,167
08/09/2022,WDG,OK,ASW,CE,Federal Contract Tower,0,2,6,39,47,0,0,15,35,50,0,2,21,74,97,18,92,110,207
08/10/2022,WDG,OK,ASW,CE,Federal Contract Tower,0,2,16,33,51,0,0,28,35,63,0,2,44,68,114,18,70,88,202
08/11/2022,WDG,OK,ASW,CE,Federal Contract Tower,0,2,9,51,62,0,0,20,31,51,0,2,29,82,113,32,70,102,215
08/12/2022,WDG,OK,ASW,CE,Federal Contract Tower,0,2,13,57,72,0,0,33,32,65,0,2,46,89,137,24,78,102,239
08/13/2022,WDG,OK,ASW,CE,Federal Contract Tower,0,2,4,6,12,0,0,57,2,59,0,2,61,8,71,28,2,30,101
08/14/2022,WDG,OK,ASW,CE,Federal Contract Tower,0,1,11,31,43,0,0,12,31,43,0,1,23,62,86,15,64,79,165
08/15/2022,WDG,OK,ASW,CE,Federal Contract Tower,0,2,5,49,56,0,0,20,34,54,0,2,25,83,110,4,94,98,208
08/16/2022,WDG,OK,ASW,CE,Federal Contract Tower,0,3,1,70,74,0,0,7,43,50,0,3,8,113,124,0,72,72,196
08/17/2022,WDG,OK,ASW,CE,Federal Contract Tower,0,2,18,71,91,0,0,3,7,10,0,2,21,78,101,4,12,16,117
08/18/2022,WDG,OK,ASW,CE,Federal Contract Tower,0,2,4,67,73,0,0,11,55,66,0,2,15,122,139,14,76,90,229
08/19/2022,WDG,OK,ASW,CE,Federal Contract Tower,0,2,8,35,45,0,0,35,35,70,0,2,43,70,115,22,63,85,200
08/20/2022,WDG,OK,ASW,CE,Federal Contract Tower,0,1,1,2,4,0,1,42,6,49,0,2,43,8,53,22,4,26,79
08/21/2022,WDG,OK,ASW,CE,Federal Contract Tower,0,2,3,13,18,0,0,13,2,15,0,2,16,15,33,2,0,2,35
08/22/2022,WDG,OK,ASW,CE,Federal Contract Tower,0,2,7,53,62,0,0,19,32,51,0,2,26,85,113,4,46,50,163
08/23/2022,WDG,OK,ASW,CE,Federal Contract Tower,0,2,8,55,65,0,0,25,43,68,0,2,33,98,133,0,125,125,258
08/24/2022,WDG,OK,ASW,CE,Federal Contract Tower,0,2,8,39,49,0,0,23,37,60,0,2,31,76,109,12,84,96,205
08/25/2022,WDG,OK,ASW,CE,Federal Contract Tower,0,2,3,43,48,0,0,33,33,66,0,2,36,76,114,36,69,105,219
08/26/2022,WDG,OK,ASW,CE,Federal Contract Tower,0,2,2,15,19,0,0,27,21,48,0,2,29,36,67,8,62,70,137
08/27/2022,WDG,OK,ASW,CE,Federal Contract Tower,0,2,8,11,21,0,0,23,11,34,0,2,31,22,55,22,40,62,117
08/28/2022,WDG,OK,ASW,CE,Federal Contract Tower,0,1,5,23,29,0,0,12,11,23,0,1,17,34,52,4,18,22,74
08/29/2022,WDG,OK,ASW,CE,Federal Contract Tower,0,2,5,39,46,0,0,7,28,35,0,2,12,67,81,0,107,107,188
08/30/2022,WDG,OK,ASW,CE,Federal Contract Tower,0,2,7,61,70,0,0,17,46,63,0,2,24,107,133,16,120,136,269
08/31/2022,WDG,OK,ASW,CE,Federal Contract Tower,0,2,9,53,64,0,0,43,32,75,0,2,52,85,139,6,118,124,263
09/01/2022,WDG,OK,ASW,CE,Federal Contract Tower,0,2,5,26,33,0,0,15,18,33,0,2,20,44,66,40,56,96,162
09/02/2022,WDG,OK,ASW,CE,Federal Contract Tower,0,2,7,0,9,0,0,20,0,20,0,2,27,0,29,3,0,3,32
09/03/2022,WDG,OK,ASW,CE,Federal Contract Tower,0,2,5,0,7,0,0,30,0,30,0,2,35,0,37,20,0,20,57
09/04/2022,WDG,OK,ASW,CE,Federal Contract Tower,0,0,5,0,5,0,0,20,0,20,0,0,25,0,25,22,0,22,47
09/05/2022,WDG,OK,ASW,CE,Federal Contract Tower,0,0,3,0,3,0,0,20,0,20,0,0,23,0,23,28,0,28,51
09/06/2022,WDG,OK,ASW,CE,Federal Contract Tower,0,2,7,51,60,0,0,30,29,59,0,2,37,80,119,8,58,66,185
09/07/2022,WDG,OK,ASW,CE,Federal Contract Tower,0,2,4,62,68,0,0,23,36,59,0,2,27,98,127,4,105,109,236
09/08/2022,WDG,OK,ASW,CE,Federal Contract Tower,0,2,5,55,62,0,0,51,38,89,0,2,56,93,151,35,75,110,261
09/09/2022,WDG,OK,ASW,CE,Federal Contract Tower,0,1,17,42,60,0,0,33,27,60,0,1,50,69,120,29,35,64,184
09/10/2022,WDG,OK,ASW,CE,Federal Contract Tower,0,2,2,6,10,0,0,50,5,55,0,2,52,11,65,10,22,32,97
09/11/2022,WDG,OK,ASW,CE,Federal Contract Tower,0,0,7,7,14,0,0,20,4,24,0,0,27,11,38,16,10,26,64
09/12/2022,WDG,OK,ASW,CE,Federal Contract Tower,0,2,1,38,41,0,0,24,33,57,0,2,25,71,98,6,83,89,187
09/13/2022,WDG,OK,ASW,CE,Federal Contract Tower,0,2,8,49,59,0,0,19,34,53,0,2,27,83,112,18,36,54,166
09/14/2022,WDG,OK,ASW,CE,Federal Contract Tower,0,2,18,44,64,0,0,27,36,63,0,2,45,80,127,2,72,74,201
09/15/2022,WDG,OK,ASW,CE,Federal Contract Tower,0,2,7,45,54,0,0,21,41,62,0,2,28,86,116,2,72,74,190
09/16/2022,WDG,OK,ASW,CE,Federal Contract Tower,0,2,10,32,44,0,0,31,32,63,0,2,41,64,107,28,64,92,199
09/17/2022,WDG,OK,ASW,CE,Federal Contract Tower,0,2,8,4,14,0,0,63,2,65,0,2,71,6,79,2,6,8,87
09/18/2022,WDG,OK,ASW,CE,Federal Contract Tower,0,0,5,21,26,0,0,23,12,35,0,0,28,33,61,0,10,10,71
09/19/2022,WDG,OK,ASW,CE,Federal Contract Tower,0,2,7,33,42,0,0,15,27,42,0,2,22,60,84,0,71,71,155
09/20/2022,WDG,OK,ASW,CE,Federal Contract Tower,0,2,5,50,57,0,0,12,38,50,0,2,17,88,107,1,103,104,211
09/21/2022,WDG,OK,ASW,CE,Federal Contract Tower,0,2,4,46,52,0,0,17,30,47,0,2,21,76,99,32,126,158,257
09/22/2022,WDG,OK,ASW,CE,Federal Contract Tower,0,2,13,58,73,0,0,19,14,33,0,2,32,72,106,8,8,16,122
09/23/2022,WDG,OK,ASW,CE,Federal Contract Tower,0,2,4,35,41,0,0,22,46,68,0,2,26,81,109,26,41,67,176
09/24/2022,WDG,OK,ASW,CE,Federal Contract Tower,0,3,3,11,17,0,0,21,3,24,0,3,24,14,41,16,48,64,105
09/25/2022,WDG,OK,ASW,CE,Federal Contract Tower,0,0,3,28,31,0,0,27,23,50,0,0,30,51,81,6,46,52,133
09/26/2022,WDG,OK,ASW,CE,Federal Contract Tower,0,2,14,98,114,0,0,31,35,66,0,2,45,133,180,2,98,100,280
09/27/2022,WDG,OK,ASW,CE,Federal Contract Tower,0,2,0,42,44,0,0,19,24,43,0,2,19,66,87,4,68,72,159
09/28/2022,WDG,OK,ASW,CE,Federal Contract Tower,0,2,15,86,103,0,0,30,37,67,0,2,45,123,170,0,64,64,234
09/29/2022,WDG,OK,ASW,CE,Federal Contract Tower,0,2,16,36,54,0,0,21,18,39,0,2,37,54,93,4,44,48,141
09/30/2022,WDG,OK,ASW,CE,Federal Contract Tower,0,2,17,28,47,0,0,30,31,61,0,2,47,59,108,4,60,64,172
10/01/2022,WDG,OK,ASW,CE,Federal Contract Tower,0,2,7,2,11,0,0,28,3,31,0,2,35,5,42,10,0,10,52
10/02/2022,WDG,OK,ASW,CE,Federal Contract Tower,0,0,12,12,24,0,0,26,6,32,0,0,38,18,56,26,6,32,88
10/03/2022,WDG,OK,ASW,CE,Federal Contract Tower,0,2,3,75,80,0,0,16,43,59,0,2,19,118,139,20,94,114,253
10/04/2022,WDG,OK,ASW,CE,Federal Contract Tower,0,2,1,39,42,0,0,30,34,64,0,2,31,73,106,6,96,102,208
10/05/2022,WDG,OK,ASW,CE,Federal Contract Tower,0,2,4,51,57,0,0,24,30,54,0,2,28,81,111,10,75,85,196
10/06/2022,WDG,OK,ASW,CE,Federal Contract Tower,0,2,9,55,66,0,0,28,44,72,0,2,37,99,138,14,130,144,282
10/07/2022,WDG,OK,ASW,CE,Federal Contract Tower,0,2,17,57,76,0,0,22,41,63,0,2,39,98,139,6,84,90,229
10/08/2022,WDG,OK,ASW,CE,Federal Contract Tower,0,2,7,0,9,0,0,18,0,18,0,2,25,0,27,0,0,0,27
10/09/2022,WDG,OK,ASW,CE,Federal Contract Tower,0,0,9,1,10,0,0,17,0,17,0,0,26,1,27,0,0,0,27
10/10/2022,WDG,OK,ASW,CE,Federal Contract Tower,0,2,13,0,15,0,0,13,2,15,0,2,26,2,30,0,2,2,32
10/11/2022,WDG,OK,ASW,CE,Federal Contract Tower,0,2,9,64,75,0,0,17,39,56,0,2,26,103,131,0,110,110,241
10/12/2022,WDG,OK,ASW,CE,Federal Contract Tower,0,2,12,53,67,0,0,15,49,64,0,2,27,102,131,12,86,98,229
10/13/2022,WDG,OK,ASW,CE,Federal Contract Tower,0,2,16,73,91,0,0,32,60,92,0,2,48,133,183,26,36,62,245
10/14/2022,WDG,OK,ASW,CE,Federal Contract Tower,0,2,10,38,50,0,0,16,24,40,0,2,26,62,90,22,102,124,214
10/15/2022,WDG,OK,ASW,CE,Federal Contract Tower,0,2,5,2,9,0,0,28,0,28,0,2,33,2,37,10,0,10,47
10/16/2022,WDG,OK,ASW,CE,Federal Contract Tower,0,0,7,22,29,0,0,13,17,30,0,0,20,39,59,0,28,28,87
10/17/2022,WDG,OK,ASW,CE,Federal Contract Tower,0,2,7,91,100,0,0,23,37,60,0,2,30,128,160,18,42,60,220
10/18/2022,WDG,OK,ASW,CE,Federal Contract Tower,0,2,7,50,59,0,0,25,24,49,0,2,32,74,108,34,30,64,172
10/19/2022,WDG,OK,ASW,CE,Federal Contract Tower,0,2,7,47,56,0,0,23,24,47,0,2,30,71,103,24,44,68,171
10/20/2022,WDG,OK,ASW,CE,Federal Contract Tower,0,2,13,59,74,0,0,21,23,44,0,2,34,82,118,4,100,104,222
10/21/2022,WDG,OK,ASW,CE,Federal Contract Tower,0,6,6,23,35,0,0,24,18,42,0,6,30,41,77,24,16,40,117
10/22/2022,WDG,OK,ASW,CE,Federal Contract Tower,0,2,2,6,10,0,0,10,12,22,0,2,12,18,32,0,12,12,44
10/23/2022,WDG,OK,ASW,CE,Federal Contract Tower,0,0,5,5,10,0,0,6,3,9,0,0,11,8,19,0,28,28,47
10/24/2022,WDG,OK,ASW,CE,Federal Contract Tower,0,2,1,4,7,0,0,0,0,0,0,2,1,4,7,0,0,0,7
10/25/2022,WDG,OK,ASW,CE,Federal Contract Tower,0,2,6,71,79,0,0,22,49,71,0,2,28,120,150,36,115,151,301
10/26/2022,WDG,OK,ASW,CE,Federal Contract Tower,0,2,7,62,71,0,0,38,33,71,0,2,45,95,142,28,84,112,254
10/27/2022,WDG,OK,ASW,CE,Federal Contract Tower,0,2,8,29,39,0,0,20,15,35,0,2,28,44,74,0,60,60,134
10/28/2022,WDG,OK,ASW,CE,Federal Contract Tower,0,2,8,47,57,0,0,11,22,33,0,2,19,69,90,6,49,55,145
10/29/2022,WDG,OK,ASW,CE,Federal Contract Tower,0,2,6,3,11,0,0,30,1,31,0,2,36,4,42,0,4,4,46
10/30/2022,WDG,OK,ASW,CE,Federal Contract Tower,0,0,2,5,7,0,0,26,2,28,0,0,28,7,35,34,6,40,75
10/31/2022,WDG,OK,ASW,CE,Federal Contract Tower,0,2,3,51,56,0,0,26,22,48,0,2,29,73,104,0,44,44,148
11/01/2022,WDG,OK,ASW,CE,Federal Contract Tower,0,2,6,36,44,0,0,36,27,63,0,2,42,63,107,41,60,101,208
11/02/2022,WDG,OK,ASW,CE,Federal Contract Tower,0,3,4,33,40,0,0,13,14,27,0,3,17,47,67,16,43,59,126
11/03/2022,WDG,OK,ASW,CE,Federal Contract Tower,0,2,12,40,54,0,0,4,4,8,0,2,16,44,62,8,4,12,74
11/04/2022,WDG,OK,ASW,CE,Federal Contract Tower,0,2,1,0,3,0,0,0,0,0,0,2,1,0,3,0,0,0,3
11/05/2022,WDG,OK,ASW,CE,Federal Contract Tower,0,2,2,5,9,0,0,16,17,33,0,2,18,22,42,32,38,70,112
11/06/2022,WDG,OK,ASW,CE,Federal Contract Tower,0,0,6,14,20,0,0,21,14,35,0,0,27,28,55,18,20,38,93
11/07/2022,WDG,OK,ASW,CE,Federal Contract Tower,0,2,3,56,61,0,0,8,19,27,0,2,11,75,88,0,70,70,158
11/08/2022,WDG,OK,ASW,CE,Federal Contract Tower,0,3,9,12,24,0,0,1,4,5,0,3,10,16,29,8,6,14,43
11/09/2022,WDG,OK,ASW,CE,Federal Contract Tower,0,5,1,73,79,0,0,2,15,17,0,5,3,88,96,0,84,84,180
11/10/2022,WDG,OK,ASW,CE,Federal Contract Tower,0,2,3,82,87,0,0,3,12,15,0,2,6,94,102,0,46,46,148
11/11/2022,WDG,OK,ASW,CE,Federal Contract Tower,0,2,7,0,9,0,0,7,2,9,0,2,14,2,18,0,0,0,18
11/12/2022,WDG,OK,ASW,CE,Federal Contract Tower,0,2,5,0,7,0,0,37,1,38,0,2,42,1,45,26,2,28,73
11/13/2022,WDG,OK,ASW,CE,Federal Contract Tower,0,0,8,0,8,0,0,24,2,26,0,0,32,2,34,0,0,0,34
11/14/2022,WDG,OK,ASW,CE,Federal Contract Tower,0,0,4,35,39,0,0,0,20,20,0,0,4,55,59,0,68,68,127
11/15/2022,WDG,OK,ASW,CE,Federal Contract Tower,0,3,5,29,37,0,2,15,24,41,0,5,20,53,78,2,46,48,126
11/16/2022,WDG,OK,ASW,CE,Federal Contract Tower,0,2,6,50,58,0,0,47,34,81,0,2,53,84,139,22,58,80,219
11/17/2022,WDG,OK,ASW,CE,Federal Contract Tower,0,2,15,57,74,0,0,26,27,53,0,2,41,84,127,16,62,78,205
11/18/2022,WDG,OK,ASW,CE,Federal Contract Tower,0,2,7,55,64,0,0,17,21,38,0,2,24,76,102,2,12,14,116
11/19/2022,WDG,OK,ASW,CE,Federal Contract Tower,0,2,4,4,10,0,0,26,8,34,0,2,30,12,44,38,28,66,110
11/20/2022,WDG,OK,ASW,CE,Federal Contract Tower,0,0,10,12,22,0,0,14,13,27,0,0,24,25,49,10,14,24,73
11/21/2022,WDG,OK,ASW,CE,Federal Contract Tower,0,2,3,39,44,0,0,23,24,47,0,2,26,63,91,40,36,76,167
11/22/2022,WDG,OK,ASW,CE,Federal Contract Tower,0,3,3,47,53,0,0,17,28,45,0,3,20,75,98,14,70,84,182
11/23/2022,WDG,OK,ASW,CE,Federal Contract Tower,0,2,7,17,26,0,0,0,0,0,0,2,7,17,26,0,12,12,38
11/24/2022,WDG,OK,ASW,CE,Federal Contract Tower,0,0,0,0,0,0,0,0,0,0,0,0,0,0,0,0,0,0,0
11/25/2022,WDG,OK,ASW,CE,Federal Contract Tower,0,4,6,4,14,0,0,15,0,15,0,4,21,4,29,40,0,40,69
11/26/2022,WDG,OK,ASW,CE,Federal Contract Tower,0,2,0,0,2,0,0,0,0,0,0,2,0,0,2,0,0,0,2
11/27/2022,WDG,OK,ASW,CE,Federal Contract Tower,0,0,8,0,8,0,0,21,0,21,0,0,29,0,29,18,0,18,47
11/28/2022,WDG,OK,ASW,CE,Federal Contract Tower,0,2,8,69,79,0,0,18,35,53,0,2,26,104,132,2,88,90,222
11/29/2022,WDG,OK,ASW,CE,Federal Contract Tower,0,2,3,118,123,0,0,7,20,27,0,2,10,138,150,8,42,50,200
11/30/2022,WDG,OK,ASW,CE,Federal Contract Tower,0,2,5,69,76,0,0,28,32,60,0,2,33,101,136,16,40,56,192
12/01/2022,WDG,OK,ASW,CE,Federal Contract Tower,0,2,6,56,64,0,0,2,21,23,0,2,8,77,87,0,42,42,129
12/02/2022,WDG,OK,ASW,CE,Federal Contract Tower,0,2,3,54,59,0,0,13,10,23,0,2,16,64,82,0,12,12,94
12/03/2022,WDG,OK,ASW,CE,Federal Contract Tower,0,2,9,1,12,0,0,28,7,35,0,2,37,8,47,4,0,4,51
12/04/2022,WDG,OK,ASW,CE,Federal Contract Tower,0,0,8,12,20,0,0,29,2,31,0,0,37,14,51,59,0,59,110
12/05/2022,WDG,OK,ASW,CE,Federal Contract Tower,0,2,2,83,87,0,0,13,17,30,0,2,15,100,117,2,28,30,147
12/06/2022,WDG,OK,ASW,CE,Federal Contract Tower,0,2,10,38,50,0,0,4,0,4,0,2,14,38,54,30,2,32,86
12/07/2022,WDG,OK,ASW,CE,Federal Contract Tower,0,2,4,30,36,0,0,0,0,0,0,2,4,30,36,0,0,0,36
12/08/2022,WDG,OK,ASW,CE,Federal Contract Tower,0,2,7,19,28,0,0,6,3,9,0,2,13,22,37,2,12,14,51
12/09/2022,WDG,OK,ASW,CE,Federal Contract Tower,0,2,7,85,94,0,0,27,30,57,0,2,34,115,151,34,48,82,233
12/10/2022,WDG,OK,ASW,CE,Federal Contract Tower,0,2,4,15,21,0,0,4,8,12,0,2,8,23,33,2,22,24,57
12/11/2022,WDG,OK,ASW,CE,Federal Contract Tower,0,0,10,6,16,0,0,0,0,0,0,0,10,6,16,0,0,0,16
12/12/2022,WDG,OK,ASW,CE,Federal Contract Tower,0,2,3,8,13,0,0,0,0,0,0,2,3,8,13,0,0,0,13
12/13/2022,WDG,OK,ASW,CE,Federal Contract Tower,0,3,3,69,75,0,0,22,38,60,0,3,25,107,135,6,40,46,181
12/14/2022,WDG,OK,ASW,CE,Federal Contract Tower,0,3,7,97,107,0,0,15,30,45,0,3,22,127,152,6,70,76,228
12/15/2022,WDG,OK,ASW,CE,Federal Contract Tower,0,3,6,100,109,0,0,12,46,58,0,3,18,146,167,0,65,65,232
12/16/2022,WDG,OK,ASW,CE,Federal Contract Tower,0,2,8,38,48,0,0,19,25,44,0,2,27,63,92,8,41,49,141
12/17/2022,WDG,OK,ASW,CE,Federal Contract Tower,0,2,13,10,25,0,0,25,14,39,0,2,38,24,64,4,80,84,148
12/18/2022,WDG,OK,ASW,CE,Federal Contract Tower,0,0,6,24,30,0,0,41,11,52,0,0,47,35,82,34,44,78,160
12/19/2022,WDG,OK,ASW,CE,Federal Contract Tower,0,2,7,80,89,0,0,6,43,49,0,2,13,123,138,0,142,142,280
12/20/2022,WDG,OK,ASW,CE,Federal Contract Tower,0,2,9,24,35,0,0,2,0,2,0,2,11,24,37,0,0,0,37
12/21/2022,WDG,OK,ASW,CE,Federal Contract Tower,0,2,10,25,37,0,0,2,1,3,0,2,12,26,40,0,4,4,44
12/22/2022,WDG,OK,ASW,CE,Federal Contract Tower,0,0,0,0,0,0,0,0,0,0,0,0,0,0,0,0,0,0,0
12/23/2022,WDG,OK,ASW,CE,Federal Contract Tower,0,2,5,0,7,0,0,16,0,16,0,2,21,0,23,0,0,0,23
12/24/2022,WDG,OK,ASW,CE,Federal Contract Tower,0,0,0,0,0,0,0,5,0,5,0,0,5,0,5,0,0,0,5
12/25/2022,WDG,OK,ASW,CE,Federal Contract Tower,0,2,0,0,2,0,0,14,0,14,0,2,14,0,16,8,0,8,24
12/26/2022,WDG,OK,ASW,CE,Federal Contract Tower,0,0,6,0,6,0,0,9,0,9,0,0,15,0,15,0,0,0,15
12/27/2022,WDG,OK,ASW,CE,Federal Contract Tower,0,2,9,0,11,0,0,23,0,23,0,2,32,0,34,0,0,0,34
12/28/2022,WDG,OK,ASW,CE,Federal Contract Tower,0,5,4,0,9,0,0,7,0,7,0,5,11,0,16,0,0,0,16
12/29/2022,WDG,OK,ASW,CE,Federal Contract Tower,0,2,10,0,12,0,0,14,4,18,0,2,24,4,30,27,10,37,67
12/30/2022,WDG,OK,ASW,CE,Federal Contract Tower,0,2,7,0,9,0,0,36,0,36,0,2,43,0,45,59,0,59,104
12/31/2022,WDG,OK,ASW,CE,Federal Contract Tower,0,2,5,0,7,0,0,21,0,21,0,2,26,0,28,18,0,18,46
01/01/2023,WDG,OK,ASW,CE,Federal Contract Tower,0,0,6,0,6,0,0,7,0,7,0,0,13,0,13,16,0,16,29
01/02/2023,WDG,OK,ASW,CE,Federal Contract Tower,0,0,2,0,2,0,0,0,0,0,0,0,2,0,2,0,0,0,2
01/03/2023,WDG,OK,ASW,CE,Federal Contract Tower,0,2,11,56,69,0,0,17,20,37,0,2,28,76,106,6,28,34,140
01/04/2023,WDG,OK,ASW,CE,Federal Contract Tower,0,2,4,78,84,0,0,26,28,54,0,2,30,106,138,10,60,70,208
01/05/2023,WDG,OK,ASW,CE,Federal Contract Tower,0,2,6,82,90,0,0,24,43,67,0,2,30,125,157,26,64,90,247
01/06/2023,WDG,OK,ASW,CE,Federal Contract Tower,0,2,3,45,50,0,0,9,11,20,0,2,12,56,70,2,62,64,134
01/07/2023,WDG,OK,ASW,CE,Federal Contract Tower,0,2,6,22,30,0,0,25,13,38,0,2,31,35,68,46,30,76,144
01/08/2023,WDG,OK,ASW,CE,Federal Contract Tower,0,0,6,20,26,0,0,22,12,34,0,0,28,32,60,12,64,76,136
01/09/2023,WDG,OK,ASW,CE,Federal Contract Tower,0,2,7,44,53,0,0,13,25,38,0,2,20,69,91,8,31,39,130
01/10/2023,WDG,OK,ASW,CE,Federal Contract Tower,0,2,6,45,53,0,0,28,25,53,0,2,34,70,106,50,94,144,250
01/11/2023,WDG,OK,ASW,CE,Federal Contract Tower,0,0,7,51,58,0,0,18,45,63,0,0,25,96,121,20,74,94,215
01/12/2023,WDG,OK,ASW,CE,Federal Contract Tower,0,2,4,52,58,0,0,22,28,50,0,2,26,80,108,12,132,144,252
01/13/2023,WDG,OK,ASW,CE,Federal Contract Tower,0,2,14,49,65,0,0,27,35,62,0,2,41,84,127,18,39,57,184
01/14/2023,WDG,OK,ASW,CE,Federal Contract Tower,0,2,6,0,8,0,0,14,0,14,0,2,20,0,22,18,0,18,40
01/15/2023,WDG,OK,ASW,CE,Federal Contract Tower,0,0,7,0,7,0,0,17,4,21,0,0,24,4,28,0,10,10,38
01/16/2023,WDG,OK,ASW,CE,Federal Contract Tower,0,2,7,1,10,0,0,38,2,40,0,2,45,3,50,38,6,44,94
01/17/2023,WDG,OK,ASW,CE,Federal Contract Tower,0,2,8,56,66,0,0,16,31,47,0,2,24,87,113,0,86,86,199
01/18/2023,WDG,OK,ASW,CE,Federal Contract Tower,0,2,4,56,62,0,0,4,29,33,0,2,8,85,95,0,46,46,141
01/19/2023,WDG,OK,ASW,CE,Federal Contract Tower,0,2,7,67,76,0,0,20,26,46,0,2,27,93,122,16,66,82,204
01/20/2023,WDG,OK,ASW,CE,Federal Contract Tower,0,4,5,32,41,0,0,23,23,46,0,4,28,55,87,6,30,36,123
01/21/2023,WDG,OK,ASW,CE,Federal Contract Tower,0,4,1,7,12,0,0,2,3,5,0,4,3,10,17,0,30,30,47
01/22/2023,WDG,OK,ASW,CE,Federal Contract Tower,0,0,6,25,31,0,0,14,6,20,0,0,20,31,51,83,6,89,140
01/23/2023,WDG,OK,ASW,CE,Federal Contract Tower,0,2,4,69,75,0,0,31,38,69,0,2,35,107,144,63,88,151,295
01/24/2023,WDG,OK,ASW,CE,Federal Contract Tower,0,0,3,0,3,0,0,0,0,0,0,0,3,0,3,0,0,0,3
01/25/2023,WDG,OK,ASW,CE,Federal Contract Tower,0,2,6,66,74,0,0,4,15,19,0,2,10,81,93,12,20,32,125
01/26/2023,WDG,OK,ASW,CE,Federal Contract Tower,0,4,1,56,61,0,0,24,37,61,0,4,25,93,122,16,76,92,214
01/27/2023,WDG,OK,ASW,CE,Federal Contract Tower,0,4,8,55,67,0,0,23,38,61,0,4,31,93,128,12,40,52,180
01/28/2023,WDG,OK,ASW,CE,Federal Contract Tower,0,2,8,4,14,0,0,31,8,39,0,2,39,12,53,12,8,20,73
01/29/2023,WDG,OK,ASW,CE,Federal Contract Tower,0,0,4,2,6,0,0,0,0,0,0,0,4,2,6,0,0,0,6
01/30/2023,WDG,OK,ASW,CE,Federal Contract Tower,0,2,4,22,28,0,0,6,14,20,0,2,10,36,48,6,30,36,84
01/31/2023,WDG,OK,ASW,CE,Federal Contract Tower,0,3,2,51,56,0,0,2,26,28,0,3,4,77,84,0,54,54,138
02/01/2023,WDG,OK,ASW,CE,Federal Contract Tower,0,1,5,48,54,0,0,10,26,36,0,1,15,74,90,10,62,72,162
02/02/2023,WDG,OK,ASW,CE,Federal Contract Tower,0,2,9,75,86,0,0,13,27,40,0,2,22,102,126,0,30,30,156
02/03/2023,WDG,OK,ASW,CE,Federal Contract Tower,0,2,9,47,58,0,0,50,34,84,0,2,59,81,142,24,64,88,230
02/04/2023,WDG,OK,ASW,CE,Federal Contract Tower,0,2,3,1,6,0,0,10,6,16,0,2,13,7,22,4,14,18,40
02/05/2023,WDG,OK,ASW,CE,Federal Contract Tower,0,0,6,12,18,0,0,19,9,28,0,0,25,21,46,24,14,38,84
02/06/2023,WDG,OK,ASW,CE,Federal Contract Tower,0,2,9,40,51,0,0,15,36,51,0,2,24,76,102,0,60,60,162
02/07/2023,WDG,OK,ASW,CE,Federal Contract Tower,0,0,4,42,46,0,0,12,29,41,0,0,16,71,87,8,64,72,159
02/08/2023,WDG,OK,ASW,CE,Federal Contract Tower,0,0,2,50,52,0,0,0,12,12,0,0,2,62,64,0,34,34,98
02/09/2023,WDG,OK,ASW,CE,Federal Contract Tower,0,2,2,54,58,0,0,14,40,54,0,2,16,94,112,38,98,136,248
02/10/2023,WDG,OK,ASW,CE,Federal Contract Tower,0,2,7,76,85,0,0,24,39,63,0,2,31,115,148,22,56,78,226
02/11/2023,WDG,OK,ASW,CE,Federal Contract Tower,0,2,5,2,9,0,0,66,13,79,0,2,71,15,88,14,48,62,150
02/12/2023,WDG,OK,ASW,CE,Federal Contract Tower,0,0,3,10,13,0,0,8,8,16,0,0,11,18,29,6,42,48,77
02/13/2023,WDG,OK,ASW,CE,Federal Contract Tower,0,2,5,56,63,0,0,42,16,58,0,2,47,72,121,8,28,36,157
02/14/2023,WDG,OK,ASW,CE,Federal Contract Tower,0,0,1,5,6,0,0,5,1,6,0,0,6,6,12,0,14,14,26
02/15/2023,WDG,OK,ASW,CE,Federal Contract Tower,0,0,3,95,98,0,0,24,47,71,0,0,27,142,169,4,144,148,317
02/16/2023,WDG,OK,ASW,CE,Federal Contract Tower,0,2,3,98,103,0,0,5,42,47,0,2,8,140,150,0,82,82,232
02/17/2023,WDG,OK,ASW,CE,Federal Contract Tower,0,4,3,49,56,0,0,42,26,68,0,4,45,75,124,32,88,120,244
02/18/2023,WDG,OK,ASW,CE,Federal Contract Tower,0,3,9,0,12,0,0,6,0,6,0,3,15,0,18,2,0,2,20
02/19/2023,WDG,OK,ASW,CE,Federal Contract Tower,0,0,7,0,7,0,0,36,0,36,0,0,43,0,43,44,0,44,87
02/20/2023,WDG,OK,ASW,CE,Federal Contract Tower,0,0,4,0,4,0,0,28,0,28,0,0,32,0,32,20,0,20,52
02/21/2023,WDG,OK,ASW,CE,Federal Contract Tower,0,2,12,67,81,0,0,20,31,51,0,2,32,98,132,24,40,64,196
02/22/2023,WDG,OK,ASW,CE,Federal Contract Tower,0,0,4,57,61,0,0,8,35,43,0,0,12,92,104,0,64,64,168
02/23/2023,WDG,OK,ASW,CE,Federal Contract Tower,0,2,5,87,94,0,0,21,38,59,0,2,26,125,153,2,158,160,313
02/24/2023,WDG,OK,ASW,CE,Federal Contract Tower,0,2,4,5,11,0,0,4,5,9,0,2,8,10,20,4,48,52,72
02/25/2023,WDG,OK,ASW,CE,Federal Contract Tower,0,0,10,7,17,0,0,3,0,3,0,0,13,7,20,0,6,6,26
02/26/2023,WDG,OK,ASW,CE,Federal Contract Tower,0,0,13,4,17,0,0,0,0,0,0,0,13,4,17,0,0,0,17
02/27/2023,WDG,OK,ASW,CE,Federal Contract Tower,0,2,5,96,103,0,0,15,46,61,0,2,20,142,164,12,111,123,287
02/28/2023,WDG,OK,ASW,CE,Federal Contract Tower,0,0,2,72,74,0,0,25,35,60,0,0,27,107,134,0,148,148,282
03/01/2023,WDG,OK,ASW,CE,Federal Contract Tower,0,1,2,75,78,0,1,20,36,57,0,2,22,111,135,2,130,132,267
03/02/2023,WDG,OK,ASW,CE,Federal Contract Tower,0,4,3,54,61,0,0,2,6,8,0,4,5,60,69,0,54,54,123
03/03/2023,WDG,OK,ASW,CE,Federal Contract Tower,0,3,8,53,64,0,0,19,35,54,0,3,27,88,118,2,78,80,198
03/04/2023,WDG,OK,ASW,CE,Federal Contract Tower,0,3,4,3,10,0,1,26,14,41,0,4,30,17,51,32,4,36,87
03/05/2023,WDG,OK,ASW,CE,Federal Contract Tower,0,0,5,7,12,0,0,4,10,14,0,0,9,17,26,0,20,20,46
03/06/2023,WDG,OK,ASW,CE,Federal Contract Tower,0,3,9,75,87,0,1,9,47,57,0,4,18,122,144,0,68,68,212
03/07/2023,WDG,OK,ASW,CE,Federal Contract Tower,0,4,4,109,117,0,0,4,2,6,0,4,8,111,123,0,38,38,161
03/08/2023,WDG,OK,ASW,CE,Federal Contract Tower,0,2,8,106,116,0,0,0,1,1,0,2,8,107,117,0,32,32,149
03/09/2023,WDG,OK,ASW,CE,Federal Contract Tower,0,2,7,30,39,0,0,4,11,15,0,2,11,41,54,18,10,28,82
03/10/2023,WDG,OK,ASW,CE,Federal Contract Tower,0,5,8,55,68,0,0,20,18,38,0,5,28,73,106,20,156,176,282
03/11/2023,WDG,OK,ASW,CE,Federal Contract Tower,0,3,3,10,16,0,0,8,11,19,0,3,11,21,35,12,16,28,63
03/12/2023,WDG,OK,ASW,CE,Federal Contract Tower,0,0,16,7,23,0,0,9,3,12,0,0,25,10,35,40,4,44,79
03/13/2023,WDG,OK,ASW,CE,Federal Contract Tower,0,2,8,95,105,0,0,22,49,71,0,2,30,144,176,0,142,142,318
03/14/2023,WDG,OK,ASW,CE,Federal Contract Tower,0,2,13,73,88,0,0,13,37,50,0,2,26,110,138,12,134,146,284
03/15/2023,WDG,OK,ASW,CE,Federal Contract Tower,0,4,7,42,53,0,0,7,24,31,0,4,14,66,84,0,44,44,128
03/16/2023,WDG,OK,ASW,CE,Federal Contract Tower,0,0,7,12,19,0,0,0,2,2,0,0,7,14,21,0,6,6,27
03/17/2023,WDG,OK,ASW,CE,Federal Contract Tower,0,2,7,44,53,0,0,14,31,45,0,2,21,75,98,4,70,74,172
03/18/2023,WDG,OK,ASW,CE,Federal Contract Tower,0,2,6,3,11,0,0,37,5,42,0,2,43,8,53,0,0,0,53
03/19/2023,WDG,OK,ASW,CE,Federal Contract Tower,0,0,18,8,26,0,0,27,4,31,0,0,45,12,57,52,10,62,119
03/20/2023,WDG,OK,ASW,CE,Federal Contract Tower,0,2,4,34,40,0,0,5,21,26,0,2,9,55,66,0,60,60,126
03/21/2023,WDG,OK,ASW,CE,Federal Contract Tower,0,2,5,25,32,0,0,5,13,18,0,2,10,38,50,0,50,50,100
03/22/2023,WDG,OK,ASW,CE,Federal Contract Tower,0,4,2,44,50,0,0,24,38,62,0,4,26,82,112,36,78,114,226
03/23/2023,WDG,OK,ASW,CE,Federal Contract Tower,0,2,6,74,82,0,0,17,32,49,0,2,23,106,131,90,70,160,291
03/24/2023,WDG,OK,ASW,CE,Federal Contract Tower,0,2,12,48,62,0,0,5,4,9,0,2,17,52,71,22,10,32,103
03/25/2023,WDG,OK,ASW,CE,Federal Contract Tower,0,0,6,3,9,0,0,44,2,46,0,0,50,5,55,58,10,68,123
03/26/2023,WDG,OK,ASW,CE,Federal Contract Tower,0,0,9,7,16,0,0,24,7,31,0,0,33,14,47,34,18,52,99
03/27/2023,WDG,OK,ASW,CE,Federal Contract Tower,0,4,2,44,50,0,0,13,30,43,0,4,15,74,93,46,68,114,207
03/28/2023,WDG,OK,ASW,CE,Federal Contract Tower,0,2,7,56,65,0,0,21,24,45,0,2,28,80,110,39,50,89,199
03/29/2023,WDG,OK,ASW,CE,Federal Contract Tower,0,2,13,52,67,0,0,38,28,66,0,2,51,80,133,46,76,122,255
03/30/2023,WDG,OK,ASW,CE,Federal Contract Tower,0,2,5,18,25,0,0,2,11,13,0,2,7,29,38,0,32,32,70
03/31/2023,WDG,OK,ASW,CE,Federal Contract Tower,0,0,2,0,2,0,0,0,2,2,0,0,2,2,4,2,0,2,6
04/01/2023,WDG,OK,ASW,CE,Federal Contract Tower,0,4,6,2,12,0,0,60,4,64,0,4,66,6,76,70,2,72,148
04/02/2023,WDG,OK,ASW,CE,Federal Contract Tower,0,1,4,7,12,0,0,7,11,18,0,1,11,18,30,0,4,4,34
04/03/2023,WDG,OK,ASW,CE,Federal Contract Tower,0,2,1,37,40,0,0,22,19,41,0,2,23,56,81,20,54,74,155
04/04/2023,WDG,OK,ASW,CE,Federal Contract Tower,0,0,6,23,29,0,0,8,11,19,0,0,14,34,48,0,38,38,86
04/05/2023,WDG,OK,ASW,CE,Federal Contract Tower,0,2,6,45,53,0,0,25,27,52,0,2,31,72,105,48,58,106,211
04/06/2023,WDG,OK,ASW,CE,Federal Contract Tower,0,2,4,54,60,0,0,23,28,51,0,2,27,82,111,32,106,138,249
04/07/2023,WDG,OK,ASW,CE,Federal Contract Tower,0,2,11,44,57,0,2,24,27,53,0,4,35,71,110,18,52,70,180
04/08/2023,WDG,OK,ASW,CE,Federal Contract Tower,0,2,4,0,6,0,0,24,0,24,0,2,28,0,30,22,0,22,52
04/09/2023,WDG,OK,ASW,CE,Federal Contract Tower,0,0,5,13,18,0,0,19,2,21,0,0,24,15,39,14,8,22,61
04/10/2023,WDG,OK,ASW,CE,Federal Contract Tower,0,2,9,35,46,0,0,13,35,48,0,2,22,70,94,0,82,82,176
04/11/2023,WDG,OK,ASW,CE,Federal Contract Tower,0,2,6,43,51,0,0,18,23,41,0,2,24,66,92,42,40,82,174
04/12/2023,WDG,OK,ASW,CE,Federal Contract Tower,0,3,1,34,38,0,0,16,23,39,0,3,17,57,77,22,54,76,153
04/13/2023,WDG,OK,ASW,CE,Federal Contract Tower,0,0,8,24,32,0,0,17,18,35,0,0,25,42,67,52,96,148,215
04/14/2023,WDG,OK,ASW,CE,Federal Contract Tower,0,2,9,30,41,0,0,8,14,22,0,2,17,44,63,22,32,54,117
04/15/2023,WDG,OK,ASW,CE,Federal Contract Tower,0,2,8,5,15,0,0,9,4,13,0,2,17,9,28,6,0,6,34
04/16/2023,WDG,OK,ASW,CE,Federal Contract Tower,0,0,9,9,18,0,0,19,15,34,0,0,28,24,52,32,4,36,88
04/17/2023,WDG,OK,ASW,CE,Federal Contract Tower,0,2,2,49,53,0,0,20,36,56,0,2,22,85,109,28,66,94,203
04/18/2023,WDG,OK,ASW,CE,Federal Contract Tower,0,2,2,32,36,0,0,3,24,27,0,2,5,56,63,0,68,68,131
04/19/2023,WDG,OK,ASW,CE,Federal Contract Tower,0,2,6,41,49,0,0,5,17,22,0,2,11,58,71,0,42,42,113
04/20/2023,WDG,OK,ASW,CE,Federal Contract Tower,0,2,2,69,73,0,0,18,33,51,0,2,20,102,124,0,22,22,146
04/21/2023,WDG,OK,ASW,CE,Federal Contract Tower,0,2,7,52,61,0,0,23,25,48,0,2,30,77,109,24,58,82,191
04/22/2023,WDG,OK,ASW,CE,Federal Contract Tower,0,2,6,8,16,0,0,15,7,22,0,2,21,15,38,30,34,64,102
04/23/2023,WDG,OK,ASW,CE,Federal Contract Tower,0,0,7,11,18,0,0,26,9,35,0,0,33,20,53,30,30,60,113
04/24/2023,WDG,OK,ASW,CE,Federal Contract Tower,0,2,3,31,36,0,0,17,14,31,0,2,20,45,67,16,8,24,91
04/25/2023,WDG,OK,ASW,CE,Federal Contract Tower,0,2,3,1,6,0,0,0,0,0,0,2,3,1,6,0,0,0,6
04/26/2023,WDG,OK,ASW,CE,Federal Contract Tower,0,2,2,0,4,0,0,0,0,0,0,2,2,0,4,0,0,0,4
04/27/2023,WDG,OK,ASW,CE,Federal Contract Tower,0,2,7,46,55,0,0,13,9,22,0,2,20,55,77,12,10,22,99
04/28/2023,WDG,OK,ASW,CE,Federal Contract Tower,0,2,16,32,50,0,0,7,0,7,0,2,23,32,57,0,0,0,57
04/29/2023,WDG,OK,ASW,CE,Federal Contract Tower,0,1,7,4,12,0,1,41,6,48,0,2,48,10,60,44,14,58,118
04/30/2023,WDG,OK,ASW,CE,Federal Contract Tower,0,0,3,17,20,0,0,39,14,53,0,0,42,31,73,46,8,54,127
05/01/2023,WDG,OK,ASW,CE,Federal Contract Tower,0,3,9,68,80,0,0,40,29,69,0,3,49,97,149,32,46,78,227
05/02/2023,WDG,OK,ASW,CE,Federal Contract Tower,0,3,2,61,66,0,0,24,36,60,0,3,26,97,126,38,38,76,202
05/04/2023,WDG,OK,ASW,CE,Federal Contract Tower,0,2,6,38,46,0,0,7,1,8,0,2,13,39,54,6,0,6,60
05/05/2023,WDG,OK,ASW,CE,Federal Contract Tower,0,2,4,25,31,0,0,14,4,18,0,2,18,29,49,20,8,28,77
05/06/2023,WDG,OK,ASW,CE,Federal Contract Tower,0,2,3,2,7,0,0,27,3,30,0,2,30,5,37,36,12,48,85
05/07/2023,WDG,OK,ASW,CE,Federal Contract Tower,0,0,7,5,12,0,0,17,5,22,0,0,24,10,34,8,10,18,52
05/08/2023,WDG,OK,ASW,CE,Federal Contract Tower,0,2,8,60,70,0,0,37,28,65,0,2,45,88,135,22,32,54,189
05/09/2023,WDG,OK,ASW,CE,Federal Contract Tower,0,2,9,50,61,0,0,17,17,34,0,2,26,67,95,16,34,50,145
05/10/2023,WDG,OK,ASW,CE,Federal Contract Tower,0,2,9,54,65,0,0,21,17,38,0,2,30,71,103,0,12,12,115
05/11/2023,WDG,OK,ASW,CE,Federal Contract Tower,0,2,6,43,51,0,0,2,5,7,0,2,8,48,58,6,26,32,90
05/12/2023,WDG,OK,ASW,CE,Federal Contract Tower,0,2,13,29,44,0,0,8,17,25,0,2,21,46,69,16,26,42,111
05/13/2023,WDG,OK,ASW,CE,Federal Contract Tower,0,2,8,0,10,0,0,27,0,27,0,2,35,0,37,40,0,40,77
05/14/2023,WDG,OK,ASW,CE,Federal Contract Tower,0,0,3,6,9,0,0,1,0,1,0,0,4,6,10,0,0,0,10
05/15/2023,WDG,OK,ASW,CE,Federal Contract Tower,0,2,14,72,88,0,0,0,0,0,0,2,14,72,88,0,4,4,92
05/16/2023,WDG,OK,ASW,CE,Federal Contract Tower,0,2,13,80,95,0,0,16,20,36,0,2,29,100,131,40,40,80,211
05/17/2023,WDG,OK,ASW,CE,Federal Contract Tower,0,2,13,56,71,0,0,41,23,64,0,2,54,79,135,44,10,54,189
05/18/2023,WDG,OK,ASW,CE,Federal Contract Tower,0,3,2,41,46,0,0,17,25,42,0,3,19,66,88,34,25,59,147
05/19/2023,WDG,OK,ASW,CE,Federal Contract Tower,0,2,11,15,28,0,0,1,0,1,0,2,12,15,29,0,0,0,29
05/20/2023,WDG,OK,ASW,CE,Federal Contract Tower,0,2,6,5,13,0,0,41,0,41,0,2,47,5,54,50,0,50,104
05/21/2023,WDG,OK,ASW,CE,Federal Contract Tower,0,0,8,21,29,0,0,22,14,36,0,0,30,35,65,44,6,50,115
05/22/2023,WDG,OK,ASW,CE,Federal Contract Tower,0,2,11,53,66,0,0,25,25,50,0,2,36,78,116,66,48,114,230
05/23/2023,WDG,OK,ASW,CE,Federal Contract Tower,0,2,1,28,31,0,0,7,18,25,0,2,8,46,56,0,44,44,100
05/24/2023,WDG,OK,ASW,CE,Federal Contract Tower,0,2,7,61,70,0,0,27,50,77,0,2,34,111,147,51,149,200,347
05/25/2023,WDG,OK,ASW,CE,Federal Contract Tower,0,2,8,48,58,0,0,13,16,29,0,2,21,64,87,2,38,40,127
05/26/2023,WDG,OK,ASW,CE,Federal Contract Tower,0,1,9,0,10,0,1,10,0,11,0,2,19,0,21,0,0,0,21
05/27/2023,WDG,OK,ASW,CE,Federal Contract Tower,0,2,6,0,8,0,0,25,0,25,0,2,31,0,33,10,0,10,43
05/28/2023,WDG,OK,ASW,CE,Federal Contract Tower,0,0,2,1,3,0,0,8,0,8,0,0,10,1,11,16,0,16,27
05/29/2023,WDG,OK,ASW,CE,Federal Contract Tower,0,0,8,0,8,0,0,21,0,21,0,0,29,0,29,30,0,30,59
05/30/2023,WDG,OK,ASW,CE,Federal Contract Tower,0,2,9,49,60,0,0,29,26,55,0,2,38,75,115,21,80,101,216
05/31/2023,WDG,OK,ASW,CE,Federal Contract Tower,0,2,7,28,37,0,0,9,19,28,0,2,16,47,65,18,50,68,133
06/01/2023,WDG,OK,ASW,CE,Federal Contract Tower,0,0,4,26,30,0,0,6,17,23,0,0,10,43,53,38,8,46,99
06/02/2023,WDG,OK,ASW,CE,Federal Contract Tower,0,0,1,25,26,0,0,14,18,32,0,0,15,43,58,4,48,52,110
06/03/2023,WDG,OK,ASW,CE,Federal Contract Tower,0,4,5,5,14,0,0,15,2,17,0,4,20,7,31,20,0,20,51
06/04/2023,WDG,OK,ASW,CE,Federal Contract Tower,0,0,6,21,27,0,0,7,9,16,0,0,13,30,43,0,16,16,59
06/05/2023,WDG,OK,ASW,CE,Federal Contract Tower,0,2,4,43,49,0,0,12,24,36,0,2,16,67,85,28,22,50,135
06/06/2023,WDG,OK,ASW,CE,Federal Contract Tower,0,2,12,27,41,0,0,17,16,33,0,2,29,43,74,52,34,86,160
06/07/2023,WDG,OK,ASW,CE,Federal Contract Tower,0,2,7,29,38,0,0,26,9,35,0,2,33,38,73,20,6,26,99
06/08/2023,WDG,OK,ASW,CE,Federal Contract Tower,0,2,8,50,60,0,0,29,20,49,0,2,37,70,109,22,14,36,145
06/09/2023,WDG,OK,ASW,CE,Federal Contract Tower,0,2,3,42,47,0,0,36,30,66,0,2,39,72,113,26,112,138,251
06/10/2023,WDG,OK,ASW,CE,Federal Contract Tower,0,2,5,5,12,0,0,10,8,18,0,2,15,13,30,30,39,69,99
06/11/2023,WDG,OK,ASW,CE,Federal Contract Tower,0,0,6,24,30,0,0,45,20,65,0,0,51,44,95,52,26,78,173
06/12/2023,WDG,OK,ASW,CE,Federal Contract Tower,0,1,7,44,52,0,1,4,12,17,0,2,11,56,69,16,86,102,171
06/13/2023,WDG,OK,ASW,CE,Federal Contract Tower,0,2,4,52,58,0,0,21,26,47,0,2,25,78,105,14,86,100,205
06/14/2023,WDG,OK,ASW,CE,Federal Contract Tower,0,2,10,81,93,0,0,24,48,72,0,2,34,129,165,26,84,110,275
06/15/2023,WDG,OK,ASW,CE,Federal Contract Tower,0,0,7,40,47,0,0,36,22,58,0,0,43,62,105,58,76,134,239
06/16/2023,WDG,OK,ASW,CE,Federal Contract Tower,0,3,4,64,71,0,0,47,44,91,0,3,51,108,162,20,72,92,254
06/17/2023,WDG,OK,ASW,CE,Federal Contract Tower,0,1,3,0,4,0,2,62,2,66,0,3,65,2,70,50,24,74,144
06/18/2023,WDG,OK,ASW,CE,Federal Contract Tower,0,0,7,0,7,0,0,17,2,19,0,0,24,2,26,16,16,32,58
06/19/2023,WDG,OK,ASW,CE,Federal Contract Tower,0,2,9,0,11,0,0,18,0,18,0,2,27,0,29,22,0,22,51
06/20/2023,WDG,OK,ASW,CE,Federal Contract Tower,0,2,3,44,49,0,0,14,38,52,0,2,17,82,101,0,100,100,201
06/21/2023,WDG,OK,ASW,CE,Federal Contract Tower,0,2,8,33,43,0,0,14,18,32,0,2,22,51,75,24,42,66,141
06/22/2023,WDG,OK,ASW,CE,Federal Contract Tower,0,2,5,58,65,0,0,36,36,72,0,2,41,94,137,30,104,134,271
06/23/2023,WDG,OK,ASW,CE,Federal Contract Tower,0,2,3,33,38,0,0,18,21,39,0,2,21,54,77,6,72,78,155
06/24/2023,WDG,OK,ASW,CE,Federal Contract Tower,0,2,6,1,9,0,0,25,6,31,0,2,31,7,40,36,16,52,92
06/25/2023,WDG,OK,ASW,CE,Federal Contract Tower,0,0,3,12,15,0,0,23,10,33,0,0,26,22,48,18,8,26,74
06/26/2023,WDG,OK,ASW,CE,Federal Contract Tower,0,2,6,52,60,0,0,26,28,54,0,2,32,80,114,28,60,88,202
06/27/2023,WDG,OK,ASW,CE,Federal Contract Tower,0,2,12,39,53,0,0,24,26,50,0,2,36,65,103,36,66,102,205
06/28/2023,WDG,OK,ASW,CE,Federal Contract Tower,0,2,7,44,53,0,0,24,32,56,0,2,31,76,109,4,88,92,201
06/29/2023,WDG,OK,ASW,CE,Federal Contract Tower,0,2,2,41,45,0,0,16,21,37,0,2,18,62,82,22,56,78,160
06/30/2023,WDG,OK,ASW,CE,Federal Contract Tower,0,2,13,46,61,0,0,15,15,30,0,2,28,61,91,26,38,64,155
07/01/2023,WDG,OK,ASW,CE,Federal Contract Tower,0,4,4,0,8,0,0,19,0,19,0,4,23,0,27,6,0,6,33
07/02/2023,WDG,OK,ASW,CE,Federal Contract Tower,0,0,7,0,7,0,0,24,0,24,0,0,31,0,31,24,0,24,55
07/03/2023,WDG,OK,ASW,CE,Federal Contract Tower,0,2,0,2,4,0,0,18,1,19,0,2,18,3,23,34,6,40,63
07/04/2023,WDG,OK,ASW,CE,Federal Contract Tower,0,0,0,0,0,0,0,14,3,17,0,0,14,3,17,26,0,26,43
07/05/2023,WDG,OK,ASW,CE,Federal Contract Tower,0,2,5,63,70,0,0,12,30,42,0,2,17,93,112,0,26,26,138
07/06/2023,WDG,OK,ASW,CE,Federal Contract Tower,0,2,16,66,84,0,0,9,18,27,0,2,25,84,111,18,32,50,161
07/07/2023,WDG,OK,ASW,CE,Federal Contract Tower,0,3,5,11,19,0,0,17,3,20,0,3,22,14,39,0,20,20,59
07/08/2023,WDG,OK,ASW,CE,Federal Contract Tower,0,2,12,0,14,0,0,22,10,32,0,2,34,10,46,20,16,36,82
07/09/2023,WDG,OK,ASW,CE,Federal Contract Tower,0,0,1,38,39,0,0,22,17,39,0,0,23,55,78,24,2,26,104
07/10/2023,WDG,OK,ASW,CE,Federal Contract Tower,0,2,3,77,82,0,0,25,46,71,0,2,28,123,153,10,106,116,269
07/11/2023,WDG,OK,ASW,CE,Federal Contract Tower,0,2,6,29,37,0,0,12,19,31,0,2,18,48,68,2,20,22,90
07/12/2023,WDG,OK,ASW,CE,Federal Contract Tower,0,2,2,64,68,0,0,18,34,52,0,2,20,98,120,10,66,76,196
07/13/2023,WDG,OK,ASW,CE,Federal Contract Tower,0,2,6,55,63,0,0,16,36,52,0,2,22,91,115,0,54,54,169
07/14/2023,WDG,OK,ASW,CE,Federal Contract Tower,0,2,12,39,53,0,0,10,19,29,0,2,22,58,82,20,38,58,140
07/15/2023,WDG,OK,ASW,CE,Federal Contract Tower,0,2,2,4,8,0,0,46,2,48,0,2,48,6,56,60,14,74,130
07/16/2023,WDG,OK,ASW,CE,Federal Contract Tower,0,0,20,28,48,0,0,23,13,36,0,0,43,41,84,14,0,14,98
07/17/2023,WDG,OK,ASW,CE,Federal Contract Tower,0,2,4,35,41,0,0,16,13,29,0,2,20,48,70,12,2,14,84
07/18/2023,WDG,OK,ASW,CE,Federal Contract Tower,0,2,3,26,31,0,0,13,19,32,0,2,16,45,63,22,18,40,103
07/19/2023,WDG,OK,ASW,CE,Federal Contract Tower,0,2,9,36,47,0,0,26,20,46,0,2,35,56,93,10,52,62,155
07/20/2023,WDG,OK,ASW,CE,Federal Contract Tower,0,2,9,93,104,0,0,25,37,62,0,2,34,130,166,6,64,70,236
07/21/2023,WDG,OK,ASW,CE,Federal Contract Tower,0,2,6,10,18,0,0,24,1,25,0,2,30,11,43,6,0,6,49
07/22/2023,WDG,OK,ASW,CE,Federal Contract Tower,0,2,2,0,4,0,0,42,0,42,0,2,44,0,46,16,0,16,62
07/23/2023,WDG,OK,ASW,CE,Federal Contract Tower,0,0,5,1,6,0,0,35,1,36,0,0,40,2,42,28,0,28,70
07/24/2023,WDG,OK,ASW,CE,Federal Contract Tower,0,2,4,33,39,0,0,19,18,37,0,2,23,51,76,30,2,32,108
07/25/2023,WDG,OK,ASW,CE,Federal Contract Tower,0,2,4,28,34,0,0,15,4,19,0,2,19,32,53,6,6,12,65
07/26/2023,WDG,OK,ASW,CE,Federal Contract Tower,0,2,7,28,37,0,0,18,9,27,0,2,25,37,64,0,10,10,74
07/27/2023,WDG,OK,ASW,CE,Federal Contract Tower,0,2,4,39,45,0,0,35,13,48,0,2,39,52,93,22,6,28,121
07/28/2023,WDG,OK,ASW,CE,Federal Contract Tower,0,2,8,60,70,0,0,24,26,50,0,2,32,86,120,10,52,62,182
07/29/2023,WDG,OK,ASW,CE,Federal Contract Tower,0,2,5,4,11,0,0,20,6,26,0,2,25,10,37,16,34,50,87
07/30/2023,WDG,OK,ASW,CE,Federal Contract Tower,0,0,5,14,19,0,0,26,14,40,0,0,31,28,59,30,30,60,119
07/31/2023,WDG,OK,ASW,CE,Federal Contract Tower,0,2,1,52,55,0,0,27,27,54,0,2,28,79,109,14,20,34,143
08/01/2023,WDG,OK,ASW,CE,Federal Contract Tower,0,4,4,55,63,0,0,18,31,49,0,4,22,86,112,12,36,48,160
08/02/2023,WDG,OK,ASW,CE,Federal Contract Tower,0,2,5,51,58,0,0,18,23,41,0,2,23,74,99,14,20,34,133
08/03/2023,WDG,OK,ASW,CE,Federal Contract Tower,0,2,9,52,63,0,0,20,33,53,0,2,29,85,116,0,48,48,164
08/04/2023,WDG,OK,ASW,CE,Federal Contract Tower,0,2,8,77,87,0,0,19,35,54,0,2,27,112,141,26,49,75,216
08/05/2023,WDG,OK,ASW,CE,Federal Contract Tower,0,2,1,0,3,0,0,1,0,1,0,2,2,0,4,0,0,0,4
08/06/2023,WDG,OK,ASW,CE,Federal Contract Tower,0,0,8,17,25,0,0,13,13,26,0,0,21,30,51,4,10,14,65
08/07/2023,WDG,OK,ASW,CE,Federal Contract Tower,0,2,7,52,61,0,0,19,28,47,0,2,26,80,108,12,22,34,142
08/08/2023,WDG,OK,ASW,CE,Federal Contract Tower,0,2,3,68,73,0,0,17,28,45,0,2,20,96,118,32,36,68,186
08/09/2023,WDG,OK,ASW,CE,Federal Contract Tower,0,2,7,85,94,0,0,16,43,59,0,2,23,128,153,16,96,112,265
08/10/2023,WDG,OK,ASW,CE,Federal Contract Tower,0,4,6,49,59,0,0,38,31,69,0,4,44,80,128,39,40,79,207
08/11/2023,WDG,OK,ASW,CE,Federal Contract Tower,0,2,12,58,72,0,0,18,28,46,0,2,30,86,118,2,42,44,162
08/12/2023,WDG,OK,ASW,CE,Federal Contract Tower,0,4,6,0,10,0,0,18,0,18,0,4,24,0,28,36,0,36,64
08/13/2023,WDG,OK,ASW,CE,Federal Contract Tower,0,2,7,21,30,0,0,17,12,29,0,2,24,33,59,54,36,90,149
08/14/2023,WDG,OK,ASW,CE,Federal Contract Tower,0,2,3,56,61,0,0,14,35,49,0,2,17,91,110,27,65,92,202
08/15/2023,WDG,OK,ASW,CE,Federal Contract Tower,0,2,2,60,64,0,9,19,27,55,0,11,21,87,119,16,50,66,185
08/16/2023,WDG,OK,ASW,CE,Federal Contract Tower,0,2,12,51,65,0,0,28,24,52,0,2,40,75,117,32,46,78,195
08/17/2023,WDG,OK,ASW,CE,Federal Contract Tower,0,2,0,53,55,0,0,21,32,53,0,2,21,85,108,31,72,103,211
08/18/2023,WDG,OK,ASW,CE,Federal Contract Tower,0,2,4,39,45,0,0,28,13,41,0,2,32,52,86,14,22,36,122
08/19/2023,WDG,OK,ASW,CE,Federal Contract Tower,0,2,3,0,5,0,0,45,1,46,0,2,48,1,51,18,0,18,69
08/20/2023,WDG,OK,ASW,CE,Federal Contract Tower,0,2,3,17,22,0,0,20,9,29,0,2,23,26,51,28,16,44,95
08/21/2023,WDG,OK,ASW,CE,Federal Contract Tower,0,2,1,59,62,0,0,13,41,54,0,2,14,100,116,18,60,78,194
08/22/2023,WDG,OK,ASW,CE,Federal Contract Tower,0,2,4,47,53,0,0,18,34,52,0,2,22,81,105,10,46,56,161
08/23/2023,WDG,OK,ASW,CE,Federal Contract Tower,0,3,4,47,54,0,0,26,31,57,0,3,30,78,111,38,62,100,211
08/24/2023,WDG,OK,ASW,CE,Federal Contract Tower,0,2,8,41,51,0,0,17,26,43,0,2,25,67,94,0,27,27,121
08/25/2023,WDG,OK,ASW,CE,Federal Contract Tower,0,2,5,49,56,0,0,15,30,45,0,2,20,79,101,5,46,51,152
08/26/2023,WDG,OK,ASW,CE,Federal Contract Tower,0,2,7,2,11,0,0,16,1,17,0,2,23,3,28,0,0,0,28
08/27/2023,WDG,OK,ASW,CE,Federal Contract Tower,0,0,0,28,28,0,0,26,10,36,0,0,26,38,64,8,12,20,84
08/28/2023,WDG,OK,ASW,CE,Federal Contract Tower,0,2,3,78,83,0,0,15,43,58,0,2,18,121,141,0,54,54,195
08/29/2023,WDG,OK,ASW,CE,Federal Contract Tower,0,4,7,73,84,0,0,20,43,63,0,4,27,116,147,8,52,60,207
08/30/2023,WDG,OK,ASW,CE,Federal Contract Tower,0,4,7,90,101,0,0,28,37,65,0,4,35,127,166,36,44,80,246
08/31/2023,WDG,OK,ASW,CE,Federal Contract Tower,0,2,4,55,61,0,0,34,34,68,0,2,38,89,129,38,36,74,203
