01/01/2020,WJF,CA,AWP,WE,Federal Contract Tower,0,0,1,0,1,0,0,59,0,59,0,0,60,0,60,24,0,24,84
01/02/2020,WJF,CA,AWP,WE,Federal Contract Tower,0,1,3,0,4,0,1,55,0,56,0,2,58,0,60,58,0,58,118
01/03/2020,WJF,CA,AWP,WE,Federal Contract Tower,0,1,4,2,7,0,1,74,0,75,0,2,78,2,82,54,0,54,136
01/04/2020,WJF,CA,AWP,WE,Federal Contract Tower,0,0,3,0,3,0,0,88,0,88,0,0,91,0,91,42,0,42,133
01/05/2020,WJF,CA,AWP,WE,Federal Contract Tower,0,0,4,0,4,0,0,51,0,51,0,0,55,0,55,20,0,20,75
01/06/2020,WJF,CA,AWP,WE,Federal Contract Tower,0,1,2,0,3,0,1,30,0,31,0,2,32,0,34,28,0,28,62
01/07/2020,WJF,CA,AWP,WE,Federal Contract Tower,0,1,2,2,5,0,1,65,0,66,0,2,67,2,71,64,0,64,135
01/08/2020,WJF,CA,AWP,WE,Federal Contract Tower,0,1,1,6,8,0,1,37,0,38,0,2,38,6,46,20,0,20,66
01/09/2020,WJF,CA,AWP,WE,Federal Contract Tower,0,0,2,10,12,0,1,18,1,20,0,1,20,11,32,0,14,14,46
01/10/2020,WJF,CA,AWP,WE,Federal Contract Tower,0,0,3,4,7,0,1,28,0,29,0,1,31,4,36,4,0,4,40
01/11/2020,WJF,CA,AWP,WE,Federal Contract Tower,0,0,6,0,6,0,0,29,0,29,0,0,35,0,35,6,0,6,41
01/12/2020,WJF,CA,AWP,WE,Federal Contract Tower,0,0,4,0,4,0,0,62,0,62,0,0,66,0,66,66,0,66,132
01/13/2020,WJF,CA,AWP,WE,Federal Contract Tower,0,1,3,4,8,0,1,38,0,39,0,2,41,4,47,54,0,54,101
01/14/2020,WJF,CA,AWP,WE,Federal Contract Tower,0,1,5,11,17,0,1,29,0,30,0,2,34,11,47,6,0,6,53
01/15/2020,WJF,CA,AWP,WE,Federal Contract Tower,0,1,9,6,16,0,1,70,3,74,0,2,79,9,90,58,28,86,176
01/16/2020,WJF,CA,AWP,WE,Federal Contract Tower,0,0,5,0,5,0,0,13,28,41,0,0,18,28,46,46,0,46,92
01/17/2020,WJF,CA,AWP,WE,Federal Contract Tower,0,1,7,0,8,0,1,87,0,88,0,2,94,0,96,108,0,108,204
01/18/2020,WJF,CA,AWP,WE,Federal Contract Tower,0,0,9,0,9,0,0,108,0,108,0,0,117,0,117,122,0,122,239
01/19/2020,WJF,CA,AWP,WE,Federal Contract Tower,0,0,1,0,1,0,0,82,0,82,0,0,83,0,83,66,0,66,149
01/20/2020,WJF,CA,AWP,WE,Federal Contract Tower,0,0,5,0,5,0,1,49,0,50,0,1,54,0,55,60,0,60,115
01/21/2020,WJF,CA,AWP,WE,Federal Contract Tower,0,1,8,0,9,0,1,36,0,37,0,2,44,0,46,48,0,48,94
01/22/2020,WJF,CA,AWP,WE,Federal Contract Tower,0,1,1,6,8,0,1,43,1,45,0,2,44,7,53,84,6,90,143
01/23/2020,WJF,CA,AWP,WE,Federal Contract Tower,0,4,12,4,20,0,2,63,0,65,0,6,75,4,85,48,0,48,133
01/24/2020,WJF,CA,AWP,WE,Federal Contract Tower,0,3,2,0,5,0,3,101,2,106,0,6,103,2,111,110,0,110,221
01/25/2020,WJF,CA,AWP,WE,Federal Contract Tower,0,0,2,0,2,0,0,106,0,106,0,0,108,0,108,168,0,168,276
01/26/2020,WJF,CA,AWP,WE,Federal Contract Tower,0,0,14,3,17,0,0,60,5,65,0,0,74,8,82,34,0,34,116
01/27/2020,WJF,CA,AWP,WE,Federal Contract Tower,0,1,6,6,13,0,1,71,0,72,0,2,77,6,85,62,0,62,147
01/28/2020,WJF,CA,AWP,WE,Federal Contract Tower,0,1,3,4,8,0,2,34,6,42,0,3,37,10,50,18,6,24,74
01/29/2020,WJF,CA,AWP,WE,Federal Contract Tower,0,1,3,2,6,0,1,39,0,40,0,2,42,2,46,54,4,58,104
01/30/2020,WJF,CA,AWP,WE,Federal Contract Tower,0,2,15,4,21,0,0,66,4,70,0,2,81,8,91,54,18,72,163
01/31/2020,WJF,CA,AWP,WE,Federal Contract Tower,0,3,14,2,19,0,1,95,0,96,0,4,109,2,115,118,0,118,233
02/01/2020,WJF,CA,AWP,WE,Federal Contract Tower,0,0,4,0,4,0,0,141,0,141,0,0,145,0,145,212,0,212,357
02/02/2020,WJF,CA,AWP,WE,Federal Contract Tower,0,0,3,0,3,0,0,39,0,39,0,0,42,0,42,70,0,70,112
02/03/2020,WJF,CA,AWP,WE,Federal Contract Tower,0,1,1,10,12,0,1,40,0,41,0,2,41,10,53,24,0,24,77
02/04/2020,WJF,CA,AWP,WE,Federal Contract Tower,0,1,3,0,4,0,1,22,0,23,0,2,25,0,27,12,0,12,39
02/05/2020,WJF,CA,AWP,WE,Federal Contract Tower,0,1,7,8,16,0,1,59,0,60,0,2,66,8,76,20,4,24,100
02/06/2020,WJF,CA,AWP,WE,Federal Contract Tower,0,1,7,3,11,0,1,82,1,84,0,2,89,4,95,21,4,25,120
02/07/2020,WJF,CA,AWP,WE,Federal Contract Tower,0,1,8,2,11,0,1,110,0,111,0,2,118,2,122,116,0,116,238
02/08/2020,WJF,CA,AWP,WE,Federal Contract Tower,0,0,4,0,4,0,0,60,0,60,0,0,64,0,64,6,0,6,70
02/09/2020,WJF,CA,AWP,WE,Federal Contract Tower,0,0,3,0,3,0,0,20,0,20,0,0,23,0,23,34,0,34,57
02/10/2020,WJF,CA,AWP,WE,Federal Contract Tower,0,1,1,0,2,0,1,13,0,14,0,2,14,0,16,0,0,0,16
02/11/2020,WJF,CA,AWP,WE,Federal Contract Tower,0,1,8,6,15,0,1,47,0,48,0,2,55,6,63,14,0,14,77
02/12/2020,WJF,CA,AWP,WE,Federal Contract Tower,0,1,7,0,8,0,1,74,0,75,0,2,81,0,83,54,0,54,137
02/13/2020,WJF,CA,AWP,WE,Federal Contract Tower,0,1,1,0,2,0,1,65,0,66,0,2,66,0,68,26,0,26,94
02/14/2020,WJF,CA,AWP,WE,Federal Contract Tower,0,1,6,0,7,0,1,82,0,83,0,2,88,0,90,56,0,56,146
02/15/2020,WJF,CA,AWP,WE,Federal Contract Tower,0,0,5,0,5,0,0,80,0,80,0,0,85,0,85,64,0,64,149
02/16/2020,WJF,CA,AWP,WE,Federal Contract Tower,0,0,0,0,0,0,0,48,0,48,0,0,48,0,48,34,0,34,82
02/17/2020,WJF,CA,AWP,WE,Federal Contract Tower,0,1,13,1,15,0,1,44,10,55,0,2,57,11,70,50,0,50,120
02/18/2020,WJF,CA,AWP,WE,Federal Contract Tower,0,0,4,1,5,0,1,47,1,49,0,1,51,2,54,82,0,82,136
02/19/2020,WJF,CA,AWP,WE,Federal Contract Tower,0,1,2,0,3,0,1,65,0,66,0,2,67,0,69,48,0,48,117
02/20/2020,WJF,CA,AWP,WE,Federal Contract Tower,0,3,6,0,9,0,1,74,0,75,0,4,80,0,84,74,0,74,158
02/21/2020,WJF,CA,AWP,WE,Federal Contract Tower,0,1,0,0,1,0,1,92,2,95,0,2,92,2,96,88,4,92,188
02/22/2020,WJF,CA,AWP,WE,Federal Contract Tower,0,0,7,0,7,0,0,29,0,29,0,0,36,0,36,46,0,46,82
02/23/2020,WJF,CA,AWP,WE,Federal Contract Tower,0,0,1,0,1,0,0,93,0,93,0,0,94,0,94,58,0,58,152
02/24/2020,WJF,CA,AWP,WE,Federal Contract Tower,0,1,7,0,8,0,1,50,0,51,0,2,57,0,59,46,0,46,105
02/25/2020,WJF,CA,AWP,WE,Federal Contract Tower,0,1,7,0,8,0,1,34,0,35,0,2,41,0,43,38,0,38,81
02/26/2020,WJF,CA,AWP,WE,Federal Contract Tower,0,1,2,1,4,0,1,72,0,73,0,2,74,1,77,120,2,122,199
02/27/2020,WJF,CA,AWP,WE,Federal Contract Tower,0,1,1,10,12,0,1,56,0,57,0,2,57,10,69,60,0,60,129
02/28/2020,WJF,CA,AWP,WE,Federal Contract Tower,0,1,6,0,7,0,1,81,0,82,0,2,87,0,89,98,0,98,187
02/29/2020,WJF,CA,AWP,WE,Federal Contract Tower,0,0,3,0,3,0,0,72,0,72,0,0,75,0,75,112,0,112,187
03/01/2020,WJF,CA,AWP,WE,Federal Contract Tower,0,0,0,0,0,0,0,15,0,15,0,0,15,0,15,0,0,0,15
03/02/2020,WJF,CA,AWP,WE,Federal Contract Tower,0,1,3,7,11,0,0,20,1,21,0,1,23,8,32,8,12,20,52
03/03/2020,WJF,CA,AWP,WE,Federal Contract Tower,0,0,7,0,7,0,1,79,0,80,0,1,86,0,87,80,0,80,167
03/04/2020,WJF,CA,AWP,WE,Federal Contract Tower,0,1,8,10,19,0,1,81,0,82,0,2,89,10,101,76,0,76,177
03/05/2020,WJF,CA,AWP,WE,Federal Contract Tower,0,1,20,6,27,0,1,71,4,76,0,2,91,10,103,122,2,124,227
03/06/2020,WJF,CA,AWP,WE,Federal Contract Tower,0,1,0,7,8,0,1,99,0,100,0,2,99,7,108,102,0,102,210
03/07/2020,WJF,CA,AWP,WE,Federal Contract Tower,0,2,2,0,4,0,0,30,0,30,0,2,32,0,34,52,0,52,86
03/08/2020,WJF,CA,AWP,WE,Federal Contract Tower,0,0,13,0,13,0,0,75,0,75,0,0,88,0,88,54,0,54,142
03/09/2020,WJF,CA,AWP,WE,Federal Contract Tower,0,1,5,0,6,0,1,83,0,84,0,2,88,0,90,68,0,68,158
03/10/2020,WJF,CA,AWP,WE,Federal Contract Tower,0,0,0,4,4,0,0,0,0,0,0,0,0,4,4,12,0,12,16
03/11/2020,WJF,CA,AWP,WE,Federal Contract Tower,0,2,1,4,7,0,0,35,0,35,0,2,36,4,42,46,0,46,88
03/12/2020,WJF,CA,AWP,WE,Federal Contract Tower,0,1,6,4,11,0,1,35,0,36,0,2,41,4,47,62,0,62,109
03/13/2020,WJF,CA,AWP,WE,Federal Contract Tower,0,2,1,5,8,0,0,29,0,29,0,2,30,5,37,16,2,18,55
03/14/2020,WJF,CA,AWP,WE,Federal Contract Tower,0,0,9,0,9,0,0,9,1,10,0,0,18,1,19,50,0,50,69
03/15/2020,WJF,CA,AWP,WE,Federal Contract Tower,0,0,6,0,6,0,0,29,0,29,0,0,35,0,35,36,0,36,71
03/16/2020,WJF,CA,AWP,WE,Federal Contract Tower,0,2,0,4,6,0,0,15,0,15,0,2,15,4,21,18,0,18,39
03/17/2020,WJF,CA,AWP,WE,Federal Contract Tower,0,1,22,2,25,0,1,41,0,42,0,2,63,2,67,52,12,64,131
03/18/2020,WJF,CA,AWP,WE,Federal Contract Tower,0,1,13,4,18,0,1,54,0,55,0,2,67,4,73,60,0,60,133
03/19/2020,WJF,CA,AWP,WE,Federal Contract Tower,0,2,3,0,5,0,0,15,0,15,0,2,18,0,20,16,0,16,36
03/20/2020,WJF,CA,AWP,WE,Federal Contract Tower,0,1,10,0,11,0,1,52,0,53,0,2,62,0,64,104,0,104,168
03/21/2020,WJF,CA,AWP,WE,Federal Contract Tower,0,0,1,0,1,0,0,46,0,46,0,0,47,0,47,78,0,78,125
03/22/2020,WJF,CA,AWP,WE,Federal Contract Tower,0,0,1,0,1,0,0,44,0,44,0,0,45,0,45,32,0,32,77
03/23/2020,WJF,CA,AWP,WE,Federal Contract Tower,0,0,0,1,1,0,1,25,1,27,0,1,25,2,28,2,6,8,36
03/24/2020,WJF,CA,AWP,WE,Federal Contract Tower,0,1,3,0,4,0,1,10,0,11,0,2,13,0,15,22,0,22,37
03/25/2020,WJF,CA,AWP,WE,Federal Contract Tower,0,1,1,0,2,0,1,9,0,10,0,2,10,0,12,0,0,0,12
03/26/2020,WJF,CA,AWP,WE,Federal Contract Tower,0,1,0,0,1,0,1,35,0,36,0,2,35,0,37,18,0,18,55
03/27/2020,WJF,CA,AWP,WE,Federal Contract Tower,0,1,5,2,8,0,0,37,0,37,0,1,42,2,45,38,8,46,91
03/28/2020,WJF,CA,AWP,WE,Federal Contract Tower,0,0,8,0,8,0,0,81,0,81,0,0,89,0,89,90,0,90,179
03/29/2020,WJF,CA,AWP,WE,Federal Contract Tower,0,0,1,0,1,0,0,21,0,21,0,0,22,0,22,36,0,36,58
03/30/2020,WJF,CA,AWP,WE,Federal Contract Tower,0,1,1,0,2,0,1,58,0,59,0,2,59,0,61,44,0,44,105
03/31/2020,WJF,CA,AWP,WE,Federal Contract Tower,0,2,4,0,6,0,0,45,0,45,0,2,49,0,51,90,0,90,141
04/01/2020,WJF,CA,AWP,WE,Federal Contract Tower,0,1,4,0,5,0,1,21,0,22,0,2,25,0,27,6,0,6,33
04/02/2020,WJF,CA,AWP,WE,Federal Contract Tower,0,1,2,0,3,0,1,35,0,36,0,2,37,0,39,38,0,38,77
04/03/2020,WJF,CA,AWP,WE,Federal Contract Tower,0,0,1,0,1,0,1,61,0,62,0,1,62,0,63,122,0,122,185
04/04/2020,WJF,CA,AWP,WE,Federal Contract Tower,0,0,0,0,0,0,0,35,0,35,0,0,35,0,35,96,0,96,131
04/05/2020,WJF,CA,AWP,WE,Federal Contract Tower,0,0,2,0,2,0,0,8,0,8,0,0,10,0,10,74,0,74,84
04/06/2020,WJF,CA,AWP,WE,Federal Contract Tower,0,2,2,0,4,0,0,6,0,6,0,2,8,0,10,52,0,52,62
04/07/2020,WJF,CA,AWP,WE,Federal Contract Tower,0,0,2,0,2,0,0,14,0,14,0,0,16,0,16,74,0,74,90
04/08/2020,WJF,CA,AWP,WE,Federal Contract Tower,0,2,1,0,3,0,0,3,0,3,0,2,4,0,6,56,0,56,62
04/09/2020,WJF,CA,AWP,WE,Federal Contract Tower,0,4,0,2,6,0,0,4,0,4,0,4,4,2,10,0,0,0,10
04/10/2020,WJF,CA,AWP,WE,Federal Contract Tower,0,4,0,0,4,0,0,8,0,8,0,4,8,0,12,60,0,60,72
04/11/2020,WJF,CA,AWP,WE,Federal Contract Tower,0,0,0,0,0,0,0,140,0,140,0,0,140,0,140,198,0,198,338
04/12/2020,WJF,CA,AWP,WE,Federal Contract Tower,0,0,0,0,0,0,0,22,0,22,0,0,22,0,22,0,0,0,22
04/13/2020,WJF,CA,AWP,WE,Federal Contract Tower,0,4,1,2,7,0,1,34,0,35,0,5,35,2,42,18,4,22,64
04/14/2020,WJF,CA,AWP,WE,Federal Contract Tower,0,1,5,2,8,0,1,73,0,74,0,2,78,2,82,144,0,144,226
04/15/2020,WJF,CA,AWP,WE,Federal Contract Tower,0,1,10,0,11,0,1,115,0,116,0,2,125,0,127,140,0,140,267
04/16/2020,WJF,CA,AWP,WE,Federal Contract Tower,0,1,4,0,5,0,1,55,0,56,0,2,59,0,61,66,0,66,127
04/17/2020,WJF,CA,AWP,WE,Federal Contract Tower,0,1,1,0,2,0,1,43,0,44,0,2,44,0,46,96,0,96,142
04/18/2020,WJF,CA,AWP,WE,Federal Contract Tower,0,0,3,0,3,0,0,24,0,24,0,0,27,0,27,54,0,54,81
04/19/2020,WJF,CA,AWP,WE,Federal Contract Tower,0,0,13,0,13,0,0,62,0,62,0,0,75,0,75,60,0,60,135
04/20/2020,WJF,CA,AWP,WE,Federal Contract Tower,0,1,9,2,12,0,1,25,2,28,0,2,34,4,40,48,6,54,94
04/21/2020,WJF,CA,AWP,WE,Federal Contract Tower,0,1,4,2,7,0,1,51,0,52,0,2,55,2,59,70,0,70,129
04/22/2020,WJF,CA,AWP,WE,Federal Contract Tower,0,1,4,4,9,0,1,65,0,66,0,2,69,4,75,94,0,94,169
04/23/2020,WJF,CA,AWP,WE,Federal Contract Tower,0,1,0,2,3,0,2,54,0,56,0,3,54,2,59,54,0,54,113
04/24/2020,WJF,CA,AWP,WE,Federal Contract Tower,0,0,5,0,5,0,2,111,0,113,0,2,116,0,118,176,0,176,294
04/25/2020,WJF,CA,AWP,WE,Federal Contract Tower,0,0,10,0,10,0,0,104,0,104,0,0,114,0,114,182,0,182,296
04/26/2020,WJF,CA,AWP,WE,Federal Contract Tower,0,0,6,0,6,0,0,74,0,74,0,0,80,0,80,108,0,108,188
04/27/2020,WJF,CA,AWP,WE,Federal Contract Tower,0,0,6,0,6,0,2,13,0,15,0,2,19,0,21,10,0,10,31
04/28/2020,WJF,CA,AWP,WE,Federal Contract Tower,0,0,2,0,2,0,2,61,0,63,0,2,63,0,65,16,0,16,81
04/29/2020,WJF,CA,AWP,WE,Federal Contract Tower,0,0,2,2,4,0,2,46,0,48,0,2,48,2,52,26,0,26,78
04/30/2020,WJF,CA,AWP,WE,Federal Contract Tower,0,0,1,2,3,0,2,21,0,23,0,2,22,2,26,4,0,4,30
05/01/2020,WJF,CA,AWP,WE,Federal Contract Tower,0,0,0,4,4,0,2,24,0,26,0,2,24,4,30,28,0,28,58
05/02/2020,WJF,CA,AWP,WE,Federal Contract Tower,0,0,2,0,2,0,0,33,0,33,0,0,35,0,35,60,0,60,95
05/03/2020,WJF,CA,AWP,WE,Federal Contract Tower,0,0,0,0,0,0,0,29,0,29,0,0,29,0,29,36,0,36,65
05/04/2020,WJF,CA,AWP,WE,Federal Contract Tower,0,0,2,0,2,0,2,63,0,65,0,2,65,0,67,34,0,34,101
05/05/2020,WJF,CA,AWP,WE,Federal Contract Tower,0,2,2,0,4,0,2,64,0,66,0,4,66,0,70,76,0,76,146
05/06/2020,WJF,CA,AWP,WE,Federal Contract Tower,0,1,2,0,3,0,1,46,0,47,0,2,48,0,50,42,0,42,92
05/07/2020,WJF,CA,AWP,WE,Federal Contract Tower,0,1,2,0,3,0,1,38,0,39,0,2,40,0,42,90,0,90,132
05/08/2020,WJF,CA,AWP,WE,Federal Contract Tower,0,0,2,0,2,0,2,86,0,88,0,2,88,0,90,112,0,112,202
05/09/2020,WJF,CA,AWP,WE,Federal Contract Tower,0,0,7,0,7,0,0,67,0,67,0,0,74,0,74,90,0,90,164
05/10/2020,WJF,CA,AWP,WE,Federal Contract Tower,0,0,2,0,2,0,0,54,0,54,0,0,56,0,56,26,0,26,82
05/11/2020,WJF,CA,AWP,WE,Federal Contract Tower,0,0,1,0,1,0,2,29,0,31,0,2,30,0,32,44,0,44,76
05/12/2020,WJF,CA,AWP,WE,Federal Contract Tower,0,0,9,2,11,0,2,25,0,27,0,2,34,2,38,26,0,26,64
05/13/2020,WJF,CA,AWP,WE,Federal Contract Tower,0,1,2,2,5,0,1,37,0,38,0,2,39,2,43,0,0,0,43
05/14/2020,WJF,CA,AWP,WE,Federal Contract Tower,0,1,4,2,7,0,3,23,0,26,0,4,27,2,33,4,0,4,37
05/15/2020,WJF,CA,AWP,WE,Federal Contract Tower,0,0,0,6,6,0,2,51,0,53,0,2,51,6,59,32,0,32,91
05/16/2020,WJF,CA,AWP,WE,Federal Contract Tower,0,0,7,0,7,0,0,111,0,111,0,0,118,0,118,74,0,74,192
05/17/2020,WJF,CA,AWP,WE,Federal Contract Tower,0,0,0,0,0,0,0,57,0,57,0,0,57,0,57,28,0,28,85
05/18/2020,WJF,CA,AWP,WE,Federal Contract Tower,0,0,1,7,8,0,2,23,1,26,0,2,24,8,34,10,0,10,44
05/19/2020,WJF,CA,AWP,WE,Federal Contract Tower,0,0,4,4,8,0,2,26,0,28,0,2,30,4,36,48,0,48,84
05/20/2020,WJF,CA,AWP,WE,Federal Contract Tower,0,0,6,0,6,0,1,44,0,45,0,1,50,0,51,68,0,68,119
05/21/2020,WJF,CA,AWP,WE,Federal Contract Tower,0,0,2,0,2,0,7,36,0,43,0,7,38,0,45,16,0,16,61
05/22/2020,WJF,CA,AWP,WE,Federal Contract Tower,0,0,8,0,8,0,2,63,0,65,0,2,71,0,73,80,0,80,153
05/23/2020,WJF,CA,AWP,WE,Federal Contract Tower,0,0,1,0,1,0,0,75,0,75,0,0,76,0,76,116,0,116,192
05/24/2020,WJF,CA,AWP,WE,Federal Contract Tower,0,0,3,0,3,0,0,68,0,68,0,0,71,0,71,50,0,50,121
05/25/2020,WJF,CA,AWP,WE,Federal Contract Tower,0,0,2,0,2,0,0,81,0,81,0,0,83,0,83,86,0,86,169
05/26/2020,WJF,CA,AWP,WE,Federal Contract Tower,0,0,0,2,2,0,2,49,0,51,0,2,49,2,53,50,0,50,103
05/27/2020,WJF,CA,AWP,WE,Federal Contract Tower,0,1,16,2,19,0,1,49,0,50,0,2,65,2,69,60,0,60,129
05/28/2020,WJF,CA,AWP,WE,Federal Contract Tower,0,1,0,0,1,0,1,33,1,35,0,2,33,1,36,96,0,96,132
05/29/2020,WJF,CA,AWP,WE,Federal Contract Tower,0,1,0,4,5,0,1,102,0,103,0,2,102,4,108,96,0,96,204
05/30/2020,WJF,CA,AWP,WE,Federal Contract Tower,0,0,8,0,8,0,0,73,0,73,0,0,81,0,81,84,0,84,165
05/31/2020,WJF,CA,AWP,WE,Federal Contract Tower,0,0,2,0,2,0,0,83,0,83,0,0,85,0,85,92,0,92,177
06/01/2020,WJF,CA,AWP,WE,Federal Contract Tower,0,0,0,0,0,0,2,52,0,54,0,2,52,0,54,10,0,10,64
06/02/2020,WJF,CA,AWP,WE,Federal Contract Tower,0,0,10,0,10,0,2,47,0,49,0,2,57,0,59,48,0,48,107
06/03/2020,WJF,CA,AWP,WE,Federal Contract Tower,0,0,0,0,0,0,2,43,0,45,0,2,43,0,45,66,0,66,111
06/04/2020,WJF,CA,AWP,WE,Federal Contract Tower,0,0,7,2,9,0,2,67,0,69,0,2,74,2,78,124,0,124,202
06/05/2020,WJF,CA,AWP,WE,Federal Contract Tower,0,0,7,0,7,0,2,45,0,47,0,2,52,0,54,98,0,98,152
06/06/2020,WJF,CA,AWP,WE,Federal Contract Tower,0,0,0,0,0,0,0,22,0,22,0,0,22,0,22,0,0,0,22
06/07/2020,WJF,CA,AWP,WE,Federal Contract Tower,0,0,0,0,0,0,0,14,0,14,0,0,14,0,14,0,0,0,14
06/08/2020,WJF,CA,AWP,WE,Federal Contract Tower,0,0,7,0,7,0,2,41,0,43,0,2,48,0,50,12,0,12,62
06/09/2020,WJF,CA,AWP,WE,Federal Contract Tower,0,0,7,0,7,0,2,47,0,49,0,2,54,0,56,36,0,36,92
06/10/2020,WJF,CA,AWP,WE,Federal Contract Tower,0,0,5,2,7,0,2,67,0,69,0,2,72,2,76,62,0,62,138
06/11/2020,WJF,CA,AWP,WE,Federal Contract Tower,0,0,2,0,2,0,2,70,0,72,0,2,72,0,74,50,0,50,124
06/12/2020,WJF,CA,AWP,WE,Federal Contract Tower,0,0,0,0,0,0,2,40,0,42,0,2,40,0,42,48,0,48,90
06/13/2020,WJF,CA,AWP,WE,Federal Contract Tower,0,0,2,0,2,0,0,24,0,24,0,0,26,0,26,42,0,42,68
06/14/2020,WJF,CA,AWP,WE,Federal Contract Tower,0,0,10,0,10,0,0,72,0,72,0,0,82,0,82,16,0,16,98
06/15/2020,WJF,CA,AWP,WE,Federal Contract Tower,0,0,0,0,0,0,0,56,0,56,0,0,56,0,56,0,0,0,56
06/16/2020,WJF,CA,AWP,WE,Federal Contract Tower,0,0,3,0,3,0,2,17,0,19,0,2,20,0,22,46,0,46,68
06/17/2020,WJF,CA,AWP,WE,Federal Contract Tower,0,0,11,2,13,0,2,33,0,35,0,2,44,2,48,34,0,34,82
06/18/2020,WJF,CA,AWP,WE,Federal Contract Tower,0,0,10,0,10,0,2,54,2,58,0,2,64,2,68,56,0,56,124
06/19/2020,WJF,CA,AWP,WE,Federal Contract Tower,0,0,3,0,3,0,2,59,0,61,0,2,62,0,64,54,0,54,118
06/20/2020,WJF,CA,AWP,WE,Federal Contract Tower,0,0,7,0,7,0,0,80,0,80,0,0,87,0,87,98,0,98,185
06/21/2020,WJF,CA,AWP,WE,Federal Contract Tower,0,0,0,0,0,0,0,49,0,49,0,0,49,0,49,64,0,64,113
06/22/2020,WJF,CA,AWP,WE,Federal Contract Tower,0,0,2,0,2,0,2,32,3,37,0,2,34,3,39,26,0,26,65
06/23/2020,WJF,CA,AWP,WE,Federal Contract Tower,0,0,5,0,5,0,2,71,4,77,0,2,76,4,82,114,0,114,196
06/24/2020,WJF,CA,AWP,WE,Federal Contract Tower,0,0,8,2,10,0,2,56,2,60,0,2,64,4,70,40,0,40,110
06/25/2020,WJF,CA,AWP,WE,Federal Contract Tower,0,0,4,0,4,0,2,52,0,54,0,2,56,0,58,28,0,28,86
06/26/2020,WJF,CA,AWP,WE,Federal Contract Tower,0,0,1,0,1,0,2,98,0,100,0,2,99,0,101,168,0,168,269
06/27/2020,WJF,CA,AWP,WE,Federal Contract Tower,0,0,3,0,3,0,0,76,0,76,0,0,79,0,79,104,0,104,183
06/28/2020,WJF,CA,AWP,WE,Federal Contract Tower,0,0,0,0,0,0,2,16,0,18,0,2,16,0,18,10,0,10,28
06/29/2020,WJF,CA,AWP,WE,Federal Contract Tower,0,0,3,0,3,0,2,34,0,36,0,2,37,0,39,0,0,0,39
06/30/2020,WJF,CA,AWP,WE,Federal Contract Tower,0,0,4,0,4,0,2,48,0,50,0,2,52,0,54,74,0,74,128
07/01/2020,WJF,CA,AWP,WE,Federal Contract Tower,0,0,4,0,4,0,2,60,0,62,0,2,64,0,66,14,0,14,80
07/02/2020,WJF,CA,AWP,WE,Federal Contract Tower,0,0,3,0,3,0,2,44,0,46,0,2,47,0,49,38,0,38,87
07/03/2020,WJF,CA,AWP,WE,Federal Contract Tower,0,0,1,0,1,0,2,114,0,116,0,2,115,0,117,184,0,184,301
07/04/2020,WJF,CA,AWP,WE,Federal Contract Tower,0,0,3,0,3,0,0,56,0,56,0,0,59,0,59,64,0,64,123
07/05/2020,WJF,CA,AWP,WE,Federal Contract Tower,0,0,2,0,2,0,0,87,0,87,0,0,89,0,89,28,0,28,117
07/06/2020,WJF,CA,AWP,WE,Federal Contract Tower,0,0,3,0,3,0,2,31,0,33,0,2,34,0,36,30,0,30,66
07/07/2020,WJF,CA,AWP,WE,Federal Contract Tower,0,0,2,2,4,0,2,54,0,56,0,2,56,2,60,34,0,34,94
07/08/2020,WJF,CA,AWP,WE,Federal Contract Tower,0,0,2,0,2,0,2,35,0,37,0,2,37,0,39,22,0,22,61
07/09/2020,WJF,CA,AWP,WE,Federal Contract Tower,0,0,4,0,4,0,1,61,0,62,0,1,65,0,66,10,0,10,76
07/10/2020,WJF,CA,AWP,WE,Federal Contract Tower,0,0,5,2,7,0,2,58,0,60,0,2,63,2,67,48,0,48,115
07/11/2020,WJF,CA,AWP,WE,Federal Contract Tower,0,0,4,0,4,0,0,57,0,57,0,0,61,0,61,28,0,28,89
07/12/2020,WJF,CA,AWP,WE,Federal Contract Tower,0,0,5,0,5,0,0,58,0,58,0,0,63,0,63,57,0,57,120
07/13/2020,WJF,CA,AWP,WE,Federal Contract Tower,0,0,0,0,0,0,2,36,2,40,0,2,36,2,40,16,0,16,56
07/14/2020,WJF,CA,AWP,WE,Federal Contract Tower,0,0,2,2,4,0,2,48,0,50,0,2,50,2,54,10,0,10,64
07/15/2020,WJF,CA,AWP,WE,Federal Contract Tower,0,0,1,0,1,0,2,45,0,47,0,2,46,0,48,30,0,30,78
07/16/2020,WJF,CA,AWP,WE,Federal Contract Tower,0,0,8,0,8,0,2,55,0,57,0,2,63,0,65,30,0,30,95
07/17/2020,WJF,CA,AWP,WE,Federal Contract Tower,0,0,8,0,8,0,2,57,0,59,0,2,65,0,67,56,0,56,123
07/18/2020,WJF,CA,AWP,WE,Federal Contract Tower,0,0,9,0,9,0,0,49,0,49,0,0,58,0,58,40,0,40,98
07/19/2020,WJF,CA,AWP,WE,Federal Contract Tower,0,0,2,0,2,0,0,47,0,47,0,0,49,0,49,40,0,40,89
07/20/2020,WJF,CA,AWP,WE,Federal Contract Tower,0,0,2,0,2,0,0,53,0,53,0,0,55,0,55,40,0,40,95
07/21/2020,WJF,CA,AWP,WE,Federal Contract Tower,0,0,1,0,1,0,4,55,0,59,0,4,56,0,60,58,0,58,118
07/22/2020,WJF,CA,AWP,WE,Federal Contract Tower,0,0,9,0,9,0,2,55,0,57,0,2,64,0,66,82,0,82,148
07/23/2020,WJF,CA,AWP,WE,Federal Contract Tower,0,0,9,0,9,0,2,64,0,66,0,2,73,0,75,72,0,72,147
07/24/2020,WJF,CA,AWP,WE,Federal Contract Tower,0,0,6,0,6,0,2,67,0,69,0,2,73,0,75,70,0,70,145
07/25/2020,WJF,CA,AWP,WE,Federal Contract Tower,0,0,0,0,0,0,0,74,0,74,0,0,74,0,74,88,0,88,162
07/26/2020,WJF,CA,AWP,WE,Federal Contract Tower,0,0,3,0,3,0,0,46,0,46,0,0,49,0,49,14,0,14,63
07/27/2020,WJF,CA,AWP,WE,Federal Contract Tower,0,0,4,0,4,0,2,47,0,49,0,2,51,0,53,50,0,50,103
07/28/2020,WJF,CA,AWP,WE,Federal Contract Tower,0,0,2,0,2,0,2,54,0,56,0,2,56,0,58,58,0,58,116
07/29/2020,WJF,CA,AWP,WE,Federal Contract Tower,0,0,11,0,11,0,2,70,0,72,0,2,81,0,83,54,0,54,137
07/30/2020,WJF,CA,AWP,WE,Federal Contract Tower,0,0,4,0,4,0,3,64,0,67,0,3,68,0,71,58,0,58,129
07/31/2020,WJF,CA,AWP,WE,Federal Contract Tower,0,0,1,0,1,0,2,68,2,72,0,2,69,2,73,68,0,68,141
08/01/2020,WJF,CA,AWP,WE,Federal Contract Tower,0,0,2,0,2,0,2,83,0,85,0,2,85,0,87,62,0,62,149
08/02/2020,WJF,CA,AWP,WE,Federal Contract Tower,0,0,5,0,5,0,0,48,0,48,0,0,53,0,53,72,0,72,125
08/03/2020,WJF,CA,AWP,WE,Federal Contract Tower,0,0,4,0,4,0,2,45,0,47,0,2,49,0,51,34,0,34,85
08/04/2020,WJF,CA,AWP,WE,Federal Contract Tower,0,0,4,0,4,0,2,44,0,46,0,2,48,0,50,32,0,32,82
08/05/2020,WJF,CA,AWP,WE,Federal Contract Tower,0,0,0,0,0,0,2,35,0,37,0,2,35,0,37,24,0,24,61
08/06/2020,WJF,CA,AWP,WE,Federal Contract Tower,0,0,0,6,6,0,2,24,0,26,0,2,24,6,32,2,0,2,34
08/07/2020,WJF,CA,AWP,WE,Federal Contract Tower,0,0,8,0,8,0,2,79,0,81,0,2,87,0,89,46,0,46,135
08/08/2020,WJF,CA,AWP,WE,Federal Contract Tower,0,0,4,0,4,0,0,69,0,69,0,0,73,0,73,36,0,36,109
08/09/2020,WJF,CA,AWP,WE,Federal Contract Tower,0,0,0,0,0,0,0,61,0,61,0,0,61,0,61,34,0,34,95
08/10/2020,WJF,CA,AWP,WE,Federal Contract Tower,0,0,4,10,14,0,2,56,0,58,0,2,60,10,72,24,0,24,96
08/11/2020,WJF,CA,AWP,WE,Federal Contract Tower,0,0,6,4,10,0,2,76,0,78,0,2,82,4,88,78,0,78,166
08/12/2020,WJF,CA,AWP,WE,Federal Contract Tower,0,0,8,6,14,0,0,62,0,62,0,0,70,6,76,10,0,10,86
08/13/2020,WJF,CA,AWP,WE,Federal Contract Tower,0,0,2,4,6,0,2,122,0,124,0,2,124,4,130,60,0,60,190
08/14/2020,WJF,CA,AWP,WE,Federal Contract Tower,0,0,2,11,13,0,2,151,0,153,0,2,153,11,166,102,0,102,268
08/15/2020,WJF,CA,AWP,WE,Federal Contract Tower,0,0,0,0,0,0,0,102,0,102,0,0,102,0,102,48,0,48,150
08/16/2020,WJF,CA,AWP,WE,Federal Contract Tower,0,0,2,0,2,0,0,149,0,149,0,0,151,0,151,34,0,34,185
08/17/2020,WJF,CA,AWP,WE,Federal Contract Tower,0,0,2,0,2,0,0,117,0,117,0,0,119,0,119,16,0,16,135
08/18/2020,WJF,CA,AWP,WE,Federal Contract Tower,0,0,1,2,3,0,2,106,0,108,0,2,107,2,111,52,0,52,163
08/19/2020,WJF,CA,AWP,WE,Federal Contract Tower,0,0,3,0,3,0,2,102,0,104,0,2,105,0,107,0,0,0,107
08/20/2020,WJF,CA,AWP,WE,Federal Contract Tower,0,1,0,0,1,0,3,83,4,90,0,4,83,4,91,80,0,80,171
08/21/2020,WJF,CA,AWP,WE,Federal Contract Tower,0,0,10,2,12,0,2,125,0,127,0,2,135,2,139,24,0,24,163
08/22/2020,WJF,CA,AWP,WE,Federal Contract Tower,0,0,6,0,6,0,0,83,0,83,0,0,89,0,89,48,0,48,137
08/23/2020,WJF,CA,AWP,WE,Federal Contract Tower,0,0,7,0,7,0,0,91,0,91,0,0,98,0,98,72,0,72,170
08/24/2020,WJF,CA,AWP,WE,Federal Contract Tower,0,0,0,0,0,0,2,78,0,80,0,2,78,0,80,24,0,24,104
08/25/2020,WJF,CA,AWP,WE,Federal Contract Tower,0,0,5,2,7,0,0,51,0,51,0,0,56,2,58,20,0,20,78
08/26/2020,WJF,CA,AWP,WE,Federal Contract Tower,0,0,2,2,4,0,0,61,0,61,0,0,63,2,65,22,0,22,87
08/27/2020,WJF,CA,AWP,WE,Federal Contract Tower,0,0,9,0,9,0,0,102,0,102,0,0,111,0,111,16,0,16,127
08/28/2020,WJF,CA,AWP,WE,Federal Contract Tower,0,0,6,0,6,0,0,101,0,101,0,0,107,0,107,52,0,52,159
08/29/2020,WJF,CA,AWP,WE,Federal Contract Tower,0,0,3,0,3,0,0,80,0,80,0,0,83,0,83,34,0,34,117
08/30/2020,WJF,CA,AWP,WE,Federal Contract Tower,0,0,1,0,1,0,0,78,0,78,0,0,79,0,79,48,0,48,127
08/31/2020,WJF,CA,AWP,WE,Federal Contract Tower,0,0,0,0,0,0,0,49,2,51,0,0,49,2,51,14,0,14,65
09/01/2020,WJF,CA,AWP,WE,Federal Contract Tower,0,0,4,0,4,0,0,46,0,46,0,0,50,0,50,18,0,18,68
09/02/2020,WJF,CA,AWP,WE,Federal Contract Tower,0,0,0,0,0,0,0,39,0,39,0,0,39,0,39,18,0,18,57
09/03/2020,WJF,CA,AWP,WE,Federal Contract Tower,0,0,0,4,4,0,0,60,0,60,0,0,60,4,64,42,0,42,106
09/04/2020,WJF,CA,AWP,WE,Federal Contract Tower,0,0,1,0,1,0,0,78,0,78,0,0,79,0,79,46,0,46,125
09/05/2020,WJF,CA,AWP,WE,Federal Contract Tower,0,0,4,0,4,0,0,59,0,59,0,0,63,0,63,18,0,18,81
09/06/2020,WJF,CA,AWP,WE,Federal Contract Tower,0,0,0,0,0,0,0,84,0,84,0,0,84,0,84,42,0,42,126
09/07/2020,WJF,CA,AWP,WE,Federal Contract Tower,0,0,11,0,11,0,0,13,0,13,0,0,24,0,24,12,0,12,36
09/08/2020,WJF,CA,AWP,WE,Federal Contract Tower,0,0,9,0,9,0,0,7,3,10,0,0,16,3,19,10,0,10,29
09/09/2020,WJF,CA,AWP,WE,Federal Contract Tower,0,0,3,4,7,0,0,49,2,51,0,0,52,6,58,24,0,24,82
09/10/2020,WJF,CA,AWP,WE,Federal Contract Tower,0,0,3,4,7,0,0,38,0,38,0,0,41,4,45,44,0,44,89
09/11/2020,WJF,CA,AWP,WE,Federal Contract Tower,0,0,9,2,11,0,0,48,0,48,0,0,57,2,59,28,0,28,87
09/12/2020,WJF,CA,AWP,WE,Federal Contract Tower,0,0,13,0,13,0,0,44,0,44,0,0,57,0,57,32,0,32,89
09/13/2020,WJF,CA,AWP,WE,Federal Contract Tower,0,0,2,0,2,0,0,39,0,39,0,0,41,0,41,76,0,76,117
09/14/2020,WJF,CA,AWP,WE,Federal Contract Tower,0,0,1,4,5,0,0,24,0,24,0,0,25,4,29,10,0,10,39
09/15/2020,WJF,CA,AWP,WE,Federal Contract Tower,0,0,3,2,5,0,0,36,0,36,0,0,39,2,41,0,0,0,41
09/16/2020,WJF,CA,AWP,WE,Federal Contract Tower,0,0,6,4,10,0,0,51,0,51,0,0,57,4,61,56,0,56,117
09/17/2020,WJF,CA,AWP,WE,Federal Contract Tower,0,0,13,0,13,0,0,41,0,41,0,0,54,0,54,54,0,54,108
09/18/2020,WJF,CA,AWP,WE,Federal Contract Tower,0,0,4,4,8,0,0,65,0,65,0,0,69,4,73,22,0,22,95
09/19/2020,WJF,CA,AWP,WE,Federal Contract Tower,0,0,3,0,3,0,0,70,0,70,0,0,73,0,73,36,0,36,109
09/20/2020,WJF,CA,AWP,WE,Federal Contract Tower,0,0,2,0,2,0,0,80,0,80,0,0,82,0,82,56,0,56,138
09/21/2020,WJF,CA,AWP,WE,Federal Contract Tower,0,0,0,0,0,0,0,52,0,52,0,0,52,0,52,34,0,34,86
09/22/2020,WJF,CA,AWP,WE,Federal Contract Tower,0,0,3,0,3,0,0,62,0,62,0,0,65,0,65,48,0,48,113
09/23/2020,WJF,CA,AWP,WE,Federal Contract Tower,0,0,4,1,5,0,0,93,0,93,0,0,97,1,98,54,0,54,152
09/24/2020,WJF,CA,AWP,WE,Federal Contract Tower,0,0,3,4,7,0,0,67,0,67,0,0,70,4,74,70,0,70,144
09/25/2020,WJF,CA,AWP,WE,Federal Contract Tower,0,0,0,0,0,0,0,84,0,84,0,0,84,0,84,42,0,42,126
09/26/2020,WJF,CA,AWP,WE,Federal Contract Tower,0,0,4,0,4,0,0,85,0,85,0,0,89,0,89,38,0,38,127
09/27/2020,WJF,CA,AWP,WE,Federal Contract Tower,0,0,3,0,3,0,0,90,0,90,0,0,93,0,93,72,0,72,165
09/28/2020,WJF,CA,AWP,WE,Federal Contract Tower,0,0,1,0,1,0,0,62,0,62,0,0,63,0,63,66,0,66,129
09/29/2020,WJF,CA,AWP,WE,Federal Contract Tower,0,0,1,1,2,0,0,71,0,71,0,0,72,1,73,34,0,34,107
09/30/2020,WJF,CA,AWP,WE,Federal Contract Tower,0,0,8,0,8,0,0,65,0,65,0,0,73,0,73,22,0,22,95
10/01/2020,WJF,CA,AWP,WE,Federal Contract Tower,0,0,2,2,4,0,0,59,0,59,0,0,61,2,63,24,0,24,87
10/02/2020,WJF,CA,AWP,WE,Federal Contract Tower,0,0,2,2,4,0,0,81,0,81,0,0,83,2,85,54,0,54,139
10/03/2020,WJF,CA,AWP,WE,Federal Contract Tower,0,0,6,0,6,0,0,61,0,61,0,0,67,0,67,84,0,84,151
10/04/2020,WJF,CA,AWP,WE,Federal Contract Tower,0,0,2,0,2,0,0,84,0,84,0,0,86,0,86,160,0,160,246
10/05/2020,WJF,CA,AWP,WE,Federal Contract Tower,0,0,5,0,5,0,0,49,0,49,0,0,54,0,54,58,0,58,112
10/06/2020,WJF,CA,AWP,WE,Federal Contract Tower,0,0,1,6,7,0,0,58,0,58,0,0,59,6,65,42,0,42,107
10/07/2020,WJF,CA,AWP,WE,Federal Contract Tower,0,0,4,6,10,0,0,74,0,74,0,0,78,6,84,76,0,76,160
10/08/2020,WJF,CA,AWP,WE,Federal Contract Tower,0,0,6,2,8,0,0,60,0,60,0,0,66,2,68,42,0,42,110
10/09/2020,WJF,CA,AWP,WE,Federal Contract Tower,0,0,1,4,5,0,0,68,0,68,0,0,69,4,73,58,0,58,131
10/10/2020,WJF,CA,AWP,WE,Federal Contract Tower,0,0,10,0,10,0,0,61,0,61,0,0,71,0,71,54,0,54,125
10/11/2020,WJF,CA,AWP,WE,Federal Contract Tower,0,0,0,0,0,0,0,75,0,75,0,0,75,0,75,98,0,98,173
10/12/2020,WJF,CA,AWP,WE,Federal Contract Tower,0,0,2,0,2,0,0,84,0,84,0,0,86,0,86,52,0,52,138
10/13/2020,WJF,CA,AWP,WE,Federal Contract Tower,0,0,0,4,4,0,0,86,0,86,0,0,86,4,90,16,12,28,118
10/14/2020,WJF,CA,AWP,WE,Federal Contract Tower,0,0,2,4,6,0,0,73,0,73,0,0,75,4,79,84,0,84,163
10/15/2020,WJF,CA,AWP,WE,Federal Contract Tower,0,0,3,4,7,0,0,96,2,98,0,0,99,6,105,62,0,62,167
10/16/2020,WJF,CA,AWP,WE,Federal Contract Tower,0,0,4,2,6,0,0,74,0,74,0,0,78,2,80,64,0,64,144
10/17/2020,WJF,CA,AWP,WE,Federal Contract Tower,0,0,5,0,5,0,0,99,6,105,0,0,104,6,110,120,0,120,230
10/18/2020,WJF,CA,AWP,WE,Federal Contract Tower,0,0,0,0,0,0,70,0,0,70,0,70,0,0,70,66,0,66,136
10/19/2020,WJF,CA,AWP,WE,Federal Contract Tower,0,0,1,0,1,0,0,86,0,86,0,0,87,0,87,102,0,102,189
10/20/2020,WJF,CA,AWP,WE,Federal Contract Tower,0,0,8,0,8,0,0,90,0,90,0,0,98,0,98,68,0,68,166
10/21/2020,WJF,CA,AWP,WE,Federal Contract Tower,0,0,4,0,4,0,0,63,0,63,0,0,67,0,67,64,0,64,131
10/22/2020,WJF,CA,AWP,WE,Federal Contract Tower,0,0,3,0,3,0,0,71,0,71,0,0,74,0,74,128,0,128,202
10/23/2020,WJF,CA,AWP,WE,Federal Contract Tower,0,0,4,0,4,0,0,39,0,39,0,0,43,0,43,24,0,24,67
10/24/2020,WJF,CA,AWP,WE,Federal Contract Tower,0,1,5,0,6,0,0,50,0,50,0,1,55,0,56,74,0,74,130
10/25/2020,WJF,CA,AWP,WE,Federal Contract Tower,0,0,3,0,3,0,0,26,0,26,0,0,29,0,29,10,0,10,39
10/26/2020,WJF,CA,AWP,WE,Federal Contract Tower,0,0,0,0,0,0,0,26,0,26,0,0,26,0,26,6,0,6,32
10/27/2020,WJF,CA,AWP,WE,Federal Contract Tower,0,0,4,0,4,0,0,45,0,45,0,0,49,0,49,82,0,82,131
10/28/2020,WJF,CA,AWP,WE,Federal Contract Tower,0,0,3,4,7,0,0,87,0,87,0,0,90,4,94,76,0,76,170
10/29/2020,WJF,CA,AWP,WE,Federal Contract Tower,0,0,5,0,5,0,0,56,0,56,0,0,61,0,61,76,0,76,137
10/30/2020,WJF,CA,AWP,WE,Federal Contract Tower,0,0,8,4,12,0,0,6,1,7,0,0,14,5,19,114,0,114,133
10/31/2020,WJF,CA,AWP,WE,Federal Contract Tower,0,0,5,0,5,0,0,124,0,124,0,0,129,0,129,104,0,104,233
11/01/2020,WJF,CA,AWP,WE,Federal Contract Tower,0,0,3,0,3,0,0,68,0,68,0,0,71,0,71,68,0,68,139
11/02/2020,WJF,CA,AWP,WE,Federal Contract Tower,0,0,0,0,0,0,0,61,0,61,0,0,61,0,61,34,0,34,95
11/03/2020,WJF,CA,AWP,WE,Federal Contract Tower,0,0,4,4,8,0,0,51,0,51,0,0,55,4,59,56,0,56,115
11/04/2020,WJF,CA,AWP,WE,Federal Contract Tower,0,0,0,6,6,0,0,56,0,56,0,0,56,6,62,20,0,20,82
11/05/2020,WJF,CA,AWP,WE,Federal Contract Tower,0,0,1,10,11,0,0,56,0,56,0,0,57,10,67,4,0,4,71
11/06/2020,WJF,CA,AWP,WE,Federal Contract Tower,0,0,5,0,5,0,0,49,0,49,0,0,54,0,54,92,0,92,146
11/07/2020,WJF,CA,AWP,WE,Federal Contract Tower,0,0,2,0,2,0,0,2,6,8,0,0,4,6,10,0,0,0,10
11/08/2020,WJF,CA,AWP,WE,Federal Contract Tower,0,0,1,0,1,0,0,8,0,8,0,0,9,0,9,26,0,26,35
11/09/2020,WJF,CA,AWP,WE,Federal Contract Tower,0,0,4,12,16,0,0,28,0,28,0,0,32,12,44,14,0,14,58
11/10/2020,WJF,CA,AWP,WE,Federal Contract Tower,0,0,6,10,16,0,0,63,0,63,0,0,69,10,79,82,0,82,161
11/11/2020,WJF,CA,AWP,WE,Federal Contract Tower,0,0,10,0,10,0,0,89,0,89,0,0,99,0,99,104,0,104,203
11/12/2020,WJF,CA,AWP,WE,Federal Contract Tower,0,0,4,0,4,0,0,48,2,50,0,0,52,2,54,48,0,48,102
11/13/2020,WJF,CA,AWP,WE,Federal Contract Tower,0,0,3,2,5,0,0,52,2,54,0,0,55,4,59,50,0,50,109
11/14/2020,WJF,CA,AWP,WE,Federal Contract Tower,0,0,6,0,6,0,0,64,0,64,0,0,70,0,70,70,0,70,140
11/15/2020,WJF,CA,AWP,WE,Federal Contract Tower,0,0,0,0,0,0,0,84,0,84,0,0,84,0,84,124,0,124,208
11/16/2020,WJF,CA,AWP,WE,Federal Contract Tower,0,0,8,0,8,0,0,52,0,52,0,0,60,0,60,6,0,6,66
11/17/2020,WJF,CA,AWP,WE,Federal Contract Tower,0,0,6,4,10,0,0,49,0,49,0,0,55,4,59,104,0,104,163
11/18/2020,WJF,CA,AWP,WE,Federal Contract Tower,0,0,5,0,5,0,0,29,0,29,0,0,34,0,34,0,0,0,34
11/19/2020,WJF,CA,AWP,WE,Federal Contract Tower,0,0,0,0,0,0,0,6,0,6,0,0,6,0,6,0,0,0,6
11/20/2020,WJF,CA,AWP,WE,Federal Contract Tower,0,0,0,0,0,0,0,6,0,6,0,0,6,0,6,20,0,20,26
11/21/2020,WJF,CA,AWP,WE,Federal Contract Tower,0,0,2,0,2,0,0,94,0,94,0,0,96,0,96,138,0,138,234
11/22/2020,WJF,CA,AWP,WE,Federal Contract Tower,0,0,5,0,5,0,0,83,0,83,0,0,88,0,88,206,0,206,294
11/23/2020,WJF,CA,AWP,WE,Federal Contract Tower,0,1,1,0,2,0,0,26,0,26,0,1,27,0,28,10,0,10,38
11/24/2020,WJF,CA,AWP,WE,Federal Contract Tower,0,1,10,0,11,0,1,59,0,60,0,2,69,0,71,216,0,216,287
11/25/2020,WJF,CA,AWP,WE,Federal Contract Tower,0,1,5,0,6,0,1,46,0,47,0,2,51,0,53,110,0,110,163
11/26/2020,WJF,CA,AWP,WE,Federal Contract Tower,0,0,4,0,4,0,0,35,0,35,0,0,39,0,39,64,0,64,103
11/27/2020,WJF,CA,AWP,WE,Federal Contract Tower,0,1,7,0,8,0,1,50,0,51,0,2,57,0,59,112,0,112,171
11/28/2020,WJF,CA,AWP,WE,Federal Contract Tower,0,0,5,0,5,0,0,74,0,74,0,0,79,0,79,124,0,124,203
11/29/2020,WJF,CA,AWP,WE,Federal Contract Tower,0,0,1,0,1,0,0,45,0,45,0,0,46,0,46,129,0,129,175
11/30/2020,WJF,CA,AWP,WE,Federal Contract Tower,0,2,4,0,6,0,0,61,0,61,0,2,65,0,67,62,0,62,129
12/01/2020,WJF,CA,AWP,WE,Federal Contract Tower,0,3,3,2,8,0,1,53,0,54,0,4,56,2,62,86,0,86,148
12/02/2020,WJF,CA,AWP,WE,Federal Contract Tower,0,1,4,0,5,0,1,59,0,60,0,2,63,0,65,56,0,56,121
12/03/2020,WJF,CA,AWP,WE,Federal Contract Tower,0,1,3,0,4,0,1,35,0,36,0,2,38,0,40,38,0,38,78
12/04/2020,WJF,CA,AWP,WE,Federal Contract Tower,0,1,7,0,8,0,1,54,0,55,0,2,61,0,63,108,0,108,171
12/05/2020,WJF,CA,AWP,WE,Federal Contract Tower,0,0,6,0,6,0,0,69,0,69,0,0,75,0,75,142,0,142,217
12/06/2020,WJF,CA,AWP,WE,Federal Contract Tower,0,1,8,0,9,0,0,75,0,75,0,1,83,0,84,146,0,146,230
12/07/2020,WJF,CA,AWP,WE,Federal Contract Tower,0,1,6,0,7,0,1,28,0,29,0,2,34,0,36,52,0,52,88
12/08/2020,WJF,CA,AWP,WE,Federal Contract Tower,0,1,6,2,9,0,1,3,0,4,0,2,9,2,13,30,0,30,43
12/09/2020,WJF,CA,AWP,WE,Federal Contract Tower,0,4,2,0,6,0,1,60,0,61,0,5,62,0,67,82,0,82,149
12/10/2020,WJF,CA,AWP,WE,Federal Contract Tower,0,1,21,1,23,0,1,21,1,23,0,2,42,2,46,128,4,132,178
12/11/2020,WJF,CA,AWP,WE,Federal Contract Tower,0,1,4,0,5,0,1,28,0,29,0,2,32,0,34,62,0,62,96
12/12/2020,WJF,CA,AWP,WE,Federal Contract Tower,0,0,0,0,0,0,0,9,0,9,0,0,9,0,9,0,0,0,9
12/13/2020,WJF,CA,AWP,WE,Federal Contract Tower,0,0,5,0,5,0,0,86,0,86,0,0,91,0,91,184,0,184,275
12/14/2020,WJF,CA,AWP,WE,Federal Contract Tower,0,1,4,0,5,0,1,9,0,10,0,2,13,0,15,0,0,0,15
12/15/2020,WJF,CA,AWP,WE,Federal Contract Tower,0,1,4,0,5,0,1,45,0,46,0,2,49,0,51,130,0,130,181
12/16/2020,WJF,CA,AWP,WE,Federal Contract Tower,0,1,7,0,8,0,1,54,0,55,0,2,61,0,63,238,0,238,301
12/17/2020,WJF,CA,AWP,WE,Federal Contract Tower,0,1,0,0,1,0,1,15,0,16,0,2,15,0,17,80,0,80,97
12/18/2020,WJF,CA,AWP,WE,Federal Contract Tower,0,2,1,2,5,0,2,42,0,44,0,4,43,2,49,80,0,80,129
12/19/2020,WJF,CA,AWP,WE,Federal Contract Tower,0,0,13,0,13,0,0,82,0,82,0,0,95,0,95,140,0,140,235
12/20/2020,WJF,CA,AWP,WE,Federal Contract Tower,0,0,6,0,6,0,0,76,0,76,0,0,82,0,82,92,0,92,174
12/21/2020,WJF,CA,AWP,WE,Federal Contract Tower,0,1,8,0,9,0,1,61,0,62,0,2,69,0,71,118,0,118,189
12/22/2020,WJF,CA,AWP,WE,Federal Contract Tower,0,1,11,1,13,0,1,60,1,62,0,2,71,2,75,56,12,68,143
12/23/2020,WJF,CA,AWP,WE,Federal Contract Tower,0,1,1,0,2,0,1,56,0,57,0,2,57,0,59,124,0,124,183
12/24/2020,WJF,CA,AWP,WE,Federal Contract Tower,0,1,0,0,1,0,1,36,0,37,0,2,36,0,38,74,0,74,112
12/25/2020,WJF,CA,AWP,WE,Federal Contract Tower,0,0,1,0,1,0,0,24,0,24,0,0,25,0,25,20,0,20,45
12/26/2020,WJF,CA,AWP,WE,Federal Contract Tower,0,0,3,0,3,0,0,30,0,30,0,0,33,0,33,32,0,32,65
12/27/2020,WJF,CA,AWP,WE,Federal Contract Tower,0,0,1,0,1,0,0,42,0,42,0,0,43,0,43,116,0,116,159
12/28/2020,WJF,CA,AWP,WE,Federal Contract Tower,0,2,5,4,11,0,0,4,0,4,0,2,9,4,15,0,0,0,15
12/29/2020,WJF,CA,AWP,WE,Federal Contract Tower,0,1,5,0,6,0,1,25,0,26,0,2,30,0,32,34,0,34,66
12/30/2020,WJF,CA,AWP,WE,Federal Contract Tower,0,1,2,0,3,0,1,68,0,69,0,2,70,0,72,90,0,90,162
12/31/2020,WJF,CA,AWP,WE,Federal Contract Tower,0,1,0,0,1,0,1,29,0,30,0,2,29,0,31,32,0,32,63
01/01/2021,WJF,CA,AWP,WE,Federal Contract Tower,0,0,0,0,0,0,2,32,0,34,0,2,32,0,34,98,0,98,132
01/02/2021,WJF,CA,AWP,WE,Federal Contract Tower,0,0,3,0,3,0,0,57,0,57,0,0,60,0,60,52,0,52,112
01/03/2021,WJF,CA,AWP,WE,Federal Contract Tower,0,0,6,0,6,0,0,43,0,43,0,0,49,0,49,52,0,52,101
01/04/2021,WJF,CA,AWP,WE,Federal Contract Tower,0,1,1,0,2,0,1,31,0,32,0,2,32,0,34,78,0,78,112
01/05/2021,WJF,CA,AWP,WE,Federal Contract Tower,0,1,2,2,5,0,1,27,0,28,0,2,29,2,33,8,0,8,41
01/06/2021,WJF,CA,AWP,WE,Federal Contract Tower,0,1,4,2,7,0,1,40,3,44,0,2,44,5,51,84,0,84,135
01/07/2021,WJF,CA,AWP,WE,Federal Contract Tower,0,0,6,5,11,0,1,52,2,55,0,1,58,7,66,58,32,90,156
01/08/2021,WJF,CA,AWP,WE,Federal Contract Tower,0,1,3,0,4,0,1,67,0,68,0,2,70,0,72,122,0,122,194
01/09/2021,WJF,CA,AWP,WE,Federal Contract Tower,0,0,5,0,5,0,0,33,0,33,0,0,38,0,38,96,0,96,134
01/10/2021,WJF,CA,AWP,WE,Federal Contract Tower,0,0,4,0,4,0,0,60,0,60,0,0,64,0,64,114,0,114,178
01/11/2021,WJF,CA,AWP,WE,Federal Contract Tower,0,1,1,2,4,0,1,41,0,42,0,2,42,2,46,60,0,60,106
01/12/2021,WJF,CA,AWP,WE,Federal Contract Tower,0,1,1,9,11,0,1,46,4,51,0,2,47,13,62,110,37,147,209
01/13/2021,WJF,CA,AWP,WE,Federal Contract Tower,0,1,7,5,13,0,1,47,7,55,0,2,54,12,68,116,60,176,244
01/14/2021,WJF,CA,AWP,WE,Federal Contract Tower,0,1,6,6,13,0,1,57,0,58,0,2,63,6,71,78,6,84,155
01/15/2021,WJF,CA,AWP,WE,Federal Contract Tower,0,1,0,0,1,0,1,71,0,72,0,2,71,0,73,116,0,116,189
01/16/2021,WJF,CA,AWP,WE,Federal Contract Tower,0,0,0,0,0,0,0,63,0,63,0,0,63,0,63,120,0,120,183
01/17/2021,WJF,CA,AWP,WE,Federal Contract Tower,0,0,3,0,3,0,0,76,0,76,0,0,79,0,79,146,26,172,251
01/18/2021,WJF,CA,AWP,WE,Federal Contract Tower,0,1,2,0,3,0,1,42,0,43,0,2,44,0,46,58,0,58,104
01/19/2021,WJF,CA,AWP,WE,Federal Contract Tower,0,0,1,0,1,0,0,10,0,10,0,0,11,0,11,0,0,0,11
01/20/2021,WJF,CA,AWP,WE,Federal Contract Tower,0,1,4,7,12,0,1,26,3,30,0,2,30,10,42,30,6,36,78
01/21/2021,WJF,CA,AWP,WE,Federal Contract Tower,0,3,6,4,13,0,1,50,1,52,0,4,56,5,65,206,30,236,301
01/22/2021,WJF,CA,AWP,WE,Federal Contract Tower,0,1,8,3,12,0,2,14,7,23,0,3,22,10,35,66,24,90,125
01/23/2021,WJF,CA,AWP,WE,Federal Contract Tower,0,2,3,0,5,0,0,15,0,15,0,2,18,0,20,74,0,74,94
01/24/2021,WJF,CA,AWP,WE,Federal Contract Tower,0,0,3,0,3,0,0,32,0,32,0,0,35,0,35,34,0,34,69
01/25/2021,WJF,CA,AWP,WE,Federal Contract Tower,0,2,2,0,4,0,0,6,0,6,0,2,8,0,10,0,0,0,10
01/26/2021,WJF,CA,AWP,WE,Federal Contract Tower,0,1,0,8,9,0,1,43,1,45,0,2,43,9,54,68,20,88,142
01/27/2021,WJF,CA,AWP,WE,Federal Contract Tower,0,1,0,4,5,0,1,16,4,21,0,2,16,8,26,20,0,20,46
01/28/2021,WJF,CA,AWP,WE,Federal Contract Tower,0,0,1,10,11,0,1,20,4,25,0,1,21,14,36,56,4,60,96
01/29/2021,WJF,CA,AWP,WE,Federal Contract Tower,0,3,2,8,13,0,1,6,0,7,0,4,8,8,20,16,0,16,36
01/30/2021,WJF,CA,AWP,WE,Federal Contract Tower,0,3,4,0,7,0,0,105,0,105,0,3,109,0,112,128,0,128,240
01/31/2021,WJF,CA,AWP,WE,Federal Contract Tower,0,0,3,0,3,0,0,60,0,60,0,0,63,0,63,40,0,40,103
02/01/2021,WJF,CA,AWP,WE,Federal Contract Tower,0,1,6,0,7,0,1,44,0,45,0,2,50,0,52,30,0,30,82
02/02/2021,WJF,CA,AWP,WE,Federal Contract Tower,0,0,5,0,5,0,1,50,2,53,0,1,55,2,58,54,4,58,116
02/03/2021,WJF,CA,AWP,WE,Federal Contract Tower,0,1,5,0,6,0,1,24,0,25,0,2,29,0,31,48,0,48,79
02/04/2021,WJF,CA,AWP,WE,Federal Contract Tower,0,1,5,0,6,0,1,51,0,52,0,2,56,0,58,182,0,182,240
02/05/2021,WJF,CA,AWP,WE,Federal Contract Tower,0,1,5,0,6,0,1,112,0,113,0,2,117,0,119,162,0,162,281
02/06/2021,WJF,CA,AWP,WE,Federal Contract Tower,0,0,6,2,8,0,0,121,0,121,0,0,127,2,129,228,2,230,359
02/07/2021,WJF,CA,AWP,WE,Federal Contract Tower,0,0,0,0,0,0,0,70,0,70,0,0,70,0,70,116,0,116,186
02/08/2021,WJF,CA,AWP,WE,Federal Contract Tower,0,1,7,0,8,0,1,36,0,37,0,2,43,0,45,124,0,124,169
02/09/2021,WJF,CA,AWP,WE,Federal Contract Tower,0,1,7,3,11,0,1,35,0,36,0,2,42,3,47,96,16,112,159
02/10/2021,WJF,CA,AWP,WE,Federal Contract Tower,0,3,1,0,4,0,1,62,4,67,0,4,63,4,71,62,0,62,133
02/11/2021,WJF,CA,AWP,WE,Federal Contract Tower,0,3,8,4,15,0,0,47,2,49,0,3,55,6,64,188,8,196,260
02/12/2021,WJF,CA,AWP,WE,Federal Contract Tower,0,1,3,0,4,0,1,8,0,9,0,2,11,0,13,2,0,2,15
02/13/2021,WJF,CA,AWP,WE,Federal Contract Tower,0,0,0,0,0,0,0,15,0,15,0,0,15,0,15,40,0,40,55
02/14/2021,WJF,CA,AWP,WE,Federal Contract Tower,0,0,5,0,5,0,0,9,0,9,0,0,14,0,14,6,0,6,20
02/15/2021,WJF,CA,AWP,WE,Federal Contract Tower,0,1,3,0,4,0,1,19,0,20,0,2,22,0,24,30,0,30,54
02/16/2021,WJF,CA,AWP,WE,Federal Contract Tower,0,0,2,0,2,0,1,24,0,25,0,1,26,0,27,44,0,44,71
02/17/2021,WJF,CA,AWP,WE,Federal Contract Tower,0,1,7,6,14,0,1,39,0,40,0,2,46,6,54,8,14,22,76
02/18/2021,WJF,CA,AWP,WE,Federal Contract Tower,0,6,11,0,17,0,3,57,0,60,0,9,68,0,77,144,0,144,221
02/19/2021,WJF,CA,AWP,WE,Federal Contract Tower,0,1,9,0,10,0,1,69,0,70,0,2,78,0,80,142,0,142,222
02/20/2021,WJF,CA,AWP,WE,Federal Contract Tower,0,0,0,0,0,0,0,21,0,21,0,0,21,0,21,0,0,0,21
02/21/2021,WJF,CA,AWP,WE,Federal Contract Tower,0,0,2,0,2,0,0,71,0,71,0,0,73,0,73,68,0,68,141
02/22/2021,WJF,CA,AWP,WE,Federal Contract Tower,0,1,9,6,16,0,1,47,0,48,0,2,56,6,64,78,0,78,142
02/23/2021,WJF,CA,AWP,WE,Federal Contract Tower,0,1,12,0,13,0,1,106,0,107,0,2,118,0,120,150,0,150,270
02/24/2021,WJF,CA,AWP,WE,Federal Contract Tower,0,0,12,2,14,0,0,42,2,44,0,0,54,4,58,94,0,94,152
02/25/2021,WJF,CA,AWP,WE,Federal Contract Tower,0,2,1,1,4,0,1,27,0,28,0,3,28,1,32,61,2,63,95
02/26/2021,WJF,CA,AWP,WE,Federal Contract Tower,0,1,0,2,3,0,1,61,0,62,0,2,61,2,65,58,0,58,123
02/27/2021,WJF,CA,AWP,WE,Federal Contract Tower,0,0,3,0,3,0,0,29,0,29,0,0,32,0,32,0,0,0,32
02/28/2021,WJF,CA,AWP,WE,Federal Contract Tower,0,0,5,0,5,0,0,46,0,46,0,0,51,0,51,58,0,58,109
03/01/2021,WJF,CA,AWP,WE,Federal Contract Tower,0,1,7,2,10,0,1,43,2,46,0,2,50,4,56,26,0,26,82
03/02/2021,WJF,CA,AWP,WE,Federal Contract Tower,0,1,4,4,9,0,1,41,2,44,0,2,45,6,53,34,46,80,133
03/03/2021,WJF,CA,AWP,WE,Federal Contract Tower,0,1,2,0,3,0,1,43,0,44,0,2,45,0,47,31,0,31,78
03/04/2021,WJF,CA,AWP,WE,Federal Contract Tower,0,1,2,3,6,0,1,104,0,105,0,2,106,3,111,106,14,120,231
03/05/2021,WJF,CA,AWP,WE,Federal Contract Tower,0,1,13,0,14,0,1,113,0,114,0,2,126,0,128,132,0,132,260
03/06/2021,WJF,CA,AWP,WE,Federal Contract Tower,0,0,3,0,3,0,0,76,0,76,0,0,79,0,79,77,0,77,156
03/07/2021,WJF,CA,AWP,WE,Federal Contract Tower,0,0,3,0,3,0,1,62,0,63,0,1,65,0,66,74,0,74,140
03/08/2021,WJF,CA,AWP,WE,Federal Contract Tower,0,2,5,6,13,0,1,24,1,26,0,3,29,7,39,4,12,16,55
03/09/2021,WJF,CA,AWP,WE,Federal Contract Tower,0,1,0,4,5,0,1,14,0,15,0,2,14,4,20,10,0,10,30
03/10/2021,WJF,CA,AWP,WE,Federal Contract Tower,0,2,0,0,2,0,0,1,0,1,0,2,1,0,3,0,0,0,3
03/11/2021,WJF,CA,AWP,WE,Federal Contract Tower,0,2,3,6,11,0,0,17,0,17,0,2,20,6,28,70,0,70,98
03/12/2021,WJF,CA,AWP,WE,Federal Contract Tower,0,2,2,2,6,0,0,36,0,36,0,2,38,2,42,40,0,40,82
03/13/2021,WJF,CA,AWP,WE,Federal Contract Tower,0,0,2,2,4,0,0,34,0,34,0,0,36,2,38,28,0,28,66
03/14/2021,WJF,CA,AWP,WE,Federal Contract Tower,0,0,4,0,4,0,0,43,0,43,0,0,47,0,47,66,0,66,113
03/15/2021,WJF,CA,AWP,WE,Federal Contract Tower,0,2,2,0,4,0,0,2,0,2,0,2,4,0,6,0,0,0,6
03/16/2021,WJF,CA,AWP,WE,Federal Contract Tower,0,2,10,0,12,0,0,36,0,36,0,2,46,0,48,52,0,52,100
03/17/2021,WJF,CA,AWP,WE,Federal Contract Tower,0,1,1,2,4,0,1,105,0,106,0,2,106,2,110,138,0,138,248
03/18/2021,WJF,CA,AWP,WE,Federal Contract Tower,0,1,6,0,7,0,1,60,0,61,0,2,66,0,68,138,0,138,206
03/19/2021,WJF,CA,AWP,WE,Federal Contract Tower,0,1,9,0,10,0,3,69,0,72,0,4,78,0,82,142,0,142,224
03/20/2021,WJF,CA,AWP,WE,Federal Contract Tower,0,0,4,0,4,0,0,21,0,21,0,0,25,0,25,0,0,0,25
03/21/2021,WJF,CA,AWP,WE,Federal Contract Tower,0,0,3,0,3,0,0,43,0,43,0,0,46,0,46,44,0,44,90
03/22/2021,WJF,CA,AWP,WE,Federal Contract Tower,0,1,3,2,6,0,1,30,2,33,0,2,33,4,39,16,2,18,57
03/23/2021,WJF,CA,AWP,WE,Federal Contract Tower,0,2,0,0,2,0,0,13,0,13,0,2,13,0,15,56,0,56,71
03/24/2021,WJF,CA,AWP,WE,Federal Contract Tower,0,1,2,8,11,0,1,80,6,87,0,2,82,14,98,58,0,58,156
03/25/2021,WJF,CA,AWP,WE,Federal Contract Tower,0,1,8,2,11,0,1,27,0,28,0,2,35,2,39,6,0,6,45
03/26/2021,WJF,CA,AWP,WE,Federal Contract Tower,0,2,11,5,18,0,0,79,6,85,0,2,90,11,103,118,2,120,223
03/27/2021,WJF,CA,AWP,WE,Federal Contract Tower,0,0,14,0,14,0,0,124,0,124,0,0,138,0,138,114,0,114,252
03/28/2021,WJF,CA,AWP,WE,Federal Contract Tower,0,0,6,0,6,0,0,166,0,166,0,0,172,0,172,162,0,162,334
03/29/2021,WJF,CA,AWP,WE,Federal Contract Tower,0,0,7,0,7,0,1,36,0,37,0,1,43,0,44,22,0,22,66
03/30/2021,WJF,CA,AWP,WE,Federal Contract Tower,0,1,4,0,5,0,2,62,0,64,0,3,66,0,69,48,0,48,117
03/31/2021,WJF,CA,AWP,WE,Federal Contract Tower,0,1,4,2,7,0,1,36,4,41,0,2,40,6,48,50,4,54,102
04/01/2021,WJF,CA,AWP,WE,Federal Contract Tower,0,2,4,4,10,0,1,60,10,71,0,3,64,14,81,138,0,138,219
04/02/2021,WJF,CA,AWP,WE,Federal Contract Tower,0,1,8,0,9,0,1,80,0,81,0,2,88,0,90,86,0,86,176
04/03/2021,WJF,CA,AWP,WE,Federal Contract Tower,0,0,11,0,11,0,0,86,0,86,0,0,97,0,97,142,0,142,239
04/04/2021,WJF,CA,AWP,WE,Federal Contract Tower,0,0,2,0,2,0,0,29,0,29,0,0,31,0,31,50,0,50,81
04/05/2021,WJF,CA,AWP,WE,Federal Contract Tower,0,1,0,4,5,0,1,22,0,23,0,2,22,4,28,38,10,48,76
04/06/2021,WJF,CA,AWP,WE,Federal Contract Tower,0,1,7,4,12,0,1,93,0,94,0,2,100,4,106,310,0,310,416
04/07/2021,WJF,CA,AWP,WE,Federal Contract Tower,0,4,1,3,8,0,2,47,1,50,0,6,48,4,58,90,0,90,148
04/08/2021,WJF,CA,AWP,WE,Federal Contract Tower,0,1,6,0,7,0,1,23,0,24,0,2,29,0,31,39,0,39,70
04/09/2021,WJF,CA,AWP,WE,Federal Contract Tower,0,1,1,5,7,0,6,70,1,77,0,7,71,6,84,62,2,64,148
04/10/2021,WJF,CA,AWP,WE,Federal Contract Tower,0,0,2,0,2,0,0,68,0,68,0,0,70,0,70,130,0,130,200
04/11/2021,WJF,CA,AWP,WE,Federal Contract Tower,0,0,5,0,5,0,0,70,0,70,0,0,75,0,75,122,0,122,197
04/12/2021,WJF,CA,AWP,WE,Federal Contract Tower,0,1,3,0,4,0,1,44,0,45,0,2,47,0,49,162,0,162,211
04/13/2021,WJF,CA,AWP,WE,Federal Contract Tower,0,1,9,4,14,0,1,13,0,14,0,2,22,4,28,13,0,13,41
04/14/2021,WJF,CA,AWP,WE,Federal Contract Tower,0,1,5,4,10,0,1,27,0,28,0,2,32,4,38,66,0,66,104
04/15/2021,WJF,CA,AWP,WE,Federal Contract Tower,0,1,4,0,5,0,0,44,1,45,0,1,48,1,50,50,0,50,100
04/16/2021,WJF,CA,AWP,WE,Federal Contract Tower,0,1,5,4,10,0,1,84,0,85,0,2,89,4,95,72,0,72,167
04/17/2021,WJF,CA,AWP,WE,Federal Contract Tower,0,0,5,0,5,0,0,83,0,83,0,0,88,0,88,100,0,100,188
04/18/2021,WJF,CA,AWP,WE,Federal Contract Tower,0,0,9,0,9,0,0,38,0,38,0,0,47,0,47,36,0,36,83
04/19/2021,WJF,CA,AWP,WE,Federal Contract Tower,0,1,4,0,5,0,1,37,0,38,0,2,41,0,43,112,0,112,155
04/20/2021,WJF,CA,AWP,WE,Federal Contract Tower,0,1,2,0,3,0,1,36,0,37,0,2,38,0,40,10,0,10,50
04/21/2021,WJF,CA,AWP,WE,Federal Contract Tower,0,1,6,1,8,0,1,21,3,25,0,2,27,4,33,2,0,2,35
04/22/2021,WJF,CA,AWP,WE,Federal Contract Tower,0,1,3,0,4,0,1,30,0,31,0,2,33,0,35,18,6,24,59
04/23/2021,WJF,CA,AWP,WE,Federal Contract Tower,0,1,9,2,12,0,6,32,0,38,0,7,41,2,50,98,0,98,148
04/24/2021,WJF,CA,AWP,WE,Federal Contract Tower,0,0,1,0,1,0,0,38,0,38,0,0,39,0,39,24,0,24,63
04/25/2021,WJF,CA,AWP,WE,Federal Contract Tower,0,0,3,0,3,0,0,12,0,12,0,0,15,0,15,2,0,2,17
04/26/2021,WJF,CA,AWP,WE,Federal Contract Tower,0,0,3,0,3,0,2,25,0,27,0,2,28,0,30,12,0,12,42
04/27/2021,WJF,CA,AWP,WE,Federal Contract Tower,0,2,2,0,4,0,0,38,0,38,0,2,40,0,42,74,0,74,116
04/28/2021,WJF,CA,AWP,WE,Federal Contract Tower,0,1,5,0,6,0,1,125,0,126,0,2,130,0,132,118,0,118,250
04/29/2021,WJF,CA,AWP,WE,Federal Contract Tower,0,1,8,8,17,0,1,80,0,81,0,2,88,8,98,78,8,86,184
04/30/2021,WJF,CA,AWP,WE,Federal Contract Tower,0,0,11,0,11,0,1,75,0,76,0,1,86,0,87,120,0,120,207
05/01/2021,WJF,CA,AWP,WE,Federal Contract Tower,0,0,3,0,3,0,0,54,0,54,0,0,57,0,57,72,0,72,129
05/02/2021,WJF,CA,AWP,WE,Federal Contract Tower,0,0,4,0,4,0,0,17,0,17,0,0,21,0,21,22,0,22,43
05/03/2021,WJF,CA,AWP,WE,Federal Contract Tower,0,1,1,4,6,0,1,37,3,41,0,2,38,7,47,36,2,38,85
05/04/2021,WJF,CA,AWP,WE,Federal Contract Tower,0,1,4,8,13,0,1,92,0,93,0,2,96,8,106,134,0,134,240
05/05/2021,WJF,CA,AWP,WE,Federal Contract Tower,0,1,15,0,16,0,1,57,6,64,0,2,72,6,80,84,0,84,164
05/06/2021,WJF,CA,AWP,WE,Federal Contract Tower,0,1,5,4,10,0,1,40,8,49,0,2,45,12,59,66,0,66,125
05/07/2021,WJF,CA,AWP,WE,Federal Contract Tower,0,1,2,0,3,0,1,45,2,48,0,2,47,2,51,134,0,134,185
05/08/2021,WJF,CA,AWP,WE,Federal Contract Tower,0,0,10,0,10,0,0,110,0,110,0,0,120,0,120,142,0,142,262
05/09/2021,WJF,CA,AWP,WE,Federal Contract Tower,0,0,2,0,2,0,0,58,0,58,0,0,60,0,60,66,0,66,126
05/10/2021,WJF,CA,AWP,WE,Federal Contract Tower,0,3,0,0,3,0,1,34,0,35,0,4,34,0,38,72,2,74,112
05/11/2021,WJF,CA,AWP,WE,Federal Contract Tower,0,1,12,0,13,0,1,59,0,60,0,2,71,0,73,84,0,84,157
05/12/2021,WJF,CA,AWP,WE,Federal Contract Tower,0,1,16,0,17,0,1,68,0,69,0,2,84,0,86,86,0,86,172
05/13/2021,WJF,CA,AWP,WE,Federal Contract Tower,0,1,9,0,10,0,1,37,0,38,0,2,46,0,48,72,0,72,120
05/14/2021,WJF,CA,AWP,WE,Federal Contract Tower,0,1,7,2,10,0,1,69,0,70,0,2,76,2,80,94,0,94,174
05/15/2021,WJF,CA,AWP,WE,Federal Contract Tower,0,0,3,0,3,0,0,36,0,36,0,0,39,0,39,48,0,48,87
05/16/2021,WJF,CA,AWP,WE,Federal Contract Tower,0,0,1,0,1,0,0,22,0,22,0,0,23,0,23,12,0,12,35
05/17/2021,WJF,CA,AWP,WE,Federal Contract Tower,0,1,2,0,3,0,1,51,0,52,0,2,53,0,55,16,0,16,71
05/18/2021,WJF,CA,AWP,WE,Federal Contract Tower,0,2,2,0,4,0,1,16,0,17,0,3,18,0,21,22,0,22,43
05/19/2021,WJF,CA,AWP,WE,Federal Contract Tower,0,1,3,0,4,0,1,16,0,17,0,2,19,0,21,8,0,8,29
05/20/2021,WJF,CA,AWP,WE,Federal Contract Tower,0,0,4,0,4,0,0,19,0,19,0,0,23,0,23,2,0,2,25
05/21/2021,WJF,CA,AWP,WE,Federal Contract Tower,0,1,0,0,1,0,1,36,0,37,0,2,36,0,38,32,0,32,70
05/22/2021,WJF,CA,AWP,WE,Federal Contract Tower,0,0,3,0,3,0,0,70,0,70,0,0,73,0,73,142,0,142,215
05/23/2021,WJF,CA,AWP,WE,Federal Contract Tower,0,0,3,0,3,0,0,78,0,78,0,0,81,0,81,124,0,124,205
05/24/2021,WJF,CA,AWP,WE,Federal Contract Tower,0,1,0,0,1,0,1,65,2,68,0,2,65,2,69,90,2,92,161
05/25/2021,WJF,CA,AWP,WE,Federal Contract Tower,0,1,11,0,12,0,1,54,0,55,0,2,65,0,67,34,0,34,101
05/26/2021,WJF,CA,AWP,WE,Federal Contract Tower,0,1,4,0,5,0,1,45,1,47,0,2,49,1,52,66,0,66,118
05/27/2021,WJF,CA,AWP,WE,Federal Contract Tower,0,0,9,7,16,0,0,55,1,56,0,0,64,8,72,68,0,68,140
05/28/2021,WJF,CA,AWP,WE,Federal Contract Tower,0,1,1,0,2,0,1,77,0,78,0,2,78,0,80,90,0,90,170
05/29/2021,WJF,CA,AWP,WE,Federal Contract Tower,0,1,3,0,4,0,1,58,0,59,0,2,61,0,63,120,0,120,183
05/30/2021,WJF,CA,AWP,WE,Federal Contract Tower,0,0,1,0,1,0,0,68,0,68,0,0,69,0,69,44,0,44,113
05/31/2021,WJF,CA,AWP,WE,Federal Contract Tower,0,0,3,0,3,0,0,59,0,59,0,0,62,0,62,36,0,36,98
06/01/2021,WJF,CA,AWP,WE,Federal Contract Tower,0,3,5,8,16,0,1,65,5,71,0,4,70,13,87,98,2,100,187
06/02/2021,WJF,CA,AWP,WE,Federal Contract Tower,0,1,5,4,10,0,1,46,4,51,0,2,51,8,61,54,0,54,115
06/03/2021,WJF,CA,AWP,WE,Federal Contract Tower,0,1,4,2,7,0,1,60,2,63,0,2,64,4,70,60,0,60,130
06/04/2021,WJF,CA,AWP,WE,Federal Contract Tower,0,2,5,4,11,0,1,83,2,86,0,3,88,6,97,104,0,104,201
06/05/2021,WJF,CA,AWP,WE,Federal Contract Tower,0,0,7,0,7,0,0,107,0,107,0,0,114,0,114,62,0,62,176
06/06/2021,WJF,CA,AWP,WE,Federal Contract Tower,0,0,0,0,0,0,0,35,0,35,0,0,35,0,35,16,0,16,51
06/07/2021,WJF,CA,AWP,WE,Federal Contract Tower,0,1,6,0,7,0,1,30,0,31,0,2,36,0,38,2,0,2,40
06/08/2021,WJF,CA,AWP,WE,Federal Contract Tower,0,3,0,6,9,0,1,29,0,30,0,4,29,6,39,16,16,32,71
06/09/2021,WJF,CA,AWP,WE,Federal Contract Tower,0,1,4,0,5,0,1,66,0,67,0,2,70,0,72,64,0,64,136
06/10/2021,WJF,CA,AWP,WE,Federal Contract Tower,0,1,0,0,1,0,1,80,0,81,0,2,80,0,82,88,0,88,170
06/11/2021,WJF,CA,AWP,WE,Federal Contract Tower,0,1,3,0,4,0,1,100,0,101,0,2,103,0,105,98,0,98,203
06/12/2021,WJF,CA,AWP,WE,Federal Contract Tower,0,0,9,0,9,0,0,153,0,153,0,0,162,0,162,156,0,156,318
06/13/2021,WJF,CA,AWP,WE,Federal Contract Tower,0,0,10,0,10,0,0,88,0,88,0,0,98,0,98,122,0,122,220
06/14/2021,WJF,CA,AWP,WE,Federal Contract Tower,0,1,2,0,3,0,1,44,0,45,0,2,46,0,48,12,0,12,60
06/15/2021,WJF,CA,AWP,WE,Federal Contract Tower,0,2,5,0,7,0,2,55,0,57,0,4,60,0,64,60,0,60,124
06/16/2021,WJF,CA,AWP,WE,Federal Contract Tower,0,1,4,0,5,0,1,58,0,59,0,2,62,0,64,54,0,54,118
06/17/2021,WJF,CA,AWP,WE,Federal Contract Tower,0,1,3,2,6,0,1,73,0,74,0,2,76,2,80,46,2,48,128
06/18/2021,WJF,CA,AWP,WE,Federal Contract Tower,0,1,20,0,21,0,1,62,0,63,0,2,82,0,84,30,0,30,114
06/19/2021,WJF,CA,AWP,WE,Federal Contract Tower,0,0,6,0,6,0,0,100,0,100,0,0,106,0,106,120,0,120,226
06/21/2021,WJF,CA,AWP,WE,Federal Contract Tower,0,1,4,0,5,0,0,45,4,49,0,1,49,4,54,54,0,54,108
06/22/2021,WJF,CA,AWP,WE,Federal Contract Tower,0,1,10,2,13,0,1,34,0,35,0,2,44,2,48,96,0,96,144
06/23/2021,WJF,CA,AWP,WE,Federal Contract Tower,0,1,6,0,7,0,1,39,0,40,0,2,45,0,47,24,0,24,71
06/24/2021,WJF,CA,AWP,WE,Federal Contract Tower,0,4,5,2,11,0,0,48,0,48,0,4,53,2,59,44,4,48,107
06/25/2021,WJF,CA,AWP,WE,Federal Contract Tower,0,1,6,0,7,0,1,77,0,78,0,2,83,0,85,60,0,60,145
06/26/2021,WJF,CA,AWP,WE,Federal Contract Tower,0,0,1,0,1,0,0,118,0,118,0,0,119,0,119,90,0,90,209
06/27/2021,WJF,CA,AWP,WE,Federal Contract Tower,0,0,3,0,3,0,0,105,0,105,0,0,108,0,108,42,0,42,150
06/28/2021,WJF,CA,AWP,WE,Federal Contract Tower,0,0,2,2,4,0,0,44,0,44,0,0,46,2,48,32,0,32,80
06/29/2021,WJF,CA,AWP,WE,Federal Contract Tower,0,2,6,0,8,0,0,49,0,49,0,2,55,0,57,60,0,60,117
06/30/2021,WJF,CA,AWP,WE,Federal Contract Tower,0,7,10,0,17,0,1,96,0,97,0,8,106,0,114,72,0,72,186
07/01/2021,WJF,CA,AWP,WE,Federal Contract Tower,0,1,8,6,15,0,1,68,0,69,0,2,76,6,84,68,0,68,152
07/02/2021,WJF,CA,AWP,WE,Federal Contract Tower,0,1,3,0,4,0,1,77,0,78,0,2,80,0,82,40,0,40,122
07/03/2021,WJF,CA,AWP,WE,Federal Contract Tower,0,0,3,0,3,0,0,70,0,70,0,0,73,0,73,70,0,70,143
07/04/2021,WJF,CA,AWP,WE,Federal Contract Tower,0,0,2,0,2,0,0,124,0,124,0,0,126,0,126,26,0,26,152
07/05/2021,WJF,CA,AWP,WE,Federal Contract Tower,0,0,7,0,7,0,0,40,0,40,0,0,47,0,47,66,0,66,113
07/06/2021,WJF,CA,AWP,WE,Federal Contract Tower,0,1,1,8,10,0,1,58,0,59,0,2,59,8,69,68,0,68,137
07/07/2021,WJF,CA,AWP,WE,Federal Contract Tower,0,1,2,2,5,0,1,55,0,56,0,2,57,2,61,80,0,80,141
07/08/2021,WJF,CA,AWP,WE,Federal Contract Tower,0,3,0,0,3,0,1,54,0,55,0,4,54,0,58,66,0,66,124
07/09/2021,WJF,CA,AWP,WE,Federal Contract Tower,0,0,5,0,5,0,1,53,0,54,0,1,58,0,59,66,0,66,125
07/10/2021,WJF,CA,AWP,WE,Federal Contract Tower,0,0,1,0,1,0,0,61,0,61,0,0,62,0,62,114,0,114,176
07/11/2021,WJF,CA,AWP,WE,Federal Contract Tower,0,0,0,0,0,0,0,23,0,23,0,0,23,0,23,10,0,10,33
07/12/2021,WJF,CA,AWP,WE,Federal Contract Tower,0,1,1,0,2,0,1,21,0,22,0,2,22,0,24,18,0,18,42
07/13/2021,WJF,CA,AWP,WE,Federal Contract Tower,0,1,3,0,4,0,1,34,0,35,0,2,37,0,39,56,0,56,95
07/14/2021,WJF,CA,AWP,WE,Federal Contract Tower,0,1,10,0,11,0,1,35,0,36,0,2,45,0,47,26,0,26,73
07/15/2021,WJF,CA,AWP,WE,Federal Contract Tower,0,1,7,0,8,0,1,67,0,68,0,2,74,0,76,62,0,62,138
07/16/2021,WJF,CA,AWP,WE,Federal Contract Tower,0,1,2,2,5,0,1,58,0,59,0,2,60,2,64,64,0,64,128
07/17/2021,WJF,CA,AWP,WE,Federal Contract Tower,0,0,7,0,7,0,0,63,0,63,0,0,70,0,70,34,0,34,104
07/18/2021,WJF,CA,AWP,WE,Federal Contract Tower,0,0,2,0,2,0,0,44,0,44,0,0,46,0,46,72,0,72,118
07/19/2021,WJF,CA,AWP,WE,Federal Contract Tower,0,1,1,2,4,0,1,37,0,38,0,2,38,2,42,74,0,74,116
07/20/2021,WJF,CA,AWP,WE,Federal Contract Tower,0,3,7,0,10,0,1,106,0,107,0,4,113,0,117,82,0,82,199
07/21/2021,WJF,CA,AWP,WE,Federal Contract Tower,0,1,19,0,20,0,1,68,2,71,0,2,87,2,91,78,0,78,169
07/22/2021,WJF,CA,AWP,WE,Federal Contract Tower,0,1,3,0,4,0,1,89,0,90,0,2,92,0,94,66,14,80,174
07/23/2021,WJF,CA,AWP,WE,Federal Contract Tower,0,1,3,0,4,0,1,77,0,78,0,2,80,0,82,72,0,72,154
07/24/2021,WJF,CA,AWP,WE,Federal Contract Tower,0,0,2,0,2,0,0,83,0,83,0,0,85,0,85,76,0,76,161
07/25/2021,WJF,CA,AWP,WE,Federal Contract Tower,0,0,6,0,6,0,0,57,0,57,0,0,63,0,63,64,0,64,127
07/26/2021,WJF,CA,AWP,WE,Federal Contract Tower,0,4,1,2,7,0,0,31,0,31,0,4,32,2,38,42,10,52,90
07/27/2021,WJF,CA,AWP,WE,Federal Contract Tower,0,1,2,0,3,0,1,44,0,45,0,2,46,0,48,60,0,60,108
07/28/2021,WJF,CA,AWP,WE,Federal Contract Tower,0,1,0,0,1,0,1,55,0,56,0,2,55,0,57,74,0,74,131
07/29/2021,WJF,CA,AWP,WE,Federal Contract Tower,0,1,8,4,13,0,1,52,0,53,0,2,60,4,66,88,0,88,154
07/30/2021,WJF,CA,AWP,WE,Federal Contract Tower,0,2,7,5,14,0,1,84,1,86,0,3,91,6,100,66,10,76,176
07/31/2021,WJF,CA,AWP,WE,Federal Contract Tower,0,0,5,0,5,0,0,105,0,105,0,0,110,0,110,90,0,90,200
08/01/2021,WJF,CA,AWP,WE,Federal Contract Tower,0,0,0,0,0,0,0,57,0,57,0,0,57,0,57,80,0,80,137
08/02/2021,WJF,CA,AWP,WE,Federal Contract Tower,0,2,0,2,4,0,0,57,0,57,0,2,57,2,61,20,4,24,85
08/03/2021,WJF,CA,AWP,WE,Federal Contract Tower,0,1,1,0,2,0,1,54,0,55,0,2,55,0,57,38,0,38,95
08/04/2021,WJF,CA,AWP,WE,Federal Contract Tower,0,1,12,0,13,0,1,58,2,61,0,2,70,2,74,30,0,30,104
08/05/2021,WJF,CA,AWP,WE,Federal Contract Tower,0,1,7,8,16,0,1,47,0,48,0,2,54,8,64,36,0,36,100
08/06/2021,WJF,CA,AWP,WE,Federal Contract Tower,0,1,7,0,8,0,1,56,0,57,0,2,63,0,65,80,0,80,145
08/07/2021,WJF,CA,AWP,WE,Federal Contract Tower,0,0,6,0,6,0,0,67,0,67,0,0,73,0,73,114,0,114,187
08/08/2021,WJF,CA,AWP,WE,Federal Contract Tower,0,0,4,0,4,0,0,53,0,53,0,0,57,0,57,80,0,80,137
08/09/2021,WJF,CA,AWP,WE,Federal Contract Tower,0,1,10,2,13,0,1,33,2,36,0,2,43,4,49,44,4,48,97
08/10/2021,WJF,CA,AWP,WE,Federal Contract Tower,0,2,7,5,14,0,1,37,2,40,0,3,44,7,54,62,10,72,126
08/11/2021,WJF,CA,AWP,WE,Federal Contract Tower,0,1,4,0,5,0,1,48,3,52,0,2,52,3,57,64,0,64,121
08/12/2021,WJF,CA,AWP,WE,Federal Contract Tower,0,1,6,1,8,0,1,52,5,58,0,2,58,6,66,22,8,30,96
08/13/2021,WJF,CA,AWP,WE,Federal Contract Tower,0,1,7,4,12,0,1,52,0,53,0,2,59,4,65,66,0,66,131
08/14/2021,WJF,CA,AWP,WE,Federal Contract Tower,0,0,3,0,3,0,0,79,0,79,0,0,82,0,82,116,0,116,198
08/15/2021,WJF,CA,AWP,WE,Federal Contract Tower,0,0,4,0,4,0,0,46,0,46,0,0,50,0,50,58,0,58,108
08/16/2021,WJF,CA,AWP,WE,Federal Contract Tower,0,1,1,0,2,0,1,19,0,20,0,2,20,0,22,36,0,36,58
08/17/2021,WJF,CA,AWP,WE,Federal Contract Tower,0,1,6,2,9,0,1,25,2,28,0,2,31,4,37,0,2,2,39
08/18/2021,WJF,CA,AWP,WE,Federal Contract Tower,0,1,2,1,4,0,1,11,1,13,0,2,13,2,17,6,4,10,27
08/19/2021,WJF,CA,AWP,WE,Federal Contract Tower,0,1,7,0,8,0,1,55,0,56,0,2,62,0,64,76,0,76,140
08/20/2021,WJF,CA,AWP,WE,Federal Contract Tower,0,1,20,4,25,0,2,87,0,89,0,3,107,4,114,198,0,198,312
08/21/2021,WJF,CA,AWP,WE,Federal Contract Tower,0,0,6,0,6,0,0,64,0,64,0,0,70,0,70,52,0,52,122
08/22/2021,WJF,CA,AWP,WE,Federal Contract Tower,0,0,2,0,2,0,0,55,0,55,0,0,57,0,57,84,0,84,141
08/23/2021,WJF,CA,AWP,WE,Federal Contract Tower,0,1,4,4,9,0,1,50,0,51,0,2,54,4,60,52,4,56,116
08/24/2021,WJF,CA,AWP,WE,Federal Contract Tower,0,1,9,0,10,0,1,39,0,40,0,2,48,0,50,52,0,52,102
08/25/2021,WJF,CA,AWP,WE,Federal Contract Tower,0,1,3,0,4,0,1,65,0,66,0,2,68,0,70,88,0,88,158
08/26/2021,WJF,CA,AWP,WE,Federal Contract Tower,0,1,0,0,1,0,1,52,0,53,0,2,52,0,54,58,0,58,112
08/27/2021,WJF,CA,AWP,WE,Federal Contract Tower,0,1,5,2,8,0,1,79,0,80,0,2,84,2,88,62,0,62,150
08/28/2021,WJF,CA,AWP,WE,Federal Contract Tower,0,1,6,0,7,0,0,68,0,68,0,1,74,0,75,128,0,128,203
08/29/2021,WJF,CA,AWP,WE,Federal Contract Tower,0,0,7,0,7,0,0,82,0,82,0,0,89,0,89,81,1,82,171
08/30/2021,WJF,CA,AWP,WE,Federal Contract Tower,0,1,3,1,5,0,1,46,0,47,0,2,49,1,52,28,0,28,80
08/31/2021,WJF,CA,AWP,WE,Federal Contract Tower,0,1,5,0,6,0,1,32,0,33,0,2,37,0,39,60,0,60,99
09/01/2021,WJF,CA,AWP,WE,Federal Contract Tower,0,3,2,0,5,0,1,36,0,37,0,4,38,0,42,32,0,32,74
09/02/2021,WJF,CA,AWP,WE,Federal Contract Tower,0,1,5,0,6,0,1,44,0,45,0,2,49,0,51,18,0,18,69
09/03/2021,WJF,CA,AWP,WE,Federal Contract Tower,0,1,4,0,5,0,1,62,0,63,0,2,66,0,68,64,0,64,132
09/04/2021,WJF,CA,AWP,WE,Federal Contract Tower,0,0,8,0,8,0,0,73,0,73,0,0,81,0,81,30,0,30,111
09/05/2021,WJF,CA,AWP,WE,Federal Contract Tower,0,0,0,0,0,0,2,61,0,63,0,2,61,0,63,68,0,68,131
09/06/2021,WJF,CA,AWP,WE,Federal Contract Tower,0,0,6,0,6,0,0,54,0,54,0,0,60,0,60,110,0,110,170
09/07/2021,WJF,CA,AWP,WE,Federal Contract Tower,0,1,3,2,6,0,1,24,2,27,0,2,27,4,33,30,0,30,63
09/08/2021,WJF,CA,AWP,WE,Federal Contract Tower,0,4,10,6,20,0,1,41,2,44,0,5,51,8,64,60,0,60,124
09/09/2021,WJF,CA,AWP,WE,Federal Contract Tower,0,0,2,8,10,0,0,59,0,59,0,0,61,8,69,90,0,90,159
09/10/2021,WJF,CA,AWP,WE,Federal Contract Tower,0,1,2,4,7,0,1,47,1,49,0,2,49,5,56,72,0,72,128
09/11/2021,WJF,CA,AWP,WE,Federal Contract Tower,0,1,7,8,16,0,0,98,0,98,0,1,105,8,114,120,0,120,234
09/12/2021,WJF,CA,AWP,WE,Federal Contract Tower,0,0,3,6,9,0,1,48,0,49,0,1,51,6,58,84,0,84,142
09/13/2021,WJF,CA,AWP,WE,Federal Contract Tower,0,1,8,0,9,0,1,32,0,33,0,2,40,0,42,30,0,30,72
09/14/2021,WJF,CA,AWP,WE,Federal Contract Tower,0,1,2,0,3,0,1,40,2,43,0,2,42,2,46,62,0,62,108
09/15/2021,WJF,CA,AWP,WE,Federal Contract Tower,0,3,9,4,16,0,1,50,0,51,0,4,59,4,67,102,0,102,169
09/16/2021,WJF,CA,AWP,WE,Federal Contract Tower,0,0,12,0,12,0,1,69,0,70,0,1,81,0,82,134,0,134,216
09/17/2021,WJF,CA,AWP,WE,Federal Contract Tower,0,1,17,0,18,0,1,142,2,145,0,2,159,2,163,62,2,64,227
09/18/2021,WJF,CA,AWP,WE,Federal Contract Tower,0,0,3,0,3,0,0,65,0,65,0,0,68,0,68,73,0,73,141
09/19/2021,WJF,CA,AWP,WE,Federal Contract Tower,0,0,3,0,3,0,0,29,0,29,0,0,32,0,32,22,0,22,54
09/20/2021,WJF,CA,AWP,WE,Federal Contract Tower,0,0,1,0,1,0,2,37,0,39,0,2,38,0,40,54,0,54,94
09/21/2021,WJF,CA,AWP,WE,Federal Contract Tower,0,3,7,2,12,0,1,61,0,62,0,4,68,2,74,50,0,50,124
09/22/2021,WJF,CA,AWP,WE,Federal Contract Tower,0,1,13,0,14,0,1,76,0,77,0,2,89,0,91,52,0,52,143
09/23/2021,WJF,CA,AWP,WE,Federal Contract Tower,0,2,14,0,16,0,0,46,0,46,0,2,60,0,62,68,0,68,130
09/24/2021,WJF,CA,AWP,WE,Federal Contract Tower,0,1,5,0,6,0,1,66,0,67,0,2,71,0,73,94,0,94,167
09/25/2021,WJF,CA,AWP,WE,Federal Contract Tower,0,0,9,0,9,0,0,76,0,76,0,0,85,0,85,88,0,88,173
09/26/2021,WJF,CA,AWP,WE,Federal Contract Tower,0,0,6,0,6,0,0,51,0,51,0,0,57,0,57,50,0,50,107
09/27/2021,WJF,CA,AWP,WE,Federal Contract Tower,0,0,15,0,15,0,1,26,0,27,0,1,41,0,42,14,0,14,56
09/28/2021,WJF,CA,AWP,WE,Federal Contract Tower,0,1,3,0,4,0,1,17,0,18,0,2,20,0,22,0,0,0,22
09/29/2021,WJF,CA,AWP,WE,Federal Contract Tower,0,1,10,0,11,0,2,81,5,88,0,3,91,5,99,110,42,152,251
09/30/2021,WJF,CA,AWP,WE,Federal Contract Tower,0,1,2,2,5,0,1,83,0,84,0,2,85,2,89,122,0,122,211
10/01/2021,WJF,CA,AWP,WE,Federal Contract Tower,0,1,2,2,5,0,1,90,0,91,0,2,92,2,96,92,0,92,188
10/02/2021,WJF,CA,AWP,WE,Federal Contract Tower,0,0,8,0,8,0,0,100,0,100,0,0,108,0,108,118,0,118,226
10/03/2021,WJF,CA,AWP,WE,Federal Contract Tower,0,0,1,0,1,0,0,43,0,43,0,0,44,0,44,60,0,60,104
10/04/2021,WJF,CA,AWP,WE,Federal Contract Tower,0,1,5,2,8,0,1,53,2,56,0,2,58,4,64,40,0,40,104
10/05/2021,WJF,CA,AWP,WE,Federal Contract Tower,0,1,10,0,11,0,1,53,0,54,0,2,63,0,65,100,0,100,165
10/06/2021,WJF,CA,AWP,WE,Federal Contract Tower,0,1,19,2,22,0,1,72,0,73,0,2,91,2,95,78,0,78,173
10/07/2021,WJF,CA,AWP,WE,Federal Contract Tower,0,1,10,4,15,0,1,41,0,42,0,2,51,4,57,46,0,46,103
10/08/2021,WJF,CA,AWP,WE,Federal Contract Tower,0,2,4,0,6,0,0,54,0,54,0,2,58,0,60,62,0,62,122
10/09/2021,WJF,CA,AWP,WE,Federal Contract Tower,0,1,7,0,8,0,0,81,0,81,0,1,88,0,89,84,0,84,173
10/10/2021,WJF,CA,AWP,WE,Federal Contract Tower,0,1,5,0,6,0,0,80,0,80,0,1,85,0,86,104,0,104,190
10/11/2021,WJF,CA,AWP,WE,Federal Contract Tower,0,0,0,0,0,0,0,2,0,2,0,0,2,0,2,0,0,0,2
10/12/2021,WJF,CA,AWP,WE,Federal Contract Tower,0,3,2,0,5,0,1,61,0,62,0,4,63,0,67,18,0,18,85
10/13/2021,WJF,CA,AWP,WE,Federal Contract Tower,0,1,4,0,5,0,1,97,0,98,0,2,101,0,103,96,0,96,199
10/14/2021,WJF,CA,AWP,WE,Federal Contract Tower,0,1,3,0,4,0,1,107,0,108,0,2,110,0,112,68,0,68,180
10/15/2021,WJF,CA,AWP,WE,Federal Contract Tower,0,1,3,0,4,0,1,96,0,97,0,2,99,0,101,106,0,106,207
10/16/2021,WJF,CA,AWP,WE,Federal Contract Tower,0,0,3,0,3,0,0,107,0,107,0,0,110,0,110,112,0,112,222
10/17/2021,WJF,CA,AWP,WE,Federal Contract Tower,0,0,5,0,5,0,0,55,0,55,0,0,60,0,60,54,0,54,114
10/18/2021,WJF,CA,AWP,WE,Federal Contract Tower,0,2,2,0,4,0,0,13,0,13,0,2,15,0,17,0,0,0,17
10/19/2021,WJF,CA,AWP,WE,Federal Contract Tower,0,1,2,0,3,0,9,56,0,65,0,10,58,0,68,174,0,174,242
10/20/2021,WJF,CA,AWP,WE,Federal Contract Tower,0,1,13,0,14,0,1,89,0,90,0,2,102,0,104,156,0,156,260
10/21/2021,WJF,CA,AWP,WE,Federal Contract Tower,0,0,3,0,3,0,1,68,0,69,0,1,71,0,72,66,0,66,138
10/22/2021,WJF,CA,AWP,WE,Federal Contract Tower,0,1,4,0,5,0,1,71,0,72,0,2,75,0,77,152,0,152,229
10/23/2021,WJF,CA,AWP,WE,Federal Contract Tower,0,0,6,0,6,0,0,21,0,21,0,0,27,0,27,38,0,38,65
10/24/2021,WJF,CA,AWP,WE,Federal Contract Tower,0,0,8,0,8,0,0,20,0,20,0,0,28,0,28,66,0,66,94
10/25/2021,WJF,CA,AWP,WE,Federal Contract Tower,0,0,2,2,4,0,0,7,0,7,0,0,9,2,11,0,0,0,11
10/26/2021,WJF,CA,AWP,WE,Federal Contract Tower,0,1,6,0,7,0,3,78,2,83,0,4,84,2,90,72,4,76,166
10/27/2021,WJF,CA,AWP,WE,Federal Contract Tower,0,0,2,0,2,0,0,77,2,79,0,0,79,2,81,142,0,142,223
10/28/2021,WJF,CA,AWP,WE,Federal Contract Tower,0,1,7,6,14,0,1,50,0,51,0,2,57,6,65,74,0,74,139
10/29/2021,WJF,CA,AWP,WE,Federal Contract Tower,0,0,10,0,10,0,1,81,0,82,0,1,91,0,92,152,0,152,244
10/30/2021,WJF,CA,AWP,WE,Federal Contract Tower,0,0,5,0,5,0,0,86,0,86,0,0,91,0,91,96,0,96,187
10/31/2021,WJF,CA,AWP,WE,Federal Contract Tower,0,0,11,0,11,0,0,46,0,46,0,0,57,0,57,48,0,48,105
11/01/2021,WJF,CA,AWP,WE,Federal Contract Tower,0,1,10,5,16,0,1,21,1,23,0,2,31,6,39,54,6,60,99
11/02/2021,WJF,CA,AWP,WE,Federal Contract Tower,0,3,6,6,15,0,1,63,0,64,0,4,69,6,79,98,0,98,177
11/03/2021,WJF,CA,AWP,WE,Federal Contract Tower,0,1,1,5,7,0,1,78,0,79,0,2,79,5,86,76,0,76,162
11/04/2021,WJF,CA,AWP,WE,Federal Contract Tower,0,2,14,0,16,0,1,61,0,62,0,3,75,0,78,8,30,38,116
11/05/2021,WJF,CA,AWP,WE,Federal Contract Tower,0,1,18,0,19,0,1,108,0,109,0,2,126,0,128,111,0,111,239
11/06/2021,WJF,CA,AWP,WE,Federal Contract Tower,0,1,4,0,5,0,0,70,0,70,0,1,74,0,75,136,0,136,211
11/07/2021,WJF,CA,AWP,WE,Federal Contract Tower,0,0,0,0,0,0,0,46,0,46,0,0,46,0,46,18,0,18,64
11/08/2021,WJF,CA,AWP,WE,Federal Contract Tower,0,1,4,0,5,0,1,27,0,28,0,2,31,0,33,6,0,6,39
11/09/2021,WJF,CA,AWP,WE,Federal Contract Tower,0,2,8,0,10,0,0,24,0,24,0,2,32,0,34,12,0,12,46
11/10/2021,WJF,CA,AWP,WE,Federal Contract Tower,0,3,4,0,7,0,1,48,0,49,0,4,52,0,56,82,0,82,138
11/11/2021,WJF,CA,AWP,WE,Federal Contract Tower,0,1,5,0,6,0,1,57,0,58,0,2,62,0,64,70,0,70,134
11/12/2021,WJF,CA,AWP,WE,Federal Contract Tower,0,1,2,0,3,0,1,84,0,85,0,2,86,0,88,58,0,58,146
11/13/2021,WJF,CA,AWP,WE,Federal Contract Tower,0,0,9,0,9,0,0,76,0,76,0,0,85,0,85,142,0,142,227
11/14/2021,WJF,CA,AWP,WE,Federal Contract Tower,0,0,4,0,4,0,0,73,0,73,0,0,77,0,77,152,0,152,229
11/15/2021,WJF,CA,AWP,WE,Federal Contract Tower,0,1,15,1,17,0,1,42,1,44,0,2,57,2,61,66,0,66,127
11/16/2021,WJF,CA,AWP,WE,Federal Contract Tower,0,1,3,2,6,0,1,56,0,57,0,2,59,2,63,68,0,68,131
11/17/2021,WJF,CA,AWP,WE,Federal Contract Tower,0,3,12,4,19,0,1,73,0,74,0,4,85,4,93,74,0,74,167
11/18/2021,WJF,CA,AWP,WE,Federal Contract Tower,0,1,6,2,9,0,1,64,0,65,0,2,70,2,74,46,0,46,120
11/19/2021,WJF,CA,AWP,WE,Federal Contract Tower,0,0,19,2,21,0,1,59,0,60,0,1,78,2,81,76,6,82,163
11/20/2021,WJF,CA,AWP,WE,Federal Contract Tower,0,0,2,0,2,0,0,77,0,77,0,0,79,0,79,94,0,94,173
11/21/2021,WJF,CA,AWP,WE,Federal Contract Tower,0,0,4,0,4,0,0,36,0,36,0,0,40,0,40,20,0,20,60
11/22/2021,WJF,CA,AWP,WE,Federal Contract Tower,0,1,7,0,8,0,1,35,0,36,0,2,42,0,44,46,0,46,90
11/23/2021,WJF,CA,AWP,WE,Federal Contract Tower,0,1,2,0,3,0,1,59,0,60,0,2,61,0,63,56,0,56,119
11/24/2021,WJF,CA,AWP,WE,Federal Contract Tower,0,1,5,0,6,0,2,53,0,55,0,3,58,0,61,74,0,74,135
11/25/2021,WJF,CA,AWP,WE,Federal Contract Tower,0,0,3,0,3,0,0,21,0,21,0,0,24,0,24,38,0,38,62
11/26/2021,WJF,CA,AWP,WE,Federal Contract Tower,0,1,1,0,2,0,0,51,0,51,0,1,52,0,53,72,0,72,125
11/27/2021,WJF,CA,AWP,WE,Federal Contract Tower,0,0,0,0,0,0,0,72,0,72,0,0,72,0,72,90,0,90,162
11/28/2021,WJF,CA,AWP,WE,Federal Contract Tower,0,0,6,0,6,0,0,90,0,90,0,0,96,0,96,62,0,62,158
11/29/2021,WJF,CA,AWP,WE,Federal Contract Tower,0,1,3,0,4,0,1,46,0,47,0,2,49,0,51,56,0,56,107
11/30/2021,WJF,CA,AWP,WE,Federal Contract Tower,0,1,8,0,9,0,1,69,0,70,0,2,77,0,79,64,0,64,143
12/01/2021,WJF,CA,AWP,WE,Federal Contract Tower,0,1,1,0,2,0,1,45,0,46,0,2,46,0,48,36,0,36,84
12/02/2021,WJF,CA,AWP,WE,Federal Contract Tower,0,1,4,0,5,0,1,41,0,42,0,2,45,0,47,50,0,50,97
12/03/2021,WJF,CA,AWP,WE,Federal Contract Tower,0,1,10,0,11,0,1,86,0,87,0,2,96,0,98,44,0,44,142
12/04/2021,WJF,CA,AWP,WE,Federal Contract Tower,0,0,12,0,12,0,0,151,0,151,0,0,163,0,163,160,0,160,323
12/05/2021,WJF,CA,AWP,WE,Federal Contract Tower,0,0,8,0,8,0,0,60,0,60,0,0,68,0,68,62,0,62,130
12/06/2021,WJF,CA,AWP,WE,Federal Contract Tower,0,1,1,0,2,0,1,31,0,32,0,2,32,0,34,48,0,48,82
12/07/2021,WJF,CA,AWP,WE,Federal Contract Tower,0,2,21,0,23,0,1,38,0,39,0,3,59,0,62,48,0,48,110
12/08/2021,WJF,CA,AWP,WE,Federal Contract Tower,0,1,11,0,12,0,1,63,0,64,0,2,74,0,76,100,0,100,176
12/09/2021,WJF,CA,AWP,WE,Federal Contract Tower,0,1,2,0,3,0,0,1,0,1,0,1,3,0,4,0,0,0,4
12/10/2021,WJF,CA,AWP,WE,Federal Contract Tower,0,1,5,2,8,0,1,97,0,98,0,2,102,2,106,184,2,186,292
12/11/2021,WJF,CA,AWP,WE,Federal Contract Tower,0,0,7,0,7,0,0,112,0,112,0,0,119,0,119,152,0,152,271
12/12/2021,WJF,CA,AWP,WE,Federal Contract Tower,0,1,3,0,4,0,0,78,0,78,0,1,81,0,82,62,0,62,144
12/13/2021,WJF,CA,AWP,WE,Federal Contract Tower,0,1,0,0,1,0,1,20,0,21,0,2,20,0,22,4,0,4,26
12/14/2021,WJF,CA,AWP,WE,Federal Contract Tower,0,1,0,0,1,0,0,0,0,0,0,1,0,0,1,0,0,0,1
12/15/2021,WJF,CA,AWP,WE,Federal Contract Tower,0,3,6,0,9,0,2,87,0,89,0,5,93,0,98,102,0,102,200
12/16/2021,WJF,CA,AWP,WE,Federal Contract Tower,0,5,0,0,5,0,1,38,0,39,0,6,38,0,44,76,0,76,120
12/17/2021,WJF,CA,AWP,WE,Federal Contract Tower,0,1,3,11,15,0,1,66,2,69,0,2,69,13,84,104,8,112,196
12/18/2021,WJF,CA,AWP,WE,Federal Contract Tower,0,0,10,0,10,0,0,81,0,81,0,0,91,0,91,116,0,116,207
12/19/2021,WJF,CA,AWP,WE,Federal Contract Tower,0,0,5,0,5,0,0,78,0,78,0,0,83,0,83,130,0,130,213
12/20/2021,WJF,CA,AWP,WE,Federal Contract Tower,0,1,12,0,13,0,1,53,2,56,0,2,65,2,69,42,0,42,111
12/21/2021,WJF,CA,AWP,WE,Federal Contract Tower,0,3,1,0,4,0,1,67,0,68,0,4,68,0,72,116,0,116,188
12/22/2021,WJF,CA,AWP,WE,Federal Contract Tower,0,1,2,2,5,0,1,31,2,34,0,2,33,4,39,28,24,52,91
12/23/2021,WJF,CA,AWP,WE,Federal Contract Tower,0,2,1,0,3,0,0,2,0,2,0,2,3,0,5,36,0,36,41
12/24/2021,WJF,CA,AWP,WE,Federal Contract Tower,0,2,0,0,2,0,0,13,0,13,0,2,13,0,15,46,0,46,61
12/25/2021,WJF,CA,AWP,WE,Federal Contract Tower,0,0,1,0,1,0,0,5,0,5,0,0,6,0,6,24,0,24,30
12/26/2021,WJF,CA,AWP,WE,Federal Contract Tower,0,0,1,0,1,0,0,12,0,12,0,0,13,0,13,4,0,4,17
12/27/2021,WJF,CA,AWP,WE,Federal Contract Tower,0,1,2,0,3,0,1,2,0,3,0,2,4,0,6,0,0,0,6
12/28/2021,WJF,CA,AWP,WE,Federal Contract Tower,0,1,1,0,2,0,1,10,0,11,0,2,11,0,13,12,0,12,25
12/29/2021,WJF,CA,AWP,WE,Federal Contract Tower,0,2,0,0,2,0,0,8,0,8,0,2,8,0,10,38,0,38,48
12/30/2021,WJF,CA,AWP,WE,Federal Contract Tower,0,0,0,0,0,0,0,0,0,0,0,0,0,0,0,0,0,0,0
12/31/2021,WJF,CA,AWP,WE,Federal Contract Tower,0,0,2,0,2,0,0,2,0,2,0,0,4,0,4,0,0,0,4
01/01/2022,WJF,CA,AWP,WE,Federal Contract Tower,0,0,6,0,6,0,0,62,0,62,0,0,68,0,68,56,0,56,124
01/02/2022,WJF,CA,AWP,WE,Federal Contract Tower,0,0,1,0,1,0,0,69,0,69,0,0,70,0,70,88,0,88,158
01/03/2022,WJF,CA,AWP,WE,Federal Contract Tower,0,1,4,0,5,0,1,53,0,54,0,2,57,0,59,104,0,104,163
01/04/2022,WJF,CA,AWP,WE,Federal Contract Tower,0,1,6,0,7,0,1,19,0,20,0,2,25,0,27,16,6,22,49
01/05/2022,WJF,CA,AWP,WE,Federal Contract Tower,0,1,2,2,5,0,1,52,0,53,0,2,54,2,58,60,0,60,118
01/06/2022,WJF,CA,AWP,WE,Federal Contract Tower,0,1,6,2,9,0,1,57,2,60,0,2,63,4,69,46,8,54,123
01/07/2022,WJF,CA,AWP,WE,Federal Contract Tower,0,3,10,0,13,0,1,56,0,57,0,4,66,0,70,94,0,94,164
01/08/2022,WJF,CA,AWP,WE,Federal Contract Tower,0,0,3,0,3,0,0,89,0,89,0,0,92,0,92,88,0,88,180
01/09/2022,WJF,CA,AWP,WE,Federal Contract Tower,0,0,2,0,2,0,0,89,0,89,0,0,91,0,91,62,0,62,153
01/10/2022,WJF,CA,AWP,WE,Federal Contract Tower,0,1,0,4,5,0,1,22,0,23,0,2,22,4,28,6,2,8,36
01/11/2022,WJF,CA,AWP,WE,Federal Contract Tower,0,1,3,14,18,0,1,40,2,43,0,2,43,16,61,102,0,102,163
01/12/2022,WJF,CA,AWP,WE,Federal Contract Tower,0,1,2,12,15,0,1,66,2,69,0,2,68,14,84,74,0,74,158
01/13/2022,WJF,CA,AWP,WE,Federal Contract Tower,0,1,3,7,11,0,1,45,3,49,0,2,48,10,60,76,0,76,136
01/14/2022,WJF,CA,AWP,WE,Federal Contract Tower,0,1,3,0,4,0,1,70,0,71,0,2,73,0,75,80,0,80,155
01/15/2022,WJF,CA,AWP,WE,Federal Contract Tower,0,0,2,0,2,0,0,49,0,49,0,0,51,0,51,148,0,148,199
01/16/2022,WJF,CA,AWP,WE,Federal Contract Tower,0,0,9,0,9,0,0,45,0,45,0,0,54,0,54,88,0,88,142
01/17/2022,WJF,CA,AWP,WE,Federal Contract Tower,0,1,7,0,8,0,1,28,0,29,0,2,35,0,37,48,0,48,85
01/18/2022,WJF,CA,AWP,WE,Federal Contract Tower,0,1,4,2,7,0,1,48,3,52,0,2,52,5,59,32,0,32,91
01/19/2022,WJF,CA,AWP,WE,Federal Contract Tower,0,1,3,5,9,0,1,50,4,55,0,2,53,9,64,70,0,70,134
01/20/2022,WJF,CA,AWP,WE,Federal Contract Tower,0,1,11,2,14,0,1,79,0,80,0,2,90,2,94,112,0,112,206
01/21/2022,WJF,CA,AWP,WE,Federal Contract Tower,0,1,1,0,2,0,1,39,0,40,0,2,40,0,42,72,0,72,114
01/22/2022,WJF,CA,AWP,WE,Federal Contract Tower,0,0,5,0,5,0,0,37,0,37,0,0,42,0,42,22,0,22,64
01/23/2022,WJF,CA,AWP,WE,Federal Contract Tower,0,0,5,0,5,0,0,115,0,115,0,0,120,0,120,64,0,64,184
01/24/2022,WJF,CA,AWP,WE,Federal Contract Tower,0,1,0,0,1,0,1,102,0,103,0,2,102,0,104,38,0,38,142
01/25/2022,WJF,CA,AWP,WE,Federal Contract Tower,0,1,5,7,13,0,1,70,1,72,0,2,75,8,85,100,10,110,195
01/26/2022,WJF,CA,AWP,WE,Federal Contract Tower,0,1,4,5,10,0,1,98,3,102,0,2,102,8,112,148,14,162,274
01/27/2022,WJF,CA,AWP,WE,Federal Contract Tower,0,1,9,12,22,0,1,69,2,72,0,2,78,14,94,44,6,50,144
01/28/2022,WJF,CA,AWP,WE,Federal Contract Tower,0,1,0,0,1,0,1,47,4,52,0,2,47,4,53,122,2,124,177
01/29/2022,WJF,CA,AWP,WE,Federal Contract Tower,0,0,1,0,1,0,0,60,0,60,0,0,61,0,61,88,0,88,149
01/30/2022,WJF,CA,AWP,WE,Federal Contract Tower,0,0,14,0,14,0,0,78,0,78,0,0,92,0,92,136,0,136,228
01/31/2022,WJF,CA,AWP,WE,Federal Contract Tower,0,1,2,0,3,0,1,46,0,47,0,2,48,0,50,98,0,98,148
02/01/2022,WJF,CA,AWP,WE,Federal Contract Tower,0,1,12,0,13,0,1,43,8,52,0,2,55,8,65,30,24,54,119
02/02/2022,WJF,CA,AWP,WE,Federal Contract Tower,0,1,2,0,3,0,1,30,0,31,0,2,32,0,34,24,0,24,58
02/03/2022,WJF,CA,AWP,WE,Federal Contract Tower,0,1,5,9,15,0,1,50,3,54,0,2,55,12,69,52,16,68,137
02/04/2022,WJF,CA,AWP,WE,Federal Contract Tower,0,1,9,0,10,0,1,59,0,60,0,2,68,0,70,84,0,84,154
02/05/2022,WJF,CA,AWP,WE,Federal Contract Tower,0,0,9,0,9,0,0,46,0,46,0,0,55,0,55,44,0,44,99
02/06/2022,WJF,CA,AWP,WE,Federal Contract Tower,0,0,0,0,0,0,0,37,0,37,0,0,37,0,37,52,0,52,89
02/07/2022,WJF,CA,AWP,WE,Federal Contract Tower,0,1,9,8,18,0,1,37,0,38,0,2,46,8,56,64,10,74,130
02/08/2022,WJF,CA,AWP,WE,Federal Contract Tower,0,1,10,13,24,0,1,65,1,67,0,2,75,14,91,56,4,60,151
02/09/2022,WJF,CA,AWP,WE,Federal Contract Tower,0,1,11,16,28,0,1,50,2,53,0,2,61,18,81,66,6,72,153
02/10/2022,WJF,CA,AWP,WE,Federal Contract Tower,0,1,19,0,20,0,1,36,0,37,0,2,55,0,57,54,0,54,111
02/11/2022,WJF,CA,AWP,WE,Federal Contract Tower,0,2,2,0,4,0,1,75,0,76,0,3,77,0,80,118,0,118,198
02/12/2022,WJF,CA,AWP,WE,Federal Contract Tower,0,0,9,0,9,0,0,94,0,94,0,0,103,0,103,124,0,124,227
02/13/2022,WJF,CA,AWP,WE,Federal Contract Tower,0,0,1,0,1,0,0,57,0,57,0,0,58,0,58,166,0,166,224
02/14/2022,WJF,CA,AWP,WE,Federal Contract Tower,0,1,0,0,1,0,1,47,0,48,0,2,47,0,49,36,4,40,89
02/15/2022,WJF,CA,AWP,WE,Federal Contract Tower,0,1,0,0,1,0,0,3,0,3,0,1,3,0,4,2,0,2,6
02/16/2022,WJF,CA,AWP,WE,Federal Contract Tower,0,3,10,0,13,0,1,52,0,53,0,4,62,0,66,8,0,8,74
02/17/2022,WJF,CA,AWP,WE,Federal Contract Tower,0,1,2,2,5,0,1,51,2,54,0,2,53,4,59,16,4,20,79
02/18/2022,WJF,CA,AWP,WE,Federal Contract Tower,0,1,11,0,12,0,1,76,0,77,0,2,87,0,89,108,0,108,197
02/19/2022,WJF,CA,AWP,WE,Federal Contract Tower,0,0,5,0,5,0,0,106,0,106,0,0,111,0,111,72,0,72,183
02/20/2022,WJF,CA,AWP,WE,Federal Contract Tower,0,1,1,0,2,0,0,60,0,60,0,1,61,0,62,110,0,110,172
02/21/2022,WJF,CA,AWP,WE,Federal Contract Tower,0,1,2,0,3,0,1,13,0,14,0,2,15,0,17,0,0,0,17
02/22/2022,WJF,CA,AWP,WE,Federal Contract Tower,0,2,0,2,4,0,0,7,0,7,0,2,7,2,11,0,0,0,11
02/23/2022,WJF,CA,AWP,WE,Federal Contract Tower,0,2,5,0,7,0,1,26,0,27,0,3,31,0,34,28,0,28,62
02/24/2022,WJF,CA,AWP,WE,Federal Contract Tower,0,2,2,3,7,0,1,60,1,62,0,3,62,4,69,0,94,94,163
02/25/2022,WJF,CA,AWP,WE,Federal Contract Tower,0,1,6,0,7,0,1,72,0,73,0,2,78,0,80,114,0,114,194
02/26/2022,WJF,CA,AWP,WE,Federal Contract Tower,0,0,1,0,1,0,0,82,0,82,0,0,83,0,83,78,0,78,161
02/27/2022,WJF,CA,AWP,WE,Federal Contract Tower,0,0,4,0,4,0,0,52,0,52,0,0,56,0,56,36,0,36,92
02/28/2022,WJF,CA,AWP,WE,Federal Contract Tower,0,1,5,0,6,0,1,49,2,52,0,2,54,2,58,80,2,82,140
03/01/2022,WJF,CA,AWP,WE,Federal Contract Tower,0,1,9,2,12,0,1,73,2,76,0,2,82,4,88,102,16,118,206
03/02/2022,WJF,CA,AWP,WE,Federal Contract Tower,0,1,2,6,9,0,1,85,0,86,0,2,87,6,95,168,0,168,263
03/03/2022,WJF,CA,AWP,WE,Federal Contract Tower,0,1,16,0,17,0,1,60,0,61,0,2,76,0,78,82,0,82,160
03/04/2022,WJF,CA,AWP,WE,Federal Contract Tower,0,2,0,4,6,0,0,12,0,12,0,2,12,4,18,30,0,30,48
03/05/2022,WJF,CA,AWP,WE,Federal Contract Tower,0,0,2,0,2,0,0,24,0,24,0,0,26,0,26,18,0,18,44
03/06/2022,WJF,CA,AWP,WE,Federal Contract Tower,0,0,2,0,2,0,0,68,0,68,0,0,70,0,70,80,0,80,150
03/07/2022,WJF,CA,AWP,WE,Federal Contract Tower,0,1,8,11,20,0,1,43,0,44,0,2,51,11,64,72,14,86,150
03/08/2022,WJF,CA,AWP,WE,Federal Contract Tower,0,1,7,18,26,0,1,65,24,90,0,2,72,42,116,150,0,150,266
03/09/2022,WJF,CA,AWP,WE,Federal Contract Tower,0,2,9,2,13,0,1,28,1,30,0,3,37,3,43,58,0,58,101
03/10/2022,WJF,CA,AWP,WE,Federal Contract Tower,0,1,0,0,1,0,1,21,0,22,0,2,21,0,23,14,0,14,37
03/11/2022,WJF,CA,AWP,WE,Federal Contract Tower,0,2,6,4,12,0,1,105,0,106,0,3,111,4,118,170,0,170,288
03/12/2022,WJF,CA,AWP,WE,Federal Contract Tower,0,0,9,0,9,0,0,107,0,107,0,0,116,0,116,132,0,132,248
03/13/2022,WJF,CA,AWP,WE,Federal Contract Tower,0,0,1,0,1,0,0,10,0,10,0,0,11,0,11,6,0,6,17
03/14/2022,WJF,CA,AWP,WE,Federal Contract Tower,0,1,7,3,11,0,1,70,0,71,0,2,77,3,82,102,0,102,184
03/15/2022,WJF,CA,AWP,WE,Federal Contract Tower,0,1,2,2,5,0,1,64,1,66,0,2,66,3,71,38,0,38,109
03/16/2022,WJF,CA,AWP,WE,Federal Contract Tower,0,1,1,0,2,0,1,31,0,32,0,2,32,0,34,2,0,2,36
03/17/2022,WJF,CA,AWP,WE,Federal Contract Tower,0,3,17,4,24,0,1,64,0,65,0,4,81,4,89,46,0,46,135
03/18/2022,WJF,CA,AWP,WE,Federal Contract Tower,0,0,2,0,2,0,1,91,0,92,0,1,93,0,94,84,0,84,178
03/19/2022,WJF,CA,AWP,WE,Federal Contract Tower,0,0,1,0,1,0,0,42,0,42,0,0,43,0,43,38,0,38,81
03/20/2022,WJF,CA,AWP,WE,Federal Contract Tower,0,0,0,0,0,0,0,6,0,6,0,0,6,0,6,0,0,0,6
03/21/2022,WJF,CA,AWP,WE,Federal Contract Tower,0,1,1,0,2,0,1,44,0,45,0,2,45,0,47,34,0,34,81
03/22/2022,WJF,CA,AWP,WE,Federal Contract Tower,0,2,2,0,4,0,1,81,0,82,0,3,83,0,86,64,0,64,150
03/23/2022,WJF,CA,AWP,WE,Federal Contract Tower,0,1,5,0,6,0,1,71,0,72,0,2,76,0,78,106,0,106,184
03/24/2022,WJF,CA,AWP,WE,Federal Contract Tower,0,1,3,0,4,0,1,62,0,63,0,2,65,0,67,84,6,90,157
03/25/2022,WJF,CA,AWP,WE,Federal Contract Tower,0,0,9,0,9,0,0,117,2,119,0,0,126,2,128,168,2,170,298
03/26/2022,WJF,CA,AWP,WE,Federal Contract Tower,0,0,6,0,6,0,0,156,0,156,0,0,162,0,162,126,0,126,288
03/27/2022,WJF,CA,AWP,WE,Federal Contract Tower,0,0,0,0,0,0,0,100,0,100,0,0,100,0,100,84,0,84,184
03/28/2022,WJF,CA,AWP,WE,Federal Contract Tower,0,2,5,0,7,0,0,7,0,7,0,2,12,0,14,18,0,18,32
03/29/2022,WJF,CA,AWP,WE,Federal Contract Tower,0,1,4,2,7,0,1,32,0,33,0,2,36,2,40,26,4,30,70
03/30/2022,WJF,CA,AWP,WE,Federal Contract Tower,0,1,13,0,14,0,1,60,2,63,0,2,73,2,77,48,0,48,125
03/31/2022,WJF,CA,AWP,WE,Federal Contract Tower,0,1,8,2,11,0,1,53,2,56,0,2,61,4,67,70,6,76,143
04/01/2022,WJF,CA,AWP,WE,Federal Contract Tower,0,1,10,4,15,0,1,97,0,98,0,2,107,4,113,126,0,126,239
04/02/2022,WJF,CA,AWP,WE,Federal Contract Tower,0,0,8,0,8,0,0,70,0,70,0,0,78,0,78,138,0,138,216
04/03/2022,WJF,CA,AWP,WE,Federal Contract Tower,0,0,9,0,9,0,0,43,0,43,0,0,52,0,52,94,0,94,146
04/04/2022,WJF,CA,AWP,WE,Federal Contract Tower,0,1,0,4,5,0,1,22,0,23,0,2,22,4,28,36,0,36,64
04/05/2022,WJF,CA,AWP,WE,Federal Contract Tower,0,1,5,2,8,0,1,11,2,14,0,2,16,4,22,0,0,0,22
04/06/2022,WJF,CA,AWP,WE,Federal Contract Tower,0,1,7,10,18,0,1,49,2,52,0,2,56,12,70,92,6,98,168
04/07/2022,WJF,CA,AWP,WE,Federal Contract Tower,0,1,4,10,15,0,1,46,2,49,0,2,50,12,64,74,2,76,140
04/08/2022,WJF,CA,AWP,WE,Federal Contract Tower,0,1,10,0,11,0,2,82,0,84,0,3,92,0,95,32,0,32,127
04/09/2022,WJF,CA,AWP,WE,Federal Contract Tower,0,0,1,0,1,0,0,35,0,35,0,0,36,0,36,12,0,12,48
04/10/2022,WJF,CA,AWP,WE,Federal Contract Tower,0,0,2,0,2,0,0,50,0,50,0,0,52,0,52,46,0,46,98
04/11/2022,WJF,CA,AWP,WE,Federal Contract Tower,0,1,1,2,4,0,1,8,2,11,0,2,9,4,15,0,0,0,15
04/12/2022,WJF,CA,AWP,WE,Federal Contract Tower,0,1,2,1,4,0,1,14,1,16,0,2,16,2,20,14,6,20,40
04/13/2022,WJF,CA,AWP,WE,Federal Contract Tower,0,1,18,0,19,0,1,40,0,41,0,2,58,0,60,26,0,26,86
04/14/2022,WJF,CA,AWP,WE,Federal Contract Tower,0,0,4,0,4,0,1,42,0,43,0,1,46,0,47,42,0,42,89
04/15/2022,WJF,CA,AWP,WE,Federal Contract Tower,0,2,5,0,7,0,0,66,0,66,0,2,71,0,73,80,0,80,153
04/16/2022,WJF,CA,AWP,WE,Federal Contract Tower,0,0,5,0,5,0,0,27,0,27,0,0,32,0,32,34,0,34,66
04/17/2022,WJF,CA,AWP,WE,Federal Contract Tower,0,5,5,0,10,0,0,54,0,54,0,5,59,0,64,154,0,154,218
04/18/2022,WJF,CA,AWP,WE,Federal Contract Tower,0,0,8,0,8,0,0,50,0,50,0,0,58,0,58,76,0,76,134
04/19/2022,WJF,CA,AWP,WE,Federal Contract Tower,0,2,4,0,6,0,1,26,8,35,0,3,30,8,41,0,26,26,67
04/20/2022,WJF,CA,AWP,WE,Federal Contract Tower,0,0,2,0,2,0,0,46,0,46,0,0,48,0,48,18,0,18,66
04/21/2022,WJF,CA,AWP,WE,Federal Contract Tower,0,0,6,0,6,0,0,34,0,34,0,0,40,0,40,12,0,12,52
04/22/2022,WJF,CA,AWP,WE,Federal Contract Tower,0,0,2,0,2,0,0,14,0,14,0,0,16,0,16,0,0,0,16
04/23/2022,WJF,CA,AWP,WE,Federal Contract Tower,0,0,2,0,2,0,0,91,0,91,0,0,93,0,93,124,0,124,217
04/24/2022,WJF,CA,AWP,WE,Federal Contract Tower,0,0,3,0,3,0,0,70,0,70,0,0,73,0,73,110,0,110,183
04/25/2022,WJF,CA,AWP,WE,Federal Contract Tower,0,1,10,1,12,0,0,49,2,51,0,1,59,3,63,94,0,94,157
04/26/2022,WJF,CA,AWP,WE,Federal Contract Tower,0,0,6,2,8,0,0,39,12,51,0,0,45,14,59,50,0,50,109
04/27/2022,WJF,CA,AWP,WE,Federal Contract Tower,0,0,2,0,2,0,0,35,0,35,0,0,37,0,37,44,0,44,81
04/28/2022,WJF,CA,AWP,WE,Federal Contract Tower,0,1,2,4,7,0,1,18,0,19,0,2,20,4,26,0,0,0,26
04/29/2022,WJF,CA,AWP,WE,Federal Contract Tower,0,1,7,7,15,0,0,71,5,76,0,1,78,12,91,102,0,102,193
04/30/2022,WJF,CA,AWP,WE,Federal Contract Tower,0,0,2,0,2,0,0,75,0,75,0,0,77,0,77,12,0,12,89
05/01/2022,WJF,CA,AWP,WE,Federal Contract Tower,0,0,2,0,2,0,0,30,0,30,0,0,32,0,32,14,0,14,46
05/02/2022,WJF,CA,AWP,WE,Federal Contract Tower,0,0,5,6,11,0,0,26,2,28,0,0,31,8,39,108,0,108,147
05/03/2022,WJF,CA,AWP,WE,Federal Contract Tower,0,0,1,4,5,0,0,64,8,72,0,0,65,12,77,94,0,94,171
05/04/2022,WJF,CA,AWP,WE,Federal Contract Tower,0,4,2,10,16,0,0,54,0,54,0,4,56,10,70,64,0,64,134
05/05/2022,WJF,CA,AWP,WE,Federal Contract Tower,0,2,15,0,17,0,0,45,0,45,0,2,60,0,62,26,0,26,88
05/06/2022,WJF,CA,AWP,WE,Federal Contract Tower,0,0,9,2,11,0,0,39,0,39,0,0,48,2,50,36,0,36,86
05/07/2022,WJF,CA,AWP,WE,Federal Contract Tower,0,0,2,1,3,0,0,16,0,16,0,0,18,1,19,0,0,0,19
05/08/2022,WJF,CA,AWP,WE,Federal Contract Tower,0,0,3,0,3,0,0,3,0,3,0,0,6,0,6,2,0,2,8
05/09/2022,WJF,CA,AWP,WE,Federal Contract Tower,0,0,1,0,1,0,0,19,0,19,0,0,20,0,20,6,0,6,26
05/10/2022,WJF,CA,AWP,WE,Federal Contract Tower,0,0,5,0,5,0,0,46,0,46,0,0,51,0,51,28,0,28,79
05/11/2022,WJF,CA,AWP,WE,Federal Contract Tower,0,0,6,0,6,0,0,54,0,54,0,0,60,0,60,14,0,14,74
05/12/2022,WJF,CA,AWP,WE,Federal Contract Tower,0,0,6,0,6,0,0,96,0,96,0,0,102,0,102,22,0,22,124
05/13/2022,WJF,CA,AWP,WE,Federal Contract Tower,0,0,3,0,3,0,0,114,0,114,0,0,117,0,117,98,0,98,215
05/14/2022,WJF,CA,AWP,WE,Federal Contract Tower,0,0,10,0,10,0,0,119,0,119,0,0,129,0,129,156,0,156,285
05/15/2022,WJF,CA,AWP,WE,Federal Contract Tower,0,0,5,0,5,0,1,99,0,100,0,1,104,0,105,68,0,68,173
05/16/2022,WJF,CA,AWP,WE,Federal Contract Tower,0,2,3,0,5,0,0,31,0,31,0,2,34,0,36,0,0,0,36
05/17/2022,WJF,CA,AWP,WE,Federal Contract Tower,0,0,6,0,6,0,0,51,2,53,0,0,57,2,59,14,0,14,73
05/18/2022,WJF,CA,AWP,WE,Federal Contract Tower,0,0,3,2,5,0,0,58,0,58,0,0,61,2,63,26,0,26,89
05/19/2022,WJF,CA,AWP,WE,Federal Contract Tower,0,2,7,0,9,0,0,87,0,87,0,2,94,0,96,98,0,98,194
05/20/2022,WJF,CA,AWP,WE,Federal Contract Tower,0,0,5,0,5,0,0,34,0,34,0,0,39,0,39,0,0,0,39
05/21/2022,WJF,CA,AWP,WE,Federal Contract Tower,0,0,4,0,4,0,0,117,0,117,0,0,121,0,121,136,0,136,257
05/22/2022,WJF,CA,AWP,WE,Federal Contract Tower,0,0,5,0,5,0,0,86,0,86,0,0,91,0,91,60,0,60,151
05/23/2022,WJF,CA,AWP,WE,Federal Contract Tower,0,0,13,0,13,0,0,40,0,40,0,0,53,0,53,18,0,18,71
05/24/2022,WJF,CA,AWP,WE,Federal Contract Tower,0,0,8,0,8,0,0,57,3,60,0,0,65,3,68,110,10,120,188
05/25/2022,WJF,CA,AWP,WE,Federal Contract Tower,0,0,6,2,8,0,0,61,0,61,0,0,67,2,69,46,0,46,115
05/26/2022,WJF,CA,AWP,WE,Federal Contract Tower,0,0,10,10,20,0,0,77,2,79,0,0,87,12,99,54,0,54,153
05/27/2022,WJF,CA,AWP,WE,Federal Contract Tower,0,0,6,0,6,0,0,54,0,54,0,0,60,0,60,28,0,28,88
05/28/2022,WJF,CA,AWP,WE,Federal Contract Tower,0,0,10,0,10,0,0,15,0,15,0,0,25,0,25,0,0,0,25
05/29/2022,WJF,CA,AWP,WE,Federal Contract Tower,0,0,0,0,0,0,0,7,0,7,0,0,7,0,7,0,0,0,7
05/30/2022,WJF,CA,AWP,WE,Federal Contract Tower,0,0,3,0,3,0,0,70,0,70,0,0,73,0,73,34,0,34,107
05/31/2022,WJF,CA,AWP,WE,Federal Contract Tower,0,0,10,8,18,0,0,61,0,61,0,0,71,8,79,120,0,120,199
06/01/2022,WJF,CA,AWP,WE,Federal Contract Tower,0,0,9,7,16,0,0,66,5,71,0,0,75,12,87,110,2,112,199
06/02/2022,WJF,CA,AWP,WE,Federal Contract Tower,0,0,9,8,17,0,0,36,4,40,0,0,45,12,57,8,4,12,69
06/03/2022,WJF,CA,AWP,WE,Federal Contract Tower,0,0,2,0,2,0,0,75,0,75,0,0,77,0,77,70,0,70,147
06/04/2022,WJF,CA,AWP,WE,Federal Contract Tower,0,0,4,0,4,0,0,47,0,47,0,0,51,0,51,8,0,8,59
06/05/2022,WJF,CA,AWP,WE,Federal Contract Tower,0,2,0,0,2,0,0,22,0,22,0,2,22,0,24,38,0,38,62
06/06/2022,WJF,CA,AWP,WE,Federal Contract Tower,0,0,5,0,5,0,0,27,0,27,0,0,32,0,32,10,0,10,42
06/07/2022,WJF,CA,AWP,WE,Federal Contract Tower,0,0,1,2,3,0,0,56,0,56,0,0,57,2,59,64,0,64,123
06/08/2022,WJF,CA,AWP,WE,Federal Contract Tower,0,0,6,2,8,0,0,41,4,45,0,0,47,6,53,54,4,58,111
06/09/2022,WJF,CA,AWP,WE,Federal Contract Tower,0,6,1,0,7,0,0,52,0,52,0,6,53,0,59,98,0,98,157
06/10/2022,WJF,CA,AWP,WE,Federal Contract Tower,0,1,6,0,7,0,0,75,0,75,0,1,81,0,82,116,0,116,198
06/11/2022,WJF,CA,AWP,WE,Federal Contract Tower,0,0,7,0,7,0,0,86,0,86,0,0,93,0,93,54,0,54,147
06/12/2022,WJF,CA,AWP,WE,Federal Contract Tower,0,0,13,0,13,0,0,76,0,76,0,0,89,0,89,50,0,50,139
06/13/2022,WJF,CA,AWP,WE,Federal Contract Tower,0,0,2,0,2,0,0,54,0,54,0,0,56,0,56,12,0,12,68
06/14/2022,WJF,CA,AWP,WE,Federal Contract Tower,0,0,4,0,4,0,0,63,0,63,0,0,67,0,67,34,0,34,101
06/15/2022,WJF,CA,AWP,WE,Federal Contract Tower,0,0,8,2,10,0,0,83,0,83,0,0,91,2,93,112,0,112,205
06/16/2022,WJF,CA,AWP,WE,Federal Contract Tower,0,1,2,0,3,0,0,29,0,29,0,1,31,0,32,28,0,28,60
06/17/2022,WJF,CA,AWP,WE,Federal Contract Tower,0,2,3,0,5,0,1,40,0,41,0,3,43,0,46,28,0,28,74
06/18/2022,WJF,CA,AWP,WE,Federal Contract Tower,0,0,2,0,2,0,0,65,0,65,0,0,67,0,67,54,0,54,121
06/19/2022,WJF,CA,AWP,WE,Federal Contract Tower,0,0,3,0,3,0,0,47,0,47,0,0,50,0,50,58,0,58,108
06/20/2022,WJF,CA,AWP,WE,Federal Contract Tower,0,0,4,0,4,0,0,53,0,53,0,0,57,0,57,68,0,68,125
06/21/2022,WJF,CA,AWP,WE,Federal Contract Tower,0,0,4,0,4,0,0,57,0,57,0,0,61,0,61,118,0,118,179
06/22/2022,WJF,CA,AWP,WE,Federal Contract Tower,0,2,0,0,2,0,0,90,0,90,0,2,90,0,92,18,0,18,110
06/23/2022,WJF,CA,AWP,WE,Federal Contract Tower,0,0,10,0,10,0,0,136,0,136,0,0,146,0,146,84,0,84,230
06/24/2022,WJF,CA,AWP,WE,Federal Contract Tower,0,0,10,9,19,0,0,90,1,91,0,0,100,10,110,46,10,56,166
06/25/2022,WJF,CA,AWP,WE,Federal Contract Tower,0,0,5,0,5,0,0,98,0,98,0,0,103,0,103,80,0,80,183
06/26/2022,WJF,CA,AWP,WE,Federal Contract Tower,0,0,3,0,3,0,0,62,0,62,0,0,65,0,65,110,0,110,175
06/27/2022,WJF,CA,AWP,WE,Federal Contract Tower,0,0,5,2,7,0,0,41,2,43,0,0,46,4,50,20,6,26,76
06/28/2022,WJF,CA,AWP,WE,Federal Contract Tower,0,0,1,6,7,0,0,44,4,48,0,0,45,10,55,42,0,42,97
06/29/2022,WJF,CA,AWP,WE,Federal Contract Tower,0,1,3,8,12,0,0,63,2,65,0,1,66,10,77,0,0,0,77
06/30/2022,WJF,CA,AWP,WE,Federal Contract Tower,0,0,5,0,5,0,0,73,0,73,0,0,78,0,78,18,0,18,96
07/01/2022,WJF,CA,AWP,WE,Federal Contract Tower,0,0,1,0,1,0,0,66,0,66,0,0,67,0,67,42,0,42,109
07/02/2022,WJF,CA,AWP,WE,Federal Contract Tower,0,0,0,0,0,0,0,70,0,70,0,0,70,0,70,66,0,66,136
07/03/2022,WJF,CA,AWP,WE,Federal Contract Tower,0,0,12,0,12,0,0,46,0,46,0,0,58,0,58,50,0,50,108
07/04/2022,WJF,CA,AWP,WE,Federal Contract Tower,0,0,3,0,3,0,0,52,0,52,0,0,55,0,55,132,0,132,187
07/05/2022,WJF,CA,AWP,WE,Federal Contract Tower,0,0,6,0,6,0,0,46,0,46,0,0,52,0,52,46,0,46,98
07/06/2022,WJF,CA,AWP,WE,Federal Contract Tower,0,0,5,0,5,0,0,39,0,39,0,0,44,0,44,42,0,42,86
07/07/2022,WJF,CA,AWP,WE,Federal Contract Tower,0,0,1,0,1,0,0,68,0,68,0,0,69,0,69,50,0,50,119
07/08/2022,WJF,CA,AWP,WE,Federal Contract Tower,0,2,4,2,8,0,0,72,0,72,0,2,76,2,80,74,0,74,154
07/09/2022,WJF,CA,AWP,WE,Federal Contract Tower,0,0,5,0,5,0,0,97,0,97,0,0,102,0,102,84,0,84,186
07/10/2022,WJF,CA,AWP,WE,Federal Contract Tower,0,0,1,0,1,0,0,75,0,75,0,0,76,0,76,84,0,84,160
07/11/2022,WJF,CA,AWP,WE,Federal Contract Tower,0,0,4,0,4,0,0,42,0,42,0,0,46,0,46,80,0,80,126
07/12/2022,WJF,CA,AWP,WE,Federal Contract Tower,0,0,0,2,2,0,0,45,2,47,0,0,45,4,49,64,2,66,115
07/13/2022,WJF,CA,AWP,WE,Federal Contract Tower,0,0,11,2,13,0,0,63,2,65,0,0,74,4,78,66,0,66,144
07/14/2022,WJF,CA,AWP,WE,Federal Contract Tower,0,0,6,0,6,0,0,65,0,65,0,0,71,0,71,42,10,52,123
07/15/2022,WJF,CA,AWP,WE,Federal Contract Tower,0,0,5,2,7,0,0,82,0,82,0,0,87,2,89,66,0,66,155
07/16/2022,WJF,CA,AWP,WE,Federal Contract Tower,0,0,3,0,3,0,0,60,0,60,0,0,63,0,63,90,0,90,153
07/17/2022,WJF,CA,AWP,WE,Federal Contract Tower,0,0,0,0,0,0,0,62,0,62,0,0,62,0,62,56,0,56,118
07/18/2022,WJF,CA,AWP,WE,Federal Contract Tower,0,0,2,4,6,0,0,43,0,43,0,0,45,4,49,50,0,50,99
07/19/2022,WJF,CA,AWP,WE,Federal Contract Tower,0,0,7,2,9,0,0,56,0,56,0,0,63,2,65,36,0,36,101
07/20/2022,WJF,CA,AWP,WE,Federal Contract Tower,0,0,0,0,0,0,0,60,1,61,0,0,60,1,61,46,2,48,109
07/21/2022,WJF,CA,AWP,WE,Federal Contract Tower,0,0,5,0,5,0,0,58,0,58,0,0,63,0,63,62,0,62,125
07/22/2022,WJF,CA,AWP,WE,Federal Contract Tower,0,0,10,0,10,0,0,54,0,54,0,0,64,0,64,56,0,56,120
07/23/2022,WJF,CA,AWP,WE,Federal Contract Tower,0,0,0,0,0,0,0,47,0,47,0,0,47,0,47,70,0,70,117
07/24/2022,WJF,CA,AWP,WE,Federal Contract Tower,0,0,3,0,3,0,0,63,0,63,0,0,66,0,66,22,0,22,88
07/25/2022,WJF,CA,AWP,WE,Federal Contract Tower,0,0,5,2,7,0,0,34,0,34,0,0,39,2,41,114,0,114,155
07/26/2022,WJF,CA,AWP,WE,Federal Contract Tower,0,0,6,0,6,0,0,43,0,43,0,0,49,0,49,100,0,100,149
07/27/2022,WJF,CA,AWP,WE,Federal Contract Tower,0,0,4,0,4,0,0,37,0,37,0,0,41,0,41,140,0,140,181
07/28/2022,WJF,CA,AWP,WE,Federal Contract Tower,0,0,3,2,5,0,0,50,0,50,0,0,53,2,55,124,0,124,179
07/29/2022,WJF,CA,AWP,WE,Federal Contract Tower,0,0,8,0,8,0,0,59,0,59,0,0,67,0,67,92,0,92,159
07/30/2022,WJF,CA,AWP,WE,Federal Contract Tower,0,0,6,0,6,0,0,67,0,67,0,0,73,0,73,120,0,120,193
07/31/2022,WJF,CA,AWP,WE,Federal Contract Tower,0,0,1,0,1,0,0,45,0,45,0,0,46,0,46,40,0,40,86
08/01/2022,WJF,CA,AWP,WE,Federal Contract Tower,0,2,1,0,3,0,0,47,0,47,0,2,48,0,50,86,0,86,136
08/02/2022,WJF,CA,AWP,WE,Federal Contract Tower,0,2,4,1,7,0,0,46,0,46,0,2,50,1,53,94,0,94,147
08/03/2022,WJF,CA,AWP,WE,Federal Contract Tower,0,0,6,3,9,0,0,58,0,58,0,0,64,3,67,128,0,128,195
08/04/2022,WJF,CA,AWP,WE,Federal Contract Tower,0,0,9,6,15,0,2,38,0,40,0,2,47,6,55,76,0,76,131
08/05/2022,WJF,CA,AWP,WE,Federal Contract Tower,0,0,5,2,7,0,0,60,3,63,0,0,65,5,70,116,0,116,186
08/06/2022,WJF,CA,AWP,WE,Federal Contract Tower,0,0,3,0,3,0,0,98,0,98,0,0,101,0,101,126,0,126,227
08/07/2022,WJF,CA,AWP,WE,Federal Contract Tower,0,0,3,0,3,0,0,54,0,54,0,0,57,0,57,46,0,46,103
08/08/2022,WJF,CA,AWP,WE,Federal Contract Tower,0,0,3,4,7,0,0,60,0,60,0,0,63,4,67,52,12,64,131
08/09/2022,WJF,CA,AWP,WE,Federal Contract Tower,0,0,9,6,15,0,0,50,0,50,0,0,59,6,65,70,0,70,135
08/10/2022,WJF,CA,AWP,WE,Federal Contract Tower,0,0,8,8,16,0,0,75,0,75,0,0,83,8,91,84,0,84,175
08/11/2022,WJF,CA,AWP,WE,Federal Contract Tower,0,0,10,2,12,0,0,49,0,49,0,0,59,2,61,70,0,70,131
08/12/2022,WJF,CA,AWP,WE,Federal Contract Tower,0,0,4,7,11,0,0,80,1,81,0,0,84,8,92,100,10,110,202
08/13/2022,WJF,CA,AWP,WE,Federal Contract Tower,0,0,2,0,2,0,0,79,0,79,0,0,81,0,81,170,0,170,251
08/14/2022,WJF,CA,AWP,WE,Federal Contract Tower,0,0,0,0,0,0,0,76,0,76,0,0,76,0,76,40,0,40,116
08/15/2022,WJF,CA,AWP,WE,Federal Contract Tower,0,0,1,0,1,0,0,45,0,45,0,0,46,0,46,74,0,74,120
08/16/2022,WJF,CA,AWP,WE,Federal Contract Tower,0,0,1,2,3,0,0,33,0,33,0,0,34,2,36,72,0,72,108
08/17/2022,WJF,CA,AWP,WE,Federal Contract Tower,0,0,3,0,3,0,0,43,0,43,0,0,46,0,46,48,0,48,94
08/18/2022,WJF,CA,AWP,WE,Federal Contract Tower,0,0,0,0,0,0,0,56,0,56,0,0,56,0,56,74,0,74,130
08/19/2022,WJF,CA,AWP,WE,Federal Contract Tower,0,0,3,2,5,0,0,75,0,75,0,0,78,2,80,62,0,62,142
08/20/2022,WJF,CA,AWP,WE,Federal Contract Tower,0,0,8,0,8,0,0,53,0,53,0,0,61,0,61,106,0,106,167
08/21/2022,WJF,CA,AWP,WE,Federal Contract Tower,0,0,0,0,0,0,0,53,0,53,0,0,53,0,53,44,0,44,97
08/22/2022,WJF,CA,AWP,WE,Federal Contract Tower,0,0,1,0,1,0,0,44,0,44,0,0,45,0,45,54,0,54,99
08/23/2022,WJF,CA,AWP,WE,Federal Contract Tower,0,0,5,0,5,0,0,50,2,52,0,0,55,2,57,60,6,66,123
08/24/2022,WJF,CA,AWP,WE,Federal Contract Tower,0,0,5,2,7,0,0,44,0,44,0,0,49,2,51,74,0,74,125
08/25/2022,WJF,CA,AWP,WE,Federal Contract Tower,0,0,3,2,5,0,0,50,0,50,0,0,53,2,55,10,0,10,65
08/26/2022,WJF,CA,AWP,WE,Federal Contract Tower,0,0,7,2,9,0,0,82,0,82,0,0,89,2,91,90,0,90,181
08/27/2022,WJF,CA,AWP,WE,Federal Contract Tower,0,0,0,0,0,0,0,82,0,82,0,0,82,0,82,52,0,52,134
08/28/2022,WJF,CA,AWP,WE,Federal Contract Tower,0,0,4,0,4,0,0,68,0,68,0,0,72,0,72,40,0,40,112
08/29/2022,WJF,CA,AWP,WE,Federal Contract Tower,0,0,1,2,3,0,0,89,0,89,0,0,90,2,92,82,2,84,176
08/30/2022,WJF,CA,AWP,WE,Federal Contract Tower,0,0,5,2,7,0,0,52,2,54,0,0,57,4,61,10,0,10,71
08/31/2022,WJF,CA,AWP,WE,Federal Contract Tower,0,0,0,0,0,0,0,161,0,161,0,0,161,0,161,68,0,68,229
09/01/2022,WJF,CA,AWP,WE,Federal Contract Tower,0,0,0,5,5,0,0,54,2,56,0,0,54,7,61,40,0,40,101
09/02/2022,WJF,CA,AWP,WE,Federal Contract Tower,0,1,3,0,4,0,0,56,0,56,0,1,59,0,60,72,0,72,132
09/03/2022,WJF,CA,AWP,WE,Federal Contract Tower,0,0,0,0,0,0,0,59,0,59,0,0,59,0,59,74,0,74,133
09/04/2022,WJF,CA,AWP,WE,Federal Contract Tower,0,1,1,0,2,0,0,38,0,38,0,1,39,0,40,26,0,26,66
09/05/2022,WJF,CA,AWP,WE,Federal Contract Tower,0,2,2,0,4,0,0,59,0,59,0,2,61,0,63,100,0,100,163
09/06/2022,WJF,CA,AWP,WE,Federal Contract Tower,0,0,1,0,1,0,0,72,0,72,0,0,73,0,73,2,0,2,75
09/07/2022,WJF,CA,AWP,WE,Federal Contract Tower,0,0,0,2,2,0,0,50,2,52,0,0,50,4,54,74,0,74,128
09/08/2022,WJF,CA,AWP,WE,Federal Contract Tower,0,1,6,5,12,0,0,52,3,55,0,1,58,8,67,42,8,50,117
09/09/2022,WJF,CA,AWP,WE,Federal Contract Tower,0,1,6,9,16,0,1,35,2,38,0,2,41,11,54,46,0,46,100
09/10/2022,WJF,CA,AWP,WE,Federal Contract Tower,0,0,7,0,7,0,0,35,0,35,0,0,42,0,42,46,0,46,88
09/11/2022,WJF,CA,AWP,WE,Federal Contract Tower,0,0,3,0,3,0,0,75,0,75,0,0,78,0,78,82,0,82,160
09/12/2022,WJF,CA,AWP,WE,Federal Contract Tower,0,0,3,0,3,0,0,37,0,37,0,0,40,0,40,122,0,122,162
09/13/2022,WJF,CA,AWP,WE,Federal Contract Tower,0,0,2,2,4,0,0,43,0,43,0,0,45,2,47,22,0,22,69
09/14/2022,WJF,CA,AWP,WE,Federal Contract Tower,0,0,5,1,6,0,0,52,1,53,0,0,57,2,59,68,0,68,127
09/15/2022,WJF,CA,AWP,WE,Federal Contract Tower,0,0,7,0,7,0,0,55,0,55,0,0,62,0,62,30,0,30,92
09/16/2022,WJF,CA,AWP,WE,Federal Contract Tower,0,0,12,2,14,0,0,77,0,77,0,0,89,2,91,48,0,48,139
09/17/2022,WJF,CA,AWP,WE,Federal Contract Tower,0,0,3,0,3,0,0,71,0,71,0,0,74,0,74,104,0,104,178
09/18/2022,WJF,CA,AWP,WE,Federal Contract Tower,0,0,3,0,3,0,0,48,0,48,0,0,51,0,51,116,0,116,167
09/19/2022,WJF,CA,AWP,WE,Federal Contract Tower,0,0,2,0,2,0,0,52,0,52,0,0,54,0,54,26,0,26,80
09/20/2022,WJF,CA,AWP,WE,Federal Contract Tower,0,0,13,1,14,0,0,42,5,47,0,0,55,6,61,56,2,58,119
09/21/2022,WJF,CA,AWP,WE,Federal Contract Tower,0,2,5,0,7,0,0,63,0,63,0,2,68,0,70,58,0,58,128
09/22/2022,WJF,CA,AWP,WE,Federal Contract Tower,0,0,3,0,3,0,0,58,2,60,0,0,61,2,63,38,0,38,101
09/23/2022,WJF,CA,AWP,WE,Federal Contract Tower,0,0,1,4,5,0,1,70,0,71,0,1,71,4,76,102,0,102,178
09/24/2022,WJF,CA,AWP,WE,Federal Contract Tower,0,0,2,0,2,0,0,39,0,39,0,0,41,0,41,70,0,70,111
09/25/2022,WJF,CA,AWP,WE,Federal Contract Tower,0,0,5,0,5,0,0,82,0,82,0,0,87,0,87,90,0,90,177
09/26/2022,WJF,CA,AWP,WE,Federal Contract Tower,0,0,0,1,1,0,0,44,2,46,0,0,44,3,47,54,0,54,101
09/27/2022,WJF,CA,AWP,WE,Federal Contract Tower,0,0,4,2,6,0,0,56,0,56,0,0,60,2,62,68,0,68,130
09/28/2022,WJF,CA,AWP,WE,Federal Contract Tower,0,1,4,3,8,0,0,58,1,59,0,1,62,4,67,56,0,56,123
09/29/2022,WJF,CA,AWP,WE,Federal Contract Tower,0,0,3,6,9,0,0,58,4,62,0,0,61,10,71,54,0,54,125
09/30/2022,WJF,CA,AWP,WE,Federal Contract Tower,0,0,9,0,9,0,0,74,0,74,0,0,83,0,83,112,0,112,195
10/01/2022,WJF,CA,AWP,WE,Federal Contract Tower,0,0,6,0,6,0,0,109,0,109,0,0,115,0,115,106,0,106,221
10/02/2022,WJF,CA,AWP,WE,Federal Contract Tower,0,0,4,0,4,0,0,90,0,90,0,0,94,0,94,110,0,110,204
10/03/2022,WJF,CA,AWP,WE,Federal Contract Tower,0,0,1,0,1,0,0,84,0,84,0,0,85,0,85,106,2,108,193
10/04/2022,WJF,CA,AWP,WE,Federal Contract Tower,0,0,7,4,11,0,0,56,6,62,0,0,63,10,73,34,18,52,125
10/05/2022,WJF,CA,AWP,WE,Federal Contract Tower,0,0,13,7,20,0,0,67,1,68,0,0,80,8,88,74,14,88,176
10/06/2022,WJF,CA,AWP,WE,Federal Contract Tower,0,0,2,0,2,0,0,53,0,53,0,0,55,0,55,114,0,114,169
10/07/2022,WJF,CA,AWP,WE,Federal Contract Tower,0,0,5,0,5,0,0,76,0,76,0,0,81,0,81,158,0,158,239
10/08/2022,WJF,CA,AWP,WE,Federal Contract Tower,0,1,8,0,9,0,0,119,0,119,0,1,127,0,128,110,0,110,238
10/09/2022,WJF,CA,AWP,WE,Federal Contract Tower,0,0,14,0,14,0,0,83,0,83,0,0,97,0,97,106,0,106,203
10/10/2022,WJF,CA,AWP,WE,Federal Contract Tower,0,1,13,0,14,0,0,53,0,53,0,1,66,0,67,98,0,98,165
10/11/2022,WJF,CA,AWP,WE,Federal Contract Tower,0,0,8,0,8,0,0,60,0,60,0,0,68,0,68,40,0,40,108
10/12/2022,WJF,CA,AWP,WE,Federal Contract Tower,0,0,2,0,2,0,0,65,0,65,0,0,67,0,67,70,0,70,137
10/13/2022,WJF,CA,AWP,WE,Federal Contract Tower,0,0,10,0,10,0,0,94,0,94,0,0,104,0,104,282,2,284,388
10/14/2022,WJF,CA,AWP,WE,Federal Contract Tower,0,0,4,0,4,0,0,84,0,84,0,0,88,0,88,70,0,70,158
10/15/2022,WJF,CA,AWP,WE,Federal Contract Tower,0,0,3,0,3,0,0,47,0,47,0,0,50,0,50,34,0,34,84
10/16/2022,WJF,CA,AWP,WE,Federal Contract Tower,0,0,9,0,9,0,0,56,0,56,0,0,65,0,65,50,0,50,115
10/17/2022,WJF,CA,AWP,WE,Federal Contract Tower,0,0,6,0,6,0,0,75,0,75,0,0,81,0,81,100,0,100,181
10/18/2022,WJF,CA,AWP,WE,Federal Contract Tower,0,0,0,4,4,0,0,47,0,47,0,0,47,4,51,150,0,150,201
10/19/2022,WJF,CA,AWP,WE,Federal Contract Tower,0,0,7,7,14,0,0,87,2,89,0,0,94,9,103,70,0,70,173
10/20/2022,WJF,CA,AWP,WE,Federal Contract Tower,0,2,4,3,9,0,0,65,1,66,0,2,69,4,75,120,0,120,195
10/21/2022,WJF,CA,AWP,WE,Federal Contract Tower,0,0,14,0,14,0,0,114,0,114,0,0,128,0,128,126,0,126,254
10/22/2022,WJF,CA,AWP,WE,Federal Contract Tower,0,0,3,0,3,0,0,16,0,16,0,0,19,0,19,44,0,44,63
10/23/2022,WJF,CA,AWP,WE,Federal Contract Tower,0,0,1,0,1,0,0,49,0,49,0,0,50,0,50,86,0,86,136
10/24/2022,WJF,CA,AWP,WE,Federal Contract Tower,0,0,6,0,6,0,0,70,0,70,0,0,76,0,76,148,0,148,224
10/25/2022,WJF,CA,AWP,WE,Federal Contract Tower,0,0,5,1,6,0,0,39,0,39,0,0,44,1,45,68,0,68,113
10/26/2022,WJF,CA,AWP,WE,Federal Contract Tower,0,0,2,6,8,0,0,48,0,48,0,0,50,6,56,34,0,34,90
10/27/2022,WJF,CA,AWP,WE,Federal Contract Tower,0,0,4,2,6,0,0,71,2,73,0,0,75,4,79,56,0,56,135
10/28/2022,WJF,CA,AWP,WE,Federal Contract Tower,0,0,9,2,11,0,0,116,2,118,0,0,125,4,129,146,0,146,275
10/29/2022,WJF,CA,AWP,WE,Federal Contract Tower,0,0,8,0,8,0,0,68,0,68,0,0,76,0,76,122,0,122,198
10/30/2022,WJF,CA,AWP,WE,Federal Contract Tower,0,0,14,0,14,0,0,69,0,69,0,0,83,0,83,94,0,94,177
10/31/2022,WJF,CA,AWP,WE,Federal Contract Tower,0,0,2,0,2,0,0,52,0,52,0,0,54,0,54,64,0,64,118
11/01/2022,WJF,CA,AWP,WE,Federal Contract Tower,0,0,11,4,15,0,0,42,0,42,0,0,53,4,57,70,0,70,127
11/02/2022,WJF,CA,AWP,WE,Federal Contract Tower,0,0,8,0,8,0,0,7,0,7,0,0,15,0,15,2,0,2,17
11/03/2022,WJF,CA,AWP,WE,Federal Contract Tower,0,1,2,0,3,0,1,22,0,23,0,2,24,0,26,46,0,46,72
11/04/2022,WJF,CA,AWP,WE,Federal Contract Tower,0,0,15,2,17,0,0,69,2,71,0,0,84,4,88,112,0,112,200
11/05/2022,WJF,CA,AWP,WE,Federal Contract Tower,0,0,1,0,1,0,0,27,0,27,0,0,28,0,28,52,0,52,80
11/06/2022,WJF,CA,AWP,WE,Federal Contract Tower,0,0,2,0,2,0,0,52,0,52,0,0,54,0,54,42,0,42,96
11/07/2022,WJF,CA,AWP,WE,Federal Contract Tower,0,2,1,0,3,0,0,12,0,12,0,2,13,0,15,12,0,12,27
11/08/2022,WJF,CA,AWP,WE,Federal Contract Tower,0,0,2,0,2,0,0,0,0,0,0,0,2,0,2,0,0,0,2
11/09/2022,WJF,CA,AWP,WE,Federal Contract Tower,0,0,11,0,11,0,0,33,4,37,0,0,44,4,48,50,8,58,106
11/10/2022,WJF,CA,AWP,WE,Federal Contract Tower,0,0,5,0,5,0,0,73,0,73,0,0,78,0,78,116,0,116,194
11/11/2022,WJF,CA,AWP,WE,Federal Contract Tower,0,0,6,2,8,0,0,76,0,76,0,0,82,2,84,114,0,114,198
11/12/2022,WJF,CA,AWP,WE,Federal Contract Tower,0,0,11,0,11,0,0,98,0,98,0,0,109,0,109,54,0,54,163
11/13/2022,WJF,CA,AWP,WE,Federal Contract Tower,0,0,2,0,2,0,0,35,0,35,0,0,37,0,37,24,0,24,61
11/14/2022,WJF,CA,AWP,WE,Federal Contract Tower,0,0,5,4,9,0,0,61,0,61,0,0,66,4,70,94,2,96,166
11/15/2022,WJF,CA,AWP,WE,Federal Contract Tower,0,0,4,11,15,0,0,43,4,47,0,0,47,15,62,46,18,64,126
11/16/2022,WJF,CA,AWP,WE,Federal Contract Tower,0,0,1,4,5,0,0,19,2,21,0,0,20,6,26,58,4,62,88
11/17/2022,WJF,CA,AWP,WE,Federal Contract Tower,0,0,8,6,14,0,0,44,4,48,0,0,52,10,62,112,0,112,174
11/18/2022,WJF,CA,AWP,WE,Federal Contract Tower,0,0,5,0,5,0,0,55,2,57,0,0,60,2,62,134,0,134,196
11/19/2022,WJF,CA,AWP,WE,Federal Contract Tower,0,0,3,0,3,0,0,54,0,54,0,0,57,0,57,130,0,130,187
11/20/2022,WJF,CA,AWP,WE,Federal Contract Tower,0,0,8,0,8,0,0,74,0,74,0,0,82,0,82,114,0,114,196
11/21/2022,WJF,CA,AWP,WE,Federal Contract Tower,0,0,7,2,9,0,0,49,0,49,0,0,56,2,58,98,0,98,156
11/22/2022,WJF,CA,AWP,WE,Federal Contract Tower,0,0,11,2,13,0,0,54,0,54,0,0,65,2,67,88,0,88,155
11/23/2022,WJF,CA,AWP,WE,Federal Contract Tower,0,0,8,1,9,0,2,67,1,70,0,2,75,2,79,98,8,106,185
11/24/2022,WJF,CA,AWP,WE,Federal Contract Tower,0,0,0,0,0,0,0,28,0,28,0,0,28,0,28,20,0,20,48
11/25/2022,WJF,CA,AWP,WE,Federal Contract Tower,0,0,6,0,6,0,1,56,0,57,0,1,62,0,63,66,0,66,129
11/26/2022,WJF,CA,AWP,WE,Federal Contract Tower,0,0,1,0,1,0,0,56,0,56,0,0,57,0,57,48,0,48,105
11/27/2022,WJF,CA,AWP,WE,Federal Contract Tower,0,0,9,0,9,0,0,96,0,96,0,0,105,0,105,92,0,92,197
11/28/2022,WJF,CA,AWP,WE,Federal Contract Tower,0,1,2,0,3,0,2,17,0,19,0,3,19,0,22,0,0,0,22
11/29/2022,WJF,CA,AWP,WE,Federal Contract Tower,0,1,6,0,7,0,1,54,0,55,0,2,60,0,62,110,0,110,172
11/30/2022,WJF,CA,AWP,WE,Federal Contract Tower,0,1,1,4,6,0,1,28,0,29,0,2,29,4,35,126,0,126,161
12/01/2022,WJF,CA,AWP,WE,Federal Contract Tower,0,1,2,0,3,0,1,5,0,6,0,2,7,0,9,0,0,0,9
12/02/2022,WJF,CA,AWP,WE,Federal Contract Tower,0,3,12,0,15,0,0,20,0,20,0,3,32,0,35,32,0,32,67
12/03/2022,WJF,CA,AWP,WE,Federal Contract Tower,0,0,5,0,5,0,0,56,0,56,0,0,61,0,61,116,0,116,177
12/04/2022,WJF,CA,AWP,WE,Federal Contract Tower,0,0,3,0,3,0,0,19,0,19,0,0,22,0,22,46,0,46,68
12/05/2022,WJF,CA,AWP,WE,Federal Contract Tower,0,1,6,2,9,0,1,33,0,34,0,2,39,2,43,42,0,42,85
12/06/2022,WJF,CA,AWP,WE,Federal Contract Tower,0,1,8,0,9,0,1,33,0,34,0,2,41,0,43,30,0,30,73
12/07/2022,WJF,CA,AWP,WE,Federal Contract Tower,0,1,8,0,9,0,1,57,0,58,0,2,65,0,67,74,0,74,141
12/08/2022,WJF,CA,AWP,WE,Federal Contract Tower,0,1,2,2,5,0,1,57,2,60,0,2,59,4,65,82,0,82,147
12/09/2022,WJF,CA,AWP,WE,Federal Contract Tower,0,1,12,6,19,0,1,52,0,53,0,2,64,6,72,62,0,62,134
12/10/2022,WJF,CA,AWP,WE,Federal Contract Tower,0,0,2,0,2,0,0,29,0,29,0,0,31,0,31,34,0,34,65
12/11/2022,WJF,CA,AWP,WE,Federal Contract Tower,0,2,0,0,2,0,0,0,0,0,0,2,0,0,2,0,0,0,2
12/12/2022,WJF,CA,AWP,WE,Federal Contract Tower,0,1,2,8,11,0,1,18,0,19,0,2,20,8,30,10,0,10,40
12/13/2022,WJF,CA,AWP,WE,Federal Contract Tower,0,3,4,2,9,0,1,65,0,66,0,4,69,2,75,112,0,112,187
12/14/2022,WJF,CA,AWP,WE,Federal Contract Tower,0,1,7,2,10,0,1,57,0,58,0,2,64,2,68,86,0,86,154
12/15/2022,WJF,CA,AWP,WE,Federal Contract Tower,0,1,7,6,14,0,1,47,0,48,0,2,54,6,62,70,0,70,132
12/16/2022,WJF,CA,AWP,WE,Federal Contract Tower,0,3,9,0,12,0,1,46,0,47,0,4,55,0,59,28,0,28,87
12/17/2022,WJF,CA,AWP,WE,Federal Contract Tower,0,0,1,0,1,0,0,98,0,98,0,0,99,0,99,164,0,164,263
12/18/2022,WJF,CA,AWP,WE,Federal Contract Tower,0,0,5,0,5,0,0,69,0,69,0,0,74,0,74,122,0,122,196
12/19/2022,WJF,CA,AWP,WE,Federal Contract Tower,0,1,5,0,6,0,1,57,0,58,0,2,62,0,64,62,0,62,126
12/20/2022,WJF,CA,AWP,WE,Federal Contract Tower,0,1,2,0,3,0,1,41,0,42,0,2,43,0,45,68,0,68,113
12/21/2022,WJF,CA,AWP,WE,Federal Contract Tower,0,1,6,0,7,0,1,72,0,73,0,2,78,0,80,54,0,54,134
12/22/2022,WJF,CA,AWP,WE,Federal Contract Tower,0,1,11,0,12,0,1,57,0,58,0,2,68,0,70,70,0,70,140
12/23/2022,WJF,CA,AWP,WE,Federal Contract Tower,0,1,0,0,1,0,1,46,0,47,0,2,46,0,48,78,0,78,126
12/24/2022,WJF,CA,AWP,WE,Federal Contract Tower,0,0,0,0,0,0,0,70,0,70,0,0,70,0,70,100,0,100,170
12/25/2022,WJF,CA,AWP,WE,Federal Contract Tower,0,0,6,0,6,0,0,18,0,18,0,0,24,0,24,24,0,24,48
12/26/2022,WJF,CA,AWP,WE,Federal Contract Tower,0,0,4,0,4,0,0,57,0,57,0,0,61,0,61,82,0,82,143
12/27/2022,WJF,CA,AWP,WE,Federal Contract Tower,0,1,0,0,1,0,3,9,2,14,0,4,9,2,15,8,0,8,23
12/28/2022,WJF,CA,AWP,WE,Federal Contract Tower,0,1,4,0,5,0,1,33,0,34,0,2,37,0,39,44,0,44,83
12/29/2022,WJF,CA,AWP,WE,Federal Contract Tower,0,2,5,1,8,0,0,10,4,14,0,2,15,5,22,50,6,56,78
12/30/2022,WJF,CA,AWP,WE,Federal Contract Tower,0,0,0,0,0,0,1,5,0,6,0,1,5,0,6,16,0,16,22
12/31/2022,WJF,CA,AWP,WE,Federal Contract Tower,0,0,4,0,4,0,0,5,0,5,0,0,9,0,9,0,0,0,9
01/01/2023,WJF,CA,AWP,WE,Federal Contract Tower,0,0,2,0,2,0,0,12,0,12,0,0,14,0,14,14,0,14,28
01/02/2023,WJF,CA,AWP,WE,Federal Contract Tower,0,0,7,0,7,0,2,50,0,52,0,2,57,0,59,90,0,90,149
01/03/2023,WJF,CA,AWP,WE,Federal Contract Tower,0,0,6,0,6,0,0,20,0,20,0,0,26,0,26,4,0,4,30
01/04/2023,WJF,CA,AWP,WE,Federal Contract Tower,0,1,2,1,4,0,1,5,1,7,0,2,7,2,11,4,0,4,15
01/05/2023,WJF,CA,AWP,WE,Federal Contract Tower,0,1,0,2,3,0,1,0,0,1,0,2,0,2,4,0,2,2,6
01/06/2023,WJF,CA,AWP,WE,Federal Contract Tower,0,0,6,0,6,0,0,76,0,76,0,0,82,0,82,130,0,130,212
01/07/2023,WJF,CA,AWP,WE,Federal Contract Tower,0,0,3,0,3,0,0,95,0,95,0,0,98,0,98,166,0,166,264
01/08/2023,WJF,CA,AWP,WE,Federal Contract Tower,0,0,2,0,2,0,0,36,0,36,0,0,38,0,38,30,0,30,68
01/09/2023,WJF,CA,AWP,WE,Federal Contract Tower,0,4,0,4,8,0,0,0,0,0,0,4,0,4,8,0,0,0,8
01/10/2023,WJF,CA,AWP,WE,Federal Contract Tower,0,1,0,2,3,0,1,0,0,1,0,2,0,2,4,0,0,0,4
01/11/2023,WJF,CA,AWP,WE,Federal Contract Tower,0,1,2,20,23,0,1,48,0,49,0,2,50,20,72,78,6,84,156
01/12/2023,WJF,CA,AWP,WE,Federal Contract Tower,0,1,7,4,12,0,1,60,3,64,0,2,67,7,76,122,0,122,198
01/13/2023,WJF,CA,AWP,WE,Federal Contract Tower,0,1,3,2,6,0,1,106,10,117,0,2,109,12,123,172,0,172,295
01/14/2023,WJF,CA,AWP,WE,Federal Contract Tower,0,0,0,0,0,0,0,3,0,3,0,0,3,0,3,0,0,0,3
01/15/2023,WJF,CA,AWP,WE,Federal Contract Tower,0,0,1,0,1,0,0,13,0,13,0,0,14,0,14,34,0,34,48
01/16/2023,WJF,CA,AWP,WE,Federal Contract Tower,0,2,3,0,5,0,0,2,0,2,0,2,5,0,7,16,0,16,23
01/17/2023,WJF,CA,AWP,WE,Federal Contract Tower,0,2,4,2,8,0,1,29,2,32,0,3,33,4,40,26,0,26,66
01/18/2023,WJF,CA,AWP,WE,Federal Contract Tower,0,1,5,0,6,0,1,74,0,75,0,2,79,0,81,164,0,164,245
01/19/2023,WJF,CA,AWP,WE,Federal Contract Tower,0,1,7,0,8,0,1,28,4,33,0,2,35,4,41,28,12,40,81
01/20/2023,WJF,CA,AWP,WE,Federal Contract Tower,0,1,17,0,18,0,1,78,0,79,0,2,95,0,97,124,2,126,223
01/21/2023,WJF,CA,AWP,WE,Federal Contract Tower,0,0,2,0,2,0,0,123,0,123,0,0,125,0,125,100,0,100,225
01/22/2023,WJF,CA,AWP,WE,Federal Contract Tower,0,0,0,0,0,0,0,26,0,26,0,0,26,0,26,10,0,10,36
01/23/2023,WJF,CA,AWP,WE,Federal Contract Tower,0,1,5,4,10,0,1,68,0,69,0,2,73,4,79,64,0,64,143
01/24/2023,WJF,CA,AWP,WE,Federal Contract Tower,0,1,5,2,8,0,0,76,0,76,0,1,81,2,84,56,0,56,140
01/25/2023,WJF,CA,AWP,WE,Federal Contract Tower,0,0,1,0,1,0,0,76,0,76,0,0,77,0,77,152,2,154,231
01/26/2023,WJF,CA,AWP,WE,Federal Contract Tower,0,2,0,0,2,0,0,41,0,41,0,2,41,0,43,20,0,20,63
01/27/2023,WJF,CA,AWP,WE,Federal Contract Tower,0,0,6,0,6,0,3,131,3,137,0,3,137,3,143,84,0,84,227
01/28/2023,WJF,CA,AWP,WE,Federal Contract Tower,0,0,7,0,7,0,0,144,0,144,0,0,151,0,151,74,0,74,225
01/29/2023,WJF,CA,AWP,WE,Federal Contract Tower,0,0,0,0,0,0,0,9,0,9,0,0,9,0,9,6,0,6,15
01/30/2023,WJF,CA,AWP,WE,Federal Contract Tower,0,1,4,0,5,0,1,8,0,9,0,2,12,0,14,24,0,24,38
01/31/2023,WJF,CA,AWP,WE,Federal Contract Tower,0,0,0,0,0,0,0,45,0,45,0,0,45,0,45,112,0,112,157
02/01/2023,WJF,CA,AWP,WE,Federal Contract Tower,0,0,2,2,4,0,0,41,0,41,0,0,43,2,45,18,0,18,63
02/02/2023,WJF,CA,AWP,WE,Federal Contract Tower,0,0,0,0,0,0,1,73,0,74,0,1,73,0,74,96,0,96,170
02/03/2023,WJF,CA,AWP,WE,Federal Contract Tower,0,1,3,0,4,0,1,110,0,111,0,2,113,0,115,68,0,68,183
02/04/2023,WJF,CA,AWP,WE,Federal Contract Tower,0,0,6,0,6,0,0,84,0,84,0,0,90,0,90,74,0,74,164
02/05/2023,WJF,CA,AWP,WE,Federal Contract Tower,0,0,5,0,5,0,2,15,0,17,0,2,20,0,22,4,0,4,26
02/06/2023,WJF,CA,AWP,WE,Federal Contract Tower,0,0,6,1,7,0,2,23,1,26,0,2,29,2,33,24,24,48,81
02/07/2023,WJF,CA,AWP,WE,Federal Contract Tower,0,0,8,0,8,0,2,50,0,52,0,2,58,0,60,38,0,38,98
02/08/2023,WJF,CA,AWP,WE,Federal Contract Tower,0,1,15,2,18,0,1,86,0,87,0,2,101,2,105,68,0,68,173
02/09/2023,WJF,CA,AWP,WE,Federal Contract Tower,0,1,2,0,3,0,1,55,2,58,0,2,57,2,61,40,0,40,101
02/10/2023,WJF,CA,AWP,WE,Federal Contract Tower,0,1,4,0,5,0,1,91,0,92,0,2,95,0,97,62,0,62,159
02/11/2023,WJF,CA,AWP,WE,Federal Contract Tower,0,0,4,0,4,0,0,77,0,77,0,0,81,0,81,128,0,128,209
02/12/2023,WJF,CA,AWP,WE,Federal Contract Tower,0,0,8,0,8,0,0,66,0,66,0,0,74,0,74,100,0,100,174
02/13/2023,WJF,CA,AWP,WE,Federal Contract Tower,0,1,2,0,3,0,1,32,0,33,0,2,34,0,36,26,0,26,62
02/14/2023,WJF,CA,AWP,WE,Federal Contract Tower,0,2,2,0,4,0,0,1,0,1,0,2,3,0,5,0,0,0,5
02/15/2023,WJF,CA,AWP,WE,Federal Contract Tower,0,1,1,1,3,0,1,39,1,41,0,2,40,2,44,4,0,4,48
02/16/2023,WJF,CA,AWP,WE,Federal Contract Tower,0,4,4,0,8,0,1,49,0,50,0,5,53,0,58,8,0,8,66
02/17/2023,WJF,CA,AWP,WE,Federal Contract Tower,0,2,4,0,6,0,1,66,0,67,0,3,70,0,73,36,0,36,109
02/18/2023,WJF,CA,AWP,WE,Federal Contract Tower,0,1,14,0,15,0,0,100,0,100,0,1,114,0,115,130,0,130,245
02/19/2023,WJF,CA,AWP,WE,Federal Contract Tower,0,0,8,0,8,0,0,93,0,93,0,0,101,0,101,114,0,114,215
02/20/2023,WJF,CA,AWP,WE,Federal Contract Tower,0,1,3,0,4,0,1,74,0,75,0,2,77,0,79,86,0,86,165
02/21/2023,WJF,CA,AWP,WE,Federal Contract Tower,0,1,2,0,3,0,1,13,0,14,0,2,15,0,17,18,0,18,35
02/22/2023,WJF,CA,AWP,WE,Federal Contract Tower,0,2,0,0,2,0,0,2,0,2,0,2,2,0,4,0,0,0,4
02/23/2023,WJF,CA,AWP,WE,Federal Contract Tower,0,3,1,0,4,0,0,12,0,12,0,3,13,0,16,0,0,0,16
02/24/2023,WJF,CA,AWP,WE,Federal Contract Tower,0,0,2,0,2,0,0,7,0,7,0,0,9,0,9,0,0,0,9
02/25/2023,WJF,CA,AWP,WE,Federal Contract Tower,0,0,0,0,0,0,0,7,0,7,0,0,7,0,7,0,0,0,7
02/26/2023,WJF,CA,AWP,WE,Federal Contract Tower,0,0,1,0,1,0,0,61,0,61,0,0,62,0,62,42,0,42,104
02/27/2023,WJF,CA,AWP,WE,Federal Contract Tower,0,4,0,0,4,0,0,10,0,10,0,4,10,0,14,0,0,0,14
02/28/2023,WJF,CA,AWP,WE,Federal Contract Tower,0,1,3,0,4,0,1,4,0,5,0,2,7,0,9,16,0,16,25
03/01/2023,WJF,CA,AWP,WE,Federal Contract Tower,0,1,0,0,1,0,5,3,0,8,0,6,3,0,9,6,0,6,15
03/02/2023,WJF,CA,AWP,WE,Federal Contract Tower,0,1,6,0,7,0,1,83,0,84,0,2,89,0,91,86,0,86,177
03/03/2023,WJF,CA,AWP,WE,Federal Contract Tower,0,3,3,0,6,0,0,93,0,93,0,3,96,0,99,88,0,88,187
03/04/2023,WJF,CA,AWP,WE,Federal Contract Tower,0,0,8,0,8,0,0,16,0,16,0,0,24,0,24,0,0,0,24
03/05/2023,WJF,CA,AWP,WE,Federal Contract Tower,0,0,0,0,0,0,0,11,0,11,0,0,11,0,11,14,0,14,25
03/06/2023,WJF,CA,AWP,WE,Federal Contract Tower,0,1,2,0,3,0,1,13,0,14,0,2,15,0,17,12,0,12,29
03/07/2023,WJF,CA,AWP,WE,Federal Contract Tower,0,1,8,6,15,0,1,30,0,31,0,2,38,6,46,34,0,34,80
03/08/2023,WJF,CA,AWP,WE,Federal Contract Tower,0,1,14,0,15,0,1,35,0,36,0,2,49,0,51,8,0,8,59
03/09/2023,WJF,CA,AWP,WE,Federal Contract Tower,0,1,3,1,5,0,1,76,1,78,0,2,79,2,83,216,1,217,300
03/10/2023,WJF,CA,AWP,WE,Federal Contract Tower,0,1,4,0,5,0,1,3,0,4,0,2,7,0,9,0,0,0,9
03/11/2023,WJF,CA,AWP,WE,Federal Contract Tower,0,0,6,0,6,0,0,51,0,51,0,0,57,0,57,30,0,30,87
03/12/2023,WJF,CA,AWP,WE,Federal Contract Tower,0,0,4,0,4,0,0,89,0,89,0,0,93,0,93,192,0,192,285
03/13/2023,WJF,CA,AWP,WE,Federal Contract Tower,0,1,5,2,8,0,2,68,0,70,0,3,73,2,78,118,0,118,196
03/14/2023,WJF,CA,AWP,WE,Federal Contract Tower,0,2,7,0,9,0,0,9,0,9,0,2,16,0,18,46,0,46,64
03/15/2023,WJF,CA,AWP,WE,Federal Contract Tower,0,1,9,0,10,0,1,9,2,12,0,2,18,2,22,0,4,4,26
03/16/2023,WJF,CA,AWP,WE,Federal Contract Tower,0,1,8,8,17,0,9,86,0,95,0,10,94,8,112,198,6,204,316
03/17/2023,WJF,CA,AWP,WE,Federal Contract Tower,0,3,3,2,8,0,3,102,0,105,0,6,105,2,113,222,0,222,335
03/18/2023,WJF,CA,AWP,WE,Federal Contract Tower,0,0,5,0,5,0,0,120,0,120,0,0,125,0,125,208,0,208,333
03/19/2023,WJF,CA,AWP,WE,Federal Contract Tower,0,0,7,0,7,0,0,22,0,22,0,0,29,0,29,22,0,22,51
03/20/2023,WJF,CA,AWP,WE,Federal Contract Tower,0,1,3,2,6,0,1,23,0,24,0,2,26,2,30,12,2,14,44
03/21/2023,WJF,CA,AWP,WE,Federal Contract Tower,0,3,0,0,3,0,2,0,0,2,0,5,0,0,5,16,0,16,21
03/22/2023,WJF,CA,AWP,WE,Federal Contract Tower,0,1,4,6,11,0,0,5,0,5,0,1,9,6,16,36,0,36,52
03/23/2023,WJF,CA,AWP,WE,Federal Contract Tower,0,0,8,6,14,0,1,35,0,36,0,1,43,6,50,52,0,52,102
03/24/2023,WJF,CA,AWP,WE,Federal Contract Tower,0,0,2,4,6,0,1,38,0,39,0,1,40,4,45,22,2,24,69
03/25/2023,WJF,CA,AWP,WE,Federal Contract Tower,0,0,9,0,9,0,0,89,0,89,0,0,98,0,98,118,0,118,216
03/26/2023,WJF,CA,AWP,WE,Federal Contract Tower,0,1,3,0,4,0,0,58,0,58,0,1,61,0,62,82,0,82,144
03/27/2023,WJF,CA,AWP,WE,Federal Contract Tower,0,1,6,1,8,0,1,59,1,61,0,2,65,2,69,28,0,28,97
03/28/2023,WJF,CA,AWP,WE,Federal Contract Tower,0,3,4,2,9,0,1,73,0,74,0,4,77,2,83,122,0,122,205
03/29/2023,WJF,CA,AWP,WE,Federal Contract Tower,0,1,2,0,3,0,1,3,0,4,0,2,5,0,7,8,0,8,15
03/30/2023,WJF,CA,AWP,WE,Federal Contract Tower,0,2,0,8,10,0,0,11,0,11,0,2,11,8,21,38,0,38,59
03/31/2023,WJF,CA,AWP,WE,Federal Contract Tower,0,1,4,4,9,0,1,114,2,117,0,2,118,6,126,140,0,140,266
04/01/2023,WJF,CA,AWP,WE,Federal Contract Tower,0,1,5,0,6,0,0,118,0,118,0,1,123,0,124,202,0,202,326
04/02/2023,WJF,CA,AWP,WE,Federal Contract Tower,0,1,12,0,13,0,0,54,0,54,0,1,66,0,67,62,0,62,129
04/03/2023,WJF,CA,AWP,WE,Federal Contract Tower,0,0,1,0,1,0,0,2,0,2,0,0,3,0,3,0,0,0,3
04/04/2023,WJF,CA,AWP,WE,Federal Contract Tower,0,1,3,2,6,0,1,34,0,35,0,2,37,2,41,46,0,46,87
04/05/2023,WJF,CA,AWP,WE,Federal Contract Tower,0,1,6,10,17,0,1,96,3,100,0,2,102,13,117,120,0,120,237
04/06/2023,WJF,CA,AWP,WE,Federal Contract Tower,0,1,4,6,11,0,1,89,0,90,0,2,93,6,101,182,0,182,283
04/07/2023,WJF,CA,AWP,WE,Federal Contract Tower,0,1,4,0,5,0,1,116,0,117,0,2,120,0,122,194,0,194,316
04/08/2023,WJF,CA,AWP,WE,Federal Contract Tower,0,1,5,0,6,0,0,128,0,128,0,1,133,0,134,130,0,130,264
04/09/2023,WJF,CA,AWP,WE,Federal Contract Tower,0,1,2,0,3,0,0,89,0,89,0,1,91,0,92,70,0,70,162
04/10/2023,WJF,CA,AWP,WE,Federal Contract Tower,0,1,10,0,11,0,1,68,0,69,0,2,78,0,80,90,0,90,170
04/11/2023,WJF,CA,AWP,WE,Federal Contract Tower,0,1,5,2,8,0,1,52,3,56,0,2,57,5,64,120,2,122,186
04/12/2023,WJF,CA,AWP,WE,Federal Contract Tower,0,1,1,1,3,0,1,25,1,27,0,2,26,2,30,48,0,48,78
04/13/2023,WJF,CA,AWP,WE,Federal Contract Tower,0,1,0,4,5,0,1,10,0,11,0,2,10,4,16,0,0,0,16
04/14/2023,WJF,CA,AWP,WE,Federal Contract Tower,0,1,3,2,6,0,1,86,2,89,0,2,89,4,95,78,6,84,179
04/15/2023,WJF,CA,AWP,WE,Federal Contract Tower,0,0,8,0,8,0,0,138,0,138,0,0,146,0,146,102,0,102,248
04/16/2023,WJF,CA,AWP,WE,Federal Contract Tower,0,0,5,0,5,0,0,87,0,87,0,0,92,0,92,62,0,62,154
04/17/2023,WJF,CA,AWP,WE,Federal Contract Tower,0,1,8,4,13,0,1,25,2,28,0,2,33,6,41,0,8,8,49
04/18/2023,WJF,CA,AWP,WE,Federal Contract Tower,0,1,6,2,9,0,1,25,0,26,0,2,31,2,35,18,0,18,53
04/19/2023,WJF,CA,AWP,WE,Federal Contract Tower,0,1,13,0,14,0,1,28,0,29,0,2,41,0,43,14,0,14,57
04/20/2023,WJF,CA,AWP,WE,Federal Contract Tower,0,2,6,5,13,0,1,95,1,97,0,3,101,6,110,148,14,162,272
04/21/2023,WJF,CA,AWP,WE,Federal Contract Tower,0,0,1,4,5,0,0,88,0,88,0,0,89,4,93,138,4,142,235
04/22/2023,WJF,CA,AWP,WE,Federal Contract Tower,0,0,7,0,7,0,0,116,0,116,0,0,123,0,123,164,0,164,287
04/23/2023,WJF,CA,AWP,WE,Federal Contract Tower,0,0,3,0,3,0,0,57,0,57,0,0,60,0,60,56,0,56,116
04/24/2023,WJF,CA,AWP,WE,Federal Contract Tower,0,1,4,1,6,0,3,17,0,20,0,4,21,1,26,4,0,4,30
04/25/2023,WJF,CA,AWP,WE,Federal Contract Tower,0,1,15,0,16,0,1,46,1,48,0,2,61,1,64,118,0,118,182
04/26/2023,WJF,CA,AWP,WE,Federal Contract Tower,0,2,11,1,14,0,1,71,1,73,0,3,82,2,87,94,2,96,183
04/27/2023,WJF,CA,AWP,WE,Federal Contract Tower,0,2,8,0,10,0,1,50,0,51,0,3,58,0,61,94,0,94,155
04/28/2023,WJF,CA,AWP,WE,Federal Contract Tower,0,1,10,0,11,0,1,87,0,88,0,2,97,0,99,112,0,112,211
04/29/2023,WJF,CA,AWP,WE,Federal Contract Tower,0,0,12,0,12,0,0,142,0,142,0,0,154,0,154,96,0,96,250
04/30/2023,WJF,CA,AWP,WE,Federal Contract Tower,0,0,3,0,3,0,0,63,0,63,0,0,66,0,66,46,0,46,112
05/01/2023,WJF,CA,AWP,WE,Federal Contract Tower,0,1,0,0,1,0,1,15,0,16,0,2,15,0,17,0,0,0,17
05/02/2023,WJF,CA,AWP,WE,Federal Contract Tower,0,1,4,0,5,0,1,21,0,22,0,2,25,0,27,10,0,10,37
05/03/2023,WJF,CA,AWP,WE,Federal Contract Tower,0,1,1,0,2,0,1,23,2,26,0,2,24,2,28,62,0,62,90
05/04/2023,WJF,CA,AWP,WE,Federal Contract Tower,0,2,2,0,4,0,0,5,0,5,0,2,7,0,9,2,0,2,11
05/05/2023,WJF,CA,AWP,WE,Federal Contract Tower,0,1,2,0,3,0,1,34,0,35,0,2,36,0,38,34,0,34,72
05/06/2023,WJF,CA,AWP,WE,Federal Contract Tower,0,0,7,0,7,0,0,58,0,58,0,0,65,0,65,84,0,84,149
05/07/2023,WJF,CA,AWP,WE,Federal Contract Tower,0,0,2,0,2,0,0,48,0,48,0,0,50,0,50,26,0,26,76
05/08/2023,WJF,CA,AWP,WE,Federal Contract Tower,0,1,4,0,5,0,1,30,0,31,0,2,34,0,36,48,0,48,84
05/09/2023,WJF,CA,AWP,WE,Federal Contract Tower,0,1,11,2,14,0,1,32,0,33,0,2,43,2,47,52,0,52,99
05/10/2023,WJF,CA,AWP,WE,Federal Contract Tower,0,3,4,0,7,0,1,28,0,29,0,4,32,0,36,38,0,38,74
05/11/2023,WJF,CA,AWP,WE,Federal Contract Tower,0,1,5,4,10,0,1,70,0,71,0,2,75,4,81,142,0,142,223
05/12/2023,WJF,CA,AWP,WE,Federal Contract Tower,0,1,5,4,10,0,1,81,2,84,0,2,86,6,94,68,0,68,162
05/13/2023,WJF,CA,AWP,WE,Federal Contract Tower,0,0,5,0,5,0,0,127,0,127,0,0,132,0,132,98,0,98,230
05/14/2023,WJF,CA,AWP,WE,Federal Contract Tower,0,0,1,0,1,0,0,45,0,45,0,0,46,0,46,88,0,88,134
05/15/2023,WJF,CA,AWP,WE,Federal Contract Tower,0,0,10,2,12,0,0,70,0,70,0,0,80,2,82,112,0,112,194
05/16/2023,WJF,CA,AWP,WE,Federal Contract Tower,0,1,11,8,20,0,0,69,2,71,0,1,80,10,91,110,8,118,209
05/17/2023,WJF,CA,AWP,WE,Federal Contract Tower,0,5,8,4,17,0,1,45,0,46,0,6,53,4,63,96,0,96,159
05/18/2023,WJF,CA,AWP,WE,Federal Contract Tower,0,1,5,6,12,0,1,33,2,36,0,2,38,8,48,92,0,92,140
05/19/2023,WJF,CA,AWP,WE,Federal Contract Tower,0,1,5,8,14,0,1,51,0,52,0,2,56,8,66,48,0,48,114
05/20/2023,WJF,CA,AWP,WE,Federal Contract Tower,0,0,5,0,5,0,0,114,0,114,0,0,119,0,119,88,0,88,207
05/21/2023,WJF,CA,AWP,WE,Federal Contract Tower,0,0,12,0,12,0,0,84,0,84,0,0,96,0,96,142,0,142,238
05/22/2023,WJF,CA,AWP,WE,Federal Contract Tower,0,1,0,2,3,0,1,32,0,33,0,2,32,2,36,40,0,40,76
05/23/2023,WJF,CA,AWP,WE,Federal Contract Tower,0,1,5,4,10,0,1,38,0,39,0,2,43,4,49,26,12,38,87
05/24/2023,WJF,CA,AWP,WE,Federal Contract Tower,0,1,3,3,7,0,1,58,2,61,0,2,61,5,68,24,0,24,92
05/25/2023,WJF,CA,AWP,WE,Federal Contract Tower,0,1,4,1,6,0,1,58,1,60,0,2,62,2,66,106,0,106,172
05/26/2023,WJF,CA,AWP,WE,Federal Contract Tower,0,2,8,0,10,0,1,38,0,39,0,3,46,0,49,26,0,26,75
05/27/2023,WJF,CA,AWP,WE,Federal Contract Tower,0,0,3,0,3,0,0,75,0,75,0,0,78,0,78,118,0,118,196
05/28/2023,WJF,CA,AWP,WE,Federal Contract Tower,0,0,5,0,5,0,0,62,0,62,0,0,67,0,67,68,0,68,135
05/29/2023,WJF,CA,AWP,WE,Federal Contract Tower,0,0,2,0,2,0,0,50,0,50,0,0,52,0,52,30,0,30,82
05/30/2023,WJF,CA,AWP,WE,Federal Contract Tower,0,1,1,0,2,0,1,28,0,29,0,2,29,0,31,50,8,58,89
05/31/2023,WJF,CA,AWP,WE,Federal Contract Tower,0,1,2,0,3,0,1,9,0,10,0,2,11,0,13,0,2,2,15
06/01/2023,WJF,CA,AWP,WE,Federal Contract Tower,0,1,4,0,5,0,1,40,0,41,0,2,44,0,46,18,0,18,64
06/02/2023,WJF,CA,AWP,WE,Federal Contract Tower,0,1,5,0,6,0,1,70,0,71,0,2,75,0,77,106,0,106,183
06/03/2023,WJF,CA,AWP,WE,Federal Contract Tower,0,0,2,0,2,0,0,140,0,140,0,0,142,0,142,160,0,160,302
06/04/2023,WJF,CA,AWP,WE,Federal Contract Tower,0,0,8,0,8,0,0,65,0,65,0,0,73,0,73,94,0,94,167
06/05/2023,WJF,CA,AWP,WE,Federal Contract Tower,0,1,3,0,4,0,1,43,0,44,0,2,46,0,48,66,0,66,114
06/06/2023,WJF,CA,AWP,WE,Federal Contract Tower,0,1,7,0,8,0,1,34,0,35,0,2,41,0,43,74,0,74,117
06/07/2023,WJF,CA,AWP,WE,Federal Contract Tower,0,6,9,5,20,0,1,39,1,41,0,7,48,6,61,66,2,68,129
06/08/2023,WJF,CA,AWP,WE,Federal Contract Tower,0,0,8,1,9,0,1,74,3,78,0,1,82,4,87,130,2,132,219
06/09/2023,WJF,CA,AWP,WE,Federal Contract Tower,0,2,7,2,11,0,3,61,0,64,0,5,68,2,75,71,0,71,146
06/10/2023,WJF,CA,AWP,WE,Federal Contract Tower,0,0,16,0,16,0,0,72,0,72,0,0,88,0,88,122,0,122,210
06/11/2023,WJF,CA,AWP,WE,Federal Contract Tower,0,0,7,0,7,0,0,11,0,11,0,0,18,0,18,34,0,34,52
06/12/2023,WJF,CA,AWP,WE,Federal Contract Tower,0,1,8,0,9,0,1,41,0,42,0,2,49,0,51,20,0,20,71
06/13/2023,WJF,CA,AWP,WE,Federal Contract Tower,0,1,1,0,2,0,1,79,0,80,0,2,80,0,82,68,0,68,150
06/14/2023,WJF,CA,AWP,WE,Federal Contract Tower,0,1,14,2,17,0,1,74,0,75,0,2,88,2,92,112,0,112,204
06/15/2023,WJF,CA,AWP,WE,Federal Contract Tower,0,2,0,0,2,0,1,62,0,63,0,3,62,0,65,58,0,58,123
06/16/2023,WJF,CA,AWP,WE,Federal Contract Tower,0,1,3,0,4,0,0,139,0,139,0,1,142,0,143,174,0,174,317
06/17/2023,WJF,CA,AWP,WE,Federal Contract Tower,0,0,9,0,9,0,0,122,0,122,0,0,131,0,131,124,0,124,255
06/18/2023,WJF,CA,AWP,WE,Federal Contract Tower,0,0,0,0,0,0,0,29,0,29,0,0,29,0,29,84,0,84,113
06/19/2023,WJF,CA,AWP,WE,Federal Contract Tower,0,0,5,0,5,0,0,17,3,20,0,0,22,3,25,8,0,8,33
06/20/2023,WJF,CA,AWP,WE,Federal Contract Tower,0,1,6,0,7,0,1,35,0,36,0,2,41,0,43,36,0,36,79
06/21/2023,WJF,CA,AWP,WE,Federal Contract Tower,0,1,8,0,9,0,1,49,0,50,0,2,57,0,59,58,0,58,117
06/22/2023,WJF,CA,AWP,WE,Federal Contract Tower,0,1,5,2,8,0,1,31,0,32,0,2,36,2,40,26,0,26,66
06/23/2023,WJF,CA,AWP,WE,Federal Contract Tower,0,2,2,4,8,0,4,62,0,66,0,6,64,4,74,56,0,56,130
06/24/2023,WJF,CA,AWP,WE,Federal Contract Tower,0,0,10,0,10,0,0,142,0,142,0,0,152,0,152,204,0,204,356
06/25/2023,WJF,CA,AWP,WE,Federal Contract Tower,0,0,6,0,6,0,0,45,0,45,0,0,51,0,51,128,0,128,179
06/26/2023,WJF,CA,AWP,WE,Federal Contract Tower,0,1,9,2,12,0,1,32,0,33,0,2,41,2,45,30,0,30,75
06/27/2023,WJF,CA,AWP,WE,Federal Contract Tower,0,1,8,6,15,0,1,56,0,57,0,2,64,6,72,34,0,34,106
06/28/2023,WJF,CA,AWP,WE,Federal Contract Tower,0,1,2,8,11,0,1,41,0,42,0,2,43,8,53,90,0,90,143
06/29/2023,WJF,CA,AWP,WE,Federal Contract Tower,0,1,13,2,16,0,1,56,0,57,0,2,69,2,73,92,0,92,165
06/30/2023,WJF,CA,AWP,WE,Federal Contract Tower,0,1,2,6,9,0,1,79,0,80,0,2,81,6,89,120,0,120,209
07/01/2023,WJF,CA,AWP,WE,Federal Contract Tower,0,0,2,0,2,0,0,64,0,64,0,0,66,0,66,112,0,112,178
07/02/2023,WJF,CA,AWP,WE,Federal Contract Tower,0,0,8,0,8,0,0,70,0,70,0,0,78,0,78,114,0,114,192
07/03/2023,WJF,CA,AWP,WE,Federal Contract Tower,0,1,0,0,1,0,1,58,0,59,0,2,58,0,60,78,0,78,138
07/04/2023,WJF,CA,AWP,WE,Federal Contract Tower,0,0,3,0,3,0,0,41,0,41,0,0,44,0,44,58,0,58,102
07/05/2023,WJF,CA,AWP,WE,Federal Contract Tower,0,1,2,0,3,0,1,48,0,49,0,2,50,0,52,92,0,92,144
07/06/2023,WJF,CA,AWP,WE,Federal Contract Tower,0,1,1,4,6,0,1,45,0,46,0,2,46,4,52,96,0,96,148
07/07/2023,WJF,CA,AWP,WE,Federal Contract Tower,0,0,3,0,3,0,0,81,0,81,0,0,84,0,84,64,0,64,148
07/08/2023,WJF,CA,AWP,WE,Federal Contract Tower,0,0,4,0,4,0,0,78,0,78,0,0,82,0,82,78,0,78,160
07/09/2023,WJF,CA,AWP,WE,Federal Contract Tower,0,0,5,0,5,0,0,57,0,57,0,0,62,0,62,80,0,80,142
07/10/2023,WJF,CA,AWP,WE,Federal Contract Tower,0,1,6,0,7,0,1,42,0,43,0,2,48,0,50,36,0,36,86
07/11/2023,WJF,CA,AWP,WE,Federal Contract Tower,0,1,7,2,10,0,1,74,0,75,0,2,81,2,85,84,0,84,169
07/12/2023,WJF,CA,AWP,WE,Federal Contract Tower,0,1,3,0,4,0,1,52,0,53,0,2,55,0,57,46,0,46,103
07/13/2023,WJF,CA,AWP,WE,Federal Contract Tower,0,1,1,2,4,0,1,51,0,52,0,2,52,2,56,18,0,18,74
07/14/2023,WJF,CA,AWP,WE,Federal Contract Tower,0,9,12,0,21,0,1,88,0,89,0,10,100,0,110,106,0,106,216
07/15/2023,WJF,CA,AWP,WE,Federal Contract Tower,0,0,0,0,0,0,0,90,0,90,0,0,90,0,90,134,0,134,224
07/16/2023,WJF,CA,AWP,WE,Federal Contract Tower,0,0,3,0,3,0,0,55,0,55,0,0,58,0,58,78,0,78,136
07/17/2023,WJF,CA,AWP,WE,Federal Contract Tower,0,1,2,6,9,0,1,29,3,33,0,2,31,9,42,24,0,24,66
07/18/2023,WJF,CA,AWP,WE,Federal Contract Tower,0,2,2,4,8,0,0,34,4,38,0,2,36,8,46,46,2,48,94
07/19/2023,WJF,CA,AWP,WE,Federal Contract Tower,0,1,1,0,2,0,1,69,0,70,0,2,70,0,72,60,0,60,132
07/20/2023,WJF,CA,AWP,WE,Federal Contract Tower,0,1,0,0,1,0,1,48,0,49,0,2,48,0,50,82,0,82,132
07/21/2023,WJF,CA,AWP,WE,Federal Contract Tower,0,1,6,0,7,0,1,65,0,66,0,2,71,0,73,54,0,54,127
07/22/2023,WJF,CA,AWP,WE,Federal Contract Tower,0,0,2,0,2,0,0,65,0,65,0,0,67,0,67,96,0,96,163
07/23/2023,WJF,CA,AWP,WE,Federal Contract Tower,0,0,2,0,2,0,0,51,0,51,0,0,53,0,53,84,0,84,137
07/24/2023,WJF,CA,AWP,WE,Federal Contract Tower,0,1,12,0,13,0,1,52,0,53,0,2,64,0,66,60,0,60,126
07/25/2023,WJF,CA,AWP,WE,Federal Contract Tower,0,1,7,0,8,0,1,69,0,70,0,2,76,0,78,56,0,56,134
07/26/2023,WJF,CA,AWP,WE,Federal Contract Tower,0,1,1,0,2,0,1,48,0,49,0,2,49,0,51,72,0,72,123
07/27/2023,WJF,CA,AWP,WE,Federal Contract Tower,0,1,0,0,1,0,1,63,0,64,0,2,63,0,65,96,2,98,163
07/28/2023,WJF,CA,AWP,WE,Federal Contract Tower,0,1,4,0,5,0,1,55,0,56,0,2,59,0,61,124,0,124,185
07/29/2023,WJF,CA,AWP,WE,Federal Contract Tower,0,0,6,0,6,0,0,119,0,119,0,0,125,0,125,84,0,84,209
07/30/2023,WJF,CA,AWP,WE,Federal Contract Tower,0,0,1,0,1,0,0,72,0,72,0,0,73,0,73,82,0,82,155
07/31/2023,WJF,CA,AWP,WE,Federal Contract Tower,0,1,1,2,4,0,1,48,0,49,0,2,49,2,53,64,0,64,117
08/01/2023,WJF,CA,AWP,WE,Federal Contract Tower,0,1,7,2,10,0,1,54,0,55,0,2,61,2,65,82,0,82,147
08/02/2023,WJF,CA,AWP,WE,Federal Contract Tower,0,1,1,0,2,0,1,128,0,129,0,2,129,0,131,54,4,58,189
08/03/2023,WJF,CA,AWP,WE,Federal Contract Tower,0,1,1,0,2,0,1,47,1,49,0,2,48,1,51,74,38,112,163
08/04/2023,WJF,CA,AWP,WE,Federal Contract Tower,0,1,5,0,6,0,1,106,0,107,0,2,111,0,113,80,0,80,193
08/05/2023,WJF,CA,AWP,WE,Federal Contract Tower,0,0,10,0,10,0,0,113,0,113,0,0,123,0,123,126,0,126,249
08/06/2023,WJF,CA,AWP,WE,Federal Contract Tower,0,0,10,0,10,0,0,74,0,74,0,0,84,0,84,60,0,60,144
08/07/2023,WJF,CA,AWP,WE,Federal Contract Tower,0,1,2,4,7,0,1,43,0,44,0,2,45,4,51,34,12,46,97
08/08/2023,WJF,CA,AWP,WE,Federal Contract Tower,0,1,3,10,14,0,1,27,0,28,0,2,30,10,42,58,0,58,100
08/09/2023,WJF,CA,AWP,WE,Federal Contract Tower,0,1,1,4,6,0,0,33,2,35,0,1,34,6,41,8,0,8,49
08/10/2023,WJF,CA,AWP,WE,Federal Contract Tower,0,1,8,5,14,0,1,33,0,34,0,2,41,5,48,62,0,62,110
08/11/2023,WJF,CA,AWP,WE,Federal Contract Tower,0,1,6,0,7,0,1,48,0,49,0,2,54,0,56,96,0,96,152
08/12/2023,WJF,CA,AWP,WE,Federal Contract Tower,0,2,7,0,9,0,0,58,0,58,0,2,65,0,67,74,0,74,141
08/13/2023,WJF,CA,AWP,WE,Federal Contract Tower,0,2,0,0,2,0,0,68,0,68,0,2,68,0,70,68,0,68,138
08/14/2023,WJF,CA,AWP,WE,Federal Contract Tower,0,1,5,0,6,0,1,42,0,43,0,2,47,0,49,30,0,30,79
08/15/2023,WJF,CA,AWP,WE,Federal Contract Tower,0,1,2,0,3,0,0,37,0,37,0,1,39,0,40,74,0,74,114
08/16/2023,WJF,CA,AWP,WE,Federal Contract Tower,0,1,5,2,8,0,1,39,0,40,0,2,44,2,48,68,0,68,116
08/17/2023,WJF,CA,AWP,WE,Federal Contract Tower,0,1,5,0,6,0,1,52,0,53,0,2,57,0,59,64,0,64,123
08/18/2023,WJF,CA,AWP,WE,Federal Contract Tower,0,1,5,2,8,0,1,68,0,69,0,2,73,2,77,78,0,78,155
08/19/2023,WJF,CA,AWP,WE,Federal Contract Tower,0,0,6,0,6,0,0,69,0,69,0,0,75,0,75,56,0,56,131
08/20/2023,WJF,CA,AWP,WE,Federal Contract Tower,0,0,1,0,1,0,0,0,0,0,0,0,1,0,1,2,0,2,3
08/21/2023,WJF,CA,AWP,WE,Federal Contract Tower,0,1,2,0,3,0,1,14,0,15,0,2,16,0,18,28,0,28,46
08/22/2023,WJF,CA,AWP,WE,Federal Contract Tower,0,3,2,2,7,0,1,59,0,60,0,4,61,2,67,48,0,48,115
08/23/2023,WJF,CA,AWP,WE,Federal Contract Tower,0,3,4,0,7,0,3,66,0,69,0,6,70,0,76,78,0,78,154
08/24/2023,WJF,CA,AWP,WE,Federal Contract Tower,0,2,3,6,11,0,1,71,2,74,0,3,74,8,85,52,12,64,149
08/25/2023,WJF,CA,AWP,WE,Federal Contract Tower,0,1,0,2,3,0,1,94,0,95,0,2,94,2,98,162,0,162,260
08/26/2023,WJF,CA,AWP,WE,Federal Contract Tower,0,0,4,0,4,0,0,106,0,106,0,0,110,0,110,154,0,154,264
08/27/2023,WJF,CA,AWP,WE,Federal Contract Tower,0,0,4,0,4,0,0,73,0,73,0,0,77,0,77,112,0,112,189
08/28/2023,WJF,CA,AWP,WE,Federal Contract Tower,0,1,6,0,7,0,1,32,0,33,0,2,38,0,40,40,0,40,80
08/29/2023,WJF,CA,AWP,WE,Federal Contract Tower,0,2,2,0,4,0,1,61,1,63,0,3,63,1,67,102,0,102,169
08/30/2023,WJF,CA,AWP,WE,Federal Contract Tower,0,1,1,4,6,0,1,58,0,59,0,2,59,4,65,76,0,76,141
08/31/2023,WJF,CA,AWP,WE,Federal Contract Tower,0,1,1,0,2,0,1,42,0,43,0,2,43,0,45,42,0,42,87
01/01/2020,WJF,CA,AWP,WE,Federal Contract Tower,0,0,1,0,1,0,0,59,0,59,0,0,60,0,60,24,0,24,84
01/02/2020,WJF,CA,AWP,WE,Federal Contract Tower,0,1,3,0,4,0,1,55,0,56,0,2,58,0,60,58,0,58,118
01/03/2020,WJF,CA,AWP,WE,Federal Contract Tower,0,1,4,2,7,0,1,74,0,75,0,2,78,2,82,54,0,54,136
01/04/2020,WJF,CA,AWP,WE,Federal Contract Tower,0,0,3,0,3,0,0,88,0,88,0,0,91,0,91,42,0,42,133
01/05/2020,WJF,CA,AWP,WE,Federal Contract Tower,0,0,4,0,4,0,0,51,0,51,0,0,55,0,55,20,0,20,75
01/06/2020,WJF,CA,AWP,WE,Federal Contract Tower,0,1,2,0,3,0,1,30,0,31,0,2,32,0,34,28,0,28,62
01/07/2020,WJF,CA,AWP,WE,Federal Contract Tower,0,1,2,2,5,0,1,65,0,66,0,2,67,2,71,64,0,64,135
01/08/2020,WJF,CA,AWP,WE,Federal Contract Tower,0,1,1,6,8,0,1,37,0,38,0,2,38,6,46,20,0,20,66
01/09/2020,WJF,CA,AWP,WE,Federal Contract Tower,0,0,2,10,12,0,1,18,1,20,0,1,20,11,32,0,14,14,46
01/10/2020,WJF,CA,AWP,WE,Federal Contract Tower,0,0,3,4,7,0,1,28,0,29,0,1,31,4,36,4,0,4,40
01/11/2020,WJF,CA,AWP,WE,Federal Contract Tower,0,0,6,0,6,0,0,29,0,29,0,0,35,0,35,6,0,6,41
01/12/2020,WJF,CA,AWP,WE,Federal Contract Tower,0,0,4,0,4,0,0,62,0,62,0,0,66,0,66,66,0,66,132
01/13/2020,WJF,CA,AWP,WE,Federal Contract Tower,0,1,3,4,8,0,1,38,0,39,0,2,41,4,47,54,0,54,101
01/14/2020,WJF,CA,AWP,WE,Federal Contract Tower,0,1,5,11,17,0,1,29,0,30,0,2,34,11,47,6,0,6,53
01/15/2020,WJF,CA,AWP,WE,Federal Contract Tower,0,1,9,6,16,0,1,70,3,74,0,2,79,9,90,58,28,86,176
01/16/2020,WJF,CA,AWP,WE,Federal Contract Tower,0,0,5,0,5,0,0,13,28,41,0,0,18,28,46,46,0,46,92
01/17/2020,WJF,CA,AWP,WE,Federal Contract Tower,0,1,7,0,8,0,1,87,0,88,0,2,94,0,96,108,0,108,204
01/18/2020,WJF,CA,AWP,WE,Federal Contract Tower,0,0,9,0,9,0,0,108,0,108,0,0,117,0,117,122,0,122,239
01/19/2020,WJF,CA,AWP,WE,Federal Contract Tower,0,0,1,0,1,0,0,82,0,82,0,0,83,0,83,66,0,66,149
01/20/2020,WJF,CA,AWP,WE,Federal Contract Tower,0,0,5,0,5,0,1,49,0,50,0,1,54,0,55,60,0,60,115
01/21/2020,WJF,CA,AWP,WE,Federal Contract Tower,0,1,8,0,9,0,1,36,0,37,0,2,44,0,46,48,0,48,94
01/22/2020,WJF,CA,AWP,WE,Federal Contract Tower,0,1,1,6,8,0,1,43,1,45,0,2,44,7,53,84,6,90,143
01/23/2020,WJF,CA,AWP,WE,Federal Contract Tower,0,4,12,4,20,0,2,63,0,65,0,6,75,4,85,48,0,48,133
01/24/2020,WJF,CA,AWP,WE,Federal Contract Tower,0,3,2,0,5,0,3,101,2,106,0,6,103,2,111,110,0,110,221
01/25/2020,WJF,CA,AWP,WE,Federal Contract Tower,0,0,2,0,2,0,0,106,0,106,0,0,108,0,108,168,0,168,276
01/26/2020,WJF,CA,AWP,WE,Federal Contract Tower,0,0,14,3,17,0,0,60,5,65,0,0,74,8,82,34,0,34,116
01/27/2020,WJF,CA,AWP,WE,Federal Contract Tower,0,1,6,6,13,0,1,71,0,72,0,2,77,6,85,62,0,62,147
01/28/2020,WJF,CA,AWP,WE,Federal Contract Tower,0,1,3,4,8,0,2,34,6,42,0,3,37,10,50,18,6,24,74
01/29/2020,WJF,CA,AWP,WE,Federal Contract Tower,0,1,3,2,6,0,1,39,0,40,0,2,42,2,46,54,4,58,104
01/30/2020,WJF,CA,AWP,WE,Federal Contract Tower,0,2,15,4,21,0,0,66,4,70,0,2,81,8,91,54,18,72,163
01/31/2020,WJF,CA,AWP,WE,Federal Contract Tower,0,3,14,2,19,0,1,95,0,96,0,4,109,2,115,118,0,118,233
02/01/2020,WJF,CA,AWP,WE,Federal Contract Tower,0,0,4,0,4,0,0,141,0,141,0,0,145,0,145,212,0,212,357
02/02/2020,WJF,CA,AWP,WE,Federal Contract Tower,0,0,3,0,3,0,0,39,0,39,0,0,42,0,42,70,0,70,112
02/03/2020,WJF,CA,AWP,WE,Federal Contract Tower,0,1,1,10,12,0,1,40,0,41,0,2,41,10,53,24,0,24,77
02/04/2020,WJF,CA,AWP,WE,Federal Contract Tower,0,1,3,0,4,0,1,22,0,23,0,2,25,0,27,12,0,12,39
02/05/2020,WJF,CA,AWP,WE,Federal Contract Tower,0,1,7,8,16,0,1,59,0,60,0,2,66,8,76,20,4,24,100
02/06/2020,WJF,CA,AWP,WE,Federal Contract Tower,0,1,7,3,11,0,1,82,1,84,0,2,89,4,95,21,4,25,120
02/07/2020,WJF,CA,AWP,WE,Federal Contract Tower,0,1,8,2,11,0,1,110,0,111,0,2,118,2,122,116,0,116,238
02/08/2020,WJF,CA,AWP,WE,Federal Contract Tower,0,0,4,0,4,0,0,60,0,60,0,0,64,0,64,6,0,6,70
02/09/2020,WJF,CA,AWP,WE,Federal Contract Tower,0,0,3,0,3,0,0,20,0,20,0,0,23,0,23,34,0,34,57
02/10/2020,WJF,CA,AWP,WE,Federal Contract Tower,0,1,1,0,2,0,1,13,0,14,0,2,14,0,16,0,0,0,16
02/11/2020,WJF,CA,AWP,WE,Federal Contract Tower,0,1,8,6,15,0,1,47,0,48,0,2,55,6,63,14,0,14,77
02/12/2020,WJF,CA,AWP,WE,Federal Contract Tower,0,1,7,0,8,0,1,74,0,75,0,2,81,0,83,54,0,54,137
02/13/2020,WJF,CA,AWP,WE,Federal Contract Tower,0,1,1,0,2,0,1,65,0,66,0,2,66,0,68,26,0,26,94
02/14/2020,WJF,CA,AWP,WE,Federal Contract Tower,0,1,6,0,7,0,1,82,0,83,0,2,88,0,90,56,0,56,146
02/15/2020,WJF,CA,AWP,WE,Federal Contract Tower,0,0,5,0,5,0,0,80,0,80,0,0,85,0,85,64,0,64,149
02/16/2020,WJF,CA,AWP,WE,Federal Contract Tower,0,0,0,0,0,0,0,48,0,48,0,0,48,0,48,34,0,34,82
02/17/2020,WJF,CA,AWP,WE,Federal Contract Tower,0,1,13,1,15,0,1,44,10,55,0,2,57,11,70,50,0,50,120
02/18/2020,WJF,CA,AWP,WE,Federal Contract Tower,0,0,4,1,5,0,1,47,1,49,0,1,51,2,54,82,0,82,136
02/19/2020,WJF,CA,AWP,WE,Federal Contract Tower,0,1,2,0,3,0,1,65,0,66,0,2,67,0,69,48,0,48,117
02/20/2020,WJF,CA,AWP,WE,Federal Contract Tower,0,3,6,0,9,0,1,74,0,75,0,4,80,0,84,74,0,74,158
02/21/2020,WJF,CA,AWP,WE,Federal Contract Tower,0,1,0,0,1,0,1,92,2,95,0,2,92,2,96,88,4,92,188
02/22/2020,WJF,CA,AWP,WE,Federal Contract Tower,0,0,7,0,7,0,0,29,0,29,0,0,36,0,36,46,0,46,82
02/23/2020,WJF,CA,AWP,WE,Federal Contract Tower,0,0,1,0,1,0,0,93,0,93,0,0,94,0,94,58,0,58,152
02/24/2020,WJF,CA,AWP,WE,Federal Contract Tower,0,1,7,0,8,0,1,50,0,51,0,2,57,0,59,46,0,46,105
02/25/2020,WJF,CA,AWP,WE,Federal Contract Tower,0,1,7,0,8,0,1,34,0,35,0,2,41,0,43,38,0,38,81
02/26/2020,WJF,CA,AWP,WE,Federal Contract Tower,0,1,2,1,4,0,1,72,0,73,0,2,74,1,77,120,2,122,199
02/27/2020,WJF,CA,AWP,WE,Federal Contract Tower,0,1,1,10,12,0,1,56,0,57,0,2,57,10,69,60,0,60,129
02/28/2020,WJF,CA,AWP,WE,Federal Contract Tower,0,1,6,0,7,0,1,81,0,82,0,2,87,0,89,98,0,98,187
02/29/2020,WJF,CA,AWP,WE,Federal Contract Tower,0,0,3,0,3,0,0,72,0,72,0,0,75,0,75,112,0,112,187
03/01/2020,WJF,CA,AWP,WE,Federal Contract Tower,0,0,0,0,0,0,0,15,0,15,0,0,15,0,15,0,0,0,15
03/02/2020,WJF,CA,AWP,WE,Federal Contract Tower,0,1,3,7,11,0,0,20,1,21,0,1,23,8,32,8,12,20,52
03/03/2020,WJF,CA,AWP,WE,Federal Contract Tower,0,0,7,0,7,0,1,79,0,80,0,1,86,0,87,80,0,80,167
03/04/2020,WJF,CA,AWP,WE,Federal Contract Tower,0,1,8,10,19,0,1,81,0,82,0,2,89,10,101,76,0,76,177
03/05/2020,WJF,CA,AWP,WE,Federal Contract Tower,0,1,20,6,27,0,1,71,4,76,0,2,91,10,103,122,2,124,227
03/06/2020,WJF,CA,AWP,WE,Federal Contract Tower,0,1,0,7,8,0,1,99,0,100,0,2,99,7,108,102,0,102,210
03/07/2020,WJF,CA,AWP,WE,Federal Contract Tower,0,2,2,0,4,0,0,30,0,30,0,2,32,0,34,52,0,52,86
03/08/2020,WJF,CA,AWP,WE,Federal Contract Tower,0,0,13,0,13,0,0,75,0,75,0,0,88,0,88,54,0,54,142
03/09/2020,WJF,CA,AWP,WE,Federal Contract Tower,0,1,5,0,6,0,1,83,0,84,0,2,88,0,90,68,0,68,158
03/10/2020,WJF,CA,AWP,WE,Federal Contract Tower,0,0,0,4,4,0,0,0,0,0,0,0,0,4,4,12,0,12,16
03/11/2020,WJF,CA,AWP,WE,Federal Contract Tower,0,2,1,4,7,0,0,35,0,35,0,2,36,4,42,46,0,46,88
03/12/2020,WJF,CA,AWP,WE,Federal Contract Tower,0,1,6,4,11,0,1,35,0,36,0,2,41,4,47,62,0,62,109
03/13/2020,WJF,CA,AWP,WE,Federal Contract Tower,0,2,1,5,8,0,0,29,0,29,0,2,30,5,37,16,2,18,55
03/14/2020,WJF,CA,AWP,WE,Federal Contract Tower,0,0,9,0,9,0,0,9,1,10,0,0,18,1,19,50,0,50,69
03/15/2020,WJF,CA,AWP,WE,Federal Contract Tower,0,0,6,0,6,0,0,29,0,29,0,0,35,0,35,36,0,36,71
03/16/2020,WJF,CA,AWP,WE,Federal Contract Tower,0,2,0,4,6,0,0,15,0,15,0,2,15,4,21,18,0,18,39
03/17/2020,WJF,CA,AWP,WE,Federal Contract Tower,0,1,22,2,25,0,1,41,0,42,0,2,63,2,67,52,12,64,131
03/18/2020,WJF,CA,AWP,WE,Federal Contract Tower,0,1,13,4,18,0,1,54,0,55,0,2,67,4,73,60,0,60,133
03/19/2020,WJF,CA,AWP,WE,Federal Contract Tower,0,2,3,0,5,0,0,15,0,15,0,2,18,0,20,16,0,16,36
03/20/2020,WJF,CA,AWP,WE,Federal Contract Tower,0,1,10,0,11,0,1,52,0,53,0,2,62,0,64,104,0,104,168
03/21/2020,WJF,CA,AWP,WE,Federal Contract Tower,0,0,1,0,1,0,0,46,0,46,0,0,47,0,47,78,0,78,125
03/22/2020,WJF,CA,AWP,WE,Federal Contract Tower,0,0,1,0,1,0,0,44,0,44,0,0,45,0,45,32,0,32,77
03/23/2020,WJF,CA,AWP,WE,Federal Contract Tower,0,0,0,1,1,0,1,25,1,27,0,1,25,2,28,2,6,8,36
03/24/2020,WJF,CA,AWP,WE,Federal Contract Tower,0,1,3,0,4,0,1,10,0,11,0,2,13,0,15,22,0,22,37
03/25/2020,WJF,CA,AWP,WE,Federal Contract Tower,0,1,1,0,2,0,1,9,0,10,0,2,10,0,12,0,0,0,12
03/26/2020,WJF,CA,AWP,WE,Federal Contract Tower,0,1,0,0,1,0,1,35,0,36,0,2,35,0,37,18,0,18,55
03/27/2020,WJF,CA,AWP,WE,Federal Contract Tower,0,1,5,2,8,0,0,37,0,37,0,1,42,2,45,38,8,46,91
03/28/2020,WJF,CA,AWP,WE,Federal Contract Tower,0,0,8,0,8,0,0,81,0,81,0,0,89,0,89,90,0,90,179
03/29/2020,WJF,CA,AWP,WE,Federal Contract Tower,0,0,1,0,1,0,0,21,0,21,0,0,22,0,22,36,0,36,58
03/30/2020,WJF,CA,AWP,WE,Federal Contract Tower,0,1,1,0,2,0,1,58,0,59,0,2,59,0,61,44,0,44,105
03/31/2020,WJF,CA,AWP,WE,Federal Contract Tower,0,2,4,0,6,0,0,45,0,45,0,2,49,0,51,90,0,90,141
04/01/2020,WJF,CA,AWP,WE,Federal Contract Tower,0,1,4,0,5,0,1,21,0,22,0,2,25,0,27,6,0,6,33
04/02/2020,WJF,CA,AWP,WE,Federal Contract Tower,0,1,2,0,3,0,1,35,0,36,0,2,37,0,39,38,0,38,77
04/03/2020,WJF,CA,AWP,WE,Federal Contract Tower,0,0,1,0,1,0,1,61,0,62,0,1,62,0,63,122,0,122,185
04/04/2020,WJF,CA,AWP,WE,Federal Contract Tower,0,0,0,0,0,0,0,35,0,35,0,0,35,0,35,96,0,96,131
04/05/2020,WJF,CA,AWP,WE,Federal Contract Tower,0,0,2,0,2,0,0,8,0,8,0,0,10,0,10,74,0,74,84
04/06/2020,WJF,CA,AWP,WE,Federal Contract Tower,0,2,2,0,4,0,0,6,0,6,0,2,8,0,10,52,0,52,62
04/07/2020,WJF,CA,AWP,WE,Federal Contract Tower,0,0,2,0,2,0,0,14,0,14,0,0,16,0,16,74,0,74,90
04/08/2020,WJF,CA,AWP,WE,Federal Contract Tower,0,2,1,0,3,0,0,3,0,3,0,2,4,0,6,56,0,56,62
04/09/2020,WJF,CA,AWP,WE,Federal Contract Tower,0,4,0,2,6,0,0,4,0,4,0,4,4,2,10,0,0,0,10
04/10/2020,WJF,CA,AWP,WE,Federal Contract Tower,0,4,0,0,4,0,0,8,0,8,0,4,8,0,12,60,0,60,72
04/11/2020,WJF,CA,AWP,WE,Federal Contract Tower,0,0,0,0,0,0,0,140,0,140,0,0,140,0,140,198,0,198,338
04/12/2020,WJF,CA,AWP,WE,Federal Contract Tower,0,0,0,0,0,0,0,22,0,22,0,0,22,0,22,0,0,0,22
04/13/2020,WJF,CA,AWP,WE,Federal Contract Tower,0,4,1,2,7,0,1,34,0,35,0,5,35,2,42,18,4,22,64
04/14/2020,WJF,CA,AWP,WE,Federal Contract Tower,0,1,5,2,8,0,1,73,0,74,0,2,78,2,82,144,0,144,226
04/15/2020,WJF,CA,AWP,WE,Federal Contract Tower,0,1,10,0,11,0,1,115,0,116,0,2,125,0,127,140,0,140,267
04/16/2020,WJF,CA,AWP,WE,Federal Contract Tower,0,1,4,0,5,0,1,55,0,56,0,2,59,0,61,66,0,66,127
04/17/2020,WJF,CA,AWP,WE,Federal Contract Tower,0,1,1,0,2,0,1,43,0,44,0,2,44,0,46,96,0,96,142
04/18/2020,WJF,CA,AWP,WE,Federal Contract Tower,0,0,3,0,3,0,0,24,0,24,0,0,27,0,27,54,0,54,81
04/19/2020,WJF,CA,AWP,WE,Federal Contract Tower,0,0,13,0,13,0,0,62,0,62,0,0,75,0,75,60,0,60,135
04/20/2020,WJF,CA,AWP,WE,Federal Contract Tower,0,1,9,2,12,0,1,25,2,28,0,2,34,4,40,48,6,54,94
04/21/2020,WJF,CA,AWP,WE,Federal Contract Tower,0,1,4,2,7,0,1,51,0,52,0,2,55,2,59,70,0,70,129
04/22/2020,WJF,CA,AWP,WE,Federal Contract Tower,0,1,4,4,9,0,1,65,0,66,0,2,69,4,75,94,0,94,169
04/23/2020,WJF,CA,AWP,WE,Federal Contract Tower,0,1,0,2,3,0,2,54,0,56,0,3,54,2,59,54,0,54,113
04/24/2020,WJF,CA,AWP,WE,Federal Contract Tower,0,0,5,0,5,0,2,111,0,113,0,2,116,0,118,176,0,176,294
04/25/2020,WJF,CA,AWP,WE,Federal Contract Tower,0,0,10,0,10,0,0,104,0,104,0,0,114,0,114,182,0,182,296
04/26/2020,WJF,CA,AWP,WE,Federal Contract Tower,0,0,6,0,6,0,0,74,0,74,0,0,80,0,80,108,0,108,188
04/27/2020,WJF,CA,AWP,WE,Federal Contract Tower,0,0,6,0,6,0,2,13,0,15,0,2,19,0,21,10,0,10,31
04/28/2020,WJF,CA,AWP,WE,Federal Contract Tower,0,0,2,0,2,0,2,61,0,63,0,2,63,0,65,16,0,16,81
04/29/2020,WJF,CA,AWP,WE,Federal Contract Tower,0,0,2,2,4,0,2,46,0,48,0,2,48,2,52,26,0,26,78
04/30/2020,WJF,CA,AWP,WE,Federal Contract Tower,0,0,1,2,3,0,2,21,0,23,0,2,22,2,26,4,0,4,30
05/01/2020,WJF,CA,AWP,WE,Federal Contract Tower,0,0,0,4,4,0,2,24,0,26,0,2,24,4,30,28,0,28,58
05/02/2020,WJF,CA,AWP,WE,Federal Contract Tower,0,0,2,0,2,0,0,33,0,33,0,0,35,0,35,60,0,60,95
05/03/2020,WJF,CA,AWP,WE,Federal Contract Tower,0,0,0,0,0,0,0,29,0,29,0,0,29,0,29,36,0,36,65
05/04/2020,WJF,CA,AWP,WE,Federal Contract Tower,0,0,2,0,2,0,2,63,0,65,0,2,65,0,67,34,0,34,101
05/05/2020,WJF,CA,AWP,WE,Federal Contract Tower,0,2,2,0,4,0,2,64,0,66,0,4,66,0,70,76,0,76,146
05/06/2020,WJF,CA,AWP,WE,Federal Contract Tower,0,1,2,0,3,0,1,46,0,47,0,2,48,0,50,42,0,42,92
05/07/2020,WJF,CA,AWP,WE,Federal Contract Tower,0,1,2,0,3,0,1,38,0,39,0,2,40,0,42,90,0,90,132
05/08/2020,WJF,CA,AWP,WE,Federal Contract Tower,0,0,2,0,2,0,2,86,0,88,0,2,88,0,90,112,0,112,202
05/09/2020,WJF,CA,AWP,WE,Federal Contract Tower,0,0,7,0,7,0,0,67,0,67,0,0,74,0,74,90,0,90,164
05/10/2020,WJF,CA,AWP,WE,Federal Contract Tower,0,0,2,0,2,0,0,54,0,54,0,0,56,0,56,26,0,26,82
05/11/2020,WJF,CA,AWP,WE,Federal Contract Tower,0,0,1,0,1,0,2,29,0,31,0,2,30,0,32,44,0,44,76
05/12/2020,WJF,CA,AWP,WE,Federal Contract Tower,0,0,9,2,11,0,2,25,0,27,0,2,34,2,38,26,0,26,64
05/13/2020,WJF,CA,AWP,WE,Federal Contract Tower,0,1,2,2,5,0,1,37,0,38,0,2,39,2,43,0,0,0,43
05/14/2020,WJF,CA,AWP,WE,Federal Contract Tower,0,1,4,2,7,0,3,23,0,26,0,4,27,2,33,4,0,4,37
05/15/2020,WJF,CA,AWP,WE,Federal Contract Tower,0,0,0,6,6,0,2,51,0,53,0,2,51,6,59,32,0,32,91
05/16/2020,WJF,CA,AWP,WE,Federal Contract Tower,0,0,7,0,7,0,0,111,0,111,0,0,118,0,118,74,0,74,192
05/17/2020,WJF,CA,AWP,WE,Federal Contract Tower,0,0,0,0,0,0,0,57,0,57,0,0,57,0,57,28,0,28,85
05/18/2020,WJF,CA,AWP,WE,Federal Contract Tower,0,0,1,7,8,0,2,23,1,26,0,2,24,8,34,10,0,10,44
05/19/2020,WJF,CA,AWP,WE,Federal Contract Tower,0,0,4,4,8,0,2,26,0,28,0,2,30,4,36,48,0,48,84
05/20/2020,WJF,CA,AWP,WE,Federal Contract Tower,0,0,6,0,6,0,1,44,0,45,0,1,50,0,51,68,0,68,119
05/21/2020,WJF,CA,AWP,WE,Federal Contract Tower,0,0,2,0,2,0,7,36,0,43,0,7,38,0,45,16,0,16,61
05/22/2020,WJF,CA,AWP,WE,Federal Contract Tower,0,0,8,0,8,0,2,63,0,65,0,2,71,0,73,80,0,80,153
05/23/2020,WJF,CA,AWP,WE,Federal Contract Tower,0,0,1,0,1,0,0,75,0,75,0,0,76,0,76,116,0,116,192
05/24/2020,WJF,CA,AWP,WE,Federal Contract Tower,0,0,3,0,3,0,0,68,0,68,0,0,71,0,71,50,0,50,121
05/25/2020,WJF,CA,AWP,WE,Federal Contract Tower,0,0,2,0,2,0,0,81,0,81,0,0,83,0,83,86,0,86,169
05/26/2020,WJF,CA,AWP,WE,Federal Contract Tower,0,0,0,2,2,0,2,49,0,51,0,2,49,2,53,50,0,50,103
05/27/2020,WJF,CA,AWP,WE,Federal Contract Tower,0,1,16,2,19,0,1,49,0,50,0,2,65,2,69,60,0,60,129
05/28/2020,WJF,CA,AWP,WE,Federal Contract Tower,0,1,0,0,1,0,1,33,1,35,0,2,33,1,36,96,0,96,132
05/29/2020,WJF,CA,AWP,WE,Federal Contract Tower,0,1,0,4,5,0,1,102,0,103,0,2,102,4,108,96,0,96,204
05/30/2020,WJF,CA,AWP,WE,Federal Contract Tower,0,0,8,0,8,0,0,73,0,73,0,0,81,0,81,84,0,84,165
05/31/2020,WJF,CA,AWP,WE,Federal Contract Tower,0,0,2,0,2,0,0,83,0,83,0,0,85,0,85,92,0,92,177
06/01/2020,WJF,CA,AWP,WE,Federal Contract Tower,0,0,0,0,0,0,2,52,0,54,0,2,52,0,54,10,0,10,64
06/02/2020,WJF,CA,AWP,WE,Federal Contract Tower,0,0,10,0,10,0,2,47,0,49,0,2,57,0,59,48,0,48,107
06/03/2020,WJF,CA,AWP,WE,Federal Contract Tower,0,0,0,0,0,0,2,43,0,45,0,2,43,0,45,66,0,66,111
06/04/2020,WJF,CA,AWP,WE,Federal Contract Tower,0,0,7,2,9,0,2,67,0,69,0,2,74,2,78,124,0,124,202
06/05/2020,WJF,CA,AWP,WE,Federal Contract Tower,0,0,7,0,7,0,2,45,0,47,0,2,52,0,54,98,0,98,152
06/06/2020,WJF,CA,AWP,WE,Federal Contract Tower,0,0,0,0,0,0,0,22,0,22,0,0,22,0,22,0,0,0,22
06/07/2020,WJF,CA,AWP,WE,Federal Contract Tower,0,0,0,0,0,0,0,14,0,14,0,0,14,0,14,0,0,0,14
06/08/2020,WJF,CA,AWP,WE,Federal Contract Tower,0,0,7,0,7,0,2,41,0,43,0,2,48,0,50,12,0,12,62
06/09/2020,WJF,CA,AWP,WE,Federal Contract Tower,0,0,7,0,7,0,2,47,0,49,0,2,54,0,56,36,0,36,92
06/10/2020,WJF,CA,AWP,WE,Federal Contract Tower,0,0,5,2,7,0,2,67,0,69,0,2,72,2,76,62,0,62,138
06/11/2020,WJF,CA,AWP,WE,Federal Contract Tower,0,0,2,0,2,0,2,70,0,72,0,2,72,0,74,50,0,50,124
06/12/2020,WJF,CA,AWP,WE,Federal Contract Tower,0,0,0,0,0,0,2,40,0,42,0,2,40,0,42,48,0,48,90
06/13/2020,WJF,CA,AWP,WE,Federal Contract Tower,0,0,2,0,2,0,0,24,0,24,0,0,26,0,26,42,0,42,68
06/14/2020,WJF,CA,AWP,WE,Federal Contract Tower,0,0,10,0,10,0,0,72,0,72,0,0,82,0,82,16,0,16,98
06/15/2020,WJF,CA,AWP,WE,Federal Contract Tower,0,0,0,0,0,0,0,56,0,56,0,0,56,0,56,0,0,0,56
06/16/2020,WJF,CA,AWP,WE,Federal Contract Tower,0,0,3,0,3,0,2,17,0,19,0,2,20,0,22,46,0,46,68
06/17/2020,WJF,CA,AWP,WE,Federal Contract Tower,0,0,11,2,13,0,2,33,0,35,0,2,44,2,48,34,0,34,82
06/18/2020,WJF,CA,AWP,WE,Federal Contract Tower,0,0,10,0,10,0,2,54,2,58,0,2,64,2,68,56,0,56,124
06/19/2020,WJF,CA,AWP,WE,Federal Contract Tower,0,0,3,0,3,0,2,59,0,61,0,2,62,0,64,54,0,54,118
06/20/2020,WJF,CA,AWP,WE,Federal Contract Tower,0,0,7,0,7,0,0,80,0,80,0,0,87,0,87,98,0,98,185
06/21/2020,WJF,CA,AWP,WE,Federal Contract Tower,0,0,0,0,0,0,0,49,0,49,0,0,49,0,49,64,0,64,113
06/22/2020,WJF,CA,AWP,WE,Federal Contract Tower,0,0,2,0,2,0,2,32,3,37,0,2,34,3,39,26,0,26,65
06/23/2020,WJF,CA,AWP,WE,Federal Contract Tower,0,0,5,0,5,0,2,71,4,77,0,2,76,4,82,114,0,114,196
06/24/2020,WJF,CA,AWP,WE,Federal Contract Tower,0,0,8,2,10,0,2,56,2,60,0,2,64,4,70,40,0,40,110
06/25/2020,WJF,CA,AWP,WE,Federal Contract Tower,0,0,4,0,4,0,2,52,0,54,0,2,56,0,58,28,0,28,86
06/26/2020,WJF,CA,AWP,WE,Federal Contract Tower,0,0,1,0,1,0,2,98,0,100,0,2,99,0,101,168,0,168,269
06/27/2020,WJF,CA,AWP,WE,Federal Contract Tower,0,0,3,0,3,0,0,76,0,76,0,0,79,0,79,104,0,104,183
06/28/2020,WJF,CA,AWP,WE,Federal Contract Tower,0,0,0,0,0,0,2,16,0,18,0,2,16,0,18,10,0,10,28
06/29/2020,WJF,CA,AWP,WE,Federal Contract Tower,0,0,3,0,3,0,2,34,0,36,0,2,37,0,39,0,0,0,39
06/30/2020,WJF,CA,AWP,WE,Federal Contract Tower,0,0,4,0,4,0,2,48,0,50,0,2,52,0,54,74,0,74,128
07/01/2020,WJF,CA,AWP,WE,Federal Contract Tower,0,0,4,0,4,0,2,60,0,62,0,2,64,0,66,14,0,14,80
07/02/2020,WJF,CA,AWP,WE,Federal Contract Tower,0,0,3,0,3,0,2,44,0,46,0,2,47,0,49,38,0,38,87
07/03/2020,WJF,CA,AWP,WE,Federal Contract Tower,0,0,1,0,1,0,2,114,0,116,0,2,115,0,117,184,0,184,301
07/04/2020,WJF,CA,AWP,WE,Federal Contract Tower,0,0,3,0,3,0,0,56,0,56,0,0,59,0,59,64,0,64,123
07/05/2020,WJF,CA,AWP,WE,Federal Contract Tower,0,0,2,0,2,0,0,87,0,87,0,0,89,0,89,28,0,28,117
07/06/2020,WJF,CA,AWP,WE,Federal Contract Tower,0,0,3,0,3,0,2,31,0,33,0,2,34,0,36,30,0,30,66
07/07/2020,WJF,CA,AWP,WE,Federal Contract Tower,0,0,2,2,4,0,2,54,0,56,0,2,56,2,60,34,0,34,94
07/08/2020,WJF,CA,AWP,WE,Federal Contract Tower,0,0,2,0,2,0,2,35,0,37,0,2,37,0,39,22,0,22,61
07/09/2020,WJF,CA,AWP,WE,Federal Contract Tower,0,0,4,0,4,0,1,61,0,62,0,1,65,0,66,10,0,10,76
07/10/2020,WJF,CA,AWP,WE,Federal Contract Tower,0,0,5,2,7,0,2,58,0,60,0,2,63,2,67,48,0,48,115
07/11/2020,WJF,CA,AWP,WE,Federal Contract Tower,0,0,4,0,4,0,0,57,0,57,0,0,61,0,61,28,0,28,89
07/12/2020,WJF,CA,AWP,WE,Federal Contract Tower,0,0,5,0,5,0,0,58,0,58,0,0,63,0,63,57,0,57,120
07/13/2020,WJF,CA,AWP,WE,Federal Contract Tower,0,0,0,0,0,0,2,36,2,40,0,2,36,2,40,16,0,16,56
07/14/2020,WJF,CA,AWP,WE,Federal Contract Tower,0,0,2,2,4,0,2,48,0,50,0,2,50,2,54,10,0,10,64
07/15/2020,WJF,CA,AWP,WE,Federal Contract Tower,0,0,1,0,1,0,2,45,0,47,0,2,46,0,48,30,0,30,78
07/16/2020,WJF,CA,AWP,WE,Federal Contract Tower,0,0,8,0,8,0,2,55,0,57,0,2,63,0,65,30,0,30,95
07/17/2020,WJF,CA,AWP,WE,Federal Contract Tower,0,0,8,0,8,0,2,57,0,59,0,2,65,0,67,56,0,56,123
07/18/2020,WJF,CA,AWP,WE,Federal Contract Tower,0,0,9,0,9,0,0,49,0,49,0,0,58,0,58,40,0,40,98
07/19/2020,WJF,CA,AWP,WE,Federal Contract Tower,0,0,2,0,2,0,0,47,0,47,0,0,49,0,49,40,0,40,89
07/20/2020,WJF,CA,AWP,WE,Federal Contract Tower,0,0,2,0,2,0,0,53,0,53,0,0,55,0,55,40,0,40,95
07/21/2020,WJF,CA,AWP,WE,Federal Contract Tower,0,0,1,0,1,0,4,55,0,59,0,4,56,0,60,58,0,58,118
07/22/2020,WJF,CA,AWP,WE,Federal Contract Tower,0,0,9,0,9,0,2,55,0,57,0,2,64,0,66,82,0,82,148
07/23/2020,WJF,CA,AWP,WE,Federal Contract Tower,0,0,9,0,9,0,2,64,0,66,0,2,73,0,75,72,0,72,147
07/24/2020,WJF,CA,AWP,WE,Federal Contract Tower,0,0,6,0,6,0,2,67,0,69,0,2,73,0,75,70,0,70,145
07/25/2020,WJF,CA,AWP,WE,Federal Contract Tower,0,0,0,0,0,0,0,74,0,74,0,0,74,0,74,88,0,88,162
07/26/2020,WJF,CA,AWP,WE,Federal Contract Tower,0,0,3,0,3,0,0,46,0,46,0,0,49,0,49,14,0,14,63
07/27/2020,WJF,CA,AWP,WE,Federal Contract Tower,0,0,4,0,4,0,2,47,0,49,0,2,51,0,53,50,0,50,103
07/28/2020,WJF,CA,AWP,WE,Federal Contract Tower,0,0,2,0,2,0,2,54,0,56,0,2,56,0,58,58,0,58,116
07/29/2020,WJF,CA,AWP,WE,Federal Contract Tower,0,0,11,0,11,0,2,70,0,72,0,2,81,0,83,54,0,54,137
07/30/2020,WJF,CA,AWP,WE,Federal Contract Tower,0,0,4,0,4,0,3,64,0,67,0,3,68,0,71,58,0,58,129
07/31/2020,WJF,CA,AWP,WE,Federal Contract Tower,0,0,1,0,1,0,2,68,2,72,0,2,69,2,73,68,0,68,141
08/01/2020,WJF,CA,AWP,WE,Federal Contract Tower,0,0,2,0,2,0,2,83,0,85,0,2,85,0,87,62,0,62,149
08/02/2020,WJF,CA,AWP,WE,Federal Contract Tower,0,0,5,0,5,0,0,48,0,48,0,0,53,0,53,72,0,72,125
08/03/2020,WJF,CA,AWP,WE,Federal Contract Tower,0,0,4,0,4,0,2,45,0,47,0,2,49,0,51,34,0,34,85
08/04/2020,WJF,CA,AWP,WE,Federal Contract Tower,0,0,4,0,4,0,2,44,0,46,0,2,48,0,50,32,0,32,82
08/05/2020,WJF,CA,AWP,WE,Federal Contract Tower,0,0,0,0,0,0,2,35,0,37,0,2,35,0,37,24,0,24,61
08/06/2020,WJF,CA,AWP,WE,Federal Contract Tower,0,0,0,6,6,0,2,24,0,26,0,2,24,6,32,2,0,2,34
08/07/2020,WJF,CA,AWP,WE,Federal Contract Tower,0,0,8,0,8,0,2,79,0,81,0,2,87,0,89,46,0,46,135
08/08/2020,WJF,CA,AWP,WE,Federal Contract Tower,0,0,4,0,4,0,0,69,0,69,0,0,73,0,73,36,0,36,109
08/09/2020,WJF,CA,AWP,WE,Federal Contract Tower,0,0,0,0,0,0,0,61,0,61,0,0,61,0,61,34,0,34,95
08/10/2020,WJF,CA,AWP,WE,Federal Contract Tower,0,0,4,10,14,0,2,56,0,58,0,2,60,10,72,24,0,24,96
08/11/2020,WJF,CA,AWP,WE,Federal Contract Tower,0,0,6,4,10,0,2,76,0,78,0,2,82,4,88,78,0,78,166
08/12/2020,WJF,CA,AWP,WE,Federal Contract Tower,0,0,8,6,14,0,0,62,0,62,0,0,70,6,76,10,0,10,86
08/13/2020,WJF,CA,AWP,WE,Federal Contract Tower,0,0,2,4,6,0,2,122,0,124,0,2,124,4,130,60,0,60,190
08/14/2020,WJF,CA,AWP,WE,Federal Contract Tower,0,0,2,11,13,0,2,151,0,153,0,2,153,11,166,102,0,102,268
08/15/2020,WJF,CA,AWP,WE,Federal Contract Tower,0,0,0,0,0,0,0,102,0,102,0,0,102,0,102,48,0,48,150
08/16/2020,WJF,CA,AWP,WE,Federal Contract Tower,0,0,2,0,2,0,0,149,0,149,0,0,151,0,151,34,0,34,185
08/17/2020,WJF,CA,AWP,WE,Federal Contract Tower,0,0,2,0,2,0,0,117,0,117,0,0,119,0,119,16,0,16,135
08/18/2020,WJF,CA,AWP,WE,Federal Contract Tower,0,0,1,2,3,0,2,106,0,108,0,2,107,2,111,52,0,52,163
08/19/2020,WJF,CA,AWP,WE,Federal Contract Tower,0,0,3,0,3,0,2,102,0,104,0,2,105,0,107,0,0,0,107
08/20/2020,WJF,CA,AWP,WE,Federal Contract Tower,0,1,0,0,1,0,3,83,4,90,0,4,83,4,91,80,0,80,171
08/21/2020,WJF,CA,AWP,WE,Federal Contract Tower,0,0,10,2,12,0,2,125,0,127,0,2,135,2,139,24,0,24,163
08/22/2020,WJF,CA,AWP,WE,Federal Contract Tower,0,0,6,0,6,0,0,83,0,83,0,0,89,0,89,48,0,48,137
08/23/2020,WJF,CA,AWP,WE,Federal Contract Tower,0,0,7,0,7,0,0,91,0,91,0,0,98,0,98,72,0,72,170
08/24/2020,WJF,CA,AWP,WE,Federal Contract Tower,0,0,0,0,0,0,2,78,0,80,0,2,78,0,80,24,0,24,104
08/25/2020,WJF,CA,AWP,WE,Federal Contract Tower,0,0,5,2,7,0,0,51,0,51,0,0,56,2,58,20,0,20,78
08/26/2020,WJF,CA,AWP,WE,Federal Contract Tower,0,0,2,2,4,0,0,61,0,61,0,0,63,2,65,22,0,22,87
08/27/2020,WJF,CA,AWP,WE,Federal Contract Tower,0,0,9,0,9,0,0,102,0,102,0,0,111,0,111,16,0,16,127
08/28/2020,WJF,CA,AWP,WE,Federal Contract Tower,0,0,6,0,6,0,0,101,0,101,0,0,107,0,107,52,0,52,159
08/29/2020,WJF,CA,AWP,WE,Federal Contract Tower,0,0,3,0,3,0,0,80,0,80,0,0,83,0,83,34,0,34,117
08/30/2020,WJF,CA,AWP,WE,Federal Contract Tower,0,0,1,0,1,0,0,78,0,78,0,0,79,0,79,48,0,48,127
08/31/2020,WJF,CA,AWP,WE,Federal Contract Tower,0,0,0,0,0,0,0,49,2,51,0,0,49,2,51,14,0,14,65
09/01/2020,WJF,CA,AWP,WE,Federal Contract Tower,0,0,4,0,4,0,0,46,0,46,0,0,50,0,50,18,0,18,68
09/02/2020,WJF,CA,AWP,WE,Federal Contract Tower,0,0,0,0,0,0,0,39,0,39,0,0,39,0,39,18,0,18,57
09/03/2020,WJF,CA,AWP,WE,Federal Contract Tower,0,0,0,4,4,0,0,60,0,60,0,0,60,4,64,42,0,42,106
09/04/2020,WJF,CA,AWP,WE,Federal Contract Tower,0,0,1,0,1,0,0,78,0,78,0,0,79,0,79,46,0,46,125
09/05/2020,WJF,CA,AWP,WE,Federal Contract Tower,0,0,4,0,4,0,0,59,0,59,0,0,63,0,63,18,0,18,81
09/06/2020,WJF,CA,AWP,WE,Federal Contract Tower,0,0,0,0,0,0,0,84,0,84,0,0,84,0,84,42,0,42,126
09/07/2020,WJF,CA,AWP,WE,Federal Contract Tower,0,0,11,0,11,0,0,13,0,13,0,0,24,0,24,12,0,12,36
09/08/2020,WJF,CA,AWP,WE,Federal Contract Tower,0,0,9,0,9,0,0,7,3,10,0,0,16,3,19,10,0,10,29
09/09/2020,WJF,CA,AWP,WE,Federal Contract Tower,0,0,3,4,7,0,0,49,2,51,0,0,52,6,58,24,0,24,82
09/10/2020,WJF,CA,AWP,WE,Federal Contract Tower,0,0,3,4,7,0,0,38,0,38,0,0,41,4,45,44,0,44,89
09/11/2020,WJF,CA,AWP,WE,Federal Contract Tower,0,0,9,2,11,0,0,48,0,48,0,0,57,2,59,28,0,28,87
09/12/2020,WJF,CA,AWP,WE,Federal Contract Tower,0,0,13,0,13,0,0,44,0,44,0,0,57,0,57,32,0,32,89
09/13/2020,WJF,CA,AWP,WE,Federal Contract Tower,0,0,2,0,2,0,0,39,0,39,0,0,41,0,41,76,0,76,117
09/14/2020,WJF,CA,AWP,WE,Federal Contract Tower,0,0,1,4,5,0,0,24,0,24,0,0,25,4,29,10,0,10,39
09/15/2020,WJF,CA,AWP,WE,Federal Contract Tower,0,0,3,2,5,0,0,36,0,36,0,0,39,2,41,0,0,0,41
09/16/2020,WJF,CA,AWP,WE,Federal Contract Tower,0,0,6,4,10,0,0,51,0,51,0,0,57,4,61,56,0,56,117
09/17/2020,WJF,CA,AWP,WE,Federal Contract Tower,0,0,13,0,13,0,0,41,0,41,0,0,54,0,54,54,0,54,108
09/18/2020,WJF,CA,AWP,WE,Federal Contract Tower,0,0,4,4,8,0,0,65,0,65,0,0,69,4,73,22,0,22,95
09/19/2020,WJF,CA,AWP,WE,Federal Contract Tower,0,0,3,0,3,0,0,70,0,70,0,0,73,0,73,36,0,36,109
09/20/2020,WJF,CA,AWP,WE,Federal Contract Tower,0,0,2,0,2,0,0,80,0,80,0,0,82,0,82,56,0,56,138
09/21/2020,WJF,CA,AWP,WE,Federal Contract Tower,0,0,0,0,0,0,0,52,0,52,0,0,52,0,52,34,0,34,86
09/22/2020,WJF,CA,AWP,WE,Federal Contract Tower,0,0,3,0,3,0,0,62,0,62,0,0,65,0,65,48,0,48,113
09/23/2020,WJF,CA,AWP,WE,Federal Contract Tower,0,0,4,1,5,0,0,93,0,93,0,0,97,1,98,54,0,54,152
09/24/2020,WJF,CA,AWP,WE,Federal Contract Tower,0,0,3,4,7,0,0,67,0,67,0,0,70,4,74,70,0,70,144
09/25/2020,WJF,CA,AWP,WE,Federal Contract Tower,0,0,0,0,0,0,0,84,0,84,0,0,84,0,84,42,0,42,126
09/26/2020,WJF,CA,AWP,WE,Federal Contract Tower,0,0,4,0,4,0,0,85,0,85,0,0,89,0,89,38,0,38,127
09/27/2020,WJF,CA,AWP,WE,Federal Contract Tower,0,0,3,0,3,0,0,90,0,90,0,0,93,0,93,72,0,72,165
09/28/2020,WJF,CA,AWP,WE,Federal Contract Tower,0,0,1,0,1,0,0,62,0,62,0,0,63,0,63,66,0,66,129
09/29/2020,WJF,CA,AWP,WE,Federal Contract Tower,0,0,1,1,2,0,0,71,0,71,0,0,72,1,73,34,0,34,107
09/30/2020,WJF,CA,AWP,WE,Federal Contract Tower,0,0,8,0,8,0,0,65,0,65,0,0,73,0,73,22,0,22,95
10/01/2020,WJF,CA,AWP,WE,Federal Contract Tower,0,0,2,2,4,0,0,59,0,59,0,0,61,2,63,24,0,24,87
10/02/2020,WJF,CA,AWP,WE,Federal Contract Tower,0,0,2,2,4,0,0,81,0,81,0,0,83,2,85,54,0,54,139
10/03/2020,WJF,CA,AWP,WE,Federal Contract Tower,0,0,6,0,6,0,0,61,0,61,0,0,67,0,67,84,0,84,151
10/04/2020,WJF,CA,AWP,WE,Federal Contract Tower,0,0,2,0,2,0,0,84,0,84,0,0,86,0,86,160,0,160,246
10/05/2020,WJF,CA,AWP,WE,Federal Contract Tower,0,0,5,0,5,0,0,49,0,49,0,0,54,0,54,58,0,58,112
10/06/2020,WJF,CA,AWP,WE,Federal Contract Tower,0,0,1,6,7,0,0,58,0,58,0,0,59,6,65,42,0,42,107
10/07/2020,WJF,CA,AWP,WE,Federal Contract Tower,0,0,4,6,10,0,0,74,0,74,0,0,78,6,84,76,0,76,160
10/08/2020,WJF,CA,AWP,WE,Federal Contract Tower,0,0,6,2,8,0,0,60,0,60,0,0,66,2,68,42,0,42,110
10/09/2020,WJF,CA,AWP,WE,Federal Contract Tower,0,0,1,4,5,0,0,68,0,68,0,0,69,4,73,58,0,58,131
10/10/2020,WJF,CA,AWP,WE,Federal Contract Tower,0,0,10,0,10,0,0,61,0,61,0,0,71,0,71,54,0,54,125
10/11/2020,WJF,CA,AWP,WE,Federal Contract Tower,0,0,0,0,0,0,0,75,0,75,0,0,75,0,75,98,0,98,173
10/12/2020,WJF,CA,AWP,WE,Federal Contract Tower,0,0,2,0,2,0,0,84,0,84,0,0,86,0,86,52,0,52,138
10/13/2020,WJF,CA,AWP,WE,Federal Contract Tower,0,0,0,4,4,0,0,86,0,86,0,0,86,4,90,16,12,28,118
10/14/2020,WJF,CA,AWP,WE,Federal Contract Tower,0,0,2,4,6,0,0,73,0,73,0,0,75,4,79,84,0,84,163
10/15/2020,WJF,CA,AWP,WE,Federal Contract Tower,0,0,3,4,7,0,0,96,2,98,0,0,99,6,105,62,0,62,167
10/16/2020,WJF,CA,AWP,WE,Federal Contract Tower,0,0,4,2,6,0,0,74,0,74,0,0,78,2,80,64,0,64,144
10/17/2020,WJF,CA,AWP,WE,Federal Contract Tower,0,0,5,0,5,0,0,99,6,105,0,0,104,6,110,120,0,120,230
10/18/2020,WJF,CA,AWP,WE,Federal Contract Tower,0,0,0,0,0,0,70,0,0,70,0,70,0,0,70,66,0,66,136
10/19/2020,WJF,CA,AWP,WE,Federal Contract Tower,0,0,1,0,1,0,0,86,0,86,0,0,87,0,87,102,0,102,189
10/20/2020,WJF,CA,AWP,WE,Federal Contract Tower,0,0,8,0,8,0,0,90,0,90,0,0,98,0,98,68,0,68,166
10/21/2020,WJF,CA,AWP,WE,Federal Contract Tower,0,0,4,0,4,0,0,63,0,63,0,0,67,0,67,64,0,64,131
10/22/2020,WJF,CA,AWP,WE,Federal Contract Tower,0,0,3,0,3,0,0,71,0,71,0,0,74,0,74,128,0,128,202
10/23/2020,WJF,CA,AWP,WE,Federal Contract Tower,0,0,4,0,4,0,0,39,0,39,0,0,43,0,43,24,0,24,67
10/24/2020,WJF,CA,AWP,WE,Federal Contract Tower,0,1,5,0,6,0,0,50,0,50,0,1,55,0,56,74,0,74,130
10/25/2020,WJF,CA,AWP,WE,Federal Contract Tower,0,0,3,0,3,0,0,26,0,26,0,0,29,0,29,10,0,10,39
10/26/2020,WJF,CA,AWP,WE,Federal Contract Tower,0,0,0,0,0,0,0,26,0,26,0,0,26,0,26,6,0,6,32
10/27/2020,WJF,CA,AWP,WE,Federal Contract Tower,0,0,4,0,4,0,0,45,0,45,0,0,49,0,49,82,0,82,131
10/28/2020,WJF,CA,AWP,WE,Federal Contract Tower,0,0,3,4,7,0,0,87,0,87,0,0,90,4,94,76,0,76,170
10/29/2020,WJF,CA,AWP,WE,Federal Contract Tower,0,0,5,0,5,0,0,56,0,56,0,0,61,0,61,76,0,76,137
10/30/2020,WJF,CA,AWP,WE,Federal Contract Tower,0,0,8,4,12,0,0,6,1,7,0,0,14,5,19,114,0,114,133
10/31/2020,WJF,CA,AWP,WE,Federal Contract Tower,0,0,5,0,5,0,0,124,0,124,0,0,129,0,129,104,0,104,233
11/01/2020,WJF,CA,AWP,WE,Federal Contract Tower,0,0,3,0,3,0,0,68,0,68,0,0,71,0,71,68,0,68,139
11/02/2020,WJF,CA,AWP,WE,Federal Contract Tower,0,0,0,0,0,0,0,61,0,61,0,0,61,0,61,34,0,34,95
11/03/2020,WJF,CA,AWP,WE,Federal Contract Tower,0,0,4,4,8,0,0,51,0,51,0,0,55,4,59,56,0,56,115
11/04/2020,WJF,CA,AWP,WE,Federal Contract Tower,0,0,0,6,6,0,0,56,0,56,0,0,56,6,62,20,0,20,82
11/05/2020,WJF,CA,AWP,WE,Federal Contract Tower,0,0,1,10,11,0,0,56,0,56,0,0,57,10,67,4,0,4,71
11/06/2020,WJF,CA,AWP,WE,Federal Contract Tower,0,0,5,0,5,0,0,49,0,49,0,0,54,0,54,92,0,92,146
11/07/2020,WJF,CA,AWP,WE,Federal Contract Tower,0,0,2,0,2,0,0,2,6,8,0,0,4,6,10,0,0,0,10
11/08/2020,WJF,CA,AWP,WE,Federal Contract Tower,0,0,1,0,1,0,0,8,0,8,0,0,9,0,9,26,0,26,35
11/09/2020,WJF,CA,AWP,WE,Federal Contract Tower,0,0,4,12,16,0,0,28,0,28,0,0,32,12,44,14,0,14,58
11/10/2020,WJF,CA,AWP,WE,Federal Contract Tower,0,0,6,10,16,0,0,63,0,63,0,0,69,10,79,82,0,82,161
11/11/2020,WJF,CA,AWP,WE,Federal Contract Tower,0,0,10,0,10,0,0,89,0,89,0,0,99,0,99,104,0,104,203
11/12/2020,WJF,CA,AWP,WE,Federal Contract Tower,0,0,4,0,4,0,0,48,2,50,0,0,52,2,54,48,0,48,102
11/13/2020,WJF,CA,AWP,WE,Federal Contract Tower,0,0,3,2,5,0,0,52,2,54,0,0,55,4,59,50,0,50,109
11/14/2020,WJF,CA,AWP,WE,Federal Contract Tower,0,0,6,0,6,0,0,64,0,64,0,0,70,0,70,70,0,70,140
11/15/2020,WJF,CA,AWP,WE,Federal Contract Tower,0,0,0,0,0,0,0,84,0,84,0,0,84,0,84,124,0,124,208
11/16/2020,WJF,CA,AWP,WE,Federal Contract Tower,0,0,8,0,8,0,0,52,0,52,0,0,60,0,60,6,0,6,66
11/17/2020,WJF,CA,AWP,WE,Federal Contract Tower,0,0,6,4,10,0,0,49,0,49,0,0,55,4,59,104,0,104,163
11/18/2020,WJF,CA,AWP,WE,Federal Contract Tower,0,0,5,0,5,0,0,29,0,29,0,0,34,0,34,0,0,0,34
11/19/2020,WJF,CA,AWP,WE,Federal Contract Tower,0,0,0,0,0,0,0,6,0,6,0,0,6,0,6,0,0,0,6
11/20/2020,WJF,CA,AWP,WE,Federal Contract Tower,0,0,0,0,0,0,0,6,0,6,0,0,6,0,6,20,0,20,26
11/21/2020,WJF,CA,AWP,WE,Federal Contract Tower,0,0,2,0,2,0,0,94,0,94,0,0,96,0,96,138,0,138,234
11/22/2020,WJF,CA,AWP,WE,Federal Contract Tower,0,0,5,0,5,0,0,83,0,83,0,0,88,0,88,206,0,206,294
11/23/2020,WJF,CA,AWP,WE,Federal Contract Tower,0,1,1,0,2,0,0,26,0,26,0,1,27,0,28,10,0,10,38
11/24/2020,WJF,CA,AWP,WE,Federal Contract Tower,0,1,10,0,11,0,1,59,0,60,0,2,69,0,71,216,0,216,287
11/25/2020,WJF,CA,AWP,WE,Federal Contract Tower,0,1,5,0,6,0,1,46,0,47,0,2,51,0,53,110,0,110,163
11/26/2020,WJF,CA,AWP,WE,Federal Contract Tower,0,0,4,0,4,0,0,35,0,35,0,0,39,0,39,64,0,64,103
11/27/2020,WJF,CA,AWP,WE,Federal Contract Tower,0,1,7,0,8,0,1,50,0,51,0,2,57,0,59,112,0,112,171
11/28/2020,WJF,CA,AWP,WE,Federal Contract Tower,0,0,5,0,5,0,0,74,0,74,0,0,79,0,79,124,0,124,203
11/29/2020,WJF,CA,AWP,WE,Federal Contract Tower,0,0,1,0,1,0,0,45,0,45,0,0,46,0,46,129,0,129,175
11/30/2020,WJF,CA,AWP,WE,Federal Contract Tower,0,2,4,0,6,0,0,61,0,61,0,2,65,0,67,62,0,62,129
12/01/2020,WJF,CA,AWP,WE,Federal Contract Tower,0,3,3,2,8,0,1,53,0,54,0,4,56,2,62,86,0,86,148
12/02/2020,WJF,CA,AWP,WE,Federal Contract Tower,0,1,4,0,5,0,1,59,0,60,0,2,63,0,65,56,0,56,121
12/03/2020,WJF,CA,AWP,WE,Federal Contract Tower,0,1,3,0,4,0,1,35,0,36,0,2,38,0,40,38,0,38,78
12/04/2020,WJF,CA,AWP,WE,Federal Contract Tower,0,1,7,0,8,0,1,54,0,55,0,2,61,0,63,108,0,108,171
12/05/2020,WJF,CA,AWP,WE,Federal Contract Tower,0,0,6,0,6,0,0,69,0,69,0,0,75,0,75,142,0,142,217
12/06/2020,WJF,CA,AWP,WE,Federal Contract Tower,0,1,8,0,9,0,0,75,0,75,0,1,83,0,84,146,0,146,230
12/07/2020,WJF,CA,AWP,WE,Federal Contract Tower,0,1,6,0,7,0,1,28,0,29,0,2,34,0,36,52,0,52,88
12/08/2020,WJF,CA,AWP,WE,Federal Contract Tower,0,1,6,2,9,0,1,3,0,4,0,2,9,2,13,30,0,30,43
12/09/2020,WJF,CA,AWP,WE,Federal Contract Tower,0,4,2,0,6,0,1,60,0,61,0,5,62,0,67,82,0,82,149
12/10/2020,WJF,CA,AWP,WE,Federal Contract Tower,0,1,21,1,23,0,1,21,1,23,0,2,42,2,46,128,4,132,178
12/11/2020,WJF,CA,AWP,WE,Federal Contract Tower,0,1,4,0,5,0,1,28,0,29,0,2,32,0,34,62,0,62,96
12/12/2020,WJF,CA,AWP,WE,Federal Contract Tower,0,0,0,0,0,0,0,9,0,9,0,0,9,0,9,0,0,0,9
12/13/2020,WJF,CA,AWP,WE,Federal Contract Tower,0,0,5,0,5,0,0,86,0,86,0,0,91,0,91,184,0,184,275
12/14/2020,WJF,CA,AWP,WE,Federal Contract Tower,0,1,4,0,5,0,1,9,0,10,0,2,13,0,15,0,0,0,15
12/15/2020,WJF,CA,AWP,WE,Federal Contract Tower,0,1,4,0,5,0,1,45,0,46,0,2,49,0,51,130,0,130,181
12/16/2020,WJF,CA,AWP,WE,Federal Contract Tower,0,1,7,0,8,0,1,54,0,55,0,2,61,0,63,238,0,238,301
12/17/2020,WJF,CA,AWP,WE,Federal Contract Tower,0,1,0,0,1,0,1,15,0,16,0,2,15,0,17,80,0,80,97
12/18/2020,WJF,CA,AWP,WE,Federal Contract Tower,0,2,1,2,5,0,2,42,0,44,0,4,43,2,49,80,0,80,129
12/19/2020,WJF,CA,AWP,WE,Federal Contract Tower,0,0,13,0,13,0,0,82,0,82,0,0,95,0,95,140,0,140,235
12/20/2020,WJF,CA,AWP,WE,Federal Contract Tower,0,0,6,0,6,0,0,76,0,76,0,0,82,0,82,92,0,92,174
12/21/2020,WJF,CA,AWP,WE,Federal Contract Tower,0,1,8,0,9,0,1,61,0,62,0,2,69,0,71,118,0,118,189
12/22/2020,WJF,CA,AWP,WE,Federal Contract Tower,0,1,11,1,13,0,1,60,1,62,0,2,71,2,75,56,12,68,143
12/23/2020,WJF,CA,AWP,WE,Federal Contract Tower,0,1,1,0,2,0,1,56,0,57,0,2,57,0,59,124,0,124,183
12/24/2020,WJF,CA,AWP,WE,Federal Contract Tower,0,1,0,0,1,0,1,36,0,37,0,2,36,0,38,74,0,74,112
12/25/2020,WJF,CA,AWP,WE,Federal Contract Tower,0,0,1,0,1,0,0,24,0,24,0,0,25,0,25,20,0,20,45
12/26/2020,WJF,CA,AWP,WE,Federal Contract Tower,0,0,3,0,3,0,0,30,0,30,0,0,33,0,33,32,0,32,65
12/27/2020,WJF,CA,AWP,WE,Federal Contract Tower,0,0,1,0,1,0,0,42,0,42,0,0,43,0,43,116,0,116,159
12/28/2020,WJF,CA,AWP,WE,Federal Contract Tower,0,2,5,4,11,0,0,4,0,4,0,2,9,4,15,0,0,0,15
12/29/2020,WJF,CA,AWP,WE,Federal Contract Tower,0,1,5,0,6,0,1,25,0,26,0,2,30,0,32,34,0,34,66
12/30/2020,WJF,CA,AWP,WE,Federal Contract Tower,0,1,2,0,3,0,1,68,0,69,0,2,70,0,72,90,0,90,162
12/31/2020,WJF,CA,AWP,WE,Federal Contract Tower,0,1,0,0,1,0,1,29,0,30,0,2,29,0,31,32,0,32,63
01/01/2021,WJF,CA,AWP,WE,Federal Contract Tower,0,0,0,0,0,0,2,32,0,34,0,2,32,0,34,98,0,98,132
01/02/2021,WJF,CA,AWP,WE,Federal Contract Tower,0,0,3,0,3,0,0,57,0,57,0,0,60,0,60,52,0,52,112
01/03/2021,WJF,CA,AWP,WE,Federal Contract Tower,0,0,6,0,6,0,0,43,0,43,0,0,49,0,49,52,0,52,101
01/04/2021,WJF,CA,AWP,WE,Federal Contract Tower,0,1,1,0,2,0,1,31,0,32,0,2,32,0,34,78,0,78,112
01/05/2021,WJF,CA,AWP,WE,Federal Contract Tower,0,1,2,2,5,0,1,27,0,28,0,2,29,2,33,8,0,8,41
01/06/2021,WJF,CA,AWP,WE,Federal Contract Tower,0,1,4,2,7,0,1,40,3,44,0,2,44,5,51,84,0,84,135
01/07/2021,WJF,CA,AWP,WE,Federal Contract Tower,0,0,6,5,11,0,1,52,2,55,0,1,58,7,66,58,32,90,156
01/08/2021,WJF,CA,AWP,WE,Federal Contract Tower,0,1,3,0,4,0,1,67,0,68,0,2,70,0,72,122,0,122,194
01/09/2021,WJF,CA,AWP,WE,Federal Contract Tower,0,0,5,0,5,0,0,33,0,33,0,0,38,0,38,96,0,96,134
01/10/2021,WJF,CA,AWP,WE,Federal Contract Tower,0,0,4,0,4,0,0,60,0,60,0,0,64,0,64,114,0,114,178
01/11/2021,WJF,CA,AWP,WE,Federal Contract Tower,0,1,1,2,4,0,1,41,0,42,0,2,42,2,46,60,0,60,106
01/12/2021,WJF,CA,AWP,WE,Federal Contract Tower,0,1,1,9,11,0,1,46,4,51,0,2,47,13,62,110,37,147,209
01/13/2021,WJF,CA,AWP,WE,Federal Contract Tower,0,1,7,5,13,0,1,47,7,55,0,2,54,12,68,116,60,176,244
01/14/2021,WJF,CA,AWP,WE,Federal Contract Tower,0,1,6,6,13,0,1,57,0,58,0,2,63,6,71,78,6,84,155
01/15/2021,WJF,CA,AWP,WE,Federal Contract Tower,0,1,0,0,1,0,1,71,0,72,0,2,71,0,73,116,0,116,189
01/16/2021,WJF,CA,AWP,WE,Federal Contract Tower,0,0,0,0,0,0,0,63,0,63,0,0,63,0,63,120,0,120,183
01/17/2021,WJF,CA,AWP,WE,Federal Contract Tower,0,0,3,0,3,0,0,76,0,76,0,0,79,0,79,146,26,172,251
01/18/2021,WJF,CA,AWP,WE,Federal Contract Tower,0,1,2,0,3,0,1,42,0,43,0,2,44,0,46,58,0,58,104
01/19/2021,WJF,CA,AWP,WE,Federal Contract Tower,0,0,1,0,1,0,0,10,0,10,0,0,11,0,11,0,0,0,11
01/20/2021,WJF,CA,AWP,WE,Federal Contract Tower,0,1,4,7,12,0,1,26,3,30,0,2,30,10,42,30,6,36,78
01/21/2021,WJF,CA,AWP,WE,Federal Contract Tower,0,3,6,4,13,0,1,50,1,52,0,4,56,5,65,206,30,236,301
01/22/2021,WJF,CA,AWP,WE,Federal Contract Tower,0,1,8,3,12,0,2,14,7,23,0,3,22,10,35,66,24,90,125
01/23/2021,WJF,CA,AWP,WE,Federal Contract Tower,0,2,3,0,5,0,0,15,0,15,0,2,18,0,20,74,0,74,94
01/24/2021,WJF,CA,AWP,WE,Federal Contract Tower,0,0,3,0,3,0,0,32,0,32,0,0,35,0,35,34,0,34,69
01/25/2021,WJF,CA,AWP,WE,Federal Contract Tower,0,2,2,0,4,0,0,6,0,6,0,2,8,0,10,0,0,0,10
01/26/2021,WJF,CA,AWP,WE,Federal Contract Tower,0,1,0,8,9,0,1,43,1,45,0,2,43,9,54,68,20,88,142
01/27/2021,WJF,CA,AWP,WE,Federal Contract Tower,0,1,0,4,5,0,1,16,4,21,0,2,16,8,26,20,0,20,46
01/28/2021,WJF,CA,AWP,WE,Federal Contract Tower,0,0,1,10,11,0,1,20,4,25,0,1,21,14,36,56,4,60,96
01/29/2021,WJF,CA,AWP,WE,Federal Contract Tower,0,3,2,8,13,0,1,6,0,7,0,4,8,8,20,16,0,16,36
01/30/2021,WJF,CA,AWP,WE,Federal Contract Tower,0,3,4,0,7,0,0,105,0,105,0,3,109,0,112,128,0,128,240
01/31/2021,WJF,CA,AWP,WE,Federal Contract Tower,0,0,3,0,3,0,0,60,0,60,0,0,63,0,63,40,0,40,103
02/01/2021,WJF,CA,AWP,WE,Federal Contract Tower,0,1,6,0,7,0,1,44,0,45,0,2,50,0,52,30,0,30,82
02/02/2021,WJF,CA,AWP,WE,Federal Contract Tower,0,0,5,0,5,0,1,50,2,53,0,1,55,2,58,54,4,58,116
02/03/2021,WJF,CA,AWP,WE,Federal Contract Tower,0,1,5,0,6,0,1,24,0,25,0,2,29,0,31,48,0,48,79
02/04/2021,WJF,CA,AWP,WE,Federal Contract Tower,0,1,5,0,6,0,1,51,0,52,0,2,56,0,58,182,0,182,240
02/05/2021,WJF,CA,AWP,WE,Federal Contract Tower,0,1,5,0,6,0,1,112,0,113,0,2,117,0,119,162,0,162,281
02/06/2021,WJF,CA,AWP,WE,Federal Contract Tower,0,0,6,2,8,0,0,121,0,121,0,0,127,2,129,228,2,230,359
02/07/2021,WJF,CA,AWP,WE,Federal Contract Tower,0,0,0,0,0,0,0,70,0,70,0,0,70,0,70,116,0,116,186
02/08/2021,WJF,CA,AWP,WE,Federal Contract Tower,0,1,7,0,8,0,1,36,0,37,0,2,43,0,45,124,0,124,169
02/09/2021,WJF,CA,AWP,WE,Federal Contract Tower,0,1,7,3,11,0,1,35,0,36,0,2,42,3,47,96,16,112,159
02/10/2021,WJF,CA,AWP,WE,Federal Contract Tower,0,3,1,0,4,0,1,62,4,67,0,4,63,4,71,62,0,62,133
02/11/2021,WJF,CA,AWP,WE,Federal Contract Tower,0,3,8,4,15,0,0,47,2,49,0,3,55,6,64,188,8,196,260
02/12/2021,WJF,CA,AWP,WE,Federal Contract Tower,0,1,3,0,4,0,1,8,0,9,0,2,11,0,13,2,0,2,15
02/13/2021,WJF,CA,AWP,WE,Federal Contract Tower,0,0,0,0,0,0,0,15,0,15,0,0,15,0,15,40,0,40,55
02/14/2021,WJF,CA,AWP,WE,Federal Contract Tower,0,0,5,0,5,0,0,9,0,9,0,0,14,0,14,6,0,6,20
02/15/2021,WJF,CA,AWP,WE,Federal Contract Tower,0,1,3,0,4,0,1,19,0,20,0,2,22,0,24,30,0,30,54
02/16/2021,WJF,CA,AWP,WE,Federal Contract Tower,0,0,2,0,2,0,1,24,0,25,0,1,26,0,27,44,0,44,71
02/17/2021,WJF,CA,AWP,WE,Federal Contract Tower,0,1,7,6,14,0,1,39,0,40,0,2,46,6,54,8,14,22,76
02/18/2021,WJF,CA,AWP,WE,Federal Contract Tower,0,6,11,0,17,0,3,57,0,60,0,9,68,0,77,144,0,144,221
02/19/2021,WJF,CA,AWP,WE,Federal Contract Tower,0,1,9,0,10,0,1,69,0,70,0,2,78,0,80,142,0,142,222
02/20/2021,WJF,CA,AWP,WE,Federal Contract Tower,0,0,0,0,0,0,0,21,0,21,0,0,21,0,21,0,0,0,21
02/21/2021,WJF,CA,AWP,WE,Federal Contract Tower,0,0,2,0,2,0,0,71,0,71,0,0,73,0,73,68,0,68,141
02/22/2021,WJF,CA,AWP,WE,Federal Contract Tower,0,1,9,6,16,0,1,47,0,48,0,2,56,6,64,78,0,78,142
02/23/2021,WJF,CA,AWP,WE,Federal Contract Tower,0,1,12,0,13,0,1,106,0,107,0,2,118,0,120,150,0,150,270
02/24/2021,WJF,CA,AWP,WE,Federal Contract Tower,0,0,12,2,14,0,0,42,2,44,0,0,54,4,58,94,0,94,152
02/25/2021,WJF,CA,AWP,WE,Federal Contract Tower,0,2,1,1,4,0,1,27,0,28,0,3,28,1,32,61,2,63,95
02/26/2021,WJF,CA,AWP,WE,Federal Contract Tower,0,1,0,2,3,0,1,61,0,62,0,2,61,2,65,58,0,58,123
02/27/2021,WJF,CA,AWP,WE,Federal Contract Tower,0,0,3,0,3,0,0,29,0,29,0,0,32,0,32,0,0,0,32
02/28/2021,WJF,CA,AWP,WE,Federal Contract Tower,0,0,5,0,5,0,0,46,0,46,0,0,51,0,51,58,0,58,109
03/01/2021,WJF,CA,AWP,WE,Federal Contract Tower,0,1,7,2,10,0,1,43,2,46,0,2,50,4,56,26,0,26,82
03/02/2021,WJF,CA,AWP,WE,Federal Contract Tower,0,1,4,4,9,0,1,41,2,44,0,2,45,6,53,34,46,80,133
03/03/2021,WJF,CA,AWP,WE,Federal Contract Tower,0,1,2,0,3,0,1,43,0,44,0,2,45,0,47,31,0,31,78
03/04/2021,WJF,CA,AWP,WE,Federal Contract Tower,0,1,2,3,6,0,1,104,0,105,0,2,106,3,111,106,14,120,231
03/05/2021,WJF,CA,AWP,WE,Federal Contract Tower,0,1,13,0,14,0,1,113,0,114,0,2,126,0,128,132,0,132,260
03/06/2021,WJF,CA,AWP,WE,Federal Contract Tower,0,0,3,0,3,0,0,76,0,76,0,0,79,0,79,77,0,77,156
03/07/2021,WJF,CA,AWP,WE,Federal Contract Tower,0,0,3,0,3,0,1,62,0,63,0,1,65,0,66,74,0,74,140
03/08/2021,WJF,CA,AWP,WE,Federal Contract Tower,0,2,5,6,13,0,1,24,1,26,0,3,29,7,39,4,12,16,55
03/09/2021,WJF,CA,AWP,WE,Federal Contract Tower,0,1,0,4,5,0,1,14,0,15,0,2,14,4,20,10,0,10,30
03/10/2021,WJF,CA,AWP,WE,Federal Contract Tower,0,2,0,0,2,0,0,1,0,1,0,2,1,0,3,0,0,0,3
03/11/2021,WJF,CA,AWP,WE,Federal Contract Tower,0,2,3,6,11,0,0,17,0,17,0,2,20,6,28,70,0,70,98
03/12/2021,WJF,CA,AWP,WE,Federal Contract Tower,0,2,2,2,6,0,0,36,0,36,0,2,38,2,42,40,0,40,82
03/13/2021,WJF,CA,AWP,WE,Federal Contract Tower,0,0,2,2,4,0,0,34,0,34,0,0,36,2,38,28,0,28,66
03/14/2021,WJF,CA,AWP,WE,Federal Contract Tower,0,0,4,0,4,0,0,43,0,43,0,0,47,0,47,66,0,66,113
03/15/2021,WJF,CA,AWP,WE,Federal Contract Tower,0,2,2,0,4,0,0,2,0,2,0,2,4,0,6,0,0,0,6
03/16/2021,WJF,CA,AWP,WE,Federal Contract Tower,0,2,10,0,12,0,0,36,0,36,0,2,46,0,48,52,0,52,100
03/17/2021,WJF,CA,AWP,WE,Federal Contract Tower,0,1,1,2,4,0,1,105,0,106,0,2,106,2,110,138,0,138,248
03/18/2021,WJF,CA,AWP,WE,Federal Contract Tower,0,1,6,0,7,0,1,60,0,61,0,2,66,0,68,138,0,138,206
03/19/2021,WJF,CA,AWP,WE,Federal Contract Tower,0,1,9,0,10,0,3,69,0,72,0,4,78,0,82,142,0,142,224
03/20/2021,WJF,CA,AWP,WE,Federal Contract Tower,0,0,4,0,4,0,0,21,0,21,0,0,25,0,25,0,0,0,25
03/21/2021,WJF,CA,AWP,WE,Federal Contract Tower,0,0,3,0,3,0,0,43,0,43,0,0,46,0,46,44,0,44,90
03/22/2021,WJF,CA,AWP,WE,Federal Contract Tower,0,1,3,2,6,0,1,30,2,33,0,2,33,4,39,16,2,18,57
03/23/2021,WJF,CA,AWP,WE,Federal Contract Tower,0,2,0,0,2,0,0,13,0,13,0,2,13,0,15,56,0,56,71
03/24/2021,WJF,CA,AWP,WE,Federal Contract Tower,0,1,2,8,11,0,1,80,6,87,0,2,82,14,98,58,0,58,156
03/25/2021,WJF,CA,AWP,WE,Federal Contract Tower,0,1,8,2,11,0,1,27,0,28,0,2,35,2,39,6,0,6,45
03/26/2021,WJF,CA,AWP,WE,Federal Contract Tower,0,2,11,5,18,0,0,79,6,85,0,2,90,11,103,118,2,120,223
03/27/2021,WJF,CA,AWP,WE,Federal Contract Tower,0,0,14,0,14,0,0,124,0,124,0,0,138,0,138,114,0,114,252
03/28/2021,WJF,CA,AWP,WE,Federal Contract Tower,0,0,6,0,6,0,0,166,0,166,0,0,172,0,172,162,0,162,334
03/29/2021,WJF,CA,AWP,WE,Federal Contract Tower,0,0,7,0,7,0,1,36,0,37,0,1,43,0,44,22,0,22,66
03/30/2021,WJF,CA,AWP,WE,Federal Contract Tower,0,1,4,0,5,0,2,62,0,64,0,3,66,0,69,48,0,48,117
03/31/2021,WJF,CA,AWP,WE,Federal Contract Tower,0,1,4,2,7,0,1,36,4,41,0,2,40,6,48,50,4,54,102
04/01/2021,WJF,CA,AWP,WE,Federal Contract Tower,0,2,4,4,10,0,1,60,10,71,0,3,64,14,81,138,0,138,219
04/02/2021,WJF,CA,AWP,WE,Federal Contract Tower,0,1,8,0,9,0,1,80,0,81,0,2,88,0,90,86,0,86,176
04/03/2021,WJF,CA,AWP,WE,Federal Contract Tower,0,0,11,0,11,0,0,86,0,86,0,0,97,0,97,142,0,142,239
04/04/2021,WJF,CA,AWP,WE,Federal Contract Tower,0,0,2,0,2,0,0,29,0,29,0,0,31,0,31,50,0,50,81
04/05/2021,WJF,CA,AWP,WE,Federal Contract Tower,0,1,0,4,5,0,1,22,0,23,0,2,22,4,28,38,10,48,76
04/06/2021,WJF,CA,AWP,WE,Federal Contract Tower,0,1,7,4,12,0,1,93,0,94,0,2,100,4,106,310,0,310,416
04/07/2021,WJF,CA,AWP,WE,Federal Contract Tower,0,4,1,3,8,0,2,47,1,50,0,6,48,4,58,90,0,90,148
04/08/2021,WJF,CA,AWP,WE,Federal Contract Tower,0,1,6,0,7,0,1,23,0,24,0,2,29,0,31,39,0,39,70
04/09/2021,WJF,CA,AWP,WE,Federal Contract Tower,0,1,1,5,7,0,6,70,1,77,0,7,71,6,84,62,2,64,148
04/10/2021,WJF,CA,AWP,WE,Federal Contract Tower,0,0,2,0,2,0,0,68,0,68,0,0,70,0,70,130,0,130,200
04/11/2021,WJF,CA,AWP,WE,Federal Contract Tower,0,0,5,0,5,0,0,70,0,70,0,0,75,0,75,122,0,122,197
04/12/2021,WJF,CA,AWP,WE,Federal Contract Tower,0,1,3,0,4,0,1,44,0,45,0,2,47,0,49,162,0,162,211
04/13/2021,WJF,CA,AWP,WE,Federal Contract Tower,0,1,9,4,14,0,1,13,0,14,0,2,22,4,28,13,0,13,41
04/14/2021,WJF,CA,AWP,WE,Federal Contract Tower,0,1,5,4,10,0,1,27,0,28,0,2,32,4,38,66,0,66,104
04/15/2021,WJF,CA,AWP,WE,Federal Contract Tower,0,1,4,0,5,0,0,44,1,45,0,1,48,1,50,50,0,50,100
04/16/2021,WJF,CA,AWP,WE,Federal Contract Tower,0,1,5,4,10,0,1,84,0,85,0,2,89,4,95,72,0,72,167
04/17/2021,WJF,CA,AWP,WE,Federal Contract Tower,0,0,5,0,5,0,0,83,0,83,0,0,88,0,88,100,0,100,188
04/18/2021,WJF,CA,AWP,WE,Federal Contract Tower,0,0,9,0,9,0,0,38,0,38,0,0,47,0,47,36,0,36,83
04/19/2021,WJF,CA,AWP,WE,Federal Contract Tower,0,1,4,0,5,0,1,37,0,38,0,2,41,0,43,112,0,112,155
04/20/2021,WJF,CA,AWP,WE,Federal Contract Tower,0,1,2,0,3,0,1,36,0,37,0,2,38,0,40,10,0,10,50
04/21/2021,WJF,CA,AWP,WE,Federal Contract Tower,0,1,6,1,8,0,1,21,3,25,0,2,27,4,33,2,0,2,35
04/22/2021,WJF,CA,AWP,WE,Federal Contract Tower,0,1,3,0,4,0,1,30,0,31,0,2,33,0,35,18,6,24,59
04/23/2021,WJF,CA,AWP,WE,Federal Contract Tower,0,1,9,2,12,0,6,32,0,38,0,7,41,2,50,98,0,98,148
04/24/2021,WJF,CA,AWP,WE,Federal Contract Tower,0,0,1,0,1,0,0,38,0,38,0,0,39,0,39,24,0,24,63
04/25/2021,WJF,CA,AWP,WE,Federal Contract Tower,0,0,3,0,3,0,0,12,0,12,0,0,15,0,15,2,0,2,17
04/26/2021,WJF,CA,AWP,WE,Federal Contract Tower,0,0,3,0,3,0,2,25,0,27,0,2,28,0,30,12,0,12,42
04/27/2021,WJF,CA,AWP,WE,Federal Contract Tower,0,2,2,0,4,0,0,38,0,38,0,2,40,0,42,74,0,74,116
04/28/2021,WJF,CA,AWP,WE,Federal Contract Tower,0,1,5,0,6,0,1,125,0,126,0,2,130,0,132,118,0,118,250
04/29/2021,WJF,CA,AWP,WE,Federal Contract Tower,0,1,8,8,17,0,1,80,0,81,0,2,88,8,98,78,8,86,184
04/30/2021,WJF,CA,AWP,WE,Federal Contract Tower,0,0,11,0,11,0,1,75,0,76,0,1,86,0,87,120,0,120,207
05/01/2021,WJF,CA,AWP,WE,Federal Contract Tower,0,0,3,0,3,0,0,54,0,54,0,0,57,0,57,72,0,72,129
05/02/2021,WJF,CA,AWP,WE,Federal Contract Tower,0,0,4,0,4,0,0,17,0,17,0,0,21,0,21,22,0,22,43
05/03/2021,WJF,CA,AWP,WE,Federal Contract Tower,0,1,1,4,6,0,1,37,3,41,0,2,38,7,47,36,2,38,85
05/04/2021,WJF,CA,AWP,WE,Federal Contract Tower,0,1,4,8,13,0,1,92,0,93,0,2,96,8,106,134,0,134,240
05/05/2021,WJF,CA,AWP,WE,Federal Contract Tower,0,1,15,0,16,0,1,57,6,64,0,2,72,6,80,84,0,84,164
05/06/2021,WJF,CA,AWP,WE,Federal Contract Tower,0,1,5,4,10,0,1,40,8,49,0,2,45,12,59,66,0,66,125
05/07/2021,WJF,CA,AWP,WE,Federal Contract Tower,0,1,2,0,3,0,1,45,2,48,0,2,47,2,51,134,0,134,185
05/08/2021,WJF,CA,AWP,WE,Federal Contract Tower,0,0,10,0,10,0,0,110,0,110,0,0,120,0,120,142,0,142,262
05/09/2021,WJF,CA,AWP,WE,Federal Contract Tower,0,0,2,0,2,0,0,58,0,58,0,0,60,0,60,66,0,66,126
05/10/2021,WJF,CA,AWP,WE,Federal Contract Tower,0,3,0,0,3,0,1,34,0,35,0,4,34,0,38,72,2,74,112
05/11/2021,WJF,CA,AWP,WE,Federal Contract Tower,0,1,12,0,13,0,1,59,0,60,0,2,71,0,73,84,0,84,157
05/12/2021,WJF,CA,AWP,WE,Federal Contract Tower,0,1,16,0,17,0,1,68,0,69,0,2,84,0,86,86,0,86,172
05/13/2021,WJF,CA,AWP,WE,Federal Contract Tower,0,1,9,0,10,0,1,37,0,38,0,2,46,0,48,72,0,72,120
05/14/2021,WJF,CA,AWP,WE,Federal Contract Tower,0,1,7,2,10,0,1,69,0,70,0,2,76,2,80,94,0,94,174
05/15/2021,WJF,CA,AWP,WE,Federal Contract Tower,0,0,3,0,3,0,0,36,0,36,0,0,39,0,39,48,0,48,87
05/16/2021,WJF,CA,AWP,WE,Federal Contract Tower,0,0,1,0,1,0,0,22,0,22,0,0,23,0,23,12,0,12,35
05/17/2021,WJF,CA,AWP,WE,Federal Contract Tower,0,1,2,0,3,0,1,51,0,52,0,2,53,0,55,16,0,16,71
05/18/2021,WJF,CA,AWP,WE,Federal Contract Tower,0,2,2,0,4,0,1,16,0,17,0,3,18,0,21,22,0,22,43
05/19/2021,WJF,CA,AWP,WE,Federal Contract Tower,0,1,3,0,4,0,1,16,0,17,0,2,19,0,21,8,0,8,29
05/20/2021,WJF,CA,AWP,WE,Federal Contract Tower,0,0,4,0,4,0,0,19,0,19,0,0,23,0,23,2,0,2,25
05/21/2021,WJF,CA,AWP,WE,Federal Contract Tower,0,1,0,0,1,0,1,36,0,37,0,2,36,0,38,32,0,32,70
05/22/2021,WJF,CA,AWP,WE,Federal Contract Tower,0,0,3,0,3,0,0,70,0,70,0,0,73,0,73,142,0,142,215
05/23/2021,WJF,CA,AWP,WE,Federal Contract Tower,0,0,3,0,3,0,0,78,0,78,0,0,81,0,81,124,0,124,205
05/24/2021,WJF,CA,AWP,WE,Federal Contract Tower,0,1,0,0,1,0,1,65,2,68,0,2,65,2,69,90,2,92,161
05/25/2021,WJF,CA,AWP,WE,Federal Contract Tower,0,1,11,0,12,0,1,54,0,55,0,2,65,0,67,34,0,34,101
05/26/2021,WJF,CA,AWP,WE,Federal Contract Tower,0,1,4,0,5,0,1,45,1,47,0,2,49,1,52,66,0,66,118
05/27/2021,WJF,CA,AWP,WE,Federal Contract Tower,0,0,9,7,16,0,0,55,1,56,0,0,64,8,72,68,0,68,140
05/28/2021,WJF,CA,AWP,WE,Federal Contract Tower,0,1,1,0,2,0,1,77,0,78,0,2,78,0,80,90,0,90,170
05/29/2021,WJF,CA,AWP,WE,Federal Contract Tower,0,1,3,0,4,0,1,58,0,59,0,2,61,0,63,120,0,120,183
05/30/2021,WJF,CA,AWP,WE,Federal Contract Tower,0,0,1,0,1,0,0,68,0,68,0,0,69,0,69,44,0,44,113
05/31/2021,WJF,CA,AWP,WE,Federal Contract Tower,0,0,3,0,3,0,0,59,0,59,0,0,62,0,62,36,0,36,98
06/01/2021,WJF,CA,AWP,WE,Federal Contract Tower,0,3,5,8,16,0,1,65,5,71,0,4,70,13,87,98,2,100,187
06/02/2021,WJF,CA,AWP,WE,Federal Contract Tower,0,1,5,4,10,0,1,46,4,51,0,2,51,8,61,54,0,54,115
06/03/2021,WJF,CA,AWP,WE,Federal Contract Tower,0,1,4,2,7,0,1,60,2,63,0,2,64,4,70,60,0,60,130
06/04/2021,WJF,CA,AWP,WE,Federal Contract Tower,0,2,5,4,11,0,1,83,2,86,0,3,88,6,97,104,0,104,201
06/05/2021,WJF,CA,AWP,WE,Federal Contract Tower,0,0,7,0,7,0,0,107,0,107,0,0,114,0,114,62,0,62,176
06/06/2021,WJF,CA,AWP,WE,Federal Contract Tower,0,0,0,0,0,0,0,35,0,35,0,0,35,0,35,16,0,16,51
06/07/2021,WJF,CA,AWP,WE,Federal Contract Tower,0,1,6,0,7,0,1,30,0,31,0,2,36,0,38,2,0,2,40
06/08/2021,WJF,CA,AWP,WE,Federal Contract Tower,0,3,0,6,9,0,1,29,0,30,0,4,29,6,39,16,16,32,71
06/09/2021,WJF,CA,AWP,WE,Federal Contract Tower,0,1,4,0,5,0,1,66,0,67,0,2,70,0,72,64,0,64,136
06/10/2021,WJF,CA,AWP,WE,Federal Contract Tower,0,1,0,0,1,0,1,80,0,81,0,2,80,0,82,88,0,88,170
06/11/2021,WJF,CA,AWP,WE,Federal Contract Tower,0,1,3,0,4,0,1,100,0,101,0,2,103,0,105,98,0,98,203
06/12/2021,WJF,CA,AWP,WE,Federal Contract Tower,0,0,9,0,9,0,0,153,0,153,0,0,162,0,162,156,0,156,318
06/13/2021,WJF,CA,AWP,WE,Federal Contract Tower,0,0,10,0,10,0,0,88,0,88,0,0,98,0,98,122,0,122,220
06/14/2021,WJF,CA,AWP,WE,Federal Contract Tower,0,1,2,0,3,0,1,44,0,45,0,2,46,0,48,12,0,12,60
06/15/2021,WJF,CA,AWP,WE,Federal Contract Tower,0,2,5,0,7,0,2,55,0,57,0,4,60,0,64,60,0,60,124
06/16/2021,WJF,CA,AWP,WE,Federal Contract Tower,0,1,4,0,5,0,1,58,0,59,0,2,62,0,64,54,0,54,118
06/17/2021,WJF,CA,AWP,WE,Federal Contract Tower,0,1,3,2,6,0,1,73,0,74,0,2,76,2,80,46,2,48,128
06/18/2021,WJF,CA,AWP,WE,Federal Contract Tower,0,1,20,0,21,0,1,62,0,63,0,2,82,0,84,30,0,30,114
06/19/2021,WJF,CA,AWP,WE,Federal Contract Tower,0,0,6,0,6,0,0,100,0,100,0,0,106,0,106,120,0,120,226
06/21/2021,WJF,CA,AWP,WE,Federal Contract Tower,0,1,4,0,5,0,0,45,4,49,0,1,49,4,54,54,0,54,108
06/22/2021,WJF,CA,AWP,WE,Federal Contract Tower,0,1,10,2,13,0,1,34,0,35,0,2,44,2,48,96,0,96,144
06/23/2021,WJF,CA,AWP,WE,Federal Contract Tower,0,1,6,0,7,0,1,39,0,40,0,2,45,0,47,24,0,24,71
06/24/2021,WJF,CA,AWP,WE,Federal Contract Tower,0,4,5,2,11,0,0,48,0,48,0,4,53,2,59,44,4,48,107
06/25/2021,WJF,CA,AWP,WE,Federal Contract Tower,0,1,6,0,7,0,1,77,0,78,0,2,83,0,85,60,0,60,145
06/26/2021,WJF,CA,AWP,WE,Federal Contract Tower,0,0,1,0,1,0,0,118,0,118,0,0,119,0,119,90,0,90,209
06/27/2021,WJF,CA,AWP,WE,Federal Contract Tower,0,0,3,0,3,0,0,105,0,105,0,0,108,0,108,42,0,42,150
06/28/2021,WJF,CA,AWP,WE,Federal Contract Tower,0,0,2,2,4,0,0,44,0,44,0,0,46,2,48,32,0,32,80
06/29/2021,WJF,CA,AWP,WE,Federal Contract Tower,0,2,6,0,8,0,0,49,0,49,0,2,55,0,57,60,0,60,117
06/30/2021,WJF,CA,AWP,WE,Federal Contract Tower,0,7,10,0,17,0,1,96,0,97,0,8,106,0,114,72,0,72,186
07/01/2021,WJF,CA,AWP,WE,Federal Contract Tower,0,1,8,6,15,0,1,68,0,69,0,2,76,6,84,68,0,68,152
07/02/2021,WJF,CA,AWP,WE,Federal Contract Tower,0,1,3,0,4,0,1,77,0,78,0,2,80,0,82,40,0,40,122
07/03/2021,WJF,CA,AWP,WE,Federal Contract Tower,0,0,3,0,3,0,0,70,0,70,0,0,73,0,73,70,0,70,143
07/04/2021,WJF,CA,AWP,WE,Federal Contract Tower,0,0,2,0,2,0,0,124,0,124,0,0,126,0,126,26,0,26,152
07/05/2021,WJF,CA,AWP,WE,Federal Contract Tower,0,0,7,0,7,0,0,40,0,40,0,0,47,0,47,66,0,66,113
07/06/2021,WJF,CA,AWP,WE,Federal Contract Tower,0,1,1,8,10,0,1,58,0,59,0,2,59,8,69,68,0,68,137
07/07/2021,WJF,CA,AWP,WE,Federal Contract Tower,0,1,2,2,5,0,1,55,0,56,0,2,57,2,61,80,0,80,141
07/08/2021,WJF,CA,AWP,WE,Federal Contract Tower,0,3,0,0,3,0,1,54,0,55,0,4,54,0,58,66,0,66,124
07/09/2021,WJF,CA,AWP,WE,Federal Contract Tower,0,0,5,0,5,0,1,53,0,54,0,1,58,0,59,66,0,66,125
07/10/2021,WJF,CA,AWP,WE,Federal Contract Tower,0,0,1,0,1,0,0,61,0,61,0,0,62,0,62,114,0,114,176
07/11/2021,WJF,CA,AWP,WE,Federal Contract Tower,0,0,0,0,0,0,0,23,0,23,0,0,23,0,23,10,0,10,33
07/12/2021,WJF,CA,AWP,WE,Federal Contract Tower,0,1,1,0,2,0,1,21,0,22,0,2,22,0,24,18,0,18,42
07/13/2021,WJF,CA,AWP,WE,Federal Contract Tower,0,1,3,0,4,0,1,34,0,35,0,2,37,0,39,56,0,56,95
07/14/2021,WJF,CA,AWP,WE,Federal Contract Tower,0,1,10,0,11,0,1,35,0,36,0,2,45,0,47,26,0,26,73
07/15/2021,WJF,CA,AWP,WE,Federal Contract Tower,0,1,7,0,8,0,1,67,0,68,0,2,74,0,76,62,0,62,138
07/16/2021,WJF,CA,AWP,WE,Federal Contract Tower,0,1,2,2,5,0,1,58,0,59,0,2,60,2,64,64,0,64,128
07/17/2021,WJF,CA,AWP,WE,Federal Contract Tower,0,0,7,0,7,0,0,63,0,63,0,0,70,0,70,34,0,34,104
07/18/2021,WJF,CA,AWP,WE,Federal Contract Tower,0,0,2,0,2,0,0,44,0,44,0,0,46,0,46,72,0,72,118
07/19/2021,WJF,CA,AWP,WE,Federal Contract Tower,0,1,1,2,4,0,1,37,0,38,0,2,38,2,42,74,0,74,116
07/20/2021,WJF,CA,AWP,WE,Federal Contract Tower,0,3,7,0,10,0,1,106,0,107,0,4,113,0,117,82,0,82,199
07/21/2021,WJF,CA,AWP,WE,Federal Contract Tower,0,1,19,0,20,0,1,68,2,71,0,2,87,2,91,78,0,78,169
07/22/2021,WJF,CA,AWP,WE,Federal Contract Tower,0,1,3,0,4,0,1,89,0,90,0,2,92,0,94,66,14,80,174
07/23/2021,WJF,CA,AWP,WE,Federal Contract Tower,0,1,3,0,4,0,1,77,0,78,0,2,80,0,82,72,0,72,154
07/24/2021,WJF,CA,AWP,WE,Federal Contract Tower,0,0,2,0,2,0,0,83,0,83,0,0,85,0,85,76,0,76,161
07/25/2021,WJF,CA,AWP,WE,Federal Contract Tower,0,0,6,0,6,0,0,57,0,57,0,0,63,0,63,64,0,64,127
07/26/2021,WJF,CA,AWP,WE,Federal Contract Tower,0,4,1,2,7,0,0,31,0,31,0,4,32,2,38,42,10,52,90
07/27/2021,WJF,CA,AWP,WE,Federal Contract Tower,0,1,2,0,3,0,1,44,0,45,0,2,46,0,48,60,0,60,108
07/28/2021,WJF,CA,AWP,WE,Federal Contract Tower,0,1,0,0,1,0,1,55,0,56,0,2,55,0,57,74,0,74,131
07/29/2021,WJF,CA,AWP,WE,Federal Contract Tower,0,1,8,4,13,0,1,52,0,53,0,2,60,4,66,88,0,88,154
07/30/2021,WJF,CA,AWP,WE,Federal Contract Tower,0,2,7,5,14,0,1,84,1,86,0,3,91,6,100,66,10,76,176
07/31/2021,WJF,CA,AWP,WE,Federal Contract Tower,0,0,5,0,5,0,0,105,0,105,0,0,110,0,110,90,0,90,200
08/01/2021,WJF,CA,AWP,WE,Federal Contract Tower,0,0,0,0,0,0,0,57,0,57,0,0,57,0,57,80,0,80,137
08/02/2021,WJF,CA,AWP,WE,Federal Contract Tower,0,2,0,2,4,0,0,57,0,57,0,2,57,2,61,20,4,24,85
08/03/2021,WJF,CA,AWP,WE,Federal Contract Tower,0,1,1,0,2,0,1,54,0,55,0,2,55,0,57,38,0,38,95
08/04/2021,WJF,CA,AWP,WE,Federal Contract Tower,0,1,12,0,13,0,1,58,2,61,0,2,70,2,74,30,0,30,104
08/05/2021,WJF,CA,AWP,WE,Federal Contract Tower,0,1,7,8,16,0,1,47,0,48,0,2,54,8,64,36,0,36,100
08/06/2021,WJF,CA,AWP,WE,Federal Contract Tower,0,1,7,0,8,0,1,56,0,57,0,2,63,0,65,80,0,80,145
08/07/2021,WJF,CA,AWP,WE,Federal Contract Tower,0,0,6,0,6,0,0,67,0,67,0,0,73,0,73,114,0,114,187
08/08/2021,WJF,CA,AWP,WE,Federal Contract Tower,0,0,4,0,4,0,0,53,0,53,0,0,57,0,57,80,0,80,137
08/09/2021,WJF,CA,AWP,WE,Federal Contract Tower,0,1,10,2,13,0,1,33,2,36,0,2,43,4,49,44,4,48,97
08/10/2021,WJF,CA,AWP,WE,Federal Contract Tower,0,2,7,5,14,0,1,37,2,40,0,3,44,7,54,62,10,72,126
08/11/2021,WJF,CA,AWP,WE,Federal Contract Tower,0,1,4,0,5,0,1,48,3,52,0,2,52,3,57,64,0,64,121
08/12/2021,WJF,CA,AWP,WE,Federal Contract Tower,0,1,6,1,8,0,1,52,5,58,0,2,58,6,66,22,8,30,96
08/13/2021,WJF,CA,AWP,WE,Federal Contract Tower,0,1,7,4,12,0,1,52,0,53,0,2,59,4,65,66,0,66,131
08/14/2021,WJF,CA,AWP,WE,Federal Contract Tower,0,0,3,0,3,0,0,79,0,79,0,0,82,0,82,116,0,116,198
08/15/2021,WJF,CA,AWP,WE,Federal Contract Tower,0,0,4,0,4,0,0,46,0,46,0,0,50,0,50,58,0,58,108
08/16/2021,WJF,CA,AWP,WE,Federal Contract Tower,0,1,1,0,2,0,1,19,0,20,0,2,20,0,22,36,0,36,58
08/17/2021,WJF,CA,AWP,WE,Federal Contract Tower,0,1,6,2,9,0,1,25,2,28,0,2,31,4,37,0,2,2,39
08/18/2021,WJF,CA,AWP,WE,Federal Contract Tower,0,1,2,1,4,0,1,11,1,13,0,2,13,2,17,6,4,10,27
08/19/2021,WJF,CA,AWP,WE,Federal Contract Tower,0,1,7,0,8,0,1,55,0,56,0,2,62,0,64,76,0,76,140
08/20/2021,WJF,CA,AWP,WE,Federal Contract Tower,0,1,20,4,25,0,2,87,0,89,0,3,107,4,114,198,0,198,312
08/21/2021,WJF,CA,AWP,WE,Federal Contract Tower,0,0,6,0,6,0,0,64,0,64,0,0,70,0,70,52,0,52,122
08/22/2021,WJF,CA,AWP,WE,Federal Contract Tower,0,0,2,0,2,0,0,55,0,55,0,0,57,0,57,84,0,84,141
08/23/2021,WJF,CA,AWP,WE,Federal Contract Tower,0,1,4,4,9,0,1,50,0,51,0,2,54,4,60,52,4,56,116
08/24/2021,WJF,CA,AWP,WE,Federal Contract Tower,0,1,9,0,10,0,1,39,0,40,0,2,48,0,50,52,0,52,102
08/25/2021,WJF,CA,AWP,WE,Federal Contract Tower,0,1,3,0,4,0,1,65,0,66,0,2,68,0,70,88,0,88,158
08/26/2021,WJF,CA,AWP,WE,Federal Contract Tower,0,1,0,0,1,0,1,52,0,53,0,2,52,0,54,58,0,58,112
08/27/2021,WJF,CA,AWP,WE,Federal Contract Tower,0,1,5,2,8,0,1,79,0,80,0,2,84,2,88,62,0,62,150
08/28/2021,WJF,CA,AWP,WE,Federal Contract Tower,0,1,6,0,7,0,0,68,0,68,0,1,74,0,75,128,0,128,203
08/29/2021,WJF,CA,AWP,WE,Federal Contract Tower,0,0,7,0,7,0,0,82,0,82,0,0,89,0,89,81,1,82,171
08/30/2021,WJF,CA,AWP,WE,Federal Contract Tower,0,1,3,1,5,0,1,46,0,47,0,2,49,1,52,28,0,28,80
08/31/2021,WJF,CA,AWP,WE,Federal Contract Tower,0,1,5,0,6,0,1,32,0,33,0,2,37,0,39,60,0,60,99
09/01/2021,WJF,CA,AWP,WE,Federal Contract Tower,0,3,2,0,5,0,1,36,0,37,0,4,38,0,42,32,0,32,74
09/02/2021,WJF,CA,AWP,WE,Federal Contract Tower,0,1,5,0,6,0,1,44,0,45,0,2,49,0,51,18,0,18,69
09/03/2021,WJF,CA,AWP,WE,Federal Contract Tower,0,1,4,0,5,0,1,62,0,63,0,2,66,0,68,64,0,64,132
09/04/2021,WJF,CA,AWP,WE,Federal Contract Tower,0,0,8,0,8,0,0,73,0,73,0,0,81,0,81,30,0,30,111
09/05/2021,WJF,CA,AWP,WE,Federal Contract Tower,0,0,0,0,0,0,2,61,0,63,0,2,61,0,63,68,0,68,131
09/06/2021,WJF,CA,AWP,WE,Federal Contract Tower,0,0,6,0,6,0,0,54,0,54,0,0,60,0,60,110,0,110,170
09/07/2021,WJF,CA,AWP,WE,Federal Contract Tower,0,1,3,2,6,0,1,24,2,27,0,2,27,4,33,30,0,30,63
09/08/2021,WJF,CA,AWP,WE,Federal Contract Tower,0,4,10,6,20,0,1,41,2,44,0,5,51,8,64,60,0,60,124
09/09/2021,WJF,CA,AWP,WE,Federal Contract Tower,0,0,2,8,10,0,0,59,0,59,0,0,61,8,69,90,0,90,159
09/10/2021,WJF,CA,AWP,WE,Federal Contract Tower,0,1,2,4,7,0,1,47,1,49,0,2,49,5,56,72,0,72,128
09/11/2021,WJF,CA,AWP,WE,Federal Contract Tower,0,1,7,8,16,0,0,98,0,98,0,1,105,8,114,120,0,120,234
09/12/2021,WJF,CA,AWP,WE,Federal Contract Tower,0,0,3,6,9,0,1,48,0,49,0,1,51,6,58,84,0,84,142
09/13/2021,WJF,CA,AWP,WE,Federal Contract Tower,0,1,8,0,9,0,1,32,0,33,0,2,40,0,42,30,0,30,72
09/14/2021,WJF,CA,AWP,WE,Federal Contract Tower,0,1,2,0,3,0,1,40,2,43,0,2,42,2,46,62,0,62,108
09/15/2021,WJF,CA,AWP,WE,Federal Contract Tower,0,3,9,4,16,0,1,50,0,51,0,4,59,4,67,102,0,102,169
09/16/2021,WJF,CA,AWP,WE,Federal Contract Tower,0,0,12,0,12,0,1,69,0,70,0,1,81,0,82,134,0,134,216
09/17/2021,WJF,CA,AWP,WE,Federal Contract Tower,0,1,17,0,18,0,1,142,2,145,0,2,159,2,163,62,2,64,227
09/18/2021,WJF,CA,AWP,WE,Federal Contract Tower,0,0,3,0,3,0,0,65,0,65,0,0,68,0,68,73,0,73,141
09/19/2021,WJF,CA,AWP,WE,Federal Contract Tower,0,0,3,0,3,0,0,29,0,29,0,0,32,0,32,22,0,22,54
09/20/2021,WJF,CA,AWP,WE,Federal Contract Tower,0,0,1,0,1,0,2,37,0,39,0,2,38,0,40,54,0,54,94
09/21/2021,WJF,CA,AWP,WE,Federal Contract Tower,0,3,7,2,12,0,1,61,0,62,0,4,68,2,74,50,0,50,124
09/22/2021,WJF,CA,AWP,WE,Federal Contract Tower,0,1,13,0,14,0,1,76,0,77,0,2,89,0,91,52,0,52,143
09/23/2021,WJF,CA,AWP,WE,Federal Contract Tower,0,2,14,0,16,0,0,46,0,46,0,2,60,0,62,68,0,68,130
09/24/2021,WJF,CA,AWP,WE,Federal Contract Tower,0,1,5,0,6,0,1,66,0,67,0,2,71,0,73,94,0,94,167
09/25/2021,WJF,CA,AWP,WE,Federal Contract Tower,0,0,9,0,9,0,0,76,0,76,0,0,85,0,85,88,0,88,173
09/26/2021,WJF,CA,AWP,WE,Federal Contract Tower,0,0,6,0,6,0,0,51,0,51,0,0,57,0,57,50,0,50,107
09/27/2021,WJF,CA,AWP,WE,Federal Contract Tower,0,0,15,0,15,0,1,26,0,27,0,1,41,0,42,14,0,14,56
09/28/2021,WJF,CA,AWP,WE,Federal Contract Tower,0,1,3,0,4,0,1,17,0,18,0,2,20,0,22,0,0,0,22
09/29/2021,WJF,CA,AWP,WE,Federal Contract Tower,0,1,10,0,11,0,2,81,5,88,0,3,91,5,99,110,42,152,251
09/30/2021,WJF,CA,AWP,WE,Federal Contract Tower,0,1,2,2,5,0,1,83,0,84,0,2,85,2,89,122,0,122,211
10/01/2021,WJF,CA,AWP,WE,Federal Contract Tower,0,1,2,2,5,0,1,90,0,91,0,2,92,2,96,92,0,92,188
10/02/2021,WJF,CA,AWP,WE,Federal Contract Tower,0,0,8,0,8,0,0,100,0,100,0,0,108,0,108,118,0,118,226
10/03/2021,WJF,CA,AWP,WE,Federal Contract Tower,0,0,1,0,1,0,0,43,0,43,0,0,44,0,44,60,0,60,104
10/04/2021,WJF,CA,AWP,WE,Federal Contract Tower,0,1,5,2,8,0,1,53,2,56,0,2,58,4,64,40,0,40,104
10/05/2021,WJF,CA,AWP,WE,Federal Contract Tower,0,1,10,0,11,0,1,53,0,54,0,2,63,0,65,100,0,100,165
10/06/2021,WJF,CA,AWP,WE,Federal Contract Tower,0,1,19,2,22,0,1,72,0,73,0,2,91,2,95,78,0,78,173
10/07/2021,WJF,CA,AWP,WE,Federal Contract Tower,0,1,10,4,15,0,1,41,0,42,0,2,51,4,57,46,0,46,103
10/08/2021,WJF,CA,AWP,WE,Federal Contract Tower,0,2,4,0,6,0,0,54,0,54,0,2,58,0,60,62,0,62,122
10/09/2021,WJF,CA,AWP,WE,Federal Contract Tower,0,1,7,0,8,0,0,81,0,81,0,1,88,0,89,84,0,84,173
10/10/2021,WJF,CA,AWP,WE,Federal Contract Tower,0,1,5,0,6,0,0,80,0,80,0,1,85,0,86,104,0,104,190
10/11/2021,WJF,CA,AWP,WE,Federal Contract Tower,0,0,0,0,0,0,0,2,0,2,0,0,2,0,2,0,0,0,2
10/12/2021,WJF,CA,AWP,WE,Federal Contract Tower,0,3,2,0,5,0,1,61,0,62,0,4,63,0,67,18,0,18,85
10/13/2021,WJF,CA,AWP,WE,Federal Contract Tower,0,1,4,0,5,0,1,97,0,98,0,2,101,0,103,96,0,96,199
10/14/2021,WJF,CA,AWP,WE,Federal Contract Tower,0,1,3,0,4,0,1,107,0,108,0,2,110,0,112,68,0,68,180
10/15/2021,WJF,CA,AWP,WE,Federal Contract Tower,0,1,3,0,4,0,1,96,0,97,0,2,99,0,101,106,0,106,207
10/16/2021,WJF,CA,AWP,WE,Federal Contract Tower,0,0,3,0,3,0,0,107,0,107,0,0,110,0,110,112,0,112,222
10/17/2021,WJF,CA,AWP,WE,Federal Contract Tower,0,0,5,0,5,0,0,55,0,55,0,0,60,0,60,54,0,54,114
10/18/2021,WJF,CA,AWP,WE,Federal Contract Tower,0,2,2,0,4,0,0,13,0,13,0,2,15,0,17,0,0,0,17
10/19/2021,WJF,CA,AWP,WE,Federal Contract Tower,0,1,2,0,3,0,9,56,0,65,0,10,58,0,68,174,0,174,242
10/20/2021,WJF,CA,AWP,WE,Federal Contract Tower,0,1,13,0,14,0,1,89,0,90,0,2,102,0,104,156,0,156,260
10/21/2021,WJF,CA,AWP,WE,Federal Contract Tower,0,0,3,0,3,0,1,68,0,69,0,1,71,0,72,66,0,66,138
10/22/2021,WJF,CA,AWP,WE,Federal Contract Tower,0,1,4,0,5,0,1,71,0,72,0,2,75,0,77,152,0,152,229
10/23/2021,WJF,CA,AWP,WE,Federal Contract Tower,0,0,6,0,6,0,0,21,0,21,0,0,27,0,27,38,0,38,65
10/24/2021,WJF,CA,AWP,WE,Federal Contract Tower,0,0,8,0,8,0,0,20,0,20,0,0,28,0,28,66,0,66,94
10/25/2021,WJF,CA,AWP,WE,Federal Contract Tower,0,0,2,2,4,0,0,7,0,7,0,0,9,2,11,0,0,0,11
10/26/2021,WJF,CA,AWP,WE,Federal Contract Tower,0,1,6,0,7,0,3,78,2,83,0,4,84,2,90,72,4,76,166
10/27/2021,WJF,CA,AWP,WE,Federal Contract Tower,0,0,2,0,2,0,0,77,2,79,0,0,79,2,81,142,0,142,223
10/28/2021,WJF,CA,AWP,WE,Federal Contract Tower,0,1,7,6,14,0,1,50,0,51,0,2,57,6,65,74,0,74,139
10/29/2021,WJF,CA,AWP,WE,Federal Contract Tower,0,0,10,0,10,0,1,81,0,82,0,1,91,0,92,152,0,152,244
10/30/2021,WJF,CA,AWP,WE,Federal Contract Tower,0,0,5,0,5,0,0,86,0,86,0,0,91,0,91,96,0,96,187
10/31/2021,WJF,CA,AWP,WE,Federal Contract Tower,0,0,11,0,11,0,0,46,0,46,0,0,57,0,57,48,0,48,105
11/01/2021,WJF,CA,AWP,WE,Federal Contract Tower,0,1,10,5,16,0,1,21,1,23,0,2,31,6,39,54,6,60,99
11/02/2021,WJF,CA,AWP,WE,Federal Contract Tower,0,3,6,6,15,0,1,63,0,64,0,4,69,6,79,98,0,98,177
11/03/2021,WJF,CA,AWP,WE,Federal Contract Tower,0,1,1,5,7,0,1,78,0,79,0,2,79,5,86,76,0,76,162
11/04/2021,WJF,CA,AWP,WE,Federal Contract Tower,0,2,14,0,16,0,1,61,0,62,0,3,75,0,78,8,30,38,116
11/05/2021,WJF,CA,AWP,WE,Federal Contract Tower,0,1,18,0,19,0,1,108,0,109,0,2,126,0,128,111,0,111,239
11/06/2021,WJF,CA,AWP,WE,Federal Contract Tower,0,1,4,0,5,0,0,70,0,70,0,1,74,0,75,136,0,136,211
11/07/2021,WJF,CA,AWP,WE,Federal Contract Tower,0,0,0,0,0,0,0,46,0,46,0,0,46,0,46,18,0,18,64
11/08/2021,WJF,CA,AWP,WE,Federal Contract Tower,0,1,4,0,5,0,1,27,0,28,0,2,31,0,33,6,0,6,39
11/09/2021,WJF,CA,AWP,WE,Federal Contract Tower,0,2,8,0,10,0,0,24,0,24,0,2,32,0,34,12,0,12,46
11/10/2021,WJF,CA,AWP,WE,Federal Contract Tower,0,3,4,0,7,0,1,48,0,49,0,4,52,0,56,82,0,82,138
11/11/2021,WJF,CA,AWP,WE,Federal Contract Tower,0,1,5,0,6,0,1,57,0,58,0,2,62,0,64,70,0,70,134
11/12/2021,WJF,CA,AWP,WE,Federal Contract Tower,0,1,2,0,3,0,1,84,0,85,0,2,86,0,88,58,0,58,146
11/13/2021,WJF,CA,AWP,WE,Federal Contract Tower,0,0,9,0,9,0,0,76,0,76,0,0,85,0,85,142,0,142,227
11/14/2021,WJF,CA,AWP,WE,Federal Contract Tower,0,0,4,0,4,0,0,73,0,73,0,0,77,0,77,152,0,152,229
11/15/2021,WJF,CA,AWP,WE,Federal Contract Tower,0,1,15,1,17,0,1,42,1,44,0,2,57,2,61,66,0,66,127
11/16/2021,WJF,CA,AWP,WE,Federal Contract Tower,0,1,3,2,6,0,1,56,0,57,0,2,59,2,63,68,0,68,131
11/17/2021,WJF,CA,AWP,WE,Federal Contract Tower,0,3,12,4,19,0,1,73,0,74,0,4,85,4,93,74,0,74,167
11/18/2021,WJF,CA,AWP,WE,Federal Contract Tower,0,1,6,2,9,0,1,64,0,65,0,2,70,2,74,46,0,46,120
11/19/2021,WJF,CA,AWP,WE,Federal Contract Tower,0,0,19,2,21,0,1,59,0,60,0,1,78,2,81,76,6,82,163
11/20/2021,WJF,CA,AWP,WE,Federal Contract Tower,0,0,2,0,2,0,0,77,0,77,0,0,79,0,79,94,0,94,173
11/21/2021,WJF,CA,AWP,WE,Federal Contract Tower,0,0,4,0,4,0,0,36,0,36,0,0,40,0,40,20,0,20,60
11/22/2021,WJF,CA,AWP,WE,Federal Contract Tower,0,1,7,0,8,0,1,35,0,36,0,2,42,0,44,46,0,46,90
11/23/2021,WJF,CA,AWP,WE,Federal Contract Tower,0,1,2,0,3,0,1,59,0,60,0,2,61,0,63,56,0,56,119
11/24/2021,WJF,CA,AWP,WE,Federal Contract Tower,0,1,5,0,6,0,2,53,0,55,0,3,58,0,61,74,0,74,135
11/25/2021,WJF,CA,AWP,WE,Federal Contract Tower,0,0,3,0,3,0,0,21,0,21,0,0,24,0,24,38,0,38,62
11/26/2021,WJF,CA,AWP,WE,Federal Contract Tower,0,1,1,0,2,0,0,51,0,51,0,1,52,0,53,72,0,72,125
11/27/2021,WJF,CA,AWP,WE,Federal Contract Tower,0,0,0,0,0,0,0,72,0,72,0,0,72,0,72,90,0,90,162
11/28/2021,WJF,CA,AWP,WE,Federal Contract Tower,0,0,6,0,6,0,0,90,0,90,0,0,96,0,96,62,0,62,158
11/29/2021,WJF,CA,AWP,WE,Federal Contract Tower,0,1,3,0,4,0,1,46,0,47,0,2,49,0,51,56,0,56,107
11/30/2021,WJF,CA,AWP,WE,Federal Contract Tower,0,1,8,0,9,0,1,69,0,70,0,2,77,0,79,64,0,64,143
12/01/2021,WJF,CA,AWP,WE,Federal Contract Tower,0,1,1,0,2,0,1,45,0,46,0,2,46,0,48,36,0,36,84
12/02/2021,WJF,CA,AWP,WE,Federal Contract Tower,0,1,4,0,5,0,1,41,0,42,0,2,45,0,47,50,0,50,97
12/03/2021,WJF,CA,AWP,WE,Federal Contract Tower,0,1,10,0,11,0,1,86,0,87,0,2,96,0,98,44,0,44,142
12/04/2021,WJF,CA,AWP,WE,Federal Contract Tower,0,0,12,0,12,0,0,151,0,151,0,0,163,0,163,160,0,160,323
12/05/2021,WJF,CA,AWP,WE,Federal Contract Tower,0,0,8,0,8,0,0,60,0,60,0,0,68,0,68,62,0,62,130
12/06/2021,WJF,CA,AWP,WE,Federal Contract Tower,0,1,1,0,2,0,1,31,0,32,0,2,32,0,34,48,0,48,82
12/07/2021,WJF,CA,AWP,WE,Federal Contract Tower,0,2,21,0,23,0,1,38,0,39,0,3,59,0,62,48,0,48,110
12/08/2021,WJF,CA,AWP,WE,Federal Contract Tower,0,1,11,0,12,0,1,63,0,64,0,2,74,0,76,100,0,100,176
12/09/2021,WJF,CA,AWP,WE,Federal Contract Tower,0,1,2,0,3,0,0,1,0,1,0,1,3,0,4,0,0,0,4
12/10/2021,WJF,CA,AWP,WE,Federal Contract Tower,0,1,5,2,8,0,1,97,0,98,0,2,102,2,106,184,2,186,292
12/11/2021,WJF,CA,AWP,WE,Federal Contract Tower,0,0,7,0,7,0,0,112,0,112,0,0,119,0,119,152,0,152,271
12/12/2021,WJF,CA,AWP,WE,Federal Contract Tower,0,1,3,0,4,0,0,78,0,78,0,1,81,0,82,62,0,62,144
12/13/2021,WJF,CA,AWP,WE,Federal Contract Tower,0,1,0,0,1,0,1,20,0,21,0,2,20,0,22,4,0,4,26
12/14/2021,WJF,CA,AWP,WE,Federal Contract Tower,0,1,0,0,1,0,0,0,0,0,0,1,0,0,1,0,0,0,1
12/15/2021,WJF,CA,AWP,WE,Federal Contract Tower,0,3,6,0,9,0,2,87,0,89,0,5,93,0,98,102,0,102,200
12/16/2021,WJF,CA,AWP,WE,Federal Contract Tower,0,5,0,0,5,0,1,38,0,39,0,6,38,0,44,76,0,76,120
12/17/2021,WJF,CA,AWP,WE,Federal Contract Tower,0,1,3,11,15,0,1,66,2,69,0,2,69,13,84,104,8,112,196
12/18/2021,WJF,CA,AWP,WE,Federal Contract Tower,0,0,10,0,10,0,0,81,0,81,0,0,91,0,91,116,0,116,207
12/19/2021,WJF,CA,AWP,WE,Federal Contract Tower,0,0,5,0,5,0,0,78,0,78,0,0,83,0,83,130,0,130,213
12/20/2021,WJF,CA,AWP,WE,Federal Contract Tower,0,1,12,0,13,0,1,53,2,56,0,2,65,2,69,42,0,42,111
12/21/2021,WJF,CA,AWP,WE,Federal Contract Tower,0,3,1,0,4,0,1,67,0,68,0,4,68,0,72,116,0,116,188
12/22/2021,WJF,CA,AWP,WE,Federal Contract Tower,0,1,2,2,5,0,1,31,2,34,0,2,33,4,39,28,24,52,91
12/23/2021,WJF,CA,AWP,WE,Federal Contract Tower,0,2,1,0,3,0,0,2,0,2,0,2,3,0,5,36,0,36,41
12/24/2021,WJF,CA,AWP,WE,Federal Contract Tower,0,2,0,0,2,0,0,13,0,13,0,2,13,0,15,46,0,46,61
12/25/2021,WJF,CA,AWP,WE,Federal Contract Tower,0,0,1,0,1,0,0,5,0,5,0,0,6,0,6,24,0,24,30
12/26/2021,WJF,CA,AWP,WE,Federal Contract Tower,0,0,1,0,1,0,0,12,0,12,0,0,13,0,13,4,0,4,17
12/27/2021,WJF,CA,AWP,WE,Federal Contract Tower,0,1,2,0,3,0,1,2,0,3,0,2,4,0,6,0,0,0,6
12/28/2021,WJF,CA,AWP,WE,Federal Contract Tower,0,1,1,0,2,0,1,10,0,11,0,2,11,0,13,12,0,12,25
12/29/2021,WJF,CA,AWP,WE,Federal Contract Tower,0,2,0,0,2,0,0,8,0,8,0,2,8,0,10,38,0,38,48
12/30/2021,WJF,CA,AWP,WE,Federal Contract Tower,0,0,0,0,0,0,0,0,0,0,0,0,0,0,0,0,0,0,0
12/31/2021,WJF,CA,AWP,WE,Federal Contract Tower,0,0,2,0,2,0,0,2,0,2,0,0,4,0,4,0,0,0,4
01/01/2022,WJF,CA,AWP,WE,Federal Contract Tower,0,0,6,0,6,0,0,62,0,62,0,0,68,0,68,56,0,56,124
01/02/2022,WJF,CA,AWP,WE,Federal Contract Tower,0,0,1,0,1,0,0,69,0,69,0,0,70,0,70,88,0,88,158
01/03/2022,WJF,CA,AWP,WE,Federal Contract Tower,0,1,4,0,5,0,1,53,0,54,0,2,57,0,59,104,0,104,163
01/04/2022,WJF,CA,AWP,WE,Federal Contract Tower,0,1,6,0,7,0,1,19,0,20,0,2,25,0,27,16,6,22,49
01/05/2022,WJF,CA,AWP,WE,Federal Contract Tower,0,1,2,2,5,0,1,52,0,53,0,2,54,2,58,60,0,60,118
01/06/2022,WJF,CA,AWP,WE,Federal Contract Tower,0,1,6,2,9,0,1,57,2,60,0,2,63,4,69,46,8,54,123
01/07/2022,WJF,CA,AWP,WE,Federal Contract Tower,0,3,10,0,13,0,1,56,0,57,0,4,66,0,70,94,0,94,164
01/08/2022,WJF,CA,AWP,WE,Federal Contract Tower,0,0,3,0,3,0,0,89,0,89,0,0,92,0,92,88,0,88,180
01/09/2022,WJF,CA,AWP,WE,Federal Contract Tower,0,0,2,0,2,0,0,89,0,89,0,0,91,0,91,62,0,62,153
01/10/2022,WJF,CA,AWP,WE,Federal Contract Tower,0,1,0,4,5,0,1,22,0,23,0,2,22,4,28,6,2,8,36
01/11/2022,WJF,CA,AWP,WE,Federal Contract Tower,0,1,3,14,18,0,1,40,2,43,0,2,43,16,61,102,0,102,163
01/12/2022,WJF,CA,AWP,WE,Federal Contract Tower,0,1,2,12,15,0,1,66,2,69,0,2,68,14,84,74,0,74,158
01/13/2022,WJF,CA,AWP,WE,Federal Contract Tower,0,1,3,7,11,0,1,45,3,49,0,2,48,10,60,76,0,76,136
01/14/2022,WJF,CA,AWP,WE,Federal Contract Tower,0,1,3,0,4,0,1,70,0,71,0,2,73,0,75,80,0,80,155
01/15/2022,WJF,CA,AWP,WE,Federal Contract Tower,0,0,2,0,2,0,0,49,0,49,0,0,51,0,51,148,0,148,199
01/16/2022,WJF,CA,AWP,WE,Federal Contract Tower,0,0,9,0,9,0,0,45,0,45,0,0,54,0,54,88,0,88,142
01/17/2022,WJF,CA,AWP,WE,Federal Contract Tower,0,1,7,0,8,0,1,28,0,29,0,2,35,0,37,48,0,48,85
01/18/2022,WJF,CA,AWP,WE,Federal Contract Tower,0,1,4,2,7,0,1,48,3,52,0,2,52,5,59,32,0,32,91
01/19/2022,WJF,CA,AWP,WE,Federal Contract Tower,0,1,3,5,9,0,1,50,4,55,0,2,53,9,64,70,0,70,134
01/20/2022,WJF,CA,AWP,WE,Federal Contract Tower,0,1,11,2,14,0,1,79,0,80,0,2,90,2,94,112,0,112,206
01/21/2022,WJF,CA,AWP,WE,Federal Contract Tower,0,1,1,0,2,0,1,39,0,40,0,2,40,0,42,72,0,72,114
01/22/2022,WJF,CA,AWP,WE,Federal Contract Tower,0,0,5,0,5,0,0,37,0,37,0,0,42,0,42,22,0,22,64
01/23/2022,WJF,CA,AWP,WE,Federal Contract Tower,0,0,5,0,5,0,0,115,0,115,0,0,120,0,120,64,0,64,184
01/24/2022,WJF,CA,AWP,WE,Federal Contract Tower,0,1,0,0,1,0,1,102,0,103,0,2,102,0,104,38,0,38,142
01/25/2022,WJF,CA,AWP,WE,Federal Contract Tower,0,1,5,7,13,0,1,70,1,72,0,2,75,8,85,100,10,110,195
01/26/2022,WJF,CA,AWP,WE,Federal Contract Tower,0,1,4,5,10,0,1,98,3,102,0,2,102,8,112,148,14,162,274
01/27/2022,WJF,CA,AWP,WE,Federal Contract Tower,0,1,9,12,22,0,1,69,2,72,0,2,78,14,94,44,6,50,144
01/28/2022,WJF,CA,AWP,WE,Federal Contract Tower,0,1,0,0,1,0,1,47,4,52,0,2,47,4,53,122,2,124,177
01/29/2022,WJF,CA,AWP,WE,Federal Contract Tower,0,0,1,0,1,0,0,60,0,60,0,0,61,0,61,88,0,88,149
01/30/2022,WJF,CA,AWP,WE,Federal Contract Tower,0,0,14,0,14,0,0,78,0,78,0,0,92,0,92,136,0,136,228
01/31/2022,WJF,CA,AWP,WE,Federal Contract Tower,0,1,2,0,3,0,1,46,0,47,0,2,48,0,50,98,0,98,148
02/01/2022,WJF,CA,AWP,WE,Federal Contract Tower,0,1,12,0,13,0,1,43,8,52,0,2,55,8,65,30,24,54,119
02/02/2022,WJF,CA,AWP,WE,Federal Contract Tower,0,1,2,0,3,0,1,30,0,31,0,2,32,0,34,24,0,24,58
02/03/2022,WJF,CA,AWP,WE,Federal Contract Tower,0,1,5,9,15,0,1,50,3,54,0,2,55,12,69,52,16,68,137
02/04/2022,WJF,CA,AWP,WE,Federal Contract Tower,0,1,9,0,10,0,1,59,0,60,0,2,68,0,70,84,0,84,154
02/05/2022,WJF,CA,AWP,WE,Federal Contract Tower,0,0,9,0,9,0,0,46,0,46,0,0,55,0,55,44,0,44,99
02/06/2022,WJF,CA,AWP,WE,Federal Contract Tower,0,0,0,0,0,0,0,37,0,37,0,0,37,0,37,52,0,52,89
02/07/2022,WJF,CA,AWP,WE,Federal Contract Tower,0,1,9,8,18,0,1,37,0,38,0,2,46,8,56,64,10,74,130
02/08/2022,WJF,CA,AWP,WE,Federal Contract Tower,0,1,10,13,24,0,1,65,1,67,0,2,75,14,91,56,4,60,151
02/09/2022,WJF,CA,AWP,WE,Federal Contract Tower,0,1,11,16,28,0,1,50,2,53,0,2,61,18,81,66,6,72,153
02/10/2022,WJF,CA,AWP,WE,Federal Contract Tower,0,1,19,0,20,0,1,36,0,37,0,2,55,0,57,54,0,54,111
02/11/2022,WJF,CA,AWP,WE,Federal Contract Tower,0,2,2,0,4,0,1,75,0,76,0,3,77,0,80,118,0,118,198
02/12/2022,WJF,CA,AWP,WE,Federal Contract Tower,0,0,9,0,9,0,0,94,0,94,0,0,103,0,103,124,0,124,227
02/13/2022,WJF,CA,AWP,WE,Federal Contract Tower,0,0,1,0,1,0,0,57,0,57,0,0,58,0,58,166,0,166,224
02/14/2022,WJF,CA,AWP,WE,Federal Contract Tower,0,1,0,0,1,0,1,47,0,48,0,2,47,0,49,36,4,40,89
02/15/2022,WJF,CA,AWP,WE,Federal Contract Tower,0,1,0,0,1,0,0,3,0,3,0,1,3,0,4,2,0,2,6
02/16/2022,WJF,CA,AWP,WE,Federal Contract Tower,0,3,10,0,13,0,1,52,0,53,0,4,62,0,66,8,0,8,74
02/17/2022,WJF,CA,AWP,WE,Federal Contract Tower,0,1,2,2,5,0,1,51,2,54,0,2,53,4,59,16,4,20,79
02/18/2022,WJF,CA,AWP,WE,Federal Contract Tower,0,1,11,0,12,0,1,76,0,77,0,2,87,0,89,108,0,108,197
02/19/2022,WJF,CA,AWP,WE,Federal Contract Tower,0,0,5,0,5,0,0,106,0,106,0,0,111,0,111,72,0,72,183
02/20/2022,WJF,CA,AWP,WE,Federal Contract Tower,0,1,1,0,2,0,0,60,0,60,0,1,61,0,62,110,0,110,172
02/21/2022,WJF,CA,AWP,WE,Federal Contract Tower,0,1,2,0,3,0,1,13,0,14,0,2,15,0,17,0,0,0,17
02/22/2022,WJF,CA,AWP,WE,Federal Contract Tower,0,2,0,2,4,0,0,7,0,7,0,2,7,2,11,0,0,0,11
02/23/2022,WJF,CA,AWP,WE,Federal Contract Tower,0,2,5,0,7,0,1,26,0,27,0,3,31,0,34,28,0,28,62
02/24/2022,WJF,CA,AWP,WE,Federal Contract Tower,0,2,2,3,7,0,1,60,1,62,0,3,62,4,69,0,94,94,163
02/25/2022,WJF,CA,AWP,WE,Federal Contract Tower,0,1,6,0,7,0,1,72,0,73,0,2,78,0,80,114,0,114,194
02/26/2022,WJF,CA,AWP,WE,Federal Contract Tower,0,0,1,0,1,0,0,82,0,82,0,0,83,0,83,78,0,78,161
02/27/2022,WJF,CA,AWP,WE,Federal Contract Tower,0,0,4,0,4,0,0,52,0,52,0,0,56,0,56,36,0,36,92
02/28/2022,WJF,CA,AWP,WE,Federal Contract Tower,0,1,5,0,6,0,1,49,2,52,0,2,54,2,58,80,2,82,140
03/01/2022,WJF,CA,AWP,WE,Federal Contract Tower,0,1,9,2,12,0,1,73,2,76,0,2,82,4,88,102,16,118,206
03/02/2022,WJF,CA,AWP,WE,Federal Contract Tower,0,1,2,6,9,0,1,85,0,86,0,2,87,6,95,168,0,168,263
03/03/2022,WJF,CA,AWP,WE,Federal Contract Tower,0,1,16,0,17,0,1,60,0,61,0,2,76,0,78,82,0,82,160
03/04/2022,WJF,CA,AWP,WE,Federal Contract Tower,0,2,0,4,6,0,0,12,0,12,0,2,12,4,18,30,0,30,48
03/05/2022,WJF,CA,AWP,WE,Federal Contract Tower,0,0,2,0,2,0,0,24,0,24,0,0,26,0,26,18,0,18,44
03/06/2022,WJF,CA,AWP,WE,Federal Contract Tower,0,0,2,0,2,0,0,68,0,68,0,0,70,0,70,80,0,80,150
03/07/2022,WJF,CA,AWP,WE,Federal Contract Tower,0,1,8,11,20,0,1,43,0,44,0,2,51,11,64,72,14,86,150
03/08/2022,WJF,CA,AWP,WE,Federal Contract Tower,0,1,7,18,26,0,1,65,24,90,0,2,72,42,116,150,0,150,266
03/09/2022,WJF,CA,AWP,WE,Federal Contract Tower,0,2,9,2,13,0,1,28,1,30,0,3,37,3,43,58,0,58,101
03/10/2022,WJF,CA,AWP,WE,Federal Contract Tower,0,1,0,0,1,0,1,21,0,22,0,2,21,0,23,14,0,14,37
03/11/2022,WJF,CA,AWP,WE,Federal Contract Tower,0,2,6,4,12,0,1,105,0,106,0,3,111,4,118,170,0,170,288
03/12/2022,WJF,CA,AWP,WE,Federal Contract Tower,0,0,9,0,9,0,0,107,0,107,0,0,116,0,116,132,0,132,248
03/13/2022,WJF,CA,AWP,WE,Federal Contract Tower,0,0,1,0,1,0,0,10,0,10,0,0,11,0,11,6,0,6,17
03/14/2022,WJF,CA,AWP,WE,Federal Contract Tower,0,1,7,3,11,0,1,70,0,71,0,2,77,3,82,102,0,102,184
03/15/2022,WJF,CA,AWP,WE,Federal Contract Tower,0,1,2,2,5,0,1,64,1,66,0,2,66,3,71,38,0,38,109
03/16/2022,WJF,CA,AWP,WE,Federal Contract Tower,0,1,1,0,2,0,1,31,0,32,0,2,32,0,34,2,0,2,36
03/17/2022,WJF,CA,AWP,WE,Federal Contract Tower,0,3,17,4,24,0,1,64,0,65,0,4,81,4,89,46,0,46,135
03/18/2022,WJF,CA,AWP,WE,Federal Contract Tower,0,0,2,0,2,0,1,91,0,92,0,1,93,0,94,84,0,84,178
03/19/2022,WJF,CA,AWP,WE,Federal Contract Tower,0,0,1,0,1,0,0,42,0,42,0,0,43,0,43,38,0,38,81
03/20/2022,WJF,CA,AWP,WE,Federal Contract Tower,0,0,0,0,0,0,0,6,0,6,0,0,6,0,6,0,0,0,6
03/21/2022,WJF,CA,AWP,WE,Federal Contract Tower,0,1,1,0,2,0,1,44,0,45,0,2,45,0,47,34,0,34,81
03/22/2022,WJF,CA,AWP,WE,Federal Contract Tower,0,2,2,0,4,0,1,81,0,82,0,3,83,0,86,64,0,64,150
03/23/2022,WJF,CA,AWP,WE,Federal Contract Tower,0,1,5,0,6,0,1,71,0,72,0,2,76,0,78,106,0,106,184
03/24/2022,WJF,CA,AWP,WE,Federal Contract Tower,0,1,3,0,4,0,1,62,0,63,0,2,65,0,67,84,6,90,157
03/25/2022,WJF,CA,AWP,WE,Federal Contract Tower,0,0,9,0,9,0,0,117,2,119,0,0,126,2,128,168,2,170,298
03/26/2022,WJF,CA,AWP,WE,Federal Contract Tower,0,0,6,0,6,0,0,156,0,156,0,0,162,0,162,126,0,126,288
03/27/2022,WJF,CA,AWP,WE,Federal Contract Tower,0,0,0,0,0,0,0,100,0,100,0,0,100,0,100,84,0,84,184
03/28/2022,WJF,CA,AWP,WE,Federal Contract Tower,0,2,5,0,7,0,0,7,0,7,0,2,12,0,14,18,0,18,32
03/29/2022,WJF,CA,AWP,WE,Federal Contract Tower,0,1,4,2,7,0,1,32,0,33,0,2,36,2,40,26,4,30,70
03/30/2022,WJF,CA,AWP,WE,Federal Contract Tower,0,1,13,0,14,0,1,60,2,63,0,2,73,2,77,48,0,48,125
03/31/2022,WJF,CA,AWP,WE,Federal Contract Tower,0,1,8,2,11,0,1,53,2,56,0,2,61,4,67,70,6,76,143
04/01/2022,WJF,CA,AWP,WE,Federal Contract Tower,0,1,10,4,15,0,1,97,0,98,0,2,107,4,113,126,0,126,239
04/02/2022,WJF,CA,AWP,WE,Federal Contract Tower,0,0,8,0,8,0,0,70,0,70,0,0,78,0,78,138,0,138,216
04/03/2022,WJF,CA,AWP,WE,Federal Contract Tower,0,0,9,0,9,0,0,43,0,43,0,0,52,0,52,94,0,94,146
04/04/2022,WJF,CA,AWP,WE,Federal Contract Tower,0,1,0,4,5,0,1,22,0,23,0,2,22,4,28,36,0,36,64
04/05/2022,WJF,CA,AWP,WE,Federal Contract Tower,0,1,5,2,8,0,1,11,2,14,0,2,16,4,22,0,0,0,22
04/06/2022,WJF,CA,AWP,WE,Federal Contract Tower,0,1,7,10,18,0,1,49,2,52,0,2,56,12,70,92,6,98,168
04/07/2022,WJF,CA,AWP,WE,Federal Contract Tower,0,1,4,10,15,0,1,46,2,49,0,2,50,12,64,74,2,76,140
04/08/2022,WJF,CA,AWP,WE,Federal Contract Tower,0,1,10,0,11,0,2,82,0,84,0,3,92,0,95,32,0,32,127
04/09/2022,WJF,CA,AWP,WE,Federal Contract Tower,0,0,1,0,1,0,0,35,0,35,0,0,36,0,36,12,0,12,48
04/10/2022,WJF,CA,AWP,WE,Federal Contract Tower,0,0,2,0,2,0,0,50,0,50,0,0,52,0,52,46,0,46,98
04/11/2022,WJF,CA,AWP,WE,Federal Contract Tower,0,1,1,2,4,0,1,8,2,11,0,2,9,4,15,0,0,0,15
04/12/2022,WJF,CA,AWP,WE,Federal Contract Tower,0,1,2,1,4,0,1,14,1,16,0,2,16,2,20,14,6,20,40
04/13/2022,WJF,CA,AWP,WE,Federal Contract Tower,0,1,18,0,19,0,1,40,0,41,0,2,58,0,60,26,0,26,86
04/14/2022,WJF,CA,AWP,WE,Federal Contract Tower,0,0,4,0,4,0,1,42,0,43,0,1,46,0,47,42,0,42,89
04/15/2022,WJF,CA,AWP,WE,Federal Contract Tower,0,2,5,0,7,0,0,66,0,66,0,2,71,0,73,80,0,80,153
04/16/2022,WJF,CA,AWP,WE,Federal Contract Tower,0,0,5,0,5,0,0,27,0,27,0,0,32,0,32,34,0,34,66
04/17/2022,WJF,CA,AWP,WE,Federal Contract Tower,0,5,5,0,10,0,0,54,0,54,0,5,59,0,64,154,0,154,218
04/18/2022,WJF,CA,AWP,WE,Federal Contract Tower,0,0,8,0,8,0,0,50,0,50,0,0,58,0,58,76,0,76,134
04/19/2022,WJF,CA,AWP,WE,Federal Contract Tower,0,2,4,0,6,0,1,26,8,35,0,3,30,8,41,0,26,26,67
04/20/2022,WJF,CA,AWP,WE,Federal Contract Tower,0,0,2,0,2,0,0,46,0,46,0,0,48,0,48,18,0,18,66
04/21/2022,WJF,CA,AWP,WE,Federal Contract Tower,0,0,6,0,6,0,0,34,0,34,0,0,40,0,40,12,0,12,52
04/22/2022,WJF,CA,AWP,WE,Federal Contract Tower,0,0,2,0,2,0,0,14,0,14,0,0,16,0,16,0,0,0,16
04/23/2022,WJF,CA,AWP,WE,Federal Contract Tower,0,0,2,0,2,0,0,91,0,91,0,0,93,0,93,124,0,124,217
04/24/2022,WJF,CA,AWP,WE,Federal Contract Tower,0,0,3,0,3,0,0,70,0,70,0,0,73,0,73,110,0,110,183
04/25/2022,WJF,CA,AWP,WE,Federal Contract Tower,0,1,10,1,12,0,0,49,2,51,0,1,59,3,63,94,0,94,157
04/26/2022,WJF,CA,AWP,WE,Federal Contract Tower,0,0,6,2,8,0,0,39,12,51,0,0,45,14,59,50,0,50,109
04/27/2022,WJF,CA,AWP,WE,Federal Contract Tower,0,0,2,0,2,0,0,35,0,35,0,0,37,0,37,44,0,44,81
04/28/2022,WJF,CA,AWP,WE,Federal Contract Tower,0,1,2,4,7,0,1,18,0,19,0,2,20,4,26,0,0,0,26
04/29/2022,WJF,CA,AWP,WE,Federal Contract Tower,0,1,7,7,15,0,0,71,5,76,0,1,78,12,91,102,0,102,193
04/30/2022,WJF,CA,AWP,WE,Federal Contract Tower,0,0,2,0,2,0,0,75,0,75,0,0,77,0,77,12,0,12,89
05/01/2022,WJF,CA,AWP,WE,Federal Contract Tower,0,0,2,0,2,0,0,30,0,30,0,0,32,0,32,14,0,14,46
05/02/2022,WJF,CA,AWP,WE,Federal Contract Tower,0,0,5,6,11,0,0,26,2,28,0,0,31,8,39,108,0,108,147
05/03/2022,WJF,CA,AWP,WE,Federal Contract Tower,0,0,1,4,5,0,0,64,8,72,0,0,65,12,77,94,0,94,171
05/04/2022,WJF,CA,AWP,WE,Federal Contract Tower,0,4,2,10,16,0,0,54,0,54,0,4,56,10,70,64,0,64,134
05/05/2022,WJF,CA,AWP,WE,Federal Contract Tower,0,2,15,0,17,0,0,45,0,45,0,2,60,0,62,26,0,26,88
05/06/2022,WJF,CA,AWP,WE,Federal Contract Tower,0,0,9,2,11,0,0,39,0,39,0,0,48,2,50,36,0,36,86
05/07/2022,WJF,CA,AWP,WE,Federal Contract Tower,0,0,2,1,3,0,0,16,0,16,0,0,18,1,19,0,0,0,19
05/08/2022,WJF,CA,AWP,WE,Federal Contract Tower,0,0,3,0,3,0,0,3,0,3,0,0,6,0,6,2,0,2,8
05/09/2022,WJF,CA,AWP,WE,Federal Contract Tower,0,0,1,0,1,0,0,19,0,19,0,0,20,0,20,6,0,6,26
05/10/2022,WJF,CA,AWP,WE,Federal Contract Tower,0,0,5,0,5,0,0,46,0,46,0,0,51,0,51,28,0,28,79
05/11/2022,WJF,CA,AWP,WE,Federal Contract Tower,0,0,6,0,6,0,0,54,0,54,0,0,60,0,60,14,0,14,74
05/12/2022,WJF,CA,AWP,WE,Federal Contract Tower,0,0,6,0,6,0,0,96,0,96,0,0,102,0,102,22,0,22,124
05/13/2022,WJF,CA,AWP,WE,Federal Contract Tower,0,0,3,0,3,0,0,114,0,114,0,0,117,0,117,98,0,98,215
05/14/2022,WJF,CA,AWP,WE,Federal Contract Tower,0,0,10,0,10,0,0,119,0,119,0,0,129,0,129,156,0,156,285
05/15/2022,WJF,CA,AWP,WE,Federal Contract Tower,0,0,5,0,5,0,1,99,0,100,0,1,104,0,105,68,0,68,173
05/16/2022,WJF,CA,AWP,WE,Federal Contract Tower,0,2,3,0,5,0,0,31,0,31,0,2,34,0,36,0,0,0,36
05/17/2022,WJF,CA,AWP,WE,Federal Contract Tower,0,0,6,0,6,0,0,51,2,53,0,0,57,2,59,14,0,14,73
05/18/2022,WJF,CA,AWP,WE,Federal Contract Tower,0,0,3,2,5,0,0,58,0,58,0,0,61,2,63,26,0,26,89
05/19/2022,WJF,CA,AWP,WE,Federal Contract Tower,0,2,7,0,9,0,0,87,0,87,0,2,94,0,96,98,0,98,194
05/20/2022,WJF,CA,AWP,WE,Federal Contract Tower,0,0,5,0,5,0,0,34,0,34,0,0,39,0,39,0,0,0,39
05/21/2022,WJF,CA,AWP,WE,Federal Contract Tower,0,0,4,0,4,0,0,117,0,117,0,0,121,0,121,136,0,136,257
05/22/2022,WJF,CA,AWP,WE,Federal Contract Tower,0,0,5,0,5,0,0,86,0,86,0,0,91,0,91,60,0,60,151
05/23/2022,WJF,CA,AWP,WE,Federal Contract Tower,0,0,13,0,13,0,0,40,0,40,0,0,53,0,53,18,0,18,71
05/24/2022,WJF,CA,AWP,WE,Federal Contract Tower,0,0,8,0,8,0,0,57,3,60,0,0,65,3,68,110,10,120,188
05/25/2022,WJF,CA,AWP,WE,Federal Contract Tower,0,0,6,2,8,0,0,61,0,61,0,0,67,2,69,46,0,46,115
05/26/2022,WJF,CA,AWP,WE,Federal Contract Tower,0,0,10,10,20,0,0,77,2,79,0,0,87,12,99,54,0,54,153
05/27/2022,WJF,CA,AWP,WE,Federal Contract Tower,0,0,6,0,6,0,0,54,0,54,0,0,60,0,60,28,0,28,88
05/28/2022,WJF,CA,AWP,WE,Federal Contract Tower,0,0,10,0,10,0,0,15,0,15,0,0,25,0,25,0,0,0,25
05/29/2022,WJF,CA,AWP,WE,Federal Contract Tower,0,0,0,0,0,0,0,7,0,7,0,0,7,0,7,0,0,0,7
05/30/2022,WJF,CA,AWP,WE,Federal Contract Tower,0,0,3,0,3,0,0,70,0,70,0,0,73,0,73,34,0,34,107
05/31/2022,WJF,CA,AWP,WE,Federal Contract Tower,0,0,10,8,18,0,0,61,0,61,0,0,71,8,79,120,0,120,199
06/01/2022,WJF,CA,AWP,WE,Federal Contract Tower,0,0,9,7,16,0,0,66,5,71,0,0,75,12,87,110,2,112,199
06/02/2022,WJF,CA,AWP,WE,Federal Contract Tower,0,0,9,8,17,0,0,36,4,40,0,0,45,12,57,8,4,12,69
06/03/2022,WJF,CA,AWP,WE,Federal Contract Tower,0,0,2,0,2,0,0,75,0,75,0,0,77,0,77,70,0,70,147
06/04/2022,WJF,CA,AWP,WE,Federal Contract Tower,0,0,4,0,4,0,0,47,0,47,0,0,51,0,51,8,0,8,59
06/05/2022,WJF,CA,AWP,WE,Federal Contract Tower,0,2,0,0,2,0,0,22,0,22,0,2,22,0,24,38,0,38,62
06/06/2022,WJF,CA,AWP,WE,Federal Contract Tower,0,0,5,0,5,0,0,27,0,27,0,0,32,0,32,10,0,10,42
06/07/2022,WJF,CA,AWP,WE,Federal Contract Tower,0,0,1,2,3,0,0,56,0,56,0,0,57,2,59,64,0,64,123
06/08/2022,WJF,CA,AWP,WE,Federal Contract Tower,0,0,6,2,8,0,0,41,4,45,0,0,47,6,53,54,4,58,111
06/09/2022,WJF,CA,AWP,WE,Federal Contract Tower,0,6,1,0,7,0,0,52,0,52,0,6,53,0,59,98,0,98,157
06/10/2022,WJF,CA,AWP,WE,Federal Contract Tower,0,1,6,0,7,0,0,75,0,75,0,1,81,0,82,116,0,116,198
06/11/2022,WJF,CA,AWP,WE,Federal Contract Tower,0,0,7,0,7,0,0,86,0,86,0,0,93,0,93,54,0,54,147
06/12/2022,WJF,CA,AWP,WE,Federal Contract Tower,0,0,13,0,13,0,0,76,0,76,0,0,89,0,89,50,0,50,139
06/13/2022,WJF,CA,AWP,WE,Federal Contract Tower,0,0,2,0,2,0,0,54,0,54,0,0,56,0,56,12,0,12,68
06/14/2022,WJF,CA,AWP,WE,Federal Contract Tower,0,0,4,0,4,0,0,63,0,63,0,0,67,0,67,34,0,34,101
06/15/2022,WJF,CA,AWP,WE,Federal Contract Tower,0,0,8,2,10,0,0,83,0,83,0,0,91,2,93,112,0,112,205
06/16/2022,WJF,CA,AWP,WE,Federal Contract Tower,0,1,2,0,3,0,0,29,0,29,0,1,31,0,32,28,0,28,60
06/17/2022,WJF,CA,AWP,WE,Federal Contract Tower,0,2,3,0,5,0,1,40,0,41,0,3,43,0,46,28,0,28,74
06/18/2022,WJF,CA,AWP,WE,Federal Contract Tower,0,0,2,0,2,0,0,65,0,65,0,0,67,0,67,54,0,54,121
06/19/2022,WJF,CA,AWP,WE,Federal Contract Tower,0,0,3,0,3,0,0,47,0,47,0,0,50,0,50,58,0,58,108
06/20/2022,WJF,CA,AWP,WE,Federal Contract Tower,0,0,4,0,4,0,0,53,0,53,0,0,57,0,57,68,0,68,125
06/21/2022,WJF,CA,AWP,WE,Federal Contract Tower,0,0,4,0,4,0,0,57,0,57,0,0,61,0,61,118,0,118,179
06/22/2022,WJF,CA,AWP,WE,Federal Contract Tower,0,2,0,0,2,0,0,90,0,90,0,2,90,0,92,18,0,18,110
06/23/2022,WJF,CA,AWP,WE,Federal Contract Tower,0,0,10,0,10,0,0,136,0,136,0,0,146,0,146,84,0,84,230
06/24/2022,WJF,CA,AWP,WE,Federal Contract Tower,0,0,10,9,19,0,0,90,1,91,0,0,100,10,110,46,10,56,166
06/25/2022,WJF,CA,AWP,WE,Federal Contract Tower,0,0,5,0,5,0,0,98,0,98,0,0,103,0,103,80,0,80,183
06/26/2022,WJF,CA,AWP,WE,Federal Contract Tower,0,0,3,0,3,0,0,62,0,62,0,0,65,0,65,110,0,110,175
06/27/2022,WJF,CA,AWP,WE,Federal Contract Tower,0,0,5,2,7,0,0,41,2,43,0,0,46,4,50,20,6,26,76
06/28/2022,WJF,CA,AWP,WE,Federal Contract Tower,0,0,1,6,7,0,0,44,4,48,0,0,45,10,55,42,0,42,97
06/29/2022,WJF,CA,AWP,WE,Federal Contract Tower,0,1,3,8,12,0,0,63,2,65,0,1,66,10,77,0,0,0,77
06/30/2022,WJF,CA,AWP,WE,Federal Contract Tower,0,0,5,0,5,0,0,73,0,73,0,0,78,0,78,18,0,18,96
07/01/2022,WJF,CA,AWP,WE,Federal Contract Tower,0,0,1,0,1,0,0,66,0,66,0,0,67,0,67,42,0,42,109
07/02/2022,WJF,CA,AWP,WE,Federal Contract Tower,0,0,0,0,0,0,0,70,0,70,0,0,70,0,70,66,0,66,136
07/03/2022,WJF,CA,AWP,WE,Federal Contract Tower,0,0,12,0,12,0,0,46,0,46,0,0,58,0,58,50,0,50,108
07/04/2022,WJF,CA,AWP,WE,Federal Contract Tower,0,0,3,0,3,0,0,52,0,52,0,0,55,0,55,132,0,132,187
07/05/2022,WJF,CA,AWP,WE,Federal Contract Tower,0,0,6,0,6,0,0,46,0,46,0,0,52,0,52,46,0,46,98
07/06/2022,WJF,CA,AWP,WE,Federal Contract Tower,0,0,5,0,5,0,0,39,0,39,0,0,44,0,44,42,0,42,86
07/07/2022,WJF,CA,AWP,WE,Federal Contract Tower,0,0,1,0,1,0,0,68,0,68,0,0,69,0,69,50,0,50,119
07/08/2022,WJF,CA,AWP,WE,Federal Contract Tower,0,2,4,2,8,0,0,72,0,72,0,2,76,2,80,74,0,74,154
07/09/2022,WJF,CA,AWP,WE,Federal Contract Tower,0,0,5,0,5,0,0,97,0,97,0,0,102,0,102,84,0,84,186
07/10/2022,WJF,CA,AWP,WE,Federal Contract Tower,0,0,1,0,1,0,0,75,0,75,0,0,76,0,76,84,0,84,160
07/11/2022,WJF,CA,AWP,WE,Federal Contract Tower,0,0,4,0,4,0,0,42,0,42,0,0,46,0,46,80,0,80,126
07/12/2022,WJF,CA,AWP,WE,Federal Contract Tower,0,0,0,2,2,0,0,45,2,47,0,0,45,4,49,64,2,66,115
07/13/2022,WJF,CA,AWP,WE,Federal Contract Tower,0,0,11,2,13,0,0,63,2,65,0,0,74,4,78,66,0,66,144
07/14/2022,WJF,CA,AWP,WE,Federal Contract Tower,0,0,6,0,6,0,0,65,0,65,0,0,71,0,71,42,10,52,123
07/15/2022,WJF,CA,AWP,WE,Federal Contract Tower,0,0,5,2,7,0,0,82,0,82,0,0,87,2,89,66,0,66,155
07/16/2022,WJF,CA,AWP,WE,Federal Contract Tower,0,0,3,0,3,0,0,60,0,60,0,0,63,0,63,90,0,90,153
07/17/2022,WJF,CA,AWP,WE,Federal Contract Tower,0,0,0,0,0,0,0,62,0,62,0,0,62,0,62,56,0,56,118
07/18/2022,WJF,CA,AWP,WE,Federal Contract Tower,0,0,2,4,6,0,0,43,0,43,0,0,45,4,49,50,0,50,99
07/19/2022,WJF,CA,AWP,WE,Federal Contract Tower,0,0,7,2,9,0,0,56,0,56,0,0,63,2,65,36,0,36,101
07/20/2022,WJF,CA,AWP,WE,Federal Contract Tower,0,0,0,0,0,0,0,60,1,61,0,0,60,1,61,46,2,48,109
07/21/2022,WJF,CA,AWP,WE,Federal Contract Tower,0,0,5,0,5,0,0,58,0,58,0,0,63,0,63,62,0,62,125
07/22/2022,WJF,CA,AWP,WE,Federal Contract Tower,0,0,10,0,10,0,0,54,0,54,0,0,64,0,64,56,0,56,120
07/23/2022,WJF,CA,AWP,WE,Federal Contract Tower,0,0,0,0,0,0,0,47,0,47,0,0,47,0,47,70,0,70,117
07/24/2022,WJF,CA,AWP,WE,Federal Contract Tower,0,0,3,0,3,0,0,63,0,63,0,0,66,0,66,22,0,22,88
07/25/2022,WJF,CA,AWP,WE,Federal Contract Tower,0,0,5,2,7,0,0,34,0,34,0,0,39,2,41,114,0,114,155
07/26/2022,WJF,CA,AWP,WE,Federal Contract Tower,0,0,6,0,6,0,0,43,0,43,0,0,49,0,49,100,0,100,149
07/27/2022,WJF,CA,AWP,WE,Federal Contract Tower,0,0,4,0,4,0,0,37,0,37,0,0,41,0,41,140,0,140,181
07/28/2022,WJF,CA,AWP,WE,Federal Contract Tower,0,0,3,2,5,0,0,50,0,50,0,0,53,2,55,124,0,124,179
07/29/2022,WJF,CA,AWP,WE,Federal Contract Tower,0,0,8,0,8,0,0,59,0,59,0,0,67,0,67,92,0,92,159
07/30/2022,WJF,CA,AWP,WE,Federal Contract Tower,0,0,6,0,6,0,0,67,0,67,0,0,73,0,73,120,0,120,193
07/31/2022,WJF,CA,AWP,WE,Federal Contract Tower,0,0,1,0,1,0,0,45,0,45,0,0,46,0,46,40,0,40,86
08/01/2022,WJF,CA,AWP,WE,Federal Contract Tower,0,2,1,0,3,0,0,47,0,47,0,2,48,0,50,86,0,86,136
08/02/2022,WJF,CA,AWP,WE,Federal Contract Tower,0,2,4,1,7,0,0,46,0,46,0,2,50,1,53,94,0,94,147
08/03/2022,WJF,CA,AWP,WE,Federal Contract Tower,0,0,6,3,9,0,0,58,0,58,0,0,64,3,67,128,0,128,195
08/04/2022,WJF,CA,AWP,WE,Federal Contract Tower,0,0,9,6,15,0,2,38,0,40,0,2,47,6,55,76,0,76,131
08/05/2022,WJF,CA,AWP,WE,Federal Contract Tower,0,0,5,2,7,0,0,60,3,63,0,0,65,5,70,116,0,116,186
08/06/2022,WJF,CA,AWP,WE,Federal Contract Tower,0,0,3,0,3,0,0,98,0,98,0,0,101,0,101,126,0,126,227
08/07/2022,WJF,CA,AWP,WE,Federal Contract Tower,0,0,3,0,3,0,0,54,0,54,0,0,57,0,57,46,0,46,103
08/08/2022,WJF,CA,AWP,WE,Federal Contract Tower,0,0,3,4,7,0,0,60,0,60,0,0,63,4,67,52,12,64,131
08/09/2022,WJF,CA,AWP,WE,Federal Contract Tower,0,0,9,6,15,0,0,50,0,50,0,0,59,6,65,70,0,70,135
08/10/2022,WJF,CA,AWP,WE,Federal Contract Tower,0,0,8,8,16,0,0,75,0,75,0,0,83,8,91,84,0,84,175
08/11/2022,WJF,CA,AWP,WE,Federal Contract Tower,0,0,10,2,12,0,0,49,0,49,0,0,59,2,61,70,0,70,131
08/12/2022,WJF,CA,AWP,WE,Federal Contract Tower,0,0,4,7,11,0,0,80,1,81,0,0,84,8,92,100,10,110,202
08/13/2022,WJF,CA,AWP,WE,Federal Contract Tower,0,0,2,0,2,0,0,79,0,79,0,0,81,0,81,170,0,170,251
08/14/2022,WJF,CA,AWP,WE,Federal Contract Tower,0,0,0,0,0,0,0,76,0,76,0,0,76,0,76,40,0,40,116
08/15/2022,WJF,CA,AWP,WE,Federal Contract Tower,0,0,1,0,1,0,0,45,0,45,0,0,46,0,46,74,0,74,120
08/16/2022,WJF,CA,AWP,WE,Federal Contract Tower,0,0,1,2,3,0,0,33,0,33,0,0,34,2,36,72,0,72,108
08/17/2022,WJF,CA,AWP,WE,Federal Contract Tower,0,0,3,0,3,0,0,43,0,43,0,0,46,0,46,48,0,48,94
08/18/2022,WJF,CA,AWP,WE,Federal Contract Tower,0,0,0,0,0,0,0,56,0,56,0,0,56,0,56,74,0,74,130
08/19/2022,WJF,CA,AWP,WE,Federal Contract Tower,0,0,3,2,5,0,0,75,0,75,0,0,78,2,80,62,0,62,142
08/20/2022,WJF,CA,AWP,WE,Federal Contract Tower,0,0,8,0,8,0,0,53,0,53,0,0,61,0,61,106,0,106,167
08/21/2022,WJF,CA,AWP,WE,Federal Contract Tower,0,0,0,0,0,0,0,53,0,53,0,0,53,0,53,44,0,44,97
08/22/2022,WJF,CA,AWP,WE,Federal Contract Tower,0,0,1,0,1,0,0,44,0,44,0,0,45,0,45,54,0,54,99
08/23/2022,WJF,CA,AWP,WE,Federal Contract Tower,0,0,5,0,5,0,0,50,2,52,0,0,55,2,57,60,6,66,123
08/24/2022,WJF,CA,AWP,WE,Federal Contract Tower,0,0,5,2,7,0,0,44,0,44,0,0,49,2,51,74,0,74,125
08/25/2022,WJF,CA,AWP,WE,Federal Contract Tower,0,0,3,2,5,0,0,50,0,50,0,0,53,2,55,10,0,10,65
08/26/2022,WJF,CA,AWP,WE,Federal Contract Tower,0,0,7,2,9,0,0,82,0,82,0,0,89,2,91,90,0,90,181
08/27/2022,WJF,CA,AWP,WE,Federal Contract Tower,0,0,0,0,0,0,0,82,0,82,0,0,82,0,82,52,0,52,134
08/28/2022,WJF,CA,AWP,WE,Federal Contract Tower,0,0,4,0,4,0,0,68,0,68,0,0,72,0,72,40,0,40,112
08/29/2022,WJF,CA,AWP,WE,Federal Contract Tower,0,0,1,2,3,0,0,89,0,89,0,0,90,2,92,82,2,84,176
08/30/2022,WJF,CA,AWP,WE,Federal Contract Tower,0,0,5,2,7,0,0,52,2,54,0,0,57,4,61,10,0,10,71
08/31/2022,WJF,CA,AWP,WE,Federal Contract Tower,0,0,0,0,0,0,0,161,0,161,0,0,161,0,161,68,0,68,229
09/01/2022,WJF,CA,AWP,WE,Federal Contract Tower,0,0,0,5,5,0,0,54,2,56,0,0,54,7,61,40,0,40,101
09/02/2022,WJF,CA,AWP,WE,Federal Contract Tower,0,1,3,0,4,0,0,56,0,56,0,1,59,0,60,72,0,72,132
09/03/2022,WJF,CA,AWP,WE,Federal Contract Tower,0,0,0,0,0,0,0,59,0,59,0,0,59,0,59,74,0,74,133
09/04/2022,WJF,CA,AWP,WE,Federal Contract Tower,0,1,1,0,2,0,0,38,0,38,0,1,39,0,40,26,0,26,66
09/05/2022,WJF,CA,AWP,WE,Federal Contract Tower,0,2,2,0,4,0,0,59,0,59,0,2,61,0,63,100,0,100,163
09/06/2022,WJF,CA,AWP,WE,Federal Contract Tower,0,0,1,0,1,0,0,72,0,72,0,0,73,0,73,2,0,2,75
09/07/2022,WJF,CA,AWP,WE,Federal Contract Tower,0,0,0,2,2,0,0,50,2,52,0,0,50,4,54,74,0,74,128
09/08/2022,WJF,CA,AWP,WE,Federal Contract Tower,0,1,6,5,12,0,0,52,3,55,0,1,58,8,67,42,8,50,117
09/09/2022,WJF,CA,AWP,WE,Federal Contract Tower,0,1,6,9,16,0,1,35,2,38,0,2,41,11,54,46,0,46,100
09/10/2022,WJF,CA,AWP,WE,Federal Contract Tower,0,0,7,0,7,0,0,35,0,35,0,0,42,0,42,46,0,46,88
09/11/2022,WJF,CA,AWP,WE,Federal Contract Tower,0,0,3,0,3,0,0,75,0,75,0,0,78,0,78,82,0,82,160
09/12/2022,WJF,CA,AWP,WE,Federal Contract Tower,0,0,3,0,3,0,0,37,0,37,0,0,40,0,40,122,0,122,162
09/13/2022,WJF,CA,AWP,WE,Federal Contract Tower,0,0,2,2,4,0,0,43,0,43,0,0,45,2,47,22,0,22,69
09/14/2022,WJF,CA,AWP,WE,Federal Contract Tower,0,0,5,1,6,0,0,52,1,53,0,0,57,2,59,68,0,68,127
09/15/2022,WJF,CA,AWP,WE,Federal Contract Tower,0,0,7,0,7,0,0,55,0,55,0,0,62,0,62,30,0,30,92
09/16/2022,WJF,CA,AWP,WE,Federal Contract Tower,0,0,12,2,14,0,0,77,0,77,0,0,89,2,91,48,0,48,139
09/17/2022,WJF,CA,AWP,WE,Federal Contract Tower,0,0,3,0,3,0,0,71,0,71,0,0,74,0,74,104,0,104,178
09/18/2022,WJF,CA,AWP,WE,Federal Contract Tower,0,0,3,0,3,0,0,48,0,48,0,0,51,0,51,116,0,116,167
09/19/2022,WJF,CA,AWP,WE,Federal Contract Tower,0,0,2,0,2,0,0,52,0,52,0,0,54,0,54,26,0,26,80
09/20/2022,WJF,CA,AWP,WE,Federal Contract Tower,0,0,13,1,14,0,0,42,5,47,0,0,55,6,61,56,2,58,119
09/21/2022,WJF,CA,AWP,WE,Federal Contract Tower,0,2,5,0,7,0,0,63,0,63,0,2,68,0,70,58,0,58,128
09/22/2022,WJF,CA,AWP,WE,Federal Contract Tower,0,0,3,0,3,0,0,58,2,60,0,0,61,2,63,38,0,38,101
09/23/2022,WJF,CA,AWP,WE,Federal Contract Tower,0,0,1,4,5,0,1,70,0,71,0,1,71,4,76,102,0,102,178
09/24/2022,WJF,CA,AWP,WE,Federal Contract Tower,0,0,2,0,2,0,0,39,0,39,0,0,41,0,41,70,0,70,111
09/25/2022,WJF,CA,AWP,WE,Federal Contract Tower,0,0,5,0,5,0,0,82,0,82,0,0,87,0,87,90,0,90,177
09/26/2022,WJF,CA,AWP,WE,Federal Contract Tower,0,0,0,1,1,0,0,44,2,46,0,0,44,3,47,54,0,54,101
09/27/2022,WJF,CA,AWP,WE,Federal Contract Tower,0,0,4,2,6,0,0,56,0,56,0,0,60,2,62,68,0,68,130
09/28/2022,WJF,CA,AWP,WE,Federal Contract Tower,0,1,4,3,8,0,0,58,1,59,0,1,62,4,67,56,0,56,123
09/29/2022,WJF,CA,AWP,WE,Federal Contract Tower,0,0,3,6,9,0,0,58,4,62,0,0,61,10,71,54,0,54,125
09/30/2022,WJF,CA,AWP,WE,Federal Contract Tower,0,0,9,0,9,0,0,74,0,74,0,0,83,0,83,112,0,112,195
10/01/2022,WJF,CA,AWP,WE,Federal Contract Tower,0,0,6,0,6,0,0,109,0,109,0,0,115,0,115,106,0,106,221
10/02/2022,WJF,CA,AWP,WE,Federal Contract Tower,0,0,4,0,4,0,0,90,0,90,0,0,94,0,94,110,0,110,204
10/03/2022,WJF,CA,AWP,WE,Federal Contract Tower,0,0,1,0,1,0,0,84,0,84,0,0,85,0,85,106,2,108,193
10/04/2022,WJF,CA,AWP,WE,Federal Contract Tower,0,0,7,4,11,0,0,56,6,62,0,0,63,10,73,34,18,52,125
10/05/2022,WJF,CA,AWP,WE,Federal Contract Tower,0,0,13,7,20,0,0,67,1,68,0,0,80,8,88,74,14,88,176
10/06/2022,WJF,CA,AWP,WE,Federal Contract Tower,0,0,2,0,2,0,0,53,0,53,0,0,55,0,55,114,0,114,169
10/07/2022,WJF,CA,AWP,WE,Federal Contract Tower,0,0,5,0,5,0,0,76,0,76,0,0,81,0,81,158,0,158,239
10/08/2022,WJF,CA,AWP,WE,Federal Contract Tower,0,1,8,0,9,0,0,119,0,119,0,1,127,0,128,110,0,110,238
10/09/2022,WJF,CA,AWP,WE,Federal Contract Tower,0,0,14,0,14,0,0,83,0,83,0,0,97,0,97,106,0,106,203
10/10/2022,WJF,CA,AWP,WE,Federal Contract Tower,0,1,13,0,14,0,0,53,0,53,0,1,66,0,67,98,0,98,165
10/11/2022,WJF,CA,AWP,WE,Federal Contract Tower,0,0,8,0,8,0,0,60,0,60,0,0,68,0,68,40,0,40,108
10/12/2022,WJF,CA,AWP,WE,Federal Contract Tower,0,0,2,0,2,0,0,65,0,65,0,0,67,0,67,70,0,70,137
10/13/2022,WJF,CA,AWP,WE,Federal Contract Tower,0,0,10,0,10,0,0,94,0,94,0,0,104,0,104,282,2,284,388
10/14/2022,WJF,CA,AWP,WE,Federal Contract Tower,0,0,4,0,4,0,0,84,0,84,0,0,88,0,88,70,0,70,158
10/15/2022,WJF,CA,AWP,WE,Federal Contract Tower,0,0,3,0,3,0,0,47,0,47,0,0,50,0,50,34,0,34,84
10/16/2022,WJF,CA,AWP,WE,Federal Contract Tower,0,0,9,0,9,0,0,56,0,56,0,0,65,0,65,50,0,50,115
10/17/2022,WJF,CA,AWP,WE,Federal Contract Tower,0,0,6,0,6,0,0,75,0,75,0,0,81,0,81,100,0,100,181
10/18/2022,WJF,CA,AWP,WE,Federal Contract Tower,0,0,0,4,4,0,0,47,0,47,0,0,47,4,51,150,0,150,201
10/19/2022,WJF,CA,AWP,WE,Federal Contract Tower,0,0,7,7,14,0,0,87,2,89,0,0,94,9,103,70,0,70,173
10/20/2022,WJF,CA,AWP,WE,Federal Contract Tower,0,2,4,3,9,0,0,65,1,66,0,2,69,4,75,120,0,120,195
10/21/2022,WJF,CA,AWP,WE,Federal Contract Tower,0,0,14,0,14,0,0,114,0,114,0,0,128,0,128,126,0,126,254
10/22/2022,WJF,CA,AWP,WE,Federal Contract Tower,0,0,3,0,3,0,0,16,0,16,0,0,19,0,19,44,0,44,63
10/23/2022,WJF,CA,AWP,WE,Federal Contract Tower,0,0,1,0,1,0,0,49,0,49,0,0,50,0,50,86,0,86,136
10/24/2022,WJF,CA,AWP,WE,Federal Contract Tower,0,0,6,0,6,0,0,70,0,70,0,0,76,0,76,148,0,148,224
10/25/2022,WJF,CA,AWP,WE,Federal Contract Tower,0,0,5,1,6,0,0,39,0,39,0,0,44,1,45,68,0,68,113
10/26/2022,WJF,CA,AWP,WE,Federal Contract Tower,0,0,2,6,8,0,0,48,0,48,0,0,50,6,56,34,0,34,90
10/27/2022,WJF,CA,AWP,WE,Federal Contract Tower,0,0,4,2,6,0,0,71,2,73,0,0,75,4,79,56,0,56,135
10/28/2022,WJF,CA,AWP,WE,Federal Contract Tower,0,0,9,2,11,0,0,116,2,118,0,0,125,4,129,146,0,146,275
10/29/2022,WJF,CA,AWP,WE,Federal Contract Tower,0,0,8,0,8,0,0,68,0,68,0,0,76,0,76,122,0,122,198
10/30/2022,WJF,CA,AWP,WE,Federal Contract Tower,0,0,14,0,14,0,0,69,0,69,0,0,83,0,83,94,0,94,177
10/31/2022,WJF,CA,AWP,WE,Federal Contract Tower,0,0,2,0,2,0,0,52,0,52,0,0,54,0,54,64,0,64,118
11/01/2022,WJF,CA,AWP,WE,Federal Contract Tower,0,0,11,4,15,0,0,42,0,42,0,0,53,4,57,70,0,70,127
11/02/2022,WJF,CA,AWP,WE,Federal Contract Tower,0,0,8,0,8,0,0,7,0,7,0,0,15,0,15,2,0,2,17
11/03/2022,WJF,CA,AWP,WE,Federal Contract Tower,0,1,2,0,3,0,1,22,0,23,0,2,24,0,26,46,0,46,72
11/04/2022,WJF,CA,AWP,WE,Federal Contract Tower,0,0,15,2,17,0,0,69,2,71,0,0,84,4,88,112,0,112,200
11/05/2022,WJF,CA,AWP,WE,Federal Contract Tower,0,0,1,0,1,0,0,27,0,27,0,0,28,0,28,52,0,52,80
11/06/2022,WJF,CA,AWP,WE,Federal Contract Tower,0,0,2,0,2,0,0,52,0,52,0,0,54,0,54,42,0,42,96
11/07/2022,WJF,CA,AWP,WE,Federal Contract Tower,0,2,1,0,3,0,0,12,0,12,0,2,13,0,15,12,0,12,27
11/08/2022,WJF,CA,AWP,WE,Federal Contract Tower,0,0,2,0,2,0,0,0,0,0,0,0,2,0,2,0,0,0,2
11/09/2022,WJF,CA,AWP,WE,Federal Contract Tower,0,0,11,0,11,0,0,33,4,37,0,0,44,4,48,50,8,58,106
11/10/2022,WJF,CA,AWP,WE,Federal Contract Tower,0,0,5,0,5,0,0,73,0,73,0,0,78,0,78,116,0,116,194
11/11/2022,WJF,CA,AWP,WE,Federal Contract Tower,0,0,6,2,8,0,0,76,0,76,0,0,82,2,84,114,0,114,198
11/12/2022,WJF,CA,AWP,WE,Federal Contract Tower,0,0,11,0,11,0,0,98,0,98,0,0,109,0,109,54,0,54,163
11/13/2022,WJF,CA,AWP,WE,Federal Contract Tower,0,0,2,0,2,0,0,35,0,35,0,0,37,0,37,24,0,24,61
11/14/2022,WJF,CA,AWP,WE,Federal Contract Tower,0,0,5,4,9,0,0,61,0,61,0,0,66,4,70,94,2,96,166
11/15/2022,WJF,CA,AWP,WE,Federal Contract Tower,0,0,4,11,15,0,0,43,4,47,0,0,47,15,62,46,18,64,126
11/16/2022,WJF,CA,AWP,WE,Federal Contract Tower,0,0,1,4,5,0,0,19,2,21,0,0,20,6,26,58,4,62,88
11/17/2022,WJF,CA,AWP,WE,Federal Contract Tower,0,0,8,6,14,0,0,44,4,48,0,0,52,10,62,112,0,112,174
11/18/2022,WJF,CA,AWP,WE,Federal Contract Tower,0,0,5,0,5,0,0,55,2,57,0,0,60,2,62,134,0,134,196
11/19/2022,WJF,CA,AWP,WE,Federal Contract Tower,0,0,3,0,3,0,0,54,0,54,0,0,57,0,57,130,0,130,187
11/20/2022,WJF,CA,AWP,WE,Federal Contract Tower,0,0,8,0,8,0,0,74,0,74,0,0,82,0,82,114,0,114,196
11/21/2022,WJF,CA,AWP,WE,Federal Contract Tower,0,0,7,2,9,0,0,49,0,49,0,0,56,2,58,98,0,98,156
11/22/2022,WJF,CA,AWP,WE,Federal Contract Tower,0,0,11,2,13,0,0,54,0,54,0,0,65,2,67,88,0,88,155
11/23/2022,WJF,CA,AWP,WE,Federal Contract Tower,0,0,8,1,9,0,2,67,1,70,0,2,75,2,79,98,8,106,185
11/24/2022,WJF,CA,AWP,WE,Federal Contract Tower,0,0,0,0,0,0,0,28,0,28,0,0,28,0,28,20,0,20,48
11/25/2022,WJF,CA,AWP,WE,Federal Contract Tower,0,0,6,0,6,0,1,56,0,57,0,1,62,0,63,66,0,66,129
11/26/2022,WJF,CA,AWP,WE,Federal Contract Tower,0,0,1,0,1,0,0,56,0,56,0,0,57,0,57,48,0,48,105
11/27/2022,WJF,CA,AWP,WE,Federal Contract Tower,0,0,9,0,9,0,0,96,0,96,0,0,105,0,105,92,0,92,197
11/28/2022,WJF,CA,AWP,WE,Federal Contract Tower,0,1,2,0,3,0,2,17,0,19,0,3,19,0,22,0,0,0,22
11/29/2022,WJF,CA,AWP,WE,Federal Contract Tower,0,1,6,0,7,0,1,54,0,55,0,2,60,0,62,110,0,110,172
11/30/2022,WJF,CA,AWP,WE,Federal Contract Tower,0,1,1,4,6,0,1,28,0,29,0,2,29,4,35,126,0,126,161
12/01/2022,WJF,CA,AWP,WE,Federal Contract Tower,0,1,2,0,3,0,1,5,0,6,0,2,7,0,9,0,0,0,9
12/02/2022,WJF,CA,AWP,WE,Federal Contract Tower,0,3,12,0,15,0,0,20,0,20,0,3,32,0,35,32,0,32,67
12/03/2022,WJF,CA,AWP,WE,Federal Contract Tower,0,0,5,0,5,0,0,56,0,56,0,0,61,0,61,116,0,116,177
12/04/2022,WJF,CA,AWP,WE,Federal Contract Tower,0,0,3,0,3,0,0,19,0,19,0,0,22,0,22,46,0,46,68
12/05/2022,WJF,CA,AWP,WE,Federal Contract Tower,0,1,6,2,9,0,1,33,0,34,0,2,39,2,43,42,0,42,85
12/06/2022,WJF,CA,AWP,WE,Federal Contract Tower,0,1,8,0,9,0,1,33,0,34,0,2,41,0,43,30,0,30,73
12/07/2022,WJF,CA,AWP,WE,Federal Contract Tower,0,1,8,0,9,0,1,57,0,58,0,2,65,0,67,74,0,74,141
12/08/2022,WJF,CA,AWP,WE,Federal Contract Tower,0,1,2,2,5,0,1,57,2,60,0,2,59,4,65,82,0,82,147
12/09/2022,WJF,CA,AWP,WE,Federal Contract Tower,0,1,12,6,19,0,1,52,0,53,0,2,64,6,72,62,0,62,134
12/10/2022,WJF,CA,AWP,WE,Federal Contract Tower,0,0,2,0,2,0,0,29,0,29,0,0,31,0,31,34,0,34,65
12/11/2022,WJF,CA,AWP,WE,Federal Contract Tower,0,2,0,0,2,0,0,0,0,0,0,2,0,0,2,0,0,0,2
12/12/2022,WJF,CA,AWP,WE,Federal Contract Tower,0,1,2,8,11,0,1,18,0,19,0,2,20,8,30,10,0,10,40
12/13/2022,WJF,CA,AWP,WE,Federal Contract Tower,0,3,4,2,9,0,1,65,0,66,0,4,69,2,75,112,0,112,187
12/14/2022,WJF,CA,AWP,WE,Federal Contract Tower,0,1,7,2,10,0,1,57,0,58,0,2,64,2,68,86,0,86,154
12/15/2022,WJF,CA,AWP,WE,Federal Contract Tower,0,1,7,6,14,0,1,47,0,48,0,2,54,6,62,70,0,70,132
12/16/2022,WJF,CA,AWP,WE,Federal Contract Tower,0,3,9,0,12,0,1,46,0,47,0,4,55,0,59,28,0,28,87
12/17/2022,WJF,CA,AWP,WE,Federal Contract Tower,0,0,1,0,1,0,0,98,0,98,0,0,99,0,99,164,0,164,263
12/18/2022,WJF,CA,AWP,WE,Federal Contract Tower,0,0,5,0,5,0,0,69,0,69,0,0,74,0,74,122,0,122,196
12/19/2022,WJF,CA,AWP,WE,Federal Contract Tower,0,1,5,0,6,0,1,57,0,58,0,2,62,0,64,62,0,62,126
12/20/2022,WJF,CA,AWP,WE,Federal Contract Tower,0,1,2,0,3,0,1,41,0,42,0,2,43,0,45,68,0,68,113
12/21/2022,WJF,CA,AWP,WE,Federal Contract Tower,0,1,6,0,7,0,1,72,0,73,0,2,78,0,80,54,0,54,134
12/22/2022,WJF,CA,AWP,WE,Federal Contract Tower,0,1,11,0,12,0,1,57,0,58,0,2,68,0,70,70,0,70,140
12/23/2022,WJF,CA,AWP,WE,Federal Contract Tower,0,1,0,0,1,0,1,46,0,47,0,2,46,0,48,78,0,78,126
12/24/2022,WJF,CA,AWP,WE,Federal Contract Tower,0,0,0,0,0,0,0,70,0,70,0,0,70,0,70,100,0,100,170
12/25/2022,WJF,CA,AWP,WE,Federal Contract Tower,0,0,6,0,6,0,0,18,0,18,0,0,24,0,24,24,0,24,48
12/26/2022,WJF,CA,AWP,WE,Federal Contract Tower,0,0,4,0,4,0,0,57,0,57,0,0,61,0,61,82,0,82,143
12/27/2022,WJF,CA,AWP,WE,Federal Contract Tower,0,1,0,0,1,0,3,9,2,14,0,4,9,2,15,8,0,8,23
12/28/2022,WJF,CA,AWP,WE,Federal Contract Tower,0,1,4,0,5,0,1,33,0,34,0,2,37,0,39,44,0,44,83
12/29/2022,WJF,CA,AWP,WE,Federal Contract Tower,0,2,5,1,8,0,0,10,4,14,0,2,15,5,22,50,6,56,78
12/30/2022,WJF,CA,AWP,WE,Federal Contract Tower,0,0,0,0,0,0,1,5,0,6,0,1,5,0,6,16,0,16,22
12/31/2022,WJF,CA,AWP,WE,Federal Contract Tower,0,0,4,0,4,0,0,5,0,5,0,0,9,0,9,0,0,0,9
01/01/2023,WJF,CA,AWP,WE,Federal Contract Tower,0,0,2,0,2,0,0,12,0,12,0,0,14,0,14,14,0,14,28
01/02/2023,WJF,CA,AWP,WE,Federal Contract Tower,0,0,7,0,7,0,2,50,0,52,0,2,57,0,59,90,0,90,149
01/03/2023,WJF,CA,AWP,WE,Federal Contract Tower,0,0,6,0,6,0,0,20,0,20,0,0,26,0,26,4,0,4,30
01/04/2023,WJF,CA,AWP,WE,Federal Contract Tower,0,1,2,1,4,0,1,5,1,7,0,2,7,2,11,4,0,4,15
01/05/2023,WJF,CA,AWP,WE,Federal Contract Tower,0,1,0,2,3,0,1,0,0,1,0,2,0,2,4,0,2,2,6
01/06/2023,WJF,CA,AWP,WE,Federal Contract Tower,0,0,6,0,6,0,0,76,0,76,0,0,82,0,82,130,0,130,212
01/07/2023,WJF,CA,AWP,WE,Federal Contract Tower,0,0,3,0,3,0,0,95,0,95,0,0,98,0,98,166,0,166,264
01/08/2023,WJF,CA,AWP,WE,Federal Contract Tower,0,0,2,0,2,0,0,36,0,36,0,0,38,0,38,30,0,30,68
01/09/2023,WJF,CA,AWP,WE,Federal Contract Tower,0,4,0,4,8,0,0,0,0,0,0,4,0,4,8,0,0,0,8
01/10/2023,WJF,CA,AWP,WE,Federal Contract Tower,0,1,0,2,3,0,1,0,0,1,0,2,0,2,4,0,0,0,4
01/11/2023,WJF,CA,AWP,WE,Federal Contract Tower,0,1,2,20,23,0,1,48,0,49,0,2,50,20,72,78,6,84,156
01/12/2023,WJF,CA,AWP,WE,Federal Contract Tower,0,1,7,4,12,0,1,60,3,64,0,2,67,7,76,122,0,122,198
01/13/2023,WJF,CA,AWP,WE,Federal Contract Tower,0,1,3,2,6,0,1,106,10,117,0,2,109,12,123,172,0,172,295
01/14/2023,WJF,CA,AWP,WE,Federal Contract Tower,0,0,0,0,0,0,0,3,0,3,0,0,3,0,3,0,0,0,3
01/15/2023,WJF,CA,AWP,WE,Federal Contract Tower,0,0,1,0,1,0,0,13,0,13,0,0,14,0,14,34,0,34,48
01/16/2023,WJF,CA,AWP,WE,Federal Contract Tower,0,2,3,0,5,0,0,2,0,2,0,2,5,0,7,16,0,16,23
01/17/2023,WJF,CA,AWP,WE,Federal Contract Tower,0,2,4,2,8,0,1,29,2,32,0,3,33,4,40,26,0,26,66
01/18/2023,WJF,CA,AWP,WE,Federal Contract Tower,0,1,5,0,6,0,1,74,0,75,0,2,79,0,81,164,0,164,245
01/19/2023,WJF,CA,AWP,WE,Federal Contract Tower,0,1,7,0,8,0,1,28,4,33,0,2,35,4,41,28,12,40,81
01/20/2023,WJF,CA,AWP,WE,Federal Contract Tower,0,1,17,0,18,0,1,78,0,79,0,2,95,0,97,124,2,126,223
01/21/2023,WJF,CA,AWP,WE,Federal Contract Tower,0,0,2,0,2,0,0,123,0,123,0,0,125,0,125,100,0,100,225
01/22/2023,WJF,CA,AWP,WE,Federal Contract Tower,0,0,0,0,0,0,0,26,0,26,0,0,26,0,26,10,0,10,36
01/23/2023,WJF,CA,AWP,WE,Federal Contract Tower,0,1,5,4,10,0,1,68,0,69,0,2,73,4,79,64,0,64,143
01/24/2023,WJF,CA,AWP,WE,Federal Contract Tower,0,1,5,2,8,0,0,76,0,76,0,1,81,2,84,56,0,56,140
01/25/2023,WJF,CA,AWP,WE,Federal Contract Tower,0,0,1,0,1,0,0,76,0,76,0,0,77,0,77,152,2,154,231
01/26/2023,WJF,CA,AWP,WE,Federal Contract Tower,0,2,0,0,2,0,0,41,0,41,0,2,41,0,43,20,0,20,63
01/27/2023,WJF,CA,AWP,WE,Federal Contract Tower,0,0,6,0,6,0,3,131,3,137,0,3,137,3,143,84,0,84,227
01/28/2023,WJF,CA,AWP,WE,Federal Contract Tower,0,0,7,0,7,0,0,144,0,144,0,0,151,0,151,74,0,74,225
01/29/2023,WJF,CA,AWP,WE,Federal Contract Tower,0,0,0,0,0,0,0,9,0,9,0,0,9,0,9,6,0,6,15
01/30/2023,WJF,CA,AWP,WE,Federal Contract Tower,0,1,4,0,5,0,1,8,0,9,0,2,12,0,14,24,0,24,38
01/31/2023,WJF,CA,AWP,WE,Federal Contract Tower,0,0,0,0,0,0,0,45,0,45,0,0,45,0,45,112,0,112,157
02/01/2023,WJF,CA,AWP,WE,Federal Contract Tower,0,0,2,2,4,0,0,41,0,41,0,0,43,2,45,18,0,18,63
02/02/2023,WJF,CA,AWP,WE,Federal Contract Tower,0,0,0,0,0,0,1,73,0,74,0,1,73,0,74,96,0,96,170
02/03/2023,WJF,CA,AWP,WE,Federal Contract Tower,0,1,3,0,4,0,1,110,0,111,0,2,113,0,115,68,0,68,183
02/04/2023,WJF,CA,AWP,WE,Federal Contract Tower,0,0,6,0,6,0,0,84,0,84,0,0,90,0,90,74,0,74,164
02/05/2023,WJF,CA,AWP,WE,Federal Contract Tower,0,0,5,0,5,0,2,15,0,17,0,2,20,0,22,4,0,4,26
02/06/2023,WJF,CA,AWP,WE,Federal Contract Tower,0,0,6,1,7,0,2,23,1,26,0,2,29,2,33,24,24,48,81
02/07/2023,WJF,CA,AWP,WE,Federal Contract Tower,0,0,8,0,8,0,2,50,0,52,0,2,58,0,60,38,0,38,98
02/08/2023,WJF,CA,AWP,WE,Federal Contract Tower,0,1,15,2,18,0,1,86,0,87,0,2,101,2,105,68,0,68,173
02/09/2023,WJF,CA,AWP,WE,Federal Contract Tower,0,1,2,0,3,0,1,55,2,58,0,2,57,2,61,40,0,40,101
02/10/2023,WJF,CA,AWP,WE,Federal Contract Tower,0,1,4,0,5,0,1,91,0,92,0,2,95,0,97,62,0,62,159
02/11/2023,WJF,CA,AWP,WE,Federal Contract Tower,0,0,4,0,4,0,0,77,0,77,0,0,81,0,81,128,0,128,209
02/12/2023,WJF,CA,AWP,WE,Federal Contract Tower,0,0,8,0,8,0,0,66,0,66,0,0,74,0,74,100,0,100,174
02/13/2023,WJF,CA,AWP,WE,Federal Contract Tower,0,1,2,0,3,0,1,32,0,33,0,2,34,0,36,26,0,26,62
02/14/2023,WJF,CA,AWP,WE,Federal Contract Tower,0,2,2,0,4,0,0,1,0,1,0,2,3,0,5,0,0,0,5
02/15/2023,WJF,CA,AWP,WE,Federal Contract Tower,0,1,1,1,3,0,1,39,1,41,0,2,40,2,44,4,0,4,48
02/16/2023,WJF,CA,AWP,WE,Federal Contract Tower,0,4,4,0,8,0,1,49,0,50,0,5,53,0,58,8,0,8,66
02/17/2023,WJF,CA,AWP,WE,Federal Contract Tower,0,2,4,0,6,0,1,66,0,67,0,3,70,0,73,36,0,36,109
02/18/2023,WJF,CA,AWP,WE,Federal Contract Tower,0,1,14,0,15,0,0,100,0,100,0,1,114,0,115,130,0,130,245
02/19/2023,WJF,CA,AWP,WE,Federal Contract Tower,0,0,8,0,8,0,0,93,0,93,0,0,101,0,101,114,0,114,215
02/20/2023,WJF,CA,AWP,WE,Federal Contract Tower,0,1,3,0,4,0,1,74,0,75,0,2,77,0,79,86,0,86,165
02/21/2023,WJF,CA,AWP,WE,Federal Contract Tower,0,1,2,0,3,0,1,13,0,14,0,2,15,0,17,18,0,18,35
02/22/2023,WJF,CA,AWP,WE,Federal Contract Tower,0,2,0,0,2,0,0,2,0,2,0,2,2,0,4,0,0,0,4
02/23/2023,WJF,CA,AWP,WE,Federal Contract Tower,0,3,1,0,4,0,0,12,0,12,0,3,13,0,16,0,0,0,16
02/24/2023,WJF,CA,AWP,WE,Federal Contract Tower,0,0,2,0,2,0,0,7,0,7,0,0,9,0,9,0,0,0,9
02/25/2023,WJF,CA,AWP,WE,Federal Contract Tower,0,0,0,0,0,0,0,7,0,7,0,0,7,0,7,0,0,0,7
02/26/2023,WJF,CA,AWP,WE,Federal Contract Tower,0,0,1,0,1,0,0,61,0,61,0,0,62,0,62,42,0,42,104
02/27/2023,WJF,CA,AWP,WE,Federal Contract Tower,0,4,0,0,4,0,0,10,0,10,0,4,10,0,14,0,0,0,14
02/28/2023,WJF,CA,AWP,WE,Federal Contract Tower,0,1,3,0,4,0,1,4,0,5,0,2,7,0,9,16,0,16,25
03/01/2023,WJF,CA,AWP,WE,Federal Contract Tower,0,1,0,0,1,0,5,3,0,8,0,6,3,0,9,6,0,6,15
03/02/2023,WJF,CA,AWP,WE,Federal Contract Tower,0,1,6,0,7,0,1,83,0,84,0,2,89,0,91,86,0,86,177
03/03/2023,WJF,CA,AWP,WE,Federal Contract Tower,0,3,3,0,6,0,0,93,0,93,0,3,96,0,99,88,0,88,187
03/04/2023,WJF,CA,AWP,WE,Federal Contract Tower,0,0,8,0,8,0,0,16,0,16,0,0,24,0,24,0,0,0,24
03/05/2023,WJF,CA,AWP,WE,Federal Contract Tower,0,0,0,0,0,0,0,11,0,11,0,0,11,0,11,14,0,14,25
03/06/2023,WJF,CA,AWP,WE,Federal Contract Tower,0,1,2,0,3,0,1,13,0,14,0,2,15,0,17,12,0,12,29
03/07/2023,WJF,CA,AWP,WE,Federal Contract Tower,0,1,8,6,15,0,1,30,0,31,0,2,38,6,46,34,0,34,80
03/08/2023,WJF,CA,AWP,WE,Federal Contract Tower,0,1,14,0,15,0,1,35,0,36,0,2,49,0,51,8,0,8,59
03/09/2023,WJF,CA,AWP,WE,Federal Contract Tower,0,1,3,1,5,0,1,76,1,78,0,2,79,2,83,216,1,217,300
03/10/2023,WJF,CA,AWP,WE,Federal Contract Tower,0,1,4,0,5,0,1,3,0,4,0,2,7,0,9,0,0,0,9
03/11/2023,WJF,CA,AWP,WE,Federal Contract Tower,0,0,6,0,6,0,0,51,0,51,0,0,57,0,57,30,0,30,87
03/12/2023,WJF,CA,AWP,WE,Federal Contract Tower,0,0,4,0,4,0,0,89,0,89,0,0,93,0,93,192,0,192,285
03/13/2023,WJF,CA,AWP,WE,Federal Contract Tower,0,1,5,2,8,0,2,68,0,70,0,3,73,2,78,118,0,118,196
03/14/2023,WJF,CA,AWP,WE,Federal Contract Tower,0,2,7,0,9,0,0,9,0,9,0,2,16,0,18,46,0,46,64
03/15/2023,WJF,CA,AWP,WE,Federal Contract Tower,0,1,9,0,10,0,1,9,2,12,0,2,18,2,22,0,4,4,26
03/16/2023,WJF,CA,AWP,WE,Federal Contract Tower,0,1,8,8,17,0,9,86,0,95,0,10,94,8,112,198,6,204,316
03/17/2023,WJF,CA,AWP,WE,Federal Contract Tower,0,3,3,2,8,0,3,102,0,105,0,6,105,2,113,222,0,222,335
03/18/2023,WJF,CA,AWP,WE,Federal Contract Tower,0,0,5,0,5,0,0,120,0,120,0,0,125,0,125,208,0,208,333
03/19/2023,WJF,CA,AWP,WE,Federal Contract Tower,0,0,7,0,7,0,0,22,0,22,0,0,29,0,29,22,0,22,51
03/20/2023,WJF,CA,AWP,WE,Federal Contract Tower,0,1,3,2,6,0,1,23,0,24,0,2,26,2,30,12,2,14,44
03/21/2023,WJF,CA,AWP,WE,Federal Contract Tower,0,3,0,0,3,0,2,0,0,2,0,5,0,0,5,16,0,16,21
03/22/2023,WJF,CA,AWP,WE,Federal Contract Tower,0,1,4,6,11,0,0,5,0,5,0,1,9,6,16,36,0,36,52
03/23/2023,WJF,CA,AWP,WE,Federal Contract Tower,0,0,8,6,14,0,1,35,0,36,0,1,43,6,50,52,0,52,102
03/24/2023,WJF,CA,AWP,WE,Federal Contract Tower,0,0,2,4,6,0,1,38,0,39,0,1,40,4,45,22,2,24,69
03/25/2023,WJF,CA,AWP,WE,Federal Contract Tower,0,0,9,0,9,0,0,89,0,89,0,0,98,0,98,118,0,118,216
03/26/2023,WJF,CA,AWP,WE,Federal Contract Tower,0,1,3,0,4,0,0,58,0,58,0,1,61,0,62,82,0,82,144
03/27/2023,WJF,CA,AWP,WE,Federal Contract Tower,0,1,6,1,8,0,1,59,1,61,0,2,65,2,69,28,0,28,97
03/28/2023,WJF,CA,AWP,WE,Federal Contract Tower,0,3,4,2,9,0,1,73,0,74,0,4,77,2,83,122,0,122,205
03/29/2023,WJF,CA,AWP,WE,Federal Contract Tower,0,1,2,0,3,0,1,3,0,4,0,2,5,0,7,8,0,8,15
03/30/2023,WJF,CA,AWP,WE,Federal Contract Tower,0,2,0,8,10,0,0,11,0,11,0,2,11,8,21,38,0,38,59
03/31/2023,WJF,CA,AWP,WE,Federal Contract Tower,0,1,4,4,9,0,1,114,2,117,0,2,118,6,126,140,0,140,266
04/01/2023,WJF,CA,AWP,WE,Federal Contract Tower,0,1,5,0,6,0,0,118,0,118,0,1,123,0,124,202,0,202,326
04/02/2023,WJF,CA,AWP,WE,Federal Contract Tower,0,1,12,0,13,0,0,54,0,54,0,1,66,0,67,62,0,62,129
04/03/2023,WJF,CA,AWP,WE,Federal Contract Tower,0,0,1,0,1,0,0,2,0,2,0,0,3,0,3,0,0,0,3
04/04/2023,WJF,CA,AWP,WE,Federal Contract Tower,0,1,3,2,6,0,1,34,0,35,0,2,37,2,41,46,0,46,87
04/05/2023,WJF,CA,AWP,WE,Federal Contract Tower,0,1,6,10,17,0,1,96,3,100,0,2,102,13,117,120,0,120,237
04/06/2023,WJF,CA,AWP,WE,Federal Contract Tower,0,1,4,6,11,0,1,89,0,90,0,2,93,6,101,182,0,182,283
04/07/2023,WJF,CA,AWP,WE,Federal Contract Tower,0,1,4,0,5,0,1,116,0,117,0,2,120,0,122,194,0,194,316
04/08/2023,WJF,CA,AWP,WE,Federal Contract Tower,0,1,5,0,6,0,0,128,0,128,0,1,133,0,134,130,0,130,264
04/09/2023,WJF,CA,AWP,WE,Federal Contract Tower,0,1,2,0,3,0,0,89,0,89,0,1,91,0,92,70,0,70,162
04/10/2023,WJF,CA,AWP,WE,Federal Contract Tower,0,1,10,0,11,0,1,68,0,69,0,2,78,0,80,90,0,90,170
04/11/2023,WJF,CA,AWP,WE,Federal Contract Tower,0,1,5,2,8,0,1,52,3,56,0,2,57,5,64,120,2,122,186
04/12/2023,WJF,CA,AWP,WE,Federal Contract Tower,0,1,1,1,3,0,1,25,1,27,0,2,26,2,30,48,0,48,78
04/13/2023,WJF,CA,AWP,WE,Federal Contract Tower,0,1,0,4,5,0,1,10,0,11,0,2,10,4,16,0,0,0,16
04/14/2023,WJF,CA,AWP,WE,Federal Contract Tower,0,1,3,2,6,0,1,86,2,89,0,2,89,4,95,78,6,84,179
04/15/2023,WJF,CA,AWP,WE,Federal Contract Tower,0,0,8,0,8,0,0,138,0,138,0,0,146,0,146,102,0,102,248
04/16/2023,WJF,CA,AWP,WE,Federal Contract Tower,0,0,5,0,5,0,0,87,0,87,0,0,92,0,92,62,0,62,154
04/17/2023,WJF,CA,AWP,WE,Federal Contract Tower,0,1,8,4,13,0,1,25,2,28,0,2,33,6,41,0,8,8,49
04/18/2023,WJF,CA,AWP,WE,Federal Contract Tower,0,1,6,2,9,0,1,25,0,26,0,2,31,2,35,18,0,18,53
04/19/2023,WJF,CA,AWP,WE,Federal Contract Tower,0,1,13,0,14,0,1,28,0,29,0,2,41,0,43,14,0,14,57
04/20/2023,WJF,CA,AWP,WE,Federal Contract Tower,0,2,6,5,13,0,1,95,1,97,0,3,101,6,110,148,14,162,272
04/21/2023,WJF,CA,AWP,WE,Federal Contract Tower,0,0,1,4,5,0,0,88,0,88,0,0,89,4,93,138,4,142,235
04/22/2023,WJF,CA,AWP,WE,Federal Contract Tower,0,0,7,0,7,0,0,116,0,116,0,0,123,0,123,164,0,164,287
04/23/2023,WJF,CA,AWP,WE,Federal Contract Tower,0,0,3,0,3,0,0,57,0,57,0,0,60,0,60,56,0,56,116
04/24/2023,WJF,CA,AWP,WE,Federal Contract Tower,0,1,4,1,6,0,3,17,0,20,0,4,21,1,26,4,0,4,30
04/25/2023,WJF,CA,AWP,WE,Federal Contract Tower,0,1,15,0,16,0,1,46,1,48,0,2,61,1,64,118,0,118,182
04/26/2023,WJF,CA,AWP,WE,Federal Contract Tower,0,2,11,1,14,0,1,71,1,73,0,3,82,2,87,94,2,96,183
04/27/2023,WJF,CA,AWP,WE,Federal Contract Tower,0,2,8,0,10,0,1,50,0,51,0,3,58,0,61,94,0,94,155
04/28/2023,WJF,CA,AWP,WE,Federal Contract Tower,0,1,10,0,11,0,1,87,0,88,0,2,97,0,99,112,0,112,211
04/29/2023,WJF,CA,AWP,WE,Federal Contract Tower,0,0,12,0,12,0,0,142,0,142,0,0,154,0,154,96,0,96,250
04/30/2023,WJF,CA,AWP,WE,Federal Contract Tower,0,0,3,0,3,0,0,63,0,63,0,0,66,0,66,46,0,46,112
05/01/2023,WJF,CA,AWP,WE,Federal Contract Tower,0,1,0,0,1,0,1,15,0,16,0,2,15,0,17,0,0,0,17
05/02/2023,WJF,CA,AWP,WE,Federal Contract Tower,0,1,4,0,5,0,1,21,0,22,0,2,25,0,27,10,0,10,37
05/03/2023,WJF,CA,AWP,WE,Federal Contract Tower,0,1,1,0,2,0,1,23,2,26,0,2,24,2,28,62,0,62,90
05/04/2023,WJF,CA,AWP,WE,Federal Contract Tower,0,2,2,0,4,0,0,5,0,5,0,2,7,0,9,2,0,2,11
05/05/2023,WJF,CA,AWP,WE,Federal Contract Tower,0,1,2,0,3,0,1,34,0,35,0,2,36,0,38,34,0,34,72
05/06/2023,WJF,CA,AWP,WE,Federal Contract Tower,0,0,7,0,7,0,0,58,0,58,0,0,65,0,65,84,0,84,149
05/07/2023,WJF,CA,AWP,WE,Federal Contract Tower,0,0,2,0,2,0,0,48,0,48,0,0,50,0,50,26,0,26,76
05/08/2023,WJF,CA,AWP,WE,Federal Contract Tower,0,1,4,0,5,0,1,30,0,31,0,2,34,0,36,48,0,48,84
05/09/2023,WJF,CA,AWP,WE,Federal Contract Tower,0,1,11,2,14,0,1,32,0,33,0,2,43,2,47,52,0,52,99
05/10/2023,WJF,CA,AWP,WE,Federal Contract Tower,0,3,4,0,7,0,1,28,0,29,0,4,32,0,36,38,0,38,74
05/11/2023,WJF,CA,AWP,WE,Federal Contract Tower,0,1,5,4,10,0,1,70,0,71,0,2,75,4,81,142,0,142,223
05/12/2023,WJF,CA,AWP,WE,Federal Contract Tower,0,1,5,4,10,0,1,81,2,84,0,2,86,6,94,68,0,68,162
05/13/2023,WJF,CA,AWP,WE,Federal Contract Tower,0,0,5,0,5,0,0,127,0,127,0,0,132,0,132,98,0,98,230
05/14/2023,WJF,CA,AWP,WE,Federal Contract Tower,0,0,1,0,1,0,0,45,0,45,0,0,46,0,46,88,0,88,134
05/15/2023,WJF,CA,AWP,WE,Federal Contract Tower,0,0,10,2,12,0,0,70,0,70,0,0,80,2,82,112,0,112,194
05/16/2023,WJF,CA,AWP,WE,Federal Contract Tower,0,1,11,8,20,0,0,69,2,71,0,1,80,10,91,110,8,118,209
05/17/2023,WJF,CA,AWP,WE,Federal Contract Tower,0,5,8,4,17,0,1,45,0,46,0,6,53,4,63,96,0,96,159
05/18/2023,WJF,CA,AWP,WE,Federal Contract Tower,0,1,5,6,12,0,1,33,2,36,0,2,38,8,48,92,0,92,140
05/19/2023,WJF,CA,AWP,WE,Federal Contract Tower,0,1,5,8,14,0,1,51,0,52,0,2,56,8,66,48,0,48,114
05/20/2023,WJF,CA,AWP,WE,Federal Contract Tower,0,0,5,0,5,0,0,114,0,114,0,0,119,0,119,88,0,88,207
05/21/2023,WJF,CA,AWP,WE,Federal Contract Tower,0,0,12,0,12,0,0,84,0,84,0,0,96,0,96,142,0,142,238
05/22/2023,WJF,CA,AWP,WE,Federal Contract Tower,0,1,0,2,3,0,1,32,0,33,0,2,32,2,36,40,0,40,76
05/23/2023,WJF,CA,AWP,WE,Federal Contract Tower,0,1,5,4,10,0,1,38,0,39,0,2,43,4,49,26,12,38,87
05/24/2023,WJF,CA,AWP,WE,Federal Contract Tower,0,1,3,3,7,0,1,58,2,61,0,2,61,5,68,24,0,24,92
05/25/2023,WJF,CA,AWP,WE,Federal Contract Tower,0,1,4,1,6,0,1,58,1,60,0,2,62,2,66,106,0,106,172
05/26/2023,WJF,CA,AWP,WE,Federal Contract Tower,0,2,8,0,10,0,1,38,0,39,0,3,46,0,49,26,0,26,75
05/27/2023,WJF,CA,AWP,WE,Federal Contract Tower,0,0,3,0,3,0,0,75,0,75,0,0,78,0,78,118,0,118,196
05/28/2023,WJF,CA,AWP,WE,Federal Contract Tower,0,0,5,0,5,0,0,62,0,62,0,0,67,0,67,68,0,68,135
05/29/2023,WJF,CA,AWP,WE,Federal Contract Tower,0,0,2,0,2,0,0,50,0,50,0,0,52,0,52,30,0,30,82
05/30/2023,WJF,CA,AWP,WE,Federal Contract Tower,0,1,1,0,2,0,1,28,0,29,0,2,29,0,31,50,8,58,89
05/31/2023,WJF,CA,AWP,WE,Federal Contract Tower,0,1,2,0,3,0,1,9,0,10,0,2,11,0,13,0,2,2,15
06/01/2023,WJF,CA,AWP,WE,Federal Contract Tower,0,1,4,0,5,0,1,40,0,41,0,2,44,0,46,18,0,18,64
06/02/2023,WJF,CA,AWP,WE,Federal Contract Tower,0,1,5,0,6,0,1,70,0,71,0,2,75,0,77,106,0,106,183
06/03/2023,WJF,CA,AWP,WE,Federal Contract Tower,0,0,2,0,2,0,0,140,0,140,0,0,142,0,142,160,0,160,302
06/04/2023,WJF,CA,AWP,WE,Federal Contract Tower,0,0,8,0,8,0,0,65,0,65,0,0,73,0,73,94,0,94,167
06/05/2023,WJF,CA,AWP,WE,Federal Contract Tower,0,1,3,0,4,0,1,43,0,44,0,2,46,0,48,66,0,66,114
06/06/2023,WJF,CA,AWP,WE,Federal Contract Tower,0,1,7,0,8,0,1,34,0,35,0,2,41,0,43,74,0,74,117
06/07/2023,WJF,CA,AWP,WE,Federal Contract Tower,0,6,9,5,20,0,1,39,1,41,0,7,48,6,61,66,2,68,129
06/08/2023,WJF,CA,AWP,WE,Federal Contract Tower,0,0,8,1,9,0,1,74,3,78,0,1,82,4,87,130,2,132,219
06/09/2023,WJF,CA,AWP,WE,Federal Contract Tower,0,2,7,2,11,0,3,61,0,64,0,5,68,2,75,71,0,71,146
06/10/2023,WJF,CA,AWP,WE,Federal Contract Tower,0,0,16,0,16,0,0,72,0,72,0,0,88,0,88,122,0,122,210
06/11/2023,WJF,CA,AWP,WE,Federal Contract Tower,0,0,7,0,7,0,0,11,0,11,0,0,18,0,18,34,0,34,52
06/12/2023,WJF,CA,AWP,WE,Federal Contract Tower,0,1,8,0,9,0,1,41,0,42,0,2,49,0,51,20,0,20,71
06/13/2023,WJF,CA,AWP,WE,Federal Contract Tower,0,1,1,0,2,0,1,79,0,80,0,2,80,0,82,68,0,68,150
06/14/2023,WJF,CA,AWP,WE,Federal Contract Tower,0,1,14,2,17,0,1,74,0,75,0,2,88,2,92,112,0,112,204
06/15/2023,WJF,CA,AWP,WE,Federal Contract Tower,0,2,0,0,2,0,1,62,0,63,0,3,62,0,65,58,0,58,123
06/16/2023,WJF,CA,AWP,WE,Federal Contract Tower,0,1,3,0,4,0,0,139,0,139,0,1,142,0,143,174,0,174,317
06/17/2023,WJF,CA,AWP,WE,Federal Contract Tower,0,0,9,0,9,0,0,122,0,122,0,0,131,0,131,124,0,124,255
06/18/2023,WJF,CA,AWP,WE,Federal Contract Tower,0,0,0,0,0,0,0,29,0,29,0,0,29,0,29,84,0,84,113
06/19/2023,WJF,CA,AWP,WE,Federal Contract Tower,0,0,5,0,5,0,0,17,3,20,0,0,22,3,25,8,0,8,33
06/20/2023,WJF,CA,AWP,WE,Federal Contract Tower,0,1,6,0,7,0,1,35,0,36,0,2,41,0,43,36,0,36,79
06/21/2023,WJF,CA,AWP,WE,Federal Contract Tower,0,1,8,0,9,0,1,49,0,50,0,2,57,0,59,58,0,58,117
06/22/2023,WJF,CA,AWP,WE,Federal Contract Tower,0,1,5,2,8,0,1,31,0,32,0,2,36,2,40,26,0,26,66
06/23/2023,WJF,CA,AWP,WE,Federal Contract Tower,0,2,2,4,8,0,4,62,0,66,0,6,64,4,74,56,0,56,130
06/24/2023,WJF,CA,AWP,WE,Federal Contract Tower,0,0,10,0,10,0,0,142,0,142,0,0,152,0,152,204,0,204,356
06/25/2023,WJF,CA,AWP,WE,Federal Contract Tower,0,0,6,0,6,0,0,45,0,45,0,0,51,0,51,128,0,128,179
06/26/2023,WJF,CA,AWP,WE,Federal Contract Tower,0,1,9,2,12,0,1,32,0,33,0,2,41,2,45,30,0,30,75
06/27/2023,WJF,CA,AWP,WE,Federal Contract Tower,0,1,8,6,15,0,1,56,0,57,0,2,64,6,72,34,0,34,106
06/28/2023,WJF,CA,AWP,WE,Federal Contract Tower,0,1,2,8,11,0,1,41,0,42,0,2,43,8,53,90,0,90,143
06/29/2023,WJF,CA,AWP,WE,Federal Contract Tower,0,1,13,2,16,0,1,56,0,57,0,2,69,2,73,92,0,92,165
06/30/2023,WJF,CA,AWP,WE,Federal Contract Tower,0,1,2,6,9,0,1,79,0,80,0,2,81,6,89,120,0,120,209
07/01/2023,WJF,CA,AWP,WE,Federal Contract Tower,0,0,2,0,2,0,0,64,0,64,0,0,66,0,66,112,0,112,178
07/02/2023,WJF,CA,AWP,WE,Federal Contract Tower,0,0,8,0,8,0,0,70,0,70,0,0,78,0,78,114,0,114,192
07/03/2023,WJF,CA,AWP,WE,Federal Contract Tower,0,1,0,0,1,0,1,58,0,59,0,2,58,0,60,78,0,78,138
07/04/2023,WJF,CA,AWP,WE,Federal Contract Tower,0,0,3,0,3,0,0,41,0,41,0,0,44,0,44,58,0,58,102
07/05/2023,WJF,CA,AWP,WE,Federal Contract Tower,0,1,2,0,3,0,1,48,0,49,0,2,50,0,52,92,0,92,144
07/06/2023,WJF,CA,AWP,WE,Federal Contract Tower,0,1,1,4,6,0,1,45,0,46,0,2,46,4,52,96,0,96,148
07/07/2023,WJF,CA,AWP,WE,Federal Contract Tower,0,0,3,0,3,0,0,81,0,81,0,0,84,0,84,64,0,64,148
07/08/2023,WJF,CA,AWP,WE,Federal Contract Tower,0,0,4,0,4,0,0,78,0,78,0,0,82,0,82,78,0,78,160
07/09/2023,WJF,CA,AWP,WE,Federal Contract Tower,0,0,5,0,5,0,0,57,0,57,0,0,62,0,62,80,0,80,142
07/10/2023,WJF,CA,AWP,WE,Federal Contract Tower,0,1,6,0,7,0,1,42,0,43,0,2,48,0,50,36,0,36,86
07/11/2023,WJF,CA,AWP,WE,Federal Contract Tower,0,1,7,2,10,0,1,74,0,75,0,2,81,2,85,84,0,84,169
07/12/2023,WJF,CA,AWP,WE,Federal Contract Tower,0,1,3,0,4,0,1,52,0,53,0,2,55,0,57,46,0,46,103
07/13/2023,WJF,CA,AWP,WE,Federal Contract Tower,0,1,1,2,4,0,1,51,0,52,0,2,52,2,56,18,0,18,74
07/14/2023,WJF,CA,AWP,WE,Federal Contract Tower,0,9,12,0,21,0,1,88,0,89,0,10,100,0,110,106,0,106,216
07/15/2023,WJF,CA,AWP,WE,Federal Contract Tower,0,0,0,0,0,0,0,90,0,90,0,0,90,0,90,134,0,134,224
07/16/2023,WJF,CA,AWP,WE,Federal Contract Tower,0,0,3,0,3,0,0,55,0,55,0,0,58,0,58,78,0,78,136
07/17/2023,WJF,CA,AWP,WE,Federal Contract Tower,0,1,2,6,9,0,1,29,3,33,0,2,31,9,42,24,0,24,66
07/18/2023,WJF,CA,AWP,WE,Federal Contract Tower,0,2,2,4,8,0,0,34,4,38,0,2,36,8,46,46,2,48,94
07/19/2023,WJF,CA,AWP,WE,Federal Contract Tower,0,1,1,0,2,0,1,69,0,70,0,2,70,0,72,60,0,60,132
07/20/2023,WJF,CA,AWP,WE,Federal Contract Tower,0,1,0,0,1,0,1,48,0,49,0,2,48,0,50,82,0,82,132
07/21/2023,WJF,CA,AWP,WE,Federal Contract Tower,0,1,6,0,7,0,1,65,0,66,0,2,71,0,73,54,0,54,127
07/22/2023,WJF,CA,AWP,WE,Federal Contract Tower,0,0,2,0,2,0,0,65,0,65,0,0,67,0,67,96,0,96,163
07/23/2023,WJF,CA,AWP,WE,Federal Contract Tower,0,0,2,0,2,0,0,51,0,51,0,0,53,0,53,84,0,84,137
07/24/2023,WJF,CA,AWP,WE,Federal Contract Tower,0,1,12,0,13,0,1,52,0,53,0,2,64,0,66,60,0,60,126
07/25/2023,WJF,CA,AWP,WE,Federal Contract Tower,0,1,7,0,8,0,1,69,0,70,0,2,76,0,78,56,0,56,134
07/26/2023,WJF,CA,AWP,WE,Federal Contract Tower,0,1,1,0,2,0,1,48,0,49,0,2,49,0,51,72,0,72,123
07/27/2023,WJF,CA,AWP,WE,Federal Contract Tower,0,1,0,0,1,0,1,63,0,64,0,2,63,0,65,96,2,98,163
07/28/2023,WJF,CA,AWP,WE,Federal Contract Tower,0,1,4,0,5,0,1,55,0,56,0,2,59,0,61,124,0,124,185
07/29/2023,WJF,CA,AWP,WE,Federal Contract Tower,0,0,6,0,6,0,0,119,0,119,0,0,125,0,125,84,0,84,209
07/30/2023,WJF,CA,AWP,WE,Federal Contract Tower,0,0,1,0,1,0,0,72,0,72,0,0,73,0,73,82,0,82,155
07/31/2023,WJF,CA,AWP,WE,Federal Contract Tower,0,1,1,2,4,0,1,48,0,49,0,2,49,2,53,64,0,64,117
08/01/2023,WJF,CA,AWP,WE,Federal Contract Tower,0,1,7,2,10,0,1,54,0,55,0,2,61,2,65,82,0,82,147
08/02/2023,WJF,CA,AWP,WE,Federal Contract Tower,0,1,1,0,2,0,1,128,0,129,0,2,129,0,131,54,4,58,189
08/03/2023,WJF,CA,AWP,WE,Federal Contract Tower,0,1,1,0,2,0,1,47,1,49,0,2,48,1,51,74,38,112,163
08/04/2023,WJF,CA,AWP,WE,Federal Contract Tower,0,1,5,0,6,0,1,106,0,107,0,2,111,0,113,80,0,80,193
08/05/2023,WJF,CA,AWP,WE,Federal Contract Tower,0,0,10,0,10,0,0,113,0,113,0,0,123,0,123,126,0,126,249
08/06/2023,WJF,CA,AWP,WE,Federal Contract Tower,0,0,10,0,10,0,0,74,0,74,0,0,84,0,84,60,0,60,144
08/07/2023,WJF,CA,AWP,WE,Federal Contract Tower,0,1,2,4,7,0,1,43,0,44,0,2,45,4,51,34,12,46,97
08/08/2023,WJF,CA,AWP,WE,Federal Contract Tower,0,1,3,10,14,0,1,27,0,28,0,2,30,10,42,58,0,58,100
08/09/2023,WJF,CA,AWP,WE,Federal Contract Tower,0,1,1,4,6,0,0,33,2,35,0,1,34,6,41,8,0,8,49
08/10/2023,WJF,CA,AWP,WE,Federal Contract Tower,0,1,8,5,14,0,1,33,0,34,0,2,41,5,48,62,0,62,110
08/11/2023,WJF,CA,AWP,WE,Federal Contract Tower,0,1,6,0,7,0,1,48,0,49,0,2,54,0,56,96,0,96,152
08/12/2023,WJF,CA,AWP,WE,Federal Contract Tower,0,2,7,0,9,0,0,58,0,58,0,2,65,0,67,74,0,74,141
08/13/2023,WJF,CA,AWP,WE,Federal Contract Tower,0,2,0,0,2,0,0,68,0,68,0,2,68,0,70,68,0,68,138
08/14/2023,WJF,CA,AWP,WE,Federal Contract Tower,0,1,5,0,6,0,1,42,0,43,0,2,47,0,49,30,0,30,79
08/15/2023,WJF,CA,AWP,WE,Federal Contract Tower,0,1,2,0,3,0,0,37,0,37,0,1,39,0,40,74,0,74,114
08/16/2023,WJF,CA,AWP,WE,Federal Contract Tower,0,1,5,2,8,0,1,39,0,40,0,2,44,2,48,68,0,68,116
08/17/2023,WJF,CA,AWP,WE,Federal Contract Tower,0,1,5,0,6,0,1,52,0,53,0,2,57,0,59,64,0,64,123
08/18/2023,WJF,CA,AWP,WE,Federal Contract Tower,0,1,5,2,8,0,1,68,0,69,0,2,73,2,77,78,0,78,155
08/19/2023,WJF,CA,AWP,WE,Federal Contract Tower,0,0,6,0,6,0,0,69,0,69,0,0,75,0,75,56,0,56,131
08/20/2023,WJF,CA,AWP,WE,Federal Contract Tower,0,0,1,0,1,0,0,0,0,0,0,0,1,0,1,2,0,2,3
08/21/2023,WJF,CA,AWP,WE,Federal Contract Tower,0,1,2,0,3,0,1,14,0,15,0,2,16,0,18,28,0,28,46
08/22/2023,WJF,CA,AWP,WE,Federal Contract Tower,0,3,2,2,7,0,1,59,0,60,0,4,61,2,67,48,0,48,115
08/23/2023,WJF,CA,AWP,WE,Federal Contract Tower,0,3,4,0,7,0,3,66,0,69,0,6,70,0,76,78,0,78,154
08/24/2023,WJF,CA,AWP,WE,Federal Contract Tower,0,2,3,6,11,0,1,71,2,74,0,3,74,8,85,52,12,64,149
08/25/2023,WJF,CA,AWP,WE,Federal Contract Tower,0,1,0,2,3,0,1,94,0,95,0,2,94,2,98,162,0,162,260
08/26/2023,WJF,CA,AWP,WE,Federal Contract Tower,0,0,4,0,4,0,0,106,0,106,0,0,110,0,110,154,0,154,264
08/27/2023,WJF,CA,AWP,WE,Federal Contract Tower,0,0,4,0,4,0,0,73,0,73,0,0,77,0,77,112,0,112,189
08/28/2023,WJF,CA,AWP,WE,Federal Contract Tower,0,1,6,0,7,0,1,32,0,33,0,2,38,0,40,40,0,40,80
08/29/2023,WJF,CA,AWP,WE,Federal Contract Tower,0,2,2,0,4,0,1,61,1,63,0,3,63,1,67,102,0,102,169
08/30/2023,WJF,CA,AWP,WE,Federal Contract Tower,0,1,1,4,6,0,1,58,0,59,0,2,59,4,65,76,0,76,141
08/31/2023,WJF,CA,AWP,WE,Federal Contract Tower,0,1,1,0,2,0,1,42,0,43,0,2,43,0,45,42,0,42,87
