01/02/2000,ABE,PA,AEA,EN,Towers with Radar,43,29,83,0,155,0,0,33,0,33,43,29,116,0,188,152,0,152,340
01/03/2000,ABE,PA,AEA,EN,Towers with Radar,46,50,55,8,159,0,0,7,0,7,46,50,62,8,166,70,26,96,262
01/04/2000,ABE,PA,AEA,EN,Towers with Radar,59,52,23,0,134,0,3,1,0,4,59,55,24,0,138,9,0,9,147
01/05/2000,ABE,PA,AEA,EN,Towers with Radar,63,58,14,2,137,0,1,0,0,1,63,59,14,2,138,175,4,179,317
01/06/2000,ABE,PA,AEA,EN,Towers with Radar,60,57,112,7,236,0,0,92,0,92,60,57,204,7,328,336,12,348,676
01/07/2000,ABE,PA,AEA,EN,Towers with Radar,56,48,99,18,221,0,1,51,0,52,56,49,150,18,273,224,30,254,527
01/08/2000,ABE,PA,AEA,EN,Towers with Radar,52,36,112,5,205,0,1,134,1,136,52,37,246,6,341,372,6,378,719
01/09/2000,ABE,PA,AEA,EN,Towers with Radar,43,44,178,1,266,0,1,108,0,109,43,45,286,1,375,452,6,458,833
01/10/2000,ABE,PA,AEA,EN,Towers with Radar,50,53,31,0,134,0,0,1,0,1,50,53,32,0,135,90,0,90,225
01/11/2000,ABE,PA,AEA,EN,Towers with Radar,60,46,56,1,163,0,0,26,1,27,60,46,82,2,190,19,2,21,211
01/12/2000,ABE,PA,AEA,EN,Towers with Radar,68,57,72,9,206,0,0,84,0,84,68,57,156,9,290,189,16,205,495
01/13/2000,ABE,PA,AEA,EN,Towers with Radar,59,58,35,0,152,0,0,7,0,7,59,58,42,0,159,6,0,6,165
01/14/2000,ABE,PA,AEA,EN,Towers with Radar,64,64,47,2,177,0,1,33,0,34,64,65,80,2,211,80,3,83,294
01/15/2000,ABE,PA,AEA,EN,Towers with Radar,55,43,90,0,188,0,0,118,0,118,55,43,208,0,306,304,0,304,610
01/16/2000,ABE,PA,AEA,EN,Towers with Radar,43,46,35,0,124,0,0,44,0,44,43,46,79,0,168,170,0,170,338
01/17/2000,ABE,PA,AEA,EN,Towers with Radar,43,52,26,0,121,0,2,16,0,18,43,54,42,0,139,6,0,6,145
01/18/2000,ABE,PA,AEA,EN,Towers with Radar,58,68,54,9,189,0,1,51,0,52,58,69,105,9,241,108,34,142,383
01/19/2000,ABE,PA,AEA,EN,Towers with Radar,58,61,57,1,177,0,2,59,3,64,58,63,116,4,241,138,13,151,392
01/20/2000,ABE,PA,AEA,EN,Towers with Radar,60,42,40,0,142,0,2,2,0,4,60,44,42,0,146,24,0,24,170
01/21/2000,ABE,PA,AEA,EN,Towers with Radar,53,66,19,10,148,0,0,21,0,21,53,66,40,10,169,19,12,31,200
01/22/2000,ABE,PA,AEA,EN,Towers with Radar,54,48,37,0,139,0,1,63,0,64,54,49,100,0,203,164,10,174,377
01/23/2000,ABE,PA,AEA,EN,Towers with Radar,46,37,33,0,116,0,0,23,0,23,46,37,56,0,139,155,0,155,294
01/24/2000,ABE,PA,AEA,EN,Towers with Radar,56,57,92,11,216,0,0,106,2,108,56,57,198,13,324,228,6,234,558
01/25/2000,ABE,PA,AEA,EN,Towers with Radar,29,13,14,0,56,0,1,1,0,2,29,14,15,0,58,8,0,8,66
01/26/2000,ABE,PA,AEA,EN,Towers with Radar,43,38,44,0,125,0,0,28,0,28,43,38,72,0,153,68,0,68,221
01/27/2000,ABE,PA,AEA,EN,Towers with Radar,61,59,38,0,158,0,1,40,1,42,61,60,78,1,200,110,0,110,310
01/28/2000,ABE,PA,AEA,EN,Towers with Radar,54,54,41,2,151,0,0,48,0,48,54,54,89,2,199,89,0,89,288
01/29/2000,ABE,PA,AEA,EN,Towers with Radar,48,39,114,0,201,0,0,103,0,103,48,39,217,0,304,362,0,362,666
01/30/2000,ABE,PA,AEA,EN,Towers with Radar,35,36,40,5,116,0,1,36,0,37,35,37,76,5,153,129,6,135,288
01/31/2000,ABE,PA,AEA,EN,Towers with Radar,38,38,16,0,92,0,0,12,0,12,38,38,28,0,104,5,0,5,109
02/01/2000,ABE,PA,AEA,EN,Towers with Radar,63,57,80,5,205,1,2,16,6,25,64,59,96,11,230,238,16,254,484
02/02/2000,ABE,PA,AEA,EN,Towers with Radar,62,54,41,13,170,0,2,49,1,52,62,56,90,14,222,143,46,189,411
02/03/2000,ABE,PA,AEA,EN,Towers with Radar,69,54,66,7,196,0,1,34,0,35,69,55,100,7,231,88,4,92,323
02/04/2000,ABE,PA,AEA,EN,Towers with Radar,64,53,37,0,154,0,0,9,0,9,64,53,46,0,163,89,0,89,252
02/05/2000,ABE,PA,AEA,EN,Towers with Radar,52,57,57,0,166,0,0,100,0,100,52,57,157,0,266,121,0,121,387
02/06/2000,ABE,PA,AEA,EN,Towers with Radar,48,43,71,6,168,0,2,111,0,113,48,45,182,6,281,154,32,186,467
02/07/2000,ABE,PA,AEA,EN,Towers with Radar,44,54,44,3,145,0,2,39,0,41,44,56,83,3,186,84,16,100,286
02/08/2000,ABE,PA,AEA,EN,Towers with Radar,61,54,99,3,217,0,0,96,0,96,61,54,195,3,313,196,26,222,535
02/09/2000,ABE,PA,AEA,EN,Towers with Radar,64,54,78,7,203,0,1,77,1,79,64,55,155,8,282,140,22,162,444
02/10/2000,ABE,PA,AEA,EN,Towers with Radar,64,54,104,2,224,0,0,54,0,54,64,54,158,2,278,128,4,132,410
02/11/2000,ABE,PA,AEA,EN,Towers with Radar,60,62,46,3,171,0,0,9,0,9,60,62,55,3,180,74,9,83,263
02/12/2000,ABE,PA,AEA,EN,Towers with Radar,53,51,91,0,195,3,0,112,0,115,56,51,203,0,310,125,4,129,439
02/13/2000,ABE,PA,AEA,EN,Towers with Radar,46,33,82,2,163,0,0,70,0,70,46,33,152,2,233,124,0,124,357
02/14/2000,ABE,PA,AEA,EN,Towers with Radar,40,44,31,0,115,0,0,2,0,2,40,44,33,0,117,14,0,14,131
02/15/2000,ABE,PA,AEA,EN,Towers with Radar,61,52,63,8,184,0,0,69,3,72,61,52,132,11,256,107,6,113,369
02/16/2000,ABE,PA,AEA,EN,Towers with Radar,61,58,69,10,198,0,0,73,0,73,61,58,142,10,271,105,12,117,388
02/17/2000,ABE,PA,AEA,EN,Towers with Radar,58,59,75,24,216,0,0,115,1,116,58,59,190,25,332,220,20,240,572
02/18/2000,ABE,PA,AEA,EN,Towers with Radar,42,43,20,0,105,0,1,5,0,6,42,44,25,0,111,22,0,22,133
02/19/2000,ABE,PA,AEA,EN,Towers with Radar,40,39,19,0,98,0,0,5,0,5,40,39,24,0,103,2,0,2,105
02/20/2000,ABE,PA,AEA,EN,Towers with Radar,49,39,33,0,121,0,0,81,0,81,49,39,114,0,202,126,0,126,328
02/21/2000,ABE,PA,AEA,EN,Towers with Radar,47,52,110,0,209,0,0,81,0,81,47,52,191,0,290,150,0,150,440
02/22/2000,ABE,PA,AEA,EN,Towers with Radar,62,63,130,12,267,0,1,78,0,79,62,64,208,12,346,176,20,196,542
02/23/2000,ABE,PA,AEA,EN,Towers with Radar,63,64,80,0,207,0,0,80,0,80,63,64,160,0,287,194,0,194,481
02/24/2000,ABE,PA,AEA,EN,Towers with Radar,63,53,91,0,207,0,0,95,0,95,63,53,186,0,302,165,0,165,467
02/25/2000,ABE,PA,AEA,EN,Towers with Radar,60,53,151,1,265,0,1,54,0,55,60,54,205,1,320,83,0,83,403
02/26/2000,ABE,PA,AEA,EN,Towers with Radar,63,44,148,0,255,0,1,2,0,3,63,45,150,0,258,93,0,93,351
02/27/2000,ABE,PA,AEA,EN,Towers with Radar,47,36,53,0,136,0,0,1,0,1,47,36,54,0,137,0,0,0,137
02/28/2000,ABE,PA,AEA,EN,Towers with Radar,50,54,83,0,187,0,0,54,0,54,50,54,137,0,241,78,0,78,319
02/29/2000,ABE,PA,AEA,EN,Towers with Radar,67,68,114,23,272,0,3,132,4,139,67,71,246,27,411,184,12,196,607
03/01/2000,ABE,PA,AEA,EN,Towers with Radar,67,55,101,0,223,1,0,90,0,91,68,55,191,0,314,124,0,124,438
03/02/2000,ABE,PA,AEA,EN,Towers with Radar,63,62,60,0,185,0,0,26,0,26,63,62,86,0,211,57,0,57,268
03/03/2000,ABE,PA,AEA,EN,Towers with Radar,64,59,32,0,155,0,0,44,0,44,64,59,76,0,199,92,0,92,291
03/04/2000,ABE,PA,AEA,EN,Towers with Radar,53,41,102,7,203,0,1,148,0,149,53,42,250,7,352,325,16,341,693
03/05/2000,ABE,PA,AEA,EN,Towers with Radar,43,38,57,0,138,0,0,80,0,80,43,38,137,0,218,193,2,195,413
03/06/2000,ABE,PA,AEA,EN,Towers with Radar,48,57,72,30,207,1,2,84,0,87,49,59,156,30,294,148,64,212,506
03/07/2000,ABE,PA,AEA,EN,Towers with Radar,66,52,82,0,200,0,1,112,0,113,66,53,194,0,313,142,0,142,455
03/08/2000,ABE,PA,AEA,EN,Towers with Radar,71,54,76,8,209,1,3,91,0,95,72,57,167,8,304,114,14,128,432
03/09/2000,ABE,PA,AEA,EN,Towers with Radar,59,57,71,3,190,1,3,34,0,38,60,60,105,3,228,24,0,24,252
03/10/2000,ABE,PA,AEA,EN,Towers with Radar,58,64,82,7,211,1,1,57,0,59,59,65,139,7,270,159,32,191,461
03/11/2000,ABE,PA,AEA,EN,Towers with Radar,62,48,56,0,166,1,0,9,0,10,63,48,65,0,176,31,0,31,207
03/12/2000,ABE,PA,AEA,EN,Towers with Radar,56,40,57,2,155,1,0,20,0,21,57,40,77,2,176,96,2,98,274
03/13/2000,ABE,PA,AEA,EN,Towers with Radar,53,50,98,6,207,1,0,102,0,103,54,50,200,6,310,166,14,180,490
03/14/2000,ABE,PA,AEA,EN,Towers with Radar,64,48,87,1,200,1,3,83,0,87,65,51,170,1,287,108,0,108,395
03/15/2000,ABE,PA,AEA,EN,Towers with Radar,63,56,50,16,185,1,1,67,2,71,64,57,117,18,256,152,16,168,424
03/16/2000,ABE,PA,AEA,EN,Towers with Radar,71,60,37,5,173,1,4,34,0,39,72,64,71,5,212,124,2,126,338
03/17/2000,ABE,PA,AEA,EN,Towers with Radar,57,56,24,14,151,1,0,4,0,5,58,56,28,14,156,23,8,31,187
03/18/2000,ABE,PA,AEA,EN,Towers with Radar,59,44,66,0,169,1,0,140,0,141,60,44,206,0,310,274,0,274,584
03/19/2000,ABE,PA,AEA,EN,Towers with Radar,43,32,122,0,197,1,0,93,0,94,44,32,215,0,291,207,0,207,498
03/20/2000,ABE,PA,AEA,EN,Towers with Radar,45,57,92,8,202,1,1,50,0,52,46,58,142,8,254,58,0,58,312
03/21/2000,ABE,PA,AEA,EN,Towers with Radar,61,48,39,0,148,1,1,1,0,3,62,49,40,0,151,0,0,0,151
03/22/2000,ABE,PA,AEA,EN,Towers with Radar,69,53,83,0,205,0,0,33,0,33,69,53,116,0,238,84,0,84,322
03/23/2000,ABE,PA,AEA,EN,Towers with Radar,59,56,86,5,206,0,0,123,11,134,59,56,209,16,340,109,16,125,465
03/24/2000,ABE,PA,AEA,EN,Towers with Radar,61,52,74,5,192,1,7,138,2,148,62,59,212,7,340,151,4,155,495
03/25/2000,ABE,PA,AEA,EN,Towers with Radar,55,45,80,0,180,0,0,89,0,89,55,45,169,0,269,184,16,200,469
03/26/2000,ABE,PA,AEA,EN,Towers with Radar,47,38,58,6,149,0,1,88,0,89,47,39,146,6,238,63,0,63,301
03/27/2000,ABE,PA,AEA,EN,Towers with Radar,50,48,67,1,166,0,6,64,0,70,50,54,131,1,236,100,0,100,336
03/28/2000,ABE,PA,AEA,EN,Towers with Radar,62,64,63,5,194,0,1,43,0,44,62,65,106,5,238,28,0,28,266
03/29/2000,ABE,PA,AEA,EN,Towers with Radar,68,55,58,9,190,0,0,41,0,41,68,55,99,9,231,97,0,97,328
03/30/2000,ABE,PA,AEA,EN,Towers with Radar,64,55,119,0,238,0,1,92,0,93,64,56,211,0,331,151,0,151,482
03/31/2000,ABE,PA,AEA,EN,Towers with Radar,59,50,43,2,154,0,0,78,0,78,59,50,121,2,232,114,0,114,346
04/01/2000,ABE,PA,AEA,EN,Towers with Radar,56,40,92,7,195,0,5,122,1,128,56,45,214,8,323,163,2,165,488
04/02/2000,ABE,PA,AEA,EN,Towers with Radar,47,45,103,9,204,0,1,83,0,84,47,46,186,9,288,142,20,162,450
04/03/2000,ABE,PA,AEA,EN,Towers with Radar,55,52,55,2,164,0,3,12,0,15,55,55,67,2,179,36,0,36,215
04/04/2000,ABE,PA,AEA,EN,Towers with Radar,66,73,65,5,209,0,5,7,0,12,66,78,72,5,221,18,14,32,253
04/05/2000,ABE,PA,AEA,EN,Towers with Radar,57,72,43,0,172,0,1,54,0,55,57,73,97,0,227,36,0,36,263
04/06/2000,ABE,PA,AEA,EN,Towers with Radar,73,58,58,2,191,0,10,49,1,60,73,68,107,3,251,75,0,75,326
04/07/2000,ABE,PA,AEA,EN,Towers with Radar,61,71,103,0,235,0,5,102,0,107,61,76,205,0,342,143,0,143,485
04/08/2000,ABE,PA,AEA,EN,Towers with Radar,51,45,42,0,138,0,0,52,0,52,51,45,94,0,190,46,0,46,236
04/09/2000,ABE,PA,AEA,EN,Towers with Radar,54,38,43,0,135,0,0,18,1,19,54,38,61,1,154,5,16,21,175
04/10/2000,ABE,PA,AEA,EN,Towers with Radar,50,51,33,4,138,0,2,63,1,66,50,53,96,5,204,85,6,91,295
04/11/2000,ABE,PA,AEA,EN,Towers with Radar,65,53,58,11,187,0,3,21,0,24,65,56,79,11,211,10,0,10,221
04/12/2000,ABE,PA,AEA,EN,Towers with Radar,60,69,32,14,175,0,0,45,1,46,60,69,77,15,221,48,14,62,283
04/13/2000,ABE,PA,AEA,EN,Towers with Radar,64,60,67,11,202,0,0,99,0,99,64,60,166,11,301,197,0,197,498
04/14/2000,ABE,PA,AEA,EN,Towers with Radar,54,52,88,0,194,0,1,126,0,127,54,53,214,0,321,138,0,138,459
04/15/2000,ABE,PA,AEA,EN,Towers with Radar,55,42,64,5,166,0,1,10,1,12,55,43,74,6,178,0,0,0,178
04/16/2000,ABE,PA,AEA,EN,Towers with Radar,55,47,108,0,210,0,0,27,0,27,55,47,135,0,237,34,0,34,271
04/17/2000,ABE,PA,AEA,EN,Towers with Radar,49,53,85,7,194,0,0,4,1,5,49,53,89,8,199,14,16,30,229
04/18/2000,ABE,PA,AEA,EN,Towers with Radar,66,45,72,0,183,0,0,2,0,2,66,45,74,0,185,14,0,14,199
04/19/2000,ABE,PA,AEA,EN,Towers with Radar,69,58,72,4,203,0,0,0,0,0,69,58,72,4,203,72,6,78,281
04/20/2000,ABE,PA,AEA,EN,Towers with Radar,61,52,80,9,202,0,0,81,0,81,61,52,161,9,283,141,33,174,457
04/21/2000,ABE,PA,AEA,EN,Towers with Radar,61,59,17,0,137,0,3,3,0,6,61,62,20,0,143,39,0,39,182
04/22/2000,ABE,PA,AEA,EN,Towers with Radar,53,51,90,0,194,0,0,8,0,8,53,51,98,0,202,132,0,132,334
04/23/2000,ABE,PA,AEA,EN,Towers with Radar,46,41,22,1,110,0,0,10,0,10,46,41,32,1,120,12,0,12,132
04/24/2000,ABE,PA,AEA,EN,Towers with Radar,48,45,66,2,161,0,0,116,0,116,48,45,182,2,277,191,4,195,472
04/25/2000,ABE,PA,AEA,EN,Towers with Radar,63,46,86,39,234,0,2,95,7,104,63,48,181,46,338,84,44,128,466
04/26/2000,ABE,PA,AEA,EN,Towers with Radar,64,58,73,13,208,0,1,68,1,70,64,59,141,14,278,125,8,133,411
04/27/2000,ABE,PA,AEA,EN,Towers with Radar,55,55,88,6,204,0,1,5,0,6,55,56,93,6,210,31,2,33,243
04/28/2000,ABE,PA,AEA,EN,Towers with Radar,62,56,88,0,206,0,0,26,0,26,62,56,114,0,232,35,0,35,267
04/29/2000,ABE,PA,AEA,EN,Towers with Radar,57,49,63,0,169,0,3,105,0,108,57,52,168,0,277,117,0,117,394
04/30/2000,ABE,PA,AEA,EN,Towers with Radar,49,42,42,0,133,0,6,59,0,65,49,48,101,0,198,28,0,28,226
05/01/2000,ABE,PA,AEA,EN,Towers with Radar,47,53,61,0,161,1,0,62,0,63,48,53,123,0,224,74,0,74,298
05/02/2000,ABE,PA,AEA,EN,Towers with Radar,59,56,60,0,175,1,1,70,0,72,60,57,130,0,247,40,2,42,289
05/03/2000,ABE,PA,AEA,EN,Towers with Radar,58,58,70,15,201,1,0,126,0,127,59,58,196,15,328,79,0,79,407
05/04/2000,ABE,PA,AEA,EN,Towers with Radar,51,58,114,16,239,1,0,135,0,136,52,58,249,16,375,42,0,42,417
05/05/2000,ABE,PA,AEA,EN,Towers with Radar,58,60,55,2,175,1,0,101,2,104,59,60,156,4,279,77,0,77,356
05/06/2000,ABE,PA,AEA,EN,Towers with Radar,56,43,35,0,134,1,78,14,0,93,57,121,49,0,227,176,0,176,403
05/07/2000,ABE,PA,AEA,EN,Towers with Radar,47,42,45,1,135,1,0,75,0,76,48,42,120,1,211,86,0,86,297
05/08/2000,ABE,PA,AEA,EN,Towers with Radar,44,51,92,6,193,0,3,135,2,140,44,54,227,8,333,82,0,82,415
05/09/2000,ABE,PA,AEA,EN,Towers with Radar,55,56,95,3,209,1,2,126,0,129,56,58,221,3,338,92,0,92,430
05/10/2000,ABE,PA,AEA,EN,Towers with Radar,52,37,58,8,155,0,0,18,3,21,52,37,76,11,176,14,0,14,190
05/11/2000,ABE,PA,AEA,EN,Towers with Radar,61,65,123,0,249,0,2,145,0,147,61,67,268,0,396,134,0,134,530
05/12/2000,ABE,PA,AEA,EN,Towers with Radar,60,64,132,0,256,0,1,132,0,133,60,65,264,0,389,83,0,83,472
05/13/2000,ABE,PA,AEA,EN,Towers with Radar,50,35,73,2,160,0,0,39,0,39,50,35,112,2,199,101,0,101,300
05/14/2000,ABE,PA,AEA,EN,Towers with Radar,55,45,29,0,129,0,0,83,0,83,55,45,112,0,212,42,0,42,254
05/15/2000,ABE,PA,AEA,EN,Towers with Radar,45,48,50,9,152,0,1,97,0,98,45,49,147,9,250,140,2,142,392
05/16/2000,ABE,PA,AEA,EN,Towers with Radar,67,55,127,0,249,0,1,152,0,153,67,56,279,0,402,216,17,233,635
05/17/2000,ABE,PA,AEA,EN,Towers with Radar,61,56,116,23,256,0,0,119,2,121,61,56,235,25,377,192,52,244,621
05/18/2000,ABE,PA,AEA,EN,Towers with Radar,63,52,82,4,201,0,0,28,0,28,63,52,110,4,229,20,4,24,253
05/19/2000,ABE,PA,AEA,EN,Towers with Radar,51,56,59,0,166,0,0,0,0,0,51,56,59,0,166,0,0,0,166
05/20/2000,ABE,PA,AEA,EN,Towers with Radar,49,54,74,0,177,0,0,0,0,0,49,54,74,0,177,0,0,0,177
05/21/2000,ABE,PA,AEA,EN,Towers with Radar,45,38,169,2,254,0,0,2,0,2,45,38,171,2,256,24,0,24,280
05/22/2000,ABE,PA,AEA,EN,Towers with Radar,47,46,119,7,219,0,0,0,0,0,47,46,119,7,219,0,0,0,219
05/23/2000,ABE,PA,AEA,EN,Towers with Radar,64,53,187,17,321,0,0,6,0,6,64,53,193,17,327,54,2,56,383
05/24/2000,ABE,PA,AEA,EN,Towers with Radar,60,56,67,0,183,0,0,37,0,37,60,56,104,0,220,38,0,38,258
05/25/2000,ABE,PA,AEA,EN,Towers with Radar,55,57,94,24,230,0,0,95,0,95,55,57,189,24,325,119,12,131,456
05/26/2000,ABE,PA,AEA,EN,Towers with Radar,53,46,126,4,229,0,4,179,6,189,53,50,305,10,418,135,0,135,553
05/27/2000,ABE,PA,AEA,EN,Towers with Radar,61,48,122,0,231,0,0,176,0,176,61,48,298,0,407,94,0,94,501
05/28/2000,ABE,PA,AEA,EN,Towers with Radar,43,32,46,1,122,0,0,134,0,134,43,32,180,1,256,174,8,182,438
05/29/2000,ABE,PA,AEA,EN,Towers with Radar,47,33,63,0,143,0,0,85,0,85,47,33,148,0,228,90,0,90,318
05/30/2000,ABE,PA,AEA,EN,Towers with Radar,50,55,114,10,229,0,0,74,2,76,50,55,188,12,305,88,4,92,397
05/31/2000,ABE,PA,AEA,EN,Towers with Radar,61,56,101,6,224,2,2,159,10,173,63,58,260,16,397,136,0,136,533
06/01/2000,ABE,PA,AEA,EN,Towers with Radar,69,49,95,10,223,0,0,83,0,83,69,49,178,10,306,155,5,160,466
06/02/2000,ABE,PA,AEA,EN,Towers with Radar,45,45,86,0,176,0,6,61,0,67,45,51,147,0,243,75,0,75,318
06/03/2000,ABE,PA,AEA,EN,Towers with Radar,54,40,43,0,137,0,0,101,0,101,54,40,144,0,238,115,0,115,353
06/04/2000,ABE,PA,AEA,EN,Towers with Radar,48,33,117,3,201,0,10,168,0,178,48,43,285,3,379,204,0,204,583
06/05/2000,ABE,PA,AEA,EN,Towers with Radar,52,50,78,2,182,0,0,43,2,45,52,50,121,4,227,65,0,65,292
06/06/2000,ABE,PA,AEA,EN,Towers with Radar,66,55,75,3,199,0,0,0,0,0,66,55,75,3,199,40,0,40,239
06/07/2000,ABE,PA,AEA,EN,Towers with Radar,63,58,104,7,232,0,1,88,0,89,63,59,192,7,321,90,0,90,411
06/08/2000,ABE,PA,AEA,EN,Towers with Radar,60,60,86,14,220,0,2,139,0,141,60,62,225,14,361,120,24,144,505
06/09/2000,ABE,PA,AEA,EN,Towers with Radar,57,54,109,10,230,0,0,148,0,148,57,54,257,10,378,145,14,159,537
06/10/2000,ABE,PA,AEA,EN,Towers with Radar,56,43,85,19,203,0,1,149,0,150,56,44,234,19,353,104,24,128,481
06/11/2000,ABE,PA,AEA,EN,Towers with Radar,48,34,67,9,158,0,0,68,10,78,48,34,135,19,236,50,2,52,288
06/12/2000,ABE,PA,AEA,EN,Towers with Radar,45,44,103,0,192,0,1,14,0,15,45,45,117,0,207,5,0,5,212
06/13/2000,ABE,PA,AEA,EN,Towers with Radar,55,51,132,13,251,0,0,0,0,0,55,51,132,13,251,2,0,2,253
06/14/2000,ABE,PA,AEA,EN,Towers with Radar,62,57,74,3,196,0,0,0,0,0,62,57,74,3,196,4,0,4,200
06/15/2000,ABE,PA,AEA,EN,Towers with Radar,56,51,106,0,213,0,0,9,0,9,56,51,115,0,222,0,0,0,222
06/16/2000,ABE,PA,AEA,EN,Towers with Radar,53,58,84,7,202,0,0,31,0,31,53,58,115,7,233,38,0,38,271
06/17/2000,ABE,PA,AEA,EN,Towers with Radar,58,46,83,0,187,0,0,79,0,79,58,46,162,0,266,111,0,111,377
06/18/2000,ABE,PA,AEA,EN,Towers with Radar,49,31,117,0,197,0,1,12,0,13,49,32,129,0,210,0,2,2,212
06/19/2000,ABE,PA,AEA,EN,Towers with Radar,55,63,138,2,258,0,2,104,0,106,55,65,242,2,364,102,0,102,466
06/20/2000,ABE,PA,AEA,EN,Towers with Radar,60,53,115,0,228,0,2,235,0,237,60,55,350,0,465,152,0,152,617
06/21/2000,ABE,PA,AEA,EN,Towers with Radar,61,43,68,16,188,0,1,61,0,62,61,44,129,16,250,94,0,94,344
06/22/2000,ABE,PA,AEA,EN,Towers with Radar,71,55,82,1,209,0,3,83,0,86,71,58,165,1,295,73,0,73,368
06/23/2000,ABE,PA,AEA,EN,Towers with Radar,58,55,83,0,196,0,0,143,0,143,58,55,226,0,339,158,0,158,497
06/24/2000,ABE,PA,AEA,EN,Towers with Radar,54,45,98,7,204,0,1,165,0,166,54,46,263,7,370,208,0,208,578
06/25/2000,ABE,PA,AEA,EN,Towers with Radar,42,35,71,6,154,0,1,106,0,107,42,36,177,6,261,96,0,96,357
06/26/2000,ABE,PA,AEA,EN,Towers with Radar,49,53,74,1,177,0,0,33,0,33,49,53,107,1,210,52,0,52,262
06/27/2000,ABE,PA,AEA,EN,Towers with Radar,56,57,81,9,203,0,0,45,0,45,56,57,126,9,248,54,0,54,302
06/28/2000,ABE,PA,AEA,EN,Towers with Radar,67,54,167,16,304,0,0,128,0,128,67,54,295,16,432,51,10,61,493
06/29/2000,ABE,PA,AEA,EN,Towers with Radar,76,56,96,28,256,0,0,59,0,59,76,56,155,28,315,38,34,72,387
06/30/2000,ABE,PA,AEA,EN,Towers with Radar,64,64,170,0,298,0,0,214,0,214,64,64,384,0,512,0,0,0,512
07/01/2000,ABE,PA,AEA,EN,Towers with Radar,50,45,77,0,172,0,1,173,0,174,50,46,250,0,346,76,0,76,422
07/02/2000,ABE,PA,AEA,EN,Towers with Radar,49,50,75,0,174,0,0,129,0,129,49,50,204,0,303,90,0,90,393
07/03/2000,ABE,PA,AEA,EN,Towers with Radar,43,33,122,4,202,0,1,114,0,115,43,34,236,4,317,98,4,102,419
07/04/2000,ABE,PA,AEA,EN,Towers with Radar,44,38,33,0,115,0,0,22,0,22,44,38,55,0,137,21,0,21,158
07/05/2000,ABE,PA,AEA,EN,Towers with Radar,48,50,67,6,171,0,1,114,2,117,48,51,181,8,288,103,8,111,399
07/06/2000,ABE,PA,AEA,EN,Towers with Radar,47,43,88,6,184,18,15,136,12,181,65,58,224,18,365,144,2,146,511
07/07/2000,ABE,PA,AEA,EN,Towers with Radar,63,55,74,8,200,0,0,124,0,124,63,55,198,8,324,138,10,148,472
07/08/2000,ABE,PA,AEA,EN,Towers with Radar,53,41,78,0,172,0,0,157,0,157,53,41,235,0,329,160,0,160,489
07/09/2000,ABE,PA,AEA,EN,Towers with Radar,42,44,70,1,157,0,0,108,0,108,42,44,178,1,265,152,2,154,419
07/10/2000,ABE,PA,AEA,EN,Towers with Radar,43,48,94,10,195,0,1,56,2,59,43,49,150,12,254,125,4,129,383
07/11/2000,ABE,PA,AEA,EN,Towers with Radar,62,49,90,3,204,0,0,119,0,119,62,49,209,3,323,55,2,57,380
07/12/2000,ABE,PA,AEA,EN,Towers with Radar,63,53,70,8,194,0,12,142,2,156,63,65,212,10,350,132,6,138,488
07/13/2000,ABE,PA,AEA,EN,Towers with Radar,60,59,116,14,249,0,1,142,3,146,60,60,258,17,395,172,40,212,607
07/14/2000,ABE,PA,AEA,EN,Towers with Radar,59,40,109,0,208,0,0,48,0,48,59,40,157,0,256,130,3,133,389
07/15/2000,ABE,PA,AEA,EN,Towers with Radar,68,37,100,0,205,0,0,10,0,10,68,37,110,0,215,6,0,6,221
07/16/2000,ABE,PA,AEA,EN,Towers with Radar,56,43,168,0,267,0,2,40,0,42,56,45,208,0,309,41,0,41,350
07/17/2000,ABE,PA,AEA,EN,Towers with Radar,45,54,115,0,214,0,0,36,0,36,45,54,151,0,250,40,0,40,290
07/18/2000,ABE,PA,AEA,EN,Towers with Radar,60,60,98,33,251,0,1,118,4,123,60,61,216,37,374,70,44,114,488
07/19/2000,ABE,PA,AEA,EN,Towers with Radar,60,55,135,12,262,0,1,66,0,67,60,56,201,12,329,66,0,66,395
07/20/2000,ABE,PA,AEA,EN,Towers with Radar,61,68,129,27,285,0,0,121,0,121,61,68,250,27,406,65,22,87,493
07/21/2000,ABE,PA,AEA,EN,Towers with Radar,58,59,57,0,174,0,0,108,0,108,58,59,165,0,282,184,0,184,466
07/22/2000,ABE,PA,AEA,EN,Towers with Radar,56,51,135,0,242,0,0,129,0,129,56,51,264,0,371,116,0,116,487
07/23/2000,ABE,PA,AEA,EN,Towers with Radar,45,46,49,0,140,0,0,152,0,152,45,46,201,0,292,137,0,137,429
07/24/2000,ABE,PA,AEA,EN,Towers with Radar,49,52,116,43,260,0,0,90,0,90,49,52,206,43,350,101,16,117,467
07/25/2000,ABE,PA,AEA,EN,Towers with Radar,58,56,158,38,310,0,0,100,0,100,58,56,258,38,410,77,6,83,493
07/26/2000,ABE,PA,AEA,EN,Towers with Radar,62,61,106,0,229,0,0,18,0,18,62,61,124,0,247,36,0,36,283
07/27/2000,ABE,PA,AEA,EN,Towers with Radar,64,58,232,0,354,0,0,8,0,8,64,58,240,0,362,104,0,104,466
07/28/2000,ABE,PA,AEA,EN,Towers with Radar,50,61,171,7,289,0,0,59,0,59,50,61,230,7,348,134,0,134,482
07/29/2000,ABE,PA,AEA,EN,Towers with Radar,56,45,170,0,271,0,0,13,0,13,56,45,183,0,284,28,0,28,312
07/30/2000,ABE,PA,AEA,EN,Towers with Radar,46,36,85,0,167,0,0,4,0,4,46,36,89,0,171,2,0,2,173
07/31/2000,ABE,PA,AEA,EN,Towers with Radar,47,50,70,9,176,0,0,9,0,9,47,50,79,9,185,18,6,24,209
08/01/2000,ABE,PA,AEA,EN,Towers with Radar,0,37,94,0,131,57,12,0,0,69,57,49,94,0,200,0,0,0,200
08/02/2000,ABE,PA,AEA,EN,Towers with Radar,59,47,149,0,255,0,0,40,0,40,59,47,189,0,295,62,0,62,357
08/03/2000,ABE,PA,AEA,EN,Towers with Radar,32,50,70,16,168,27,0,2,1,30,59,50,72,17,198,34,2,36,234
08/04/2000,ABE,PA,AEA,EN,Towers with Radar,61,60,108,0,229,0,2,110,0,112,61,62,218,0,341,132,2,134,475
08/05/2000,ABE,PA,AEA,EN,Towers with Radar,0,50,70,3,123,51,0,159,1,211,51,50,229,4,334,127,10,137,471
08/06/2000,ABE,PA,AEA,EN,Towers with Radar,0,41,70,0,111,45,0,21,0,66,45,41,91,0,177,100,0,100,277
08/07/2000,ABE,PA,AEA,EN,Towers with Radar,19,46,72,0,137,26,0,53,0,79,45,46,125,0,216,84,0,84,300
08/08/2000,ABE,PA,AEA,EN,Towers with Radar,51,48,102,9,210,15,3,115,1,134,66,51,217,10,344,153,12,165,509
08/09/2000,ABE,PA,AEA,EN,Towers with Radar,62,56,70,19,207,0,0,59,3,62,62,56,129,22,269,116,0,116,385
08/10/2000,ABE,PA,AEA,EN,Towers with Radar,52,57,93,6,208,16,2,149,2,169,68,59,242,8,377,145,2,147,524
08/11/2000,ABE,PA,AEA,EN,Towers with Radar,57,65,92,24,238,0,0,101,3,104,57,65,193,27,342,74,22,96,438
08/12/2000,ABE,PA,AEA,EN,Towers with Radar,50,42,70,0,162,9,0,16,0,25,59,42,86,0,187,56,0,56,243
08/13/2000,ABE,PA,AEA,EN,Towers with Radar,49,39,110,0,198,0,0,70,0,70,49,39,180,0,268,176,0,176,444
08/14/2000,ABE,PA,AEA,EN,Towers with Radar,38,49,107,0,194,2,0,37,0,39,40,49,144,0,233,24,0,24,257
08/15/2000,ABE,PA,AEA,EN,Towers with Radar,63,56,168,8,295,0,0,131,0,131,63,56,299,8,426,143,0,143,569
08/16/2000,ABE,PA,AEA,EN,Towers with Radar,64,53,143,0,260,6,0,151,0,157,70,53,294,0,417,146,0,146,563
08/17/2000,ABE,PA,AEA,EN,Towers with Radar,65,58,167,3,293,0,0,229,0,229,65,58,396,3,522,165,0,165,687
08/18/2000,ABE,PA,AEA,EN,Towers with Radar,59,52,99,0,210,0,0,29,0,29,59,52,128,0,239,15,0,15,254
08/19/2000,ABE,PA,AEA,EN,Towers with Radar,8,40,90,0,138,42,0,149,0,191,50,40,239,0,329,151,0,151,480
08/20/2000,ABE,PA,AEA,EN,Towers with Radar,0,43,89,0,132,54,0,168,1,223,54,43,257,1,355,183,0,183,538
08/21/2000,ABE,PA,AEA,EN,Towers with Radar,0,54,141,0,195,44,0,169,0,213,44,54,310,0,408,192,0,192,600
08/22/2000,ABE,PA,AEA,EN,Towers with Radar,47,53,155,1,256,16,1,179,0,196,63,54,334,1,452,134,22,156,608
08/23/2000,ABE,PA,AEA,EN,Towers with Radar,63,51,161,5,280,0,0,53,0,53,63,51,214,5,333,22,0,22,355
08/24/2000,ABE,PA,AEA,EN,Towers with Radar,60,51,116,0,227,0,0,72,0,72,60,51,188,0,299,69,0,69,368
08/25/2000,ABE,PA,AEA,EN,Towers with Radar,44,50,98,2,194,16,0,179,0,195,60,50,277,2,389,178,0,178,567
08/26/2000,ABE,PA,AEA,EN,Towers with Radar,0,43,80,1,124,55,1,150,0,206,55,44,230,1,330,170,18,188,518
08/27/2000,ABE,PA,AEA,EN,Towers with Radar,44,37,69,0,150,0,0,72,0,72,44,37,141,0,222,137,0,137,359
08/28/2000,ABE,PA,AEA,EN,Towers with Radar,47,55,114,13,229,0,0,25,0,25,47,55,139,13,254,42,4,46,300
08/29/2000,ABE,PA,AEA,EN,Towers with Radar,60,52,260,5,377,0,1,27,0,28,60,53,287,5,405,41,2,43,448
08/30/2000,ABE,PA,AEA,EN,Towers with Radar,63,56,145,46,310,0,0,46,0,46,63,56,191,46,356,110,22,132,488
08/31/2000,ABE,PA,AEA,EN,Towers with Radar,69,60,73,1,203,0,0,49,0,49,69,60,122,1,252,82,0,82,334
09/01/2000,ABE,PA,AEA,EN,Towers with Radar,60,49,90,0,199,2,0,8,0,10,62,49,98,0,209,0,0,0,209
09/02/2000,ABE,PA,AEA,EN,Towers with Radar,49,39,108,0,196,1,0,14,0,15,50,39,122,0,211,13,0,13,224
09/03/2000,ABE,PA,AEA,EN,Towers with Radar,45,32,49,0,126,1,0,13,0,14,46,32,62,0,140,6,0,6,146
09/04/2000,ABE,PA,AEA,EN,Towers with Radar,57,46,47,0,150,1,0,30,0,31,58,46,77,0,181,0,0,0,181
09/05/2000,ABE,PA,AEA,EN,Towers with Radar,54,59,157,5,275,1,0,137,1,139,55,59,294,6,414,132,0,132,546
09/06/2000,ABE,PA,AEA,EN,Towers with Radar,63,50,128,49,290,1,0,183,1,185,64,50,311,50,475,90,20,110,585
09/07/2000,ABE,PA,AEA,EN,Towers with Radar,58,47,132,11,248,1,0,191,1,193,59,47,323,12,441,130,0,130,571
09/08/2000,ABE,PA,AEA,EN,Towers with Radar,61,49,113,3,226,1,0,149,1,151,62,49,262,4,377,142,4,146,523
09/09/2000,ABE,PA,AEA,EN,Towers with Radar,54,43,56,0,153,2,2,86,2,92,56,45,142,2,245,132,0,132,377
09/10/2000,ABE,PA,AEA,EN,Towers with Radar,51,36,184,15,286,1,0,63,1,65,52,36,247,16,351,88,0,88,439
09/11/2000,ABE,PA,AEA,EN,Towers with Radar,39,50,121,0,210,2,1,62,0,65,41,51,183,0,275,99,0,99,374
09/12/2000,ABE,PA,AEA,EN,Towers with Radar,61,45,96,21,223,1,4,44,1,50,62,49,140,22,273,106,4,110,383
09/13/2000,ABE,PA,AEA,EN,Towers with Radar,67,46,97,11,221,0,2,103,6,111,67,48,200,17,332,142,8,150,482
09/14/2000,ABE,PA,AEA,EN,Towers with Radar,64,50,106,11,231,0,1,157,3,161,64,51,263,14,392,138,18,156,548
09/15/2000,ABE,PA,AEA,EN,Towers with Radar,62,47,73,0,182,1,1,62,0,64,63,48,135,0,246,164,0,164,410
09/16/2000,ABE,PA,AEA,EN,Towers with Radar,52,43,84,0,179,1,2,210,9,222,53,45,294,9,401,149,0,149,550
09/17/2000,ABE,PA,AEA,EN,Towers with Radar,44,38,63,4,149,0,0,167,1,168,44,38,230,5,317,149,4,153,470
09/18/2000,ABE,PA,AEA,EN,Towers with Radar,47,47,70,12,176,0,4,146,1,151,47,51,216,13,327,139,14,153,480
09/19/2000,ABE,PA,AEA,EN,Towers with Radar,62,47,92,3,204,0,0,7,1,8,62,47,99,4,212,24,0,24,236
09/20/2000,ABE,PA,AEA,EN,Towers with Radar,61,50,93,9,213,0,0,128,1,129,61,50,221,10,342,125,18,143,485
09/21/2000,ABE,PA,AEA,EN,Towers with Radar,65,51,35,0,151,1,1,58,0,60,66,52,93,0,211,70,8,78,289
09/22/2000,ABE,PA,AEA,EN,Towers with Radar,57,45,95,0,197,5,11,134,0,150,62,56,229,0,347,111,0,111,458
09/23/2000,ABE,PA,AEA,EN,Towers with Radar,49,48,80,0,177,1,0,10,0,11,50,48,90,0,188,0,0,0,188
09/24/2000,ABE,PA,AEA,EN,Towers with Radar,46,38,94,0,178,0,0,42,0,42,46,38,136,0,220,64,0,64,284
09/25/2000,ABE,PA,AEA,EN,Towers with Radar,44,48,99,6,197,0,0,109,5,114,44,48,208,11,311,89,18,107,418
09/26/2000,ABE,PA,AEA,EN,Towers with Radar,66,50,80,14,210,0,0,5,1,6,66,50,85,15,216,8,0,8,224
09/27/2000,ABE,PA,AEA,EN,Towers with Radar,63,49,79,20,211,0,0,141,1,142,63,49,220,21,353,175,28,203,556
09/28/2000,ABE,PA,AEA,EN,Towers with Radar,65,50,109,0,224,0,0,132,0,132,65,50,241,0,356,128,0,128,484
09/29/2000,ABE,PA,AEA,EN,Towers with Radar,55,53,111,4,223,1,0,203,0,204,56,53,314,4,427,168,2,170,597
09/30/2000,ABE,PA,AEA,EN,Towers with Radar,60,39,94,11,204,1,2,178,0,181,61,41,272,11,385,142,8,150,535
10/01/2000,ABE,PA,AEA,EN,Towers with Radar,48,41,115,0,204,0,3,73,0,76,48,44,188,0,280,90,0,90,370
10/02/2000,ABE,PA,AEA,EN,Towers with Radar,45,39,93,0,177,0,1,73,1,75,45,40,166,1,252,71,0,71,323
10/03/2000,ABE,PA,AEA,EN,Towers with Radar,66,49,76,16,207,0,0,79,0,79,66,49,155,16,286,136,6,142,428
10/04/2000,ABE,PA,AEA,EN,Towers with Radar,61,57,95,2,215,0,0,85,2,87,61,57,180,4,302,50,0,50,352
10/05/2000,ABE,PA,AEA,EN,Towers with Radar,64,53,123,1,241,0,0,8,0,8,64,53,131,1,249,63,2,65,314
10/06/2000,ABE,PA,AEA,EN,Towers with Radar,67,59,114,7,247,0,0,13,0,13,67,59,127,7,260,28,1,29,289
10/07/2000,ABE,PA,AEA,EN,Towers with Radar,52,41,98,0,191,0,0,157,0,157,52,41,255,0,348,203,0,203,551
10/08/2000,ABE,PA,AEA,EN,Towers with Radar,47,38,62,0,147,0,0,133,0,133,47,38,195,0,280,162,0,162,442
10/09/2000,ABE,PA,AEA,EN,Towers with Radar,49,43,78,0,170,0,0,61,0,61,49,43,139,0,231,68,0,68,299
10/10/2000,ABE,PA,AEA,EN,Towers with Radar,61,52,68,0,181,0,0,99,0,99,61,52,167,0,280,76,0,76,356
10/11/2000,ABE,PA,AEA,EN,Towers with Radar,67,59,85,15,226,0,1,93,0,94,67,60,178,15,320,120,20,140,460
10/12/2000,ABE,PA,AEA,EN,Towers with Radar,66,51,86,6,209,0,1,167,1,169,66,52,253,7,378,145,0,145,523
10/13/2000,ABE,PA,AEA,EN,Towers with Radar,63,52,66,4,185,0,1,132,0,133,63,53,198,4,318,90,0,90,408
10/14/2000,ABE,PA,AEA,EN,Towers with Radar,43,34,62,4,143,7,0,202,6,215,50,34,264,10,358,108,6,114,472
10/15/2000,ABE,PA,AEA,EN,Towers with Radar,48,35,73,30,186,0,0,168,0,168,48,35,241,30,354,82,0,82,436
10/16/2000,ABE,PA,AEA,EN,Towers with Radar,47,48,82,0,177,0,0,4,0,4,47,48,86,0,181,0,0,0,181
10/17/2000,ABE,PA,AEA,EN,Towers with Radar,60,47,110,0,217,0,0,0,0,0,60,47,110,0,217,0,0,0,217
10/18/2000,ABE,PA,AEA,EN,Towers with Radar,67,54,113,1,235,0,0,14,0,14,67,54,127,1,249,6,0,6,255
10/19/2000,ABE,PA,AEA,EN,Towers with Radar,61,50,89,2,202,0,4,92,2,98,61,54,181,4,300,88,0,88,388
10/20/2000,ABE,PA,AEA,EN,Towers with Radar,60,56,102,0,218,0,2,157,2,161,60,58,259,2,379,132,0,132,511
10/21/2000,ABE,PA,AEA,EN,Towers with Radar,49,40,65,0,154,0,1,94,0,95,49,41,159,0,249,60,0,60,309
10/22/2000,ABE,PA,AEA,EN,Towers with Radar,49,34,53,3,139,0,0,136,1,137,49,34,189,4,276,121,0,121,397
10/23/2000,ABE,PA,AEA,EN,Towers with Radar,52,51,80,0,183,0,4,116,0,120,52,55,196,0,303,136,0,136,439
10/24/2000,ABE,PA,AEA,EN,Towers with Radar,65,47,115,0,227,0,3,144,0,147,65,50,259,0,374,140,0,140,514
10/25/2000,ABE,PA,AEA,EN,Towers with Radar,63,49,71,5,188,0,8,120,0,128,63,57,191,5,316,113,14,127,443
10/26/2000,ABE,PA,AEA,EN,Towers with Radar,71,54,115,41,281,0,3,96,0,99,71,57,211,41,380,124,10,134,514
10/27/2000,ABE,PA,AEA,EN,Towers with Radar,59,48,72,18,197,0,0,82,2,84,59,48,154,20,281,68,0,68,349
10/28/2000,ABE,PA,AEA,EN,Towers with Radar,56,39,16,3,114,0,0,36,0,36,56,39,52,3,150,18,0,18,168
10/29/2000,ABE,PA,AEA,EN,Towers with Radar,46,36,24,0,106,0,0,57,0,57,46,36,81,0,163,24,0,24,187
10/30/2000,ABE,PA,AEA,EN,Towers with Radar,48,53,63,7,171,0,1,90,0,91,48,54,153,7,262,34,0,34,296
10/31/2000,ABE,PA,AEA,EN,Towers with Radar,60,55,77,6,198,0,0,117,1,118,60,55,194,7,316,70,8,78,394
11/01/2000,ABE,PA,AEA,EN,Towers with Radar,55,56,72,18,201,0,2,109,3,114,55,58,181,21,315,32,2,34,349
11/02/2000,ABE,PA,AEA,EN,Towers with Radar,61,60,123,11,255,0,5,121,2,128,61,65,244,13,383,152,26,178,561
11/03/2000,ABE,PA,AEA,EN,Towers with Radar,54,51,85,0,190,0,1,140,0,141,54,52,225,0,331,52,0,52,383
11/04/2000,ABE,PA,AEA,EN,Towers with Radar,58,38,102,0,198,0,1,149,0,150,58,39,251,0,348,156,0,156,504
11/05/2000,ABE,PA,AEA,EN,Towers with Radar,48,35,26,19,128,0,2,38,0,40,48,37,64,19,168,30,16,46,214
11/06/2000,ABE,PA,AEA,EN,Towers with Radar,38,48,81,7,174,0,1,92,0,93,38,49,173,7,267,78,8,86,353
11/07/2000,ABE,PA,AEA,EN,Towers with Radar,61,51,73,11,196,0,4,100,0,104,61,55,173,11,300,123,12,135,435
11/08/2000,ABE,PA,AEA,EN,Towers with Radar,63,49,97,9,218,0,1,88,1,90,63,50,185,10,308,45,0,45,353
11/09/2000,ABE,PA,AEA,EN,Towers with Radar,58,49,128,9,244,0,0,23,1,24,58,49,151,10,268,12,8,20,288
11/10/2000,ABE,PA,AEA,EN,Towers with Radar,59,51,79,0,189,0,1,23,0,24,59,52,102,0,213,16,0,16,229
11/11/2000,ABE,PA,AEA,EN,Towers with Radar,51,53,66,0,170,0,0,25,0,25,51,53,91,0,195,36,0,36,231
11/12/2000,ABE,PA,AEA,EN,Towers with Radar,46,38,121,0,205,0,0,167,0,167,46,38,288,0,372,135,0,135,507
11/13/2000,ABE,PA,AEA,EN,Towers with Radar,58,47,135,0,240,0,0,39,0,39,58,47,174,0,279,57,0,57,336
11/14/2000,ABE,PA,AEA,EN,Towers with Radar,65,58,123,11,257,0,0,24,1,25,65,58,147,12,282,16,2,18,300
11/15/2000,ABE,PA,AEA,EN,Towers with Radar,70,52,65,0,187,0,0,77,0,77,70,52,142,0,264,103,0,103,367
11/16/2000,ABE,PA,AEA,EN,Towers with Radar,63,56,103,15,237,0,0,137,1,138,63,56,240,16,375,161,4,165,540
11/17/2000,ABE,PA,AEA,EN,Towers with Radar,54,48,73,0,175,0,0,82,0,82,54,48,155,0,257,122,0,122,379
11/18/2000,ABE,PA,AEA,EN,Towers with Radar,53,45,83,0,181,0,0,130,0,130,53,45,213,0,311,140,0,140,451
11/19/2000,ABE,PA,AEA,EN,Towers with Radar,56,39,73,0,168,0,0,141,0,141,56,39,214,0,309,164,0,164,473
11/20/2000,ABE,PA,AEA,EN,Towers with Radar,47,57,95,0,199,0,0,56,0,56,47,57,151,0,255,51,0,51,306
11/21/2000,ABE,PA,AEA,EN,Towers with Radar,68,52,95,28,243,0,0,74,1,75,68,52,169,29,318,140,6,146,464
11/22/2000,ABE,PA,AEA,EN,Towers with Radar,69,57,62,6,194,0,0,51,1,52,69,57,113,7,246,14,0,14,260
11/23/2000,ABE,PA,AEA,EN,Towers with Radar,28,24,46,0,98,26,5,7,0,38,54,29,53,0,136,14,0,14,150
11/24/2000,ABE,PA,AEA,EN,Towers with Radar,44,34,98,0,176,0,0,139,0,139,44,34,237,0,315,128,0,128,443
11/25/2000,ABE,PA,AEA,EN,Towers with Radar,50,37,92,0,179,0,0,213,0,213,50,37,305,0,392,134,0,134,526
11/26/2000,ABE,PA,AEA,EN,Towers with Radar,59,45,52,0,156,0,0,3,0,3,59,45,55,0,159,0,0,0,159
11/27/2000,ABE,PA,AEA,EN,Towers with Radar,45,57,76,25,203,0,0,48,1,49,45,57,124,26,252,14,18,32,284
11/28/2000,ABE,PA,AEA,EN,Towers with Radar,71,53,96,7,227,0,0,95,1,96,71,53,191,8,323,97,4,101,424
11/29/2000,ABE,PA,AEA,EN,Towers with Radar,66,59,150,12,287,0,0,83,0,83,66,59,233,12,370,118,8,126,496
11/30/2000,ABE,PA,AEA,EN,Towers with Radar,63,55,75,3,196,0,0,24,0,24,63,55,99,3,220,88,6,94,314
12/01/2000,ABE,PA,AEA,EN,Towers with Radar,59,58,76,1,194,1,0,114,0,115,60,58,190,1,309,70,0,70,379
12/02/2000,ABE,PA,AEA,EN,Towers with Radar,60,40,89,0,189,1,1,169,0,171,61,41,258,0,360,176,2,178,538
12/03/2000,ABE,PA,AEA,EN,Towers with Radar,50,42,85,0,177,1,5,151,0,157,51,47,236,0,334,101,0,101,435
12/04/2000,ABE,PA,AEA,EN,Towers with Radar,51,52,72,3,178,0,2,113,0,115,51,54,185,3,293,129,8,137,430
12/05/2000,ABE,PA,AEA,EN,Towers with Radar,57,53,78,19,207,0,10,91,1,102,57,63,169,20,309,42,6,48,357
12/06/2000,ABE,PA,AEA,EN,Towers with Radar,64,58,111,0,233,1,10,123,0,134,65,68,234,0,367,69,0,69,436
12/07/2000,ABE,PA,AEA,EN,Towers with Radar,67,60,83,1,211,0,5,94,0,99,67,65,177,1,310,72,14,86,396
12/08/2000,ABE,PA,AEA,EN,Towers with Radar,63,55,49,6,173,0,0,76,2,78,63,55,125,8,251,62,6,68,319
12/09/2000,ABE,PA,AEA,EN,Towers with Radar,50,42,95,0,187,1,2,181,0,184,51,44,276,0,371,159,0,159,530
12/10/2000,ABE,PA,AEA,EN,Towers with Radar,52,43,122,12,229,0,0,115,1,116,52,43,237,13,345,119,2,121,466
12/11/2000,ABE,PA,AEA,EN,Towers with Radar,31,54,34,0,119,1,0,11,0,12,32,54,45,0,131,8,0,8,139
12/12/2000,ABE,PA,AEA,EN,Towers with Radar,63,45,37,0,145,1,2,11,0,14,64,47,48,0,159,14,0,14,173
12/13/2000,ABE,PA,AEA,EN,Towers with Radar,55,52,134,14,255,0,0,181,1,182,55,52,315,15,437,156,42,198,635
12/14/2000,ABE,PA,AEA,EN,Towers with Radar,41,32,50,16,139,0,1,15,0,16,41,33,65,16,155,12,12,24,179
12/15/2000,ABE,PA,AEA,EN,Towers with Radar,68,58,96,3,225,0,1,151,0,152,68,59,247,3,377,95,4,99,476
12/16/2000,ABE,PA,AEA,EN,Towers with Radar,51,46,28,0,125,0,4,13,0,17,51,50,41,0,142,8,0,8,150
12/17/2000,ABE,PA,AEA,EN,Towers with Radar,48,37,6,0,91,0,1,4,0,5,48,38,10,0,96,4,0,4,100
12/18/2000,ABE,PA,AEA,EN,Towers with Radar,43,60,79,0,182,0,2,99,0,101,43,62,178,0,283,99,0,99,382
12/19/2000,ABE,PA,AEA,EN,Towers with Radar,59,56,72,11,198,0,2,60,1,63,59,58,132,12,261,42,8,50,311
12/20/2000,ABE,PA,AEA,EN,Towers with Radar,62,59,67,0,188,0,3,57,0,60,62,62,124,0,248,0,86,86,334
12/21/2000,ABE,PA,AEA,EN,Towers with Radar,72,54,117,19,262,0,0,147,0,147,72,54,264,19,409,112,24,136,545
12/22/2000,ABE,PA,AEA,EN,Towers with Radar,71,44,43,0,158,0,0,35,1,36,71,44,78,1,194,28,0,28,222
12/23/2000,ABE,PA,AEA,EN,Towers with Radar,45,45,75,0,165,0,0,115,0,115,45,45,190,0,280,72,0,72,352
12/24/2000,ABE,PA,AEA,EN,Towers with Radar,40,33,35,0,108,0,1,61,0,62,40,34,96,0,170,44,0,44,214
12/25/2000,ABE,PA,AEA,EN,Towers with Radar,29,33,3,0,65,0,1,10,0,11,29,34,13,0,76,2,0,2,78
12/26/2000,ABE,PA,AEA,EN,Towers with Radar,35,43,54,0,132,0,4,88,0,92,35,47,142,0,224,88,0,88,312
12/27/2000,ABE,PA,AEA,EN,Towers with Radar,62,52,98,4,216,0,0,136,4,140,62,52,234,8,356,92,0,92,448
12/28/2000,ABE,PA,AEA,EN,Towers with Radar,68,56,60,30,214,0,0,75,4,79,68,56,135,34,293,54,0,54,347
12/29/2000,ABE,PA,AEA,EN,Towers with Radar,51,57,62,8,178,0,0,105,0,105,51,57,167,8,283,44,4,48,331
12/30/2000,ABE,PA,AEA,EN,Towers with Radar,42,17,7,0,66,0,0,3,0,3,42,17,10,0,69,8,0,8,77
12/31/2000,ABE,PA,AEA,EN,Towers with Radar,39,32,8,0,79,0,0,6,0,6,39,32,14,0,85,2,0,2,87
01/02/2001,ABE,PA,AEA,EN,Towers with Radar,38,48,70,9,165,14,1,69,29,113,52,49,139,38,278,68,8,76,354
01/03/2001,ABE,PA,AEA,EN,Towers with Radar,43,47,51,12,153,18,0,89,0,107,61,47,140,12,260,38,16,54,314
01/04/2001,ABE,PA,AEA,EN,Towers with Radar,49,57,38,13,157,18,0,43,0,61,67,57,81,13,218,64,12,76,294
01/05/2001,ABE,PA,AEA,EN,Towers with Radar,44,51,42,5,142,18,0,10,0,28,62,51,52,5,170,34,2,36,206
01/06/2001,ABE,PA,AEA,EN,Towers with Radar,31,40,40,0,111,18,0,87,0,105,49,40,127,0,216,88,0,88,304
01/07/2001,ABE,PA,AEA,EN,Towers with Radar,31,36,87,3,157,19,0,146,0,165,50,36,233,3,322,96,0,96,418
01/08/2001,ABE,PA,AEA,EN,Towers with Radar,32,48,42,15,137,19,1,11,0,31,51,49,53,15,168,22,12,34,202
01/09/2001,ABE,PA,AEA,EN,Towers with Radar,49,43,57,2,151,19,0,78,0,97,68,43,135,2,248,60,0,60,308
01/10/2001,ABE,PA,AEA,EN,Towers with Radar,44,63,99,54,260,19,0,52,0,71,63,63,151,54,331,74,0,74,405
01/11/2001,ABE,PA,AEA,EN,Towers with Radar,47,57,113,1,218,19,2,104,0,125,66,59,217,1,343,64,0,64,407
01/12/2001,ABE,PA,AEA,EN,Towers with Radar,41,58,97,11,207,19,1,146,0,166,60,59,243,11,373,193,0,193,566
01/13/2001,ABE,PA,AEA,EN,Towers with Radar,28,44,104,0,176,19,0,186,0,205,47,44,290,0,381,158,0,158,539
01/14/2001,ABE,PA,AEA,EN,Towers with Radar,25,45,102,0,172,19,0,42,0,61,44,45,144,0,233,96,0,96,329
01/15/2001,ABE,PA,AEA,EN,Towers with Radar,28,53,32,0,113,19,0,0,0,19,47,53,32,0,132,6,0,6,138
01/16/2001,ABE,PA,AEA,EN,Towers with Radar,29,43,42,14,128,19,1,57,0,77,48,44,99,14,205,58,24,82,287
01/17/2001,ABE,PA,AEA,EN,Towers with Radar,47,53,73,44,217,19,0,87,0,106,66,53,160,44,323,79,18,97,420
01/18/2001,ABE,PA,AEA,EN,Towers with Radar,44,54,90,0,188,19,0,27,0,46,63,54,117,0,234,2,0,2,236
01/19/2001,ABE,PA,AEA,EN,Towers with Radar,37,48,38,0,123,19,0,0,0,19,56,48,38,0,142,0,0,0,142
01/20/2001,ABE,PA,AEA,EN,Towers with Radar,37,36,8,0,81,19,0,1,0,20,56,36,9,0,101,0,0,0,101
01/21/2001,ABE,PA,AEA,EN,Towers with Radar,31,34,30,0,95,19,0,40,0,59,50,34,70,0,154,52,0,52,206
01/22/2001,ABE,PA,AEA,EN,Towers with Radar,33,53,47,1,134,19,0,100,0,119,52,53,147,1,253,82,18,100,353
01/23/2001,ABE,PA,AEA,EN,Towers with Radar,46,57,89,15,207,19,2,75,0,96,65,59,164,15,303,106,2,108,411
01/24/2001,ABE,PA,AEA,EN,Towers with Radar,48,59,97,19,223,19,1,97,0,117,67,60,194,19,340,80,9,89,429
01/25/2001,ABE,PA,AEA,EN,Towers with Radar,47,52,91,0,190,19,1,80,0,100,66,53,171,0,290,76,0,76,366
01/26/2001,ABE,PA,AEA,EN,Towers with Radar,40,53,117,9,219,19,0,153,0,172,59,53,270,9,391,82,10,92,483
01/27/2001,ABE,PA,AEA,EN,Towers with Radar,30,38,42,0,110,18,0,8,0,26,48,38,50,0,136,10,0,10,146
01/28/2001,ABE,PA,AEA,EN,Towers with Radar,45,40,91,2,178,0,0,139,0,139,45,40,230,2,317,69,0,69,386
01/29/2001,ABE,PA,AEA,EN,Towers with Radar,47,49,87,1,184,0,0,72,0,72,47,49,159,1,256,80,0,80,336
01/30/2001,ABE,PA,AEA,EN,Towers with Radar,59,55,66,0,180,0,0,7,0,7,59,55,73,0,187,2,0,2,189
01/31/2001,ABE,PA,AEA,EN,Towers with Radar,62,53,105,0,220,0,6,58,0,64,62,59,163,0,284,28,14,42,326
02/01/2001,ABE,PA,AEA,EN,Towers with Radar,34,53,103,4,194,24,0,112,2,138,58,53,215,6,332,126,0,126,458
02/02/2001,ABE,PA,AEA,EN,Towers with Radar,20,56,72,7,155,24,0,51,0,75,44,56,123,7,230,58,0,58,288
02/03/2001,ABE,PA,AEA,EN,Towers with Radar,25,45,101,17,188,24,0,114,1,139,49,45,215,18,327,79,6,85,412
02/04/2001,ABE,PA,AEA,EN,Towers with Radar,26,34,127,0,187,24,2,193,0,219,50,36,320,0,406,156,4,160,566
02/05/2001,ABE,PA,AEA,EN,Towers with Radar,5,39,10,0,54,24,0,3,0,27,29,39,13,0,81,0,0,0,81
02/06/2001,ABE,PA,AEA,EN,Towers with Radar,31,43,46,0,120,24,2,44,0,70,55,45,90,0,190,66,0,66,256
02/07/2001,ABE,PA,AEA,EN,Towers with Radar,43,53,95,18,209,24,0,123,0,147,67,53,218,18,356,98,12,110,466
02/08/2001,ABE,PA,AEA,EN,Towers with Radar,45,57,101,13,216,24,0,92,0,116,69,57,193,13,332,87,0,87,419
02/09/2001,ABE,PA,AEA,EN,Towers with Radar,39,55,123,2,219,24,0,58,2,84,63,55,181,4,303,62,0,62,365
02/10/2001,ABE,PA,AEA,EN,Towers with Radar,39,40,34,7,120,24,0,26,6,56,63,40,60,13,176,2,3,5,181
02/11/2001,ABE,PA,AEA,EN,Towers with Radar,32,35,94,0,161,24,1,133,0,158,56,36,227,0,319,137,0,137,456
02/12/2001,ABE,PA,AEA,EN,Towers with Radar,30,49,102,0,181,24,0,131,0,155,54,49,233,0,336,84,0,84,420
02/13/2001,ABE,PA,AEA,EN,Towers with Radar,47,53,156,0,256,24,0,150,0,174,71,53,306,0,430,160,0,160,590
02/14/2001,ABE,PA,AEA,EN,Towers with Radar,47,48,106,4,205,24,0,4,0,28,71,48,110,4,233,4,0,4,237
02/15/2001,ABE,PA,AEA,EN,Towers with Radar,48,53,76,16,193,24,0,47,0,71,72,53,123,16,264,85,14,99,363
02/16/2001,ABE,PA,AEA,EN,Towers with Radar,33,50,52,0,135,23,22,8,0,53,56,72,60,0,188,12,0,12,200
02/17/2001,ABE,PA,AEA,EN,Towers with Radar,29,38,27,0,94,23,0,25,0,48,52,38,52,0,142,14,0,14,156
02/18/2001,ABE,PA,AEA,EN,Towers with Radar,31,34,64,0,129,23,2,149,0,174,54,36,213,0,303,174,0,174,477
02/19/2001,ABE,PA,AEA,EN,Towers with Radar,28,54,72,0,154,23,1,114,0,138,51,55,186,0,292,84,0,84,376
02/20/2001,ABE,PA,AEA,EN,Towers with Radar,45,60,44,3,152,23,0,80,0,103,68,60,124,3,255,128,4,132,387
02/21/2001,ABE,PA,AEA,EN,Towers with Radar,37,56,38,0,131,23,1,63,0,87,60,57,101,0,218,60,0,60,278
02/22/2001,ABE,PA,AEA,EN,Towers with Radar,41,44,74,1,160,23,1,63,2,89,64,45,137,3,249,6,0,6,255
02/23/2001,ABE,PA,AEA,EN,Towers with Radar,44,53,56,13,166,23,1,59,0,83,67,54,115,13,249,76,0,76,325
02/24/2001,ABE,PA,AEA,EN,Towers with Radar,55,41,106,0,202,0,2,162,0,164,55,43,268,0,366,206,0,206,572
02/25/2001,ABE,PA,AEA,EN,Towers with Radar,49,25,23,0,97,0,0,3,0,3,49,25,26,0,100,0,0,0,100
02/26/2001,ABE,PA,AEA,EN,Towers with Radar,42,46,55,2,145,0,0,63,0,63,42,46,118,2,208,20,3,23,231
02/27/2001,ABE,PA,AEA,EN,Towers with Radar,61,52,82,6,201,0,2,89,1,92,61,54,171,7,293,48,2,50,343
02/28/2001,ABE,PA,AEA,EN,Towers with Radar,73,46,57,18,194,0,0,78,0,78,73,46,135,18,272,46,22,68,340
03/01/2001,ABE,PA,AEA,EN,Towers with Radar,59,46,67,21,193,1,0,80,2,83,60,46,147,23,276,124,30,154,430
03/02/2001,ABE,PA,AEA,EN,Towers with Radar,68,43,71,9,191,1,0,49,1,51,69,43,120,10,242,48,18,66,308
03/03/2001,ABE,PA,AEA,EN,Towers with Radar,54,41,135,0,230,1,0,156,0,157,55,41,291,0,387,157,0,157,544
03/04/2001,ABE,PA,AEA,EN,Towers with Radar,51,26,25,0,102,1,0,13,0,14,52,26,38,0,116,0,0,0,116
03/05/2001,ABE,PA,AEA,EN,Towers with Radar,10,15,8,0,33,1,0,2,0,3,11,15,10,0,36,0,0,0,36
03/06/2001,ABE,PA,AEA,EN,Towers with Radar,48,36,24,0,108,1,0,4,0,5,49,36,28,0,113,2,0,2,115
03/07/2001,ABE,PA,AEA,EN,Towers with Radar,65,50,68,14,197,1,0,102,1,104,66,50,170,15,301,84,22,106,407
03/08/2001,ABE,PA,AEA,EN,Towers with Radar,63,53,109,14,239,1,0,91,1,93,64,53,200,15,332,74,18,92,424
03/09/2001,ABE,PA,AEA,EN,Towers with Radar,64,53,39,11,167,1,3,33,0,37,65,56,72,11,204,114,10,124,328
03/10/2001,ABE,PA,AEA,EN,Towers with Radar,55,42,71,0,168,1,0,129,0,130,56,42,200,0,298,94,0,94,392
03/11/2001,ABE,PA,AEA,EN,Towers with Radar,53,40,86,8,187,1,0,156,6,163,54,40,242,14,350,168,8,176,526
03/12/2001,ABE,PA,AEA,EN,Towers with Radar,51,52,61,2,166,1,1,121,0,123,52,53,182,2,289,107,0,107,396
03/13/2001,ABE,PA,AEA,EN,Towers with Radar,60,58,70,11,199,1,0,4,0,5,61,58,74,11,204,4,0,4,208
03/14/2001,ABE,PA,AEA,EN,Towers with Radar,64,54,32,6,156,1,0,44,0,45,65,54,76,6,201,76,0,76,277
03/15/2001,ABE,PA,AEA,EN,Towers with Radar,61,53,116,19,249,1,0,129,0,130,62,53,245,19,379,72,10,82,461
03/16/2001,ABE,PA,AEA,EN,Towers with Radar,58,58,85,2,203,1,0,61,0,62,59,58,146,2,265,44,0,44,309
03/17/2001,ABE,PA,AEA,EN,Towers with Radar,48,47,82,1,178,1,0,2,0,3,49,47,84,1,181,6,0,6,187
03/18/2001,ABE,PA,AEA,EN,Towers with Radar,54,50,62,2,168,1,0,75,0,76,55,50,137,2,244,34,0,34,278
03/19/2001,ABE,PA,AEA,EN,Towers with Radar,48,56,60,0,164,1,0,107,0,108,49,56,167,0,272,101,0,101,373
03/20/2001,ABE,PA,AEA,EN,Towers with Radar,58,48,87,8,201,1,1,147,0,149,59,49,234,8,350,110,0,110,460
03/21/2001,ABE,PA,AEA,EN,Towers with Radar,51,44,48,0,143,12,10,0,0,22,63,54,48,0,165,24,0,24,189
03/22/2001,ABE,PA,AEA,EN,Towers with Radar,63,46,40,0,149,1,0,6,0,7,64,46,46,0,156,0,0,0,156
03/23/2001,ABE,PA,AEA,EN,Towers with Radar,65,47,42,10,164,1,3,59,4,67,66,50,101,14,231,12,0,12,243
03/24/2001,ABE,PA,AEA,EN,Towers with Radar,48,49,71,0,168,0,2,61,0,63,48,51,132,0,231,28,0,28,259
03/25/2001,ABE,PA,AEA,EN,Towers with Radar,45,39,90,0,174,0,1,131,0,132,45,40,221,0,306,170,0,170,476
03/26/2001,ABE,PA,AEA,EN,Towers with Radar,45,52,48,10,155,0,0,43,0,43,45,52,91,10,198,18,4,22,220
03/27/2001,ABE,PA,AEA,EN,Towers with Radar,53,53,111,13,230,0,0,128,0,128,53,53,239,13,358,130,6,136,494
03/28/2001,ABE,PA,AEA,EN,Towers with Radar,54,45,121,3,223,0,4,152,6,162,54,49,273,9,385,120,8,128,513
03/29/2001,ABE,PA,AEA,EN,Towers with Radar,52,58,71,37,218,0,2,52,1,55,52,60,123,38,273,100,22,122,395
03/30/2001,ABE,PA,AEA,EN,Towers with Radar,60,59,61,0,180,0,0,5,0,5,60,59,66,0,185,0,0,0,185
03/31/2001,ABE,PA,AEA,EN,Towers with Radar,44,44,172,1,261,0,0,100,1,101,44,44,272,2,362,151,0,151,513
04/01/2001,ABE,PA,AEA,EN,Towers with Radar,25,38,72,0,135,25,0,47,0,72,50,38,119,0,207,187,0,187,394
04/02/2001,ABE,PA,AEA,EN,Towers with Radar,48,48,88,0,184,0,0,52,0,52,48,48,140,0,236,110,6,116,352
04/03/2001,ABE,PA,AEA,EN,Towers with Radar,56,50,134,43,283,0,0,110,9,119,56,50,244,52,402,177,40,217,619
04/04/2001,ABE,PA,AEA,EN,Towers with Radar,54,48,72,4,178,0,0,112,10,122,54,48,184,14,300,53,10,63,363
04/05/2001,ABE,PA,AEA,EN,Towers with Radar,56,52,100,4,212,0,0,185,4,189,56,52,285,8,401,122,0,122,523
04/06/2001,ABE,PA,AEA,EN,Towers with Radar,57,50,101,0,208,0,0,43,0,43,57,50,144,0,251,4,0,4,255
04/07/2001,ABE,PA,AEA,EN,Towers with Radar,46,39,146,27,258,0,0,17,9,26,46,39,163,36,284,46,8,54,338
04/08/2001,ABE,PA,AEA,EN,Towers with Radar,31,34,98,0,163,11,0,4,0,15,42,34,102,0,178,0,0,0,178
04/09/2001,ABE,PA,AEA,EN,Towers with Radar,40,41,135,4,220,0,0,80,4,84,40,41,215,8,304,116,0,116,420
04/10/2001,ABE,PA,AEA,EN,Towers with Radar,55,51,117,5,228,0,0,134,3,137,55,51,251,8,365,122,0,122,487
04/11/2001,ABE,PA,AEA,EN,Towers with Radar,58,44,110,8,220,0,0,13,7,20,58,44,123,15,240,16,0,16,256
04/12/2001,ABE,PA,AEA,EN,Towers with Radar,52,52,79,5,188,0,0,5,7,12,52,52,84,12,200,58,0,58,258
04/13/2001,ABE,PA,AEA,EN,Towers with Radar,46,47,80,9,182,0,5,97,7,109,46,52,177,16,291,66,31,97,388
04/14/2001,ABE,PA,AEA,EN,Towers with Radar,0,43,110,0,153,44,0,200,0,244,44,43,310,0,397,204,0,204,601
04/15/2001,ABE,PA,AEA,EN,Towers with Radar,0,35,72,0,107,35,0,51,0,86,35,35,123,0,193,32,0,32,225
04/16/2001,ABE,PA,AEA,EN,Towers with Radar,44,52,109,0,205,0,0,63,0,63,44,52,172,0,268,92,0,92,360
04/17/2001,ABE,PA,AEA,EN,Towers with Radar,56,52,72,16,196,0,0,33,18,51,56,52,105,34,247,28,8,36,283
04/18/2001,ABE,PA,AEA,EN,Towers with Radar,50,55,89,4,198,0,0,68,3,71,50,55,157,7,269,120,0,120,389
04/19/2001,ABE,PA,AEA,EN,Towers with Radar,59,48,90,3,200,0,0,133,0,133,59,48,223,3,333,140,6,146,479
04/20/2001,ABE,PA,AEA,EN,Towers with Radar,47,50,95,2,194,12,0,140,0,152,59,50,235,2,346,120,0,120,466
04/21/2001,ABE,PA,AEA,EN,Towers with Radar,40,38,72,0,150,3,2,51,0,56,43,40,123,0,206,53,0,53,259
04/22/2001,ABE,PA,AEA,EN,Towers with Radar,6,41,94,0,141,36,0,104,0,140,42,41,198,0,281,98,0,98,379
04/23/2001,ABE,PA,AEA,EN,Towers with Radar,44,48,95,0,187,0,0,116,0,116,44,48,211,0,303,140,0,140,443
04/24/2001,ABE,PA,AEA,EN,Towers with Radar,42,53,72,1,168,15,0,72,0,87,57,53,144,1,255,84,0,84,339
04/25/2001,ABE,PA,AEA,EN,Towers with Radar,55,60,104,0,219,0,1,135,0,136,55,61,239,0,355,56,0,56,411
04/26/2001,ABE,PA,AEA,EN,Towers with Radar,54,47,92,1,194,0,5,112,0,117,54,52,204,1,311,126,16,142,453
04/27/2001,ABE,PA,AEA,EN,Towers with Radar,48,53,72,0,173,7,2,127,0,136,55,55,199,0,309,120,0,120,429
04/28/2001,ABE,PA,AEA,EN,Towers with Radar,0,38,72,0,110,47,7,119,0,173,47,45,191,0,283,0,86,86,369
04/29/2001,ABE,PA,AEA,EN,Towers with Radar,0,35,92,0,127,40,0,201,0,241,40,35,293,0,368,114,0,114,482
04/30/2001,ABE,PA,AEA,EN,Towers with Radar,10,50,72,0,132,32,0,132,0,164,42,50,204,0,296,164,0,164,460
05/01/2001,ABE,PA,AEA,EN,Towers with Radar,54,54,139,0,247,0,1,201,0,202,54,55,340,0,449,158,0,158,607
05/02/2001,ABE,PA,AEA,EN,Towers with Radar,55,51,70,0,176,0,1,129,0,130,55,52,199,0,306,70,0,70,376
05/03/2001,ABE,PA,AEA,EN,Towers with Radar,54,56,89,0,199,0,0,130,0,130,54,56,219,0,329,168,0,168,497
05/04/2001,ABE,PA,AEA,EN,Towers with Radar,54,54,126,2,236,0,0,131,0,131,54,54,257,2,367,63,0,63,430
05/05/2001,ABE,PA,AEA,EN,Towers with Radar,46,38,86,0,170,0,1,124,0,125,46,39,210,0,295,130,0,130,425
05/06/2001,ABE,PA,AEA,EN,Towers with Radar,50,47,97,0,194,0,0,152,0,152,50,47,249,0,346,104,0,104,450
05/07/2001,ABE,PA,AEA,EN,Towers with Radar,45,51,92,3,191,0,1,143,0,144,45,52,235,3,335,65,0,65,400
05/08/2001,ABE,PA,AEA,EN,Towers with Radar,49,55,178,33,315,0,0,107,0,107,49,55,285,33,422,65,14,79,501
05/09/2001,ABE,PA,AEA,EN,Towers with Radar,57,53,125,10,245,0,6,128,4,138,57,59,253,14,383,110,1,111,494
05/10/2001,ABE,PA,AEA,EN,Towers with Radar,52,54,66,6,178,0,1,130,1,132,52,55,196,7,310,152,10,162,472
05/11/2001,ABE,PA,AEA,EN,Towers with Radar,52,54,92,3,201,0,4,173,4,181,52,58,265,7,382,192,0,192,574
05/12/2001,ABE,PA,AEA,EN,Towers with Radar,45,39,65,0,149,0,8,61,0,69,45,47,126,0,218,127,0,127,345
05/13/2001,ABE,PA,AEA,EN,Towers with Radar,46,33,46,0,125,0,1,77,0,78,46,34,123,0,203,96,0,96,299
05/14/2001,ABE,PA,AEA,EN,Towers with Radar,38,57,86,8,189,0,2,121,4,127,38,59,207,12,316,94,0,94,410
05/15/2001,ABE,PA,AEA,EN,Towers with Radar,49,56,94,11,210,0,4,113,0,117,49,60,207,11,327,107,2,109,436
05/16/2001,ABE,PA,AEA,EN,Towers with Radar,53,54,118,9,234,0,0,123,0,123,53,54,241,9,357,119,30,149,506
05/17/2001,ABE,PA,AEA,EN,Towers with Radar,54,53,157,23,287,0,0,35,0,35,54,53,192,23,322,167,0,167,489
05/18/2001,ABE,PA,AEA,EN,Towers with Radar,57,50,216,11,334,0,0,5,0,5,57,50,221,11,339,30,0,30,369
05/19/2001,ABE,PA,AEA,EN,Towers with Radar,45,49,111,0,205,0,0,68,0,68,45,49,179,0,273,133,2,135,408
05/20/2001,ABE,PA,AEA,EN,Towers with Radar,46,40,177,0,263,0,0,66,0,66,46,40,243,0,329,47,0,47,376
05/21/2001,ABE,PA,AEA,EN,Towers with Radar,40,43,97,0,180,0,0,4,0,4,40,43,101,0,184,2,0,2,186
05/22/2001,ABE,PA,AEA,EN,Towers with Radar,54,55,155,24,288,0,0,4,0,4,54,55,159,24,292,0,0,0,292
05/23/2001,ABE,PA,AEA,EN,Towers with Radar,53,51,184,32,320,0,2,52,0,54,53,53,236,32,374,70,6,76,450
05/24/2001,ABE,PA,AEA,EN,Towers with Radar,51,63,242,26,382,0,1,147,0,148,51,64,389,26,530,227,0,227,757
05/25/2001,ABE,PA,AEA,EN,Towers with Radar,55,50,194,0,299,0,2,29,0,31,55,52,223,0,330,44,0,44,374
05/26/2001,ABE,PA,AEA,EN,Towers with Radar,45,46,77,0,168,0,0,0,0,0,45,46,77,0,168,0,0,0,168
05/27/2001,ABE,PA,AEA,EN,Towers with Radar,41,36,94,0,171,0,0,13,0,13,41,36,107,0,184,22,0,22,206
05/28/2001,ABE,PA,AEA,EN,Towers with Radar,37,40,81,0,158,0,0,41,0,41,37,40,122,0,199,79,0,79,278
05/29/2001,ABE,PA,AEA,EN,Towers with Radar,43,54,38,11,146,0,2,59,0,61,43,56,97,11,207,74,20,94,301
05/30/2001,ABE,PA,AEA,EN,Towers with Radar,59,55,107,0,221,0,2,120,0,122,59,57,227,0,343,112,0,112,455
05/31/2001,ABE,PA,AEA,EN,Towers with Radar,44,54,84,1,183,0,0,165,0,165,44,54,249,1,348,169,0,169,517
06/01/2001,ABE,PA,AEA,EN,Towers with Radar,53,55,128,48,284,0,0,99,0,99,53,55,227,48,383,90,24,114,497
06/02/2001,ABE,PA,AEA,EN,Towers with Radar,47,45,163,32,287,0,0,52,0,52,47,45,215,32,339,78,4,82,421
06/03/2001,ABE,PA,AEA,EN,Towers with Radar,44,44,137,8,233,0,0,107,0,107,44,44,244,8,340,72,2,74,414
06/04/2001,ABE,PA,AEA,EN,Towers with Radar,41,47,60,0,148,0,0,99,0,99,41,47,159,0,247,147,0,147,394
06/05/2001,ABE,PA,AEA,EN,Towers with Radar,46,54,146,0,246,0,0,159,0,159,46,54,305,0,405,148,0,148,553
06/06/2001,ABE,PA,AEA,EN,Towers with Radar,50,59,111,13,233,0,0,146,0,146,50,59,257,13,379,108,0,108,487
06/07/2001,ABE,PA,AEA,EN,Towers with Radar,53,57,134,11,255,5,25,173,10,213,58,82,307,21,468,162,8,170,638
06/08/2001,ABE,PA,AEA,EN,Towers with Radar,48,50,139,3,240,0,1,155,0,156,48,51,294,3,396,143,0,143,539
06/09/2001,ABE,PA,AEA,EN,Towers with Radar,46,46,103,0,195,0,0,194,0,194,46,46,297,0,389,78,0,78,467
06/10/2001,ABE,PA,AEA,EN,Towers with Radar,41,39,141,5,226,0,5,163,7,175,41,44,304,12,401,86,2,88,489
06/11/2001,ABE,PA,AEA,EN,Towers with Radar,42,58,61,0,161,0,0,74,0,74,42,58,135,0,235,122,0,122,357
06/12/2001,ABE,PA,AEA,EN,Towers with Radar,49,56,118,15,238,0,0,125,0,125,49,56,243,15,363,126,4,130,493
06/13/2001,ABE,PA,AEA,EN,Towers with Radar,59,53,169,47,328,0,0,80,6,86,59,53,249,53,414,82,6,88,502
06/14/2001,ABE,PA,AEA,EN,Towers with Radar,53,51,195,38,337,0,1,58,0,59,53,52,253,38,396,90,12,102,498
06/15/2001,ABE,PA,AEA,EN,Towers with Radar,44,46,128,0,218,0,0,64,1,65,44,46,192,1,283,94,2,96,379
06/16/2001,ABE,PA,AEA,EN,Towers with Radar,48,39,128,0,215,0,0,11,0,11,48,39,139,0,226,38,0,38,264
06/17/2001,ABE,PA,AEA,EN,Towers with Radar,38,37,86,0,161,0,0,87,0,87,38,37,173,0,248,116,0,116,364
06/18/2001,ABE,PA,AEA,EN,Towers with Radar,37,56,102,9,204,0,0,141,0,141,37,56,243,9,345,82,10,92,437
06/19/2001,ABE,PA,AEA,EN,Towers with Radar,53,53,77,0,183,0,12,144,0,156,53,65,221,0,339,138,0,138,477
06/20/2001,ABE,PA,AEA,EN,Towers with Radar,53,47,130,0,230,0,0,127,0,127,53,47,257,0,357,104,0,104,461
06/21/2001,ABE,PA,AEA,EN,Towers with Radar,54,47,127,0,228,0,0,25,0,25,54,47,152,0,253,68,0,68,321
06/22/2001,ABE,PA,AEA,EN,Towers with Radar,45,42,102,7,196,0,0,13,0,13,45,42,115,7,209,12,8,20,229
06/23/2001,ABE,PA,AEA,EN,Towers with Radar,68,46,61,0,175,0,0,9,0,9,68,46,70,0,184,4,0,4,188
06/24/2001,ABE,PA,AEA,EN,Towers with Radar,37,35,165,2,239,0,0,132,0,132,37,35,297,2,371,138,0,138,509
06/25/2001,ABE,PA,AEA,EN,Towers with Radar,38,52,108,2,200,0,0,175,3,178,38,52,283,5,378,111,6,117,495
06/26/2001,ABE,PA,AEA,EN,Towers with Radar,46,52,137,19,254,0,0,209,1,210,46,52,346,20,464,134,2,136,600
06/27/2001,ABE,PA,AEA,EN,Towers with Radar,55,55,131,5,246,0,0,170,0,170,55,55,301,5,416,104,16,120,536
06/28/2001,ABE,PA,AEA,EN,Towers with Radar,55,63,124,0,242,0,4,126,0,130,55,67,250,0,372,145,4,149,521
06/29/2001,ABE,PA,AEA,EN,Towers with Radar,51,61,124,0,236,0,0,111,0,111,51,61,235,0,347,136,0,136,483
06/30/2001,ABE,PA,AEA,EN,Towers with Radar,47,42,113,0,202,0,1,56,0,57,47,43,169,0,259,48,0,48,307
07/01/2001,ABE,PA,AEA,EN,Towers with Radar,41,30,78,0,149,0,0,46,0,46,41,30,124,0,195,8,0,8,203
07/02/2001,ABE,PA,AEA,EN,Towers with Radar,43,37,81,0,161,0,0,116,0,116,43,37,197,0,277,110,0,110,387
07/03/2001,ABE,PA,AEA,EN,Towers with Radar,48,52,114,10,224,0,0,161,0,161,48,52,275,10,385,207,18,225,610
07/04/2001,ABE,PA,AEA,EN,Towers with Radar,38,40,101,0,179,0,0,19,0,19,38,40,120,0,198,24,0,24,222
07/05/2001,ABE,PA,AEA,EN,Towers with Radar,42,51,92,0,185,0,0,54,0,54,42,51,146,0,239,94,4,98,337
07/06/2001,ABE,PA,AEA,EN,Towers with Radar,55,58,122,20,255,0,1,158,3,162,55,59,280,23,417,108,20,128,545
07/07/2001,ABE,PA,AEA,EN,Towers with Radar,45,38,57,0,140,0,3,142,0,145,45,41,199,0,285,60,0,60,345
07/08/2001,ABE,PA,AEA,EN,Towers with Radar,43,36,174,2,255,0,0,18,0,18,43,36,192,2,273,44,0,44,317
07/09/2001,ABE,PA,AEA,EN,Towers with Radar,46,52,89,1,188,0,0,99,1,100,46,52,188,2,288,84,2,86,374
07/10/2001,ABE,PA,AEA,EN,Towers with Radar,54,50,45,0,149,0,0,76,0,76,54,50,121,0,225,111,0,111,336
07/11/2001,ABE,PA,AEA,EN,Towers with Radar,49,87,120,13,269,0,0,102,0,102,49,87,222,13,371,44,0,44,415
07/12/2001,ABE,PA,AEA,EN,Towers with Radar,57,131,116,0,304,0,1,165,0,166,57,132,281,0,470,162,2,164,634
07/13/2001,ABE,PA,AEA,EN,Towers with Radar,49,99,136,0,284,0,0,133,0,133,49,99,269,0,417,230,0,230,647
07/14/2001,ABE,PA,AEA,EN,Towers with Radar,54,40,84,0,178,0,1,141,0,142,54,41,225,0,320,108,0,108,428
07/15/2001,ABE,PA,AEA,EN,Towers with Radar,46,32,96,9,183,0,1,124,0,125,46,33,220,9,308,98,0,98,406
07/16/2001,ABE,PA,AEA,EN,Towers with Radar,46,55,134,3,238,0,0,152,2,154,46,55,286,5,392,107,10,117,509
07/17/2001,ABE,PA,AEA,EN,Towers with Radar,49,52,133,3,237,0,0,106,3,109,49,52,239,6,346,58,0,58,404
07/18/2001,ABE,PA,AEA,EN,Towers with Radar,54,56,139,13,262,0,0,64,0,64,54,56,203,13,326,102,0,102,428
07/19/2001,ABE,PA,AEA,EN,Towers with Radar,57,55,76,0,188,0,0,81,0,81,57,55,157,0,269,118,0,118,387
07/20/2001,ABE,PA,AEA,EN,Towers with Radar,55,49,104,1,209,0,0,125,0,125,55,49,229,1,334,126,8,134,468
07/21/2001,ABE,PA,AEA,EN,Towers with Radar,51,36,69,1,157,0,0,162,0,162,51,36,231,1,319,140,8,148,467
07/22/2001,ABE,PA,AEA,EN,Towers with Radar,44,44,64,2,154,0,0,156,1,157,44,44,220,3,311,121,0,121,432
07/23/2001,ABE,PA,AEA,EN,Towers with Radar,48,61,73,11,193,0,0,84,0,84,48,61,157,11,277,117,16,133,410
07/24/2001,ABE,PA,AEA,EN,Towers with Radar,53,55,132,4,244,0,1,80,0,81,53,56,212,4,325,116,0,116,441
07/25/2001,ABE,PA,AEA,EN,Towers with Radar,59,61,91,2,213,0,0,102,0,102,59,61,193,2,315,70,0,70,385
07/26/2001,ABE,PA,AEA,EN,Towers with Radar,67,50,109,18,244,0,0,27,0,27,67,50,136,18,271,70,37,107,378
07/27/2001,ABE,PA,AEA,EN,Towers with Radar,62,57,78,12,209,0,0,138,0,138,62,57,216,12,347,138,0,138,485
07/28/2001,ABE,PA,AEA,EN,Towers with Radar,54,41,74,6,175,0,1,172,0,173,54,42,246,6,348,142,4,146,494
07/29/2001,ABE,PA,AEA,EN,Towers with Radar,53,34,132,10,229,0,0,90,1,91,53,34,222,11,320,144,22,166,486
07/30/2001,ABE,PA,AEA,EN,Towers with Radar,51,55,56,16,178,0,0,74,0,74,51,55,130,16,252,84,32,116,368
07/31/2001,ABE,PA,AEA,EN,Towers with Radar,53,55,85,9,202,0,1,116,2,119,53,56,201,11,321,80,8,88,409
08/01/2001,ABE,PA,AEA,EN,Towers with Radar,63,56,74,0,193,0,2,131,0,133,63,58,205,0,326,116,0,116,442
08/02/2001,ABE,PA,AEA,EN,Towers with Radar,56,50,80,28,214,0,1,106,0,107,56,51,186,28,321,104,28,132,453
08/03/2001,ABE,PA,AEA,EN,Towers with Radar,63,57,61,1,182,0,2,61,0,63,63,59,122,1,245,20,0,20,265
08/04/2001,ABE,PA,AEA,EN,Towers with Radar,48,41,82,3,174,0,0,9,0,9,48,41,91,3,183,62,2,64,247
08/05/2001,ABE,PA,AEA,EN,Towers with Radar,51,36,126,3,216,0,0,86,0,86,51,36,212,3,302,98,0,98,400
08/06/2001,ABE,PA,AEA,EN,Towers with Radar,47,53,136,0,236,0,1,102,0,103,47,54,238,0,339,120,0,120,459
08/07/2001,ABE,PA,AEA,EN,Towers with Radar,57,58,145,0,260,0,0,148,0,148,57,58,293,0,408,80,0,80,488
08/08/2001,ABE,PA,AEA,EN,Towers with Radar,64,63,157,28,312,0,0,155,4,159,64,63,312,32,471,180,30,210,681
08/09/2001,ABE,PA,AEA,EN,Towers with Radar,65,58,104,12,239,0,0,117,4,121,65,58,221,16,360,132,8,140,500
08/10/2001,ABE,PA,AEA,EN,Towers with Radar,59,53,66,1,179,0,0,51,0,51,59,53,117,1,230,38,2,40,270
08/11/2001,ABE,PA,AEA,EN,Towers with Radar,51,42,48,15,156,0,0,19,0,19,51,42,67,15,175,24,8,32,207
08/12/2001,ABE,PA,AEA,EN,Towers with Radar,45,31,113,0,189,0,1,2,0,3,45,32,115,0,192,12,0,12,204
08/13/2001,ABE,PA,AEA,EN,Towers with Radar,59,54,158,0,271,0,0,21,0,21,59,54,179,0,292,88,10,98,390
08/14/2001,ABE,PA,AEA,EN,Towers with Radar,66,54,108,10,238,0,0,122,1,123,66,54,230,11,361,40,6,46,407
08/15/2001,ABE,PA,AEA,EN,Towers with Radar,65,52,157,17,291,0,1,227,0,228,65,53,384,17,519,149,4,153,672
08/16/2001,ABE,PA,AEA,EN,Towers with Radar,59,50,121,10,240,0,5,170,0,175,59,55,291,10,415,124,8,132,547
08/17/2001,ABE,PA,AEA,EN,Towers with Radar,58,62,84,10,214,0,0,42,3,45,58,62,126,13,259,42,2,44,303
08/18/2001,ABE,PA,AEA,EN,Towers with Radar,54,47,120,0,221,0,4,197,0,201,54,51,317,0,422,143,0,143,565
08/19/2001,ABE,PA,AEA,EN,Towers with Radar,45,41,152,0,238,0,3,151,0,154,45,44,303,0,392,150,0,150,542
08/20/2001,ABE,PA,AEA,EN,Towers with Radar,54,59,62,4,179,0,0,43,0,43,54,59,105,4,222,85,2,87,309
08/21/2001,ABE,PA,AEA,EN,Towers with Radar,54,60,121,17,252,0,0,129,0,129,54,60,250,17,381,170,0,170,551
08/22/2001,ABE,PA,AEA,EN,Towers with Radar,59,62,95,27,243,0,0,179,0,179,59,62,274,27,422,212,10,222,644
08/23/2001,ABE,PA,AEA,EN,Towers with Radar,62,56,99,8,225,0,0,78,2,80,62,56,177,10,305,100,4,104,409
08/24/2001,ABE,PA,AEA,EN,Towers with Radar,56,55,126,0,237,0,0,112,1,113,56,55,238,1,350,176,0,176,526
08/25/2001,ABE,PA,AEA,EN,Towers with Radar,51,41,98,0,190,0,1,157,0,158,51,42,255,0,348,78,0,78,426
08/26/2001,ABE,PA,AEA,EN,Towers with Radar,43,40,124,18,225,0,0,231,0,231,43,40,355,18,456,134,2,136,592
08/27/2001,ABE,PA,AEA,EN,Towers with Radar,54,49,72,18,193,0,0,58,0,58,54,49,130,18,251,24,0,24,275
08/28/2001,ABE,PA,AEA,EN,Towers with Radar,53,51,63,1,168,0,0,82,0,82,53,51,145,1,250,54,0,54,304
08/29/2001,ABE,PA,AEA,EN,Towers with Radar,85,48,90,15,238,0,0,143,2,145,85,48,233,17,383,122,14,136,519
08/30/2001,ABE,PA,AEA,EN,Towers with Radar,59,55,129,0,243,0,0,97,0,97,59,55,226,0,340,58,0,58,398
08/31/2001,ABE,PA,AEA,EN,Towers with Radar,64,59,62,10,195,0,1,26,0,27,64,60,88,10,222,60,0,60,282
09/01/2001,ABE,PA,AEA,EN,Towers with Radar,64,45,92,0,201,0,6,131,0,137,64,51,223,0,338,132,0,132,470
09/02/2001,ABE,PA,AEA,EN,Towers with Radar,45,26,44,0,115,0,5,149,0,154,45,31,193,0,269,112,0,112,381
09/03/2001,ABE,PA,AEA,EN,Towers with Radar,52,37,93,0,182,0,5,163,0,168,52,42,256,0,350,116,0,116,466
09/04/2001,ABE,PA,AEA,EN,Towers with Radar,45,51,37,0,133,0,5,52,0,57,45,56,89,0,190,36,0,36,226
09/05/2001,ABE,PA,AEA,EN,Towers with Radar,66,51,59,10,186,0,5,130,1,136,66,56,189,11,322,160,6,166,488
09/06/2001,ABE,PA,AEA,EN,Towers with Radar,61,47,59,7,174,0,5,157,1,163,61,52,216,8,337,94,8,102,439
09/07/2001,ABE,PA,AEA,EN,Towers with Radar,56,46,90,0,192,0,5,143,0,148,56,51,233,0,340,118,4,122,462
09/08/2001,ABE,PA,AEA,EN,Towers with Radar,51,44,93,0,188,0,8,131,0,139,51,52,224,0,327,102,0,102,429
09/09/2001,ABE,PA,AEA,EN,Towers with Radar,44,28,68,0,140,0,5,89,0,94,44,33,157,0,234,48,0,48,282
09/10/2001,ABE,PA,AEA,EN,Towers with Radar,51,48,81,0,180,0,5,40,0,45,51,53,121,0,225,64,0,64,289
09/11/2001,ABE,PA,AEA,EN,Towers with Radar,32,18,0,0,50,0,5,22,0,27,32,23,22,0,77,0,0,0,77
09/12/2001,ABE,PA,AEA,EN,Towers with Radar,0,0,0,0,0,0,0,13,0,13,0,0,13,0,13,0,0,0,13
09/13/2001,ABE,PA,AEA,EN,Towers with Radar,2,22,0,0,24,0,7,3,0,10,2,29,3,0,34,0,0,0,34
09/14/2001,ABE,PA,AEA,EN,Towers with Radar,29,47,12,0,88,0,5,13,0,18,29,52,25,0,106,0,0,0,106
09/15/2001,ABE,PA,AEA,EN,Towers with Radar,38,37,43,0,118,0,5,18,0,23,38,42,61,0,141,0,0,0,141
09/16/2001,ABE,PA,AEA,EN,Towers with Radar,42,37,30,2,111,0,5,19,1,25,42,42,49,3,136,2,0,2,138
09/17/2001,ABE,PA,AEA,EN,Towers with Radar,39,50,37,9,135,0,5,16,0,21,39,55,53,9,156,10,0,10,166
09/18/2001,ABE,PA,AEA,EN,Towers with Radar,45,58,128,19,250,0,6,17,0,23,45,64,145,19,273,0,0,0,273
09/19/2001,ABE,PA,AEA,EN,Towers with Radar,54,50,150,0,254,0,5,16,0,21,54,55,166,0,275,4,0,4,279
09/20/2001,ABE,PA,AEA,EN,Towers with Radar,49,61,119,0,229,0,8,14,0,22,49,69,133,0,251,0,0,0,251
09/21/2001,ABE,PA,AEA,EN,Towers with Radar,58,47,193,0,298,0,5,57,0,62,58,52,250,0,360,0,0,0,360
09/22/2001,ABE,PA,AEA,EN,Towers with Radar,51,45,140,23,259,0,4,68,1,73,51,49,208,24,332,71,8,79,411
09/23/2001,ABE,PA,AEA,EN,Towers with Radar,37,42,130,1,210,0,4,143,0,147,37,46,273,1,357,36,16,52,409
09/24/2001,ABE,PA,AEA,EN,Towers with Radar,40,41,95,11,187,0,4,14,0,18,40,45,109,11,205,8,0,8,213
09/25/2001,ABE,PA,AEA,EN,Towers with Radar,53,41,141,22,257,0,4,37,0,41,53,45,178,22,298,54,6,60,358
09/26/2001,ABE,PA,AEA,EN,Towers with Radar,9,63,198,2,272,44,0,45,0,89,53,63,243,2,361,68,0,68,429
09/27/2001,ABE,PA,AEA,EN,Towers with Radar,9,57,235,1,302,46,0,6,0,52,55,57,241,1,354,128,0,128,482
09/28/2001,ABE,PA,AEA,EN,Towers with Radar,9,49,158,0,216,45,0,1,0,46,54,49,159,0,262,46,0,46,308
09/29/2001,ABE,PA,AEA,EN,Towers with Radar,9,46,147,0,202,42,0,0,0,42,51,46,147,0,244,90,0,90,334
09/30/2001,ABE,PA,AEA,EN,Towers with Radar,9,45,151,0,205,38,0,29,0,67,47,45,180,0,272,116,0,116,388
10/01/2001,ABE,PA,AEA,EN,Towers with Radar,38,45,54,6,143,0,0,68,0,68,38,45,122,6,211,86,12,98,309
10/02/2001,ABE,PA,AEA,EN,Towers with Radar,51,56,112,23,242,0,0,127,0,127,51,56,239,23,369,158,14,172,541
10/03/2001,ABE,PA,AEA,EN,Towers with Radar,59,54,81,0,194,0,0,94,0,94,59,54,175,0,288,110,0,110,398
10/04/2001,ABE,PA,AEA,EN,Towers with Radar,49,64,194,9,316,0,1,175,2,178,49,65,369,11,494,159,24,183,677
10/05/2001,ABE,PA,AEA,EN,Towers with Radar,53,61,143,0,257,0,0,149,0,149,53,61,292,0,406,116,0,116,522
10/06/2001,ABE,PA,AEA,EN,Towers with Radar,53,46,28,0,127,0,0,24,0,24,53,46,52,0,151,6,0,6,157
10/07/2001,ABE,PA,AEA,EN,Towers with Radar,48,30,98,0,176,0,2,85,0,87,48,32,183,0,263,54,0,54,317
10/08/2001,ABE,PA,AEA,EN,Towers with Radar,49,48,93,0,190,0,0,76,0,76,49,48,169,0,266,64,0,64,330
10/09/2001,ABE,PA,AEA,EN,Towers with Radar,53,49,90,5,197,0,1,129,8,138,53,50,219,13,335,136,2,138,473
10/10/2001,ABE,PA,AEA,EN,Towers with Radar,55,57,151,16,279,0,2,146,0,148,55,59,297,16,427,164,2,166,593
10/11/2001,ABE,PA,AEA,EN,Towers with Radar,51,63,135,4,253,0,0,110,0,110,51,63,245,4,363,98,0,98,461
10/12/2001,ABE,PA,AEA,EN,Towers with Radar,55,61,171,11,298,0,0,119,4,123,55,61,290,15,421,134,0,134,555
10/13/2001,ABE,PA,AEA,EN,Towers with Radar,55,42,120,0,217,0,1,137,0,138,55,43,257,0,355,190,0,190,545
10/14/2001,ABE,PA,AEA,EN,Towers with Radar,43,43,135,20,241,0,0,21,0,21,43,43,156,20,262,90,8,98,360
10/15/2001,ABE,PA,AEA,EN,Towers with Radar,44,51,126,9,230,0,1,63,0,64,44,52,189,9,294,146,0,146,440
10/16/2001,ABE,PA,AEA,EN,Towers with Radar,49,59,36,0,144,0,2,59,0,61,49,61,95,0,205,152,0,152,357
10/17/2001,ABE,PA,AEA,EN,Towers with Radar,55,68,38,27,188,0,1,23,0,24,55,69,61,27,212,0,12,12,224
10/18/2001,ABE,PA,AEA,EN,Towers with Radar,61,67,127,1,256,0,0,131,0,131,61,67,258,1,387,142,0,142,529
10/19/2001,ABE,PA,AEA,EN,Towers with Radar,54,56,101,1,212,0,0,105,0,105,54,56,206,1,317,157,1,158,475
10/20/2001,ABE,PA,AEA,EN,Towers with Radar,50,48,101,6,205,0,4,144,0,148,50,52,245,6,353,118,0,118,471
10/21/2001,ABE,PA,AEA,EN,Towers with Radar,46,32,85,8,171,0,0,121,0,121,46,32,206,8,292,140,4,144,436
10/22/2001,ABE,PA,AEA,EN,Towers with Radar,42,60,114,7,223,0,3,67,1,71,42,63,181,8,294,145,2,147,441
10/23/2001,ABE,PA,AEA,EN,Towers with Radar,45,62,140,0,247,0,5,66,0,71,45,67,206,0,318,158,0,158,476
10/24/2001,ABE,PA,AEA,EN,Towers with Radar,56,58,153,2,269,0,4,136,0,140,56,62,289,2,409,70,8,78,487
10/25/2001,ABE,PA,AEA,EN,Towers with Radar,55,50,71,0,176,0,0,40,0,40,55,50,111,0,216,58,0,58,274
10/26/2001,ABE,PA,AEA,EN,Towers with Radar,54,54,63,0,171,0,3,40,0,43,54,57,103,0,214,106,0,106,320
10/27/2001,ABE,PA,AEA,EN,Towers with Radar,55,45,91,0,191,0,1,94,0,95,55,46,185,0,286,72,0,72,358
10/28/2001,ABE,PA,AEA,EN,Towers with Radar,47,42,59,0,148,0,2,86,0,88,47,44,145,0,236,122,0,122,358
10/29/2001,ABE,PA,AEA,EN,Towers with Radar,40,61,92,0,193,0,1,148,0,149,40,62,240,0,342,162,0,162,504
10/30/2001,ABE,PA,AEA,EN,Towers with Radar,48,66,98,13,225,0,1,118,2,121,48,67,216,15,346,132,2,134,480
10/31/2001,ABE,PA,AEA,EN,Towers with Radar,57,50,123,6,236,0,0,102,0,102,57,50,225,6,338,140,10,150,488
11/01/2001,ABE,PA,AEA,EN,Towers with Radar,48,65,108,7,228,0,2,101,0,103,48,67,209,7,331,124,12,136,467
11/02/2001,ABE,PA,AEA,EN,Towers with Radar,48,55,83,0,186,0,2,74,0,76,48,57,157,0,262,92,0,92,354
11/03/2001,ABE,PA,AEA,EN,Towers with Radar,51,48,142,0,241,0,2,108,0,110,51,50,250,0,351,118,0,118,469
11/04/2001,ABE,PA,AEA,EN,Towers with Radar,39,39,103,10,191,0,1,147,0,148,39,40,250,10,339,194,28,222,561
11/05/2001,ABE,PA,AEA,EN,Towers with Radar,47,49,74,2,172,0,2,20,0,22,47,51,94,2,194,59,0,59,253
11/06/2001,ABE,PA,AEA,EN,Towers with Radar,55,60,81,14,210,0,0,88,0,88,55,60,169,14,298,130,4,134,432
11/07/2001,ABE,PA,AEA,EN,Towers with Radar,60,47,104,5,216,0,0,116,1,117,60,47,220,6,333,200,0,200,533
11/08/2001,ABE,PA,AEA,EN,Towers with Radar,61,49,65,38,213,0,0,87,0,87,61,49,152,38,300,168,20,188,488
11/09/2001,ABE,PA,AEA,EN,Towers with Radar,56,46,79,0,181,0,3,103,0,106,56,49,182,0,287,100,0,100,387
11/10/2001,ABE,PA,AEA,EN,Towers with Radar,58,34,154,0,246,0,3,163,0,166,58,37,317,0,412,202,0,202,614
11/11/2001,ABE,PA,AEA,EN,Towers with Radar,46,41,75,0,162,0,3,68,0,71,46,44,143,0,233,104,0,104,337
11/12/2001,ABE,PA,AEA,EN,Towers with Radar,48,47,88,0,183,0,1,73,0,74,48,48,161,0,257,56,0,56,313
11/13/2001,ABE,PA,AEA,EN,Towers with Radar,59,52,118,0,229,0,1,125,0,126,59,53,243,0,355,166,0,166,521
11/14/2001,ABE,PA,AEA,EN,Towers with Radar,57,55,132,3,247,0,1,172,1,174,57,56,304,4,421,99,4,103,524
11/15/2001,ABE,PA,AEA,EN,Towers with Radar,43,55,149,44,291,0,2,137,1,140,43,57,286,45,431,140,14,154,585
11/16/2001,ABE,PA,AEA,EN,Towers with Radar,48,43,100,0,191,2,0,132,0,134,50,43,232,0,325,110,0,110,435
11/17/2001,ABE,PA,AEA,EN,Towers with Radar,52,43,106,0,201,0,0,168,0,168,52,43,274,0,369,132,0,132,501
11/18/2001,ABE,PA,AEA,EN,Towers with Radar,44,38,277,0,359,0,2,57,1,60,44,40,334,1,419,86,0,86,505
11/19/2001,ABE,PA,AEA,EN,Towers with Radar,42,53,77,0,172,0,0,41,0,41,42,53,118,0,213,67,0,67,280
11/20/2001,ABE,PA,AEA,EN,Towers with Radar,60,56,63,0,179,0,4,73,3,80,60,60,136,3,259,182,0,182,441
11/21/2001,ABE,PA,AEA,EN,Towers with Radar,60,51,101,8,220,0,1,161,0,162,60,52,262,8,382,194,6,200,582
11/22/2001,ABE,PA,AEA,EN,Towers with Radar,55,36,46,0,137,0,3,71,0,74,55,39,117,0,211,60,0,60,271
11/23/2001,ABE,PA,AEA,EN,Towers with Radar,42,30,115,0,187,0,3,155,0,158,42,33,270,0,345,178,0,178,523
11/24/2001,ABE,PA,AEA,EN,Towers with Radar,52,43,153,0,248,0,0,23,0,23,52,43,176,0,271,50,0,50,321
11/25/2001,ABE,PA,AEA,EN,Towers with Radar,41,45,63,0,149,0,1,32,0,33,41,46,95,0,182,20,0,20,202
11/26/2001,ABE,PA,AEA,EN,Towers with Radar,46,44,101,0,191,0,0,84,0,84,46,44,185,0,275,128,0,128,403
11/27/2001,ABE,PA,AEA,EN,Towers with Radar,60,57,189,27,333,0,3,53,0,56,60,60,242,27,389,216,10,226,615
11/28/2001,ABE,PA,AEA,EN,Towers with Radar,68,51,67,0,186,0,0,50,0,50,68,51,117,0,236,0,0,0,236
11/29/2001,ABE,PA,AEA,EN,Towers with Radar,64,46,100,0,210,0,0,1,0,1,64,46,101,0,211,0,0,0,211
11/30/2001,ABE,PA,AEA,EN,Towers with Radar,61,49,118,4,232,0,0,2,0,2,61,49,120,4,234,2,0,2,236
12/01/2001,ABE,PA,AEA,EN,Towers with Radar,45,47,150,0,242,6,3,184,0,193,51,50,334,0,435,134,0,134,569
12/02/2001,ABE,PA,AEA,EN,Towers with Radar,37,30,133,0,200,6,2,186,0,194,43,32,319,0,394,154,2,156,550
12/03/2001,ABE,PA,AEA,EN,Towers with Radar,36,39,108,15,198,5,1,138,0,144,41,40,246,15,342,114,0,114,456
12/04/2001,ABE,PA,AEA,EN,Towers with Radar,29,51,93,8,181,5,0,124,0,129,34,51,217,8,310,191,10,201,511
12/05/2001,ABE,PA,AEA,EN,Towers with Radar,55,52,103,1,211,5,0,90,0,95,60,52,193,1,306,115,4,119,425
12/06/2001,ABE,PA,AEA,EN,Towers with Radar,43,58,103,2,206,6,3,95,1,105,49,61,198,3,311,90,6,96,407
12/07/2001,ABE,PA,AEA,EN,Towers with Radar,50,47,138,0,235,5,1,83,0,89,55,48,221,0,324,126,0,126,450
12/08/2001,ABE,PA,AEA,EN,Towers with Radar,43,33,78,0,154,6,1,42,0,49,49,34,120,0,203,80,0,80,283
12/09/2001,ABE,PA,AEA,EN,Towers with Radar,43,38,74,6,161,6,1,51,4,62,49,39,125,10,223,38,0,38,261
12/10/2001,ABE,PA,AEA,EN,Towers with Radar,35,46,68,8,157,6,2,101,0,109,41,48,169,8,266,152,8,160,426
12/11/2001,ABE,PA,AEA,EN,Towers with Radar,45,55,95,18,213,6,10,119,0,135,51,65,214,18,348,181,0,181,529
12/12/2001,ABE,PA,AEA,EN,Towers with Radar,53,46,139,26,264,6,14,28,0,48,59,60,167,26,312,168,18,186,498
12/13/2001,ABE,PA,AEA,EN,Towers with Radar,51,65,60,0,176,6,0,0,0,6,57,65,60,0,182,10,0,10,192
12/14/2001,ABE,PA,AEA,EN,Towers with Radar,45,60,75,0,180,6,0,0,0,6,51,60,75,0,186,0,0,0,186
12/15/2001,ABE,PA,AEA,EN,Towers with Radar,49,47,77,0,173,6,0,82,0,88,55,47,159,0,261,98,0,98,359
12/16/2001,ABE,PA,AEA,EN,Towers with Radar,42,30,103,0,175,6,0,188,0,194,48,30,291,0,369,126,0,126,495
12/17/2001,ABE,PA,AEA,EN,Towers with Radar,28,54,74,0,156,6,0,38,0,44,34,54,112,0,200,18,0,18,218
12/18/2001,ABE,PA,AEA,EN,Towers with Radar,54,56,88,23,221,6,0,29,0,35,60,56,117,23,256,32,6,38,294
12/19/2001,ABE,PA,AEA,EN,Towers with Radar,55,54,107,5,221,7,0,183,5,195,62,54,290,10,416,173,8,181,597
12/20/2001,ABE,PA,AEA,EN,Towers with Radar,50,47,86,0,183,5,2,51,0,58,55,49,137,0,241,38,0,38,279
12/21/2001,ABE,PA,AEA,EN,Towers with Radar,47,53,45,0,145,5,2,48,0,55,52,55,93,0,200,52,0,52,252
12/22/2001,ABE,PA,AEA,EN,Towers with Radar,43,41,103,0,187,5,3,176,0,184,48,44,279,0,371,148,0,148,519
12/23/2001,ABE,PA,AEA,EN,Towers with Radar,45,33,84,0,162,5,1,156,0,162,50,34,240,0,324,76,0,76,400
12/24/2001,ABE,PA,AEA,EN,Towers with Radar,35,40,30,6,111,5,2,66,0,73,40,42,96,6,184,110,0,110,294
12/25/2001,ABE,PA,AEA,EN,Towers with Radar,22,34,9,0,65,5,1,29,0,35,27,35,38,0,100,4,0,4,104
12/26/2001,ABE,PA,AEA,EN,Towers with Radar,34,47,101,0,182,5,5,118,0,128,39,52,219,0,310,88,0,88,398
12/27/2001,ABE,PA,AEA,EN,Towers with Radar,53,57,63,0,173,5,3,98,0,106,58,60,161,0,279,105,0,105,384
12/28/2001,ABE,PA,AEA,EN,Towers with Radar,44,53,70,1,168,5,4,83,0,92,49,57,153,1,260,74,0,74,334
12/29/2001,ABE,PA,AEA,EN,Towers with Radar,44,35,67,0,146,5,2,65,0,72,49,37,132,0,218,88,0,88,306
12/30/2001,ABE,PA,AEA,EN,Towers with Radar,46,32,58,0,136,0,2,74,0,76,46,34,132,0,212,60,0,60,272
12/31/2001,ABE,PA,AEA,EN,Towers with Radar,34,41,36,0,111,0,1,56,0,57,34,42,92,0,168,58,0,58,226
01/02/2002,ABE,PA,AEA,EN,Towers with Radar,22,44,115,5,186,29,1,110,1,141,51,45,225,6,327,84,8,92,419
01/03/2002,ABE,PA,AEA,EN,Towers with Radar,36,61,72,8,177,29,1,114,1,145,65,62,186,9,322,143,20,163,485
01/04/2002,ABE,PA,AEA,EN,Towers with Radar,24,43,68,9,144,29,6,91,1,127,53,49,159,10,271,156,0,156,427
01/05/2002,ABE,PA,AEA,EN,Towers with Radar,21,35,88,0,144,29,1,163,4,197,50,36,251,4,341,152,0,152,493
01/06/2002,ABE,PA,AEA,EN,Towers with Radar,6,46,71,0,123,28,1,72,0,101,34,47,143,0,224,14,0,14,238
01/07/2002,ABE,PA,AEA,EN,Towers with Radar,5,52,27,0,84,28,0,1,0,29,33,52,28,0,113,0,0,0,113
01/08/2002,ABE,PA,AEA,EN,Towers with Radar,20,60,76,0,156,28,3,97,0,128,48,63,173,0,284,120,0,120,404
01/09/2002,ABE,PA,AEA,EN,Towers with Radar,26,53,39,0,118,28,1,43,0,72,54,54,82,0,190,62,0,62,252
01/10/2002,ABE,PA,AEA,EN,Towers with Radar,22,63,115,0,200,28,2,149,0,179,50,65,264,0,379,139,0,139,518
01/11/2002,ABE,PA,AEA,EN,Towers with Radar,26,51,62,6,145,28,1,38,1,68,54,52,100,7,213,40,0,40,253
01/12/2002,ABE,PA,AEA,EN,Towers with Radar,19,35,101,3,158,29,6,191,0,226,48,41,292,3,384,190,0,190,574
01/13/2002,ABE,PA,AEA,EN,Towers with Radar,14,31,13,0,58,28,0,41,0,69,42,31,54,0,127,34,0,34,161
01/14/2002,ABE,PA,AEA,EN,Towers with Radar,12,49,98,10,169,28,6,143,0,177,40,55,241,10,346,172,2,174,520
01/15/2002,ABE,PA,AEA,EN,Towers with Radar,22,54,121,0,197,29,2,88,0,119,51,56,209,0,316,114,0,114,430
01/16/2002,ABE,PA,AEA,EN,Towers with Radar,33,45,109,7,194,29,6,128,1,164,62,51,237,8,358,222,0,222,580
01/17/2002,ABE,PA,AEA,EN,Towers with Radar,28,50,110,17,205,29,1,127,0,157,57,51,237,17,362,130,10,140,502
01/18/2002,ABE,PA,AEA,EN,Towers with Radar,27,46,55,9,137,29,1,90,1,121,56,47,145,10,258,94,18,112,370
01/19/2002,ABE,PA,AEA,EN,Towers with Radar,16,46,26,0,88,29,5,22,0,56,45,51,48,0,144,36,0,36,180
01/20/2002,ABE,PA,AEA,EN,Towers with Radar,16,36,35,0,87,29,0,63,0,92,45,36,98,0,179,40,0,40,219
01/21/2002,ABE,PA,AEA,EN,Towers with Radar,15,56,53,0,124,29,0,198,0,227,44,56,251,0,351,84,0,84,435
01/22/2002,ABE,PA,AEA,EN,Towers with Radar,23,45,91,4,163,29,2,151,0,182,52,47,242,4,345,108,4,112,457
01/23/2002,ABE,PA,AEA,EN,Towers with Radar,30,51,158,7,246,29,1,41,0,71,59,52,199,7,317,101,0,101,418
01/24/2002,ABE,PA,AEA,EN,Towers with Radar,22,57,65,0,144,29,0,0,0,29,51,57,65,0,173,0,0,0,173
01/25/2002,ABE,PA,AEA,EN,Towers with Radar,27,54,88,0,169,27,1,94,0,122,54,55,182,0,291,190,0,190,481
01/26/2002,ABE,PA,AEA,EN,Towers with Radar,42,40,89,4,175,0,5,200,0,205,42,45,289,4,380,204,2,206,586
01/27/2002,ABE,PA,AEA,EN,Towers with Radar,45,35,137,3,220,0,2,187,0,189,45,37,324,3,409,126,0,126,535
01/28/2002,ABE,PA,AEA,EN,Towers with Radar,50,52,89,0,191,0,5,127,0,132,50,57,216,0,323,132,0,132,455
01/29/2002,ABE,PA,AEA,EN,Towers with Radar,51,48,85,15,199,0,6,120,0,126,51,54,205,15,325,204,0,204,529
01/30/2002,ABE,PA,AEA,EN,Towers with Radar,53,62,78,0,193,0,2,28,0,30,53,64,106,0,223,119,4,123,346
01/31/2002,ABE,PA,AEA,EN,Towers with Radar,50,52,31,7,140,0,1,0,0,1,50,53,31,7,141,0,0,0,141
02/01/2002,ABE,PA,AEA,EN,Towers with Radar,51,46,39,1,137,1,1,3,0,5,52,47,42,1,142,2,0,2,144
02/02/2002,ABE,PA,AEA,EN,Towers with Radar,45,51,112,4,212,1,1,192,0,194,46,52,304,4,406,156,0,156,562
02/03/2002,ABE,PA,AEA,EN,Towers with Radar,45,31,83,0,159,1,2,147,0,150,46,33,230,0,309,154,0,154,463
02/04/2002,ABE,PA,AEA,EN,Towers with Radar,41,46,80,0,167,1,2,31,0,34,42,48,111,0,201,6,0,6,207
02/05/2002,ABE,PA,AEA,EN,Towers with Radar,45,58,50,32,185,1,1,55,0,57,46,59,105,32,242,154,28,182,424
02/06/2002,ABE,PA,AEA,EN,Towers with Radar,47,60,92,17,216,1,2,105,0,108,48,62,197,17,324,196,18,214,538
02/07/2002,ABE,PA,AEA,EN,Towers with Radar,50,56,91,0,197,1,2,25,0,28,51,58,116,0,225,115,0,115,340
02/08/2002,ABE,PA,AEA,EN,Towers with Radar,47,55,139,0,241,1,4,182,0,187,48,59,321,0,428,112,0,112,540
02/09/2002,ABE,PA,AEA,EN,Towers with Radar,43,45,135,0,223,1,1,232,6,240,44,46,367,6,463,234,0,234,697
02/10/2002,ABE,PA,AEA,EN,Towers with Radar,37,47,95,0,179,1,1,19,0,21,38,48,114,0,200,14,0,14,214
02/11/2002,ABE,PA,AEA,EN,Towers with Radar,50,50,50,0,150,1,2,21,0,24,51,52,71,0,174,1,0,1,175
02/12/2002,ABE,PA,AEA,EN,Towers with Radar,52,57,73,13,195,1,0,72,1,74,53,57,145,14,269,124,16,140,409
02/13/2002,ABE,PA,AEA,EN,Towers with Radar,56,48,83,81,268,0,9,90,7,106,56,57,173,88,374,144,63,207,581
02/14/2002,ABE,PA,AEA,EN,Towers with Radar,56,53,73,28,210,1,5,86,0,92,57,58,159,28,302,107,4,111,413
02/15/2002,ABE,PA,AEA,EN,Towers with Radar,49,59,96,0,204,1,1,123,0,125,50,60,219,0,329,116,0,116,445
02/16/2002,ABE,PA,AEA,EN,Towers with Radar,45,42,92,0,179,1,4,182,0,187,46,46,274,0,366,184,0,184,550
02/17/2002,ABE,PA,AEA,EN,Towers with Radar,37,41,58,0,136,1,0,52,0,53,38,41,110,0,189,73,4,77,266
02/18/2002,ABE,PA,AEA,EN,Towers with Radar,45,46,46,0,137,1,7,66,0,74,46,53,112,0,211,100,0,100,311
02/19/2002,ABE,PA,AEA,EN,Towers with Radar,55,45,93,0,193,1,9,125,1,136,56,54,218,1,329,248,0,248,577
02/20/2002,ABE,PA,AEA,EN,Towers with Radar,44,58,58,23,183,1,26,73,2,102,45,84,131,25,285,88,14,102,387
02/21/2002,ABE,PA,AEA,EN,Towers with Radar,48,66,89,14,217,1,1,66,0,68,49,67,155,14,285,128,0,128,413
02/22/2002,ABE,PA,AEA,EN,Towers with Radar,39,61,59,13,172,1,6,91,0,98,40,67,150,13,270,104,8,112,382
02/23/2002,ABE,PA,AEA,EN,Towers with Radar,41,46,94,9,190,0,2,202,1,205,41,48,296,10,395,224,2,226,621
02/24/2002,ABE,PA,AEA,EN,Towers with Radar,42,43,91,34,210,0,2,145,30,177,42,45,236,64,387,150,14,164,551
02/25/2002,ABE,PA,AEA,EN,Towers with Radar,42,43,63,0,148,0,3,102,0,105,42,46,165,0,253,78,0,78,331
02/26/2002,ABE,PA,AEA,EN,Towers with Radar,50,61,70,9,190,0,2,76,1,79,50,63,146,10,269,70,6,76,345
02/27/2002,ABE,PA,AEA,EN,Towers with Radar,53,52,39,0,144,0,0,40,0,40,53,52,79,0,184,56,0,56,240
02/28/2002,ABE,PA,AEA,EN,Towers with Radar,47,53,61,18,179,0,2,113,0,115,47,55,174,18,294,56,4,60,354
03/01/2002,ABE,PA,AEA,EN,Towers with Radar,0,47,153,10,210,56,2,85,0,143,56,49,238,10,353,143,0,143,496
03/02/2002,ABE,PA,AEA,EN,Towers with Radar,0,43,152,9,204,43,2,77,0,122,43,45,229,9,326,156,8,164,490
03/03/2002,ABE,PA,AEA,EN,Towers with Radar,0,47,58,0,105,48,0,29,0,77,48,47,87,0,182,34,0,34,216
03/04/2002,ABE,PA,AEA,EN,Towers with Radar,31,52,48,5,136,6,1,42,17,66,37,53,90,22,202,50,12,62,264
03/05/2002,ABE,PA,AEA,EN,Towers with Radar,53,47,82,9,191,0,4,97,16,117,53,51,179,25,308,66,4,70,378
03/06/2002,ABE,PA,AEA,EN,Towers with Radar,53,51,96,4,204,0,1,119,0,120,53,52,215,4,324,106,0,106,430
03/07/2002,ABE,PA,AEA,EN,Towers with Radar,53,52,97,2,204,0,3,152,0,155,53,55,249,2,359,137,0,137,496
03/08/2002,ABE,PA,AEA,EN,Towers with Radar,53,50,59,0,162,0,2,110,0,112,53,52,169,0,274,102,0,102,376
03/09/2002,ABE,PA,AEA,EN,Towers with Radar,33,42,137,0,212,13,0,50,0,63,46,42,187,0,275,46,0,46,321
03/10/2002,ABE,PA,AEA,EN,Towers with Radar,0,40,25,0,65,43,3,0,0,46,43,43,25,0,111,2,0,2,113
03/11/2002,ABE,PA,AEA,EN,Towers with Radar,27,47,75,1,150,16,2,106,0,124,43,49,181,1,274,120,8,128,402
03/12/2002,ABE,PA,AEA,EN,Towers with Radar,53,47,96,6,202,0,1,91,11,103,53,48,187,17,305,68,10,78,383
03/13/2002,ABE,PA,AEA,EN,Towers with Radar,60,49,67,2,178,0,0,11,0,11,60,49,78,2,189,0,0,0,189
03/14/2002,ABE,PA,AEA,EN,Towers with Radar,56,52,153,3,264,0,3,181,10,194,56,55,334,13,458,112,0,112,570
03/15/2002,ABE,PA,AEA,EN,Towers with Radar,57,49,146,0,252,0,1,50,0,51,57,50,196,0,303,51,0,51,354
03/16/2002,ABE,PA,AEA,EN,Towers with Radar,17,38,109,0,164,22,2,36,0,60,39,40,145,0,224,103,0,103,327
03/17/2002,ABE,PA,AEA,EN,Towers with Radar,9,33,58,0,100,36,1,87,0,124,45,34,145,0,224,122,0,122,346
03/18/2002,ABE,PA,AEA,EN,Towers with Radar,0,54,26,0,80,38,0,0,0,38,38,54,26,0,118,0,0,0,118
03/19/2002,ABE,PA,AEA,EN,Towers with Radar,47,46,78,2,173,0,2,115,0,117,47,48,193,2,290,106,22,128,418
03/20/2002,ABE,PA,AEA,EN,Towers with Radar,12,53,42,0,107,44,0,0,0,44,56,53,42,0,151,0,0,0,151
03/21/2002,ABE,PA,AEA,EN,Towers with Radar,52,52,80,3,187,0,5,111,10,126,52,57,191,13,313,138,0,138,451
03/22/2002,ABE,PA,AEA,EN,Towers with Radar,63,44,57,1,165,0,0,40,0,40,63,44,97,1,205,66,8,74,279
03/23/2002,ABE,PA,AEA,EN,Towers with Radar,0,34,48,0,82,43,3,84,0,130,43,37,132,0,212,46,0,46,258
03/24/2002,ABE,PA,AEA,EN,Towers with Radar,29,44,95,4,172,10,3,181,2,196,39,47,276,6,368,124,0,124,492
03/25/2002,ABE,PA,AEA,EN,Towers with Radar,13,53,71,3,140,28,3,67,0,98,41,56,138,3,238,141,4,145,383
03/26/2002,ABE,PA,AEA,EN,Towers with Radar,36,50,49,0,135,18,0,10,0,28,54,50,59,0,163,4,0,4,167
03/27/2002,ABE,PA,AEA,EN,Towers with Radar,68,62,120,14,264,0,1,94,10,105,68,63,214,24,369,100,12,112,481
03/28/2002,ABE,PA,AEA,EN,Towers with Radar,57,45,90,4,196,0,9,161,1,171,57,54,251,5,367,172,0,172,539
03/29/2002,ABE,PA,AEA,EN,Towers with Radar,57,50,85,4,196,0,4,162,3,169,57,54,247,7,365,102,0,102,467
03/30/2002,ABE,PA,AEA,EN,Towers with Radar,16,38,130,0,184,25,2,169,0,196,41,40,299,0,380,130,0,130,510
03/31/2002,ABE,PA,AEA,EN,Towers with Radar,0,41,47,0,88,38,1,39,0,78,38,42,86,0,166,44,0,44,210
04/01/2002,ABE,PA,AEA,EN,Towers with Radar,35,54,67,0,156,1,3,64,0,68,36,57,131,0,224,30,0,30,254
04/02/2002,ABE,PA,AEA,EN,Towers with Radar,55,54,74,7,190,0,0,85,1,86,55,54,159,8,276,42,10,52,328
04/03/2002,ABE,PA,AEA,EN,Towers with Radar,58,63,74,0,195,0,8,44,1,53,58,71,118,1,248,88,4,92,340
04/04/2002,ABE,PA,AEA,EN,Towers with Radar,56,59,91,34,240,0,7,117,1,125,56,66,208,35,365,118,18,136,501
04/05/2002,ABE,PA,AEA,EN,Towers with Radar,58,59,144,8,269,0,4,97,1,102,58,63,241,9,371,148,34,182,553
04/06/2002,ABE,PA,AEA,EN,Towers with Radar,37,49,103,0,189,1,0,125,0,126,38,49,228,0,315,58,0,58,373
04/07/2002,ABE,PA,AEA,EN,Towers with Radar,43,39,80,9,171,0,8,166,1,175,43,47,246,10,346,112,18,130,476
04/08/2002,ABE,PA,AEA,EN,Towers with Radar,43,51,83,0,177,2,10,44,0,56,45,61,127,0,233,116,0,116,349
04/09/2002,ABE,PA,AEA,EN,Towers with Radar,55,63,68,37,223,0,4,53,1,58,55,67,121,38,281,43,12,55,336
04/10/2002,ABE,PA,AEA,EN,Towers with Radar,61,72,115,28,276,0,3,105,1,109,61,75,220,29,385,120,8,128,513
04/11/2002,ABE,PA,AEA,EN,Towers with Radar,53,63,81,67,264,0,8,93,1,102,53,71,174,68,366,86,16,102,468
04/12/2002,ABE,PA,AEA,EN,Towers with Radar,54,65,122,11,252,0,0,15,2,17,54,65,137,13,269,0,0,0,269
04/13/2002,ABE,PA,AEA,EN,Towers with Radar,42,54,182,0,278,0,1,19,0,20,42,55,201,0,298,18,0,18,316
04/14/2002,ABE,PA,AEA,EN,Towers with Radar,42,50,73,12,177,0,0,58,1,59,42,50,131,13,236,94,0,94,330
04/15/2002,ABE,PA,AEA,EN,Towers with Radar,48,61,84,0,193,0,2,54,0,56,48,63,138,0,249,54,0,54,303
04/16/2002,ABE,PA,AEA,EN,Towers with Radar,54,62,74,41,231,0,1,122,0,123,54,63,196,41,354,159,16,175,529
04/17/2002,ABE,PA,AEA,EN,Towers with Radar,62,64,93,6,225,0,3,133,0,136,62,67,226,6,361,168,8,176,537
04/18/2002,ABE,PA,AEA,EN,Towers with Radar,54,71,123,12,260,0,4,104,0,108,54,75,227,12,368,72,8,80,448
04/19/2002,ABE,PA,AEA,EN,Towers with Radar,53,59,66,2,180,0,7,79,0,86,53,66,145,2,266,86,0,86,352
04/20/2002,ABE,PA,AEA,EN,Towers with Radar,43,51,101,0,195,0,0,100,0,100,43,51,201,0,295,138,0,138,433
04/21/2002,ABE,PA,AEA,EN,Towers with Radar,43,43,133,0,219,0,3,126,0,129,43,46,259,0,348,110,0,110,458
04/22/2002,ABE,PA,AEA,EN,Towers with Radar,49,66,146,0,261,0,2,10,0,12,49,68,156,0,273,10,0,10,283
04/23/2002,ABE,PA,AEA,EN,Towers with Radar,55,55,60,29,199,0,1,81,0,82,55,56,141,29,281,162,22,184,465
04/24/2002,ABE,PA,AEA,EN,Towers with Radar,55,60,88,17,220,0,7,158,0,165,55,67,246,17,385,166,22,188,573
04/25/2002,ABE,PA,AEA,EN,Towers with Radar,46,70,69,20,205,0,1,26,0,27,46,71,95,20,232,52,0,52,284
04/26/2002,ABE,PA,AEA,EN,Towers with Radar,55,55,65,25,200,0,4,92,0,96,55,59,157,25,296,141,18,159,455
04/27/2002,ABE,PA,AEA,EN,Towers with Radar,44,39,152,1,236,0,5,240,0,245,44,44,392,1,481,175,0,175,656
04/28/2002,ABE,PA,AEA,EN,Towers with Radar,34,39,57,0,130,0,0,7,0,7,34,39,64,0,137,6,0,6,143
04/29/2002,ABE,PA,AEA,EN,Towers with Radar,52,67,71,10,200,0,1,25,0,26,52,68,96,10,226,14,0,14,240
04/30/2002,ABE,PA,AEA,EN,Towers with Radar,53,60,77,13,203,0,1,54,0,55,53,61,131,13,258,86,0,86,344
05/01/2002,ABE,PA,AEA,EN,Towers with Radar,55,59,133,1,248,0,4,142,0,146,55,63,275,1,394,143,0,143,537
05/02/2002,ABE,PA,AEA,EN,Towers with Radar,45,65,89,0,199,0,0,4,0,4,45,65,93,0,203,10,0,10,213
05/03/2002,ABE,PA,AEA,EN,Towers with Radar,46,66,46,0,158,0,4,39,0,43,46,70,85,0,201,8,0,8,209
05/04/2002,ABE,PA,AEA,EN,Towers with Radar,39,35,110,0,184,0,9,195,0,204,39,44,305,0,388,242,0,242,630
05/05/2002,ABE,PA,AEA,EN,Towers with Radar,38,37,100,25,200,0,9,180,0,189,38,46,280,25,389,148,10,158,547
05/06/2002,ABE,PA,AEA,EN,Towers with Radar,39,63,81,9,192,0,2,119,0,121,39,65,200,9,313,77,14,91,404
05/07/2002,ABE,PA,AEA,EN,Towers with Radar,52,63,109,0,224,0,2,110,0,112,52,65,219,0,336,124,0,124,460
05/08/2002,ABE,PA,AEA,EN,Towers with Radar,54,57,63,23,197,0,6,130,0,136,54,63,193,23,333,192,6,198,531
05/09/2002,ABE,PA,AEA,EN,Towers with Radar,46,74,155,9,284,0,0,9,0,9,46,74,164,9,293,6,8,14,307
05/10/2002,ABE,PA,AEA,EN,Towers with Radar,53,60,92,0,205,0,6,94,0,100,53,66,186,0,305,154,0,154,459
05/11/2002,ABE,PA,AEA,EN,Towers with Radar,38,44,106,0,188,0,5,178,0,183,38,49,284,0,371,177,0,177,548
05/12/2002,ABE,PA,AEA,EN,Towers with Radar,40,35,71,0,146,0,2,12,0,14,40,37,83,0,160,30,0,30,190
05/13/2002,ABE,PA,AEA,EN,Towers with Radar,45,53,77,0,175,0,2,1,0,3,45,55,78,0,178,2,0,2,180
05/14/2002,ABE,PA,AEA,EN,Towers with Radar,64,55,46,17,182,0,2,48,1,51,64,57,94,18,233,32,30,62,295
05/15/2002,ABE,PA,AEA,EN,Towers with Radar,55,62,74,12,203,0,11,103,3,117,55,73,177,15,320,98,26,124,444
05/16/2002,ABE,PA,AEA,EN,Towers with Radar,54,67,106,15,242,0,13,155,4,172,54,80,261,19,414,158,34,192,606
05/17/2002,ABE,PA,AEA,EN,Towers with Radar,44,62,124,0,230,0,3,128,0,131,44,65,252,0,361,82,4,86,447
05/18/2002,ABE,PA,AEA,EN,Towers with Radar,38,63,80,8,189,0,2,18,0,20,38,65,98,8,209,32,14,46,255
05/19/2002,ABE,PA,AEA,EN,Towers with Radar,35,44,132,0,211,0,20,178,0,198,35,64,310,0,409,177,0,177,586
05/20/2002,ABE,PA,AEA,EN,Towers with Radar,39,64,88,1,192,0,5,103,0,108,39,69,191,1,300,100,30,130,430
05/21/2002,ABE,PA,AEA,EN,Towers with Radar,50,59,110,0,219,0,3,145,0,148,50,62,255,0,367,136,0,136,503
05/22/2002,ABE,PA,AEA,EN,Towers with Radar,56,57,103,36,252,0,6,135,0,141,56,63,238,36,393,146,60,206,599
05/23/2002,ABE,PA,AEA,EN,Towers with Radar,57,63,157,0,277,0,3,172,11,186,57,66,329,11,463,167,22,189,652
05/24/2002,ABE,PA,AEA,EN,Towers with Radar,56,68,115,0,239,0,13,119,0,132,56,81,234,0,371,57,0,57,428
05/25/2002,ABE,PA,AEA,EN,Towers with Radar,40,39,99,0,178,0,7,155,0,162,40,46,254,0,340,102,10,112,452
05/26/2002,ABE,PA,AEA,EN,Towers with Radar,28,39,58,0,125,0,3,23,0,26,28,42,81,0,151,10,0,10,161
05/27/2002,ABE,PA,AEA,EN,Towers with Radar,35,47,89,0,171,0,9,17,0,26,35,56,106,0,197,46,0,46,243
05/28/2002,ABE,PA,AEA,EN,Towers with Radar,39,65,106,0,210,0,2,42,0,44,39,67,148,0,254,129,0,129,383
05/29/2002,ABE,PA,AEA,EN,Towers with Radar,47,74,102,0,223,0,9,72,0,81,47,83,174,0,304,60,0,60,364
05/30/2002,ABE,PA,AEA,EN,Towers with Radar,53,65,131,22,271,0,2,112,0,114,53,67,243,22,385,52,20,72,457
05/31/2002,ABE,PA,AEA,EN,Towers with Radar,55,54,78,26,213,0,6,56,0,62,55,60,134,26,275,78,26,104,379
06/01/2002,ABE,PA,AEA,EN,Towers with Radar,0,51,76,10,137,51,4,143,0,198,51,55,219,10,335,91,18,109,444
06/02/2002,ABE,PA,AEA,EN,Towers with Radar,0,41,59,5,105,38,4,105,0,147,38,45,164,5,252,70,14,84,336
06/03/2002,ABE,PA,AEA,EN,Towers with Radar,0,60,101,8,169,31,4,126,2,163,31,64,227,10,332,114,4,118,450
06/04/2002,ABE,PA,AEA,EN,Towers with Radar,0,54,105,6,165,55,4,126,1,186,55,58,231,7,351,94,6,100,451
06/05/2002,ABE,PA,AEA,EN,Towers with Radar,0,64,109,7,180,50,2,56,0,108,50,66,165,7,288,75,0,75,363
06/06/2002,ABE,PA,AEA,EN,Towers with Radar,0,72,107,8,187,46,2,21,0,69,46,74,128,8,256,36,0,36,292
06/07/2002,ABE,PA,AEA,EN,Towers with Radar,0,70,97,14,181,52,4,69,0,125,52,74,166,14,306,78,6,84,390
06/08/2002,ABE,PA,AEA,EN,Towers with Radar,0,47,88,9,144,49,3,174,2,228,49,50,262,11,372,213,0,213,585
06/09/2002,ABE,PA,AEA,EN,Towers with Radar,0,46,86,0,132,37,2,143,0,182,37,48,229,0,314,144,0,144,458
06/10/2002,ABE,PA,AEA,EN,Towers with Radar,0,64,90,1,155,35,5,132,1,173,35,69,222,2,328,116,0,116,444
06/11/2002,ABE,PA,AEA,EN,Towers with Radar,0,62,95,12,169,47,12,73,9,141,47,74,168,21,310,142,10,152,462
06/12/2002,ABE,PA,AEA,EN,Towers with Radar,0,67,111,18,196,60,1,71,0,132,60,68,182,18,328,119,26,145,473
06/13/2002,ABE,PA,AEA,EN,Towers with Radar,0,63,180,27,270,52,0,9,0,61,52,63,189,27,331,44,6,50,381
06/14/2002,ABE,PA,AEA,EN,Towers with Radar,0,63,73,39,175,50,0,0,0,50,50,63,73,39,225,0,0,0,225
06/15/2002,ABE,PA,AEA,EN,Towers with Radar,0,50,173,0,223,39,1,5,0,45,39,51,178,0,268,0,0,0,268
06/16/2002,ABE,PA,AEA,EN,Towers with Radar,0,49,80,0,129,40,11,87,0,138,40,60,167,0,267,101,0,101,368
06/17/2002,ABE,PA,AEA,EN,Towers with Radar,0,64,82,5,151,37,5,85,0,127,37,69,167,5,278,80,0,80,358
06/18/2002,ABE,PA,AEA,EN,Towers with Radar,0,48,98,2,148,59,9,124,0,192,59,57,222,2,340,102,0,102,442
06/19/2002,ABE,PA,AEA,EN,Towers with Radar,66,59,99,24,248,0,3,102,4,109,66,62,201,28,357,219,13,232,589
06/20/2002,ABE,PA,AEA,EN,Towers with Radar,52,74,139,8,273,0,3,138,0,141,52,77,277,8,414,202,19,221,635
06/21/2002,ABE,PA,AEA,EN,Towers with Radar,48,57,96,0,201,0,3,143,5,151,48,60,239,5,352,192,0,192,544
06/22/2002,ABE,PA,AEA,EN,Towers with Radar,29,60,79,0,168,0,18,133,0,151,29,78,212,0,319,167,0,167,486
06/23/2002,ABE,PA,AEA,EN,Towers with Radar,40,40,78,0,158,0,4,110,0,114,40,44,188,0,272,106,0,106,378
06/24/2002,ABE,PA,AEA,EN,Towers with Radar,41,58,75,0,174,0,1,57,0,58,41,59,132,0,232,144,0,144,376
06/25/2002,ABE,PA,AEA,EN,Towers with Radar,53,59,83,21,216,0,7,82,0,89,53,66,165,21,305,118,28,146,451
06/26/2002,ABE,PA,AEA,EN,Towers with Radar,55,62,93,22,232,0,4,18,0,22,55,66,111,22,254,42,0,42,296
06/27/2002,ABE,PA,AEA,EN,Towers with Radar,44,59,73,11,187,0,6,44,0,50,44,65,117,11,237,36,12,48,285
06/28/2002,ABE,PA,AEA,EN,Towers with Radar,53,70,132,5,260,0,4,77,0,81,53,74,209,5,341,110,16,126,467
06/29/2002,ABE,PA,AEA,EN,Towers with Radar,38,50,99,0,187,0,12,198,0,210,38,62,297,0,397,165,0,165,562
06/30/2002,ABE,PA,AEA,EN,Towers with Radar,34,39,77,1,151,7,3,136,0,146,41,42,213,1,297,72,0,72,369
07/01/2002,ABE,PA,AEA,EN,Towers with Radar,0,53,93,0,146,29,6,105,0,140,29,59,198,0,286,114,0,114,400
07/02/2002,ABE,PA,AEA,EN,Towers with Radar,0,58,125,6,189,56,1,75,6,138,56,59,200,12,327,134,14,148,475
07/03/2002,ABE,PA,AEA,EN,Towers with Radar,0,63,102,11,176,57,2,82,2,143,57,65,184,13,319,80,2,82,401
07/04/2002,ABE,PA,AEA,EN,Towers with Radar,0,42,60,0,102,48,1,54,0,103,48,43,114,0,205,70,0,70,275
07/05/2002,ABE,PA,AEA,EN,Towers with Radar,0,42,109,0,151,36,5,91,4,136,36,47,200,4,287,98,0,98,385
07/06/2002,ABE,PA,AEA,EN,Towers with Radar,0,51,95,0,146,42,6,92,0,140,42,57,187,0,286,101,0,101,387
07/07/2002,ABE,PA,AEA,EN,Towers with Radar,0,50,189,0,239,32,2,0,0,34,32,52,189,0,273,19,0,19,292
07/08/2002,ABE,PA,AEA,EN,Towers with Radar,0,68,144,1,213,35,0,50,0,85,35,68,194,1,298,12,0,12,310
07/09/2002,ABE,PA,AEA,EN,Towers with Radar,0,63,111,6,180,57,5,48,4,114,57,68,159,10,294,54,10,64,358
07/10/2002,ABE,PA,AEA,EN,Towers with Radar,0,60,103,25,188,62,7,71,2,142,62,67,174,27,330,122,30,152,482
07/11/2002,ABE,PA,AEA,EN,Towers with Radar,0,64,83,12,159,50,7,109,1,167,50,71,192,13,326,114,14,128,454
07/12/2002,ABE,PA,AEA,EN,Towers with Radar,0,66,101,0,167,55,7,105,0,167,55,73,206,0,334,238,6,244,578
07/13/2002,ABE,PA,AEA,EN,Towers with Radar,0,52,82,0,134,37,0,87,1,125,37,52,169,1,259,96,0,96,355
07/14/2002,ABE,PA,AEA,EN,Towers with Radar,0,48,112,0,160,32,10,95,0,137,32,58,207,0,297,247,0,247,544
07/15/2002,ABE,PA,AEA,EN,Towers with Radar,0,60,89,0,149,44,2,63,0,109,44,62,152,0,258,83,0,83,341
07/16/2002,ABE,PA,AEA,EN,Towers with Radar,53,62,114,12,241,0,2,173,0,175,53,64,287,12,416,162,8,170,586
07/17/2002,ABE,PA,AEA,EN,Towers with Radar,59,51,97,7,214,0,4,131,0,135,59,55,228,7,349,187,4,191,540
07/18/2002,ABE,PA,AEA,EN,Towers with Radar,54,51,73,12,190,0,2,74,0,76,54,53,147,12,266,100,22,122,388
07/19/2002,ABE,PA,AEA,EN,Towers with Radar,51,53,85,0,189,0,4,42,0,46,51,57,127,0,235,8,0,8,243
07/20/2002,ABE,PA,AEA,EN,Towers with Radar,45,59,110,0,214,0,4,129,0,133,45,63,239,0,347,104,0,104,451
07/21/2002,ABE,PA,AEA,EN,Towers with Radar,37,43,87,0,167,0,1,53,0,54,37,44,140,0,221,68,0,68,289
07/22/2002,ABE,PA,AEA,EN,Towers with Radar,39,60,91,0,190,0,2,91,0,93,39,62,182,0,283,76,0,76,359
07/23/2002,ABE,PA,AEA,EN,Towers with Radar,46,54,47,2,149,0,5,58,0,63,46,59,105,2,212,76,0,76,288
07/24/2002,ABE,PA,AEA,EN,Towers with Radar,57,60,115,1,233,0,6,73,0,79,57,66,188,1,312,102,0,102,414
07/25/2002,ABE,PA,AEA,EN,Towers with Radar,43,66,70,11,190,0,4,119,0,123,43,70,189,11,313,150,12,162,475
07/26/2002,ABE,PA,AEA,EN,Towers with Radar,45,65,114,16,240,0,4,91,0,95,45,69,205,16,335,124,10,134,469
07/27/2002,ABE,PA,AEA,EN,Towers with Radar,39,49,181,0,269,0,0,25,0,25,39,49,206,0,294,37,0,37,331
07/28/2002,ABE,PA,AEA,EN,Towers with Radar,30,56,62,0,148,0,1,31,0,32,30,57,93,0,180,50,0,50,230
07/29/2002,ABE,PA,AEA,EN,Towers with Radar,35,50,67,22,174,0,7,104,0,111,35,57,171,22,285,72,0,72,357
07/30/2002,ABE,PA,AEA,EN,Towers with Radar,54,73,96,13,236,0,7,143,0,150,54,80,239,13,386,81,26,107,493
07/31/2002,ABE,PA,AEA,EN,Towers with Radar,48,60,106,24,238,0,12,166,0,178,48,72,272,24,416,161,20,181,597
08/01/2002,ABE,PA,AEA,EN,Towers with Radar,51,67,79,0,197,0,0,130,1,131,51,67,209,1,328,160,12,172,500
08/02/2002,ABE,PA,AEA,EN,Towers with Radar,42,70,55,0,167,0,0,121,4,125,42,70,176,4,292,163,0,163,455
08/03/2002,ABE,PA,AEA,EN,Towers with Radar,46,61,57,0,164,0,0,118,0,118,46,61,175,0,282,98,0,98,380
08/04/2002,ABE,PA,AEA,EN,Towers with Radar,37,51,74,0,162,0,0,107,21,128,37,51,181,21,290,42,0,42,332
08/05/2002,ABE,PA,AEA,EN,Towers with Radar,33,57,33,0,123,0,1,45,0,46,33,58,78,0,169,72,0,72,241
08/06/2002,ABE,PA,AEA,EN,Towers with Radar,47,71,49,0,167,0,0,92,10,102,47,71,141,10,269,73,6,79,348
08/07/2002,ABE,PA,AEA,EN,Towers with Radar,52,68,93,0,213,0,0,171,30,201,52,68,264,30,414,154,26,180,594
08/08/2002,ABE,PA,AEA,EN,Towers with Radar,50,85,44,0,179,0,0,147,16,163,50,85,191,16,342,83,16,99,441
08/09/2002,ABE,PA,AEA,EN,Towers with Radar,51,66,45,0,162,0,0,164,0,164,51,66,209,0,326,118,0,118,444
08/10/2002,ABE,PA,AEA,EN,Towers with Radar,50,51,64,0,165,0,1,203,0,204,50,52,267,0,369,174,0,174,543
08/11/2002,ABE,PA,AEA,EN,Towers with Radar,43,45,56,0,144,0,0,135,0,135,43,45,191,0,279,99,0,99,378
08/12/2002,ABE,PA,AEA,EN,Towers with Radar,29,80,51,0,160,0,0,115,0,115,29,80,166,0,275,108,0,108,383
08/13/2002,ABE,PA,AEA,EN,Towers with Radar,52,56,106,0,214,0,0,107,10,117,52,56,213,10,331,150,0,150,481
08/14/2002,ABE,PA,AEA,EN,Towers with Radar,48,65,79,0,192,0,0,100,35,135,48,65,179,35,327,95,18,113,440
08/15/2002,ABE,PA,AEA,EN,Towers with Radar,56,72,81,0,209,0,0,79,7,86,56,72,160,7,295,80,8,88,383
08/16/2002,ABE,PA,AEA,EN,Towers with Radar,63,80,50,0,193,0,0,67,0,67,63,80,117,0,260,24,0,24,284
08/17/2002,ABE,PA,AEA,EN,Towers with Radar,47,54,45,0,146,0,0,122,0,122,47,54,167,0,268,110,0,110,378
08/18/2002,ABE,PA,AEA,EN,Towers with Radar,37,57,66,0,160,0,3,98,1,102,37,60,164,1,262,110,8,118,380
08/19/2002,ABE,PA,AEA,EN,Towers with Radar,45,58,33,0,136,0,0,95,14,109,45,58,128,14,245,95,14,109,354
08/20/2002,ABE,PA,AEA,EN,Towers with Radar,50,69,108,0,227,0,0,102,0,102,50,69,210,0,329,118,6,124,453
08/21/2002,ABE,PA,AEA,EN,Towers with Radar,6,20,134,0,160,40,52,202,19,313,46,72,336,19,473,98,18,116,589
08/22/2002,ABE,PA,AEA,EN,Towers with Radar,8,20,60,0,88,44,51,102,9,206,52,71,162,9,294,62,0,62,356
08/23/2002,ABE,PA,AEA,EN,Towers with Radar,10,21,46,0,77,44,52,68,1,165,54,73,114,1,242,80,0,80,322
08/24/2002,ABE,PA,AEA,EN,Towers with Radar,46,54,184,0,284,0,0,18,0,18,46,54,202,0,302,0,0,0,302
08/25/2002,ABE,PA,AEA,EN,Towers with Radar,48,52,62,0,162,0,0,141,0,141,48,52,203,0,303,94,0,94,397
08/26/2002,ABE,PA,AEA,EN,Towers with Radar,6,19,160,29,214,38,45,16,0,99,44,64,176,29,313,112,30,142,455
08/27/2002,ABE,PA,AEA,EN,Towers with Radar,6,67,135,29,237,43,10,47,0,100,49,77,182,29,337,74,4,78,415
08/28/2002,ABE,PA,AEA,EN,Towers with Radar,53,19,144,59,275,6,38,47,0,91,59,57,191,59,366,82,64,146,512
08/29/2002,ABE,PA,AEA,EN,Towers with Radar,57,24,105,28,214,5,48,0,0,53,62,72,105,28,267,0,6,6,273
08/30/2002,ABE,PA,AEA,EN,Towers with Radar,57,77,179,0,313,0,0,0,0,0,57,77,179,0,313,98,0,98,411
08/31/2002,ABE,PA,AEA,EN,Towers with Radar,41,67,147,0,255,0,0,66,2,68,41,67,213,2,323,132,0,132,455
09/01/2002,ABE,PA,AEA,EN,Towers with Radar,33,44,84,0,161,0,5,1,0,6,33,49,85,0,167,0,0,0,167
09/02/2002,ABE,PA,AEA,EN,Towers with Radar,35,48,107,0,190,0,0,34,0,34,35,48,141,0,224,77,0,77,301
09/03/2002,ABE,PA,AEA,EN,Towers with Radar,40,60,64,7,171,0,2,69,0,71,40,62,133,7,242,31,6,37,279
09/04/2002,ABE,PA,AEA,EN,Towers with Radar,63,50,99,13,225,0,2,110,0,112,63,52,209,13,337,40,16,56,393
09/05/2002,ABE,PA,AEA,EN,Towers with Radar,60,48,131,1,240,0,7,144,0,151,60,55,275,1,391,127,6,133,524
09/06/2002,ABE,PA,AEA,EN,Towers with Radar,61,63,102,3,229,0,8,146,2,156,61,71,248,5,385,159,0,159,544
09/07/2002,ABE,PA,AEA,EN,Towers with Radar,45,54,80,0,179,0,10,154,0,164,45,64,234,0,343,90,0,90,433
09/08/2002,ABE,PA,AEA,EN,Towers with Radar,41,34,70,2,147,0,7,162,0,169,41,41,232,2,316,128,0,128,444
09/09/2002,ABE,PA,AEA,EN,Towers with Radar,41,53,86,20,200,0,5,118,0,123,41,58,204,20,323,88,0,88,411
09/10/2002,ABE,PA,AEA,EN,Towers with Radar,49,55,70,0,174,0,10,108,0,118,49,65,178,0,292,98,0,98,390
09/11/2002,ABE,PA,AEA,EN,Towers with Radar,42,64,37,18,161,0,2,35,0,37,42,66,72,18,198,48,0,48,246
09/12/2002,ABE,PA,AEA,EN,Towers with Radar,57,66,64,0,187,0,6,88,0,94,57,72,152,0,281,65,0,65,346
09/13/2002,ABE,PA,AEA,EN,Towers with Radar,53,73,65,0,191,0,5,103,0,108,53,78,168,0,299,133,0,133,432
09/14/2002,ABE,PA,AEA,EN,Towers with Radar,42,49,89,1,181,0,3,127,0,130,42,52,216,1,311,142,0,142,453
09/15/2002,ABE,PA,AEA,EN,Towers with Radar,38,48,85,0,171,0,1,5,0,6,38,49,90,0,177,4,0,4,181
09/16/2002,ABE,PA,AEA,EN,Towers with Radar,39,58,65,13,175,0,2,37,4,43,39,60,102,17,218,10,10,20,238
09/17/2002,ABE,PA,AEA,EN,Towers with Radar,60,53,86,18,217,0,4,108,5,117,60,57,194,23,334,63,18,81,415
09/18/2002,ABE,PA,AEA,EN,Towers with Radar,52,53,106,10,221,0,3,146,0,149,52,56,252,10,370,120,0,120,490
09/19/2002,ABE,PA,AEA,EN,Towers with Radar,44,62,85,0,191,0,5,72,0,77,44,67,157,0,268,110,0,110,378
09/20/2002,ABE,PA,AEA,EN,Towers with Radar,56,54,87,0,197,0,4,96,0,100,56,58,183,0,297,136,0,136,433
09/21/2002,ABE,PA,AEA,EN,Towers with Radar,42,53,128,5,228,0,6,56,0,62,42,59,184,5,290,75,0,75,365
09/22/2002,ABE,PA,AEA,EN,Towers with Radar,24,56,98,0,178,0,4,73,0,77,24,60,171,0,255,138,0,138,393
09/23/2002,ABE,PA,AEA,EN,Towers with Radar,50,60,53,9,172,0,3,74,0,77,50,63,127,9,249,96,6,102,351
09/24/2002,ABE,PA,AEA,EN,Towers with Radar,46,69,108,6,229,0,3,156,0,159,46,72,264,6,388,106,13,119,507
09/25/2002,ABE,PA,AEA,EN,Towers with Radar,49,58,110,11,228,0,6,153,1,160,49,64,263,12,388,177,16,193,581
09/26/2002,ABE,PA,AEA,EN,Towers with Radar,52,62,84,0,198,0,3,25,0,28,52,65,109,0,226,102,0,102,328
09/27/2002,ABE,PA,AEA,EN,Towers with Radar,46,74,82,0,202,0,0,0,0,0,46,74,82,0,202,6,0,6,208
09/28/2002,ABE,PA,AEA,EN,Towers with Radar,36,55,40,0,131,0,5,74,0,79,36,60,114,0,210,90,0,90,300
09/29/2002,ABE,PA,AEA,EN,Towers with Radar,28,52,78,0,158,0,1,141,0,142,28,53,219,0,300,148,0,148,448
09/30/2002,ABE,PA,AEA,EN,Towers with Radar,36,60,74,0,170,0,8,82,0,90,36,68,156,0,260,112,0,112,372
10/01/2002,ABE,PA,AEA,EN,Towers with Radar,48,50,140,16,254,0,10,124,0,134,48,60,264,16,388,160,12,172,560
10/02/2002,ABE,PA,AEA,EN,Towers with Radar,48,60,121,4,233,0,6,107,1,114,48,66,228,5,347,87,0,87,434
10/03/2002,ABE,PA,AEA,EN,Towers with Radar,42,78,145,26,291,0,3,70,0,73,42,81,215,26,364,108,12,120,484
10/04/2002,ABE,PA,AEA,EN,Towers with Radar,57,52,112,2,223,0,0,1,0,1,57,52,113,2,224,12,0,12,236
10/05/2002,ABE,PA,AEA,EN,Towers with Radar,40,51,73,5,169,0,0,77,0,77,40,51,150,5,246,60,2,62,308
10/06/2002,ABE,PA,AEA,EN,Towers with Radar,35,44,82,26,187,0,4,174,0,178,35,48,256,26,365,152,4,156,521
10/07/2002,ABE,PA,AEA,EN,Towers with Radar,41,49,94,1,185,0,5,60,2,67,41,54,154,3,252,24,0,24,276
10/08/2002,ABE,PA,AEA,EN,Towers with Radar,56,53,74,0,183,0,2,118,0,120,56,55,192,0,303,210,0,210,513
10/09/2002,ABE,PA,AEA,EN,Towers with Radar,55,59,138,0,252,0,2,131,0,133,55,61,269,0,385,112,2,114,499
10/10/2002,ABE,PA,AEA,EN,Towers with Radar,49,71,104,1,225,0,0,2,0,2,49,71,106,1,227,0,0,0,227
10/11/2002,ABE,PA,AEA,EN,Towers with Radar,54,68,96,0,218,0,0,0,0,0,54,68,96,0,218,0,0,0,218
10/12/2002,ABE,PA,AEA,EN,Towers with Radar,48,53,145,0,246,0,2,9,0,11,48,55,154,0,257,8,0,8,265
10/13/2002,ABE,PA,AEA,EN,Towers with Radar,43,38,121,0,202,0,1,1,0,2,43,39,122,0,204,0,0,0,204
10/14/2002,ABE,PA,AEA,EN,Towers with Radar,39,48,71,0,158,0,6,111,0,117,39,54,182,0,275,124,0,124,399
10/15/2002,ABE,PA,AEA,EN,Towers with Radar,53,61,118,15,247,0,5,157,1,163,53,66,275,16,410,225,10,235,645
10/16/2002,ABE,PA,AEA,EN,Towers with Radar,61,51,69,13,194,0,0,7,0,7,61,51,76,13,201,12,4,16,217
10/17/2002,ABE,PA,AEA,EN,Towers with Radar,59,52,139,16,266,0,6,116,0,122,59,58,255,16,388,149,12,161,549
10/18/2002,ABE,PA,AEA,EN,Towers with Radar,51,56,109,0,216,0,6,132,0,138,51,62,241,0,354,150,0,150,504
10/19/2002,ABE,PA,AEA,EN,Towers with Radar,41,58,48,0,147,0,9,68,0,77,41,67,116,0,224,72,0,72,296
10/20/2002,ABE,PA,AEA,EN,Towers with Radar,42,36,63,1,142,0,9,141,0,150,42,45,204,1,292,192,0,192,484
10/21/2002,ABE,PA,AEA,EN,Towers with Radar,46,50,101,0,197,0,5,138,0,143,46,55,239,0,340,166,0,166,506
10/22/2002,ABE,PA,AEA,EN,Towers with Radar,56,59,89,0,204,0,0,144,0,144,56,59,233,0,348,170,0,170,518
10/23/2002,ABE,PA,AEA,EN,Towers with Radar,49,46,164,18,277,0,2,185,0,187,49,48,349,18,464,222,18,240,704
10/24/2002,ABE,PA,AEA,EN,Towers with Radar,35,72,106,5,218,0,3,137,0,140,35,75,243,5,358,56,4,60,418
10/25/2002,ABE,PA,AEA,EN,Towers with Radar,47,64,80,13,204,0,3,14,0,17,47,67,94,13,221,0,2,2,223
10/26/2002,ABE,PA,AEA,EN,Towers with Radar,50,48,93,0,191,0,1,14,0,15,50,49,107,0,206,39,0,39,245
10/27/2002,ABE,PA,AEA,EN,Towers with Radar,40,32,80,0,152,0,3,132,0,135,40,35,212,0,287,150,0,150,437
10/28/2002,ABE,PA,AEA,EN,Towers with Radar,45,48,71,0,164,0,7,117,0,124,45,55,188,0,288,112,0,112,400
10/29/2002,ABE,PA,AEA,EN,Towers with Radar,60,45,98,11,214,0,4,55,0,59,60,49,153,11,273,150,6,156,429
10/30/2002,ABE,PA,AEA,EN,Towers with Radar,57,48,53,0,158,0,0,8,0,8,57,48,61,0,166,14,0,14,180
10/31/2002,ABE,PA,AEA,EN,Towers with Radar,55,62,90,1,208,0,12,72,0,84,55,74,162,1,292,88,0,88,380
11/01/2002,ABE,PA,AEA,EN,Towers with Radar,68,53,93,26,240,1,9,71,0,81,69,62,164,26,321,57,6,63,384
11/02/2002,ABE,PA,AEA,EN,Towers with Radar,48,46,91,24,209,0,7,87,0,94,48,53,178,24,303,154,0,154,457
11/03/2002,ABE,PA,AEA,EN,Towers with Radar,43,40,81,14,178,0,0,207,32,239,43,40,288,46,417,168,14,182,599
11/04/2002,ABE,PA,AEA,EN,Towers with Radar,34,61,55,3,153,0,4,57,4,65,34,65,112,7,218,108,8,116,334
11/05/2002,ABE,PA,AEA,EN,Towers with Radar,42,58,100,8,208,0,10,97,0,107,42,68,197,8,315,276,10,286,601
11/06/2002,ABE,PA,AEA,EN,Towers with Radar,51,81,73,10,215,0,1,16,0,17,51,82,89,10,232,46,0,46,278
11/07/2002,ABE,PA,AEA,EN,Towers with Radar,53,58,105,34,250,0,1,60,0,61,53,59,165,34,311,110,6,116,427
11/08/2002,ABE,PA,AEA,EN,Towers with Radar,59,48,108,16,231,1,3,128,0,132,60,51,236,16,363,164,10,174,537
11/09/2002,ABE,PA,AEA,EN,Towers with Radar,40,53,118,2,213,1,8,157,0,166,41,61,275,2,379,174,0,174,553
11/10/2002,ABE,PA,AEA,EN,Towers with Radar,37,37,45,0,119,1,7,45,0,53,38,44,90,0,172,59,0,59,231
11/11/2002,ABE,PA,AEA,EN,Towers with Radar,46,44,57,0,147,1,3,21,0,25,47,47,78,0,172,42,0,42,214
11/12/2002,ABE,PA,AEA,EN,Towers with Radar,47,65,103,14,229,1,6,12,0,19,48,71,115,14,248,26,0,26,274
11/13/2002,ABE,PA,AEA,EN,Towers with Radar,43,68,81,48,240,1,4,45,0,50,44,72,126,48,290,123,19,142,432
11/14/2002,ABE,PA,AEA,EN,Towers with Radar,55,58,88,2,203,0,9,147,1,157,55,67,235,3,360,142,0,142,502
11/15/2002,ABE,PA,AEA,EN,Towers with Radar,48,57,102,0,207,0,5,146,0,151,48,62,248,0,358,141,0,141,499
11/16/2002,ABE,PA,AEA,EN,Towers with Radar,45,45,35,0,125,0,4,23,0,27,45,49,58,0,152,20,0,20,172
11/17/2002,ABE,PA,AEA,EN,Towers with Radar,37,34,45,0,116,0,1,0,0,1,37,35,45,0,117,2,0,2,119
11/18/2002,ABE,PA,AEA,EN,Towers with Radar,42,61,49,2,154,0,2,27,0,29,42,63,76,2,183,16,1,17,200
11/19/2002,ABE,PA,AEA,EN,Towers with Radar,50,62,120,26,258,0,6,108,0,114,50,68,228,26,372,150,10,160,532
11/20/2002,ABE,PA,AEA,EN,Towers with Radar,59,57,145,84,345,0,4,159,2,165,59,61,304,86,510,232,40,272,782
11/21/2002,ABE,PA,AEA,EN,Towers with Radar,57,56,80,0,193,0,3,51,0,54,57,59,131,0,247,42,0,42,289
11/22/2002,ABE,PA,AEA,EN,Towers with Radar,54,70,57,2,183,0,1,5,0,6,54,71,62,2,189,0,0,0,189
11/23/2002,ABE,PA,AEA,EN,Towers with Radar,52,54,26,0,132,0,4,16,0,20,52,58,42,0,152,0,0,0,152
11/24/2002,ABE,PA,AEA,EN,Towers with Radar,45,33,81,0,159,0,5,163,0,168,45,38,244,0,327,136,0,136,463
11/25/2002,ABE,PA,AEA,EN,Towers with Radar,49,45,83,26,203,0,3,108,0,111,49,48,191,26,314,126,20,146,460
11/26/2002,ABE,PA,AEA,EN,Towers with Radar,57,58,143,35,293,0,2,126,0,128,57,60,269,35,421,178,16,194,615
11/27/2002,ABE,PA,AEA,EN,Towers with Radar,64,63,23,11,161,0,3,18,0,21,64,66,41,11,182,36,10,46,228
11/28/2002,ABE,PA,AEA,EN,Towers with Radar,53,44,37,0,134,0,2,38,0,40,53,46,75,0,174,20,0,20,194
11/29/2002,ABE,PA,AEA,EN,Towers with Radar,39,40,67,0,146,0,2,72,0,74,39,42,139,0,220,26,0,26,246
11/30/2002,ABE,PA,AEA,EN,Towers with Radar,49,56,69,0,174,0,1,131,0,132,49,57,200,0,306,92,0,92,398
12/01/2002,ABE,PA,AEA,EN,Towers with Radar,39,52,20,0,111,0,2,16,0,18,39,54,36,0,129,28,0,28,157
12/02/2002,ABE,PA,AEA,EN,Towers with Radar,35,52,66,0,153,0,4,76,0,80,35,56,142,0,233,100,0,100,333
12/03/2002,ABE,PA,AEA,EN,Towers with Radar,55,58,47,71,231,0,1,41,0,42,55,59,88,71,273,48,18,66,339
12/04/2002,ABE,PA,AEA,EN,Towers with Radar,54,48,77,13,192,0,10,94,0,104,54,58,171,13,296,80,6,86,382
12/05/2002,ABE,PA,AEA,EN,Towers with Radar,45,55,22,0,122,0,2,14,0,16,45,57,36,0,138,4,0,4,142
12/06/2002,ABE,PA,AEA,EN,Towers with Radar,65,47,60,0,172,0,0,54,0,54,65,47,114,0,226,36,0,36,262
12/07/2002,ABE,PA,AEA,EN,Towers with Radar,42,45,110,0,197,0,4,151,0,155,42,49,261,0,352,180,0,180,532
12/08/2002,ABE,PA,AEA,EN,Towers with Radar,45,29,97,11,182,0,5,125,0,130,45,34,222,11,312,185,4,189,501
12/09/2002,ABE,PA,AEA,EN,Towers with Radar,43,55,62,26,186,0,3,86,0,89,43,58,148,26,275,72,14,86,361
12/10/2002,ABE,PA,AEA,EN,Towers with Radar,53,54,98,12,217,0,3,93,0,96,53,57,191,12,313,128,4,132,445
12/11/2002,ABE,PA,AEA,EN,Towers with Radar,44,54,26,0,124,0,1,7,0,8,44,55,33,0,132,0,0,0,132
12/12/2002,ABE,PA,AEA,EN,Towers with Radar,61,50,106,5,222,0,3,45,2,50,61,53,151,7,272,180,8,188,460
12/13/2002,ABE,PA,AEA,EN,Towers with Radar,57,57,67,7,188,0,1,12,0,13,57,58,79,7,201,42,0,42,243
12/14/2002,ABE,PA,AEA,EN,Towers with Radar,41,56,37,0,134,0,2,1,0,3,41,58,38,0,137,2,0,2,139
12/15/2002,ABE,PA,AEA,EN,Towers with Radar,44,33,79,0,156,0,2,139,0,141,44,35,218,0,297,142,0,142,439
12/16/2002,ABE,PA,AEA,EN,Towers with Radar,39,55,45,0,139,0,3,17,0,20,39,58,62,0,159,50,0,50,209
12/17/2002,ABE,PA,AEA,EN,Towers with Radar,52,67,90,14,223,0,4,123,1,128,52,71,213,15,351,144,4,148,499
12/18/2002,ABE,PA,AEA,EN,Towers with Radar,48,59,100,39,246,0,5,139,2,146,48,64,239,41,392,154,24,178,570
12/19/2002,ABE,PA,AEA,EN,Towers with Radar,54,62,125,21,262,0,3,99,0,102,54,65,224,21,364,83,16,99,463
12/20/2002,ABE,PA,AEA,EN,Towers with Radar,66,58,72,5,201,0,5,21,0,26,66,63,93,5,227,18,0,18,245
12/21/2002,ABE,PA,AEA,EN,Towers with Radar,45,52,51,0,148,0,1,41,0,42,45,53,92,0,190,100,2,102,292
12/22/2002,ABE,PA,AEA,EN,Towers with Radar,42,30,71,0,143,0,6,132,0,138,42,36,203,0,281,168,0,168,449
12/23/2002,ABE,PA,AEA,EN,Towers with Radar,42,50,46,5,143,0,7,52,0,59,42,57,98,5,202,100,0,100,302
12/24/2002,ABE,PA,AEA,EN,Towers with Radar,56,41,33,1,131,0,3,55,0,58,56,44,88,1,189,85,0,85,274
12/25/2002,ABE,PA,AEA,EN,Towers with Radar,36,23,1,0,60,0,6,0,0,6,36,29,1,0,66,0,0,0,66
12/26/2002,ABE,PA,AEA,EN,Towers with Radar,43,44,28,0,115,0,4,20,0,24,43,48,48,0,139,46,7,53,192
12/27/2002,ABE,PA,AEA,EN,Towers with Radar,56,51,50,7,164,0,4,34,0,38,56,55,84,7,202,108,4,112,314
12/28/2002,ABE,PA,AEA,EN,Towers with Radar,40,47,69,0,156,0,2,84,1,87,40,49,153,1,243,170,0,170,413
12/29/2002,ABE,PA,AEA,EN,Towers with Radar,44,36,54,0,134,0,6,106,0,112,44,42,160,0,246,168,0,168,414
12/30/2002,ABE,PA,AEA,EN,Towers with Radar,52,48,46,8,154,0,2,80,0,82,52,50,126,8,236,134,0,134,370
12/31/2002,ABE,PA,AEA,EN,Towers with Radar,58,50,74,0,182,0,0,15,0,15,58,50,89,0,197,8,0,8,205
01/02/2003,ABE,PA,AEA,EN,Towers with Radar,43,59,45,2,149,0,3,7,1,11,43,62,52,3,160,8,0,8,168
01/03/2003,ABE,PA,AEA,EN,Towers with Radar,46,53,14,0,113,1,0,1,0,2,47,53,15,0,115,0,0,0,115
01/04/2003,ABE,PA,AEA,EN,Towers with Radar,41,52,31,0,124,1,5,10,0,16,42,57,41,0,140,36,0,36,176
01/05/2003,ABE,PA,AEA,EN,Towers with Radar,30,41,84,0,155,1,1,86,0,88,31,42,170,0,243,48,0,48,291
01/06/2003,ABE,PA,AEA,EN,Towers with Radar,41,49,25,0,115,1,0,0,0,1,42,49,25,0,116,0,0,0,116
01/07/2003,ABE,PA,AEA,EN,Towers with Radar,50,55,71,2,178,1,7,62,0,70,51,62,133,2,248,61,0,61,309
01/08/2003,ABE,PA,AEA,EN,Towers with Radar,57,53,74,45,229,0,0,47,3,50,57,53,121,48,279,80,26,106,385
01/09/2003,ABE,PA,AEA,EN,Towers with Radar,42,69,58,1,170,0,3,51,1,55,42,72,109,2,225,28,6,34,259
01/10/2003,ABE,PA,AEA,EN,Towers with Radar,47,67,67,17,198,0,1,71,2,74,47,68,138,19,272,128,0,128,400
01/11/2003,ABE,PA,AEA,EN,Towers with Radar,44,43,67,11,165,0,8,71,1,80,44,51,138,12,245,112,10,122,367
01/12/2003,ABE,PA,AEA,EN,Towers with Radar,43,33,35,7,118,0,4,78,1,83,43,37,113,8,201,118,32,150,351
01/13/2003,ABE,PA,AEA,EN,Towers with Radar,46,47,63,12,168,0,2,83,2,87,46,49,146,14,255,140,8,148,403
01/14/2003,ABE,PA,AEA,EN,Towers with Radar,59,58,88,42,247,0,6,109,4,119,59,64,197,46,366,132,16,148,514
01/15/2003,ABE,PA,AEA,EN,Towers with Radar,49,60,48,0,157,0,3,51,0,54,49,63,99,0,211,144,0,144,355
01/16/2003,ABE,PA,AEA,EN,Towers with Radar,47,69,205,4,325,0,6,124,6,136,47,75,329,10,461,174,4,178,639
01/17/2003,ABE,PA,AEA,EN,Towers with Radar,55,37,110,16,218,0,7,70,0,77,55,44,180,16,295,20,0,20,315
01/18/2003,ABE,PA,AEA,EN,Towers with Radar,50,42,103,0,195,0,3,109,0,112,50,45,212,0,307,113,0,113,420
01/19/2003,ABE,PA,AEA,EN,Towers with Radar,44,37,60,6,147,0,1,65,0,66,44,38,125,6,213,76,0,76,289
01/20/2003,ABE,PA,AEA,EN,Towers with Radar,47,47,35,0,129,0,7,35,0,42,47,54,70,0,171,42,0,42,213
01/21/2003,ABE,PA,AEA,EN,Towers with Radar,45,53,71,11,180,0,5,73,0,78,45,58,144,11,258,152,6,158,416
01/22/2003,ABE,PA,AEA,EN,Towers with Radar,52,61,55,17,185,0,7,53,0,60,52,68,108,17,245,115,0,115,360
01/23/2003,ABE,PA,AEA,EN,Towers with Radar,44,62,38,10,154,0,6,37,2,45,44,68,75,12,199,138,0,138,337
01/24/2003,ABE,PA,AEA,EN,Towers with Radar,58,63,69,11,201,0,5,65,0,70,58,68,134,11,271,212,14,226,497
01/25/2003,ABE,PA,AEA,EN,Towers with Radar,42,40,146,0,228,0,5,176,0,181,42,45,322,0,409,190,0,190,599
01/26/2003,ABE,PA,AEA,EN,Towers with Radar,34,35,66,0,135,0,3,72,0,75,34,38,138,0,210,98,6,104,314
01/27/2003,ABE,PA,AEA,EN,Towers with Radar,37,72,26,3,138,0,3,32,0,35,37,75,58,3,173,28,0,28,201
01/28/2003,ABE,PA,AEA,EN,Towers with Radar,50,74,93,0,217,0,10,44,0,54,50,84,137,0,271,148,0,148,419
01/29/2003,ABE,PA,AEA,EN,Towers with Radar,49,59,49,0,157,0,0,1,0,1,49,59,50,0,158,6,0,6,164
01/30/2003,ABE,PA,AEA,EN,Towers with Radar,61,52,80,7,200,0,1,91,0,92,61,53,171,7,292,146,16,162,454
01/31/2003,ABE,PA,AEA,EN,Towers with Radar,56,66,88,16,226,0,3,25,0,28,56,69,113,16,254,30,2,32,286
02/01/2003,ABE,PA,AEA,EN,Towers with Radar,38,52,15,0,105,0,0,0,0,0,38,52,15,0,105,0,0,0,105
02/02/2003,ABE,PA,AEA,EN,Towers with Radar,35,38,57,0,130,0,5,47,0,52,35,43,104,0,182,88,28,116,298
02/03/2003,ABE,PA,AEA,EN,Towers with Radar,42,47,80,0,169,0,2,117,0,119,42,49,197,0,288,164,0,164,452
02/04/2003,ABE,PA,AEA,EN,Towers with Radar,45,53,50,3,151,0,0,5,0,5,45,53,55,3,156,6,0,6,162
02/05/2003,ABE,PA,AEA,EN,Towers with Radar,46,63,50,0,159,0,2,44,0,46,46,65,94,0,205,36,0,36,241
02/06/2003,ABE,PA,AEA,EN,Towers with Radar,52,61,107,31,251,0,4,94,0,98,52,65,201,31,349,164,6,170,519
02/07/2003,ABE,PA,AEA,EN,Towers with Radar,55,53,23,0,131,0,1,12,0,13,55,54,35,0,144,6,0,6,150
02/08/2003,ABE,PA,AEA,EN,Towers with Radar,42,42,129,7,220,0,10,149,0,159,42,52,278,7,379,102,6,108,487
02/09/2003,ABE,PA,AEA,EN,Towers with Radar,45,30,89,0,164,0,4,140,0,144,45,34,229,0,308,125,2,127,435
02/10/2003,ABE,PA,AEA,EN,Towers with Radar,44,46,40,11,141,0,1,18,0,19,44,47,58,11,160,6,8,14,174
02/11/2003,ABE,PA,AEA,EN,Towers with Radar,51,61,73,0,185,0,9,68,0,77,51,70,141,0,262,106,0,106,368
02/12/2003,ABE,PA,AEA,EN,Towers with Radar,52,55,28,0,135,0,5,19,0,24,52,60,47,0,159,6,0,6,165
02/13/2003,ABE,PA,AEA,EN,Towers with Radar,57,68,61,0,186,0,2,44,0,46,57,70,105,0,232,28,0,28,260
02/14/2003,ABE,PA,AEA,EN,Towers with Radar,61,58,103,16,238,0,9,85,0,94,61,67,188,16,332,88,4,92,424
02/15/2003,ABE,PA,AEA,EN,Towers with Radar,47,46,55,0,148,0,4,61,0,65,47,50,116,0,213,86,0,86,299
02/16/2003,ABE,PA,AEA,EN,Towers with Radar,31,26,16,0,73,0,7,17,0,24,31,33,33,0,97,34,0,34,131
02/17/2003,ABE,PA,AEA,EN,Towers with Radar,14,4,2,0,20,0,0,0,0,0,14,4,2,0,20,0,0,0,20
02/18/2003,ABE,PA,AEA,EN,Towers with Radar,31,35,29,0,95,0,5,4,0,9,31,40,33,0,104,6,0,6,110
02/19/2003,ABE,PA,AEA,EN,Towers with Radar,59,52,22,7,140,0,4,19,0,23,59,56,41,7,163,14,0,14,177
02/20/2003,ABE,PA,AEA,EN,Towers with Radar,62,55,53,16,186,0,10,67,0,77,62,65,120,16,263,124,6,130,393
02/21/2003,ABE,PA,AEA,EN,Towers with Radar,65,53,109,17,244,0,3,94,1,98,65,56,203,18,342,110,14,124,466
02/22/2003,ABE,PA,AEA,EN,Towers with Radar,41,38,15,0,94,0,0,0,0,0,41,38,15,0,94,0,0,0,94
02/23/2003,ABE,PA,AEA,EN,Towers with Radar,40,30,18,0,88,0,1,2,0,3,40,31,20,0,91,14,0,14,105
02/24/2003,ABE,PA,AEA,EN,Towers with Radar,42,56,66,0,164,0,5,33,0,38,42,61,99,0,202,34,0,34,236
02/25/2003,ABE,PA,AEA,EN,Towers with Radar,48,62,82,15,207,0,4,91,0,95,48,66,173,15,302,104,0,104,406
02/26/2003,ABE,PA,AEA,EN,Towers with Radar,54,52,81,3,190,0,11,66,0,77,54,63,147,3,267,94,4,98,365
02/27/2003,ABE,PA,AEA,EN,Towers with Radar,60,57,99,30,246,0,5,41,0,46,60,62,140,30,292,51,28,79,371
02/28/2003,ABE,PA,AEA,EN,Towers with Radar,52,60,57,8,177,0,3,43,0,46,52,63,100,8,223,96,0,96,319
03/01/2003,ABE,PA,AEA,EN,Towers with Radar,41,51,56,3,151,2,1,19,0,22,43,52,75,3,173,8,0,8,181
03/02/2003,ABE,PA,AEA,EN,Towers with Radar,35,44,33,0,112,0,0,6,0,6,35,44,39,0,118,37,0,37,155
03/03/2003,ABE,PA,AEA,EN,Towers with Radar,44,46,90,5,185,0,0,109,0,109,44,46,199,5,294,60,0,60,354
03/04/2003,ABE,PA,AEA,EN,Towers with Radar,55,50,130,0,235,0,4,138,3,145,55,54,268,3,380,61,0,61,441
03/05/2003,ABE,PA,AEA,EN,Towers with Radar,52,51,67,2,172,0,6,44,0,50,52,57,111,2,222,74,0,74,296
03/06/2003,ABE,PA,AEA,EN,Towers with Radar,53,63,24,0,140,0,0,1,0,1,53,63,25,0,141,4,0,4,145
03/07/2003,ABE,PA,AEA,EN,Towers with Radar,47,70,99,0,216,0,4,87,0,91,47,74,186,0,307,72,0,72,379
03/08/2003,ABE,PA,AEA,EN,Towers with Radar,40,49,147,0,236,0,4,178,0,182,40,53,325,0,418,220,0,220,638
03/09/2003,ABE,PA,AEA,EN,Towers with Radar,45,36,58,15,154,0,0,76,0,76,45,36,134,15,230,158,6,164,394
03/10/2003,ABE,PA,AEA,EN,Towers with Radar,34,65,28,2,129,0,2,44,2,48,34,67,72,4,177,26,0,26,203
03/11/2003,ABE,PA,AEA,EN,Towers with Radar,60,58,86,5,209,0,3,76,0,79,60,61,162,5,288,147,2,149,437
03/12/2003,ABE,PA,AEA,EN,Towers with Radar,48,71,137,12,268,0,4,40,0,44,48,75,177,12,312,76,2,78,390
03/13/2003,ABE,PA,AEA,EN,Towers with Radar,58,59,49,0,166,0,1,28,0,29,58,60,77,0,195,12,0,12,207
03/14/2003,ABE,PA,AEA,EN,Towers with Radar,59,68,56,3,186,0,5,106,0,111,59,73,162,3,297,172,0,172,469
03/15/2003,ABE,PA,AEA,EN,Towers with Radar,50,47,118,0,215,0,6,219,0,225,50,53,337,0,440,190,0,190,630
03/16/2003,ABE,PA,AEA,EN,Towers with Radar,34,43,84,0,161,0,1,181,0,182,34,44,265,0,343,186,0,186,529
03/17/2003,ABE,PA,AEA,EN,Towers with Radar,43,61,130,0,234,0,3,52,0,55,43,64,182,0,289,83,0,83,372
03/18/2003,ABE,PA,AEA,EN,Towers with Radar,51,56,91,8,206,0,3,116,0,119,51,59,207,8,325,178,0,178,503
03/19/2003,ABE,PA,AEA,EN,Towers with Radar,51,60,96,0,207,0,2,74,0,76,51,62,170,0,283,147,0,147,430
03/20/2003,ABE,PA,AEA,EN,Towers with Radar,56,69,69,0,194,0,0,4,0,4,56,69,73,0,198,10,0,10,208
03/21/2003,ABE,PA,AEA,EN,Towers with Radar,65,71,126,0,262,0,0,18,0,18,65,71,144,0,280,18,0,18,298
03/22/2003,ABE,PA,AEA,EN,Towers with Radar,54,55,90,12,211,0,0,163,0,163,54,55,253,12,374,130,0,130,504
03/23/2003,ABE,PA,AEA,EN,Towers with Radar,37,41,123,0,201,0,6,160,0,166,37,47,283,0,367,174,0,174,541
03/24/2003,ABE,PA,AEA,EN,Towers with Radar,44,54,121,14,233,0,5,111,1,117,44,59,232,15,350,150,0,150,500
03/25/2003,ABE,PA,AEA,EN,Towers with Radar,59,66,126,1,252,0,3,139,2,144,59,69,265,3,396,254,6,260,656
03/26/2003,ABE,PA,AEA,EN,Towers with Radar,47,60,96,0,203,0,1,71,0,72,47,61,167,0,275,114,1,115,390
03/27/2003,ABE,PA,AEA,EN,Towers with Radar,56,68,116,7,247,0,6,161,0,167,56,74,277,7,414,140,11,151,565
03/28/2003,ABE,PA,AEA,EN,Towers with Radar,63,65,130,1,259,0,3,84,2,89,63,68,214,3,348,125,6,131,479
03/29/2003,ABE,PA,AEA,EN,Towers with Radar,54,52,71,1,178,0,0,4,0,4,54,52,75,1,182,16,0,16,198
03/30/2003,ABE,PA,AEA,EN,Towers with Radar,37,37,20,0,94,0,0,1,0,1,37,37,21,0,95,0,0,0,95
03/31/2003,ABE,PA,AEA,EN,Towers with Radar,47,59,63,6,175,0,4,36,0,40,47,63,99,6,215,38,24,62,277
04/01/2003,ABE,PA,AEA,EN,Towers with Radar,56,66,43,6,171,0,0,72,0,72,56,66,115,6,243,102,0,102,345
04/02/2003,ABE,PA,AEA,EN,Towers with Radar,64,57,60,0,181,0,0,124,0,124,64,57,184,0,305,78,0,78,383
04/03/2003,ABE,PA,AEA,EN,Towers with Radar,69,65,135,0,269,0,0,80,0,80,69,65,215,0,349,102,0,102,451
04/04/2003,ABE,PA,AEA,EN,Towers with Radar,55,66,9,0,130,0,0,38,0,38,55,66,47,0,168,0,0,0,168
04/05/2003,ABE,PA,AEA,EN,Towers with Radar,44,51,55,1,151,0,0,29,0,29,44,51,84,1,180,0,0,0,180
04/06/2003,ABE,PA,AEA,EN,Towers with Radar,49,35,72,0,156,0,0,135,0,135,49,35,207,0,291,128,0,128,419
04/07/2003,ABE,PA,AEA,EN,Towers with Radar,37,45,0,0,82,0,0,31,0,31,37,45,31,0,113,12,0,12,125
04/08/2003,ABE,PA,AEA,EN,Towers with Radar,51,60,0,0,111,0,0,24,0,24,51,60,24,0,135,0,0,0,135
04/09/2003,ABE,PA,AEA,EN,Towers with Radar,52,59,12,0,123,0,0,30,0,30,52,59,42,0,153,0,0,0,153
04/10/2003,ABE,PA,AEA,EN,Towers with Radar,54,74,77,7,212,0,0,89,0,89,54,74,166,7,301,96,10,106,407
04/11/2003,ABE,PA,AEA,EN,Towers with Radar,51,68,24,0,143,0,0,32,0,32,51,68,56,0,175,4,0,4,179
04/12/2003,ABE,PA,AEA,EN,Towers with Radar,45,60,79,0,184,0,0,90,0,90,45,60,169,0,274,128,0,128,402
04/13/2003,ABE,PA,AEA,EN,Towers with Radar,44,45,146,0,235,0,0,234,0,234,44,45,380,0,469,186,0,186,655
04/14/2003,ABE,PA,AEA,EN,Towers with Radar,45,64,88,21,218,0,0,184,0,184,45,64,272,21,402,232,10,242,644
04/15/2003,ABE,PA,AEA,EN,Towers with Radar,48,69,108,11,236,0,0,188,0,188,48,69,296,11,424,174,14,188,612
04/16/2003,ABE,PA,AEA,EN,Towers with Radar,46,71,101,9,227,0,0,155,0,155,46,71,256,9,382,163,28,191,573
04/17/2003,ABE,PA,AEA,EN,Towers with Radar,47,78,44,0,169,0,0,42,0,42,47,78,86,0,211,64,0,64,275
04/18/2003,ABE,PA,AEA,EN,Towers with Radar,59,58,85,7,209,0,0,37,0,37,59,58,122,7,246,44,6,50,296
04/19/2003,ABE,PA,AEA,EN,Towers with Radar,20,30,182,9,241,32,11,114,0,157,52,41,296,9,398,108,0,108,506
04/20/2003,ABE,PA,AEA,EN,Towers with Radar,20,19,104,1,144,18,24,56,0,98,38,43,160,1,242,166,0,166,408
04/21/2003,ABE,PA,AEA,EN,Towers with Radar,20,48,143,1,212,21,22,9,0,52,41,70,152,1,264,98,0,98,362
04/22/2003,ABE,PA,AEA,EN,Towers with Radar,20,47,119,0,186,29,13,0,0,42,49,60,119,0,228,83,5,88,316
04/23/2003,ABE,PA,AEA,EN,Towers with Radar,22,56,111,9,198,35,7,26,0,68,57,63,137,9,266,32,22,54,320
04/24/2003,ABE,PA,AEA,EN,Towers with Radar,25,55,159,9,248,35,9,65,3,112,60,64,224,12,360,93,10,103,463
04/25/2003,ABE,PA,AEA,EN,Towers with Radar,27,54,171,11,263,35,13,83,2,133,62,67,254,13,396,117,4,121,517
04/26/2003,ABE,PA,AEA,EN,Towers with Radar,20,39,140,0,199,19,21,0,0,40,39,60,140,0,239,8,0,8,247
04/27/2003,ABE,PA,AEA,EN,Towers with Radar,20,28,135,0,183,26,25,95,0,146,46,53,230,0,329,224,0,224,553
04/28/2003,ABE,PA,AEA,EN,Towers with Radar,20,45,142,7,214,20,26,99,0,145,40,71,241,7,359,158,2,160,519
04/29/2003,ABE,PA,AEA,EN,Towers with Radar,20,58,185,26,289,33,12,72,0,117,53,70,257,26,406,178,14,192,598
04/30/2003,ABE,PA,AEA,EN,Towers with Radar,20,57,144,0,221,29,25,162,0,216,49,82,306,0,437,160,0,160,597
05/01/2003,ABE,PA,AEA,EN,Towers with Radar,63,49,72,11,195,0,0,40,2,42,63,49,112,13,237,60,4,64,301
05/02/2003,ABE,PA,AEA,EN,Towers with Radar,64,62,46,7,179,0,0,27,0,27,64,62,73,7,206,80,14,94,300
05/03/2003,ABE,PA,AEA,EN,Towers with Radar,49,51,79,0,179,0,3,108,0,111,49,54,187,0,290,0,0,0,290
05/04/2003,ABE,PA,AEA,EN,Towers with Radar,41,49,88,0,178,0,10,141,0,151,41,59,229,0,329,166,0,166,495
05/05/2003,ABE,PA,AEA,EN,Towers with Radar,45,64,119,0,228,0,1,93,0,94,45,65,212,0,322,132,0,132,454
05/06/2003,ABE,PA,AEA,EN,Towers with Radar,53,59,59,0,171,0,1,8,0,9,53,60,67,0,180,32,0,32,212
05/07/2003,ABE,PA,AEA,EN,Towers with Radar,60,78,113,1,252,0,3,74,0,77,60,81,187,1,329,131,0,131,460
05/08/2003,ABE,PA,AEA,EN,Towers with Radar,53,71,110,7,241,0,0,5,0,5,53,71,115,7,246,52,0,52,298
05/09/2003,ABE,PA,AEA,EN,Towers with Radar,63,68,105,0,236,0,1,20,0,21,63,69,125,0,257,32,0,32,289
05/10/2003,ABE,PA,AEA,EN,Towers with Radar,44,45,103,5,197,0,2,9,0,11,44,47,112,5,208,16,0,16,224
05/11/2003,ABE,PA,AEA,EN,Towers with Radar,44,44,52,0,140,0,0,2,0,2,44,44,54,0,142,0,0,0,142
05/12/2003,ABE,PA,AEA,EN,Towers with Radar,49,59,87,14,209,0,2,46,0,48,49,61,133,14,257,68,0,68,325
05/13/2003,ABE,PA,AEA,EN,Towers with Radar,47,71,105,13,236,0,2,56,0,58,47,73,161,13,294,30,2,32,326
05/14/2003,ABE,PA,AEA,EN,Towers with Radar,50,59,144,6,259,0,0,141,0,141,50,59,285,6,400,80,8,88,488
05/15/2003,ABE,PA,AEA,EN,Towers with Radar,62,61,94,13,230,0,8,109,0,117,62,69,203,13,347,124,12,136,483
05/16/2003,ABE,PA,AEA,EN,Towers with Radar,55,79,47,0,181,0,4,10,0,14,55,83,57,0,195,0,0,0,195
05/17/2003,ABE,PA,AEA,EN,Towers with Radar,46,58,175,0,279,0,1,49,0,50,46,59,224,0,329,72,0,72,401
05/18/2003,ABE,PA,AEA,EN,Towers with Radar,43,48,149,0,240,0,5,171,0,176,43,53,320,0,416,146,4,150,566
05/19/2003,ABE,PA,AEA,EN,Towers with Radar,44,70,99,0,213,0,2,123,0,125,44,72,222,0,338,188,0,188,526
05/20/2003,ABE,PA,AEA,EN,Towers with Radar,51,64,186,7,308,0,7,193,0,200,51,71,379,7,508,259,4,263,771
05/21/2003,ABE,PA,AEA,EN,Towers with Radar,51,68,124,0,243,0,0,36,0,36,51,68,160,0,279,54,0,54,333
05/22/2003,ABE,PA,AEA,EN,Towers with Radar,54,70,134,31,289,0,1,16,0,17,54,71,150,31,306,110,21,131,437
05/23/2003,ABE,PA,AEA,EN,Towers with Radar,58,66,116,5,245,0,0,3,0,3,58,66,119,5,248,0,4,4,252
05/24/2003,ABE,PA,AEA,EN,Towers with Radar,45,50,73,0,168,0,0,0,0,0,45,50,73,0,168,6,0,6,174
05/25/2003,ABE,PA,AEA,EN,Towers with Radar,40,42,79,0,161,0,0,3,0,3,40,42,82,0,164,66,0,66,230
05/26/2003,ABE,PA,AEA,EN,Towers with Radar,42,56,76,0,174,0,1,4,0,5,42,57,80,0,179,38,0,38,217
05/27/2003,ABE,PA,AEA,EN,Towers with Radar,39,61,167,28,295,0,1,36,0,37,39,62,203,28,332,83,8,91,423
05/28/2003,ABE,PA,AEA,EN,Towers with Radar,47,71,83,0,201,0,1,7,0,8,47,72,90,0,209,9,0,9,218
05/29/2003,ABE,PA,AEA,EN,Towers with Radar,54,68,109,11,242,0,7,154,4,165,54,75,263,15,407,197,12,209,616
05/30/2003,ABE,PA,AEA,EN,Towers with Radar,59,70,70,10,209,0,4,110,0,114,59,74,180,10,323,154,10,164,487
05/31/2003,ABE,PA,AEA,EN,Towers with Radar,40,65,62,0,167,0,5,38,0,43,40,70,100,0,210,70,0,70,280
06/01/2003,ABE,PA,AEA,EN,Towers with Radar,40,53,61,0,154,0,1,4,0,5,40,54,65,0,159,14,0,14,173
06/02/2003,ABE,PA,AEA,EN,Towers with Radar,49,58,127,0,234,0,4,164,0,168,49,62,291,0,402,178,0,178,580
06/03/2003,ABE,PA,AEA,EN,Towers with Radar,55,59,129,46,289,0,0,87,0,87,55,59,216,46,376,184,44,228,604
06/04/2003,ABE,PA,AEA,EN,Towers with Radar,60,54,90,5,209,0,0,0,0,0,60,54,90,5,209,4,0,4,213
06/05/2003,ABE,PA,AEA,EN,Towers with Radar,65,65,135,3,268,0,2,81,0,83,65,67,216,3,351,122,0,122,473
06/06/2003,ABE,PA,AEA,EN,Towers with Radar,68,54,161,21,304,0,0,162,2,164,68,54,323,23,468,156,36,192,660
06/07/2003,ABE,PA,AEA,EN,Towers with Radar,51,46,40,0,137,0,0,16,0,16,51,46,56,0,153,44,0,44,197
06/08/2003,ABE,PA,AEA,EN,Towers with Radar,40,60,204,15,319,0,1,51,0,52,40,61,255,15,371,126,0,126,497
06/09/2003,ABE,PA,AEA,EN,Towers with Radar,52,56,110,0,218,0,1,79,0,80,52,57,189,0,298,152,0,152,450
06/10/2003,ABE,PA,AEA,EN,Towers with Radar,52,61,91,8,212,0,5,196,0,201,52,66,287,8,413,244,6,250,663
06/11/2003,ABE,PA,AEA,EN,Towers with Radar,51,65,93,4,213,0,2,29,0,31,51,67,122,4,244,14,0,14,258
06/12/2003,ABE,PA,AEA,EN,Towers with Radar,50,63,162,0,275,0,7,22,3,32,50,70,184,3,307,36,10,46,353
06/13/2003,ABE,PA,AEA,EN,Towers with Radar,60,59,70,0,189,0,0,1,0,1,60,59,71,0,190,2,0,2,192
06/14/2003,ABE,PA,AEA,EN,Towers with Radar,52,49,92,0,193,0,3,16,0,19,52,52,108,0,212,42,0,42,254
06/15/2003,ABE,PA,AEA,EN,Towers with Radar,48,50,96,1,195,0,6,155,0,161,48,56,251,1,356,137,0,137,493
06/16/2003,ABE,PA,AEA,EN,Towers with Radar,53,60,91,11,215,0,8,107,0,115,53,68,198,11,330,168,10,178,508
06/17/2003,ABE,PA,AEA,EN,Towers with Radar,49,57,171,2,279,0,2,180,0,182,49,59,351,2,461,141,6,147,608
06/18/2003,ABE,PA,AEA,EN,Towers with Radar,51,55,116,13,235,0,12,38,0,50,51,67,154,13,285,36,0,36,321
06/19/2003,ABE,PA,AEA,EN,Towers with Radar,66,59,103,0,228,0,1,5,0,6,66,60,108,0,234,17,0,17,251
06/20/2003,ABE,PA,AEA,EN,Towers with Radar,50,72,86,0,208,0,0,6,0,6,50,72,92,0,214,10,0,10,224
06/21/2003,ABE,PA,AEA,EN,Towers with Radar,41,59,48,0,148,0,0,5,0,5,41,59,53,0,153,12,0,12,165
06/22/2003,ABE,PA,AEA,EN,Towers with Radar,48,59,170,0,277,0,1,37,0,38,48,60,207,0,315,42,0,42,357
06/23/2003,ABE,PA,AEA,EN,Towers with Radar,49,57,90,5,201,0,4,148,0,152,49,61,238,5,353,146,0,146,499
06/24/2003,ABE,PA,AEA,EN,Towers with Radar,53,65,99,20,237,0,5,151,0,156,53,70,250,20,393,178,6,184,577
06/25/2003,ABE,PA,AEA,EN,Towers with Radar,52,61,92,24,229,0,4,162,0,166,52,65,254,24,395,160,14,174,569
06/26/2003,ABE,PA,AEA,EN,Towers with Radar,59,62,115,15,251,0,5,106,0,111,59,67,221,15,362,194,28,222,584
06/27/2003,ABE,PA,AEA,EN,Towers with Radar,64,74,95,1,234,0,8,45,0,53,64,82,140,1,287,89,4,93,380
06/28/2003,ABE,PA,AEA,EN,Towers with Radar,39,48,88,5,180,0,2,148,1,151,39,50,236,6,331,152,0,152,483
06/29/2003,ABE,PA,AEA,EN,Towers with Radar,51,45,129,5,230,0,1,106,0,107,51,46,235,5,337,144,28,172,509
06/30/2003,ABE,PA,AEA,EN,Towers with Radar,43,58,80,0,181,0,4,55,0,59,43,62,135,0,240,89,0,89,329
07/01/2003,ABE,PA,AEA,EN,Towers with Radar,57,54,94,0,205,0,4,148,0,152,57,58,242,0,357,140,0,140,497
07/02/2003,ABE,PA,AEA,EN,Towers with Radar,60,52,70,15,197,0,4,135,0,139,60,56,205,15,336,106,40,146,482
07/03/2003,ABE,PA,AEA,EN,Towers with Radar,61,69,136,21,287,0,8,80,0,88,61,77,216,21,375,142,9,151,526
07/04/2003,ABE,PA,AEA,EN,Towers with Radar,49,55,39,0,143,0,3,67,0,70,49,58,106,0,213,86,0,86,299
07/05/2003,ABE,PA,AEA,EN,Towers with Radar,44,29,51,0,124,0,10,87,0,97,44,39,138,0,221,42,0,42,263
07/06/2003,ABE,PA,AEA,EN,Towers with Radar,37,52,62,0,151,0,1,117,0,118,37,53,179,0,269,108,0,108,377
07/07/2003,ABE,PA,AEA,EN,Towers with Radar,47,64,44,0,155,0,6,60,0,66,47,70,104,0,221,140,0,140,361
07/08/2003,ABE,PA,AEA,EN,Towers with Radar,59,54,69,3,185,0,2,86,0,88,59,56,155,3,273,180,52,232,505
07/09/2003,ABE,PA,AEA,EN,Towers with Radar,43,58,85,14,200,0,6,53,0,59,43,64,138,14,259,156,4,160,419
07/10/2003,ABE,PA,AEA,EN,Towers with Radar,51,75,77,15,218,0,1,13,0,14,51,76,90,15,232,2,0,2,234
07/11/2003,ABE,PA,AEA,EN,Towers with Radar,56,66,67,1,190,0,1,22,0,23,56,67,89,1,213,82,0,82,295
07/12/2003,ABE,PA,AEA,EN,Towers with Radar,43,43,74,12,172,0,1,128,0,129,43,44,202,12,301,148,4,152,453
07/13/2003,ABE,PA,AEA,EN,Towers with Radar,41,53,91,0,185,0,8,164,0,172,41,61,255,0,357,148,0,148,505
07/14/2003,ABE,PA,AEA,EN,Towers with Radar,40,66,59,0,165,0,6,51,2,59,40,72,110,2,224,58,0,58,282
07/15/2003,ABE,PA,AEA,EN,Towers with Radar,49,78,107,0,234,0,6,104,0,110,49,84,211,0,344,90,0,90,434
07/16/2003,ABE,PA,AEA,EN,Towers with Radar,51,76,109,17,253,0,1,67,2,70,51,77,176,19,323,118,18,136,459
07/17/2003,ABE,PA,AEA,EN,Towers with Radar,59,71,97,0,227,0,8,142,0,150,59,79,239,0,377,126,0,126,503
07/18/2003,ABE,PA,AEA,EN,Towers with Radar,50,74,89,0,213,0,10,106,2,118,50,84,195,2,331,40,2,42,373
07/19/2003,ABE,PA,AEA,EN,Towers with Radar,47,54,67,7,175,0,3,144,0,147,47,57,211,7,322,67,14,81,403
07/20/2003,ABE,PA,AEA,EN,Towers with Radar,38,54,81,23,196,0,10,167,0,177,38,64,248,23,373,158,6,164,537
07/21/2003,ABE,PA,AEA,EN,Towers with Radar,40,70,97,0,207,0,4,47,0,51,40,74,144,0,258,177,0,177,435
07/22/2003,ABE,PA,AEA,EN,Towers with Radar,43,69,75,23,210,0,2,9,0,11,43,71,84,23,221,6,12,18,239
07/23/2003,ABE,PA,AEA,EN,Towers with Radar,48,68,75,0,191,0,5,15,0,20,48,73,90,0,211,48,0,48,259
07/24/2003,ABE,PA,AEA,EN,Towers with Radar,58,72,206,2,338,0,4,75,0,79,58,76,281,2,417,149,0,149,566
07/25/2003,ABE,PA,AEA,EN,Towers with Radar,62,64,143,0,269,0,6,125,0,131,62,70,268,0,400,96,0,96,496
07/26/2003,ABE,PA,AEA,EN,Towers with Radar,44,49,119,0,212,0,8,190,8,206,44,57,309,8,418,170,0,170,588
07/27/2003,ABE,PA,AEA,EN,Towers with Radar,42,50,57,0,149,0,2,106,0,108,42,52,163,0,257,102,0,102,359
07/28/2003,ABE,PA,AEA,EN,Towers with Radar,53,55,96,9,213,0,6,73,0,79,53,61,169,9,292,84,0,84,376
07/29/2003,ABE,PA,AEA,EN,Towers with Radar,50,77,125,9,261,0,2,133,1,136,50,79,258,10,397,157,10,167,564
07/30/2003,ABE,PA,AEA,EN,Towers with Radar,45,72,109,8,234,0,2,132,0,134,45,74,241,8,368,104,10,114,482
07/31/2003,ABE,PA,AEA,EN,Towers with Radar,58,75,96,0,229,0,6,78,0,84,58,81,174,0,313,71,2,73,386
08/01/2003,ABE,PA,AEA,EN,Towers with Radar,59,71,47,7,184,0,1,6,0,7,59,72,53,7,191,2,0,2,193
08/02/2003,ABE,PA,AEA,EN,Towers with Radar,48,56,91,0,195,0,0,45,0,45,48,56,136,0,240,6,0,6,246
08/03/2003,ABE,PA,AEA,EN,Towers with Radar,49,39,146,0,234,0,1,4,0,5,49,40,150,0,239,26,0,26,265
08/04/2003,ABE,PA,AEA,EN,Towers with Radar,62,68,72,0,202,0,3,2,0,5,62,71,74,0,207,0,0,0,207
08/05/2003,ABE,PA,AEA,EN,Towers with Radar,55,72,84,0,211,0,0,4,0,4,55,72,88,0,215,4,0,4,219
08/06/2003,ABE,PA,AEA,EN,Towers with Radar,55,77,111,14,257,0,2,48,0,50,55,79,159,14,307,84,0,84,391
08/07/2003,ABE,PA,AEA,EN,Towers with Radar,63,64,64,5,196,0,5,9,0,14,63,69,73,5,210,80,0,80,290
08/08/2003,ABE,PA,AEA,EN,Towers with Radar,59,57,96,0,212,0,3,55,0,58,59,60,151,0,270,76,0,76,346
08/09/2003,ABE,PA,AEA,EN,Towers with Radar,47,44,88,0,179,0,4,5,0,9,47,48,93,0,188,36,0,36,224
08/10/2003,ABE,PA,AEA,EN,Towers with Radar,55,53,77,0,185,0,0,38,0,38,55,53,115,0,223,94,0,94,317
08/11/2003,ABE,PA,AEA,EN,Towers with Radar,45,62,62,0,169,0,2,14,0,16,45,64,76,0,185,20,0,20,205
08/12/2003,ABE,PA,AEA,EN,Towers with Radar,49,75,116,3,243,0,2,42,0,44,49,77,158,3,287,62,0,62,349
08/13/2003,ABE,PA,AEA,EN,Towers with Radar,61,66,126,10,263,0,7,65,0,72,61,73,191,10,335,58,8,66,401
08/14/2003,ABE,PA,AEA,EN,Towers with Radar,57,62,101,0,220,0,5,136,1,142,57,67,237,1,362,115,2,117,479
08/15/2003,ABE,PA,AEA,EN,Towers with Radar,63,65,82,9,219,0,6,113,0,119,63,71,195,9,338,176,0,176,514
08/16/2003,ABE,PA,AEA,EN,Towers with Radar,46,58,40,0,144,0,2,28,0,30,46,60,68,0,174,38,0,38,212
08/17/2003,ABE,PA,AEA,EN,Towers with Radar,59,52,66,0,177,0,0,70,0,70,59,52,136,0,247,116,0,116,363
08/18/2003,ABE,PA,AEA,EN,Towers with Radar,48,67,72,0,187,0,7,96,1,104,48,74,168,1,291,81,0,81,372
08/19/2003,ABE,PA,AEA,EN,Towers with Radar,58,56,109,5,228,0,3,148,0,151,58,59,257,5,379,122,0,122,501
08/20/2003,ABE,PA,AEA,EN,Towers with Radar,58,66,111,0,235,0,3,143,0,146,58,69,254,0,381,105,0,105,486
08/21/2003,ABE,PA,AEA,EN,Towers with Radar,56,53,95,0,204,0,0,63,0,63,56,53,158,0,267,76,0,76,343
08/22/2003,ABE,PA,AEA,EN,Towers with Radar,64,58,40,0,162,0,3,28,0,31,64,61,68,0,193,20,0,20,213
08/23/2003,ABE,PA,AEA,EN,Towers with Radar,46,56,62,0,164,0,0,109,0,109,46,56,171,0,273,108,0,108,381
08/24/2003,ABE,PA,AEA,EN,Towers with Radar,59,56,156,0,271,0,4,202,4,210,59,60,358,4,481,154,2,156,637
08/25/2003,ABE,PA,AEA,EN,Towers with Radar,52,60,63,0,175,0,7,86,1,94,52,67,149,1,269,122,12,134,403
08/26/2003,ABE,PA,AEA,EN,Towers with Radar,53,70,63,0,186,0,4,37,0,41,53,74,100,0,227,40,0,40,267
08/27/2003,ABE,PA,AEA,EN,Towers with Radar,52,77,74,0,203,0,10,72,1,83,52,87,146,1,286,52,0,52,338
08/28/2003,ABE,PA,AEA,EN,Towers with Radar,62,71,94,6,233,0,6,125,0,131,62,77,219,6,364,170,0,170,534
08/29/2003,ABE,PA,AEA,EN,Towers with Radar,59,64,74,7,204,0,0,17,0,17,59,64,91,7,221,36,0,36,257
08/30/2003,ABE,PA,AEA,EN,Towers with Radar,45,65,75,0,185,0,3,42,0,45,45,68,117,0,230,55,0,55,285
08/31/2003,ABE,PA,AEA,EN,Towers with Radar,45,37,57,0,139,0,5,110,0,115,45,42,167,0,254,146,0,146,400
09/01/2003,ABE,PA,AEA,EN,Towers with Radar,45,38,26,0,109,0,2,5,0,7,45,40,31,0,116,6,0,6,122
09/02/2003,ABE,PA,AEA,EN,Towers with Radar,44,55,78,0,177,0,0,0,0,0,44,55,78,0,177,0,0,0,177
09/03/2003,ABE,PA,AEA,EN,Towers with Radar,55,51,45,0,151,0,0,0,0,0,55,51,45,0,151,0,0,0,151
09/04/2003,ABE,PA,AEA,EN,Towers with Radar,61,64,49,0,174,0,0,10,0,10,61,64,59,0,184,20,0,20,204
09/05/2003,ABE,PA,AEA,EN,Towers with Radar,64,57,141,9,271,0,4,83,0,87,64,61,224,9,358,158,16,174,532
09/06/2003,ABE,PA,AEA,EN,Towers with Radar,46,44,165,0,255,0,4,132,0,136,46,48,297,0,391,148,12,160,551
09/07/2003,ABE,PA,AEA,EN,Towers with Radar,40,45,87,0,172,0,9,153,0,162,40,54,240,0,334,150,0,150,484
09/08/2003,ABE,PA,AEA,EN,Towers with Radar,49,56,83,0,188,0,1,69,0,70,49,57,152,0,258,122,0,122,380
09/09/2003,ABE,PA,AEA,EN,Towers with Radar,57,58,65,0,180,0,5,113,0,118,57,63,178,0,298,153,0,153,451
09/10/2003,ABE,PA,AEA,EN,Towers with Radar,65,53,129,19,266,0,5,167,3,175,65,58,296,22,441,164,12,176,617
09/11/2003,ABE,PA,AEA,EN,Towers with Radar,56,63,64,0,183,0,7,100,0,107,56,70,164,0,290,156,0,156,446
09/12/2003,ABE,PA,AEA,EN,Towers with Radar,52,61,64,6,183,0,3,67,3,73,52,64,131,9,256,40,0,40,296
09/13/2003,ABE,PA,AEA,EN,Towers with Radar,36,50,46,1,133,0,0,0,0,0,36,50,46,1,133,2,0,2,135
09/14/2003,ABE,PA,AEA,EN,Towers with Radar,44,45,54,0,143,0,0,10,0,10,44,45,64,0,153,12,0,12,165
09/15/2003,ABE,PA,AEA,EN,Towers with Radar,47,61,43,0,151,0,0,0,0,0,47,61,43,0,151,0,0,0,151
09/16/2003,ABE,PA,AEA,EN,Towers with Radar,50,72,101,19,242,0,2,90,0,92,50,74,191,19,334,154,10,164,498
09/17/2003,ABE,PA,AEA,EN,Towers with Radar,54,59,101,0,214,0,4,260,0,264,54,63,361,0,478,179,0,179,657
09/18/2003,ABE,PA,AEA,EN,Towers with Radar,54,78,54,0,186,0,0,45,0,45,54,78,99,0,231,12,0,12,243
09/19/2003,ABE,PA,AEA,EN,Towers with Radar,65,53,27,0,145,0,0,3,0,3,65,53,30,0,148,2,0,2,150
09/20/2003,ABE,PA,AEA,EN,Towers with Radar,50,44,91,0,185,0,3,54,0,57,50,47,145,0,242,116,0,116,358
09/21/2003,ABE,PA,AEA,EN,Towers with Radar,39,54,68,0,161,0,3,142,0,145,39,57,210,0,306,90,0,90,396
09/22/2003,ABE,PA,AEA,EN,Towers with Radar,48,54,94,0,196,0,1,51,0,52,48,55,145,0,248,38,0,38,286
09/23/2003,ABE,PA,AEA,EN,Towers with Radar,60,56,68,5,189,0,3,42,0,45,60,59,110,5,234,94,14,108,342
09/24/2003,ABE,PA,AEA,EN,Towers with Radar,51,64,101,10,226,0,3,136,0,139,51,67,237,10,365,222,20,242,607
09/25/2003,ABE,PA,AEA,EN,Towers with Radar,64,64,134,2,264,0,3,76,4,83,64,67,210,6,347,78,0,78,425
09/26/2003,ABE,PA,AEA,EN,Towers with Radar,65,63,102,0,230,0,3,23,0,26,65,66,125,0,256,118,2,120,376
09/27/2003,ABE,PA,AEA,EN,Towers with Radar,51,40,136,0,227,0,0,35,0,35,51,40,171,0,262,100,0,100,362
09/28/2003,ABE,PA,AEA,EN,Towers with Radar,48,47,99,4,198,0,1,64,2,67,48,48,163,6,265,92,0,92,357
09/29/2003,ABE,PA,AEA,EN,Towers with Radar,53,57,106,0,216,0,4,98,0,102,53,61,204,0,318,141,0,141,459
09/30/2003,ABE,PA,AEA,EN,Towers with Radar,63,51,62,6,182,0,2,104,8,114,63,53,166,14,296,69,0,69,365
10/01/2003,ABE,PA,AEA,EN,Towers with Radar,12,6,51,6,75,38,59,60,0,157,50,65,111,6,232,126,4,130,362
10/02/2003,ABE,PA,AEA,EN,Towers with Radar,21,14,40,0,75,38,54,76,0,168,59,68,116,0,243,150,0,150,393
10/03/2003,ABE,PA,AEA,EN,Towers with Radar,28,12,99,4,143,38,59,126,1,224,66,71,225,5,367,119,6,125,492
10/04/2003,ABE,PA,AEA,EN,Towers with Radar,60,51,78,0,189,6,0,28,0,34,66,51,106,0,223,34,0,34,257
10/05/2003,ABE,PA,AEA,EN,Towers with Radar,47,45,70,0,162,6,0,144,0,150,53,45,214,0,312,133,0,133,445
10/06/2003,ABE,PA,AEA,EN,Towers with Radar,42,60,55,1,158,6,0,91,1,98,48,60,146,2,256,132,8,140,396
10/07/2003,ABE,PA,AEA,EN,Towers with Radar,48,62,91,6,207,6,0,114,0,120,54,62,205,6,327,159,4,163,490
10/08/2003,ABE,PA,AEA,EN,Towers with Radar,45,60,73,0,178,6,0,60,0,66,51,60,133,0,244,50,0,50,294
10/09/2003,ABE,PA,AEA,EN,Towers with Radar,59,57,101,0,217,6,0,75,0,81,65,57,176,0,298,59,0,59,357
10/10/2003,ABE,PA,AEA,EN,Towers with Radar,60,63,108,1,232,0,1,15,0,16,60,64,123,1,248,18,10,28,276
10/11/2003,ABE,PA,AEA,EN,Towers with Radar,48,45,72,0,165,0,0,112,0,112,48,45,184,0,277,73,0,73,350
10/12/2003,ABE,PA,AEA,EN,Towers with Radar,50,53,79,0,182,0,0,87,0,87,50,53,166,0,269,102,0,102,371
10/13/2003,ABE,PA,AEA,EN,Towers with Radar,47,59,83,0,189,0,0,99,0,99,47,59,182,0,288,92,0,92,380
10/14/2003,ABE,PA,AEA,EN,Towers with Radar,43,63,70,0,176,0,0,73,0,73,43,63,143,0,249,134,0,134,383
10/15/2003,ABE,PA,AEA,EN,Towers with Radar,58,59,28,0,145,0,0,10,0,10,58,59,38,0,155,10,0,10,165
10/16/2003,ABE,PA,AEA,EN,Towers with Radar,68,76,76,4,224,0,0,96,0,96,68,76,172,4,320,86,0,86,406
10/17/2003,ABE,PA,AEA,EN,Towers with Radar,65,68,58,0,191,0,0,61,0,61,65,68,119,0,252,140,0,140,392
10/18/2003,ABE,PA,AEA,EN,Towers with Radar,48,50,100,0,198,0,0,77,0,77,48,50,177,0,275,154,0,154,429
10/19/2003,ABE,PA,AEA,EN,Towers with Radar,46,54,61,3,164,0,2,62,4,68,46,56,123,7,232,182,0,182,414
10/20/2003,ABE,PA,AEA,EN,Towers with Radar,39,70,76,8,193,0,0,90,1,91,39,70,166,9,284,159,12,171,455
10/21/2003,ABE,PA,AEA,EN,Towers with Radar,54,67,101,8,230,0,0,92,1,93,54,67,193,9,323,136,6,142,465
10/22/2003,ABE,PA,AEA,EN,Towers with Radar,55,74,107,7,243,0,2,38,0,40,55,76,145,7,283,190,0,190,473
10/23/2003,ABE,PA,AEA,EN,Towers with Radar,65,65,130,6,266,0,1,78,4,83,65,66,208,10,349,100,2,102,451
10/24/2003,ABE,PA,AEA,EN,Towers with Radar,68,66,66,0,200,0,0,99,0,99,68,66,165,0,299,100,0,100,399
10/25/2003,ABE,PA,AEA,EN,Towers with Radar,38,57,64,0,159,7,0,132,0,139,45,57,196,0,298,154,0,154,452
10/26/2003,ABE,PA,AEA,EN,Towers with Radar,48,42,93,0,183,2,0,12,0,14,50,42,105,0,197,24,0,24,221
10/27/2003,ABE,PA,AEA,EN,Towers with Radar,49,63,39,0,151,1,0,0,0,1,50,63,39,0,152,0,0,0,152
10/28/2003,ABE,PA,AEA,EN,Towers with Radar,53,65,70,11,199,0,0,67,0,67,53,65,137,11,266,32,4,36,302
10/29/2003,ABE,PA,AEA,EN,Towers with Radar,58,56,60,25,199,0,0,16,0,16,58,56,76,25,215,43,16,59,274
10/30/2003,ABE,PA,AEA,EN,Towers with Radar,62,71,93,7,233,0,0,119,0,119,62,71,212,7,352,88,8,96,448
10/31/2003,ABE,PA,AEA,EN,Towers with Radar,57,65,75,35,232,0,0,132,0,132,57,65,207,35,364,120,8,128,492
11/01/2003,ABE,PA,AEA,EN,Towers with Radar,47,52,130,2,231,0,4,127,0,131,47,56,257,2,362,118,0,118,480
11/02/2003,ABE,PA,AEA,EN,Towers with Radar,38,50,106,0,194,0,0,114,0,114,38,50,220,0,308,150,0,150,458
11/03/2003,ABE,PA,AEA,EN,Towers with Radar,52,61,74,0,187,0,4,73,0,77,52,65,147,0,264,42,0,42,306
11/04/2003,ABE,PA,AEA,EN,Towers with Radar,47,65,110,0,222,0,2,39,0,41,47,67,149,0,263,70,0,70,333
11/05/2003,ABE,PA,AEA,EN,Towers with Radar,40,62,48,4,154,0,0,0,0,0,40,62,48,4,154,4,0,4,158
11/06/2003,ABE,PA,AEA,EN,Towers with Radar,63,64,72,7,206,0,0,15,0,15,63,64,87,7,221,44,8,52,273
11/07/2003,ABE,PA,AEA,EN,Towers with Radar,64,69,88,0,221,0,2,92,0,94,64,71,180,0,315,166,0,166,481
11/08/2003,ABE,PA,AEA,EN,Towers with Radar,43,46,30,9,128,0,2,79,0,81,43,48,109,9,209,92,20,112,321
11/09/2003,ABE,PA,AEA,EN,Towers with Radar,45,55,82,0,182,0,1,156,0,157,45,56,238,0,339,110,0,110,449
11/10/2003,ABE,PA,AEA,EN,Towers with Radar,33,67,57,0,157,0,5,93,0,98,33,72,150,0,255,92,0,92,347
11/11/2003,ABE,PA,AEA,EN,Towers with Radar,51,68,52,0,171,0,0,34,0,34,51,68,86,0,205,20,0,20,225
11/12/2003,ABE,PA,AEA,EN,Towers with Radar,43,71,110,0,224,0,0,1,0,1,43,71,111,0,225,0,0,0,225
11/13/2003,ABE,PA,AEA,EN,Towers with Radar,70,68,33,0,171,0,1,3,0,4,70,69,36,0,175,16,0,16,191
11/14/2003,ABE,PA,AEA,EN,Towers with Radar,63,63,38,9,173,0,0,15,0,15,63,63,53,9,188,32,0,32,220
11/15/2003,ABE,PA,AEA,EN,Towers with Radar,36,51,65,1,153,0,0,104,0,104,36,51,169,1,257,213,0,213,470
11/16/2003,ABE,PA,AEA,EN,Towers with Radar,39,49,107,11,206,0,0,136,0,136,39,49,243,11,342,180,30,210,552
11/17/2003,ABE,PA,AEA,EN,Towers with Radar,44,68,125,6,243,0,0,45,0,45,44,68,170,6,288,75,0,75,363
11/18/2003,ABE,PA,AEA,EN,Towers with Radar,54,61,143,6,264,0,0,0,0,0,54,61,143,6,264,0,0,0,264
11/19/2003,ABE,PA,AEA,EN,Towers with Radar,53,59,50,0,162,0,2,3,0,5,53,61,53,0,167,0,4,4,171
11/20/2003,ABE,PA,AEA,EN,Towers with Radar,72,77,54,10,213,0,6,55,3,64,72,83,109,13,277,13,0,13,290
11/21/2003,ABE,PA,AEA,EN,Towers with Radar,55,66,103,2,226,0,4,167,2,173,55,70,270,4,399,152,4,156,555
11/22/2003,ABE,PA,AEA,EN,Towers with Radar,45,53,133,1,232,0,5,204,0,209,45,58,337,1,441,146,4,150,591
11/23/2003,ABE,PA,AEA,EN,Towers with Radar,43,47,102,0,192,0,0,139,0,139,43,47,241,0,331,226,0,226,557
11/24/2003,ABE,PA,AEA,EN,Towers with Radar,41,65,106,0,212,0,0,50,0,50,41,65,156,0,262,54,2,56,318
11/25/2003,ABE,PA,AEA,EN,Towers with Radar,65,67,49,39,220,0,0,78,4,82,65,67,127,43,302,76,28,104,406
11/26/2003,ABE,PA,AEA,EN,Towers with Radar,68,68,108,12,256,0,4,153,2,159,68,72,261,14,415,140,0,140,555
11/27/2003,ABE,PA,AEA,EN,Towers with Radar,51,52,35,0,138,0,1,69,0,70,51,53,104,0,208,90,0,90,298
11/28/2003,ABE,PA,AEA,EN,Towers with Radar,42,40,42,0,124,0,0,1,0,1,42,40,43,0,125,1,0,1,126
11/29/2003,ABE,PA,AEA,EN,Towers with Radar,47,45,6,0,98,0,0,0,0,0,47,45,6,0,98,1,0,1,99
11/30/2003,ABE,PA,AEA,EN,Towers with Radar,45,55,72,0,172,0,3,105,0,108,45,58,177,0,280,92,0,92,372
12/01/2003,ABE,PA,AEA,EN,Towers with Radar,40,67,34,0,141,0,4,25,0,29,40,71,59,0,170,30,0,30,200
12/02/2003,ABE,PA,AEA,EN,Towers with Radar,57,62,43,14,176,0,2,20,0,22,57,64,63,14,198,10,14,24,222
12/03/2003,ABE,PA,AEA,EN,Towers with Radar,46,62,91,5,204,0,5,114,0,119,46,67,205,5,323,132,0,132,455
12/04/2003,ABE,PA,AEA,EN,Towers with Radar,55,69,104,0,228,0,4,138,0,142,55,73,242,0,370,132,0,132,502
12/05/2003,ABE,PA,AEA,EN,Towers with Radar,51,55,32,0,138,0,0,12,0,12,51,55,44,0,150,10,0,10,160
12/06/2003,ABE,PA,AEA,EN,Towers with Radar,47,39,9,0,95,0,0,1,0,1,47,39,10,0,96,0,0,0,96
12/07/2003,ABE,PA,AEA,EN,Towers with Radar,48,33,26,0,107,0,1,17,0,18,48,34,43,0,125,6,0,6,131
12/08/2003,ABE,PA,AEA,EN,Towers with Radar,45,61,32,11,149,0,3,38,2,43,45,64,70,13,192,90,20,110,302
12/09/2003,ABE,PA,AEA,EN,Towers with Radar,49,55,57,8,169,0,1,74,5,80,49,56,131,13,249,122,12,134,383
12/10/2003,ABE,PA,AEA,EN,Towers with Radar,50,57,50,4,161,0,4,66,0,70,50,61,116,4,231,56,8,64,295
12/11/2003,ABE,PA,AEA,EN,Towers with Radar,56,85,73,11,225,0,2,8,0,10,56,87,81,11,235,34,0,34,269
12/12/2003,ABE,PA,AEA,EN,Towers with Radar,65,64,22,0,151,0,2,37,0,39,65,66,59,0,190,78,4,82,272
12/13/2003,ABE,PA,AEA,EN,Towers with Radar,37,49,79,26,191,0,3,163,0,166,37,52,242,26,357,145,20,165,522
12/14/2003,ABE,PA,AEA,EN,Towers with Radar,35,33,8,0,76,0,0,6,0,6,35,33,14,0,82,0,0,0,82
12/15/2003,ABE,PA,AEA,EN,Towers with Radar,52,64,22,0,138,0,2,2,0,4,52,66,24,0,142,6,0,6,148
12/16/2003,ABE,PA,AEA,EN,Towers with Radar,53,62,102,11,228,0,3,104,0,107,53,65,206,11,335,122,0,122,457
12/17/2003,ABE,PA,AEA,EN,Towers with Radar,53,46,34,0,133,0,2,11,0,13,53,48,45,0,146,8,0,8,154
12/18/2003,ABE,PA,AEA,EN,Towers with Radar,54,56,41,5,156,0,7,30,0,37,54,63,71,5,193,98,4,102,295
12/19/2003,ABE,PA,AEA,EN,Towers with Radar,68,61,95,11,235,0,0,79,2,81,68,61,174,13,316,72,5,77,393
12/20/2003,ABE,PA,AEA,EN,Towers with Radar,53,51,149,0,253,0,3,126,3,132,53,54,275,3,385,171,0,171,556
12/21/2003,ABE,PA,AEA,EN,Towers with Radar,47,47,39,0,133,0,1,103,0,104,47,48,142,0,237,108,0,108,345
12/22/2003,ABE,PA,AEA,EN,Towers with Radar,56,46,88,2,192,0,4,91,2,97,56,50,179,4,289,132,0,132,421
12/23/2003,ABE,PA,AEA,EN,Towers with Radar,66,52,65,0,183,0,3,91,0,94,66,55,156,0,277,96,0,96,373
12/24/2003,ABE,PA,AEA,EN,Towers with Radar,69,55,18,0,142,0,0,11,0,11,69,55,29,0,153,0,0,0,153
12/25/2003,ABE,PA,AEA,EN,Towers with Radar,50,38,10,0,98,0,0,4,1,5,50,38,14,1,103,0,0,0,103
12/26/2003,ABE,PA,AEA,EN,Towers with Radar,56,41,46,0,143,0,1,46,2,49,56,42,92,2,192,52,10,62,254
12/27/2003,ABE,PA,AEA,EN,Towers with Radar,60,39,90,0,189,0,7,136,0,143,60,46,226,0,332,172,0,172,504
12/28/2003,ABE,PA,AEA,EN,Towers with Radar,46,37,55,0,138,0,0,142,0,142,46,37,197,0,280,181,0,181,461
12/29/2003,ABE,PA,AEA,EN,Towers with Radar,43,52,37,0,132,0,1,104,0,105,43,53,141,0,237,164,0,164,401
12/30/2003,ABE,PA,AEA,EN,Towers with Radar,64,46,17,0,127,0,2,7,0,9,64,48,24,0,136,8,0,8,144
12/31/2003,ABE,PA,AEA,EN,Towers with Radar,55,53,71,14,193,0,0,107,0,107,55,53,178,14,300,90,0,90,390
01/02/2004,ABE,PA,AEA,EN,Towers with Radar,51,43,47,0,141,0,0,42,0,42,51,43,89,0,183,132,0,132,315
01/03/2004,ABE,PA,AEA,EN,Towers with Radar,46,54,150,0,250,0,0,12,0,12,46,54,162,0,262,12,0,12,274
01/04/2004,ABE,PA,AEA,EN,Towers with Radar,41,45,93,0,179,0,1,3,0,4,41,46,96,0,183,0,0,0,183
01/05/2004,ABE,PA,AEA,EN,Towers with Radar,43,67,36,0,146,0,0,0,0,0,43,67,36,0,146,2,0,2,148
01/06/2004,ABE,PA,AEA,EN,Towers with Radar,54,62,50,0,166,0,2,45,0,47,54,64,95,0,213,26,0,26,239
01/07/2004,ABE,PA,AEA,EN,Towers with Radar,45,64,48,1,158,0,2,20,0,22,45,66,68,1,180,10,0,10,190
01/08/2004,ABE,PA,AEA,EN,Towers with Radar,62,55,72,44,233,0,0,82,0,82,62,55,154,44,315,134,12,146,461
01/09/2004,ABE,PA,AEA,EN,Towers with Radar,60,56,74,11,201,0,0,75,0,75,60,56,149,11,276,76,14,90,366
01/10/2004,ABE,PA,AEA,EN,Towers with Radar,43,49,28,0,120,0,5,63,0,68,43,54,91,0,188,78,0,78,266
01/11/2004,ABE,PA,AEA,EN,Towers with Radar,55,45,46,1,147,0,0,114,0,114,55,45,160,1,261,109,0,109,370
01/12/2004,ABE,PA,AEA,EN,Towers with Radar,42,59,56,5,162,0,0,44,0,44,42,59,100,5,206,18,0,18,224
01/13/2004,ABE,PA,AEA,EN,Towers with Radar,49,67,80,13,209,0,1,33,0,34,49,68,113,13,243,36,0,36,279
01/14/2004,ABE,PA,AEA,EN,Towers with Radar,47,52,60,20,179,0,2,53,1,56,47,54,113,21,235,60,0,60,295
01/15/2004,ABE,PA,AEA,EN,Towers with Radar,65,69,28,0,162,0,2,14,0,16,65,71,42,0,178,0,0,0,178
01/16/2004,ABE,PA,AEA,EN,Towers with Radar,62,67,30,0,159,0,6,11,0,17,62,73,41,0,176,25,6,31,207
01/17/2004,ABE,PA,AEA,EN,Towers with Radar,41,57,88,1,187,0,4,115,0,119,41,61,203,1,306,158,6,164,470
01/18/2004,ABE,PA,AEA,EN,Towers with Radar,40,49,5,0,94,0,1,0,0,1,40,50,5,0,95,12,0,12,107
01/19/2004,ABE,PA,AEA,EN,Towers with Radar,47,69,58,3,177,0,1,26,0,27,47,70,84,3,204,70,12,82,286
01/20/2004,ABE,PA,AEA,EN,Towers with Radar,48,77,85,0,210,0,2,52,0,54,48,79,137,0,264,83,0,83,347
01/21/2004,ABE,PA,AEA,EN,Towers with Radar,42,59,93,19,213,0,3,78,0,81,42,62,171,19,294,46,0,46,340
01/22/2004,ABE,PA,AEA,EN,Towers with Radar,63,52,56,5,176,0,4,37,0,41,63,56,93,5,217,12,6,18,235
01/23/2004,ABE,PA,AEA,EN,Towers with Radar,51,63,31,0,145,0,3,31,1,35,51,66,62,1,180,104,4,108,288
01/24/2004,ABE,PA,AEA,EN,Towers with Radar,52,52,40,5,149,0,4,68,0,72,52,56,108,5,221,138,0,138,359
01/25/2004,ABE,PA,AEA,EN,Towers with Radar,38,45,27,0,110,0,1,70,0,71,38,46,97,0,181,64,0,64,245
01/26/2004,ABE,PA,AEA,EN,Towers with Radar,43,58,9,0,110,0,0,4,0,4,43,58,13,0,114,10,0,10,124
01/27/2004,ABE,PA,AEA,EN,Towers with Radar,44,44,10,0,98,0,0,0,0,0,44,44,10,0,98,0,0,0,98
01/28/2004,ABE,PA,AEA,EN,Towers with Radar,59,53,12,0,124,0,0,6,0,6,59,53,18,0,130,4,0,4,134
01/29/2004,ABE,PA,AEA,EN,Towers with Radar,61,70,39,23,193,0,0,24,0,24,61,70,63,23,217,58,8,66,283
01/30/2004,ABE,PA,AEA,EN,Towers with Radar,51,57,35,0,143,0,14,52,0,66,51,71,87,0,209,70,0,70,279
01/31/2004,ABE,PA,AEA,EN,Towers with Radar,40,55,50,0,145,0,2,86,0,88,40,57,136,0,233,86,0,86,319
02/01/2004,ABE,PA,AEA,EN,Towers with Radar,45,28,37,5,115,0,4,73,0,77,45,32,110,5,192,151,4,155,347
02/02/2004,ABE,PA,AEA,EN,Towers with Radar,45,59,59,13,176,0,0,74,1,75,45,59,133,14,251,108,12,120,371
02/03/2004,ABE,PA,AEA,EN,Towers with Radar,54,47,16,1,118,0,1,4,0,5,54,48,20,1,123,14,0,14,137
02/04/2004,ABE,PA,AEA,EN,Towers with Radar,51,62,45,7,165,0,2,47,0,49,51,64,92,7,214,50,26,76,290
02/05/2004,ABE,PA,AEA,EN,Towers with Radar,51,65,65,0,181,0,4,59,0,63,51,69,124,0,244,106,0,106,350
02/06/2004,ABE,PA,AEA,EN,Towers with Radar,56,37,21,0,114,0,2,3,0,5,56,39,24,0,119,0,0,0,119
02/07/2004,ABE,PA,AEA,EN,Towers with Radar,41,55,35,0,131,0,0,14,0,14,41,55,49,0,145,54,0,54,199
02/08/2004,ABE,PA,AEA,EN,Towers with Radar,47,40,65,0,152,0,2,110,0,112,47,42,175,0,264,165,0,165,429
02/09/2004,ABE,PA,AEA,EN,Towers with Radar,40,65,48,6,159,0,4,71,9,84,40,69,119,15,243,104,6,110,353
02/10/2004,ABE,PA,AEA,EN,Towers with Radar,51,64,78,0,193,0,1,107,2,110,51,65,185,2,303,136,0,136,439
02/11/2004,ABE,PA,AEA,EN,Towers with Radar,59,59,108,23,249,0,2,82,0,84,59,61,190,23,333,174,28,202,535
02/12/2004,ABE,PA,AEA,EN,Towers with Radar,56,65,124,31,276,0,6,91,1,98,56,71,215,32,374,122,32,154,528
02/13/2004,ABE,PA,AEA,EN,Towers with Radar,66,72,77,17,232,0,3,67,0,70,66,75,144,17,302,128,8,136,438
02/14/2004,ABE,PA,AEA,EN,Towers with Radar,49,47,70,0,166,0,4,94,0,98,49,51,164,0,264,92,0,92,356
02/15/2004,ABE,PA,AEA,EN,Towers with Radar,40,43,21,0,104,0,1,67,0,68,40,44,88,0,172,124,0,124,296
02/16/2004,ABE,PA,AEA,EN,Towers with Radar,55,50,51,0,156,0,2,107,0,109,55,52,158,0,265,100,0,100,365
02/17/2004,ABE,PA,AEA,EN,Towers with Radar,56,72,74,0,202,0,3,67,0,70,56,75,141,0,272,88,2,90,362
02/18/2004,ABE,PA,AEA,EN,Towers with Radar,51,72,67,0,190,0,5,58,0,63,51,77,125,0,253,140,0,140,393
02/19/2004,ABE,PA,AEA,EN,Towers with Radar,53,57,83,12,205,0,8,82,0,90,53,65,165,12,295,136,6,142,437
02/20/2004,ABE,PA,AEA,EN,Towers with Radar,63,67,95,0,225,0,2,119,1,122,63,69,214,1,347,97,0,97,444
02/21/2004,ABE,PA,AEA,EN,Towers with Radar,52,51,22,0,125,0,1,31,0,32,52,52,53,0,157,36,0,36,193
02/22/2004,ABE,PA,AEA,EN,Towers with Radar,50,45,46,0,141,0,2,82,0,84,50,47,128,0,225,172,0,172,397
02/23/2004,ABE,PA,AEA,EN,Towers with Radar,48,56,56,13,173,0,6,86,0,92,48,62,142,13,265,118,14,132,397
02/24/2004,ABE,PA,AEA,EN,Towers with Radar,45,64,32,15,156,0,1,15,2,18,45,65,47,17,174,6,0,6,180
02/25/2004,ABE,PA,AEA,EN,Towers with Radar,53,70,78,11,212,0,1,120,2,123,53,71,198,13,335,144,8,152,487
02/26/2004,ABE,PA,AEA,EN,Towers with Radar,62,56,103,0,221,0,1,140,0,141,62,57,243,0,362,204,0,204,566
02/27/2004,ABE,PA,AEA,EN,Towers with Radar,63,63,147,32,305,0,11,160,0,171,63,74,307,32,476,132,36,168,644
02/28/2004,ABE,PA,AEA,EN,Towers with Radar,43,45,157,0,245,0,4,215,0,219,43,49,372,0,464,242,0,242,706
02/29/2004,ABE,PA,AEA,EN,Towers with Radar,50,39,88,0,177,0,4,169,0,173,50,43,257,0,350,182,0,182,532
03/01/2004,ABE,PA,AEA,EN,Towers with Radar,46,56,75,0,177,0,5,106,0,111,46,61,181,0,288,126,0,126,414
03/02/2004,ABE,PA,AEA,EN,Towers with Radar,54,61,72,23,210,0,4,64,2,70,54,65,136,25,280,80,14,94,374
03/03/2004,ABE,PA,AEA,EN,Towers with Radar,54,61,70,2,187,0,2,97,0,99,54,63,167,2,286,204,0,204,490
03/04/2004,ABE,PA,AEA,EN,Towers with Radar,59,65,130,14,268,0,3,6,0,9,59,68,136,14,277,18,4,22,299
03/05/2004,ABE,PA,AEA,EN,Towers with Radar,66,60,55,5,186,0,0,2,0,2,66,60,57,5,188,0,0,0,188
03/06/2004,ABE,PA,AEA,EN,Towers with Radar,43,39,93,6,181,0,0,17,0,17,43,39,110,6,198,10,0,10,208
03/07/2004,ABE,PA,AEA,EN,Towers with Radar,50,37,129,6,222,0,2,176,0,178,50,39,305,6,400,126,0,126,526
03/08/2004,ABE,PA,AEA,EN,Towers with Radar,43,69,24,12,148,0,1,9,0,10,43,70,33,12,158,24,4,28,186
03/09/2004,ABE,PA,AEA,EN,Towers with Radar,40,71,47,23,181,0,0,8,0,8,40,71,55,23,189,6,16,22,211
03/10/2004,ABE,PA,AEA,EN,Towers with Radar,50,69,92,12,223,0,2,29,0,31,50,71,121,12,254,66,8,74,328
03/11/2004,ABE,PA,AEA,EN,Towers with Radar,59,58,76,19,212,0,3,124,0,127,59,61,200,19,339,154,32,186,525
03/12/2004,ABE,PA,AEA,EN,Towers with Radar,69,58,35,0,162,0,2,40,0,42,69,60,75,0,204,82,0,82,286
03/13/2004,ABE,PA,AEA,EN,Towers with Radar,45,58,48,0,151,0,3,78,0,81,45,61,126,0,232,116,0,116,348
03/14/2004,ABE,PA,AEA,EN,Towers with Radar,52,48,88,0,188,0,7,167,1,175,52,55,255,1,363,250,0,250,613
03/15/2004,ABE,PA,AEA,EN,Towers with Radar,37,62,44,0,143,0,2,62,0,64,37,64,106,0,207,47,0,47,254
03/16/2004,ABE,PA,AEA,EN,Towers with Radar,51,46,25,0,122,0,3,16,0,19,51,49,41,0,141,34,0,34,175
03/17/2004,ABE,PA,AEA,EN,Towers with Radar,68,61,34,17,180,0,1,7,0,8,68,62,41,17,188,0,4,4,192
03/18/2004,ABE,PA,AEA,EN,Towers with Radar,68,68,58,10,204,0,0,45,0,45,68,68,103,10,249,91,12,103,352
03/19/2004,ABE,PA,AEA,EN,Towers with Radar,60,54,56,3,173,0,2,55,3,60,60,56,111,6,233,60,4,64,297
03/20/2004,ABE,PA,AEA,EN,Towers with Radar,47,51,117,2,217,0,2,123,6,131,47,53,240,8,348,148,0,148,496
03/21/2004,ABE,PA,AEA,EN,Towers with Radar,54,41,33,2,130,0,0,18,0,18,54,41,51,2,148,30,0,30,178
03/22/2004,ABE,PA,AEA,EN,Towers with Radar,54,58,56,4,172,0,5,60,0,65,54,63,116,4,237,16,4,20,257
03/23/2004,ABE,PA,AEA,EN,Towers with Radar,50,57,59,12,178,0,3,86,0,89,50,60,145,12,267,58,14,72,339
03/24/2004,ABE,PA,AEA,EN,Towers with Radar,66,58,91,12,227,0,11,121,0,132,66,69,212,12,359,190,12,202,561
03/25/2004,ABE,PA,AEA,EN,Towers with Radar,64,65,113,13,255,0,1,60,0,61,64,66,173,13,316,44,0,44,360
03/26/2004,ABE,PA,AEA,EN,Towers with Radar,66,53,85,13,217,0,1,95,0,96,66,54,180,13,313,44,20,64,377
03/27/2004,ABE,PA,AEA,EN,Towers with Radar,53,52,132,0,237,0,2,101,0,103,53,54,233,0,340,118,0,118,458
03/28/2004,ABE,PA,AEA,EN,Towers with Radar,49,48,77,2,176,0,4,149,2,155,49,52,226,4,331,156,4,160,491
03/29/2004,ABE,PA,AEA,EN,Towers with Radar,109,60,46,0,215,0,2,102,0,104,109,62,148,0,319,118,0,118,437
03/30/2004,ABE,PA,AEA,EN,Towers with Radar,57,60,107,7,231,0,4,34,0,38,57,64,141,7,269,38,8,46,315
03/31/2004,ABE,PA,AEA,EN,Towers with Radar,70,65,128,6,269,0,0,0,0,0,70,65,128,6,269,0,0,0,269
04/01/2004,ABE,PA,AEA,EN,Towers with Radar,67,70,97,22,256,0,1,1,0,2,67,71,98,22,258,34,22,56,314
04/02/2004,ABE,PA,AEA,EN,Towers with Radar,71,60,83,0,214,0,1,4,0,5,71,61,87,0,219,0,0,0,219
04/03/2004,ABE,PA,AEA,EN,Towers with Radar,48,53,204,11,316,0,0,8,0,8,48,53,212,11,324,162,0,162,486
04/04/2004,ABE,PA,AEA,EN,Towers with Radar,43,50,36,0,129,0,1,4,0,5,43,51,40,0,134,30,0,30,164
04/05/2004,ABE,PA,AEA,EN,Towers with Radar,46,60,28,0,134,0,3,24,0,27,46,63,52,0,161,8,0,8,169
04/06/2004,ABE,PA,AEA,EN,Towers with Radar,51,61,46,18,176,0,4,69,2,75,51,65,115,20,251,100,26,126,377
04/07/2004,ABE,PA,AEA,EN,Towers with Radar,57,74,84,0,215,0,3,125,0,128,57,77,209,0,343,194,0,194,537
04/08/2004,ABE,PA,AEA,EN,Towers with Radar,60,68,95,25,248,0,2,49,0,51,60,70,144,25,299,30,0,30,329
04/09/2004,ABE,PA,AEA,EN,Towers with Radar,59,60,159,19,297,0,2,136,0,138,59,62,295,19,435,149,0,149,584
04/10/2004,ABE,PA,AEA,EN,Towers with Radar,49,45,101,0,195,0,11,184,0,195,49,56,285,0,390,144,0,144,534
04/11/2004,ABE,PA,AEA,EN,Towers with Radar,39,46,41,0,126,0,0,19,0,19,39,46,60,0,145,44,0,44,189
04/12/2004,ABE,PA,AEA,EN,Towers with Radar,48,56,62,33,199,0,2,32,0,34,48,58,94,33,233,72,18,90,323
04/13/2004,ABE,PA,AEA,EN,Towers with Radar,57,76,77,0,210,0,0,0,0,0,57,76,77,0,210,0,0,0,210
04/14/2004,ABE,PA,AEA,EN,Towers with Radar,70,51,103,15,239,0,0,0,0,0,70,51,103,15,239,30,14,44,283
04/15/2004,ABE,PA,AEA,EN,Towers with Radar,68,79,73,23,243,0,4,74,0,78,68,83,147,23,321,92,22,114,435
04/16/2004,ABE,PA,AEA,EN,Towers with Radar,57,65,102,3,227,0,4,135,0,139,57,69,237,3,366,120,0,120,486
04/17/2004,ABE,PA,AEA,EN,Towers with Radar,49,45,91,0,185,0,3,144,0,147,49,48,235,0,332,194,0,194,526
04/18/2004,ABE,PA,AEA,EN,Towers with Radar,46,51,84,11,192,0,0,121,0,121,46,51,205,11,313,132,10,142,455
04/19/2004,ABE,PA,AEA,EN,Towers with Radar,43,62,64,4,173,0,0,66,0,66,43,62,130,4,239,60,10,70,309
04/20/2004,ABE,PA,AEA,EN,Towers with Radar,56,50,96,18,220,0,5,91,1,97,56,55,187,19,317,87,8,95,412
04/21/2004,ABE,PA,AEA,EN,Towers with Radar,58,64,77,12,211,0,3,51,0,54,58,67,128,12,265,87,8,95,360
04/22/2004,ABE,PA,AEA,EN,Towers with Radar,60,65,123,0,248,0,2,43,0,45,60,67,166,0,293,50,2,52,345
04/23/2004,ABE,PA,AEA,EN,Towers with Radar,66,65,143,0,274,0,0,48,0,48,66,65,191,0,322,142,0,142,464
04/24/2004,ABE,PA,AEA,EN,Towers with Radar,49,50,134,0,233,0,3,124,0,127,49,53,258,0,360,202,0,202,562
04/25/2004,ABE,PA,AEA,EN,Towers with Radar,44,46,133,2,225,0,3,107,0,110,44,49,240,2,335,38,0,38,373
04/26/2004,ABE,PA,AEA,EN,Towers with Radar,46,58,59,0,163,0,1,0,0,1,46,59,59,0,164,14,0,14,178
04/27/2004,ABE,PA,AEA,EN,Towers with Radar,57,65,99,9,230,0,2,64,0,66,57,67,163,9,296,32,12,44,340
04/28/2004,ABE,PA,AEA,EN,Towers with Radar,61,69,63,6,199,0,12,85,0,97,61,81,148,6,296,31,0,31,327
04/29/2004,ABE,PA,AEA,EN,Towers with Radar,57,68,106,33,264,0,5,105,2,112,57,73,211,35,376,185,88,273,649
04/30/2004,ABE,PA,AEA,EN,Towers with Radar,53,62,74,0,189,0,1,92,0,93,53,63,166,0,282,112,0,112,394
05/01/2004,ABE,PA,AEA,EN,Towers with Radar,0,49,115,12,176,58,3,171,0,232,58,52,286,12,408,102,12,114,522
05/02/2004,ABE,PA,AEA,EN,Towers with Radar,0,38,135,0,173,53,0,6,0,59,53,38,141,0,232,12,0,12,244
05/03/2004,ABE,PA,AEA,EN,Towers with Radar,0,52,98,0,150,53,0,5,0,58,53,52,103,0,208,28,0,28,236
05/04/2004,ABE,PA,AEA,EN,Towers with Radar,0,57,71,9,137,56,1,67,0,124,56,58,138,9,261,68,0,68,329
05/05/2004,ABE,PA,AEA,EN,Towers with Radar,0,65,84,2,151,50,0,74,4,128,50,65,158,6,279,140,2,142,421
05/06/2004,ABE,PA,AEA,EN,Towers with Radar,0,62,117,21,200,67,2,139,0,208,67,64,256,21,408,131,16,147,555
05/07/2004,ABE,PA,AEA,EN,Towers with Radar,0,60,77,0,137,64,0,85,0,149,64,60,162,0,286,38,0,38,324
05/08/2004,ABE,PA,AEA,EN,Towers with Radar,0,44,94,0,138,55,9,148,0,212,55,53,242,0,350,180,0,180,530
05/09/2004,ABE,PA,AEA,EN,Towers with Radar,0,47,93,1,141,31,2,53,0,86,31,49,146,1,227,110,0,110,337
05/10/2004,ABE,PA,AEA,EN,Towers with Radar,0,51,75,0,126,55,1,58,1,115,55,52,133,1,241,62,0,62,303
05/11/2004,ABE,PA,AEA,EN,Towers with Radar,0,56,96,0,152,59,2,94,0,155,59,58,190,0,307,73,0,73,380
05/12/2004,ABE,PA,AEA,EN,Towers with Radar,0,61,99,2,162,80,1,45,0,126,80,62,144,2,288,26,6,32,320
05/13/2004,ABE,PA,AEA,EN,Towers with Radar,0,54,130,0,184,70,1,85,0,156,70,55,215,0,340,114,0,114,454
05/14/2004,ABE,PA,AEA,EN,Towers with Radar,0,49,108,16,173,56,4,18,8,86,56,53,126,24,259,18,0,18,277
05/15/2004,ABE,PA,AEA,EN,Towers with Radar,0,44,93,1,138,51,2,92,0,145,51,46,185,1,283,116,6,122,405
05/16/2004,ABE,PA,AEA,EN,Towers with Radar,0,39,112,2,153,51,2,97,0,150,51,41,209,2,303,117,0,117,420
05/17/2004,ABE,PA,AEA,EN,Towers with Radar,0,56,50,0,106,46,1,77,0,124,46,57,127,0,230,80,0,80,310
05/18/2004,ABE,PA,AEA,EN,Towers with Radar,0,56,106,5,167,62,3,37,0,102,62,59,143,5,269,53,4,57,326
05/19/2004,ABE,PA,AEA,EN,Towers with Radar,53,72,114,0,239,0,1,16,0,17,53,73,130,0,256,62,0,62,318
05/20/2004,ABE,PA,AEA,EN,Towers with Radar,65,74,126,45,310,0,8,86,1,95,65,82,212,46,405,135,33,168,573
05/21/2004,ABE,PA,AEA,EN,Towers with Radar,45,72,88,0,205,0,1,21,0,22,45,73,109,0,227,104,0,104,331
05/22/2004,ABE,PA,AEA,EN,Towers with Radar,53,46,122,0,221,0,2,152,0,154,53,48,274,0,375,155,0,155,530
05/23/2004,ABE,PA,AEA,EN,Towers with Radar,57,38,108,0,203,0,2,145,0,147,57,40,253,0,350,308,0,308,658
05/24/2004,ABE,PA,AEA,EN,Towers with Radar,47,64,106,0,217,0,1,66,0,67,47,65,172,0,284,46,0,46,330
05/25/2004,ABE,PA,AEA,EN,Towers with Radar,52,62,111,4,229,0,5,136,0,141,52,67,247,4,370,100,4,104,474
05/26/2004,ABE,PA,AEA,EN,Towers with Radar,61,65,98,9,233,0,0,8,0,8,61,65,106,9,241,2,4,6,247
05/27/2004,ABE,PA,AEA,EN,Towers with Radar,68,58,152,10,288,0,2,89,0,91,68,60,241,10,379,210,6,216,595
05/28/2004,ABE,PA,AEA,EN,Towers with Radar,70,54,91,0,215,0,1,58,7,66,70,55,149,7,281,106,0,106,387
05/29/2004,ABE,PA,AEA,EN,Towers with Radar,55,42,62,0,159,0,0,153,0,153,55,42,215,0,312,76,0,76,388
05/30/2004,ABE,PA,AEA,EN,Towers with Radar,34,32,66,0,132,13,2,170,4,189,47,34,236,4,321,160,2,162,483
05/31/2004,ABE,PA,AEA,EN,Towers with Radar,37,44,52,0,133,0,0,26,0,26,37,44,78,0,159,32,0,32,191
06/01/2004,ABE,PA,AEA,EN,Towers with Radar,0,58,88,8,154,42,1,7,0,50,42,59,95,8,204,36,4,40,244
06/02/2004,ABE,PA,AEA,EN,Towers with Radar,0,53,65,23,141,62,2,81,0,145,62,55,146,23,286,58,16,74,360
06/03/2004,ABE,PA,AEA,EN,Towers with Radar,0,66,184,30,280,69,6,142,1,218,69,72,326,31,498,96,14,110,608
06/04/2004,ABE,PA,AEA,EN,Towers with Radar,0,60,139,17,216,59,3,150,0,212,59,63,289,17,428,169,8,177,605
06/05/2004,ABE,PA,AEA,EN,Towers with Radar,0,35,131,17,183,59,1,9,0,69,59,36,140,17,252,76,12,88,340
06/06/2004,ABE,PA,AEA,EN,Towers with Radar,0,37,180,0,217,57,0,0,0,57,57,37,180,0,274,112,0,112,386
06/07/2004,ABE,PA,AEA,EN,Towers with Radar,0,62,64,0,126,43,3,31,0,77,43,65,95,0,203,138,0,138,341
06/08/2004,ABE,PA,AEA,EN,Towers with Radar,0,57,106,0,163,59,1,83,0,143,59,58,189,0,306,88,0,88,394
06/09/2004,ABE,PA,AEA,EN,Towers with Radar,0,60,115,5,180,58,5,66,0,129,58,65,181,5,309,162,6,168,477
06/10/2004,ABE,PA,AEA,EN,Towers with Radar,0,68,94,0,162,56,0,22,0,78,56,68,116,0,240,82,0,82,322
06/11/2004,ABE,PA,AEA,EN,Towers with Radar,0,46,154,0,200,67,1,65,0,133,67,47,219,0,333,108,0,108,441
06/12/2004,ABE,PA,AEA,EN,Towers with Radar,0,47,112,0,159,53,4,137,0,194,53,51,249,0,353,164,2,166,519
06/13/2004,ABE,PA,AEA,EN,Towers with Radar,0,36,75,5,116,53,4,98,3,158,53,40,173,8,274,110,0,110,384
06/14/2004,ABE,PA,AEA,EN,Towers with Radar,0,51,120,0,171,48,1,5,0,54,48,52,125,0,225,54,0,54,279
06/15/2004,ABE,PA,AEA,EN,Towers with Radar,47,48,119,0,214,0,1,61,0,62,47,49,180,0,276,66,0,66,342
06/16/2004,ABE,PA,AEA,EN,Towers with Radar,75,55,99,1,230,0,2,82,3,87,75,57,181,4,317,50,0,50,367
06/17/2004,ABE,PA,AEA,EN,Towers with Radar,60,58,96,3,217,0,2,25,0,27,60,60,121,3,244,32,2,34,278
06/18/2004,ABE,PA,AEA,EN,Towers with Radar,62,59,116,4,241,0,1,67,6,74,62,60,183,10,315,166,2,168,483
06/19/2004,ABE,PA,AEA,EN,Towers with Radar,62,46,133,2,243,0,4,144,0,148,62,50,277,2,391,185,0,185,576
06/20/2004,ABE,PA,AEA,EN,Towers with Radar,17,46,62,0,125,28,0,180,0,208,45,46,242,0,333,249,0,249,582
06/21/2004,ABE,PA,AEA,EN,Towers with Radar,28,50,55,11,144,15,5,124,0,144,43,55,179,11,288,122,0,122,410
06/22/2004,ABE,PA,AEA,EN,Towers with Radar,60,53,87,1,201,0,4,50,0,54,60,57,137,1,255,16,0,16,271
06/23/2004,ABE,PA,AEA,EN,Towers with Radar,75,46,86,0,207,0,3,120,0,123,75,49,206,0,330,130,0,130,460
06/24/2004,ABE,PA,AEA,EN,Towers with Radar,66,60,73,26,225,0,4,123,0,127,66,64,196,26,352,156,18,174,526
06/25/2004,ABE,PA,AEA,EN,Towers with Radar,67,58,99,5,229,0,2,93,4,99,67,60,192,9,328,44,0,44,372
06/26/2004,ABE,PA,AEA,EN,Towers with Radar,60,44,97,0,201,0,0,82,0,82,60,44,179,0,283,209,0,209,492
06/27/2004,ABE,PA,AEA,EN,Towers with Radar,1,39,66,0,106,49,1,158,0,208,50,40,224,0,314,185,0,185,499
06/28/2004,ABE,PA,AEA,EN,Towers with Radar,52,53,88,0,193,0,3,118,0,121,52,56,206,0,314,178,0,178,492
06/29/2004,ABE,PA,AEA,EN,Towers with Radar,61,55,92,7,215,0,2,115,0,117,61,57,207,7,332,140,4,144,476
06/30/2004,ABE,PA,AEA,EN,Towers with Radar,68,56,83,7,214,0,4,148,0,152,68,60,231,7,366,144,14,158,524
07/01/2004,ABE,PA,AEA,EN,Towers with Radar,0,57,81,0,138,80,6,76,0,162,80,63,157,0,300,114,0,114,414
07/02/2004,ABE,PA,AEA,EN,Towers with Radar,0,53,67,1,121,73,1,65,1,140,73,54,132,2,261,166,0,166,427
07/03/2004,ABE,PA,AEA,EN,Towers with Radar,0,48,57,0,105,56,0,119,0,175,56,48,176,0,280,163,0,163,443
07/04/2004,ABE,PA,AEA,EN,Towers with Radar,0,34,34,0,68,53,0,69,0,122,53,34,103,0,190,150,0,150,340
07/05/2004,ABE,PA,AEA,EN,Towers with Radar,0,32,45,7,84,48,0,20,0,68,48,32,65,7,152,88,18,106,258
07/06/2004,ABE,PA,AEA,EN,Towers with Radar,0,47,72,0,119,45,4,100,0,149,45,51,172,0,268,70,0,70,338
07/07/2004,ABE,PA,AEA,EN,Towers with Radar,0,40,64,10,114,76,2,81,2,161,76,42,145,12,275,92,0,92,367
07/08/2004,ABE,PA,AEA,EN,Towers with Radar,0,45,87,7,139,94,0,56,0,150,94,45,143,7,289,183,0,183,472
07/09/2004,ABE,PA,AEA,EN,Towers with Radar,0,55,38,2,95,60,2,37,5,104,60,57,75,7,199,110,14,124,323
07/10/2004,ABE,PA,AEA,EN,Towers with Radar,0,44,115,18,177,54,4,129,1,188,54,48,244,19,365,93,0,93,458
07/11/2004,ABE,PA,AEA,EN,Towers with Radar,0,32,112,3,147,60,3,172,2,237,60,35,284,5,384,92,2,94,478
07/12/2004,ABE,PA,AEA,EN,Towers with Radar,0,40,36,1,77,53,0,8,0,61,53,40,44,1,138,0,0,0,138
07/13/2004,ABE,PA,AEA,EN,Towers with Radar,0,42,95,18,155,67,1,15,0,83,67,43,110,18,238,56,0,56,294
07/14/2004,ABE,PA,AEA,EN,Towers with Radar,0,42,80,1,123,68,0,13,1,82,68,42,93,2,205,0,0,0,205
07/15/2004,ABE,PA,AEA,EN,Towers with Radar,0,67,110,1,178,78,1,69,0,148,78,68,179,1,326,100,2,102,428
07/16/2004,ABE,PA,AEA,EN,Towers with Radar,0,57,128,3,188,69,2,71,0,142,69,59,199,3,330,166,8,174,504
07/17/2004,ABE,PA,AEA,EN,Towers with Radar,0,48,95,4,147,57,0,146,0,203,57,48,241,4,350,172,8,180,530
07/18/2004,ABE,PA,AEA,EN,Towers with Radar,0,33,38,0,71,60,0,13,0,73,60,33,51,0,144,6,0,6,150
07/19/2004,ABE,PA,AEA,EN,Towers with Radar,0,46,83,0,129,52,0,27,0,79,52,46,110,0,208,54,0,54,262
07/20/2004,ABE,PA,AEA,EN,Towers with Radar,71,39,127,5,242,0,1,116,13,130,71,40,243,18,372,78,0,78,450
07/21/2004,ABE,PA,AEA,EN,Towers with Radar,65,45,107,3,220,0,2,140,16,158,65,47,247,19,378,136,24,160,538
07/22/2004,ABE,PA,AEA,EN,Towers with Radar,67,62,109,0,238,0,4,84,0,88,67,66,193,0,326,169,0,169,495
07/23/2004,ABE,PA,AEA,EN,Towers with Radar,75,59,93,1,228,0,0,12,0,12,75,59,105,1,240,36,0,36,276
07/24/2004,ABE,PA,AEA,EN,Towers with Radar,57,55,144,0,256,0,3,102,0,105,57,58,246,0,361,115,0,115,476
07/25/2004,ABE,PA,AEA,EN,Towers with Radar,53,49,73,1,176,0,0,105,0,105,53,49,178,1,281,108,0,108,389
07/26/2004,ABE,PA,AEA,EN,Towers with Radar,51,42,74,0,167,0,0,95,0,95,51,42,169,0,262,98,0,98,360
07/27/2004,ABE,PA,AEA,EN,Towers with Radar,77,38,59,0,174,0,1,11,0,12,77,39,70,0,186,26,0,26,212
07/28/2004,ABE,PA,AEA,EN,Towers with Radar,76,38,101,1,216,0,0,19,2,21,76,38,120,3,237,56,0,56,293
07/29/2004,ABE,PA,AEA,EN,Towers with Radar,81,48,92,1,222,0,3,104,0,107,81,51,196,1,329,137,0,137,466
07/30/2004,ABE,PA,AEA,EN,Towers with Radar,83,44,87,1,215,0,4,65,0,69,83,48,152,1,284,142,0,142,426
07/31/2004,ABE,PA,AEA,EN,Towers with Radar,52,36,28,0,116,0,0,32,0,32,52,36,60,0,148,22,0,22,170
08/01/2004,ABE,PA,AEA,EN,Towers with Radar,52,33,69,0,154,0,0,42,0,42,52,33,111,0,196,26,0,26,222
08/02/2004,ABE,PA,AEA,EN,Towers with Radar,61,25,137,1,224,0,3,76,1,80,61,28,213,2,304,72,0,72,376
08/03/2004,ABE,PA,AEA,EN,Towers with Radar,78,40,117,9,244,0,0,61,1,62,78,40,178,10,306,90,10,100,406
08/04/2004,ABE,PA,AEA,EN,Towers with Radar,52,33,111,0,196,9,19,78,0,106,61,52,189,0,302,76,0,76,378
08/05/2004,ABE,PA,AEA,EN,Towers with Radar,71,49,81,29,230,0,0,74,1,75,71,49,155,30,305,140,0,140,445
08/06/2004,ABE,PA,AEA,EN,Towers with Radar,71,42,121,28,262,0,3,142,0,145,71,45,263,28,407,106,8,114,521
08/07/2004,ABE,PA,AEA,EN,Towers with Radar,56,38,113,11,218,0,9,184,0,193,56,47,297,11,411,168,14,182,593
08/08/2004,ABE,PA,AEA,EN,Towers with Radar,52,38,97,9,196,0,1,179,0,180,52,39,276,9,376,295,4,299,675
08/09/2004,ABE,PA,AEA,EN,Towers with Radar,50,50,102,5,207,0,1,159,0,160,50,51,261,5,367,183,4,187,554
08/10/2004,ABE,PA,AEA,EN,Towers with Radar,60,52,42,0,154,0,2,107,0,109,60,54,149,0,263,84,3,87,350
08/11/2004,ABE,PA,AEA,EN,Towers with Radar,78,55,85,0,218,0,5,42,0,47,78,60,127,0,265,72,0,72,337
08/12/2004,ABE,PA,AEA,EN,Towers with Radar,76,56,72,0,204,0,0,17,0,17,76,56,89,0,221,7,0,7,228
08/13/2004,ABE,PA,AEA,EN,Towers with Radar,62,49,63,0,174,0,0,13,0,13,62,49,76,0,187,52,0,52,239
08/14/2004,ABE,PA,AEA,EN,Towers with Radar,46,77,104,0,227,0,2,66,0,68,46,79,170,0,295,134,0,134,429
08/15/2004,ABE,PA,AEA,EN,Towers with Radar,48,41,121,0,210,0,4,30,0,34,48,45,151,0,244,26,0,26,270
08/16/2004,ABE,PA,AEA,EN,Towers with Radar,47,42,90,0,179,0,1,42,0,43,47,43,132,0,222,96,0,96,318
08/17/2004,ABE,PA,AEA,EN,Towers with Radar,67,47,158,29,301,0,2,175,0,177,67,49,333,29,478,212,12,224,702
08/18/2004,ABE,PA,AEA,EN,Towers with Radar,60,52,93,39,244,0,1,48,0,49,60,53,141,39,293,30,24,54,347
08/19/2004,ABE,PA,AEA,EN,Towers with Radar,66,49,97,0,212,0,2,22,0,24,66,51,119,0,236,108,0,108,344
08/20/2004,ABE,PA,AEA,EN,Towers with Radar,58,56,147,0,261,0,1,106,0,107,58,57,253,0,368,46,0,46,414
08/21/2004,ABE,PA,AEA,EN,Towers with Radar,57,40,30,0,127,0,1,5,0,6,57,41,35,0,133,0,0,0,133
08/22/2004,ABE,PA,AEA,EN,Towers with Radar,57,35,95,0,187,0,1,188,0,189,57,36,283,0,376,104,0,104,480
08/23/2004,ABE,PA,AEA,EN,Towers with Radar,49,39,171,2,261,0,0,0,0,0,49,39,171,2,261,124,0,124,385
08/24/2004,ABE,PA,AEA,EN,Towers with Radar,60,41,102,4,207,0,2,112,0,114,60,43,214,4,321,184,0,184,505
08/25/2004,ABE,PA,AEA,EN,Towers with Radar,64,43,94,13,214,0,5,93,0,98,64,48,187,13,312,258,0,258,570
08/26/2004,ABE,PA,AEA,EN,Towers with Radar,73,55,136,2,266,0,2,118,0,120,73,57,254,2,386,112,0,112,498
08/27/2004,ABE,PA,AEA,EN,Towers with Radar,68,57,112,0,237,0,0,80,0,80,68,57,192,0,317,150,0,150,467
08/28/2004,ABE,PA,AEA,EN,Towers with Radar,53,35,85,0,173,0,2,98,4,104,53,37,183,4,277,100,0,100,377
08/29/2004,ABE,PA,AEA,EN,Towers with Radar,61,44,114,2,221,0,0,109,0,109,61,44,223,2,330,66,4,70,400
08/30/2004,ABE,PA,AEA,EN,Towers with Radar,44,44,125,0,213,0,0,28,0,28,44,44,153,0,241,42,0,42,283
08/31/2004,ABE,PA,AEA,EN,Towers with Radar,56,52,96,16,220,0,0,52,0,52,56,52,148,16,272,80,10,90,362
09/01/2004,ABE,PA,AEA,EN,Towers with Radar,62,46,85,0,193,0,0,127,0,127,62,46,212,0,320,105,0,105,425
09/02/2004,ABE,PA,AEA,EN,Towers with Radar,65,52,100,1,218,0,2,136,0,138,65,54,236,1,356,140,0,140,496
09/03/2004,ABE,PA,AEA,EN,Towers with Radar,65,47,59,26,197,0,4,96,0,100,65,51,155,26,297,186,4,190,487
09/04/2004,ABE,PA,AEA,EN,Towers with Radar,50,41,119,0,210,0,2,159,0,161,50,43,278,0,371,71,0,71,442
09/05/2004,ABE,PA,AEA,EN,Towers with Radar,40,29,70,0,139,0,0,17,0,17,40,29,87,0,156,92,0,92,248
09/06/2004,ABE,PA,AEA,EN,Towers with Radar,34,39,60,0,133,0,2,73,0,75,34,41,133,0,208,84,0,84,292
09/07/2004,ABE,PA,AEA,EN,Towers with Radar,55,39,95,5,194,0,0,39,0,39,55,39,134,5,233,36,12,48,281
09/08/2004,ABE,PA,AEA,EN,Towers with Radar,59,51,29,0,139,0,0,3,0,3,59,51,32,0,142,2,0,2,144
09/09/2004,ABE,PA,AEA,EN,Towers with Radar,74,45,72,17,208,0,0,6,0,6,74,45,78,17,214,0,2,2,216
09/10/2004,ABE,PA,AEA,EN,Towers with Radar,64,53,106,7,230,0,2,111,0,113,64,55,217,7,343,92,6,98,441
09/11/2004,ABE,PA,AEA,EN,Towers with Radar,53,33,92,0,178,0,5,176,0,181,53,38,268,0,359,224,0,224,583
09/12/2004,ABE,PA,AEA,EN,Towers with Radar,50,35,79,1,165,0,4,142,0,146,50,39,221,1,311,186,0,186,497
09/13/2004,ABE,PA,AEA,EN,Towers with Radar,42,47,84,2,175,0,0,108,0,108,42,47,192,2,283,94,0,94,377
09/14/2004,ABE,PA,AEA,EN,Towers with Radar,60,56,107,31,254,0,3,54,6,63,60,59,161,37,317,125,4,129,446
09/15/2004,ABE,PA,AEA,EN,Towers with Radar,56,59,80,35,230,0,2,37,0,39,56,61,117,35,269,126,24,150,419
09/16/2004,ABE,PA,AEA,EN,Towers with Radar,67,47,100,1,215,0,0,20,0,20,67,47,120,1,235,4,4,8,243
09/17/2004,ABE,PA,AEA,EN,Towers with Radar,61,61,104,0,226,0,0,18,0,18,61,61,122,0,244,12,0,12,256
09/18/2004,ABE,PA,AEA,EN,Towers with Radar,63,43,34,0,140,0,0,5,0,5,63,43,39,0,145,0,0,0,145
09/19/2004,ABE,PA,AEA,EN,Towers with Radar,28,37,49,0,114,0,1,96,0,97,28,38,145,0,211,56,0,56,267
09/20/2004,ABE,PA,AEA,EN,Towers with Radar,49,47,115,0,211,0,5,140,2,147,49,52,255,2,358,90,0,90,448
09/21/2004,ABE,PA,AEA,EN,Towers with Radar,73,53,78,8,212,0,1,139,0,140,73,54,217,8,352,139,8,147,499
09/22/2004,ABE,PA,AEA,EN,Towers with Radar,67,49,70,10,196,0,2,94,0,96,67,51,164,10,292,136,18,154,446
09/23/2004,ABE,PA,AEA,EN,Towers with Radar,66,48,112,15,241,0,5,173,1,179,66,53,285,16,420,186,10,196,616
09/24/2004,ABE,PA,AEA,EN,Towers with Radar,60,65,132,3,260,0,3,88,8,99,60,68,220,11,359,168,0,168,527
09/25/2004,ABE,PA,AEA,EN,Towers with Radar,58,36,86,2,182,0,2,64,0,66,58,38,150,2,248,196,16,212,460
09/26/2004,ABE,PA,AEA,EN,Towers with Radar,38,34,96,0,168,0,0,140,0,140,38,34,236,0,308,188,0,188,496
09/27/2004,ABE,PA,AEA,EN,Towers with Radar,49,47,86,6,188,0,1,96,0,97,49,48,182,6,285,94,0,94,379
09/28/2004,ABE,PA,AEA,EN,Towers with Radar,63,57,28,0,148,0,0,1,0,1,63,57,29,0,149,20,0,20,169
09/29/2004,ABE,PA,AEA,EN,Towers with Radar,75,53,65,18,211,0,0,45,1,46,75,53,110,19,257,94,0,94,351
09/30/2004,ABE,PA,AEA,EN,Towers with Radar,68,48,184,17,317,0,1,40,0,41,68,49,224,17,358,88,0,88,446
10/01/2004,ABE,PA,AEA,EN,Towers with Radar,68,47,57,9,181,0,0,77,1,78,68,47,134,10,259,0,0,0,259
10/02/2004,ABE,PA,AEA,EN,Towers with Radar,55,37,69,1,162,0,0,31,0,31,55,37,100,1,193,72,18,90,283
10/03/2004,ABE,PA,AEA,EN,Towers with Radar,47,37,55,10,149,0,2,137,0,139,47,39,192,10,288,178,10,188,476
10/04/2004,ABE,PA,AEA,EN,Towers with Radar,46,48,47,0,141,0,1,73,0,74,46,49,120,0,215,116,0,116,331
10/05/2004,ABE,PA,AEA,EN,Towers with Radar,65,47,65,3,180,0,2,117,0,119,65,49,182,3,299,122,0,122,421
10/06/2004,ABE,PA,AEA,EN,Towers with Radar,70,46,74,8,198,0,6,130,2,138,70,52,204,10,336,158,0,158,494
10/07/2004,ABE,PA,AEA,EN,Towers with Radar,67,49,117,0,233,0,1,170,0,171,67,50,287,0,404,252,0,252,656
10/08/2004,ABE,PA,AEA,EN,Towers with Radar,63,55,112,4,234,0,1,186,0,187,63,56,298,4,421,247,0,247,668
10/09/2004,ABE,PA,AEA,EN,Towers with Radar,50,30,81,0,161,0,5,83,0,88,50,35,164,0,249,121,0,121,370
10/10/2004,ABE,PA,AEA,EN,Towers with Radar,56,39,66,0,161,0,1,98,0,99,56,40,164,0,260,79,0,79,339
10/11/2004,ABE,PA,AEA,EN,Towers with Radar,65,45,60,0,170,0,1,69,0,70,65,46,129,0,240,80,0,80,320
10/12/2004,ABE,PA,AEA,EN,Towers with Radar,73,37,105,11,226,0,2,79,0,81,73,39,184,11,307,74,0,74,381
10/13/2004,ABE,PA,AEA,EN,Towers with Radar,66,48,102,0,216,0,3,107,0,110,66,51,209,0,326,158,24,182,508
10/14/2004,ABE,PA,AEA,EN,Towers with Radar,81,45,115,0,241,0,1,22,0,23,81,46,137,0,264,200,0,200,464
10/15/2004,ABE,PA,AEA,EN,Towers with Radar,67,55,103,0,225,0,0,3,0,3,67,55,106,0,228,6,0,6,234
10/16/2004,ABE,PA,AEA,EN,Towers with Radar,51,44,60,2,157,0,2,59,0,61,51,46,119,2,218,92,0,92,310
10/17/2004,ABE,PA,AEA,EN,Towers with Radar,52,55,69,0,176,0,0,77,0,77,52,55,146,0,253,50,0,50,303
10/18/2004,ABE,PA,AEA,EN,Towers with Radar,61,40,62,0,163,0,5,83,0,88,61,45,145,0,251,58,0,58,309
10/19/2004,ABE,PA,AEA,EN,Towers with Radar,71,46,58,11,186,0,1,4,0,5,71,47,62,11,191,0,0,0,191
10/20/2004,ABE,PA,AEA,EN,Towers with Radar,78,46,130,13,267,0,0,23,0,23,78,46,153,13,290,10,2,12,302
10/21/2004,ABE,PA,AEA,EN,Towers with Radar,64,58,141,2,265,0,0,17,0,17,64,58,158,2,282,30,0,30,312
10/22/2004,ABE,PA,AEA,EN,Towers with Radar,52,78,101,5,236,0,2,91,0,93,52,80,192,5,329,86,6,92,421
10/23/2004,ABE,PA,AEA,EN,Towers with Radar,48,48,131,0,227,0,3,160,0,163,48,51,291,0,390,164,0,164,554
10/24/2004,ABE,PA,AEA,EN,Towers with Radar,59,29,58,0,146,0,0,112,1,113,59,29,170,1,259,88,0,88,347
10/25/2004,ABE,PA,AEA,EN,Towers with Radar,57,47,92,3,199,0,0,35,0,35,57,47,127,3,234,64,0,64,298
10/26/2004,ABE,PA,AEA,EN,Towers with Radar,69,41,57,18,185,0,1,70,0,71,69,42,127,18,256,114,8,122,378
10/27/2004,ABE,PA,AEA,EN,Towers with Radar,65,53,78,13,209,0,1,114,0,115,65,54,192,13,324,102,8,110,434
10/28/2004,ABE,PA,AEA,EN,Towers with Radar,74,56,61,18,209,0,0,82,0,82,74,56,143,18,291,108,10,118,409
10/29/2004,ABE,PA,AEA,EN,Towers with Radar,75,55,152,10,292,0,1,14,0,15,75,56,166,10,307,22,0,22,329
10/30/2004,ABE,PA,AEA,EN,Towers with Radar,49,49,66,5,169,0,0,0,0,0,49,49,66,5,169,0,0,0,169
10/31/2004,ABE,PA,AEA,EN,Towers with Radar,59,29,47,0,135,0,0,82,0,82,59,29,129,0,217,148,0,148,365
11/01/2004,ABE,PA,AEA,EN,Combined TRACON& Tower with Radar,63,40,49,24,176,0,2,65,0,67,63,42,114,24,243,50,12,62,305
11/02/2004,ABE,PA,AEA,EN,Combined TRACON& Tower with Radar,69,54,79,0,202,0,1,76,0,77,69,55,155,0,279,104,0,104,383
11/03/2004,ABE,PA,AEA,EN,Combined TRACON& Tower with Radar,60,56,56,0,172,0,0,60,0,60,60,56,116,0,232,104,0,104,336
11/04/2004,ABE,PA,AEA,EN,Combined TRACON& Tower with Radar,69,53,88,22,232,0,2,47,0,49,69,55,135,22,281,16,20,36,317
11/05/2004,ABE,PA,AEA,EN,Combined TRACON& Tower with Radar,66,50,17,0,133,0,2,12,0,14,66,52,29,0,147,6,0,6,153
11/06/2004,ABE,PA,AEA,EN,Combined TRACON& Tower with Radar,63,37,66,11,177,0,1,116,0,117,63,38,182,11,294,216,8,224,518
11/07/2004,ABE,PA,AEA,EN,Combined TRACON& Tower with Radar,50,39,148,0,237,0,2,203,0,205,50,41,351,0,442,96,0,96,538
11/08/2004,ABE,PA,AEA,EN,Combined TRACON& Tower with Radar,58,46,71,10,185,0,1,84,0,85,58,47,155,10,270,68,2,70,340
11/09/2004,ABE,PA,AEA,EN,Combined TRACON& Tower with Radar,64,50,72,13,199,0,4,91,0,95,64,54,163,13,294,98,4,102,396
11/10/2004,ABE,PA,AEA,EN,Combined TRACON& Tower with Radar,64,45,96,0,205,0,5,145,0,150,64,50,241,0,355,100,0,100,455
11/11/2004,ABE,PA,AEA,EN,Combined TRACON& Tower with Radar,72,53,108,0,233,0,4,124,0,128,72,57,232,0,361,104,0,104,465
11/12/2004,ABE,PA,AEA,EN,Combined TRACON& Tower with Radar,75,46,37,0,158,0,4,10,0,14,75,50,47,0,172,0,0,0,172
11/13/2004,ABE,PA,AEA,EN,Combined TRACON& Tower with Radar,53,43,44,0,140,0,2,84,0,86,53,45,128,0,226,53,0,53,279
11/14/2004,ABE,PA,AEA,EN,Combined TRACON& Tower with Radar,53,31,100,4,188,0,1,164,0,165,53,32,264,4,353,112,0,112,465
11/15/2004,ABE,PA,AEA,EN,Combined TRACON& Tower with Radar,57,49,124,11,241,0,0,100,0,100,57,49,224,11,341,68,6,74,415
11/16/2004,ABE,PA,AEA,EN,Combined TRACON& Tower with Radar,55,52,119,7,233,0,6,131,0,137,55,58,250,7,370,128,10,138,508
11/17/2004,ABE,PA,AEA,EN,Combined TRACON& Tower with Radar,74,41,60,20,195,0,3,123,0,126,74,44,183,20,321,70,17,87,408
11/18/2004,ABE,PA,AEA,EN,Combined TRACON& Tower with Radar,61,54,126,15,256,0,1,38,0,39,61,55,164,15,295,68,12,80,375
11/19/2004,ABE,PA,AEA,EN,Combined TRACON& Tower with Radar,69,60,101,0,230,0,1,59,0,60,69,61,160,0,290,94,0,94,384
11/20/2004,ABE,PA,AEA,EN,Combined TRACON& Tower with Radar,62,35,117,0,214,0,3,10,0,13,62,38,127,0,227,2,0,2,229
11/21/2004,ABE,PA,AEA,EN,Combined TRACON& Tower with Radar,60,33,131,0,224,0,0,18,0,18,60,33,149,0,242,30,0,30,272
11/22/2004,ABE,PA,AEA,EN,Combined TRACON& Tower with Radar,64,34,64,9,171,0,1,77,0,78,64,35,141,9,249,106,0,106,355
11/23/2004,ABE,PA,AEA,EN,Combined TRACON& Tower with Radar,63,56,185,26,330,0,3,38,2,43,63,59,223,28,373,112,14,126,499
11/24/2004,ABE,PA,AEA,EN,Combined TRACON& Tower with Radar,64,51,75,0,190,0,1,0,0,1,64,52,75,0,191,8,2,10,201
11/25/2004,ABE,PA,AEA,EN,Combined TRACON& Tower with Radar,59,32,21,0,112,0,0,1,0,1,59,32,22,0,113,1,0,1,114
11/26/2004,ABE,PA,AEA,EN,Combined TRACON& Tower with Radar,42,29,60,0,131,0,1,111,0,112,42,30,171,0,243,180,0,180,423
11/27/2004,ABE,PA,AEA,EN,Combined TRACON& Tower with Radar,57,41,99,0,197,0,1,141,0,142,57,42,240,0,339,52,0,52,391
11/28/2004,ABE,PA,AEA,EN,Combined TRACON& Tower with Radar,61,44,44,0,149,0,0,20,0,20,61,44,64,0,169,14,0,14,183
11/29/2004,ABE,PA,AEA,EN,Combined TRACON& Tower with Radar,61,33,69,7,170,0,0,74,3,77,61,33,143,10,247,98,12,110,357
11/30/2004,ABE,PA,AEA,EN,Combined TRACON& Tower with Radar,70,43,79,2,194,0,1,82,0,83,70,44,161,2,277,70,0,70,347
12/01/2004,ABE,PA,AEA,EN,Combined TRACON& Tower with Radar,58,47,19,0,124,0,0,6,0,6,58,47,25,0,130,0,0,0,130
12/02/2004,ABE,PA,AEA,EN,Combined TRACON& Tower with Radar,64,55,50,23,192,0,1,86,1,88,64,56,136,24,280,134,24,158,438
12/03/2004,ABE,PA,AEA,EN,Combined TRACON& Tower with Radar,53,48,68,0,169,0,1,92,0,93,53,49,160,0,262,66,6,72,334
12/04/2004,ABE,PA,AEA,EN,Combined TRACON& Tower with Radar,48,33,106,0,187,0,6,150,0,156,48,39,256,0,343,58,2,60,403
12/05/2004,ABE,PA,AEA,EN,Combined TRACON& Tower with Radar,57,23,79,0,159,0,0,155,0,155,57,23,234,0,314,113,0,113,427
12/06/2004,ABE,PA,AEA,EN,Combined TRACON& Tower with Radar,49,40,22,0,111,0,1,9,0,10,49,41,31,0,121,13,0,13,134
12/07/2004,ABE,PA,AEA,EN,Combined TRACON& Tower with Radar,60,42,20,0,122,0,0,0,0,0,60,42,20,0,122,0,0,0,122
12/08/2004,ABE,PA,AEA,EN,Combined TRACON& Tower with Radar,74,33,61,0,168,0,1,60,0,61,74,34,121,0,229,36,2,38,267
12/09/2004,ABE,PA,AEA,EN,Combined TRACON& Tower with Radar,63,32,101,12,208,0,8,106,1,115,63,40,207,13,323,112,4,116,439
12/10/2004,ABE,PA,AEA,EN,Combined TRACON& Tower with Radar,61,37,35,2,135,0,0,1,0,1,61,37,36,2,136,0,0,0,136
12/11/2004,ABE,PA,AEA,EN,Combined TRACON& Tower with Radar,38,41,87,0,166,0,0,8,0,8,38,41,95,0,174,0,0,0,174
12/12/2004,ABE,PA,AEA,EN,Combined TRACON& Tower with Radar,39,32,98,0,169,0,1,160,10,171,39,33,258,10,340,146,0,146,486
12/13/2004,ABE,PA,AEA,EN,Combined TRACON& Tower with Radar,33,42,33,0,108,0,2,16,0,18,33,44,49,0,126,24,0,24,150
12/14/2004,ABE,PA,AEA,EN,Combined TRACON& Tower with Radar,57,39,42,1,139,0,6,58,2,66,57,45,100,3,205,15,2,17,222
12/15/2004,ABE,PA,AEA,EN,Combined TRACON& Tower with Radar,61,41,72,2,176,0,0,84,0,84,61,41,156,2,260,48,0,48,308
12/16/2004,ABE,PA,AEA,EN,Combined TRACON& Tower with Radar,60,44,49,18,171,0,6,107,1,114,60,50,156,19,285,122,6,128,413
12/17/2004,ABE,PA,AEA,EN,Combined TRACON& Tower with Radar,67,49,72,17,205,0,2,86,1,89,67,51,158,18,294,151,6,157,451
12/18/2004,ABE,PA,AEA,EN,Combined TRACON& Tower with Radar,43,39,119,2,203,0,7,148,0,155,43,46,267,2,358,74,0,74,432
12/19/2004,ABE,PA,AEA,EN,Combined TRACON& Tower with Radar,25,28,22,0,75,0,0,8,0,8,25,28,30,0,83,0,0,0,83
12/20/2004,ABE,PA,AEA,EN,Combined TRACON& Tower with Radar,49,37,38,0,124,0,0,20,0,20,49,37,58,0,144,2,0,2,146
12/21/2004,ABE,PA,AEA,EN,Combined TRACON& Tower with Radar,62,40,42,2,146,0,0,49,0,49,62,40,91,2,195,48,0,48,243
12/22/2004,ABE,PA,AEA,EN,Combined TRACON& Tower with Radar,51,33,75,5,164,0,1,138,0,139,51,34,213,5,303,74,0,74,377
12/23/2004,ABE,PA,AEA,EN,Combined TRACON& Tower with Radar,69,34,35,1,139,0,1,9,0,10,69,35,44,1,149,2,0,2,151
12/24/2004,ABE,PA,AEA,EN,Combined TRACON& Tower with Radar,40,35,33,0,108,0,0,54,0,54,40,35,87,0,162,36,0,36,198
12/25/2004,ABE,PA,AEA,EN,Combined TRACON& Tower with Radar,27,23,6,0,56,0,0,8,0,8,27,23,14,0,64,0,0,0,64
12/26/2004,ABE,PA,AEA,EN,Combined TRACON& Tower with Radar,40,28,42,0,110,0,1,56,0,57,40,29,98,0,167,40,0,40,207
12/27/2004,ABE,PA,AEA,EN,Combined TRACON& Tower with Radar,46,38,24,0,108,0,1,29,0,30,46,39,53,0,138,28,0,28,166
12/28/2004,ABE,PA,AEA,EN,Combined TRACON& Tower with Radar,68,40,53,25,186,0,2,89,0,91,68,42,142,25,277,130,31,161,438
12/29/2004,ABE,PA,AEA,EN,Combined TRACON& Tower with Radar,60,34,62,26,182,0,3,103,0,106,60,37,165,26,288,64,8,72,360
12/30/2004,ABE,PA,AEA,EN,Combined TRACON& Tower with Radar,45,38,102,5,190,0,2,79,3,84,45,40,181,8,274,139,0,139,413
12/31/2004,ABE,PA,AEA,EN,Combined TRACON& Tower with Radar,50,41,39,0,130,0,0,51,0,51,50,41,90,0,181,90,0,90,271
01/02/2005,ABE,PA,AEA,EN,Combined TRACON& Tower with Radar,40,30,94,0,164,0,5,68,0,73,40,35,162,0,237,14,0,14,251
01/03/2005,ABE,PA,AEA,EN,Combined TRACON& Tower with Radar,53,43,90,0,186,0,0,2,0,2,53,43,92,0,188,0,0,0,188
01/04/2005,ABE,PA,AEA,EN,Combined TRACON& Tower with Radar,51,56,53,0,160,0,0,5,0,5,51,56,58,0,165,42,0,42,207
01/05/2005,ABE,PA,AEA,EN,Combined TRACON& Tower with Radar,52,35,21,0,108,0,0,7,0,7,52,35,28,0,115,0,0,0,115
01/06/2005,ABE,PA,AEA,EN,Combined TRACON& Tower with Radar,44,42,27,0,113,0,0,0,0,0,44,42,27,0,113,0,0,0,113
01/07/2005,ABE,PA,AEA,EN,Combined TRACON& Tower with Radar,65,41,67,8,181,0,7,67,0,74,65,48,134,8,255,108,4,112,367
01/08/2005,ABE,PA,AEA,EN,Combined TRACON& Tower with Radar,41,26,11,0,78,0,3,9,0,12,41,29,20,0,90,14,0,14,104
01/09/2005,ABE,PA,AEA,EN,Combined TRACON& Tower with Radar,38,23,49,8,118,0,3,20,0,23,38,26,69,8,141,124,16,140,281
01/10/2005,ABE,PA,AEA,EN,Combined TRACON& Tower with Radar,51,37,47,0,135,0,2,25,0,27,51,39,72,0,162,44,0,44,206
01/11/2005,ABE,PA,AEA,EN,Combined TRACON& Tower with Radar,57,46,44,0,147,0,2,27,0,29,57,48,71,0,176,6,0,6,182
01/12/2005,ABE,PA,AEA,EN,Combined TRACON& Tower with Radar,52,36,46,0,134,0,0,0,0,0,52,36,46,0,134,0,0,0,134
01/13/2005,ABE,PA,AEA,EN,Combined TRACON& Tower with Radar,50,26,17,16,109,0,0,0,0,0,50,26,17,16,109,0,0,0,109
01/14/2005,ABE,PA,AEA,EN,Combined TRACON& Tower with Radar,64,37,46,0,147,0,0,17,0,17,64,37,63,0,164,24,0,24,188
01/15/2005,ABE,PA,AEA,EN,Combined TRACON& Tower with Radar,41,37,53,0,131,0,0,113,0,113,41,37,166,0,244,125,0,125,369
01/16/2005,ABE,PA,AEA,EN,Combined TRACON& Tower with Radar,32,32,77,0,141,0,1,130,0,131,32,33,207,0,272,86,0,86,358
01/17/2005,ABE,PA,AEA,EN,Combined TRACON& Tower with Radar,43,43,70,0,156,0,0,31,0,31,43,43,101,0,187,32,0,32,219
01/18/2005,ABE,PA,AEA,EN,Combined TRACON& Tower with Radar,64,35,50,15,164,0,3,49,0,52,64,38,99,15,216,46,2,48,264
01/19/2005,ABE,PA,AEA,EN,Combined TRACON& Tower with Radar,51,38,42,6,137,0,5,23,0,28,51,43,65,6,165,42,6,48,213
01/20/2005,ABE,PA,AEA,EN,Combined TRACON& Tower with Radar,55,45,61,19,180,0,1,62,0,63,55,46,123,19,243,34,6,40,283
01/21/2005,ABE,PA,AEA,EN,Combined TRACON& Tower with Radar,61,50,70,8,189,0,1,88,1,90,61,51,158,9,279,108,8,116,395
01/22/2005,ABE,PA,AEA,EN,Combined TRACON& Tower with Radar,28,35,12,2,77,0,3,4,0,7,28,38,16,2,84,6,0,6,90
01/23/2005,ABE,PA,AEA,EN,Combined TRACON& Tower with Radar,29,22,3,0,54,0,1,1,0,2,29,23,4,0,56,0,0,0,56
01/24/2005,ABE,PA,AEA,EN,Combined TRACON& Tower with Radar,46,42,15,0,103,0,2,13,0,15,46,44,28,0,118,58,0,58,176
01/25/2005,ABE,PA,AEA,EN,Combined TRACON& Tower with Radar,52,49,28,10,139,0,3,64,0,67,52,52,92,10,206,100,2,102,308
01/26/2005,ABE,PA,AEA,EN,Combined TRACON& Tower with Radar,56,50,76,0,182,0,3,43,0,46,56,53,119,0,228,108,0,108,336
01/27/2005,ABE,PA,AEA,EN,Combined TRACON& Tower with Radar,56,52,41,0,149,0,3,58,0,61,56,55,99,0,210,109,0,109,319
01/28/2005,ABE,PA,AEA,EN,Combined TRACON& Tower with Radar,60,51,38,0,149,0,2,81,0,83,60,53,119,0,232,58,0,58,290
01/29/2005,ABE,PA,AEA,EN,Combined TRACON& Tower with Radar,44,31,83,0,158,0,4,146,0,150,44,35,229,0,308,284,0,284,592
01/30/2005,ABE,PA,AEA,EN,Combined TRACON& Tower with Radar,39,25,51,0,115,0,0,69,0,69,39,25,120,0,184,84,0,84,268
01/31/2005,ABE,PA,AEA,EN,Combined TRACON& Tower with Radar,41,47,44,9,141,0,4,61,0,65,41,51,105,9,206,58,4,62,268
02/01/2005,ABE,PA,AEA,EN,Combined TRACON& Tower with Radar,54,47,43,0,144,0,4,72,0,76,54,51,115,0,220,116,0,116,336
02/02/2005,ABE,PA,AEA,EN,Combined TRACON& Tower with Radar,57,45,47,7,156,0,4,69,0,73,57,49,116,7,229,48,0,48,277
02/03/2005,ABE,PA,AEA,EN,Combined TRACON& Tower with Radar,62,46,94,10,212,0,3,93,0,96,62,49,187,10,308,132,13,145,453
02/04/2005,ABE,PA,AEA,EN,Combined TRACON& Tower with Radar,54,55,73,0,182,0,5,85,0,90,54,60,158,0,272,185,0,185,457
02/05/2005,ABE,PA,AEA,EN,Combined TRACON& Tower with Radar,52,32,106,0,190,0,2,165,0,167,52,34,271,0,357,261,0,261,618
02/06/2005,ABE,PA,AEA,EN,Combined TRACON& Tower with Radar,44,31,58,10,143,0,1,121,5,127,44,32,179,15,270,124,0,124,394
02/07/2005,ABE,PA,AEA,EN,Combined TRACON& Tower with Radar,46,40,68,0,154,0,3,76,0,79,46,43,144,0,233,99,0,99,332
02/08/2005,ABE,PA,AEA,EN,Combined TRACON& Tower with Radar,57,45,88,14,204,0,0,0,0,0,57,45,88,14,204,96,36,132,336
02/09/2005,ABE,PA,AEA,EN,Combined TRACON& Tower with Radar,58,32,81,9,180,0,3,26,0,29,58,35,107,9,209,86,4,90,299
02/10/2005,ABE,PA,AEA,EN,Combined TRACON& Tower with Radar,64,45,38,0,147,0,0,6,0,6,64,45,44,0,153,0,0,0,153
02/11/2005,ABE,PA,AEA,EN,Combined TRACON& Tower with Radar,66,56,55,3,180,0,0,54,0,54,66,56,109,3,234,76,16,92,326
02/12/2005,ABE,PA,AEA,EN,Combined TRACON& Tower with Radar,50,29,72,9,160,0,0,82,0,82,50,29,154,9,242,72,0,72,314
02/13/2005,ABE,PA,AEA,EN,Combined TRACON& Tower with Radar,43,32,88,0,163,0,0,156,0,156,43,32,244,0,319,194,0,194,513
02/14/2005,ABE,PA,AEA,EN,Combined TRACON& Tower with Radar,48,47,26,0,121,0,0,19,0,19,48,47,45,0,140,20,0,20,160
02/15/2005,ABE,PA,AEA,EN,Combined TRACON& Tower with Radar,45,42,74,10,171,0,1,68,0,69,45,43,142,10,240,70,0,70,310
02/16/2005,ABE,PA,AEA,EN,Combined TRACON& Tower with Radar,53,51,75,0,179,0,4,34,0,38,53,55,109,0,217,72,8,80,297
02/17/2005,ABE,PA,AEA,EN,Combined TRACON& Tower with Radar,51,54,100,7,212,0,2,78,0,80,51,56,178,7,292,68,8,76,368
02/18/2005,ABE,PA,AEA,EN,Combined TRACON& Tower with Radar,65,46,59,5,175,0,1,41,0,42,65,47,100,5,217,62,0,62,279
02/19/2005,ABE,PA,AEA,EN,Combined TRACON& Tower with Radar,49,55,104,0,208,0,4,150,0,154,49,59,254,0,362,168,0,168,530
02/20/2005,ABE,PA,AEA,EN,Combined TRACON& Tower with Radar,44,32,60,0,136,0,1,113,0,114,44,33,173,0,250,162,0,162,412
02/21/2005,ABE,PA,AEA,EN,Combined TRACON& Tower with Radar,54,35,8,0,97,0,0,0,0,0,54,35,8,0,97,0,0,0,97
02/22/2005,ABE,PA,AEA,EN,Combined TRACON& Tower with Radar,50,67,65,0,182,0,3,44,0,47,50,70,109,0,229,102,14,116,345
02/23/2005,ABE,PA,AEA,EN,Combined TRACON& Tower with Radar,64,55,79,10,208,0,2,84,2,88,64,57,163,12,296,104,8,112,408
02/24/2005,ABE,PA,AEA,EN,Combined TRACON& Tower with Radar,58,53,30,6,147,0,2,21,0,23,58,55,51,6,170,2,0,2,172
02/25/2005,ABE,PA,AEA,EN,Combined TRACON& Tower with Radar,57,50,64,0,171,0,3,45,0,48,57,53,109,0,219,50,0,50,269
02/26/2005,ABE,PA,AEA,EN,Combined TRACON& Tower with Radar,47,41,72,1,161,0,3,81,1,85,47,44,153,2,246,132,0,132,378
02/27/2005,ABE,PA,AEA,EN,Combined TRACON& Tower with Radar,39,36,67,0,142,0,1,154,0,155,39,37,221,0,297,164,0,164,461
02/28/2005,ABE,PA,AEA,EN,Combined TRACON& Tower with Radar,37,38,19,9,103,0,3,12,0,15,37,41,31,9,118,0,0,0,118
03/01/2005,ABE,PA,AEA,EN,Combined TRACON& Tower with Radar,50,42,10,9,111,0,0,2,0,2,50,42,12,9,113,4,16,20,133
03/02/2005,ABE,PA,AEA,EN,Combined TRACON& Tower with Radar,70,46,37,10,163,0,4,22,0,26,70,50,59,10,189,150,14,164,353
03/03/2005,ABE,PA,AEA,EN,Combined TRACON& Tower with Radar,69,49,40,4,162,0,1,44,5,50,69,50,84,9,212,34,8,42,254
03/04/2005,ABE,PA,AEA,EN,Combined TRACON& Tower with Radar,61,53,79,1,194,0,1,113,2,116,61,54,192,3,310,84,0,84,394
03/05/2005,ABE,PA,AEA,EN,Combined TRACON& Tower with Radar,44,45,79,7,175,0,10,144,0,154,44,55,223,7,329,121,20,141,470
03/06/2005,ABE,PA,AEA,EN,Combined TRACON& Tower with Radar,38,37,43,2,120,0,0,67,0,67,38,37,110,2,187,122,2,124,311
03/07/2005,ABE,PA,AEA,EN,Combined TRACON& Tower with Radar,44,59,26,0,129,0,0,40,0,40,44,59,66,0,169,28,0,28,197
03/08/2005,ABE,PA,AEA,EN,Combined TRACON& Tower with Radar,48,40,43,0,131,0,2,10,0,12,48,42,53,0,143,0,0,0,143
03/09/2005,ABE,PA,AEA,EN,Combined TRACON& Tower with Radar,57,54,34,0,145,0,3,41,0,44,57,57,75,0,189,24,0,24,213
03/10/2005,ABE,PA,AEA,EN,Combined TRACON& Tower with Radar,60,46,89,12,207,0,2,93,0,95,60,48,182,12,302,70,0,70,372
03/11/2005,ABE,PA,AEA,EN,Combined TRACON& Tower with Radar,63,44,56,0,163,0,2,15,0,17,63,46,71,0,180,14,0,14,194
03/12/2005,ABE,PA,AEA,EN,Combined TRACON& Tower with Radar,29,53,45,0,127,0,3,82,0,85,29,56,127,0,212,208,0,208,420
03/13/2005,ABE,PA,AEA,EN,Combined TRACON& Tower with Radar,49,40,72,7,168,0,4,128,0,132,49,44,200,7,300,188,0,188,488
03/14/2005,ABE,PA,AEA,EN,Combined TRACON& Tower with Radar,37,59,58,0,154,0,1,84,0,85,37,60,142,0,239,204,0,204,443
03/15/2005,ABE,PA,AEA,EN,Combined TRACON& Tower with Radar,43,57,68,8,176,0,1,90,0,91,43,58,158,8,267,210,8,218,485
03/16/2005,ABE,PA,AEA,EN,Combined TRACON& Tower with Radar,58,57,68,15,198,0,6,97,0,103,58,63,165,15,301,210,12,222,523
03/17/2005,ABE,PA,AEA,EN,Combined TRACON& Tower with Radar,67,43,81,45,236,0,0,95,0,95,67,43,176,45,331,216,22,238,569
03/18/2005,ABE,PA,AEA,EN,Combined TRACON& Tower with Radar,64,58,93,10,225,0,2,109,0,111,64,60,202,10,336,208,16,224,560
03/19/2005,ABE,PA,AEA,EN,Combined TRACON& Tower with Radar,41,43,104,0,188,0,1,161,0,162,41,44,265,0,350,138,0,138,488
03/20/2005,ABE,PA,AEA,EN,Combined TRACON& Tower with Radar,31,38,47,0,116,0,0,12,0,12,31,38,59,0,128,0,0,0,128
03/21/2005,ABE,PA,AEA,EN,Combined TRACON& Tower with Radar,50,38,54,5,147,0,0,39,1,40,50,38,93,6,187,94,0,94,281
03/22/2005,ABE,PA,AEA,EN,Combined TRACON& Tower with Radar,48,49,125,13,235,0,2,137,0,139,48,51,262,13,374,242,16,258,632
03/23/2005,ABE,PA,AEA,EN,Combined TRACON& Tower with Radar,48,47,37,0,132,0,0,22,0,22,48,47,59,0,154,18,0,18,172
03/24/2005,ABE,PA,AEA,EN,Combined TRACON& Tower with Radar,51,67,86,11,215,0,0,59,1,60,51,67,145,12,275,14,0,14,289
03/25/2005,ABE,PA,AEA,EN,Combined TRACON& Tower with Radar,57,49,58,0,164,0,2,36,0,38,57,51,94,0,202,86,0,86,288
03/26/2005,ABE,PA,AEA,EN,Combined TRACON& Tower with Radar,39,35,91,0,165,0,1,117,2,120,39,36,208,2,285,176,0,176,461
03/27/2005,ABE,PA,AEA,EN,Combined TRACON& Tower with Radar,49,26,41,0,116,0,1,4,0,5,49,27,45,0,121,20,0,20,141
03/28/2005,ABE,PA,AEA,EN,Combined TRACON& Tower with Radar,39,40,38,0,117,0,0,0,0,0,39,40,38,0,117,0,0,0,117
03/29/2005,ABE,PA,AEA,EN,Combined TRACON& Tower with Radar,64,52,122,0,238,0,3,54,0,57,64,55,176,0,295,142,0,142,437
03/30/2005,ABE,PA,AEA,EN,Combined TRACON& Tower with Radar,55,50,82,13,200,0,3,119,0,122,55,53,201,13,322,188,8,196,518
03/31/2005,ABE,PA,AEA,EN,Combined TRACON& Tower with Radar,56,49,110,9,224,0,0,103,3,106,56,49,213,12,330,96,0,96,426
04/01/2005,ABE,PA,AEA,EN,Combined TRACON& Tower with Radar,55,58,94,0,207,0,0,86,0,86,55,58,180,0,293,94,4,98,391
04/02/2005,ABE,PA,AEA,EN,Combined TRACON& Tower with Radar,45,38,53,0,136,0,0,8,0,8,45,38,61,0,144,0,0,0,144
04/03/2005,ABE,PA,AEA,EN,Combined TRACON& Tower with Radar,44,46,16,0,106,0,0,4,0,4,44,46,20,0,110,0,0,0,110
04/04/2005,ABE,PA,AEA,EN,Combined TRACON& Tower with Radar,50,48,38,0,136,0,3,52,0,55,50,51,90,0,191,26,0,26,217
04/05/2005,ABE,PA,AEA,EN,Combined TRACON& Tower with Radar,62,48,120,2,232,0,2,120,0,122,62,50,240,2,354,154,0,154,508
04/06/2005,ABE,PA,AEA,EN,Combined TRACON& Tower with Radar,74,39,123,0,236,0,6,118,0,124,74,45,241,0,360,144,0,144,504
04/07/2005,ABE,PA,AEA,EN,Combined TRACON& Tower with Radar,68,46,69,0,183,0,8,68,0,76,68,54,137,0,259,136,0,136,395
04/08/2005,ABE,PA,AEA,EN,Combined TRACON& Tower with Radar,79,42,62,0,183,0,1,91,0,92,79,43,153,0,275,130,0,130,405
04/09/2005,ABE,PA,AEA,EN,Combined TRACON& Tower with Radar,59,32,86,7,184,0,1,142,0,143,59,33,228,7,327,202,0,202,529
04/10/2005,ABE,PA,AEA,EN,Combined TRACON& Tower with Radar,66,29,82,0,177,0,3,191,0,194,66,32,273,0,371,196,0,196,567
04/11/2005,ABE,PA,AEA,EN,Combined TRACON& Tower with Radar,48,44,43,13,148,0,4,98,0,102,48,48,141,13,250,58,0,58,308
04/12/2005,ABE,PA,AEA,EN,Combined TRACON& Tower with Radar,63,45,82,0,190,0,5,135,1,141,63,50,217,1,331,130,2,132,463
04/13/2005,ABE,PA,AEA,EN,Combined TRACON& Tower with Radar,56,52,70,0,178,0,4,86,0,90,56,56,156,0,268,218,0,218,486
04/14/2005,ABE,PA,AEA,EN,Combined TRACON& Tower with Radar,64,54,60,7,185,0,1,109,0,110,64,55,169,7,295,140,2,142,437
04/15/2005,ABE,PA,AEA,EN,Combined TRACON& Tower with Radar,0,0,0,0,0,0,0,0,0,0,0,0,0,0,0,0,0,0,0
04/16/2005,ABE,PA,AEA,EN,Combined TRACON& Tower with Radar,52,36,73,0,161,0,1,142,0,143,52,37,215,0,304,234,0,234,538
04/17/2005,ABE,PA,AEA,EN,Combined TRACON& Tower with Radar,57,33,70,4,164,0,1,140,4,145,57,34,210,8,309,206,2,208,517
04/18/2005,ABE,PA,AEA,EN,Combined TRACON& Tower with Radar,45,56,76,0,177,0,0,80,0,80,45,56,156,0,257,52,0,52,309
04/19/2005,ABE,PA,AEA,EN,Combined TRACON& Tower with Radar,61,56,108,0,225,0,2,134,0,136,61,58,242,0,361,114,2,116,477
04/20/2005,ABE,PA,AEA,EN,Combined TRACON& Tower with Radar,61,50,74,5,190,0,1,90,0,91,61,51,164,5,281,89,0,89,370
04/21/2005,ABE,PA,AEA,EN,Combined TRACON& Tower with Radar,68,52,56,0,176,0,1,88,0,89,68,53,144,0,265,158,0,158,423
04/22/2005,ABE,PA,AEA,EN,Combined TRACON& Tower with Radar,59,56,88,0,203,0,2,56,0,58,59,58,144,0,261,156,0,156,417
04/23/2005,ABE,PA,AEA,EN,Combined TRACON& Tower with Radar,61,37,23,0,121,0,0,0,0,0,61,37,23,0,121,0,0,0,121
04/24/2005,ABE,PA,AEA,EN,Combined TRACON& Tower with Radar,56,41,80,0,177,0,1,31,0,32,56,42,111,0,209,112,0,112,321
04/25/2005,ABE,PA,AEA,EN,Combined TRACON& Tower with Radar,47,61,51,0,159,0,4,23,0,27,47,65,74,0,186,8,0,8,194
04/26/2005,ABE,PA,AEA,EN,Combined TRACON& Tower with Radar,60,65,84,1,210,0,2,94,5,101,60,67,178,6,311,106,0,106,417
04/27/2005,ABE,PA,AEA,EN,Combined TRACON& Tower with Radar,61,48,117,18,244,0,2,27,0,29,61,50,144,18,273,58,0,58,331
04/28/2005,ABE,PA,AEA,EN,Combined TRACON& Tower with Radar,63,63,75,9,210,0,3,50,0,53,63,66,125,9,263,106,10,116,379
04/29/2005,ABE,PA,AEA,EN,Combined TRACON& Tower with Radar,59,69,81,11,220,0,3,84,0,87,59,72,165,11,307,78,30,108,415
04/30/2005,ABE,PA,AEA,EN,Combined TRACON& Tower with Radar,53,34,118,0,205,0,3,6,0,9,53,37,124,0,214,6,0,6,220
05/01/2005,ABE,PA,AEA,EN,Combined TRACON& Tower with Radar,63,36,67,0,166,0,0,56,0,56,63,36,123,0,222,140,0,140,362
05/02/2005,ABE,PA,AEA,EN,Combined TRACON& Tower with Radar,44,55,48,2,149,0,3,54,0,57,44,58,102,2,206,28,0,28,234
05/03/2005,ABE,PA,AEA,EN,Combined TRACON& Tower with Radar,40,71,116,19,246,0,1,101,0,102,40,72,217,19,348,46,8,54,402
05/04/2005,ABE,PA,AEA,EN,Combined TRACON& Tower with Radar,68,53,84,3,208,0,3,95,5,103,68,56,179,8,311,123,14,137,448
05/05/2005,ABE,PA,AEA,EN,Combined TRACON& Tower with Radar,71,48,110,11,240,0,2,136,0,138,71,50,246,11,378,116,6,122,500
05/06/2005,ABE,PA,AEA,EN,Combined TRACON& Tower with Radar,63,56,52,0,171,0,2,72,0,74,63,58,124,0,245,152,0,152,397
05/07/2005,ABE,PA,AEA,EN,Combined TRACON& Tower with Radar,56,42,72,0,170,0,2,125,0,127,56,44,197,0,297,176,0,176,473
05/08/2005,ABE,PA,AEA,EN,Combined TRACON& Tower with Radar,57,38,34,0,129,0,5,68,0,73,57,43,102,0,202,92,0,92,294
05/09/2005,ABE,PA,AEA,EN,Combined TRACON& Tower with Radar,52,53,65,2,172,0,2,127,0,129,52,55,192,2,301,138,0,138,439
05/10/2005,ABE,PA,AEA,EN,Combined TRACON& Tower with Radar,53,60,79,11,203,0,5,113,0,118,53,65,192,11,321,152,8,160,481
05/11/2005,ABE,PA,AEA,EN,Combined TRACON& Tower with Radar,61,56,71,6,194,0,0,93,0,93,61,56,164,6,287,114,0,114,401
05/12/2005,ABE,PA,AEA,EN,Combined TRACON& Tower with Radar,70,58,60,0,188,0,2,77,4,83,70,60,137,4,271,88,0,88,359
05/13/2005,ABE,PA,AEA,EN,Combined TRACON& Tower with Radar,68,56,95,0,219,0,3,132,0,135,68,59,227,0,354,56,0,56,410
05/14/2005,ABE,PA,AEA,EN,Combined TRACON& Tower with Radar,61,38,67,20,186,0,3,100,0,103,61,41,167,20,289,156,10,166,455
05/15/2005,ABE,PA,AEA,EN,Combined TRACON& Tower with Radar,59,37,71,0,167,0,0,44,0,44,59,37,115,0,211,108,0,108,319
05/16/2005,ABE,PA,AEA,EN,Combined TRACON& Tower with Radar,60,65,47,11,183,0,0,71,0,71,60,65,118,11,254,42,8,50,304
05/17/2005,ABE,PA,AEA,EN,Combined TRACON& Tower with Radar,59,58,103,12,232,0,4,124,0,128,59,62,227,12,360,191,6,197,557
05/18/2005,ABE,PA,AEA,EN,Combined TRACON& Tower with Radar,62,48,66,1,177,0,3,113,1,117,62,51,179,2,294,198,0,198,492
05/19/2005,ABE,PA,AEA,EN,Combined TRACON& Tower with Radar,63,47,83,21,214,0,3,108,0,111,63,50,191,21,325,148,16,164,489
05/20/2005,ABE,PA,AEA,EN,Combined TRACON& Tower with Radar,69,49,120,6,244,0,0,15,0,15,69,49,135,6,259,16,0,16,275
05/21/2005,ABE,PA,AEA,EN,Combined TRACON& Tower with Radar,56,37,75,7,175,0,4,105,0,109,56,41,180,7,284,118,20,138,422
05/22/2005,ABE,PA,AEA,EN,Combined TRACON& Tower with Radar,48,50,66,0,164,0,3,62,0,65,48,53,128,0,229,94,0,94,323
05/23/2005,ABE,PA,AEA,EN,Combined TRACON& Tower with Radar,47,55,93,1,196,0,1,68,0,69,47,56,161,1,265,79,0,79,344
05/24/2005,ABE,PA,AEA,EN,Combined TRACON& Tower with Radar,60,61,131,1,253,0,0,8,0,8,60,61,139,1,261,16,0,16,277
05/25/2005,ABE,PA,AEA,EN,Combined TRACON& Tower with Radar,67,51,92,1,211,0,1,20,0,21,67,52,112,1,232,116,0,116,348
05/26/2005,ABE,PA,AEA,EN,Combined TRACON& Tower with Radar,72,41,120,0,233,0,1,29,0,30,72,42,149,0,263,166,0,166,429
05/27/2005,ABE,PA,AEA,EN,Combined TRACON& Tower with Radar,72,50,57,0,179,0,2,97,0,99,72,52,154,0,278,56,0,56,334
05/28/2005,ABE,PA,AEA,EN,Combined TRACON& Tower with Radar,61,44,43,0,148,0,1,84,0,85,61,45,127,0,233,88,0,88,321
05/29/2005,ABE,PA,AEA,EN,Combined TRACON& Tower with Radar,51,26,54,0,131,0,0,78,17,95,51,26,132,17,226,90,0,90,316
05/30/2005,ABE,PA,AEA,EN,Combined TRACON& Tower with Radar,55,33,70,0,158,0,0,83,0,83,55,33,153,0,241,168,0,168,409
05/31/2005,ABE,PA,AEA,EN,Combined TRACON& Tower with Radar,56,53,60,9,178,0,2,125,0,127,56,55,185,9,305,158,0,158,463
06/01/2005,ABE,PA,AEA,EN,Combined TRACON& Tower with Radar,61,51,89,14,215,0,14,74,0,88,61,65,163,14,303,186,18,204,507
06/02/2005,ABE,PA,AEA,EN,Combined TRACON& Tower with Radar,68,53,97,9,227,0,1,54,8,63,68,54,151,17,290,144,12,156,446
06/03/2005,ABE,PA,AEA,EN,Combined TRACON& Tower with Radar,77,48,70,0,195,0,3,18,0,21,77,51,88,0,216,40,0,40,256
06/04/2005,ABE,PA,AEA,EN,Combined TRACON& Tower with Radar,60,48,121,7,236,0,1,22,1,24,60,49,143,8,260,56,18,74,334
06/05/2005,ABE,PA,AEA,EN,Combined TRACON& Tower with Radar,41,39,53,10,143,0,1,133,0,134,41,40,186,10,277,124,6,130,407
06/06/2005,ABE,PA,AEA,EN,Combined TRACON& Tower with Radar,54,38,43,7,142,0,2,23,0,25,54,40,66,7,167,62,0,62,229
06/07/2005,ABE,PA,AEA,EN,Combined TRACON& Tower with Radar,57,59,65,11,192,0,0,38,0,38,57,59,103,11,230,104,12,116,346
06/08/2005,ABE,PA,AEA,EN,Combined TRACON& Tower with Radar,65,63,75,54,257,0,1,110,0,111,65,64,185,54,368,198,22,220,588
06/09/2005,ABE,PA,AEA,EN,Combined TRACON& Tower with Radar,58,51,111,15,235,0,3,81,0,84,58,54,192,15,319,34,8,42,361
06/10/2005,ABE,PA,AEA,EN,Combined TRACON& Tower with Radar,69,56,93,3,221,0,3,22,0,25,69,59,115,3,246,88,2,90,336
06/11/2005,ABE,PA,AEA,EN,Combined TRACON& Tower with Radar,56,41,74,0,171,0,0,11,0,11,56,41,85,0,182,116,0,116,298
06/12/2005,ABE,PA,AEA,EN,Combined TRACON& Tower with Radar,60,33,101,2,196,0,0,109,10,119,60,33,210,12,315,158,4,162,477
06/13/2005,ABE,PA,AEA,EN,Combined TRACON& Tower with Radar,59,46,86,13,204,0,1,39,0,40,59,47,125,13,244,213,18,231,475
06/14/2005,ABE,PA,AEA,EN,Combined TRACON& Tower with Radar,109,58,93,16,276,0,4,68,0,72,109,62,161,16,348,148,12,160,508
06/15/2005,ABE,PA,AEA,EN,Combined TRACON& Tower with Radar,65,42,62,14,183,0,4,82,0,86,65,46,144,14,269,162,20,182,451
06/16/2005,ABE,PA,AEA,EN,Combined TRACON& Tower with Radar,58,77,82,0,217,0,5,61,0,66,58,82,143,0,283,88,0,88,371
06/17/2005,ABE,PA,AEA,EN,Combined TRACON& Tower with Radar,68,55,36,19,178,0,3,77,0,80,68,58,113,19,258,63,10,73,331
06/18/2005,ABE,PA,AEA,EN,Combined TRACON& Tower with Radar,47,44,66,8,165,0,2,156,1,159,47,46,222,9,324,82,0,82,406
06/19/2005,ABE,PA,AEA,EN,Combined TRACON& Tower with Radar,47,39,96,0,182,0,0,45,0,45,47,39,141,0,227,78,0,78,305
06/20/2005,ABE,PA,AEA,EN,Combined TRACON& Tower with Radar,56,56,75,14,201,0,2,101,0,103,56,58,176,14,304,170,0,170,474
06/21/2005,ABE,PA,AEA,EN,Combined TRACON& Tower with Radar,58,56,93,0,207,0,2,116,0,118,58,58,209,0,325,96,0,96,421
06/22/2005,ABE,PA,AEA,EN,Combined TRACON& Tower with Radar,78,68,105,6,257,0,5,105,0,110,78,73,210,6,367,94,0,94,461
06/23/2005,ABE,PA,AEA,EN,Combined TRACON& Tower with Radar,72,57,98,1,228,0,3,109,0,112,72,60,207,1,340,107,0,107,447
06/24/2005,ABE,PA,AEA,EN,Combined TRACON& Tower with Radar,74,50,82,0,206,0,16,94,0,110,74,66,176,0,316,144,0,144,460
06/25/2005,ABE,PA,AEA,EN,Combined TRACON& Tower with Radar,52,43,137,0,232,0,4,178,0,182,52,47,315,0,414,242,0,242,656
06/26/2005,ABE,PA,AEA,EN,Combined TRACON& Tower with Radar,50,43,97,0,190,0,1,136,0,137,50,44,233,0,327,196,0,196,523
06/27/2005,ABE,PA,AEA,EN,Combined TRACON& Tower with Radar,68,48,50,21,187,0,0,18,0,18,68,48,68,21,205,32,0,32,237
06/28/2005,ABE,PA,AEA,EN,Combined TRACON& Tower with Radar,64,59,93,1,217,0,0,64,0,64,64,59,157,1,281,138,0,138,419
06/29/2005,ABE,PA,AEA,EN,Combined TRACON& Tower with Radar,70,45,52,0,167,0,1,21,0,22,70,46,73,0,189,70,0,70,259
06/30/2005,ABE,PA,AEA,EN,Combined TRACON& Tower with Radar,56,59,60,0,175,0,0,44,0,44,56,59,104,0,219,64,0,64,283
07/01/2005,ABE,PA,AEA,EN,Combined TRACON& Tower with Radar,60,58,69,0,187,0,2,17,0,19,60,60,86,0,206,62,0,62,268
07/02/2005,ABE,PA,AEA,EN,Combined TRACON& Tower with Radar,49,46,47,0,142,0,1,84,0,85,49,47,131,0,227,148,0,148,375
07/03/2005,ABE,PA,AEA,EN,Combined TRACON& Tower with Radar,44,34,62,0,140,0,0,98,0,98,44,34,160,0,238,172,0,172,410
07/04/2005,ABE,PA,AEA,EN,Combined TRACON& Tower with Radar,43,31,27,0,101,0,5,96,0,101,43,36,123,0,202,150,0,150,352
07/05/2005,ABE,PA,AEA,EN,Combined TRACON& Tower with Radar,51,46,84,0,181,0,5,9,0,14,51,51,93,0,195,0,0,0,195
07/06/2005,ABE,PA,AEA,EN,Combined TRACON& Tower with Radar,61,54,77,20,212,0,2,48,0,50,61,56,125,20,262,212,2,214,476
07/07/2005,ABE,PA,AEA,EN,Combined TRACON& Tower with Radar,72,53,90,4,219,0,2,10,0,12,72,55,100,4,231,12,4,16,247
07/08/2005,ABE,PA,AEA,EN,Combined TRACON& Tower with Radar,72,43,51,0,166,0,3,2,0,5,72,46,53,0,171,0,0,0,171
07/09/2005,ABE,PA,AEA,EN,Combined TRACON& Tower with Radar,58,44,74,0,176,0,1,49,0,50,58,45,123,0,226,102,0,102,328
07/10/2005,ABE,PA,AEA,EN,Combined TRACON& Tower with Radar,51,32,95,0,178,0,0,131,1,132,51,32,226,1,310,156,0,156,466
07/11/2005,ABE,PA,AEA,EN,Combined TRACON& Tower with Radar,57,48,74,0,179,0,1,129,0,130,57,49,203,0,309,96,0,96,405
07/12/2005,ABE,PA,AEA,EN,Combined TRACON& Tower with Radar,69,44,94,21,228,0,7,126,0,133,69,51,220,21,361,116,12,128,489
07/13/2005,ABE,PA,AEA,EN,Combined TRACON& Tower with Radar,60,55,136,8,259,0,5,24,0,29,60,60,160,8,288,12,0,12,300
07/14/2005,ABE,PA,AEA,EN,Combined TRACON& Tower with Radar,74,63,85,13,235,0,1,42,0,43,74,64,127,13,278,42,0,42,320
07/15/2005,ABE,PA,AEA,EN,Combined TRACON& Tower with Radar,73,55,109,15,252,0,1,12,0,13,73,56,121,15,265,108,16,124,389
07/16/2005,ABE,PA,AEA,EN,Combined TRACON& Tower with Radar,54,38,89,0,181,0,2,11,0,13,54,40,100,0,194,40,0,40,234
07/17/2005,ABE,PA,AEA,EN,Combined TRACON& Tower with Radar,53,39,29,0,121,0,0,2,0,2,53,39,31,0,123,1,0,1,124
07/18/2005,ABE,PA,AEA,EN,Combined TRACON& Tower with Radar,57,48,77,0,182,0,0,22,0,22,57,48,99,0,204,76,0,76,280
07/19/2005,ABE,PA,AEA,EN,Combined TRACON& Tower with Radar,58,54,79,3,194,0,3,49,0,52,58,57,128,3,246,108,0,108,354
07/20/2005,ABE,PA,AEA,EN,Combined TRACON& Tower with Radar,46,62,68,13,189,0,6,130,0,136,46,68,198,13,325,148,4,152,477
07/21/2005,ABE,PA,AEA,EN,Combined TRACON& Tower with Radar,65,58,77,12,212,0,2,126,0,128,65,60,203,12,340,64,10,74,414
07/22/2005,ABE,PA,AEA,EN,Combined TRACON& Tower with Radar,61,62,93,0,216,0,2,115,0,117,61,64,208,0,333,58,0,58,391
07/23/2005,ABE,PA,AEA,EN,Combined TRACON& Tower with Radar,60,42,105,0,207,0,2,172,0,174,60,44,277,0,381,180,0,180,561
07/24/2005,ABE,PA,AEA,EN,Combined TRACON& Tower with Radar,55,31,99,0,185,0,3,144,0,147,55,34,243,0,332,116,0,116,448
07/25/2005,ABE,PA,AEA,EN,Combined TRACON& Tower with Radar,57,49,75,0,181,0,0,76,0,76,57,49,151,0,257,86,0,86,343
07/26/2005,ABE,PA,AEA,EN,Combined TRACON& Tower with Radar,59,51,46,27,183,0,4,80,0,84,59,55,126,27,267,109,20,129,396
07/27/2005,ABE,PA,AEA,EN,Combined TRACON& Tower with Radar,65,54,80,16,215,0,1,89,0,90,65,55,169,16,305,122,6,128,433
07/28/2005,ABE,PA,AEA,EN,Combined TRACON& Tower with Radar,54,76,71,0,201,0,2,115,0,117,54,78,186,0,318,108,0,108,426
07/29/2005,ABE,PA,AEA,EN,Combined TRACON& Tower with Radar,66,54,67,0,187,0,4,112,0,116,66,58,179,0,303,0,0,0,303
07/30/2005,ABE,PA,AEA,EN,Combined TRACON& Tower with Radar,57,38,85,0,180,0,1,91,0,92,57,39,176,0,272,121,0,121,393
07/31/2005,ABE,PA,AEA,EN,Combined TRACON& Tower with Radar,52,29,148,0,229,0,1,99,0,100,52,30,247,0,329,146,0,146,475
08/01/2005,ABE,PA,AEA,EN,Combined TRACON& Tower with Radar,55,44,74,9,182,0,1,46,0,47,55,45,120,9,229,134,8,142,371
08/02/2005,ABE,PA,AEA,EN,Combined TRACON& Tower with Radar,57,49,52,15,173,0,3,88,2,93,57,52,140,17,266,112,0,112,378
08/03/2005,ABE,PA,AEA,EN,Combined TRACON& Tower with Radar,61,54,69,13,197,0,4,129,0,133,61,58,198,13,330,134,6,140,470
08/04/2005,ABE,PA,AEA,EN,Combined TRACON& Tower with Radar,61,49,80,10,200,0,5,88,0,93,61,54,168,10,293,232,8,240,533
08/05/2005,ABE,PA,AEA,EN,Combined TRACON& Tower with Radar,64,63,80,0,207,0,2,89,0,91,64,65,169,0,298,72,0,72,370
08/06/2005,ABE,PA,AEA,EN,Combined TRACON& Tower with Radar,54,54,83,0,191,0,4,143,0,147,54,58,226,0,338,130,0,130,468
08/07/2005,ABE,PA,AEA,EN,Combined TRACON& Tower with Radar,49,35,66,0,150,0,2,28,0,30,49,37,94,0,180,76,0,76,256
08/08/2005,ABE,PA,AEA,EN,Combined TRACON& Tower with Radar,57,55,82,0,194,0,0,12,0,12,57,55,94,0,206,14,0,14,220
08/09/2005,ABE,PA,AEA,EN,Combined TRACON& Tower with Radar,59,55,94,15,223,0,0,42,0,42,59,55,136,15,265,102,8,110,375
08/10/2005,ABE,PA,AEA,EN,Combined TRACON& Tower with Radar,65,58,69,6,198,0,2,97,0,99,65,60,166,6,297,156,0,156,453
08/11/2005,ABE,PA,AEA,EN,Combined TRACON& Tower with Radar,61,55,61,7,184,0,3,73,0,76,61,58,134,7,260,130,0,130,390
08/12/2005,ABE,PA,AEA,EN,Combined TRACON& Tower with Radar,67,51,99,0,217,0,3,113,0,116,67,54,212,0,333,115,0,115,448
08/13/2005,ABE,PA,AEA,EN,Combined TRACON& Tower with Radar,52,45,107,0,204,0,3,46,0,49,52,48,153,0,253,66,0,66,319
08/14/2005,ABE,PA,AEA,EN,Combined TRACON& Tower with Radar,59,43,50,1,153,0,0,17,1,18,59,43,67,2,171,44,0,44,215
08/15/2005,ABE,PA,AEA,EN,Combined TRACON& Tower with Radar,56,57,63,2,178,0,0,37,0,37,56,57,100,2,215,98,0,98,313
08/16/2005,ABE,PA,AEA,EN,Combined TRACON& Tower with Radar,52,67,89,13,221,0,3,20,0,23,52,70,109,13,244,72,10,82,326
08/17/2005,ABE,PA,AEA,EN,Combined TRACON& Tower with Radar,60,58,106,22,246,0,5,168,0,173,60,63,274,22,419,116,14,130,549
08/18/2005,ABE,PA,AEA,EN,Combined TRACON& Tower with Radar,70,48,77,7,202,0,5,139,0,144,70,53,216,7,346,206,6,212,558
08/19/2005,ABE,PA,AEA,EN,Combined TRACON& Tower with Radar,68,55,87,0,210,0,3,30,0,33,68,58,117,0,243,48,0,48,291
08/20/2005,ABE,PA,AEA,EN,Combined TRACON& Tower with Radar,49,44,168,0,261,0,3,20,0,23,49,47,188,0,284,176,0,176,460
08/21/2005,ABE,PA,AEA,EN,Combined TRACON& Tower with Radar,41,48,90,0,179,0,1,76,0,77,41,49,166,0,256,136,0,136,392
08/22/2005,ABE,PA,AEA,EN,Combined TRACON& Tower with Radar,60,53,48,0,161,0,1,96,0,97,60,54,144,0,258,101,0,101,359
08/23/2005,ABE,PA,AEA,EN,Combined TRACON& Tower with Radar,55,52,82,10,199,0,3,170,0,173,55,55,252,10,372,131,8,139,511
08/24/2005,ABE,PA,AEA,EN,Combined TRACON& Tower with Radar,60,60,87,32,239,0,4,125,2,131,60,64,212,34,370,138,22,160,530
08/25/2005,ABE,PA,AEA,EN,Combined TRACON& Tower with Radar,60,51,122,13,246,0,4,146,0,150,60,55,268,13,396,160,4,164,560
08/26/2005,ABE,PA,AEA,EN,Combined TRACON& Tower with Radar,50,53,78,0,181,0,5,142,0,147,50,58,220,0,328,164,2,166,494
08/27/2005,ABE,PA,AEA,EN,Combined TRACON& Tower with Radar,51,48,72,6,177,0,0,67,0,67,51,48,139,6,244,40,0,40,284
08/28/2005,ABE,PA,AEA,EN,Combined TRACON& Tower with Radar,60,29,87,0,176,0,0,13,0,13,60,29,100,0,189,0,0,0,189
08/29/2005,ABE,PA,AEA,EN,Combined TRACON& Tower with Radar,52,47,77,4,180,0,0,19,1,20,52,47,96,5,200,124,0,124,324
08/30/2005,ABE,PA,AEA,EN,Combined TRACON& Tower with Radar,43,63,96,0,202,0,2,21,0,23,43,65,117,0,225,50,0,50,275
08/31/2005,ABE,PA,AEA,EN,Combined TRACON& Tower with Radar,58,54,56,0,168,0,0,16,0,16,58,54,72,0,184,158,0,158,342
09/01/2005,ABE,PA,AEA,EN,Combined TRACON& Tower with Radar,59,65,81,10,215,0,1,104,0,105,59,66,185,10,320,158,4,162,482
09/02/2005,ABE,PA,AEA,EN,Combined TRACON& Tower with Radar,65,59,50,0,174,0,1,103,0,104,65,60,153,0,278,94,0,94,372
09/03/2005,ABE,PA,AEA,EN,Combined TRACON& Tower with Radar,43,53,50,0,146,0,1,62,0,63,43,54,112,0,209,106,0,106,315
09/04/2005,ABE,PA,AEA,EN,Combined TRACON& Tower with Radar,37,32,48,0,117,0,0,99,0,99,37,32,147,0,216,70,0,70,286
09/05/2005,ABE,PA,AEA,EN,Combined TRACON& Tower with Radar,51,36,44,0,131,0,0,96,0,96,51,36,140,0,227,48,0,48,275
09/06/2005,ABE,PA,AEA,EN,Combined TRACON& Tower with Radar,42,49,69,0,160,0,2,112,0,114,42,51,181,0,274,94,0,94,368
09/07/2005,ABE,PA,AEA,EN,Combined TRACON& Tower with Radar,59,49,60,23,191,0,3,114,0,117,59,52,174,23,308,130,6,136,444
09/08/2005,ABE,PA,AEA,EN,Combined TRACON& Tower with Radar,56,64,39,0,159,0,4,98,0,102,56,68,137,0,261,80,0,80,341
09/09/2005,ABE,PA,AEA,EN,Combined TRACON& Tower with Radar,66,50,51,3,170,0,3,112,4,119,66,53,163,7,289,138,0,138,427
09/10/2005,ABE,PA,AEA,EN,Combined TRACON& Tower with Radar,55,33,60,1,149,0,0,114,0,114,55,33,174,1,263,162,0,162,425
09/11/2005,ABE,PA,AEA,EN,Combined TRACON& Tower with Radar,51,39,84,20,194,0,0,116,2,118,51,39,200,22,312,116,28,144,456
09/12/2005,ABE,PA,AEA,EN,Combined TRACON& Tower with Radar,57,48,63,0,168,0,2,80,0,82,57,50,143,0,250,116,0,116,366
09/13/2005,ABE,PA,AEA,EN,Combined TRACON& Tower with Radar,65,48,111,0,224,0,5,113,1,119,65,53,224,1,343,217,2,219,562
09/14/2005,ABE,PA,AEA,EN,Combined TRACON& Tower with Radar,73,48,152,21,294,0,1,52,4,57,73,49,204,25,351,78,8,86,437
09/15/2005,ABE,PA,AEA,EN,Combined TRACON& Tower with Radar,56,44,77,0,177,0,1,30,0,31,56,45,107,0,208,60,2,62,270
09/16/2005,ABE,PA,AEA,EN,Combined TRACON& Tower with Radar,61,51,116,4,232,0,5,34,1,40,61,56,150,5,272,88,2,90,362
09/17/2005,ABE,PA,AEA,EN,Combined TRACON& Tower with Radar,43,50,140,0,233,0,6,25,0,31,43,56,165,0,264,63,4,67,331
09/18/2005,ABE,PA,AEA,EN,Combined TRACON& Tower with Radar,49,27,76,6,158,0,1,111,0,112,49,28,187,6,270,135,0,135,405
09/19/2005,ABE,PA,AEA,EN,Combined TRACON& Tower with Radar,45,50,85,0,180,0,1,122,0,123,45,51,207,0,303,134,0,134,437
09/20/2005,ABE,PA,AEA,EN,Combined TRACON& Tower with Radar,54,53,69,2,178,0,1,36,0,37,54,54,105,2,215,200,0,200,415
09/21/2005,ABE,PA,AEA,EN,Combined TRACON& Tower with Radar,62,56,70,10,198,0,4,105,0,109,62,60,175,10,307,184,0,184,491
09/22/2005,ABE,PA,AEA,EN,Combined TRACON& Tower with Radar,54,51,78,3,186,0,7,101,0,108,54,58,179,3,294,134,2,136,430
09/23/2005,ABE,PA,AEA,EN,Combined TRACON& Tower with Radar,61,52,56,8,177,0,3,78,0,81,61,55,134,8,258,110,18,128,386
09/24/2005,ABE,PA,AEA,EN,Combined TRACON& Tower with Radar,52,36,69,0,157,0,2,97,0,99,52,38,166,0,256,228,0,228,484
09/25/2005,ABE,PA,AEA,EN,Combined TRACON& Tower with Radar,51,30,135,0,216,0,0,56,0,56,51,30,191,0,272,222,0,222,494
09/26/2005,ABE,PA,AEA,EN,Combined TRACON& Tower with Radar,57,54,84,0,195,0,1,20,0,21,57,55,104,0,216,46,0,46,262
09/27/2005,ABE,PA,AEA,EN,Combined TRACON& Tower with Radar,47,62,80,12,201,0,3,76,1,80,47,65,156,13,281,116,4,120,401
09/28/2005,ABE,PA,AEA,EN,Combined TRACON& Tower with Radar,49,46,71,0,166,0,2,114,0,116,49,48,185,0,282,88,0,88,370
09/29/2005,ABE,PA,AEA,EN,Combined TRACON& Tower with Radar,59,54,49,0,162,0,2,30,0,32,59,56,79,0,194,82,0,82,276
09/30/2005,ABE,PA,AEA,EN,Combined TRACON& Tower with Radar,51,58,113,0,222,0,16,129,0,145,51,74,242,0,367,103,0,103,470
10/01/2005,ABE,PA,AEA,EN,Combined TRACON& Tower with Radar,42,39,80,0,161,0,3,147,0,150,42,42,227,0,311,246,0,246,557
10/02/2005,ABE,PA,AEA,EN,Combined TRACON& Tower with Radar,40,30,79,0,149,0,206,0,0,206,40,236,79,0,355,104,0,104,459
10/03/2005,ABE,PA,AEA,EN,Combined TRACON& Tower with Radar,51,58,66,11,186,0,0,70,0,70,51,58,136,11,256,90,0,90,346
10/04/2005,ABE,PA,AEA,EN,Combined TRACON& Tower with Radar,35,65,71,4,175,0,4,36,0,40,35,69,107,4,215,26,0,26,241
10/05/2005,ABE,PA,AEA,EN,Combined TRACON& Tower with Radar,55,53,85,2,195,0,3,45,0,48,55,56,130,2,243,70,0,70,313
10/06/2005,ABE,PA,AEA,EN,Combined TRACON& Tower with Radar,66,53,75,0,194,0,2,34,0,36,66,55,109,0,230,62,0,62,292
10/07/2005,ABE,PA,AEA,EN,Combined TRACON& Tower with Radar,64,54,137,2,257,0,2,5,0,7,64,56,142,2,264,2,0,2,266
10/08/2005,ABE,PA,AEA,EN,Combined TRACON& Tower with Radar,50,46,35,0,131,0,0,1,0,1,50,46,36,0,132,0,0,0,132
10/09/2005,ABE,PA,AEA,EN,Combined TRACON& Tower with Radar,46,29,113,0,188,0,0,8,0,8,46,29,121,0,196,64,0,64,260
10/10/2005,ABE,PA,AEA,EN,Combined TRACON& Tower with Radar,47,50,81,0,178,0,0,9,0,9,47,50,90,0,187,50,0,50,237
10/11/2005,ABE,PA,AEA,EN,Combined TRACON& Tower with Radar,45,60,74,14,193,0,0,8,0,8,45,60,82,14,201,36,0,36,237
10/12/2005,ABE,PA,AEA,EN,Combined TRACON& Tower with Radar,44,55,90,0,189,0,0,0,0,0,44,55,90,0,189,6,0,6,195
10/13/2005,ABE,PA,AEA,EN,Combined TRACON& Tower with Radar,56,46,65,0,167,0,0,0,0,0,56,46,65,0,167,0,0,0,167
10/14/2005,ABE,PA,AEA,EN,Combined TRACON& Tower with Radar,56,54,114,0,224,0,0,0,0,0,56,54,114,0,224,64,0,64,288
10/15/2005,ABE,PA,AEA,EN,Combined TRACON& Tower with Radar,47,41,56,0,144,0,0,68,0,68,47,41,124,0,212,101,0,101,313
10/16/2005,ABE,PA,AEA,EN,Combined TRACON& Tower with Radar,41,23,41,4,109,0,3,25,0,28,41,26,66,4,137,30,2,32,169
10/17/2005,ABE,PA,AEA,EN,Combined TRACON& Tower with Radar,48,44,40,5,137,0,0,58,2,60,48,44,98,7,197,118,8,126,323
10/18/2005,ABE,PA,AEA,EN,Combined TRACON& Tower with Radar,49,43,76,2,170,0,2,77,1,80,49,45,153,3,250,96,2,98,348
10/19/2005,ABE,PA,AEA,EN,Combined TRACON& Tower with Radar,58,51,70,0,179,0,0,113,0,113,58,51,183,0,292,178,0,178,470
10/20/2005,ABE,PA,AEA,EN,Combined TRACON& Tower with Radar,45,67,75,0,187,0,1,122,0,123,45,68,197,0,310,147,0,147,457
10/21/2005,ABE,PA,AEA,EN,Combined TRACON& Tower with Radar,57,56,113,8,234,0,2,66,0,68,57,58,179,8,302,92,0,92,394
10/22/2005,ABE,PA,AEA,EN,Combined TRACON& Tower with Radar,50,41,64,0,155,0,1,2,0,3,50,42,66,0,158,0,0,0,158
10/23/2005,ABE,PA,AEA,EN,Combined TRACON& Tower with Radar,42,27,38,2,109,0,2,42,1,45,42,29,80,3,154,46,0,46,200
10/24/2005,ABE,PA,AEA,EN,Combined TRACON& Tower with Radar,44,57,70,13,184,0,0,78,0,78,44,57,148,13,262,54,0,54,316
10/25/2005,ABE,PA,AEA,EN,Combined TRACON& Tower with Radar,43,66,39,0,148,0,0,0,0,0,43,66,39,0,148,0,0,0,148
10/26/2005,ABE,PA,AEA,EN,Combined TRACON& Tower with Radar,54,55,48,0,157,0,5,38,0,43,54,60,86,0,200,78,0,78,278
10/27/2005,ABE,PA,AEA,EN,Combined TRACON& Tower with Radar,56,42,49,25,172,0,1,89,3,93,56,43,138,28,265,14,20,34,299
10/28/2005,ABE,PA,AEA,EN,Combined TRACON& Tower with Radar,57,46,67,4,174,0,4,115,0,119,57,50,182,4,293,124,0,124,417
10/29/2005,ABE,PA,AEA,EN,Combined TRACON& Tower with Radar,43,38,95,1,177,0,4,123,2,129,43,42,218,3,306,270,4,274,580
10/30/2005,ABE,PA,AEA,EN,Combined TRACON& Tower with Radar,42,27,53,0,122,0,1,120,0,121,42,28,173,0,243,108,0,108,351
10/31/2005,ABE,PA,AEA,EN,Combined TRACON& Tower with Radar,55,39,37,0,131,0,0,87,0,87,55,39,124,0,218,55,0,55,273
11/01/2005,ABE,PA,AEA,EN,Combined TRACON& Tower with Radar,46,48,90,2,186,0,2,97,3,102,46,50,187,5,288,146,0,146,434
11/02/2005,ABE,PA,AEA,EN,Combined TRACON& Tower with Radar,53,49,76,2,180,0,14,82,2,98,53,63,158,4,278,70,2,72,350
11/03/2005,ABE,PA,AEA,EN,Combined TRACON& Tower with Radar,65,45,49,0,159,0,13,71,0,84,65,58,120,0,243,74,0,74,317
11/04/2005,ABE,PA,AEA,EN,Combined TRACON& Tower with Radar,56,46,71,0,173,0,8,121,0,129,56,54,192,0,302,250,0,250,552
11/05/2005,ABE,PA,AEA,EN,Combined TRACON& Tower with Radar,57,28,103,0,188,0,3,160,0,163,57,31,263,0,351,168,0,168,519
11/06/2005,ABE,PA,AEA,EN,Combined TRACON& Tower with Radar,45,25,63,2,135,0,9,62,0,71,45,34,125,2,206,32,0,32,238
11/07/2005,ABE,PA,AEA,EN,Combined TRACON& Tower with Radar,55,48,47,0,150,0,5,78,0,83,55,53,125,0,233,94,0,94,327
11/08/2005,ABE,PA,AEA,EN,Combined TRACON& Tower with Radar,58,51,57,7,173,0,5,111,0,116,58,56,168,7,289,106,10,116,405
11/09/2005,ABE,PA,AEA,EN,Combined TRACON& Tower with Radar,52,37,76,0,165,0,3,36,0,39,52,40,112,0,204,87,0,87,291
11/10/2005,ABE,PA,AEA,EN,Combined TRACON& Tower with Radar,66,63,41,0,170,0,3,34,0,37,66,66,75,0,207,26,0,26,233
11/11/2005,ABE,PA,AEA,EN,Combined TRACON& Tower with Radar,57,52,44,0,153,0,11,53,0,64,57,63,97,0,217,62,0,62,279
11/12/2005,ABE,PA,AEA,EN,Combined TRACON& Tower with Radar,50,32,75,2,159,0,3,148,3,154,50,35,223,5,313,110,18,128,441
11/13/2005,ABE,PA,AEA,EN,Combined TRACON& Tower with Radar,34,33,50,0,117,0,5,97,1,103,34,38,147,1,220,114,10,124,344
11/14/2005,ABE,PA,AEA,EN,Combined TRACON& Tower with Radar,45,51,50,0,146,0,5,61,1,67,45,56,111,1,213,138,5,143,356
11/15/2005,ABE,PA,AEA,EN,Combined TRACON& Tower with Radar,62,41,159,12,274,0,0,10,0,10,62,41,169,12,284,152,4,156,440
11/16/2005,ABE,PA,AEA,EN,Combined TRACON& Tower with Radar,59,60,34,0,153,0,0,4,0,4,59,60,38,0,157,6,0,6,163
11/17/2005,ABE,PA,AEA,EN,Combined TRACON& Tower with Radar,69,47,68,3,187,0,7,73,0,80,69,54,141,3,267,110,0,110,377
11/18/2005,ABE,PA,AEA,EN,Combined TRACON& Tower with Radar,55,46,94,9,204,0,10,120,7,137,55,56,214,16,341,118,0,118,459
11/19/2005,ABE,PA,AEA,EN,Combined TRACON& Tower with Radar,52,38,73,12,175,0,2,116,0,118,52,40,189,12,293,150,18,168,461
11/20/2005,ABE,PA,AEA,EN,Combined TRACON& Tower with Radar,52,20,90,2,164,0,5,117,0,122,52,25,207,2,286,132,14,146,432
11/21/2005,ABE,PA,AEA,EN,Combined TRACON& Tower with Radar,48,43,57,24,172,0,4,70,0,74,48,47,127,24,246,60,2,62,308
11/22/2005,ABE,PA,AEA,EN,Combined TRACON& Tower with Radar,66,44,43,9,162,0,1,12,0,13,66,45,55,9,175,14,4,18,193
11/23/2005,ABE,PA,AEA,EN,Combined TRACON& Tower with Radar,65,46,38,0,149,0,1,56,0,57,65,47,94,0,206,112,0,112,318
11/24/2005,ABE,PA,AEA,EN,Combined TRACON& Tower with Radar,65,33,6,0,104,0,5,4,0,9,65,38,10,0,113,3,0,3,116
11/25/2005,ABE,PA,AEA,EN,Combined TRACON& Tower with Radar,43,26,63,0,132,0,6,76,1,83,43,32,139,1,215,42,4,46,261
11/26/2005,ABE,PA,AEA,EN,Combined TRACON& Tower with Radar,54,32,36,0,122,0,7,92,0,99,54,39,128,0,221,120,0,120,341
11/27/2005,ABE,PA,AEA,EN,Combined TRACON& Tower with Radar,44,33,61,0,138,0,6,86,0,92,44,39,147,0,230,78,0,78,308
11/28/2005,ABE,PA,AEA,EN,Combined TRACON& Tower with Radar,45,50,47,0,142,0,3,29,0,32,45,53,76,0,174,82,0,82,256
11/29/2005,ABE,PA,AEA,EN,Combined TRACON& Tower with Radar,52,55,45,0,152,0,4,14,0,18,52,59,59,0,170,4,0,4,174
11/30/2005,ABE,PA,AEA,EN,Combined TRACON& Tower with Radar,54,51,57,10,172,0,3,55,0,58,54,54,112,10,230,70,0,70,300
12/01/2005,ABE,PA,AEA,EN,Combined TRACON& Tower with Radar,70,57,89,0,216,0,1,104,0,105,70,58,193,0,321,82,0,82,403
12/02/2005,ABE,PA,AEA,EN,Combined TRACON& Tower with Radar,61,49,20,2,132,0,0,14,0,14,61,49,34,2,146,0,0,0,146
12/03/2005,ABE,PA,AEA,EN,Combined TRACON& Tower with Radar,50,47,56,1,154,0,4,98,0,102,50,51,154,1,256,74,0,74,330
12/04/2005,ABE,PA,AEA,EN,Combined TRACON& Tower with Radar,44,22,24,0,90,0,4,4,0,8,44,26,28,0,98,8,0,8,106
12/05/2005,ABE,PA,AEA,EN,Combined TRACON& Tower with Radar,58,53,58,2,171,0,6,50,0,56,58,59,108,2,227,54,0,54,281
12/06/2005,ABE,PA,AEA,EN,Combined TRACON& Tower with Radar,56,46,52,5,159,0,3,48,0,51,56,49,100,5,210,90,0,90,300
12/07/2005,ABE,PA,AEA,EN,Combined TRACON& Tower with Radar,57,40,50,13,160,0,2,74,0,76,57,42,124,13,236,96,2,98,334
12/08/2005,ABE,PA,AEA,EN,Combined TRACON& Tower with Radar,57,59,122,16,254,0,7,113,0,120,57,66,235,16,374,136,0,136,510
12/09/2005,ABE,PA,AEA,EN,Combined TRACON& Tower with Radar,45,47,16,1,109,0,5,7,2,14,45,52,23,3,123,0,0,0,123
12/10/2005,ABE,PA,AEA,EN,Combined TRACON& Tower with Radar,55,36,51,3,145,0,5,94,0,99,55,41,145,3,244,122,0,122,366
12/11/2005,ABE,PA,AEA,EN,Combined TRACON& Tower with Radar,42,14,65,0,121,0,6,33,0,39,42,20,98,0,160,28,0,28,188
12/12/2005,ABE,PA,AEA,EN,Combined TRACON& Tower with Radar,57,42,47,1,147,0,1,51,0,52,57,43,98,1,199,58,0,58,257
12/13/2005,ABE,PA,AEA,EN,Combined TRACON& Tower with Radar,51,48,45,3,147,0,4,80,0,84,51,52,125,3,231,140,6,146,377
12/14/2005,ABE,PA,AEA,EN,Combined TRACON& Tower with Radar,60,41,60,15,176,0,5,82,0,87,60,46,142,15,263,116,0,116,379
12/15/2005,ABE,PA,AEA,EN,Combined TRACON& Tower with Radar,45,45,35,0,125,0,2,19,0,21,45,47,54,0,146,18,0,18,164
12/16/2005,ABE,PA,AEA,EN,Combined TRACON& Tower with Radar,56,41,31,1,129,0,1,31,0,32,56,42,62,1,161,18,0,18,179
12/17/2005,ABE,PA,AEA,EN,Combined TRACON& Tower with Radar,52,39,73,0,164,0,4,122,0,126,52,43,195,0,290,144,0,144,434
12/18/2005,ABE,PA,AEA,EN,Combined TRACON& Tower with Radar,43,26,64,0,133,0,7,114,0,121,43,33,178,0,254,148,0,148,402
12/19/2005,ABE,PA,AEA,EN,Combined TRACON& Tower with Radar,52,48,51,0,151,0,6,83,0,89,52,54,134,0,240,52,0,52,292
12/20/2005,ABE,PA,AEA,EN,Combined TRACON& Tower with Radar,58,46,82,6,192,0,8,70,0,78,58,54,152,6,270,100,2,102,372
12/21/2005,ABE,PA,AEA,EN,Combined TRACON& Tower with Radar,67,49,63,2,181,0,3,89,0,92,67,52,152,2,273,114,14,128,401
12/22/2005,ABE,PA,AEA,EN,Combined TRACON& Tower with Radar,68,58,63,13,202,0,7,62,0,69,68,65,125,13,271,55,6,61,332
12/23/2005,ABE,PA,AEA,EN,Combined TRACON& Tower with Radar,61,57,50,0,168,0,6,89,0,95,61,63,139,0,263,82,0,82,345
12/24/2005,ABE,PA,AEA,EN,Combined TRACON& Tower with Radar,46,39,47,0,132,0,3,57,0,60,46,42,104,0,192,8,0,8,200
12/25/2005,ABE,PA,AEA,EN,Combined TRACON& Tower with Radar,47,35,10,0,92,0,4,5,0,9,47,39,15,0,101,0,0,0,101
12/26/2005,ABE,PA,AEA,EN,Combined TRACON& Tower with Radar,45,42,52,0,139,0,0,7,0,7,45,42,59,0,146,28,0,28,174
12/27/2005,ABE,PA,AEA,EN,Combined TRACON& Tower with Radar,42,50,63,1,156,0,4,83,0,87,42,54,146,1,243,56,0,56,299
12/28/2005,ABE,PA,AEA,EN,Combined TRACON& Tower with Radar,46,54,69,7,176,0,6,118,3,127,46,60,187,10,303,122,12,134,437
12/29/2005,ABE,PA,AEA,EN,Combined TRACON& Tower with Radar,51,49,65,1,166,0,5,4,0,9,51,54,69,1,175,0,0,0,175
12/30/2005,ABE,PA,AEA,EN,Combined TRACON& Tower with Radar,55,40,41,2,138,0,9,33,0,42,55,49,74,2,180,88,4,92,272
12/31/2005,ABE,PA,AEA,EN,Combined TRACON& Tower with Radar,56,37,18,0,111,0,1,9,0,10,56,38,27,0,121,0,0,0,121
01/02/2006,ABE,PA,AEA,EN,Combined TRACON& Tower with Radar,49,42,44,0,135,0,4,12,0,16,49,46,56,0,151,31,0,31,182
01/03/2006,ABE,PA,AEA,EN,Combined TRACON& Tower with Radar,48,50,21,6,125,0,0,0,0,0,48,50,21,6,125,0,0,0,125
01/04/2006,ABE,PA,AEA,EN,Combined TRACON& Tower with Radar,54,43,34,13,144,0,3,56,0,59,54,46,90,13,203,90,12,102,305
01/05/2006,ABE,PA,AEA,EN,Combined TRACON& Tower with Radar,51,64,33,27,175,0,2,29,7,38,51,66,62,34,213,108,12,120,333
01/06/2006,ABE,PA,AEA,EN,Combined TRACON& Tower with Radar,55,48,45,6,154,0,3,67,2,72,55,51,112,8,226,120,4,124,350
01/07/2006,ABE,PA,AEA,EN,Combined TRACON& Tower with Radar,50,39,65,1,155,0,7,154,0,161,50,46,219,1,316,153,0,153,469
01/08/2006,ABE,PA,AEA,EN,Combined TRACON& Tower with Radar,47,26,56,13,142,0,4,127,0,131,47,30,183,13,273,96,12,108,381
01/09/2006,ABE,PA,AEA,EN,Combined TRACON& Tower with Radar,41,48,70,0,159,0,12,83,0,95,41,60,153,0,254,62,0,62,316
01/10/2006,ABE,PA,AEA,EN,Combined TRACON& Tower with Radar,47,48,80,2,177,0,17,90,0,107,47,65,170,2,284,122,6,128,412
01/11/2006,ABE,PA,AEA,EN,Combined TRACON& Tower with Radar,43,44,51,0,138,0,2,10,0,12,43,46,61,0,150,16,0,16,166
01/12/2006,ABE,PA,AEA,EN,Combined TRACON& Tower with Radar,59,48,73,5,185,0,5,125,0,130,59,53,198,5,315,110,2,112,427
01/13/2006,ABE,PA,AEA,EN,Combined TRACON& Tower with Radar,62,38,65,0,165,0,3,17,0,20,62,41,82,0,185,10,0,10,195
01/14/2006,ABE,PA,AEA,EN,Combined TRACON& Tower with Radar,34,25,43,11,113,0,0,0,0,0,34,25,43,11,113,4,0,4,117
01/15/2006,ABE,PA,AEA,EN,Combined TRACON& Tower with Radar,41,28,15,0,84,0,2,4,0,6,41,30,19,0,90,0,0,0,90
01/16/2006,ABE,PA,AEA,EN,Combined TRACON& Tower with Radar,44,47,55,0,146,0,0,76,0,76,44,47,131,0,222,40,0,40,262
01/17/2006,ABE,PA,AEA,EN,Combined TRACON& Tower with Radar,36,64,37,2,139,0,3,22,0,25,36,67,59,2,164,0,0,0,164
01/18/2006,ABE,PA,AEA,EN,Combined TRACON& Tower with Radar,56,50,12,0,118,0,1,2,0,3,56,51,14,0,121,0,0,0,121
01/19/2006,ABE,PA,AEA,EN,Combined TRACON& Tower with Radar,54,44,53,18,169,0,7,85,0,92,54,51,138,18,261,72,12,84,345
01/20/2006,ABE,PA,AEA,EN,Combined TRACON& Tower with Radar,51,51,43,3,148,0,4,63,0,67,51,55,106,3,215,114,0,114,329
01/21/2006,ABE,PA,AEA,EN,Combined TRACON& Tower with Radar,45,33,18,0,96,0,7,50,0,57,45,40,68,0,153,72,0,72,225
01/22/2006,ABE,PA,AEA,EN,Combined TRACON& Tower with Radar,27,34,53,0,114,0,5,110,0,115,27,39,163,0,229,108,0,108,337
01/23/2006,ABE,PA,AEA,EN,Combined TRACON& Tower with Radar,52,47,13,0,112,0,3,2,0,5,52,50,15,0,117,4,0,4,121
01/24/2006,ABE,PA,AEA,EN,Combined TRACON& Tower with Radar,47,52,66,0,165,0,1,82,0,83,47,53,148,0,248,114,0,114,362
01/25/2006,ABE,PA,AEA,EN,Combined TRACON& Tower with Radar,43,44,42,0,129,0,3,44,0,47,43,47,86,0,176,38,0,38,214
01/26/2006,ABE,PA,AEA,EN,Combined TRACON& Tower with Radar,49,51,45,5,150,0,10,40,2,52,49,61,85,7,202,50,0,50,252
01/27/2006,ABE,PA,AEA,EN,Combined TRACON& Tower with Radar,56,46,67,0,169,0,5,100,0,105,56,51,167,0,274,72,0,72,346
01/28/2006,ABE,PA,AEA,EN,Combined TRACON& Tower with Radar,47,33,43,0,123,0,10,120,0,130,47,43,163,0,253,82,0,82,335
01/29/2006,ABE,PA,AEA,EN,Combined TRACON& Tower with Radar,40,27,53,0,120,0,9,32,0,41,40,36,85,0,161,0,0,0,161
01/30/2006,ABE,PA,AEA,EN,Combined TRACON& Tower with Radar,43,34,44,0,121,0,1,27,0,28,43,35,71,0,149,18,0,18,167
01/31/2006,ABE,PA,AEA,EN,Combined TRACON& Tower with Radar,51,55,57,5,168,0,3,9,0,12,51,58,66,5,180,12,0,12,192
02/01/2006,ABE,PA,AEA,EN,Combined TRACON& Tower with Radar,46,62,68,2,178,0,7,73,0,80,46,69,141,2,258,80,12,92,350
02/02/2006,ABE,PA,AEA,EN,Combined TRACON& Tower with Radar,55,54,56,2,167,0,2,99,1,102,55,56,155,3,269,128,0,128,397
02/03/2006,ABE,PA,AEA,EN,Combined TRACON& Tower with Radar,51,61,58,2,172,0,1,22,0,23,51,62,80,2,195,20,0,20,215
02/04/2006,ABE,PA,AEA,EN,Combined TRACON& Tower with Radar,43,42,73,0,158,0,6,38,0,44,43,48,111,0,202,18,0,18,220
02/05/2006,ABE,PA,AEA,EN,Combined TRACON& Tower with Radar,33,44,31,0,108,0,4,31,0,35,33,48,62,0,143,22,0,22,165
02/06/2006,ABE,PA,AEA,EN,Combined TRACON& Tower with Radar,38,59,31,1,129,0,4,28,0,32,38,63,59,1,161,14,0,14,175
02/07/2006,ABE,PA,AEA,EN,Combined TRACON& Tower with Radar,45,59,52,0,156,0,4,78,0,82,45,63,130,0,238,83,0,83,321
02/08/2006,ABE,PA,AEA,EN,Combined TRACON& Tower with Radar,41,53,61,14,169,0,5,90,0,95,41,58,151,14,264,68,4,72,336
02/09/2006,ABE,PA,AEA,EN,Combined TRACON& Tower with Radar,57,54,56,2,169,0,2,105,0,107,57,56,161,2,276,120,0,120,396
02/10/2006,ABE,PA,AEA,EN,Combined TRACON& Tower with Radar,55,51,46,5,157,0,11,82,0,93,55,62,128,5,250,58,0,58,308
02/11/2006,ABE,PA,AEA,EN,Combined TRACON& Tower with Radar,43,30,43,0,116,0,2,65,0,67,43,32,108,0,183,124,0,124,307
02/12/2006,ABE,PA,AEA,EN,Combined TRACON& Tower with Radar,32,15,4,0,51,0,1,0,0,1,32,16,4,0,52,0,0,0,52
02/13/2006,ABE,PA,AEA,EN,Combined TRACON& Tower with Radar,51,49,43,10,153,0,8,54,1,63,51,57,97,11,216,88,0,88,304
02/14/2006,ABE,PA,AEA,EN,Combined TRACON& Tower with Radar,53,46,43,4,146,0,3,61,0,64,53,49,104,4,210,72,0,72,282
02/15/2006,ABE,PA,AEA,EN,Combined TRACON& Tower with Radar,45,53,70,0,168,0,10,110,0,120,45,63,180,0,288,44,0,44,332
02/16/2006,ABE,PA,AEA,EN,Combined TRACON& Tower with Radar,53,43,75,2,173,0,3,77,3,83,53,46,152,5,256,52,4,56,312
02/17/2006,ABE,PA,AEA,EN,Combined TRACON& Tower with Radar,59,54,24,0,137,0,8,13,0,21,59,62,37,0,158,8,0,8,166
02/18/2006,ABE,PA,AEA,EN,Combined TRACON& Tower with Radar,56,36,24,0,116,0,11,29,0,40,56,47,53,0,156,58,0,58,214
02/19/2006,ABE,PA,AEA,EN,Combined TRACON& Tower with Radar,38,35,67,0,140,0,6,89,0,95,38,41,156,0,235,108,0,108,343
02/20/2006,ABE,PA,AEA,EN,Combined TRACON& Tower with Radar,45,49,49,0,143,0,14,73,0,87,45,63,122,0,230,74,0,74,304
02/21/2006,ABE,PA,AEA,EN,Combined TRACON& Tower with Radar,50,57,67,7,181,0,10,83,0,93,50,67,150,7,274,68,10,78,352
02/22/2006,ABE,PA,AEA,EN,Combined TRACON& Tower with Radar,48,46,44,6,144,0,8,63,3,74,48,54,107,9,218,105,18,123,341
02/23/2006,ABE,PA,AEA,EN,Combined TRACON& Tower with Radar,65,40,45,4,154,0,1,10,0,11,65,41,55,4,165,30,4,34,199
02/24/2006,ABE,PA,AEA,EN,Combined TRACON& Tower with Radar,52,46,23,4,125,0,6,18,2,26,52,52,41,6,151,30,2,32,183
02/25/2006,ABE,PA,AEA,EN,Combined TRACON& Tower with Radar,49,38,36,0,123,0,6,71,0,77,49,44,107,0,200,86,0,86,286
02/26/2006,ABE,PA,AEA,EN,Combined TRACON& Tower with Radar,41,35,25,0,101,0,6,18,0,24,41,41,43,0,125,36,0,36,161
02/27/2006,ABE,PA,AEA,EN,Combined TRACON& Tower with Radar,49,44,66,0,159,0,5,59,0,64,49,49,125,0,223,92,0,92,315
02/28/2006,ABE,PA,AEA,EN,Combined TRACON& Tower with Radar,47,53,58,2,160,0,1,57,3,61,47,54,115,5,221,30,14,44,265
03/01/2006,ABE,PA,AEA,EN,Combined TRACON& Tower with Radar,44,61,47,16,168,0,8,68,0,76,44,69,115,16,244,84,18,102,346
03/02/2006,ABE,PA,AEA,EN,Combined TRACON& Tower with Radar,46,49,28,0,123,0,5,9,0,14,46,54,37,0,137,8,2,10,147
03/03/2006,ABE,PA,AEA,EN,Combined TRACON& Tower with Radar,60,47,43,0,150,0,11,38,0,49,60,58,81,0,199,82,0,82,281
03/04/2006,ABE,PA,AEA,EN,Combined TRACON& Tower with Radar,41,50,40,0,131,0,14,49,0,63,41,64,89,0,194,56,1,57,251
03/05/2006,ABE,PA,AEA,EN,Combined TRACON& Tower with Radar,39,39,40,0,118,0,11,109,0,120,39,50,149,0,238,93,0,93,331
03/06/2006,ABE,PA,AEA,EN,Combined TRACON& Tower with Radar,47,48,76,7,178,0,14,104,2,120,47,62,180,9,298,142,2,144,442
03/07/2006,ABE,PA,AEA,EN,Combined TRACON& Tower with Radar,41,47,74,2,164,0,4,96,0,100,41,51,170,2,264,112,0,112,376
03/08/2006,ABE,PA,AEA,EN,Combined TRACON& Tower with Radar,52,51,77,3,183,0,8,127,0,135,52,59,204,3,318,123,0,123,441
03/09/2006,ABE,PA,AEA,EN,Combined TRACON& Tower with Radar,57,61,71,0,189,0,6,76,0,82,57,67,147,0,271,152,0,152,423
03/10/2006,ABE,PA,AEA,EN,Combined TRACON& Tower with Radar,61,49,37,12,159,0,4,27,0,31,61,53,64,12,190,58,0,58,248
03/11/2006,ABE,PA,AEA,EN,Combined TRACON& Tower with Radar,43,40,66,0,149,0,4,140,0,144,43,44,206,0,293,184,2,186,479
03/12/2006,ABE,PA,AEA,EN,Combined TRACON& Tower with Radar,38,32,89,0,159,0,4,9,0,13,38,36,98,0,172,0,0,0,172
03/13/2006,ABE,PA,AEA,EN,Combined TRACON& Tower with Radar,44,46,85,0,175,0,1,44,0,45,44,47,129,0,220,96,0,96,316
03/14/2006,ABE,PA,AEA,EN,Combined TRACON& Tower with Radar,34,56,34,14,138,0,5,12,0,17,34,61,46,14,155,45,12,57,212
03/15/2006,ABE,PA,AEA,EN,Combined TRACON& Tower with Radar,48,57,28,7,140,0,8,17,0,25,48,65,45,7,165,18,2,20,185
03/16/2006,ABE,PA,AEA,EN,Combined TRACON& Tower with Radar,52,59,48,2,161,0,4,46,2,52,52,63,94,4,213,87,2,89,302
03/17/2006,ABE,PA,AEA,EN,Combined TRACON& Tower with Radar,54,48,71,5,178,0,3,96,0,99,54,51,167,5,277,114,9,123,400
03/18/2006,ABE,PA,AEA,EN,Combined TRACON& Tower with Radar,42,33,30,0,105,0,6,47,0,53,42,39,77,0,158,106,0,106,264
03/19/2006,ABE,PA,AEA,EN,Combined TRACON& Tower with Radar,38,34,43,0,115,0,4,62,0,66,38,38,105,0,181,102,0,102,283
03/20/2006,ABE,PA,AEA,EN,Combined TRACON& Tower with Radar,45,47,51,7,150,0,6,68,0,74,45,53,119,7,224,66,8,74,298
03/21/2006,ABE,PA,AEA,EN,Combined TRACON& Tower with Radar,42,44,58,14,158,0,4,69,0,73,42,48,127,14,231,90,12,102,333
03/22/2006,ABE,PA,AEA,EN,Combined TRACON& Tower with Radar,49,53,61,15,178,0,2,71,7,80,49,55,132,22,258,74,8,82,340
03/23/2006,ABE,PA,AEA,EN,Combined TRACON& Tower with Radar,54,52,64,2,172,0,8,94,3,105,54,60,158,5,277,110,4,114,391
03/24/2006,ABE,PA,AEA,EN,Combined TRACON& Tower with Radar,49,58,62,0,169,0,9,90,0,99,49,67,152,0,268,141,0,141,409
03/25/2006,ABE,PA,AEA,EN,Combined TRACON& Tower with Radar,40,39,52,7,138,0,3,36,4,43,40,42,88,11,181,121,4,125,306
03/26/2006,ABE,PA,AEA,EN,Combined TRACON& Tower with Radar,33,31,56,1,121,0,5,47,0,52,33,36,103,1,173,24,0,24,197
03/27/2006,ABE,PA,AEA,EN,Combined TRACON& Tower with Radar,43,59,47,4,153,0,5,87,1,93,43,64,134,5,246,166,0,166,412
03/28/2006,ABE,PA,AEA,EN,Combined TRACON& Tower with Radar,48,44,61,4,157,0,11,113,0,124,48,55,174,4,281,138,16,154,435
03/29/2006,ABE,PA,AEA,EN,Combined TRACON& Tower with Radar,53,44,79,5,181,0,4,107,0,111,53,48,186,5,292,148,6,154,446
03/30/2006,ABE,PA,AEA,EN,Combined TRACON& Tower with Radar,54,51,71,2,178,0,10,117,0,127,54,61,188,2,305,138,0,138,443
03/31/2006,ABE,PA,AEA,EN,Combined TRACON& Tower with Radar,59,49,89,0,197,0,6,134,0,140,59,55,223,0,337,122,0,122,459
04/01/2006,ABE,PA,AEA,EN,Combined TRACON& Tower with Radar,56,37,41,0,134,0,7,25,0,32,56,44,66,0,166,26,0,26,192
04/02/2006,ABE,PA,AEA,EN,Combined TRACON& Tower with Radar,36,33,104,0,173,0,6,155,0,161,36,39,259,0,334,160,0,160,494
04/03/2006,ABE,PA,AEA,EN,Combined TRACON& Tower with Radar,41,46,47,0,134,0,3,30,0,33,41,49,77,0,167,48,0,48,215
04/04/2006,ABE,PA,AEA,EN,Combined TRACON& Tower with Radar,53,50,42,0,145,0,1,26,0,27,53,51,68,0,172,0,0,0,172
04/05/2006,ABE,PA,AEA,EN,Combined TRACON& Tower with Radar,59,56,42,19,176,0,2,37,0,39,59,58,79,19,215,10,14,24,239
04/06/2006,ABE,PA,AEA,EN,Combined TRACON& Tower with Radar,48,62,82,1,193,0,9,76,0,85,48,71,158,1,278,72,8,80,358
04/07/2006,ABE,PA,AEA,EN,Combined TRACON& Tower with Radar,50,60,63,7,180,0,5,29,0,34,50,65,92,7,214,122,10,132,346
04/08/2006,ABE,PA,AEA,EN,Combined TRACON& Tower with Radar,36,46,48,6,136,0,3,15,0,18,36,49,63,6,154,78,0,78,232
04/09/2006,ABE,PA,AEA,EN,Combined TRACON& Tower with Radar,39,32,73,0,144,0,10,111,0,121,39,42,184,0,265,146,0,146,411
04/10/2006,ABE,PA,AEA,EN,Combined TRACON& Tower with Radar,46,44,45,0,135,0,8,78,0,86,46,52,123,0,221,154,0,154,375
04/11/2006,ABE,PA,AEA,EN,Combined TRACON& Tower with Radar,46,48,74,0,168,0,5,123,0,128,46,53,197,0,296,78,0,78,374
04/12/2006,ABE,PA,AEA,EN,Combined TRACON& Tower with Radar,44,56,64,5,169,0,4,115,4,123,44,60,179,9,292,118,2,120,412
04/13/2006,ABE,PA,AEA,EN,Combined TRACON& Tower with Radar,54,60,65,6,185,0,14,71,4,89,54,74,136,10,274,62,0,62,336
04/14/2006,ABE,PA,AEA,EN,Combined TRACON& Tower with Radar,60,56,58,0,174,0,13,45,0,58,60,69,103,0,232,50,0,50,282
04/15/2006,ABE,PA,AEA,EN,Combined TRACON& Tower with Radar,39,37,55,0,131,0,6,44,0,50,39,43,99,0,181,94,0,94,275
04/16/2006,ABE,PA,AEA,EN,Combined TRACON& Tower with Radar,33,32,48,0,113,0,1,67,0,68,33,33,115,0,181,52,0,52,233
04/17/2006,ABE,PA,AEA,EN,Combined TRACON& Tower with Radar,56,51,62,0,169,0,6,68,0,74,56,57,130,0,243,104,0,104,347
04/18/2006,ABE,PA,AEA,EN,Combined TRACON& Tower with Radar,52,51,55,21,179,0,6,95,0,101,52,57,150,21,280,100,2,102,382
04/19/2006,ABE,PA,AEA,EN,Combined TRACON& Tower with Radar,41,59,56,1,157,0,8,74,3,85,41,67,130,4,242,140,0,140,382
04/20/2006,ABE,PA,AEA,EN,Combined TRACON& Tower with Radar,54,50,77,0,181,0,8,109,0,117,54,58,186,0,298,160,0,160,458
04/21/2006,ABE,PA,AEA,EN,Combined TRACON& Tower with Radar,45,47,64,12,168,0,10,54,0,64,45,57,118,12,232,106,0,106,338
04/22/2006,ABE,PA,AEA,EN,Combined TRACON& Tower with Radar,38,36,43,0,117,0,2,3,0,5,38,38,46,0,122,8,0,8,130
04/23/2006,ABE,PA,AEA,EN,Combined TRACON& Tower with Radar,38,33,98,0,169,0,0,15,0,15,38,33,113,0,184,68,0,68,252
04/24/2006,ABE,PA,AEA,EN,Combined TRACON& Tower with Radar,45,49,52,4,150,0,8,44,0,52,45,57,96,4,202,102,0,102,304
04/25/2006,ABE,PA,AEA,EN,Combined TRACON& Tower with Radar,47,54,89,9,199,0,8,94,0,102,47,62,183,9,301,78,0,78,379
04/26/2006,ABE,PA,AEA,EN,Combined TRACON& Tower with Radar,47,67,71,4,189,0,6,116,4,126,47,73,187,8,315,142,2,144,459
04/27/2006,ABE,PA,AEA,EN,Combined TRACON& Tower with Radar,42,58,67,0,167,0,4,97,0,101,42,62,164,0,268,158,22,180,448
04/28/2006,ABE,PA,AEA,EN,Combined TRACON& Tower with Radar,47,53,62,5,167,0,7,91,0,98,47,60,153,5,265,60,0,60,325
04/29/2006,ABE,PA,AEA,EN,Combined TRACON& Tower with Radar,35,46,67,0,148,0,2,130,4,136,35,48,197,4,284,226,0,226,510
04/30/2006,ABE,PA,AEA,EN,Combined TRACON& Tower with Radar,31,30,57,0,118,0,15,123,0,138,31,45,180,0,256,147,0,147,403
05/01/2006,ABE,PA,AEA,EN,Combined TRACON& Tower with Radar,41,51,28,0,120,0,7,52,0,59,41,58,80,0,179,30,0,30,209
05/02/2006,ABE,PA,AEA,EN,Combined TRACON& Tower with Radar,46,49,47,2,144,0,8,65,0,73,46,57,112,2,217,86,2,88,305
05/03/2006,ABE,PA,AEA,EN,Combined TRACON& Tower with Radar,45,57,56,1,159,0,0,62,0,62,45,57,118,1,221,148,6,154,375
05/04/2006,ABE,PA,AEA,EN,Combined TRACON& Tower with Radar,50,56,52,7,165,0,11,78,0,89,50,67,130,7,254,75,16,91,345
05/05/2006,ABE,PA,AEA,EN,Combined TRACON& Tower with Radar,36,63,69,0,168,0,1,105,0,106,36,64,174,0,274,119,0,119,393
05/06/2006,ABE,PA,AEA,EN,Combined TRACON& Tower with Radar,41,38,61,0,140,0,6,78,0,84,41,44,139,0,224,90,0,90,314
05/07/2006,ABE,PA,AEA,EN,Combined TRACON& Tower with Radar,34,34,75,0,143,0,10,132,0,142,34,44,207,0,285,117,0,117,402
05/08/2006,ABE,PA,AEA,EN,Combined TRACON& Tower with Radar,50,44,46,7,147,0,15,49,0,64,50,59,95,7,211,64,0,64,275
05/09/2006,ABE,PA,AEA,EN,Combined TRACON& Tower with Radar,45,53,51,8,157,0,1,68,0,69,45,54,119,8,226,106,4,110,336
05/10/2006,ABE,PA,AEA,EN,Combined TRACON& Tower with Radar,50,44,64,18,176,0,4,92,0,96,50,48,156,18,272,146,12,158,430
05/11/2006,ABE,PA,AEA,EN,Combined TRACON& Tower with Radar,41,61,75,3,180,0,3,14,0,17,41,64,89,3,197,30,10,40,237
05/12/2006,ABE,PA,AEA,EN,Combined TRACON& Tower with Radar,53,48,52,0,153,0,3,42,0,45,53,51,94,0,198,95,0,95,293
05/13/2006,ABE,PA,AEA,EN,Combined TRACON& Tower with Radar,48,37,54,0,139,0,8,34,0,42,48,45,88,0,181,69,0,69,250
05/14/2006,ABE,PA,AEA,EN,Combined TRACON& Tower with Radar,32,34,85,0,151,0,5,8,0,13,32,39,93,0,164,28,0,28,192
05/15/2006,ABE,PA,AEA,EN,Combined TRACON& Tower with Radar,41,52,65,0,158,0,0,8,0,8,41,52,73,0,166,0,0,0,166
05/16/2006,ABE,PA,AEA,EN,Combined TRACON& Tower with Radar,52,49,76,0,177,0,9,37,0,46,52,58,113,0,223,59,0,59,282
05/17/2006,ABE,PA,AEA,EN,Combined TRACON& Tower with Radar,47,51,92,7,197,0,8,49,3,60,47,59,141,10,257,77,2,79,336
05/18/2006,ABE,PA,AEA,EN,Combined TRACON& Tower with Radar,53,51,56,16,176,0,13,50,0,63,53,64,106,16,239,40,0,40,279
05/19/2006,ABE,PA,AEA,EN,Combined TRACON& Tower with Radar,78,53,70,3,204,0,5,49,0,54,78,58,119,3,258,8,0,8,266
05/20/2006,ABE,PA,AEA,EN,Combined TRACON& Tower with Radar,43,36,70,0,149,0,6,90,0,96,43,42,160,0,245,148,0,148,393
05/21/2006,ABE,PA,AEA,EN,Combined TRACON& Tower with Radar,33,35,36,0,104,0,9,50,0,59,33,44,86,0,163,58,0,58,221
05/22/2006,ABE,PA,AEA,EN,Combined TRACON& Tower with Radar,44,49,56,0,149,0,7,57,3,67,44,56,113,3,216,108,4,112,328
05/23/2006,ABE,PA,AEA,EN,Combined TRACON& Tower with Radar,44,53,58,0,155,0,9,86,3,98,44,62,144,3,253,120,18,138,391
05/24/2006,ABE,PA,AEA,EN,Combined TRACON& Tower with Radar,43,64,74,0,181,0,6,89,0,95,43,70,163,0,276,134,0,134,410
05/25/2006,ABE,PA,AEA,EN,Combined TRACON& Tower with Radar,45,60,110,0,215,0,9,142,0,151,45,69,252,0,366,128,4,132,498
05/26/2006,ABE,PA,AEA,EN,Combined TRACON& Tower with Radar,49,62,118,0,229,0,5,7,0,12,49,67,125,0,241,28,0,28,269
05/27/2006,ABE,PA,AEA,EN,Combined TRACON& Tower with Radar,50,41,60,0,151,0,8,52,0,60,50,49,112,0,211,146,0,146,357
05/28/2006,ABE,PA,AEA,EN,Combined TRACON& Tower with Radar,29,27,47,0,103,0,4,87,0,91,29,31,134,0,194,168,0,168,362
05/29/2006,ABE,PA,AEA,EN,Combined TRACON& Tower with Radar,31,42,68,0,141,0,10,125,0,135,31,52,193,0,276,219,6,225,501
05/30/2006,ABE,PA,AEA,EN,Combined TRACON& Tower with Radar,39,53,54,11,157,0,5,87,1,93,39,58,141,12,250,170,10,180,430
05/31/2006,ABE,PA,AEA,EN,Combined TRACON& Tower with Radar,48,54,96,13,211,0,11,93,3,107,48,65,189,16,318,112,12,124,442
06/01/2006,ABE,PA,AEA,EN,Combined TRACON& Tower with Radar,60,54,101,9,224,0,8,51,5,64,60,62,152,14,288,78,6,84,372
06/02/2006,ABE,PA,AEA,EN,Combined TRACON& Tower with Radar,80,51,56,0,187,0,2,11,0,13,80,53,67,0,200,114,0,114,314
06/03/2006,ABE,PA,AEA,EN,Combined TRACON& Tower with Radar,54,44,65,0,163,0,0,4,0,4,54,44,69,0,167,27,0,27,194
06/04/2006,ABE,PA,AEA,EN,Combined TRACON& Tower with Radar,33,34,136,1,204,0,4,0,0,4,33,38,136,1,208,78,0,78,286
06/05/2006,ABE,PA,AEA,EN,Combined TRACON& Tower with Radar,36,48,69,0,153,0,5,63,2,70,36,53,132,2,223,109,6,115,338
06/06/2006,ABE,PA,AEA,EN,Combined TRACON& Tower with Radar,46,53,79,1,179,0,6,97,0,103,46,59,176,1,282,206,0,206,488
06/07/2006,ABE,PA,AEA,EN,Combined TRACON& Tower with Radar,50,54,93,0,197,0,3,36,0,39,50,57,129,0,236,144,0,144,380
06/08/2006,ABE,PA,AEA,EN,Combined TRACON& Tower with Radar,57,54,77,1,189,0,2,46,0,48,57,56,123,1,237,134,0,134,371
06/09/2006,ABE,PA,AEA,EN,Combined TRACON& Tower with Radar,50,60,61,0,171,0,6,65,0,71,50,66,126,0,242,58,0,58,300
06/10/2006,ABE,PA,AEA,EN,Combined TRACON& Tower with Radar,52,43,43,0,138,0,8,57,0,65,52,51,100,0,203,140,2,142,345
06/11/2006,ABE,PA,AEA,EN,Combined TRACON& Tower with Radar,43,41,62,0,146,0,7,97,0,104,43,48,159,0,250,145,0,145,395
06/12/2006,ABE,PA,AEA,EN,Combined TRACON& Tower with Radar,51,53,77,0,181,0,11,92,0,103,51,64,169,0,284,152,2,154,438
06/13/2006,ABE,PA,AEA,EN,Combined TRACON& Tower with Radar,46,56,81,0,183,0,9,121,0,130,46,65,202,0,313,202,0,202,515
06/14/2006,ABE,PA,AEA,EN,Combined TRACON& Tower with Radar,52,65,83,1,201,0,2,96,0,98,52,67,179,1,299,120,18,138,437
06/15/2006,ABE,PA,AEA,EN,Combined TRACON& Tower with Radar,62,55,48,0,165,0,9,80,0,89,62,64,128,0,254,134,0,134,388
06/16/2006,ABE,PA,AEA,EN,Combined TRACON& Tower with Radar,63,52,80,0,195,0,11,142,0,153,63,63,222,0,348,248,0,248,596
06/17/2006,ABE,PA,AEA,EN,Combined TRACON& Tower with Radar,49,42,69,0,160,0,4,109,0,113,49,46,178,0,273,182,0,182,455
06/18/2006,ABE,PA,AEA,EN,Combined TRACON& Tower with Radar,36,38,20,0,94,0,15,68,0,83,36,53,88,0,177,118,0,118,295
06/19/2006,ABE,PA,AEA,EN,Combined TRACON& Tower with Radar,50,50,101,9,210,0,2,86,0,88,50,52,187,9,298,118,0,118,416
06/20/2006,ABE,PA,AEA,EN,Combined TRACON& Tower with Radar,58,64,86,1,209,0,2,59,1,62,58,66,145,2,271,190,0,190,461
06/21/2006,ABE,PA,AEA,EN,Combined TRACON& Tower with Radar,61,54,96,2,213,0,2,137,1,140,61,56,233,3,353,266,10,276,629
06/22/2006,ABE,PA,AEA,EN,Combined TRACON& Tower with Radar,59,47,73,0,179,0,6,72,1,79,59,53,145,1,258,170,5,175,433
06/23/2006,ABE,PA,AEA,EN,Combined TRACON& Tower with Radar,52,41,54,2,149,0,5,65,3,73,52,46,119,5,222,156,0,156,378
06/24/2006,ABE,PA,AEA,EN,Combined TRACON& Tower with Radar,57,45,77,0,179,0,3,3,0,6,57,48,80,0,185,2,0,2,187
06/25/2006,ABE,PA,AEA,EN,Combined TRACON& Tower with Radar,34,35,42,0,111,0,2,1,0,3,34,37,43,0,114,0,0,0,114
06/26/2006,ABE,PA,AEA,EN,Combined TRACON& Tower with Radar,54,62,69,0,185,0,2,4,0,6,54,64,73,0,191,8,0,8,199
06/27/2006,ABE,PA,AEA,EN,Combined TRACON& Tower with Radar,51,56,53,0,160,0,0,3,0,3,51,56,56,0,163,44,0,44,207
06/28/2006,ABE,PA,AEA,EN,Combined TRACON& Tower with Radar,61,55,40,0,156,0,4,47,0,51,61,59,87,0,207,204,0,204,411
06/29/2006,ABE,PA,AEA,EN,Combined TRACON& Tower with Radar,60,55,73,0,188,0,3,59,0,62,60,58,132,0,250,142,0,142,392
06/30/2006,ABE,PA,AEA,EN,Combined TRACON& Tower with Radar,68,55,66,3,192,0,4,80,0,84,68,59,146,3,276,106,0,106,382
07/01/2006,ABE,PA,AEA,EN,Combined TRACON& Tower with Radar,60,36,51,0,147,0,3,72,0,75,60,39,123,0,222,188,0,188,410
07/02/2006,ABE,PA,AEA,EN,Combined TRACON& Tower with Radar,41,30,57,0,128,0,6,67,0,73,41,36,124,0,201,133,0,133,334
07/03/2006,ABE,PA,AEA,EN,Combined TRACON& Tower with Radar,33,35,58,0,126,0,7,63,0,70,33,42,121,0,196,220,0,220,416
07/04/2006,ABE,PA,AEA,EN,Combined TRACON& Tower with Radar,44,32,19,0,95,0,7,37,0,44,44,39,56,0,139,112,0,112,251
07/05/2006,ABE,PA,AEA,EN,Combined TRACON& Tower with Radar,47,50,59,3,159,0,5,15,0,20,47,55,74,3,179,54,0,54,233
07/06/2006,ABE,PA,AEA,EN,Combined TRACON& Tower with Radar,63,45,82,15,205,0,5,108,2,115,63,50,190,17,320,152,0,152,472
07/07/2006,ABE,PA,AEA,EN,Combined TRACON& Tower with Radar,49,52,63,16,180,0,4,131,0,135,49,56,194,16,315,245,1,246,561
07/08/2006,ABE,PA,AEA,EN,Combined TRACON& Tower with Radar,52,41,71,0,164,0,3,134,0,137,52,44,205,0,301,231,0,231,532
07/09/2006,ABE,PA,AEA,EN,Combined TRACON& Tower with Radar,42,25,52,0,119,0,5,91,0,96,42,30,143,0,215,190,0,190,405
07/10/2006,ABE,PA,AEA,EN,Combined TRACON& Tower with Radar,49,41,49,0,139,0,1,57,0,58,49,42,106,0,197,204,0,204,401
07/11/2006,ABE,PA,AEA,EN,Combined TRACON& Tower with Radar,50,48,99,4,201,0,2,66,0,68,50,50,165,4,269,200,10,210,479
07/12/2006,ABE,PA,AEA,EN,Combined TRACON& Tower with Radar,66,50,79,0,195,0,2,14,0,16,66,52,93,0,211,124,0,124,335
07/13/2006,ABE,PA,AEA,EN,Combined TRACON& Tower with Radar,74,65,81,0,220,0,2,69,0,71,74,67,150,0,291,152,0,152,443
07/14/2006,ABE,PA,AEA,EN,Combined TRACON& Tower with Radar,62,53,70,4,189,0,3,119,0,122,62,56,189,4,311,92,2,94,405
07/15/2006,ABE,PA,AEA,EN,Combined TRACON& Tower with Radar,40,48,63,8,159,0,2,30,1,33,40,50,93,9,192,20,0,20,212
07/16/2006,ABE,PA,AEA,EN,Combined TRACON& Tower with Radar,40,29,58,0,127,0,5,100,0,105,40,34,158,0,232,140,0,140,372
07/17/2006,ABE,PA,AEA,EN,Combined TRACON& Tower with Radar,52,51,44,9,156,0,8,109,0,117,52,59,153,9,273,158,0,158,431
07/18/2006,ABE,PA,AEA,EN,Combined TRACON& Tower with Radar,55,46,80,0,181,0,3,99,0,102,55,49,179,0,283,114,0,114,397
07/19/2006,ABE,PA,AEA,EN,Combined TRACON& Tower with Radar,78,62,72,12,224,0,2,121,0,123,78,64,193,12,347,212,0,212,559
07/20/2006,ABE,PA,AEA,EN,Combined TRACON& Tower with Radar,50,60,108,17,235,0,3,90,2,95,50,63,198,19,330,254,14,268,598
07/21/2006,ABE,PA,AEA,EN,Combined TRACON& Tower with Radar,63,61,93,0,217,0,6,50,0,56,63,67,143,0,273,100,4,104,377
07/22/2006,ABE,PA,AEA,EN,Combined TRACON& Tower with Radar,56,43,40,0,139,0,1,4,0,5,56,44,44,0,144,14,0,14,158
07/23/2006,ABE,PA,AEA,EN,Combined TRACON& Tower with Radar,43,26,70,0,139,0,7,94,0,101,43,33,164,0,240,148,0,148,388
07/24/2006,ABE,PA,AEA,EN,Combined TRACON& Tower with Radar,50,41,67,0,158,0,1,141,0,142,50,42,208,0,300,100,2,102,402
07/25/2006,ABE,PA,AEA,EN,Combined TRACON& Tower with Radar,54,44,81,17,196,0,6,91,0,97,54,50,172,17,293,244,2,246,539
07/26/2006,ABE,PA,AEA,EN,Combined TRACON& Tower with Radar,48,57,61,29,195,0,2,67,0,69,48,59,128,29,264,200,14,214,478
07/27/2006,ABE,PA,AEA,EN,Combined TRACON& Tower with Radar,57,54,109,0,220,0,2,49,0,51,57,56,158,0,271,158,0,158,429
07/28/2006,ABE,PA,AEA,EN,Combined TRACON& Tower with Radar,42,71,54,0,167,0,1,37,0,38,42,72,91,0,205,98,0,98,303
07/29/2006,ABE,PA,AEA,EN,Combined TRACON& Tower with Radar,46,41,83,0,170,0,5,89,0,94,46,46,172,0,264,100,0,100,364
07/30/2006,ABE,PA,AEA,EN,Combined TRACON& Tower with Radar,40,30,52,0,122,0,3,79,0,82,40,33,131,0,204,102,0,102,306
07/31/2006,ABE,PA,AEA,EN,Combined TRACON& Tower with Radar,47,45,37,0,129,0,2,51,0,53,47,47,88,0,182,110,4,114,296
08/01/2006,ABE,PA,AEA,EN,Combined TRACON& Tower with Radar,0,0,0,0,0,51,59,110,0,220,51,59,110,0,220,226,0,226,446
08/02/2006,ABE,PA,AEA,EN,Combined TRACON& Tower with Radar,55,42,63,2,162,0,4,69,0,73,55,46,132,2,235,112,0,112,347
08/03/2006,ABE,PA,AEA,EN,Combined TRACON& Tower with Radar,54,49,44,10,157,0,3,55,4,62,54,52,99,14,219,112,8,120,339
08/04/2006,ABE,PA,AEA,EN,Combined TRACON& Tower with Radar,52,52,60,0,164,0,4,68,0,72,52,56,128,0,236,148,2,150,386
08/05/2006,ABE,PA,AEA,EN,Combined TRACON& Tower with Radar,43,37,59,0,139,0,9,123,0,132,43,46,182,0,271,268,0,268,539
08/06/2006,ABE,PA,AEA,EN,Combined TRACON& Tower with Radar,41,30,49,0,120,0,4,99,0,103,41,34,148,0,223,88,0,88,311
08/07/2006,ABE,PA,AEA,EN,Combined TRACON& Tower with Radar,53,44,63,0,160,0,2,54,0,56,53,46,117,0,216,102,0,102,318
08/08/2006,ABE,PA,AEA,EN,Combined TRACON& Tower with Radar,56,44,63,0,163,0,6,94,0,100,56,50,157,0,263,226,0,226,489
08/09/2006,ABE,PA,AEA,EN,Combined TRACON& Tower with Radar,57,48,76,13,194,0,9,134,0,143,57,57,210,13,337,184,10,194,531
08/10/2006,ABE,PA,AEA,EN,Combined TRACON& Tower with Radar,54,54,72,5,185,0,6,90,1,97,54,60,162,6,282,136,0,136,418
08/11/2006,ABE,PA,AEA,EN,Combined TRACON& Tower with Radar,81,63,62,3,209,0,0,104,1,105,81,63,166,4,314,122,12,134,448
08/12/2006,ABE,PA,AEA,EN,Combined TRACON& Tower with Radar,50,35,58,0,143,0,8,113,0,121,50,43,171,0,264,144,16,160,424
08/13/2006,ABE,PA,AEA,EN,Combined TRACON& Tower with Radar,48,26,52,0,126,0,1,87,0,88,48,27,139,0,214,139,0,139,353
08/14/2006,ABE,PA,AEA,EN,Combined TRACON& Tower with Radar,46,50,64,5,165,0,9,102,0,111,46,59,166,5,276,164,0,164,440
08/15/2006,ABE,PA,AEA,EN,Combined TRACON& Tower with Radar,50,55,93,0,198,0,3,44,0,47,50,58,137,0,245,90,0,90,335
08/16/2006,ABE,PA,AEA,EN,Combined TRACON& Tower with Radar,53,55,74,7,189,0,7,123,0,130,53,62,197,7,319,163,8,171,490
08/17/2006,ABE,PA,AEA,EN,Combined TRACON& Tower with Radar,51,52,68,2,173,0,7,133,0,140,51,59,201,2,313,218,2,220,533
08/18/2006,ABE,PA,AEA,EN,Combined TRACON& Tower with Radar,53,54,50,0,157,0,17,103,0,120,53,71,153,0,277,144,0,144,421
08/19/2006,ABE,PA,AEA,EN,Combined TRACON& Tower with Radar,50,36,79,0,165,0,7,34,0,41,50,43,113,0,206,66,0,66,272
08/20/2006,ABE,PA,AEA,EN,Combined TRACON& Tower with Radar,42,25,24,0,91,0,6,38,0,44,42,31,62,0,135,116,0,116,251
08/21/2006,ABE,PA,AEA,EN,Combined TRACON& Tower with Radar,50,45,40,0,135,0,10,81,0,91,50,55,121,0,226,164,0,164,390
08/22/2006,ABE,PA,AEA,EN,Combined TRACON& Tower with Radar,50,47,43,12,152,0,9,105,0,114,50,56,148,12,266,222,2,224,490
08/23/2006,ABE,PA,AEA,EN,Combined TRACON& Tower with Radar,46,54,85,3,188,0,6,117,2,125,46,60,202,5,313,208,18,226,539
08/24/2006,ABE,PA,AEA,EN,Combined TRACON& Tower with Radar,57,60,44,5,166,0,5,60,0,65,57,65,104,5,231,144,18,162,393
08/25/2006,ABE,PA,AEA,EN,Combined TRACON& Tower with Radar,56,44,74,7,181,0,7,37,0,44,56,51,111,7,225,54,3,57,282
08/26/2006,ABE,PA,AEA,EN,Combined TRACON& Tower with Radar,50,38,86,14,188,0,0,3,0,3,50,38,89,14,191,38,0,38,229
08/27/2006,ABE,PA,AEA,EN,Combined TRACON& Tower with Radar,37,31,75,0,143,0,0,0,0,0,37,31,75,0,143,0,0,0,143
08/28/2006,ABE,PA,AEA,EN,Combined TRACON& Tower with Radar,47,58,94,0,199,0,4,17,0,21,47,62,111,0,220,76,0,76,296
08/29/2006,ABE,PA,AEA,EN,Combined TRACON& Tower with Radar,49,56,76,0,181,0,1,7,0,8,49,57,83,0,189,8,0,8,197
08/30/2006,ABE,PA,AEA,EN,Combined TRACON& Tower with Radar,53,43,101,0,197,0,0,7,0,7,53,43,108,0,204,66,0,66,270
08/31/2006,ABE,PA,AEA,EN,Combined TRACON& Tower with Radar,54,47,85,0,186,0,16,126,0,142,54,63,211,0,328,116,0,116,444
09/01/2006,ABE,PA,AEA,EN,Combined TRACON& Tower with Radar,56,47,34,0,137,0,6,40,0,46,56,53,74,0,183,155,0,155,338
09/02/2006,ABE,PA,AEA,EN,Combined TRACON& Tower with Radar,49,28,10,0,87,0,0,0,0,0,49,28,10,0,87,0,0,0,87
09/03/2006,ABE,PA,AEA,EN,Combined TRACON& Tower with Radar,24,21,68,0,113,0,1,54,0,55,24,22,122,0,168,84,0,84,252
09/04/2006,ABE,PA,AEA,EN,Combined TRACON& Tower with Radar,40,35,66,0,141,0,5,79,0,84,40,40,145,0,225,122,0,122,347
09/05/2006,ABE,PA,AEA,EN,Combined TRACON& Tower with Radar,38,42,72,10,162,0,7,46,0,53,38,49,118,10,215,106,10,116,331
09/06/2006,ABE,PA,AEA,EN,Combined TRACON& Tower with Radar,44,58,96,9,207,0,3,60,0,63,44,61,156,9,270,122,16,138,408
09/07/2006,ABE,PA,AEA,EN,Combined TRACON& Tower with Radar,55,49,69,12,185,0,4,92,1,97,55,53,161,13,282,144,16,160,442
09/08/2006,ABE,PA,AEA,EN,Combined TRACON& Tower with Radar,53,49,71,7,180,0,5,90,4,99,53,54,161,11,279,120,20,140,419
09/09/2006,ABE,PA,AEA,EN,Combined TRACON& Tower with Radar,37,43,54,0,134,0,3,76,0,79,37,46,130,0,213,122,0,122,335
09/10/2006,ABE,PA,AEA,EN,Combined TRACON& Tower with Radar,38,39,60,0,137,0,5,94,0,99,38,44,154,0,236,207,0,207,443
09/11/2006,ABE,PA,AEA,EN,Combined TRACON& Tower with Radar,45,49,117,0,211,0,7,119,0,126,45,56,236,0,337,93,0,93,430
09/12/2006,ABE,PA,AEA,EN,Combined TRACON& Tower with Radar,47,40,61,0,148,0,7,112,1,120,47,47,173,1,268,122,0,122,390
09/13/2006,ABE,PA,AEA,EN,Combined TRACON& Tower with Radar,47,51,110,0,208,0,4,60,0,64,47,55,170,0,272,140,0,140,412
09/14/2006,ABE,PA,AEA,EN,Combined TRACON& Tower with Radar,56,40,65,0,161,0,1,1,0,2,56,41,66,0,163,0,0,0,163
09/15/2006,ABE,PA,AEA,EN,Combined TRACON& Tower with Radar,60,58,72,4,194,0,1,10,0,11,60,59,82,4,205,48,0,48,253
09/16/2006,ABE,PA,AEA,EN,Combined TRACON& Tower with Radar,38,39,11,0,88,0,5,143,2,150,38,44,154,2,238,86,0,86,324
09/17/2006,ABE,PA,AEA,EN,Combined TRACON& Tower with Radar,33,40,60,0,133,0,4,113,10,127,33,44,173,10,260,134,0,134,394
09/18/2006,ABE,PA,AEA,EN,Combined TRACON& Tower with Radar,45,46,82,0,173,0,9,85,0,94,45,55,167,0,267,174,0,174,441
09/19/2006,ABE,PA,AEA,EN,Combined TRACON& Tower with Radar,54,46,61,0,161,0,3,30,0,33,54,49,91,0,194,40,0,40,234
09/20/2006,ABE,PA,AEA,EN,Combined TRACON& Tower with Radar,52,50,78,0,180,0,6,89,0,95,52,56,167,0,275,141,0,141,416
09/21/2006,ABE,PA,AEA,EN,Combined TRACON& Tower with Radar,53,46,49,3,151,0,3,80,0,83,53,49,129,3,234,100,2,102,336
09/22/2006,ABE,PA,AEA,EN,Combined TRACON& Tower with Radar,56,45,57,9,167,0,4,88,1,93,56,49,145,10,260,80,10,90,350
09/23/2006,ABE,PA,AEA,EN,Combined TRACON& Tower with Radar,39,38,73,8,158,0,3,15,0,18,39,41,88,8,176,40,10,50,226
09/24/2006,ABE,PA,AEA,EN,Combined TRACON& Tower with Radar,34,33,70,1,138,0,0,23,0,23,34,33,93,1,161,75,0,75,236
09/25/2006,ABE,PA,AEA,EN,Combined TRACON& Tower with Radar,39,53,42,0,134,0,5,47,0,52,39,58,89,0,186,134,0,134,320
09/26/2006,ABE,PA,AEA,EN,Combined TRACON& Tower with Radar,50,53,67,0,170,0,3,84,0,87,50,56,151,0,257,181,0,181,438
09/27/2006,ABE,PA,AEA,EN,Combined TRACON& Tower with Radar,52,59,74,0,185,0,7,106,0,113,52,66,180,0,298,224,0,224,522
09/28/2006,ABE,PA,AEA,EN,Combined TRACON& Tower with Radar,57,55,48,0,160,0,4,45,0,49,57,59,93,0,209,84,0,84,293
09/29/2006,ABE,PA,AEA,EN,Combined TRACON& Tower with Radar,57,53,89,3,202,0,3,35,0,38,57,56,124,3,240,66,0,66,306
09/30/2006,ABE,PA,AEA,EN,Combined TRACON& Tower with Radar,40,36,49,0,125,0,10,88,0,98,40,46,137,0,223,82,0,82,305
10/01/2006,ABE,PA,AEA,EN,Combined TRACON& Tower with Radar,38,28,72,0,138,0,0,39,0,39,38,28,111,0,177,88,0,88,265
10/02/2006,ABE,PA,AEA,EN,Combined TRACON& Tower with Radar,41,41,75,0,157,0,5,99,0,104,41,46,174,0,261,117,0,117,378
10/03/2006,ABE,PA,AEA,EN,Combined TRACON& Tower with Radar,50,48,59,4,161,0,2,102,0,104,50,50,161,4,265,117,5,122,387
10/04/2006,ABE,PA,AEA,EN,Combined TRACON& Tower with Radar,53,42,80,9,184,0,0,85,0,85,53,42,165,9,269,133,0,133,402
10/05/2006,ABE,PA,AEA,EN,Combined TRACON& Tower with Radar,51,47,55,2,155,0,3,45,0,48,51,50,100,2,203,232,0,232,435
10/06/2006,ABE,PA,AEA,EN,Combined TRACON& Tower with Radar,62,55,74,2,193,0,7,51,0,58,62,62,125,2,251,84,0,84,335
10/07/2006,ABE,PA,AEA,EN,Combined TRACON& Tower with Radar,35,34,34,0,103,0,3,33,0,36,35,37,67,0,139,127,0,127,266
10/08/2006,ABE,PA,AEA,EN,Combined TRACON& Tower with Radar,36,25,59,0,120,0,6,124,0,130,36,31,183,0,250,175,0,175,425
10/09/2006,ABE,PA,AEA,EN,Combined TRACON& Tower with Radar,45,50,41,1,137,0,2,82,0,84,45,52,123,1,221,196,0,196,417
10/10/2006,ABE,PA,AEA,EN,Combined TRACON& Tower with Radar,49,48,25,0,122,0,8,88,0,96,49,56,113,0,218,256,1,257,475
10/11/2006,ABE,PA,AEA,EN,Combined TRACON& Tower with Radar,54,38,91,0,183,0,5,22,0,27,54,43,113,0,210,82,0,82,292
10/12/2006,ABE,PA,AEA,EN,Combined TRACON& Tower with Radar,58,48,69,11,186,0,3,34,0,37,58,51,103,11,223,148,10,158,381
10/13/2006,ABE,PA,AEA,EN,Combined TRACON& Tower with Radar,50,55,69,15,189,0,4,78,0,82,50,59,147,15,271,168,6,174,445
10/14/2006,ABE,PA,AEA,EN,Combined TRACON& Tower with Radar,35,34,65,0,134,0,9,74,0,83,35,43,139,0,217,102,0,102,319
10/15/2006,ABE,PA,AEA,EN,Combined TRACON& Tower with Radar,146,26,0,0,172,0,11,0,0,11,146,37,0,0,183,68,0,68,251
10/16/2006,ABE,PA,AEA,EN,Combined TRACON& Tower with Radar,49,39,68,0,156,0,8,83,0,91,49,47,151,0,247,232,3,235,482
10/17/2006,ABE,PA,AEA,EN,Combined TRACON& Tower with Radar,56,46,49,7,158,0,7,11,0,18,56,53,60,7,176,32,0,32,208
10/18/2006,ABE,PA,AEA,EN,Combined TRACON& Tower with Radar,41,50,33,0,124,0,3,30,0,33,41,53,63,0,157,108,0,108,265
10/19/2006,ABE,PA,AEA,EN,Combined TRACON& Tower with Radar,48,61,93,7,209,0,0,35,0,35,48,61,128,7,244,172,0,172,416
10/20/2006,ABE,PA,AEA,EN,Combined TRACON& Tower with Radar,69,48,73,2,192,0,0,10,0,10,69,48,83,2,202,31,0,31,233
10/21/2006,ABE,PA,AEA,EN,Combined TRACON& Tower with Radar,32,38,46,0,116,0,10,61,0,71,32,48,107,0,187,160,0,160,347
10/22/2006,ABE,PA,AEA,EN,Combined TRACON& Tower with Radar,31,40,46,0,117,0,4,53,0,57,31,44,99,0,174,125,0,125,299
10/23/2006,ABE,PA,AEA,EN,Combined TRACON& Tower with Radar,43,49,67,0,159,0,0,57,0,57,43,49,124,0,216,52,0,52,268
10/24/2006,ABE,PA,AEA,EN,Combined TRACON& Tower with Radar,53,43,62,0,158,0,2,69,0,71,53,45,131,0,229,104,0,104,333
10/25/2006,ABE,PA,AEA,EN,Combined TRACON& Tower with Radar,44,57,41,11,153,0,6,66,0,72,44,63,107,11,225,170,0,170,395
10/26/2006,ABE,PA,AEA,EN,Combined TRACON& Tower with Radar,51,52,44,7,154,0,3,55,5,63,51,55,99,12,217,147,0,147,364
10/27/2006,ABE,PA,AEA,EN,Combined TRACON& Tower with Radar,50,49,71,1,171,0,4,99,0,103,50,53,170,1,274,114,0,114,388
10/28/2006,ABE,PA,AEA,EN,Combined TRACON& Tower with Radar,47,43,20,1,111,0,1,3,0,4,47,44,23,1,115,10,0,10,125
10/29/2006,ABE,PA,AEA,EN,Combined TRACON& Tower with Radar,45,37,14,0,96,0,1,3,0,4,45,38,17,0,100,0,0,0,100
10/30/2006,ABE,PA,AEA,EN,Combined TRACON& Tower with Radar,42,40,52,5,139,0,1,73,0,74,42,41,125,5,213,142,5,147,360
10/31/2006,ABE,PA,AEA,EN,Combined TRACON& Tower with Radar,55,40,76,5,176,0,4,120,0,124,55,44,196,5,300,190,0,190,490
11/01/2006,ABE,PA,AEA,EN,Combined TRACON& Tower with Radar,55,37,68,3,163,0,6,118,0,124,55,43,186,3,287,194,0,194,481
11/02/2006,ABE,PA,AEA,EN,Combined TRACON& Tower with Radar,54,49,73,14,190,0,6,87,0,93,54,55,160,14,283,174,0,174,457
11/03/2006,ABE,PA,AEA,EN,Combined TRACON& Tower with Radar,61,45,59,3,168,0,1,75,3,79,61,46,134,6,247,119,0,119,366
11/04/2006,ABE,PA,AEA,EN,Combined TRACON& Tower with Radar,42,32,66,0,140,0,3,113,0,116,42,35,179,0,256,218,0,218,474
11/05/2006,ABE,PA,AEA,EN,Combined TRACON& Tower with Radar,37,24,43,0,104,0,0,84,0,84,37,24,127,0,188,111,0,111,299
11/06/2006,ABE,PA,AEA,EN,Combined TRACON& Tower with Radar,44,39,39,9,131,0,4,81,0,85,44,43,120,9,216,132,0,132,348
11/07/2006,ABE,PA,AEA,EN,Combined TRACON& Tower with Radar,49,48,66,24,187,0,5,63,0,68,49,53,129,24,255,106,20,126,381
11/08/2006,ABE,PA,AEA,EN,Combined TRACON& Tower with Radar,53,47,52,0,152,0,0,1,0,1,53,47,53,0,153,6,0,6,159
11/09/2006,ABE,PA,AEA,EN,Combined TRACON& Tower with Radar,60,52,59,0,171,0,3,76,0,79,60,55,135,0,250,163,0,163,413
11/10/2006,ABE,PA,AEA,EN,Combined TRACON& Tower with Radar,55,42,62,0,159,0,3,90,0,93,55,45,152,0,252,142,0,142,394
11/11/2006,ABE,PA,AEA,EN,Combined TRACON& Tower with Radar,40,29,87,0,156,0,5,78,0,83,40,34,165,0,239,96,0,96,335
11/12/2006,ABE,PA,AEA,EN,Combined TRACON& Tower with Radar,44,22,63,0,129,0,2,11,0,13,44,24,74,0,142,16,0,16,158
11/13/2006,ABE,PA,AEA,EN,Combined TRACON& Tower with Radar,49,47,94,0,190,0,0,0,0,0,49,47,94,0,190,0,0,0,190
11/14/2006,ABE,PA,AEA,EN,Combined TRACON& Tower with Radar,57,48,122,8,235,0,1,10,0,11,57,49,132,8,246,132,0,132,378
11/15/2006,ABE,PA,AEA,EN,Combined TRACON& Tower with Radar,52,55,100,20,227,0,2,21,0,23,52,57,121,20,250,96,8,104,354
11/16/2006,ABE,PA,AEA,EN,Combined TRACON& Tower with Radar,59,47,37,8,151,0,1,5,0,6,59,48,42,8,157,2,0,2,159
11/17/2006,ABE,PA,AEA,EN,Combined TRACON& Tower with Radar,58,50,70,0,178,0,2,67,0,69,58,52,137,0,247,139,0,139,386
11/18/2006,ABE,PA,AEA,EN,Combined TRACON& Tower with Radar,36,39,71,0,146,0,3,85,0,88,36,42,156,0,234,111,0,111,345
11/19/2006,ABE,PA,AEA,EN,Combined TRACON& Tower with Radar,43,29,79,0,151,0,3,92,0,95,43,32,171,0,246,144,0,144,390
11/20/2006,ABE,PA,AEA,EN,Combined TRACON& Tower with Radar,46,43,61,0,150,0,2,66,0,68,46,45,127,0,218,54,1,55,273
11/21/2006,ABE,PA,AEA,EN,Combined TRACON& Tower with Radar,54,47,86,8,195,0,1,97,0,98,54,48,183,8,293,108,20,128,421
11/22/2006,ABE,PA,AEA,EN,Combined TRACON& Tower with Radar,58,47,73,4,182,0,5,73,0,78,58,52,146,4,260,94,0,94,354
11/23/2006,ABE,PA,AEA,EN,Combined TRACON& Tower with Radar,55,35,18,0,108,0,1,1,0,2,55,36,19,0,110,0,0,0,110
11/24/2006,ABE,PA,AEA,EN,Combined TRACON& Tower with Radar,26,20,60,0,106,0,0,113,0,113,26,20,173,0,219,152,0,152,371
11/25/2006,ABE,PA,AEA,EN,Combined TRACON& Tower with Radar,45,35,51,0,131,0,2,110,0,112,45,37,161,0,243,144,0,144,387
11/26/2006,ABE,PA,AEA,EN,Combined TRACON& Tower with Radar,40,42,59,2,143,0,2,128,0,130,40,44,187,2,273,222,0,222,495
11/27/2006,ABE,PA,AEA,EN,Combined TRACON& Tower with Radar,52,45,61,0,158,0,3,48,1,52,52,48,109,1,210,114,0,114,324
11/28/2006,ABE,PA,AEA,EN,Combined TRACON& Tower with Radar,51,46,81,24,202,0,3,51,0,54,51,49,132,24,256,105,22,127,383
11/29/2006,ABE,PA,AEA,EN,Combined TRACON& Tower with Radar,51,51,109,1,212,0,2,1,0,3,51,53,110,1,215,58,0,58,273
11/30/2006,ABE,PA,AEA,EN,Combined TRACON& Tower with Radar,51,52,86,4,193,0,0,19,0,19,51,52,105,4,212,102,2,104,316
12/01/2006,ABE,PA,AEA,EN,Combined TRACON& Tower with Radar,49,54,37,12,152,0,1,8,0,9,49,55,45,12,161,4,20,24,185
12/02/2006,ABE,PA,AEA,EN,Combined TRACON& Tower with Radar,42,29,25,0,96,0,3,29,0,32,42,32,54,0,128,48,0,48,176
12/03/2006,ABE,PA,AEA,EN,Combined TRACON& Tower with Radar,41,27,62,0,130,0,6,127,0,133,41,33,189,0,263,154,0,154,417
12/04/2006,ABE,PA,AEA,EN,Combined TRACON& Tower with Radar,46,44,28,0,118,0,1,42,0,43,46,45,70,0,161,66,0,66,227
12/05/2006,ABE,PA,AEA,EN,Combined TRACON& Tower with Radar,51,47,48,21,167,0,3,74,0,77,51,50,122,21,244,150,0,150,394
12/06/2006,ABE,PA,AEA,EN,Combined TRACON& Tower with Radar,44,59,74,20,197,0,4,68,0,72,44,63,142,20,269,136,6,142,411
12/07/2006,ABE,PA,AEA,EN,Combined TRACON& Tower with Radar,45,54,27,31,157,0,1,45,0,46,45,55,72,31,203,109,0,109,312
12/08/2006,ABE,PA,AEA,EN,Combined TRACON& Tower with Radar,57,51,26,14,148,0,1,28,1,30,57,52,54,15,178,6,0,6,184
12/09/2006,ABE,PA,AEA,EN,Combined TRACON& Tower with Radar,43,33,57,0,133,0,1,110,0,111,43,34,167,0,244,122,0,122,366
12/10/2006,ABE,PA,AEA,EN,Combined TRACON& Tower with Radar,38,29,38,2,107,0,0,83,0,83,38,29,121,2,190,162,0,162,352
12/11/2006,ABE,PA,AEA,EN,Combined TRACON& Tower with Radar,42,44,63,1,150,0,3,95,1,99,42,47,158,2,249,80,8,88,337
12/12/2006,ABE,PA,AEA,EN,Combined TRACON& Tower with Radar,37,45,69,9,160,0,2,83,0,85,37,47,152,9,245,99,6,105,350
12/13/2006,ABE,PA,AEA,EN,Combined TRACON& Tower with Radar,38,54,124,5,221,0,0,0,0,0,38,54,124,5,221,8,0,8,229
12/14/2006,ABE,PA,AEA,EN,Combined TRACON& Tower with Radar,84,60,116,43,303,0,4,67,0,71,84,64,183,43,374,104,0,104,478
12/15/2006,ABE,PA,AEA,EN,Combined TRACON& Tower with Radar,57,51,49,15,172,0,1,23,0,24,57,52,72,15,196,42,0,42,238
12/16/2006,ABE,PA,AEA,EN,Combined TRACON& Tower with Radar,46,40,84,0,170,0,2,128,0,130,46,42,212,0,300,135,0,135,435
12/17/2006,ABE,PA,AEA,EN,Combined TRACON& Tower with Radar,39,18,63,2,122,0,0,110,0,110,39,18,173,2,232,150,24,174,406
12/18/2006,ABE,PA,AEA,EN,Combined TRACON& Tower with Radar,46,48,60,0,154,0,3,61,0,64,46,51,121,0,218,40,0,40,258
12/19/2006,ABE,PA,AEA,EN,Combined TRACON& Tower with Radar,41,62,58,2,163,0,2,80,0,82,41,64,138,2,245,190,0,190,435
12/20/2006,ABE,PA,AEA,EN,Combined TRACON& Tower with Radar,53,45,60,31,189,0,5,95,1,101,53,50,155,32,290,108,8,116,406
12/21/2006,ABE,PA,AEA,EN,Combined TRACON& Tower with Radar,61,48,70,18,197,0,4,69,0,73,61,52,139,18,270,112,4,116,386
12/22/2006,ABE,PA,AEA,EN,Combined TRACON& Tower with Radar,55,48,67,6,176,0,7,44,0,51,55,55,111,6,227,27,0,27,254
12/23/2006,ABE,PA,AEA,EN,Combined TRACON& Tower with Radar,50,38,40,0,128,0,0,20,0,20,50,38,60,0,148,26,0,26,174
12/24/2006,ABE,PA,AEA,EN,Combined TRACON& Tower with Radar,35,20,27,0,82,0,5,27,0,32,35,25,54,0,114,30,0,30,144
12/25/2006,ABE,PA,AEA,EN,Combined TRACON& Tower with Radar,22,27,13,0,62,0,6,9,0,15,22,33,22,0,77,4,0,4,81
12/26/2006,ABE,PA,AEA,EN,Combined TRACON& Tower with Radar,45,39,45,0,129,0,1,11,0,12,45,40,56,0,141,14,0,14,155
12/27/2006,ABE,PA,AEA,EN,Combined TRACON& Tower with Radar,51,44,36,9,140,0,1,39,0,40,51,45,75,9,180,66,0,66,246
12/28/2006,ABE,PA,AEA,EN,Combined TRACON& Tower with Radar,51,51,48,24,174,0,1,88,1,90,51,52,136,25,264,128,18,146,410
12/29/2006,ABE,PA,AEA,EN,Combined TRACON& Tower with Radar,45,41,46,0,132,0,2,112,0,114,45,43,158,0,246,94,0,94,340
12/30/2006,ABE,PA,AEA,EN,Combined TRACON& Tower with Radar,52,33,77,0,162,0,2,45,0,47,52,35,122,0,209,144,0,144,353
12/31/2006,ABE,PA,AEA,EN,Combined TRACON& Tower with Radar,29,22,35,0,86,0,1,64,0,65,29,23,99,0,151,116,0,116,267
01/02/2007,ABE,PA,AEA,EN,Combined TRACON& Tower with Radar,49,48,34,0,131,0,3,33,0,36,49,51,67,0,167,72,0,72,239
01/03/2007,ABE,PA,AEA,EN,Combined TRACON& Tower with Radar,53,42,39,1,135,0,4,73,0,77,53,46,112,1,212,110,0,110,322
01/04/2007,ABE,PA,AEA,EN,Combined TRACON& Tower with Radar,51,49,51,9,160,0,1,85,1,87,51,50,136,10,247,141,0,141,388
01/05/2007,ABE,PA,AEA,EN,Combined TRACON& Tower with Radar,49,57,67,0,173,0,2,14,0,16,49,59,81,0,189,22,0,22,211
01/06/2007,ABE,PA,AEA,EN,Combined TRACON& Tower with Radar,40,44,59,0,143,0,2,48,0,50,40,46,107,0,193,56,0,56,249
01/07/2007,ABE,PA,AEA,EN,Combined TRACON& Tower with Radar,43,22,79,0,144,0,0,135,0,135,43,22,214,0,279,114,0,114,393
01/08/2007,ABE,PA,AEA,EN,Combined TRACON& Tower with Radar,38,44,26,0,108,0,1,7,0,8,38,45,33,0,116,6,0,6,122
01/09/2007,ABE,PA,AEA,EN,Combined TRACON& Tower with Radar,58,43,44,2,147,0,4,53,2,59,58,47,97,4,206,106,0,106,312
01/10/2007,ABE,PA,AEA,EN,Combined TRACON& Tower with Radar,44,47,47,2,140,0,2,36,0,38,44,49,83,2,178,62,0,62,240
01/11/2007,ABE,PA,AEA,EN,Combined TRACON& Tower with Radar,57,39,86,0,182,0,1,114,0,115,57,40,200,0,297,114,0,114,411
01/12/2007,ABE,PA,AEA,EN,Combined TRACON& Tower with Radar,43,55,69,9,176,0,0,72,0,72,43,55,141,9,248,178,6,184,432
01/13/2007,ABE,PA,AEA,EN,Combined TRACON& Tower with Radar,42,31,99,0,172,0,1,29,0,30,42,32,128,0,202,100,0,100,302
01/14/2007,ABE,PA,AEA,EN,Combined TRACON& Tower with Radar,36,21,35,0,92,0,0,0,0,0,36,21,35,0,92,0,0,0,92
01/15/2007,ABE,PA,AEA,EN,Combined TRACON& Tower with Radar,25,38,26,0,89,0,0,0,0,0,25,38,26,0,89,0,0,0,89
01/16/2007,ABE,PA,AEA,EN,Combined TRACON& Tower with Radar,51,42,38,8,139,0,1,28,2,31,51,43,66,10,170,48,0,48,218
01/17/2007,ABE,PA,AEA,EN,Combined TRACON& Tower with Radar,53,41,59,13,166,0,1,64,0,65,53,42,123,13,231,94,0,94,325
01/18/2007,ABE,PA,AEA,EN,Combined TRACON& Tower with Radar,48,53,38,4,143,0,0,52,4,56,48,53,90,8,199,54,0,54,253
01/19/2007,ABE,PA,AEA,EN,Combined TRACON& Tower with Radar,46,48,22,0,116,0,1,15,0,16,46,49,37,0,132,4,0,4,136
01/20/2007,ABE,PA,AEA,EN,Combined TRACON& Tower with Radar,41,33,9,0,83,0,4,12,0,16,41,37,21,0,99,4,0,4,103
01/21/2007,ABE,PA,AEA,EN,Combined TRACON& Tower with Radar,38,23,46,0,107,0,2,100,0,102,38,25,146,0,209,130,0,130,339
01/22/2007,ABE,PA,AEA,EN,Combined TRACON& Tower with Radar,48,37,24,0,109,0,0,3,0,3,48,37,27,0,112,4,0,4,116
01/23/2007,ABE,PA,AEA,EN,Combined TRACON& Tower with Radar,45,48,52,0,145,0,0,51,0,51,45,48,103,0,196,54,0,54,250
01/24/2007,ABE,PA,AEA,EN,Combined TRACON& Tower with Radar,44,47,64,0,155,0,2,87,0,89,44,49,151,0,244,24,0,24,268
01/25/2007,ABE,PA,AEA,EN,Combined TRACON& Tower with Radar,62,51,35,19,167,0,2,23,0,25,62,53,58,19,192,12,2,14,206
01/26/2007,ABE,PA,AEA,EN,Combined TRACON& Tower with Radar,48,38,47,0,133,0,0,45,0,45,48,38,92,0,178,40,0,40,218
01/27/2007,ABE,PA,AEA,EN,Combined TRACON& Tower with Radar,35,37,41,0,113,0,3,68,0,71,35,40,109,0,184,140,0,140,324
01/28/2007,ABE,PA,AEA,EN,Combined TRACON& Tower with Radar,33,23,55,0,111,0,1,55,0,56,33,24,110,0,167,202,0,202,369
01/29/2007,ABE,PA,AEA,EN,Combined TRACON& Tower with Radar,38,40,23,4,105,0,1,16,3,20,38,41,39,7,125,46,0,46,171
01/30/2007,ABE,PA,AEA,EN,Combined TRACON& Tower with Radar,47,49,56,9,161,0,0,37,7,44,47,49,93,16,205,108,6,114,319
01/31/2007,ABE,PA,AEA,EN,Combined TRACON& Tower with Radar,41,48,58,1,148,0,0,65,0,65,41,48,123,1,213,110,0,110,323
02/01/2007,ABE,PA,AEA,EN,Combined TRACON& Tower with Radar,54,53,64,34,205,0,3,66,4,73,54,56,130,38,278,212,18,230,508
02/02/2007,ABE,PA,AEA,EN,Combined TRACON& Tower with Radar,48,50,35,0,133,0,6,21,0,27,48,56,56,0,160,74,0,74,234
02/03/2007,ABE,PA,AEA,EN,Combined TRACON& Tower with Radar,42,37,39,0,118,0,1,59,0,60,42,38,98,0,178,42,0,42,220
02/04/2007,ABE,PA,AEA,EN,Combined TRACON& Tower with Radar,44,20,18,0,82,0,3,24,0,27,44,23,42,0,109,56,0,56,165
02/05/2007,ABE,PA,AEA,EN,Combined TRACON& Tower with Radar,43,44,31,0,118,0,1,35,0,36,43,45,66,0,154,24,0,24,178
02/06/2007,ABE,PA,AEA,EN,Combined TRACON& Tower with Radar,47,45,47,0,139,0,2,62,0,64,47,47,109,0,203,44,0,44,247
02/07/2007,ABE,PA,AEA,EN,Combined TRACON& Tower with Radar,43,45,54,5,147,0,1,40,0,41,43,46,94,5,188,28,0,28,216
02/08/2007,ABE,PA,AEA,EN,Combined TRACON& Tower with Radar,50,47,45,2,144,0,4,55,1,60,50,51,100,3,204,78,0,78,282
02/09/2007,ABE,PA,AEA,EN,Combined TRACON& Tower with Radar,47,55,28,0,130,0,2,38,0,40,47,57,66,0,170,4,0,4,174
02/10/2007,ABE,PA,AEA,EN,Combined TRACON& Tower with Radar,39,39,35,0,113,0,4,66,0,70,39,43,101,0,183,138,0,138,321
02/11/2007,ABE,PA,AEA,EN,Combined TRACON& Tower with Radar,37,25,74,0,136,0,4,127,2,133,37,29,201,2,269,52,0,52,321
02/12/2007,ABE,PA,AEA,EN,Combined TRACON& Tower with Radar,40,48,27,0,115,0,0,46,0,46,40,48,73,0,161,32,0,32,193
02/13/2007,ABE,PA,AEA,EN,Combined TRACON& Tower with Radar,47,46,27,1,121,0,2,15,0,17,47,48,42,1,138,36,0,36,174
02/14/2007,ABE,PA,AEA,EN,Combined TRACON& Tower with Radar,16,7,3,0,26,0,0,0,0,0,16,7,3,0,26,0,0,0,26
02/15/2007,ABE,PA,AEA,EN,Combined TRACON& Tower with Radar,48,44,29,0,121,0,5,23,0,28,48,49,52,0,149,12,0,12,161
02/16/2007,ABE,PA,AEA,EN,Combined TRACON& Tower with Radar,49,61,27,0,137,0,2,42,0,44,49,63,69,0,181,92,0,92,273
02/17/2007,ABE,PA,AEA,EN,Combined TRACON& Tower with Radar,39,32,53,0,124,0,1,106,0,107,39,33,159,0,231,148,0,148,379
02/18/2007,ABE,PA,AEA,EN,Combined TRACON& Tower with Radar,37,25,21,0,83,0,4,31,0,35,37,29,52,0,118,62,0,62,180
02/19/2007,ABE,PA,AEA,EN,Combined TRACON& Tower with Radar,42,40,17,0,99,0,2,35,0,37,42,42,52,0,136,35,0,35,171
02/20/2007,ABE,PA,AEA,EN,Combined TRACON& Tower with Radar,51,48,45,2,146,0,1,78,0,79,51,49,123,2,225,144,0,144,369
02/21/2007,ABE,PA,AEA,EN,Combined TRACON& Tower with Radar,45,46,79,15,185,0,1,121,1,123,45,47,200,16,308,100,0,100,408
02/22/2007,ABE,PA,AEA,EN,Combined TRACON& Tower with Radar,50,48,32,3,133,0,1,31,0,32,50,49,63,3,165,62,0,62,227
02/23/2007,ABE,PA,AEA,EN,Combined TRACON& Tower with Radar,46,55,33,0,134,0,0,15,0,15,46,55,48,0,149,2,0,2,151
02/24/2007,ABE,PA,AEA,EN,Combined TRACON& Tower with Radar,36,40,55,0,131,0,4,64,0,68,36,44,119,0,199,106,0,106,305
02/25/2007,ABE,PA,AEA,EN,Combined TRACON& Tower with Radar,35,20,27,2,84,0,3,45,0,48,35,23,72,2,132,86,0,86,218
02/26/2007,ABE,PA,AEA,EN,Combined TRACON& Tower with Radar,101,38,18,0,157,0,3,1,0,4,101,41,19,0,161,0,0,0,161
02/27/2007,ABE,PA,AEA,EN,Combined TRACON& Tower with Radar,44,46,53,0,143,0,2,25,0,27,44,48,78,0,170,38,0,38,208
02/28/2007,ABE,PA,AEA,EN,Combined TRACON& Tower with Radar,49,50,85,11,195,0,5,110,0,115,49,55,195,11,310,98,0,98,408
03/01/2007,ABE,PA,AEA,EN,Combined TRACON& Tower with Radar,52,47,62,3,164,0,3,109,0,112,52,50,171,3,276,124,0,124,400
03/02/2007,ABE,PA,AEA,EN,Combined TRACON& Tower with Radar,45,44,54,0,143,0,0,41,0,41,45,44,95,0,184,36,0,36,220
03/03/2007,ABE,PA,AEA,EN,Combined TRACON& Tower with Radar,53,24,65,9,151,0,3,74,0,77,53,27,139,9,228,156,6,162,390
03/04/2007,ABE,PA,AEA,EN,Combined TRACON& Tower with Radar,41,24,24,0,89,0,2,34,0,36,41,26,58,0,125,10,0,10,135
03/05/2007,ABE,PA,AEA,EN,Combined TRACON& Tower with Radar,40,32,16,0,88,0,0,17,0,17,40,32,33,0,105,6,0,6,111
03/06/2007,ABE,PA,AEA,EN,Combined TRACON& Tower with Radar,55,41,27,3,126,0,1,23,0,24,55,42,50,3,150,8,6,14,164
03/07/2007,ABE,PA,AEA,EN,Combined TRACON& Tower with Radar,44,36,62,0,142,0,0,17,0,17,44,36,79,0,159,55,0,55,214
03/08/2007,ABE,PA,AEA,EN,Combined TRACON& Tower with Radar,50,9,46,4,109,0,30,70,0,100,50,39,116,4,209,94,4,98,307
03/09/2007,ABE,PA,AEA,EN,Combined TRACON& Tower with Radar,48,45,56,3,152,0,2,110,0,112,48,47,166,3,264,102,0,102,366
03/10/2007,ABE,PA,AEA,EN,Combined TRACON& Tower with Radar,43,24,90,9,166,0,2,22,0,24,43,26,112,9,190,70,0,70,260
03/11/2007,ABE,PA,AEA,EN,Combined TRACON& Tower with Radar,39,27,64,0,130,0,1,64,0,65,39,28,128,0,195,94,0,94,289
03/12/2007,ABE,PA,AEA,EN,Combined TRACON& Tower with Radar,41,33,47,9,130,0,1,89,0,90,41,34,136,9,220,118,12,130,350
03/13/2007,ABE,PA,AEA,EN,Combined TRACON& Tower with Radar,56,37,90,0,183,0,2,123,0,125,56,39,213,0,308,144,2,146,454
03/14/2007,ABE,PA,AEA,EN,Combined TRACON& Tower with Radar,44,45,55,0,144,0,0,71,0,71,44,45,126,0,215,186,6,192,407
03/15/2007,ABE,PA,AEA,EN,Combined TRACON& Tower with Radar,55,48,64,0,167,0,1,12,0,13,55,49,76,0,180,98,0,98,278
03/16/2007,ABE,PA,AEA,EN,Combined TRACON& Tower with Radar,47,25,19,0,91,0,0,0,0,0,47,25,19,0,91,0,0,0,91
03/17/2007,ABE,PA,AEA,EN,Combined TRACON& Tower with Radar,34,18,20,5,77,0,2,6,0,8,34,20,26,5,85,96,0,96,181
03/18/2007,ABE,PA,AEA,EN,Combined TRACON& Tower with Radar,33,30,23,0,86,0,4,20,0,24,33,34,43,0,110,110,0,110,220
03/19/2007,ABE,PA,AEA,EN,Combined TRACON& Tower with Radar,38,39,35,0,112,0,0,44,9,53,38,39,79,9,165,72,0,72,237
03/20/2007,ABE,PA,AEA,EN,Combined TRACON& Tower with Radar,39,40,37,4,120,0,0,70,5,75,39,40,107,9,195,82,0,82,277
03/21/2007,ABE,PA,AEA,EN,Combined TRACON& Tower with Radar,45,34,66,3,148,0,1,113,0,114,45,35,179,3,262,166,0,166,428
03/22/2007,ABE,PA,AEA,EN,Combined TRACON& Tower with Radar,59,38,50,4,151,0,0,53,0,53,59,38,103,4,204,174,2,176,380
03/23/2007,ABE,PA,AEA,EN,Combined TRACON& Tower with Radar,49,44,82,2,177,0,0,17,0,17,49,44,99,2,194,123,0,123,317
03/24/2007,ABE,PA,AEA,EN,Combined TRACON& Tower with Radar,42,27,72,0,141,0,2,70,0,72,42,29,142,0,213,162,0,162,375
03/25/2007,ABE,PA,AEA,EN,Combined TRACON& Tower with Radar,35,21,83,0,139,0,1,100,0,101,35,22,183,0,240,186,0,186,426
03/26/2007,ABE,PA,AEA,EN,Combined TRACON& Tower with Radar,33,37,57,0,127,0,1,85,0,86,33,38,142,0,213,110,0,110,323
03/27/2007,ABE,PA,AEA,EN,Combined TRACON& Tower with Radar,46,38,72,5,161,0,1,117,0,118,46,39,189,5,279,206,1,207,486
03/28/2007,ABE,PA,AEA,EN,Combined TRACON& Tower with Radar,45,41,80,0,166,0,1,108,0,109,45,42,188,0,275,207,0,207,482
03/29/2007,ABE,PA,AEA,EN,Combined TRACON& Tower with Radar,55,41,65,5,166,0,5,81,0,86,55,46,146,5,252,126,0,126,378
03/30/2007,ABE,PA,AEA,EN,Combined TRACON& Tower with Radar,52,44,68,0,164,0,2,142,0,144,52,46,210,0,308,113,0,113,421
03/31/2007,ABE,PA,AEA,EN,Combined TRACON& Tower with Radar,40,28,51,0,119,0,3,147,0,150,40,31,198,0,269,190,0,190,459
04/01/2007,ABE,PA,AEA,EN,Combined TRACON& Tower with Radar,38,27,69,0,134,0,1,39,0,40,38,28,108,0,174,152,0,152,326
04/02/2007,ABE,PA,AEA,EN,Combined TRACON& Tower with Radar,44,37,34,6,121,0,3,39,1,43,44,40,73,7,164,50,4,54,218
04/03/2007,ABE,PA,AEA,EN,Combined TRACON& Tower with Radar,51,39,56,14,160,0,3,84,0,87,51,42,140,14,247,142,16,158,405
04/04/2007,ABE,PA,AEA,EN,Combined TRACON& Tower with Radar,48,43,58,0,149,0,0,2,0,2,48,43,60,0,151,20,1,21,172
04/05/2007,ABE,PA,AEA,EN,Combined TRACON& Tower with Radar,52,51,32,0,135,0,1,32,0,33,52,52,64,0,168,88,0,88,256
04/06/2007,ABE,PA,AEA,EN,Combined TRACON& Tower with Radar,44,43,44,1,132,0,4,46,2,52,44,47,90,3,184,68,14,82,266
04/07/2007,ABE,PA,AEA,EN,Combined TRACON& Tower with Radar,41,29,54,0,124,0,2,70,0,72,41,31,124,0,196,190,0,190,386
04/08/2007,ABE,PA,AEA,EN,Combined TRACON& Tower with Radar,40,21,25,0,86,0,0,3,0,3,40,21,28,0,89,4,0,4,93
04/09/2007,ABE,PA,AEA,EN,Combined TRACON& Tower with Radar,44,46,36,7,133,0,0,82,0,82,44,46,118,7,215,158,0,158,373
04/10/2007,ABE,PA,AEA,EN,Combined TRACON& Tower with Radar,50,42,51,0,143,0,0,78,0,78,50,42,129,0,221,132,2,134,355
04/11/2007,ABE,PA,AEA,EN,Combined TRACON& Tower with Radar,47,39,93,0,179,0,0,127,0,127,47,39,220,0,306,208,0,208,514
04/12/2007,ABE,PA,AEA,EN,Combined TRACON& Tower with Radar,51,50,38,0,139,0,1,2,0,3,51,51,40,0,142,9,0,9,151
04/13/2007,ABE,PA,AEA,EN,Combined TRACON& Tower with Radar,60,50,36,0,146,0,2,27,0,29,60,52,63,0,175,28,0,28,203
04/14/2007,ABE,PA,AEA,EN,Combined TRACON& Tower with Radar,43,37,39,0,119,0,1,93,0,94,43,38,132,0,213,210,0,210,423
04/15/2007,ABE,PA,AEA,EN,Combined TRACON& Tower with Radar,39,25,13,0,77,0,1,8,0,9,39,26,21,0,86,2,0,2,88
04/16/2007,ABE,PA,AEA,EN,Combined TRACON& Tower with Radar,37,39,14,0,90,0,0,0,0,0,37,39,14,0,90,0,0,0,90
04/17/2007,ABE,PA,AEA,EN,Combined TRACON& Tower with Radar,49,47,36,10,142,0,3,10,0,13,49,50,46,10,155,20,0,20,175
04/18/2007,ABE,PA,AEA,EN,Combined TRACON& Tower with Radar,53,46,34,10,143,0,1,47,0,48,53,47,81,10,191,142,0,142,333
04/19/2007,ABE,PA,AEA,EN,Combined TRACON& Tower with Radar,51,54,61,5,171,0,0,52,0,52,51,54,113,5,223,182,12,194,417
04/20/2007,ABE,PA,AEA,EN,Combined TRACON& Tower with Radar,54,41,63,10,168,0,1,114,0,115,54,42,177,10,283,206,7,213,496
04/21/2007,ABE,PA,AEA,EN,Combined TRACON& Tower with Radar,41,32,58,0,131,0,5,135,0,140,41,37,193,0,271,240,0,240,511
04/22/2007,ABE,PA,AEA,EN,Combined TRACON& Tower with Radar,38,31,47,1,117,0,1,120,2,123,38,32,167,3,240,188,10,198,438
04/23/2007,ABE,PA,AEA,EN,Combined TRACON& Tower with Radar,44,41,49,5,139,0,1,77,0,78,44,42,126,5,217,196,0,196,413
04/24/2007,ABE,PA,AEA,EN,Combined TRACON& Tower with Radar,49,39,55,0,143,0,0,65,0,65,49,39,120,0,208,60,0,60,268
04/25/2007,ABE,PA,AEA,EN,Combined TRACON& Tower with Radar,47,35,36,6,124,0,4,44,2,50,47,39,80,8,174,36,0,36,210
04/26/2007,ABE,PA,AEA,EN,Combined TRACON& Tower with Radar,60,47,79,4,190,0,2,51,1,54,60,49,130,5,244,94,6,100,344
04/27/2007,ABE,PA,AEA,EN,Combined TRACON& Tower with Radar,55,41,54,0,150,0,0,3,0,3,55,41,57,0,153,12,0,12,165
04/28/2007,ABE,PA,AEA,EN,Combined TRACON& Tower with Radar,38,40,51,0,129,0,0,77,0,77,38,40,128,0,206,104,0,104,310
04/29/2007,ABE,PA,AEA,EN,Combined TRACON& Tower with Radar,38,25,54,0,117,0,1,52,0,53,38,26,106,0,170,166,0,166,336
04/30/2007,ABE,PA,AEA,EN,Combined TRACON& Tower with Radar,44,41,39,10,134,0,6,57,0,63,44,47,96,10,197,82,2,84,281
05/01/2007,ABE,PA,AEA,EN,Combined TRACON& Tower with Radar,47,31,48,0,126,0,2,78,0,80,47,33,126,0,206,96,0,96,302
05/02/2007,ABE,PA,AEA,EN,Combined TRACON& Tower with Radar,55,27,83,20,185,0,0,65,2,67,55,27,148,22,252,124,0,124,376
05/03/2007,ABE,PA,AEA,EN,Combined TRACON& Tower with Radar,60,40,58,2,160,0,1,139,4,144,60,41,197,6,304,172,0,172,476
05/04/2007,ABE,PA,AEA,EN,Combined TRACON& Tower with Radar,48,35,70,0,153,0,1,162,0,163,48,36,232,0,316,170,0,170,486
05/05/2007,ABE,PA,AEA,EN,Combined TRACON& Tower with Radar,46,20,70,0,136,0,3,150,0,153,46,23,220,0,289,120,0,120,409
05/06/2007,ABE,PA,AEA,EN,Combined TRACON& Tower with Radar,36,33,24,0,93,0,7,64,0,71,36,40,88,0,164,90,1,91,255
05/07/2007,ABE,PA,AEA,EN,Combined TRACON& Tower with Radar,39,35,55,0,129,0,3,111,0,114,39,38,166,0,243,146,2,148,391
05/08/2007,ABE,PA,AEA,EN,Combined TRACON& Tower with Radar,50,32,73,0,155,0,3,153,0,156,50,35,226,0,311,146,0,146,457
05/09/2007,ABE,PA,AEA,EN,Combined TRACON& Tower with Radar,59,38,71,0,168,0,5,92,0,97,59,43,163,0,265,171,0,171,436
05/10/2007,ABE,PA,AEA,EN,Combined TRACON& Tower with Radar,55,41,123,3,222,0,0,36,0,36,55,41,159,3,258,42,0,42,300
05/11/2007,ABE,PA,AEA,EN,Combined TRACON& Tower with Radar,57,38,55,2,152,0,1,42,0,43,57,39,97,2,195,164,0,164,359
05/12/2007,ABE,PA,AEA,EN,Combined TRACON& Tower with Radar,41,26,62,2,131,0,8,109,0,117,41,34,171,2,248,108,0,108,356
05/13/2007,ABE,PA,AEA,EN,Combined TRACON& Tower with Radar,34,27,27,0,88,0,2,67,0,69,34,29,94,0,157,148,0,148,305
05/14/2007,ABE,PA,AEA,EN,Combined TRACON& Tower with Radar,43,39,69,5,156,0,1,122,4,127,43,40,191,9,283,154,0,154,437
05/15/2007,ABE,PA,AEA,EN,Combined TRACON& Tower with Radar,43,36,72,6,157,0,2,115,1,118,43,38,187,7,275,74,0,74,349
05/16/2007,ABE,PA,AEA,EN,Combined TRACON& Tower with Radar,58,29,73,21,181,0,0,34,3,37,58,29,107,24,218,42,0,42,260
05/17/2007,ABE,PA,AEA,EN,Combined TRACON& Tower with Radar,59,41,94,5,199,0,1,107,0,108,59,42,201,5,307,252,32,284,591
05/18/2007,ABE,PA,AEA,EN,Combined TRACON& Tower with Radar,60,39,107,2,208,0,2,29,0,31,60,41,136,2,239,68,0,68,307
05/19/2007,ABE,PA,AEA,EN,Combined TRACON& Tower with Radar,40,23,39,0,102,0,1,71,0,72,40,24,110,0,174,178,0,178,352
05/20/2007,ABE,PA,AEA,EN,Combined TRACON& Tower with Radar,40,36,47,1,124,0,1,55,3,59,40,37,102,4,183,104,0,104,287
05/21/2007,ABE,PA,AEA,EN,Combined TRACON& Tower with Radar,45,38,47,0,130,0,1,97,0,98,45,39,144,0,228,88,0,88,316
05/22/2007,ABE,PA,AEA,EN,Combined TRACON& Tower with Radar,47,43,67,0,157,0,2,142,0,144,47,45,209,0,301,137,0,137,438
05/23/2007,ABE,PA,AEA,EN,Combined TRACON& Tower with Radar,49,31,65,6,151,0,4,114,3,121,49,35,179,9,272,180,5,185,457
05/24/2007,ABE,PA,AEA,EN,Combined TRACON& Tower with Radar,58,37,74,0,169,0,1,158,0,159,58,38,232,0,328,208,2,210,538
05/25/2007,ABE,PA,AEA,EN,Combined TRACON& Tower with Radar,51,33,63,2,149,0,5,121,0,126,51,38,184,2,275,202,0,202,477
05/26/2007,ABE,PA,AEA,EN,Combined TRACON& Tower with Radar,39,27,63,0,129,0,2,97,0,99,39,29,160,0,228,180,0,180,408
05/27/2007,ABE,PA,AEA,EN,Combined TRACON& Tower with Radar,25,27,34,0,86,0,0,45,0,45,25,27,79,0,131,38,0,38,169
05/28/2007,ABE,PA,AEA,EN,Combined TRACON& Tower with Radar,30,34,42,0,106,0,2,55,0,57,30,36,97,0,163,56,0,56,219
05/29/2007,ABE,PA,AEA,EN,Combined TRACON& Tower with Radar,46,33,74,0,153,0,1,125,0,126,46,34,199,0,279,155,0,155,434
05/30/2007,ABE,PA,AEA,EN,Combined TRACON& Tower with Radar,50,29,57,0,136,0,5,97,0,102,50,34,154,0,238,152,1,153,391
05/31/2007,ABE,PA,AEA,EN,Combined TRACON& Tower with Radar,60,32,54,1,147,0,1,88,1,90,60,33,142,2,237,166,0,166,403
06/01/2007,ABE,PA,AEA,EN,Combined TRACON& Tower with Radar,48,38,44,1,131,0,4,42,2,48,48,42,86,3,179,180,0,180,359
06/02/2007,ABE,PA,AEA,EN,Combined TRACON& Tower with Radar,0,0,63,0,63,46,23,48,0,117,46,23,111,0,180,38,0,38,218
06/03/2007,ABE,PA,AEA,EN,Combined TRACON& Tower with Radar,31,33,53,0,117,0,1,21,0,22,31,34,74,0,139,132,0,132,271
06/04/2007,ABE,PA,AEA,EN,Combined TRACON& Tower with Radar,46,34,56,0,136,0,0,7,0,7,46,34,63,0,143,2,0,2,145
06/05/2007,ABE,PA,AEA,EN,Combined TRACON& Tower with Radar,51,35,73,5,164,0,1,53,0,54,51,36,126,5,218,128,4,132,350
06/06/2007,ABE,PA,AEA,EN,Combined TRACON& Tower with Radar,46,32,49,0,127,0,1,91,0,92,46,33,140,0,219,190,1,191,410
06/07/2007,ABE,PA,AEA,EN,Combined TRACON& Tower with Radar,47,38,89,3,177,0,1,155,0,156,47,39,244,3,333,228,4,232,565
06/08/2007,ABE,PA,AEA,EN,Combined TRACON& Tower with Radar,51,37,54,0,142,0,2,65,0,67,51,39,119,0,209,206,0,206,415
06/09/2007,ABE,PA,AEA,EN,Combined TRACON& Tower with Radar,53,23,72,0,148,0,2,104,0,106,53,25,176,0,254,134,0,134,388
06/10/2007,ABE,PA,AEA,EN,Combined TRACON& Tower with Radar,41,19,74,0,134,0,6,26,0,32,41,25,100,0,166,136,0,136,302
06/11/2007,ABE,PA,AEA,EN,Combined TRACON& Tower with Radar,51,31,62,0,144,0,0,34,0,34,51,31,96,0,178,188,0,188,366
06/12/2007,ABE,PA,AEA,EN,Combined TRACON& Tower with Radar,38,29,52,0,119,0,2,78,0,80,38,31,130,0,199,172,0,172,371
06/13/2007,ABE,PA,AEA,EN,Combined TRACON& Tower with Radar,43,31,38,0,112,0,2,29,0,31,43,33,67,0,143,84,0,84,227
06/14/2007,ABE,PA,AEA,EN,Combined TRACON& Tower with Radar,54,44,60,0,158,0,3,69,0,72,54,47,129,0,230,204,0,204,434
06/15/2007,ABE,PA,AEA,EN,Combined TRACON& Tower with Radar,56,35,68,0,159,0,1,91,0,92,56,36,159,0,251,150,1,151,402
06/16/2007,ABE,PA,AEA,EN,Combined TRACON& Tower with Radar,50,31,57,0,138,0,2,94,0,96,50,33,151,0,234,146,0,146,380
06/17/2007,ABE,PA,AEA,EN,Combined TRACON& Tower with Radar,38,31,29,0,98,0,2,94,0,96,38,33,123,0,194,201,0,201,395
06/18/2007,ABE,PA,AEA,EN,Combined TRACON& Tower with Radar,40,28,55,0,123,0,2,122,0,124,40,30,177,0,247,214,0,214,461
06/19/2007,ABE,PA,AEA,EN,Combined TRACON& Tower with Radar,44,33,76,13,166,0,3,89,0,92,44,36,165,13,258,138,21,159,417
06/20/2007,ABE,PA,AEA,EN,Combined TRACON& Tower with Radar,51,35,66,0,152,0,4,75,0,79,51,39,141,0,231,198,2,200,431
06/21/2007,ABE,PA,AEA,EN,Combined TRACON& Tower with Radar,50,54,45,1,150,0,0,89,1,90,50,54,134,2,240,210,0,210,450
06/22/2007,ABE,PA,AEA,EN,Combined TRACON& Tower with Radar,52,52,52,7,163,0,2,86,0,88,52,54,138,7,251,143,22,165,416
06/23/2007,ABE,PA,AEA,EN,Combined TRACON& Tower with Radar,49,23,64,1,137,0,0,119,0,119,49,23,183,1,256,180,0,180,436
06/24/2007,ABE,PA,AEA,EN,Combined TRACON& Tower with Radar,43,26,36,0,105,0,1,110,1,112,43,27,146,1,217,179,0,179,396
06/25/2007,ABE,PA,AEA,EN,Combined TRACON& Tower with Radar,42,28,96,11,177,0,0,33,0,33,42,28,129,11,210,78,0,78,288
06/26/2007,ABE,PA,AEA,EN,Combined TRACON& Tower with Radar,52,37,77,0,166,0,0,62,0,62,52,37,139,0,228,139,0,139,367
06/27/2007,ABE,PA,AEA,EN,Combined TRACON& Tower with Radar,48,34,50,2,134,0,0,41,3,44,48,34,91,5,178,122,10,132,310
06/28/2007,ABE,PA,AEA,EN,Combined TRACON& Tower with Radar,44,49,82,2,177,0,0,22,0,22,44,49,104,2,199,104,0,104,303
06/29/2007,ABE,PA,AEA,EN,Combined TRACON& Tower with Radar,49,55,66,15,185,0,2,90,0,92,49,57,156,15,277,202,10,212,489
06/30/2007,ABE,PA,AEA,EN,Combined TRACON& Tower with Radar,42,28,49,6,125,0,1,132,0,133,42,29,181,6,258,158,8,166,424
07/01/2007,ABE,PA,AEA,EN,Combined TRACON& Tower with Radar,42,20,53,0,115,0,2,109,0,111,42,22,162,0,226,184,0,184,410
07/02/2007,ABE,PA,AEA,EN,Combined TRACON& Tower with Radar,40,26,31,0,97,0,1,99,0,100,40,27,130,0,197,186,0,186,383
07/03/2007,ABE,PA,AEA,EN,Combined TRACON& Tower with Radar,48,31,47,14,140,0,1,118,1,120,48,32,165,15,260,214,22,236,496
07/04/2007,ABE,PA,AEA,EN,Combined TRACON& Tower with Radar,31,33,35,0,99,0,2,25,0,27,31,35,60,0,126,92,0,92,218
07/05/2007,ABE,PA,AEA,EN,Combined TRACON& Tower with Radar,42,33,53,0,128,0,1,12,0,13,42,34,65,0,141,27,0,27,168
07/06/2007,ABE,PA,AEA,EN,Combined TRACON& Tower with Radar,47,32,49,0,128,0,0,77,0,77,47,32,126,0,205,122,4,126,331
07/07/2007,ABE,PA,AEA,EN,Combined TRACON& Tower with Radar,44,17,55,0,116,0,2,114,0,116,44,19,169,0,232,246,0,246,478
07/08/2007,ABE,PA,AEA,EN,Combined TRACON& Tower with Radar,43,34,26,0,103,0,2,96,0,98,43,36,122,0,201,234,0,234,435
07/09/2007,ABE,PA,AEA,EN,Combined TRACON& Tower with Radar,39,42,73,1,155,0,5,90,0,95,39,47,163,1,250,116,10,126,376
07/10/2007,ABE,PA,AEA,EN,Combined TRACON& Tower with Radar,52,50,55,0,157,0,6,62,0,68,52,56,117,0,225,21,0,21,246
07/11/2007,ABE,PA,AEA,EN,Combined TRACON& Tower with Radar,57,33,45,1,136,0,1,11,1,13,57,34,56,2,149,92,22,114,263
07/12/2007,ABE,PA,AEA,EN,Combined TRACON& Tower with Radar,57,43,58,35,193,0,9,123,1,133,57,52,181,36,326,116,0,116,442
07/13/2007,ABE,PA,AEA,EN,Combined TRACON& Tower with Radar,58,36,42,0,136,0,1,104,0,105,58,37,146,0,241,184,2,186,427
07/14/2007,ABE,PA,AEA,EN,Combined TRACON& Tower with Radar,40,25,58,0,123,0,0,101,0,101,40,25,159,0,224,216,0,216,440
07/15/2007,ABE,PA,AEA,EN,Combined TRACON& Tower with Radar,41,20,40,0,101,0,3,86,0,89,41,23,126,0,190,140,1,141,331
07/16/2007,ABE,PA,AEA,EN,Combined TRACON& Tower with Radar,36,49,68,0,153,0,5,84,0,89,36,54,152,0,242,146,0,146,388
07/17/2007,ABE,PA,AEA,EN,Combined TRACON& Tower with Radar,50,39,61,1,151,0,1,96,3,100,50,40,157,4,251,162,0,162,413
07/18/2007,ABE,PA,AEA,EN,Combined TRACON& Tower with Radar,61,40,33,1,135,0,1,25,0,26,61,41,58,1,161,100,0,100,261
07/19/2007,ABE,PA,AEA,EN,Combined TRACON& Tower with Radar,73,62,75,0,210,0,0,42,0,42,73,62,117,0,252,163,0,163,415
07/20/2007,ABE,PA,AEA,EN,Combined TRACON& Tower with Radar,55,37,74,1,167,0,3,92,2,97,55,40,166,3,264,166,0,166,430
07/21/2007,ABE,PA,AEA,EN,Combined TRACON& Tower with Radar,32,30,91,0,153,0,3,132,10,145,32,33,223,10,298,304,0,304,602
07/22/2007,ABE,PA,AEA,EN,Combined TRACON& Tower with Radar,42,24,32,0,98,0,9,66,0,75,42,33,98,0,173,164,0,164,337
07/23/2007,ABE,PA,AEA,EN,Combined TRACON& Tower with Radar,44,44,64,5,157,0,1,25,0,26,44,45,89,5,183,19,0,19,202
07/24/2007,ABE,PA,AEA,EN,Combined TRACON& Tower with Radar,48,41,79,11,179,0,0,104,0,104,48,41,183,11,283,189,0,189,472
07/25/2007,ABE,PA,AEA,EN,Combined TRACON& Tower with Radar,46,44,63,0,153,0,0,84,0,84,46,44,147,0,237,174,0,174,411
07/26/2007,ABE,PA,AEA,EN,Combined TRACON& Tower with Radar,53,48,75,18,194,0,2,72,0,74,53,50,147,18,268,182,21,203,471
07/27/2007,ABE,PA,AEA,EN,Combined TRACON& Tower with Radar,48,34,36,0,118,0,0,35,0,35,48,34,71,0,153,138,0,138,291
07/28/2007,ABE,PA,AEA,EN,Combined TRACON& Tower with Radar,39,30,80,4,153,0,1,25,0,26,39,31,105,4,179,200,8,208,387
07/29/2007,ABE,PA,AEA,EN,Combined TRACON& Tower with Radar,51,25,44,0,120,0,0,7,0,7,51,25,51,0,127,10,0,10,137
07/30/2007,ABE,PA,AEA,EN,Combined TRACON& Tower with Radar,49,33,85,0,167,0,1,50,0,51,49,34,135,0,218,184,0,184,402
07/31/2007,ABE,PA,AEA,EN,Combined TRACON& Tower with Radar,51,36,82,0,169,0,0,109,0,109,51,36,191,0,278,176,0,176,454
08/01/2007,ABE,PA,AEA,EN,Combined TRACON& Tower with Radar,50,37,53,0,140,0,1,135,0,136,50,38,188,0,276,146,0,146,422
08/02/2007,ABE,PA,AEA,EN,Combined TRACON& Tower with Radar,57,42,83,3,185,0,4,107,3,114,57,46,190,6,299,214,10,224,523
08/03/2007,ABE,PA,AEA,EN,Combined TRACON& Tower with Radar,52,46,47,0,145,0,1,77,0,78,52,47,124,0,223,235,0,235,458
08/04/2007,ABE,PA,AEA,EN,Combined TRACON& Tower with Radar,48,38,45,0,131,0,1,76,1,78,48,39,121,1,209,198,4,202,411
08/05/2007,ABE,PA,AEA,EN,Combined TRACON& Tower with Radar,34,31,47,0,112,0,7,100,0,107,34,38,147,0,219,206,0,206,425
08/06/2007,ABE,PA,AEA,EN,Combined TRACON& Tower with Radar,46,38,86,0,170,0,0,16,0,16,46,38,102,0,186,124,0,124,310
08/07/2007,ABE,PA,AEA,EN,Combined TRACON& Tower with Radar,50,35,78,0,163,0,2,72,0,74,50,37,150,0,237,189,0,189,426
08/08/2007,ABE,PA,AEA,EN,Combined TRACON& Tower with Radar,49,41,41,1,132,0,3,43,0,46,49,44,84,1,178,108,1,109,287
08/09/2007,ABE,PA,AEA,EN,Combined TRACON& Tower with Radar,51,34,60,0,145,0,4,86,0,90,51,38,146,0,235,136,0,136,371
08/10/2007,ABE,PA,AEA,EN,Combined TRACON& Tower with Radar,54,43,58,0,155,0,0,8,0,8,54,43,66,0,163,44,0,44,207
08/11/2007,ABE,PA,AEA,EN,Combined TRACON& Tower with Radar,44,24,66,0,134,0,2,132,0,134,44,26,198,0,268,269,0,269,537
08/12/2007,ABE,PA,AEA,EN,Combined TRACON& Tower with Radar,35,27,54,0,116,0,1,104,0,105,35,28,158,0,221,158,0,158,379
08/13/2007,ABE,PA,AEA,EN,Combined TRACON& Tower with Radar,37,34,61,0,132,0,3,92,0,95,37,37,153,0,227,192,0,192,419
08/14/2007,ABE,PA,AEA,EN,Combined TRACON& Tower with Radar,57,33,71,0,161,0,1,118,0,119,57,34,189,0,280,212,0,212,492
08/15/2007,ABE,PA,AEA,EN,Combined TRACON& Tower with Radar,45,36,69,0,150,0,3,114,0,117,45,39,183,0,267,163,0,163,430
08/16/2007,ABE,PA,AEA,EN,Combined TRACON& Tower with Radar,49,37,54,1,141,0,1,77,0,78,49,38,131,1,219,182,0,182,401
08/17/2007,ABE,PA,AEA,EN,Combined TRACON& Tower with Radar,54,42,43,0,139,0,1,60,0,61,54,43,103,0,200,134,0,134,334
08/18/2007,ABE,PA,AEA,EN,Combined TRACON& Tower with Radar,48,37,59,0,144,0,1,113,0,114,48,38,172,0,258,172,0,172,430
08/19/2007,ABE,PA,AEA,EN,Combined TRACON& Tower with Radar,39,33,69,0,141,0,0,73,0,73,39,33,142,0,214,152,0,152,366
08/20/2007,ABE,PA,AEA,EN,Combined TRACON& Tower with Radar,38,38,90,0,166,0,0,2,0,2,38,38,92,0,168,37,0,37,205
08/21/2007,ABE,PA,AEA,EN,Combined TRACON& Tower with Radar,46,48,82,7,183,0,0,0,0,0,46,48,82,7,183,9,0,9,192
08/22/2007,ABE,PA,AEA,EN,Combined TRACON& Tower with Radar,48,36,129,0,213,0,0,2,0,2,48,36,131,0,215,18,0,18,233
08/23/2007,ABE,PA,AEA,EN,Combined TRACON& Tower with Radar,49,37,153,3,242,0,0,12,0,12,49,37,165,3,254,172,0,172,426
08/24/2007,ABE,PA,AEA,EN,Combined TRACON& Tower with Radar,54,40,85,11,190,0,3,13,0,16,54,43,98,11,206,68,0,68,274
08/25/2007,ABE,PA,AEA,EN,Combined TRACON& Tower with Radar,37,24,88,0,149,0,1,63,0,64,37,25,151,0,213,156,0,156,369
08/26/2007,ABE,PA,AEA,EN,Combined TRACON& Tower with Radar,35,33,74,0,142,0,0,81,0,81,35,33,155,0,223,152,0,152,375
08/27/2007,ABE,PA,AEA,EN,Combined TRACON& Tower with Radar,42,29,45,0,116,0,1,94,0,95,42,30,139,0,211,224,0,224,435
08/28/2007,ABE,PA,AEA,EN,Combined TRACON& Tower with Radar,54,44,96,0,194,0,2,128,1,131,54,46,224,1,325,172,0,172,497
08/29/2007,ABE,PA,AEA,EN,Combined TRACON& Tower with Radar,48,38,69,20,175,0,6,126,0,132,48,44,195,20,307,220,10,230,537
08/30/2007,ABE,PA,AEA,EN,Combined TRACON& Tower with Radar,51,43,64,0,158,0,4,89,0,93,51,47,153,0,251,154,0,154,405
08/31/2007,ABE,PA,AEA,EN,Combined TRACON& Tower with Radar,58,35,87,0,180,0,2,62,0,64,58,37,149,0,244,202,0,202,446
09/01/2007,ABE,PA,AEA,EN,Combined TRACON& Tower with Radar,27,25,62,0,114,0,5,131,0,136,27,30,193,0,250,195,0,195,445
09/02/2007,ABE,PA,AEA,EN,Combined TRACON& Tower with Radar,27,25,50,0,102,0,1,139,0,140,27,26,189,0,242,155,0,155,397
09/03/2007,ABE,PA,AEA,EN,Combined TRACON& Tower with Radar,34,26,62,0,122,0,1,141,0,142,34,27,203,0,264,182,0,182,446
09/04/2007,ABE,PA,AEA,EN,Combined TRACON& Tower with Radar,39,35,41,0,115,0,2,97,0,99,39,37,138,0,214,158,0,158,372
09/05/2007,ABE,PA,AEA,EN,Combined TRACON& Tower with Radar,59,29,70,4,162,0,7,80,1,88,59,36,150,5,250,208,0,208,458
09/06/2007,ABE,PA,AEA,EN,Combined TRACON& Tower with Radar,55,50,75,5,185,0,3,83,0,86,55,53,158,5,271,222,0,222,493
09/07/2007,ABE,PA,AEA,EN,Combined TRACON& Tower with Radar,61,41,86,6,194,0,2,102,3,107,61,43,188,9,301,348,0,348,649
09/08/2007,ABE,PA,AEA,EN,Combined TRACON& Tower with Radar,44,26,65,0,135,0,4,120,0,124,44,30,185,0,259,278,0,278,537
09/09/2007,ABE,PA,AEA,EN,Combined TRACON& Tower with Radar,34,24,61,0,119,0,1,116,0,117,34,25,177,0,236,151,0,151,387
09/10/2007,ABE,PA,AEA,EN,Combined TRACON& Tower with Radar,47,29,37,0,113,0,0,38,0,38,47,29,75,0,151,170,0,170,321
09/11/2007,ABE,PA,AEA,EN,Combined TRACON& Tower with Radar,56,38,84,0,178,0,0,6,0,6,56,38,90,0,184,60,0,60,244
09/12/2007,ABE,PA,AEA,EN,Combined TRACON& Tower with Radar,50,26,44,0,120,0,2,85,0,87,50,28,129,0,207,190,0,190,397
09/13/2007,ABE,PA,AEA,EN,Combined TRACON& Tower with Radar,43,49,83,2,177,0,0,134,0,134,43,49,217,2,311,171,0,171,482
09/14/2007,ABE,PA,AEA,EN,Combined TRACON& Tower with Radar,46,37,85,0,168,0,2,76,0,78,46,39,161,0,246,114,0,114,360
09/15/2007,ABE,PA,AEA,EN,Combined TRACON& Tower with Radar,37,21,41,0,99,0,4,36,0,40,37,25,77,0,139,78,0,78,217
09/16/2007,ABE,PA,AEA,EN,Combined TRACON& Tower with Radar,33,28,66,0,127,0,2,126,0,128,33,30,192,0,255,162,0,162,417
09/17/2007,ABE,PA,AEA,EN,Combined TRACON& Tower with Radar,44,36,33,0,113,0,4,88,0,92,44,40,121,0,205,242,0,242,447
09/18/2007,ABE,PA,AEA,EN,Combined TRACON& Tower with Radar,49,32,40,3,124,0,3,100,0,103,49,35,140,3,227,194,0,194,421
09/19/2007,ABE,PA,AEA,EN,Combined TRACON& Tower with Radar,51,35,50,0,136,0,2,81,0,83,51,37,131,0,219,146,0,146,365
09/20/2007,ABE,PA,AEA,EN,Combined TRACON& Tower with Radar,48,43,68,0,159,0,1,91,0,92,48,44,159,0,251,148,0,148,399
09/21/2007,ABE,PA,AEA,EN,Combined TRACON& Tower with Radar,58,29,71,12,170,0,1,87,1,89,58,30,158,13,259,142,0,142,401
09/22/2007,ABE,PA,AEA,EN,Combined TRACON& Tower with Radar,44,22,128,0,194,0,1,21,0,22,44,23,149,0,216,36,0,36,252
09/23/2007,ABE,PA,AEA,EN,Combined TRACON& Tower with Radar,40,29,35,0,104,0,0,106,0,106,40,29,141,0,210,178,0,178,388
09/24/2007,ABE,PA,AEA,EN,Combined TRACON& Tower with Radar,41,30,40,0,111,0,1,82,0,83,41,31,122,0,194,68,0,68,262
09/25/2007,ABE,PA,AEA,EN,Combined TRACON& Tower with Radar,58,53,69,0,180,0,3,112,0,115,58,56,181,0,295,156,0,156,451
09/26/2007,ABE,PA,AEA,EN,Combined TRACON& Tower with Radar,55,29,66,0,150,0,1,85,0,86,55,30,151,0,236,206,2,208,444
09/27/2007,ABE,PA,AEA,EN,Combined TRACON& Tower with Radar,49,51,65,2,167,0,3,52,6,61,49,54,117,8,228,216,8,224,452
09/28/2007,ABE,PA,AEA,EN,Combined TRACON& Tower with Radar,50,47,71,0,168,0,0,47,0,47,50,47,118,0,215,97,0,97,312
09/29/2007,ABE,PA,AEA,EN,Combined TRACON& Tower with Radar,38,29,34,1,102,0,1,91,2,94,38,30,125,3,196,150,0,150,346
09/30/2007,ABE,PA,AEA,EN,Combined TRACON& Tower with Radar,36,31,42,0,109,0,0,93,0,93,36,31,135,0,202,222,0,222,424
10/01/2007,ABE,PA,AEA,EN,Combined TRACON& Tower with Radar,45,31,72,1,149,0,2,88,1,91,45,33,160,2,240,184,0,184,424
10/02/2007,ABE,PA,AEA,EN,Combined TRACON& Tower with Radar,55,38,88,2,183,0,0,88,3,91,55,38,176,5,274,112,0,112,386
10/03/2007,ABE,PA,AEA,EN,Combined TRACON& Tower with Radar,44,43,79,0,166,0,4,58,0,62,44,47,137,0,228,102,0,102,330
10/04/2007,ABE,PA,AEA,EN,Combined TRACON& Tower with Radar,59,46,53,3,161,0,1,45,2,48,59,47,98,5,209,140,2,142,351
10/05/2007,ABE,PA,AEA,EN,Combined TRACON& Tower with Radar,60,37,71,7,175,0,0,52,0,52,60,37,123,7,227,92,0,92,319
10/06/2007,ABE,PA,AEA,EN,Combined TRACON& Tower with Radar,37,23,40,0,100,0,1,40,0,41,37,24,80,0,141,192,0,192,333
10/07/2007,ABE,PA,AEA,EN,Combined TRACON& Tower with Radar,30,31,72,0,133,0,0,94,0,94,30,31,166,0,227,238,0,238,465
10/08/2007,ABE,PA,AEA,EN,Combined TRACON& Tower with Radar,35,34,57,0,126,0,3,45,0,48,35,37,102,0,174,135,0,135,309
10/09/2007,ABE,PA,AEA,EN,Combined TRACON& Tower with Radar,52,35,64,0,151,0,1,53,0,54,52,36,117,0,205,136,0,136,341
10/10/2007,ABE,PA,AEA,EN,Combined TRACON& Tower with Radar,54,45,86,9,194,0,2,64,0,66,54,47,150,9,260,164,0,164,424
10/11/2007,ABE,PA,AEA,EN,Combined TRACON& Tower with Radar,64,38,58,0,160,0,0,4,0,4,64,38,62,0,164,10,0,10,174
10/12/2007,ABE,PA,AEA,EN,Combined TRACON& Tower with Radar,61,46,61,0,168,0,0,50,0,50,61,46,111,0,218,42,0,42,260
10/13/2007,ABE,PA,AEA,EN,Combined TRACON& Tower with Radar,38,37,50,1,126,0,1,102,0,103,38,38,152,1,229,164,0,164,393
10/14/2007,ABE,PA,AEA,EN,Combined TRACON& Tower with Radar,30,31,60,0,121,0,3,105,0,108,30,34,165,0,229,220,0,220,449
10/15/2007,ABE,PA,AEA,EN,Combined TRACON& Tower with Radar,37,42,39,10,128,0,3,76,0,79,37,45,115,10,207,208,0,208,415
10/16/2007,ABE,PA,AEA,EN,Combined TRACON& Tower with Radar,46,37,41,0,124,0,4,90,0,94,46,41,131,0,218,160,0,160,378
10/17/2007,ABE,PA,AEA,EN,Combined TRACON& Tower with Radar,54,49,87,0,190,0,1,44,0,45,54,50,131,0,235,164,0,164,399
10/18/2007,ABE,PA,AEA,EN,Combined TRACON& Tower with Radar,61,44,56,0,161,0,2,42,0,44,61,46,98,0,205,147,0,147,352
10/19/2007,ABE,PA,AEA,EN,Combined TRACON& Tower with Radar,53,49,68,18,188,0,0,3,0,3,53,49,71,18,191,14,0,14,205
10/20/2007,ABE,PA,AEA,EN,Combined TRACON& Tower with Radar,50,20,49,0,119,0,4,69,0,73,50,24,118,0,192,68,0,68,260
10/21/2007,ABE,PA,AEA,EN,Combined TRACON& Tower with Radar,32,30,62,0,124,0,5,129,0,134,32,35,191,0,258,206,0,206,464
10/22/2007,ABE,PA,AEA,EN,Combined TRACON& Tower with Radar,41,36,63,0,140,0,0,95,0,95,41,36,158,0,235,260,0,260,495
10/23/2007,ABE,PA,AEA,EN,Combined TRACON& Tower with Radar,51,30,75,5,161,0,1,41,0,42,51,31,116,5,203,160,2,162,365
10/24/2007,ABE,PA,AEA,EN,Combined TRACON& Tower with Radar,56,39,87,0,182,0,4,5,0,9,56,43,92,0,191,20,0,20,211
10/25/2007,ABE,PA,AEA,EN,Combined TRACON& Tower with Radar,53,37,87,2,179,0,6,34,2,42,53,43,121,4,221,146,0,146,367
10/26/2007,ABE,PA,AEA,EN,Combined TRACON& Tower with Radar,59,47,92,0,198,0,0,12,0,12,59,47,104,0,210,62,0,62,272
10/27/2007,ABE,PA,AEA,EN,Combined TRACON& Tower with Radar,36,25,62,8,131,0,2,12,0,14,36,27,74,8,145,4,0,4,149
10/28/2007,ABE,PA,AEA,EN,Combined TRACON& Tower with Radar,31,28,58,0,117,0,1,72,0,73,31,29,130,0,190,118,0,118,308
10/29/2007,ABE,PA,AEA,EN,Combined TRACON& Tower with Radar,43,32,63,10,148,0,3,83,0,86,43,35,146,10,234,266,20,286,520
10/30/2007,ABE,PA,AEA,EN,Combined TRACON& Tower with Radar,49,34,72,0,155,0,10,129,0,139,49,44,201,0,294,167,0,167,461
10/31/2007,ABE,PA,AEA,EN,Combined TRACON& Tower with Radar,48,28,89,0,165,0,6,147,0,153,48,34,236,0,318,180,2,182,500
11/01/2007,ABE,PA,AEA,EN,Combined TRACON& Tower with Radar,57,39,72,0,168,0,1,79,0,80,57,40,151,0,248,102,8,110,358
11/02/2007,ABE,PA,AEA,EN,Combined TRACON& Tower with Radar,51,34,37,0,122,0,9,74,0,83,51,43,111,0,205,200,0,200,405
11/03/2007,ABE,PA,AEA,EN,Combined TRACON& Tower with Radar,30,29,24,0,83,0,0,45,0,45,30,29,69,0,128,135,0,135,263
11/04/2007,ABE,PA,AEA,EN,Combined TRACON& Tower with Radar,30,26,36,0,92,0,2,102,0,104,30,28,138,0,196,186,3,189,385
11/05/2007,ABE,PA,AEA,EN,Combined TRACON& Tower with Radar,43,33,57,2,135,0,2,90,0,92,43,35,147,2,227,146,0,146,373
11/06/2007,ABE,PA,AEA,EN,Combined TRACON& Tower with Radar,49,32,61,2,144,0,5,48,0,53,49,37,109,2,197,72,0,72,269
11/07/2007,ABE,PA,AEA,EN,Combined TRACON& Tower with Radar,51,33,54,7,145,0,1,50,0,51,51,34,104,7,196,128,0,128,324
11/08/2007,ABE,PA,AEA,EN,Combined TRACON& Tower with Radar,54,44,61,0,159,0,2,94,0,96,54,46,155,0,255,240,3,243,498
11/09/2007,ABE,PA,AEA,EN,Combined TRACON& Tower with Radar,45,43,48,0,136,0,2,75,0,77,45,45,123,0,213,282,0,282,495
11/10/2007,ABE,PA,AEA,EN,Combined TRACON& Tower with Radar,30,35,29,0,94,0,0,19,0,19,30,35,48,0,113,50,0,50,163
11/11/2007,ABE,PA,AEA,EN,Combined TRACON& Tower with Radar,34,28,73,0,135,0,4,120,0,124,34,32,193,0,259,228,0,228,487
11/12/2007,ABE,PA,AEA,EN,Combined TRACON& Tower with Radar,43,38,58,0,139,0,0,22,0,22,43,38,80,0,161,184,0,184,345
11/13/2007,ABE,PA,AEA,EN,Combined TRACON& Tower with Radar,55,35,56,0,146,0,0,26,0,26,55,35,82,0,172,132,0,132,304
11/14/2007,ABE,PA,AEA,EN,Combined TRACON& Tower with Radar,77,38,87,0,202,0,2,16,0,18,77,40,103,0,220,42,0,42,262
11/15/2007,ABE,PA,AEA,EN,Combined TRACON& Tower with Radar,53,47,60,0,160,0,0,4,0,4,53,47,64,0,164,26,2,28,192
11/16/2007,ABE,PA,AEA,EN,Combined TRACON& Tower with Radar,57,41,46,0,144,0,3,47,2,52,57,44,93,2,196,76,4,80,276
11/17/2007,ABE,PA,AEA,EN,Combined TRACON& Tower with Radar,33,38,72,0,143,0,1,89,0,90,33,39,161,0,233,144,0,144,377
11/18/2007,ABE,PA,AEA,EN,Combined TRACON& Tower with Radar,28,29,31,0,88,0,0,1,0,1,28,29,32,0,89,4,0,4,93
11/19/2007,ABE,PA,AEA,EN,Combined TRACON& Tower with Radar,36,41,35,0,112,0,0,0,0,0,36,41,35,0,112,0,0,0,112
11/20/2007,ABE,PA,AEA,EN,Combined TRACON& Tower with Radar,56,43,90,0,189,0,0,1,0,1,56,43,91,0,190,0,0,0,190
11/21/2007,ABE,PA,AEA,EN,Combined TRACON& Tower with Radar,44,40,129,0,213,0,0,23,0,23,44,40,152,0,236,34,0,34,270
11/22/2007,ABE,PA,AEA,EN,Combined TRACON& Tower with Radar,45,34,28,0,107,0,0,21,0,21,45,34,49,0,128,14,0,14,142
11/23/2007,ABE,PA,AEA,EN,Combined TRACON& Tower with Radar,25,18,30,0,73,0,0,60,0,60,25,18,90,0,133,200,0,200,333
11/24/2007,ABE,PA,AEA,EN,Combined TRACON& Tower with Radar,38,33,52,0,123,0,1,112,0,113,38,34,164,0,236,246,0,246,482
11/25/2007,ABE,PA,AEA,EN,Combined TRACON& Tower with Radar,41,33,64,0,138,0,2,119,0,121,41,35,183,0,259,142,0,142,401
11/26/2007,ABE,PA,AEA,EN,Combined TRACON& Tower with Radar,46,32,37,0,115,0,0,12,0,12,46,32,49,0,127,6,0,6,133
11/27/2007,ABE,PA,AEA,EN,Combined TRACON& Tower with Radar,51,41,37,8,137,0,6,60,2,68,51,47,97,10,205,209,8,217,422
11/28/2007,ABE,PA,AEA,EN,Combined TRACON& Tower with Radar,47,42,69,6,164,0,1,114,3,118,47,43,183,9,282,212,6,218,500
11/29/2007,ABE,PA,AEA,EN,Combined TRACON& Tower with Radar,46,40,62,19,167,0,0,88,0,88,46,40,150,19,255,192,0,192,447
11/30/2007,ABE,PA,AEA,EN,Combined TRACON& Tower with Radar,45,36,26,0,107,0,0,96,0,96,45,36,122,0,203,210,0,210,413
12/01/2007,ABE,PA,AEA,EN,Combined TRACON& Tower with Radar,31,33,40,2,106,0,2,73,2,77,31,35,113,4,183,66,2,68,251
12/02/2007,ABE,PA,AEA,EN,Combined TRACON& Tower with Radar,29,21,17,2,69,0,1,2,0,3,29,22,19,2,72,10,0,10,82
12/03/2007,ABE,PA,AEA,EN,Combined TRACON& Tower with Radar,44,24,24,0,92,0,0,3,0,3,44,24,27,0,95,0,0,0,95
12/04/2007,ABE,PA,AEA,EN,Combined TRACON& Tower with Radar,52,38,29,9,128,0,0,7,0,7,52,38,36,9,135,28,4,32,167
12/05/2007,ABE,PA,AEA,EN,Combined TRACON& Tower with Radar,42,36,56,0,134,0,1,6,0,7,42,37,62,0,141,20,0,20,161
12/06/2007,ABE,PA,AEA,EN,Combined TRACON& Tower with Radar,49,47,48,0,144,0,1,79,0,80,49,48,127,0,224,208,0,208,432
12/07/2007,ABE,PA,AEA,EN,Combined TRACON& Tower with Radar,51,49,73,11,184,0,0,42,0,42,51,49,115,11,226,84,0,84,310
12/08/2007,ABE,PA,AEA,EN,Combined TRACON& Tower with Radar,38,25,65,0,128,0,3,82,0,85,38,28,147,0,213,208,0,208,421
12/09/2007,ABE,PA,AEA,EN,Combined TRACON& Tower with Radar,26,16,25,0,67,0,0,29,0,29,26,16,54,0,96,48,0,48,144
12/10/2007,ABE,PA,AEA,EN,Combined TRACON& Tower with Radar,46,33,35,0,114,0,0,2,0,2,46,33,37,0,116,92,0,92,208
12/11/2007,ABE,PA,AEA,EN,Combined TRACON& Tower with Radar,49,40,74,1,164,0,1,0,0,1,49,41,74,1,165,2,0,2,167
12/12/2007,ABE,PA,AEA,EN,Combined TRACON& Tower with Radar,45,42,56,0,143,0,0,48,0,48,45,42,104,0,191,84,0,84,275
12/13/2007,ABE,PA,AEA,EN,Combined TRACON& Tower with Radar,34,42,25,2,103,0,3,11,0,14,34,45,36,2,117,24,0,24,141
12/14/2007,ABE,PA,AEA,EN,Combined TRACON& Tower with Radar,68,37,59,0,164,0,3,76,0,79,68,40,135,0,243,142,0,142,385
12/15/2007,ABE,PA,AEA,EN,Combined TRACON& Tower with Radar,35,23,73,0,131,0,0,125,0,125,35,23,198,0,256,208,0,208,464
12/16/2007,ABE,PA,AEA,EN,Combined TRACON& Tower with Radar,36,8,6,0,50,0,1,1,0,2,36,9,7,0,52,0,0,0,52
12/17/2007,ABE,PA,AEA,EN,Combined TRACON& Tower with Radar,52,27,22,0,101,0,1,19,0,20,52,28,41,0,121,2,0,2,123
12/18/2007,ABE,PA,AEA,EN,Combined TRACON& Tower with Radar,36,44,76,0,156,0,4,119,1,124,36,48,195,1,280,227,2,229,509
12/19/2007,ABE,PA,AEA,EN,Combined TRACON& Tower with Radar,52,33,97,0,182,0,0,65,0,65,52,33,162,0,247,220,0,220,467
12/20/2007,ABE,PA,AEA,EN,Combined TRACON& Tower with Radar,58,30,73,3,164,0,2,105,0,107,58,32,178,3,271,204,0,204,475
12/21/2007,ABE,PA,AEA,EN,Combined TRACON& Tower with Radar,48,37,35,0,120,0,1,11,0,12,48,38,46,0,132,43,0,43,175
12/22/2007,ABE,PA,AEA,EN,Combined TRACON& Tower with Radar,42,26,76,0,144,0,0,9,0,9,42,26,85,0,153,116,0,116,269
12/23/2007,ABE,PA,AEA,EN,Combined TRACON& Tower with Radar,33,18,15,0,66,0,0,0,0,0,33,18,15,0,66,0,0,0,66
12/24/2007,ABE,PA,AEA,EN,Combined TRACON& Tower with Radar,31,31,21,0,83,0,0,39,0,39,31,31,60,0,122,90,0,90,212
12/25/2007,ABE,PA,AEA,EN,Combined TRACON& Tower with Radar,21,18,8,0,47,0,1,18,0,19,21,19,26,0,66,20,0,20,86
12/26/2007,ABE,PA,AEA,EN,Combined TRACON& Tower with Radar,39,32,72,1,144,0,2,108,0,110,39,34,180,1,254,44,0,44,298
12/27/2007,ABE,PA,AEA,EN,Combined TRACON& Tower with Radar,54,36,46,15,151,0,0,8,0,8,54,36,54,15,159,8,4,12,171
12/28/2007,ABE,PA,AEA,EN,Combined TRACON& Tower with Radar,43,30,82,1,156,0,3,119,4,126,43,33,201,5,282,188,4,192,474
12/29/2007,ABE,PA,AEA,EN,Combined TRACON& Tower with Radar,47,23,50,0,120,0,0,71,0,71,47,23,121,0,191,104,0,104,295
12/30/2007,ABE,PA,AEA,EN,Combined TRACON& Tower with Radar,36,18,47,0,101,0,1,54,0,55,36,19,101,0,156,36,0,36,192
12/31/2007,ABE,PA,AEA,EN,Combined TRACON& Tower with Radar,32,26,19,0,77,0,0,33,0,33,32,26,52,0,110,124,0,124,234
01/02/2008,ABE,PA,AEA,EN,Combined TRACON& Tower with Radar,44,30,17,0,91,0,5,21,0,26,44,35,38,0,117,22,0,22,139
01/03/2008,ABE,PA,AEA,EN,Combined TRACON& Tower with Radar,47,26,38,6,117,0,0,51,2,53,47,26,89,8,170,120,8,128,298
01/04/2008,ABE,PA,AEA,EN,Combined TRACON& Tower with Radar,49,26,49,11,135,0,0,83,0,83,49,26,132,11,218,183,0,183,401
01/05/2008,ABE,PA,AEA,EN,Combined TRACON& Tower with Radar,37,33,80,5,155,0,1,139,0,140,37,34,219,5,295,210,2,212,507
01/06/2008,ABE,PA,AEA,EN,Combined TRACON& Tower with Radar,35,20,63,0,118,0,2,63,0,65,35,22,126,0,183,94,0,94,277
01/07/2008,ABE,PA,AEA,EN,Combined TRACON& Tower with Radar,34,28,51,6,119,0,1,82,0,83,34,29,133,6,202,66,0,66,268
01/08/2008,ABE,PA,AEA,EN,Combined TRACON& Tower with Radar,51,26,82,0,159,0,1,87,1,89,51,27,169,1,248,233,0,233,481
01/09/2008,ABE,PA,AEA,EN,Combined TRACON& Tower with Radar,48,25,51,0,124,0,3,20,0,23,48,28,71,0,147,58,0,58,205
01/10/2008,ABE,PA,AEA,EN,Combined TRACON& Tower with Radar,48,38,73,0,159,0,1,109,0,110,48,39,182,0,269,258,0,258,527
01/11/2008,ABE,PA,AEA,EN,Combined TRACON& Tower with Radar,52,30,27,0,109,0,0,7,0,7,52,30,34,0,116,28,0,28,144
01/12/2008,ABE,PA,AEA,EN,Combined TRACON& Tower with Radar,42,21,75,0,138,0,1,151,0,152,42,22,226,0,290,188,0,188,478
01/13/2008,ABE,PA,AEA,EN,Combined TRACON& Tower with Radar,32,18,59,0,109,0,2,95,0,97,32,20,154,0,206,187,2,189,395
01/14/2008,ABE,PA,AEA,EN,Combined TRACON& Tower with Radar,33,35,24,0,92,0,0,3,0,3,33,35,27,0,95,66,0,66,161
01/15/2008,ABE,PA,AEA,EN,Combined TRACON& Tower with Radar,49,34,69,12,164,0,0,59,0,59,49,34,128,12,223,128,12,140,363
01/16/2008,ABE,PA,AEA,EN,Combined TRACON& Tower with Radar,45,32,87,2,166,0,1,86,2,89,45,33,173,4,255,118,0,118,373
01/17/2008,ABE,PA,AEA,EN,Combined TRACON& Tower with Radar,54,32,46,2,134,0,0,49,0,49,54,32,95,2,183,106,0,106,289
01/18/2008,ABE,PA,AEA,EN,Combined TRACON& Tower with Radar,49,42,34,1,126,0,1,30,0,31,49,43,64,1,157,68,2,70,227
01/19/2008,ABE,PA,AEA,EN,Combined TRACON& Tower with Radar,32,27,47,0,106,0,1,74,0,75,32,28,121,0,181,114,0,114,295
01/20/2008,ABE,PA,AEA,EN,Combined TRACON& Tower with Radar,30,22,21,0,73,0,1,36,0,37,30,23,57,0,110,148,0,148,258
01/21/2008,ABE,PA,AEA,EN,Combined TRACON& Tower with Radar,39,25,60,0,124,0,1,92,0,93,39,26,152,0,217,114,0,114,331
01/22/2008,ABE,PA,AEA,EN,Combined TRACON& Tower with Radar,50,25,50,0,125,0,1,46,0,47,50,26,96,0,172,86,0,86,258
01/23/2008,ABE,PA,AEA,EN,Combined TRACON& Tower with Radar,42,25,42,0,109,0,0,70,0,70,42,25,112,0,179,154,0,154,333
01/24/2008,ABE,PA,AEA,EN,Combined TRACON& Tower with Radar,45,38,36,5,124,0,4,54,7,65,45,42,90,12,189,202,0,202,391
01/25/2008,ABE,PA,AEA,EN,Combined TRACON& Tower with Radar,45,38,29,0,112,0,0,69,0,69,45,38,98,0,181,156,0,156,337
01/26/2008,ABE,PA,AEA,EN,Combined TRACON& Tower with Radar,30,24,36,1,91,0,1,97,2,100,30,25,133,3,191,188,0,188,379
01/27/2008,ABE,PA,AEA,EN,Combined TRACON& Tower with Radar,26,22,32,0,80,0,1,68,0,69,26,23,100,0,149,166,0,166,315
01/28/2008,ABE,PA,AEA,EN,Combined TRACON& Tower with Radar,31,34,41,0,106,0,2,82,0,84,31,36,123,0,190,202,0,202,392
01/29/2008,ABE,PA,AEA,EN,Combined TRACON& Tower with Radar,40,42,28,2,112,0,0,27,4,31,40,42,55,6,143,46,0,46,189
01/30/2008,ABE,PA,AEA,EN,Combined TRACON& Tower with Radar,47,28,15,5,95,0,1,14,2,17,47,29,29,7,112,2,0,2,114
01/31/2008,ABE,PA,AEA,EN,Combined TRACON& Tower with Radar,46,33,55,7,141,0,1,111,0,112,46,34,166,7,253,190,1,191,444
02/01/2008,ABE,PA,AEA,EN,Combined TRACON& Tower with Radar,42,28,26,0,96,0,0,21,0,21,42,28,47,0,117,32,0,32,149
02/02/2008,ABE,PA,AEA,EN,Combined TRACON& Tower with Radar,30,30,59,0,119,0,0,61,0,61,30,30,120,0,180,162,0,162,342
02/03/2008,ABE,PA,AEA,EN,Combined TRACON& Tower with Radar,29,18,95,0,142,0,1,148,0,149,29,19,243,0,291,252,0,252,543
02/04/2008,ABE,PA,AEA,EN,Combined TRACON& Tower with Radar,41,23,23,0,87,0,0,8,0,8,41,23,31,0,95,0,0,0,95
02/05/2008,ABE,PA,AEA,EN,Combined TRACON& Tower with Radar,42,40,46,14,142,0,0,0,0,0,42,40,46,14,142,0,0,0,142
02/06/2008,ABE,PA,AEA,EN,Combined TRACON& Tower with Radar,33,36,50,0,119,0,0,10,0,10,33,36,60,0,129,1,4,5,134
02/07/2008,ABE,PA,AEA,EN,Combined TRACON& Tower with Radar,47,35,64,0,146,0,3,45,0,48,47,38,109,0,194,76,0,76,270
02/08/2008,ABE,PA,AEA,EN,Combined TRACON& Tower with Radar,40,54,69,2,165,0,0,77,2,79,40,54,146,4,244,86,0,86,330
02/09/2008,ABE,PA,AEA,EN,Combined TRACON& Tower with Radar,29,31,14,0,74,0,0,8,1,9,29,31,22,1,83,8,0,8,91
02/10/2008,ABE,PA,AEA,EN,Combined TRACON& Tower with Radar,38,20,28,0,86,0,0,8,0,8,38,20,36,0,94,0,0,0,94
02/11/2008,ABE,PA,AEA,EN,Combined TRACON& Tower with Radar,31,36,37,0,104,0,2,47,0,49,31,38,84,0,153,30,0,30,183
02/12/2008,ABE,PA,AEA,EN,Combined TRACON& Tower with Radar,42,26,50,0,118,0,1,15,0,16,42,27,65,0,134,28,0,28,162
02/13/2008,ABE,PA,AEA,EN,Combined TRACON& Tower with Radar,39,39,26,0,104,0,0,1,0,1,39,39,27,0,105,0,0,0,105
02/14/2008,ABE,PA,AEA,EN,Combined TRACON& Tower with Radar,46,48,63,0,157,0,4,51,0,55,46,52,114,0,212,142,10,152,364
02/15/2008,ABE,PA,AEA,EN,Combined TRACON& Tower with Radar,49,42,62,2,155,0,2,77,0,79,49,44,139,2,234,218,22,240,474
02/16/2008,ABE,PA,AEA,EN,Combined TRACON& Tower with Radar,32,28,63,0,123,0,2,154,0,156,32,30,217,0,279,268,0,268,547
02/17/2008,ABE,PA,AEA,EN,Combined TRACON& Tower with Radar,32,22,33,0,87,0,3,44,0,47,32,25,77,0,134,210,0,210,344
02/18/2008,ABE,PA,AEA,EN,Combined TRACON& Tower with Radar,38,37,40,0,115,0,0,18,0,18,38,37,58,0,133,94,0,94,227
02/19/2008,ABE,PA,AEA,EN,Combined TRACON& Tower with Radar,42,33,65,1,141,0,1,51,0,52,42,34,116,1,193,208,2,210,403
02/20/2008,ABE,PA,AEA,EN,Combined TRACON& Tower with Radar,46,39,37,10,132,0,0,56,0,56,46,39,93,10,188,117,0,117,305
02/21/2008,ABE,PA,AEA,EN,Combined TRACON& Tower with Radar,49,36,63,1,149,0,4,91,0,95,49,40,154,1,244,146,8,154,398
02/22/2008,ABE,PA,AEA,EN,Combined TRACON& Tower with Radar,48,27,30,7,112,0,0,16,0,16,48,27,46,7,128,16,0,16,144
02/23/2008,ABE,PA,AEA,EN,Combined TRACON& Tower with Radar,39,29,44,0,112,0,1,17,0,18,39,30,61,0,130,142,0,142,272
02/24/2008,ABE,PA,AEA,EN,Combined TRACON& Tower with Radar,32,28,61,0,121,0,3,114,0,117,32,31,175,0,238,178,0,178,416
02/25/2008,ABE,PA,AEA,EN,Combined TRACON& Tower with Radar,38,42,71,17,168,0,2,82,0,84,38,44,153,17,252,184,24,208,460
02/26/2008,ABE,PA,AEA,EN,Combined TRACON& Tower with Radar,39,37,31,0,107,0,0,9,0,9,39,37,40,0,116,30,0,30,146
02/27/2008,ABE,PA,AEA,EN,Combined TRACON& Tower with Radar,46,35,61,0,142,0,1,28,0,29,46,36,89,0,171,60,0,60,231
02/28/2008,ABE,PA,AEA,EN,Combined TRACON& Tower with Radar,46,41,27,0,114,0,0,50,0,50,46,41,77,0,164,70,0,70,234
02/29/2008,ABE,PA,AEA,EN,Combined TRACON& Tower with Radar,43,35,40,5,123,0,2,68,0,70,43,37,108,5,193,125,0,125,318
03/01/2008,ABE,PA,AEA,EN,Combined TRACON& Tower with Radar,39,22,20,0,81,0,3,23,0,26,39,25,43,0,107,46,2,48,155
03/02/2008,ABE,PA,AEA,EN,Combined TRACON& Tower with Radar,33,24,35,0,92,0,1,94,0,95,33,25,129,0,187,186,0,186,373
03/03/2008,ABE,PA,AEA,EN,Combined TRACON& Tower with Radar,34,38,63,0,135,0,4,96,0,100,34,42,159,0,235,210,1,211,446
03/04/2008,ABE,PA,AEA,EN,Combined TRACON& Tower with Radar,39,39,113,2,193,0,0,13,0,13,39,39,126,2,206,34,0,34,240
03/05/2008,ABE,PA,AEA,EN,Combined TRACON& Tower with Radar,39,40,54,0,133,0,0,32,0,32,39,40,86,0,165,19,0,19,184
03/06/2008,ABE,PA,AEA,EN,Combined TRACON& Tower with Radar,45,36,73,0,154,0,3,95,0,98,45,39,168,0,252,118,0,118,370
03/07/2008,ABE,PA,AEA,EN,Combined TRACON& Tower with Radar,31,28,46,8,113,0,2,22,0,24,31,30,68,8,137,102,4,106,243
03/08/2008,ABE,PA,AEA,EN,Combined TRACON& Tower with Radar,45,20,34,0,99,0,0,0,0,0,45,20,34,0,99,0,0,0,99
03/09/2008,ABE,PA,AEA,EN,Combined TRACON& Tower with Radar,38,35,19,0,92,0,0,16,0,16,38,35,35,0,108,14,0,14,122
03/10/2008,ABE,PA,AEA,EN,Combined TRACON& Tower with Radar,36,31,51,0,118,0,5,72,1,78,36,36,123,1,196,151,0,151,347
03/11/2008,ABE,PA,AEA,EN,Combined TRACON& Tower with Radar,58,39,64,0,161,0,6,97,0,103,58,45,161,0,264,230,0,230,494
03/12/2008,ABE,PA,AEA,EN,Combined TRACON& Tower with Radar,44,33,43,0,120,0,3,39,0,42,44,36,82,0,162,150,1,151,313
03/13/2008,ABE,PA,AEA,EN,Combined TRACON& Tower with Radar,42,41,53,1,137,0,1,98,3,102,42,42,151,4,239,195,35,230,469
03/14/2008,ABE,PA,AEA,EN,Combined TRACON& Tower with Radar,41,32,50,0,123,0,2,68,1,71,41,34,118,1,194,272,1,273,467
03/15/2008,ABE,PA,AEA,EN,Combined TRACON& Tower with Radar,37,23,107,0,167,0,2,66,0,68,37,25,173,0,235,242,0,242,477
03/16/2008,ABE,PA,AEA,EN,Combined TRACON& Tower with Radar,34,27,40,0,101,0,1,34,0,35,34,28,74,0,136,142,2,144,280
03/17/2008,ABE,PA,AEA,EN,Combined TRACON& Tower with Radar,37,32,46,0,115,0,1,99,0,100,37,33,145,0,215,132,0,132,347
03/18/2008,ABE,PA,AEA,EN,Combined TRACON& Tower with Radar,44,38,39,13,134,0,1,47,0,48,44,39,86,13,182,96,20,116,298
03/19/2008,ABE,PA,AEA,EN,Combined TRACON& Tower with Radar,42,36,80,0,158,0,0,2,0,2,42,36,82,0,160,0,0,0,160
03/20/2008,ABE,PA,AEA,EN,Combined TRACON& Tower with Radar,41,49,46,0,136,0,2,34,0,36,41,51,80,0,172,14,0,14,186
03/21/2008,ABE,PA,AEA,EN,Combined TRACON& Tower with Radar,39,36,27,7,109,0,1,42,0,43,39,37,69,7,152,63,2,65,217
03/22/2008,ABE,PA,AEA,EN,Combined TRACON& Tower with Radar,47,28,68,0,143,0,1,117,0,118,47,29,185,0,261,164,0,164,425
03/23/2008,ABE,PA,AEA,EN,Combined TRACON& Tower with Radar,31,27,44,0,102,0,1,102,0,103,31,28,146,0,205,164,0,164,369
03/24/2008,ABE,PA,AEA,EN,Combined TRACON& Tower with Radar,34,37,62,0,133,0,2,89,0,91,34,39,151,0,224,176,12,188,412
03/25/2008,ABE,PA,AEA,EN,Combined TRACON& Tower with Radar,40,41,49,0,130,0,1,103,0,104,40,42,152,0,234,180,0,180,414
03/26/2008,ABE,PA,AEA,EN,Combined TRACON& Tower with Radar,40,36,45,5,126,0,3,36,3,42,40,39,81,8,168,186,6,192,360
03/27/2008,ABE,PA,AEA,EN,Combined TRACON& Tower with Radar,50,46,62,4,162,0,1,32,0,33,50,47,94,4,195,21,2,23,218
03/28/2008,ABE,PA,AEA,EN,Combined TRACON& Tower with Radar,41,39,82,3,165,0,0,13,2,15,41,39,95,5,180,38,0,38,218
03/29/2008,ABE,PA,AEA,EN,Combined TRACON& Tower with Radar,40,25,58,0,123,0,1,124,0,125,40,26,182,0,248,285,0,285,533
03/30/2008,ABE,PA,AEA,EN,Combined TRACON& Tower with Radar,29,37,69,0,135,0,1,172,0,173,29,38,241,0,308,318,0,318,626
03/31/2008,ABE,PA,AEA,EN,Combined TRACON& Tower with Radar,32,33,43,6,114,0,0,2,0,2,32,33,45,6,116,4,0,4,120
04/01/2008,ABE,PA,AEA,EN,Combined TRACON& Tower with Radar,45,37,81,0,163,0,0,22,0,22,45,37,103,0,185,0,0,0,185
04/02/2008,ABE,PA,AEA,EN,Combined TRACON& Tower with Radar,51,49,36,0,136,0,0,63,2,65,51,49,99,2,201,126,0,126,327
04/03/2008,ABE,PA,AEA,EN,Combined TRACON& Tower with Radar,48,46,70,14,178,0,2,116,2,120,48,48,186,16,298,139,14,153,451
04/04/2008,ABE,PA,AEA,EN,Combined TRACON& Tower with Radar,46,37,81,0,164,0,1,9,0,10,46,38,90,0,174,0,0,0,174
04/05/2008,ABE,PA,AEA,EN,Combined TRACON& Tower with Radar,45,29,89,0,163,0,2,48,0,50,45,31,137,0,213,176,0,176,389
04/06/2008,ABE,PA,AEA,EN,Combined TRACON& Tower with Radar,37,27,66,6,136,0,0,60,0,60,37,27,126,6,196,228,10,238,434
04/07/2008,ABE,PA,AEA,EN,Combined TRACON& Tower with Radar,38,47,73,1,159,0,0,14,3,17,38,47,87,4,176,136,0,136,312
04/08/2008,ABE,PA,AEA,EN,Combined TRACON& Tower with Radar,53,39,65,0,157,0,1,59,1,61,53,40,124,1,218,218,12,230,448
04/09/2008,ABE,PA,AEA,EN,Combined TRACON& Tower with Radar,48,56,72,0,176,0,2,85,0,87,48,58,157,0,263,261,0,261,524
04/10/2008,ABE,PA,AEA,EN,Combined TRACON& Tower with Radar,53,47,73,0,173,0,4,120,0,124,53,51,193,0,297,218,1,219,516
04/11/2008,ABE,PA,AEA,EN,Combined TRACON& Tower with Radar,47,37,43,1,128,0,1,58,1,60,47,38,101,2,188,221,20,241,429
04/12/2008,ABE,PA,AEA,EN,Combined TRACON& Tower with Radar,47,37,37,1,122,0,3,37,0,40,47,40,74,1,162,196,7,203,365
04/13/2008,ABE,PA,AEA,EN,Combined TRACON& Tower with Radar,33,27,42,0,102,0,2,53,0,55,33,29,95,0,157,152,0,152,309
04/14/2008,ABE,PA,AEA,EN,Combined TRACON& Tower with Radar,40,31,45,12,128,0,3,109,0,112,40,34,154,12,240,224,9,233,473
04/15/2008,ABE,PA,AEA,EN,Combined TRACON& Tower with Radar,48,37,54,11,150,0,2,109,0,111,48,39,163,11,261,258,2,260,521
04/16/2008,ABE,PA,AEA,EN,Combined TRACON& Tower with Radar,45,34,82,0,161,0,3,139,13,155,45,37,221,13,316,271,0,271,587
04/17/2008,ABE,PA,AEA,EN,Combined TRACON& Tower with Radar,55,37,62,0,154,0,0,128,0,128,55,37,190,0,282,317,0,317,599
04/18/2008,ABE,PA,AEA,EN,Combined TRACON& Tower with Radar,41,31,61,16,149,0,3,126,1,130,41,34,187,17,279,305,36,341,620
04/19/2008,ABE,PA,AEA,EN,Combined TRACON& Tower with Radar,40,26,62,0,128,0,1,109,0,110,40,27,171,0,238,188,0,188,426
04/20/2008,ABE,PA,AEA,EN,Combined TRACON& Tower with Radar,37,29,73,0,139,0,0,7,0,7,37,29,80,0,146,88,0,88,234
04/21/2008,ABE,PA,AEA,EN,Combined TRACON& Tower with Radar,33,38,108,0,179,0,1,39,0,40,33,39,147,0,219,112,0,112,331
04/22/2008,ABE,PA,AEA,EN,Combined TRACON& Tower with Radar,46,46,72,0,164,0,1,96,0,97,46,47,168,0,261,162,0,162,423
04/23/2008,ABE,PA,AEA,EN,Combined TRACON& Tower with Radar,46,45,63,0,154,0,0,94,0,94,46,45,157,0,248,242,0,242,490
04/24/2008,ABE,PA,AEA,EN,Combined TRACON& Tower with Radar,53,50,126,2,231,0,12,144,6,162,53,62,270,8,393,228,6,234,627
04/25/2008,ABE,PA,AEA,EN,Combined TRACON& Tower with Radar,46,35,69,0,150,0,3,101,0,104,46,38,170,0,254,228,0,228,482
04/26/2008,ABE,PA,AEA,EN,Combined TRACON& Tower with Radar,38,34,62,0,134,0,0,37,0,37,38,34,99,0,171,142,0,142,313
04/27/2008,ABE,PA,AEA,EN,Combined TRACON& Tower with Radar,37,36,48,0,121,0,0,34,0,34,37,36,82,0,155,236,0,236,391
04/28/2008,ABE,PA,AEA,EN,Combined TRACON& Tower with Radar,38,46,33,0,117,0,0,2,0,2,38,46,35,0,119,6,0,6,125
04/29/2008,ABE,PA,AEA,EN,Combined TRACON& Tower with Radar,49,47,33,0,129,0,0,53,2,55,49,47,86,2,184,124,3,127,311
04/30/2008,ABE,PA,AEA,EN,Combined TRACON& Tower with Radar,47,32,37,0,116,0,13,98,0,111,47,45,135,0,227,145,0,145,372
05/01/2008,ABE,PA,AEA,EN,Combined TRACON& Tower with Radar,49,42,56,0,147,0,1,67,0,68,49,43,123,0,215,164,0,164,379
05/02/2008,ABE,PA,AEA,EN,Combined TRACON& Tower with Radar,36,47,96,0,179,0,5,11,0,16,36,52,107,0,195,46,0,46,241
05/03/2008,ABE,PA,AEA,EN,Combined TRACON& Tower with Radar,38,25,54,0,117,0,0,1,0,1,38,25,55,0,118,2,0,2,120
05/04/2008,ABE,PA,AEA,EN,Combined TRACON& Tower with Radar,30,34,71,0,135,0,0,58,5,63,30,34,129,5,198,178,0,178,376
05/05/2008,ABE,PA,AEA,EN,Combined TRACON& Tower with Radar,30,41,71,0,142,0,1,96,0,97,30,42,167,0,239,210,0,210,449
05/06/2008,ABE,PA,AEA,EN,Combined TRACON& Tower with Radar,46,42,93,1,182,0,2,127,0,129,46,44,220,1,311,249,0,249,560
05/07/2008,ABE,PA,AEA,EN,Combined TRACON& Tower with Radar,40,45,44,0,129,0,2,119,0,121,40,47,163,0,250,250,0,250,500
05/08/2008,ABE,PA,AEA,EN,Combined TRACON& Tower with Radar,40,51,94,0,185,0,2,45,0,47,40,53,139,0,232,126,0,126,358
05/09/2008,ABE,PA,AEA,EN,Combined TRACON& Tower with Radar,39,45,61,1,146,0,0,5,0,5,39,45,66,1,151,0,0,0,151
05/10/2008,ABE,PA,AEA,EN,Combined TRACON& Tower with Radar,33,23,56,0,112,0,4,64,0,68,33,27,120,0,180,138,0,138,318
05/11/2008,ABE,PA,AEA,EN,Combined TRACON& Tower with Radar,28,31,28,0,87,0,1,63,0,64,28,32,91,0,151,117,0,117,268
05/12/2008,ABE,PA,AEA,EN,Combined TRACON& Tower with Radar,40,34,27,0,101,0,0,4,0,4,40,34,31,0,105,0,0,0,105
05/13/2008,ABE,PA,AEA,EN,Combined TRACON& Tower with Radar,46,38,57,0,141,0,4,99,0,103,46,42,156,0,244,278,0,278,522
05/14/2008,ABE,PA,AEA,EN,Combined TRACON& Tower with Radar,43,34,99,0,176,0,3,144,0,147,43,37,243,0,323,217,0,217,540
05/15/2008,ABE,PA,AEA,EN,Combined TRACON& Tower with Radar,42,46,65,9,162,0,0,87,0,87,42,46,152,9,249,220,1,221,470
05/16/2008,ABE,PA,AEA,EN,Combined TRACON& Tower with Radar,49,38,52,0,139,0,0,10,0,10,49,38,62,0,149,60,0,60,209
05/17/2008,ABE,PA,AEA,EN,Combined TRACON& Tower with Radar,32,30,49,0,111,0,2,75,0,77,32,32,124,0,188,160,0,160,348
05/18/2008,ABE,PA,AEA,EN,Combined TRACON& Tower with Radar,34,32,42,0,108,0,4,21,0,25,34,36,63,0,133,110,0,110,243
05/19/2008,ABE,PA,AEA,EN,Combined TRACON& Tower with Radar,38,36,61,0,135,0,0,39,0,39,38,36,100,0,174,80,0,80,254
05/20/2008,ABE,PA,AEA,EN,Combined TRACON& Tower with Radar,41,44,80,0,165,0,0,24,0,24,41,44,104,0,189,120,0,120,309
05/21/2008,ABE,PA,AEA,EN,Combined TRACON& Tower with Radar,48,43,60,0,151,0,1,57,0,58,48,44,117,0,209,96,1,97,306
05/22/2008,ABE,PA,AEA,EN,Combined TRACON& Tower with Radar,41,40,59,0,140,0,2,57,0,59,41,42,116,0,199,48,0,48,247
05/23/2008,ABE,PA,AEA,EN,Combined TRACON& Tower with Radar,38,47,43,11,139,0,2,99,0,101,38,49,142,11,240,194,2,196,436
05/24/2008,ABE,PA,AEA,EN,Combined TRACON& Tower with Radar,37,27,33,0,97,0,5,123,0,128,37,32,156,0,225,162,0,162,387
05/25/2008,ABE,PA,AEA,EN,Combined TRACON& Tower with Radar,22,23,39,0,84,0,3,149,0,152,22,26,188,0,236,338,0,338,574
05/26/2008,ABE,PA,AEA,EN,Combined TRACON& Tower with Radar,30,26,67,1,124,0,4,112,2,118,30,30,179,3,242,136,24,160,402
05/27/2008,ABE,PA,AEA,EN,Combined TRACON& Tower with Radar,57,40,49,9,155,0,1,30,1,32,57,41,79,10,187,52,6,58,245
05/28/2008,ABE,PA,AEA,EN,Combined TRACON& Tower with Radar,48,30,66,0,144,0,7,103,0,110,48,37,169,0,254,226,8,234,488
05/29/2008,ABE,PA,AEA,EN,Combined TRACON& Tower with Radar,45,43,78,6,172,0,2,148,1,151,45,45,226,7,323,122,4,126,449
05/30/2008,ABE,PA,AEA,EN,Combined TRACON& Tower with Radar,37,34,57,0,128,0,1,117,0,118,37,35,174,0,246,228,0,228,474
05/31/2008,ABE,PA,AEA,EN,Combined TRACON& Tower with Radar,27,38,24,0,89,0,0,18,0,18,27,38,42,0,107,44,0,44,151
06/01/2008,ABE,PA,AEA,EN,Combined TRACON& Tower with Radar,35,23,43,0,101,0,4,87,5,96,35,27,130,5,197,246,0,246,443
06/02/2008,ABE,PA,AEA,EN,Combined TRACON& Tower with Radar,39,36,45,0,120,0,0,97,0,97,39,36,142,0,217,232,0,232,449
06/03/2008,ABE,PA,AEA,EN,Combined TRACON& Tower with Radar,40,34,47,0,121,0,5,94,4,103,40,39,141,4,224,164,6,170,394
06/04/2008,ABE,PA,AEA,EN,Combined TRACON& Tower with Radar,46,34,99,13,192,0,0,27,1,28,46,34,126,14,220,54,12,66,286
06/05/2008,ABE,PA,AEA,EN,Combined TRACON& Tower with Radar,42,42,133,6,223,0,1,26,3,30,42,43,159,9,253,174,14,188,441
06/06/2008,ABE,PA,AEA,EN,Combined TRACON& Tower with Radar,42,43,88,2,175,0,5,35,0,40,42,48,123,2,215,184,6,190,405
06/07/2008,ABE,PA,AEA,EN,Combined TRACON& Tower with Radar,39,26,33,9,107,0,1,69,2,72,39,27,102,11,179,154,12,166,345
06/08/2008,ABE,PA,AEA,EN,Combined TRACON& Tower with Radar,46,33,74,1,154,0,4,89,3,96,46,37,163,4,250,316,6,322,572
06/09/2008,ABE,PA,AEA,EN,Combined TRACON& Tower with Radar,49,32,73,18,172,0,4,102,0,106,49,36,175,18,278,140,16,156,434
06/10/2008,ABE,PA,AEA,EN,Combined TRACON& Tower with Radar,36,36,40,0,112,0,0,79,0,79,36,36,119,0,191,78,2,80,271
06/11/2008,ABE,PA,AEA,EN,Combined TRACON& Tower with Radar,17,45,56,1,119,38,0,0,0,38,55,45,56,1,157,80,0,80,237
06/12/2008,ABE,PA,AEA,EN,Combined TRACON& Tower with Radar,41,50,63,19,173,0,0,128,0,128,41,50,191,19,301,204,13,217,518
06/13/2008,ABE,PA,AEA,EN,Combined TRACON& Tower with Radar,41,45,50,0,136,0,5,105,4,114,41,50,155,4,250,241,7,248,498
06/14/2008,ABE,PA,AEA,EN,Combined TRACON& Tower with Radar,37,29,43,0,109,0,4,82,0,86,37,33,125,0,195,305,0,305,500
06/15/2008,ABE,PA,AEA,EN,Combined TRACON& Tower with Radar,49,34,29,0,112,0,1,84,1,86,49,35,113,1,198,220,0,220,418
06/16/2008,ABE,PA,AEA,EN,Combined TRACON& Tower with Radar,40,31,44,0,115,0,0,50,0,50,40,31,94,0,165,132,0,132,297
06/17/2008,ABE,PA,AEA,EN,Combined TRACON& Tower with Radar,47,53,64,6,170,0,1,76,8,85,47,54,140,14,255,180,0,180,435
06/18/2008,ABE,PA,AEA,EN,Combined TRACON& Tower with Radar,56,34,58,3,151,0,2,85,1,88,56,36,143,4,239,226,2,228,467
06/19/2008,ABE,PA,AEA,EN,Combined TRACON& Tower with Radar,50,48,51,18,167,0,1,94,0,95,50,49,145,18,262,267,0,267,529
06/20/2008,ABE,PA,AEA,EN,Combined TRACON& Tower with Radar,37,44,76,1,158,0,2,121,0,123,37,46,197,1,281,244,2,246,527
06/21/2008,ABE,PA,AEA,EN,Combined TRACON& Tower with Radar,44,28,50,0,122,0,1,114,0,115,44,29,164,0,237,242,2,244,481
06/22/2008,ABE,PA,AEA,EN,Combined TRACON& Tower with Radar,50,25,55,0,130,0,1,57,0,58,50,26,112,0,188,142,0,142,330
06/23/2008,ABE,PA,AEA,EN,Combined TRACON& Tower with Radar,44,44,38,0,126,0,1,38,0,39,44,45,76,0,165,130,0,130,295
06/24/2008,ABE,PA,AEA,EN,Combined TRACON& Tower with Radar,53,41,50,0,144,0,2,100,0,102,53,43,150,0,246,134,0,134,380
06/25/2008,ABE,PA,AEA,EN,Combined TRACON& Tower with Radar,38,49,52,3,142,0,3,123,0,126,38,52,175,3,268,250,0,250,518
06/26/2008,ABE,PA,AEA,EN,Combined TRACON& Tower with Radar,41,50,53,9,153,0,7,67,0,74,41,57,120,9,227,207,19,226,453
06/27/2008,ABE,PA,AEA,EN,Combined TRACON& Tower with Radar,53,49,61,14,177,0,2,88,1,91,53,51,149,15,268,136,0,136,404
06/28/2008,ABE,PA,AEA,EN,Combined TRACON& Tower with Radar,39,24,60,0,123,0,2,78,0,80,39,26,138,0,203,174,0,174,377
06/29/2008,ABE,PA,AEA,EN,Combined TRACON& Tower with Radar,56,27,42,0,125,0,1,75,0,76,56,28,117,0,201,230,0,230,431
06/30/2008,ABE,PA,AEA,EN,Combined TRACON& Tower with Radar,40,32,65,0,137,0,0,80,0,80,40,32,145,0,217,120,2,122,339
07/01/2008,ABE,PA,AEA,EN,Combined TRACON& Tower with Radar,44,41,65,6,156,0,0,95,2,97,44,41,160,8,253,136,0,136,389
07/02/2008,ABE,PA,AEA,EN,Combined TRACON& Tower with Radar,45,35,74,0,154,0,9,132,0,141,45,44,206,0,295,216,0,216,511
07/03/2008,ABE,PA,AEA,EN,Combined TRACON& Tower with Radar,44,32,68,0,144,0,5,116,0,121,44,37,184,0,265,198,56,254,519
07/04/2008,ABE,PA,AEA,EN,Combined TRACON& Tower with Radar,24,32,36,1,93,0,0,5,0,5,24,32,41,1,98,18,0,18,116
07/05/2008,ABE,PA,AEA,EN,Combined TRACON& Tower with Radar,24,23,68,0,115,0,11,0,0,11,24,34,68,0,126,148,0,148,274
07/06/2008,ABE,PA,AEA,EN,Combined TRACON& Tower with Radar,32,33,70,0,135,0,1,14,0,15,32,34,84,0,150,74,0,74,224
07/07/2008,ABE,PA,AEA,EN,Combined TRACON& Tower with Radar,35,44,88,0,167,0,1,18,0,19,35,45,106,0,186,64,0,64,250
07/08/2008,ABE,PA,AEA,EN,Combined TRACON& Tower with Radar,49,39,75,3,166,0,2,59,0,61,49,41,134,3,227,158,16,174,401
07/09/2008,ABE,PA,AEA,EN,Combined TRACON& Tower with Radar,36,42,73,5,156,0,0,53,0,53,36,42,126,5,209,194,0,194,403
07/10/2008,ABE,PA,AEA,EN,Combined TRACON& Tower with Radar,39,50,66,4,159,0,9,112,0,121,39,59,178,4,280,156,0,156,436
07/11/2008,ABE,PA,AEA,EN,Combined TRACON& Tower with Radar,52,35,69,0,156,0,4,152,0,156,52,39,221,0,312,198,4,202,514
07/12/2008,ABE,PA,AEA,EN,Combined TRACON& Tower with Radar,36,26,69,0,131,0,2,132,0,134,36,28,201,0,265,146,0,146,411
07/13/2008,ABE,PA,AEA,EN,Combined TRACON& Tower with Radar,24,21,42,0,87,0,0,64,0,64,24,21,106,0,151,68,0,68,219
07/14/2008,ABE,PA,AEA,EN,Combined TRACON& Tower with Radar,44,37,88,0,169,0,0,40,0,40,44,37,128,0,209,126,0,126,335
07/15/2008,ABE,PA,AEA,EN,Combined TRACON& Tower with Radar,43,42,53,5,143,0,1,126,6,133,43,43,179,11,276,174,0,174,450
07/16/2008,ABE,PA,AEA,EN,Combined TRACON& Tower with Radar,41,40,50,3,134,0,2,103,0,105,41,42,153,3,239,156,0,156,395
07/17/2008,ABE,PA,AEA,EN,Combined TRACON& Tower with Radar,43,40,46,0,129,0,2,82,0,84,43,42,128,0,213,181,4,185,398
07/18/2008,ABE,PA,AEA,EN,Combined TRACON& Tower with Radar,50,43,49,3,145,0,5,58,0,63,50,48,107,3,208,93,2,95,303
07/19/2008,ABE,PA,AEA,EN,Combined TRACON& Tower with Radar,39,29,55,0,123,0,2,84,0,86,39,31,139,0,209,228,0,228,437
07/20/2008,ABE,PA,AEA,EN,Combined TRACON& Tower with Radar,27,25,47,0,99,0,3,60,0,63,27,28,107,0,162,122,0,122,284
07/21/2008,ABE,PA,AEA,EN,Combined TRACON& Tower with Radar,52,34,34,0,120,0,2,38,0,40,52,36,72,0,160,64,0,64,224
07/22/2008,ABE,PA,AEA,EN,Combined TRACON& Tower with Radar,42,34,46,0,122,0,2,85,0,87,42,36,131,0,209,174,0,174,383
07/23/2008,ABE,PA,AEA,EN,Combined TRACON& Tower with Radar,47,35,54,0,136,0,0,15,0,15,47,35,69,0,151,68,0,68,219
07/24/2008,ABE,PA,AEA,EN,Combined TRACON& Tower with Radar,48,49,70,8,175,0,4,38,0,42,48,53,108,8,217,164,0,164,381
07/25/2008,ABE,PA,AEA,EN,Combined TRACON& Tower with Radar,44,35,53,9,141,0,1,125,0,126,44,36,178,9,267,216,10,226,493
07/26/2008,ABE,PA,AEA,EN,Combined TRACON& Tower with Radar,36,34,47,0,117,0,0,96,0,96,36,34,143,0,213,176,0,176,389
07/27/2008,ABE,PA,AEA,EN,Combined TRACON& Tower with Radar,30,25,45,0,100,0,2,36,0,38,30,27,81,0,138,60,0,60,198
07/28/2008,ABE,PA,AEA,EN,Combined TRACON& Tower with Radar,33,43,52,0,128,0,1,68,0,69,33,44,120,0,197,114,0,114,311
07/29/2008,ABE,PA,AEA,EN,Combined TRACON& Tower with Radar,39,37,48,1,125,0,1,96,2,99,39,38,144,3,224,172,0,172,396
07/30/2008,ABE,PA,AEA,EN,Combined TRACON& Tower with Radar,36,40,46,0,122,0,1,49,0,50,36,41,95,0,172,182,0,182,354
07/31/2008,ABE,PA,AEA,EN,Combined TRACON& Tower with Radar,35,44,89,1,169,0,0,69,1,70,35,44,158,2,239,168,2,170,409
08/01/2008,ABE,PA,AEA,EN,Combined TRACON& Tower with Radar,48,36,46,1,131,0,1,102,1,104,48,37,148,2,235,130,0,130,365
08/02/2008,ABE,PA,AEA,EN,Combined TRACON& Tower with Radar,40,30,38,0,108,0,0,32,0,32,40,30,70,0,140,130,0,130,270
08/03/2008,ABE,PA,AEA,EN,Combined TRACON& Tower with Radar,29,29,59,0,117,0,0,104,0,104,29,29,163,0,221,165,0,165,386
08/04/2008,ABE,PA,AEA,EN,Combined TRACON& Tower with Radar,35,31,51,0,117,0,1,64,0,65,35,32,115,0,182,122,0,122,304
08/05/2008,ABE,PA,AEA,EN,Combined TRACON& Tower with Radar,37,37,65,2,141,0,1,74,0,75,37,38,139,2,216,238,0,238,454
08/06/2008,ABE,PA,AEA,EN,Combined TRACON& Tower with Radar,43,35,72,0,150,0,1,79,0,80,43,36,151,0,230,203,0,203,433
08/07/2008,ABE,PA,AEA,EN,Combined TRACON& Tower with Radar,47,31,39,0,117,0,0,71,0,71,47,31,110,0,188,154,0,154,342
08/08/2008,ABE,PA,AEA,EN,Combined TRACON& Tower with Radar,48,40,59,0,147,0,0,54,0,54,48,40,113,0,201,166,0,166,367
08/09/2008,ABE,PA,AEA,EN,Combined TRACON& Tower with Radar,35,25,54,0,114,0,99,0,0,99,35,124,54,0,213,132,0,132,345
08/10/2008,ABE,PA,AEA,EN,Combined TRACON& Tower with Radar,40,23,36,0,99,0,0,52,0,52,40,23,88,0,151,36,0,36,187
08/11/2008,ABE,PA,AEA,EN,Combined TRACON& Tower with Radar,40,23,47,0,110,0,0,58,0,58,40,23,105,0,168,24,0,24,192
08/12/2008,ABE,PA,AEA,EN,Combined TRACON& Tower with Radar,38,38,64,7,147,0,0,78,0,78,38,38,142,7,225,200,0,200,425
08/13/2008,ABE,PA,AEA,EN,Combined TRACON& Tower with Radar,41,34,57,0,132,0,3,112,1,116,41,37,169,1,248,183,22,205,453
08/14/2008,ABE,PA,AEA,EN,Combined TRACON& Tower with Radar,50,31,44,0,125,0,0,49,0,49,50,31,93,0,174,103,0,103,277
08/15/2008,ABE,PA,AEA,EN,Combined TRACON& Tower with Radar,51,43,29,0,123,0,5,16,0,21,51,48,45,0,144,64,0,64,208
08/16/2008,ABE,PA,AEA,EN,Combined TRACON& Tower with Radar,45,33,48,0,126,0,1,92,0,93,45,34,140,0,219,114,0,114,333
08/17/2008,ABE,PA,AEA,EN,Combined TRACON& Tower with Radar,31,28,57,0,116,0,0,125,0,125,31,28,182,0,241,164,0,164,405
08/18/2008,ABE,PA,AEA,EN,Combined TRACON& Tower with Radar,32,39,53,0,124,0,2,114,0,116,32,41,167,0,240,227,1,228,468
08/19/2008,ABE,PA,AEA,EN,Combined TRACON& Tower with Radar,44,38,45,0,127,0,5,110,0,115,44,43,155,0,242,188,0,188,430
08/20/2008,ABE,PA,AEA,EN,Combined TRACON& Tower with Radar,42,37,83,0,162,0,0,108,0,108,42,37,191,0,270,144,0,144,414
08/21/2008,ABE,PA,AEA,EN,Combined TRACON& Tower with Radar,41,37,53,6,137,0,0,121,1,122,41,37,174,7,259,124,0,124,383
08/22/2008,ABE,PA,AEA,EN,Combined TRACON& Tower with Radar,42,38,77,11,168,0,1,123,0,124,42,39,200,11,292,160,10,170,462
08/23/2008,ABE,PA,AEA,EN,Combined TRACON& Tower with Radar,30,24,54,0,108,0,0,107,0,107,30,24,161,0,215,184,0,184,399
08/24/2008,ABE,PA,AEA,EN,Combined TRACON& Tower with Radar,28,27,77,0,132,0,2,57,0,59,28,29,134,0,191,154,0,154,345
08/25/2008,ABE,PA,AEA,EN,Combined TRACON& Tower with Radar,35,42,49,0,126,0,3,38,0,41,35,45,87,0,167,140,0,140,307
08/26/2008,ABE,PA,AEA,EN,Combined TRACON& Tower with Radar,36,32,51,0,119,0,1,95,0,96,36,33,146,0,215,184,0,184,399
08/27/2008,ABE,PA,AEA,EN,Combined TRACON& Tower with Radar,37,38,59,0,134,0,0,106,0,106,37,38,165,0,240,172,16,188,428
08/28/2008,ABE,PA,AEA,EN,Combined TRACON& Tower with Radar,38,42,51,0,131,0,4,95,0,99,38,46,146,0,230,181,0,181,411
08/29/2008,ABE,PA,AEA,EN,Combined TRACON& Tower with Radar,41,33,75,4,153,0,1,56,0,57,41,34,131,4,210,162,0,162,372
08/30/2008,ABE,PA,AEA,EN,Combined TRACON& Tower with Radar,28,32,71,0,131,0,0,16,0,16,28,32,87,0,147,32,0,32,179
08/31/2008,ABE,PA,AEA,EN,Combined TRACON& Tower with Radar,23,20,41,0,84,0,0,80,0,80,23,20,121,0,164,0,0,0,164
09/01/2008,ABE,PA,AEA,EN,Combined TRACON& Tower with Radar,9,48,32,1,90,0,1,86,0,87,9,49,118,1,177,199,0,199,376
09/02/2008,ABE,PA,AEA,EN,Combined TRACON& Tower with Radar,13,50,41,2,106,0,1,74,1,76,13,51,115,3,182,204,2,206,388
09/03/2008,ABE,PA,AEA,EN,Combined TRACON& Tower with Radar,20,50,33,0,103,0,2,52,0,54,20,52,85,0,157,109,0,109,266
09/04/2008,ABE,PA,AEA,EN,Combined TRACON& Tower with Radar,22,59,55,0,136,0,4,70,0,74,22,63,125,0,210,140,9,149,359
09/05/2008,ABE,PA,AEA,EN,Combined TRACON& Tower with Radar,19,60,49,2,130,0,3,56,0,59,19,63,105,2,189,225,0,225,414
09/06/2008,ABE,PA,AEA,EN,Combined TRACON& Tower with Radar,6,36,16,0,58,0,0,0,0,0,6,36,16,0,58,28,0,28,86
09/07/2008,ABE,PA,AEA,EN,Combined TRACON& Tower with Radar,8,40,26,0,74,0,1,62,0,63,8,41,88,0,137,164,0,164,301
09/08/2008,ABE,PA,AEA,EN,Combined TRACON& Tower with Radar,14,55,56,0,125,0,4,81,0,85,14,59,137,0,210,185,0,185,395
09/09/2008,ABE,PA,AEA,EN,Combined TRACON& Tower with Radar,16,57,55,10,138,0,2,9,0,11,16,59,64,10,149,64,6,70,219
09/10/2008,ABE,PA,AEA,EN,Combined TRACON& Tower with Radar,18,49,48,1,116,0,1,65,2,68,18,50,113,3,184,138,0,138,322
09/11/2008,ABE,PA,AEA,EN,Combined TRACON& Tower with Radar,18,58,40,2,118,0,0,74,0,74,18,58,114,2,192,220,0,220,412
09/12/2008,ABE,PA,AEA,EN,Combined TRACON& Tower with Radar,19,67,65,2,153,0,0,4,0,4,19,67,69,2,157,38,0,38,195
09/13/2008,ABE,PA,AEA,EN,Combined TRACON& Tower with Radar,8,39,53,0,100,0,0,19,0,19,8,39,72,0,119,205,0,205,324
09/14/2008,ABE,PA,AEA,EN,Combined TRACON& Tower with Radar,13,44,41,1,99,0,0,49,1,50,13,44,90,2,149,155,11,166,315
09/15/2008,ABE,PA,AEA,EN,Combined TRACON& Tower with Radar,14,53,31,2,100,0,1,38,2,41,14,54,69,4,141,181,6,187,328
09/16/2008,ABE,PA,AEA,EN,Combined TRACON& Tower with Radar,20,52,36,1,109,0,1,74,2,77,20,53,110,3,186,239,2,241,427
09/17/2008,ABE,PA,AEA,EN,Combined TRACON& Tower with Radar,20,52,39,0,111,0,1,83,0,84,20,53,122,0,195,159,3,162,357
09/18/2008,ABE,PA,AEA,EN,Combined TRACON& Tower with Radar,18,52,45,4,119,0,3,53,2,58,18,55,98,6,177,222,8,230,407
09/19/2008,ABE,PA,AEA,EN,Combined TRACON& Tower with Radar,18,56,45,2,121,0,1,95,0,96,18,57,140,2,217,162,0,162,379
09/20/2008,ABE,PA,AEA,EN,Combined TRACON& Tower with Radar,9,34,29,0,72,0,2,53,2,57,9,36,82,2,129,179,0,179,308
09/21/2008,ABE,PA,AEA,EN,Combined TRACON& Tower with Radar,9,44,26,0,79,0,0,65,0,65,9,44,91,0,144,142,0,142,286
09/22/2008,ABE,PA,AEA,EN,Combined TRACON& Tower with Radar,14,54,46,2,116,0,1,38,1,40,14,55,84,3,156,155,0,155,311
09/23/2008,ABE,PA,AEA,EN,Combined TRACON& Tower with Radar,18,48,84,2,152,0,0,58,1,59,18,48,142,3,211,99,0,99,310
09/24/2008,ABE,PA,AEA,EN,Combined TRACON& Tower with Radar,22,48,56,0,126,0,1,53,1,55,22,49,109,1,181,124,0,124,305
09/25/2008,ABE,PA,AEA,EN,Combined TRACON& Tower with Radar,17,63,30,2,112,0,1,23,0,24,17,64,53,2,136,104,2,106,242
09/26/2008,ABE,PA,AEA,EN,Combined TRACON& Tower with Radar,19,55,27,0,101,0,0,0,0,0,19,55,27,0,101,0,0,0,101
09/27/2008,ABE,PA,AEA,EN,Combined TRACON& Tower with Radar,8,38,34,0,80,0,0,0,0,0,8,38,34,0,80,0,0,0,80
09/28/2008,ABE,PA,AEA,EN,Combined TRACON& Tower with Radar,13,45,29,0,87,0,2,1,0,3,13,47,30,0,90,2,0,2,92
09/29/2008,ABE,PA,AEA,EN,Combined TRACON& Tower with Radar,14,58,47,0,119,0,0,54,1,55,14,58,101,1,174,104,0,104,278
09/30/2008,ABE,PA,AEA,EN,Combined TRACON& Tower with Radar,18,45,51,3,117,0,2,42,0,44,18,47,93,3,161,146,6,152,313
10/01/2008,ABE,PA,AEA,EN,Combined TRACON& Tower with Radar,17,52,62,2,133,0,4,18,0,22,17,56,80,2,155,126,0,126,281
10/02/2008,ABE,PA,AEA,EN,Combined TRACON& Tower with Radar,21,57,37,2,117,0,3,48,0,51,21,60,85,2,168,198,0,198,366
10/03/2008,ABE,PA,AEA,EN,Combined TRACON& Tower with Radar,19,63,45,0,127,0,1,60,0,61,19,64,105,0,188,117,5,122,310
10/04/2008,ABE,PA,AEA,EN,Combined TRACON& Tower with Radar,6,38,31,2,77,0,2,66,0,68,6,40,97,2,145,199,0,199,344
10/05/2008,ABE,PA,AEA,EN,Combined TRACON& Tower with Radar,9,47,62,13,131,0,1,37,0,38,9,48,99,13,169,150,20,170,339
10/06/2008,ABE,PA,AEA,EN,Combined TRACON& Tower with Radar,14,50,25,0,89,0,0,45,0,45,14,50,70,0,134,158,0,158,292
10/07/2008,ABE,PA,AEA,EN,Combined TRACON& Tower with Radar,16,55,63,2,136,0,2,86,2,90,16,57,149,4,226,185,0,185,411
10/08/2008,ABE,PA,AEA,EN,Combined TRACON& Tower with Radar,19,59,58,3,139,0,0,61,0,61,19,59,119,3,200,171,0,171,371
10/09/2008,ABE,PA,AEA,EN,Combined TRACON& Tower with Radar,20,58,46,15,139,0,0,53,0,53,20,58,99,15,192,145,0,145,337
10/10/2008,ABE,PA,AEA,EN,Combined TRACON& Tower with Radar,21,53,46,6,126,0,0,61,0,61,21,53,107,6,187,240,4,244,431
10/11/2008,ABE,PA,AEA,EN,Combined TRACON& Tower with Radar,6,37,48,0,91,0,3,74,0,77,6,40,122,0,168,122,0,122,290
10/12/2008,ABE,PA,AEA,EN,Combined TRACON& Tower with Radar,10,40,33,0,83,0,0,81,0,81,10,40,114,0,164,144,0,144,308
10/13/2008,ABE,PA,AEA,EN,Combined TRACON& Tower with Radar,14,53,42,0,109,0,0,45,0,45,14,53,87,0,154,183,0,183,337
10/14/2008,ABE,PA,AEA,EN,Combined TRACON& Tower with Radar,16,52,43,0,111,0,1,39,0,40,16,53,82,0,151,197,0,197,348
10/15/2008,ABE,PA,AEA,EN,Combined TRACON& Tower with Radar,18,49,50,2,119,0,0,76,0,76,18,49,126,2,195,239,0,239,434
10/16/2008,ABE,PA,AEA,EN,Combined TRACON& Tower with Radar,22,57,40,0,119,0,1,25,0,26,22,58,65,0,145,196,0,196,341
10/17/2008,ABE,PA,AEA,EN,Combined TRACON& Tower with Radar,21,58,58,0,137,0,3,101,0,104,21,61,159,0,241,218,1,219,460
10/18/2008,ABE,PA,AEA,EN,Combined TRACON& Tower with Radar,7,40,30,0,77,0,3,63,0,66,7,43,93,0,143,157,0,157,300
10/19/2008,ABE,PA,AEA,EN,Combined TRACON& Tower with Radar,11,46,40,0,97,0,4,62,0,66,11,50,102,0,163,0,0,0,163
10/20/2008,ABE,PA,AEA,EN,Combined TRACON& Tower with Radar,14,48,43,6,111,0,0,71,2,73,14,48,114,8,184,146,6,152,336
10/21/2008,ABE,PA,AEA,EN,Combined TRACON& Tower with Radar,16,49,27,4,96,0,0,29,2,31,16,49,56,6,127,88,0,88,215
10/22/2008,ABE,PA,AEA,EN,Combined TRACON& Tower with Radar,18,55,26,0,99,0,0,26,0,26,18,55,52,0,125,90,0,90,215
10/23/2008,ABE,PA,AEA,EN,Combined TRACON& Tower with Radar,20,57,70,13,160,0,0,89,1,90,20,57,159,14,250,167,24,191,441
10/24/2008,ABE,PA,AEA,EN,Combined TRACON& Tower with Radar,19,55,64,0,138,0,0,52,2,54,19,55,116,2,192,205,0,205,397
10/25/2008,ABE,PA,AEA,EN,Combined TRACON& Tower with Radar,6,43,34,0,83,0,0,0,0,0,6,43,34,0,83,2,0,2,85
10/26/2008,ABE,PA,AEA,EN,Combined TRACON& Tower with Radar,10,45,43,0,98,0,1,66,0,67,10,46,109,0,165,176,0,176,341
10/27/2008,ABE,PA,AEA,EN,Combined TRACON& Tower with Radar,15,43,31,2,91,0,0,42,0,42,15,43,73,2,133,58,6,64,197
10/28/2008,ABE,PA,AEA,EN,Combined TRACON& Tower with Radar,16,52,16,0,84,0,0,0,0,0,16,52,16,0,84,6,0,6,90
10/29/2008,ABE,PA,AEA,EN,Combined TRACON& Tower with Radar,18,51,24,1,94,0,4,9,1,14,18,55,33,2,108,42,0,42,150
10/30/2008,ABE,PA,AEA,EN,Combined TRACON& Tower with Radar,20,61,43,2,126,0,0,76,0,76,20,61,119,2,202,177,0,177,379
10/31/2008,ABE,PA,AEA,EN,Combined TRACON& Tower with Radar,19,52,55,0,126,0,0,68,0,68,19,52,123,0,194,218,0,218,412
11/01/2008,ABE,PA,AEA,EN,Combined TRACON& Tower with Radar,6,39,38,2,85,0,1,59,0,60,6,40,97,2,145,197,0,197,342
11/02/2008,ABE,PA,AEA,EN,Combined TRACON& Tower with Radar,9,44,41,1,95,0,2,71,3,76,9,46,112,4,171,210,4,214,385
11/03/2008,ABE,PA,AEA,EN,Combined TRACON& Tower with Radar,12,53,42,0,107,0,1,10,0,11,12,54,52,0,118,0,0,0,118
11/04/2008,ABE,PA,AEA,EN,Combined TRACON& Tower with Radar,16,49,40,19,124,0,0,33,3,36,16,49,73,22,160,148,58,206,366
11/05/2008,ABE,PA,AEA,EN,Combined TRACON& Tower with Radar,18,52,38,0,108,0,5,21,0,26,18,57,59,0,134,130,6,136,270
11/06/2008,ABE,PA,AEA,EN,Combined TRACON& Tower with Radar,18,55,45,1,119,0,0,4,0,4,18,55,49,1,123,44,0,44,167
11/07/2008,ABE,PA,AEA,EN,Combined TRACON& Tower with Radar,17,54,73,3,147,0,4,16,0,20,17,58,89,3,167,142,0,142,309
11/08/2008,ABE,PA,AEA,EN,Combined TRACON& Tower with Radar,9,45,54,1,109,0,2,2,0,4,9,47,56,1,113,65,8,73,186
11/09/2008,ABE,PA,AEA,EN,Combined TRACON& Tower with Radar,10,41,56,0,107,0,1,89,4,94,10,42,145,4,201,186,0,186,387
11/10/2008,ABE,PA,AEA,EN,Combined TRACON& Tower with Radar,14,49,27,2,92,0,1,38,0,39,14,50,65,2,131,174,6,180,311
11/11/2008,ABE,PA,AEA,EN,Combined TRACON& Tower with Radar,16,52,53,6,127,0,7,65,0,72,16,59,118,6,199,146,0,146,345
11/12/2008,ABE,PA,AEA,EN,Combined TRACON& Tower with Radar,15,51,57,0,123,0,4,66,0,70,15,55,123,0,193,167,0,167,360
11/13/2008,ABE,PA,AEA,EN,Combined TRACON& Tower with Radar,25,49,35,0,109,0,0,2,0,2,25,49,37,0,111,17,0,17,128
11/14/2008,ABE,PA,AEA,EN,Combined TRACON& Tower with Radar,17,50,52,0,119,0,0,1,0,1,17,50,53,0,120,0,0,0,120
11/15/2008,ABE,PA,AEA,EN,Combined TRACON& Tower with Radar,10,40,23,0,73,0,0,4,0,4,10,40,27,0,77,0,0,0,77
11/16/2008,ABE,PA,AEA,EN,Combined TRACON& Tower with Radar,9,48,20,0,77,0,0,20,0,20,9,48,40,0,97,18,0,18,115
11/17/2008,ABE,PA,AEA,EN,Combined TRACON& Tower with Radar,16,57,22,4,99,0,0,37,1,38,16,57,59,5,137,97,0,97,234
11/18/2008,ABE,PA,AEA,EN,Combined TRACON& Tower with Radar,16,48,20,0,84,0,2,29,0,31,16,50,49,0,115,129,0,129,244
11/19/2008,ABE,PA,AEA,EN,Combined TRACON& Tower with Radar,18,59,31,0,108,0,4,47,0,51,18,63,78,0,159,110,0,110,269
11/20/2008,ABE,PA,AEA,EN,Combined TRACON& Tower with Radar,18,57,34,0,109,0,2,35,0,37,18,59,69,0,146,109,0,109,255
11/21/2008,ABE,PA,AEA,EN,Combined TRACON& Tower with Radar,17,51,39,0,107,0,4,44,0,48,17,55,83,0,155,152,0,152,307
11/22/2008,ABE,PA,AEA,EN,Combined TRACON& Tower with Radar,11,36,24,2,73,0,0,39,3,42,11,36,63,5,115,93,0,93,208
11/23/2008,ABE,PA,AEA,EN,Combined TRACON& Tower with Radar,10,44,60,0,114,0,0,87,0,87,10,44,147,0,201,235,0,235,436
11/24/2008,ABE,PA,AEA,EN,Combined TRACON& Tower with Radar,16,53,51,0,120,0,0,51,0,51,16,53,102,0,171,156,0,156,327
11/25/2008,ABE,PA,AEA,EN,Combined TRACON& Tower with Radar,22,65,51,10,148,0,0,10,0,10,22,65,61,10,158,115,28,143,301
11/26/2008,ABE,PA,AEA,EN,Combined TRACON& Tower with Radar,21,67,37,0,125,0,0,45,0,45,21,67,82,0,170,151,0,151,321
11/27/2008,ABE,PA,AEA,EN,Combined TRACON& Tower with Radar,4,28,13,0,45,0,0,36,1,37,4,28,49,1,82,118,0,118,200
11/28/2008,ABE,PA,AEA,EN,Combined TRACON& Tower with Radar,17,33,33,0,83,0,1,62,0,63,17,34,95,0,146,170,0,170,316
11/29/2008,ABE,PA,AEA,EN,Combined TRACON& Tower with Radar,14,56,49,0,119,0,0,81,0,81,14,56,130,0,200,187,0,187,387
11/30/2008,ABE,PA,AEA,EN,Combined TRACON& Tower with Radar,14,58,20,0,92,0,0,0,0,0,14,58,20,0,92,0,0,0,92
12/01/2008,ABE,PA,AEA,EN,Combined TRACON& Tower with Radar,16,61,19,0,96,0,1,12,0,13,16,62,31,0,109,44,0,44,153
12/02/2008,ABE,PA,AEA,EN,Combined TRACON& Tower with Radar,17,52,51,17,137,0,1,78,0,79,17,53,129,17,216,199,34,233,449
12/03/2008,ABE,PA,AEA,EN,Combined TRACON& Tower with Radar,14,52,64,10,140,0,2,78,0,80,14,54,142,10,220,212,10,222,442
12/04/2008,ABE,PA,AEA,EN,Combined TRACON& Tower with Radar,20,54,13,0,87,0,1,7,0,8,20,55,20,0,95,53,0,53,148
12/05/2008,ABE,PA,AEA,EN,Combined TRACON& Tower with Radar,17,60,39,2,118,0,6,71,2,79,17,66,110,4,197,108,0,108,305
12/06/2008,ABE,PA,AEA,EN,Combined TRACON& Tower with Radar,7,33,59,2,101,0,0,89,0,89,7,33,148,2,190,204,2,206,396
12/07/2008,ABE,PA,AEA,EN,Combined TRACON& Tower with Radar,9,41,10,2,62,0,0,3,0,3,9,41,13,2,65,19,0,19,84
12/08/2008,ABE,PA,AEA,EN,Combined TRACON& Tower with Radar,16,53,38,0,107,0,3,50,1,54,16,56,88,1,161,107,0,107,268
12/09/2008,ABE,PA,AEA,EN,Combined TRACON& Tower with Radar,16,53,42,0,111,0,3,43,1,47,16,56,85,1,158,70,2,72,230
12/10/2008,ABE,PA,AEA,EN,Combined TRACON& Tower with Radar,16,47,29,4,96,0,0,0,0,0,16,47,29,4,96,13,0,13,109
12/11/2008,ABE,PA,AEA,EN,Combined TRACON& Tower with Radar,20,53,29,0,102,0,0,0,0,0,20,53,29,0,102,3,0,3,105
12/12/2008,ABE,PA,AEA,EN,Combined TRACON& Tower with Radar,19,55,29,0,103,0,2,13,0,15,19,57,42,0,118,98,0,98,216
12/13/2008,ABE,PA,AEA,EN,Combined TRACON& Tower with Radar,9,31,48,0,88,0,5,65,0,70,9,36,113,0,158,172,0,172,330
12/14/2008,ABE,PA,AEA,EN,Combined TRACON& Tower with Radar,19,52,40,0,111,0,4,104,0,108,19,56,144,0,219,293,0,293,512
12/15/2008,ABE,PA,AEA,EN,Combined TRACON& Tower with Radar,18,51,38,0,107,0,1,17,0,18,18,52,55,0,125,93,0,93,218
12/16/2008,ABE,PA,AEA,EN,Combined TRACON& Tower with Radar,15,49,24,0,88,0,1,9,0,10,15,50,33,0,98,16,0,16,114
12/17/2008,ABE,PA,AEA,EN,Combined TRACON& Tower with Radar,17,53,20,0,90,0,5,2,0,7,17,58,22,0,97,8,0,8,105
12/18/2008,ABE,PA,AEA,EN,Combined TRACON& Tower with Radar,20,59,65,9,153,0,3,75,1,79,20,62,140,10,232,178,40,218,450
12/19/2008,ABE,PA,AEA,EN,Combined TRACON& Tower with Radar,16,25,9,0,50,0,1,0,0,1,16,26,9,0,51,0,0,0,51
12/20/2008,ABE,PA,AEA,EN,Combined TRACON& Tower with Radar,8,39,13,0,60,0,2,1,0,3,8,41,14,0,63,103,0,103,166
12/21/2008,ABE,PA,AEA,EN,Combined TRACON& Tower with Radar,10,36,4,0,50,0,1,2,0,3,10,37,6,0,53,17,0,17,70
12/22/2008,ABE,PA,AEA,EN,Combined TRACON& Tower with Radar,19,46,21,3,89,0,0,20,1,21,19,46,41,4,110,61,0,61,171
12/23/2008,ABE,PA,AEA,EN,Combined TRACON& Tower with Radar,23,44,26,11,104,0,2,43,0,45,23,46,69,11,149,124,2,126,275
12/24/2008,ABE,PA,AEA,EN,Combined TRACON& Tower with Radar,17,33,12,0,62,0,0,0,0,0,17,33,12,0,62,0,0,0,62
12/25/2008,ABE,PA,AEA,EN,Combined TRACON& Tower with Radar,9,25,6,0,40,0,0,13,0,13,9,25,19,0,53,10,0,10,63
12/26/2008,ABE,PA,AEA,EN,Combined TRACON& Tower with Radar,21,49,40,0,110,0,1,55,0,56,21,50,95,0,166,145,0,145,311
12/27/2008,ABE,PA,AEA,EN,Combined TRACON& Tower with Radar,3,13,13,0,29,0,0,0,0,0,3,13,13,0,29,0,0,0,29
12/28/2008,ABE,PA,AEA,EN,Combined TRACON& Tower with Radar,12,49,41,0,102,0,2,11,0,13,12,51,52,0,115,66,0,66,181
12/29/2008,ABE,PA,AEA,EN,Combined TRACON& Tower with Radar,21,45,40,0,106,0,0,69,0,69,21,45,109,0,175,209,0,209,384
12/30/2008,ABE,PA,AEA,EN,Combined TRACON& Tower with Radar,22,47,20,1,90,0,0,43,2,45,22,47,63,3,135,64,0,64,199
12/31/2008,ABE,PA,AEA,EN,Combined TRACON& Tower with Radar,18,40,9,0,67,0,0,2,0,2,18,40,11,0,69,28,0,28,97
01/02/2009,ABE,PA,AEA,EN,Combined TRACON& Tower with Radar,20,48,21,0,89,0,2,22,0,24,20,50,43,0,113,203,0,203,316
01/03/2009,ABE,PA,AEA,EN,Combined TRACON& Tower with Radar,11,35,43,0,89,0,2,65,0,67,11,37,108,0,156,150,0,150,306
01/04/2009,ABE,PA,AEA,EN,Combined TRACON& Tower with Radar,14,45,66,0,125,0,0,74,0,74,14,45,140,0,199,135,0,135,334
01/05/2009,ABE,PA,AEA,EN,Combined TRACON& Tower with Radar,13,48,35,0,96,0,1,42,0,43,13,49,77,0,139,66,0,66,205
01/06/2009,ABE,PA,AEA,EN,Combined TRACON& Tower with Radar,10,43,31,0,84,0,1,29,1,31,10,44,60,1,115,125,0,125,240
01/07/2009,ABE,PA,AEA,EN,Combined TRACON& Tower with Radar,8,41,9,0,58,0,0,0,0,0,8,41,9,0,58,0,0,0,58
01/08/2009,ABE,PA,AEA,EN,Combined TRACON& Tower with Radar,14,52,23,0,89,0,0,10,0,10,14,52,33,0,99,92,0,92,191
01/09/2009,ABE,PA,AEA,EN,Combined TRACON& Tower with Radar,13,47,33,0,93,0,0,30,0,30,13,47,63,0,123,62,0,62,185
01/10/2009,ABE,PA,AEA,EN,Combined TRACON& Tower with Radar,5,32,8,0,45,0,1,0,0,1,5,33,8,0,46,2,0,2,48
01/11/2009,ABE,PA,AEA,EN,Combined TRACON& Tower with Radar,8,48,21,0,77,0,1,8,0,9,8,49,29,0,86,68,0,68,154
01/12/2009,ABE,PA,AEA,EN,Combined TRACON& Tower with Radar,14,50,39,1,104,0,4,55,1,60,14,54,94,2,164,156,0,156,320
01/13/2009,ABE,PA,AEA,EN,Combined TRACON& Tower with Radar,10,56,41,4,111,0,3,42,1,46,10,59,83,5,157,175,0,175,332
01/14/2009,ABE,PA,AEA,EN,Combined TRACON& Tower with Radar,12,51,24,0,87,0,1,33,0,34,12,52,57,0,121,65,1,66,187
01/15/2009,ABE,PA,AEA,EN,Combined TRACON& Tower with Radar,12,54,24,2,92,0,3,12,0,15,12,57,36,2,107,37,0,37,144
01/16/2009,ABE,PA,AEA,EN,Combined TRACON& Tower with Radar,15,50,24,0,89,0,0,30,2,32,15,50,54,2,121,168,0,168,289
01/17/2009,ABE,PA,AEA,EN,Combined TRACON& Tower with Radar,7,41,23,0,71,0,3,45,0,48,7,44,68,0,119,101,0,101,220
01/18/2009,ABE,PA,AEA,EN,Combined TRACON& Tower with Radar,10,40,21,0,71,0,0,11,0,11,10,40,32,0,82,34,0,34,116
01/19/2009,ABE,PA,AEA,EN,Combined TRACON& Tower with Radar,14,51,19,0,84,0,0,6,0,6,14,51,25,0,90,9,0,9,99
01/20/2009,ABE,PA,AEA,EN,Combined TRACON& Tower with Radar,11,51,25,0,87,0,2,40,0,42,11,53,65,0,129,110,0,110,239
01/21/2009,ABE,PA,AEA,EN,Combined TRACON& Tower with Radar,8,51,41,1,101,0,1,51,1,53,8,52,92,2,154,151,0,151,305
01/22/2009,ABE,PA,AEA,EN,Combined TRACON& Tower with Radar,12,49,53,8,122,0,6,63,0,69,12,55,116,8,191,172,12,184,375
01/23/2009,ABE,PA,AEA,EN,Combined TRACON& Tower with Radar,15,54,73,0,142,0,1,91,0,92,15,55,164,0,234,184,0,184,418
01/24/2009,ABE,PA,AEA,EN,Combined TRACON& Tower with Radar,5,38,16,2,61,0,3,50,0,53,5,41,66,2,114,88,0,88,202
01/25/2009,ABE,PA,AEA,EN,Combined TRACON& Tower with Radar,9,45,71,0,125,0,4,105,0,109,9,49,176,0,234,200,0,200,434
01/26/2009,ABE,PA,AEA,EN,Combined TRACON& Tower with Radar,12,50,39,0,101,0,2,57,0,59,12,52,96,0,160,166,0,166,326
01/27/2009,ABE,PA,AEA,EN,Combined TRACON& Tower with Radar,9,46,33,0,88,0,2,29,0,31,9,48,62,0,119,164,0,164,283
01/28/2009,ABE,PA,AEA,EN,Combined TRACON& Tower with Radar,9,32,7,0,48,0,0,0,0,0,9,32,7,0,48,3,0,3,51
01/29/2009,ABE,PA,AEA,EN,Combined TRACON& Tower with Radar,14,53,33,0,100,0,0,40,0,40,14,53,73,0,140,162,0,162,302
01/30/2009,ABE,PA,AEA,EN,Combined TRACON& Tower with Radar,13,49,31,2,95,0,4,18,0,22,13,53,49,2,117,0,0,0,117
01/31/2009,ABE,PA,AEA,EN,Combined TRACON& Tower with Radar,7,34,37,0,78,0,3,51,0,54,7,37,88,0,132,247,0,247,379
02/01/2009,ABE,PA,AEA,EN,Combined TRACON& Tower with Radar,10,40,39,0,89,0,0,71,0,71,10,40,110,0,160,288,0,288,448
02/02/2009,ABE,PA,AEA,EN,Combined TRACON& Tower with Radar,12,48,36,6,102,0,0,37,0,37,12,48,73,6,139,58,0,58,197
02/03/2009,ABE,PA,AEA,EN,Combined TRACON& Tower with Radar,12,43,10,0,65,0,0,0,0,0,12,43,10,0,65,0,0,0,65
02/04/2009,ABE,PA,AEA,EN,Combined TRACON& Tower with Radar,11,46,33,1,91,0,0,36,1,37,11,46,69,2,128,92,0,92,220
02/05/2009,ABE,PA,AEA,EN,Combined TRACON& Tower with Radar,14,57,28,0,99,0,3,24,0,27,14,60,52,0,126,59,1,60,186
02/06/2009,ABE,PA,AEA,EN,Combined TRACON& Tower with Radar,12,54,32,5,103,0,1,56,0,57,12,55,88,5,160,156,0,156,316
02/07/2009,ABE,PA,AEA,EN,Combined TRACON& Tower with Radar,8,33,39,0,80,0,1,60,0,61,8,34,99,0,141,183,0,183,324
02/08/2009,ABE,PA,AEA,EN,Combined TRACON& Tower with Radar,8,45,37,0,90,0,3,51,0,54,8,48,88,0,144,182,0,182,326
02/09/2009,ABE,PA,AEA,EN,Combined TRACON& Tower with Radar,11,49,47,10,117,0,2,72,0,74,11,51,119,10,191,224,0,224,415
02/10/2009,ABE,PA,AEA,EN,Combined TRACON& Tower with Radar,12,52,36,0,100,0,0,40,0,40,12,52,76,0,140,111,0,111,251
02/11/2009,ABE,PA,AEA,EN,Combined TRACON& Tower with Radar,12,47,39,7,105,0,2,34,0,36,12,49,73,7,141,157,2,159,300
02/12/2009,ABE,PA,AEA,EN,Combined TRACON& Tower with Radar,17,49,15,0,81,0,0,3,0,3,17,49,18,0,84,4,0,4,88
02/13/2009,ABE,PA,AEA,EN,Combined TRACON& Tower with Radar,17,46,29,1,93,0,0,36,1,37,17,46,65,2,130,100,0,100,230
02/14/2009,ABE,PA,AEA,EN,Combined TRACON& Tower with Radar,10,32,41,0,83,0,0,85,0,85,10,32,126,0,168,206,0,206,374
02/15/2009,ABE,PA,AEA,EN,Combined TRACON& Tower with Radar,9,40,35,0,84,0,0,65,0,65,9,40,100,0,149,167,0,167,316
02/16/2009,ABE,PA,AEA,EN,Combined TRACON& Tower with Radar,14,48,29,0,91,0,6,61,0,67,14,54,90,0,158,186,0,186,344
02/17/2009,ABE,PA,AEA,EN,Combined TRACON& Tower with Radar,17,48,48,0,113,0,2,88,0,90,17,50,136,0,203,177,0,177,380
02/18/2009,ABE,PA,AEA,EN,Combined TRACON& Tower with Radar,14,54,26,0,94,0,0,4,0,4,14,54,30,0,98,20,0,20,118
02/19/2009,ABE,PA,AEA,EN,Combined TRACON& Tower with Radar,14,52,19,0,85,0,0,7,0,7,14,52,26,0,92,6,0,6,98
02/20/2009,ABE,PA,AEA,EN,Combined TRACON& Tower with Radar,18,51,19,0,88,0,2,11,0,13,18,53,30,0,101,43,0,43,144
02/21/2009,ABE,PA,AEA,EN,Combined TRACON& Tower with Radar,10,36,65,0,111,0,0,117,0,117,10,36,182,0,228,290,0,290,518
02/22/2009,ABE,PA,AEA,EN,Combined TRACON& Tower with Radar,11,42,12,0,65,0,0,1,0,1,11,42,13,0,66,0,0,0,66
02/23/2009,ABE,PA,AEA,EN,Combined TRACON& Tower with Radar,18,41,17,0,76,0,8,16,0,24,18,49,33,0,100,16,0,16,116
02/24/2009,ABE,PA,AEA,EN,Combined TRACON& Tower with Radar,14,46,41,0,101,0,5,71,0,76,14,51,112,0,177,122,0,122,299
02/25/2009,ABE,PA,AEA,EN,Combined TRACON& Tower with Radar,16,50,61,0,127,0,3,95,0,98,16,53,156,0,225,278,0,278,503
02/26/2009,ABE,PA,AEA,EN,Combined TRACON& Tower with Radar,16,48,38,2,104,0,7,56,0,63,16,55,94,2,167,147,2,149,316
02/27/2009,ABE,PA,AEA,EN,Combined TRACON& Tower with Radar,17,47,22,0,86,0,5,10,0,15,17,52,32,0,101,56,0,56,157
02/28/2009,ABE,PA,AEA,EN,Combined TRACON& Tower with Radar,10,39,51,0,100,0,1,87,0,88,10,40,138,0,188,228,0,228,416
03/01/2009,ABE,PA,AEA,EN,Combined TRACON& Tower with Radar,10,32,24,0,66,0,2,39,0,41,10,34,63,0,107,90,0,90,197
03/02/2009,ABE,PA,AEA,EN,Combined TRACON& Tower with Radar,15,42,7,0,64,0,0,1,0,1,15,42,8,0,65,5,0,5,70
03/03/2009,ABE,PA,AEA,EN,Combined TRACON& Tower with Radar,12,51,24,0,87,0,0,32,0,32,12,51,56,0,119,147,0,147,266
03/04/2009,ABE,PA,AEA,EN,Combined TRACON& Tower with Radar,11,52,28,1,92,0,1,50,0,51,11,53,78,1,143,201,0,201,344
03/05/2009,ABE,PA,AEA,EN,Combined TRACON& Tower with Radar,12,55,57,7,131,0,2,83,1,86,12,57,140,8,217,180,0,180,397
03/06/2009,ABE,PA,AEA,EN,Combined TRACON& Tower with Radar,18,57,38,0,113,0,2,52,0,54,18,59,90,0,167,128,0,128,295
03/07/2009,ABE,PA,AEA,EN,Combined TRACON& Tower with Radar,10,37,41,0,88,0,0,94,0,94,10,37,135,0,182,215,0,215,397
03/08/2009,ABE,PA,AEA,EN,Combined TRACON& Tower with Radar,10,39,43,0,92,0,0,37,2,39,10,39,80,2,131,140,0,140,271
03/09/2009,ABE,PA,AEA,EN,Combined TRACON& Tower with Radar,13,59,19,20,111,0,1,13,0,14,13,60,32,20,125,74,14,88,213
03/10/2009,ABE,PA,AEA,EN,Combined TRACON& Tower with Radar,14,51,42,0,107,0,0,8,0,8,14,51,50,0,115,136,0,136,251
03/11/2009,ABE,PA,AEA,EN,Combined TRACON& Tower with Radar,18,51,28,0,97,0,0,13,0,13,18,51,41,0,110,59,0,59,169
03/12/2009,ABE,PA,AEA,EN,Combined TRACON& Tower with Radar,20,50,39,0,109,0,1,86,0,87,20,51,125,0,196,177,0,177,373
03/13/2009,ABE,PA,AEA,EN,Combined TRACON& Tower with Radar,13,52,40,0,105,0,0,87,0,87,13,52,127,0,192,192,0,192,384
03/14/2009,ABE,PA,AEA,EN,Combined TRACON& Tower with Radar,12,35,36,0,83,0,0,86,1,87,12,35,122,1,170,240,0,240,410
03/15/2009,ABE,PA,AEA,EN,Combined TRACON& Tower with Radar,15,41,35,0,91,0,0,47,0,47,15,41,82,0,138,155,0,155,293
03/16/2009,ABE,PA,AEA,EN,Combined TRACON& Tower with Radar,12,51,51,1,115,0,0,40,0,40,12,51,91,1,155,188,1,189,344
03/17/2009,ABE,PA,AEA,EN,Combined TRACON& Tower with Radar,14,47,38,8,107,0,2,67,0,69,14,49,105,8,176,193,14,207,383
03/18/2009,ABE,PA,AEA,EN,Combined TRACON& Tower with Radar,21,52,51,4,128,0,1,45,0,46,21,53,96,4,174,134,28,162,336
03/19/2009,ABE,PA,AEA,EN,Combined TRACON& Tower with Radar,18,48,38,0,104,0,1,19,0,20,18,49,57,0,124,71,0,71,195
03/20/2009,ABE,PA,AEA,EN,Combined TRACON& Tower with Radar,11,49,29,0,89,0,0,67,0,67,11,49,96,0,156,182,0,182,338
03/21/2009,ABE,PA,AEA,EN,Combined TRACON& Tower with Radar,10,36,50,0,96,0,2,121,1,124,10,38,171,1,220,303,0,303,523
03/22/2009,ABE,PA,AEA,EN,Combined TRACON& Tower with Radar,13,43,34,0,90,0,4,71,0,75,13,47,105,0,165,158,0,158,323
03/23/2009,ABE,PA,AEA,EN,Combined TRACON& Tower with Radar,14,50,13,0,77,0,4,30,0,34,14,54,43,0,111,50,0,50,161
03/24/2009,ABE,PA,AEA,EN,Combined TRACON& Tower with Radar,14,47,23,0,84,0,1,42,0,43,14,48,65,0,127,162,0,162,289
03/25/2009,ABE,PA,AEA,EN,Combined TRACON& Tower with Radar,18,48,32,8,106,0,0,66,4,70,18,48,98,12,176,90,12,102,278
03/26/2009,ABE,PA,AEA,EN,Combined TRACON& Tower with Radar,16,35,25,0,76,0,0,1,0,1,16,35,26,0,77,0,0,0,77
03/27/2009,ABE,PA,AEA,EN,Combined TRACON& Tower with Radar,16,28,15,0,59,0,0,46,0,46,16,28,61,0,105,252,0,252,357
03/28/2009,ABE,PA,AEA,EN,Combined TRACON& Tower with Radar,11,24,14,0,49,0,0,1,0,1,11,24,15,0,50,90,0,90,140
03/29/2009,ABE,PA,AEA,EN,Combined TRACON& Tower with Radar,12,29,6,0,47,0,0,1,0,1,12,29,7,0,48,30,0,30,78
03/30/2009,ABE,PA,AEA,EN,Combined TRACON& Tower with Radar,10,27,6,0,43,0,0,4,0,4,10,27,10,0,47,58,0,58,105
03/31/2009,ABE,PA,AEA,EN,Combined TRACON& Tower with Radar,10,30,9,1,50,0,0,31,0,31,10,30,40,1,81,201,0,201,282
04/01/2009,ABE,PA,AEA,EN,Combined TRACON& Tower with Radar,12,49,58,0,119,0,0,0,0,0,12,49,58,0,119,22,0,22,141
04/02/2009,ABE,PA,AEA,EN,Combined TRACON& Tower with Radar,14,54,51,6,125,0,2,36,0,38,14,56,87,6,163,134,6,140,303
04/03/2009,ABE,PA,AEA,EN,Combined TRACON& Tower with Radar,15,59,31,0,105,0,0,0,0,0,15,59,31,0,105,9,0,9,114
04/04/2009,ABE,PA,AEA,EN,Combined TRACON& Tower with Radar,15,37,16,0,68,0,2,2,0,4,15,39,18,0,72,3,0,3,75
04/05/2009,ABE,PA,AEA,EN,Combined TRACON& Tower with Radar,8,40,44,0,92,0,1,101,2,104,8,41,145,2,196,206,0,206,402
04/06/2009,ABE,PA,AEA,EN,Combined TRACON& Tower with Radar,12,54,51,0,117,0,0,3,0,3,12,54,54,0,120,5,0,5,125
04/07/2009,ABE,PA,AEA,EN,Combined TRACON& Tower with Radar,10,47,30,0,87,0,1,27,0,28,10,48,57,0,115,56,0,56,171
04/08/2009,ABE,PA,AEA,EN,Combined TRACON& Tower with Radar,16,55,28,7,106,0,3,50,1,54,16,58,78,8,160,129,4,133,293
04/09/2009,ABE,PA,AEA,EN,Combined TRACON& Tower with Radar,16,56,61,15,148,0,4,83,7,94,16,60,144,22,242,331,38,369,611
04/10/2009,ABE,PA,AEA,EN,Combined TRACON& Tower with Radar,13,49,23,0,85,0,4,35,0,39,13,53,58,0,124,331,38,369,493
04/11/2009,ABE,PA,AEA,EN,Combined TRACON& Tower with Radar,11,37,39,0,87,0,0,2,0,2,11,37,41,0,89,38,0,38,127
04/12/2009,ABE,PA,AEA,EN,Combined TRACON& Tower with Radar,10,37,11,0,58,0,0,25,0,25,10,37,36,0,83,76,0,76,159
04/13/2009,ABE,PA,AEA,EN,Combined TRACON& Tower with Radar,10,48,37,0,95,0,5,60,0,65,10,53,97,0,160,270,0,270,430
04/14/2009,ABE,PA,AEA,EN,Combined TRACON& Tower with Radar,10,48,47,0,105,0,0,3,0,3,10,48,50,0,108,0,0,0,108
04/15/2009,ABE,PA,AEA,EN,Combined TRACON& Tower with Radar,16,49,31,0,96,0,0,20,1,21,16,49,51,1,117,34,0,34,151
04/16/2009,ABE,PA,AEA,EN,Combined TRACON& Tower with Radar,14,59,49,11,133,0,2,80,1,83,14,61,129,12,216,263,8,271,487
04/17/2009,ABE,PA,AEA,EN,Combined TRACON& Tower with Radar,13,48,47,0,108,0,1,81,0,82,13,49,128,0,190,193,0,193,383
04/18/2009,ABE,PA,AEA,EN,Combined TRACON& Tower with Radar,11,31,39,1,82,0,0,101,0,101,11,31,140,1,183,279,0,279,462
04/19/2009,ABE,PA,AEA,EN,Combined TRACON& Tower with Radar,12,39,30,0,81,0,0,71,0,71,12,39,101,0,152,174,0,174,326
04/20/2009,ABE,PA,AEA,EN,Combined TRACON& Tower with Radar,12,53,46,0,111,0,0,2,0,2,12,53,48,0,113,16,0,16,129
04/21/2009,ABE,PA,AEA,EN,Combined TRACON& Tower with Radar,12,59,39,0,110,0,2,9,0,11,12,61,48,0,121,46,0,46,167
04/22/2009,ABE,PA,AEA,EN,Combined TRACON& Tower with Radar,14,59,45,0,118,0,0,34,0,34,14,59,79,0,152,125,0,125,277
04/23/2009,ABE,PA,AEA,EN,Combined TRACON& Tower with Radar,16,49,30,17,112,0,4,49,0,53,16,53,79,17,165,179,14,193,358
04/24/2009,ABE,PA,AEA,EN,Combined TRACON& Tower with Radar,11,53,55,0,119,0,1,68,0,69,11,54,123,0,188,208,0,208,396
04/25/2009,ABE,PA,AEA,EN,Combined TRACON& Tower with Radar,9,32,12,0,53,0,2,74,0,76,9,34,86,0,129,288,0,288,417
04/26/2009,ABE,PA,AEA,EN,Combined TRACON& Tower with Radar,12,42,40,0,94,0,4,92,0,96,12,46,132,0,190,215,0,215,405
04/27/2009,ABE,PA,AEA,EN,Combined TRACON& Tower with Radar,10,52,21,4,87,0,6,70,0,76,10,58,91,4,163,243,12,255,418
04/28/2009,ABE,PA,AEA,EN,Combined TRACON& Tower with Radar,14,49,46,0,109,0,5,67,0,72,14,54,113,0,181,249,0,249,430
04/29/2009,ABE,PA,AEA,EN,Combined TRACON& Tower with Radar,12,51,47,12,122,0,5,48,0,53,12,56,95,12,175,174,28,202,377
04/30/2009,ABE,PA,AEA,EN,Combined TRACON& Tower with Radar,14,53,30,14,111,0,1,33,0,34,14,54,63,14,145,151,40,191,336
05/01/2009,ABE,PA,AEA,EN,Combined TRACON& Tower with Radar,9,58,56,2,125,0,0,1,0,1,9,58,57,2,126,30,0,30,156
05/02/2009,ABE,PA,AEA,EN,Combined TRACON& Tower with Radar,8,37,44,0,89,0,2,40,0,42,8,39,84,0,131,145,0,145,276
05/03/2009,ABE,PA,AEA,EN,Combined TRACON& Tower with Radar,12,43,48,0,103,0,0,9,1,10,12,43,57,1,113,63,0,63,176
05/04/2009,ABE,PA,AEA,EN,Combined TRACON& Tower with Radar,10,57,32,0,99,0,0,0,0,0,10,57,32,0,99,1,0,1,100
05/05/2009,ABE,PA,AEA,EN,Combined TRACON& Tower with Radar,10,45,28,2,85,0,0,2,0,2,10,45,30,2,87,50,0,50,137
05/06/2009,ABE,PA,AEA,EN,Combined TRACON& Tower with Radar,10,57,61,0,128,0,3,9,0,12,10,60,70,0,140,34,0,34,174
05/07/2009,ABE,PA,AEA,EN,Combined TRACON& Tower with Radar,26,62,40,0,128,0,2,29,0,31,26,64,69,0,159,102,0,102,261
05/08/2009,ABE,PA,AEA,EN,Combined TRACON& Tower with Radar,9,47,43,0,99,0,0,49,0,49,9,47,92,0,148,179,0,179,327
05/09/2009,ABE,PA,AEA,EN,Combined TRACON& Tower with Radar,13,43,49,0,105,0,3,45,0,48,13,46,94,0,153,252,0,252,405
05/10/2009,ABE,PA,AEA,EN,Combined TRACON& Tower with Radar,12,39,22,0,73,0,2,38,0,40,12,41,60,0,113,98,6,104,217
05/11/2009,ABE,PA,AEA,EN,Combined TRACON& Tower with Radar,7,53,60,0,120,0,0,66,0,66,7,53,126,0,186,292,0,292,478
05/12/2009,ABE,PA,AEA,EN,Combined TRACON& Tower with Radar,10,47,60,10,127,0,2,91,0,93,10,49,151,10,220,146,8,154,374
05/13/2009,ABE,PA,AEA,EN,Combined TRACON& Tower with Radar,10,47,49,16,122,0,3,109,1,113,10,50,158,17,235,174,0,174,409
05/14/2009,ABE,PA,AEA,EN,Combined TRACON& Tower with Radar,18,56,19,0,93,0,0,19,0,19,18,56,38,0,112,66,0,66,178
05/15/2009,ABE,PA,AEA,EN,Combined TRACON& Tower with Radar,10,56,57,0,123,0,0,44,0,44,10,56,101,0,167,93,4,97,264
05/16/2009,ABE,PA,AEA,EN,Combined TRACON& Tower with Radar,5,43,33,0,81,0,0,3,0,3,5,43,36,0,84,14,0,14,98
05/17/2009,ABE,PA,AEA,EN,Combined TRACON& Tower with Radar,14,42,45,0,101,0,1,44,0,45,14,43,89,0,146,142,0,142,288
05/18/2009,ABE,PA,AEA,EN,Combined TRACON& Tower with Radar,10,54,31,0,95,0,0,83,1,84,10,54,114,1,179,206,0,206,385
05/19/2009,ABE,PA,AEA,EN,Combined TRACON& Tower with Radar,10,48,44,0,102,0,5,94,6,105,10,53,138,6,207,228,0,228,435
05/20/2009,ABE,PA,AEA,EN,Combined TRACON& Tower with Radar,10,52,36,0,98,0,4,94,5,103,10,56,130,5,201,253,0,253,454
05/21/2009,ABE,PA,AEA,EN,Combined TRACON& Tower with Radar,14,54,40,0,108,0,9,111,2,122,14,63,151,2,230,219,0,219,449
05/22/2009,ABE,PA,AEA,EN,Combined TRACON& Tower with Radar,9,53,43,0,105,0,5,62,0,67,9,58,105,0,172,195,0,195,367
05/23/2009,ABE,PA,AEA,EN,Combined TRACON& Tower with Radar,5,32,16,0,53,0,0,50,0,50,5,32,66,0,103,93,0,93,196
05/24/2009,ABE,PA,AEA,EN,Combined TRACON& Tower with Radar,10,33,21,0,64,0,0,19,0,19,10,33,40,0,83,118,0,118,201
05/25/2009,ABE,PA,AEA,EN,Combined TRACON& Tower with Radar,6,41,43,0,90,0,0,68,0,68,6,41,111,0,158,91,0,91,249
05/26/2009,ABE,PA,AEA,EN,Combined TRACON& Tower with Radar,12,50,48,5,115,0,0,15,0,15,12,50,63,5,130,17,0,17,147
05/27/2009,ABE,PA,AEA,EN,Combined TRACON& Tower with Radar,10,52,43,0,105,0,0,2,0,2,10,52,45,0,107,6,0,6,113
05/28/2009,ABE,PA,AEA,EN,Combined TRACON& Tower with Radar,16,53,48,0,117,0,0,2,0,2,16,53,50,0,119,156,0,156,275
05/29/2009,ABE,PA,AEA,EN,Combined TRACON& Tower with Radar,11,51,34,0,96,0,0,4,0,4,11,51,38,0,100,30,0,30,130
05/30/2009,ABE,PA,AEA,EN,Combined TRACON& Tower with Radar,5,34,41,0,80,0,3,90,0,93,5,37,131,0,173,243,0,243,416
05/31/2009,ABE,PA,AEA,EN,Combined TRACON& Tower with Radar,12,38,39,0,89,0,0,86,0,86,12,38,125,0,175,229,0,229,404
06/01/2009,ABE,PA,AEA,EN,Combined TRACON& Tower with Radar,8,52,52,10,122,0,3,108,0,111,8,55,160,10,233,255,8,263,496
06/02/2009,ABE,PA,AEA,EN,Combined TRACON& Tower with Radar,12,62,53,0,127,0,2,56,0,58,12,64,109,0,185,153,0,153,338
06/03/2009,ABE,PA,AEA,EN,Combined TRACON& Tower with Radar,10,59,55,0,124,0,0,26,0,26,10,59,81,0,150,57,0,57,207
06/04/2009,ABE,PA,AEA,EN,Combined TRACON& Tower with Radar,16,54,102,0,172,0,3,69,0,72,16,57,171,0,244,205,0,205,449
06/05/2009,ABE,PA,AEA,EN,Combined TRACON& Tower with Radar,9,53,83,4,149,0,0,2,0,2,9,53,85,4,151,81,8,89,240
06/06/2009,ABE,PA,AEA,EN,Combined TRACON& Tower with Radar,5,42,44,0,91,0,8,70,3,81,5,50,114,3,172,218,0,218,390
06/07/2009,ABE,PA,AEA,EN,Combined TRACON& Tower with Radar,10,46,72,0,128,0,0,141,2,143,10,46,213,2,271,156,0,156,427
06/08/2009,ABE,PA,AEA,EN,Combined TRACON& Tower with Radar,10,57,47,8,122,0,0,60,1,61,10,57,107,9,183,210,18,228,411
06/09/2009,ABE,PA,AEA,EN,Combined TRACON& Tower with Radar,14,46,39,4,103,0,3,10,0,13,14,49,49,4,116,80,0,80,196
06/10/2009,ABE,PA,AEA,EN,Combined TRACON& Tower with Radar,10,54,78,0,142,0,0,22,0,22,10,54,100,0,164,138,0,138,302
06/11/2009,ABE,PA,AEA,EN,Combined TRACON& Tower with Radar,16,50,56,0,122,0,0,0,0,0,16,50,56,0,122,0,0,0,122
06/12/2009,ABE,PA,AEA,EN,Combined TRACON& Tower with Radar,17,56,54,0,127,0,2,56,0,58,17,58,110,0,185,158,0,158,343
06/13/2009,ABE,PA,AEA,EN,Combined TRACON& Tower with Radar,9,42,24,0,75,0,1,38,3,42,9,43,62,3,117,72,0,72,189
06/14/2009,ABE,PA,AEA,EN,Combined TRACON& Tower with Radar,10,47,50,0,107,0,0,84,2,86,10,47,134,2,193,166,0,166,359
06/15/2009,ABE,PA,AEA,EN,Combined TRACON& Tower with Radar,16,62,44,6,128,0,1,31,0,32,16,63,75,6,160,53,0,53,213
06/16/2009,ABE,PA,AEA,EN,Combined TRACON& Tower with Radar,12,55,62,0,129,0,4,26,0,30,12,59,88,0,159,211,0,211,370
06/17/2009,ABE,PA,AEA,EN,Combined TRACON& Tower with Radar,10,61,60,0,131,0,6,34,0,40,10,67,94,0,171,121,0,121,292
06/18/2009,ABE,PA,AEA,EN,Combined TRACON& Tower with Radar,16,62,49,0,127,0,0,0,0,0,16,62,49,0,127,26,0,26,153
06/19/2009,ABE,PA,AEA,EN,Combined TRACON& Tower with Radar,11,52,61,0,124,0,5,49,0,54,11,57,110,0,178,126,0,126,304
06/20/2009,ABE,PA,AEA,EN,Combined TRACON& Tower with Radar,5,43,12,0,60,0,0,3,0,3,5,43,15,0,63,10,0,10,73
06/21/2009,ABE,PA,AEA,EN,Combined TRACON& Tower with Radar,11,44,35,1,91,0,0,17,0,17,11,44,52,1,108,55,0,55,163
06/22/2009,ABE,PA,AEA,EN,Combined TRACON& Tower with Radar,7,53,38,0,98,0,0,45,1,46,7,53,83,1,144,239,0,239,383
06/23/2009,ABE,PA,AEA,EN,Combined TRACON& Tower with Radar,14,59,45,0,118,0,2,76,0,78,14,61,121,0,196,131,0,131,327
06/24/2009,ABE,PA,AEA,EN,Combined TRACON& Tower with Radar,10,53,50,2,115,0,0,61,0,61,10,53,111,2,176,120,0,120,296
06/25/2009,ABE,PA,AEA,EN,Combined TRACON& Tower with Radar,20,50,73,0,143,0,2,70,2,74,20,52,143,2,217,177,0,177,394
06/26/2009,ABE,PA,AEA,EN,Combined TRACON& Tower with Radar,13,54,40,0,107,0,0,55,0,55,13,54,95,0,162,128,0,128,290
06/27/2009,ABE,PA,AEA,EN,Combined TRACON& Tower with Radar,8,42,32,0,82,0,2,107,0,109,8,44,139,0,191,185,0,185,376
06/28/2009,ABE,PA,AEA,EN,Combined TRACON& Tower with Radar,14,43,47,1,105,0,2,82,2,86,14,45,129,3,191,238,0,238,429
06/29/2009,ABE,PA,AEA,EN,Combined TRACON& Tower with Radar,10,53,53,0,116,0,2,62,0,64,10,55,115,0,180,240,0,240,420
06/30/2009,ABE,PA,AEA,EN,Combined TRACON& Tower with Radar,16,56,34,1,107,0,1,42,0,43,16,57,76,1,150,96,0,96,246
07/01/2009,ABE,PA,AEA,EN,Combined TRACON& Tower with Radar,10,60,35,0,105,0,1,24,0,25,10,61,59,0,130,111,0,111,241
07/02/2009,ABE,PA,AEA,EN,Combined TRACON& Tower with Radar,18,59,56,0,133,0,2,25,2,29,18,61,81,2,162,217,0,217,379
07/03/2009,ABE,PA,AEA,EN,Combined TRACON& Tower with Radar,14,39,49,1,103,0,1,50,6,57,14,40,99,7,160,226,10,236,396
07/04/2009,ABE,PA,AEA,EN,Combined TRACON& Tower with Radar,7,30,31,1,69,0,3,61,5,69,7,33,92,6,138,152,0,152,290
07/05/2009,ABE,PA,AEA,EN,Combined TRACON& Tower with Radar,14,45,44,0,103,0,1,81,0,82,14,46,125,0,185,274,0,274,459
07/06/2009,ABE,PA,AEA,EN,Combined TRACON& Tower with Radar,10,54,46,0,110,0,3,70,0,73,10,57,116,0,183,178,4,182,365
07/07/2009,ABE,PA,AEA,EN,Combined TRACON& Tower with Radar,22,67,27,6,122,0,3,52,0,55,22,70,79,6,177,138,6,144,321
07/08/2009,ABE,PA,AEA,EN,Combined TRACON& Tower with Radar,12,55,44,2,113,0,1,83,0,84,12,56,127,2,197,269,0,269,466
07/09/2009,ABE,PA,AEA,EN,Combined TRACON& Tower with Radar,18,55,62,2,137,0,3,94,0,97,18,58,156,2,234,296,0,296,530
07/10/2009,ABE,PA,AEA,EN,Combined TRACON& Tower with Radar,13,56,48,6,123,0,0,91,1,92,13,56,139,7,215,191,2,193,408
07/11/2009,ABE,PA,AEA,EN,Combined TRACON& Tower with Radar,9,39,42,0,90,0,1,40,0,41,9,40,82,0,131,154,0,154,285
07/12/2009,ABE,PA,AEA,EN,Combined TRACON& Tower with Radar,12,45,27,2,86,0,1,73,0,74,12,46,100,2,160,180,26,206,366
07/13/2009,ABE,PA,AEA,EN,Combined TRACON& Tower with Radar,10,57,40,0,107,0,0,72,0,72,10,57,112,0,179,245,0,245,424
07/14/2009,ABE,PA,AEA,EN,Combined TRACON& Tower with Radar,14,57,33,0,104,0,2,66,0,68,14,59,99,0,172,150,0,150,322
07/15/2009,ABE,PA,AEA,EN,Combined TRACON& Tower with Radar,12,66,46,0,124,0,2,82,0,84,12,68,128,0,208,236,0,236,444
07/16/2009,ABE,PA,AEA,EN,Combined TRACON& Tower with Radar,18,56,40,5,119,0,5,37,0,42,18,61,77,5,161,184,0,184,345
07/17/2009,ABE,PA,AEA,EN,Combined TRACON& Tower with Radar,17,61,16,0,94,0,2,28,0,30,17,63,44,0,124,166,0,166,290
07/18/2009,ABE,PA,AEA,EN,Combined TRACON& Tower with Radar,7,40,52,0,99,0,0,82,3,85,7,40,134,3,184,204,0,204,388
07/19/2009,ABE,PA,AEA,EN,Combined TRACON& Tower with Radar,10,42,34,0,86,0,1,91,0,92,10,43,125,0,178,218,0,218,396
07/20/2009,ABE,PA,AEA,EN,Combined TRACON& Tower with Radar,12,57,32,0,101,0,0,55,0,55,12,57,87,0,156,184,0,184,340
07/21/2009,ABE,PA,AEA,EN,Combined TRACON& Tower with Radar,14,57,20,0,91,0,0,4,0,4,14,57,24,0,95,26,0,26,121
07/22/2009,ABE,PA,AEA,EN,Combined TRACON& Tower with Radar,12,52,59,0,123,0,2,23,0,25,12,54,82,0,148,122,0,122,270
07/23/2009,ABE,PA,AEA,EN,Combined TRACON& Tower with Radar,16,55,41,10,122,0,2,4,0,6,16,57,45,10,128,100,0,100,228
07/24/2009,ABE,PA,AEA,EN,Combined TRACON& Tower with Radar,15,66,74,0,155,0,6,14,0,20,15,72,88,0,175,222,0,222,397
07/25/2009,ABE,PA,AEA,EN,Combined TRACON& Tower with Radar,7,40,57,0,104,0,7,66,0,73,7,47,123,0,177,221,0,221,398
07/26/2009,ABE,PA,AEA,EN,Combined TRACON& Tower with Radar,22,67,25,0,114,0,0,11,0,11,22,67,36,0,125,131,0,131,256
07/27/2009,ABE,PA,AEA,EN,Combined TRACON& Tower with Radar,18,51,41,0,110,0,0,29,3,32,18,51,70,3,142,164,0,164,306
07/28/2009,ABE,PA,AEA,EN,Combined TRACON& Tower with Radar,14,59,37,1,111,0,4,57,0,61,14,63,94,1,172,179,0,179,351
07/29/2009,ABE,PA,AEA,EN,Combined TRACON& Tower with Radar,24,76,24,2,126,0,0,5,0,5,24,76,29,2,131,102,0,102,233
07/30/2009,ABE,PA,AEA,EN,Combined TRACON& Tower with Radar,17,56,77,0,150,0,1,67,2,70,17,57,144,2,220,186,0,186,406
07/31/2009,ABE,PA,AEA,EN,Combined TRACON& Tower with Radar,20,59,22,0,101,0,1,2,0,3,20,60,24,0,104,63,0,63,167
08/01/2009,ABE,PA,AEA,EN,Combined TRACON& Tower with Radar,9,43,40,0,92,0,3,78,2,83,9,46,118,2,175,171,0,171,346
08/02/2009,ABE,PA,AEA,EN,Combined TRACON& Tower with Radar,16,48,32,0,96,0,1,7,0,8,16,49,39,0,104,5,0,5,109
08/03/2009,ABE,PA,AEA,EN,Combined TRACON& Tower with Radar,11,59,60,0,130,0,5,87,0,92,11,64,147,0,222,218,0,218,440
08/04/2009,ABE,PA,AEA,EN,Combined TRACON& Tower with Radar,14,56,23,1,94,0,7,57,1,65,14,63,80,2,159,170,0,170,329
08/05/2009,ABE,PA,AEA,EN,Combined TRACON& Tower with Radar,16,62,34,0,112,0,0,29,0,29,16,62,63,0,141,186,0,186,327
08/06/2009,ABE,PA,AEA,EN,Combined TRACON& Tower with Radar,16,57,46,10,129,0,0,76,0,76,16,57,122,10,205,259,0,259,464
08/07/2009,ABE,PA,AEA,EN,Combined TRACON& Tower with Radar,13,54,38,1,106,0,6,60,2,68,13,60,98,3,174,191,0,191,365
08/08/2009,ABE,PA,AEA,EN,Combined TRACON& Tower with Radar,7,42,37,0,86,0,1,67,2,70,7,43,104,2,156,242,0,242,398
08/09/2009,ABE,PA,AEA,EN,Combined TRACON& Tower with Radar,10,49,38,0,97,0,0,2,0,2,10,49,40,0,99,18,0,18,117
08/10/2009,ABE,PA,AEA,EN,Combined TRACON& Tower with Radar,14,61,28,0,103,0,1,47,0,48,14,62,75,0,151,137,0,137,288
08/11/2009,ABE,PA,AEA,EN,Combined TRACON& Tower with Radar,16,58,36,0,110,0,0,48,0,48,16,58,84,0,158,218,0,218,376
08/12/2009,ABE,PA,AEA,EN,Combined TRACON& Tower with Radar,26,64,60,2,152,0,2,54,0,56,26,66,114,2,208,128,0,128,336
08/13/2009,ABE,PA,AEA,EN,Combined TRACON& Tower with Radar,18,70,45,0,133,0,0,16,0,16,18,70,61,0,149,114,0,114,263
08/14/2009,ABE,PA,AEA,EN,Combined TRACON& Tower with Radar,11,59,46,2,118,0,2,44,1,47,11,61,90,3,165,174,0,174,339
08/15/2009,ABE,PA,AEA,EN,Combined TRACON& Tower with Radar,7,38,32,0,77,0,1,88,2,91,7,39,120,2,168,160,0,160,328
08/16/2009,ABE,PA,AEA,EN,Combined TRACON& Tower with Radar,10,50,33,6,99,0,4,59,2,65,10,54,92,8,164,160,15,175,339
08/17/2009,ABE,PA,AEA,EN,Combined TRACON& Tower with Radar,10,61,39,0,110,0,0,73,0,73,10,61,112,0,183,212,0,212,395
08/18/2009,ABE,PA,AEA,EN,Combined TRACON& Tower with Radar,15,56,28,0,99,0,0,39,0,39,15,56,67,0,138,111,0,111,249
08/19/2009,ABE,PA,AEA,EN,Combined TRACON& Tower with Radar,13,58,23,5,99,0,0,37,0,37,13,58,60,5,136,163,4,167,303
08/20/2009,ABE,PA,AEA,EN,Combined TRACON& Tower with Radar,17,50,56,1,124,0,1,22,1,24,17,51,78,2,148,74,0,74,222
08/21/2009,ABE,PA,AEA,EN,Combined TRACON& Tower with Radar,13,59,39,0,111,0,3,10,0,13,13,62,49,0,124,82,0,82,206
08/22/2009,ABE,PA,AEA,EN,Combined TRACON& Tower with Radar,10,44,38,0,92,0,1,1,0,2,10,45,39,0,94,45,0,45,139
08/23/2009,ABE,PA,AEA,EN,Combined TRACON& Tower with Radar,12,43,45,0,100,0,0,41,1,42,12,43,86,1,142,186,0,186,328
08/24/2009,ABE,PA,AEA,EN,Combined TRACON& Tower with Radar,12,49,27,1,89,0,2,60,0,62,12,51,87,1,151,184,0,184,335
08/25/2009,ABE,PA,AEA,EN,Combined TRACON& Tower with Radar,10,53,46,1,110,0,1,90,1,92,10,54,136,2,202,216,0,216,418
08/26/2009,ABE,PA,AEA,EN,Combined TRACON& Tower with Radar,12,51,37,2,102,0,3,59,0,62,12,54,96,2,164,193,0,193,357
08/27/2009,ABE,PA,AEA,EN,Combined TRACON& Tower with Radar,16,55,48,5,124,0,1,54,0,55,16,56,102,5,179,216,0,216,395
08/28/2009,ABE,PA,AEA,EN,Combined TRACON& Tower with Radar,11,53,50,0,114,0,0,2,0,2,11,53,52,0,116,36,0,36,152
08/29/2009,ABE,PA,AEA,EN,Combined TRACON& Tower with Radar,6,34,34,0,74,0,0,7,0,7,6,34,41,0,81,34,0,34,115
08/30/2009,ABE,PA,AEA,EN,Combined TRACON& Tower with Radar,9,41,38,0,88,0,0,67,0,67,9,41,105,0,155,217,0,217,372
08/31/2009,ABE,PA,AEA,EN,Combined TRACON& Tower with Radar,11,54,38,0,103,0,0,68,2,70,11,54,106,2,173,215,0,215,388
09/01/2009,ABE,PA,AEA,EN,Combined TRACON& Tower with Radar,10,46,35,3,94,0,0,86,1,87,10,46,121,4,181,205,0,205,386
09/02/2009,ABE,PA,AEA,EN,Combined TRACON& Tower with Radar,9,47,44,3,103,0,0,67,1,68,9,47,111,4,171,228,0,228,399
09/03/2009,ABE,PA,AEA,EN,Combined TRACON& Tower with Radar,14,51,45,5,115,0,2,86,0,88,14,53,131,5,203,214,0,214,417
09/04/2009,ABE,PA,AEA,EN,Combined TRACON& Tower with Radar,13,56,25,0,94,0,0,77,0,77,13,56,102,0,171,191,0,191,362
09/05/2009,ABE,PA,AEA,EN,Combined TRACON& Tower with Radar,4,31,30,0,65,0,0,73,0,73,4,31,103,0,138,175,0,175,313
09/06/2009,ABE,PA,AEA,EN,Combined TRACON& Tower with Radar,6,27,29,0,62,0,3,59,2,64,6,30,88,2,126,195,0,195,321
09/07/2009,ABE,PA,AEA,EN,Combined TRACON& Tower with Radar,8,47,44,1,100,0,3,41,0,44,8,50,85,1,144,182,0,182,326
09/08/2009,ABE,PA,AEA,EN,Combined TRACON& Tower with Radar,8,50,40,0,98,0,0,40,0,40,8,50,80,0,138,145,0,145,283
09/09/2009,ABE,PA,AEA,EN,Combined TRACON& Tower with Radar,10,46,44,1,101,0,1,50,1,52,10,47,94,2,153,140,0,140,293
09/10/2009,ABE,PA,AEA,EN,Combined TRACON& Tower with Radar,14,56,53,0,123,0,2,41,0,43,14,58,94,0,166,163,0,163,329
09/11/2009,ABE,PA,AEA,EN,Combined TRACON& Tower with Radar,13,54,31,0,98,0,0,0,0,0,13,54,31,0,98,7,0,7,105
09/12/2009,ABE,PA,AEA,EN,Combined TRACON& Tower with Radar,5,36,90,0,131,0,0,0,0,0,5,36,90,0,131,93,0,93,224
09/13/2009,ABE,PA,AEA,EN,Combined TRACON& Tower with Radar,8,49,40,0,97,0,0,87,0,87,8,49,127,0,184,175,0,175,359
09/14/2009,ABE,PA,AEA,EN,Combined TRACON& Tower with Radar,12,55,42,2,111,0,6,61,0,67,12,61,103,2,178,198,0,198,376
09/15/2009,ABE,PA,AEA,EN,Combined TRACON& Tower with Radar,8,47,53,0,108,0,0,71,0,71,8,47,124,0,179,243,0,243,422
09/16/2009,ABE,PA,AEA,EN,Combined TRACON& Tower with Radar,10,52,64,0,126,0,2,18,0,20,10,54,82,0,146,96,0,96,242
09/17/2009,ABE,PA,AEA,EN,Combined TRACON& Tower with Radar,12,57,67,0,136,0,1,23,0,24,12,58,90,0,160,139,0,139,299
09/18/2009,ABE,PA,AEA,EN,Combined TRACON& Tower with Radar,13,52,63,0,128,0,0,41,4,45,13,52,104,4,173,152,0,152,325
09/19/2009,ABE,PA,AEA,EN,Combined TRACON& Tower with Radar,5,36,32,0,73,0,2,95,1,98,5,38,127,1,171,232,0,232,403
09/20/2009,ABE,PA,AEA,EN,Combined TRACON& Tower with Radar,8,42,43,0,93,0,2,106,0,108,8,44,149,0,201,268,0,268,469
09/21/2009,ABE,PA,AEA,EN,Combined TRACON& Tower with Radar,12,51,38,1,102,0,0,67,2,69,12,51,105,3,171,125,0,125,296
09/22/2009,ABE,PA,AEA,EN,Combined TRACON& Tower with Radar,8,48,70,0,126,0,0,21,0,21,8,48,91,0,147,105,0,105,252
09/23/2009,ABE,PA,AEA,EN,Combined TRACON& Tower with Radar,12,47,48,1,108,0,2,27,2,31,12,49,75,3,139,188,0,188,327
09/24/2009,ABE,PA,AEA,EN,Combined TRACON& Tower with Radar,12,53,44,5,114,0,6,40,0,46,12,59,84,5,160,110,0,110,270
09/25/2009,ABE,PA,AEA,EN,Combined TRACON& Tower with Radar,13,61,60,0,134,0,9,82,0,91,13,70,142,0,225,159,0,159,384
09/26/2009,ABE,PA,AEA,EN,Combined TRACON& Tower with Radar,5,37,48,0,90,0,3,60,0,63,5,40,108,0,153,177,0,177,330
09/27/2009,ABE,PA,AEA,EN,Combined TRACON& Tower with Radar,8,48,30,0,86,0,0,0,0,0,8,48,30,0,86,13,0,13,99
09/28/2009,ABE,PA,AEA,EN,Combined TRACON& Tower with Radar,14,55,26,2,97,0,2,23,2,27,14,57,49,4,124,80,18,98,222
09/29/2009,ABE,PA,AEA,EN,Combined TRACON& Tower with Radar,12,44,33,2,91,0,2,38,0,40,12,46,71,2,131,74,0,74,205
09/30/2009,ABE,PA,AEA,EN,Combined TRACON& Tower with Radar,10,47,42,0,99,0,0,46,0,46,10,47,88,0,145,149,2,151,296
10/01/2009,ABE,PA,AEA,EN,Combined TRACON& Tower with Radar,14,46,55,0,115,0,0,76,0,76,14,46,131,0,191,190,0,190,381
10/02/2009,ABE,PA,AEA,EN,Combined TRACON& Tower with Radar,13,61,63,0,137,0,2,29,0,31,13,63,92,0,168,102,0,102,270
10/03/2009,ABE,PA,AEA,EN,Combined TRACON& Tower with Radar,7,35,38,1,81,0,1,22,0,23,7,36,60,1,104,226,2,228,332
10/04/2009,ABE,PA,AEA,EN,Combined TRACON& Tower with Radar,12,46,47,0,105,0,0,87,0,87,12,46,134,0,192,241,0,241,433
10/05/2009,ABE,PA,AEA,EN,Combined TRACON& Tower with Radar,12,51,41,0,104,0,3,62,0,65,12,54,103,0,169,104,0,104,273
10/06/2009,ABE,PA,AEA,EN,Combined TRACON& Tower with Radar,10,52,53,4,119,0,2,86,0,88,10,54,139,4,207,162,6,168,375
10/07/2009,ABE,PA,AEA,EN,Combined TRACON& Tower with Radar,10,55,21,0,86,0,1,6,0,7,10,56,27,0,93,1,0,1,94
10/08/2009,ABE,PA,AEA,EN,Combined TRACON& Tower with Radar,14,50,38,0,102,0,4,86,2,92,14,54,124,2,194,179,0,179,373
10/09/2009,ABE,PA,AEA,EN,Combined TRACON& Tower with Radar,13,56,26,12,107,0,1,13,0,14,13,57,39,12,121,140,0,140,261
10/10/2009,ABE,PA,AEA,EN,Combined TRACON& Tower with Radar,7,41,37,0,85,0,0,17,0,17,7,41,54,0,102,170,0,170,272
10/11/2009,ABE,PA,AEA,EN,Combined TRACON& Tower with Radar,10,45,27,0,82,0,3,72,3,78,10,48,99,3,160,215,0,215,375
10/12/2009,ABE,PA,AEA,EN,Combined TRACON& Tower with Radar,10,57,32,0,99,0,1,50,0,51,10,58,82,0,150,88,0,88,238
10/13/2009,ABE,PA,AEA,EN,Combined TRACON& Tower with Radar,10,53,47,2,112,0,0,27,0,27,10,53,74,2,139,57,0,57,196
10/14/2009,ABE,PA,AEA,EN,Combined TRACON& Tower with Radar,12,51,66,4,133,0,3,69,0,72,12,54,135,4,205,197,12,209,414
10/15/2009,ABE,PA,AEA,EN,Combined TRACON& Tower with Radar,16,53,44,0,113,0,3,2,0,5,16,56,46,0,118,8,0,8,126
10/16/2009,ABE,PA,AEA,EN,Combined TRACON& Tower with Radar,15,49,25,0,89,0,1,2,0,3,15,50,27,0,92,3,0,3,95
10/17/2009,ABE,PA,AEA,EN,Combined TRACON& Tower with Radar,7,36,34,0,77,0,0,1,0,1,7,36,35,0,78,98,0,98,176
10/18/2009,ABE,PA,AEA,EN,Combined TRACON& Tower with Radar,10,42,25,0,77,0,0,11,2,13,10,42,36,2,90,7,0,7,97
10/19/2009,ABE,PA,AEA,EN,Combined TRACON& Tower with Radar,14,49,34,0,97,0,2,45,0,47,14,51,79,0,144,149,0,149,293
10/20/2009,ABE,PA,AEA,EN,Combined TRACON& Tower with Radar,12,51,54,0,117,0,1,82,0,83,12,52,136,0,200,170,0,170,370
10/21/2009,ABE,PA,AEA,EN,Combined TRACON& Tower with Radar,16,48,54,0,118,0,2,72,0,74,16,50,126,0,192,219,0,219,411
10/22/2009,ABE,PA,AEA,EN,Combined TRACON& Tower with Radar,16,61,40,0,117,0,4,95,1,100,16,65,135,1,217,183,0,183,400
10/23/2009,ABE,PA,AEA,EN,Combined TRACON& Tower with Radar,13,58,48,2,121,0,7,20,0,27,13,65,68,2,148,17,0,17,165
10/24/2009,ABE,PA,AEA,EN,Combined TRACON& Tower with Radar,9,36,30,0,75,0,0,1,0,1,9,36,31,0,76,17,0,17,93
10/25/2009,ABE,PA,AEA,EN,Combined TRACON& Tower with Radar,10,49,32,0,91,0,3,85,0,88,10,52,117,0,179,237,0,237,416
10/26/2009,ABE,PA,AEA,EN,Combined TRACON& Tower with Radar,16,52,37,0,105,0,2,65,0,67,16,54,102,0,172,108,0,108,280
10/27/2009,ABE,PA,AEA,EN,Combined TRACON& Tower with Radar,12,57,57,0,126,0,1,0,0,1,12,58,57,0,127,2,0,2,129
10/28/2009,ABE,PA,AEA,EN,Combined TRACON& Tower with Radar,15,49,33,1,98,0,2,0,0,2,15,51,33,1,100,3,0,3,103
10/29/2009,ABE,PA,AEA,EN,Combined TRACON& Tower with Radar,17,59,91,0,167,0,9,41,0,50,17,68,132,0,217,294,0,294,511
10/30/2009,ABE,PA,AEA,EN,Combined TRACON& Tower with Radar,15,58,70,0,143,0,1,13,0,14,15,59,83,0,157,117,0,117,274
10/31/2009,ABE,PA,AEA,EN,Combined TRACON& Tower with Radar,10,35,39,0,84,0,0,2,1,3,10,35,41,1,87,9,0,9,96
11/01/2009,ABE,PA,AEA,EN,Combined TRACON& Tower with Radar,11,48,58,0,117,0,1,60,0,61,11,49,118,0,178,198,0,198,376
11/02/2009,ABE,PA,AEA,EN,Combined TRACON& Tower with Radar,16,51,31,0,98,0,1,34,0,35,16,52,65,0,133,117,2,119,252
11/03/2009,ABE,PA,AEA,EN,Combined TRACON& Tower with Radar,12,51,50,2,115,0,5,45,2,52,12,56,95,4,167,122,0,122,289
11/04/2009,ABE,PA,AEA,EN,Combined TRACON& Tower with Radar,14,45,34,0,93,0,3,74,2,79,14,48,108,2,172,157,0,157,329
11/05/2009,ABE,PA,AEA,EN,Combined TRACON& Tower with Radar,16,53,45,0,114,0,0,37,0,37,16,53,82,0,151,78,0,78,229
11/06/2009,ABE,PA,AEA,EN,Combined TRACON& Tower with Radar,17,50,34,0,101,0,8,55,0,63,17,58,89,0,164,117,0,117,281
11/07/2009,ABE,PA,AEA,EN,Combined TRACON& Tower with Radar,9,34,36,0,79,0,3,76,0,79,9,37,112,0,158,219,0,219,377
11/08/2009,ABE,PA,AEA,EN,Combined TRACON& Tower with Radar,10,42,48,5,105,0,2,92,0,94,10,44,140,5,199,216,0,216,415
11/09/2009,ABE,PA,AEA,EN,Combined TRACON& Tower with Radar,16,46,51,0,113,0,4,66,0,70,16,50,117,0,183,114,0,114,297
11/10/2009,ABE,PA,AEA,EN,Combined TRACON& Tower with Radar,12,47,48,5,112,0,0,43,1,44,12,47,91,6,156,158,0,158,314
11/11/2009,ABE,PA,AEA,EN,Combined TRACON& Tower with Radar,14,50,54,0,118,0,3,39,0,42,14,53,93,0,160,200,0,200,360
11/12/2009,ABE,PA,AEA,EN,Combined TRACON& Tower with Radar,19,57,46,17,139,0,1,17,0,18,19,58,63,17,157,170,50,220,377
11/13/2009,ABE,PA,AEA,EN,Combined TRACON& Tower with Radar,21,51,35,0,107,0,2,10,0,12,21,53,45,0,119,54,0,54,173
11/14/2009,ABE,PA,AEA,EN,Combined TRACON& Tower with Radar,9,35,44,0,88,0,0,0,0,0,9,35,44,0,88,23,0,23,111
11/15/2009,ABE,PA,AEA,EN,Combined TRACON& Tower with Radar,10,46,62,0,118,0,2,76,2,80,10,48,138,2,198,219,0,219,417
11/16/2009,ABE,PA,AEA,EN,Combined TRACON& Tower with Radar,18,51,35,4,108,0,5,57,0,62,18,56,92,4,170,198,0,198,368
11/17/2009,ABE,PA,AEA,EN,Combined TRACON& Tower with Radar,12,47,55,0,114,0,4,89,2,95,12,51,144,2,209,254,0,254,463
11/18/2009,ABE,PA,AEA,EN,Combined TRACON& Tower with Radar,17,44,51,11,123,0,2,59,2,63,17,46,110,13,186,217,0,217,403
11/19/2009,ABE,PA,AEA,EN,Combined TRACON& Tower with Radar,16,49,66,0,131,0,0,0,0,0,16,49,66,0,131,0,0,0,131
11/20/2009,ABE,PA,AEA,EN,Combined TRACON& Tower with Radar,17,50,37,4,108,0,1,48,0,49,17,51,85,4,157,146,0,146,303
11/21/2009,ABE,PA,AEA,EN,Combined TRACON& Tower with Radar,11,29,60,0,100,0,0,103,0,103,11,29,163,0,203,101,0,101,304
11/22/2009,ABE,PA,AEA,EN,Combined TRACON& Tower with Radar,10,43,60,0,113,0,0,89,0,89,10,43,149,0,202,224,0,224,426
11/23/2009,ABE,PA,AEA,EN,Combined TRACON& Tower with Radar,15,44,52,0,111,0,3,17,0,20,15,47,69,0,131,108,0,108,239
11/24/2009,ABE,PA,AEA,EN,Combined TRACON& Tower with Radar,17,54,84,0,155,0,1,21,0,22,17,55,105,0,177,140,0,140,317
11/25/2009,ABE,PA,AEA,EN,Combined TRACON& Tower with Radar,18,45,42,0,105,0,0,0,0,0,18,45,42,0,105,11,0,11,116
11/26/2009,ABE,PA,AEA,EN,Combined TRACON& Tower with Radar,6,21,12,0,39,0,0,3,0,3,6,21,15,0,42,0,0,0,42
11/27/2009,ABE,PA,AEA,EN,Combined TRACON& Tower with Radar,17,32,25,0,74,0,1,4,0,5,17,33,29,0,79,14,0,14,93
11/28/2009,ABE,PA,AEA,EN,Combined TRACON& Tower with Radar,13,36,12,0,61,0,2,14,0,16,13,38,26,0,77,18,0,18,95
11/29/2009,ABE,PA,AEA,EN,Combined TRACON& Tower with Radar,8,49,49,0,106,0,2,113,0,115,8,51,162,0,221,186,0,186,407
11/30/2009,ABE,PA,AEA,EN,Combined TRACON& Tower with Radar,18,47,27,0,92,0,1,7,2,10,18,48,34,2,102,12,0,12,114
12/01/2009,ABE,PA,AEA,EN,Combined TRACON& Tower with Radar,14,51,51,7,123,0,1,42,2,45,14,52,93,9,168,151,1,152,320
12/02/2009,ABE,PA,AEA,EN,Combined TRACON& Tower with Radar,15,44,24,10,93,0,1,30,2,33,15,45,54,12,126,138,16,154,280
12/03/2009,ABE,PA,AEA,EN,Combined TRACON& Tower with Radar,17,47,51,3,118,0,1,31,1,33,17,48,82,4,151,76,0,76,227
12/04/2009,ABE,PA,AEA,EN,Combined TRACON& Tower with Radar,21,45,26,7,99,0,3,26,0,29,21,48,52,7,128,29,18,47,175
12/05/2009,ABE,PA,AEA,EN,Combined TRACON& Tower with Radar,9,29,12,0,50,0,0,7,0,7,9,29,19,0,57,0,0,0,57
12/06/2009,ABE,PA,AEA,EN,Combined TRACON& Tower with Radar,10,39,36,4,89,0,1,54,0,55,10,40,90,4,144,46,0,46,190
12/07/2009,ABE,PA,AEA,EN,Combined TRACON& Tower with Radar,18,51,20,0,89,0,5,33,2,40,18,56,53,2,129,62,0,62,191
12/08/2009,ABE,PA,AEA,EN,Combined TRACON& Tower with Radar,12,41,64,0,117,0,1,60,2,63,12,42,124,2,180,141,0,141,321
12/09/2009,ABE,PA,AEA,EN,Combined TRACON& Tower with Radar,9,9,6,0,24,0,0,0,0,0,9,9,6,0,24,0,0,0,24
12/10/2009,ABE,PA,AEA,EN,Combined TRACON& Tower with Radar,15,23,5,1,44,0,0,4,0,4,15,23,9,1,48,0,0,0,48
12/11/2009,ABE,PA,AEA,EN,Combined TRACON& Tower with Radar,20,40,29,0,89,0,4,18,1,23,20,44,47,1,112,126,0,126,238
12/12/2009,ABE,PA,AEA,EN,Combined TRACON& Tower with Radar,9,28,42,0,79,0,1,316,0,317,9,29,358,0,396,0,0,0,396
12/13/2009,ABE,PA,AEA,EN,Combined TRACON& Tower with Radar,8,45,4,0,57,0,0,0,0,0,8,45,4,0,57,0,0,0,57
12/14/2009,ABE,PA,AEA,EN,Combined TRACON& Tower with Radar,18,43,53,0,114,0,0,39,0,39,18,43,92,0,153,132,0,132,285
12/15/2009,ABE,PA,AEA,EN,Combined TRACON& Tower with Radar,12,47,41,5,105,0,0,16,3,19,12,47,57,8,124,100,16,116,240
12/16/2009,ABE,PA,AEA,EN,Combined TRACON& Tower with Radar,14,49,51,1,115,0,3,51,0,54,14,52,102,1,169,102,0,102,271
12/17/2009,ABE,PA,AEA,EN,Combined TRACON& Tower with Radar,15,50,23,2,90,0,2,42,0,44,15,52,65,2,134,81,0,81,215
12/18/2009,ABE,PA,AEA,EN,Combined TRACON& Tower with Radar,16,44,39,6,105,0,1,84,0,85,16,45,123,6,190,0,0,0,190
12/19/2009,ABE,PA,AEA,EN,Combined TRACON& Tower with Radar,15,21,7,0,43,0,0,1,0,1,15,21,8,0,44,113,0,113,157
12/20/2009,ABE,PA,AEA,EN,Combined TRACON& Tower with Radar,10,41,11,0,62,0,5,9,0,14,10,46,20,0,76,11,0,11,87
12/21/2009,ABE,PA,AEA,EN,Combined TRACON& Tower with Radar,16,47,36,5,104,0,7,24,0,31,16,54,60,5,135,96,38,134,269
12/22/2009,ABE,PA,AEA,EN,Combined TRACON& Tower with Radar,12,46,26,0,84,0,6,44,0,50,12,52,70,0,134,180,0,180,314
12/23/2009,ABE,PA,AEA,EN,Combined TRACON& Tower with Radar,16,51,27,2,96,0,3,33,0,36,16,54,60,2,132,77,0,77,209
12/24/2009,ABE,PA,AEA,EN,Combined TRACON& Tower with Radar,13,34,30,0,77,0,0,37,0,37,13,34,67,0,114,113,0,113,227
12/25/2009,ABE,PA,AEA,EN,Combined TRACON& Tower with Radar,9,33,3,0,45,0,0,0,0,0,9,33,3,0,45,0,0,0,45
12/26/2009,ABE,PA,AEA,EN,Combined TRACON& Tower with Radar,10,38,32,0,80,0,0,0,0,0,10,38,32,0,80,8,0,8,88
12/27/2009,ABE,PA,AEA,EN,Combined TRACON& Tower with Radar,8,44,43,0,95,0,0,66,0,66,8,44,109,0,161,220,0,220,381
12/28/2009,ABE,PA,AEA,EN,Combined TRACON& Tower with Radar,14,49,18,4,85,0,4,13,0,17,14,53,31,4,102,41,0,41,143
12/29/2009,ABE,PA,AEA,EN,Combined TRACON& Tower with Radar,12,48,14,0,74,0,2,5,0,7,12,50,19,0,81,4,1,5,86
12/30/2009,ABE,PA,AEA,EN,Combined TRACON& Tower with Radar,16,46,60,0,122,0,0,91,0,91,16,46,151,0,213,207,0,207,420
12/31/2009,ABE,PA,AEA,EN,Combined TRACON& Tower with Radar,13,40,10,0,63,0,1,2,0,3,13,41,12,0,66,8,0,8,74
01/02/2010,ABE,PA,AEA,EN,Combined TRACON& Tower with Radar,8,35,17,0,60,0,3,10,0,13,8,38,27,0,73,146,0,146,219
01/03/2010,ABE,PA,AEA,EN,Combined TRACON& Tower with Radar,6,44,27,0,77,0,5,0,0,5,6,49,27,0,82,101,8,109,191
01/04/2010,ABE,PA,AEA,EN,Combined TRACON& Tower with Radar,14,49,20,0,83,0,2,25,1,28,14,51,45,1,111,61,0,61,172
01/05/2010,ABE,PA,AEA,EN,Combined TRACON& Tower with Radar,13,36,27,0,76,0,1,23,0,24,13,37,50,0,100,83,0,83,183
01/06/2010,ABE,PA,AEA,EN,Combined TRACON& Tower with Radar,14,38,29,2,83,0,2,36,0,38,14,40,65,2,121,117,0,117,238
01/07/2010,ABE,PA,AEA,EN,Combined TRACON& Tower with Radar,14,41,47,1,103,0,2,59,1,62,14,43,106,2,165,186,0,186,351
01/08/2010,ABE,PA,AEA,EN,Combined TRACON& Tower with Radar,17,40,7,0,64,0,2,3,0,5,17,42,10,0,69,0,0,0,69
01/09/2010,ABE,PA,AEA,EN,Combined TRACON& Tower with Radar,12,29,52,0,93,0,0,65,3,68,12,29,117,3,161,200,0,200,361
01/10/2010,ABE,PA,AEA,EN,Combined TRACON& Tower with Radar,10,40,56,0,106,0,5,73,0,78,10,45,129,0,184,219,0,219,403
01/11/2010,ABE,PA,AEA,EN,Combined TRACON& Tower with Radar,18,38,41,0,97,0,4,54,0,58,18,42,95,0,155,211,0,211,366
01/12/2010,ABE,PA,AEA,EN,Combined TRACON& Tower with Radar,12,32,34,0,78,0,0,28,0,28,12,32,62,0,106,154,0,154,260
01/13/2010,ABE,PA,AEA,EN,Combined TRACON& Tower with Radar,14,42,40,0,96,0,0,67,0,67,14,42,107,0,163,119,0,119,282
01/14/2010,ABE,PA,AEA,EN,Combined TRACON& Tower with Radar,16,41,62,10,129,0,4,78,1,83,16,45,140,11,212,174,0,174,386
01/15/2010,ABE,PA,AEA,EN,Combined TRACON& Tower with Radar,19,45,31,0,95,0,2,55,2,59,19,47,86,2,154,97,0,97,251
01/16/2010,ABE,PA,AEA,EN,Combined TRACON& Tower with Radar,9,31,37,0,77,0,0,90,0,90,9,31,127,0,167,222,0,222,389
01/17/2010,ABE,PA,AEA,EN,Combined TRACON& Tower with Radar,10,34,14,0,58,0,0,1,0,1,10,34,15,0,59,34,0,34,93
01/18/2010,ABE,PA,AEA,EN,Combined TRACON& Tower with Radar,18,40,55,0,113,0,6,66,0,72,18,46,121,0,185,141,0,141,326
01/19/2010,ABE,PA,AEA,EN,Combined TRACON& Tower with Radar,14,33,40,0,87,0,4,17,0,21,14,37,57,0,108,164,0,164,272
01/20/2010,ABE,PA,AEA,EN,Combined TRACON& Tower with Radar,14,39,47,0,100,0,3,68,0,71,14,42,115,0,171,140,0,140,311
01/21/2010,ABE,PA,AEA,EN,Combined TRACON& Tower with Radar,15,43,43,0,101,0,0,63,0,63,15,43,106,0,164,198,0,198,362
01/22/2010,ABE,PA,AEA,EN,Combined TRACON& Tower with Radar,22,47,35,0,104,0,3,58,0,61,22,50,93,0,165,160,0,160,325
01/23/2010,ABE,PA,AEA,EN,Combined TRACON& Tower with Radar,9,28,55,0,92,0,5,109,5,119,9,33,164,5,211,294,0,294,505
01/24/2010,ABE,PA,AEA,EN,Combined TRACON& Tower with Radar,9,42,36,0,87,0,0,1,0,1,9,42,37,0,88,6,0,6,94
01/25/2010,ABE,PA,AEA,EN,Combined TRACON& Tower with Radar,23,52,19,0,94,0,0,9,0,9,23,52,28,0,103,70,0,70,173
01/26/2010,ABE,PA,AEA,EN,Combined TRACON& Tower with Radar,12,31,48,0,91,0,1,46,0,47,12,32,94,0,138,116,0,116,254
01/27/2010,ABE,PA,AEA,EN,Combined TRACON& Tower with Radar,12,44,92,0,148,0,2,70,2,74,12,46,162,2,222,0,0,0,222
01/28/2010,ABE,PA,AEA,EN,Combined TRACON& Tower with Radar,18,49,29,0,96,0,3,9,0,12,18,52,38,0,108,116,0,116,224
01/29/2010,ABE,PA,AEA,EN,Combined TRACON& Tower with Radar,19,47,45,0,111,0,4,40,1,45,19,51,85,1,156,93,0,93,249
01/30/2010,ABE,PA,AEA,EN,Combined TRACON& Tower with Radar,9,28,16,0,53,0,6,36,0,42,9,34,52,0,95,149,0,149,244
01/31/2010,ABE,PA,AEA,EN,Combined TRACON& Tower with Radar,10,35,44,0,89,0,0,69,0,69,10,35,113,0,158,156,0,156,314
02/01/2010,ABE,PA,AEA,EN,Combined TRACON& Tower with Radar,18,37,33,0,88,0,4,41,0,45,18,41,74,0,133,212,0,212,345
02/02/2010,ABE,PA,AEA,EN,Combined TRACON& Tower with Radar,12,29,29,0,70,0,3,37,0,40,12,32,66,0,110,243,0,243,353
02/03/2010,ABE,PA,AEA,EN,Combined TRACON& Tower with Radar,12,38,22,0,72,0,3,6,2,11,12,41,28,2,83,66,0,66,149
02/04/2010,ABE,PA,AEA,EN,Combined TRACON& Tower with Radar,15,52,40,0,107,0,2,88,0,90,15,54,128,0,197,161,0,161,358
02/05/2010,ABE,PA,AEA,EN,Combined TRACON& Tower with Radar,21,33,47,0,101,0,6,45,0,51,21,39,92,0,152,113,0,113,265
02/06/2010,ABE,PA,AEA,EN,Combined TRACON& Tower with Radar,8,16,4,0,28,0,2,0,0,2,8,18,4,0,30,13,0,13,43
02/07/2010,ABE,PA,AEA,EN,Combined TRACON& Tower with Radar,9,28,22,0,59,0,5,35,0,40,9,33,57,0,99,172,0,172,271
02/08/2010,ABE,PA,AEA,EN,Combined TRACON& Tower with Radar,17,39,30,2,88,0,5,38,2,45,17,44,68,4,133,9,0,9,142
02/09/2010,ABE,PA,AEA,EN,Combined TRACON& Tower with Radar,11,24,26,0,61,0,1,39,0,40,11,25,65,0,101,157,1,158,259
02/10/2010,ABE,PA,AEA,EN,Combined TRACON& Tower with Radar,2,4,0,0,6,0,1,0,0,1,2,5,0,0,7,0,0,0,7
02/11/2010,ABE,PA,AEA,EN,Combined TRACON& Tower with Radar,14,35,27,0,76,0,1,5,0,6,14,36,32,0,82,14,0,14,96
02/12/2010,ABE,PA,AEA,EN,Combined TRACON& Tower with Radar,16,42,31,0,89,0,3,42,1,46,16,45,73,1,135,193,0,193,328
02/13/2010,ABE,PA,AEA,EN,Combined TRACON& Tower with Radar,10,33,19,0,62,0,5,30,0,35,10,38,49,0,97,124,0,124,221
02/14/2010,ABE,PA,AEA,EN,Combined TRACON& Tower with Radar,8,41,8,0,57,0,1,16,0,17,8,42,24,0,74,62,0,62,136
02/15/2010,ABE,PA,AEA,EN,Combined TRACON& Tower with Radar,12,42,50,0,104,0,1,56,0,57,12,43,106,0,161,183,0,183,344
02/16/2010,ABE,PA,AEA,EN,Combined TRACON& Tower with Radar,18,37,22,0,77,0,0,5,0,5,18,37,27,0,82,16,0,16,98
02/17/2010,ABE,PA,AEA,EN,Combined TRACON& Tower with Radar,15,46,41,2,104,0,3,33,2,38,15,49,74,4,142,104,4,108,250
02/18/2010,ABE,PA,AEA,EN,Combined TRACON& Tower with Radar,14,45,27,4,90,0,5,48,4,57,14,50,75,8,147,49,0,49,196
02/19/2010,ABE,PA,AEA,EN,Combined TRACON& Tower with Radar,15,42,32,4,93,0,0,40,0,40,15,42,72,4,133,68,0,68,201
02/20/2010,ABE,PA,AEA,EN,Combined TRACON& Tower with Radar,11,35,41,0,87,0,3,72,0,75,11,38,113,0,162,161,0,161,323
02/21/2010,ABE,PA,AEA,EN,Combined TRACON& Tower with Radar,8,40,36,2,86,0,5,68,0,73,8,45,104,2,159,134,0,134,293
02/22/2010,ABE,PA,AEA,EN,Combined TRACON& Tower with Radar,12,34,27,0,73,0,3,24,0,27,12,37,51,0,100,26,0,26,126
02/23/2010,ABE,PA,AEA,EN,Combined TRACON& Tower with Radar,14,37,14,0,65,0,0,0,0,0,14,37,14,0,65,0,0,0,65
02/24/2010,ABE,PA,AEA,EN,Combined TRACON& Tower with Radar,23,57,40,2,122,0,2,16,0,18,23,59,56,2,140,91,18,109,249
02/25/2010,ABE,PA,AEA,EN,Combined TRACON& Tower with Radar,14,28,14,0,56,0,0,0,0,0,14,28,14,0,56,0,0,0,56
02/26/2010,ABE,PA,AEA,EN,Combined TRACON& Tower with Radar,14,30,14,0,58,0,2,0,0,2,14,32,14,0,60,6,0,6,66
02/27/2010,ABE,PA,AEA,EN,Combined TRACON& Tower with Radar,13,34,22,0,69,0,0,22,0,22,13,34,44,0,91,97,0,97,188
02/28/2010,ABE,PA,AEA,EN,Combined TRACON& Tower with Radar,8,35,36,0,79,0,1,15,0,16,8,36,51,0,95,118,0,118,213
03/01/2010,ABE,PA,AEA,EN,Combined TRACON& Tower with Radar,12,42,17,0,71,0,2,23,0,25,12,44,40,0,96,140,0,140,236
03/02/2010,ABE,PA,AEA,EN,Combined TRACON& Tower with Radar,11,42,63,0,116,0,0,53,0,53,11,42,116,0,169,168,0,168,337
03/03/2010,ABE,PA,AEA,EN,Combined TRACON& Tower with Radar,15,45,25,0,85,0,0,6,0,6,15,45,31,0,91,106,0,106,197
03/04/2010,ABE,PA,AEA,EN,Combined TRACON& Tower with Radar,12,39,44,3,98,0,3,36,3,42,12,42,80,6,140,158,10,168,308
03/05/2010,ABE,PA,AEA,EN,Combined TRACON& Tower with Radar,15,44,42,0,101,0,0,55,0,55,15,44,97,0,156,168,0,168,324
03/06/2010,ABE,PA,AEA,EN,Combined TRACON& Tower with Radar,11,33,42,1,87,0,2,79,1,82,11,35,121,2,169,205,0,205,374
03/07/2010,ABE,PA,AEA,EN,Combined TRACON& Tower with Radar,8,34,42,4,88,0,1,105,0,106,8,35,147,4,194,219,20,239,433
03/08/2010,ABE,PA,AEA,EN,Combined TRACON& Tower with Radar,12,40,23,0,75,0,2,50,0,52,12,42,73,0,127,148,0,148,275
03/09/2010,ABE,PA,AEA,EN,Combined TRACON& Tower with Radar,12,39,43,6,100,0,2,56,0,58,12,41,99,6,158,122,0,122,280
03/10/2010,ABE,PA,AEA,EN,Combined TRACON& Tower with Radar,15,42,45,4,106,0,3,46,0,49,15,45,91,4,155,156,0,156,311
03/11/2010,ABE,PA,AEA,EN,Combined TRACON& Tower with Radar,12,43,81,1,137,0,0,23,0,23,12,43,104,1,160,90,0,90,250
03/12/2010,ABE,PA,AEA,EN,Combined TRACON& Tower with Radar,17,43,30,0,90,0,0,0,0,0,17,43,30,0,90,0,0,0,90
03/13/2010,ABE,PA,AEA,EN,Combined TRACON& Tower with Radar,15,41,16,0,72,0,0,0,0,0,15,41,16,0,72,0,0,0,72
03/14/2010,ABE,PA,AEA,EN,Combined TRACON& Tower with Radar,8,43,30,0,81,0,0,1,0,1,8,43,31,0,82,4,0,4,86
03/15/2010,ABE,PA,AEA,EN,Combined TRACON& Tower with Radar,16,38,19,12,85,0,0,2,0,2,16,38,21,12,87,77,28,105,192
03/16/2010,ABE,PA,AEA,EN,Combined TRACON& Tower with Radar,12,38,37,0,87,0,0,70,0,70,12,38,107,0,157,229,0,229,386
03/17/2010,ABE,PA,AEA,EN,Combined TRACON& Tower with Radar,14,43,59,0,116,0,1,88,0,89,14,44,147,0,205,238,0,238,443
03/18/2010,ABE,PA,AEA,EN,Combined TRACON& Tower with Radar,12,38,75,7,132,0,0,98,1,99,12,38,173,8,231,216,8,224,455
03/19/2010,ABE,PA,AEA,EN,Combined TRACON& Tower with Radar,16,49,45,0,110,0,1,81,1,83,16,50,126,1,193,246,0,246,439
03/20/2010,ABE,PA,AEA,EN,Combined TRACON& Tower with Radar,14,34,38,0,86,0,0,96,1,97,14,34,134,1,183,368,0,368,551
03/21/2010,ABE,PA,AEA,EN,Combined TRACON& Tower with Radar,8,40,26,2,76,0,2,79,1,82,8,42,105,3,158,217,0,217,375
03/22/2010,ABE,PA,AEA,EN,Combined TRACON& Tower with Radar,18,49,26,0,93,0,0,2,0,2,18,49,28,0,95,8,0,8,103
03/23/2010,ABE,PA,AEA,EN,Combined TRACON& Tower with Radar,12,47,39,0,98,0,3,16,1,20,12,50,55,1,118,102,0,102,220
03/24/2010,ABE,PA,AEA,EN,Combined TRACON& Tower with Radar,16,47,36,0,99,0,3,40,0,43,16,50,76,0,142,182,0,182,324
03/25/2010,ABE,PA,AEA,EN,Combined TRACON& Tower with Radar,12,54,47,0,113,0,5,57,2,64,12,59,104,2,177,108,6,114,291
03/26/2010,ABE,PA,AEA,EN,Combined TRACON& Tower with Radar,15,56,15,0,86,0,6,26,0,32,15,62,41,0,118,119,0,119,237
03/27/2010,ABE,PA,AEA,EN,Combined TRACON& Tower with Radar,11,39,36,0,86,0,1,108,0,109,11,40,144,0,195,200,0,200,395
03/28/2010,ABE,PA,AEA,EN,Combined TRACON& Tower with Radar,8,36,25,0,69,0,2,10,0,12,8,38,35,0,81,70,0,70,151
03/29/2010,ABE,PA,AEA,EN,Combined TRACON& Tower with Radar,12,42,43,0,97,0,2,0,0,2,12,44,43,0,99,2,0,2,101
03/30/2010,ABE,PA,AEA,EN,Combined TRACON& Tower with Radar,12,40,35,0,87,0,0,3,0,3,12,40,38,0,90,24,0,24,114
03/31/2010,ABE,PA,AEA,EN,Combined TRACON& Tower with Radar,18,51,64,5,138,0,1,51,1,53,18,52,115,6,191,198,8,206,397
04/01/2010,ABE,PA,AEA,EN,Combined TRACON& Tower with Radar,17,46,58,1,122,0,1,107,0,108,17,47,165,1,230,269,0,269,499
04/02/2010,ABE,PA,AEA,EN,Combined TRACON& Tower with Radar,13,44,50,0,107,0,1,98,0,99,13,45,148,0,206,211,0,211,417
04/03/2010,ABE,PA,AEA,EN,Combined TRACON& Tower with Radar,13,33,47,0,93,0,2,88,0,90,13,35,135,0,183,258,0,258,441
04/04/2010,ABE,PA,AEA,EN,Combined TRACON& Tower with Radar,12,40,17,0,69,0,4,32,0,36,12,44,49,0,105,94,0,94,199
04/05/2010,ABE,PA,AEA,EN,Combined TRACON& Tower with Radar,13,42,53,0,108,0,1,75,0,76,13,43,128,0,184,175,0,175,359
04/06/2010,ABE,PA,AEA,EN,Combined TRACON& Tower with Radar,12,48,56,0,116,0,0,51,0,51,12,48,107,0,167,140,0,140,307
04/07/2010,ABE,PA,AEA,EN,Combined TRACON& Tower with Radar,15,44,48,0,107,0,1,58,0,59,15,45,106,0,166,153,0,153,319
04/08/2010,ABE,PA,AEA,EN,Combined TRACON& Tower with Radar,13,53,34,3,103,0,4,27,0,31,13,57,61,3,134,96,3,99,233
04/09/2010,ABE,PA,AEA,EN,Combined TRACON& Tower with Radar,11,45,40,0,96,0,0,29,4,33,11,45,69,4,129,106,0,106,235
04/10/2010,ABE,PA,AEA,EN,Combined TRACON& Tower with Radar,11,36,20,0,67,0,1,48,0,49,11,37,68,0,116,198,1,199,315
04/11/2010,ABE,PA,AEA,EN,Combined TRACON& Tower with Radar,10,39,29,0,78,0,1,60,0,61,10,40,89,0,139,261,0,261,400
04/12/2010,ABE,PA,AEA,EN,Combined TRACON& Tower with Radar,12,51,27,0,90,0,0,51,0,51,12,51,78,0,141,146,0,146,287
04/13/2010,ABE,PA,AEA,EN,Combined TRACON& Tower with Radar,8,44,39,0,91,0,2,26,0,28,8,46,65,0,119,144,0,144,263
04/14/2010,ABE,PA,AEA,EN,Combined TRACON& Tower with Radar,10,59,44,1,114,0,2,61,4,67,10,61,105,5,181,228,0,228,409
04/15/2010,ABE,PA,AEA,EN,Combined TRACON& Tower with Radar,12,51,34,5,102,0,3,35,3,41,12,54,69,8,143,25,0,25,168
04/16/2010,ABE,PA,AEA,EN,Combined TRACON& Tower with Radar,11,46,44,0,101,0,0,31,1,32,11,46,75,1,133,181,0,181,314
04/17/2010,ABE,PA,AEA,EN,Combined TRACON& Tower with Radar,9,35,35,1,80,0,1,21,2,24,9,36,56,3,104,93,0,93,197
04/18/2010,ABE,PA,AEA,EN,Combined TRACON& Tower with Radar,8,46,34,0,88,0,0,51,0,51,8,46,85,0,139,92,0,92,231
04/19/2010,ABE,PA,AEA,EN,Combined TRACON& Tower with Radar,12,46,31,2,91,0,1,52,0,53,12,47,83,2,144,142,0,142,286
04/20/2010,ABE,PA,AEA,EN,Combined TRACON& Tower with Radar,8,43,39,0,90,0,1,88,0,89,8,44,127,0,179,242,0,242,421
04/21/2010,ABE,PA,AEA,EN,Combined TRACON& Tower with Radar,10,46,50,0,106,0,12,44,0,56,10,58,94,0,162,96,0,96,258
04/22/2010,ABE,PA,AEA,EN,Combined TRACON& Tower with Radar,12,52,50,2,116,0,2,38,0,40,12,54,88,2,156,69,0,69,225
04/23/2010,ABE,PA,AEA,EN,Combined TRACON& Tower with Radar,11,48,50,7,116,0,2,81,1,84,11,50,131,8,200,151,4,155,355
04/24/2010,ABE,PA,AEA,EN,Combined TRACON& Tower with Radar,9,30,39,0,78,0,1,77,0,78,9,31,116,0,156,184,0,184,340
04/25/2010,ABE,PA,AEA,EN,Combined TRACON& Tower with Radar,10,37,66,0,113,0,0,0,0,0,10,37,66,0,113,39,0,39,152
04/26/2010,ABE,PA,AEA,EN,Combined TRACON& Tower with Radar,12,48,43,0,103,0,0,0,0,0,12,48,43,0,103,22,0,22,125
04/27/2010,ABE,PA,AEA,EN,Combined TRACON& Tower with Radar,8,49,28,0,85,0,0,22,2,24,8,49,50,2,109,57,4,61,170
04/28/2010,ABE,PA,AEA,EN,Combined TRACON& Tower with Radar,10,48,25,4,87,0,1,32,2,35,10,49,57,6,122,41,2,43,165
04/29/2010,ABE,PA,AEA,EN,Combined TRACON& Tower with Radar,12,51,72,0,135,0,1,69,0,70,12,52,141,0,205,232,0,232,437
04/30/2010,ABE,PA,AEA,EN,Combined TRACON& Tower with Radar,11,51,40,0,102,0,1,71,0,72,11,52,111,0,174,155,0,155,329
05/01/2010,ABE,PA,AEA,EN,Combined TRACON& Tower with Radar,9,33,41,0,83,0,2,60,0,62,9,35,101,0,145,245,0,245,390
05/02/2010,ABE,PA,AEA,EN,Combined TRACON& Tower with Radar,8,40,43,0,91,0,2,51,0,53,8,42,94,0,144,174,0,174,318
05/03/2010,ABE,PA,AEA,EN,Combined TRACON& Tower with Radar,13,49,37,0,99,0,0,15,0,15,13,49,52,0,114,42,0,42,156
05/04/2010,ABE,PA,AEA,EN,Combined TRACON& Tower with Radar,10,45,34,0,89,0,2,55,0,57,10,47,89,0,146,162,0,162,308
05/05/2010,ABE,PA,AEA,EN,Combined TRACON& Tower with Radar,13,48,73,17,151,0,2,84,0,86,13,50,157,17,237,196,0,196,433
05/06/2010,ABE,PA,AEA,EN,Combined TRACON& Tower with Radar,13,50,38,2,103,0,1,32,1,34,13,51,70,3,137,49,0,49,186
05/07/2010,ABE,PA,AEA,EN,Combined TRACON& Tower with Radar,14,46,48,8,116,0,3,58,1,62,14,49,106,9,178,195,0,195,373
05/08/2010,ABE,PA,AEA,EN,Combined TRACON& Tower with Radar,9,35,14,0,58,0,1,2,0,3,9,36,16,0,61,1,0,1,62
05/09/2010,ABE,PA,AEA,EN,Combined TRACON& Tower with Radar,10,43,11,0,64,0,2,8,0,10,10,45,19,0,74,24,0,24,98
05/10/2010,ABE,PA,AEA,EN,Combined TRACON& Tower with Radar,13,46,37,1,97,0,3,56,1,60,13,49,93,2,157,241,0,241,398
05/11/2010,ABE,PA,AEA,EN,Combined TRACON& Tower with Radar,10,49,50,4,113,0,6,50,0,56,10,55,100,4,169,153,0,153,322
05/12/2010,ABE,PA,AEA,EN,Combined TRACON& Tower with Radar,11,53,59,0,123,0,0,0,0,0,11,53,59,0,123,18,0,18,141
05/13/2010,ABE,PA,AEA,EN,Combined TRACON& Tower with Radar,16,50,63,0,129,0,2,68,2,72,16,52,131,2,201,178,0,178,379
05/14/2010,ABE,PA,AEA,EN,Combined TRACON& Tower with Radar,16,56,50,0,122,0,2,18,2,22,16,58,68,2,144,70,0,70,214
05/15/2010,ABE,PA,AEA,EN,Combined TRACON& Tower with Radar,10,35,27,0,72,0,3,55,0,58,10,38,82,0,130,97,0,97,227
05/16/2010,ABE,PA,AEA,EN,Combined TRACON& Tower with Radar,9,43,56,2,110,0,3,99,0,102,9,46,155,2,212,146,0,146,358
05/17/2010,ABE,PA,AEA,EN,Combined TRACON& Tower with Radar,13,51,56,3,123,0,2,36,1,39,13,53,92,4,162,82,0,82,244
05/18/2010,ABE,PA,AEA,EN,Combined TRACON& Tower with Radar,10,46,53,3,112,0,0,0,0,0,10,46,53,3,112,65,0,65,177
05/19/2010,ABE,PA,AEA,EN,Combined TRACON& Tower with Radar,11,59,86,4,160,0,1,19,0,20,11,60,105,4,180,112,0,112,292
05/20/2010,ABE,PA,AEA,EN,Combined TRACON& Tower with Radar,15,47,56,0,118,0,3,91,2,96,15,50,147,2,214,284,0,284,498
05/21/2010,ABE,PA,AEA,EN,Combined TRACON& Tower with Radar,15,49,71,5,140,0,5,84,1,90,15,54,155,6,230,273,6,279,509
05/22/2010,ABE,PA,AEA,EN,Combined TRACON& Tower with Radar,9,39,33,0,81,0,2,42,0,44,9,41,75,0,125,78,0,78,203
05/23/2010,ABE,PA,AEA,EN,Combined TRACON& Tower with Radar,9,42,56,0,107,0,2,6,1,9,9,44,62,1,116,76,0,76,192
05/24/2010,ABE,PA,AEA,EN,Combined TRACON& Tower with Radar,13,56,80,12,161,0,2,11,0,13,13,58,91,12,174,133,0,133,307
05/25/2010,ABE,PA,AEA,EN,Combined TRACON& Tower with Radar,10,55,60,0,125,0,1,84,2,87,10,56,144,2,212,169,0,169,381
05/26/2010,ABE,PA,AEA,EN,Combined TRACON& Tower with Radar,12,52,44,0,108,0,3,84,0,87,12,55,128,0,195,186,0,186,381
05/27/2010,ABE,PA,AEA,EN,Combined TRACON& Tower with Radar,13,46,39,0,98,0,2,44,1,47,13,48,83,1,145,208,0,208,353
05/28/2010,ABE,PA,AEA,EN,Combined TRACON& Tower with Radar,12,51,46,4,113,0,2,40,0,42,12,53,86,4,155,145,4,149,304
05/29/2010,ABE,PA,AEA,EN,Combined TRACON& Tower with Radar,10,33,41,0,84,0,0,20,0,20,10,33,61,0,104,109,0,109,213
05/30/2010,ABE,PA,AEA,EN,Combined TRACON& Tower with Radar,9,29,16,0,54,0,0,61,0,61,9,29,77,0,115,196,0,196,311
05/31/2010,ABE,PA,AEA,EN,Combined TRACON& Tower with Radar,10,42,28,0,80,0,1,69,0,70,10,43,97,0,150,167,0,167,317
06/01/2010,ABE,PA,AEA,EN,Combined TRACON& Tower with Radar,13,56,35,0,104,0,2,20,0,22,13,58,55,0,126,52,0,52,178
06/02/2010,ABE,PA,AEA,EN,Combined TRACON& Tower with Radar,16,58,33,1,108,0,5,78,1,84,16,63,111,2,192,181,0,181,373
06/03/2010,ABE,PA,AEA,EN,Combined TRACON& Tower with Radar,16,57,68,12,153,0,2,28,0,30,16,59,96,12,183,177,28,205,388
06/04/2010,ABE,PA,AEA,EN,Combined TRACON& Tower with Radar,13,48,31,0,92,0,3,56,0,59,13,51,87,0,151,91,0,91,242
06/05/2010,ABE,PA,AEA,EN,Combined TRACON& Tower with Radar,8,39,45,0,92,0,0,32,0,32,8,39,77,0,124,117,0,117,241
06/06/2010,ABE,PA,AEA,EN,Combined TRACON& Tower with Radar,11,42,44,0,97,0,3,31,0,34,11,45,75,0,131,40,0,40,171
06/07/2010,ABE,PA,AEA,EN,Combined TRACON& Tower with Radar,11,50,44,1,106,0,5,68,1,74,11,55,112,2,180,149,0,149,329
06/08/2010,ABE,PA,AEA,EN,Combined TRACON& Tower with Radar,11,49,32,1,93,0,4,84,2,90,11,53,116,3,183,183,0,183,366
06/09/2010,ABE,PA,AEA,EN,Combined TRACON& Tower with Radar,17,50,45,0,112,0,0,10,0,10,17,50,55,0,122,4,0,4,126
06/10/2010,ABE,PA,AEA,EN,Combined TRACON& Tower with Radar,23,56,51,4,134,0,1,41,0,42,23,57,92,4,176,84,0,84,260
06/11/2010,ABE,PA,AEA,EN,Combined TRACON& Tower with Radar,20,51,45,0,116,0,2,96,0,98,20,53,141,0,214,237,0,237,451
06/12/2010,ABE,PA,AEA,EN,Combined TRACON& Tower with Radar,13,34,52,0,99,0,1,43,0,44,13,35,95,0,143,218,0,218,361
06/13/2010,ABE,PA,AEA,EN,Combined TRACON& Tower with Radar,14,45,67,0,126,0,0,17,1,18,14,45,84,1,144,56,0,56,200
06/14/2010,ABE,PA,AEA,EN,Combined TRACON& Tower with Radar,16,54,54,0,124,0,1,22,0,23,16,55,76,0,147,13,0,13,160
06/15/2010,ABE,PA,AEA,EN,Combined TRACON& Tower with Radar,12,47,43,0,102,0,0,82,0,82,12,47,125,0,184,164,0,164,348
06/16/2010,ABE,PA,AEA,EN,Combined TRACON& Tower with Radar,22,53,44,0,119,0,0,11,0,11,22,53,55,0,130,67,0,67,197
06/17/2010,ABE,PA,AEA,EN,Combined TRACON& Tower with Radar,15,56,44,0,115,0,2,54,2,58,15,58,98,2,173,132,0,132,305
06/18/2010,ABE,PA,AEA,EN,Combined TRACON& Tower with Radar,19,50,223,2,294,0,5,87,0,92,19,55,310,2,386,0,0,0,386
06/19/2010,ABE,PA,AEA,EN,Combined TRACON& Tower with Radar,10,41,43,0,94,0,4,95,2,101,10,45,138,2,195,198,0,198,393
06/20/2010,ABE,PA,AEA,EN,Combined TRACON& Tower with Radar,15,45,34,0,94,0,6,44,1,51,15,51,78,1,145,200,0,200,345
06/21/2010,ABE,PA,AEA,EN,Combined TRACON& Tower with Radar,16,47,50,10,123,0,0,89,0,89,16,47,139,10,212,144,8,152,364
06/22/2010,ABE,PA,AEA,EN,Combined TRACON& Tower with Radar,15,67,44,2,128,0,2,45,0,47,15,69,89,2,175,171,0,171,346
06/23/2010,ABE,PA,AEA,EN,Combined TRACON& Tower with Radar,20,36,53,6,115,0,2,44,0,46,20,38,97,6,161,216,0,216,377
06/24/2010,ABE,PA,AEA,EN,Combined TRACON& Tower with Radar,16,56,30,7,109,0,4,26,1,31,16,60,56,8,140,74,4,78,218
06/25/2010,ABE,PA,AEA,EN,Combined TRACON& Tower with Radar,19,53,37,0,109,0,2,81,0,83,19,55,118,0,192,187,0,187,379
06/26/2010,ABE,PA,AEA,EN,Combined TRACON& Tower with Radar,14,39,42,0,95,0,3,69,1,73,14,42,111,1,168,114,0,114,282
06/27/2010,ABE,PA,AEA,EN,Combined TRACON& Tower with Radar,14,40,32,0,86,0,2,41,2,45,14,42,73,2,131,42,0,42,173
06/28/2010,ABE,PA,AEA,EN,Combined TRACON& Tower with Radar,17,54,24,0,95,0,0,27,0,27,17,54,51,0,122,211,0,211,333
06/29/2010,ABE,PA,AEA,EN,Combined TRACON& Tower with Radar,15,54,33,4,106,0,1,38,1,40,15,55,71,5,146,127,0,127,273
06/30/2010,ABE,PA,AEA,EN,Combined TRACON& Tower with Radar,18,56,45,5,124,0,0,85,3,88,18,56,130,8,212,178,0,178,390
07/01/2010,ABE,PA,AEA,EN,Combined TRACON& Tower with Radar,17,55,43,0,115,0,1,97,0,98,17,56,140,0,213,124,0,124,337
07/02/2010,ABE,PA,AEA,EN,Combined TRACON& Tower with Radar,22,49,29,1,101,0,1,94,3,98,22,50,123,4,199,239,0,239,438
07/03/2010,ABE,PA,AEA,EN,Combined TRACON& Tower with Radar,12,36,36,0,84,0,0,70,2,72,12,36,106,2,156,94,0,94,250
07/04/2010,ABE,PA,AEA,EN,Combined TRACON& Tower with Radar,12,34,16,0,62,0,1,40,2,43,12,35,56,2,105,217,0,217,322
07/05/2010,ABE,PA,AEA,EN,Combined TRACON& Tower with Radar,11,42,46,0,99,0,3,73,0,76,11,45,119,0,175,128,0,128,303
07/06/2010,ABE,PA,AEA,EN,Combined TRACON& Tower with Radar,14,45,41,0,100,0,0,41,0,41,14,45,82,0,141,116,0,116,257
07/07/2010,ABE,PA,AEA,EN,Combined TRACON& Tower with Radar,20,47,34,2,103,0,3,62,0,65,20,50,96,2,168,105,0,105,273
07/08/2010,ABE,PA,AEA,EN,Combined TRACON& Tower with Radar,15,49,45,0,109,0,1,31,2,34,15,50,76,2,143,163,0,163,306
07/09/2010,ABE,PA,AEA,EN,Combined TRACON& Tower with Radar,18,53,27,3,101,0,2,21,1,24,18,55,48,4,125,74,0,74,199
07/10/2010,ABE,PA,AEA,EN,Combined TRACON& Tower with Radar,14,43,23,0,80,0,1,4,0,5,14,44,27,0,85,0,0,0,85
07/11/2010,ABE,PA,AEA,EN,Combined TRACON& Tower with Radar,14,44,55,0,113,0,2,75,3,80,14,46,130,3,193,238,0,238,431
07/12/2010,ABE,PA,AEA,EN,Combined TRACON& Tower with Radar,16,50,17,0,83,0,0,58,0,58,16,50,75,0,141,147,0,147,288
07/13/2010,ABE,PA,AEA,EN,Combined TRACON& Tower with Radar,21,50,43,0,114,0,5,7,0,12,21,55,50,0,126,50,0,50,176
07/14/2010,ABE,PA,AEA,EN,Combined TRACON& Tower with Radar,19,53,43,10,125,0,1,11,5,17,19,54,54,15,142,205,0,205,347
07/15/2010,ABE,PA,AEA,EN,Combined TRACON& Tower with Radar,19,47,39,2,107,0,0,58,0,58,19,47,97,2,165,132,0,132,297
07/16/2010,ABE,PA,AEA,EN,Combined TRACON& Tower with Radar,17,46,48,4,115,0,1,52,0,53,17,47,100,4,168,143,0,143,311
07/17/2010,ABE,PA,AEA,EN,Combined TRACON& Tower with Radar,14,37,25,0,76,0,4,53,0,57,14,41,78,0,133,184,0,184,317
07/18/2010,ABE,PA,AEA,EN,Combined TRACON& Tower with Radar,13,40,38,0,91,0,3,64,0,67,13,43,102,0,158,106,0,106,264
07/19/2010,ABE,PA,AEA,EN,Combined TRACON& Tower with Radar,21,44,23,1,89,0,3,31,0,34,21,47,54,1,123,32,0,32,155
07/20/2010,ABE,PA,AEA,EN,Combined TRACON& Tower with Radar,16,48,63,0,127,0,2,67,0,69,16,50,130,0,196,92,0,92,288
07/21/2010,ABE,PA,AEA,EN,Combined TRACON& Tower with Radar,18,52,42,0,112,0,0,53,0,53,18,52,95,0,165,228,0,228,393
07/22/2010,ABE,PA,AEA,EN,Combined TRACON& Tower with Radar,19,56,46,0,121,0,1,70,0,71,19,57,116,0,192,171,0,171,363
07/23/2010,ABE,PA,AEA,EN,Combined TRACON& Tower with Radar,20,53,39,0,112,0,2,43,0,45,20,55,82,0,157,78,0,78,235
07/24/2010,ABE,PA,AEA,EN,Combined TRACON& Tower with Radar,13,45,28,1,87,0,5,54,0,59,13,50,82,1,146,58,0,58,204
07/25/2010,ABE,PA,AEA,EN,Combined TRACON& Tower with Radar,14,45,47,0,106,0,3,27,1,31,14,48,74,1,137,0,0,0,137
07/26/2010,ABE,PA,AEA,EN,Combined TRACON& Tower with Radar,17,44,36,0,97,0,0,78,0,78,17,44,114,0,175,66,0,66,241
07/27/2010,ABE,PA,AEA,EN,Combined TRACON& Tower with Radar,16,48,53,0,117,0,1,66,0,67,16,49,119,0,184,94,0,94,278
07/28/2010,ABE,PA,AEA,EN,Combined TRACON& Tower with Radar,20,50,32,4,106,0,1,47,0,48,20,51,79,4,154,74,0,74,228
07/29/2010,ABE,PA,AEA,EN,Combined TRACON& Tower with Radar,25,67,58,0,150,0,0,39,0,39,25,67,97,0,189,188,0,188,377
07/30/2010,ABE,PA,AEA,EN,Combined TRACON& Tower with Radar,19,51,40,1,111,0,3,70,0,73,19,54,110,1,184,122,0,122,306
07/31/2010,ABE,PA,AEA,EN,Combined TRACON& Tower with Radar,14,42,45,0,101,0,3,83,0,86,14,45,128,0,187,195,0,195,382
08/01/2010,ABE,PA,AEA,EN,Combined TRACON& Tower with Radar,14,43,50,0,107,0,0,26,1,27,14,43,76,1,134,12,0,12,146
08/02/2010,ABE,PA,AEA,EN,Combined TRACON& Tower with Radar,17,45,33,0,95,0,0,49,0,49,17,45,82,0,144,13,0,13,157
08/03/2010,ABE,PA,AEA,EN,Combined TRACON& Tower with Radar,16,47,62,1,126,0,2,32,1,35,16,49,94,2,161,174,0,174,335
08/04/2010,ABE,PA,AEA,EN,Combined TRACON& Tower with Radar,18,44,49,0,111,0,1,20,0,21,18,45,69,0,132,50,0,50,182
08/05/2010,ABE,PA,AEA,EN,Combined TRACON& Tower with Radar,21,48,36,0,105,0,1,31,0,32,21,49,67,0,137,184,0,184,321
08/06/2010,ABE,PA,AEA,EN,Combined TRACON& Tower with Radar,19,53,35,0,107,0,4,79,0,83,19,57,114,0,190,158,0,158,348
08/07/2010,ABE,PA,AEA,EN,Combined TRACON& Tower with Radar,13,38,37,0,88,0,1,65,1,67,13,39,102,1,155,170,0,170,325
08/08/2010,ABE,PA,AEA,EN,Combined TRACON& Tower with Radar,14,43,45,0,102,0,1,54,6,61,14,44,99,6,163,140,0,140,303
08/09/2010,ABE,PA,AEA,EN,Combined TRACON& Tower with Radar,19,47,38,0,104,0,1,42,0,43,19,48,80,0,147,191,0,191,338
08/10/2010,ABE,PA,AEA,EN,Combined TRACON& Tower with Radar,15,47,30,1,93,0,2,37,1,40,15,49,67,2,133,111,0,111,244
08/11/2010,ABE,PA,AEA,EN,Combined TRACON& Tower with Radar,21,52,39,0,112,0,0,62,0,62,21,52,101,0,174,135,0,135,309
08/12/2010,ABE,PA,AEA,EN,Combined TRACON& Tower with Radar,19,43,44,2,108,0,0,0,0,0,19,43,44,2,108,5,0,5,113
08/13/2010,ABE,PA,AEA,EN,Combined TRACON& Tower with Radar,19,48,23,8,98,0,1,33,2,36,19,49,56,10,134,81,0,81,215
08/14/2010,ABE,PA,AEA,EN,Combined TRACON& Tower with Radar,13,37,40,0,90,0,0,71,1,72,13,37,111,1,162,78,0,78,240
08/15/2010,ABE,PA,AEA,EN,Combined TRACON& Tower with Radar,15,45,60,0,120,0,0,8,0,8,15,45,68,0,128,10,0,10,138
08/16/2010,ABE,PA,AEA,EN,Combined TRACON& Tower with Radar,19,44,46,1,110,0,0,11,0,11,19,44,57,1,121,131,0,131,252
08/17/2010,ABE,PA,AEA,EN,Combined TRACON& Tower with Radar,17,43,64,2,126,0,0,85,4,89,17,43,149,6,215,256,0,256,471
08/18/2010,ABE,PA,AEA,EN,Combined TRACON& Tower with Radar,17,59,69,6,151,0,3,74,2,79,17,62,143,8,230,49,12,61,291
08/19/2010,ABE,PA,AEA,EN,Combined TRACON& Tower with Radar,20,50,49,0,119,0,0,66,0,66,20,50,115,0,185,90,0,90,275
08/20/2010,ABE,PA,AEA,EN,Combined TRACON& Tower with Radar,20,45,36,0,101,0,2,69,0,71,20,47,105,0,172,119,0,119,291
08/21/2010,ABE,PA,AEA,EN,Combined TRACON& Tower with Radar,15,43,42,0,100,0,4,82,0,86,15,47,124,0,186,198,0,198,384
08/22/2010,ABE,PA,AEA,EN,Combined TRACON& Tower with Radar,25,62,43,0,130,0,2,6,0,8,25,64,49,0,138,8,0,8,146
08/23/2010,ABE,PA,AEA,EN,Combined TRACON& Tower with Radar,18,45,38,0,101,0,0,24,0,24,18,45,62,0,125,76,0,76,201
08/24/2010,ABE,PA,AEA,EN,Combined TRACON& Tower with Radar,14,45,63,0,122,0,0,30,0,30,14,45,93,0,152,6,0,6,158
08/25/2010,ABE,PA,AEA,EN,Combined TRACON& Tower with Radar,21,51,86,0,158,0,0,51,0,51,21,51,137,0,209,94,0,94,303
08/26/2010,ABE,PA,AEA,EN,Combined TRACON& Tower with Radar,15,49,55,1,120,0,3,67,1,71,15,52,122,2,191,188,0,188,379
08/27/2010,ABE,PA,AEA,EN,Combined TRACON& Tower with Radar,21,43,48,0,112,0,1,94,0,95,21,44,142,0,207,102,0,102,309
08/28/2010,ABE,PA,AEA,EN,Combined TRACON& Tower with Radar,13,39,33,0,85,0,5,95,0,100,13,44,128,0,185,167,0,167,352
08/29/2010,ABE,PA,AEA,EN,Combined TRACON& Tower with Radar,11,43,25,0,79,0,0,67,3,70,11,43,92,3,149,132,0,132,281
08/30/2010,ABE,PA,AEA,EN,Combined TRACON& Tower with Radar,15,44,25,0,84,0,3,60,0,63,15,47,85,0,147,140,0,140,287
08/31/2010,ABE,PA,AEA,EN,Combined TRACON& Tower with Radar,15,43,49,4,111,0,0,81,0,81,15,43,130,4,192,135,0,135,327
09/01/2010,ABE,PA,AEA,EN,Combined TRACON& Tower with Radar,14,48,39,0,101,0,2,58,1,61,14,50,97,1,162,202,0,202,364
09/02/2010,ABE,PA,AEA,EN,Combined TRACON& Tower with Radar,20,41,35,0,96,0,1,82,3,86,20,42,117,3,182,125,0,125,307
09/03/2010,ABE,PA,AEA,EN,Combined TRACON& Tower with Radar,19,51,16,0,86,0,2,32,0,34,19,53,48,0,120,130,0,130,250
09/04/2010,ABE,PA,AEA,EN,Combined TRACON& Tower with Radar,10,37,12,0,59,0,3,29,0,32,10,40,41,0,91,20,0,20,111
09/05/2010,ABE,PA,AEA,EN,Combined TRACON& Tower with Radar,14,27,23,0,64,0,2,48,0,50,14,29,71,0,114,72,0,72,186
09/06/2010,ABE,PA,AEA,EN,Combined TRACON& Tower with Radar,13,39,31,0,83,0,0,73,0,73,13,39,104,0,156,60,0,60,216
09/07/2010,ABE,PA,AEA,EN,Combined TRACON& Tower with Radar,11,43,48,0,102,0,1,60,2,63,11,44,108,2,165,78,0,78,243
09/08/2010,ABE,PA,AEA,EN,Combined TRACON& Tower with Radar,11,44,22,0,77,0,1,29,0,30,11,45,51,0,107,46,0,46,153
09/09/2010,ABE,PA,AEA,EN,Combined TRACON& Tower with Radar,17,39,28,15,99,0,0,58,1,59,17,39,86,16,158,84,6,90,248
09/10/2010,ABE,PA,AEA,EN,Combined TRACON& Tower with Radar,18,47,34,1,100,0,1,49,1,51,18,48,83,2,151,54,0,54,205
09/11/2010,ABE,PA,AEA,EN,Combined TRACON& Tower with Radar,8,37,42,0,87,0,1,93,0,94,8,38,135,0,181,168,0,168,349
09/12/2010,ABE,PA,AEA,EN,Combined TRACON& Tower with Radar,12,48,91,0,151,0,0,3,0,3,12,48,94,0,154,10,0,10,164
09/13/2010,ABE,PA,AEA,EN,Combined TRACON& Tower with Radar,20,60,35,0,115,0,2,30,2,34,20,62,65,2,149,108,0,108,257
09/14/2010,ABE,PA,AEA,EN,Combined TRACON& Tower with Radar,9,53,45,0,107,0,4,56,0,60,9,57,101,0,167,74,0,74,241
09/15/2010,ABE,PA,AEA,EN,Combined TRACON& Tower with Radar,11,52,41,11,115,0,1,74,5,80,11,53,115,16,195,198,0,198,393
09/16/2010,ABE,PA,AEA,EN,Combined TRACON& Tower with Radar,43,57,64,0,164,0,0,23,0,23,43,57,87,0,187,70,0,70,257
09/17/2010,ABE,PA,AEA,EN,Combined TRACON& Tower with Radar,16,56,29,0,101,0,5,54,1,60,16,61,83,1,161,155,0,155,316
09/18/2010,ABE,PA,AEA,EN,Combined TRACON& Tower with Radar,8,40,40,0,88,0,0,86,0,86,8,40,126,0,174,139,0,139,313
09/19/2010,ABE,PA,AEA,EN,Combined TRACON& Tower with Radar,12,44,21,3,80,0,1,54,2,57,12,45,75,5,137,225,0,225,362
09/20/2010,ABE,PA,AEA,EN,Combined TRACON& Tower with Radar,14,46,29,4,93,0,1,27,4,32,14,47,56,8,125,84,2,86,211
09/21/2010,ABE,PA,AEA,EN,Combined TRACON& Tower with Radar,10,47,46,6,109,0,2,81,2,85,10,49,127,8,194,127,20,147,341
09/22/2010,ABE,PA,AEA,EN,Combined TRACON& Tower with Radar,22,49,29,8,108,0,1,65,3,69,22,50,94,11,177,169,14,183,360
09/23/2010,ABE,PA,AEA,EN,Combined TRACON& Tower with Radar,16,60,62,4,142,0,1,51,0,52,16,61,113,4,194,139,0,139,333
09/24/2010,ABE,PA,AEA,EN,Combined TRACON& Tower with Radar,24,50,57,0,131,0,2,34,1,37,24,52,91,1,168,72,0,72,240
09/25/2010,ABE,PA,AEA,EN,Combined TRACON& Tower with Radar,8,35,18,0,61,0,2,37,0,39,8,37,55,0,100,78,0,78,178
09/26/2010,ABE,PA,AEA,EN,Combined TRACON& Tower with Radar,9,45,37,0,91,0,0,76,2,78,9,45,113,2,169,119,0,119,288
09/27/2010,ABE,PA,AEA,EN,Combined TRACON& Tower with Radar,11,46,30,0,87,0,0,0,0,0,11,46,30,0,87,1,0,1,88
09/28/2010,ABE,PA,AEA,EN,Combined TRACON& Tower with Radar,21,48,28,0,97,0,0,11,0,11,21,48,39,0,108,16,0,16,124
09/29/2010,ABE,PA,AEA,EN,Combined TRACON& Tower with Radar,14,49,57,6,126,0,4,70,2,76,14,53,127,8,202,185,0,185,387
09/30/2010,ABE,PA,AEA,EN,Combined TRACON& Tower with Radar,14,54,24,1,93,0,0,1,0,1,14,54,25,1,94,0,0,0,94
10/01/2010,ABE,PA,AEA,EN,Combined TRACON& Tower with Radar,14,55,31,0,100,0,0,11,0,11,14,55,42,0,111,0,0,0,111
10/02/2010,ABE,PA,AEA,EN,Combined TRACON& Tower with Radar,11,36,47,2,96,0,1,94,0,95,11,37,141,2,191,169,0,169,360
10/03/2010,ABE,PA,AEA,EN,Combined TRACON& Tower with Radar,11,44,35,0,90,0,0,46,0,46,11,44,81,0,136,112,0,112,248
10/04/2010,ABE,PA,AEA,EN,Combined TRACON& Tower with Radar,14,46,23,0,83,0,1,2,0,3,14,47,25,0,86,2,0,2,88
10/05/2010,ABE,PA,AEA,EN,Combined TRACON& Tower with Radar,12,42,50,0,104,0,0,1,0,1,12,42,51,0,105,1,0,1,106
10/06/2010,ABE,PA,AEA,EN,Combined TRACON& Tower with Radar,18,45,52,0,115,0,3,25,0,28,18,48,77,0,143,126,0,126,269
10/07/2010,ABE,PA,AEA,EN,Combined TRACON& Tower with Radar,12,48,31,3,94,0,1,38,0,39,12,49,69,3,133,185,0,185,318
10/08/2010,ABE,PA,AEA,EN,Combined TRACON& Tower with Radar,17,50,48,0,115,0,1,74,0,75,17,51,122,0,190,208,0,208,398
10/09/2010,ABE,PA,AEA,EN,Combined TRACON& Tower with Radar,10,37,30,5,82,0,1,80,2,83,10,38,110,7,165,186,0,186,351
10/10/2010,ABE,PA,AEA,EN,Combined TRACON& Tower with Radar,11,38,37,0,86,0,1,66,0,67,11,39,103,0,153,150,0,150,303
10/11/2010,ABE,PA,AEA,EN,Combined TRACON& Tower with Radar,20,50,26,0,96,0,2,46,0,48,20,52,72,0,144,138,0,138,282
10/12/2010,ABE,PA,AEA,EN,Combined TRACON& Tower with Radar,14,47,45,5,111,0,2,57,1,60,14,49,102,6,171,132,6,138,309
10/13/2010,ABE,PA,AEA,EN,Combined TRACON& Tower with Radar,16,43,46,4,109,0,0,95,2,97,16,43,141,6,206,288,0,288,494
10/14/2010,ABE,PA,AEA,EN,Combined TRACON& Tower with Radar,12,54,39,14,119,0,0,18,0,18,12,54,57,14,137,52,16,68,205
10/15/2010,ABE,PA,AEA,EN,Combined TRACON& Tower with Radar,16,46,29,0,91,0,0,18,0,18,16,46,47,0,109,0,0,0,109
10/16/2010,ABE,PA,AEA,EN,Combined TRACON& Tower with Radar,11,43,13,0,67,0,7,12,0,19,11,50,25,0,86,5,0,5,91
10/17/2010,ABE,PA,AEA,EN,Combined TRACON& Tower with Radar,11,47,35,1,94,0,4,47,2,53,11,51,82,3,147,43,0,43,190
10/18/2010,ABE,PA,AEA,EN,Combined TRACON& Tower with Radar,14,43,27,3,87,0,2,33,0,35,14,45,60,3,122,112,0,112,234
10/19/2010,ABE,PA,AEA,EN,Combined TRACON& Tower with Radar,12,42,66,12,132,0,4,45,2,51,12,46,111,14,183,181,0,181,364
10/20/2010,ABE,PA,AEA,EN,Combined TRACON& Tower with Radar,16,50,58,0,124,0,2,61,0,63,16,52,119,0,187,184,0,184,371
10/21/2010,ABE,PA,AEA,EN,Combined TRACON& Tower with Radar,11,55,44,3,113,0,4,32,1,37,11,59,76,4,150,44,0,44,194
10/22/2010,ABE,PA,AEA,EN,Combined TRACON& Tower with Radar,15,47,30,0,92,0,2,51,0,53,15,49,81,0,145,82,0,82,227
10/23/2010,ABE,PA,AEA,EN,Combined TRACON& Tower with Radar,10,39,37,0,86,0,1,78,2,81,10,40,115,2,167,171,0,171,338
10/24/2010,ABE,PA,AEA,EN,Combined TRACON& Tower with Radar,12,36,26,0,74,0,1,73,0,74,12,37,99,0,148,121,0,121,269
10/25/2010,ABE,PA,AEA,EN,Combined TRACON& Tower with Radar,16,39,50,0,105,0,0,39,0,39,16,39,89,0,144,56,0,56,200
10/26/2010,ABE,PA,AEA,EN,Combined TRACON& Tower with Radar,13,41,69,4,127,0,0,129,0,129,13,41,198,4,256,0,0,0,256
10/27/2010,ABE,PA,AEA,EN,Combined TRACON& Tower with Radar,15,41,66,8,130,0,0,4,0,4,15,41,70,8,134,74,0,74,208
10/28/2010,ABE,PA,AEA,EN,Combined TRACON& Tower with Radar,11,59,63,0,133,0,3,54,0,57,11,62,117,0,190,37,0,37,227
10/29/2010,ABE,PA,AEA,EN,Combined TRACON& Tower with Radar,17,47,50,11,125,0,5,47,0,52,17,52,97,11,177,75,0,75,252
10/30/2010,ABE,PA,AEA,EN,Combined TRACON& Tower with Radar,10,38,46,6,100,0,1,94,0,95,10,39,140,6,195,147,8,155,350
10/31/2010,ABE,PA,AEA,EN,Combined TRACON& Tower with Radar,11,40,41,0,92,0,0,54,0,54,11,40,95,0,146,87,0,87,233
11/01/2010,ABE,PA,AEA,EN,Combined TRACON& Tower with Radar,16,41,45,0,102,0,2,55,0,57,16,43,100,0,159,144,0,144,303
11/02/2010,ABE,PA,AEA,EN,Combined TRACON& Tower with Radar,12,47,52,0,111,0,4,72,0,76,12,51,124,0,187,136,0,136,323
11/03/2010,ABE,PA,AEA,EN,Combined TRACON& Tower with Radar,16,50,53,0,119,0,4,99,1,104,16,54,152,1,223,161,0,161,384
11/04/2010,ABE,PA,AEA,EN,Combined TRACON& Tower with Radar,14,41,42,0,97,0,0,4,0,4,14,41,46,0,101,0,0,0,101
11/05/2010,ABE,PA,AEA,EN,Combined TRACON& Tower with Radar,16,50,36,0,102,0,3,19,0,22,16,53,55,0,124,47,0,47,171
11/06/2010,ABE,PA,AEA,EN,Combined TRACON& Tower with Radar,11,38,26,0,75,0,3,55,0,58,11,41,81,0,133,87,0,87,220
11/07/2010,ABE,PA,AEA,EN,Combined TRACON& Tower with Radar,9,45,50,0,104,0,3,58,2,63,9,48,108,2,167,86,0,86,253
11/08/2010,ABE,PA,AEA,EN,Combined TRACON& Tower with Radar,17,52,18,0,87,0,4,14,2,20,17,56,32,2,107,40,0,40,147
11/09/2010,ABE,PA,AEA,EN,Combined TRACON& Tower with Radar,14,49,32,0,95,0,1,49,0,50,14,50,81,0,145,118,0,118,263
11/10/2010,ABE,PA,AEA,EN,Combined TRACON& Tower with Radar,14,50,49,0,113,0,3,65,0,68,14,53,114,0,181,204,0,204,385
11/11/2010,ABE,PA,AEA,EN,Combined TRACON& Tower with Radar,16,49,46,0,111,0,1,82,3,86,16,50,128,3,197,180,0,180,377
11/12/2010,ABE,PA,AEA,EN,Combined TRACON& Tower with Radar,15,48,48,0,111,0,3,98,2,103,15,51,146,2,214,178,0,178,392
11/13/2010,ABE,PA,AEA,EN,Combined TRACON& Tower with Radar,11,36,41,0,88,0,0,80,2,82,11,36,121,2,170,218,0,218,388
11/14/2010,ABE,PA,AEA,EN,Combined TRACON& Tower with Radar,10,42,38,0,90,0,2,89,0,91,10,44,127,0,181,130,0,130,311
11/15/2010,ABE,PA,AEA,EN,Combined TRACON& Tower with Radar,18,47,68,0,133,0,0,35,0,35,18,47,103,0,168,146,0,146,314
11/16/2010,ABE,PA,AEA,EN,Combined TRACON& Tower with Radar,14,47,43,0,104,0,0,0,0,0,14,47,43,0,104,0,0,0,104
11/17/2010,ABE,PA,AEA,EN,Combined TRACON& Tower with Radar,14,52,32,0,98,0,2,13,0,15,14,54,45,0,113,10,0,10,123
11/18/2010,ABE,PA,AEA,EN,Combined TRACON& Tower with Radar,14,47,57,0,118,0,1,67,0,68,14,48,124,0,186,138,0,138,324
11/19/2010,ABE,PA,AEA,EN,Combined TRACON& Tower with Radar,17,53,44,1,115,0,5,77,0,82,17,58,121,1,197,205,16,221,418
11/20/2010,ABE,PA,AEA,EN,Combined TRACON& Tower with Radar,11,37,20,0,68,0,3,36,0,39,11,40,56,0,107,98,0,98,205
11/21/2010,ABE,PA,AEA,EN,Combined TRACON& Tower with Radar,10,42,42,0,94,0,4,75,0,79,10,46,117,0,173,119,0,119,292
11/22/2010,ABE,PA,AEA,EN,Combined TRACON& Tower with Radar,18,49,38,6,111,0,1,26,0,27,18,50,64,6,138,62,0,62,200
11/23/2010,ABE,PA,AEA,EN,Combined TRACON& Tower with Radar,13,51,47,1,112,0,2,44,1,47,13,53,91,2,159,74,0,74,233
11/24/2010,ABE,PA,AEA,EN,Combined TRACON& Tower with Radar,17,54,47,4,122,0,4,70,0,74,17,58,117,4,196,138,0,138,334
11/25/2010,ABE,PA,AEA,EN,Combined TRACON& Tower with Radar,13,38,6,0,57,0,0,0,0,0,13,38,6,0,57,0,0,0,57
11/26/2010,ABE,PA,AEA,EN,Combined TRACON& Tower with Radar,18,39,15,0,72,0,2,13,0,15,18,41,28,0,87,20,0,20,107
11/27/2010,ABE,PA,AEA,EN,Combined TRACON& Tower with Radar,15,49,28,0,92,0,3,22,0,25,15,52,50,0,117,28,0,28,145
11/28/2010,ABE,PA,AEA,EN,Combined TRACON& Tower with Radar,10,45,48,0,103,0,1,82,0,83,10,46,130,0,186,150,0,150,336
11/29/2010,ABE,PA,AEA,EN,Combined TRACON& Tower with Radar,18,52,29,0,99,0,6,46,0,52,18,58,75,0,151,142,0,142,293
11/30/2010,ABE,PA,AEA,EN,Combined TRACON& Tower with Radar,13,48,35,0,96,0,1,3,0,4,13,49,38,0,100,24,0,24,124
12/01/2010,ABE,PA,AEA,EN,Combined TRACON& Tower with Radar,25,76,18,0,119,0,3,2,0,5,25,79,20,0,124,0,0,0,124
12/02/2010,ABE,PA,AEA,EN,Combined TRACON& Tower with Radar,12,52,40,1,105,0,3,56,0,59,12,55,96,1,164,156,0,156,320
12/03/2010,ABE,PA,AEA,EN,Combined TRACON& Tower with Radar,15,50,45,0,110,0,2,62,0,64,15,52,107,0,174,142,0,142,316
12/04/2010,ABE,PA,AEA,EN,Combined TRACON& Tower with Radar,13,36,20,0,69,0,0,53,0,53,13,36,73,0,122,66,0,66,188
12/05/2010,ABE,PA,AEA,EN,Combined TRACON& Tower with Radar,8,41,23,0,72,0,0,24,0,24,8,41,47,0,96,28,0,28,124
12/06/2010,ABE,PA,AEA,EN,Combined TRACON& Tower with Radar,13,48,19,0,80,0,0,6,0,6,13,48,25,0,86,0,0,0,86
12/07/2010,ABE,PA,AEA,EN,Combined TRACON& Tower with Radar,15,49,19,0,83,0,2,17,0,19,15,51,36,0,102,6,0,6,108
12/08/2010,ABE,PA,AEA,EN,Combined TRACON& Tower with Radar,12,55,29,0,96,0,0,59,0,59,12,55,88,0,155,91,0,91,246
12/09/2010,ABE,PA,AEA,EN,Combined TRACON& Tower with Radar,12,44,28,0,84,0,0,58,0,58,12,44,86,0,142,58,0,58,200
12/10/2010,ABE,PA,AEA,EN,Combined TRACON& Tower with Radar,15,55,25,2,97,0,4,46,0,50,15,59,71,2,147,208,0,208,355
12/11/2010,ABE,PA,AEA,EN,Combined TRACON& Tower with Radar,11,39,54,0,104,0,0,85,0,85,11,39,139,0,189,152,0,152,341
12/12/2010,ABE,PA,AEA,EN,Combined TRACON& Tower with Radar,7,30,10,0,47,0,0,0,0,0,7,30,10,0,47,0,0,0,47
12/13/2010,ABE,PA,AEA,EN,Combined TRACON& Tower with Radar,13,48,35,0,96,0,0,20,0,20,13,48,55,0,116,26,0,26,142
12/14/2010,ABE,PA,AEA,EN,Combined TRACON& Tower with Radar,12,47,24,0,83,0,0,10,0,10,12,47,34,0,93,10,0,10,103
12/15/2010,ABE,PA,AEA,EN,Combined TRACON& Tower with Radar,11,51,23,0,85,0,4,14,0,18,11,55,37,0,103,8,0,8,111
12/16/2010,ABE,PA,AEA,EN,Combined TRACON& Tower with Radar,13,57,49,0,119,0,2,62,0,64,13,59,111,0,183,46,0,46,229
12/17/2010,ABE,PA,AEA,EN,Combined TRACON& Tower with Radar,17,58,42,1,118,0,3,56,1,60,17,61,98,2,178,0,0,0,178
12/18/2010,ABE,PA,AEA,EN,Combined TRACON& Tower with Radar,11,49,60,0,120,0,1,71,0,72,11,50,131,0,192,0,0,0,192
12/19/2010,ABE,PA,AEA,EN,Combined TRACON& Tower with Radar,7,40,47,0,94,1,1,35,0,37,8,41,82,0,131,56,0,56,187
12/20/2010,ABE,PA,AEA,EN,Combined TRACON& Tower with Radar,14,55,27,4,100,0,1,31,0,32,14,56,58,4,132,47,0,47,179
12/21/2010,ABE,PA,AEA,EN,Combined TRACON& Tower with Radar,16,49,36,0,101,0,1,28,0,29,16,50,64,0,130,50,0,50,180
12/22/2010,ABE,PA,AEA,EN,Combined TRACON& Tower with Radar,10,61,63,1,135,0,3,79,0,82,10,64,142,1,217,125,0,125,342
12/23/2010,ABE,PA,AEA,EN,Combined TRACON& Tower with Radar,12,49,19,0,80,0,2,22,4,28,12,51,41,4,108,30,0,30,138
12/24/2010,ABE,PA,AEA,EN,Combined TRACON& Tower with Radar,11,40,17,0,68,0,1,15,0,16,11,41,32,0,84,49,0,49,133
12/25/2010,ABE,PA,AEA,EN,Combined TRACON& Tower with Radar,11,35,5,0,51,0,2,5,0,7,11,37,10,0,58,0,0,0,58
12/26/2010,ABE,PA,AEA,EN,Combined TRACON& Tower with Radar,5,46,36,0,87,0,0,0,0,0,5,46,36,0,87,0,0,0,87
12/27/2010,ABE,PA,AEA,EN,Combined TRACON& Tower with Radar,14,58,38,0,110,0,0,9,0,9,14,58,47,0,119,34,0,34,153
12/28/2010,ABE,PA,AEA,EN,Combined TRACON& Tower with Radar,12,60,20,0,92,0,5,17,0,22,12,65,37,0,114,28,0,28,142
12/29/2010,ABE,PA,AEA,EN,Combined TRACON& Tower with Radar,10,51,52,0,113,0,1,78,0,79,10,52,130,0,192,105,0,105,297
12/30/2010,ABE,PA,AEA,EN,Combined TRACON& Tower with Radar,12,55,41,0,108,0,5,60,0,65,12,60,101,0,173,136,0,136,309
12/31/2010,ABE,PA,AEA,EN,Combined TRACON& Tower with Radar,11,45,50,0,106,0,1,64,0,65,11,46,114,0,171,84,0,84,255
01/02/2011,ABE,PA,AEA,EN,Combined TRACON& Tower with Radar,11,52,37,0,100,0,2,38,0,40,11,54,75,0,140,68,0,68,208
01/03/2011,ABE,PA,AEA,EN,Combined TRACON& Tower with Radar,16,47,28,0,91,0,0,57,0,57,16,47,85,0,148,158,0,158,306
01/04/2011,ABE,PA,AEA,EN,Combined TRACON& Tower with Radar,7,50,21,2,80,0,3,66,0,69,7,53,87,2,149,69,0,69,218
01/05/2011,ABE,PA,AEA,EN,Combined TRACON& Tower with Radar,10,58,41,8,117,0,3,53,2,58,10,61,94,10,175,122,0,122,297
01/06/2011,ABE,PA,AEA,EN,Combined TRACON& Tower with Radar,12,52,37,0,101,0,1,36,0,37,12,53,73,0,138,62,0,62,200
01/07/2011,ABE,PA,AEA,EN,Combined TRACON& Tower with Radar,18,48,10,0,76,0,0,2,0,2,18,48,12,0,78,0,0,0,78
01/08/2011,ABE,PA,AEA,EN,Combined TRACON& Tower with Radar,8,36,5,0,49,0,2,0,0,2,8,38,5,0,51,0,0,0,51
01/09/2011,ABE,PA,AEA,EN,Combined TRACON& Tower with Radar,6,47,12,0,65,0,2,17,0,19,6,49,29,0,84,14,0,14,98
01/10/2011,ABE,PA,AEA,EN,Combined TRACON& Tower with Radar,12,57,34,4,107,0,6,64,0,70,12,63,98,4,177,60,2,62,239
01/11/2011,ABE,PA,AEA,EN,Combined TRACON& Tower with Radar,5,34,26,1,66,0,0,20,0,20,5,34,46,1,86,0,0,0,86
01/12/2011,ABE,PA,AEA,EN,Combined TRACON& Tower with Radar,12,49,5,4,70,0,1,4,0,5,12,50,9,4,75,0,0,0,75
01/13/2011,ABE,PA,AEA,EN,Combined TRACON& Tower with Radar,12,62,31,6,111,0,9,33,0,42,12,71,64,6,153,34,0,34,187
01/14/2011,ABE,PA,AEA,EN,Combined TRACON& Tower with Radar,15,60,27,5,107,0,6,47,1,54,15,66,74,6,161,190,0,190,351
01/15/2011,ABE,PA,AEA,EN,Combined TRACON& Tower with Radar,7,34,30,0,71,0,7,58,2,67,7,41,88,2,138,40,0,40,178
01/16/2011,ABE,PA,AEA,EN,Combined TRACON& Tower with Radar,8,46,37,0,91,0,2,36,1,39,8,48,73,1,130,111,0,111,241
01/17/2011,ABE,PA,AEA,EN,Combined TRACON& Tower with Radar,14,48,25,0,87,0,2,43,0,45,14,50,68,0,132,80,0,80,212
01/18/2011,ABE,PA,AEA,EN,Combined TRACON& Tower with Radar,10,46,16,0,72,0,0,0,0,0,10,46,16,0,72,10,0,10,82
01/19/2011,ABE,PA,AEA,EN,Combined TRACON& Tower with Radar,10,59,21,0,90,0,1,2,0,3,10,60,23,0,93,25,0,25,118
01/20/2011,ABE,PA,AEA,EN,Combined TRACON& Tower with Radar,12,59,67,0,138,0,0,74,0,74,12,59,141,0,212,219,0,219,431
01/21/2011,ABE,PA,AEA,EN,Combined TRACON& Tower with Radar,15,59,21,0,95,0,1,11,0,12,15,60,32,0,107,5,0,5,112
01/22/2011,ABE,PA,AEA,EN,Combined TRACON& Tower with Radar,7,38,23,0,68,0,3,47,0,50,7,41,70,0,118,86,0,86,204
01/23/2011,ABE,PA,AEA,EN,Combined TRACON& Tower with Radar,7,48,16,0,71,0,0,34,0,34,7,48,50,0,105,28,0,28,133
01/24/2011,ABE,PA,AEA,EN,Combined TRACON& Tower with Radar,13,50,26,3,92,0,1,44,2,47,13,51,70,5,139,85,0,85,224
01/25/2011,ABE,PA,AEA,EN,Combined TRACON& Tower with Radar,15,51,29,0,95,0,1,27,0,28,15,52,56,0,123,30,0,30,153
01/26/2011,ABE,PA,AEA,EN,Combined TRACON& Tower with Radar,6,40,15,0,61,0,1,0,0,1,6,41,15,0,62,0,0,0,62
01/27/2011,ABE,PA,AEA,EN,Combined TRACON& Tower with Radar,10,62,28,1,101,0,5,6,1,12,10,67,34,2,113,12,0,12,125
01/28/2011,ABE,PA,AEA,EN,Combined TRACON& Tower with Radar,16,66,22,0,104,0,0,0,0,0,16,66,22,0,104,0,0,0,104
01/29/2011,ABE,PA,AEA,EN,Combined TRACON& Tower with Radar,9,49,15,0,73,0,2,8,2,12,9,51,23,2,85,10,0,10,95
01/30/2011,ABE,PA,AEA,EN,Combined TRACON& Tower with Radar,7,52,30,0,89,0,2,38,0,40,7,54,68,0,129,104,0,104,233
01/31/2011,ABE,PA,AEA,EN,Combined TRACON& Tower with Radar,13,50,38,0,101,0,5,40,0,45,13,55,78,0,146,58,0,58,204
02/01/2011,ABE,PA,AEA,EN,Combined TRACON& Tower with Radar,7,34,3,0,44,0,0,0,0,0,7,34,3,0,44,0,0,0,44
02/02/2011,ABE,PA,AEA,EN,Combined TRACON& Tower with Radar,6,32,6,0,44,0,1,0,0,1,6,33,6,0,45,0,0,0,45
02/03/2011,ABE,PA,AEA,EN,Combined TRACON& Tower with Radar,14,46,25,4,89,0,2,43,1,46,14,48,68,5,135,50,1,51,186
02/04/2011,ABE,PA,AEA,EN,Combined TRACON& Tower with Radar,14,63,31,0,108,0,0,68,0,68,14,63,99,0,176,97,0,97,273
02/05/2011,ABE,PA,AEA,EN,Combined TRACON& Tower with Radar,10,37,4,0,51,0,0,1,0,1,10,37,5,0,52,0,0,0,52
02/06/2011,ABE,PA,AEA,EN,Combined TRACON& Tower with Radar,7,48,41,0,96,0,0,63,0,63,7,48,104,0,159,107,0,107,266
02/07/2011,ABE,PA,AEA,EN,Combined TRACON& Tower with Radar,14,52,23,1,90,0,0,29,0,29,14,52,52,1,119,144,0,144,263
02/08/2011,ABE,PA,AEA,EN,Combined TRACON& Tower with Radar,10,54,6,0,70,0,0,1,0,1,10,54,7,0,71,16,0,16,87
02/09/2011,ABE,PA,AEA,EN,Combined TRACON& Tower with Radar,10,52,44,0,106,0,3,39,0,42,10,55,83,0,148,121,0,121,269
02/10/2011,ABE,PA,AEA,EN,Combined TRACON& Tower with Radar,17,61,27,4,109,0,9,39,6,54,17,70,66,10,163,192,2,194,357
02/11/2011,ABE,PA,AEA,EN,Combined TRACON& Tower with Radar,14,56,43,0,113,0,3,61,0,64,14,59,104,0,177,94,0,94,271
02/12/2011,ABE,PA,AEA,EN,Combined TRACON& Tower with Radar,10,40,16,5,71,0,4,28,5,37,10,44,44,10,108,77,0,77,185
02/13/2011,ABE,PA,AEA,EN,Combined TRACON& Tower with Radar,7,47,14,4,72,0,4,47,4,55,7,51,61,8,127,120,32,152,279
02/14/2011,ABE,PA,AEA,EN,Combined TRACON& Tower with Radar,13,51,16,0,80,0,1,12,2,15,13,52,28,2,95,10,0,10,105
02/15/2011,ABE,PA,AEA,EN,Combined TRACON& Tower with Radar,10,46,31,0,87,0,1,54,0,55,10,47,85,0,142,124,0,124,266
02/16/2011,ABE,PA,AEA,EN,Combined TRACON& Tower with Radar,13,51,52,4,120,0,1,70,2,73,13,52,122,6,193,129,8,137,330
02/17/2011,ABE,PA,AEA,EN,Combined TRACON& Tower with Radar,15,53,54,20,142,0,8,68,2,78,15,61,122,22,220,173,0,173,393
02/18/2011,ABE,PA,AEA,EN,Combined TRACON& Tower with Radar,15,53,44,0,112,0,4,53,0,57,15,57,97,0,169,110,0,110,279
02/19/2011,ABE,PA,AEA,EN,Combined TRACON& Tower with Radar,10,39,5,0,54,0,5,2,0,7,10,44,7,0,61,0,0,0,61
02/20/2011,ABE,PA,AEA,EN,Combined TRACON& Tower with Radar,7,43,35,0,85,0,2,65,0,67,7,45,100,0,152,60,0,60,212
02/21/2011,ABE,PA,AEA,EN,Combined TRACON& Tower with Radar,15,39,18,0,72,0,0,2,0,2,15,39,20,0,74,7,0,7,81
02/22/2011,ABE,PA,AEA,EN,Combined TRACON& Tower with Radar,14,48,29,0,91,0,0,42,0,42,14,48,71,0,133,76,1,77,210
02/23/2011,ABE,PA,AEA,EN,Combined TRACON& Tower with Radar,12,57,52,6,127,0,9,84,5,98,12,66,136,11,225,126,0,126,351
02/24/2011,ABE,PA,AEA,EN,Combined TRACON& Tower with Radar,15,56,36,0,107,0,3,52,0,55,15,59,88,0,162,37,0,37,199
02/25/2011,ABE,PA,AEA,EN,Combined TRACON& Tower with Radar,13,46,19,1,79,0,0,0,1,1,13,46,19,2,80,0,0,0,80
02/26/2011,ABE,PA,AEA,EN,Combined TRACON& Tower with Radar,11,42,66,0,119,0,4,97,0,101,11,46,163,0,220,209,0,209,429
02/27/2011,ABE,PA,AEA,EN,Combined TRACON& Tower with Radar,6,42,32,0,80,0,0,64,1,65,6,42,96,1,145,69,0,69,214
02/28/2011,ABE,PA,AEA,EN,Combined TRACON& Tower with Radar,11,54,16,0,81,1,4,4,0,9,12,58,20,0,90,0,0,0,90
03/01/2011,ABE,PA,AEA,EN,Combined TRACON& Tower with Radar,15,55,34,3,107,0,0,55,1,56,15,55,89,4,163,160,0,160,323
03/02/2011,ABE,PA,AEA,EN,Combined TRACON& Tower with Radar,15,55,27,0,97,0,2,45,0,47,15,57,72,0,144,6,0,6,150
03/03/2011,ABE,PA,AEA,EN,Combined TRACON& Tower with Radar,14,52,54,0,120,0,1,70,0,71,14,53,124,0,191,101,0,101,292
03/04/2011,ABE,PA,AEA,EN,Combined TRACON& Tower with Radar,14,58,39,0,111,0,0,62,0,62,14,58,101,0,173,79,0,79,252
03/05/2011,ABE,PA,AEA,EN,Combined TRACON& Tower with Radar,9,38,51,0,98,0,3,15,0,18,9,41,66,0,116,38,0,38,154
03/06/2011,ABE,PA,AEA,EN,Combined TRACON& Tower with Radar,11,50,32,0,93,0,1,0,0,1,11,51,32,0,94,0,0,0,94
03/07/2011,ABE,PA,AEA,EN,Combined TRACON& Tower with Radar,16,55,9,1,81,0,0,19,1,20,16,55,28,2,101,29,0,29,130
03/08/2011,ABE,PA,AEA,EN,Combined TRACON& Tower with Radar,14,54,42,0,110,0,1,65,1,67,14,55,107,1,177,108,0,108,285
03/09/2011,ABE,PA,AEA,EN,Combined TRACON& Tower with Radar,14,55,37,2,108,0,2,21,2,25,14,57,58,4,133,33,0,33,166
03/10/2011,ABE,PA,AEA,EN,Combined TRACON& Tower with Radar,16,57,28,0,101,0,0,0,0,0,16,57,28,0,101,0,0,0,101
03/11/2011,ABE,PA,AEA,EN,Combined TRACON& Tower with Radar,14,52,50,3,119,0,2,28,0,30,14,54,78,3,149,98,0,98,247
03/12/2011,ABE,PA,AEA,EN,Combined TRACON& Tower with Radar,12,41,25,0,78,0,5,67,0,72,12,46,92,0,150,126,0,126,276
03/13/2011,ABE,PA,AEA,EN,Combined TRACON& Tower with Radar,8,45,26,0,79,0,0,48,0,48,8,45,74,0,127,116,0,116,243
03/14/2011,ABE,PA,AEA,EN,Combined TRACON& Tower with Radar,13,54,36,0,103,0,2,53,0,55,13,56,89,0,158,60,0,60,218
03/15/2011,ABE,PA,AEA,EN,Combined TRACON& Tower with Radar,15,54,35,0,104,0,2,55,0,57,15,56,90,0,161,84,0,84,245
03/16/2011,ABE,PA,AEA,EN,Combined TRACON& Tower with Radar,15,57,40,2,114,0,0,23,0,23,15,57,63,2,137,46,0,46,183
03/17/2011,ABE,PA,AEA,EN,Combined TRACON& Tower with Radar,14,56,40,0,110,0,3,79,2,84,14,59,119,2,194,132,0,132,326
03/18/2011,ABE,PA,AEA,EN,Combined TRACON& Tower with Radar,12,53,26,0,91,0,4,58,0,62,12,57,84,0,153,132,0,132,285
03/19/2011,ABE,PA,AEA,EN,Combined TRACON& Tower with Radar,10,39,28,0,77,0,3,52,0,55,10,42,80,0,132,105,0,105,237
03/20/2011,ABE,PA,AEA,EN,Combined TRACON& Tower with Radar,7,54,57,0,118,0,2,84,0,86,7,56,141,0,204,200,0,200,404
03/21/2011,ABE,PA,AEA,EN,Combined TRACON& Tower with Radar,16,55,30,4,105,0,0,0,0,0,16,55,30,4,105,14,0,14,119
03/22/2011,ABE,PA,AEA,EN,Combined TRACON& Tower with Radar,14,50,40,4,108,0,2,39,0,41,14,52,79,4,149,55,4,59,208
03/23/2011,ABE,PA,AEA,EN,Combined TRACON& Tower with Radar,18,42,19,0,79,0,0,1,0,1,18,42,20,0,80,0,0,0,80
03/24/2011,ABE,PA,AEA,EN,Combined TRACON& Tower with Radar,17,73,35,3,128,0,2,19,3,24,17,75,54,6,152,142,2,144,296
03/25/2011,ABE,PA,AEA,EN,Combined TRACON& Tower with Radar,14,63,43,0,120,0,3,63,0,66,14,66,106,0,186,140,0,140,326
03/26/2011,ABE,PA,AEA,EN,Combined TRACON& Tower with Radar,13,43,38,0,94,0,5,70,0,75,13,48,108,0,169,111,0,111,280
03/27/2011,ABE,PA,AEA,EN,Combined TRACON& Tower with Radar,9,50,42,0,101,0,3,56,0,59,9,53,98,0,160,148,0,148,308
03/28/2011,ABE,PA,AEA,EN,Combined TRACON& Tower with Radar,12,56,29,3,100,0,2,51,1,54,12,58,80,4,154,135,0,135,289
03/29/2011,ABE,PA,AEA,EN,Combined TRACON& Tower with Radar,13,62,44,1,120,0,2,70,1,73,13,64,114,2,193,98,0,98,291
03/30/2011,ABE,PA,AEA,EN,Combined TRACON& Tower with Radar,10,54,36,2,102,0,1,46,0,47,10,55,82,2,149,46,0,46,195
03/31/2011,ABE,PA,AEA,EN,Combined TRACON& Tower with Radar,12,64,38,0,114,0,0,2,0,2,12,64,40,0,116,0,0,0,116
04/01/2011,ABE,PA,AEA,EN,Combined TRACON& Tower with Radar,11,60,14,2,87,0,0,3,0,3,11,60,17,2,90,1,0,1,91
04/02/2011,ABE,PA,AEA,EN,Combined TRACON& Tower with Radar,11,34,29,0,74,0,0,39,0,39,11,34,68,0,113,58,0,58,171
04/03/2011,ABE,PA,AEA,EN,Combined TRACON& Tower with Radar,7,53,35,0,95,0,0,41,0,41,7,53,76,0,136,163,0,163,299
04/04/2011,ABE,PA,AEA,EN,Combined TRACON& Tower with Radar,14,53,33,0,100,0,2,30,0,32,14,55,63,0,132,65,0,65,197
04/05/2011,ABE,PA,AEA,EN,Combined TRACON& Tower with Radar,14,53,38,0,105,0,0,6,0,6,14,53,44,0,111,98,0,98,209
04/06/2011,ABE,PA,AEA,EN,Combined TRACON& Tower with Radar,8,65,57,6,136,0,1,33,0,34,8,66,90,6,170,0,0,0,170
04/07/2011,ABE,PA,AEA,EN,Combined TRACON& Tower with Radar,13,58,78,2,151,0,0,21,0,21,13,58,99,2,172,185,0,185,357
04/08/2011,ABE,PA,AEA,EN,Combined TRACON& Tower with Radar,14,52,40,0,106,0,0,10,0,10,14,52,50,0,116,34,0,34,150
04/09/2011,ABE,PA,AEA,EN,Combined TRACON& Tower with Radar,9,38,33,0,80,0,3,69,0,72,9,41,102,0,152,143,0,143,295
04/10/2011,ABE,PA,AEA,EN,Combined TRACON& Tower with Radar,8,48,66,0,122,0,2,7,0,9,8,50,73,0,131,94,0,94,225
04/11/2011,ABE,PA,AEA,EN,Combined TRACON& Tower with Radar,12,56,26,0,94,0,2,22,0,24,12,58,48,0,118,40,0,40,158
04/12/2011,ABE,PA,AEA,EN,Combined TRACON& Tower with Radar,12,50,50,0,112,0,0,12,0,12,12,50,62,0,124,8,0,8,132
04/13/2011,ABE,PA,AEA,EN,Combined TRACON& Tower with Radar,8,57,63,0,128,0,0,0,0,0,8,57,63,0,128,0,0,0,128
04/14/2011,ABE,PA,AEA,EN,Combined TRACON& Tower with Radar,12,54,66,6,138,0,1,92,0,93,12,55,158,6,231,325,0,325,556
04/15/2011,ABE,PA,AEA,EN,Combined TRACON& Tower with Radar,13,53,69,1,136,0,1,66,1,68,13,54,135,2,204,289,0,289,493
04/16/2011,ABE,PA,AEA,EN,Combined TRACON& Tower with Radar,14,39,10,0,63,0,0,0,0,0,14,39,10,0,63,0,0,0,63
04/17/2011,ABE,PA,AEA,EN,Combined TRACON& Tower with Radar,8,57,22,0,87,0,0,13,0,13,8,57,35,0,100,0,0,0,100
04/18/2011,ABE,PA,AEA,EN,Combined TRACON& Tower with Radar,12,68,52,0,132,0,3,68,0,71,12,71,120,0,203,221,0,221,424
04/19/2011,ABE,PA,AEA,EN,Combined TRACON& Tower with Radar,14,43,60,0,117,0,0,12,0,12,14,43,72,0,129,108,0,108,237
04/20/2011,ABE,PA,AEA,EN,Combined TRACON& Tower with Radar,11,59,55,1,126,0,0,9,0,9,11,59,64,1,135,32,0,32,167
04/21/2011,ABE,PA,AEA,EN,Combined TRACON& Tower with Radar,12,55,42,2,111,0,0,31,0,31,12,55,73,2,142,47,0,47,189
04/22/2011,ABE,PA,AEA,EN,Combined TRACON& Tower with Radar,15,52,45,0,112,0,4,73,0,77,15,56,118,0,189,262,0,262,451
04/23/2011,ABE,PA,AEA,EN,Combined TRACON& Tower with Radar,14,41,45,0,100,0,0,0,0,0,14,41,45,0,100,0,0,0,100
04/24/2011,ABE,PA,AEA,EN,Combined TRACON& Tower with Radar,11,49,33,0,93,0,2,25,0,27,11,51,58,0,120,102,0,102,222
04/25/2011,ABE,PA,AEA,EN,Combined TRACON& Tower with Radar,17,65,55,1,138,0,10,25,1,36,17,75,80,2,174,147,0,147,321
04/26/2011,ABE,PA,AEA,EN,Combined TRACON& Tower with Radar,14,60,62,3,139,0,1,74,3,78,14,61,136,6,217,129,0,129,346
04/27/2011,ABE,PA,AEA,EN,Combined TRACON& Tower with Radar,12,64,53,2,131,0,1,18,0,19,12,65,71,2,150,0,0,0,150
04/28/2011,ABE,PA,AEA,EN,Combined TRACON& Tower with Radar,20,55,45,0,120,0,2,18,0,20,20,57,63,0,140,17,0,17,157
04/29/2011,ABE,PA,AEA,EN,Combined TRACON& Tower with Radar,11,58,68,0,137,0,1,88,0,89,11,59,156,0,226,138,0,138,364
04/30/2011,ABE,PA,AEA,EN,Combined TRACON& Tower with Radar,8,35,36,0,79,0,3,92,0,95,8,38,128,0,174,246,0,246,420
05/01/2011,ABE,PA,AEA,EN,Combined TRACON& Tower with Radar,9,50,43,0,102,0,1,87,1,89,9,51,130,1,191,264,0,264,455
05/02/2011,ABE,PA,AEA,EN,Combined TRACON& Tower with Radar,17,61,46,0,124,0,7,44,0,51,17,68,90,0,175,123,0,123,298
05/03/2011,ABE,PA,AEA,EN,Combined TRACON& Tower with Radar,13,53,53,3,122,0,0,55,1,56,13,53,108,4,178,176,20,196,374
05/04/2011,ABE,PA,AEA,EN,Combined TRACON& Tower with Radar,8,49,40,0,97,0,1,19,2,22,8,50,59,2,119,34,0,34,153
05/05/2011,ABE,PA,AEA,EN,Combined TRACON& Tower with Radar,12,58,44,0,114,0,1,42,0,43,12,59,86,0,157,107,0,107,264
05/06/2011,ABE,PA,AEA,EN,Combined TRACON& Tower with Radar,9,60,49,0,118,0,0,73,0,73,9,60,122,0,191,165,0,165,356
05/07/2011,ABE,PA,AEA,EN,Combined TRACON& Tower with Radar,4,43,45,0,92,0,2,67,0,69,4,45,112,0,161,159,0,159,320
05/08/2011,ABE,PA,AEA,EN,Combined TRACON& Tower with Radar,5,50,37,0,92,0,2,54,0,56,5,52,91,0,148,175,0,175,323
05/09/2011,ABE,PA,AEA,EN,Combined TRACON& Tower with Radar,9,63,40,0,112,0,7,55,0,62,9,70,95,0,174,138,0,138,312
05/10/2011,ABE,PA,AEA,EN,Combined TRACON& Tower with Radar,13,55,52,0,120,0,2,77,0,79,13,57,129,0,199,162,0,162,361
05/11/2011,ABE,PA,AEA,EN,Combined TRACON& Tower with Radar,8,53,49,0,110,0,4,89,2,95,8,57,138,2,205,259,0,259,464
05/12/2011,ABE,PA,AEA,EN,Combined TRACON& Tower with Radar,10,57,46,0,113,0,2,86,2,90,10,59,132,2,203,210,4,214,417
05/13/2011,ABE,PA,AEA,EN,Combined TRACON& Tower with Radar,9,50,77,3,139,0,0,62,0,62,9,50,139,3,201,160,0,160,361
05/14/2011,ABE,PA,AEA,EN,Combined TRACON& Tower with Radar,4,42,77,0,123,0,0,1,0,1,4,42,78,0,124,34,0,34,158
05/15/2011,ABE,PA,AEA,EN,Combined TRACON& Tower with Radar,9,60,28,1,98,0,1,0,0,1,9,61,28,1,99,0,0,0,99
05/16/2011,ABE,PA,AEA,EN,Combined TRACON& Tower with Radar,9,62,47,9,127,0,1,1,0,2,9,63,48,9,129,0,0,0,129
05/17/2011,ABE,PA,AEA,EN,Combined TRACON& Tower with Radar,10,55,18,0,83,0,0,0,0,0,10,55,18,0,83,0,0,0,83
05/18/2011,ABE,PA,AEA,EN,Combined TRACON& Tower with Radar,12,72,35,4,123,0,0,0,0,0,12,72,35,4,123,2,0,2,125
05/19/2011,ABE,PA,AEA,EN,Combined TRACON& Tower with Radar,11,65,60,4,140,0,2,3,0,5,11,67,63,4,145,3,0,3,148
05/20/2011,ABE,PA,AEA,EN,Combined TRACON& Tower with Radar,13,62,24,0,99,0,0,11,0,11,13,62,35,0,110,35,0,35,145
05/21/2011,ABE,PA,AEA,EN,Combined TRACON& Tower with Radar,6,44,48,0,98,0,1,53,2,56,6,45,101,2,154,75,0,75,229
05/22/2011,ABE,PA,AEA,EN,Combined TRACON& Tower with Radar,3,48,87,0,138,0,0,1,0,1,3,48,88,0,139,66,0,66,205
05/23/2011,ABE,PA,AEA,EN,Combined TRACON& Tower with Radar,14,63,60,0,137,0,0,0,0,0,14,63,60,0,137,0,0,0,137
05/24/2011,ABE,PA,AEA,EN,Combined TRACON& Tower with Radar,9,61,76,0,146,0,4,60,0,64,9,65,136,0,210,99,0,99,309
05/25/2011,ABE,PA,AEA,EN,Combined TRACON& Tower with Radar,10,43,58,6,117,0,7,110,0,117,10,50,168,6,234,267,0,267,501
05/26/2011,ABE,PA,AEA,EN,Combined TRACON& Tower with Radar,12,60,54,0,126,0,3,63,0,66,12,63,117,0,192,178,0,178,370
05/27/2011,ABE,PA,AEA,EN,Combined TRACON& Tower with Radar,16,58,25,0,99,0,2,60,0,62,16,60,85,0,161,122,0,122,283
05/28/2011,ABE,PA,AEA,EN,Combined TRACON& Tower with Radar,8,35,30,0,73,0,2,47,0,49,8,37,77,0,122,49,0,49,171
05/29/2011,ABE,PA,AEA,EN,Combined TRACON& Tower with Radar,7,31,36,0,74,0,0,34,1,35,7,31,70,1,109,34,0,34,143
05/30/2011,ABE,PA,AEA,EN,Combined TRACON& Tower with Radar,12,45,33,0,90,0,0,62,0,62,12,45,95,0,152,60,0,60,212
05/31/2011,ABE,PA,AEA,EN,Combined TRACON& Tower with Radar,8,54,51,5,118,0,3,83,1,87,8,57,134,6,205,88,0,88,293
06/01/2011,ABE,PA,AEA,EN,Combined TRACON& Tower with Radar,14,53,31,2,100,0,0,39,0,39,14,53,70,2,139,123,0,123,262
06/02/2011,ABE,PA,AEA,EN,Combined TRACON& Tower with Radar,13,56,31,3,103,0,6,30,1,37,13,62,61,4,140,102,0,102,242
06/03/2011,ABE,PA,AEA,EN,Combined TRACON& Tower with Radar,15,55,52,0,122,0,11,58,0,69,15,66,110,0,191,168,0,168,359
06/04/2011,ABE,PA,AEA,EN,Combined TRACON& Tower with Radar,8,36,45,1,90,0,4,81,1,86,8,40,126,2,176,123,0,123,299
06/05/2011,ABE,PA,AEA,EN,Combined TRACON& Tower with Radar,6,51,58,0,115,0,0,40,0,40,6,51,98,0,155,111,0,111,266
06/06/2011,ABE,PA,AEA,EN,Combined TRACON& Tower with Radar,15,56,50,0,121,0,1,71,2,74,15,57,121,2,195,155,0,155,350
06/07/2011,ABE,PA,AEA,EN,Combined TRACON& Tower with Radar,10,57,59,0,126,0,3,79,0,82,10,60,138,0,208,292,0,292,500
06/08/2011,ABE,PA,AEA,EN,Combined TRACON& Tower with Radar,13,56,70,0,139,0,2,85,0,87,13,58,155,0,226,160,0,160,386
06/09/2011,ABE,PA,AEA,EN,Combined TRACON& Tower with Radar,14,52,86,0,152,0,1,55,2,58,14,53,141,2,210,106,0,106,316
06/10/2011,ABE,PA,AEA,EN,Combined TRACON& Tower with Radar,15,49,51,0,115,0,3,69,0,72,15,52,120,0,187,162,0,162,349
06/11/2011,ABE,PA,AEA,EN,Combined TRACON& Tower with Radar,8,44,31,0,83,0,0,0,0,0,8,44,31,0,83,0,0,0,83
06/12/2011,ABE,PA,AEA,EN,Combined TRACON& Tower with Radar,7,57,89,0,153,0,1,11,0,12,7,58,100,0,165,11,0,11,176
06/13/2011,ABE,PA,AEA,EN,Combined TRACON& Tower with Radar,14,61,49,0,124,0,3,66,0,69,14,64,115,0,193,125,0,125,318
06/14/2011,ABE,PA,AEA,EN,Combined TRACON& Tower with Radar,10,65,51,1,127,0,2,54,3,59,10,67,105,4,186,104,0,104,290
06/15/2011,ABE,PA,AEA,EN,Combined TRACON& Tower with Radar,14,57,46,0,117,0,2,110,0,112,14,59,156,0,229,266,0,266,495
06/16/2011,ABE,PA,AEA,EN,Combined TRACON& Tower with Radar,12,57,42,0,111,0,1,67,0,68,12,58,109,0,179,206,0,206,385
06/17/2011,ABE,PA,AEA,EN,Combined TRACON& Tower with Radar,30,67,44,0,141,0,3,21,0,24,30,70,65,0,165,0,0,0,165
06/18/2011,ABE,PA,AEA,EN,Combined TRACON& Tower with Radar,10,45,69,0,124,0,2,130,0,132,10,47,199,0,256,164,0,164,420
06/19/2011,ABE,PA,AEA,EN,Combined TRACON& Tower with Radar,7,56,29,0,92,0,1,71,0,72,7,57,100,0,164,114,0,114,278
06/20/2011,ABE,PA,AEA,EN,Combined TRACON& Tower with Radar,14,62,56,0,132,0,1,89,0,90,14,63,145,0,222,93,0,93,315
06/21/2011,ABE,PA,AEA,EN,Combined TRACON& Tower with Radar,12,51,75,0,138,0,0,24,1,25,12,51,99,1,163,158,0,158,321
06/22/2011,ABE,PA,AEA,EN,Combined TRACON& Tower with Radar,18,49,45,3,115,0,0,36,2,38,18,49,81,5,153,70,0,70,223
06/23/2011,ABE,PA,AEA,EN,Combined TRACON& Tower with Radar,17,72,80,0,169,0,0,19,0,19,17,72,99,0,188,66,0,66,254
06/24/2011,ABE,PA,AEA,EN,Combined TRACON& Tower with Radar,16,67,49,0,132,0,4,19,0,23,16,71,68,0,155,108,0,108,263
06/25/2011,ABE,PA,AEA,EN,Combined TRACON& Tower with Radar,10,48,70,0,128,0,2,91,1,94,10,50,161,1,222,218,0,218,440
06/26/2011,ABE,PA,AEA,EN,Combined TRACON& Tower with Radar,7,61,57,0,125,0,3,75,0,78,7,64,132,0,203,249,0,249,452
06/27/2011,ABE,PA,AEA,EN,Combined TRACON& Tower with Radar,14,61,28,0,103,0,0,98,0,98,14,61,126,0,201,90,0,90,291
06/28/2011,ABE,PA,AEA,EN,Combined TRACON& Tower with Radar,9,62,78,14,163,0,2,35,2,39,9,64,113,16,202,190,16,206,408
06/29/2011,ABE,PA,AEA,EN,Combined TRACON& Tower with Radar,16,56,46,8,126,0,0,76,4,80,16,56,122,12,206,224,0,224,430
06/30/2011,ABE,PA,AEA,EN,Combined TRACON& Tower with Radar,12,59,44,0,115,0,4,76,0,80,12,63,120,0,195,330,0,330,525
07/01/2011,ABE,PA,AEA,EN,Combined TRACON& Tower with Radar,15,57,52,0,124,0,12,87,0,99,15,69,139,0,223,207,0,207,430
07/02/2011,ABE,PA,AEA,EN,Combined TRACON& Tower with Radar,10,39,30,0,79,0,1,74,0,75,10,40,104,0,154,169,0,169,323
07/03/2011,ABE,PA,AEA,EN,Combined TRACON& Tower with Radar,9,49,21,0,79,0,2,3,0,5,9,51,24,0,84,69,0,69,153
07/04/2011,ABE,PA,AEA,EN,Combined TRACON& Tower with Radar,11,47,26,1,85,0,0,43,1,44,11,47,69,2,129,37,0,37,166
07/05/2011,ABE,PA,AEA,EN,Combined TRACON& Tower with Radar,9,61,57,2,129,0,1,92,2,95,9,62,149,4,224,294,0,294,518
07/06/2011,ABE,PA,AEA,EN,Combined TRACON& Tower with Radar,20,58,35,0,113,0,0,105,0,105,20,58,140,0,218,283,0,283,501
07/07/2011,ABE,PA,AEA,EN,Combined TRACON& Tower with Radar,17,67,35,1,120,0,5,52,1,58,17,72,87,2,178,200,0,200,378
07/08/2011,ABE,PA,AEA,EN,Combined TRACON& Tower with Radar,18,60,33,0,111,0,2,14,0,16,18,62,47,0,127,98,0,98,225
07/09/2011,ABE,PA,AEA,EN,Combined TRACON& Tower with Radar,13,47,28,0,88,0,0,76,0,76,13,47,104,0,164,155,0,155,319
07/10/2011,ABE,PA,AEA,EN,Combined TRACON& Tower with Radar,7,54,25,0,86,0,3,93,0,96,7,57,118,0,182,107,0,107,289
07/11/2011,ABE,PA,AEA,EN,Combined TRACON& Tower with Radar,14,57,22,0,93,0,1,58,0,59,14,58,80,0,152,127,0,127,279
07/12/2011,ABE,PA,AEA,EN,Combined TRACON& Tower with Radar,10,72,40,0,122,0,5,53,0,58,10,77,93,0,180,123,0,123,303
07/13/2011,ABE,PA,AEA,EN,Combined TRACON& Tower with Radar,15,63,48,1,127,0,1,80,1,82,15,64,128,2,209,199,0,199,408
07/14/2011,ABE,PA,AEA,EN,Combined TRACON& Tower with Radar,13,64,47,0,124,0,2,82,0,84,13,66,129,0,208,392,0,392,600
07/15/2011,ABE,PA,AEA,EN,Combined TRACON& Tower with Radar,15,68,52,0,135,0,3,74,0,77,15,71,126,0,212,102,0,102,314
07/16/2011,ABE,PA,AEA,EN,Combined TRACON& Tower with Radar,12,46,26,8,92,0,6,87,0,93,12,52,113,8,185,128,0,128,313
07/17/2011,ABE,PA,AEA,EN,Combined TRACON& Tower with Radar,7,61,19,0,87,0,5,70,0,75,7,66,89,0,162,188,0,188,350
07/18/2011,ABE,PA,AEA,EN,Combined TRACON& Tower with Radar,18,64,31,0,113,0,4,43,0,47,18,68,74,0,160,96,0,96,256
07/19/2011,ABE,PA,AEA,EN,Combined TRACON& Tower with Radar,10,66,55,1,132,0,2,59,2,63,10,68,114,3,195,66,0,66,261
07/20/2011,ABE,PA,AEA,EN,Combined TRACON& Tower with Radar,18,74,40,1,133,0,2,67,2,71,18,76,107,3,204,257,0,257,461
07/21/2011,ABE,PA,AEA,EN,Combined TRACON& Tower with Radar,12,64,61,4,141,0,4,69,0,73,12,68,130,4,214,48,0,48,262
07/22/2011,ABE,PA,AEA,EN,Combined TRACON& Tower with Radar,16,61,24,0,101,0,6,39,0,45,16,67,63,0,146,18,0,18,164
07/23/2011,ABE,PA,AEA,EN,Combined TRACON& Tower with Radar,13,41,23,0,77,0,2,46,0,48,13,43,69,0,125,224,0,224,349
07/24/2011,ABE,PA,AEA,EN,Combined TRACON& Tower with Radar,7,61,20,0,88,0,3,30,0,33,7,64,50,0,121,122,0,122,243
07/25/2011,ABE,PA,AEA,EN,Combined TRACON& Tower with Radar,14,54,22,0,90,0,0,7,0,7,14,54,29,0,97,10,0,10,107
07/26/2011,ABE,PA,AEA,EN,Combined TRACON& Tower with Radar,12,67,19,7,105,0,1,45,1,47,12,68,64,8,152,168,0,168,320
07/27/2011,ABE,PA,AEA,EN,Combined TRACON& Tower with Radar,18,59,57,0,134,0,0,114,0,114,18,59,171,0,248,198,0,198,446
07/28/2011,ABE,PA,AEA,EN,Combined TRACON& Tower with Radar,10,55,50,4,119,0,1,52,0,53,10,56,102,4,172,126,0,126,298
07/29/2011,ABE,PA,AEA,EN,Combined TRACON& Tower with Radar,22,69,60,0,151,0,4,10,0,14,22,73,70,0,165,46,0,46,211
07/30/2011,ABE,PA,AEA,EN,Combined TRACON& Tower with Radar,12,50,42,0,104,0,6,96,0,102,12,56,138,0,206,218,0,218,424
07/31/2011,ABE,PA,AEA,EN,Combined TRACON& Tower with Radar,6,59,37,0,102,0,1,75,0,76,6,60,112,0,178,117,0,117,295
08/01/2011,ABE,PA,AEA,EN,Combined TRACON& Tower with Radar,17,52,20,0,89,0,4,39,0,43,17,56,59,0,132,27,0,27,159
08/02/2011,ABE,PA,AEA,EN,Combined TRACON& Tower with Radar,12,54,51,4,121,0,0,68,0,68,12,54,119,4,189,185,6,191,380
08/03/2011,ABE,PA,AEA,EN,Combined TRACON& Tower with Radar,18,63,39,0,120,0,2,31,0,33,18,65,70,0,153,12,0,12,165
08/04/2011,ABE,PA,AEA,EN,Combined TRACON& Tower with Radar,14,66,78,2,160,0,1,33,0,34,14,67,111,2,194,132,0,132,326
08/05/2011,ABE,PA,AEA,EN,Combined TRACON& Tower with Radar,19,59,43,1,122,0,2,39,0,41,19,61,82,1,163,184,0,184,347
08/06/2011,ABE,PA,AEA,EN,Combined TRACON& Tower with Radar,12,42,40,0,94,0,0,11,0,11,12,42,51,0,105,31,0,31,136
08/07/2011,ABE,PA,AEA,EN,Combined TRACON& Tower with Radar,13,50,47,0,110,0,1,15,0,16,13,51,62,0,126,27,0,27,153
08/08/2011,ABE,PA,AEA,EN,Combined TRACON& Tower with Radar,15,61,43,0,119,0,4,60,0,64,15,65,103,0,183,110,0,110,293
08/09/2011,ABE,PA,AEA,EN,Combined TRACON& Tower with Radar,20,76,36,5,137,0,1,25,0,26,20,77,61,5,163,135,0,135,298
08/10/2011,ABE,PA,AEA,EN,Combined TRACON& Tower with Radar,16,53,54,8,131,0,1,66,0,67,16,54,120,8,198,138,0,138,336
08/11/2011,ABE,PA,AEA,EN,Combined TRACON& Tower with Radar,16,61,33,3,113,0,2,91,3,96,16,63,124,6,209,162,0,162,371
08/12/2011,ABE,PA,AEA,EN,Combined TRACON& Tower with Radar,17,55,45,2,119,0,1,102,3,106,17,56,147,5,225,259,0,259,484
08/13/2011,ABE,PA,AEA,EN,Combined TRACON& Tower with Radar,10,42,38,0,90,0,2,63,0,65,10,44,101,0,155,178,0,178,333
08/14/2011,ABE,PA,AEA,EN,Combined TRACON& Tower with Radar,11,51,33,0,95,0,0,0,0,0,11,51,33,0,95,6,0,6,101
08/15/2011,ABE,PA,AEA,EN,Combined TRACON& Tower with Radar,25,54,29,5,113,0,0,8,0,8,25,54,37,5,121,124,10,134,255
08/16/2011,ABE,PA,AEA,EN,Combined TRACON& Tower with Radar,14,55,48,0,117,0,1,52,0,53,14,56,100,0,170,118,0,118,288
08/17/2011,ABE,PA,AEA,EN,Combined TRACON& Tower with Radar,17,54,63,0,134,0,0,86,0,86,17,54,149,0,220,164,0,164,384
08/18/2011,ABE,PA,AEA,EN,Combined TRACON& Tower with Radar,21,59,38,0,118,0,1,41,2,44,21,60,79,2,162,151,0,151,313
08/19/2011,ABE,PA,AEA,EN,Combined TRACON& Tower with Radar,21,54,37,4,116,0,2,29,0,31,21,56,66,4,147,102,6,108,255
08/20/2011,ABE,PA,AEA,EN,Combined TRACON& Tower with Radar,8,48,21,0,77,0,4,55,0,59,8,52,76,0,136,133,0,133,269
08/21/2011,ABE,PA,AEA,EN,Combined TRACON& Tower with Radar,11,45,24,0,80,0,0,4,0,4,11,45,28,0,84,121,0,121,205
08/22/2011,ABE,PA,AEA,EN,Combined TRACON& Tower with Radar,16,61,41,1,119,0,3,51,1,55,16,64,92,2,174,87,0,87,261
08/23/2011,ABE,PA,AEA,EN,Combined TRACON& Tower with Radar,15,65,40,0,120,0,3,71,0,74,15,68,111,0,194,242,0,242,436
08/24/2011,ABE,PA,AEA,EN,Combined TRACON& Tower with Radar,14,49,20,0,83,0,2,73,0,75,14,51,93,0,158,209,0,209,367
08/25/2011,ABE,PA,AEA,EN,Combined TRACON& Tower with Radar,12,46,32,0,90,0,1,11,0,12,12,47,43,0,102,2,0,2,104
08/26/2011,ABE,PA,AEA,EN,Combined TRACON& Tower with Radar,18,61,56,0,135,0,1,73,1,75,18,62,129,1,210,82,0,82,292
08/27/2011,ABE,PA,AEA,EN,Combined TRACON& Tower with Radar,8,37,18,0,63,0,2,0,0,2,8,39,18,0,65,0,0,0,65
08/28/2011,ABE,PA,AEA,EN,Combined TRACON& Tower with Radar,8,17,9,0,34,0,1,1,0,2,8,18,10,0,36,0,0,0,36
08/29/2011,ABE,PA,AEA,EN,Combined TRACON& Tower with Radar,18,53,43,4,118,0,1,66,0,67,18,54,109,4,185,157,0,157,342
08/30/2011,ABE,PA,AEA,EN,Combined TRACON& Tower with Radar,13,50,37,0,100,0,3,63,0,66,13,53,100,0,166,160,0,160,326
08/31/2011,ABE,PA,AEA,EN,Combined TRACON& Tower with Radar,15,47,41,0,103,0,4,80,0,84,15,51,121,0,187,175,0,175,362
09/01/2011,ABE,PA,AEA,EN,Combined TRACON& Tower with Radar,12,47,33,4,96,0,1,60,0,61,12,48,93,4,157,184,0,184,341
09/02/2011,ABE,PA,AEA,EN,Combined TRACON& Tower with Radar,17,51,52,0,120,0,3,60,0,63,17,54,112,0,183,210,0,210,393
09/03/2011,ABE,PA,AEA,EN,Combined TRACON& Tower with Radar,8,37,52,0,97,0,2,48,0,50,8,39,100,0,147,167,0,167,314
09/04/2011,ABE,PA,AEA,EN,Combined TRACON& Tower with Radar,17,37,35,1,90,0,0,4,0,4,17,37,39,1,94,18,0,18,112
09/05/2011,ABE,PA,AEA,EN,Combined TRACON& Tower with Radar,10,50,25,1,86,0,0,0,0,0,10,50,25,1,86,4,0,4,90
09/06/2011,ABE,PA,AEA,EN,Combined TRACON& Tower with Radar,10,49,17,0,76,0,0,1,0,1,10,49,18,0,77,2,0,2,79
09/07/2011,ABE,PA,AEA,EN,Combined TRACON& Tower with Radar,10,43,25,0,78,0,0,0,0,0,10,43,25,0,78,8,0,8,86
09/08/2011,ABE,PA,AEA,EN,Combined TRACON& Tower with Radar,10,49,36,0,95,0,0,2,0,2,10,49,38,0,97,16,0,16,113
09/09/2011,ABE,PA,AEA,EN,Combined TRACON& Tower with Radar,13,50,58,10,131,0,0,20,0,20,13,50,78,10,151,106,24,130,281
09/10/2011,ABE,PA,AEA,EN,Combined TRACON& Tower with Radar,4,36,39,0,79,0,1,48,0,49,4,37,87,0,128,100,0,100,228
09/11/2011,ABE,PA,AEA,EN,Combined TRACON& Tower with Radar,6,46,43,0,95,0,5,7,0,12,6,51,50,0,107,83,0,83,190
09/12/2011,ABE,PA,AEA,EN,Combined TRACON& Tower with Radar,13,50,33,0,96,0,0,37,0,37,13,50,70,0,133,199,0,199,332
09/13/2011,ABE,PA,AEA,EN,Combined TRACON& Tower with Radar,10,42,67,4,123,0,1,80,0,81,10,43,147,4,204,248,0,248,452
09/14/2011,ABE,PA,AEA,EN,Combined TRACON& Tower with Radar,8,46,48,3,105,0,1,76,3,80,8,47,124,6,185,171,18,189,374
09/15/2011,ABE,PA,AEA,EN,Combined TRACON& Tower with Radar,10,58,27,2,97,0,0,4,0,4,10,58,31,2,101,0,0,0,101
09/16/2011,ABE,PA,AEA,EN,Combined TRACON& Tower with Radar,13,52,48,0,113,0,1,85,0,86,13,53,133,0,199,225,0,225,424
09/17/2011,ABE,PA,AEA,EN,Combined TRACON& Tower with Radar,4,42,29,0,75,0,6,69,0,75,4,48,98,0,150,150,0,150,300
09/18/2011,ABE,PA,AEA,EN,Combined TRACON& Tower with Radar,5,41,35,0,81,0,0,73,0,73,5,41,108,0,154,230,0,230,384
09/19/2011,ABE,PA,AEA,EN,Combined TRACON& Tower with Radar,13,52,47,1,113,0,5,56,1,62,13,57,103,2,175,118,0,118,293
09/20/2011,ABE,PA,AEA,EN,Combined TRACON& Tower with Radar,8,47,36,18,109,0,0,10,0,10,8,47,46,18,119,6,0,6,125
09/21/2011,ABE,PA,AEA,EN,Combined TRACON& Tower with Radar,11,50,51,0,112,0,3,6,0,9,11,53,57,0,121,42,0,42,163
09/22/2011,ABE,PA,AEA,EN,Combined TRACON& Tower with Radar,11,49,39,1,100,0,2,13,1,16,11,51,52,2,116,73,0,73,189
09/23/2011,ABE,PA,AEA,EN,Combined TRACON& Tower with Radar,14,49,41,4,108,18,0,1,0,19,32,49,42,4,127,0,0,0,127
09/24/2011,ABE,PA,AEA,EN,Combined TRACON& Tower with Radar,7,36,36,0,79,0,2,29,0,31,7,38,65,0,110,134,0,134,244
09/25/2011,ABE,PA,AEA,EN,Combined TRACON& Tower with Radar,7,43,54,0,104,0,0,36,0,36,7,43,90,0,140,120,0,120,260
09/26/2011,ABE,PA,AEA,EN,Combined TRACON& Tower with Radar,13,45,56,4,118,0,2,40,0,42,13,47,96,4,160,158,0,158,318
09/27/2011,ABE,PA,AEA,EN,Combined TRACON& Tower with Radar,9,45,66,0,120,0,0,18,0,18,9,45,84,0,138,86,0,86,224
09/28/2011,ABE,PA,AEA,EN,Combined TRACON& Tower with Radar,12,47,38,0,97,0,0,0,0,0,12,47,38,0,97,0,0,0,97
09/29/2011,ABE,PA,AEA,EN,Combined TRACON& Tower with Radar,13,55,44,0,112,0,0,4,2,6,13,55,48,2,118,113,0,113,231
09/30/2011,ABE,PA,AEA,EN,Combined TRACON& Tower with Radar,14,51,49,0,114,0,0,82,0,82,14,51,131,0,196,230,0,230,426
10/01/2011,ABE,PA,AEA,EN,Combined TRACON& Tower with Radar,4,35,44,0,83,0,0,35,0,35,4,35,79,0,118,118,0,118,236
10/02/2011,ABE,PA,AEA,EN,Combined TRACON& Tower with Radar,5,44,72,0,121,0,0,6,0,6,5,44,78,0,127,32,0,32,159
10/03/2011,ABE,PA,AEA,EN,Combined TRACON& Tower with Radar,14,49,48,0,111,0,0,11,0,11,14,49,59,0,122,120,0,120,242
10/04/2011,ABE,PA,AEA,EN,Combined TRACON& Tower with Radar,9,44,32,0,85,0,2,41,0,43,9,46,73,0,128,138,0,138,266
10/05/2011,ABE,PA,AEA,EN,Combined TRACON& Tower with Radar,10,55,34,3,102,0,5,70,3,78,10,60,104,6,180,162,0,162,342
10/06/2011,ABE,PA,AEA,EN,Combined TRACON& Tower with Radar,12,59,42,0,113,0,1,93,0,94,12,60,135,0,207,295,0,295,502
10/07/2011,ABE,PA,AEA,EN,Combined TRACON& Tower with Radar,15,48,40,0,103,0,3,95,0,98,15,51,135,0,201,254,0,254,455
10/08/2011,ABE,PA,AEA,EN,Combined TRACON& Tower with Radar,4,37,47,0,88,0,9,94,0,103,4,46,141,0,191,312,0,312,503
10/09/2011,ABE,PA,AEA,EN,Combined TRACON& Tower with Radar,5,47,26,0,78,0,1,85,0,86,5,48,111,0,164,120,0,120,284
10/10/2011,ABE,PA,AEA,EN,Combined TRACON& Tower with Radar,12,53,28,0,93,0,10,76,0,86,12,63,104,0,179,239,0,239,418
10/11/2011,ABE,PA,AEA,EN,Combined TRACON& Tower with Radar,12,46,45,0,103,0,3,71,0,74,12,49,116,0,177,201,0,201,378
10/12/2011,ABE,PA,AEA,EN,Combined TRACON& Tower with Radar,13,54,41,1,109,0,1,9,0,10,13,55,50,1,119,78,0,78,197
10/13/2011,ABE,PA,AEA,EN,Combined TRACON& Tower with Radar,12,56,53,0,121,0,0,0,0,0,12,56,53,0,121,0,0,0,121
10/14/2011,ABE,PA,AEA,EN,Combined TRACON& Tower with Radar,19,55,25,0,99,0,1,4,0,5,19,56,29,0,104,0,0,0,104
10/15/2011,ABE,PA,AEA,EN,Combined TRACON& Tower with Radar,4,37,21,0,62,0,2,21,0,23,4,39,42,0,85,2,0,2,87
10/16/2011,ABE,PA,AEA,EN,Combined TRACON& Tower with Radar,7,45,42,0,94,0,1,61,0,62,7,46,103,0,156,30,0,30,186
10/17/2011,ABE,PA,AEA,EN,Combined TRACON& Tower with Radar,14,49,26,0,89,0,1,60,0,61,14,50,86,0,150,44,0,44,194
10/18/2011,ABE,PA,AEA,EN,Combined TRACON& Tower with Radar,10,67,51,1,129,0,3,88,1,92,10,70,139,2,221,171,0,171,392
10/19/2011,ABE,PA,AEA,EN,Combined TRACON& Tower with Radar,12,56,30,0,98,0,0,1,0,1,12,56,31,0,99,0,0,0,99
10/20/2011,ABE,PA,AEA,EN,Combined TRACON& Tower with Radar,12,58,33,1,104,0,3,27,1,31,12,61,60,2,135,22,0,22,157
10/21/2011,ABE,PA,AEA,EN,Combined TRACON& Tower with Radar,15,56,48,0,119,0,2,59,0,61,15,58,107,0,180,231,0,231,411
10/22/2011,ABE,PA,AEA,EN,Combined TRACON& Tower with Radar,4,38,44,0,86,0,5,86,0,91,4,43,130,0,177,241,0,241,418
10/23/2011,ABE,PA,AEA,EN,Combined TRACON& Tower with Radar,5,43,52,0,100,0,1,104,0,105,5,44,156,0,205,66,0,66,271
10/24/2011,ABE,PA,AEA,EN,Combined TRACON& Tower with Radar,13,56,44,0,113,0,3,35,0,38,13,59,79,0,151,222,0,222,373
10/25/2011,ABE,PA,AEA,EN,Combined TRACON& Tower with Radar,12,50,43,0,105,0,3,63,0,66,12,53,106,0,171,212,0,212,383
10/26/2011,ABE,PA,AEA,EN,Combined TRACON& Tower with Radar,12,55,60,1,128,0,0,63,1,64,12,55,123,2,192,333,0,333,525
10/27/2011,ABE,PA,AEA,EN,Combined TRACON& Tower with Radar,12,62,49,0,123,0,5,0,0,5,12,67,49,0,128,0,0,0,128
10/28/2011,ABE,PA,AEA,EN,Combined TRACON& Tower with Radar,15,58,31,0,104,0,0,68,0,68,15,58,99,0,172,115,0,115,287
10/29/2011,ABE,PA,AEA,EN,Combined TRACON& Tower with Radar,2,21,5,0,28,0,1,0,0,1,2,22,5,0,29,0,0,0,29
10/30/2011,ABE,PA,AEA,EN,Combined TRACON& Tower with Radar,5,42,22,0,69,0,3,43,0,46,5,45,65,0,115,123,0,123,238
10/31/2011,ABE,PA,AEA,EN,Combined TRACON& Tower with Radar,12,47,29,0,88,0,1,40,2,43,12,48,69,2,131,78,0,78,209
11/01/2011,ABE,PA,AEA,EN,Combined TRACON& Tower with Radar,10,43,37,6,96,0,0,57,0,57,10,43,94,6,153,70,0,70,223
11/02/2011,ABE,PA,AEA,EN,Combined TRACON& Tower with Radar,12,61,25,2,100,0,2,61,2,65,12,63,86,4,165,304,0,304,469
11/03/2011,ABE,PA,AEA,EN,Combined TRACON& Tower with Radar,12,51,72,8,143,0,1,85,0,86,12,52,157,8,229,326,0,326,555
11/04/2011,ABE,PA,AEA,EN,Combined TRACON& Tower with Radar,17,66,27,0,110,0,1,42,0,43,17,67,69,0,153,266,0,266,419
11/05/2011,ABE,PA,AEA,EN,Combined TRACON& Tower with Radar,4,46,56,0,106,0,1,79,0,80,4,47,135,0,186,144,0,144,330
11/06/2011,ABE,PA,AEA,EN,Combined TRACON& Tower with Radar,5,46,40,2,93,0,3,86,0,89,5,49,126,2,182,170,0,170,352
11/07/2011,ABE,PA,AEA,EN,Combined TRACON& Tower with Radar,23,72,46,0,141,0,2,58,0,60,23,74,104,0,201,172,0,172,373
11/08/2011,ABE,PA,AEA,EN,Combined TRACON& Tower with Radar,13,51,57,8,129,0,4,66,0,70,13,55,123,8,199,212,0,212,411
11/09/2011,ABE,PA,AEA,EN,Combined TRACON& Tower with Radar,14,51,35,6,106,0,3,49,0,52,14,54,84,6,158,136,0,136,294
11/10/2011,ABE,PA,AEA,EN,Combined TRACON& Tower with Radar,18,64,45,11,138,0,0,6,2,8,18,64,51,13,146,38,6,44,190
11/11/2011,ABE,PA,AEA,EN,Combined TRACON& Tower with Radar,17,51,37,0,105,0,1,38,0,39,17,52,75,0,144,56,0,56,200
11/12/2011,ABE,PA,AEA,EN,Combined TRACON& Tower with Radar,8,35,33,0,76,0,0,62,0,62,8,35,95,0,138,220,0,220,358
11/13/2011,ABE,PA,AEA,EN,Combined TRACON& Tower with Radar,7,47,41,0,95,0,6,64,0,70,7,53,105,0,165,279,0,279,444
11/14/2011,ABE,PA,AEA,EN,Combined TRACON& Tower with Radar,18,48,25,2,93,0,1,52,2,55,18,49,77,4,148,112,0,112,260
11/15/2011,ABE,PA,AEA,EN,Combined TRACON& Tower with Radar,12,56,46,5,119,0,3,35,1,39,12,59,81,6,158,16,0,16,174
11/16/2011,ABE,PA,AEA,EN,Combined TRACON& Tower with Radar,14,47,46,0,107,0,0,0,0,0,14,47,46,0,107,0,0,0,107
11/17/2011,ABE,PA,AEA,EN,Combined TRACON& Tower with Radar,14,52,36,0,102,0,0,40,0,40,14,52,76,0,142,117,0,117,259
11/18/2011,ABE,PA,AEA,EN,Combined TRACON& Tower with Radar,15,49,42,2,108,0,3,72,2,77,15,52,114,4,185,0,0,0,185
11/19/2011,ABE,PA,AEA,EN,Combined TRACON& Tower with Radar,8,41,42,0,91,0,1,93,0,94,8,42,135,0,185,149,0,149,334
11/20/2011,ABE,PA,AEA,EN,Combined TRACON& Tower with Radar,9,44,58,0,111,0,6,83,0,89,9,50,141,0,200,188,0,188,388
11/21/2011,ABE,PA,AEA,EN,Combined TRACON& Tower with Radar,15,45,41,8,109,0,7,33,0,40,15,52,74,8,149,84,0,84,233
11/22/2011,ABE,PA,AEA,EN,Combined TRACON& Tower with Radar,16,46,41,0,103,0,0,0,0,0,16,46,41,0,103,0,0,0,103
11/23/2011,ABE,PA,AEA,EN,Combined TRACON& Tower with Radar,16,54,27,0,97,0,2,0,0,2,16,56,27,0,99,12,0,12,111
11/24/2011,ABE,PA,AEA,EN,Combined TRACON& Tower with Radar,6,33,5,0,44,0,3,24,0,27,6,36,29,0,71,142,0,142,213
11/25/2011,ABE,PA,AEA,EN,Combined TRACON& Tower with Radar,15,28,29,0,72,0,5,76,1,82,15,33,105,1,154,204,0,204,358
11/26/2011,ABE,PA,AEA,EN,Combined TRACON& Tower with Radar,8,42,51,0,101,0,7,104,0,111,8,49,155,0,212,297,0,297,509
11/27/2011,ABE,PA,AEA,EN,Combined TRACON& Tower with Radar,12,60,47,0,119,0,3,69,0,72,12,63,116,0,191,108,0,108,299
11/28/2011,ABE,PA,AEA,EN,Combined TRACON& Tower with Radar,14,55,33,0,102,0,1,45,0,46,14,56,78,0,148,54,0,54,202
11/29/2011,ABE,PA,AEA,EN,Combined TRACON& Tower with Radar,12,43,28,0,83,0,0,1,0,1,12,43,29,0,84,0,0,0,84
11/30/2011,ABE,PA,AEA,EN,Combined TRACON& Tower with Radar,16,48,30,0,94,0,1,52,2,55,16,49,82,2,149,142,0,142,291
12/01/2011,ABE,PA,AEA,EN,Combined TRACON& Tower with Radar,15,47,26,0,88,0,2,62,0,64,15,49,88,0,152,164,0,164,316
12/02/2011,ABE,PA,AEA,EN,Combined TRACON& Tower with Radar,15,50,44,0,109,0,5,66,2,73,15,55,110,2,182,214,0,214,396
12/03/2011,ABE,PA,AEA,EN,Combined TRACON& Tower with Radar,8,37,48,0,93,0,1,82,0,83,8,38,130,0,176,160,0,160,336
12/04/2011,ABE,PA,AEA,EN,Combined TRACON& Tower with Radar,9,49,55,0,113,0,2,79,0,81,9,51,134,0,194,96,0,96,290
12/05/2011,ABE,PA,AEA,EN,Combined TRACON& Tower with Radar,21,51,33,2,107,0,0,31,0,31,21,51,64,2,138,132,0,132,270
12/06/2011,ABE,PA,AEA,EN,Combined TRACON& Tower with Radar,14,57,35,0,106,0,0,0,0,0,14,57,35,0,106,0,0,0,106
12/07/2011,ABE,PA,AEA,EN,Combined TRACON& Tower with Radar,14,44,37,0,95,0,0,1,0,1,14,44,38,0,96,0,0,0,96
12/08/2011,ABE,PA,AEA,EN,Combined TRACON& Tower with Radar,14,61,51,0,126,0,1,42,0,43,14,62,93,0,169,230,0,230,399
12/09/2011,ABE,PA,AEA,EN,Combined TRACON& Tower with Radar,17,52,28,14,111,0,8,56,0,64,17,60,84,14,175,332,0,332,507
12/10/2011,ABE,PA,AEA,EN,Combined TRACON& Tower with Radar,8,43,24,0,75,0,0,43,0,43,8,43,67,0,118,208,0,208,326
12/11/2011,ABE,PA,AEA,EN,Combined TRACON& Tower with Radar,10,46,42,0,98,0,5,77,0,82,10,51,119,0,180,180,0,180,360
12/12/2011,ABE,PA,AEA,EN,Combined TRACON& Tower with Radar,14,46,29,0,89,0,4,59,0,63,14,50,88,0,152,40,0,40,192
12/13/2011,ABE,PA,AEA,EN,Combined TRACON& Tower with Radar,14,44,31,0,89,0,2,58,0,60,14,46,89,0,149,204,0,204,353
12/14/2011,ABE,PA,AEA,EN,Combined TRACON& Tower with Radar,16,43,51,0,110,0,1,265,0,266,16,44,316,0,376,0,0,0,376
12/15/2011,ABE,PA,AEA,EN,Combined TRACON& Tower with Radar,16,54,28,0,98,0,3,17,0,20,16,57,45,0,118,0,0,0,118
12/16/2011,ABE,PA,AEA,EN,Combined TRACON& Tower with Radar,19,56,25,0,100,0,8,43,0,51,19,64,68,0,151,168,0,168,319
12/17/2011,ABE,PA,AEA,EN,Combined TRACON& Tower with Radar,11,34,38,0,83,0,1,50,0,51,11,35,88,0,134,110,0,110,244
12/18/2011,ABE,PA,AEA,EN,Combined TRACON& Tower with Radar,9,40,24,2,75,0,3,68,0,71,9,43,92,2,146,153,0,153,299
12/19/2011,ABE,PA,AEA,EN,Combined TRACON& Tower with Radar,15,50,29,2,96,0,0,44,2,46,15,50,73,4,142,92,18,110,252
12/20/2011,ABE,PA,AEA,EN,Combined TRACON& Tower with Radar,16,48,44,0,108,0,0,24,2,26,16,48,68,2,134,0,0,0,134
12/21/2011,ABE,PA,AEA,EN,Combined TRACON& Tower with Radar,19,51,17,0,87,0,0,0,0,0,19,51,17,0,87,38,0,38,125
12/22/2011,ABE,PA,AEA,EN,Combined TRACON& Tower with Radar,20,51,52,4,127,0,2,49,2,53,20,53,101,6,180,149,0,149,329
12/23/2011,ABE,PA,AEA,EN,Combined TRACON& Tower with Radar,20,51,51,0,122,0,1,22,0,23,20,52,73,0,145,104,0,104,249
12/24/2011,ABE,PA,AEA,EN,Combined TRACON& Tower with Radar,11,33,17,0,61,0,1,37,0,38,11,34,54,0,99,211,0,211,310
12/25/2011,ABE,PA,AEA,EN,Combined TRACON& Tower with Radar,7,29,5,0,41,0,0,16,0,16,7,29,21,0,57,2,0,2,59
12/26/2011,ABE,PA,AEA,EN,Combined TRACON& Tower with Radar,12,52,33,0,97,0,5,25,0,30,12,57,58,0,127,74,0,74,201
12/27/2011,ABE,PA,AEA,EN,Combined TRACON& Tower with Radar,17,47,26,0,90,0,0,13,0,13,17,47,39,0,103,24,0,24,127
12/28/2011,ABE,PA,AEA,EN,Combined TRACON& Tower with Radar,14,52,19,2,87,0,0,5,0,5,14,52,24,2,92,0,0,0,92
12/29/2011,ABE,PA,AEA,EN,Combined TRACON& Tower with Radar,17,44,36,2,99,0,0,76,0,76,17,44,112,2,175,206,0,206,381
12/30/2011,ABE,PA,AEA,EN,Combined TRACON& Tower with Radar,17,45,47,0,109,0,1,80,0,81,17,46,127,0,190,190,0,190,380
12/31/2011,ABE,PA,AEA,EN,Combined TRACON& Tower with Radar,10,30,32,0,72,0,1,37,0,38,10,31,69,0,110,62,0,62,172
01/02/2012,ABE,PA,AEA,EN,Combined TRACON& Tower with Radar,14,48,11,0,73,0,4,13,0,17,14,52,24,0,90,16,0,16,106
01/03/2012,ABE,PA,AEA,EN,Combined TRACON& Tower with Radar,14,48,12,0,74,0,6,17,0,23,14,54,29,0,97,48,0,48,145
01/04/2012,ABE,PA,AEA,EN,Combined TRACON& Tower with Radar,14,46,25,6,91,0,1,40,0,41,14,47,65,6,132,93,0,93,225
01/05/2012,ABE,PA,AEA,EN,Combined TRACON& Tower with Radar,14,44,22,0,80,0,2,30,0,32,14,46,52,0,112,51,0,51,163
01/06/2012,ABE,PA,AEA,EN,Combined TRACON& Tower with Radar,15,49,39,0,103,0,2,46,0,48,15,51,85,0,151,70,0,70,221
01/07/2012,ABE,PA,AEA,EN,Combined TRACON& Tower with Radar,9,32,32,1,74,0,2,69,1,72,9,34,101,2,146,104,0,104,250
01/08/2012,ABE,PA,AEA,EN,Combined TRACON& Tower with Radar,8,45,55,2,110,0,0,75,0,75,8,45,130,2,185,78,0,78,263
01/09/2012,ABE,PA,AEA,EN,Combined TRACON& Tower with Radar,14,56,28,10,108,0,3,35,0,38,14,59,63,10,146,220,14,234,380
01/10/2012,ABE,PA,AEA,EN,Combined TRACON& Tower with Radar,12,52,37,0,101,0,0,38,0,38,12,52,75,0,139,79,0,79,218
01/11/2012,ABE,PA,AEA,EN,Combined TRACON& Tower with Radar,14,53,35,0,102,0,2,47,0,49,14,55,82,0,151,52,0,52,203
01/12/2012,ABE,PA,AEA,EN,Combined TRACON& Tower with Radar,15,52,37,8,112,0,0,1,0,1,15,52,38,8,113,32,0,32,145
01/13/2012,ABE,PA,AEA,EN,Combined TRACON& Tower with Radar,15,50,19,2,86,0,0,4,0,4,15,50,23,2,90,20,0,20,110
01/14/2012,ABE,PA,AEA,EN,Combined TRACON& Tower with Radar,9,41,33,0,83,0,2,28,0,30,9,43,61,0,113,86,0,86,199
01/15/2012,ABE,PA,AEA,EN,Combined TRACON& Tower with Radar,8,36,32,0,76,0,3,61,0,64,8,39,93,0,140,183,0,183,323
01/16/2012,ABE,PA,AEA,EN,Combined TRACON& Tower with Radar,16,53,47,1,117,0,4,60,0,64,16,57,107,1,181,208,0,208,389
01/17/2012,ABE,PA,AEA,EN,Combined TRACON& Tower with Radar,11,45,21,0,77,0,0,1,0,1,11,45,22,0,78,0,0,0,78
01/18/2012,ABE,PA,AEA,EN,Combined TRACON& Tower with Radar,14,45,22,4,85,0,0,26,0,26,14,45,48,4,111,76,0,76,187
01/19/2012,ABE,PA,AEA,EN,Combined TRACON& Tower with Radar,14,53,36,3,106,0,3,39,1,43,14,56,75,4,149,258,0,258,407
01/20/2012,ABE,PA,AEA,EN,Combined TRACON& Tower with Radar,15,45,48,5,113,0,2,56,0,58,15,47,104,5,171,242,0,242,413
01/21/2012,ABE,PA,AEA,EN,Combined TRACON& Tower with Radar,9,28,6,0,43,0,1,0,0,1,9,29,6,0,44,0,0,0,44
01/22/2012,ABE,PA,AEA,EN,Combined TRACON& Tower with Radar,8,45,20,1,74,0,1,35,0,36,8,46,55,1,110,64,0,64,174
01/23/2012,ABE,PA,AEA,EN,Combined TRACON& Tower with Radar,15,35,15,0,65,0,0,0,0,0,15,35,15,0,65,0,0,0,65
01/24/2012,ABE,PA,AEA,EN,Combined TRACON& Tower with Radar,14,44,46,1,105,0,1,42,1,44,14,45,88,2,149,86,0,86,235
01/25/2012,ABE,PA,AEA,EN,Combined TRACON& Tower with Radar,14,47,48,3,112,0,3,52,2,57,14,50,100,5,169,136,0,136,305
01/26/2012,ABE,PA,AEA,EN,Combined TRACON& Tower with Radar,15,55,29,0,99,0,0,0,0,0,15,55,29,0,99,0,0,0,99
01/27/2012,ABE,PA,AEA,EN,Combined TRACON& Tower with Radar,15,56,15,0,86,0,2,7,0,9,15,58,22,0,95,6,0,6,101
01/28/2012,ABE,PA,AEA,EN,Combined TRACON& Tower with Radar,9,40,45,0,94,0,3,97,0,100,9,43,142,0,194,192,0,192,386
01/29/2012,ABE,PA,AEA,EN,Combined TRACON& Tower with Radar,7,44,43,0,94,0,0,69,0,69,7,44,112,0,163,302,0,302,465
01/30/2012,ABE,PA,AEA,EN,Combined TRACON& Tower with Radar,12,51,29,0,92,0,2,43,0,45,12,53,72,0,137,108,0,108,245
01/31/2012,ABE,PA,AEA,EN,Combined TRACON& Tower with Radar,13,44,42,3,102,0,0,65,1,66,13,44,107,4,168,292,0,292,460
02/01/2012,ABE,PA,AEA,EN,Combined TRACON& Tower with Radar,14,46,31,2,93,0,3,49,0,52,14,49,80,2,145,118,0,118,263
02/02/2012,ABE,PA,AEA,EN,Combined TRACON& Tower with Radar,14,46,45,0,105,0,0,47,0,47,14,46,92,0,152,223,0,223,375
02/03/2012,ABE,PA,AEA,EN,Combined TRACON& Tower with Radar,16,49,41,2,108,0,2,82,0,84,16,51,123,2,192,298,0,298,490
02/04/2012,ABE,PA,AEA,EN,Combined TRACON& Tower with Radar,9,39,53,0,101,0,3,85,0,88,9,42,138,0,189,92,0,92,281
02/05/2012,ABE,PA,AEA,EN,Combined TRACON& Tower with Radar,9,42,45,0,96,0,1,85,0,86,9,43,130,0,182,148,0,148,330
02/06/2012,ABE,PA,AEA,EN,Combined TRACON& Tower with Radar,14,44,45,0,103,0,5,50,0,55,14,49,95,0,158,218,0,218,376
02/07/2012,ABE,PA,AEA,EN,Combined TRACON& Tower with Radar,16,45,47,2,110,0,5,56,3,64,16,50,103,5,174,80,0,80,254
02/08/2012,ABE,PA,AEA,EN,Combined TRACON& Tower with Radar,18,46,26,0,90,0,0,14,0,14,18,46,40,0,104,38,0,38,142
02/09/2012,ABE,PA,AEA,EN,Combined TRACON& Tower with Radar,14,50,31,3,98,0,2,42,0,44,14,52,73,3,142,226,0,226,368
02/10/2012,ABE,PA,AEA,EN,Combined TRACON& Tower with Radar,15,43,40,0,98,0,4,77,0,81,15,47,117,0,179,122,0,122,301
02/11/2012,ABE,PA,AEA,EN,Combined TRACON& Tower with Radar,9,34,12,0,55,0,0,2,0,2,9,34,14,0,57,8,0,8,65
02/12/2012,ABE,PA,AEA,EN,Combined TRACON& Tower with Radar,6,48,14,0,68,0,2,7,0,9,6,50,21,0,77,12,0,12,89
02/13/2012,ABE,PA,AEA,EN,Combined TRACON& Tower with Radar,14,49,14,2,79,0,4,40,0,44,14,53,54,2,123,196,0,196,319
02/14/2012,ABE,PA,AEA,EN,Combined TRACON& Tower with Radar,13,45,12,1,71,0,1,22,1,24,13,46,34,2,95,62,0,62,157
02/15/2012,ABE,PA,AEA,EN,Combined TRACON& Tower with Radar,14,44,39,0,97,0,2,23,0,25,14,46,62,0,122,186,0,186,308
02/16/2012,ABE,PA,AEA,EN,Combined TRACON& Tower with Radar,16,53,24,2,95,0,0,4,0,4,16,53,28,2,99,0,0,0,99
02/17/2012,ABE,PA,AEA,EN,Combined TRACON& Tower with Radar,13,49,44,0,106,0,3,50,0,53,13,52,94,0,159,157,0,157,316
02/18/2012,ABE,PA,AEA,EN,Combined TRACON& Tower with Radar,9,41,50,0,100,0,4,82,0,86,9,45,132,0,186,310,0,310,496
02/19/2012,ABE,PA,AEA,EN,Combined TRACON& Tower with Radar,10,47,38,0,95,0,1,64,0,65,10,48,102,0,160,60,0,60,220
02/20/2012,ABE,PA,AEA,EN,Combined TRACON& Tower with Radar,12,44,38,0,94,0,1,47,0,48,12,45,85,0,142,184,0,184,326
02/21/2012,ABE,PA,AEA,EN,Combined TRACON& Tower with Radar,16,40,30,3,89,0,2,39,2,43,16,42,69,5,132,16,0,16,148
02/22/2012,ABE,PA,AEA,EN,Combined TRACON& Tower with Radar,12,49,29,1,91,0,0,44,1,45,12,49,73,2,136,159,0,159,295
02/23/2012,ABE,PA,AEA,EN,Combined TRACON& Tower with Radar,16,49,25,0,90,0,2,31,0,33,16,51,56,0,123,92,0,92,215
02/24/2012,ABE,PA,AEA,EN,Combined TRACON& Tower with Radar,15,43,30,0,88,0,0,0,0,0,15,43,30,0,88,0,0,0,88
02/25/2012,ABE,PA,AEA,EN,Combined TRACON& Tower with Radar,9,38,5,0,52,0,2,2,0,4,9,40,7,0,56,0,0,0,56
02/26/2012,ABE,PA,AEA,EN,Combined TRACON& Tower with Radar,10,44,45,0,99,0,7,75,0,82,10,51,120,0,181,220,0,220,401
02/27/2012,ABE,PA,AEA,EN,Combined TRACON& Tower with Radar,21,59,22,2,104,0,3,46,0,49,21,62,68,2,153,154,0,154,307
02/28/2012,ABE,PA,AEA,EN,Combined TRACON& Tower with Radar,14,43,49,3,109,0,1,83,1,85,14,44,132,4,194,226,0,226,420
02/29/2012,ABE,PA,AEA,EN,Combined TRACON& Tower with Radar,13,51,19,0,83,0,0,0,0,0,13,51,19,0,83,0,0,0,83
03/01/2012,ABE,PA,AEA,EN,Combined TRACON& Tower with Radar,16,45,34,0,95,0,1,11,0,12,16,46,45,0,107,74,0,74,181
03/02/2012,ABE,PA,AEA,EN,Combined TRACON& Tower with Radar,13,47,30,8,98,0,0,9,0,9,13,47,39,8,107,0,0,0,107
03/03/2012,ABE,PA,AEA,EN,Combined TRACON& Tower with Radar,11,38,11,2,62,0,0,8,1,9,11,38,19,3,71,24,0,24,95
03/04/2012,ABE,PA,AEA,EN,Combined TRACON& Tower with Radar,10,44,45,0,99,0,1,57,0,58,10,45,102,0,157,106,0,106,263
03/05/2012,ABE,PA,AEA,EN,Combined TRACON& Tower with Radar,12,52,13,6,83,0,2,63,0,65,12,54,76,6,148,56,0,56,204
03/06/2012,ABE,PA,AEA,EN,Combined TRACON& Tower with Radar,16,40,33,6,95,0,0,63,1,64,16,40,96,7,159,185,24,209,368
03/07/2012,ABE,PA,AEA,EN,Combined TRACON& Tower with Radar,12,49,34,2,97,0,1,59,3,63,12,50,93,5,160,182,6,188,348
03/08/2012,ABE,PA,AEA,EN,Combined TRACON& Tower with Radar,16,62,13,0,91,0,0,17,0,17,16,62,30,0,108,124,0,124,232
03/09/2012,ABE,PA,AEA,EN,Combined TRACON& Tower with Radar,13,54,26,5,98,0,0,38,1,39,13,54,64,6,137,113,0,113,250
03/10/2012,ABE,PA,AEA,EN,Combined TRACON& Tower with Radar,13,34,45,0,92,0,4,85,0,89,13,38,130,0,181,149,0,149,330
03/11/2012,ABE,PA,AEA,EN,Combined TRACON& Tower with Radar,12,50,37,4,103,0,2,78,0,80,12,52,115,4,183,223,0,223,406
03/12/2012,ABE,PA,AEA,EN,Combined TRACON& Tower with Radar,9,46,38,4,97,0,2,72,0,74,9,48,110,4,171,158,0,158,329
03/13/2012,ABE,PA,AEA,EN,Combined TRACON& Tower with Radar,16,45,53,1,115,0,6,57,1,64,16,51,110,2,179,156,4,160,339
03/14/2012,ABE,PA,AEA,EN,Combined TRACON& Tower with Radar,11,50,57,6,124,0,3,93,1,97,11,53,150,7,221,72,0,72,293
03/15/2012,ABE,PA,AEA,EN,Combined TRACON& Tower with Radar,16,44,82,10,152,0,1,44,0,45,16,45,126,10,197,212,0,212,409
03/16/2012,ABE,PA,AEA,EN,Combined TRACON& Tower with Radar,9,51,57,0,117,0,0,9,0,9,9,51,66,0,126,32,0,32,158
03/17/2012,ABE,PA,AEA,EN,Combined TRACON& Tower with Radar,15,36,65,0,116,0,5,38,0,43,15,41,103,0,159,188,0,188,347
03/18/2012,ABE,PA,AEA,EN,Combined TRACON& Tower with Radar,10,43,68,0,121,0,0,58,0,58,10,43,126,0,179,219,0,219,398
03/19/2012,ABE,PA,AEA,EN,Combined TRACON& Tower with Radar,10,51,33,0,94,0,1,43,0,44,10,52,76,0,138,178,0,178,316
03/20/2012,ABE,PA,AEA,EN,Combined TRACON& Tower with Radar,14,47,48,2,111,0,0,46,2,48,14,47,94,4,159,262,4,266,425
03/21/2012,ABE,PA,AEA,EN,Combined TRACON& Tower with Radar,11,54,63,4,132,0,1,14,0,15,11,55,77,4,147,154,0,154,301
03/22/2012,ABE,PA,AEA,EN,Combined TRACON& Tower with Radar,15,62,43,0,120,0,0,46,0,46,15,62,89,0,166,160,0,160,326
03/23/2012,ABE,PA,AEA,EN,Combined TRACON& Tower with Radar,10,52,35,0,97,0,0,75,0,75,10,52,110,0,172,96,0,96,268
03/24/2012,ABE,PA,AEA,EN,Combined TRACON& Tower with Radar,12,37,35,0,84,0,0,43,0,43,12,37,78,0,127,72,0,72,199
03/25/2012,ABE,PA,AEA,EN,Combined TRACON& Tower with Radar,10,44,54,0,108,0,0,21,0,21,10,44,75,0,129,48,0,48,177
03/26/2012,ABE,PA,AEA,EN,Combined TRACON& Tower with Radar,9,48,13,14,84,0,0,7,4,11,9,48,20,18,95,22,0,22,117
03/27/2012,ABE,PA,AEA,EN,Combined TRACON& Tower with Radar,15,48,29,11,103,0,4,78,3,85,15,52,107,14,188,162,8,170,358
03/28/2012,ABE,PA,AEA,EN,Combined TRACON& Tower with Radar,11,50,25,0,86,0,0,38,1,39,11,50,63,1,125,124,0,124,249
03/29/2012,ABE,PA,AEA,EN,Combined TRACON& Tower with Radar,16,51,13,0,80,0,1,16,0,17,16,52,29,0,97,12,0,12,109
03/30/2012,ABE,PA,AEA,EN,Combined TRACON& Tower with Radar,9,51,41,0,101,0,2,99,0,101,9,53,140,0,202,318,0,318,520
03/31/2012,ABE,PA,AEA,EN,Combined TRACON& Tower with Radar,11,34,19,0,64,0,0,0,0,0,11,34,19,0,64,4,0,4,68
04/01/2012,ABE,PA,AEA,EN,Combined TRACON& Tower with Radar,8,43,49,0,100,0,0,1,0,1,8,43,50,0,101,64,0,64,165
04/02/2012,ABE,PA,AEA,EN,Combined TRACON& Tower with Radar,10,51,14,4,79,0,4,11,0,15,10,55,25,4,94,59,0,59,153
04/03/2012,ABE,PA,AEA,EN,Combined TRACON& Tower with Radar,14,47,35,1,97,0,1,77,1,79,14,48,112,2,176,132,0,132,308
04/04/2012,ABE,PA,AEA,EN,Combined TRACON& Tower with Radar,8,51,28,4,91,0,0,53,0,53,8,51,81,4,144,128,0,128,272
04/05/2012,ABE,PA,AEA,EN,Combined TRACON& Tower with Radar,12,54,54,2,122,0,0,95,0,95,12,54,149,2,217,148,0,148,365
04/06/2012,ABE,PA,AEA,EN,Combined TRACON& Tower with Radar,9,51,29,0,89,0,5,45,0,50,9,56,74,0,139,142,0,142,281
04/07/2012,ABE,PA,AEA,EN,Combined TRACON& Tower with Radar,9,38,11,0,58,0,0,36,0,36,9,38,47,0,94,10,0,10,104
04/08/2012,ABE,PA,AEA,EN,Combined TRACON& Tower with Radar,8,46,17,0,71,0,0,28,0,28,8,46,45,0,99,64,0,64,163
04/09/2012,ABE,PA,AEA,EN,Combined TRACON& Tower with Radar,9,56,22,0,87,0,8,8,0,16,9,64,30,0,103,8,0,8,111
04/10/2012,ABE,PA,AEA,EN,Combined TRACON& Tower with Radar,15,45,24,0,84,0,3,49,0,52,15,48,73,0,136,46,0,46,182
04/11/2012,ABE,PA,AEA,EN,Combined TRACON& Tower with Radar,8,50,38,0,96,0,2,45,0,47,8,52,83,0,143,182,0,182,325
04/12/2012,ABE,PA,AEA,EN,Combined TRACON& Tower with Radar,9,56,30,4,99,0,1,63,0,64,9,57,93,4,163,171,0,171,334
04/13/2012,ABE,PA,AEA,EN,Combined TRACON& Tower with Radar,9,56,48,0,113,0,1,89,0,90,9,57,137,0,203,162,0,162,365
04/14/2012,ABE,PA,AEA,EN,Combined TRACON& Tower with Radar,9,41,59,1,110,0,2,92,1,95,9,43,151,2,205,252,0,252,457
04/15/2012,ABE,PA,AEA,EN,Combined TRACON& Tower with Radar,6,55,34,0,95,0,1,37,0,38,6,56,71,0,133,0,0,0,133
04/16/2012,ABE,PA,AEA,EN,Combined TRACON& Tower with Radar,8,48,26,15,97,0,3,56,3,62,8,51,82,18,159,94,16,110,269
04/17/2012,ABE,PA,AEA,EN,Combined TRACON& Tower with Radar,10,60,49,0,119,0,1,64,0,65,10,61,113,0,184,162,0,162,346
04/18/2012,ABE,PA,AEA,EN,Combined TRACON& Tower with Radar,8,58,47,6,119,0,3,87,0,90,8,61,134,6,209,186,0,186,395
04/19/2012,ABE,PA,AEA,EN,Combined TRACON& Tower with Radar,10,55,39,4,108,0,2,58,0,60,10,57,97,4,168,185,0,185,353
04/20/2012,ABE,PA,AEA,EN,Combined TRACON& Tower with Radar,11,58,48,15,132,0,1,61,0,62,11,59,109,15,194,157,0,157,351
04/21/2012,ABE,PA,AEA,EN,Combined TRACON& Tower with Radar,8,50,36,0,94,0,0,25,0,25,8,50,61,0,119,235,0,235,354
04/22/2012,ABE,PA,AEA,EN,Combined TRACON& Tower with Radar,6,40,27,0,73,0,0,2,0,2,6,40,29,0,75,10,0,10,85
04/23/2012,ABE,PA,AEA,EN,Combined TRACON& Tower with Radar,9,57,13,4,83,0,0,2,0,2,9,57,15,4,85,0,4,4,89
04/24/2012,ABE,PA,AEA,EN,Combined TRACON& Tower with Radar,10,43,14,1,68,0,3,20,1,24,10,46,34,2,92,42,0,42,134
04/25/2012,ABE,PA,AEA,EN,Combined TRACON& Tower with Radar,10,48,35,8,101,0,2,67,2,71,10,50,102,10,172,114,0,114,286
04/26/2012,ABE,PA,AEA,EN,Combined TRACON& Tower with Radar,11,59,43,0,113,0,0,10,0,10,11,59,53,0,123,78,0,78,201
04/27/2012,ABE,PA,AEA,EN,Combined TRACON& Tower with Radar,8,62,30,6,106,0,0,12,0,12,8,62,42,6,118,176,0,176,294
04/28/2012,ABE,PA,AEA,EN,Combined TRACON& Tower with Radar,7,41,28,0,76,0,5,80,0,85,7,46,108,0,161,179,0,179,340
04/29/2012,ABE,PA,AEA,EN,Combined TRACON& Tower with Radar,7,51,19,0,77,0,3,51,0,54,7,54,70,0,131,118,0,118,249
04/30/2012,ABE,PA,AEA,EN,Combined TRACON& Tower with Radar,8,47,56,0,111,0,4,59,2,65,8,51,115,2,176,156,0,156,332
05/01/2012,ABE,PA,AEA,EN,Combined TRACON& Tower with Radar,12,46,33,1,92,0,1,32,0,33,12,47,65,1,125,182,0,182,307
05/02/2012,ABE,PA,AEA,EN,Combined TRACON& Tower with Radar,8,55,45,5,113,0,0,0,6,6,8,55,45,11,119,4,0,4,123
05/03/2012,ABE,PA,AEA,EN,Combined TRACON& Tower with Radar,12,62,63,2,139,0,0,1,0,1,12,62,64,2,140,0,0,0,140
05/04/2012,ABE,PA,AEA,EN,Combined TRACON& Tower with Radar,11,53,33,0,97,0,0,17,4,21,11,53,50,4,118,85,0,85,203
05/05/2012,ABE,PA,AEA,EN,Combined TRACON& Tower with Radar,9,42,51,0,102,0,1,12,0,13,9,43,63,0,115,98,0,98,213
05/06/2012,ABE,PA,AEA,EN,Combined TRACON& Tower with Radar,8,46,67,0,121,0,1,7,0,8,8,47,74,0,129,168,0,168,297
05/07/2012,ABE,PA,AEA,EN,Combined TRACON& Tower with Radar,13,45,48,0,106,0,0,29,0,29,13,45,77,0,135,116,0,116,251
05/08/2012,ABE,PA,AEA,EN,Combined TRACON& Tower with Radar,14,55,52,2,123,0,0,10,0,10,14,55,62,2,133,16,0,16,149
05/09/2012,ABE,PA,AEA,EN,Combined TRACON& Tower with Radar,12,46,44,2,104,0,0,18,0,18,12,46,62,2,122,104,0,104,226
05/10/2012,ABE,PA,AEA,EN,Combined TRACON& Tower with Radar,12,49,29,2,92,0,0,42,1,43,12,49,71,3,135,145,0,145,280
05/11/2012,ABE,PA,AEA,EN,Combined TRACON& Tower with Radar,13,51,22,2,88,0,0,48,0,48,13,51,70,2,136,139,0,139,275
05/12/2012,ABE,PA,AEA,EN,Combined TRACON& Tower with Radar,9,38,26,0,73,0,2,129,0,131,9,40,155,0,204,240,0,240,444
05/13/2012,ABE,PA,AEA,EN,Combined TRACON& Tower with Radar,8,37,40,0,85,0,0,65,0,65,8,37,105,0,150,216,0,216,366
05/14/2012,ABE,PA,AEA,EN,Combined TRACON& Tower with Radar,12,51,20,0,83,0,0,4,0,4,12,51,24,0,87,30,0,30,117
05/15/2012,ABE,PA,AEA,EN,Combined TRACON& Tower with Radar,11,64,39,0,114,0,0,1,0,1,11,64,40,0,115,0,0,0,115
05/16/2012,ABE,PA,AEA,EN,Combined TRACON& Tower with Radar,13,53,30,0,96,0,2,31,0,33,13,55,61,0,129,91,0,91,220
05/17/2012,ABE,PA,AEA,EN,Combined TRACON& Tower with Radar,10,57,60,0,127,0,4,85,0,89,10,61,145,0,216,166,0,166,382
05/18/2012,ABE,PA,AEA,EN,Combined TRACON& Tower with Radar,15,56,40,8,119,0,3,74,0,77,15,59,114,8,196,249,0,249,445
05/19/2012,ABE,PA,AEA,EN,Combined TRACON& Tower with Radar,11,34,32,0,77,0,2,67,0,69,11,36,99,0,146,114,0,114,260
05/20/2012,ABE,PA,AEA,EN,Combined TRACON& Tower with Radar,8,42,49,0,99,0,2,58,0,60,8,44,107,0,159,154,0,154,313
05/21/2012,ABE,PA,AEA,EN,Combined TRACON& Tower with Radar,17,60,50,0,127,0,0,0,0,0,17,60,50,0,127,0,0,0,127
05/22/2012,ABE,PA,AEA,EN,Combined TRACON& Tower with Radar,10,42,42,3,97,0,2,8,1,11,10,44,50,4,108,90,0,90,198
05/23/2012,ABE,PA,AEA,EN,Combined TRACON& Tower with Radar,10,55,37,0,102,0,0,14,0,14,10,55,51,0,116,58,0,58,174
05/24/2012,ABE,PA,AEA,EN,Combined TRACON& Tower with Radar,11,59,73,5,148,0,0,7,0,7,11,59,80,5,155,64,0,64,219
05/25/2012,ABE,PA,AEA,EN,Combined TRACON& Tower with Radar,14,49,53,0,116,0,0,22,0,22,14,49,75,0,138,68,0,68,206
05/26/2012,ABE,PA,AEA,EN,Combined TRACON& Tower with Radar,13,35,44,0,92,0,0,33,0,33,13,35,77,0,125,123,0,123,248
05/27/2012,ABE,PA,AEA,EN,Combined TRACON& Tower with Radar,6,27,10,0,43,0,0,11,0,11,6,27,21,0,54,42,0,42,96
05/28/2012,ABE,PA,AEA,EN,Combined TRACON& Tower with Radar,9,37,41,0,87,0,3,55,0,58,9,40,96,0,145,112,0,112,257
05/29/2012,ABE,PA,AEA,EN,Combined TRACON& Tower with Radar,8,44,47,0,99,0,0,27,0,27,8,44,74,0,126,52,0,52,178
05/30/2012,ABE,PA,AEA,EN,Combined TRACON& Tower with Radar,11,54,83,5,153,0,4,82,0,86,11,58,165,5,239,154,6,160,399
05/31/2012,ABE,PA,AEA,EN,Combined TRACON& Tower with Radar,9,56,47,0,112,0,1,82,0,83,9,57,129,0,195,280,0,280,475
06/01/2012,ABE,PA,AEA,EN,Combined TRACON& Tower with Radar,15,46,29,0,90,0,5,37,0,42,15,51,66,0,132,24,4,28,160
06/02/2012,ABE,PA,AEA,EN,Combined TRACON& Tower with Radar,13,35,32,0,80,0,1,52,0,53,13,36,84,0,133,86,0,86,219
06/03/2012,ABE,PA,AEA,EN,Combined TRACON& Tower with Radar,10,42,31,2,85,0,2,33,0,35,10,44,64,2,120,40,0,40,160
06/04/2012,ABE,PA,AEA,EN,Combined TRACON& Tower with Radar,18,48,42,11,119,0,8,14,0,22,18,56,56,11,141,66,6,72,213
06/05/2012,ABE,PA,AEA,EN,Combined TRACON& Tower with Radar,14,46,44,0,104,0,3,66,0,69,14,49,110,0,173,108,0,108,281
06/06/2012,ABE,PA,AEA,EN,Combined TRACON& Tower with Radar,16,57,74,2,149,0,4,67,0,71,16,61,141,2,220,86,0,86,306
06/07/2012,ABE,PA,AEA,EN,Combined TRACON& Tower with Radar,10,50,40,1,101,0,0,77,1,78,10,50,117,2,179,204,0,204,383
06/08/2012,ABE,PA,AEA,EN,Combined TRACON& Tower with Radar,16,47,51,0,114,0,3,71,0,74,16,50,122,0,188,167,0,167,355
06/09/2012,ABE,PA,AEA,EN,Combined TRACON& Tower with Radar,11,41,48,0,100,0,3,63,0,66,11,44,111,0,166,106,0,106,272
06/10/2012,ABE,PA,AEA,EN,Combined TRACON& Tower with Radar,6,47,70,0,123,0,8,85,0,93,6,55,155,0,216,36,0,36,252
06/11/2012,ABE,PA,AEA,EN,Combined TRACON& Tower with Radar,15,50,48,1,114,0,1,27,0,28,15,51,75,1,142,97,0,97,239
06/12/2012,ABE,PA,AEA,EN,Combined TRACON& Tower with Radar,12,51,45,0,108,0,0,1,0,1,12,51,46,0,109,0,0,0,109
06/13/2012,ABE,PA,AEA,EN,Combined TRACON& Tower with Radar,14,53,43,5,115,0,2,40,1,43,14,55,83,6,158,96,12,108,266
06/14/2012,ABE,PA,AEA,EN,Combined TRACON& Tower with Radar,13,49,49,0,111,0,1,70,0,71,13,50,119,0,182,223,0,223,405
06/15/2012,ABE,PA,AEA,EN,Combined TRACON& Tower with Radar,15,48,50,2,115,0,4,61,0,65,15,52,111,2,180,134,0,134,314
06/16/2012,ABE,PA,AEA,EN,Combined TRACON& Tower with Radar,15,39,44,0,98,0,6,69,0,75,15,45,113,0,173,169,0,169,342
06/17/2012,ABE,PA,AEA,EN,Combined TRACON& Tower with Radar,6,53,39,0,98,0,6,36,0,42,6,59,75,0,140,52,0,52,192
06/18/2012,ABE,PA,AEA,EN,Combined TRACON& Tower with Radar,16,49,55,2,122,0,4,28,1,33,16,53,83,3,155,44,0,44,199
06/19/2012,ABE,PA,AEA,EN,Combined TRACON& Tower with Radar,10,48,55,0,113,0,2,20,3,25,10,50,75,3,138,62,4,66,204
06/20/2012,ABE,PA,AEA,EN,Combined TRACON& Tower with Radar,14,54,34,1,103,0,1,55,0,56,14,55,89,1,159,163,0,163,322
06/21/2012,ABE,PA,AEA,EN,Combined TRACON& Tower with Radar,8,51,21,0,80,0,1,66,0,67,8,52,87,0,147,97,0,97,244
06/22/2012,ABE,PA,AEA,EN,Combined TRACON& Tower with Radar,19,47,26,0,92,0,0,34,0,34,19,47,60,0,126,38,0,38,164
06/23/2012,ABE,PA,AEA,EN,Combined TRACON& Tower with Radar,15,43,24,0,82,0,2,67,0,69,15,45,91,0,151,124,0,124,275
06/24/2012,ABE,PA,AEA,EN,Combined TRACON& Tower with Radar,6,45,42,0,93,0,1,58,0,59,6,46,100,0,152,50,0,50,202
06/25/2012,ABE,PA,AEA,EN,Combined TRACON& Tower with Radar,24,58,25,0,107,0,4,10,0,14,24,62,35,0,121,20,0,20,141
06/26/2012,ABE,PA,AEA,EN,Combined TRACON& Tower with Radar,12,51,38,7,108,0,1,52,1,54,12,52,90,8,162,59,0,59,221
06/27/2012,ABE,PA,AEA,EN,Combined TRACON& Tower with Radar,16,62,41,0,119,0,3,39,0,42,16,65,80,0,161,92,0,92,253
06/28/2012,ABE,PA,AEA,EN,Combined TRACON& Tower with Radar,10,55,49,0,114,0,3,81,0,84,10,58,130,0,198,262,0,262,460
06/29/2012,ABE,PA,AEA,EN,Combined TRACON& Tower with Radar,16,48,40,2,106,0,1,66,0,67,16,49,106,2,173,54,0,54,227
06/30/2012,ABE,PA,AEA,EN,Combined TRACON& Tower with Radar,15,42,20,0,77,0,0,51,1,52,15,42,71,1,129,181,0,181,310
07/01/2012,ABE,PA,AEA,EN,Combined TRACON& Tower with Radar,5,41,27,0,73,0,0,69,0,69,5,41,96,0,142,107,0,107,249
07/02/2012,ABE,PA,AEA,EN,Combined TRACON& Tower with Radar,12,40,20,1,73,0,0,44,1,45,12,40,64,2,118,73,0,73,191
07/03/2012,ABE,PA,AEA,EN,Combined TRACON& Tower with Radar,12,38,44,0,94,0,1,71,0,72,12,39,115,0,166,84,0,84,250
07/04/2012,ABE,PA,AEA,EN,Combined TRACON& Tower with Radar,8,33,12,0,53,0,5,26,1,32,8,38,38,1,85,38,0,38,123
07/05/2012,ABE,PA,AEA,EN,Combined TRACON& Tower with Radar,8,43,27,0,78,0,0,61,2,63,8,43,88,2,141,34,0,34,175
07/06/2012,ABE,PA,AEA,EN,Combined TRACON& Tower with Radar,13,45,42,0,100,0,0,70,0,70,13,45,112,0,170,112,0,112,282
07/07/2012,ABE,PA,AEA,EN,Combined TRACON& Tower with Radar,13,43,13,0,69,0,3,40,0,43,13,46,53,0,112,20,0,20,132
07/08/2012,ABE,PA,AEA,EN,Combined TRACON& Tower with Radar,4,48,45,0,97,0,1,57,0,58,4,49,102,0,155,171,0,171,326
07/09/2012,ABE,PA,AEA,EN,Combined TRACON& Tower with Radar,12,50,24,2,88,0,0,46,0,46,12,50,70,2,134,154,0,154,288
07/10/2012,ABE,PA,AEA,EN,Combined TRACON& Tower with Radar,10,53,44,1,108,0,2,87,1,90,10,55,131,2,198,154,0,154,352
07/11/2012,ABE,PA,AEA,EN,Combined TRACON& Tower with Radar,15,52,42,2,111,0,1,64,2,67,15,53,106,4,178,258,0,258,436
07/12/2012,ABE,PA,AEA,EN,Combined TRACON& Tower with Radar,8,55,51,0,114,0,3,81,0,84,8,58,132,0,198,240,0,240,438
07/13/2012,ABE,PA,AEA,EN,Combined TRACON& Tower with Radar,13,43,44,4,104,0,0,51,0,51,13,43,95,4,155,112,0,112,267
07/14/2012,ABE,PA,AEA,EN,Combined TRACON& Tower with Radar,15,41,52,0,108,0,2,59,0,61,15,43,111,0,169,181,0,181,350
07/15/2012,ABE,PA,AEA,EN,Combined TRACON& Tower with Radar,5,52,24,10,91,0,1,16,1,18,5,53,40,11,109,28,0,28,137
07/16/2012,ABE,PA,AEA,EN,Combined TRACON& Tower with Radar,12,49,39,2,102,0,4,38,0,42,12,53,77,2,144,94,0,94,238
07/17/2012,ABE,PA,AEA,EN,Combined TRACON& Tower with Radar,10,53,38,3,104,0,0,66,0,66,10,53,104,3,170,223,0,223,393
07/18/2012,ABE,PA,AEA,EN,Combined TRACON& Tower with Radar,21,40,16,0,77,0,0,33,0,33,21,40,49,0,110,67,0,67,177
07/19/2012,ABE,PA,AEA,EN,Combined TRACON& Tower with Radar,8,48,45,2,103,0,0,27,0,27,8,48,72,2,130,199,0,199,329
07/20/2012,ABE,PA,AEA,EN,Combined TRACON& Tower with Radar,14,61,50,1,126,0,0,3,0,3,14,61,53,1,129,0,0,0,129
07/21/2012,ABE,PA,AEA,EN,Combined TRACON& Tower with Radar,15,39,64,0,118,0,2,66,0,68,15,41,130,0,186,260,0,260,446
07/22/2012,ABE,PA,AEA,EN,Combined TRACON& Tower with Radar,4,49,42,0,95,0,9,47,0,56,4,58,89,0,151,220,0,220,371
07/23/2012,ABE,PA,AEA,EN,Combined TRACON& Tower with Radar,12,51,38,0,101,0,0,33,0,33,12,51,71,0,134,56,0,56,190
07/24/2012,ABE,PA,AEA,EN,Combined TRACON& Tower with Radar,10,54,38,0,102,0,1,65,0,66,10,55,103,0,168,278,0,278,446
07/25/2012,ABE,PA,AEA,EN,Combined TRACON& Tower with Radar,17,54,39,0,110,0,1,72,0,73,17,55,111,0,183,245,0,245,428
07/26/2012,ABE,PA,AEA,EN,Combined TRACON& Tower with Radar,8,48,30,0,86,0,1,42,0,43,8,49,72,0,129,104,0,104,233
07/27/2012,ABE,PA,AEA,EN,Combined TRACON& Tower with Radar,13,60,43,0,116,0,0,29,0,29,13,60,72,0,145,93,0,93,238
07/28/2012,ABE,PA,AEA,EN,Combined TRACON& Tower with Radar,19,47,48,0,114,0,0,28,0,28,19,47,76,0,142,184,0,184,326
07/29/2012,ABE,PA,AEA,EN,Combined TRACON& Tower with Radar,4,49,59,0,112,0,1,26,0,27,4,50,85,0,139,153,0,153,292
07/30/2012,ABE,PA,AEA,EN,Combined TRACON& Tower with Radar,13,48,29,2,92,0,1,35,0,36,13,49,64,2,128,220,0,220,348
07/31/2012,ABE,PA,AEA,EN,Combined TRACON& Tower with Radar,10,42,70,1,123,0,1,43,1,45,10,43,113,2,168,231,0,231,399
08/01/2012,ABE,PA,AEA,EN,Combined TRACON& Tower with Radar,14,55,49,0,118,0,0,8,0,8,14,55,57,0,126,98,0,98,224
08/02/2012,ABE,PA,AEA,EN,Combined TRACON& Tower with Radar,8,53,57,0,118,0,0,70,0,70,8,53,127,0,188,328,0,328,516
08/03/2012,ABE,PA,AEA,EN,Combined TRACON& Tower with Radar,13,50,40,0,103,0,5,39,0,44,13,55,79,0,147,76,0,76,223
08/04/2012,ABE,PA,AEA,EN,Combined TRACON& Tower with Radar,15,34,50,0,99,0,0,29,0,29,15,34,79,0,128,212,0,212,340
08/05/2012,ABE,PA,AEA,EN,Combined TRACON& Tower with Radar,6,36,49,0,91,0,0,27,0,27,6,36,76,0,118,54,0,54,172
08/06/2012,ABE,PA,AEA,EN,Combined TRACON& Tower with Radar,12,46,55,2,115,0,3,71,0,74,12,49,126,2,189,246,0,246,435
08/07/2012,ABE,PA,AEA,EN,Combined TRACON& Tower with Radar,10,52,62,0,124,0,3,78,0,81,10,55,140,0,205,404,0,404,609
08/08/2012,ABE,PA,AEA,EN,Combined TRACON& Tower with Radar,14,55,49,0,118,0,1,54,0,55,14,56,103,0,173,257,4,261,434
08/09/2012,ABE,PA,AEA,EN,Combined TRACON& Tower with Radar,10,44,32,3,89,0,1,31,1,33,10,45,63,4,122,20,2,22,144
08/10/2012,ABE,PA,AEA,EN,Combined TRACON& Tower with Radar,15,57,32,2,106,0,0,8,0,8,15,57,40,2,114,8,0,8,122
08/11/2012,ABE,PA,AEA,EN,Combined TRACON& Tower with Radar,15,40,36,0,91,0,2,38,0,40,15,42,74,0,131,184,0,184,315
08/12/2012,ABE,PA,AEA,EN,Combined TRACON& Tower with Radar,2,44,48,0,94,0,1,95,0,96,2,45,143,0,190,161,0,161,351
08/13/2012,ABE,PA,AEA,EN,Combined TRACON& Tower with Radar,10,45,23,0,78,0,3,69,0,72,10,48,92,0,150,78,0,78,228
08/14/2012,ABE,PA,AEA,EN,Combined TRACON& Tower with Radar,11,44,36,2,93,0,1,6,0,7,11,45,42,2,100,50,0,50,150
08/15/2012,ABE,PA,AEA,EN,Combined TRACON& Tower with Radar,11,46,37,2,96,0,2,32,1,35,11,48,69,3,131,155,0,155,286
08/16/2012,ABE,PA,AEA,EN,Combined TRACON& Tower with Radar,8,47,31,7,93,0,2,67,1,70,8,49,98,8,163,179,0,179,342
08/17/2012,ABE,PA,AEA,EN,Combined TRACON& Tower with Radar,15,49,45,0,109,0,1,66,0,67,15,50,111,0,176,212,0,212,388
08/18/2012,ABE,PA,AEA,EN,Combined TRACON& Tower with Radar,10,41,37,0,88,0,3,54,0,57,10,44,91,0,145,205,0,205,350
08/19/2012,ABE,PA,AEA,EN,Combined TRACON& Tower with Radar,3,36,37,0,76,0,1,74,1,76,3,37,111,1,152,417,0,417,569
08/20/2012,ABE,PA,AEA,EN,Combined TRACON& Tower with Radar,12,47,28,0,87,0,1,37,0,38,12,48,65,0,125,203,0,203,328
08/21/2012,ABE,PA,AEA,EN,Combined TRACON& Tower with Radar,10,48,40,2,100,0,0,71,0,71,10,48,111,2,171,358,0,358,529
08/22/2012,ABE,PA,AEA,EN,Combined TRACON& Tower with Radar,10,43,23,0,76,0,2,72,0,74,10,45,95,0,150,189,0,189,339
08/23/2012,ABE,PA,AEA,EN,Combined TRACON& Tower with Radar,13,49,57,0,119,0,1,94,2,97,13,50,151,2,216,283,0,283,499
08/24/2012,ABE,PA,AEA,EN,Combined TRACON& Tower with Radar,14,42,38,0,94,0,6,92,0,98,14,48,130,0,192,200,0,200,392
08/25/2012,ABE,PA,AEA,EN,Combined TRACON& Tower with Radar,8,39,52,0,99,0,3,64,0,67,8,42,116,0,166,189,0,189,355
08/26/2012,ABE,PA,AEA,EN,Combined TRACON& Tower with Radar,3,36,34,0,73,0,1,50,0,51,3,37,84,0,124,120,0,120,244
08/27/2012,ABE,PA,AEA,EN,Combined TRACON& Tower with Radar,17,55,33,2,107,0,1,17,0,18,17,56,50,2,125,50,0,50,175
08/28/2012,ABE,PA,AEA,EN,Combined TRACON& Tower with Radar,8,45,38,2,93,0,3,62,0,65,8,48,100,2,158,169,0,169,327
08/29/2012,ABE,PA,AEA,EN,Combined TRACON& Tower with Radar,12,44,37,0,93,0,1,71,2,74,12,45,108,2,167,188,0,188,355
08/30/2012,ABE,PA,AEA,EN,Combined TRACON& Tower with Radar,8,51,53,2,114,0,4,84,2,90,8,55,137,4,204,132,0,132,336
08/31/2012,ABE,PA,AEA,EN,Combined TRACON& Tower with Radar,13,42,31,0,86,0,1,59,0,60,13,43,90,0,146,123,0,123,269
09/01/2012,ABE,PA,AEA,EN,Combined TRACON& Tower with Radar,8,26,41,0,75,0,3,87,0,90,8,29,128,0,165,190,0,190,355
09/02/2012,ABE,PA,AEA,EN,Combined TRACON& Tower with Radar,5,28,33,0,66,0,2,12,0,14,5,30,45,0,80,69,0,69,149
09/03/2012,ABE,PA,AEA,EN,Combined TRACON& Tower with Radar,10,43,49,0,102,0,0,1,0,1,10,43,50,0,103,0,0,0,103
09/04/2012,ABE,PA,AEA,EN,Combined TRACON& Tower with Radar,11,50,21,0,82,0,0,2,0,2,11,50,23,0,84,0,0,0,84
09/05/2012,ABE,PA,AEA,EN,Combined TRACON& Tower with Radar,14,47,61,2,124,0,2,26,0,28,14,49,87,2,152,114,0,114,266
09/06/2012,ABE,PA,AEA,EN,Combined TRACON& Tower with Radar,9,48,54,10,121,0,2,81,0,83,9,50,135,10,204,168,0,168,372
09/07/2012,ABE,PA,AEA,EN,Combined TRACON& Tower with Radar,12,49,50,0,111,0,0,75,0,75,12,49,125,0,186,184,0,184,370
09/08/2012,ABE,PA,AEA,EN,Combined TRACON& Tower with Radar,11,30,21,0,62,0,3,6,0,9,11,33,27,0,71,0,0,0,71
09/09/2012,ABE,PA,AEA,EN,Combined TRACON& Tower with Radar,4,42,32,0,78,0,0,74,2,76,4,42,106,2,154,202,0,202,356
09/10/2012,ABE,PA,AEA,EN,Combined TRACON& Tower with Radar,12,49,35,0,96,0,9,46,2,57,12,58,81,2,153,158,0,158,311
09/11/2012,ABE,PA,AEA,EN,Combined TRACON& Tower with Radar,6,49,31,0,86,0,4,64,3,71,6,53,95,3,157,158,0,158,315
09/12/2012,ABE,PA,AEA,EN,Combined TRACON& Tower with Radar,8,49,58,4,119,0,3,89,2,94,8,52,147,6,213,177,0,177,390
09/13/2012,ABE,PA,AEA,EN,Combined TRACON& Tower with Radar,8,50,45,3,106,0,2,84,2,88,8,52,129,5,194,228,0,228,422
09/14/2012,ABE,PA,AEA,EN,Combined TRACON& Tower with Radar,11,47,34,3,95,0,1,59,3,63,11,48,93,6,158,90,0,90,248
09/15/2012,ABE,PA,AEA,EN,Combined TRACON& Tower with Radar,5,32,28,0,65,0,2,67,0,69,5,34,95,0,134,150,0,150,284
09/16/2012,ABE,PA,AEA,EN,Combined TRACON& Tower with Radar,2,49,53,0,104,0,6,86,0,92,2,55,139,0,196,195,0,195,391
09/17/2012,ABE,PA,AEA,EN,Combined TRACON& Tower with Radar,10,53,51,0,114,0,5,72,0,77,10,58,123,0,191,0,0,0,191
09/18/2012,ABE,PA,AEA,EN,Combined TRACON& Tower with Radar,12,49,9,6,76,0,0,0,0,0,12,49,9,6,76,240,0,240,316
09/19/2012,ABE,PA,AEA,EN,Combined TRACON& Tower with Radar,12,52,35,0,99,0,0,64,0,64,12,52,99,0,163,70,8,78,241
09/20/2012,ABE,PA,AEA,EN,Combined TRACON& Tower with Radar,8,48,37,2,95,0,0,71,0,71,8,48,108,2,166,186,0,186,352
09/21/2012,ABE,PA,AEA,EN,Combined TRACON& Tower with Radar,9,52,84,0,145,0,3,46,0,49,9,55,130,0,194,103,0,103,297
09/22/2012,ABE,PA,AEA,EN,Combined TRACON& Tower with Radar,7,35,42,0,84,0,1,13,0,14,7,36,55,0,98,97,0,97,195
09/23/2012,ABE,PA,AEA,EN,Combined TRACON& Tower with Radar,4,50,18,0,72,0,5,64,0,69,4,55,82,0,141,142,0,142,283
09/24/2012,ABE,PA,AEA,EN,Combined TRACON& Tower with Radar,8,44,42,0,94,0,4,72,0,76,8,48,114,0,170,226,0,226,396
09/25/2012,ABE,PA,AEA,EN,Combined TRACON& Tower with Radar,8,48,61,0,117,0,3,81,0,84,8,51,142,0,201,94,0,94,295
09/26/2012,ABE,PA,AEA,EN,Combined TRACON& Tower with Radar,10,44,40,2,96,0,4,29,0,33,10,48,69,2,129,190,10,200,329
09/27/2012,ABE,PA,AEA,EN,Combined TRACON& Tower with Radar,8,45,57,0,110,0,1,27,0,28,8,46,84,0,138,80,0,80,218
09/28/2012,ABE,PA,AEA,EN,Combined TRACON& Tower with Radar,9,54,63,0,126,0,0,8,0,8,9,54,71,0,134,245,0,245,379
09/29/2012,ABE,PA,AEA,EN,Combined TRACON& Tower with Radar,5,34,60,0,99,0,1,39,0,40,5,35,99,0,139,152,0,152,291
09/30/2012,ABE,PA,AEA,EN,Combined TRACON& Tower with Radar,2,48,34,0,84,0,3,53,0,56,2,51,87,0,140,60,0,60,200
10/01/2012,ABE,PA,AEA,EN,Combined TRACON& Tower with Radar,9,42,55,0,106,0,1,72,0,73,9,43,127,0,179,214,0,214,393
10/02/2012,ABE,PA,AEA,EN,Combined TRACON& Tower with Radar,11,38,43,0,92,0,0,3,0,3,11,38,46,0,95,0,0,0,95
10/03/2012,ABE,PA,AEA,EN,Combined TRACON& Tower with Radar,12,45,39,2,98,0,0,0,0,0,12,45,39,2,98,216,0,216,314
10/04/2012,ABE,PA,AEA,EN,Combined TRACON& Tower with Radar,10,50,61,0,121,0,0,15,0,15,10,50,76,0,136,32,0,32,168
10/05/2012,ABE,PA,AEA,EN,Combined TRACON& Tower with Radar,10,47,44,0,101,0,4,112,0,116,10,51,156,0,217,300,0,300,517
10/06/2012,ABE,PA,AEA,EN,Combined TRACON& Tower with Radar,8,28,28,0,64,0,5,47,0,52,8,33,75,0,116,176,0,176,292
10/07/2012,ABE,PA,AEA,EN,Combined TRACON& Tower with Radar,4,41,34,2,81,0,0,21,0,21,4,41,55,2,102,0,0,0,102
10/08/2012,ABE,PA,AEA,EN,Combined TRACON& Tower with Radar,10,45,40,0,95,0,0,46,1,47,10,45,86,1,142,211,0,211,353
10/09/2012,ABE,PA,AEA,EN,Combined TRACON& Tower with Radar,15,46,41,8,110,0,0,21,0,21,15,46,62,8,131,144,0,144,275
10/10/2012,ABE,PA,AEA,EN,Combined TRACON& Tower with Radar,12,50,41,0,103,0,1,29,0,30,12,51,70,0,133,114,0,114,247
10/11/2012,ABE,PA,AEA,EN,Combined TRACON& Tower with Radar,12,43,35,3,93,0,3,79,0,82,12,46,114,3,175,162,0,162,337
10/12/2012,ABE,PA,AEA,EN,Combined TRACON& Tower with Radar,11,51,41,0,103,0,2,55,2,59,11,53,96,2,162,82,0,82,244
10/13/2012,ABE,PA,AEA,EN,Combined TRACON& Tower with Radar,7,27,38,3,75,0,4,74,0,78,7,31,112,3,153,202,0,202,355
10/14/2012,ABE,PA,AEA,EN,Combined TRACON& Tower with Radar,4,49,24,5,82,0,1,34,0,35,4,50,58,5,117,120,6,126,243
10/15/2012,ABE,PA,AEA,EN,Combined TRACON& Tower with Radar,10,54,29,0,93,0,0,16,0,16,10,54,45,0,109,202,0,202,311
10/16/2012,ABE,PA,AEA,EN,Combined TRACON& Tower with Radar,12,46,45,0,103,0,0,61,0,61,12,46,106,0,164,160,0,160,324
10/17/2012,ABE,PA,AEA,EN,Combined TRACON& Tower with Radar,12,44,42,0,98,0,0,91,0,91,12,44,133,0,189,284,0,284,473
10/18/2012,ABE,PA,AEA,EN,Combined TRACON& Tower with Radar,10,46,60,0,116,0,1,39,0,40,10,47,99,0,156,224,0,224,380
10/19/2012,ABE,PA,AEA,EN,Combined TRACON& Tower with Radar,13,53,61,0,127,0,0,7,0,7,13,53,68,0,134,30,0,30,164
10/20/2012,ABE,PA,AEA,EN,Combined TRACON& Tower with Radar,7,28,50,0,85,0,1,86,0,87,7,29,136,0,172,188,0,188,360
10/21/2012,ABE,PA,AEA,EN,Combined TRACON& Tower with Radar,4,37,40,0,81,0,6,81,1,88,4,43,121,1,169,94,0,94,263
10/22/2012,ABE,PA,AEA,EN,Combined TRACON& Tower with Radar,11,55,45,1,112,0,1,82,0,83,11,56,127,1,195,144,0,144,339
10/23/2012,ABE,PA,AEA,EN,Combined TRACON& Tower with Radar,10,45,51,4,110,0,0,54,0,54,10,45,105,4,164,142,0,142,306
10/24/2012,ABE,PA,AEA,EN,Combined TRACON& Tower with Radar,14,47,43,0,104,0,1,60,0,61,14,48,103,0,165,128,0,128,293
10/25/2012,ABE,PA,AEA,EN,Combined TRACON& Tower with Radar,11,54,56,2,123,0,2,1,0,3,11,56,57,2,126,2,0,2,128
10/26/2012,ABE,PA,AEA,EN,Combined TRACON& Tower with Radar,11,46,85,10,152,0,0,7,0,7,11,46,92,10,159,118,2,120,279
10/27/2012,ABE,PA,AEA,EN,Combined TRACON& Tower with Radar,7,28,79,1,115,0,0,17,0,17,7,28,96,1,132,108,0,108,240
10/28/2012,ABE,PA,AEA,EN,Combined TRACON& Tower with Radar,6,35,14,0,55,0,0,3,0,3,6,35,17,0,58,0,0,0,58
10/29/2012,ABE,PA,AEA,EN,Combined TRACON& Tower with Radar,3,4,2,0,9,0,0,0,0,0,3,4,2,0,9,0,0,0,9
10/30/2012,ABE,PA,AEA,EN,Combined TRACON& Tower with Radar,1,14,5,0,20,0,0,7,0,7,1,14,12,0,27,0,0,0,27
10/31/2012,ABE,PA,AEA,EN,Combined TRACON& Tower with Radar,13,41,22,0,76,0,0,8,0,8,13,41,30,0,84,81,0,81,165
11/01/2012,ABE,PA,AEA,EN,Combined TRACON& Tower with Radar,12,45,40,0,97,0,1,38,0,39,12,46,78,0,136,160,0,160,296
11/02/2012,ABE,PA,AEA,EN,Combined TRACON& Tower with Radar,13,44,26,0,83,0,0,64,0,64,13,44,90,0,147,159,0,159,306
11/03/2012,ABE,PA,AEA,EN,Combined TRACON& Tower with Radar,9,29,16,0,54,0,3,51,2,56,9,32,67,2,110,206,0,206,316
11/04/2012,ABE,PA,AEA,EN,Combined TRACON& Tower with Radar,7,43,33,0,83,0,0,54,0,54,7,43,87,0,137,158,0,158,295
11/05/2012,ABE,PA,AEA,EN,Combined TRACON& Tower with Radar,12,48,28,0,88,0,2,52,0,54,12,50,80,0,142,79,0,79,221
11/06/2012,ABE,PA,AEA,EN,Combined TRACON& Tower with Radar,11,43,64,0,118,0,0,110,0,110,11,43,174,0,228,305,0,305,533
11/07/2012,ABE,PA,AEA,EN,Combined TRACON& Tower with Radar,14,49,17,0,80,0,0,6,0,6,14,49,23,0,86,10,0,10,96
11/08/2012,ABE,PA,AEA,EN,Combined TRACON& Tower with Radar,15,51,28,2,96,0,0,25,2,27,15,51,53,4,123,38,0,38,161
11/09/2012,ABE,PA,AEA,EN,Combined TRACON& Tower with Radar,11,47,37,0,95,0,0,72,2,74,11,47,109,2,169,282,0,282,451
11/10/2012,ABE,PA,AEA,EN,Combined TRACON& Tower with Radar,7,28,54,0,89,278,1,90,0,369,285,29,144,0,458,0,0,0,458
11/11/2012,ABE,PA,AEA,EN,Combined TRACON& Tower with Radar,4,46,41,0,91,0,1,58,0,59,4,47,99,0,150,266,0,266,416
11/12/2012,ABE,PA,AEA,EN,Combined TRACON& Tower with Radar,13,49,46,0,108,0,4,37,0,41,13,53,83,0,149,174,0,174,323
11/13/2012,ABE,PA,AEA,EN,Combined TRACON& Tower with Radar,10,46,50,7,113,0,1,34,0,35,10,47,84,7,148,141,0,141,289
11/14/2012,ABE,PA,AEA,EN,Combined TRACON& Tower with Radar,14,48,59,5,126,0,0,107,1,108,14,48,166,6,234,213,0,213,447
11/15/2012,ABE,PA,AEA,EN,Combined TRACON& Tower with Radar,8,60,82,0,150,0,1,115,0,116,8,61,197,0,266,233,2,235,501
11/16/2012,ABE,PA,AEA,EN,Combined TRACON& Tower with Radar,14,51,57,0,122,0,2,81,0,83,14,53,138,0,205,300,0,300,505
11/17/2012,ABE,PA,AEA,EN,Combined TRACON& Tower with Radar,8,29,29,0,66,0,3,85,0,88,8,32,114,0,154,256,0,256,410
11/18/2012,ABE,PA,AEA,EN,Combined TRACON& Tower with Radar,8,40,37,0,85,0,2,68,0,70,8,42,105,0,155,177,0,177,332
11/19/2012,ABE,PA,AEA,EN,Combined TRACON& Tower with Radar,9,43,53,6,111,0,1,82,0,83,9,44,135,6,194,169,0,169,363
11/20/2012,ABE,PA,AEA,EN,Combined TRACON& Tower with Radar,14,63,46,0,123,0,2,92,0,94,14,65,138,0,217,175,0,175,392
11/21/2012,ABE,PA,AEA,EN,Combined TRACON& Tower with Radar,12,44,49,6,111,0,5,70,0,75,12,49,119,6,186,151,0,151,337
11/22/2012,ABE,PA,AEA,EN,Combined TRACON& Tower with Radar,6,25,9,0,40,0,3,31,0,34,6,28,40,0,74,42,0,42,116
11/23/2012,ABE,PA,AEA,EN,Combined TRACON& Tower with Radar,10,29,38,4,81,0,4,77,0,81,10,33,115,4,162,124,0,124,286
11/24/2012,ABE,PA,AEA,EN,Combined TRACON& Tower with Radar,8,38,8,0,54,0,0,11,0,11,8,38,19,0,65,6,0,6,71
11/25/2012,ABE,PA,AEA,EN,Combined TRACON& Tower with Radar,6,51,53,0,110,0,1,54,0,55,6,52,107,0,165,188,0,188,353
11/26/2012,ABE,PA,AEA,EN,Combined TRACON& Tower with Radar,10,53,40,0,103,0,1,82,0,83,10,54,122,0,186,168,0,168,354
11/27/2012,ABE,PA,AEA,EN,Combined TRACON& Tower with Radar,11,43,24,0,78,0,0,0,0,0,11,43,24,0,78,0,0,0,78
11/28/2012,ABE,PA,AEA,EN,Combined TRACON& Tower with Radar,12,42,57,0,111,0,0,76,0,76,12,42,133,0,187,222,0,222,409
11/29/2012,ABE,PA,AEA,EN,Combined TRACON& Tower with Radar,8,45,52,0,105,0,0,73,0,73,8,45,125,0,178,165,0,165,343
11/30/2012,ABE,PA,AEA,EN,Combined TRACON& Tower with Radar,13,42,33,0,88,0,3,53,0,56,13,45,86,0,144,112,0,112,256
12/01/2012,ABE,PA,AEA,EN,Combined TRACON& Tower with Radar,7,31,36,0,74,0,0,0,0,0,7,31,36,0,74,4,0,4,78
12/02/2012,ABE,PA,AEA,EN,Combined TRACON& Tower with Radar,6,44,21,0,71,0,0,0,0,0,6,44,21,0,71,0,0,0,71
12/03/2012,ABE,PA,AEA,EN,Combined TRACON& Tower with Radar,10,48,52,0,110,0,3,59,0,62,10,51,111,0,172,174,0,174,346
12/04/2012,ABE,PA,AEA,EN,Combined TRACON& Tower with Radar,10,41,61,0,112,0,1,57,0,58,10,42,118,0,170,135,0,135,305
12/05/2012,ABE,PA,AEA,EN,Combined TRACON& Tower with Radar,13,42,57,0,112,0,1,87,0,88,13,43,144,0,200,222,0,222,422
12/06/2012,ABE,PA,AEA,EN,Combined TRACON& Tower with Radar,6,48,60,0,114,0,4,105,0,109,6,52,165,0,223,224,0,224,447
12/07/2012,ABE,PA,AEA,EN,Combined TRACON& Tower with Radar,14,43,40,0,97,0,0,3,0,3,14,43,43,0,100,0,0,0,100
12/08/2012,ABE,PA,AEA,EN,Combined TRACON& Tower with Radar,7,34,36,0,77,0,0,0,0,0,7,34,36,0,77,0,0,0,77
12/09/2012,ABE,PA,AEA,EN,Combined TRACON& Tower with Radar,4,38,58,0,100,0,1,14,0,15,4,39,72,0,115,97,0,97,212
12/10/2012,ABE,PA,AEA,EN,Combined TRACON& Tower with Radar,10,32,22,1,65,0,0,0,0,0,10,32,22,1,65,0,0,0,65
12/11/2012,ABE,PA,AEA,EN,Combined TRACON& Tower with Radar,13,39,62,18,132,0,0,87,1,88,13,39,149,19,220,233,0,233,453
12/12/2012,ABE,PA,AEA,EN,Combined TRACON& Tower with Radar,16,55,59,6,136,0,2,82,1,85,16,57,141,7,221,227,0,227,448
12/13/2012,ABE,PA,AEA,EN,Combined TRACON& Tower with Radar,11,47,63,0,121,0,3,95,0,98,11,50,158,0,219,134,0,134,353
12/14/2012,ABE,PA,AEA,EN,Combined TRACON& Tower with Radar,16,49,56,0,121,0,6,121,0,127,16,55,177,0,248,254,0,254,502
12/15/2012,ABE,PA,AEA,EN,Combined TRACON& Tower with Radar,8,27,65,0,100,0,0,139,0,139,8,27,204,0,239,276,0,276,515
12/16/2012,ABE,PA,AEA,EN,Combined TRACON& Tower with Radar,6,41,50,0,97,0,0,3,0,3,6,41,53,0,100,22,0,22,122
12/17/2012,ABE,PA,AEA,EN,Combined TRACON& Tower with Radar,11,33,21,0,65,0,0,0,0,0,11,33,21,0,65,0,0,0,65
12/18/2012,ABE,PA,AEA,EN,Combined TRACON& Tower with Radar,12,35,38,3,88,0,0,7,0,7,12,35,45,3,95,20,0,20,115
12/19/2012,ABE,PA,AEA,EN,Combined TRACON& Tower with Radar,13,49,54,1,117,0,3,89,1,93,13,52,143,2,210,188,0,188,398
12/20/2012,ABE,PA,AEA,EN,Combined TRACON& Tower with Radar,12,44,56,2,114,0,0,75,2,77,12,44,131,4,191,108,0,108,299
12/21/2012,ABE,PA,AEA,EN,Combined TRACON& Tower with Radar,16,45,14,0,75,0,0,4,0,4,16,45,18,0,79,48,0,48,127
12/22/2012,ABE,PA,AEA,EN,Combined TRACON& Tower with Radar,10,27,17,0,54,0,0,1,0,1,10,27,18,0,55,0,0,0,55
12/23/2012,ABE,PA,AEA,EN,Combined TRACON& Tower with Radar,5,34,19,0,58,0,0,73,0,73,5,34,92,0,131,138,0,138,269
12/24/2012,ABE,PA,AEA,EN,Combined TRACON& Tower with Radar,8,29,28,0,65,0,0,63,0,63,8,29,91,0,128,44,0,44,172
12/25/2012,ABE,PA,AEA,EN,Combined TRACON& Tower with Radar,4,31,5,0,40,0,0,7,0,7,4,31,12,0,47,78,0,78,125
12/26/2012,ABE,PA,AEA,EN,Combined TRACON& Tower with Radar,8,29,28,0,65,0,2,16,0,18,8,31,44,0,83,0,0,0,83
12/27/2012,ABE,PA,AEA,EN,Combined TRACON& Tower with Radar,7,36,16,0,59,0,0,0,0,0,7,36,16,0,59,0,0,0,59
12/28/2012,ABE,PA,AEA,EN,Combined TRACON& Tower with Radar,10,42,53,0,105,0,1,82,0,83,10,43,135,0,188,270,0,270,458
12/29/2012,ABE,PA,AEA,EN,Combined TRACON& Tower with Radar,6,22,3,0,31,0,0,2,0,2,6,22,5,0,33,10,0,10,43
12/30/2012,ABE,PA,AEA,EN,Combined TRACON& Tower with Radar,4,35,6,0,45,0,0,1,0,1,4,35,7,0,46,0,0,0,46
12/31/2012,ABE,PA,AEA,EN,Combined TRACON& Tower with Radar,8,31,35,0,74,0,1,59,0,60,8,32,94,0,134,164,0,164,298
01/02/2013,ABE,PA,AEA,EN,Combined TRACON& Tower with Radar,6,27,19,0,52,0,0,44,0,44,6,27,63,0,96,227,0,227,323
01/03/2013,ABE,PA,AEA,EN,Combined TRACON& Tower with Radar,6,43,54,0,103,0,0,81,0,81,6,43,135,0,184,114,0,114,298
01/04/2013,ABE,PA,AEA,EN,Combined TRACON& Tower with Radar,11,45,31,0,87,0,0,28,0,28,11,45,59,0,115,200,0,200,315
01/05/2013,ABE,PA,AEA,EN,Combined TRACON& Tower with Radar,4,24,40,0,68,0,1,77,0,78,4,25,117,0,146,357,0,357,503
01/06/2013,ABE,PA,AEA,EN,Combined TRACON& Tower with Radar,6,33,31,0,70,0,0,51,0,51,6,33,82,0,121,233,0,233,354
01/07/2013,ABE,PA,AEA,EN,Combined TRACON& Tower with Radar,8,35,32,2,77,0,6,83,0,89,8,41,115,2,166,297,0,297,463
01/08/2013,ABE,PA,AEA,EN,Combined TRACON& Tower with Radar,6,40,48,0,94,0,4,89,0,93,6,44,137,0,187,267,0,267,454
01/09/2013,ABE,PA,AEA,EN,Combined TRACON& Tower with Radar,12,42,38,10,102,0,2,30,0,32,12,44,68,10,134,110,0,110,244
01/10/2013,ABE,PA,AEA,EN,Combined TRACON& Tower with Radar,5,45,47,0,97,0,2,92,0,94,5,47,139,0,191,257,0,257,448
01/11/2013,ABE,PA,AEA,EN,Combined TRACON& Tower with Radar,9,49,40,0,98,0,0,36,0,36,9,49,76,0,134,125,0,125,259
01/12/2013,ABE,PA,AEA,EN,Combined TRACON& Tower with Radar,5,18,31,0,54,0,0,1,0,1,5,18,32,0,55,0,0,0,55
01/13/2013,ABE,PA,AEA,EN,Combined TRACON& Tower with Radar,2,23,21,0,46,0,0,0,0,0,2,23,21,0,46,0,0,0,46
01/14/2013,ABE,PA,AEA,EN,Combined TRACON& Tower with Radar,7,38,28,0,73,0,1,44,0,45,7,39,72,0,118,120,0,120,238
01/15/2013,ABE,PA,AEA,EN,Combined TRACON& Tower with Radar,7,36,29,4,76,0,0,74,0,74,7,36,103,4,150,402,0,402,552
01/16/2013,ABE,PA,AEA,EN,Combined TRACON& Tower with Radar,8,43,23,0,74,0,0,0,0,0,8,43,23,0,74,0,0,0,74
01/17/2013,ABE,PA,AEA,EN,Combined TRACON& Tower with Radar,9,46,39,6,100,0,3,80,0,83,9,49,119,6,183,222,8,230,413
01/18/2013,ABE,PA,AEA,EN,Combined TRACON& Tower with Radar,10,45,41,0,96,0,6,66,0,72,10,51,107,0,168,264,0,264,432
01/19/2013,ABE,PA,AEA,EN,Combined TRACON& Tower with Radar,3,28,33,0,64,0,3,65,0,68,3,31,98,0,132,325,0,325,457
01/20/2013,ABE,PA,AEA,EN,Combined TRACON& Tower with Radar,6,35,7,0,48,0,2,19,0,21,6,37,26,0,69,36,0,36,105
01/21/2013,ABE,PA,AEA,EN,Combined TRACON& Tower with Radar,10,44,32,0,86,0,0,53,0,53,10,44,85,0,139,338,0,338,477
01/22/2013,ABE,PA,AEA,EN,Combined TRACON& Tower with Radar,8,41,7,2,58,0,0,19,0,19,8,41,26,2,77,86,0,86,163
01/23/2013,ABE,PA,AEA,EN,Combined TRACON& Tower with Radar,8,51,41,0,100,0,1,74,0,75,8,52,115,0,175,142,0,142,317
01/24/2013,ABE,PA,AEA,EN,Combined TRACON& Tower with Radar,8,43,36,0,87,0,0,39,0,39,8,43,75,0,126,104,0,104,230
01/25/2013,ABE,PA,AEA,EN,Combined TRACON& Tower with Radar,9,38,33,0,80,0,0,44,0,44,9,38,77,0,124,256,0,256,380
01/26/2013,ABE,PA,AEA,EN,Combined TRACON& Tower with Radar,3,27,30,0,60,0,1,50,0,51,3,28,80,0,111,228,0,228,339
01/27/2013,ABE,PA,AEA,EN,Combined TRACON& Tower with Radar,6,36,67,0,109,0,1,105,0,106,6,37,172,0,215,364,0,364,579
01/28/2013,ABE,PA,AEA,EN,Combined TRACON& Tower with Radar,8,45,18,0,71,0,0,0,0,0,8,45,18,0,71,0,0,0,71
01/29/2013,ABE,PA,AEA,EN,Combined TRACON& Tower with Radar,10,30,24,1,65,0,0,1,0,1,10,30,25,1,66,6,12,18,84
01/30/2013,ABE,PA,AEA,EN,Combined TRACON& Tower with Radar,9,35,12,0,56,0,0,0,0,0,9,35,12,0,56,0,0,0,56
01/31/2013,ABE,PA,AEA,EN,Combined TRACON& Tower with Radar,10,44,17,0,71,0,0,11,0,11,10,44,28,0,82,0,0,0,82
02/01/2013,ABE,PA,AEA,EN,Combined TRACON& Tower with Radar,11,52,20,0,83,0,1,20,0,21,11,53,40,0,104,62,0,62,166
02/02/2013,ABE,PA,AEA,EN,Combined TRACON& Tower with Radar,3,35,41,0,79,0,0,54,0,54,3,35,95,0,133,190,0,190,323
02/03/2013,ABE,PA,AEA,EN,Combined TRACON& Tower with Radar,6,36,14,0,56,0,0,14,0,14,6,36,28,0,70,98,0,98,168
02/04/2013,ABE,PA,AEA,EN,Combined TRACON& Tower with Radar,8,45,34,0,87,0,0,52,0,52,8,45,86,0,139,186,0,186,325
02/05/2013,ABE,PA,AEA,EN,Combined TRACON& Tower with Radar,9,46,45,0,100,0,2,20,0,22,9,48,65,0,122,152,0,152,274
02/06/2013,ABE,PA,AEA,EN,Combined TRACON& Tower with Radar,8,44,35,0,87,0,1,58,0,59,8,45,93,0,146,152,0,152,298
02/07/2013,ABE,PA,AEA,EN,Combined TRACON& Tower with Radar,10,47,56,9,122,0,2,93,0,95,10,49,149,9,217,348,34,382,599
02/08/2013,ABE,PA,AEA,EN,Combined TRACON& Tower with Radar,11,34,8,0,53,0,0,0,0,0,11,34,8,0,53,6,0,6,59
02/09/2013,ABE,PA,AEA,EN,Combined TRACON& Tower with Radar,7,22,9,0,38,0,3,8,1,12,7,25,17,1,50,0,0,0,50
02/10/2013,ABE,PA,AEA,EN,Combined TRACON& Tower with Radar,6,43,51,2,102,0,1,96,0,97,6,44,147,2,199,264,0,264,463
02/11/2013,ABE,PA,AEA,EN,Combined TRACON& Tower with Radar,8,21,7,0,36,0,0,1,0,1,8,21,8,0,37,0,0,0,37
02/12/2013,ABE,PA,AEA,EN,Combined TRACON& Tower with Radar,8,42,49,0,99,0,1,69,0,70,8,43,118,0,169,164,0,164,333
02/13/2013,ABE,PA,AEA,EN,Combined TRACON& Tower with Radar,10,41,26,0,77,0,2,54,0,56,10,43,80,0,133,110,0,110,243
02/14/2013,ABE,PA,AEA,EN,Combined TRACON& Tower with Radar,10,44,37,2,93,0,1,75,0,76,10,45,112,2,169,368,0,368,537
02/15/2013,ABE,PA,AEA,EN,Combined TRACON& Tower with Radar,11,38,59,0,108,0,2,76,0,78,11,40,135,0,186,337,0,337,523
02/16/2013,ABE,PA,AEA,EN,Combined TRACON& Tower with Radar,6,20,39,0,65,0,0,57,0,57,6,20,96,0,122,214,0,214,336
02/17/2013,ABE,PA,AEA,EN,Combined TRACON& Tower with Radar,6,27,6,0,39,0,3,9,0,12,6,30,15,0,51,0,0,0,51
02/18/2013,ABE,PA,AEA,EN,Combined TRACON& Tower with Radar,8,38,45,0,91,0,2,75,1,78,8,40,120,1,169,437,0,437,606
02/19/2013,ABE,PA,AEA,EN,Combined TRACON& Tower with Radar,11,38,22,0,71,0,2,10,0,12,11,40,32,0,83,48,0,48,131
02/20/2013,ABE,PA,AEA,EN,Combined TRACON& Tower with Radar,10,36,24,2,72,0,1,18,0,19,10,37,42,2,91,0,0,0,91
02/21/2013,ABE,PA,AEA,EN,Combined TRACON& Tower with Radar,12,47,30,0,89,0,1,33,0,34,12,48,63,0,123,170,0,170,293
02/22/2013,ABE,PA,AEA,EN,Combined TRACON& Tower with Radar,12,37,43,0,92,0,4,73,0,77,12,41,116,0,169,282,10,292,461
02/23/2013,ABE,PA,AEA,EN,Combined TRACON& Tower with Radar,5,30,7,0,42,0,0,0,0,0,5,30,7,0,42,0,0,0,42
02/24/2013,ABE,PA,AEA,EN,Combined TRACON& Tower with Radar,6,36,47,0,89,0,2,46,0,48,6,38,93,0,137,166,0,166,303
02/25/2013,ABE,PA,AEA,EN,Combined TRACON& Tower with Radar,8,40,63,0,111,0,0,106,0,106,8,40,169,0,217,274,0,274,491
02/26/2013,ABE,PA,AEA,EN,Combined TRACON& Tower with Radar,8,39,38,0,85,0,2,58,0,60,8,41,96,0,145,166,0,166,311
02/27/2013,ABE,PA,AEA,EN,Combined TRACON& Tower with Radar,12,42,31,0,85,0,0,9,0,9,12,42,40,0,94,258,0,258,352
02/28/2013,ABE,PA,AEA,EN,Combined TRACON& Tower with Radar,10,50,44,0,104,0,1,54,0,55,10,51,98,0,159,414,0,414,573
03/01/2013,ABE,PA,AEA,EN,Combined TRACON& Tower with Radar,10,36,37,0,83,0,3,51,0,54,10,39,88,0,137,194,0,194,331
03/02/2013,ABE,PA,AEA,EN,Combined TRACON& Tower with Radar,6,27,36,0,69,0,1,57,0,58,6,28,93,0,127,192,0,192,319
03/03/2013,ABE,PA,AEA,EN,Combined TRACON& Tower with Radar,6,33,24,0,63,0,0,51,0,51,6,33,75,0,114,129,0,129,243
03/04/2013,ABE,PA,AEA,EN,Combined TRACON& Tower with Radar,8,37,29,9,83,0,0,39,1,40,8,37,68,10,123,145,0,145,268
03/05/2013,ABE,PA,AEA,EN,Combined TRACON& Tower with Radar,11,45,50,0,106,0,1,106,1,108,11,46,156,1,214,362,0,362,576
03/06/2013,ABE,PA,AEA,EN,Combined TRACON& Tower with Radar,18,35,7,0,60,0,0,0,0,0,18,35,7,0,60,0,0,0,60
03/07/2013,ABE,PA,AEA,EN,Combined TRACON& Tower with Radar,13,40,18,0,71,0,0,30,2,32,13,40,48,2,103,99,0,99,202
03/08/2013,ABE,PA,AEA,EN,Combined TRACON& Tower with Radar,15,48,24,0,87,0,0,3,0,3,15,48,27,0,90,78,0,78,168
03/09/2013,ABE,PA,AEA,EN,Combined TRACON& Tower with Radar,8,25,54,0,87,0,4,150,2,156,8,29,204,2,243,328,0,328,571
03/10/2013,ABE,PA,AEA,EN,Combined TRACON& Tower with Radar,6,33,38,1,78,0,1,89,0,90,6,34,127,1,168,344,0,344,512
03/11/2013,ABE,PA,AEA,EN,Combined TRACON& Tower with Radar,9,41,49,0,99,0,0,46,0,46,9,41,95,0,145,230,0,230,375
03/12/2013,ABE,PA,AEA,EN,Combined TRACON& Tower with Radar,15,33,23,0,71,0,0,7,0,7,15,33,30,0,78,46,0,46,124
03/13/2013,ABE,PA,AEA,EN,Combined TRACON& Tower with Radar,13,43,48,7,111,0,4,79,0,83,13,47,127,7,194,330,16,346,540
03/14/2013,ABE,PA,AEA,EN,Combined TRACON& Tower with Radar,13,42,27,0,82,0,3,28,0,31,13,45,55,0,113,153,0,153,266
03/15/2013,ABE,PA,AEA,EN,Combined TRACON& Tower with Radar,13,41,43,0,97,0,1,54,2,57,13,42,97,2,154,168,0,168,322
03/16/2013,ABE,PA,AEA,EN,Combined TRACON& Tower with Radar,12,37,27,0,76,0,0,7,0,7,12,37,34,0,83,34,0,34,117
03/17/2013,ABE,PA,AEA,EN,Combined TRACON& Tower with Radar,7,36,50,0,93,0,1,72,0,73,7,37,122,0,166,212,0,212,378
03/18/2013,ABE,PA,AEA,EN,Combined TRACON& Tower with Radar,7,39,32,12,90,0,2,29,0,31,7,41,61,12,121,136,0,136,257
03/19/2013,ABE,PA,AEA,EN,Combined TRACON& Tower with Radar,13,45,23,0,81,0,0,29,0,29,13,45,52,0,110,150,0,150,260
03/20/2013,ABE,PA,AEA,EN,Combined TRACON& Tower with Radar,17,40,38,0,95,0,2,55,0,57,17,42,93,0,152,132,0,132,284
03/21/2013,ABE,PA,AEA,EN,Combined TRACON& Tower with Radar,20,46,39,1,106,0,1,78,1,80,20,47,117,2,186,230,0,230,416
03/22/2013,ABE,PA,AEA,EN,Combined TRACON& Tower with Radar,13,47,35,0,95,0,0,55,0,55,13,47,90,0,150,240,0,240,390
03/23/2013,ABE,PA,AEA,EN,Combined TRACON& Tower with Radar,8,30,39,0,77,0,3,70,0,73,8,33,109,0,150,150,0,150,300
03/24/2013,ABE,PA,AEA,EN,Combined TRACON& Tower with Radar,4,35,52,0,91,0,4,90,0,94,4,39,142,0,185,190,0,190,375
03/25/2013,ABE,PA,AEA,EN,Combined TRACON& Tower with Radar,15,37,9,0,61,0,0,0,0,0,15,37,9,0,61,0,0,0,61
03/26/2013,ABE,PA,AEA,EN,Combined TRACON& Tower with Radar,10,45,56,3,114,0,1,76,1,78,10,46,132,4,192,302,0,302,494
03/27/2013,ABE,PA,AEA,EN,Combined TRACON& Tower with Radar,14,42,47,0,103,0,4,67,0,71,14,46,114,0,174,316,0,316,490
03/28/2013,ABE,PA,AEA,EN,Combined TRACON& Tower with Radar,11,44,64,0,119,0,0,88,0,88,11,44,152,0,207,170,0,170,377
03/29/2013,ABE,PA,AEA,EN,Combined TRACON& Tower with Radar,14,37,50,1,102,0,2,78,0,80,14,39,128,1,182,229,0,229,411
03/30/2013,ABE,PA,AEA,EN,Combined TRACON& Tower with Radar,10,28,31,0,69,0,3,105,0,108,10,31,136,0,177,203,0,203,380
03/31/2013,ABE,PA,AEA,EN,Combined TRACON& Tower with Radar,6,40,27,0,73,0,0,19,0,19,6,40,46,0,92,16,0,16,108
04/01/2013,ABE,PA,AEA,EN,Combined TRACON& Tower with Radar,11,35,35,4,85,0,0,30,0,30,11,35,65,4,115,46,0,46,161
04/02/2013,ABE,PA,AEA,EN,Combined TRACON& Tower with Radar,14,39,39,0,92,0,1,69,0,70,14,40,108,0,162,187,0,187,349
04/03/2013,ABE,PA,AEA,EN,Combined TRACON& Tower with Radar,14,41,19,9,83,0,0,56,1,57,14,41,75,10,140,150,0,150,290
04/04/2013,ABE,PA,AEA,EN,Combined TRACON& Tower with Radar,11,37,60,0,108,0,0,108,0,108,11,37,168,0,216,425,0,425,641
04/05/2013,ABE,PA,AEA,EN,Combined TRACON& Tower with Radar,14,42,32,0,88,0,1,61,0,62,14,43,93,0,150,166,0,166,316
04/06/2013,ABE,PA,AEA,EN,Combined TRACON& Tower with Radar,9,24,33,0,66,0,2,133,0,135,9,26,166,0,201,236,0,236,437
04/07/2013,ABE,PA,AEA,EN,Combined TRACON& Tower with Radar,7,35,26,0,68,0,4,66,0,70,7,39,92,0,138,204,0,204,342
04/08/2013,ABE,PA,AEA,EN,Combined TRACON& Tower with Radar,10,40,43,2,95,0,1,99,1,101,10,41,142,3,196,373,0,373,569
04/09/2013,ABE,PA,AEA,EN,Combined TRACON& Tower with Radar,8,39,38,0,85,0,0,78,0,78,8,39,116,0,163,146,0,146,309
04/10/2013,ABE,PA,AEA,EN,Combined TRACON& Tower with Radar,9,47,42,0,98,0,0,75,0,75,9,47,117,0,173,191,0,191,364
04/11/2013,ABE,PA,AEA,EN,Combined TRACON& Tower with Radar,12,36,66,1,115,0,1,6,1,8,12,37,72,2,123,126,0,126,249
04/12/2013,ABE,PA,AEA,EN,Combined TRACON& Tower with Radar,12,41,19,0,72,0,0,0,0,0,12,41,19,0,72,0,0,0,72
04/13/2013,ABE,PA,AEA,EN,Combined TRACON& Tower with Radar,5,27,32,0,64,0,4,56,1,61,5,31,88,1,125,128,0,128,253
04/14/2013,ABE,PA,AEA,EN,Combined TRACON& Tower with Radar,5,41,25,0,71,0,1,70,0,71,5,42,95,0,142,274,0,274,416
04/15/2013,ABE,PA,AEA,EN,Combined TRACON& Tower with Radar,10,41,39,2,92,0,1,84,0,85,10,42,123,2,177,326,0,326,503
04/16/2013,ABE,PA,AEA,EN,Combined TRACON& Tower with Radar,8,39,65,3,115,0,0,53,1,54,8,39,118,4,169,262,2,264,433
04/17/2013,ABE,PA,AEA,EN,Combined TRACON& Tower with Radar,14,35,51,3,103,0,0,93,0,93,14,35,144,3,196,293,0,293,489
04/18/2013,ABE,PA,AEA,EN,Combined TRACON& Tower with Radar,12,36,66,1,115,0,0,27,0,27,12,36,93,1,142,72,0,72,214
04/19/2013,ABE,PA,AEA,EN,Combined TRACON& Tower with Radar,13,44,39,0,96,0,0,5,0,5,13,44,44,0,101,36,0,36,137
04/20/2013,ABE,PA,AEA,EN,Combined TRACON& Tower with Radar,6,28,19,0,53,0,1,59,0,60,6,29,78,0,113,264,0,264,377
04/21/2013,ABE,PA,AEA,EN,Combined TRACON& Tower with Radar,7,41,34,1,83,0,2,83,1,86,7,43,117,2,169,219,0,219,388
04/22/2013,ABE,PA,AEA,EN,Combined TRACON& Tower with Radar,12,52,23,8,95,0,0,51,0,51,12,52,74,8,146,164,0,164,310
04/23/2013,ABE,PA,AEA,EN,Combined TRACON& Tower with Radar,11,34,66,0,111,0,0,45,0,45,11,34,111,0,156,190,0,190,346
04/24/2013,ABE,PA,AEA,EN,Combined TRACON& Tower with Radar,12,53,31,1,97,0,4,54,2,60,12,57,85,3,157,268,0,268,425
04/25/2013,ABE,PA,AEA,EN,Combined TRACON& Tower with Radar,10,43,39,0,92,0,3,61,0,64,10,46,100,0,156,206,0,206,362
04/26/2013,ABE,PA,AEA,EN,Combined TRACON& Tower with Radar,12,41,45,0,98,0,2,78,0,80,12,43,123,0,178,232,0,232,410
04/27/2013,ABE,PA,AEA,EN,Combined TRACON& Tower with Radar,6,25,23,0,54,0,1,84,1,86,6,26,107,1,140,241,0,241,381
04/28/2013,ABE,PA,AEA,EN,Combined TRACON& Tower with Radar,7,41,29,0,77,0,3,75,0,78,7,44,104,0,155,220,0,220,375
04/29/2013,ABE,PA,AEA,EN,Combined TRACON& Tower with Radar,12,42,36,0,90,0,0,0,0,0,12,42,36,0,90,20,0,20,110
04/30/2013,ABE,PA,AEA,EN,Combined TRACON& Tower with Radar,8,39,55,2,104,0,1,49,0,50,8,40,104,2,154,252,0,252,406
05/01/2013,ABE,PA,AEA,EN,Combined TRACON& Tower with Radar,12,37,37,1,87,0,0,87,2,89,12,37,124,3,176,264,0,264,440
05/02/2013,ABE,PA,AEA,EN,Combined TRACON& Tower with Radar,10,40,40,0,90,0,3,86,0,89,10,43,126,0,179,310,0,310,489
05/03/2013,ABE,PA,AEA,EN,Combined TRACON& Tower with Radar,13,36,43,0,92,0,1,64,0,65,13,37,107,0,157,176,0,176,333
05/04/2013,ABE,PA,AEA,EN,Combined TRACON& Tower with Radar,6,24,30,0,60,0,1,84,0,85,6,25,114,0,145,265,0,265,410
05/05/2013,ABE,PA,AEA,EN,Combined TRACON& Tower with Radar,4,37,65,0,106,0,2,82,0,84,4,39,147,0,190,182,0,182,372
05/06/2013,ABE,PA,AEA,EN,Combined TRACON& Tower with Radar,12,38,60,0,110,0,2,46,0,48,12,40,106,0,158,232,0,232,390
05/07/2013,ABE,PA,AEA,EN,Combined TRACON& Tower with Radar,10,50,48,3,111,0,2,33,0,35,10,52,81,3,146,130,26,156,302
05/08/2013,ABE,PA,AEA,EN,Combined TRACON& Tower with Radar,15,47,35,2,99,0,0,9,0,9,15,47,44,2,108,10,0,10,118
05/09/2013,ABE,PA,AEA,EN,Combined TRACON& Tower with Radar,12,46,44,4,106,0,0,15,0,15,12,46,59,4,121,132,0,132,253
05/10/2013,ABE,PA,AEA,EN,Combined TRACON& Tower with Radar,14,33,48,6,101,0,1,72,3,76,14,34,120,9,177,238,0,238,415
05/11/2013,ABE,PA,AEA,EN,Combined TRACON& Tower with Radar,11,39,23,0,73,0,2,3,0,5,11,41,26,0,78,64,0,64,142
05/12/2013,ABE,PA,AEA,EN,Combined TRACON& Tower with Radar,5,34,26,0,65,0,0,58,0,58,5,34,84,0,123,104,0,104,227
05/13/2013,ABE,PA,AEA,EN,Combined TRACON& Tower with Radar,13,39,38,0,90,0,0,67,0,67,13,39,105,0,157,140,0,140,297
05/14/2013,ABE,PA,AEA,EN,Combined TRACON& Tower with Radar,8,47,46,0,101,0,1,100,0,101,8,48,146,0,202,268,0,268,470
05/15/2013,ABE,PA,AEA,EN,Combined TRACON& Tower with Radar,11,45,55,0,111,0,0,73,0,73,11,45,128,0,184,136,0,136,320
05/16/2013,ABE,PA,AEA,EN,Combined TRACON& Tower with Radar,11,36,57,13,117,0,4,61,0,65,11,40,118,13,182,284,0,284,466
05/17/2013,ABE,PA,AEA,EN,Combined TRACON& Tower with Radar,15,40,43,10,108,0,2,106,0,108,15,42,149,10,216,152,0,152,368
05/18/2013,ABE,PA,AEA,EN,Combined TRACON& Tower with Radar,6,24,36,0,66,0,0,83,0,83,6,24,119,0,149,224,0,224,373
05/19/2013,ABE,PA,AEA,EN,Combined TRACON& Tower with Radar,4,34,48,0,86,0,0,0,0,0,4,34,48,0,86,0,0,0,86
05/20/2013,ABE,PA,AEA,EN,Combined TRACON& Tower with Radar,13,40,65,0,118,0,0,27,0,27,13,40,92,0,145,114,0,114,259
05/21/2013,ABE,PA,AEA,EN,Combined TRACON& Tower with Radar,7,39,30,0,76,0,0,41,0,41,7,39,71,0,117,148,0,148,265
05/22/2013,ABE,PA,AEA,EN,Combined TRACON& Tower with Radar,15,32,59,0,106,0,1,43,0,44,15,33,102,0,150,138,0,138,288
05/23/2013,ABE,PA,AEA,EN,Combined TRACON& Tower with Radar,14,47,28,0,89,0,2,6,0,8,14,49,34,0,97,80,0,80,177
05/24/2013,ABE,PA,AEA,EN,Combined TRACON& Tower with Radar,13,38,38,0,89,0,0,2,0,2,13,38,40,0,91,0,0,0,91
05/25/2013,ABE,PA,AEA,EN,Combined TRACON& Tower with Radar,7,27,16,0,50,0,1,10,0,11,7,28,26,0,61,42,0,42,103
05/26/2013,ABE,PA,AEA,EN,Combined TRACON& Tower with Radar,6,31,14,0,51,0,0,27,0,27,6,31,41,0,78,114,0,114,192
05/27/2013,ABE,PA,AEA,EN,Combined TRACON& Tower with Radar,9,32,42,0,83,0,0,115,0,115,9,32,157,0,198,242,0,242,440
05/28/2013,ABE,PA,AEA,EN,Combined TRACON& Tower with Radar,8,43,43,0,94,0,0,9,0,9,8,43,52,0,103,31,0,31,134
05/29/2013,ABE,PA,AEA,EN,Combined TRACON& Tower with Radar,12,51,30,2,95,0,1,37,0,38,12,52,67,2,133,138,0,138,271
05/30/2013,ABE,PA,AEA,EN,Combined TRACON& Tower with Radar,10,43,55,2,110,0,1,119,0,120,10,44,174,2,230,360,0,360,590
05/31/2013,ABE,PA,AEA,EN,Combined TRACON& Tower with Radar,13,38,46,0,97,0,1,87,2,90,13,39,133,2,187,293,0,293,480
06/01/2013,ABE,PA,AEA,EN,Combined TRACON& Tower with Radar,7,26,35,0,68,0,4,90,0,94,7,30,125,0,162,202,0,202,364
06/02/2013,ABE,PA,AEA,EN,Combined TRACON& Tower with Radar,5,38,26,0,69,0,0,45,0,45,5,38,71,0,114,66,0,66,180
06/03/2013,ABE,PA,AEA,EN,Combined TRACON& Tower with Radar,17,38,37,0,92,0,1,46,0,47,17,39,83,0,139,158,0,158,297
06/04/2013,ABE,PA,AEA,EN,Combined TRACON& Tower with Radar,8,39,31,2,80,0,3,78,1,82,8,42,109,3,162,226,0,226,388
06/05/2013,ABE,PA,AEA,EN,Combined TRACON& Tower with Radar,13,43,50,0,106,0,1,95,0,96,13,44,145,0,202,294,0,294,496
06/06/2013,ABE,PA,AEA,EN,Combined TRACON& Tower with Radar,10,45,64,1,120,0,0,43,1,44,10,45,107,2,164,86,0,86,250
06/07/2013,ABE,PA,AEA,EN,Combined TRACON& Tower with Radar,12,44,21,0,77,0,0,0,0,0,12,44,21,0,77,0,0,0,77
06/08/2013,ABE,PA,AEA,EN,Combined TRACON& Tower with Radar,9,30,48,0,87,0,0,38,0,38,9,30,86,0,125,202,0,202,327
06/09/2013,ABE,PA,AEA,EN,Combined TRACON& Tower with Radar,7,42,37,0,86,0,2,73,0,75,7,44,110,0,161,352,0,352,513
06/10/2013,ABE,PA,AEA,EN,Combined TRACON& Tower with Radar,13,47,31,0,91,0,0,0,0,0,13,47,31,0,91,0,0,0,91
06/11/2013,ABE,PA,AEA,EN,Combined TRACON& Tower with Radar,11,44,45,0,100,0,2,30,0,32,11,46,75,0,132,110,0,110,242
06/12/2013,ABE,PA,AEA,EN,Combined TRACON& Tower with Radar,15,44,48,0,107,0,1,77,0,78,15,45,125,0,185,262,0,262,447
06/13/2013,ABE,PA,AEA,EN,Combined TRACON& Tower with Radar,11,49,16,0,76,0,0,2,0,2,11,49,18,0,78,0,0,0,78
06/14/2013,ABE,PA,AEA,EN,Combined TRACON& Tower with Radar,18,51,39,0,108,0,2,50,0,52,18,53,89,0,160,158,0,158,318
06/15/2013,ABE,PA,AEA,EN,Combined TRACON& Tower with Radar,8,31,43,0,82,0,1,99,0,100,8,32,142,0,182,292,4,296,478
06/16/2013,ABE,PA,AEA,EN,Combined TRACON& Tower with Radar,5,45,23,0,73,0,0,33,0,33,5,45,56,0,106,96,0,96,202
06/17/2013,ABE,PA,AEA,EN,Combined TRACON& Tower with Radar,23,42,32,0,97,0,3,61,0,64,23,45,93,0,161,96,0,96,257
06/18/2013,ABE,PA,AEA,EN,Combined TRACON& Tower with Radar,15,59,46,0,120,0,5,26,0,31,15,64,72,0,151,134,0,134,285
06/19/2013,ABE,PA,AEA,EN,Combined TRACON& Tower with Radar,14,40,52,0,106,0,2,87,0,89,14,42,139,0,195,225,0,225,420
06/20/2013,ABE,PA,AEA,EN,Combined TRACON& Tower with Radar,10,49,49,1,109,0,9,103,0,112,10,58,152,1,221,116,0,116,337
06/21/2013,ABE,PA,AEA,EN,Combined TRACON& Tower with Radar,13,42,43,4,102,0,0,78,0,78,13,42,121,4,180,271,0,271,451
06/22/2013,ABE,PA,AEA,EN,Combined TRACON& Tower with Radar,12,27,37,0,76,0,1,72,0,73,12,28,109,0,149,186,0,186,335
06/23/2013,ABE,PA,AEA,EN,Combined TRACON& Tower with Radar,5,40,27,0,72,0,0,67,0,67,5,40,94,0,139,220,0,220,359
06/24/2013,ABE,PA,AEA,EN,Combined TRACON& Tower with Radar,14,40,18,0,72,0,2,51,0,53,14,42,69,0,125,134,0,134,259
06/25/2013,ABE,PA,AEA,EN,Combined TRACON& Tower with Radar,10,48,36,2,96,0,1,45,0,46,10,49,81,2,142,270,0,270,412
06/26/2013,ABE,PA,AEA,EN,Combined TRACON& Tower with Radar,13,44,40,0,97,0,2,49,2,53,13,46,89,2,150,166,0,166,316
06/27/2013,ABE,PA,AEA,EN,Combined TRACON& Tower with Radar,12,40,38,0,90,0,1,44,0,45,12,41,82,0,135,108,0,108,243
06/28/2013,ABE,PA,AEA,EN,Combined TRACON& Tower with Radar,10,37,37,1,85,0,4,25,1,30,10,41,62,2,115,92,0,92,207
06/29/2013,ABE,PA,AEA,EN,Combined TRACON& Tower with Radar,12,30,26,0,68,0,1,38,0,39,12,31,64,0,107,132,0,132,239
06/30/2013,ABE,PA,AEA,EN,Combined TRACON& Tower with Radar,5,40,33,1,79,0,0,16,0,16,5,40,49,1,95,58,0,58,153
07/01/2013,ABE,PA,AEA,EN,Combined TRACON& Tower with Radar,15,33,18,0,66,0,0,1,0,1,15,33,19,0,67,0,0,0,67
07/02/2013,ABE,PA,AEA,EN,Combined TRACON& Tower with Radar,15,33,34,2,84,0,0,10,0,10,15,33,44,2,94,22,0,22,116
07/03/2013,ABE,PA,AEA,EN,Combined TRACON& Tower with Radar,21,43,83,6,153,0,1,13,0,14,21,44,96,6,167,194,0,194,361
07/04/2013,ABE,PA,AEA,EN,Combined TRACON& Tower with Radar,7,31,28,0,66,0,4,21,0,25,7,35,49,0,91,158,0,158,249
07/05/2013,ABE,PA,AEA,EN,Combined TRACON& Tower with Radar,14,33,31,0,78,0,7,49,0,56,14,40,80,0,134,140,0,140,274
07/06/2013,ABE,PA,AEA,EN,Combined TRACON& Tower with Radar,9,31,29,0,69,0,1,74,0,75,9,32,103,0,144,174,0,174,318
07/07/2013,ABE,PA,AEA,EN,Combined TRACON& Tower with Radar,9,45,30,0,84,0,2,63,2,67,9,47,93,2,151,154,0,154,305
07/08/2013,ABE,PA,AEA,EN,Combined TRACON& Tower with Radar,14,42,71,0,127,0,3,68,0,71,14,45,139,0,198,260,0,260,458
07/09/2013,ABE,PA,AEA,EN,Combined TRACON& Tower with Radar,12,42,44,0,98,0,0,52,0,52,12,42,96,0,150,205,0,205,355
07/10/2013,ABE,PA,AEA,EN,Combined TRACON& Tower with Radar,16,39,50,0,105,0,0,34,0,34,16,39,84,0,139,113,0,113,252
07/11/2013,ABE,PA,AEA,EN,Combined TRACON& Tower with Radar,7,39,31,0,77,0,1,57,0,58,7,40,88,0,135,280,0,280,415
07/12/2013,ABE,PA,AEA,EN,Combined TRACON& Tower with Radar,12,41,56,13,122,0,6,39,3,48,12,47,95,16,170,34,0,34,204
07/13/2013,ABE,PA,AEA,EN,Combined TRACON& Tower with Radar,11,32,43,1,87,0,0,16,1,17,11,32,59,2,104,46,0,46,150
07/14/2013,ABE,PA,AEA,EN,Combined TRACON& Tower with Radar,7,38,37,0,82,0,0,42,0,42,7,38,79,0,124,206,0,206,330
07/15/2013,ABE,PA,AEA,EN,Combined TRACON& Tower with Radar,14,40,23,0,77,0,3,74,0,77,14,43,97,0,154,226,0,226,380
07/16/2013,ABE,PA,AEA,EN,Combined TRACON& Tower with Radar,12,45,41,4,102,0,3,87,0,90,12,48,128,4,192,349,0,349,541
07/17/2013,ABE,PA,AEA,EN,Combined TRACON& Tower with Radar,16,39,58,5,118,0,7,88,1,96,16,46,146,6,214,230,0,230,444
07/18/2013,ABE,PA,AEA,EN,Combined TRACON& Tower with Radar,12,37,46,0,95,0,6,77,0,83,12,43,123,0,178,196,0,196,374
07/19/2013,ABE,PA,AEA,EN,Combined TRACON& Tower with Radar,15,36,25,1,77,0,1,42,2,45,15,37,67,3,122,196,0,196,318
07/20/2013,ABE,PA,AEA,EN,Combined TRACON& Tower with Radar,11,26,20,0,57,0,2,45,0,47,11,28,65,0,104,62,0,62,166
07/21/2013,ABE,PA,AEA,EN,Combined TRACON& Tower with Radar,9,39,43,0,91,0,5,79,0,84,9,44,122,0,175,204,0,204,379
07/22/2013,ABE,PA,AEA,EN,Combined TRACON& Tower with Radar,16,39,24,10,89,0,0,32,0,32,16,39,56,10,121,92,0,92,213
07/23/2013,ABE,PA,AEA,EN,Combined TRACON& Tower with Radar,13,37,37,0,87,0,0,24,0,24,13,37,61,0,111,146,0,146,257
07/24/2013,ABE,PA,AEA,EN,Combined TRACON& Tower with Radar,16,40,64,1,121,0,6,73,0,79,16,46,137,1,200,216,2,218,418
07/25/2013,ABE,PA,AEA,EN,Combined TRACON& Tower with Radar,14,56,43,0,113,0,1,70,0,71,14,57,113,0,184,208,0,208,392
07/26/2013,ABE,PA,AEA,EN,Combined TRACON& Tower with Radar,15,50,28,0,93,0,1,83,0,84,15,51,111,0,177,240,0,240,417
07/27/2013,ABE,PA,AEA,EN,Combined TRACON& Tower with Radar,9,24,37,0,70,0,0,90,0,90,9,24,127,0,160,200,0,200,360
07/28/2013,ABE,PA,AEA,EN,Combined TRACON& Tower with Radar,9,50,22,0,81,0,1,1,0,2,9,51,23,0,83,32,0,32,115
07/29/2013,ABE,PA,AEA,EN,Combined TRACON& Tower with Radar,13,40,49,0,102,0,4,71,0,75,13,44,120,0,177,312,0,312,489
07/30/2013,ABE,PA,AEA,EN,Combined TRACON& Tower with Radar,13,42,43,1,99,0,5,88,1,94,13,47,131,2,193,276,0,276,469
07/31/2013,ABE,PA,AEA,EN,Combined TRACON& Tower with Radar,16,41,31,0,88,0,3,80,0,83,16,44,111,0,171,130,0,130,301
08/01/2013,ABE,PA,AEA,EN,Combined TRACON& Tower with Radar,11,39,43,0,93,0,1,0,0,1,11,40,43,0,94,18,0,18,112
08/02/2013,ABE,PA,AEA,EN,Combined TRACON& Tower with Radar,16,37,40,0,93,0,1,79,0,80,16,38,119,0,173,80,0,80,253
08/03/2013,ABE,PA,AEA,EN,Combined TRACON& Tower with Radar,13,24,22,0,59,0,2,23,0,25,13,26,45,0,84,368,0,368,452
08/04/2013,ABE,PA,AEA,EN,Combined TRACON& Tower with Radar,7,39,51,6,103,0,3,87,1,91,7,42,138,7,194,236,0,236,430
08/05/2013,ABE,PA,AEA,EN,Combined TRACON& Tower with Radar,14,37,31,0,82,0,4,91,0,95,14,41,122,0,177,236,0,236,413
08/06/2013,ABE,PA,AEA,EN,Combined TRACON& Tower with Radar,13,38,33,4,88,0,3,72,1,76,13,41,105,5,164,366,0,366,530
08/07/2013,ABE,PA,AEA,EN,Combined TRACON& Tower with Radar,16,33,38,0,87,0,0,3,2,5,16,33,41,2,92,116,0,116,208
08/08/2013,ABE,PA,AEA,EN,Combined TRACON& Tower with Radar,16,39,30,0,85,0,2,4,0,6,16,41,34,0,91,88,0,88,179
08/09/2013,ABE,PA,AEA,EN,Combined TRACON& Tower with Radar,17,42,25,4,88,0,4,6,0,10,17,46,31,4,98,134,0,134,232
08/10/2013,ABE,PA,AEA,EN,Combined TRACON& Tower with Radar,10,22,23,0,55,0,4,88,1,93,10,26,111,1,148,349,0,349,497
08/11/2013,ABE,PA,AEA,EN,Combined TRACON& Tower with Radar,8,39,27,0,74,0,3,73,0,76,8,42,100,0,150,262,0,262,412
08/12/2013,ABE,PA,AEA,EN,Combined TRACON& Tower with Radar,13,33,23,0,69,0,0,75,0,75,13,33,98,0,144,234,0,234,378
08/13/2013,ABE,PA,AEA,EN,Combined TRACON& Tower with Radar,11,35,24,0,70,0,1,23,0,24,11,36,47,0,94,156,0,156,250
08/14/2013,ABE,PA,AEA,EN,Combined TRACON& Tower with Radar,10,33,40,4,87,0,2,80,0,82,10,35,120,4,169,374,0,374,543
08/15/2013,ABE,PA,AEA,EN,Combined TRACON& Tower with Radar,10,40,52,4,106,0,3,110,1,114,10,43,162,5,220,330,0,330,550
08/16/2013,ABE,PA,AEA,EN,Combined TRACON& Tower with Radar,13,35,53,2,103,0,1,99,2,102,13,36,152,4,205,172,0,172,377
08/17/2013,ABE,PA,AEA,EN,Combined TRACON& Tower with Radar,10,24,23,0,57,0,4,73,0,77,10,28,96,0,134,360,0,360,494
08/18/2013,ABE,PA,AEA,EN,Combined TRACON& Tower with Radar,7,35,47,0,89,0,0,46,0,46,7,35,93,0,135,100,0,100,235
08/19/2013,ABE,PA,AEA,EN,Combined TRACON& Tower with Radar,12,40,36,0,88,0,3,77,0,80,12,43,113,0,168,315,0,315,483
08/20/2013,ABE,PA,AEA,EN,Combined TRACON& Tower with Radar,12,42,43,2,99,0,2,75,0,77,12,44,118,2,176,258,0,258,434
08/21/2013,ABE,PA,AEA,EN,Combined TRACON& Tower with Radar,12,36,29,0,77,0,0,56,0,56,12,36,85,0,133,104,0,104,237
08/22/2013,ABE,PA,AEA,EN,Combined TRACON& Tower with Radar,12,38,37,6,93,0,0,19,0,19,12,38,56,6,112,26,0,26,138
08/23/2013,ABE,PA,AEA,EN,Combined TRACON& Tower with Radar,13,36,22,0,71,0,0,38,2,40,13,36,60,2,111,106,0,106,217
08/24/2013,ABE,PA,AEA,EN,Combined TRACON& Tower with Radar,7,22,12,0,41,0,4,56,2,62,7,26,68,2,103,84,0,84,187
08/25/2013,ABE,PA,AEA,EN,Combined TRACON& Tower with Radar,6,38,24,0,68,0,4,48,2,54,6,42,72,2,122,4,0,4,126
08/26/2013,ABE,PA,AEA,EN,Combined TRACON& Tower with Radar,12,38,27,0,77,0,0,47,0,47,12,38,74,0,124,106,0,106,230
08/27/2013,ABE,PA,AEA,EN,Combined TRACON& Tower with Radar,10,40,28,2,80,0,1,52,0,53,10,41,80,2,133,184,0,184,317
08/28/2013,ABE,PA,AEA,EN,Combined TRACON& Tower with Radar,16,40,40,0,96,0,0,2,0,2,16,40,42,0,98,0,0,0,98
08/29/2013,ABE,PA,AEA,EN,Combined TRACON& Tower with Radar,11,36,37,2,86,0,0,31,0,31,11,36,68,2,117,80,0,80,197
08/30/2013,ABE,PA,AEA,EN,Combined TRACON& Tower with Radar,14,33,59,10,116,0,0,31,0,31,14,33,90,10,147,196,0,196,343
08/31/2013,ABE,PA,AEA,EN,Combined TRACON& Tower with Radar,8,19,43,3,73,0,0,34,1,35,8,19,77,4,108,158,0,158,266
09/01/2013,ABE,PA,AEA,EN,Combined TRACON& Tower with Radar,13,26,20,0,59,0,1,2,0,3,13,27,22,0,62,38,0,38,100
09/02/2013,ABE,PA,AEA,EN,Combined TRACON& Tower with Radar,14,30,12,0,56,0,0,4,0,4,14,30,16,0,60,0,0,0,60
09/03/2013,ABE,PA,AEA,EN,Combined TRACON& Tower with Radar,9,36,40,0,85,0,0,70,0,70,9,36,110,0,155,185,0,185,340
09/04/2013,ABE,PA,AEA,EN,Combined TRACON& Tower with Radar,10,39,44,2,95,0,3,99,0,102,10,42,143,2,197,302,0,302,499
09/05/2013,ABE,PA,AEA,EN,Combined TRACON& Tower with Radar,11,40,37,0,88,0,1,69,0,70,11,41,106,0,158,234,0,234,392
09/06/2013,ABE,PA,AEA,EN,Combined TRACON& Tower with Radar,13,37,45,2,97,0,1,75,1,77,13,38,120,3,174,274,0,274,448
09/07/2013,ABE,PA,AEA,EN,Combined TRACON& Tower with Radar,6,24,33,0,63,0,3,79,0,82,6,27,112,0,145,264,0,264,409
09/08/2013,ABE,PA,AEA,EN,Combined TRACON& Tower with Radar,5,37,23,0,65,0,2,40,1,43,5,39,63,1,108,76,0,76,184
09/09/2013,ABE,PA,AEA,EN,Combined TRACON& Tower with Radar,8,35,33,0,76,0,2,51,0,53,8,37,84,0,129,179,0,179,308
09/10/2013,ABE,PA,AEA,EN,Combined TRACON& Tower with Radar,9,42,27,0,78,0,0,32,0,32,9,42,59,0,110,194,0,194,304
09/11/2013,ABE,PA,AEA,EN,Combined TRACON& Tower with Radar,16,38,38,0,92,0,1,27,0,28,16,39,65,0,120,20,0,20,140
09/12/2013,ABE,PA,AEA,EN,Combined TRACON& Tower with Radar,8,35,29,7,79,0,2,7,0,9,8,37,36,7,88,193,0,193,281
09/13/2013,ABE,PA,AEA,EN,Combined TRACON& Tower with Radar,12,37,21,0,70,0,2,43,0,45,12,39,64,0,115,154,0,154,269
09/14/2013,ABE,PA,AEA,EN,Combined TRACON& Tower with Radar,9,20,20,0,49,0,0,49,0,49,9,20,69,0,98,192,0,192,290
09/15/2013,ABE,PA,AEA,EN,Combined TRACON& Tower with Radar,6,32,32,0,70,0,2,92,0,94,6,34,124,0,164,234,0,234,398
09/16/2013,ABE,PA,AEA,EN,Combined TRACON& Tower with Radar,11,31,19,0,61,0,2,35,0,37,11,33,54,0,98,156,0,156,254
09/17/2013,ABE,PA,AEA,EN,Combined TRACON& Tower with Radar,9,38,32,1,80,0,2,81,1,84,9,40,113,2,164,172,0,172,336
09/18/2013,ABE,PA,AEA,EN,Combined TRACON& Tower with Radar,10,39,38,0,87,0,1,68,0,69,10,40,106,0,156,331,0,331,487
09/19/2013,ABE,PA,AEA,EN,Combined TRACON& Tower with Radar,9,37,37,0,83,0,0,67,0,67,9,37,104,0,150,174,0,174,324
09/20/2013,ABE,PA,AEA,EN,Combined TRACON& Tower with Radar,7,40,58,2,107,0,1,79,0,80,7,41,137,2,187,231,0,231,418
09/21/2013,ABE,PA,AEA,EN,Combined TRACON& Tower with Radar,10,33,30,0,73,0,0,22,0,22,10,33,52,0,95,70,0,70,165
09/22/2013,ABE,PA,AEA,EN,Combined TRACON& Tower with Radar,7,29,20,0,56,0,0,34,0,34,7,29,54,0,90,186,0,186,276
09/23/2013,ABE,PA,AEA,EN,Combined TRACON& Tower with Radar,8,33,39,4,84,0,1,63,0,64,8,34,102,4,148,178,0,178,326
09/24/2013,ABE,PA,AEA,EN,Combined TRACON& Tower with Radar,8,37,40,6,91,0,2,55,1,58,8,39,95,7,149,222,0,222,371
09/25/2013,ABE,PA,AEA,EN,Combined TRACON& Tower with Radar,10,36,48,0,94,0,1,73,0,74,10,37,121,0,168,226,0,226,394
09/26/2013,ABE,PA,AEA,EN,Combined TRACON& Tower with Radar,10,38,69,0,117,0,1,60,1,62,10,39,129,1,179,156,0,156,335
09/27/2013,ABE,PA,AEA,EN,Combined TRACON& Tower with Radar,11,46,47,0,104,0,1,80,0,81,11,47,127,0,185,183,0,183,368
09/28/2013,ABE,PA,AEA,EN,Combined TRACON& Tower with Radar,7,22,38,0,67,0,2,88,0,90,7,24,126,0,157,156,0,156,313
09/29/2013,ABE,PA,AEA,EN,Combined TRACON& Tower with Radar,6,41,43,0,90,0,2,65,0,67,6,43,108,0,157,134,0,134,291
09/30/2013,ABE,PA,AEA,EN,Combined TRACON& Tower with Radar,9,37,39,0,85,0,6,46,0,52,9,43,85,0,137,104,0,104,241
10/01/2013,ABE,PA,AEA,EN,Combined TRACON& Tower with Radar,7,39,38,0,84,0,10,57,0,67,7,49,95,0,151,209,0,209,360
10/02/2013,ABE,PA,AEA,EN,Combined TRACON& Tower with Radar,9,41,37,2,89,0,3,61,0,64,9,44,98,2,153,150,0,150,303
10/03/2013,ABE,PA,AEA,EN,Combined TRACON& Tower with Radar,7,39,53,0,99,0,1,80,0,81,7,40,133,0,180,238,0,238,418
10/04/2013,ABE,PA,AEA,EN,Combined TRACON& Tower with Radar,12,42,47,0,101,0,1,31,0,32,12,43,78,0,133,86,0,86,219
10/05/2013,ABE,PA,AEA,EN,Combined TRACON& Tower with Radar,6,26,28,0,60,0,1,35,0,36,6,27,63,0,96,102,0,102,198
10/06/2013,ABE,PA,AEA,EN,Combined TRACON& Tower with Radar,2,36,56,0,94,0,0,2,0,2,2,36,58,0,96,0,0,0,96
10/07/2013,ABE,PA,AEA,EN,Combined TRACON& Tower with Radar,10,39,23,2,74,0,0,2,0,2,10,39,25,2,76,0,0,0,76
10/08/2013,ABE,PA,AEA,EN,Combined TRACON& Tower with Radar,7,34,42,0,83,0,7,78,0,85,7,41,120,0,168,116,0,116,284
10/09/2013,ABE,PA,AEA,EN,Combined TRACON& Tower with Radar,9,40,32,8,89,0,1,71,0,72,9,41,103,8,161,206,0,206,367
10/10/2013,ABE,PA,AEA,EN,Combined TRACON& Tower with Radar,8,33,41,0,82,0,0,3,0,3,8,33,44,0,85,61,0,61,146
10/11/2013,ABE,PA,AEA,EN,Combined TRACON& Tower with Radar,13,54,36,0,103,0,1,0,0,1,13,55,36,0,104,2,0,2,106
10/12/2013,ABE,PA,AEA,EN,Combined TRACON& Tower with Radar,6,23,20,0,49,0,0,48,0,48,6,23,68,0,97,79,0,79,176
10/13/2013,ABE,PA,AEA,EN,Combined TRACON& Tower with Radar,3,37,28,0,68,0,0,49,2,51,3,37,77,2,119,200,0,200,319
10/14/2013,ABE,PA,AEA,EN,Combined TRACON& Tower with Radar,11,44,36,0,91,0,5,64,0,69,11,49,100,0,160,272,0,272,432
10/15/2013,ABE,PA,AEA,EN,Combined TRACON& Tower with Radar,6,43,38,0,87,0,4,59,2,65,6,47,97,2,152,162,0,162,314
10/16/2013,ABE,PA,AEA,EN,Combined TRACON& Tower with Radar,9,43,45,0,97,0,2,3,0,5,9,45,48,0,102,130,0,130,232
10/17/2013,ABE,PA,AEA,EN,Combined TRACON& Tower with Radar,6,35,52,0,93,0,3,18,0,21,6,38,70,0,114,153,0,153,267
10/18/2013,ABE,PA,AEA,EN,Combined TRACON& Tower with Radar,17,38,37,0,92,0,3,47,0,50,17,41,84,0,142,156,0,156,298
10/19/2013,ABE,PA,AEA,EN,Combined TRACON& Tower with Radar,6,20,35,0,61,0,4,66,0,70,6,24,101,0,131,152,0,152,283
10/20/2013,ABE,PA,AEA,EN,Combined TRACON& Tower with Radar,3,36,42,0,81,0,2,65,0,67,3,38,107,0,148,152,0,152,300
10/21/2013,ABE,PA,AEA,EN,Combined TRACON& Tower with Radar,11,31,42,0,84,0,4,48,0,52,11,35,90,0,136,211,0,211,347
10/22/2013,ABE,PA,AEA,EN,Combined TRACON& Tower with Radar,8,38,46,0,92,0,2,54,0,56,8,40,100,0,148,228,0,228,376
10/23/2013,ABE,PA,AEA,EN,Combined TRACON& Tower with Radar,9,37,33,0,79,0,0,56,0,56,9,37,89,0,135,200,0,200,335
10/24/2013,ABE,PA,AEA,EN,Combined TRACON& Tower with Radar,8,41,25,0,74,0,0,46,0,46,8,41,71,0,120,208,0,208,328
10/25/2013,ABE,PA,AEA,EN,Combined TRACON& Tower with Radar,11,44,23,0,78,0,0,42,0,42,11,44,65,0,120,182,0,182,302
10/26/2013,ABE,PA,AEA,EN,Combined TRACON& Tower with Radar,6,26,23,0,55,0,0,46,0,46,6,26,69,0,101,62,0,62,163
10/27/2013,ABE,PA,AEA,EN,Combined TRACON& Tower with Radar,3,37,29,0,69,0,6,49,0,55,3,43,78,0,124,200,0,200,324
10/28/2013,ABE,PA,AEA,EN,Combined TRACON& Tower with Radar,12,33,20,0,65,0,1,69,0,70,12,34,89,0,135,174,0,174,309
10/29/2013,ABE,PA,AEA,EN,Combined TRACON& Tower with Radar,9,30,35,6,80,0,1,95,0,96,9,31,130,6,176,144,0,144,320
10/30/2013,ABE,PA,AEA,EN,Combined TRACON& Tower with Radar,11,39,49,2,101,0,0,10,0,10,11,39,59,2,111,48,0,48,159
10/31/2013,ABE,PA,AEA,EN,Combined TRACON& Tower with Radar,13,47,34,0,94,0,0,1,0,1,13,47,35,0,95,2,0,2,97
11/01/2013,ABE,PA,AEA,EN,Combined TRACON& Tower with Radar,14,40,21,0,75,0,0,23,0,23,14,40,44,0,98,150,0,150,248
11/02/2013,ABE,PA,AEA,EN,Combined TRACON& Tower with Radar,6,21,51,0,78,0,0,91,2,93,6,21,142,2,171,268,0,268,439
11/03/2013,ABE,PA,AEA,EN,Combined TRACON& Tower with Radar,4,39,13,0,56,0,2,35,0,37,4,41,48,0,93,58,0,58,151
11/04/2013,ABE,PA,AEA,EN,Combined TRACON& Tower with Radar,8,36,36,4,84,0,3,77,0,80,8,39,113,4,164,242,31,273,437
11/05/2013,ABE,PA,AEA,EN,Combined TRACON& Tower with Radar,8,37,51,0,96,0,0,69,0,69,8,37,120,0,165,203,0,203,368
11/06/2013,ABE,PA,AEA,EN,Combined TRACON& Tower with Radar,10,42,46,0,98,0,5,70,0,75,10,47,116,0,173,208,0,208,381
11/07/2013,ABE,PA,AEA,EN,Combined TRACON& Tower with Radar,10,41,27,0,78,0,2,5,0,7,10,43,32,0,85,66,0,66,151
11/08/2013,ABE,PA,AEA,EN,Combined TRACON& Tower with Radar,11,42,31,0,84,0,2,49,0,51,11,44,80,0,135,30,0,30,165
11/09/2013,ABE,PA,AEA,EN,Combined TRACON& Tower with Radar,7,22,36,0,65,0,2,101,0,103,7,24,137,0,168,284,0,284,452
11/10/2013,ABE,PA,AEA,EN,Combined TRACON& Tower with Radar,4,44,17,0,65,0,0,27,0,27,4,44,44,0,92,32,0,32,124
11/11/2013,ABE,PA,AEA,EN,Combined TRACON& Tower with Radar,10,37,27,0,74,0,0,62,0,62,10,37,89,0,136,114,0,114,250
11/12/2013,ABE,PA,AEA,EN,Combined TRACON& Tower with Radar,8,39,23,0,70,0,3,26,0,29,8,42,49,0,99,50,0,50,149
11/13/2013,ABE,PA,AEA,EN,Combined TRACON& Tower with Radar,10,45,40,0,95,0,7,60,0,67,10,52,100,0,162,112,0,112,274
11/14/2013,ABE,PA,AEA,EN,Combined TRACON& Tower with Radar,9,46,50,1,106,0,4,75,1,80,9,50,125,2,186,252,0,252,438
11/15/2013,ABE,PA,AEA,EN,Combined TRACON& Tower with Radar,12,36,47,0,95,0,0,86,0,86,12,36,133,0,181,234,0,234,415
11/16/2013,ABE,PA,AEA,EN,Combined TRACON& Tower with Radar,7,25,26,0,58,0,0,87,0,87,7,25,113,0,145,208,0,208,353
11/17/2013,ABE,PA,AEA,EN,Combined TRACON& Tower with Radar,6,39,50,0,95,0,0,2,0,2,6,39,52,0,97,28,0,28,125
11/18/2013,ABE,PA,AEA,EN,Combined TRACON& Tower with Radar,12,34,30,2,78,0,0,34,0,34,12,34,64,2,112,67,0,67,179
11/19/2013,ABE,PA,AEA,EN,Combined TRACON& Tower with Radar,10,32,24,0,66,0,2,28,0,30,10,34,52,0,96,131,0,131,227
11/20/2013,ABE,PA,AEA,EN,Combined TRACON& Tower with Radar,11,36,41,4,92,0,0,83,0,83,11,36,124,4,175,262,0,262,437
11/21/2013,ABE,PA,AEA,EN,Combined TRACON& Tower with Radar,11,44,45,1,101,0,2,59,1,62,11,46,104,2,163,248,0,248,411
11/22/2013,ABE,PA,AEA,EN,Combined TRACON& Tower with Radar,13,45,52,2,112,0,0,17,0,17,13,45,69,2,129,261,0,261,390
11/23/2013,ABE,PA,AEA,EN,Combined TRACON& Tower with Radar,6,23,40,0,69,0,1,59,0,60,6,24,99,0,129,218,0,218,347
11/24/2013,ABE,PA,AEA,EN,Combined TRACON& Tower with Radar,7,36,17,0,60,0,2,10,0,12,7,38,27,0,72,45,0,45,117
11/25/2013,ABE,PA,AEA,EN,Combined TRACON& Tower with Radar,12,30,37,0,79,0,6,66,0,72,12,36,103,0,151,0,0,0,151
11/26/2013,ABE,PA,AEA,EN,Combined TRACON& Tower with Radar,12,37,27,0,76,0,0,3,0,3,12,37,30,0,79,172,0,172,251
11/27/2013,ABE,PA,AEA,EN,Combined TRACON& Tower with Radar,13,33,17,12,75,0,0,0,0,0,13,33,17,12,75,14,0,14,89
11/28/2013,ABE,PA,AEA,EN,Combined TRACON& Tower with Radar,6,17,5,0,28,0,0,2,0,2,6,17,7,0,30,0,0,0,30
11/29/2013,ABE,PA,AEA,EN,Combined TRACON& Tower with Radar,12,19,22,0,53,0,0,60,0,60,12,19,82,0,113,174,0,174,287
11/30/2013,ABE,PA,AEA,EN,Combined TRACON& Tower with Radar,7,30,39,0,76,0,5,55,0,60,7,35,94,0,136,149,0,149,285
12/01/2013,ABE,PA,AEA,EN,Combined TRACON& Tower with Radar,10,51,34,0,95,0,2,41,0,43,10,53,75,0,138,208,0,208,346
12/02/2013,ABE,PA,AEA,EN,Combined TRACON& Tower with Radar,12,36,17,0,65,0,0,42,0,42,12,36,59,0,107,117,0,117,224
12/03/2013,ABE,PA,AEA,EN,Combined TRACON& Tower with Radar,11,31,52,0,94,0,1,59,0,60,11,32,111,0,154,170,0,170,324
12/04/2013,ABE,PA,AEA,EN,Combined TRACON& Tower with Radar,12,32,55,0,99,0,0,35,0,35,12,32,90,0,134,188,0,188,322
12/05/2013,ABE,PA,AEA,EN,Combined TRACON& Tower with Radar,10,27,31,0,68,0,0,0,0,0,10,27,31,0,68,0,0,0,68
12/06/2013,ABE,PA,AEA,EN,Combined TRACON& Tower with Radar,10,32,23,0,65,0,0,1,0,1,10,32,24,0,66,0,0,0,66
12/07/2013,ABE,PA,AEA,EN,Combined TRACON& Tower with Radar,6,20,15,2,43,0,0,37,0,37,6,20,52,2,80,162,0,162,242
12/08/2013,ABE,PA,AEA,EN,Combined TRACON& Tower with Radar,13,34,22,0,69,0,2,22,0,24,13,36,44,0,93,20,0,20,113
12/09/2013,ABE,PA,AEA,EN,Combined TRACON& Tower with Radar,13,26,10,0,49,0,0,0,0,0,13,26,10,0,49,2,0,2,51
12/10/2013,ABE,PA,AEA,EN,Combined TRACON& Tower with Radar,12,29,14,0,55,0,0,5,0,5,12,29,19,0,60,16,0,16,76
12/11/2013,ABE,PA,AEA,EN,Combined TRACON& Tower with Radar,11,33,41,0,85,0,0,48,0,48,11,33,89,0,133,180,0,180,313
12/12/2013,ABE,PA,AEA,EN,Combined TRACON& Tower with Radar,13,39,27,2,81,0,0,58,2,60,13,39,85,4,141,192,0,192,333
12/13/2013,ABE,PA,AEA,EN,Combined TRACON& Tower with Radar,13,35,26,0,74,0,3,39,0,42,13,38,65,0,116,14,0,14,130
12/14/2013,ABE,PA,AEA,EN,Combined TRACON& Tower with Radar,5,17,1,0,23,0,0,0,0,0,5,17,1,0,23,229,0,229,252
12/15/2013,ABE,PA,AEA,EN,Combined TRACON& Tower with Radar,4,29,24,0,57,0,7,16,0,23,4,36,40,0,80,0,0,0,80
12/16/2013,ABE,PA,AEA,EN,Combined TRACON& Tower with Radar,12,38,29,0,79,0,1,53,0,54,12,39,82,0,133,160,0,160,293
12/17/2013,ABE,PA,AEA,EN,Combined TRACON& Tower with Radar,10,30,9,0,49,0,0,0,0,0,10,30,9,0,49,0,0,0,49
12/18/2013,ABE,PA,AEA,EN,Combined TRACON& Tower with Radar,11,35,35,0,81,0,5,64,2,71,11,40,99,2,152,228,0,228,380
12/19/2013,ABE,PA,AEA,EN,Combined TRACON& Tower with Radar,15,32,40,0,87,0,3,74,0,77,15,35,114,0,164,236,0,236,400
12/20/2013,ABE,PA,AEA,EN,Combined TRACON& Tower with Radar,16,40,37,0,93,0,0,73,0,73,16,40,110,0,166,232,0,232,398
12/21/2013,ABE,PA,AEA,EN,Combined TRACON& Tower with Radar,9,28,35,0,72,0,1,58,0,59,9,29,93,0,131,236,0,236,367
12/22/2013,ABE,PA,AEA,EN,Combined TRACON& Tower with Radar,6,30,26,0,62,0,1,5,0,6,6,31,31,0,68,14,0,14,82
12/23/2013,ABE,PA,AEA,EN,Combined TRACON& Tower with Radar,8,27,11,0,46,0,0,2,0,2,8,27,13,0,48,28,0,28,76
12/24/2013,ABE,PA,AEA,EN,Combined TRACON& Tower with Radar,9,21,13,0,43,0,2,34,0,36,9,23,47,0,79,82,0,82,161
12/25/2013,ABE,PA,AEA,EN,Combined TRACON& Tower with Radar,5,17,5,0,27,0,0,7,0,7,5,17,12,0,34,0,0,0,34
12/26/2013,ABE,PA,AEA,EN,Combined TRACON& Tower with Radar,11,40,23,0,74,0,1,11,0,12,11,41,34,0,86,74,0,74,160
12/27/2013,ABE,PA,AEA,EN,Combined TRACON& Tower with Radar,9,33,63,4,109,0,0,78,0,78,9,33,141,4,187,214,0,214,401
12/28/2013,ABE,PA,AEA,EN,Combined TRACON& Tower with Radar,5,32,39,1,77,0,2,68,0,70,5,34,107,1,147,166,0,166,313
12/29/2013,ABE,PA,AEA,EN,Combined TRACON& Tower with Radar,6,27,10,0,43,0,0,0,0,0,6,27,10,0,43,0,0,0,43
12/30/2013,ABE,PA,AEA,EN,Combined TRACON& Tower with Radar,10,25,25,0,60,0,4,33,0,37,10,29,58,0,97,46,0,46,143
12/31/2013,ABE,PA,AEA,EN,Combined TRACON& Tower with Radar,8,25,23,1,57,0,0,19,0,19,8,25,42,1,76,71,0,71,147
01/02/2014,ABE,PA,AEA,EN,Combined TRACON& Tower with Radar,6,30,16,0,52,0,2,0,0,2,6,32,16,0,54,0,0,0,54
01/03/2014,ABE,PA,AEA,EN,Combined TRACON& Tower with Radar,14,23,7,0,44,0,0,3,1,4,14,23,10,1,48,0,0,0,48
01/04/2014,ABE,PA,AEA,EN,Combined TRACON& Tower with Radar,5,31,30,0,66,0,4,73,0,77,5,35,103,0,143,138,0,138,281
01/05/2014,ABE,PA,AEA,EN,Combined TRACON& Tower with Radar,6,24,13,0,43,0,1,3,0,4,6,25,16,0,47,31,0,31,78
01/06/2014,ABE,PA,AEA,EN,Combined TRACON& Tower with Radar,9,27,20,0,56,0,2,0,0,2,9,29,20,0,58,36,0,36,94
01/07/2014,ABE,PA,AEA,EN,Combined TRACON& Tower with Radar,7,25,17,4,53,0,1,9,0,10,7,26,26,4,63,0,0,0,63
01/08/2014,ABE,PA,AEA,EN,Combined TRACON& Tower with Radar,9,28,29,2,68,0,2,72,2,76,9,30,101,4,144,306,0,306,450
01/09/2014,ABE,PA,AEA,EN,Combined TRACON& Tower with Radar,11,35,40,0,86,0,1,72,0,73,11,36,112,0,159,183,0,183,342
01/10/2014,ABE,PA,AEA,EN,Combined TRACON& Tower with Radar,14,33,14,0,61,0,0,0,0,0,14,33,14,0,61,0,0,0,61
01/11/2014,ABE,PA,AEA,EN,Combined TRACON& Tower with Radar,5,18,8,0,31,0,0,0,0,0,5,18,8,0,31,0,0,0,31
01/12/2014,ABE,PA,AEA,EN,Combined TRACON& Tower with Radar,6,25,43,0,74,0,4,57,0,61,6,29,100,0,135,150,0,150,285
01/13/2014,ABE,PA,AEA,EN,Combined TRACON& Tower with Radar,10,35,34,1,80,0,2,79,0,81,10,37,113,1,161,263,0,263,424
01/14/2014,ABE,PA,AEA,EN,Combined TRACON& Tower with Radar,7,29,24,2,62,0,0,0,0,0,7,29,24,2,62,0,0,0,62
01/15/2014,ABE,PA,AEA,EN,Combined TRACON& Tower with Radar,8,15,24,0,47,0,0,0,0,0,8,15,24,0,47,0,0,0,47
01/16/2014,ABE,PA,AEA,EN,Combined TRACON& Tower with Radar,9,45,52,0,106,0,2,53,0,55,9,47,105,0,161,266,0,266,427
01/17/2014,ABE,PA,AEA,EN,Combined TRACON& Tower with Radar,11,37,55,0,103,0,4,67,0,71,11,41,122,0,174,218,0,218,392
01/18/2014,ABE,PA,AEA,EN,Combined TRACON& Tower with Radar,5,23,18,0,46,0,0,21,0,21,5,23,39,0,67,178,0,178,245
01/19/2014,ABE,PA,AEA,EN,Combined TRACON& Tower with Radar,6,29,27,0,62,0,2,46,0,48,6,31,73,0,110,206,0,206,316
01/20/2014,ABE,PA,AEA,EN,Combined TRACON& Tower with Radar,10,39,32,0,81,0,2,43,0,45,10,41,75,0,126,180,0,180,306
01/21/2014,ABE,PA,AEA,EN,Combined TRACON& Tower with Radar,7,20,12,0,39,0,0,0,0,0,7,20,12,0,39,0,0,0,39
01/22/2014,ABE,PA,AEA,EN,Combined TRACON& Tower with Radar,11,35,18,0,64,0,2,21,0,23,11,37,39,0,87,162,0,162,249
01/23/2014,ABE,PA,AEA,EN,Combined TRACON& Tower with Radar,12,44,18,0,74,0,4,38,0,42,12,48,56,0,116,178,0,178,294
01/24/2014,ABE,PA,AEA,EN,Combined TRACON& Tower with Radar,11,36,36,0,83,0,2,59,1,62,11,38,95,1,145,249,0,249,394
01/25/2014,ABE,PA,AEA,EN,Combined TRACON& Tower with Radar,5,22,8,0,35,0,0,0,0,0,5,22,8,0,35,0,0,0,35
01/26/2014,ABE,PA,AEA,EN,Combined TRACON& Tower with Radar,4,25,24,0,53,0,2,37,1,40,4,27,61,1,93,208,0,208,301
01/27/2014,ABE,PA,AEA,EN,Combined TRACON& Tower with Radar,10,31,16,0,57,0,3,20,0,23,10,34,36,0,80,150,0,150,230
01/28/2014,ABE,PA,AEA,EN,Combined TRACON& Tower with Radar,7,43,34,2,86,0,1,39,0,40,7,44,73,2,126,244,0,244,370
01/29/2014,ABE,PA,AEA,EN,Combined TRACON& Tower with Radar,11,27,27,6,71,0,2,51,0,53,11,29,78,6,124,158,18,176,300
01/30/2014,ABE,PA,AEA,EN,Combined TRACON& Tower with Radar,6,34,45,2,87,0,1,76,2,79,6,35,121,4,166,0,0,0,166
01/31/2014,ABE,PA,AEA,EN,Combined TRACON& Tower with Radar,9,40,44,6,99,0,1,58,0,59,9,41,102,6,158,358,0,358,516
02/01/2014,ABE,PA,AEA,EN,Combined TRACON& Tower with Radar,7,20,36,0,63,0,1,90,0,91,7,21,126,0,154,288,0,288,442
02/02/2014,ABE,PA,AEA,EN,Combined TRACON& Tower with Radar,4,28,20,0,52,0,0,43,0,43,4,28,63,0,95,182,0,182,277
02/03/2014,ABE,PA,AEA,EN,Combined TRACON& Tower with Radar,11,28,11,0,50,0,0,0,0,0,11,28,11,0,50,0,0,0,50
02/04/2014,ABE,PA,AEA,EN,Combined TRACON& Tower with Radar,10,29,20,1,60,0,3,49,0,52,10,32,69,1,112,168,0,168,280
02/05/2014,ABE,PA,AEA,EN,Combined TRACON& Tower with Radar,12,23,1,0,36,0,0,0,0,0,12,23,1,0,36,0,0,0,36
02/06/2014,ABE,PA,AEA,EN,Combined TRACON& Tower with Radar,10,38,37,7,92,0,1,63,1,65,10,39,100,8,157,270,0,270,427
02/07/2014,ABE,PA,AEA,EN,Combined TRACON& Tower with Radar,12,37,21,0,70,0,1,58,2,61,12,38,79,2,131,88,0,88,219
02/08/2014,ABE,PA,AEA,EN,Combined TRACON& Tower with Radar,5,22,28,0,55,0,0,57,0,57,5,22,85,0,112,220,0,220,332
02/09/2014,ABE,PA,AEA,EN,Combined TRACON& Tower with Radar,6,38,7,0,51,0,1,31,0,32,6,39,38,0,83,98,0,98,181
02/10/2014,ABE,PA,AEA,EN,Combined TRACON& Tower with Radar,10,29,21,2,62,0,0,37,2,39,10,29,58,4,101,194,0,194,295
02/11/2014,ABE,PA,AEA,EN,Combined TRACON& Tower with Radar,13,29,36,0,78,0,1,39,0,40,13,30,75,0,118,176,0,176,294
02/12/2014,ABE,PA,AEA,EN,Combined TRACON& Tower with Radar,8,36,42,3,89,0,1,56,3,60,8,37,98,6,149,121,0,121,270
02/13/2014,ABE,PA,AEA,EN,Combined TRACON& Tower with Radar,5,8,4,0,17,0,0,0,0,0,5,8,4,0,17,0,0,0,17
02/14/2014,ABE,PA,AEA,EN,Combined TRACON& Tower with Radar,12,37,27,2,78,0,1,11,1,13,12,38,38,3,91,18,0,18,109
02/15/2014,ABE,PA,AEA,EN,Combined TRACON& Tower with Radar,4,23,21,0,48,0,1,0,0,1,4,24,21,0,49,0,0,0,49
02/16/2014,ABE,PA,AEA,EN,Combined TRACON& Tower with Radar,7,27,10,0,44,0,0,36,0,36,7,27,46,0,80,180,0,180,260
02/17/2014,ABE,PA,AEA,EN,Combined TRACON& Tower with Radar,11,37,25,0,73,0,1,52,0,53,11,38,77,0,126,112,0,112,238
02/18/2014,ABE,PA,AEA,EN,Combined TRACON& Tower with Radar,9,38,17,0,64,0,0,14,0,14,9,38,31,0,78,66,0,66,144
02/19/2014,ABE,PA,AEA,EN,Combined TRACON& Tower with Radar,10,46,12,0,68,0,1,5,0,6,10,47,17,0,74,20,0,20,94
02/20/2014,ABE,PA,AEA,EN,Combined TRACON& Tower with Radar,10,33,42,0,85,0,1,76,0,77,10,34,118,0,162,240,0,240,402
02/21/2014,ABE,PA,AEA,EN,Combined TRACON& Tower with Radar,7,35,33,2,77,0,0,6,0,6,7,35,39,2,83,0,0,0,83
02/22/2014,ABE,PA,AEA,EN,Combined TRACON& Tower with Radar,7,24,36,0,67,0,0,89,0,89,7,24,125,0,156,260,0,260,416
02/23/2014,ABE,PA,AEA,EN,Combined TRACON& Tower with Radar,6,29,34,0,69,0,0,90,0,90,6,29,124,0,159,146,0,146,305
02/24/2014,ABE,PA,AEA,EN,Combined TRACON& Tower with Radar,9,45,27,0,81,0,9,29,2,40,9,54,56,2,121,106,0,106,227
02/25/2014,ABE,PA,AEA,EN,Combined TRACON& Tower with Radar,8,36,31,6,81,0,4,21,0,25,8,40,52,6,106,50,0,50,156
02/26/2014,ABE,PA,AEA,EN,Combined TRACON& Tower with Radar,10,43,22,0,75,0,3,30,0,33,10,46,52,0,108,56,0,56,164
02/27/2014,ABE,PA,AEA,EN,Combined TRACON& Tower with Radar,10,38,21,0,69,0,2,15,0,17,10,40,36,0,86,64,0,64,150
02/28/2014,ABE,PA,AEA,EN,Combined TRACON& Tower with Radar,9,47,53,0,109,0,6,90,0,96,9,53,143,0,205,298,0,298,503
03/01/2014,ABE,PA,AEA,EN,Combined TRACON& Tower with Radar,7,17,26,0,50,0,2,66,0,68,7,19,92,0,118,248,0,248,366
03/02/2014,ABE,PA,AEA,EN,Combined TRACON& Tower with Radar,6,25,25,0,56,0,0,7,0,7,6,25,32,0,63,28,0,28,91
03/03/2014,ABE,PA,AEA,EN,Combined TRACON& Tower with Radar,8,21,16,2,47,0,0,13,0,13,8,21,29,2,60,66,0,66,126
03/04/2014,ABE,PA,AEA,EN,Combined TRACON& Tower with Radar,8,39,21,0,68,0,3,36,0,39,8,42,57,0,107,266,0,266,373
03/05/2014,ABE,PA,AEA,EN,Combined TRACON& Tower with Radar,10,37,55,0,102,0,2,65,0,67,10,39,120,0,169,158,0,158,327
03/06/2014,ABE,PA,AEA,EN,Combined TRACON& Tower with Radar,12,33,33,0,78,0,1,63,1,65,12,34,96,1,143,194,0,194,337
03/07/2014,ABE,PA,AEA,EN,Combined TRACON& Tower with Radar,11,42,34,0,87,0,3,55,0,58,11,45,89,0,145,240,0,240,385
03/08/2014,ABE,PA,AEA,EN,Combined TRACON& Tower with Radar,7,23,59,1,90,0,2,108,0,110,7,25,167,1,200,168,0,168,368
03/09/2014,ABE,PA,AEA,EN,Combined TRACON& Tower with Radar,7,31,31,1,70,0,7,86,0,93,7,38,117,1,163,186,0,186,349
03/10/2014,ABE,PA,AEA,EN,Combined TRACON& Tower with Radar,9,34,16,13,72,0,0,55,1,56,9,34,71,14,128,224,0,224,352
03/11/2014,ABE,PA,AEA,EN,Combined TRACON& Tower with Radar,8,38,50,0,96,0,0,62,2,64,8,38,112,2,160,120,18,138,298
03/12/2014,ABE,PA,AEA,EN,Combined TRACON& Tower with Radar,12,31,22,0,65,0,1,6,0,7,12,32,28,0,72,62,0,62,134
03/13/2014,ABE,PA,AEA,EN,Combined TRACON& Tower with Radar,18,34,20,0,72,0,4,6,0,10,18,38,26,0,82,62,0,62,144
03/14/2014,ABE,PA,AEA,EN,Combined TRACON& Tower with Radar,11,39,35,0,85,0,0,69,0,69,11,39,104,0,154,272,0,272,426
03/15/2014,ABE,PA,AEA,EN,Combined TRACON& Tower with Radar,7,24,23,0,54,0,1,35,0,36,7,25,58,0,90,26,0,26,116
03/16/2014,ABE,PA,AEA,EN,Combined TRACON& Tower with Radar,9,27,40,0,76,0,3,47,0,50,9,30,87,0,126,190,0,190,316
03/17/2014,ABE,PA,AEA,EN,Combined TRACON& Tower with Radar,13,34,33,0,80,0,2,42,0,44,13,36,75,0,124,154,0,154,278
03/18/2014,ABE,PA,AEA,EN,Combined TRACON& Tower with Radar,6,38,63,0,107,0,2,76,2,80,6,40,139,2,187,298,0,298,485
03/19/2014,ABE,PA,AEA,EN,Combined TRACON& Tower with Radar,12,48,21,0,81,0,0,2,0,2,12,48,23,0,83,4,0,4,87
03/20/2014,ABE,PA,AEA,EN,Combined TRACON& Tower with Radar,12,38,21,2,73,0,0,19,0,19,12,38,40,2,92,132,0,132,224
03/21/2014,ABE,PA,AEA,EN,Combined TRACON& Tower with Radar,11,39,34,0,84,0,0,64,0,64,11,39,98,0,148,132,0,132,280
03/22/2014,ABE,PA,AEA,EN,Combined TRACON& Tower with Radar,9,22,26,0,57,0,2,33,0,35,9,24,59,0,92,180,0,180,272
03/23/2014,ABE,PA,AEA,EN,Combined TRACON& Tower with Radar,6,32,39,0,77,0,0,66,0,66,6,32,105,0,143,288,0,288,431
03/24/2014,ABE,PA,AEA,EN,Combined TRACON& Tower with Radar,10,39,35,2,86,0,0,59,0,59,10,39,94,2,145,248,0,248,393
03/25/2014,ABE,PA,AEA,EN,Combined TRACON& Tower with Radar,8,40,24,0,72,0,4,19,0,23,8,44,43,0,95,146,0,146,241
03/26/2014,ABE,PA,AEA,EN,Combined TRACON& Tower with Radar,14,48,14,2,78,0,4,11,0,15,14,52,25,2,93,40,0,40,133
03/27/2014,ABE,PA,AEA,EN,Combined TRACON& Tower with Radar,12,58,61,1,132,0,4,72,2,78,12,62,133,3,210,216,0,216,426
03/28/2014,ABE,PA,AEA,EN,Combined TRACON& Tower with Radar,12,42,17,0,71,0,0,4,0,4,12,42,21,0,75,52,0,52,127
03/29/2014,ABE,PA,AEA,EN,Combined TRACON& Tower with Radar,6,26,30,0,62,0,0,2,0,2,6,26,32,0,64,56,0,56,120
03/30/2014,ABE,PA,AEA,EN,Combined TRACON& Tower with Radar,7,33,20,0,60,0,0,1,0,1,7,33,21,0,61,46,0,46,107
03/31/2014,ABE,PA,AEA,EN,Combined TRACON& Tower with Radar,12,45,23,0,80,0,2,22,0,24,12,47,45,0,104,97,0,97,201
04/01/2014,ABE,PA,AEA,EN,Combined TRACON& Tower with Radar,9,32,47,0,88,0,0,114,0,114,9,32,161,0,202,320,0,320,522
04/02/2014,ABE,PA,AEA,EN,Combined TRACON& Tower with Radar,17,37,25,1,80,0,4,37,3,44,17,41,62,4,124,146,0,146,270
04/03/2014,ABE,PA,AEA,EN,Combined TRACON& Tower with Radar,14,28,45,4,91,0,3,64,2,69,14,31,109,6,160,180,0,180,340
04/04/2014,ABE,PA,AEA,EN,Combined TRACON& Tower with Radar,13,32,32,0,77,0,0,1,0,1,13,32,33,0,78,4,0,4,82
04/05/2014,ABE,PA,AEA,EN,Combined TRACON& Tower with Radar,9,25,21,0,55,0,2,23,0,25,9,27,44,0,80,115,0,115,195
04/06/2014,ABE,PA,AEA,EN,Combined TRACON& Tower with Radar,8,29,60,0,97,0,1,135,0,136,8,30,195,0,233,352,0,352,585
04/07/2014,ABE,PA,AEA,EN,Combined TRACON& Tower with Radar,15,38,27,0,80,0,0,20,0,20,15,38,47,0,100,242,0,242,342
04/08/2014,ABE,PA,AEA,EN,Combined TRACON& Tower with Radar,10,36,31,2,79,0,3,18,0,21,10,39,49,2,100,34,0,34,134
04/09/2014,ABE,PA,AEA,EN,Combined TRACON& Tower with Radar,15,35,43,2,95,0,1,87,0,88,15,36,130,2,183,294,0,294,477
04/10/2014,ABE,PA,AEA,EN,Combined TRACON& Tower with Radar,14,35,81,0,130,0,1,78,0,79,14,36,159,0,209,176,0,176,385
04/11/2014,ABE,PA,AEA,EN,Combined TRACON& Tower with Radar,13,42,39,0,94,0,5,45,0,50,13,47,84,0,144,136,0,136,280
04/12/2014,ABE,PA,AEA,EN,Combined TRACON& Tower with Radar,11,23,35,0,69,0,1,108,0,109,11,24,143,0,178,310,26,336,514
04/13/2014,ABE,PA,AEA,EN,Combined TRACON& Tower with Radar,8,35,21,0,64,0,2,38,0,40,8,37,59,0,104,178,0,178,282
04/14/2014,ABE,PA,AEA,EN,Combined TRACON& Tower with Radar,12,37,38,0,87,0,2,20,0,22,12,39,58,0,109,193,0,193,302
04/15/2014,ABE,PA,AEA,EN,Combined TRACON& Tower with Radar,8,30,27,0,65,0,0,1,0,1,8,30,28,0,66,0,0,0,66
04/16/2014,ABE,PA,AEA,EN,Combined TRACON& Tower with Radar,12,31,39,2,84,0,0,43,1,44,12,31,82,3,128,208,0,208,336
04/17/2014,ABE,PA,AEA,EN,Combined TRACON& Tower with Radar,14,34,37,0,85,0,1,72,2,75,14,35,109,2,160,132,0,132,292
04/18/2014,ABE,PA,AEA,EN,Combined TRACON& Tower with Radar,12,37,68,2,119,0,0,75,0,75,12,37,143,2,194,283,0,283,477
04/19/2014,ABE,PA,AEA,EN,Combined TRACON& Tower with Radar,8,23,33,0,64,0,0,73,0,73,8,23,106,0,137,236,0,236,373
04/20/2014,ABE,PA,AEA,EN,Combined TRACON& Tower with Radar,7,28,18,0,53,0,5,41,0,46,7,33,59,0,99,168,0,168,267
04/21/2014,ABE,PA,AEA,EN,Combined TRACON& Tower with Radar,12,38,41,1,92,0,0,74,0,74,12,38,115,1,166,244,0,244,410
04/22/2014,ABE,PA,AEA,EN,Combined TRACON& Tower with Radar,10,39,35,2,86,0,4,46,0,50,10,43,81,2,136,262,0,262,398
04/23/2014,ABE,PA,AEA,EN,Combined TRACON& Tower with Radar,14,34,28,1,77,0,2,15,1,18,14,36,43,2,95,50,0,50,145
04/24/2014,ABE,PA,AEA,EN,Combined TRACON& Tower with Radar,16,36,20,0,72,0,2,43,2,47,16,38,63,2,119,156,0,156,275
04/25/2014,ABE,PA,AEA,EN,Combined TRACON& Tower with Radar,13,41,39,0,93,0,0,71,0,71,13,41,110,0,164,302,0,302,466
04/26/2014,ABE,PA,AEA,EN,Combined TRACON& Tower with Radar,11,23,36,0,70,0,0,61,0,61,11,23,97,0,131,244,0,244,375
04/27/2014,ABE,PA,AEA,EN,Combined TRACON& Tower with Radar,8,33,27,0,68,0,5,43,0,48,8,38,70,0,116,244,0,244,360
04/28/2014,ABE,PA,AEA,EN,Combined TRACON& Tower with Radar,11,34,56,0,101,0,0,92,0,92,11,34,148,0,193,242,0,242,435
04/29/2014,ABE,PA,AEA,EN,Combined TRACON& Tower with Radar,10,40,27,2,79,0,0,0,0,0,10,40,27,2,79,23,0,23,102
04/30/2014,ABE,PA,AEA,EN,Combined TRACON& Tower with Radar,17,35,15,0,67,0,0,0,0,0,17,35,15,0,67,0,0,0,67
05/01/2014,ABE,PA,AEA,EN,Combined TRACON& Tower with Radar,14,46,58,2,120,0,2,57,0,59,14,48,115,2,179,232,0,232,411
05/02/2014,ABE,PA,AEA,EN,Combined TRACON& Tower with Radar,15,32,31,1,79,0,2,75,1,78,15,34,106,2,157,194,0,194,351
05/03/2014,ABE,PA,AEA,EN,Combined TRACON& Tower with Radar,6,21,47,0,74,0,1,76,0,77,6,22,123,0,151,336,0,336,487
05/04/2014,ABE,PA,AEA,EN,Combined TRACON& Tower with Radar,6,33,8,0,47,0,4,23,0,27,6,37,31,0,74,60,0,60,134
05/05/2014,ABE,PA,AEA,EN,Combined TRACON& Tower with Radar,14,30,42,0,86,0,0,55,2,57,14,30,97,2,143,236,0,236,379
05/06/2014,ABE,PA,AEA,EN,Combined TRACON& Tower with Radar,9,31,45,0,85,0,3,96,2,101,9,34,141,2,186,274,0,274,460
05/07/2014,ABE,PA,AEA,EN,Combined TRACON& Tower with Radar,13,36,36,1,86,0,2,85,1,88,13,38,121,2,174,200,0,200,374
05/08/2014,ABE,PA,AEA,EN,Combined TRACON& Tower with Radar,15,41,47,3,106,0,0,10,0,10,15,41,57,3,116,0,0,0,116
05/09/2014,ABE,PA,AEA,EN,Combined TRACON& Tower with Radar,15,33,27,0,75,0,0,1,0,1,15,33,28,0,76,18,0,18,94
05/10/2014,ABE,PA,AEA,EN,Combined TRACON& Tower with Radar,6,23,16,0,45,0,2,11,0,13,6,25,27,0,58,104,0,104,162
05/11/2014,ABE,PA,AEA,EN,Combined TRACON& Tower with Radar,9,25,37,1,72,0,1,81,0,82,9,26,118,1,154,238,0,238,392
05/12/2014,ABE,PA,AEA,EN,Combined TRACON& Tower with Radar,13,32,23,1,69,0,3,68,3,74,13,35,91,4,143,244,0,244,387
05/13/2014,ABE,PA,AEA,EN,Combined TRACON& Tower with Radar,10,32,58,0,100,0,0,62,0,62,10,32,120,0,162,218,0,218,380
05/14/2014,ABE,PA,AEA,EN,Combined TRACON& Tower with Radar,12,31,71,0,114,0,2,10,0,12,12,33,81,0,126,104,0,104,230
05/15/2014,ABE,PA,AEA,EN,Combined TRACON& Tower with Radar,13,41,48,0,102,0,0,5,0,5,13,41,53,0,107,158,0,158,265
05/16/2014,ABE,PA,AEA,EN,Combined TRACON& Tower with Radar,15,34,32,0,81,0,0,8,0,8,15,34,40,0,89,0,0,0,89
05/17/2014,ABE,PA,AEA,EN,Combined TRACON& Tower with Radar,7,25,36,0,68,0,3,99,0,102,7,28,135,0,170,246,0,246,416
05/18/2014,ABE,PA,AEA,EN,Combined TRACON& Tower with Radar,10,30,46,0,86,0,2,100,1,103,10,32,146,1,189,218,0,218,407
05/19/2014,ABE,PA,AEA,EN,Combined TRACON& Tower with Radar,16,39,40,0,95,0,8,65,0,73,16,47,105,0,168,206,0,206,374
05/20/2014,ABE,PA,AEA,EN,Combined TRACON& Tower with Radar,10,38,35,3,86,0,3,100,2,105,10,41,135,5,191,307,6,313,504
05/21/2014,ABE,PA,AEA,EN,Combined TRACON& Tower with Radar,14,37,56,3,110,0,1,36,0,37,14,38,92,3,147,127,0,127,274
05/22/2014,ABE,PA,AEA,EN,Combined TRACON& Tower with Radar,17,49,38,1,105,0,0,5,0,5,17,49,43,1,110,10,0,10,120
05/23/2014,ABE,PA,AEA,EN,Combined TRACON& Tower with Radar,21,41,56,0,118,0,3,71,0,74,21,44,127,0,192,220,0,220,412
05/24/2014,ABE,PA,AEA,EN,Combined TRACON& Tower with Radar,6,21,34,0,61,0,1,58,0,59,6,22,92,0,120,210,0,210,330
05/25/2014,ABE,PA,AEA,EN,Combined TRACON& Tower with Radar,7,27,24,0,58,0,1,84,0,85,7,28,108,0,143,210,0,210,353
05/26/2014,ABE,PA,AEA,EN,Combined TRACON& Tower with Radar,13,26,31,0,70,0,1,66,0,67,13,27,97,0,137,188,0,188,325
05/27/2014,ABE,PA,AEA,EN,Combined TRACON& Tower with Radar,9,27,41,0,77,0,1,54,1,56,9,28,95,1,133,96,0,96,229
05/28/2014,ABE,PA,AEA,EN,Combined TRACON& Tower with Radar,14,28,56,0,98,0,1,0,0,1,14,29,56,0,99,0,0,0,99
05/29/2014,ABE,PA,AEA,EN,Combined TRACON& Tower with Radar,13,38,57,11,119,0,0,39,0,39,13,38,96,11,158,158,0,158,316
05/30/2014,ABE,PA,AEA,EN,Combined TRACON& Tower with Radar,16,41,20,8,85,0,1,70,0,71,16,42,90,8,156,256,0,256,412
05/31/2014,ABE,PA,AEA,EN,Combined TRACON& Tower with Radar,7,22,33,0,62,0,1,72,0,73,7,23,105,0,135,188,0,188,323
06/01/2014,ABE,PA,AEA,EN,Combined TRACON& Tower with Radar,10,33,38,0,81,0,0,108,0,108,10,33,146,0,189,248,0,248,437
06/02/2014,ABE,PA,AEA,EN,Combined TRACON& Tower with Radar,14,27,31,0,72,0,1,83,0,84,14,28,114,0,156,156,0,156,312
06/03/2014,ABE,PA,AEA,EN,Combined TRACON& Tower with Radar,12,34,33,0,79,0,0,57,0,57,12,34,90,0,136,252,0,252,388
06/04/2014,ABE,PA,AEA,EN,Combined TRACON& Tower with Radar,20,36,58,2,116,0,0,87,0,87,20,36,145,2,203,184,0,184,387
06/05/2014,ABE,PA,AEA,EN,Combined TRACON& Tower with Radar,15,32,59,0,106,0,7,51,2,60,15,39,110,2,166,194,0,194,360
06/06/2014,ABE,PA,AEA,EN,Combined TRACON& Tower with Radar,16,40,35,0,91,0,0,83,0,83,16,40,118,0,174,350,0,350,524
06/07/2014,ABE,PA,AEA,EN,Combined TRACON& Tower with Radar,7,22,33,2,64,0,0,69,0,69,7,22,102,2,133,232,0,232,365
06/08/2014,ABE,PA,AEA,EN,Combined TRACON& Tower with Radar,9,32,61,2,104,0,2,95,0,97,9,34,156,2,201,192,0,192,393
06/09/2014,ABE,PA,AEA,EN,Combined TRACON& Tower with Radar,17,30,29,0,76,0,2,1,0,3,17,32,30,0,79,0,0,0,79
06/10/2014,ABE,PA,AEA,EN,Combined TRACON& Tower with Radar,13,28,53,8,102,0,0,8,0,8,13,28,61,8,110,104,0,104,214
06/11/2014,ABE,PA,AEA,EN,Combined TRACON& Tower with Radar,16,33,44,0,93,0,0,0,0,0,16,33,44,0,93,0,0,0,93
06/12/2014,ABE,PA,AEA,EN,Combined TRACON& Tower with Radar,16,36,25,0,77,0,0,1,0,1,16,36,26,0,78,0,0,0,78
06/13/2014,ABE,PA,AEA,EN,Combined TRACON& Tower with Radar,15,34,26,0,75,0,0,5,0,5,15,34,31,0,80,32,0,32,112
06/14/2014,ABE,PA,AEA,EN,Combined TRACON& Tower with Radar,9,19,45,0,73,0,3,93,0,96,9,22,138,0,169,180,0,180,349
06/15/2014,ABE,PA,AEA,EN,Combined TRACON& Tower with Radar,7,35,35,0,77,0,1,112,0,113,7,36,147,0,190,220,0,220,410
06/16/2014,ABE,PA,AEA,EN,Combined TRACON& Tower with Radar,12,32,36,0,80,0,3,93,1,97,12,35,129,1,177,152,0,152,329
06/17/2014,ABE,PA,AEA,EN,Combined TRACON& Tower with Radar,17,31,46,0,94,0,0,88,0,88,17,31,134,0,182,274,0,274,456
06/18/2014,ABE,PA,AEA,EN,Combined TRACON& Tower with Radar,16,33,44,1,94,0,4,89,3,96,16,37,133,4,190,171,0,171,361
06/19/2014,ABE,PA,AEA,EN,Combined TRACON& Tower with Radar,16,28,71,0,115,0,1,37,0,38,16,29,108,0,153,128,0,128,281
06/20/2014,ABE,PA,AEA,EN,Combined TRACON& Tower with Radar,16,36,38,4,94,0,5,117,0,122,16,41,155,4,216,190,0,190,406
06/21/2014,ABE,PA,AEA,EN,Combined TRACON& Tower with Radar,14,26,38,1,79,0,0,75,0,75,14,26,113,1,154,210,0,210,364
06/22/2014,ABE,PA,AEA,EN,Combined TRACON& Tower with Radar,8,35,44,0,87,0,6,79,0,85,8,41,123,0,172,246,0,246,418
06/23/2014,ABE,PA,AEA,EN,Combined TRACON& Tower with Radar,13,37,46,11,107,0,3,97,0,100,13,40,143,11,207,264,0,264,471
06/24/2014,ABE,PA,AEA,EN,Combined TRACON& Tower with Radar,12,41,55,4,112,0,4,75,0,79,12,45,130,4,191,146,0,146,337
06/25/2014,ABE,PA,AEA,EN,Combined TRACON& Tower with Radar,16,42,57,0,115,0,6,10,2,18,16,48,67,2,133,68,0,68,201
06/26/2014,ABE,PA,AEA,EN,Combined TRACON& Tower with Radar,14,38,54,0,106,0,3,55,0,58,14,41,109,0,164,132,0,132,296
06/27/2014,ABE,PA,AEA,EN,Combined TRACON& Tower with Radar,15,33,74,0,122,0,4,66,4,74,15,37,140,4,196,186,0,186,382
06/28/2014,ABE,PA,AEA,EN,Combined TRACON& Tower with Radar,11,26,18,0,55,0,2,85,0,87,11,28,103,0,142,244,0,244,386
06/29/2014,ABE,PA,AEA,EN,Combined TRACON& Tower with Radar,10,29,33,0,72,0,1,87,0,88,10,30,120,0,160,166,0,166,326
06/30/2014,ABE,PA,AEA,EN,Combined TRACON& Tower with Radar,12,28,31,0,71,0,0,88,4,92,12,28,119,4,163,192,0,192,355
07/01/2014,ABE,PA,AEA,EN,Combined TRACON& Tower with Radar,12,27,40,9,88,0,0,67,4,71,12,27,107,13,159,186,12,198,357
07/02/2014,ABE,PA,AEA,EN,Combined TRACON& Tower with Radar,22,35,30,0,87,0,1,31,0,32,22,36,61,0,119,44,0,44,163
07/03/2014,ABE,PA,AEA,EN,Combined TRACON& Tower with Radar,14,29,48,0,91,0,0,12,0,12,14,29,60,0,103,72,0,72,175
07/04/2014,ABE,PA,AEA,EN,Combined TRACON& Tower with Radar,14,22,19,0,55,0,2,12,0,14,14,24,31,0,69,80,0,80,149
07/05/2014,ABE,PA,AEA,EN,Combined TRACON& Tower with Radar,12,18,25,0,55,0,3,92,0,95,12,21,117,0,150,310,0,310,460
07/06/2014,ABE,PA,AEA,EN,Combined TRACON& Tower with Radar,8,37,38,0,83,0,0,121,0,121,8,37,159,0,204,228,0,228,432
07/07/2014,ABE,PA,AEA,EN,Combined TRACON& Tower with Radar,14,33,40,0,87,0,0,65,0,65,14,33,105,0,152,140,0,140,292
07/08/2014,ABE,PA,AEA,EN,Combined TRACON& Tower with Radar,12,33,54,0,99,0,6,75,0,81,12,39,129,0,180,222,0,222,402
07/09/2014,ABE,PA,AEA,EN,Combined TRACON& Tower with Radar,18,31,41,0,90,0,2,66,0,68,18,33,107,0,158,110,0,110,268
07/10/2014,ABE,PA,AEA,EN,Combined TRACON& Tower with Radar,14,35,35,0,84,0,1,77,0,78,14,36,112,0,162,172,0,172,334
07/11/2014,ABE,PA,AEA,EN,Combined TRACON& Tower with Radar,15,34,47,0,96,0,2,98,0,100,15,36,145,0,196,180,0,180,376
07/12/2014,ABE,PA,AEA,EN,Combined TRACON& Tower with Radar,10,16,36,0,62,0,0,87,0,87,10,16,123,0,149,156,0,156,305
07/13/2014,ABE,PA,AEA,EN,Combined TRACON& Tower with Radar,9,33,63,0,105,0,0,37,0,37,9,33,100,0,142,296,0,296,438
07/14/2014,ABE,PA,AEA,EN,Combined TRACON& Tower with Radar,15,34,44,1,94,0,0,7,0,7,15,34,51,1,101,52,0,52,153
07/15/2014,ABE,PA,AEA,EN,Combined TRACON& Tower with Radar,19,36,24,0,79,0,0,1,0,1,19,36,25,0,80,186,0,186,266
07/16/2014,ABE,PA,AEA,EN,Combined TRACON& Tower with Radar,16,35,66,2,119,0,0,113,0,113,16,35,179,2,232,171,0,171,403
07/17/2014,ABE,PA,AEA,EN,Combined TRACON& Tower with Radar,14,34,48,4,100,0,3,136,2,141,14,37,184,6,241,290,0,290,531
07/18/2014,ABE,PA,AEA,EN,Combined TRACON& Tower with Radar,15,34,60,0,109,0,3,122,0,125,15,37,182,0,234,118,0,118,352
07/19/2014,ABE,PA,AEA,EN,Combined TRACON& Tower with Radar,11,22,43,0,76,0,3,74,2,79,11,25,117,2,155,214,0,214,369
07/20/2014,ABE,PA,AEA,EN,Combined TRACON& Tower with Radar,8,32,41,0,81,0,0,68,0,68,8,32,109,0,149,252,0,252,401
07/21/2014,ABE,PA,AEA,EN,Combined TRACON& Tower with Radar,14,37,44,4,99,0,0,86,2,88,14,37,130,6,187,248,6,254,441
07/22/2014,ABE,PA,AEA,EN,Combined TRACON& Tower with Radar,12,31,60,2,105,0,0,78,0,78,12,31,138,2,183,160,0,160,343
07/23/2014,ABE,PA,AEA,EN,Combined TRACON& Tower with Radar,16,37,34,2,89,0,0,59,0,59,16,37,93,2,148,46,0,46,194
07/24/2014,ABE,PA,AEA,EN,Combined TRACON& Tower with Radar,15,39,49,0,103,0,1,78,0,79,15,40,127,0,182,178,0,178,360
07/25/2014,ABE,PA,AEA,EN,Combined TRACON& Tower with Radar,15,38,31,1,85,0,3,97,1,101,15,41,128,2,186,52,0,52,238
07/26/2014,ABE,PA,AEA,EN,Combined TRACON& Tower with Radar,11,21,57,0,89,0,4,74,0,78,11,25,131,0,167,156,0,156,323
07/27/2014,ABE,PA,AEA,EN,Combined TRACON& Tower with Radar,7,35,44,0,86,0,1,50,0,51,7,36,94,0,137,166,0,166,303
07/28/2014,ABE,PA,AEA,EN,Combined TRACON& Tower with Radar,16,36,33,8,93,0,0,16,3,19,16,36,49,11,112,102,0,102,214
07/29/2014,ABE,PA,AEA,EN,Combined TRACON& Tower with Radar,12,31,48,0,91,0,5,96,0,101,12,36,144,0,192,268,0,268,460
07/30/2014,ABE,PA,AEA,EN,Combined TRACON& Tower with Radar,14,33,38,0,85,0,0,81,0,81,14,33,119,0,166,184,0,184,350
07/31/2014,ABE,PA,AEA,EN,Combined TRACON& Tower with Radar,13,35,47,1,96,0,4,76,1,81,13,39,123,2,177,325,0,325,502
08/01/2014,ABE,PA,AEA,EN,Combined TRACON& Tower with Radar,30,36,41,6,113,0,0,23,2,25,30,36,64,8,138,0,0,0,138
08/02/2014,ABE,PA,AEA,EN,Combined TRACON& Tower with Radar,9,22,42,0,73,0,0,37,0,37,9,22,79,0,110,156,0,156,266
08/03/2014,ABE,PA,AEA,EN,Combined TRACON& Tower with Radar,7,30,74,0,111,0,0,19,0,19,7,30,93,0,130,102,0,102,232
08/04/2014,ABE,PA,AEA,EN,Combined TRACON& Tower with Radar,13,37,44,1,95,0,5,73,1,79,13,42,117,2,174,192,0,192,366
08/05/2014,ABE,PA,AEA,EN,Combined TRACON& Tower with Radar,11,28,63,2,104,0,5,115,0,120,11,33,178,2,224,230,0,230,454
08/06/2014,ABE,PA,AEA,EN,Combined TRACON& Tower with Radar,15,33,62,0,110,0,1,79,5,85,15,34,141,5,195,128,0,128,323
08/07/2014,ABE,PA,AEA,EN,Combined TRACON& Tower with Radar,11,35,58,1,105,0,6,104,4,114,11,41,162,5,219,114,0,114,333
08/08/2014,ABE,PA,AEA,EN,Combined TRACON& Tower with Radar,13,30,49,0,92,0,2,112,0,114,13,32,161,0,206,258,0,258,464
08/09/2014,ABE,PA,AEA,EN,Combined TRACON& Tower with Radar,9,19,32,0,60,0,0,99,0,99,9,19,131,0,159,213,0,213,372
08/10/2014,ABE,PA,AEA,EN,Combined TRACON& Tower with Radar,11,31,41,0,83,0,5,107,0,112,11,36,148,0,195,144,0,144,339
08/11/2014,ABE,PA,AEA,EN,Combined TRACON& Tower with Radar,14,28,40,1,83,0,0,51,0,51,14,28,91,1,134,62,0,62,196
08/12/2014,ABE,PA,AEA,EN,Combined TRACON& Tower with Radar,12,32,32,0,76,0,0,0,0,0,12,32,32,0,76,0,0,0,76
08/13/2014,ABE,PA,AEA,EN,Combined TRACON& Tower with Radar,12,42,49,0,103,0,1,30,0,31,12,43,79,0,134,106,0,106,240
08/14/2014,ABE,PA,AEA,EN,Combined TRACON& Tower with Radar,12,31,39,0,82,0,2,94,0,96,12,33,133,0,178,112,0,112,290
08/15/2014,ABE,PA,AEA,EN,Combined TRACON& Tower with Radar,15,32,34,0,81,0,1,97,0,98,15,33,131,0,179,204,0,204,383
08/16/2014,ABE,PA,AEA,EN,Combined TRACON& Tower with Radar,7,16,31,0,54,0,1,110,0,111,7,17,141,0,165,195,0,195,360
08/17/2014,ABE,PA,AEA,EN,Combined TRACON& Tower with Radar,6,32,45,0,83,0,0,68,0,68,6,32,113,0,151,162,0,162,313
08/18/2014,ABE,PA,AEA,EN,Combined TRACON& Tower with Radar,13,29,41,1,84,0,2,68,0,70,13,31,109,1,154,68,0,68,222
08/19/2014,ABE,PA,AEA,EN,Combined TRACON& Tower with Radar,11,29,37,4,81,0,0,80,0,80,11,29,117,4,161,192,18,210,371
08/20/2014,ABE,PA,AEA,EN,Combined TRACON& Tower with Radar,10,35,45,14,104,0,0,78,1,79,10,35,123,15,183,342,0,342,525
08/21/2014,ABE,PA,AEA,EN,Combined TRACON& Tower with Radar,12,36,49,0,97,0,1,46,3,50,12,37,95,3,147,190,0,190,337
08/22/2014,ABE,PA,AEA,EN,Combined TRACON& Tower with Radar,15,38,43,1,97,0,0,13,3,16,15,38,56,4,113,0,0,0,113
08/23/2014,ABE,PA,AEA,EN,Combined TRACON& Tower with Radar,6,19,11,0,36,0,2,13,1,16,6,21,24,1,52,16,0,16,68
08/24/2014,ABE,PA,AEA,EN,Combined TRACON& Tower with Radar,7,33,10,0,50,0,9,47,3,59,7,42,57,3,109,0,0,0,109
08/25/2014,ABE,PA,AEA,EN,Combined TRACON& Tower with Radar,13,35,52,2,102,0,0,112,0,112,13,35,164,2,214,136,0,136,350
08/26/2014,ABE,PA,AEA,EN,Combined TRACON& Tower with Radar,11,32,45,0,88,0,0,84,0,84,11,32,129,0,172,182,0,182,354
08/27/2014,ABE,PA,AEA,EN,Combined TRACON& Tower with Radar,12,39,44,1,96,0,0,74,1,75,12,39,118,2,171,130,0,130,301
08/28/2014,ABE,PA,AEA,EN,Combined TRACON& Tower with Radar,12,35,24,0,71,0,1,77,0,78,12,36,101,0,149,130,0,130,279
08/29/2014,ABE,PA,AEA,EN,Combined TRACON& Tower with Radar,15,44,29,2,90,0,0,84,0,84,15,44,113,2,174,222,0,222,396
08/30/2014,ABE,PA,AEA,EN,Combined TRACON& Tower with Radar,7,17,52,0,76,0,1,47,0,48,7,18,99,0,124,172,0,172,296
08/31/2014,ABE,PA,AEA,EN,Combined TRACON& Tower with Radar,12,20,18,0,50,0,2,1,0,3,12,22,19,0,53,12,0,12,65
09/01/2014,ABE,PA,AEA,EN,Combined TRACON& Tower with Radar,12,24,40,0,76,0,0,39,0,39,12,24,79,0,115,112,0,112,227
09/02/2014,ABE,PA,AEA,EN,Combined TRACON& Tower with Radar,7,32,13,0,52,0,2,56,0,58,7,34,69,0,110,78,0,78,188
09/03/2014,ABE,PA,AEA,EN,Combined TRACON& Tower with Radar,15,35,39,4,93,0,4,93,0,97,15,39,132,4,190,201,0,201,391
09/04/2014,ABE,PA,AEA,EN,Combined TRACON& Tower with Radar,14,30,43,0,87,0,0,126,2,128,14,30,169,2,215,234,0,234,449
09/05/2014,ABE,PA,AEA,EN,Combined TRACON& Tower with Radar,17,24,67,0,108,0,2,16,0,18,17,26,83,0,126,72,0,72,198
09/06/2014,ABE,PA,AEA,EN,Combined TRACON& Tower with Radar,7,19,27,0,53,0,1,37,0,38,7,20,64,0,91,60,0,60,151
09/07/2014,ABE,PA,AEA,EN,Combined TRACON& Tower with Radar,6,34,38,0,78,0,1,118,0,119,6,35,156,0,197,215,0,215,412
09/08/2014,ABE,PA,AEA,EN,Combined TRACON& Tower with Radar,14,38,36,4,92,0,0,67,0,67,14,38,103,4,159,153,0,153,312
09/09/2014,ABE,PA,AEA,EN,Combined TRACON& Tower with Radar,13,32,41,2,88,0,0,51,0,51,13,32,92,2,139,155,0,155,294
09/10/2014,ABE,PA,AEA,EN,Combined TRACON& Tower with Radar,13,36,52,1,102,0,0,98,1,99,13,36,150,2,201,166,0,166,367
09/11/2014,ABE,PA,AEA,EN,Combined TRACON& Tower with Radar,12,36,35,1,84,0,2,15,1,18,12,38,50,2,102,0,0,0,102
09/12/2014,ABE,PA,AEA,EN,Combined TRACON& Tower with Radar,16,29,55,0,100,0,0,94,0,94,16,29,149,0,194,84,0,84,278
09/13/2014,ABE,PA,AEA,EN,Combined TRACON& Tower with Radar,9,23,66,0,98,0,2,0,0,2,9,25,66,0,100,88,0,88,188
09/14/2014,ABE,PA,AEA,EN,Combined TRACON& Tower with Radar,7,36,38,0,81,0,1,101,0,102,7,37,139,0,183,222,0,222,405
09/15/2014,ABE,PA,AEA,EN,Combined TRACON& Tower with Radar,15,27,36,0,78,0,1,83,1,85,15,28,119,1,163,120,0,120,283
09/16/2014,ABE,PA,AEA,EN,Combined TRACON& Tower with Radar,10,32,38,0,80,0,0,55,0,55,10,32,93,0,135,119,0,119,254
09/17/2014,ABE,PA,AEA,EN,Combined TRACON& Tower with Radar,13,33,47,1,94,0,0,120,1,121,13,33,167,2,215,198,0,198,413
09/18/2014,ABE,PA,AEA,EN,Combined TRACON& Tower with Radar,12,34,41,0,87,0,2,85,0,87,12,36,126,0,174,286,0,286,460
09/19/2014,ABE,PA,AEA,EN,Combined TRACON& Tower with Radar,13,39,48,2,102,0,6,101,0,107,13,45,149,2,209,312,0,312,521
09/20/2014,ABE,PA,AEA,EN,Combined TRACON& Tower with Radar,9,16,27,0,52,0,3,67,0,70,9,19,94,0,122,78,0,78,200
09/21/2014,ABE,PA,AEA,EN,Combined TRACON& Tower with Radar,9,30,38,0,77,0,0,38,0,38,9,30,76,0,115,102,0,102,217
09/22/2014,ABE,PA,AEA,EN,Combined TRACON& Tower with Radar,14,34,41,2,91,0,2,56,0,58,14,36,97,2,149,140,0,140,289
09/23/2014,ABE,PA,AEA,EN,Combined TRACON& Tower with Radar,12,42,54,0,108,0,2,107,1,110,12,44,161,1,218,270,0,270,488
09/24/2014,ABE,PA,AEA,EN,Combined TRACON& Tower with Radar,15,36,38,1,90,0,3,57,0,60,15,39,95,1,150,217,0,217,367
09/25/2014,ABE,PA,AEA,EN,Combined TRACON& Tower with Radar,15,38,29,0,82,0,1,9,0,10,15,39,38,0,92,10,0,10,102
09/26/2014,ABE,PA,AEA,EN,Combined TRACON& Tower with Radar,16,33,42,5,96,0,1,82,0,83,16,34,124,5,179,132,0,132,311
09/27/2014,ABE,PA,AEA,EN,Combined TRACON& Tower with Radar,8,22,27,1,58,0,4,94,2,100,8,26,121,3,158,108,0,108,266
09/28/2014,ABE,PA,AEA,EN,Combined TRACON& Tower with Radar,6,27,40,0,73,0,2,111,0,113,6,29,151,0,186,302,0,302,488
09/29/2014,ABE,PA,AEA,EN,Combined TRACON& Tower with Radar,13,32,54,0,99,0,1,72,0,73,13,33,126,0,172,188,0,188,360
09/30/2014,ABE,PA,AEA,EN,Combined TRACON& Tower with Radar,13,29,37,1,80,0,2,49,1,52,13,31,86,2,132,98,0,98,230
10/01/2014,ABE,PA,AEA,EN,Combined TRACON& Tower with Radar,14,29,42,0,85,0,0,31,0,31,14,29,73,0,116,192,0,192,308
10/02/2014,ABE,PA,AEA,EN,Combined TRACON& Tower with Radar,12,34,72,2,120,0,0,32,0,32,12,34,104,2,152,92,0,92,244
10/03/2014,ABE,PA,AEA,EN,Combined TRACON& Tower with Radar,13,36,43,6,98,0,0,44,0,44,13,36,87,6,142,160,0,160,302
10/04/2014,ABE,PA,AEA,EN,Combined TRACON& Tower with Radar,9,15,23,0,47,0,4,14,0,18,9,19,37,0,65,40,0,40,105
10/05/2014,ABE,PA,AEA,EN,Combined TRACON& Tower with Radar,8,36,26,0,70,0,0,81,0,81,8,36,107,0,151,162,0,162,313
10/06/2014,ABE,PA,AEA,EN,Combined TRACON& Tower with Radar,14,31,36,0,81,0,2,53,0,55,14,33,89,0,136,82,0,82,218
10/07/2014,ABE,PA,AEA,EN,Combined TRACON& Tower with Radar,8,32,44,0,84,0,1,64,0,65,8,33,108,0,149,199,0,199,348
10/08/2014,ABE,PA,AEA,EN,Combined TRACON& Tower with Radar,10,43,43,0,96,0,1,51,0,52,10,44,94,0,148,0,0,0,148
10/09/2014,ABE,PA,AEA,EN,Combined TRACON& Tower with Radar,12,36,34,0,82,0,3,67,0,70,12,39,101,0,152,50,0,50,202
10/10/2014,ABE,PA,AEA,EN,Combined TRACON& Tower with Radar,11,35,45,0,91,0,2,74,0,76,11,37,119,0,167,236,0,236,403
10/11/2014,ABE,PA,AEA,EN,Combined TRACON& Tower with Radar,9,16,36,0,61,0,0,7,0,7,9,16,43,0,68,30,0,30,98
10/12/2014,ABE,PA,AEA,EN,Combined TRACON& Tower with Radar,6,27,27,0,60,0,3,99,2,104,6,30,126,2,164,150,0,150,314
10/13/2014,ABE,PA,AEA,EN,Combined TRACON& Tower with Radar,13,40,76,0,129,0,2,15,0,17,13,42,91,0,146,136,0,136,282
10/14/2014,ABE,PA,AEA,EN,Combined TRACON& Tower with Radar,13,33,47,2,95,0,2,30,1,33,13,35,77,3,128,170,0,170,298
10/15/2014,ABE,PA,AEA,EN,Combined TRACON& Tower with Radar,14,44,26,9,93,0,0,0,0,0,14,44,26,9,93,0,0,0,93
10/16/2014,ABE,PA,AEA,EN,Combined TRACON& Tower with Radar,14,34,70,0,118,0,0,39,0,39,14,34,109,0,157,100,0,100,257
10/17/2014,ABE,PA,AEA,EN,Combined TRACON& Tower with Radar,11,39,64,0,114,0,2,95,3,100,11,41,159,3,214,170,0,170,384
10/18/2014,ABE,PA,AEA,EN,Combined TRACON& Tower with Radar,9,33,26,0,68,0,1,54,0,55,9,34,80,0,123,134,0,134,257
10/19/2014,ABE,PA,AEA,EN,Combined TRACON& Tower with Radar,6,27,26,0,59,0,0,30,0,30,6,27,56,0,89,8,0,8,97
10/20/2014,ABE,PA,AEA,EN,Combined TRACON& Tower with Radar,14,41,42,2,99,0,0,86,1,87,14,41,128,3,186,253,0,253,439
10/21/2014,ABE,PA,AEA,EN,Combined TRACON& Tower with Radar,10,40,55,4,109,0,0,69,0,69,10,40,124,4,178,50,0,50,228
10/22/2014,ABE,PA,AEA,EN,Combined TRACON& Tower with Radar,11,31,37,0,79,0,0,2,1,3,11,31,39,1,82,0,0,0,82
10/23/2014,ABE,PA,AEA,EN,Combined TRACON& Tower with Radar,13,35,38,0,86,0,0,16,0,16,13,35,54,0,102,4,0,4,106
10/24/2014,ABE,PA,AEA,EN,Combined TRACON& Tower with Radar,13,41,36,0,90,0,0,38,0,38,13,41,74,0,128,152,0,152,280
10/25/2014,ABE,PA,AEA,EN,Combined TRACON& Tower with Radar,9,17,39,0,65,0,2,110,0,112,9,19,149,0,177,319,0,319,496
10/26/2014,ABE,PA,AEA,EN,Combined TRACON& Tower with Radar,8,30,31,0,69,0,0,33,0,33,8,30,64,0,102,111,0,111,213
10/27/2014,ABE,PA,AEA,EN,Combined TRACON& Tower with Radar,15,38,48,0,101,0,3,103,0,106,15,41,151,0,207,212,0,212,419
10/28/2014,ABE,PA,AEA,EN,Combined TRACON& Tower with Radar,11,38,56,2,107,0,3,108,0,111,11,41,164,2,218,146,0,146,364
10/29/2014,ABE,PA,AEA,EN,Combined TRACON& Tower with Radar,12,37,38,0,87,0,0,37,0,37,12,37,75,0,124,162,0,162,286
10/30/2014,ABE,PA,AEA,EN,Combined TRACON& Tower with Radar,14,36,48,5,103,0,0,90,3,93,14,36,138,8,196,114,16,130,326
10/31/2014,ABE,PA,AEA,EN,Combined TRACON& Tower with Radar,13,29,37,0,79,0,1,78,0,79,13,30,115,0,158,118,0,118,276
11/01/2014,ABE,PA,AEA,EN,Combined TRACON& Tower with Radar,7,14,18,0,39,0,0,8,0,8,7,14,26,0,47,22,0,22,69
11/02/2014,ABE,PA,AEA,EN,Combined TRACON& Tower with Radar,10,22,15,0,47,0,2,1,0,3,10,24,16,0,50,0,0,0,50
11/03/2014,ABE,PA,AEA,EN,Combined TRACON& Tower with Radar,12,39,40,0,91,0,6,57,0,63,12,45,97,0,154,150,0,150,304
11/04/2014,ABE,PA,AEA,EN,Combined TRACON& Tower with Radar,8,32,52,0,92,0,2,93,0,95,8,34,145,0,187,204,0,204,391
11/05/2014,ABE,PA,AEA,EN,Combined TRACON& Tower with Radar,11,33,60,0,104,0,1,79,0,80,11,34,139,0,184,91,0,91,275
11/06/2014,ABE,PA,AEA,EN,Combined TRACON& Tower with Radar,14,34,34,0,82,0,0,0,0,0,14,34,34,0,82,10,0,10,92
11/07/2014,ABE,PA,AEA,EN,Combined TRACON& Tower with Radar,13,36,27,0,76,0,4,19,0,23,13,40,46,0,99,4,0,4,103
11/08/2014,ABE,PA,AEA,EN,Combined TRACON& Tower with Radar,6,20,32,0,58,0,1,103,0,104,6,21,135,0,162,186,0,186,348
11/09/2014,ABE,PA,AEA,EN,Combined TRACON& Tower with Radar,7,28,42,0,77,0,1,113,0,114,7,29,155,0,191,220,0,220,411
11/10/2014,ABE,PA,AEA,EN,Combined TRACON& Tower with Radar,14,33,32,0,79,0,2,73,0,75,14,35,105,0,154,91,0,91,245
11/11/2014,ABE,PA,AEA,EN,Combined TRACON& Tower with Radar,10,34,49,0,93,0,2,8,0,10,10,36,57,0,103,80,0,80,183
11/12/2014,ABE,PA,AEA,EN,Combined TRACON& Tower with Radar,12,51,44,0,107,0,1,49,0,50,12,52,93,0,157,42,0,42,199
11/13/2014,ABE,PA,AEA,EN,Combined TRACON& Tower with Radar,14,27,43,0,84,0,1,48,0,49,14,28,91,0,133,72,0,72,205
11/14/2014,ABE,PA,AEA,EN,Combined TRACON& Tower with Radar,13,32,36,0,81,0,3,38,0,41,13,35,74,0,122,102,0,102,224
11/15/2014,ABE,PA,AEA,EN,Combined TRACON& Tower with Radar,6,25,41,0,72,0,1,84,0,85,6,26,125,0,157,266,0,266,423
11/16/2014,ABE,PA,AEA,EN,Combined TRACON& Tower with Radar,7,30,29,0,66,0,3,47,0,50,7,33,76,0,116,145,0,145,261
11/17/2014,ABE,PA,AEA,EN,Combined TRACON& Tower with Radar,11,28,12,0,51,0,0,0,0,0,11,28,12,0,51,0,0,0,51
11/18/2014,ABE,PA,AEA,EN,Combined TRACON& Tower with Radar,15,36,28,0,79,0,3,8,0,11,15,39,36,0,90,10,0,10,100
11/19/2014,ABE,PA,AEA,EN,Combined TRACON& Tower with Radar,12,35,41,22,110,0,0,64,3,67,12,35,105,25,177,86,10,96,273
11/20/2014,ABE,PA,AEA,EN,Combined TRACON& Tower with Radar,12,41,37,0,90,0,2,75,1,78,12,43,112,1,168,56,0,56,224
11/21/2014,ABE,PA,AEA,EN,Combined TRACON& Tower with Radar,13,30,42,0,85,0,1,52,0,53,13,31,94,0,138,134,0,134,272
11/22/2014,ABE,PA,AEA,EN,Combined TRACON& Tower with Radar,6,19,25,0,50,0,2,66,0,68,6,21,91,0,118,248,0,248,366
11/23/2014,ABE,PA,AEA,EN,Combined TRACON& Tower with Radar,9,27,47,0,83,0,2,107,0,109,9,29,154,0,192,244,0,244,436
11/24/2014,ABE,PA,AEA,EN,Combined TRACON& Tower with Radar,12,23,18,0,53,0,3,8,0,11,12,26,26,0,64,66,0,66,130
11/25/2014,ABE,PA,AEA,EN,Combined TRACON& Tower with Radar,12,41,67,1,121,0,6,86,3,95,12,47,153,4,216,96,0,96,312
11/26/2014,ABE,PA,AEA,EN,Combined TRACON& Tower with Radar,14,31,11,0,56,0,2,0,0,2,14,33,11,0,58,0,0,0,58
11/27/2014,ABE,PA,AEA,EN,Combined TRACON& Tower with Radar,8,18,8,0,34,0,2,2,0,4,8,20,10,0,38,28,0,28,66
11/28/2014,ABE,PA,AEA,EN,Combined TRACON& Tower with Radar,15,15,45,0,75,0,1,55,0,56,15,16,100,0,131,88,0,88,219
11/29/2014,ABE,PA,AEA,EN,Combined TRACON& Tower with Radar,6,36,41,0,83,0,1,60,0,61,6,37,101,0,144,190,0,190,334
11/30/2014,ABE,PA,AEA,EN,Combined TRACON& Tower with Radar,9,37,49,0,95,0,2,55,0,57,9,39,104,0,152,104,0,104,256
12/01/2014,ABE,PA,AEA,EN,Combined TRACON& Tower with Radar,10,32,34,14,90,0,1,39,0,40,10,33,73,14,130,166,12,178,308
12/02/2014,ABE,PA,AEA,EN,Combined TRACON& Tower with Radar,8,37,20,0,65,0,0,14,0,14,8,37,34,0,79,8,0,8,87
12/03/2014,ABE,PA,AEA,EN,Combined TRACON& Tower with Radar,10,25,27,1,63,0,0,1,1,2,10,25,28,2,65,0,0,0,65
12/04/2014,ABE,PA,AEA,EN,Combined TRACON& Tower with Radar,14,35,71,0,120,0,2,126,0,128,14,37,197,0,248,242,0,242,490
12/05/2014,ABE,PA,AEA,EN,Combined TRACON& Tower with Radar,10,28,35,0,73,0,0,23,0,23,10,28,58,0,96,52,0,52,148
12/06/2014,ABE,PA,AEA,EN,Combined TRACON& Tower with Radar,4,17,22,0,43,0,0,0,0,0,4,17,22,0,43,0,0,0,43
12/07/2014,ABE,PA,AEA,EN,Combined TRACON& Tower with Radar,6,31,40,0,77,0,1,64,0,65,6,32,104,0,142,104,0,104,246
12/08/2014,ABE,PA,AEA,EN,Combined TRACON& Tower with Radar,10,45,13,2,70,0,1,25,0,26,10,46,38,2,96,190,0,190,286
12/09/2014,ABE,PA,AEA,EN,Combined TRACON& Tower with Radar,10,23,18,0,51,0,0,0,0,0,10,23,18,0,51,0,0,0,51
12/10/2014,ABE,PA,AEA,EN,Combined TRACON& Tower with Radar,14,30,12,0,56,0,0,0,0,0,14,30,12,0,56,0,0,0,56
12/11/2014,ABE,PA,AEA,EN,Combined TRACON& Tower with Radar,14,27,33,0,74,0,4,1,0,5,14,31,34,0,79,80,0,80,159
12/12/2014,ABE,PA,AEA,EN,Combined TRACON& Tower with Radar,11,40,63,0,114,0,2,67,0,69,11,42,130,0,183,165,0,165,348
12/13/2014,ABE,PA,AEA,EN,Combined TRACON& Tower with Radar,5,14,14,0,33,0,0,47,0,47,5,14,61,0,80,245,0,245,325
12/14/2014,ABE,PA,AEA,EN,Combined TRACON& Tower with Radar,6,29,24,0,59,0,0,29,0,29,6,29,53,0,88,232,0,232,320
12/15/2014,ABE,PA,AEA,EN,Combined TRACON& Tower with Radar,10,37,53,2,102,0,0,39,2,41,10,37,92,4,143,205,0,205,348
12/16/2014,ABE,PA,AEA,EN,Combined TRACON& Tower with Radar,14,36,30,0,80,0,0,1,0,1,14,36,31,0,81,4,0,4,85
12/17/2014,ABE,PA,AEA,EN,Combined TRACON& Tower with Radar,12,35,46,1,94,0,4,63,1,68,12,39,109,2,162,138,0,138,300
12/18/2014,ABE,PA,AEA,EN,Combined TRACON& Tower with Radar,16,35,42,0,93,0,7,50,0,57,16,42,92,0,150,164,0,164,314
12/19/2014,ABE,PA,AEA,EN,Combined TRACON& Tower with Radar,14,47,26,0,87,0,4,53,0,57,14,51,79,0,144,232,0,232,376
12/20/2014,ABE,PA,AEA,EN,Combined TRACON& Tower with Radar,11,17,35,0,63,0,0,25,0,25,11,17,60,0,88,208,0,208,296
12/21/2014,ABE,PA,AEA,EN,Combined TRACON& Tower with Radar,11,24,34,0,69,0,7,34,0,41,11,31,68,0,110,114,0,114,224
12/22/2014,ABE,PA,AEA,EN,Combined TRACON& Tower with Radar,12,24,17,0,53,0,0,6,0,6,12,24,23,0,59,72,0,72,131
12/23/2014,ABE,PA,AEA,EN,Combined TRACON& Tower with Radar,11,20,33,0,64,0,0,0,0,0,11,20,33,0,64,0,0,0,64
12/24/2014,ABE,PA,AEA,EN,Combined TRACON& Tower with Radar,16,17,22,0,55,0,0,0,0,0,16,17,22,0,55,0,0,0,55
12/25/2014,ABE,PA,AEA,EN,Combined TRACON& Tower with Radar,10,13,12,0,35,0,2,5,0,7,10,15,17,0,42,15,0,15,57
12/26/2014,ABE,PA,AEA,EN,Combined TRACON& Tower with Radar,11,30,52,0,93,0,11,105,0,116,11,41,157,0,209,205,0,205,414
12/27/2014,ABE,PA,AEA,EN,Combined TRACON& Tower with Radar,9,19,42,0,70,0,4,91,0,95,9,23,133,0,165,220,0,220,385
12/28/2014,ABE,PA,AEA,EN,Combined TRACON& Tower with Radar,11,28,15,0,54,0,0,28,0,28,11,28,43,0,82,84,0,84,166
12/29/2014,ABE,PA,AEA,EN,Combined TRACON& Tower with Radar,14,20,39,0,73,0,1,65,0,66,14,21,104,0,139,116,0,116,255
12/30/2014,ABE,PA,AEA,EN,Combined TRACON& Tower with Radar,14,24,41,7,86,0,0,69,0,69,14,24,110,7,155,124,0,124,279
12/31/2014,ABE,PA,AEA,EN,Combined TRACON& Tower with Radar,14,19,25,0,58,0,0,51,0,51,14,19,76,0,109,106,0,106,215
01/02/2015,ABE,PA,AEA,EN,Combined TRACON& Tower with Radar,10,29,42,0,81,0,0,79,2,81,10,29,121,2,162,192,0,192,354
01/03/2015,ABE,PA,AEA,EN,Combined TRACON& Tower with Radar,10,28,16,0,54,0,1,3,0,4,10,29,19,0,58,36,0,36,94
01/04/2015,ABE,PA,AEA,EN,Combined TRACON& Tower with Radar,9,18,34,0,61,0,0,0,0,0,9,18,34,0,61,0,0,0,61
01/05/2015,ABE,PA,AEA,EN,Combined TRACON& Tower with Radar,11,27,18,0,56,0,3,18,0,21,11,30,36,0,77,88,0,88,165
01/06/2015,ABE,PA,AEA,EN,Combined TRACON& Tower with Radar,10,26,8,0,44,0,1,0,0,1,10,27,8,0,45,0,0,0,45
01/07/2015,ABE,PA,AEA,EN,Combined TRACON& Tower with Radar,10,30,17,0,57,0,4,7,0,11,10,34,24,0,68,126,0,126,194
01/08/2015,ABE,PA,AEA,EN,Combined TRACON& Tower with Radar,12,30,26,0,68,0,0,65,2,67,12,30,91,2,135,68,0,68,203
01/09/2015,ABE,PA,AEA,EN,Combined TRACON& Tower with Radar,13,34,36,0,83,0,1,20,2,23,13,35,56,2,106,96,0,96,202
01/10/2015,ABE,PA,AEA,EN,Combined TRACON& Tower with Radar,5,22,24,2,53,0,0,55,0,55,5,22,79,2,108,126,0,126,234
01/11/2015,ABE,PA,AEA,EN,Combined TRACON& Tower with Radar,6,26,37,0,69,0,0,83,0,83,6,26,120,0,152,154,0,154,306
01/12/2015,ABE,PA,AEA,EN,Combined TRACON& Tower with Radar,10,29,14,0,53,0,0,0,0,0,10,29,14,0,53,0,0,0,53
01/13/2015,ABE,PA,AEA,EN,Combined TRACON& Tower with Radar,8,30,36,3,77,0,4,56,2,62,8,34,92,5,139,182,0,182,321
01/14/2015,ABE,PA,AEA,EN,Combined TRACON& Tower with Radar,10,33,29,6,78,0,0,7,1,8,10,33,36,7,86,174,0,174,260
01/15/2015,ABE,PA,AEA,EN,Combined TRACON& Tower with Radar,12,30,42,0,84,0,2,60,0,62,12,32,102,0,146,222,0,222,368
01/16/2015,ABE,PA,AEA,EN,Combined TRACON& Tower with Radar,11,37,28,14,90,0,4,31,0,35,11,41,59,14,125,66,0,66,191
01/17/2015,ABE,PA,AEA,EN,Combined TRACON& Tower with Radar,5,20,33,0,58,0,1,59,0,60,5,21,92,0,118,236,0,236,354
01/18/2015,ABE,PA,AEA,EN,Combined TRACON& Tower with Radar,9,23,5,0,37,0,0,0,0,0,9,23,5,0,37,0,0,0,37
01/19/2015,ABE,PA,AEA,EN,Combined TRACON& Tower with Radar,11,32,29,0,72,0,0,34,0,34,11,32,63,0,106,171,0,171,277
01/20/2015,ABE,PA,AEA,EN,Combined TRACON& Tower with Radar,8,30,43,0,81,0,1,51,0,52,8,31,94,0,133,182,0,182,315
01/21/2015,ABE,PA,AEA,EN,Combined TRACON& Tower with Radar,10,31,30,0,71,0,4,6,0,10,10,35,36,0,81,82,0,82,163
01/22/2015,ABE,PA,AEA,EN,Combined TRACON& Tower with Radar,12,39,30,0,81,0,3,9,0,12,12,42,39,0,93,18,0,18,111
01/23/2015,ABE,PA,AEA,EN,Combined TRACON& Tower with Radar,11,41,45,0,97,0,0,80,0,80,11,41,125,0,177,114,0,114,291
01/24/2015,ABE,PA,AEA,EN,Combined TRACON& Tower with Radar,5,18,7,0,30,0,1,0,0,1,5,19,7,0,31,0,0,0,31
01/25/2015,ABE,PA,AEA,EN,Combined TRACON& Tower with Radar,6,23,23,0,52,0,0,49,0,49,6,23,72,0,101,146,0,146,247
01/26/2015,ABE,PA,AEA,EN,Combined TRACON& Tower with Radar,8,23,2,0,33,0,0,0,0,0,8,23,2,0,33,0,0,0,33
01/27/2015,ABE,PA,AEA,EN,Combined TRACON& Tower with Radar,6,19,8,0,33,0,0,8,0,8,6,19,16,0,41,80,0,80,121
01/28/2015,ABE,PA,AEA,EN,Combined TRACON& Tower with Radar,10,30,29,2,71,0,1,48,1,50,10,31,77,3,121,42,0,42,163
01/29/2015,ABE,PA,AEA,EN,Combined TRACON& Tower with Radar,12,33,42,6,93,0,0,44,1,45,12,33,86,7,138,58,8,66,204
01/30/2015,ABE,PA,AEA,EN,Combined TRACON& Tower with Radar,11,32,24,2,69,0,0,8,1,9,11,32,32,3,78,10,0,10,88
01/31/2015,ABE,PA,AEA,EN,Combined TRACON& Tower with Radar,5,18,17,0,40,0,0,34,0,34,5,18,51,0,74,74,0,74,148
02/01/2015,ABE,PA,AEA,EN,Combined TRACON& Tower with Radar,6,20,35,0,61,0,0,39,0,39,6,20,74,0,100,144,0,144,244
02/02/2015,ABE,PA,AEA,EN,Combined TRACON& Tower with Radar,15,24,13,0,52,0,1,0,0,1,15,25,13,0,53,0,0,0,53
02/03/2015,ABE,PA,AEA,EN,Combined TRACON& Tower with Radar,9,29,35,0,73,0,0,40,0,40,9,29,75,0,113,118,0,118,231
02/04/2015,ABE,PA,AEA,EN,Combined TRACON& Tower with Radar,14,24,45,1,84,0,2,64,1,67,14,26,109,2,151,154,0,154,305
02/05/2015,ABE,PA,AEA,EN,Combined TRACON& Tower with Radar,14,31,20,0,65,0,0,10,0,10,14,31,30,0,75,8,0,8,83
02/06/2015,ABE,PA,AEA,EN,Combined TRACON& Tower with Radar,11,34,35,3,83,0,0,72,0,72,11,34,107,3,155,148,10,158,313
02/07/2015,ABE,PA,AEA,EN,Combined TRACON& Tower with Radar,7,19,32,0,58,0,2,54,0,56,7,21,86,0,114,334,0,334,448
02/08/2015,ABE,PA,AEA,EN,Combined TRACON& Tower with Radar,8,32,17,1,58,0,1,23,1,25,8,33,40,2,83,210,0,210,293
02/09/2015,ABE,PA,AEA,EN,Combined TRACON& Tower with Radar,10,29,7,0,46,0,0,0,0,0,10,29,7,0,46,0,0,0,46
02/10/2015,ABE,PA,AEA,EN,Combined TRACON& Tower with Radar,8,29,18,7,62,0,0,16,2,18,8,29,34,9,80,174,0,174,254
02/11/2015,ABE,PA,AEA,EN,Combined TRACON& Tower with Radar,12,29,35,5,81,0,0,84,0,84,12,29,119,5,165,232,0,232,397
02/12/2015,ABE,PA,AEA,EN,Combined TRACON& Tower with Radar,14,29,42,0,85,0,2,12,0,14,14,31,54,0,99,0,0,0,99
02/13/2015,ABE,PA,AEA,EN,Combined TRACON& Tower with Radar,11,38,38,1,88,0,2,49,0,51,11,40,87,1,139,114,0,114,253
02/14/2015,ABE,PA,AEA,EN,Combined TRACON& Tower with Radar,7,13,12,0,32,0,0,10,0,10,7,13,22,0,42,22,0,22,64
02/15/2015,ABE,PA,AEA,EN,Combined TRACON& Tower with Radar,6,23,4,0,33,0,0,0,0,0,6,23,4,0,33,0,0,0,33
02/16/2015,ABE,PA,AEA,EN,Combined TRACON& Tower with Radar,9,25,35,0,69,0,2,61,0,63,9,27,96,0,132,227,0,227,359
02/17/2015,ABE,PA,AEA,EN,Combined TRACON& Tower with Radar,9,28,28,0,65,0,2,27,0,29,9,30,55,0,94,62,0,62,156
02/18/2015,ABE,PA,AEA,EN,Combined TRACON& Tower with Radar,8,34,34,0,76,0,0,47,0,47,8,34,81,0,123,139,0,139,262
02/19/2015,ABE,PA,AEA,EN,Combined TRACON& Tower with Radar,14,27,16,2,59,0,2,14,0,16,14,29,30,2,75,30,0,30,105
02/20/2015,ABE,PA,AEA,EN,Combined TRACON& Tower with Radar,11,33,38,0,82,0,0,44,0,44,11,33,82,0,126,113,0,113,239
02/21/2015,ABE,PA,AEA,EN,Combined TRACON& Tower with Radar,5,15,18,5,43,0,0,14,1,15,5,15,32,6,58,34,0,34,92
02/22/2015,ABE,PA,AEA,EN,Combined TRACON& Tower with Radar,6,28,23,0,57,0,0,30,0,30,6,28,53,0,87,110,0,110,197
02/23/2015,ABE,PA,AEA,EN,Combined TRACON& Tower with Radar,10,32,22,0,64,0,2,22,2,26,10,34,44,2,90,88,6,94,184
02/24/2015,ABE,PA,AEA,EN,Combined TRACON& Tower with Radar,8,34,30,6,78,0,4,39,0,43,8,38,69,6,121,50,0,50,171
02/25/2015,ABE,PA,AEA,EN,Combined TRACON& Tower with Radar,9,30,41,5,85,0,2,66,0,68,9,32,107,5,153,161,0,161,314
02/26/2015,ABE,PA,AEA,EN,Combined TRACON& Tower with Radar,13,30,24,0,67,0,1,6,2,9,13,31,30,2,76,36,2,38,114
02/27/2015,ABE,PA,AEA,EN,Combined TRACON& Tower with Radar,11,33,22,1,67,0,1,62,1,64,11,34,84,2,131,116,0,116,247
02/28/2015,ABE,PA,AEA,EN,Combined TRACON& Tower with Radar,7,19,32,0,58,0,3,86,0,89,7,22,118,0,147,224,0,224,371
03/01/2015,ABE,PA,AEA,EN,Combined TRACON& Tower with Radar,7,22,12,0,41,0,0,2,0,2,7,22,14,0,43,0,0,0,43
03/02/2015,ABE,PA,AEA,EN,Combined TRACON& Tower with Radar,12,22,17,0,51,0,0,12,0,12,12,22,29,0,63,38,0,38,101
03/03/2015,ABE,PA,AEA,EN,Combined TRACON& Tower with Radar,7,29,25,0,61,0,0,21,0,21,7,29,46,0,82,36,0,36,118
03/04/2015,ABE,PA,AEA,EN,Combined TRACON& Tower with Radar,14,26,16,0,56,0,0,0,0,0,14,26,16,0,56,0,0,0,56
03/05/2015,ABE,PA,AEA,EN,Combined TRACON& Tower with Radar,11,19,5,0,35,0,4,0,0,4,11,23,5,0,39,0,0,0,39
03/06/2015,ABE,PA,AEA,EN,Combined TRACON& Tower with Radar,10,36,32,3,81,0,2,37,0,39,10,38,69,3,120,96,0,96,216
03/07/2015,ABE,PA,AEA,EN,Combined TRACON& Tower with Radar,8,22,35,0,65,0,0,59,4,63,8,22,94,4,128,144,0,144,272
03/08/2015,ABE,PA,AEA,EN,Combined TRACON& Tower with Radar,7,35,31,0,73,0,5,61,0,66,7,40,92,0,139,170,0,170,309
03/09/2015,ABE,PA,AEA,EN,Combined TRACON& Tower with Radar,14,30,41,4,89,0,5,73,1,79,14,35,114,5,168,274,20,294,462
03/10/2015,ABE,PA,AEA,EN,Combined TRACON& Tower with Radar,6,26,20,4,56,0,0,24,2,26,6,26,44,6,82,42,32,74,156
03/11/2015,ABE,PA,AEA,EN,Combined TRACON& Tower with Radar,12,31,33,1,77,0,0,57,1,58,12,31,90,2,135,177,0,177,312
03/12/2015,ABE,PA,AEA,EN,Combined TRACON& Tower with Radar,12,34,29,2,77,0,3,41,0,44,12,37,70,2,121,208,0,208,329
03/13/2015,ABE,PA,AEA,EN,Combined TRACON& Tower with Radar,14,31,65,0,110,0,2,81,0,83,14,33,146,0,193,253,0,253,446
03/14/2015,ABE,PA,AEA,EN,Combined TRACON& Tower with Radar,9,13,17,0,39,0,0,0,0,0,9,13,17,0,39,0,0,0,39
03/15/2015,ABE,PA,AEA,EN,Combined TRACON& Tower with Radar,7,33,18,0,58,0,1,19,0,20,7,34,37,0,78,110,0,110,188
03/16/2015,ABE,PA,AEA,EN,Combined TRACON& Tower with Radar,10,32,45,0,87,0,6,58,0,64,10,38,103,0,151,132,0,132,283
03/17/2015,ABE,PA,AEA,EN,Combined TRACON& Tower with Radar,8,35,22,2,67,0,2,7,1,10,8,37,29,3,77,6,0,6,83
03/18/2015,ABE,PA,AEA,EN,Combined TRACON& Tower with Radar,12,30,21,1,64,0,2,14,0,16,12,32,35,1,80,118,0,118,198
03/19/2015,ABE,PA,AEA,EN,Combined TRACON& Tower with Radar,14,37,52,1,104,0,6,61,1,68,14,43,113,2,172,215,0,215,387
03/20/2015,ABE,PA,AEA,EN,Combined TRACON& Tower with Radar,11,22,15,0,48,0,0,0,0,0,11,22,15,0,48,0,0,0,48
03/21/2015,ABE,PA,AEA,EN,Combined TRACON& Tower with Radar,8,20,27,0,55,0,2,9,0,11,8,22,36,0,66,106,0,106,172
03/22/2015,ABE,PA,AEA,EN,Combined TRACON& Tower with Radar,7,31,40,0,78,0,0,76,0,76,7,31,116,0,154,212,0,212,366
03/23/2015,ABE,PA,AEA,EN,Combined TRACON& Tower with Radar,10,39,36,0,85,0,0,63,0,63,10,39,99,0,148,240,0,240,388
03/24/2015,ABE,PA,AEA,EN,Combined TRACON& Tower with Radar,8,32,65,0,105,0,0,75,2,77,8,32,140,2,182,342,0,342,524
03/25/2015,ABE,PA,AEA,EN,Combined TRACON& Tower with Radar,12,33,45,0,90,0,2,29,2,33,12,35,74,2,123,160,0,160,283
03/26/2015,ABE,PA,AEA,EN,Combined TRACON& Tower with Radar,12,40,23,0,75,0,0,0,0,0,12,40,23,0,75,0,0,0,75
03/27/2015,ABE,PA,AEA,EN,Combined TRACON& Tower with Radar,12,36,34,0,82,0,2,40,0,42,12,38,74,0,124,234,0,234,358
03/28/2015,ABE,PA,AEA,EN,Combined TRACON& Tower with Radar,9,17,28,0,54,0,6,40,0,46,9,23,68,0,100,94,0,94,194
03/29/2015,ABE,PA,AEA,EN,Combined TRACON& Tower with Radar,6,31,42,0,79,0,1,86,0,87,6,32,128,0,166,198,0,198,364
03/30/2015,ABE,PA,AEA,EN,Combined TRACON& Tower with Radar,10,34,22,0,66,0,1,31,0,32,10,35,53,0,98,166,0,166,264
03/31/2015,ABE,PA,AEA,EN,Combined TRACON& Tower with Radar,10,33,24,2,69,0,2,28,0,30,10,35,52,2,99,76,0,76,175
04/01/2015,ABE,PA,AEA,EN,Combined TRACON& Tower with Radar,12,32,58,0,102,0,5,92,2,99,12,37,150,2,201,240,0,240,441
04/02/2015,ABE,PA,AEA,EN,Combined TRACON& Tower with Radar,12,42,31,0,85,0,4,40,0,44,12,46,71,0,129,213,0,213,342
04/03/2015,ABE,PA,AEA,EN,Combined TRACON& Tower with Radar,11,30,41,7,89,0,0,5,0,5,11,30,46,7,94,118,0,118,212
04/04/2015,ABE,PA,AEA,EN,Combined TRACON& Tower with Radar,11,21,4,0,36,0,2,5,0,7,11,23,9,0,43,6,0,6,49
04/05/2015,ABE,PA,AEA,EN,Combined TRACON& Tower with Radar,9,32,19,0,60,0,1,27,0,28,9,33,46,0,88,34,0,34,122
04/06/2015,ABE,PA,AEA,EN,Combined TRACON& Tower with Radar,17,26,44,0,87,0,1,83,0,84,17,27,127,0,171,249,0,249,420
04/07/2015,ABE,PA,AEA,EN,Combined TRACON& Tower with Radar,8,45,36,2,91,0,5,20,0,25,8,50,56,2,116,114,0,114,230
04/08/2015,ABE,PA,AEA,EN,Combined TRACON& Tower with Radar,12,34,47,0,93,0,1,2,0,3,12,35,49,0,96,0,0,0,96
04/09/2015,ABE,PA,AEA,EN,Combined TRACON& Tower with Radar,12,38,31,0,81,0,0,0,0,0,12,38,31,0,81,14,0,14,95
04/10/2015,ABE,PA,AEA,EN,Combined TRACON& Tower with Radar,10,33,40,0,83,0,0,0,0,0,10,33,40,0,83,0,0,0,83
04/11/2015,ABE,PA,AEA,EN,Combined TRACON& Tower with Radar,10,15,36,0,61,0,3,66,0,69,10,18,102,0,130,146,0,146,276
04/12/2015,ABE,PA,AEA,EN,Combined TRACON& Tower with Radar,6,34,44,0,84,0,1,99,0,100,6,35,143,0,184,202,0,202,386
04/13/2015,ABE,PA,AEA,EN,Combined TRACON& Tower with Radar,9,35,31,2,77,0,1,58,0,59,9,36,89,2,136,62,0,62,198
04/14/2015,ABE,PA,AEA,EN,Combined TRACON& Tower with Radar,8,37,47,0,92,0,0,38,0,38,8,37,85,0,130,142,0,142,272
04/15/2015,ABE,PA,AEA,EN,Combined TRACON& Tower with Radar,10,34,47,0,91,0,3,82,3,88,10,37,129,3,179,116,0,116,295
04/16/2015,ABE,PA,AEA,EN,Combined TRACON& Tower with Radar,12,34,50,0,96,0,3,94,0,97,12,37,144,0,193,236,0,236,429
04/17/2015,ABE,PA,AEA,EN,Combined TRACON& Tower with Radar,11,31,60,5,107,0,3,6,0,9,11,34,66,5,116,98,0,98,214
04/18/2015,ABE,PA,AEA,EN,Combined TRACON& Tower with Radar,5,15,37,0,57,0,6,68,0,74,5,21,105,0,131,64,0,64,195
04/19/2015,ABE,PA,AEA,EN,Combined TRACON& Tower with Radar,6,33,31,1,71,0,2,90,1,93,6,35,121,2,164,132,0,132,296
04/20/2015,ABE,PA,AEA,EN,Combined TRACON& Tower with Radar,16,40,34,0,90,0,0,0,0,0,16,40,34,0,90,0,0,0,90
04/21/2015,ABE,PA,AEA,EN,Combined TRACON& Tower with Radar,12,39,30,0,81,0,0,41,2,43,12,39,71,2,124,120,0,120,244
04/22/2015,ABE,PA,AEA,EN,Combined TRACON& Tower with Radar,10,38,25,0,73,0,0,33,0,33,10,38,58,0,106,97,0,97,203
04/23/2015,ABE,PA,AEA,EN,Combined TRACON& Tower with Radar,14,33,22,0,69,0,2,20,2,24,14,35,42,2,93,19,0,19,112
04/24/2015,ABE,PA,AEA,EN,Combined TRACON& Tower with Radar,11,32,24,2,69,0,7,28,0,35,11,39,52,2,104,22,0,22,126
04/25/2015,ABE,PA,AEA,EN,Combined TRACON& Tower with Radar,5,17,25,0,47,0,4,66,0,70,5,21,91,0,117,142,0,142,259
04/26/2015,ABE,PA,AEA,EN,Combined TRACON& Tower with Radar,6,33,42,0,81,0,3,89,0,92,6,36,131,0,173,172,0,172,345
04/27/2015,ABE,PA,AEA,EN,Combined TRACON& Tower with Radar,10,30,49,2,91,0,6,74,1,81,10,36,123,3,172,158,0,158,330
04/28/2015,ABE,PA,AEA,EN,Combined TRACON& Tower with Radar,8,36,32,3,79,0,5,48,1,54,8,41,80,4,133,90,0,90,223
04/29/2015,ABE,PA,AEA,EN,Combined TRACON& Tower with Radar,14,37,52,0,103,0,5,101,0,106,14,42,153,0,209,246,0,246,455
04/30/2015,ABE,PA,AEA,EN,Combined TRACON& Tower with Radar,14,32,30,2,78,0,4,54,2,60,14,36,84,4,138,140,0,140,278
05/01/2015,ABE,PA,AEA,EN,Combined TRACON& Tower with Radar,11,39,42,2,94,0,0,46,0,46,11,39,88,2,140,94,0,94,234
05/02/2015,ABE,PA,AEA,EN,Combined TRACON& Tower with Radar,6,14,21,0,41,0,0,71,0,71,6,14,92,0,112,132,0,132,244
05/03/2015,ABE,PA,AEA,EN,Combined TRACON& Tower with Radar,7,36,37,0,80,0,3,88,0,91,7,39,125,0,171,238,0,238,409
05/04/2015,ABE,PA,AEA,EN,Combined TRACON& Tower with Radar,10,38,42,0,90,0,1,56,0,57,10,39,98,0,147,122,0,122,269
05/05/2015,ABE,PA,AEA,EN,Combined TRACON& Tower with Radar,8,30,44,8,90,0,0,52,1,53,8,30,96,9,143,212,8,220,363
05/06/2015,ABE,PA,AEA,EN,Combined TRACON& Tower with Radar,12,39,41,0,92,0,0,47,0,47,12,39,88,0,139,186,0,186,325
05/07/2015,ABE,PA,AEA,EN,Combined TRACON& Tower with Radar,12,47,47,6,112,0,2,93,0,95,12,49,140,6,207,144,20,164,371
05/08/2015,ABE,PA,AEA,EN,Combined TRACON& Tower with Radar,13,55,35,0,103,0,7,66,0,73,13,62,101,0,176,120,0,120,296
05/09/2015,ABE,PA,AEA,EN,Combined TRACON& Tower with Radar,8,19,26,0,53,0,2,6,0,8,8,21,32,0,61,80,0,80,141
05/10/2015,ABE,PA,AEA,EN,Combined TRACON& Tower with Radar,6,36,27,0,69,0,1,23,0,24,6,37,50,0,93,44,0,44,137
05/11/2015,ABE,PA,AEA,EN,Combined TRACON& Tower with Radar,17,35,43,0,95,0,3,44,0,47,17,38,87,0,142,148,0,148,290
05/12/2015,ABE,PA,AEA,EN,Combined TRACON& Tower with Radar,8,39,45,0,92,0,1,51,0,52,8,40,96,0,144,164,0,164,308
05/13/2015,ABE,PA,AEA,EN,Combined TRACON& Tower with Radar,12,31,36,1,80,0,0,39,1,40,12,31,75,2,120,82,0,82,202
05/14/2015,ABE,PA,AEA,EN,Combined TRACON& Tower with Radar,12,35,52,1,100,0,3,106,3,112,12,38,158,4,212,157,0,157,369
05/15/2015,ABE,PA,AEA,EN,Combined TRACON& Tower with Radar,13,31,48,5,97,0,3,78,6,87,13,34,126,11,184,46,0,46,230
05/16/2015,ABE,PA,AEA,EN,Combined TRACON& Tower with Radar,10,22,41,0,73,0,0,26,0,26,10,22,67,0,99,92,0,92,191
05/17/2015,ABE,PA,AEA,EN,Combined TRACON& Tower with Radar,7,31,53,1,92,0,1,39,0,40,7,32,92,1,132,116,0,116,248
05/18/2015,ABE,PA,AEA,EN,Combined TRACON& Tower with Radar,13,32,36,0,81,0,0,14,0,14,13,32,50,0,95,95,0,95,190
05/19/2015,ABE,PA,AEA,EN,Combined TRACON& Tower with Radar,9,40,56,7,112,0,0,16,2,18,9,40,72,9,130,104,16,120,250
05/20/2015,ABE,PA,AEA,EN,Combined TRACON& Tower with Radar,12,40,62,1,115,0,0,63,1,64,12,40,125,2,179,175,0,175,354
05/21/2015,ABE,PA,AEA,EN,Combined TRACON& Tower with Radar,12,33,46,7,98,0,1,40,1,42,12,34,86,8,140,114,8,122,262
05/22/2015,ABE,PA,AEA,EN,Combined TRACON& Tower with Radar,14,37,31,0,82,0,4,51,0,55,14,41,82,0,137,70,0,70,207
05/23/2015,ABE,PA,AEA,EN,Combined TRACON& Tower with Radar,6,16,30,0,52,0,2,82,0,84,6,18,112,0,136,152,0,152,288
05/24/2015,ABE,PA,AEA,EN,Combined TRACON& Tower with Radar,10,22,33,0,65,0,1,47,0,48,10,23,80,0,113,102,0,102,215
05/25/2015,ABE,PA,AEA,EN,Combined TRACON& Tower with Radar,12,26,44,0,82,0,3,49,0,52,12,29,93,0,134,230,0,230,364
05/26/2015,ABE,PA,AEA,EN,Combined TRACON& Tower with Radar,6,35,43,0,84,0,11,71,0,82,6,46,114,0,166,174,0,174,340
05/27/2015,ABE,PA,AEA,EN,Combined TRACON& Tower with Radar,14,37,42,0,93,0,4,24,0,28,14,41,66,0,121,206,0,206,327
05/28/2015,ABE,PA,AEA,EN,Combined TRACON& Tower with Radar,12,33,41,2,88,0,0,44,1,45,12,33,85,3,133,190,0,190,323
05/29/2015,ABE,PA,AEA,EN,Combined TRACON& Tower with Radar,13,37,47,0,97,0,1,63,0,64,13,38,110,0,161,158,0,158,319
05/30/2015,ABE,PA,AEA,EN,Combined TRACON& Tower with Radar,6,19,44,0,69,0,0,52,3,55,6,19,96,3,124,140,0,140,264
05/31/2015,ABE,PA,AEA,EN,Combined TRACON& Tower with Radar,17,37,30,0,84,0,2,23,0,25,17,39,53,0,109,74,0,74,183
06/01/2015,ABE,PA,AEA,EN,Combined TRACON& Tower with Radar,14,35,36,0,85,0,0,0,0,0,14,35,36,0,85,6,0,6,91
06/02/2015,ABE,PA,AEA,EN,Combined TRACON& Tower with Radar,10,33,35,0,78,0,0,0,0,0,10,33,35,0,78,0,0,0,78
06/03/2015,ABE,PA,AEA,EN,Combined TRACON& Tower with Radar,12,34,53,0,99,0,1,50,0,51,12,35,103,0,150,146,0,146,296
06/04/2015,ABE,PA,AEA,EN,Combined TRACON& Tower with Radar,16,41,59,0,116,0,1,57,2,60,16,42,116,2,176,151,0,151,327
06/05/2015,ABE,PA,AEA,EN,Combined TRACON& Tower with Radar,12,37,55,0,104,0,1,35,1,37,12,38,90,1,141,166,0,166,307
06/06/2015,ABE,PA,AEA,EN,Combined TRACON& Tower with Radar,7,17,39,0,63,0,2,60,0,62,7,19,99,0,125,196,0,196,321
06/07/2015,ABE,PA,AEA,EN,Combined TRACON& Tower with Radar,7,32,57,0,96,0,3,99,0,102,7,35,156,0,198,166,0,166,364
06/08/2015,ABE,PA,AEA,EN,Combined TRACON& Tower with Radar,11,33,28,0,72,0,0,42,0,42,11,33,70,0,114,100,0,100,214
06/09/2015,ABE,PA,AEA,EN,Combined TRACON& Tower with Radar,7,36,29,0,72,0,1,27,0,28,7,37,56,0,100,128,0,128,228
06/10/2015,ABE,PA,AEA,EN,Combined TRACON& Tower with Radar,11,40,35,2,88,0,6,67,2,75,11,46,102,4,163,152,0,152,315
06/11/2015,ABE,PA,AEA,EN,Combined TRACON& Tower with Radar,13,39,54,0,106,0,4,41,0,45,13,43,95,0,151,72,0,72,223
06/12/2015,ABE,PA,AEA,EN,Combined TRACON& Tower with Radar,14,47,50,0,111,0,3,48,0,51,14,50,98,0,162,160,0,160,322
06/13/2015,ABE,PA,AEA,EN,Combined TRACON& Tower with Radar,6,18,30,0,54,0,1,48,0,49,6,19,78,0,103,154,0,154,257
06/14/2015,ABE,PA,AEA,EN,Combined TRACON& Tower with Radar,7,30,28,0,65,0,1,44,0,45,7,31,72,0,110,76,0,76,186
06/15/2015,ABE,PA,AEA,EN,Combined TRACON& Tower with Radar,28,36,25,0,89,0,0,13,0,13,28,36,38,0,102,10,0,10,112
06/16/2015,ABE,PA,AEA,EN,Combined TRACON& Tower with Radar,13,33,23,1,70,0,0,33,0,33,13,33,56,1,103,36,0,36,139
06/17/2015,ABE,PA,AEA,EN,Combined TRACON& Tower with Radar,12,35,27,3,77,0,4,51,1,56,12,39,78,4,133,157,0,157,290
06/18/2015,ABE,PA,AEA,EN,Combined TRACON& Tower with Radar,11,30,22,0,63,0,0,1,0,1,11,30,23,0,64,0,0,0,64
06/19/2015,ABE,PA,AEA,EN,Combined TRACON& Tower with Radar,14,43,44,0,101,0,7,49,0,56,14,50,93,0,157,206,0,206,363
06/20/2015,ABE,PA,AEA,EN,Combined TRACON& Tower with Radar,12,23,34,0,69,0,0,5,0,5,12,23,39,0,74,0,0,0,74
06/21/2015,ABE,PA,AEA,EN,Combined TRACON& Tower with Radar,11,35,18,0,64,0,1,17,0,18,11,36,35,0,82,42,0,42,124
06/22/2015,ABE,PA,AEA,EN,Combined TRACON& Tower with Radar,14,38,53,0,105,0,2,48,0,50,14,40,101,0,155,87,0,87,242
06/23/2015,ABE,PA,AEA,EN,Combined TRACON& Tower with Radar,12,28,24,0,64,0,4,19,1,24,12,32,43,1,88,102,0,102,190
06/24/2015,ABE,PA,AEA,EN,Combined TRACON& Tower with Radar,15,34,36,1,86,0,2,59,0,61,15,36,95,1,147,218,0,218,365
06/25/2015,ABE,PA,AEA,EN,Combined TRACON& Tower with Radar,13,34,32,0,79,0,5,33,1,39,13,39,65,1,118,104,0,104,222
06/26/2015,ABE,PA,AEA,EN,Combined TRACON& Tower with Radar,13,40,36,0,89,0,2,44,1,47,13,42,80,1,136,136,0,136,272
06/27/2015,ABE,PA,AEA,EN,Combined TRACON& Tower with Radar,10,21,30,0,61,0,0,1,0,1,10,21,31,0,62,0,0,0,62
06/28/2015,ABE,PA,AEA,EN,Combined TRACON& Tower with Radar,7,34,28,4,73,0,0,15,0,15,7,34,43,4,88,84,0,84,172
06/29/2015,ABE,PA,AEA,EN,Combined TRACON& Tower with Radar,12,31,50,0,93,0,4,81,0,85,12,35,131,0,178,144,0,144,322
06/30/2015,ABE,PA,AEA,EN,Combined TRACON& Tower with Radar,14,26,28,0,68,0,2,24,0,26,14,28,52,0,94,20,0,20,114
07/01/2015,ABE,PA,AEA,EN,Combined TRACON& Tower with Radar,14,36,40,3,93,0,1,40,0,41,14,37,80,3,134,152,0,152,286
07/02/2015,ABE,PA,AEA,EN,Combined TRACON& Tower with Radar,12,38,39,0,89,0,3,43,0,46,12,41,82,0,135,136,0,136,271
07/03/2015,ABE,PA,AEA,EN,Combined TRACON& Tower with Radar,13,24,36,0,73,0,0,77,0,77,13,24,113,0,150,144,0,144,294
07/04/2015,ABE,PA,AEA,EN,Combined TRACON& Tower with Radar,11,14,9,0,34,0,0,3,0,3,11,14,12,0,37,52,0,52,89
07/05/2015,ABE,PA,AEA,EN,Combined TRACON& Tower with Radar,8,32,36,0,76,0,2,57,2,61,8,34,93,2,137,132,0,132,269
07/06/2015,ABE,PA,AEA,EN,Combined TRACON& Tower with Radar,12,37,25,0,74,0,2,20,0,22,12,39,45,0,96,111,0,111,207
07/07/2015,ABE,PA,AEA,EN,Combined TRACON& Tower with Radar,13,34,40,2,89,0,0,19,0,19,13,34,59,2,108,106,0,106,214
07/08/2015,ABE,PA,AEA,EN,Combined TRACON& Tower with Radar,19,37,24,2,82,0,0,34,0,34,19,37,58,2,116,60,0,60,176
07/09/2015,ABE,PA,AEA,EN,Combined TRACON& Tower with Radar,14,29,34,2,79,0,0,9,0,9,14,29,43,2,88,174,0,174,262
07/10/2015,ABE,PA,AEA,EN,Combined TRACON& Tower with Radar,13,39,43,1,96,0,2,56,1,59,13,41,99,2,155,226,0,226,381
07/11/2015,ABE,PA,AEA,EN,Combined TRACON& Tower with Radar,10,19,17,0,46,0,0,74,0,74,10,19,91,0,120,122,0,122,242
07/12/2015,ABE,PA,AEA,EN,Combined TRACON& Tower with Radar,7,26,33,0,66,0,1,75,0,76,7,27,108,0,142,148,0,148,290
07/13/2015,ABE,PA,AEA,EN,Combined TRACON& Tower with Radar,11,29,39,0,79,0,3,51,0,54,11,32,90,0,133,120,0,120,253
07/14/2015,ABE,PA,AEA,EN,Combined TRACON& Tower with Radar,14,36,47,0,97,0,0,8,0,8,14,36,55,0,105,112,0,112,217
07/15/2015,ABE,PA,AEA,EN,Combined TRACON& Tower with Radar,17,37,33,0,87,0,1,25,0,26,17,38,58,0,113,210,0,210,323
07/16/2015,ABE,PA,AEA,EN,Combined TRACON& Tower with Radar,12,32,40,0,84,0,3,58,1,62,12,35,98,1,146,206,0,206,352
07/17/2015,ABE,PA,AEA,EN,Combined TRACON& Tower with Radar,13,36,44,0,93,0,2,38,0,40,13,38,82,0,133,152,0,152,285
07/18/2015,ABE,PA,AEA,EN,Combined TRACON& Tower with Radar,10,22,38,0,70,0,0,18,0,18,10,22,56,0,88,42,0,42,130
07/19/2015,ABE,PA,AEA,EN,Combined TRACON& Tower with Radar,7,31,34,0,72,0,0,40,0,40,7,31,74,0,112,101,0,101,213
07/20/2015,ABE,PA,AEA,EN,Combined TRACON& Tower with Radar,12,34,40,0,86,0,1,58,0,59,12,35,98,0,145,70,0,70,215
07/21/2015,ABE,PA,AEA,EN,Combined TRACON& Tower with Radar,10,33,31,2,76,0,1,39,0,40,10,34,70,2,116,214,0,214,330
07/22/2015,ABE,PA,AEA,EN,Combined TRACON& Tower with Radar,14,36,39,3,92,0,5,81,1,87,14,41,120,4,179,52,0,52,231
07/23/2015,ABE,PA,AEA,EN,Combined TRACON& Tower with Radar,12,36,44,0,92,0,4,62,1,67,12,40,106,1,159,186,0,186,345
07/24/2015,ABE,PA,AEA,EN,Combined TRACON& Tower with Radar,13,38,41,2,94,0,1,53,0,54,13,39,94,2,148,116,0,116,264
07/25/2015,ABE,PA,AEA,EN,Combined TRACON& Tower with Radar,10,15,29,0,54,0,2,62,0,64,10,17,91,0,118,74,0,74,192
07/26/2015,ABE,PA,AEA,EN,Combined TRACON& Tower with Radar,7,30,32,0,69,0,2,46,0,48,7,32,78,0,117,38,0,38,155
07/27/2015,ABE,PA,AEA,EN,Combined TRACON& Tower with Radar,12,33,43,0,88,0,0,27,0,27,12,33,70,0,115,124,0,124,239
07/28/2015,ABE,PA,AEA,EN,Combined TRACON& Tower with Radar,10,36,32,0,78,0,1,31,0,32,10,37,63,0,110,112,0,112,222
07/29/2015,ABE,PA,AEA,EN,Combined TRACON& Tower with Radar,14,33,22,1,70,0,0,34,1,35,14,33,56,2,105,132,0,132,237
07/30/2015,ABE,PA,AEA,EN,Combined TRACON& Tower with Radar,16,32,38,0,86,0,2,20,0,22,16,34,58,0,108,56,0,56,164
07/31/2015,ABE,PA,AEA,EN,Combined TRACON& Tower with Radar,13,37,40,0,90,0,1,68,0,69,13,38,108,0,159,94,0,94,253
08/01/2015,ABE,PA,AEA,EN,Combined TRACON& Tower with Radar,10,19,46,0,75,0,2,58,0,60,10,21,104,0,135,140,0,140,275
08/02/2015,ABE,PA,AEA,EN,Combined TRACON& Tower with Radar,6,36,39,0,81,0,4,63,0,67,6,40,102,0,148,166,0,166,314
08/03/2015,ABE,PA,AEA,EN,Combined TRACON& Tower with Radar,13,35,23,0,71,0,0,30,0,30,13,35,53,0,101,112,0,112,213
08/04/2015,ABE,PA,AEA,EN,Combined TRACON& Tower with Radar,10,32,55,2,99,0,3,49,0,52,10,35,104,2,151,64,0,64,215
08/05/2015,ABE,PA,AEA,EN,Combined TRACON& Tower with Radar,13,34,43,2,92,0,1,50,0,51,13,35,93,2,143,181,0,181,324
08/06/2015,ABE,PA,AEA,EN,Combined TRACON& Tower with Radar,14,32,36,0,82,0,5,58,0,63,14,37,94,0,145,130,0,130,275
08/07/2015,ABE,PA,AEA,EN,Combined TRACON& Tower with Radar,14,33,43,2,92,0,4,67,0,71,14,37,110,2,163,176,8,184,347
08/08/2015,ABE,PA,AEA,EN,Combined TRACON& Tower with Radar,8,16,29,0,53,0,0,61,0,61,8,16,90,0,114,118,0,118,232
08/09/2015,ABE,PA,AEA,EN,Combined TRACON& Tower with Radar,7,34,51,0,92,0,3,60,0,63,7,37,111,0,155,201,0,201,356
08/10/2015,ABE,PA,AEA,EN,Combined TRACON& Tower with Radar,12,37,27,0,76,0,1,4,0,5,12,38,31,0,81,0,0,0,81
08/11/2015,ABE,PA,AEA,EN,Combined TRACON& Tower with Radar,11,34,34,8,87,0,0,8,2,10,11,34,42,10,97,61,0,61,158
08/12/2015,ABE,PA,AEA,EN,Combined TRACON& Tower with Radar,16,39,48,0,103,0,2,71,0,73,16,41,119,0,176,92,0,92,268
08/13/2015,ABE,PA,AEA,EN,Combined TRACON& Tower with Radar,12,32,51,0,95,0,2,81,0,83,12,34,132,0,178,110,0,110,288
08/14/2015,ABE,PA,AEA,EN,Combined TRACON& Tower with Radar,13,30,55,0,98,0,6,68,0,74,13,36,123,0,172,92,0,92,264
08/15/2015,ABE,PA,AEA,EN,Combined TRACON& Tower with Radar,8,18,41,0,67,0,2,76,0,78,8,20,117,0,145,132,0,132,277
08/16/2015,ABE,PA,AEA,EN,Combined TRACON& Tower with Radar,9,32,20,0,61,0,0,55,0,55,9,32,75,0,116,196,0,196,312
08/17/2015,ABE,PA,AEA,EN,Combined TRACON& Tower with Radar,14,32,37,0,83,0,0,49,0,49,14,32,86,0,132,90,0,90,222
08/18/2015,ABE,PA,AEA,EN,Combined TRACON& Tower with Radar,10,26,37,2,75,0,0,66,2,68,10,26,103,4,143,176,2,178,321
08/19/2015,ABE,PA,AEA,EN,Combined TRACON& Tower with Radar,9,34,43,0,86,0,2,17,1,20,9,36,60,1,106,154,0,154,260
08/20/2015,ABE,PA,AEA,EN,Combined TRACON& Tower with Radar,12,34,18,0,64,0,0,7,0,7,12,34,25,0,71,16,0,16,87
08/21/2015,ABE,PA,AEA,EN,Combined TRACON& Tower with Radar,16,34,60,0,110,0,2,69,0,71,16,36,129,0,181,64,0,64,245
08/22/2015,ABE,PA,AEA,EN,Combined TRACON& Tower with Radar,6,15,50,0,71,0,0,69,0,69,6,15,119,0,140,158,0,158,298
08/23/2015,ABE,PA,AEA,EN,Combined TRACON& Tower with Radar,7,29,47,0,83,0,0,59,0,59,7,29,106,0,142,158,0,158,300
08/24/2015,ABE,PA,AEA,EN,Combined TRACON& Tower with Radar,12,27,36,0,75,0,1,43,4,48,12,28,79,4,123,286,0,286,409
08/25/2015,ABE,PA,AEA,EN,Combined TRACON& Tower with Radar,10,26,47,7,90,0,1,61,4,66,10,27,108,11,156,160,8,168,324
08/26/2015,ABE,PA,AEA,EN,Combined TRACON& Tower with Radar,8,34,34,0,76,0,2,52,0,54,8,36,86,0,130,180,0,180,310
08/27/2015,ABE,PA,AEA,EN,Combined TRACON& Tower with Radar,12,42,36,0,90,0,2,38,2,42,12,44,74,2,132,138,0,138,270
08/28/2015,ABE,PA,AEA,EN,Combined TRACON& Tower with Radar,13,34,31,4,82,0,4,81,0,85,13,38,112,4,167,150,0,150,317
08/29/2015,ABE,PA,AEA,EN,Combined TRACON& Tower with Radar,6,13,24,0,43,0,1,69,0,70,6,14,93,0,113,126,0,126,239
08/30/2015,ABE,PA,AEA,EN,Combined TRACON& Tower with Radar,7,27,44,0,78,0,0,74,0,74,7,27,118,0,152,144,0,144,296
08/31/2015,ABE,PA,AEA,EN,Combined TRACON& Tower with Radar,12,34,40,1,87,0,4,48,0,52,12,38,88,1,139,242,0,242,381
09/01/2015,ABE,PA,AEA,EN,Combined TRACON& Tower with Radar,10,32,38,0,80,0,3,38,0,41,10,35,76,0,121,298,0,298,419
09/02/2015,ABE,PA,AEA,EN,Combined TRACON& Tower with Radar,8,36,36,4,84,0,3,45,0,48,8,39,81,4,132,122,0,122,254
09/03/2015,ABE,PA,AEA,EN,Combined TRACON& Tower with Radar,12,33,37,5,87,0,3,37,0,40,12,36,74,5,127,78,0,78,205
09/04/2015,ABE,PA,AEA,EN,Combined TRACON& Tower with Radar,13,38,37,0,88,0,1,37,0,38,13,39,74,0,126,120,0,120,246
09/05/2015,ABE,PA,AEA,EN,Combined TRACON& Tower with Radar,6,14,33,0,53,0,2,51,0,53,6,16,84,0,106,46,0,46,152
09/06/2015,ABE,PA,AEA,EN,Combined TRACON& Tower with Radar,7,21,25,0,53,0,10,60,0,70,7,31,85,0,123,210,0,210,333
09/07/2015,ABE,PA,AEA,EN,Combined TRACON& Tower with Radar,10,21,40,0,71,0,8,59,0,67,10,29,99,0,138,182,0,182,320
09/08/2015,ABE,PA,AEA,EN,Combined TRACON& Tower with Radar,9,25,30,4,68,0,0,44,0,44,9,25,74,4,112,76,0,76,188
09/09/2015,ABE,PA,AEA,EN,Combined TRACON& Tower with Radar,12,29,36,2,79,0,5,33,0,38,12,34,69,2,117,64,0,64,181
09/10/2015,ABE,PA,AEA,EN,Combined TRACON& Tower with Radar,10,25,37,3,75,0,0,5,0,5,10,25,42,3,80,6,0,6,86
09/11/2015,ABE,PA,AEA,EN,Combined TRACON& Tower with Radar,15,32,36,2,85,0,1,38,0,39,15,33,74,2,124,223,0,223,347
09/12/2015,ABE,PA,AEA,EN,Combined TRACON& Tower with Radar,6,13,26,0,45,0,0,17,0,17,6,13,43,0,62,76,0,76,138
09/13/2015,ABE,PA,AEA,EN,Combined TRACON& Tower with Radar,7,23,53,0,83,0,1,32,0,33,7,24,85,0,116,210,0,210,326
09/14/2015,ABE,PA,AEA,EN,Combined TRACON& Tower with Radar,14,32,36,0,82,0,1,50,1,52,14,33,86,1,134,204,0,204,338
09/15/2015,ABE,PA,AEA,EN,Combined TRACON& Tower with Radar,14,29,29,0,72,0,2,59,0,61,14,31,88,0,133,144,0,144,277
09/16/2015,ABE,PA,AEA,EN,Combined TRACON& Tower with Radar,11,31,45,0,87,0,3,60,0,63,11,34,105,0,150,96,0,96,246
09/17/2015,ABE,PA,AEA,EN,Combined TRACON& Tower with Radar,15,37,33,0,85,0,4,86,6,96,15,41,119,6,181,122,0,122,303
09/18/2015,ABE,PA,AEA,EN,Combined TRACON& Tower with Radar,15,35,34,1,85,0,2,61,3,66,15,37,95,4,151,180,0,180,331
09/19/2015,ABE,PA,AEA,EN,Combined TRACON& Tower with Radar,10,22,16,0,48,0,4,40,0,44,10,26,56,0,92,249,0,249,341
09/20/2015,ABE,PA,AEA,EN,Combined TRACON& Tower with Radar,9,25,46,0,80,0,4,71,0,75,9,29,117,0,155,228,0,228,383
09/21/2015,ABE,PA,AEA,EN,Combined TRACON& Tower with Radar,14,36,22,0,72,0,2,40,0,42,14,38,62,0,114,72,0,72,186
09/22/2015,ABE,PA,AEA,EN,Combined TRACON& Tower with Radar,12,26,35,7,80,0,3,53,2,58,12,29,88,9,138,192,0,192,330
09/23/2015,ABE,PA,AEA,EN,Combined TRACON& Tower with Radar,10,32,33,2,77,0,0,62,0,62,10,32,95,2,139,176,0,176,315
09/24/2015,ABE,PA,AEA,EN,Combined TRACON& Tower with Radar,14,33,39,0,86,0,3,58,0,61,14,36,97,0,147,244,0,244,391
09/25/2015,ABE,PA,AEA,EN,Combined TRACON& Tower with Radar,15,31,51,3,100,0,1,42,0,43,15,32,93,3,143,160,0,160,303
09/26/2015,ABE,PA,AEA,EN,Combined TRACON& Tower with Radar,8,17,18,0,43,0,1,58,0,59,8,18,76,0,102,256,0,256,358
09/27/2015,ABE,PA,AEA,EN,Combined TRACON& Tower with Radar,9,25,54,0,88,0,0,37,0,37,9,25,91,0,125,218,0,218,343
09/28/2015,ABE,PA,AEA,EN,Combined TRACON& Tower with Radar,14,38,38,5,95,0,0,14,0,14,14,38,52,5,109,130,0,130,239
09/29/2015,ABE,PA,AEA,EN,Combined TRACON& Tower with Radar,12,27,39,0,78,0,0,3,0,3,12,27,42,0,81,30,0,30,111
09/30/2015,ABE,PA,AEA,EN,Combined TRACON& Tower with Radar,12,24,26,0,62,0,0,9,0,9,12,24,35,0,71,10,0,10,81
10/01/2015,ABE,PA,AEA,EN,Combined TRACON& Tower with Radar,14,34,22,1,71,0,1,19,0,20,14,35,41,1,91,138,0,138,229
10/02/2015,ABE,PA,AEA,EN,Combined TRACON& Tower with Radar,13,33,22,0,68,0,1,3,0,4,13,34,25,0,72,86,0,86,158
10/03/2015,ABE,PA,AEA,EN,Combined TRACON& Tower with Radar,10,17,22,0,49,0,0,0,0,0,10,17,22,0,49,0,0,0,49
10/04/2015,ABE,PA,AEA,EN,Combined TRACON& Tower with Radar,9,26,18,0,53,0,0,12,0,12,9,26,30,0,65,18,0,18,83
10/05/2015,ABE,PA,AEA,EN,Combined TRACON& Tower with Radar,11,32,36,1,80,0,0,53,1,54,11,32,89,2,134,136,2,138,272
10/06/2015,ABE,PA,AEA,EN,Combined TRACON& Tower with Radar,13,34,39,0,86,0,0,47,0,47,13,34,86,0,133,174,0,174,307
10/07/2015,ABE,PA,AEA,EN,Combined TRACON& Tower with Radar,10,34,55,0,99,0,1,60,0,61,10,35,115,0,160,216,0,216,376
10/08/2015,ABE,PA,AEA,EN,Combined TRACON& Tower with Radar,14,37,47,0,98,0,1,40,0,41,14,38,87,0,139,250,0,250,389
10/09/2015,ABE,PA,AEA,EN,Combined TRACON& Tower with Radar,15,39,30,0,84,0,0,8,0,8,15,39,38,0,92,112,0,112,204
10/10/2015,ABE,PA,AEA,EN,Combined TRACON& Tower with Radar,9,16,33,0,58,0,4,75,0,79,9,20,108,0,137,278,0,278,415
10/11/2015,ABE,PA,AEA,EN,Combined TRACON& Tower with Radar,10,35,34,0,79,0,0,72,0,72,10,35,106,0,151,152,0,152,303
10/12/2015,ABE,PA,AEA,EN,Combined TRACON& Tower with Radar,12,36,38,0,86,0,6,45,0,51,12,42,83,0,137,108,0,108,245
10/13/2015,ABE,PA,AEA,EN,Combined TRACON& Tower with Radar,14,34,60,0,108,0,0,27,0,27,14,34,87,0,135,58,0,58,193
10/14/2015,ABE,PA,AEA,EN,Combined TRACON& Tower with Radar,13,34,41,0,88,0,2,44,0,46,13,36,85,0,134,288,0,288,422
10/15/2015,ABE,PA,AEA,EN,Combined TRACON& Tower with Radar,17,36,38,0,91,0,6,56,0,62,17,42,94,0,153,194,0,194,347
10/16/2015,ABE,PA,AEA,EN,Combined TRACON& Tower with Radar,15,35,48,0,98,0,2,53,0,55,15,37,101,0,153,176,0,176,329
10/17/2015,ABE,PA,AEA,EN,Combined TRACON& Tower with Radar,10,13,25,0,48,0,4,35,0,39,10,17,60,0,87,60,0,60,147
10/18/2015,ABE,PA,AEA,EN,Combined TRACON& Tower with Radar,11,28,18,0,57,0,3,30,4,37,11,31,48,4,94,26,0,26,120
10/19/2015,ABE,PA,AEA,EN,Combined TRACON& Tower with Radar,15,35,34,2,86,0,6,55,2,63,15,41,89,4,149,244,0,244,393
10/20/2015,ABE,PA,AEA,EN,Combined TRACON& Tower with Radar,14,30,59,4,107,0,2,44,0,46,14,32,103,4,153,222,12,234,387
10/21/2015,ABE,PA,AEA,EN,Combined TRACON& Tower with Radar,12,32,41,1,86,0,1,57,1,59,12,33,98,2,145,178,0,178,323
10/22/2015,ABE,PA,AEA,EN,Combined TRACON& Tower with Radar,16,32,38,3,89,0,1,22,0,23,16,33,60,3,112,202,0,202,314
10/23/2015,ABE,PA,AEA,EN,Combined TRACON& Tower with Radar,15,31,21,0,67,0,2,56,0,58,15,33,77,0,125,168,0,168,293
10/24/2015,ABE,PA,AEA,EN,Combined TRACON& Tower with Radar,11,15,31,0,57,0,0,62,0,62,11,15,93,0,119,152,0,152,271
10/25/2015,ABE,PA,AEA,EN,Combined TRACON& Tower with Radar,11,25,51,0,87,0,2,16,0,18,11,27,67,0,105,88,0,88,193
10/26/2015,ABE,PA,AEA,EN,Combined TRACON& Tower with Radar,14,32,32,0,78,0,5,59,0,64,14,37,91,0,142,264,0,264,406
10/27/2015,ABE,PA,AEA,EN,Combined TRACON& Tower with Radar,18,36,31,2,87,0,6,50,2,58,18,42,81,4,145,164,0,164,309
10/28/2015,ABE,PA,AEA,EN,Combined TRACON& Tower with Radar,14,44,19,0,77,0,0,0,0,0,14,44,19,0,77,4,0,4,81
10/29/2015,ABE,PA,AEA,EN,Combined TRACON& Tower with Radar,16,37,34,2,89,0,1,19,0,20,16,38,53,2,109,180,0,180,289
10/30/2015,ABE,PA,AEA,EN,Combined TRACON& Tower with Radar,15,31,43,4,93,0,3,52,2,57,15,34,95,6,150,286,0,286,436
10/31/2015,ABE,PA,AEA,EN,Combined TRACON& Tower with Radar,10,15,23,0,48,0,4,79,0,83,10,19,102,0,131,118,0,118,249
11/01/2015,ABE,PA,AEA,EN,Combined TRACON& Tower with Radar,15,18,48,0,81,0,6,43,0,49,15,24,91,0,130,132,0,132,262
11/02/2015,ABE,PA,AEA,EN,Combined TRACON& Tower with Radar,22,38,23,2,85,0,4,38,0,42,22,42,61,2,127,156,0,156,283
11/03/2015,ABE,PA,AEA,EN,Combined TRACON& Tower with Radar,22,29,32,0,83,0,6,54,0,60,22,35,86,0,143,228,0,228,371
11/04/2015,ABE,PA,AEA,EN,Combined TRACON& Tower with Radar,18,29,50,0,97,0,0,56,0,56,18,29,106,0,153,248,0,248,401
11/05/2015,ABE,PA,AEA,EN,Combined TRACON& Tower with Radar,20,33,44,7,104,0,0,4,0,4,20,33,48,7,108,138,0,138,246
11/06/2015,ABE,PA,AEA,EN,Combined TRACON& Tower with Radar,19,26,33,4,82,0,0,20,0,20,19,26,53,4,102,94,4,98,200
11/07/2015,ABE,PA,AEA,EN,Combined TRACON& Tower with Radar,12,15,35,0,62,0,5,51,0,56,12,20,86,0,118,204,0,204,322
11/08/2015,ABE,PA,AEA,EN,Combined TRACON& Tower with Radar,15,25,46,0,86,0,4,75,0,79,15,29,121,0,165,244,0,244,409
11/09/2015,ABE,PA,AEA,EN,Combined TRACON& Tower with Radar,19,25,30,0,74,0,2,42,0,44,19,27,72,0,118,112,0,112,230
11/10/2015,ABE,PA,AEA,EN,Combined TRACON& Tower with Radar,19,30,42,0,91,0,0,0,0,0,19,30,42,0,91,0,0,0,91
11/11/2015,ABE,PA,AEA,EN,Combined TRACON& Tower with Radar,18,32,37,2,89,0,0,26,0,26,18,32,63,2,115,158,20,178,293
11/12/2015,ABE,PA,AEA,EN,Combined TRACON& Tower with Radar,24,31,33,0,88,0,0,1,0,1,24,31,34,0,89,0,0,0,89
11/13/2015,ABE,PA,AEA,EN,Combined TRACON& Tower with Radar,19,31,15,1,66,0,4,14,1,19,19,35,29,2,85,5,0,5,90
11/14/2015,ABE,PA,AEA,EN,Combined TRACON& Tower with Radar,14,21,17,0,52,0,2,18,0,20,14,23,35,0,72,14,0,14,86
11/15/2015,ABE,PA,AEA,EN,Combined TRACON& Tower with Radar,15,24,42,0,81,0,4,69,0,73,15,28,111,0,154,206,0,206,360
11/16/2015,ABE,PA,AEA,EN,Combined TRACON& Tower with Radar,18,32,42,0,92,0,3,80,0,83,18,35,122,0,175,192,0,192,367
11/17/2015,ABE,PA,AEA,EN,Combined TRACON& Tower with Radar,18,29,38,0,85,0,2,52,0,54,18,31,90,0,139,216,0,216,355
11/18/2015,ABE,PA,AEA,EN,Combined TRACON& Tower with Radar,18,26,28,0,72,0,1,21,2,24,18,27,49,2,96,220,0,220,316
11/19/2015,ABE,PA,AEA,EN,Combined TRACON& Tower with Radar,22,32,22,0,76,0,0,0,0,0,22,32,22,0,76,0,0,0,76
11/20/2015,ABE,PA,AEA,EN,Combined TRACON& Tower with Radar,19,34,37,0,90,0,3,67,0,70,19,37,104,0,160,160,0,160,320
11/21/2015,ABE,PA,AEA,EN,Combined TRACON& Tower with Radar,12,14,23,0,49,0,3,64,0,67,12,17,87,0,116,158,0,158,274
11/22/2015,ABE,PA,AEA,EN,Combined TRACON& Tower with Radar,15,16,30,0,61,0,3,51,0,54,15,19,81,0,115,176,0,176,291
11/23/2015,ABE,PA,AEA,EN,Combined TRACON& Tower with Radar,18,21,23,3,65,0,1,42,1,44,18,22,65,4,109,152,0,152,261
11/24/2015,ABE,PA,AEA,EN,Combined TRACON& Tower with Radar,19,34,38,2,93,0,3,69,3,75,19,37,107,5,168,204,6,210,378
11/25/2015,ABE,PA,AEA,EN,Combined TRACON& Tower with Radar,24,29,27,2,82,0,5,43,0,48,24,34,70,2,130,170,0,170,300
11/26/2015,ABE,PA,AEA,EN,Combined TRACON& Tower with Radar,12,13,7,0,32,0,1,24,0,25,12,14,31,0,57,2,0,2,59
11/27/2015,ABE,PA,AEA,EN,Combined TRACON& Tower with Radar,17,19,14,0,50,0,2,35,0,37,17,21,49,0,87,74,0,74,161
11/28/2015,ABE,PA,AEA,EN,Combined TRACON& Tower with Radar,17,25,23,0,65,0,1,11,0,12,17,26,34,0,77,160,0,160,237
11/29/2015,ABE,PA,AEA,EN,Combined TRACON& Tower with Radar,21,27,60,0,108,0,2,47,0,49,21,29,107,0,157,76,0,76,233
11/30/2015,ABE,PA,AEA,EN,Combined TRACON& Tower with Radar,22,31,26,0,79,0,0,35,0,35,22,31,61,0,114,176,0,176,290
12/01/2015,ABE,PA,AEA,EN,Combined TRACON& Tower with Radar,22,24,21,0,67,0,0,0,0,0,22,24,21,0,67,0,0,0,67
12/02/2015,ABE,PA,AEA,EN,Combined TRACON& Tower with Radar,18,22,11,0,51,0,0,0,0,0,18,22,11,0,51,0,0,0,51
12/03/2015,ABE,PA,AEA,EN,Combined TRACON& Tower with Radar,22,27,21,0,70,0,1,22,0,23,22,28,43,0,93,72,0,72,165
12/04/2015,ABE,PA,AEA,EN,Combined TRACON& Tower with Radar,22,25,22,4,73,0,4,52,0,56,22,29,74,4,129,192,0,192,321
12/05/2015,ABE,PA,AEA,EN,Combined TRACON& Tower with Radar,14,11,34,0,59,0,0,60,0,60,14,11,94,0,119,148,0,148,267
12/06/2015,ABE,PA,AEA,EN,Combined TRACON& Tower with Radar,22,23,45,0,90,0,3,64,0,67,22,26,109,0,157,212,0,212,369
12/07/2015,ABE,PA,AEA,EN,Combined TRACON& Tower with Radar,25,23,40,0,88,0,2,42,1,45,25,25,82,1,133,206,0,206,339
12/08/2015,ABE,PA,AEA,EN,Combined TRACON& Tower with Radar,17,26,37,1,81,0,1,59,0,60,17,27,96,1,141,238,0,238,379
12/09/2015,ABE,PA,AEA,EN,Combined TRACON& Tower with Radar,18,29,52,2,101,0,3,23,0,26,18,32,75,2,127,146,0,146,273
12/10/2015,ABE,PA,AEA,EN,Combined TRACON& Tower with Radar,22,31,37,0,90,0,0,25,0,25,22,31,62,0,115,136,0,136,251
12/11/2015,ABE,PA,AEA,EN,Combined TRACON& Tower with Radar,24,27,29,0,80,0,0,21,0,21,24,27,50,0,101,138,0,138,239
12/12/2015,ABE,PA,AEA,EN,Combined TRACON& Tower with Radar,13,21,20,2,56,0,0,35,0,35,13,21,55,2,91,172,0,172,263
12/13/2015,ABE,PA,AEA,EN,Combined TRACON& Tower with Radar,19,20,36,0,75,0,1,47,0,48,19,21,83,0,123,338,0,338,461
12/14/2015,ABE,PA,AEA,EN,Combined TRACON& Tower with Radar,24,24,34,0,82,0,0,0,0,0,24,24,34,0,82,0,0,0,82
12/15/2015,ABE,PA,AEA,EN,Combined TRACON& Tower with Radar,16,26,30,1,73,0,5,36,0,41,16,31,66,1,114,105,0,105,219
12/16/2015,ABE,PA,AEA,EN,Combined TRACON& Tower with Radar,20,23,60,0,103,0,1,56,0,57,20,24,116,0,160,163,0,163,323
12/17/2015,ABE,PA,AEA,EN,Combined TRACON& Tower with Radar,22,22,26,1,71,0,0,0,0,0,22,22,26,1,71,0,0,0,71
12/18/2015,ABE,PA,AEA,EN,Combined TRACON& Tower with Radar,25,31,35,0,91,0,5,35,0,40,25,36,70,0,131,146,0,146,277
12/19/2015,ABE,PA,AEA,EN,Combined TRACON& Tower with Radar,18,18,34,0,70,0,4,32,0,36,18,22,66,0,106,84,0,84,190
12/20/2015,ABE,PA,AEA,EN,Combined TRACON& Tower with Radar,19,17,44,0,80,0,4,66,0,70,19,21,110,0,150,180,0,180,330
12/21/2015,ABE,PA,AEA,EN,Combined TRACON& Tower with Radar,20,26,47,0,93,0,7,54,0,61,20,33,101,0,154,264,0,264,418
12/22/2015,ABE,PA,AEA,EN,Combined TRACON& Tower with Radar,23,18,19,0,60,0,0,1,0,1,23,18,20,0,61,0,0,0,61
12/23/2015,ABE,PA,AEA,EN,Combined TRACON& Tower with Radar,22,20,12,0,54,0,0,0,0,0,22,20,12,0,54,0,0,0,54
12/24/2015,ABE,PA,AEA,EN,Combined TRACON& Tower with Radar,16,20,14,0,50,0,0,2,0,2,16,20,16,0,52,0,0,0,52
12/25/2015,ABE,PA,AEA,EN,Combined TRACON& Tower with Radar,8,11,6,0,25,0,0,0,0,0,8,11,6,0,25,0,0,0,25
12/26/2015,ABE,PA,AEA,EN,Combined TRACON& Tower with Radar,8,28,29,0,65,0,0,17,0,17,8,28,46,0,82,118,0,118,200
12/27/2015,ABE,PA,AEA,EN,Combined TRACON& Tower with Radar,17,21,21,1,60,0,0,0,0,0,17,21,21,1,60,0,0,0,60
12/28/2015,ABE,PA,AEA,EN,Combined TRACON& Tower with Radar,18,20,16,0,54,0,1,41,0,42,18,21,57,0,96,78,0,78,174
12/29/2015,ABE,PA,AEA,EN,Combined TRACON& Tower with Radar,21,25,16,0,62,0,0,0,0,0,21,25,16,0,62,0,0,0,62
12/30/2015,ABE,PA,AEA,EN,Combined TRACON& Tower with Radar,22,21,9,0,52,0,0,0,0,0,22,21,9,0,52,0,0,0,52
12/31/2015,ABE,PA,AEA,EN,Combined TRACON& Tower with Radar,13,18,74,0,105,0,2,23,0,25,13,20,97,0,130,164,0,164,294
01/02/2016,ABE,PA,AEA,EN,Combined TRACON& Tower with Radar,9,19,32,0,60,0,2,59,0,61,9,21,91,0,121,216,0,216,337
01/03/2016,ABE,PA,AEA,EN,Combined TRACON& Tower with Radar,17,14,38,0,69,0,1,57,0,58,17,15,95,0,127,210,0,210,337
01/04/2016,ABE,PA,AEA,EN,Combined TRACON& Tower with Radar,16,20,27,2,65,0,0,26,0,26,16,20,53,2,91,24,0,24,115
01/05/2016,ABE,PA,AEA,EN,Combined TRACON& Tower with Radar,18,20,18,3,59,0,1,48,3,52,18,21,66,6,111,176,0,176,287
01/06/2016,ABE,PA,AEA,EN,Combined TRACON& Tower with Radar,21,18,37,3,79,0,3,62,0,65,21,21,99,3,144,212,0,212,356
01/07/2016,ABE,PA,AEA,EN,Combined TRACON& Tower with Radar,22,26,46,2,96,0,3,19,0,22,22,29,65,2,118,46,0,46,164
01/08/2016,ABE,PA,AEA,EN,Combined TRACON& Tower with Radar,20,22,17,1,60,0,1,23,1,25,20,23,40,2,85,218,0,218,303
01/09/2016,ABE,PA,AEA,EN,Combined TRACON& Tower with Radar,12,12,40,0,64,0,0,0,0,0,12,12,40,0,64,0,0,0,64
01/10/2016,ABE,PA,AEA,EN,Combined TRACON& Tower with Radar,18,24,18,0,60,0,1,3,0,4,18,25,21,0,64,0,0,0,64
01/11/2016,ABE,PA,AEA,EN,Combined TRACON& Tower with Radar,24,18,22,0,64,0,0,41,0,41,24,18,63,0,105,111,0,111,216
01/12/2016,ABE,PA,AEA,EN,Combined TRACON& Tower with Radar,17,22,25,3,67,0,0,13,1,14,17,22,38,4,81,106,0,106,187
01/13/2016,ABE,PA,AEA,EN,Combined TRACON& Tower with Radar,20,19,15,2,56,0,3,47,2,52,20,22,62,4,108,122,0,122,230
01/14/2016,ABE,PA,AEA,EN,Combined TRACON& Tower with Radar,24,24,23,2,73,0,0,38,0,38,24,24,61,2,111,180,0,180,291
01/15/2016,ABE,PA,AEA,EN,Combined TRACON& Tower with Radar,23,26,35,0,84,0,2,58,0,60,23,28,93,0,144,174,0,174,318
01/16/2016,ABE,PA,AEA,EN,Combined TRACON& Tower with Radar,12,16,8,0,36,0,1,28,0,29,12,17,36,0,65,68,0,68,133
01/17/2016,ABE,PA,AEA,EN,Combined TRACON& Tower with Radar,15,16,34,0,65,0,0,40,0,40,15,16,74,0,105,66,0,66,171
01/18/2016,ABE,PA,AEA,EN,Combined TRACON& Tower with Radar,22,20,12,0,54,0,0,6,0,6,22,20,18,0,60,42,0,42,102
01/19/2016,ABE,PA,AEA,EN,Combined TRACON& Tower with Radar,19,26,10,0,55,0,3,11,2,16,19,29,21,2,71,12,0,12,83
01/20/2016,ABE,PA,AEA,EN,Combined TRACON& Tower with Radar,19,18,34,4,75,0,4,56,2,62,19,22,90,6,137,86,0,86,223
01/21/2016,ABE,PA,AEA,EN,Combined TRACON& Tower with Radar,24,27,20,2,73,0,0,41,2,43,24,27,61,4,116,26,0,26,142
01/22/2016,ABE,PA,AEA,EN,Combined TRACON& Tower with Radar,18,22,19,0,59,0,1,26,0,27,18,23,45,0,86,64,0,64,150
01/23/2016,ABE,PA,AEA,EN,Combined TRACON& Tower with Radar,2,2,1,0,5,0,0,0,0,0,2,2,1,0,5,0,0,0,5
01/24/2016,ABE,PA,AEA,EN,Combined TRACON& Tower with Radar,16,10,7,0,33,0,5,8,0,13,16,15,15,0,46,0,0,0,46
01/25/2016,ABE,PA,AEA,EN,Combined TRACON& Tower with Radar,22,21,30,2,75,0,2,18,0,20,22,23,48,2,95,32,0,32,127
01/26/2016,ABE,PA,AEA,EN,Combined TRACON& Tower with Radar,18,23,22,0,63,0,2,13,0,15,18,25,35,0,78,98,0,98,176
01/27/2016,ABE,PA,AEA,EN,Combined TRACON& Tower with Radar,20,18,24,2,64,0,2,40,3,45,20,20,64,5,109,238,0,238,347
01/28/2016,ABE,PA,AEA,EN,Combined TRACON& Tower with Radar,25,20,32,5,82,0,3,30,1,34,25,23,62,6,116,128,0,128,244
01/29/2016,ABE,PA,AEA,EN,Combined TRACON& Tower with Radar,22,25,26,0,73,0,1,9,2,12,22,26,35,2,85,82,0,82,167
01/30/2016,ABE,PA,AEA,EN,Combined TRACON& Tower with Radar,12,12,37,0,61,0,2,60,0,62,12,14,97,0,123,92,0,92,215
01/31/2016,ABE,PA,AEA,EN,Combined TRACON& Tower with Radar,20,16,40,0,76,0,1,61,2,64,20,17,101,2,140,178,0,178,318
02/01/2016,ABE,PA,AEA,EN,Combined TRACON& Tower with Radar,21,22,24,5,72,0,2,24,4,30,21,24,48,9,102,62,0,62,164
02/02/2016,ABE,PA,AEA,EN,Combined TRACON& Tower with Radar,16,20,34,0,70,0,0,46,0,46,16,20,80,0,116,144,0,144,260
02/03/2016,ABE,PA,AEA,EN,Combined TRACON& Tower with Radar,15,21,9,0,45,0,1,0,0,1,15,22,9,0,46,0,0,0,46
02/04/2016,ABE,PA,AEA,EN,Combined TRACON& Tower with Radar,25,25,24,8,82,0,4,29,0,33,25,29,53,8,115,120,4,124,239
02/05/2016,ABE,PA,AEA,EN,Combined TRACON& Tower with Radar,27,27,26,0,80,0,2,24,0,26,27,29,50,0,106,80,0,80,186
02/06/2016,ABE,PA,AEA,EN,Combined TRACON& Tower with Radar,10,15,23,0,48,0,4,56,0,60,10,19,79,0,108,98,0,98,206
02/07/2016,ABE,PA,AEA,EN,Combined TRACON& Tower with Radar,16,16,32,0,64,0,3,60,0,63,16,19,92,0,127,30,0,30,157
02/08/2016,ABE,PA,AEA,EN,Combined TRACON& Tower with Radar,24,29,28,3,84,0,2,24,2,28,24,31,52,5,112,60,0,60,172
02/09/2016,ABE,PA,AEA,EN,Combined TRACON& Tower with Radar,15,19,8,0,42,0,0,1,0,1,15,19,9,0,43,0,0,0,43
02/10/2016,ABE,PA,AEA,EN,Combined TRACON& Tower with Radar,19,21,18,0,58,0,0,12,0,12,19,21,30,0,70,102,0,102,172
02/11/2016,ABE,PA,AEA,EN,Combined TRACON& Tower with Radar,22,27,25,0,74,0,2,11,2,15,22,29,36,2,89,12,0,12,101
02/12/2016,ABE,PA,AEA,EN,Combined TRACON& Tower with Radar,22,25,27,4,78,0,3,46,0,49,22,28,73,4,127,112,0,112,239
02/13/2016,ABE,PA,AEA,EN,Combined TRACON& Tower with Radar,15,14,7,1,37,0,2,6,0,8,15,16,13,1,45,0,0,0,45
02/14/2016,ABE,PA,AEA,EN,Combined TRACON& Tower with Radar,15,16,33,0,64,0,3,28,1,32,15,19,61,1,96,80,0,80,176
02/15/2016,ABE,PA,AEA,EN,Combined TRACON& Tower with Radar,20,16,13,0,49,0,0,5,0,5,20,16,18,0,54,20,0,20,74
02/16/2016,ABE,PA,AEA,EN,Combined TRACON& Tower with Radar,24,28,13,0,65,0,0,0,0,0,24,28,13,0,65,0,0,0,65
02/17/2016,ABE,PA,AEA,EN,Combined TRACON& Tower with Radar,22,30,24,0,76,0,1,29,0,30,22,31,53,0,106,48,0,48,154
02/18/2016,ABE,PA,AEA,EN,Combined TRACON& Tower with Radar,22,24,26,2,74,0,3,32,8,43,22,27,58,10,117,92,16,108,225
02/19/2016,ABE,PA,AEA,EN,Combined TRACON& Tower with Radar,21,25,38,1,85,0,3,53,2,58,21,28,91,3,143,99,0,99,242
02/20/2016,ABE,PA,AEA,EN,Combined TRACON& Tower with Radar,12,20,35,0,67,0,3,57,1,61,12,23,92,1,128,72,4,76,204
02/21/2016,ABE,PA,AEA,EN,Combined TRACON& Tower with Radar,17,25,41,1,84,0,0,63,1,64,17,25,104,2,148,148,0,148,296
02/22/2016,ABE,PA,AEA,EN,Combined TRACON& Tower with Radar,21,18,46,0,85,0,0,71,0,71,21,18,117,0,156,120,0,120,276
02/23/2016,ABE,PA,AEA,EN,Combined TRACON& Tower with Radar,15,23,14,2,54,0,0,2,0,2,15,23,16,2,56,6,0,6,62
02/24/2016,ABE,PA,AEA,EN,Combined TRACON& Tower with Radar,22,18,34,0,74,0,0,0,0,0,22,18,34,0,74,0,0,0,74
02/25/2016,ABE,PA,AEA,EN,Combined TRACON& Tower with Radar,22,24,24,0,70,0,1,1,0,2,22,25,25,0,72,0,0,0,72
02/26/2016,ABE,PA,AEA,EN,Combined TRACON& Tower with Radar,19,27,38,0,84,0,0,30,2,32,19,27,68,2,116,0,0,0,116
02/27/2016,ABE,PA,AEA,EN,Combined TRACON& Tower with Radar,12,14,37,0,63,0,2,67,0,69,12,16,104,0,132,174,0,174,306
02/28/2016,ABE,PA,AEA,EN,Combined TRACON& Tower with Radar,17,24,23,0,64,0,0,41,0,41,17,24,64,0,105,140,0,140,245
02/29/2016,ABE,PA,AEA,EN,Combined TRACON& Tower with Radar,18,22,17,0,57,0,0,20,0,20,18,22,37,0,77,26,0,26,103
03/01/2016,ABE,PA,AEA,EN,Combined TRACON& Tower with Radar,17,27,38,1,83,0,1,43,1,45,17,28,81,2,128,102,0,102,230
03/02/2016,ABE,PA,AEA,EN,Combined TRACON& Tower with Radar,23,17,18,0,58,0,0,3,0,3,23,17,21,0,61,0,0,0,61
03/03/2016,ABE,PA,AEA,EN,Combined TRACON& Tower with Radar,24,22,58,2,106,0,2,60,1,63,24,24,118,3,169,182,2,184,353
03/04/2016,ABE,PA,AEA,EN,Combined TRACON& Tower with Radar,21,25,25,0,71,0,1,9,0,10,21,26,34,0,81,62,0,62,143
03/05/2016,ABE,PA,AEA,EN,Combined TRACON& Tower with Radar,14,16,44,0,74,0,1,80,0,81,14,17,124,0,155,64,0,64,219
03/06/2016,ABE,PA,AEA,EN,Combined TRACON& Tower with Radar,18,17,28,0,63,0,0,44,0,44,18,17,72,0,107,102,0,102,209
03/07/2016,ABE,PA,AEA,EN,Combined TRACON& Tower with Radar,22,21,19,1,63,0,5,36,1,42,22,26,55,2,105,112,0,112,217
03/08/2016,ABE,PA,AEA,EN,Combined TRACON& Tower with Radar,22,22,38,0,82,0,5,63,0,68,22,27,101,0,150,33,0,33,183
03/09/2016,ABE,PA,AEA,EN,Combined TRACON& Tower with Radar,22,19,33,0,74,0,4,60,0,64,22,23,93,0,138,160,0,160,298
03/10/2016,ABE,PA,AEA,EN,Combined TRACON& Tower with Radar,23,26,33,0,82,0,4,30,0,34,23,30,63,0,116,134,0,134,250
03/11/2016,ABE,PA,AEA,EN,Combined TRACON& Tower with Radar,21,32,31,2,86,0,1,27,4,32,21,33,58,6,118,30,2,32,150
03/12/2016,ABE,PA,AEA,EN,Combined TRACON& Tower with Radar,15,21,34,0,70,0,0,91,2,93,15,21,125,2,163,168,0,168,331
03/13/2016,ABE,PA,AEA,EN,Combined TRACON& Tower with Radar,17,21,41,0,79,0,1,38,0,39,17,22,79,0,118,177,0,177,295
03/14/2016,ABE,PA,AEA,EN,Combined TRACON& Tower with Radar,22,19,22,0,63,0,0,0,0,0,22,19,22,0,63,0,0,0,63
03/15/2016,ABE,PA,AEA,EN,Combined TRACON& Tower with Radar,22,22,22,6,72,0,1,18,2,21,22,23,40,8,93,2,0,2,95
03/16/2016,ABE,PA,AEA,EN,Combined TRACON& Tower with Radar,22,18,37,0,77,0,1,36,0,37,22,19,73,0,114,123,0,123,237
03/17/2016,ABE,PA,AEA,EN,Combined TRACON& Tower with Radar,24,25,27,0,76,0,0,13,0,13,24,25,40,0,89,18,0,18,107
03/18/2016,ABE,PA,AEA,EN,Combined TRACON& Tower with Radar,22,21,23,0,66,0,0,38,0,38,22,21,61,0,104,14,0,14,118
03/19/2016,ABE,PA,AEA,EN,Combined TRACON& Tower with Radar,14,18,39,1,72,0,4,64,2,70,14,22,103,3,142,94,0,94,236
03/20/2016,ABE,PA,AEA,EN,Combined TRACON& Tower with Radar,17,23,29,0,69,0,4,40,0,44,17,27,69,0,113,58,0,58,171
03/21/2016,ABE,PA,AEA,EN,Combined TRACON& Tower with Radar,22,20,9,0,51,0,5,19,0,24,22,25,28,0,75,100,0,100,175
03/22/2016,ABE,PA,AEA,EN,Combined TRACON& Tower with Radar,26,29,43,2,100,0,11,62,1,74,26,40,105,3,174,151,0,151,325
03/23/2016,ABE,PA,AEA,EN,Combined TRACON& Tower with Radar,22,28,28,1,79,0,0,52,0,52,22,28,80,1,131,144,0,144,275
03/24/2016,ABE,PA,AEA,EN,Combined TRACON& Tower with Radar,24,25,35,1,85,0,1,39,0,40,24,26,74,1,125,36,0,36,161
03/25/2016,ABE,PA,AEA,EN,Combined TRACON& Tower with Radar,23,21,27,3,74,0,0,10,0,10,23,21,37,3,84,22,4,26,110
03/26/2016,ABE,PA,AEA,EN,Combined TRACON& Tower with Radar,16,14,31,0,61,0,2,71,0,73,16,16,102,0,134,156,0,156,290
03/27/2016,ABE,PA,AEA,EN,Combined TRACON& Tower with Radar,18,21,33,0,72,0,1,8,0,9,18,22,41,0,81,14,0,14,95
03/28/2016,ABE,PA,AEA,EN,Combined TRACON& Tower with Radar,24,27,15,0,66,0,1,0,0,1,24,28,15,0,67,0,0,0,67
03/29/2016,ABE,PA,AEA,EN,Combined TRACON& Tower with Radar,22,23,24,1,70,0,2,22,1,25,22,25,46,2,95,41,0,41,136
03/30/2016,ABE,PA,AEA,EN,Combined TRACON& Tower with Radar,21,21,56,3,101,0,2,75,1,78,21,23,131,4,179,193,0,193,372
03/31/2016,ABE,PA,AEA,EN,Combined TRACON& Tower with Radar,25,22,27,1,75,0,2,24,0,26,25,24,51,1,101,30,0,30,131
04/01/2016,ABE,PA,AEA,EN,Combined TRACON& Tower with Radar,23,27,39,0,89,0,1,7,0,8,23,28,46,0,97,22,0,22,119
04/02/2016,ABE,PA,AEA,EN,Combined TRACON& Tower with Radar,15,18,19,0,52,0,2,17,0,19,15,20,36,0,71,104,0,104,175
04/03/2016,ABE,PA,AEA,EN,Combined TRACON& Tower with Radar,16,26,20,0,62,0,1,2,0,3,16,27,22,0,65,22,0,22,87
04/04/2016,ABE,PA,AEA,EN,Combined TRACON& Tower with Radar,21,19,14,0,54,0,0,1,0,1,21,19,15,0,55,0,0,0,55
04/05/2016,ABE,PA,AEA,EN,Combined TRACON& Tower with Radar,19,25,24,0,68,0,1,47,0,48,19,26,71,0,116,74,0,74,190
04/06/2016,ABE,PA,AEA,EN,Combined TRACON& Tower with Radar,23,20,42,0,85,0,2,46,2,50,23,22,88,2,135,28,0,28,163
04/07/2016,ABE,PA,AEA,EN,Combined TRACON& Tower with Radar,22,32,15,7,76,0,0,0,0,0,22,32,15,7,76,0,14,14,90
04/08/2016,ABE,PA,AEA,EN,Combined TRACON& Tower with Radar,22,28,20,0,70,0,1,18,0,19,22,29,38,0,89,14,0,14,103
04/09/2016,ABE,PA,AEA,EN,Combined TRACON& Tower with Radar,15,13,7,0,35,0,0,0,0,0,15,13,7,0,35,0,0,0,35
04/10/2016,ABE,PA,AEA,EN,Combined TRACON& Tower with Radar,17,23,47,0,87,0,3,92,0,95,17,26,139,0,182,106,0,106,288
04/11/2016,ABE,PA,AEA,EN,Combined TRACON& Tower with Radar,20,23,20,0,63,0,0,26,0,26,20,23,46,0,89,116,0,116,205
04/12/2016,ABE,PA,AEA,EN,Combined TRACON& Tower with Radar,16,30,31,0,77,0,2,28,0,30,16,32,59,0,107,91,0,91,198
04/13/2016,ABE,PA,AEA,EN,Combined TRACON& Tower with Radar,23,23,38,0,84,0,3,57,0,60,23,26,95,0,144,164,0,164,308
04/14/2016,ABE,PA,AEA,EN,Combined TRACON& Tower with Radar,23,23,34,0,80,0,1,84,0,85,23,24,118,0,165,114,0,114,279
04/15/2016,ABE,PA,AEA,EN,Combined TRACON& Tower with Radar,20,25,52,0,97,0,2,64,0,66,20,27,116,0,163,156,0,156,319
04/16/2016,ABE,PA,AEA,EN,Combined TRACON& Tower with Radar,15,18,49,0,82,0,1,83,0,84,15,19,132,0,166,268,0,268,434
04/17/2016,ABE,PA,AEA,EN,Combined TRACON& Tower with Radar,17,23,35,0,75,0,4,87,0,91,17,27,122,0,166,202,0,202,368
04/18/2016,ABE,PA,AEA,EN,Combined TRACON& Tower with Radar,18,24,25,0,67,0,3,64,0,67,18,27,89,0,134,166,0,166,300
04/19/2016,ABE,PA,AEA,EN,Combined TRACON& Tower with Radar,19,21,22,2,64,0,0,51,0,51,19,21,73,2,115,158,0,158,273
04/20/2016,ABE,PA,AEA,EN,Combined TRACON& Tower with Radar,23,22,42,1,88,0,0,66,0,66,23,22,108,1,154,194,0,194,348
04/21/2016,ABE,PA,AEA,EN,Combined TRACON& Tower with Radar,24,25,38,6,93,0,1,54,2,57,24,26,92,8,150,152,0,152,302
04/22/2016,ABE,PA,AEA,EN,Combined TRACON& Tower with Radar,22,24,34,0,80,0,1,26,0,27,22,25,60,0,107,140,0,140,247
04/23/2016,ABE,PA,AEA,EN,Combined TRACON& Tower with Radar,15,14,22,0,51,0,0,21,0,21,15,14,43,0,72,30,0,30,102
04/24/2016,ABE,PA,AEA,EN,Combined TRACON& Tower with Radar,19,24,44,0,87,0,1,69,1,71,19,25,113,1,158,100,0,100,258
04/25/2016,ABE,PA,AEA,EN,Combined TRACON& Tower with Radar,18,22,36,2,78,0,2,62,0,64,18,24,98,2,142,164,0,164,306
04/26/2016,ABE,PA,AEA,EN,Combined TRACON& Tower with Radar,19,22,17,1,59,0,2,7,1,10,19,24,24,2,69,34,0,34,103
04/27/2016,ABE,PA,AEA,EN,Combined TRACON& Tower with Radar,23,23,62,2,110,0,0,12,0,12,23,23,74,2,122,54,0,54,176
04/28/2016,ABE,PA,AEA,EN,Combined TRACON& Tower with Radar,26,24,28,0,78,0,5,16,0,21,26,29,44,0,99,78,0,78,177
04/29/2016,ABE,PA,AEA,EN,Combined TRACON& Tower with Radar,24,39,30,0,93,0,0,8,0,8,24,39,38,0,101,126,0,126,227
04/30/2016,ABE,PA,AEA,EN,Combined TRACON& Tower with Radar,13,17,35,0,65,0,0,41,0,41,13,17,76,0,106,122,0,122,228
05/01/2016,ABE,PA,AEA,EN,Combined TRACON& Tower with Radar,20,20,41,3,84,0,0,0,0,0,20,20,41,3,84,0,0,0,84
05/02/2016,ABE,PA,AEA,EN,Combined TRACON& Tower with Radar,18,20,35,0,73,0,0,0,0,0,18,20,35,0,73,14,0,14,87
05/03/2016,ABE,PA,AEA,EN,Combined TRACON& Tower with Radar,21,33,59,0,113,0,0,0,0,0,21,33,59,0,113,0,0,0,113
05/04/2016,ABE,PA,AEA,EN,Combined TRACON& Tower with Radar,22,28,50,0,100,0,0,0,0,0,22,28,50,0,100,0,0,0,100
05/05/2016,ABE,PA,AEA,EN,Combined TRACON& Tower with Radar,24,22,35,1,82,0,2,4,2,8,24,24,39,3,90,50,2,52,142
05/06/2016,ABE,PA,AEA,EN,Combined TRACON& Tower with Radar,19,20,27,0,66,0,0,0,0,0,19,20,27,0,66,0,0,0,66
05/07/2016,ABE,PA,AEA,EN,Combined TRACON& Tower with Radar,12,14,42,1,69,0,0,12,1,13,12,14,54,2,82,42,2,44,126
05/08/2016,ABE,PA,AEA,EN,Combined TRACON& Tower with Radar,15,22,22,0,59,0,1,24,0,25,15,23,46,0,84,28,0,28,112
05/09/2016,ABE,PA,AEA,EN,Combined TRACON& Tower with Radar,18,23,30,0,71,0,2,55,0,57,18,25,85,0,128,149,0,149,277
05/10/2016,ABE,PA,AEA,EN,Combined TRACON& Tower with Radar,20,21,26,3,70,0,3,41,1,45,20,24,67,4,115,214,0,214,329
05/11/2016,ABE,PA,AEA,EN,Combined TRACON& Tower with Radar,22,20,46,16,104,0,0,43,0,43,22,20,89,16,147,166,46,212,359
05/12/2016,ABE,PA,AEA,EN,Combined TRACON& Tower with Radar,25,25,30,0,80,0,2,46,0,48,25,27,76,0,128,182,0,182,310
05/13/2016,ABE,PA,AEA,EN,Combined TRACON& Tower with Radar,20,23,37,0,80,0,0,5,0,5,20,23,42,0,85,162,0,162,247
05/14/2016,ABE,PA,AEA,EN,Combined TRACON& Tower with Radar,12,18,24,0,54,0,0,31,2,33,12,18,55,2,87,70,0,70,157
05/15/2016,ABE,PA,AEA,EN,Combined TRACON& Tower with Radar,19,28,20,0,67,0,0,25,0,25,19,28,45,0,92,100,0,100,192
05/16/2016,ABE,PA,AEA,EN,Combined TRACON& Tower with Radar,18,23,16,0,57,0,3,27,0,30,18,26,43,0,87,54,0,54,141
05/17/2016,ABE,PA,AEA,EN,Combined TRACON& Tower with Radar,22,35,31,6,94,0,4,38,1,43,22,39,69,7,137,68,20,88,225
05/18/2016,ABE,PA,AEA,EN,Combined TRACON& Tower with Radar,24,19,19,0,62,0,1,36,0,37,24,20,55,0,99,42,0,42,141
05/19/2016,ABE,PA,AEA,EN,Combined TRACON& Tower with Radar,20,26,58,7,111,0,7,62,1,70,20,33,120,8,181,141,5,146,327
05/20/2016,ABE,PA,AEA,EN,Combined TRACON& Tower with Radar,25,29,47,4,105,0,2,62,0,64,25,31,109,4,169,122,0,122,291
05/21/2016,ABE,PA,AEA,EN,Combined TRACON& Tower with Radar,14,20,36,0,70,0,0,21,0,21,14,20,57,0,91,36,0,36,127
05/22/2016,ABE,PA,AEA,EN,Combined TRACON& Tower with Radar,15,24,43,0,82,0,3,32,0,35,15,27,75,0,117,114,0,114,231
05/23/2016,ABE,PA,AEA,EN,Combined TRACON& Tower with Radar,22,27,26,6,81,0,1,43,0,44,22,28,69,6,125,82,0,82,207
05/24/2016,ABE,PA,AEA,EN,Combined TRACON& Tower with Radar,20,26,39,0,85,0,0,32,0,32,20,26,71,0,117,187,0,187,304
05/25/2016,ABE,PA,AEA,EN,Combined TRACON& Tower with Radar,22,26,41,0,89,0,2,65,2,69,22,28,106,2,158,174,0,174,332
05/26/2016,ABE,PA,AEA,EN,Combined TRACON& Tower with Radar,20,22,40,0,82,0,5,65,0,70,20,27,105,0,152,184,0,184,336
05/27/2016,ABE,PA,AEA,EN,Combined TRACON& Tower with Radar,22,23,26,0,71,0,1,41,0,42,22,24,67,0,113,56,0,56,169
05/28/2016,ABE,PA,AEA,EN,Combined TRACON& Tower with Radar,14,17,21,0,52,0,0,56,0,56,14,17,77,0,108,108,0,108,216
05/29/2016,ABE,PA,AEA,EN,Combined TRACON& Tower with Radar,14,12,18,0,44,0,0,42,0,42,14,12,60,0,86,28,0,28,114
05/30/2016,ABE,PA,AEA,EN,Combined TRACON& Tower with Radar,21,15,20,0,56,0,0,24,0,24,21,15,44,0,80,56,0,56,136
05/31/2016,ABE,PA,AEA,EN,Combined TRACON& Tower with Radar,15,14,37,11,77,0,3,45,2,50,15,17,82,13,127,158,40,198,325
06/01/2016,ABE,PA,AEA,EN,Combined TRACON& Tower with Radar,23,19,32,0,74,0,0,70,0,70,23,19,102,0,144,196,0,196,340
06/02/2016,ABE,PA,AEA,EN,Combined TRACON& Tower with Radar,20,20,39,3,82,0,3,46,3,52,20,23,85,6,134,184,16,200,334
06/03/2016,ABE,PA,AEA,EN,Combined TRACON& Tower with Radar,23,26,34,2,85,0,0,5,0,5,23,26,39,2,90,134,16,150,240
06/04/2016,ABE,PA,AEA,EN,Combined TRACON& Tower with Radar,15,22,40,0,77,0,2,22,0,24,15,24,62,0,101,110,0,110,211
06/05/2016,ABE,PA,AEA,EN,Combined TRACON& Tower with Radar,14,21,35,0,70,0,0,1,0,1,14,21,36,0,71,10,0,10,81
06/06/2016,ABE,PA,AEA,EN,Combined TRACON& Tower with Radar,24,18,35,0,77,0,0,68,0,68,24,18,103,0,145,87,0,87,232
06/07/2016,ABE,PA,AEA,EN,Combined TRACON& Tower with Radar,20,32,46,0,98,0,2,44,0,46,20,34,90,0,144,154,12,166,310
06/08/2016,ABE,PA,AEA,EN,Combined TRACON& Tower with Radar,22,24,35,2,83,0,2,26,0,28,22,26,61,2,111,45,0,45,156
06/09/2016,ABE,PA,AEA,EN,Combined TRACON& Tower with Radar,18,26,41,9,94,0,2,59,1,62,18,28,100,10,156,84,0,84,240
06/10/2016,ABE,PA,AEA,EN,Combined TRACON& Tower with Radar,21,28,32,3,84,0,2,71,0,73,21,30,103,3,157,126,0,126,283
06/11/2016,ABE,PA,AEA,EN,Combined TRACON& Tower with Radar,17,19,30,1,67,0,2,51,0,53,17,21,81,1,120,176,0,176,296
06/12/2016,ABE,PA,AEA,EN,Combined TRACON& Tower with Radar,13,26,20,0,59,0,1,40,0,41,13,27,60,0,100,18,0,18,118
06/13/2016,ABE,PA,AEA,EN,Combined TRACON& Tower with Radar,20,26,31,0,77,0,1,40,0,41,20,27,71,0,118,46,0,46,164
06/14/2016,ABE,PA,AEA,EN,Combined TRACON& Tower with Radar,15,23,49,0,87,0,1,65,0,66,15,24,114,0,153,158,0,158,311
06/15/2016,ABE,PA,AEA,EN,Combined TRACON& Tower with Radar,21,31,37,0,89,0,2,63,0,65,21,33,100,0,154,143,0,143,297
06/16/2016,ABE,PA,AEA,EN,Combined TRACON& Tower with Radar,19,22,29,8,78,0,0,9,0,9,19,22,38,8,87,24,0,24,111
06/17/2016,ABE,PA,AEA,EN,Combined TRACON& Tower with Radar,21,20,37,2,80,0,0,41,0,41,21,20,78,2,121,180,0,180,301
06/18/2016,ABE,PA,AEA,EN,Combined TRACON& Tower with Radar,21,23,21,0,65,0,3,55,1,59,21,26,76,1,124,174,0,174,298
06/19/2016,ABE,PA,AEA,EN,Combined TRACON& Tower with Radar,14,21,26,0,61,0,1,33,0,34,14,22,59,0,95,48,0,48,143
06/20/2016,ABE,PA,AEA,EN,Combined TRACON& Tower with Radar,22,22,35,0,79,0,1,51,0,52,22,23,86,0,131,120,0,120,251
06/21/2016,ABE,PA,AEA,EN,Combined TRACON& Tower with Radar,20,25,42,1,88,0,0,43,1,44,20,25,85,2,132,164,0,164,296
06/22/2016,ABE,PA,AEA,EN,Combined TRACON& Tower with Radar,24,30,26,2,82,0,2,49,0,51,24,32,75,2,133,236,0,236,369
06/23/2016,ABE,PA,AEA,EN,Combined TRACON& Tower with Radar,21,21,25,10,77,0,0,21,0,21,21,21,46,10,98,76,30,106,204
06/24/2016,ABE,PA,AEA,EN,Combined TRACON& Tower with Radar,24,25,43,7,99,0,2,70,0,72,24,27,113,7,171,274,0,274,445
06/25/2016,ABE,PA,AEA,EN,Combined TRACON& Tower with Radar,23,18,33,0,74,0,1,61,0,62,23,19,94,0,136,32,0,32,168
06/26/2016,ABE,PA,AEA,EN,Combined TRACON& Tower with Radar,13,18,52,0,83,0,4,78,0,82,13,22,130,0,165,154,0,154,319
06/27/2016,ABE,PA,AEA,EN,Combined TRACON& Tower with Radar,24,20,22,0,66,0,0,27,0,27,24,20,49,0,93,86,0,86,179
06/28/2016,ABE,PA,AEA,EN,Combined TRACON& Tower with Radar,21,20,54,0,95,0,0,9,0,9,21,20,63,0,104,102,0,102,206
06/29/2016,ABE,PA,AEA,EN,Combined TRACON& Tower with Radar,24,25,59,0,108,0,2,66,0,68,24,27,125,0,176,138,0,138,314
06/30/2016,ABE,PA,AEA,EN,Combined TRACON& Tower with Radar,21,26,44,0,91,0,1,67,0,68,21,27,111,0,159,162,0,162,321
07/01/2016,ABE,PA,AEA,EN,Combined TRACON& Tower with Radar,31,29,30,0,90,0,0,33,0,33,31,29,63,0,123,30,0,30,153
07/02/2016,ABE,PA,AEA,EN,Combined TRACON& Tower with Radar,23,18,31,0,72,0,0,60,1,61,23,18,91,1,133,142,0,142,275
07/03/2016,ABE,PA,AEA,EN,Combined TRACON& Tower with Radar,15,14,20,0,49,0,1,47,0,48,15,15,67,0,97,76,0,76,173
07/04/2016,ABE,PA,AEA,EN,Combined TRACON& Tower with Radar,19,12,21,0,52,0,0,26,0,26,19,12,47,0,78,56,0,56,134
07/05/2016,ABE,PA,AEA,EN,Combined TRACON& Tower with Radar,15,22,56,4,97,0,1,17,0,18,15,23,73,4,115,92,0,92,207
07/06/2016,ABE,PA,AEA,EN,Combined TRACON& Tower with Radar,24,28,28,6,86,0,9,58,4,71,24,37,86,10,157,184,0,184,341
07/07/2016,ABE,PA,AEA,EN,Combined TRACON& Tower with Radar,23,20,28,0,71,0,1,39,1,41,23,21,67,1,112,206,0,206,318
07/08/2016,ABE,PA,AEA,EN,Combined TRACON& Tower with Radar,23,29,22,2,76,0,0,32,2,34,23,29,54,4,110,78,0,78,188
07/09/2016,ABE,PA,AEA,EN,Combined TRACON& Tower with Radar,24,19,35,0,78,0,0,0,0,0,24,19,35,0,78,4,0,4,82
07/10/2016,ABE,PA,AEA,EN,Combined TRACON& Tower with Radar,15,21,41,0,77,0,1,56,1,58,15,22,97,1,135,60,0,60,195
07/11/2016,ABE,PA,AEA,EN,Combined TRACON& Tower with Radar,21,22,38,0,81,0,1,66,0,67,21,23,104,0,148,186,0,186,334
07/12/2016,ABE,PA,AEA,EN,Combined TRACON& Tower with Radar,20,20,46,8,94,0,3,59,0,62,20,23,105,8,156,176,0,176,332
07/13/2016,ABE,PA,AEA,EN,Combined TRACON& Tower with Radar,24,28,26,2,80,0,0,8,0,8,24,28,34,2,88,20,0,20,108
07/14/2016,ABE,PA,AEA,EN,Combined TRACON& Tower with Radar,23,32,35,0,90,0,0,11,0,11,23,32,46,0,101,20,0,20,121
07/15/2016,ABE,PA,AEA,EN,Combined TRACON& Tower with Radar,24,26,25,0,75,0,5,60,0,65,24,31,85,0,140,96,0,96,236
07/16/2016,ABE,PA,AEA,EN,Combined TRACON& Tower with Radar,25,16,27,0,68,0,0,67,0,67,25,16,94,0,135,154,0,154,289
07/17/2016,ABE,PA,AEA,EN,Combined TRACON& Tower with Radar,16,17,29,0,62,0,1,52,0,53,16,18,81,0,115,140,0,140,255
07/18/2016,ABE,PA,AEA,EN,Combined TRACON& Tower with Radar,22,20,14,0,56,0,2,33,0,35,22,22,47,0,91,62,0,62,153
07/19/2016,ABE,PA,AEA,EN,Combined TRACON& Tower with Radar,19,25,26,1,71,0,7,49,0,56,19,32,75,1,127,102,0,102,229
07/20/2016,ABE,PA,AEA,EN,Combined TRACON& Tower with Radar,25,25,40,4,94,0,4,60,1,65,25,29,100,5,159,112,2,114,273
07/21/2016,ABE,PA,AEA,EN,Combined TRACON& Tower with Radar,18,26,29,3,76,0,4,62,1,67,18,30,91,4,143,100,0,100,243
07/22/2016,ABE,PA,AEA,EN,Combined TRACON& Tower with Radar,27,33,25,1,86,0,5,27,2,34,27,38,52,3,120,58,4,62,182
07/23/2016,ABE,PA,AEA,EN,Combined TRACON& Tower with Radar,23,19,12,0,54,0,3,38,1,42,23,22,50,1,96,144,0,144,240
07/24/2016,ABE,PA,AEA,EN,Combined TRACON& Tower with Radar,15,18,21,0,54,0,5,40,1,46,15,23,61,1,100,134,0,134,234
07/25/2016,ABE,PA,AEA,EN,Combined TRACON& Tower with Radar,22,13,25,1,61,0,0,20,0,20,22,13,45,1,81,122,2,124,205
07/26/2016,ABE,PA,AEA,EN,Combined TRACON& Tower with Radar,21,31,35,2,89,0,4,38,2,44,21,35,73,4,133,142,0,142,275
07/27/2016,ABE,PA,AEA,EN,Combined TRACON& Tower with Radar,25,29,32,6,92,0,6,47,0,53,25,35,79,6,145,84,8,92,237
07/28/2016,ABE,PA,AEA,EN,Combined TRACON& Tower with Radar,21,30,36,0,87,0,2,22,0,24,21,32,58,0,111,90,0,90,201
07/29/2016,ABE,PA,AEA,EN,Combined TRACON& Tower with Radar,25,26,31,0,82,0,6,24,2,32,25,32,55,2,114,52,0,52,166
07/30/2016,ABE,PA,AEA,EN,Combined TRACON& Tower with Radar,21,12,29,0,62,0,1,22,1,24,21,13,51,1,86,12,0,12,98
07/31/2016,ABE,PA,AEA,EN,Combined TRACON& Tower with Radar,17,26,38,1,82,0,0,17,0,17,17,26,55,1,99,34,0,34,133
08/01/2016,ABE,PA,AEA,EN,Combined TRACON& Tower with Radar,26,26,38,0,90,0,0,2,0,2,26,26,40,0,92,50,0,50,142
08/02/2016,ABE,PA,AEA,EN,Combined TRACON& Tower with Radar,21,23,27,2,73,0,0,22,0,22,21,23,49,2,95,186,0,186,281
08/03/2016,ABE,PA,AEA,EN,Combined TRACON& Tower with Radar,26,23,49,2,100,0,1,65,0,66,26,24,114,2,166,100,0,100,266
08/04/2016,ABE,PA,AEA,EN,Combined TRACON& Tower with Radar,22,31,35,1,89,0,1,69,3,73,22,32,104,4,162,125,0,125,287
08/05/2016,ABE,PA,AEA,EN,Combined TRACON& Tower with Radar,23,29,40,3,95,0,0,35,0,35,23,29,75,3,130,152,0,152,282
08/06/2016,ABE,PA,AEA,EN,Combined TRACON& Tower with Radar,19,28,26,0,73,0,0,5,0,5,19,28,31,0,78,26,0,26,104
08/07/2016,ABE,PA,AEA,EN,Combined TRACON& Tower with Radar,18,24,47,0,89,0,4,75,0,79,18,28,122,0,168,164,0,164,332
08/08/2016,ABE,PA,AEA,EN,Combined TRACON& Tower with Radar,22,26,26,3,77,0,1,56,0,57,22,27,82,3,134,112,0,112,246
08/09/2016,ABE,PA,AEA,EN,Combined TRACON& Tower with Radar,21,27,25,1,74,0,5,73,2,80,21,32,98,3,154,164,0,164,318
08/10/2016,ABE,PA,AEA,EN,Combined TRACON& Tower with Radar,27,29,28,0,84,0,3,3,0,6,27,32,31,0,90,136,0,136,226
08/11/2016,ABE,PA,AEA,EN,Combined TRACON& Tower with Radar,24,25,20,2,71,0,4,30,0,34,24,29,50,2,105,156,8,164,269
08/12/2016,ABE,PA,AEA,EN,Combined TRACON& Tower with Radar,29,28,51,0,108,0,2,33,0,35,29,30,84,0,143,104,16,120,263
08/13/2016,ABE,PA,AEA,EN,Combined TRACON& Tower with Radar,21,19,25,2,67,0,1,46,0,47,21,20,71,2,114,96,0,96,210
08/14/2016,ABE,PA,AEA,EN,Combined TRACON& Tower with Radar,23,23,27,0,73,0,1,27,0,28,23,24,54,0,101,64,0,64,165
08/15/2016,ABE,PA,AEA,EN,Combined TRACON& Tower with Radar,26,26,38,0,90,0,3,55,2,60,26,29,93,2,150,52,4,56,206
08/16/2016,ABE,PA,AEA,EN,Combined TRACON& Tower with Radar,21,29,29,0,79,0,5,29,0,34,21,34,58,0,113,56,0,56,169
08/17/2016,ABE,PA,AEA,EN,Combined TRACON& Tower with Radar,28,37,35,5,105,0,6,46,1,53,28,43,81,6,158,94,0,94,252
08/18/2016,ABE,PA,AEA,EN,Combined TRACON& Tower with Radar,26,29,53,4,112,0,3,38,2,43,26,32,91,6,155,145,0,145,300
08/19/2016,ABE,PA,AEA,EN,Combined TRACON& Tower with Radar,25,22,29,0,76,0,3,61,0,64,25,25,90,0,140,84,0,84,224
08/20/2016,ABE,PA,AEA,EN,Combined TRACON& Tower with Radar,19,16,25,0,60,0,0,32,0,32,19,16,57,0,92,30,0,30,122
08/21/2016,ABE,PA,AEA,EN,Combined TRACON& Tower with Radar,20,20,37,0,77,0,0,13,0,13,20,20,50,0,90,63,0,63,153
08/22/2016,ABE,PA,AEA,EN,Combined TRACON& Tower with Radar,27,21,20,7,75,0,1,40,0,41,27,22,60,7,116,194,24,218,334
08/23/2016,ABE,PA,AEA,EN,Combined TRACON& Tower with Radar,25,30,43,0,98,0,1,90,0,91,25,31,133,0,189,192,0,192,381
08/24/2016,ABE,PA,AEA,EN,Combined TRACON& Tower with Radar,26,34,54,0,114,0,1,59,0,60,26,35,113,0,174,125,0,125,299
08/25/2016,ABE,PA,AEA,EN,Combined TRACON& Tower with Radar,27,28,25,0,80,0,1,40,1,42,27,29,65,1,122,140,0,140,262
08/26/2016,ABE,PA,AEA,EN,Combined TRACON& Tower with Radar,27,28,42,0,97,0,2,58,1,61,27,30,100,1,158,106,0,106,264
08/27/2016,ABE,PA,AEA,EN,Combined TRACON& Tower with Radar,19,16,14,0,49,0,4,60,0,64,19,20,74,0,113,104,0,104,217
08/28/2016,ABE,PA,AEA,EN,Combined TRACON& Tower with Radar,22,19,31,0,72,0,0,53,0,53,22,19,84,0,125,76,0,76,201
08/29/2016,ABE,PA,AEA,EN,Combined TRACON& Tower with Radar,26,21,42,0,89,0,1,54,0,55,26,22,96,0,144,136,0,136,280
08/30/2016,ABE,PA,AEA,EN,Combined TRACON& Tower with Radar,22,24,36,1,83,0,2,59,2,63,22,26,95,3,146,137,0,137,283
08/31/2016,ABE,PA,AEA,EN,Combined TRACON& Tower with Radar,29,27,30,0,86,0,2,42,0,44,29,29,72,0,130,106,0,106,236
09/01/2016,ABE,PA,AEA,EN,Combined TRACON& Tower with Radar,28,28,37,0,93,0,0,22,0,22,28,28,59,0,115,12,0,12,127
09/02/2016,ABE,PA,AEA,EN,Combined TRACON& Tower with Radar,28,21,31,0,80,0,0,61,0,61,28,21,92,0,141,204,0,204,345
09/03/2016,ABE,PA,AEA,EN,Combined TRACON& Tower with Radar,19,14,29,0,62,0,0,53,0,53,19,14,82,0,115,162,0,162,277
09/04/2016,ABE,PA,AEA,EN,Combined TRACON& Tower with Radar,20,18,27,0,65,0,1,31,0,32,20,19,58,0,97,66,0,66,163
09/05/2016,ABE,PA,AEA,EN,Combined TRACON& Tower with Radar,25,17,29,0,71,0,2,44,0,46,25,19,73,0,117,156,0,156,273
09/06/2016,ABE,PA,AEA,EN,Combined TRACON& Tower with Radar,21,19,30,0,70,0,4,48,0,52,21,23,78,0,122,134,0,134,256
09/07/2016,ABE,PA,AEA,EN,Combined TRACON& Tower with Radar,24,24,52,0,100,0,1,67,0,68,24,25,119,0,168,154,0,154,322
09/08/2016,ABE,PA,AEA,EN,Combined TRACON& Tower with Radar,26,30,33,3,92,0,1,41,3,45,26,31,74,6,137,214,22,236,373
09/09/2016,ABE,PA,AEA,EN,Combined TRACON& Tower with Radar,28,27,44,0,99,0,2,39,1,42,28,29,83,1,141,100,0,100,241
09/10/2016,ABE,PA,AEA,EN,Combined TRACON& Tower with Radar,20,16,30,2,68,0,1,32,0,33,20,17,62,2,101,140,0,140,241
09/11/2016,ABE,PA,AEA,EN,Combined TRACON& Tower with Radar,22,21,24,0,67,0,1,42,0,43,22,22,66,0,110,18,0,18,128
09/12/2016,ABE,PA,AEA,EN,Combined TRACON& Tower with Radar,28,21,48,0,97,0,1,78,1,80,28,22,126,1,177,188,0,188,365
09/13/2016,ABE,PA,AEA,EN,Combined TRACON& Tower with Radar,24,29,42,8,103,0,0,61,1,62,24,29,103,9,165,90,8,98,263
09/14/2016,ABE,PA,AEA,EN,Combined TRACON& Tower with Radar,26,28,42,0,96,0,2,58,2,62,26,30,100,2,158,68,0,68,226
09/15/2016,ABE,PA,AEA,EN,Combined TRACON& Tower with Radar,26,31,27,1,85,0,3,44,1,48,26,34,71,2,133,140,0,140,273
09/16/2016,ABE,PA,AEA,EN,Combined TRACON& Tower with Radar,27,24,24,2,77,0,0,49,2,51,27,24,73,4,128,184,0,184,312
09/17/2016,ABE,PA,AEA,EN,Combined TRACON& Tower with Radar,17,16,40,0,73,0,1,66,0,67,17,17,106,0,140,114,0,114,254
09/18/2016,ABE,PA,AEA,EN,Combined TRACON& Tower with Radar,21,24,50,0,95,0,1,6,0,7,21,25,56,0,102,0,0,0,102
09/19/2016,ABE,PA,AEA,EN,Combined TRACON& Tower with Radar,28,23,32,0,83,0,0,2,0,2,28,23,34,0,85,34,0,34,119
09/20/2016,ABE,PA,AEA,EN,Combined TRACON& Tower with Radar,23,19,52,0,94,0,0,48,0,48,23,19,100,0,142,140,0,140,282
09/21/2016,ABE,PA,AEA,EN,Combined TRACON& Tower with Radar,26,27,40,7,100,0,2,50,1,53,26,29,90,8,153,137,0,137,290
09/22/2016,ABE,PA,AEA,EN,Combined TRACON& Tower with Radar,26,34,35,0,95,0,4,52,1,57,26,38,87,1,152,98,0,98,250
09/23/2016,ABE,PA,AEA,EN,Combined TRACON& Tower with Radar,27,30,32,0,89,0,2,61,1,64,27,32,93,1,153,90,0,90,243
09/24/2016,ABE,PA,AEA,EN,Combined TRACON& Tower with Radar,17,17,31,0,65,0,5,56,0,61,17,22,87,0,126,148,0,148,274
09/25/2016,ABE,PA,AEA,EN,Combined TRACON& Tower with Radar,23,21,37,0,81,0,2,78,0,80,23,23,115,0,161,108,0,108,269
09/26/2016,ABE,PA,AEA,EN,Combined TRACON& Tower with Radar,29,22,40,1,92,0,1,35,3,39,29,23,75,4,131,116,0,116,247
09/27/2016,ABE,PA,AEA,EN,Combined TRACON& Tower with Radar,23,28,44,1,96,0,0,38,1,39,23,28,82,2,135,70,0,70,205
09/28/2016,ABE,PA,AEA,EN,Combined TRACON& Tower with Radar,24,26,39,2,91,0,0,15,0,15,24,26,54,2,106,126,0,126,232
09/29/2016,ABE,PA,AEA,EN,Combined TRACON& Tower with Radar,27,28,59,2,116,0,0,2,0,2,27,28,61,2,118,0,0,0,118
09/30/2016,ABE,PA,AEA,EN,Combined TRACON& Tower with Radar,29,23,42,2,96,0,0,0,0,0,29,23,42,2,96,0,0,0,96
10/01/2016,ABE,PA,AEA,EN,Combined TRACON& Tower with Radar,17,23,35,0,75,0,0,0,0,0,17,23,35,0,75,0,0,0,75
10/02/2016,ABE,PA,AEA,EN,Combined TRACON& Tower with Radar,22,17,43,0,82,0,0,0,0,0,22,17,43,0,82,16,0,16,98
10/03/2016,ABE,PA,AEA,EN,Combined TRACON& Tower with Radar,32,17,38,2,89,0,3,67,4,74,32,20,105,6,163,0,0,0,163
10/04/2016,ABE,PA,AEA,EN,Combined TRACON& Tower with Radar,22,24,62,4,112,0,3,13,1,17,22,27,75,5,129,4,0,4,133
10/05/2016,ABE,PA,AEA,EN,Combined TRACON& Tower with Radar,24,25,57,1,107,0,0,88,1,89,24,25,145,2,196,202,10,212,408
10/06/2016,ABE,PA,AEA,EN,Combined TRACON& Tower with Radar,24,28,43,1,96,0,2,54,2,58,24,30,97,3,154,126,0,126,280
10/07/2016,ABE,PA,AEA,EN,Combined TRACON& Tower with Radar,27,27,41,4,99,0,1,54,0,55,27,28,95,4,154,152,16,168,322
10/08/2016,ABE,PA,AEA,EN,Combined TRACON& Tower with Radar,17,15,47,0,79,0,0,1,0,1,17,15,48,0,80,0,0,0,80
10/09/2016,ABE,PA,AEA,EN,Combined TRACON& Tower with Radar,22,21,15,0,58,0,2,11,0,13,22,23,26,0,71,106,0,106,177
10/10/2016,ABE,PA,AEA,EN,Combined TRACON& Tower with Radar,25,20,23,0,68,0,3,46,0,49,25,23,69,0,117,50,0,50,167
10/11/2016,ABE,PA,AEA,EN,Combined TRACON& Tower with Radar,26,29,34,2,91,0,2,68,0,70,26,31,102,2,161,148,0,148,309
10/12/2016,ABE,PA,AEA,EN,Combined TRACON& Tower with Radar,24,26,39,0,89,0,3,46,0,49,24,29,85,0,138,126,0,126,264
10/13/2016,ABE,PA,AEA,EN,Combined TRACON& Tower with Radar,26,33,41,1,101,0,2,14,2,18,26,35,55,3,119,52,0,52,171
10/14/2016,ABE,PA,AEA,EN,Combined TRACON& Tower with Radar,25,26,57,0,108,0,2,73,1,76,25,28,130,1,184,98,2,100,284
10/15/2016,ABE,PA,AEA,EN,Combined TRACON& Tower with Radar,19,8,31,0,58,0,1,71,0,72,19,9,102,0,130,242,0,242,372
10/16/2016,ABE,PA,AEA,EN,Combined TRACON& Tower with Radar,23,18,47,0,88,0,0,38,0,38,23,18,85,0,126,149,0,149,275
10/17/2016,ABE,PA,AEA,EN,Combined TRACON& Tower with Radar,25,19,35,2,81,0,0,52,0,52,25,19,87,2,133,62,0,62,195
10/18/2016,ABE,PA,AEA,EN,Combined TRACON& Tower with Radar,27,21,33,4,85,0,2,62,5,69,27,23,95,9,154,123,0,123,277
10/19/2016,ABE,PA,AEA,EN,Combined TRACON& Tower with Radar,24,24,27,2,77,0,2,61,2,65,24,26,88,4,142,162,0,162,304
10/20/2016,ABE,PA,AEA,EN,Combined TRACON& Tower with Radar,26,23,43,0,92,0,4,17,0,21,26,27,60,0,113,150,0,150,263
10/21/2016,ABE,PA,AEA,EN,Combined TRACON& Tower with Radar,25,23,26,0,74,0,0,19,0,19,25,23,45,0,93,10,0,10,103
10/22/2016,ABE,PA,AEA,EN,Combined TRACON& Tower with Radar,19,14,13,0,46,0,1,5,0,6,19,15,18,0,52,4,0,4,56
10/23/2016,ABE,PA,AEA,EN,Combined TRACON& Tower with Radar,26,22,27,0,75,0,2,33,0,35,26,24,60,0,110,88,0,88,198
10/24/2016,ABE,PA,AEA,EN,Combined TRACON& Tower with Radar,24,18,46,0,88,0,0,32,2,34,24,18,78,2,122,70,0,70,192
10/25/2016,ABE,PA,AEA,EN,Combined TRACON& Tower with Radar,24,21,40,3,88,0,3,39,1,43,24,24,79,4,131,140,0,140,271
10/26/2016,ABE,PA,AEA,EN,Combined TRACON& Tower with Radar,26,22,33,0,81,0,0,68,1,69,26,22,101,1,150,168,0,168,318
10/27/2016,ABE,PA,AEA,EN,Combined TRACON& Tower with Radar,32,21,19,2,74,0,0,0,0,0,32,21,19,2,74,0,0,0,74
10/28/2016,ABE,PA,AEA,EN,Combined TRACON& Tower with Radar,27,29,31,1,88,0,1,29,1,31,27,30,60,2,119,90,0,90,209
10/29/2016,ABE,PA,AEA,EN,Combined TRACON& Tower with Radar,19,12,35,0,66,0,1,81,2,84,19,13,116,2,150,250,0,250,400
10/30/2016,ABE,PA,AEA,EN,Combined TRACON& Tower with Radar,30,30,31,0,91,0,0,44,0,44,30,30,75,0,135,159,0,159,294
10/31/2016,ABE,PA,AEA,EN,Combined TRACON& Tower with Radar,23,19,34,1,77,0,0,36,1,37,23,19,70,2,114,137,0,137,251
11/01/2016,ABE,PA,AEA,EN,Combined TRACON& Tower with Radar,28,27,33,1,89,0,1,36,1,38,28,28,69,2,127,106,0,106,233
11/02/2016,ABE,PA,AEA,EN,Combined TRACON& Tower with Radar,28,22,42,2,94,0,0,75,0,75,28,22,117,2,169,212,0,212,381
11/03/2016,ABE,PA,AEA,EN,Combined TRACON& Tower with Radar,31,32,19,3,85,0,1,18,1,20,31,33,37,4,105,10,2,12,117
11/04/2016,ABE,PA,AEA,EN,Combined TRACON& Tower with Radar,28,28,28,4,88,0,1,48,0,49,28,29,76,4,137,164,2,166,303
11/05/2016,ABE,PA,AEA,EN,Combined TRACON& Tower with Radar,24,14,43,0,81,0,0,71,0,71,24,14,114,0,152,182,0,182,334
11/06/2016,ABE,PA,AEA,EN,Combined TRACON& Tower with Radar,23,21,26,0,70,0,1,26,0,27,23,22,52,0,97,107,0,107,204
11/07/2016,ABE,PA,AEA,EN,Combined TRACON& Tower with Radar,27,21,23,0,71,0,3,41,0,44,27,24,64,0,115,64,0,64,179
11/08/2016,ABE,PA,AEA,EN,Combined TRACON& Tower with Radar,26,22,29,0,77,0,1,45,2,48,26,23,74,2,125,114,0,114,239
11/09/2016,ABE,PA,AEA,EN,Combined TRACON& Tower with Radar,28,27,28,0,83,0,0,3,0,3,28,27,31,0,86,4,0,4,90
11/10/2016,ABE,PA,AEA,EN,Combined TRACON& Tower with Radar,32,26,27,4,89,0,2,57,0,59,32,28,84,4,148,81,4,85,233
11/11/2016,ABE,PA,AEA,EN,Combined TRACON& Tower with Radar,27,24,35,0,86,0,2,31,0,33,27,26,66,0,119,138,0,138,257
11/12/2016,ABE,PA,AEA,EN,Combined TRACON& Tower with Radar,21,12,47,0,80,0,2,100,0,102,21,14,147,0,182,210,0,210,392
11/13/2016,ABE,PA,AEA,EN,Combined TRACON& Tower with Radar,24,17,28,0,69,0,1,57,0,58,24,18,85,0,127,153,0,153,280
11/14/2016,ABE,PA,AEA,EN,Combined TRACON& Tower with Radar,26,21,46,2,95,0,0,45,2,47,26,21,91,4,142,146,0,146,288
11/15/2016,ABE,PA,AEA,EN,Combined TRACON& Tower with Radar,32,32,52,0,116,0,2,29,0,31,32,34,81,0,147,144,0,144,291
11/16/2016,ABE,PA,AEA,EN,Combined TRACON& Tower with Radar,28,22,47,0,97,0,2,72,0,74,28,24,119,0,171,167,0,167,338
11/17/2016,ABE,PA,AEA,EN,Combined TRACON& Tower with Radar,29,24,30,2,85,0,0,53,1,54,29,24,83,3,139,158,0,158,297
11/18/2016,ABE,PA,AEA,EN,Combined TRACON& Tower with Radar,27,27,46,3,103,0,0,69,1,70,27,27,115,4,173,154,0,154,327
11/19/2016,ABE,PA,AEA,EN,Combined TRACON& Tower with Radar,22,9,46,1,78,0,0,61,1,62,22,9,107,2,140,109,0,109,249
11/20/2016,ABE,PA,AEA,EN,Combined TRACON& Tower with Radar,23,17,10,0,50,0,0,5,0,5,23,17,15,0,55,0,0,0,55
11/21/2016,ABE,PA,AEA,EN,Combined TRACON& Tower with Radar,26,14,13,0,53,0,2,6,0,8,26,16,19,0,61,16,0,16,77
11/22/2016,ABE,PA,AEA,EN,Combined TRACON& Tower with Radar,27,24,35,2,88,0,1,25,9,35,27,25,60,11,123,94,8,102,225
11/23/2016,ABE,PA,AEA,EN,Combined TRACON& Tower with Radar,22,27,46,1,96,0,3,63,3,69,22,30,109,4,165,162,2,164,329
11/24/2016,ABE,PA,AEA,EN,Combined TRACON& Tower with Radar,11,10,11,0,32,0,1,9,0,10,11,11,20,0,42,62,0,62,104
11/25/2016,ABE,PA,AEA,EN,Combined TRACON& Tower with Radar,15,11,26,0,52,0,0,6,0,6,15,11,32,0,58,121,0,121,179
11/26/2016,ABE,PA,AEA,EN,Combined TRACON& Tower with Radar,15,17,25,0,57,0,0,33,0,33,15,17,58,0,90,107,0,107,197
11/27/2016,ABE,PA,AEA,EN,Combined TRACON& Tower with Radar,20,23,55,0,98,0,3,50,0,53,20,26,105,0,151,54,0,54,205
11/28/2016,ABE,PA,AEA,EN,Combined TRACON& Tower with Radar,17,21,37,3,78,0,1,47,0,48,17,22,84,3,126,118,0,118,244
11/29/2016,ABE,PA,AEA,EN,Combined TRACON& Tower with Radar,23,20,22,0,65,0,0,0,0,0,23,20,22,0,65,2,0,2,67
11/30/2016,ABE,PA,AEA,EN,Combined TRACON& Tower with Radar,24,19,31,0,74,0,0,0,0,0,24,19,31,0,74,3,0,3,77
12/01/2016,ABE,PA,AEA,EN,Combined TRACON& Tower with Radar,28,27,14,2,71,0,0,13,0,13,28,27,27,2,84,127,0,127,211
12/02/2016,ABE,PA,AEA,EN,Combined TRACON& Tower with Radar,23,25,26,6,80,0,2,45,1,48,23,27,71,7,128,175,0,175,303
12/03/2016,ABE,PA,AEA,EN,Combined TRACON& Tower with Radar,17,11,17,0,45,0,0,26,0,26,17,11,43,0,71,44,0,44,115
12/04/2016,ABE,PA,AEA,EN,Combined TRACON& Tower with Radar,21,18,36,0,75,0,0,62,0,62,21,18,98,0,137,262,0,262,399
12/05/2016,ABE,PA,AEA,EN,Combined TRACON& Tower with Radar,21,20,45,0,86,0,0,17,0,17,21,20,62,0,103,144,0,144,247
12/06/2016,ABE,PA,AEA,EN,Combined TRACON& Tower with Radar,27,22,25,2,76,0,0,22,2,24,27,22,47,4,100,26,2,28,128
12/07/2016,ABE,PA,AEA,EN,Combined TRACON& Tower with Radar,29,20,31,0,80,0,0,10,0,10,29,20,41,0,90,36,0,36,126
12/08/2016,ABE,PA,AEA,EN,Combined TRACON& Tower with Radar,25,27,36,1,89,0,0,50,1,51,25,27,86,2,140,134,0,134,274
12/09/2016,ABE,PA,AEA,EN,Combined TRACON& Tower with Radar,23,21,28,1,73,0,2,35,3,40,23,23,63,4,113,90,10,100,213
12/10/2016,ABE,PA,AEA,EN,Combined TRACON& Tower with Radar,18,16,39,0,73,0,0,52,0,52,18,16,91,0,125,71,0,71,196
12/11/2016,ABE,PA,AEA,EN,Combined TRACON& Tower with Radar,20,14,12,0,46,0,0,18,0,18,20,14,30,0,64,72,0,72,136
12/12/2016,ABE,PA,AEA,EN,Combined TRACON& Tower with Radar,22,18,15,0,55,0,1,2,0,3,22,19,17,0,58,18,0,18,76
12/13/2016,ABE,PA,AEA,EN,Combined TRACON& Tower with Radar,25,22,41,0,88,0,0,62,0,62,25,22,103,0,150,76,0,76,226
12/14/2016,ABE,PA,AEA,EN,Combined TRACON& Tower with Radar,25,21,47,4,97,0,0,52,0,52,25,21,99,4,149,154,0,154,303
12/15/2016,ABE,PA,AEA,EN,Combined TRACON& Tower with Radar,30,29,17,0,76,0,4,3,0,7,30,33,20,0,83,45,0,45,128
12/16/2016,ABE,PA,AEA,EN,Combined TRACON& Tower with Radar,30,32,20,0,82,0,1,67,0,68,30,33,87,0,150,100,0,100,250
12/17/2016,ABE,PA,AEA,EN,Combined TRACON& Tower with Radar,19,17,4,0,40,0,0,0,0,0,19,17,4,0,40,0,0,0,40
12/18/2016,ABE,PA,AEA,EN,Combined TRACON& Tower with Radar,23,18,5,0,46,0,0,1,0,1,23,18,6,0,47,0,0,0,47
12/19/2016,ABE,PA,AEA,EN,Combined TRACON& Tower with Radar,24,20,26,5,75,0,9,62,0,71,24,29,88,5,146,148,0,148,294
12/20/2016,ABE,PA,AEA,EN,Combined TRACON& Tower with Radar,31,24,38,0,93,0,3,65,0,68,31,27,103,0,161,84,0,84,245
12/21/2016,ABE,PA,AEA,EN,Combined TRACON& Tower with Radar,28,18,37,0,83,0,3,65,0,68,28,21,102,0,151,118,0,118,269
12/22/2016,ABE,PA,AEA,EN,Combined TRACON& Tower with Radar,27,25,37,2,91,0,0,40,0,40,27,25,77,2,131,122,6,128,259
12/23/2016,ABE,PA,AEA,EN,Combined TRACON& Tower with Radar,27,22,39,0,88,0,1,42,0,43,27,23,81,0,131,134,0,134,265
12/24/2016,ABE,PA,AEA,EN,Combined TRACON& Tower with Radar,23,15,9,0,47,0,4,0,0,4,23,19,9,0,51,16,0,16,67
12/25/2016,ABE,PA,AEA,EN,Combined TRACON& Tower with Radar,13,11,7,0,31,0,1,21,0,22,13,12,28,0,53,0,0,0,53
12/26/2016,ABE,PA,AEA,EN,Combined TRACON& Tower with Radar,20,24,39,0,83,0,0,0,0,0,20,24,39,0,83,18,0,18,101
12/27/2016,ABE,PA,AEA,EN,Combined TRACON& Tower with Radar,28,21,30,0,79,0,0,26,0,26,28,21,56,0,105,51,1,52,157
12/28/2016,ABE,PA,AEA,EN,Combined TRACON& Tower with Radar,25,23,24,0,72,0,0,44,0,44,25,23,68,0,116,106,0,106,222
12/29/2016,ABE,PA,AEA,EN,Combined TRACON& Tower with Radar,29,23,9,0,61,0,0,0,0,0,29,23,9,0,61,0,0,0,61
12/30/2016,ABE,PA,AEA,EN,Combined TRACON& Tower with Radar,27,23,18,0,68,0,0,15,0,15,27,23,33,0,83,10,0,10,93
12/31/2016,ABE,PA,AEA,EN,Combined TRACON& Tower with Radar,25,11,20,0,56,0,0,51,0,51,25,11,71,0,107,93,0,93,200
01/02/2017,ABE,PA,AEA,EN,Combined TRACON& Tower with Radar,24,18,25,0,67,0,0,0,0,0,24,18,25,0,67,6,0,6,73
01/03/2017,ABE,PA,AEA,EN,Combined TRACON& Tower with Radar,27,19,14,0,60,0,0,0,0,0,27,19,14,0,60,0,0,0,60
01/04/2017,ABE,PA,AEA,EN,Combined TRACON& Tower with Radar,25,18,23,0,66,0,5,23,2,30,25,23,46,2,96,108,0,108,204
01/05/2017,ABE,PA,AEA,EN,Combined TRACON& Tower with Radar,26,25,42,0,93,0,1,62,1,64,26,26,104,1,157,78,0,78,235
01/06/2017,ABE,PA,AEA,EN,Combined TRACON& Tower with Radar,27,26,32,0,85,0,0,33,0,33,27,26,65,0,118,32,0,32,150
01/07/2017,ABE,PA,AEA,EN,Combined TRACON& Tower with Radar,21,12,9,0,42,0,1,12,0,13,21,13,21,0,55,18,0,18,73
01/08/2017,ABE,PA,AEA,EN,Combined TRACON& Tower with Radar,23,18,22,0,63,0,3,12,0,15,23,21,34,0,78,22,0,22,100
01/09/2017,ABE,PA,AEA,EN,Combined TRACON& Tower with Radar,25,22,25,0,72,0,0,26,0,26,25,22,51,0,98,103,0,103,201
01/10/2017,ABE,PA,AEA,EN,Combined TRACON& Tower with Radar,24,25,23,0,72,0,0,26,0,26,24,25,49,0,98,28,0,28,126
01/11/2017,ABE,PA,AEA,EN,Combined TRACON& Tower with Radar,25,25,38,2,90,0,4,45,0,49,25,29,83,2,139,85,0,85,224
01/12/2017,ABE,PA,AEA,EN,Combined TRACON& Tower with Radar,28,26,37,2,93,0,1,22,2,25,28,27,59,4,118,80,0,80,198
01/13/2017,ABE,PA,AEA,EN,Combined TRACON& Tower with Radar,28,30,26,3,87,0,0,26,0,26,28,30,52,3,113,102,0,102,215
01/14/2017,ABE,PA,AEA,EN,Combined TRACON& Tower with Radar,19,12,14,0,45,0,2,20,0,22,19,14,34,0,67,62,0,62,129
01/15/2017,ABE,PA,AEA,EN,Combined TRACON& Tower with Radar,22,14,35,0,71,0,1,63,0,64,22,15,98,0,135,106,0,106,241
01/16/2017,ABE,PA,AEA,EN,Combined TRACON& Tower with Radar,28,24,30,0,82,0,0,40,0,40,28,24,70,0,122,166,0,166,288
01/17/2017,ABE,PA,AEA,EN,Combined TRACON& Tower with Radar,25,25,20,0,70,0,0,3,0,3,25,25,23,0,73,0,0,0,73
01/18/2017,ABE,PA,AEA,EN,Combined TRACON& Tower with Radar,26,34,26,2,88,0,0,7,0,7,26,34,33,2,95,68,0,68,163
01/19/2017,ABE,PA,AEA,EN,Combined TRACON& Tower with Radar,29,27,44,0,100,0,0,19,1,20,29,27,63,1,120,132,0,132,252
01/20/2017,ABE,PA,AEA,EN,Combined TRACON& Tower with Radar,28,29,27,0,84,0,0,10,0,10,28,29,37,0,94,12,0,12,106
01/21/2017,ABE,PA,AEA,EN,Combined TRACON& Tower with Radar,20,15,19,0,54,0,0,1,0,1,20,15,20,0,55,2,0,2,57
01/22/2017,ABE,PA,AEA,EN,Combined TRACON& Tower with Radar,20,23,12,0,55,0,0,0,0,0,20,23,12,0,55,0,0,0,55
01/23/2017,ABE,PA,AEA,EN,Combined TRACON& Tower with Radar,24,26,12,0,62,0,0,0,0,0,24,26,12,0,62,0,0,0,62
01/24/2017,ABE,PA,AEA,EN,Combined TRACON& Tower with Radar,27,28,29,0,84,0,0,5,2,7,27,28,34,2,91,28,0,28,119
01/25/2017,ABE,PA,AEA,EN,Combined TRACON& Tower with Radar,24,18,51,1,94,0,0,55,1,56,24,18,106,2,150,156,0,156,306
01/26/2017,ABE,PA,AEA,EN,Combined TRACON& Tower with Radar,27,37,24,1,89,0,1,18,3,22,27,38,42,4,111,33,0,33,144
01/27/2017,ABE,PA,AEA,EN,Combined TRACON& Tower with Radar,27,31,25,0,83,0,0,17,0,17,27,31,42,0,100,78,0,78,178
01/28/2017,ABE,PA,AEA,EN,Combined TRACON& Tower with Radar,19,19,22,0,60,0,0,36,0,36,19,19,58,0,96,99,0,99,195
01/29/2017,ABE,PA,AEA,EN,Combined TRACON& Tower with Radar,21,23,26,0,70,0,4,77,0,81,21,27,103,0,151,238,0,238,389
01/30/2017,ABE,PA,AEA,EN,Combined TRACON& Tower with Radar,30,21,33,0,84,0,1,23,1,25,30,22,56,1,109,43,0,43,152
01/31/2017,ABE,PA,AEA,EN,Combined TRACON& Tower with Radar,25,24,21,2,72,0,0,9,2,11,25,24,30,4,83,2,0,2,85
02/01/2017,ABE,PA,AEA,EN,Combined TRACON& Tower with Radar,27,17,51,0,95,0,1,42,0,43,27,18,93,0,138,112,0,112,250
02/02/2017,ABE,PA,AEA,EN,Combined TRACON& Tower with Radar,32,31,29,4,96,0,1,42,0,43,32,32,71,4,139,128,6,134,273
02/03/2017,ABE,PA,AEA,EN,Combined TRACON& Tower with Radar,29,26,22,11,88,0,0,53,0,53,29,26,75,11,141,72,10,82,223
02/04/2017,ABE,PA,AEA,EN,Combined TRACON& Tower with Radar,20,13,41,0,74,0,0,62,0,62,20,13,103,0,136,107,0,107,243
02/05/2017,ABE,PA,AEA,EN,Combined TRACON& Tower with Radar,22,19,40,0,81,0,1,39,1,41,22,20,79,1,122,95,0,95,217
02/06/2017,ABE,PA,AEA,EN,Combined TRACON& Tower with Radar,30,20,40,0,90,0,2,62,0,64,30,22,102,0,154,127,0,127,281
02/07/2017,ABE,PA,AEA,EN,Combined TRACON& Tower with Radar,25,23,23,2,73,0,0,0,0,0,25,23,23,2,73,14,0,14,87
02/08/2017,ABE,PA,AEA,EN,Combined TRACON& Tower with Radar,27,31,32,3,93,0,0,28,4,32,27,31,60,7,125,122,0,122,247
02/09/2017,ABE,PA,AEA,EN,Combined TRACON& Tower with Radar,25,13,1,0,39,0,0,0,0,0,25,13,1,0,39,0,0,0,39
02/10/2017,ABE,PA,AEA,EN,Combined TRACON& Tower with Radar,31,26,16,0,73,0,2,31,0,33,31,28,47,0,106,110,0,110,216
02/11/2017,ABE,PA,AEA,EN,Combined TRACON& Tower with Radar,21,18,51,0,90,0,1,75,3,79,21,19,126,3,169,134,0,134,303
02/12/2017,ABE,PA,AEA,EN,Combined TRACON& Tower with Radar,22,23,4,0,49,0,0,0,0,0,22,23,4,0,49,0,0,0,49
02/13/2017,ABE,PA,AEA,EN,Combined TRACON& Tower with Radar,35,24,21,0,80,0,1,5,0,6,35,25,26,0,86,2,0,2,88
02/14/2017,ABE,PA,AEA,EN,Combined TRACON& Tower with Radar,27,28,26,1,82,0,2,54,0,56,27,30,80,1,138,87,0,87,225
02/15/2017,ABE,PA,AEA,EN,Combined TRACON& Tower with Radar,31,27,30,0,88,0,3,28,0,31,31,30,58,0,119,64,0,64,183
02/16/2017,ABE,PA,AEA,EN,Combined TRACON& Tower with Radar,27,36,31,0,94,0,1,16,0,17,27,37,47,0,111,48,0,48,159
02/17/2017,ABE,PA,AEA,EN,Combined TRACON& Tower with Radar,27,34,44,0,105,0,4,67,1,72,27,38,111,1,177,158,0,158,335
02/18/2017,ABE,PA,AEA,EN,Combined TRACON& Tower with Radar,23,18,37,0,78,0,2,95,0,97,23,20,132,0,175,218,0,218,393
02/19/2017,ABE,PA,AEA,EN,Combined TRACON& Tower with Radar,20,13,35,0,68,0,2,67,0,69,20,15,102,0,137,215,0,215,352
02/20/2017,ABE,PA,AEA,EN,Combined TRACON& Tower with Radar,24,24,39,0,87,0,2,73,0,75,24,26,112,0,162,222,0,222,384
02/21/2017,ABE,PA,AEA,EN,Combined TRACON& Tower with Radar,27,22,32,0,81,0,3,49,0,52,27,25,81,0,133,123,0,123,256
02/22/2017,ABE,PA,AEA,EN,Combined TRACON& Tower with Radar,32,22,38,3,95,0,2,54,1,57,32,24,92,4,152,159,0,159,311
02/23/2017,ABE,PA,AEA,EN,Combined TRACON& Tower with Radar,30,33,30,9,102,0,2,25,0,27,30,35,55,9,129,58,6,64,193
02/24/2017,ABE,PA,AEA,EN,Combined TRACON& Tower with Radar,26,36,32,0,94,0,0,45,0,45,26,36,77,0,139,154,0,154,293
02/25/2017,ABE,PA,AEA,EN,Combined TRACON& Tower with Radar,23,13,40,0,76,0,2,0,0,2,23,15,40,0,78,21,0,21,99
02/26/2017,ABE,PA,AEA,EN,Combined TRACON& Tower with Radar,24,29,19,0,72,0,2,32,1,35,24,31,51,1,107,104,0,104,211
02/27/2017,ABE,PA,AEA,EN,Combined TRACON& Tower with Radar,27,21,33,1,82,0,1,63,1,65,27,22,96,2,147,174,0,174,321
02/28/2017,ABE,PA,AEA,EN,Combined TRACON& Tower with Radar,31,26,54,7,118,0,0,39,0,39,31,26,93,7,157,46,24,70,227
03/01/2017,ABE,PA,AEA,EN,Combined TRACON& Tower with Radar,31,22,15,0,68,0,1,0,1,2,31,23,15,1,70,0,0,0,70
03/02/2017,ABE,PA,AEA,EN,Combined TRACON& Tower with Radar,32,29,13,2,76,0,1,9,1,11,32,30,22,3,87,11,0,11,98
03/03/2017,ABE,PA,AEA,EN,Combined TRACON& Tower with Radar,28,25,24,0,77,0,2,32,1,35,28,27,56,1,112,108,0,108,220
03/04/2017,ABE,PA,AEA,EN,Combined TRACON& Tower with Radar,23,15,9,0,47,0,0,9,0,9,23,15,18,0,56,42,0,42,98
03/05/2017,ABE,PA,AEA,EN,Combined TRACON& Tower with Radar,23,23,41,0,87,0,1,56,0,57,23,24,97,0,144,224,0,224,368
03/06/2017,ABE,PA,AEA,EN,Combined TRACON& Tower with Radar,25,19,31,2,77,0,3,61,0,64,25,22,92,2,141,242,0,242,383
03/07/2017,ABE,PA,AEA,EN,Combined TRACON& Tower with Radar,25,21,29,0,75,0,0,5,0,5,25,21,34,0,80,0,0,0,80
03/08/2017,ABE,PA,AEA,EN,Combined TRACON& Tower with Radar,32,26,32,4,94,0,3,26,2,31,32,29,58,6,125,38,0,38,163
03/09/2017,ABE,PA,AEA,EN,Combined TRACON& Tower with Radar,30,30,25,0,85,0,1,20,1,22,30,31,45,1,107,114,0,114,221
03/10/2017,ABE,PA,AEA,EN,Combined TRACON& Tower with Radar,29,28,11,0,68,0,0,0,0,0,29,28,11,0,68,0,0,0,68
03/11/2017,ABE,PA,AEA,EN,Combined TRACON& Tower with Radar,26,14,14,0,54,0,1,15,0,16,26,15,29,0,70,48,0,48,118
03/12/2017,ABE,PA,AEA,EN,Combined TRACON& Tower with Radar,26,20,25,0,71,0,2,62,0,64,26,22,87,0,135,122,0,122,257
03/13/2017,ABE,PA,AEA,EN,Combined TRACON& Tower with Radar,27,21,38,3,89,0,1,52,1,54,27,22,90,4,143,58,0,58,201
03/14/2017,ABE,PA,AEA,EN,Combined TRACON& Tower with Radar,6,2,1,0,9,0,1,0,0,1,6,3,1,0,10,0,0,0,10
03/15/2017,ABE,PA,AEA,EN,Combined TRACON& Tower with Radar,35,18,12,0,65,0,0,0,0,0,35,18,12,0,65,0,0,0,65
03/16/2017,ABE,PA,AEA,EN,Combined TRACON& Tower with Radar,33,22,27,1,83,0,1,30,1,32,33,23,57,2,115,91,0,91,206
03/17/2017,ABE,PA,AEA,EN,Combined TRACON& Tower with Radar,29,27,36,4,96,0,2,46,1,49,29,29,82,5,145,70,0,70,215
03/18/2017,ABE,PA,AEA,EN,Combined TRACON& Tower with Radar,25,10,8,0,43,0,0,0,0,0,25,10,8,0,43,16,1,17,60
03/19/2017,ABE,PA,AEA,EN,Combined TRACON& Tower with Radar,25,21,46,0,92,0,2,54,0,56,25,23,100,0,148,239,0,239,387
03/20/2017,ABE,PA,AEA,EN,Combined TRACON& Tower with Radar,26,23,36,0,85,0,4,62,0,66,26,27,98,0,151,302,0,302,453
03/21/2017,ABE,PA,AEA,EN,Combined TRACON& Tower with Radar,31,34,42,3,110,0,3,67,0,70,31,37,109,3,180,176,0,176,356
03/22/2017,ABE,PA,AEA,EN,Combined TRACON& Tower with Radar,32,29,17,5,83,0,2,7,3,12,32,31,24,8,95,1,0,1,96
03/23/2017,ABE,PA,AEA,EN,Combined TRACON& Tower with Radar,29,28,36,2,95,0,3,64,2,69,29,31,100,4,164,138,0,138,302
03/24/2017,ABE,PA,AEA,EN,Combined TRACON& Tower with Radar,31,32,20,2,85,0,2,25,0,27,31,34,45,2,112,71,0,71,183
03/25/2017,ABE,PA,AEA,EN,Combined TRACON& Tower with Radar,26,22,40,0,88,0,0,43,1,44,26,22,83,1,132,124,0,124,256
03/26/2017,ABE,PA,AEA,EN,Combined TRACON& Tower with Radar,24,20,23,0,67,0,0,0,0,0,24,20,23,0,67,54,0,54,121
03/27/2017,ABE,PA,AEA,EN,Combined TRACON& Tower with Radar,25,19,25,0,69,0,4,0,1,5,25,23,25,1,74,2,0,2,76
03/28/2017,ABE,PA,AEA,EN,Combined TRACON& Tower with Radar,30,21,19,0,70,0,0,0,0,0,30,21,19,0,70,0,0,0,70
03/29/2017,ABE,PA,AEA,EN,Combined TRACON& Tower with Radar,32,25,34,7,98,0,0,68,1,69,32,25,102,8,167,160,0,160,327
03/30/2017,ABE,PA,AEA,EN,Combined TRACON& Tower with Radar,31,21,56,0,108,0,0,71,0,71,31,21,127,0,179,190,0,190,369
03/31/2017,ABE,PA,AEA,EN,Combined TRACON& Tower with Radar,29,23,14,0,66,0,0,0,0,0,29,23,14,0,66,0,0,0,66
04/01/2017,ABE,PA,AEA,EN,Combined TRACON& Tower with Radar,26,12,30,0,68,0,0,24,0,24,26,12,54,0,92,102,0,102,194
04/02/2017,ABE,PA,AEA,EN,Combined TRACON& Tower with Radar,24,24,35,2,85,0,2,66,0,68,24,26,101,2,153,294,0,294,447
04/03/2017,ABE,PA,AEA,EN,Combined TRACON& Tower with Radar,21,21,34,0,76,0,2,40,0,42,21,23,74,0,118,20,0,20,138
04/04/2017,ABE,PA,AEA,EN,Combined TRACON& Tower with Radar,32,35,33,4,104,0,2,7,0,9,32,37,40,4,113,152,0,152,265
04/05/2017,ABE,PA,AEA,EN,Combined TRACON& Tower with Radar,31,24,62,4,121,0,1,84,0,85,31,25,146,4,206,212,0,212,418
04/06/2017,ABE,PA,AEA,EN,Combined TRACON& Tower with Radar,30,29,13,3,75,0,0,1,1,2,30,29,14,4,77,0,0,0,77
04/07/2017,ABE,PA,AEA,EN,Combined TRACON& Tower with Radar,31,30,35,0,96,0,2,4,2,8,31,32,39,2,104,60,2,62,166
04/08/2017,ABE,PA,AEA,EN,Combined TRACON& Tower with Radar,29,17,33,0,79,0,1,49,0,50,29,18,82,0,129,98,0,98,227
04/09/2017,ABE,PA,AEA,EN,Combined TRACON& Tower with Radar,26,23,40,0,89,0,7,83,0,90,26,30,123,0,179,248,0,248,427
04/10/2017,ABE,PA,AEA,EN,Combined TRACON& Tower with Radar,32,34,30,2,98,0,2,60,1,63,32,36,90,3,161,174,6,180,341
04/11/2017,ABE,PA,AEA,EN,Combined TRACON& Tower with Radar,35,27,35,0,97,0,1,51,0,52,35,28,86,0,149,125,0,125,274
04/12/2017,ABE,PA,AEA,EN,Combined TRACON& Tower with Radar,35,24,41,2,102,0,4,47,0,51,35,28,88,2,153,156,0,156,309
04/13/2017,ABE,PA,AEA,EN,Combined TRACON& Tower with Radar,37,29,34,8,108,0,3,57,3,63,37,32,91,11,171,86,6,92,263
04/14/2017,ABE,PA,AEA,EN,Combined TRACON& Tower with Radar,30,25,37,0,92,0,4,91,0,95,30,29,128,0,187,199,0,199,386
04/15/2017,ABE,PA,AEA,EN,Combined TRACON& Tower with Radar,27,11,43,0,81,0,1,45,1,47,27,12,88,1,128,80,0,80,208
04/16/2017,ABE,PA,AEA,EN,Combined TRACON& Tower with Radar,26,16,25,0,67,0,2,10,0,12,26,18,35,0,79,35,0,35,114
04/17/2017,ABE,PA,AEA,EN,Combined TRACON& Tower with Radar,30,19,40,5,94,0,1,43,0,44,30,20,83,5,138,109,0,109,247
04/18/2017,ABE,PA,AEA,EN,Combined TRACON& Tower with Radar,36,27,29,0,92,0,1,72,0,73,36,28,101,0,165,152,0,152,317
04/19/2017,ABE,PA,AEA,EN,Combined TRACON& Tower with Radar,31,32,43,0,106,0,0,25,0,25,31,32,68,0,131,104,0,104,235
04/20/2017,ABE,PA,AEA,EN,Combined TRACON& Tower with Radar,35,28,43,3,109,0,3,12,1,16,35,31,55,4,125,71,0,71,196
04/21/2017,ABE,PA,AEA,EN,Combined TRACON& Tower with Radar,31,31,49,4,115,0,1,0,0,1,31,32,49,4,116,0,0,0,116
04/22/2017,ABE,PA,AEA,EN,Combined TRACON& Tower with Radar,24,18,50,0,92,0,1,18,2,21,24,19,68,2,113,52,0,52,165
04/23/2017,ABE,PA,AEA,EN,Combined TRACON& Tower with Radar,28,21,54,0,103,0,4,70,0,74,28,25,124,0,177,0,0,0,177
04/24/2017,ABE,PA,AEA,EN,Combined TRACON& Tower with Radar,31,23,31,0,85,0,0,41,0,41,31,23,72,0,126,72,0,72,198
04/25/2017,ABE,PA,AEA,EN,Combined TRACON& Tower with Radar,29,24,25,0,78,0,0,0,0,0,29,24,25,0,78,2,0,2,80
04/26/2017,ABE,PA,AEA,EN,Combined TRACON& Tower with Radar,30,28,54,8,120,0,0,3,0,3,30,28,57,8,123,194,0,194,317
04/27/2017,ABE,PA,AEA,EN,Combined TRACON& Tower with Radar,33,24,63,3,123,0,0,14,0,14,33,24,77,3,137,160,0,160,297
04/28/2017,ABE,PA,AEA,EN,Combined TRACON& Tower with Radar,31,31,27,2,91,0,0,83,0,83,31,31,110,2,174,128,8,136,310
04/29/2017,ABE,PA,AEA,EN,Combined TRACON& Tower with Radar,23,19,34,0,76,0,3,40,0,43,23,22,74,0,119,198,0,198,317
04/30/2017,ABE,PA,AEA,EN,Combined TRACON& Tower with Radar,27,24,38,0,89,0,1,31,0,32,27,25,69,0,121,80,0,80,201
05/01/2017,ABE,PA,AEA,EN,Combined TRACON& Tower with Radar,26,26,22,3,77,0,1,10,0,11,26,27,32,3,88,0,0,0,88
05/02/2017,ABE,PA,AEA,EN,Combined TRACON& Tower with Radar,26,32,12,0,70,0,2,19,0,21,26,34,31,0,91,76,0,76,167
05/03/2017,ABE,PA,AEA,EN,Combined TRACON& Tower with Radar,28,26,26,0,80,0,2,39,0,41,28,28,65,0,121,90,0,90,211
05/04/2017,ABE,PA,AEA,EN,Combined TRACON& Tower with Radar,30,32,39,1,102,0,1,41,2,44,30,33,80,3,146,43,0,43,189
05/05/2017,ABE,PA,AEA,EN,Combined TRACON& Tower with Radar,29,31,11,0,71,0,0,0,0,0,29,31,11,0,71,0,0,0,71
05/06/2017,ABE,PA,AEA,EN,Combined TRACON& Tower with Radar,21,20,13,0,54,0,0,3,0,3,21,20,16,0,57,32,0,32,89
05/07/2017,ABE,PA,AEA,EN,Combined TRACON& Tower with Radar,23,25,14,0,62,0,0,13,0,13,23,25,27,0,75,48,0,48,123
05/08/2017,ABE,PA,AEA,EN,Combined TRACON& Tower with Radar,25,28,30,8,91,0,0,36,0,36,25,28,66,8,127,111,22,133,260
05/09/2017,ABE,PA,AEA,EN,Combined TRACON& Tower with Radar,26,37,45,8,116,0,4,74,1,79,26,41,119,9,195,157,6,163,358
05/10/2017,ABE,PA,AEA,EN,Combined TRACON& Tower with Radar,26,26,51,4,107,0,5,96,0,101,26,31,147,4,208,131,10,141,349
05/11/2017,ABE,PA,AEA,EN,Combined TRACON& Tower with Radar,29,33,41,9,112,0,1,37,0,38,29,34,78,9,150,169,26,195,345
05/12/2017,ABE,PA,AEA,EN,Combined TRACON& Tower with Radar,27,32,43,0,102,0,1,51,0,52,27,33,94,0,154,248,0,248,402
05/13/2017,ABE,PA,AEA,EN,Combined TRACON& Tower with Radar,21,14,13,0,48,0,0,0,0,0,21,14,13,0,48,0,0,0,48
05/14/2017,ABE,PA,AEA,EN,Combined TRACON& Tower with Radar,21,23,18,1,63,0,3,17,0,20,21,26,35,1,83,59,0,59,142
05/15/2017,ABE,PA,AEA,EN,Combined TRACON& Tower with Radar,27,19,26,1,73,0,4,18,0,22,27,23,44,1,95,25,0,25,120
05/16/2017,ABE,PA,AEA,EN,Combined TRACON& Tower with Radar,25,25,53,0,103,0,4,76,0,80,25,29,129,0,183,154,0,154,337
05/17/2017,ABE,PA,AEA,EN,Combined TRACON& Tower with Radar,29,29,50,0,108,0,3,68,0,71,29,32,118,0,179,144,0,144,323
05/18/2017,ABE,PA,AEA,EN,Combined TRACON& Tower with Radar,32,26,35,3,96,0,2,68,0,70,32,28,103,3,166,115,0,115,281
05/19/2017,ABE,PA,AEA,EN,Combined TRACON& Tower with Radar,26,32,39,0,97,0,9,57,0,66,26,41,96,0,163,118,0,118,281
05/20/2017,ABE,PA,AEA,EN,Combined TRACON& Tower with Radar,22,12,36,1,71,0,0,29,3,32,22,12,65,4,103,120,6,126,229
05/21/2017,ABE,PA,AEA,EN,Combined TRACON& Tower with Radar,26,32,32,0,90,0,3,70,0,73,26,35,102,0,163,166,0,166,329
05/22/2017,ABE,PA,AEA,EN,Combined TRACON& Tower with Radar,24,23,35,0,82,0,0,1,0,1,24,23,36,0,83,0,0,0,83
05/23/2017,ABE,PA,AEA,EN,Combined TRACON& Tower with Radar,31,45,65,0,141,0,0,59,0,59,31,45,124,0,200,112,0,112,312
05/24/2017,ABE,PA,AEA,EN,Combined TRACON& Tower with Radar,28,26,36,3,93,0,1,49,0,50,28,27,85,3,143,140,0,140,283
05/25/2017,ABE,PA,AEA,EN,Combined TRACON& Tower with Radar,35,27,36,2,100,0,0,0,0,0,35,27,36,2,100,0,0,0,100
05/26/2017,ABE,PA,AEA,EN,Combined TRACON& Tower with Radar,29,23,38,0,90,0,1,37,0,38,29,24,75,0,128,112,0,112,240
05/27/2017,ABE,PA,AEA,EN,Combined TRACON& Tower with Radar,22,13,29,0,64,0,1,75,0,76,22,14,104,0,140,205,0,205,345
05/28/2017,ABE,PA,AEA,EN,Combined TRACON& Tower with Radar,24,19,19,0,62,0,3,38,0,41,24,22,57,0,103,129,0,129,232
05/29/2017,ABE,PA,AEA,EN,Combined TRACON& Tower with Radar,23,22,46,0,91,0,0,1,0,1,23,22,47,0,92,78,0,78,170
05/30/2017,ABE,PA,AEA,EN,Combined TRACON& Tower with Radar,24,23,33,0,80,0,0,0,0,0,24,23,33,0,80,0,0,0,80
05/31/2017,ABE,PA,AEA,EN,Combined TRACON& Tower with Radar,32,30,59,0,121,0,3,29,0,32,32,33,88,0,153,172,0,172,325
06/01/2017,ABE,PA,AEA,EN,Combined TRACON& Tower with Radar,32,25,36,0,93,0,5,60,0,65,32,30,96,0,158,187,0,187,345
06/02/2017,ABE,PA,AEA,EN,Combined TRACON& Tower with Radar,29,30,26,0,85,0,4,39,0,43,29,34,65,0,128,56,0,56,184
06/03/2017,ABE,PA,AEA,EN,Combined TRACON& Tower with Radar,21,21,18,0,60,0,1,36,0,37,21,22,54,0,97,148,0,148,245
06/04/2017,ABE,PA,AEA,EN,Combined TRACON& Tower with Radar,28,19,23,0,70,0,2,27,0,29,28,21,50,0,99,50,0,50,149
06/05/2017,ABE,PA,AEA,EN,Combined TRACON& Tower with Radar,23,17,24,5,69,0,1,18,2,21,23,18,42,7,90,82,0,82,172
06/06/2017,ABE,PA,AEA,EN,Combined TRACON& Tower with Radar,35,26,25,2,88,0,0,0,0,0,35,26,25,2,88,20,0,20,108
06/07/2017,ABE,PA,AEA,EN,Combined TRACON& Tower with Radar,29,34,45,3,111,0,1,37,3,41,29,35,82,6,152,150,0,150,302
06/08/2017,ABE,PA,AEA,EN,Combined TRACON& Tower with Radar,35,27,48,0,110,0,1,70,0,71,35,28,118,0,181,188,0,188,369
06/09/2017,ABE,PA,AEA,EN,Combined TRACON& Tower with Radar,29,34,36,10,109,0,2,63,0,65,29,36,99,10,174,180,12,192,366
06/10/2017,ABE,PA,AEA,EN,Combined TRACON& Tower with Radar,21,19,25,0,65,0,0,67,0,67,21,19,92,0,132,219,0,219,351
06/11/2017,ABE,PA,AEA,EN,Combined TRACON& Tower with Radar,28,27,30,0,85,0,0,41,0,41,28,27,71,0,126,124,0,124,250
06/12/2017,ABE,PA,AEA,EN,Combined TRACON& Tower with Radar,26,21,25,0,72,0,1,74,0,75,26,22,99,0,147,246,0,246,393
06/13/2017,ABE,PA,AEA,EN,Combined TRACON& Tower with Radar,30,33,34,0,97,0,2,54,2,58,30,35,88,2,155,217,2,219,374
06/14/2017,ABE,PA,AEA,EN,Combined TRACON& Tower with Radar,30,29,51,5,115,0,1,47,0,48,30,30,98,5,163,152,0,152,315
06/15/2017,ABE,PA,AEA,EN,Combined TRACON& Tower with Radar,35,29,53,0,117,0,0,80,0,80,35,29,133,0,197,140,0,140,337
06/16/2017,ABE,PA,AEA,EN,Combined TRACON& Tower with Radar,30,31,40,0,101,0,0,0,0,0,30,31,40,0,101,29,0,29,130
06/17/2017,ABE,PA,AEA,EN,Combined TRACON& Tower with Radar,24,16,36,0,76,0,0,0,0,0,24,16,36,0,76,0,0,0,76
06/18/2017,ABE,PA,AEA,EN,Combined TRACON& Tower with Radar,28,18,27,0,73,0,2,16,0,18,28,20,43,0,91,100,0,100,191
06/19/2017,ABE,PA,AEA,EN,Combined TRACON& Tower with Radar,31,29,25,0,85,0,0,5,0,5,31,29,30,0,90,18,0,18,108
06/20/2017,ABE,PA,AEA,EN,Combined TRACON& Tower with Radar,30,30,43,4,107,0,3,73,0,76,30,33,116,4,183,182,0,182,365
06/21/2017,ABE,PA,AEA,EN,Combined TRACON& Tower with Radar,34,32,69,8,143,0,2,59,0,61,34,34,128,8,204,152,40,192,396
06/22/2017,ABE,PA,AEA,EN,Combined TRACON& Tower with Radar,34,28,34,0,96,0,4,60,0,64,34,32,94,0,160,192,0,192,352
06/23/2017,ABE,PA,AEA,EN,Combined TRACON& Tower with Radar,26,27,36,0,89,0,0,8,0,8,26,27,44,0,97,22,0,22,119
06/24/2017,ABE,PA,AEA,EN,Combined TRACON& Tower with Radar,24,13,24,0,61,0,1,39,0,40,24,14,63,0,101,134,0,134,235
06/25/2017,ABE,PA,AEA,EN,Combined TRACON& Tower with Radar,30,18,27,0,75,0,1,65,0,66,30,19,92,0,141,106,0,106,247
06/26/2017,ABE,PA,AEA,EN,Combined TRACON& Tower with Radar,26,20,34,5,85,0,1,43,1,45,26,21,77,6,130,163,2,165,295
06/27/2017,ABE,PA,AEA,EN,Combined TRACON& Tower with Radar,32,41,24,3,100,0,10,50,1,61,32,51,74,4,161,94,0,94,255
06/28/2017,ABE,PA,AEA,EN,Combined TRACON& Tower with Radar,30,34,31,0,95,0,3,62,0,65,30,37,93,0,160,102,0,102,262
06/29/2017,ABE,PA,AEA,EN,Combined TRACON& Tower with Radar,33,32,52,0,117,0,5,61,1,67,33,37,113,1,184,148,0,148,332
06/30/2017,ABE,PA,AEA,EN,Combined TRACON& Tower with Radar,30,29,29,0,88,0,0,45,0,45,30,29,74,0,133,55,0,55,188
07/01/2017,ABE,PA,AEA,EN,Combined TRACON& Tower with Radar,20,18,25,0,63,0,0,10,0,10,20,18,35,0,73,30,0,30,103
07/02/2017,ABE,PA,AEA,EN,Combined TRACON& Tower with Radar,25,19,26,0,70,0,1,37,0,38,25,20,63,0,108,81,0,81,189
07/03/2017,ABE,PA,AEA,EN,Combined TRACON& Tower with Radar,24,14,10,0,48,0,4,34,0,38,24,18,44,0,86,68,0,68,154
07/04/2017,ABE,PA,AEA,EN,Combined TRACON& Tower with Radar,23,21,23,0,67,0,1,24,0,25,23,22,47,0,92,126,0,126,218
07/05/2017,ABE,PA,AEA,EN,Combined TRACON& Tower with Radar,31,17,41,0,89,0,2,49,0,51,31,19,90,0,140,52,0,52,192
07/06/2017,ABE,PA,AEA,EN,Combined TRACON& Tower with Radar,36,23,43,0,102,0,1,2,0,3,36,24,45,0,105,2,0,2,107
07/07/2017,ABE,PA,AEA,EN,Combined TRACON& Tower with Radar,34,31,34,1,100,0,0,12,0,12,34,31,46,1,112,30,0,30,142
07/08/2017,ABE,PA,AEA,EN,Combined TRACON& Tower with Radar,22,17,26,0,65,0,5,43,0,48,22,22,69,0,113,67,0,67,180
07/09/2017,ABE,PA,AEA,EN,Combined TRACON& Tower with Radar,30,19,38,0,87,0,4,93,0,97,30,23,131,0,184,160,0,160,344
07/10/2017,ABE,PA,AEA,EN,Combined TRACON& Tower with Radar,27,21,36,0,84,0,2,41,0,43,27,23,77,0,127,168,0,168,295
07/11/2017,ABE,PA,AEA,EN,Combined TRACON& Tower with Radar,29,27,40,4,100,0,0,42,0,42,29,27,82,4,142,119,12,131,273
07/12/2017,ABE,PA,AEA,EN,Combined TRACON& Tower with Radar,29,20,42,0,91,0,0,41,0,41,29,20,83,0,132,111,0,111,243
07/13/2017,ABE,PA,AEA,EN,Combined TRACON& Tower with Radar,34,37,32,2,105,0,0,31,0,31,34,37,63,2,136,44,0,44,180
07/14/2017,ABE,PA,AEA,EN,Combined TRACON& Tower with Radar,29,38,31,0,98,0,0,4,0,4,29,38,35,0,102,12,0,12,114
07/15/2017,ABE,PA,AEA,EN,Combined TRACON& Tower with Radar,24,18,19,0,61,0,1,39,0,40,24,19,58,0,101,156,0,156,257
07/16/2017,ABE,PA,AEA,EN,Combined TRACON& Tower with Radar,28,23,21,0,72,0,1,33,0,34,28,24,54,0,106,120,0,120,226
07/17/2017,ABE,PA,AEA,EN,Combined TRACON& Tower with Radar,26,25,25,0,76,0,1,23,0,24,26,26,48,0,100,0,0,0,100
07/18/2017,ABE,PA,AEA,EN,Combined TRACON& Tower with Radar,30,27,65,6,128,0,2,31,0,33,30,29,96,6,161,82,0,82,243
07/19/2017,ABE,PA,AEA,EN,Combined TRACON& Tower with Radar,27,29,71,2,129,0,1,82,0,83,27,30,153,2,212,121,0,121,333
07/20/2017,ABE,PA,AEA,EN,Combined TRACON& Tower with Radar,33,26,24,0,83,0,2,55,0,57,33,28,79,0,140,63,0,63,203
07/21/2017,ABE,PA,AEA,EN,Combined TRACON& Tower with Radar,27,29,29,5,90,0,1,47,3,51,27,30,76,8,141,106,18,124,265
07/22/2017,ABE,PA,AEA,EN,Combined TRACON& Tower with Radar,20,18,23,0,61,0,1,57,0,58,20,19,80,0,119,47,0,47,166
07/23/2017,ABE,PA,AEA,EN,Combined TRACON& Tower with Radar,31,23,39,0,93,0,0,18,0,18,31,23,57,0,111,80,0,80,191
07/24/2017,ABE,PA,AEA,EN,Combined TRACON& Tower with Radar,27,24,29,1,81,0,0,7,1,8,27,24,36,2,89,50,0,50,139
07/25/2017,ABE,PA,AEA,EN,Combined TRACON& Tower with Radar,31,23,36,1,91,0,2,11,0,13,31,25,47,1,104,18,0,18,122
07/26/2017,ABE,PA,AEA,EN,Combined TRACON& Tower with Radar,29,30,51,8,118,0,1,41,0,42,29,31,92,8,160,24,28,52,212
07/27/2017,ABE,PA,AEA,EN,Combined TRACON& Tower with Radar,31,33,48,0,112,0,0,11,2,13,31,33,59,2,125,28,0,28,153
07/28/2017,ABE,PA,AEA,EN,Combined TRACON& Tower with Radar,27,29,28,7,91,0,0,19,0,19,27,29,47,7,110,80,12,92,202
07/29/2017,ABE,PA,AEA,EN,Combined TRACON& Tower with Radar,23,18,17,0,58,0,1,25,0,26,23,19,42,0,84,36,0,36,120
07/30/2017,ABE,PA,AEA,EN,Combined TRACON& Tower with Radar,28,22,40,0,90,0,5,77,0,82,28,27,117,0,172,169,0,169,341
07/31/2017,ABE,PA,AEA,EN,Combined TRACON& Tower with Radar,26,28,26,1,81,0,5,80,1,86,26,33,106,2,167,145,0,145,312
08/01/2017,ABE,PA,AEA,EN,Combined TRACON& Tower with Radar,30,20,54,0,104,0,0,61,0,61,30,20,115,0,165,125,0,125,290
08/02/2017,ABE,PA,AEA,EN,Combined TRACON& Tower with Radar,34,22,49,2,107,0,1,43,0,44,34,23,92,2,151,40,0,40,191
08/03/2017,ABE,PA,AEA,EN,Combined TRACON& Tower with Radar,41,29,40,3,113,0,0,34,0,34,41,29,74,3,147,72,0,72,219
08/04/2017,ABE,PA,AEA,EN,Combined TRACON& Tower with Radar,30,33,34,0,97,0,1,28,2,31,30,34,62,2,128,35,0,35,163
08/05/2017,ABE,PA,AEA,EN,Combined TRACON& Tower with Radar,24,17,15,0,56,0,1,31,0,32,24,18,46,0,88,140,0,140,228
08/06/2017,ABE,PA,AEA,EN,Combined TRACON& Tower with Radar,27,23,27,0,77,0,0,51,0,51,27,23,78,0,128,169,0,169,297
08/07/2017,ABE,PA,AEA,EN,Combined TRACON& Tower with Radar,29,24,24,0,77,0,0,0,0,0,29,24,24,0,77,0,0,0,77
08/08/2017,ABE,PA,AEA,EN,Combined TRACON& Tower with Radar,32,28,40,0,100,0,4,42,0,46,32,32,82,0,146,95,0,95,241
08/09/2017,ABE,PA,AEA,EN,Combined TRACON& Tower with Radar,28,34,27,0,89,0,0,71,0,71,28,34,98,0,160,126,0,126,286
08/10/2017,ABE,PA,AEA,EN,Combined TRACON& Tower with Radar,30,26,26,0,82,0,0,54,0,54,30,26,80,0,136,117,0,117,253
08/11/2017,ABE,PA,AEA,EN,Combined TRACON& Tower with Radar,28,31,22,0,81,0,0,29,2,31,28,31,51,2,112,94,2,96,208
08/12/2017,ABE,PA,AEA,EN,Combined TRACON& Tower with Radar,24,19,23,2,68,0,0,11,1,12,24,19,34,3,80,60,0,60,140
08/13/2017,ABE,PA,AEA,EN,Combined TRACON& Tower with Radar,28,23,19,0,70,0,1,49,0,50,28,24,68,0,120,100,0,100,220
08/14/2017,ABE,PA,AEA,EN,Combined TRACON& Tower with Radar,25,30,18,0,73,0,0,58,0,58,25,30,76,0,131,146,0,146,277
08/15/2017,ABE,PA,AEA,EN,Combined TRACON& Tower with Radar,31,32,28,12,103,0,1,0,0,1,31,33,28,12,104,2,12,14,118
08/16/2017,ABE,PA,AEA,EN,Combined TRACON& Tower with Radar,28,24,33,5,90,0,3,46,7,56,28,27,79,12,146,155,26,181,327
08/17/2017,ABE,PA,AEA,EN,Combined TRACON& Tower with Radar,30,34,33,0,97,0,1,42,0,43,30,35,75,0,140,138,0,138,278
08/18/2017,ABE,PA,AEA,EN,Combined TRACON& Tower with Radar,28,28,29,0,85,0,0,0,0,0,28,28,29,0,85,18,0,18,103
08/19/2017,ABE,PA,AEA,EN,Combined TRACON& Tower with Radar,22,22,21,1,66,0,2,48,3,53,22,24,69,4,119,137,0,137,256
08/20/2017,ABE,PA,AEA,EN,Combined TRACON& Tower with Radar,26,23,25,0,74,0,0,63,0,63,26,23,88,0,137,100,0,100,237
08/21/2017,ABE,PA,AEA,EN,Combined TRACON& Tower with Radar,26,20,29,2,77,0,2,58,0,60,26,22,87,2,137,59,0,59,196
08/22/2017,ABE,PA,AEA,EN,Combined TRACON& Tower with Radar,25,31,28,0,84,0,0,26,0,26,25,31,54,0,110,80,0,80,190
08/23/2017,ABE,PA,AEA,EN,Combined TRACON& Tower with Radar,29,33,35,8,105,0,1,55,0,56,29,34,90,8,161,160,10,170,331
08/24/2017,ABE,PA,AEA,EN,Combined TRACON& Tower with Radar,30,31,35,1,97,0,4,65,1,70,30,35,100,2,167,31,0,31,198
08/25/2017,ABE,PA,AEA,EN,Combined TRACON& Tower with Radar,27,29,37,0,93,0,1,67,0,68,27,30,104,0,161,194,0,194,355
08/26/2017,ABE,PA,AEA,EN,Combined TRACON& Tower with Radar,21,15,27,0,63,0,1,53,1,55,21,16,80,1,118,201,0,201,319
08/27/2017,ABE,PA,AEA,EN,Combined TRACON& Tower with Radar,26,20,51,0,97,0,1,51,0,52,26,21,102,0,149,44,0,44,193
08/28/2017,ABE,PA,AEA,EN,Combined TRACON& Tower with Radar,25,18,39,0,82,0,3,64,0,67,25,21,103,0,149,122,0,122,271
08/29/2017,ABE,PA,AEA,EN,Combined TRACON& Tower with Radar,25,25,35,0,85,0,0,4,0,4,25,25,39,0,89,38,0,38,127
08/30/2017,ABE,PA,AEA,EN,Combined TRACON& Tower with Radar,26,33,35,0,94,0,2,60,0,62,26,35,95,0,156,71,0,71,227
08/31/2017,ABE,PA,AEA,EN,Combined TRACON& Tower with Radar,30,25,48,0,103,0,0,53,0,53,30,25,101,0,156,124,0,124,280
09/01/2017,ABE,PA,AEA,EN,Combined TRACON& Tower with Radar,27,29,42,3,101,0,3,68,2,73,27,32,110,5,174,142,0,142,316
09/02/2017,ABE,PA,AEA,EN,Combined TRACON& Tower with Radar,19,18,29,0,66,0,0,28,0,28,19,18,57,0,94,100,0,100,194
09/03/2017,ABE,PA,AEA,EN,Combined TRACON& Tower with Radar,22,19,25,0,66,0,0,2,0,2,22,19,27,0,68,20,0,20,88
09/04/2017,ABE,PA,AEA,EN,Combined TRACON& Tower with Radar,24,17,55,0,96,0,3,85,0,88,24,20,140,0,184,77,0,77,261
09/05/2017,ABE,PA,AEA,EN,Combined TRACON& Tower with Radar,27,32,22,0,81,0,1,26,0,27,27,33,48,0,108,34,0,34,142
09/06/2017,ABE,PA,AEA,EN,Combined TRACON& Tower with Radar,27,25,26,2,80,0,0,0,0,0,27,25,26,2,80,4,0,4,84
09/07/2017,ABE,PA,AEA,EN,Combined TRACON& Tower with Radar,32,30,62,0,124,0,3,47,0,50,32,33,109,0,174,0,0,0,174
09/08/2017,ABE,PA,AEA,EN,Combined TRACON& Tower with Radar,25,28,53,0,106,0,4,82,0,86,25,32,135,0,192,58,0,58,250
09/09/2017,ABE,PA,AEA,EN,Combined TRACON& Tower with Radar,17,19,29,0,65,0,1,68,2,71,17,20,97,2,136,151,0,151,287
09/10/2017,ABE,PA,AEA,EN,Combined TRACON& Tower with Radar,25,17,41,2,85,0,3,78,0,81,25,20,119,2,166,140,0,140,306
09/11/2017,ABE,PA,AEA,EN,Combined TRACON& Tower with Radar,22,18,39,0,79,0,5,80,0,85,22,23,119,0,164,129,0,129,293
09/12/2017,ABE,PA,AEA,EN,Combined TRACON& Tower with Radar,31,25,47,0,103,0,2,86,0,88,31,27,133,0,191,124,0,124,315
09/13/2017,ABE,PA,AEA,EN,Combined TRACON& Tower with Radar,26,44,58,0,128,0,6,6,0,12,26,50,64,0,140,68,0,68,208
09/14/2017,ABE,PA,AEA,EN,Combined TRACON& Tower with Radar,30,51,48,0,129,0,2,30,0,32,30,53,78,0,161,124,0,124,285
09/15/2017,ABE,PA,AEA,EN,Combined TRACON& Tower with Radar,29,29,34,0,92,0,0,52,0,52,29,29,86,0,144,98,0,98,242
09/16/2017,ABE,PA,AEA,EN,Combined TRACON& Tower with Radar,21,25,17,0,63,0,0,45,0,45,21,25,62,0,108,77,0,77,185
09/17/2017,ABE,PA,AEA,EN,Combined TRACON& Tower with Radar,31,20,28,0,79,0,0,15,0,15,31,20,43,0,94,35,0,35,129
09/18/2017,ABE,PA,AEA,EN,Combined TRACON& Tower with Radar,31,25,31,4,91,0,0,9,0,9,31,25,40,4,100,6,0,6,106
09/19/2017,ABE,PA,AEA,EN,Combined TRACON& Tower with Radar,32,22,39,4,97,0,1,28,0,29,32,23,67,4,126,54,10,64,190
09/20/2017,ABE,PA,AEA,EN,Combined TRACON& Tower with Radar,32,27,22,0,81,0,1,68,0,69,32,28,90,0,150,130,0,130,280
09/21/2017,ABE,PA,AEA,EN,Combined TRACON& Tower with Radar,33,33,49,1,116,0,1,67,1,69,33,34,116,2,185,164,0,164,349
09/22/2017,ABE,PA,AEA,EN,Combined TRACON& Tower with Radar,29,30,37,0,96,0,3,64,0,67,29,33,101,0,163,87,0,87,250
09/23/2017,ABE,PA,AEA,EN,Combined TRACON& Tower with Radar,21,15,32,0,68,0,0,41,0,41,21,15,73,0,109,154,0,154,263
09/24/2017,ABE,PA,AEA,EN,Combined TRACON& Tower with Radar,33,20,36,0,89,0,0,68,0,68,33,20,104,0,157,127,0,127,284
09/25/2017,ABE,PA,AEA,EN,Combined TRACON& Tower with Radar,34,21,38,0,93,0,1,72,0,73,34,22,110,0,166,192,0,192,358
09/26/2017,ABE,PA,AEA,EN,Combined TRACON& Tower with Radar,31,22,45,0,98,0,2,57,0,59,31,24,102,0,157,131,0,131,288
09/27/2017,ABE,PA,AEA,EN,Combined TRACON& Tower with Radar,31,24,64,0,119,0,2,48,0,50,31,26,112,0,169,184,0,184,353
09/28/2017,ABE,PA,AEA,EN,Combined TRACON& Tower with Radar,31,25,29,0,85,0,2,50,0,52,31,27,79,0,137,141,0,141,278
09/29/2017,ABE,PA,AEA,EN,Combined TRACON& Tower with Radar,30,33,49,0,112,0,1,69,0,70,30,34,118,0,182,181,0,181,363
09/30/2017,ABE,PA,AEA,EN,Combined TRACON& Tower with Radar,21,16,17,0,54,0,0,20,0,20,21,16,37,0,74,44,0,44,118
10/01/2017,ABE,PA,AEA,EN,Combined TRACON& Tower with Radar,28,19,36,0,83,0,0,67,0,67,28,19,103,0,150,95,0,95,245
10/02/2017,ABE,PA,AEA,EN,Combined TRACON& Tower with Radar,30,19,32,8,89,0,2,67,0,69,30,21,99,8,158,154,4,158,316
10/03/2017,ABE,PA,AEA,EN,Combined TRACON& Tower with Radar,26,21,32,0,79,0,0,77,0,77,26,21,109,0,156,125,0,125,281
10/04/2017,ABE,PA,AEA,EN,Combined TRACON& Tower with Radar,30,27,44,0,101,0,2,58,0,60,30,29,102,0,161,146,0,146,307
10/05/2017,ABE,PA,AEA,EN,Combined TRACON& Tower with Radar,32,31,41,0,104,0,1,53,2,56,32,32,94,2,160,110,0,110,270
10/06/2017,ABE,PA,AEA,EN,Combined TRACON& Tower with Radar,30,31,45,1,107,0,1,45,0,46,30,32,90,1,153,107,2,109,262
10/07/2017,ABE,PA,AEA,EN,Combined TRACON& Tower with Radar,22,22,36,1,81,0,0,65,0,65,22,22,101,1,146,119,0,119,265
10/08/2017,ABE,PA,AEA,EN,Combined TRACON& Tower with Radar,30,16,38,0,84,0,1,6,0,7,30,17,44,0,91,20,0,20,111
10/09/2017,ABE,PA,AEA,EN,Combined TRACON& Tower with Radar,31,30,44,0,105,0,2,1,0,3,31,32,45,0,108,9,0,9,117
10/10/2017,ABE,PA,AEA,EN,Combined TRACON& Tower with Radar,30,37,51,0,118,0,0,58,0,58,30,37,109,0,176,184,0,184,360
10/11/2017,ABE,PA,AEA,EN,Combined TRACON& Tower with Radar,34,30,39,4,107,0,0,25,0,25,34,30,64,4,132,75,4,79,211
10/12/2017,ABE,PA,AEA,EN,Combined TRACON& Tower with Radar,31,32,86,7,156,0,0,12,1,13,31,32,98,8,169,44,4,48,217
10/13/2017,ABE,PA,AEA,EN,Combined TRACON& Tower with Radar,29,25,51,0,105,0,0,12,0,12,29,25,63,0,117,151,0,151,268
10/14/2017,ABE,PA,AEA,EN,Combined TRACON& Tower with Radar,24,18,54,0,96,0,0,6,0,6,24,18,60,0,102,11,0,11,113
10/15/2017,ABE,PA,AEA,EN,Combined TRACON& Tower with Radar,32,27,64,0,123,0,0,1,0,1,32,27,65,0,124,4,0,4,128
10/16/2017,ABE,PA,AEA,EN,Combined TRACON& Tower with Radar,30,20,44,2,96,0,1,45,0,46,30,21,89,2,142,72,0,72,214
10/17/2017,ABE,PA,AEA,EN,Combined TRACON& Tower with Radar,30,32,49,1,112,0,2,85,1,88,30,34,134,2,200,158,0,158,358
10/18/2017,ABE,PA,AEA,EN,Combined TRACON& Tower with Radar,30,28,29,4,91,0,1,64,0,65,30,29,93,4,156,79,4,83,239
10/19/2017,ABE,PA,AEA,EN,Combined TRACON& Tower with Radar,32,29,25,11,97,0,2,54,0,56,32,31,79,11,153,171,28,199,352
10/20/2017,ABE,PA,AEA,EN,Combined TRACON& Tower with Radar,30,29,34,0,93,0,2,87,0,89,30,31,121,0,182,164,0,164,346
10/21/2017,ABE,PA,AEA,EN,Combined TRACON& Tower with Radar,25,21,33,0,79,0,4,62,0,66,25,25,95,0,145,100,0,100,245
10/22/2017,ABE,PA,AEA,EN,Combined TRACON& Tower with Radar,33,28,22,0,83,0,2,52,0,54,33,30,74,0,137,89,0,89,226
10/23/2017,ABE,PA,AEA,EN,Combined TRACON& Tower with Radar,28,29,47,0,104,0,1,7,0,8,28,30,54,0,112,53,0,53,165
10/24/2017,ABE,PA,AEA,EN,Combined TRACON& Tower with Radar,30,32,16,1,79,0,1,15,0,16,30,33,31,1,95,44,0,44,139
10/25/2017,ABE,PA,AEA,EN,Combined TRACON& Tower with Radar,30,35,53,0,118,0,2,54,0,56,30,37,107,0,174,117,0,117,291
10/26/2017,ABE,PA,AEA,EN,Combined TRACON& Tower with Radar,32,35,33,0,100,0,0,62,2,64,32,35,95,2,164,70,0,70,234
10/27/2017,ABE,PA,AEA,EN,Combined TRACON& Tower with Radar,29,32,42,2,105,0,3,80,0,83,29,35,122,2,188,94,0,94,282
10/28/2017,ABE,PA,AEA,EN,Combined TRACON& Tower with Radar,23,15,32,0,70,0,0,71,0,71,23,15,103,0,141,113,0,113,254
10/29/2017,ABE,PA,AEA,EN,Combined TRACON& Tower with Radar,28,29,14,0,71,0,0,0,0,0,28,29,14,0,71,0,0,0,71
10/30/2017,ABE,PA,AEA,EN,Combined TRACON& Tower with Radar,28,17,22,2,69,0,0,11,0,11,28,17,33,2,80,41,0,41,121
10/31/2017,ABE,PA,AEA,EN,Combined TRACON& Tower with Radar,30,24,34,0,88,0,1,38,0,39,30,25,72,0,127,33,0,33,160
11/01/2017,ABE,PA,AEA,EN,Combined TRACON& Tower with Radar,32,25,25,0,82,0,0,35,0,35,32,25,60,0,117,52,0,52,169
11/02/2017,ABE,PA,AEA,EN,Combined TRACON& Tower with Radar,32,24,42,0,98,0,1,45,2,48,32,25,87,2,146,101,0,101,247
11/03/2017,ABE,PA,AEA,EN,Combined TRACON& Tower with Radar,31,19,42,0,92,0,0,50,0,50,31,19,92,0,142,154,0,154,296
11/04/2017,ABE,PA,AEA,EN,Combined TRACON& Tower with Radar,22,15,43,0,80,0,0,59,0,59,22,15,102,0,139,119,0,119,258
11/05/2017,ABE,PA,AEA,EN,Combined TRACON& Tower with Radar,25,18,20,0,63,0,0,0,0,0,25,18,20,0,63,2,0,2,65
11/06/2017,ABE,PA,AEA,EN,Combined TRACON& Tower with Radar,26,18,38,0,82,0,2,5,0,7,26,20,43,0,89,18,0,18,107
11/07/2017,ABE,PA,AEA,EN,Combined TRACON& Tower with Radar,30,23,38,0,91,0,0,27,0,27,30,23,65,0,118,51,0,51,169
11/08/2017,ABE,PA,AEA,EN,Combined TRACON& Tower with Radar,34,24,41,1,100,0,1,54,1,56,34,25,95,2,156,117,0,117,273
11/09/2017,ABE,PA,AEA,EN,Combined TRACON& Tower with Radar,34,22,30,3,89,0,0,31,0,31,34,22,61,3,120,136,0,136,256
11/10/2017,ABE,PA,AEA,EN,Combined TRACON& Tower with Radar,33,30,16,0,79,0,0,15,0,15,33,30,31,0,94,22,0,22,116
11/11/2017,ABE,PA,AEA,EN,Combined TRACON& Tower with Radar,27,16,35,0,78,0,3,97,0,100,27,19,132,0,178,172,0,172,350
11/12/2017,ABE,PA,AEA,EN,Combined TRACON& Tower with Radar,28,17,42,0,87,0,3,90,0,93,28,20,132,0,180,196,0,196,376
11/13/2017,ABE,PA,AEA,EN,Combined TRACON& Tower with Radar,29,15,24,6,74,0,0,9,2,11,29,15,33,8,85,40,28,68,153
11/14/2017,ABE,PA,AEA,EN,Combined TRACON& Tower with Radar,34,23,49,0,106,0,1,44,0,45,34,24,93,0,151,143,0,143,294
11/15/2017,ABE,PA,AEA,EN,Combined TRACON& Tower with Radar,34,24,34,0,92,0,1,61,0,62,34,25,95,0,154,143,0,143,297
11/16/2017,ABE,PA,AEA,EN,Combined TRACON& Tower with Radar,34,22,33,0,89,0,1,24,0,25,34,23,57,0,114,51,0,51,165
11/17/2017,ABE,PA,AEA,EN,Combined TRACON& Tower with Radar,33,22,40,0,95,0,2,68,0,70,33,24,108,0,165,78,0,78,243
11/18/2017,ABE,PA,AEA,EN,Combined TRACON& Tower with Radar,28,18,22,0,68,0,0,21,0,21,28,18,43,0,89,94,0,94,183
11/19/2017,ABE,PA,AEA,EN,Combined TRACON& Tower with Radar,29,23,13,0,65,0,0,3,0,3,29,23,16,0,68,8,0,8,76
11/20/2017,ABE,PA,AEA,EN,Combined TRACON& Tower with Radar,30,17,27,6,80,0,2,25,0,27,30,19,52,6,107,102,14,116,223
11/21/2017,ABE,PA,AEA,EN,Combined TRACON& Tower with Radar,35,27,52,1,115,0,5,75,1,81,35,32,127,2,196,44,0,44,240
11/22/2017,ABE,PA,AEA,EN,Combined TRACON& Tower with Radar,37,28,47,0,112,0,0,49,0,49,37,28,96,0,161,43,0,43,204
11/23/2017,ABE,PA,AEA,EN,Combined TRACON& Tower with Radar,20,14,17,0,51,0,0,30,0,30,20,14,47,0,81,26,0,26,107
11/24/2017,ABE,PA,AEA,EN,Combined TRACON& Tower with Radar,30,13,33,0,76,0,3,86,0,89,30,16,119,0,165,88,0,88,253
11/25/2017,ABE,PA,AEA,EN,Combined TRACON& Tower with Radar,30,31,49,0,110,0,2,74,0,76,30,33,123,0,186,83,0,83,269
11/26/2017,ABE,PA,AEA,EN,Combined TRACON& Tower with Radar,30,20,45,0,95,0,1,40,0,41,30,21,85,0,136,42,0,42,178
11/27/2017,ABE,PA,AEA,EN,Combined TRACON& Tower with Radar,30,26,47,0,103,0,2,36,0,38,30,28,83,0,141,86,0,86,227
11/28/2017,ABE,PA,AEA,EN,Combined TRACON& Tower with Radar,30,25,37,6,98,0,0,59,4,63,30,25,96,10,161,102,0,102,263
11/29/2017,ABE,PA,AEA,EN,Combined TRACON& Tower with Radar,32,18,44,9,103,0,1,58,1,60,32,19,102,10,163,180,20,200,363
11/30/2017,ABE,PA,AEA,EN,Combined TRACON& Tower with Radar,34,24,40,2,100,0,3,65,0,68,34,27,105,2,168,74,0,74,242
12/01/2017,ABE,PA,AEA,EN,Combined TRACON& Tower with Radar,33,30,45,3,111,0,1,58,1,60,33,31,103,4,171,172,0,172,343
12/02/2017,ABE,PA,AEA,EN,Combined TRACON& Tower with Radar,25,14,19,0,58,0,0,69,0,69,25,14,88,0,127,252,0,252,379
12/03/2017,ABE,PA,AEA,EN,Combined TRACON& Tower with Radar,28,16,26,0,70,0,3,46,0,49,28,19,72,0,119,86,0,86,205
12/04/2017,ABE,PA,AEA,EN,Combined TRACON& Tower with Radar,30,17,41,2,90,0,0,19,2,21,30,17,60,4,111,38,0,38,149
12/05/2017,ABE,PA,AEA,EN,Combined TRACON& Tower with Radar,30,20,38,0,88,0,0,0,0,0,30,20,38,0,88,8,0,8,96
12/06/2017,ABE,PA,AEA,EN,Combined TRACON& Tower with Radar,36,20,33,0,89,0,3,56,1,60,36,23,89,1,149,90,0,90,239
12/07/2017,ABE,PA,AEA,EN,Combined TRACON& Tower with Radar,32,28,51,0,111,0,11,49,0,60,32,39,100,0,171,65,0,65,236
12/08/2017,ABE,PA,AEA,EN,Combined TRACON& Tower with Radar,27,19,35,4,85,0,1,48,0,49,27,20,83,4,134,106,0,106,240
12/09/2017,ABE,PA,AEA,EN,Combined TRACON& Tower with Radar,25,19,4,0,48,0,0,0,0,0,25,19,4,0,48,0,0,0,48
12/10/2017,ABE,PA,AEA,EN,Combined TRACON& Tower with Radar,30,14,27,0,71,0,1,34,0,35,30,15,61,0,106,69,0,69,175
12/11/2017,ABE,PA,AEA,EN,Combined TRACON& Tower with Radar,30,23,28,0,81,0,2,50,0,52,30,25,78,0,133,100,0,100,233
12/12/2017,ABE,PA,AEA,EN,Combined TRACON& Tower with Radar,30,22,22,0,74,0,0,16,0,16,30,22,38,0,90,50,0,50,140
12/13/2017,ABE,PA,AEA,EN,Combined TRACON& Tower with Radar,36,19,21,0,76,0,0,15,2,17,36,19,36,2,93,0,0,0,93
12/14/2017,ABE,PA,AEA,EN,Combined TRACON& Tower with Radar,34,27,34,2,97,0,1,19,0,20,34,28,53,2,117,9,0,9,126
12/15/2017,ABE,PA,AEA,EN,Combined TRACON& Tower with Radar,33,34,22,1,90,0,0,16,0,16,33,34,38,1,106,0,0,0,106
12/16/2017,ABE,PA,AEA,EN,Combined TRACON& Tower with Radar,27,20,22,0,69,0,1,34,0,35,27,21,56,0,104,143,0,143,247
12/17/2017,ABE,PA,AEA,EN,Combined TRACON& Tower with Radar,25,17,30,0,72,0,0,44,0,44,25,17,74,0,116,90,0,90,206
12/18/2017,ABE,PA,AEA,EN,Combined TRACON& Tower with Radar,29,21,28,0,78,0,0,15,1,16,29,21,43,1,94,84,0,84,178
12/19/2017,ABE,PA,AEA,EN,Combined TRACON& Tower with Radar,32,23,32,9,96,0,2,34,4,40,32,25,66,13,136,80,24,104,240
12/20/2017,ABE,PA,AEA,EN,Combined TRACON& Tower with Radar,34,18,29,2,83,0,1,41,0,42,34,19,70,2,125,86,0,86,211
12/21/2017,ABE,PA,AEA,EN,Combined TRACON& Tower with Radar,30,26,32,0,88,0,2,64,0,66,30,28,96,0,154,67,0,67,221
12/22/2017,ABE,PA,AEA,EN,Combined TRACON& Tower with Radar,30,17,23,2,72,0,0,39,0,39,30,17,62,2,111,112,0,112,223
12/23/2017,ABE,PA,AEA,EN,Combined TRACON& Tower with Radar,32,19,6,0,57,0,0,0,0,0,32,19,6,0,57,0,0,0,57
12/24/2017,ABE,PA,AEA,EN,Combined TRACON& Tower with Radar,24,11,16,0,51,0,0,22,0,22,24,11,38,0,73,42,0,42,115
12/25/2017,ABE,PA,AEA,EN,Combined TRACON& Tower with Radar,10,9,4,0,23,0,0,1,0,1,10,9,5,0,24,0,0,0,24
12/26/2017,ABE,PA,AEA,EN,Combined TRACON& Tower with Radar,26,18,28,0,72,0,6,33,0,39,26,24,61,0,111,54,0,54,165
12/27/2017,ABE,PA,AEA,EN,Combined TRACON& Tower with Radar,34,20,39,1,94,0,2,42,1,45,34,22,81,2,139,57,0,57,196
12/28/2017,ABE,PA,AEA,EN,Combined TRACON& Tower with Radar,30,24,29,0,83,0,1,33,2,36,30,25,62,2,119,52,0,52,171
12/29/2017,ABE,PA,AEA,EN,Combined TRACON& Tower with Radar,28,19,33,2,82,0,1,51,0,52,28,20,84,2,134,88,0,88,222
12/30/2017,ABE,PA,AEA,EN,Combined TRACON& Tower with Radar,34,17,11,0,62,0,0,0,0,0,34,17,11,0,62,0,0,0,62
12/31/2017,ABE,PA,AEA,EN,Combined TRACON& Tower with Radar,26,12,13,0,51,0,1,24,0,25,26,13,37,0,76,50,0,50,126
01/02/2018,ABE,PA,AEA,EN,Combined TRACON& Tower with Radar,27,18,27,13,85,0,3,27,1,31,27,21,54,14,116,64,0,64,180
01/03/2018,ABE,PA,AEA,EN,Combined TRACON& Tower with Radar,35,21,52,6,114,0,0,55,5,60,35,21,107,11,174,75,46,121,295
01/04/2018,ABE,PA,AEA,EN,Combined TRACON& Tower with Radar,34,21,5,0,60,0,0,0,0,0,34,21,5,0,60,0,0,0,60
01/05/2018,ABE,PA,AEA,EN,Combined TRACON& Tower with Radar,31,25,13,0,69,0,2,2,0,4,31,27,15,0,73,4,0,4,77
01/06/2018,ABE,PA,AEA,EN,Combined TRACON& Tower with Radar,28,19,9,0,56,0,1,8,0,9,28,20,17,0,65,41,0,41,106
01/07/2018,ABE,PA,AEA,EN,Combined TRACON& Tower with Radar,25,16,22,0,63,0,0,48,0,48,25,16,70,0,111,58,0,58,169
01/08/2018,ABE,PA,AEA,EN,Combined TRACON& Tower with Radar,31,18,13,0,62,0,1,2,0,3,31,19,15,0,65,9,0,9,74
01/09/2018,ABE,PA,AEA,EN,Combined TRACON& Tower with Radar,30,24,30,4,88,0,4,9,0,13,30,28,39,4,101,42,0,42,143
01/10/2018,ABE,PA,AEA,EN,Combined TRACON& Tower with Radar,25,25,40,1,91,0,0,42,3,45,25,25,82,4,136,96,0,96,232
01/11/2018,ABE,PA,AEA,EN,Combined TRACON& Tower with Radar,28,32,35,0,95,0,2,4,2,8,28,34,39,2,103,57,0,57,160
01/12/2018,ABE,PA,AEA,EN,Combined TRACON& Tower with Radar,29,28,18,0,75,0,0,0,0,0,29,28,18,0,75,0,0,0,75
01/13/2018,ABE,PA,AEA,EN,Combined TRACON& Tower with Radar,27,19,10,0,56,0,0,8,0,8,27,19,18,0,64,0,0,0,64
01/14/2018,ABE,PA,AEA,EN,Combined TRACON& Tower with Radar,20,12,24,0,56,0,4,48,0,52,20,16,72,0,108,128,0,128,236
01/15/2018,ABE,PA,AEA,EN,Combined TRACON& Tower with Radar,25,30,32,0,87,0,4,25,1,30,25,34,57,1,117,114,0,114,231
01/16/2018,ABE,PA,AEA,EN,Combined TRACON& Tower with Radar,21,24,17,0,62,0,0,1,0,1,21,24,18,0,63,2,0,2,65
01/17/2018,ABE,PA,AEA,EN,Combined TRACON& Tower with Radar,27,25,19,0,71,0,2,14,0,16,27,27,33,0,87,0,0,0,87
01/18/2018,ABE,PA,AEA,EN,Combined TRACON& Tower with Radar,29,26,27,8,90,0,2,47,2,51,29,28,74,10,141,20,0,20,161
01/19/2018,ABE,PA,AEA,EN,Combined TRACON& Tower with Radar,27,20,23,0,70,0,3,55,0,58,27,23,78,0,128,112,0,112,240
01/20/2018,ABE,PA,AEA,EN,Combined TRACON& Tower with Radar,21,17,53,0,91,0,0,64,0,64,21,17,117,0,155,130,0,130,285
01/21/2018,ABE,PA,AEA,EN,Combined TRACON& Tower with Radar,24,20,33,0,77,0,3,53,0,56,24,23,86,0,133,246,0,246,379
01/22/2018,ABE,PA,AEA,EN,Combined TRACON& Tower with Radar,26,20,32,6,84,0,0,17,0,17,26,20,49,6,101,139,12,151,252
01/23/2018,ABE,PA,AEA,EN,Combined TRACON& Tower with Radar,24,18,24,5,71,0,1,7,0,8,24,19,31,5,79,34,0,34,113
01/24/2018,ABE,PA,AEA,EN,Combined TRACON& Tower with Radar,28,24,30,0,82,0,2,32,1,35,28,26,62,1,117,94,0,94,211
01/25/2018,ABE,PA,AEA,EN,Combined TRACON& Tower with Radar,30,26,32,6,94,0,2,48,0,50,30,28,80,6,144,83,0,83,227
01/26/2018,ABE,PA,AEA,EN,Combined TRACON& Tower with Radar,27,33,34,0,94,0,1,74,0,75,27,34,108,0,169,74,0,74,243
01/27/2018,ABE,PA,AEA,EN,Combined TRACON& Tower with Radar,21,13,29,0,63,0,1,52,0,53,21,14,81,0,116,89,0,89,205
01/28/2018,ABE,PA,AEA,EN,Combined TRACON& Tower with Radar,22,18,30,0,70,0,2,9,0,11,22,20,39,0,81,22,0,22,103
01/29/2018,ABE,PA,AEA,EN,Combined TRACON& Tower with Radar,26,14,18,0,58,0,0,43,0,43,26,14,61,0,101,148,0,148,249
01/30/2018,ABE,PA,AEA,EN,Combined TRACON& Tower with Radar,24,23,10,2,59,0,0,1,2,3,24,23,11,4,62,12,0,12,74
01/31/2018,ABE,PA,AEA,EN,Combined TRACON& Tower with Radar,26,24,29,2,81,0,1,50,4,55,26,25,79,6,136,93,0,93,229
02/01/2018,ABE,PA,AEA,EN,Combined TRACON& Tower with Radar,28,22,28,0,78,0,0,26,1,27,28,22,54,1,105,114,0,114,219
02/02/2018,ABE,PA,AEA,EN,Combined TRACON& Tower with Radar,27,24,19,2,72,0,0,4,0,4,27,24,23,2,76,12,0,12,88
02/03/2018,ABE,PA,AEA,EN,Combined TRACON& Tower with Radar,21,19,51,2,93,0,0,68,1,69,21,19,119,3,162,176,0,176,338
02/04/2018,ABE,PA,AEA,EN,Combined TRACON& Tower with Radar,19,13,8,0,40,0,0,3,0,3,19,13,11,0,43,0,0,0,43
02/05/2018,ABE,PA,AEA,EN,Combined TRACON& Tower with Radar,27,18,24,1,70,0,0,26,0,26,27,18,50,1,96,54,0,54,150
02/06/2018,ABE,PA,AEA,EN,Combined TRACON& Tower with Radar,24,23,35,0,82,0,1,45,2,48,24,24,80,2,130,92,0,92,222
02/07/2018,ABE,PA,AEA,EN,Combined TRACON& Tower with Radar,22,21,12,0,55,0,0,0,0,0,22,21,12,0,55,8,0,8,63
02/08/2018,ABE,PA,AEA,EN,Combined TRACON& Tower with Radar,29,36,38,0,103,0,2,31,0,33,29,38,69,0,136,44,0,44,180
02/09/2018,ABE,PA,AEA,EN,Combined TRACON& Tower with Radar,26,24,22,1,73,0,2,38,1,41,26,26,60,2,114,78,0,78,192
02/10/2018,ABE,PA,AEA,EN,Combined TRACON& Tower with Radar,22,15,18,0,55,0,0,2,0,2,22,15,20,0,57,0,0,0,57
02/11/2018,ABE,PA,AEA,EN,Combined TRACON& Tower with Radar,20,18,14,0,52,0,0,0,0,0,20,18,14,0,52,0,0,0,52
02/12/2018,ABE,PA,AEA,EN,Combined TRACON& Tower with Radar,26,23,30,0,79,0,1,30,0,31,26,24,60,0,110,48,0,48,158
02/13/2018,ABE,PA,AEA,EN,Combined TRACON& Tower with Radar,24,22,37,4,87,0,2,54,0,56,24,24,91,4,143,126,0,126,269
02/14/2018,ABE,PA,AEA,EN,Combined TRACON& Tower with Radar,28,26,27,5,86,0,0,43,3,46,28,26,70,8,132,63,14,77,209
02/15/2018,ABE,PA,AEA,EN,Combined TRACON& Tower with Radar,32,19,34,0,85,0,2,6,0,8,32,21,40,0,93,0,0,0,93
02/16/2018,ABE,PA,AEA,EN,Combined TRACON& Tower with Radar,29,25,33,2,89,0,0,10,0,10,29,25,43,2,99,20,0,20,119
02/17/2018,ABE,PA,AEA,EN,Combined TRACON& Tower with Radar,24,15,31,2,72,0,0,52,0,52,24,15,83,2,124,86,0,86,210
02/18/2018,ABE,PA,AEA,EN,Combined TRACON& Tower with Radar,23,11,24,0,58,0,1,58,0,59,23,12,82,0,117,27,0,27,144
02/19/2018,ABE,PA,AEA,EN,Combined TRACON& Tower with Radar,26,24,32,0,82,0,0,10,0,10,26,24,42,0,92,101,0,101,193
02/20/2018,ABE,PA,AEA,EN,Combined TRACON& Tower with Radar,28,18,42,0,88,0,1,21,0,22,28,19,63,0,110,8,0,8,118
02/21/2018,ABE,PA,AEA,EN,Combined TRACON& Tower with Radar,30,23,26,0,79,0,0,37,0,37,30,23,63,0,116,140,0,140,256
02/22/2018,ABE,PA,AEA,EN,Combined TRACON& Tower with Radar,30,36,17,0,83,0,1,1,0,2,30,37,18,0,85,24,0,24,109
02/23/2018,ABE,PA,AEA,EN,Combined TRACON& Tower with Radar,28,22,26,0,76,0,0,0,0,0,28,22,26,0,76,0,0,0,76
02/24/2018,ABE,PA,AEA,EN,Combined TRACON& Tower with Radar,28,18,44,3,93,0,0,12,0,12,28,18,56,3,105,90,0,90,195
02/25/2018,ABE,PA,AEA,EN,Combined TRACON& Tower with Radar,24,21,22,0,67,0,0,0,0,0,24,21,22,0,67,2,0,2,69
02/26/2018,ABE,PA,AEA,EN,Combined TRACON& Tower with Radar,27,23,27,0,77,0,2,73,2,77,27,25,100,2,154,128,0,128,282
02/27/2018,ABE,PA,AEA,EN,Combined TRACON& Tower with Radar,26,21,46,2,95,0,4,70,1,75,26,25,116,3,170,142,0,142,312
02/28/2018,ABE,PA,AEA,EN,Combined TRACON& Tower with Radar,28,27,36,0,91,0,2,73,1,76,28,29,109,1,167,153,0,153,320
03/01/2018,ABE,PA,AEA,EN,Combined TRACON& Tower with Radar,30,21,22,8,81,0,1,25,1,27,30,22,47,9,108,62,6,68,176
03/02/2018,ABE,PA,AEA,EN,Combined TRACON& Tower with Radar,18,12,8,0,38,0,0,0,0,0,18,12,8,0,38,0,0,0,38
03/03/2018,ABE,PA,AEA,EN,Combined TRACON& Tower with Radar,26,9,12,0,47,0,0,3,0,3,26,9,15,0,50,0,0,0,50
03/04/2018,ABE,PA,AEA,EN,Combined TRACON& Tower with Radar,23,13,12,0,48,0,3,19,0,22,23,16,31,0,70,22,0,22,92
03/05/2018,ABE,PA,AEA,EN,Combined TRACON& Tower with Radar,30,23,19,0,72,0,0,32,0,32,30,23,51,0,104,70,0,70,174
03/06/2018,ABE,PA,AEA,EN,Combined TRACON& Tower with Radar,25,26,30,0,81,0,0,43,0,43,25,26,73,0,124,64,0,64,188
03/07/2018,ABE,PA,AEA,EN,Combined TRACON& Tower with Radar,16,12,4,0,32,0,0,0,0,0,16,12,4,0,32,0,0,0,32
03/08/2018,ABE,PA,AEA,EN,Combined TRACON& Tower with Radar,31,20,33,0,84,0,3,46,0,49,31,23,79,0,133,80,0,80,213
03/09/2018,ABE,PA,AEA,EN,Combined TRACON& Tower with Radar,28,27,32,0,87,0,0,10,0,10,28,27,42,0,97,12,0,12,109
03/10/2018,ABE,PA,AEA,EN,Combined TRACON& Tower with Radar,28,18,29,0,75,0,1,69,0,70,28,19,98,0,145,110,0,110,255
03/11/2018,ABE,PA,AEA,EN,Combined TRACON& Tower with Radar,28,24,36,0,88,0,1,71,0,72,28,25,107,0,160,158,0,158,318
03/12/2018,ABE,PA,AEA,EN,Combined TRACON& Tower with Radar,29,21,24,0,74,0,4,36,0,40,29,25,60,0,114,98,0,98,212
03/13/2018,ABE,PA,AEA,EN,Combined TRACON& Tower with Radar,27,25,18,0,70,0,1,13,0,14,27,26,31,0,84,84,0,84,168
03/14/2018,ABE,PA,AEA,EN,Combined TRACON& Tower with Radar,32,28,15,4,79,0,0,3,1,4,32,28,18,5,83,34,8,42,125
03/15/2018,ABE,PA,AEA,EN,Combined TRACON& Tower with Radar,32,28,25,0,85,0,0,34,0,34,32,28,59,0,119,102,0,102,221
03/16/2018,ABE,PA,AEA,EN,Combined TRACON& Tower with Radar,29,23,24,0,76,0,6,20,0,26,29,29,44,0,102,33,0,33,135
03/17/2018,ABE,PA,AEA,EN,Combined TRACON& Tower with Radar,27,19,38,1,85,0,4,63,0,67,27,23,101,1,152,177,0,177,329
03/18/2018,ABE,PA,AEA,EN,Combined TRACON& Tower with Radar,26,13,61,0,100,0,6,88,0,94,26,19,149,0,194,140,0,140,334
03/19/2018,ABE,PA,AEA,EN,Combined TRACON& Tower with Radar,28,18,29,0,75,0,3,77,0,80,28,21,106,0,155,108,0,108,263
03/20/2018,ABE,PA,AEA,EN,Combined TRACON& Tower with Radar,27,21,21,0,69,0,2,14,1,17,27,23,35,1,86,32,0,32,118
03/21/2018,ABE,PA,AEA,EN,Combined TRACON& Tower with Radar,21,11,2,0,34,0,0,0,0,0,21,11,2,0,34,0,0,0,34
03/22/2018,ABE,PA,AEA,EN,Combined TRACON& Tower with Radar,32,25,37,1,95,0,2,21,3,26,32,27,58,4,121,9,0,9,130
03/23/2018,ABE,PA,AEA,EN,Combined TRACON& Tower with Radar,29,24,25,0,78,0,3,52,0,55,29,27,77,0,133,136,0,136,269
03/24/2018,ABE,PA,AEA,EN,Combined TRACON& Tower with Radar,26,23,41,0,90,0,2,49,0,51,26,25,90,0,141,156,0,156,297
03/25/2018,ABE,PA,AEA,EN,Combined TRACON& Tower with Radar,29,23,20,0,72,0,0,22,0,22,29,23,42,0,94,76,0,76,170
03/26/2018,ABE,PA,AEA,EN,Combined TRACON& Tower with Radar,30,23,32,2,87,0,2,65,0,67,30,25,97,2,154,132,0,132,286
03/27/2018,ABE,PA,AEA,EN,Combined TRACON& Tower with Radar,30,19,41,2,92,0,2,46,0,48,30,21,87,2,140,110,0,110,250
03/28/2018,ABE,PA,AEA,EN,Combined TRACON& Tower with Radar,30,19,47,0,96,0,2,0,0,2,30,21,47,0,98,26,0,26,124
03/29/2018,ABE,PA,AEA,EN,Combined TRACON& Tower with Radar,30,20,55,0,105,0,0,0,0,0,30,20,55,0,105,0,0,0,105
03/30/2018,ABE,PA,AEA,EN,Combined TRACON& Tower with Radar,29,31,40,3,103,0,1,9,2,12,29,32,49,5,115,23,22,45,160
03/31/2018,ABE,PA,AEA,EN,Combined TRACON& Tower with Radar,27,15,47,0,89,0,1,92,0,93,27,16,139,0,182,154,0,154,336
04/01/2018,ABE,PA,AEA,EN,Combined TRACON& Tower with Radar,26,14,24,0,64,0,1,20,0,21,26,15,44,0,85,18,0,18,103
04/02/2018,ABE,PA,AEA,EN,Combined TRACON& Tower with Radar,28,22,23,0,73,0,0,12,0,12,28,22,35,0,85,31,0,31,116
04/03/2018,ABE,PA,AEA,EN,Combined TRACON& Tower with Radar,30,22,20,0,72,0,0,0,0,0,30,22,20,0,72,4,0,4,76
04/04/2018,ABE,PA,AEA,EN,Combined TRACON& Tower with Radar,34,28,14,0,76,0,1,0,0,1,34,29,14,0,77,0,0,0,77
04/05/2018,ABE,PA,AEA,EN,Combined TRACON& Tower with Radar,32,24,55,6,117,0,1,55,1,57,32,25,110,7,174,110,12,122,296
04/06/2018,ABE,PA,AEA,EN,Combined TRACON& Tower with Radar,31,24,39,0,94,0,0,19,0,19,31,24,58,0,113,18,0,18,131
04/07/2018,ABE,PA,AEA,EN,Combined TRACON& Tower with Radar,27,16,27,0,70,0,2,58,0,60,27,18,85,0,130,118,0,118,248
04/08/2018,ABE,PA,AEA,EN,Combined TRACON& Tower with Radar,26,24,35,0,85,0,3,63,0,66,26,27,98,0,151,110,0,110,261
04/09/2018,ABE,PA,AEA,EN,Combined TRACON& Tower with Radar,30,29,33,2,94,0,1,54,0,55,30,30,87,2,149,140,0,140,289
04/10/2018,ABE,PA,AEA,EN,Combined TRACON& Tower with Radar,30,20,31,4,85,0,0,36,0,36,30,20,67,4,121,111,0,111,232
04/11/2018,ABE,PA,AEA,EN,Combined TRACON& Tower with Radar,32,29,28,0,89,0,6,52,2,60,32,35,80,2,149,126,0,126,275
04/12/2018,ABE,PA,AEA,EN,Combined TRACON& Tower with Radar,30,18,34,16,98,0,0,49,0,49,30,18,83,16,147,162,4,166,313
04/13/2018,ABE,PA,AEA,EN,Combined TRACON& Tower with Radar,32,30,30,0,92,0,0,65,0,65,32,30,95,0,157,116,0,116,273
04/14/2018,ABE,PA,AEA,EN,Combined TRACON& Tower with Radar,27,19,33,4,83,0,0,101,0,101,27,19,134,4,184,198,0,198,382
04/15/2018,ABE,PA,AEA,EN,Combined TRACON& Tower with Radar,26,21,14,0,61,0,0,0,0,0,26,21,14,0,61,0,0,0,61
04/16/2018,ABE,PA,AEA,EN,Combined TRACON& Tower with Radar,29,27,27,0,83,0,0,0,0,0,29,27,27,0,83,0,0,0,83
04/17/2018,ABE,PA,AEA,EN,Combined TRACON& Tower with Radar,36,24,30,0,90,0,0,29,0,29,36,24,59,0,119,38,0,38,157
04/18/2018,ABE,PA,AEA,EN,Combined TRACON& Tower with Radar,32,24,38,1,95,0,0,75,3,78,32,24,113,4,173,187,0,187,360
04/19/2018,ABE,PA,AEA,EN,Combined TRACON& Tower with Radar,31,21,20,2,74,0,2,6,0,8,31,23,26,2,82,32,2,34,116
04/20/2018,ABE,PA,AEA,EN,Combined TRACON& Tower with Radar,31,22,46,1,100,0,0,51,2,53,31,22,97,3,153,116,3,119,272
04/21/2018,ABE,PA,AEA,EN,Combined TRACON& Tower with Radar,28,12,41,0,81,0,2,76,2,80,28,14,117,2,161,206,0,206,367
04/22/2018,ABE,PA,AEA,EN,Combined TRACON& Tower with Radar,25,19,33,0,77,0,1,96,0,97,25,20,129,0,174,172,0,172,346
04/23/2018,ABE,PA,AEA,EN,Combined TRACON& Tower with Radar,30,17,30,4,81,0,2,77,0,79,30,19,107,4,160,138,16,154,314
04/24/2018,ABE,PA,AEA,EN,Combined TRACON& Tower with Radar,28,24,38,13,103,0,0,52,1,53,28,24,90,14,156,94,2,96,252
04/25/2018,ABE,PA,AEA,EN,Combined TRACON& Tower with Radar,33,27,38,3,101,0,0,0,0,0,33,27,38,3,101,2,2,4,105
04/26/2018,ABE,PA,AEA,EN,Combined TRACON& Tower with Radar,30,29,54,1,114,0,1,71,3,75,30,30,125,4,189,54,0,54,243
04/27/2018,ABE,PA,AEA,EN,Combined TRACON& Tower with Radar,31,24,40,0,95,0,0,9,0,9,31,24,49,0,104,24,0,24,128
04/28/2018,ABE,PA,AEA,EN,Combined TRACON& Tower with Radar,26,16,33,0,75,0,1,35,0,36,26,17,68,0,111,64,0,64,175
04/29/2018,ABE,PA,AEA,EN,Combined TRACON& Tower with Radar,27,17,20,0,64,0,2,25,0,27,27,19,45,0,91,45,0,45,136
04/30/2018,ABE,PA,AEA,EN,Combined TRACON& Tower with Radar,30,18,40,0,88,0,1,38,0,39,30,19,78,0,127,99,0,99,226
05/01/2018,ABE,PA,AEA,EN,Combined TRACON& Tower with Radar,28,26,36,0,90,0,0,58,0,58,28,26,94,0,148,210,0,210,358
05/02/2018,ABE,PA,AEA,EN,Combined TRACON& Tower with Radar,32,22,42,0,96,0,3,86,0,89,32,25,128,0,185,144,0,144,329
05/03/2018,ABE,PA,AEA,EN,Combined TRACON& Tower with Radar,32,27,53,2,114,0,3,59,2,64,32,30,112,4,178,110,2,112,290
05/04/2018,ABE,PA,AEA,EN,Combined TRACON& Tower with Radar,30,22,38,0,90,0,4,39,0,43,30,26,77,0,133,119,0,119,252
05/05/2018,ABE,PA,AEA,EN,Combined TRACON& Tower with Radar,31,17,39,0,87,0,2,53,0,55,31,19,92,0,142,120,0,120,262
05/06/2018,ABE,PA,AEA,EN,Combined TRACON& Tower with Radar,29,19,35,0,83,0,2,15,0,17,29,21,50,0,100,33,0,33,133
05/07/2018,ABE,PA,AEA,EN,Combined TRACON& Tower with Radar,30,30,40,0,100,0,1,69,0,70,30,31,109,0,170,138,0,138,308
05/08/2018,ABE,PA,AEA,EN,Combined TRACON& Tower with Radar,28,29,55,0,112,0,4,75,0,79,28,33,130,0,191,142,0,142,333
05/09/2018,ABE,PA,AEA,EN,Combined TRACON& Tower with Radar,33,29,38,0,100,0,4,83,0,87,33,33,121,0,187,170,0,170,357
05/10/2018,ABE,PA,AEA,EN,Combined TRACON& Tower with Radar,41,35,26,0,102,0,1,13,0,14,41,36,39,0,116,35,0,35,151
05/11/2018,ABE,PA,AEA,EN,Combined TRACON& Tower with Radar,34,25,50,0,109,0,2,65,1,68,34,27,115,1,177,132,0,132,309
05/12/2018,ABE,PA,AEA,EN,Combined TRACON& Tower with Radar,29,15,26,0,70,0,0,0,0,0,29,15,26,0,70,0,0,0,70
05/13/2018,ABE,PA,AEA,EN,Combined TRACON& Tower with Radar,24,25,45,0,94,0,0,0,0,0,24,25,45,0,94,16,0,16,110
05/14/2018,ABE,PA,AEA,EN,Combined TRACON& Tower with Radar,30,18,61,2,111,0,1,28,1,30,30,19,89,3,141,111,0,111,252
05/15/2018,ABE,PA,AEA,EN,Combined TRACON& Tower with Radar,30,29,33,1,93,0,0,35,2,37,30,29,68,3,130,64,0,64,194
05/16/2018,ABE,PA,AEA,EN,Combined TRACON& Tower with Radar,33,28,57,5,123,0,0,3,0,3,33,28,60,5,126,26,0,26,152
05/17/2018,ABE,PA,AEA,EN,Combined TRACON& Tower with Radar,30,18,48,6,102,0,0,5,0,5,30,18,53,6,107,3,0,3,110
05/18/2018,ABE,PA,AEA,EN,Combined TRACON& Tower with Radar,34,27,54,0,115,0,4,16,0,20,34,31,70,0,135,12,0,12,147
05/19/2018,ABE,PA,AEA,EN,Combined TRACON& Tower with Radar,27,17,31,4,79,0,0,0,0,0,27,17,31,4,79,0,0,0,79
05/20/2018,ABE,PA,AEA,EN,Combined TRACON& Tower with Radar,25,16,38,0,79,0,3,26,0,29,25,19,64,0,108,98,0,98,206
05/21/2018,ABE,PA,AEA,EN,Combined TRACON& Tower with Radar,37,24,31,1,93,0,0,61,1,62,37,24,92,2,155,152,0,152,307
05/22/2018,ABE,PA,AEA,EN,Combined TRACON& Tower with Radar,30,27,31,0,88,0,0,5,0,5,30,27,36,0,93,12,0,12,105
05/23/2018,ABE,PA,AEA,EN,Combined TRACON& Tower with Radar,32,22,45,4,103,0,3,63,0,66,32,25,108,4,169,172,0,172,341
05/24/2018,ABE,PA,AEA,EN,Combined TRACON& Tower with Radar,30,28,33,2,93,0,4,95,0,99,30,32,128,2,192,84,0,84,276
05/25/2018,ABE,PA,AEA,EN,Combined TRACON& Tower with Radar,32,26,45,0,103,0,2,102,0,104,32,28,147,0,207,159,0,159,366
05/26/2018,ABE,PA,AEA,EN,Combined TRACON& Tower with Radar,32,14,21,0,67,0,0,55,0,55,32,14,76,0,122,118,0,118,240
05/27/2018,ABE,PA,AEA,EN,Combined TRACON& Tower with Radar,24,9,14,0,47,0,0,0,0,0,24,9,14,0,47,0,0,0,47
05/28/2018,ABE,PA,AEA,EN,Combined TRACON& Tower with Radar,31,19,73,0,123,0,0,4,0,4,31,19,77,0,127,68,0,68,195
05/29/2018,ABE,PA,AEA,EN,Combined TRACON& Tower with Radar,30,23,45,18,116,0,0,45,2,47,30,23,90,20,163,76,26,102,265
05/30/2018,ABE,PA,AEA,EN,Combined TRACON& Tower with Radar,35,25,28,2,90,0,1,4,0,5,35,26,32,2,95,18,0,18,113
05/31/2018,ABE,PA,AEA,EN,Combined TRACON& Tower with Radar,29,25,32,0,86,0,0,0,0,0,29,25,32,0,86,2,0,2,88
06/01/2018,ABE,PA,AEA,EN,Combined TRACON& Tower with Radar,32,36,33,2,103,0,0,23,4,27,32,36,56,6,130,76,0,76,206
06/02/2018,ABE,PA,AEA,EN,Combined TRACON& Tower with Radar,31,18,34,0,83,0,1,22,2,25,31,19,56,2,108,66,0,66,174
06/03/2018,ABE,PA,AEA,EN,Combined TRACON& Tower with Radar,27,25,38,0,90,0,0,26,2,28,27,25,64,2,118,80,4,84,202
06/04/2018,ABE,PA,AEA,EN,Combined TRACON& Tower with Radar,33,21,53,0,107,0,0,39,1,40,33,21,92,1,147,120,0,120,267
06/05/2018,ABE,PA,AEA,EN,Combined TRACON& Tower with Radar,30,18,37,0,85,0,0,58,1,59,30,18,95,1,144,96,0,96,240
06/06/2018,ABE,PA,AEA,EN,Combined TRACON& Tower with Radar,34,26,44,8,112,0,3,70,0,73,34,29,114,8,185,132,0,132,317
06/07/2018,ABE,PA,AEA,EN,Combined TRACON& Tower with Radar,28,28,50,2,108,0,2,70,0,72,28,30,120,2,180,227,0,227,407
06/08/2018,ABE,PA,AEA,EN,Combined TRACON& Tower with Radar,33,24,45,0,102,0,1,58,0,59,33,25,103,0,161,67,0,67,228
06/09/2018,ABE,PA,AEA,EN,Combined TRACON& Tower with Radar,26,17,22,0,65,0,0,73,0,73,26,17,95,0,138,148,0,148,286
06/10/2018,ABE,PA,AEA,EN,Combined TRACON& Tower with Radar,27,25,41,0,93,0,0,8,0,8,27,25,49,0,101,20,0,20,121
06/11/2018,ABE,PA,AEA,EN,Combined TRACON& Tower with Radar,30,18,40,4,92,0,2,57,0,59,30,20,97,4,151,130,0,130,281
06/12/2018,ABE,PA,AEA,EN,Combined TRACON& Tower with Radar,32,31,51,0,114,0,4,76,1,81,32,35,127,1,195,102,6,108,303
06/13/2018,ABE,PA,AEA,EN,Combined TRACON& Tower with Radar,32,25,78,1,136,0,0,6,0,6,32,25,84,1,142,14,0,14,156
06/14/2018,ABE,PA,AEA,EN,Combined TRACON& Tower with Radar,31,31,46,1,109,1,2,31,2,36,32,33,77,3,145,28,0,28,173
06/15/2018,ABE,PA,AEA,EN,Combined TRACON& Tower with Radar,30,28,25,0,83,0,1,54,0,55,30,29,79,0,138,91,0,91,229
06/16/2018,ABE,PA,AEA,EN,Combined TRACON& Tower with Radar,23,17,32,0,72,0,2,63,0,65,23,19,95,0,137,116,0,116,253
06/17/2018,ABE,PA,AEA,EN,Combined TRACON& Tower with Radar,22,18,29,0,69,0,1,55,0,56,22,19,84,0,125,84,0,84,209
06/18/2018,ABE,PA,AEA,EN,Combined TRACON& Tower with Radar,26,25,35,0,86,0,0,54,0,54,26,25,89,0,140,104,0,104,244
06/19/2018,ABE,PA,AEA,EN,Combined TRACON& Tower with Radar,28,30,38,10,106,0,2,47,1,50,28,32,85,11,156,198,22,220,376
06/20/2018,ABE,PA,AEA,EN,Combined TRACON& Tower with Radar,31,24,41,3,99,0,1,62,1,64,31,25,103,4,163,64,0,64,227
06/21/2018,ABE,PA,AEA,EN,Combined TRACON& Tower with Radar,30,29,39,4,102,0,1,74,0,75,30,30,113,4,177,142,6,148,325
06/22/2018,ABE,PA,AEA,EN,Combined TRACON& Tower with Radar,34,33,38,4,109,0,2,27,0,29,34,35,65,4,138,204,0,204,342
06/23/2018,ABE,PA,AEA,EN,Combined TRACON& Tower with Radar,28,16,37,0,81,0,0,0,0,0,28,16,37,0,81,0,0,0,81
06/24/2018,ABE,PA,AEA,EN,Combined TRACON& Tower with Radar,27,25,26,0,78,0,0,19,1,20,27,25,45,1,98,129,0,129,227
06/25/2018,ABE,PA,AEA,EN,Combined TRACON& Tower with Radar,34,27,36,0,97,0,2,71,0,73,34,29,107,0,170,110,0,110,280
06/26/2018,ABE,PA,AEA,EN,Combined TRACON& Tower with Radar,31,27,59,9,126,0,7,82,4,93,31,34,141,13,219,146,28,174,393
06/27/2018,ABE,PA,AEA,EN,Combined TRACON& Tower with Radar,34,29,28,0,91,0,0,2,0,2,34,29,30,0,93,28,0,28,121
06/28/2018,ABE,PA,AEA,EN,Combined TRACON& Tower with Radar,33,33,36,0,102,0,0,36,0,36,33,33,72,0,138,94,0,94,232
06/29/2018,ABE,PA,AEA,EN,Combined TRACON& Tower with Radar,33,30,58,0,121,0,3,78,0,81,33,33,136,0,202,110,0,110,312
06/30/2018,ABE,PA,AEA,EN,Combined TRACON& Tower with Radar,27,23,24,0,74,0,0,47,0,47,27,23,71,0,121,112,0,112,233
07/01/2018,ABE,PA,AEA,EN,Combined TRACON& Tower with Radar,24,17,15,0,56,0,2,35,0,37,24,19,50,0,93,84,0,84,177
07/02/2018,ABE,PA,AEA,EN,Combined TRACON& Tower with Radar,29,18,33,0,80,0,0,74,0,74,29,18,107,0,154,67,0,67,221
07/03/2018,ABE,PA,AEA,EN,Combined TRACON& Tower with Radar,32,23,25,0,80,0,1,43,0,44,32,24,68,0,124,76,0,76,200
07/04/2018,ABE,PA,AEA,EN,Combined TRACON& Tower with Radar,27,13,12,0,52,0,2,29,1,32,27,15,41,1,84,22,0,22,106
07/05/2018,ABE,PA,AEA,EN,Combined TRACON& Tower with Radar,22,24,23,2,71,0,0,33,1,34,22,24,56,3,105,98,0,98,203
07/06/2018,ABE,PA,AEA,EN,Combined TRACON& Tower with Radar,32,24,22,0,78,0,0,34,0,34,32,24,56,0,112,20,0,20,132
07/07/2018,ABE,PA,AEA,EN,Combined TRACON& Tower with Radar,27,18,21,0,66,0,0,45,0,45,27,18,66,0,111,110,0,110,221
07/08/2018,ABE,PA,AEA,EN,Combined TRACON& Tower with Radar,27,23,36,0,86,0,4,58,0,62,27,27,94,0,148,171,0,171,319
07/09/2018,ABE,PA,AEA,EN,Combined TRACON& Tower with Radar,32,19,46,0,97,0,1,89,1,91,32,20,135,1,188,78,0,78,266
07/10/2018,ABE,PA,AEA,EN,Combined TRACON& Tower with Radar,30,22,40,0,92,0,3,64,0,67,30,25,104,0,159,136,0,136,295
07/11/2018,ABE,PA,AEA,EN,Combined TRACON& Tower with Radar,34,29,33,7,103,0,1,65,0,66,34,30,98,7,169,80,0,80,249
07/12/2018,ABE,PA,AEA,EN,Combined TRACON& Tower with Radar,28,29,40,3,100,0,1,66,0,67,28,30,106,3,167,80,0,80,247
07/13/2018,ABE,PA,AEA,EN,Combined TRACON& Tower with Radar,37,29,31,0,97,0,4,68,4,76,37,33,99,4,173,104,0,104,277
07/14/2018,ABE,PA,AEA,EN,Combined TRACON& Tower with Radar,27,19,49,0,95,0,2,72,0,74,27,21,121,0,169,130,0,130,299
07/15/2018,ABE,PA,AEA,EN,Combined TRACON& Tower with Radar,26,23,18,0,67,0,0,22,0,22,26,23,40,0,89,42,0,42,131
07/16/2018,ABE,PA,AEA,EN,Combined TRACON& Tower with Radar,33,20,47,0,100,0,4,67,1,72,33,24,114,1,172,133,0,133,305
07/17/2018,ABE,PA,AEA,EN,Combined TRACON& Tower with Radar,33,25,39,4,101,0,0,12,0,12,33,25,51,4,113,38,0,38,151
07/18/2018,ABE,PA,AEA,EN,Combined TRACON& Tower with Radar,40,24,34,0,98,0,2,83,0,85,40,26,117,0,183,90,0,90,273
07/19/2018,ABE,PA,AEA,EN,Combined TRACON& Tower with Radar,32,27,56,10,125,0,6,95,1,102,32,33,151,11,227,140,8,148,375
07/20/2018,ABE,PA,AEA,EN,Combined TRACON& Tower with Radar,33,31,37,0,101,0,0,79,0,79,33,31,116,0,180,186,0,186,366
07/21/2018,ABE,PA,AEA,EN,Combined TRACON& Tower with Radar,26,21,22,0,69,0,0,26,0,26,26,21,48,0,95,118,0,118,213
07/22/2018,ABE,PA,AEA,EN,Combined TRACON& Tower with Radar,26,34,31,0,91,0,0,10,0,10,26,34,41,0,101,22,0,22,123
07/23/2018,ABE,PA,AEA,EN,Combined TRACON& Tower with Radar,32,18,20,0,70,0,0,2,0,2,32,18,22,0,72,8,0,8,80
07/24/2018,ABE,PA,AEA,EN,Combined TRACON& Tower with Radar,31,20,17,0,68,0,0,0,0,0,31,20,17,0,68,0,0,0,68
07/25/2018,ABE,PA,AEA,EN,Combined TRACON& Tower with Radar,33,25,25,0,83,0,0,0,0,0,33,25,25,0,83,0,0,0,83
07/26/2018,ABE,PA,AEA,EN,Combined TRACON& Tower with Radar,31,34,62,8,135,0,1,42,4,47,31,35,104,12,182,143,28,171,353
07/27/2018,ABE,PA,AEA,EN,Combined TRACON& Tower with Radar,32,31,33,0,96,0,1,31,1,33,32,32,64,1,129,112,0,112,241
07/28/2018,ABE,PA,AEA,EN,Combined TRACON& Tower with Radar,34,20,25,0,79,0,1,28,0,29,34,21,53,0,108,139,0,139,247
07/29/2018,ABE,PA,AEA,EN,Combined TRACON& Tower with Radar,25,32,26,0,83,0,3,93,0,96,25,35,119,0,179,188,0,188,367
07/30/2018,ABE,PA,AEA,EN,Combined TRACON& Tower with Radar,31,24,34,0,89,0,1,68,0,69,31,25,102,0,158,152,0,152,310
07/31/2018,ABE,PA,AEA,EN,Combined TRACON& Tower with Radar,32,26,35,0,93,0,5,52,0,57,32,31,87,0,150,86,0,86,236
08/01/2018,ABE,PA,AEA,EN,Combined TRACON& Tower with Radar,32,26,46,2,106,0,0,24,0,24,32,26,70,2,130,72,0,72,202
08/02/2018,ABE,PA,AEA,EN,Combined TRACON& Tower with Radar,32,23,27,0,82,0,0,10,0,10,32,23,37,0,92,74,0,74,166
08/03/2018,ABE,PA,AEA,EN,Combined TRACON& Tower with Radar,38,30,24,0,92,0,1,16,0,17,38,31,40,0,109,88,0,88,197
08/04/2018,ABE,PA,AEA,EN,Combined TRACON& Tower with Radar,25,28,23,0,76,0,0,42,0,42,25,28,65,0,118,147,0,147,265
08/05/2018,ABE,PA,AEA,EN,Combined TRACON& Tower with Radar,26,22,31,0,79,0,1,82,1,84,26,23,113,1,163,186,0,186,349
08/06/2018,ABE,PA,AEA,EN,Combined TRACON& Tower with Radar,33,31,31,0,95,0,2,51,0,53,33,33,82,0,148,190,0,190,338
08/07/2018,ABE,PA,AEA,EN,Combined TRACON& Tower with Radar,32,18,32,0,82,0,0,42,0,42,32,18,74,0,124,136,0,136,260
08/08/2018,ABE,PA,AEA,EN,Combined TRACON& Tower with Radar,33,25,40,4,102,0,4,49,0,53,33,29,89,4,155,156,0,156,311
08/09/2018,ABE,PA,AEA,EN,Combined TRACON& Tower with Radar,31,29,20,1,81,0,0,55,1,56,31,29,75,2,137,153,0,153,290
08/10/2018,ABE,PA,AEA,EN,Combined TRACON& Tower with Radar,32,29,25,0,86,0,0,57,0,57,32,29,82,0,143,217,0,217,360
08/11/2018,ABE,PA,AEA,EN,Combined TRACON& Tower with Radar,29,19,12,0,60,0,0,0,0,0,29,19,12,0,60,72,0,72,132
08/12/2018,ABE,PA,AEA,EN,Combined TRACON& Tower with Radar,29,27,31,0,87,0,0,31,0,31,29,27,62,0,118,80,0,80,198
08/13/2018,ABE,PA,AEA,EN,Combined TRACON& Tower with Radar,35,23,18,0,76,0,0,0,0,0,35,23,18,0,76,0,0,0,76
08/14/2018,ABE,PA,AEA,EN,Combined TRACON& Tower with Radar,37,24,22,0,83,0,0,11,0,11,37,24,33,0,94,0,0,0,94
08/15/2018,ABE,PA,AEA,EN,Combined TRACON& Tower with Radar,34,24,52,1,111,0,1,81,0,82,34,25,133,1,193,150,0,150,343
08/16/2018,ABE,PA,AEA,EN,Combined TRACON& Tower with Radar,30,24,47,2,103,0,2,84,2,88,30,26,131,4,191,149,0,149,340
08/17/2018,ABE,PA,AEA,EN,Combined TRACON& Tower with Radar,32,23,33,0,88,0,0,34,0,34,32,23,67,0,122,129,0,129,251
08/18/2018,ABE,PA,AEA,EN,Combined TRACON& Tower with Radar,27,31,24,0,82,0,1,15,0,16,27,32,39,0,98,30,0,30,128
08/19/2018,ABE,PA,AEA,EN,Combined TRACON& Tower with Radar,26,24,24,0,74,0,0,4,0,4,26,24,28,0,78,68,0,68,146
08/20/2018,ABE,PA,AEA,EN,Combined TRACON& Tower with Radar,33,23,60,0,116,0,0,38,0,38,33,23,98,0,154,124,0,124,278
08/21/2018,ABE,PA,AEA,EN,Combined TRACON& Tower with Radar,31,27,51,5,114,0,0,9,0,9,31,27,60,5,123,42,10,52,175
08/22/2018,ABE,PA,AEA,EN,Combined TRACON& Tower with Radar,34,19,41,5,99,0,1,26,1,28,34,20,67,6,127,54,4,58,185
08/23/2018,ABE,PA,AEA,EN,Combined TRACON& Tower with Radar,30,25,49,0,104,0,4,84,1,89,30,29,133,1,193,136,0,136,329
08/24/2018,ABE,PA,AEA,EN,Combined TRACON& Tower with Radar,31,25,65,0,121,0,1,103,0,104,31,26,168,0,225,96,0,96,321
08/25/2018,ABE,PA,AEA,EN,Combined TRACON& Tower with Radar,27,17,31,0,75,0,0,60,1,61,27,17,91,1,136,62,0,62,198
08/26/2018,ABE,PA,AEA,EN,Combined TRACON& Tower with Radar,27,21,34,0,82,0,0,54,0,54,27,21,88,0,136,100,0,100,236
08/27/2018,ABE,PA,AEA,EN,Combined TRACON& Tower with Radar,30,18,44,1,93,0,1,46,2,49,30,19,90,3,142,54,0,54,196
08/28/2018,ABE,PA,AEA,EN,Combined TRACON& Tower with Radar,29,23,29,1,82,0,2,61,1,64,29,25,90,2,146,124,0,124,270
08/29/2018,ABE,PA,AEA,EN,Combined TRACON& Tower with Radar,34,25,16,0,75,0,1,36,0,37,34,26,52,0,112,104,0,104,216
08/30/2018,ABE,PA,AEA,EN,Combined TRACON& Tower with Radar,30,25,35,0,90,0,3,42,0,45,30,28,77,0,135,130,0,130,265
08/31/2018,ABE,PA,AEA,EN,Combined TRACON& Tower with Radar,32,22,39,0,93,0,2,2,0,4,32,24,41,0,97,20,0,20,117
09/01/2018,ABE,PA,AEA,EN,Combined TRACON& Tower with Radar,24,19,25,0,68,0,0,14,0,14,24,19,39,0,82,98,0,98,180
09/02/2018,ABE,PA,AEA,EN,Combined TRACON& Tower with Radar,21,12,50,0,83,0,1,4,0,5,21,13,54,0,88,0,0,0,88
09/03/2018,ABE,PA,AEA,EN,Combined TRACON& Tower with Radar,27,18,25,0,70,0,2,30,0,32,27,20,55,0,102,83,0,83,185
09/04/2018,ABE,PA,AEA,EN,Combined TRACON& Tower with Radar,26,18,30,2,76,0,0,46,0,46,26,18,76,2,122,0,0,0,122
09/05/2018,ABE,PA,AEA,EN,Combined TRACON& Tower with Radar,30,30,27,4,91,0,2,55,0,57,30,32,82,4,148,126,0,126,274
09/06/2018,ABE,PA,AEA,EN,Combined TRACON& Tower with Radar,32,30,31,5,98,0,0,18,0,18,32,30,49,5,116,66,6,72,188
09/07/2018,ABE,PA,AEA,EN,Combined TRACON& Tower with Radar,30,28,42,3,103,0,0,3,0,3,30,28,45,3,106,16,0,16,122
09/08/2018,ABE,PA,AEA,EN,Combined TRACON& Tower with Radar,22,15,35,1,73,0,2,27,0,29,22,17,62,1,102,112,0,112,214
09/09/2018,ABE,PA,AEA,EN,Combined TRACON& Tower with Radar,26,17,33,0,76,0,0,1,0,1,26,17,34,0,77,0,0,0,77
09/10/2018,ABE,PA,AEA,EN,Combined TRACON& Tower with Radar,30,20,33,0,83,0,0,0,0,0,30,20,33,0,83,0,0,0,83
09/11/2018,ABE,PA,AEA,EN,Combined TRACON& Tower with Radar,33,19,33,2,87,0,0,2,0,2,33,19,35,2,89,22,2,24,113
09/12/2018,ABE,PA,AEA,EN,Combined TRACON& Tower with Radar,27,27,28,1,83,0,0,0,0,0,27,27,28,1,83,0,0,0,83
09/13/2018,ABE,PA,AEA,EN,Combined TRACON& Tower with Radar,34,28,31,0,93,0,1,6,0,7,34,29,37,0,100,0,0,0,100
09/14/2018,ABE,PA,AEA,EN,Combined TRACON& Tower with Radar,31,22,39,0,92,0,0,0,0,0,31,22,39,0,92,16,0,16,108
09/15/2018,ABE,PA,AEA,EN,Combined TRACON& Tower with Radar,19,22,41,0,82,0,1,25,0,26,19,23,66,0,108,102,0,102,210
09/16/2018,ABE,PA,AEA,EN,Combined TRACON& Tower with Radar,24,21,16,0,61,0,1,56,0,57,24,22,72,0,118,41,0,41,159
09/17/2018,ABE,PA,AEA,EN,Combined TRACON& Tower with Radar,29,24,22,0,75,0,0,1,0,1,29,24,23,0,76,0,0,0,76
09/18/2018,ABE,PA,AEA,EN,Combined TRACON& Tower with Radar,33,24,16,1,74,0,1,17,1,19,33,25,33,2,93,36,0,36,129
09/19/2018,ABE,PA,AEA,EN,Combined TRACON& Tower with Radar,30,27,40,7,104,0,3,91,1,95,30,30,131,8,199,110,6,116,315
09/20/2018,ABE,PA,AEA,EN,Combined TRACON& Tower with Radar,32,29,59,0,120,0,0,7,0,7,32,29,66,0,127,12,0,12,139
09/21/2018,ABE,PA,AEA,EN,Combined TRACON& Tower with Radar,34,28,76,0,138,0,0,12,2,14,34,28,88,2,152,0,0,0,152
09/22/2018,ABE,PA,AEA,EN,Combined TRACON& Tower with Radar,23,22,25,0,70,0,0,59,1,60,23,22,84,1,130,56,0,56,186
09/23/2018,ABE,PA,AEA,EN,Combined TRACON& Tower with Radar,27,16,34,0,77,0,1,42,0,43,27,17,76,0,120,110,0,110,230
09/24/2018,ABE,PA,AEA,EN,Combined TRACON& Tower with Radar,32,23,38,0,93,0,4,54,0,58,32,27,92,0,151,0,0,0,151
09/25/2018,ABE,PA,AEA,EN,Combined TRACON& Tower with Radar,32,28,15,0,75,0,0,0,0,0,32,28,15,0,75,52,0,52,127
09/26/2018,ABE,PA,AEA,EN,Combined TRACON& Tower with Radar,31,24,31,0,86,0,0,10,0,10,31,24,41,0,96,26,0,26,122
09/27/2018,ABE,PA,AEA,EN,Combined TRACON& Tower with Radar,32,25,50,0,107,0,3,100,0,103,32,28,150,0,210,104,0,104,314
09/28/2018,ABE,PA,AEA,EN,Combined TRACON& Tower with Radar,34,29,36,0,99,0,2,28,0,30,34,31,64,0,129,94,0,94,223
09/29/2018,ABE,PA,AEA,EN,Combined TRACON& Tower with Radar,21,20,57,0,98,0,0,109,0,109,21,20,166,0,207,150,0,150,357
09/30/2018,ABE,PA,AEA,EN,Combined TRACON& Tower with Radar,26,19,43,0,88,0,3,84,0,87,26,22,127,0,175,193,0,193,368
10/01/2018,ABE,PA,AEA,EN,Combined TRACON& Tower with Radar,31,27,41,0,99,0,0,32,0,32,31,27,73,0,131,90,0,90,221
10/02/2018,ABE,PA,AEA,EN,Combined TRACON& Tower with Radar,27,24,44,0,95,0,0,15,0,15,27,24,59,0,110,46,1,47,157
10/03/2018,ABE,PA,AEA,EN,Combined TRACON& Tower with Radar,33,30,55,8,126,0,1,82,0,83,33,31,137,8,209,106,0,106,315
10/04/2018,ABE,PA,AEA,EN,Combined TRACON& Tower with Radar,36,29,45,14,124,0,2,24,2,28,36,31,69,16,152,108,20,128,280
10/05/2018,ABE,PA,AEA,EN,Combined TRACON& Tower with Radar,33,23,34,0,90,0,1,72,0,73,33,24,106,0,163,124,0,124,287
10/06/2018,ABE,PA,AEA,EN,Combined TRACON& Tower with Radar,25,20,53,0,98,0,0,3,0,3,25,20,56,0,101,0,0,0,101
10/07/2018,ABE,PA,AEA,EN,Combined TRACON& Tower with Radar,25,21,44,0,90,0,0,20,0,20,25,21,64,0,110,94,0,94,204
10/08/2018,ABE,PA,AEA,EN,Combined TRACON& Tower with Radar,34,27,32,0,93,0,0,0,0,0,34,27,32,0,93,0,0,0,93
10/09/2018,ABE,PA,AEA,EN,Combined TRACON& Tower with Radar,33,28,44,0,105,0,1,30,0,31,33,29,74,0,136,28,0,28,164
10/10/2018,ABE,PA,AEA,EN,Combined TRACON& Tower with Radar,34,32,53,4,123,0,0,50,0,50,34,32,103,4,173,183,0,183,356
10/11/2018,ABE,PA,AEA,EN,Combined TRACON& Tower with Radar,36,26,20,0,82,0,0,0,0,0,36,26,20,0,82,0,0,0,82
10/12/2018,ABE,PA,AEA,EN,Combined TRACON& Tower with Radar,33,28,42,0,103,0,0,53,0,53,33,28,95,0,156,37,0,37,193
10/13/2018,ABE,PA,AEA,EN,Combined TRACON& Tower with Radar,25,20,38,0,83,0,1,33,0,34,25,21,71,0,117,82,0,82,199
10/14/2018,ABE,PA,AEA,EN,Combined TRACON& Tower with Radar,26,26,59,0,111,0,4,99,1,104,26,30,158,1,215,174,0,174,389
10/15/2018,ABE,PA,AEA,EN,Combined TRACON& Tower with Radar,30,31,54,0,115,0,0,0,0,0,30,31,54,0,115,22,0,22,137
10/16/2018,ABE,PA,AEA,EN,Combined TRACON& Tower with Radar,30,27,39,0,96,0,2,75,0,77,30,29,114,0,173,174,0,174,347
10/17/2018,ABE,PA,AEA,EN,Combined TRACON& Tower with Radar,32,29,18,0,79,0,2,39,0,41,32,31,57,0,120,70,0,70,190
10/18/2018,ABE,PA,AEA,EN,Combined TRACON& Tower with Radar,32,34,41,0,107,0,1,78,0,79,32,35,119,0,186,0,0,0,186
10/19/2018,ABE,PA,AEA,EN,Combined TRACON& Tower with Radar,35,25,39,0,99,0,2,67,0,69,35,27,106,0,168,118,0,118,286
10/20/2018,ABE,PA,AEA,EN,Combined TRACON& Tower with Radar,27,22,38,0,87,0,2,36,0,38,27,24,74,0,125,131,0,131,256
10/21/2018,ABE,PA,AEA,EN,Combined TRACON& Tower with Radar,29,25,15,0,69,0,3,19,0,22,29,28,34,0,91,8,0,8,99
10/22/2018,ABE,PA,AEA,EN,Combined TRACON& Tower with Radar,30,22,34,0,86,0,2,71,0,73,30,24,105,0,159,208,0,208,367
10/23/2018,ABE,PA,AEA,EN,Combined TRACON& Tower with Radar,30,20,32,2,84,0,1,57,1,59,30,21,89,3,143,68,0,68,211
10/24/2018,ABE,PA,AEA,EN,Combined TRACON& Tower with Radar,32,25,29,0,86,0,1,40,0,41,32,26,69,0,127,64,0,64,191
10/25/2018,ABE,PA,AEA,EN,Combined TRACON& Tower with Radar,33,27,39,0,99,0,1,88,0,89,33,28,127,0,188,82,0,82,270
10/26/2018,ABE,PA,AEA,EN,Combined TRACON& Tower with Radar,33,23,48,3,107,0,0,57,0,57,33,23,105,3,164,0,0,0,164
10/27/2018,ABE,PA,AEA,EN,Combined TRACON& Tower with Radar,28,18,8,0,54,0,0,0,0,0,28,18,8,0,54,0,0,0,54
10/28/2018,ABE,PA,AEA,EN,Combined TRACON& Tower with Radar,26,17,58,0,101,0,1,9,0,10,26,18,67,0,111,78,0,78,189
10/29/2018,ABE,PA,AEA,EN,Combined TRACON& Tower with Radar,29,30,39,2,100,0,0,11,0,11,29,30,50,2,111,38,0,38,149
10/30/2018,ABE,PA,AEA,EN,Combined TRACON& Tower with Radar,29,25,45,1,100,0,1,91,1,93,29,26,136,2,193,130,2,132,325
10/31/2018,ABE,PA,AEA,EN,Combined TRACON& Tower with Radar,28,19,51,0,98,0,1,87,0,88,28,20,138,0,186,176,0,176,362
11/01/2018,ABE,PA,AEA,EN,Combined TRACON& Tower with Radar,32,26,28,2,88,0,3,62,1,66,32,29,90,3,154,133,0,133,287
11/02/2018,ABE,PA,AEA,EN,Combined TRACON& Tower with Radar,33,36,36,0,105,0,1,3,0,4,33,37,39,0,109,18,0,18,127
11/03/2018,ABE,PA,AEA,EN,Combined TRACON& Tower with Radar,27,17,17,0,61,0,1,5,0,6,27,18,22,0,67,6,0,6,73
11/04/2018,ABE,PA,AEA,EN,Combined TRACON& Tower with Radar,26,26,54,0,106,0,3,116,0,119,26,29,170,0,225,328,0,328,553
11/05/2018,ABE,PA,AEA,EN,Combined TRACON& Tower with Radar,31,33,30,0,94,0,0,1,0,1,31,33,31,0,95,8,0,8,103
11/06/2018,ABE,PA,AEA,EN,Combined TRACON& Tower with Radar,32,30,13,0,75,0,0,0,0,0,32,30,13,0,75,0,0,0,75
11/07/2018,ABE,PA,AEA,EN,Combined TRACON& Tower with Radar,33,37,34,7,111,0,2,77,0,79,33,39,111,7,190,77,0,77,267
11/08/2018,ABE,PA,AEA,EN,Combined TRACON& Tower with Radar,32,28,41,5,106,0,1,89,0,90,32,29,130,5,196,204,6,210,406
11/09/2018,ABE,PA,AEA,EN,Combined TRACON& Tower with Radar,33,32,24,0,89,0,0,14,0,14,33,32,38,0,103,38,0,38,141
11/10/2018,ABE,PA,AEA,EN,Combined TRACON& Tower with Radar,27,21,12,0,60,0,0,13,0,13,27,21,25,0,73,0,0,0,73
11/11/2018,ABE,PA,AEA,EN,Combined TRACON& Tower with Radar,27,30,46,0,103,0,1,85,0,86,27,31,131,0,189,120,0,120,309
11/12/2018,ABE,PA,AEA,EN,Combined TRACON& Tower with Radar,27,26,35,0,88,0,1,54,0,55,27,27,89,0,143,166,0,166,309
11/13/2018,ABE,PA,AEA,EN,Combined TRACON& Tower with Radar,29,30,25,0,84,0,0,6,0,6,29,30,31,0,90,4,0,4,94
11/14/2018,ABE,PA,AEA,EN,Combined TRACON& Tower with Radar,26,29,31,0,86,0,4,46,0,50,26,33,77,0,136,208,0,208,344
11/15/2018,ABE,PA,AEA,EN,Combined TRACON& Tower with Radar,26,19,13,0,58,0,2,5,0,7,26,21,18,0,65,12,0,12,77
11/16/2018,ABE,PA,AEA,EN,Combined TRACON& Tower with Radar,32,31,25,0,88,0,1,11,0,12,32,32,36,0,100,0,0,0,100
11/17/2018,ABE,PA,AEA,EN,Combined TRACON& Tower with Radar,37,22,24,0,83,0,0,42,0,42,37,22,66,0,125,100,0,100,225
11/18/2018,ABE,PA,AEA,EN,Combined TRACON& Tower with Radar,25,25,28,0,78,0,1,61,0,62,25,26,89,0,140,141,0,141,281
11/19/2018,ABE,PA,AEA,EN,Combined TRACON& Tower with Radar,27,25,43,2,97,0,0,16,0,16,27,25,59,2,113,145,0,145,258
11/20/2018,ABE,PA,AEA,EN,Combined TRACON& Tower with Radar,36,37,42,0,115,0,2,27,0,29,36,39,69,0,144,65,0,65,209
11/21/2018,ABE,PA,AEA,EN,Combined TRACON& Tower with Radar,32,30,33,0,95,0,0,38,0,38,32,30,71,0,133,42,0,42,175
11/22/2018,ABE,PA,AEA,EN,Combined TRACON& Tower with Radar,20,8,1,0,29,0,3,5,0,8,20,11,6,0,37,0,0,0,37
11/23/2018,ABE,PA,AEA,EN,Combined TRACON& Tower with Radar,20,16,35,0,71,0,2,53,0,55,20,18,88,0,126,110,0,110,236
11/24/2018,ABE,PA,AEA,EN,Combined TRACON& Tower with Radar,31,28,14,0,73,0,0,1,0,1,31,28,15,0,74,0,0,0,74
11/25/2018,ABE,PA,AEA,EN,Combined TRACON& Tower with Radar,24,32,64,0,120,0,3,61,1,65,24,35,125,1,185,106,0,106,291
11/26/2018,ABE,PA,AEA,EN,Combined TRACON& Tower with Radar,33,16,20,0,69,0,0,0,1,1,33,16,20,1,70,0,0,0,70
11/27/2018,ABE,PA,AEA,EN,Combined TRACON& Tower with Radar,30,25,25,2,82,0,3,15,4,22,30,28,40,6,104,35,0,35,139
11/28/2018,ABE,PA,AEA,EN,Combined TRACON& Tower with Radar,34,29,14,2,79,0,3,6,2,11,34,32,20,4,90,0,0,0,90
11/29/2018,ABE,PA,AEA,EN,Combined TRACON& Tower with Radar,44,17,54,1,116,0,0,49,1,50,44,17,103,2,166,150,0,150,316
11/30/2018,ABE,PA,AEA,EN,Combined TRACON& Tower with Radar,37,32,38,0,107,0,0,38,0,38,37,32,76,0,145,116,0,116,261
12/01/2018,ABE,PA,AEA,EN,Combined TRACON& Tower with Radar,24,21,29,0,74,0,0,5,0,5,24,21,34,0,79,64,0,64,143
12/02/2018,ABE,PA,AEA,EN,Combined TRACON& Tower with Radar,38,19,22,0,79,0,0,0,0,0,38,19,22,0,79,0,0,0,79
12/03/2018,ABE,PA,AEA,EN,Combined TRACON& Tower with Radar,35,16,42,0,93,0,0,53,0,53,35,16,95,0,146,114,0,114,260
12/04/2018,ABE,PA,AEA,EN,Combined TRACON& Tower with Radar,36,17,45,2,100,0,1,63,2,66,36,18,108,4,166,190,0,190,356
12/05/2018,ABE,PA,AEA,EN,Combined TRACON& Tower with Radar,37,26,46,0,109,0,0,66,0,66,37,26,112,0,175,180,0,180,355
12/06/2018,ABE,PA,AEA,EN,Combined TRACON& Tower with Radar,41,23,42,0,106,0,0,64,1,65,41,23,106,1,171,206,0,206,377
12/07/2018,ABE,PA,AEA,EN,Combined TRACON& Tower with Radar,35,18,33,6,92,0,2,49,0,51,35,20,82,6,143,256,6,262,405
12/08/2018,ABE,PA,AEA,EN,Combined TRACON& Tower with Radar,25,20,30,0,75,0,0,41,0,41,25,20,71,0,116,156,0,156,272
12/09/2018,ABE,PA,AEA,EN,Combined TRACON& Tower with Radar,28,13,31,0,72,0,1,65,0,66,28,14,96,0,138,172,0,172,310
12/10/2018,ABE,PA,AEA,EN,Combined TRACON& Tower with Radar,31,18,26,0,75,0,3,32,0,35,31,21,58,0,110,146,0,146,256
12/11/2018,ABE,PA,AEA,EN,Combined TRACON& Tower with Radar,38,27,40,1,106,0,5,67,1,73,38,32,107,2,179,152,0,152,331
12/12/2018,ABE,PA,AEA,EN,Combined TRACON& Tower with Radar,38,23,62,0,123,0,1,69,0,70,38,24,131,0,193,196,0,196,389
12/13/2018,ABE,PA,AEA,EN,Combined TRACON& Tower with Radar,40,32,21,0,93,0,1,6,1,8,40,33,27,1,101,36,0,36,137
12/14/2018,ABE,PA,AEA,EN,Combined TRACON& Tower with Radar,35,24,20,0,79,0,0,0,0,0,35,24,20,0,79,0,0,0,79
12/15/2018,ABE,PA,AEA,EN,Combined TRACON& Tower with Radar,27,21,26,0,74,0,0,5,0,5,27,21,31,0,79,22,0,22,101
12/16/2018,ABE,PA,AEA,EN,Combined TRACON& Tower with Radar,32,18,19,0,69,0,0,0,0,0,32,18,19,0,69,0,0,0,69
12/17/2018,ABE,PA,AEA,EN,Combined TRACON& Tower with Radar,34,15,21,0,70,0,2,26,0,28,34,17,47,0,98,128,0,128,226
12/18/2018,ABE,PA,AEA,EN,Combined TRACON& Tower with Radar,40,16,21,0,77,0,1,29,0,30,40,17,50,0,107,8,0,8,115
12/19/2018,ABE,PA,AEA,EN,Combined TRACON& Tower with Radar,36,22,77,0,135,0,4,110,0,114,36,26,187,0,249,302,0,302,551
12/20/2018,ABE,PA,AEA,EN,Combined TRACON& Tower with Radar,34,39,32,0,105,0,1,19,0,20,34,40,51,0,125,0,0,0,125
12/21/2018,ABE,PA,AEA,EN,Combined TRACON& Tower with Radar,35,33,31,0,99,0,0,1,0,1,35,33,32,0,100,32,0,32,132
12/22/2018,ABE,PA,AEA,EN,Combined TRACON& Tower with Radar,29,28,24,0,81,0,1,4,0,5,29,29,28,0,86,26,0,26,112
12/23/2018,ABE,PA,AEA,EN,Combined TRACON& Tower with Radar,26,28,40,0,94,0,1,79,2,82,26,29,119,2,176,120,0,120,296
12/24/2018,ABE,PA,AEA,EN,Combined TRACON& Tower with Radar,20,8,4,0,32,0,1,6,0,7,20,9,10,0,39,20,0,20,59
12/25/2018,ABE,PA,AEA,EN,Combined TRACON& Tower with Radar,11,11,4,0,26,0,0,12,0,12,11,11,16,0,38,0,0,0,38
12/26/2018,ABE,PA,AEA,EN,Combined TRACON& Tower with Radar,21,29,31,2,83,0,3,65,0,68,21,32,96,2,151,138,0,138,289
12/27/2018,ABE,PA,AEA,EN,Combined TRACON& Tower with Radar,31,28,56,10,125,0,1,74,4,79,31,29,130,14,204,143,24,167,371
12/28/2018,ABE,PA,AEA,EN,Combined TRACON& Tower with Radar,28,22,20,0,70,0,0,0,0,0,28,22,20,0,70,0,0,0,70
12/29/2018,ABE,PA,AEA,EN,Combined TRACON& Tower with Radar,25,24,21,0,70,0,0,35,0,35,25,24,56,0,105,38,0,38,143
12/30/2018,ABE,PA,AEA,EN,Combined TRACON& Tower with Radar,24,20,26,0,70,0,1,39,0,40,24,21,65,0,110,107,0,107,217
12/31/2018,ABE,PA,AEA,EN,Combined TRACON& Tower with Radar,22,15,8,0,45,0,1,0,0,1,22,16,8,0,46,56,0,56,102
01/02/2019,ABE,PA,AEA,EN,Combined TRACON& Tower with Radar,26,20,22,0,68,0,2,42,0,44,26,22,64,0,112,46,0,46,158
01/03/2019,ABE,PA,AEA,EN,Combined TRACON& Tower with Radar,27,25,32,8,92,0,3,33,2,38,27,28,65,10,130,75,8,83,213
01/04/2019,ABE,PA,AEA,EN,Combined TRACON& Tower with Radar,24,20,47,10,101,0,1,52,0,53,24,21,99,10,154,84,20,104,258
01/05/2019,ABE,PA,AEA,EN,Combined TRACON& Tower with Radar,26,22,33,0,81,0,0,1,0,1,26,22,34,0,82,0,0,0,82
01/06/2019,ABE,PA,AEA,EN,Combined TRACON& Tower with Radar,22,19,22,0,63,0,2,8,0,10,22,21,30,0,73,16,0,16,89
01/07/2019,ABE,PA,AEA,EN,Combined TRACON& Tower with Radar,26,17,23,0,66,0,0,22,0,22,26,17,45,0,88,18,0,18,106
01/08/2019,ABE,PA,AEA,EN,Combined TRACON& Tower with Radar,25,25,11,0,61,0,0,0,0,0,25,25,11,0,61,0,0,0,61
01/09/2019,ABE,PA,AEA,EN,Combined TRACON& Tower with Radar,25,21,26,1,73,0,0,12,0,12,25,21,38,1,85,12,0,12,97
01/10/2019,ABE,PA,AEA,EN,Combined TRACON& Tower with Radar,29,26,22,0,77,0,1,12,0,13,29,27,34,0,90,26,0,26,116
01/11/2019,ABE,PA,AEA,EN,Combined TRACON& Tower with Radar,28,26,34,0,88,0,1,43,0,44,28,27,77,0,132,100,0,100,232
01/12/2019,ABE,PA,AEA,EN,Combined TRACON& Tower with Radar,19,16,43,0,78,0,0,62,0,62,19,16,105,0,140,144,0,144,284
01/13/2019,ABE,PA,AEA,EN,Combined TRACON& Tower with Radar,24,15,19,0,58,0,1,33,0,34,24,16,52,0,92,70,0,70,162
01/14/2019,ABE,PA,AEA,EN,Combined TRACON& Tower with Radar,26,20,48,1,95,0,2,66,0,68,26,22,114,1,163,90,0,90,253
01/15/2019,ABE,PA,AEA,EN,Combined TRACON& Tower with Radar,24,27,49,0,100,0,1,88,0,89,24,28,137,0,189,119,0,119,308
01/16/2019,ABE,PA,AEA,EN,Combined TRACON& Tower with Radar,27,21,40,0,88,0,1,33,2,36,27,22,73,2,124,0,0,0,124
01/17/2019,ABE,PA,AEA,EN,Combined TRACON& Tower with Radar,30,21,42,0,93,0,1,38,2,41,30,22,80,2,134,40,0,40,174
01/18/2019,ABE,PA,AEA,EN,Combined TRACON& Tower with Radar,30,26,17,0,73,0,0,3,0,3,30,26,20,0,76,0,0,0,76
01/19/2019,ABE,PA,AEA,EN,Combined TRACON& Tower with Radar,16,12,17,0,45,0,0,24,0,24,16,12,41,0,69,76,0,76,145
01/20/2019,ABE,PA,AEA,EN,Combined TRACON& Tower with Radar,8,8,6,0,22,0,0,0,0,0,8,8,6,0,22,0,0,0,22
01/21/2019,ABE,PA,AEA,EN,Combined TRACON& Tower with Radar,25,18,15,0,58,0,2,3,0,5,25,20,18,0,63,1,0,1,64
01/22/2019,ABE,PA,AEA,EN,Combined TRACON& Tower with Radar,26,17,47,0,90,0,1,59,0,60,26,18,106,0,150,59,0,59,209
01/23/2019,ABE,PA,AEA,EN,Combined TRACON& Tower with Radar,27,25,27,2,81,0,1,23,0,24,27,26,50,2,105,62,0,62,167
01/24/2019,ABE,PA,AEA,EN,Combined TRACON& Tower with Radar,33,23,13,0,69,0,0,4,0,4,33,23,17,0,73,0,0,0,73
01/25/2019,ABE,PA,AEA,EN,Combined TRACON& Tower with Radar,29,26,28,2,85,0,4,55,2,61,29,30,83,4,146,66,0,66,212
01/26/2019,ABE,PA,AEA,EN,Combined TRACON& Tower with Radar,21,17,28,0,66,0,0,72,0,72,21,17,100,0,138,112,0,112,250
01/27/2019,ABE,PA,AEA,EN,Combined TRACON& Tower with Radar,24,22,31,0,77,0,4,45,0,49,24,26,76,0,126,116,0,116,242
01/28/2019,ABE,PA,AEA,EN,Combined TRACON& Tower with Radar,30,16,30,2,78,0,4,81,0,85,30,20,111,2,163,54,0,54,217
01/29/2019,ABE,PA,AEA,EN,Combined TRACON& Tower with Radar,26,18,14,0,58,0,1,0,0,1,26,19,14,0,59,0,0,0,59
01/30/2019,ABE,PA,AEA,EN,Combined TRACON& Tower with Radar,27,20,21,0,68,0,3,5,0,8,27,23,26,0,76,12,0,12,88
01/31/2019,ABE,PA,AEA,EN,Combined TRACON& Tower with Radar,31,16,29,0,76,0,2,26,1,29,31,18,55,1,105,26,0,26,131
02/01/2019,ABE,PA,AEA,EN,Combined TRACON& Tower with Radar,29,33,14,0,76,0,0,9,0,9,29,33,23,0,85,62,0,62,147
02/02/2019,ABE,PA,AEA,EN,Combined TRACON& Tower with Radar,21,19,29,0,69,0,0,40,0,40,21,19,69,0,109,80,0,80,189
02/03/2019,ABE,PA,AEA,EN,Combined TRACON& Tower with Radar,21,14,29,0,64,0,0,41,0,41,21,14,70,0,105,132,0,132,237
02/04/2019,ABE,PA,AEA,EN,Combined TRACON& Tower with Radar,29,31,42,0,102,0,3,48,0,51,29,34,90,0,153,86,0,86,239
02/05/2019,ABE,PA,AEA,EN,Combined TRACON& Tower with Radar,26,26,51,2,105,0,1,83,1,85,26,27,134,3,190,254,0,254,444
02/06/2019,ABE,PA,AEA,EN,Combined TRACON& Tower with Radar,29,21,32,0,82,0,2,23,0,25,29,23,55,0,107,47,0,47,154
02/07/2019,ABE,PA,AEA,EN,Combined TRACON& Tower with Radar,31,25,60,2,118,0,0,0,0,0,31,25,60,2,118,0,0,0,118
02/08/2019,ABE,PA,AEA,EN,Combined TRACON& Tower with Radar,29,22,33,0,84,0,2,17,0,19,29,24,50,0,103,2,0,2,105
02/09/2019,ABE,PA,AEA,EN,Combined TRACON& Tower with Radar,23,18,16,0,57,0,0,23,0,23,23,18,39,0,80,40,0,40,120
02/10/2019,ABE,PA,AEA,EN,Combined TRACON& Tower with Radar,24,22,52,0,98,0,1,71,0,72,24,23,123,0,170,156,0,156,326
02/11/2019,ABE,PA,AEA,EN,Combined TRACON& Tower with Radar,27,21,10,0,58,0,1,3,0,4,27,22,13,0,62,0,0,0,62
02/12/2019,ABE,PA,AEA,EN,Combined TRACON& Tower with Radar,27,13,3,0,43,0,0,0,0,0,27,13,3,0,43,0,0,0,43
02/13/2019,ABE,PA,AEA,EN,Combined TRACON& Tower with Radar,34,30,31,0,95,0,0,4,0,4,34,30,35,0,99,16,0,16,115
02/14/2019,ABE,PA,AEA,EN,Combined TRACON& Tower with Radar,34,23,46,0,103,0,4,64,0,68,34,27,110,0,171,190,0,190,361
02/15/2019,ABE,PA,AEA,EN,Combined TRACON& Tower with Radar,30,29,36,0,95,0,1,37,1,39,30,30,73,1,134,99,0,99,233
02/16/2019,ABE,PA,AEA,EN,Combined TRACON& Tower with Radar,28,14,14,0,56,0,0,64,0,64,28,14,78,0,120,181,0,181,301
02/17/2019,ABE,PA,AEA,EN,Combined TRACON& Tower with Radar,23,17,31,0,71,0,0,61,0,61,23,17,92,0,132,136,0,136,268
02/18/2019,ABE,PA,AEA,EN,Combined TRACON& Tower with Radar,30,18,17,0,65,0,1,3,0,4,30,19,20,0,69,18,0,18,87
02/19/2019,ABE,PA,AEA,EN,Combined TRACON& Tower with Radar,28,22,65,10,125,0,6,73,0,79,28,28,138,10,204,197,20,217,421
02/20/2019,ABE,PA,AEA,EN,Combined TRACON& Tower with Radar,34,22,9,0,65,0,0,1,0,1,34,22,10,0,66,28,0,28,94
02/21/2019,ABE,PA,AEA,EN,Combined TRACON& Tower with Radar,33,28,53,2,116,0,4,26,2,32,33,32,79,4,148,90,0,90,238
02/22/2019,ABE,PA,AEA,EN,Combined TRACON& Tower with Radar,31,18,44,0,93,0,3,55,0,58,31,21,99,0,151,152,0,152,303
02/23/2019,ABE,PA,AEA,EN,Combined TRACON& Tower with Radar,26,15,38,0,79,0,2,47,0,49,26,17,85,0,128,0,0,0,128
02/24/2019,ABE,PA,AEA,EN,Combined TRACON& Tower with Radar,27,24,23,0,74,0,0,0,0,0,27,24,23,0,74,0,0,0,74
02/25/2019,ABE,PA,AEA,EN,Combined TRACON& Tower with Radar,33,23,12,0,68,0,0,2,0,2,33,23,14,0,70,6,0,6,76
02/26/2019,ABE,PA,AEA,EN,Combined TRACON& Tower with Radar,35,24,45,0,104,0,0,38,3,41,35,24,83,3,145,82,0,82,227
02/27/2019,ABE,PA,AEA,EN,Combined TRACON& Tower with Radar,32,21,39,4,96,0,1,46,3,50,32,22,85,7,146,195,0,195,341
02/28/2019,ABE,PA,AEA,EN,Combined TRACON& Tower with Radar,30,32,28,2,92,0,0,70,0,70,30,32,98,2,162,214,0,214,376
03/01/2019,ABE,PA,AEA,EN,Combined TRACON& Tower with Radar,29,20,28,0,77,0,0,2,0,2,29,20,30,0,79,65,0,65,144
03/02/2019,ABE,PA,AEA,EN,Combined TRACON& Tower with Radar,27,19,16,0,62,0,0,8,1,9,27,19,24,1,71,20,0,20,91
03/03/2019,ABE,PA,AEA,EN,Combined TRACON& Tower with Radar,25,17,40,0,82,0,0,50,0,50,25,17,90,0,132,180,0,180,312
03/04/2019,ABE,PA,AEA,EN,Combined TRACON& Tower with Radar,28,14,19,0,61,0,0,17,0,17,28,14,36,0,78,112,0,112,190
03/05/2019,ABE,PA,AEA,EN,Combined TRACON& Tower with Radar,30,21,56,0,107,0,1,52,0,53,30,22,108,0,160,181,0,181,341
03/06/2019,ABE,PA,AEA,EN,Combined TRACON& Tower with Radar,31,27,23,1,82,0,1,25,2,28,31,28,48,3,110,52,0,52,162
03/07/2019,ABE,PA,AEA,EN,Combined TRACON& Tower with Radar,33,22,40,0,95,0,1,31,0,32,33,23,71,0,127,170,0,170,297
03/08/2019,ABE,PA,AEA,EN,Combined TRACON& Tower with Radar,30,25,33,1,89,0,1,31,1,33,30,26,64,2,122,108,0,108,230
03/09/2019,ABE,PA,AEA,EN,Combined TRACON& Tower with Radar,32,19,58,0,109,0,0,97,0,97,32,19,155,0,206,278,0,278,484
03/10/2019,ABE,PA,AEA,EN,Combined TRACON& Tower with Radar,28,21,17,0,66,0,0,0,0,0,28,21,17,0,66,0,0,0,66
03/11/2019,ABE,PA,AEA,EN,Combined TRACON& Tower with Radar,28,23,24,0,75,0,5,32,0,37,28,28,56,0,112,108,0,108,220
03/12/2019,ABE,PA,AEA,EN,Combined TRACON& Tower with Radar,32,24,26,1,83,0,0,37,1,38,32,24,63,2,121,116,0,116,237
03/13/2019,ABE,PA,AEA,EN,Combined TRACON& Tower with Radar,34,28,34,0,96,0,0,73,0,73,34,28,107,0,169,82,0,82,251
03/14/2019,ABE,PA,AEA,EN,Combined TRACON& Tower with Radar,31,20,21,7,79,0,4,52,1,57,31,24,73,8,136,89,4,93,229
03/15/2019,ABE,PA,AEA,EN,Combined TRACON& Tower with Radar,33,23,17,0,73,0,0,13,1,14,33,23,30,1,87,14,2,16,103
03/16/2019,ABE,PA,AEA,EN,Combined TRACON& Tower with Radar,29,16,18,0,63,0,2,10,0,12,29,18,28,0,75,14,0,14,89
03/17/2019,ABE,PA,AEA,EN,Combined TRACON& Tower with Radar,25,20,51,0,96,0,0,68,0,68,25,20,119,0,164,126,0,126,290
03/18/2019,ABE,PA,AEA,EN,Combined TRACON& Tower with Radar,28,14,34,0,76,0,3,41,1,45,28,17,75,1,121,40,0,40,161
03/19/2019,ABE,PA,AEA,EN,Combined TRACON& Tower with Radar,31,27,41,6,105,0,4,89,2,95,31,31,130,8,200,180,22,202,402
03/20/2019,ABE,PA,AEA,EN,Combined TRACON& Tower with Radar,36,19,58,0,113,0,1,91,0,92,36,20,149,0,205,163,0,163,368
03/21/2019,ABE,PA,AEA,EN,Combined TRACON& Tower with Radar,29,30,19,0,78,0,0,0,0,0,29,30,19,0,78,0,0,0,78
03/22/2019,ABE,PA,AEA,EN,Combined TRACON& Tower with Radar,30,28,12,0,70,0,1,3,0,4,30,29,15,0,74,0,0,0,74
03/23/2019,ABE,PA,AEA,EN,Combined TRACON& Tower with Radar,29,21,15,0,65,0,1,17,0,18,29,22,32,0,83,16,0,16,99
03/24/2019,ABE,PA,AEA,EN,Combined TRACON& Tower with Radar,28,15,54,0,97,0,0,100,0,100,28,15,154,0,197,310,0,310,507
03/25/2019,ABE,PA,AEA,EN,Combined TRACON& Tower with Radar,27,20,28,0,75,0,0,13,0,13,27,20,41,0,88,55,0,55,143
03/26/2019,ABE,PA,AEA,EN,Combined TRACON& Tower with Radar,33,22,63,0,118,0,2,66,0,68,33,24,129,0,186,119,0,119,305
03/27/2019,ABE,PA,AEA,EN,Combined TRACON& Tower with Radar,34,23,30,0,87,0,0,60,0,60,34,23,90,0,147,170,0,170,317
03/28/2019,ABE,PA,AEA,EN,Combined TRACON& Tower with Radar,32,22,56,1,111,0,0,73,1,74,32,22,129,2,185,202,2,204,389
03/29/2019,ABE,PA,AEA,EN,Combined TRACON& Tower with Radar,29,22,62,0,113,0,0,36,0,36,29,22,98,0,149,158,0,158,307
03/30/2019,ABE,PA,AEA,EN,Combined TRACON& Tower with Radar,30,23,37,0,90,0,1,58,0,59,30,24,95,0,149,208,0,208,357
03/31/2019,ABE,PA,AEA,EN,Combined TRACON& Tower with Radar,27,26,46,0,99,0,1,1,0,2,27,27,47,0,101,6,0,6,107
04/01/2019,ABE,PA,AEA,EN,Combined TRACON& Tower with Radar,28,26,19,8,81,0,4,57,0,61,28,30,76,8,142,121,10,131,273
04/02/2019,ABE,PA,AEA,EN,Combined TRACON& Tower with Radar,32,26,33,1,92,0,2,62,2,66,32,28,95,3,158,198,14,212,370
04/03/2019,ABE,PA,AEA,EN,Combined TRACON& Tower with Radar,34,30,10,0,74,0,0,10,0,10,34,30,20,0,84,54,0,54,138
04/04/2019,ABE,PA,AEA,EN,Combined TRACON& Tower with Radar,30,31,28,5,94,0,2,57,0,59,30,33,85,5,153,236,0,236,389
04/05/2019,ABE,PA,AEA,EN,Combined TRACON& Tower with Radar,31,36,25,0,92,0,0,7,0,7,31,36,32,0,99,6,0,6,105
04/06/2019,ABE,PA,AEA,EN,Combined TRACON& Tower with Radar,32,25,44,5,106,0,2,46,0,48,32,27,90,5,154,130,0,130,284
04/07/2019,ABE,PA,AEA,EN,Combined TRACON& Tower with Radar,27,22,39,0,88,0,1,89,1,91,27,23,128,1,179,136,0,136,315
04/08/2019,ABE,PA,AEA,EN,Combined TRACON& Tower with Radar,33,27,36,0,96,0,2,28,0,30,33,29,64,0,126,82,0,82,208
04/09/2019,ABE,PA,AEA,EN,Combined TRACON& Tower with Radar,32,29,40,0,101,0,0,38,0,38,32,29,78,0,139,131,0,131,270
04/10/2019,ABE,PA,AEA,EN,Combined TRACON& Tower with Radar,35,30,45,0,110,0,0,53,0,53,35,30,98,0,163,152,0,152,315
04/11/2019,ABE,PA,AEA,EN,Combined TRACON& Tower with Radar,30,34,48,2,114,0,2,74,2,78,30,36,122,4,192,158,2,160,352
04/12/2019,ABE,PA,AEA,EN,Combined TRACON& Tower with Radar,30,32,26,0,88,0,0,2,0,2,30,32,28,0,90,5,0,5,95
04/13/2019,ABE,PA,AEA,EN,Combined TRACON& Tower with Radar,30,26,72,0,128,0,3,45,0,48,30,29,117,0,176,219,0,219,395
04/14/2019,ABE,PA,AEA,EN,Combined TRACON& Tower with Radar,37,26,44,0,107,0,0,4,0,4,37,26,48,0,111,54,0,54,165
04/15/2019,ABE,PA,AEA,EN,Combined TRACON& Tower with Radar,31,38,12,0,81,0,1,2,0,3,31,39,14,0,84,0,0,0,84
04/16/2019,ABE,PA,AEA,EN,Combined TRACON& Tower with Radar,32,28,32,5,97,0,2,57,1,60,32,30,89,6,157,181,0,181,338
04/17/2019,ABE,PA,AEA,EN,Combined TRACON& Tower with Radar,35,28,38,0,101,0,2,62,0,64,35,30,100,0,165,163,0,163,328
04/18/2019,ABE,PA,AEA,EN,Combined TRACON& Tower with Radar,31,29,59,5,124,0,1,13,1,15,31,30,72,6,139,88,18,106,245
04/19/2019,ABE,PA,AEA,EN,Combined TRACON& Tower with Radar,25,30,19,0,74,0,0,8,0,8,25,30,27,0,82,30,0,30,112
04/20/2019,ABE,PA,AEA,EN,Combined TRACON& Tower with Radar,31,28,20,0,79,0,0,8,0,8,31,28,28,0,87,14,0,14,101
04/21/2019,ABE,PA,AEA,EN,Combined TRACON& Tower with Radar,26,30,26,0,82,0,2,40,0,42,26,32,66,0,124,44,0,44,168
04/22/2019,ABE,PA,AEA,EN,Combined TRACON& Tower with Radar,30,33,44,1,108,0,1,47,1,49,30,34,91,2,157,165,0,165,322
04/23/2019,ABE,PA,AEA,EN,Combined TRACON& Tower with Radar,32,34,57,1,124,0,2,102,1,105,32,36,159,2,229,228,0,228,457
04/24/2019,ABE,PA,AEA,EN,Combined TRACON& Tower with Radar,30,33,43,4,110,0,2,62,0,64,30,35,105,4,174,146,0,146,320
04/25/2019,ABE,PA,AEA,EN,Combined TRACON& Tower with Radar,30,32,52,2,116,0,2,63,0,65,30,34,115,2,181,172,0,172,353
04/26/2019,ABE,PA,AEA,EN,Combined TRACON& Tower with Radar,29,25,21,2,77,0,0,2,0,2,29,25,23,2,79,0,0,0,79
04/27/2019,ABE,PA,AEA,EN,Combined TRACON& Tower with Radar,32,27,17,0,76,0,3,12,1,16,32,30,29,1,92,0,0,0,92
04/28/2019,ABE,PA,AEA,EN,Combined TRACON& Tower with Radar,30,26,53,0,109,0,0,33,0,33,30,26,86,0,142,226,0,226,368
04/29/2019,ABE,PA,AEA,EN,Combined TRACON& Tower with Radar,31,30,37,0,98,0,1,82,0,83,31,31,119,0,181,264,0,264,445
04/30/2019,ABE,PA,AEA,EN,Combined TRACON& Tower with Radar,32,28,44,4,108,0,1,28,0,29,32,29,72,4,137,96,0,96,233
05/01/2019,ABE,PA,AEA,EN,Combined TRACON& Tower with Radar,32,32,73,0,137,0,0,5,0,5,32,32,78,0,142,138,0,138,280
05/02/2019,ABE,PA,AEA,EN,Combined TRACON& Tower with Radar,31,42,49,0,122,0,2,34,0,36,31,44,83,0,158,159,0,159,317
05/03/2019,ABE,PA,AEA,EN,Combined TRACON& Tower with Radar,32,17,59,0,108,0,0,0,0,0,32,17,59,0,108,68,0,68,176
05/04/2019,ABE,PA,AEA,EN,Combined TRACON& Tower with Radar,0,0,11,0,11,0,0,2,1,3,0,0,13,1,14,2,0,2,16
05/05/2019,ABE,PA,AEA,EN,Combined TRACON& Tower with Radar,0,0,0,0,0,0,0,0,0,0,0,0,0,0,0,0,0,0,0
05/06/2019,ABE,PA,AEA,EN,Combined TRACON& Tower with Radar,32,16,52,0,100,0,2,74,0,76,32,18,126,0,176,177,0,177,353
05/07/2019,ABE,PA,AEA,EN,Combined TRACON& Tower with Radar,33,26,37,2,98,0,0,44,1,45,33,26,81,3,143,128,0,128,271
05/08/2019,ABE,PA,AEA,EN,Combined TRACON& Tower with Radar,37,23,45,6,111,0,1,65,3,69,37,24,110,9,180,192,4,196,376
05/09/2019,ABE,PA,AEA,EN,Combined TRACON& Tower with Radar,34,30,67,0,131,0,1,12,0,13,34,31,79,0,144,124,0,124,268
05/10/2019,ABE,PA,AEA,EN,Combined TRACON& Tower with Radar,37,33,29,2,101,0,1,7,0,8,37,34,36,2,109,32,0,32,141
05/11/2019,ABE,PA,AEA,EN,Combined TRACON& Tower with Radar,29,13,43,0,85,0,1,94,0,95,29,14,137,0,180,228,0,228,408
05/12/2019,ABE,PA,AEA,EN,Combined TRACON& Tower with Radar,29,24,16,0,69,0,0,0,0,0,29,24,16,0,69,0,0,0,69
05/13/2019,ABE,PA,AEA,EN,Combined TRACON& Tower with Radar,34,23,31,0,88,0,0,0,0,0,34,23,31,0,88,0,0,0,88
05/14/2019,ABE,PA,AEA,EN,Combined TRACON& Tower with Radar,32,25,47,0,104,0,2,29,2,33,32,27,76,2,137,99,0,99,236
05/15/2019,ABE,PA,AEA,EN,Combined TRACON& Tower with Radar,36,23,61,0,120,0,0,82,0,82,36,23,143,0,202,176,0,176,378
05/16/2019,ABE,PA,AEA,EN,Combined TRACON& Tower with Radar,32,33,47,0,112,0,2,80,0,82,32,35,127,0,194,253,0,253,447
05/17/2019,ABE,PA,AEA,EN,Combined TRACON& Tower with Radar,39,21,50,0,110,0,4,56,1,61,39,25,106,1,171,184,0,184,355
05/18/2019,ABE,PA,AEA,EN,Combined TRACON& Tower with Radar,31,29,54,0,114,0,4,103,0,107,31,33,157,0,221,294,0,294,515
05/19/2019,ABE,PA,AEA,EN,Combined TRACON& Tower with Radar,28,20,59,0,107,0,2,60,0,62,28,22,119,0,169,94,0,94,263
05/20/2019,ABE,PA,AEA,EN,Combined TRACON& Tower with Radar,36,24,39,9,108,0,0,48,1,49,36,24,87,10,157,54,28,82,239
05/21/2019,ABE,PA,AEA,EN,Combined TRACON& Tower with Radar,37,29,43,0,109,0,6,49,1,56,37,35,92,1,165,78,0,78,243
05/22/2019,ABE,PA,AEA,EN,Combined TRACON& Tower with Radar,42,23,59,0,124,0,2,106,1,109,42,25,165,1,233,232,0,232,465
05/23/2019,ABE,PA,AEA,EN,Combined TRACON& Tower with Radar,31,27,41,0,99,0,0,23,0,23,31,27,64,0,122,39,0,39,161
05/24/2019,ABE,PA,AEA,EN,Combined TRACON& Tower with Radar,38,21,24,0,83,0,3,47,1,51,38,24,71,1,134,39,0,39,173
05/25/2019,ABE,PA,AEA,EN,Combined TRACON& Tower with Radar,34,22,25,0,81,0,1,82,0,83,34,23,107,0,164,138,0,138,302
05/26/2019,ABE,PA,AEA,EN,Combined TRACON& Tower with Radar,28,13,27,0,68,0,1,26,0,27,28,14,53,0,95,164,0,164,259
05/27/2019,ABE,PA,AEA,EN,Combined TRACON& Tower with Radar,35,18,23,0,76,0,1,67,0,68,35,19,90,0,144,104,0,104,248
05/28/2019,ABE,PA,AEA,EN,Combined TRACON& Tower with Radar,29,36,29,0,94,0,0,3,0,3,29,36,32,0,97,0,0,0,97
05/29/2019,ABE,PA,AEA,EN,Combined TRACON& Tower with Radar,37,20,35,2,94,0,1,33,0,34,37,21,68,2,128,38,0,38,166
05/30/2019,ABE,PA,AEA,EN,Combined TRACON& Tower with Radar,32,26,36,0,94,0,1,23,0,24,32,27,59,0,118,61,0,61,179
05/31/2019,ABE,PA,AEA,EN,Combined TRACON& Tower with Radar,39,29,59,1,128,0,0,64,0,64,39,29,123,1,192,38,0,38,230
06/01/2019,ABE,PA,AEA,EN,Combined TRACON& Tower with Radar,31,17,31,0,79,0,0,76,0,76,31,17,107,0,155,208,0,208,363
06/02/2019,ABE,PA,AEA,EN,Combined TRACON& Tower with Radar,37,25,40,0,102,0,0,28,0,28,37,25,68,0,130,132,0,132,262
06/03/2019,ABE,PA,AEA,EN,Combined TRACON& Tower with Radar,39,22,32,0,93,0,1,42,0,43,39,23,74,0,136,228,0,228,364
06/04/2019,ABE,PA,AEA,EN,Combined TRACON& Tower with Radar,34,20,55,2,111,0,2,104,1,107,34,22,159,3,218,160,0,160,378
06/05/2019,ABE,PA,AEA,EN,Combined TRACON& Tower with Radar,40,26,57,1,124,0,3,51,1,55,40,29,108,2,179,92,0,92,271
06/06/2019,ABE,PA,AEA,EN,Combined TRACON& Tower with Radar,29,29,55,2,115,0,1,54,0,55,29,30,109,2,170,212,12,224,394
06/07/2019,ABE,PA,AEA,EN,Combined TRACON& Tower with Radar,33,33,60,1,127,0,2,57,1,60,33,35,117,2,187,284,0,284,471
06/08/2019,ABE,PA,AEA,EN,Combined TRACON& Tower with Radar,27,25,37,2,91,0,0,77,3,80,27,25,114,5,171,146,8,154,325
06/09/2019,ABE,PA,AEA,EN,Combined TRACON& Tower with Radar,23,24,37,0,84,0,3,67,0,70,23,27,104,0,154,128,0,128,282
06/10/2019,ABE,PA,AEA,EN,Combined TRACON& Tower with Radar,40,27,16,2,85,0,0,0,0,0,40,27,16,2,85,0,0,0,85
06/11/2019,ABE,PA,AEA,EN,Combined TRACON& Tower with Radar,31,36,55,0,122,0,0,43,0,43,31,36,98,0,165,42,0,42,207
06/12/2019,ABE,PA,AEA,EN,Combined TRACON& Tower with Radar,36,30,66,0,132,0,3,102,2,107,36,33,168,2,239,194,0,194,433
06/13/2019,ABE,PA,AEA,EN,Combined TRACON& Tower with Radar,30,26,32,3,91,0,0,2,1,3,30,26,34,4,94,4,0,4,98
06/14/2019,ABE,PA,AEA,EN,Combined TRACON& Tower with Radar,35,33,27,1,96,0,2,56,0,58,35,35,83,1,154,102,2,104,258
06/15/2019,ABE,PA,AEA,EN,Combined TRACON& Tower with Radar,30,26,42,0,98,0,1,105,0,106,30,27,147,0,204,217,0,217,421
06/16/2019,ABE,PA,AEA,EN,Combined TRACON& Tower with Radar,24,32,23,0,79,0,0,46,0,46,24,32,69,0,125,62,0,62,187
06/17/2019,ABE,PA,AEA,EN,Combined TRACON& Tower with Radar,40,29,27,1,97,0,0,11,1,12,40,29,38,2,109,59,0,59,168
06/18/2019,ABE,PA,AEA,EN,Combined TRACON& Tower with Radar,27,32,16,5,80,0,0,2,0,2,27,32,18,5,82,10,0,10,92
06/19/2019,ABE,PA,AEA,EN,Combined TRACON& Tower with Radar,36,33,44,2,115,0,0,1,0,1,36,33,45,2,116,0,0,0,116
06/20/2019,ABE,PA,AEA,EN,Combined TRACON& Tower with Radar,33,37,7,13,90,0,0,8,0,8,33,37,15,13,98,16,0,16,114
06/21/2019,ABE,PA,AEA,EN,Combined TRACON& Tower with Radar,36,33,43,0,112,0,0,41,0,41,36,33,84,0,153,34,0,34,187
06/22/2019,ABE,PA,AEA,EN,Combined TRACON& Tower with Radar,28,20,31,0,79,0,0,97,0,97,28,20,128,0,176,207,0,207,383
06/23/2019,ABE,PA,AEA,EN,Combined TRACON& Tower with Radar,27,29,25,0,81,0,1,102,0,103,27,30,127,0,184,126,0,126,310
06/24/2019,ABE,PA,AEA,EN,Combined TRACON& Tower with Radar,33,36,39,1,109,0,2,83,0,85,33,38,122,1,194,89,0,89,283
06/25/2019,ABE,PA,AEA,EN,Combined TRACON& Tower with Radar,34,33,53,0,120,0,1,30,0,31,34,34,83,0,151,74,0,74,225
06/26/2019,ABE,PA,AEA,EN,Combined TRACON& Tower with Radar,40,28,55,0,123,0,1,88,0,89,40,29,143,0,212,250,0,250,462
06/27/2019,ABE,PA,AEA,EN,Combined TRACON& Tower with Radar,29,27,32,2,90,0,4,72,1,77,29,31,104,3,167,185,0,185,352
06/28/2019,ABE,PA,AEA,EN,Combined TRACON& Tower with Radar,38,30,40,0,108,0,2,70,0,72,38,32,110,0,180,112,0,112,292
06/29/2019,ABE,PA,AEA,EN,Combined TRACON& Tower with Radar,40,41,19,0,100,0,2,63,0,65,40,43,82,0,165,96,0,96,261
06/30/2019,ABE,PA,AEA,EN,Combined TRACON& Tower with Radar,25,31,38,0,94,0,7,66,1,74,25,38,104,1,168,85,0,85,253
07/01/2019,ABE,PA,AEA,EN,Combined TRACON& Tower with Radar,34,32,33,0,99,0,5,78,0,83,34,37,111,0,182,94,0,94,276
07/02/2019,ABE,PA,AEA,EN,Combined TRACON& Tower with Radar,30,23,41,1,95,0,0,87,1,88,30,23,128,2,183,72,0,72,255
07/03/2019,ABE,PA,AEA,EN,Combined TRACON& Tower with Radar,34,27,33,0,94,0,1,40,0,41,34,28,73,0,135,112,0,112,247
07/04/2019,ABE,PA,AEA,EN,Combined TRACON& Tower with Radar,12,17,9,0,38,0,0,34,0,34,12,17,43,0,72,52,0,52,124
07/05/2019,ABE,PA,AEA,EN,Combined TRACON& Tower with Radar,27,32,33,0,92,0,0,15,0,15,27,32,48,0,107,113,0,113,220
07/06/2019,ABE,PA,AEA,EN,Combined TRACON& Tower with Radar,31,23,12,0,66,0,0,6,0,6,31,23,18,0,72,0,0,0,72
07/07/2019,ABE,PA,AEA,EN,Combined TRACON& Tower with Radar,25,35,35,0,95,0,1,48,1,50,25,36,83,1,145,71,0,71,216
07/08/2019,ABE,PA,AEA,EN,Combined TRACON& Tower with Radar,38,28,56,2,124,0,0,10,0,10,38,28,66,2,134,60,2,62,196
07/09/2019,ABE,PA,AEA,EN,Combined TRACON& Tower with Radar,33,37,72,0,142,0,4,116,0,120,33,41,188,0,262,199,0,199,461
07/10/2019,ABE,PA,AEA,EN,Combined TRACON& Tower with Radar,38,32,54,9,133,0,2,87,1,90,38,34,141,10,223,70,18,88,311
07/11/2019,ABE,PA,AEA,EN,Combined TRACON& Tower with Radar,30,24,29,0,83,0,0,3,0,3,30,24,32,0,86,0,0,0,86
07/12/2019,ABE,PA,AEA,EN,Combined TRACON& Tower with Radar,39,33,42,0,114,0,2,62,1,65,39,35,104,1,179,211,0,211,390
07/13/2019,ABE,PA,AEA,EN,Combined TRACON& Tower with Radar,31,26,35,4,96,0,3,101,0,104,31,29,136,4,200,221,0,221,421
07/14/2019,ABE,PA,AEA,EN,Combined TRACON& Tower with Radar,27,30,36,0,93,0,1,82,0,83,27,31,118,0,176,87,0,87,263
07/15/2019,ABE,PA,AEA,EN,Combined TRACON& Tower with Radar,36,29,54,0,119,0,3,88,2,93,36,32,142,2,212,118,0,118,330
07/16/2019,ABE,PA,AEA,EN,Combined TRACON& Tower with Radar,33,34,58,4,129,0,0,70,0,70,33,34,128,4,199,100,0,100,299
07/17/2019,ABE,PA,AEA,EN,Combined TRACON& Tower with Radar,39,26,33,2,100,0,0,25,0,25,39,26,58,2,125,88,0,88,213
07/18/2019,ABE,PA,AEA,EN,Combined TRACON& Tower with Radar,29,35,43,0,107,0,0,5,0,5,29,35,48,0,112,0,0,0,112
07/19/2019,ABE,PA,AEA,EN,Combined TRACON& Tower with Radar,37,30,33,4,104,0,1,41,1,43,37,31,74,5,147,138,12,150,297
07/20/2019,ABE,PA,AEA,EN,Combined TRACON& Tower with Radar,33,28,12,0,73,0,2,30,0,32,33,30,42,0,105,10,0,10,115
07/21/2019,ABE,PA,AEA,EN,Combined TRACON& Tower with Radar,24,33,15,0,72,0,2,30,0,32,24,35,45,0,104,104,0,104,208
07/22/2019,ABE,PA,AEA,EN,Combined TRACON& Tower with Radar,35,27,41,0,103,0,0,27,0,27,35,27,68,0,130,0,0,0,130
07/23/2019,ABE,PA,AEA,EN,Combined TRACON& Tower with Radar,34,29,48,0,111,0,0,9,0,9,34,29,57,0,120,66,0,66,186
07/24/2019,ABE,PA,AEA,EN,Combined TRACON& Tower with Radar,40,30,49,4,123,0,1,76,1,78,40,31,125,5,201,115,0,115,316
07/25/2019,ABE,PA,AEA,EN,Combined TRACON& Tower with Radar,36,36,33,0,105,0,1,78,0,79,36,37,111,0,184,158,0,158,342
07/26/2019,ABE,PA,AEA,EN,Combined TRACON& Tower with Radar,41,30,41,0,112,0,2,62,0,64,41,32,103,0,176,110,0,110,286
07/27/2019,ABE,PA,AEA,EN,Combined TRACON& Tower with Radar,33,26,29,0,88,0,2,61,0,63,33,28,90,0,151,164,0,164,315
07/28/2019,ABE,PA,AEA,EN,Combined TRACON& Tower with Radar,30,35,39,0,104,0,1,63,0,64,30,36,102,0,168,174,0,174,342
07/29/2019,ABE,PA,AEA,EN,Combined TRACON& Tower with Radar,36,33,53,0,122,0,1,67,0,68,36,34,120,0,190,80,0,80,270
07/30/2019,ABE,PA,AEA,EN,Combined TRACON& Tower with Radar,32,32,45,3,112,0,2,61,3,66,32,34,106,6,178,130,2,132,310
07/31/2019,ABE,PA,AEA,EN,Combined TRACON& Tower with Radar,37,33,18,0,88,0,0,27,0,27,37,33,45,0,115,46,0,46,161
08/01/2019,ABE,PA,AEA,EN,Combined TRACON& Tower with Radar,33,34,28,0,95,0,1,49,0,50,33,35,77,0,145,186,0,186,331
08/02/2019,ABE,PA,AEA,EN,Combined TRACON& Tower with Radar,35,33,40,0,108,0,0,28,0,28,35,33,68,0,136,82,0,82,218
08/03/2019,ABE,PA,AEA,EN,Combined TRACON& Tower with Radar,31,27,25,0,83,0,1,26,0,27,31,28,51,0,110,86,0,86,196
08/04/2019,ABE,PA,AEA,EN,Combined TRACON& Tower with Radar,30,35,19,0,84,0,0,48,0,48,30,35,67,0,132,80,0,80,212
08/05/2019,ABE,PA,AEA,EN,Combined TRACON& Tower with Radar,37,30,45,0,112,0,2,55,1,58,37,32,100,1,170,112,0,112,282
08/06/2019,ABE,PA,AEA,EN,Combined TRACON& Tower with Radar,32,32,60,0,124,0,2,19,0,21,32,34,79,0,145,111,0,111,256
08/07/2019,ABE,PA,AEA,EN,Combined TRACON& Tower with Radar,44,36,28,0,108,0,2,5,2,9,44,38,33,2,117,0,0,0,117
08/08/2019,ABE,PA,AEA,EN,Combined TRACON& Tower with Radar,31,38,49,0,118,0,0,46,4,50,31,38,95,4,168,210,0,210,378
08/09/2019,ABE,PA,AEA,EN,Combined TRACON& Tower with Radar,37,27,31,0,95,0,0,64,1,65,37,27,95,1,160,136,0,136,296
08/10/2019,ABE,PA,AEA,EN,Combined TRACON& Tower with Radar,31,32,20,0,83,0,2,46,0,48,31,34,66,0,131,138,0,138,269
08/11/2019,ABE,PA,AEA,EN,Combined TRACON& Tower with Radar,27,30,19,0,76,0,2,75,0,77,27,32,94,0,153,90,0,90,243
08/12/2019,ABE,PA,AEA,EN,Combined TRACON& Tower with Radar,36,35,28,1,100,0,0,59,0,59,36,35,87,1,159,146,0,146,305
08/13/2019,ABE,PA,AEA,EN,Combined TRACON& Tower with Radar,31,33,24,0,88,0,0,15,0,15,31,33,39,0,103,40,0,40,143
08/14/2019,ABE,PA,AEA,EN,Combined TRACON& Tower with Radar,42,40,51,4,137,0,1,10,1,12,42,41,61,5,149,166,0,166,315
08/15/2019,ABE,PA,AEA,EN,Combined TRACON& Tower with Radar,34,27,33,0,94,0,0,20,0,20,34,27,53,0,114,96,0,96,210
08/16/2019,ABE,PA,AEA,EN,Combined TRACON& Tower with Radar,37,35,29,0,101,0,0,19,0,19,37,35,48,0,120,42,0,42,162
08/17/2019,ABE,PA,AEA,EN,Combined TRACON& Tower with Radar,31,22,28,0,81,0,1,31,0,32,31,23,59,0,113,90,0,90,203
08/18/2019,ABE,PA,AEA,EN,Combined TRACON& Tower with Radar,24,24,27,0,75,0,0,18,0,18,24,24,45,0,93,110,0,110,203
08/19/2019,ABE,PA,AEA,EN,Combined TRACON& Tower with Radar,34,31,35,0,100,0,0,57,0,57,34,31,92,0,157,112,0,112,269
08/20/2019,ABE,PA,AEA,EN,Combined TRACON& Tower with Radar,28,25,43,9,105,0,1,73,0,74,28,26,116,9,179,126,10,136,315
08/21/2019,ABE,PA,AEA,EN,Combined TRACON& Tower with Radar,36,24,35,0,95,0,1,24,0,25,36,25,59,0,120,32,0,32,152
08/22/2019,ABE,PA,AEA,EN,Combined TRACON& Tower with Radar,31,28,56,1,116,0,0,66,0,66,31,28,122,1,182,167,0,167,349
08/23/2019,ABE,PA,AEA,EN,Combined TRACON& Tower with Radar,34,29,49,0,112,0,1,37,0,38,34,30,86,0,150,44,0,44,194
08/24/2019,ABE,PA,AEA,EN,Combined TRACON& Tower with Radar,32,24,45,0,101,0,1,59,0,60,32,25,104,0,161,170,0,170,331
08/25/2019,ABE,PA,AEA,EN,Combined TRACON& Tower with Radar,28,26,38,0,92,0,1,42,0,43,28,27,80,0,135,70,0,70,205
08/26/2019,ABE,PA,AEA,EN,Combined TRACON& Tower with Radar,34,27,35,2,98,0,1,52,1,54,34,28,87,3,152,144,0,144,296
08/27/2019,ABE,PA,AEA,EN,Combined TRACON& Tower with Radar,28,32,41,6,107,0,2,34,2,38,28,34,75,8,145,140,60,200,345
08/28/2019,ABE,PA,AEA,EN,Combined TRACON& Tower with Radar,36,23,46,1,106,0,0,9,1,10,36,23,55,2,116,0,0,0,116
08/29/2019,ABE,PA,AEA,EN,Combined TRACON& Tower with Radar,30,31,40,3,104,0,0,73,20,93,30,31,113,23,197,168,0,168,365
08/30/2019,ABE,PA,AEA,EN,Combined TRACON& Tower with Radar,33,33,29,0,95,0,4,75,1,80,33,37,104,1,175,44,0,44,219
08/31/2019,ABE,PA,AEA,EN,Combined TRACON& Tower with Radar,32,22,28,0,82,0,1,43,0,44,32,23,71,0,126,142,0,142,268
09/01/2019,ABE,PA,AEA,EN,Combined TRACON& Tower with Radar,22,28,23,0,73,0,0,40,0,40,22,28,63,0,113,136,0,136,249
09/02/2019,ABE,PA,AEA,EN,Combined TRACON& Tower with Radar,41,26,23,0,90,0,2,3,1,6,41,28,26,1,96,0,0,0,96
09/03/2019,ABE,PA,AEA,EN,Combined TRACON& Tower with Radar,27,25,31,3,86,0,1,64,7,72,27,26,95,10,158,110,0,110,268
09/04/2019,ABE,PA,AEA,EN,Combined TRACON& Tower with Radar,31,27,32,0,90,0,0,31,0,31,31,27,63,0,121,115,0,115,236
09/05/2019,ABE,PA,AEA,EN,Combined TRACON& Tower with Radar,34,29,39,0,102,0,0,77,0,77,34,29,116,0,179,135,0,135,314
09/06/2019,ABE,PA,AEA,EN,Combined TRACON& Tower with Radar,33,24,38,3,98,0,0,31,0,31,33,24,69,3,129,279,0,279,408
09/07/2019,ABE,PA,AEA,EN,Combined TRACON& Tower with Radar,27,23,43,0,93,0,4,64,0,68,27,27,107,0,161,177,0,177,338
09/08/2019,ABE,PA,AEA,EN,Combined TRACON& Tower with Radar,28,23,32,0,83,0,5,97,0,102,28,28,129,0,185,124,0,124,309
09/09/2019,ABE,PA,AEA,EN,Combined TRACON& Tower with Radar,36,24,27,0,87,0,0,58,0,58,36,24,85,0,145,144,0,144,289
09/10/2019,ABE,PA,AEA,EN,Combined TRACON& Tower with Radar,33,23,71,2,129,0,0,37,1,38,33,23,108,3,167,179,0,179,346
09/11/2019,ABE,PA,AEA,EN,Combined TRACON& Tower with Radar,33,28,38,0,99,0,0,46,1,47,33,28,84,1,146,107,0,107,253
09/12/2019,ABE,PA,AEA,EN,Combined TRACON& Tower with Radar,36,43,42,0,121,0,0,34,1,35,36,43,76,1,156,97,0,97,253
09/13/2019,ABE,PA,AEA,EN,Combined TRACON& Tower with Radar,38,31,33,1,103,0,0,26,1,27,38,31,59,2,130,68,0,68,198
09/14/2019,ABE,PA,AEA,EN,Combined TRACON& Tower with Radar,29,26,39,0,94,0,1,9,0,10,29,27,48,0,104,92,0,92,196
09/15/2019,ABE,PA,AEA,EN,Combined TRACON& Tower with Radar,28,32,55,0,115,0,1,94,1,96,28,33,149,1,211,220,0,220,431
09/16/2019,ABE,PA,AEA,EN,Combined TRACON& Tower with Radar,42,23,55,0,120,0,1,80,0,81,42,24,135,0,201,162,0,162,363
09/17/2019,ABE,PA,AEA,EN,Combined TRACON& Tower with Radar,31,34,37,0,102,0,0,69,0,69,31,34,106,0,171,150,0,150,321
09/18/2019,ABE,PA,AEA,EN,Combined TRACON& Tower with Radar,35,26,45,0,106,0,7,73,0,80,35,33,118,0,186,182,0,182,368
09/19/2019,ABE,PA,AEA,EN,Combined TRACON& Tower with Radar,36,29,52,0,117,0,1,96,0,97,36,30,148,0,214,184,0,184,398
09/20/2019,ABE,PA,AEA,EN,Combined TRACON& Tower with Radar,38,31,57,0,126,0,2,81,0,83,38,33,138,0,209,225,0,225,434
09/21/2019,ABE,PA,AEA,EN,Combined TRACON& Tower with Radar,29,26,45,0,100,0,1,88,1,90,29,27,133,1,190,248,0,248,438
09/22/2019,ABE,PA,AEA,EN,Combined TRACON& Tower with Radar,34,32,39,0,105,0,1,68,0,69,34,33,107,0,174,148,0,148,322
09/23/2019,ABE,PA,AEA,EN,Combined TRACON& Tower with Radar,38,31,34,0,103,0,1,43,0,44,38,32,77,0,147,50,0,50,197
09/24/2019,ABE,PA,AEA,EN,Combined TRACON& Tower with Radar,35,25,47,0,107,0,1,62,0,63,35,26,109,0,170,251,0,251,421
09/25/2019,ABE,PA,AEA,EN,Combined TRACON& Tower with Radar,32,23,50,3,108,0,5,84,1,90,32,28,134,4,198,203,8,211,409
09/26/2019,ABE,PA,AEA,EN,Combined TRACON& Tower with Radar,34,26,59,0,119,0,1,47,0,48,34,27,106,0,167,0,0,0,167
09/27/2019,ABE,PA,AEA,EN,Combined TRACON& Tower with Radar,35,26,43,3,107,0,3,81,0,84,35,29,124,3,191,139,0,139,330
09/28/2019,ABE,PA,AEA,EN,Combined TRACON& Tower with Radar,31,32,51,0,114,0,0,17,0,17,31,32,68,0,131,96,0,96,227
09/29/2019,ABE,PA,AEA,EN,Combined TRACON& Tower with Radar,29,32,34,0,95,0,0,60,0,60,29,32,94,0,155,106,0,106,261
09/30/2019,ABE,PA,AEA,EN,Combined TRACON& Tower with Radar,35,32,44,0,111,0,2,15,0,17,35,34,59,0,128,100,0,100,228
10/01/2019,ABE,PA,AEA,EN,Combined TRACON& Tower with Radar,31,29,41,1,102,0,1,37,1,39,31,30,78,2,141,78,0,78,219
10/02/2019,ABE,PA,AEA,EN,Combined TRACON& Tower with Radar,39,28,45,4,116,0,0,44,0,44,39,28,89,4,160,102,0,102,262
10/03/2019,ABE,PA,AEA,EN,Combined TRACON& Tower with Radar,33,29,19,0,81,0,0,0,0,0,33,29,19,0,81,0,0,0,81
10/04/2019,ABE,PA,AEA,EN,Combined TRACON& Tower with Radar,38,28,25,0,91,0,0,27,0,27,38,28,52,0,118,40,0,40,158
10/05/2019,ABE,PA,AEA,EN,Combined TRACON& Tower with Radar,32,22,46,0,100,0,0,71,0,71,32,22,117,0,171,261,0,261,432
10/06/2019,ABE,PA,AEA,EN,Combined TRACON& Tower with Radar,30,31,49,0,110,0,1,5,0,6,30,32,54,0,116,76,0,76,192
10/07/2019,ABE,PA,AEA,EN,Combined TRACON& Tower with Radar,36,27,31,0,94,0,1,7,0,8,36,28,38,0,102,8,0,8,110
10/08/2019,ABE,PA,AEA,EN,Combined TRACON& Tower with Radar,37,20,31,7,95,0,0,62,0,62,37,20,93,7,157,156,26,182,339
10/09/2019,ABE,PA,AEA,EN,Combined TRACON& Tower with Radar,39,32,38,0,109,0,0,21,0,21,39,32,59,0,130,55,0,55,185
10/10/2019,ABE,PA,AEA,EN,Combined TRACON& Tower with Radar,36,29,44,4,113,0,1,69,0,70,36,30,113,4,183,162,0,162,345
10/11/2019,ABE,PA,AEA,EN,Combined TRACON& Tower with Radar,38,32,34,2,106,0,1,42,0,43,38,33,76,2,149,137,0,137,286
10/12/2019,ABE,PA,AEA,EN,Combined TRACON& Tower with Radar,32,24,31,0,87,0,1,84,1,86,32,25,115,1,173,334,0,334,507
10/13/2019,ABE,PA,AEA,EN,Combined TRACON& Tower with Radar,29,26,31,0,86,0,3,75,1,79,29,29,106,1,165,182,0,182,347
10/14/2019,ABE,PA,AEA,EN,Combined TRACON& Tower with Radar,37,27,33,2,99,0,1,46,2,49,37,28,79,4,148,92,0,92,240
10/15/2019,ABE,PA,AEA,EN,Combined TRACON& Tower with Radar,30,25,56,0,111,0,2,81,0,83,30,27,137,0,194,198,0,198,392
10/16/2019,ABE,PA,AEA,EN,Combined TRACON& Tower with Radar,35,23,44,0,102,0,2,1,0,3,35,25,45,0,105,0,0,0,105
10/17/2019,ABE,PA,AEA,EN,Combined TRACON& Tower with Radar,33,29,13,0,75,0,3,5,1,9,33,32,18,1,84,8,12,20,104
10/18/2019,ABE,PA,AEA,EN,Combined TRACON& Tower with Radar,36,25,36,0,97,0,0,43,0,43,36,25,79,0,140,80,0,80,220
10/19/2019,ABE,PA,AEA,EN,Combined TRACON& Tower with Radar,30,24,31,0,85,0,2,96,1,99,30,26,127,1,184,212,0,212,396
10/20/2019,ABE,PA,AEA,EN,Combined TRACON& Tower with Radar,28,32,28,0,88,0,2,12,2,16,28,34,40,2,104,10,0,10,114
10/21/2019,ABE,PA,AEA,EN,Combined TRACON& Tower with Radar,36,23,34,0,93,0,0,81,0,81,36,23,115,0,174,202,0,202,376
10/22/2019,ABE,PA,AEA,EN,Combined TRACON& Tower with Radar,34,34,38,0,106,0,0,0,0,0,34,34,38,0,106,0,0,0,106
10/23/2019,ABE,PA,AEA,EN,Combined TRACON& Tower with Radar,36,34,38,2,110,0,0,72,2,74,36,34,110,4,184,94,0,94,278
10/24/2019,ABE,PA,AEA,EN,Combined TRACON& Tower with Radar,34,28,49,0,111,0,3,93,2,98,34,31,142,2,209,226,0,226,435
10/25/2019,ABE,PA,AEA,EN,Combined TRACON& Tower with Radar,33,35,64,0,132,0,5,62,0,67,33,40,126,0,199,188,0,188,387
10/26/2019,ABE,PA,AEA,EN,Combined TRACON& Tower with Radar,32,37,57,1,127,0,1,59,2,62,32,38,116,3,189,256,0,256,445
10/27/2019,ABE,PA,AEA,EN,Combined TRACON& Tower with Radar,27,30,11,0,68,0,0,4,0,4,27,30,15,0,72,6,0,6,78
10/28/2019,ABE,PA,AEA,EN,Combined TRACON& Tower with Radar,36,23,47,0,106,0,1,70,0,71,36,24,117,0,177,147,0,147,324
10/29/2019,ABE,PA,AEA,EN,Combined TRACON& Tower with Radar,33,18,51,4,106,0,0,1,0,1,33,18,52,4,107,10,0,10,117
10/30/2019,ABE,PA,AEA,EN,Combined TRACON& Tower with Radar,36,22,26,0,84,0,0,0,0,0,36,22,26,0,84,0,0,0,84
10/31/2019,ABE,PA,AEA,EN,Combined TRACON& Tower with Radar,32,21,10,0,63,0,0,0,0,0,32,21,10,0,63,0,0,0,63
11/01/2019,ABE,PA,AEA,EN,Combined TRACON& Tower with Radar,37,28,31,0,96,0,3,21,0,24,37,31,52,0,120,44,0,44,164
11/02/2019,ABE,PA,AEA,EN,Combined TRACON& Tower with Radar,33,19,57,0,109,0,1,93,1,95,33,20,150,1,204,248,0,248,452
11/03/2019,ABE,PA,AEA,EN,Combined TRACON& Tower with Radar,30,31,42,0,103,0,1,51,0,52,30,32,93,0,155,130,0,130,285
11/04/2019,ABE,PA,AEA,EN,Combined TRACON& Tower with Radar,36,24,48,0,108,0,0,90,0,90,36,24,138,0,198,230,0,230,428
11/05/2019,ABE,PA,AEA,EN,Combined TRACON& Tower with Radar,32,20,48,0,100,0,3,66,0,69,32,23,114,0,169,50,0,50,219
11/06/2019,ABE,PA,AEA,EN,Combined TRACON& Tower with Radar,37,20,54,0,111,0,3,90,0,93,37,23,144,0,204,114,0,114,318
11/07/2019,ABE,PA,AEA,EN,Combined TRACON& Tower with Radar,35,26,29,0,90,0,0,21,0,21,35,26,50,0,111,24,0,24,135
11/08/2019,ABE,PA,AEA,EN,Combined TRACON& Tower with Radar,36,23,15,0,74,0,1,16,0,17,36,24,31,0,91,46,0,46,137
11/09/2019,ABE,PA,AEA,EN,Combined TRACON& Tower with Radar,31,17,28,0,76,0,1,72,0,73,31,18,100,0,149,116,0,116,265
11/10/2019,ABE,PA,AEA,EN,Combined TRACON& Tower with Radar,32,27,45,0,104,0,1,48,0,49,32,28,93,0,153,202,0,202,355
11/11/2019,ABE,PA,AEA,EN,Combined TRACON& Tower with Radar,34,22,47,0,103,0,0,70,1,71,34,22,117,1,174,120,0,120,294
11/12/2019,ABE,PA,AEA,EN,Combined TRACON& Tower with Radar,36,28,16,0,80,0,1,3,0,4,36,29,19,0,84,0,0,0,84
11/13/2019,ABE,PA,AEA,EN,Combined TRACON& Tower with Radar,40,21,56,1,118,0,1,68,2,71,40,22,124,3,189,122,0,122,311
11/14/2019,ABE,PA,AEA,EN,Combined TRACON& Tower with Radar,39,23,47,2,111,0,2,79,1,82,39,25,126,3,193,160,0,160,353
11/15/2019,ABE,PA,AEA,EN,Combined TRACON& Tower with Radar,34,24,37,2,97,0,2,77,1,80,34,26,114,3,177,166,0,166,343
11/16/2019,ABE,PA,AEA,EN,Combined TRACON& Tower with Radar,36,17,32,0,85,0,2,25,0,27,36,19,57,0,112,48,0,48,160
11/17/2019,ABE,PA,AEA,EN,Combined TRACON& Tower with Radar,36,25,22,0,83,0,1,21,0,22,36,26,43,0,105,86,0,86,191
11/18/2019,ABE,PA,AEA,EN,Combined TRACON& Tower with Radar,33,22,33,0,88,0,0,2,0,2,33,22,35,0,90,0,0,0,90
11/19/2019,ABE,PA,AEA,EN,Combined TRACON& Tower with Radar,34,21,34,0,89,0,0,32,0,32,34,21,66,0,121,90,0,90,211
11/20/2019,ABE,PA,AEA,EN,Combined TRACON& Tower with Radar,36,29,46,4,115,0,3,30,1,34,36,32,76,5,149,18,0,18,167
11/21/2019,ABE,PA,AEA,EN,Combined TRACON& Tower with Radar,36,26,50,1,113,0,0,80,3,83,36,26,130,4,196,90,0,90,286
11/22/2019,ABE,PA,AEA,EN,Combined TRACON& Tower with Radar,39,23,29,0,91,0,4,11,0,15,39,27,40,0,106,150,0,150,256
11/23/2019,ABE,PA,AEA,EN,Combined TRACON& Tower with Radar,39,20,26,0,85,0,3,67,0,70,39,23,93,0,155,79,0,79,234
11/24/2019,ABE,PA,AEA,EN,Combined TRACON& Tower with Radar,33,22,9,0,64,0,1,3,0,4,33,23,12,0,68,0,0,0,68
11/25/2019,ABE,PA,AEA,EN,Combined TRACON& Tower with Radar,33,27,48,10,118,0,1,88,1,90,33,28,136,11,208,118,22,140,348
11/26/2019,ABE,PA,AEA,EN,Combined TRACON& Tower with Radar,40,21,83,0,144,0,1,83,0,84,40,22,166,0,228,172,0,172,400
11/27/2019,ABE,PA,AEA,EN,Combined TRACON& Tower with Radar,43,25,17,0,85,0,2,25,1,28,43,27,42,1,113,80,0,80,193
11/28/2019,ABE,PA,AEA,EN,Combined TRACON& Tower with Radar,22,14,7,0,43,0,0,2,0,2,22,14,9,0,45,0,0,0,45
11/29/2019,ABE,PA,AEA,EN,Combined TRACON& Tower with Radar,22,14,29,0,65,0,0,54,0,54,22,14,83,0,119,167,0,167,286
11/30/2019,ABE,PA,AEA,EN,Combined TRACON& Tower with Radar,45,26,41,0,112,0,0,63,0,63,45,26,104,0,175,99,0,99,274
12/01/2019,ABE,PA,AEA,EN,Combined TRACON& Tower with Radar,35,24,18,0,77,0,0,2,0,2,35,24,20,0,79,0,0,0,79
12/02/2019,ABE,PA,AEA,EN,Combined TRACON& Tower with Radar,42,22,14,0,78,0,1,0,0,1,42,23,14,0,79,0,0,0,79
12/03/2019,ABE,PA,AEA,EN,Combined TRACON& Tower with Radar,40,24,32,1,97,0,3,24,1,28,40,27,56,2,125,25,0,25,150
12/04/2019,ABE,PA,AEA,EN,Combined TRACON& Tower with Radar,39,16,26,0,81,0,0,4,0,4,39,16,30,0,85,32,0,32,117
12/05/2019,ABE,PA,AEA,EN,Combined TRACON& Tower with Radar,43,22,34,0,99,0,3,30,0,33,43,25,64,0,132,66,0,66,198
12/06/2019,ABE,PA,AEA,EN,Combined TRACON& Tower with Radar,36,23,27,0,86,0,5,59,0,64,36,28,86,0,150,238,0,238,388
12/07/2019,ABE,PA,AEA,EN,Combined TRACON& Tower with Radar,31,14,42,0,87,0,2,88,0,90,31,16,130,0,177,251,0,251,428
12/08/2019,ABE,PA,AEA,EN,Combined TRACON& Tower with Radar,32,20,72,0,124,0,2,73,0,75,32,22,145,0,199,255,0,255,454
12/09/2019,ABE,PA,AEA,EN,Combined TRACON& Tower with Radar,36,22,35,0,93,0,0,1,0,1,36,22,36,0,94,0,0,0,94
12/10/2019,ABE,PA,AEA,EN,Combined TRACON& Tower with Radar,38,18,22,0,78,0,0,1,0,1,38,18,23,0,79,0,0,0,79
12/11/2019,ABE,PA,AEA,EN,Combined TRACON& Tower with Radar,38,22,24,1,85,0,3,33,3,39,38,25,57,4,124,33,0,33,157
12/12/2019,ABE,PA,AEA,EN,Combined TRACON& Tower with Radar,42,20,29,0,91,0,1,59,0,60,42,21,88,0,151,286,0,286,437
12/13/2019,ABE,PA,AEA,EN,Combined TRACON& Tower with Radar,39,19,23,0,81,0,0,4,0,4,39,19,27,0,85,22,0,22,107
12/14/2019,ABE,PA,AEA,EN,Combined TRACON& Tower with Radar,37,22,25,0,84,0,0,0,0,0,37,22,25,0,84,10,0,10,94
12/15/2019,ABE,PA,AEA,EN,Combined TRACON& Tower with Radar,32,18,21,0,71,0,1,21,0,22,32,19,42,0,93,70,0,70,163
12/16/2019,ABE,PA,AEA,EN,Combined TRACON& Tower with Radar,35,23,24,0,82,0,0,3,0,3,35,23,27,0,85,54,0,54,139
12/17/2019,ABE,PA,AEA,EN,Combined TRACON& Tower with Radar,37,14,10,0,61,0,0,0,0,0,37,14,10,0,61,0,0,0,61
12/18/2019,ABE,PA,AEA,EN,Combined TRACON& Tower with Radar,41,20,37,0,98,0,0,16,0,16,41,20,53,0,114,16,0,16,130
12/19/2019,ABE,PA,AEA,EN,Combined TRACON& Tower with Radar,47,25,28,0,100,0,0,69,1,70,47,25,97,1,170,56,0,56,226
12/20/2019,ABE,PA,AEA,EN,Combined TRACON& Tower with Radar,40,13,40,0,93,0,0,65,0,65,40,13,105,0,158,196,0,196,354
12/21/2019,ABE,PA,AEA,EN,Combined TRACON& Tower with Radar,39,13,59,0,111,0,2,73,0,75,39,15,132,0,186,174,0,174,360
12/22/2019,ABE,PA,AEA,EN,Combined TRACON& Tower with Radar,33,14,17,0,64,0,3,62,0,65,33,17,79,0,129,186,4,190,319
12/23/2019,ABE,PA,AEA,EN,Combined TRACON& Tower with Radar,37,15,50,0,102,0,0,75,0,75,37,15,125,0,177,224,0,224,401
12/24/2019,ABE,PA,AEA,EN,Combined TRACON& Tower with Radar,34,14,26,0,74,0,3,40,0,43,34,17,66,0,117,39,0,39,156
12/25/2019,ABE,PA,AEA,EN,Combined TRACON& Tower with Radar,16,9,6,0,31,0,2,15,0,17,16,11,21,0,48,24,0,24,72
12/26/2019,ABE,PA,AEA,EN,Combined TRACON& Tower with Radar,27,24,44,0,95,0,2,58,0,60,27,26,102,0,155,123,0,123,278
12/27/2019,ABE,PA,AEA,EN,Combined TRACON& Tower with Radar,37,18,46,0,101,0,2,6,0,8,37,20,52,0,109,34,0,34,143
12/28/2019,ABE,PA,AEA,EN,Combined TRACON& Tower with Radar,39,13,40,0,92,0,1,83,0,84,39,14,123,0,176,83,0,83,259
12/29/2019,ABE,PA,AEA,EN,Combined TRACON& Tower with Radar,35,14,7,0,56,0,0,8,0,8,35,14,15,0,64,57,0,57,121
12/30/2019,ABE,PA,AEA,EN,Combined TRACON& Tower with Radar,36,14,4,0,54,0,0,0,0,0,36,14,4,0,54,6,0,6,60
12/31/2019,ABE,PA,AEA,EN,Combined TRACON& Tower with Radar,35,17,9,4,65,0,2,9,0,11,35,19,18,4,76,17,0,17,93
01/02/2020,ABE,PA,AEA,EN,Combined TRACON& Tower with Radar,30,17,42,0,89,0,2,81,0,83,30,19,123,0,172,177,0,177,349
01/03/2020,ABE,PA,AEA,EN,Combined TRACON& Tower with Radar,40,16,24,0,80,0,0,0,0,0,40,16,24,0,80,0,0,0,80
01/04/2020,ABE,PA,AEA,EN,Combined TRACON& Tower with Radar,35,15,17,0,67,0,0,3,0,3,35,15,20,0,70,0,0,0,70
01/05/2020,ABE,PA,AEA,EN,Combined TRACON& Tower with Radar,34,19,24,0,77,0,2,13,2,17,34,21,37,2,94,40,0,40,134
01/06/2020,ABE,PA,AEA,EN,Combined TRACON& Tower with Radar,39,17,32,0,88,0,1,57,0,58,39,18,89,0,146,110,0,110,256
01/07/2020,ABE,PA,AEA,EN,Combined TRACON& Tower with Radar,34,18,33,0,85,0,0,36,0,36,34,18,69,0,121,130,0,130,251
01/08/2020,ABE,PA,AEA,EN,Combined TRACON& Tower with Radar,34,24,18,0,76,0,5,4,0,9,34,29,22,0,85,24,0,24,109
01/09/2020,ABE,PA,AEA,EN,Combined TRACON& Tower with Radar,38,23,41,2,104,0,3,41,0,44,38,26,82,2,148,58,0,58,206
01/10/2020,ABE,PA,AEA,EN,Combined TRACON& Tower with Radar,34,22,21,0,77,0,2,16,0,18,34,24,37,0,95,25,0,25,120
01/11/2020,ABE,PA,AEA,EN,Combined TRACON& Tower with Radar,37,14,15,0,66,0,0,12,0,12,37,14,27,0,78,14,0,14,92
01/12/2020,ABE,PA,AEA,EN,Combined TRACON& Tower with Radar,32,18,13,0,63,0,3,19,0,22,32,21,32,0,85,24,0,24,109
01/13/2020,ABE,PA,AEA,EN,Combined TRACON& Tower with Radar,37,22,38,2,99,0,1,14,1,16,37,23,52,3,115,107,4,111,226
01/14/2020,ABE,PA,AEA,EN,Combined TRACON& Tower with Radar,32,19,17,11,79,0,0,2,0,2,32,19,19,11,81,0,0,0,81
01/15/2020,ABE,PA,AEA,EN,Combined TRACON& Tower with Radar,34,20,37,0,91,0,3,88,0,91,34,23,125,0,182,168,0,168,350
01/16/2020,ABE,PA,AEA,EN,Combined TRACON& Tower with Radar,37,20,18,2,77,0,2,6,0,8,37,22,24,2,85,76,0,76,161
01/17/2020,ABE,PA,AEA,EN,Combined TRACON& Tower with Radar,34,19,25,0,78,0,1,39,0,40,34,20,64,0,118,114,0,114,232
01/18/2020,ABE,PA,AEA,EN,Combined TRACON& Tower with Radar,29,16,10,0,55,0,0,3,0,3,29,16,13,0,58,10,0,10,68
01/19/2020,ABE,PA,AEA,EN,Combined TRACON& Tower with Radar,29,15,5,0,49,0,0,8,0,8,29,15,13,0,57,0,0,0,57
01/20/2020,ABE,PA,AEA,EN,Combined TRACON& Tower with Radar,36,16,26,0,78,0,1,49,0,50,36,17,75,0,128,42,0,42,170
01/21/2020,ABE,PA,AEA,EN,Combined TRACON& Tower with Radar,32,18,45,1,96,0,0,71,3,74,32,18,116,4,170,126,0,126,296
01/22/2020,ABE,PA,AEA,EN,Combined TRACON& Tower with Radar,33,22,51,5,111,0,1,89,1,91,33,23,140,6,202,234,6,240,442
01/23/2020,ABE,PA,AEA,EN,Combined TRACON& Tower with Radar,37,21,26,4,88,0,1,60,0,61,37,22,86,4,149,130,0,130,279
01/24/2020,ABE,PA,AEA,EN,Combined TRACON& Tower with Radar,36,24,34,0,94,0,1,63,0,64,36,25,97,0,158,138,0,138,296
01/25/2020,ABE,PA,AEA,EN,Combined TRACON& Tower with Radar,36,20,9,0,65,0,0,0,1,1,36,20,9,1,66,0,0,0,66
01/26/2020,ABE,PA,AEA,EN,Combined TRACON& Tower with Radar,34,26,46,0,106,0,1,93,0,94,34,27,139,0,200,288,0,288,488
01/27/2020,ABE,PA,AEA,EN,Combined TRACON& Tower with Radar,35,19,29,10,93,0,1,27,0,28,35,20,56,10,121,110,10,120,241
01/28/2020,ABE,PA,AEA,EN,Combined TRACON& Tower with Radar,33,19,46,1,99,0,0,52,1,53,33,19,98,2,152,46,0,46,198
01/29/2020,ABE,PA,AEA,EN,Combined TRACON& Tower with Radar,34,17,45,0,96,0,2,67,0,69,34,19,112,0,165,146,0,146,311
01/30/2020,ABE,PA,AEA,EN,Combined TRACON& Tower with Radar,40,18,47,8,113,0,1,61,1,63,40,19,108,9,176,200,10,210,386
01/31/2020,ABE,PA,AEA,EN,Combined TRACON& Tower with Radar,36,22,45,0,103,0,0,40,0,40,36,22,85,0,143,186,0,186,329
02/01/2020,ABE,PA,AEA,EN,Combined TRACON& Tower with Radar,36,18,16,0,70,0,0,0,0,0,36,18,16,0,70,0,0,0,70
02/02/2020,ABE,PA,AEA,EN,Combined TRACON& Tower with Radar,30,15,15,0,60,0,0,21,0,21,30,15,36,0,81,37,0,37,118
02/03/2020,ABE,PA,AEA,EN,Combined TRACON& Tower with Radar,36,19,43,0,98,0,2,78,0,80,36,21,121,0,178,78,0,78,256
02/04/2020,ABE,PA,AEA,EN,Combined TRACON& Tower with Radar,32,23,47,2,104,0,0,25,0,25,32,23,72,2,129,48,0,48,177
02/05/2020,ABE,PA,AEA,EN,Combined TRACON& Tower with Radar,34,20,38,2,94,0,0,42,0,42,34,20,80,2,136,80,0,80,216
02/06/2020,ABE,PA,AEA,EN,Combined TRACON& Tower with Radar,36,22,25,0,83,0,0,0,0,0,36,22,25,0,83,0,0,0,83
02/07/2020,ABE,PA,AEA,EN,Combined TRACON& Tower with Radar,36,21,16,0,73,0,0,0,0,0,36,21,16,0,73,0,0,0,73
02/08/2020,ABE,PA,AEA,EN,Combined TRACON& Tower with Radar,36,14,14,0,64,0,3,48,1,52,36,17,62,1,116,114,0,114,230
02/09/2020,ABE,PA,AEA,EN,Combined TRACON& Tower with Radar,31,18,40,0,89,0,0,81,0,81,31,18,121,0,170,250,0,250,420
02/10/2020,ABE,PA,AEA,EN,Combined TRACON& Tower with Radar,33,21,23,0,77,0,0,1,0,1,33,21,24,0,78,0,0,0,78
02/11/2020,ABE,PA,AEA,EN,Combined TRACON& Tower with Radar,35,21,11,2,69,0,1,3,1,5,35,22,14,3,74,0,0,0,74
02/12/2020,ABE,PA,AEA,EN,Combined TRACON& Tower with Radar,41,23,47,5,116,0,5,80,0,85,41,28,127,5,201,175,34,209,410
02/13/2020,ABE,PA,AEA,EN,Combined TRACON& Tower with Radar,41,20,21,0,82,0,0,0,0,0,41,20,21,0,82,145,0,145,227
02/14/2020,ABE,PA,AEA,EN,Combined TRACON& Tower with Radar,44,23,32,0,99,0,1,40,0,41,44,24,72,0,140,116,0,116,256
02/15/2020,ABE,PA,AEA,EN,Combined TRACON& Tower with Radar,39,18,34,1,92,0,0,74,0,74,39,18,108,1,166,56,0,56,222
02/16/2020,ABE,PA,AEA,EN,Combined TRACON& Tower with Radar,32,19,38,0,89,0,2,75,0,77,32,21,113,0,166,174,0,174,340
02/17/2020,ABE,PA,AEA,EN,Combined TRACON& Tower with Radar,43,15,64,1,123,0,4,91,0,95,43,19,155,1,218,132,0,132,350
02/18/2020,ABE,PA,AEA,EN,Combined TRACON& Tower with Radar,34,23,27,0,84,0,1,8,1,10,34,24,35,1,94,26,0,26,120
02/19/2020,ABE,PA,AEA,EN,Combined TRACON& Tower with Radar,40,23,24,0,87,0,6,41,1,48,40,29,65,1,135,50,0,50,185
02/20/2020,ABE,PA,AEA,EN,Combined TRACON& Tower with Radar,40,24,31,3,98,0,2,73,3,78,40,26,104,6,176,128,14,142,318
02/21/2020,ABE,PA,AEA,EN,Combined TRACON& Tower with Radar,47,28,46,0,121,0,1,98,0,99,47,29,144,0,220,128,24,152,372
02/22/2020,ABE,PA,AEA,EN,Combined TRACON& Tower with Radar,36,14,35,2,87,0,2,54,0,56,36,16,89,2,143,97,0,97,240
02/23/2020,ABE,PA,AEA,EN,Combined TRACON& Tower with Radar,35,27,46,0,108,0,0,113,0,113,35,27,159,0,221,0,0,0,221
02/24/2020,ABE,PA,AEA,EN,Combined TRACON& Tower with Radar,41,19,51,0,111,0,4,99,0,103,41,23,150,0,214,174,0,174,388
02/25/2020,ABE,PA,AEA,EN,Combined TRACON& Tower with Radar,35,20,34,0,89,0,0,2,0,2,35,20,36,0,91,28,0,28,119
02/26/2020,ABE,PA,AEA,EN,Combined TRACON& Tower with Radar,42,23,23,0,88,0,0,0,0,0,42,23,23,0,88,0,0,0,88
02/27/2020,ABE,PA,AEA,EN,Combined TRACON& Tower with Radar,43,24,7,0,74,0,1,2,0,3,43,25,9,0,77,0,0,0,77
02/28/2020,ABE,PA,AEA,EN,Combined TRACON& Tower with Radar,43,21,22,0,86,0,0,15,0,15,43,21,37,0,101,15,0,15,116
02/29/2020,ABE,PA,AEA,EN,Combined TRACON& Tower with Radar,39,30,26,0,95,0,0,26,0,26,39,30,52,0,121,76,0,76,197
03/01/2020,ABE,PA,AEA,EN,Combined TRACON& Tower with Radar,34,25,58,0,117,0,4,104,2,110,34,29,162,2,227,0,0,0,227
03/02/2020,ABE,PA,AEA,EN,Combined TRACON& Tower with Radar,42,18,41,0,101,0,0,73,0,73,42,18,114,0,174,134,0,134,308
03/03/2020,ABE,PA,AEA,EN,Combined TRACON& Tower with Radar,34,18,27,2,81,0,0,6,0,6,34,18,33,2,87,6,0,6,93
03/04/2020,ABE,PA,AEA,EN,Combined TRACON& Tower with Radar,42,22,28,0,92,0,1,33,0,34,42,23,61,0,126,0,0,0,126
03/05/2020,ABE,PA,AEA,EN,Combined TRACON& Tower with Radar,40,22,44,2,108,0,2,72,0,74,40,24,116,2,182,132,2,134,316
03/06/2020,ABE,PA,AEA,EN,Combined TRACON& Tower with Radar,43,19,23,0,85,0,0,8,0,8,43,19,31,0,93,24,0,24,117
03/07/2020,ABE,PA,AEA,EN,Combined TRACON& Tower with Radar,37,23,15,0,75,0,1,22,1,24,37,24,37,1,99,12,0,12,111
03/08/2020,ABE,PA,AEA,EN,Combined TRACON& Tower with Radar,34,18,56,0,108,0,1,86,0,87,34,19,142,0,195,254,0,254,449
03/09/2020,ABE,PA,AEA,EN,Combined TRACON& Tower with Radar,42,26,46,0,114,0,2,87,0,89,42,28,133,0,203,156,0,156,359
03/10/2020,ABE,PA,AEA,EN,Combined TRACON& Tower with Radar,38,17,34,6,95,2,2,33,0,37,40,19,67,6,132,125,18,143,275
03/11/2020,ABE,PA,AEA,EN,Combined TRACON& Tower with Radar,40,22,41,0,103,0,1,55,0,56,40,23,96,0,159,130,18,148,307
03/12/2020,ABE,PA,AEA,EN,Combined TRACON& Tower with Radar,39,17,55,2,113,0,0,40,0,40,39,17,95,2,153,70,2,72,225
03/13/2020,ABE,PA,AEA,EN,Combined TRACON& Tower with Radar,41,23,14,0,78,0,4,8,0,12,41,27,22,0,90,20,0,20,110
03/14/2020,ABE,PA,AEA,EN,Combined TRACON& Tower with Radar,35,17,43,0,95,0,5,63,0,68,35,22,106,0,163,108,0,108,271
03/15/2020,ABE,PA,AEA,EN,Combined TRACON& Tower with Radar,32,22,38,0,92,0,0,80,0,80,32,22,118,0,172,80,0,80,252
03/16/2020,ABE,PA,AEA,EN,Combined TRACON& Tower with Radar,39,16,30,1,86,0,3,71,0,74,39,19,101,1,160,118,0,118,278
03/17/2020,ABE,PA,AEA,EN,Combined TRACON& Tower with Radar,33,18,2,2,55,0,0,8,0,8,33,18,10,2,63,20,0,20,83
03/18/2020,ABE,PA,AEA,EN,Combined TRACON& Tower with Radar,35,17,39,0,91,0,3,67,0,70,35,20,106,0,161,90,0,90,251
03/19/2020,ABE,PA,AEA,EN,Combined TRACON& Tower with Radar,33,12,28,0,73,0,0,0,0,0,33,12,28,0,73,0,0,0,73
03/20/2020,ABE,PA,AEA,EN,Combined TRACON& Tower with Radar,26,15,14,0,55,0,1,4,0,5,26,16,18,0,60,0,0,0,60
03/21/2020,ABE,PA,AEA,EN,Combined TRACON& Tower with Radar,29,16,20,0,65,0,0,35,0,35,29,16,55,0,100,10,0,10,110
03/22/2020,ABE,PA,AEA,EN,Combined TRACON& Tower with Radar,27,11,21,0,59,0,0,21,0,21,27,11,42,0,80,34,0,34,114
03/23/2020,ABE,PA,AEA,EN,Combined TRACON& Tower with Radar,30,20,9,0,59,0,0,0,0,0,30,20,9,0,59,0,0,0,59
03/24/2020,ABE,PA,AEA,EN,Combined TRACON& Tower with Radar,21,11,19,0,51,0,1,12,0,13,21,12,31,0,64,20,0,20,84
03/25/2020,ABE,PA,AEA,EN,Combined TRACON& Tower with Radar,20,9,21,0,50,0,0,1,0,1,20,9,22,0,51,0,0,0,51
03/26/2020,ABE,PA,AEA,EN,Combined TRACON& Tower with Radar,20,13,29,0,62,0,1,20,0,21,20,14,49,0,83,0,0,0,83
03/27/2020,ABE,PA,AEA,EN,Combined TRACON& Tower with Radar,25,12,12,0,49,0,2,11,0,13,25,14,23,0,62,0,0,0,62
03/28/2020,ABE,PA,AEA,EN,Combined TRACON& Tower with Radar,20,11,10,0,41,0,0,0,0,0,20,11,10,0,41,0,0,0,41
03/29/2020,ABE,PA,AEA,EN,Combined TRACON& Tower with Radar,17,21,1,2,41,0,0,0,0,0,17,21,1,2,41,0,0,0,41
03/30/2020,ABE,PA,AEA,EN,Combined TRACON& Tower with Radar,17,13,15,0,45,0,0,1,0,1,17,13,16,0,46,0,0,0,46
03/31/2020,ABE,PA,AEA,EN,Combined TRACON& Tower with Radar,20,16,6,0,42,0,0,0,0,0,20,16,6,0,42,0,0,0,42
04/01/2020,ABE,PA,AEA,EN,Combined TRACON& Tower with Radar,17,11,9,0,37,0,0,11,0,11,17,11,20,0,48,16,0,16,64
04/02/2020,ABE,PA,AEA,EN,Combined TRACON& Tower with Radar,16,10,4,0,30,0,0,7,0,7,16,10,11,0,37,0,0,0,37
04/03/2020,ABE,PA,AEA,EN,Combined TRACON& Tower with Radar,20,15,3,0,38,0,0,3,0,3,20,15,6,0,41,0,0,0,41
04/04/2020,ABE,PA,AEA,EN,Combined TRACON& Tower with Radar,16,12,38,0,66,0,0,11,0,11,16,12,49,0,77,0,0,0,77
04/05/2020,ABE,PA,AEA,EN,Combined TRACON& Tower with Radar,10,11,30,0,51,0,0,44,0,44,10,11,74,0,95,53,0,53,148
04/06/2020,ABE,PA,AEA,EN,Combined TRACON& Tower with Radar,12,9,14,2,37,0,0,30,0,30,12,9,44,2,67,54,0,54,121
04/07/2020,ABE,PA,AEA,EN,Combined TRACON& Tower with Radar,14,12,17,1,44,0,0,25,1,26,14,12,42,2,70,46,0,46,116
04/08/2020,ABE,PA,AEA,EN,Combined TRACON& Tower with Radar,14,9,4,0,27,0,0,11,1,12,14,9,15,1,39,88,0,88,127
04/09/2020,ABE,PA,AEA,EN,Combined TRACON& Tower with Radar,17,9,4,0,30,0,1,2,0,3,17,10,6,0,33,20,0,20,53
04/10/2020,ABE,PA,AEA,EN,Combined TRACON& Tower with Radar,21,12,6,0,39,0,2,2,0,4,21,14,8,0,43,0,0,0,43
04/11/2020,ABE,PA,AEA,EN,Combined TRACON& Tower with Radar,15,6,16,0,37,0,0,26,0,26,15,6,42,0,63,78,0,78,141
04/12/2020,ABE,PA,AEA,EN,Combined TRACON& Tower with Radar,14,4,21,0,39,0,3,33,0,36,14,7,54,0,75,50,0,50,125
04/13/2020,ABE,PA,AEA,EN,Combined TRACON& Tower with Radar,16,7,4,0,27,0,0,0,0,0,16,7,4,0,27,0,0,0,27
04/14/2020,ABE,PA,AEA,EN,Combined TRACON& Tower with Radar,20,12,20,2,54,0,0,27,0,27,20,12,47,2,81,44,2,46,127
04/15/2020,ABE,PA,AEA,EN,Combined TRACON& Tower with Radar,17,10,20,0,47,0,0,23,0,23,17,10,43,0,70,50,0,50,120
04/16/2020,ABE,PA,AEA,EN,Combined TRACON& Tower with Radar,21,9,7,0,37,0,0,15,0,15,21,9,22,0,52,84,0,84,136
04/17/2020,ABE,PA,AEA,EN,Combined TRACON& Tower with Radar,16,10,13,0,39,0,0,21,0,21,16,10,34,0,60,28,0,28,88
04/18/2020,ABE,PA,AEA,EN,Combined TRACON& Tower with Radar,13,7,2,0,22,0,2,4,0,6,13,9,6,0,28,4,0,4,32
04/19/2020,ABE,PA,AEA,EN,Combined TRACON& Tower with Radar,13,7,19,0,39,0,0,43,0,43,13,7,62,0,82,52,0,52,134
04/20/2020,ABE,PA,AEA,EN,Combined TRACON& Tower with Radar,15,7,15,0,37,0,0,28,0,28,15,7,43,0,65,26,0,26,91
04/21/2020,ABE,PA,AEA,EN,Combined TRACON& Tower with Radar,20,9,6,0,35,0,0,2,0,2,20,9,8,0,37,24,0,24,61
04/22/2020,ABE,PA,AEA,EN,Combined TRACON& Tower with Radar,20,10,9,0,39,0,0,16,0,16,20,10,25,0,55,6,0,6,61
04/23/2020,ABE,PA,AEA,EN,Combined TRACON& Tower with Radar,23,11,18,0,52,0,3,25,0,28,23,14,43,0,80,26,0,26,106
04/24/2020,ABE,PA,AEA,EN,Combined TRACON& Tower with Radar,18,16,8,0,42,0,0,2,0,2,18,16,10,0,44,0,0,0,44
04/25/2020,ABE,PA,AEA,EN,Combined TRACON& Tower with Radar,14,10,45,0,69,0,0,29,0,29,14,10,74,0,98,34,0,34,132
04/26/2020,ABE,PA,AEA,EN,Combined TRACON& Tower with Radar,15,6,14,0,35,0,0,0,0,0,15,6,14,0,35,16,2,18,53
04/27/2020,ABE,PA,AEA,EN,Combined TRACON& Tower with Radar,17,8,3,2,30,0,0,3,0,3,17,8,6,2,33,26,0,26,59
04/28/2020,ABE,PA,AEA,EN,Combined TRACON& Tower with Radar,19,13,38,0,70,0,1,62,0,63,19,14,100,0,133,32,0,32,165
04/29/2020,ABE,PA,AEA,EN,Combined TRACON& Tower with Radar,21,12,7,4,44,0,0,3,0,3,21,12,10,4,47,4,4,8,55
04/30/2020,ABE,PA,AEA,EN,Combined TRACON& Tower with Radar,24,17,12,0,53,0,0,0,0,0,24,17,12,0,53,0,0,0,53
05/01/2020,ABE,PA,AEA,EN,Combined TRACON& Tower with Radar,16,10,25,0,51,0,0,4,0,4,16,10,29,0,55,0,0,0,55
05/02/2020,ABE,PA,AEA,EN,Combined TRACON& Tower with Radar,17,7,25,0,49,0,4,50,0,54,17,11,75,0,103,169,0,169,272
05/03/2020,ABE,PA,AEA,EN,Combined TRACON& Tower with Radar,17,6,22,0,45,0,0,47,0,47,17,6,69,0,92,112,0,112,204
05/04/2020,ABE,PA,AEA,EN,Combined TRACON& Tower with Radar,16,8,12,0,36,0,1,14,0,15,16,9,26,0,51,0,0,0,51
05/05/2020,ABE,PA,AEA,EN,Combined TRACON& Tower with Radar,20,3,17,3,43,0,1,38,3,42,20,4,55,6,85,34,0,34,119
05/06/2020,ABE,PA,AEA,EN,Combined TRACON& Tower with Radar,18,5,5,0,28,0,1,0,0,1,18,6,5,0,29,28,0,28,57
05/07/2020,ABE,PA,AEA,EN,Combined TRACON& Tower with Radar,21,9,13,0,43,0,5,20,0,25,21,14,33,0,68,12,0,12,80
05/08/2020,ABE,PA,AEA,EN,Combined TRACON& Tower with Radar,18,9,13,0,40,0,0,8,0,8,18,9,21,0,48,22,0,22,70
05/09/2020,ABE,PA,AEA,EN,Combined TRACON& Tower with Radar,16,5,3,0,24,0,0,1,2,3,16,5,4,2,27,10,0,10,37
05/10/2020,ABE,PA,AEA,EN,Combined TRACON& Tower with Radar,14,5,12,0,31,0,1,27,1,29,14,6,39,1,60,34,0,34,94
05/11/2020,ABE,PA,AEA,EN,Combined TRACON& Tower with Radar,19,6,10,8,43,0,0,9,0,9,19,6,19,8,52,16,22,38,90
05/12/2020,ABE,PA,AEA,EN,Combined TRACON& Tower with Radar,19,6,16,0,41,0,2,23,3,28,19,8,39,3,69,4,0,4,73
05/13/2020,ABE,PA,AEA,EN,Combined TRACON& Tower with Radar,19,7,37,2,65,0,0,50,0,50,19,7,87,2,115,95,0,95,210
05/14/2020,ABE,PA,AEA,EN,Combined TRACON& Tower with Radar,25,11,3,4,43,0,0,19,3,22,25,11,22,7,65,0,0,0,65
05/15/2020,ABE,PA,AEA,EN,Combined TRACON& Tower with Radar,22,13,22,0,57,0,1,25,0,26,22,14,47,0,83,12,0,12,95
05/16/2020,ABE,PA,AEA,EN,Combined TRACON& Tower with Radar,16,2,30,6,54,0,1,61,3,65,16,3,91,9,119,72,18,90,209
05/17/2020,ABE,PA,AEA,EN,Combined TRACON& Tower with Radar,18,3,19,0,40,0,0,25,0,25,18,3,44,0,65,66,0,66,131
05/18/2020,ABE,PA,AEA,EN,Combined TRACON& Tower with Radar,19,11,23,0,53,0,0,15,0,15,19,11,38,0,68,32,0,32,100
05/19/2020,ABE,PA,AEA,EN,Combined TRACON& Tower with Radar,17,6,9,2,34,0,4,10,0,14,17,10,19,2,48,56,0,56,104
05/20/2020,ABE,PA,AEA,EN,Combined TRACON& Tower with Radar,17,9,24,6,56,0,2,29,5,36,17,11,53,11,92,128,24,152,244
05/21/2020,ABE,PA,AEA,EN,Combined TRACON& Tower with Radar,23,14,58,0,95,0,1,71,0,72,23,15,129,0,167,280,0,280,447
05/22/2020,ABE,PA,AEA,EN,Combined TRACON& Tower with Radar,24,9,36,0,69,0,0,7,1,8,24,9,43,1,77,56,0,56,133
05/23/2020,ABE,PA,AEA,EN,Combined TRACON& Tower with Radar,16,3,19,0,38,0,2,2,0,4,16,5,21,0,42,0,0,0,42
05/24/2020,ABE,PA,AEA,EN,Combined TRACON& Tower with Radar,18,6,25,0,49,0,1,42,0,43,18,7,67,0,92,36,0,36,128
05/25/2020,ABE,PA,AEA,EN,Combined TRACON& Tower with Radar,21,11,39,0,71,0,3,20,1,24,21,14,59,1,95,16,0,16,111
05/26/2020,ABE,PA,AEA,EN,Combined TRACON& Tower with Radar,15,5,56,0,76,0,1,70,0,71,15,6,126,0,147,122,0,122,269
05/27/2020,ABE,PA,AEA,EN,Combined TRACON& Tower with Radar,17,11,36,0,64,0,1,37,0,38,17,12,73,0,102,83,0,83,185
05/28/2020,ABE,PA,AEA,EN,Combined TRACON& Tower with Radar,21,9,40,0,70,0,0,1,0,1,21,9,41,0,71,20,0,20,91
05/29/2020,ABE,PA,AEA,EN,Combined TRACON& Tower with Radar,20,12,17,0,49,0,1,6,0,7,20,13,23,0,56,46,0,46,102
05/30/2020,ABE,PA,AEA,EN,Combined TRACON& Tower with Radar,20,4,41,1,66,0,0,51,0,51,20,4,92,1,117,121,0,121,238
05/31/2020,ABE,PA,AEA,EN,Combined TRACON& Tower with Radar,14,6,28,0,48,0,4,37,0,41,14,10,65,0,89,46,0,46,135
06/01/2020,ABE,PA,AEA,EN,Combined TRACON& Tower with Radar,19,4,19,0,42,0,6,32,0,38,19,10,51,0,80,78,0,78,158
06/02/2020,ABE,PA,AEA,EN,Combined TRACON& Tower with Radar,15,8,36,10,69,0,0,49,0,49,15,8,85,10,118,154,26,180,298
06/03/2020,ABE,PA,AEA,EN,Combined TRACON& Tower with Radar,18,15,20,0,53,0,3,12,0,15,18,18,32,0,68,26,0,26,94
06/04/2020,ABE,PA,AEA,EN,Combined TRACON& Tower with Radar,21,9,52,0,82,0,0,80,0,80,21,9,132,0,162,239,0,239,401
06/05/2020,ABE,PA,AEA,EN,Combined TRACON& Tower with Radar,24,6,22,0,52,0,0,11,0,11,24,6,33,0,63,92,0,92,155
06/06/2020,ABE,PA,AEA,EN,Combined TRACON& Tower with Radar,17,7,67,0,91,0,0,34,0,34,17,7,101,0,125,58,0,58,183
06/07/2020,ABE,PA,AEA,EN,Combined TRACON& Tower with Radar,19,12,36,0,67,0,2,50,0,52,19,14,86,0,119,60,0,60,179
06/08/2020,ABE,PA,AEA,EN,Combined TRACON& Tower with Radar,23,7,52,0,82,0,1,95,0,96,23,8,147,0,178,180,0,180,358
06/09/2020,ABE,PA,AEA,EN,Combined TRACON& Tower with Radar,16,10,45,3,74,0,1,76,1,78,16,11,121,4,152,140,14,154,306
06/10/2020,ABE,PA,AEA,EN,Combined TRACON& Tower with Radar,18,11,35,8,72,0,2,46,1,49,18,13,81,9,121,104,0,104,225
06/11/2020,ABE,PA,AEA,EN,Combined TRACON& Tower with Radar,24,14,49,0,87,0,0,28,0,28,24,14,77,0,115,44,0,44,159
06/12/2020,ABE,PA,AEA,EN,Combined TRACON& Tower with Radar,23,14,37,0,74,0,0,74,0,74,23,14,111,0,148,0,0,0,148
06/13/2020,ABE,PA,AEA,EN,Combined TRACON& Tower with Radar,17,10,23,0,50,0,1,53,0,54,17,11,76,0,104,0,0,0,104
06/14/2020,ABE,PA,AEA,EN,Combined TRACON& Tower with Radar,18,8,20,0,46,0,0,35,0,35,18,8,55,0,81,0,0,0,81
06/15/2020,ABE,PA,AEA,EN,Combined TRACON& Tower with Radar,22,11,28,0,61,0,1,50,0,51,22,12,78,0,112,0,0,0,112
06/16/2020,ABE,PA,AEA,EN,Combined TRACON& Tower with Radar,16,6,46,0,68,0,1,67,0,68,16,7,113,0,136,152,0,152,288
06/17/2020,ABE,PA,AEA,EN,Combined TRACON& Tower with Radar,20,10,56,4,90,0,6,68,2,76,20,16,124,6,166,154,12,166,332
06/18/2020,ABE,PA,AEA,EN,Combined TRACON& Tower with Radar,22,13,33,2,70,0,1,6,0,7,22,14,39,2,77,38,0,38,115
06/19/2020,ABE,PA,AEA,EN,Combined TRACON& Tower with Radar,24,11,39,0,74,0,0,16,0,16,24,11,55,0,90,102,0,102,192
06/20/2020,ABE,PA,AEA,EN,Combined TRACON& Tower with Radar,17,6,45,0,68,0,1,31,0,32,17,7,76,0,100,102,0,102,202
06/21/2020,ABE,PA,AEA,EN,Combined TRACON& Tower with Radar,19,6,20,0,45,0,2,26,0,28,19,8,46,0,73,52,0,52,125
06/22/2020,ABE,PA,AEA,EN,Combined TRACON& Tower with Radar,22,11,37,0,70,0,1,58,0,59,22,12,95,0,129,84,0,84,213
06/23/2020,ABE,PA,AEA,EN,Combined TRACON& Tower with Radar,14,10,61,1,86,0,3,70,0,73,14,13,131,1,159,187,0,187,346
06/24/2020,ABE,PA,AEA,EN,Combined TRACON& Tower with Radar,21,20,60,0,101,0,1,85,0,86,21,21,145,0,187,78,0,78,265
06/25/2020,ABE,PA,AEA,EN,Combined TRACON& Tower with Radar,25,18,74,1,118,0,0,63,1,64,25,18,137,2,182,237,0,237,419
06/26/2020,ABE,PA,AEA,EN,Combined TRACON& Tower with Radar,23,7,48,0,78,0,1,50,2,53,23,8,98,2,131,0,0,0,131
06/27/2020,ABE,PA,AEA,EN,Combined TRACON& Tower with Radar,17,12,27,0,56,0,3,14,0,17,17,15,41,0,73,0,0,0,73
06/28/2020,ABE,PA,AEA,EN,Combined TRACON& Tower with Radar,18,11,49,0,78,0,5,47,0,52,18,16,96,0,130,0,0,0,130
06/29/2020,ABE,PA,AEA,EN,Combined TRACON& Tower with Radar,24,15,54,0,93,0,5,68,1,74,24,20,122,1,167,0,0,0,167
06/30/2020,ABE,PA,AEA,EN,Combined TRACON& Tower with Radar,16,10,28,0,54,0,3,51,0,54,16,13,79,0,108,0,0,0,108
07/01/2020,ABE,PA,AEA,EN,Combined TRACON& Tower with Radar,22,16,28,0,66,0,0,14,0,14,22,16,42,0,80,144,0,144,224
07/02/2020,ABE,PA,AEA,EN,Combined TRACON& Tower with Radar,30,7,36,2,75,0,4,71,2,77,30,11,107,4,152,182,0,182,334
07/03/2020,ABE,PA,AEA,EN,Combined TRACON& Tower with Radar,20,12,25,0,57,0,4,68,0,72,20,16,93,0,129,118,0,118,247
07/04/2020,ABE,PA,AEA,EN,Combined TRACON& Tower with Radar,15,5,38,0,58,0,0,21,0,21,15,5,59,0,79,108,0,108,187
07/05/2020,ABE,PA,AEA,EN,Combined TRACON& Tower with Radar,18,9,37,0,64,0,0,80,0,80,18,9,117,0,144,140,0,140,284
07/06/2020,ABE,PA,AEA,EN,Combined TRACON& Tower with Radar,20,12,26,0,58,0,0,51,0,51,20,12,77,0,109,114,0,114,223
07/07/2020,ABE,PA,AEA,EN,Combined TRACON& Tower with Radar,14,13,44,5,76,0,3,32,0,35,14,16,76,5,111,108,0,108,219
07/08/2020,ABE,PA,AEA,EN,Combined TRACON& Tower with Radar,18,12,30,3,63,0,0,5,0,5,18,12,35,3,68,13,0,13,81
07/09/2020,ABE,PA,AEA,EN,Combined TRACON& Tower with Radar,25,10,67,0,102,0,2,58,0,60,25,12,125,0,162,167,0,167,329
07/10/2020,ABE,PA,AEA,EN,Combined TRACON& Tower with Radar,20,6,13,0,39,0,0,0,0,0,20,6,13,0,39,0,0,0,39
07/11/2020,ABE,PA,AEA,EN,Combined TRACON& Tower with Radar,19,11,44,0,74,0,0,36,0,36,19,11,80,0,110,90,0,90,200
07/12/2020,ABE,PA,AEA,EN,Combined TRACON& Tower with Radar,20,14,49,0,83,0,0,78,0,78,20,14,127,0,161,44,0,44,205
07/13/2020,ABE,PA,AEA,EN,Combined TRACON& Tower with Radar,20,14,51,0,85,0,4,67,0,71,20,18,118,0,156,70,0,70,226
07/14/2020,ABE,PA,AEA,EN,Combined TRACON& Tower with Radar,14,14,42,11,81,0,0,88,6,94,14,14,130,17,175,188,24,212,387
07/15/2020,ABE,PA,AEA,EN,Combined TRACON& Tower with Radar,18,8,37,0,63,0,5,62,0,67,18,13,99,0,130,166,0,166,296
07/16/2020,ABE,PA,AEA,EN,Combined TRACON& Tower with Radar,24,16,51,3,94,0,4,46,2,52,24,20,97,5,146,102,6,108,254
07/17/2020,ABE,PA,AEA,EN,Combined TRACON& Tower with Radar,19,20,43,10,92,0,0,21,0,21,19,20,64,10,113,38,2,40,153
07/18/2020,ABE,PA,AEA,EN,Combined TRACON& Tower with Radar,21,6,47,0,74,0,2,89,0,91,21,8,136,0,165,90,0,90,255
07/19/2020,ABE,PA,AEA,EN,Combined TRACON& Tower with Radar,20,9,22,0,51,0,3,55,0,58,20,12,77,0,109,0,0,0,109
07/20/2020,ABE,PA,AEA,EN,Combined TRACON& Tower with Radar,22,9,25,0,56,0,2,54,0,56,22,11,79,0,112,0,0,0,112
07/21/2020,ABE,PA,AEA,EN,Combined TRACON& Tower with Radar,17,10,39,0,66,0,1,85,1,87,17,11,124,1,153,144,0,144,297
07/22/2020,ABE,PA,AEA,EN,Combined TRACON& Tower with Radar,18,7,24,0,49,0,0,36,0,36,18,7,60,0,85,6,0,6,91
07/23/2020,ABE,PA,AEA,EN,Combined TRACON& Tower with Radar,26,10,32,1,69,0,0,14,0,14,26,10,46,1,83,58,0,58,141
07/24/2020,ABE,PA,AEA,EN,Combined TRACON& Tower with Radar,18,8,41,0,67,0,0,34,0,34,18,8,75,0,101,94,0,94,195
07/25/2020,ABE,PA,AEA,EN,Combined TRACON& Tower with Radar,20,7,32,0,59,0,1,36,0,37,20,8,68,0,96,117,0,117,213
07/26/2020,ABE,PA,AEA,EN,Combined TRACON& Tower with Radar,20,7,25,0,52,0,0,53,0,53,20,7,78,0,105,0,0,0,105
07/27/2020,ABE,PA,AEA,EN,Combined TRACON& Tower with Radar,20,12,37,0,69,0,3,78,0,81,20,15,115,0,150,0,0,0,150
07/28/2020,ABE,PA,AEA,EN,Combined TRACON& Tower with Radar,16,18,43,6,83,0,2,56,0,58,16,20,99,6,141,0,0,0,141
07/29/2020,ABE,PA,AEA,EN,Combined TRACON& Tower with Radar,17,13,55,0,85,0,2,99,0,101,17,15,154,0,186,0,0,0,186
07/30/2020,ABE,PA,AEA,EN,Combined TRACON& Tower with Radar,24,15,52,0,91,0,2,83,0,85,24,17,135,0,176,0,0,0,176
07/31/2020,ABE,PA,AEA,EN,Combined TRACON& Tower with Radar,20,13,28,0,61,0,0,14,0,14,20,13,42,0,75,28,0,28,103
08/01/2020,ABE,PA,AEA,EN,Combined TRACON& Tower with Radar,19,17,49,0,85,0,1,76,0,77,19,18,125,0,162,73,0,73,235
08/02/2020,ABE,PA,AEA,EN,Combined TRACON& Tower with Radar,18,15,6,0,39,0,2,5,0,7,18,17,11,0,46,4,0,4,50
08/03/2020,ABE,PA,AEA,EN,Combined TRACON& Tower with Radar,20,16,32,0,68,0,0,75,0,75,20,16,107,0,143,86,0,86,229
08/04/2020,ABE,PA,AEA,EN,Combined TRACON& Tower with Radar,16,10,3,0,29,0,0,5,0,5,16,10,8,0,34,0,0,0,34
08/05/2020,ABE,PA,AEA,EN,Combined TRACON& Tower with Radar,20,12,38,1,71,0,12,95,1,108,20,24,133,2,179,84,0,84,263
08/06/2020,ABE,PA,AEA,EN,Combined TRACON& Tower with Radar,26,18,40,0,84,0,4,35,0,39,26,22,75,0,123,52,0,52,175
08/07/2020,ABE,PA,AEA,EN,Combined TRACON& Tower with Radar,19,11,14,0,44,0,2,3,0,5,19,13,17,0,49,0,0,0,49
08/08/2020,ABE,PA,AEA,EN,Combined TRACON& Tower with Radar,21,15,45,0,81,0,0,35,0,35,21,15,80,0,116,0,0,0,116
08/09/2020,ABE,PA,AEA,EN,Combined TRACON& Tower with Radar,19,21,27,0,67,0,1,58,0,59,19,22,85,0,126,44,0,44,170
08/10/2020,ABE,PA,AEA,EN,Combined TRACON& Tower with Radar,21,18,56,0,95,0,4,92,0,96,21,22,148,0,191,216,0,216,407
08/11/2020,ABE,PA,AEA,EN,Combined TRACON& Tower with Radar,14,16,42,0,72,0,2,63,0,65,14,18,105,0,137,152,0,152,289
08/12/2020,ABE,PA,AEA,EN,Combined TRACON& Tower with Radar,18,12,41,0,71,0,1,42,1,44,18,13,83,1,115,102,0,102,217
08/13/2020,ABE,PA,AEA,EN,Combined TRACON& Tower with Radar,26,26,32,0,84,0,0,26,0,26,26,26,58,0,110,26,0,26,136
08/14/2020,ABE,PA,AEA,EN,Combined TRACON& Tower with Radar,21,14,48,0,83,0,1,56,0,57,21,15,104,0,140,0,0,0,140
08/15/2020,ABE,PA,AEA,EN,Combined TRACON& Tower with Radar,18,12,36,0,66,0,0,46,0,46,18,12,82,0,112,102,0,102,214
08/16/2020,ABE,PA,AEA,EN,Combined TRACON& Tower with Radar,21,12,45,0,78,0,0,6,4,10,21,12,51,4,88,0,0,0,88
08/17/2020,ABE,PA,AEA,EN,Combined TRACON& Tower with Radar,20,21,29,2,72,0,0,38,0,38,20,21,67,2,110,134,0,134,244
08/18/2020,ABE,PA,AEA,EN,Combined TRACON& Tower with Radar,14,16,68,0,98,0,2,93,1,96,14,18,161,1,194,208,2,210,404
08/19/2020,ABE,PA,AEA,EN,Combined TRACON& Tower with Radar,18,12,60,0,90,0,2,72,0,74,18,14,132,0,164,130,0,130,294
08/20/2020,ABE,PA,AEA,EN,Combined TRACON& Tower with Radar,20,17,54,0,91,0,1,97,0,98,20,18,151,0,189,148,0,148,337
08/21/2020,ABE,PA,AEA,EN,Combined TRACON& Tower with Radar,19,10,54,0,83,0,1,77,0,78,19,11,131,0,161,131,0,131,292
08/22/2020,ABE,PA,AEA,EN,Combined TRACON& Tower with Radar,17,14,8,1,40,0,0,46,0,46,17,14,54,1,86,10,0,10,96
08/23/2020,ABE,PA,AEA,EN,Combined TRACON& Tower with Radar,14,11,46,0,71,0,1,32,0,33,14,12,78,0,104,8,0,8,112
08/24/2020,ABE,PA,AEA,EN,Combined TRACON& Tower with Radar,19,15,43,0,77,0,4,36,0,40,19,19,79,0,117,30,0,30,147
08/25/2020,ABE,PA,AEA,EN,Combined TRACON& Tower with Radar,15,14,24,0,53,0,1,33,0,34,15,15,57,0,87,42,0,42,129
08/26/2020,ABE,PA,AEA,EN,Combined TRACON& Tower with Radar,16,20,38,0,74,0,0,81,0,81,16,20,119,0,155,122,0,122,277
08/27/2020,ABE,PA,AEA,EN,Combined TRACON& Tower with Radar,20,10,41,0,71,0,0,50,0,50,20,10,91,0,121,0,0,0,121
08/28/2020,ABE,PA,AEA,EN,Combined TRACON& Tower with Radar,20,22,34,0,76,0,3,38,0,41,20,25,72,0,117,26,0,26,143
08/29/2020,ABE,PA,AEA,EN,Combined TRACON& Tower with Radar,16,13,33,0,62,0,0,4,0,4,16,13,37,0,66,0,0,0,66
08/30/2020,ABE,PA,AEA,EN,Combined TRACON& Tower with Radar,15,9,53,0,77,0,1,70,0,71,15,10,123,0,148,0,0,0,148
08/31/2020,ABE,PA,AEA,EN,Combined TRACON& Tower with Radar,21,13,35,0,69,0,0,71,0,71,21,13,106,0,140,131,0,131,271
09/01/2020,ABE,PA,AEA,EN,Combined TRACON& Tower with Radar,13,15,38,0,66,0,0,29,0,29,13,15,67,0,95,116,0,116,211
09/02/2020,ABE,PA,AEA,EN,Combined TRACON& Tower with Radar,14,11,39,0,64,0,2,7,0,9,14,13,46,0,73,14,0,14,87
09/03/2020,ABE,PA,AEA,EN,Combined TRACON& Tower with Radar,18,17,41,2,78,0,1,62,0,63,18,18,103,2,141,70,16,86,227
09/04/2020,ABE,PA,AEA,EN,Combined TRACON& Tower with Radar,22,11,66,0,99,0,2,94,0,96,22,13,160,0,195,164,0,164,359
09/05/2020,ABE,PA,AEA,EN,Combined TRACON& Tower with Radar,18,17,37,0,72,0,2,118,0,120,18,19,155,0,192,76,0,76,268
09/06/2020,ABE,PA,AEA,EN,Combined TRACON& Tower with Radar,14,10,25,0,49,0,2,55,0,57,14,12,80,0,106,20,0,20,126
09/07/2020,ABE,PA,AEA,EN,Combined TRACON& Tower with Radar,19,15,41,0,75,0,0,70,0,70,19,15,111,0,145,24,0,24,169
09/08/2020,ABE,PA,AEA,EN,Combined TRACON& Tower with Radar,11,16,58,8,93,0,1,74,0,75,11,17,132,8,168,4,4,8,176
09/09/2020,ABE,PA,AEA,EN,Combined TRACON& Tower with Radar,19,13,56,3,91,0,0,47,1,48,19,13,103,4,139,23,0,23,162
09/10/2020,ABE,PA,AEA,EN,Combined TRACON& Tower with Radar,21,18,24,0,63,0,0,1,0,1,21,18,25,0,64,0,0,0,64
09/11/2020,ABE,PA,AEA,EN,Combined TRACON& Tower with Radar,21,14,58,5,98,0,2,84,2,88,21,16,142,7,186,199,48,247,433
09/12/2020,ABE,PA,AEA,EN,Combined TRACON& Tower with Radar,19,18,55,0,92,0,5,65,0,70,19,23,120,0,162,151,0,151,313
09/13/2020,ABE,PA,AEA,EN,Combined TRACON& Tower with Radar,16,11,44,0,71,0,2,21,1,24,16,13,65,1,95,0,0,0,95
09/14/2020,ABE,PA,AEA,EN,Combined TRACON& Tower with Radar,20,13,24,3,60,0,5,60,1,66,20,18,84,4,126,68,0,68,194
09/15/2020,ABE,PA,AEA,EN,Combined TRACON& Tower with Radar,16,15,53,0,84,0,1,91,0,92,16,16,144,0,176,114,0,114,290
09/16/2020,ABE,PA,AEA,EN,Combined TRACON& Tower with Radar,18,14,56,0,88,0,2,110,0,112,18,16,166,0,200,10,0,10,210
09/17/2020,ABE,PA,AEA,EN,Combined TRACON& Tower with Radar,22,16,47,1,86,0,1,88,1,90,22,17,135,2,176,114,0,114,290
09/18/2020,ABE,PA,AEA,EN,Combined TRACON& Tower with Radar,20,19,42,0,81,0,0,24,0,24,20,19,66,0,105,4,0,4,109
09/19/2020,ABE,PA,AEA,EN,Combined TRACON& Tower with Radar,17,20,39,0,76,0,0,78,0,78,17,20,117,0,154,66,0,66,220
09/20/2020,ABE,PA,AEA,EN,Combined TRACON& Tower with Radar,18,12,21,0,51,0,1,58,0,59,18,13,79,0,110,60,0,60,170
09/21/2020,ABE,PA,AEA,EN,Combined TRACON& Tower with Radar,20,10,40,0,70,0,0,74,0,74,20,10,114,0,144,138,0,138,282
09/22/2020,ABE,PA,AEA,EN,Combined TRACON& Tower with Radar,16,14,39,0,69,0,1,80,1,82,16,15,119,1,151,138,0,138,289
09/23/2020,ABE,PA,AEA,EN,Combined TRACON& Tower with Radar,18,13,54,0,85,0,7,64,0,71,18,20,118,0,156,216,0,216,372
09/24/2020,ABE,PA,AEA,EN,Combined TRACON& Tower with Radar,22,16,47,0,85,0,0,87,1,88,22,16,134,1,173,200,0,200,373
09/25/2020,ABE,PA,AEA,EN,Combined TRACON& Tower with Radar,23,25,50,0,98,0,1,54,0,55,23,26,104,0,153,48,0,48,201
09/26/2020,ABE,PA,AEA,EN,Combined TRACON& Tower with Radar,17,7,55,0,79,0,1,4,0,5,17,8,59,0,84,0,0,0,84
09/27/2020,ABE,PA,AEA,EN,Combined TRACON& Tower with Radar,18,16,44,0,78,0,0,7,0,7,18,16,51,0,85,10,0,10,95
09/28/2020,ABE,PA,AEA,EN,Combined TRACON& Tower with Radar,20,18,42,0,80,0,0,24,0,24,20,18,66,0,104,28,0,28,132
09/29/2020,ABE,PA,AEA,EN,Combined TRACON& Tower with Radar,17,12,49,0,78,0,0,4,0,4,17,12,53,0,82,0,0,0,82
09/30/2020,ABE,PA,AEA,EN,Combined TRACON& Tower with Radar,19,15,23,0,57,0,0,33,0,33,19,15,56,0,90,44,0,44,134
10/01/2020,ABE,PA,AEA,EN,Combined TRACON& Tower with Radar,25,15,43,4,87,0,3,90,0,93,25,18,133,4,180,125,0,125,305
10/02/2020,ABE,PA,AEA,EN,Combined TRACON& Tower with Radar,26,11,33,0,70,0,5,55,0,60,26,16,88,0,130,72,0,72,202
10/03/2020,ABE,PA,AEA,EN,Combined TRACON& Tower with Radar,23,17,30,0,70,0,1,96,0,97,23,18,126,0,167,178,0,178,345
10/04/2020,ABE,PA,AEA,EN,Combined TRACON& Tower with Radar,26,16,26,0,68,0,2,59,1,62,26,18,85,1,130,92,0,92,222
10/05/2020,ABE,PA,AEA,EN,Combined TRACON& Tower with Radar,24,11,38,0,73,0,3,43,0,46,24,14,81,0,119,43,0,43,162
10/06/2020,ABE,PA,AEA,EN,Combined TRACON& Tower with Radar,18,11,34,0,63,0,1,79,1,81,18,12,113,1,144,134,10,144,288
10/07/2020,ABE,PA,AEA,EN,Combined TRACON& Tower with Radar,24,11,32,9,76,0,2,42,3,47,24,13,74,12,123,14,0,14,137
10/08/2020,ABE,PA,AEA,EN,Combined TRACON& Tower with Radar,26,16,43,3,88,0,1,71,1,73,26,17,114,4,161,42,0,42,203
10/09/2020,ABE,PA,AEA,EN,Combined TRACON& Tower with Radar,25,12,65,0,102,0,0,111,0,111,25,12,176,0,213,86,0,86,299
10/10/2020,ABE,PA,AEA,EN,Combined TRACON& Tower with Radar,27,18,29,0,74,0,1,71,0,72,27,19,100,0,146,102,0,102,248
10/11/2020,ABE,PA,AEA,EN,Combined TRACON& Tower with Radar,23,12,22,0,57,0,1,16,0,17,23,13,38,0,74,40,0,40,114
10/12/2020,ABE,PA,AEA,EN,Combined TRACON& Tower with Radar,25,13,37,0,75,0,0,0,0,0,25,13,37,0,75,0,0,0,75
10/13/2020,ABE,PA,AEA,EN,Combined TRACON& Tower with Radar,17,15,52,5,89,0,0,6,0,6,17,15,58,5,95,19,0,19,114
10/14/2020,ABE,PA,AEA,EN,Combined TRACON& Tower with Radar,25,14,37,0,76,0,5,100,1,106,25,19,137,1,182,153,0,153,335
10/15/2020,ABE,PA,AEA,EN,Combined TRACON& Tower with Radar,26,16,30,3,75,0,2,75,1,78,26,18,105,4,153,109,6,115,268
10/16/2020,ABE,PA,AEA,EN,Combined TRACON& Tower with Radar,27,17,34,2,80,0,4,3,0,7,27,21,37,2,87,0,0,0,87
10/17/2020,ABE,PA,AEA,EN,Combined TRACON& Tower with Radar,29,14,54,4,101,0,0,109,0,109,29,14,163,4,210,178,0,178,388
10/18/2020,ABE,PA,AEA,EN,Combined TRACON& Tower with Radar,24,16,23,0,63,0,2,61,0,63,24,18,84,0,126,0,0,0,126
10/19/2020,ABE,PA,AEA,EN,Combined TRACON& Tower with Radar,24,13,42,0,79,0,0,32,0,32,24,13,74,0,111,42,0,42,153
10/20/2020,ABE,PA,AEA,EN,Combined TRACON& Tower with Radar,16,18,57,5,96,0,0,28,3,31,16,18,85,8,127,36,0,36,163
10/21/2020,ABE,PA,AEA,EN,Combined TRACON& Tower with Radar,24,14,31,0,69,0,0,4,0,4,24,14,35,0,73,20,0,20,93
10/22/2020,ABE,PA,AEA,EN,Combined TRACON& Tower with Radar,27,18,59,9,113,0,0,0,0,0,27,18,59,9,113,0,0,0,113
10/23/2020,ABE,PA,AEA,EN,Combined TRACON& Tower with Radar,26,17,49,0,92,0,1,9,0,10,26,18,58,0,102,26,0,26,128
10/24/2020,ABE,PA,AEA,EN,Combined TRACON& Tower with Radar,25,18,61,0,104,0,0,12,0,12,25,18,73,0,116,18,0,18,134
10/25/2020,ABE,PA,AEA,EN,Combined TRACON& Tower with Radar,20,16,34,6,76,0,1,51,2,54,20,17,85,8,130,0,0,0,130
10/26/2020,ABE,PA,AEA,EN,Combined TRACON& Tower with Radar,21,15,21,5,62,0,0,1,0,1,21,15,22,5,63,0,0,0,63
10/27/2020,ABE,PA,AEA,EN,Combined TRACON& Tower with Radar,19,14,49,3,85,0,1,78,1,80,19,15,127,4,165,70,0,70,235
10/28/2020,ABE,PA,AEA,EN,Combined TRACON& Tower with Radar,20,15,55,0,90,0,0,8,0,8,20,15,63,0,98,0,0,0,98
10/29/2020,ABE,PA,AEA,EN,Combined TRACON& Tower with Radar,26,9,28,0,63,0,0,0,0,0,26,9,28,0,63,0,0,0,63
10/30/2020,ABE,PA,AEA,EN,Combined TRACON& Tower with Radar,23,15,22,0,60,0,4,8,0,12,23,19,30,0,72,0,0,0,72
10/31/2020,ABE,PA,AEA,EN,Combined TRACON& Tower with Radar,19,11,25,0,55,0,2,22,0,24,19,13,47,0,79,10,0,10,89
11/01/2020,ABE,PA,AEA,EN,Combined TRACON& Tower with Radar,20,17,18,0,55,0,2,9,0,11,20,19,27,0,66,8,0,8,74
11/02/2020,ABE,PA,AEA,EN,Combined TRACON& Tower with Radar,22,16,14,0,52,0,1,8,1,10,22,17,22,1,62,10,0,10,72
11/03/2020,ABE,PA,AEA,EN,Combined TRACON& Tower with Radar,16,7,34,0,57,0,0,56,2,58,16,7,90,2,115,71,0,71,186
11/04/2020,ABE,PA,AEA,EN,Combined TRACON& Tower with Radar,20,16,68,0,104,0,0,112,0,112,20,16,180,0,216,100,0,100,316
11/05/2020,ABE,PA,AEA,EN,Combined TRACON& Tower with Radar,43,17,28,0,88,0,2,107,0,109,43,19,135,0,197,106,0,106,303
11/06/2020,ABE,PA,AEA,EN,Combined TRACON& Tower with Radar,25,11,63,0,99,0,4,97,0,101,25,15,160,0,200,173,0,173,373
11/07/2020,ABE,PA,AEA,EN,Combined TRACON& Tower with Radar,20,14,45,0,79,0,0,95,0,95,20,14,140,0,174,124,0,124,298
11/08/2020,ABE,PA,AEA,EN,Combined TRACON& Tower with Radar,22,17,39,0,78,0,1,77,0,78,22,18,116,0,156,0,0,0,156
11/09/2020,ABE,PA,AEA,EN,Combined TRACON& Tower with Radar,23,12,55,2,92,0,2,112,0,114,23,14,167,2,206,178,0,178,384
11/10/2020,ABE,PA,AEA,EN,Combined TRACON& Tower with Radar,17,10,33,4,64,0,0,65,3,68,17,10,98,7,132,64,0,64,196
11/11/2020,ABE,PA,AEA,EN,Combined TRACON& Tower with Radar,23,15,24,2,64,0,0,0,0,0,23,15,24,2,64,0,0,0,64
11/12/2020,ABE,PA,AEA,EN,Combined TRACON& Tower with Radar,30,14,57,0,101,0,0,9,0,9,30,14,66,0,110,18,0,18,128
11/13/2020,ABE,PA,AEA,EN,Combined TRACON& Tower with Radar,25,15,41,0,81,0,1,18,0,19,25,16,59,0,100,70,0,70,170
11/14/2020,ABE,PA,AEA,EN,Combined TRACON& Tower with Radar,26,16,76,0,118,0,5,100,0,105,26,21,176,0,223,64,0,64,287
11/15/2020,ABE,PA,AEA,EN,Combined TRACON& Tower with Radar,25,13,19,7,64,0,0,18,1,19,25,13,37,8,83,0,0,0,83
11/16/2020,ABE,PA,AEA,EN,Combined TRACON& Tower with Radar,29,19,33,0,81,0,2,43,0,45,29,21,76,0,126,16,0,16,142
11/17/2020,ABE,PA,AEA,EN,Combined TRACON& Tower with Radar,23,13,23,0,59,0,1,20,0,21,23,14,43,0,80,74,0,74,154
11/18/2020,ABE,PA,AEA,EN,Combined TRACON& Tower with Radar,23,17,24,0,64,0,0,32,0,32,23,17,56,0,96,110,0,110,206
11/19/2020,ABE,PA,AEA,EN,Combined TRACON& Tower with Radar,31,12,49,0,92,0,7,79,2,88,31,19,128,2,180,184,0,184,364
11/20/2020,ABE,PA,AEA,EN,Combined TRACON& Tower with Radar,29,17,30,0,76,0,1,87,0,88,29,18,117,0,164,114,0,114,278
11/21/2020,ABE,PA,AEA,EN,Combined TRACON& Tower with Radar,30,13,49,0,92,0,3,114,0,117,30,16,163,0,209,96,0,96,305
11/22/2020,ABE,PA,AEA,EN,Combined TRACON& Tower with Radar,26,12,44,0,82,0,0,11,0,11,26,12,55,0,93,26,0,26,119
11/23/2020,ABE,PA,AEA,EN,Combined TRACON& Tower with Radar,27,14,17,3,61,0,2,15,1,18,27,16,32,4,79,6,0,6,85
11/24/2020,ABE,PA,AEA,EN,Combined TRACON& Tower with Radar,36,12,66,0,114,0,4,87,0,91,36,16,153,0,205,0,0,0,205
11/25/2020,ABE,PA,AEA,EN,Combined TRACON& Tower with Radar,34,16,23,5,78,0,4,61,8,73,34,20,84,13,151,154,18,172,323
11/26/2020,ABE,PA,AEA,EN,Combined TRACON& Tower with Radar,11,4,2,0,17,0,1,0,0,1,11,5,2,0,18,0,0,0,18
11/27/2020,ABE,PA,AEA,EN,Combined TRACON& Tower with Radar,20,10,55,0,85,0,2,55,0,57,20,12,110,0,142,74,0,74,216
11/28/2020,ABE,PA,AEA,EN,Combined TRACON& Tower with Radar,31,14,19,0,64,0,5,46,0,51,31,19,65,0,115,12,0,12,127
11/29/2020,ABE,PA,AEA,EN,Combined TRACON& Tower with Radar,30,19,39,0,88,0,4,95,0,99,30,23,134,0,187,36,0,36,223
11/30/2020,ABE,PA,AEA,EN,Combined TRACON& Tower with Radar,31,19,12,0,62,0,0,1,0,1,31,19,13,0,63,0,0,0,63
12/01/2020,ABE,PA,AEA,EN,Combined TRACON& Tower with Radar,27,10,27,0,64,0,3,6,0,9,27,13,33,0,73,0,0,0,73
12/02/2020,ABE,PA,AEA,EN,Combined TRACON& Tower with Radar,21,23,26,0,70,0,1,23,0,24,21,24,49,0,94,0,0,0,94
12/03/2020,ABE,PA,AEA,EN,Combined TRACON& Tower with Radar,26,26,49,11,112,0,3,94,2,99,26,29,143,13,211,106,16,122,333
12/04/2020,ABE,PA,AEA,EN,Combined TRACON& Tower with Radar,25,14,34,0,73,0,0,24,0,24,25,14,58,0,97,10,0,10,107
12/05/2020,ABE,PA,AEA,EN,Combined TRACON& Tower with Radar,20,9,7,0,36,0,1,0,0,1,20,10,7,0,37,0,0,0,37
12/06/2020,ABE,PA,AEA,EN,Combined TRACON& Tower with Radar,22,14,27,0,63,0,2,45,0,47,22,16,72,0,110,21,0,21,131
12/07/2020,ABE,PA,AEA,EN,Combined TRACON& Tower with Radar,28,12,42,8,90,0,1,61,2,64,28,13,103,10,154,0,0,0,154
12/08/2020,ABE,PA,AEA,EN,Combined TRACON& Tower with Radar,23,12,32,0,67,0,1,47,0,48,23,13,79,0,115,0,0,0,115
12/09/2020,ABE,PA,AEA,EN,Combined TRACON& Tower with Radar,22,13,18,0,53,0,0,16,1,17,22,13,34,1,70,10,0,10,80
12/10/2020,ABE,PA,AEA,EN,Combined TRACON& Tower with Radar,26,10,58,4,98,0,2,79,0,81,26,12,137,4,179,106,0,106,285
12/11/2020,ABE,PA,AEA,EN,Combined TRACON& Tower with Radar,25,17,48,0,90,0,2,94,0,96,25,19,142,0,186,181,0,181,367
12/12/2020,ABE,PA,AEA,EN,Combined TRACON& Tower with Radar,19,15,20,0,54,0,0,0,1,1,19,15,20,1,55,0,0,0,55
12/13/2020,ABE,PA,AEA,EN,Combined TRACON& Tower with Radar,23,16,41,0,80,0,0,46,2,48,23,16,87,2,128,12,0,12,140
12/14/2020,ABE,PA,AEA,EN,Combined TRACON& Tower with Radar,24,14,2,0,40,0,0,1,0,1,24,14,3,0,41,0,0,0,41
12/15/2020,ABE,PA,AEA,EN,Combined TRACON& Tower with Radar,25,16,66,0,107,0,3,82,0,85,25,19,148,0,192,0,0,0,192
12/16/2020,ABE,PA,AEA,EN,Combined TRACON& Tower with Radar,9,5,2,0,16,0,0,4,1,5,9,5,6,1,21,6,0,6,27
12/17/2020,ABE,PA,AEA,EN,Combined TRACON& Tower with Radar,16,10,8,1,35,0,1,4,1,6,16,11,12,2,41,0,0,0,41
12/18/2020,ABE,PA,AEA,EN,Combined TRACON& Tower with Radar,28,20,35,0,83,0,3,32,0,35,28,23,67,0,118,28,0,28,146
12/19/2020,ABE,PA,AEA,EN,Combined TRACON& Tower with Radar,33,19,51,2,105,0,1,76,0,77,33,20,127,2,182,100,0,100,282
12/20/2020,ABE,PA,AEA,EN,Combined TRACON& Tower with Radar,29,17,8,0,54,0,0,0,0,0,29,17,8,0,54,0,0,0,54
12/21/2020,ABE,PA,AEA,EN,Combined TRACON& Tower with Radar,31,20,15,0,66,0,1,1,0,2,31,21,16,0,68,0,0,0,68
12/22/2020,ABE,PA,AEA,EN,Combined TRACON& Tower with Radar,33,17,35,7,92,0,1,34,2,37,33,18,69,9,129,110,0,110,239
12/23/2020,ABE,PA,AEA,EN,Combined TRACON& Tower with Radar,32,20,53,16,121,0,1,109,2,112,32,21,162,18,233,296,0,296,529
12/24/2020,ABE,PA,AEA,EN,Combined TRACON& Tower with Radar,24,12,0,0,36,0,0,0,0,0,24,12,0,0,36,0,0,0,36
12/25/2020,ABE,PA,AEA,EN,Combined TRACON& Tower with Radar,10,7,0,0,17,0,2,0,0,2,10,9,0,0,19,0,0,0,19
12/26/2020,ABE,PA,AEA,EN,Combined TRACON& Tower with Radar,25,24,36,0,85,0,3,39,0,42,25,27,75,0,127,12,0,12,139
12/27/2020,ABE,PA,AEA,EN,Combined TRACON& Tower with Radar,33,19,39,0,91,0,3,80,0,83,33,22,119,0,174,34,0,34,208
12/28/2020,ABE,PA,AEA,EN,Combined TRACON& Tower with Radar,32,16,35,0,83,0,1,49,1,51,32,17,84,1,134,4,0,4,138
12/29/2020,ABE,PA,AEA,EN,Combined TRACON& Tower with Radar,30,15,31,0,76,0,6,40,0,46,30,21,71,0,122,24,0,24,146
12/30/2020,ABE,PA,AEA,EN,Combined TRACON& Tower with Radar,34,19,44,0,97,0,6,73,0,79,34,25,117,0,176,191,0,191,367
12/31/2020,ABE,PA,AEA,EN,Combined TRACON& Tower with Radar,25,6,7,0,38,0,0,2,0,2,25,6,9,0,40,6,0,6,46
01/02/2021,ABE,PA,AEA,EN,Combined TRACON& Tower with Radar,23,21,22,0,66,0,2,14,0,16,23,23,36,0,82,0,0,0,82
01/03/2021,ABE,PA,AEA,EN,Combined TRACON& Tower with Radar,29,22,17,0,68,0,0,0,0,0,29,22,17,0,68,0,0,0,68
01/04/2021,ABE,PA,AEA,EN,Combined TRACON& Tower with Radar,30,15,21,0,66,0,0,6,0,6,30,15,27,0,72,0,0,0,72
01/05/2021,ABE,PA,AEA,EN,Combined TRACON& Tower with Radar,22,17,21,2,62,0,2,5,0,7,22,19,26,2,69,0,0,0,69
01/06/2021,ABE,PA,AEA,EN,Combined TRACON& Tower with Radar,22,11,35,0,68,0,0,42,1,43,22,11,77,1,111,76,0,76,187
01/07/2021,ABE,PA,AEA,EN,Combined TRACON& Tower with Radar,24,17,33,19,93,0,4,75,3,82,24,21,108,22,175,94,42,136,311
01/08/2021,ABE,PA,AEA,EN,Combined TRACON& Tower with Radar,23,15,47,5,90,0,2,66,0,68,23,17,113,5,158,100,0,100,258
01/09/2021,ABE,PA,AEA,EN,Combined TRACON& Tower with Radar,23,11,18,0,52,0,4,50,0,54,23,15,68,0,106,55,0,55,161
01/10/2021,ABE,PA,AEA,EN,Combined TRACON& Tower with Radar,21,15,44,0,80,0,4,78,0,82,21,19,122,0,162,48,0,48,210
01/11/2021,ABE,PA,AEA,EN,Combined TRACON& Tower with Radar,22,19,29,2,72,0,3,64,0,67,22,22,93,2,139,103,0,103,242
01/12/2021,ABE,PA,AEA,EN,Combined TRACON& Tower with Radar,18,16,55,2,91,0,1,75,0,76,18,17,130,2,167,0,0,0,167
01/13/2021,ABE,PA,AEA,EN,Combined TRACON& Tower with Radar,18,16,49,1,84,0,2,51,0,53,18,18,100,1,137,0,0,0,137
01/14/2021,ABE,PA,AEA,EN,Combined TRACON& Tower with Radar,24,11,39,0,74,0,0,52,0,52,24,11,91,0,126,0,0,0,126
01/15/2021,ABE,PA,AEA,EN,Combined TRACON& Tower with Radar,24,21,33,6,84,0,0,1,0,1,24,21,34,6,85,0,0,0,85
01/16/2021,ABE,PA,AEA,EN,Combined TRACON& Tower with Radar,19,8,31,0,58,0,0,34,1,35,19,8,65,1,93,24,0,24,117
01/17/2021,ABE,PA,AEA,EN,Combined TRACON& Tower with Radar,20,12,21,0,53,0,4,23,0,27,20,16,44,0,80,16,0,16,96
01/18/2021,ABE,PA,AEA,EN,Combined TRACON& Tower with Radar,22,17,33,0,72,0,3,43,0,46,22,20,76,0,118,54,0,54,172
01/19/2021,ABE,PA,AEA,EN,Combined TRACON& Tower with Radar,18,12,30,0,60,0,0,47,0,47,18,12,77,0,107,44,0,44,151
01/20/2021,ABE,PA,AEA,EN,Combined TRACON& Tower with Radar,22,12,19,0,53,0,1,13,0,14,22,13,32,0,67,4,0,4,71
01/21/2021,ABE,PA,AEA,EN,Combined TRACON& Tower with Radar,25,15,38,4,82,0,5,70,3,78,25,20,108,7,160,104,0,104,264
01/22/2021,ABE,PA,AEA,EN,Combined TRACON& Tower with Radar,25,13,28,0,66,0,1,45,0,46,25,14,73,0,112,0,0,0,112
01/23/2021,ABE,PA,AEA,EN,Combined TRACON& Tower with Radar,15,10,19,0,44,0,3,4,2,9,15,13,23,2,53,0,0,0,53
01/24/2021,ABE,PA,AEA,EN,Combined TRACON& Tower with Radar,21,15,37,0,73,0,1,72,1,74,21,16,109,1,147,130,0,130,277
01/25/2021,ABE,PA,AEA,EN,Combined TRACON& Tower with Radar,22,14,46,0,82,0,0,84,1,85,22,14,130,1,167,100,0,100,267
01/26/2021,ABE,PA,AEA,EN,Combined TRACON& Tower with Radar,20,14,9,0,43,0,0,0,0,0,20,14,9,0,43,0,0,0,43
01/27/2021,ABE,PA,AEA,EN,Combined TRACON& Tower with Radar,18,12,25,0,55,0,0,23,0,23,18,12,48,0,78,64,0,64,142
01/28/2021,ABE,PA,AEA,EN,Combined TRACON& Tower with Radar,21,19,28,0,68,0,1,9,0,10,21,20,37,0,78,0,0,0,78
01/29/2021,ABE,PA,AEA,EN,Combined TRACON& Tower with Radar,22,20,8,0,50,0,1,4,0,5,22,21,12,0,55,0,0,0,55
01/30/2021,ABE,PA,AEA,EN,Combined TRACON& Tower with Radar,19,16,44,0,79,0,3,80,0,83,19,19,124,0,162,86,0,86,248
01/31/2021,ABE,PA,AEA,EN,Combined TRACON& Tower with Radar,20,13,16,0,49,0,0,12,0,12,20,13,28,0,61,0,0,0,61
02/01/2021,ABE,PA,AEA,EN,Combined TRACON& Tower with Radar,5,2,0,0,7,0,0,0,0,0,5,2,0,0,7,0,0,0,7
02/02/2021,ABE,PA,AEA,EN,Combined TRACON& Tower with Radar,10,5,4,0,19,0,0,2,0,2,10,5,6,0,21,0,0,0,21
02/03/2021,ABE,PA,AEA,EN,Combined TRACON& Tower with Radar,21,14,12,0,47,0,0,3,1,4,21,14,15,1,51,0,0,0,51
02/04/2021,ABE,PA,AEA,EN,Combined TRACON& Tower with Radar,27,11,31,0,69,0,1,71,1,73,27,12,102,1,142,0,0,0,142
02/05/2021,ABE,PA,AEA,EN,Combined TRACON& Tower with Radar,29,13,10,0,52,0,2,13,0,15,29,15,23,0,67,0,0,0,67
02/06/2021,ABE,PA,AEA,EN,Combined TRACON& Tower with Radar,17,17,55,15,104,0,2,51,0,53,17,19,106,15,157,34,0,34,191
02/07/2021,ABE,PA,AEA,EN,Combined TRACON& Tower with Radar,22,10,4,0,36,0,0,0,0,0,22,10,4,0,36,0,0,0,36
02/08/2021,ABE,PA,AEA,EN,Combined TRACON& Tower with Radar,22,13,44,0,79,0,3,67,0,70,22,16,111,0,149,0,0,0,149
02/09/2021,ABE,PA,AEA,EN,Combined TRACON& Tower with Radar,20,11,15,10,56,0,0,7,0,7,20,11,22,10,63,0,0,0,63
02/10/2021,ABE,PA,AEA,EN,Combined TRACON& Tower with Radar,24,18,66,0,108,0,0,106,2,108,24,18,172,2,216,190,0,190,406
02/11/2021,ABE,PA,AEA,EN,Combined TRACON& Tower with Radar,28,22,21,1,72,0,1,13,1,15,28,23,34,2,87,66,0,66,153
02/12/2021,ABE,PA,AEA,EN,Combined TRACON& Tower with Radar,28,21,33,0,82,0,1,39,0,40,28,22,72,0,122,92,0,92,214
02/13/2021,ABE,PA,AEA,EN,Combined TRACON& Tower with Radar,24,15,16,0,55,0,3,23,0,26,24,18,39,0,81,54,0,54,135
02/14/2021,ABE,PA,AEA,EN,Combined TRACON& Tower with Radar,27,16,7,0,50,0,0,8,0,8,27,16,15,0,58,10,0,10,68
02/15/2021,ABE,PA,AEA,EN,Combined TRACON& Tower with Radar,24,12,9,0,45,0,0,0,0,0,24,12,9,0,45,0,0,0,45
02/16/2021,ABE,PA,AEA,EN,Combined TRACON& Tower with Radar,22,16,16,2,56,0,1,18,2,21,22,17,34,4,77,0,0,0,77
02/17/2021,ABE,PA,AEA,EN,Combined TRACON& Tower with Radar,24,24,49,0,97,0,1,92,0,93,24,25,141,0,190,60,0,60,250
02/18/2021,ABE,PA,AEA,EN,Combined TRACON& Tower with Radar,13,12,3,0,28,0,0,0,0,0,13,12,3,0,28,0,0,0,28
02/19/2021,ABE,PA,AEA,EN,Combined TRACON& Tower with Radar,21,19,10,0,50,0,0,2,0,2,21,19,12,0,52,0,0,0,52
02/20/2021,ABE,PA,AEA,EN,Combined TRACON& Tower with Radar,26,19,16,0,61,0,1,36,0,37,26,20,52,0,98,72,0,72,170
02/21/2021,ABE,PA,AEA,EN,Combined TRACON& Tower with Radar,25,20,46,0,91,0,3,63,1,67,25,23,109,1,158,102,0,102,260
02/22/2021,ABE,PA,AEA,EN,Combined TRACON& Tower with Radar,24,13,9,0,46,0,0,0,0,0,24,13,9,0,46,0,0,0,46
02/23/2021,ABE,PA,AEA,EN,Combined TRACON& Tower with Radar,25,13,31,0,69,0,1,20,0,21,25,14,51,0,90,22,0,22,112
02/24/2021,ABE,PA,AEA,EN,Combined TRACON& Tower with Radar,25,18,51,0,94,0,4,78,1,83,25,22,129,1,177,64,0,64,241
02/25/2021,ABE,PA,AEA,EN,Combined TRACON& Tower with Radar,26,17,38,0,81,0,4,86,0,90,26,21,124,0,171,140,0,140,311
02/26/2021,ABE,PA,AEA,EN,Combined TRACON& Tower with Radar,26,20,58,0,104,0,1,118,0,119,26,21,176,0,223,104,0,104,327
02/27/2021,ABE,PA,AEA,EN,Combined TRACON& Tower with Radar,26,10,36,0,72,0,1,8,0,9,26,11,44,0,81,24,0,24,105
02/28/2021,ABE,PA,AEA,EN,Combined TRACON& Tower with Radar,27,24,11,0,62,0,0,0,0,0,27,24,11,0,62,0,0,0,62
03/01/2021,ABE,PA,AEA,EN,Combined TRACON& Tower with Radar,28,11,16,0,55,0,2,2,0,4,28,13,18,0,59,12,0,12,71
03/02/2021,ABE,PA,AEA,EN,Combined TRACON& Tower with Radar,22,16,30,0,68,0,1,30,0,31,22,17,60,0,99,84,0,84,183
03/03/2021,ABE,PA,AEA,EN,Combined TRACON& Tower with Radar,24,14,45,0,83,0,4,101,0,105,24,18,146,0,188,101,0,101,289
03/04/2021,ABE,PA,AEA,EN,Combined TRACON& Tower with Radar,31,17,29,1,78,0,4,23,1,28,31,21,52,2,106,10,0,10,116
03/05/2021,ABE,PA,AEA,EN,Combined TRACON& Tower with Radar,34,21,18,0,73,0,4,22,0,26,34,25,40,0,99,0,0,0,99
03/06/2021,ABE,PA,AEA,EN,Combined TRACON& Tower with Radar,29,19,25,0,73,0,1,46,0,47,29,20,71,0,120,64,0,64,184
03/07/2021,ABE,PA,AEA,EN,Combined TRACON& Tower with Radar,26,25,34,0,85,0,3,78,0,81,26,28,112,0,166,64,0,64,230
03/08/2021,ABE,PA,AEA,EN,Combined TRACON& Tower with Radar,31,30,55,0,116,0,3,75,0,78,31,33,130,0,194,0,0,0,194
03/09/2021,ABE,PA,AEA,EN,Combined TRACON& Tower with Radar,27,14,58,12,111,0,9,88,0,97,27,23,146,12,208,98,0,98,306
03/10/2021,ABE,PA,AEA,EN,Combined TRACON& Tower with Radar,30,22,50,0,102,0,3,84,0,87,30,25,134,0,189,94,0,94,283
03/11/2021,ABE,PA,AEA,EN,Combined TRACON& Tower with Radar,33,24,46,4,107,0,2,48,0,50,33,26,94,4,157,57,0,57,214
03/12/2021,ABE,PA,AEA,EN,Combined TRACON& Tower with Radar,33,21,27,0,81,0,3,51,0,54,33,24,78,0,135,120,0,120,255
03/13/2021,ABE,PA,AEA,EN,Combined TRACON& Tower with Radar,32,18,49,0,99,0,2,56,0,58,32,20,105,0,157,20,0,20,177
03/14/2021,ABE,PA,AEA,EN,Combined TRACON& Tower with Radar,25,20,18,0,63,0,5,21,0,26,25,25,39,0,89,8,0,8,97
03/15/2021,ABE,PA,AEA,EN,Combined TRACON& Tower with Radar,31,23,29,5,88,0,4,33,4,41,31,27,62,9,129,30,0,30,159
03/16/2021,ABE,PA,AEA,EN,Combined TRACON& Tower with Radar,29,17,46,0,92,0,3,31,1,35,29,20,77,1,127,149,0,149,276
03/17/2021,ABE,PA,AEA,EN,Combined TRACON& Tower with Radar,30,17,21,0,68,0,0,0,0,0,30,17,21,0,68,0,0,0,68
03/18/2021,ABE,PA,AEA,EN,Combined TRACON& Tower with Radar,33,21,3,0,57,0,0,0,0,0,33,21,3,0,57,0,0,0,57
03/19/2021,ABE,PA,AEA,EN,Combined TRACON& Tower with Radar,39,26,14,0,79,0,3,19,0,22,39,29,33,0,101,0,0,0,101
03/20/2021,ABE,PA,AEA,EN,Combined TRACON& Tower with Radar,34,13,80,0,127,0,7,148,0,155,34,20,228,0,282,30,0,30,312
03/21/2021,ABE,PA,AEA,EN,Combined TRACON& Tower with Radar,32,22,43,0,97,0,3,123,1,127,32,25,166,1,224,74,0,74,298
03/22/2021,ABE,PA,AEA,EN,Combined TRACON& Tower with Radar,34,24,40,0,98,0,3,131,0,134,34,27,171,0,232,140,0,140,372
03/23/2021,ABE,PA,AEA,EN,Combined TRACON& Tower with Radar,39,18,52,17,126,0,0,112,0,112,39,18,164,17,238,134,0,134,372
03/24/2021,ABE,PA,AEA,EN,Combined TRACON& Tower with Radar,31,20,39,0,90,0,0,0,0,0,31,20,39,0,90,0,0,0,90
03/25/2021,ABE,PA,AEA,EN,Combined TRACON& Tower with Radar,35,19,72,6,132,0,1,2,0,3,35,20,74,6,135,20,0,20,155
03/26/2021,ABE,PA,AEA,EN,Combined TRACON& Tower with Radar,39,20,16,0,75,0,0,3,0,3,39,20,19,0,78,2,0,2,80
03/27/2021,ABE,PA,AEA,EN,Combined TRACON& Tower with Radar,33,26,67,0,126,0,4,112,0,116,33,30,179,0,242,0,0,0,242
03/28/2021,ABE,PA,AEA,EN,Combined TRACON& Tower with Radar,32,23,28,0,83,0,0,0,0,0,32,23,28,0,83,0,0,0,83
03/29/2021,ABE,PA,AEA,EN,Combined TRACON& Tower with Radar,35,18,37,0,90,0,3,28,0,31,35,21,65,0,121,18,0,18,139
03/30/2021,ABE,PA,AEA,EN,Combined TRACON& Tower with Radar,30,27,56,0,113,0,1,122,0,123,30,28,178,0,236,111,0,111,347
03/31/2021,ABE,PA,AEA,EN,Combined TRACON& Tower with Radar,32,22,66,0,120,0,0,1,0,1,32,22,67,0,121,0,0,0,121
04/01/2021,ABE,PA,AEA,EN,Combined TRACON& Tower with Radar,35,26,23,1,85,0,0,7,1,8,35,26,30,2,93,10,0,10,103
04/02/2021,ABE,PA,AEA,EN,Combined TRACON& Tower with Radar,42,24,24,0,90,0,0,30,1,31,42,24,54,1,121,0,0,0,121
04/03/2021,ABE,PA,AEA,EN,Combined TRACON& Tower with Radar,33,20,42,0,95,0,5,92,1,98,33,25,134,1,193,126,0,126,319
04/04/2021,ABE,PA,AEA,EN,Combined TRACON& Tower with Radar,31,24,33,0,88,0,1,43,0,44,31,25,76,0,132,34,0,34,166
04/05/2021,ABE,PA,AEA,EN,Combined TRACON& Tower with Radar,36,29,48,0,113,0,1,64,0,65,36,30,112,0,178,76,0,76,254
04/06/2021,ABE,PA,AEA,EN,Combined TRACON& Tower with Radar,30,22,48,0,100,0,3,105,0,108,30,25,153,0,208,222,0,222,430
04/07/2021,ABE,PA,AEA,EN,Combined TRACON& Tower with Radar,30,10,71,6,117,0,2,90,2,94,30,12,161,8,211,162,0,162,373
04/08/2021,ABE,PA,AEA,EN,Combined TRACON& Tower with Radar,37,21,43,9,110,0,6,102,0,108,37,27,145,9,218,210,6,216,434
04/09/2021,ABE,PA,AEA,EN,Combined TRACON& Tower with Radar,35,25,50,0,110,0,0,30,1,31,35,25,80,1,141,86,0,86,227
04/10/2021,ABE,PA,AEA,EN,Combined TRACON& Tower with Radar,38,20,96,0,154,0,7,5,0,12,38,27,101,0,166,0,0,0,166
04/11/2021,ABE,PA,AEA,EN,Combined TRACON& Tower with Radar,34,31,56,0,121,0,0,0,0,0,34,31,56,0,121,0,0,0,121
04/12/2021,ABE,PA,AEA,EN,Combined TRACON& Tower with Radar,36,18,71,0,125,0,1,0,0,1,36,19,71,0,126,150,14,164,290
04/13/2021,ABE,PA,AEA,EN,Combined TRACON& Tower with Radar,33,20,44,6,103,0,2,120,1,123,33,22,164,7,226,102,0,102,328
04/14/2021,ABE,PA,AEA,EN,Combined TRACON& Tower with Radar,31,16,58,4,109,0,5,55,1,61,31,21,113,5,170,82,0,82,252
04/15/2021,ABE,PA,AEA,EN,Combined TRACON& Tower with Radar,34,26,34,0,94,0,0,5,0,5,34,26,39,0,99,102,0,102,201
04/16/2021,ABE,PA,AEA,EN,Combined TRACON& Tower with Radar,35,22,36,0,93,0,1,14,0,15,35,23,50,0,108,118,0,118,226
04/17/2021,ABE,PA,AEA,EN,Combined TRACON& Tower with Radar,30,19,39,0,88,0,1,49,1,51,30,20,88,1,139,115,0,115,254
04/18/2021,ABE,PA,AEA,EN,Combined TRACON& Tower with Radar,28,22,50,0,100,0,1,71,0,72,28,23,121,0,172,37,0,37,209
04/19/2021,ABE,PA,AEA,EN,Combined TRACON& Tower with Radar,37,18,36,0,91,0,1,82,0,83,37,19,118,0,174,70,0,70,244
04/20/2021,ABE,PA,AEA,EN,Combined TRACON& Tower with Radar,30,17,66,8,121,0,2,99,0,101,30,19,165,8,222,82,0,82,304
04/21/2021,ABE,PA,AEA,EN,Combined TRACON& Tower with Radar,32,25,38,2,97,0,3,18,0,21,32,28,56,2,118,0,0,0,118
04/22/2021,ABE,PA,AEA,EN,Combined TRACON& Tower with Radar,36,30,29,4,99,0,3,11,0,14,36,33,40,4,113,66,0,66,179
04/23/2021,ABE,PA,AEA,EN,Combined TRACON& Tower with Radar,37,19,32,4,92,0,1,58,1,60,37,20,90,5,152,172,0,172,324
04/24/2021,ABE,PA,AEA,EN,Combined TRACON& Tower with Radar,29,20,65,0,114,0,5,92,1,98,29,25,157,1,212,0,0,0,212
04/25/2021,ABE,PA,AEA,EN,Combined TRACON& Tower with Radar,31,28,43,0,102,0,2,19,0,21,31,30,62,0,123,0,0,0,123
04/26/2021,ABE,PA,AEA,EN,Combined TRACON& Tower with Radar,37,17,30,5,89,0,1,61,3,65,37,18,91,8,154,84,0,84,238
04/27/2021,ABE,PA,AEA,EN,Combined TRACON& Tower with Radar,32,15,77,0,124,0,2,112,1,115,32,17,189,1,239,64,0,64,303
04/28/2021,ABE,PA,AEA,EN,Combined TRACON& Tower with Radar,34,16,58,11,119,0,0,62,4,66,34,16,120,15,185,111,12,123,308
04/29/2021,ABE,PA,AEA,EN,Combined TRACON& Tower with Radar,39,22,48,9,118,0,0,12,1,13,39,22,60,10,131,26,0,26,157
04/30/2021,ABE,PA,AEA,EN,Combined TRACON& Tower with Radar,38,20,23,0,81,0,0,6,0,6,38,20,29,0,87,0,0,0,87
05/01/2021,ABE,PA,AEA,EN,Combined TRACON& Tower with Radar,32,10,27,0,69,0,0,40,0,40,32,10,67,0,109,26,0,26,135
05/02/2021,ABE,PA,AEA,EN,Combined TRACON& Tower with Radar,33,24,42,0,99,0,0,50,0,50,33,24,92,0,149,150,0,150,299
05/03/2021,ABE,PA,AEA,EN,Combined TRACON& Tower with Radar,34,20,30,0,84,0,3,34,0,37,34,23,64,0,121,86,0,86,207
05/04/2021,ABE,PA,AEA,EN,Combined TRACON& Tower with Radar,30,15,53,0,98,0,0,14,1,15,30,15,67,1,113,6,0,6,119
05/05/2021,ABE,PA,AEA,EN,Combined TRACON& Tower with Radar,32,22,25,4,83,0,0,6,0,6,32,22,31,4,89,0,0,0,89
05/06/2021,ABE,PA,AEA,EN,Combined TRACON& Tower with Radar,38,20,50,11,119,0,3,101,1,105,38,23,151,12,224,230,0,230,454
05/07/2021,ABE,PA,AEA,EN,Combined TRACON& Tower with Radar,40,26,47,0,113,0,1,85,0,86,40,27,132,0,199,77,0,77,276
05/08/2021,ABE,PA,AEA,EN,Combined TRACON& Tower with Radar,32,16,38,0,86,0,0,18,0,18,32,16,56,0,104,48,0,48,152
05/09/2021,ABE,PA,AEA,EN,Combined TRACON& Tower with Radar,33,21,40,0,94,0,1,37,0,38,33,22,77,0,132,0,0,0,132
05/10/2021,ABE,PA,AEA,EN,Combined TRACON& Tower with Radar,37,22,43,3,105,0,2,33,0,35,37,24,76,3,140,84,0,84,224
05/11/2021,ABE,PA,AEA,EN,Combined TRACON& Tower with Radar,37,18,54,0,109,0,1,62,0,63,37,19,116,0,172,144,0,144,316
05/12/2021,ABE,PA,AEA,EN,Combined TRACON& Tower with Radar,34,21,51,0,106,0,2,95,0,97,34,23,146,0,203,0,0,0,203
05/13/2021,ABE,PA,AEA,EN,Combined TRACON& Tower with Radar,38,23,45,10,116,0,2,106,1,109,38,25,151,11,225,142,4,146,371
05/14/2021,ABE,PA,AEA,EN,Combined TRACON& Tower with Radar,37,21,50,5,113,0,4,82,4,90,37,25,132,9,203,144,4,148,351
05/15/2021,ABE,PA,AEA,EN,Combined TRACON& Tower with Radar,30,22,46,0,98,0,0,54,0,54,30,22,100,0,152,200,0,200,352
05/16/2021,ABE,PA,AEA,EN,Combined TRACON& Tower with Radar,31,22,46,0,99,0,2,58,0,60,31,24,104,0,159,122,0,122,281
05/17/2021,ABE,PA,AEA,EN,Combined TRACON& Tower with Radar,36,21,47,0,104,0,2,77,0,79,36,23,124,0,183,167,0,167,350
05/18/2021,ABE,PA,AEA,EN,Combined TRACON& Tower with Radar,30,18,59,0,107,0,2,99,0,101,30,20,158,0,208,142,0,142,350
05/19/2021,ABE,PA,AEA,EN,Combined TRACON& Tower with Radar,33,15,54,6,108,0,0,112,0,112,33,15,166,6,220,146,0,146,366
05/20/2021,ABE,PA,AEA,EN,Combined TRACON& Tower with Radar,36,28,64,0,128,0,3,81,1,85,36,31,145,1,213,194,0,194,407
05/21/2021,ABE,PA,AEA,EN,Combined TRACON& Tower with Radar,37,28,26,0,91,0,3,86,1,90,37,31,112,1,181,216,0,216,397
05/22/2021,ABE,PA,AEA,EN,Combined TRACON& Tower with Radar,32,16,25,0,73,0,3,59,0,62,32,19,84,0,135,60,0,60,195
05/23/2021,ABE,PA,AEA,EN,Combined TRACON& Tower with Radar,31,35,36,0,102,0,3,56,0,59,31,38,92,0,161,110,0,110,271
05/24/2021,ABE,PA,AEA,EN,Combined TRACON& Tower with Radar,37,24,46,0,107,0,0,38,0,38,37,24,84,0,145,32,0,32,177
05/25/2021,ABE,PA,AEA,EN,Combined TRACON& Tower with Radar,32,20,74,8,134,0,3,45,0,48,32,23,119,8,182,88,0,88,270
05/26/2021,ABE,PA,AEA,EN,Combined TRACON& Tower with Radar,30,19,47,1,97,0,0,18,1,19,30,19,65,2,116,60,0,60,176
05/27/2021,ABE,PA,AEA,EN,Combined TRACON& Tower with Radar,40,35,54,2,131,0,14,109,3,126,40,49,163,5,257,140,10,150,407
05/28/2021,ABE,PA,AEA,EN,Combined TRACON& Tower with Radar,40,31,46,0,117,0,0,24,0,24,40,31,70,0,141,60,0,60,201
05/29/2021,ABE,PA,AEA,EN,Combined TRACON& Tower with Radar,32,17,27,0,76,0,0,0,0,0,32,17,27,0,76,0,0,0,76
05/30/2021,ABE,PA,AEA,EN,Combined TRACON& Tower with Radar,33,24,35,0,92,0,0,0,0,0,33,24,35,0,92,0,0,0,92
05/31/2021,ABE,PA,AEA,EN,Combined TRACON& Tower with Radar,37,24,31,0,92,0,3,47,0,50,37,27,78,0,142,0,0,0,142
06/01/2021,ABE,PA,AEA,EN,Combined TRACON& Tower with Radar,32,18,40,22,112,0,3,79,5,87,32,21,119,27,199,116,30,146,345
06/02/2021,ABE,PA,AEA,EN,Combined TRACON& Tower with Radar,34,22,55,10,121,0,2,63,1,66,34,24,118,11,187,105,12,117,304
06/03/2021,ABE,PA,AEA,EN,Combined TRACON& Tower with Radar,42,19,48,2,111,0,0,0,0,0,42,19,48,2,111,2,0,2,113
06/04/2021,ABE,PA,AEA,EN,Combined TRACON& Tower with Radar,40,25,43,0,108,0,2,8,0,10,40,27,51,0,118,4,0,4,122
06/05/2021,ABE,PA,AEA,EN,Combined TRACON& Tower with Radar,34,17,31,0,82,0,1,55,0,56,34,18,86,0,138,60,1,61,199
06/06/2021,ABE,PA,AEA,EN,Combined TRACON& Tower with Radar,38,18,55,0,111,0,3,71,0,74,38,21,126,0,185,136,0,136,321
06/07/2021,ABE,PA,AEA,EN,Combined TRACON& Tower with Radar,40,15,16,0,71,0,1,42,0,43,40,16,58,0,114,71,0,71,185
06/08/2021,ABE,PA,AEA,EN,Combined TRACON& Tower with Radar,36,15,36,2,89,0,1,25,0,26,36,16,61,2,115,64,22,86,201
06/09/2021,ABE,PA,AEA,EN,Combined TRACON& Tower with Radar,37,14,28,10,89,0,0,31,0,31,37,14,59,10,120,50,10,60,180
06/10/2021,ABE,PA,AEA,EN,Combined TRACON& Tower with Radar,44,26,34,4,108,0,4,75,0,79,44,30,109,4,187,124,10,134,321
06/11/2021,ABE,PA,AEA,EN,Combined TRACON& Tower with Radar,40,16,49,9,114,0,3,15,0,18,40,19,64,9,132,0,0,0,132
06/12/2021,ABE,PA,AEA,EN,Combined TRACON& Tower with Radar,35,13,57,0,105,0,3,36,0,39,35,16,93,0,144,86,0,86,230
06/13/2021,ABE,PA,AEA,EN,Combined TRACON& Tower with Radar,41,21,28,0,90,0,2,26,0,28,41,23,54,0,118,90,0,90,208
06/14/2021,ABE,PA,AEA,EN,Combined TRACON& Tower with Radar,39,17,77,0,133,0,0,13,0,13,39,17,90,0,146,60,0,60,206
06/15/2021,ABE,PA,AEA,EN,Combined TRACON& Tower with Radar,35,27,67,0,129,0,3,72,0,75,35,30,139,0,204,92,0,92,296
06/16/2021,ABE,PA,AEA,EN,Combined TRACON& Tower with Radar,41,16,62,0,119,0,6,95,0,101,41,22,157,0,220,132,0,132,352
06/17/2021,ABE,PA,AEA,EN,Combined TRACON& Tower with Radar,44,20,33,5,102,0,3,100,1,104,44,23,133,6,206,142,0,142,348
06/18/2021,ABE,PA,AEA,EN,Combined TRACON& Tower with Radar,42,21,64,0,127,0,4,97,0,101,42,25,161,0,228,296,1,297,525
06/19/2021,ABE,PA,AEA,EN,Combined TRACON& Tower with Radar,38,21,40,0,99,0,3,39,0,42,38,24,79,0,141,54,0,54,195
06/20/2021,ABE,PA,AEA,EN,Combined TRACON& Tower with Radar,41,18,20,0,79,0,1,32,0,33,41,19,52,0,112,48,0,48,160
06/21/2021,ABE,PA,AEA,EN,Combined TRACON& Tower with Radar,41,14,77,0,132,0,1,21,0,22,41,15,98,0,154,36,0,36,190
06/22/2021,ABE,PA,AEA,EN,Combined TRACON& Tower with Radar,32,17,36,0,85,0,1,10,0,11,32,18,46,0,96,0,0,0,96
06/23/2021,ABE,PA,AEA,EN,Combined TRACON& Tower with Radar,38,18,41,0,97,0,2,85,0,87,38,20,126,0,184,69,0,69,253
06/24/2021,ABE,PA,AEA,EN,Combined TRACON& Tower with Radar,45,15,43,0,103,0,4,91,3,98,45,19,134,3,201,97,0,97,298
06/25/2021,ABE,PA,AEA,EN,Combined TRACON& Tower with Radar,41,19,63,0,123,0,4,97,0,101,41,23,160,0,224,110,0,110,334
06/26/2021,ABE,PA,AEA,EN,Combined TRACON& Tower with Radar,39,17,46,0,102,0,2,8,1,11,39,19,54,1,113,44,0,44,157
06/27/2021,ABE,PA,AEA,EN,Combined TRACON& Tower with Radar,42,23,66,0,131,0,5,21,1,27,42,28,87,1,158,16,0,16,174
06/28/2021,ABE,PA,AEA,EN,Combined TRACON& Tower with Radar,43,19,25,0,87,0,0,55,0,55,43,19,80,0,142,98,0,98,240
06/29/2021,ABE,PA,AEA,EN,Combined TRACON& Tower with Radar,41,19,49,8,117,0,3,75,1,79,41,22,124,9,196,174,12,186,382
06/30/2021,ABE,PA,AEA,EN,Combined TRACON& Tower with Radar,42,27,31,4,104,0,3,74,0,77,42,30,105,4,181,119,0,119,300
07/01/2021,ABE,PA,AEA,EN,Combined TRACON& Tower with Radar,49,27,29,3,108,0,2,13,1,16,49,29,42,4,124,10,0,10,134
07/02/2021,ABE,PA,AEA,EN,Combined TRACON& Tower with Radar,41,17,70,4,132,0,2,16,0,18,41,19,86,4,150,101,0,101,251
07/03/2021,ABE,PA,AEA,EN,Combined TRACON& Tower with Radar,36,16,37,0,89,0,1,0,0,1,36,17,37,0,90,0,0,0,90
07/04/2021,ABE,PA,AEA,EN,Combined TRACON& Tower with Radar,32,14,30,0,76,0,4,38,0,42,32,18,68,0,118,26,0,26,144
07/05/2021,ABE,PA,AEA,EN,Combined TRACON& Tower with Radar,35,22,44,0,101,0,2,87,0,89,35,24,131,0,190,174,0,174,364
07/06/2021,ABE,PA,AEA,EN,Combined TRACON& Tower with Radar,30,22,37,4,93,0,4,73,2,79,30,26,110,6,172,80,4,84,256
07/07/2021,ABE,PA,AEA,EN,Combined TRACON& Tower with Radar,39,14,40,0,93,0,5,82,0,87,39,19,122,0,180,142,0,142,322
07/08/2021,ABE,PA,AEA,EN,Combined TRACON& Tower with Radar,46,23,62,0,131,0,0,20,0,20,46,23,82,0,151,64,0,64,215
07/09/2021,ABE,PA,AEA,EN,Combined TRACON& Tower with Radar,47,24,43,0,114,0,2,37,0,39,47,26,80,0,153,148,0,148,301
07/10/2021,ABE,PA,AEA,EN,Combined TRACON& Tower with Radar,39,14,57,0,110,0,4,68,2,74,39,18,125,2,184,191,0,191,375
07/11/2021,ABE,PA,AEA,EN,Combined TRACON& Tower with Radar,40,25,59,0,124,0,3,16,0,19,40,28,75,0,143,16,0,16,159
07/12/2021,ABE,PA,AEA,EN,Combined TRACON& Tower with Radar,42,21,65,0,128,0,1,19,0,20,42,22,84,0,148,40,0,40,188
07/13/2021,ABE,PA,AEA,EN,Combined TRACON& Tower with Radar,32,22,43,0,97,0,0,1,0,1,32,22,44,0,98,0,0,0,98
07/14/2021,ABE,PA,AEA,EN,Combined TRACON& Tower with Radar,42,16,63,0,121,0,2,39,0,41,42,18,102,0,162,165,0,165,327
07/15/2021,ABE,PA,AEA,EN,Combined TRACON& Tower with Radar,45,25,72,0,142,0,3,110,0,113,45,28,182,0,255,108,6,114,369
07/16/2021,ABE,PA,AEA,EN,Combined TRACON& Tower with Radar,42,22,45,0,109,0,1,77,1,79,42,23,122,1,188,90,0,90,278
07/17/2021,ABE,PA,AEA,EN,Combined TRACON& Tower with Radar,44,16,40,0,100,0,1,42,0,43,44,17,82,0,143,184,0,184,327
07/18/2021,ABE,PA,AEA,EN,Combined TRACON& Tower with Radar,38,20,75,0,133,0,2,12,1,15,38,22,87,1,148,78,0,78,226
07/19/2021,ABE,PA,AEA,EN,Combined TRACON& Tower with Radar,44,25,42,0,111,0,0,68,1,69,44,25,110,1,180,122,0,122,302
07/20/2021,ABE,PA,AEA,EN,Combined TRACON& Tower with Radar,34,24,57,2,117,0,0,48,0,48,34,24,105,2,165,64,0,64,229
07/21/2021,ABE,PA,AEA,EN,Combined TRACON& Tower with Radar,38,23,37,0,98,0,1,46,0,47,38,24,83,0,145,64,0,64,209
07/22/2021,ABE,PA,AEA,EN,Combined TRACON& Tower with Radar,46,18,61,0,125,0,1,109,0,110,46,19,170,0,235,223,0,223,458
07/23/2021,ABE,PA,AEA,EN,Combined TRACON& Tower with Radar,40,16,37,0,93,0,3,91,0,94,40,19,128,0,187,96,0,96,283
07/24/2021,ABE,PA,AEA,EN,Combined TRACON& Tower with Radar,41,22,42,0,105,0,0,70,0,70,41,22,112,0,175,96,0,96,271
07/25/2021,ABE,PA,AEA,EN,Combined TRACON& Tower with Radar,40,30,61,3,134,0,4,25,0,29,40,34,86,3,163,6,0,6,169
07/26/2021,ABE,PA,AEA,EN,Combined TRACON& Tower with Radar,39,18,39,0,96,0,2,50,0,52,39,20,89,0,148,91,0,91,239
07/27/2021,ABE,PA,AEA,EN,Combined TRACON& Tower with Radar,33,15,17,4,69,0,3,37,1,41,33,18,54,5,110,56,0,56,166
07/28/2021,ABE,PA,AEA,EN,Combined TRACON& Tower with Radar,39,11,23,4,77,0,1,26,0,27,39,12,49,4,104,46,0,46,150
07/29/2021,ABE,PA,AEA,EN,Combined TRACON& Tower with Radar,44,20,30,3,97,0,2,4,0,6,44,22,34,3,103,18,0,18,121
07/30/2021,ABE,PA,AEA,EN,Combined TRACON& Tower with Radar,42,25,27,0,94,0,3,41,2,46,42,28,68,2,140,97,0,97,237
07/31/2021,ABE,PA,AEA,EN,Combined TRACON& Tower with Radar,39,19,22,0,80,0,4,68,0,72,39,23,90,0,152,109,0,109,261
08/01/2021,ABE,PA,AEA,EN,Combined TRACON& Tower with Radar,39,23,47,0,109,0,0,4,0,4,39,23,51,0,113,8,0,8,121
08/02/2021,ABE,PA,AEA,EN,Combined TRACON& Tower with Radar,42,17,43,0,102,0,1,62,0,63,42,18,105,0,165,101,0,101,266
08/03/2021,ABE,PA,AEA,EN,Combined TRACON& Tower with Radar,37,21,48,4,110,0,3,72,0,75,37,24,120,4,185,140,0,140,325
08/04/2021,ABE,PA,AEA,EN,Combined TRACON& Tower with Radar,42,23,45,0,110,0,3,88,1,92,42,26,133,1,202,198,0,198,400
08/05/2021,ABE,PA,AEA,EN,Combined TRACON& Tower with Radar,45,20,28,0,93,0,1,73,1,75,45,21,101,1,168,100,2,102,270
08/06/2021,ABE,PA,AEA,EN,Combined TRACON& Tower with Radar,41,22,56,0,119,0,0,81,1,82,41,22,137,1,201,144,0,144,345
08/07/2021,ABE,PA,AEA,EN,Combined TRACON& Tower with Radar,35,20,26,0,81,0,4,58,0,62,35,24,84,0,143,124,0,124,267
08/08/2021,ABE,PA,AEA,EN,Combined TRACON& Tower with Radar,40,19,34,0,93,0,9,47,0,56,40,28,81,0,149,84,0,84,233
08/09/2021,ABE,PA,AEA,EN,Combined TRACON& Tower with Radar,39,14,45,3,101,0,2,59,2,63,39,16,104,5,164,113,2,115,279
08/10/2021,ABE,PA,AEA,EN,Combined TRACON& Tower with Radar,36,15,38,0,89,0,1,7,0,8,36,16,45,0,97,38,0,38,135
08/11/2021,ABE,PA,AEA,EN,Combined TRACON& Tower with Radar,37,11,45,2,95,0,1,32,0,33,37,12,77,2,128,117,0,117,245
08/12/2021,ABE,PA,AEA,EN,Combined TRACON& Tower with Radar,37,27,42,0,106,0,1,77,0,78,37,28,119,0,184,121,0,121,305
08/13/2021,ABE,PA,AEA,EN,Combined TRACON& Tower with Radar,41,18,45,0,104,0,3,67,1,71,41,21,112,1,175,61,8,69,244
08/14/2021,ABE,PA,AEA,EN,Combined TRACON& Tower with Radar,37,23,30,0,90,0,4,53,0,57,37,27,83,0,147,29,0,29,176
08/15/2021,ABE,PA,AEA,EN,Combined TRACON& Tower with Radar,43,20,57,0,120,0,0,71,1,72,43,20,128,1,192,117,0,117,309
08/16/2021,ABE,PA,AEA,EN,Combined TRACON& Tower with Radar,40,19,71,4,134,0,5,85,0,90,40,24,156,4,224,99,0,99,323
08/17/2021,ABE,PA,AEA,EN,Combined TRACON& Tower with Radar,35,11,45,0,91,0,0,6,0,6,35,11,51,0,97,37,0,37,134
08/18/2021,ABE,PA,AEA,EN,Combined TRACON& Tower with Radar,36,25,34,2,97,0,1,7,0,8,36,26,41,2,105,14,0,14,119
08/19/2021,ABE,PA,AEA,EN,Combined TRACON& Tower with Radar,38,16,70,1,125,0,1,36,0,37,38,17,106,1,162,150,0,150,312
08/20/2021,ABE,PA,AEA,EN,Combined TRACON& Tower with Radar,38,20,62,6,126,0,2,52,0,54,38,22,114,6,180,70,0,70,250
08/21/2021,ABE,PA,AEA,EN,Combined TRACON& Tower with Radar,39,20,33,0,92,0,4,37,0,41,39,24,70,0,133,24,0,24,157
08/22/2021,ABE,PA,AEA,EN,Combined TRACON& Tower with Radar,31,9,24,0,64,0,0,0,0,0,31,9,24,0,64,1,0,1,65
08/23/2021,ABE,PA,AEA,EN,Combined TRACON& Tower with Radar,34,19,45,0,98,0,2,21,1,24,34,21,66,1,122,30,0,30,152
08/24/2021,ABE,PA,AEA,EN,Combined TRACON& Tower with Radar,34,19,44,0,97,0,5,65,0,70,34,24,109,0,167,72,0,72,239
08/25/2021,ABE,PA,AEA,EN,Combined TRACON& Tower with Radar,38,19,53,4,114,0,2,82,0,84,38,21,135,4,198,129,0,129,327
08/26/2021,ABE,PA,AEA,EN,Combined TRACON& Tower with Radar,34,19,43,0,96,0,0,65,0,65,34,19,108,0,161,108,0,108,269
08/27/2021,ABE,PA,AEA,EN,Combined TRACON& Tower with Radar,41,16,41,1,99,0,2,38,2,42,41,18,79,3,141,73,0,73,214
08/28/2021,ABE,PA,AEA,EN,Combined TRACON& Tower with Radar,34,18,44,0,96,0,0,0,0,0,34,18,44,0,96,0,0,0,96
08/29/2021,ABE,PA,AEA,EN,Combined TRACON& Tower with Radar,32,18,78,0,128,0,0,6,0,6,32,18,84,0,134,10,0,10,144
08/30/2021,ABE,PA,AEA,EN,Combined TRACON& Tower with Radar,37,14,46,0,97,0,2,37,0,39,37,16,83,0,136,41,0,41,177
08/31/2021,ABE,PA,AEA,EN,Combined TRACON& Tower with Radar,37,19,35,4,95,0,7,99,0,106,37,26,134,4,201,74,0,74,275
09/01/2021,ABE,PA,AEA,EN,Combined TRACON& Tower with Radar,37,20,17,0,74,0,0,0,0,0,37,20,17,0,74,0,0,0,74
09/02/2021,ABE,PA,AEA,EN,Combined TRACON& Tower with Radar,39,20,41,0,100,0,8,48,0,56,39,28,89,0,156,50,0,50,206
09/03/2021,ABE,PA,AEA,EN,Combined TRACON& Tower with Radar,40,18,40,2,100,0,2,88,0,90,40,20,128,2,190,61,0,61,251
09/04/2021,ABE,PA,AEA,EN,Combined TRACON& Tower with Radar,35,14,41,0,90,0,3,71,0,74,35,17,112,0,164,54,0,54,218
09/05/2021,ABE,PA,AEA,EN,Combined TRACON& Tower with Radar,29,18,58,0,105,0,2,8,0,10,29,20,66,0,115,18,0,18,133
09/06/2021,ABE,PA,AEA,EN,Combined TRACON& Tower with Radar,38,7,28,0,73,0,4,64,1,69,38,11,92,1,142,100,0,100,242
09/07/2021,ABE,PA,AEA,EN,Combined TRACON& Tower with Radar,35,10,39,1,85,0,3,80,1,84,35,13,119,2,169,50,0,50,219
09/08/2021,ABE,PA,AEA,EN,Combined TRACON& Tower with Radar,31,11,28,0,70,0,0,39,0,39,31,11,67,0,109,108,0,108,217
09/09/2021,ABE,PA,AEA,EN,Combined TRACON& Tower with Radar,39,23,70,0,132,0,3,35,0,38,39,26,105,0,170,0,0,0,170
09/10/2021,ABE,PA,AEA,EN,Combined TRACON& Tower with Radar,36,17,42,0,95,0,0,63,0,63,36,17,105,0,158,181,0,181,339
09/11/2021,ABE,PA,AEA,EN,Combined TRACON& Tower with Radar,37,14,40,0,91,0,3,90,0,93,37,17,130,0,184,149,0,149,333
09/12/2021,ABE,PA,AEA,EN,Combined TRACON& Tower with Radar,31,20,37,0,88,0,3,86,1,90,31,23,123,1,178,141,0,141,319
09/13/2021,ABE,PA,AEA,EN,Combined TRACON& Tower with Radar,32,16,49,9,106,0,4,62,2,68,32,20,111,11,174,162,6,168,342
09/14/2021,ABE,PA,AEA,EN,Combined TRACON& Tower with Radar,33,21,50,0,104,0,1,63,2,66,33,22,113,2,170,130,0,130,300
09/15/2021,ABE,PA,AEA,EN,Combined TRACON& Tower with Radar,32,20,55,0,107,0,1,36,0,37,32,21,91,0,144,65,0,65,209
09/16/2021,ABE,PA,AEA,EN,Combined TRACON& Tower with Radar,37,22,40,2,101,0,0,23,0,23,37,22,63,2,124,28,0,28,152
09/17/2021,ABE,PA,AEA,EN,Combined TRACON& Tower with Radar,1,0,1,0,2,0,1,0,1,2,1,1,1,1,4,0,0,0,4
09/18/2021,ABE,PA,AEA,EN,Combined TRACON& Tower with Radar,0,0,2,0,2,0,2,0,1,3,0,2,2,1,5,0,0,0,5
09/19/2021,ABE,PA,AEA,EN,Combined TRACON& Tower with Radar,0,0,0,0,0,0,2,3,0,5,0,2,3,0,5,0,0,0,5
09/20/2021,ABE,PA,AEA,EN,Combined TRACON& Tower with Radar,36,13,37,2,88,0,8,103,0,111,36,21,140,2,199,98,0,98,297
09/21/2021,ABE,PA,AEA,EN,Combined TRACON& Tower with Radar,37,17,46,6,106,0,0,46,0,46,37,17,92,6,152,169,14,183,335
09/22/2021,ABE,PA,AEA,EN,Combined TRACON& Tower with Radar,32,20,55,4,111,0,2,9,0,11,32,22,64,4,122,0,0,0,122
09/23/2021,ABE,PA,AEA,EN,Combined TRACON& Tower with Radar,38,31,26,0,95,0,0,0,0,0,38,31,26,0,95,0,0,0,95
09/24/2021,ABE,PA,AEA,EN,Combined TRACON& Tower with Radar,36,27,57,1,121,0,6,109,1,116,36,33,166,2,237,185,0,185,422
09/25/2021,ABE,PA,AEA,EN,Combined TRACON& Tower with Radar,27,16,35,0,78,0,0,104,0,104,27,16,139,0,182,300,0,300,482
09/26/2021,ABE,PA,AEA,EN,Combined TRACON& Tower with Radar,29,25,32,0,86,0,6,58,0,64,29,31,90,0,150,54,0,54,204
09/27/2021,ABE,PA,AEA,EN,Combined TRACON& Tower with Radar,28,16,37,0,81,0,1,74,1,76,28,17,111,1,157,86,0,86,243
09/28/2021,ABE,PA,AEA,EN,Combined TRACON& Tower with Radar,0,0,0,0,0,0,1,0,0,1,0,1,0,0,1,0,0,0,1
09/29/2021,ABE,PA,AEA,EN,Combined TRACON& Tower with Radar,0,0,1,0,1,0,5,6,0,11,0,5,7,0,12,0,0,0,12
09/30/2021,ABE,PA,AEA,EN,Combined TRACON& Tower with Radar,34,26,57,0,117,0,4,84,0,88,34,30,141,0,205,78,0,78,283
10/01/2021,ABE,PA,AEA,EN,Combined TRACON& Tower with Radar,37,21,53,0,111,0,0,93,1,94,37,21,146,1,205,130,0,130,335
10/02/2021,ABE,PA,AEA,EN,Combined TRACON& Tower with Radar,27,15,27,0,69,0,6,87,4,97,27,21,114,4,166,29,0,29,195
10/03/2021,ABE,PA,AEA,EN,Combined TRACON& Tower with Radar,31,26,42,0,99,0,12,67,2,81,31,38,109,2,180,165,0,165,345
10/04/2021,ABE,PA,AEA,EN,Combined TRACON& Tower with Radar,34,17,42,0,93,0,0,8,0,8,34,17,50,0,101,6,0,6,107
10/05/2021,ABE,PA,AEA,EN,Combined TRACON& Tower with Radar,32,20,54,0,106,0,0,2,0,2,32,20,56,0,108,0,0,0,108
10/06/2021,ABE,PA,AEA,EN,Combined TRACON& Tower with Radar,39,17,93,2,151,0,1,5,0,6,39,18,98,2,157,0,0,0,157
10/07/2021,ABE,PA,AEA,EN,Combined TRACON& Tower with Radar,37,27,91,4,159,0,2,34,0,36,37,29,125,4,195,79,4,83,278
10/08/2021,ABE,PA,AEA,EN,Combined TRACON& Tower with Radar,35,27,58,0,120,0,8,66,1,75,35,35,124,1,195,114,0,114,309
10/09/2021,ABE,PA,AEA,EN,Combined TRACON& Tower with Radar,37,16,45,0,98,0,0,9,0,9,37,16,54,0,107,4,0,4,111
10/10/2021,ABE,PA,AEA,EN,Combined TRACON& Tower with Radar,34,21,69,0,124,0,0,0,0,0,34,21,69,0,124,0,0,0,124
10/11/2021,ABE,PA,AEA,EN,Combined TRACON& Tower with Radar,38,26,88,0,152,0,3,22,0,25,38,29,110,0,177,65,0,65,242
10/12/2021,ABE,PA,AEA,EN,Combined TRACON& Tower with Radar,42,19,69,0,130,0,0,14,0,14,42,19,83,0,144,150,0,150,294
10/13/2021,ABE,PA,AEA,EN,Combined TRACON& Tower with Radar,41,18,58,6,123,0,2,2,0,4,41,20,60,6,127,38,0,38,165
10/14/2021,ABE,PA,AEA,EN,Combined TRACON& Tower with Radar,38,20,47,0,105,0,3,105,0,108,38,23,152,0,213,44,0,44,257
10/15/2021,ABE,PA,AEA,EN,Combined TRACON& Tower with Radar,39,36,59,1,135,0,4,89,3,96,39,40,148,4,231,170,0,170,401
10/16/2021,ABE,PA,AEA,EN,Combined TRACON& Tower with Radar,42,13,29,0,84,0,5,11,0,16,42,18,40,0,100,48,0,48,148
10/17/2021,ABE,PA,AEA,EN,Combined TRACON& Tower with Radar,33,11,42,0,86,0,2,58,0,60,33,13,100,0,146,48,0,48,194
10/18/2021,ABE,PA,AEA,EN,Combined TRACON& Tower with Radar,40,19,32,2,93,0,1,38,0,39,40,20,70,2,132,22,0,22,154
10/19/2021,ABE,PA,AEA,EN,Combined TRACON& Tower with Radar,40,22,50,0,112,0,2,83,0,85,40,24,133,0,197,114,0,114,311
10/20/2021,ABE,PA,AEA,EN,Combined TRACON& Tower with Radar,43,14,56,8,121,0,0,102,1,103,43,14,158,9,224,112,14,126,350
10/21/2021,ABE,PA,AEA,EN,Combined TRACON& Tower with Radar,39,26,47,0,112,0,2,91,2,95,39,28,138,2,207,244,0,244,451
10/22/2021,ABE,PA,AEA,EN,Combined TRACON& Tower with Radar,43,21,49,8,121,0,0,69,0,69,43,21,118,8,190,161,0,161,351
10/23/2021,ABE,PA,AEA,EN,Combined TRACON& Tower with Radar,43,19,33,0,95,0,4,38,0,42,43,23,71,0,137,55,0,55,192
10/24/2021,ABE,PA,AEA,EN,Combined TRACON& Tower with Radar,34,17,48,0,99,0,2,67,0,69,34,19,115,0,168,155,0,155,323
10/25/2021,ABE,PA,AEA,EN,Combined TRACON& Tower with Radar,37,21,33,11,102,0,0,19,0,19,37,21,52,11,121,66,0,66,187
10/26/2021,ABE,PA,AEA,EN,Combined TRACON& Tower with Radar,41,21,17,2,81,0,0,0,0,0,41,21,17,2,81,0,0,0,81
10/27/2021,ABE,PA,AEA,EN,Combined TRACON& Tower with Radar,41,19,43,0,103,0,1,50,0,51,41,20,93,0,154,67,0,67,221
10/28/2021,ABE,PA,AEA,EN,Combined TRACON& Tower with Radar,40,17,49,11,117,0,2,110,1,113,40,19,159,12,230,191,6,197,427
10/29/2021,ABE,PA,AEA,EN,Combined TRACON& Tower with Radar,38,15,29,2,84,0,0,0,0,0,38,15,29,2,84,0,0,0,84
10/30/2021,ABE,PA,AEA,EN,Combined TRACON& Tower with Radar,32,16,62,0,110,0,0,12,0,12,32,16,74,0,122,12,0,12,134
10/31/2021,ABE,PA,AEA,EN,Combined TRACON& Tower with Radar,29,15,45,0,89,0,1,9,1,11,29,16,54,1,100,0,0,0,100
11/01/2021,ABE,PA,AEA,EN,Combined TRACON& Tower with Radar,37,17,60,0,114,0,1,79,0,80,37,18,139,0,194,146,0,146,340
11/02/2021,ABE,PA,AEA,EN,Combined TRACON& Tower with Radar,36,21,31,0,88,0,1,49,0,50,36,22,80,0,138,106,0,106,244
11/03/2021,ABE,PA,AEA,EN,Combined TRACON& Tower with Radar,40,10,48,0,98,0,4,85,0,89,40,14,133,0,187,75,0,75,262
11/04/2021,ABE,PA,AEA,EN,Combined TRACON& Tower with Radar,40,16,51,0,107,0,3,107,1,111,40,19,158,1,218,138,0,138,356
11/05/2021,ABE,PA,AEA,EN,Combined TRACON& Tower with Radar,40,12,47,0,99,0,2,114,1,117,40,14,161,1,216,172,0,172,388
11/06/2021,ABE,PA,AEA,EN,Combined TRACON& Tower with Radar,36,11,32,0,79,0,1,68,0,69,36,12,100,0,148,114,0,114,262
11/07/2021,ABE,PA,AEA,EN,Combined TRACON& Tower with Radar,35,14,33,0,82,0,1,79,0,80,35,15,112,0,162,124,0,124,286
11/08/2021,ABE,PA,AEA,EN,Combined TRACON& Tower with Radar,38,10,40,0,88,0,1,68,0,69,38,11,108,0,157,82,0,82,239
11/09/2021,ABE,PA,AEA,EN,Combined TRACON& Tower with Radar,34,16,51,4,105,0,0,74,0,74,34,16,125,4,179,136,0,136,315
11/10/2021,ABE,PA,AEA,EN,Combined TRACON& Tower with Radar,40,15,30,0,85,0,0,57,0,57,40,15,87,0,142,108,0,108,250
11/11/2021,ABE,PA,AEA,EN,Combined TRACON& Tower with Radar,40,20,53,0,113,0,0,58,0,58,40,20,111,0,171,82,0,82,253
11/12/2021,ABE,PA,AEA,EN,Combined TRACON& Tower with Radar,40,19,27,2,88,0,2,20,0,22,40,21,47,2,110,44,0,44,154
11/13/2021,ABE,PA,AEA,EN,Combined TRACON& Tower with Radar,43,11,29,0,83,0,5,6,0,11,43,16,35,0,94,5,0,5,99
11/14/2021,ABE,PA,AEA,EN,Combined TRACON& Tower with Radar,34,16,40,0,90,0,2,67,0,69,34,18,107,0,159,156,0,156,315
11/15/2021,ABE,PA,AEA,EN,Combined TRACON& Tower with Radar,39,25,27,0,91,0,1,12,0,13,39,26,39,0,104,64,0,64,168
11/16/2021,ABE,PA,AEA,EN,Combined TRACON& Tower with Radar,34,12,48,0,94,0,4,59,0,63,34,16,107,0,157,123,0,123,280
11/17/2021,ABE,PA,AEA,EN,Combined TRACON& Tower with Radar,40,16,54,10,120,0,1,55,3,59,40,17,109,13,179,114,0,114,293
11/18/2021,ABE,PA,AEA,EN,Combined TRACON& Tower with Radar,41,15,31,6,93,0,0,32,2,34,41,15,63,8,127,86,0,86,213
11/19/2021,ABE,PA,AEA,EN,Combined TRACON& Tower with Radar,42,22,35,1,100,0,2,32,1,35,42,24,67,2,135,73,0,73,208
11/20/2021,ABE,PA,AEA,EN,Combined TRACON& Tower with Radar,33,17,47,0,97,0,4,75,0,79,33,21,122,0,176,126,0,126,302
11/21/2021,ABE,PA,AEA,EN,Combined TRACON& Tower with Radar,38,21,32,3,94,0,1,42,1,44,38,22,74,4,138,195,0,195,333
11/22/2021,ABE,PA,AEA,EN,Combined TRACON& Tower with Radar,43,14,36,0,93,0,2,36,0,38,43,16,72,0,131,94,0,94,225
11/23/2021,ABE,PA,AEA,EN,Combined TRACON& Tower with Radar,48,24,42,3,117,0,2,39,0,41,48,26,81,3,158,43,0,43,201
11/24/2021,ABE,PA,AEA,EN,Combined TRACON& Tower with Radar,47,24,47,0,118,0,1,83,0,84,47,25,130,0,202,44,0,44,246
11/25/2021,ABE,PA,AEA,EN,Combined TRACON& Tower with Radar,14,6,24,0,44,0,0,31,0,31,14,6,55,0,75,26,0,26,101
11/26/2021,ABE,PA,AEA,EN,Combined TRACON& Tower with Radar,24,16,8,0,48,0,2,3,0,5,24,18,11,0,53,0,0,0,53
11/27/2021,ABE,PA,AEA,EN,Combined TRACON& Tower with Radar,42,17,20,0,79,0,3,24,0,27,42,20,44,0,106,95,0,95,201
11/28/2021,ABE,PA,AEA,EN,Combined TRACON& Tower with Radar,47,38,33,0,118,0,1,21,0,22,47,39,54,0,140,0,0,0,140
11/29/2021,ABE,PA,AEA,EN,Combined TRACON& Tower with Radar,41,21,54,0,116,0,6,53,0,59,41,27,107,0,175,172,0,172,347
11/30/2021,ABE,PA,AEA,EN,Combined TRACON& Tower with Radar,37,13,22,4,76,0,2,10,2,14,37,15,32,6,90,0,0,0,90
12/01/2021,ABE,PA,AEA,EN,Combined TRACON& Tower with Radar,41,14,55,0,110,0,1,91,0,92,41,15,146,0,202,74,6,80,282
12/02/2021,ABE,PA,AEA,EN,Combined TRACON& Tower with Radar,42,15,24,0,81,0,2,33,0,35,42,17,57,0,116,23,0,23,139
12/03/2021,ABE,PA,AEA,EN,Combined TRACON& Tower with Radar,43,9,31,3,86,0,2,59,0,61,43,11,90,3,147,105,0,105,252
12/04/2021,ABE,PA,AEA,EN,Combined TRACON& Tower with Radar,27,11,36,0,74,0,1,80,0,81,27,12,116,0,155,108,0,108,263
12/05/2021,ABE,PA,AEA,EN,Combined TRACON& Tower with Radar,37,14,44,0,95,0,3,64,1,68,37,17,108,1,163,120,0,120,283
12/06/2021,ABE,PA,AEA,EN,Combined TRACON& Tower with Radar,39,19,20,0,78,0,0,0,0,0,39,19,20,0,78,0,0,0,78
12/07/2021,ABE,PA,AEA,EN,Combined TRACON& Tower with Radar,35,14,29,2,80,0,2,71,2,75,35,16,100,4,155,76,0,76,231
12/08/2021,ABE,PA,AEA,EN,Combined TRACON& Tower with Radar,40,8,23,0,71,0,1,37,2,40,40,9,60,2,111,62,0,62,173
12/09/2021,ABE,PA,AEA,EN,Combined TRACON& Tower with Radar,41,17,37,0,95,0,3,69,1,73,41,20,106,1,168,141,0,141,309
12/10/2021,ABE,PA,AEA,EN,Combined TRACON& Tower with Radar,42,11,34,0,87,0,1,84,0,85,42,12,118,0,172,138,0,138,310
12/11/2021,ABE,PA,AEA,EN,Combined TRACON& Tower with Radar,27,11,11,0,49,0,0,0,0,0,27,11,11,0,49,0,0,0,49
12/12/2021,ABE,PA,AEA,EN,Combined TRACON& Tower with Radar,40,18,50,0,108,0,1,42,0,43,40,19,92,0,151,154,0,154,305
12/13/2021,ABE,PA,AEA,EN,Combined TRACON& Tower with Radar,36,22,34,0,92,0,2,54,1,57,36,24,88,1,149,90,0,90,239
12/14/2021,ABE,PA,AEA,EN,Combined TRACON& Tower with Radar,33,19,49,0,101,0,0,78,2,80,33,19,127,2,181,112,0,112,293
12/15/2021,ABE,PA,AEA,EN,Combined TRACON& Tower with Radar,39,10,51,4,104,0,4,38,1,43,39,14,89,5,147,92,0,92,239
12/16/2021,ABE,PA,AEA,EN,Combined TRACON& Tower with Radar,42,25,35,0,102,0,0,59,0,59,42,25,94,0,161,36,0,36,197
12/17/2021,ABE,PA,AEA,EN,Combined TRACON& Tower with Radar,42,23,50,0,115,0,1,73,0,74,42,24,123,0,189,194,0,194,383
12/18/2021,ABE,PA,AEA,EN,Combined TRACON& Tower with Radar,37,19,26,0,82,0,0,0,0,0,37,19,26,0,82,0,0,0,82
12/19/2021,ABE,PA,AEA,EN,Combined TRACON& Tower with Radar,36,19,43,0,98,0,2,23,0,25,36,21,66,0,123,30,0,30,153
12/20/2021,ABE,PA,AEA,EN,Combined TRACON& Tower with Radar,40,17,39,5,101,0,1,92,0,93,40,18,131,5,194,168,0,168,362
12/21/2021,ABE,PA,AEA,EN,Combined TRACON& Tower with Radar,41,18,30,0,89,0,2,61,1,64,41,20,91,1,153,84,0,84,237
12/22/2021,ABE,PA,AEA,EN,Combined TRACON& Tower with Radar,39,23,22,0,84,0,1,18,0,19,39,24,40,0,103,4,0,4,107
12/23/2021,ABE,PA,AEA,EN,Combined TRACON& Tower with Radar,45,21,45,0,111,0,3,51,0,54,45,24,96,0,165,103,0,103,268
12/24/2021,ABE,PA,AEA,EN,Combined TRACON& Tower with Radar,22,14,27,0,63,0,4,23,0,27,22,18,50,0,90,38,0,38,128
12/25/2021,ABE,PA,AEA,EN,Combined TRACON& Tower with Radar,14,10,3,0,27,0,2,0,0,2,14,12,3,0,29,0,0,0,29
12/26/2021,ABE,PA,AEA,EN,Combined TRACON& Tower with Radar,19,25,30,0,74,0,2,41,2,45,19,27,71,2,119,78,0,78,197
12/27/2021,ABE,PA,AEA,EN,Combined TRACON& Tower with Radar,41,20,28,0,89,0,0,12,0,12,41,20,40,0,101,24,0,24,125
12/28/2021,ABE,PA,AEA,EN,Combined TRACON& Tower with Radar,40,18,49,6,113,0,1,42,2,45,40,19,91,8,158,60,16,76,234
12/29/2021,ABE,PA,AEA,EN,Combined TRACON& Tower with Radar,42,23,37,0,102,0,0,2,0,2,42,23,39,0,104,0,0,0,104
12/30/2021,ABE,PA,AEA,EN,Combined TRACON& Tower with Radar,41,14,24,0,79,0,0,0,0,0,41,14,24,0,79,0,0,0,79
12/31/2021,ABE,PA,AEA,EN,Combined TRACON& Tower with Radar,22,16,33,0,71,0,0,0,0,0,22,16,33,0,71,0,0,0,71
01/02/2022,ABE,PA,AEA,EN,Combined TRACON& Tower with Radar,32,28,49,0,109,0,0,3,0,3,32,28,52,0,112,42,0,42,154
01/03/2022,ABE,PA,AEA,EN,Combined TRACON& Tower with Radar,28,23,35,0,86,0,2,31,0,33,28,25,66,0,119,106,0,106,225
01/04/2022,ABE,PA,AEA,EN,Combined TRACON& Tower with Radar,34,17,32,0,83,0,3,86,0,89,34,20,118,0,172,48,0,48,220
01/05/2022,ABE,PA,AEA,EN,Combined TRACON& Tower with Radar,35,16,19,0,70,0,0,16,0,16,35,16,35,0,86,40,0,40,126
01/06/2022,ABE,PA,AEA,EN,Combined TRACON& Tower with Radar,35,17,44,0,96,0,3,52,0,55,35,20,96,0,151,28,0,28,179
01/07/2022,ABE,PA,AEA,EN,Combined TRACON& Tower with Radar,35,12,12,0,59,0,1,4,0,5,35,13,16,0,64,0,0,0,64
01/08/2022,ABE,PA,AEA,EN,Combined TRACON& Tower with Radar,27,13,59,0,99,0,3,87,0,90,27,16,146,0,189,124,0,124,313
01/09/2022,ABE,PA,AEA,EN,Combined TRACON& Tower with Radar,29,16,8,0,53,0,0,0,0,0,29,16,8,0,53,0,0,0,53
01/10/2022,ABE,PA,AEA,EN,Combined TRACON& Tower with Radar,34,14,41,0,89,0,2,29,0,31,34,16,70,0,120,75,0,75,195
01/11/2022,ABE,PA,AEA,EN,Combined TRACON& Tower with Radar,31,17,20,0,68,0,5,34,0,39,31,22,54,0,107,40,0,40,147
01/12/2022,ABE,PA,AEA,EN,Combined TRACON& Tower with Radar,35,20,31,0,86,0,1,54,0,55,35,21,85,0,141,124,0,124,265
01/13/2022,ABE,PA,AEA,EN,Combined TRACON& Tower with Radar,37,13,39,0,89,0,2,73,2,77,37,15,112,2,166,119,0,119,285
01/14/2022,ABE,PA,AEA,EN,Combined TRACON& Tower with Radar,40,10,24,0,74,0,2,17,0,19,40,12,41,0,93,74,0,74,167
01/15/2022,ABE,PA,AEA,EN,Combined TRACON& Tower with Radar,30,14,37,0,81,0,5,45,0,50,30,19,82,0,131,38,0,38,169
01/16/2022,ABE,PA,AEA,EN,Combined TRACON& Tower with Radar,18,20,23,0,61,0,0,29,0,29,18,20,52,0,90,58,0,58,148
01/17/2022,ABE,PA,AEA,EN,Combined TRACON& Tower with Radar,36,9,14,0,59,0,0,0,0,0,36,9,14,0,59,0,0,0,59
01/18/2022,ABE,PA,AEA,EN,Combined TRACON& Tower with Radar,34,20,22,5,81,0,0,24,1,25,34,20,46,6,106,22,4,26,132
01/19/2022,ABE,PA,AEA,EN,Combined TRACON& Tower with Radar,36,24,43,0,103,0,0,54,3,57,36,24,97,3,160,100,0,100,260
01/20/2022,ABE,PA,AEA,EN,Combined TRACON& Tower with Radar,39,11,18,0,68,0,0,9,3,12,39,11,27,3,80,14,0,14,94
01/21/2022,ABE,PA,AEA,EN,Combined TRACON& Tower with Radar,39,11,18,0,68,0,0,42,1,43,39,11,60,1,111,127,0,127,238
01/22/2022,ABE,PA,AEA,EN,Combined TRACON& Tower with Radar,26,12,55,0,93,0,2,65,0,67,26,14,120,0,160,58,0,58,218
01/23/2022,ABE,PA,AEA,EN,Combined TRACON& Tower with Radar,32,15,32,0,79,0,2,42,2,46,32,17,74,2,125,68,0,68,193
01/24/2022,ABE,PA,AEA,EN,Combined TRACON& Tower with Radar,34,15,52,2,103,0,0,49,0,49,34,15,101,2,152,82,0,82,234
01/25/2022,ABE,PA,AEA,EN,Combined TRACON& Tower with Radar,34,12,46,9,101,0,2,51,3,56,34,14,97,12,157,66,0,66,223
01/26/2022,ABE,PA,AEA,EN,Combined TRACON& Tower with Radar,36,14,34,5,89,0,0,64,1,65,36,14,98,6,154,130,0,130,284
01/27/2022,ABE,PA,AEA,EN,Combined TRACON& Tower with Radar,38,13,58,2,111,0,2,80,0,82,38,15,138,2,193,84,0,84,277
01/28/2022,ABE,PA,AEA,EN,Combined TRACON& Tower with Radar,38,10,22,0,70,0,1,0,0,1,38,11,22,0,71,0,0,0,71
01/29/2022,ABE,PA,AEA,EN,Combined TRACON& Tower with Radar,28,12,4,0,44,0,0,0,0,0,28,12,4,0,44,0,0,0,44
01/30/2022,ABE,PA,AEA,EN,Combined TRACON& Tower with Radar,32,19,40,0,91,0,3,44,0,47,32,22,84,0,138,126,0,126,264
01/31/2022,ABE,PA,AEA,EN,Combined TRACON& Tower with Radar,36,21,41,0,98,0,1,72,0,73,36,22,113,0,171,112,0,112,283
02/01/2022,ABE,PA,AEA,EN,Combined TRACON& Tower with Radar,30,18,57,0,105,0,0,69,0,69,30,18,126,0,174,86,0,86,260
02/02/2022,ABE,PA,AEA,EN,Combined TRACON& Tower with Radar,36,10,27,0,73,0,1,4,0,5,36,11,31,0,78,10,0,10,88
02/03/2022,ABE,PA,AEA,EN,Combined TRACON& Tower with Radar,30,15,16,0,61,0,0,0,0,0,30,15,16,0,61,0,0,0,61
02/04/2022,ABE,PA,AEA,EN,Combined TRACON& Tower with Radar,34,9,13,0,56,0,0,0,0,0,34,9,13,0,56,0,0,0,56
02/05/2022,ABE,PA,AEA,EN,Combined TRACON& Tower with Radar,22,13,21,0,56,0,1,23,0,24,22,14,44,0,80,10,0,10,90
02/06/2022,ABE,PA,AEA,EN,Combined TRACON& Tower with Radar,26,9,48,0,83,0,4,93,1,98,26,13,141,1,181,248,0,248,429
02/07/2022,ABE,PA,AEA,EN,Combined TRACON& Tower with Radar,29,13,7,0,49,0,0,0,0,0,29,13,7,0,49,0,0,0,49
02/08/2022,ABE,PA,AEA,EN,Combined TRACON& Tower with Radar,27,17,29,0,73,0,1,54,0,55,27,18,83,0,128,90,0,90,218
02/09/2022,ABE,PA,AEA,EN,Combined TRACON& Tower with Radar,28,11,31,0,70,0,1,108,0,109,28,12,139,0,179,102,0,102,281
02/10/2022,ABE,PA,AEA,EN,Combined TRACON& Tower with Radar,30,11,22,17,80,0,0,33,2,35,30,11,55,19,115,141,0,141,256
02/11/2022,ABE,PA,AEA,EN,Combined TRACON& Tower with Radar,35,14,47,0,96,0,4,81,0,85,35,18,128,0,181,70,0,70,251
02/12/2022,ABE,PA,AEA,EN,Combined TRACON& Tower with Radar,22,11,37,0,70,0,1,58,1,60,22,12,95,1,130,68,0,68,198
02/13/2022,ABE,PA,AEA,EN,Combined TRACON& Tower with Radar,21,17,9,0,47,0,0,0,1,1,21,17,9,1,48,0,0,0,48
02/14/2022,ABE,PA,AEA,EN,Combined TRACON& Tower with Radar,32,13,19,0,64,0,2,26,0,28,32,15,45,0,92,106,0,106,198
02/15/2022,ABE,PA,AEA,EN,Combined TRACON& Tower with Radar,28,17,57,4,106,0,0,78,0,78,28,17,135,4,184,202,0,202,386
02/16/2022,ABE,PA,AEA,EN,Combined TRACON& Tower with Radar,30,18,31,1,80,0,1,75,0,76,30,19,106,1,156,220,0,220,376
02/17/2022,ABE,PA,AEA,EN,Combined TRACON& Tower with Radar,35,15,23,0,73,0,3,6,1,10,35,18,29,1,83,32,0,32,115
02/18/2022,ABE,PA,AEA,EN,Combined TRACON& Tower with Radar,34,15,20,2,71,0,2,11,0,13,34,17,31,2,84,30,0,30,114
02/19/2022,ABE,PA,AEA,EN,Combined TRACON& Tower with Radar,24,13,10,0,47,0,2,13,0,15,24,15,23,0,62,47,0,47,109
02/20/2022,ABE,PA,AEA,EN,Combined TRACON& Tower with Radar,28,10,32,0,70,0,2,79,0,81,28,12,111,0,151,146,0,146,297
02/21/2022,ABE,PA,AEA,EN,Combined TRACON& Tower with Radar,34,11,53,0,98,0,1,109,2,112,34,12,162,2,210,98,0,98,308
02/22/2022,ABE,PA,AEA,EN,Combined TRACON& Tower with Radar,26,17,40,0,83,0,0,0,0,0,26,17,40,0,83,0,0,0,83
02/23/2022,ABE,PA,AEA,EN,Combined TRACON& Tower with Radar,30,13,31,0,74,0,1,31,1,33,30,14,62,1,107,10,0,10,117
02/24/2022,ABE,PA,AEA,EN,Combined TRACON& Tower with Radar,36,22,23,10,91,0,2,39,3,44,36,24,62,13,135,84,16,100,235
02/25/2022,ABE,PA,AEA,EN,Combined TRACON& Tower with Radar,31,8,15,0,54,0,0,1,0,1,31,8,16,0,55,0,0,0,55
02/26/2022,ABE,PA,AEA,EN,Combined TRACON& Tower with Radar,26,16,37,0,79,0,4,68,0,72,26,20,105,0,151,202,0,202,353
02/27/2022,ABE,PA,AEA,EN,Combined TRACON& Tower with Radar,30,17,33,0,80,0,1,17,0,18,30,18,50,0,98,82,0,82,180
02/28/2022,ABE,PA,AEA,EN,Combined TRACON& Tower with Radar,31,14,33,0,78,0,0,69,0,69,31,14,102,0,147,110,0,110,257
03/01/2022,ABE,PA,AEA,EN,Combined TRACON& Tower with Radar,28,14,31,2,75,0,0,58,2,60,28,14,89,4,135,87,0,87,222
03/02/2022,ABE,PA,AEA,EN,Combined TRACON& Tower with Radar,30,11,45,12,98,0,3,106,0,109,30,14,151,12,207,205,14,219,426
03/03/2022,ABE,PA,AEA,EN,Combined TRACON& Tower with Radar,39,17,43,0,99,0,3,64,0,67,39,20,107,0,166,63,0,63,229
03/04/2022,ABE,PA,AEA,EN,Combined TRACON& Tower with Radar,36,24,39,2,101,0,3,66,0,69,36,27,105,2,170,132,0,132,302
03/05/2022,ABE,PA,AEA,EN,Combined TRACON& Tower with Radar,29,21,68,2,120,0,2,80,0,82,29,23,148,2,202,2,0,2,204
03/06/2022,ABE,PA,AEA,EN,Combined TRACON& Tower with Radar,29,17,29,1,76,0,2,3,0,5,29,19,32,1,81,4,0,4,85
03/07/2022,ABE,PA,AEA,EN,Combined TRACON& Tower with Radar,36,16,26,2,80,0,1,18,0,19,36,17,44,2,99,72,0,72,171
03/08/2022,ABE,PA,AEA,EN,Combined TRACON& Tower with Radar,33,27,34,1,95,0,1,52,1,54,33,28,86,2,149,140,0,140,289
03/09/2022,ABE,PA,AEA,EN,Combined TRACON& Tower with Radar,30,11,15,0,56,0,0,0,0,0,30,11,15,0,56,0,0,0,56
03/10/2022,ABE,PA,AEA,EN,Combined TRACON& Tower with Radar,43,19,49,6,117,0,1,94,0,95,43,20,143,6,212,223,0,223,435
03/11/2022,ABE,PA,AEA,EN,Combined TRACON& Tower with Radar,33,24,56,1,114,0,4,73,3,80,33,28,129,4,194,201,0,201,395
03/12/2022,ABE,PA,AEA,EN,Combined TRACON& Tower with Radar,29,13,8,0,50,0,0,0,0,0,29,13,8,0,50,0,0,0,50
03/13/2022,ABE,PA,AEA,EN,Combined TRACON& Tower with Radar,27,13,20,0,60,0,0,35,0,35,27,13,55,0,95,94,0,94,189
03/14/2022,ABE,PA,AEA,EN,Combined TRACON& Tower with Radar,38,15,43,2,98,0,2,89,0,91,38,17,132,2,189,111,0,111,300
03/15/2022,ABE,PA,AEA,EN,Combined TRACON& Tower with Radar,30,15,29,0,74,0,0,67,0,67,30,15,96,0,141,76,0,76,217
03/16/2022,ABE,PA,AEA,EN,Combined TRACON& Tower with Radar,32,15,47,8,102,0,4,100,0,104,32,19,147,8,206,127,8,135,341
03/17/2022,ABE,PA,AEA,EN,Combined TRACON& Tower with Radar,49,25,42,0,116,0,0,0,0,0,49,25,42,0,116,0,0,0,116
03/18/2022,ABE,PA,AEA,EN,Combined TRACON& Tower with Radar,35,19,68,0,122,0,2,82,0,84,35,21,150,0,206,48,0,48,254
03/19/2022,ABE,PA,AEA,EN,Combined TRACON& Tower with Radar,25,13,20,0,58,0,1,8,0,9,25,14,28,0,67,10,0,10,77
03/20/2022,ABE,PA,AEA,EN,Combined TRACON& Tower with Radar,31,18,31,0,80,0,4,43,0,47,31,22,74,0,127,172,0,172,299
03/21/2022,ABE,PA,AEA,EN,Combined TRACON& Tower with Radar,36,11,38,0,85,0,4,78,0,82,36,15,116,0,167,176,0,176,343
03/22/2022,ABE,PA,AEA,EN,Combined TRACON& Tower with Radar,29,16,62,0,107,0,1,94,0,95,29,17,156,0,202,170,0,170,372
03/23/2022,ABE,PA,AEA,EN,Combined TRACON& Tower with Radar,34,9,35,2,80,0,2,41,0,43,34,11,76,2,123,38,0,38,161
03/24/2022,ABE,PA,AEA,EN,Combined TRACON& Tower with Radar,33,17,40,0,90,0,0,0,0,0,33,17,40,0,90,0,0,0,90
03/25/2022,ABE,PA,AEA,EN,Combined TRACON& Tower with Radar,40,19,48,0,107,0,2,52,0,54,40,21,100,0,161,150,0,150,311
03/26/2022,ABE,PA,AEA,EN,Combined TRACON& Tower with Radar,29,11,22,0,62,0,3,12,0,15,29,14,34,0,77,29,0,29,106
03/27/2022,ABE,PA,AEA,EN,Combined TRACON& Tower with Radar,34,19,30,0,83,0,1,17,0,18,34,20,47,0,101,14,0,14,115
03/28/2022,ABE,PA,AEA,EN,Combined TRACON& Tower with Radar,35,16,17,0,68,0,1,1,0,2,35,17,18,0,70,0,0,0,70
03/29/2022,ABE,PA,AEA,EN,Combined TRACON& Tower with Radar,27,16,47,1,91,0,1,68,1,70,27,17,115,2,161,113,0,113,274
03/30/2022,ABE,PA,AEA,EN,Combined TRACON& Tower with Radar,30,19,42,2,93,0,1,51,0,52,30,20,93,2,145,88,18,106,251
03/31/2022,ABE,PA,AEA,EN,Combined TRACON& Tower with Radar,40,21,20,0,81,0,0,0,0,0,40,21,20,0,81,0,0,0,81
04/01/2022,ABE,PA,AEA,EN,Combined TRACON& Tower with Radar,37,21,16,2,76,0,3,14,0,17,37,24,30,2,93,16,0,16,109
04/02/2022,ABE,PA,AEA,EN,Combined TRACON& Tower with Radar,25,20,42,0,87,0,4,105,0,109,25,24,147,0,196,90,0,90,286
04/03/2022,ABE,PA,AEA,EN,Combined TRACON& Tower with Radar,30,25,29,0,84,0,0,2,0,2,30,25,31,0,86,0,0,0,86
04/04/2022,ABE,PA,AEA,EN,Combined TRACON& Tower with Radar,38,15,41,0,94,0,1,83,1,85,38,16,124,1,179,54,0,54,233
04/05/2022,ABE,PA,AEA,EN,Combined TRACON& Tower with Radar,27,12,51,0,90,0,1,62,0,63,27,13,113,0,153,148,0,148,301
04/06/2022,ABE,PA,AEA,EN,Combined TRACON& Tower with Radar,32,18,37,0,87,0,0,0,0,0,32,18,37,0,87,8,0,8,95
04/07/2022,ABE,PA,AEA,EN,Combined TRACON& Tower with Radar,33,21,19,1,74,0,0,0,0,0,33,21,19,1,74,0,0,0,74
04/08/2022,ABE,PA,AEA,EN,Combined TRACON& Tower with Radar,40,20,53,0,113,0,1,78,0,79,40,21,131,0,192,249,0,249,441
04/09/2022,ABE,PA,AEA,EN,Combined TRACON& Tower with Radar,29,14,36,0,79,0,4,22,0,26,29,18,58,0,105,32,0,32,137
04/10/2022,ABE,PA,AEA,EN,Combined TRACON& Tower with Radar,33,15,26,1,75,0,3,30,1,34,33,18,56,2,109,82,0,82,191
04/11/2022,ABE,PA,AEA,EN,Combined TRACON& Tower with Radar,39,18,46,0,103,0,2,108,0,110,39,20,154,0,213,173,0,173,386
04/12/2022,ABE,PA,AEA,EN,Combined TRACON& Tower with Radar,30,18,53,0,101,0,3,69,0,72,30,21,122,0,173,208,0,208,381
04/13/2022,ABE,PA,AEA,EN,Combined TRACON& Tower with Radar,31,19,41,2,93,0,1,87,0,88,31,20,128,2,181,119,0,119,300
04/14/2022,ABE,PA,AEA,EN,Combined TRACON& Tower with Radar,38,23,47,12,120,0,1,33,2,36,38,24,80,14,156,80,14,94,250
04/15/2022,ABE,PA,AEA,EN,Combined TRACON& Tower with Radar,37,21,49,0,107,0,3,79,0,82,37,24,128,0,189,53,0,53,242
04/16/2022,ABE,PA,AEA,EN,Combined TRACON& Tower with Radar,35,17,27,0,79,0,0,27,1,28,35,17,54,1,107,118,0,118,225
04/17/2022,ABE,PA,AEA,EN,Combined TRACON& Tower with Radar,29,17,19,0,65,0,0,33,1,34,29,17,52,1,99,18,0,18,117
04/18/2022,ABE,PA,AEA,EN,Combined TRACON& Tower with Radar,40,28,34,0,102,0,1,30,0,31,40,29,64,0,133,70,0,70,203
04/19/2022,ABE,PA,AEA,EN,Combined TRACON& Tower with Radar,33,27,23,0,83,0,3,2,0,5,33,30,25,0,88,14,0,14,102
04/20/2022,ABE,PA,AEA,EN,Combined TRACON& Tower with Radar,34,16,56,0,106,0,4,95,0,99,34,20,151,0,205,138,0,138,343
04/21/2022,ABE,PA,AEA,EN,Combined TRACON& Tower with Radar,37,19,39,0,95,0,2,55,1,58,37,21,94,1,153,84,0,84,237
04/22/2022,ABE,PA,AEA,EN,Combined TRACON& Tower with Radar,39,15,32,0,86,0,6,76,0,82,39,21,108,0,168,200,0,200,368
04/23/2022,ABE,PA,AEA,EN,Combined TRACON& Tower with Radar,33,24,34,0,91,0,4,80,0,84,33,28,114,0,175,153,0,153,328
04/24/2022,ABE,PA,AEA,EN,Combined TRACON& Tower with Radar,37,16,46,0,99,0,3,83,2,88,37,19,129,2,187,182,0,182,369
04/25/2022,ABE,PA,AEA,EN,Combined TRACON& Tower with Radar,38,29,56,0,123,0,0,7,0,7,38,29,63,0,130,84,0,84,214
04/26/2022,ABE,PA,AEA,EN,Combined TRACON& Tower with Radar,33,24,38,3,98,0,0,0,0,0,33,24,38,3,98,0,0,0,98
04/27/2022,ABE,PA,AEA,EN,Combined TRACON& Tower with Radar,29,22,31,6,88,0,3,21,0,24,29,25,52,6,112,16,6,22,134
04/28/2022,ABE,PA,AEA,EN,Combined TRACON& Tower with Radar,36,16,25,0,77,0,7,9,2,18,36,23,34,2,95,28,0,28,123
04/29/2022,ABE,PA,AEA,EN,Combined TRACON& Tower with Radar,41,19,25,1,86,0,2,44,1,47,41,21,69,2,133,38,0,38,171
04/30/2022,ABE,PA,AEA,EN,Combined TRACON& Tower with Radar,27,17,30,0,74,0,5,52,0,57,27,22,82,0,131,98,0,98,229
05/01/2022,ABE,PA,AEA,EN,Combined TRACON& Tower with Radar,30,24,40,0,94,0,2,55,0,57,30,26,95,0,151,127,0,127,278
05/02/2022,ABE,PA,AEA,EN,Combined TRACON& Tower with Radar,39,17,42,0,98,0,0,4,1,5,39,17,46,1,103,0,0,0,103
05/03/2022,ABE,PA,AEA,EN,Combined TRACON& Tower with Radar,29,20,54,8,111,0,2,60,0,62,29,22,114,8,173,92,0,92,265
05/04/2022,ABE,PA,AEA,EN,Combined TRACON& Tower with Radar,32,19,42,0,93,0,0,0,0,0,32,19,42,0,93,0,0,0,93
05/05/2022,ABE,PA,AEA,EN,Combined TRACON& Tower with Radar,39,19,82,6,146,0,3,123,1,127,39,22,205,7,273,240,18,258,531
05/06/2022,ABE,PA,AEA,EN,Combined TRACON& Tower with Radar,39,16,41,2,98,0,2,2,0,4,39,18,43,2,102,0,0,0,102
05/07/2022,ABE,PA,AEA,EN,Combined TRACON& Tower with Radar,28,16,13,0,57,0,0,0,0,0,28,16,13,0,57,0,0,0,57
05/08/2022,ABE,PA,AEA,EN,Combined TRACON& Tower with Radar,30,24,21,0,75,0,2,28,0,30,30,26,49,0,105,42,0,42,147
05/09/2022,ABE,PA,AEA,EN,Combined TRACON& Tower with Radar,39,22,43,0,104,0,4,53,0,57,39,26,96,0,161,198,0,198,359
05/10/2022,ABE,PA,AEA,EN,Combined TRACON& Tower with Radar,29,22,48,0,99,0,1,62,0,63,29,23,110,0,162,167,0,167,329
05/11/2022,ABE,PA,AEA,EN,Combined TRACON& Tower with Radar,26,18,65,0,109,0,1,106,0,107,26,19,171,0,216,158,0,158,374
05/12/2022,ABE,PA,AEA,EN,Combined TRACON& Tower with Radar,38,20,61,6,125,0,3,42,0,45,38,23,103,6,170,217,10,227,397
05/13/2022,ABE,PA,AEA,EN,Combined TRACON& Tower with Radar,40,26,58,0,124,0,0,0,0,0,40,26,58,0,124,0,0,0,124
05/14/2022,ABE,PA,AEA,EN,Combined TRACON& Tower with Radar,26,24,31,0,81,0,0,0,0,0,26,24,31,0,81,0,0,0,81
05/15/2022,ABE,PA,AEA,EN,Combined TRACON& Tower with Radar,33,18,30,2,83,0,0,27,1,28,33,18,57,3,111,12,0,12,123
05/16/2022,ABE,PA,AEA,EN,Combined TRACON& Tower with Radar,37,26,34,0,97,0,0,4,0,4,37,26,38,0,101,20,0,20,121
05/17/2022,ABE,PA,AEA,EN,Combined TRACON& Tower with Radar,30,26,33,0,89,0,3,49,1,53,30,29,82,1,142,74,0,74,216
05/18/2022,ABE,PA,AEA,EN,Combined TRACON& Tower with Radar,30,20,47,0,97,0,6,111,0,117,30,26,158,0,214,116,0,116,330
05/19/2022,ABE,PA,AEA,EN,Combined TRACON& Tower with Radar,40,30,57,0,127,0,0,13,0,13,40,30,70,0,140,138,0,138,278
05/20/2022,ABE,PA,AEA,EN,Combined TRACON& Tower with Radar,38,30,45,0,113,0,4,26,0,30,38,34,71,0,143,136,0,136,279
05/21/2022,ABE,PA,AEA,EN,Combined TRACON& Tower with Radar,27,15,42,0,84,0,4,54,1,59,27,19,96,1,143,57,0,57,200
05/22/2022,ABE,PA,AEA,EN,Combined TRACON& Tower with Radar,33,19,35,1,88,0,6,42,1,49,33,25,77,2,137,104,0,104,241
05/23/2022,ABE,PA,AEA,EN,Combined TRACON& Tower with Radar,39,17,54,2,112,0,1,73,0,74,39,18,127,2,186,159,0,159,345
05/24/2022,ABE,PA,AEA,EN,Combined TRACON& Tower with Radar,30,19,49,0,98,0,1,60,0,61,30,20,109,0,159,231,0,231,390
05/25/2022,ABE,PA,AEA,EN,Combined TRACON& Tower with Radar,29,20,38,0,87,0,2,96,1,99,29,22,134,1,186,164,0,164,350
05/26/2022,ABE,PA,AEA,EN,Combined TRACON& Tower with Radar,39,23,58,6,126,0,0,12,0,12,39,23,70,6,138,126,10,136,274
05/27/2022,ABE,PA,AEA,EN,Combined TRACON& Tower with Radar,43,24,22,0,89,0,0,1,0,1,43,24,23,0,90,0,0,0,90
05/28/2022,ABE,PA,AEA,EN,Combined TRACON& Tower with Radar,33,14,28,0,75,0,1,16,1,18,33,15,44,1,93,72,0,72,165
05/29/2022,ABE,PA,AEA,EN,Combined TRACON& Tower with Radar,33,13,27,0,73,0,1,77,0,78,33,14,104,0,151,106,0,106,257
05/30/2022,ABE,PA,AEA,EN,Combined TRACON& Tower with Radar,37,19,29,0,85,0,4,74,0,78,37,23,103,0,163,158,0,158,321
05/31/2022,ABE,PA,AEA,EN,Combined TRACON& Tower with Radar,31,23,59,0,113,0,2,83,0,85,31,25,142,0,198,80,0,80,278
06/01/2022,ABE,PA,AEA,EN,Combined TRACON& Tower with Radar,34,21,32,2,89,0,0,33,0,33,34,21,65,2,122,148,0,148,270
06/02/2022,ABE,PA,AEA,EN,Combined TRACON& Tower with Radar,42,12,37,0,91,0,2,2,0,4,42,14,39,0,95,4,0,4,99
06/03/2022,ABE,PA,AEA,EN,Combined TRACON& Tower with Radar,41,9,69,0,119,0,2,95,1,98,41,11,164,1,217,176,0,176,393
06/04/2022,ABE,PA,AEA,EN,Combined TRACON& Tower with Radar,35,8,42,0,85,0,6,96,0,102,35,14,138,0,187,54,0,54,241
06/05/2022,ABE,PA,AEA,EN,Combined TRACON& Tower with Radar,38,18,38,0,94,0,3,70,0,73,38,21,108,0,167,91,0,91,258
06/06/2022,ABE,PA,AEA,EN,Combined TRACON& Tower with Radar,42,19,45,0,106,0,1,85,0,86,42,20,130,0,192,176,0,176,368
06/07/2022,ABE,PA,AEA,EN,Combined TRACON& Tower with Radar,40,16,43,0,99,0,1,20,0,21,40,17,63,0,120,92,0,92,212
06/08/2022,ABE,PA,AEA,EN,Combined TRACON& Tower with Radar,39,16,55,0,110,0,1,65,1,67,39,17,120,1,177,116,0,116,293
06/09/2022,ABE,PA,AEA,EN,Combined TRACON& Tower with Radar,44,19,25,3,91,0,0,9,1,10,44,19,34,4,101,84,0,84,185
06/10/2022,ABE,PA,AEA,EN,Combined TRACON& Tower with Radar,45,15,75,2,137,0,3,80,0,83,45,18,155,2,220,157,0,157,377
06/11/2022,ABE,PA,AEA,EN,Combined TRACON& Tower with Radar,33,16,52,1,102,0,4,58,0,62,33,20,110,1,164,137,0,137,301
06/12/2022,ABE,PA,AEA,EN,Combined TRACON& Tower with Radar,38,18,29,1,86,0,2,3,0,5,38,20,32,1,91,0,0,0,91
06/13/2022,ABE,PA,AEA,EN,Combined TRACON& Tower with Radar,42,11,39,0,92,0,1,59,0,60,42,12,98,0,152,132,0,132,284
06/14/2022,ABE,PA,AEA,EN,Combined TRACON& Tower with Radar,37,16,64,0,117,0,5,81,2,88,37,21,145,2,205,170,0,170,375
06/15/2022,ABE,PA,AEA,EN,Combined TRACON& Tower with Radar,39,20,46,2,107,0,1,94,0,95,39,21,140,2,202,162,0,162,364
06/16/2022,ABE,PA,AEA,EN,Combined TRACON& Tower with Radar,50,8,48,0,106,0,0,2,0,2,50,8,50,0,108,22,0,22,130
06/17/2022,ABE,PA,AEA,EN,Combined TRACON& Tower with Radar,41,20,40,0,101,0,3,55,1,59,41,23,95,1,160,155,0,155,315
06/18/2022,ABE,PA,AEA,EN,Combined TRACON& Tower with Radar,41,10,29,0,80,0,4,22,0,26,41,14,51,0,106,24,0,24,130
06/19/2022,ABE,PA,AEA,EN,Combined TRACON& Tower with Radar,42,17,18,0,77,0,4,24,0,28,42,21,42,0,105,62,0,62,167
06/20/2022,ABE,PA,AEA,EN,Combined TRACON& Tower with Radar,42,15,46,0,103,0,4,98,1,103,42,19,144,1,206,164,0,164,370
06/21/2022,ABE,PA,AEA,EN,Combined TRACON& Tower with Radar,38,16,56,0,110,0,3,89,0,92,38,19,145,0,202,102,0,102,304
06/22/2022,ABE,PA,AEA,EN,Combined TRACON& Tower with Radar,39,19,47,0,105,0,1,4,0,5,39,20,51,0,110,56,0,56,166
06/23/2022,ABE,PA,AEA,EN,Combined TRACON& Tower with Radar,45,15,47,2,109,0,0,5,0,5,45,15,52,2,114,0,0,0,114
06/24/2022,ABE,PA,AEA,EN,Combined TRACON& Tower with Radar,38,14,58,0,110,0,1,41,0,42,38,15,99,0,152,58,0,58,210
06/25/2022,ABE,PA,AEA,EN,Combined TRACON& Tower with Radar,34,16,37,0,87,0,2,76,0,78,34,18,113,0,165,286,0,286,451
06/26/2022,ABE,PA,AEA,EN,Combined TRACON& Tower with Radar,39,30,52,0,121,0,3,63,0,66,39,33,115,0,187,164,0,164,351
06/27/2022,ABE,PA,AEA,EN,Combined TRACON& Tower with Radar,38,18,26,0,82,0,1,24,0,25,38,19,50,0,107,18,0,18,125
06/28/2022,ABE,PA,AEA,EN,Combined TRACON& Tower with Radar,37,17,59,1,114,0,2,122,1,125,37,19,181,2,239,120,0,120,359
06/29/2022,ABE,PA,AEA,EN,Combined TRACON& Tower with Radar,35,16,46,2,99,0,5,63,0,68,35,21,109,2,167,90,0,90,257
06/30/2022,ABE,PA,AEA,EN,Combined TRACON& Tower with Radar,41,18,49,9,117,0,5,70,1,76,41,23,119,10,193,127,0,127,320
07/01/2022,ABE,PA,AEA,EN,Combined TRACON& Tower with Radar,40,17,34,0,91,0,0,54,0,54,40,17,88,0,145,104,0,104,249
07/02/2022,ABE,PA,AEA,EN,Combined TRACON& Tower with Radar,33,18,25,0,76,0,4,21,0,25,33,22,46,0,101,14,0,14,115
07/03/2022,ABE,PA,AEA,EN,Combined TRACON& Tower with Radar,27,9,11,0,47,0,0,39,0,39,27,9,50,0,86,36,0,36,122
07/04/2022,ABE,PA,AEA,EN,Combined TRACON& Tower with Radar,25,19,22,0,66,0,1,58,0,59,25,20,80,0,125,72,0,72,197
07/05/2022,ABE,PA,AEA,EN,Combined TRACON& Tower with Radar,28,11,39,2,80,0,3,27,0,30,28,14,66,2,110,14,0,14,124
07/06/2022,ABE,PA,AEA,EN,Combined TRACON& Tower with Radar,30,11,38,0,79,0,1,68,0,69,30,12,106,0,148,154,0,154,302
07/07/2022,ABE,PA,AEA,EN,Combined TRACON& Tower with Radar,38,21,63,0,122,0,1,35,0,36,38,22,98,0,158,309,0,309,467
07/08/2022,ABE,PA,AEA,EN,Combined TRACON& Tower with Radar,38,18,34,0,90,0,1,21,0,22,38,19,55,0,112,158,0,158,270
07/09/2022,ABE,PA,AEA,EN,Combined TRACON& Tower with Radar,33,16,38,0,87,0,8,58,0,66,33,24,96,0,153,120,0,120,273
07/10/2022,ABE,PA,AEA,EN,Combined TRACON& Tower with Radar,39,16,32,0,87,0,3,89,0,92,39,19,121,0,179,84,0,84,263
07/11/2022,ABE,PA,AEA,EN,Combined TRACON& Tower with Radar,34,18,31,0,83,0,3,49,0,52,34,21,80,0,135,170,0,170,305
07/12/2022,ABE,PA,AEA,EN,Combined TRACON& Tower with Radar,29,15,24,0,68,0,5,32,0,37,29,20,56,0,105,27,0,27,132
07/13/2022,ABE,PA,AEA,EN,Combined TRACON& Tower with Radar,30,21,31,14,96,0,2,69,0,71,30,23,100,14,167,88,10,98,265
07/14/2022,ABE,PA,AEA,EN,Combined TRACON& Tower with Radar,39,24,46,0,109,0,1,91,0,92,39,25,137,0,201,152,0,152,353
07/15/2022,ABE,PA,AEA,EN,Combined TRACON& Tower with Radar,36,20,63,0,119,0,3,65,0,68,36,23,128,0,187,72,0,72,259
07/16/2022,ABE,PA,AEA,EN,Combined TRACON& Tower with Radar,36,18,25,0,79,0,2,23,0,25,36,20,48,0,104,52,0,52,156
07/17/2022,ABE,PA,AEA,EN,Combined TRACON& Tower with Radar,37,26,46,0,109,0,8,28,0,36,37,34,74,0,145,132,0,132,277
07/18/2022,ABE,PA,AEA,EN,Combined TRACON& Tower with Radar,51,17,45,0,113,0,0,6,0,6,51,17,51,0,119,84,0,84,203
07/19/2022,ABE,PA,AEA,EN,Combined TRACON& Tower with Radar,30,14,45,2,91,0,2,52,2,56,30,16,97,4,147,198,0,198,345
07/20/2022,ABE,PA,AEA,EN,Combined TRACON& Tower with Radar,30,19,38,10,97,0,4,70,1,75,30,23,108,11,172,139,12,151,323
07/21/2022,ABE,PA,AEA,EN,Combined TRACON& Tower with Radar,55,12,51,0,118,0,3,64,0,67,55,15,115,0,185,162,0,162,347
07/22/2022,ABE,PA,AEA,EN,Combined TRACON& Tower with Radar,36,36,63,0,135,0,3,66,0,69,36,39,129,0,204,242,0,242,446
07/23/2022,ABE,PA,AEA,EN,Combined TRACON& Tower with Radar,34,31,29,0,94,0,2,52,2,56,34,33,81,2,150,32,0,32,182
07/24/2022,ABE,PA,AEA,EN,Combined TRACON& Tower with Radar,34,34,27,0,95,0,2,52,0,54,34,36,79,0,149,116,0,116,265
07/25/2022,ABE,PA,AEA,EN,Combined TRACON& Tower with Radar,42,20,24,0,86,0,0,17,0,17,42,20,41,0,103,19,0,19,122
07/26/2022,ABE,PA,AEA,EN,Combined TRACON& Tower with Radar,25,23,44,0,92,0,0,62,0,62,25,23,106,0,154,148,0,148,302
07/27/2022,ABE,PA,AEA,EN,Combined TRACON& Tower with Radar,32,34,52,8,126,0,2,71,0,73,32,36,123,8,199,102,10,112,311
07/28/2022,ABE,PA,AEA,EN,Combined TRACON& Tower with Radar,41,24,51,0,116,0,2,31,0,33,41,26,82,0,149,94,0,94,243
07/29/2022,ABE,PA,AEA,EN,Combined TRACON& Tower with Radar,41,22,32,0,95,0,3,46,2,51,41,25,78,2,146,100,0,100,246
07/30/2022,ABE,PA,AEA,EN,Combined TRACON& Tower with Radar,35,15,49,0,99,0,3,74,0,77,35,18,123,0,176,85,0,85,261
07/31/2022,ABE,PA,AEA,EN,Combined TRACON& Tower with Radar,37,17,50,0,104,0,3,78,0,81,37,20,128,0,185,109,0,109,294
08/01/2022,ABE,PA,AEA,EN,Combined TRACON& Tower with Radar,37,19,31,0,87,0,4,13,0,17,37,23,44,0,104,96,0,96,200
08/02/2022,ABE,PA,AEA,EN,Combined TRACON& Tower with Radar,30,16,40,0,86,0,2,62,0,64,30,18,102,0,150,167,0,167,317
08/03/2022,ABE,PA,AEA,EN,Combined TRACON& Tower with Radar,31,7,37,0,75,0,4,82,0,86,31,11,119,0,161,198,0,198,359
08/04/2022,ABE,PA,AEA,EN,Combined TRACON& Tower with Radar,36,28,51,0,115,0,5,68,2,75,36,33,119,2,190,158,0,158,348
08/05/2022,ABE,PA,AEA,EN,Combined TRACON& Tower with Radar,34,11,15,10,70,0,3,25,1,29,34,14,40,11,99,84,0,84,183
08/06/2022,ABE,PA,AEA,EN,Combined TRACON& Tower with Radar,32,14,39,0,85,0,2,20,0,22,32,16,59,0,107,68,0,68,175
08/07/2022,ABE,PA,AEA,EN,Combined TRACON& Tower with Radar,36,15,25,0,76,0,8,35,0,43,36,23,60,0,119,42,0,42,161
08/08/2022,ABE,PA,AEA,EN,Combined TRACON& Tower with Radar,34,11,33,0,78,0,3,23,0,26,34,14,56,0,104,88,0,88,192
08/09/2022,ABE,PA,AEA,EN,Combined TRACON& Tower with Radar,27,18,27,0,72,0,8,35,0,43,27,26,62,0,115,12,0,12,127
08/10/2022,ABE,PA,AEA,EN,Combined TRACON& Tower with Radar,32,19,29,0,80,0,0,46,0,46,32,19,75,0,126,63,0,63,189
08/11/2022,ABE,PA,AEA,EN,Combined TRACON& Tower with Radar,41,19,25,0,85,0,2,70,0,72,41,21,95,0,157,109,0,109,266
08/12/2022,ABE,PA,AEA,EN,Combined TRACON& Tower with Radar,33,16,48,0,97,0,1,50,0,51,33,17,98,0,148,61,0,61,209
08/13/2022,ABE,PA,AEA,EN,Combined TRACON& Tower with Radar,32,11,32,0,75,0,3,74,0,77,32,14,106,0,152,116,0,116,268
08/14/2022,ABE,PA,AEA,EN,Combined TRACON& Tower with Radar,36,22,23,0,81,0,10,48,1,59,36,32,71,1,140,90,0,90,230
08/15/2022,ABE,PA,AEA,EN,Combined TRACON& Tower with Radar,34,16,58,0,108,0,1,52,0,53,34,17,110,0,161,104,0,104,265
08/16/2022,ABE,PA,AEA,EN,Combined TRACON& Tower with Radar,34,22,43,2,101,0,4,61,1,66,34,26,104,3,167,76,0,76,243
08/17/2022,ABE,PA,AEA,EN,Combined TRACON& Tower with Radar,42,19,38,2,101,0,1,44,0,45,42,20,82,2,146,137,0,137,283
08/18/2022,ABE,PA,AEA,EN,Combined TRACON& Tower with Radar,40,23,42,0,105,0,0,76,2,78,40,23,118,2,183,80,0,80,263
08/19/2022,ABE,PA,AEA,EN,Combined TRACON& Tower with Radar,38,16,46,0,100,0,1,106,0,107,38,17,152,0,207,104,0,104,311
08/20/2022,ABE,PA,AEA,EN,Combined TRACON& Tower with Radar,35,8,41,0,84,0,6,83,1,90,35,14,124,1,174,59,0,59,233
08/21/2022,ABE,PA,AEA,EN,Combined TRACON& Tower with Radar,38,9,21,0,68,0,3,17,0,20,38,12,38,0,88,54,0,54,142
08/22/2022,ABE,PA,AEA,EN,Combined TRACON& Tower with Radar,37,13,30,0,80,0,0,0,0,0,37,13,30,0,80,0,0,0,80
08/23/2022,ABE,PA,AEA,EN,Combined TRACON& Tower with Radar,36,31,36,0,103,0,3,26,0,29,36,34,62,0,132,106,0,106,238
08/24/2022,ABE,PA,AEA,EN,Combined TRACON& Tower with Radar,37,15,32,0,84,0,4,69,0,73,37,19,101,0,157,115,0,115,272
08/25/2022,ABE,PA,AEA,EN,Combined TRACON& Tower with Radar,41,15,46,0,102,0,3,71,0,74,41,18,117,0,176,6,0,6,182
08/26/2022,ABE,PA,AEA,EN,Combined TRACON& Tower with Radar,39,18,30,2,89,0,1,44,1,46,39,19,74,3,135,87,0,87,222
08/27/2022,ABE,PA,AEA,EN,Combined TRACON& Tower with Radar,35,6,47,0,88,0,1,78,0,79,35,7,125,0,167,78,0,78,245
08/28/2022,ABE,PA,AEA,EN,Combined TRACON& Tower with Radar,35,17,47,0,99,0,5,27,0,32,35,22,74,0,131,28,0,28,159
08/29/2022,ABE,PA,AEA,EN,Combined TRACON& Tower with Radar,33,16,56,0,105,0,1,17,0,18,33,17,73,0,123,126,0,126,249
08/30/2022,ABE,PA,AEA,EN,Combined TRACON& Tower with Radar,34,12,45,0,91,0,0,12,0,12,34,12,57,0,103,12,0,12,115
08/31/2022,ABE,PA,AEA,EN,Combined TRACON& Tower with Radar,33,13,28,0,74,0,5,54,0,59,33,18,82,0,133,109,0,109,242
09/01/2022,ABE,PA,AEA,EN,Combined TRACON& Tower with Radar,38,21,38,8,105,0,4,61,3,68,38,25,99,11,173,64,20,84,257
09/02/2022,ABE,PA,AEA,EN,Combined TRACON& Tower with Radar,38,17,31,0,86,0,1,67,1,69,38,18,98,1,155,220,0,220,375
09/03/2022,ABE,PA,AEA,EN,Combined TRACON& Tower with Radar,29,9,49,0,87,0,3,61,0,64,29,12,110,0,151,84,0,84,235
09/04/2022,ABE,PA,AEA,EN,Combined TRACON& Tower with Radar,31,8,28,0,67,0,2,33,0,35,31,10,61,0,102,130,0,130,232
09/05/2022,ABE,PA,AEA,EN,Combined TRACON& Tower with Radar,38,7,44,0,89,0,0,19,0,19,38,7,63,0,108,10,0,10,118
09/06/2022,ABE,PA,AEA,EN,Combined TRACON& Tower with Radar,36,2,21,2,61,0,0,2,0,2,36,2,23,2,63,0,0,0,63
09/07/2022,ABE,PA,AEA,EN,Combined TRACON& Tower with Radar,33,13,10,2,58,0,2,1,0,3,33,15,11,2,61,0,0,0,61
09/08/2022,ABE,PA,AEA,EN,Combined TRACON& Tower with Radar,34,7,36,0,77,0,3,57,2,62,34,10,93,2,139,68,0,68,207
09/09/2022,ABE,PA,AEA,EN,Combined TRACON& Tower with Radar,38,6,60,0,104,0,1,108,0,109,38,7,168,0,213,170,0,170,383
09/10/2022,ABE,PA,AEA,EN,Combined TRACON& Tower with Radar,34,8,57,0,99,0,7,103,1,111,34,15,160,1,210,202,0,202,412
09/11/2022,ABE,PA,AEA,EN,Combined TRACON& Tower with Radar,33,9,33,0,75,0,1,0,0,1,33,10,33,0,76,0,0,0,76
09/12/2022,ABE,PA,AEA,EN,Combined TRACON& Tower with Radar,35,5,29,0,69,0,0,3,0,3,35,5,32,0,72,60,0,60,132
09/13/2022,ABE,PA,AEA,EN,Combined TRACON& Tower with Radar,32,13,37,0,82,0,1,39,0,40,32,14,76,0,122,149,0,149,271
09/14/2022,ABE,PA,AEA,EN,Combined TRACON& Tower with Radar,32,16,55,7,110,0,2,79,1,82,32,18,134,8,192,91,0,91,283
09/15/2022,ABE,PA,AEA,EN,Combined TRACON& Tower with Radar,41,8,42,1,92,0,9,68,1,78,41,17,110,2,170,84,0,84,254
09/16/2022,ABE,PA,AEA,EN,Combined TRACON& Tower with Radar,36,14,40,0,90,0,2,96,2,100,36,16,136,2,190,166,0,166,356
09/17/2022,ABE,PA,AEA,EN,Combined TRACON& Tower with Radar,31,12,36,0,79,0,3,91,0,94,31,15,127,0,173,126,0,126,299
09/18/2022,ABE,PA,AEA,EN,Combined TRACON& Tower with Radar,34,19,30,0,83,0,3,56,0,59,34,22,86,0,142,98,0,98,240
09/19/2022,ABE,PA,AEA,EN,Combined TRACON& Tower with Radar,38,10,28,10,86,0,1,35,0,36,38,11,63,10,122,30,0,30,152
09/20/2022,ABE,PA,AEA,EN,Combined TRACON& Tower with Radar,30,6,47,0,83,0,4,71,2,77,30,10,118,2,160,120,0,120,280
09/21/2022,ABE,PA,AEA,EN,Combined TRACON& Tower with Radar,31,9,37,0,77,0,1,89,0,90,31,10,126,0,167,228,0,228,395
09/22/2022,ABE,PA,AEA,EN,Combined TRACON& Tower with Radar,39,11,26,2,78,0,4,14,4,22,39,15,40,6,100,0,0,0,100
09/23/2022,ABE,PA,AEA,EN,Combined TRACON& Tower with Radar,38,16,25,0,79,0,3,29,1,33,38,19,54,1,112,57,0,57,169
09/24/2022,ABE,PA,AEA,EN,Combined TRACON& Tower with Radar,30,0,56,0,86,0,2,91,0,93,30,2,147,0,179,82,0,82,261
09/25/2022,ABE,PA,AEA,EN,Combined TRACON& Tower with Radar,37,7,24,0,68,0,2,29,0,31,37,9,53,0,99,96,0,96,195
09/26/2022,ABE,PA,AEA,EN,Combined TRACON& Tower with Radar,38,16,38,0,92,0,2,49,0,51,38,18,87,0,143,138,0,138,281
09/27/2022,ABE,PA,AEA,EN,Combined TRACON& Tower with Radar,31,11,48,1,91,0,0,59,1,60,31,11,107,2,151,110,0,110,261
09/28/2022,ABE,PA,AEA,EN,Combined TRACON& Tower with Radar,29,14,53,0,96,0,2,83,0,85,29,16,136,0,181,147,0,147,328
09/29/2022,ABE,PA,AEA,EN,Combined TRACON& Tower with Radar,33,18,47,0,98,0,7,76,0,83,33,25,123,0,181,104,0,104,285
09/30/2022,ABE,PA,AEA,EN,Combined TRACON& Tower with Radar,27,12,41,0,80,0,2,80,0,82,27,14,121,0,162,138,0,138,300
10/01/2022,ABE,PA,AEA,EN,Combined TRACON& Tower with Radar,32,3,20,0,55,0,0,0,0,0,32,3,20,0,55,0,0,0,55
10/02/2022,ABE,PA,AEA,EN,Combined TRACON& Tower with Radar,32,11,14,0,57,0,0,6,1,7,32,11,20,1,64,0,0,0,64
10/03/2022,ABE,PA,AEA,EN,Combined TRACON& Tower with Radar,40,10,31,0,81,0,2,19,0,21,40,12,50,0,102,100,0,100,202
10/04/2022,ABE,PA,AEA,EN,Combined TRACON& Tower with Radar,30,10,35,0,75,0,0,0,0,0,30,10,35,0,75,0,0,0,75
10/05/2022,ABE,PA,AEA,EN,Combined TRACON& Tower with Radar,33,19,53,0,105,0,0,1,0,1,33,19,54,0,106,24,0,24,130
10/06/2022,ABE,PA,AEA,EN,Combined TRACON& Tower with Radar,39,14,73,5,131,0,0,116,2,118,39,14,189,7,249,174,10,184,433
10/07/2022,ABE,PA,AEA,EN,Combined TRACON& Tower with Radar,38,18,72,4,132,0,4,109,1,114,38,22,181,5,246,296,0,296,542
10/08/2022,ABE,PA,AEA,EN,Combined TRACON& Tower with Radar,33,10,37,0,80,0,1,62,0,63,33,11,99,0,143,270,0,270,413
10/09/2022,ABE,PA,AEA,EN,Combined TRACON& Tower with Radar,38,12,45,0,95,0,3,58,0,61,38,15,103,0,156,158,0,158,314
10/10/2022,ABE,PA,AEA,EN,Combined TRACON& Tower with Radar,34,18,51,0,103,0,2,76,0,78,34,20,127,0,181,192,0,192,373
10/11/2022,ABE,PA,AEA,EN,Combined TRACON& Tower with Radar,32,12,48,0,92,0,0,95,0,95,32,12,143,0,187,232,0,232,419
10/12/2022,ABE,PA,AEA,EN,Combined TRACON& Tower with Radar,34,15,68,0,117,0,3,103,0,106,34,18,171,0,223,180,0,180,403
10/13/2022,ABE,PA,AEA,EN,Combined TRACON& Tower with Radar,39,20,14,0,73,0,0,3,0,3,39,20,17,0,76,2,0,2,78
10/14/2022,ABE,PA,AEA,EN,Combined TRACON& Tower with Radar,39,10,46,0,95,0,1,85,0,86,39,11,131,0,181,269,0,269,450
10/15/2022,ABE,PA,AEA,EN,Combined TRACON& Tower with Radar,36,14,62,0,112,0,3,92,0,95,36,17,154,0,207,130,0,130,337
10/16/2022,ABE,PA,AEA,EN,Combined TRACON& Tower with Radar,39,13,53,0,105,0,7,62,0,69,39,20,115,0,174,136,0,136,310
10/17/2022,ABE,PA,AEA,EN,Combined TRACON& Tower with Radar,33,12,69,0,114,0,3,4,1,8,33,15,73,1,122,149,0,149,271
10/18/2022,ABE,PA,AEA,EN,Combined TRACON& Tower with Radar,36,14,70,0,120,0,3,67,0,70,36,17,137,0,190,230,0,230,420
10/19/2022,ABE,PA,AEA,EN,Combined TRACON& Tower with Radar,34,11,41,0,86,0,7,42,0,49,34,18,83,0,135,109,0,109,244
10/20/2022,ABE,PA,AEA,EN,Combined TRACON& Tower with Radar,40,10,60,6,116,0,2,69,0,71,40,12,129,6,187,115,0,115,302
10/21/2022,ABE,PA,AEA,EN,Combined TRACON& Tower with Radar,38,10,59,2,109,0,6,91,0,97,38,16,150,2,206,287,0,287,493
10/22/2022,ABE,PA,AEA,EN,Combined TRACON& Tower with Radar,29,18,49,0,96,0,3,91,1,95,29,21,140,1,191,120,0,120,311
10/23/2022,ABE,PA,AEA,EN,Combined TRACON& Tower with Radar,39,16,33,0,88,0,10,33,1,44,39,26,66,1,132,127,0,127,259
10/24/2022,ABE,PA,AEA,EN,Combined TRACON& Tower with Radar,34,19,27,1,81,0,0,0,0,0,34,19,27,1,81,0,0,0,81
10/25/2022,ABE,PA,AEA,EN,Combined TRACON& Tower with Radar,36,11,30,0,77,0,1,5,0,6,36,12,35,0,83,2,0,2,85
10/26/2022,ABE,PA,AEA,EN,Combined TRACON& Tower with Radar,36,19,74,1,130,0,1,6,1,8,36,20,80,2,138,34,0,34,172
10/27/2022,ABE,PA,AEA,EN,Combined TRACON& Tower with Radar,41,17,48,1,107,0,5,86,1,92,41,22,134,2,199,84,0,84,283
10/28/2022,ABE,PA,AEA,EN,Combined TRACON& Tower with Radar,38,11,49,0,98,0,1,111,0,112,38,12,160,0,210,207,0,207,417
10/29/2022,ABE,PA,AEA,EN,Combined TRACON& Tower with Radar,32,9,37,0,78,0,2,79,0,81,32,11,116,0,159,160,0,160,319
10/30/2022,ABE,PA,AEA,EN,Combined TRACON& Tower with Radar,31,20,64,0,115,0,3,90,0,93,31,23,154,0,208,70,0,70,278
10/31/2022,ABE,PA,AEA,EN,Combined TRACON& Tower with Radar,28,11,60,0,99,0,0,8,0,8,28,11,68,0,107,143,0,143,250
11/01/2022,ABE,PA,AEA,EN,Combined TRACON& Tower with Radar,28,12,46,2,88,0,0,17,0,17,28,12,63,2,105,86,0,86,191
11/02/2022,ABE,PA,AEA,EN,Combined TRACON& Tower with Radar,28,21,43,4,96,0,2,71,0,73,28,23,114,4,169,126,0,126,295
11/03/2022,ABE,PA,AEA,EN,Combined TRACON& Tower with Radar,37,15,53,0,105,0,8,76,0,84,37,23,129,0,189,136,2,138,327
11/04/2022,ABE,PA,AEA,EN,Combined TRACON& Tower with Radar,49,18,65,0,132,0,1,98,2,101,49,19,163,2,233,212,0,212,445
11/05/2022,ABE,PA,AEA,EN,Combined TRACON& Tower with Radar,27,10,49,11,97,0,3,35,0,38,27,13,84,11,135,96,6,102,237
11/06/2022,ABE,PA,AEA,EN,Combined TRACON& Tower with Radar,34,20,23,0,77,0,2,4,0,6,34,22,27,0,83,0,0,0,83
11/07/2022,ABE,PA,AEA,EN,Combined TRACON& Tower with Radar,30,13,45,0,88,0,2,75,0,77,30,15,120,0,165,110,0,110,275
11/08/2022,ABE,PA,AEA,EN,Combined TRACON& Tower with Radar,33,22,22,0,77,0,1,60,0,61,33,23,82,0,138,170,0,170,308
11/09/2022,ABE,PA,AEA,EN,Combined TRACON& Tower with Radar,34,12,52,0,98,0,2,80,0,82,34,14,132,0,180,158,0,158,338
11/10/2022,ABE,PA,AEA,EN,Combined TRACON& Tower with Radar,35,12,46,0,93,0,3,79,0,82,35,15,125,0,175,159,0,159,334
11/11/2022,ABE,PA,AEA,EN,Combined TRACON& Tower with Radar,35,17,31,0,83,0,0,1,0,1,35,17,32,0,84,0,0,0,84
11/12/2022,ABE,PA,AEA,EN,Combined TRACON& Tower with Radar,28,15,34,0,77,0,2,37,0,39,28,17,71,0,116,49,0,49,165
11/13/2022,ABE,PA,AEA,EN,Combined TRACON& Tower with Radar,38,15,26,0,79,0,1,21,0,22,38,16,47,0,101,24,0,24,125
11/14/2022,ABE,PA,AEA,EN,Combined TRACON& Tower with Radar,32,6,51,0,89,0,3,76,1,80,32,9,127,1,169,85,0,85,254
11/15/2022,ABE,PA,AEA,EN,Combined TRACON& Tower with Radar,36,14,39,0,89,0,1,42,0,43,36,15,81,0,132,80,0,80,212
11/16/2022,ABE,PA,AEA,EN,Combined TRACON& Tower with Radar,32,11,40,4,87,0,0,25,0,25,32,11,65,4,112,18,0,18,130
11/17/2022,ABE,PA,AEA,EN,Combined TRACON& Tower with Radar,40,25,22,2,89,0,0,50,0,50,40,25,72,2,139,17,0,17,156
11/18/2022,ABE,PA,AEA,EN,Combined TRACON& Tower with Radar,42,12,35,0,89,0,0,63,0,63,42,12,98,0,152,66,0,66,218
11/19/2022,ABE,PA,AEA,EN,Combined TRACON& Tower with Radar,32,10,39,0,81,0,0,62,0,62,32,10,101,0,143,108,0,108,251
11/20/2022,ABE,PA,AEA,EN,Combined TRACON& Tower with Radar,37,9,22,0,68,0,4,9,0,13,37,13,31,0,81,0,0,0,81
11/21/2022,ABE,PA,AEA,EN,Combined TRACON& Tower with Radar,41,14,53,2,110,0,3,72,0,75,41,17,125,2,185,180,12,192,377
11/22/2022,ABE,PA,AEA,EN,Combined TRACON& Tower with Radar,40,18,54,0,112,0,3,90,1,94,40,21,144,1,206,159,2,161,367
11/23/2022,ABE,PA,AEA,EN,Combined TRACON& Tower with Radar,42,22,42,0,106,0,1,95,0,96,42,23,137,0,202,91,0,91,293
11/24/2022,ABE,PA,AEA,EN,Combined TRACON& Tower with Radar,17,7,14,0,38,0,1,14,0,15,17,8,28,0,53,10,0,10,63
11/25/2022,ABE,PA,AEA,EN,Combined TRACON& Tower with Radar,26,9,17,1,53,0,2,9,0,11,26,11,26,1,64,12,0,12,76
11/26/2022,ABE,PA,AEA,EN,Combined TRACON& Tower with Radar,35,11,49,0,95,0,2,78,0,80,35,13,127,0,175,93,0,93,268
11/27/2022,ABE,PA,AEA,EN,Combined TRACON& Tower with Radar,45,23,25,2,95,0,0,6,0,6,45,23,31,2,101,0,0,0,101
11/28/2022,ABE,PA,AEA,EN,Combined TRACON& Tower with Radar,43,12,32,2,89,0,2,22,0,24,43,14,54,2,113,81,0,81,194
11/29/2022,ABE,PA,AEA,EN,Combined TRACON& Tower with Radar,33,16,53,0,102,0,4,73,0,77,33,20,126,0,179,170,0,170,349
11/30/2022,ABE,PA,AEA,EN,Combined TRACON& Tower with Radar,36,11,12,0,59,0,0,0,0,0,36,11,12,0,59,6,0,6,65
12/01/2022,ABE,PA,AEA,EN,Combined TRACON& Tower with Radar,39,18,21,0,78,0,2,17,0,19,39,20,38,0,97,18,0,18,115
12/02/2022,ABE,PA,AEA,EN,Combined TRACON& Tower with Radar,41,7,52,0,100,0,0,126,0,126,41,7,178,0,226,216,0,216,442
12/03/2022,ABE,PA,AEA,EN,Combined TRACON& Tower with Radar,26,5,10,0,41,0,1,3,0,4,26,6,13,0,45,0,0,0,45
12/04/2022,ABE,PA,AEA,EN,Combined TRACON& Tower with Radar,33,14,40,0,87,0,4,69,0,73,33,18,109,0,160,80,0,80,240
12/05/2022,ABE,PA,AEA,EN,Combined TRACON& Tower with Radar,36,11,59,0,106,0,1,99,0,100,36,12,158,0,206,96,0,96,302
12/06/2022,ABE,PA,AEA,EN,Combined TRACON& Tower with Radar,32,14,28,0,74,0,0,0,0,0,32,14,28,0,74,0,0,0,74
12/07/2022,ABE,PA,AEA,EN,Combined TRACON& Tower with Radar,36,12,22,0,70,0,0,0,0,0,36,12,22,0,70,0,0,0,70
12/08/2022,ABE,PA,AEA,EN,Combined TRACON& Tower with Radar,35,11,87,0,133,0,0,24,0,24,35,11,111,0,157,144,0,144,301
12/09/2022,ABE,PA,AEA,EN,Combined TRACON& Tower with Radar,38,9,71,1,119,0,1,36,1,38,38,10,107,2,157,141,0,141,298
12/10/2022,ABE,PA,AEA,EN,Combined TRACON& Tower with Radar,28,10,72,0,110,0,0,42,0,42,28,10,114,0,152,50,0,50,202
12/11/2022,ABE,PA,AEA,EN,Combined TRACON& Tower with Radar,32,10,9,0,51,0,0,0,0,0,32,10,9,0,51,0,0,0,51
12/12/2022,ABE,PA,AEA,EN,Combined TRACON& Tower with Radar,38,12,26,0,76,0,2,8,1,11,38,14,34,1,87,76,0,76,163
12/13/2022,ABE,PA,AEA,EN,Combined TRACON& Tower with Radar,32,17,76,4,129,0,2,42,1,45,32,19,118,5,174,188,2,190,364
12/14/2022,ABE,PA,AEA,EN,Combined TRACON& Tower with Radar,31,17,63,0,111,0,8,32,0,40,31,25,95,0,151,97,4,101,252
12/15/2022,ABE,PA,AEA,EN,Combined TRACON& Tower with Radar,38,11,21,0,70,0,0,0,0,0,38,11,21,0,70,0,0,0,70
12/16/2022,ABE,PA,AEA,EN,Combined TRACON& Tower with Radar,35,15,20,0,70,0,0,0,0,0,35,15,20,0,70,16,0,16,86
12/17/2022,ABE,PA,AEA,EN,Combined TRACON& Tower with Radar,32,16,46,0,94,0,1,24,0,25,32,17,70,0,119,176,0,176,295
12/18/2022,ABE,PA,AEA,EN,Combined TRACON& Tower with Radar,34,11,52,0,97,0,1,20,0,21,34,12,72,0,118,84,0,84,202
12/19/2022,ABE,PA,AEA,EN,Combined TRACON& Tower with Radar,35,9,58,0,102,0,0,25,0,25,35,9,83,0,127,18,0,18,145
12/20/2022,ABE,PA,AEA,EN,Combined TRACON& Tower with Radar,40,9,81,10,140,0,1,30,0,31,40,10,111,10,171,126,22,148,319
12/21/2022,ABE,PA,AEA,EN,Combined TRACON& Tower with Radar,38,7,67,20,132,0,0,34,0,34,38,7,101,20,166,132,38,170,336
12/22/2022,ABE,PA,AEA,EN,Combined TRACON& Tower with Radar,40,12,10,0,62,0,3,0,0,3,40,15,10,0,65,0,0,0,65
12/23/2022,ABE,PA,AEA,EN,Combined TRACON& Tower with Radar,25,8,0,0,33,0,0,0,0,0,25,8,0,0,33,0,0,0,33
12/24/2022,ABE,PA,AEA,EN,Combined TRACON& Tower with Radar,18,16,3,0,37,0,2,0,0,2,18,18,3,0,39,0,0,0,39
12/25/2022,ABE,PA,AEA,EN,Combined TRACON& Tower with Radar,13,9,3,0,25,0,0,3,0,3,13,9,6,0,28,0,0,0,28
12/26/2022,ABE,PA,AEA,EN,Combined TRACON& Tower with Radar,17,17,54,0,88,0,2,32,0,34,17,19,86,0,122,58,0,58,180
12/27/2022,ABE,PA,AEA,EN,Combined TRACON& Tower with Radar,38,17,69,0,124,0,3,36,0,39,38,20,105,0,163,50,0,50,213
12/28/2022,ABE,PA,AEA,EN,Combined TRACON& Tower with Radar,39,15,84,5,143,0,2,51,1,54,39,17,135,6,197,186,8,194,391
12/29/2022,ABE,PA,AEA,EN,Combined TRACON& Tower with Radar,39,11,73,6,129,0,1,44,0,45,39,12,117,6,174,48,0,48,222
12/30/2022,ABE,PA,AEA,EN,Combined TRACON& Tower with Radar,37,23,79,0,139,0,1,43,0,44,37,24,122,0,183,242,0,242,425
12/31/2022,ABE,PA,AEA,EN,Combined TRACON& Tower with Radar,11,7,1,0,19,0,0,0,0,0,11,7,1,0,19,0,0,0,19
01/02/2023,ABE,PA,AEA,EN,Combined TRACON& Tower with Radar,30,17,57,0,104,0,0,17,0,17,30,17,74,0,121,117,0,117,238
01/03/2023,ABE,PA,AEA,EN,Combined TRACON& Tower with Radar,35,14,19,0,68,0,0,0,0,0,35,14,19,0,68,0,0,0,68
01/04/2023,ABE,PA,AEA,EN,Combined TRACON& Tower with Radar,37,18,45,0,100,0,0,4,0,4,37,18,49,0,104,0,0,0,104
01/05/2023,ABE,PA,AEA,EN,Combined TRACON& Tower with Radar,39,23,85,13,160,0,2,38,1,41,39,25,123,14,201,164,24,188,389
01/06/2023,ABE,PA,AEA,EN,Combined TRACON& Tower with Radar,34,15,33,0,82,0,1,6,0,7,34,16,39,0,89,124,0,124,213
01/07/2023,ABE,PA,AEA,EN,Combined TRACON& Tower with Radar,28,11,81,0,120,0,0,24,0,24,28,11,105,0,144,93,0,93,237
01/08/2023,ABE,PA,AEA,EN,Combined TRACON& Tower with Radar,30,10,80,7,127,0,0,33,0,33,30,10,113,7,160,58,0,58,218
01/09/2023,ABE,PA,AEA,EN,Combined TRACON& Tower with Radar,36,15,60,4,115,0,6,26,0,32,36,21,86,4,147,80,10,90,237
01/10/2023,ABE,PA,AEA,EN,Combined TRACON& Tower with Radar,32,10,61,3,106,0,1,21,2,24,32,11,82,5,130,48,0,48,178
01/11/2023,ABE,PA,AEA,EN,Combined TRACON& Tower with Radar,45,20,65,9,139,0,0,32,0,32,45,20,97,9,171,32,0,32,203
01/12/2023,ABE,PA,AEA,EN,Combined TRACON& Tower with Radar,37,10,17,0,64,0,0,0,0,0,37,10,17,0,64,0,0,0,64
01/13/2023,ABE,PA,AEA,EN,Combined TRACON& Tower with Radar,38,13,40,0,91,0,0,2,0,2,38,13,42,0,93,0,0,0,93
01/14/2023,ABE,PA,AEA,EN,Combined TRACON& Tower with Radar,29,9,41,0,79,0,1,14,0,15,29,10,55,0,94,14,0,14,108
01/15/2023,ABE,PA,AEA,EN,Combined TRACON& Tower with Radar,30,9,50,0,89,0,4,23,0,27,30,13,73,0,116,28,0,28,144
01/16/2023,ABE,PA,AEA,EN,Combined TRACON& Tower with Radar,38,11,103,0,152,0,5,45,0,50,38,16,148,0,202,184,0,184,386
01/17/2023,ABE,PA,AEA,EN,Combined TRACON& Tower with Radar,32,10,32,14,88,0,1,11,0,12,32,11,43,14,100,78,34,112,212
01/18/2023,ABE,PA,AEA,EN,Combined TRACON& Tower with Radar,40,13,41,7,101,0,0,27,1,28,40,13,68,8,129,112,0,112,241
01/19/2023,ABE,PA,AEA,EN,Combined TRACON& Tower with Radar,34,8,22,0,64,0,0,0,0,0,34,8,22,0,64,0,0,0,64
01/20/2023,ABE,PA,AEA,EN,Combined TRACON& Tower with Radar,34,14,48,0,96,0,2,15,0,17,34,16,63,0,113,32,0,32,145
01/21/2023,ABE,PA,AEA,EN,Combined TRACON& Tower with Radar,28,10,73,0,111,0,1,21,0,22,28,11,94,0,133,44,0,44,177
01/22/2023,ABE,PA,AEA,EN,Combined TRACON& Tower with Radar,33,10,36,0,79,0,0,10,0,10,33,10,46,0,89,90,0,90,179
01/23/2023,ABE,PA,AEA,EN,Combined TRACON& Tower with Radar,38,9,10,0,57,0,0,0,0,0,38,9,10,0,57,0,0,0,57
01/24/2023,ABE,PA,AEA,EN,Combined TRACON& Tower with Radar,28,18,74,10,130,0,1,21,0,22,28,19,95,10,152,104,36,140,292
01/25/2023,ABE,PA,AEA,EN,Combined TRACON& Tower with Radar,37,15,6,0,58,0,0,1,0,1,37,15,7,0,59,8,0,8,67
01/26/2023,ABE,PA,AEA,EN,Combined TRACON& Tower with Radar,36,24,31,2,93,0,0,12,0,12,36,24,43,2,105,6,0,6,111
01/27/2023,ABE,PA,AEA,EN,Combined TRACON& Tower with Radar,36,7,100,1,144,0,0,61,0,61,36,7,161,1,205,129,0,129,334
01/28/2023,ABE,PA,AEA,EN,Combined TRACON& Tower with Radar,28,5,74,3,110,0,0,41,1,42,28,5,115,4,152,85,0,85,237
01/29/2023,ABE,PA,AEA,EN,Combined TRACON& Tower with Radar,32,7,62,0,101,0,2,25,0,27,32,9,87,0,128,106,0,106,234
01/30/2023,ABE,PA,AEA,EN,Combined TRACON& Tower with Radar,34,12,88,12,146,0,0,20,0,20,34,12,108,12,166,136,0,136,302
01/31/2023,ABE,PA,AEA,EN,Combined TRACON& Tower with Radar,30,6,53,25,114,0,1,21,3,25,30,7,74,28,139,220,54,274,413
02/01/2023,ABE,PA,AEA,EN,Combined TRACON& Tower with Radar,30,17,93,8,148,0,0,37,0,37,30,17,130,8,185,160,4,164,349
02/02/2023,ABE,PA,AEA,EN,Combined TRACON& Tower with Radar,30,28,86,0,144,0,0,40,0,40,30,28,126,0,184,152,0,152,336
02/03/2023,ABE,PA,AEA,EN,Combined TRACON& Tower with Radar,37,22,10,0,69,0,2,3,0,5,37,24,13,0,74,8,0,8,82
02/04/2023,ABE,PA,AEA,EN,Combined TRACON& Tower with Radar,26,13,65,0,104,0,0,29,0,29,26,13,94,0,133,142,0,142,275
02/05/2023,ABE,PA,AEA,EN,Combined TRACON& Tower with Radar,28,25,59,0,112,0,1,24,0,25,28,26,83,0,137,84,0,84,221
02/06/2023,ABE,PA,AEA,EN,Combined TRACON& Tower with Radar,38,20,40,0,98,0,4,19,1,24,38,24,59,1,122,146,0,146,268
02/07/2023,ABE,PA,AEA,EN,Combined TRACON& Tower with Radar,31,23,77,7,138,0,3,38,5,46,31,26,115,12,184,129,0,129,313
02/08/2023,ABE,PA,AEA,EN,Combined TRACON& Tower with Radar,33,21,108,0,162,0,2,36,1,39,33,23,144,1,201,126,0,126,327
02/09/2023,ABE,PA,AEA,EN,Combined TRACON& Tower with Radar,37,17,38,7,99,0,3,12,6,21,37,20,50,13,120,175,20,195,315
02/10/2023,ABE,PA,AEA,EN,Combined TRACON& Tower with Radar,36,15,33,0,84,0,3,11,0,14,36,18,44,0,98,20,0,20,118
02/11/2023,ABE,PA,AEA,EN,Combined TRACON& Tower with Radar,24,9,76,0,109,0,1,36,0,37,24,10,112,0,146,105,0,105,251
02/12/2023,ABE,PA,AEA,EN,Combined TRACON& Tower with Radar,28,10,67,0,105,0,0,36,0,36,28,10,103,0,141,105,0,105,246
02/13/2023,ABE,PA,AEA,EN,Combined TRACON& Tower with Radar,32,12,43,0,87,0,8,31,0,39,32,20,74,0,126,156,0,156,282
02/14/2023,ABE,PA,AEA,EN,Combined TRACON& Tower with Radar,29,13,57,1,100,0,1,33,0,34,29,14,90,1,134,174,0,174,308
02/15/2023,ABE,PA,AEA,EN,Combined TRACON& Tower with Radar,34,14,53,6,107,0,0,28,2,30,34,14,81,8,137,79,24,103,240
02/16/2023,ABE,PA,AEA,EN,Combined TRACON& Tower with Radar,37,17,55,6,115,0,0,13,0,13,37,17,68,6,128,94,10,104,232
02/17/2023,ABE,PA,AEA,EN,Combined TRACON& Tower with Radar,37,14,10,0,61,0,0,0,0,0,37,14,10,0,61,0,0,0,61
02/18/2023,ABE,PA,AEA,EN,Combined TRACON& Tower with Radar,26,14,74,0,114,0,0,50,0,50,26,14,124,0,164,90,0,90,254
02/19/2023,ABE,PA,AEA,EN,Combined TRACON& Tower with Radar,34,14,63,0,111,0,1,31,0,32,34,15,94,0,143,202,0,202,345
02/20/2023,ABE,PA,AEA,EN,Combined TRACON& Tower with Radar,34,16,60,0,110,0,0,31,0,31,34,16,91,0,141,216,0,216,357
02/21/2023,ABE,PA,AEA,EN,Combined TRACON& Tower with Radar,34,15,15,0,64,0,2,1,0,3,34,17,16,0,67,0,0,0,67
02/22/2023,ABE,PA,AEA,EN,Combined TRACON& Tower with Radar,32,18,31,0,81,0,0,12,0,12,32,18,43,0,93,18,0,18,111
02/23/2023,ABE,PA,AEA,EN,Combined TRACON& Tower with Radar,41,23,56,0,120,0,0,17,0,17,41,23,73,0,137,23,0,23,160
02/24/2023,ABE,PA,AEA,EN,Combined TRACON& Tower with Radar,37,16,38,0,91,0,0,7,0,7,37,16,45,0,98,8,0,8,106
02/25/2023,ABE,PA,AEA,EN,Combined TRACON& Tower with Radar,27,18,65,0,110,0,0,20,0,20,27,18,85,0,130,150,0,150,280
02/26/2023,ABE,PA,AEA,EN,Combined TRACON& Tower with Radar,36,14,51,0,101,0,3,9,1,13,36,17,60,1,114,24,0,24,138
02/27/2023,ABE,PA,AEA,EN,Combined TRACON& Tower with Radar,31,12,79,1,123,0,0,21,0,21,31,12,100,1,144,89,0,89,233
02/28/2023,ABE,PA,AEA,EN,Combined TRACON& Tower with Radar,30,22,16,0,68,0,0,3,0,3,30,22,19,0,71,32,0,32,103
03/01/2023,ABE,PA,AEA,EN,Combined TRACON& Tower with Radar,34,13,102,2,151,0,2,54,0,56,34,15,156,2,207,252,0,252,459
03/02/2023,ABE,PA,AEA,EN,Combined TRACON& Tower with Radar,41,15,31,0,87,0,3,13,0,16,41,18,44,0,103,97,0,97,200
03/03/2023,ABE,PA,AEA,EN,Combined TRACON& Tower with Radar,36,19,53,2,110,0,0,20,0,20,36,19,73,2,130,20,0,20,150
03/04/2023,ABE,PA,AEA,EN,Combined TRACON& Tower with Radar,29,8,31,1,69,0,3,12,2,17,29,11,43,3,86,12,0,12,98
03/05/2023,ABE,PA,AEA,EN,Combined TRACON& Tower with Radar,35,12,78,0,125,0,4,33,0,37,35,16,111,0,162,209,0,209,371
03/06/2023,ABE,PA,AEA,EN,Combined TRACON& Tower with Radar,35,13,111,4,163,0,3,51,0,54,35,16,162,4,217,215,0,215,432
03/07/2023,ABE,PA,AEA,EN,Combined TRACON& Tower with Radar,30,16,40,0,86,0,0,10,1,11,30,16,50,1,97,10,0,10,107
03/08/2023,ABE,PA,AEA,EN,Combined TRACON& Tower with Radar,33,16,43,0,92,0,0,15,1,16,33,16,58,1,108,39,0,39,147
03/09/2023,ABE,PA,AEA,EN,Combined TRACON& Tower with Radar,39,15,90,0,144,0,0,47,0,47,39,15,137,0,191,207,0,207,398
03/10/2023,ABE,PA,AEA,EN,Combined TRACON& Tower with Radar,36,19,32,0,87,0,0,10,0,10,36,19,42,0,97,30,0,30,127
03/11/2023,ABE,PA,AEA,EN,Combined TRACON& Tower with Radar,29,16,5,1,51,0,0,3,0,3,29,16,8,1,54,0,0,0,54
03/12/2023,ABE,PA,AEA,EN,Combined TRACON& Tower with Radar,38,12,97,1,148,0,3,56,0,59,38,15,153,1,207,174,0,174,381
03/13/2023,ABE,PA,AEA,EN,Combined TRACON& Tower with Radar,31,11,7,0,49,0,0,0,0,0,31,11,7,0,49,0,0,0,49
03/14/2023,ABE,PA,AEA,EN,Combined TRACON& Tower with Radar,33,16,9,1,59,0,0,0,0,0,33,16,9,1,59,0,0,0,59
03/15/2023,ABE,PA,AEA,EN,Combined TRACON& Tower with Radar,31,14,17,0,62,0,0,9,0,9,31,14,26,0,71,7,0,7,78
03/16/2023,ABE,PA,AEA,EN,Combined TRACON& Tower with Radar,38,16,83,1,138,0,1,51,0,52,38,17,134,1,190,198,0,198,388
03/17/2023,ABE,PA,AEA,EN,Combined TRACON& Tower with Radar,35,18,72,0,125,0,1,27,0,28,35,19,99,0,153,198,0,198,351
03/18/2023,ABE,PA,AEA,EN,Combined TRACON& Tower with Radar,31,15,82,0,128,0,1,31,0,32,31,16,113,0,160,224,0,224,384
03/19/2023,ABE,PA,AEA,EN,Combined TRACON& Tower with Radar,33,14,29,0,76,0,1,11,0,12,33,15,40,0,88,18,0,18,106
03/20/2023,ABE,PA,AEA,EN,Combined TRACON& Tower with Radar,33,11,93,0,137,0,0,40,0,40,33,11,133,0,177,128,0,128,305
03/21/2023,ABE,PA,AEA,EN,Combined TRACON& Tower with Radar,31,16,101,1,149,0,0,46,1,47,31,16,147,2,196,148,0,148,344
03/22/2023,ABE,PA,AEA,EN,Combined TRACON& Tower with Radar,35,12,95,10,152,0,1,44,0,45,35,13,139,10,197,142,0,142,339
03/23/2023,ABE,PA,AEA,EN,Combined TRACON& Tower with Radar,38,15,29,0,82,0,0,1,0,1,38,15,30,0,83,28,0,28,111
03/24/2023,ABE,PA,AEA,EN,Combined TRACON& Tower with Radar,34,26,85,0,145,0,0,27,0,27,34,26,112,0,172,286,0,286,458
03/25/2023,ABE,PA,AEA,EN,Combined TRACON& Tower with Radar,30,17,12,0,59,0,0,0,0,0,30,17,12,0,59,0,0,0,59
03/26/2023,ABE,PA,AEA,EN,Combined TRACON& Tower with Radar,35,10,79,0,124,0,2,27,0,29,35,12,106,0,153,66,0,66,219
03/27/2023,ABE,PA,AEA,EN,Combined TRACON& Tower with Radar,40,11,58,0,109,0,4,26,0,30,40,15,84,0,139,110,0,110,249
03/28/2023,ABE,PA,AEA,EN,Combined TRACON& Tower with Radar,30,15,50,0,95,0,0,13,0,13,30,15,63,0,108,77,0,77,185
03/29/2023,ABE,PA,AEA,EN,Combined TRACON& Tower with Radar,29,18,69,0,116,0,1,39,0,40,29,19,108,0,156,82,0,82,238
03/30/2023,ABE,PA,AEA,EN,Combined TRACON& Tower with Radar,38,19,85,0,142,0,1,36,0,37,38,20,121,0,179,78,0,78,257
03/31/2023,ABE,PA,AEA,EN,Combined TRACON& Tower with Radar,35,17,42,0,94,0,1,11,0,12,35,18,53,0,106,174,0,174,280
04/01/2023,ABE,PA,AEA,EN,Combined TRACON& Tower with Radar,31,13,14,0,58,0,0,1,0,1,31,13,15,0,59,0,0,0,59
04/02/2023,ABE,PA,AEA,EN,Combined TRACON& Tower with Radar,30,21,34,0,85,0,0,15,0,15,30,21,49,0,100,64,0,64,164
04/03/2023,ABE,PA,AEA,EN,Combined TRACON& Tower with Radar,31,21,66,0,118,0,3,32,1,36,31,24,98,1,154,48,0,48,202
04/04/2023,ABE,PA,AEA,EN,Combined TRACON& Tower with Radar,32,13,97,4,146,0,7,40,1,48,32,20,137,5,194,49,0,49,243
04/05/2023,ABE,PA,AEA,EN,Combined TRACON& Tower with Radar,31,13,51,0,95,0,0,0,0,0,31,13,51,0,95,0,0,0,95
04/06/2023,ABE,PA,AEA,EN,Combined TRACON& Tower with Radar,39,13,42,1,95,0,0,14,0,14,39,13,56,1,109,138,0,138,247
04/07/2023,ABE,PA,AEA,EN,Combined TRACON& Tower with Radar,36,24,60,4,124,0,1,30,2,33,36,25,90,6,157,54,0,54,211
04/08/2023,ABE,PA,AEA,EN,Combined TRACON& Tower with Radar,30,22,67,0,119,0,2,46,0,48,30,24,113,0,167,142,0,142,309
04/09/2023,ABE,PA,AEA,EN,Combined TRACON& Tower with Radar,33,15,42,0,90,0,2,19,0,21,33,17,61,0,111,71,0,71,182
04/10/2023,ABE,PA,AEA,EN,Combined TRACON& Tower with Radar,34,15,65,0,114,0,1,41,1,43,34,16,106,1,157,178,0,178,335
04/11/2023,ABE,PA,AEA,EN,Combined TRACON& Tower with Radar,30,19,69,1,119,0,3,37,0,40,30,22,106,1,159,125,0,125,284
04/12/2023,ABE,PA,AEA,EN,Combined TRACON& Tower with Radar,32,15,47,0,94,0,0,32,0,32,32,15,79,0,126,55,0,55,181
04/13/2023,ABE,PA,AEA,EN,Combined TRACON& Tower with Radar,38,15,90,18,161,0,7,50,0,57,38,22,140,18,218,180,12,192,410
04/14/2023,ABE,PA,AEA,EN,Combined TRACON& Tower with Radar,34,26,84,0,144,0,1,39,0,40,34,27,123,0,184,162,0,162,346
04/15/2023,ABE,PA,AEA,EN,Combined TRACON& Tower with Radar,30,11,18,0,59,0,1,0,0,1,30,12,18,0,60,0,0,0,60
04/16/2023,ABE,PA,AEA,EN,Combined TRACON& Tower with Radar,35,19,59,0,113,0,0,3,0,3,35,19,62,0,116,20,0,20,136
04/17/2023,ABE,PA,AEA,EN,Combined TRACON& Tower with Radar,36,20,54,7,117,0,0,17,0,17,36,20,71,7,134,143,0,143,277
04/18/2023,ABE,PA,AEA,EN,Combined TRACON& Tower with Radar,29,15,37,0,81,0,0,13,0,13,29,15,50,0,94,57,0,57,151
04/19/2023,ABE,PA,AEA,EN,Combined TRACON& Tower with Radar,29,13,72,0,114,0,2,29,0,31,29,15,101,0,145,115,0,115,260
04/20/2023,ABE,PA,AEA,EN,Combined TRACON& Tower with Radar,40,22,61,0,123,0,3,37,2,42,40,25,98,2,165,199,0,199,364
04/21/2023,ABE,PA,AEA,EN,Combined TRACON& Tower with Radar,35,21,83,2,141,0,4,35,0,39,35,25,118,2,180,133,0,133,313
04/22/2023,ABE,PA,AEA,EN,Combined TRACON& Tower with Radar,25,11,41,1,78,0,0,7,0,7,25,11,48,1,85,10,0,10,95
04/23/2023,ABE,PA,AEA,EN,Combined TRACON& Tower with Radar,35,17,84,0,136,0,0,28,0,28,35,17,112,0,164,113,0,113,277
04/24/2023,ABE,PA,AEA,EN,Combined TRACON& Tower with Radar,32,19,41,0,92,0,0,53,0,53,32,19,94,0,145,158,0,158,303
04/25/2023,ABE,PA,AEA,EN,Combined TRACON& Tower with Radar,27,25,41,2,95,0,0,60,0,60,27,25,101,2,155,151,0,151,306
04/26/2023,ABE,PA,AEA,EN,Combined TRACON& Tower with Radar,29,13,31,2,75,0,0,49,0,49,29,13,80,2,124,104,0,104,228
04/27/2023,ABE,PA,AEA,EN,Combined TRACON& Tower with Radar,35,17,72,0,124,0,4,32,0,36,35,21,104,0,160,54,0,54,214
04/28/2023,ABE,PA,AEA,EN,Combined TRACON& Tower with Radar,34,23,37,0,94,0,1,0,0,1,34,24,37,0,95,0,0,0,95
04/29/2023,ABE,PA,AEA,EN,Combined TRACON& Tower with Radar,24,16,24,0,64,0,0,0,0,0,24,16,24,0,64,0,0,0,64
04/30/2023,ABE,PA,AEA,EN,Combined TRACON& Tower with Radar,37,12,16,0,65,0,0,0,0,0,37,12,16,0,65,0,0,0,65
05/01/2023,ABE,PA,AEA,EN,Combined TRACON& Tower with Radar,33,12,17,0,62,0,2,41,0,43,33,14,58,0,105,31,0,31,136
05/02/2023,ABE,PA,AEA,EN,Combined TRACON& Tower with Radar,27,18,39,8,92,0,3,31,2,36,27,21,70,10,128,79,12,91,219
05/03/2023,ABE,PA,AEA,EN,Combined TRACON& Tower with Radar,28,14,39,0,81,0,1,20,0,21,28,15,59,0,102,161,0,161,263
05/04/2023,ABE,PA,AEA,EN,Combined TRACON& Tower with Radar,37,27,54,2,120,0,5,44,2,51,37,32,98,4,171,227,0,227,398
05/05/2023,ABE,PA,AEA,EN,Combined TRACON& Tower with Radar,33,15,53,0,101,0,4,72,0,76,33,19,125,0,177,248,0,248,425
05/06/2023,ABE,PA,AEA,EN,Combined TRACON& Tower with Radar,23,15,27,0,65,0,3,90,0,93,23,18,117,0,158,52,0,52,210
05/07/2023,ABE,PA,AEA,EN,Combined TRACON& Tower with Radar,31,16,31,0,78,0,10,61,2,73,31,26,92,2,151,90,4,94,245
05/08/2023,ABE,PA,AEA,EN,Combined TRACON& Tower with Radar,35,13,39,0,87,0,4,72,0,76,35,17,111,0,163,86,0,86,249
05/09/2023,ABE,PA,AEA,EN,Combined TRACON& Tower with Radar,23,21,42,0,86,0,8,69,1,78,23,29,111,1,164,93,0,93,257
05/10/2023,ABE,PA,AEA,EN,Combined TRACON& Tower with Radar,30,17,41,0,88,0,3,87,2,92,30,20,128,2,180,179,0,179,359
05/11/2023,ABE,PA,AEA,EN,Combined TRACON& Tower with Radar,36,11,35,0,82,0,5,80,0,85,36,16,115,0,167,111,0,111,278
05/12/2023,ABE,PA,AEA,EN,Combined TRACON& Tower with Radar,33,14,32,0,79,0,7,84,2,93,33,21,116,2,172,154,0,154,326
05/13/2023,ABE,PA,AEA,EN,Combined TRACON& Tower with Radar,23,7,38,0,68,0,1,59,0,60,23,8,97,0,128,18,0,18,146
05/14/2023,ABE,PA,AEA,EN,Combined TRACON& Tower with Radar,32,19,24,0,75,0,1,55,0,56,32,20,79,0,131,98,0,98,229
05/15/2023,ABE,PA,AEA,EN,Combined TRACON& Tower with Radar,33,17,40,0,90,0,4,62,0,66,33,21,102,0,156,162,0,162,318
05/16/2023,ABE,PA,AEA,EN,Combined TRACON& Tower with Radar,23,16,32,2,73,0,5,80,2,87,23,21,112,4,160,77,0,77,237
05/17/2023,ABE,PA,AEA,EN,Combined TRACON& Tower with Radar,29,15,29,0,73,0,6,50,0,56,29,21,79,0,129,78,0,78,207
05/18/2023,ABE,PA,AEA,EN,Combined TRACON& Tower with Radar,34,11,44,0,89,0,4,107,1,112,34,15,151,1,201,147,0,147,348
05/19/2023,ABE,PA,AEA,EN,Combined TRACON& Tower with Radar,35,25,45,0,105,0,1,66,0,67,35,26,111,0,172,170,0,170,342
05/20/2023,ABE,PA,AEA,EN,Combined TRACON& Tower with Radar,24,22,33,0,79,0,0,0,0,0,24,22,33,0,79,6,0,6,85
05/21/2023,ABE,PA,AEA,EN,Combined TRACON& Tower with Radar,33,19,35,0,87,0,16,37,2,55,33,35,72,2,142,6,0,6,148
05/22/2023,ABE,PA,AEA,EN,Combined TRACON& Tower with Radar,34,14,32,8,88,0,8,75,2,85,34,22,107,10,173,91,0,91,264
05/23/2023,ABE,PA,AEA,EN,Combined TRACON& Tower with Radar,28,14,37,3,82,0,7,80,2,89,28,21,117,5,171,139,0,139,310
05/24/2023,ABE,PA,AEA,EN,Combined TRACON& Tower with Radar,28,21,38,0,87,0,6,65,2,73,28,27,103,2,160,150,0,150,310
05/25/2023,ABE,PA,AEA,EN,Combined TRACON& Tower with Radar,36,9,26,0,71,0,1,88,3,92,36,10,114,3,163,99,0,99,262
05/26/2023,ABE,PA,AEA,EN,Combined TRACON& Tower with Radar,34,13,31,0,78,0,11,110,1,122,34,24,141,1,200,151,0,151,351
05/27/2023,ABE,PA,AEA,EN,Combined TRACON& Tower with Radar,27,11,32,0,70,0,9,74,0,83,27,20,106,0,153,126,0,126,279
05/28/2023,ABE,PA,AEA,EN,Combined TRACON& Tower with Radar,31,9,16,0,56,0,5,53,0,58,31,14,69,0,114,54,0,54,168
05/29/2023,ABE,PA,AEA,EN,Combined TRACON& Tower with Radar,30,10,21,0,61,0,5,54,0,59,30,15,75,0,120,62,0,62,182
05/30/2023,ABE,PA,AEA,EN,Combined TRACON& Tower with Radar,26,12,19,2,59,0,3,69,1,73,26,15,88,3,132,57,0,57,189
05/31/2023,ABE,PA,AEA,EN,Combined TRACON& Tower with Radar,30,14,40,2,86,0,9,95,0,104,30,23,135,2,190,224,0,224,414
06/01/2023,ABE,PA,AEA,EN,Combined TRACON& Tower with Radar,38,11,31,0,80,0,4,91,0,95,38,15,122,0,175,263,0,263,438
06/02/2023,ABE,PA,AEA,EN,Combined TRACON& Tower with Radar,32,18,20,0,70,0,2,66,2,70,32,20,86,2,140,72,0,72,212
06/03/2023,ABE,PA,AEA,EN,Combined TRACON& Tower with Radar,26,16,58,0,100,0,0,10,0,10,26,16,68,0,110,0,0,0,110
06/04/2023,ABE,PA,AEA,EN,Combined TRACON& Tower with Radar,34,16,40,0,90,0,7,64,2,73,34,23,104,2,163,33,0,33,196
06/05/2023,ABE,PA,AEA,EN,Combined TRACON& Tower with Radar,33,22,35,1,91,0,8,75,1,84,33,30,110,2,175,101,0,101,276
06/06/2023,ABE,PA,AEA,EN,Combined TRACON& Tower with Radar,25,18,40,0,83,0,0,35,0,35,25,18,75,0,118,37,0,37,155
06/07/2023,ABE,PA,AEA,EN,Combined TRACON& Tower with Radar,30,21,43,0,94,0,0,3,0,3,30,21,46,0,97,0,0,0,97
06/08/2023,ABE,PA,AEA,EN,Combined TRACON& Tower with Radar,35,21,33,0,89,0,0,8,0,8,35,21,41,0,97,0,0,0,97
06/09/2023,ABE,PA,AEA,EN,Combined TRACON& Tower with Radar,32,21,46,0,99,0,0,45,0,45,32,21,91,0,144,26,0,26,170
06/10/2023,ABE,PA,AEA,EN,Combined TRACON& Tower with Radar,24,20,23,0,67,0,5,49,0,54,24,25,72,0,121,14,0,14,135
06/11/2023,ABE,PA,AEA,EN,Combined TRACON& Tower with Radar,34,12,41,0,87,0,7,51,0,58,34,19,92,0,145,136,0,136,281
06/12/2023,ABE,PA,AEA,EN,Combined TRACON& Tower with Radar,33,10,44,4,91,0,0,5,0,5,33,10,49,4,96,0,0,0,96
06/13/2023,ABE,PA,AEA,EN,Combined TRACON& Tower with Radar,28,9,40,8,85,1,3,83,9,96,29,12,123,17,181,140,0,140,321
06/14/2023,ABE,PA,AEA,EN,Combined TRACON& Tower with Radar,33,14,25,0,72,0,0,15,0,15,33,14,40,0,87,11,0,11,98
06/15/2023,ABE,PA,AEA,EN,Combined TRACON& Tower with Radar,38,27,39,0,104,0,6,76,0,82,38,33,115,0,186,275,0,275,461
06/16/2023,ABE,PA,AEA,EN,Combined TRACON& Tower with Radar,37,12,28,0,77,0,2,26,0,28,37,14,54,0,105,122,0,122,227
06/17/2023,ABE,PA,AEA,EN,Combined TRACON& Tower with Radar,29,15,26,0,70,0,2,33,1,36,29,17,59,1,106,72,0,72,178
06/18/2023,ABE,PA,AEA,EN,Combined TRACON& Tower with Radar,34,7,34,0,75,0,7,71,0,78,34,14,105,0,153,124,0,124,277
06/19/2023,ABE,PA,AEA,EN,Combined TRACON& Tower with Radar,32,12,49,0,93,0,5,97,0,102,32,17,146,0,195,145,0,145,340
06/20/2023,ABE,PA,AEA,EN,Combined TRACON& Tower with Radar,26,21,66,2,115,0,1,48,4,53,26,22,114,6,168,144,18,162,330
06/21/2023,ABE,PA,AEA,EN,Combined TRACON& Tower with Radar,31,18,42,8,99,0,4,88,2,94,31,22,130,10,193,132,32,164,357
06/22/2023,ABE,PA,AEA,EN,Combined TRACON& Tower with Radar,41,9,46,0,96,0,1,2,0,3,41,10,48,0,99,61,0,61,160
06/23/2023,ABE,PA,AEA,EN,Combined TRACON& Tower with Radar,36,16,43,0,95,0,0,0,0,0,36,16,43,0,95,0,0,0,95
06/24/2023,ABE,PA,AEA,EN,Combined TRACON& Tower with Radar,32,9,26,0,67,0,1,1,0,2,32,10,27,0,69,7,0,7,76
06/25/2023,ABE,PA,AEA,EN,Combined TRACON& Tower with Radar,37,12,23,0,72,0,6,31,0,37,37,18,54,0,109,78,0,78,187
06/26/2023,ABE,PA,AEA,EN,Combined TRACON& Tower with Radar,35,10,19,1,65,0,2,0,0,2,35,12,19,1,67,0,0,0,67
06/27/2023,ABE,PA,AEA,EN,Combined TRACON& Tower with Radar,28,20,36,0,84,0,0,3,0,3,28,20,39,0,87,0,0,0,87
06/28/2023,ABE,PA,AEA,EN,Combined TRACON& Tower with Radar,33,22,74,6,135,0,4,16,0,20,33,26,90,6,155,139,10,149,304
06/29/2023,ABE,PA,AEA,EN,Combined TRACON& Tower with Radar,38,23,73,2,136,0,0,1,0,1,38,23,74,2,137,10,0,10,147
06/30/2023,ABE,PA,AEA,EN,Combined TRACON& Tower with Radar,41,24,38,2,105,0,0,6,0,6,41,24,44,2,111,2,0,2,113
07/01/2023,ABE,PA,AEA,EN,Combined TRACON& Tower with Radar,29,11,16,0,56,0,2,21,0,23,29,13,37,0,79,12,0,12,91
07/02/2023,ABE,PA,AEA,EN,Combined TRACON& Tower with Radar,33,8,21,0,62,0,0,8,0,8,33,8,29,0,70,21,0,21,91
07/03/2023,ABE,PA,AEA,EN,Combined TRACON& Tower with Radar,33,10,35,0,78,0,7,65,0,72,33,17,100,0,150,86,0,86,236
07/04/2023,ABE,PA,AEA,EN,Combined TRACON& Tower with Radar,12,11,41,0,64,0,0,23,1,24,12,11,64,1,88,81,0,81,169
07/05/2023,ABE,PA,AEA,EN,Combined TRACON& Tower with Radar,25,16,41,0,82,0,7,93,0,100,25,23,134,0,182,88,0,88,270
07/06/2023,ABE,PA,AEA,EN,Combined TRACON& Tower with Radar,38,21,41,0,100,0,10,47,0,57,38,31,88,0,157,89,0,89,246
07/07/2023,ABE,PA,AEA,EN,Combined TRACON& Tower with Radar,36,13,59,0,108,0,3,15,0,18,36,16,74,0,126,54,0,54,180
07/08/2023,ABE,PA,AEA,EN,Combined TRACON& Tower with Radar,31,15,45,6,97,0,4,34,0,38,31,19,79,6,135,42,0,42,177
07/09/2023,ABE,PA,AEA,EN,Combined TRACON& Tower with Radar,37,9,10,0,56,0,0,1,0,1,37,9,11,0,57,0,0,0,57
07/10/2023,ABE,PA,AEA,EN,Combined TRACON& Tower with Radar,35,16,35,0,86,0,7,47,0,54,35,23,82,0,140,153,0,153,293
07/11/2023,ABE,PA,AEA,EN,Combined TRACON& Tower with Radar,29,17,60,0,106,0,6,115,0,121,29,23,175,0,227,136,0,136,363
07/12/2023,ABE,PA,AEA,EN,Combined TRACON& Tower with Radar,36,18,28,2,84,0,10,86,0,96,36,28,114,2,180,126,0,126,306
07/13/2023,ABE,PA,AEA,EN,Combined TRACON& Tower with Radar,40,23,27,0,90,0,6,80,0,86,40,29,107,0,176,109,0,109,285
07/14/2023,ABE,PA,AEA,EN,Combined TRACON& Tower with Radar,36,27,31,0,94,0,7,24,0,31,36,34,55,0,125,115,0,115,240
07/15/2023,ABE,PA,AEA,EN,Combined TRACON& Tower with Radar,38,18,50,0,106,0,2,25,0,27,38,20,75,0,133,103,0,103,236
07/16/2023,ABE,PA,AEA,EN,Combined TRACON& Tower with Radar,34,25,22,0,81,0,0,2,0,2,34,25,24,0,83,0,0,0,83
07/17/2023,ABE,PA,AEA,EN,Combined TRACON& Tower with Radar,39,21,45,12,117,0,5,50,0,55,39,26,95,12,172,80,0,80,252
07/18/2023,ABE,PA,AEA,EN,Combined TRACON& Tower with Radar,37,14,50,0,101,0,6,71,0,77,37,20,121,0,178,178,0,178,356
07/19/2023,ABE,PA,AEA,EN,Combined TRACON& Tower with Radar,34,30,36,0,100,0,1,33,0,34,34,31,69,0,134,96,0,96,230
07/20/2023,ABE,PA,AEA,EN,Combined TRACON& Tower with Radar,40,32,59,0,131,0,8,80,2,90,40,40,139,2,221,255,0,255,476
07/21/2023,ABE,PA,AEA,EN,Combined TRACON& Tower with Radar,38,33,40,2,113,0,2,37,0,39,38,35,77,2,152,146,0,146,298
07/22/2023,ABE,PA,AEA,EN,Combined TRACON& Tower with Radar,34,27,36,0,97,0,5,73,0,78,34,32,109,0,175,115,0,115,290
07/23/2023,ABE,PA,AEA,EN,Combined TRACON& Tower with Radar,34,32,36,0,102,0,7,65,0,72,34,39,101,0,174,37,0,37,211
07/24/2023,ABE,PA,AEA,EN,Combined TRACON& Tower with Radar,39,15,24,0,78,0,2,39,0,41,39,17,63,0,119,20,0,20,139
07/25/2023,ABE,PA,AEA,EN,Combined TRACON& Tower with Radar,32,26,46,0,104,0,7,21,0,28,32,33,67,0,132,0,0,0,132
07/26/2023,ABE,PA,AEA,EN,Combined TRACON& Tower with Radar,36,14,43,0,93,0,13,93,0,106,36,27,136,0,199,75,0,75,274
07/27/2023,ABE,PA,AEA,EN,Combined TRACON& Tower with Radar,42,19,46,0,107,0,3,33,0,36,42,22,79,0,143,31,0,31,174
07/28/2023,ABE,PA,AEA,EN,Combined TRACON& Tower with Radar,35,23,36,1,95,0,9,57,1,67,35,32,93,2,162,138,0,138,300
07/29/2023,ABE,PA,AEA,EN,Combined TRACON& Tower with Radar,36,16,36,0,88,0,1,13,0,14,36,17,49,0,102,30,0,30,132
07/30/2023,ABE,PA,AEA,EN,Combined TRACON& Tower with Radar,36,19,38,0,93,0,7,84,0,91,36,26,122,0,184,34,0,34,218
07/31/2023,ABE,PA,AEA,EN,Combined TRACON& Tower with Radar,35,26,35,1,97,0,2,86,1,89,35,28,121,2,186,49,0,49,235
08/01/2023,ABE,PA,AEA,EN,Combined TRACON& Tower with Radar,25,13,44,4,86,0,4,79,0,83,25,17,123,4,169,56,0,56,225
08/02/2023,ABE,PA,AEA,EN,Combined TRACON& Tower with Radar,34,21,39,12,106,0,8,102,0,110,34,29,141,12,216,152,28,180,396
08/03/2023,ABE,PA,AEA,EN,Combined TRACON& Tower with Radar,38,17,29,0,84,0,7,64,1,72,38,24,93,1,156,187,0,187,343
08/04/2023,ABE,PA,AEA,EN,Combined TRACON& Tower with Radar,35,22,71,0,128,0,2,10,0,12,35,24,81,0,140,56,0,56,196
08/05/2023,ABE,PA,AEA,EN,Combined TRACON& Tower with Radar,30,10,54,0,94,0,15,79,0,94,30,25,133,0,188,86,0,86,274
08/06/2023,ABE,PA,AEA,EN,Combined TRACON& Tower with Radar,29,17,26,0,72,0,4,82,0,86,29,21,108,0,158,182,0,182,340
08/07/2023,ABE,PA,AEA,EN,Combined TRACON& Tower with Radar,29,14,36,0,79,0,0,0,0,0,29,14,36,0,79,7,0,7,86
08/08/2023,ABE,PA,AEA,EN,Combined TRACON& Tower with Radar,28,11,33,0,72,0,1,34,2,37,28,12,67,2,109,40,0,40,149
08/09/2023,ABE,PA,AEA,EN,Combined TRACON& Tower with Radar,32,8,52,0,92,0,12,90,0,102,32,20,142,0,194,69,0,69,263
08/10/2023,ABE,PA,AEA,EN,Combined TRACON& Tower with Radar,36,16,38,0,90,0,0,16,2,18,36,16,54,2,108,28,0,28,136
08/11/2023,ABE,PA,AEA,EN,Combined TRACON& Tower with Radar,32,12,32,2,78,0,2,97,0,99,32,14,129,2,177,118,0,118,295
08/12/2023,ABE,PA,AEA,EN,Combined TRACON& Tower with Radar,30,10,14,0,54,0,5,35,1,41,30,15,49,1,95,57,0,57,152
08/13/2023,ABE,PA,AEA,EN,Combined TRACON& Tower with Radar,33,10,31,0,74,0,6,49,0,55,33,16,80,0,129,47,0,47,176
08/14/2023,ABE,PA,AEA,EN,Combined TRACON& Tower with Radar,33,16,43,0,92,0,7,53,0,60,33,23,96,0,152,78,0,78,230
08/15/2023,ABE,PA,AEA,EN,Combined TRACON& Tower with Radar,29,19,51,0,99,0,1,11,0,12,29,20,62,0,111,71,0,71,182
08/16/2023,ABE,PA,AEA,EN,Combined TRACON& Tower with Radar,35,13,52,1,101,0,4,49,0,53,35,17,101,1,154,104,0,104,258
08/17/2023,ABE,PA,AEA,EN,Combined TRACON& Tower with Radar,36,14,40,0,90,0,2,41,2,45,36,16,81,2,135,90,0,90,225
08/18/2023,ABE,PA,AEA,EN,Combined TRACON& Tower with Radar,37,6,28,0,71,0,3,75,0,78,37,9,103,0,149,34,0,34,183
08/19/2023,ABE,PA,AEA,EN,Combined TRACON& Tower with Radar,31,14,32,0,77,0,1,79,0,80,31,15,111,0,157,72,0,72,229
08/20/2023,ABE,PA,AEA,EN,Combined TRACON& Tower with Radar,31,19,30,0,80,0,1,81,0,82,31,20,111,0,162,58,0,58,220
08/21/2023,ABE,PA,AEA,EN,Combined TRACON& Tower with Radar,34,12,34,2,82,0,8,69,2,79,34,20,103,4,161,78,0,78,239
08/22/2023,ABE,PA,AEA,EN,Combined TRACON& Tower with Radar,28,11,52,0,91,0,11,98,0,109,28,22,150,0,200,120,0,120,320
08/23/2023,ABE,PA,AEA,EN,Combined TRACON& Tower with Radar,33,19,35,0,87,0,9,99,1,109,33,28,134,1,196,91,0,91,287
08/24/2023,ABE,PA,AEA,EN,Combined TRACON& Tower with Radar,37,12,44,8,101,0,0,13,2,15,37,12,57,10,116,14,0,14,130
08/25/2023,ABE,PA,AEA,EN,Combined TRACON& Tower with Radar,35,11,39,0,85,0,2,5,2,9,35,13,44,2,94,9,0,9,103
08/26/2023,ABE,PA,AEA,EN,Combined TRACON& Tower with Radar,31,12,55,0,98,0,1,57,0,58,31,13,112,0,156,214,0,214,370
08/27/2023,ABE,PA,AEA,EN,Combined TRACON& Tower with Radar,31,11,24,0,66,0,16,64,0,80,31,27,88,0,146,27,0,27,173
08/28/2023,ABE,PA,AEA,EN,Combined TRACON& Tower with Radar,34,14,69,6,123,0,1,31,5,37,34,15,100,11,160,68,14,82,242
08/29/2023,ABE,PA,AEA,EN,Combined TRACON& Tower with Radar,27,14,46,0,87,0,0,7,0,7,27,14,53,0,94,32,0,32,126
08/30/2023,ABE,PA,AEA,EN,Combined TRACON& Tower with Radar,26,8,36,2,72,0,4,58,0,62,26,12,94,2,134,138,0,138,272
08/31/2023,ABE,PA,AEA,EN,Combined TRACON& Tower with Radar,37,12,31,0,80,0,3,86,0,89,37,15,117,0,169,114,0,114,283
